,ABEO,ACHC,AGNCN,AKAM,AKRO,ALRM,AMAT,AMED,AMRN,ANGI,APA,APOG,APPS,ARCB,ARCC,ARVN,ATEC,ATXS,AVAV,AXON,BANF,BATRK,BIDU,BLNE,BLNK,BTAI,BYND,CAN,CCEC,CDW,CDXS,CELH,CGNX,CHKP,CHRS,CHRW,CIGI,CKPT,CMPR,COGT,CRNC,CRSP,CSTL,CTSH,CVGW,DGLY,DNLI,DOCU,DVAX,EBAY,EHTH,ERII,ESLT,EXPE,EXPO,FBIOP,FFBC,FFIN,FOXF,FWRD,GDS,GERN,GPRE,GRWG,GRYP,HEES,HELE,HIVE,HON,HRTX,HSTM,HURA,IART,IBKR,IBOC,IBRX,IDXX,INGN,INM,INVA,IQ,IRBT,KDP,KPTI,KTOS,KXIN,LAMR,LFUS,LGIH,LGMK,LKFN,LNW,LOPE,LPSN,LYFT,MGNX,MLCO,MNST,MODV,MSTR,MTCH,MYGN,MYRG,NCMI,NEXT,NFLX,NIU,NKTR,NRC,NTNX,NTRA,NVEE,NVMI,NWL,NWS,NXPI,OCGN,OCSL,OKTA,OLLI,OTLK,OXLC,PAA,PARA,PARAA,PDCO,PDFS,PFG,PGEN,PNFP,PODD,POWI,PSMT,PTC,PTEN,PVLA,RDNT,RDUS,RDWR,REGN,RNAC,ROCK,ROST,RRR,RSLS,RVMD,RYAAY,SAFT,SAGE,SAVA,SBGI,SFM,SFNC,SHYF,SIBN,SIFY,SIGI,SIMO,SITM,SLM,SNBR,SNDX,SNY,SPNS,SRRK,STRA,SUPN,SYRE,TCBK,TEAM,TECH,THRM,TLRY,TRMK,TROW,TSLA,TWST,TXN,UFPI,UNIT,UPWK,USLM,UTHR,VERB,VLY,VRNA,VRRM,VXRT,WAFD,WATT,WBA,WING,WIX,WTFC,WTW,XPEL,XRX,YMAB,ZG,ZLAB
ABEO,0.0,0.594,0.833,-0.644,0.447,0.257,-0.735,-0.654,0.42,-0.626,-0.406,0.206,-0.605,0.338,0.893,0.688,0.292,0.758,-0.811,-0.328,-0.203,0.383,0.65,0.076,-0.303,-0.873,-0.845,0.096,0.838,-0.466,0.149,0.882,-0.531,0.638,0.749,0.813,-0.23,-0.197,-0.72,0.552,0.556,0.071,0.273,-0.319,0.436,0.509,-0.53,-0.561,0.754,0.145,-0.446,-0.482,-0.413,-0.074,0.47,-0.013,-0.384,-0.435,0.173,-0.565,-0.49,-0.333,-0.759,0.434,0.508,-0.339,0.177,0.222,-0.042,0.548,0.276,-0.679,-0.291,0.89,0.278,0.42,-0.337,-0.205,0.719,0.829,-0.055,-0.297,-0.236,0.529,-0.878,-0.698,-0.703,-0.361,-0.025,-0.077,-0.409,-0.904,-0.84,0.657,-0.796,0.62,0.422,0.833,0.16,0.478,0.753,-0.847,-0.619,0.399,-0.311,-0.194,-0.168,0.839,-0.26,-0.253,0.566,-0.508,-0.257,-0.091,0.706,-0.764,0.934,0.811,0.081,-0.196,-0.26,0.88,0.818,-0.793,-0.749,0.819,-0.408,0.53,0.704,-0.074,-0.388,-0.806,0.036,-0.417,-0.651,0.659,-0.495,-0.255,-0.474,0.85,-0.573,0.243,-0.013,0.086,-0.675,0.699,-0.617,-0.648,0.523,-0.684,0.548,0.687,-0.025,-0.686,0.191,-0.131,-0.17,0.796,-0.529,0.26,-0.768,0.714,0.898,-0.288,-0.708,-0.342,0.06,0.888,-0.292,0.096,-0.364,0.056,0.667,-0.111,0.219,-0.49,0.025,0.105,-0.251,0.694,-0.182,-0.315,-0.457,-0.583,-0.209,0.718,-0.515,-0.66,-0.218,-0.873,-0.016,-0.3,0.344,-0.292,0.127,-0.444,-0.358,0.521,0.029,-0.51
ACHC,0.594,0.0,0.746,-0.357,0.437,0.226,-0.385,-0.466,0.741,-0.17,-0.393,0.278,-0.377,0.327,0.765,0.462,0.44,0.655,-0.426,-0.081,0.03,0.609,0.43,0.111,-0.038,-0.572,-0.553,0.171,0.714,-0.167,0.137,0.75,-0.234,0.561,0.531,0.607,-0.068,-0.095,-0.337,0.342,0.584,0.149,0.454,-0.217,0.46,0.459,-0.311,-0.342,0.341,0.067,-0.241,-0.356,-0.347,0.258,0.503,-0.056,-0.016,-0.188,0.37,-0.398,-0.491,-0.076,-0.466,0.495,0.362,-0.229,0.575,0.302,-0.075,0.685,0.347,-0.5,0.203,0.572,0.375,0.196,0.317,0.216,0.539,0.622,-0.254,-0.436,-0.13,0.535,-0.522,-0.573,-0.221,-0.224,0.208,-0.049,-0.097,-0.599,-0.632,0.539,-0.453,0.617,0.044,0.707,0.247,0.213,0.749,-0.466,-0.494,0.659,-0.1,0.074,-0.062,0.594,-0.409,0.317,0.801,-0.307,-0.155,0.372,0.536,-0.438,0.615,0.784,0.167,0.053,-0.137,0.794,0.66,-0.48,-0.425,0.654,-0.049,0.525,0.654,0.164,-0.004,-0.497,0.433,-0.147,-0.525,0.366,0.086,-0.217,-0.082,0.534,0.001,0.167,0.221,0.131,-0.326,0.629,-0.311,-0.601,0.704,-0.486,0.566,0.636,0.093,-0.291,0.183,-0.152,-0.292,0.769,-0.225,0.282,-0.542,0.663,0.75,-0.064,-0.402,-0.328,0.296,0.683,-0.102,0.367,-0.128,0.144,0.391,0.058,0.318,-0.328,0.294,0.262,-0.029,0.567,0.211,-0.205,-0.398,-0.639,-0.011,0.53,-0.373,-0.387,-0.007,-0.438,0.161,0.153,0.478,0.304,0.246,-0.303,-0.161,0.685,0.122,-0.363
AGNCN,0.833,0.746,0.0,-0.426,0.597,0.352,-0.573,-0.576,0.718,-0.381,-0.409,0.391,-0.537,0.479,0.84,0.667,0.508,0.817,-0.654,-0.071,-0.056,0.602,0.64,0.264,-0.225,-0.833,-0.828,0.23,0.872,-0.223,0.269,0.879,-0.302,0.698,0.72,0.738,-0.035,-0.37,-0.532,0.568,0.683,0.173,0.457,-0.15,0.524,0.648,-0.415,-0.331,0.549,0.194,-0.312,-0.485,-0.321,0.244,0.597,-0.173,-0.182,-0.273,0.393,-0.589,-0.51,-0.143,-0.719,0.423,0.447,-0.221,0.498,0.338,-0.003,0.75,0.387,-0.593,0.044,0.723,0.411,0.436,-0.028,-0.022,0.754,0.775,-0.164,-0.489,-0.253,0.566,-0.786,-0.785,-0.44,-0.241,0.178,-0.031,-0.23,-0.784,-0.855,0.684,-0.599,0.734,0.349,0.822,0.209,0.398,0.892,-0.706,-0.542,0.593,-0.332,0.041,-0.036,0.792,-0.491,0.122,0.785,-0.383,-0.081,0.254,0.769,-0.586,0.84,0.889,0.258,-0.146,-0.262,0.907,0.862,-0.744,-0.673,0.887,-0.21,0.551,0.742,0.124,-0.113,-0.687,0.335,-0.261,-0.657,0.564,-0.32,-0.144,-0.214,0.702,-0.306,0.353,0.148,0.253,-0.598,0.77,-0.437,-0.84,0.769,-0.686,0.589,0.72,0.143,-0.499,0.219,0.037,-0.413,0.821,-0.337,0.399,-0.714,0.857,0.926,-0.063,-0.599,-0.449,0.233,0.856,-0.161,0.39,-0.133,0.188,0.597,-0.011,0.419,-0.344,0.305,0.326,-0.061,0.677,0.087,-0.236,-0.558,-0.613,0.009,0.72,-0.376,-0.676,-0.095,-0.723,0.198,0.019,0.543,-0.029,0.06,-0.309,-0.153,0.511,0.236,-0.467
AKAM,-0.644,-0.357,-0.426,0.0,0.28,0.315,0.869,0.812,-0.185,0.833,0.749,0.457,0.799,0.346,-0.617,-0.039,0.372,-0.211,0.866,0.887,0.717,0.222,-0.274,0.454,0.707,0.521,0.374,0.551,-0.655,0.851,0.571,-0.562,0.927,-0.174,-0.486,-0.308,0.762,-0.374,0.887,0.051,0.09,0.502,0.289,0.823,0.168,0.06,0.874,0.904,-0.369,0.455,0.821,0.708,0.728,0.543,0.192,-0.589,0.841,0.895,0.497,0.661,0.621,0.842,0.7,-0.167,-0.352,0.84,0.348,0.339,0.429,-0.308,0.218,0.613,0.709,-0.799,0.31,0.175,0.44,0.119,-0.247,-0.356,0.256,0.26,0.223,-0.031,0.689,0.221,0.84,0.822,0.645,0.295,0.869,0.836,0.664,-0.209,0.906,-0.037,0.162,-0.607,0.25,-0.12,-0.303,0.833,0.868,-0.175,0.511,0.712,0.718,-0.519,-0.113,0.448,-0.259,0.81,0.687,0.451,-0.039,0.881,-0.571,-0.322,0.587,0.137,0.51,-0.615,-0.292,0.512,0.585,-0.275,0.674,0.031,-0.304,0.619,0.816,0.865,0.406,0.744,0.767,-0.367,0.217,0.799,0.709,-0.742,0.59,0.476,0.193,0.574,0.43,-0.075,0.884,0.197,-0.138,0.245,-0.26,-0.361,0.712,0.896,0.213,0.7,-0.368,-0.575,0.909,0.43,0.799,-0.074,-0.514,0.824,0.699,0.598,0.49,-0.614,0.819,0.562,0.88,0.589,-0.066,0.652,0.527,0.898,0.638,0.556,0.815,-0.301,0.513,0.714,-0.083,0.658,0.813,-0.1,0.796,0.095,0.722,0.82,0.627,0.62,0.316,0.526,-0.562,0.894,0.865,-0.341,0.693,0.329
AKRO,0.447,0.437,0.597,0.28,0.0,0.798,0.171,0.075,0.391,0.261,0.323,0.828,0.195,0.893,0.469,0.86,0.863,0.813,0.004,0.636,0.634,0.829,0.613,0.678,0.516,-0.472,-0.621,0.764,0.301,0.474,0.862,0.523,0.467,0.569,0.512,0.669,0.675,-0.561,0.178,0.793,0.918,0.714,0.78,0.576,0.831,0.779,0.307,0.331,0.523,0.677,0.377,0.252,0.263,0.627,0.888,-0.706,0.547,0.516,0.881,0.003,0.132,0.535,-0.155,0.446,0.428,0.565,0.757,0.735,0.562,0.357,0.655,-0.096,0.571,0.166,0.842,0.763,0.238,-0.07,0.661,0.559,0.281,-0.103,0.06,0.786,-0.246,-0.603,0.176,0.56,0.785,0.227,0.499,-0.205,-0.336,0.741,0.077,0.716,0.639,0.441,0.632,0.566,0.653,-0.139,0.159,0.444,0.318,0.527,0.662,0.547,-0.55,0.36,0.585,0.336,0.595,0.525,0.891,0.145,0.559,0.676,0.819,0.105,0.323,0.439,0.62,-0.354,-0.262,0.708,0.353,0.703,0.692,0.683,0.553,0.024,0.586,0.436,-0.017,0.557,-0.261,0.578,0.306,0.212,0.118,0.828,0.372,0.843,-0.445,0.879,0.319,-0.615,0.537,-0.649,0.412,0.361,0.783,0.215,0.527,0.586,-0.703,0.404,0.405,0.868,-0.091,0.882,0.531,0.651,0.021,0.236,0.731,0.494,0.577,0.807,0.572,0.802,0.811,0.664,0.89,0.465,0.835,0.891,0.696,0.625,0.425,0.488,-0.724,0.022,0.673,0.844,0.307,-0.709,0.621,-0.162,0.775,0.425,0.847,0.335,-0.463,0.41,0.592,0.468,0.822,-0.335
ALRM,0.257,0.226,0.352,0.315,0.798,0.0,0.278,0.293,0.153,0.284,0.518,0.758,0.465,0.83,0.277,0.797,0.778,0.678,0.141,0.629,0.749,0.65,0.59,0.688,0.53,-0.35,-0.474,0.659,0.039,0.546,0.751,0.378,0.518,0.45,0.549,0.572,0.764,-0.418,0.334,0.813,0.779,0.641,0.777,0.587,0.853,0.664,0.367,0.335,0.497,0.797,0.513,0.47,0.486,0.541,0.764,-0.694,0.584,0.608,0.811,0.029,0.455,0.403,0.02,0.363,0.479,0.613,0.581,0.722,0.809,-0.001,0.683,0.127,0.498,-0.004,0.899,0.836,0.326,-0.282,0.568,0.41,0.612,0.186,0.415,0.671,0.005,-0.367,0.244,0.646,0.79,0.285,0.557,-0.018,-0.166,0.755,0.166,0.517,0.681,0.369,0.755,0.737,0.386,-0.021,0.262,0.151,0.426,0.467,0.658,0.503,-0.22,0.229,0.364,0.521,0.737,0.417,0.788,0.257,0.469,0.402,0.82,0.41,0.373,0.18,0.422,-0.266,-0.217,0.499,0.444,0.572,0.564,0.618,0.607,0.117,0.521,0.52,0.145,0.504,-0.398,0.662,0.327,0.145,0.017,0.729,0.611,0.841,-0.286,0.737,0.435,-0.349,0.169,-0.641,0.246,0.157,0.769,0.327,0.659,0.644,-0.522,0.143,0.372,0.893,0.073,0.632,0.292,0.657,0.189,0.416,0.727,0.346,0.67,0.648,0.667,0.816,0.774,0.752,0.773,0.497,0.675,0.77,0.715,0.576,0.189,0.579,-0.653,0.298,0.615,0.704,0.511,-0.629,0.74,-0.041,0.779,0.421,0.726,0.247,-0.336,0.492,0.664,0.26,0.773,-0.282
AMAT,-0.735,-0.385,-0.573,0.869,0.171,0.278,0.0,0.813,-0.291,0.877,0.78,0.331,0.86,0.256,-0.649,-0.093,0.25,-0.242,0.921,0.781,0.715,0.102,-0.22,0.312,0.796,0.644,0.495,0.444,-0.809,0.875,0.41,-0.614,0.898,-0.276,-0.426,-0.384,0.738,-0.034,0.948,0.006,0.034,0.419,0.271,0.751,0.146,-0.046,0.825,0.798,-0.372,0.304,0.796,0.807,0.647,0.471,0.102,-0.427,0.803,0.853,0.371,0.68,0.758,0.687,0.753,-0.14,-0.143,0.778,0.242,0.352,0.533,-0.492,0.235,0.73,0.635,-0.851,0.322,0.117,0.569,0.025,-0.348,-0.504,0.413,0.427,0.454,0.034,0.863,0.404,0.824,0.825,0.566,0.252,0.782,0.837,0.78,-0.203,0.944,-0.236,-0.005,-0.582,0.364,-0.039,-0.463,0.823,0.764,-0.114,0.741,0.534,0.667,-0.53,0.041,0.432,-0.269,0.871,0.736,0.341,-0.171,0.974,-0.601,-0.462,0.503,0.398,0.65,-0.71,-0.543,0.597,0.607,-0.457,0.761,-0.139,-0.227,0.492,0.811,0.924,0.327,0.857,0.757,-0.238,0.333,0.708,0.742,-0.749,0.707,0.264,0.335,0.458,0.446,-0.121,0.92,0.403,-0.325,0.242,-0.444,-0.609,0.565,0.897,0.274,0.469,-0.264,-0.647,0.882,0.305,0.788,-0.24,-0.683,0.777,0.894,0.72,0.535,-0.629,0.73,0.385,0.771,0.525,-0.09,0.609,0.312,0.879,0.485,0.473,0.757,-0.327,0.387,0.765,-0.023,0.763,0.63,-0.16,0.827,0.266,0.731,0.857,0.53,0.592,0.205,0.491,-0.397,0.741,0.781,-0.159,0.493,0.236
AMED,-0.654,-0.466,-0.576,0.812,0.075,0.293,0.813,0.0,-0.395,0.676,0.817,0.351,0.877,0.241,-0.676,-0.06,0.237,-0.307,0.865,0.684,0.689,0.049,-0.258,0.361,0.629,0.506,0.391,0.423,-0.801,0.721,0.405,-0.607,0.764,-0.191,-0.465,-0.295,0.672,-0.165,0.825,0.116,-0.045,0.426,0.255,0.6,0.163,-0.04,0.757,0.695,-0.249,0.528,0.848,0.765,0.83,0.387,0.062,-0.44,0.7,0.793,0.365,0.674,0.734,0.634,0.706,-0.158,-0.249,0.682,0.071,0.326,0.534,-0.606,0.247,0.559,0.493,-0.744,0.266,0.179,0.391,-0.115,-0.388,-0.314,0.483,0.605,0.475,-0.122,0.772,0.363,0.657,0.782,0.498,0.443,0.718,0.828,0.789,-0.208,0.78,-0.14,0.231,-0.585,0.368,0.078,-0.536,0.773,0.79,-0.386,0.612,0.533,0.58,-0.544,0.228,0.152,-0.429,0.796,0.677,0.158,-0.155,0.787,-0.541,-0.499,0.485,0.307,0.59,-0.731,-0.42,0.446,0.459,-0.368,0.691,-0.061,-0.367,0.361,0.708,0.767,0.221,0.649,0.787,-0.327,-0.005,0.737,0.439,-0.685,0.365,0.333,0.286,0.501,0.513,-0.191,0.84,0.438,-0.458,0.172,-0.405,-0.476,0.544,0.807,0.389,0.584,-0.137,-0.72,0.686,0.369,0.755,-0.291,-0.639,0.673,0.739,0.746,0.448,-0.642,0.731,0.304,0.758,0.534,-0.115,0.579,0.295,0.793,0.388,0.289,0.674,-0.37,0.11,0.711,-0.052,0.772,0.547,-0.221,0.811,0.161,0.689,0.754,0.523,0.507,0.165,0.267,-0.39,0.835,0.746,-0.425,0.508,0.177
AMRN,0.42,0.741,0.718,-0.185,0.391,0.153,-0.291,-0.395,0.0,-0.054,-0.354,0.356,-0.409,0.389,0.511,0.364,0.482,0.541,-0.314,0.067,0.008,0.536,0.318,0.282,-0.076,-0.522,-0.536,0.234,0.634,0.025,0.199,0.601,-0.092,0.614,0.375,0.422,0.013,-0.312,-0.223,0.325,0.514,0.208,0.405,-0.12,0.409,0.479,-0.311,-0.151,0.114,0.103,-0.103,-0.418,-0.223,0.459,0.5,-0.037,-0.03,-0.145,0.344,-0.554,-0.469,0.027,-0.53,0.272,0.178,-0.193,0.609,0.318,-0.062,0.746,0.412,-0.403,0.287,0.416,0.325,0.137,0.302,0.095,0.592,0.507,-0.349,-0.649,-0.144,0.371,-0.438,-0.558,-0.145,-0.148,0.211,0.064,-0.112,-0.437,-0.516,0.356,-0.278,0.605,-0.074,0.598,0.123,0.035,0.682,-0.373,-0.475,0.695,-0.177,0.155,-0.093,0.477,-0.384,0.516,0.703,-0.21,-0.019,0.435,0.426,-0.299,0.456,0.647,0.238,-0.036,-0.073,0.673,0.622,-0.519,-0.467,0.659,0.081,0.188,0.524,0.071,0.096,-0.394,0.68,-0.042,-0.513,0.293,0.016,-0.097,0.056,0.34,0.13,0.198,0.236,0.176,-0.348,0.488,-0.221,-0.705,0.784,-0.466,0.36,0.55,0.099,-0.234,0.2,0.052,-0.503,0.552,-0.113,0.261,-0.559,0.634,0.644,0.075,-0.351,-0.38,0.327,0.558,-0.102,0.452,-0.028,0.143,0.183,-0.086,0.32,-0.227,0.368,0.277,0.016,0.277,0.228,-0.061,-0.482,-0.45,0.036,0.418,-0.161,-0.336,-0.017,-0.355,0.182,0.361,0.487,0.223,0.168,-0.176,-0.091,0.405,0.179,-0.434
ANGI,-0.626,-0.17,-0.381,0.833,0.261,0.284,0.877,0.676,-0.054,0.0,0.637,0.408,0.716,0.34,-0.54,-0.053,0.429,-0.135,0.835,0.794,0.701,0.269,-0.177,0.371,0.737,0.522,0.374,0.499,-0.61,0.83,0.426,-0.472,0.854,-0.187,-0.362,-0.284,0.704,-0.122,0.884,0.07,0.17,0.415,0.391,0.656,0.203,0.056,0.766,0.717,-0.432,0.301,0.744,0.709,0.554,0.601,0.248,-0.401,0.8,0.813,0.493,0.657,0.554,0.767,0.643,-0.005,-0.209,0.716,0.48,0.405,0.404,-0.205,0.328,0.556,0.824,-0.742,0.36,0.085,0.667,0.218,-0.246,-0.384,0.206,0.251,0.33,0.137,0.715,0.272,0.82,0.751,0.654,0.292,0.748,0.703,0.646,-0.123,0.895,0.01,-0.025,-0.483,0.372,-0.11,-0.195,0.776,0.643,0.073,0.692,0.579,0.593,-0.392,-0.104,0.568,-0.008,0.742,0.655,0.53,-0.084,0.866,-0.524,-0.292,0.539,0.323,0.578,-0.523,-0.34,0.505,0.517,-0.248,0.804,-0.035,-0.122,0.538,0.842,0.794,0.415,0.785,0.633,-0.245,0.402,0.66,0.751,-0.694,0.711,0.303,0.306,0.48,0.407,-0.026,0.847,0.177,-0.019,0.159,-0.309,-0.384,0.592,0.865,0.268,0.46,-0.443,-0.467,0.834,0.352,0.677,-0.058,-0.499,0.782,0.75,0.556,0.578,-0.495,0.713,0.547,0.779,0.569,-0.052,0.577,0.396,0.781,0.583,0.534,0.752,-0.275,0.524,0.71,-0.132,0.561,0.67,-0.148,0.701,0.198,0.715,0.796,0.592,0.639,0.321,0.632,-0.404,0.722,0.761,-0.04,0.566,0.134
APA,-0.406,-0.393,-0.409,0.749,0.323,0.518,0.78,0.817,-0.354,0.637,0.0,0.488,0.843,0.473,-0.468,0.249,0.369,0.006,0.741,0.728,0.827,0.157,-0.077,0.438,0.782,0.325,0.142,0.544,-0.714,0.786,0.604,-0.357,0.808,-0.033,-0.147,-0.021,0.806,-0.213,0.791,0.363,0.202,0.597,0.405,0.748,0.441,0.1,0.777,0.657,0.026,0.61,0.843,0.856,0.772,0.362,0.318,-0.557,0.765,0.865,0.481,0.539,0.857,0.625,0.602,-0.042,0.074,0.824,0.194,0.495,0.776,-0.577,0.414,0.495,0.476,-0.629,0.546,0.482,0.362,-0.306,-0.046,-0.19,0.662,0.559,0.59,0.238,0.659,0.223,0.595,0.863,0.649,0.318,0.777,0.652,0.653,0.054,0.71,-0.021,0.384,-0.33,0.576,0.35,-0.368,0.619,0.719,-0.26,0.75,0.454,0.719,-0.23,0.21,0.081,-0.3,0.889,0.799,0.196,0.13,0.78,-0.256,-0.332,0.644,0.441,0.711,-0.58,-0.241,0.283,0.309,-0.189,0.662,0.069,-0.033,0.504,0.727,0.71,0.307,0.711,0.801,0.035,-0.13,0.86,0.56,-0.449,0.363,0.462,0.421,0.629,0.272,0.112,0.786,0.328,-0.376,-0.076,-0.347,-0.453,0.683,0.754,0.519,0.604,-0.273,-0.64,0.741,0.57,0.649,-0.055,-0.482,0.761,0.687,0.86,0.594,-0.424,0.841,0.368,0.814,0.714,0.227,0.739,0.461,0.861,0.47,0.536,0.781,-0.072,0.085,0.84,-0.226,0.816,0.642,0.107,0.872,-0.008,0.859,0.572,0.684,0.472,0.299,0.272,-0.433,0.79,0.802,-0.184,0.62,0.02
APOG,0.206,0.278,0.391,0.457,0.828,0.758,0.331,0.351,0.356,0.408,0.488,0.0,0.332,0.922,0.203,0.75,0.891,0.605,0.199,0.733,0.747,0.748,0.496,0.772,0.599,-0.409,-0.542,0.897,0.074,0.621,0.878,0.257,0.6,0.565,0.248,0.587,0.748,-0.651,0.362,0.778,0.814,0.675,0.771,0.569,0.792,0.809,0.363,0.463,0.365,0.829,0.651,0.357,0.551,0.776,0.812,-0.744,0.607,0.647,0.886,0.133,0.235,0.631,-0.056,0.251,0.21,0.619,0.68,0.826,0.624,0.126,0.773,-0.054,0.68,-0.006,0.798,0.721,0.352,-0.196,0.469,0.523,0.368,0.056,0.176,0.571,-0.051,-0.55,0.24,0.714,0.855,0.546,0.557,0.034,-0.048,0.541,0.259,0.69,0.624,0.21,0.648,0.493,0.42,0.029,0.271,0.285,0.449,0.672,0.632,0.275,-0.432,0.361,0.357,0.546,0.694,0.439,0.728,0.282,0.351,0.486,0.909,0.118,0.533,0.186,0.499,-0.315,-0.235,0.598,0.629,0.547,0.413,0.582,0.705,0.157,0.659,0.518,0.13,0.344,-0.379,0.757,0.278,-0.063,0.127,0.887,0.408,0.902,-0.283,0.671,0.533,-0.519,0.31,-0.634,0.173,0.219,0.826,0.396,0.733,0.746,-0.771,0.165,0.508,0.897,0.049,0.68,0.315,0.775,0.111,0.386,0.814,0.26,0.689,0.875,0.701,0.886,0.63,0.677,0.856,0.575,0.857,0.792,0.792,0.294,0.261,0.651,-0.812,0.2,0.69,0.649,0.502,-0.649,0.726,0.042,0.812,0.603,0.888,0.268,-0.532,0.654,0.721,0.159,0.889,-0.452
APPS,-0.605,-0.377,-0.537,0.799,0.195,0.465,0.86,0.877,-0.409,0.716,0.843,0.332,0.0,0.297,-0.553,0.035,0.268,-0.168,0.843,0.728,0.771,0.127,-0.175,0.381,0.718,0.549,0.404,0.403,-0.783,0.774,0.444,-0.465,0.817,-0.22,-0.259,-0.258,0.756,-0.081,0.878,0.147,0.062,0.517,0.354,0.714,0.267,-0.028,0.808,0.703,-0.172,0.496,0.788,0.86,0.742,0.361,0.173,-0.484,0.805,0.858,0.434,0.631,0.841,0.598,0.739,-0.01,-0.054,0.783,0.189,0.354,0.665,-0.566,0.253,0.687,0.531,-0.742,0.409,0.292,0.493,-0.085,-0.285,-0.362,0.576,0.564,0.593,0.079,0.811,0.399,0.77,0.81,0.575,0.277,0.82,0.798,0.688,-0.044,0.794,-0.196,0.228,-0.453,0.48,0.204,-0.437,0.748,0.785,-0.315,0.679,0.497,0.715,-0.375,0.193,0.236,-0.308,0.846,0.754,0.295,-0.043,0.843,-0.442,-0.432,0.523,0.519,0.562,-0.656,-0.432,0.504,0.514,-0.377,0.658,0.006,-0.169,0.528,0.767,0.81,0.253,0.754,0.782,-0.139,0.13,0.731,0.614,-0.58,0.445,0.32,0.446,0.545,0.396,-0.045,0.852,0.464,-0.404,0.15,-0.278,-0.476,0.621,0.833,0.33,0.541,-0.108,-0.653,0.724,0.427,0.778,-0.207,-0.593,0.711,0.808,0.772,0.497,-0.541,0.798,0.302,0.81,0.566,0.037,0.724,0.364,0.844,0.431,0.437,0.738,-0.123,0.274,0.715,-0.023,0.793,0.628,-0.086,0.835,0.159,0.786,0.742,0.588,0.516,0.192,0.417,-0.342,0.771,0.794,-0.208,0.531,0.258
ARCB,0.338,0.327,0.479,0.346,0.893,0.83,0.256,0.241,0.389,0.34,0.473,0.922,0.297,0.0,0.328,0.863,0.932,0.755,0.092,0.684,0.735,0.801,0.569,0.813,0.585,-0.507,-0.667,0.889,0.139,0.609,0.87,0.417,0.515,0.687,0.444,0.651,0.763,-0.651,0.29,0.881,0.902,0.674,0.839,0.53,0.897,0.857,0.263,0.388,0.457,0.81,0.587,0.31,0.5,0.755,0.909,-0.73,0.547,0.59,0.888,-0.006,0.226,0.522,-0.191,0.334,0.403,0.564,0.676,0.894,0.717,0.167,0.848,-0.067,0.616,0.103,0.89,0.826,0.328,-0.302,0.628,0.598,0.402,0.041,0.269,0.71,-0.113,-0.601,0.146,0.659,0.827,0.496,0.484,-0.101,-0.152,0.674,0.165,0.725,0.621,0.387,0.758,0.632,0.507,-0.111,0.141,0.39,0.451,0.614,0.627,0.45,-0.419,0.348,0.453,0.483,0.703,0.389,0.827,0.206,0.51,0.565,0.933,0.252,0.542,0.305,0.546,-0.459,-0.402,0.688,0.559,0.518,0.587,0.522,0.674,0.043,0.662,0.525,0.019,0.544,-0.442,0.713,0.269,0.08,0.089,0.849,0.535,0.917,-0.415,0.806,0.463,-0.585,0.371,-0.766,0.148,0.241,0.818,0.272,0.773,0.701,-0.799,0.213,0.415,0.931,-0.097,0.765,0.416,0.763,0.094,0.382,0.841,0.423,0.629,0.848,0.657,0.887,0.751,0.636,0.827,0.526,0.823,0.81,0.738,0.419,0.25,0.648,-0.893,0.188,0.61,0.779,0.501,-0.722,0.718,-0.098,0.814,0.606,0.92,0.188,-0.45,0.547,0.676,0.307,0.852,-0.543
ARCC,0.893,0.765,0.84,-0.617,0.469,0.277,-0.649,-0.676,0.511,-0.54,-0.468,0.203,-0.553,0.328,0.0,0.65,0.32,0.768,-0.754,-0.287,-0.156,0.482,0.673,0.111,-0.237,-0.81,-0.765,0.113,0.846,-0.4,0.132,0.902,-0.475,0.647,0.762,0.768,-0.18,-0.153,-0.635,0.455,0.605,0.046,0.304,-0.291,0.446,0.543,-0.539,-0.527,0.703,0.077,-0.438,-0.514,-0.438,0.013,0.457,-0.061,-0.304,-0.397,0.197,-0.562,-0.5,-0.337,-0.721,0.474,0.583,-0.335,0.274,0.259,-0.017,0.565,0.269,-0.586,-0.188,0.852,0.324,0.379,-0.131,-0.141,0.684,0.786,-0.092,-0.388,-0.178,0.56,-0.801,-0.7,-0.595,-0.346,0.018,-0.127,-0.34,-0.862,-0.862,0.693,-0.745,0.55,0.266,0.853,0.179,0.464,0.791,-0.816,-0.637,0.542,-0.266,-0.087,-0.099,0.81,-0.383,-0.056,0.663,-0.476,-0.22,0.02,0.704,-0.703,0.892,0.903,0.095,-0.062,-0.27,0.932,0.772,-0.698,-0.66,0.757,-0.344,0.559,0.729,-0.004,-0.275,-0.75,0.124,-0.318,-0.693,0.636,-0.289,-0.305,-0.367,0.797,-0.403,0.222,0.102,0.097,-0.693,0.733,-0.544,-0.667,0.553,-0.655,0.619,0.643,0.002,-0.619,0.168,-0.154,-0.163,0.884,-0.487,0.262,-0.745,0.707,0.911,-0.247,-0.626,-0.373,0.122,0.907,-0.275,0.16,-0.344,0.035,0.622,-0.065,0.247,-0.457,0.113,0.16,-0.215,0.769,-0.029,-0.353,-0.448,-0.658,-0.175,0.75,-0.508,-0.642,-0.193,-0.78,-0.024,-0.168,0.413,-0.12,0.199,-0.47,-0.321,0.643,0.019,-0.436
ARVN,0.688,0.462,0.667,-0.039,0.86,0.797,-0.093,-0.06,0.364,-0.053,0.249,0.75,0.035,0.863,0.65,0.0,0.781,0.906,-0.26,0.36,0.507,0.729,0.758,0.614,0.351,-0.733,-0.835,0.677,0.404,0.253,0.714,0.699,0.164,0.752,0.721,0.86,0.508,-0.47,-0.074,0.913,0.911,0.58,0.737,0.3,0.89,0.814,0.008,0.03,0.775,0.695,0.259,0.1,0.207,0.456,0.855,-0.559,0.266,0.279,0.711,-0.232,0.096,0.202,-0.411,0.472,0.64,0.309,0.517,0.769,0.61,0.236,0.736,-0.29,0.258,0.446,0.828,0.859,0.092,-0.408,0.766,0.784,0.427,0.003,0.208,0.792,-0.418,-0.676,-0.205,0.372,0.61,0.292,0.22,-0.448,-0.456,0.843,-0.225,0.734,0.703,0.663,0.683,0.799,0.649,-0.444,-0.123,0.411,0.271,0.342,0.469,0.729,-0.346,0.08,0.529,0.196,0.461,0.214,0.95,-0.152,0.808,0.74,0.73,0.194,0.313,0.57,0.723,-0.642,-0.593,0.807,0.225,0.639,0.781,0.381,0.329,-0.286,0.46,0.255,-0.21,0.753,-0.578,0.436,0.002,0.479,-0.215,0.728,0.442,0.725,-0.601,0.933,0.088,-0.619,0.399,-0.877,0.35,0.405,0.608,-0.086,0.688,0.445,-0.583,0.474,0.084,0.822,-0.355,0.839,0.655,0.433,-0.168,0.234,0.68,0.696,0.377,0.602,0.34,0.693,0.914,0.497,0.705,0.206,0.591,0.659,0.458,0.697,0.043,0.361,-0.826,-0.022,0.359,0.932,0.183,-0.83,0.485,-0.444,0.605,0.27,0.804,-0.004,-0.257,0.202,0.352,0.483,0.631,-0.578
ATEC,0.292,0.44,0.508,0.372,0.863,0.778,0.25,0.237,0.482,0.429,0.369,0.891,0.268,0.932,0.32,0.781,0.0,0.73,0.128,0.7,0.722,0.899,0.525,0.797,0.558,-0.479,-0.604,0.858,0.195,0.588,0.8,0.413,0.502,0.673,0.396,0.59,0.733,-0.616,0.305,0.81,0.904,0.639,0.897,0.445,0.845,0.83,0.263,0.344,0.298,0.78,0.571,0.273,0.453,0.835,0.902,-0.671,0.574,0.569,0.918,0.04,0.122,0.543,-0.163,0.469,0.32,0.494,0.791,0.867,0.574,0.295,0.855,-0.115,0.729,0.1,0.849,0.693,0.48,-0.103,0.561,0.579,0.247,0.005,0.223,0.692,-0.109,-0.604,0.205,0.614,0.844,0.517,0.489,-0.089,-0.165,0.655,0.185,0.794,0.524,0.366,0.739,0.503,0.593,-0.05,0.106,0.497,0.416,0.691,0.581,0.435,-0.47,0.505,0.59,0.411,0.63,0.518,0.781,0.193,0.444,0.577,0.899,0.249,0.49,0.351,0.557,-0.414,-0.355,0.712,0.601,0.552,0.565,0.532,0.707,0.026,0.687,0.514,-0.029,0.404,-0.288,0.653,0.275,0.031,0.12,0.781,0.539,0.889,-0.291,0.777,0.453,-0.615,0.522,-0.714,0.188,0.304,0.796,0.286,0.723,0.664,-0.814,0.273,0.401,0.885,-0.09,0.772,0.447,0.752,0.091,0.302,0.85,0.422,0.604,0.897,0.652,0.846,0.683,0.602,0.82,0.459,0.857,0.795,0.72,0.382,0.409,0.587,-0.858,0.081,0.608,0.684,0.437,-0.682,0.684,-0.039,0.831,0.678,0.946,0.32,-0.36,0.534,0.639,0.361,0.851,-0.49
ATXS,0.758,0.655,0.817,-0.211,0.813,0.678,-0.242,-0.307,0.541,-0.135,0.006,0.605,-0.168,0.755,0.768,0.906,0.73,0.0,-0.416,0.214,0.329,0.776,0.713,0.518,0.226,-0.767,-0.861,0.504,0.596,0.126,0.529,0.846,-0.005,0.769,0.835,0.814,0.36,-0.382,-0.224,0.812,0.911,0.447,0.739,0.136,0.828,0.758,-0.16,-0.136,0.65,0.471,0.03,-0.098,-0.039,0.419,0.847,-0.429,0.137,0.086,0.647,-0.432,-0.124,0.034,-0.554,0.569,0.687,0.106,0.589,0.645,0.436,0.497,0.667,-0.397,0.241,0.557,0.764,0.735,0.15,-0.201,0.857,0.749,0.187,-0.198,0.118,0.865,-0.529,-0.723,-0.251,0.148,0.475,0.086,0.063,-0.619,-0.644,0.867,-0.365,0.742,0.489,0.821,0.624,0.687,0.803,-0.568,-0.348,0.615,0.104,0.209,0.303,0.848,-0.439,0.213,0.778,-0.001,0.28,0.292,0.922,-0.288,0.88,0.81,0.586,0.224,0.119,0.756,0.748,-0.703,-0.654,0.859,0.079,0.604,0.912,0.319,0.204,-0.448,0.484,0.131,-0.421,0.782,-0.388,0.212,-0.02,0.596,-0.18,0.516,0.459,0.572,-0.606,0.963,-0.088,-0.715,0.622,-0.856,0.406,0.493,0.447,-0.259,0.523,0.231,-0.575,0.641,-0.07,0.687,-0.549,0.906,0.783,0.292,-0.278,-0.034,0.575,0.837,0.167,0.544,0.161,0.52,0.855,0.328,0.589,-0.013,0.509,0.599,0.28,0.75,0.168,0.175,-0.759,-0.261,0.217,0.902,0.003,-0.763,0.312,-0.584,0.523,0.247,0.751,0.052,-0.062,-0.056,0.164,0.682,0.471,-0.566
AVAV,-0.811,-0.426,-0.654,0.866,0.004,0.141,0.921,0.865,-0.314,0.835,0.741,0.199,0.843,0.092,-0.754,-0.26,0.128,-0.416,0.0,0.685,0.649,-0.025,-0.404,0.175,0.669,0.734,0.616,0.284,-0.851,0.77,0.283,-0.681,0.823,-0.371,-0.544,-0.504,0.613,0.019,0.936,-0.11,-0.157,0.407,0.149,0.661,0.032,-0.209,0.846,0.737,-0.468,0.25,0.752,0.791,0.628,0.338,-0.039,-0.291,0.775,0.791,0.264,0.682,0.73,0.664,0.848,-0.155,-0.281,0.698,0.167,0.173,0.409,-0.513,0.103,0.693,0.546,-0.888,0.199,0.01,0.545,0.08,-0.449,-0.576,0.335,0.433,0.432,-0.115,0.91,0.53,0.852,0.711,0.46,0.202,0.766,0.92,0.848,-0.361,0.913,-0.268,-0.078,-0.653,0.224,-0.163,-0.556,0.933,0.818,-0.269,0.645,0.455,0.575,-0.614,0.233,0.334,-0.384,0.818,0.619,0.333,-0.324,0.915,-0.721,-0.587,0.35,0.363,0.549,-0.79,-0.569,0.674,0.69,-0.541,0.668,-0.189,-0.371,0.433,0.712,0.916,0.262,0.731,0.845,-0.427,0.387,0.631,0.669,-0.745,0.661,0.151,0.265,0.341,0.642,-0.288,0.829,0.542,-0.359,0.401,-0.44,-0.595,0.461,0.898,0.165,0.39,-0.07,-0.756,0.794,0.19,0.834,-0.376,-0.759,0.64,0.876,0.697,0.385,-0.756,0.699,0.248,0.723,0.412,-0.273,0.544,0.219,0.795,0.373,0.309,0.655,-0.406,0.307,0.689,0.163,0.752,0.566,-0.341,0.787,0.423,0.659,0.909,0.42,0.518,0.038,0.525,-0.298,0.723,0.692,-0.309,0.389,0.381
AXON,-0.328,-0.081,-0.071,0.887,0.636,0.629,0.781,0.684,0.067,0.794,0.728,0.733,0.728,0.684,-0.287,0.36,0.7,0.214,0.685,0.0,0.854,0.554,0.084,0.682,0.782,0.188,0.007,0.773,-0.398,0.916,0.797,-0.201,0.928,0.148,-0.116,0.046,0.918,-0.498,0.796,0.421,0.495,0.679,0.607,0.875,0.53,0.4,0.79,0.847,-0.082,0.674,0.833,0.67,0.721,0.752,0.562,-0.753,0.885,0.922,0.778,0.486,0.571,0.858,0.448,0.062,-0.039,0.879,0.612,0.64,0.639,-0.095,0.533,0.439,0.83,-0.563,0.647,0.483,0.523,0.007,0.112,-0.035,0.356,0.192,0.285,0.337,0.467,-0.092,0.724,0.897,0.857,0.391,0.87,0.556,0.388,0.176,0.76,0.271,0.374,-0.24,0.535,0.192,0.041,0.57,0.695,0.107,0.582,0.791,0.825,-0.143,-0.292,0.557,0.089,0.808,0.844,0.573,0.354,0.77,-0.188,0.026,0.847,0.247,0.56,-0.293,0.017,0.197,0.287,0.1,0.745,0.262,0.099,0.738,0.92,0.675,0.622,0.827,0.554,-0.024,0.04,0.876,0.705,-0.487,0.513,0.699,0.409,0.824,0.141,0.34,0.856,-0.119,0.127,-0.148,-0.09,-0.143,0.888,0.782,0.462,0.808,-0.634,-0.286,0.875,0.725,0.551,0.322,-0.183,0.957,0.588,0.578,0.762,-0.241,0.875,0.801,0.948,0.819,0.293,0.779,0.769,0.889,0.849,0.815,0.939,0.011,0.564,0.795,-0.428,0.558,0.889,0.283,0.801,-0.239,0.849,0.56,0.842,0.732,0.646,0.539,-0.582,0.867,0.939,-0.052,0.894,0.04
BANF,-0.203,0.03,-0.056,0.717,0.634,0.749,0.715,0.689,0.008,0.701,0.827,0.747,0.771,0.735,-0.156,0.507,0.722,0.329,0.649,0.854,0.0,0.56,0.194,0.605,0.835,0.076,-0.097,0.754,-0.419,0.838,0.767,-0.047,0.838,0.221,0.081,0.246,0.924,-0.317,0.78,0.582,0.554,0.75,0.714,0.764,0.719,0.442,0.732,0.616,0.14,0.753,0.86,0.793,0.711,0.644,0.627,-0.66,0.92,0.926,0.793,0.432,0.703,0.704,0.438,0.257,0.243,0.845,0.584,0.742,0.819,-0.274,0.667,0.363,0.723,-0.444,0.823,0.65,0.626,-0.186,0.184,0.09,0.604,0.409,0.585,0.509,0.486,-0.061,0.625,0.896,0.913,0.421,0.871,0.469,0.389,0.343,0.628,0.337,0.463,-0.051,0.748,0.482,0.02,0.488,0.595,0.06,0.766,0.661,0.834,0.028,-0.068,0.35,0.102,0.859,0.871,0.507,0.437,0.673,-0.016,0.049,0.846,0.513,0.716,-0.246,0.069,0.127,0.165,0.143,0.774,0.374,0.265,0.698,0.886,0.562,0.586,0.781,0.581,0.17,-0.077,0.888,0.607,-0.291,0.381,0.673,0.609,0.841,0.142,0.441,0.793,0.008,-0.019,-0.327,-0.067,-0.153,0.878,0.756,0.691,0.664,-0.496,-0.287,0.743,0.814,0.487,0.305,-0.159,0.877,0.617,0.773,0.846,-0.132,0.929,0.682,0.908,0.909,0.458,0.906,0.734,0.836,0.763,0.767,0.932,0.204,0.293,0.857,-0.488,0.611,0.786,0.368,0.81,-0.247,0.977,0.478,0.854,0.667,0.648,0.513,-0.414,0.791,0.881,0.105,0.828,-0.113
BATRK,0.383,0.609,0.602,0.222,0.829,0.65,0.102,0.049,0.536,0.269,0.157,0.748,0.127,0.801,0.482,0.729,0.899,0.776,-0.025,0.554,0.56,0.0,0.469,0.708,0.469,-0.499,-0.599,0.744,0.364,0.431,0.662,0.531,0.327,0.706,0.453,0.583,0.568,-0.573,0.134,0.657,0.894,0.589,0.854,0.32,0.761,0.748,0.116,0.218,0.282,0.599,0.37,0.065,0.253,0.766,0.861,-0.578,0.472,0.398,0.84,-0.06,-0.084,0.398,-0.279,0.632,0.36,0.32,0.76,0.757,0.39,0.455,0.734,-0.233,0.649,0.255,0.743,0.57,0.458,0.05,0.582,0.6,0.03,-0.109,0.106,0.716,-0.23,-0.673,0.119,0.413,0.687,0.333,0.392,-0.219,-0.336,0.673,0.031,0.758,0.384,0.465,0.663,0.429,0.703,-0.169,-0.029,0.651,0.242,0.669,0.503,0.483,-0.621,0.568,0.721,0.226,0.421,0.51,0.781,0.03,0.513,0.685,0.752,0.204,0.309,0.536,0.585,-0.419,-0.347,0.724,0.419,0.617,0.633,0.499,0.572,-0.119,0.611,0.401,-0.187,0.413,-0.14,0.422,0.189,0.125,0.077,0.641,0.478,0.764,-0.367,0.813,0.293,-0.637,0.665,-0.647,0.339,0.441,0.694,0.113,0.53,0.475,-0.677,0.468,0.251,0.748,-0.22,0.818,0.588,0.604,-0.033,0.123,0.742,0.559,0.429,0.821,0.476,0.667,0.668,0.51,0.739,0.305,0.805,0.716,0.558,0.468,0.551,0.367,-0.75,-0.152,0.504,0.709,0.221,-0.669,0.521,-0.159,0.724,0.624,0.902,0.337,-0.203,0.322,0.461,0.548,0.71,-0.411
BIDU,0.65,0.43,0.64,-0.274,0.613,0.59,-0.22,-0.258,0.318,-0.177,-0.077,0.496,-0.175,0.569,0.673,0.758,0.525,0.713,-0.404,0.084,0.194,0.469,0.0,0.353,0.028,-0.669,-0.659,0.373,0.488,-0.016,0.383,0.625,-0.064,0.544,0.682,0.728,0.207,-0.197,-0.25,0.689,0.697,0.194,0.486,0.043,0.596,0.705,-0.218,-0.189,0.695,0.427,-0.026,-0.071,-0.051,0.274,0.516,-0.297,-0.029,-0.014,0.417,-0.248,-0.026,-0.07,-0.448,0.375,0.572,0.046,0.329,0.517,0.347,0.21,0.513,-0.241,0.03,0.539,0.538,0.585,-0.036,-0.319,0.57,0.662,0.416,-0.016,0.058,0.542,-0.484,-0.566,-0.366,0.126,0.35,0.2,-0.093,-0.556,-0.562,0.765,-0.354,0.542,0.569,0.6,0.4,0.603,0.603,-0.565,-0.3,0.361,0.104,0.111,0.225,0.667,-0.31,-0.019,0.503,-0.078,0.267,0.075,0.76,-0.297,0.729,0.689,0.428,0.069,0.091,0.565,0.619,-0.552,-0.545,0.672,0.095,0.498,0.614,0.141,0.076,-0.399,0.225,0.054,-0.403,0.641,-0.487,0.135,-0.16,0.538,-0.306,0.482,0.278,0.413,-0.617,0.725,-0.116,-0.586,0.302,-0.728,0.353,0.332,0.277,-0.239,0.499,0.212,-0.379,0.591,-0.119,0.513,-0.425,0.633,0.619,0.129,-0.238,-0.003,0.412,0.686,0.059,0.36,0.028,0.384,0.753,0.197,0.416,-0.058,0.31,0.386,0.179,0.648,-0.104,0.06,-0.635,-0.208,0.076,0.738,-0.092,-0.735,0.139,-0.48,0.249,0.004,0.572,-0.129,-0.114,-0.072,0.069,0.421,0.328,-0.503
BLNE,0.076,0.111,0.264,0.454,0.678,0.688,0.312,0.361,0.282,0.371,0.438,0.772,0.381,0.813,0.111,0.614,0.797,0.518,0.175,0.682,0.605,0.708,0.353,0.0,0.517,-0.315,-0.465,0.793,0.005,0.625,0.75,0.19,0.527,0.565,0.248,0.35,0.722,-0.716,0.325,0.631,0.704,0.586,0.669,0.484,0.644,0.696,0.225,0.491,0.186,0.775,0.621,0.217,0.598,0.785,0.72,-0.729,0.471,0.557,0.762,0.031,0.218,0.493,-0.146,0.216,0.181,0.498,0.518,0.733,0.592,0.093,0.678,0.038,0.609,-0.024,0.665,0.603,0.259,-0.245,0.421,0.384,0.277,0.041,0.238,0.444,0.011,-0.492,0.215,0.635,0.659,0.526,0.448,0.096,-0.041,0.472,0.264,0.494,0.446,0.146,0.584,0.433,0.357,0.004,0.208,0.29,0.306,0.707,0.575,0.222,-0.434,0.463,0.304,0.449,0.646,0.339,0.615,0.275,0.272,0.355,0.836,0.223,0.428,0.142,0.353,-0.322,-0.3,0.494,0.542,0.276,0.314,0.403,0.684,0.135,0.548,0.519,0.043,0.327,-0.385,0.674,0.236,-0.172,0.08,0.712,0.476,0.854,-0.352,0.562,0.54,-0.505,0.299,-0.57,0.024,0.081,0.726,0.278,0.571,0.8,-0.748,0.037,0.406,0.752,-0.005,0.55,0.245,0.756,0.135,0.272,0.692,0.244,0.531,0.754,0.64,0.714,0.486,0.472,0.674,0.523,0.769,0.67,0.66,0.158,0.378,0.561,-0.759,0.236,0.564,0.53,0.546,-0.618,0.598,0.024,0.751,0.686,0.798,0.099,-0.464,0.615,0.666,0.08,0.774,-0.366
BLNK,-0.303,-0.038,-0.225,0.707,0.516,0.53,0.796,0.629,-0.076,0.737,0.782,0.599,0.718,0.585,-0.237,0.351,0.558,0.226,0.669,0.782,0.835,0.469,0.028,0.517,0.0,0.251,0.04,0.697,-0.515,0.846,0.631,-0.222,0.808,0.136,-0.081,0.095,0.819,-0.235,0.769,0.358,0.47,0.664,0.592,0.735,0.524,0.279,0.695,0.651,0.001,0.523,0.818,0.722,0.604,0.613,0.526,-0.581,0.825,0.855,0.63,0.496,0.63,0.709,0.449,0.194,0.137,0.768,0.437,0.646,0.689,-0.265,0.538,0.44,0.702,-0.502,0.641,0.424,0.566,-0.093,0.08,-0.089,0.42,0.357,0.487,0.469,0.551,0.045,0.603,0.839,0.727,0.259,0.784,0.509,0.492,0.18,0.687,0.14,0.192,-0.186,0.671,0.281,-0.112,0.524,0.564,0.2,0.82,0.595,0.759,-0.104,-0.139,0.445,0.05,0.833,0.765,0.352,0.244,0.736,-0.142,-0.059,0.734,0.461,0.73,-0.322,-0.173,0.233,0.282,-0.047,0.759,0.192,0.198,0.585,0.828,0.652,0.494,0.857,0.553,0.103,0.129,0.764,0.604,-0.469,0.574,0.485,0.477,0.684,0.123,0.329,0.826,0.123,-0.067,-0.171,-0.244,-0.326,0.744,0.709,0.525,0.495,-0.466,-0.305,0.784,0.584,0.485,0.171,-0.288,0.853,0.682,0.762,0.779,-0.203,0.779,0.592,0.771,0.739,0.347,0.748,0.544,0.81,0.677,0.674,0.824,-0.017,0.421,0.845,-0.377,0.598,0.677,0.289,0.769,-0.1,0.875,0.534,0.725,0.655,0.528,0.466,-0.372,0.691,0.787,0.246,0.658,-0.099
BTAI,-0.873,-0.572,-0.833,0.521,-0.472,-0.35,0.644,0.506,-0.522,0.522,0.325,-0.409,0.549,-0.507,-0.81,-0.733,-0.479,-0.767,0.734,0.188,0.076,-0.499,-0.669,-0.315,0.251,0.0,0.935,-0.301,-0.785,0.291,-0.267,-0.819,0.413,-0.794,-0.693,-0.819,0.069,0.407,0.604,-0.65,-0.637,-0.061,-0.391,0.303,-0.526,-0.708,0.574,0.432,-0.664,-0.333,0.23,0.497,0.173,-0.173,-0.543,0.164,0.332,0.322,-0.298,0.613,0.483,0.273,0.826,-0.334,-0.478,0.303,-0.231,-0.421,-0.08,-0.465,-0.485,0.689,0.135,-0.832,-0.373,-0.501,0.211,0.322,-0.721,-0.913,0.01,0.28,0.153,-0.46,0.816,0.82,0.675,0.214,-0.114,-0.232,0.37,0.815,0.751,-0.664,0.695,-0.727,-0.445,-0.783,-0.272,-0.518,-0.736,0.838,0.61,-0.424,0.259,-0.034,0.139,-0.741,0.347,0.108,-0.54,0.377,0.117,0.096,-0.748,0.691,-0.897,-0.818,-0.27,0.13,0.073,-0.832,-0.834,0.901,0.882,-0.894,0.188,-0.462,-0.607,0.128,0.192,0.787,-0.169,0.315,0.685,-0.614,0.66,0.09,0.486,-0.698,0.546,-0.379,-0.132,-0.268,0.675,-0.697,0.432,0.793,-0.484,0.832,-0.397,-0.639,-0.094,0.596,-0.419,-0.099,0.384,-0.722,0.462,-0.414,0.784,-0.726,-0.885,0.104,0.679,0.299,-0.209,-0.861,0.206,-0.3,0.215,-0.193,-0.627,0.097,-0.296,0.385,-0.169,-0.147,0.124,-0.544,0.21,0.168,0.705,0.515,0.165,-0.722,0.342,0.791,0.125,0.806,-0.104,0.024,-0.545,0.364,-0.04,0.256,0.199,-0.355,-0.177,0.679
BYND,-0.845,-0.553,-0.828,0.374,-0.621,-0.474,0.495,0.391,-0.536,0.374,0.142,-0.542,0.404,-0.667,-0.765,-0.835,-0.604,-0.861,0.616,0.007,-0.097,-0.599,-0.659,-0.465,0.04,0.935,0.0,-0.454,-0.678,0.091,-0.418,-0.806,0.241,-0.864,-0.715,-0.844,-0.121,0.5,0.462,-0.78,-0.764,-0.235,-0.524,0.124,-0.671,-0.776,0.421,0.273,-0.689,-0.435,0.055,0.354,0.023,-0.305,-0.709,0.284,0.168,0.147,-0.439,0.544,0.34,0.107,0.781,-0.343,-0.526,0.133,-0.33,-0.559,-0.265,-0.456,-0.623,0.608,-0.017,-0.722,-0.532,-0.643,0.121,0.39,-0.799,-0.907,-0.065,0.229,0.02,-0.604,0.708,0.829,0.559,0.043,-0.247,-0.241,0.219,0.728,0.67,-0.717,0.561,-0.757,-0.503,-0.791,-0.438,-0.618,-0.741,0.749,0.504,-0.496,0.1,-0.12,-0.043,-0.782,0.365,0.022,-0.591,0.197,-0.079,0.029,-0.823,0.533,-0.907,-0.81,-0.452,0.006,-0.032,-0.78,-0.81,0.909,0.868,-0.914,0.061,-0.457,-0.707,0.01,0.019,0.665,-0.321,0.14,0.582,-0.708,0.668,-0.083,0.349,-0.624,0.439,-0.489,-0.279,-0.429,0.677,-0.805,0.271,0.787,-0.522,0.899,-0.323,-0.606,-0.248,0.482,-0.507,-0.218,0.509,-0.634,0.302,-0.555,0.721,-0.806,-0.832,-0.093,0.526,0.163,-0.378,-0.858,0.046,-0.419,0.033,-0.363,-0.726,-0.049,-0.417,0.214,-0.31,-0.327,-0.046,-0.548,0.135,-0.02,0.801,0.369,0.017,-0.808,0.152,0.826,-0.073,0.749,-0.297,-0.125,-0.651,0.311,0.029,0.116,0.015,-0.417,-0.33,0.726
CAN,0.096,0.171,0.23,0.551,0.764,0.659,0.444,0.423,0.234,0.499,0.544,0.897,0.403,0.889,0.113,0.677,0.858,0.504,0.284,0.773,0.754,0.744,0.373,0.793,0.697,-0.301,-0.454,0.0,-0.069,0.71,0.851,0.1,0.632,0.562,0.101,0.472,0.783,-0.676,0.451,0.679,0.765,0.604,0.722,0.582,0.699,0.766,0.384,0.558,0.252,0.762,0.742,0.361,0.641,0.825,0.757,-0.738,0.619,0.694,0.814,0.256,0.248,0.665,-0.02,0.201,0.165,0.618,0.553,0.902,0.599,0.002,0.772,0.097,0.694,-0.082,0.711,0.646,0.345,-0.237,0.345,0.457,0.306,0.14,0.201,0.485,0.064,-0.484,0.252,0.758,0.807,0.609,0.575,0.134,0.106,0.422,0.384,0.597,0.494,0.048,0.654,0.439,0.315,0.101,0.316,0.346,0.547,0.8,0.666,0.122,-0.481,0.415,0.244,0.588,0.669,0.294,0.619,0.361,0.22,0.425,0.916,0.133,0.672,0.084,0.34,-0.244,-0.183,0.47,0.684,0.427,0.3,0.487,0.764,0.244,0.58,0.644,0.176,0.274,-0.322,0.78,0.285,-0.24,0.206,0.848,0.38,0.882,-0.248,0.6,0.654,-0.452,0.222,-0.561,-0.007,0.099,0.848,0.44,0.713,0.754,-0.783,0.069,0.577,0.824,0.124,0.56,0.199,0.852,0.246,0.505,0.835,0.178,0.688,0.878,0.717,0.862,0.591,0.628,0.772,0.666,0.849,0.73,0.795,0.127,0.343,0.717,-0.814,0.275,0.663,0.594,0.563,-0.616,0.728,0.168,0.764,0.686,0.891,0.207,-0.565,0.714,0.761,0.16,0.868,-0.435
CCEC,0.838,0.714,0.872,-0.655,0.301,0.039,-0.809,-0.801,0.634,-0.61,-0.714,0.074,-0.783,0.139,0.846,0.404,0.195,0.596,-0.851,-0.398,-0.419,0.364,0.488,0.005,-0.515,-0.785,-0.678,-0.069,0.0,-0.57,-0.019,0.813,-0.589,0.506,0.584,0.611,-0.406,-0.204,-0.779,0.249,0.412,-0.121,0.107,-0.444,0.183,0.411,-0.636,-0.564,0.434,-0.079,-0.62,-0.724,-0.588,-0.036,0.302,0.079,-0.477,-0.58,0.089,-0.645,-0.777,-0.355,-0.77,0.33,0.251,-0.498,0.279,-0.012,-0.377,0.808,0.052,-0.721,-0.201,0.851,0.048,0.1,-0.273,0.139,0.606,0.679,-0.425,-0.62,-0.521,0.307,-0.935,-0.692,-0.609,-0.552,-0.144,-0.171,-0.495,-0.887,-0.938,0.493,-0.792,0.561,0.154,0.735,-0.141,0.118,0.832,-0.802,-0.685,0.469,-0.602,-0.181,-0.364,0.69,-0.472,-0.007,0.672,-0.715,-0.468,0.109,0.538,-0.807,0.756,0.815,-0.104,-0.39,-0.509,0.938,0.811,-0.662,-0.618,0.76,-0.506,0.455,0.535,-0.093,-0.449,-0.822,0.083,-0.568,-0.792,0.398,-0.231,-0.474,-0.439,0.736,-0.454,0.102,-0.179,-0.09,-0.594,0.511,-0.703,-0.774,0.716,-0.454,0.663,0.768,-0.178,-0.702,-0.086,-0.202,-0.181,0.913,-0.568,0.064,-0.785,0.678,0.929,-0.405,-0.843,-0.714,-0.126,0.813,-0.462,0.116,-0.476,-0.168,0.377,-0.307,0.143,-0.639,0.024,0.019,-0.383,0.559,0.025,-0.565,-0.3,-0.847,-0.242,0.504,-0.708,-0.519,-0.45,-0.809,-0.148,-0.272,0.26,-0.14,0.159,-0.544,-0.477,0.432,-0.081,-0.326
CDW,-0.466,-0.167,-0.223,0.851,0.474,0.546,0.875,0.721,0.025,0.83,0.786,0.621,0.774,0.609,-0.4,0.253,0.588,0.126,0.77,0.916,0.838,0.431,-0.016,0.625,0.846,0.291,0.091,0.71,-0.57,0.0,0.65,-0.308,0.913,0.144,-0.151,-0.089,0.899,-0.385,0.87,0.358,0.387,0.599,0.567,0.817,0.481,0.308,0.727,0.835,-0.173,0.54,0.877,0.68,0.75,0.736,0.462,-0.62,0.834,0.892,0.637,0.42,0.655,0.737,0.459,-0.025,0.023,0.8,0.463,0.647,0.712,-0.258,0.562,0.547,0.76,-0.644,0.612,0.429,0.616,-0.131,0.043,-0.155,0.412,0.249,0.487,0.283,0.65,0.055,0.708,0.877,0.743,0.361,0.798,0.636,0.536,0.08,0.829,0.121,0.168,-0.278,0.582,0.189,-0.136,0.603,0.635,0.141,0.697,0.719,0.764,-0.232,-0.151,0.575,-0.007,0.895,0.861,0.423,0.19,0.845,-0.279,-0.133,0.795,0.445,0.683,-0.42,-0.207,0.227,0.271,-0.067,0.812,0.009,0.054,0.553,0.931,0.716,0.6,0.924,0.573,0.018,0.087,0.835,0.715,-0.575,0.637,0.519,0.545,0.728,0.199,0.233,0.912,0.028,-0.039,-0.127,-0.335,-0.351,0.775,0.783,0.5,0.686,-0.562,-0.447,0.846,0.606,0.525,0.136,-0.358,0.946,0.749,0.664,0.775,-0.303,0.797,0.677,0.893,0.736,0.18,0.685,0.566,0.88,0.729,0.684,0.868,-0.145,0.443,0.862,-0.402,0.671,0.727,0.185,0.896,-0.093,0.849,0.624,0.747,0.806,0.553,0.436,-0.423,0.791,0.891,-0.04,0.73,-0.038
CDXS,0.149,0.137,0.269,0.571,0.862,0.751,0.41,0.405,0.199,0.426,0.604,0.878,0.444,0.87,0.132,0.714,0.8,0.529,0.283,0.797,0.767,0.662,0.383,0.75,0.631,-0.267,-0.418,0.851,-0.019,0.65,0.0,0.189,0.707,0.412,0.198,0.485,0.806,-0.642,0.431,0.701,0.727,0.754,0.658,0.744,0.744,0.667,0.536,0.563,0.368,0.824,0.633,0.467,0.55,0.642,0.758,-0.805,0.696,0.741,0.866,0.214,0.355,0.732,0.116,0.17,0.183,0.787,0.656,0.716,0.651,0.061,0.601,0.072,0.629,-0.129,0.771,0.717,0.208,-0.171,0.458,0.385,0.406,0.044,0.13,0.551,0.006,-0.432,0.372,0.795,0.872,0.401,0.693,0.145,0.014,0.479,0.34,0.558,0.686,0.102,0.57,0.461,0.331,0.151,0.459,0.129,0.445,0.643,0.772,0.219,-0.384,0.294,0.207,0.577,0.734,0.487,0.711,0.402,0.264,0.402,0.886,0.068,0.5,0.085,0.445,-0.159,-0.073,0.485,0.513,0.554,0.366,0.734,0.696,0.328,0.599,0.543,0.313,0.338,-0.328,0.81,0.405,-0.087,0.212,0.928,0.294,0.912,-0.263,0.63,0.564,-0.418,0.239,-0.469,0.246,0.141,0.89,0.494,0.579,0.834,-0.696,0.042,0.638,0.892,0.222,0.638,0.227,0.8,0.168,0.462,0.73,0.125,0.794,0.819,0.767,0.894,0.613,0.766,0.931,0.715,0.866,0.88,0.864,0.352,0.359,0.678,-0.663,0.308,0.829,0.656,0.549,-0.577,0.763,0.125,0.824,0.514,0.781,0.354,-0.661,0.738,0.79,0.092,0.929,-0.221
