,ABEO,ACHC,AGNCN,AKAM,AKRO,ALRM,AMAT,AMED,AMRN,ANGI,APA,APOG,APPS,ARCB,ARCC,ARVN,ATEC,ATXS,AVAV,AXON,BANF,BATRK,BIDU,BLNE,BLNK,BTAI,BYND,CAN,CCEC,CDW,CDXS,CELH,CGNX,CHKP,CHRS,CHRW,CIGI,CKPT,CMPR,COGT,CRNC,CRSP,CSTL,CTSH,CVGW,DGLY,DNLI,DOCU,DVAX,EBAY,EHTH,ERII,ESLT,EXPE,EXPO,FBIOP,FFBC,FFIN,FOXF,FWRD,GDS,GERN,GPRE,GRWG,GRYP,HEES,HELE,HIVE,HON,HRTX,HSTM,HURA,IART,IBKR,IBOC,IBRX,IDXX,INGN,INM,INVA,IQ,IRBT,KDP,KPTI,KTOS,KXIN,LAMR,LFUS,LGIH,LGMK,LKFN,LNW,LOPE,LPSN,LYFT,MGNX,MLCO,MNST,MODV,MSTR,MTCH,MYGN,MYRG,NCMI,NEXT,NFLX,NIU,NKTR,NRC,NTNX,NTRA,NVEE,NVMI,NWL,NWS,NXPI,OCGN,OCSL,OKTA,OLLI,OTLK,OXLC,PAA,PARA,PARAA,PDCO,PDFS,PFG,PGEN,PNFP,PODD,POWI,PSMT,PTC,PTEN,PVLA,RDNT,RDUS,RDWR,REGN,RNAC,ROCK,ROST,RRR,RSLS,RVMD,RYAAY,SAFT,SAGE,SAVA,SBGI,SFM,SFNC,SHYF,SIBN,SIFY,SIGI,SIMO,SITM,SLM,SNBR,SNDX,SNY,SPNS,SRRK,STRA,SUPN,SYRE,TCBK,TEAM,TECH,THRM,TLRY,TRMK,TROW,TSLA,TWST,TXN,UFPI,UNIT,UPWK,USLM,UTHR,VERB,VLY,VRNA,VRRM,VXRT,WAFD,WATT,WBA,WING,WIX,WTFC,WTW,XPEL,XRX,YMAB,ZG,ZLAB
ABEO,0.0,-0.173,-0.074,0.453,0.255,0.021,-0.254,0.148,-0.406,-0.053,-0.018,0.532,0.211,0.006,0.274,0.33,0.54,-0.003,0.195,0.315,0.367,0.118,-0.173,0.402,0.372,0.012,-0.341,-0.131,-0.165,0.166,0.415,0.11,0.15,0.249,-0.114,0.125,-0.26,0.135,-0.105,0.132,0.389,0.254,0.164,0.238,0.145,-0.281,-0.29,0.451,-0.173,0.152,0.293,0.428,0.345,0.403,0.036,0.125,0.257,0.299,0.152,0.598,-0.142,-0.357,-0.017,-0.139,0.061,0.045,0.302,0.073,0.323,-0.242,-0.102,0.133,0.288,0.343,0.316,-0.07,-0.379,-0.279,-0.028,0.423,-0.352,-0.489,-0.013,0.057,0.156,0.001,0.153,0.03,-0.034,-0.217,0.277,0.438,-0.437,-0.135,0.168,0.167,-0.08,0.109,-0.036,0.135,0.138,-0.244,0.43,-0.096,0.208,0.162,0.089,0.268,-0.215,0.394,-0.149,0.355,-0.178,0.121,0.175,-0.286,0.019,0.498,0.149,0.011,-0.029,0.314,0.027,0.088,0.271,-0.088,-0.099,0.262,-0.346,0.344,-0.214,0.079,0.497,0.217,0.065,0.101,-0.225,0.097,0.109,-0.124,0.419,-0.026,-0.013,-0.099,0.041,0.466,0.095,0.388,-0.057,0.176,0.44,0.176,0.151,0.186,-0.154,0.231,0.297,-0.166,0.078,0.521,0.003,-0.108,-0.082,0.117,0.492,-0.28,0.257,0.117,0.266,0.253,-0.313,-0.321,-0.412,0.267,0.343,-0.241,0.198,-0.447,0.215,0.091,-0.272,0.243,0.52,-0.215,0.135,0.322,0.182,-0.187,0.227,0.146,0.456,-0.3,0.465,0.234,-0.31,0.209,0.505,0.072,-0.08,-0.056
ACHC,-0.173,0.0,-0.192,-0.484,-0.093,-0.315,0.46,-0.463,0.511,0.53,0.174,-0.336,-0.235,0.349,-0.62,-0.44,0.165,-0.208,-0.411,-0.814,-0.377,-0.275,0.612,-0.69,-0.754,-0.32,0.5,-0.025,-0.0,0.262,0.085,0.025,0.501,-0.544,0.605,0.336,-0.072,-0.723,0.782,-0.732,0.044,-0.283,-0.348,0.417,0.706,0.052,0.674,-0.558,0.259,0.528,-0.66,-0.383,-0.532,-0.724,0.678,-0.565,-0.125,-0.048,0.777,-0.425,0.08,0.69,0.605,-0.329,0.038,-0.779,-0.2,-0.648,-0.281,0.469,0.261,0.709,-0.372,-0.54,-0.257,-0.388,0.801,0.441,-0.597,-0.299,0.409,-0.115,0.629,-0.234,0.443,0.344,-0.366,0.702,0.853,0.197,-0.153,-0.446,0.687,-0.146,-0.512,-0.161,0.663,-0.357,0.516,-0.789,0.162,0.754,-0.458,-0.308,-0.674,-0.767,0.057,-0.381,0.846,-0.341,0.631,0.461,0.451,-0.352,-0.108,-0.258,0.31,0.116,0.148,0.739,-0.349,-0.735,0.538,0.69,0.285,-0.351,0.668,-0.098,0.261,-0.44,-0.423,0.158,-0.26,-0.472,-0.051,-0.276,0.456,0.72,0.025,0.876,-0.615,0.605,0.35,0.512,-0.328,-0.255,-0.376,0.324,-0.506,0.121,-0.263,-0.72,-0.524,0.318,0.583,-0.537,0.025,0.489,-0.702,0.096,0.756,0.316,0.793,-0.419,-0.619,0.889,-0.582,-0.593,-0.203,-0.569,0.833,0.825,-0.079,-0.469,-0.46,0.013,0.365,0.033,0.158,0.018,-0.624,-0.523,0.094,-0.173,-0.338,-0.67,0.708,0.461,0.222,-0.482,-0.151,0.736,-0.165,-0.463,0.555,0.575,0.255,-0.702,0.735,-0.704
AGNCN,-0.074,-0.192,0.0,0.384,0.663,0.679,-0.541,0.331,-0.179,-0.011,-0.739,0.004,0.509,0.466,0.66,0.628,0.121,0.294,0.682,0.466,0.703,0.766,-0.725,0.186,0.485,0.462,0.106,-0.168,0.461,-0.262,0.344,0.41,0.189,0.563,-0.751,0.475,0.558,0.653,-0.244,0.62,-0.273,0.695,0.649,0.112,-0.319,0.173,-0.153,0.558,0.124,-0.393,0.586,0.261,0.551,0.463,-0.417,0.527,0.675,0.598,-0.201,0.387,0.109,-0.441,-0.721,0.117,0.385,0.535,0.13,0.614,0.435,-0.439,0.006,-0.194,0.643,0.169,0.67,0.453,-0.481,0.302,0.525,0.518,-0.559,-0.051,-0.273,-0.098,0.017,-0.635,0.708,-0.058,-0.123,-0.43,0.662,0.125,-0.361,0.021,0.63,0.37,-0.691,0.713,-0.174,0.53,0.308,-0.58,0.564,0.67,0.603,0.271,-0.771,0.419,-0.266,0.366,-0.499,-0.031,-0.456,0.467,0.656,0.298,-0.51,0.254,0.146,-0.428,0.3,0.342,-0.612,-0.303,-0.432,0.583,-0.476,0.304,0.142,0.678,0.398,0.443,0.435,0.717,-0.58,0.584,0.297,-0.45,0.323,-0.41,-0.119,-0.604,0.39,-0.468,0.45,0.235,0.672,0.235,0.639,0.411,0.328,0.645,0.743,0.393,-0.556,0.625,0.478,-0.76,-0.001,0.081,-0.499,0.581,-0.385,0.321,0.276,-0.144,0.757,0.695,0.656,0.569,-0.479,-0.329,-0.213,0.729,0.598,-0.121,0.231,0.065,0.257,0.453,0.389,0.715,0.265,0.383,0.697,0.505,-0.153,-0.132,0.39,0.28,0.599,-0.587,0.526,0.7,-0.088,-0.448,0.086,0.525,-0.102,0.472
AKAM,0.453,-0.484,0.384,0.0,0.748,0.45,-0.475,0.702,-0.571,0.19,-0.279,0.516,0.657,0.142,0.82,0.613,0.23,0.019,0.657,0.771,0.799,0.49,-0.735,0.55,0.653,-0.009,-0.184,-0.351,0.292,-0.054,0.581,0.596,0.162,0.802,-0.598,0.426,-0.014,0.544,-0.251,0.666,0.001,0.702,0.687,0.216,-0.24,0.017,-0.485,0.864,-0.331,-0.236,0.639,0.744,0.511,0.747,-0.156,0.444,0.689,0.709,-0.126,0.751,0.1,-0.746,-0.604,-0.102,0.182,0.401,0.487,0.604,0.887,-0.788,-0.207,-0.23,0.837,0.62,0.791,-0.018,-0.684,-0.27,0.299,0.593,-0.816,-0.242,0.009,0.111,0.018,-0.406,0.677,-0.226,-0.24,-0.636,0.609,0.37,-0.852,-0.061,0.807,0.71,-0.632,0.657,-0.285,0.609,0.356,-0.725,0.899,0.384,0.696,0.594,-0.386,0.682,-0.574,0.709,-0.482,0.377,-0.345,0.16,0.415,-0.113,-0.39,0.472,0.439,-0.272,0.196,0.53,-0.284,-0.514,-0.216,0.437,-0.349,0.746,0.025,0.786,0.441,0.321,0.49,0.708,-0.333,0.383,0.017,-0.25,0.661,-0.443,0.373,-0.655,0.18,-0.646,0.591,0.657,0.61,0.437,0.372,0.343,0.744,0.601,0.702,0.215,-0.561,0.878,0.708,-0.659,0.431,0.59,-0.601,0.287,-0.598,0.418,0.644,-0.536,0.715,0.559,0.728,0.854,-0.685,-0.608,-0.576,0.737,0.83,-0.675,0.446,-0.427,0.39,0.231,-0.025,0.787,0.683,0.192,0.535,0.8,-0.177,-0.57,0.45,0.436,0.758,-0.714,0.835,0.715,-0.47,-0.179,0.334,0.624,-0.15,0.264
AKRO,0.255,-0.093,0.663,0.748,0.0,0.563,-0.483,0.463,-0.287,0.406,-0.534,0.304,0.667,0.541,0.753,0.655,0.378,0.157,0.729,0.506,0.815,0.628,-0.658,0.29,0.49,0.152,0.15,-0.281,0.622,-0.187,0.711,0.705,0.501,0.667,-0.604,0.74,0.35,0.488,-0.024,0.542,-0.202,0.851,0.742,0.412,-0.061,0.16,-0.06,0.7,0.004,-0.223,0.548,0.504,0.517,0.527,-0.106,0.44,0.806,0.811,0.175,0.612,0.3,-0.511,-0.566,-0.126,0.492,0.266,0.267,0.572,0.734,-0.547,-0.01,0.018,0.822,0.326,0.84,0.162,-0.479,0.146,0.289,0.658,-0.675,-0.238,0.081,-0.006,0.238,-0.457,0.736,0.072,0.121,-0.616,0.761,0.127,-0.534,0.002,0.774,0.651,-0.558,0.781,0.013,0.436,0.522,-0.542,0.778,0.594,0.616,0.307,-0.656,0.638,-0.22,0.593,-0.361,0.439,-0.357,0.344,0.637,-0.016,-0.369,0.632,0.409,-0.047,0.267,0.275,-0.353,-0.283,-0.319,0.501,-0.249,0.623,0.233,0.804,0.379,0.627,0.507,0.753,-0.513,0.527,0.397,-0.198,0.714,-0.2,-0.004,-0.573,0.561,-0.415,0.527,0.49,0.659,0.666,0.486,0.601,0.656,0.517,0.708,0.613,-0.374,0.781,0.822,-0.694,0.015,0.493,-0.376,0.725,-0.317,0.358,0.353,-0.11,0.735,0.603,0.802,0.718,-0.434,-0.303,-0.535,0.76,0.82,-0.535,0.651,-0.273,0.468,0.44,-0.075,0.767,0.717,0.369,0.642,0.613,0.054,-0.2,0.629,0.239,0.857,-0.542,0.874,0.719,-0.232,-0.163,0.45,0.501,0.218,0.198
ALRM,0.021,-0.315,0.679,0.45,0.563,0.0,-0.495,0.353,-0.097,0.083,-0.705,0.079,0.632,0.588,0.681,0.636,0.068,0.245,0.756,0.579,0.67,0.634,-0.742,0.245,0.623,0.592,0.078,-0.158,0.269,-0.278,0.186,0.487,0.08,0.676,-0.8,0.509,0.527,0.71,-0.201,0.721,-0.153,0.734,0.62,-0.12,-0.554,0.212,-0.229,0.562,-0.083,-0.483,0.65,0.322,0.583,0.517,-0.565,0.576,0.625,0.556,-0.296,0.338,0.118,-0.436,-0.653,0.423,0.306,0.685,0.203,0.681,0.474,-0.578,-0.165,-0.431,0.728,0.187,0.661,0.591,-0.434,0.233,0.628,0.398,-0.545,0.035,-0.323,-0.318,-0.356,-0.804,0.714,-0.083,-0.303,-0.367,0.614,0.252,-0.409,0.218,0.725,0.281,-0.692,0.755,-0.458,0.704,0.233,-0.681,0.557,0.777,0.694,0.471,-0.761,0.419,-0.353,0.437,-0.611,-0.103,-0.384,0.603,0.672,0.468,-0.344,0.054,0.236,-0.468,0.409,0.435,-0.634,-0.296,-0.379,0.739,-0.407,0.264,0.056,0.691,0.566,0.408,0.452,0.759,-0.603,0.527,0.152,-0.562,0.31,-0.509,-0.13,-0.72,0.24,-0.495,0.42,0.197,0.837,0.061,0.69,0.345,0.314,0.731,0.756,0.29,-0.581,0.659,0.348,-0.709,0.203,0.148,-0.609,0.452,-0.363,0.524,0.368,-0.242,0.68,0.742,0.637,0.689,-0.501,-0.283,-0.011,0.737,0.646,-0.029,0.159,0.187,0.184,0.326,0.49,0.817,0.224,0.431,0.706,0.52,-0.223,-0.228,0.296,0.4,0.472,-0.648,0.534,0.75,-0.074,-0.473,-0.04,0.529,-0.22,0.56
AMAT,-0.254,0.46,-0.541,-0.475,-0.483,-0.495,0.0,-0.476,0.332,0.179,0.739,-0.045,-0.22,-0.024,-0.711,-0.651,-0.341,-0.444,-0.6,-0.534,-0.683,-0.748,0.718,-0.757,-0.594,-0.617,0.474,0.009,-0.402,0.629,-0.36,-0.075,-0.009,-0.376,0.757,-0.112,-0.308,-0.802,0.652,-0.752,0.348,-0.623,-0.465,-0.036,0.415,0.176,0.255,-0.56,-0.349,0.697,-0.716,-0.127,-0.493,-0.784,0.492,-0.791,-0.487,-0.426,0.358,-0.642,-0.276,0.696,0.776,-0.397,-0.596,-0.517,0.178,-0.781,-0.423,0.34,-0.131,0.461,-0.522,0.004,-0.543,-0.339,0.763,-0.226,-0.738,-0.512,0.444,0.047,0.262,0.105,0.334,0.54,-0.591,0.36,0.406,0.053,-0.665,0.052,0.396,-0.365,-0.696,-0.091,0.774,-0.794,0.521,-0.533,-0.277,0.665,-0.487,-0.666,-0.521,-0.577,0.438,-0.722,0.331,-0.084,0.843,0.158,0.959,-0.397,-0.655,0.153,0.595,-0.184,0.323,0.585,-0.574,-0.327,0.778,0.373,0.485,-0.717,0.868,-0.297,-0.293,-0.708,-0.508,-0.035,-0.558,-0.501,0.461,-0.701,0.101,0.609,-0.053,0.685,-0.12,0.633,-0.415,0.455,-0.67,-0.043,-0.661,-0.293,-0.783,-0.574,-0.184,-0.641,-0.68,-0.285,0.443,-0.515,-0.414,0.862,0.032,-0.041,0.39,-0.299,0.587,-0.632,-0.375,0.417,-0.756,-0.797,-0.479,-0.473,0.707,0.661,-0.02,-0.7,-0.755,0.089,-0.007,0.452,0.286,-0.684,-0.453,-0.626,-0.407,-0.265,-0.453,-0.604,0.322,0.187,0.017,-0.556,-0.61,0.814,-0.537,-0.63,0.344,0.663,-0.227,-0.509,0.263,-0.692
AMED,0.148,-0.463,0.331,0.702,0.463,0.353,-0.476,0.0,-0.51,0.114,-0.302,0.188,0.359,-0.062,0.647,0.41,0.071,-0.087,0.446,0.591,0.59,0.494,-0.694,0.463,0.449,0.058,-0.326,-0.318,0.286,-0.094,0.27,0.364,-0.023,0.564,-0.524,0.154,0.068,0.517,-0.355,0.639,-0.208,0.444,0.483,0.09,-0.307,0.004,-0.482,0.654,-0.228,-0.363,0.507,0.509,0.115,0.654,-0.138,0.398,0.451,0.505,-0.284,0.515,-0.024,-0.713,-0.7,0.046,0.096,0.389,0.266,0.529,0.693,-0.7,-0.253,-0.374,0.589,0.317,0.557,-0.119,-0.567,-0.113,0.3,0.333,-0.671,-0.038,0.023,-0.149,-0.238,-0.418,0.58,-0.269,-0.307,-0.389,0.462,0.124,-0.598,-0.039,0.632,0.461,-0.664,0.609,-0.51,0.463,0.309,-0.619,0.632,0.355,0.497,0.621,-0.443,0.5,-0.474,0.318,-0.55,0.075,-0.446,-0.044,0.283,-0.111,-0.639,0.166,0.161,-0.366,0.131,0.398,-0.35,-0.502,-0.399,0.518,-0.489,0.584,0.239,0.592,0.512,0.001,0.417,0.537,-0.368,0.352,-0.11,-0.339,0.266,-0.47,0.211,-0.591,0.218,-0.736,0.607,0.362,0.542,0.269,0.385,0.315,0.348,0.49,0.58,-0.054,-0.467,0.667,0.562,-0.632,0.304,0.252,-0.542,0.217,-0.616,0.301,0.436,-0.427,0.578,0.528,0.534,0.641,-0.62,-0.543,-0.378,0.573,0.647,-0.443,0.186,-0.298,0.127,0.285,0.195,0.584,0.408,0.126,0.394,0.676,-0.311,-0.638,0.172,0.522,0.524,-0.661,0.527,0.564,-0.283,-0.346,0.071,0.456,-0.213,0.373
AMRN,-0.406,0.511,-0.179,-0.571,-0.287,-0.097,0.332,-0.51,0.0,0.206,0.032,-0.476,-0.346,0.132,-0.555,-0.478,-0.147,-0.073,-0.359,-0.656,-0.471,-0.393,0.525,-0.441,-0.52,0.12,0.347,0.211,-0.056,-0.048,-0.273,-0.256,0.136,-0.56,0.379,0.002,0.172,-0.409,0.366,-0.47,-0.131,-0.266,-0.481,-0.013,0.194,-0.026,0.661,-0.67,0.455,-0.01,-0.56,-0.448,-0.268,-0.56,0.114,-0.105,-0.258,-0.387,0.329,-0.49,0.096,0.694,0.491,0.123,0.24,-0.428,-0.351,-0.292,-0.511,0.539,0.289,0.112,-0.447,-0.575,-0.465,0.045,0.615,0.441,-0.14,-0.518,0.621,0.234,0.207,-0.098,-0.148,0.168,-0.466,0.316,0.38,0.516,-0.23,-0.476,0.709,0.132,-0.369,-0.511,0.439,-0.265,0.129,-0.413,-0.087,0.562,-0.635,0.004,-0.566,-0.286,0.074,-0.346,0.707,-0.492,0.291,-0.051,0.264,0.086,0.007,0.112,0.537,-0.159,-0.198,0.322,0.146,-0.554,0.099,0.51,-0.054,-0.03,0.447,-0.491,0.295,-0.484,-0.035,0.022,-0.439,-0.453,-0.066,-0.085,0.1,0.331,-0.227,0.449,-0.521,0.411,0.178,0.567,-0.199,-0.552,-0.186,-0.102,-0.08,-0.088,-0.588,-0.513,-0.477,0.26,0.496,-0.535,-0.349,0.422,-0.464,-0.39,0.452,0.04,0.659,-0.004,-0.662,0.637,-0.497,-0.383,-0.447,-0.589,0.655,0.718,0.494,-0.51,-0.407,0.414,-0.043,0.197,-0.28,-0.153,-0.126,-0.447,-0.328,0.011,-0.353,-0.691,0.199,0.64,-0.25,-0.32,-0.457,0.568,-0.393,-0.464,0.508,0.219,-0.08,-0.583,0.376,-0.246
ANGI,-0.053,0.53,-0.011,0.19,0.406,0.083,0.179,0.114,0.206,0.0,0.069,-0.07,0.225,0.438,-0.078,-0.064,0.151,-0.148,0.051,-0.297,0.128,-0.043,0.146,-0.37,-0.36,-0.324,0.415,-0.254,0.387,0.038,0.426,0.47,0.615,-0.018,0.21,0.642,0.019,-0.353,0.619,-0.198,-0.167,0.153,0.099,0.547,0.449,0.071,0.484,-0.061,0.055,0.239,-0.329,0.052,-0.323,-0.269,0.556,-0.235,0.3,0.417,0.687,-0.022,0.267,0.262,0.161,-0.235,0.143,-0.499,0.052,-0.173,0.326,-0.068,0.181,0.39,0.198,-0.186,0.239,-0.427,0.42,0.344,-0.385,-0.017,-0.048,-0.152,0.708,-0.161,0.362,0.107,0.103,0.468,0.685,-0.172,0.196,-0.327,0.196,-0.066,0.125,0.361,0.213,0.163,0.319,-0.34,0.513,0.266,0.07,0.051,-0.198,-0.222,-0.225,0.121,0.487,0.043,0.275,0.604,0.227,-0.295,0.14,-0.28,0.036,0.249,0.439,0.626,-0.158,-0.501,0.354,0.308,0.079,0.042,0.426,0.384,0.485,0.06,0.076,0.354,0.026,-0.03,-0.234,0.033,0.541,0.497,0.531,0.58,-0.382,0.084,0.576,0.046,0.091,0.104,0.056,0.584,-0.201,0.353,0.168,-0.328,-0.062,0.421,0.333,0.077,0.5,0.061,-0.351,0.37,0.288,0.579,0.393,-0.086,-0.313,0.592,-0.088,-0.199,0.261,0.019,0.415,0.474,-0.304,0.004,0.107,-0.471,0.678,-0.201,0.331,0.18,-0.553,-0.01,0.439,0.103,0.02,-0.136,0.477,0.075,0.456,-0.232,0.285,0.309,0.336,0.017,0.227,0.388,0.398,-0.244,0.724,-0.469
APA,-0.018,0.174,-0.739,-0.279,-0.534,-0.705,0.739,-0.302,0.032,0.069,0.0,0.126,-0.4,-0.414,-0.603,-0.606,-0.329,-0.337,-0.575,-0.373,-0.648,-0.769,0.709,-0.385,-0.503,-0.712,0.062,0.014,-0.319,0.438,-0.317,-0.182,-0.22,-0.375,0.724,-0.378,-0.526,-0.721,0.356,-0.611,0.231,-0.702,-0.54,-0.109,0.345,-0.101,0.067,-0.466,-0.333,0.556,-0.576,-0.125,-0.552,-0.544,0.476,-0.686,-0.596,-0.493,0.217,-0.462,-0.087,0.446,0.719,-0.426,-0.601,-0.49,0.125,-0.677,-0.335,0.311,-0.059,0.296,-0.529,0.064,-0.571,-0.521,0.486,-0.468,-0.681,-0.469,0.451,0.007,0.243,0.268,0.314,0.73,-0.673,0.009,0.166,0.116,-0.708,0.011,0.209,-0.259,-0.604,-0.074,0.731,-0.755,0.43,-0.498,-0.334,0.509,-0.418,-0.748,-0.479,-0.346,0.735,-0.494,0.107,-0.129,0.638,0.071,0.668,-0.526,-0.783,-0.173,0.45,-0.206,0.13,0.496,-0.525,-0.268,0.83,0.162,0.516,-0.733,0.586,-0.197,-0.248,-0.658,-0.447,-0.299,-0.511,-0.603,0.754,-0.621,-0.198,0.531,-0.072,0.472,0.213,0.536,-0.468,0.389,-0.574,-0.018,-0.772,-0.235,-0.769,-0.6,-0.091,-0.614,-0.666,-0.467,0.461,-0.472,-0.389,0.799,0.16,-0.029,0.33,-0.489,0.342,-0.523,-0.256,0.109,-0.678,-0.752,-0.55,-0.417,0.438,0.323,-0.043,-0.681,-0.628,-0.077,-0.143,0.08,0.035,-0.612,-0.442,-0.663,-0.301,-0.393,-0.585,-0.433,0.101,0.008,-0.188,-0.4,-0.572,0.631,-0.472,-0.643,0.031,0.545,-0.115,-0.408,0.117,-0.551
APOG,0.532,-0.336,0.004,0.516,0.304,0.079,-0.045,0.188,-0.476,-0.07,0.126,0.0,0.514,0.114,0.45,0.441,0.393,0.137,0.309,0.547,0.453,0.216,-0.3,0.267,0.554,-0.062,-0.094,-0.038,-0.083,0.369,0.475,0.293,0.152,0.503,-0.188,0.193,-0.338,0.16,0.018,0.284,0.354,0.324,0.525,0.297,0.113,0.087,-0.367,0.556,-0.454,0.32,0.452,0.45,0.395,0.361,0.075,-0.045,0.43,0.462,0.048,0.478,-0.128,-0.427,-0.122,-0.162,-0.249,0.263,0.455,0.182,0.415,-0.35,-0.382,0.239,0.408,0.752,0.498,-0.068,-0.397,-0.472,-0.146,0.593,-0.484,-0.293,-0.154,0.363,0.275,-0.027,0.432,0.031,-0.126,-0.498,0.312,0.725,-0.591,-0.023,0.29,0.563,-0.113,0.097,0.136,0.339,0.282,-0.319,0.553,-0.086,0.491,0.066,0.095,0.241,-0.519,0.69,0.05,0.35,0.08,0.006,0.065,0.077,0.135,0.441,0.393,0.047,-0.151,0.413,0.157,-0.125,0.318,-0.082,-0.046,0.52,-0.463,0.44,-0.257,0.325,0.564,0.455,0.321,-0.18,0.145,-0.061,0.394,-0.185,0.733,-0.185,-0.174,-0.134,0.006,0.685,0.127,0.255,-0.108,0.078,0.785,0.411,0.383,-0.01,-0.12,0.445,0.416,-0.137,0.495,0.658,-0.162,-0.015,-0.36,-0.067,0.643,-0.4,0.34,0.205,0.497,0.548,-0.412,-0.416,-0.495,0.44,0.327,-0.415,0.324,-0.135,0.458,0.008,-0.086,0.371,0.358,0.055,0.397,0.614,0.017,-0.459,0.493,0.039,0.447,-0.31,0.415,0.424,-0.553,0.149,0.328,0.489,-0.106,0.002
APPS,0.211,-0.235,0.509,0.657,0.667,0.632,-0.22,0.359,-0.346,0.225,-0.4,0.514,0.0,0.63,0.687,0.727,0.252,0.141,0.693,0.638,0.743,0.509,-0.655,0.109,0.609,0.113,0.265,-0.159,0.168,0.163,0.594,0.648,0.363,0.797,-0.52,0.679,0.105,0.434,0.099,0.499,0.309,0.748,0.86,0.226,-0.097,0.285,-0.283,0.752,-0.401,0.074,0.554,0.641,0.6,0.405,-0.123,0.174,0.814,0.797,-0.013,0.512,-0.081,-0.481,-0.457,-0.007,0.032,0.447,0.509,0.446,0.716,-0.687,-0.311,0.042,0.809,0.612,0.842,0.199,-0.41,-0.111,0.143,0.71,-0.768,-0.324,-0.104,-0.039,0.222,-0.596,0.795,0.143,-0.026,-0.707,0.624,0.582,-0.662,-0.104,0.657,0.774,-0.48,0.506,-0.039,0.595,0.439,-0.543,0.808,0.359,0.748,0.151,-0.485,0.365,-0.455,0.794,-0.144,0.38,-0.006,0.245,0.43,0.3,-0.168,0.393,0.637,-0.179,0.034,0.435,-0.221,-0.234,0.045,0.326,-0.117,0.629,-0.205,0.715,0.17,0.58,0.488,0.744,-0.333,0.151,0.444,-0.213,0.702,-0.229,0.201,-0.541,0.056,-0.524,0.31,0.686,0.565,0.285,0.246,0.327,0.789,0.655,0.717,0.261,-0.533,0.78,0.593,-0.52,0.366,0.674,-0.512,0.482,-0.389,0.111,0.673,-0.275,0.637,0.481,0.856,0.805,-0.44,-0.32,-0.521,0.76,0.565,-0.524,0.543,0.02,0.704,0.177,0.029,0.788,0.474,0.407,0.723,0.666,0.16,-0.467,0.737,0.272,0.68,-0.496,0.664,0.748,-0.272,-0.047,0.186,0.645,-0.041,0.111
ARCB,0.006,0.349,0.466,0.142,0.541,0.588,-0.024,-0.062,0.132,0.438,-0.414,0.114,0.63,0.0,0.276,0.406,0.339,0.167,0.444,0.05,0.419,0.361,-0.237,-0.283,0.179,0.238,0.585,-0.031,0.238,0.107,0.434,0.563,0.612,0.321,-0.269,0.787,0.401,0.108,0.414,0.09,0.049,0.598,0.512,0.343,0.156,0.351,0.27,0.233,0.009,0.156,0.152,0.141,0.286,-0.055,0.051,0.015,0.603,0.611,0.392,0.112,0.078,0.033,-0.109,0.031,0.251,0.085,0.137,0.152,0.261,-0.216,-0.047,0.289,0.478,0.033,0.546,0.296,0.107,0.412,-0.001,0.382,-0.301,-0.115,0.074,-0.243,0.298,-0.367,0.509,0.516,0.428,-0.394,0.512,0.165,-0.028,0.046,0.335,0.341,-0.097,0.355,0.228,0.135,0.43,-0.072,0.315,0.403,0.306,-0.234,-0.553,0.05,0.164,0.393,0.065,0.37,0.099,0.339,0.523,0.321,0.028,0.386,0.466,0.214,0.063,-0.03,-0.088,0.242,0.044,0.263,0.202,0.231,0.018,0.401,0.015,0.719,0.339,0.472,-0.34,0.17,0.629,0.037,0.468,0.193,-0.324,-0.187,0.382,-0.007,0.029,0.239,0.38,0.373,0.17,0.416,0.393,0.237,0.386,0.567,-0.102,0.306,0.43,-0.243,-0.189,0.401,-0.018,0.702,0.188,0.038,0.076,0.35,0.298,0.255,0.588,0.32,0.091,0.259,-0.251,0.439,0.301,-0.123,0.601,0.243,0.523,0.268,-0.095,0.432,0.318,0.3,0.572,0.124,0.403,0.089,0.673,-0.073,0.464,-0.064,0.428,0.426,0.109,0.106,0.258,0.145,0.4,-0.083
ARCC,0.274,-0.62,0.66,0.82,0.753,0.681,-0.711,0.647,-0.555,-0.078,-0.603,0.45,0.687,0.276,0.0,0.831,0.276,0.355,0.84,0.887,0.908,0.779,-0.933,0.656,0.882,0.431,-0.223,-0.13,0.416,-0.29,0.503,0.484,0.108,0.829,-0.881,0.367,0.313,0.869,-0.516,0.899,-0.177,0.878,0.847,0.08,-0.459,0.097,-0.469,0.883,-0.135,-0.496,0.896,0.525,0.716,0.872,-0.486,0.688,0.761,0.725,-0.351,0.745,0.133,-0.863,-0.861,0.172,0.356,0.728,0.246,0.871,0.712,-0.718,-0.251,-0.385,0.869,0.553,0.865,0.404,-0.863,-0.083,0.628,0.74,-0.804,-0.074,-0.357,0.059,-0.143,-0.649,0.874,-0.282,-0.433,-0.538,0.777,0.389,-0.795,0.192,0.933,0.582,-0.868,0.858,-0.4,0.836,0.37,-0.883,0.862,0.705,0.917,0.625,-0.571,0.718,-0.68,0.647,-0.711,0.017,-0.598,0.47,0.63,0.197,-0.499,0.387,0.176,-0.538,0.434,0.668,-0.635,-0.604,-0.407,0.688,-0.641,0.576,0.012,0.942,0.508,0.418,0.649,0.902,-0.366,0.578,0.089,-0.646,0.501,-0.727,0.355,-0.846,0.237,-0.632,0.646,0.483,0.781,0.311,0.713,0.46,0.675,0.891,0.939,0.28,-0.662,0.913,0.63,-0.877,0.43,0.371,-0.711,0.397,-0.76,0.529,0.69,-0.615,0.936,0.894,0.819,0.912,-0.877,-0.756,-0.343,0.942,0.923,-0.363,0.28,-0.181,0.22,0.452,0.401,0.943,0.488,0.434,0.804,0.925,-0.342,-0.479,0.395,0.519,0.779,-0.922,0.778,0.901,-0.574,-0.555,0.215,0.832,-0.308,0.644
ARVN,0.33,-0.44,0.628,0.613,0.655,0.636,-0.651,0.41,-0.478,-0.064,-0.606,0.441,0.727,0.406,0.831,0.0,0.479,0.465,0.778,0.716,0.879,0.763,-0.777,0.518,0.754,0.452,-0.105,-0.026,0.332,-0.174,0.562,0.35,0.265,0.696,-0.759,0.467,0.251,0.732,-0.345,0.712,0.032,0.79,0.822,0.161,-0.163,0.047,-0.277,0.816,-0.087,-0.276,0.808,0.437,0.684,0.689,-0.334,0.525,0.803,0.765,-0.143,0.707,0.01,-0.683,-0.665,0.242,0.305,0.661,0.22,0.688,0.588,-0.575,-0.187,-0.167,0.763,0.44,0.855,0.364,-0.707,0.06,0.444,0.867,-0.703,-0.278,-0.367,-0.015,0.062,-0.634,0.805,-0.031,-0.24,-0.513,0.822,0.479,-0.632,0.223,0.76,0.571,-0.702,0.714,-0.217,0.692,0.415,-0.688,0.772,0.584,0.827,0.345,-0.504,0.654,-0.506,0.593,-0.495,0.078,-0.501,0.393,0.55,0.226,-0.405,0.376,0.135,-0.409,0.266,0.505,-0.522,-0.33,-0.135,0.545,-0.525,0.562,-0.03,0.894,0.308,0.456,0.724,0.757,-0.323,0.496,0.238,-0.472,0.411,-0.545,0.339,-0.658,0.227,-0.528,0.374,0.582,0.643,0.404,0.548,0.518,0.649,0.815,0.847,0.305,-0.55,0.744,0.595,-0.768,0.239,0.466,-0.467,0.434,-0.584,0.332,0.668,-0.405,0.873,0.765,0.845,0.747,-0.723,-0.598,-0.312,0.896,0.751,-0.295,0.287,-0.095,0.336,0.527,0.359,0.835,0.487,0.439,0.809,0.777,-0.007,-0.345,0.533,0.504,0.759,-0.77,0.697,0.869,-0.474,-0.352,0.334,0.762,-0.217,0.516
ATEC,0.54,0.165,0.121,0.23,0.378,0.068,-0.341,0.071,-0.147,0.151,-0.329,0.393,0.252,0.339,0.276,0.479,0.0,0.38,0.267,0.051,0.485,0.42,-0.158,0.318,0.245,0.303,-0.058,0.213,0.224,0.045,0.682,-0.011,0.686,-0.003,-0.12,0.349,-0.048,0.129,0.015,0.073,0.1,0.455,0.393,0.708,0.483,-0.039,0.253,0.27,0.307,0.122,0.242,0.027,0.248,0.284,0.249,0.185,0.484,0.527,0.477,0.545,0.121,-0.265,-0.085,0.082,0.435,-0.076,-0.148,0.199,0.205,0.043,0.069,0.389,0.203,0.031,0.457,-0.046,-0.2,0.355,-0.023,0.626,-0.205,-0.328,0.136,0.089,0.331,-0.056,0.36,0.54,0.346,-0.029,0.628,0.113,-0.049,0.337,0.224,0.221,-0.072,0.294,0.102,-0.019,0.584,0.05,0.25,0.208,0.13,-0.136,-0.096,0.449,0.192,0.127,-0.047,0.463,-0.303,0.062,0.489,-0.167,0.04,0.624,-0.114,0.192,0.119,-0.055,-0.096,0.352,0.117,0.2,-0.028,0.342,0.161,0.462,-0.244,0.478,0.621,0.256,-0.045,0.227,0.385,0.097,0.166,0.079,0.189,0.088,0.501,0.159,0.16,0.257,0.236,0.698,0.12,0.665,0.343,0.125,0.258,0.58,0.143,0.148,0.52,-0.274,-0.28,0.5,0.381,0.415,0.05,0.094,0.229,0.157,0.326,0.283,0.462,0.098,-0.116,-0.1,-0.208,0.383,0.41,-0.145,0.527,-0.304,0.133,0.551,-0.214,0.226,0.601,0.186,0.318,0.287,0.449,0.095,0.45,0.11,0.607,-0.208,0.448,0.356,-0.213,0.079,0.752,0.105,0.308,-0.029
ATXS,-0.003,-0.208,0.294,0.019,0.157,0.245,-0.444,-0.087,-0.073,-0.148,-0.337,0.137,0.141,0.167,0.355,0.465,0.38,0.0,0.342,0.218,0.325,0.449,-0.214,0.339,0.404,0.614,-0.067,0.558,0.389,-0.446,0.278,-0.25,0.243,-0.007,-0.361,-0.007,0.315,0.429,-0.413,0.387,-0.328,0.406,0.388,0.117,-0.056,-0.055,0.254,0.079,0.457,-0.373,0.394,-0.363,0.377,0.285,-0.283,0.44,0.254,0.195,-0.12,0.248,0.387,-0.277,-0.298,0.482,0.374,0.355,-0.463,0.507,-0.121,0.186,0.235,-0.092,0.048,0.044,0.258,0.462,-0.347,0.272,0.387,0.483,0.092,0.168,-0.395,0.252,0.046,-0.145,0.332,0.087,-0.168,0.106,0.459,-0.027,0.051,0.669,0.363,0.039,-0.279,0.335,-0.011,0.343,0.31,-0.153,0.022,0.491,0.33,0.076,-0.017,0.425,-0.101,-0.053,-0.262,-0.236,-0.468,0.331,0.395,0.279,0.047,0.065,-0.469,-0.259,0.42,0.124,-0.424,-0.136,-0.05,0.393,-0.345,-0.019,0.221,0.358,0.09,0.396,0.344,0.236,0.146,0.376,0.309,-0.415,0.042,-0.353,0.195,-0.215,0.268,0.214,0.137,-0.123,0.207,0.094,0.466,0.369,0.164,0.398,0.368,0.368,0.007,0.142,0.095,-0.315,0.015,-0.043,-0.021,0.377,-0.253,0.209,0.105,-0.15,0.442,0.526,0.256,0.123,-0.33,-0.345,0.332,0.398,0.334,0.193,0.087,0.068,-0.286,0.534,0.396,0.241,0.029,0.554,0.421,0.32,-0.113,0.185,0.035,0.156,0.222,-0.31,0.097,0.38,-0.419,-0.488,0.335,0.441,-0.05,0.5
AVAV,0.195,-0.411,0.682,0.657,0.729,0.756,-0.6,0.446,-0.359,0.051,-0.575,0.309,0.693,0.444,0.84,0.778,0.267,0.342,0.0,0.696,0.823,0.663,-0.783,0.47,0.72,0.439,-0.075,-0.124,0.493,-0.299,0.446,0.491,0.219,0.712,-0.808,0.527,0.416,0.761,-0.269,0.756,-0.116,0.834,0.769,0.075,-0.385,0.213,-0.286,0.73,-0.055,-0.414,0.764,0.444,0.709,0.699,-0.465,0.602,0.706,0.678,-0.202,0.611,0.255,-0.686,-0.712,0.14,0.431,0.622,0.196,0.757,0.624,-0.611,-0.25,-0.338,0.804,0.341,0.789,0.455,-0.669,0.081,0.588,0.648,-0.66,-0.177,-0.274,-0.137,-0.016,-0.736,0.778,-0.117,-0.274,-0.463,0.713,0.271,-0.591,0.147,0.847,0.515,-0.716,0.826,-0.291,0.751,0.326,-0.739,0.734,0.716,0.813,0.502,-0.597,0.623,-0.475,0.532,-0.601,0.053,-0.48,0.509,0.672,0.234,-0.412,0.353,0.19,-0.454,0.425,0.47,-0.573,-0.372,-0.304,0.691,-0.48,0.459,0.08,0.828,0.521,0.459,0.527,0.8,-0.414,0.634,0.19,-0.551,0.523,-0.544,0.088,-0.719,0.277,-0.539,0.564,0.359,0.75,0.318,0.661,0.431,0.533,0.786,0.844,0.363,-0.603,0.791,0.565,-0.797,0.248,0.327,-0.623,0.542,-0.515,0.534,0.556,-0.394,0.837,0.775,0.738,0.796,-0.665,-0.515,-0.302,0.821,0.814,-0.273,0.315,-0.071,0.252,0.343,0.318,0.87,0.432,0.46,0.718,0.707,-0.149,-0.36,0.366,0.493,0.709,-0.762,0.693,0.786,-0.266,-0.466,0.116,0.698,-0.149,0.538
AXON,0.315,-0.814,0.466,0.771,0.506,0.579,-0.534,0.591,-0.656,-0.297,-0.373,0.547,0.638,0.05,0.887,0.716,0.051,0.218,0.696,0.0,0.737,0.586,-0.865,0.647,0.905,0.295,-0.326,-0.162,0.142,-0.128,0.28,0.348,-0.198,0.868,-0.787,0.128,0.096,0.812,-0.566,0.859,0.058,0.636,0.734,-0.17,-0.599,0.069,-0.718,0.875,-0.401,-0.401,0.876,0.619,0.716,0.841,-0.577,0.563,0.545,0.5,-0.593,0.639,-0.036,-0.864,-0.755,0.203,0.022,0.83,0.406,0.746,0.652,-0.757,-0.338,-0.486,0.743,0.729,0.693,0.373,-0.873,-0.426,0.577,0.639,-0.77,-0.089,-0.502,0.13,-0.226,-0.57,0.719,-0.483,-0.681,-0.57,0.5,0.617,-0.906,0.066,0.767,0.547,-0.798,0.606,-0.447,0.891,0.096,-0.905,0.827,0.448,0.911,0.674,-0.352,0.565,-0.905,0.703,-0.624,-0.104,-0.417,0.389,0.349,0.282,-0.426,0.171,0.209,-0.657,0.302,0.825,-0.528,-0.71,-0.248,0.459,-0.607,0.473,-0.276,0.769,0.398,0.201,0.507,0.809,-0.185,0.328,-0.146,-0.678,0.362,-0.813,0.572,-0.797,-0.161,-0.692,0.462,0.553,0.636,-0.018,0.538,0.153,0.657,0.908,0.813,-0.072,-0.743,0.869,0.377,-0.704,0.72,0.327,-0.832,0.04,-0.841,0.425,0.818,-0.843,0.809,0.763,0.641,0.9,-0.928,-0.863,-0.279,0.806,0.721,-0.335,0.026,-0.092,0.237,0.15,0.453,0.853,0.295,0.337,0.647,0.919,-0.48,-0.643,0.235,0.543,0.539,-0.881,0.577,0.781,-0.586,-0.501,-0.009,0.865,-0.572,0.609
BANF,0.367,-0.377,0.703,0.799,0.815,0.67,-0.683,0.59,-0.471,0.128,-0.648,0.453,0.743,0.419,0.908,0.879,0.485,0.325,0.823,0.737,0.0,0.837,-0.858,0.527,0.736,0.394,-0.133,-0.213,0.434,-0.197,0.679,0.527,0.345,0.769,-0.808,0.58,0.248,0.734,-0.296,0.774,-0.1,0.88,0.869,0.332,-0.185,0.06,-0.301,0.875,-0.067,-0.323,0.81,0.507,0.654,0.768,-0.273,0.605,0.915,0.896,-0.069,0.779,0.11,-0.759,-0.764,0.109,0.393,0.568,0.275,0.739,0.78,-0.684,-0.168,-0.152,0.884,0.464,0.962,0.236,-0.719,0.086,0.46,0.825,-0.809,-0.288,-0.166,-0.013,0.03,-0.629,0.88,-0.003,-0.164,-0.555,0.911,0.363,-0.688,0.14,0.872,0.666,-0.758,0.848,-0.259,0.661,0.526,-0.736,0.871,0.655,0.799,0.427,-0.636,0.76,-0.455,0.633,-0.589,0.253,-0.544,0.347,0.703,0.118,-0.487,0.488,0.258,-0.358,0.281,0.459,-0.514,-0.357,-0.293,0.638,-0.515,0.708,0.108,0.973,0.382,0.541,0.73,0.852,-0.469,0.589,0.263,-0.4,0.546,-0.504,0.256,-0.712,0.418,-0.591,0.573,0.573,0.772,0.549,0.592,0.599,0.7,0.769,0.909,0.45,-0.566,0.873,0.796,-0.866,0.21,0.539,-0.499,0.551,-0.576,0.408,0.625,-0.355,0.907,0.803,0.925,0.84,-0.723,-0.582,-0.447,0.956,0.896,-0.469,0.472,-0.24,0.353,0.556,0.237,0.907,0.644,0.419,0.82,0.846,-0.059,-0.414,0.602,0.454,0.891,-0.813,0.863,0.935,-0.412,-0.355,0.456,0.702,-0.115,0.456
BATRK,0.118,-0.275,0.766,0.49,0.628,0.634,-0.748,0.494,-0.393,-0.043,-0.769,0.216,0.509,0.361,0.779,0.763,0.42,0.449,0.663,0.586,0.837,0.0,-0.804,0.484,0.608,0.559,-0.134,-0.071,0.434,-0.285,0.515,0.285,0.23,0.562,-0.794,0.387,0.323,0.738,-0.393,0.745,-0.298,0.741,0.746,0.278,-0.255,0.05,-0.204,0.676,0.165,-0.417,0.765,0.184,0.5,0.666,-0.317,0.606,0.755,0.724,-0.21,0.55,0.134,-0.664,-0.801,0.288,0.394,0.575,0.017,0.707,0.544,-0.45,0.022,-0.15,0.656,0.213,0.795,0.313,-0.62,0.237,0.552,0.706,-0.607,-0.109,-0.226,-0.094,-0.063,-0.578,0.82,-0.017,-0.205,-0.34,0.842,0.186,-0.427,0.3,0.71,0.445,-0.757,0.807,-0.295,0.527,0.451,-0.625,0.633,0.682,0.648,0.296,-0.668,0.664,-0.348,0.354,-0.622,0.047,-0.66,0.32,0.718,0.185,-0.599,0.264,-0.001,-0.42,0.327,0.348,-0.614,-0.34,-0.387,0.662,-0.639,0.528,0.223,0.838,0.349,0.431,0.688,0.746,-0.51,0.571,0.303,-0.522,0.283,-0.52,0.138,-0.636,0.491,-0.507,0.52,0.296,0.745,0.393,0.65,0.641,0.44,0.722,0.845,0.341,-0.454,0.649,0.64,-0.835,0.088,0.289,-0.363,0.535,-0.565,0.377,0.401,-0.255,0.827,0.843,0.786,0.636,-0.646,-0.552,-0.18,0.882,0.732,-0.225,0.274,-0.098,0.124,0.72,0.441,0.756,0.449,0.442,0.744,0.723,-0.151,-0.298,0.435,0.433,0.734,-0.738,0.634,0.843,-0.303,-0.528,0.312,0.621,-0.146,0.549
BIDU,-0.173,0.612,-0.725,-0.735,-0.658,-0.742,0.718,-0.694,0.525,0.146,0.709,-0.3,-0.655,-0.237,-0.933,-0.777,-0.158,-0.214,-0.783,-0.865,-0.858,-0.804,0.0,-0.597,-0.823,-0.45,0.239,0.251,-0.312,0.269,-0.369,-0.436,0.02,-0.832,0.893,-0.327,-0.31,-0.883,0.513,-0.898,0.136,-0.786,-0.794,0.019,0.564,-0.117,0.55,-0.877,0.178,0.521,-0.871,-0.537,-0.645,-0.845,0.54,-0.663,-0.706,-0.662,0.481,-0.658,0.031,0.837,0.917,-0.26,-0.268,-0.764,-0.281,-0.824,-0.717,0.769,0.253,0.462,-0.836,-0.46,-0.81,-0.393,0.814,0.052,-0.672,-0.653,0.856,0.073,0.361,0.098,0.272,0.767,-0.869,0.337,0.494,0.523,-0.707,-0.377,0.768,-0.1,-0.855,-0.511,0.948,-0.836,0.553,-0.82,-0.286,0.893,-0.829,-0.677,-0.866,-0.623,0.7,-0.644,0.678,-0.567,0.747,0.05,0.594,-0.417,-0.596,-0.208,0.624,-0.224,-0.175,0.641,-0.395,-0.668,0.705,0.621,0.489,-0.703,0.702,-0.532,-0.001,-0.88,-0.544,-0.264,-0.601,-0.872,0.539,-0.534,-0.029,0.685,-0.372,0.745,-0.249,0.862,-0.182,0.776,-0.648,-0.441,-0.843,-0.173,-0.709,-0.433,-0.528,-0.904,-0.92,-0.136,0.742,-0.883,-0.546,0.906,-0.408,-0.276,0.761,-0.324,0.766,-0.512,-0.662,0.602,-0.896,-0.881,-0.77,-0.877,0.854,0.734,0.28,-0.91,-0.833,0.301,-0.159,0.127,-0.216,-0.415,-0.486,-0.932,-0.418,-0.395,-0.744,-0.877,0.378,0.548,-0.319,-0.588,-0.7,0.922,-0.687,-0.875,0.41,0.591,-0.03,-0.782,0.397,-0.641
BLNE,0.402,-0.69,0.186,0.55,0.29,0.245,-0.757,0.463,-0.441,-0.37,-0.385,0.267,0.109,-0.283,0.656,0.518,0.318,0.339,0.47,0.647,0.527,0.484,-0.597,0.0,0.648,0.434,-0.652,0.114,0.197,-0.446,0.27,-0.135,-0.139,0.326,-0.568,-0.172,-0.005,0.713,-0.764,0.68,-0.177,0.451,0.353,-0.048,-0.43,-0.199,-0.417,0.544,0.175,-0.618,0.657,0.243,0.489,0.851,-0.465,0.718,0.261,0.211,-0.466,0.662,0.18,-0.77,-0.604,0.376,0.45,0.508,-0.123,0.726,0.385,-0.317,0.023,-0.522,0.354,0.237,0.37,0.209,-0.805,-0.131,0.673,0.467,-0.376,0.015,-0.281,0.175,-0.353,-0.306,0.404,-0.484,-0.583,0.017,0.442,0.114,-0.531,0.376,0.59,0.114,-0.658,0.569,-0.569,0.568,0.091,-0.61,0.441,0.416,0.494,0.695,-0.075,0.701,-0.51,0.119,-0.741,-0.14,-0.757,0.273,0.394,-0.147,-0.377,0.195,-0.375,-0.583,0.593,0.472,-0.611,-0.495,-0.356,0.542,-0.708,0.249,0.122,0.581,0.427,-0.072,0.432,0.385,-0.139,0.484,-0.33,-0.613,0.027,-0.749,0.509,-0.515,0.112,-0.4,0.611,0.126,0.517,0.139,0.603,0.359,0.205,0.583,0.54,0.05,-0.39,0.484,0.24,-0.612,0.374,0.089,-0.401,-0.067,-0.671,0.673,0.488,-0.682,0.621,0.67,0.289,0.44,-0.765,-0.797,0.056,0.531,0.679,-0.124,-0.087,-0.465,-0.334,0.386,0.362,0.509,0.369,0.186,0.252,0.649,-0.452,-0.322,-0.185,0.625,0.451,-0.772,0.4,0.469,-0.54,-0.597,0.144,0.533,-0.405,0.619
BLNK,0.372,-0.754,0.485,0.653,0.49,0.623,-0.594,0.449,-0.52,-0.36,-0.503,0.554,0.609,0.179,0.882,0.754,0.245,0.404,0.72,0.905,0.736,0.608,-0.823,0.648,0.0,0.547,-0.27,0.011,0.142,-0.178,0.277,0.282,-0.075,0.757,-0.812,0.134,0.295,0.855,-0.6,0.821,0.034,0.731,0.715,-0.113,-0.555,0.085,-0.549,0.787,-0.236,-0.445,0.894,0.493,0.809,0.82,-0.65,0.64,0.55,0.486,-0.496,0.662,-0.036,-0.797,-0.71,0.279,0.193,0.84,0.289,0.798,0.457,-0.591,-0.383,-0.45,0.69,0.632,0.668,0.602,-0.875,-0.229,0.629,0.66,-0.67,-0.066,-0.641,0.117,-0.265,-0.6,0.719,-0.326,-0.613,-0.438,0.582,0.612,-0.773,0.205,0.758,0.354,-0.771,0.632,-0.424,0.917,0.159,-0.848,0.726,0.582,0.913,0.631,-0.392,0.515,-0.778,0.649,-0.658,-0.179,-0.497,0.619,0.511,0.376,-0.282,0.299,0.069,-0.632,0.419,0.826,-0.629,-0.523,-0.269,0.537,-0.608,0.304,-0.303,0.791,0.342,0.328,0.623,0.838,-0.136,0.42,-0.107,-0.702,0.26,-0.812,0.521,-0.704,-0.071,-0.474,0.403,0.444,0.652,0.03,0.651,0.212,0.616,0.916,0.821,0.124,-0.67,0.757,0.325,-0.721,0.543,0.251,-0.713,0.102,-0.712,0.465,0.776,-0.757,0.835,0.82,0.621,0.806,-0.884,-0.778,-0.177,0.807,0.753,-0.069,0.019,0.008,0.151,0.223,0.531,0.844,0.227,0.36,0.749,0.851,-0.404,-0.409,0.227,0.447,0.551,-0.873,0.549,0.785,-0.582,-0.518,0.061,0.811,-0.531,0.7
BTAI,0.012,-0.32,0.462,-0.009,0.152,0.592,-0.617,0.058,0.12,-0.324,-0.712,-0.062,0.113,0.238,0.431,0.452,0.303,0.614,0.439,0.295,0.394,0.559,-0.45,0.434,0.547,0.0,-0.147,0.37,0.213,-0.485,0.026,-0.151,0.023,0.12,-0.63,-0.018,0.559,0.682,-0.547,0.55,-0.32,0.496,0.297,-0.104,-0.444,0.013,0.053,0.158,0.459,-0.651,0.527,-0.222,0.507,0.451,-0.635,0.715,0.279,0.152,-0.337,0.243,0.201,-0.303,-0.499,0.669,0.531,0.585,-0.339,0.676,-0.121,0.021,0.04,-0.423,0.197,-0.137,0.259,0.746,-0.444,0.457,0.733,0.29,-0.036,0.253,-0.547,-0.083,-0.49,-0.509,0.398,-0.069,-0.374,0.233,0.502,0.007,0.007,0.617,0.425,-0.276,-0.523,0.551,-0.429,0.517,0.167,-0.379,0.06,0.724,0.397,0.374,-0.401,0.344,-0.111,-0.071,-0.641,-0.448,-0.644,0.684,0.664,0.433,-0.15,-0.004,-0.473,-0.521,0.65,0.278,-0.759,-0.051,-0.413,0.703,-0.548,-0.196,0.143,0.445,0.318,0.254,0.443,0.429,-0.278,0.559,-0.003,-0.648,-0.246,-0.576,0.001,-0.366,0.283,0.0,0.294,-0.261,0.573,-0.049,0.773,0.359,-0.091,0.542,0.504,0.323,-0.217,0.19,0.001,-0.551,-0.045,-0.27,-0.208,0.229,-0.249,0.537,0.135,-0.175,0.514,0.717,0.242,0.19,-0.417,-0.28,0.458,0.472,0.443,0.504,-0.17,0.186,-0.391,0.484,0.689,0.433,-0.069,0.397,0.482,0.294,-0.321,0.191,-0.141,0.305,0.207,-0.529,0.123,0.469,-0.153,-0.639,0.043,0.342,-0.279,0.74
BYND,-0.341,0.5,0.106,-0.184,0.15,0.078,0.474,-0.326,0.347,0.415,0.062,-0.094,0.265,0.585,-0.223,-0.105,-0.058,-0.067,-0.075,-0.326,-0.133,-0.134,0.239,-0.652,-0.27,-0.147,0.0,0.087,0.095,0.387,0.132,0.355,0.391,-0.022,0.229,0.42,0.272,-0.407,0.614,-0.379,0.045,0.09,0.06,0.253,0.288,0.296,0.481,-0.208,-0.019,0.439,-0.346,-0.038,-0.157,-0.519,0.343,-0.417,0.14,0.135,0.435,-0.407,-0.024,0.503,0.342,-0.213,-0.129,-0.271,0.219,-0.294,-0.107,0.158,0.125,0.465,-0.026,-0.066,0.025,0.033,0.515,0.241,-0.411,-0.083,0.118,0.123,0.221,0.03,0.455,0.161,-0.01,0.461,0.559,-0.267,-0.023,0.004,0.256,-0.098,-0.144,0.139,0.334,-0.168,0.6,-0.242,0.139,0.343,-0.09,-0.061,-0.109,-0.497,-0.204,-0.352,0.36,0.159,0.552,0.359,0.537,0.023,0.025,0.274,0.276,0.172,0.486,0.514,-0.211,-0.203,0.333,0.369,0.211,-0.202,0.578,-0.011,0.006,-0.148,-0.194,0.472,-0.126,-0.001,-0.092,-0.244,0.593,0.386,0.342,0.547,-0.355,0.258,0.135,0.265,-0.359,0.083,-0.128,0.089,-0.243,-0.045,0.113,-0.223,-0.118,0.243,0.231,-0.145,0.029,0.285,-0.213,0.143,0.231,0.38,0.457,-0.284,-0.342,0.51,-0.201,-0.268,0.117,-0.102,0.507,0.583,-0.127,-0.113,-0.235,-0.008,0.37,0.438,0.518,-0.141,-0.312,-0.088,-0.026,0.068,0.134,-0.333,0.357,0.297,0.442,-0.381,-0.032,0.461,-0.069,-0.098,0.365,0.447,0.012,-0.113,0.463,-0.426
CAN,-0.131,-0.025,-0.168,-0.351,-0.281,-0.158,0.009,-0.318,0.211,-0.254,0.014,-0.038,-0.159,-0.031,-0.13,-0.026,0.213,0.558,-0.124,-0.162,-0.213,-0.071,0.251,0.114,0.011,0.37,0.087,0.0,0.119,-0.197,0.055,-0.507,0.188,-0.446,0.154,-0.334,0.034,-0.015,-0.223,-0.086,-0.109,-0.014,-0.02,0.069,0.084,0.178,0.344,-0.373,0.523,-0.089,-0.147,-0.462,0.119,-0.106,-0.051,0.084,-0.182,-0.251,-0.057,-0.15,0.235,0.113,0.124,0.384,0.223,-0.016,-0.587,0.163,-0.471,0.507,0.254,0.038,-0.427,-0.148,-0.255,0.242,0.061,0.241,0.089,0.048,0.479,0.419,-0.157,0.291,0.039,0.226,-0.071,0.129,-0.008,0.444,-0.028,-0.171,0.356,0.504,-0.121,-0.305,0.164,-0.165,0.122,-0.012,0.127,0.304,-0.405,0.032,-0.132,-0.113,0.421,-0.076,0.181,-0.37,0.108,-0.175,-0.075,0.107,0.083,0.162,0.369,-0.047,-0.514,-0.05,0.388,-0.153,-0.129,0.217,0.145,0.088,0.007,-0.372,0.121,-0.191,-0.09,0.123,-0.03,-0.215,0.376,-0.107,0.216,-0.211,-0.188,-0.066,0.16,0.268,-0.009,0.502,-0.04,-0.424,-0.198,-0.206,0.134,0.089,-0.238,-0.041,-0.095,0.119,0.35,-0.301,-0.328,0.213,0.026,-0.239,0.268,0.064,0.052,0.056,-0.16,0.033,-0.085,0.047,-0.211,-0.323,0.109,0.02,0.504,-0.138,-0.134,0.367,-0.03,0.116,-0.385,0.156,0.13,-0.247,-0.257,0.345,-0.11,-0.115,-0.074,0.302,-0.262,-0.062,-0.197,0.134,-0.422,-0.179,-0.198,-0.263,0.028,-0.005,0.109,0.116
CCEC,-0.165,-0.0,0.461,0.292,0.622,0.269,-0.402,0.286,-0.056,0.387,-0.319,-0.083,0.168,0.238,0.416,0.332,0.224,0.389,0.493,0.142,0.434,0.434,-0.312,0.197,0.142,0.213,0.095,0.119,0.0,-0.5,0.42,0.238,0.45,0.12,-0.359,0.348,0.484,0.322,-0.154,0.353,-0.611,0.501,0.42,0.352,-0.001,0.099,0.309,0.173,0.42,-0.394,0.219,-0.067,0.195,0.28,-0.063,0.409,0.381,0.414,0.164,0.23,0.542,-0.298,-0.442,0.038,0.574,0.084,-0.292,0.493,0.272,-0.063,0.242,-0.094,0.297,-0.101,0.398,0.153,-0.226,0.413,0.3,0.338,-0.135,0.124,0.111,0.037,0.197,-0.138,0.401,0.087,0.169,-0.136,0.502,-0.389,-0.015,0.288,0.52,0.29,-0.37,0.598,0.097,0.176,0.442,-0.183,0.222,0.589,0.252,0.208,-0.382,0.508,0.099,-0.008,-0.293,0.093,-0.424,0.195,0.462,-0.046,-0.296,0.317,-0.121,-0.003,0.412,-0.092,-0.308,-0.186,-0.415,0.508,-0.232,0.236,0.626,0.423,0.446,0.465,0.136,0.343,-0.222,0.526,0.412,-0.246,0.425,-0.108,-0.126,-0.311,0.68,-0.057,0.435,-0.077,0.372,0.479,0.491,0.528,0.146,0.221,0.411,0.559,0.039,0.376,0.51,-0.443,-0.156,-0.021,-0.118,0.735,-0.139,0.276,-0.138,0.107,0.484,0.47,0.372,0.257,-0.197,-0.141,-0.046,0.398,0.535,-0.21,0.452,-0.148,-0.034,0.46,0.057,0.333,0.325,0.547,0.327,0.301,-0.084,0.076,0.197,0.09,0.437,-0.268,0.373,0.375,-0.136,-0.39,0.317,0.27,0.379,0.247
CDW,0.166,0.262,-0.262,-0.054,-0.187,-0.278,0.629,-0.094,-0.048,0.038,0.438,0.369,0.163,0.107,-0.29,-0.174,0.045,-0.446,-0.299,-0.128,-0.197,-0.285,0.269,-0.446,-0.178,-0.485,0.387,-0.197,-0.5,0.0,-0.042,0.097,0.052,0.053,0.419,0.099,-0.377,-0.503,0.558,-0.472,0.633,-0.273,-0.102,0.184,0.413,0.027,-0.075,0.023,-0.554,0.756,-0.257,0.355,-0.212,-0.331,0.482,-0.618,-0.022,0.019,0.299,-0.138,-0.518,0.266,0.475,-0.445,-0.628,-0.248,0.584,-0.574,-0.007,-0.033,-0.34,0.486,-0.103,0.294,-0.061,-0.375,0.331,-0.384,-0.66,-0.067,-0.091,-0.228,0.134,0.094,0.402,0.273,-0.195,0.384,0.289,-0.361,-0.219,0.525,-0.079,-0.406,-0.396,0.204,0.429,-0.532,0.355,-0.264,-0.114,0.272,0.062,-0.587,-0.156,-0.426,0.183,-0.451,0.008,0.365,0.612,0.396,0.706,-0.335,-0.367,0.108,0.276,0.193,0.519,0.406,-0.636,0.081,0.61,0.323,0.549,-0.578,0.617,0.135,-0.502,-0.233,-0.56,0.096,-0.008,-0.084,0.233,-0.555,0.047,0.558,0.049,0.45,0.225,0.423,-0.379,0.057,-0.463,0.463,-0.348,-0.003,-0.671,-0.316,0.249,-0.247,-0.301,-0.296,0.066,-0.164,-0.023,0.474,0.162,0.414,0.213,-0.263,0.275,-0.488,0.114,0.139,-0.352,-0.513,0.015,-0.078,0.299,0.298,-0.422,-0.242,-0.399,-0.13,0.096,0.246,0.64,-0.475,-0.418,-0.187,-0.009,-0.342,-0.054,-0.163,0.448,-0.195,0.386,-0.181,-0.117,0.378,-0.072,-0.207,0.189,0.748,0.008,-0.176,0.054,-0.553
CDXS,0.415,0.085,0.344,0.581,0.711,0.186,-0.36,0.27,-0.273,0.426,-0.317,0.475,0.594,0.434,0.503,0.562,0.682,0.278,0.446,0.28,0.679,0.515,-0.369,0.27,0.277,0.026,0.132,0.055,0.42,-0.042,0.0,0.419,0.708,0.341,-0.236,0.601,-0.14,0.164,0.12,0.266,-0.01,0.662,0.677,0.743,0.352,0.086,0.105,0.51,0.171,0.145,0.297,0.263,0.314,0.318,0.321,0.139,0.761,0.79,0.407,0.557,0.245,-0.381,-0.283,-0.131,0.378,-0.068,0.091,0.329,0.636,-0.269,0.202,0.429,0.53,0.296,0.73,-0.21,-0.274,0.145,-0.042,0.74,-0.49,-0.317,0.359,0.157,0.519,-0.112,0.63,0.301,0.37,-0.378,0.715,0.106,-0.344,0.084,0.497,0.681,-0.221,0.476,0.223,0.09,0.717,-0.161,0.583,0.213,0.322,-0.071,-0.224,0.554,-0.008,0.402,-0.036,0.726,-0.232,-0.067,0.507,-0.261,-0.115,0.659,0.328,0.204,0.111,-0.042,-0.039,0.064,0.05,0.223,-0.1,0.719,0.232,0.623,-0.028,0.572,0.584,0.422,-0.225,0.183,0.617,0.06,0.681,0.064,0.202,-0.216,0.536,-0.156,0.376,0.487,0.346,0.763,0.137,0.682,0.653,0.259,0.484,0.573,-0.009,0.496,0.791,-0.412,-0.045,0.721,0.081,0.653,-0.188,0.113,0.311,0.048,0.495,0.345,0.734,0.447,-0.214,-0.225,-0.505,0.602,0.571,-0.673,0.818,-0.493,0.42,0.584,-0.364,0.438,0.83,0.295,0.407,0.511,0.29,-0.201,0.685,0.096,0.839,-0.284,0.676,0.527,-0.324,0.05,0.696,0.34,0.42,-0.144
