,ABEO,ACHC,AGNCN,AKAM,AKRO,ALRM,AMAT,AMED,AMRN,ANGI,APA,APOG,APPS,ARCB,ARCC,ARVN,ATEC,ATXS,AVAV,AXON,BANF,BATRK,BIDU,BLNE,BLNK,BTAI,BYND,CAN,CCEC,CDW,CDXS,CELH,CGNX,CHKP,CHRS,CHRW,CIGI,CKPT,CMPR,COGT,CRNC,CRSP,CSTL,CTSH,CVGW,DGLY,DNLI,DOCU,DVAX,EBAY,EHTH,ERII,ESLT,EXPE,EXPO,FBIOP,FFBC,FFIN,FOXF,FWRD,GDS,GERN,GPRE,GRWG,GRYP,HEES,HELE,HIVE,HON,HRTX,HSTM,HURA,IART,IBKR,IBOC,IBRX,IDXX,INGN,INM,INVA,IQ,IRBT,KDP,KPTI,KTOS,KXIN,LAMR,LFUS,LGIH,LGMK,LKFN,LNW,LOPE,LPSN,LYFT,MGNX,MLCO,MNST,MODV,MSTR,MTCH,MYGN,MYRG,NCMI,NEXT,NFLX,NIU,NKTR,NRC,NTNX,NTRA,NVEE,NVMI,NWL,NWS,NXPI,OCGN,OCSL,OKTA,OLLI,OTLK,OXLC,PAA,PARA,PARAA,PDCO,PDFS,PFG,PGEN,PNFP,PODD,POWI,PSMT,PTC,PTEN,PVLA,RDNT,RDUS,RDWR,REGN,RNAC,ROCK,ROST,RRR,RSLS,RVMD,RYAAY,SAFT,SAGE,SAVA,SBGI,SFM,SFNC,SHYF,SIBN,SIFY,SIGI,SIMO,SITM,SLM,SNBR,SNDX,SNY,SPNS,SRRK,STRA,SUPN,SYRE,TCBK,TEAM,TECH,THRM,TLRY,TRMK,TROW,TSLA,TWST,TXN,UFPI,UNIT,UPWK,USLM,UTHR,VERB,VLY,VRNA,VRRM,VXRT,WAFD,WATT,WBA,WING,WIX,WTFC,WTW,XPEL,XRX,YMAB,ZG,ZLAB
ABEO,0.0,0.602,-0.214,0.321,0.632,0.222,0.558,0.264,0.337,0.207,0.04,0.673,0.255,0.686,0.199,0.692,0.411,0.753,0.279,0.142,0.469,0.518,0.054,0.362,0.362,-0.164,0.15,0.074,-0.46,0.422,0.081,0.106,0.485,0.169,0.159,-0.389,0.641,0.449,0.337,0.501,0.258,0.745,0.603,0.611,0.54,0.205,0.401,-0.076,0.62,0.341,0.549,0.191,-0.125,0.216,0.623,0.076,0.42,0.397,0.437,0.434,0.108,0.561,0.139,0.507,0.315,0.526,0.296,0.168,0.59,-0.045,0.738,0.471,0.702,0.091,0.496,0.22,0.225,0.488,0.041,0.285,0.139,0.098,0.39,0.599,0.53,-0.002,0.526,0.594,0.599,0.262,0.412,0.542,0.473,0.541,0.34,0.557,0.317,0.623,0.416,-0.309,0.363,0.726,0.32,0.113,-0.305,-0.08,0.312,0.632,0.664,-0.143,-0.078,0.226,0.318,0.135,0.233,0.488,0.548,0.459,0.214,0.363,-0.262,0.43,0.271,0.309,0.033,0.19,0.605,0.523,0.55,0.574,0.503,0.56,0.212,0.425,0.395,0.393,0.654,0.462,0.238,0.324,0.014,0.701,0.327,0.413,0.55,0.122,0.058,0.439,0.725,-0.375,0.255,0.581,0.503,0.48,0.613,0.357,0.793,-0.22,0.027,0.329,0.248,0.449,0.485,0.137,0.276,0.547,0.578,0.368,0.424,0.206,0.592,0.217,0.399,0.62,0.391,-0.056,0.39,0.276,0.659,0.342,0.473,0.431,0.535,0.715,0.404,0.406,0.423,0.2,0.428,0.323,0.532,0.192,0.204,0.508,0.388,0.183,0.535,0.659,0.335,0.703
ACHC,0.602,0.0,-0.468,0.802,0.357,0.746,0.494,-0.359,0.029,0.198,-0.161,0.49,0.591,0.216,0.631,0.612,0.52,0.583,-0.208,0.687,0.748,0.374,0.334,0.747,0.259,-0.614,-0.268,0.559,-0.591,0.269,0.507,0.465,-0.006,0.746,0.734,-0.607,0.857,0.763,0.489,0.212,0.651,0.832,0.729,0.763,0.075,0.363,0.012,0.32,0.596,0.626,0.854,0.017,0.218,0.655,0.318,0.6,0.381,0.049,-0.073,0.146,-0.034,0.563,-0.118,0.801,0.012,0.592,0.7,-0.108,0.077,0.448,0.787,0.736,0.802,0.2,0.403,-0.257,0.524,0.343,0.287,-0.019,0.465,0.595,0.522,0.164,0.733,-0.294,0.754,0.594,0.774,-0.13,0.327,0.695,0.683,0.664,-0.035,0.171,0.654,0.275,0.72,-0.205,0.792,0.671,0.803,0.655,-0.73,0.434,0.031,0.178,0.459,-0.331,0.389,-0.288,0.451,0.547,0.703,0.427,0.052,0.699,0.741,0.618,-0.696,0.308,0.615,0.304,0.464,0.621,0.47,0.157,0.11,0.381,0.588,0.734,0.511,0.809,0.013,0.62,0.313,0.659,0.464,0.182,0.497,0.566,0.729,0.142,0.26,-0.451,0.315,0.734,0.823,-0.757,0.64,0.801,0.235,0.019,0.54,0.667,0.624,0.374,0.483,0.579,0.709,0.527,0.149,0.232,0.679,0.808,0.698,-0.046,0.51,0.749,0.836,-0.051,-0.022,0.419,0.787,0.341,0.803,-0.259,0.636,0.414,0.846,0.618,0.291,0.702,0.52,0.661,0.67,-0.112,0.108,-0.16,0.511,0.211,0.631,0.656,0.774,0.438,0.562,0.14,0.606,0.726
AGNCN,-0.214,-0.468,0.0,-0.507,0.026,-0.526,-0.176,0.564,0.09,0.026,0.413,0.107,-0.294,-0.074,-0.327,-0.318,-0.064,-0.412,0.421,-0.443,-0.316,-0.355,-0.614,-0.592,-0.498,0.222,0.52,-0.592,0.322,-0.291,-0.428,-0.231,0.294,-0.471,-0.428,0.026,-0.308,-0.283,-0.225,-0.2,-0.348,-0.388,-0.542,-0.429,0.339,-0.08,-0.178,-0.545,-0.491,-0.161,-0.421,-0.332,0.087,-0.493,-0.067,-0.644,0.141,0.39,0.28,0.304,-0.356,-0.019,0.237,-0.149,0.037,-0.249,-0.276,-0.203,0.117,-0.672,-0.262,-0.689,-0.451,0.389,0.256,0.369,-0.634,-0.226,-0.614,-0.05,-0.702,-0.561,-0.549,0.154,-0.501,0.055,-0.108,-0.422,-0.153,-0.153,0.095,-0.213,-0.436,-0.085,0.18,-0.28,-0.752,0.081,-0.333,0.265,-0.449,-0.1,-0.482,-0.47,0.692,-0.293,-0.376,-0.09,-0.261,0.435,-0.065,0.217,-0.677,-0.64,-0.407,0.252,0.056,-0.483,-0.655,-0.437,0.442,-0.427,-0.198,-0.385,-0.496,-0.519,-0.164,0.345,0.252,0.209,-0.429,-0.185,-0.498,-0.349,0.547,-0.291,0.105,-0.016,-0.03,-0.493,-0.621,-0.033,-0.328,-0.004,0.327,0.546,-0.695,-0.509,-0.545,0.305,-0.233,-0.188,0.218,0.336,-0.561,-0.204,-0.096,-0.312,-0.613,-0.035,-0.697,-0.072,-0.177,-0.485,-0.422,-0.343,-0.487,-0.089,-0.125,-0.471,-0.542,0.012,0.208,0.162,-0.358,-0.519,-0.525,0.324,-0.032,0.129,-0.44,0.007,-0.202,-0.093,0.063,-0.299,-0.195,-0.247,0.289,0.285,-0.308,-0.053,-0.121,0.023,-0.324,-0.166,0.016,-0.101,-0.05,-0.429
AKAM,0.321,0.802,-0.507,0.0,0.28,0.961,0.156,-0.617,-0.187,0.257,-0.121,0.118,0.668,-0.028,0.898,0.543,0.575,0.267,-0.639,0.862,0.846,0.164,0.428,0.895,0.213,-0.794,-0.674,0.868,-0.535,0.049,0.861,0.794,-0.327,0.948,0.915,-0.659,0.742,0.816,0.605,-0.094,0.941,0.674,0.476,0.614,-0.306,0.509,-0.335,0.63,0.318,0.748,0.857,-0.232,0.486,0.895,-0.015,0.825,0.43,-0.114,-0.322,-0.08,-0.203,0.561,-0.127,0.77,-0.332,0.472,0.916,-0.391,-0.232,0.655,0.654,0.739,0.709,0.261,0.342,-0.294,0.704,-0.036,0.424,-0.282,0.523,0.889,0.471,-0.213,0.71,-0.578,0.779,0.483,0.721,-0.439,0.256,0.575,0.61,0.666,-0.416,-0.218,0.781,-0.108,0.877,-0.008,0.957,0.304,0.943,0.907,-0.773,0.778,-0.186,-0.234,0.21,-0.462,0.614,-0.669,0.379,0.843,0.764,0.328,-0.368,0.726,0.85,0.839,-0.844,0.026,0.771,0.219,0.735,0.868,0.192,-0.23,-0.164,0.215,0.442,0.745,0.792,0.933,-0.214,0.665,-0.04,0.648,0.407,-0.032,0.782,0.258,0.921,-0.166,0.077,-0.717,0.381,0.645,0.585,-0.89,0.867,0.734,-0.013,-0.362,0.4,0.826,0.303,0.738,0.814,0.771,0.88,0.237,-0.077,0.228,0.926,0.826,0.509,-0.417,0.633,0.938,0.793,-0.075,-0.343,0.276,0.889,0.751,0.924,-0.635,0.518,0.5,0.95,0.643,-0.098,0.497,0.647,0.757,0.724,-0.262,-0.059,-0.627,0.545,0.15,0.792,0.677,0.617,0.504,0.654,-0.281,0.775,0.484
AKRO,0.632,0.357,0.026,0.28,0.0,0.157,0.467,0.348,0.492,0.561,0.065,0.586,0.444,0.634,0.267,0.691,0.668,0.588,0.257,0.081,0.465,0.245,-0.159,0.19,0.33,0.025,0.116,0.134,-0.322,0.421,0.226,0.438,0.538,0.205,0.153,-0.391,0.405,0.248,0.507,0.403,0.325,0.526,0.445,0.531,0.469,0.599,0.285,0.041,0.386,0.324,0.447,-0.093,0.307,0.219,0.498,-0.062,0.623,0.588,0.515,0.47,-0.293,0.796,0.444,0.469,0.364,0.305,0.355,0.06,0.453,-0.183,0.582,0.076,0.624,0.379,0.567,0.573,0.145,0.146,0.066,0.439,-0.106,0.119,0.365,0.467,0.55,0.025,0.527,0.481,0.492,0.181,0.573,0.481,0.48,0.578,0.162,0.202,0.111,0.588,0.458,0.121,0.265,0.444,0.208,0.08,-0.071,0.121,0.061,0.431,0.578,0.178,0.116,0.219,0.226,0.108,0.303,0.609,0.321,0.039,0.113,0.237,-0.038,0.023,0.205,0.291,-0.018,0.143,0.613,0.321,0.664,0.579,0.494,0.594,0.314,0.381,0.511,0.388,0.74,0.662,-0.065,0.159,-0.05,0.529,0.25,0.325,0.608,0.293,-0.247,0.211,0.417,-0.247,0.257,0.447,0.555,0.357,0.423,0.526,0.353,-0.045,0.172,0.39,0.071,0.154,0.463,-0.015,0.219,0.497,0.489,0.267,0.485,0.198,0.471,0.383,0.406,0.669,0.183,0.079,0.283,0.211,0.64,0.651,0.387,0.365,0.435,0.78,0.487,0.623,0.412,0.303,0.502,0.133,0.388,0.529,0.392,0.538,0.1,0.209,0.645,0.402,0.499,0.435
ALRM,0.222,0.746,-0.526,0.961,0.157,0.0,0.021,-0.714,-0.339,0.208,-0.215,0.028,0.597,-0.125,0.89,0.434,0.486,0.195,-0.737,0.892,0.828,0.13,0.501,0.843,0.183,-0.811,-0.736,0.906,-0.458,-0.028,0.853,0.728,-0.452,0.945,0.904,-0.64,0.733,0.798,0.49,-0.164,0.9,0.59,0.432,0.547,-0.437,0.425,-0.405,0.7,0.242,0.754,0.836,-0.265,0.488,0.905,-0.103,0.865,0.351,-0.187,-0.445,-0.205,-0.166,0.485,-0.313,0.675,-0.38,0.461,0.881,-0.377,-0.28,0.746,0.578,0.736,0.624,0.225,0.255,-0.315,0.698,-0.084,0.458,-0.328,0.565,0.92,0.425,-0.302,0.7,-0.564,0.738,0.416,0.648,-0.494,0.2,0.502,0.587,0.643,-0.476,-0.261,0.769,-0.227,0.806,0.022,0.919,0.221,0.955,0.89,-0.752,0.791,-0.219,-0.332,0.109,-0.473,0.641,-0.714,0.33,0.873,0.689,0.17,-0.465,0.725,0.858,0.853,-0.869,0.025,0.743,0.125,0.769,0.919,0.053,-0.306,-0.333,0.178,0.408,0.639,0.778,0.912,-0.337,0.639,-0.173,0.562,0.4,-0.052,0.861,0.16,0.904,-0.289,-0.033,-0.761,0.463,0.645,0.532,-0.898,0.849,0.701,-0.099,-0.408,0.368,0.78,0.251,0.762,0.823,0.743,0.914,0.239,-0.099,0.236,0.943,0.764,0.457,-0.477,0.611,0.96,0.738,-0.15,-0.412,0.21,0.895,0.792,0.939,-0.694,0.433,0.434,0.912,0.587,-0.158,0.382,0.623,0.741,0.682,-0.281,-0.134,-0.704,0.484,0.171,0.756,0.634,0.612,0.387,0.529,-0.348,0.716,0.415
AMAT,0.558,0.494,-0.176,0.156,0.467,0.021,0.0,0.137,0.678,0.167,-0.07,0.67,0.355,0.511,-0.092,0.554,0.187,0.719,0.521,0.022,0.186,0.472,-0.142,0.21,0.435,0.13,0.285,-0.075,-0.278,0.683,-0.12,0.053,0.579,0.131,0.054,0.065,0.386,0.075,0.331,0.581,-0.008,0.529,0.711,0.611,0.556,0.143,0.608,-0.184,0.725,-0.012,0.227,0.498,-0.225,0.028,0.708,0.042,0.183,0.322,0.508,0.341,0.255,0.256,0.241,0.357,0.575,0.327,0.003,0.45,0.46,0.016,0.501,0.286,0.538,-0.169,0.267,-0.067,0.234,0.694,0.091,0.521,0.101,-0.056,0.485,0.568,0.437,0.341,0.15,0.594,0.338,0.543,0.409,0.492,0.563,0.166,0.476,0.557,0.185,0.694,0.169,-0.388,0.111,0.621,0.096,0.04,-0.273,-0.215,0.423,0.701,0.721,0.175,-0.2,0.45,0.608,-0.053,0.36,0.454,0.524,0.172,0.33,-0.0,0.1,0.618,-0.04,0.618,-0.118,-0.095,0.897,0.411,0.578,0.278,0.481,0.399,0.088,0.211,0.388,0.177,0.617,0.415,0.042,0.508,-0.147,0.663,-0.008,0.615,0.42,0.113,0.047,0.393,0.621,-0.022,-0.13,0.247,0.536,0.412,0.483,0.123,0.416,-0.109,-0.024,-0.036,0.098,0.45,0.503,0.38,-0.056,0.448,0.659,0.616,0.153,0.105,0.495,0.35,0.489,0.368,0.022,-0.218,0.161,0.452,0.376,0.177,0.237,0.088,0.731,0.55,-0.04,0.123,0.219,0.35,0.346,0.47,0.285,0.298,-0.006,0.177,0.425,0.497,0.166,0.617,0.018,0.575
AMED,0.264,-0.359,0.564,-0.617,0.348,-0.714,0.137,0.0,0.473,-0.114,0.455,0.42,-0.26,0.557,-0.544,0.054,-0.045,0.137,0.772,-0.733,-0.345,0.005,-0.588,-0.565,-0.109,0.514,0.834,-0.745,0.228,0.108,-0.607,-0.39,0.766,-0.709,-0.682,0.165,-0.228,-0.29,-0.026,0.349,-0.495,-0.16,-0.216,-0.113,0.76,-0.033,0.435,-0.634,0.001,-0.228,-0.359,0.088,-0.259,-0.587,0.406,-0.832,0.251,0.622,0.711,0.68,-0.131,0.097,0.565,-0.17,0.354,-0.013,-0.473,0.107,0.631,-0.856,-0.065,-0.546,-0.17,0.18,0.351,0.567,-0.601,0.144,-0.499,0.354,-0.63,-0.786,-0.161,0.647,-0.302,0.357,-0.128,-0.037,-0.037,0.34,0.217,-0.133,-0.301,-0.03,0.628,0.28,-0.664,0.6,-0.302,-0.081,-0.516,0.159,-0.592,-0.724,0.566,-0.649,0.1,0.533,0.207,0.492,-0.421,0.687,-0.383,-0.707,-0.483,0.4,0.673,-0.444,-0.768,-0.441,0.61,-0.127,-0.43,-0.023,-0.614,-0.703,0.209,0.682,0.739,0.403,-0.179,-0.052,-0.503,-0.443,0.683,-0.141,0.577,-0.063,-0.111,-0.024,-0.85,0.332,-0.466,0.425,0.539,0.91,-0.688,-0.418,-0.175,0.439,-0.381,-0.17,0.511,0.734,-0.16,-0.28,0.209,-0.744,-0.707,-0.184,-0.747,0.004,0.216,-0.347,-0.563,-0.315,-0.205,0.455,-0.097,-0.682,-0.294,0.36,0.658,0.421,-0.443,-0.748,-0.623,0.708,0.225,0.042,-0.467,-0.071,0.313,0.196,-0.001,-0.279,-0.166,0.238,0.594,0.716,-0.12,-0.029,-0.319,-0.032,-0.46,-0.225,0.114,0.51,-0.176,-0.077
AMRN,0.337,0.029,0.09,-0.187,0.492,-0.339,0.678,0.473,0.0,0.057,0.093,0.609,0.306,0.589,-0.364,0.456,0.006,0.539,0.659,-0.367,-0.055,0.334,-0.404,-0.179,0.41,0.502,0.523,-0.326,-0.069,0.68,-0.311,0.003,0.805,-0.207,-0.337,0.348,-0.001,-0.24,0.36,0.653,-0.228,0.166,0.43,0.432,0.59,0.229,0.716,-0.244,0.556,-0.134,-0.152,0.556,-0.201,-0.2,0.739,-0.392,0.337,0.581,0.781,0.512,0.16,0.176,0.639,0.025,0.655,0.243,-0.27,0.431,0.516,-0.345,0.195,-0.158,0.259,-0.16,0.297,0.171,-0.017,0.484,0.081,0.723,-0.236,-0.385,0.44,0.668,0.253,0.6,-0.106,0.483,0.126,0.593,0.533,0.191,0.356,0.021,0.55,0.438,-0.182,0.684,-0.015,-0.314,-0.211,0.3,-0.217,-0.337,0.061,-0.43,0.418,0.732,0.704,0.559,-0.332,0.687,0.352,-0.304,0.108,0.378,0.595,-0.229,-0.099,-0.245,0.524,0.366,-0.408,0.61,-0.269,-0.428,0.745,0.465,0.749,0.325,0.247,0.202,-0.049,-0.075,0.541,0.113,0.628,0.296,-0.175,0.489,-0.437,0.569,-0.289,0.716,0.39,0.487,-0.229,0.112,0.309,0.32,-0.347,-0.109,0.673,0.555,0.225,-0.054,0.149,-0.313,-0.242,-0.18,-0.257,0.182,0.585,0.327,-0.354,0.21,0.462,0.674,0.169,-0.242,0.215,0.7,0.744,0.391,-0.315,-0.385,-0.282,0.575,0.295,0.157,-0.134,-0.187,0.738,0.379,-0.076,-0.062,0.177,0.557,0.609,0.585,0.091,0.371,-0.227,0.009,-0.05,0.476,0.092,0.596,-0.146,0.362
ANGI,0.207,0.198,0.026,0.257,0.561,0.208,0.167,-0.114,0.057,0.0,-0.185,0.111,0.132,0.05,0.306,0.192,0.433,0.152,-0.04,0.213,0.257,0.031,0.111,0.117,0.139,0.014,-0.229,0.258,-0.306,0.218,0.284,0.297,-0.002,0.227,0.292,-0.274,0.131,-0.033,0.14,-0.073,0.247,0.343,0.202,0.062,-0.008,0.359,-0.117,0.173,-0.081,0.128,0.279,-0.291,0.445,0.154,0.03,0.143,0.154,0.091,0.053,-0.209,-0.271,0.474,0.06,0.255,0.093,-0.108,0.296,-0.029,-0.015,0.043,0.132,-0.084,0.314,0.248,0.14,0.466,0.192,-0.081,0.086,0.138,0.039,0.356,-0.046,-0.066,0.204,-0.211,0.247,0.073,0.074,0.036,0.14,0.414,0.259,0.254,-0.244,-0.055,0.186,-0.016,0.171,0.349,0.205,0.154,0.124,0.205,0.046,0.287,-0.062,-0.07,0.158,-0.01,0.102,-0.086,0.174,0.175,0.24,0.209,-0.233,-0.106,0.163,0.107,-0.085,-0.029,0.24,-0.07,-0.073,0.314,0.216,-0.231,0.087,0.104,0.328,0.272,0.251,0.199,0.09,0.04,0.241,0.365,-0.257,-0.004,0.271,0.004,0.132,-0.058,0.121,-0.103,0.012,0.101,0.138,-0.154,0.153,0.182,-0.014,-0.175,0.284,0.359,-0.117,0.24,0.333,0.155,0.12,-0.064,0.211,-0.021,0.189,0.204,0.118,-0.033,0.102,0.192,0.109,-0.083,-0.132,0.133,0.028,0.347,0.314,-0.017,0.19,0.465,0.233,0.16,-0.046,0.353,0.143,0.484,0.024,0.072,-0.095,-0.203,0.114,0.423,0.293,0.18,0.052,0.048,0.287,-0.035,0.292,0.13
APA,0.04,-0.161,0.413,-0.121,0.065,-0.215,-0.07,0.455,0.093,-0.185,0.0,0.14,0.025,0.17,-0.054,0.02,0.047,-0.203,0.243,-0.292,-0.03,-0.232,-0.412,-0.135,-0.289,-0.082,0.407,-0.339,0.169,-0.236,-0.078,0.04,0.325,-0.195,-0.128,-0.019,-0.027,0.107,0.26,-0.026,0.014,-0.169,-0.367,-0.112,0.423,0.048,-0.102,-0.448,-0.163,0.172,-0.147,-0.19,-0.086,-0.162,0.078,-0.392,0.365,0.345,0.293,0.451,-0.264,0.126,0.43,0.151,-0.295,0.06,0.018,-0.462,0.178,-0.474,0.049,-0.267,-0.071,0.288,0.454,0.123,-0.265,-0.073,-0.543,-0.28,-0.35,-0.373,-0.119,0.296,-0.315,-0.298,0.155,-0.014,0.276,-0.192,0.151,-0.012,-0.31,0.085,0.377,-0.192,-0.344,0.241,0.056,-0.093,0.033,0.094,-0.146,-0.195,0.292,-0.191,-0.231,-0.029,-0.069,0.157,-0.047,0.041,-0.468,-0.257,-0.108,0.509,0.256,-0.041,-0.387,-0.017,0.109,-0.277,0.033,-0.041,-0.243,-0.308,0.02,0.385,0.399,0.234,-0.324,0.22,-0.071,-0.033,0.565,0.079,0.043,0.111,0.186,-0.413,-0.443,0.215,0.032,-0.064,0.458,0.346,-0.623,-0.304,-0.198,-0.025,0.132,0.022,0.301,0.37,-0.295,0.016,0.186,-0.153,-0.285,0.282,-0.352,0.009,-0.257,-0.239,-0.076,0.011,-0.377,-0.088,0.105,-0.202,-0.08,0.116,0.167,0.303,0.02,-0.383,-0.275,0.157,0.273,0.151,-0.012,0.226,-0.162,0.095,0.312,-0.245,0.042,-0.284,0.411,0.116,0.123,-0.42,0.06,0.201,-0.186,0.095,0.352,-0.102,0.202,-0.156
APOG,0.673,0.49,0.107,0.118,0.586,0.028,0.67,0.42,0.609,0.111,0.14,0.0,0.291,0.671,-0.054,0.63,0.23,0.671,0.566,0.011,0.42,0.509,-0.344,0.002,0.217,0.011,0.491,-0.18,-0.258,0.563,-0.218,0.011,0.766,0.072,-0.041,-0.226,0.592,0.267,0.32,0.532,0.05,0.561,0.629,0.658,0.68,0.241,0.484,-0.242,0.594,0.342,0.316,0.298,-0.057,0.096,0.819,-0.226,0.631,0.788,0.605,0.606,0.033,0.506,0.293,0.402,0.568,0.661,0.093,0.261,0.706,-0.28,0.587,0.14,0.561,0.226,0.748,0.191,-0.038,0.586,-0.003,0.491,-0.209,-0.191,0.39,0.844,0.49,0.24,0.433,0.57,0.588,0.342,0.772,0.647,0.587,0.473,0.611,0.466,-0.092,0.755,0.248,-0.325,0.14,0.763,0.21,-0.13,-0.057,-0.283,0.214,0.689,0.714,0.455,-0.145,0.486,0.2,-0.218,0.318,0.601,0.613,0.161,0.085,0.099,0.093,0.352,0.009,0.418,-0.136,-0.077,0.75,0.805,0.726,0.817,0.454,0.494,-0.012,0.343,0.675,0.37,0.75,0.618,0.142,0.297,-0.257,0.91,0.122,0.643,0.675,0.392,-0.211,0.506,0.623,-0.194,0.066,0.531,0.864,0.773,0.441,0.271,0.707,-0.294,-0.269,0.288,-0.034,0.661,0.558,0.173,0.019,0.52,0.543,0.532,0.51,0.09,0.45,0.454,0.686,0.798,0.211,-0.366,0.141,0.529,0.738,0.526,0.264,0.365,0.718,0.763,0.413,0.269,0.523,0.178,0.778,0.559,0.255,0.449,0.153,0.575,0.453,0.387,0.448,0.62,0.24,0.591
APPS,0.255,0.591,-0.294,0.668,0.444,0.597,0.355,-0.26,0.306,0.132,0.025,0.291,0.0,0.156,0.563,0.668,0.541,0.374,-0.269,0.529,0.58,0.087,0.021,0.55,0.236,-0.409,-0.195,0.586,-0.261,0.224,0.579,0.746,0.048,0.703,0.585,-0.349,0.478,0.549,0.769,0.17,0.678,0.415,0.442,0.725,-0.076,0.713,0.004,0.475,0.473,0.556,0.571,-0.02,0.368,0.672,0.208,0.406,0.562,0.17,0.1,0.313,-0.239,0.626,0.289,0.615,-0.112,0.423,0.607,-0.246,-0.054,0.322,0.467,0.421,0.55,0.26,0.388,-0.123,0.483,-0.036,0.395,0.032,0.192,0.456,0.645,0.045,0.725,-0.172,0.567,0.533,0.611,-0.23,0.415,0.387,0.551,0.554,-0.17,-0.22,0.434,0.196,0.755,-0.005,0.647,0.162,0.631,0.514,-0.574,0.537,-0.141,0.001,0.374,0.007,0.554,-0.29,0.319,0.527,0.57,0.415,-0.06,0.331,0.581,0.526,-0.403,0.041,0.427,0.472,0.607,0.4,0.385,-0.01,0.221,0.269,0.327,0.647,0.629,0.702,0.051,0.595,0.306,0.706,0.352,0.083,0.375,0.355,0.605,0.014,0.275,-0.263,0.039,0.446,0.494,-0.51,0.591,0.475,0.282,-0.079,0.19,0.701,0.157,0.529,0.562,0.562,0.533,0.239,0.108,0.344,0.555,0.714,0.619,-0.136,0.548,0.669,0.739,0.289,0.043,0.375,0.532,0.426,0.512,-0.4,0.512,0.444,0.636,0.461,0.234,0.522,0.525,0.593,0.656,0.029,0.254,-0.353,0.373,0.349,0.633,0.544,0.37,0.632,0.507,-0.111,0.653,0.37
ARCB,0.686,0.216,-0.074,-0.028,0.634,-0.125,0.511,0.557,0.589,0.05,0.17,0.671,0.156,0.0,-0.211,0.647,0.108,0.744,0.474,-0.336,0.255,0.461,-0.123,0.028,0.609,0.31,0.397,-0.176,-0.146,0.683,-0.142,-0.004,0.788,-0.157,-0.267,0.042,0.338,0.045,0.409,0.761,-0.056,0.399,0.507,0.564,0.728,0.245,0.724,-0.116,0.643,0.172,0.212,0.436,-0.321,0.013,0.836,-0.279,0.51,0.664,0.763,0.495,0.229,0.446,0.485,0.153,0.478,0.513,-0.103,0.356,0.793,-0.26,0.453,0.123,0.561,-0.124,0.477,0.298,0.143,0.546,0.09,0.653,-0.02,-0.235,0.546,0.781,0.4,0.352,0.22,0.691,0.413,0.567,0.579,0.355,0.427,0.353,0.623,0.663,0.058,0.763,0.187,-0.461,0.022,0.519,-0.001,-0.288,-0.126,-0.465,0.513,0.818,0.775,0.243,-0.424,0.622,0.339,-0.041,0.016,0.433,0.788,0.12,-0.126,0.19,0.213,0.329,-0.256,0.582,-0.155,-0.106,0.662,0.595,0.779,0.584,0.512,0.423,0.19,0.101,0.492,0.296,0.71,0.316,-0.143,0.57,-0.3,0.717,-0.028,0.617,0.494,0.537,-0.103,0.252,0.55,-0.011,-0.08,0.199,0.727,0.728,0.614,0.111,0.535,-0.509,-0.118,0.061,-0.01,0.181,0.712,0.223,-0.051,0.331,0.461,0.706,0.435,-0.181,0.457,0.665,0.766,0.646,0.021,-0.267,0.032,0.606,0.615,0.236,0.135,0.025,0.729,0.558,0.213,0.192,0.284,0.607,0.725,0.482,0.451,0.269,-0.129,0.238,-0.062,0.171,0.366,0.79,0.043,0.525
ARCC,0.199,0.631,-0.327,0.898,0.267,0.89,-0.092,-0.544,-0.364,0.306,-0.054,-0.054,0.563,-0.211,0.0,0.345,0.671,0.027,-0.703,0.846,0.733,-0.035,0.385,0.769,-0.042,-0.847,-0.664,0.824,-0.476,-0.276,0.867,0.796,-0.474,0.859,0.883,-0.773,0.607,0.817,0.452,-0.311,0.937,0.508,0.182,0.365,-0.402,0.492,-0.587,0.574,0.004,0.728,0.801,-0.557,0.657,0.788,-0.3,0.733,0.371,-0.194,-0.45,-0.063,-0.432,0.558,-0.193,0.73,-0.466,0.302,0.953,-0.6,-0.383,0.514,0.549,0.569,0.505,0.502,0.3,-0.082,0.491,-0.359,0.235,-0.49,0.377,0.86,0.2,-0.378,0.522,-0.71,0.804,0.2,0.618,-0.674,0.065,0.37,0.335,0.68,-0.592,-0.461,0.614,-0.24,0.818,0.265,0.884,0.115,0.844,0.867,-0.538,0.895,-0.424,-0.471,-0.1,-0.51,0.779,-0.807,0.087,0.753,0.6,0.324,-0.525,0.584,0.672,0.722,-0.86,-0.243,0.889,-0.138,0.668,0.815,-0.062,-0.293,-0.275,0.168,0.208,0.649,0.662,0.852,-0.228,0.541,-0.144,0.55,0.464,-0.337,0.734,0.029,0.9,-0.43,0.082,-0.666,0.209,0.396,0.304,-0.878,0.921,0.703,-0.196,-0.459,0.114,0.819,0.202,0.775,0.76,0.818,0.723,0.142,-0.298,-0.089,0.923,0.628,0.25,-0.673,0.501,0.888,0.57,-0.288,-0.507,0.183,0.852,0.753,0.825,-0.743,0.428,0.499,0.854,0.716,-0.369,0.405,0.707,0.761,0.606,-0.429,-0.199,-0.712,0.412,0.081,0.868,0.677,0.473,0.242,0.656,-0.485,0.849,0.27
ARVN,0.692,0.612,-0.318,0.543,0.691,0.434,0.554,0.054,0.456,0.192,0.02,0.63,0.668,0.647,0.345,0.0,0.455,0.67,0.009,0.34,0.659,0.513,-0.031,0.477,0.474,-0.241,-0.055,0.389,-0.398,0.557,0.282,0.495,0.402,0.486,0.31,-0.362,0.654,0.511,0.666,0.446,0.529,0.646,0.701,0.854,0.299,0.606,0.377,0.292,0.716,0.537,0.572,0.226,0.052,0.596,0.601,0.231,0.683,0.485,0.421,0.429,0.046,0.675,0.384,0.529,0.214,0.708,0.468,0.087,0.433,0.147,0.657,0.535,0.777,0.12,0.6,0.109,0.457,0.297,0.442,0.314,0.152,0.311,0.719,0.476,0.778,-0.037,0.6,0.751,0.684,0.184,0.682,0.608,0.708,0.58,0.157,0.326,0.425,0.539,0.664,-0.306,0.543,0.534,0.538,0.307,-0.502,0.175,0.266,0.467,0.681,0.05,0.093,0.05,0.493,0.359,0.503,0.496,0.39,0.483,0.436,0.524,-0.275,0.314,0.3,0.663,0.413,0.356,0.647,0.367,0.546,0.583,0.494,0.653,0.496,0.626,0.315,0.523,0.603,0.694,0.179,0.405,0.241,0.718,0.508,0.435,0.44,-0.005,0.114,0.659,0.698,-0.429,0.412,0.567,0.585,0.324,0.591,0.571,0.564,0.112,0.321,0.485,0.467,0.394,0.483,0.429,0.426,0.735,0.692,0.295,0.7,0.462,0.787,0.545,0.398,0.644,0.479,0.2,0.49,0.076,0.734,0.536,0.591,0.43,0.573,0.704,0.523,0.529,0.671,0.276,0.547,0.028,0.509,0.448,0.383,0.621,0.433,0.592,0.624,0.406,0.502,0.609
ATEC,0.411,0.52,-0.064,0.575,0.668,0.486,0.187,-0.045,0.006,0.433,0.047,0.23,0.541,0.108,0.671,0.455,0.0,0.206,-0.168,0.55,0.491,-0.201,-0.084,0.431,-0.106,-0.489,-0.223,0.369,-0.338,-0.171,0.586,0.677,-0.05,0.563,0.55,-0.737,0.435,0.539,0.428,-0.05,0.636,0.4,0.199,0.335,0.052,0.657,-0.337,0.085,0.074,0.405,0.624,-0.53,0.631,0.435,-0.075,0.328,0.405,0.116,-0.051,0.367,-0.677,0.815,0.053,0.695,-0.09,0.043,0.736,-0.407,-0.046,0.047,0.596,0.256,0.467,0.713,0.384,0.254,0.076,-0.265,-0.049,-0.167,-0.04,0.422,0.103,-0.088,0.486,-0.436,0.718,0.091,0.515,-0.394,0.178,0.388,0.26,0.622,-0.338,-0.335,0.245,0.182,0.67,0.469,0.536,0.339,0.475,0.434,-0.22,0.66,-0.475,-0.146,0.198,-0.221,0.649,-0.381,-0.056,0.309,0.446,0.528,-0.169,0.147,0.355,0.399,-0.515,-0.258,0.723,-0.102,0.298,0.385,0.227,-0.049,0.239,0.245,0.338,0.575,0.332,0.579,0.246,0.422,0.391,0.699,0.267,-0.357,0.191,0.132,0.582,-0.163,0.505,-0.122,-0.263,0.153,0.219,-0.512,0.658,0.699,0.054,-0.124,0.117,0.774,0.245,0.342,0.374,0.611,0.26,0.015,-0.12,-0.291,0.505,0.505,0.292,-0.35,0.311,0.561,0.45,-0.214,-0.226,0.383,0.469,0.33,0.506,-0.404,0.44,0.649,0.597,0.674,-0.069,0.699,0.587,0.786,0.391,-0.298,0.016,-0.29,0.292,0.289,0.829,0.648,0.345,0.059,0.696,-0.138,0.822,0.206
ATXS,0.753,0.583,-0.412,0.267,0.588,0.195,0.719,0.137,0.539,0.152,-0.203,0.671,0.374,0.744,0.027,0.67,0.206,0.0,0.306,0.035,0.408,0.616,0.175,0.338,0.671,0.107,0.164,0.131,-0.373,0.745,0.052,0.105,0.558,0.176,0.091,-0.068,0.555,0.252,0.421,0.756,0.103,0.685,0.825,0.785,0.48,0.214,0.703,0.128,0.874,0.222,0.471,0.523,-0.196,0.202,0.79,0.111,0.337,0.356,0.477,0.312,0.337,0.413,0.161,0.339,0.524,0.543,0.09,0.459,0.575,0.137,0.642,0.445,0.742,-0.221,0.298,0.088,0.405,0.688,0.339,0.636,0.315,0.092,0.708,0.621,0.683,0.329,0.3,0.801,0.489,0.545,0.483,0.514,0.686,0.421,0.463,0.696,0.387,0.7,0.307,-0.429,0.255,0.607,0.3,0.074,-0.459,-0.192,0.543,0.783,0.825,0.036,-0.189,0.452,0.642,0.217,0.296,0.315,0.605,0.346,0.348,0.296,-0.074,0.59,-0.071,0.62,0.054,0.155,0.771,0.412,0.522,0.45,0.705,0.497,0.331,0.341,0.19,0.421,0.67,0.385,0.037,0.697,0.05,0.711,0.143,0.517,0.317,0.137,0.271,0.522,0.856,-0.234,0.047,0.369,0.573,0.476,0.751,0.233,0.571,-0.189,0.168,0.086,0.332,0.422,0.721,0.418,0.173,0.549,0.829,0.631,0.393,0.187,0.697,0.439,0.57,0.522,0.237,-0.031,0.353,0.355,0.555,0.166,0.388,0.095,0.82,0.634,0.161,0.391,0.398,0.59,0.451,0.35,0.49,0.398,0.031,0.276,0.306,0.29,0.256,0.749,0.094,0.765
AVAV,0.279,-0.208,0.421,-0.639,0.257,-0.737,0.521,0.772,0.659,-0.04,0.243,0.566,-0.269,0.474,-0.703,0.009,-0.168,0.306,0.0,-0.67,-0.43,0.158,-0.558,-0.581,0.008,0.632,0.854,-0.816,0.159,0.37,-0.748,-0.544,0.817,-0.664,-0.652,0.375,-0.191,-0.466,-0.168,0.475,-0.677,-0.048,0.081,-0.041,0.803,-0.243,0.616,-0.762,0.205,-0.459,-0.423,0.392,-0.435,-0.703,0.596,-0.73,0.009,0.524,0.718,0.511,0.148,-0.077,0.38,-0.198,0.673,-0.064,-0.612,0.475,0.657,-0.69,-0.02,-0.45,-0.104,-0.079,0.177,0.31,-0.515,0.531,-0.453,0.559,-0.487,-0.807,-0.117,0.717,-0.248,0.594,-0.31,0.038,-0.142,0.605,0.221,0.012,-0.097,-0.22,0.789,0.516,-0.59,0.662,-0.465,-0.206,-0.606,0.368,-0.631,-0.712,0.503,-0.772,0.308,0.712,0.406,0.539,-0.565,0.853,-0.063,-0.789,-0.287,0.295,0.725,-0.446,-0.528,-0.622,0.703,0.304,-0.536,0.163,-0.748,-0.788,0.53,0.677,0.712,0.256,0.015,-0.144,-0.593,-0.498,0.667,-0.262,0.61,-0.044,-0.217,0.209,-0.837,0.421,-0.641,0.613,0.486,0.767,-0.507,-0.243,0.005,0.571,-0.642,-0.214,0.551,0.741,0.014,-0.433,0.228,-0.737,-0.76,-0.434,-0.726,0.19,0.372,-0.089,-0.72,-0.248,0.024,0.721,-0.272,-0.662,-0.263,0.297,0.682,0.283,-0.583,-0.844,-0.605,0.857,0.063,-0.046,-0.491,-0.235,0.557,0.207,-0.308,-0.408,-0.275,0.313,0.48,0.912,-0.178,0.064,-0.466,-0.189,-0.159,-0.056,-0.142,0.675,-0.419,0.121
AXON,0.142,0.687,-0.443,0.862,0.081,0.892,0.022,-0.733,-0.367,0.213,-0.292,0.011,0.529,-0.336,0.846,0.34,0.55,0.035,-0.67,0.0,0.677,0.058,0.322,0.688,-0.079,-0.828,-0.699,0.788,-0.431,-0.192,0.711,0.633,-0.554,0.918,0.866,-0.684,0.618,0.719,0.268,-0.327,0.813,0.482,0.352,0.394,-0.511,0.37,-0.536,0.523,0.095,0.589,0.7,-0.353,0.543,0.804,-0.271,0.814,0.211,-0.261,-0.568,-0.18,-0.262,0.406,-0.42,0.612,-0.307,0.296,0.849,-0.346,-0.394,0.641,0.472,0.663,0.453,0.38,0.173,-0.317,0.458,-0.208,0.377,-0.435,0.379,0.836,0.194,-0.393,0.587,-0.579,0.656,0.128,0.477,-0.545,0.092,0.465,0.456,0.486,-0.61,-0.364,0.614,-0.308,0.687,0.205,0.793,0.213,0.852,0.836,-0.571,0.856,-0.366,-0.446,-0.036,-0.444,0.713,-0.769,0.211,0.661,0.695,0.077,-0.546,0.58,0.816,0.629,-0.837,-0.021,0.841,-0.047,0.716,0.795,-0.018,-0.307,-0.4,0.081,0.272,0.43,0.508,0.808,-0.294,0.431,-0.164,0.541,0.433,-0.218,0.782,0.027,0.811,-0.3,-0.016,-0.771,0.381,0.606,0.36,-0.751,0.772,0.726,-0.221,-0.5,0.2,0.717,0.217,0.752,0.646,0.642,0.754,0.294,-0.23,0.126,0.788,0.622,0.352,-0.559,0.409,0.926,0.532,-0.361,-0.558,0.078,0.781,0.702,0.829,-0.728,0.248,0.452,0.769,0.636,-0.232,0.334,0.507,0.664,0.548,-0.482,-0.283,-0.615,0.243,0.218,0.771,0.61,0.755,0.313,0.425,-0.432,0.683,0.263
BANF,0.469,0.748,-0.316,0.846,0.465,0.828,0.186,-0.345,-0.055,0.257,-0.03,0.42,0.58,0.255,0.733,0.659,0.491,0.408,-0.43,0.677,0.0,0.324,0.287,0.686,0.285,-0.643,-0.431,0.696,-0.493,0.225,0.661,0.655,-0.016,0.793,0.704,-0.652,0.835,0.772,0.601,0.076,0.819,0.719,0.567,0.712,-0.072,0.527,-0.14,0.534,0.389,0.855,0.83,-0.166,0.423,0.832,0.252,0.548,0.706,0.302,-0.073,0.074,-0.169,0.688,-0.018,0.707,-0.13,0.701,0.795,-0.246,0.079,0.443,0.717,0.601,0.784,0.323,0.627,-0.057,0.57,0.123,0.384,-0.066,0.349,0.691,0.515,0.137,0.757,-0.436,0.83,0.616,0.829,-0.276,0.595,0.704,0.719,0.764,-0.147,-0.023,0.58,0.099,0.79,-0.078,0.836,0.456,0.883,0.667,-0.6,0.529,-0.086,-0.01,0.356,-0.151,0.432,-0.399,0.306,0.671,0.679,0.406,-0.116,0.661,0.654,0.819,-0.674,0.036,0.583,0.272,0.611,0.773,0.296,0.095,0.053,0.595,0.54,0.764,0.714,0.91,0.055,0.708,0.174,0.738,0.291,0.075,0.615,0.526,0.825,0.019,0.244,-0.402,0.274,0.713,0.663,-0.858,0.773,0.774,0.365,0.017,0.516,0.779,0.495,0.474,0.595,0.818,0.733,0.385,0.181,0.22,0.841,0.856,0.546,-0.189,0.862,0.797,0.781,0.184,0.003,0.605,0.847,0.55,0.828,-0.343,0.754,0.663,0.868,0.633,0.119,0.638,0.813,0.776,0.826,-0.126,0.338,-0.422,0.579,0.336,0.704,0.826,0.563,0.456,0.737,-0.049,0.746,0.541
BATRK,0.518,0.374,-0.355,0.164,0.245,0.13,0.472,0.005,0.334,0.031,-0.232,0.509,0.087,0.461,-0.035,0.513,-0.201,0.616,0.158,0.058,0.324,0.0,0.168,0.182,0.469,0.019,0.086,0.116,-0.31,0.627,-0.185,-0.086,0.385,0.078,-0.029,0.035,0.433,0.215,0.17,0.391,0.024,0.524,0.675,0.575,0.255,-0.047,0.582,0.215,0.674,0.235,0.204,0.558,-0.273,0.204,0.585,0.073,0.241,0.296,0.272,0.103,0.531,0.02,0.139,0.056,0.39,0.651,-0.001,0.438,0.409,0.193,0.352,0.416,0.524,-0.34,0.296,0.025,0.351,0.529,0.511,0.397,0.282,0.095,0.545,0.508,0.377,0.174,0.101,0.625,0.301,0.547,0.434,0.417,0.549,0.211,0.355,0.677,0.298,0.414,0.071,-0.567,0.169,0.39,0.272,0.079,-0.241,-0.251,0.592,0.602,0.433,0.083,-0.385,0.312,0.571,0.119,0.263,0.086,0.472,0.391,0.273,0.18,-0.001,0.589,-0.113,0.532,0.08,0.125,0.46,0.423,0.269,0.41,0.275,0.217,0.127,0.235,0.03,0.149,0.343,0.068,-0.045,0.625,0.177,0.612,0.088,0.479,-0.022,-0.01,0.486,0.599,0.634,-0.139,-0.046,0.172,0.441,0.369,0.548,-0.077,0.496,-0.079,0.041,0.008,0.319,0.605,0.512,0.57,0.126,0.322,0.518,0.508,0.389,0.119,0.397,0.435,0.461,0.306,0.21,-0.041,0.196,0.36,0.421,0.016,0.192,0.008,0.611,0.277,0.068,0.046,0.392,0.386,0.353,0.324,0.243,0.321,-0.191,0.147,0.333,0.406,0.09,0.552,-0.111,0.587
BIDU,0.054,0.334,-0.614,0.428,-0.159,0.501,-0.142,-0.588,-0.404,0.111,-0.412,-0.344,0.021,-0.123,0.385,-0.031,-0.084,0.175,-0.558,0.322,0.287,0.168,0.0,0.573,0.455,-0.197,-0.592,0.614,-0.346,0.079,0.466,0.137,-0.478,0.342,0.446,-0.068,0.255,0.246,0.039,0.014,0.305,0.402,0.218,0.116,-0.466,-0.147,-0.043,0.609,0.134,0.208,0.46,0.054,-0.077,0.35,-0.175,0.597,-0.22,-0.566,-0.367,-0.596,0.413,-0.115,-0.34,0.112,-0.201,0.129,0.264,0.072,-0.316,0.643,0.133,0.557,0.303,-0.377,-0.385,-0.251,0.696,0.102,0.354,-0.077,0.902,0.627,0.226,-0.379,0.246,-0.118,0.122,0.269,0.095,-0.063,-0.349,-0.006,0.153,0.154,-0.295,0.188,0.789,-0.352,0.224,-0.119,0.434,-0.149,0.403,0.51,-0.582,0.284,0.348,-0.133,-0.033,-0.627,0.098,-0.34,0.486,0.715,0.184,-0.327,-0.269,0.531,0.459,0.392,-0.505,0.221,0.195,0.037,0.354,0.621,-0.13,-0.429,-0.516,-0.255,0.241,0.157,0.505,0.24,-0.715,0.141,-0.334,-0.197,0.044,0.336,0.689,-0.161,0.299,-0.268,-0.515,-0.626,0.747,0.28,0.329,-0.393,0.245,0.049,-0.411,-0.458,0.377,0.098,0.036,0.301,0.66,0.024,0.675,-0.053,0.028,0.201,0.491,0.138,0.245,-0.137,0.043,0.355,0.324,-0.186,-0.319,-0.312,0.367,0.621,0.561,-0.355,-0.056,-0.298,0.399,-0.06,-0.152,-0.167,-0.031,0.261,0.077,0.209,-0.464,-0.417,0.273,-0.18,0.049,-0.11,0.085,-0.067,-0.08,-0.046,-0.017,0.359
BLNE,0.362,0.747,-0.592,0.895,0.19,0.843,0.21,-0.565,-0.179,0.117,-0.135,0.002,0.55,0.028,0.769,0.477,0.431,0.338,-0.581,0.688,0.686,0.182,0.573,0.0,0.324,-0.669,-0.658,0.803,-0.508,0.088,0.798,0.639,-0.325,0.799,0.846,-0.51,0.638,0.736,0.554,0.012,0.815,0.683,0.438,0.55,-0.252,0.341,-0.172,0.585,0.402,0.558,0.817,-0.074,0.229,0.749,0.008,0.826,0.236,-0.29,-0.281,-0.132,0.026,0.377,-0.095,0.703,-0.311,0.372,0.768,-0.276,-0.242,0.672,0.631,0.814,0.682,0.005,0.125,-0.362,0.772,0.094,0.373,-0.202,0.675,0.816,0.467,-0.222,0.626,-0.426,0.631,0.504,0.621,-0.325,0.053,0.375,0.486,0.51,-0.315,-0.03,0.858,-0.079,0.81,-0.178,0.876,0.243,0.804,0.892,-0.872,0.631,0.047,-0.101,0.218,-0.639,0.48,-0.568,0.5,0.853,0.63,0.239,-0.242,0.799,0.803,0.772,-0.81,0.125,0.649,0.273,0.656,0.785,0.204,-0.248,-0.173,0.046,0.422,0.676,0.778,0.773,-0.342,0.562,-0.064,0.424,0.407,0.116,0.717,0.205,0.801,-0.11,-0.016,-0.721,0.47,0.535,0.604,-0.79,0.723,0.569,-0.097,-0.385,0.417,0.655,0.314,0.605,0.794,0.584,0.868,0.121,-0.066,0.233,0.832,0.722,0.544,-0.302,0.471,0.783,0.785,-0.071,-0.316,0.134,0.79,0.696,0.857,-0.565,0.392,0.225,0.884,0.497,-0.063,0.352,0.455,0.583,0.57,-0.088,-0.162,-0.531,0.591,-0.102,0.576,0.47,0.478,0.426,0.512,-0.126,0.586,0.567
BLNK,0.362,0.259,-0.498,0.213,0.33,0.183,0.435,-0.109,0.41,0.139,-0.289,0.217,0.236,0.609,-0.042,0.474,-0.106,0.671,0.008,-0.079,0.285,0.469,0.455,0.324,0.0,0.297,-0.153,0.275,-0.21,0.787,0.203,0.163,0.318,0.117,0.023,0.276,0.271,-0.033,0.43,0.741,0.065,0.427,0.617,0.538,0.154,0.118,0.649,0.371,0.665,0.09,0.286,0.568,-0.307,0.221,0.592,0.224,0.158,0.115,0.43,-0.155,0.551,0.159,0.213,0.055,0.383,0.379,-0.042,0.511,0.323,0.359,0.302,0.375,0.545,-0.575,-0.034,-0.048,0.682,0.547,0.483,0.637,0.564,0.245,0.714,0.289,0.507,0.398,0.024,0.782,0.21,0.553,0.29,0.232,0.565,0.179,0.255,0.62,0.544,0.345,0.174,-0.471,0.176,0.177,0.192,0.084,-0.504,-0.19,0.715,0.562,0.674,-0.048,-0.323,0.351,0.778,0.456,0.146,0.012,0.354,0.312,0.314,0.335,0.027,0.506,-0.282,0.696,0.123,0.278,0.559,-0.017,0.225,0.118,0.603,0.335,0.559,0.156,-0.14,0.242,0.249,0.107,-0.291,0.845,0.245,0.374,0.033,0.418,-0.108,-0.057,0.502,0.408,0.593,-0.089,-0.111,-0.048,0.289,0.158,0.709,0.068,0.15,-0.067,0.414,-0.12,0.452,0.012,0.692,0.549,0.169,0.359,0.622,0.562,0.322,0.075,0.566,0.597,0.437,0.172,0.06,0.252,0.308,0.277,0.25,-0.083,0.256,-0.27,0.586,0.187,-0.062,0.209,0.209,0.794,0.228,0.044,0.487,0.254,-0.214,-0.063,-0.025,0.298,0.026,0.55,-0.157,0.548
BTAI,-0.164,-0.614,0.222,-0.794,0.025,-0.811,0.13,0.514,0.502,0.014,-0.082,0.011,-0.409,0.31,-0.847,-0.241,-0.489,0.107,0.632,-0.828,-0.643,0.019,-0.197,-0.669,0.297,0.0,0.533,-0.631,0.364,0.432,-0.652,-0.588,0.494,-0.784,-0.798,0.758,-0.631,-0.877,-0.296,0.425,-0.819,-0.392,-0.103,-0.296,0.328,-0.281,0.645,-0.351,0.017,-0.695,-0.666,0.5,-0.493,-0.71,0.314,-0.669,-0.277,0.192,0.542,-0.022,0.383,-0.351,0.336,-0.685,0.549,-0.335,-0.858,0.648,0.325,-0.459,-0.511,-0.579,-0.338,-0.475,-0.353,0.287,-0.311,0.286,-0.107,0.679,-0.237,-0.677,-0.078,0.323,-0.366,0.769,-0.74,-0.076,-0.604,0.728,-0.056,-0.336,-0.25,-0.564,0.472,0.465,-0.441,0.229,-0.697,-0.136,-0.808,-0.236,-0.807,-0.795,0.467,-0.763,0.529,0.487,0.214,0.493,-0.721,0.818,0.104,-0.556,-0.531,-0.277,0.457,-0.65,-0.612,-0.672,0.869,0.191,-0.869,0.188,-0.635,-0.688,0.174,0.136,0.323,-0.174,-0.052,-0.509,-0.426,-0.794,0.138,-0.498,0.255,-0.454,-0.629,0.469,-0.597,-0.09,-0.877,0.411,-0.115,0.648,-0.145,-0.409,-0.254,0.849,-0.876,-0.734,0.175,0.339,0.023,-0.667,-0.326,-0.68,-0.476,-0.807,-0.622,-0.315,0.464,0.085,-0.821,-0.568,-0.11,0.702,-0.452,-0.827,-0.468,0.387,0.523,-0.177,-0.879,-0.508,-0.709,0.704,-0.369,-0.406,-0.766,-0.76,0.397,-0.302,-0.668,-0.498,-0.577,0.685,0.166,0.594,-0.328,0.09,-0.784,-0.685,-0.632,-0.25,-0.563,0.506,-0.766,-0.179
BYND,0.15,-0.268,0.52,-0.674,0.116,-0.736,0.285,0.834,0.523,-0.229,0.407,0.491,-0.195,0.397,-0.664,-0.055,-0.223,0.164,0.854,-0.699,-0.431,0.086,-0.592,-0.658,-0.153,0.533,0.0,-0.811,0.344,0.169,-0.767,-0.529,0.748,-0.682,-0.688,0.346,-0.212,-0.345,-0.117,0.359,-0.644,-0.214,-0.111,-0.054,0.733,-0.163,0.506,-0.684,0.116,-0.285,-0.442,0.283,-0.371,-0.661,0.448,-0.838,0.113,0.542,0.643,0.632,0.025,-0.09,0.417,-0.219,0.426,0.031,-0.59,0.231,0.538,-0.779,-0.145,-0.534,-0.237,0.056,0.274,0.339,-0.615,0.304,-0.461,0.343,-0.556,-0.876,-0.099,0.67,-0.338,0.462,-0.258,-0.021,-0.07,0.433,0.196,-0.105,-0.252,-0.121,0.743,0.317,-0.698,0.625,-0.464,-0.168,-0.571,0.181,-0.582,-0.773,0.559,-0.732,0.142,0.549,0.203,0.61,-0.454,0.76,-0.313,-0.803,-0.419,0.311,0.709,-0.481,-0.666,-0.588,0.674,0.094,-0.531,0.077,-0.64,-0.811,0.264,0.73,0.672,0.325,-0.217,-0.149,-0.63,-0.479,0.627,-0.21,0.525,-0.119,-0.069,0.052,-0.874,0.38,-0.568,0.398,0.441,0.848,-0.591,-0.332,-0.11,0.521,-0.502,-0.247,0.53,0.77,-0.228,-0.431,0.196,-0.685,-0.788,-0.329,-0.743,0.261,0.199,-0.158,-0.671,-0.338,-0.135,0.536,-0.229,-0.657,-0.302,0.285,0.683,0.284,-0.496,-0.901,-0.69,0.745,0.146,-0.143,-0.544,-0.176,0.44,0.112,-0.165,-0.442,-0.208,0.212,0.547,0.812,-0.241,-0.004,-0.408,-0.149,-0.271,-0.12,-0.155,0.496,-0.334,-0.04
CAN,0.074,0.559,-0.592,0.868,0.134,0.906,-0.075,-0.745,-0.326,0.258,-0.339,-0.18,0.586,-0.176,0.824,0.389,0.369,0.131,-0.816,0.788,0.696,0.116,0.614,0.803,0.275,-0.631,-0.811,0.0,-0.413,0.019,0.837,0.706,-0.536,0.856,0.82,-0.481,0.508,0.608,0.425,-0.216,0.843,0.496,0.329,0.434,-0.585,0.43,-0.342,0.867,0.166,0.595,0.72,-0.208,0.414,0.857,-0.21,0.845,0.242,-0.317,-0.453,-0.355,-0.05,0.357,-0.217,0.469,-0.384,0.346,0.767,-0.265,-0.4,0.762,0.355,0.693,0.532,0.07,0.047,-0.263,0.776,-0.193,0.567,-0.261,0.639,0.939,0.409,-0.436,0.618,-0.471,0.546,0.36,0.446,-0.413,0.062,0.33,0.464,0.464,-0.58,-0.243,0.822,-0.38,0.727,0.063,0.813,-0.055,0.825,0.854,-0.741,0.78,-0.071,-0.38,0.012,-0.501,0.56,-0.713,0.452,0.916,0.593,-0.012,-0.508,0.632,0.791,0.749,-0.761,0.009,0.622,0.166,0.774,0.884,-0.03,-0.466,-0.417,0.006,0.314,0.483,0.806,0.753,-0.545,0.459,-0.229,0.382,0.229,0.059,0.923,-0.027,0.768,-0.322,-0.23,-0.783,0.562,0.534,0.401,-0.734,0.72,0.448,-0.234,-0.57,0.346,0.66,0.038,0.762,0.921,0.567,0.894,0.057,-0.077,0.291,0.858,0.587,0.402,-0.442,0.496,0.848,0.622,-0.087,-0.457,0.003,0.727,0.909,0.848,-0.714,0.261,0.271,0.772,0.384,-0.22,0.175,0.452,0.669,0.537,-0.088,-0.251,-0.764,0.384,0.146,0.607,0.419,0.39,0.344,0.38,-0.379,0.567,0.312
CCEC,-0.46,-0.591,0.322,-0.535,-0.322,-0.458,-0.278,0.228,-0.069,-0.306,0.169,-0.258,-0.261,-0.146,-0.476,-0.398,-0.338,-0.373,0.159,-0.431,-0.493,-0.31,-0.346,-0.508,-0.21,0.364,0.344,-0.413,0.0,-0.178,-0.377,-0.307,0.048,-0.426,-0.46,0.406,-0.45,-0.439,-0.247,-0.166,-0.447,-0.639,-0.481,-0.423,0.003,-0.135,-0.016,-0.247,-0.327,-0.369,-0.526,0.048,-0.176,-0.441,-0.137,-0.375,-0.204,0.002,0.087,-0.015,0.018,-0.341,0.017,-0.499,-0.088,-0.324,-0.453,0.04,-0.014,-0.263,-0.536,-0.496,-0.509,-0.079,-0.197,0.084,-0.395,-0.14,-0.187,-0.009,-0.294,-0.47,-0.296,-0.072,-0.467,0.179,-0.447,-0.353,-0.383,0.036,-0.161,-0.423,-0.442,-0.336,0.177,-0.178,-0.501,-0.102,-0.441,0.052,-0.492,-0.459,-0.472,-0.469,0.426,-0.334,-0.09,-0.129,-0.249,0.295,-0.233,0.247,-0.382,-0.398,-0.432,-0.207,0.068,-0.488,-0.465,-0.37,0.445,-0.225,-0.44,-0.054,-0.255,-0.451,-0.287,-0.01,0.017,-0.191,-0.379,-0.431,-0.364,-0.475,0.009,-0.316,-0.192,-0.341,-0.345,-0.17,-0.433,-0.286,-0.422,-0.121,-0.023,0.363,-0.305,-0.465,-0.536,0.495,-0.396,-0.494,-0.063,0.103,-0.431,-0.368,-0.398,-0.202,-0.377,-0.343,-0.448,-0.228,-0.113,-0.091,-0.469,-0.496,-0.41,0.046,-0.345,-0.469,-0.471,0.028,0.095,-0.175,-0.471,-0.387,-0.534,0.177,-0.342,-0.316,-0.529,-0.381,-0.144,-0.436,-0.325,-0.486,-0.372,0.018,0.023,0.115,-0.351,-0.2,-0.364,-0.379,-0.406,-0.239,-0.421,-0.126,-0.359,-0.481
CDW,0.422,0.269,-0.291,0.049,0.421,-0.028,0.683,0.108,0.68,0.218,-0.236,0.563,0.224,0.683,-0.276,0.557,-0.171,0.745,0.37,-0.192,0.225,0.627,0.079,0.088,0.787,0.432,0.169,0.019,-0.178,0.0,-0.153,-0.046,0.616,-0.001,-0.137,0.315,0.244,-0.174,0.328,0.688,-0.116,0.443,0.747,0.614,0.402,0.146,0.815,0.147,0.736,0.014,0.126,0.731,-0.347,0.079,0.838,-0.038,0.259,0.428,0.593,0.04,0.547,0.178,0.355,-0.003,0.608,0.461,-0.209,0.669,0.525,0.103,0.236,0.197,0.558,-0.49,0.183,-0.025,0.419,0.723,0.445,0.817,0.238,-0.031,0.659,0.608,0.461,0.518,-0.062,0.754,0.185,0.774,0.556,0.479,0.658,0.074,0.495,0.74,0.259,0.523,0.036,-0.545,-0.011,0.384,0.045,-0.125,-0.29,-0.419,0.75,0.773,0.801,0.331,-0.534,0.606,0.754,0.079,0.253,0.131,0.564,0.129,0.207,0.07,0.299,0.604,-0.41,0.805,-0.078,0.004,0.755,0.308,0.505,0.318,0.602,0.264,0.257,0.083,0.176,0.156,0.511,0.243,-0.348,0.876,0.005,0.618,-0.144,0.722,0.091,0.181,0.313,0.493,0.644,0.098,-0.299,-0.04,0.607,0.438,0.74,-0.023,0.235,-0.225,0.083,-0.197,0.191,0.248,0.847,0.646,-0.097,0.363,0.663,0.821,0.332,-0.07,0.446,0.701,0.657,0.351,-0.103,-0.068,0.108,0.556,0.363,0.086,0.085,-0.279,0.82,0.351,-0.125,0.096,0.234,0.753,0.485,0.382,0.285,0.431,-0.284,-0.02,0.111,0.483,0.023,0.708,-0.228,0.58
CDXS,0.081,0.507,-0.428,0.861,0.226,0.853,-0.12,-0.607,-0.311,0.284,-0.078,-0.218,0.579,-0.142,0.867,0.282,0.586,0.052,-0.748,0.711,0.661,-0.185,0.466,0.798,0.203,-0.652,-0.767,0.837,-0.377,-0.153,0.0,0.84,-0.476,0.815,0.843,-0.545,0.439,0.616,0.57,-0.136,0.872,0.392,0.162,0.331,-0.45,0.507,-0.479,0.65,0.05,0.591,0.715,-0.422,0.583,0.77,-0.258,0.763,0.292,-0.262,-0.39,-0.213,-0.342,0.512,-0.126,0.624,-0.478,0.137,0.83,-0.517,-0.392,0.617,0.45,0.503,0.474,0.262,0.11,-0.177,0.642,-0.289,0.292,-0.331,0.473,0.858,0.316,-0.454,0.538,-0.568,0.627,0.278,0.494,-0.571,0.026,0.262,0.356,0.531,-0.574,-0.439,0.687,-0.298,0.786,0.214,0.82,-0.015,0.762,0.824,-0.651,0.834,-0.318,-0.449,0.014,-0.513,0.7,-0.724,0.199,0.885,0.529,0.195,-0.558,0.506,0.667,0.798,-0.772,-0.233,0.665,0.01,0.673,0.815,-0.044,-0.517,-0.315,-0.022,0.359,0.613,0.856,0.738,-0.353,0.585,-0.205,0.47,0.268,-0.169,0.734,-0.097,0.796,-0.428,-0.038,-0.664,0.263,0.284,0.294,-0.77,0.808,0.508,-0.231,-0.554,0.206,0.777,-0.027,0.732,0.886,0.671,0.757,-0.164,-0.209,0.026,0.865,0.618,0.296,-0.572,0.468,0.8,0.611,-0.158,-0.489,0.088,0.71,0.851,0.794,-0.761,0.279,0.39,0.81,0.493,-0.34,0.274,0.561,0.728,0.49,-0.211,-0.224,-0.821,0.532,0.047,0.745,0.476,0.247,0.23,0.544,-0.466,0.724,0.216
