,ABEO,ACHC,AGNCN,AKAM,AKRO,ALRM,AMAT,AMED,AMRN,ANGI,APA,APOG,APPS,ARCB,ARCC,ARVN,ATEC,ATXS,AVAV,AXON,BANF,BATRK,BIDU,BLNE,BLNK,BTAI,BYND,CAN,CCEC,CDW,CDXS,CELH,CGNX,CHKP,CHRS,CHRW,CIGI,CKPT,CMPR,COGT,CRNC,CRSP,CSTL,CTSH,CVGW,DGLY,DNLI,DOCU,DVAX,EBAY,EHTH,ERII,ESLT,EXPE,EXPO,FBIOP,FFBC,FFIN,FOXF,FWRD,GDS,GERN,GPRE,GRWG,GRYP,HEES,HELE,HIVE,HON,HRTX,HSTM,HURA,IART,IBKR,IBOC,IBRX,IDXX,INGN,INM,INVA,IQ,IRBT,KDP,KPTI,KTOS,KXIN,LAMR,LFUS,LGIH,LGMK,LKFN,LNW,LOPE,LPSN,LYFT,MGNX,MLCO,MNST,MODV,MSTR,MTCH,MYGN,MYRG,NCMI,NEXT,NFLX,NIU,NKTR,NRC,NTNX,NTRA,NVEE,NVMI,NWL,NWS,NXPI,OCGN,OCSL,OKTA,OLLI,OTLK,OXLC,PAA,PARA,PARAA,PDCO,PDFS,PFG,PGEN,PNFP,PODD,POWI,PSMT,PTC,PTEN,PVLA,RDNT,RDUS,RDWR,REGN,RNAC,ROCK,ROST,RRR,RSLS,RVMD,RYAAY,SAFT,SAGE,SAVA,SBGI,SFM,SFNC,SHYF,SIBN,SIFY,SIGI,SIMO,SITM,SLM,SNBR,SNDX,SNY,SPNS,SRRK,STRA,SUPN,SYRE,TCBK,TEAM,TECH,THRM,TLRY,TRMK,TROW,TSLA,TWST,TXN,UFPI,UNIT,UPWK,USLM,UTHR,VERB,VLY,VRNA,VRRM,VXRT,WAFD,WATT,WBA,WING,WIX,WTFC,WTW,XPEL,XRX,YMAB,ZG,ZLAB
ABEO,0.0,0.915,0.059,0.652,0.842,-0.7,0.312,-0.292,-0.465,0.598,0.251,0.909,0.623,0.276,0.906,0.707,0.114,0.897,0.72,0.299,0.898,0.67,0.049,0.356,-0.612,-0.734,0.332,0.649,0.434,0.867,-0.093,-0.197,0.691,0.849,0.197,0.84,0.906,0.202,0.854,0.824,0.742,-0.004,0.813,0.895,0.603,0.091,0.915,0.904,0.592,0.824,-0.321,0.362,0.807,0.868,0.836,-0.677,0.903,0.836,0.025,0.82,0.885,-0.033,-0.093,0.328,0.226,0.814,-0.159,0.727,0.805,-0.496,0.755,0.371,-0.767,0.912,0.929,-0.428,0.298,0.55,0.709,0.876,-0.825,-0.622,0.933,-0.535,0.883,-0.822,0.903,0.888,0.865,-0.447,0.847,0.849,-0.188,0.204,0.798,0.038,-0.432,-0.037,0.862,0.372,0.778,0.439,0.041,0.819,-0.525,0.855,0.426,0.747,0.447,0.762,0.616,-0.284,0.375,-0.164,0.76,0.614,0.29,0.883,0.046,0.141,0.182,-0.217,0.584,0.363,-0.08,-0.233,0.441,0.936,-0.22,0.944,0.351,0.689,0.929,0.81,0.646,0.794,0.791,0.619,0.102,0.819,0.15,0.822,0.82,0.769,-0.765,0.228,0.819,0.885,-0.2,0.278,0.604,0.853,0.886,0.323,0.792,0.165,0.881,0.489,0.819,0.904,0.925,0.787,0.925,0.729,0.635,0.819,0.762,0.709,0.886,0.919,-0.22,0.212,-0.168,0.897,0.508,0.611,-0.36,0.911,0.703,0.644,-0.172,0.899,0.81,0.084,0.895,0.736,0.056,0.761,0.905,0.23,-0.676,0.788,0.555,0.911,0.859,0.394,0.918,0.851,0.807,0.601
ACHC,0.915,0.0,0.16,0.602,0.888,-0.581,0.24,-0.357,-0.434,0.662,0.144,0.938,0.596,0.276,0.914,0.75,0.146,0.912,0.761,0.291,0.948,0.793,0.011,0.419,-0.616,-0.697,0.465,0.694,0.54,0.885,-0.038,-0.244,0.715,0.888,0.135,0.899,0.935,0.257,0.899,0.874,0.839,-0.019,0.889,0.946,0.583,0.03,0.909,0.911,0.561,0.875,-0.339,0.349,0.835,0.849,0.886,-0.631,0.951,0.901,0.027,0.882,0.94,-0.084,0.017,0.361,0.153,0.87,0.0,0.764,0.885,-0.522,0.821,0.366,-0.776,0.921,0.954,-0.338,0.337,0.539,0.729,0.885,-0.89,-0.576,0.902,-0.575,0.934,-0.847,0.919,0.915,0.871,-0.36,0.887,0.909,-0.143,0.183,0.824,0.023,-0.36,-0.071,0.824,0.349,0.845,0.411,0.077,0.866,-0.522,0.846,0.357,0.779,0.441,0.82,0.555,-0.177,0.326,-0.052,0.757,0.606,0.122,0.899,-0.043,0.188,0.069,-0.15,0.685,0.412,-0.002,-0.324,0.404,0.962,-0.215,0.973,0.353,0.757,0.947,0.848,0.672,0.819,0.788,0.701,0.159,0.789,0.197,0.893,0.848,0.841,-0.783,0.158,0.832,0.958,-0.15,0.377,0.712,0.846,0.943,0.381,0.851,0.129,0.901,0.451,0.811,0.936,0.945,0.781,0.925,0.788,0.42,0.856,0.751,0.723,0.94,0.945,-0.234,0.179,-0.235,0.935,0.498,0.593,-0.279,0.936,0.748,0.744,-0.138,0.89,0.865,0.105,0.917,0.637,0.118,0.811,0.961,0.274,-0.687,0.768,0.594,0.97,0.906,0.378,0.964,0.889,0.773,0.663
AGNCN,0.059,0.16,0.0,0.196,0.197,0.025,0.358,-0.227,-0.108,0.359,0.018,0.249,0.327,0.558,0.204,-0.017,-0.593,0.238,-0.031,0.325,0.149,0.319,0.246,0.022,0.051,-0.1,0.329,0.194,-0.225,0.38,0.092,0.269,0.167,0.219,-0.119,0.004,0.294,-0.26,-0.059,0.058,0.333,0.182,0.16,0.231,0.391,0.192,0.253,0.213,0.4,0.205,-0.04,0.604,0.225,0.094,0.016,-0.217,0.158,0.193,0.261,0.213,0.191,-0.334,0.063,0.555,0.354,0.246,-0.109,0.409,-0.025,-0.271,0.044,0.415,-0.044,0.104,0.146,0.092,0.331,0.225,0.212,-0.047,-0.058,0.03,0.07,0.1,0.136,0.028,0.096,0.31,0.345,-0.165,0.006,0.253,-0.292,0.359,0.184,-0.133,0.316,-0.141,0.078,0.44,0.207,0.082,0.361,0.313,-0.177,0.257,-0.14,0.246,-0.299,-0.128,0.333,0.186,0.191,0.222,0.197,0.219,-0.075,0.282,0.508,0.506,0.088,-0.18,0.323,0.571,0.71,0.466,0.332,0.123,-0.043,0.142,-0.374,0.285,0.164,0.223,0.245,0.266,0.113,0.137,0.32,0.277,-0.012,0.162,0.415,0.061,0.16,0.349,-0.138,0.074,0.165,0.294,0.04,-0.177,0.137,-0.064,0.06,-0.191,0.191,0.347,0.221,0.152,0.049,0.158,0.197,0.219,0.08,0.284,0.322,-0.235,0.079,0.114,-0.204,0.106,0.523,0.079,0.57,0.347,-0.143,0.204,0.403,0.286,0.075,0.242,-0.025,0.074,0.251,0.239,0.07,0.333,0.201,-0.155,0.274,0.335,0.351,0.144,-0.006,0.165,0.053,0.195,0.198,-0.104
AKAM,0.652,0.602,0.196,0.0,0.533,-0.866,0.693,-0.123,-0.703,0.642,0.564,0.575,0.856,0.243,0.748,0.256,-0.197,0.61,0.647,0.712,0.613,0.477,0.449,0.035,-0.748,-0.897,0.583,0.416,0.024,0.716,-0.576,-0.121,0.745,0.828,0.291,0.378,0.625,0.104,0.437,0.433,0.526,-0.089,0.535,0.697,0.548,0.099,0.669,0.742,0.84,0.539,-0.315,0.551,0.755,0.889,0.505,-0.833,0.498,0.531,0.052,0.678,0.539,-0.02,-0.495,0.309,0.542,0.381,-0.61,0.479,0.303,-0.72,0.327,0.538,-0.615,0.754,0.626,-0.366,0.621,0.804,0.515,0.425,-0.376,-0.811,0.625,-0.511,0.493,-0.446,0.64,0.75,0.539,-0.644,0.331,0.654,-0.597,0.391,0.575,-0.135,-0.22,-0.426,0.816,0.274,0.376,0.695,0.304,0.602,-0.737,0.791,0.281,0.429,-0.121,0.521,0.911,-0.411,0.823,-0.41,0.901,0.711,-0.016,0.711,0.393,0.152,0.348,-0.123,0.284,0.395,0.208,0.121,0.815,0.667,-0.435,0.623,-0.046,0.438,0.593,0.758,0.596,0.417,0.835,0.089,0.138,0.863,-0.068,0.318,0.702,0.633,-0.503,0.31,0.607,0.521,-0.366,-0.083,0.127,0.511,0.491,-0.158,0.264,-0.027,0.713,0.785,0.863,0.709,0.599,0.432,0.714,0.509,0.723,0.67,0.802,0.287,0.491,0.611,-0.355,0.223,0.175,0.556,0.634,0.664,-0.57,0.738,0.381,0.425,-0.509,0.693,0.518,0.041,0.535,0.876,-0.244,0.588,0.567,-0.27,-0.356,0.639,0.645,0.561,0.523,0.683,0.547,0.486,0.87,-0.017
AKRO,0.842,0.888,0.197,0.533,0.0,-0.487,0.224,-0.448,-0.202,0.553,0.012,0.879,0.608,0.347,0.846,0.757,-0.025,0.912,0.597,0.239,0.842,0.81,0.094,0.4,-0.49,-0.548,0.506,0.83,0.472,0.828,0.169,-0.143,0.658,0.832,-0.006,0.862,0.91,0.353,0.759,0.912,0.912,0.208,0.783,0.88,0.574,-0.156,0.885,0.8,0.516,0.888,-0.126,0.439,0.693,0.756,0.757,-0.549,0.918,0.826,0.091,0.859,0.906,0.035,-0.014,0.471,0.163,0.852,0.127,0.832,0.833,-0.392,0.873,0.54,-0.717,0.804,0.89,-0.15,0.416,0.422,0.821,0.795,-0.796,-0.514,0.815,-0.498,0.878,-0.763,0.798,0.864,0.864,-0.117,0.801,0.916,-0.106,0.275,0.82,0.29,-0.074,-0.024,0.723,0.5,0.917,0.361,0.226,0.886,-0.401,0.809,0.374,0.841,0.381,0.678,0.469,-0.157,0.236,0.105,0.698,0.581,0.077,0.836,0.038,0.392,-0.079,-0.052,0.778,0.531,0.105,-0.191,0.289,0.86,-0.046,0.9,0.116,0.762,0.86,0.861,0.705,0.805,0.673,0.684,0.327,0.731,0.236,0.838,0.85,0.74,-0.706,0.315,0.708,0.849,0.054,0.47,0.678,0.714,0.884,0.333,0.812,0.16,0.81,0.401,0.728,0.821,0.908,0.892,0.859,0.711,0.343,0.825,0.648,0.664,0.869,0.892,-0.232,0.106,-0.174,0.825,0.55,0.656,-0.281,0.864,0.74,0.858,-0.103,0.837,0.886,0.25,0.85,0.538,0.206,0.857,0.889,0.348,-0.523,0.666,0.715,0.898,0.8,0.287,0.876,0.857,0.697,0.657
ALRM,-0.7,-0.581,0.025,-0.866,-0.487,0.0,-0.599,0.025,0.671,-0.547,-0.477,-0.506,-0.792,-0.089,-0.741,-0.263,0.054,-0.631,-0.716,-0.594,-0.582,-0.382,-0.408,-0.029,0.772,0.905,-0.307,-0.387,-0.136,-0.649,0.59,0.162,-0.618,-0.784,-0.104,-0.448,-0.587,-0.06,-0.508,-0.523,-0.502,0.156,-0.493,-0.681,-0.588,-0.124,-0.659,-0.75,-0.697,-0.476,0.46,-0.397,-0.755,-0.849,-0.516,0.891,-0.502,-0.493,0.042,-0.675,-0.537,0.062,0.503,-0.25,-0.438,-0.3,0.643,-0.343,-0.366,0.695,-0.346,-0.464,0.722,-0.779,-0.664,0.503,-0.523,-0.73,-0.542,-0.503,0.398,0.841,-0.724,0.597,-0.5,0.538,-0.661,-0.704,-0.467,0.606,-0.4,-0.63,0.597,-0.338,-0.619,0.149,0.378,0.326,-0.851,-0.046,-0.371,-0.557,-0.138,-0.586,0.726,-0.799,-0.18,-0.435,0.034,-0.574,-0.818,0.569,-0.725,0.438,-0.753,-0.67,0.028,-0.718,-0.271,-0.056,-0.203,0.231,-0.158,-0.259,0.09,0.067,-0.653,-0.697,0.456,-0.632,-0.171,-0.393,-0.613,-0.672,-0.481,-0.372,-0.752,-0.054,-0.113,-0.842,0.007,-0.268,-0.646,-0.634,0.642,-0.217,-0.652,-0.557,0.409,0.038,-0.103,-0.623,-0.499,0.272,-0.276,-0.136,-0.756,-0.679,-0.821,-0.685,-0.605,-0.439,-0.739,-0.476,-0.732,-0.617,-0.765,-0.458,-0.506,-0.663,0.314,-0.214,-0.007,-0.56,-0.51,-0.66,0.647,-0.708,-0.207,-0.375,0.531,-0.664,-0.58,0.145,-0.509,-0.876,0.358,-0.588,-0.54,0.272,0.48,-0.548,-0.554,-0.565,-0.616,-0.557,-0.556,-0.528,-0.83,-0.054
AMAT,0.312,0.24,0.358,0.693,0.224,-0.599,0.0,0.263,-0.398,0.433,0.681,0.266,0.807,0.62,0.421,-0.019,-0.476,0.417,0.398,0.666,0.244,0.279,0.783,-0.275,-0.298,-0.56,0.333,0.166,-0.309,0.505,-0.358,0.401,0.652,0.499,-0.06,-0.04,0.339,-0.103,0.01,0.138,0.342,0.315,0.103,0.382,0.724,0.361,0.371,0.504,0.779,0.086,-0.204,0.705,0.545,0.491,0.162,-0.746,0.131,0.226,0.478,0.39,0.122,-0.293,-0.26,0.624,0.765,0.171,-0.707,0.311,-0.102,-0.463,0.013,0.638,-0.139,0.362,0.315,-0.37,0.801,0.618,0.302,-0.046,0.138,-0.417,0.268,-0.11,0.134,-0.053,0.25,0.553,0.295,-0.533,-0.086,0.36,-0.669,0.788,0.446,-0.061,0.002,-0.37,0.467,0.303,0.141,0.559,0.655,0.464,-0.507,0.621,-0.019,0.356,-0.382,0.115,0.843,-0.157,0.827,-0.067,0.557,0.827,-0.058,0.533,0.679,0.403,0.372,-0.462,0.149,0.555,0.456,0.473,0.913,0.298,-0.207,0.227,-0.155,0.414,0.261,0.554,0.487,0.216,0.528,-0.051,0.547,0.687,0.233,0.036,0.505,0.319,-0.119,0.53,0.055,0.105,0.115,0.112,-0.26,0.139,0.121,-0.483,-0.171,-0.345,0.485,0.932,0.683,0.356,0.172,0.164,0.342,0.401,0.703,0.493,0.61,0.129,0.111,0.294,0.005,0.553,0.679,0.145,0.768,0.772,-0.323,0.466,0.272,0.223,-0.256,0.496,0.12,-0.293,0.286,0.8,-0.135,0.476,0.175,-0.664,0.205,0.441,0.64,0.166,0.117,0.455,0.118,0.234,0.595,-0.341
AMED,-0.292,-0.357,-0.227,-0.123,-0.448,0.025,0.263,0.0,0.012,-0.177,0.345,-0.387,-0.113,0.081,-0.234,-0.21,0.154,-0.27,0.036,0.115,-0.313,-0.353,0.323,-0.385,0.175,0.114,-0.272,-0.494,-0.135,-0.296,-0.189,0.248,0.048,-0.314,-0.058,-0.428,-0.41,-0.14,-0.295,-0.365,-0.416,0.151,-0.386,-0.297,-0.001,0.329,-0.365,-0.202,-0.064,-0.597,0.006,-0.169,-0.109,-0.228,-0.134,-0.016,-0.433,-0.287,0.273,-0.321,-0.522,-0.025,0.071,0.006,0.21,-0.348,-0.221,-0.437,-0.367,0.128,-0.413,-0.249,0.453,-0.263,-0.304,-0.227,0.124,0.037,-0.418,-0.381,0.514,0.156,-0.284,0.184,-0.384,0.369,-0.251,-0.287,-0.404,-0.149,-0.374,-0.392,-0.091,0.168,-0.267,-0.164,-0.198,0.009,-0.187,-0.316,-0.419,0.211,0.1,-0.267,-0.023,-0.188,-0.238,-0.268,-0.175,-0.194,0.01,0.084,0.185,0.041,-0.239,0.143,-0.014,-0.21,0.029,-0.153,0.259,-0.276,-0.389,-0.162,-0.203,0.046,0.187,-0.305,-0.058,-0.383,0.209,-0.188,-0.304,-0.233,-0.216,-0.416,-0.125,-0.233,0.209,-0.182,0.285,-0.349,-0.383,-0.116,0.304,-0.046,-0.289,-0.38,0.111,-0.186,-0.434,-0.109,-0.363,-0.358,-0.541,-0.145,-0.202,0.085,-0.093,-0.284,-0.393,-0.407,-0.347,0.033,0.103,-0.297,-0.07,0.028,-0.329,-0.333,0.391,0.46,0.234,-0.323,-0.12,-0.009,0.307,-0.256,-0.281,-0.314,0.07,-0.253,-0.43,-0.529,-0.308,-0.008,-0.096,-0.297,-0.402,-0.48,0.31,-0.208,-0.082,-0.379,-0.308,-0.143,-0.369,-0.345,-0.227,-0.303
AMRN,-0.465,-0.434,-0.108,-0.703,-0.202,0.671,-0.398,0.012,0.0,-0.605,-0.53,-0.384,-0.512,0.096,-0.503,-0.109,-0.054,-0.322,-0.559,-0.655,-0.468,-0.247,-0.14,0.032,0.752,0.811,-0.356,-0.043,-0.026,-0.495,0.736,0.382,-0.508,-0.587,-0.422,-0.19,-0.351,0.038,-0.406,-0.132,-0.231,0.538,-0.437,-0.461,-0.209,-0.221,-0.404,-0.542,-0.623,-0.286,0.547,-0.183,-0.631,-0.652,-0.418,0.653,-0.291,-0.382,0.224,-0.456,-0.353,0.0,0.414,0.056,-0.243,-0.186,0.562,-0.165,-0.194,0.715,-0.023,-0.041,0.524,-0.613,-0.406,0.453,-0.226,-0.742,-0.153,-0.363,0.359,0.679,-0.471,0.476,-0.278,0.413,-0.551,-0.483,-0.264,0.808,-0.257,-0.342,0.449,0.018,-0.232,0.504,0.491,0.53,-0.641,0.085,-0.023,-0.535,-0.012,-0.264,0.729,-0.502,-0.19,-0.097,0.174,-0.484,-0.664,0.263,-0.691,0.62,-0.668,-0.399,0.013,-0.452,-0.143,0.26,-0.472,-0.011,0.04,-0.033,-0.001,0.045,-0.617,-0.491,0.613,-0.441,-0.202,-0.131,-0.418,-0.394,-0.206,-0.208,-0.675,0.063,0.262,-0.595,0.306,-0.176,-0.427,-0.53,0.339,0.107,-0.559,-0.416,0.701,0.367,-0.138,-0.429,-0.324,0.105,-0.159,-0.037,-0.514,-0.539,-0.62,-0.554,-0.359,-0.157,-0.531,-0.353,-0.575,-0.374,-0.665,-0.102,-0.338,-0.35,0.438,-0.088,-0.012,-0.447,-0.248,-0.23,0.497,-0.536,-0.18,-0.052,0.583,-0.441,-0.248,0.173,-0.35,-0.65,0.463,-0.206,-0.412,0.253,0.439,-0.464,-0.225,-0.398,-0.432,-0.716,-0.409,-0.294,-0.672,0.105
ANGI,0.598,0.662,0.359,0.642,0.553,-0.547,0.433,-0.177,-0.605,0.0,0.299,0.657,0.665,0.244,0.725,0.356,-0.122,0.602,0.633,0.786,0.711,0.631,0.239,0.153,-0.686,-0.71,0.553,0.405,0.225,0.695,-0.314,-0.317,0.64,0.792,0.049,0.472,0.654,0.077,0.568,0.484,0.637,-0.232,0.696,0.742,0.472,0.129,0.672,0.755,0.81,0.567,-0.557,0.415,0.849,0.696,0.627,-0.71,0.606,0.646,-0.003,0.769,0.616,-0.213,-0.207,0.315,0.359,0.512,-0.267,0.481,0.478,-0.842,0.47,0.274,-0.64,0.766,0.658,-0.436,0.374,0.856,0.495,0.525,-0.522,-0.549,0.644,-0.613,0.526,-0.543,0.763,0.706,0.538,-0.543,0.51,0.68,-0.453,0.315,0.421,-0.221,-0.199,-0.505,0.687,0.202,0.454,0.643,0.362,0.615,-0.852,0.733,0.25,0.553,-0.136,0.583,0.649,-0.012,0.604,-0.362,0.742,0.561,-0.154,0.697,0.211,0.099,0.169,0.021,0.498,0.296,0.227,-0.046,0.554,0.703,-0.517,0.676,0.143,0.342,0.625,0.646,0.475,0.48,0.686,0.349,0.156,0.725,0.023,0.493,0.664,0.798,-0.456,-0.002,0.601,0.654,-0.297,0.003,0.519,0.532,0.627,-0.073,0.359,0.06,0.668,0.598,0.714,0.707,0.582,0.516,0.75,0.685,0.391,0.633,0.906,0.355,0.621,0.612,-0.533,0.311,0.076,0.66,0.511,0.507,-0.431,0.72,0.498,0.62,-0.455,0.574,0.55,-0.068,0.636,0.641,-0.219,0.587,0.686,-0.041,-0.403,0.624,0.624,0.649,0.621,0.606,0.639,0.614,0.771,0.18
APA,0.251,0.144,0.018,0.564,0.012,-0.477,0.681,0.345,-0.53,0.299,0.0,0.202,0.577,0.339,0.234,0.075,-0.146,0.152,0.311,0.556,0.241,0.146,0.562,-0.436,-0.355,-0.503,0.315,-0.005,-0.329,0.315,-0.465,0.158,0.526,0.275,0.304,-0.091,0.151,-0.06,0.049,-0.12,0.023,0.003,0.137,0.181,0.338,0.319,0.157,0.328,0.584,-0.122,-0.157,0.394,0.411,0.448,0.229,-0.527,0.055,0.217,0.301,0.224,-0.03,-0.056,-0.148,0.223,0.655,0.118,-0.632,0.164,-0.139,-0.341,-0.08,0.232,0.052,0.247,0.177,-0.371,0.518,0.608,-0.005,-0.051,0.115,-0.38,0.112,0.058,0.067,0.045,0.2,0.297,0.125,-0.586,-0.037,0.081,-0.535,0.432,0.177,-0.198,-0.248,-0.444,0.366,0.217,-0.135,0.582,0.492,0.137,-0.44,0.335,0.252,0.151,-0.232,0.094,0.64,0.028,0.759,-0.346,0.52,0.575,0.221,0.245,0.435,0.014,0.672,-0.252,-0.038,0.185,0.191,0.317,0.746,0.194,-0.243,0.154,0.04,0.141,0.158,0.282,0.495,-0.064,0.544,-0.037,0.138,0.491,0.009,-0.031,0.18,0.275,0.023,0.14,0.155,0.06,-0.251,-0.265,-0.154,0.222,0.071,-0.218,-0.157,-0.477,0.272,0.655,0.537,0.307,0.105,-0.049,0.154,0.294,0.664,0.289,0.433,0.064,0.113,0.136,0.011,0.469,0.438,0.197,0.429,0.309,-0.085,0.287,0.2,-0.041,-0.332,0.33,-0.027,-0.445,0.235,0.554,-0.282,0.108,0.118,-0.464,0.118,0.425,0.334,0.091,0.005,0.575,0.083,0.027,0.515,-0.358
APOG,0.909,0.938,0.249,0.575,0.879,-0.506,0.266,-0.387,-0.384,0.657,0.202,0.0,0.598,0.422,0.875,0.804,0.015,0.9,0.621,0.285,0.94,0.781,0.05,0.397,-0.506,-0.613,0.496,0.715,0.406,0.919,0.064,-0.134,0.701,0.825,0.173,0.843,0.953,0.149,0.83,0.808,0.813,0.082,0.853,0.907,0.607,0.06,0.918,0.878,0.61,0.848,-0.206,0.472,0.781,0.807,0.872,-0.569,0.945,0.903,0.072,0.842,0.908,-0.072,0.063,0.461,0.247,0.941,0.04,0.874,0.83,-0.447,0.822,0.404,-0.654,0.854,0.923,-0.262,0.322,0.534,0.695,0.835,-0.855,-0.475,0.837,-0.405,0.92,-0.74,0.871,0.897,0.943,-0.362,0.872,0.861,-0.138,0.235,0.797,0.078,-0.265,-0.053,0.764,0.55,0.837,0.394,0.159,0.851,-0.458,0.81,0.457,0.82,0.435,0.673,0.558,-0.023,0.316,-0.012,0.758,0.604,0.284,0.865,0.108,0.318,0.193,-0.175,0.728,0.512,0.16,-0.134,0.432,0.909,-0.152,0.942,0.216,0.771,0.94,0.82,0.747,0.814,0.772,0.776,0.204,0.784,0.199,0.914,0.854,0.769,-0.649,0.28,0.752,0.904,-0.092,0.386,0.745,0.789,0.929,0.427,0.85,0.041,0.832,0.439,0.793,0.894,0.919,0.821,0.888,0.802,0.461,0.874,0.742,0.637,0.92,0.902,-0.237,0.249,-0.097,0.913,0.593,0.59,-0.215,0.906,0.878,0.728,-0.051,0.913,0.769,0.155,0.956,0.614,0.187,0.794,0.949,0.335,-0.532,0.862,0.624,0.935,0.804,0.397,0.922,0.88,0.772,0.634
APPS,0.623,0.596,0.327,0.856,0.608,-0.792,0.807,-0.113,-0.512,0.665,0.577,0.598,0.0,0.484,0.721,0.312,-0.414,0.712,0.58,0.722,0.624,0.607,0.676,-0.046,-0.626,-0.785,0.62,0.587,-0.059,0.773,-0.316,0.095,0.73,0.81,-0.038,0.381,0.684,0.057,0.378,0.507,0.708,0.166,0.512,0.714,0.775,0.129,0.707,0.761,0.871,0.485,-0.329,0.774,0.789,0.815,0.49,-0.897,0.542,0.581,0.214,0.789,0.534,-0.201,-0.33,0.617,0.704,0.46,-0.53,0.618,0.296,-0.679,0.423,0.744,-0.55,0.702,0.664,-0.326,0.804,0.806,0.653,0.346,-0.303,-0.696,0.596,-0.387,0.504,-0.365,0.6,0.808,0.602,-0.498,0.337,0.704,-0.736,0.681,0.703,0.004,0.001,-0.485,0.769,0.429,0.473,0.588,0.588,0.711,-0.692,0.861,0.243,0.653,-0.211,0.386,0.915,-0.208,0.838,-0.178,0.837,0.849,-0.08,0.772,0.587,0.448,0.26,-0.263,0.423,0.592,0.353,0.276,0.812,0.649,-0.295,0.625,-0.108,0.56,0.61,0.786,0.742,0.419,0.775,0.211,0.473,0.928,0.137,0.328,0.775,0.627,-0.468,0.419,0.479,0.506,-0.115,0.171,0.19,0.47,0.52,-0.285,0.259,-0.17,0.732,0.861,0.887,0.671,0.579,0.523,0.703,0.6,0.662,0.768,0.809,0.361,0.521,0.654,-0.32,0.367,0.381,0.538,0.823,0.839,-0.493,0.746,0.458,0.595,-0.452,0.734,0.542,-0.078,0.616,0.874,-0.164,0.76,0.583,-0.273,-0.148,0.692,0.837,0.561,0.479,0.662,0.51,0.577,0.9,-0.041
ARCB,0.276,0.276,0.558,0.243,0.347,-0.089,0.62,0.081,0.096,0.244,0.339,0.422,0.484,0.0,0.304,0.306,-0.423,0.437,0.106,0.196,0.322,0.335,0.515,-0.15,0.138,-0.089,0.294,0.242,-0.195,0.478,0.274,0.57,0.421,0.263,-0.131,0.124,0.422,-0.226,0.04,0.252,0.381,0.571,0.147,0.334,0.701,0.334,0.375,0.389,0.47,0.14,0.119,0.665,0.334,0.227,0.28,-0.319,0.322,0.422,0.701,0.296,0.196,-0.474,0.235,0.821,0.559,0.461,-0.076,0.534,0.078,-0.073,0.287,0.535,0.1,0.172,0.367,-0.149,0.536,0.205,0.268,0.06,-0.028,0.032,0.192,0.195,0.299,-0.012,0.194,0.446,0.5,-0.12,0.174,0.335,-0.228,0.711,0.477,0.105,0.15,0.042,0.204,0.612,0.37,0.218,0.568,0.528,-0.105,0.402,0.087,0.558,0.007,-0.033,0.447,0.275,0.274,0.462,0.252,0.553,0.135,0.46,0.539,0.665,0.219,-0.525,0.47,0.744,0.654,0.476,0.519,0.271,0.159,0.268,-0.166,0.564,0.335,0.414,0.554,0.354,0.282,0.384,0.633,0.438,0.41,0.352,0.477,0.204,0.016,0.555,-0.081,0.161,0.482,0.52,0.084,0.07,0.307,-0.052,0.111,-0.284,0.382,0.526,0.404,0.321,0.205,0.36,0.262,0.477,0.363,0.526,0.355,0.148,0.28,0.295,0.233,0.542,0.692,0.255,0.735,0.643,0.067,0.333,0.637,0.367,0.295,0.49,0.044,-0.13,0.499,0.431,0.322,0.493,0.296,-0.214,0.367,0.498,0.499,0.273,0.056,0.11,0.17,0.322,0.306,0.035
ARCC,0.906,0.914,0.204,0.748,0.846,-0.741,0.421,-0.234,-0.503,0.725,0.234,0.875,0.721,0.304,0.0,0.643,0.021,0.907,0.777,0.506,0.893,0.761,0.212,0.412,-0.714,-0.809,0.491,0.678,0.468,0.907,-0.187,-0.215,0.775,0.938,0.105,0.817,0.918,0.246,0.807,0.823,0.818,-0.031,0.811,0.968,0.648,0.036,0.931,0.939,0.717,0.86,-0.369,0.482,0.879,0.903,0.838,-0.776,0.869,0.829,-0.008,0.904,0.899,-0.064,-0.217,0.423,0.337,0.766,-0.196,0.722,0.78,-0.663,0.741,0.48,-0.811,0.965,0.924,-0.369,0.469,0.694,0.736,0.797,-0.772,-0.712,0.912,-0.656,0.852,-0.771,0.915,0.925,0.836,-0.466,0.763,0.931,-0.342,0.292,0.798,-0.075,-0.281,-0.181,0.885,0.346,0.776,0.57,0.178,0.902,-0.692,0.927,0.331,0.742,0.226,0.755,0.721,-0.272,0.514,-0.181,0.837,0.707,0.104,0.943,0.144,0.261,0.106,-0.183,0.658,0.453,0.057,-0.166,0.551,0.945,-0.344,0.932,0.252,0.709,0.917,0.883,0.676,0.777,0.84,0.586,0.232,0.879,0.159,0.744,0.9,0.862,-0.727,0.274,0.806,0.879,-0.212,0.267,0.578,0.819,0.864,0.151,0.695,0.147,0.909,0.583,0.892,0.897,0.891,0.774,0.949,0.808,0.535,0.861,0.871,0.652,0.859,0.924,-0.341,0.191,-0.124,0.849,0.626,0.696,-0.423,0.953,0.654,0.749,-0.29,0.869,0.828,0.075,0.843,0.771,0.009,0.843,0.905,0.125,-0.62,0.811,0.724,0.905,0.874,0.462,0.894,0.853,0.851,0.534
ARVN,0.707,0.75,-0.017,0.256,0.757,-0.263,-0.019,-0.21,-0.109,0.356,0.075,0.804,0.312,0.306,0.643,0.0,0.278,0.725,0.428,-0.003,0.788,0.623,-0.022,0.325,-0.314,-0.308,0.395,0.621,0.516,0.653,0.298,-0.097,0.514,0.547,0.222,0.774,0.714,0.216,0.686,0.726,0.632,0.207,0.669,0.687,0.384,-0.067,0.724,0.632,0.299,0.646,0.025,0.229,0.53,0.562,0.825,-0.28,0.822,0.796,0.125,0.656,0.718,0.032,0.192,0.337,0.001,0.849,0.389,0.727,0.801,-0.138,0.834,0.212,-0.406,0.611,0.762,-0.044,0.134,0.255,0.529,0.722,-0.749,-0.287,0.638,-0.23,0.789,-0.586,0.665,0.622,0.739,-0.014,0.832,0.619,0.086,0.083,0.65,0.199,-0.205,0.138,0.527,0.444,0.775,0.217,0.074,0.669,-0.2,0.531,0.47,0.749,0.587,0.56,0.208,0.16,0.042,0.182,0.469,0.406,0.345,0.625,-0.149,0.285,0.049,-0.095,0.657,0.389,-0.025,-0.237,0.138,0.719,-0.006,0.758,0.251,0.684,0.796,0.604,0.674,0.588,0.528,0.824,0.206,0.491,0.323,0.833,0.582,0.649,-0.529,0.172,0.647,0.768,0.054,0.417,0.74,0.758,0.832,0.5,0.805,0.12,0.627,0.099,0.53,0.693,0.761,0.757,0.644,0.754,0.168,0.659,0.43,0.714,0.841,0.743,-0.035,0.204,-0.279,0.79,0.334,0.388,0.068,0.664,0.76,0.621,0.133,0.711,0.658,0.128,0.789,0.261,0.263,0.616,0.786,0.472,-0.432,0.657,0.459,0.803,0.666,0.158,0.762,0.721,0.482,0.728
ATEC,0.114,0.146,-0.593,-0.197,-0.025,0.054,-0.476,0.154,-0.054,-0.122,-0.146,0.015,-0.414,-0.423,0.021,0.278,0.0,-0.089,0.295,-0.348,0.15,-0.187,-0.501,0.08,-0.144,0.014,-0.237,-0.257,0.602,-0.189,-0.064,-0.415,0.009,-0.042,0.272,0.277,-0.062,0.262,0.379,0.139,-0.194,-0.368,0.197,0.028,-0.342,0.019,-0.072,0.053,-0.343,0.046,-0.065,-0.738,0.032,0.027,0.353,0.211,0.126,0.15,-0.116,-0.069,0.075,0.172,0.109,-0.544,-0.595,0.035,0.307,-0.275,0.386,0.153,0.191,-0.614,-0.099,0.127,0.112,-0.255,-0.507,-0.222,-0.216,0.368,-0.304,-0.084,0.18,-0.272,0.145,-0.33,0.216,-0.134,-0.138,0.049,0.333,-0.053,0.529,-0.517,-0.053,-0.14,-0.649,0.236,0.092,-0.521,0.03,0.011,-0.567,-0.099,0.044,-0.13,0.179,-0.135,0.61,0.502,-0.345,-0.028,-0.311,-0.067,-0.16,-0.187,0.104,-0.049,-0.829,-0.621,-0.179,0.08,-0.029,-0.567,-0.666,-0.704,-0.335,0.184,-0.038,0.128,0.686,-0.072,0.129,-0.038,-0.228,-0.015,-0.004,0.129,-0.417,-0.221,0.018,0.231,-0.234,0.229,-0.279,-0.541,0.383,0.258,-0.19,-0.142,0.235,0.432,0.177,0.347,0.212,0.465,0.081,-0.391,-0.111,0.173,0.145,-0.002,0.05,0.066,-0.162,-0.062,-0.156,0.435,0.224,0.106,0.343,-0.097,-0.635,0.249,-0.589,-0.329,0.168,0.012,-0.127,-0.175,0.098,-0.04,0.138,-0.168,0.023,-0.204,0.002,-0.239,0.114,0.207,-0.539,-0.158,-0.401,0.184,0.345,-0.166,0.261,0.017,-0.166,0.491
ATXS,0.897,0.912,0.238,0.61,0.912,-0.631,0.417,-0.27,-0.322,0.602,0.152,0.9,0.712,0.437,0.907,0.725,-0.089,0.0,0.666,0.317,0.862,0.787,0.24,0.364,-0.492,-0.639,0.434,0.785,0.397,0.929,0.076,0.007,0.714,0.873,-0.046,0.822,0.945,0.204,0.768,0.893,0.909,0.247,0.748,0.932,0.781,0.063,0.934,0.91,0.626,0.819,-0.271,0.565,0.809,0.811,0.787,-0.702,0.898,0.821,0.144,0.899,0.895,-0.138,0.001,0.607,0.331,0.857,-0.061,0.829,0.793,-0.469,0.809,0.597,-0.722,0.864,0.933,-0.303,0.522,0.534,0.821,0.762,-0.755,-0.525,0.878,-0.481,0.89,-0.745,0.833,0.954,0.905,-0.291,0.781,0.919,-0.292,0.425,0.915,0.128,-0.171,-0.02,0.802,0.45,0.889,0.376,0.255,0.939,-0.471,0.919,0.29,0.887,0.308,0.658,0.634,-0.195,0.378,0.101,0.724,0.736,0.111,0.953,0.196,0.453,0.041,-0.314,0.715,0.63,0.116,-0.095,0.476,0.903,-0.133,0.915,0.185,0.857,0.927,0.875,0.736,0.841,0.739,0.691,0.424,0.859,0.344,0.82,0.92,0.75,-0.736,0.394,0.691,0.86,0.055,0.536,0.581,0.766,0.877,0.201,0.757,0.062,0.901,0.565,0.845,0.846,0.901,0.831,0.909,0.817,0.492,0.887,0.77,0.729,0.864,0.95,-0.191,0.267,-0.032,0.816,0.682,0.791,-0.299,0.928,0.736,0.806,-0.066,0.922,0.826,0.104,0.888,0.714,0.154,0.938,0.883,0.181,-0.489,0.784,0.741,0.892,0.821,0.302,0.869,0.915,0.774,0.583
AVAV,0.72,0.761,-0.031,0.647,0.597,-0.716,0.398,0.036,-0.559,0.633,0.311,0.621,0.58,0.106,0.777,0.428,0.295,0.666,0.0,0.461,0.73,0.559,0.136,0.104,-0.725,-0.788,0.324,0.336,0.494,0.631,-0.423,-0.331,0.725,0.808,0.046,0.638,0.659,0.276,0.763,0.66,0.593,-0.192,0.66,0.788,0.488,0.171,0.64,0.811,0.544,0.554,-0.462,0.106,0.83,0.788,0.743,-0.733,0.656,0.675,0.053,0.717,0.631,-0.06,-0.184,0.176,0.177,0.494,-0.313,0.34,0.642,-0.592,0.517,0.177,-0.705,0.835,0.77,-0.591,0.361,0.611,0.475,0.694,-0.595,-0.697,0.777,-0.696,0.656,-0.734,0.814,0.738,0.49,-0.501,0.607,0.713,-0.224,0.213,0.626,-0.172,-0.579,-0.243,0.819,-0.098,0.518,0.618,0.072,0.652,-0.687,0.768,0.147,0.474,0.252,0.847,0.618,-0.323,0.533,-0.221,0.691,0.659,-0.11,0.757,-0.141,-0.117,0.073,-0.187,0.354,0.139,-0.206,-0.516,0.508,0.815,-0.356,0.742,0.57,0.494,0.706,0.752,0.404,0.505,0.767,0.315,0.125,0.715,0.178,0.561,0.606,0.852,-0.751,-0.043,0.734,0.761,-0.277,0.083,0.377,0.781,0.673,0.011,0.423,0.218,0.838,0.552,0.787,0.82,0.694,0.498,0.767,0.655,0.499,0.637,0.724,0.695,0.692,0.733,-0.076,0.266,-0.201,0.73,0.318,0.55,-0.356,0.792,0.356,0.478,-0.361,0.683,0.723,-0.241,0.625,0.704,-0.109,0.582,0.688,-0.148,-0.685,0.505,0.511,0.731,0.812,0.417,0.746,0.633,0.708,0.385
AXON,0.299,0.291,0.325,0.712,0.239,-0.594,0.666,0.115,-0.655,0.786,0.556,0.285,0.722,0.196,0.506,-0.003,-0.348,0.317,0.461,0.0,0.352,0.385,0.563,-0.093,-0.677,-0.713,0.561,0.186,-0.127,0.46,-0.552,-0.18,0.589,0.591,0.113,0.043,0.318,0.103,0.152,0.107,0.364,-0.217,0.341,0.44,0.342,0.061,0.388,0.477,0.842,0.223,-0.441,0.498,0.637,0.558,0.273,-0.739,0.195,0.294,0.023,0.522,0.241,-0.077,-0.484,0.271,0.584,0.109,-0.592,0.228,0.018,-0.817,0.045,0.359,-0.402,0.515,0.311,-0.319,0.582,0.913,0.279,0.101,-0.071,-0.612,0.313,-0.445,0.135,-0.174,0.444,0.471,0.213,-0.63,0.035,0.406,-0.701,0.378,0.165,-0.312,0.0,-0.72,0.533,0.156,0.05,0.779,0.536,0.334,-0.876,0.557,0.074,0.244,-0.559,0.266,0.761,-0.115,0.858,-0.518,0.691,0.569,-0.206,0.444,0.476,0.102,0.344,0.107,0.167,0.252,0.307,0.247,0.72,0.365,-0.556,0.323,-0.124,0.092,0.263,0.452,0.366,0.127,0.599,-0.096,0.174,0.628,-0.155,0.006,0.458,0.533,-0.141,0.129,0.323,0.232,-0.38,-0.292,0.057,0.213,0.218,-0.401,-0.093,-0.126,0.416,0.726,0.645,0.406,0.221,0.19,0.449,0.421,0.486,0.381,0.794,-0.001,0.219,0.269,-0.544,0.261,0.324,0.283,0.531,0.46,-0.499,0.475,0.164,0.335,-0.671,0.32,0.239,-0.148,0.269,0.643,-0.43,0.361,0.312,-0.368,-0.092,0.433,0.627,0.27,0.241,0.734,0.234,0.221,0.683,-0.281
BANF,0.898,0.948,0.149,0.613,0.842,-0.582,0.244,-0.313,-0.468,0.711,0.241,0.94,0.624,0.322,0.893,0.788,0.15,0.862,0.73,0.352,0.0,0.771,0.047,0.317,-0.647,-0.7,0.522,0.651,0.497,0.878,-0.067,-0.263,0.69,0.861,0.191,0.862,0.912,0.181,0.88,0.809,0.781,-0.076,0.878,0.933,0.57,0.077,0.885,0.905,0.606,0.811,-0.326,0.371,0.85,0.862,0.933,-0.632,0.957,0.958,0.02,0.885,0.891,-0.12,-0.026,0.358,0.211,0.867,0.019,0.76,0.85,-0.553,0.83,0.32,-0.726,0.908,0.951,-0.348,0.307,0.618,0.664,0.857,-0.87,-0.6,0.868,-0.541,0.915,-0.766,0.92,0.872,0.861,-0.376,0.911,0.855,-0.192,0.194,0.776,-0.062,-0.377,-0.144,0.826,0.374,0.789,0.449,0.1,0.833,-0.586,0.818,0.476,0.775,0.413,0.753,0.582,-0.046,0.379,-0.108,0.789,0.595,0.146,0.869,0.025,0.205,0.174,-0.162,0.673,0.395,0.045,-0.268,0.431,0.954,-0.273,0.967,0.343,0.702,0.955,0.811,0.716,0.709,0.819,0.723,0.143,0.801,0.171,0.861,0.818,0.869,-0.736,0.105,0.844,0.948,-0.237,0.272,0.752,0.869,0.957,0.348,0.804,0.122,0.873,0.422,0.81,0.94,0.916,0.789,0.909,0.831,0.413,0.872,0.772,0.699,0.97,0.913,-0.28,0.22,-0.185,0.966,0.523,0.551,-0.267,0.9,0.777,0.719,-0.178,0.869,0.799,0.05,0.948,0.631,0.096,0.768,0.977,0.307,-0.639,0.84,0.595,0.966,0.875,0.455,0.938,0.868,0.81,0.611
BATRK,0.67,0.793,0.319,0.477,0.81,-0.382,0.279,-0.353,-0.247,0.631,0.146,0.781,0.607,0.335,0.761,0.623,-0.187,0.787,0.559,0.385,0.771,0.0,0.116,0.399,-0.47,-0.513,0.573,0.798,0.379,0.771,0.124,-0.111,0.578,0.752,-0.007,0.744,0.805,0.297,0.696,0.689,0.849,0.158,0.702,0.795,0.506,-0.126,0.765,0.707,0.538,0.743,-0.17,0.532,0.668,0.68,0.644,-0.53,0.79,0.721,0.059,0.827,0.783,-0.045,0.007,0.45,0.275,0.785,0.047,0.767,0.694,-0.447,0.72,0.481,-0.59,0.714,0.748,-0.045,0.494,0.551,0.725,0.597,-0.676,-0.394,0.615,-0.375,0.763,-0.608,0.69,0.801,0.756,-0.189,0.659,0.799,-0.232,0.328,0.657,0.156,0.035,-0.179,0.562,0.485,0.756,0.38,0.383,0.79,-0.466,0.726,0.198,0.716,0.112,0.512,0.484,0.02,0.36,-0.001,0.703,0.554,0.036,0.738,0.197,0.413,0.036,-0.047,0.638,0.53,0.188,-0.13,0.378,0.722,-0.089,0.779,0.096,0.634,0.733,0.726,0.692,0.666,0.664,0.679,0.356,0.69,0.32,0.692,0.771,0.708,-0.551,0.293,0.559,0.764,-0.039,0.365,0.66,0.58,0.75,0.266,0.661,-0.185,0.679,0.455,0.69,0.68,0.746,0.715,0.71,0.733,0.2,0.735,0.643,0.524,0.75,0.753,-0.362,0.169,-0.112,0.704,0.611,0.51,-0.07,0.789,0.689,0.787,-0.149,0.674,0.792,0.119,0.735,0.451,0.182,0.777,0.8,0.269,-0.435,0.692,0.723,0.775,0.665,0.351,0.721,0.79,0.667,0.461
BIDU,0.049,0.011,0.246,0.449,0.094,-0.408,0.783,0.323,-0.14,0.239,0.562,0.05,0.676,0.515,0.212,-0.022,-0.501,0.24,0.136,0.563,0.047,0.116,0.0,-0.323,-0.159,-0.288,0.367,0.179,-0.371,0.262,-0.194,0.419,0.485,0.263,-0.266,-0.188,0.118,-0.028,-0.248,0.059,0.26,0.4,-0.066,0.176,0.586,0.108,0.193,0.248,0.569,-0.099,-0.072,0.666,0.315,0.252,0.035,-0.539,-0.034,0.08,0.395,0.283,-0.057,-0.207,-0.212,0.65,0.745,-0.012,-0.444,0.218,-0.236,-0.317,-0.022,0.65,0.053,0.13,0.119,-0.143,0.772,0.471,0.198,-0.268,0.346,-0.264,0.036,-0.009,-0.043,0.204,0.04,0.276,0.086,-0.208,-0.221,0.211,-0.721,0.76,0.304,0.023,0.327,-0.39,0.267,0.282,0.022,0.388,0.736,0.285,-0.356,0.399,0.057,0.351,-0.502,-0.093,0.59,-0.012,0.657,0.081,0.321,0.655,-0.15,0.292,0.615,0.497,0.201,-0.265,0.166,0.505,0.433,0.584,0.64,0.075,-0.123,0.022,-0.319,0.298,0.053,0.349,0.462,-0.013,0.294,-0.103,0.649,0.456,0.245,-0.18,0.286,0.176,0.067,0.453,-0.089,-0.089,0.227,0.143,-0.254,-0.012,-0.015,-0.602,-0.29,-0.303,0.235,0.656,0.461,0.113,-0.005,0.02,0.12,0.268,0.452,0.285,0.392,0.031,-0.019,0.137,0.005,0.437,0.647,-0.029,0.603,0.661,-0.237,0.203,0.059,0.258,-0.246,0.253,-0.008,-0.248,0.105,0.493,-0.208,0.375,-0.013,-0.523,0.455,0.242,0.625,-0.022,-0.1,0.341,-0.066,0.035,0.393,-0.401
BLNE,0.356,0.419,0.022,0.035,0.4,-0.029,-0.275,-0.385,0.032,0.153,-0.436,0.397,-0.046,-0.15,0.412,0.325,0.08,0.364,0.104,-0.093,0.317,0.399,-0.323,0.0,-0.131,-0.092,0.097,0.432,0.369,0.338,0.247,-0.184,0.08,0.271,0.133,0.54,0.412,0.24,0.453,0.417,0.377,-0.041,0.374,0.391,0.005,-0.246,0.452,0.237,-0.022,0.645,-0.016,0.083,0.111,0.208,0.275,0.036,0.404,0.23,-0.395,0.295,0.56,0.181,0.014,-0.054,-0.154,0.409,0.343,0.397,0.535,-0.055,0.399,0.024,-0.424,0.366,0.309,0.236,-0.133,0.018,0.356,0.446,-0.542,-0.033,0.339,-0.255,0.42,-0.414,0.331,0.311,0.449,0.009,0.409,0.43,0.246,-0.242,0.255,0.121,0.103,0.203,0.188,0.239,0.482,-0.086,-0.284,0.347,-0.0,0.226,0.133,0.214,0.284,0.262,-0.044,-0.099,-0.198,-0.039,0.18,-0.017,0.265,0.308,-0.131,0.102,-0.173,0.209,0.313,0.061,-0.105,-0.189,-0.127,0.328,0.082,0.387,0.076,0.285,0.414,0.217,0.049,0.547,0.148,0.472,-0.098,0.126,0.049,0.457,0.353,0.18,-0.36,0.222,0.386,0.41,-0.047,0.219,0.484,0.303,0.364,0.458,0.595,0.131,0.187,-0.135,0.125,0.203,0.443,0.38,0.356,0.213,-0.131,0.238,0.156,0.244,0.343,0.382,-0.314,-0.275,-0.408,0.289,0.031,0.003,0.029,0.378,0.28,0.343,0.103,0.232,0.457,0.517,0.264,-0.01,0.227,0.329,0.41,0.525,-0.452,0.306,0.101,0.396,0.412,-0.018,0.448,0.446,0.132,0.558
BLNK,-0.612,-0.616,0.051,-0.748,-0.49,0.772,-0.298,0.175,0.752,-0.686,-0.355,-0.506,-0.626,0.138,-0.714,-0.314,-0.144,-0.492,-0.725,-0.677,-0.647,-0.47,-0.159,-0.131,0.0,0.915,-0.524,-0.361,-0.307,-0.557,0.616,0.624,-0.575,-0.775,-0.293,-0.495,-0.53,-0.263,-0.6,-0.459,-0.495,0.516,-0.658,-0.662,-0.21,0.11,-0.606,-0.659,-0.638,-0.564,0.538,-0.171,-0.758,-0.813,-0.605,0.742,-0.537,-0.569,0.294,-0.723,-0.59,-0.024,0.568,0.048,-0.181,-0.294,0.403,-0.277,-0.454,0.803,-0.373,-0.172,0.8,-0.807,-0.621,0.375,-0.307,-0.784,-0.435,-0.595,0.55,0.926,-0.654,0.751,-0.452,0.62,-0.741,-0.598,-0.377,0.582,-0.48,-0.597,0.434,0.019,-0.4,0.333,0.369,0.642,-0.794,0.034,-0.28,-0.632,-0.072,-0.467,0.854,-0.652,-0.245,-0.308,0.075,-0.687,-0.65,0.34,-0.68,0.638,-0.782,-0.445,0.142,-0.589,-0.006,0.185,-0.173,-0.227,-0.22,-0.012,0.14,0.276,-0.474,-0.695,0.652,-0.662,-0.247,-0.192,-0.571,-0.587,-0.368,-0.296,-0.761,-0.059,0.196,-0.694,0.3,-0.302,-0.553,-0.772,0.604,0.165,-0.783,-0.625,0.665,0.318,-0.379,-0.629,-0.551,0.08,-0.364,-0.257,-0.66,-0.476,-0.706,-0.715,-0.59,-0.437,-0.726,-0.464,-0.45,-0.531,-0.733,-0.336,-0.576,-0.575,0.568,0.065,0.245,-0.647,-0.281,-0.343,0.6,-0.678,-0.204,-0.393,0.804,-0.514,-0.63,0.011,-0.484,-0.641,0.43,-0.436,-0.629,0.029,0.664,-0.49,-0.474,-0.629,-0.668,-0.754,-0.617,-0.471,-0.816,-0.131
BTAI,-0.734,-0.697,-0.1,-0.897,-0.548,0.905,-0.56,0.114,0.811,-0.71,-0.503,-0.613,-0.785,-0.089,-0.809,-0.308,0.014,-0.639,-0.788,-0.713,-0.7,-0.513,-0.288,-0.092,0.915,0.0,-0.479,-0.386,-0.195,-0.726,0.639,0.363,-0.718,-0.863,-0.272,-0.501,-0.654,-0.146,-0.616,-0.505,-0.554,0.325,-0.66,-0.752,-0.473,-0.088,-0.706,-0.794,-0.778,-0.586,0.516,-0.375,-0.843,-0.909,-0.62,0.888,-0.585,-0.613,0.101,-0.752,-0.628,0.04,0.49,-0.165,-0.385,-0.405,0.591,-0.411,-0.442,0.806,-0.366,-0.356,0.778,-0.866,-0.709,0.479,-0.488,-0.839,-0.518,-0.596,0.53,0.909,-0.742,0.656,-0.545,0.63,-0.774,-0.767,-0.531,0.724,-0.478,-0.681,0.534,-0.202,-0.567,0.277,0.421,0.526,-0.886,-0.106,-0.368,-0.684,-0.15,-0.602,0.842,-0.809,-0.21,-0.411,0.044,-0.673,-0.847,0.43,-0.793,0.543,-0.875,-0.659,0.033,-0.744,-0.214,0.035,-0.321,0.049,-0.238,-0.216,0.016,0.131,-0.707,-0.767,0.581,-0.723,-0.207,-0.385,-0.668,-0.721,-0.492,-0.432,-0.863,-0.114,0.032,-0.861,0.167,-0.385,-0.703,-0.755,0.626,-0.083,-0.745,-0.65,0.547,0.159,-0.261,-0.655,-0.587,0.104,-0.371,-0.101,-0.788,-0.709,-0.866,-0.795,-0.66,-0.467,-0.801,-0.545,-0.686,-0.669,-0.848,-0.388,-0.597,-0.671,0.445,-0.14,0.038,-0.676,-0.505,-0.564,0.618,-0.802,-0.348,-0.409,0.662,-0.699,-0.622,0.084,-0.598,-0.865,0.362,-0.566,-0.665,0.188,0.587,-0.635,-0.569,-0.668,-0.681,-0.736,-0.658,-0.559,-0.909,-0.097
BYND,0.332,0.465,0.329,0.583,0.506,-0.307,0.333,-0.272,-0.356,0.553,0.315,0.496,0.62,0.294,0.491,0.395,-0.237,0.434,0.324,0.561,0.522,0.573,0.367,0.097,-0.524,-0.479,0.0,0.498,0.014,0.55,-0.098,-0.069,0.518,0.583,0.233,0.338,0.507,0.247,0.264,0.348,0.578,0.035,0.52,0.521,0.284,-0.11,0.508,0.464,0.574,0.483,-0.015,0.532,0.517,0.579,0.445,-0.431,0.449,0.526,0.047,0.628,0.46,0.012,-0.205,0.358,0.361,0.433,-0.007,0.592,0.316,-0.448,0.416,0.442,-0.363,0.481,0.449,0.155,0.495,0.576,0.414,0.265,-0.366,-0.509,0.31,-0.237,0.408,-0.24,0.459,0.523,0.464,-0.247,0.304,0.518,-0.376,0.268,0.425,-0.035,0.244,-0.504,0.51,0.459,0.367,0.485,0.48,0.46,-0.475,0.482,0.344,0.455,-0.145,0.282,0.525,0.169,0.534,-0.063,0.682,0.431,-0.087,0.466,0.303,0.368,0.184,0.219,0.517,0.476,0.469,0.198,0.485,0.458,-0.101,0.471,-0.244,0.378,0.439,0.549,0.602,0.275,0.608,0.258,0.228,0.563,-0.098,0.331,0.551,0.507,-0.216,0.2,0.446,0.418,-0.177,0.083,0.408,0.292,0.443,0.03,0.327,-0.078,0.431,0.429,0.567,0.51,0.441,0.426,0.481,0.472,0.146,0.571,0.513,0.092,0.458,0.417,-0.359,-0.0,0.167,0.454,0.519,0.397,-0.225,0.517,0.457,0.492,-0.343,0.478,0.425,0.321,0.453,0.386,-0.016,0.503,0.506,0.104,-0.118,0.542,0.613,0.479,0.352,0.689,0.416,0.398,0.62,0.103
CAN,0.649,0.694,0.194,0.416,0.83,-0.387,0.166,-0.494,-0.043,0.405,-0.005,0.715,0.587,0.242,0.678,0.621,-0.257,0.785,0.336,0.186,0.651,0.798,0.179,0.432,-0.361,-0.386,0.498,0.0,0.301,0.705,0.311,-0.01,0.449,0.655,-0.093,0.725,0.774,0.267,0.554,0.731,0.854,0.328,0.619,0.703,0.516,-0.264,0.769,0.607,0.418,0.769,0.003,0.587,0.509,0.613,0.527,-0.439,0.737,0.59,-0.042,0.779,0.762,0.031,-0.043,0.457,0.253,0.721,0.137,0.822,0.671,-0.271,0.75,0.627,-0.575,0.606,0.677,0.107,0.484,0.373,0.827,0.558,-0.621,-0.382,0.586,-0.282,0.71,-0.502,0.559,0.721,0.768,0.017,0.616,0.762,-0.222,0.32,0.706,0.424,0.246,-0.06,0.514,0.599,0.813,0.183,0.281,0.752,-0.241,0.673,0.299,0.749,0.19,0.376,0.366,-0.119,0.208,0.108,0.581,0.47,0.113,0.666,0.235,0.532,-0.109,-0.014,0.65,0.529,0.127,0.013,0.193,0.637,0.061,0.713,-0.141,0.634,0.692,0.683,0.712,0.644,0.497,0.633,0.398,0.628,0.262,0.613,0.732,0.5,-0.54,0.4,0.522,0.658,0.076,0.448,0.585,0.532,0.673,0.264,0.716,-0.098,0.559,0.298,0.584,0.552,0.771,0.76,0.661,0.57,0.171,0.708,0.491,0.502,0.667,0.759,-0.341,0.052,-0.143,0.589,0.564,0.534,-0.128,0.688,0.585,0.797,-0.117,0.643,0.778,0.335,0.655,0.371,0.166,0.799,0.705,0.398,-0.345,0.616,0.714,0.681,0.589,0.25,0.673,0.765,0.612,0.514
CCEC,0.434,0.54,-0.225,0.024,0.472,-0.136,-0.309,-0.135,-0.026,0.225,-0.329,0.406,-0.059,-0.195,0.468,0.516,0.602,0.397,0.494,-0.127,0.497,0.379,-0.371,0.369,-0.307,-0.195,0.014,0.301,0.0,0.263,0.101,-0.412,0.227,0.377,-0.013,0.652,0.422,0.383,0.64,0.571,0.367,-0.2,0.504,0.481,0.031,-0.122,0.375,0.418,-0.034,0.519,-0.202,-0.291,0.351,0.314,0.589,-0.124,0.537,0.461,-0.178,0.402,0.532,0.145,0.029,-0.136,-0.386,0.434,0.34,0.174,0.716,-0.172,0.595,-0.169,-0.491,0.484,0.488,-0.149,-0.21,0.035,0.327,0.641,-0.639,-0.258,0.53,-0.541,0.551,-0.592,0.542,0.316,0.313,0.072,0.614,0.449,0.252,-0.263,0.319,-0.023,-0.369,0.205,0.343,-0.21,0.512,0.072,-0.279,0.418,-0.202,0.308,0.191,0.323,0.484,0.623,-0.089,-0.089,-0.186,-0.004,0.182,0.089,-0.044,0.389,-0.528,-0.158,-0.342,0.046,0.415,-0.144,-0.435,-0.648,-0.218,0.533,-0.123,0.519,0.482,0.287,0.517,0.369,0.085,0.394,0.243,0.471,-0.051,0.153,0.174,0.551,0.266,0.542,-0.518,-0.236,0.56,0.614,-0.083,0.189,0.547,0.649,0.552,0.334,0.555,0.4,0.422,-0.163,0.223,0.452,0.535,0.474,0.455,0.429,-0.163,0.315,0.207,0.631,0.566,0.512,-0.053,-0.067,-0.627,0.523,-0.139,0.065,-0.034,0.413,0.25,0.409,0.03,0.307,0.583,0.014,0.381,0.033,0.124,0.298,0.525,0.388,-0.651,0.2,0.151,0.573,0.665,-0.112,0.598,0.504,0.146,0.687
CDW,0.867,0.885,0.38,0.716,0.828,-0.649,0.505,-0.296,-0.495,0.695,0.315,0.919,0.773,0.478,0.907,0.653,-0.189,0.929,0.631,0.46,0.878,0.771,0.262,0.338,-0.557,-0.726,0.55,0.705,0.263,0.0,-0.07,0.009,0.743,0.881,0.111,0.734,0.945,0.076,0.715,0.744,0.835,0.115,0.768,0.928,0.756,0.176,0.921,0.915,0.749,0.797,-0.297,0.672,0.84,0.855,0.778,-0.745,0.853,0.832,0.08,0.878,0.86,-0.135,-0.062,0.585,0.456,0.852,-0.173,0.86,0.7,-0.577,0.703,0.572,-0.679,0.867,0.889,-0.269,0.53,0.668,0.719,0.699,-0.735,-0.575,0.827,-0.405,0.846,-0.651,0.827,0.958,0.918,-0.466,0.718,0.87,-0.391,0.406,0.847,-0.034,-0.176,-0.17,0.821,0.535,0.772,0.443,0.291,0.895,-0.557,0.908,0.36,0.797,0.187,0.573,0.752,-0.093,0.527,-0.053,0.84,0.751,0.182,0.934,0.36,0.453,0.27,-0.304,0.672,0.65,0.292,0.062,0.633,0.881,-0.23,0.891,0.075,0.801,0.915,0.849,0.764,0.773,0.837,0.649,0.319,0.912,0.17,0.772,0.937,0.735,-0.601,0.414,0.685,0.822,-0.109,0.382,0.558,0.718,0.833,0.188,0.709,-0.058,0.868,0.642,0.89,0.859,0.854,0.765,0.896,0.818,0.537,0.908,0.832,0.555,0.819,0.879,-0.322,0.256,0.099,0.803,0.775,0.735,-0.344,0.938,0.801,0.706,-0.152,0.938,0.71,0.099,0.89,0.775,0.069,0.867,0.882,0.131,-0.422,0.911,0.734,0.858,0.757,0.497,0.829,0.87,0.855,0.434
CDXS,-0.093,-0.038,0.092,-0.576,0.169,0.59,-0.358,-0.189,0.736,-0.314,-0.465,0.064,-0.316,0.274,-0.187,0.298,-0.064,0.076,-0.423,-0.552,-0.067,0.124,-0.194,0.247,0.616,0.639,-0.098,0.311,0.101,-0.07,0.0,0.392,-0.27,-0.301,-0.264,0.155,0.05,0.026,-0.068,0.148,0.137,0.61,-0.09,-0.114,0.035,-0.109,-0.014,-0.195,-0.382,0.059,0.503,0.075,-0.32,-0.379,-0.065,0.487,0.102,-0.007,0.22,-0.097,0.038,-0.051,0.549,0.272,-0.195,0.292,0.705,0.293,0.192,0.6,0.316,0.087,0.302,-0.3,-0.054,0.451,-0.145,-0.519,0.154,-0.034,-0.054,0.584,-0.157,0.434,0.102,0.133,-0.209,-0.108,0.185,0.64,0.127,-0.037,0.455,0.061,0.076,0.544,0.441,0.515,-0.403,0.388,0.335,-0.439,0.067,0.096,0.591,-0.199,0.038,0.265,0.348,-0.281,-0.509,0.407,-0.618,0.684,-0.401,-0.191,0.219,-0.1,-0.043,0.441,-0.32,-0.091,0.354,0.23,0.12,0.093,-0.471,-0.145,0.63,-0.059,-0.175,0.203,-0.0,-0.128,0.084,0.187,-0.394,0.481,0.366,-0.301,0.406,0.261,-0.047,-0.272,0.165,0.24,-0.278,-0.046,0.643,0.575,0.252,-0.122,0.051,0.395,0.27,-0.135,-0.22,-0.426,-0.34,-0.228,0.017,0.235,-0.188,0.043,-0.47,0.009,-0.362,0.124,0.053,0.007,0.289,0.017,-0.004,-0.079,0.003,-0.076,0.514,-0.161,0.276,0.219,0.65,-0.068,0.003,0.279,0.069,-0.463,0.573,0.103,0.006,0.491,0.258,-0.035,-0.018,-0.016,-0.101,-0.514,-0.032,0.14,-0.38,0.451
