,ABEO,ACHC,AGNCN,AKAM,AKRO,ALRM,AMAT,AMED,AMRN,ANGI,APA,APOG,APPS,ARCB,ARCC,ARVN,ATEC,ATXS,AVAV,AXON,BANF,BATRK,BIDU,BLNE,BLNK,BTAI,BYND,CAN,CCEC,CDW,CDXS,CELH,CGNX,CHKP,CHRS,CHRW,CIGI,CKPT,CMPR,COGT,CRNC,CRSP,CSTL,CTSH,CVGW,DGLY,DNLI,DOCU,DVAX,EBAY,EHTH,ERII,ESLT,EXPE,EXPO,FBIOP,FFBC,FFIN,FOXF,FWRD,GDS,GERN,GPRE,GRWG,GRYP,HEES,HELE,HIVE,HON,HRTX,HSTM,HURA,IART,IBKR,IBOC,IBRX,IDXX,INGN,INM,INVA,IQ,IRBT,KDP,KPTI,KTOS,KXIN,LAMR,LFUS,LGIH,LGMK,LKFN,LNW,LOPE,LPSN,LYFT,MGNX,MLCO,MNST,MODV,MSTR,MTCH,MYGN,MYRG,NCMI,NEXT,NFLX,NIU,NKTR,NRC,NTNX,NTRA,NVEE,NVMI,NWL,NWS,NXPI,OCGN,OCSL,OKTA,OLLI,OTLK,OXLC,PAA,PARA,PARAA,PDCO,PDFS,PFG,PGEN,PNFP,PODD,POWI,PSMT,PTC,PTEN,PVLA,RDNT,RDUS,RDWR,REGN,RNAC,ROCK,ROST,RRR,RSLS,RVMD,RYAAY,SAFT,SAGE,SAVA,SBGI,SFM,SFNC,SHYF,SIBN,SIFY,SIGI,SIMO,SITM,SLM,SNBR,SNDX,SNY,SPNS,SRRK,STRA,SUPN,SYRE,TCBK,TEAM,TECH,THRM,TLRY,TRMK,TROW,TSLA,TWST,TXN,UFPI,UNIT,UPWK,USLM,UTHR,VERB,VLY,VRNA,VRRM,VXRT,WAFD,WATT,WBA,WING,WIX,WTFC,WTW,XPEL,XRX,YMAB,ZG,ZLAB
ABEO,0.0,-0.111,0.428,0.899,0.737,0.772,-0.195,0.706,0.784,0.602,0.558,0.208,0.782,0.689,0.414,0.808,0.899,0.881,-0.324,0.539,0.54,0.833,0.594,0.155,0.913,0.247,-0.166,0.634,-0.66,0.639,0.616,-0.465,0.916,0.603,0.384,0.23,0.745,0.733,0.694,0.738,0.625,0.749,-0.518,0.648,0.318,0.012,0.451,0.541,-0.526,0.628,0.259,0.851,0.634,0.74,0.678,-0.901,0.621,0.537,0.298,0.69,0.755,0.746,0.542,0.713,-0.544,0.683,-0.871,0.666,0.217,0.299,0.65,-0.144,0.648,-0.519,0.622,-0.075,0.179,0.872,0.39,0.577,-0.008,0.525,-0.169,0.686,0.725,-0.518,0.126,0.797,0.737,-0.651,0.54,0.319,0.583,0.563,-0.559,0.676,-0.688,0.567,-0.568,0.529,0.732,0.727,0.769,0.62,0.071,-0.63,0.774,0.818,0.48,-0.622,-0.019,0.677,-0.293,0.127,0.32,0.266,0.711,-0.561,0.412,0.615,0.893,0.832,0.438,0.668,0.81,0.499,0.315,0.852,0.725,0.636,-0.049,0.84,0.595,-0.296,0.335,-0.078,0.558,0.68,-0.047,0.831,-0.473,0.701,0.355,0.875,0.606,0.872,-0.093,0.633,0.514,-0.041,0.828,0.124,0.646,0.067,0.767,-0.319,0.154,-0.372,0.954,0.686,0.339,0.887,0.664,0.743,0.741,0.586,0.696,0.869,0.624,-0.162,0.765,0.505,0.893,0.647,0.56,0.524,0.789,0.742,0.681,0.854,0.844,0.71,0.684,-0.364,0.666,0.845,0.762,0.35,0.634,-0.418,-0.112,-0.849,0.643,0.721,0.333,0.693,-0.264,0.534,0.838,0.524
ACHC,-0.111,0.0,-0.114,-0.063,0.013,0.046,-0.015,-0.297,-0.092,-0.05,0.18,0.28,0.13,0.106,0.032,0.248,0.112,-0.056,0.228,0.004,-0.09,-0.034,-0.079,0.22,0.153,0.639,0.448,0.141,0.04,0.323,0.058,0.256,0.076,-0.18,0.505,-0.04,-0.063,0.01,0.282,0.11,-0.032,0.364,0.371,0.091,0.115,0.385,0.257,0.163,0.071,0.473,0.113,0.137,-0.301,0.115,0.045,0.244,-0.013,-0.077,0.538,0.029,-0.274,0.097,0.239,0.054,0.192,0.066,0.277,-0.121,0.279,0.554,0.118,0.176,0.149,-0.035,0.012,0.197,0.572,-0.042,0.248,-0.17,0.173,0.028,0.402,0.352,-0.07,0.078,0.019,0.277,0.183,0.071,0.066,0.11,-0.016,-0.162,0.31,0.042,0.324,0.358,0.511,-0.042,0.057,-0.087,0.138,-0.175,0.244,-0.096,-0.19,0.023,0.145,-0.083,0.168,0.063,0.042,0.31,0.377,0.14,0.005,0.147,0.119,0.225,0.21,-0.319,-0.206,-0.212,-0.332,0.183,0.174,0.09,0.333,-0.022,0.519,0.205,0.172,0.296,0.609,-0.054,0.167,0.167,0.011,0.221,0.495,0.091,0.261,0.087,0.025,-0.117,0.29,-0.011,0.058,-0.01,0.13,0.413,-0.014,0.189,0.034,0.388,0.565,0.089,-0.116,0.098,0.314,-0.044,-0.284,-0.102,0.116,0.064,-0.086,-0.126,0.022,0.181,0.184,0.514,-0.018,0.03,0.341,-0.329,-0.026,-0.042,0.168,0.038,0.035,-0.042,-0.131,0.388,0.053,-0.052,-0.062,0.483,-0.075,0.397,0.623,0.137,0.041,0.155,0.097,0.209,0.41,0.383,0.155,0.071
AGNCN,0.428,-0.114,0.0,0.618,0.64,0.692,-0.566,0.602,0.622,0.585,0.619,0.608,0.698,0.732,-0.218,0.507,0.337,0.605,-0.43,0.61,0.706,0.664,-0.153,-0.398,0.532,0.005,-0.37,0.338,-0.49,0.53,0.653,-0.666,0.486,0.662,0.201,0.508,0.691,0.708,0.522,0.424,0.753,0.389,0.006,0.672,0.583,-0.169,0.506,0.719,0.009,0.36,0.586,0.539,0.339,0.296,0.69,-0.214,0.703,0.712,0.42,0.726,0.129,0.18,0.45,0.649,-0.476,0.688,-0.477,0.64,-0.103,-0.011,0.517,-0.361,0.629,-0.376,0.736,-0.613,-0.295,0.601,0.288,0.691,-0.544,0.733,0.212,0.402,0.724,-0.714,0.3,0.377,0.635,-0.498,0.739,-0.254,0.807,0.653,-0.647,0.739,-0.658,0.149,-0.28,0.614,0.526,0.74,0.607,0.728,0.363,-0.644,0.002,0.652,0.705,-0.618,-0.277,0.696,-0.555,0.467,0.072,-0.262,0.126,-0.564,0.247,0.049,0.489,0.488,0.371,0.474,0.626,0.667,0.0,0.499,0.439,0.707,-0.445,0.396,0.619,-0.191,0.326,0.389,0.754,0.7,-0.15,0.289,-0.538,0.697,-0.359,0.409,0.183,0.533,-0.544,0.674,0.157,0.094,0.659,0.547,0.705,0.487,0.671,0.347,-0.163,-0.581,0.403,0.679,0.454,0.577,0.472,0.723,0.566,0.711,0.612,0.673,0.694,-0.003,0.689,0.457,0.478,0.693,0.084,0.103,0.682,0.336,0.669,0.601,0.597,0.694,0.559,-0.62,0.657,0.643,0.664,0.525,0.703,-0.521,-0.086,-0.506,0.307,0.7,0.621,0.567,0.157,0.384,0.465,0.718
AKAM,0.899,-0.063,0.618,0.0,0.915,0.944,-0.517,0.643,0.916,0.828,0.792,0.537,0.945,0.897,0.107,0.898,0.87,0.956,-0.418,0.766,0.807,0.97,0.324,-0.121,0.925,0.357,-0.38,0.698,-0.745,0.822,0.845,-0.727,0.903,0.758,0.503,0.507,0.93,0.927,0.763,0.721,0.73,0.786,-0.259,0.869,0.634,-0.067,0.635,0.669,-0.378,0.743,0.487,0.948,0.461,0.754,0.902,-0.804,0.87,0.81,0.454,0.898,0.581,0.608,0.737,0.883,-0.724,0.908,-0.902,0.84,0.16,0.347,0.839,-0.417,0.865,-0.667,0.868,-0.411,0.002,0.955,0.525,0.804,-0.34,0.797,0.129,0.769,0.892,-0.73,0.368,0.821,0.91,-0.709,0.818,0.045,0.829,0.789,-0.756,0.895,-0.85,0.63,-0.618,0.772,0.892,0.908,0.871,0.839,0.169,-0.811,0.53,0.888,0.762,-0.849,-0.288,0.894,-0.59,0.386,0.362,0.035,0.458,-0.759,0.345,0.452,0.907,0.847,0.457,0.617,0.862,0.772,0.136,0.909,0.838,0.868,-0.228,0.815,0.835,-0.437,0.501,0.168,0.76,0.872,-0.295,0.795,-0.465,0.917,0.029,0.888,0.517,0.939,-0.375,0.875,0.488,0.058,0.919,0.334,0.885,0.418,0.939,-0.074,0.036,-0.653,0.893,0.896,0.628,0.936,0.693,0.925,0.865,0.847,0.866,0.964,0.869,-0.279,0.915,0.621,0.883,0.883,0.458,0.321,0.933,0.723,0.896,0.967,0.903,0.883,0.867,-0.587,0.882,0.959,0.942,0.543,0.872,-0.602,-0.002,-0.924,0.647,0.911,0.608,0.872,0.007,0.611,0.891,0.782
AKRO,0.737,0.013,0.64,0.915,0.0,0.918,-0.68,0.451,0.85,0.872,0.874,0.72,0.929,0.934,-0.193,0.898,0.742,0.943,-0.244,0.758,0.905,0.896,0.129,-0.227,0.838,0.492,-0.515,0.682,-0.611,0.888,0.923,-0.781,0.801,0.726,0.691,0.657,0.946,0.927,0.677,0.717,0.606,0.737,0.058,0.91,0.737,-0.026,0.783,0.715,-0.248,0.736,0.65,0.936,0.157,0.673,0.954,-0.619,0.944,0.901,0.528,0.958,0.269,0.452,0.869,0.892,-0.762,0.955,-0.825,0.851,0.09,0.496,0.85,-0.56,0.912,-0.712,0.947,-0.563,-0.111,0.891,0.591,0.863,-0.524,0.897,0.371,0.826,0.852,-0.827,0.43,0.767,0.951,-0.62,0.928,-0.053,0.836,0.835,-0.744,0.945,-0.826,0.631,-0.584,0.902,0.889,0.887,0.905,0.872,0.247,-0.905,0.231,0.84,0.847,-0.924,-0.463,0.957,-0.721,0.526,0.296,-0.17,0.228,-0.777,0.196,0.33,0.829,0.682,0.265,0.357,0.677,0.864,0.021,0.847,0.833,0.95,-0.212,0.677,0.895,-0.529,0.58,0.335,0.815,0.898,-0.499,0.744,-0.234,0.951,-0.159,0.804,0.329,0.912,-0.535,0.911,0.437,0.237,0.887,0.492,0.952,0.621,0.93,0.102,-0.052,-0.797,0.71,0.938,0.726,0.908,0.645,0.928,0.941,0.919,0.945,0.887,0.947,-0.43,0.932,0.647,0.765,0.956,0.352,0.01,0.953,0.492,0.958,0.939,0.791,0.945,0.917,-0.675,0.963,0.921,0.932,0.641,0.932,-0.634,0.198,-0.86,0.667,0.942,0.723,0.927,0.147,0.72,0.837,0.876
ALRM,0.772,0.046,0.692,0.944,0.918,0.0,-0.639,0.562,0.895,0.866,0.84,0.711,0.962,0.933,-0.022,0.884,0.792,0.903,-0.413,0.838,0.87,0.952,0.166,-0.2,0.884,0.395,-0.382,0.652,-0.739,0.848,0.907,-0.778,0.825,0.775,0.549,0.595,0.957,0.957,0.757,0.673,0.761,0.792,-0.128,0.9,0.735,-0.116,0.696,0.686,-0.251,0.765,0.596,0.927,0.36,0.702,0.948,-0.651,0.922,0.878,0.546,0.923,0.436,0.531,0.786,0.882,-0.753,0.952,-0.808,0.836,0.127,0.357,0.85,-0.49,0.921,-0.735,0.919,-0.519,-0.014,0.943,0.626,0.851,-0.449,0.881,0.275,0.787,0.936,-0.784,0.481,0.783,0.931,-0.654,0.891,-0.064,0.91,0.829,-0.77,0.939,-0.81,0.632,-0.56,0.814,0.895,0.924,0.873,0.881,0.196,-0.832,0.356,0.884,0.852,-0.885,-0.358,0.947,-0.686,0.53,0.421,-0.09,0.313,-0.771,0.289,0.314,0.852,0.791,0.435,0.584,0.812,0.857,0.056,0.844,0.838,0.901,-0.259,0.749,0.894,-0.422,0.584,0.278,0.823,0.94,-0.328,0.679,-0.385,0.967,-0.128,0.832,0.443,0.865,-0.439,0.916,0.435,0.088,0.906,0.465,0.927,0.585,0.942,0.076,-0.005,-0.733,0.783,0.92,0.767,0.875,0.644,0.935,0.865,0.927,0.875,0.936,0.921,-0.258,0.932,0.645,0.812,0.929,0.391,0.183,0.944,0.645,0.945,0.937,0.893,0.892,0.867,-0.623,0.92,0.933,0.962,0.618,0.916,-0.617,0.087,-0.864,0.568,0.936,0.719,0.914,0.153,0.631,0.867,0.845
AMAT,-0.195,-0.015,-0.566,-0.517,-0.68,-0.639,0.0,-0.141,-0.605,-0.769,-0.722,-0.793,-0.659,-0.69,0.662,-0.451,-0.223,-0.508,0.378,-0.633,-0.885,-0.589,0.408,0.558,-0.328,-0.231,0.751,-0.281,0.406,-0.582,-0.768,0.844,-0.224,-0.631,-0.378,-0.836,-0.754,-0.695,-0.254,-0.223,-0.342,-0.227,-0.357,-0.742,-0.875,0.306,-0.514,-0.341,-0.146,-0.396,-0.731,-0.499,0.171,-0.203,-0.775,0.14,-0.845,-0.887,-0.383,-0.759,0.193,0.162,-0.706,-0.571,0.758,-0.754,0.464,-0.662,0.233,-0.198,-0.661,0.732,-0.773,0.744,-0.826,0.902,0.492,-0.558,-0.397,-0.807,0.852,-0.809,-0.683,-0.427,-0.621,0.773,-0.459,-0.218,-0.681,0.348,-0.834,0.604,-0.758,-0.822,0.78,-0.769,0.719,-0.426,0.512,-0.764,-0.626,-0.674,-0.474,-0.785,-0.11,0.756,0.269,-0.452,-0.829,0.804,0.823,-0.775,0.974,-0.623,0.064,0.655,0.449,0.772,0.27,0.271,-0.339,-0.277,-0.071,-0.086,-0.434,-0.856,0.599,-0.397,-0.425,-0.817,0.528,-0.068,-0.762,0.671,-0.388,-0.661,-0.62,-0.703,0.622,-0.204,0.135,-0.741,0.709,-0.261,0.034,-0.521,0.767,-0.829,-0.023,-0.125,-0.446,-0.415,-0.826,-0.831,-0.679,-0.257,0.416,0.912,-0.135,-0.71,-0.81,-0.436,-0.493,-0.708,-0.548,-0.836,-0.763,-0.558,-0.824,0.485,-0.605,-0.305,-0.214,-0.812,0.237,0.421,-0.599,-0.045,-0.737,-0.556,-0.41,-0.662,-0.7,0.764,-0.75,-0.606,-0.666,-0.433,-0.826,0.763,-0.061,0.592,-0.121,-0.652,-0.799,-0.646,-0.429,-0.289,-0.345,-0.801
AMED,0.706,-0.297,0.602,0.643,0.451,0.562,-0.141,0.0,0.599,0.401,0.339,0.052,0.565,0.479,0.319,0.438,0.466,0.606,-0.511,0.299,0.404,0.643,0.467,0.075,0.606,-0.275,-0.129,0.311,-0.46,0.272,0.365,-0.343,0.618,0.589,-0.092,0.042,0.539,0.522,0.455,0.506,0.706,0.429,-0.528,0.438,0.176,-0.358,0.168,0.431,-0.369,0.314,0.19,0.513,0.757,0.384,0.427,-0.645,0.445,0.403,0.151,0.463,0.671,0.482,0.199,0.463,-0.366,0.438,-0.659,0.433,0.001,-0.168,0.374,-0.03,0.454,-0.278,0.461,-0.139,-0.127,0.596,0.135,0.49,0.001,0.347,-0.342,0.246,0.579,-0.395,-0.015,0.4,0.472,-0.533,0.363,0.017,0.523,0.446,-0.503,0.487,-0.658,0.194,-0.349,0.248,0.426,0.567,0.449,0.507,-0.08,-0.428,0.62,0.583,0.313,-0.34,-0.035,0.423,-0.261,0.085,0.137,0.117,0.566,-0.441,0.229,0.296,0.556,0.694,0.543,0.736,0.767,0.337,0.128,0.535,0.391,0.447,-0.334,0.535,0.343,-0.259,0.047,-0.01,0.336,0.467,0.116,0.464,-0.805,0.456,0.146,0.52,0.465,0.57,-0.107,0.467,0.286,-0.223,0.63,0.033,0.459,-0.066,0.535,-0.23,0.022,-0.295,0.696,0.443,0.147,0.641,0.637,0.54,0.39,0.38,0.444,0.698,0.442,0.062,0.527,0.314,0.603,0.453,0.241,0.607,0.536,0.617,0.443,0.538,0.603,0.417,0.461,-0.341,0.445,0.626,0.529,0.237,0.464,-0.388,-0.435,-0.651,0.302,0.503,0.255,0.32,-0.317,0.099,0.472,0.384
AMRN,0.784,-0.092,0.622,0.916,0.85,0.895,-0.605,0.599,0.0,0.819,0.743,0.544,0.889,0.85,0.02,0.778,0.751,0.863,-0.445,0.729,0.823,0.904,0.216,-0.163,0.83,0.282,-0.438,0.623,-0.736,0.763,0.836,-0.744,0.787,0.717,0.411,0.556,0.907,0.862,0.666,0.586,0.681,0.636,-0.247,0.868,0.694,-0.166,0.546,0.639,-0.334,0.672,0.497,0.831,0.4,0.671,0.88,-0.691,0.859,0.824,0.392,0.866,0.487,0.522,0.669,0.811,-0.726,0.876,-0.823,0.838,0.128,0.28,0.82,-0.42,0.853,-0.739,0.857,-0.487,-0.089,0.889,0.527,0.793,-0.414,0.761,0.19,0.666,0.843,-0.731,0.413,0.727,0.862,-0.637,0.799,-0.078,0.819,0.809,-0.815,0.863,-0.85,0.641,-0.624,0.771,0.854,0.862,0.806,0.839,0.093,-0.804,0.429,0.853,0.766,-0.834,-0.39,0.864,-0.676,0.425,0.275,-0.055,0.28,-0.805,0.259,0.332,0.775,0.794,0.438,0.593,0.85,0.773,-0.011,0.809,0.708,0.859,-0.294,0.67,0.836,-0.432,0.419,0.189,0.743,0.836,-0.317,0.677,-0.468,0.882,-0.086,0.787,0.38,0.866,-0.466,0.872,0.457,-0.012,0.811,0.319,0.866,0.436,0.9,-0.046,-0.112,-0.657,0.774,0.847,0.648,0.819,0.706,0.912,0.795,0.848,0.862,0.917,0.847,-0.292,0.843,0.528,0.783,0.877,0.32,0.256,0.85,0.634,0.851,0.886,0.804,0.846,0.817,-0.638,0.851,0.921,0.907,0.545,0.866,-0.641,-0.07,-0.871,0.569,0.823,0.614,0.814,0.078,0.492,0.788,0.817
ANGI,0.602,-0.05,0.585,0.828,0.872,0.866,-0.769,0.401,0.819,0.0,0.844,0.647,0.887,0.832,-0.308,0.761,0.632,0.8,-0.505,0.861,0.921,0.873,-0.002,-0.433,0.667,0.352,-0.644,0.641,-0.592,0.783,0.906,-0.886,0.661,0.627,0.52,0.779,0.905,0.886,0.613,0.432,0.52,0.559,0.042,0.901,0.899,-0.175,0.562,0.553,-0.241,0.613,0.592,0.79,0.108,0.695,0.931,-0.582,0.933,0.924,0.28,0.861,0.293,0.317,0.725,0.883,-0.771,0.943,-0.806,0.917,0.181,0.342,0.899,-0.633,0.914,-0.678,0.91,-0.723,-0.305,0.824,0.411,0.842,-0.651,0.848,0.314,0.596,0.788,-0.811,0.648,0.622,0.854,-0.497,0.899,-0.29,0.874,0.9,-0.841,0.906,-0.845,0.607,-0.672,0.895,0.921,0.873,0.724,0.905,0.186,-0.816,0.179,0.787,0.815,-0.918,-0.6,0.906,-0.801,0.432,0.354,-0.232,0.027,-0.916,0.109,0.138,0.682,0.706,0.467,0.394,0.722,0.838,-0.187,0.768,0.717,0.924,-0.419,0.541,0.901,-0.627,0.463,0.285,0.759,0.841,-0.641,0.5,-0.312,0.918,-0.349,0.698,0.332,0.863,-0.659,0.936,0.476,0.097,0.724,0.305,0.938,0.612,0.933,0.138,-0.278,-0.814,0.626,0.916,0.788,0.722,0.523,0.936,0.746,0.92,0.865,0.865,0.92,-0.522,0.776,0.483,0.696,0.92,0.187,0.073,0.849,0.494,0.874,0.864,0.784,0.854,0.874,-0.702,0.915,0.872,0.934,0.502,0.954,-0.759,-0.061,-0.805,0.57,0.869,0.619,0.84,0.351,0.455,0.769,0.888
APA,0.558,0.18,0.619,0.792,0.874,0.84,-0.722,0.339,0.743,0.844,0.0,0.724,0.873,0.925,-0.329,0.808,0.653,0.746,-0.465,0.766,0.829,0.829,-0.075,-0.398,0.711,0.533,-0.434,0.811,-0.554,0.921,0.817,-0.725,0.677,0.535,0.673,0.612,0.841,0.905,0.785,0.424,0.506,0.647,0.193,0.957,0.848,0.121,0.559,0.719,-0.354,0.784,0.453,0.821,-0.05,0.718,0.902,-0.43,0.888,0.833,0.638,0.891,0.217,0.417,0.812,0.866,-0.549,0.924,-0.636,0.79,0.26,0.524,0.93,-0.437,0.889,-0.589,0.894,-0.577,-0.127,0.729,0.534,0.695,-0.473,0.808,0.499,0.697,0.677,-0.832,0.544,0.716,0.908,-0.474,0.898,-0.312,0.857,0.689,-0.702,0.844,-0.687,0.679,-0.375,0.854,0.91,0.737,0.751,0.735,0.199,-0.803,0.078,0.732,0.796,-0.944,-0.464,0.86,-0.76,0.587,0.312,-0.048,0.109,-0.832,0.224,0.361,0.693,0.559,0.419,0.311,0.567,0.924,-0.123,0.812,0.773,0.885,-0.234,0.615,0.954,-0.398,0.791,0.189,0.778,0.844,-0.637,0.595,-0.189,0.901,-0.231,0.731,0.365,0.763,-0.413,0.889,0.516,0.017,0.749,0.471,0.89,0.66,0.897,0.325,0.041,-0.731,0.534,0.932,0.819,0.718,0.367,0.855,0.752,0.915,0.786,0.752,0.867,-0.248,0.822,0.746,0.649,0.901,0.347,0.022,0.774,0.497,0.916,0.884,0.732,0.788,0.738,-0.476,0.908,0.848,0.844,0.706,0.866,-0.492,0.232,-0.755,0.549,0.886,0.65,0.879,0.481,0.539,0.81,0.851
APOG,0.208,0.28,0.608,0.537,0.72,0.711,-0.793,0.052,0.544,0.647,0.724,0.0,0.683,0.747,-0.471,0.588,0.321,0.534,-0.106,0.672,0.783,0.579,-0.411,-0.442,0.481,0.461,-0.415,0.325,-0.464,0.695,0.758,-0.685,0.321,0.631,0.571,0.686,0.714,0.721,0.416,0.43,0.471,0.498,0.429,0.698,0.734,-0.055,0.746,0.53,0.294,0.545,0.764,0.6,-0.149,0.226,0.763,-0.048,0.79,0.797,0.686,0.767,-0.236,0.011,0.769,0.594,-0.652,0.755,-0.324,0.553,-0.189,0.345,0.581,-0.59,0.708,-0.63,0.787,-0.679,-0.162,0.579,0.618,0.739,-0.707,0.88,0.743,0.632,0.716,-0.683,0.463,0.402,0.708,-0.347,0.841,-0.298,0.761,0.691,-0.567,0.774,-0.522,0.427,-0.266,0.726,0.572,0.657,0.633,0.688,0.301,-0.676,-0.285,0.472,0.869,-0.744,-0.549,0.787,-0.743,0.833,0.165,-0.485,-0.24,-0.505,0.03,-0.116,0.479,0.258,-0.049,0.054,0.314,0.855,-0.212,0.397,0.594,0.754,-0.267,0.276,0.758,-0.333,0.601,0.663,0.72,0.779,-0.389,0.298,0.058,0.775,-0.539,0.358,0.039,0.45,-0.542,0.753,0.014,0.349,0.593,0.764,0.768,0.925,0.624,0.444,-0.047,-0.781,0.18,0.7,0.806,0.498,0.362,0.645,0.669,0.818,0.668,0.513,0.789,-0.235,0.716,0.519,0.291,0.774,-0.008,-0.437,0.677,0.12,0.794,0.579,0.469,0.706,0.648,-0.618,0.734,0.542,0.645,0.595,0.731,-0.464,0.441,-0.459,0.185,0.724,0.897,0.759,0.385,0.62,0.442,0.731
APPS,0.782,0.13,0.698,0.945,0.929,0.962,-0.659,0.565,0.889,0.887,0.873,0.683,0.0,0.945,-0.067,0.914,0.789,0.918,-0.435,0.805,0.878,0.955,0.156,-0.215,0.884,0.44,-0.409,0.682,-0.69,0.878,0.919,-0.768,0.835,0.742,0.599,0.625,0.95,0.951,0.78,0.678,0.735,0.781,-0.064,0.928,0.777,-0.074,0.694,0.732,-0.273,0.784,0.622,0.934,0.325,0.72,0.953,-0.65,0.931,0.881,0.568,0.943,0.396,0.499,0.812,0.906,-0.726,0.963,-0.817,0.865,0.152,0.419,0.882,-0.475,0.941,-0.7,0.937,-0.537,-0.037,0.93,0.553,0.839,-0.461,0.872,0.291,0.785,0.893,-0.812,0.446,0.791,0.964,-0.659,0.909,-0.084,0.9,0.834,-0.756,0.956,-0.826,0.669,-0.524,0.83,0.909,0.921,0.879,0.877,0.255,-0.881,0.34,0.886,0.861,-0.91,-0.387,0.953,-0.702,0.522,0.378,-0.094,0.306,-0.803,0.294,0.361,0.888,0.745,0.414,0.525,0.779,0.878,0.038,0.873,0.866,0.927,-0.247,0.753,0.911,-0.437,0.618,0.264,0.854,0.945,-0.373,0.73,-0.38,0.972,-0.097,0.827,0.446,0.895,-0.465,0.923,0.467,0.069,0.917,0.477,0.942,0.568,0.97,0.115,0.007,-0.739,0.767,0.947,0.768,0.88,0.633,0.948,0.875,0.923,0.886,0.934,0.932,-0.266,0.954,0.695,0.797,0.942,0.391,0.149,0.935,0.618,0.964,0.952,0.894,0.9,0.855,-0.609,0.94,0.95,0.946,0.666,0.923,-0.623,0.081,-0.87,0.608,0.967,0.7,0.915,0.186,0.646,0.873,0.881
ARCB,0.689,0.106,0.732,0.897,0.934,0.933,-0.69,0.479,0.85,0.832,0.925,0.747,0.945,0.0,-0.196,0.871,0.731,0.87,-0.401,0.788,0.874,0.906,0.036,-0.293,0.832,0.471,-0.399,0.709,-0.656,0.918,0.886,-0.763,0.781,0.721,0.623,0.618,0.924,0.961,0.793,0.608,0.68,0.742,0.053,0.942,0.783,0.032,0.702,0.778,-0.264,0.782,0.577,0.9,0.171,0.68,0.954,-0.509,0.926,0.877,0.652,0.97,0.291,0.443,0.826,0.879,-0.655,0.953,-0.718,0.816,0.12,0.434,0.873,-0.481,0.913,-0.676,0.94,-0.567,-0.052,0.852,0.577,0.797,-0.482,0.884,0.427,0.794,0.837,-0.844,0.424,0.766,0.951,-0.607,0.932,-0.174,0.9,0.758,-0.736,0.924,-0.768,0.6,-0.432,0.847,0.887,0.87,0.855,0.829,0.294,-0.87,0.179,0.838,0.882,-0.935,-0.38,0.937,-0.72,0.562,0.319,-0.101,0.235,-0.784,0.299,0.359,0.8,0.643,0.368,0.464,0.697,0.908,0.016,0.855,0.823,0.924,-0.23,0.691,0.925,-0.37,0.696,0.293,0.871,0.921,-0.435,0.682,-0.315,0.953,-0.184,0.775,0.374,0.82,-0.456,0.902,0.422,0.102,0.872,0.522,0.931,0.647,0.935,0.211,0.018,-0.745,0.66,0.95,0.77,0.841,0.562,0.915,0.861,0.936,0.867,0.859,0.92,-0.202,0.933,0.737,0.728,0.942,0.413,0.068,0.897,0.534,0.957,0.927,0.825,0.892,0.809,-0.592,0.927,0.903,0.909,0.716,0.904,-0.579,0.194,-0.818,0.588,0.943,0.728,0.912,0.289,0.656,0.832,0.881
ARCC,0.414,0.032,-0.218,0.107,-0.193,-0.022,0.662,0.319,0.02,-0.308,-0.329,-0.471,-0.067,-0.196,0.0,0.053,0.337,0.066,0.124,-0.183,-0.422,0.026,0.694,0.657,0.279,-0.1,0.571,0.007,-0.179,-0.147,-0.266,0.45,0.312,-0.116,-0.17,-0.551,-0.16,-0.162,0.152,0.218,0.24,0.277,-0.697,-0.243,-0.52,0.135,-0.118,-0.022,-0.28,0.076,-0.375,0.074,0.673,0.168,-0.247,-0.401,-0.338,-0.408,-0.063,-0.243,0.61,0.554,-0.255,-0.075,0.234,-0.233,-0.071,-0.196,0.242,-0.103,-0.204,0.505,-0.23,0.184,-0.323,0.721,0.63,0.086,0.074,-0.279,0.711,-0.348,-0.604,0.068,-0.0,0.407,-0.311,0.296,-0.131,-0.15,-0.393,0.723,-0.259,-0.287,0.283,-0.223,0.202,0.054,0.105,-0.404,-0.129,-0.079,0.058,-0.248,-0.107,0.264,0.733,0.116,-0.346,0.337,0.674,-0.225,0.578,-0.34,0.26,0.617,0.719,0.374,0.394,0.461,0.255,0.289,0.189,0.414,0.189,-0.388,0.593,0.119,0.028,-0.321,0.411,0.424,-0.285,0.429,-0.132,-0.538,-0.213,-0.111,0.682,0.302,-0.184,-0.175,0.816,0.272,0.347,0.023,0.591,-0.3,0.2,-0.193,0.15,-0.237,-0.309,-0.595,-0.132,-0.411,0.461,0.53,0.451,-0.231,-0.366,0.108,0.076,-0.163,-0.021,-0.335,-0.241,0.058,-0.315,0.356,-0.014,0.002,0.351,-0.295,0.462,0.646,-0.058,0.417,-0.193,0.004,0.157,-0.162,-0.192,0.388,-0.255,-0.01,-0.098,-0.164,-0.318,0.379,-0.098,-0.019,0.12,-0.129,-0.347,-0.122,-0.557,0.057,0.17,-0.324
ARVN,0.808,0.248,0.507,0.898,0.898,0.884,-0.451,0.438,0.778,0.761,0.808,0.588,0.914,0.871,0.053,0.0,0.89,0.897,-0.228,0.734,0.713,0.868,0.267,-0.055,0.917,0.643,-0.187,0.755,-0.593,0.904,0.83,-0.601,0.885,0.604,0.744,0.465,0.823,0.87,0.813,0.778,0.587,0.892,-0.073,0.815,0.605,0.172,0.73,0.703,-0.344,0.853,0.475,0.952,0.242,0.789,0.861,-0.68,0.803,0.711,0.564,0.843,0.412,0.637,0.781,0.857,-0.594,0.872,-0.772,0.768,0.27,0.651,0.821,-0.309,0.854,-0.58,0.803,-0.291,0.228,0.881,0.547,0.678,-0.267,0.769,0.226,0.868,0.782,-0.673,0.334,0.864,0.907,-0.612,0.789,0.104,0.746,0.643,-0.538,0.85,-0.656,0.691,-0.421,0.747,0.861,0.79,0.864,0.693,0.266,-0.787,0.41,0.83,0.747,-0.822,-0.183,0.852,-0.483,0.428,0.481,0.103,0.49,-0.643,0.427,0.572,0.95,0.659,0.275,0.414,0.623,0.758,0.268,0.893,0.96,0.794,0.015,0.835,0.831,-0.309,0.69,0.125,0.781,0.838,-0.347,0.847,-0.17,0.874,0.143,0.887,0.503,0.871,-0.244,0.787,0.51,0.104,0.899,0.495,0.814,0.438,0.883,0.087,0.244,-0.579,0.798,0.876,0.638,0.905,0.507,0.821,0.876,0.806,0.79,0.84,0.821,-0.226,0.911,0.765,0.822,0.824,0.588,0.143,0.902,0.606,0.889,0.931,0.859,0.83,0.795,-0.389,0.845,0.859,0.862,0.686,0.781,-0.414,0.286,-0.79,0.675,0.916,0.549,0.914,0.131,0.775,0.914,0.724
ATEC,0.899,0.112,0.337,0.87,0.742,0.792,-0.223,0.466,0.751,0.632,0.653,0.321,0.789,0.731,0.337,0.89,0.0,0.811,-0.282,0.663,0.517,0.816,0.425,0.077,0.913,0.515,-0.052,0.767,-0.679,0.78,0.651,-0.473,0.904,0.492,0.561,0.292,0.703,0.759,0.816,0.686,0.514,0.84,-0.375,0.69,0.426,0.255,0.501,0.575,-0.504,0.768,0.203,0.863,0.403,0.84,0.719,-0.807,0.624,0.518,0.402,0.687,0.653,0.782,0.585,0.756,-0.472,0.727,-0.76,0.699,0.391,0.54,0.745,-0.09,0.693,-0.498,0.612,-0.054,0.374,0.848,0.463,0.497,-0.026,0.554,0.0,0.761,0.686,-0.49,0.262,0.871,0.76,-0.604,0.574,0.264,0.608,0.49,-0.466,0.671,-0.554,0.677,-0.466,0.588,0.804,0.684,0.753,0.55,0.157,-0.592,0.646,0.802,0.547,-0.687,0.024,0.69,-0.286,0.198,0.47,0.351,0.655,-0.568,0.541,0.699,0.913,0.742,0.386,0.54,0.684,0.571,0.352,0.883,0.834,0.623,0.097,0.887,0.697,-0.177,0.568,-0.121,0.627,0.701,-0.179,0.834,-0.23,0.733,0.358,0.923,0.617,0.827,-0.028,0.647,0.572,-0.058,0.805,0.235,0.644,0.168,0.786,-0.114,0.306,-0.345,0.886,0.745,0.448,0.83,0.462,0.725,0.745,0.645,0.648,0.803,0.627,-0.132,0.766,0.647,0.879,0.654,0.692,0.406,0.782,0.738,0.715,0.879,0.856,0.699,0.655,-0.233,0.677,0.8,0.773,0.457,0.621,-0.305,0.136,-0.769,0.652,0.752,0.327,0.801,0.014,0.639,0.907,0.532
ATXS,0.881,-0.056,0.605,0.956,0.943,0.903,-0.508,0.606,0.863,0.8,0.746,0.534,0.918,0.87,0.066,0.897,0.811,0.0,-0.255,0.682,0.814,0.91,0.386,-0.043,0.901,0.389,-0.426,0.624,-0.646,0.799,0.867,-0.69,0.894,0.743,0.593,0.522,0.923,0.872,0.669,0.789,0.685,0.769,-0.175,0.829,0.579,-0.096,0.737,0.668,-0.332,0.699,0.581,0.95,0.409,0.697,0.886,-0.773,0.861,0.809,0.431,0.903,0.471,0.572,0.79,0.86,-0.744,0.884,-0.906,0.814,0.092,0.394,0.77,-0.478,0.851,-0.676,0.868,-0.413,-0.02,0.929,0.547,0.819,-0.353,0.794,0.144,0.826,0.862,-0.738,0.304,0.802,0.909,-0.665,0.814,0.132,0.753,0.799,-0.71,0.898,-0.833,0.595,-0.629,0.788,0.841,0.898,0.918,0.844,0.227,-0.858,0.468,0.879,0.74,-0.825,-0.313,0.903,-0.572,0.367,0.327,-0.053,0.427,-0.701,0.25,0.413,0.89,0.786,0.33,0.517,0.781,0.725,0.158,0.882,0.812,0.873,-0.165,0.77,0.778,-0.486,0.446,0.218,0.752,0.856,-0.299,0.822,-0.381,0.895,0.043,0.857,0.422,0.952,-0.436,0.827,0.468,0.205,0.917,0.362,0.879,0.414,0.904,-0.122,-0.025,-0.676,0.86,0.868,0.582,0.966,0.74,0.903,0.931,0.812,0.916,0.932,0.87,-0.386,0.932,0.585,0.855,0.877,0.429,0.21,0.946,0.595,0.889,0.934,0.845,0.913,0.887,-0.63,0.889,0.941,0.913,0.549,0.864,-0.611,0.05,-0.896,0.709,0.9,0.611,0.858,-0.082,0.692,0.858,0.796
AVAV,-0.324,0.228,-0.43,-0.418,-0.244,-0.413,0.378,-0.511,-0.445,-0.505,-0.465,-0.106,-0.435,-0.401,0.124,-0.228,-0.282,-0.255,0.0,-0.515,-0.398,-0.518,0.063,0.488,-0.245,0.253,0.267,-0.423,0.432,-0.253,-0.299,0.512,-0.273,-0.314,0.193,-0.248,-0.403,-0.486,-0.462,0.116,-0.355,-0.114,0.312,-0.492,-0.518,0.231,0.229,-0.206,0.337,-0.173,0.035,-0.246,-0.314,-0.418,-0.413,0.355,-0.412,-0.404,-0.006,-0.363,-0.517,-0.223,-0.097,-0.427,0.26,-0.424,0.43,-0.481,-0.152,0.214,-0.524,0.138,-0.418,0.205,-0.4,0.424,0.333,-0.363,0.083,-0.318,0.249,-0.302,0.058,0.049,-0.335,0.438,-0.387,-0.146,-0.32,0.183,-0.347,0.556,-0.573,-0.376,0.588,-0.363,0.521,-0.23,0.356,-0.311,-0.498,-0.392,-0.102,-0.401,0.119,0.232,-0.276,-0.326,-0.299,0.436,0.262,-0.316,0.429,-0.066,-0.095,-0.073,-0.116,0.669,-0.185,-0.082,-0.248,-0.513,-0.712,-0.553,-0.621,-0.419,0.294,-0.402,-0.21,-0.374,0.586,-0.248,-0.454,0.251,-0.163,0.061,-0.305,-0.322,0.288,-0.043,0.7,-0.395,0.262,-0.297,-0.434,-0.385,0.208,-0.492,-0.323,0.397,-0.218,0.131,-0.409,-0.109,-0.491,-0.038,0.198,0.329,-0.339,-0.438,-0.315,-0.25,-0.173,-0.489,-0.027,-0.434,-0.258,-0.474,-0.375,-0.076,-0.248,-0.188,-0.34,-0.384,-0.006,-0.497,-0.268,-0.522,-0.319,-0.416,-0.519,-0.227,-0.274,0.249,-0.333,-0.469,-0.454,-0.102,-0.44,0.436,0.57,0.457,-0.041,-0.345,-0.15,-0.239,-0.296,0.259,-0.355,-0.347
AXON,0.539,0.004,0.61,0.766,0.758,0.838,-0.633,0.299,0.729,0.861,0.766,0.672,0.805,0.788,-0.183,0.734,0.663,0.682,-0.515,0.0,0.788,0.816,-0.168,-0.537,0.635,0.349,-0.428,0.621,-0.682,0.754,0.831,-0.851,0.617,0.59,0.438,0.716,0.791,0.863,0.69,0.399,0.545,0.579,-0.027,0.798,0.816,0.024,0.542,0.573,-0.096,0.553,0.484,0.712,0.165,0.651,0.866,-0.493,0.815,0.801,0.295,0.786,0.304,0.361,0.572,0.841,-0.667,0.864,-0.652,0.87,0.184,0.298,0.793,-0.52,0.795,-0.54,0.793,-0.628,-0.09,0.783,0.396,0.724,-0.627,0.847,0.301,0.568,0.796,-0.695,0.641,0.585,0.733,-0.495,0.824,-0.254,0.892,0.753,-0.716,0.832,-0.689,0.467,-0.545,0.816,0.824,0.824,0.641,0.801,0.354,-0.63,0.153,0.743,0.814,-0.823,-0.335,0.82,-0.609,0.435,0.371,-0.141,0.121,-0.752,0.381,0.164,0.669,0.659,0.461,0.418,0.685,0.762,0.002,0.701,0.705,0.781,-0.366,0.556,0.834,-0.328,0.48,0.269,0.814,0.802,-0.465,0.393,-0.276,0.852,-0.326,0.661,0.403,0.735,-0.534,0.83,0.386,0.08,0.67,0.429,0.816,0.594,0.838,0.289,-0.146,-0.652,0.581,0.849,0.68,0.628,0.356,0.854,0.644,0.869,0.702,0.773,0.816,-0.306,0.721,0.471,0.688,0.795,0.26,0.129,0.808,0.497,0.772,0.807,0.829,0.796,0.736,-0.584,0.759,0.742,0.878,0.432,0.829,-0.612,-0.008,-0.631,0.442,0.799,0.575,0.815,0.409,0.509,0.727,0.751
BANF,0.54,-0.09,0.706,0.807,0.905,0.87,-0.885,0.404,0.823,0.921,0.829,0.783,0.878,0.874,-0.422,0.713,0.517,0.814,-0.398,0.788,0.0,0.84,-0.102,-0.444,0.635,0.287,-0.715,0.487,-0.591,0.754,0.942,-0.924,0.582,0.782,0.498,0.824,0.95,0.891,0.497,0.501,0.589,0.501,0.155,0.893,0.873,-0.282,0.683,0.572,-0.067,0.565,0.766,0.774,0.104,0.489,0.946,-0.463,0.982,0.997,0.413,0.933,0.126,0.162,0.804,0.81,-0.853,0.937,-0.752,0.863,-0.087,0.255,0.81,-0.746,0.915,-0.776,0.973,-0.83,-0.392,0.816,0.482,0.943,-0.768,0.931,0.465,0.638,0.851,-0.889,0.526,0.524,0.877,-0.557,0.96,-0.341,0.891,0.95,-0.885,0.95,-0.892,0.515,-0.653,0.915,0.823,0.902,0.761,0.961,0.221,-0.888,0.032,0.747,0.9,-0.92,-0.676,0.954,-0.899,0.573,0.156,-0.445,-0.086,-0.863,-0.031,-0.007,0.626,0.612,0.285,0.343,0.699,0.895,-0.269,0.678,0.658,0.971,-0.479,0.424,0.881,-0.67,0.422,0.531,0.8,0.879,-0.571,0.472,-0.33,0.932,-0.492,0.586,0.163,0.804,-0.763,0.951,0.263,0.209,0.735,0.441,0.978,0.748,0.894,0.133,-0.355,-0.921,0.52,0.895,0.807,0.738,0.658,0.928,0.793,0.955,0.943,0.837,0.972,-0.512,0.835,0.456,0.569,0.966,0.04,-0.124,0.867,0.35,0.909,0.816,0.693,0.898,0.898,-0.841,0.932,0.857,0.908,0.534,0.983,-0.817,0.006,-0.802,0.459,0.87,0.805,0.826,0.261,0.501,0.643,0.923
BATRK,0.833,-0.034,0.664,0.97,0.896,0.952,-0.589,0.643,0.904,0.873,0.829,0.579,0.955,0.906,0.026,0.868,0.816,0.91,-0.518,0.816,0.84,0.0,0.223,-0.207,0.884,0.322,-0.398,0.687,-0.731,0.825,0.854,-0.776,0.865,0.75,0.452,0.554,0.933,0.95,0.785,0.643,0.754,0.739,-0.201,0.904,0.724,-0.112,0.602,0.651,-0.36,0.745,0.506,0.918,0.417,0.741,0.926,-0.74,0.899,0.845,0.459,0.902,0.542,0.544,0.71,0.896,-0.713,0.932,-0.871,0.853,0.187,0.299,0.867,-0.45,0.898,-0.667,0.895,-0.498,-0.073,0.932,0.475,0.81,-0.406,0.817,0.165,0.718,0.904,-0.76,0.434,0.784,0.913,-0.68,0.856,-0.067,0.888,0.817,-0.794,0.905,-0.862,0.612,-0.588,0.777,0.911,0.929,0.83,0.869,0.202,-0.805,0.453,0.874,0.799,-0.876,-0.339,0.903,-0.653,0.407,0.378,-0.015,0.379,-0.816,0.312,0.394,0.864,0.815,0.531,0.651,0.878,0.818,0.07,0.899,0.824,0.896,-0.284,0.778,0.877,-0.449,0.516,0.183,0.793,0.895,-0.361,0.694,-0.512,0.936,-0.067,0.849,0.52,0.912,-0.411,0.917,0.486,0.009,0.896,0.339,0.911,0.452,0.96,0.026,0.005,-0.685,0.84,0.928,0.681,0.877,0.628,0.939,0.81,0.889,0.847,0.954,0.896,-0.273,0.894,0.654,0.843,0.905,0.419,0.302,0.908,0.701,0.901,0.954,0.909,0.863,0.846,-0.597,0.892,0.953,0.953,0.555,0.903,-0.63,-0.04,-0.905,0.598,0.921,0.624,0.86,0.135,0.56,0.867,0.823
BIDU,0.594,-0.079,-0.153,0.324,0.129,0.166,0.408,0.467,0.216,-0.002,-0.075,-0.411,0.156,0.036,0.694,0.267,0.425,0.386,0.063,-0.168,-0.102,0.223,0.0,0.732,0.429,0.026,0.223,0.166,-0.101,0.043,0.001,0.246,0.538,0.06,0.1,-0.342,0.123,0.04,0.176,0.38,0.241,0.392,-0.553,0.013,-0.33,-0.116,0.041,0.028,-0.585,0.251,-0.167,0.342,0.542,0.381,0.004,-0.601,-0.043,-0.113,-0.086,0.021,0.682,0.582,0.07,0.126,-0.01,0.026,-0.425,0.015,0.289,0.069,0.073,0.187,0.08,-0.067,-0.028,0.476,0.352,0.265,0.112,-0.019,0.591,-0.186,-0.569,0.305,0.106,0.113,-0.225,0.444,0.162,-0.197,-0.14,0.609,-0.157,-0.011,0.016,0.01,-0.103,0.212,-0.163,-0.118,0.156,0.11,0.286,0.013,-0.201,-0.117,0.76,0.314,-0.227,0.053,0.348,0.04,0.27,-0.372,0.398,0.501,0.682,0.021,0.09,0.5,0.37,0.435,0.277,0.483,0.335,-0.205,0.436,0.385,0.211,-0.01,0.32,0.517,-0.085,-0.067,-0.05,-0.461,-0.116,0.044,0.277,0.524,-0.271,0.043,0.728,0.469,0.336,0.343,0.313,-0.054,0.382,-0.071,0.321,-0.386,-0.005,-0.492,0.142,-0.647,0.228,0.196,0.643,0.031,-0.149,0.405,0.341,0.087,0.235,-0.116,0.137,0.313,-0.018,-0.044,0.183,0.1,0.504,0.004,0.499,0.568,0.182,0.49,0.058,0.235,0.254,0.061,0.162,0.156,0.083,0.288,0.154,0.03,-0.002,0.075,-0.146,-0.356,0.455,0.111,-0.257,0.039,-0.543,0.132,0.379,-0.037
BLNE,0.155,0.22,-0.398,-0.121,-0.227,-0.2,0.558,0.075,-0.163,-0.433,-0.398,-0.442,-0.215,-0.293,0.657,-0.055,0.077,-0.043,0.488,-0.537,-0.444,-0.207,0.732,0.0,0.119,0.081,0.505,-0.204,0.202,-0.21,-0.329,0.627,0.137,-0.217,0.001,-0.541,-0.27,-0.348,-0.133,0.216,-0.017,0.161,-0.313,-0.35,-0.59,0.008,-0.028,-0.179,-0.258,0.065,-0.208,-0.022,0.275,-0.057,-0.358,-0.136,-0.397,-0.455,0.002,-0.321,0.209,0.232,-0.132,-0.282,0.283,-0.345,0.099,-0.437,0.188,0.077,-0.319,0.373,-0.25,0.104,-0.371,0.7,0.561,-0.116,0.07,-0.345,0.729,-0.455,-0.413,0.128,-0.208,0.475,-0.49,0.157,-0.156,0.0,-0.433,0.695,-0.507,-0.364,0.434,-0.342,0.339,0.026,0.279,-0.487,-0.264,-0.273,-0.006,-0.369,-0.186,0.159,0.405,-0.061,-0.415,0.402,0.488,-0.288,0.474,-0.362,0.223,0.392,0.448,0.453,-0.072,0.323,0.048,-0.1,-0.171,0.083,-0.17,-0.43,0.415,-0.033,-0.059,-0.355,0.64,0.185,-0.39,0.236,-0.095,-0.383,-0.36,-0.249,0.499,0.255,0.131,-0.312,0.763,0.061,0.007,-0.157,0.534,-0.4,-0.006,-0.082,0.01,-0.283,-0.367,-0.527,-0.273,-0.422,0.427,0.462,0.176,-0.335,-0.295,-0.007,0.046,-0.354,-0.035,-0.432,-0.223,-0.151,-0.353,0.143,-0.122,0.021,0.054,-0.343,0.383,0.156,-0.203,0.085,-0.253,-0.195,-0.202,-0.294,-0.215,0.45,-0.267,-0.159,-0.288,-0.016,-0.392,0.44,0.181,0.075,0.112,-0.231,-0.348,-0.258,-0.488,0.102,-0.03,-0.33
BLNK,0.913,0.153,0.532,0.925,0.838,0.884,-0.328,0.606,0.83,0.667,0.711,0.481,0.884,0.832,0.279,0.917,0.913,0.901,-0.245,0.635,0.635,0.884,0.429,0.119,0.0,0.473,-0.108,0.702,-0.683,0.818,0.726,-0.505,0.943,0.643,0.571,0.317,0.815,0.836,0.82,0.81,0.699,0.888,-0.301,0.769,0.463,0.103,0.637,0.691,-0.43,0.809,0.409,0.94,0.47,0.757,0.797,-0.756,0.734,0.638,0.553,0.803,0.576,0.722,0.686,0.788,-0.561,0.805,-0.785,0.686,0.264,0.476,0.748,-0.197,0.77,-0.601,0.739,-0.162,0.262,0.904,0.568,0.634,-0.101,0.676,0.074,0.845,0.815,-0.58,0.217,0.898,0.866,-0.681,0.699,0.269,0.706,0.609,-0.559,0.785,-0.662,0.654,-0.423,0.627,0.806,0.789,0.883,0.67,0.183,-0.736,0.574,0.874,0.662,-0.742,-0.066,0.797,-0.399,0.36,0.457,0.21,0.623,-0.582,0.448,0.607,0.949,0.746,0.375,0.601,0.731,0.68,0.329,0.892,0.87,0.742,0.031,0.899,0.752,-0.229,0.593,0.038,0.717,0.823,-0.128,0.862,-0.323,0.827,0.265,0.911,0.567,0.846,-0.119,0.741,0.482,0.036,0.931,0.387,0.751,0.29,0.845,-0.067,0.301,-0.472,0.893,0.809,0.539,0.908,0.592,0.795,0.851,0.731,0.745,0.881,0.743,-0.119,0.891,0.735,0.889,0.768,0.637,0.336,0.868,0.728,0.829,0.914,0.868,0.794,0.733,-0.366,0.784,0.874,0.826,0.599,0.719,-0.352,0.169,-0.836,0.664,0.854,0.508,0.846,-0.045,0.723,0.903,0.659
BTAI,0.247,0.639,0.005,0.357,0.492,0.395,-0.231,-0.275,0.282,0.352,0.533,0.461,0.44,0.471,-0.1,0.643,0.515,0.389,0.253,0.349,0.287,0.322,0.026,0.081,0.473,0.0,0.068,0.537,-0.167,0.717,0.459,-0.146,0.442,0.025,0.857,0.281,0.328,0.392,0.506,0.394,0.031,0.605,0.359,0.456,0.389,0.495,0.571,0.407,-0.197,0.712,0.235,0.548,-0.358,0.517,0.455,-0.138,0.371,0.284,0.55,0.429,-0.107,0.339,0.609,0.471,-0.149,0.469,-0.181,0.319,0.403,0.873,0.512,-0.128,0.476,-0.289,0.373,-0.012,0.456,0.346,0.472,0.165,-0.062,0.37,0.464,0.716,0.229,-0.288,0.245,0.633,0.545,-0.21,0.43,0.185,0.241,0.17,-0.023,0.393,-0.033,0.591,0.054,0.445,0.495,0.255,0.527,0.186,0.299,-0.443,-0.028,0.378,0.428,-0.499,-0.06,0.448,-0.196,0.335,0.431,0.16,0.121,-0.22,0.249,0.479,0.51,0.031,-0.131,-0.171,-0.061,0.451,0.252,0.499,0.664,0.382,0.475,0.487,0.524,0.007,0.749,-0.039,0.465,0.439,-0.38,0.565,0.505,0.46,0.217,0.51,0.18,0.354,0.0,0.351,0.352,0.198,0.423,0.473,0.38,0.391,0.431,0.321,0.416,-0.219,0.25,0.495,0.5,0.376,-0.047,0.317,0.566,0.428,0.373,0.239,0.391,-0.189,0.495,0.661,0.359,0.41,0.551,-0.284,0.394,0.141,0.516,0.482,0.326,0.426,0.328,0.055,0.464,0.353,0.365,0.621,0.33,0.078,0.727,-0.244,0.492,0.494,0.26,0.619,0.398,0.705,0.556,0.405
BYND,-0.166,0.448,-0.37,-0.38,-0.515,-0.382,0.751,-0.129,-0.438,-0.644,-0.434,-0.415,-0.409,-0.399,0.571,-0.187,-0.052,-0.426,0.267,-0.428,-0.715,-0.398,0.223,0.505,-0.108,0.068,0.0,-0.101,0.243,-0.259,-0.569,0.746,-0.098,-0.485,-0.129,-0.752,-0.587,-0.454,0.049,-0.094,-0.169,0.084,-0.215,-0.5,-0.615,0.434,-0.295,-0.116,-0.084,-0.008,-0.569,-0.298,0.105,-0.093,-0.544,0.244,-0.631,-0.711,0.065,-0.541,0.095,0.239,-0.468,-0.413,0.703,-0.527,0.506,-0.569,0.289,0.062,-0.427,0.768,-0.492,0.527,-0.61,0.805,0.768,-0.403,-0.175,-0.688,0.77,-0.574,-0.333,-0.166,-0.427,0.605,-0.391,-0.021,-0.417,0.258,-0.587,0.421,-0.481,-0.753,0.705,-0.557,0.694,-0.154,0.712,-0.645,-0.446,-0.533,-0.321,-0.697,-0.044,0.562,0.148,-0.311,-0.505,0.56,0.804,-0.556,0.755,-0.271,0.283,0.637,0.464,0.644,0.378,0.373,-0.121,-0.33,-0.093,0.005,-0.398,-0.503,0.575,-0.233,-0.119,-0.645,0.602,0.102,-0.453,0.76,0.063,-0.532,-0.356,-0.427,0.562,-0.055,0.207,-0.496,0.66,-0.13,0.112,-0.487,0.848,-0.602,-0.024,-0.219,-0.216,-0.06,-0.628,-0.544,-0.481,0.026,0.698,0.753,-0.123,-0.478,-0.455,-0.321,-0.504,-0.58,-0.405,-0.556,-0.65,-0.444,-0.602,0.67,-0.33,0.109,-0.159,-0.584,0.403,0.252,-0.445,0.053,-0.455,-0.381,-0.235,-0.549,-0.607,0.838,-0.557,-0.472,-0.511,-0.016,-0.663,0.807,0.276,0.49,-0.184,-0.387,-0.511,-0.374,-0.103,-0.067,-0.169,-0.609
CAN,0.634,0.141,0.338,0.698,0.682,0.652,-0.281,0.311,0.623,0.641,0.811,0.325,0.682,0.709,0.007,0.755,0.767,0.624,-0.423,0.621,0.487,0.687,0.166,-0.204,0.702,0.537,-0.101,0.0,-0.498,0.812,0.559,-0.425,0.745,0.192,0.62,0.266,0.585,0.698,0.862,0.356,0.314,0.645,-0.071,0.763,0.567,0.407,0.285,0.685,-0.665,0.734,0.004,0.709,0.022,0.903,0.665,-0.556,0.591,0.487,0.42,0.624,0.476,0.729,0.54,0.773,-0.212,0.704,-0.572,0.686,0.6,0.612,0.848,-0.032,0.635,-0.28,0.594,-0.136,0.173,0.6,0.386,0.344,-0.057,0.467,0.136,0.562,0.423,-0.566,0.476,0.791,0.709,-0.381,0.584,-0.024,0.594,0.359,-0.436,0.567,-0.437,0.699,-0.265,0.668,0.826,0.479,0.64,0.426,0.1,-0.536,0.345,0.667,0.434,-0.724,-0.088,0.585,-0.346,0.273,0.438,0.443,0.449,-0.656,0.518,0.725,0.682,0.602,0.55,0.31,0.47,0.613,0.217,0.813,0.709,0.601,0.036,0.757,0.754,-0.099,0.717,-0.308,0.584,0.576,-0.516,0.661,-0.146,0.672,0.194,0.821,0.518,0.701,-0.032,0.619,0.771,-0.112,0.615,0.244,0.602,0.226,0.742,0.182,0.237,-0.32,0.639,0.743,0.496,0.629,0.117,0.674,0.59,0.639,0.533,0.629,0.559,-0.079,0.615,0.707,0.747,0.632,0.595,0.366,0.6,0.663,0.674,0.809,0.708,0.589,0.508,-0.09,0.683,0.728,0.682,0.585,0.589,-0.184,0.174,-0.607,0.686,0.684,0.213,0.728,0.385,0.45,0.872,0.555
CCEC,-0.66,0.04,-0.49,-0.745,-0.611,-0.739,0.406,-0.46,-0.736,-0.592,-0.554,-0.464,-0.69,-0.656,-0.179,-0.593,-0.679,-0.646,0.432,-0.682,-0.591,-0.731,-0.101,0.202,-0.683,-0.167,0.243,-0.498,0.0,-0.577,-0.626,0.6,-0.606,-0.632,-0.219,-0.382,-0.709,-0.7,-0.608,-0.429,-0.598,-0.511,0.361,-0.658,-0.502,0.099,-0.392,-0.465,0.177,-0.539,-0.308,-0.633,-0.463,-0.532,-0.681,0.609,-0.626,-0.602,-0.344,-0.662,-0.511,-0.496,-0.46,-0.627,0.58,-0.671,0.599,-0.64,-0.026,-0.098,-0.604,0.239,-0.596,0.599,-0.625,0.317,-0.052,-0.749,-0.477,-0.578,0.295,-0.597,-0.181,-0.501,-0.731,0.567,-0.4,-0.591,-0.63,0.63,-0.571,-0.019,-0.683,-0.611,0.641,-0.667,0.632,-0.564,0.54,-0.561,-0.639,-0.699,-0.662,-0.653,-0.15,0.517,-0.429,-0.65,-0.581,0.636,0.215,-0.662,0.44,-0.365,-0.169,-0.035,-0.279,0.555,-0.356,-0.267,-0.641,-0.706,-0.41,-0.504,-0.736,-0.6,-0.094,-0.607,-0.536,-0.601,0.272,-0.587,-0.646,0.186,-0.313,-0.154,-0.605,-0.699,0.082,-0.507,0.393,-0.708,0.053,-0.619,-0.37,-0.635,0.253,-0.662,-0.305,0.001,-0.621,-0.315,-0.624,-0.334,-0.68,0.047,0.036,0.436,-0.632,-0.632,-0.449,-0.612,-0.541,-0.711,-0.584,-0.662,-0.615,-0.701,-0.605,0.102,-0.678,-0.376,-0.674,-0.641,-0.271,-0.306,-0.655,-0.616,-0.639,-0.713,-0.746,-0.665,-0.56,0.459,-0.582,-0.703,-0.713,-0.244,-0.63,0.454,0.126,0.65,-0.332,-0.594,-0.522,-0.68,-0.025,-0.382,-0.643,-0.55
CDW,0.639,0.323,0.53,0.822,0.888,0.848,-0.582,0.272,0.763,0.783,0.921,0.695,0.878,0.918,-0.147,0.904,0.78,0.799,-0.253,0.754,0.754,0.825,0.043,-0.21,0.818,0.717,-0.259,0.812,-0.577,0.0,0.823,-0.631,0.794,0.502,0.791,0.562,0.813,0.876,0.85,0.567,0.496,0.78,0.151,0.915,0.758,0.278,0.692,0.761,-0.357,0.885,0.461,0.886,-0.014,0.78,0.895,-0.475,0.833,0.756,0.653,0.879,0.22,0.526,0.806,0.872,-0.512,0.907,-0.627,0.775,0.347,0.669,0.896,-0.364,0.866,-0.593,0.843,-0.418,0.146,0.765,0.58,0.628,-0.359,0.777,0.478,0.846,0.692,-0.73,0.46,0.861,0.923,-0.533,0.856,-0.051,0.774,0.627,-0.583,0.832,-0.592,0.698,-0.312,0.823,0.893,0.752,0.841,0.686,0.342,-0.792,0.147,0.807,0.802,-0.914,-0.277,0.864,-0.601,0.521,0.444,0.066,0.254,-0.716,0.354,0.505,0.805,0.531,0.321,0.308,0.523,0.851,0.123,0.877,0.87,0.839,0.014,0.753,0.929,-0.26,0.814,0.117,0.836,0.853,-0.527,0.738,-0.056,0.897,-0.017,0.825,0.382,0.782,-0.313,0.822,0.528,0.095,0.819,0.537,0.842,0.572,0.89,0.297,0.199,-0.606,0.623,0.927,0.752,0.764,0.35,0.828,0.843,0.872,0.782,0.752,0.831,-0.254,0.876,0.84,0.734,0.867,0.561,0.016,0.813,0.515,0.908,0.907,0.771,0.838,0.717,-0.39,0.872,0.832,0.84,0.767,0.808,-0.371,0.392,-0.719,0.679,0.899,0.591,0.931,0.423,0.744,0.878,0.819
CDXS,0.616,0.058,0.653,0.845,0.923,0.907,-0.768,0.365,0.836,0.906,0.817,0.758,0.919,0.886,-0.266,0.83,0.651,0.867,-0.299,0.831,0.942,0.854,0.001,-0.329,0.726,0.459,-0.569,0.559,-0.626,0.823,0.0,-0.854,0.688,0.724,0.638,0.794,0.936,0.886,0.593,0.604,0.623,0.639,0.114,0.881,0.831,-0.158,0.775,0.651,-0.097,0.672,0.729,0.845,0.149,0.606,0.952,-0.535,0.942,0.938,0.464,0.93,0.186,0.329,0.834,0.871,-0.808,0.948,-0.76,0.899,0.033,0.426,0.823,-0.654,0.927,-0.752,0.939,-0.682,-0.154,0.875,0.55,0.89,-0.663,0.917,0.406,0.744,0.863,-0.849,0.548,0.659,0.911,-0.58,0.933,-0.164,0.861,0.896,-0.762,0.964,-0.81,0.604,-0.603,0.923,0.853,0.909,0.843,0.928,0.335,-0.881,0.14,0.82,0.894,-0.902,-0.524,0.969,-0.773,0.55,0.28,-0.311,0.068,-0.791,0.15,0.165,0.746,0.644,0.268,0.335,0.679,0.852,-0.061,0.742,0.779,0.932,-0.288,0.569,0.875,-0.529,0.498,0.418,0.859,0.912,-0.487,0.598,-0.232,0.952,-0.297,0.704,0.248,0.842,-0.676,0.903,0.373,0.233,0.793,0.523,0.946,0.697,0.914,0.143,-0.245,-0.814,0.614,0.911,0.786,0.793,0.621,0.933,0.88,0.939,0.938,0.846,0.948,-0.454,0.898,0.528,0.671,0.94,0.207,-0.086,0.916,0.409,0.932,0.865,0.78,0.93,0.878,-0.742,0.933,0.875,0.935,0.606,0.945,-0.725,0.101,-0.764,0.572,0.9,0.749,0.894,0.254,0.648,0.756,0.912
