,ABEO,ACHC,AGNCN,AKAM,AKRO,ALRM,AMAT,AMED,AMRN,ANGI,APA,APOG,APPS,ARCB,ARCC,ARVN,ATEC,ATXS,AVAV,AXON,BANF,BATRK,BIDU,BLNE,BLNK,BTAI,BYND,CAN,CCEC,CDW,CDXS,CELH,CGNX,CHKP,CHRS,CHRW,CIGI,CKPT,CMPR,COGT,CRNC,CRSP,CSTL,CTSH,CVGW,DGLY,DNLI,DOCU,DVAX,EBAY,EHTH,ERII,ESLT,EXPE,EXPO,FBIOP,FFBC,FFIN,FOXF,FWRD,GDS,GERN,GPRE,GRWG,GRYP,HEES,HELE,HIVE,HON,HRTX,HSTM,HURA,IART,IBKR,IBOC,IBRX,IDXX,INGN,INM,INVA,IQ,IRBT,KDP,KPTI,KTOS,KXIN,LAMR,LFUS,LGIH,LGMK,LKFN,LNW,LOPE,LPSN,LYFT,MGNX,MLCO,MNST,MODV,MSTR,MTCH,MYGN,MYRG,NCMI,NEXT,NFLX,NIU,NKTR,NRC,NTNX,NTRA,NVEE,NVMI,NWL,NWS,NXPI,OCGN,OCSL,OKTA,OLLI,OTLK,OXLC,PAA,PARA,PARAA,PDCO,PDFS,PFG,PGEN,PNFP,PODD,POWI,PSMT,PTC,PTEN,PVLA,RDNT,RDUS,RDWR,REGN,RNAC,ROCK,ROST,RRR,RSLS,RVMD,RYAAY,SAFT,SAGE,SAVA,SBGI,SFM,SFNC,SHYF,SIBN,SIFY,SIGI,SIMO,SITM,SLM,SNBR,SNDX,SNY,SPNS,SRRK,STRA,SUPN,SYRE,TCBK,TEAM,TECH,THRM,TLRY,TRMK,TROW,TSLA,TWST,TXN,UFPI,UNIT,UPWK,USLM,UTHR,VERB,VLY,VRNA,VRRM,VXRT,WAFD,WATT,WBA,WING,WIX,WTFC,WTW,XPEL,XRX,YMAB,ZG,ZLAB
ABEO,0.0,-0.004,0.038,0.415,0.522,0.156,0.143,0.425,0.45,0.183,0.321,-0.099,0.397,0.24,0.062,0.795,0.576,0.606,-0.004,0.256,0.092,0.377,0.478,0.334,0.731,0.753,0.156,0.662,0.107,0.629,0.242,0.08,0.678,-0.094,0.734,-0.14,0.228,0.554,0.416,0.369,0.191,0.677,-0.198,0.197,0.106,0.492,0.272,0.487,-0.442,0.213,-0.071,0.46,0.243,0.632,0.275,-0.64,0.175,0.068,0.127,0.419,0.409,0.402,0.255,0.596,0.14,0.414,-0.536,0.426,0.401,0.798,0.407,0.137,0.486,-0.013,0.248,0.306,0.361,0.56,0.415,-0.084,0.207,0.186,-0.194,0.362,0.117,-0.137,-0.117,0.692,0.234,-0.028,0.286,0.175,-0.016,0.031,0.141,0.452,-0.015,0.066,0.204,0.318,0.18,0.226,0.57,-0.035,0.058,-0.224,0.454,0.602,0.074,-0.33,0.296,0.271,0.104,-0.204,0.305,0.376,0.605,-0.076,0.401,0.658,0.87,0.352,0.068,0.315,0.112,0.177,0.511,0.788,0.744,0.25,0.464,0.778,0.194,-0.031,0.313,-0.289,0.493,0.218,-0.322,0.711,0.523,0.4,0.462,0.784,0.517,0.626,0.195,0.194,0.492,-0.254,0.468,-0.306,0.257,-0.253,0.571,0.095,0.444,0.108,0.862,0.466,-0.107,0.771,0.081,0.391,0.534,0.375,0.32,0.634,0.25,-0.029,0.217,0.25,0.16,0.247,0.616,0.191,0.484,0.366,0.186,0.504,0.354,0.284,0.413,0.207,0.302,0.458,0.351,0.491,0.163,0.036,0.19,-0.512,0.689,0.467,-0.151,0.192,0.098,0.699,0.731,0.249
ACHC,-0.004,0.0,0.193,0.246,0.164,0.322,-0.286,0.296,-0.362,0.245,0.396,0.388,0.344,0.38,0.06,0.162,-0.518,0.155,0.162,-0.018,0.164,0.279,-0.131,-0.047,0.28,0.084,0.088,-0.051,-0.4,-0.01,0.209,-0.153,-0.342,0.238,0.145,0.638,0.306,0.074,0.626,0.303,0.024,0.279,0.387,0.438,0.182,-0.271,0.232,0.092,-0.023,0.619,0.211,0.626,-0.126,-0.033,0.259,-0.027,0.212,0.181,0.427,0.201,-0.035,0.327,0.352,-0.007,-0.282,0.21,-0.059,-0.086,-0.067,0.045,0.286,-0.155,-0.229,-0.271,0.183,-0.279,0.289,0.17,-0.442,0.23,-0.042,0.182,0.444,0.311,0.252,-0.252,0.069,0.314,0.437,-0.445,0.157,0.268,0.34,0.08,-0.262,-0.186,-0.266,0.473,0.007,0.013,0.467,0.251,-0.379,0.244,0.432,-0.316,-0.092,0.019,0.521,-0.261,-0.102,0.267,-0.285,0.348,0.199,-0.156,-0.299,-0.359,-0.074,0.077,0.076,-0.02,-0.055,-0.044,0.246,0.291,-0.217,0.062,0.027,0.184,0.16,0.013,0.375,0.025,0.475,0.206,0.019,0.332,0.557,0.314,-0.048,0.105,0.036,0.034,-0.071,0.132,-0.024,0.193,-0.13,0.411,0.307,0.474,0.197,0.326,0.129,0.11,0.255,-0.305,-0.149,0.206,0.614,0.049,0.017,-0.168,0.239,-0.289,0.1,-0.063,0.198,0.024,0.481,0.618,0.452,0.209,0.013,-0.273,0.094,0.032,0.383,0.379,0.331,0.266,-0.11,-0.096,0.278,0.281,0.193,0.243,0.192,0.105,0.414,-0.118,-0.214,0.263,0.367,0.381,-0.059,0.168,0.093,0.214
AGNCN,0.038,0.193,0.0,0.59,0.69,0.687,-0.676,0.19,0.336,0.585,0.615,0.741,0.699,0.722,-0.46,0.408,-0.101,0.589,0.079,0.598,0.745,0.624,-0.566,-0.534,0.442,0.205,-0.452,0.071,-0.505,0.504,0.744,-0.691,0.102,0.579,0.477,0.411,0.735,0.617,0.355,0.421,0.632,0.318,0.518,0.667,0.629,-0.183,0.699,0.649,0.409,0.429,0.681,0.48,-0.414,0.023,0.748,0.285,0.731,0.748,0.554,0.757,-0.681,-0.028,0.612,0.496,-0.517,0.673,-0.285,0.547,-0.313,0.058,0.488,-0.546,-0.033,-0.525,0.758,-0.638,-0.3,0.621,0.033,0.634,-0.717,0.805,0.597,0.583,0.734,-0.728,0.408,0.291,0.619,-0.342,0.797,-0.182,0.76,0.683,-0.605,0.551,-0.561,0.293,-0.273,0.719,0.445,0.756,0.353,0.7,0.481,-0.67,-0.703,0.537,0.689,-0.695,-0.436,0.765,-0.62,0.516,0.014,-0.515,-0.368,-0.418,-0.028,-0.194,0.241,0.275,-0.099,-0.145,0.597,0.734,-0.205,0.237,0.283,0.739,-0.362,0.101,0.667,-0.173,0.425,0.576,0.687,0.776,0.014,0.223,-0.093,0.73,-0.585,0.212,-0.242,0.466,-0.645,0.692,-0.136,0.36,0.629,0.362,0.736,0.554,0.573,0.563,-0.206,-0.61,-0.082,0.663,0.508,0.278,0.383,0.64,0.677,0.52,0.684,0.534,0.732,-0.173,0.673,0.382,0.351,0.728,-0.19,-0.621,0.704,-0.033,0.664,0.588,0.446,0.768,0.507,-0.633,0.684,0.612,0.692,0.573,0.721,-0.448,0.509,-0.37,0.039,0.696,0.636,0.654,0.297,0.552,0.306,0.735
AKAM,0.415,0.246,0.59,0.0,0.902,0.925,-0.68,0.572,0.346,0.781,0.826,0.793,0.929,0.921,-0.238,0.665,-0.029,0.899,0.235,0.532,0.835,0.944,-0.2,-0.376,0.795,0.412,-0.462,0.276,-0.638,0.626,0.86,-0.697,0.339,0.725,0.736,0.406,0.891,0.703,0.534,0.765,0.635,0.687,0.719,0.864,0.646,-0.348,0.85,0.655,0.192,0.807,0.714,0.777,-0.597,0.33,0.903,-0.421,0.899,0.842,0.771,0.864,-0.247,0.383,0.897,0.618,-0.692,0.817,-0.718,0.597,-0.272,0.304,0.765,-0.619,-0.173,-0.621,0.893,-0.59,-0.155,0.852,-0.126,0.786,-0.558,0.842,0.685,0.875,0.858,-0.736,0.484,0.663,0.914,-0.598,0.863,0.079,0.829,0.754,-0.668,0.466,-0.76,0.724,-0.439,0.809,0.787,0.858,0.425,0.814,0.33,-0.866,-0.235,0.629,0.75,-0.837,-0.563,0.914,-0.685,0.674,0.284,-0.362,-0.309,-0.534,-0.044,0.108,0.5,0.632,-0.035,-0.211,0.821,0.831,-0.24,0.523,0.528,0.892,-0.216,0.408,0.878,-0.418,0.723,0.542,0.53,0.906,0.112,0.708,-0.006,0.838,-0.35,0.606,-0.035,0.822,-0.528,0.864,0.079,0.532,0.917,0.516,0.892,0.713,0.728,0.283,0.043,-0.746,0.276,0.818,0.699,0.512,0.536,0.704,0.885,0.467,0.854,0.7,0.893,-0.337,0.906,0.689,0.73,0.91,-0.024,-0.492,0.888,0.402,0.923,0.892,0.756,0.881,0.581,-0.625,0.916,0.9,0.877,0.685,0.879,-0.44,0.76,-0.767,0.167,0.917,0.737,0.934,0.151,0.662,0.629,0.775
AKRO,0.522,0.164,0.69,0.902,0.0,0.833,-0.675,0.537,0.489,0.826,0.852,0.694,0.915,0.87,-0.459,0.777,0.107,0.946,0.073,0.648,0.863,0.909,-0.196,-0.361,0.786,0.515,-0.516,0.419,-0.479,0.737,0.894,-0.714,0.409,0.596,0.81,0.392,0.913,0.869,0.536,0.641,0.573,0.653,0.531,0.844,0.728,-0.151,0.799,0.698,0.072,0.644,0.637,0.792,-0.452,0.406,0.929,-0.383,0.898,0.852,0.601,0.954,-0.277,0.249,0.839,0.76,-0.615,0.913,-0.801,0.741,-0.132,0.44,0.803,-0.622,0.139,-0.651,0.927,-0.56,-0.231,0.914,0.093,0.682,-0.6,0.879,0.549,0.765,0.793,-0.793,0.463,0.663,0.828,-0.455,0.932,-0.1,0.771,0.767,-0.643,0.642,-0.746,0.522,-0.409,0.895,0.72,0.875,0.538,0.764,0.327,-0.834,-0.324,0.745,0.741,-0.907,-0.5,0.928,-0.689,0.469,0.227,-0.355,-0.184,-0.629,-0.043,0.097,0.601,0.635,0.02,-0.072,0.789,0.831,-0.148,0.655,0.636,0.923,-0.206,0.439,0.841,-0.484,0.619,0.449,0.702,0.872,-0.095,0.64,0.019,0.9,-0.377,0.654,0.024,0.903,-0.573,0.878,0.178,0.331,0.855,0.286,0.931,0.514,0.874,0.368,-0.053,-0.686,0.396,0.914,0.585,0.697,0.524,0.814,0.931,0.609,0.916,0.849,0.924,-0.431,0.809,0.575,0.554,0.923,0.058,-0.493,0.941,0.278,0.84,0.911,0.679,0.901,0.726,-0.589,0.928,0.936,0.936,0.717,0.891,-0.547,0.576,-0.828,0.356,0.933,0.604,0.813,0.269,0.732,0.694,0.861
ALRM,0.156,0.322,0.687,0.925,0.833,0.0,-0.788,0.524,0.284,0.793,0.82,0.913,0.919,0.943,-0.276,0.54,-0.174,0.779,0.222,0.551,0.882,0.927,-0.363,-0.472,0.68,0.271,-0.48,0.121,-0.695,0.546,0.89,-0.762,0.206,0.789,0.634,0.461,0.905,0.644,0.497,0.717,0.69,0.618,0.816,0.883,0.695,-0.49,0.863,0.62,0.336,0.833,0.808,0.714,-0.681,0.208,0.918,-0.18,0.929,0.894,0.835,0.828,-0.432,0.31,0.911,0.521,-0.758,0.781,-0.567,0.523,-0.37,0.144,0.721,-0.695,-0.259,-0.69,0.911,-0.707,-0.2,0.792,-0.194,0.866,-0.65,0.878,0.788,0.876,0.921,-0.776,0.578,0.549,0.937,-0.589,0.877,0.01,0.923,0.796,-0.736,0.42,-0.767,0.76,-0.449,0.778,0.789,0.87,0.328,0.881,0.334,-0.876,-0.436,0.556,0.8,-0.822,-0.652,0.935,-0.775,0.784,0.298,-0.497,-0.473,-0.553,-0.128,-0.049,0.33,0.57,-0.034,-0.226,0.822,0.883,-0.373,0.361,0.407,0.897,-0.318,0.255,0.913,-0.383,0.735,0.65,0.498,0.953,0.187,0.545,-0.096,0.837,-0.501,0.463,-0.168,0.68,-0.595,0.886,-0.03,0.607,0.887,0.635,0.903,0.833,0.648,0.349,-0.045,-0.831,0.054,0.777,0.806,0.374,0.519,0.674,0.819,0.453,0.83,0.601,0.912,-0.282,0.927,0.693,0.727,0.926,-0.158,-0.606,0.846,0.328,0.955,0.818,0.748,0.861,0.531,-0.701,0.921,0.845,0.871,0.669,0.909,-0.458,0.804,-0.654,-0.003,0.896,0.838,0.954,0.202,0.559,0.517,0.787
AMAT,0.143,-0.286,-0.676,-0.68,-0.675,-0.788,0.0,-0.271,-0.185,-0.804,-0.72,-0.855,-0.744,-0.786,0.61,-0.223,0.389,-0.555,0.015,-0.478,-0.926,-0.736,0.635,0.673,-0.28,0.045,0.782,0.102,0.637,-0.316,-0.806,0.915,0.174,-0.789,-0.301,-0.654,-0.884,-0.538,-0.236,-0.404,-0.401,-0.153,-0.773,-0.822,-0.786,0.61,-0.622,-0.278,-0.431,-0.578,-0.799,-0.555,0.709,0.115,-0.835,-0.03,-0.897,-0.931,-0.597,-0.753,0.661,0.147,-0.795,-0.319,0.869,-0.685,0.511,-0.489,0.539,0.159,-0.635,0.837,0.239,0.855,-0.856,0.927,0.572,-0.615,0.251,-0.859,0.879,-0.826,-0.855,-0.575,-0.781,0.829,-0.511,-0.116,-0.779,0.522,-0.817,0.348,-0.878,-0.881,0.926,-0.378,0.902,-0.623,0.695,-0.727,-0.681,-0.801,-0.048,-0.899,-0.246,0.835,0.695,-0.301,-0.828,0.814,0.869,-0.841,0.984,-0.72,0.119,0.8,0.77,0.745,0.493,0.448,-0.004,-0.315,0.143,0.396,-0.832,-0.872,0.753,-0.097,-0.1,-0.86,0.639,0.225,-0.822,0.662,-0.435,-0.792,-0.361,-0.811,-0.175,-0.177,0.429,-0.702,0.819,-0.049,0.373,-0.531,0.81,-0.879,0.29,-0.563,-0.553,-0.574,-0.868,-0.804,-0.544,-0.239,0.442,0.93,0.317,-0.649,-0.819,-0.122,-0.605,-0.554,-0.584,-0.391,-0.816,-0.459,-0.857,0.501,-0.746,-0.429,-0.444,-0.855,0.528,0.837,-0.616,0.077,-0.806,-0.623,-0.451,-0.759,-0.5,0.851,-0.804,-0.721,-0.742,-0.391,-0.895,0.739,-0.466,0.644,0.28,-0.67,-0.846,-0.767,-0.216,-0.193,-0.129,-0.766
AMED,0.425,0.296,0.19,0.572,0.537,0.524,-0.271,0.0,0.078,0.232,0.345,0.419,0.474,0.496,0.129,0.384,-0.121,0.632,0.601,-0.12,0.374,0.506,0.292,0.247,0.618,0.217,-0.105,-0.019,-0.306,0.255,0.386,-0.165,0.199,0.482,0.454,0.202,0.504,0.247,0.253,0.75,0.379,0.551,0.417,0.414,0.035,-0.319,0.641,0.317,0.028,0.59,0.444,0.598,-0.158,0.039,0.408,-0.38,0.433,0.372,0.559,0.444,-0.098,0.398,0.616,0.152,-0.422,0.315,-0.477,0.034,-0.247,0.166,0.257,-0.306,-0.136,-0.459,0.427,-0.185,0.157,0.463,-0.114,0.447,-0.047,0.353,0.405,0.683,0.49,-0.315,-0.072,0.506,0.594,-0.482,0.362,0.464,0.291,0.331,-0.285,0.12,-0.438,0.487,-0.174,0.254,0.387,0.445,0.219,0.405,0.15,-0.554,0.076,0.323,0.385,-0.349,-0.225,0.48,-0.313,0.431,0.156,-0.21,-0.091,-0.139,-0.202,0.187,0.333,0.275,-0.32,-0.054,0.392,0.371,-0.069,0.285,0.264,0.438,0.189,0.291,0.381,-0.25,0.402,0.325,0.103,0.482,0.269,0.692,0.101,0.351,0.092,0.385,-0.114,0.458,-0.103,0.356,-0.08,0.437,0.68,0.392,0.426,0.382,0.258,-0.184,0.259,-0.417,0.25,0.331,0.396,0.519,0.571,0.19,0.674,0.046,0.516,0.319,0.44,-0.21,0.631,0.539,0.523,0.463,0.1,-0.355,0.498,0.136,0.543,0.479,0.298,0.486,0.284,-0.315,0.514,0.523,0.381,0.425,0.395,-0.043,0.667,-0.555,0.11,0.495,0.477,0.505,-0.319,0.526,0.299,0.349
AMRN,0.45,-0.362,0.336,0.346,0.489,0.284,-0.185,0.078,0.0,0.303,0.278,0.073,0.414,0.249,-0.157,0.577,0.713,0.444,-0.327,0.56,0.346,0.396,0.037,-0.001,0.456,0.595,-0.147,0.512,-0.015,0.775,0.431,-0.176,0.731,0.026,0.587,-0.377,0.307,0.629,0.048,0.106,0.443,0.387,-0.148,0.228,0.44,0.376,0.274,0.523,-0.045,0.042,0.143,0.02,-0.021,0.511,0.418,-0.142,0.366,0.324,0.104,0.492,-0.105,-0.024,0.223,0.644,0.05,0.504,-0.302,0.602,0.23,0.565,0.421,-0.052,0.54,-0.269,0.448,0.057,-0.075,0.535,0.718,0.091,-0.206,0.372,-0.068,0.298,0.243,-0.234,0.213,0.364,0.204,0.191,0.491,-0.412,0.193,0.359,-0.066,0.784,-0.089,0.037,0.119,0.518,0.027,0.32,0.82,0.152,-0.189,-0.281,-0.048,0.669,0.057,-0.441,-0.108,0.378,-0.195,-0.067,0.173,0.076,0.325,-0.107,0.204,0.23,0.588,0.365,0.196,0.238,0.219,0.421,0.21,0.576,0.663,0.411,-0.014,0.523,0.288,-0.139,0.174,-0.08,0.643,0.35,-0.723,0.299,0.285,0.659,-0.067,0.575,0.276,0.433,-0.154,0.445,0.406,-0.429,0.357,-0.405,0.418,-0.104,0.629,0.379,0.044,-0.049,0.502,0.53,-0.139,0.458,0.187,0.732,0.433,0.882,0.461,0.759,0.427,-0.09,0.136,-0.064,-0.121,0.433,0.248,-0.051,0.496,0.317,0.236,0.312,0.152,0.261,0.658,-0.054,0.352,0.408,0.473,0.589,0.364,-0.268,0.094,-0.404,0.512,0.472,-0.012,0.179,0.539,0.446,0.576,0.449
ANGI,0.183,0.245,0.585,0.781,0.826,0.793,-0.804,0.232,0.303,0.0,0.843,0.708,0.853,0.797,-0.604,0.536,-0.119,0.717,-0.146,0.705,0.892,0.863,-0.409,-0.61,0.491,0.298,-0.675,0.295,-0.505,0.53,0.876,-0.861,0.133,0.547,0.58,0.584,0.873,0.737,0.488,0.364,0.383,0.404,0.633,0.876,0.903,-0.343,0.61,0.469,0.113,0.604,0.631,0.685,-0.614,0.355,0.905,-0.279,0.895,0.891,0.45,0.815,-0.303,0.088,0.746,0.671,-0.7,0.877,-0.742,0.768,-0.126,0.219,0.86,-0.748,0.021,-0.637,0.878,-0.767,-0.433,0.754,-0.146,0.711,-0.754,0.825,0.611,0.559,0.728,-0.799,0.704,0.465,0.781,-0.409,0.881,-0.27,0.84,0.835,-0.794,0.477,-0.814,0.584,-0.595,0.869,0.831,0.855,0.245,0.838,0.325,-0.779,-0.475,0.571,0.786,-0.896,-0.673,0.879,-0.807,0.499,0.269,-0.476,-0.478,-0.834,-0.19,-0.15,0.317,0.622,0.229,-0.141,0.87,0.808,-0.414,0.468,0.411,0.895,-0.441,0.175,0.881,-0.603,0.55,0.478,0.557,0.809,0.015,0.33,-0.231,0.806,-0.59,0.43,-0.073,0.807,-0.734,0.902,0.148,0.412,0.643,0.377,0.914,0.602,0.812,0.379,-0.317,-0.764,0.143,0.854,0.731,0.39,0.354,0.731,0.691,0.477,0.81,0.697,0.89,-0.571,0.703,0.523,0.552,0.883,-0.164,-0.498,0.767,0.229,0.8,0.816,0.688,0.824,0.591,-0.659,0.896,0.853,0.919,0.528,0.925,-0.687,0.376,-0.703,0.173,0.823,0.602,0.786,0.42,0.401,0.535,0.872
APA,0.321,0.396,0.615,0.826,0.852,0.82,-0.72,0.345,0.278,0.843,0.0,0.713,0.877,0.901,-0.484,0.645,-0.059,0.728,-0.143,0.619,0.794,0.885,-0.363,-0.511,0.676,0.457,-0.45,0.494,-0.568,0.648,0.794,-0.705,0.218,0.494,0.69,0.513,0.841,0.8,0.739,0.416,0.423,0.549,0.603,0.947,0.823,-0.172,0.584,0.641,-0.071,0.758,0.49,0.788,-0.589,0.458,0.897,-0.252,0.852,0.795,0.675,0.874,-0.188,0.34,0.805,0.687,-0.548,0.879,-0.621,0.659,-0.037,0.406,0.907,-0.53,0.051,-0.591,0.86,-0.606,-0.189,0.746,-0.128,0.601,-0.522,0.778,0.656,0.667,0.663,-0.799,0.575,0.653,0.848,-0.478,0.858,-0.192,0.845,0.625,-0.682,0.412,-0.685,0.658,-0.347,0.808,0.869,0.746,0.284,0.702,0.331,-0.76,-0.377,0.6,0.773,-0.929,-0.529,0.847,-0.737,0.51,0.261,-0.255,-0.327,-0.781,-0.016,0.144,0.424,0.555,0.246,-0.068,0.756,0.862,-0.319,0.604,0.489,0.86,-0.234,0.345,0.933,-0.371,0.831,0.361,0.584,0.846,0.052,0.522,-0.016,0.791,-0.388,0.571,0.047,0.763,-0.464,0.865,0.231,0.355,0.726,0.397,0.872,0.575,0.819,0.458,0.011,-0.671,0.192,0.895,0.728,0.515,0.271,0.677,0.736,0.446,0.754,0.631,0.837,-0.282,0.776,0.721,0.607,0.871,0.048,-0.403,0.737,0.37,0.846,0.915,0.756,0.79,0.465,-0.472,0.896,0.901,0.864,0.655,0.842,-0.421,0.567,-0.728,0.2,0.854,0.597,0.836,0.437,0.499,0.673,0.823
APOG,-0.099,0.388,0.741,0.793,0.694,0.913,-0.855,0.419,0.073,0.708,0.713,0.0,0.8,0.873,-0.347,0.293,-0.432,0.62,0.295,0.429,0.861,0.779,-0.584,-0.597,0.482,-0.004,-0.542,-0.146,-0.756,0.3,0.796,-0.803,-0.118,0.889,0.384,0.605,0.874,0.492,0.371,0.671,0.624,0.392,0.875,0.817,0.614,-0.645,0.799,0.448,0.559,0.738,0.867,0.642,-0.696,-0.129,0.82,0.044,0.881,0.885,0.835,0.729,-0.617,0.139,0.85,0.278,-0.859,0.656,-0.4,0.342,-0.607,-0.156,0.545,-0.737,-0.444,-0.728,0.836,-0.835,-0.362,0.65,-0.329,0.907,-0.758,0.869,0.905,0.744,0.926,-0.773,0.523,0.29,0.846,-0.623,0.797,-0.013,0.937,0.804,-0.811,0.283,-0.812,0.71,-0.536,0.668,0.706,0.811,0.098,0.896,0.352,-0.818,-0.595,0.296,0.849,-0.72,-0.737,0.858,-0.831,0.898,0.062,-0.69,-0.687,-0.507,-0.275,-0.327,0.087,0.391,-0.234,-0.413,0.778,0.852,-0.548,0.044,0.161,0.824,-0.504,-0.045,0.839,-0.405,0.592,0.836,0.348,0.894,0.388,0.319,-0.249,0.7,-0.694,0.139,-0.34,0.484,-0.661,0.82,-0.314,0.746,0.747,0.751,0.825,0.926,0.442,0.321,-0.165,-0.9,-0.259,0.6,0.858,0.137,0.561,0.48,0.679,0.285,0.737,0.39,0.837,-0.244,0.888,0.628,0.629,0.844,-0.438,-0.759,0.702,0.102,0.895,0.666,0.6,0.816,0.39,-0.815,0.816,0.695,0.723,0.49,0.845,-0.476,0.756,-0.517,-0.31,0.737,0.955,0.908,0.042,0.401,0.202,0.693
APPS,0.397,0.344,0.699,0.929,0.915,0.919,-0.744,0.474,0.414,0.853,0.877,0.8,0.0,0.926,-0.376,0.742,0.02,0.874,0.052,0.652,0.875,0.951,-0.291,-0.405,0.794,0.512,-0.455,0.331,-0.589,0.708,0.928,-0.728,0.344,0.658,0.796,0.44,0.923,0.81,0.592,0.654,0.669,0.698,0.657,0.898,0.795,-0.264,0.822,0.703,0.185,0.775,0.728,0.783,-0.529,0.376,0.953,-0.283,0.926,0.877,0.751,0.926,-0.338,0.281,0.894,0.704,-0.655,0.907,-0.671,0.692,-0.184,0.387,0.836,-0.625,0.001,-0.677,0.939,-0.62,-0.151,0.903,-0.015,0.739,-0.616,0.889,0.672,0.828,0.854,-0.8,0.538,0.669,0.906,-0.524,0.934,-0.076,0.862,0.79,-0.668,0.583,-0.729,0.681,-0.353,0.852,0.784,0.898,0.468,0.813,0.381,-0.876,-0.355,0.704,0.807,-0.908,-0.546,0.96,-0.738,0.608,0.314,-0.391,-0.3,-0.622,-0.027,0.067,0.573,0.578,0.032,-0.104,0.802,0.898,-0.231,0.575,0.61,0.928,-0.216,0.425,0.917,-0.403,0.752,0.512,0.69,0.959,0.032,0.63,0.015,0.917,-0.395,0.604,0.002,0.814,-0.566,0.907,0.124,0.418,0.89,0.424,0.939,0.65,0.844,0.436,0.005,-0.735,0.271,0.901,0.718,0.536,0.473,0.779,0.884,0.566,0.869,0.769,0.935,-0.305,0.89,0.682,0.616,0.942,0.003,-0.549,0.898,0.339,0.918,0.9,0.78,0.886,0.612,-0.594,0.942,0.931,0.923,0.774,0.91,-0.497,0.678,-0.76,0.209,0.965,0.703,0.905,0.331,0.694,0.677,0.879
ARCB,0.24,0.38,0.722,0.921,0.87,0.943,-0.786,0.496,0.249,0.797,0.901,0.873,0.926,0.0,-0.373,0.578,-0.184,0.805,0.161,0.537,0.871,0.918,-0.393,-0.499,0.706,0.326,-0.479,0.225,-0.691,0.579,0.87,-0.766,0.173,0.739,0.655,0.538,0.916,0.71,0.622,0.661,0.585,0.588,0.779,0.936,0.729,-0.388,0.808,0.67,0.205,0.83,0.721,0.787,-0.677,0.252,0.939,-0.166,0.918,0.877,0.824,0.902,-0.389,0.313,0.908,0.557,-0.709,0.825,-0.585,0.556,-0.313,0.221,0.783,-0.654,-0.191,-0.69,0.913,-0.71,-0.185,0.783,-0.227,0.788,-0.622,0.867,0.806,0.844,0.844,-0.836,0.499,0.604,0.942,-0.618,0.889,-0.025,0.916,0.725,-0.743,0.394,-0.775,0.72,-0.422,0.796,0.843,0.861,0.284,0.843,0.432,-0.886,-0.471,0.584,0.856,-0.891,-0.604,0.932,-0.775,0.704,0.203,-0.444,-0.451,-0.65,-0.079,0.031,0.356,0.495,-0.022,-0.194,0.82,0.892,-0.36,0.455,0.412,0.908,-0.273,0.258,0.937,-0.358,0.788,0.596,0.559,0.94,0.219,0.578,-0.101,0.813,-0.47,0.47,-0.142,0.717,-0.575,0.873,-0.001,0.585,0.855,0.605,0.908,0.776,0.71,0.369,-0.037,-0.801,0.063,0.832,0.799,0.442,0.487,0.656,0.839,0.41,0.837,0.592,0.898,-0.257,0.929,0.757,0.715,0.924,-0.07,-0.587,0.82,0.268,0.944,0.886,0.769,0.899,0.468,-0.661,0.925,0.886,0.866,0.682,0.896,-0.462,0.758,-0.693,0.058,0.889,0.796,0.949,0.238,0.588,0.545,0.824
ARCC,0.062,0.06,-0.46,-0.238,-0.459,-0.276,0.61,0.129,-0.157,-0.604,-0.484,-0.347,-0.376,-0.373,0.0,-0.191,0.08,-0.279,0.425,-0.489,-0.596,-0.337,0.527,0.584,-0.025,-0.079,0.612,-0.158,0.14,-0.246,-0.493,0.662,0.129,-0.297,-0.164,-0.427,-0.521,-0.548,-0.133,0.111,0.014,0.1,-0.196,-0.453,-0.654,0.116,-0.136,-0.105,-0.062,-0.062,-0.295,-0.281,0.342,-0.047,-0.506,-0.11,-0.526,-0.575,-0.022,-0.523,0.35,0.366,-0.302,-0.325,0.428,-0.532,0.415,-0.538,0.123,-0.054,-0.483,0.508,-0.243,0.503,-0.523,0.595,0.618,-0.381,-0.022,-0.339,0.664,-0.524,-0.347,-0.014,-0.311,0.567,-0.378,0.092,-0.236,0.089,-0.561,0.657,-0.465,-0.528,0.56,-0.391,0.543,-0.022,0.495,-0.585,-0.356,-0.435,-0.055,-0.448,-0.105,0.364,0.584,-0.207,-0.459,0.588,0.48,-0.467,0.599,-0.122,0.151,0.448,0.384,0.684,0.27,0.385,-0.025,-0.149,-0.048,0.09,-0.437,-0.474,0.395,-0.168,-0.151,-0.528,0.532,0.196,-0.447,0.556,-0.079,-0.372,-0.424,-0.362,0.194,0.154,0.33,-0.415,0.686,0.012,0.123,-0.376,0.596,-0.551,0.087,-0.049,-0.067,0.014,-0.552,-0.218,-0.511,-0.262,0.531,0.456,0.103,-0.506,-0.321,-0.17,-0.235,-0.453,-0.234,-0.343,-0.511,-0.392,-0.524,0.429,-0.19,-0.042,0.102,-0.495,0.279,0.451,-0.364,0.19,-0.279,-0.355,-0.187,-0.438,-0.382,0.452,-0.446,-0.429,-0.496,-0.168,-0.547,0.66,0.164,0.466,-0.029,-0.333,-0.269,-0.272,-0.406,-0.029,-0.087,-0.534
ARVN,0.795,0.162,0.408,0.665,0.777,0.54,-0.223,0.384,0.577,0.536,0.645,0.293,0.742,0.578,-0.191,0.0,0.517,0.77,-0.146,0.663,0.453,0.701,0.11,-0.018,0.862,0.873,0.002,0.698,-0.17,0.858,0.624,-0.296,0.69,0.176,0.893,0.035,0.545,0.854,0.624,0.484,0.461,0.837,0.081,0.525,0.515,0.325,0.543,0.68,-0.208,0.471,0.229,0.635,-0.039,0.698,0.654,-0.476,0.536,0.435,0.376,0.721,0.133,0.389,0.512,0.824,-0.136,0.749,-0.62,0.674,0.294,0.838,0.69,-0.141,0.485,-0.281,0.601,-0.049,0.249,0.827,0.395,0.214,-0.161,0.581,0.109,0.593,0.471,-0.436,0.232,0.774,0.536,-0.179,0.662,-0.088,0.428,0.353,-0.147,0.681,-0.27,0.26,0.086,0.623,0.447,0.572,0.662,0.301,0.235,-0.482,0.085,0.788,0.43,-0.664,0.016,0.62,-0.23,0.062,0.479,0.134,0.365,-0.339,0.386,0.495,0.927,0.493,0.16,0.316,0.416,0.557,0.338,0.861,0.936,0.571,0.211,0.788,0.563,-0.126,0.601,-0.011,0.769,0.599,-0.346,0.686,0.426,0.743,0.105,0.846,0.455,0.76,-0.09,0.569,0.434,-0.116,0.705,-0.088,0.608,0.055,0.847,0.427,0.365,-0.214,0.757,0.799,0.201,0.818,0.146,0.685,0.723,0.634,0.569,0.843,0.616,-0.09,0.515,0.463,0.334,0.595,0.521,-0.086,0.781,0.455,0.523,0.753,0.63,0.558,0.615,-0.048,0.61,0.702,0.715,0.765,0.518,-0.187,0.409,-0.641,0.596,0.794,0.153,0.514,0.411,0.82,0.874,0.581
ATEC,0.576,-0.518,-0.101,-0.029,0.107,-0.174,0.389,-0.121,0.713,-0.119,-0.059,-0.432,0.02,-0.184,0.08,0.517,0.0,0.122,-0.433,0.337,-0.189,0.012,0.357,0.332,0.307,0.673,0.336,0.645,0.364,0.574,-0.043,0.318,0.844,-0.44,0.419,-0.748,-0.213,0.383,-0.009,-0.155,0.156,0.347,-0.605,-0.238,0.043,0.779,-0.108,0.308,-0.347,-0.273,-0.351,-0.253,0.399,0.617,-0.047,-0.219,-0.14,-0.215,-0.241,0.082,0.348,0.031,-0.221,0.5,0.534,0.148,-0.06,0.355,0.585,0.723,0.101,0.427,0.746,0.254,-0.041,0.576,0.306,0.213,0.771,-0.426,0.304,-0.076,-0.563,-0.07,-0.214,0.235,-0.093,0.298,-0.243,0.451,0.039,-0.262,-0.275,-0.188,0.49,0.507,0.433,-0.343,0.506,0.092,-0.294,-0.122,0.761,-0.383,-0.259,0.239,0.368,0.454,-0.38,-0.009,0.424,-0.095,0.38,-0.54,0.258,0.566,0.801,0.253,0.517,0.493,0.657,0.125,0.302,0.539,-0.25,-0.085,0.639,0.585,0.656,-0.083,0.352,0.683,-0.157,0.221,0.041,-0.532,0.454,-0.101,-0.8,0.203,0.573,0.212,0.416,0.554,0.566,0.162,0.359,-0.045,0.568,-0.785,0.032,-0.738,-0.06,-0.584,0.365,0.25,0.365,0.491,0.727,0.212,-0.597,0.465,-0.22,0.425,0.051,0.598,-0.046,0.467,-0.051,0.202,-0.295,-0.235,-0.378,-0.063,0.622,0.435,0.159,0.38,-0.227,0.016,0.019,-0.189,0.306,0.496,-0.103,-0.003,0.053,0.285,-0.148,0.124,-0.209,-0.104,0.656,0.128,-0.525,-0.25,0.461,0.345,0.541,-0.002
ATXS,0.606,0.155,0.589,0.899,0.946,0.779,-0.555,0.632,0.444,0.717,0.728,0.62,0.874,0.805,-0.279,0.77,0.122,0.0,0.241,0.499,0.778,0.848,0.014,-0.193,0.813,0.522,-0.437,0.336,-0.417,0.674,0.844,-0.588,0.458,0.591,0.84,0.32,0.851,0.75,0.451,0.739,0.607,0.694,0.52,0.745,0.566,-0.177,0.847,0.664,0.084,0.634,0.645,0.779,-0.373,0.374,0.841,-0.475,0.819,0.768,0.595,0.885,-0.218,0.313,0.83,0.697,-0.579,0.818,-0.812,0.65,-0.166,0.43,0.687,-0.578,0.068,-0.584,0.85,-0.46,-0.147,0.876,0.086,0.655,-0.482,0.793,0.483,0.816,0.757,-0.701,0.339,0.682,0.799,-0.455,0.837,0.085,0.65,0.713,-0.54,0.593,-0.682,0.509,-0.367,0.809,0.645,0.834,0.569,0.717,0.342,-0.825,-0.168,0.723,0.653,-0.792,-0.422,0.874,-0.569,0.456,0.258,-0.312,-0.108,-0.467,-0.051,0.143,0.634,0.614,-0.075,-0.087,0.723,0.713,-0.05,0.636,0.621,0.849,-0.094,0.49,0.727,-0.457,0.557,0.416,0.629,0.816,-0.042,0.734,0.063,0.831,-0.231,0.667,0.026,0.897,-0.51,0.76,0.179,0.378,0.875,0.287,0.848,0.482,0.787,0.214,-0.003,-0.622,0.469,0.813,0.51,0.701,0.58,0.737,0.948,0.527,0.887,0.805,0.851,-0.427,0.815,0.554,0.575,0.849,0.089,-0.449,0.917,0.269,0.798,0.85,0.65,0.865,0.686,-0.551,0.866,0.89,0.854,0.7,0.811,-0.474,0.603,-0.787,0.387,0.891,0.569,0.778,0.093,0.783,0.673,0.784
AVAV,-0.004,0.162,0.079,0.235,0.073,0.222,0.015,0.601,-0.327,-0.146,-0.143,0.295,0.052,0.161,0.425,-0.146,-0.433,0.241,0.0,-0.454,0.062,0.058,0.214,0.268,0.201,-0.268,0.002,-0.518,-0.197,-0.297,0.051,0.037,-0.133,0.429,-0.047,0.194,0.141,-0.315,-0.117,0.654,0.322,0.143,0.421,0.022,-0.385,-0.487,0.483,0.058,0.338,0.273,0.417,0.228,-0.072,-0.427,-0.002,-0.088,0.071,0.08,0.369,-0.014,-0.221,0.223,0.248,-0.316,-0.322,-0.134,-0.029,-0.354,-0.468,-0.347,-0.289,-0.206,-0.587,-0.102,0.04,-0.104,0.093,0.026,-0.376,0.345,0.025,0.064,0.24,0.394,0.342,0.006,-0.202,0.118,0.252,-0.457,-0.029,0.795,0.048,0.106,-0.088,-0.288,-0.189,0.217,-0.131,-0.103,0.056,0.178,-0.085,0.261,0.251,-0.257,0.044,-0.081,0.161,0.177,-0.052,0.128,0.014,0.423,-0.036,-0.252,-0.218,0.308,-0.195,-0.079,-0.136,-0.003,-0.513,-0.278,0.112,-0.07,0.023,-0.288,-0.238,0.065,0.14,-0.076,-0.022,0.033,-0.007,0.372,-0.239,0.154,0.6,0.28,-0.073,-0.09,0.08,-0.105,-0.406,-0.022,-0.105,-0.073,-0.381,0.63,0.354,0.518,0.018,0.383,-0.299,-0.296,0.063,-0.217,-0.1,-0.189,0.222,-0.031,0.426,-0.227,0.296,-0.377,0.128,-0.18,0.047,-0.047,0.373,0.267,0.414,0.061,-0.166,-0.265,0.137,-0.098,0.231,0.011,0.049,0.252,-0.132,-0.318,0.113,0.039,-0.048,0.002,0.05,0.118,0.497,0.045,-0.176,0.048,0.385,0.248,-0.704,0.268,-0.213,-0.031
AXON,0.256,-0.018,0.598,0.532,0.648,0.551,-0.478,-0.12,0.56,0.705,0.619,0.429,0.652,0.537,-0.489,0.663,0.337,0.499,-0.454,0.0,0.604,0.651,-0.473,-0.572,0.432,0.501,-0.328,0.511,-0.311,0.715,0.693,-0.636,0.405,0.235,0.576,0.17,0.549,0.818,0.435,0.151,0.411,0.447,0.194,0.546,0.784,0.173,0.431,0.578,0.129,0.256,0.327,0.353,-0.261,0.502,0.705,-0.124,0.621,0.597,0.205,0.663,-0.213,0.027,0.376,0.795,-0.288,0.75,-0.446,0.833,0.133,0.447,0.674,-0.379,0.359,-0.275,0.649,-0.398,-0.161,0.695,0.296,0.361,-0.606,0.719,0.251,0.343,0.532,-0.519,0.579,0.363,0.421,-0.093,0.743,-0.504,0.653,0.557,-0.384,0.701,-0.396,0.167,-0.166,0.75,0.436,0.637,0.468,0.476,0.267,-0.405,-0.38,0.649,0.506,-0.703,-0.24,0.628,-0.431,0.169,0.298,-0.178,-0.015,-0.499,0.305,0.031,0.538,0.494,0.318,0.078,0.532,0.636,0.009,0.554,0.645,0.619,-0.295,0.382,0.62,-0.199,0.403,0.193,0.783,0.597,-0.399,0.176,0.099,0.759,-0.415,0.514,0.249,0.601,-0.453,0.687,0.277,-0.069,0.476,-0.023,0.664,0.227,0.779,0.69,-0.088,-0.366,0.323,0.777,0.274,0.418,0.024,0.775,0.487,0.729,0.531,0.742,0.672,-0.22,0.39,0.225,0.229,0.625,0.11,-0.216,0.704,0.261,0.479,0.608,0.576,0.559,0.628,-0.305,0.571,0.56,0.768,0.536,0.638,-0.465,0.187,-0.419,0.306,0.703,0.251,0.497,0.687,0.489,0.606,0.643
BANF,0.092,0.164,0.745,0.835,0.863,0.882,-0.926,0.374,0.346,0.892,0.794,0.861,0.875,0.871,-0.596,0.453,-0.189,0.778,0.062,0.604,0.0,0.862,-0.491,-0.614,0.493,0.162,-0.757,0.074,-0.605,0.501,0.942,-0.917,0.1,0.786,0.546,0.552,0.964,0.7,0.305,0.542,0.559,0.362,0.758,0.872,0.825,-0.498,0.779,0.496,0.364,0.616,0.842,0.642,-0.672,0.099,0.943,-0.132,0.982,0.996,0.624,0.888,-0.578,-0.018,0.868,0.542,-0.842,0.84,-0.677,0.669,-0.43,0.046,0.73,-0.853,-0.124,-0.809,0.967,-0.86,-0.53,0.789,-0.127,0.88,-0.868,0.928,0.769,0.697,0.876,-0.88,0.594,0.34,0.851,-0.525,0.944,-0.251,0.902,0.945,-0.878,0.53,-0.904,0.609,-0.655,0.894,0.735,0.919,0.315,0.952,0.313,-0.895,-0.619,0.537,0.828,-0.891,-0.795,0.959,-0.914,0.682,0.058,-0.685,-0.592,-0.715,-0.348,-0.302,0.231,0.527,-0.06,-0.307,0.889,0.893,-0.521,0.311,0.324,0.968,-0.544,0.044,0.881,-0.653,0.506,0.726,0.551,0.908,0.056,0.35,-0.307,0.853,-0.732,0.305,-0.284,0.732,-0.831,0.946,-0.1,0.532,0.726,0.495,0.973,0.762,0.719,0.307,-0.391,-0.898,-0.03,0.802,0.758,0.347,0.63,0.753,0.776,0.533,0.944,0.671,0.967,-0.544,0.824,0.487,0.518,0.964,-0.352,-0.749,0.827,0.091,0.887,0.762,0.591,0.899,0.64,-0.845,0.928,0.859,0.901,0.552,0.987,-0.745,0.527,-0.733,0.002,0.84,0.808,0.849,0.252,0.44,0.375,0.883
BATRK,0.377,0.279,0.624,0.944,0.909,0.927,-0.736,0.506,0.396,0.863,0.885,0.779,0.951,0.918,-0.337,0.701,0.012,0.848,0.058,0.651,0.862,0.0,-0.291,-0.433,0.768,0.469,-0.481,0.346,-0.602,0.692,0.889,-0.749,0.354,0.646,0.723,0.421,0.891,0.783,0.592,0.66,0.591,0.659,0.676,0.905,0.786,-0.289,0.799,0.643,0.134,0.787,0.684,0.765,-0.592,0.406,0.951,-0.362,0.921,0.862,0.713,0.893,-0.285,0.308,0.864,0.705,-0.664,0.873,-0.718,0.68,-0.163,0.369,0.842,-0.63,-0.031,-0.643,0.919,-0.621,-0.169,0.876,-0.097,0.745,-0.602,0.86,0.666,0.827,0.842,-0.762,0.547,0.667,0.914,-0.541,0.908,-0.057,0.869,0.771,-0.687,0.516,-0.759,0.703,-0.424,0.829,0.823,0.891,0.42,0.816,0.358,-0.846,-0.318,0.675,0.786,-0.909,-0.585,0.93,-0.732,0.594,0.319,-0.368,-0.317,-0.657,-0.028,0.122,0.52,0.588,0.085,-0.101,0.842,0.884,-0.269,0.596,0.575,0.925,-0.218,0.408,0.932,-0.424,0.743,0.488,0.615,0.928,0.026,0.621,-0.024,0.88,-0.385,0.619,0.034,0.839,-0.543,0.928,0.139,0.437,0.881,0.465,0.931,0.661,0.82,0.397,0.024,-0.74,0.269,0.907,0.705,0.546,0.435,0.769,0.852,0.542,0.848,0.74,0.924,-0.382,0.865,0.705,0.695,0.933,0.029,-0.5,0.881,0.377,0.909,0.914,0.794,0.866,0.604,-0.592,0.932,0.918,0.924,0.692,0.909,-0.486,0.682,-0.768,0.2,0.943,0.683,0.908,0.336,0.643,0.673,0.84
BIDU,0.478,-0.131,-0.566,-0.2,-0.196,-0.363,0.635,0.292,0.037,-0.409,-0.363,-0.584,-0.291,-0.393,0.527,0.11,0.357,0.014,0.214,-0.473,-0.491,-0.291,0.0,0.846,0.12,0.27,0.451,0.154,0.517,-0.036,-0.375,0.681,0.395,-0.451,0.17,-0.462,-0.395,-0.271,-0.147,-0.002,-0.141,0.206,-0.439,-0.412,-0.542,0.303,-0.186,-0.126,-0.527,-0.14,-0.403,-0.097,0.446,0.284,-0.42,-0.401,-0.451,-0.509,-0.288,-0.342,0.619,0.296,-0.241,-0.058,0.484,-0.314,-0.046,-0.27,0.424,0.338,-0.245,0.43,0.233,0.369,-0.403,0.679,0.466,-0.202,0.257,-0.452,0.737,-0.527,-0.586,-0.044,-0.44,0.48,-0.405,0.241,-0.276,0.292,-0.438,0.437,-0.644,-0.444,0.565,-0.129,0.474,-0.2,0.394,-0.383,-0.303,-0.407,0.188,-0.492,-0.289,0.264,0.74,0.044,-0.559,0.409,0.511,-0.376,0.561,-0.465,0.349,0.572,0.614,0.427,0.095,0.494,0.237,0.004,0.085,0.387,-0.424,-0.514,0.528,0.241,0.141,-0.396,0.641,0.408,-0.465,0.159,-0.16,-0.574,-0.254,-0.412,-0.186,0.324,0.41,-0.301,0.779,0.302,0.263,-0.018,0.516,-0.481,0.386,-0.321,-0.085,-0.399,-0.405,-0.522,-0.166,-0.471,0.362,0.511,0.578,-0.283,-0.438,0.251,-0.09,-0.241,-0.074,-0.176,-0.254,-0.027,-0.394,0.072,-0.299,-0.162,-0.088,-0.387,0.517,0.516,-0.199,0.226,-0.352,-0.215,-0.239,-0.386,-0.071,0.536,-0.294,-0.184,-0.313,-0.001,-0.433,0.428,-0.123,0.049,0.474,-0.223,-0.529,-0.39,-0.287,0.077,0.198,-0.332
BLNE,0.334,-0.047,-0.534,-0.376,-0.361,-0.472,0.673,0.247,-0.001,-0.61,-0.511,-0.597,-0.405,-0.499,0.584,-0.018,0.332,-0.193,0.268,-0.572,-0.614,-0.433,0.846,0.0,0.06,0.202,0.617,-0.001,0.524,-0.139,-0.505,0.799,0.281,-0.48,-0.03,-0.5,-0.524,-0.371,-0.214,-0.041,-0.11,0.117,-0.544,-0.547,-0.63,0.349,-0.251,-0.18,-0.408,-0.234,-0.419,-0.228,0.613,0.052,-0.554,-0.165,-0.581,-0.63,-0.266,-0.447,0.452,0.122,-0.37,-0.224,0.557,-0.446,0.249,-0.459,0.399,0.254,-0.43,0.553,0.254,0.345,-0.526,0.755,0.584,-0.289,0.286,-0.555,0.787,-0.596,-0.601,-0.162,-0.472,0.623,-0.583,0.106,-0.4,0.265,-0.539,0.448,-0.705,-0.556,0.675,-0.195,0.598,-0.304,0.607,-0.59,-0.478,-0.503,0.116,-0.607,-0.266,0.386,0.653,-0.059,-0.558,0.549,0.607,-0.493,0.615,-0.507,0.205,0.531,0.623,0.56,0.098,0.408,0.176,-0.287,-0.078,0.433,-0.579,-0.564,0.544,0.073,0.06,-0.526,0.733,0.303,-0.576,0.336,-0.223,-0.54,-0.271,-0.47,-0.117,0.169,0.472,-0.423,0.804,0.1,0.192,-0.304,0.632,-0.58,0.17,-0.416,-0.171,-0.433,-0.54,-0.588,-0.308,-0.35,0.475,0.616,0.412,-0.418,-0.495,0.105,-0.127,-0.395,-0.197,-0.239,-0.417,-0.184,-0.516,0.257,-0.389,-0.185,-0.269,-0.52,0.509,0.401,-0.355,0.095,-0.476,-0.396,-0.4,-0.523,-0.217,0.63,-0.451,-0.367,-0.495,-0.043,-0.588,0.55,-0.128,0.205,0.3,-0.354,-0.54,-0.521,-0.294,0.074,-0.003,-0.435
BLNK,0.731,0.28,0.442,0.795,0.786,0.68,-0.28,0.618,0.456,0.491,0.676,0.482,0.794,0.706,-0.025,0.862,0.307,0.813,0.201,0.432,0.493,0.768,0.12,0.06,0.0,0.741,0.014,0.525,-0.341,0.745,0.613,-0.269,0.612,0.373,0.854,0.108,0.619,0.718,0.651,0.715,0.608,0.892,0.315,0.619,0.414,0.102,0.692,0.749,-0.1,0.683,0.4,0.722,-0.195,0.532,0.672,-0.43,0.605,0.491,0.655,0.726,0.015,0.517,0.651,0.656,-0.264,0.705,-0.54,0.488,0.106,0.674,0.645,-0.179,0.16,-0.38,0.646,-0.119,0.265,0.804,0.18,0.375,-0.126,0.601,0.318,0.774,0.615,-0.435,0.203,0.859,0.684,-0.394,0.668,0.217,0.515,0.392,-0.238,0.487,-0.348,0.485,0.072,0.575,0.55,0.607,0.604,0.413,0.261,-0.613,0.064,0.732,0.509,-0.643,-0.085,0.681,-0.298,0.333,0.471,0.062,0.194,-0.268,0.29,0.475,0.812,0.464,0.016,0.192,0.46,0.61,0.232,0.727,0.778,0.636,0.243,0.758,0.645,-0.076,0.738,0.151,0.638,0.708,-0.059,0.809,0.428,0.714,0.106,0.806,0.28,0.702,-0.078,0.598,0.287,0.16,0.868,0.169,0.638,0.292,0.723,0.359,0.476,-0.328,0.624,0.739,0.374,0.703,0.273,0.588,0.809,0.473,0.598,0.719,0.646,-0.015,0.693,0.683,0.518,0.664,0.424,-0.191,0.782,0.519,0.669,0.784,0.677,0.644,0.479,-0.165,0.693,0.739,0.673,0.802,0.563,-0.062,0.698,-0.647,0.454,0.824,0.375,0.688,0.204,0.865,0.803,0.592
BTAI,0.753,0.084,0.205,0.412,0.515,0.271,0.045,0.217,0.595,0.298,0.457,-0.004,0.512,0.326,-0.079,0.873,0.673,0.522,-0.268,0.501,0.162,0.469,0.27,0.202,0.741,0.0,0.235,0.76,0.037,0.816,0.359,0.014,0.755,-0.148,0.779,-0.214,0.25,0.685,0.554,0.212,0.347,0.734,-0.183,0.306,0.37,0.547,0.277,0.599,-0.418,0.302,-0.058,0.395,0.138,0.776,0.394,-0.366,0.253,0.143,0.211,0.489,0.296,0.376,0.242,0.756,0.199,0.548,-0.367,0.527,0.541,0.936,0.553,0.151,0.617,-0.064,0.341,0.245,0.398,0.584,0.523,-0.104,0.129,0.274,-0.138,0.384,0.163,-0.16,0.116,0.737,0.28,0.02,0.413,-0.106,0.148,0.076,0.135,0.597,0.051,0.102,0.394,0.383,0.226,0.284,0.681,-0.003,0.09,-0.23,0.265,0.721,0.148,-0.447,0.243,0.342,0.029,-0.195,0.508,0.42,0.557,-0.156,0.503,0.64,0.879,0.288,0.305,0.473,0.12,0.325,0.518,0.852,0.896,0.315,0.42,0.85,0.333,0.109,0.504,-0.331,0.686,0.361,-0.485,0.584,0.599,0.545,0.347,0.82,0.562,0.516,0.159,0.329,0.577,-0.384,0.48,-0.334,0.34,-0.212,0.721,0.454,0.499,0.115,0.8,0.622,-0.056,0.688,-0.1,0.548,0.491,0.575,0.298,0.682,0.336,0.093,0.237,0.323,0.115,0.334,0.71,0.191,0.499,0.489,0.246,0.528,0.451,0.266,0.422,0.276,0.359,0.492,0.459,0.712,0.241,0.065,0.211,-0.442,0.69,0.561,-0.155,0.246,0.517,0.682,0.837,0.41
BYND,0.156,0.088,-0.452,-0.462,-0.516,-0.48,0.782,-0.105,-0.147,-0.675,-0.45,-0.542,-0.455,-0.479,0.612,0.002,0.336,-0.437,0.002,-0.328,-0.757,-0.481,0.451,0.617,0.014,0.235,0.0,0.176,0.365,-0.117,-0.604,0.8,0.172,-0.582,-0.102,-0.526,-0.675,-0.338,0.089,-0.185,-0.19,0.166,-0.583,-0.564,-0.591,0.545,-0.406,-0.076,-0.342,-0.205,-0.636,-0.304,0.583,0.161,-0.595,0.1,-0.681,-0.754,-0.213,-0.545,0.537,0.333,-0.557,-0.234,0.749,-0.479,0.56,-0.454,0.486,0.307,-0.408,0.839,0.192,0.599,-0.648,0.801,0.825,-0.398,0.185,-0.706,0.812,-0.602,-0.557,-0.303,-0.529,0.656,-0.439,0.094,-0.501,0.325,-0.602,0.306,-0.572,-0.803,0.799,-0.304,0.815,-0.322,0.851,-0.639,-0.462,-0.618,-0.034,-0.761,-0.143,0.628,0.561,-0.171,-0.522,0.581,0.811,-0.61,0.784,-0.457,0.31,0.746,0.697,0.614,0.552,0.523,0.165,-0.36,0.098,0.51,-0.678,-0.555,0.68,0.006,0.101,-0.688,0.689,0.355,-0.517,0.74,-0.039,-0.637,-0.19,-0.509,-0.027,-0.003,0.559,-0.486,0.771,0.066,0.394,-0.494,0.87,-0.651,0.223,-0.452,-0.27,-0.367,-0.671,-0.579,-0.374,-0.02,0.706,0.757,0.262,-0.443,-0.532,-0.062,-0.584,-0.49,-0.424,-0.29,-0.7,-0.365,-0.643,0.693,-0.433,-0.058,-0.273,-0.628,0.594,0.63,-0.45,0.211,-0.523,-0.4,-0.211,-0.609,-0.477,0.844,-0.6,-0.539,-0.559,-0.047,-0.72,0.813,-0.087,0.52,0.126,-0.404,-0.583,-0.469,-0.047,-0.004,0.026,-0.605
CAN,0.662,-0.051,0.071,0.276,0.419,0.121,0.102,-0.019,0.512,0.295,0.494,-0.146,0.331,0.225,-0.158,0.698,0.645,0.336,-0.518,0.511,0.074,0.346,0.154,-0.001,0.525,0.76,0.176,0.0,0.05,0.7,0.204,0.015,0.645,-0.354,0.639,-0.206,0.133,0.622,0.599,-0.092,0.028,0.475,-0.265,0.295,0.389,0.651,-0.045,0.555,-0.66,0.177,-0.338,0.28,0.044,0.894,0.295,-0.394,0.156,0.052,0.006,0.368,0.483,0.452,0.087,0.73,0.34,0.48,-0.328,0.592,0.705,0.864,0.62,0.265,0.619,0.116,0.229,0.262,0.274,0.384,0.426,-0.237,0.179,0.128,-0.223,0.097,-0.077,-0.171,0.255,0.653,0.153,0.126,0.303,-0.233,0.1,-0.073,0.106,0.403,0.099,0.078,0.289,0.41,0.291,0.087,0.518,-0.121,-0.008,-0.059,0.234,0.594,0.006,-0.432,0.241,0.184,0.062,-0.291,0.389,0.573,0.544,-0.316,0.556,0.695,0.668,0.444,0.619,0.422,0.099,0.228,0.433,0.813,0.681,0.219,0.318,0.746,0.308,0.134,0.465,-0.52,0.547,0.161,-0.512,0.413,0.453,0.393,0.318,0.777,0.555,0.494,0.23,0.25,0.782,-0.459,0.232,-0.388,0.239,-0.315,0.662,0.4,0.349,0.199,0.713,0.557,-0.104,0.579,-0.35,0.497,0.287,0.473,0.166,0.548,0.192,0.071,0.048,0.246,0.088,0.24,0.648,0.416,0.321,0.549,0.129,0.513,0.378,0.16,0.286,0.362,0.284,0.422,0.396,0.486,0.165,0.077,0.011,-0.35,0.719,0.395,-0.295,0.142,0.616,0.389,0.831,0.301
CCEC,0.107,-0.4,-0.505,-0.638,-0.479,-0.695,0.637,-0.306,-0.015,-0.505,-0.568,-0.756,-0.589,-0.691,0.14,-0.17,0.364,-0.417,-0.197,-0.311,-0.605,-0.602,0.517,0.524,-0.341,0.037,0.365,0.05,0.0,-0.217,-0.568,0.606,0.13,-0.678,-0.233,-0.485,-0.625,-0.298,-0.415,-0.502,-0.388,-0.247,-0.714,-0.677,-0.462,0.53,-0.566,-0.387,-0.396,-0.663,-0.58,-0.471,0.584,0.048,-0.612,0.067,-0.629,-0.625,-0.682,-0.522,0.374,-0.257,-0.616,-0.194,0.622,-0.45,0.223,-0.258,0.473,0.145,-0.443,0.47,0.437,0.514,-0.596,0.626,0.158,-0.43,0.367,-0.671,0.547,-0.594,-0.764,-0.551,-0.66,0.61,-0.451,-0.255,-0.687,0.627,-0.537,-0.057,-0.735,-0.545,0.637,-0.12,0.638,-0.726,0.417,-0.487,-0.58,-0.585,-0.016,-0.67,-0.342,0.609,0.425,-0.168,-0.639,0.551,0.57,-0.619,0.605,-0.743,0.039,0.458,0.555,0.419,0.082,0.12,-0.023,-0.332,0.117,0.494,-0.62,-0.655,0.428,-0.019,-0.039,-0.576,0.356,0.031,-0.686,0.153,-0.503,-0.595,-0.23,-0.661,-0.367,-0.319,0.281,-0.497,0.459,-0.102,0.31,-0.341,0.451,-0.602,0.201,-0.616,-0.544,-0.683,-0.568,-0.741,-0.296,-0.255,0.08,0.659,0.271,-0.431,-0.666,-0.041,-0.371,-0.325,-0.486,-0.162,-0.509,-0.192,-0.571,0.112,-0.729,-0.551,-0.617,-0.615,0.323,0.506,-0.46,-0.169,-0.699,-0.552,-0.519,-0.619,-0.182,0.575,-0.577,-0.525,-0.519,-0.299,-0.604,0.276,-0.588,0.327,0.287,-0.507,-0.744,-0.738,-0.036,-0.231,-0.161,-0.479
CDW,0.629,-0.01,0.504,0.626,0.737,0.546,-0.316,0.255,0.775,0.53,0.648,0.3,0.708,0.579,-0.246,0.858,0.574,0.674,-0.297,0.715,0.501,0.692,-0.036,-0.139,0.745,0.816,-0.117,0.7,-0.217,0.0,0.611,-0.339,0.743,0.146,0.847,-0.1,0.541,0.843,0.531,0.302,0.502,0.678,0.084,0.563,0.612,0.36,0.471,0.741,-0.174,0.419,0.229,0.432,-0.201,0.719,0.678,-0.272,0.57,0.485,0.385,0.724,-0.069,0.288,0.474,0.833,-0.073,0.731,-0.486,0.708,0.278,0.749,0.713,-0.144,0.46,-0.323,0.649,-0.099,0.077,0.729,0.532,0.233,-0.245,0.56,0.179,0.589,0.422,-0.455,0.317,0.678,0.511,-0.052,0.7,-0.294,0.461,0.417,-0.221,0.837,-0.257,0.258,0.095,0.681,0.344,0.539,0.767,0.318,0.094,-0.478,-0.105,0.834,0.329,-0.726,-0.104,0.611,-0.321,0.098,0.378,0.108,0.272,-0.349,0.328,0.435,0.777,0.451,0.284,0.204,0.373,0.659,0.21,0.833,0.847,0.616,0.06,0.728,0.599,-0.101,0.549,-0.029,0.797,0.616,-0.571,0.582,0.398,0.841,-0.04,0.809,0.371,0.677,-0.155,0.635,0.454,-0.209,0.652,-0.136,0.632,0.092,0.85,0.546,0.258,-0.227,0.603,0.82,0.141,0.631,0.11,0.821,0.662,0.861,0.598,0.861,0.626,-0.09,0.444,0.308,0.257,0.639,0.434,-0.086,0.705,0.45,0.5,0.682,0.516,0.522,0.705,-0.094,0.604,0.693,0.705,0.795,0.559,-0.209,0.383,-0.626,0.579,0.762,0.157,0.498,0.626,0.686,0.846,0.622
CDXS,0.242,0.209,0.744,0.86,0.894,0.89,-0.806,0.386,0.431,0.876,0.794,0.796,0.928,0.87,-0.493,0.624,-0.043,0.844,0.051,0.693,0.942,0.889,-0.375,-0.505,0.613,0.359,-0.604,0.204,-0.568,0.611,0.0,-0.832,0.256,0.694,0.693,0.488,0.93,0.756,0.417,0.59,0.652,0.522,0.677,0.85,0.82,-0.365,0.829,0.634,0.297,0.646,0.784,0.685,-0.538,0.265,0.948,-0.224,0.938,0.933,0.627,0.91,-0.46,0.125,0.853,0.682,-0.729,0.877,-0.689,0.76,-0.279,0.243,0.761,-0.752,-0.003,-0.716,0.946,-0.723,-0.324,0.877,-0.03,0.797,-0.769,0.919,0.654,0.733,0.868,-0.845,0.611,0.492,0.851,-0.494,0.943,-0.175,0.863,0.878,-0.728,0.606,-0.795,0.584,-0.493,0.915,0.725,0.933,0.435,0.892,0.413,-0.864,-0.48,0.675,0.806,-0.874,-0.632,0.966,-0.786,0.596,0.199,-0.541,-0.401,-0.646,-0.134,-0.114,0.423,0.583,0.007,-0.196,0.852,0.851,-0.302,0.448,0.498,0.934,-0.352,0.253,0.858,-0.503,0.558,0.595,0.689,0.923,-0.002,0.465,-0.17,0.9,-0.557,0.476,-0.138,0.786,-0.75,0.899,0.058,0.446,0.785,0.417,0.947,0.663,0.801,0.391,-0.28,-0.777,0.16,0.86,0.69,0.474,0.546,0.805,0.855,0.584,0.927,0.745,0.952,-0.444,0.843,0.526,0.543,0.94,-0.163,-0.648,0.897,0.187,0.876,0.812,0.689,0.907,0.653,-0.726,0.926,0.887,0.946,0.672,0.945,-0.658,0.537,-0.681,0.169,0.899,0.714,0.844,0.32,0.601,0.541,0.901
