,ABEO,ACHC,AGNCN,AKAM,AKRO,ALRM,AMAT,AMED,AMRN,ANGI,APA,APOG,APPS,ARCB,ARCC,ARVN,ATEC,ATXS,AVAV,AXON,BANF,BATRK,BIDU,BLNE,BLNK,BTAI,BYND,CAN,CCEC,CDW,CDXS,CELH,CGNX,CHKP,CHRS,CHRW,CIGI,CKPT,CMPR,COGT,CRNC,CRSP,CSTL,CTSH,CVGW,DGLY,DNLI,DOCU,DVAX,EBAY,EHTH,ERII,ESLT,EXPE,EXPO,FBIOP,FFBC,FFIN,FOXF,FWRD,GDS,GERN,GPRE,GRWG,GRYP,HEES,HELE,HIVE,HON,HRTX,HSTM,HURA,IART,IBKR,IBOC,IBRX,IDXX,INGN,INM,INVA,IQ,IRBT,KDP,KPTI,KTOS,KXIN,LAMR,LFUS,LGIH,LGMK,LKFN,LNW,LOPE,LPSN,LYFT,MGNX,MLCO,MNST,MODV,MSTR,MTCH,MYGN,MYRG,NCMI,NEXT,NFLX,NIU,NKTR,NRC,NTNX,NTRA,NVEE,NVMI,NWL,NWS,NXPI,OCGN,OCSL,OKTA,OLLI,OTLK,OXLC,PAA,PARA,PARAA,PDCO,PDFS,PFG,PGEN,PNFP,PODD,POWI,PSMT,PTC,PTEN,PVLA,RDNT,RDUS,RDWR,REGN,RNAC,ROCK,ROST,RRR,RSLS,RVMD,RYAAY,SAFT,SAGE,SAVA,SBGI,SFM,SFNC,SHYF,SIBN,SIFY,SIGI,SIMO,SITM,SLM,SNBR,SNDX,SNY,SPNS,SRRK,STRA,SUPN,SYRE,TCBK,TEAM,TECH,THRM,TLRY,TRMK,TROW,TSLA,TWST,TXN,UFPI,UNIT,UPWK,USLM,UTHR,VERB,VLY,VRNA,VRRM,VXRT,WAFD,WATT,WBA,WING,WIX,WTFC,WTW,XPEL,XRX,YMAB,ZG,ZLAB
ABEO,0.0,-0.135,-0.202,0.058,0.02,0.012,0.298,-0.117,0.505,0.259,-0.507,-0.063,0.005,0.143,0.15,0.007,0.55,0.187,0.479,0.188,-0.539,0.234,0.382,-0.265,0.444,-0.003,-0.016,0.253,0.206,0.217,-0.026,0.194,0.003,-0.084,-0.013,-0.674,0.294,-0.087,-0.238,0.418,0.538,0.536,-0.017,-0.485,0.418,0.427,-0.392,-0.285,0.33,-0.047,0.078,0.015,0.452,-0.135,0.171,-0.101,-0.564,-0.546,-0.056,0.477,-0.035,0.529,-0.484,0.392,0.372,0.107,0.325,0.061,-0.347,0.148,-0.209,-0.504,-0.011,-0.507,-0.432,-0.226,0.514,0.085,-0.426,-0.335,0.445,0.445,-0.039,0.016,0.278,0.195,-0.433,0.303,0.369,0.153,-0.154,-0.552,0.017,-0.003,0.168,0.367,0.064,-0.427,0.15,0.042,0.302,-0.175,0.246,0.399,-0.391,-0.075,0.485,0.231,0.516,-0.221,0.07,-0.279,0.197,0.333,-0.653,0.411,0.112,0.362,-0.149,-0.279,0.591,0.258,-0.407,0.021,0.161,-0.24,-0.351,-0.44,0.23,-0.434,-0.289,0.544,-0.17,-0.233,-0.392,0.057,0.13,0.364,0.111,-0.309,-0.018,0.556,0.099,-0.231,0.037,0.053,0.238,0.404,0.245,0.182,-0.298,-0.61,-0.493,0.141,0.156,-0.264,-0.326,0.725,0.246,-0.298,0.364,-0.077,-0.366,0.196,0.416,-0.195,-0.1,0.402,-0.344,-0.433,0.435,0.241,0.383,-0.413,0.09,-0.099,0.6,0.335,0.486,0.282,-0.156,-0.205,-0.384,0.189,-0.341,0.237,-0.375,0.005,-0.384,0.088,0.313,-0.283,0.19,-0.58,-0.532,0.42,0.394,-0.256,0.438,0.359
ACHC,-0.135,0.0,-0.434,-0.127,0.032,-0.181,-0.647,-0.451,-0.397,0.402,0.298,0.021,-0.15,0.068,0.064,0.45,-0.216,-0.061,0.25,-0.618,-0.254,-0.179,0.412,0.11,0.221,0.356,0.44,0.126,0.441,0.457,0.416,0.738,-0.482,-0.447,0.472,0.198,-0.452,-0.698,0.051,0.083,0.295,0.096,0.389,0.167,0.348,0.381,0.079,-0.27,0.535,0.408,0.6,0.283,-0.075,-0.027,-0.133,0.233,-0.195,-0.136,-0.031,0.185,-0.464,0.225,0.561,0.4,0.268,0.632,0.545,-0.399,0.1,0.445,0.405,-0.138,0.693,-0.035,-0.279,0.19,0.32,0.489,0.126,-0.322,0.36,0.405,0.47,0.335,0.397,0.248,-0.066,0.066,0.337,0.476,0.158,0.002,-0.059,0.175,0.529,0.32,0.544,0.618,0.085,0.565,0.546,-0.516,0.677,0.282,-0.035,-0.487,0.122,0.128,0.522,-0.529,-0.203,0.215,-0.794,0.513,-0.049,0.107,-0.072,0.577,-0.513,-0.34,-0.325,0.065,-0.336,0.217,0.116,0.218,-0.219,0.464,0.338,-0.186,-0.29,0.27,0.8,-0.322,0.6,0.376,0.406,0.288,0.19,-0.366,0.594,0.282,-0.132,-0.5,0.271,0.405,0.222,0.517,-0.458,0.41,-0.145,-0.347,-0.276,0.617,0.028,0.525,0.589,0.09,-0.482,0.249,0.449,-0.541,0.133,-0.51,0.412,0.402,0.431,0.35,-0.347,-0.33,0.485,0.675,0.3,-0.283,0.125,-0.535,0.347,-0.07,0.437,0.482,-0.124,-0.364,-0.348,0.591,0.024,-0.749,-0.201,0.743,-0.284,0.559,0.48,-0.443,0.519,-0.145,-0.145,0.442,0.499,0.491,-0.349,0.458
AGNCN,-0.202,-0.434,0.0,0.642,-0.424,0.699,0.429,0.949,-0.179,-0.404,0.382,0.067,0.714,0.179,0.419,-0.378,-0.298,0.106,-0.747,0.363,0.746,0.456,-0.475,-0.179,-0.3,-0.614,0.151,-0.581,-0.456,-0.744,-0.309,-0.455,0.384,0.871,-0.768,0.122,0.402,0.625,0.668,-0.133,-0.062,-0.649,-0.694,0.381,-0.597,-0.698,0.045,0.837,-0.483,-0.418,-0.492,-0.186,0.404,-0.191,-0.316,-0.353,0.719,0.693,-0.031,-0.597,0.83,-0.477,-0.343,-0.575,-0.196,-0.472,-0.848,0.155,0.093,-0.659,-0.426,0.479,-0.295,0.707,0.798,-0.078,-0.741,0.159,0.233,0.675,-0.571,-0.445,-0.872,-0.742,0.199,-0.368,0.625,-0.469,-0.673,-0.646,0.057,0.506,0.667,0.197,-0.374,-0.327,-0.856,-0.057,0.038,-0.749,-0.735,0.549,-0.646,-0.259,0.207,0.38,0.144,0.327,-0.74,0.91,0.218,0.056,0.431,-0.596,0.48,0.093,0.593,-0.583,0.845,0.391,-0.232,0.217,0.85,0.423,0.418,0.109,0.672,0.024,-0.698,0.64,-0.093,-0.463,-0.356,0.837,-0.162,-0.513,0.036,-0.132,0.492,0.094,-0.66,-0.682,-0.374,0.644,-0.035,-0.239,0.029,-0.324,-0.251,-0.894,0.822,0.674,0.755,-0.771,0.355,-0.031,0.147,-0.189,0.622,0.259,-0.619,0.653,0.598,0.754,-0.604,0.078,-0.393,-0.317,0.677,0.87,-0.648,-0.435,-0.052,0.644,-0.352,0.913,-0.395,0.54,-0.701,-0.16,0.682,0.268,0.446,-0.335,0.323,0.335,0.513,-0.294,0.825,-0.371,-0.851,0.401,-0.51,0.771,0.405,-0.728,-0.769,-0.635,-0.237,-0.616
AKAM,0.058,-0.127,0.642,0.0,-0.5,0.737,0.284,0.721,-0.275,-0.174,0.331,0.172,0.682,0.133,0.617,-0.029,-0.087,0.195,-0.608,0.251,0.554,0.61,-0.274,-0.179,-0.141,-0.448,0.345,-0.457,-0.5,-0.558,-0.05,-0.113,0.227,0.746,-0.628,0.024,0.418,0.358,0.698,-0.081,0.223,-0.553,-0.63,0.302,-0.357,-0.405,-0.028,0.65,-0.196,-0.422,-0.282,-0.057,0.551,-0.277,-0.311,-0.495,0.555,0.547,-0.135,-0.331,0.726,-0.262,-0.199,-0.367,-0.024,-0.207,-0.59,0.091,0.068,-0.426,-0.291,0.293,0.004,0.599,0.576,-0.049,-0.471,0.431,0.218,0.566,-0.379,-0.151,-0.708,-0.739,0.475,-0.229,0.537,-0.463,-0.47,-0.599,0.0,0.458,0.649,0.504,-0.173,-0.214,-0.705,0.194,0.036,-0.506,-0.354,0.319,-0.338,-0.005,0.034,0.263,0.487,0.403,-0.392,0.712,0.129,0.056,0.189,-0.344,0.265,0.29,0.666,-0.232,0.751,0.221,-0.081,0.369,0.659,0.555,0.613,0.071,0.579,0.094,-0.558,0.456,-0.319,-0.198,-0.083,0.741,-0.13,-0.384,0.282,0.114,0.63,-0.142,-0.399,-0.401,-0.391,0.507,0.051,-0.048,0.197,0.044,-0.343,-0.743,0.74,0.421,0.54,-0.481,0.498,0.171,0.341,0.165,0.646,0.241,-0.362,0.453,0.563,0.7,-0.319,0.228,-0.289,-0.096,0.491,0.677,-0.397,-0.157,0.228,0.465,-0.402,0.701,-0.206,0.684,-0.487,0.216,0.663,0.112,0.213,-0.077,0.203,0.051,0.359,-0.143,0.674,-0.157,-0.676,0.063,-0.255,0.527,0.278,-0.449,-0.515,-0.494,-0.351,-0.452
AKRO,0.02,0.032,-0.424,-0.5,0.0,-0.153,-0.379,-0.456,0.467,0.414,0.146,0.194,-0.147,0.32,-0.106,0.441,0.336,0.47,0.386,-0.072,-0.281,-0.155,0.237,-0.066,0.448,0.537,-0.051,0.023,0.496,0.241,0.46,0.028,-0.285,-0.461,0.657,-0.197,0.015,-0.002,-0.236,0.536,0.041,0.55,0.536,-0.309,0.431,0.287,0.409,-0.262,0.446,0.089,0.374,0.532,-0.333,0.192,0.27,0.339,-0.251,-0.191,0.041,0.226,-0.411,0.557,0.408,0.417,0.06,0.436,0.408,-0.29,-0.232,0.561,0.619,-0.354,0.044,-0.283,-0.246,-0.091,0.462,-0.002,-0.124,-0.468,0.247,0.272,0.283,0.618,-0.218,0.506,-0.092,0.269,0.461,0.461,0.174,-0.386,-0.268,-0.077,0.301,0.594,0.442,-0.033,0.025,0.441,0.438,-0.234,0.352,0.115,0.325,-0.464,-0.387,0.004,0.27,-0.359,0.135,0.294,-0.181,0.452,-0.011,0.145,-0.23,0.177,-0.269,-0.381,0.431,-0.022,-0.445,-0.31,-0.28,-0.412,-0.365,-0.223,0.594,-0.131,0.37,0.273,0.262,-0.346,0.461,0.515,0.084,0.14,-0.216,0.065,0.476,0.341,0.004,-0.223,-0.129,0.527,0.062,-0.002,0.461,0.424,-0.318,-0.34,-0.215,0.411,-0.039,-0.162,-0.07,-0.289,-0.183,-0.048,0.389,0.134,-0.235,-0.25,0.533,-0.001,0.378,0.324,-0.168,-0.327,0.39,0.197,0.026,-0.382,0.14,-0.515,0.431,-0.258,0.491,0.171,-0.165,-0.226,-0.268,0.18,0.172,-0.054,-0.313,0.249,-0.285,0.307,0.366,-0.146,0.39,-0.225,-0.15,0.457,0.4,0.577,0.233,0.498
ALRM,0.012,-0.181,0.699,0.737,-0.153,0.0,0.217,0.705,0.024,0.014,0.523,0.45,0.848,0.347,0.754,0.066,0.102,0.415,-0.569,0.401,0.585,0.697,-0.161,-0.27,0.152,-0.245,0.439,-0.61,-0.25,-0.641,0.204,-0.202,0.134,0.737,-0.417,-0.044,0.689,0.53,0.84,0.196,0.241,-0.36,-0.538,0.198,-0.261,-0.41,0.177,0.676,-0.03,-0.427,-0.131,0.31,0.533,-0.246,-0.14,-0.324,0.594,0.675,-0.157,-0.362,0.731,-0.056,-0.014,-0.251,-0.013,0.023,-0.538,-0.028,-0.095,-0.314,-0.074,0.199,-0.08,0.558,0.651,-0.235,-0.34,0.551,0.209,0.452,-0.318,-0.02,-0.78,-0.514,0.508,-0.057,0.677,-0.376,-0.358,-0.416,0.177,0.372,0.75,0.568,-0.027,0.104,-0.612,0.185,0.039,-0.414,-0.29,0.378,-0.226,0.105,0.293,0.107,0.321,0.688,-0.434,0.746,0.442,0.408,0.272,-0.206,0.485,0.527,0.748,-0.256,0.801,0.045,-0.028,0.488,0.64,0.581,0.619,-0.155,0.587,-0.034,-0.456,0.513,-0.135,-0.067,0.066,0.798,0.15,-0.205,0.462,0.306,0.757,-0.16,-0.269,-0.289,-0.537,0.562,0.172,0.117,0.422,-0.19,-0.27,-0.728,0.816,0.391,0.619,-0.4,0.647,0.1,0.222,0.004,0.8,0.259,-0.26,0.633,0.627,0.815,-0.163,0.453,-0.142,0.054,0.575,0.749,-0.32,-0.134,0.374,0.41,-0.352,0.697,0.013,0.752,-0.388,0.291,0.88,0.077,0.127,0.002,0.289,0.124,0.384,-0.106,0.771,-0.007,-0.72,0.133,-0.124,0.576,0.266,-0.323,-0.465,-0.309,-0.253,-0.304
AMAT,0.298,-0.647,0.429,0.284,-0.379,0.217,0.0,0.494,0.243,-0.577,-0.321,0.073,0.137,-0.031,-0.152,-0.633,0.172,0.067,-0.215,0.794,0.35,0.069,-0.525,0.035,-0.37,-0.613,-0.546,0.171,-0.343,-0.156,-0.685,-0.625,0.745,0.603,-0.561,-0.067,0.555,0.512,-0.049,-0.02,-0.143,-0.188,-0.507,0.096,-0.462,-0.464,-0.092,0.33,-0.634,-0.008,-0.699,-0.457,0.115,0.134,0.426,-0.41,0.283,0.205,0.364,-0.073,0.466,-0.405,-0.772,-0.479,-0.257,-0.561,-0.476,0.657,0.231,-0.55,-0.462,0.21,-0.734,-0.079,0.403,-0.027,-0.304,-0.398,0.148,0.539,-0.473,-0.208,-0.46,-0.467,-0.099,-0.474,0.176,0.262,-0.291,-0.532,-0.018,0.212,-0.043,-0.326,-0.612,-0.505,-0.644,-0.718,0.036,-0.643,-0.668,0.691,-0.664,-0.386,-0.133,0.753,-0.083,-0.156,-0.424,0.526,0.002,-0.061,0.888,-0.608,0.014,0.002,0.019,-0.444,0.465,0.614,0.317,-0.25,0.386,-0.306,-0.213,0.324,0.471,-0.191,-0.554,0.338,0.181,-0.229,-0.662,0.379,-0.635,-0.546,-0.371,-0.3,-0.159,0.388,-0.79,-0.132,0.315,0.634,-0.175,-0.662,-0.302,-0.297,0.097,-0.45,0.161,0.346,0.368,-0.559,-0.113,-0.655,-0.408,0.171,0.471,0.005,-0.553,0.304,-0.096,0.638,-0.566,-0.309,-0.17,-0.499,0.499,0.253,-0.552,-0.562,-0.315,0.552,0.235,0.582,-0.257,0.258,-0.266,-0.518,0.052,0.681,0.517,-0.553,0.127,0.814,0.42,-0.668,0.338,-0.721,-0.462,0.705,-0.661,0.197,0.201,-0.5,-0.506,-0.542,0.552,-0.592
AMED,-0.117,-0.451,0.949,0.721,-0.456,0.705,0.494,0.0,-0.174,-0.431,0.328,0.065,0.735,0.134,0.414,-0.373,-0.272,0.163,-0.763,0.402,0.763,0.467,-0.522,-0.154,-0.348,-0.679,0.111,-0.526,-0.532,-0.711,-0.344,-0.458,0.461,0.923,-0.809,0.113,0.423,0.622,0.655,-0.092,-0.018,-0.673,-0.735,0.379,-0.62,-0.708,0.049,0.865,-0.517,-0.407,-0.544,-0.244,0.418,-0.19,-0.288,-0.459,0.728,0.692,0.032,-0.57,0.853,-0.505,-0.426,-0.618,-0.228,-0.512,-0.862,0.237,0.132,-0.681,-0.47,0.491,-0.307,0.684,0.814,-0.041,-0.766,0.158,0.227,0.719,-0.608,-0.414,-0.892,-0.809,0.227,-0.429,0.62,-0.432,-0.673,-0.728,0.046,0.529,0.661,0.223,-0.43,-0.372,-0.922,-0.102,0.051,-0.796,-0.747,0.59,-0.696,-0.277,0.173,0.454,0.196,0.312,-0.72,0.932,0.139,0.035,0.448,-0.627,0.436,0.078,0.608,-0.576,0.873,0.447,-0.133,0.193,0.86,0.389,0.405,0.151,0.703,0.021,-0.748,0.68,-0.104,-0.471,-0.409,0.856,-0.249,-0.551,-0.008,-0.129,0.474,0.126,-0.705,-0.671,-0.311,0.7,-0.034,-0.275,-0.022,-0.265,-0.217,-0.924,0.844,0.668,0.772,-0.794,0.351,-0.069,0.147,-0.153,0.648,0.285,-0.652,0.691,0.592,0.811,-0.624,-0.006,-0.382,-0.36,0.72,0.867,-0.674,-0.456,-0.061,0.685,-0.331,0.94,-0.377,0.56,-0.677,-0.159,0.677,0.307,0.485,-0.359,0.343,0.384,0.535,-0.357,0.836,-0.44,-0.872,0.392,-0.561,0.764,0.423,-0.755,-0.791,-0.681,-0.197,-0.668
AMRN,0.505,-0.397,-0.179,-0.275,0.467,0.024,0.243,-0.174,0.0,0.287,-0.27,0.13,0.062,0.178,-0.025,0.083,0.667,0.21,0.466,0.31,-0.337,0.169,0.272,-0.335,0.518,0.272,-0.087,0.17,0.377,0.025,0.178,-0.107,-0.035,-0.16,0.198,-0.532,0.37,0.232,-0.263,0.457,0.148,0.673,0.14,-0.527,0.363,0.273,-0.056,-0.249,0.286,-0.037,0.093,0.31,0.132,-0.043,0.42,0.123,-0.313,-0.262,-0.037,0.3,-0.079,0.499,-0.152,0.411,0.233,0.175,0.265,0.17,-0.455,0.229,0.179,-0.409,-0.334,-0.447,-0.226,-0.381,0.457,-0.14,-0.321,-0.237,0.297,0.368,-0.052,0.311,-0.119,0.263,-0.296,0.28,0.423,0.277,0.15,-0.537,-0.085,-0.072,0.177,0.498,0.104,-0.422,0.068,0.172,0.213,0.018,0.143,0.234,-0.012,-0.133,-0.052,0.165,0.259,-0.141,0.373,0.036,0.382,0.281,-0.225,0.388,-0.021,0.029,-0.064,-0.287,0.637,0.114,-0.386,-0.222,-0.076,-0.448,-0.255,-0.559,0.343,-0.204,0.142,0.479,-0.135,-0.213,-0.119,0.223,0.041,0.178,-0.128,-0.03,0.041,0.478,0.04,-0.089,0.119,0.162,0.217,-0.036,0.474,0.199,-0.294,-0.386,-0.261,0.143,0.144,-0.359,-0.555,0.215,0.373,-0.32,0.319,0.118,-0.328,0.194,0.356,-0.072,0.053,0.331,-0.117,-0.292,0.338,0.041,0.19,-0.322,0.123,-0.137,0.506,0.118,0.379,0.037,-0.114,-0.112,-0.272,0.113,-0.11,0.372,-0.289,-0.085,-0.207,0.07,0.211,-0.022,0.211,-0.379,-0.365,0.358,0.272,0.021,0.48,0.317
ANGI,0.259,0.402,-0.404,-0.174,0.414,0.014,-0.577,-0.431,0.287,0.0,0.147,0.263,0.173,0.26,0.422,0.738,0.413,-0.065,0.619,-0.536,-0.535,0.44,0.887,-0.588,0.873,0.808,0.633,0.063,0.579,-0.009,0.836,0.748,-0.848,-0.493,0.594,-0.579,-0.151,-0.377,0.07,0.312,0.443,0.673,0.631,-0.667,0.801,0.828,-0.36,-0.425,0.915,-0.25,0.907,0.769,0.331,-0.552,-0.247,0.512,-0.443,-0.315,-0.66,0.519,-0.458,0.76,0.515,0.873,0.802,0.729,0.649,-0.536,-0.768,0.73,0.344,-0.722,0.637,-0.07,-0.477,-0.615,0.675,0.36,-0.525,-0.496,0.803,0.758,0.236,0.301,0.118,0.509,-0.465,-0.279,0.742,0.717,0.397,-0.714,0.282,0.337,0.933,0.834,0.519,0.421,0.456,0.756,0.833,-0.804,0.852,0.879,-0.241,-0.882,0.297,0.594,0.693,-0.435,0.363,-0.029,-0.472,0.919,-0.422,0.531,0.35,0.672,-0.336,-0.928,0.01,0.521,-0.632,0.381,0.45,-0.623,-0.656,-0.429,0.723,-0.44,-0.519,0.845,0.548,-0.511,0.419,0.811,0.728,0.749,0.282,-0.779,0.793,0.619,-0.509,-0.703,0.46,0.658,0.684,0.325,0.005,0.403,-0.164,-0.71,-0.519,0.733,0.595,0.573,0.209,0.449,-0.026,-0.309,0.921,-0.217,-0.133,-0.319,0.897,0.493,-0.069,0.902,-0.472,-0.445,0.862,0.811,0.745,-0.698,-0.376,-0.539,0.713,0.146,0.56,0.771,0.006,-0.823,-0.917,0.838,-0.062,-0.619,-0.786,0.495,-0.322,0.871,0.471,-0.771,0.951,-0.449,-0.759,0.863,0.77,0.307,-0.352,0.85
APA,-0.507,0.298,0.382,0.331,0.146,0.523,-0.321,0.328,-0.27,0.147,0.0,0.313,0.562,0.523,0.476,0.327,-0.306,0.269,-0.41,-0.152,0.506,0.329,-0.056,-0.175,0.15,0.07,0.447,-0.518,0.195,-0.386,0.412,0.05,-0.233,0.266,0.018,0.255,0.153,0.214,0.706,0.134,0.09,-0.317,-0.015,0.429,-0.059,-0.288,0.408,0.504,0.143,-0.152,0.223,0.527,0.087,-0.13,-0.313,0.083,0.544,0.639,-0.113,-0.279,0.271,-0.035,0.562,-0.018,0.049,0.346,-0.227,-0.348,0.042,0.006,0.402,0.202,0.215,0.691,0.53,-0.049,-0.263,0.524,0.309,0.201,-0.207,-0.02,-0.386,-0.103,0.276,0.202,0.647,-0.391,-0.148,-0.107,0.406,0.362,0.454,0.29,0.183,0.24,-0.217,0.562,0.185,-0.031,-0.083,0.054,0.056,0.036,0.55,-0.294,-0.097,0.399,-0.303,0.356,0.272,0.382,-0.313,0.064,0.556,0.318,0.417,-0.104,0.406,-0.099,-0.298,0.282,0.459,0.441,0.371,-0.053,0.379,0.291,-0.066,0.486,-0.097,-0.126,0.496,0.444,0.767,0.126,0.485,0.212,0.535,-0.149,0.116,-0.361,-0.568,0.177,0.099,0.349,0.192,-0.053,-0.418,-0.401,0.63,0.326,0.528,-0.007,0.434,0.285,0.629,-0.383,0.203,0.445,-0.065,0.308,0.635,0.24,-0.013,0.529,0.054,0.15,0.404,0.551,-0.114,0.165,0.171,0.26,-0.277,0.205,-0.049,0.339,-0.185,0.363,0.591,-0.155,0.023,0.229,0.495,-0.362,0.221,0.377,0.555,0.305,-0.368,-0.008,0.144,0.648,0.311,-0.155,-0.189,0.106,-0.547,-0.015
APOG,-0.063,0.021,0.067,0.172,0.194,0.45,0.073,0.065,0.13,0.263,0.313,0.0,0.327,0.161,0.394,0.387,0.371,0.203,-0.048,0.205,0.248,0.383,0.072,-0.336,0.299,0.253,0.234,-0.091,0.079,-0.212,0.331,0.066,-0.146,0.239,0.311,-0.261,0.353,0.133,0.344,0.215,0.012,0.16,0.14,-0.232,0.1,0.111,0.092,0.158,0.234,-0.301,0.252,0.554,-0.063,-0.386,0.154,0.176,0.274,0.361,-0.186,0.18,-0.036,0.108,0.286,0.119,0.209,0.323,-0.035,0.025,-0.241,0.331,0.086,-0.218,-0.02,0.173,0.263,-0.544,0.146,0.145,-0.088,0.108,-0.108,0.405,-0.194,-0.16,-0.073,0.049,0.16,-0.164,0.227,0.162,0.472,-0.031,0.161,0.126,0.243,0.159,-0.143,0.093,0.234,0.176,0.071,-0.058,0.121,0.216,0.084,-0.119,-0.196,0.429,-0.066,0.253,0.229,0.401,0.204,0.153,0.066,0.213,0.398,0.186,0.298,-0.21,0.099,0.08,0.021,0.098,0.168,-0.267,0.112,-0.265,-0.082,0.236,-0.039,0.202,0.148,0.153,0.238,0.405,0.397,0.349,0.273,-0.257,0.247,0.156,-0.438,0.202,0.076,0.107,0.207,-0.287,-0.149,-0.139,0.271,-0.026,0.249,0.254,0.444,0.093,0.241,0.066,0.259,-0.045,0.142,0.264,-0.043,0.262,0.225,0.377,0.057,0.206,0.362,0.15,0.02,0.144,0.396,0.15,-0.259,0.035,0.143,0.118,0.056,0.28,0.233,0.008,-0.187,0.293,0.37,-0.072,-0.074,-0.064,0.341,0.189,-0.354,0.102,0.254,0.12,-0.106,0.155,0.031,0.227,-0.013,0.004
APPS,0.005,-0.15,0.714,0.682,-0.147,0.848,0.137,0.735,0.062,0.173,0.562,0.327,0.0,0.353,0.752,0.161,0.039,0.242,-0.441,0.167,0.573,0.761,-0.038,-0.481,0.211,-0.172,0.563,-0.565,-0.123,-0.706,0.238,-0.025,-0.016,0.691,-0.411,-0.167,0.455,0.457,0.791,0.221,0.251,-0.296,-0.366,0.051,-0.188,-0.271,-0.009,0.694,0.058,-0.494,-0.011,0.338,0.604,-0.474,-0.322,-0.203,0.61,0.664,-0.293,-0.34,0.624,-0.08,-0.045,-0.121,0.196,0.044,-0.484,-0.061,-0.271,-0.199,-0.136,0.069,0.086,0.633,0.653,-0.398,-0.366,0.504,0.02,0.475,-0.205,0.119,-0.799,-0.595,0.411,-0.129,0.514,-0.545,-0.214,-0.318,0.387,0.194,0.899,0.505,0.169,0.198,-0.653,0.225,0.28,-0.353,-0.25,0.185,-0.177,0.214,0.119,-0.079,0.368,0.782,-0.335,0.716,0.356,0.232,0.162,-0.075,0.286,0.476,0.878,-0.164,0.767,-0.081,-0.082,0.549,0.531,0.633,0.705,-0.177,0.426,-0.172,-0.302,0.565,-0.37,0.038,0.052,0.668,0.147,-0.042,0.51,0.374,0.729,-0.3,-0.203,-0.278,-0.648,0.389,0.255,0.213,0.456,-0.022,-0.231,-0.751,0.848,0.313,0.606,-0.339,0.766,0.271,0.374,0.057,0.723,0.25,-0.131,0.64,0.616,0.703,-0.072,0.441,-0.252,0.168,0.587,0.676,-0.18,0.037,0.403,0.382,-0.495,0.639,0.131,0.724,-0.307,0.359,0.769,-0.117,-0.014,0.197,0.477,0.02,0.165,-0.02,0.78,0.085,-0.649,-0.02,0.016,0.616,0.065,-0.244,-0.383,-0.407,-0.39,-0.192
ARCB,0.143,0.068,0.179,0.133,0.32,0.347,-0.031,0.134,0.178,0.26,0.523,0.161,0.353,0.0,0.442,0.206,0.143,0.259,0.053,0.033,0.043,0.383,0.221,-0.348,0.454,0.093,0.242,-0.192,0.426,-0.141,0.302,0.058,-0.199,0.089,0.035,-0.204,0.359,0.127,0.424,0.334,0.512,0.162,0.06,0.106,0.269,0.011,0.089,0.222,0.298,-0.096,0.264,0.519,0.312,-0.045,-0.105,0.174,0.05,0.201,-0.042,0.269,0.178,0.381,0.157,0.271,0.312,0.447,0.093,-0.251,-0.176,0.033,0.298,-0.169,0.039,0.222,0.159,-0.207,0.186,0.448,-0.079,-0.133,0.178,0.226,-0.337,0.06,0.35,0.273,0.275,-0.018,0.187,0.064,0.371,-0.123,0.262,0.046,0.231,0.425,-0.06,0.11,0.354,0.026,0.048,-0.009,0.217,0.295,0.392,-0.344,0.012,0.331,0.041,0.107,0.512,0.208,-0.084,0.296,0.075,0.608,0.275,0.174,0.15,-0.271,0.079,0.42,0.116,0.314,0.315,-0.278,0.106,-0.012,0.129,0.136,-0.18,0.293,0.336,0.157,0.493,0.111,0.497,0.36,0.462,-0.302,0.036,0.088,-0.392,-0.057,-0.045,0.291,0.201,0.174,-0.24,-0.15,0.264,-0.191,0.09,0.144,0.411,-0.075,0.237,0.076,0.319,0.207,0.204,0.16,0.174,0.27,0.218,0.339,-0.044,0.403,0.11,0.148,0.193,0.305,0.302,-0.081,0.003,0.066,0.248,0.498,0.235,0.448,0.385,-0.272,-0.246,0.236,0.326,-0.122,-0.033,0.375,0.167,0.349,-0.009,-0.118,0.233,0.157,-0.103,0.166,0.178,-0.108,-0.058,0.314
ARCC,0.15,0.064,0.419,0.617,-0.106,0.754,-0.152,0.414,-0.025,0.422,0.476,0.394,0.752,0.442,0.0,0.381,0.213,0.117,-0.214,-0.025,0.182,0.827,0.342,-0.558,0.51,0.118,0.756,-0.522,-0.004,-0.622,0.493,0.267,-0.392,0.395,-0.203,-0.32,0.392,0.192,0.781,0.104,0.405,-0.085,-0.224,-0.123,0.151,0.08,-0.215,0.34,0.389,-0.545,0.325,0.552,0.662,-0.54,-0.467,-0.071,0.213,0.346,-0.584,-0.038,0.459,0.27,0.214,0.19,0.387,0.352,-0.195,-0.279,-0.452,0.037,-0.107,-0.159,0.337,0.501,0.226,-0.484,0.008,0.711,-0.119,0.075,0.159,0.228,-0.553,-0.403,0.526,0.19,0.271,-0.597,-0.069,-0.083,0.206,-0.022,0.787,0.635,0.398,0.361,-0.289,0.463,0.2,-0.022,0.119,-0.186,0.214,0.564,0.083,-0.376,0.57,0.807,-0.068,0.413,0.51,0.125,-0.074,0.238,0.078,0.626,0.846,0.214,0.512,-0.435,-0.219,0.824,0.286,0.832,0.89,-0.409,0.127,-0.198,-0.071,0.099,-0.57,0.298,0.248,0.425,0.245,0.139,0.744,0.642,0.831,-0.633,0.168,-0.052,-0.755,0.041,0.268,0.426,0.676,0.071,-0.38,-0.454,0.603,-0.039,0.204,-0.018,0.835,0.457,0.35,0.32,0.619,-0.015,0.218,0.306,0.477,0.462,0.241,0.563,-0.357,0.514,0.147,0.429,0.132,0.266,0.728,-0.04,-0.616,0.37,0.199,0.702,-0.192,0.684,0.736,-0.422,-0.392,0.429,0.131,-0.296,-0.079,0.248,0.442,0.467,-0.383,-0.38,0.345,0.228,-0.197,0.106,-0.028,-0.24,-0.543,0.151
ARVN,0.007,0.45,-0.378,-0.029,0.441,0.066,-0.633,-0.373,0.083,0.738,0.327,0.387,0.161,0.206,0.381,0.0,0.396,0.153,0.341,-0.498,-0.243,0.295,0.54,-0.447,0.631,0.742,0.541,-0.088,0.352,-0.012,0.852,0.581,-0.7,-0.352,0.672,-0.29,-0.225,-0.388,0.227,0.269,0.251,0.406,0.456,-0.381,0.553,0.583,0.013,-0.196,0.749,-0.155,0.756,0.718,0.007,-0.417,-0.298,0.292,-0.138,-0.082,-0.492,0.299,-0.433,0.523,0.686,0.588,0.51,0.712,0.401,-0.298,-0.523,0.813,0.442,-0.351,0.525,0.066,-0.246,-0.411,0.489,0.496,-0.263,-0.324,0.416,0.545,0.148,0.208,0.039,0.409,-0.178,-0.294,0.482,0.46,0.344,-0.341,0.162,0.402,0.752,0.62,0.388,0.562,0.135,0.673,0.659,-0.646,0.639,0.551,0.013,-0.717,0.108,0.428,0.416,-0.281,0.106,0.176,-0.504,0.679,-0.161,0.323,0.318,0.458,-0.172,-0.694,0.017,0.309,-0.439,0.256,0.321,-0.491,-0.338,-0.236,0.547,-0.168,-0.265,0.504,0.622,-0.261,0.541,0.734,0.591,0.501,0.347,-0.508,0.78,0.288,-0.49,-0.426,0.161,0.791,0.368,0.197,-0.126,0.244,0.038,-0.433,-0.243,0.621,0.539,0.543,0.43,0.163,-0.042,-0.129,0.64,0.008,-0.007,-0.254,0.703,0.501,0.242,0.675,-0.197,-0.212,0.578,0.593,0.59,-0.43,-0.38,-0.483,0.505,0.017,0.377,0.754,0.082,-0.616,-0.621,0.665,0.125,-0.677,-0.507,0.528,-0.125,0.723,0.258,-0.576,0.751,-0.218,-0.43,0.629,0.5,0.488,-0.331,0.557
ATEC,0.55,-0.216,-0.298,-0.087,0.336,0.102,0.172,-0.272,0.667,0.413,-0.306,0.371,0.039,0.143,0.213,0.396,0.0,0.141,0.495,0.309,-0.352,0.283,0.361,-0.389,0.585,0.434,0.029,0.239,0.196,-0.006,0.357,0.064,-0.202,-0.151,0.333,-0.501,0.354,0.025,-0.11,0.266,0.088,0.617,0.145,-0.617,0.395,0.453,-0.213,-0.33,0.377,-0.143,0.272,0.41,0.136,-0.133,0.309,-0.056,-0.304,-0.276,-0.294,0.454,-0.151,0.499,0.014,0.438,0.314,0.351,0.292,0.257,-0.503,0.472,0.111,-0.407,-0.118,-0.411,-0.323,-0.483,0.605,0.101,-0.311,-0.209,0.35,0.48,0.019,0.178,-0.06,0.179,-0.312,0.142,0.449,0.242,0.096,-0.462,-0.071,0.138,0.324,0.373,0.159,-0.154,-0.02,0.37,0.363,-0.177,0.303,0.419,-0.171,-0.204,0.154,0.255,0.28,-0.145,0.353,0.119,0.339,0.354,-0.332,0.401,0.129,0.246,-0.023,-0.378,0.483,0.256,-0.44,-0.092,0.082,-0.453,-0.246,-0.566,0.348,-0.312,-0.009,0.583,0.039,-0.207,-0.117,0.334,0.245,0.355,0.038,-0.22,0.302,0.522,-0.048,-0.087,0.109,0.346,0.358,0.026,0.192,0.207,-0.23,-0.423,-0.313,0.319,0.329,-0.12,-0.327,0.508,0.367,-0.449,0.424,0.071,-0.331,0.139,0.468,0.185,0.094,0.42,-0.153,-0.327,0.371,0.123,0.45,-0.327,-0.028,-0.207,0.469,0.117,0.318,0.325,-0.009,-0.114,-0.404,0.223,-0.11,0.119,-0.307,-0.097,-0.19,0.198,0.176,-0.124,0.344,-0.489,-0.478,0.514,0.339,0.19,0.365,0.321
ATXS,0.187,-0.061,0.106,0.195,0.47,0.415,0.067,0.163,0.21,-0.065,0.269,0.203,0.242,0.259,0.117,0.153,0.141,0.0,-0.202,0.353,0.201,0.034,-0.258,0.117,0.102,-0.129,-0.079,-0.295,0.103,0.06,0.112,-0.274,0.264,0.229,0.091,-0.037,0.393,0.266,0.215,0.639,0.223,-0.009,-0.172,0.22,-0.067,-0.281,0.644,0.313,0.071,0.077,-0.152,0.169,-0.042,0.276,0.271,-0.274,0.194,0.176,0.361,-0.165,0.215,0.193,0.022,-0.124,-0.273,0.048,-0.161,-0.024,0.157,0.062,0.333,0.111,-0.194,0.002,0.284,0.232,0.011,0.298,0.284,-0.019,-0.311,-0.001,-0.285,0.072,0.326,0.251,0.479,0.28,-0.098,-0.167,-0.094,0.201,0.032,0.232,-0.152,0.281,-0.19,-0.14,-0.216,-0.165,-0.053,0.312,-0.125,-0.242,0.433,0.099,-0.11,0.133,-0.128,0.215,-0.026,0.434,0.084,-0.059,0.327,0.245,0.078,-0.177,0.292,0.129,0.544,0.004,0.163,-0.109,-0.093,-0.047,0.307,0.066,-0.081,0.291,0.395,-0.123,0.117,0.362,0.247,-0.06,0.08,-0.044,0.223,0.28,-0.105,-0.069,0.032,0.388,-0.227,0.296,-0.083,-0.021,0.235,-0.155,0.205,0.091,0.277,-0.182,0.044,-0.363,0.074,-0.248,0.254,0.345,-0.19,0.546,0.182,0.424,0.067,-0.061,0.443,-0.022,0.294,0.238,-0.135,-0.118,-0.041,0.139,0.171,0.12,0.287,0.245,0.129,0.107,0.29,0.202,0.238,-0.137,0.176,0.262,0.281,0.069,0.205,-0.118,-0.177,0.226,-0.143,0.213,0.324,-0.114,-0.168,0.164,0.327,-0.083
AVAV,0.479,0.25,-0.747,-0.608,0.386,-0.569,-0.215,-0.763,0.466,0.619,-0.41,-0.048,-0.441,0.053,-0.214,0.341,0.495,-0.202,0.0,-0.305,-0.834,-0.132,0.72,-0.284,0.618,0.68,-0.016,0.586,0.676,0.516,0.316,0.526,-0.516,-0.749,0.663,-0.542,-0.253,-0.481,-0.608,0.274,0.263,0.901,0.724,-0.68,0.792,0.851,-0.401,-0.802,0.639,0.205,0.618,0.33,-0.044,-0.128,0.239,0.489,-0.789,-0.736,-0.234,0.754,-0.75,0.668,0.131,0.824,0.606,0.498,0.863,-0.18,-0.494,0.687,0.264,-0.76,0.261,-0.661,-0.784,-0.342,0.877,-0.192,-0.506,-0.632,0.801,0.679,0.612,0.583,-0.205,0.43,-0.801,0.318,0.856,0.768,0.194,-0.854,-0.391,-0.276,0.598,0.561,0.72,-0.134,0.326,0.722,0.722,-0.656,0.716,0.548,-0.42,-0.551,-0.02,-0.015,0.831,-0.782,0.04,-0.261,-0.198,0.767,-0.719,0.215,-0.292,0.684,-0.718,-0.612,0.265,0.035,-0.927,-0.262,-0.171,-0.291,-0.811,-0.43,0.78,-0.68,-0.233,0.789,0.233,-0.878,0.063,0.646,0.192,0.357,-0.354,-0.395,0.586,0.842,0.129,-0.759,0.177,0.258,0.222,0.358,0.25,0.764,-0.757,-0.855,-0.808,0.78,-0.017,0.019,-0.202,0.533,-0.363,-0.441,0.814,-0.588,-0.653,-0.555,0.765,0.028,0.092,0.61,-0.678,-0.909,0.835,0.595,0.305,-0.731,0.164,-0.801,0.644,-0.248,0.796,0.273,-0.62,-0.449,-0.705,0.526,-0.263,-0.249,-0.78,0.283,-0.757,0.481,0.854,-0.445,0.668,-0.821,-0.779,0.872,0.88,0.347,0.236,0.808
AXON,0.188,-0.618,0.363,0.251,-0.072,0.401,0.794,0.402,0.31,-0.536,-0.152,0.205,0.167,0.033,-0.025,-0.498,0.309,0.353,-0.305,0.0,0.407,0.022,-0.567,0.173,-0.26,-0.47,-0.482,-0.008,-0.313,-0.141,-0.461,-0.768,0.719,0.556,-0.401,0.1,0.734,0.639,0.043,0.155,-0.23,-0.177,-0.522,0.185,-0.48,-0.556,0.272,0.31,-0.547,0.031,-0.675,-0.214,-0.011,0.367,0.583,-0.497,0.343,0.306,0.408,-0.226,0.531,-0.284,-0.505,-0.502,-0.484,-0.388,-0.465,0.561,0.322,-0.472,-0.161,0.276,-0.744,-0.117,0.423,0.097,-0.24,-0.197,0.316,0.421,-0.544,-0.269,-0.42,-0.2,0.019,-0.284,0.424,0.373,-0.336,-0.512,-0.118,0.336,-0.082,-0.106,-0.609,-0.349,-0.52,-0.566,-0.255,-0.572,-0.578,0.779,-0.593,-0.453,0.188,0.674,-0.14,-0.096,-0.519,0.509,0.131,0.303,0.832,-0.597,0.298,0.057,-0.042,-0.471,0.532,0.589,0.437,-0.18,0.433,-0.31,-0.236,0.174,0.558,-0.055,-0.474,0.37,0.487,-0.294,-0.477,0.516,-0.372,-0.517,-0.317,-0.259,-0.083,0.529,-0.626,-0.12,0.316,0.77,-0.217,-0.425,-0.171,-0.367,0.166,-0.385,0.193,0.425,0.453,-0.523,-0.146,-0.712,-0.425,-0.079,0.542,0.114,-0.576,0.443,0.058,0.667,-0.487,-0.164,0.101,-0.507,0.53,0.344,-0.573,-0.657,-0.263,0.538,0.322,0.542,-0.224,0.213,-0.283,-0.457,0.226,0.749,0.572,-0.597,0.122,0.835,0.598,-0.609,0.389,-0.655,-0.491,0.729,-0.635,0.243,0.425,-0.464,-0.546,-0.218,0.576,-0.557
BANF,-0.539,-0.254,0.746,0.554,-0.281,0.585,0.35,0.763,-0.337,-0.535,0.506,0.248,0.573,0.043,0.182,-0.243,-0.352,0.201,-0.834,0.407,0.0,0.162,-0.732,0.136,-0.558,-0.556,-0.022,-0.451,-0.512,-0.489,-0.3,-0.519,0.538,0.819,-0.517,0.498,0.315,0.533,0.599,-0.163,-0.318,-0.785,-0.536,0.595,-0.781,-0.812,0.434,0.846,-0.609,-0.13,-0.542,-0.176,-0.059,0.047,-0.032,-0.372,0.981,0.935,0.269,-0.65,0.628,-0.745,-0.115,-0.756,-0.474,-0.358,-0.801,0.283,0.44,-0.55,-0.15,0.632,-0.318,0.665,0.966,0.138,-0.815,0.094,0.497,0.806,-0.834,-0.43,-0.641,-0.607,0.083,-0.55,0.825,-0.251,-0.631,-0.669,0.237,0.784,0.389,0.119,-0.473,-0.523,-0.772,0.054,-0.062,-0.656,-0.752,0.681,-0.705,-0.539,0.379,0.517,-0.206,0.087,-0.823,0.833,-0.07,0.436,0.342,-0.706,0.69,-0.17,0.359,-0.584,0.774,0.623,-0.241,-0.13,0.857,0.117,0.083,0.372,0.866,0.308,-0.739,0.929,0.233,-0.657,-0.163,0.837,0.058,-0.458,-0.106,-0.321,0.269,0.393,-0.549,-0.705,-0.171,0.835,-0.12,-0.266,-0.226,-0.378,-0.271,-0.802,0.816,0.861,0.984,-0.63,0.13,-0.062,0.348,-0.514,0.391,0.54,-0.76,0.646,0.581,0.594,-0.706,0.14,0.018,-0.6,0.933,0.863,-0.804,-0.501,-0.305,0.924,-0.088,0.751,-0.52,0.234,-0.649,-0.287,0.557,0.559,0.702,-0.424,0.656,0.286,0.727,-0.336,0.933,-0.499,-0.861,0.612,-0.603,0.94,0.703,-0.807,-0.85,-0.265,-0.142,-0.789
BATRK,0.234,-0.179,0.456,0.61,-0.155,0.697,0.069,0.467,0.169,0.44,0.329,0.383,0.761,0.383,0.827,0.295,0.283,0.034,-0.132,0.022,0.162,0.0,0.354,-0.71,0.51,0.102,0.613,-0.418,-0.043,-0.699,0.425,0.179,-0.311,0.423,-0.262,-0.521,0.405,0.305,0.687,0.081,0.411,0.038,-0.154,-0.304,0.194,0.127,-0.379,0.306,0.318,-0.635,0.259,0.483,0.727,-0.675,-0.424,-0.008,0.201,0.321,-0.601,0.072,0.467,0.259,0.041,0.238,0.54,0.205,-0.203,-0.189,-0.606,-0.014,-0.145,-0.258,0.178,0.5,0.248,-0.671,-0.012,0.435,-0.311,0.183,0.178,0.273,-0.635,-0.489,0.365,0.12,0.107,-0.616,0.053,-0.077,0.351,-0.185,0.801,0.522,0.382,0.342,-0.402,0.216,0.397,-0.056,0.08,-0.123,0.118,0.613,-0.042,-0.305,0.528,0.769,-0.045,0.475,0.607,-0.062,0.144,0.235,-0.019,0.656,0.873,0.085,0.532,-0.433,-0.078,0.718,0.232,0.739,0.848,-0.518,0.099,-0.408,-0.043,0.12,-0.568,0.401,0.053,0.344,0.028,0.153,0.684,0.585,0.697,-0.632,0.009,0.017,-0.745,0.04,0.298,0.278,0.601,-0.015,-0.204,-0.464,0.567,-0.074,0.175,-0.076,0.9,0.365,0.182,0.439,0.741,-0.132,0.239,0.366,0.294,0.524,0.219,0.459,-0.535,0.515,0.199,0.386,0.141,0.252,0.655,-0.041,-0.674,0.418,0.216,0.743,-0.163,0.573,0.651,-0.436,-0.419,0.358,0.097,-0.154,-0.196,0.025,0.442,0.354,-0.404,-0.319,0.337,0.185,-0.324,0.099,-0.014,-0.399,-0.435,0.128
BIDU,0.382,0.412,-0.475,-0.274,0.237,-0.161,-0.525,-0.522,0.272,0.887,-0.056,0.072,-0.038,0.221,0.342,0.54,0.361,-0.258,0.72,-0.567,-0.732,0.354,0.0,-0.512,0.843,0.73,0.581,0.137,0.588,0.096,0.673,0.799,-0.837,-0.597,0.494,-0.599,-0.207,-0.456,-0.067,0.167,0.5,0.729,0.612,-0.671,0.825,0.883,-0.538,-0.612,0.883,-0.125,0.878,0.601,0.35,-0.492,-0.236,0.516,-0.665,-0.514,-0.619,0.592,-0.448,0.769,0.388,0.914,0.799,0.694,0.744,-0.512,-0.738,0.626,0.208,-0.745,0.625,-0.213,-0.683,-0.534,0.729,0.283,-0.573,-0.637,0.939,0.676,0.356,0.37,0.171,0.522,-0.645,-0.17,0.728,0.763,0.229,-0.792,0.169,0.214,0.867,0.75,0.633,0.328,0.378,0.737,0.854,-0.832,0.889,0.924,-0.294,-0.845,0.392,0.474,0.791,-0.588,0.357,-0.223,-0.465,0.912,-0.557,0.508,0.21,0.746,-0.522,-0.932,-0.095,0.554,-0.693,0.406,0.454,-0.559,-0.772,-0.358,0.736,-0.671,-0.595,0.873,0.449,-0.629,0.256,0.669,0.621,0.741,0.203,-0.827,0.735,0.697,-0.397,-0.842,0.458,0.539,0.675,0.396,-0.004,0.531,-0.369,-0.831,-0.72,0.742,0.45,0.533,0.033,0.587,-0.108,-0.386,0.952,-0.476,-0.261,-0.439,0.864,0.38,-0.171,0.907,-0.7,-0.593,0.927,0.802,0.748,-0.832,-0.28,-0.565,0.681,0.127,0.576,0.692,-0.132,-0.845,-0.96,0.813,-0.329,-0.591,-0.818,0.542,-0.532,0.841,0.624,-0.822,0.919,-0.64,-0.834,0.881,0.855,0.214,-0.287,0.902
BLNE,-0.265,0.11,-0.179,-0.179,-0.066,-0.27,0.035,-0.154,-0.335,-0.588,-0.175,-0.336,-0.481,-0.348,-0.558,-0.447,-0.389,0.117,-0.284,0.173,0.136,-0.71,-0.512,0.0,-0.647,-0.392,-0.477,0.172,-0.253,0.5,-0.448,-0.315,0.518,-0.121,-0.094,0.726,-0.104,-0.079,-0.323,-0.12,-0.257,-0.375,-0.182,0.56,-0.442,-0.427,0.478,-0.04,-0.482,0.572,-0.451,-0.529,-0.445,0.759,0.433,-0.322,0.083,0.002,0.684,-0.326,-0.013,-0.417,-0.119,-0.487,-0.746,-0.28,-0.048,0.169,0.823,-0.352,0.139,0.485,-0.133,-0.233,0.044,0.808,-0.268,-0.209,0.478,0.109,-0.366,-0.446,0.406,0.284,0.05,-0.233,0.271,0.548,-0.33,-0.244,-0.48,0.502,-0.486,-0.233,-0.546,-0.463,0.133,-0.096,-0.497,-0.234,-0.218,0.452,-0.291,-0.634,0.156,0.513,-0.219,-0.601,-0.157,-0.169,-0.425,0.25,-0.1,-0.449,0.323,-0.476,-0.663,-0.268,-0.224,0.624,-0.013,-0.477,0.164,-0.449,-0.581,0.609,0.253,0.692,-0.257,0.098,0.593,-0.532,-0.007,0.058,-0.061,-0.51,-0.58,-0.547,-0.438,0.704,-0.263,-0.153,0.74,0.267,-0.203,-0.327,-0.415,0.041,0.159,0.162,-0.234,0.371,0.125,-0.234,-0.764,-0.308,-0.128,-0.474,-0.41,0.386,-0.482,-0.171,0.099,-0.215,-0.447,-0.278,0.455,-0.662,0.024,-0.017,-0.374,-0.372,-0.636,0.294,0.693,-0.033,-0.365,-0.395,-0.067,-0.567,-0.227,0.583,0.621,-0.517,-0.081,0.263,0.563,-0.172,-0.121,-0.499,0.081,0.365,-0.532,0.115,0.645,-0.362,-0.258,0.172,0.297,-0.372
BLNK,0.444,0.221,-0.3,-0.141,0.448,0.152,-0.37,-0.348,0.518,0.873,0.15,0.299,0.211,0.454,0.51,0.631,0.585,0.102,0.618,-0.26,-0.558,0.51,0.843,-0.647,0.0,0.731,0.534,0.007,0.663,-0.085,0.779,0.536,-0.748,-0.396,0.493,-0.679,0.134,-0.175,0.122,0.437,0.508,0.751,0.454,-0.629,0.809,0.711,-0.313,-0.398,0.87,-0.258,0.792,0.811,0.418,-0.443,-0.119,0.394,-0.491,-0.342,-0.598,0.541,-0.264,0.879,0.421,0.873,0.74,0.712,0.568,-0.417,-0.785,0.641,0.369,-0.695,0.378,-0.149,-0.461,-0.627,0.75,0.412,-0.494,-0.536,0.766,0.694,0.056,0.346,0.199,0.636,-0.374,-0.163,0.664,0.624,0.302,-0.714,0.25,0.313,0.806,0.9,0.414,0.255,0.342,0.638,0.714,-0.624,0.776,0.844,-0.083,-0.799,0.311,0.609,0.593,-0.338,0.559,-0.035,-0.24,0.85,-0.359,0.726,0.347,0.558,-0.204,-0.882,0.183,0.625,-0.544,0.363,0.462,-0.696,-0.552,-0.499,0.686,-0.487,-0.43,0.861,0.454,-0.376,0.382,0.668,0.738,0.754,0.347,-0.709,0.637,0.618,-0.491,-0.581,0.354,0.653,0.696,0.253,0.012,0.336,-0.171,-0.711,-0.507,0.612,0.617,0.293,0.007,0.502,0.223,-0.369,0.842,-0.142,-0.124,-0.086,0.855,0.464,-0.087,0.934,-0.455,-0.371,0.799,0.669,0.789,-0.71,-0.304,-0.407,0.734,0.323,0.532,0.737,0.122,-0.732,-0.867,0.729,-0.18,-0.397,-0.666,0.452,-0.31,0.797,0.408,-0.627,0.842,-0.48,-0.729,0.81,0.709,0.228,-0.174,0.823
BTAI,-0.003,0.356,-0.614,-0.448,0.537,-0.245,-0.613,-0.679,0.272,0.808,0.07,0.253,-0.172,0.093,0.118,0.742,0.434,-0.129,0.68,-0.47,-0.556,0.102,0.73,-0.392,0.731,0.0,0.338,0.172,0.561,0.126,0.803,0.551,-0.812,-0.681,0.797,-0.358,-0.266,-0.383,-0.142,0.179,0.115,0.688,0.723,-0.603,0.746,0.759,-0.183,-0.632,0.759,-0.076,0.844,0.726,-0.088,-0.287,-0.064,0.523,-0.469,-0.379,-0.537,0.491,-0.627,0.657,0.712,0.793,0.563,0.691,0.672,-0.389,-0.624,0.822,0.533,-0.612,0.444,-0.23,-0.572,-0.47,0.71,0.124,-0.355,-0.556,0.686,0.575,0.478,0.578,-0.212,0.552,-0.492,-0.126,0.694,0.722,0.289,-0.625,-0.104,0.169,0.786,0.68,0.71,0.399,0.199,0.851,0.795,-0.745,0.786,0.642,-0.115,-0.803,-0.028,0.248,0.577,-0.573,0.252,0.01,-0.409,0.802,-0.291,0.29,-0.011,0.544,-0.469,-0.794,-0.044,0.245,-0.698,0.038,0.085,-0.547,-0.66,-0.368,0.82,-0.512,-0.181,0.675,0.51,-0.634,0.458,0.811,0.464,0.491,-0.073,-0.492,0.868,0.559,-0.283,-0.664,0.267,0.611,0.44,0.101,0.079,0.591,-0.398,-0.594,-0.546,0.787,0.304,0.422,0.05,0.195,-0.229,-0.355,0.821,-0.342,-0.274,-0.536,0.8,0.434,0.108,0.708,-0.519,-0.543,0.741,0.58,0.502,-0.683,-0.226,-0.717,0.487,-0.215,0.497,0.52,-0.197,-0.62,-0.758,0.648,-0.142,-0.573,-0.69,0.391,-0.452,0.744,0.569,-0.559,0.848,-0.514,-0.612,0.824,0.735,0.598,-0.234,0.766
BYND,-0.016,0.44,0.151,0.345,-0.051,0.439,-0.546,0.111,-0.087,0.633,0.447,0.234,0.563,0.242,0.756,0.541,0.029,-0.079,-0.016,-0.482,-0.022,0.613,0.581,-0.477,0.534,0.338,0.0,-0.397,0.166,-0.365,0.647,0.652,-0.634,0.037,0.048,-0.208,-0.074,-0.194,0.581,0.046,0.452,0.048,0.077,-0.164,0.298,0.335,-0.226,0.113,0.641,-0.348,0.608,0.544,0.517,-0.594,-0.532,0.16,0.065,0.198,-0.602,-0.022,0.1,0.323,0.441,0.402,0.515,0.509,0.129,-0.452,-0.478,0.248,0.068,-0.214,0.665,0.424,0.013,-0.405,0.105,0.692,-0.21,-0.095,0.395,0.371,-0.181,-0.133,0.505,0.213,0.033,-0.584,0.16,0.283,0.284,-0.152,0.715,0.643,0.692,0.513,0.071,0.686,0.229,0.317,0.415,-0.495,0.516,0.655,-0.004,-0.627,0.516,0.772,0.253,0.043,0.333,0.119,-0.489,0.484,-0.011,0.481,0.693,0.408,0.1,-0.636,-0.375,0.717,-0.009,0.828,0.836,-0.356,-0.146,-0.001,0.168,-0.038,-0.642,0.414,0.534,0.118,0.413,0.354,0.744,0.634,0.73,-0.741,0.474,0.1,-0.745,-0.325,0.489,0.578,0.727,0.318,-0.35,-0.119,0.389,-0.226,-0.018,0.265,0.714,0.801,0.498,0.251,0.245,0.034,0.477,0.02,0.412,0.017,0.446,0.606,-0.183,0.632,-0.107,0.158,0.436,0.585,0.75,-0.261,-0.554,0.021,0.367,0.466,0.03,0.728,0.458,-0.684,-0.569,0.715,0.072,-0.644,-0.31,0.534,0.193,0.678,-0.047,-0.667,0.62,0.086,-0.305,0.325,0.24,0.02,-0.683,0.388
CAN,0.253,0.126,-0.581,-0.457,0.023,-0.61,0.171,-0.526,0.17,0.063,-0.518,-0.091,-0.565,-0.192,-0.522,-0.088,0.239,-0.295,0.586,-0.008,-0.451,-0.418,0.137,0.172,0.007,0.172,-0.397,0.0,0.303,0.586,-0.178,0.156,0.027,-0.472,0.326,-0.033,-0.282,-0.463,-0.646,0.032,-0.084,0.424,0.387,-0.242,0.257,0.397,-0.284,-0.529,0.041,0.374,0.117,-0.185,-0.221,0.141,0.482,0.15,-0.438,-0.507,0.125,0.6,-0.595,0.119,-0.143,0.288,0.144,0.069,0.519,0.365,0.094,0.258,0.107,-0.279,-0.063,-0.532,-0.449,0.009,0.458,-0.415,-0.243,-0.099,0.283,0.369,0.6,0.33,-0.292,-0.12,-0.517,0.452,0.479,0.349,0.048,-0.352,-0.614,-0.423,0.068,-0.078,0.387,-0.219,0.221,0.416,0.209,-0.156,0.256,0.036,-0.528,0.074,-0.183,-0.448,0.455,-0.509,-0.209,-0.165,0.055,0.193,-0.512,-0.158,-0.521,0.329,-0.537,0.075,0.251,-0.399,-0.573,-0.557,-0.505,0.255,-0.35,-0.053,0.283,-0.361,0.01,0.339,0.017,-0.639,-0.202,0.181,-0.204,-0.141,-0.578,0.105,0.123,0.509,0.603,-0.305,0.093,-0.221,-0.201,0.3,0.104,0.564,-0.644,-0.374,-0.483,0.406,-0.373,-0.204,-0.168,0.347,-0.372,-0.282,0.267,-0.537,-0.526,-0.378,0.171,-0.153,0.162,-0.015,-0.323,-0.678,0.28,0.225,-0.137,-0.197,0.475,-0.511,0.129,-0.381,0.469,-0.22,-0.653,0.118,-0.12,0.071,-0.088,0.109,-0.244,-0.145,-0.549,-0.017,0.531,0.062,0.097,-0.519,-0.34,0.385,0.457,0.202,0.362,0.239
CCEC,0.206,0.441,-0.456,-0.5,0.496,-0.25,-0.343,-0.532,0.377,0.579,0.195,0.079,-0.123,0.426,-0.004,0.352,0.196,0.103,0.676,-0.313,-0.512,-0.043,0.588,-0.253,0.663,0.561,0.166,0.303,0.0,0.383,0.432,0.454,-0.524,-0.564,0.602,-0.34,-0.151,-0.341,-0.213,0.514,0.373,0.682,0.639,-0.259,0.691,0.539,-0.029,-0.447,0.663,0.28,0.63,0.568,0.013,-0.041,0.155,0.502,-0.465,-0.367,-0.093,0.525,-0.541,0.643,0.366,0.747,0.519,0.643,0.689,-0.332,-0.314,0.55,0.543,-0.569,0.283,-0.282,-0.409,-0.226,0.684,0.138,-0.233,-0.537,0.58,0.617,0.349,0.595,0.1,0.551,-0.32,0.261,0.686,0.696,0.385,-0.572,-0.178,-0.194,0.596,0.732,0.548,0.099,0.411,0.606,0.549,-0.476,0.682,0.429,-0.037,-0.624,-0.152,0.153,0.618,-0.557,0.159,0.034,-0.387,0.73,-0.301,0.404,-0.149,0.538,-0.494,-0.542,0.174,0.147,-0.598,-0.055,-0.057,-0.194,-0.498,-0.121,0.673,-0.34,-0.18,0.631,0.546,-0.551,0.559,0.596,0.445,0.341,-0.036,-0.338,0.492,0.583,-0.084,-0.6,0.218,0.411,0.252,0.344,0.017,0.526,-0.404,-0.65,-0.456,0.658,0.11,0.017,0.135,0.197,-0.253,-0.053,0.662,-0.373,-0.233,-0.352,0.655,0.275,0.228,0.617,-0.396,-0.537,0.697,0.668,0.277,-0.528,0.186,-0.619,0.634,-0.019,0.725,0.376,-0.287,-0.438,-0.563,0.59,0.014,-0.308,-0.487,0.573,-0.444,0.603,0.628,-0.314,0.627,-0.373,-0.47,0.683,0.723,0.324,0.04,0.76
CDW,0.217,0.457,-0.744,-0.558,0.241,-0.641,-0.156,-0.711,0.025,-0.009,-0.386,-0.212,-0.706,-0.141,-0.622,-0.012,-0.006,0.06,0.516,-0.141,-0.489,-0.699,0.096,0.5,-0.085,0.126,-0.365,0.586,0.383,0.0,-0.15,0.261,0.083,-0.608,0.519,0.122,-0.318,-0.569,-0.703,0.248,0.123,0.375,0.45,0.031,0.265,0.324,0.202,-0.553,0.166,0.733,0.102,-0.164,-0.457,0.486,0.522,0.162,-0.499,-0.513,0.544,0.384,-0.681,0.16,-0.032,0.218,-0.084,0.248,0.677,-0.03,0.381,0.303,0.305,-0.239,0.138,-0.705,-0.498,0.415,0.477,-0.208,-0.004,-0.467,0.236,0.305,0.767,0.62,-0.001,0.101,-0.353,0.808,0.467,0.426,-0.089,-0.209,-0.732,-0.445,0.035,0.075,0.634,-0.213,-0.044,0.368,0.389,-0.175,0.346,-0.144,-0.159,0.003,-0.266,-0.482,0.598,-0.764,-0.508,0.121,-0.321,0.272,-0.365,-0.248,-0.728,0.452,-0.777,0.052,0.307,-0.508,-0.605,-0.571,-0.623,0.331,-0.345,0.323,0.329,-0.307,0.274,0.16,0.271,-0.598,0.093,0.172,-0.283,-0.165,-0.493,0.215,0.246,0.543,0.625,-0.358,-0.117,-0.087,-0.322,0.435,0.205,0.718,-0.711,-0.464,-0.486,0.51,-0.631,-0.264,-0.023,0.039,-0.69,0.129,0.241,-0.562,-0.516,-0.576,0.268,-0.273,0.609,-0.057,-0.393,-0.735,0.366,0.296,-0.271,-0.261,0.745,-0.698,0.309,-0.476,0.718,-0.128,-0.744,0.104,-0.027,0.055,-0.117,-0.06,-0.149,0.24,-0.648,0.001,0.732,-0.056,0.111,-0.52,-0.049,0.39,0.508,0.443,0.518,0.322
