,ABEO,ACHC,AGNCN,AKAM,AKRO,ALRM,AMAT,AMED,AMRN,ANGI,APA,APOG,APPS,ARCB,ARCC,ARVN,ATEC,ATXS,AVAV,AXON,BANF,BATRK,BIDU,BLNE,BLNK,BTAI,BYND,CAN,CCEC,CDW,CDXS,CELH,CGNX,CHKP,CHRS,CHRW,CIGI,CKPT,CMPR,COGT,CRNC,CRSP,CSTL,CTSH,CVGW,DGLY,DNLI,DOCU,DVAX,EBAY,EHTH,ERII,ESLT,EXPE,EXPO,FBIOP,FFBC,FFIN,FOXF,FWRD,GDS,GERN,GPRE,GRWG,GRYP,HEES,HELE,HIVE,HON,HRTX,HSTM,HURA,IART,IBKR,IBOC,IBRX,IDXX,INGN,INM,INVA,IQ,IRBT,KDP,KPTI,KTOS,KXIN,LAMR,LFUS,LGIH,LGMK,LKFN,LNW,LOPE,LPSN,LYFT,MGNX,MLCO,MNST,MODV,MSTR,MTCH,MYGN,MYRG,NCMI,NEXT,NFLX,NIU,NKTR,NRC,NTNX,NTRA,NVEE,NVMI,NWL,NWS,NXPI,OCGN,OCSL,OKTA,OLLI,OTLK,OXLC,PAA,PARA,PARAA,PDCO,PDFS,PFG,PGEN,PNFP,PODD,POWI,PSMT,PTC,PTEN,PVLA,RDNT,RDUS,RDWR,REGN,RNAC,ROCK,ROST,RRR,RSLS,RVMD,RYAAY,SAFT,SAGE,SAVA,SBGI,SFM,SFNC,SHYF,SIBN,SIFY,SIGI,SIMO,SITM,SLM,SNBR,SNDX,SNY,SPNS,SRRK,STRA,SUPN,SYRE,TCBK,TEAM,TECH,THRM,TLRY,TRMK,TROW,TSLA,TWST,TXN,UFPI,UNIT,UPWK,USLM,UTHR,VERB,VLY,VRNA,VRRM,VXRT,WAFD,WATT,WBA,WING,WIX,WTFC,WTW,XPEL,XRX,YMAB,ZG,ZLAB
ABEO,0.0,-0.309,0.476,0.894,0.693,0.775,0.669,0.637,0.722,0.745,0.456,-0.027,0.815,0.699,0.703,0.792,0.883,0.904,-0.255,0.48,0.697,0.843,0.79,0.246,0.902,-0.148,0.363,0.355,-0.519,0.224,0.576,-0.273,0.912,0.668,0.009,-0.346,0.893,0.724,0.643,0.801,0.587,0.31,-0.647,0.569,-0.297,-0.146,0.28,0.562,-0.74,0.238,-0.044,0.81,0.775,0.726,0.723,-0.877,0.734,0.711,0.015,0.693,0.734,0.769,0.193,0.511,-0.316,0.745,-0.848,0.733,0.303,0.069,0.683,0.006,0.688,-0.065,0.708,-0.004,0.058,0.832,0.133,0.771,0.386,0.551,-0.581,-0.028,0.818,-0.541,0.136,0.597,0.705,-0.555,0.547,0.403,0.607,0.874,-0.475,0.752,-0.742,0.253,-0.419,0.196,0.767,0.784,0.654,0.875,0.014,-0.585,0.879,0.807,-0.026,-0.171,0.445,0.731,0.429,-0.325,0.172,0.865,0.759,-0.592,0.536,0.677,0.906,0.83,0.416,0.644,0.751,0.2,0.654,0.813,0.481,0.753,-0.161,0.848,0.494,0.194,0.061,-0.818,0.56,0.73,0.496,0.639,-0.585,0.726,0.539,0.821,0.614,0.887,0.664,0.829,0.739,-0.406,0.726,0.144,0.744,-0.539,0.853,-0.286,0.651,-0.018,0.89,0.718,-0.232,0.844,0.624,0.865,0.649,0.595,0.785,0.884,0.728,0.263,0.669,0.399,0.919,0.742,0.465,0.648,0.886,0.829,0.586,0.892,0.724,0.752,0.449,-0.456,0.756,0.916,0.741,-0.009,0.756,-0.548,-0.367,-0.922,0.721,0.693,0.09,0.324,-0.517,0.381,0.814,0.06
ACHC,-0.309,0.0,-0.435,-0.378,-0.06,-0.335,-0.604,-0.53,-0.313,-0.304,-0.067,0.201,-0.255,-0.042,-0.502,-0.116,-0.309,-0.213,0.343,-0.271,-0.186,-0.467,-0.302,0.297,-0.277,0.264,-0.146,0.105,0.476,0.605,-0.08,0.561,-0.183,-0.459,0.542,0.451,-0.253,-0.375,-0.271,-0.065,0.015,0.184,0.516,0.149,0.418,0.254,0.328,-0.214,0.464,0.643,0.539,-0.233,-0.57,0.003,0.057,0.434,-0.205,-0.163,0.756,0.045,-0.563,-0.168,0.2,0.076,-0.001,0.015,0.484,-0.214,0.469,0.41,0.013,-0.037,0.136,-0.451,-0.17,0.468,0.458,-0.2,0.258,-0.429,-0.062,0.059,0.616,0.475,-0.121,0.184,-0.117,0.389,0.124,0.29,0.016,-0.063,-0.433,-0.302,0.275,-0.028,0.554,-0.034,0.281,0.238,-0.006,-0.265,0.231,-0.352,0.263,-0.06,-0.472,-0.355,0.511,-0.497,-0.538,0.042,-0.677,0.547,-0.098,-0.431,-0.535,0.443,-0.507,0.041,-0.111,-0.583,-0.451,-0.508,-0.576,0.566,-0.226,-0.045,0.125,-0.118,0.486,-0.175,0.227,-0.176,0.46,0.357,-0.016,-0.05,-0.325,0.047,0.498,0.099,0.231,-0.324,-0.314,-0.298,-0.509,-0.054,-0.182,0.515,-0.36,-0.241,-0.207,0.622,-0.301,-0.056,0.043,-0.048,-0.488,0.014,0.378,-0.384,-0.374,-0.329,0.111,-0.072,0.08,-0.434,-0.205,-0.404,0.195,0.37,-0.388,-0.13,0.418,-0.619,-0.113,-0.465,0.348,-0.229,-0.393,-0.043,-0.098,0.376,-0.091,-0.261,-0.192,0.654,-0.327,0.353,0.532,0.352,-0.071,-0.198,0.283,0.267,0.515,0.318,0.109,0.445
AGNCN,0.476,-0.435,0.0,0.722,0.398,0.79,0.427,0.889,0.308,0.363,0.719,0.249,0.783,0.634,0.744,0.507,0.436,0.575,-0.719,0.459,0.76,0.774,0.252,-0.208,0.555,-0.364,0.746,-0.195,-0.646,-0.292,0.446,-0.571,0.599,0.854,-0.371,-0.173,0.646,0.766,0.844,0.436,0.37,-0.355,-0.641,0.572,-0.63,-0.576,0.268,0.876,-0.643,-0.185,-0.213,0.584,0.652,0.286,0.38,-0.486,0.738,0.727,-0.104,0.315,0.721,0.194,0.156,-0.0,-0.109,0.495,-0.634,0.46,0.055,-0.295,0.399,0.359,0.377,0.652,0.784,-0.313,-0.582,0.643,0.219,0.733,-0.263,0.286,-0.785,-0.47,0.606,-0.567,0.601,-0.046,0.27,-0.601,0.546,0.567,0.903,0.601,-0.471,0.489,-0.815,0.371,-0.097,-0.193,0.228,0.731,0.116,0.551,0.358,-0.374,0.494,0.788,-0.541,0.373,0.61,0.536,0.445,-0.472,0.483,0.65,0.834,-0.695,0.866,0.556,0.423,0.677,0.842,0.822,0.815,0.091,0.771,0.5,-0.007,0.699,-0.276,0.333,0.347,0.787,0.253,-0.556,0.641,0.55,0.736,0.266,-0.714,0.267,-0.239,0.711,0.43,0.546,0.523,0.474,0.294,-0.819,0.843,0.728,0.753,-0.629,0.734,0.44,0.603,-0.218,0.683,0.592,-0.686,0.714,0.677,0.771,0.078,0.596,0.349,0.497,0.731,0.842,0.135,0.132,0.634,0.709,-0.115,0.827,0.455,0.725,0.061,0.627,0.785,0.509,0.523,-0.411,0.612,0.597,0.639,-0.009,0.805,-0.366,-0.79,-0.425,0.262,0.782,0.376,-0.317,-0.75,0.125,0.185,-0.347
AKAM,0.894,-0.378,0.722,0.0,0.736,0.945,0.631,0.824,0.616,0.723,0.715,0.172,0.946,0.801,0.848,0.868,0.865,0.933,-0.562,0.602,0.899,0.962,0.666,0.12,0.893,-0.165,0.613,0.157,-0.702,0.052,0.715,-0.515,0.944,0.874,-0.073,-0.2,0.948,0.884,0.881,0.78,0.527,0.039,-0.732,0.717,-0.538,-0.415,0.456,0.804,-0.837,0.142,-0.124,0.911,0.758,0.708,0.725,-0.882,0.913,0.893,-0.003,0.633,0.861,0.605,0.357,0.334,-0.405,0.804,-0.921,0.758,0.344,-0.002,0.75,0.224,0.68,0.27,0.899,-0.1,-0.222,0.932,0.286,0.916,0.058,0.534,-0.758,-0.188,0.87,-0.615,0.479,0.434,0.641,-0.706,0.668,0.642,0.814,0.934,-0.571,0.752,-0.895,0.484,-0.407,0.115,0.702,0.925,0.529,0.846,0.245,-0.601,0.837,0.917,-0.315,0.04,0.582,0.834,0.485,-0.471,0.462,0.926,0.911,-0.769,0.799,0.794,0.856,0.893,0.708,0.813,0.887,0.182,0.891,0.855,0.381,0.894,-0.103,0.738,0.576,0.521,0.247,-0.829,0.697,0.76,0.676,0.656,-0.657,0.645,0.276,0.968,0.636,0.914,0.683,0.816,0.664,-0.651,0.928,0.504,0.924,-0.626,0.96,0.036,0.787,-0.228,0.966,0.823,-0.51,0.957,0.767,0.971,0.502,0.74,0.779,0.795,0.911,0.602,0.51,0.32,0.949,0.899,0.309,0.821,0.838,0.92,0.448,0.952,0.902,0.808,0.661,-0.544,0.863,0.921,0.895,0.025,0.947,-0.543,-0.653,-0.849,0.669,0.893,0.343,0.082,-0.738,0.415,0.676,-0.165
AKRO,0.693,-0.06,0.398,0.736,0.0,0.71,0.14,0.374,0.588,0.735,0.769,0.297,0.741,0.853,0.382,0.894,0.747,0.881,-0.225,0.466,0.819,0.669,0.5,0.301,0.84,0.331,0.294,0.445,-0.344,0.493,0.837,-0.435,0.825,0.419,0.492,0.11,0.834,0.776,0.655,0.805,0.317,0.361,-0.232,0.778,-0.136,-0.087,0.739,0.618,-0.627,0.464,0.295,0.872,0.287,0.846,0.888,-0.594,0.847,0.844,0.329,0.782,0.427,0.735,0.662,0.611,-0.457,0.905,-0.646,0.657,0.606,0.441,0.935,0.117,0.8,-0.02,0.805,0.146,0.119,0.702,0.374,0.66,0.126,0.688,-0.239,0.385,0.674,-0.36,0.28,0.699,0.821,-0.466,0.799,0.447,0.524,0.734,-0.365,0.89,-0.471,0.469,-0.279,0.607,0.878,0.737,0.809,0.693,0.422,-0.83,0.458,0.67,0.032,-0.464,0.451,0.886,0.039,-0.009,0.429,0.684,0.511,-0.64,0.453,0.707,0.833,0.548,0.301,0.352,0.414,0.396,0.652,0.875,0.743,0.87,0.36,0.709,0.826,0.225,0.631,-0.508,0.697,0.721,0.159,0.858,-0.146,0.801,0.492,0.776,0.426,0.838,0.372,0.847,0.834,-0.157,0.665,0.418,0.834,-0.186,0.795,0.058,0.858,-0.509,0.669,0.888,-0.165,0.804,0.504,0.769,0.783,0.813,0.896,0.621,0.792,0.24,0.748,0.575,0.737,0.831,0.641,0.327,0.862,0.519,0.734,0.848,0.625,0.859,0.567,-0.535,0.878,0.818,0.778,0.238,0.762,-0.104,-0.196,-0.729,0.864,0.804,0.492,0.47,-0.331,0.819,0.774,0.319
ALRM,0.775,-0.335,0.79,0.945,0.71,0.0,0.528,0.833,0.547,0.694,0.771,0.316,0.946,0.801,0.86,0.831,0.794,0.873,-0.648,0.64,0.925,0.942,0.572,0.117,0.853,-0.138,0.74,0.04,-0.728,-0.001,0.775,-0.572,0.891,0.889,-0.068,-0.121,0.929,0.903,0.931,0.74,0.506,-0.039,-0.703,0.719,-0.559,-0.49,0.522,0.844,-0.783,0.114,-0.081,0.893,0.71,0.659,0.712,-0.78,0.923,0.917,0.024,0.567,0.836,0.561,0.402,0.249,-0.419,0.789,-0.847,0.67,0.356,-0.018,0.733,0.258,0.695,0.326,0.919,-0.131,-0.256,0.91,0.371,0.892,-0.037,0.513,-0.749,-0.2,0.863,-0.575,0.616,0.364,0.59,-0.68,0.678,0.676,0.879,0.894,-0.54,0.749,-0.853,0.531,-0.335,0.073,0.65,0.93,0.479,0.808,0.332,-0.572,0.74,0.946,-0.372,0.112,0.659,0.848,0.443,-0.434,0.592,0.893,0.905,-0.768,0.847,0.741,0.766,0.854,0.775,0.844,0.874,0.183,0.908,0.795,0.329,0.885,-0.037,0.661,0.596,0.647,0.35,-0.757,0.751,0.789,0.714,0.591,-0.606,0.61,0.153,0.961,0.588,0.831,0.719,0.746,0.613,-0.693,0.944,0.632,0.934,-0.584,0.939,0.18,0.777,-0.285,0.917,0.814,-0.54,0.929,0.78,0.953,0.45,0.803,0.725,0.709,0.921,0.705,0.438,0.295,0.9,0.904,0.255,0.819,0.784,0.887,0.395,0.898,0.929,0.776,0.663,-0.532,0.848,0.866,0.906,0.017,0.961,-0.433,-0.717,-0.739,0.596,0.912,0.449,0.02,-0.74,0.436,0.589,-0.18
AMAT,0.669,-0.604,0.427,0.631,0.14,0.528,0.0,0.646,0.416,0.469,0.109,-0.13,0.5,0.241,0.673,0.342,0.591,0.474,-0.246,0.417,0.376,0.657,0.609,-0.141,0.506,-0.409,0.254,0.125,-0.44,-0.312,0.104,-0.229,0.523,0.679,-0.451,-0.584,0.517,0.456,0.42,0.333,0.296,0.04,-0.672,0.073,-0.434,-0.214,-0.282,0.303,-0.606,-0.22,-0.416,0.436,0.744,0.249,0.231,-0.702,0.394,0.358,-0.506,0.23,0.725,0.297,-0.235,0.136,-0.016,0.26,-0.691,0.491,-0.174,-0.289,0.163,-0.103,0.164,0.231,0.368,-0.389,-0.222,0.492,-0.072,0.667,0.233,0.204,-0.713,-0.518,0.461,-0.489,0.093,0.027,0.184,-0.407,0.173,0.203,0.488,0.533,-0.318,0.188,-0.735,-0.019,-0.31,-0.204,0.267,0.475,0.072,0.609,-0.376,-0.017,0.735,0.572,-0.306,0.342,0.407,0.227,0.833,-0.584,0.041,0.706,0.705,-0.394,0.503,0.317,0.396,0.753,0.461,0.622,0.724,-0.096,0.446,0.321,0.0,0.342,-0.65,0.528,-0.017,0.096,-0.428,-0.612,0.181,0.332,0.444,0.078,-0.697,0.229,0.073,0.549,0.516,0.514,0.635,0.352,0.226,-0.551,0.516,0.036,0.411,-0.612,0.538,-0.265,0.199,0.279,0.715,0.238,-0.288,0.534,0.467,0.561,0.079,0.212,0.234,0.647,0.444,0.284,0.1,-0.083,0.655,0.402,-0.069,0.741,0.453,0.756,0.014,0.503,0.527,0.335,0.232,-0.231,0.36,0.533,0.429,-0.379,0.513,-0.685,-0.528,-0.56,0.282,0.374,-0.362,-0.077,-0.543,-0.196,0.315,-0.371
AMED,0.637,-0.53,0.889,0.824,0.374,0.833,0.646,0.0,0.338,0.456,0.595,0.031,0.819,0.525,0.904,0.548,0.531,0.664,-0.763,0.392,0.736,0.847,0.513,-0.047,0.602,-0.494,0.711,-0.246,-0.705,-0.41,0.432,-0.505,0.683,0.95,-0.472,-0.29,0.695,0.729,0.808,0.535,0.431,-0.363,-0.816,0.477,-0.764,-0.689,0.205,0.801,-0.76,-0.226,-0.341,0.646,0.813,0.324,0.308,-0.731,0.719,0.688,-0.264,0.228,0.895,0.248,0.107,-0.075,-0.255,0.436,-0.82,0.472,0.021,-0.361,0.375,0.331,0.411,0.603,0.75,-0.248,-0.609,0.755,0.189,0.839,-0.107,0.171,-0.951,-0.569,0.662,-0.552,0.594,-0.039,0.248,-0.66,0.394,0.633,0.853,0.748,-0.523,0.443,-0.949,0.42,-0.282,-0.346,0.254,0.765,0.066,0.608,0.145,-0.346,0.747,0.838,-0.627,0.512,0.538,0.512,0.534,-0.691,0.491,0.745,0.942,-0.722,0.86,0.58,0.516,0.829,0.894,0.916,0.933,-0.057,0.785,0.54,-0.029,0.674,-0.347,0.379,0.2,0.659,0.019,-0.746,0.469,0.518,0.829,0.329,-0.825,0.214,-0.094,0.8,0.522,0.662,0.654,0.47,0.353,-0.904,0.9,0.608,0.752,-0.827,0.764,0.196,0.526,-0.205,0.835,0.528,-0.739,0.809,0.831,0.795,0.069,0.454,0.414,0.592,0.749,0.83,0.087,-0.006,0.742,0.694,-0.145,0.952,0.506,0.864,0.019,0.674,0.842,0.459,0.613,-0.406,0.62,0.671,0.688,-0.112,0.831,-0.608,-0.869,-0.617,0.27,0.77,0.235,-0.393,-0.889,-0.006,0.227,-0.489
AMRN,0.722,-0.313,0.308,0.616,0.588,0.547,0.416,0.338,0.0,0.627,0.259,0.082,0.585,0.599,0.423,0.588,0.747,0.629,0.04,0.412,0.483,0.63,0.585,0.198,0.814,0.19,0.281,0.455,-0.348,0.265,0.538,-0.27,0.631,0.337,0.095,-0.325,0.688,0.595,0.396,0.555,0.362,0.536,-0.338,0.366,0.069,0.121,0.114,0.329,-0.524,0.216,0.155,0.614,0.566,0.548,0.654,-0.545,0.522,0.521,0.01,0.674,0.429,0.756,0.16,0.642,-0.093,0.616,-0.515,0.613,0.17,0.183,0.606,-0.143,0.57,-0.243,0.491,-0.129,0.356,0.491,0.028,0.531,0.505,0.508,-0.26,0.182,0.546,-0.334,-0.114,0.506,0.685,-0.383,0.507,0.052,0.431,0.599,-0.226,0.652,-0.439,0.136,-0.144,0.371,0.669,0.534,0.645,0.747,-0.086,-0.595,0.569,0.58,0.169,-0.309,0.6,0.536,0.348,0.027,0.053,0.66,0.458,-0.445,0.366,0.382,0.696,0.596,0.116,0.378,0.488,0.108,0.376,0.541,0.58,0.537,-0.036,0.793,0.443,0.063,0.064,-0.545,0.535,0.64,0.156,0.514,-0.319,0.708,0.495,0.541,0.421,0.595,0.584,0.67,0.683,-0.157,0.441,0.12,0.51,-0.254,0.646,-0.195,0.465,0.154,0.64,0.511,0.106,0.562,0.391,0.633,0.655,0.574,0.557,0.77,0.49,0.063,0.689,0.407,0.671,0.545,0.42,0.339,0.671,0.552,0.555,0.62,0.448,0.581,0.1,-0.372,0.563,0.726,0.487,-0.117,0.502,-0.252,-0.107,-0.667,0.689,0.459,0.001,0.483,-0.189,0.416,0.636,0.357
ANGI,0.745,-0.304,0.363,0.723,0.735,0.694,0.469,0.456,0.627,0.0,0.494,0.21,0.74,0.65,0.48,0.793,0.808,0.753,-0.163,0.609,0.671,0.747,0.558,0.006,0.81,0.214,0.313,0.453,-0.413,0.235,0.717,-0.433,0.723,0.513,0.241,-0.219,0.763,0.722,0.592,0.708,0.324,0.44,-0.315,0.406,-0.027,0.021,0.28,0.456,-0.527,0.15,0.086,0.785,0.518,0.685,0.723,-0.655,0.707,0.698,-0.073,0.655,0.527,0.719,0.281,0.589,-0.208,0.726,-0.694,0.648,0.177,0.293,0.741,-0.147,0.678,0.04,0.647,-0.215,0.122,0.629,0.029,0.686,0.207,0.676,-0.395,0.036,0.581,-0.476,0.177,0.442,0.692,-0.319,0.623,0.172,0.596,0.686,-0.158,0.772,-0.564,0.199,-0.218,0.394,0.81,0.626,0.566,0.79,0.034,-0.554,0.613,0.678,0.033,-0.23,0.455,0.673,0.424,-0.059,0.226,0.724,0.627,-0.565,0.532,0.458,0.813,0.639,0.273,0.429,0.537,0.15,0.513,0.63,0.656,0.686,-0.068,0.801,0.525,0.083,0.212,-0.445,0.587,0.688,0.216,0.533,-0.291,0.726,0.326,0.702,0.599,0.758,0.57,0.73,0.805,-0.265,0.605,0.244,0.69,-0.24,0.776,-0.051,0.629,-0.156,0.715,0.667,-0.023,0.755,0.409,0.741,0.669,0.654,0.62,0.741,0.697,0.2,0.612,0.427,0.752,0.676,0.35,0.45,0.813,0.626,0.577,0.775,0.659,0.667,0.282,-0.403,0.714,0.753,0.609,-0.19,0.694,-0.242,-0.302,-0.707,0.735,0.656,0.066,0.483,-0.307,0.455,0.7,0.17
APA,0.456,-0.067,0.719,0.715,0.769,0.771,0.109,0.595,0.259,0.494,0.0,0.462,0.793,0.832,0.51,0.765,0.518,0.727,-0.589,0.519,0.905,0.695,0.217,0.016,0.631,0.084,0.578,0.076,-0.453,0.179,0.744,-0.576,0.706,0.638,0.197,0.261,0.738,0.836,0.853,0.599,0.269,-0.122,-0.32,0.855,-0.44,-0.423,0.733,0.851,-0.622,0.259,0.114,0.79,0.277,0.62,0.694,-0.472,0.894,0.898,0.31,0.564,0.521,0.325,0.643,0.264,-0.386,0.791,-0.599,0.557,0.5,0.148,0.767,0.367,0.617,0.445,0.9,-0.025,-0.337,0.696,0.479,0.685,-0.32,0.534,-0.453,0.04,0.639,-0.483,0.639,0.357,0.565,-0.552,0.806,0.656,0.741,0.629,-0.428,0.714,-0.608,0.585,-0.142,0.285,0.557,0.79,0.467,0.532,0.69,-0.643,0.335,0.709,-0.318,-0.099,0.481,0.819,0.107,-0.192,0.617,0.611,0.631,-0.706,0.709,0.751,0.593,0.526,0.668,0.549,0.542,0.402,0.815,0.769,0.406,0.882,0.217,0.418,0.75,0.644,0.739,-0.446,0.759,0.666,0.436,0.627,-0.326,0.537,0.028,0.784,0.426,0.691,0.328,0.67,0.523,-0.502,0.802,0.777,0.895,-0.288,0.776,0.436,0.863,-0.593,0.614,0.872,-0.524,0.76,0.588,0.772,0.383,0.819,0.669,0.382,0.86,0.648,0.411,0.401,0.625,0.861,0.31,0.53,0.622,0.546,0.42,0.76,0.744,0.768,0.693,-0.469,0.824,0.666,0.791,0.276,0.847,-0.163,-0.54,-0.467,0.554,0.909,0.711,0.027,-0.561,0.622,0.446,-0.056
APOG,-0.027,0.201,0.249,0.172,0.297,0.316,-0.13,0.031,0.082,0.21,0.462,0.0,0.271,0.406,0.086,0.337,0.226,0.149,-0.134,0.422,0.415,0.225,-0.231,-0.208,0.222,0.367,0.331,0.234,-0.225,0.267,0.434,-0.125,0.164,0.201,0.431,0.044,0.246,0.293,0.392,0.136,0.003,0.143,0.203,0.295,0.092,0.184,0.328,0.39,0.026,0.093,0.408,0.302,-0.206,0.051,0.432,0.147,0.391,0.43,0.312,0.427,-0.119,0.026,0.354,0.223,0.132,0.419,0.047,0.306,0.206,0.452,0.321,-0.046,0.241,0.129,0.404,-0.423,0.136,0.109,0.109,0.178,-0.404,0.558,0.083,-0.012,0.119,-0.378,0.205,0.146,0.357,-0.049,0.577,0.108,0.294,0.061,0.116,0.236,-0.08,0.153,0.311,0.431,0.246,0.178,0.3,0.233,0.361,-0.193,-0.236,0.285,0.087,-0.161,0.212,0.415,0.064,0.318,0.13,0.076,0.177,-0.038,0.33,0.172,0.165,-0.071,0.079,0.013,0.025,0.314,0.302,0.156,0.117,0.378,0.176,0.213,0.484,0.395,0.521,0.233,0.61,0.432,0.071,0.034,0.241,0.385,-0.228,0.25,0.025,0.05,-0.033,0.22,0.06,-0.062,0.243,0.359,0.358,0.379,0.307,0.585,0.476,-0.036,0.045,0.37,0.057,0.166,-0.12,0.278,0.307,0.567,0.201,0.042,0.401,0.195,0.223,0.437,0.198,0.415,0.094,-0.022,0.194,-0.009,0.298,0.256,0.179,0.41,-0.027,0.116,0.366,0.152,0.203,0.006,0.324,0.318,-0.248,0.136,0.331,0.313,0.333,0.284,0.062,0.507,0.207,0.09
APPS,0.815,-0.255,0.783,0.946,0.741,0.946,0.5,0.819,0.585,0.74,0.793,0.271,0.0,0.848,0.806,0.876,0.802,0.903,-0.562,0.565,0.938,0.945,0.587,0.091,0.885,-0.076,0.691,0.124,-0.654,0.072,0.78,-0.509,0.904,0.853,0.001,-0.14,0.938,0.901,0.914,0.785,0.517,0.038,-0.624,0.751,-0.462,-0.416,0.5,0.856,-0.776,0.172,0.04,0.91,0.713,0.672,0.745,-0.775,0.94,0.93,0.095,0.655,0.783,0.563,0.42,0.347,-0.329,0.827,-0.844,0.718,0.323,0.057,0.771,0.206,0.751,0.302,0.947,-0.156,-0.212,0.884,0.298,0.891,0.017,0.555,-0.708,-0.163,0.825,-0.641,0.514,0.41,0.693,-0.677,0.743,0.605,0.864,0.897,-0.445,0.819,-0.855,0.508,-0.243,0.119,0.674,0.916,0.544,0.834,0.338,-0.685,0.736,0.933,-0.294,0.027,0.577,0.863,0.404,-0.349,0.486,0.864,0.89,-0.767,0.825,0.77,0.842,0.818,0.703,0.778,0.835,0.26,0.867,0.82,0.435,0.93,-0.06,0.723,0.626,0.582,0.391,-0.738,0.792,0.834,0.656,0.651,-0.613,0.676,0.235,0.937,0.6,0.864,0.653,0.801,0.69,-0.664,0.94,0.608,0.951,-0.553,0.972,0.157,0.837,-0.266,0.9,0.856,-0.471,0.935,0.753,0.965,0.521,0.797,0.756,0.744,0.934,0.647,0.554,0.406,0.881,0.931,0.286,0.766,0.813,0.858,0.498,0.919,0.905,0.801,0.609,-0.467,0.899,0.908,0.852,0.051,0.957,-0.448,-0.652,-0.762,0.662,0.942,0.422,0.095,-0.695,0.468,0.633,-0.074
ARCB,0.699,-0.042,0.634,0.801,0.853,0.801,0.241,0.525,0.599,0.65,0.832,0.406,0.848,0.0,0.47,0.856,0.724,0.841,-0.299,0.562,0.903,0.776,0.411,0.11,0.846,0.135,0.511,0.402,-0.454,0.455,0.769,-0.423,0.871,0.584,0.279,0.039,0.879,0.846,0.816,0.707,0.516,0.266,-0.32,0.883,-0.165,-0.132,0.627,0.793,-0.656,0.455,0.258,0.835,0.414,0.761,0.907,-0.526,0.913,0.936,0.422,0.86,0.492,0.601,0.495,0.579,-0.22,0.952,-0.598,0.733,0.567,0.23,0.89,0.166,0.768,0.096,0.911,-0.016,0.025,0.739,0.325,0.708,0.053,0.76,-0.356,0.18,0.78,-0.611,0.329,0.66,0.833,-0.553,0.929,0.457,0.717,0.711,-0.429,0.862,-0.568,0.362,-0.074,0.469,0.791,0.835,0.761,0.788,0.516,-0.762,0.443,0.772,0.028,-0.384,0.574,0.916,0.145,0.002,0.403,0.755,0.617,-0.647,0.593,0.769,0.791,0.58,0.457,0.534,0.561,0.509,0.779,0.871,0.603,0.939,0.145,0.758,0.864,0.485,0.651,-0.56,0.886,0.838,0.362,0.684,-0.387,0.843,0.313,0.794,0.443,0.754,0.379,0.89,0.678,-0.326,0.766,0.485,0.898,-0.189,0.885,0.218,0.921,-0.292,0.699,0.959,-0.221,0.786,0.48,0.869,0.652,0.922,0.803,0.652,0.863,0.397,0.753,0.68,0.765,0.921,0.605,0.47,0.844,0.639,0.73,0.883,0.715,0.889,0.507,-0.503,0.905,0.836,0.807,0.281,0.843,-0.159,-0.305,-0.654,0.78,0.879,0.518,0.371,-0.364,0.708,0.763,0.267
ARCC,0.703,-0.502,0.744,0.848,0.382,0.86,0.673,0.904,0.423,0.48,0.51,0.086,0.806,0.47,0.0,0.573,0.648,0.691,-0.714,0.466,0.696,0.853,0.599,0.096,0.666,-0.383,0.709,-0.234,-0.752,-0.368,0.495,-0.47,0.699,0.928,-0.396,-0.291,0.75,0.718,0.766,0.563,0.415,-0.284,-0.853,0.43,-0.744,-0.629,0.229,0.695,-0.723,-0.194,-0.31,0.705,0.825,0.375,0.367,-0.801,0.686,0.66,-0.28,0.243,0.912,0.338,0.173,-0.067,-0.373,0.453,-0.833,0.486,0.052,-0.285,0.387,0.237,0.431,0.408,0.699,-0.216,-0.425,0.798,0.247,0.809,-0.016,0.172,-0.894,-0.477,0.699,-0.468,0.578,0.065,0.284,-0.659,0.323,0.662,0.763,0.817,-0.527,0.447,-0.904,0.498,-0.409,-0.309,0.328,0.777,0.158,0.656,0.103,-0.331,0.824,0.858,-0.586,0.474,0.543,0.563,0.585,-0.696,0.467,0.777,0.924,-0.625,0.834,0.563,0.574,0.875,0.831,0.898,0.94,-0.11,0.768,0.554,-0.011,0.636,-0.255,0.448,0.204,0.62,-0.022,-0.781,0.458,0.582,0.841,0.372,-0.706,0.286,0.045,0.838,0.532,0.692,0.786,0.458,0.391,-0.847,0.859,0.542,0.723,-0.798,0.756,0.047,0.472,-0.121,0.874,0.491,-0.662,0.795,0.837,0.796,0.175,0.461,0.477,0.621,0.724,0.755,0.122,-0.06,0.795,0.673,-0.084,0.916,0.519,0.871,0.045,0.692,0.839,0.511,0.574,-0.358,0.596,0.707,0.709,-0.197,0.806,-0.615,-0.852,-0.66,0.327,0.704,0.242,-0.276,-0.876,0.067,0.298,-0.478
ARVN,0.792,-0.116,0.507,0.868,0.894,0.831,0.342,0.548,0.588,0.793,0.765,0.337,0.876,0.856,0.573,0.0,0.881,0.928,-0.357,0.56,0.898,0.822,0.56,0.19,0.882,0.22,0.448,0.374,-0.557,0.354,0.89,-0.466,0.899,0.627,0.365,0.019,0.903,0.813,0.798,0.79,0.396,0.27,-0.437,0.773,-0.277,-0.179,0.636,0.709,-0.714,0.379,0.19,0.926,0.444,0.812,0.862,-0.737,0.925,0.908,0.213,0.775,0.582,0.673,0.6,0.526,-0.423,0.928,-0.783,0.813,0.486,0.409,0.906,0.209,0.8,0.087,0.883,-0.022,0.037,0.845,0.317,0.807,0.044,0.691,-0.451,0.12,0.744,-0.582,0.358,0.601,0.804,-0.564,0.793,0.542,0.647,0.854,-0.372,0.854,-0.66,0.535,-0.355,0.465,0.861,0.824,0.713,0.784,0.363,-0.734,0.622,0.779,-0.101,-0.285,0.442,0.921,0.243,-0.18,0.435,0.769,0.7,-0.716,0.614,0.783,0.904,0.668,0.446,0.512,0.599,0.346,0.793,0.882,0.652,0.921,0.19,0.764,0.777,0.347,0.506,-0.615,0.745,0.784,0.392,0.801,-0.308,0.786,0.413,0.889,0.522,0.906,0.449,0.864,0.763,-0.37,0.802,0.478,0.91,-0.312,0.921,0.107,0.886,-0.369,0.81,0.898,-0.288,0.899,0.575,0.883,0.694,0.844,0.895,0.705,0.901,0.391,0.689,0.516,0.851,0.908,0.503,0.509,0.878,0.677,0.669,0.94,0.772,0.873,0.608,-0.508,0.917,0.873,0.853,0.149,0.871,-0.296,-0.408,-0.775,0.807,0.869,0.433,0.371,-0.494,0.705,0.809,0.095
ATEC,0.883,-0.309,0.436,0.865,0.747,0.794,0.591,0.531,0.747,0.808,0.518,0.226,0.802,0.724,0.648,0.881,0.0,0.862,-0.227,0.658,0.748,0.84,0.645,0.123,0.915,0.152,0.365,0.451,-0.606,0.237,0.75,-0.457,0.85,0.625,0.183,-0.182,0.887,0.767,0.695,0.706,0.349,0.369,-0.553,0.565,-0.223,-0.061,0.339,0.544,-0.693,0.239,0.064,0.855,0.603,0.751,0.805,-0.813,0.788,0.769,-0.033,0.742,0.65,0.748,0.377,0.566,-0.334,0.818,-0.797,0.863,0.287,0.288,0.767,0.075,0.648,-0.033,0.73,-0.133,0.161,0.803,0.199,0.792,0.227,0.641,-0.482,0.031,0.728,-0.58,0.19,0.548,0.726,-0.547,0.635,0.416,0.597,0.841,-0.371,0.736,-0.669,0.396,-0.438,0.419,0.82,0.778,0.675,0.871,0.11,-0.568,0.749,0.765,-0.072,-0.217,0.547,0.79,0.519,-0.247,0.267,0.834,0.714,-0.636,0.603,0.674,0.881,0.766,0.373,0.535,0.672,0.215,0.699,0.771,0.569,0.769,-0.014,0.854,0.614,0.238,0.189,-0.668,0.663,0.758,0.385,0.658,-0.369,0.769,0.454,0.845,0.61,0.871,0.645,0.809,0.702,-0.353,0.708,0.309,0.776,-0.372,0.877,-0.075,0.689,-0.048,0.857,0.736,-0.185,0.826,0.538,0.866,0.664,0.752,0.781,0.81,0.766,0.283,0.645,0.368,0.901,0.782,0.429,0.566,0.848,0.734,0.554,0.897,0.743,0.833,0.431,-0.506,0.774,0.876,0.776,-0.103,0.779,-0.404,-0.388,-0.788,0.756,0.705,0.163,0.432,-0.467,0.55,0.8,0.042
ATXS,0.904,-0.213,0.575,0.933,0.881,0.873,0.474,0.664,0.629,0.753,0.727,0.149,0.903,0.841,0.691,0.928,0.862,0.0,-0.415,0.484,0.887,0.868,0.738,0.317,0.927,0.015,0.456,0.285,-0.545,0.265,0.782,-0.424,0.971,0.702,0.197,-0.101,0.96,0.834,0.789,0.851,0.493,0.21,-0.579,0.779,-0.408,-0.303,0.598,0.721,-0.827,0.335,0.091,0.942,0.617,0.828,0.825,-0.841,0.911,0.893,0.153,0.737,0.724,0.724,0.528,0.478,-0.484,0.881,-0.876,0.737,0.49,0.189,0.853,0.179,0.794,0.09,0.886,0.066,-0.054,0.892,0.351,0.848,0.197,0.578,-0.568,0.096,0.837,-0.52,0.366,0.619,0.774,-0.612,0.711,0.605,0.666,0.935,-0.538,0.852,-0.75,0.499,-0.431,0.309,0.83,0.888,0.715,0.829,0.288,-0.755,0.762,0.85,-0.169,-0.201,0.504,0.904,0.287,-0.337,0.467,0.862,0.772,-0.74,0.619,0.802,0.913,0.801,0.54,0.651,0.717,0.291,0.805,0.94,0.558,0.919,0.103,0.783,0.679,0.343,0.394,-0.796,0.679,0.774,0.486,0.82,-0.484,0.752,0.485,0.933,0.571,0.96,0.586,0.862,0.798,-0.437,0.848,0.421,0.919,-0.51,0.931,-0.078,0.832,-0.354,0.904,0.878,-0.372,0.95,0.717,0.923,0.673,0.759,0.919,0.781,0.885,0.423,0.677,0.447,0.919,0.902,0.509,0.639,0.907,0.797,0.621,0.959,0.814,0.865,0.674,-0.556,0.913,0.951,0.887,0.148,0.897,-0.434,-0.451,-0.893,0.808,0.887,0.391,0.258,-0.608,0.607,0.802,0.063
AVAV,-0.255,0.343,-0.719,-0.562,-0.225,-0.648,-0.246,-0.763,0.04,-0.163,-0.589,-0.134,-0.562,-0.299,-0.714,-0.357,-0.227,-0.415,0.0,-0.302,-0.569,-0.568,-0.149,0.039,-0.255,0.453,-0.681,0.541,0.675,0.484,-0.402,0.599,-0.406,-0.746,0.413,-0.118,-0.42,-0.533,-0.722,-0.274,-0.17,0.683,0.699,-0.447,0.829,0.844,-0.38,-0.683,0.502,0.289,0.433,-0.437,-0.458,-0.215,-0.08,0.486,-0.535,-0.511,0.183,0.081,-0.725,0.01,-0.295,0.425,0.521,-0.235,0.593,-0.206,-0.108,0.401,-0.235,-0.593,-0.168,-0.728,-0.559,0.031,0.777,-0.625,-0.312,-0.542,0.503,0.09,0.773,0.466,-0.479,0.237,-0.849,0.227,0.087,0.513,-0.159,-0.794,-0.663,-0.545,0.589,-0.223,0.695,-0.64,0.406,0.396,-0.044,-0.62,0.186,-0.205,-0.443,0.098,-0.465,-0.557,0.776,-0.575,-0.398,-0.38,-0.276,0.7,-0.716,-0.454,-0.68,0.676,-0.747,-0.452,-0.246,-0.569,-0.912,-0.764,-0.695,0.181,-0.715,-0.388,0.23,-0.458,0.02,0.065,-0.161,-0.782,-0.16,0.518,-0.295,-0.24,-0.802,-0.256,0.554,0.099,0.329,-0.613,-0.333,-0.45,-0.405,-0.166,-0.114,0.783,-0.718,-0.745,-0.564,0.705,-0.479,-0.4,-0.334,0.495,-0.558,-0.36,0.895,-0.589,-0.715,-0.533,0.225,-0.288,-0.226,-0.164,-0.55,-0.931,0.253,0.265,-0.43,-0.462,0.292,-0.781,-0.175,-0.589,0.262,-0.433,-0.735,-0.255,-0.709,0.395,-0.346,-0.338,-0.605,-0.026,-0.621,0.359,0.875,0.313,0.035,-0.609,-0.536,0.622,0.847,0.018,0.055,0.689
AXON,0.48,-0.271,0.459,0.602,0.466,0.64,0.417,0.392,0.412,0.609,0.519,0.422,0.565,0.562,0.466,0.56,0.658,0.484,-0.302,0.0,0.559,0.631,0.089,-0.335,0.57,0.026,0.417,0.329,-0.487,0.14,0.53,-0.606,0.53,0.523,-0.05,0.027,0.584,0.697,0.662,0.411,0.226,0.114,-0.402,0.451,-0.143,-0.065,0.198,0.465,-0.312,0.064,-0.226,0.558,0.379,0.535,0.634,-0.485,0.589,0.597,-0.05,0.482,0.506,0.48,0.121,0.401,-0.229,0.627,-0.489,0.659,0.215,0.052,0.543,0.064,0.356,0.234,0.535,-0.22,-0.028,0.578,0.145,0.523,-0.227,0.669,-0.343,-0.097,0.611,-0.417,0.416,0.257,0.342,-0.3,0.538,0.274,0.682,0.468,-0.285,0.534,-0.478,0.207,-0.276,0.32,0.578,0.598,0.329,0.578,0.306,-0.115,0.423,0.547,-0.066,-0.118,0.522,0.542,0.549,-0.094,0.271,0.659,0.531,-0.457,0.648,0.49,0.517,0.565,0.411,0.436,0.533,0.265,0.593,0.483,0.352,0.523,-0.158,0.534,0.525,0.44,0.219,-0.3,0.655,0.576,0.296,0.234,-0.299,0.541,-0.04,0.594,0.585,0.535,0.527,0.602,0.368,-0.305,0.482,0.402,0.567,-0.134,0.607,0.212,0.501,-0.01,0.546,0.604,-0.23,0.521,0.278,0.665,0.288,0.706,0.345,0.453,0.573,0.355,0.301,0.215,0.616,0.549,0.214,0.482,0.576,0.573,0.273,0.636,0.655,0.624,0.289,-0.43,0.447,0.519,0.627,-0.145,0.579,-0.215,-0.378,-0.326,0.347,0.515,0.244,0.269,-0.285,0.373,0.468,-0.093
BANF,0.697,-0.186,0.76,0.899,0.819,0.925,0.376,0.736,0.483,0.671,0.905,0.415,0.938,0.903,0.696,0.898,0.748,0.887,-0.569,0.559,0.0,0.878,0.483,0.098,0.827,0.032,0.661,0.166,-0.604,0.157,0.813,-0.542,0.89,0.799,0.149,0.017,0.908,0.899,0.929,0.726,0.414,0.015,-0.511,0.84,-0.482,-0.412,0.656,0.889,-0.78,0.263,0.104,0.918,0.506,0.695,0.789,-0.67,0.994,0.99,0.193,0.679,0.684,0.475,0.576,0.339,-0.364,0.88,-0.78,0.714,0.477,0.154,0.834,0.287,0.734,0.353,0.991,-0.117,-0.235,0.843,0.412,0.879,-0.123,0.6,-0.618,-0.065,0.784,-0.637,0.57,0.445,0.698,-0.65,0.846,0.674,0.813,0.827,-0.479,0.781,-0.777,0.568,-0.212,0.26,0.683,0.902,0.568,0.749,0.473,-0.707,0.569,0.873,-0.315,-0.05,0.581,0.916,0.299,-0.309,0.598,0.806,0.813,-0.77,0.781,0.817,0.764,0.711,0.698,0.7,0.727,0.349,0.918,0.857,0.438,0.977,0.088,0.648,0.745,0.603,0.578,-0.647,0.812,0.78,0.555,0.687,-0.48,0.665,0.172,0.935,0.504,0.835,0.499,0.789,0.622,-0.589,0.931,0.684,0.994,-0.425,0.942,0.292,0.918,-0.433,0.831,0.915,-0.493,0.915,0.696,0.926,0.506,0.873,0.798,0.629,0.978,0.646,0.525,0.448,0.834,0.984,0.357,0.682,0.79,0.758,0.513,0.907,0.853,0.853,0.705,-0.508,0.95,0.846,0.896,0.174,0.977,-0.32,-0.618,-0.68,0.7,0.985,0.546,0.093,-0.655,0.603,0.62,-0.067
BATRK,0.843,-0.467,0.774,0.962,0.669,0.942,0.657,0.847,0.63,0.747,0.695,0.225,0.945,0.776,0.853,0.822,0.84,0.868,-0.568,0.631,0.878,0.0,0.629,0.018,0.875,-0.157,0.632,0.137,-0.73,-0.047,0.714,-0.569,0.885,0.884,-0.139,-0.275,0.92,0.899,0.888,0.705,0.508,0.038,-0.694,0.634,-0.49,-0.394,0.337,0.785,-0.816,0.041,-0.117,0.881,0.792,0.617,0.685,-0.827,0.889,0.877,-0.082,0.615,0.859,0.575,0.298,0.343,-0.279,0.764,-0.887,0.732,0.2,-0.057,0.701,0.159,0.646,0.339,0.882,-0.262,-0.252,0.859,0.181,0.913,0.055,0.527,-0.779,-0.271,0.816,-0.649,0.452,0.322,0.618,-0.665,0.672,0.55,0.868,0.888,-0.498,0.718,-0.905,0.423,-0.299,0.079,0.649,0.905,0.459,0.887,0.225,-0.555,0.812,0.913,-0.344,0.116,0.68,0.775,0.566,-0.434,0.432,0.911,0.933,-0.767,0.837,0.7,0.801,0.885,0.724,0.836,0.91,0.109,0.856,0.768,0.364,0.858,-0.179,0.743,0.516,0.532,0.191,-0.773,0.725,0.781,0.664,0.546,-0.697,0.626,0.18,0.93,0.65,0.852,0.712,0.761,0.65,-0.687,0.917,0.538,0.896,-0.622,0.957,0.128,0.731,-0.154,0.95,0.773,-0.471,0.925,0.722,0.958,0.446,0.747,0.665,0.801,0.894,0.639,0.47,0.302,0.919,0.867,0.193,0.842,0.778,0.912,0.389,0.906,0.907,0.744,0.544,-0.526,0.822,0.894,0.836,-0.117,0.935,-0.503,-0.7,-0.786,0.625,0.871,0.273,0.06,-0.715,0.343,0.599,-0.176
BIDU,0.79,-0.302,0.252,0.666,0.5,0.572,0.609,0.513,0.585,0.558,0.217,-0.231,0.587,0.411,0.599,0.56,0.645,0.738,-0.149,0.089,0.483,0.629,0.0,0.541,0.708,-0.079,0.211,0.133,-0.317,0.016,0.413,-0.079,0.711,0.485,0.019,-0.373,0.7,0.471,0.347,0.59,0.39,0.318,-0.523,0.304,-0.329,-0.244,0.177,0.258,-0.751,0.175,0.062,0.668,0.654,0.533,0.442,-0.748,0.502,0.481,-0.144,0.417,0.641,0.601,0.252,0.341,-0.328,0.467,-0.735,0.392,0.199,-0.005,0.459,-0.079,0.586,-0.149,0.479,0.03,0.075,0.587,0.13,0.65,0.651,0.174,-0.504,0.059,0.537,-0.279,0.006,0.434,0.551,-0.381,0.259,0.307,0.295,0.751,-0.374,0.49,-0.567,0.235,-0.384,-0.014,0.559,0.565,0.486,0.683,-0.221,-0.56,0.778,0.604,-0.15,-0.016,0.371,0.504,0.31,-0.438,0.259,0.651,0.568,-0.453,0.258,0.414,0.638,0.699,0.32,0.547,0.592,-0.054,0.404,0.617,0.368,0.511,-0.059,0.658,0.157,-0.091,-0.067,-0.775,0.174,0.491,0.331,0.565,-0.466,0.472,0.585,0.633,0.411,0.701,0.616,0.5,0.637,-0.296,0.549,0.009,0.534,-0.557,0.611,-0.503,0.355,-0.099,0.763,0.405,-0.116,0.675,0.61,0.569,0.485,0.3,0.651,0.721,0.521,0.126,0.486,0.158,0.725,0.52,0.332,0.509,0.616,0.657,0.383,0.6,0.491,0.436,0.382,-0.307,0.583,0.736,0.542,-0.085,0.561,-0.515,-0.28,-0.842,0.62,0.497,-0.066,0.149,-0.476,0.203,0.586,0.062
BLNE,0.246,0.297,-0.208,0.12,0.301,0.117,-0.141,-0.047,0.198,0.006,0.016,-0.208,0.091,0.11,0.096,0.19,0.123,0.317,0.039,-0.335,0.098,0.018,0.541,0.0,0.235,0.12,-0.003,-0.035,0.085,0.28,0.236,0.248,0.29,-0.091,0.304,0.193,0.242,-0.022,-0.054,0.334,0.239,0.213,-0.075,0.253,-0.082,-0.175,0.447,-0.048,-0.245,0.489,0.336,0.254,0.054,0.332,0.203,-0.231,0.095,0.101,0.34,0.116,0.079,0.299,0.411,0.123,-0.486,0.186,-0.155,-0.09,0.521,0.129,0.266,0.071,0.415,-0.444,0.102,0.557,0.308,0.231,0.357,0.1,0.507,-0.138,0.096,0.505,0.242,0.252,-0.013,0.511,0.322,-0.12,-0.035,0.258,-0.218,0.318,-0.213,0.228,0.066,0.321,-0.223,0.011,0.291,0.19,0.424,0.116,0.011,-0.45,0.235,0.108,0.101,-0.251,-0.037,0.3,-0.453,-0.053,0.235,0.105,-0.066,-0.042,-0.27,0.22,0.251,0.103,-0.047,0.022,-0.023,0.104,0.055,0.359,0.24,0.151,0.553,0.172,0.146,-0.197,0.206,-0.4,-0.097,0.131,0.001,0.54,0.069,0.213,0.699,0.173,-0.053,0.227,0.109,0.161,0.335,0.169,0.083,-0.1,0.131,-0.121,0.086,-0.442,0.105,-0.279,0.169,0.144,0.077,0.17,0.324,0.043,0.343,0.039,0.494,0.106,0.09,-0.142,0.329,0.148,0.153,0.144,0.505,-0.095,0.203,0.077,0.34,0.133,0.011,0.141,0.295,-0.089,0.225,0.274,0.235,0.355,0.072,-0.095,0.177,-0.388,0.286,0.116,0.281,0.129,-0.054,0.306,0.31,0.313
BLNK,0.902,-0.277,0.555,0.893,0.84,0.853,0.506,0.602,0.814,0.81,0.631,0.222,0.885,0.846,0.666,0.882,0.915,0.927,-0.255,0.57,0.827,0.875,0.708,0.235,0.0,0.136,0.456,0.406,-0.546,0.279,0.785,-0.433,0.912,0.642,0.181,-0.209,0.963,0.856,0.74,0.802,0.472,0.384,-0.509,0.671,-0.221,-0.129,0.434,0.651,-0.763,0.289,0.176,0.916,0.662,0.776,0.869,-0.776,0.855,0.851,0.095,0.809,0.666,0.802,0.427,0.613,-0.32,0.877,-0.794,0.775,0.366,0.229,0.844,0.026,0.77,-0.038,0.827,-0.092,0.131,0.806,0.236,0.809,0.324,0.656,-0.49,0.117,0.787,-0.527,0.209,0.619,0.834,-0.583,0.738,0.415,0.679,0.878,-0.421,0.872,-0.695,0.384,-0.297,0.385,0.842,0.843,0.774,0.928,0.194,-0.759,0.733,0.862,-0.045,-0.255,0.635,0.858,0.393,-0.183,0.325,0.877,0.739,-0.676,0.619,0.689,0.909,0.795,0.432,0.604,0.7,0.267,0.711,0.843,0.637,0.861,0.034,0.895,0.662,0.297,0.32,-0.728,0.75,0.861,0.396,0.732,-0.441,0.846,0.494,0.871,0.59,0.877,0.681,0.872,0.806,-0.375,0.774,0.372,0.853,-0.405,0.929,-0.073,0.771,-0.147,0.876,0.821,-0.181,0.872,0.623,0.915,0.745,0.807,0.837,0.859,0.821,0.334,0.757,0.493,0.923,0.861,0.508,0.585,0.898,0.775,0.659,0.916,0.767,0.864,0.442,-0.51,0.868,0.96,0.801,-0.011,0.841,-0.349,-0.38,-0.849,0.844,0.806,0.257,0.416,-0.478,0.606,0.807,0.199
BTAI,-0.148,0.264,-0.364,-0.165,0.331,-0.138,-0.409,-0.494,0.19,0.214,0.084,0.367,-0.076,0.135,-0.383,0.22,0.152,0.015,0.453,0.026,0.032,-0.157,-0.079,0.12,0.136,0.0,-0.324,0.443,0.183,0.449,0.398,-0.057,-0.079,-0.413,0.769,0.285,0.026,-0.001,-0.138,0.001,-0.342,0.535,0.548,0.03,0.512,0.475,0.237,-0.213,0.098,0.318,0.675,0.161,-0.453,0.185,0.322,0.223,0.054,0.074,0.248,0.343,-0.431,0.172,0.55,0.46,0.001,0.248,0.211,0.123,0.127,0.708,0.334,-0.219,0.167,-0.373,-0.001,-0.057,0.569,-0.198,0.085,-0.121,0.128,0.291,0.548,0.629,-0.262,0.074,-0.262,0.288,0.392,0.178,0.277,-0.223,-0.284,-0.071,0.352,0.202,0.401,0.162,0.162,0.681,0.316,-0.126,0.432,0.05,0.126,-0.362,-0.324,-0.16,0.328,-0.55,0.008,0.198,-0.212,0.53,-0.021,-0.159,-0.334,0.073,-0.227,-0.065,0.08,-0.297,-0.452,-0.505,-0.446,0.181,-0.165,0.029,0.563,0.067,0.555,0.2,0.331,-0.321,0.437,0.337,0.168,0.156,-0.581,0.292,0.65,0.354,0.296,-0.074,-0.112,-0.014,-0.178,0.079,0.249,0.481,-0.207,0.044,0.014,0.572,0.003,0.115,0.137,-0.166,-0.182,0.107,0.507,-0.089,-0.302,-0.1,0.435,0.276,0.203,-0.089,-0.003,-0.373,0.366,0.281,-0.086,0.058,0.316,-0.509,0.038,-0.37,0.363,-0.009,-0.194,0.214,-0.201,-0.012,0.138,0.025,-0.078,-0.063,-0.077,0.458,0.393,0.115,0.393,-0.022,0.102,0.612,0.408,0.574,0.191,0.522
BYND,0.363,-0.146,0.746,0.613,0.294,0.74,0.254,0.711,0.281,0.313,0.578,0.331,0.691,0.511,0.709,0.448,0.365,0.456,-0.681,0.417,0.661,0.632,0.211,-0.003,0.456,-0.324,0.0,-0.306,-0.567,-0.179,0.462,-0.393,0.517,0.747,-0.283,-0.035,0.553,0.6,0.72,0.409,0.434,-0.279,-0.561,0.508,-0.519,-0.567,0.392,0.733,-0.387,-0.042,-0.156,0.501,0.524,0.279,0.338,-0.391,0.619,0.63,0.048,0.181,0.618,0.172,0.159,-0.12,-0.241,0.421,-0.482,0.323,0.247,-0.21,0.368,0.342,0.457,0.426,0.661,-0.134,-0.343,0.613,0.297,0.568,-0.27,0.202,-0.639,-0.346,0.625,-0.378,0.674,0.055,0.243,-0.494,0.402,0.548,0.748,0.539,-0.4,0.444,-0.636,0.418,-0.068,-0.241,0.208,0.637,0.106,0.402,0.346,-0.281,0.414,0.697,-0.387,0.337,0.466,0.526,0.235,-0.341,0.521,0.543,0.678,-0.489,0.723,0.466,0.396,0.555,0.729,0.758,0.706,0.084,0.686,0.434,-0.004,0.572,-0.119,0.25,0.346,0.772,0.303,-0.474,0.55,0.522,0.753,0.231,-0.511,0.25,-0.177,0.619,0.287,0.401,0.509,0.402,0.246,-0.674,0.721,0.604,0.638,-0.452,0.587,0.309,0.53,-0.197,0.562,0.495,-0.541,0.574,0.607,0.624,0.103,0.509,0.323,0.372,0.649,0.748,0.122,0.142,0.515,0.613,-0.017,0.658,0.386,0.641,0.114,0.492,0.652,0.373,0.482,-0.2,0.516,0.466,0.595,0.145,0.673,-0.286,-0.68,-0.355,0.178,0.655,0.5,-0.283,-0.598,0.142,0.177,-0.28
CAN,0.355,0.105,-0.195,0.157,0.445,0.04,0.125,-0.246,0.455,0.453,0.076,0.234,0.124,0.402,-0.234,0.374,0.451,0.285,0.541,0.329,0.166,0.137,0.133,-0.035,0.406,0.443,-0.306,0.0,0.171,0.684,0.227,0.064,0.312,-0.168,0.52,-0.065,0.278,0.165,0.02,0.301,0.093,0.761,0.267,0.215,0.548,0.66,0.038,-0.022,-0.066,0.457,0.373,0.263,-0.068,0.4,0.606,-0.101,0.223,0.23,0.253,0.708,-0.196,0.501,0.095,0.806,0.201,0.498,-0.054,0.562,0.28,0.533,0.455,-0.33,0.292,-0.427,0.167,-0.086,0.624,0.059,-0.151,0.147,0.32,0.688,0.347,0.418,0.15,-0.314,-0.479,0.603,0.611,0.022,0.498,-0.328,-0.045,0.101,0.138,0.378,0.086,-0.198,0.142,0.799,0.569,0.108,0.655,0.414,-0.103,-0.307,0.024,0.051,0.611,-0.732,0.1,0.332,0.087,0.468,-0.369,0.215,-0.072,0.009,-0.132,0.266,0.444,-0.007,-0.422,-0.285,-0.156,0.494,0.007,0.32,0.623,0.272,0.026,0.632,0.477,-0.391,0.187,0.034,0.349,0.321,-0.433,0.296,0.161,0.66,0.527,0.119,0.258,0.261,-0.066,0.525,0.377,0.434,-0.051,-0.302,0.17,0.398,0.261,-0.159,0.369,0.198,0.109,0.38,0.529,0.128,-0.276,0.227,0.607,0.408,0.363,0.366,0.188,-0.493,0.664,0.627,0.266,0.266,0.633,-0.241,0.486,0.007,0.665,0.33,-0.033,0.473,-0.191,-0.093,0.335,0.358,0.145,0.006,0.095,0.155,0.413,-0.225,0.571,0.107,-0.198,0.827,0.415,0.501,0.629,0.594
CCEC,-0.519,0.476,-0.646,-0.702,-0.344,-0.728,-0.44,-0.705,-0.348,-0.413,-0.453,-0.225,-0.654,-0.454,-0.752,-0.557,-0.606,-0.545,0.675,-0.487,-0.604,-0.73,-0.317,0.085,-0.546,0.183,-0.567,0.171,0.0,0.291,-0.556,0.596,-0.554,-0.744,0.253,0.137,-0.609,-0.609,-0.744,-0.325,-0.269,0.265,0.717,-0.404,0.567,0.456,-0.237,-0.64,0.583,0.268,0.245,-0.566,-0.595,-0.293,-0.32,0.606,-0.596,-0.586,0.223,-0.289,-0.71,-0.271,-0.234,0.073,0.314,-0.43,0.639,-0.48,0.029,0.158,-0.376,-0.426,-0.25,-0.387,-0.595,0.252,0.374,-0.69,-0.063,-0.622,0.174,-0.216,0.707,0.407,-0.528,0.482,-0.501,0.015,-0.217,0.619,-0.327,-0.603,-0.674,-0.683,0.501,-0.352,0.708,-0.507,0.42,0.098,-0.305,-0.659,-0.131,-0.556,-0.293,0.207,-0.592,-0.664,0.525,-0.333,-0.582,-0.506,-0.514,0.517,-0.439,-0.615,-0.746,0.64,-0.749,-0.421,-0.477,-0.659,-0.695,-0.723,-0.758,0.236,-0.731,-0.448,0.033,-0.541,0.064,-0.335,-0.29,-0.659,-0.024,0.571,-0.482,-0.508,-0.745,-0.297,0.476,-0.244,0.103,-0.691,-0.392,-0.55,-0.499,-0.376,-0.263,0.663,-0.735,-0.563,-0.601,0.57,-0.667,-0.345,-0.401,0.109,-0.705,-0.432,0.598,-0.661,-0.578,-0.691,-0.122,-0.473,-0.377,-0.491,-0.596,-0.716,-0.086,0.067,-0.674,-0.549,0.123,-0.739,-0.378,-0.666,0.011,-0.622,-0.774,-0.434,-0.45,0.499,-0.449,-0.528,-0.611,0.243,-0.671,0.305,0.734,0.511,-0.266,-0.567,-0.297,0.188,0.704,-0.166,-0.258,0.453
CDW,0.224,0.605,-0.292,0.052,0.493,-0.001,-0.312,-0.41,0.265,0.235,0.179,0.267,0.072,0.455,-0.368,0.354,0.237,0.265,0.484,0.14,0.157,-0.047,0.016,0.28,0.279,0.449,-0.179,0.684,0.291,0.0,0.272,0.29,0.3,-0.307,0.745,0.215,0.231,0.065,-0.017,0.364,0.302,0.682,0.414,0.434,0.578,0.565,0.442,0.009,0.12,0.803,0.54,0.21,-0.289,0.494,0.622,0.076,0.191,0.235,0.783,0.65,-0.356,0.454,0.256,0.679,0.001,0.537,0.132,0.282,0.674,0.61,0.514,-0.24,0.491,-0.598,0.168,0.344,0.705,0.093,0.112,-0.097,0.24,0.641,0.552,0.705,0.256,-0.099,-0.302,0.853,0.647,0.103,0.498,-0.161,-0.144,0.038,0.091,0.479,0.315,-0.136,0.155,0.749,0.608,0.084,0.761,0.217,0.242,-0.417,-0.155,-0.002,0.798,-0.93,-0.153,0.442,-0.443,0.679,-0.212,0.065,-0.265,0.161,-0.321,0.285,0.412,-0.2,-0.473,-0.353,-0.322,0.664,0.005,0.414,0.628,0.297,0.42,0.448,0.653,-0.252,0.548,0.091,0.371,0.352,-0.379,0.398,0.348,0.691,0.56,0.038,-0.001,0.166,-0.256,0.531,0.386,0.574,-0.107,-0.309,0.157,0.589,0.148,-0.17,0.455,-0.023,-0.084,0.477,0.528,0.035,-0.307,0.119,0.688,0.391,0.502,0.153,0.139,-0.516,0.763,0.793,0.102,0.25,0.871,-0.456,0.476,-0.128,0.855,0.284,-0.138,0.452,-0.053,-0.035,0.332,0.24,0.152,0.517,0.026,0.295,0.603,-0.176,0.547,0.106,0.236,0.812,0.524,0.68,0.687,0.777
CDXS,0.576,-0.08,0.446,0.715,0.837,0.775,0.104,0.432,0.538,0.717,0.744,0.434,0.78,0.769,0.495,0.89,0.75,0.782,-0.402,0.53,0.813,0.714,0.413,0.236,0.785,0.398,0.462,0.227,-0.556,0.272,0.0,-0.563,0.735,0.495,0.4,0.174,0.798,0.76,0.753,0.667,0.284,0.212,-0.316,0.704,-0.201,-0.224,0.682,0.621,-0.596,0.313,0.29,0.853,0.328,0.724,0.778,-0.567,0.826,0.83,0.244,0.653,0.481,0.636,0.714,0.433,-0.483,0.835,-0.618,0.65,0.44,0.409,0.858,0.256,0.736,0.085,0.791,0.009,0.046,0.729,0.38,0.672,-0.005,0.564,-0.325,0.227,0.625,-0.397,0.436,0.482,0.711,-0.494,0.701,0.515,0.599,0.762,-0.311,0.812,-0.493,0.642,-0.284,0.437,0.77,0.758,0.639,0.681,0.479,-0.716,0.466,0.689,-0.148,-0.245,0.531,0.864,0.113,-0.07,0.556,0.64,0.561,-0.701,0.58,0.623,0.761,0.557,0.43,0.443,0.485,0.228,0.7,0.748,0.635,0.809,0.4,0.621,0.742,0.412,0.586,-0.49,0.733,0.758,0.322,0.759,-0.145,0.698,0.336,0.787,0.437,0.744,0.447,0.702,0.731,-0.311,0.706,0.605,0.813,-0.225,0.806,0.27,0.757,-0.451,0.672,0.791,-0.247,0.776,0.534,0.758,0.62,0.834,0.777,0.537,0.787,0.442,0.584,0.418,0.694,0.793,0.416,0.401,0.697,0.527,0.556,0.784,0.726,0.762,0.523,-0.492,0.79,0.753,0.78,0.097,0.764,-0.068,-0.388,-0.604,0.683,0.784,0.573,0.332,-0.418,0.727,0.624,0.134
CELH,-0.273,0.561,-0.571,-0.515,-0.435,-0.572,-0.229,-0.505,-0.27,-0.433,-0.576,-0.125,-0.509,-0.423,-0.47,-0.466,-0.457,-0.424,0.599,-0.606,-0.542,-0.569,-0.079,0.248,-0.433,-0.057,-0.393,0.064,0.596,0.29,-0.563,0.0,-0.378,-0.494,0.205,-0.252,-0.473,-0.674,-0.644,-0.224,0.1,0.265,0.484,-0.409,0.445,0.462,-0.283,-0.485,0.504,0.212,0.347,-0.501,-0.349,-0.444,-0.337,0.465,-0.555,-0.541,0.31,-0.162,-0.603,-0.267,-0.378,-0.033,0.451,-0.407,0.551,-0.452,-0.019,0.182,-0.469,-0.46,-0.13,-0.551,-0.5,0.128,0.452,-0.506,-0.183,-0.519,0.32,-0.155,0.505,0.103,-0.378,0.208,-0.603,0.112,-0.089,0.402,-0.332,-0.486,-0.628,-0.487,0.466,-0.391,0.51,-0.541,0.459,-0.116,-0.299,-0.615,-0.052,-0.367,-0.447,0.197,-0.39,-0.446,0.562,-0.178,-0.668,-0.407,-0.466,0.426,-0.624,-0.545,-0.51,0.768,-0.695,-0.39,-0.315,-0.582,-0.645,-0.528,-0.554,0.15,-0.595,-0.41,-0.254,-0.453,-0.042,-0.181,-0.344,-0.528,-0.221,0.39,-0.407,-0.323,-0.328,-0.363,0.333,-0.165,0.181,-0.569,-0.43,-0.519,-0.49,-0.338,-0.325,0.474,-0.547,-0.747,-0.545,0.459,-0.514,-0.356,-0.338,0.469,-0.548,-0.436,0.589,-0.548,-0.529,-0.553,0.015,-0.506,-0.228,-0.265,-0.477,-0.658,0.009,0.201,-0.447,-0.442,0.095,-0.588,-0.282,-0.487,0.117,-0.477,-0.712,-0.418,-0.509,0.671,-0.352,-0.416,-0.603,0.246,-0.568,0.223,0.565,0.311,-0.175,-0.573,-0.385,0.174,0.582,-0.233,-0.073,0.358
CGNX,0.912,-0.183,0.599,0.944,0.825,0.891,0.523,0.683,0.631,0.723,0.706,0.164,0.904,0.871,0.699,0.899,0.85,0.971,-0.406,0.53,0.89,0.885,0.711,0.29,0.912,-0.079,0.517,0.312,-0.554,0.3,0.735,-0.378,0.0,0.736,0.122,-0.117,0.963,0.825,0.814,0.831,0.601,0.207,-0.605,0.811,-0.391,-0.297,0.565,0.746,-0.811,0.386,0.043,0.914,0.65,0.812,0.838,-0.818,0.909,0.903,0.211,0.752,0.733,0.698,0.426,0.474,-0.412,0.892,-0.851,0.755,0.548,0.107,0.835,0.176,0.791,0.072,0.893,0.061,-0.038,0.906,0.328,0.854,0.195,0.616,-0.58,0.045,0.901,-0.584,0.366,0.658,0.774,-0.625,0.738,0.587,0.704,0.913,-0.559,0.825,-0.752,0.434,-0.359,0.269,0.814,0.912,0.71,0.851,0.282,-0.695,0.765,0.862,-0.115,-0.203,0.527,0.911,0.301,-0.314,0.431,0.896,0.778,-0.703,0.615,0.834,0.898,0.797,0.56,0.698,0.75,0.349,0.839,0.944,0.51,0.922,0.036,0.805,0.7,0.383,0.377,-0.814,0.711,0.791,0.534,0.75,-0.564,0.774,0.471,0.927,0.577,0.915,0.577,0.891,0.731,-0.451,0.857,0.371,0.915,-0.487,0.934,-0.068,0.843,-0.261,0.904,0.898,-0.358,0.921,0.687,0.935,0.633,0.781,0.894,0.785,0.894,0.427,0.681,0.501,0.92,0.917,0.56,0.665,0.916,0.842,0.647,0.961,0.814,0.863,0.656,-0.537,0.912,0.946,0.907,0.191,0.899,-0.451,-0.442,-0.875,0.769,0.88,0.388,0.253,-0.575,0.565,0.821,0.063
CHKP,0.668,-0.459,0.854,0.874,0.419,0.889,0.679,0.95,0.337,0.513,0.638,0.201,0.853,0.584,0.928,0.627,0.625,0.702,-0.746,0.523,0.799,0.884,0.485,-0.091,0.642,-0.413,0.747,-0.168,-0.744,-0.307,0.495,-0.494,0.736,0.0,-0.362,-0.276,0.751,0.764,0.866,0.561,0.442,-0.316,-0.792,0.53,-0.742,-0.618,0.275,0.833,-0.729,-0.152,-0.316,0.707,0.753,0.374,0.414,-0.74,0.783,0.759,-0.204,0.32,0.88,0.251,0.157,-0.043,-0.257,0.528,-0.828,0.556,0.098,-0.245,0.439,0.281,0.437,0.551,0.803,-0.294,-0.521,0.807,0.235,0.863,-0.185,0.31,-0.924,-0.568,0.72,-0.635,0.642,0.05,0.316,-0.663,0.488,0.676,0.862,0.771,-0.502,0.464,-0.95,0.437,-0.288,-0.241,0.343,0.798,0.141,0.654,0.192,-0.321,0.731,0.879,-0.573,0.449,0.521,0.607,0.593,-0.643,0.487,0.787,0.969,-0.674,0.901,0.642,0.564,0.819,0.875,0.907,0.937,0.035,0.86,0.585,-0.007,0.733,-0.334,0.446,0.313,0.7,0.093,-0.704,0.566,0.591,0.846,0.322,-0.75,0.311,-0.11,0.864,0.533,0.691,0.648,0.524,0.339,-0.89,0.926,0.601,0.807,-0.723,0.815,0.224,0.611,-0.159,0.856,0.601,-0.704,0.83,0.765,0.847,0.148,0.553,0.476,0.602,0.823,0.817,0.129,0.069,0.793,0.768,-0.082,0.935,0.576,0.884,0.093,0.749,0.87,0.567,0.624,-0.365,0.682,0.691,0.742,-0.097,0.884,-0.578,-0.884,-0.602,0.34,0.802,0.27,-0.292,-0.866,0.104,0.326,-0.499
CHRS,0.009,0.542,-0.371,-0.073,0.492,-0.068,-0.451,-0.472,0.095,0.241,0.197,0.431,0.001,0.279,-0.396,0.365,0.183,0.197,0.413,-0.05,0.149,-0.139,0.019,0.304,0.181,0.769,-0.283,0.52,0.253,0.745,0.4,0.205,0.122,-0.362,0.0,0.29,0.127,-0.019,-0.087,0.232,-0.139,0.588,0.541,0.247,0.474,0.503,0.495,-0.063,0.099,0.582,0.737,0.237,-0.521,0.335,0.463,0.171,0.17,0.195,0.531,0.492,-0.463,0.259,0.578,0.494,-0.072,0.404,0.15,0.154,0.454,0.877,0.448,-0.184,0.382,-0.487,0.126,0.151,0.615,-0.049,0.131,-0.088,0.112,0.45,0.565,0.684,-0.08,-0.021,-0.256,0.575,0.542,0.202,0.413,-0.098,-0.296,-0.0,0.295,0.326,0.368,0.113,0.119,0.777,0.479,-0.06,0.608,0.069,0.213,-0.477,-0.312,-0.077,0.492,-0.733,-0.199,0.378,-0.428,0.567,-0.031,-0.147,-0.293,0.124,-0.311,0.109,0.268,-0.339,-0.486,-0.491,-0.459,0.4,-0.069,0.251,0.571,0.234,0.629,0.256,0.524,-0.323,0.613,0.289,0.236,0.242,-0.479,0.428,0.67,0.486,0.423,0.018,-0.149,0.127,-0.326,0.251,0.328,0.541,-0.111,-0.103,0.133,0.609,0.077,0.01,0.371,-0.256,-0.157,0.3,0.483,0.028,-0.292,-0.014,0.634,0.321,0.461,-0.013,0.13,-0.439,0.543,0.549,-0.001,0.201,0.566,-0.546,0.272,-0.343,0.629,0.157,-0.192,0.35,-0.032,0.061,0.313,0.102,0.038,0.291,0.012,0.459,0.446,-0.039,0.545,0.088,0.22,0.712,0.421,0.748,0.465,0.61
CHRW,-0.346,0.451,-0.173,-0.2,0.11,-0.121,-0.584,-0.29,-0.325,-0.219,0.261,0.044,-0.14,0.039,-0.291,0.019,-0.182,-0.101,-0.118,0.027,0.017,-0.275,-0.373,0.193,-0.209,0.285,-0.035,-0.065,0.137,0.215,0.174,-0.252,-0.117,-0.276,0.29,0.0,-0.126,-0.042,0.029,-0.148,-0.328,-0.223,0.179,0.348,-0.024,-0.237,0.522,-0.02,0.142,0.397,0.109,-0.03,-0.505,0.253,0.067,0.184,0.011,0.031,0.383,-0.12,-0.191,-0.195,0.515,-0.118,-0.485,0.088,0.177,-0.044,0.469,0.102,0.208,0.564,-0.057,0.008,-0.022,0.554,-0.03,0.025,0.462,-0.195,-0.365,-0.137,0.335,0.484,-0.048,0.283,0.362,0.134,-0.11,0.06,-0.0,0.332,-0.177,-0.114,-0.133,-0.011,0.355,0.496,-0.187,0.228,0.001,0.059,0.026,-0.357,0.628,-0.042,-0.304,-0.275,-0.093,-0.275,-0.104,0.143,-0.448,0.089,0.438,-0.206,-0.371,-0.109,-0.134,0.212,-0.138,-0.278,0.034,-0.245,-0.331,0.307,0.08,0.134,0.149,-0.009,0.661,-0.343,0.32,0.14,0.546,0.142,-0.025,-0.137,-0.179,0.285,0.367,-0.093,0.05,-0.07,-0.031,-0.048,-0.268,-0.046,-0.131,0.233,-0.113,0.351,0.002,0.249,-0.164,0.208,0.046,-0.56,-0.241,0.129,-0.181,-0.156,0.016,-0.159,-0.19,0.118,0.078,-0.498,-0.062,0.084,-0.105,-0.109,-0.268,-0.025,0.265,-0.273,-0.177,-0.296,-0.035,-0.093,0.005,0.073,0.357,-0.219,-0.063,-0.188,0.159,0.443,-0.099,0.218,0.185,0.271,-0.197,0.043,0.642,-0.069,0.068,0.352,-0.1,0.023
CIGI,0.893,-0.253,0.646,0.948,0.834,0.929,0.517,0.695,0.688,0.763,0.738,0.246,0.938,0.879,0.75,0.903,0.887,0.96,-0.42,0.584,0.908,0.92,0.7,0.242,0.963,0.026,0.553,0.278,-0.609,0.231,0.798,-0.473,0.963,0.751,0.127,-0.126,0.0,0.899,0.84,0.802,0.516,0.221,-0.592,0.77,-0.38,-0.288,0.534,0.749,-0.822,0.301,0.095,0.956,0.672,0.797,0.855,-0.807,0.925,0.926,0.139,0.761,0.75,0.715,0.478,0.487,-0.402,0.901,-0.85,0.752,0.449,0.127,0.847,0.143,0.781,0.086,0.906,-0.056,-0.025,0.888,0.338,0.86,0.205,0.616,-0.587,0.045,0.858,-0.572,0.378,0.601,0.789,-0.647,0.761,0.575,0.747,0.923,-0.524,0.851,-0.762,0.469,-0.339,0.283,0.811,0.928,0.718,0.908,0.311,-0.731,0.759,0.912,-0.169,-0.167,0.634,0.918,0.38,-0.3,0.454,0.911,0.806,-0.731,0.687,0.771,0.889,0.831,0.589,0.716,0.778,0.289,0.83,0.907,0.541,0.925,0.048,0.827,0.692,0.427,0.391,-0.789,0.763,0.869,0.531,0.737,-0.519,0.798,0.413,0.945,0.608,0.906,0.683,0.864,0.755,-0.491,0.873,0.469,0.932,-0.476,0.965,-0.006,0.822,-0.255,0.92,0.882,-0.341,0.923,0.704,0.959,0.653,0.83,0.862,0.808,0.898,0.474,0.68,0.451,0.942,0.924,0.489,0.685,0.887,0.838,0.609,0.958,0.853,0.886,0.59,-0.55,0.913,0.965,0.893,0.065,0.924,-0.401,-0.5,-0.855,0.796,0.893,0.391,0.276,-0.6,0.586,0.781,0.065
CKPT,0.724,-0.375,0.766,0.884,0.776,0.903,0.456,0.729,0.595,0.722,0.836,0.293,0.901,0.846,0.718,0.813,0.767,0.834,-0.533,0.697,0.899,0.899,0.471,-0.022,0.856,-0.001,0.6,0.165,-0.609,0.065,0.76,-0.674,0.825,0.764,-0.019,-0.042,0.899,0.0,0.886,0.691,0.387,0.054,-0.547,0.729,-0.424,-0.363,0.472,0.782,-0.764,0.124,-0.059,0.889,0.615,0.712,0.76,-0.709,0.912,0.91,0.032,0.636,0.76,0.578,0.426,0.392,-0.343,0.828,-0.792,0.697,0.314,0.016,0.787,0.203,0.669,0.351,0.89,-0.162,-0.244,0.801,0.323,0.822,-0.034,0.596,-0.629,-0.068,0.769,-0.515,0.516,0.374,0.625,-0.648,0.762,0.549,0.867,0.793,-0.503,0.804,-0.779,0.466,-0.278,0.231,0.694,0.895,0.517,0.805,0.424,-0.624,0.643,0.872,-0.299,-0.042,0.712,0.806,0.435,-0.301,0.531,0.867,0.808,-0.789,0.81,0.701,0.74,0.818,0.698,0.733,0.787,0.22,0.83,0.792,0.482,0.877,-0.047,0.675,0.66,0.552,0.415,-0.659,0.776,0.794,0.512,0.605,-0.538,0.656,0.136,0.887,0.607,0.83,0.675,0.776,0.681,-0.592,0.861,0.656,0.912,-0.477,0.911,0.211,0.776,-0.345,0.847,0.848,-0.454,0.869,0.694,0.918,0.471,0.838,0.667,0.716,0.883,0.618,0.498,0.325,0.851,0.877,0.292,0.731,0.774,0.796,0.429,0.878,0.879,0.809,0.579,-0.556,0.829,0.843,0.853,0.003,0.915,-0.345,-0.595,-0.7,0.654,0.902,0.437,0.128,-0.635,0.479,0.57,-0.059
CMPR,0.643,-0.271,0.844,0.881,0.655,0.931,0.42,0.808,0.396,0.592,0.853,0.392,0.914,0.816,0.766,0.798,0.695,0.789,-0.722,0.662,0.929,0.888,0.347,-0.054,0.74,-0.138,0.72,0.02,-0.744,-0.017,0.753,-0.644,0.814,0.866,-0.087,0.029,0.84,0.886,0.0,0.608,0.442,-0.18,-0.645,0.786,-0.566,-0.519,0.529,0.906,-0.717,0.093,-0.083,0.819,0.588,0.599,0.667,-0.672,0.922,0.918,0.089,0.552,0.767,0.39,0.438,0.179,-0.377,0.774,-0.766,0.694,0.343,-0.048,0.704,0.401,0.569,0.489,0.928,-0.157,-0.395,0.86,0.366,0.834,-0.271,0.515,-0.712,-0.251,0.794,-0.609,0.687,0.271,0.504,-0.683,0.718,0.719,0.9,0.799,-0.559,0.683,-0.818,0.575,-0.283,0.09,0.557,0.916,0.383,0.708,0.529,-0.494,0.6,0.862,-0.43,0.116,0.623,0.82,0.41,-0.404,0.614,0.808,0.854,-0.803,0.877,0.766,0.674,0.751,0.821,0.793,0.811,0.247,0.943,0.758,0.251,0.88,-0.031,0.537,0.645,0.76,0.437,-0.656,0.803,0.728,0.702,0.535,-0.6,0.531,-0.001,0.903,0.554,0.763,0.547,0.689,0.483,-0.707,0.927,0.746,0.923,-0.524,0.903,0.405,0.789,-0.343,0.816,0.83,-0.631,0.861,0.7,0.921,0.303,0.814,0.633,0.574,0.906,0.794,0.344,0.281,0.798,0.891,0.181,0.799,0.681,0.804,0.315,0.858,0.941,0.773,0.678,-0.54,0.796,0.765,0.879,0.082,0.935,-0.369,-0.743,-0.586,0.488,0.92,0.557,-0.07,-0.726,0.43,0.492,-0.259
COGT,0.801,-0.065,0.436,0.78,0.805,0.74,0.333,0.535,0.555,0.708,0.599,0.136,0.785,0.707,0.563,0.79,0.706,0.851,-0.274,0.411,0.726,0.705,0.59,0.334,0.802,0.001,0.409,0.301,-0.325,0.364,0.667,-0.224,0.831,0.561,0.232,-0.148,0.802,0.691,0.608,0.0,0.57,0.271,-0.409,0.641,-0.228,-0.17,0.557,0.622,-0.556,0.357,0.114,0.799,0.552,0.704,0.749,-0.709,0.751,0.728,0.261,0.629,0.547,0.733,0.345,0.476,-0.386,0.755,-0.701,0.574,0.494,0.288,0.746,-0.024,0.81,-0.034,0.742,0.121,0.07,0.757,0.257,0.682,0.173,0.597,-0.414,0.112,0.772,-0.392,0.296,0.626,0.729,-0.5,0.607,0.408,0.591,0.774,-0.276,0.848,-0.614,0.355,-0.252,0.27,0.754,0.709,0.673,0.689,0.123,-0.702,0.652,0.761,0.068,-0.228,0.271,0.777,0.115,-0.117,0.252,0.721,0.645,-0.497,0.514,0.684,0.866,0.64,0.349,0.474,0.558,0.347,0.604,0.781,0.563,0.784,0.084,0.716,0.602,0.25,0.352,-0.589,0.598,0.705,0.396,0.723,-0.373,0.71,0.523,0.768,0.498,0.804,0.504,0.833,0.794,-0.321,0.692,0.252,0.761,-0.367,0.774,-0.13,0.771,-0.284,0.72,0.782,-0.216,0.814,0.6,0.774,0.737,0.635,0.826,0.688,0.747,0.269,0.674,0.549,0.758,0.759,0.527,0.461,0.878,0.681,0.69,0.81,0.621,0.718,0.515,-0.319,0.81,0.835,0.709,0.181,0.731,-0.363,-0.295,-0.78,0.705,0.733,0.32,0.344,-0.412,0.545,0.735,0.193
CRNC,0.587,0.015,0.37,0.527,0.317,0.506,0.296,0.431,0.362,0.324,0.269,0.003,0.517,0.516,0.415,0.396,0.349,0.493,-0.17,0.226,0.414,0.508,0.39,0.239,0.472,-0.342,0.434,0.093,-0.269,0.302,0.284,0.1,0.601,0.442,-0.139,-0.328,0.516,0.387,0.442,0.57,0.0,0.155,-0.348,0.456,-0.091,-0.079,0.224,0.446,-0.319,0.299,0.013,0.402,0.571,0.332,0.435,-0.391,0.417,0.438,0.415,0.449,0.398,0.455,-0.146,0.268,0.007,0.458,-0.362,0.29,0.345,-0.154,0.338,-0.064,0.559,-0.074,0.478,0.1,0.016,0.497,0.068,0.373,0.258,0.418,-0.325,-0.076,0.703,-0.379,0.123,0.483,0.486,-0.39,0.377,0.155,0.488,0.467,-0.31,0.535,-0.412,-0.088,0.038,-0.1,0.423,0.496,0.412,0.553,0.071,-0.32,0.477,0.55,0.244,-0.137,0.201,0.459,-0.043,0.018,-0.026,0.518,0.452,-0.185,0.251,0.398,0.527,0.451,0.283,0.495,0.493,0.291,0.401,0.497,0.146,0.484,-0.2,0.542,0.333,0.277,0.079,-0.527,0.47,0.536,0.474,0.237,-0.574,0.52,0.318,0.42,0.302,0.37,0.281,0.576,0.443,-0.266,0.45,-0.059,0.437,-0.279,0.497,-0.126,0.452,0.13,0.446,0.512,-0.083,0.448,0.297,0.518,0.411,0.372,0.434,0.528,0.444,0.176,0.513,0.555,0.499,0.459,0.43,0.385,0.579,0.569,0.548,0.51,0.389,0.372,0.178,-0.118,0.455,0.546,0.417,0.269,0.432,-0.302,-0.132,-0.543,0.33,0.409,0.195,0.16,-0.166,0.099,0.536,0.198
CRSP,0.31,0.184,-0.355,0.039,0.361,-0.039,0.04,-0.363,0.536,0.44,-0.122,0.143,0.038,0.266,-0.284,0.27,0.369,0.21,0.683,0.114,0.015,0.038,0.318,0.213,0.384,0.535,-0.279,0.761,0.265,0.682,0.212,0.265,0.207,-0.316,0.588,-0.223,0.221,0.054,-0.18,0.271,0.155,0.0,0.376,0.011,0.689,0.723,-0.04,-0.246,0.022,0.441,0.55,0.204,-0.045,0.334,0.5,-0.022,0.064,0.087,0.275,0.598,-0.259,0.587,0.056,0.824,0.226,0.369,0.052,0.292,0.205,0.572,0.365,-0.529,0.405,-0.662,0.009,-0.07,0.833,-0.072,-0.209,-0.003,0.633,0.54,0.448,0.556,0.056,-0.085,-0.625,0.617,0.641,0.206,0.327,-0.504,-0.186,0.053,0.287,0.384,0.234,-0.342,0.187,0.668,0.57,-0.032,0.668,0.406,-0.273,-0.38,0.01,0.013,0.752,-0.734,0.055,0.221,-0.061,0.597,-0.385,0.118,-0.185,0.155,-0.33,-0.04,0.391,-0.044,-0.577,-0.322,-0.219,0.278,-0.22,0.205,0.671,0.121,0.107,0.632,0.311,-0.567,0.091,0.052,0.201,0.331,-0.503,0.24,0.265,0.659,0.589,-0.023,0.079,0.141,0.029,0.407,0.497,0.569,-0.189,-0.483,0.024,0.474,0.151,-0.363,0.19,0.254,0.027,0.203,0.773,0.026,-0.329,0.068,0.698,0.255,0.319,0.41,0.036,-0.655,0.748,0.608,0.191,0.114,0.622,-0.373,0.418,-0.07,0.712,0.181,-0.191,0.278,-0.387,0.041,0.23,0.286,-0.02,-0.018,-0.041,0.196,0.554,-0.281,0.613,-0.046,-0.284,0.882,0.549,0.416,0.61,0.785
CSTL,-0.647,0.516,-0.641,-0.732,-0.232,-0.703,-0.672,-0.816,-0.338,-0.315,-0.32,0.203,-0.624,-0.32,-0.853,-0.437,-0.553,-0.579,0.699,-0.402,-0.511,-0.694,-0.523,-0.075,-0.509,0.548,-0.561,0.267,0.717,0.414,-0.316,0.484,-0.605,-0.792,0.541,0.179,-0.592,-0.547,-0.645,-0.409,-0.348,0.376,0.0,-0.372,0.775,0.657,-0.111,-0.552,0.682,0.196,0.534,-0.503,-0.799,-0.379,-0.203,0.792,-0.513,-0.47,0.374,-0.074,-0.897,-0.309,-0.035,0.168,0.496,-0.304,0.798,-0.462,-0.052,0.417,-0.252,-0.462,-0.219,-0.352,-0.504,-0.014,0.479,-0.779,-0.231,-0.682,0.029,0.016,0.861,0.452,-0.656,0.339,-0.521,0.008,-0.046,0.582,-0.082,-0.676,-0.639,-0.734,0.67,-0.296,0.804,-0.468,0.651,0.377,-0.217,-0.693,-0.008,-0.473,-0.045,0.106,-0.836,-0.658,0.614,-0.457,-0.465,-0.392,-0.548,0.82,-0.47,-0.708,-0.775,0.672,-0.682,-0.54,-0.456,-0.831,-0.779,-0.834,-0.859,0.157,-0.694,-0.49,0.112,-0.446,0.278,-0.28,-0.09,-0.529,0.198,0.822,-0.235,-0.339,-0.813,-0.333,0.745,-0.094,-0.053,-0.699,-0.493,-0.637,-0.681,-0.369,-0.222,0.745,-0.713,-0.425,-0.545,0.875,-0.595,0.058,-0.269,0.102,-0.797,-0.35,0.751,-0.676,-0.796,-0.668,0.048,-0.285,-0.378,-0.515,-0.521,-0.686,0.027,0.269,-0.691,-0.478,0.091,-0.888,-0.411,-0.818,0.125,-0.585,-0.77,-0.37,-0.639,0.485,-0.378,-0.569,-0.676,0.105,-0.628,0.69,0.728,0.613,-0.101,-0.539,-0.164,0.389,0.852,0.087,-0.243,0.583
CTSH,0.569,0.149,0.572,0.717,0.778,0.719,0.073,0.477,0.366,0.406,0.855,0.295,0.751,0.883,0.43,0.773,0.565,0.779,-0.447,0.451,0.84,0.634,0.304,0.253,0.671,0.03,0.508,0.215,-0.404,0.434,0.704,-0.409,0.811,0.53,0.247,0.348,0.77,0.729,0.786,0.641,0.456,0.011,-0.372,0.0,-0.331,-0.36,0.798,0.778,-0.608,0.565,0.167,0.748,0.278,0.766,0.79,-0.506,0.844,0.857,0.546,0.673,0.476,0.449,0.618,0.357,-0.463,0.861,-0.57,0.634,0.751,0.137,0.824,0.445,0.679,0.151,0.852,0.289,-0.102,0.766,0.504,0.619,-0.119,0.539,-0.32,0.241,0.777,-0.456,0.509,0.642,0.664,-0.563,0.772,0.683,0.601,0.685,-0.564,0.748,-0.491,0.579,-0.241,0.361,0.659,0.832,0.66,0.552,0.705,-0.677,0.393,0.642,-0.102,-0.339,0.419,0.892,-0.052,-0.126,0.559,0.643,0.501,-0.644,0.511,0.873,0.687,0.492,0.533,0.496,0.481,0.559,0.817,0.897,0.466,0.873,0.344,0.502,0.851,0.552,0.732,-0.589,0.753,0.673,0.42,0.757,-0.353,0.661,0.333,0.754,0.395,0.714,0.248,0.785,0.519,-0.314,0.723,0.566,0.842,-0.246,0.757,0.222,0.861,-0.485,0.607,0.922,-0.429,0.706,0.55,0.765,0.458,0.804,0.803,0.417,0.787,0.479,0.59,0.534,0.63,0.846,0.614,0.433,0.697,0.559,0.598,0.797,0.687,0.826,0.725,-0.503,0.806,0.726,0.849,0.526,0.764,-0.19,-0.305,-0.555,0.578,0.845,0.757,0.154,-0.441,0.703,0.643,0.118
CVGW,-0.297,0.418,-0.63,-0.538,-0.136,-0.559,-0.434,-0.764,0.069,-0.027,-0.44,0.092,-0.462,-0.165,-0.744,-0.277,-0.223,-0.408,0.829,-0.143,-0.482,-0.49,-0.329,-0.082,-0.221,0.512,-0.519,0.548,0.567,0.578,-0.201,0.445,-0.391,-0.742,0.474,-0.024,-0.38,-0.424,-0.566,-0.228,-0.091,0.689,0.775,-0.331,0.0,0.861,-0.267,-0.557,0.625,0.287,0.498,-0.395,-0.457,-0.147,0.022,0.554,-0.454,-0.408,0.342,0.177,-0.752,0.108,-0.233,0.485,0.498,-0.123,0.647,-0.187,-0.06,0.415,-0.109,-0.569,-0.061,-0.625,-0.465,-0.012,0.762,-0.582,-0.395,-0.584,0.333,0.243,0.823,0.501,-0.406,0.211,-0.714,0.239,0.157,0.525,-0.029,-0.811,-0.495,-0.533,0.594,-0.055,0.709,-0.58,0.534,0.492,0.055,-0.531,0.226,-0.147,-0.211,0.064,-0.529,-0.523,0.868,-0.653,-0.295,-0.273,-0.356,0.904,-0.639,-0.433,-0.668,0.563,-0.626,-0.451,-0.148,-0.6,-0.866,-0.729,-0.688,0.199,-0.648,-0.348,0.34,-0.378,0.132,0.099,0.018,-0.591,0.026,0.606,-0.073,-0.116,-0.732,-0.233,0.557,0.209,0.229,-0.592,-0.256,-0.451,-0.415,-0.083,0.013,0.792,-0.672,-0.604,-0.498,0.801,-0.402,-0.143,-0.229,0.42,-0.582,-0.236,0.925,-0.55,-0.772,-0.454,0.28,-0.142,-0.255,-0.17,-0.479,-0.806,0.332,0.421,-0.452,-0.414,0.301,-0.787,-0.142,-0.582,0.356,-0.373,-0.619,-0.221,-0.758,0.329,-0.317,-0.315,-0.55,-0.014,-0.572,0.576,0.823,0.351,0.049,-0.526,-0.33,0.702,0.925,0.109,0.085,0.772
DGLY,-0.146,0.254,-0.576,-0.415,-0.087,-0.49,-0.214,-0.689,0.121,0.021,-0.423,0.184,-0.416,-0.132,-0.629,-0.179,-0.061,-0.303,0.844,-0.065,-0.412,-0.394,-0.244,-0.175,-0.129,0.475,-0.567,0.66,0.456,0.565,-0.224,0.462,-0.297,-0.618,0.503,-0.237,-0.288,-0.363,-0.519,-0.17,-0.079,0.723,0.657,-0.36,0.861,0.0,-0.337,-0.488,0.492,0.183,0.431,-0.302,-0.397,-0.17,0.079,0.449,-0.372,-0.343,0.2,0.29,-0.687,0.141,-0.273,0.506,0.572,-0.067,0.52,-0.026,-0.131,0.515,-0.128,-0.612,-0.104,-0.61,-0.398,-0.198,0.752,-0.517,-0.42,-0.466,0.308,0.357,0.716,0.373,-0.383,0.026,-0.798,0.251,0.198,0.443,0.043,-0.773,-0.466,-0.464,0.545,-0.077,0.566,-0.63,0.421,0.566,0.098,-0.512,0.27,-0.046,-0.339,0.1,-0.442,-0.402,0.818,-0.624,-0.27,-0.233,-0.159,0.772,-0.757,-0.353,-0.519,0.564,-0.553,-0.399,-0.07,-0.5,-0.85,-0.678,-0.588,0.163,-0.57,-0.297,0.248,-0.3,-0.024,0.193,0.013,-0.615,-0.088,0.562,-0.04,-0.059,-0.669,-0.25,0.545,0.255,0.214,-0.485,-0.235,-0.344,-0.379,-0.033,-0.005,0.72,-0.578,-0.663,-0.422,0.736,-0.31,-0.173,-0.157,0.519,-0.467,-0.201,0.864,-0.442,-0.766,-0.345,0.371,-0.099,-0.16,-0.04,-0.386,-0.821,0.344,0.416,-0.275,-0.321,0.272,-0.686,-0.034,-0.508,0.362,-0.247,-0.592,-0.088,-0.736,0.323,-0.229,-0.231,-0.507,-0.131,-0.473,0.456,0.716,0.248,0.182,-0.488,-0.475,0.763,0.826,0.139,0.198,0.652
DNLI,0.28,0.328,0.268,0.456,0.739,0.522,-0.282,0.205,0.114,0.28,0.733,0.328,0.5,0.627,0.229,0.636,0.339,0.598,-0.38,0.198,0.656,0.337,0.177,0.447,0.434,0.237,0.392,0.038,-0.237,0.442,0.682,-0.283,0.565,0.275,0.495,0.522,0.534,0.472,0.529,0.557,0.224,-0.04,-0.111,0.798,-0.267,-0.337,0.0,0.557,-0.353,0.569,0.287,0.598,-0.064,0.637,0.604,-0.292,0.643,0.66,0.578,0.419,0.218,0.316,0.768,0.155,-0.611,0.655,-0.342,0.291,0.797,0.346,0.718,0.416,0.622,0.038,0.64,0.475,-0.027,0.575,0.617,0.373,-0.195,0.338,-0.084,0.428,0.541,-0.126,0.556,0.567,0.506,-0.401,0.56,0.654,0.306,0.506,-0.363,0.61,-0.204,0.641,-0.243,0.373,0.541,0.566,0.556,0.237,0.689,-0.639,0.139,0.419,-0.092,-0.332,0.163,0.759,-0.36,-0.025,0.623,0.34,0.242,-0.432,0.284,0.643,0.5,0.215,0.332,0.237,0.18,0.428,0.599,0.704,0.426,0.674,0.668,0.226,0.743,0.413,0.821,-0.321,0.504,0.449,0.232,0.739,0.075,0.459,0.297,0.571,0.119,0.523,0.079,0.532,0.45,-0.103,0.517,0.511,0.648,-0.058,0.481,0.182,0.717,-0.689,0.347,0.711,-0.33,0.53,0.442,0.472,0.469,0.604,0.74,0.117,0.596,0.339,0.423,0.407,0.368,0.636,0.551,0.128,0.51,0.246,0.501,0.555,0.44,0.61,0.699,-0.365,0.652,0.461,0.656,0.573,0.554,0.035,-0.16,-0.373,0.482,0.651,0.847,0.137,-0.302,0.762,0.457,0.164
DOCU,0.562,-0.214,0.876,0.804,0.618,0.844,0.303,0.801,0.329,0.456,0.851,0.39,0.856,0.793,0.695,0.709,0.544,0.721,-0.683,0.465,0.889,0.785,0.258,-0.048,0.651,-0.213,0.733,-0.022,-0.64,0.009,0.621,-0.485,0.746,0.833,-0.063,-0.02,0.749,0.782,0.906,0.622,0.446,-0.246,-0.552,0.778,-0.557,-0.488,0.557,0.0,-0.639,0.067,-0.037,0.719,0.521,0.457,0.581,-0.536,0.87,0.863,0.172,0.516,0.63,0.27,0.359,0.098,-0.243,0.687,-0.661,0.582,0.341,-0.027,0.617,0.399,0.533,0.487,0.909,-0.158,-0.42,0.758,0.331,0.767,-0.314,0.479,-0.673,-0.3,0.705,-0.622,0.622,0.238,0.482,-0.655,0.728,0.674,0.859,0.688,-0.475,0.623,-0.786,0.5,-0.097,0.046,0.427,0.801,0.347,0.586,0.491,-0.539,0.463,0.831,-0.378,0.144,0.491,0.756,0.254,-0.33,0.501,0.687,0.812,-0.702,0.843,0.74,0.607,0.616,0.758,0.721,0.723,0.294,0.87,0.688,0.145,0.864,-0.037,0.438,0.617,0.799,0.484,-0.545,0.782,0.651,0.72,0.49,-0.562,0.453,-0.045,0.816,0.43,0.66,0.389,0.643,0.409,-0.719,0.91,0.716,0.876,-0.489,0.826,0.458,0.827,-0.334,0.7,0.784,-0.632,0.806,0.655,0.849,0.311,0.735,0.603,0.497,0.864,0.784,0.327,0.361,0.692,0.863,0.145,0.716,0.623,0.707,0.323,0.775,0.799,0.703,0.646,-0.427,0.793,0.687,0.755,0.188,0.883,-0.287,-0.703,-0.513,0.465,0.886,0.56,-0.118,-0.69,0.407,0.401,-0.209
DVAX,-0.74,0.464,-0.643,-0.837,-0.627,-0.783,-0.606,-0.76,-0.524,-0.527,-0.622,0.026,-0.776,-0.656,-0.723,-0.714,-0.693,-0.827,0.502,-0.312,-0.78,-0.816,-0.751,-0.245,-0.763,0.098,-0.387,-0.066,0.583,0.12,-0.596,0.504,-0.811,-0.729,0.099,0.142,-0.822,-0.764,-0.717,-0.556,-0.319,0.022,0.682,-0.608,0.625,0.492,-0.353,-0.639,0.0,-0.088,0.093,-0.812,-0.654,-0.599,-0.531,0.793,-0.79,-0.764,0.131,-0.486,-0.801,-0.448,-0.448,-0.229,0.389,-0.644,0.871,-0.607,-0.245,0.098,-0.616,-0.312,-0.515,-0.281,-0.77,0.078,0.326,-0.761,-0.32,-0.86,-0.205,-0.253,0.724,0.109,-0.641,0.507,-0.35,-0.29,-0.517,0.657,-0.528,-0.636,-0.624,-0.838,0.607,-0.552,0.8,-0.509,0.43,-0.032,-0.523,-0.816,-0.413,-0.722,-0.161,0.601,-0.749,-0.765,0.49,-0.112,-0.626,-0.673,-0.423,0.608,-0.549,-0.792,-0.768,0.799,-0.607,-0.67,-0.623,-0.812,-0.697,-0.734,-0.768,-0.043,-0.769,-0.758,-0.316,-0.763,0.046,-0.574,-0.385,-0.328,-0.173,0.847,-0.441,-0.582,-0.515,-0.643,0.625,-0.441,-0.286,-0.845,-0.51,-0.811,-0.592,-0.598,-0.528,0.605,-0.832,-0.507,-0.809,0.688,-0.816,0.02,-0.59,0.337,-0.89,-0.648,0.531,-0.844,-0.781,-0.79,-0.303,-0.581,-0.689,-0.659,-0.776,-0.547,-0.358,-0.103,-0.822,-0.773,-0.224,-0.762,-0.625,-0.782,-0.259,-0.777,-0.765,-0.654,-0.677,0.567,-0.757,-0.811,-0.799,0.026,-0.831,0.537,0.597,0.789,-0.588,-0.803,-0.237,0.083,0.763,-0.298,-0.491,0.214
EBAY,0.238,0.643,-0.185,0.142,0.464,0.114,-0.22,-0.226,0.216,0.15,0.259,0.093,0.172,0.455,-0.194,0.379,0.239,0.335,0.289,0.064,0.263,0.041,0.175,0.489,0.289,0.318,-0.042,0.457,0.268,0.803,0.313,0.212,0.386,-0.152,0.582,0.397,0.301,0.124,0.093,0.357,0.299,0.441,0.196,0.565,0.287,0.183,0.569,0.067,-0.088,0.0,0.451,0.283,-0.197,0.582,0.573,-0.082,0.282,0.318,0.75,0.496,-0.14,0.336,0.398,0.5,-0.228,0.538,-0.023,0.299,0.793,0.436,0.546,0.03,0.533,-0.482,0.262,0.544,0.528,0.254,0.412,0.078,0.226,0.387,0.353,0.64,0.384,-0.092,-0.071,0.827,0.574,-0.075,0.437,0.139,-0.092,0.173,-0.094,0.429,0.183,0.138,0.009,0.517,0.536,0.267,0.665,0.206,0.324,-0.468,-0.0,0.059,0.496,-0.732,-0.087,0.505,-0.435,0.378,0.105,0.172,-0.169,-0.002,-0.246,0.5,0.367,-0.065,-0.218,-0.166,-0.174,0.744,0.203,0.511,0.572,0.364,0.487,0.374,0.616,-0.153,0.583,-0.163,0.3,0.327,-0.235,0.545,0.159,0.58,0.63,0.173,0.07,0.262,-0.13,0.497,0.306,0.375,0.041,-0.097,0.269,0.336,0.213,-0.234,0.453,-0.162,0.06,0.508,0.274,0.119,0.001,0.172,0.486,0.405,0.576,0.096,0.232,-0.302,0.626,0.612,0.129,0.349,0.85,-0.276,0.444,0.02,0.723,0.314,0.011,0.474,0.25,-0.108,0.403,0.301,0.34,0.668,0.146,0.03,0.443,-0.201,0.421,0.256,0.379,0.529,0.259,0.617,0.612,0.581
EHTH,-0.044,0.539,-0.213,-0.124,0.295,-0.081,-0.416,-0.341,0.155,0.086,0.114,0.408,0.04,0.258,-0.31,0.19,0.064,0.091,0.433,-0.226,0.104,-0.117,0.062,0.336,0.176,0.675,-0.156,0.373,0.245,0.54,0.29,0.347,0.043,-0.316,0.737,0.109,0.095,-0.059,-0.083,0.114,0.013,0.55,0.534,0.167,0.498,0.431,0.287,-0.037,0.093,0.451,0.0,0.148,-0.326,0.075,0.357,0.278,0.094,0.132,0.554,0.473,-0.448,0.16,0.467,0.478,0.18,0.279,0.26,0.055,0.25,0.622,0.286,-0.23,0.343,-0.445,0.127,-0.002,0.59,-0.163,0.089,-0.089,0.302,0.299,0.506,0.552,-0.121,-0.081,-0.353,0.44,0.549,0.117,0.363,-0.196,-0.239,-0.019,0.323,0.258,0.338,0.053,0.441,0.526,0.25,-0.07,0.559,0.145,0.155,-0.515,-0.32,-0.026,0.447,-0.532,-0.044,0.284,-0.418,0.586,-0.111,-0.183,-0.257,0.17,-0.287,0.012,0.16,-0.334,-0.416,-0.392,-0.39,0.379,-0.148,0.114,0.401,0.179,0.51,0.273,0.359,-0.224,0.496,0.217,0.3,0.313,-0.372,0.28,0.46,0.443,0.415,-0.067,-0.165,-0.047,-0.228,0.135,0.238,0.429,-0.101,-0.073,0.075,0.521,0.071,0.096,0.251,-0.027,-0.184,0.187,0.546,-0.059,-0.244,-0.031,0.524,0.263,0.304,-0.008,0.066,-0.352,0.546,0.574,-0.042,0.165,0.426,-0.467,0.118,-0.318,0.546,0.026,-0.21,0.232,-0.249,0.173,0.26,0.131,-0.101,0.174,-0.032,0.441,0.379,0.056,0.435,0.05,0.151,0.549,0.424,0.566,0.292,0.673
ERII,0.81,-0.233,0.584,0.911,0.872,0.893,0.436,0.646,0.614,0.785,0.79,0.302,0.91,0.835,0.705,0.926,0.855,0.942,-0.437,0.558,0.918,0.881,0.668,0.254,0.916,0.161,0.501,0.263,-0.566,0.21,0.853,-0.501,0.914,0.707,0.237,-0.03,0.956,0.889,0.819,0.799,0.402,0.204,-0.503,0.748,-0.395,-0.302,0.598,0.719,-0.812,0.283,0.148,0.0,0.557,0.784,0.834,-0.781,0.933,0.927,0.127,0.719,0.701,0.648,0.612,0.465,-0.449,0.886,-0.851,0.726,0.452,0.227,0.871,0.144,0.774,0.147,0.905,-0.078,-0.058,0.841,0.365,0.863,0.112,0.598,-0.545,0.091,0.766,-0.527,0.414,0.554,0.777,-0.601,0.757,0.591,0.693,0.891,-0.455,0.825,-0.729,0.568,-0.341,0.332,0.804,0.885,0.682,0.832,0.334,-0.76,0.693,0.858,-0.228,-0.153,0.584,0.915,0.333,-0.297,0.511,0.837,0.77,-0.736,0.678,0.76,0.861,0.771,0.575,0.632,0.699,0.253,0.811,0.892,0.564,0.923,0.155,0.764,0.692,0.374,0.459,-0.703,0.721,0.813,0.451,0.78,-0.407,0.751,0.397,0.936,0.598,0.907,0.616,0.818,0.772,-0.464,0.857,0.537,0.938,-0.43,0.936,0.057,0.831,-0.399,0.88,0.868,-0.35,0.923,0.694,0.908,0.646,0.824,0.869,0.717,0.913,0.477,0.626,0.412,0.899,0.922,0.446,0.625,0.838,0.758,0.58,0.926,0.821,0.869,0.63,-0.525,0.925,0.921,0.879,0.053,0.922,-0.357,-0.515,-0.813,0.807,0.903,0.439,0.266,-0.601,0.638,0.724,0.035
ESLT,0.775,-0.57,0.652,0.758,0.287,0.71,0.744,0.813,0.566,0.518,0.277,-0.206,0.713,0.414,0.825,0.444,0.603,0.617,-0.458,0.379,0.506,0.792,0.654,0.054,0.662,-0.453,0.524,-0.068,-0.595,-0.289,0.328,-0.349,0.65,0.753,-0.521,-0.505,0.672,0.615,0.588,0.552,0.571,-0.045,-0.799,0.278,-0.457,-0.397,-0.064,0.521,-0.654,-0.197,-0.326,0.557,0.0,0.34,0.318,-0.77,0.515,0.486,-0.294,0.286,0.841,0.51,-0.129,0.145,-0.17,0.364,-0.753,0.443,-0.094,-0.404,0.296,0.037,0.398,0.23,0.535,-0.204,-0.271,0.672,0.023,0.694,0.288,0.173,-0.792,-0.418,0.675,-0.425,0.257,0.104,0.31,-0.543,0.225,0.334,0.711,0.733,-0.462,0.475,-0.813,0.173,-0.289,-0.322,0.328,0.672,0.194,0.712,-0.151,-0.282,0.876,0.744,-0.303,0.333,0.529,0.399,0.583,-0.522,0.181,0.779,0.809,-0.571,0.654,0.428,0.585,0.863,0.621,0.816,0.879,-0.117,0.548,0.47,0.083,0.491,-0.448,0.58,0.079,0.376,-0.252,-0.796,0.377,0.514,0.703,0.281,-0.855,0.334,0.203,0.655,0.604,0.618,0.787,0.501,0.482,-0.672,0.681,0.241,0.545,-0.783,0.678,-0.162,0.32,0.136,0.813,0.392,-0.407,0.69,0.689,0.72,0.216,0.331,0.365,0.737,0.534,0.508,0.263,0.04,0.734,0.5,-0.004,0.834,0.537,0.875,0.13,0.608,0.708,0.379,0.318,-0.409,0.463,0.711,0.548,-0.266,0.629,-0.628,-0.592,-0.71,0.298,0.536,-0.045,-0.125,-0.651,-0.108,0.355,-0.231
EXPE,0.726,0.003,0.286,0.708,0.846,0.659,0.249,0.324,0.548,0.685,0.62,0.051,0.672,0.761,0.375,0.812,0.751,0.828,-0.215,0.535,0.695,0.617,0.533,0.332,0.776,0.185,0.279,0.4,-0.293,0.494,0.724,-0.444,0.812,0.374,0.335,0.253,0.797,0.712,0.599,0.704,0.332,0.334,-0.379,0.766,-0.147,-0.17,0.637,0.457,-0.599,0.582,0.075,0.784,0.34,0.0,0.833,-0.68,0.737,0.741,0.29,0.657,0.522,0.733,0.54,0.551,-0.6,0.852,-0.667,0.68,0.671,0.253,0.894,0.211,0.735,-0.102,0.665,0.366,0.148,0.761,0.409,0.591,0.191,0.558,-0.24,0.436,0.754,-0.27,0.304,0.759,0.686,-0.417,0.613,0.488,0.452,0.726,-0.522,0.825,-0.41,0.446,-0.504,0.497,0.879,0.773,0.741,0.648,0.405,-0.643,0.576,0.582,0.049,-0.497,0.403,0.822,0.103,-0.124,0.482,0.745,0.426,-0.638,0.354,0.728,0.795,0.613,0.319,0.389,0.434,0.42,0.641,0.895,0.751,0.737,0.299,0.675,0.773,0.159,0.506,-0.634,0.552,0.633,0.18,0.839,-0.242,0.749,0.56,0.724,0.494,0.84,0.452,0.831,0.732,-0.102,0.564,0.299,0.728,-0.23,0.719,-0.198,0.703,-0.429,0.679,0.824,-0.185,0.714,0.517,0.716,0.608,0.714,0.833,0.582,0.668,0.178,0.683,0.412,0.699,0.712,0.724,0.363,0.823,0.589,0.662,0.811,0.646,0.81,0.622,-0.6,0.721,0.763,0.826,0.314,0.665,-0.306,-0.109,-0.741,0.702,0.71,0.474,0.428,-0.33,0.668,0.801,0.239
EXPO,0.723,0.057,0.38,0.725,0.888,0.712,0.231,0.308,0.654,0.723,0.694,0.432,0.745,0.907,0.367,0.862,0.805,0.825,-0.08,0.634,0.789,0.685,0.442,0.203,0.869,0.322,0.338,0.606,-0.32,0.622,0.778,-0.337,0.838,0.414,0.463,0.067,0.855,0.76,0.667,0.749,0.435,0.5,-0.203,0.79,0.022,0.079,0.604,0.581,-0.531,0.573,0.357,0.834,0.318,0.833,0.0,-0.532,0.82,0.84,0.433,0.911,0.376,0.745,0.528,0.75,-0.282,0.966,-0.551,0.769,0.622,0.415,0.922,0.001,0.789,-0.148,0.785,0.044,0.321,0.681,0.317,0.629,0.169,0.837,-0.149,0.38,0.742,-0.496,0.18,0.81,0.896,-0.41,0.866,0.33,0.538,0.684,-0.325,0.878,-0.414,0.327,-0.15,0.666,0.912,0.749,0.901,0.789,0.398,-0.724,0.435,0.675,0.221,-0.569,0.49,0.912,0.155,0.131,0.276,0.726,0.48,-0.509,0.433,0.723,0.841,0.522,0.225,0.332,0.408,0.577,0.642,0.858,0.743,0.846,0.244,0.848,0.886,0.242,0.599,-0.479,0.832,0.822,0.154,0.729,-0.188,0.951,0.522,0.734,0.483,0.755,0.397,0.909,0.742,-0.076,0.596,0.302,0.796,-0.03,0.811,0.024,0.855,-0.216,0.639,0.912,-0.001,0.708,0.355,0.797,0.797,0.904,0.848,0.643,0.766,0.142,0.853,0.72,0.752,0.837,0.75,0.291,0.882,0.549,0.835,0.851,0.604,0.923,0.398,-0.454,0.849,0.837,0.762,0.224,0.724,-0.117,-0.115,-0.638,0.852,0.744,0.422,0.623,-0.178,0.829,0.88,0.422
FBIOP,-0.877,0.434,-0.486,-0.882,-0.594,-0.78,-0.702,-0.731,-0.545,-0.655,-0.472,0.147,-0.775,-0.526,-0.801,-0.737,-0.813,-0.841,0.486,-0.485,-0.67,-0.827,-0.748,-0.231,-0.776,0.223,-0.391,-0.101,0.606,0.076,-0.567,0.465,-0.818,-0.74,0.171,0.184,-0.807,-0.709,-0.672,-0.709,-0.391,-0.022,0.792,-0.506,0.554,0.449,-0.292,-0.536,0.793,-0.082,0.278,-0.781,-0.77,-0.68,-0.532,0.0,-0.703,-0.653,0.198,-0.417,-0.875,-0.603,-0.28,-0.243,0.55,-0.601,0.937,-0.663,-0.232,0.074,-0.602,-0.207,-0.543,-0.176,-0.659,-0.051,0.204,-0.868,-0.243,-0.821,-0.183,-0.291,0.741,0.165,-0.754,0.398,-0.383,-0.35,-0.458,0.616,-0.352,-0.6,-0.612,-0.897,0.548,-0.601,0.833,-0.484,0.633,0.002,-0.608,-0.799,-0.395,-0.72,-0.054,0.442,-0.933,-0.743,0.358,-0.114,-0.412,-0.633,-0.506,0.606,-0.396,-0.852,-0.799,0.707,-0.637,-0.679,-0.774,-0.897,-0.612,-0.702,-0.811,-0.017,-0.721,-0.744,-0.351,-0.668,0.128,-0.628,-0.34,-0.28,0.027,0.875,-0.382,-0.546,-0.579,-0.646,0.635,-0.463,-0.394,-0.853,-0.647,-0.894,-0.71,-0.672,-0.605,0.559,-0.759,-0.341,-0.723,0.726,-0.79,0.214,-0.521,0.196,-0.924,-0.605,0.495,-0.856,-0.783,-0.807,-0.372,-0.48,-0.682,-0.73,-0.71,-0.46,-0.366,-0.059,-0.861,-0.672,-0.228,-0.774,-0.72,-0.865,-0.282,-0.815,-0.804,-0.63,-0.649,0.523,-0.657,-0.821,-0.795,0.084,-0.763,0.705,0.566,0.866,-0.507,-0.693,-0.155,-0.007,0.737,-0.235,-0.584,0.266
FFBC,0.734,-0.205,0.738,0.913,0.847,0.923,0.394,0.719,0.522,0.707,0.894,0.391,0.94,0.913,0.686,0.925,0.788,0.911,-0.535,0.589,0.994,0.889,0.502,0.095,0.855,0.054,0.619,0.223,-0.596,0.191,0.826,-0.555,0.909,0.783,0.17,0.011,0.925,0.912,0.922,0.751,0.417,0.064,-0.513,0.844,-0.454,-0.372,0.643,0.87,-0.79,0.282,0.094,0.933,0.515,0.737,0.82,-0.703,0.0,0.991,0.183,0.713,0.687,0.527,0.572,0.391,-0.371,0.905,-0.803,0.758,0.478,0.181,0.861,0.271,0.749,0.325,0.986,-0.106,-0.199,0.854,0.396,0.886,-0.095,0.633,-0.603,-0.037,0.795,-0.636,0.535,0.477,0.724,-0.644,0.853,0.653,0.805,0.842,-0.481,0.808,-0.777,0.557,-0.25,0.307,0.73,0.909,0.601,0.775,0.456,-0.719,0.595,0.871,-0.282,-0.096,0.578,0.925,0.312,-0.297,0.57,0.826,0.81,-0.779,0.771,0.827,0.8,0.727,0.669,0.681,0.725,0.359,0.912,0.879,0.486,0.983,0.085,0.687,0.761,0.563,0.559,-0.659,0.817,0.789,0.527,0.718,-0.478,0.701,0.214,0.943,0.53,0.87,0.507,0.824,0.661,-0.561,0.92,0.656,0.995,-0.422,0.957,0.259,0.924,-0.421,0.847,0.93,-0.47,0.929,0.684,0.94,0.54,0.886,0.819,0.663,0.979,0.609,0.562,0.464,0.856,0.985,0.388,0.673,0.825,0.765,0.543,0.933,0.857,0.88,0.699,-0.531,0.956,0.871,0.906,0.163,0.975,-0.337,-0.589,-0.712,0.729,0.981,0.525,0.146,-0.639,0.621,0.665,-0.041
FFIN,0.711,-0.163,0.727,0.893,0.844,0.917,0.358,0.688,0.521,0.698,0.898,0.43,0.93,0.936,0.66,0.908,0.769,0.893,-0.511,0.597,0.99,0.877,0.481,0.101,0.851,0.074,0.63,0.23,-0.586,0.235,0.83,-0.541,0.903,0.759,0.195,0.031,0.926,0.91,0.918,0.728,0.438,0.087,-0.47,0.857,-0.408,-0.343,0.66,0.863,-0.764,0.318,0.132,0.927,0.486,0.741,0.84,-0.653,0.991,0.0,0.238,0.734,0.656,0.522,0.572,0.404,-0.349,0.921,-0.758,0.732,0.507,0.179,0.871,0.253,0.759,0.289,0.983,-0.101,-0.164,0.833,0.391,0.85,-0.078,0.656,-0.558,0.003,0.797,-0.628,0.526,0.513,0.745,-0.626,0.88,0.63,0.797,0.815,-0.48,0.814,-0.732,0.527,-0.201,0.326,0.739,0.908,0.629,0.785,0.497,-0.722,0.556,0.865,-0.238,-0.139,0.606,0.939,0.286,-0.24,0.57,0.817,0.778,-0.752,0.745,0.807,0.785,0.698,0.651,0.675,0.704,0.38,0.902,0.88,0.498,0.981,0.113,0.693,0.787,0.57,0.602,-0.635,0.841,0.821,0.509,0.697,-0.451,0.733,0.209,0.922,0.51,0.834,0.5,0.825,0.653,-0.527,0.902,0.641,0.987,-0.365,0.946,0.267,0.927,-0.406,0.82,0.941,-0.426,0.898,0.646,0.929,0.554,0.905,0.811,0.645,0.966,0.589,0.588,0.5,0.835,0.982,0.427,0.641,0.818,0.746,0.574,0.921,0.841,0.882,0.664,-0.527,0.951,0.859,0.897,0.177,0.963,-0.289,-0.554,-0.689,0.739,0.972,0.551,0.18,-0.591,0.642,0.672,0.011
FOXF,0.015,0.756,-0.104,-0.003,0.329,0.024,-0.506,-0.264,0.01,-0.073,0.31,0.312,0.095,0.422,-0.28,0.213,-0.033,0.153,0.183,-0.05,0.193,-0.082,-0.144,0.34,0.095,0.248,0.048,0.253,0.223,0.783,0.244,0.31,0.211,-0.204,0.531,0.383,0.139,0.032,0.089,0.261,0.415,0.275,0.374,0.546,0.342,0.2,0.578,0.172,0.131,0.75,0.554,0.127,-0.294,0.29,0.433,0.198,0.183,0.238,0.0,0.439,-0.32,0.157,0.332,0.346,-0.034,0.413,0.231,0.072,0.688,0.352,0.384,0.018,0.438,-0.364,0.232,0.446,0.378,0.093,0.316,-0.146,0.012,0.376,0.436,0.546,0.274,-0.065,-0.018,0.661,0.494,-0.0,0.433,0.07,-0.056,0.001,0.013,0.362,0.278,0.037,0.303,0.404,0.318,0.127,0.563,0.05,0.515,-0.394,-0.251,0.002,0.559,-0.649,-0.178,0.414,-0.662,0.591,-0.008,-0.059,-0.243,0.145,-0.224,0.32,0.225,-0.268,-0.211,-0.219,-0.27,0.671,0.1,0.355,0.33,0.299,0.514,0.17,0.594,0.099,0.67,0.056,0.402,0.317,-0.125,0.309,0.209,0.473,0.353,0.008,-0.092,0.007,-0.343,0.373,0.191,0.349,-0.017,-0.045,0.176,0.468,0.092,0.092,0.427,-0.145,-0.169,0.45,0.253,-0.025,-0.171,0.064,0.407,0.339,0.391,-0.088,0.143,-0.198,0.551,0.717,-0.045,0.248,0.693,-0.366,0.248,-0.153,0.667,0.163,-0.091,0.315,0.068,0.052,0.287,0.137,0.146,0.718,0.04,0.298,0.406,0.004,0.272,0.171,0.538,0.394,0.362,0.554,0.406,0.589
FWRD,0.693,0.045,0.315,0.633,0.782,0.567,0.23,0.228,0.674,0.655,0.564,0.427,0.655,0.86,0.243,0.775,0.742,0.737,0.081,0.482,0.679,0.615,0.417,0.116,0.809,0.343,0.181,0.708,-0.289,0.65,0.653,-0.162,0.752,0.32,0.492,-0.12,0.761,0.636,0.552,0.629,0.449,0.598,-0.074,0.673,0.177,0.29,0.419,0.516,-0.486,0.496,0.473,0.719,0.286,0.657,0.911,-0.417,0.713,0.734,0.439,0.0,0.225,0.684,0.41,0.805,-0.005,0.884,-0.43,0.735,0.456,0.449,0.799,-0.123,0.681,-0.215,0.699,-0.119,0.387,0.519,0.114,0.528,0.277,0.854,-0.063,0.328,0.591,-0.592,-0.085,0.764,0.925,-0.366,0.867,0.144,0.434,0.575,-0.216,0.776,-0.353,0.141,0.038,0.697,0.831,0.603,0.894,0.793,0.282,-0.703,0.332,0.577,0.348,-0.619,0.432,0.798,0.146,0.259,0.034,0.599,0.407,-0.38,0.317,0.591,0.789,0.387,0.066,0.226,0.314,0.515,0.508,0.743,0.677,0.772,0.138,0.873,0.789,0.127,0.489,-0.378,0.805,0.789,0.081,0.601,-0.161,0.935,0.506,0.601,0.411,0.636,0.242,0.836,0.67,0.004,0.501,0.132,0.681,0.07,0.751,0.044,0.785,0.001,0.537,0.813,0.169,0.601,0.167,0.715,0.827,0.801,0.755,0.666,0.67,0.0,0.899,0.799,0.68,0.748,0.687,0.186,0.805,0.437,0.85,0.777,0.453,0.838,0.171,-0.353,0.777,0.772,0.573,0.14,0.61,-0.014,-0.016,-0.592,0.869,0.62,0.231,0.693,-0.038,0.754,0.863,0.511
GDS,0.734,-0.563,0.721,0.861,0.427,0.836,0.725,0.895,0.429,0.527,0.521,-0.119,0.783,0.492,0.912,0.582,0.65,0.724,-0.725,0.506,0.684,0.859,0.641,0.079,0.666,-0.431,0.618,-0.196,-0.71,-0.356,0.481,-0.603,0.733,0.88,-0.463,-0.191,0.75,0.76,0.767,0.547,0.398,-0.259,-0.897,0.476,-0.752,-0.687,0.218,0.63,-0.801,-0.14,-0.448,0.701,0.841,0.522,0.376,-0.875,0.687,0.656,-0.32,0.225,0.0,0.412,0.171,0.003,-0.493,0.476,-0.905,0.513,0.109,-0.38,0.458,0.327,0.413,0.449,0.673,-0.062,-0.499,0.838,0.251,0.818,0.023,0.142,-0.911,-0.381,0.751,-0.391,0.597,0.089,0.246,-0.643,0.29,0.671,0.765,0.836,-0.659,0.485,-0.9,0.481,-0.563,-0.273,0.401,0.83,0.143,0.648,0.139,-0.299,0.891,0.794,-0.601,0.393,0.6,0.537,0.601,-0.759,0.567,0.85,0.883,-0.769,0.781,0.602,0.584,0.947,0.863,0.921,0.95,-0.115,0.783,0.631,0.109,0.619,-0.259,0.446,0.224,0.523,-0.05,-0.872,0.377,0.508,0.755,0.435,-0.797,0.271,0.073,0.835,0.605,0.768,0.782,0.517,0.448,-0.779,0.831,0.52,0.719,-0.857,0.752,-0.05,0.433,-0.24,0.916,0.528,-0.702,0.816,0.862,0.795,0.1,0.441,0.479,0.645,0.697,0.727,0.123,-0.121,0.804,0.64,-0.005,0.955,0.562,0.928,0.028,0.72,0.887,0.498,0.675,-0.542,0.563,0.719,0.787,-0.126,0.792,-0.69,-0.777,-0.735,0.305,0.722,0.228,-0.302,-0.881,0.036,0.339,-0.476
GERN,0.769,-0.168,0.194,0.605,0.735,0.561,0.297,0.248,0.756,0.719,0.325,0.026,0.563,0.601,0.338,0.673,0.748,0.724,0.01,0.48,0.475,0.575,0.601,0.299,0.802,0.172,0.172,0.501,-0.271,0.454,0.636,-0.267,0.698,0.251,0.259,-0.195,0.715,0.578,0.39,0.733,0.455,0.587,-0.309,0.449,0.108,0.141,0.316,0.27,-0.448,0.336,0.16,0.648,0.51,0.733,0.745,-0.603,0.527,0.522,0.157,0.684,0.412,0.0,0.243,0.714,-0.334,0.693,-0.545,0.578,0.373,0.292,0.682,-0.132,0.699,-0.326,0.478,0.141,0.381,0.587,0.099,0.46,0.505,0.592,-0.153,0.373,0.647,-0.228,-0.047,0.661,0.709,-0.298,0.464,0.094,0.398,0.657,-0.284,0.815,-0.346,0.136,-0.343,0.478,0.833,0.568,0.756,0.733,0.036,-0.574,0.599,0.547,0.288,-0.482,0.45,0.623,0.16,0.067,0.093,0.653,0.395,-0.445,0.253,0.431,0.814,0.594,0.066,0.317,0.405,0.199,0.344,0.672,0.709,0.554,0.125,0.791,0.524,-0.029,0.172,-0.534,0.496,0.659,0.106,0.631,-0.225,0.78,0.626,0.567,0.48,0.693,0.555,0.771,0.838,0.024,0.399,0.008,0.519,-0.209,0.627,-0.305,0.504,-0.073,0.612,0.616,0.112,0.621,0.349,0.633,0.78,0.575,0.693,0.755,0.479,-0.045,0.781,0.492,0.694,0.511,0.616,0.269,0.805,0.522,0.681,0.688,0.471,0.622,0.203,-0.455,0.569,0.771,0.578,0.021,0.478,-0.144,0.013,-0.757,0.705,0.457,0.108,0.608,-0.112,0.542,0.799,0.437
GPRE,0.193,0.2,0.156,0.357,0.662,0.402,-0.235,0.107,0.16,0.281,0.643,0.354,0.42,0.495,0.173,0.6,0.377,0.528,-0.295,0.121,0.576,0.298,0.252,0.411,0.427,0.55,0.159,0.095,-0.234,0.256,0.714,-0.378,0.426,0.157,0.578,0.515,0.478,0.426,0.438,0.345,-0.146,0.056,-0.035,0.618,-0.233,-0.273,0.768,0.359,-0.448,0.398,0.467,0.612,-0.129,0.54,0.528,-0.28,0.572,0.572,0.332,0.41,0.171,0.243,0.0,0.215,-0.585,0.572,-0.346,0.34,0.528,0.433,0.664,0.358,0.44,0.045,0.541,0.239,0.031,0.415,0.534,0.371,-0.116,0.189,-0.028,0.479,0.263,-0.096,0.382,0.398,0.49,-0.283,0.476,0.591,0.129,0.491,-0.28,0.455,-0.151,0.775,-0.289,0.467,0.468,0.486,0.516,0.243,0.61,-0.639,0.109,0.294,-0.255,-0.277,0.272,0.665,-0.17,-0.095,0.642,0.24,0.173,-0.482,0.232,0.518,0.405,0.174,0.267,0.098,0.082,0.231,0.482,0.591,0.457,0.562,0.733,0.218,0.59,0.216,0.706,-0.281,0.402,0.376,0.037,0.738,0.191,0.391,0.323,0.507,0.133,0.495,0.088,0.344,0.407,-0.025,0.411,0.576,0.566,-0.029,0.443,0.224,0.528,-0.69,0.335,0.545,-0.233,0.458,0.383,0.38,0.372,0.54,0.646,0.081,0.507,0.283,0.343,0.209,0.334,0.544,0.372,0.079,0.308,0.117,0.332,0.448,0.394,0.57,0.566,-0.378,0.566,0.434,0.548,0.276,0.479,0.083,-0.19,-0.291,0.511,0.568,0.656,0.142,-0.303,0.754,0.35,0.097
GRWG,0.511,0.076,-0.0,0.334,0.611,0.249,0.136,-0.075,0.642,0.589,0.264,0.223,0.347,0.579,-0.067,0.526,0.566,0.478,0.425,0.401,0.339,0.343,0.341,0.123,0.613,0.46,-0.12,0.806,0.073,0.679,0.433,-0.033,0.474,-0.043,0.494,-0.118,0.487,0.392,0.179,0.476,0.268,0.824,0.168,0.357,0.485,0.506,0.155,0.098,-0.229,0.5,0.478,0.465,0.145,0.551,0.75,-0.243,0.391,0.404,0.346,0.805,0.003,0.714,0.215,0.0,0.072,0.661,-0.205,0.545,0.32,0.497,0.629,-0.343,0.571,-0.409,0.35,-0.061,0.596,0.232,-0.036,0.286,0.455,0.749,0.216,0.489,0.351,-0.318,-0.363,0.68,0.789,-0.039,0.61,-0.248,0.169,0.302,0.056,0.646,-0.058,-0.132,0.1,0.715,0.755,0.294,0.786,0.617,0.003,-0.549,0.219,0.253,0.573,-0.735,0.263,0.49,0.059,0.466,-0.199,0.379,0.096,-0.167,0.008,0.322,0.615,0.206,-0.267,-0.089,0.035,0.493,0.113,0.487,0.801,0.441,0.113,0.789,0.55,-0.263,0.293,-0.161,0.51,0.556,-0.309,0.448,0.021,0.829,0.577,0.28,0.375,0.427,0.169,0.699,0.659,0.314,0.113,-0.133,0.356,0.266,0.458,-0.168,0.488,0.112,0.288,0.546,0.486,0.319,-0.076,0.402,0.761,0.575,0.521,0.546,0.341,-0.364,0.859,0.723,0.441,0.416,0.677,-0.104,0.641,0.192,0.792,0.492,0.155,0.562,-0.106,-0.239,0.497,0.566,0.294,0.065,0.272,0.067,0.321,-0.414,0.718,0.292,-0.051,0.821,0.29,0.599,0.753,0.704
GRYP,-0.316,-0.001,-0.109,-0.405,-0.457,-0.419,-0.016,-0.255,-0.093,-0.208,-0.386,0.132,-0.329,-0.22,-0.373,-0.423,-0.334,-0.484,0.521,-0.229,-0.364,-0.279,-0.328,-0.486,-0.32,0.001,-0.241,0.201,0.314,0.001,-0.483,0.451,-0.412,-0.257,-0.072,-0.485,-0.402,-0.343,-0.377,-0.386,0.007,0.226,0.496,-0.463,0.498,0.572,-0.611,-0.243,0.389,-0.228,0.18,-0.449,-0.17,-0.6,-0.282,0.55,-0.371,-0.349,-0.034,-0.005,-0.493,-0.334,-0.585,0.072,0.0,-0.332,0.515,-0.201,-0.497,-0.005,-0.456,-0.516,-0.297,-0.062,-0.318,-0.571,0.194,-0.602,-0.546,-0.319,0.103,0.081,0.276,-0.272,-0.456,-0.211,-0.586,-0.269,-0.084,0.307,-0.018,-0.698,-0.18,-0.555,0.569,-0.349,0.27,-0.721,0.752,-0.03,-0.377,-0.508,-0.207,-0.119,-0.396,0.243,-0.468,-0.28,0.392,0.007,-0.181,-0.448,0.042,0.468,-0.686,-0.398,-0.246,0.55,-0.262,-0.483,-0.368,-0.446,-0.434,-0.326,-0.302,-0.024,-0.467,-0.538,-0.239,-0.32,-0.487,-0.048,-0.313,-0.246,-0.262,0.53,-0.068,-0.166,-0.287,-0.653,0.085,-0.111,-0.309,-0.501,-0.292,-0.55,-0.374,-0.276,-0.34,0.178,-0.369,-0.42,-0.398,0.428,-0.305,0.142,-0.236,0.647,-0.444,-0.358,0.519,-0.456,-0.609,-0.345,-0.096,-0.243,-0.507,-0.103,-0.326,-0.368,-0.044,0.221,-0.366,-0.305,-0.26,-0.334,-0.296,-0.364,-0.036,-0.396,-0.507,-0.346,-0.743,0.517,-0.279,-0.365,-0.617,-0.243,-0.365,0.295,0.279,0.424,-0.156,-0.403,-0.552,0.153,0.504,-0.349,-0.249,0.232
HEES,0.745,0.015,0.495,0.804,0.905,0.789,0.26,0.436,0.616,0.726,0.791,0.419,0.827,0.952,0.453,0.928,0.818,0.881,-0.235,0.627,0.88,0.764,0.467,0.186,0.877,0.248,0.421,0.498,-0.43,0.537,0.835,-0.407,0.892,0.528,0.404,0.088,0.901,0.828,0.774,0.755,0.458,0.369,-0.304,0.861,-0.123,-0.067,0.655,0.687,-0.644,0.538,0.279,0.886,0.364,0.852,0.966,-0.601,0.905,0.921,0.413,0.884,0.476,0.693,0.572,0.661,-0.332,0.0,-0.643,0.793,0.623,0.372,0.943,0.129,0.82,-0.007,0.875,0.031,0.154,0.774,0.353,0.712,0.09,0.804,-0.287,0.274,0.786,-0.564,0.295,0.746,0.877,-0.511,0.9,0.457,0.633,0.753,-0.396,0.89,-0.53,0.41,-0.201,0.575,0.901,0.824,0.833,0.804,0.47,-0.748,0.496,0.737,0.079,-0.473,0.507,0.953,0.158,0.012,0.386,0.764,0.579,-0.623,0.527,0.79,0.857,0.586,0.37,0.447,0.511,0.534,0.759,0.908,0.705,0.925,0.224,0.812,0.889,0.347,0.63,-0.558,0.841,0.846,0.277,0.76,-0.278,0.903,0.439,0.817,0.505,0.82,0.398,0.921,0.735,-0.228,0.715,0.422,0.887,-0.137,0.885,0.113,0.913,-0.303,0.717,0.967,-0.154,0.795,0.453,0.86,0.729,0.93,0.877,0.668,0.862,0.286,0.799,0.672,0.8,0.91,0.681,0.405,0.89,0.622,0.787,0.916,0.702,0.93,0.521,-0.501,0.909,0.863,0.843,0.268,0.821,-0.173,-0.247,-0.693,0.832,0.846,0.491,0.49,-0.321,0.787,0.86,0.291
HELE,-0.848,0.484,-0.634,-0.921,-0.646,-0.847,-0.691,-0.82,-0.515,-0.694,-0.599,0.047,-0.844,-0.598,-0.833,-0.783,-0.797,-0.876,0.593,-0.489,-0.78,-0.887,-0.735,-0.155,-0.794,0.211,-0.482,-0.054,0.639,0.132,-0.618,0.551,-0.851,-0.828,0.15,0.177,-0.85,-0.792,-0.766,-0.701,-0.362,0.052,0.798,-0.57,0.647,0.52,-0.342,-0.661,0.871,-0.023,0.26,-0.851,-0.753,-0.667,-0.551,0.937,-0.803,-0.758,0.231,-0.43,-0.905,-0.545,-0.346,-0.205,0.515,-0.643,0.0,-0.669,-0.224,0.078,-0.635,-0.269,-0.558,-0.322,-0.768,0.062,0.332,-0.877,-0.252,-0.895,-0.088,-0.32,0.812,0.229,-0.74,0.489,-0.464,-0.278,-0.472,0.619,-0.455,-0.655,-0.705,-0.911,0.58,-0.62,0.892,-0.523,0.579,0.003,-0.598,-0.845,-0.363,-0.733,-0.125,0.495,-0.898,-0.817,0.475,-0.172,-0.511,-0.686,-0.536,0.658,-0.5,-0.863,-0.879,0.803,-0.724,-0.709,-0.761,-0.907,-0.718,-0.782,-0.86,-0.012,-0.797,-0.777,-0.319,-0.759,0.136,-0.6,-0.38,-0.35,-0.075,0.849,-0.45,-0.582,-0.623,-0.641,0.664,-0.452,-0.272,-0.912,-0.666,-0.918,-0.697,-0.668,-0.615,0.66,-0.862,-0.475,-0.821,0.758,-0.854,0.075,-0.609,0.336,-0.956,-0.665,0.595,-0.923,-0.817,-0.862,-0.346,-0.55,-0.694,-0.733,-0.806,-0.59,-0.332,-0.07,-0.894,-0.763,-0.168,-0.843,-0.725,-0.883,-0.257,-0.852,-0.864,-0.669,-0.712,0.554,-0.74,-0.842,-0.836,0.071,-0.863,0.644,0.678,0.853,-0.548,-0.807,-0.217,0.061,0.82,-0.265,-0.551,0.326
HIVE,0.733,-0.214,0.46,0.758,0.657,0.67,0.491,0.472,0.613,0.648,0.557,0.306,0.718,0.733,0.486,0.813,0.863,0.737,-0.206,0.659,0.714,0.732,0.392,-0.09,0.775,0.123,0.323,0.562,-0.48,0.282,0.65,-0.452,0.755,0.556,0.154,-0.044,0.752,0.697,0.694,0.574,0.29,0.292,-0.462,0.634,-0.187,-0.026,0.291,0.582,-0.607,0.299,0.055,0.726,0.443,0.68,0.769,-0.663,0.758,0.732,0.072,0.735,0.513,0.578,0.34,0.545,-0.201,0.793,-0.669,0.0,0.326,0.291,0.723,0.224,0.51,0.087,0.701,-0.136,0.092,0.704,0.167,0.728,0.006,0.659,-0.392,-0.012,0.643,-0.649,0.152,0.488,0.646,-0.495,0.68,0.382,0.576,0.678,-0.381,0.633,-0.601,0.377,-0.328,0.5,0.69,0.719,0.589,0.729,0.231,-0.47,0.566,0.636,-0.039,-0.263,0.465,0.725,0.449,-0.175,0.217,0.715,0.609,-0.607,0.579,0.753,0.764,0.613,0.351,0.42,0.549,0.392,0.69,0.722,0.509,0.735,-0.071,0.725,0.658,0.293,0.254,-0.541,0.69,0.651,0.309,0.584,-0.373,0.694,0.345,0.734,0.557,0.763,0.402,0.787,0.512,-0.305,0.635,0.344,0.726,-0.254,0.802,0.106,0.705,-0.05,0.711,0.741,-0.229,0.71,0.402,0.797,0.488,0.757,0.67,0.67,0.719,0.291,0.575,0.41,0.77,0.756,0.421,0.494,0.747,0.607,0.511,0.813,0.662,0.827,0.417,-0.426,0.713,0.761,0.733,0.03,0.705,-0.36,-0.342,-0.588,0.619,0.68,0.202,0.378,-0.376,0.523,0.712,0.001
HON,0.303,0.469,0.055,0.344,0.606,0.356,-0.174,0.021,0.17,0.177,0.5,0.206,0.323,0.567,0.052,0.486,0.287,0.49,-0.108,0.215,0.477,0.2,0.199,0.521,0.366,0.127,0.247,0.28,0.029,0.674,0.44,-0.019,0.548,0.098,0.454,0.469,0.449,0.314,0.343,0.494,0.345,0.205,-0.052,0.751,-0.06,-0.131,0.797,0.341,-0.245,0.793,0.25,0.452,-0.094,0.671,0.622,-0.232,0.478,0.507,0.688,0.456,0.109,0.373,0.528,0.32,-0.497,0.623,-0.224,0.326,0.0,0.282,0.645,0.24,0.583,-0.22,0.459,0.573,0.24,0.47,0.521,0.251,0.008,0.396,0.107,0.551,0.573,-0.069,0.292,0.777,0.514,-0.249,0.494,0.447,0.138,0.365,-0.36,0.514,-0.038,0.368,-0.181,0.431,0.566,0.468,0.626,0.221,0.505,-0.482,0.117,0.277,0.23,-0.548,0.078,0.66,-0.394,0.112,0.399,0.34,0.051,-0.221,0.007,0.627,0.449,0.139,0.123,0.106,0.053,0.593,0.449,0.686,0.455,0.528,0.549,0.298,0.711,0.153,0.673,-0.32,0.383,0.363,0.045,0.63,0.027,0.526,0.47,0.409,0.111,0.405,-0.001,0.572,0.342,0.16,0.304,0.142,0.475,0.116,0.346,-0.085,0.596,-0.462,0.245,0.652,-0.079,0.339,0.242,0.35,0.437,0.507,0.684,0.139,0.437,0.028,0.52,0.508,0.305,0.517,0.806,-0.002,0.521,0.221,0.624,0.464,0.238,0.569,0.556,-0.276,0.534,0.404,0.593,0.709,0.37,-0.005,0.13,-0.355,0.459,0.462,0.66,0.302,-0.032,0.674,0.585,0.331
HRTX,0.069,0.41,-0.295,-0.002,0.441,-0.018,-0.289,-0.361,0.183,0.293,0.148,0.452,0.057,0.23,-0.285,0.409,0.288,0.189,0.401,0.052,0.154,-0.057,-0.005,0.129,0.229,0.708,-0.21,0.533,0.158,0.61,0.409,0.182,0.107,-0.245,0.877,0.102,0.127,0.016,-0.048,0.288,-0.154,0.572,0.417,0.137,0.415,0.515,0.346,-0.027,0.098,0.436,0.622,0.227,-0.404,0.253,0.415,0.074,0.181,0.179,0.352,0.449,-0.38,0.292,0.433,0.497,-0.005,0.372,0.078,0.291,0.282,0.0,0.397,-0.193,0.359,-0.439,0.129,-0.0,0.586,0.011,0.072,0.004,0.036,0.484,0.419,0.438,-0.067,-0.09,-0.272,0.431,0.498,0.094,0.378,-0.136,-0.192,0.034,0.413,0.324,0.214,0.087,0.078,0.72,0.444,-0.084,0.508,0.114,0.049,-0.401,-0.204,-0.001,0.435,-0.581,-0.219,0.313,-0.253,0.503,-0.144,-0.104,-0.151,0.107,-0.165,0.123,0.317,-0.238,-0.46,-0.448,-0.347,0.351,-0.044,0.157,0.553,0.221,0.419,0.288,0.435,-0.28,0.44,0.289,0.247,0.273,-0.399,0.348,0.616,0.448,0.329,0.064,-0.089,0.153,-0.241,0.281,0.296,0.385,-0.062,-0.072,0.139,0.523,0.137,0.06,0.368,-0.091,-0.084,0.257,0.431,0.076,-0.259,0.044,0.628,0.321,0.417,0.124,0.165,-0.383,0.488,0.49,0.077,0.215,0.397,-0.444,0.316,-0.26,0.557,0.19,-0.152,0.33,-0.084,0.158,0.313,0.123,0.026,0.198,0.046,0.365,0.323,-0.047,0.494,0.08,0.048,0.682,0.34,0.645,0.449,0.471
HSTM,0.683,0.013,0.399,0.75,0.935,0.733,0.163,0.375,0.606,0.741,0.767,0.321,0.771,0.89,0.387,0.906,0.767,0.853,-0.235,0.543,0.834,0.701,0.459,0.266,0.844,0.334,0.368,0.455,-0.376,0.514,0.858,-0.469,0.835,0.439,0.448,0.208,0.847,0.787,0.704,0.746,0.338,0.365,-0.252,0.824,-0.109,-0.128,0.718,0.617,-0.616,0.546,0.286,0.871,0.296,0.894,0.922,-0.602,0.861,0.871,0.384,0.799,0.458,0.682,0.664,0.629,-0.456,0.943,-0.635,0.723,0.645,0.397,0.0,0.167,0.795,-0.025,0.814,0.156,0.158,0.744,0.38,0.674,0.09,0.694,-0.241,0.38,0.728,-0.41,0.326,0.733,0.838,-0.449,0.822,0.471,0.547,0.743,-0.394,0.881,-0.464,0.501,-0.259,0.6,0.895,0.79,0.809,0.719,0.486,-0.786,0.479,0.66,0.05,-0.481,0.477,0.92,0.085,0.008,0.475,0.723,0.502,-0.654,0.474,0.756,0.84,0.549,0.34,0.375,0.434,0.458,0.71,0.893,0.788,0.869,0.372,0.736,0.881,0.279,0.65,-0.544,0.747,0.75,0.192,0.843,-0.198,0.84,0.48,0.782,0.487,0.816,0.374,0.887,0.763,-0.156,0.663,0.447,0.84,-0.128,0.823,0.069,0.86,-0.444,0.682,0.916,-0.148,0.772,0.482,0.788,0.712,0.859,0.871,0.595,0.799,0.269,0.759,0.588,0.73,0.848,0.682,0.345,0.842,0.57,0.749,0.858,0.67,0.872,0.565,-0.571,0.866,0.814,0.823,0.271,0.769,-0.164,-0.199,-0.692,0.815,0.82,0.529,0.466,-0.317,0.811,0.796,0.304
HURA,0.006,-0.037,0.359,0.224,0.117,0.258,-0.103,0.331,-0.143,-0.147,0.367,-0.046,0.206,0.166,0.237,0.209,0.075,0.179,-0.593,0.064,0.287,0.159,-0.079,0.071,0.026,-0.219,0.342,-0.33,-0.426,-0.24,0.256,-0.46,0.176,0.281,-0.184,0.564,0.143,0.203,0.401,-0.024,-0.064,-0.529,-0.462,0.445,-0.569,-0.612,0.416,0.399,-0.312,0.03,-0.23,0.144,0.037,0.211,0.001,-0.207,0.271,0.253,0.018,-0.123,0.327,-0.132,0.358,-0.343,-0.516,0.129,-0.269,0.224,0.24,-0.193,0.167,0.0,-0.051,0.372,0.266,0.369,-0.489,0.4,0.418,0.247,-0.416,-0.241,-0.324,-0.086,0.222,-0.077,0.537,-0.11,-0.171,-0.4,0.015,0.68,0.245,0.282,-0.554,0.034,-0.238,0.632,-0.475,-0.141,-0.061,0.374,-0.131,-0.085,0.526,-0.048,0.15,0.143,-0.566,0.197,0.21,0.224,-0.075,-0.488,0.608,0.133,0.186,-0.547,0.304,0.402,0.05,0.193,0.535,0.334,0.259,0.033,0.472,0.287,-0.149,0.22,0.269,-0.247,0.192,0.508,0.219,-0.334,0.085,-0.004,0.443,0.314,-0.186,-0.184,-0.106,0.29,0.14,0.239,0.007,0.052,-0.122,-0.351,0.365,0.568,0.275,-0.386,0.187,0.35,0.159,-0.47,0.217,0.202,-0.702,0.242,0.447,0.218,-0.313,0.17,0.184,-0.1,0.221,0.583,-0.224,-0.286,0.123,0.216,-0.055,0.34,-0.033,0.179,-0.251,0.196,0.402,0.162,0.623,-0.395,0.112,0.087,0.434,0.32,0.262,-0.179,-0.383,-0.071,-0.197,0.318,0.575,-0.463,-0.505,0.093,-0.092,-0.45
IART,0.688,0.136,0.377,0.68,0.8,0.695,0.164,0.411,0.57,0.678,0.617,0.241,0.751,0.768,0.431,0.8,0.648,0.794,-0.168,0.356,0.734,0.646,0.586,0.415,0.77,0.167,0.457,0.292,-0.25,0.491,0.736,-0.13,0.791,0.437,0.382,-0.057,0.781,0.669,0.569,0.81,0.559,0.405,-0.219,0.679,-0.061,-0.104,0.622,0.533,-0.515,0.533,0.343,0.774,0.398,0.735,0.789,-0.543,0.749,0.759,0.438,0.681,0.413,0.699,0.44,0.571,-0.297,0.82,-0.558,0.51,0.583,0.359,0.795,-0.051,0.0,-0.103,0.746,0.142,0.218,0.669,0.303,0.61,0.287,0.632,-0.263,0.277,0.71,-0.391,0.229,0.705,0.83,-0.428,0.708,0.311,0.522,0.695,-0.19,0.875,-0.451,0.289,-0.087,0.339,0.803,0.65,0.75,0.691,0.26,-0.787,0.507,0.69,0.166,-0.369,0.29,0.805,-0.062,0.07,0.319,0.628,0.51,-0.45,0.355,0.607,0.802,0.516,0.26,0.407,0.447,0.413,0.559,0.77,0.687,0.795,0.237,0.721,0.681,0.188,0.543,-0.526,0.641,0.757,0.259,0.708,-0.255,0.794,0.514,0.681,0.335,0.718,0.41,0.802,0.805,-0.2,0.621,0.251,0.753,-0.164,0.743,-0.078,0.792,-0.298,0.62,0.804,-0.026,0.719,0.482,0.694,0.747,0.714,0.813,0.644,0.759,0.175,0.781,0.671,0.675,0.771,0.619,0.3,0.827,0.552,0.803,0.751,0.533,0.678,0.433,-0.279,0.829,0.773,0.673,0.324,0.698,-0.194,-0.157,-0.711,0.755,0.728,0.414,0.423,-0.254,0.625,0.764,0.395
IBKR,-0.065,-0.451,0.652,0.27,-0.02,0.326,0.231,0.603,-0.243,0.04,0.445,0.129,0.302,0.096,0.408,0.087,-0.033,0.09,-0.728,0.234,0.353,0.339,-0.149,-0.444,-0.038,-0.373,0.426,-0.427,-0.387,-0.598,0.085,-0.551,0.072,0.551,-0.487,0.008,0.086,0.351,0.489,-0.034,-0.074,-0.662,-0.352,0.151,-0.625,-0.61,0.038,0.487,-0.281,-0.482,-0.445,0.147,0.23,-0.102,-0.148,-0.176,0.325,0.289,-0.364,-0.215,0.449,-0.326,0.045,-0.409,-0.062,-0.007,-0.322,0.087,-0.22,-0.439,-0.025,0.372,-0.103,0.0,0.35,-0.345,-0.857,0.199,0.044,0.398,-0.621,-0.112,-0.612,-0.612,0.102,-0.263,0.64,-0.542,-0.278,-0.287,0.114,0.408,0.535,0.142,-0.273,-0.036,-0.534,0.293,-0.066,-0.383,-0.22,0.286,-0.451,-0.012,0.263,0.112,0.116,0.277,-0.714,0.645,0.265,0.035,0.364,-0.536,0.454,0.2,0.487,-0.452,0.618,0.185,-0.087,0.309,0.708,0.497,0.459,-0.206,0.443,0.042,-0.338,0.237,-0.302,-0.222,-0.05,0.576,0.044,-0.142,0.15,-0.043,0.447,-0.081,-0.469,-0.303,-0.616,0.302,0.187,0.162,0.137,-0.065,-0.113,-0.674,0.454,0.644,0.335,-0.483,0.237,0.539,0.176,-0.347,0.262,0.13,-0.707,0.323,0.395,0.269,-0.448,0.113,-0.16,-0.04,0.345,0.746,-0.438,-0.298,0.14,0.244,-0.548,0.592,-0.076,0.322,-0.442,0.14,0.443,0.024,0.415,-0.207,0.136,0.044,0.25,-0.16,0.402,-0.27,-0.73,0.032,-0.205,0.406,0.242,-0.658,-0.608,-0.256,-0.363,-0.662
IBOC,0.708,-0.17,0.784,0.899,0.805,0.919,0.368,0.75,0.491,0.647,0.9,0.404,0.947,0.911,0.699,0.883,0.73,0.886,-0.559,0.535,0.991,0.882,0.479,0.102,0.827,-0.001,0.661,0.167,-0.595,0.168,0.791,-0.5,0.893,0.803,0.126,-0.022,0.906,0.89,0.928,0.742,0.478,0.009,-0.504,0.852,-0.465,-0.398,0.64,0.909,-0.77,0.262,0.127,0.905,0.535,0.665,0.785,-0.659,0.986,0.983,0.232,0.699,0.673,0.478,0.541,0.35,-0.318,0.875,-0.768,0.701,0.459,0.129,0.814,0.266,0.746,0.35,0.0,-0.121,-0.236,0.832,0.393,0.87,-0.103,0.608,-0.616,-0.083,0.792,-0.654,0.547,0.45,0.717,-0.667,0.853,0.652,0.823,0.825,-0.468,0.791,-0.783,0.539,-0.165,0.235,0.666,0.898,0.581,0.761,0.471,-0.72,0.57,0.879,-0.286,-0.051,0.568,0.91,0.275,-0.283,0.546,0.796,0.82,-0.751,0.778,0.82,0.773,0.701,0.691,0.702,0.732,0.37,0.907,0.853,0.417,0.983,0.066,0.661,0.733,0.615,0.57,-0.653,0.837,0.793,0.577,0.678,-0.52,0.677,0.191,0.923,0.506,0.822,0.487,0.799,0.627,-0.599,0.931,0.666,0.989,-0.437,0.946,0.298,0.926,-0.392,0.821,0.92,-0.484,0.909,0.688,0.932,0.519,0.868,0.791,0.637,0.974,0.644,0.55,0.493,0.829,0.982,0.356,0.68,0.79,0.76,0.534,0.905,0.844,0.847,0.675,-0.488,0.95,0.861,0.872,0.186,0.97,-0.322,-0.609,-0.68,0.693,0.98,0.543,0.09,-0.644,0.586,0.621,-0.038
IBRX,-0.004,0.468,-0.313,-0.1,0.146,-0.131,-0.389,-0.248,-0.129,-0.215,-0.025,-0.423,-0.156,-0.016,-0.216,-0.022,-0.133,0.066,0.031,-0.22,-0.117,-0.262,0.03,0.557,-0.092,-0.057,-0.134,-0.086,0.252,0.344,0.009,0.128,0.061,-0.294,0.151,0.554,-0.056,-0.162,-0.157,0.121,0.1,-0.07,-0.014,0.289,-0.012,-0.198,0.475,-0.158,0.078,0.544,-0.002,-0.078,-0.204,0.366,0.044,-0.051,-0.106,-0.101,0.446,-0.119,-0.062,0.141,0.239,-0.061,-0.571,0.031,0.062,-0.136,0.573,-0.0,0.156,0.369,0.142,-0.345,-0.121,0.0,0.125,0.154,0.44,-0.222,0.103,-0.23,0.251,0.555,0.204,0.43,0.126,0.408,-0.033,-0.02,-0.208,0.285,-0.292,0.057,-0.321,0.114,0.294,0.24,-0.393,0.055,0.114,0.05,0.193,-0.265,0.318,-0.105,0.016,-0.205,0.146,-0.357,-0.264,0.093,-0.601,0.011,0.254,-0.078,-0.34,0.01,-0.365,0.225,0.052,-0.101,-0.109,-0.146,-0.227,0.237,-0.015,0.246,0.167,-0.06,0.545,-0.187,0.178,-0.113,0.244,-0.198,-0.199,-0.163,-0.091,0.382,0.156,-0.015,0.441,-0.064,-0.115,0.08,-0.159,0.084,0.055,0.326,-0.155,-0.122,-0.088,0.006,-0.181,-0.357,-0.033,-0.352,-0.113,0.088,-0.077,-0.08,0.132,-0.141,0.029,-0.11,0.259,-0.217,-0.165,-0.171,0.09,0.0,-0.147,-0.11,0.479,-0.233,0.053,-0.118,0.147,-0.023,-0.085,0.023,0.364,-0.136,-0.08,-0.038,0.151,0.647,-0.174,-0.032,0.389,-0.088,-0.11,-0.056,0.423,-0.001,0.075,0.205,0.135,0.198
IDXX,0.058,0.458,-0.582,-0.222,0.119,-0.256,-0.222,-0.609,0.356,0.122,-0.337,0.136,-0.212,0.025,-0.425,0.037,0.161,-0.054,0.777,-0.028,-0.235,-0.252,0.075,0.308,0.131,0.569,-0.343,0.624,0.374,0.705,0.046,0.452,-0.038,-0.521,0.615,-0.03,-0.025,-0.244,-0.395,0.07,0.016,0.833,0.479,-0.102,0.762,0.752,-0.027,-0.42,0.326,0.528,0.59,-0.058,-0.271,0.148,0.321,0.204,-0.199,-0.164,0.378,0.387,-0.499,0.381,0.031,0.596,0.194,0.154,0.332,0.092,0.24,0.586,0.158,-0.489,0.218,-0.857,-0.236,0.125,0.0,-0.221,-0.114,-0.288,0.529,0.334,0.67,0.625,-0.095,0.114,-0.627,0.581,0.429,0.315,0.092,-0.495,-0.444,-0.147,0.38,0.142,0.512,-0.28,0.215,0.604,0.346,-0.248,0.556,0.109,-0.232,-0.169,-0.202,-0.225,0.806,-0.719,-0.163,0.07,-0.254,0.687,-0.453,-0.14,-0.445,0.432,-0.516,-0.128,0.166,-0.319,-0.749,-0.541,-0.467,0.303,-0.377,-0.017,0.478,-0.128,0.317,0.366,0.209,-0.553,0.091,0.245,0.054,0.132,-0.545,0.111,0.511,0.471,0.592,-0.247,-0.142,-0.126,-0.14,0.165,0.191,0.716,-0.422,-0.556,-0.234,0.64,-0.129,-0.376,-0.018,0.378,-0.243,-0.017,0.833,-0.262,-0.477,-0.177,0.554,0.077,0.178,0.085,-0.223,-0.75,0.564,0.477,-0.089,-0.121,0.578,-0.617,0.157,-0.31,0.565,-0.071,-0.411,0.106,-0.474,0.187,-0.024,0.022,-0.206,0.085,-0.308,0.332,0.709,0.019,0.346,-0.309,-0.217,0.825,0.693,0.401,0.434,0.774
INGN,0.832,-0.2,0.643,0.932,0.702,0.91,0.492,0.755,0.491,0.629,0.696,0.109,0.884,0.739,0.798,0.845,0.803,0.892,-0.625,0.578,0.843,0.859,0.587,0.231,0.806,-0.198,0.613,0.059,-0.69,0.093,0.729,-0.506,0.906,0.807,-0.049,0.025,0.888,0.801,0.86,0.757,0.497,-0.072,-0.779,0.766,-0.582,-0.517,0.575,0.758,-0.761,0.254,-0.163,0.841,0.672,0.761,0.681,-0.868,0.854,0.833,0.093,0.519,0.838,0.587,0.415,0.232,-0.602,0.774,-0.877,0.704,0.47,0.011,0.744,0.4,0.669,0.199,0.832,0.154,-0.221,0.0,0.428,0.824,-0.017,0.437,-0.705,-0.104,0.903,-0.504,0.589,0.466,0.542,-0.68,0.553,0.766,0.748,0.925,-0.626,0.731,-0.798,0.598,-0.554,0.075,0.679,0.915,0.494,0.718,0.362,-0.527,0.826,0.842,-0.333,0.007,0.466,0.833,0.331,-0.496,0.566,0.857,0.814,-0.769,0.726,0.842,0.822,0.833,0.712,0.769,0.814,0.242,0.896,0.859,0.365,0.831,0.058,0.599,0.602,0.556,0.309,-0.835,0.617,0.702,0.708,0.697,-0.574,0.569,0.306,0.934,0.605,0.892,0.631,0.779,0.587,-0.607,0.878,0.527,0.868,-0.61,0.878,0.021,0.731,-0.323,0.9,0.807,-0.589,0.9,0.793,0.907,0.424,0.696,0.801,0.663,0.841,0.615,0.438,0.239,0.876,0.832,0.367,0.763,0.796,0.861,0.407,0.915,0.905,0.769,0.773,-0.572,0.783,0.843,0.933,0.187,0.874,-0.533,-0.603,-0.792,0.526,0.846,0.475,0.023,-0.739,0.445,0.668,-0.213
INM,0.133,0.258,0.219,0.286,0.374,0.371,-0.072,0.189,0.028,0.029,0.479,0.109,0.298,0.325,0.247,0.317,0.199,0.351,-0.312,0.145,0.412,0.181,0.13,0.357,0.236,0.085,0.297,-0.151,-0.063,0.112,0.38,-0.183,0.328,0.235,0.131,0.462,0.338,0.323,0.366,0.257,0.068,-0.209,-0.231,0.504,-0.395,-0.42,0.617,0.331,-0.32,0.412,0.089,0.365,0.023,0.409,0.317,-0.243,0.396,0.391,0.316,0.114,0.251,0.099,0.534,-0.036,-0.546,0.353,-0.252,0.167,0.521,0.072,0.38,0.418,0.303,0.044,0.393,0.44,-0.114,0.428,0.0,0.288,-0.184,0.015,-0.14,0.24,0.406,0.054,0.517,0.299,0.185,-0.367,0.246,0.632,0.186,0.351,-0.382,0.28,-0.165,0.512,-0.281,0.048,0.24,0.412,0.264,0.067,0.429,-0.303,0.135,0.274,-0.262,-0.068,0.136,0.452,-0.161,-0.216,0.562,0.265,0.168,-0.337,0.221,0.507,0.181,0.235,0.361,0.223,0.166,0.466,0.445,0.419,0.112,0.38,0.384,0.07,0.395,0.341,0.475,-0.337,0.273,0.211,0.198,0.447,-0.056,0.165,0.158,0.398,0.226,0.307,0.198,0.23,0.146,-0.185,0.338,0.458,0.419,-0.184,0.269,0.036,0.353,-0.432,0.251,0.395,-0.374,0.302,0.445,0.291,0.1,0.365,0.462,-0.025,0.356,0.32,0.098,0.024,0.228,0.409,0.301,0.185,0.247,0.226,0.13,0.296,0.335,0.427,0.609,-0.32,0.371,0.285,0.509,0.517,0.361,-0.157,-0.181,-0.139,0.155,0.425,0.602,-0.12,-0.348,0.416,0.19,-0.042
INVA,0.771,-0.429,0.733,0.916,0.66,0.892,0.667,0.839,0.531,0.686,0.685,0.178,0.891,0.708,0.809,0.807,0.792,0.848,-0.542,0.523,0.879,0.913,0.65,0.1,0.809,-0.121,0.568,0.147,-0.622,-0.097,0.672,-0.519,0.854,0.863,-0.088,-0.195,0.86,0.822,0.834,0.682,0.373,-0.003,-0.682,0.619,-0.584,-0.466,0.373,0.767,-0.86,0.078,-0.089,0.863,0.694,0.591,0.629,-0.821,0.886,0.85,-0.146,0.528,0.818,0.46,0.371,0.286,-0.319,0.712,-0.895,0.728,0.251,0.004,0.674,0.247,0.61,0.398,0.87,-0.222,-0.288,0.824,0.288,0.0,0.018,0.439,-0.78,-0.281,0.725,-0.637,0.472,0.278,0.56,-0.653,0.633,0.604,0.776,0.856,-0.456,0.63,-0.896,0.512,-0.312,0.051,0.582,0.852,0.402,0.766,0.128,-0.575,0.755,0.86,-0.443,0.177,0.584,0.746,0.531,-0.541,0.502,0.856,0.897,-0.783,0.784,0.757,0.726,0.832,0.721,0.757,0.832,0.185,0.849,0.741,0.325,0.844,-0.149,0.664,0.48,0.452,0.213,-0.759,0.613,0.65,0.588,0.609,-0.645,0.523,0.219,0.926,0.602,0.845,0.632,0.691,0.564,-0.695,0.911,0.567,0.894,-0.641,0.908,0.117,0.734,-0.26,0.922,0.722,-0.52,0.921,0.782,0.891,0.369,0.697,0.692,0.707,0.9,0.623,0.382,0.232,0.872,0.879,0.178,0.814,0.73,0.862,0.328,0.844,0.849,0.728,0.669,-0.489,0.846,0.85,0.84,-0.052,0.928,-0.542,-0.707,-0.737,0.593,0.878,0.253,-0.013,-0.761,0.341,0.526,-0.234
IQ,0.386,-0.062,-0.263,0.058,0.126,-0.037,0.233,-0.107,0.505,0.207,-0.32,-0.404,0.017,0.053,-0.016,0.044,0.227,0.197,0.503,-0.227,-0.123,0.055,0.651,0.507,0.324,0.128,-0.27,0.32,0.174,0.24,-0.005,0.32,0.195,-0.185,0.112,-0.365,0.205,-0.034,-0.271,0.173,0.258,0.633,0.029,-0.119,0.333,0.308,-0.195,-0.314,-0.205,0.226,0.302,0.112,0.288,0.191,0.169,-0.183,-0.095,-0.078,0.012,0.277,0.023,0.505,-0.116,0.455,0.103,0.09,-0.088,0.006,0.008,0.036,0.09,-0.416,0.287,-0.621,-0.103,0.103,0.529,-0.017,-0.184,0.018,0.0,0.042,0.138,0.38,0.075,0.058,-0.58,0.411,0.388,0.03,-0.037,-0.358,-0.209,0.176,0.057,0.207,0.092,-0.297,0.02,0.098,0.292,-0.003,0.435,0.372,-0.439,-0.328,0.295,0.067,0.403,-0.343,0.119,0.031,-0.021,0.14,-0.294,0.165,-0.078,0.098,-0.353,-0.122,0.247,0.17,-0.336,-0.024,0.011,-0.067,-0.262,0.138,0.366,-0.021,-0.025,0.47,-0.084,-0.548,-0.24,-0.301,-0.128,0.208,-0.224,0.189,-0.065,0.348,0.651,-0.018,0.071,0.128,0.278,0.187,0.395,0.284,-0.111,-0.509,-0.076,-0.032,0.067,-0.68,-0.104,0.298,0.165,-0.029,0.512,0.037,0.021,0.016,0.432,-0.061,0.224,0.43,-0.1,-0.492,0.503,0.212,0.194,-0.04,0.41,-0.112,0.243,0.095,0.383,0.071,-0.134,0.022,-0.283,-0.02,0.08,0.297,-0.06,-0.135,-0.087,-0.08,0.397,-0.435,0.366,-0.119,-0.389,0.436,0.22,0.032,0.367,0.542
IRBT,0.551,0.059,0.286,0.534,0.688,0.513,0.204,0.171,0.508,0.676,0.534,0.558,0.555,0.76,0.172,0.691,0.641,0.578,0.09,0.669,0.6,0.527,0.174,-0.138,0.656,0.291,0.202,0.688,-0.216,0.641,0.564,-0.155,0.616,0.31,0.45,-0.137,0.616,0.596,0.515,0.597,0.418,0.54,0.016,0.539,0.243,0.357,0.338,0.479,-0.253,0.387,0.299,0.598,0.173,0.558,0.837,-0.291,0.633,0.656,0.376,0.854,0.142,0.592,0.189,0.749,0.081,0.804,-0.32,0.659,0.396,0.484,0.694,-0.241,0.632,-0.112,0.608,-0.23,0.334,0.437,0.015,0.439,0.042,0.0,-0.029,0.176,0.525,-0.574,0.001,0.63,0.76,-0.223,0.835,0.007,0.494,0.385,-0.031,0.709,-0.298,-0.034,0.116,0.658,0.786,0.455,0.705,0.664,0.212,-0.474,0.211,0.521,0.419,-0.553,0.292,0.668,0.178,0.359,-0.058,0.522,0.38,-0.254,0.356,0.48,0.672,0.3,0.021,0.15,0.247,0.548,0.427,0.57,0.618,0.668,-0.024,0.76,0.747,0.156,0.457,-0.13,0.764,0.697,0.029,0.367,-0.079,0.843,0.249,0.505,0.356,0.516,0.184,0.781,0.571,-0.013,0.408,0.099,0.594,0.216,0.642,0.158,0.754,0.021,0.403,0.751,0.194,0.507,0.018,0.626,0.735,0.778,0.577,0.559,0.629,-0.02,0.744,0.778,0.585,0.656,0.567,0.134,0.773,0.373,0.783,0.688,0.387,0.727,0.086,-0.217,0.668,0.591,0.479,0.092,0.542,0.062,-0.014,-0.421,0.726,0.523,0.158,0.701,0.067,0.643,0.767,0.431
KDP,-0.581,0.616,-0.785,-0.758,-0.239,-0.749,-0.713,-0.951,-0.26,-0.395,-0.453,0.083,-0.708,-0.356,-0.894,-0.451,-0.482,-0.568,0.773,-0.343,-0.618,-0.779,-0.504,0.096,-0.49,0.548,-0.639,0.347,0.707,0.552,-0.325,0.505,-0.58,-0.924,0.565,0.335,-0.587,-0.629,-0.712,-0.414,-0.325,0.448,0.861,-0.32,0.823,0.716,-0.084,-0.673,0.724,0.353,0.506,-0.545,-0.792,-0.24,-0.149,0.741,-0.603,-0.558,0.436,-0.063,-0.911,-0.153,-0.028,0.216,0.276,-0.287,0.812,-0.392,0.107,0.419,-0.241,-0.324,-0.263,-0.612,-0.616,0.251,0.67,-0.705,-0.14,-0.78,0.138,-0.029,0.0,0.664,-0.574,0.473,-0.593,0.174,-0.08,0.617,-0.222,-0.627,-0.76,-0.693,0.505,-0.29,0.934,-0.385,0.397,0.453,-0.149,-0.666,0.099,-0.5,-0.035,0.182,-0.763,-0.744,0.718,-0.631,-0.467,-0.366,-0.61,0.808,-0.478,-0.686,-0.911,0.678,-0.816,-0.476,-0.411,-0.817,-0.882,-0.899,-0.921,0.221,-0.722,-0.42,0.135,-0.534,0.43,-0.268,-0.042,-0.59,0.148,0.724,-0.293,-0.363,-0.83,-0.218,0.805,-0.051,0.185,-0.732,-0.452,-0.61,-0.631,-0.328,-0.24,0.92,-0.823,-0.542,-0.636,0.877,-0.656,-0.122,-0.367,0.162,-0.805,-0.372,0.772,-0.738,-0.798,-0.691,0.068,-0.301,-0.3,-0.535,-0.648,-0.811,0.088,0.198,-0.675,-0.563,0.29,-0.957,-0.398,-0.834,0.153,-0.582,-0.789,-0.325,-0.597,0.366,-0.484,-0.548,-0.61,0.189,-0.742,0.662,0.891,0.576,-0.147,-0.654,-0.105,0.499,0.924,0.157,-0.125,0.651
KPTI,-0.028,0.475,-0.47,-0.188,0.385,-0.2,-0.518,-0.569,0.182,0.036,0.04,-0.012,-0.163,0.18,-0.477,0.12,0.031,0.096,0.466,-0.097,-0.065,-0.271,0.059,0.505,0.117,0.629,-0.346,0.418,0.407,0.705,0.227,0.103,0.045,-0.568,0.684,0.484,0.045,-0.068,-0.251,0.112,-0.076,0.556,0.452,0.241,0.501,0.373,0.428,-0.3,0.109,0.64,0.552,0.091,-0.418,0.436,0.38,0.165,-0.037,0.003,0.546,0.328,-0.381,0.373,0.479,0.489,-0.272,0.274,0.229,-0.012,0.551,0.438,0.38,-0.086,0.277,-0.612,-0.083,0.555,0.625,-0.104,0.24,-0.281,0.38,0.176,0.664,0.0,-0.004,0.347,-0.279,0.631,0.383,0.218,0.148,-0.135,-0.4,-0.042,0.006,0.308,0.534,0.083,-0.057,0.644,0.404,-0.041,0.595,-0.026,0.264,-0.385,-0.238,-0.237,0.523,-0.818,-0.041,0.224,-0.548,0.503,0.035,-0.116,-0.513,0.095,-0.498,0.04,0.147,-0.253,-0.479,-0.456,-0.482,0.333,-0.213,0.264,0.614,0.026,0.706,0.164,0.407,-0.407,0.482,0.093,0.032,0.088,-0.579,0.456,0.525,0.395,0.598,-0.135,-0.132,0.049,-0.19,0.213,0.333,0.724,-0.304,-0.201,-0.054,0.477,-0.111,-0.314,0.097,-0.291,-0.204,0.19,0.477,-0.128,-0.205,-0.143,0.458,0.165,0.342,-0.106,-0.134,-0.53,0.516,0.353,-0.11,-0.025,0.719,-0.563,0.147,-0.33,0.511,0.0,-0.253,0.2,-0.023,-0.153,0.069,0.071,0.04,0.368,-0.191,0.347,0.677,-0.069,0.354,-0.071,0.298,0.6,0.486,0.607,0.358,0.734
KTOS,0.818,-0.121,0.606,0.87,0.674,0.863,0.461,0.662,0.546,0.581,0.639,0.119,0.825,0.78,0.699,0.744,0.728,0.837,-0.479,0.611,0.784,0.816,0.537,0.242,0.787,-0.262,0.625,0.15,-0.528,0.256,0.625,-0.378,0.901,0.72,-0.08,-0.048,0.858,0.769,0.794,0.772,0.703,0.056,-0.656,0.777,-0.406,-0.383,0.541,0.705,-0.641,0.384,-0.121,0.766,0.675,0.754,0.742,-0.754,0.795,0.797,0.274,0.591,0.751,0.647,0.263,0.351,-0.456,0.786,-0.74,0.643,0.573,-0.067,0.728,0.222,0.71,0.102,0.792,0.204,-0.095,0.903,0.406,0.725,0.075,0.525,-0.574,-0.004,0.0,-0.454,0.503,0.601,0.598,-0.603,0.6,0.61,0.741,0.825,-0.613,0.77,-0.695,0.374,-0.377,0.114,0.699,0.886,0.578,0.738,0.347,-0.498,0.743,0.81,-0.088,-0.131,0.502,0.812,0.242,-0.293,0.446,0.864,0.721,-0.611,0.621,0.8,0.789,0.778,0.608,0.733,0.76,0.382,0.821,0.85,0.383,0.797,-0.013,0.676,0.65,0.521,0.325,-0.795,0.688,0.729,0.619,0.602,-0.618,0.672,0.351,0.839,0.578,0.792,0.599,0.83,0.602,-0.465,0.773,0.37,0.808,-0.488,0.82,-0.075,0.727,-0.173,0.814,0.832,-0.418,0.804,0.673,0.868,0.486,0.716,0.752,0.667,0.776,0.478,0.554,0.423,0.819,0.796,0.517,0.674,0.837,0.85,0.538,0.867,0.798,0.758,0.636,-0.526,0.749,0.827,0.878,0.279,0.798,-0.477,-0.426,-0.746,0.531,0.786,0.465,0.129,-0.543,0.438,0.717,-0.003
KXIN,-0.541,0.184,-0.567,-0.615,-0.36,-0.575,-0.489,-0.552,-0.334,-0.476,-0.483,-0.378,-0.641,-0.611,-0.468,-0.582,-0.58,-0.52,0.237,-0.417,-0.637,-0.649,-0.279,0.252,-0.527,0.074,-0.378,-0.314,0.482,-0.099,-0.397,0.208,-0.584,-0.635,-0.021,0.283,-0.572,-0.515,-0.609,-0.392,-0.379,-0.085,0.339,-0.456,0.211,0.026,-0.126,-0.622,0.507,-0.092,-0.081,-0.527,-0.425,-0.27,-0.496,0.398,-0.636,-0.628,-0.065,-0.592,-0.391,-0.228,-0.096,-0.318,-0.211,-0.564,0.489,-0.649,-0.069,-0.09,-0.41,-0.077,-0.391,-0.263,-0.654,0.43,0.114,-0.504,0.054,-0.637,0.058,-0.574,0.473,0.347,-0.454,0.0,-0.123,-0.214,-0.509,0.426,-0.647,-0.268,-0.584,-0.466,0.162,-0.392,0.599,-0.124,-0.08,-0.154,-0.379,-0.521,-0.333,-0.627,-0.104,0.342,-0.386,-0.6,0.104,-0.011,-0.34,-0.53,-0.435,0.163,-0.046,-0.497,-0.636,0.385,-0.558,-0.526,-0.529,-0.401,-0.384,-0.46,-0.521,-0.288,-0.588,-0.468,-0.171,-0.652,0.289,-0.555,-0.417,-0.378,-0.18,0.354,-0.609,-0.568,-0.433,-0.216,0.447,-0.488,-0.012,-0.581,-0.38,-0.479,-0.228,-0.547,-0.241,0.462,-0.626,-0.285,-0.622,0.202,-0.682,-0.294,-0.634,-0.095,-0.546,-0.577,0.216,-0.575,-0.268,-0.658,-0.316,-0.579,-0.425,-0.476,-0.663,-0.359,-0.382,-0.462,-0.606,-0.659,-0.134,-0.493,-0.531,-0.512,-0.372,-0.639,-0.509,-0.571,-0.227,0.183,-0.63,-0.565,-0.461,0.074,-0.645,0.309,0.441,0.394,-0.431,-0.59,-0.046,-0.159,0.362,-0.263,-0.473,0.111
LAMR,0.136,-0.117,0.601,0.479,0.28,0.616,0.093,0.594,-0.114,0.177,0.639,0.205,0.514,0.329,0.578,0.358,0.19,0.366,-0.849,0.416,0.57,0.452,0.006,-0.013,0.209,-0.262,0.674,-0.479,-0.501,-0.302,0.436,-0.603,0.366,0.642,-0.256,0.362,0.378,0.516,0.687,0.296,0.123,-0.625,-0.521,0.509,-0.714,-0.798,0.556,0.622,-0.35,-0.071,-0.353,0.414,0.257,0.304,0.18,-0.383,0.535,0.526,-0.018,-0.085,0.597,-0.047,0.382,-0.363,-0.586,0.295,-0.464,0.152,0.292,-0.272,0.326,0.537,0.229,0.64,0.547,0.126,-0.627,0.589,0.517,0.472,-0.58,0.001,-0.593,-0.279,0.503,-0.123,0.0,-0.102,-0.057,-0.446,0.225,0.781,0.612,0.46,-0.448,0.278,-0.524,0.648,-0.358,-0.267,0.116,0.581,-0.109,0.106,0.544,-0.107,0.313,0.49,-0.647,0.418,0.305,0.435,0.162,-0.523,0.792,0.423,0.54,-0.559,0.688,0.49,0.195,0.451,0.81,0.613,0.541,0.056,0.695,0.377,-0.089,0.454,0.119,-0.081,0.293,0.772,0.375,-0.384,0.346,0.226,0.627,0.275,-0.365,-0.023,-0.309,0.575,0.268,0.389,0.363,0.198,0.103,-0.645,0.625,0.783,0.562,-0.483,0.415,0.372,0.394,-0.558,0.442,0.425,-0.796,0.502,0.645,0.471,-0.171,0.381,0.249,0.008,0.541,0.837,-0.214,-0.187,0.322,0.472,-0.132,0.611,0.206,0.5,-0.158,0.393,0.68,0.311,0.745,-0.377,0.361,0.269,0.611,0.166,0.585,-0.295,-0.704,-0.171,-0.044,0.608,0.671,-0.514,-0.709,0.143,-0.037,-0.543
LFUS,0.597,0.389,-0.046,0.434,0.699,0.364,0.027,-0.039,0.506,0.442,0.357,0.146,0.41,0.66,0.065,0.601,0.548,0.619,0.227,0.257,0.445,0.322,0.434,0.511,0.619,0.288,0.055,0.603,0.015,0.853,0.482,0.112,0.658,0.05,0.575,0.134,0.601,0.374,0.271,0.626,0.483,0.617,0.008,0.642,0.239,0.251,0.567,0.238,-0.29,0.827,0.44,0.554,0.104,0.759,0.81,-0.35,0.477,0.513,0.661,0.764,0.089,0.661,0.398,0.68,-0.269,0.746,-0.278,0.488,0.777,0.431,0.733,-0.11,0.705,-0.542,0.45,0.408,0.581,0.466,0.299,0.278,0.411,0.63,0.174,0.631,0.601,-0.214,-0.102,0.0,0.807,-0.217,0.598,0.171,0.106,0.456,-0.245,0.682,-0.054,0.128,-0.109,0.621,0.795,0.472,0.911,0.537,0.264,-0.629,0.283,0.366,0.537,-0.778,0.136,0.71,-0.219,0.31,0.05,0.463,0.098,-0.151,-0.054,0.564,0.684,0.228,-0.121,0.045,0.084,0.619,0.334,0.733,0.689,0.566,0.387,0.692,0.744,-0.098,0.506,-0.381,0.497,0.591,-0.062,0.674,0.014,0.84,0.764,0.42,0.233,0.526,0.141,0.743,0.598,0.277,0.257,-0.136,0.465,0.18,0.476,-0.329,0.617,-0.111,0.349,0.689,0.269,0.393,0.138,0.459,0.78,0.566,0.788,0.45,0.431,-0.253,0.862,0.73,0.474,0.538,0.954,-0.057,0.727,0.286,0.901,0.595,0.226,0.7,0.252,-0.273,0.604,0.6,0.509,0.462,0.365,-0.052,0.306,-0.56,0.734,0.412,0.335,0.71,0.126,0.731,0.865,0.629
LGIH,0.705,0.124,0.27,0.641,0.821,0.59,0.184,0.248,0.685,0.692,0.565,0.357,0.693,0.833,0.284,0.804,0.726,0.774,0.087,0.342,0.698,0.618,0.551,0.322,0.834,0.392,0.243,0.611,-0.217,0.647,0.711,-0.089,0.774,0.316,0.542,-0.11,0.789,0.625,0.504,0.729,0.486,0.641,-0.046,0.664,0.157,0.198,0.506,0.482,-0.517,0.574,0.549,0.777,0.31,0.686,0.896,-0.458,0.724,0.745,0.494,0.925,0.246,0.709,0.49,0.789,-0.084,0.877,-0.472,0.646,0.514,0.498,0.838,-0.171,0.83,-0.278,0.717,-0.033,0.429,0.542,0.185,0.56,0.388,0.76,-0.08,0.383,0.598,-0.509,-0.057,0.807,0.0,-0.356,0.832,0.163,0.393,0.63,-0.13,0.827,-0.354,0.199,0.062,0.611,0.845,0.607,0.927,0.792,0.227,-0.835,0.394,0.609,0.343,-0.582,0.36,0.827,0.019,0.254,0.084,0.587,0.41,-0.365,0.271,0.591,0.832,0.403,0.064,0.236,0.319,0.498,0.479,0.768,0.758,0.793,0.235,0.877,0.755,0.054,0.528,-0.434,0.735,0.814,0.079,0.691,-0.146,0.947,0.617,0.623,0.394,0.656,0.293,0.847,0.777,-0.013,0.523,0.133,0.708,0.037,0.755,-0.049,0.802,-0.11,0.563,0.807,0.195,0.636,0.262,0.685,0.88,0.763,0.824,0.675,0.695,-0.011,0.943,0.824,0.677,0.77,0.728,0.162,0.816,0.442,0.916,0.756,0.43,0.791,0.216,-0.269,0.843,0.813,0.576,0.21,0.632,-0.054,-0.006,-0.665,0.91,0.656,0.266,0.67,-0.068,0.751,0.865,0.558
LGMK,-0.555,0.29,-0.601,-0.706,-0.466,-0.68,-0.407,-0.66,-0.383,-0.319,-0.552,-0.049,-0.677,-0.553,-0.659,-0.564,-0.547,-0.612,0.513,-0.3,-0.65,-0.665,-0.381,-0.12,-0.583,0.178,-0.494,0.022,0.619,0.103,-0.494,0.402,-0.625,-0.663,0.202,0.06,-0.647,-0.648,-0.683,-0.5,-0.39,0.206,0.582,-0.563,0.525,0.443,-0.401,-0.655,0.657,-0.075,0.117,-0.601,-0.543,-0.417,-0.41,0.616,-0.644,-0.626,-0.0,-0.366,-0.643,-0.298,-0.283,-0.039,0.307,-0.511,0.619,-0.495,-0.249,0.094,-0.449,-0.4,-0.428,-0.287,-0.667,-0.02,0.315,-0.68,-0.367,-0.653,0.03,-0.223,0.617,0.218,-0.603,0.426,-0.446,-0.217,-0.356,0.0,-0.437,-0.603,-0.602,-0.68,0.47,-0.482,0.681,-0.486,0.302,0.04,-0.343,-0.69,-0.296,-0.538,-0.281,0.44,-0.554,-0.685,0.399,-0.159,-0.478,-0.554,-0.291,0.453,-0.375,-0.65,-0.659,0.6,-0.603,-0.597,-0.513,-0.647,-0.63,-0.64,-0.666,-0.07,-0.716,-0.559,-0.142,-0.642,0.041,-0.411,-0.37,-0.503,-0.185,0.659,-0.48,-0.5,-0.581,-0.485,0.51,-0.323,-0.145,-0.7,-0.333,-0.579,-0.457,-0.48,-0.334,0.61,-0.736,-0.508,-0.664,0.571,-0.674,-0.133,-0.535,0.197,-0.681,-0.56,0.524,-0.647,-0.669,-0.687,-0.245,-0.5,-0.527,-0.515,-0.65,-0.582,-0.245,-0.114,-0.605,-0.647,-0.131,-0.646,-0.495,-0.656,-0.179,-0.645,-0.663,-0.552,-0.535,0.385,-0.6,-0.625,-0.657,-0.1,-0.684,0.38,0.552,0.573,-0.366,-0.654,-0.378,0.127,0.651,-0.224,-0.326,0.213
LKFN,0.547,0.016,0.546,0.668,0.799,0.678,0.173,0.394,0.507,0.623,0.806,0.577,0.743,0.929,0.323,0.793,0.635,0.711,-0.159,0.538,0.846,0.672,0.259,-0.035,0.738,0.277,0.402,0.498,-0.327,0.498,0.701,-0.332,0.738,0.488,0.413,-0.0,0.761,0.762,0.718,0.607,0.377,0.327,-0.082,0.772,-0.029,0.043,0.56,0.728,-0.528,0.437,0.363,0.757,0.225,0.613,0.866,-0.352,0.853,0.88,0.433,0.867,0.29,0.464,0.476,0.61,-0.018,0.9,-0.455,0.68,0.494,0.378,0.822,0.015,0.708,0.114,0.853,-0.208,0.092,0.553,0.246,0.633,-0.037,0.835,-0.222,0.148,0.6,-0.647,0.225,0.598,0.832,-0.437,0.0,0.302,0.632,0.539,-0.196,0.76,-0.467,0.238,0.143,0.571,0.723,0.667,0.722,0.711,0.464,-0.712,0.242,0.672,0.112,-0.412,0.474,0.833,0.139,0.166,0.264,0.614,0.525,-0.495,0.523,0.659,0.679,0.394,0.313,0.354,0.404,0.557,0.672,0.731,0.593,0.888,0.114,0.715,0.842,0.385,0.685,-0.316,0.883,0.786,0.188,0.55,-0.22,0.82,0.2,0.68,0.364,0.619,0.223,0.799,0.581,-0.24,0.662,0.441,0.827,0.024,0.797,0.327,0.918,-0.233,0.545,0.896,-0.072,0.665,0.287,0.757,0.654,0.899,0.702,0.549,0.823,0.285,0.719,0.747,0.639,0.876,0.53,0.309,0.755,0.477,0.735,0.78,0.557,0.837,0.354,-0.363,0.878,0.708,0.654,0.213,0.768,-0.019,-0.24,-0.483,0.79,0.801,0.423,0.449,-0.212,0.728,0.685,0.32
LNW,0.403,-0.063,0.567,0.642,0.447,0.676,0.203,0.633,0.052,0.172,0.656,0.108,0.605,0.457,0.662,0.542,0.416,0.605,-0.794,0.274,0.674,0.55,0.307,0.258,0.415,-0.223,0.548,-0.328,-0.603,-0.161,0.515,-0.486,0.587,0.676,-0.098,0.332,0.575,0.549,0.719,0.408,0.155,-0.504,-0.676,0.683,-0.811,-0.773,0.654,0.674,-0.636,0.139,-0.196,0.591,0.334,0.488,0.33,-0.6,0.653,0.63,0.07,0.144,0.671,0.094,0.591,-0.248,-0.698,0.457,-0.655,0.382,0.447,-0.136,0.471,0.68,0.311,0.408,0.652,0.285,-0.495,0.766,0.632,0.604,-0.358,0.007,-0.627,-0.135,0.61,-0.268,0.781,0.171,0.163,-0.603,0.302,0.0,0.503,0.686,-0.69,0.338,-0.616,0.807,-0.58,-0.12,0.258,0.727,0.167,0.276,0.559,-0.337,0.496,0.58,-0.656,0.253,0.324,0.62,0.135,-0.667,0.786,0.522,0.596,-0.655,0.607,0.718,0.402,0.543,0.792,0.637,0.595,0.131,0.826,0.637,-0.014,0.61,0.268,0.093,0.408,0.665,0.372,-0.651,0.363,0.344,0.683,0.564,-0.389,0.13,0.031,0.732,0.317,0.614,0.347,0.352,0.158,-0.6,0.739,0.699,0.68,-0.588,0.568,0.214,0.505,-0.559,0.621,0.544,-0.826,0.648,0.763,0.606,0.007,0.434,0.576,0.175,0.634,0.758,-0.005,-0.115,0.539,0.623,0.089,0.646,0.354,0.574,-0.002,0.591,0.722,0.54,0.893,-0.476,0.533,0.483,0.768,0.305,0.686,-0.419,-0.669,-0.436,0.193,0.698,0.674,-0.396,-0.818,0.334,0.232,-0.504
LOPE,0.607,-0.433,0.903,0.814,0.524,0.879,0.488,0.853,0.431,0.596,0.741,0.294,0.864,0.717,0.763,0.647,0.597,0.666,-0.663,0.682,0.813,0.868,0.295,-0.218,0.679,-0.284,0.748,-0.045,-0.674,-0.144,0.599,-0.628,0.704,0.862,-0.296,-0.177,0.747,0.867,0.9,0.591,0.488,-0.186,-0.639,0.601,-0.495,-0.466,0.306,0.859,-0.624,-0.092,-0.239,0.693,0.711,0.452,0.538,-0.612,0.805,0.797,-0.056,0.434,0.765,0.398,0.129,0.169,-0.18,0.633,-0.705,0.576,0.138,-0.192,0.547,0.245,0.522,0.535,0.823,-0.292,-0.444,0.748,0.186,0.776,-0.209,0.494,-0.76,-0.4,0.741,-0.584,0.612,0.106,0.393,-0.602,0.632,0.503,0.0,0.684,-0.42,0.653,-0.84,0.334,-0.138,-0.069,0.444,0.799,0.233,0.69,0.333,-0.386,0.604,0.859,-0.375,0.232,0.618,0.633,0.477,-0.349,0.455,0.789,0.873,-0.723,0.909,0.593,0.587,0.771,0.788,0.82,0.851,0.143,0.799,0.587,0.201,0.762,-0.287,0.512,0.466,0.743,0.257,-0.574,0.741,0.68,0.708,0.329,-0.701,0.444,-0.133,0.79,0.571,0.656,0.631,0.643,0.475,-0.763,0.866,0.673,0.813,-0.562,0.826,0.371,0.675,-0.176,0.763,0.71,-0.575,0.792,0.663,0.861,0.242,0.722,0.44,0.618,0.811,0.769,0.277,0.238,0.738,0.77,0.027,0.822,0.634,0.821,0.233,0.754,0.866,0.604,0.505,-0.448,0.685,0.692,0.733,-0.064,0.856,-0.386,-0.733,-0.538,0.374,0.82,0.364,-0.111,-0.675,0.212,0.363,-0.25
LPSN,0.874,-0.302,0.601,0.934,0.734,0.894,0.533,0.748,0.599,0.686,0.629,0.061,0.897,0.711,0.817,0.854,0.841,0.935,-0.545,0.468,0.827,0.888,0.751,0.318,0.878,-0.071,0.539,0.101,-0.683,0.038,0.762,-0.487,0.913,0.771,-0.0,-0.114,0.923,0.793,0.799,0.774,0.467,0.053,-0.734,0.685,-0.533,-0.464,0.506,0.688,-0.838,0.173,-0.019,0.891,0.733,0.726,0.684,-0.897,0.842,0.815,0.001,0.575,0.836,0.657,0.491,0.302,-0.555,0.753,-0.911,0.678,0.365,0.034,0.743,0.282,0.695,0.142,0.825,0.057,-0.147,0.925,0.351,0.856,0.176,0.385,-0.693,-0.042,0.825,-0.466,0.46,0.456,0.63,-0.68,0.539,0.686,0.684,0.0,-0.575,0.748,-0.805,0.611,-0.519,0.103,0.694,0.894,0.565,0.795,0.242,-0.639,0.867,0.853,-0.343,0.017,0.535,0.825,0.379,-0.503,0.53,0.865,0.823,-0.77,0.679,0.752,0.855,0.859,0.654,0.75,0.813,0.104,0.821,0.849,0.424,0.825,0.077,0.693,0.518,0.42,0.229,-0.875,0.594,0.716,0.641,0.749,-0.571,0.606,0.43,0.936,0.602,0.916,0.684,0.745,0.695,-0.554,0.869,0.475,0.859,-0.656,0.901,-0.065,0.686,-0.305,0.945,0.751,-0.485,0.926,0.807,0.901,0.51,0.658,0.82,0.751,0.833,0.552,0.509,0.235,0.905,0.822,0.335,0.748,0.774,0.861,0.425,0.895,0.871,0.745,0.683,-0.564,0.806,0.915,0.879,0.03,0.87,-0.505,-0.589,-0.87,0.645,0.832,0.372,0.071,-0.733,0.456,0.665,-0.127
LYFT,-0.475,0.275,-0.471,-0.571,-0.365,-0.54,-0.318,-0.523,-0.226,-0.158,-0.428,0.116,-0.445,-0.429,-0.527,-0.372,-0.371,-0.538,0.589,-0.285,-0.479,-0.498,-0.374,-0.213,-0.421,0.352,-0.4,0.138,0.501,0.091,-0.311,0.466,-0.559,-0.502,0.295,-0.133,-0.524,-0.503,-0.559,-0.276,-0.31,0.287,0.67,-0.564,0.594,0.545,-0.363,-0.475,0.607,-0.094,0.323,-0.455,-0.462,-0.522,-0.325,0.548,-0.481,-0.48,0.013,-0.216,-0.659,-0.284,-0.28,0.056,0.569,-0.396,0.58,-0.381,-0.36,0.413,-0.394,-0.554,-0.19,-0.273,-0.468,-0.321,0.38,-0.626,-0.382,-0.456,0.057,-0.031,0.505,0.006,-0.613,0.162,-0.448,-0.245,-0.13,0.47,-0.196,-0.69,-0.42,-0.575,0.0,-0.316,0.499,-0.46,0.577,0.069,-0.299,-0.672,-0.207,-0.355,-0.392,0.185,-0.525,-0.446,0.416,-0.07,-0.514,-0.462,-0.193,0.576,-0.586,-0.59,-0.458,0.62,-0.406,-0.552,-0.344,-0.6,-0.643,-0.641,-0.572,-0.035,-0.642,-0.614,-0.007,-0.439,-0.078,-0.206,-0.313,-0.437,-0.116,0.722,-0.26,-0.268,-0.526,-0.464,0.528,-0.179,-0.157,-0.568,-0.349,-0.543,-0.377,-0.375,-0.204,0.379,-0.534,-0.373,-0.496,0.577,-0.465,0.024,-0.31,0.338,-0.586,-0.443,0.611,-0.528,-0.584,-0.544,-0.011,-0.319,-0.43,-0.314,-0.419,-0.508,-0.09,0.098,-0.536,-0.432,-0.222,-0.617,-0.352,-0.603,-0.012,-0.513,-0.604,-0.452,-0.666,0.613,-0.336,-0.482,-0.682,-0.192,-0.504,0.42,0.422,0.513,-0.186,-0.511,-0.438,0.26,0.593,-0.161,-0.278,0.289
MGNX,0.752,-0.028,0.489,0.752,0.89,0.749,0.188,0.443,0.652,0.772,0.714,0.236,0.819,0.862,0.447,0.854,0.736,0.852,-0.223,0.534,0.781,0.718,0.49,0.228,0.872,0.202,0.444,0.378,-0.352,0.479,0.812,-0.391,0.825,0.464,0.326,-0.011,0.851,0.804,0.683,0.848,0.535,0.384,-0.296,0.748,-0.055,-0.077,0.61,0.623,-0.552,0.429,0.258,0.825,0.475,0.825,0.878,-0.601,0.808,0.814,0.362,0.776,0.485,0.815,0.455,0.646,-0.349,0.89,-0.62,0.633,0.514,0.324,0.881,0.034,0.875,-0.036,0.791,0.114,0.142,0.731,0.28,0.63,0.207,0.709,-0.29,0.308,0.77,-0.392,0.278,0.682,0.827,-0.482,0.76,0.338,0.653,0.748,-0.316,0.0,-0.508,0.332,-0.202,0.452,0.867,0.757,0.792,0.767,0.377,-0.788,0.542,0.745,0.135,-0.437,0.45,0.85,0.072,0.06,0.329,0.732,0.559,-0.606,0.499,0.648,0.88,0.622,0.324,0.448,0.511,0.41,0.615,0.83,0.763,0.841,0.186,0.783,0.769,0.295,0.551,-0.549,0.767,0.826,0.274,0.759,-0.298,0.856,0.472,0.743,0.49,0.798,0.495,0.895,0.87,-0.22,0.663,0.371,0.804,-0.228,0.821,-0.009,0.823,-0.316,0.68,0.883,-0.113,0.782,0.509,0.81,0.787,0.808,0.816,0.711,0.759,0.256,0.818,0.641,0.746,0.795,0.617,0.387,0.892,0.617,0.779,0.845,0.67,0.8,0.438,-0.452,0.827,0.853,0.739,0.229,0.741,-0.178,-0.195,-0.742,0.78,0.783,0.452,0.481,-0.299,0.686,0.79,0.383
MLCO,-0.742,0.554,-0.815,-0.895,-0.471,-0.853,-0.735,-0.949,-0.439,-0.564,-0.608,-0.08,-0.855,-0.568,-0.904,-0.66,-0.669,-0.75,0.695,-0.478,-0.777,-0.905,-0.567,0.066,-0.695,0.401,-0.636,0.086,0.708,0.315,-0.493,0.51,-0.752,-0.95,0.368,0.355,-0.762,-0.779,-0.818,-0.614,-0.412,0.234,0.804,-0.491,0.709,0.566,-0.204,-0.786,0.8,0.183,0.338,-0.729,-0.813,-0.41,-0.414,0.833,-0.777,-0.732,0.278,-0.353,-0.9,-0.346,-0.151,-0.058,0.27,-0.53,0.892,-0.601,-0.038,0.214,-0.464,-0.238,-0.451,-0.534,-0.783,0.294,0.512,-0.798,-0.165,-0.896,0.092,-0.298,0.934,0.534,-0.695,0.599,-0.524,-0.054,-0.354,0.681,-0.467,-0.616,-0.84,-0.805,0.499,-0.508,0.0,-0.416,0.347,0.199,-0.384,-0.787,-0.173,-0.685,-0.089,0.38,-0.804,-0.856,0.555,-0.41,-0.514,-0.57,-0.613,0.663,-0.416,-0.813,-0.973,0.734,-0.871,-0.635,-0.63,-0.875,-0.822,-0.863,-0.935,0.016,-0.813,-0.608,-0.091,-0.73,0.367,-0.51,-0.272,-0.575,-0.003,0.76,-0.515,-0.562,-0.768,-0.407,0.787,-0.325,0.008,-0.861,-0.578,-0.765,-0.658,-0.57,-0.437,0.853,-0.907,-0.556,-0.799,0.795,-0.833,-0.132,-0.594,0.156,-0.902,-0.59,0.674,-0.872,-0.798,-0.854,-0.196,-0.514,-0.505,-0.684,-0.812,-0.744,-0.187,-0.063,-0.826,-0.752,0.082,-0.934,-0.613,-0.903,-0.117,-0.77,-0.851,-0.561,-0.611,0.403,-0.692,-0.748,-0.732,0.144,-0.87,0.645,0.846,0.702,-0.404,-0.795,-0.165,0.25,0.868,-0.085,-0.361,0.454
MNST,0.253,-0.034,0.371,0.484,0.469,0.531,-0.019,0.42,0.136,0.199,0.585,0.153,0.508,0.362,0.498,0.535,0.396,0.499,-0.64,0.207,0.568,0.423,0.235,0.321,0.384,0.162,0.418,-0.198,-0.507,-0.136,0.642,-0.541,0.434,0.437,0.113,0.496,0.469,0.466,0.575,0.355,-0.088,-0.342,-0.468,0.579,-0.58,-0.63,0.641,0.5,-0.509,0.138,0.053,0.568,0.173,0.446,0.327,-0.484,0.557,0.527,0.037,0.141,0.481,0.136,0.775,-0.132,-0.721,0.41,-0.523,0.377,0.368,0.087,0.501,0.632,0.289,0.293,0.539,0.24,-0.28,0.598,0.512,0.512,-0.297,-0.034,-0.385,0.083,0.374,-0.124,0.648,0.128,0.199,-0.486,0.238,0.807,0.334,0.611,-0.46,0.332,-0.416,0.0,-0.48,0.059,0.257,0.609,0.201,0.195,0.511,-0.413,0.366,0.407,-0.59,0.161,0.328,0.576,0.051,-0.483,0.738,0.37,0.403,-0.634,0.504,0.617,0.379,0.391,0.585,0.388,0.373,0.045,0.642,0.523,0.17,0.501,0.513,0.066,0.411,0.497,0.439,-0.474,0.312,0.292,0.442,0.675,-0.126,0.129,0.209,0.611,0.272,0.539,0.314,0.27,0.246,-0.413,0.581,0.732,0.566,-0.434,0.475,0.273,0.418,-0.615,0.495,0.44,-0.621,0.542,0.681,0.47,0.073,0.429,0.52,0.079,0.531,0.63,0.033,-0.137,0.398,0.515,0.086,0.426,0.22,0.365,0.005,0.45,0.598,0.458,0.743,-0.42,0.459,0.431,0.645,0.122,0.54,-0.199,-0.534,-0.318,0.203,0.585,0.67,-0.233,-0.646,0.442,0.141,-0.331
MODV,-0.419,0.281,-0.097,-0.407,-0.279,-0.335,-0.31,-0.282,-0.144,-0.218,-0.142,0.311,-0.243,-0.074,-0.409,-0.355,-0.438,-0.431,0.406,-0.276,-0.212,-0.299,-0.384,-0.223,-0.297,0.162,-0.068,0.142,0.42,0.155,-0.284,0.459,-0.359,-0.288,0.119,-0.187,-0.339,-0.278,-0.283,-0.252,0.038,0.187,0.651,-0.241,0.534,0.421,-0.243,-0.097,0.43,0.009,0.441,-0.341,-0.289,-0.504,-0.15,0.633,-0.25,-0.201,0.303,0.038,-0.563,-0.343,-0.289,0.1,0.752,-0.201,0.579,-0.328,-0.181,0.078,-0.259,-0.475,-0.087,-0.066,-0.165,-0.393,0.215,-0.554,-0.281,-0.312,0.02,0.116,0.397,-0.057,-0.377,-0.08,-0.358,-0.109,0.062,0.302,0.143,-0.58,-0.138,-0.519,0.577,-0.202,0.347,-0.48,0.0,0.004,-0.3,-0.411,-0.071,-0.16,-0.143,0.031,-0.573,-0.244,0.432,-0.075,-0.184,-0.245,-0.276,0.646,-0.47,-0.397,-0.308,0.489,-0.242,-0.348,-0.334,-0.535,-0.373,-0.347,-0.386,0.204,-0.392,-0.416,-0.104,-0.181,-0.146,-0.072,-0.085,-0.104,0.118,0.554,0.08,-0.049,-0.303,-0.443,0.194,-0.021,-0.198,-0.438,-0.236,-0.556,-0.38,-0.215,-0.213,0.21,-0.299,-0.221,-0.266,0.538,-0.269,0.298,-0.055,0.35,-0.491,-0.186,0.531,-0.417,-0.512,-0.329,-0.005,-0.091,-0.377,-0.236,-0.199,-0.271,0.046,0.393,-0.419,-0.171,-0.072,-0.422,-0.277,-0.391,0.125,-0.392,-0.468,-0.28,-0.597,0.497,-0.125,-0.307,-0.514,-0.027,-0.288,0.487,0.29,0.478,-0.092,-0.244,-0.193,0.151,0.54,-0.121,-0.259,0.41
MSTR,0.196,0.238,-0.193,0.115,0.607,0.073,-0.204,-0.346,0.371,0.394,0.285,0.431,0.119,0.469,-0.309,0.465,0.419,0.309,0.396,0.32,0.26,0.079,-0.014,0.011,0.385,0.681,-0.241,0.799,0.098,0.749,0.437,-0.116,0.269,-0.241,0.777,0.228,0.283,0.231,0.09,0.27,-0.1,0.668,0.377,0.361,0.492,0.566,0.373,0.046,-0.032,0.517,0.526,0.332,-0.322,0.497,0.666,0.002,0.307,0.326,0.404,0.697,-0.273,0.478,0.467,0.715,-0.03,0.575,0.003,0.5,0.431,0.72,0.6,-0.141,0.339,-0.383,0.235,0.055,0.604,0.075,0.048,0.051,0.098,0.658,0.453,0.644,0.114,-0.154,-0.267,0.621,0.611,0.04,0.571,-0.12,-0.069,0.103,0.069,0.452,0.199,0.059,0.004,0.0,0.625,0.137,0.707,0.291,0.273,-0.424,-0.162,0.03,0.506,-0.81,0.15,0.451,-0.103,0.524,-0.056,0.128,-0.15,-0.077,-0.102,0.259,0.41,-0.098,-0.383,-0.346,-0.264,0.439,0.092,0.389,0.692,0.34,0.436,0.468,0.669,-0.226,0.508,0.142,0.442,0.335,-0.465,0.44,0.434,0.651,0.401,0.153,0.079,0.283,-0.153,0.487,0.409,0.507,-0.025,-0.035,0.246,0.513,0.254,0.046,0.453,-0.131,0.036,0.464,0.423,0.149,-0.264,0.214,0.652,0.52,0.464,0.21,0.224,-0.371,0.647,0.584,0.199,0.311,0.641,-0.346,0.446,-0.134,0.649,0.345,-0.007,0.547,-0.037,-0.229,0.373,0.285,0.223,0.166,0.137,0.361,0.395,-0.151,0.63,0.192,0.153,0.799,0.38,0.783,0.593,0.596
MTCH,0.767,-0.006,0.228,0.702,0.878,0.65,0.267,0.254,0.669,0.81,0.557,0.246,0.674,0.791,0.328,0.861,0.82,0.83,-0.044,0.578,0.683,0.649,0.559,0.291,0.842,0.316,0.208,0.569,-0.305,0.608,0.77,-0.299,0.814,0.343,0.479,0.001,0.811,0.694,0.557,0.754,0.423,0.57,-0.217,0.659,0.055,0.098,0.541,0.427,-0.523,0.536,0.25,0.804,0.328,0.879,0.912,-0.608,0.73,0.739,0.318,0.831,0.401,0.833,0.468,0.755,-0.377,0.901,-0.598,0.69,0.566,0.444,0.895,-0.061,0.803,-0.22,0.666,0.114,0.346,0.679,0.24,0.582,0.292,0.786,-0.149,0.404,0.699,-0.379,0.116,0.795,0.845,-0.343,0.723,0.258,0.444,0.694,-0.299,0.867,-0.384,0.257,-0.3,0.625,0.0,0.671,0.842,0.766,0.249,-0.675,0.524,0.605,0.257,-0.585,0.4,0.825,0.14,0.1,0.252,0.707,0.444,-0.507,0.328,0.61,0.87,0.55,0.14,0.304,0.388,0.414,0.542,0.823,0.8,0.75,0.242,0.846,0.774,0.056,0.442,-0.5,0.654,0.728,0.09,0.735,-0.154,0.897,0.573,0.696,0.485,0.79,0.41,0.868,0.842,-0.013,0.52,0.156,0.709,-0.067,0.757,-0.157,0.742,-0.237,0.649,0.821,0.067,0.71,0.333,0.726,0.818,0.766,0.837,0.707,0.686,0.031,0.834,0.628,0.745,0.723,0.727,0.26,0.899,0.543,0.816,0.833,0.566,0.812,0.378,-0.48,0.764,0.798,0.717,0.188,0.649,-0.141,-0.043,-0.744,0.859,0.649,0.297,0.66,-0.155,0.731,0.915,0.419
MYGN,0.784,-0.265,0.731,0.925,0.737,0.93,0.475,0.765,0.534,0.626,0.79,0.178,0.916,0.835,0.777,0.824,0.778,0.888,-0.62,0.598,0.902,0.905,0.565,0.19,0.843,-0.126,0.637,0.108,-0.659,0.084,0.758,-0.615,0.912,0.798,-0.06,0.059,0.928,0.895,0.916,0.709,0.496,-0.032,-0.693,0.832,-0.531,-0.512,0.566,0.801,-0.816,0.267,-0.07,0.885,0.672,0.773,0.749,-0.799,0.909,0.908,0.127,0.603,0.83,0.568,0.486,0.294,-0.508,0.824,-0.845,0.719,0.468,-0.084,0.79,0.374,0.65,0.286,0.898,0.05,-0.248,0.915,0.412,0.852,-0.003,0.455,-0.666,-0.041,0.886,-0.521,0.581,0.472,0.607,-0.69,0.667,0.727,0.799,0.894,-0.672,0.757,-0.787,0.609,-0.411,0.137,0.671,0.0,0.543,0.79,0.465,-0.609,0.742,0.858,-0.346,-0.019,0.676,0.876,0.37,-0.437,0.623,0.899,0.803,-0.822,0.758,0.84,0.777,0.837,0.762,0.802,0.823,0.276,0.919,0.894,0.403,0.884,0.062,0.652,0.666,0.595,0.406,-0.831,0.728,0.76,0.634,0.712,-0.638,0.635,0.299,0.937,0.621,0.866,0.66,0.782,0.62,-0.593,0.897,0.617,0.919,-0.589,0.917,0.109,0.764,-0.36,0.9,0.857,-0.556,0.893,0.787,0.935,0.405,0.789,0.758,0.656,0.873,0.662,0.488,0.297,0.857,0.885,0.394,0.783,0.764,0.86,0.426,0.9,0.927,0.828,0.727,-0.625,0.824,0.887,0.949,0.124,0.916,-0.471,-0.608,-0.753,0.584,0.913,0.541,0.036,-0.71,0.476,0.616,-0.124
MYRG,0.654,0.231,0.116,0.529,0.809,0.479,0.072,0.066,0.645,0.566,0.467,0.3,0.544,0.761,0.158,0.713,0.675,0.715,0.186,0.329,0.568,0.459,0.486,0.424,0.774,0.432,0.106,0.655,-0.131,0.761,0.639,-0.052,0.71,0.141,0.608,0.026,0.718,0.517,0.383,0.673,0.412,0.668,-0.008,0.66,0.226,0.27,0.556,0.347,-0.413,0.665,0.559,0.682,0.194,0.741,0.901,-0.395,0.601,0.629,0.563,0.894,0.143,0.756,0.516,0.786,-0.207,0.833,-0.363,0.589,0.626,0.508,0.809,-0.131,0.75,-0.451,0.581,0.193,0.556,0.494,0.264,0.402,0.435,0.705,0.099,0.595,0.578,-0.333,-0.109,0.911,0.927,-0.296,0.722,0.167,0.233,0.565,-0.207,0.792,-0.173,0.201,-0.071,0.707,0.842,0.543,0.0,0.685,0.282,-0.769,0.318,0.489,0.435,-0.734,0.31,0.791,-0.076,0.3,0.074,0.524,0.229,-0.281,0.109,0.56,0.771,0.32,-0.064,0.1,0.174,0.541,0.389,0.761,0.758,0.68,0.383,0.805,0.778,-0.021,0.544,-0.402,0.659,0.724,-0.037,0.723,-0.001,0.932,0.724,0.526,0.313,0.601,0.25,0.804,0.706,0.189,0.369,0.031,0.584,0.12,0.622,-0.179,0.704,-0.113,0.455,0.75,0.249,0.515,0.196,0.586,0.886,0.705,0.832,0.567,0.54,-0.151,0.941,0.772,0.597,0.649,0.856,0.023,0.77,0.332,0.907,0.682,0.333,0.792,0.206,-0.317,0.718,0.739,0.545,0.286,0.489,0.003,0.169,-0.607,0.862,0.523,0.318,0.746,0.043,0.832,0.875,0.646
NCMI,0.875,-0.352,0.551,0.846,0.693,0.808,0.609,0.608,0.747,0.79,0.532,0.233,0.834,0.788,0.656,0.784,0.871,0.829,-0.205,0.578,0.749,0.887,0.683,0.116,0.928,0.05,0.402,0.414,-0.556,0.217,0.681,-0.367,0.851,0.654,0.069,-0.357,0.908,0.805,0.708,0.689,0.553,0.406,-0.473,0.552,-0.147,-0.046,0.237,0.586,-0.722,0.206,0.145,0.832,0.712,0.648,0.789,-0.72,0.775,0.785,0.05,0.793,0.648,0.733,0.243,0.617,-0.119,0.804,-0.733,0.729,0.221,0.114,0.719,-0.085,0.691,-0.012,0.761,-0.265,0.109,0.718,0.067,0.766,0.372,0.664,-0.5,-0.026,0.738,-0.627,0.106,0.537,0.792,-0.538,0.711,0.276,0.69,0.795,-0.355,0.767,-0.685,0.195,-0.16,0.291,0.766,0.79,0.685,0.0,0.106,-0.62,0.726,0.831,0.002,-0.185,0.646,0.758,0.481,-0.139,0.18,0.856,0.743,-0.584,0.586,0.569,0.829,0.766,0.414,0.619,0.718,0.207,0.645,0.738,0.547,0.784,-0.139,0.915,0.546,0.256,0.173,-0.682,0.724,0.863,0.403,0.536,-0.529,0.822,0.405,0.792,0.613,0.767,0.669,0.809,0.722,-0.392,0.724,0.259,0.772,-0.366,0.897,-0.029,0.674,0.04,0.835,0.743,-0.091,0.787,0.493,0.87,0.665,0.755,0.688,0.87,0.762,0.296,0.713,0.499,0.888,0.785,0.424,0.603,0.829,0.772,0.614,0.862,0.727,0.771,0.266,-0.444,0.786,0.907,0.699,-0.159,0.786,-0.35,-0.382,-0.792,0.771,0.717,0.099,0.407,-0.402,0.435,0.766,0.172
NEXT,0.014,0.263,0.358,0.245,0.422,0.332,-0.376,0.145,-0.086,0.034,0.69,0.361,0.338,0.516,0.103,0.363,0.11,0.288,-0.443,0.306,0.473,0.225,-0.221,0.011,0.194,0.126,0.346,-0.103,-0.293,0.242,0.479,-0.447,0.282,0.192,0.213,0.628,0.311,0.424,0.529,0.123,0.071,-0.273,-0.045,0.705,-0.211,-0.339,0.689,0.491,-0.161,0.324,0.155,0.334,-0.151,0.405,0.398,-0.054,0.456,0.497,0.515,0.282,0.139,0.036,0.61,0.003,-0.396,0.47,-0.125,0.231,0.505,0.049,0.486,0.526,0.26,0.263,0.471,0.318,-0.232,0.362,0.429,0.128,-0.439,0.212,-0.035,0.264,0.347,-0.104,0.544,0.264,0.227,-0.281,0.464,0.559,0.333,0.242,-0.392,0.377,-0.089,0.511,-0.143,0.273,0.249,0.465,0.282,0.106,0.0,-0.324,-0.071,0.23,-0.189,-0.23,0.251,0.518,-0.249,0.034,0.546,0.166,0.12,-0.376,0.311,0.457,0.21,0.08,0.399,0.204,0.131,0.309,0.507,0.478,0.186,0.467,0.506,-0.023,0.616,0.585,0.732,-0.145,0.522,0.35,0.219,0.382,0.019,0.262,-0.097,0.332,0.079,0.266,-0.055,0.3,0.136,-0.119,0.353,0.613,0.45,0.036,0.312,0.497,0.468,-0.549,0.127,0.555,-0.397,0.254,0.217,0.336,0.076,0.507,0.336,-0.066,0.375,0.455,0.176,0.221,0.151,0.413,0.272,0.127,0.181,0.084,0.192,0.352,0.413,0.455,0.461,-0.358,0.339,0.205,0.459,0.465,0.373,0.165,-0.188,-0.043,0.148,0.483,0.84,-0.058,-0.226,0.54,0.164,-0.009
NFLX,-0.585,-0.06,-0.374,-0.601,-0.83,-0.572,-0.017,-0.346,-0.595,-0.554,-0.643,-0.193,-0.685,-0.762,-0.331,-0.734,-0.568,-0.755,0.098,-0.115,-0.707,-0.555,-0.56,-0.45,-0.759,-0.362,-0.281,-0.307,0.207,-0.417,-0.716,0.197,-0.695,-0.321,-0.477,-0.042,-0.731,-0.624,-0.494,-0.702,-0.32,-0.38,0.106,-0.677,0.064,0.1,-0.639,-0.539,0.601,-0.468,-0.515,-0.76,-0.282,-0.643,-0.724,0.442,-0.719,-0.722,-0.394,-0.703,-0.299,-0.574,-0.639,-0.549,0.243,-0.748,0.495,-0.47,-0.482,-0.401,-0.786,-0.048,-0.787,0.112,-0.72,-0.105,-0.169,-0.527,-0.303,-0.575,-0.328,-0.474,0.182,-0.385,-0.498,0.342,-0.107,-0.629,-0.835,0.44,-0.712,-0.337,-0.386,-0.639,0.185,-0.788,0.38,-0.413,0.031,-0.424,-0.675,-0.609,-0.769,-0.62,-0.324,0.0,-0.365,-0.606,-0.051,0.396,-0.35,-0.767,0.121,-0.058,-0.33,-0.495,-0.412,0.486,-0.317,-0.567,-0.717,-0.396,-0.219,-0.296,-0.334,-0.342,-0.49,-0.737,-0.675,-0.782,-0.381,-0.641,-0.641,-0.163,-0.608,0.483,-0.601,-0.688,-0.131,-0.81,0.132,-0.715,-0.531,-0.627,-0.25,-0.664,-0.302,-0.696,-0.755,0.158,-0.588,-0.369,-0.721,0.159,-0.695,-0.006,-0.76,0.408,-0.546,-0.726,0.043,-0.661,-0.49,-0.621,-0.741,-0.657,-0.807,-0.557,-0.675,-0.181,-0.759,-0.596,-0.581,-0.742,-0.556,-0.211,-0.679,-0.381,-0.714,-0.669,-0.455,-0.702,-0.405,0.311,-0.823,-0.739,-0.568,-0.279,-0.649,0.079,0.123,0.65,-0.802,-0.714,-0.444,-0.394,0.278,-0.712,-0.62,-0.428
NIU,0.879,-0.472,0.494,0.837,0.458,0.74,0.735,0.747,0.569,0.613,0.335,-0.236,0.736,0.443,0.824,0.622,0.749,0.762,-0.465,0.423,0.569,0.812,0.778,0.235,0.733,-0.324,0.414,0.024,-0.592,-0.155,0.466,-0.39,0.765,0.731,-0.312,-0.304,0.759,0.643,0.6,0.652,0.477,0.01,-0.836,0.393,-0.529,-0.442,0.139,0.463,-0.749,-0.0,-0.32,0.693,0.876,0.576,0.435,-0.933,0.595,0.556,-0.251,0.332,0.891,0.599,0.109,0.219,-0.468,0.496,-0.898,0.566,0.117,-0.204,0.479,0.15,0.507,0.116,0.57,0.016,-0.202,0.826,0.135,0.755,0.295,0.211,-0.763,-0.238,0.743,-0.386,0.313,0.283,0.394,-0.554,0.242,0.496,0.604,0.867,-0.525,0.542,-0.804,0.366,-0.573,-0.162,0.524,0.742,0.318,0.726,-0.071,-0.365,0.0,0.736,-0.332,0.185,0.431,0.532,0.521,-0.609,0.305,0.821,0.792,-0.645,0.59,0.583,0.729,0.898,0.597,0.754,0.847,-0.059,0.629,0.648,0.274,0.566,-0.229,0.606,0.2,0.248,-0.171,-0.889,0.313,0.54,0.634,0.515,-0.709,0.411,0.383,0.774,0.646,0.806,0.774,0.606,0.579,-0.587,0.708,0.242,0.625,-0.769,0.731,-0.296,0.398,-0.067,0.9,0.498,-0.452,0.781,0.761,0.755,0.311,0.38,0.575,0.748,0.613,0.441,0.325,0.015,0.829,0.571,0.165,0.793,0.651,0.874,0.227,0.739,0.767,0.506,0.525,-0.473,0.556,0.786,0.698,-0.157,0.682,-0.712,-0.553,-0.841,0.414,0.599,0.049,-0.034,-0.707,0.078,0.531,-0.271
NKTR,0.807,-0.355,0.788,0.917,0.67,0.946,0.572,0.838,0.58,0.678,0.709,0.285,0.933,0.772,0.858,0.779,0.765,0.85,-0.557,0.547,0.873,0.913,0.604,0.108,0.862,-0.16,0.697,0.051,-0.664,-0.002,0.689,-0.446,0.862,0.879,-0.077,-0.275,0.912,0.872,0.862,0.761,0.55,0.013,-0.658,0.642,-0.523,-0.402,0.419,0.831,-0.765,0.059,-0.026,0.858,0.744,0.582,0.675,-0.743,0.871,0.865,0.002,0.577,0.794,0.547,0.294,0.253,-0.28,0.737,-0.817,0.636,0.277,-0.001,0.66,0.143,0.69,0.277,0.879,-0.205,-0.225,0.842,0.274,0.86,0.067,0.521,-0.744,-0.237,0.81,-0.6,0.49,0.366,0.609,-0.685,0.672,0.58,0.859,0.853,-0.446,0.745,-0.856,0.407,-0.244,0.03,0.605,0.858,0.489,0.831,0.23,-0.606,0.736,0.0,-0.305,0.119,0.6,0.784,0.445,-0.394,0.437,0.869,0.914,-0.683,0.809,0.657,0.758,0.844,0.715,0.821,0.866,0.16,0.817,0.74,0.304,0.859,-0.154,0.68,0.531,0.583,0.272,-0.726,0.728,0.819,0.699,0.529,-0.606,0.614,0.16,0.911,0.531,0.793,0.723,0.719,0.613,-0.701,0.928,0.537,0.889,-0.579,0.916,0.109,0.754,-0.189,0.883,0.764,-0.474,0.895,0.756,0.928,0.498,0.739,0.699,0.763,0.88,0.641,0.472,0.333,0.895,0.876,0.229,0.801,0.788,0.864,0.424,0.869,0.857,0.76,0.549,-0.396,0.838,0.854,0.796,-0.032,0.925,-0.458,-0.687,-0.755,0.633,0.866,0.345,0.065,-0.71,0.38,0.578,-0.135
NRC,-0.026,0.511,-0.541,-0.315,0.032,-0.372,-0.306,-0.627,0.169,0.033,-0.318,0.087,-0.294,0.028,-0.586,-0.101,-0.072,-0.169,0.776,-0.066,-0.315,-0.344,-0.15,0.101,-0.045,0.328,-0.387,0.611,0.525,0.798,-0.148,0.562,-0.115,-0.573,0.492,-0.093,-0.169,-0.299,-0.43,0.068,0.244,0.752,0.614,-0.102,0.868,0.818,-0.092,-0.378,0.49,0.496,0.447,-0.228,-0.303,0.049,0.221,0.358,-0.282,-0.238,0.559,0.348,-0.601,0.288,-0.255,0.573,0.392,0.079,0.475,-0.039,0.23,0.435,0.05,-0.566,0.166,-0.714,-0.286,0.146,0.806,-0.333,-0.262,-0.443,0.403,0.419,0.718,0.523,-0.088,0.104,-0.647,0.537,0.343,0.399,0.112,-0.656,-0.375,-0.343,0.416,0.135,0.555,-0.59,0.432,0.506,0.257,-0.346,0.435,0.002,-0.189,-0.051,-0.332,-0.305,0.0,-0.767,-0.338,-0.059,-0.411,0.861,-0.636,-0.23,-0.508,0.548,-0.571,-0.2,0.077,-0.429,-0.779,-0.568,-0.524,0.404,-0.467,-0.082,0.385,-0.176,0.092,0.274,0.193,-0.513,0.091,0.383,0.05,0.06,-0.554,-0.084,0.397,0.406,0.409,-0.399,-0.156,-0.256,-0.338,0.182,0.154,0.729,-0.501,-0.688,-0.315,0.718,-0.231,-0.31,-0.006,0.409,-0.406,-0.001,0.844,-0.361,-0.633,-0.257,0.476,-0.023,0.017,0.026,-0.299,-0.793,0.539,0.625,-0.226,-0.212,0.575,-0.662,0.143,-0.364,0.609,-0.143,-0.508,-0.014,-0.569,0.286,-0.113,-0.107,-0.337,0.222,-0.401,0.389,0.805,0.104,0.219,-0.362,-0.226,0.774,0.836,0.223,0.366,0.816
NTNX,-0.171,-0.497,0.373,0.04,-0.464,0.112,0.342,0.512,-0.309,-0.23,-0.099,-0.161,0.027,-0.384,0.474,-0.285,-0.217,-0.201,-0.575,-0.118,-0.05,0.116,-0.016,-0.251,-0.255,-0.55,0.337,-0.732,-0.333,-0.93,-0.245,-0.178,-0.203,0.449,-0.733,-0.275,-0.167,-0.042,0.116,-0.228,-0.137,-0.734,-0.457,-0.339,-0.653,-0.624,-0.332,0.144,-0.112,-0.732,-0.532,-0.153,0.333,-0.497,-0.569,-0.114,-0.096,-0.139,-0.649,-0.619,0.393,-0.482,-0.277,-0.735,0.007,-0.473,-0.172,-0.263,-0.548,-0.581,-0.481,0.197,-0.369,0.645,-0.051,-0.357,-0.719,0.007,-0.068,0.177,-0.343,-0.553,-0.631,-0.818,-0.131,-0.011,0.418,-0.778,-0.582,-0.159,-0.412,0.253,0.232,0.017,-0.07,-0.437,-0.41,0.161,-0.075,-0.81,-0.585,-0.019,-0.734,-0.185,-0.23,0.396,0.185,0.119,-0.767,0.0,0.073,-0.337,0.407,-0.677,0.218,-0.006,0.375,-0.119,0.406,-0.17,-0.342,0.219,0.545,0.434,0.395,-0.558,0.114,-0.353,-0.691,-0.187,-0.434,-0.42,-0.571,0.383,-0.474,-0.116,-0.274,-0.276,0.528,-0.388,-0.418,-0.637,-0.576,0.054,-0.013,-0.139,0.25,-0.454,-0.391,-0.684,0.221,0.32,-0.057,-0.598,-0.071,0.233,-0.31,0.03,0.13,-0.38,-0.585,0.046,0.352,-0.037,-0.641,-0.333,-0.419,-0.144,-0.013,0.6,-0.731,-0.665,-0.043,-0.131,-0.83,0.523,-0.385,0.22,-0.758,-0.207,0.182,-0.391,0.14,0.108,-0.217,-0.188,-0.082,-0.411,0.08,-0.345,-0.693,0.147,-0.511,-0.014,-0.151,-0.843,-0.579,-0.657,-0.623,-0.812
NTRA,0.445,-0.538,0.61,0.582,0.451,0.659,0.407,0.538,0.6,0.455,0.481,0.212,0.577,0.574,0.543,0.442,0.547,0.504,-0.398,0.522,0.581,0.68,0.371,-0.037,0.635,0.008,0.466,0.1,-0.582,-0.153,0.531,-0.668,0.527,0.521,-0.199,-0.104,0.634,0.712,0.623,0.271,0.201,0.055,-0.465,0.419,-0.295,-0.27,0.163,0.491,-0.626,-0.087,-0.044,0.584,0.529,0.403,0.49,-0.412,0.578,0.606,-0.178,0.432,0.6,0.45,0.272,0.263,-0.181,0.507,-0.511,0.465,0.078,-0.219,0.477,0.21,0.29,0.265,0.568,-0.264,-0.163,0.466,0.136,0.584,0.119,0.292,-0.467,-0.041,0.502,-0.34,0.305,0.136,0.36,-0.478,0.474,0.324,0.618,0.535,-0.514,0.45,-0.514,0.328,-0.184,0.15,0.4,0.676,0.31,0.646,0.251,-0.35,0.431,0.6,-0.338,0.073,0.0,0.497,0.507,-0.291,0.475,0.671,0.551,-0.666,0.59,0.359,0.398,0.648,0.56,0.641,0.624,-0.067,0.569,0.471,0.238,0.523,-0.04,0.49,0.385,0.423,0.153,-0.526,0.55,0.561,0.335,0.319,-0.456,0.424,0.044,0.594,0.408,0.477,0.625,0.411,0.412,-0.413,0.579,0.518,0.573,-0.422,0.618,0.198,0.365,-0.138,0.643,0.471,-0.298,0.556,0.502,0.639,0.205,0.602,0.326,0.512,0.521,0.509,0.275,0.072,0.595,0.544,0.117,0.609,0.413,0.588,0.122,0.527,0.643,0.503,0.276,-0.605,0.467,0.598,0.599,-0.256,0.605,-0.136,-0.463,-0.451,0.418,0.566,0.226,0.03,-0.447,0.258,0.269,-0.038
NVEE,0.731,0.042,0.536,0.834,0.886,0.848,0.227,0.512,0.536,0.673,0.819,0.415,0.863,0.916,0.563,0.921,0.79,0.904,-0.38,0.542,0.916,0.775,0.504,0.3,0.858,0.198,0.526,0.332,-0.506,0.442,0.864,-0.407,0.911,0.607,0.378,0.143,0.918,0.806,0.82,0.777,0.459,0.221,-0.392,0.892,-0.273,-0.233,0.759,0.756,-0.673,0.505,0.284,0.915,0.399,0.822,0.912,-0.633,0.925,0.939,0.414,0.798,0.537,0.623,0.665,0.49,-0.448,0.953,-0.686,0.725,0.66,0.313,0.92,0.224,0.805,0.035,0.91,0.093,0.07,0.833,0.452,0.746,0.031,0.668,-0.366,0.224,0.812,-0.53,0.435,0.71,0.827,-0.554,0.833,0.62,0.633,0.825,-0.462,0.85,-0.57,0.576,-0.245,0.451,0.825,0.876,0.791,0.758,0.518,-0.767,0.532,0.784,-0.059,-0.337,0.497,0.0,0.126,-0.111,0.513,0.758,0.631,-0.644,0.578,0.834,0.848,0.602,0.481,0.528,0.562,0.473,0.826,0.927,0.581,0.941,0.315,0.728,0.865,0.457,0.661,-0.622,0.822,0.831,0.425,0.801,-0.294,0.825,0.442,0.876,0.496,0.826,0.444,0.854,0.696,-0.326,0.793,0.506,0.919,-0.239,0.89,0.139,0.91,-0.387,0.75,0.946,-0.284,0.834,0.573,0.872,0.683,0.889,0.914,0.605,0.887,0.419,0.712,0.586,0.802,0.933,0.627,0.474,0.84,0.652,0.709,0.907,0.757,0.922,0.632,-0.505,0.925,0.867,0.881,0.284,0.864,-0.197,-0.369,-0.695,0.786,0.887,0.607,0.352,-0.451,0.781,0.791,0.173
NVMI,0.429,-0.677,0.445,0.485,0.039,0.443,0.833,0.534,0.348,0.424,0.107,0.064,0.404,0.145,0.585,0.243,0.519,0.287,-0.276,0.549,0.299,0.566,0.31,-0.453,0.393,-0.212,0.235,0.087,-0.514,-0.443,0.113,-0.466,0.301,0.593,-0.428,-0.448,0.38,0.435,0.41,0.115,-0.043,-0.061,-0.548,-0.052,-0.356,-0.159,-0.36,0.254,-0.423,-0.435,-0.418,0.333,0.583,0.103,0.155,-0.506,0.312,0.286,-0.662,0.146,0.601,0.16,-0.17,0.059,0.042,0.158,-0.536,0.449,-0.394,-0.253,0.085,-0.075,-0.062,0.364,0.275,-0.601,-0.254,0.331,-0.161,0.531,-0.021,0.178,-0.61,-0.548,0.242,-0.435,0.162,-0.219,0.019,-0.291,0.139,0.135,0.477,0.379,-0.193,0.072,-0.613,0.051,-0.276,-0.103,0.14,0.37,-0.076,0.481,-0.249,0.121,0.521,0.445,-0.411,0.407,0.507,0.126,0.0,-0.511,0.084,0.56,0.617,-0.382,0.599,0.16,0.234,0.618,0.433,0.517,0.62,-0.224,0.378,0.124,-0.061,0.221,-0.592,0.376,-0.059,0.21,-0.384,-0.343,0.221,0.245,0.348,-0.074,-0.506,0.117,-0.197,0.441,0.474,0.371,0.617,0.176,0.087,-0.517,0.407,0.217,0.311,-0.472,0.438,-0.017,0.089,0.273,0.57,0.117,-0.289,0.397,0.329,0.477,-0.045,0.22,0.017,0.471,0.332,0.366,-0.075,-0.243,0.504,0.283,-0.308,0.66,0.249,0.587,-0.195,0.366,0.51,0.265,0.088,-0.287,0.197,0.362,0.304,-0.605,0.426,-0.482,-0.578,-0.281,0.162,0.278,-0.348,-0.097,-0.488,-0.163,0.102,-0.446
NWL,-0.325,0.547,-0.472,-0.471,-0.009,-0.434,-0.584,-0.691,0.027,-0.059,-0.192,0.318,-0.349,0.002,-0.696,-0.18,-0.247,-0.337,0.7,-0.094,-0.309,-0.434,-0.438,-0.053,-0.183,0.53,-0.341,0.468,0.517,0.679,-0.07,0.426,-0.314,-0.643,0.567,0.089,-0.3,-0.301,-0.404,-0.117,0.018,0.597,0.82,-0.126,0.904,0.772,-0.025,-0.33,0.608,0.378,0.586,-0.297,-0.522,-0.124,0.131,0.606,-0.297,-0.24,0.591,0.259,-0.759,0.067,-0.095,0.466,0.468,0.012,0.658,-0.175,0.112,0.503,0.008,-0.488,0.07,-0.536,-0.283,0.011,0.687,-0.496,-0.216,-0.541,0.14,0.359,0.808,0.503,-0.293,0.163,-0.523,0.31,0.254,0.453,0.166,-0.667,-0.349,-0.503,0.576,0.06,0.663,-0.483,0.646,0.524,0.1,-0.437,0.3,-0.139,0.034,-0.058,-0.609,-0.394,0.861,-0.677,-0.291,-0.111,-0.511,0.0,-0.523,-0.42,-0.595,0.541,-0.502,-0.323,-0.114,-0.618,-0.749,-0.671,-0.654,0.36,-0.503,-0.247,0.328,-0.207,0.248,0.072,0.207,-0.352,0.289,0.63,0.131,0.025,-0.632,-0.18,0.58,0.285,0.142,-0.496,-0.272,-0.431,-0.468,0.009,0.05,0.694,-0.536,-0.408,-0.338,0.86,-0.309,0.081,-0.024,0.281,-0.586,-0.053,0.813,-0.474,-0.718,-0.361,0.355,0.035,-0.145,-0.191,-0.323,-0.648,0.388,0.576,-0.413,-0.246,0.368,-0.769,-0.068,-0.57,0.465,-0.284,-0.545,-0.094,-0.637,0.345,-0.165,-0.272,-0.449,0.186,-0.437,0.659,0.739,0.383,0.108,-0.36,-0.065,0.666,0.872,0.276,0.114,0.791
NWS,0.172,-0.098,0.483,0.462,0.429,0.592,0.041,0.491,0.053,0.226,0.617,0.13,0.486,0.403,0.467,0.435,0.267,0.467,-0.716,0.271,0.598,0.432,0.259,0.235,0.325,-0.021,0.521,-0.369,-0.439,-0.212,0.556,-0.624,0.431,0.487,-0.031,0.438,0.454,0.531,0.614,0.252,-0.026,-0.385,-0.47,0.559,-0.639,-0.757,0.623,0.501,-0.549,0.105,-0.111,0.511,0.181,0.482,0.276,-0.396,0.57,0.57,-0.008,0.034,0.567,0.093,0.642,-0.199,-0.686,0.386,-0.5,0.217,0.399,-0.144,0.475,0.608,0.319,0.454,0.546,0.254,-0.453,0.566,0.562,0.502,-0.294,-0.058,-0.478,0.035,0.446,-0.046,0.792,0.05,0.084,-0.375,0.264,0.786,0.455,0.53,-0.586,0.329,-0.416,0.738,-0.47,-0.056,0.252,0.623,0.074,0.18,0.546,-0.33,0.305,0.437,-0.636,0.218,0.475,0.513,0.084,-0.523,0.0,0.439,0.418,-0.685,0.509,0.497,0.216,0.456,0.714,0.555,0.45,0.008,0.673,0.502,0.119,0.486,0.375,0.011,0.361,0.549,0.47,-0.484,0.29,0.253,0.426,0.499,-0.254,0.072,-0.07,0.589,0.199,0.484,0.366,0.215,0.219,-0.456,0.592,0.752,0.586,-0.445,0.443,0.238,0.371,-0.697,0.495,0.442,-0.656,0.533,0.673,0.45,-0.074,0.432,0.407,0.077,0.529,0.695,-0.061,-0.193,0.366,0.506,0.05,0.514,0.242,0.44,-0.067,0.413,0.644,0.376,0.799,-0.518,0.426,0.344,0.688,0.213,0.581,-0.232,-0.552,-0.286,0.156,0.639,0.661,-0.382,-0.653,0.311,0.077,-0.342
NXPI,0.865,-0.431,0.65,0.926,0.684,0.893,0.706,0.745,0.66,0.724,0.611,0.076,0.864,0.755,0.777,0.769,0.834,0.862,-0.454,0.659,0.806,0.911,0.651,0.105,0.877,-0.159,0.543,0.215,-0.615,0.065,0.64,-0.545,0.896,0.787,-0.147,-0.206,0.911,0.867,0.808,0.721,0.518,0.118,-0.708,0.643,-0.433,-0.353,0.34,0.687,-0.792,0.172,-0.183,0.837,0.779,0.745,0.726,-0.852,0.826,0.817,-0.059,0.599,0.85,0.653,0.24,0.379,-0.398,0.764,-0.863,0.715,0.34,-0.104,0.723,0.133,0.628,0.2,0.796,-0.078,-0.14,0.857,0.265,0.856,0.165,0.522,-0.686,-0.116,0.864,-0.497,0.423,0.463,0.587,-0.65,0.614,0.522,0.789,0.865,-0.59,0.732,-0.813,0.37,-0.397,0.128,0.707,0.899,0.524,0.856,0.166,-0.495,0.821,0.869,-0.23,-0.006,0.671,0.758,0.56,-0.42,0.439,0.0,0.827,-0.749,0.72,0.709,0.77,0.922,0.649,0.776,0.843,0.198,0.813,0.798,0.428,0.794,-0.168,0.768,0.56,0.422,0.164,-0.817,0.648,0.723,0.552,0.598,-0.683,0.654,0.316,0.891,0.647,0.852,0.757,0.788,0.646,-0.557,0.825,0.417,0.833,-0.595,0.891,-0.079,0.67,-0.146,0.932,0.765,-0.407,0.868,0.722,0.917,0.451,0.715,0.688,0.793,0.809,0.506,0.503,0.267,0.895,0.812,0.372,0.8,0.822,0.945,0.432,0.881,0.86,0.769,0.585,-0.612,0.767,0.882,0.868,-0.05,0.862,-0.553,-0.538,-0.814,0.634,0.807,0.249,0.139,-0.637,0.35,0.652,-0.076
OCGN,0.759,-0.535,0.834,0.911,0.511,0.905,0.705,0.942,0.458,0.627,0.631,0.177,0.89,0.617,0.924,0.7,0.714,0.772,-0.68,0.531,0.813,0.933,0.568,-0.066,0.739,-0.334,0.678,-0.072,-0.746,-0.265,0.561,-0.51,0.778,0.969,-0.293,-0.371,0.806,0.808,0.854,0.645,0.452,-0.185,-0.775,0.501,-0.668,-0.519,0.242,0.812,-0.768,-0.169,-0.257,0.77,0.809,0.426,0.48,-0.799,0.81,0.778,-0.243,0.407,0.883,0.395,0.173,0.096,-0.246,0.579,-0.879,0.609,0.051,-0.151,0.502,0.186,0.51,0.487,0.82,-0.34,-0.445,0.814,0.168,0.897,-0.078,0.38,-0.911,-0.513,0.721,-0.636,0.54,0.098,0.41,-0.659,0.525,0.596,0.873,0.823,-0.458,0.559,-0.973,0.403,-0.308,-0.15,0.444,0.803,0.229,0.743,0.12,-0.412,0.792,0.914,-0.508,0.375,0.551,0.631,0.617,-0.595,0.418,0.827,0.0,-0.712,0.896,0.621,0.665,0.871,0.809,0.878,0.941,-0.0,0.822,0.618,0.112,0.765,-0.335,0.559,0.325,0.608,0.06,-0.725,0.594,0.64,0.784,0.393,-0.738,0.399,-0.014,0.887,0.573,0.769,0.693,0.596,0.486,-0.843,0.929,0.564,0.83,-0.735,0.87,0.168,0.637,-0.146,0.905,0.628,-0.624,0.892,0.768,0.889,0.281,0.586,0.538,0.722,0.845,0.747,0.239,0.13,0.859,0.788,-0.048,0.922,0.66,0.901,0.179,0.803,0.876,0.608,0.571,-0.411,0.73,0.77,0.74,-0.168,0.904,-0.568,-0.844,-0.7,0.458,0.815,0.191,-0.169,-0.838,0.156,0.414,-0.406
OCSL,-0.592,0.443,-0.695,-0.769,-0.64,-0.768,-0.394,-0.722,-0.445,-0.565,-0.706,-0.038,-0.767,-0.647,-0.625,-0.716,-0.636,-0.74,0.676,-0.457,-0.77,-0.767,-0.453,-0.042,-0.676,0.073,-0.489,0.009,0.64,0.161,-0.701,0.768,-0.703,-0.674,0.124,-0.109,-0.731,-0.789,-0.803,-0.497,-0.185,0.155,0.672,-0.644,0.563,0.564,-0.432,-0.702,0.799,-0.002,0.17,-0.736,-0.571,-0.638,-0.509,0.707,-0.779,-0.752,0.145,-0.38,-0.769,-0.445,-0.482,-0.167,0.55,-0.623,0.803,-0.607,-0.221,0.107,-0.654,-0.547,-0.45,-0.452,-0.751,0.01,0.432,-0.769,-0.337,-0.783,0.098,-0.254,0.678,0.095,-0.611,0.385,-0.559,-0.151,-0.365,0.6,-0.495,-0.655,-0.723,-0.77,0.62,-0.606,0.734,-0.634,0.489,-0.077,-0.507,-0.822,-0.281,-0.584,-0.376,0.486,-0.645,-0.683,0.548,-0.119,-0.666,-0.644,-0.382,0.541,-0.685,-0.749,-0.712,0.0,-0.727,-0.65,-0.603,-0.767,-0.745,-0.701,-0.715,-0.051,-0.777,-0.7,-0.35,-0.718,-0.062,-0.424,-0.485,-0.506,-0.277,0.706,-0.514,-0.495,-0.524,-0.653,0.568,-0.356,-0.119,-0.795,-0.545,-0.791,-0.557,-0.567,-0.546,0.6,-0.796,-0.714,-0.781,0.667,-0.771,-0.227,-0.581,0.509,-0.797,-0.652,0.642,-0.82,-0.758,-0.777,-0.184,-0.624,-0.571,-0.527,-0.731,-0.704,-0.251,-0.031,-0.703,-0.706,-0.118,-0.747,-0.558,-0.723,-0.149,-0.731,-0.862,-0.606,-0.725,0.731,-0.65,-0.707,-0.817,0.0,-0.789,0.408,0.63,0.638,-0.429,-0.805,-0.431,0.136,0.742,-0.323,-0.374,0.256
OKTA,0.536,-0.507,0.866,0.799,0.453,0.847,0.503,0.86,0.366,0.532,0.709,0.33,0.825,0.593,0.834,0.614,0.603,0.619,-0.747,0.648,0.781,0.837,0.258,-0.27,0.619,-0.227,0.723,-0.132,-0.749,-0.321,0.58,-0.695,0.615,0.901,-0.311,-0.134,0.687,0.81,0.877,0.514,0.251,-0.33,-0.682,0.511,-0.626,-0.553,0.284,0.843,-0.607,-0.246,-0.287,0.678,0.654,0.354,0.433,-0.637,0.771,0.745,-0.224,0.317,0.781,0.253,0.232,0.008,-0.262,0.527,-0.724,0.579,0.007,-0.165,0.474,0.304,0.355,0.618,0.778,-0.365,-0.516,0.726,0.221,0.784,-0.353,0.356,-0.816,-0.498,0.621,-0.558,0.688,-0.054,0.271,-0.603,0.523,0.607,0.909,0.679,-0.406,0.499,-0.871,0.504,-0.242,-0.102,0.328,0.758,0.109,0.586,0.311,-0.317,0.59,0.809,-0.571,0.406,0.59,0.578,0.599,-0.502,0.509,0.72,0.896,-0.727,0.0,0.585,0.524,0.753,0.832,0.795,0.844,0.023,0.81,0.504,0.07,0.7,-0.244,0.392,0.375,0.801,0.194,-0.531,0.664,0.571,0.745,0.319,-0.615,0.3,-0.219,0.805,0.55,0.642,0.635,0.502,0.366,-0.842,0.861,0.775,0.78,-0.621,0.781,0.416,0.603,-0.209,0.763,0.594,-0.69,0.781,0.7,0.821,0.141,0.636,0.384,0.51,0.776,0.861,0.1,0.041,0.703,0.725,-0.163,0.852,0.506,0.77,0.037,0.696,0.873,0.572,0.549,-0.431,0.624,0.628,0.693,-0.193,0.841,-0.429,-0.867,-0.451,0.304,0.783,0.353,-0.235,-0.797,0.19,0.223,-0.454
OLLI,0.677,0.041,0.556,0.794,0.707,0.741,0.317,0.58,0.382,0.458,0.751,0.172,0.77,0.769,0.563,0.783,0.674,0.802,-0.452,0.49,0.817,0.7,0.414,0.22,0.689,-0.065,0.466,0.266,-0.421,0.285,0.623,-0.39,0.834,0.642,0.109,0.212,0.771,0.701,0.766,0.684,0.398,-0.04,-0.54,0.873,-0.451,-0.399,0.643,0.74,-0.67,0.5,0.012,0.76,0.428,0.728,0.723,-0.679,0.827,0.807,0.32,0.591,0.602,0.431,0.518,0.322,-0.483,0.79,-0.709,0.753,0.627,0.123,0.756,0.402,0.607,0.185,0.82,0.225,-0.128,0.842,0.507,0.757,-0.122,0.48,-0.476,0.04,0.8,-0.526,0.49,0.564,0.591,-0.597,0.659,0.718,0.593,0.752,-0.552,0.648,-0.635,0.617,-0.348,0.259,0.61,0.84,0.56,0.569,0.457,-0.567,0.583,0.657,-0.2,-0.17,0.359,0.834,0.16,-0.323,0.497,0.709,0.621,-0.65,0.585,0.0,0.724,0.596,0.567,0.536,0.576,0.562,0.851,0.856,0.402,0.831,0.164,0.542,0.713,0.477,0.519,-0.679,0.646,0.6,0.477,0.737,-0.466,0.582,0.405,0.818,0.523,0.791,0.358,0.777,0.465,-0.434,0.754,0.513,0.83,-0.399,0.779,0.078,0.805,-0.366,0.721,0.844,-0.49,0.764,0.649,0.799,0.391,0.716,0.794,0.466,0.801,0.484,0.482,0.392,0.709,0.837,0.508,0.553,0.718,0.671,0.491,0.818,0.726,0.817,0.776,-0.5,0.797,0.768,0.871,0.393,0.785,-0.406,-0.41,-0.591,0.516,0.828,0.537,0.094,-0.562,0.566,0.636,-0.067
OTLK,0.906,-0.111,0.423,0.856,0.833,0.766,0.396,0.516,0.696,0.813,0.593,0.165,0.842,0.791,0.574,0.904,0.881,0.913,-0.246,0.517,0.764,0.801,0.638,0.251,0.909,0.08,0.396,0.444,-0.477,0.412,0.761,-0.315,0.898,0.564,0.268,-0.138,0.889,0.74,0.674,0.866,0.527,0.391,-0.456,0.687,-0.148,-0.07,0.5,0.607,-0.623,0.367,0.16,0.861,0.585,0.795,0.841,-0.774,0.8,0.785,0.225,0.789,0.584,0.814,0.405,0.615,-0.368,0.857,-0.761,0.764,0.449,0.317,0.84,0.05,0.802,-0.087,0.773,0.052,0.166,0.822,0.181,0.726,0.247,0.672,-0.411,0.147,0.789,-0.529,0.195,0.684,0.832,-0.513,0.679,0.402,0.587,0.855,-0.344,0.88,-0.63,0.379,-0.334,0.41,0.87,0.777,0.771,0.829,0.21,-0.717,0.729,0.758,0.077,-0.342,0.398,0.848,0.234,-0.114,0.216,0.77,0.665,-0.603,0.524,0.724,0.0,0.689,0.329,0.497,0.607,0.314,0.656,0.862,0.661,0.831,0.102,0.844,0.682,0.23,0.326,-0.668,0.692,0.786,0.398,0.764,-0.381,0.834,0.565,0.816,0.591,0.884,0.523,0.907,0.835,-0.274,0.708,0.245,0.795,-0.34,0.87,-0.118,0.793,-0.186,0.798,0.83,-0.155,0.845,0.538,0.857,0.777,0.715,0.866,0.795,0.778,0.246,0.787,0.577,0.856,0.8,0.567,0.483,0.911,0.697,0.736,0.912,0.701,0.815,0.452,-0.449,0.832,0.914,0.758,0.125,0.764,-0.329,-0.288,-0.857,0.803,0.748,0.294,0.467,-0.398,0.611,0.871,0.21
OXLC,0.83,-0.583,0.677,0.893,0.548,0.854,0.753,0.829,0.596,0.639,0.526,-0.071,0.818,0.58,0.875,0.668,0.766,0.801,-0.569,0.565,0.711,0.885,0.699,0.103,0.795,-0.297,0.555,-0.007,-0.659,-0.2,0.557,-0.582,0.797,0.819,-0.339,-0.278,0.831,0.818,0.751,0.64,0.451,-0.044,-0.831,0.492,-0.6,-0.5,0.215,0.616,-0.812,-0.065,-0.334,0.771,0.863,0.613,0.522,-0.897,0.727,0.698,-0.268,0.387,0.947,0.594,0.174,0.206,-0.446,0.586,-0.907,0.613,0.139,-0.238,0.549,0.193,0.516,0.309,0.701,-0.101,-0.319,0.833,0.235,0.832,0.17,0.3,-0.817,-0.253,0.778,-0.401,0.451,0.228,0.403,-0.647,0.394,0.543,0.771,0.859,-0.6,0.622,-0.875,0.391,-0.535,-0.098,0.55,0.837,0.32,0.766,0.08,-0.396,0.898,0.844,-0.429,0.219,0.648,0.602,0.618,-0.618,0.456,0.922,0.871,-0.767,0.753,0.596,0.689,0.0,0.738,0.855,0.919,-0.038,0.738,0.688,0.264,0.676,-0.266,0.621,0.328,0.43,-0.02,-0.865,0.475,0.613,0.644,0.506,-0.745,0.449,0.211,0.854,0.641,0.827,0.839,0.634,0.606,-0.682,0.811,0.45,0.753,-0.788,0.813,-0.131,0.5,-0.166,0.944,0.6,-0.547,0.853,0.819,0.849,0.302,0.544,0.571,0.781,0.719,0.593,0.32,0.03,0.871,0.692,0.14,0.893,0.694,0.932,0.203,0.787,0.865,0.608,0.586,-0.55,0.641,0.821,0.797,-0.148,0.809,-0.645,-0.662,-0.811,0.483,0.734,0.169,-0.073,-0.775,0.146,0.485,-0.277
PAA,0.416,-0.451,0.842,0.708,0.301,0.775,0.461,0.894,0.116,0.273,0.668,0.079,0.703,0.457,0.831,0.446,0.373,0.54,-0.912,0.411,0.698,0.724,0.32,-0.047,0.432,-0.452,0.729,-0.422,-0.695,-0.473,0.43,-0.645,0.56,0.875,-0.486,0.034,0.589,0.698,0.821,0.349,0.283,-0.577,-0.779,0.533,-0.866,-0.85,0.332,0.758,-0.697,-0.218,-0.416,0.575,0.621,0.319,0.225,-0.612,0.669,0.651,-0.211,0.066,0.863,0.066,0.267,-0.267,-0.434,0.37,-0.718,0.351,0.123,-0.46,0.34,0.535,0.26,0.708,0.691,-0.109,-0.749,0.712,0.361,0.721,-0.336,0.021,-0.882,-0.479,0.608,-0.384,0.81,-0.121,0.064,-0.63,0.313,0.792,0.788,0.654,-0.643,0.324,-0.822,0.585,-0.373,-0.383,0.14,0.762,-0.064,0.414,0.399,-0.219,0.597,0.715,-0.779,0.545,0.56,0.481,0.433,-0.749,0.714,0.649,0.809,-0.745,0.832,0.567,0.329,0.738,0.0,0.891,0.845,-0.072,0.816,0.506,-0.125,0.592,-0.168,0.143,0.221,0.78,0.159,-0.677,0.403,0.399,0.815,0.301,-0.718,0.058,-0.245,0.741,0.451,0.56,0.563,0.318,0.188,-0.874,0.837,0.768,0.702,-0.771,0.636,0.319,0.435,-0.412,0.72,0.485,-0.879,0.694,0.814,0.681,-0.15,0.431,0.32,0.341,0.678,0.941,-0.116,-0.186,0.594,0.616,-0.184,0.911,0.32,0.76,-0.16,0.562,0.84,0.404,0.735,-0.468,0.5,0.509,0.717,-0.012,0.766,-0.51,-0.894,-0.443,0.096,0.738,0.469,-0.56,-0.914,0.007,0.06,-0.628
PARA,0.644,-0.508,0.822,0.813,0.352,0.844,0.622,0.916,0.378,0.429,0.549,0.013,0.778,0.534,0.898,0.512,0.535,0.651,-0.764,0.436,0.7,0.836,0.547,0.022,0.604,-0.505,0.758,-0.285,-0.723,-0.353,0.443,-0.528,0.698,0.907,-0.491,-0.245,0.716,0.733,0.793,0.474,0.495,-0.322,-0.834,0.496,-0.729,-0.678,0.237,0.721,-0.734,-0.166,-0.392,0.632,0.816,0.389,0.332,-0.702,0.681,0.675,-0.219,0.226,0.921,0.317,0.098,-0.089,-0.326,0.447,-0.782,0.42,0.106,-0.448,0.375,0.334,0.407,0.497,0.702,-0.146,-0.541,0.769,0.223,0.757,-0.024,0.15,-0.899,-0.456,0.733,-0.46,0.613,0.045,0.236,-0.64,0.354,0.637,0.82,0.75,-0.641,0.448,-0.863,0.388,-0.347,-0.346,0.304,0.802,0.1,0.619,0.204,-0.296,0.754,0.821,-0.568,0.434,0.641,0.528,0.517,-0.671,0.555,0.776,0.878,-0.701,0.795,0.536,0.497,0.855,0.891,0.0,0.961,-0.107,0.784,0.573,-0.025,0.632,-0.294,0.392,0.226,0.662,0.028,-0.789,0.455,0.539,0.842,0.302,-0.814,0.249,-0.072,0.787,0.498,0.639,0.726,0.454,0.372,-0.828,0.856,0.533,0.715,-0.797,0.728,0.09,0.466,-0.189,0.837,0.52,-0.691,0.765,0.795,0.775,0.073,0.456,0.407,0.606,0.698,0.797,0.108,-0.028,0.736,0.651,-0.05,0.939,0.504,0.877,0.03,0.663,0.844,0.449,0.598,-0.449,0.559,0.655,0.725,-0.071,0.793,-0.559,-0.804,-0.641,0.266,0.725,0.303,-0.352,-0.837,-0.001,0.266,-0.442
PARAA,0.751,-0.576,0.815,0.887,0.414,0.874,0.724,0.933,0.488,0.537,0.542,0.025,0.835,0.561,0.94,0.599,0.672,0.717,-0.695,0.533,0.727,0.91,0.592,-0.023,0.7,-0.446,0.706,-0.156,-0.758,-0.322,0.485,-0.554,0.75,0.937,-0.459,-0.331,0.778,0.787,0.811,0.558,0.493,-0.219,-0.859,0.481,-0.688,-0.588,0.18,0.723,-0.768,-0.174,-0.39,0.699,0.879,0.434,0.408,-0.811,0.725,0.704,-0.27,0.314,0.95,0.405,0.082,0.035,-0.302,0.511,-0.86,0.549,0.053,-0.347,0.434,0.259,0.447,0.459,0.732,-0.227,-0.467,0.814,0.166,0.832,0.011,0.247,-0.921,-0.482,0.76,-0.521,0.541,0.084,0.319,-0.666,0.404,0.595,0.851,0.813,-0.572,0.511,-0.935,0.373,-0.386,-0.264,0.388,0.823,0.174,0.718,0.131,-0.334,0.847,0.866,-0.524,0.395,0.624,0.562,0.62,-0.654,0.45,0.843,0.941,-0.715,0.844,0.576,0.607,0.919,0.845,0.961,0.0,-0.088,0.798,0.605,0.065,0.677,-0.361,0.512,0.252,0.611,-0.034,-0.816,0.509,0.606,0.819,0.351,-0.82,0.341,0.0,0.839,0.589,0.729,0.776,0.549,0.449,-0.834,0.875,0.511,0.753,-0.803,0.804,0.063,0.513,-0.102,0.906,0.561,-0.649,0.824,0.797,0.844,0.172,0.507,0.461,0.717,0.745,0.747,0.191,0.016,0.826,0.696,-0.037,0.956,0.591,0.929,0.096,0.744,0.877,0.527,0.562,-0.454,0.616,0.739,0.742,-0.16,0.834,-0.632,-0.809,-0.712,0.351,0.745,0.209,-0.245,-0.842,0.037,0.356,-0.428
PDCO,0.2,0.566,0.091,0.182,0.396,0.183,-0.096,-0.057,0.108,0.15,0.402,0.314,0.26,0.509,-0.11,0.346,0.215,0.291,0.181,0.265,0.349,0.109,-0.054,0.104,0.267,0.181,0.084,0.494,0.236,0.664,0.228,0.15,0.349,0.035,0.4,0.307,0.289,0.22,0.247,0.347,0.291,0.278,0.157,0.559,0.199,0.163,0.428,0.294,-0.043,0.744,0.379,0.253,-0.117,0.42,0.577,-0.017,0.359,0.38,0.671,0.515,-0.115,0.199,0.231,0.493,-0.024,0.534,-0.012,0.392,0.593,0.351,0.458,0.033,0.413,-0.206,0.37,0.237,0.303,0.242,0.466,0.185,-0.067,0.548,0.221,0.333,0.382,-0.288,0.056,0.619,0.498,-0.07,0.557,0.131,0.143,0.104,-0.035,0.41,0.016,0.045,0.204,0.439,0.414,0.276,0.541,0.207,0.309,-0.342,-0.059,0.16,0.404,-0.558,-0.067,0.473,-0.224,0.36,0.008,0.198,-0.0,-0.051,0.023,0.562,0.314,-0.038,-0.072,-0.107,-0.088,0.0,0.266,0.419,0.408,0.419,0.163,0.371,0.617,0.101,0.573,-0.042,0.49,0.368,-0.121,0.349,0.01,0.542,0.338,0.203,0.229,0.215,-0.112,0.511,0.193,0.153,0.135,0.074,0.347,0.298,0.276,0.023,0.544,-0.05,0.051,0.545,0.126,0.15,-0.007,0.273,0.37,0.495,0.438,0.062,0.33,-0.118,0.522,0.64,0.167,0.43,0.645,-0.127,0.437,0.087,0.624,0.327,0.108,0.53,0.22,-0.059,0.433,0.306,0.318,0.57,0.232,0.016,0.231,-0.032,0.319,0.333,0.337,0.421,0.18,0.537,0.498,0.432
PDFS,0.654,-0.226,0.771,0.891,0.652,0.908,0.446,0.785,0.376,0.513,0.815,0.302,0.867,0.779,0.768,0.793,0.699,0.805,-0.715,0.593,0.918,0.856,0.404,0.055,0.711,-0.165,0.686,0.007,-0.731,0.005,0.7,-0.595,0.839,0.86,-0.069,0.08,0.83,0.83,0.943,0.604,0.401,-0.22,-0.694,0.817,-0.648,-0.57,0.599,0.87,-0.769,0.203,-0.148,0.811,0.548,0.641,0.642,-0.721,0.912,0.902,0.1,0.508,0.783,0.344,0.482,0.113,-0.467,0.759,-0.797,0.69,0.449,-0.044,0.71,0.472,0.559,0.443,0.907,-0.015,-0.377,0.896,0.445,0.849,-0.262,0.427,-0.722,-0.213,0.821,-0.588,0.695,0.334,0.479,-0.716,0.672,0.826,0.799,0.821,-0.642,0.615,-0.813,0.642,-0.392,0.092,0.542,0.919,0.389,0.645,0.507,-0.49,0.629,0.817,-0.467,0.114,0.569,0.826,0.378,-0.503,0.673,0.813,0.822,-0.777,0.81,0.851,0.656,0.738,0.816,0.784,0.798,0.266,0.0,0.804,0.228,0.873,0.048,0.495,0.642,0.71,0.436,-0.721,0.707,0.654,0.702,0.607,-0.579,0.488,0.076,0.921,0.504,0.791,0.499,0.682,0.41,-0.683,0.922,0.704,0.916,-0.55,0.87,0.29,0.786,-0.371,0.837,0.816,-0.679,0.857,0.745,0.891,0.271,0.759,0.696,0.526,0.9,0.759,0.307,0.227,0.791,0.891,0.241,0.785,0.671,0.813,0.297,0.86,0.893,0.774,0.805,-0.574,0.802,0.747,0.924,0.187,0.926,-0.45,-0.713,-0.617,0.478,0.912,0.574,-0.117,-0.772,0.447,0.502,-0.314
PFG,0.813,-0.045,0.5,0.855,0.875,0.795,0.321,0.54,0.541,0.63,0.769,0.156,0.82,0.871,0.554,0.882,0.771,0.94,-0.388,0.483,0.857,0.768,0.617,0.359,0.843,0.029,0.434,0.32,-0.448,0.414,0.748,-0.41,0.944,0.585,0.251,0.134,0.907,0.792,0.758,0.781,0.497,0.205,-0.49,0.897,-0.348,-0.297,0.704,0.688,-0.758,0.511,0.114,0.892,0.47,0.895,0.858,-0.744,0.879,0.88,0.355,0.743,0.631,0.672,0.591,0.487,-0.538,0.908,-0.777,0.722,0.686,0.157,0.893,0.287,0.77,0.042,0.853,0.246,-0.017,0.859,0.419,0.741,0.138,0.57,-0.42,0.264,0.85,-0.468,0.377,0.733,0.768,-0.559,0.731,0.637,0.587,0.849,-0.614,0.83,-0.608,0.523,-0.416,0.389,0.823,0.894,0.761,0.738,0.478,-0.737,0.648,0.74,-0.082,-0.353,0.471,0.927,0.124,-0.247,0.502,0.798,0.618,-0.7,0.504,0.856,0.862,0.688,0.506,0.573,0.605,0.419,0.804,0.0,0.585,0.901,0.248,0.707,0.785,0.347,0.533,-0.759,0.677,0.733,0.412,0.852,-0.424,0.765,0.52,0.863,0.539,0.9,0.456,0.88,0.724,-0.295,0.768,0.403,0.882,-0.379,0.854,-0.06,0.843,-0.442,0.798,0.924,-0.356,0.851,0.637,0.854,0.617,0.775,0.92,0.647,0.832,0.371,0.698,0.505,0.827,0.872,0.669,0.53,0.857,0.705,0.67,0.915,0.748,0.881,0.714,-0.587,0.873,0.886,0.908,0.339,0.828,-0.373,-0.319,-0.818,0.756,0.86,0.555,0.278,-0.502,0.681,0.809,0.13
PGEN,0.481,0.125,-0.007,0.381,0.743,0.329,0.0,-0.029,0.58,0.656,0.406,0.117,0.435,0.603,-0.011,0.652,0.569,0.558,0.23,0.352,0.438,0.364,0.368,0.24,0.637,0.563,-0.004,0.623,0.033,0.628,0.635,-0.254,0.51,-0.007,0.571,0.149,0.541,0.482,0.251,0.563,0.146,0.671,0.112,0.466,0.34,0.248,0.426,0.145,-0.316,0.572,0.401,0.564,0.083,0.751,0.743,-0.351,0.486,0.498,0.33,0.677,0.109,0.709,0.457,0.801,-0.239,0.705,-0.319,0.509,0.455,0.553,0.788,-0.149,0.687,-0.338,0.417,0.167,0.478,0.365,0.112,0.325,0.366,0.618,0.135,0.614,0.383,-0.171,-0.089,0.689,0.758,-0.142,0.593,-0.014,0.201,0.424,-0.007,0.763,-0.091,0.17,-0.104,0.692,0.8,0.403,0.758,0.547,0.186,-0.675,0.274,0.304,0.385,-0.691,0.238,0.581,-0.061,0.328,0.119,0.428,0.112,-0.35,0.07,0.402,0.661,0.264,-0.125,-0.025,0.065,0.408,0.228,0.585,0.0,0.515,0.333,0.671,0.632,-0.194,0.481,-0.236,0.442,0.559,-0.271,0.677,0.089,0.766,0.589,0.389,0.299,0.551,0.219,0.713,0.735,0.234,0.228,0.08,0.458,0.164,0.493,-0.189,0.556,-0.262,0.358,0.617,0.301,0.424,0.136,0.425,0.728,0.589,0.623,0.466,0.429,-0.204,0.791,0.566,0.416,0.477,0.684,-0.065,0.657,0.234,0.764,0.537,0.271,0.569,0.162,-0.325,0.567,0.573,0.439,0.151,0.364,0.003,0.241,-0.511,0.712,0.437,0.188,0.706,0.111,0.681,0.7,0.606
PNFP,0.753,-0.118,0.699,0.894,0.87,0.885,0.342,0.674,0.537,0.686,0.882,0.378,0.93,0.939,0.636,0.921,0.769,0.919,-0.458,0.523,0.977,0.858,0.511,0.151,0.861,0.067,0.572,0.272,-0.541,0.297,0.809,-0.453,0.922,0.733,0.234,-0.009,0.925,0.877,0.88,0.784,0.484,0.121,-0.446,0.873,-0.378,-0.3,0.674,0.864,-0.763,0.364,0.179,0.923,0.491,0.737,0.846,-0.668,0.983,0.981,0.299,0.772,0.619,0.554,0.562,0.441,-0.32,0.925,-0.759,0.735,0.528,0.221,0.869,0.22,0.795,0.237,0.983,-0.06,-0.128,0.831,0.38,0.844,-0.021,0.668,-0.534,0.026,0.797,-0.652,0.454,0.566,0.793,-0.642,0.888,0.61,0.762,0.825,-0.439,0.841,-0.73,0.501,-0.181,0.34,0.75,0.884,0.68,0.784,0.467,-0.782,0.566,0.859,-0.176,-0.187,0.523,0.941,0.221,-0.207,0.486,0.794,0.765,-0.718,0.7,0.831,0.831,0.676,0.592,0.632,0.677,0.419,0.873,0.901,0.515,0.0,0.12,0.717,0.792,0.52,0.597,-0.644,0.835,0.822,0.491,0.74,-0.45,0.756,0.29,0.913,0.499,0.854,0.452,0.856,0.689,-0.5,0.895,0.581,0.982,-0.369,0.945,0.219,0.955,-0.39,0.808,0.955,-0.396,0.906,0.643,0.925,0.618,0.877,0.859,0.669,0.961,0.531,0.652,0.57,0.836,0.986,0.47,0.603,0.851,0.724,0.64,0.935,0.801,0.894,0.655,-0.49,0.976,0.884,0.869,0.233,0.947,-0.3,-0.5,-0.727,0.776,0.964,0.532,0.22,-0.57,0.664,0.713,0.067
PODD,-0.161,0.486,-0.276,-0.103,0.36,-0.037,-0.65,-0.347,-0.036,-0.068,0.217,0.176,-0.06,0.145,-0.255,0.19,-0.014,0.103,0.02,-0.158,0.088,-0.179,-0.059,0.553,0.034,0.555,-0.119,0.026,0.064,0.42,0.4,-0.042,0.036,-0.334,0.629,0.661,0.048,-0.047,-0.031,0.084,-0.2,0.107,0.278,0.344,0.132,-0.024,0.668,-0.037,0.046,0.487,0.51,0.155,-0.448,0.299,0.244,0.128,0.085,0.113,0.514,0.138,-0.259,0.125,0.733,0.113,-0.487,0.224,0.136,-0.071,0.549,0.419,0.372,0.269,0.237,-0.302,0.066,0.545,0.317,0.058,0.384,-0.149,-0.025,-0.024,0.43,0.706,-0.013,0.289,0.119,0.387,0.235,0.041,0.114,0.268,-0.287,0.077,-0.078,0.186,0.367,0.513,-0.146,0.436,0.242,0.062,0.383,-0.139,0.506,-0.381,-0.229,-0.154,0.092,-0.434,-0.04,0.315,-0.592,0.248,0.375,-0.168,-0.335,-0.062,-0.244,0.164,0.102,-0.266,-0.168,-0.294,-0.361,0.163,0.048,0.248,0.333,0.12,0.0,-0.098,0.397,-0.023,0.601,0.065,0.085,0.037,-0.237,0.513,0.515,0.175,0.367,0.024,-0.197,0.053,-0.231,0.075,0.16,0.397,-0.071,0.2,0.075,0.304,-0.037,0.107,0.162,-0.518,-0.142,0.188,0.087,-0.012,-0.002,-0.08,0.255,0.191,0.367,-0.293,0.009,-0.09,0.228,0.164,-0.115,0.076,0.423,-0.388,-0.008,-0.297,0.259,0.031,-0.065,0.177,0.254,-0.221,0.125,0.02,0.158,0.398,-0.035,0.367,0.276,0.025,0.199,0.073,0.613,0.225,0.15,0.623,0.147,0.352
POWI,0.848,-0.175,0.333,0.738,0.709,0.661,0.528,0.379,0.793,0.801,0.418,0.213,0.723,0.758,0.448,0.764,0.854,0.783,0.065,0.534,0.648,0.743,0.658,0.172,0.895,0.2,0.25,0.632,-0.335,0.448,0.621,-0.181,0.805,0.446,0.256,-0.343,0.827,0.675,0.537,0.716,0.542,0.632,-0.28,0.502,0.099,0.193,0.226,0.438,-0.574,0.374,0.273,0.764,0.58,0.675,0.848,-0.628,0.687,0.693,0.17,0.873,0.446,0.791,0.218,0.789,-0.048,0.812,-0.6,0.725,0.298,0.288,0.736,-0.247,0.721,-0.222,0.661,-0.187,0.366,0.599,0.07,0.664,0.47,0.76,-0.268,0.164,0.676,-0.555,-0.081,0.692,0.877,-0.411,0.715,0.093,0.512,0.693,-0.206,0.783,-0.51,0.066,-0.072,0.468,0.846,0.652,0.805,0.915,-0.023,-0.641,0.606,0.68,0.274,-0.42,0.49,0.728,0.376,0.072,0.011,0.768,0.559,-0.424,0.392,0.542,0.844,0.621,0.143,0.392,0.512,0.371,0.495,0.707,0.671,0.717,-0.098,0.0,0.593,0.04,0.202,-0.555,0.69,0.787,0.178,0.562,-0.373,0.909,0.578,0.67,0.565,0.714,0.53,0.84,0.768,-0.138,0.546,0.051,0.672,-0.163,0.801,-0.199,0.673,0.127,0.712,0.718,0.163,0.685,0.327,0.765,0.797,0.721,0.718,0.841,0.672,0.017,0.849,0.655,0.792,0.718,0.596,0.37,0.861,0.649,0.777,0.794,0.541,0.76,0.153,-0.367,0.756,0.862,0.602,-0.05,0.653,-0.262,-0.115,-0.746,0.842,0.603,0.01,0.636,-0.161,0.525,0.862,0.416
PSMT,0.494,0.227,0.347,0.576,0.826,0.596,-0.017,0.2,0.443,0.525,0.75,0.484,0.626,0.864,0.204,0.777,0.614,0.679,-0.161,0.525,0.745,0.516,0.157,0.146,0.662,0.331,0.346,0.477,-0.29,0.653,0.742,-0.344,0.7,0.313,0.524,0.32,0.692,0.66,0.645,0.602,0.333,0.311,-0.09,0.851,0.018,0.013,0.743,0.617,-0.385,0.616,0.359,0.692,0.079,0.773,0.886,-0.34,0.761,0.787,0.594,0.789,0.224,0.524,0.59,0.55,-0.313,0.889,-0.38,0.658,0.711,0.435,0.881,0.192,0.681,-0.05,0.733,0.178,0.209,0.602,0.395,0.48,-0.084,0.747,-0.042,0.407,0.65,-0.417,0.293,0.744,0.755,-0.37,0.842,0.408,0.466,0.518,-0.313,0.769,-0.272,0.411,-0.085,0.669,0.774,0.666,0.778,0.546,0.616,-0.641,0.2,0.531,0.193,-0.571,0.385,0.865,-0.059,0.207,0.361,0.56,0.325,-0.485,0.375,0.713,0.682,0.328,0.221,0.226,0.252,0.617,0.642,0.785,0.632,0.792,0.397,0.593,0.0,0.366,0.776,-0.32,0.808,0.692,0.139,0.686,-0.05,0.794,0.366,0.622,0.314,0.618,0.16,0.788,0.57,-0.057,0.531,0.401,0.728,0.087,0.675,0.233,0.85,-0.356,0.45,0.885,-0.089,0.582,0.278,0.665,0.641,0.853,0.764,0.398,0.693,0.208,0.715,0.68,0.546,0.771,0.721,0.178,0.732,0.376,0.749,0.734,0.519,0.845,0.464,-0.441,0.763,0.632,0.705,0.409,0.632,0.045,-0.074,-0.446,0.696,0.706,0.628,0.505,-0.133,0.833,0.72,0.362
PTC,0.194,-0.176,0.787,0.521,0.225,0.647,0.096,0.659,0.063,0.083,0.644,0.395,0.582,0.485,0.62,0.347,0.238,0.343,-0.782,0.44,0.603,0.532,-0.091,-0.197,0.297,-0.321,0.772,-0.391,-0.659,-0.252,0.412,-0.528,0.383,0.7,-0.323,0.14,0.427,0.552,0.76,0.25,0.277,-0.567,-0.529,0.552,-0.591,-0.615,0.413,0.799,-0.328,-0.153,-0.224,0.374,0.376,0.159,0.242,-0.28,0.563,0.57,0.099,0.127,0.523,-0.029,0.216,-0.263,-0.246,0.347,-0.35,0.293,0.153,-0.28,0.279,0.508,0.188,0.576,0.615,-0.113,-0.553,0.556,0.341,0.452,-0.548,0.156,-0.59,-0.407,0.521,-0.378,0.772,-0.098,0.054,-0.503,0.385,0.665,0.743,0.42,-0.437,0.295,-0.575,0.497,-0.104,-0.226,0.056,0.595,-0.021,0.256,0.585,-0.163,0.248,0.583,-0.513,0.383,0.423,0.457,0.21,-0.352,0.549,0.422,0.608,-0.506,0.801,0.477,0.23,0.43,0.78,0.662,0.611,0.101,0.71,0.347,-0.194,0.52,-0.023,0.04,0.366,0.0,0.36,-0.348,0.601,0.404,0.765,0.154,-0.453,0.096,-0.384,0.55,0.226,0.308,0.331,0.279,0.04,-0.714,0.674,0.774,0.577,-0.425,0.503,0.584,0.473,-0.225,0.428,0.465,-0.722,0.482,0.535,0.57,-0.084,0.505,0.217,0.138,0.552,0.873,-0.065,0.02,0.38,0.535,-0.161,0.632,0.218,0.502,-0.078,0.436,0.669,0.383,0.511,-0.321,0.393,0.321,0.536,0.112,0.607,-0.192,-0.723,-0.132,0.008,0.598,0.628,-0.415,-0.637,0.159,0.005,-0.435
PTEN,0.061,0.46,0.253,0.247,0.631,0.35,-0.428,0.019,0.064,0.212,0.739,0.521,0.391,0.651,-0.022,0.506,0.189,0.394,-0.16,0.219,0.578,0.191,-0.067,0.206,0.32,0.437,0.303,0.187,-0.024,0.548,0.586,-0.221,0.377,0.093,0.613,0.546,0.391,0.415,0.437,0.352,0.079,0.091,0.198,0.732,0.026,-0.088,0.821,0.484,-0.173,0.583,0.496,0.459,-0.252,0.506,0.599,0.027,0.559,0.602,0.67,0.489,-0.05,0.172,0.706,0.293,-0.262,0.63,-0.075,0.254,0.673,0.44,0.65,0.219,0.543,0.044,0.57,0.244,0.091,0.309,0.475,0.213,-0.24,0.457,0.148,0.482,0.325,-0.18,0.375,0.506,0.528,-0.185,0.685,0.372,0.257,0.229,-0.116,0.551,-0.003,0.439,0.118,0.508,0.442,0.406,0.544,0.173,0.732,-0.608,-0.171,0.272,0.091,-0.474,0.153,0.661,-0.384,0.289,0.47,0.164,0.06,-0.277,0.194,0.519,0.326,-0.02,0.159,0.028,-0.034,0.573,0.436,0.533,0.481,0.597,0.601,0.202,0.776,0.36,0.0,-0.021,0.591,0.457,-0.009,0.549,0.206,0.495,0.156,0.355,0.022,0.306,-0.093,0.455,0.333,0.022,0.344,0.499,0.546,0.263,0.374,0.359,0.692,-0.56,0.113,0.669,-0.079,0.317,0.163,0.339,0.425,0.654,0.546,-0.006,0.502,0.202,0.463,0.542,0.17,0.568,0.528,-0.08,0.374,0.028,0.542,0.396,0.268,0.561,0.426,-0.218,0.576,0.307,0.452,0.525,0.425,0.278,0.0,-0.101,0.451,0.566,0.759,0.277,-0.033,0.768,0.364,0.355
PVLA,-0.818,0.357,-0.556,-0.829,-0.508,-0.757,-0.612,-0.746,-0.545,-0.445,-0.446,0.233,-0.738,-0.56,-0.781,-0.615,-0.668,-0.796,0.518,-0.3,-0.647,-0.773,-0.775,-0.4,-0.728,0.337,-0.474,0.034,0.571,0.091,-0.49,0.39,-0.814,-0.704,0.289,0.142,-0.789,-0.659,-0.656,-0.589,-0.527,0.052,0.822,-0.589,0.606,0.562,-0.321,-0.545,0.847,-0.163,0.217,-0.703,-0.796,-0.634,-0.479,0.875,-0.659,-0.635,0.056,-0.378,-0.872,-0.534,-0.281,-0.161,0.53,-0.558,0.849,-0.541,-0.32,0.289,-0.544,-0.334,-0.526,-0.142,-0.653,-0.198,0.245,-0.835,-0.337,-0.759,-0.301,-0.13,0.724,0.093,-0.795,0.354,-0.384,-0.381,-0.434,0.659,-0.316,-0.651,-0.574,-0.875,0.722,-0.549,0.76,-0.474,0.554,0.142,-0.5,-0.831,-0.402,-0.682,-0.145,0.483,-0.889,-0.726,0.383,-0.116,-0.526,-0.622,-0.343,0.63,-0.484,-0.817,-0.725,0.706,-0.531,-0.679,-0.668,-0.865,-0.677,-0.789,-0.816,-0.042,-0.721,-0.759,-0.236,-0.644,0.065,-0.555,-0.32,-0.348,-0.021,0.0,-0.368,-0.524,-0.635,-0.626,0.742,-0.42,-0.426,-0.791,-0.524,-0.786,-0.671,-0.605,-0.521,0.555,-0.744,-0.341,-0.692,0.771,-0.738,0.237,-0.466,0.209,-0.881,-0.58,0.528,-0.777,-0.825,-0.759,-0.263,-0.442,-0.655,-0.675,-0.647,-0.506,-0.362,-0.072,-0.793,-0.648,-0.301,-0.782,-0.619,-0.85,-0.257,-0.734,-0.764,-0.577,-0.661,0.549,-0.615,-0.803,-0.792,-0.091,-0.72,0.664,0.517,0.837,-0.43,-0.687,-0.265,0.129,0.735,-0.173,-0.52,0.204
RDNT,0.56,-0.016,0.641,0.697,0.697,0.751,0.181,0.469,0.535,0.587,0.759,0.61,0.792,0.886,0.458,0.745,0.663,0.679,-0.295,0.655,0.812,0.725,0.174,-0.097,0.75,0.168,0.55,0.349,-0.482,0.371,0.733,-0.407,0.711,0.566,0.236,-0.025,0.763,0.776,0.803,0.598,0.47,0.201,-0.235,0.753,-0.073,-0.04,0.504,0.782,-0.441,0.3,0.3,0.721,0.377,0.552,0.832,-0.382,0.817,0.841,0.402,0.805,0.377,0.496,0.402,0.51,-0.068,0.841,-0.45,0.69,0.383,0.247,0.747,0.085,0.641,0.15,0.837,-0.199,0.054,0.617,0.273,0.613,-0.128,0.764,-0.293,0.032,0.688,-0.609,0.346,0.497,0.735,-0.48,0.883,0.363,0.741,0.594,-0.26,0.767,-0.515,0.312,0.08,0.442,0.654,0.728,0.659,0.724,0.522,-0.601,0.313,0.728,0.05,-0.274,0.55,0.822,0.221,0.131,0.29,0.648,0.594,-0.514,0.664,0.646,0.692,0.475,0.403,0.455,0.509,0.49,0.707,0.677,0.442,0.835,0.085,0.69,0.808,0.601,0.591,-0.368,0.0,0.823,0.384,0.48,-0.314,0.788,0.146,0.697,0.446,0.586,0.375,0.757,0.55,-0.343,0.682,0.53,0.795,-0.091,0.811,0.397,0.837,-0.086,0.565,0.846,-0.17,0.656,0.345,0.811,0.59,0.906,0.625,0.547,0.777,0.437,0.65,0.662,0.653,0.831,0.409,0.416,0.708,0.546,0.622,0.77,0.667,0.832,0.307,-0.37,0.779,0.721,0.661,0.145,0.755,-0.042,-0.361,-0.417,0.644,0.767,0.501,0.364,-0.283,0.654,0.615,0.225
RDUS,0.73,-0.05,0.55,0.76,0.721,0.789,0.332,0.518,0.64,0.688,0.666,0.432,0.834,0.838,0.582,0.784,0.758,0.774,-0.24,0.576,0.78,0.781,0.491,0.131,0.861,0.156,0.522,0.321,-0.508,0.352,0.758,-0.323,0.791,0.591,0.242,-0.137,0.869,0.794,0.728,0.705,0.536,0.331,-0.339,0.673,-0.116,-0.059,0.449,0.651,-0.582,0.327,0.313,0.813,0.514,0.633,0.822,-0.546,0.789,0.821,0.317,0.789,0.508,0.659,0.376,0.556,-0.166,0.846,-0.582,0.651,0.363,0.273,0.75,-0.004,0.757,-0.043,0.793,-0.163,0.132,0.702,0.211,0.65,0.208,0.697,-0.363,0.088,0.729,-0.568,0.226,0.591,0.814,-0.5,0.786,0.344,0.68,0.716,-0.268,0.826,-0.562,0.292,-0.049,0.335,0.728,0.76,0.724,0.863,0.35,-0.688,0.54,0.819,0.06,-0.276,0.561,0.831,0.245,0.025,0.253,0.723,0.64,-0.495,0.571,0.6,0.786,0.613,0.399,0.539,0.606,0.368,0.654,0.733,0.559,0.822,0.037,0.787,0.692,0.404,0.457,-0.524,0.823,0.0,0.403,0.558,-0.304,0.843,0.332,0.753,0.519,0.68,0.573,0.789,0.679,-0.37,0.715,0.382,0.793,-0.194,0.842,0.106,0.759,-0.074,0.693,0.812,-0.108,0.714,0.473,0.824,0.7,0.813,0.72,0.709,0.768,0.327,0.737,0.58,0.783,0.815,0.484,0.465,0.791,0.635,0.684,0.816,0.689,0.794,0.301,-0.306,0.807,0.828,0.685,0.04,0.758,-0.168,-0.348,-0.645,0.728,0.746,0.358,0.424,-0.336,0.605,0.721,0.241
RDWR,0.496,-0.325,0.736,0.676,0.159,0.714,0.444,0.829,0.156,0.216,0.436,0.071,0.656,0.362,0.841,0.392,0.385,0.486,-0.802,0.296,0.555,0.664,0.331,0.001,0.396,-0.581,0.753,-0.433,-0.745,-0.379,0.322,-0.328,0.534,0.846,-0.479,-0.179,0.531,0.512,0.702,0.396,0.474,-0.503,-0.813,0.42,-0.732,-0.669,0.232,0.72,-0.515,-0.235,-0.372,0.451,0.703,0.18,0.154,-0.579,0.527,0.509,-0.125,0.081,0.755,0.106,0.037,-0.309,-0.287,0.277,-0.623,0.309,0.045,-0.399,0.192,0.443,0.259,0.447,0.577,-0.091,-0.545,0.708,0.198,0.588,-0.224,0.029,-0.83,-0.579,0.619,-0.433,0.627,-0.062,0.079,-0.581,0.188,0.683,0.708,0.641,-0.526,0.274,-0.768,0.442,-0.303,-0.465,0.09,0.634,-0.037,0.403,0.219,-0.131,0.634,0.699,-0.554,0.528,0.335,0.425,0.348,-0.632,0.426,0.552,0.784,-0.524,0.745,0.477,0.398,0.644,0.815,0.842,0.819,-0.121,0.702,0.412,-0.271,0.491,-0.237,0.178,0.139,0.765,-0.009,-0.635,0.384,0.403,0.0,0.182,-0.687,0.073,-0.147,0.646,0.396,0.473,0.517,0.303,0.14,-0.831,0.765,0.496,0.56,-0.719,0.579,0.226,0.371,-0.068,0.653,0.375,-0.738,0.617,0.683,0.635,-0.032,0.312,0.313,0.405,0.57,0.812,-0.048,-0.078,0.575,0.51,-0.182,0.819,0.321,0.725,-0.083,0.53,0.722,0.309,0.538,-0.261,0.41,0.465,0.563,-0.011,0.641,-0.481,-0.815,-0.452,0.052,0.565,0.346,-0.458,-0.801,-0.083,0.15,-0.576
REGN,0.639,0.047,0.266,0.656,0.858,0.591,0.078,0.329,0.514,0.533,0.627,0.034,0.651,0.684,0.372,0.801,0.658,0.82,-0.256,0.234,0.687,0.546,0.565,0.54,0.732,0.292,0.231,0.296,-0.297,0.398,0.759,-0.363,0.75,0.322,0.428,0.285,0.737,0.605,0.535,0.723,0.237,0.24,-0.333,0.757,-0.233,-0.25,0.739,0.49,-0.643,0.545,0.28,0.78,0.281,0.839,0.729,-0.646,0.718,0.697,0.309,0.601,0.435,0.631,0.738,0.448,-0.653,0.76,-0.641,0.584,0.63,0.348,0.843,0.314,0.708,-0.081,0.678,0.382,0.111,0.697,0.447,0.609,0.189,0.367,-0.218,0.456,0.602,-0.216,0.275,0.674,0.691,-0.485,0.55,0.564,0.329,0.749,-0.464,0.759,-0.407,0.675,-0.443,0.44,0.735,0.712,0.723,0.536,0.382,-0.81,0.515,0.529,-0.084,-0.388,0.319,0.801,-0.074,-0.18,0.499,0.598,0.393,-0.653,0.319,0.737,0.764,0.506,0.301,0.302,0.351,0.349,0.607,0.852,0.677,0.74,0.513,0.562,0.686,0.154,0.549,-0.626,0.48,0.558,0.182,0.0,-0.156,0.631,0.675,0.704,0.377,0.81,0.34,0.719,0.716,-0.128,0.587,0.404,0.719,-0.312,0.677,-0.108,0.702,-0.556,0.632,0.741,-0.25,0.721,0.616,0.645,0.618,0.624,0.885,0.469,0.656,0.229,0.639,0.375,0.626,0.705,0.625,0.293,0.692,0.475,0.601,0.726,0.566,0.742,0.682,-0.541,0.748,0.757,0.752,0.314,0.637,-0.27,-0.156,-0.714,0.695,0.708,0.55,0.31,-0.404,0.725,0.663,0.234
RNAC,-0.585,0.498,-0.714,-0.657,-0.146,-0.606,-0.697,-0.825,-0.319,-0.291,-0.326,0.241,-0.613,-0.387,-0.706,-0.308,-0.369,-0.484,0.554,-0.299,-0.48,-0.697,-0.466,0.069,-0.441,0.65,-0.511,0.161,0.476,0.348,-0.145,0.333,-0.564,-0.75,0.67,0.367,-0.519,-0.538,-0.6,-0.373,-0.574,0.265,0.745,-0.353,0.557,0.545,0.075,-0.562,0.625,0.159,0.46,-0.407,-0.855,-0.242,-0.188,0.635,-0.478,-0.451,0.209,-0.161,-0.797,-0.225,0.191,0.021,0.085,-0.278,0.664,-0.373,0.027,0.616,-0.198,-0.186,-0.255,-0.469,-0.52,0.156,0.511,-0.574,-0.056,-0.645,-0.065,-0.079,0.805,0.525,-0.618,0.447,-0.365,0.014,-0.146,0.51,-0.22,-0.389,-0.701,-0.571,0.528,-0.298,0.787,-0.126,0.194,0.434,-0.154,-0.638,-0.001,-0.529,0.019,0.132,-0.709,-0.606,0.397,-0.418,-0.456,-0.294,-0.506,0.58,-0.254,-0.683,-0.738,0.568,-0.615,-0.466,-0.381,-0.745,-0.718,-0.814,-0.82,0.01,-0.579,-0.424,0.089,-0.45,0.515,-0.373,-0.05,-0.453,0.206,0.742,-0.314,-0.304,-0.687,-0.156,0.0,-0.156,-0.005,-0.556,-0.514,-0.492,-0.543,-0.403,-0.253,0.702,-0.644,-0.29,-0.507,0.776,-0.573,0.02,-0.298,-0.031,-0.69,-0.374,0.551,-0.584,-0.622,-0.618,0.087,-0.262,-0.21,-0.534,-0.506,-0.603,-0.08,-0.013,-0.569,-0.462,0.068,-0.847,-0.387,-0.815,-0.004,-0.496,-0.651,-0.279,-0.41,0.376,-0.385,-0.556,-0.525,0.072,-0.586,0.672,0.606,0.537,-0.107,-0.536,-0.029,0.375,0.657,0.254,-0.191,0.363
ROCK,0.726,0.099,0.267,0.645,0.801,0.61,0.229,0.214,0.708,0.726,0.537,0.385,0.676,0.843,0.286,0.786,0.769,0.752,0.099,0.541,0.665,0.626,0.472,0.213,0.846,0.354,0.25,0.66,-0.244,0.691,0.698,-0.165,0.774,0.311,0.486,-0.093,0.798,0.656,0.531,0.71,0.52,0.659,-0.094,0.661,0.209,0.255,0.459,0.453,-0.441,0.58,0.443,0.751,0.334,0.749,0.951,-0.463,0.701,0.733,0.473,0.935,0.271,0.78,0.391,0.829,-0.111,0.903,-0.452,0.694,0.526,0.448,0.84,-0.184,0.794,-0.303,0.677,-0.015,0.471,0.569,0.165,0.523,0.348,0.843,-0.051,0.395,0.672,-0.488,-0.023,0.84,0.947,-0.323,0.82,0.13,0.444,0.606,-0.179,0.856,-0.325,0.129,-0.021,0.651,0.897,0.635,0.932,0.822,0.262,-0.715,0.411,0.614,0.406,-0.637,0.424,0.825,0.117,0.285,0.072,0.654,0.399,-0.356,0.3,0.582,0.834,0.449,0.058,0.249,0.341,0.542,0.488,0.765,0.766,0.756,0.175,0.909,0.794,0.096,0.495,-0.42,0.788,0.843,0.073,0.631,-0.156,0.0,0.579,0.615,0.446,0.654,0.37,0.88,0.76,0.024,0.479,0.106,0.679,0.07,0.747,-0.078,0.767,-0.024,0.561,0.821,0.209,0.604,0.218,0.713,0.865,0.811,0.778,0.686,0.656,-0.03,0.942,0.805,0.693,0.736,0.768,0.183,0.853,0.481,0.914,0.777,0.475,0.834,0.179,-0.332,0.776,0.803,0.606,0.17,0.609,-0.069,0.024,-0.633,0.868,0.615,0.263,0.743,-0.019,0.745,0.904,0.564
ROST,0.539,0.231,-0.239,0.276,0.492,0.153,0.073,-0.094,0.495,0.326,0.028,-0.228,0.235,0.313,0.045,0.413,0.454,0.485,0.329,-0.04,0.172,0.18,0.585,0.699,0.494,0.296,-0.177,0.527,0.103,0.56,0.336,0.181,0.471,-0.11,0.423,0.05,0.413,0.136,-0.001,0.523,0.318,0.589,-0.053,0.333,0.229,0.214,0.297,-0.045,-0.286,0.63,0.415,0.397,0.203,0.56,0.522,-0.394,0.214,0.209,0.353,0.506,0.073,0.626,0.323,0.577,-0.309,0.439,-0.272,0.345,0.47,0.329,0.48,-0.106,0.514,-0.616,0.191,0.441,0.592,0.306,0.158,0.219,0.651,0.249,0.185,0.598,0.351,-0.012,-0.309,0.764,0.617,-0.145,0.2,0.031,-0.133,0.43,-0.157,0.472,0.008,0.209,-0.198,0.401,0.573,0.299,0.724,0.405,-0.097,-0.531,0.383,0.16,0.409,-0.576,0.044,0.442,-0.197,0.142,-0.07,0.316,-0.014,-0.119,-0.219,0.405,0.565,0.211,-0.245,-0.072,0.0,0.338,0.076,0.52,0.589,0.29,0.367,0.578,0.366,-0.384,0.156,-0.426,0.146,0.332,-0.147,0.675,-0.005,0.579,0.0,0.255,0.247,0.446,0.193,0.498,0.568,0.314,0.082,-0.269,0.216,-0.03,0.287,-0.546,0.277,-0.029,0.301,0.35,0.311,0.277,0.201,0.25,0.63,0.243,0.629,0.388,0.185,-0.365,0.686,0.429,0.341,0.266,0.749,-0.104,0.485,0.192,0.651,0.357,0.079,0.413,0.142,-0.193,0.369,0.528,0.308,0.199,0.135,-0.144,0.355,-0.532,0.539,0.175,0.059,0.576,0.11,0.458,0.638,0.563
RRR,0.821,-0.324,0.711,0.968,0.776,0.961,0.549,0.8,0.541,0.702,0.784,0.25,0.937,0.794,0.838,0.889,0.845,0.933,-0.613,0.594,0.935,0.93,0.633,0.173,0.871,-0.074,0.619,0.119,-0.691,0.038,0.787,-0.569,0.927,0.864,0.018,-0.07,0.945,0.887,0.903,0.768,0.42,-0.023,-0.699,0.754,-0.592,-0.485,0.571,0.816,-0.845,0.173,-0.067,0.936,0.655,0.724,0.734,-0.853,0.943,0.922,0.008,0.601,0.835,0.567,0.507,0.28,-0.501,0.817,-0.912,0.734,0.409,0.064,0.782,0.29,0.681,0.302,0.923,-0.064,-0.247,0.934,0.398,0.926,-0.018,0.505,-0.732,-0.135,0.839,-0.581,0.575,0.42,0.623,-0.7,0.68,0.732,0.79,0.936,-0.568,0.743,-0.861,0.611,-0.438,0.153,0.696,0.937,0.526,0.792,0.332,-0.627,0.774,0.911,-0.399,0.054,0.594,0.876,0.441,-0.496,0.589,0.891,0.887,-0.795,0.805,0.818,0.816,0.854,0.741,0.787,0.839,0.203,0.921,0.863,0.389,0.913,0.024,0.67,0.622,0.55,0.355,-0.791,0.697,0.753,0.646,0.704,-0.556,0.615,0.255,0.0,0.598,0.914,0.671,0.768,0.636,-0.652,0.944,0.61,0.954,-0.602,0.949,0.103,0.807,-0.36,0.945,0.836,-0.56,0.962,0.802,0.955,0.485,0.776,0.81,0.708,0.936,0.65,0.459,0.276,0.922,0.924,0.303,0.794,0.809,0.867,0.413,0.938,0.916,0.834,0.743,-0.553,0.886,0.898,0.933,0.048,0.967,-0.48,-0.687,-0.794,0.66,0.927,0.443,0.051,-0.771,0.504,0.634,-0.198
RSLS,0.614,-0.314,0.43,0.636,0.426,0.588,0.516,0.522,0.421,0.599,0.426,0.025,0.6,0.443,0.532,0.522,0.61,0.571,-0.333,0.585,0.504,0.65,0.411,-0.053,0.59,-0.112,0.287,0.258,-0.392,-0.001,0.437,-0.43,0.577,0.533,-0.149,-0.031,0.608,0.607,0.554,0.498,0.302,0.079,-0.493,0.395,-0.256,-0.235,0.119,0.43,-0.51,0.07,-0.165,0.598,0.604,0.494,0.483,-0.647,0.53,0.51,-0.092,0.411,0.605,0.48,0.133,0.375,-0.292,0.505,-0.666,0.557,0.111,-0.089,0.487,0.14,0.335,0.187,0.506,-0.115,-0.142,0.605,0.226,0.602,0.071,0.356,-0.452,-0.132,0.578,-0.38,0.268,0.233,0.394,-0.333,0.364,0.317,0.571,0.602,-0.349,0.49,-0.578,0.272,-0.236,0.079,0.485,0.621,0.313,0.613,0.079,-0.25,0.646,0.531,-0.156,-0.013,0.408,0.496,0.474,-0.272,0.199,0.647,0.573,-0.545,0.55,0.523,0.591,0.641,0.451,0.498,0.589,0.229,0.504,0.539,0.299,0.499,-0.197,0.565,0.314,0.226,0.022,-0.524,0.446,0.519,0.396,0.377,-0.514,0.446,0.247,0.598,0.0,0.611,0.576,0.561,0.492,-0.38,0.528,0.298,0.537,-0.417,0.617,-0.018,0.397,-0.057,0.637,0.513,-0.284,0.588,0.456,0.635,0.275,0.46,0.411,0.551,0.516,0.348,0.323,0.141,0.643,0.503,0.207,0.565,0.534,0.65,0.251,0.603,0.646,0.516,0.342,-0.44,0.47,0.648,0.575,-0.13,0.551,-0.387,-0.402,-0.5,0.34,0.515,0.104,0.12,-0.421,0.186,0.445,-0.121
RVMD,0.887,-0.298,0.546,0.914,0.838,0.831,0.514,0.662,0.595,0.758,0.691,0.05,0.864,0.754,0.692,0.906,0.871,0.96,-0.45,0.535,0.835,0.852,0.701,0.227,0.877,-0.014,0.401,0.261,-0.55,0.166,0.744,-0.519,0.915,0.691,0.127,-0.048,0.906,0.83,0.763,0.804,0.37,0.141,-0.637,0.714,-0.451,-0.344,0.523,0.66,-0.811,0.262,-0.047,0.907,0.618,0.84,0.755,-0.894,0.87,0.834,0.007,0.636,0.768,0.693,0.495,0.427,-0.55,0.82,-0.918,0.763,0.405,0.153,0.816,0.239,0.718,0.162,0.822,0.08,-0.126,0.892,0.307,0.845,0.128,0.516,-0.61,0.049,0.792,-0.479,0.389,0.526,0.656,-0.579,0.619,0.614,0.656,0.916,-0.543,0.798,-0.765,0.539,-0.556,0.283,0.79,0.866,0.601,0.767,0.266,-0.664,0.806,0.793,-0.256,-0.139,0.477,0.826,0.371,-0.431,0.484,0.852,0.769,-0.791,0.642,0.791,0.884,0.827,0.56,0.639,0.729,0.215,0.791,0.9,0.551,0.854,0.053,0.714,0.618,0.308,0.306,-0.786,0.586,0.68,0.473,0.81,-0.492,0.654,0.446,0.914,0.611,0.0,0.605,0.816,0.767,-0.461,0.816,0.442,0.873,-0.57,0.891,-0.092,0.758,-0.387,0.908,0.819,-0.441,0.939,0.74,0.892,0.568,0.702,0.852,0.756,0.847,0.441,0.564,0.299,0.898,0.835,0.417,0.67,0.862,0.793,0.504,0.933,0.831,0.816,0.709,-0.596,0.835,0.896,0.879,0.077,0.864,-0.512,-0.479,-0.874,0.717,0.849,0.339,0.2,-0.658,0.53,0.737,-0.062
RYAAY,0.664,-0.509,0.523,0.683,0.372,0.719,0.635,0.654,0.584,0.57,0.328,-0.033,0.653,0.379,0.786,0.449,0.645,0.586,-0.405,0.527,0.499,0.712,0.616,0.109,0.681,-0.178,0.509,-0.066,-0.499,-0.256,0.447,-0.49,0.577,0.648,-0.326,-0.268,0.683,0.675,0.547,0.504,0.281,0.029,-0.681,0.248,-0.415,-0.379,0.079,0.389,-0.592,-0.13,-0.228,0.616,0.787,0.452,0.397,-0.71,0.507,0.5,-0.343,0.242,0.782,0.555,0.088,0.169,-0.374,0.398,-0.697,0.402,-0.001,-0.241,0.374,0.007,0.41,0.137,0.487,-0.159,-0.14,0.631,0.198,0.632,0.278,0.184,-0.631,-0.19,0.599,-0.228,0.363,0.141,0.293,-0.457,0.223,0.347,0.631,0.684,-0.377,0.495,-0.658,0.314,-0.38,-0.153,0.41,0.66,0.25,0.669,-0.055,-0.302,0.774,0.723,-0.338,0.25,0.625,0.444,0.617,-0.468,0.366,0.757,0.693,-0.557,0.635,0.358,0.523,0.839,0.563,0.726,0.776,-0.112,0.499,0.456,0.219,0.452,-0.231,0.53,0.16,0.331,-0.093,-0.671,0.375,0.573,0.517,0.34,-0.543,0.37,0.193,0.671,0.576,0.605,0.0,0.43,0.516,-0.565,0.607,0.357,0.54,-0.632,0.62,-0.216,0.282,-0.002,0.763,0.38,-0.333,0.628,0.716,0.664,0.282,0.423,0.38,0.635,0.51,0.454,0.237,-0.079,0.698,0.487,0.05,0.722,0.521,0.752,0.104,0.564,0.704,0.456,0.33,-0.41,0.447,0.667,0.578,-0.362,0.605,-0.52,-0.554,-0.606,0.358,0.515,0.073,-0.008,-0.601,0.069,0.321,-0.178
SAFT,0.829,-0.054,0.474,0.816,0.847,0.746,0.352,0.47,0.67,0.73,0.67,0.22,0.801,0.89,0.458,0.864,0.809,0.862,-0.166,0.602,0.789,0.761,0.5,0.161,0.872,0.079,0.402,0.525,-0.376,0.531,0.702,-0.338,0.891,0.524,0.251,-0.046,0.864,0.776,0.689,0.833,0.576,0.407,-0.369,0.785,-0.083,-0.033,0.532,0.643,-0.598,0.497,0.135,0.818,0.501,0.831,0.909,-0.672,0.824,0.825,0.373,0.836,0.517,0.771,0.344,0.699,-0.276,0.921,-0.668,0.787,0.572,0.281,0.887,0.052,0.802,-0.065,0.799,0.084,0.165,0.779,0.23,0.691,0.187,0.781,-0.328,0.213,0.83,-0.547,0.198,0.743,0.847,-0.48,0.799,0.352,0.643,0.745,-0.375,0.895,-0.57,0.27,-0.215,0.487,0.868,0.782,0.804,0.809,0.3,-0.696,0.606,0.719,0.182,-0.454,0.411,0.854,0.176,0.009,0.215,0.788,0.596,-0.567,0.502,0.777,0.907,0.634,0.318,0.454,0.549,0.511,0.682,0.88,0.713,0.856,0.075,0.84,0.788,0.279,0.455,-0.605,0.757,0.789,0.303,0.719,-0.403,0.88,0.498,0.768,0.561,0.816,0.43,0.0,0.753,-0.216,0.672,0.266,0.812,-0.211,0.851,-0.042,0.86,-0.177,0.728,0.914,-0.129,0.783,0.457,0.845,0.74,0.819,0.835,0.734,0.786,0.209,0.825,0.68,0.81,0.832,0.686,0.429,0.929,0.684,0.802,0.899,0.651,0.845,0.468,-0.481,0.849,0.877,0.788,0.256,0.76,-0.3,-0.183,-0.767,0.773,0.771,0.347,0.488,-0.294,0.657,0.875,0.306
SAGE,0.739,-0.182,0.294,0.664,0.834,0.613,0.226,0.353,0.683,0.805,0.523,0.06,0.69,0.678,0.391,0.763,0.702,0.798,-0.114,0.368,0.622,0.65,0.637,0.335,0.806,0.249,0.246,0.377,-0.263,0.386,0.731,-0.325,0.731,0.339,0.328,-0.131,0.755,0.681,0.483,0.794,0.443,0.497,-0.222,0.519,0.013,-0.005,0.45,0.409,-0.528,0.306,0.238,0.772,0.482,0.732,0.742,-0.605,0.661,0.653,0.191,0.67,0.448,0.838,0.407,0.659,-0.34,0.735,-0.615,0.512,0.342,0.296,0.763,-0.122,0.805,-0.113,0.627,0.055,0.191,0.587,0.146,0.564,0.395,0.571,-0.24,0.333,0.602,-0.241,0.103,0.598,0.777,-0.334,0.581,0.158,0.475,0.695,-0.204,0.87,-0.437,0.246,-0.213,0.409,0.842,0.62,0.706,0.722,0.136,-0.755,0.579,0.613,0.154,-0.391,0.412,0.696,0.087,0.05,0.219,0.646,0.486,-0.546,0.366,0.465,0.835,0.606,0.188,0.372,0.449,0.193,0.41,0.724,0.735,0.689,0.16,0.768,0.57,0.04,0.333,-0.521,0.55,0.679,0.14,0.716,-0.253,0.76,0.568,0.636,0.492,0.767,0.516,0.753,0.0,-0.127,0.531,0.197,0.661,-0.268,0.706,-0.18,0.636,-0.313,0.646,0.698,0.014,0.73,0.457,0.668,0.783,0.61,0.73,0.742,0.626,0.111,0.768,0.527,0.678,0.636,0.537,0.317,0.804,0.528,0.704,0.721,0.548,0.637,0.314,-0.425,0.717,0.798,0.589,0.043,0.614,-0.16,-0.116,-0.78,0.799,0.632,0.248,0.501,-0.234,0.548,0.721,0.402
SAVA,-0.406,0.515,-0.819,-0.651,-0.157,-0.693,-0.551,-0.904,-0.157,-0.265,-0.502,-0.062,-0.664,-0.326,-0.847,-0.37,-0.353,-0.437,0.783,-0.305,-0.589,-0.687,-0.296,0.169,-0.375,0.481,-0.674,0.434,0.663,0.574,-0.311,0.474,-0.451,-0.89,0.541,0.233,-0.491,-0.592,-0.707,-0.321,-0.266,0.569,0.745,-0.314,0.792,0.72,-0.103,-0.719,0.605,0.375,0.429,-0.464,-0.672,-0.102,-0.076,0.559,-0.561,-0.527,0.349,0.004,-0.779,0.024,-0.025,0.314,0.178,-0.228,0.66,-0.305,0.16,0.385,-0.156,-0.351,-0.2,-0.674,-0.599,0.326,0.716,-0.607,-0.185,-0.695,0.284,-0.013,0.92,0.724,-0.465,0.462,-0.645,0.277,-0.013,0.61,-0.24,-0.6,-0.763,-0.554,0.379,-0.22,0.853,-0.413,0.21,0.507,-0.013,-0.593,0.189,-0.392,-0.119,0.158,-0.587,-0.701,0.729,-0.684,-0.413,-0.326,-0.517,0.694,-0.456,-0.557,-0.843,0.6,-0.842,-0.434,-0.274,-0.682,-0.874,-0.828,-0.834,0.153,-0.683,-0.295,0.234,-0.5,0.397,-0.138,-0.057,-0.714,0.022,0.555,-0.343,-0.37,-0.831,-0.128,0.702,0.024,0.314,-0.652,-0.38,-0.461,-0.565,-0.216,-0.127,0.0,-0.789,-0.66,-0.596,0.775,-0.584,-0.323,-0.363,0.142,-0.662,-0.33,0.78,-0.626,-0.743,-0.615,0.138,-0.315,-0.195,-0.382,-0.612,-0.874,0.174,0.203,-0.533,-0.535,0.384,-0.876,-0.268,-0.705,0.212,-0.479,-0.733,-0.283,-0.532,0.236,-0.439,-0.43,-0.511,0.184,-0.688,0.529,0.913,0.374,-0.041,-0.622,-0.211,0.548,0.881,0.178,0.032,0.654
SBGI,0.726,-0.36,0.843,0.928,0.665,0.944,0.516,0.9,0.441,0.605,0.802,0.243,0.94,0.766,0.859,0.802,0.708,0.848,-0.718,0.482,0.931,0.917,0.549,0.083,0.774,-0.207,0.721,-0.051,-0.735,-0.107,0.706,-0.547,0.857,0.926,-0.111,-0.113,0.873,0.861,0.927,0.692,0.45,-0.189,-0.713,0.723,-0.672,-0.578,0.517,0.91,-0.832,0.041,-0.101,0.857,0.681,0.564,0.596,-0.759,0.92,0.902,-0.017,0.501,0.831,0.399,0.411,0.113,-0.369,0.715,-0.862,0.635,0.304,-0.062,0.663,0.365,0.621,0.454,0.931,-0.155,-0.422,0.878,0.338,0.911,-0.111,0.408,-0.823,-0.304,0.773,-0.626,0.625,0.257,0.523,-0.736,0.662,0.739,0.866,0.869,-0.534,0.663,-0.907,0.581,-0.299,-0.025,0.52,0.897,0.369,0.724,0.353,-0.588,0.708,0.928,-0.501,0.221,0.579,0.793,0.407,-0.536,0.592,0.825,0.929,-0.796,0.861,0.754,0.708,0.811,0.837,0.856,0.875,0.135,0.922,0.768,0.228,0.895,-0.071,0.546,0.531,0.674,0.344,-0.744,0.682,0.715,0.765,0.587,-0.644,0.479,0.082,0.944,0.528,0.816,0.607,0.672,0.531,-0.789,0.0,0.684,0.937,-0.665,0.916,0.251,0.78,-0.357,0.895,0.778,-0.662,0.932,0.826,0.921,0.347,0.714,0.695,0.648,0.931,0.786,0.34,0.23,0.845,0.905,0.141,0.852,0.704,0.856,0.303,0.865,0.907,0.721,0.728,-0.485,0.853,0.813,0.858,0.041,0.967,-0.473,-0.791,-0.72,0.546,0.935,0.461,-0.129,-0.836,0.365,0.477,-0.298
SFM,0.144,-0.241,0.728,0.504,0.418,0.632,0.036,0.608,0.12,0.244,0.777,0.359,0.608,0.485,0.542,0.478,0.309,0.421,-0.745,0.402,0.684,0.538,0.009,-0.1,0.372,0.044,0.604,-0.302,-0.563,-0.309,0.605,-0.747,0.371,0.601,-0.103,0.351,0.469,0.656,0.746,0.252,-0.059,-0.483,-0.425,0.566,-0.604,-0.663,0.511,0.716,-0.507,-0.097,-0.073,0.537,0.241,0.299,0.302,-0.341,0.656,0.641,-0.045,0.132,0.52,0.008,0.576,-0.133,-0.42,0.422,-0.475,0.344,0.142,-0.072,0.447,0.568,0.251,0.644,0.666,-0.122,-0.556,0.527,0.458,0.567,-0.509,0.099,-0.542,-0.201,0.37,-0.285,0.783,-0.136,0.133,-0.508,0.441,0.699,0.673,0.475,-0.373,0.371,-0.556,0.732,-0.221,-0.035,0.156,0.617,0.031,0.259,0.613,-0.369,0.242,0.537,-0.688,0.32,0.518,0.506,0.217,-0.408,0.752,0.417,0.564,-0.714,0.775,0.513,0.245,0.45,0.768,0.533,0.511,0.074,0.704,0.403,0.08,0.581,0.2,0.051,0.401,0.774,0.499,-0.341,0.53,0.382,0.496,0.404,-0.29,0.106,-0.269,0.61,0.298,0.442,0.357,0.266,0.197,-0.66,0.684,0.0,0.666,-0.436,0.549,0.601,0.5,-0.551,0.477,0.498,-0.72,0.557,0.642,0.557,-0.044,0.582,0.309,0.115,0.619,0.854,-0.053,-0.088,0.387,0.594,-0.163,0.569,0.21,0.421,-0.095,0.456,0.701,0.452,0.643,-0.442,0.498,0.384,0.604,0.045,0.667,-0.163,-0.711,-0.166,0.139,0.709,0.649,-0.366,-0.696,0.325,-0.02,-0.397
SFNC,0.744,-0.207,0.753,0.924,0.834,0.934,0.411,0.752,0.51,0.69,0.895,0.358,0.951,0.898,0.723,0.91,0.776,0.919,-0.564,0.567,0.994,0.896,0.534,0.131,0.853,0.014,0.638,0.17,-0.601,0.157,0.813,-0.545,0.915,0.807,0.133,0.002,0.932,0.912,0.923,0.761,0.437,0.024,-0.545,0.842,-0.498,-0.422,0.648,0.876,-0.809,0.269,0.075,0.938,0.545,0.728,0.796,-0.723,0.995,0.987,0.176,0.681,0.719,0.519,0.566,0.356,-0.398,0.887,-0.821,0.726,0.475,0.139,0.84,0.275,0.753,0.335,0.989,-0.088,-0.234,0.868,0.419,0.894,-0.076,0.594,-0.636,-0.054,0.808,-0.622,0.562,0.465,0.708,-0.664,0.827,0.68,0.813,0.859,-0.496,0.804,-0.799,0.566,-0.266,0.246,0.709,0.919,0.584,0.772,0.45,-0.721,0.625,0.889,-0.315,-0.057,0.573,0.919,0.311,-0.338,0.586,0.833,0.83,-0.781,0.78,0.83,0.795,0.753,0.702,0.715,0.753,0.347,0.916,0.882,0.458,0.982,0.075,0.672,0.728,0.577,0.546,-0.692,0.795,0.793,0.56,0.719,-0.507,0.679,0.216,0.954,0.537,0.873,0.54,0.812,0.661,-0.596,0.937,0.666,0.0,-0.47,0.955,0.226,0.912,-0.431,0.863,0.922,-0.504,0.938,0.729,0.942,0.525,0.863,0.821,0.66,0.979,0.632,0.544,0.435,0.862,0.983,0.372,0.702,0.818,0.785,0.522,0.929,0.87,0.866,0.723,-0.523,0.954,0.88,0.911,0.168,0.983,-0.373,-0.614,-0.727,0.712,0.987,0.533,0.102,-0.678,0.595,0.646,-0.067
SHYF,-0.539,0.622,-0.629,-0.626,-0.186,-0.584,-0.612,-0.827,-0.254,-0.24,-0.288,0.379,-0.553,-0.189,-0.798,-0.312,-0.372,-0.51,0.705,-0.134,-0.425,-0.622,-0.557,-0.121,-0.405,0.572,-0.452,0.398,0.57,0.589,-0.225,0.459,-0.487,-0.723,0.609,0.249,-0.476,-0.477,-0.524,-0.367,-0.279,0.474,0.875,-0.246,0.801,0.736,-0.058,-0.489,0.688,0.336,0.521,-0.43,-0.783,-0.23,-0.03,0.726,-0.422,-0.365,0.468,0.07,-0.857,-0.209,-0.029,0.266,0.428,-0.137,0.758,-0.254,0.116,0.523,-0.128,-0.386,-0.164,-0.483,-0.437,0.006,0.64,-0.61,-0.184,-0.641,-0.032,0.216,0.877,0.477,-0.488,0.202,-0.483,0.18,0.037,0.571,0.024,-0.588,-0.562,-0.656,0.577,-0.228,0.795,-0.434,0.538,0.513,-0.067,-0.589,0.12,-0.366,0.036,0.159,-0.769,-0.579,0.718,-0.598,-0.422,-0.239,-0.472,0.86,-0.445,-0.595,-0.735,0.667,-0.621,-0.399,-0.34,-0.788,-0.771,-0.797,-0.803,0.298,-0.55,-0.379,0.164,-0.369,0.304,-0.163,0.087,-0.425,0.263,0.771,-0.091,-0.194,-0.719,-0.312,0.776,0.07,-0.03,-0.602,-0.417,-0.57,-0.632,-0.211,-0.268,0.775,-0.665,-0.436,-0.47,0.0,-0.49,0.096,-0.17,0.209,-0.724,-0.219,0.766,-0.638,-0.839,-0.546,0.122,-0.113,-0.265,-0.441,-0.439,-0.693,0.13,0.347,-0.55,-0.375,0.256,-0.86,-0.283,-0.73,0.244,-0.44,-0.676,-0.201,-0.595,0.408,-0.318,-0.504,-0.525,0.17,-0.554,0.678,0.732,0.574,-0.047,-0.496,-0.106,0.539,0.88,0.223,-0.035,0.572
SIBN,0.853,-0.301,0.734,0.96,0.795,0.939,0.538,0.764,0.646,0.776,0.776,0.307,0.972,0.885,0.756,0.921,0.877,0.931,-0.479,0.607,0.942,0.957,0.611,0.086,0.929,0.003,0.587,0.261,-0.667,0.148,0.806,-0.514,0.934,0.815,0.077,-0.164,0.965,0.911,0.903,0.774,0.497,0.151,-0.595,0.757,-0.402,-0.31,0.481,0.826,-0.816,0.213,0.071,0.936,0.678,0.719,0.811,-0.79,0.957,0.946,0.092,0.751,0.752,0.627,0.443,0.458,-0.305,0.885,-0.854,0.802,0.346,0.137,0.823,0.187,0.743,0.237,0.946,-0.181,-0.129,0.878,0.269,0.908,0.067,0.642,-0.656,-0.111,0.82,-0.682,0.415,0.476,0.755,-0.674,0.797,0.568,0.826,0.901,-0.465,0.821,-0.833,0.475,-0.269,0.254,0.757,0.917,0.622,0.897,0.312,-0.695,0.731,0.916,-0.231,-0.071,0.618,0.89,0.438,-0.309,0.443,0.891,0.87,-0.771,0.781,0.779,0.87,0.813,0.636,0.728,0.804,0.276,0.87,0.854,0.493,0.945,-0.037,0.801,0.675,0.503,0.374,-0.738,0.811,0.842,0.579,0.677,-0.573,0.747,0.287,0.949,0.617,0.891,0.62,0.851,0.706,-0.584,0.916,0.549,0.955,-0.49,0.0,0.158,0.855,-0.228,0.917,0.882,-0.397,0.942,0.683,0.98,0.583,0.85,0.799,0.8,0.943,0.564,0.618,0.455,0.926,0.947,0.359,0.731,0.858,0.846,0.553,0.962,0.882,0.863,0.578,-0.525,0.921,0.937,0.872,0.027,0.958,-0.407,-0.592,-0.796,0.745,0.926,0.364,0.206,-0.637,0.528,0.72,-0.024
SIFY,-0.286,-0.056,0.44,0.036,0.058,0.18,-0.265,0.196,-0.195,-0.051,0.436,0.585,0.157,0.218,0.047,0.107,-0.075,-0.078,-0.4,0.212,0.292,0.128,-0.503,-0.442,-0.073,0.115,0.309,-0.159,-0.345,-0.17,0.27,-0.356,-0.068,0.224,0.01,0.208,-0.006,0.211,0.405,-0.13,-0.126,-0.363,0.058,0.222,-0.143,-0.173,0.182,0.458,0.02,-0.234,0.096,0.057,-0.162,-0.198,0.024,0.214,0.259,0.267,0.092,0.044,-0.05,-0.305,0.224,-0.168,0.142,0.113,0.075,0.106,-0.085,0.06,0.069,0.35,-0.078,0.539,0.298,-0.357,-0.376,0.021,0.036,0.117,-0.68,0.158,-0.122,-0.314,-0.075,-0.294,0.372,-0.329,-0.049,-0.133,0.327,0.214,0.371,-0.065,0.024,-0.009,-0.132,0.273,0.298,0.046,-0.157,0.109,-0.179,-0.029,0.497,-0.006,-0.296,0.109,-0.31,0.233,0.198,0.139,-0.017,0.081,0.238,-0.079,0.168,-0.227,0.416,0.078,-0.118,-0.131,0.319,0.09,0.063,0.023,0.29,-0.06,-0.189,0.219,0.107,-0.199,0.233,0.584,0.359,0.237,0.397,0.106,0.226,-0.108,0.02,-0.078,-0.546,0.103,-0.018,-0.092,-0.216,-0.042,-0.18,-0.323,0.251,0.601,0.226,0.096,0.158,0.0,0.252,-0.214,-0.063,0.175,-0.317,0.081,-0.044,0.137,-0.19,0.332,-0.113,-0.175,0.251,0.52,-0.201,0.064,-0.032,0.222,-0.32,0.125,-0.14,-0.069,-0.161,0.055,0.212,0.099,0.087,-0.042,0.133,-0.08,0.085,-0.023,0.23,0.317,-0.395,0.301,-0.114,0.249,0.383,-0.239,-0.149,0.127,-0.24,-0.257
SIGI,0.651,0.043,0.603,0.787,0.858,0.777,0.199,0.526,0.465,0.629,0.863,0.476,0.837,0.921,0.472,0.886,0.689,0.832,-0.334,0.501,0.918,0.731,0.355,0.105,0.771,0.137,0.53,0.369,-0.401,0.455,0.757,-0.338,0.843,0.611,0.371,0.046,0.822,0.776,0.789,0.771,0.452,0.19,-0.269,0.861,-0.229,-0.157,0.717,0.827,-0.59,0.453,0.251,0.831,0.32,0.703,0.855,-0.521,0.924,0.927,0.427,0.785,0.433,0.504,0.528,0.488,-0.236,0.913,-0.609,0.705,0.596,0.368,0.86,0.159,0.792,0.176,0.926,-0.033,-0.018,0.731,0.353,0.734,-0.104,0.754,-0.367,0.097,0.727,-0.634,0.394,0.617,0.802,-0.535,0.918,0.505,0.675,0.686,-0.31,0.823,-0.594,0.418,-0.055,0.453,0.742,0.764,0.704,0.674,0.468,-0.76,0.398,0.754,-0.006,-0.31,0.365,0.91,0.089,-0.024,0.371,0.67,0.637,-0.581,0.603,0.805,0.793,0.5,0.435,0.466,0.513,0.544,0.786,0.843,0.556,0.955,0.162,0.673,0.85,0.473,0.692,-0.466,0.837,0.759,0.371,0.702,-0.298,0.767,0.277,0.807,0.397,0.758,0.282,0.86,0.636,-0.363,0.78,0.5,0.912,-0.17,0.855,0.252,0.0,-0.37,0.655,0.945,-0.276,0.805,0.482,0.832,0.667,0.868,0.832,0.568,0.907,0.405,0.684,0.692,0.725,0.939,0.534,0.424,0.831,0.585,0.72,0.864,0.657,0.868,0.581,-0.379,0.943,0.782,0.776,0.339,0.856,-0.183,-0.359,-0.61,0.763,0.892,0.55,0.326,-0.4,0.731,0.717,0.179
SIMO,-0.018,-0.048,-0.218,-0.228,-0.509,-0.285,0.279,-0.205,0.154,-0.156,-0.593,-0.036,-0.266,-0.292,-0.121,-0.369,-0.048,-0.354,0.495,-0.01,-0.433,-0.154,-0.099,-0.279,-0.147,-0.166,-0.197,0.198,0.109,-0.023,-0.451,0.469,-0.261,-0.159,-0.256,-0.56,-0.255,-0.345,-0.343,-0.284,0.13,0.254,0.102,-0.485,0.42,0.519,-0.689,-0.334,0.337,-0.162,-0.027,-0.399,0.136,-0.429,-0.216,0.196,-0.421,-0.406,-0.145,0.001,-0.24,-0.073,-0.69,0.112,0.647,-0.303,0.336,-0.05,-0.462,-0.091,-0.444,-0.47,-0.298,-0.347,-0.392,-0.352,0.378,-0.323,-0.432,-0.26,0.298,0.021,0.162,-0.291,-0.173,-0.095,-0.558,-0.111,-0.11,0.197,-0.233,-0.559,-0.176,-0.305,0.338,-0.316,0.156,-0.615,0.35,-0.131,-0.237,-0.36,-0.113,0.04,-0.549,0.408,-0.067,-0.189,0.409,0.03,-0.138,-0.387,0.273,0.281,-0.697,-0.146,-0.146,0.509,-0.209,-0.366,-0.186,-0.166,-0.412,-0.189,-0.102,-0.05,-0.371,-0.442,-0.262,-0.39,-0.518,0.127,-0.356,-0.225,-0.56,0.209,-0.086,-0.074,-0.068,-0.556,-0.031,-0.024,-0.029,-0.36,-0.057,-0.387,-0.002,-0.177,-0.313,0.142,-0.357,-0.551,-0.431,0.209,-0.228,-0.214,-0.37,0.0,-0.217,-0.391,0.483,-0.391,-0.434,-0.211,-0.037,-0.25,-0.387,0.074,-0.372,-0.406,-0.006,0.048,-0.159,-0.346,-0.165,-0.174,-0.171,-0.101,-0.063,-0.258,-0.341,-0.26,-0.678,0.383,-0.362,-0.204,-0.455,-0.339,-0.375,-0.005,0.239,0.246,-0.202,-0.488,-0.629,0.207,0.387,-0.392,-0.053,0.138
SITM,0.89,-0.488,0.683,0.966,0.669,0.917,0.715,0.835,0.64,0.715,0.614,0.045,0.9,0.699,0.874,0.81,0.857,0.904,-0.558,0.546,0.831,0.95,0.763,0.169,0.876,-0.182,0.562,0.109,-0.705,-0.084,0.672,-0.548,0.904,0.856,-0.157,-0.241,0.92,0.847,0.816,0.72,0.446,0.027,-0.797,0.607,-0.582,-0.467,0.347,0.7,-0.89,0.06,-0.184,0.88,0.813,0.679,0.639,-0.924,0.847,0.82,-0.169,0.537,0.916,0.612,0.335,0.288,-0.444,0.717,-0.956,0.711,0.245,-0.084,0.682,0.217,0.62,0.262,0.821,-0.113,-0.243,0.9,0.251,0.922,0.165,0.403,-0.805,-0.204,0.814,-0.546,0.442,0.349,0.563,-0.681,0.545,0.621,0.763,0.945,-0.586,0.68,-0.902,0.495,-0.491,0.036,0.649,0.9,0.455,0.835,0.127,-0.546,0.9,0.883,-0.406,0.13,0.643,0.75,0.57,-0.586,0.495,0.932,0.905,-0.797,0.763,0.721,0.798,0.944,0.72,0.837,0.906,0.051,0.837,0.798,0.358,0.808,-0.142,0.712,0.45,0.428,0.113,-0.881,0.565,0.693,0.653,0.632,-0.69,0.561,0.301,0.945,0.637,0.908,0.763,0.728,0.646,-0.662,0.895,0.477,0.863,-0.724,0.917,-0.063,0.655,-0.217,0.0,0.715,-0.518,0.941,0.82,0.924,0.42,0.651,0.721,0.802,0.846,0.59,0.431,0.168,0.941,0.824,0.233,0.86,0.775,0.935,0.337,0.892,0.895,0.718,0.65,-0.573,0.791,0.905,0.871,-0.1,0.904,-0.606,-0.671,-0.871,0.618,0.836,0.229,0.014,-0.782,0.314,0.61,-0.225
SLM,0.718,0.014,0.592,0.823,0.888,0.814,0.238,0.528,0.511,0.667,0.872,0.37,0.856,0.959,0.491,0.898,0.736,0.878,-0.36,0.604,0.915,0.773,0.405,0.144,0.821,0.107,0.495,0.38,-0.432,0.477,0.791,-0.436,0.898,0.601,0.3,0.129,0.882,0.848,0.83,0.782,0.512,0.203,-0.35,0.922,-0.236,-0.201,0.711,0.784,-0.648,0.508,0.187,0.868,0.392,0.824,0.912,-0.605,0.93,0.941,0.45,0.813,0.528,0.616,0.545,0.546,-0.358,0.967,-0.665,0.741,0.652,0.257,0.916,0.202,0.804,0.13,0.92,0.088,-0.017,0.807,0.395,0.722,-0.029,0.751,-0.372,0.19,0.832,-0.577,0.425,0.689,0.807,-0.56,0.896,0.544,0.71,0.751,-0.443,0.883,-0.59,0.44,-0.186,0.464,0.821,0.857,0.75,0.743,0.555,-0.726,0.498,0.764,-0.001,-0.38,0.471,0.946,0.117,-0.053,0.442,0.765,0.628,-0.652,0.594,0.844,0.83,0.6,0.485,0.52,0.561,0.545,0.816,0.924,0.617,0.955,0.188,0.718,0.885,0.465,0.669,-0.58,0.846,0.812,0.375,0.741,-0.374,0.821,0.35,0.836,0.513,0.819,0.38,0.914,0.698,-0.33,0.778,0.498,0.922,-0.219,0.882,0.175,0.945,-0.391,0.715,0.0,-0.299,0.82,0.527,0.876,0.646,0.903,0.855,0.613,0.891,0.407,0.721,0.65,0.775,0.929,0.63,0.48,0.875,0.658,0.731,0.917,0.744,0.909,0.617,-0.516,0.918,0.844,0.865,0.339,0.858,-0.228,-0.324,-0.676,0.751,0.902,0.58,0.34,-0.41,0.732,0.785,0.194
SNBR,-0.232,0.378,-0.686,-0.51,-0.165,-0.54,-0.288,-0.739,0.106,-0.023,-0.524,0.057,-0.471,-0.221,-0.662,-0.288,-0.185,-0.372,0.895,-0.23,-0.493,-0.471,-0.116,0.077,-0.181,0.507,-0.541,0.529,0.598,0.528,-0.247,0.589,-0.358,-0.704,0.483,-0.181,-0.341,-0.454,-0.631,-0.216,-0.083,0.773,0.751,-0.429,0.925,0.864,-0.33,-0.632,0.531,0.274,0.546,-0.35,-0.407,-0.185,-0.001,0.495,-0.47,-0.426,0.253,0.169,-0.702,0.112,-0.233,0.486,0.519,-0.154,0.595,-0.229,-0.079,0.431,-0.148,-0.702,-0.026,-0.707,-0.484,-0.077,0.833,-0.589,-0.374,-0.52,0.512,0.194,0.772,0.477,-0.418,0.216,-0.796,0.269,0.195,0.524,-0.072,-0.826,-0.575,-0.485,0.611,-0.113,0.674,-0.621,0.531,0.423,0.067,-0.556,0.249,-0.091,-0.397,0.043,-0.452,-0.474,0.844,-0.585,-0.298,-0.284,-0.289,0.813,-0.656,-0.407,-0.624,0.642,-0.69,-0.49,-0.155,-0.547,-0.879,-0.691,-0.649,0.126,-0.679,-0.356,0.301,-0.396,0.087,0.163,-0.089,-0.722,-0.079,0.528,-0.17,-0.108,-0.738,-0.25,0.551,0.209,0.311,-0.56,-0.284,-0.441,-0.333,-0.129,0.014,0.78,-0.662,-0.72,-0.504,0.766,-0.397,-0.317,-0.276,0.483,-0.518,-0.299,0.0,-0.53,-0.734,-0.469,0.325,-0.2,-0.208,-0.09,-0.466,-0.881,0.338,0.384,-0.383,-0.405,0.304,-0.76,-0.126,-0.536,0.358,-0.38,-0.664,-0.241,-0.777,0.398,-0.288,-0.278,-0.562,-0.077,-0.557,0.499,0.802,0.269,0.128,-0.549,-0.473,0.702,0.889,0.066,0.12,0.767
SNDX,0.844,-0.384,0.714,0.957,0.804,0.929,0.534,0.809,0.562,0.755,0.76,0.166,0.935,0.786,0.795,0.899,0.826,0.95,-0.589,0.521,0.915,0.925,0.675,0.17,0.872,-0.089,0.574,0.128,-0.661,0.035,0.776,-0.548,0.921,0.83,0.028,-0.156,0.923,0.869,0.861,0.814,0.448,0.026,-0.676,0.706,-0.55,-0.442,0.53,0.806,-0.844,0.119,-0.059,0.923,0.69,0.714,0.708,-0.856,0.929,0.898,-0.025,0.601,0.816,0.621,0.458,0.319,-0.456,0.795,-0.923,0.71,0.339,0.076,0.772,0.242,0.719,0.323,0.909,-0.08,-0.262,0.9,0.302,0.921,0.037,0.507,-0.738,-0.128,0.804,-0.575,0.502,0.393,0.636,-0.647,0.665,0.648,0.792,0.926,-0.528,0.782,-0.872,0.542,-0.417,0.149,0.71,0.893,0.515,0.787,0.254,-0.661,0.781,0.895,-0.361,0.046,0.556,0.834,0.397,-0.474,0.533,0.868,0.892,-0.82,0.781,0.764,0.845,0.853,0.694,0.765,0.824,0.15,0.857,0.851,0.424,0.906,-0.012,0.685,0.582,0.482,0.317,-0.777,0.656,0.714,0.617,0.721,-0.584,0.604,0.277,0.962,0.588,0.939,0.628,0.783,0.73,-0.626,0.932,0.557,0.938,-0.638,0.942,0.081,0.805,-0.391,0.941,0.82,-0.53,0.0,0.791,0.94,0.522,0.732,0.806,0.749,0.921,0.613,0.495,0.313,0.918,0.898,0.279,0.779,0.836,0.856,0.441,0.929,0.886,0.777,0.714,-0.566,0.886,0.904,0.885,0.02,0.952,-0.487,-0.651,-0.85,0.689,0.919,0.375,0.069,-0.749,0.467,0.643,-0.145
SNY,0.624,-0.374,0.677,0.767,0.504,0.78,0.467,0.831,0.391,0.409,0.588,-0.12,0.753,0.48,0.837,0.575,0.538,0.717,-0.715,0.278,0.696,0.722,0.61,0.324,0.623,-0.302,0.607,-0.276,-0.578,-0.307,0.534,-0.529,0.687,0.765,-0.292,0.016,0.704,0.694,0.7,0.6,0.297,-0.329,-0.796,0.55,-0.772,-0.766,0.442,0.655,-0.781,0.001,-0.244,0.694,0.689,0.517,0.355,-0.783,0.684,0.646,-0.171,0.167,0.862,0.349,0.383,-0.076,-0.609,0.453,-0.817,0.402,0.242,-0.259,0.482,0.447,0.482,0.395,0.688,0.132,-0.477,0.793,0.445,0.782,0.021,0.018,-0.798,-0.205,0.673,-0.268,0.645,0.138,0.262,-0.669,0.287,0.763,0.663,0.807,-0.584,0.509,-0.798,0.681,-0.512,-0.264,0.333,0.787,0.196,0.493,0.217,-0.49,0.761,0.756,-0.633,0.352,0.502,0.573,0.329,-0.718,0.673,0.722,0.768,-0.758,0.7,0.649,0.538,0.819,0.814,0.795,0.797,-0.007,0.745,0.637,0.136,0.643,-0.002,0.327,0.278,0.535,0.163,-0.825,0.345,0.473,0.683,0.616,-0.622,0.218,0.201,0.802,0.456,0.74,0.716,0.457,0.457,-0.743,0.826,0.642,0.729,-0.839,0.683,-0.044,0.482,-0.434,0.82,0.527,-0.734,0.791,0.0,0.714,0.147,0.432,0.576,0.484,0.685,0.729,0.132,-0.104,0.688,0.66,0.058,0.813,0.505,0.778,0.067,0.643,0.804,0.501,0.787,-0.487,0.615,0.684,0.762,0.027,0.762,-0.615,-0.712,-0.673,0.311,0.752,0.42,-0.335,-0.889,0.176,0.255,-0.374
SPNS,0.865,-0.329,0.771,0.971,0.769,0.953,0.561,0.795,0.633,0.741,0.772,0.278,0.965,0.869,0.796,0.883,0.866,0.923,-0.533,0.665,0.926,0.958,0.569,0.043,0.915,-0.1,0.624,0.227,-0.691,0.119,0.758,-0.553,0.935,0.847,-0.014,-0.159,0.959,0.918,0.921,0.774,0.518,0.068,-0.668,0.765,-0.454,-0.345,0.472,0.849,-0.79,0.172,-0.031,0.908,0.72,0.716,0.797,-0.807,0.94,0.929,0.064,0.715,0.795,0.633,0.38,0.402,-0.345,0.86,-0.862,0.797,0.35,0.044,0.788,0.218,0.694,0.269,0.932,-0.141,-0.177,0.907,0.291,0.891,0.016,0.626,-0.691,-0.143,0.868,-0.658,0.471,0.459,0.685,-0.687,0.757,0.606,0.861,0.901,-0.544,0.81,-0.854,0.47,-0.329,0.214,0.726,0.935,0.586,0.87,0.336,-0.621,0.755,0.928,-0.257,-0.037,0.639,0.872,0.477,-0.361,0.45,0.917,0.889,-0.777,0.821,0.799,0.857,0.849,0.681,0.775,0.844,0.273,0.891,0.854,0.425,0.925,-0.08,0.765,0.665,0.57,0.339,-0.759,0.811,0.824,0.635,0.645,-0.618,0.713,0.25,0.955,0.635,0.892,0.664,0.845,0.668,-0.615,0.921,0.557,0.942,-0.546,0.98,0.137,0.832,-0.211,0.924,0.876,-0.469,0.94,0.714,0.0,0.542,0.83,0.773,0.78,0.92,0.605,0.569,0.403,0.932,0.925,0.339,0.781,0.858,0.881,0.499,0.963,0.913,0.865,0.609,-0.567,0.88,0.928,0.893,0.026,0.952,-0.448,-0.621,-0.784,0.685,0.915,0.385,0.158,-0.673,0.501,0.695,-0.078
SRRK,0.649,0.111,0.078,0.502,0.783,0.45,0.079,0.069,0.655,0.669,0.383,0.307,0.521,0.652,0.175,0.694,0.664,0.673,0.225,0.288,0.506,0.446,0.485,0.343,0.745,0.435,0.103,0.607,-0.122,0.688,0.62,0.015,0.633,0.148,0.634,-0.19,0.653,0.471,0.303,0.737,0.411,0.698,0.048,0.458,0.28,0.371,0.469,0.311,-0.303,0.486,0.524,0.646,0.216,0.608,0.797,-0.372,0.54,0.554,0.407,0.827,0.1,0.78,0.372,0.761,-0.096,0.729,-0.346,0.488,0.437,0.628,0.712,-0.313,0.747,-0.448,0.519,0.029,0.554,0.424,0.1,0.369,0.432,0.735,0.068,0.458,0.486,-0.316,-0.171,0.78,0.88,-0.245,0.654,0.007,0.242,0.51,-0.011,0.787,-0.196,0.073,-0.005,0.652,0.818,0.405,0.886,0.665,0.076,-0.741,0.311,0.498,0.476,-0.641,0.205,0.683,-0.045,0.355,-0.074,0.451,0.281,-0.184,0.141,0.391,0.777,0.302,-0.15,0.073,0.172,0.37,0.271,0.617,0.728,0.618,0.255,0.797,0.641,-0.084,0.425,-0.263,0.59,0.7,-0.032,0.618,0.087,0.865,0.63,0.485,0.275,0.568,0.282,0.74,0.783,0.138,0.347,-0.044,0.525,0.122,0.583,-0.19,0.667,-0.037,0.42,0.646,0.325,0.522,0.147,0.542,0.0,0.61,0.765,0.642,0.51,-0.197,0.897,0.756,0.575,0.579,0.688,-0.007,0.789,0.294,0.876,0.643,0.267,0.679,0.076,-0.187,0.684,0.677,0.405,0.132,0.453,0.059,0.142,-0.614,0.87,0.451,0.154,0.787,0.071,0.742,0.827,0.631
STRA,0.595,-0.072,0.596,0.74,0.813,0.803,0.212,0.454,0.574,0.654,0.819,0.567,0.797,0.922,0.461,0.844,0.752,0.759,-0.288,0.706,0.873,0.747,0.3,0.039,0.807,0.276,0.509,0.408,-0.473,0.391,0.834,-0.506,0.781,0.553,0.321,0.118,0.83,0.838,0.814,0.635,0.372,0.255,-0.285,0.804,-0.142,-0.099,0.604,0.735,-0.581,0.405,0.263,0.824,0.331,0.714,0.904,-0.48,0.886,0.905,0.339,0.801,0.441,0.575,0.54,0.575,-0.243,0.93,-0.55,0.757,0.507,0.321,0.859,0.17,0.714,0.113,0.868,-0.11,0.077,0.696,0.365,0.697,-0.061,0.778,-0.301,0.165,0.716,-0.579,0.381,0.566,0.763,-0.5,0.899,0.434,0.722,0.658,-0.319,0.808,-0.514,0.429,-0.091,0.52,0.766,0.789,0.705,0.755,0.507,-0.657,0.38,0.739,-0.023,-0.333,0.602,0.889,0.22,0.035,0.432,0.715,0.586,-0.624,0.636,0.716,0.715,0.544,0.431,0.456,0.507,0.495,0.759,0.775,0.589,0.877,0.191,0.721,0.853,0.505,0.654,-0.442,0.906,0.813,0.312,0.624,-0.262,0.811,0.243,0.776,0.46,0.702,0.423,0.819,0.61,-0.315,0.714,0.582,0.863,-0.113,0.85,0.332,0.868,-0.25,0.651,0.903,-0.2,0.732,0.432,0.83,0.61,0.0,0.735,0.568,0.846,0.41,0.659,0.598,0.731,0.885,0.518,0.421,0.774,0.572,0.641,0.833,0.708,0.882,0.46,-0.476,0.848,0.771,0.794,0.158,0.815,-0.1,-0.341,-0.511,0.707,0.825,0.524,0.399,-0.332,0.74,0.697,0.211
SUPN,0.785,0.08,0.349,0.779,0.896,0.725,0.234,0.414,0.557,0.62,0.669,0.201,0.756,0.803,0.477,0.895,0.781,0.919,-0.226,0.345,0.798,0.665,0.651,0.494,0.837,0.203,0.323,0.363,-0.377,0.502,0.777,-0.228,0.894,0.476,0.461,0.078,0.862,0.667,0.633,0.826,0.434,0.319,-0.378,0.803,-0.255,-0.16,0.74,0.603,-0.689,0.576,0.304,0.869,0.365,0.833,0.848,-0.682,0.819,0.811,0.391,0.755,0.479,0.693,0.646,0.521,-0.507,0.877,-0.694,0.67,0.684,0.417,0.871,0.184,0.813,-0.16,0.791,0.259,0.178,0.801,0.462,0.692,0.224,0.577,-0.3,0.342,0.752,-0.425,0.249,0.788,0.824,-0.527,0.702,0.576,0.44,0.82,-0.43,0.816,-0.505,0.52,-0.377,0.464,0.837,0.758,0.832,0.688,0.336,-0.807,0.575,0.699,0.017,-0.419,0.326,0.914,0.017,-0.145,0.407,0.688,0.538,-0.571,0.384,0.794,0.866,0.571,0.32,0.407,0.461,0.438,0.696,0.92,0.623,0.859,0.367,0.718,0.764,0.217,0.546,-0.655,0.625,0.72,0.313,0.885,-0.21,0.778,0.629,0.81,0.411,0.852,0.38,0.835,0.73,-0.195,0.695,0.309,0.821,-0.265,0.799,-0.113,0.832,-0.387,0.721,0.855,-0.208,0.806,0.576,0.773,0.765,0.735,0.0,0.624,0.781,0.219,0.751,0.551,0.782,0.84,0.698,0.362,0.861,0.584,0.743,0.866,0.614,0.859,0.642,-0.47,0.883,0.847,0.813,0.356,0.757,-0.269,-0.21,-0.792,0.825,0.775,0.479,0.41,-0.407,0.78,0.851,0.243
SYRE,0.884,-0.434,0.497,0.795,0.621,0.709,0.647,0.592,0.77,0.741,0.382,0.042,0.744,0.652,0.621,0.705,0.81,0.781,-0.164,0.453,0.629,0.801,0.721,0.106,0.859,-0.089,0.372,0.366,-0.491,0.153,0.537,-0.265,0.785,0.602,-0.013,-0.498,0.808,0.716,0.574,0.688,0.528,0.41,-0.515,0.417,-0.17,-0.04,0.117,0.497,-0.659,0.096,-0.008,0.717,0.737,0.582,0.643,-0.73,0.663,0.645,-0.088,0.666,0.645,0.755,0.081,0.546,-0.103,0.668,-0.733,0.67,0.139,0.124,0.595,-0.1,0.644,-0.04,0.637,-0.217,0.085,0.663,-0.025,0.707,0.43,0.559,-0.535,-0.106,0.667,-0.476,0.008,0.45,0.675,-0.515,0.549,0.175,0.618,0.751,-0.314,0.711,-0.684,0.079,-0.236,0.21,0.707,0.656,0.567,0.87,-0.066,-0.557,0.748,0.763,0.026,-0.144,0.512,0.605,0.471,-0.191,0.077,0.793,0.722,-0.527,0.51,0.466,0.795,0.781,0.341,0.606,0.717,0.062,0.526,0.647,0.466,0.669,-0.293,0.841,0.398,0.138,-0.006,-0.675,0.547,0.709,0.405,0.469,-0.534,0.686,0.388,0.708,0.551,0.756,0.635,0.734,0.742,-0.382,0.648,0.115,0.66,-0.441,0.8,-0.175,0.568,0.074,0.802,0.613,-0.09,0.749,0.484,0.78,0.642,0.568,0.624,0.0,0.663,0.217,0.646,0.409,0.841,0.666,0.345,0.591,0.809,0.751,0.538,0.781,0.624,0.629,0.234,-0.347,0.686,0.823,0.601,-0.087,0.69,-0.344,-0.336,-0.839,0.717,0.611,-0.061,0.352,-0.401,0.282,0.716,0.121
TCBK,0.728,-0.205,0.731,0.911,0.792,0.921,0.444,0.749,0.49,0.697,0.86,0.401,0.934,0.863,0.724,0.901,0.766,0.885,-0.55,0.573,0.978,0.894,0.521,0.09,0.821,-0.003,0.649,0.188,-0.596,0.139,0.787,-0.477,0.894,0.823,0.13,-0.062,0.898,0.883,0.906,0.747,0.444,0.036,-0.521,0.787,-0.479,-0.386,0.596,0.864,-0.776,0.232,0.066,0.913,0.534,0.668,0.766,-0.71,0.979,0.966,0.143,0.67,0.697,0.479,0.507,0.341,-0.326,0.862,-0.806,0.719,0.437,0.165,0.799,0.221,0.759,0.345,0.974,-0.165,-0.223,0.841,0.356,0.9,-0.1,0.629,-0.648,-0.134,0.776,-0.663,0.541,0.431,0.695,-0.65,0.823,0.634,0.811,0.833,-0.419,0.759,-0.812,0.531,-0.199,0.224,0.686,0.873,0.54,0.762,0.375,-0.675,0.613,0.88,-0.299,-0.013,0.521,0.887,0.332,-0.323,0.529,0.809,0.845,-0.731,0.776,0.801,0.778,0.719,0.678,0.698,0.745,0.33,0.9,0.832,0.429,0.961,0.009,0.672,0.693,0.552,0.502,-0.647,0.777,0.768,0.57,0.656,-0.506,0.656,0.185,0.936,0.516,0.847,0.51,0.786,0.626,-0.612,0.931,0.619,0.979,-0.439,0.943,0.251,0.907,-0.372,0.846,0.891,-0.466,0.921,0.685,0.92,0.51,0.846,0.781,0.663,0.0,0.615,0.511,0.45,0.852,0.973,0.324,0.693,0.803,0.781,0.516,0.91,0.834,0.824,0.677,-0.441,0.945,0.844,0.874,0.127,0.972,-0.361,-0.635,-0.704,0.694,0.959,0.465,0.101,-0.655,0.547,0.632,-0.096
TEAM,0.263,-0.404,0.842,0.602,0.24,0.705,0.284,0.83,0.063,0.2,0.648,0.195,0.647,0.397,0.755,0.391,0.283,0.423,-0.931,0.355,0.646,0.639,0.126,-0.142,0.334,-0.373,0.748,-0.493,-0.716,-0.516,0.442,-0.658,0.427,0.817,-0.439,0.084,0.474,0.618,0.794,0.269,0.176,-0.655,-0.686,0.479,-0.806,-0.821,0.339,0.784,-0.547,-0.302,-0.352,0.477,0.508,0.178,0.142,-0.46,0.609,0.589,-0.198,0.0,0.727,-0.045,0.283,-0.364,-0.368,0.286,-0.59,0.291,0.028,-0.383,0.269,0.583,0.175,0.746,0.644,-0.171,-0.75,0.615,0.32,0.623,-0.492,-0.02,-0.811,-0.53,0.478,-0.359,0.837,-0.253,-0.011,-0.582,0.285,0.758,0.769,0.552,-0.508,0.256,-0.744,0.63,-0.271,-0.371,0.031,0.662,-0.151,0.296,0.455,-0.181,0.441,0.641,-0.793,0.6,0.509,0.419,0.366,-0.648,0.695,0.506,0.747,-0.704,0.861,0.484,0.246,0.593,0.941,0.797,0.747,-0.118,0.759,0.371,-0.204,0.531,-0.09,0.017,0.208,0.873,0.202,-0.506,0.437,0.327,0.812,0.229,-0.603,-0.03,-0.365,0.65,0.348,0.441,0.454,0.209,0.111,-0.874,0.786,0.854,0.632,-0.693,0.564,0.52,0.405,-0.406,0.59,0.407,-0.881,0.613,0.729,0.605,-0.197,0.41,0.219,0.217,0.615,0.0,-0.2,-0.201,0.462,0.552,-0.321,0.818,0.199,0.621,-0.236,0.463,0.781,0.329,0.651,-0.395,0.426,0.389,0.603,-0.037,0.696,-0.367,-0.906,-0.274,0.008,0.678,0.521,-0.595,-0.865,0.015,-0.071,-0.64
TECH,0.669,0.195,0.135,0.51,0.748,0.438,0.1,0.087,0.689,0.612,0.411,0.223,0.554,0.753,0.122,0.689,0.645,0.677,0.253,0.301,0.525,0.47,0.486,0.329,0.757,0.366,0.122,0.664,-0.086,0.763,0.584,0.009,0.681,0.129,0.543,-0.105,0.68,0.498,0.344,0.674,0.513,0.748,0.027,0.59,0.332,0.344,0.423,0.327,-0.358,0.626,0.546,0.626,0.263,0.683,0.853,-0.366,0.562,0.588,0.551,0.899,0.123,0.781,0.343,0.859,-0.044,0.799,-0.332,0.575,0.52,0.488,0.759,-0.224,0.781,-0.438,0.55,0.09,0.564,0.438,0.098,0.382,0.503,0.744,0.088,0.516,0.554,-0.382,-0.214,0.862,0.943,-0.245,0.719,-0.005,0.277,0.509,-0.09,0.818,-0.187,0.033,0.046,0.647,0.834,0.488,0.941,0.713,0.176,-0.759,0.325,0.472,0.539,-0.731,0.275,0.712,-0.075,0.388,-0.061,0.503,0.239,-0.251,0.1,0.482,0.787,0.32,-0.116,0.108,0.191,0.522,0.307,0.698,0.791,0.652,0.228,0.849,0.715,-0.065,0.463,-0.362,0.65,0.737,-0.048,0.639,-0.08,0.942,0.686,0.459,0.323,0.564,0.237,0.825,0.768,0.174,0.34,-0.053,0.544,0.13,0.618,-0.201,0.684,-0.006,0.431,0.721,0.338,0.495,0.132,0.569,0.897,0.659,0.751,0.646,0.511,-0.2,0.0,0.843,0.565,0.609,0.81,0.017,0.786,0.338,0.95,0.656,0.293,0.703,0.084,-0.258,0.692,0.726,0.459,0.259,0.453,-0.004,0.216,-0.623,0.847,0.489,0.2,0.777,0.116,0.709,0.876,0.716
THRM,0.399,0.37,0.132,0.32,0.575,0.295,-0.083,-0.006,0.407,0.427,0.401,0.437,0.406,0.68,-0.06,0.516,0.368,0.447,0.265,0.215,0.448,0.302,0.158,0.148,0.493,0.281,0.142,0.627,0.067,0.793,0.418,0.201,0.501,0.069,0.549,-0.109,0.451,0.325,0.281,0.549,0.555,0.608,0.269,0.534,0.421,0.416,0.407,0.361,-0.103,0.612,0.574,0.412,0.04,0.412,0.72,-0.059,0.464,0.5,0.717,0.799,-0.121,0.492,0.209,0.723,0.221,0.672,-0.07,0.41,0.508,0.49,0.588,-0.286,0.671,-0.298,0.493,0.0,0.477,0.239,0.024,0.232,0.212,0.778,0.198,0.353,0.423,-0.462,-0.187,0.73,0.824,-0.114,0.747,-0.115,0.238,0.235,0.098,0.641,-0.063,-0.137,0.393,0.584,0.628,0.297,0.772,0.499,0.221,-0.596,0.015,0.333,0.625,-0.665,0.072,0.586,-0.243,0.576,-0.193,0.267,0.13,-0.031,0.041,0.392,0.577,0.03,-0.186,-0.028,0.016,0.64,0.227,0.505,0.566,0.57,0.164,0.655,0.68,0.02,0.542,-0.072,0.662,0.58,-0.078,0.375,-0.013,0.805,0.429,0.276,0.141,0.299,-0.079,0.68,0.527,0.203,0.23,-0.088,0.435,0.347,0.455,0.064,0.692,0.048,0.168,0.65,0.384,0.313,-0.104,0.403,0.756,0.598,0.551,0.409,0.45,-0.201,0.843,0.0,0.336,0.528,0.701,-0.131,0.626,0.149,0.905,0.479,0.108,0.559,-0.042,-0.008,0.602,0.487,0.269,0.394,0.342,0.178,0.249,-0.314,0.664,0.395,0.214,0.685,0.282,0.618,0.708,0.692
TLRY,0.919,-0.388,0.634,0.949,0.737,0.9,0.655,0.742,0.671,0.752,0.625,0.198,0.881,0.765,0.795,0.851,0.901,0.919,-0.43,0.616,0.834,0.919,0.725,0.153,0.923,-0.086,0.515,0.266,-0.674,0.102,0.694,-0.447,0.92,0.793,-0.001,-0.268,0.942,0.851,0.798,0.758,0.499,0.191,-0.691,0.63,-0.452,-0.275,0.368,0.692,-0.822,0.129,-0.042,0.899,0.734,0.699,0.752,-0.861,0.856,0.835,-0.045,0.68,0.804,0.694,0.334,0.441,-0.366,0.8,-0.894,0.77,0.305,0.077,0.73,0.123,0.675,0.14,0.829,-0.147,-0.089,0.876,0.228,0.872,0.194,0.585,-0.675,-0.11,0.819,-0.606,0.322,0.474,0.677,-0.605,0.639,0.539,0.738,0.905,-0.536,0.746,-0.826,0.398,-0.419,0.199,0.745,0.857,0.597,0.888,0.151,-0.581,0.829,0.895,-0.226,-0.043,0.595,0.802,0.504,-0.413,0.366,0.895,0.859,-0.703,0.703,0.709,0.856,0.871,0.594,0.736,0.826,0.167,0.791,0.827,0.416,0.836,-0.115,0.792,0.546,0.38,0.17,-0.793,0.653,0.783,0.575,0.626,-0.569,0.693,0.341,0.922,0.643,0.898,0.698,0.81,0.678,-0.533,0.845,0.387,0.862,-0.55,0.926,-0.032,0.725,-0.159,0.941,0.775,-0.383,0.918,0.688,0.932,0.575,0.731,0.782,0.841,0.852,0.462,0.565,0.336,0.0,0.849,0.358,0.75,0.856,0.861,0.487,0.929,0.836,0.802,0.55,-0.51,0.824,0.923,0.841,-0.059,0.885,-0.492,-0.562,-0.864,0.72,0.808,0.217,0.206,-0.64,0.448,0.743,-0.087
TRMK,0.742,-0.13,0.709,0.899,0.831,0.904,0.402,0.694,0.545,0.676,0.861,0.415,0.931,0.921,0.673,0.908,0.782,0.902,-0.462,0.549,0.984,0.867,0.52,0.144,0.861,0.058,0.613,0.266,-0.549,0.25,0.793,-0.442,0.917,0.768,0.201,-0.025,0.924,0.877,0.891,0.759,0.459,0.114,-0.478,0.846,-0.414,-0.321,0.636,0.863,-0.773,0.349,0.165,0.922,0.5,0.712,0.837,-0.672,0.985,0.982,0.248,0.748,0.64,0.511,0.544,0.416,-0.305,0.91,-0.763,0.756,0.517,0.215,0.848,0.216,0.771,0.244,0.982,-0.11,-0.121,0.832,0.409,0.879,-0.04,0.656,-0.563,-0.025,0.796,-0.659,0.472,0.538,0.77,-0.647,0.876,0.623,0.77,0.822,-0.432,0.795,-0.752,0.515,-0.171,0.311,0.723,0.885,0.649,0.785,0.413,-0.742,0.571,0.876,-0.212,-0.131,0.544,0.933,0.283,-0.246,0.506,0.812,0.788,-0.706,0.725,0.837,0.8,0.692,0.616,0.651,0.696,0.43,0.891,0.872,0.477,0.986,0.076,0.718,0.771,0.535,0.568,-0.648,0.831,0.815,0.51,0.705,-0.462,0.736,0.266,0.924,0.503,0.835,0.487,0.832,0.636,-0.535,0.905,0.594,0.983,-0.375,0.947,0.222,0.939,-0.346,0.824,0.929,-0.405,0.898,0.66,0.925,0.579,0.885,0.84,0.666,0.973,0.552,0.609,0.528,0.849,0.0,0.442,0.632,0.836,0.748,0.602,0.92,0.807,0.893,0.659,-0.454,0.975,0.875,0.879,0.203,0.959,-0.33,-0.543,-0.699,0.758,0.962,0.5,0.191,-0.592,0.636,0.694,0.019
TROW,0.465,0.418,-0.115,0.309,0.641,0.255,-0.069,-0.145,0.42,0.35,0.31,0.094,0.286,0.605,-0.084,0.503,0.429,0.509,0.292,0.214,0.357,0.193,0.332,0.505,0.508,0.316,-0.017,0.633,0.123,0.871,0.416,0.095,0.56,-0.082,0.566,0.265,0.489,0.292,0.181,0.527,0.43,0.622,0.091,0.614,0.301,0.272,0.551,0.145,-0.224,0.85,0.426,0.446,-0.004,0.724,0.75,-0.228,0.388,0.427,0.693,0.687,-0.005,0.616,0.372,0.677,-0.26,0.681,-0.168,0.421,0.806,0.397,0.682,-0.055,0.619,-0.548,0.356,0.479,0.578,0.367,0.301,0.178,0.41,0.567,0.29,0.719,0.517,-0.134,-0.132,0.954,0.728,-0.131,0.53,0.089,0.027,0.335,-0.222,0.617,0.082,0.086,-0.072,0.641,0.727,0.394,0.856,0.424,0.272,-0.556,0.165,0.229,0.575,-0.83,0.117,0.627,-0.308,0.368,0.05,0.372,-0.048,-0.118,-0.163,0.508,0.567,0.14,-0.184,-0.05,-0.037,0.645,0.241,0.669,0.684,0.47,0.423,0.596,0.721,-0.161,0.528,-0.301,0.409,0.484,-0.182,0.625,0.068,0.768,0.749,0.303,0.207,0.417,0.05,0.686,0.537,0.384,0.141,-0.163,0.372,0.256,0.359,-0.32,0.534,-0.165,0.233,0.63,0.304,0.279,0.058,0.339,0.688,0.518,0.698,0.345,0.324,-0.321,0.81,0.701,0.358,0.442,0.0,-0.151,0.637,0.178,0.858,0.479,0.13,0.609,0.223,-0.276,0.509,0.505,0.453,0.519,0.254,0.043,0.422,-0.454,0.634,0.33,0.333,0.692,0.233,0.692,0.789,0.671
TSLA,0.648,-0.619,0.827,0.821,0.327,0.819,0.741,0.952,0.339,0.45,0.53,-0.022,0.766,0.47,0.916,0.509,0.566,0.639,-0.781,0.482,0.682,0.842,0.509,-0.095,0.585,-0.509,0.658,-0.241,-0.739,-0.456,0.401,-0.588,0.665,0.935,-0.546,-0.273,0.685,0.731,0.799,0.461,0.385,-0.373,-0.888,0.433,-0.787,-0.686,0.128,0.716,-0.762,-0.276,-0.467,0.625,0.834,0.363,0.291,-0.774,0.673,0.641,-0.366,0.186,0.955,0.269,0.079,-0.104,-0.334,0.405,-0.843,0.494,-0.002,-0.444,0.345,0.34,0.3,0.592,0.68,-0.233,-0.617,0.763,0.185,0.814,-0.112,0.134,-0.957,-0.563,0.674,-0.493,0.611,-0.057,0.162,-0.646,0.309,0.646,0.822,0.748,-0.617,0.387,-0.934,0.426,-0.422,-0.346,0.26,0.783,0.023,0.603,0.127,-0.211,0.793,0.801,-0.662,0.523,0.609,0.474,0.66,-0.769,0.514,0.8,0.922,-0.747,0.852,0.553,0.483,0.893,0.911,0.939,0.956,-0.127,0.785,0.53,-0.065,0.603,-0.388,0.37,0.178,0.632,-0.08,-0.782,0.416,0.465,0.819,0.293,-0.847,0.183,-0.104,0.794,0.565,0.67,0.722,0.429,0.317,-0.876,0.852,0.569,0.702,-0.86,0.731,0.125,0.424,-0.174,0.86,0.48,-0.76,0.779,0.813,0.781,-0.007,0.421,0.362,0.591,0.693,0.818,0.017,-0.131,0.75,0.632,-0.151,0.0,0.478,0.899,-0.068,0.663,0.867,0.459,0.615,-0.478,0.534,0.648,0.713,-0.193,0.793,-0.645,-0.873,-0.618,0.227,0.712,0.19,-0.399,-0.901,-0.065,0.218,-0.573
TWST,0.886,-0.113,0.455,0.838,0.862,0.784,0.453,0.506,0.671,0.813,0.622,0.194,0.813,0.844,0.519,0.878,0.848,0.907,-0.175,0.576,0.79,0.778,0.616,0.203,0.898,0.038,0.386,0.486,-0.378,0.476,0.697,-0.282,0.916,0.576,0.272,-0.177,0.887,0.774,0.681,0.878,0.579,0.418,-0.411,0.697,-0.142,-0.034,0.51,0.623,-0.625,0.444,0.118,0.838,0.537,0.823,0.882,-0.72,0.825,0.818,0.248,0.805,0.562,0.805,0.308,0.641,-0.296,0.89,-0.725,0.747,0.521,0.316,0.842,-0.033,0.827,-0.076,0.79,0.053,0.157,0.796,0.247,0.73,0.243,0.773,-0.398,0.147,0.837,-0.531,0.206,0.727,0.816,-0.495,0.755,0.354,0.634,0.774,-0.352,0.892,-0.613,0.22,-0.277,0.446,0.899,0.764,0.77,0.829,0.181,-0.679,0.651,0.788,0.143,-0.385,0.413,0.84,0.249,-0.068,0.242,0.822,0.66,-0.558,0.506,0.718,0.911,0.694,0.32,0.504,0.591,0.437,0.671,0.857,0.657,0.851,-0.008,0.861,0.732,0.218,0.374,-0.619,0.708,0.791,0.321,0.692,-0.387,0.853,0.485,0.809,0.534,0.862,0.521,0.929,0.804,-0.268,0.704,0.21,0.818,-0.283,0.858,-0.14,0.831,-0.171,0.775,0.875,-0.126,0.836,0.505,0.858,0.789,0.774,0.861,0.809,0.803,0.199,0.786,0.626,0.856,0.836,0.637,0.478,0.0,0.719,0.776,0.919,0.676,0.849,0.476,-0.444,0.864,0.88,0.78,0.19,0.785,-0.342,-0.231,-0.822,0.82,0.77,0.251,0.493,-0.347,0.618,0.898,0.265
TXN,0.829,-0.465,0.725,0.92,0.519,0.887,0.756,0.864,0.552,0.626,0.546,-0.009,0.858,0.639,0.871,0.677,0.734,0.797,-0.589,0.573,0.758,0.912,0.657,0.077,0.775,-0.37,0.641,0.007,-0.666,-0.128,0.527,-0.487,0.842,0.884,-0.343,-0.296,0.838,0.796,0.804,0.681,0.569,-0.07,-0.818,0.559,-0.582,-0.508,0.246,0.707,-0.782,0.02,-0.318,0.758,0.875,0.589,0.549,-0.865,0.765,0.746,-0.153,0.437,0.928,0.522,0.117,0.192,-0.364,0.622,-0.883,0.607,0.221,-0.26,0.57,0.179,0.552,0.322,0.76,-0.118,-0.31,0.861,0.226,0.862,0.095,0.373,-0.834,-0.33,0.85,-0.512,0.5,0.286,0.442,-0.656,0.477,0.574,0.821,0.861,-0.603,0.617,-0.903,0.365,-0.391,-0.134,0.543,0.86,0.332,0.772,0.084,-0.381,0.874,0.864,-0.364,0.22,0.588,0.652,0.587,-0.57,0.44,0.945,0.901,-0.723,0.77,0.671,0.697,0.932,0.76,0.877,0.929,0.087,0.813,0.705,0.234,0.724,-0.297,0.649,0.376,0.502,0.028,-0.85,0.546,0.635,0.725,0.475,-0.815,0.481,0.192,0.867,0.65,0.793,0.752,0.684,0.528,-0.705,0.856,0.421,0.785,-0.73,0.846,-0.069,0.585,-0.101,0.935,0.658,-0.536,0.856,0.778,0.881,0.294,0.572,0.584,0.751,0.781,0.621,0.338,0.149,0.861,0.748,0.178,0.899,0.719,0.0,0.271,0.812,0.866,0.614,0.606,-0.535,0.688,0.816,0.817,-0.067,0.844,-0.654,-0.674,-0.785,0.464,0.772,0.197,-0.09,-0.752,0.155,0.52,-0.262
UFPI,0.586,0.348,0.061,0.448,0.734,0.395,0.014,0.019,0.555,0.577,0.42,0.298,0.498,0.73,0.045,0.669,0.554,0.621,0.262,0.273,0.513,0.389,0.383,0.34,0.659,0.363,0.114,0.665,0.011,0.855,0.556,0.117,0.647,0.093,0.629,-0.035,0.609,0.429,0.315,0.69,0.548,0.712,0.125,0.598,0.356,0.362,0.501,0.323,-0.259,0.723,0.546,0.58,0.13,0.662,0.835,-0.282,0.543,0.574,0.667,0.85,0.028,0.681,0.332,0.792,-0.036,0.787,-0.257,0.511,0.624,0.557,0.749,-0.251,0.803,-0.442,0.534,0.147,0.565,0.407,0.13,0.328,0.383,0.783,0.153,0.511,0.538,-0.372,-0.158,0.901,0.916,-0.179,0.735,-0.002,0.233,0.425,-0.012,0.779,-0.117,0.005,0.125,0.649,0.816,0.426,0.907,0.614,0.192,-0.714,0.227,0.424,0.609,-0.758,0.122,0.709,-0.195,0.465,-0.067,0.432,0.179,-0.149,0.037,0.491,0.736,0.203,-0.16,0.03,0.096,0.624,0.297,0.67,0.764,0.64,0.259,0.777,0.749,-0.078,0.542,-0.257,0.622,0.684,-0.083,0.601,-0.004,0.914,0.651,0.413,0.251,0.504,0.104,0.802,0.704,0.212,0.303,-0.095,0.522,0.244,0.553,-0.161,0.72,-0.063,0.337,0.731,0.358,0.441,0.067,0.499,0.876,0.641,0.743,0.538,0.516,-0.236,0.95,0.905,0.487,0.602,0.858,-0.068,0.776,0.271,0.0,0.615,0.223,0.676,0.11,-0.152,0.69,0.633,0.431,0.377,0.423,0.038,0.262,-0.542,0.808,0.471,0.242,0.779,0.184,0.718,0.868,0.711
UNIT,0.892,-0.229,0.627,0.952,0.848,0.898,0.503,0.674,0.62,0.775,0.76,0.256,0.919,0.883,0.692,0.94,0.897,0.959,-0.433,0.636,0.907,0.906,0.6,0.133,0.916,-0.009,0.492,0.33,-0.622,0.284,0.784,-0.477,0.961,0.749,0.157,-0.093,0.958,0.878,0.858,0.81,0.51,0.181,-0.585,0.797,-0.373,-0.247,0.555,0.775,-0.777,0.314,0.026,0.926,0.608,0.811,0.851,-0.815,0.933,0.921,0.163,0.777,0.72,0.688,0.448,0.492,-0.396,0.916,-0.852,0.813,0.464,0.19,0.858,0.196,0.751,0.14,0.905,-0.023,-0.071,0.915,0.296,0.844,0.071,0.688,-0.582,0.0,0.867,-0.639,0.393,0.595,0.756,-0.645,0.78,0.591,0.754,0.895,-0.513,0.845,-0.77,0.45,-0.392,0.345,0.833,0.9,0.682,0.862,0.352,-0.669,0.739,0.869,-0.143,-0.207,0.527,0.907,0.366,-0.284,0.413,0.881,0.803,-0.731,0.696,0.818,0.912,0.787,0.562,0.663,0.744,0.327,0.86,0.915,0.537,0.935,0.031,0.794,0.734,0.436,0.396,-0.734,0.77,0.816,0.53,0.726,-0.496,0.777,0.357,0.938,0.603,0.933,0.564,0.899,0.721,-0.479,0.865,0.456,0.929,-0.44,0.962,0.055,0.864,-0.258,0.892,0.917,-0.38,0.929,0.643,0.963,0.643,0.833,0.866,0.781,0.91,0.463,0.656,0.479,0.929,0.92,0.479,0.663,0.919,0.812,0.615,0.0,0.851,0.903,0.627,-0.563,0.904,0.922,0.896,0.123,0.916,-0.413,-0.486,-0.834,0.766,0.89,0.393,0.288,-0.585,0.6,0.815,0.01
UPWK,0.724,-0.393,0.785,0.902,0.625,0.929,0.527,0.842,0.448,0.659,0.744,0.179,0.905,0.715,0.839,0.772,0.743,0.814,-0.735,0.655,0.853,0.907,0.491,0.011,0.767,-0.194,0.652,-0.033,-0.774,-0.138,0.726,-0.712,0.814,0.87,-0.192,0.005,0.853,0.879,0.941,0.621,0.389,-0.191,-0.77,0.687,-0.619,-0.592,0.44,0.799,-0.765,0.011,-0.21,0.821,0.708,0.646,0.604,-0.804,0.857,0.841,-0.091,0.453,0.887,0.471,0.394,0.155,-0.507,0.702,-0.864,0.662,0.238,-0.152,0.67,0.402,0.533,0.443,0.844,-0.085,-0.411,0.905,0.335,0.849,-0.134,0.387,-0.789,-0.253,0.798,-0.509,0.68,0.226,0.43,-0.663,0.557,0.722,0.866,0.871,-0.604,0.67,-0.851,0.598,-0.468,-0.007,0.566,0.927,0.333,0.727,0.413,-0.455,0.767,0.857,-0.508,0.182,0.643,0.757,0.51,-0.545,0.644,0.86,0.876,-0.862,0.873,0.726,0.701,0.865,0.84,0.844,0.877,0.108,0.893,0.748,0.271,0.801,-0.065,0.541,0.519,0.669,0.268,-0.764,0.667,0.689,0.722,0.566,-0.651,0.475,0.079,0.916,0.646,0.831,0.704,0.651,0.548,-0.733,0.907,0.701,0.87,-0.676,0.882,0.212,0.657,-0.341,0.895,0.744,-0.664,0.886,0.804,0.913,0.267,0.708,0.614,0.624,0.834,0.781,0.293,0.108,0.836,0.807,0.13,0.867,0.676,0.866,0.223,0.851,0.0,0.713,0.7,-0.612,0.723,0.795,0.88,-0.047,0.9,-0.502,-0.76,-0.675,0.448,0.869,0.456,-0.107,-0.806,0.334,0.477,-0.325
USLM,0.752,-0.043,0.509,0.808,0.859,0.776,0.335,0.459,0.581,0.667,0.768,0.41,0.801,0.889,0.511,0.873,0.833,0.865,-0.255,0.624,0.853,0.744,0.436,0.141,0.864,0.214,0.373,0.473,-0.434,0.452,0.762,-0.418,0.863,0.567,0.35,0.073,0.886,0.809,0.773,0.718,0.372,0.278,-0.37,0.826,-0.221,-0.088,0.61,0.703,-0.654,0.474,0.232,0.869,0.379,0.81,0.923,-0.63,0.88,0.882,0.315,0.838,0.498,0.622,0.57,0.562,-0.346,0.93,-0.669,0.827,0.569,0.33,0.872,0.162,0.678,0.024,0.847,0.023,0.106,0.769,0.427,0.728,0.022,0.727,-0.325,0.2,0.758,-0.571,0.311,0.7,0.791,-0.552,0.837,0.54,0.604,0.745,-0.452,0.8,-0.561,0.458,-0.28,0.547,0.812,0.828,0.792,0.771,0.455,-0.702,0.506,0.76,-0.014,-0.391,0.503,0.922,0.265,-0.094,0.376,0.769,0.608,-0.606,0.572,0.817,0.815,0.608,0.404,0.449,0.527,0.53,0.774,0.881,0.569,0.894,0.177,0.76,0.845,0.383,0.561,-0.577,0.832,0.794,0.309,0.742,-0.279,0.834,0.413,0.834,0.516,0.816,0.456,0.845,0.637,-0.283,0.721,0.452,0.866,-0.201,0.863,0.099,0.868,-0.26,0.718,0.909,-0.241,0.777,0.501,0.865,0.679,0.882,0.859,0.629,0.824,0.329,0.703,0.559,0.802,0.893,0.609,0.459,0.849,0.614,0.676,0.903,0.713,0.0,0.546,-0.493,0.873,0.845,0.823,0.21,0.817,-0.259,-0.316,-0.644,0.795,0.822,0.476,0.44,-0.404,0.76,0.794,0.166
UTHR,0.449,-0.098,0.523,0.661,0.567,0.663,0.232,0.613,0.1,0.282,0.693,-0.027,0.609,0.507,0.574,0.608,0.431,0.674,-0.709,0.289,0.705,0.544,0.382,0.295,0.442,-0.201,0.482,-0.191,-0.45,-0.053,0.523,-0.509,0.656,0.624,-0.032,0.357,0.59,0.579,0.678,0.515,0.178,-0.387,-0.639,0.725,-0.758,-0.736,0.699,0.646,-0.677,0.25,-0.249,0.63,0.318,0.622,0.398,-0.649,0.699,0.664,0.068,0.171,0.675,0.203,0.566,-0.106,-0.743,0.521,-0.712,0.417,0.556,-0.084,0.565,0.623,0.433,0.415,0.675,0.364,-0.474,0.773,0.609,0.669,-0.283,0.086,-0.597,-0.023,0.636,-0.227,0.745,0.252,0.216,-0.535,0.354,0.893,0.505,0.683,-0.666,0.438,-0.611,0.743,-0.597,-0.037,0.378,0.727,0.206,0.266,0.461,-0.405,0.525,0.549,-0.569,0.14,0.276,0.632,0.088,-0.637,0.799,0.585,0.571,-0.725,0.549,0.776,0.452,0.586,0.735,0.598,0.562,0.22,0.805,0.714,0.162,0.655,0.254,0.153,0.464,0.511,0.426,-0.661,0.307,0.301,0.538,0.682,-0.41,0.179,0.142,0.743,0.342,0.709,0.33,0.468,0.314,-0.532,0.728,0.643,0.723,-0.595,0.578,0.087,0.581,-0.678,0.65,0.617,-0.777,0.714,0.787,0.609,0.076,0.46,0.642,0.234,0.677,0.651,0.084,-0.042,0.55,0.659,0.223,0.615,0.476,0.606,0.11,0.627,0.7,0.546,0.0,-0.543,0.608,0.529,0.824,0.378,0.707,-0.475,-0.555,-0.525,0.273,0.751,0.638,-0.313,-0.768,0.37,0.309,-0.385
VERB,-0.456,0.376,-0.411,-0.544,-0.535,-0.532,-0.231,-0.406,-0.372,-0.403,-0.469,0.116,-0.467,-0.503,-0.358,-0.508,-0.506,-0.556,0.395,-0.43,-0.508,-0.526,-0.307,-0.089,-0.51,-0.012,-0.2,-0.093,0.499,-0.035,-0.492,0.671,-0.537,-0.365,0.061,-0.219,-0.55,-0.556,-0.54,-0.319,-0.118,0.041,0.485,-0.503,0.329,0.323,-0.365,-0.427,0.567,-0.108,0.173,-0.525,-0.409,-0.6,-0.454,0.523,-0.531,-0.527,0.052,-0.353,-0.542,-0.455,-0.378,-0.239,0.517,-0.501,0.554,-0.426,-0.276,0.158,-0.571,-0.395,-0.279,-0.207,-0.488,-0.136,0.187,-0.572,-0.32,-0.489,-0.02,-0.217,0.366,-0.153,-0.526,0.183,-0.377,-0.273,-0.269,0.385,-0.363,-0.476,-0.448,-0.564,0.613,-0.452,0.403,-0.42,0.497,-0.229,-0.48,-0.625,-0.317,-0.444,-0.358,0.311,-0.473,-0.396,0.286,0.108,-0.605,-0.505,-0.287,0.345,-0.518,-0.612,-0.411,0.731,-0.431,-0.5,-0.449,-0.55,-0.468,-0.449,-0.454,-0.059,-0.574,-0.587,-0.325,-0.49,-0.221,-0.367,-0.441,-0.321,-0.218,0.549,-0.37,-0.306,-0.261,-0.541,0.376,-0.332,-0.193,-0.553,-0.44,-0.596,-0.41,-0.481,-0.425,0.236,-0.485,-0.442,-0.523,0.408,-0.525,-0.042,-0.379,0.383,-0.573,-0.516,0.398,-0.566,-0.487,-0.567,-0.187,-0.476,-0.47,-0.347,-0.441,-0.395,-0.258,-0.008,-0.51,-0.454,-0.276,-0.478,-0.444,-0.535,-0.152,-0.563,-0.612,-0.493,-0.543,0.0,-0.413,-0.517,-0.649,0.006,-0.522,0.251,0.263,0.511,-0.353,-0.522,-0.343,-0.013,0.444,-0.362,-0.37,0.048
VLY,0.756,-0.091,0.612,0.863,0.878,0.848,0.36,0.62,0.563,0.714,0.824,0.366,0.899,0.905,0.596,0.917,0.774,0.913,-0.346,0.447,0.95,0.822,0.583,0.225,0.868,0.138,0.516,0.335,-0.449,0.332,0.79,-0.352,0.912,0.682,0.313,-0.063,0.913,0.829,0.796,0.81,0.455,0.23,-0.378,0.806,-0.317,-0.229,0.652,0.793,-0.757,0.403,0.26,0.925,0.463,0.721,0.849,-0.657,0.956,0.951,0.287,0.777,0.563,0.569,0.566,0.497,-0.279,0.909,-0.74,0.713,0.534,0.313,0.866,0.112,0.829,0.136,0.95,-0.08,-0.024,0.783,0.371,0.846,0.08,0.668,-0.484,0.069,0.749,-0.63,0.361,0.604,0.843,-0.6,0.878,0.533,0.685,0.806,-0.336,0.827,-0.692,0.459,-0.125,0.373,0.764,0.824,0.718,0.786,0.339,-0.823,0.556,0.838,-0.113,-0.217,0.467,0.925,0.197,-0.165,0.426,0.767,0.73,-0.65,0.624,0.797,0.832,0.641,0.5,0.559,0.616,0.433,0.802,0.873,0.567,0.976,0.125,0.756,0.763,0.393,0.576,-0.615,0.779,0.807,0.41,0.748,-0.385,0.776,0.369,0.886,0.47,0.835,0.447,0.849,0.717,-0.439,0.853,0.498,0.954,-0.318,0.921,0.133,0.943,-0.362,0.791,0.918,-0.288,0.886,0.615,0.88,0.684,0.848,0.883,0.686,0.945,0.426,0.692,0.602,0.824,0.975,0.509,0.534,0.864,0.688,0.69,0.904,0.723,0.873,0.608,-0.413,0.0,0.884,0.822,0.213,0.918,-0.284,-0.436,-0.74,0.832,0.93,0.441,0.291,-0.51,0.675,0.741,0.138
VRNA,0.916,-0.261,0.597,0.921,0.818,0.866,0.533,0.671,0.726,0.753,0.666,0.152,0.908,0.836,0.707,0.873,0.876,0.951,-0.338,0.519,0.846,0.894,0.736,0.274,0.96,0.025,0.466,0.358,-0.528,0.24,0.753,-0.416,0.946,0.691,0.102,-0.188,0.965,0.843,0.765,0.835,0.546,0.286,-0.569,0.726,-0.315,-0.231,0.461,0.687,-0.811,0.301,0.131,0.921,0.711,0.763,0.837,-0.821,0.871,0.859,0.137,0.772,0.719,0.771,0.434,0.566,-0.365,0.863,-0.842,0.761,0.404,0.123,0.814,0.087,0.773,0.044,0.861,-0.038,0.022,0.843,0.285,0.85,0.297,0.591,-0.548,0.071,0.827,-0.565,0.269,0.6,0.813,-0.625,0.708,0.483,0.692,0.915,-0.482,0.853,-0.748,0.431,-0.307,0.285,0.798,0.887,0.739,0.907,0.205,-0.739,0.786,0.854,-0.107,-0.188,0.598,0.867,0.362,-0.272,0.344,0.882,0.77,-0.707,0.628,0.768,0.914,0.821,0.509,0.655,0.739,0.306,0.747,0.886,0.573,0.884,0.02,0.862,0.632,0.321,0.307,-0.803,0.721,0.828,0.465,0.757,-0.556,0.803,0.528,0.898,0.648,0.896,0.667,0.877,0.798,-0.43,0.813,0.384,0.88,-0.504,0.937,-0.08,0.782,-0.204,0.905,0.844,-0.278,0.904,0.684,0.928,0.677,0.771,0.847,0.823,0.844,0.389,0.726,0.487,0.923,0.875,0.505,0.648,0.88,0.816,0.633,0.922,0.795,0.845,0.529,-0.517,0.884,0.0,0.84,0.043,0.863,-0.43,-0.43,-0.867,0.787,0.842,0.297,0.307,-0.545,0.547,0.784,0.133
VRRM,0.741,-0.192,0.639,0.895,0.778,0.906,0.429,0.688,0.487,0.609,0.791,0.203,0.852,0.807,0.709,0.853,0.776,0.887,-0.605,0.627,0.896,0.836,0.542,0.235,0.801,-0.078,0.595,0.145,-0.611,0.152,0.78,-0.603,0.907,0.742,0.038,0.159,0.893,0.853,0.879,0.709,0.417,-0.02,-0.676,0.849,-0.55,-0.507,0.656,0.755,-0.799,0.34,-0.101,0.879,0.548,0.826,0.762,-0.795,0.906,0.897,0.146,0.573,0.787,0.578,0.548,0.294,-0.617,0.843,-0.836,0.733,0.593,0.026,0.823,0.434,0.673,0.25,0.872,0.151,-0.206,0.933,0.509,0.84,-0.06,0.479,-0.61,0.04,0.878,-0.461,0.611,0.509,0.576,-0.657,0.654,0.768,0.733,0.879,-0.682,0.739,-0.732,0.645,-0.514,0.223,0.717,0.949,0.545,0.699,0.459,-0.568,0.698,0.796,-0.337,-0.082,0.599,0.881,0.304,-0.449,0.688,0.868,0.74,-0.817,0.693,0.871,0.758,0.797,0.717,0.725,0.742,0.318,0.924,0.908,0.439,0.869,0.158,0.602,0.705,0.536,0.452,-0.792,0.661,0.685,0.563,0.752,-0.525,0.606,0.308,0.933,0.575,0.879,0.578,0.788,0.589,-0.511,0.858,0.604,0.911,-0.525,0.872,0.085,0.776,-0.455,0.871,0.865,-0.562,0.885,0.762,0.893,0.405,0.794,0.813,0.601,0.874,0.603,0.459,0.269,0.841,0.879,0.453,0.713,0.78,0.817,0.431,0.896,0.88,0.823,0.824,-0.649,0.822,0.84,0.0,0.238,0.894,-0.434,-0.554,-0.74,0.583,0.895,0.57,0.056,-0.68,0.554,0.652,-0.134
VXRT,-0.009,0.654,-0.009,0.025,0.238,0.017,-0.379,-0.112,-0.117,-0.19,0.276,0.006,0.051,0.281,-0.197,0.149,-0.103,0.148,-0.026,-0.145,0.174,-0.117,-0.085,0.355,-0.011,-0.063,0.145,0.006,0.243,0.517,0.097,0.246,0.191,-0.097,0.291,0.443,0.065,0.003,0.082,0.181,0.269,-0.018,0.105,0.526,-0.014,-0.131,0.573,0.188,0.026,0.668,0.174,0.053,-0.266,0.314,0.224,0.084,0.163,0.177,0.718,0.14,-0.126,0.021,0.276,0.065,-0.243,0.268,0.071,0.03,0.709,0.198,0.271,0.32,0.324,-0.16,0.186,0.647,0.085,0.187,0.517,-0.052,-0.135,0.092,0.189,0.368,0.279,0.074,0.166,0.462,0.21,-0.1,0.213,0.305,-0.064,0.03,-0.192,0.229,0.144,0.122,-0.027,0.166,0.188,0.124,0.286,-0.159,0.465,-0.279,-0.157,-0.032,0.222,-0.411,-0.256,0.284,-0.605,0.186,0.213,-0.05,-0.168,0.0,-0.193,0.393,0.125,-0.148,-0.012,-0.071,-0.16,0.57,0.187,0.339,0.151,0.233,0.398,-0.05,0.409,0.112,0.525,-0.091,0.145,0.04,-0.011,0.314,0.072,0.17,0.199,0.048,-0.13,0.077,-0.362,0.256,0.043,0.184,0.041,0.045,0.168,0.17,0.027,-0.023,0.339,-0.339,-0.1,0.339,-0.077,0.02,0.027,0.026,0.132,0.158,0.356,-0.087,0.127,-0.037,0.259,0.394,-0.059,0.203,0.519,-0.193,0.19,-0.067,0.377,0.123,-0.047,0.21,0.378,0.006,0.213,0.043,0.238,0.0,0.065,0.12,0.267,-0.03,0.081,0.196,0.52,0.044,0.089,0.364,0.275,0.257
WAFD,0.756,-0.327,0.805,0.947,0.762,0.961,0.513,0.831,0.502,0.694,0.847,0.324,0.957,0.843,0.806,0.871,0.779,0.897,-0.621,0.579,0.977,0.935,0.561,0.072,0.841,-0.077,0.673,0.095,-0.671,0.026,0.764,-0.568,0.899,0.884,0.012,-0.099,0.924,0.915,0.935,0.731,0.432,-0.041,-0.628,0.764,-0.572,-0.473,0.554,0.883,-0.831,0.146,-0.032,0.922,0.629,0.665,0.724,-0.763,0.975,0.963,0.04,0.61,0.792,0.478,0.479,0.272,-0.365,0.821,-0.863,0.705,0.37,0.046,0.769,0.262,0.698,0.402,0.97,-0.174,-0.308,0.874,0.361,0.928,-0.087,0.542,-0.742,-0.191,0.798,-0.645,0.585,0.365,0.632,-0.684,0.768,0.686,0.856,0.87,-0.504,0.741,-0.87,0.54,-0.288,0.137,0.649,0.916,0.489,0.786,0.373,-0.649,0.682,0.925,-0.401,0.08,0.605,0.864,0.426,-0.437,0.581,0.862,0.904,-0.789,0.841,0.785,0.764,0.809,0.766,0.793,0.834,0.232,0.926,0.828,0.364,0.947,-0.035,0.653,0.632,0.607,0.425,-0.72,0.755,0.758,0.641,0.637,-0.586,0.609,0.135,0.967,0.551,0.864,0.605,0.76,0.614,-0.688,0.967,0.667,0.983,-0.554,0.958,0.23,0.856,-0.375,0.904,0.858,-0.557,0.952,0.762,0.952,0.453,0.815,0.757,0.69,0.972,0.696,0.453,0.342,0.885,0.959,0.254,0.793,0.785,0.844,0.423,0.916,0.9,0.817,0.707,-0.522,0.918,0.863,0.894,0.065,0.0,-0.438,-0.709,-0.736,0.663,0.97,0.452,0.019,-0.753,0.482,0.586,-0.18
WATT,-0.548,0.353,-0.366,-0.543,-0.104,-0.433,-0.685,-0.608,-0.252,-0.242,-0.163,0.318,-0.448,-0.159,-0.615,-0.296,-0.404,-0.434,0.359,-0.215,-0.32,-0.503,-0.515,-0.095,-0.349,0.458,-0.286,0.155,0.305,0.295,-0.068,0.223,-0.451,-0.578,0.459,0.218,-0.401,-0.345,-0.369,-0.363,-0.302,0.196,0.69,-0.19,0.576,0.456,0.035,-0.287,0.537,0.03,0.441,-0.357,-0.628,-0.306,-0.117,0.705,-0.337,-0.289,0.298,-0.014,-0.69,-0.144,0.083,0.067,0.295,-0.173,0.644,-0.36,-0.005,0.365,-0.164,-0.179,-0.194,-0.27,-0.322,-0.032,0.332,-0.533,-0.157,-0.542,-0.08,0.062,0.662,0.347,-0.477,0.309,-0.295,-0.052,-0.054,0.38,-0.019,-0.419,-0.386,-0.505,0.42,-0.178,0.645,-0.199,0.487,0.361,-0.141,-0.471,0.003,-0.35,0.165,0.079,-0.712,-0.458,0.389,-0.345,-0.136,-0.197,-0.482,0.659,-0.232,-0.553,-0.568,0.408,-0.429,-0.406,-0.329,-0.645,-0.51,-0.559,-0.632,0.016,-0.45,-0.373,0.003,-0.3,0.367,-0.262,0.045,-0.192,0.278,0.664,-0.042,-0.168,-0.481,-0.27,0.672,-0.069,-0.144,-0.48,-0.387,-0.512,-0.52,-0.3,-0.16,0.529,-0.473,-0.163,-0.373,0.678,-0.407,0.317,-0.183,-0.005,-0.606,-0.228,0.499,-0.487,-0.615,-0.448,0.059,-0.1,-0.269,-0.344,-0.361,-0.367,-0.004,0.178,-0.492,-0.33,0.043,-0.645,-0.342,-0.654,0.038,-0.413,-0.502,-0.259,-0.475,0.251,-0.284,-0.43,-0.434,0.12,-0.438,0.0,0.47,0.492,-0.085,-0.378,0.024,0.298,0.625,0.175,-0.191,0.417
WBA,-0.367,0.532,-0.79,-0.653,-0.196,-0.717,-0.528,-0.869,-0.107,-0.302,-0.54,-0.248,-0.652,-0.305,-0.852,-0.408,-0.388,-0.451,0.875,-0.378,-0.618,-0.7,-0.28,0.177,-0.38,0.393,-0.68,0.413,0.734,0.603,-0.388,0.565,-0.442,-0.884,0.446,0.185,-0.5,-0.595,-0.743,-0.295,-0.132,0.554,0.728,-0.305,0.823,0.716,-0.16,-0.703,0.597,0.443,0.379,-0.515,-0.592,-0.109,-0.115,0.566,-0.589,-0.554,0.406,-0.016,-0.777,0.013,-0.19,0.321,0.279,-0.247,0.678,-0.342,0.13,0.323,-0.199,-0.383,-0.157,-0.73,-0.609,0.389,0.709,-0.603,-0.181,-0.707,0.397,-0.014,0.891,0.677,-0.426,0.441,-0.704,0.306,-0.006,0.552,-0.24,-0.669,-0.733,-0.589,0.422,-0.195,0.846,-0.534,0.29,0.395,-0.043,-0.608,0.169,-0.382,-0.188,0.123,-0.553,-0.687,0.805,-0.693,-0.463,-0.369,-0.578,0.739,-0.552,-0.538,-0.844,0.63,-0.867,-0.41,-0.288,-0.662,-0.894,-0.804,-0.809,0.231,-0.713,-0.319,0.241,-0.5,0.276,-0.115,-0.074,-0.723,0.0,0.517,-0.361,-0.348,-0.815,-0.156,0.606,0.024,0.355,-0.687,-0.402,-0.479,-0.554,-0.183,-0.116,0.913,-0.791,-0.711,-0.614,0.732,-0.592,-0.395,-0.359,0.239,-0.671,-0.324,0.802,-0.651,-0.712,-0.621,0.142,-0.341,-0.21,-0.336,-0.635,-0.906,0.216,0.249,-0.562,-0.543,0.422,-0.873,-0.231,-0.674,0.262,-0.486,-0.76,-0.316,-0.555,0.263,-0.436,-0.43,-0.554,0.267,-0.709,0.47,0.0,0.349,-0.082,-0.63,-0.265,0.539,0.894,0.074,0.031,0.729
WING,-0.922,0.352,-0.425,-0.849,-0.729,-0.739,-0.56,-0.617,-0.667,-0.707,-0.467,0.136,-0.762,-0.654,-0.66,-0.775,-0.788,-0.893,0.313,-0.326,-0.68,-0.786,-0.842,-0.388,-0.849,0.115,-0.355,-0.225,0.511,-0.176,-0.604,0.311,-0.875,-0.602,-0.039,0.271,-0.855,-0.7,-0.586,-0.78,-0.543,-0.281,0.613,-0.555,0.351,0.248,-0.373,-0.513,0.789,-0.201,0.056,-0.813,-0.71,-0.741,-0.638,0.866,-0.712,-0.689,0.004,-0.592,-0.735,-0.757,-0.291,-0.414,0.424,-0.693,0.853,-0.588,-0.355,-0.047,-0.692,-0.071,-0.711,0.032,-0.68,-0.088,0.019,-0.792,-0.139,-0.737,-0.435,-0.421,0.576,-0.069,-0.746,0.394,-0.171,-0.56,-0.665,0.573,-0.483,-0.436,-0.538,-0.87,0.513,-0.742,0.702,-0.318,0.478,-0.151,-0.744,-0.753,-0.607,-0.792,-0.043,0.65,-0.841,-0.755,0.104,0.147,-0.451,-0.695,-0.281,0.383,-0.286,-0.814,-0.7,0.638,-0.451,-0.591,-0.857,-0.811,-0.443,-0.641,-0.712,-0.032,-0.617,-0.818,-0.511,-0.727,0.025,-0.746,-0.446,-0.132,-0.101,0.837,-0.417,-0.645,-0.452,-0.714,0.537,-0.633,-0.532,-0.794,-0.5,-0.874,-0.606,-0.767,-0.78,0.374,-0.72,-0.166,-0.727,0.574,-0.796,0.301,-0.61,0.246,-0.871,-0.676,0.269,-0.85,-0.673,-0.784,-0.614,-0.511,-0.792,-0.839,-0.704,-0.274,-0.623,-0.314,-0.864,-0.699,-0.454,-0.618,-0.822,-0.785,-0.542,-0.834,-0.675,-0.644,-0.525,0.511,-0.74,-0.867,-0.74,-0.03,-0.736,0.492,0.349,0.0,-0.725,-0.69,-0.162,-0.233,0.549,-0.361,-0.737,-0.058
WIX,0.721,-0.071,0.262,0.669,0.864,0.596,0.282,0.27,0.689,0.735,0.554,0.331,0.662,0.78,0.327,0.807,0.756,0.808,0.035,0.347,0.7,0.625,0.62,0.286,0.844,0.393,0.178,0.571,-0.266,0.547,0.683,-0.175,0.769,0.34,0.545,-0.197,0.796,0.654,0.488,0.705,0.33,0.613,-0.101,0.578,0.049,0.182,0.482,0.465,-0.588,0.421,0.435,0.807,0.298,0.702,0.852,-0.507,0.729,0.739,0.272,0.869,0.305,0.705,0.511,0.718,-0.156,0.832,-0.548,0.619,0.459,0.494,0.815,-0.197,0.755,-0.205,0.693,-0.11,0.346,0.526,0.155,0.593,0.366,0.726,-0.147,0.354,0.531,-0.431,-0.044,0.734,0.91,-0.366,0.79,0.193,0.374,0.645,-0.186,0.78,-0.404,0.203,-0.092,0.63,0.859,0.584,0.862,0.771,0.148,-0.802,0.414,0.633,0.219,-0.511,0.418,0.786,0.162,0.108,0.156,0.634,0.458,-0.429,0.304,0.516,0.803,0.483,0.096,0.266,0.351,0.319,0.478,0.756,0.712,0.776,0.199,0.842,0.696,0.008,0.451,-0.43,0.644,0.728,0.052,0.695,-0.107,0.868,0.539,0.66,0.34,0.717,0.358,0.773,0.799,-0.041,0.546,0.139,0.712,-0.047,0.745,-0.114,0.763,-0.202,0.618,0.751,0.128,0.689,0.311,0.685,0.87,0.707,0.825,0.717,0.694,0.008,0.847,0.664,0.72,0.758,0.634,0.227,0.82,0.464,0.808,0.766,0.448,0.795,0.273,-0.353,0.832,0.787,0.583,0.081,0.663,-0.085,-0.082,-0.725,0.0,0.653,0.197,0.636,-0.163,0.726,0.828,0.453
WTFC,0.693,-0.198,0.782,0.893,0.804,0.912,0.374,0.77,0.459,0.656,0.909,0.313,0.942,0.879,0.704,0.869,0.705,0.887,-0.609,0.515,0.985,0.871,0.497,0.116,0.806,-0.022,0.655,0.107,-0.567,0.106,0.784,-0.573,0.88,0.802,0.088,0.043,0.893,0.902,0.92,0.733,0.409,-0.046,-0.539,0.845,-0.526,-0.488,0.651,0.886,-0.803,0.256,0.05,0.903,0.536,0.71,0.744,-0.693,0.981,0.972,0.171,0.62,0.722,0.457,0.568,0.292,-0.403,0.846,-0.807,0.68,0.462,0.08,0.82,0.318,0.728,0.406,0.98,-0.056,-0.309,0.846,0.425,0.878,-0.119,0.523,-0.654,-0.071,0.786,-0.59,0.608,0.412,0.656,-0.654,0.801,0.698,0.82,0.832,-0.511,0.783,-0.795,0.585,-0.244,0.192,0.649,0.913,0.523,0.717,0.483,-0.714,0.599,0.866,-0.362,-0.014,0.566,0.887,0.278,-0.36,0.639,0.807,0.815,-0.805,0.783,0.828,0.748,0.734,0.738,0.725,0.745,0.333,0.912,0.86,0.437,0.964,0.073,0.603,0.706,0.598,0.566,-0.687,0.767,0.746,0.565,0.708,-0.536,0.615,0.175,0.927,0.515,0.849,0.515,0.771,0.632,-0.622,0.935,0.709,0.987,-0.496,0.926,0.249,0.892,-0.488,0.836,0.902,-0.549,0.919,0.752,0.915,0.451,0.825,0.775,0.611,0.959,0.678,0.489,0.395,0.808,0.962,0.33,0.712,0.77,0.772,0.471,0.89,0.869,0.822,0.751,-0.522,0.93,0.842,0.895,0.196,0.97,-0.378,-0.63,-0.69,0.653,0.0,0.559,0.021,-0.701,0.547,0.573,-0.098
WTW,0.09,0.283,0.376,0.343,0.492,0.449,-0.362,0.235,0.001,0.066,0.711,0.333,0.422,0.518,0.242,0.433,0.163,0.391,-0.536,0.244,0.546,0.273,-0.066,0.281,0.257,0.102,0.5,-0.198,-0.297,0.236,0.573,-0.385,0.388,0.27,0.22,0.642,0.391,0.437,0.557,0.32,0.195,-0.284,-0.164,0.757,-0.33,-0.475,0.847,0.56,-0.237,0.379,0.151,0.439,-0.045,0.474,0.422,-0.155,0.525,0.551,0.538,0.231,0.228,0.108,0.656,-0.051,-0.552,0.491,-0.217,0.202,0.66,0.048,0.529,0.575,0.414,0.242,0.543,0.423,-0.217,0.475,0.602,0.253,-0.389,0.158,-0.105,0.298,0.465,-0.046,0.671,0.335,0.266,-0.378,0.423,0.674,0.364,0.372,-0.438,0.452,-0.165,0.67,-0.193,0.153,0.297,0.541,0.318,0.099,0.84,-0.444,0.049,0.345,-0.226,-0.151,0.226,0.607,-0.348,-0.065,0.661,0.249,0.191,-0.431,0.353,0.537,0.294,0.169,0.469,0.303,0.209,0.337,0.574,0.555,0.188,0.532,0.613,0.01,0.628,0.628,0.759,-0.265,0.501,0.358,0.346,0.55,-0.029,0.263,0.059,0.443,0.104,0.339,0.073,0.347,0.248,-0.211,0.461,0.649,0.533,-0.106,0.364,0.383,0.55,-0.629,0.229,0.58,-0.473,0.375,0.42,0.385,0.154,0.524,0.479,-0.061,0.465,0.521,0.2,0.214,0.217,0.5,0.333,0.19,0.251,0.197,0.242,0.393,0.456,0.476,0.638,-0.343,0.441,0.297,0.57,0.52,0.452,0.024,-0.265,-0.162,0.197,0.559,0.0,-0.099,-0.337,0.563,0.185,-0.003
XPEL,0.324,0.267,-0.317,0.082,0.47,0.02,-0.077,-0.393,0.483,0.483,0.027,0.284,0.095,0.371,-0.276,0.371,0.432,0.258,0.622,0.269,0.093,0.06,0.149,0.129,0.416,0.612,-0.283,0.827,0.188,0.812,0.332,0.174,0.253,-0.292,0.712,-0.069,0.276,0.128,-0.07,0.344,0.16,0.882,0.389,0.154,0.702,0.763,0.137,-0.118,0.083,0.529,0.549,0.266,-0.125,0.428,0.623,-0.007,0.146,0.18,0.394,0.693,-0.302,0.608,0.142,0.821,0.153,0.49,0.061,0.378,0.302,0.682,0.466,-0.463,0.423,-0.658,0.09,-0.001,0.825,0.023,-0.12,-0.013,0.436,0.701,0.499,0.6,0.129,-0.159,-0.514,0.71,0.67,0.127,0.449,-0.396,-0.111,0.071,0.26,0.481,0.25,-0.233,0.151,0.799,0.66,0.036,0.746,0.407,-0.058,-0.394,-0.034,0.065,0.774,-0.843,0.03,0.352,-0.097,0.666,-0.382,0.139,-0.169,0.136,-0.235,0.094,0.467,-0.073,-0.56,-0.352,-0.245,0.421,-0.117,0.278,0.706,0.22,0.225,0.636,0.505,-0.415,0.277,0.129,0.364,0.424,-0.458,0.31,0.375,0.743,0.576,0.051,0.12,0.2,-0.008,0.488,0.501,0.548,-0.129,-0.366,0.102,0.539,0.206,-0.239,0.326,0.207,0.014,0.34,0.702,0.069,-0.335,0.158,0.787,0.399,0.41,0.352,0.101,-0.595,0.777,0.685,0.206,0.191,0.692,-0.399,0.493,-0.09,0.779,0.288,-0.107,0.44,-0.313,-0.013,0.291,0.307,0.056,0.044,0.019,0.298,0.539,-0.233,0.636,0.021,-0.099,0.0,0.537,0.595,0.678,0.784
XRX,-0.517,0.515,-0.75,-0.738,-0.331,-0.74,-0.543,-0.889,-0.189,-0.307,-0.561,0.062,-0.695,-0.364,-0.876,-0.494,-0.467,-0.608,0.847,-0.285,-0.655,-0.715,-0.476,-0.054,-0.478,0.408,-0.598,0.415,0.704,0.524,-0.418,0.582,-0.575,-0.866,0.421,0.068,-0.6,-0.635,-0.726,-0.412,-0.166,0.549,0.852,-0.441,0.925,0.826,-0.302,-0.69,0.763,0.259,0.424,-0.601,-0.651,-0.33,-0.178,0.737,-0.639,-0.591,0.362,-0.038,-0.881,-0.112,-0.303,0.29,0.504,-0.321,0.82,-0.376,-0.032,0.34,-0.317,-0.505,-0.254,-0.608,-0.644,0.075,0.693,-0.739,-0.348,-0.761,0.22,0.067,0.924,0.486,-0.543,0.362,-0.709,0.126,-0.068,0.651,-0.212,-0.818,-0.675,-0.733,0.593,-0.299,0.868,-0.646,0.54,0.38,-0.155,-0.71,0.043,-0.402,-0.226,0.278,-0.707,-0.71,0.836,-0.579,-0.447,-0.451,-0.488,0.872,-0.653,-0.637,-0.838,0.742,-0.797,-0.562,-0.398,-0.775,-0.914,-0.837,-0.842,0.18,-0.772,-0.502,0.111,-0.57,0.15,-0.161,-0.133,-0.637,-0.033,0.735,-0.283,-0.336,-0.801,-0.404,0.657,-0.019,0.11,-0.771,-0.421,-0.658,-0.601,-0.294,-0.234,0.881,-0.836,-0.696,-0.678,0.88,-0.637,-0.149,-0.4,0.387,-0.782,-0.41,0.889,-0.749,-0.889,-0.673,0.071,-0.332,-0.407,-0.401,-0.655,-0.865,0.116,0.282,-0.64,-0.592,0.233,-0.901,-0.347,-0.752,0.184,-0.585,-0.806,-0.404,-0.768,0.444,-0.51,-0.545,-0.68,0.089,-0.753,0.625,0.894,0.549,-0.163,-0.701,-0.337,0.537,0.0,-0.011,-0.092,0.674
YMAB,0.381,0.318,0.125,0.415,0.819,0.436,-0.196,-0.006,0.416,0.455,0.622,0.507,0.468,0.708,0.067,0.705,0.55,0.607,0.018,0.373,0.603,0.343,0.203,0.306,0.606,0.574,0.142,0.501,-0.166,0.68,0.727,-0.233,0.565,0.104,0.748,0.352,0.586,0.479,0.43,0.545,0.099,0.416,0.087,0.703,0.109,0.139,0.762,0.407,-0.298,0.617,0.566,0.638,-0.108,0.668,0.829,-0.235,0.621,0.642,0.554,0.754,0.036,0.542,0.754,0.599,-0.349,0.787,-0.265,0.523,0.674,0.645,0.811,0.093,0.625,-0.256,0.586,0.205,0.401,0.445,0.416,0.341,0.032,0.643,0.157,0.607,0.438,-0.263,0.143,0.731,0.751,-0.224,0.728,0.334,0.212,0.456,-0.161,0.686,-0.085,0.442,-0.121,0.783,0.731,0.476,0.832,0.435,0.54,-0.712,0.078,0.38,0.223,-0.657,0.258,0.781,-0.163,0.276,0.311,0.35,0.156,-0.323,0.19,0.566,0.611,0.146,0.007,-0.001,0.037,0.537,0.447,0.681,0.681,0.664,0.623,0.525,0.833,0.159,0.768,-0.173,0.654,0.605,-0.083,0.725,0.254,0.745,0.458,0.504,0.186,0.53,0.069,0.657,0.548,0.178,0.365,0.325,0.595,0.223,0.528,0.127,0.731,-0.392,0.314,0.732,0.066,0.467,0.176,0.501,0.742,0.74,0.78,0.282,0.547,0.015,0.709,0.618,0.448,0.636,0.692,-0.065,0.618,0.155,0.718,0.6,0.334,0.76,0.37,-0.362,0.675,0.547,0.554,0.364,0.482,0.175,0.074,-0.361,0.726,0.547,0.563,0.595,-0.011,0.0,0.682,0.476
ZG,0.814,0.109,0.185,0.676,0.774,0.589,0.315,0.227,0.636,0.7,0.446,0.207,0.633,0.763,0.298,0.809,0.8,0.802,0.055,0.468,0.62,0.599,0.586,0.31,0.807,0.191,0.177,0.629,-0.258,0.687,0.624,-0.073,0.821,0.326,0.465,-0.1,0.781,0.57,0.492,0.735,0.536,0.61,-0.243,0.643,0.085,0.198,0.457,0.401,-0.491,0.612,0.292,0.724,0.355,0.801,0.88,-0.584,0.665,0.672,0.406,0.863,0.339,0.799,0.35,0.753,-0.249,0.86,-0.551,0.712,0.585,0.449,0.796,-0.092,0.764,-0.363,0.621,0.135,0.434,0.668,0.19,0.526,0.367,0.767,-0.125,0.358,0.717,-0.473,-0.037,0.865,0.865,-0.326,0.685,0.232,0.363,0.665,-0.278,0.79,-0.361,0.141,-0.259,0.593,0.915,0.616,0.875,0.766,0.164,-0.62,0.531,0.578,0.366,-0.623,0.269,0.791,0.102,0.114,0.077,0.652,0.414,-0.374,0.223,0.636,0.871,0.485,0.06,0.266,0.356,0.498,0.502,0.809,0.7,0.713,0.147,0.862,0.72,0.005,0.364,-0.52,0.615,0.721,0.15,0.663,-0.191,0.904,0.638,0.634,0.445,0.737,0.321,0.875,0.721,0.032,0.477,-0.02,0.646,-0.035,0.72,-0.24,0.717,-0.053,0.61,0.785,0.12,0.643,0.255,0.695,0.827,0.697,0.851,0.716,0.632,-0.071,0.876,0.708,0.743,0.694,0.789,0.218,0.898,0.52,0.868,0.815,0.477,0.794,0.309,-0.37,0.741,0.784,0.652,0.275,0.586,-0.191,0.031,-0.737,0.828,0.573,0.185,0.678,-0.092,0.682,0.0,0.428
ZLAB,0.06,0.445,-0.347,-0.165,0.319,-0.18,-0.371,-0.489,0.357,0.17,-0.056,0.09,-0.074,0.267,-0.478,0.095,0.042,0.063,0.689,-0.093,-0.067,-0.176,0.062,0.313,0.199,0.522,-0.28,0.594,0.453,0.777,0.134,0.358,0.063,-0.499,0.61,0.023,0.065,-0.059,-0.259,0.193,0.198,0.785,0.583,0.118,0.772,0.652,0.164,-0.209,0.214,0.581,0.673,0.035,-0.231,0.239,0.422,0.266,-0.041,0.011,0.589,0.511,-0.476,0.437,0.097,0.704,0.232,0.291,0.326,0.001,0.331,0.471,0.304,-0.45,0.395,-0.662,-0.038,0.198,0.774,-0.213,-0.042,-0.234,0.542,0.431,0.651,0.734,-0.003,0.111,-0.543,0.629,0.558,0.213,0.32,-0.504,-0.25,-0.127,0.289,0.383,0.454,-0.331,0.41,0.596,0.419,-0.124,0.646,0.172,-0.009,-0.428,-0.271,-0.135,0.816,-0.812,-0.038,0.173,-0.446,0.791,-0.342,-0.076,-0.406,0.256,-0.454,-0.067,0.21,-0.277,-0.628,-0.442,-0.428,0.432,-0.314,0.13,0.606,0.067,0.352,0.416,0.362,-0.435,0.355,0.204,0.225,0.241,-0.576,0.234,0.363,0.564,0.563,-0.198,-0.121,-0.062,-0.178,0.306,0.402,0.654,-0.298,-0.397,-0.067,0.572,-0.024,-0.257,0.179,0.138,-0.225,0.194,0.767,-0.145,-0.374,-0.078,0.631,0.211,0.243,0.121,-0.096,-0.64,0.716,0.692,-0.087,0.019,0.671,-0.573,0.265,-0.262,0.711,0.01,-0.325,0.166,-0.385,0.048,0.138,0.133,-0.134,0.257,-0.18,0.417,0.729,-0.058,0.453,-0.098,-0.003,0.784,0.674,0.476,0.428,0.0
