,ABEO,ACHC,AGNCN,AKAM,AKRO,ALRM,AMAT,AMED,AMRN,ANGI,APA,APOG,APPS,ARCB,ARCC,ARVN,ATEC,ATXS,AVAV,AXON,BANF,BATRK,BIDU,BLNE,BLNK,BTAI,BYND,CAN,CCEC,CDW,CDXS,CELH,CGNX,CHKP,CHRS,CHRW,CIGI,CKPT,CMPR,COGT,CRNC,CRSP,CSTL,CTSH,CVGW,DGLY,DNLI,DOCU,DVAX,EBAY,EHTH,ERII,ESLT,EXPE,EXPO,FBIOP,FFBC,FFIN,FOXF,FWRD,GDS,GERN,GPRE,GRWG,GRYP,HEES,HELE,HIVE,HON,HRTX,HSTM,HURA,IART,IBKR,IBOC,IBRX,IDXX,INGN,INM,INVA,IQ,IRBT,KDP,KPTI,KTOS,KXIN,LAMR,LFUS,LGIH,LGMK,LKFN,LNW,LOPE,LPSN,LYFT,MGNX,MLCO,MNST,MODV,MSTR,MTCH,MYGN,MYRG,NCMI,NEXT,NFLX,NIU,NKTR,NRC,NTNX,NTRA,NVEE,NVMI,NWL,NWS,NXPI,OCGN,OCSL,OKTA,OLLI,OTLK,OXLC,PAA,PARA,PARAA,PDCO,PDFS,PFG,PGEN,PNFP,PODD,POWI,PSMT,PTC,PTEN,PVLA,RDNT,RDUS,RDWR,REGN,RNAC,ROCK,ROST,RRR,RSLS,RVMD,RYAAY,SAFT,SAGE,SAVA,SBGI,SFM,SFNC,SHYF,SIBN,SIFY,SIGI,SIMO,SITM,SLM,SNBR,SNDX,SNY,SPNS,SRRK,STRA,SUPN,SYRE,TCBK,TEAM,TECH,THRM,TLRY,TRMK,TROW,TSLA,TWST,TXN,UFPI,UNIT,UPWK,USLM,UTHR,VERB,VLY,VRNA,VRRM,VXRT,WAFD,WATT,WBA,WING,WIX,WTFC,WTW,XPEL,XRX,YMAB,ZG,ZLAB
ABEO,0.0,-0.065,-0.236,0.325,0.608,-0.305,-0.548,-0.207,-0.224,-0.693,-0.359,0.471,-0.165,-0.7,-0.636,0.786,-0.803,0.604,-0.598,-0.119,-0.4,0.014,0.234,0.367,0.734,0.603,-0.223,0.383,-0.19,-0.721,0.277,0.601,-0.719,-0.515,0.667,-0.005,-0.085,0.615,-0.464,-0.051,0.196,0.213,0.761,-0.357,0.201,0.502,-0.326,-0.058,0.627,-0.158,-0.107,0.418,-0.741,0.045,-0.865,-0.491,-0.626,-0.526,0.467,-0.374,0.388,0.833,0.127,0.862,-0.065,-0.815,-0.837,0.162,0.155,0.426,0.165,-0.56,-0.513,-0.326,-0.755,-0.244,-0.208,-0.609,0.158,-0.774,0.479,0.514,-0.026,0.534,-0.708,0.201,-0.397,0.522,-0.606,0.583,-0.079,-0.726,-0.757,0.099,0.482,0.914,0.29,0.736,0.876,-0.467,0.097,0.607,-0.059,0.179,-0.426,0.09,-0.264,0.737,0.198,-0.565,0.016,0.325,-0.656,-0.172,-0.24,-0.326,0.772,-0.648,-0.537,0.114,-0.07,-0.511,-0.707,0.537,-0.256,-0.391,0.33,-0.652,0.06,-0.66,-0.541,-0.071,0.524,-0.556,-0.507,0.138,0.83,0.436,0.23,0.828,-0.597,-0.629,0.736,-0.541,0.126,0.883,0.407,0.457,-0.594,0.272,0.901,-0.379,-0.434,-0.428,-0.707,-0.122,-0.465,0.746,-0.51,-0.293,-0.694,0.488,-0.563,0.293,-0.21,-0.82,-0.474,0.866,0.095,-0.238,-0.556,-0.279,0.768,-0.105,0.196,-0.225,-0.131,-0.42,-0.801,-0.596,-0.164,0.099,-0.585,0.784,-0.666,-0.594,-0.672,0.252,0.632,0.285,-0.741,0.587,-0.703,-0.682,-0.776,-0.655,-0.67,0.792,-0.445,-0.031
ACHC,-0.065,0.0,0.794,-0.768,-0.648,-0.635,0.602,0.788,0.891,0.166,0.795,-0.771,0.373,0.419,0.55,0.152,0.556,-0.79,0.526,-0.815,-0.442,-0.692,-0.81,0.185,0.272,0.367,0.202,-0.454,0.068,0.607,-0.188,0.432,0.531,-0.506,0.261,-0.061,-0.089,-0.444,-0.452,0.399,0.859,0.241,0.267,-0.69,-0.749,-0.657,-0.084,-0.763,-0.525,0.473,0.904,-0.326,0.655,-0.508,0.025,0.528,-0.224,-0.188,-0.376,0.765,0.674,-0.389,0.666,0.052,-0.226,0.336,0.076,0.36,-0.792,0.398,0.238,0.503,0.228,0.676,0.156,0.08,0.776,0.733,0.023,0.04,-0.696,0.681,-0.83,0.534,0.662,-0.129,-0.224,-0.068,-0.367,-0.668,-0.495,0.263,0.252,0.652,0.127,0.06,-0.749,-0.571,-0.413,0.303,-0.445,0.23,-0.434,-0.38,0.713,-0.511,-0.137,0.532,-0.181,0.043,0.803,-0.205,0.642,-0.274,-0.516,-0.021,0.144,0.142,0.496,-0.819,0.88,0.184,0.681,0.508,0.37,0.0,-0.052,0.401,0.878,0.387,0.571,-0.187,-0.626,-0.074,0.757,0.828,-0.44,-0.731,-0.804,-0.096,-0.501,-0.092,0.16,-0.309,0.559,-0.416,-0.444,-0.698,0.681,0.822,-0.039,0.83,-0.345,-0.157,0.587,0.094,-0.55,-0.386,0.638,0.151,-0.089,0.432,0.529,-0.875,-0.486,0.135,0.785,-0.205,-0.774,-0.137,0.669,0.298,-0.417,-0.658,-0.641,-0.598,-0.243,0.519,0.019,0.088,-0.608,-0.926,0.308,0.021,-0.008,0.469,0.656,0.838,-0.549,0.105,0.538,-0.516,0.427,0.495,-0.095,-0.031,0.185,-0.594,-0.345,-0.611
AGNCN,-0.236,0.794,0.0,-0.564,-0.548,-0.489,0.661,0.834,0.858,0.442,0.849,-0.545,0.451,0.527,0.764,0.133,0.599,-0.702,0.517,-0.57,-0.058,-0.321,-0.644,0.33,-0.04,0.274,0.553,-0.244,0.041,0.584,0.012,0.241,0.602,-0.237,0.007,-0.048,0.19,-0.495,-0.256,0.489,0.653,0.282,-0.056,-0.539,-0.448,-0.415,0.159,-0.695,-0.42,0.141,0.841,-0.166,0.646,-0.201,0.217,0.674,0.1,0.144,-0.131,0.851,0.504,-0.351,0.717,0.074,-0.358,0.511,0.224,0.417,-0.553,0.354,0.422,0.412,0.541,0.655,0.352,0.273,0.632,0.798,0.176,0.269,-0.668,0.401,-0.514,0.553,0.709,-0.113,0.013,-0.04,0.005,-0.59,-0.255,0.515,0.537,0.803,0.138,-0.032,-0.777,-0.474,-0.41,0.299,-0.159,-0.142,-0.158,-0.105,0.907,-0.374,0.087,0.248,0.064,0.141,0.512,-0.228,0.715,-0.009,-0.361,0.063,0.163,0.543,0.392,-0.739,0.828,0.392,0.684,0.218,0.312,0.028,-0.146,0.619,0.887,0.622,0.504,-0.003,-0.536,0.124,0.897,0.553,-0.607,-0.538,-0.521,-0.228,-0.342,0.189,0.12,0.059,0.43,-0.534,-0.583,-0.393,0.645,0.67,-0.128,0.701,-0.019,0.251,0.714,0.159,-0.17,-0.423,0.724,0.398,0.089,0.487,0.626,-0.799,-0.121,0.397,0.778,-0.286,-0.485,0.002,0.603,0.622,-0.362,-0.335,-0.432,-0.544,-0.014,0.479,0.299,0.391,-0.263,-0.771,0.181,0.105,0.299,0.695,0.761,0.679,-0.513,0.221,0.537,-0.374,0.51,0.64,0.101,0.226,0.173,-0.595,-0.047,-0.542
AKAM,0.325,-0.768,-0.564,0.0,0.856,0.559,-0.432,-0.613,-0.724,-0.179,-0.798,0.873,0.014,-0.512,-0.405,0.331,-0.642,0.841,-0.37,0.752,0.539,0.791,0.885,0.03,-0.074,0.043,-0.032,0.756,-0.288,-0.586,0.466,-0.176,-0.444,0.547,-0.084,0.441,0.416,0.405,0.414,-0.135,-0.54,0.232,0.079,0.576,0.801,0.735,0.247,0.619,0.79,-0.536,-0.659,0.709,-0.7,0.375,-0.167,-0.494,0.247,0.296,0.709,-0.609,-0.421,0.6,-0.437,0.219,0.018,-0.434,-0.285,-0.082,0.822,0.077,0.157,-0.555,0.029,-0.337,-0.178,0.205,-0.52,-0.69,0.194,-0.104,0.893,-0.359,0.849,-0.174,-0.646,0.066,0.436,0.572,0.272,0.719,0.547,-0.185,-0.248,-0.369,0.252,0.258,0.68,0.766,0.621,-0.212,0.667,-0.196,0.693,0.712,-0.545,0.784,0.397,-0.153,0.577,-0.118,-0.701,0.422,-0.531,0.508,0.613,0.194,0.252,-0.078,-0.371,0.843,-0.649,-0.103,-0.693,-0.18,-0.217,0.105,0.454,-0.263,-0.575,-0.239,-0.45,0.479,0.835,0.093,-0.681,-0.579,0.567,0.896,0.916,0.319,0.28,0.104,0.176,0.352,-0.537,0.631,0.693,0.774,-0.754,-0.547,0.237,-0.657,0.391,0.273,-0.572,-0.011,0.511,0.729,-0.441,0.167,0.056,0.075,-0.347,0.837,0.553,-0.207,-0.683,0.575,0.818,0.296,-0.5,0.067,0.655,0.738,0.793,0.474,0.588,-0.312,-0.122,-0.082,0.481,0.735,-0.373,0.352,0.093,-0.344,-0.533,-0.483,0.574,0.028,-0.781,0.777,-0.51,-0.407,-0.016,0.077,-0.216,0.71,0.403,0.66
AKRO,0.608,-0.648,-0.548,0.856,0.0,0.373,-0.526,-0.625,-0.629,-0.371,-0.833,0.883,-0.05,-0.695,-0.578,0.535,-0.819,0.902,-0.506,0.586,0.25,0.678,0.79,0.064,0.192,0.219,-0.1,0.806,-0.404,-0.757,0.552,0.06,-0.638,0.236,0.171,0.272,0.371,0.595,0.167,-0.118,-0.36,0.275,0.35,0.308,0.78,0.782,0.114,0.479,0.796,-0.49,-0.555,0.772,-0.837,0.299,-0.429,-0.524,-0.061,0.001,0.789,-0.667,-0.175,0.815,-0.233,0.507,0.064,-0.699,-0.479,0.071,0.76,0.258,0.126,-0.62,-0.141,-0.42,-0.494,0.168,-0.55,-0.833,0.312,-0.307,0.9,-0.094,0.685,0.083,-0.801,0.205,0.263,0.598,0.022,0.767,0.31,-0.415,-0.491,-0.263,0.391,0.506,0.699,0.834,0.797,-0.29,0.587,0.006,0.575,0.723,-0.556,0.638,0.22,0.142,0.477,-0.251,-0.586,0.552,-0.676,0.319,0.29,-0.038,0.459,-0.274,-0.463,0.778,-0.579,-0.329,-0.809,0.009,-0.28,-0.08,0.507,-0.482,-0.448,-0.51,-0.477,0.266,0.878,-0.103,-0.751,-0.383,0.731,0.906,0.835,0.448,0.003,-0.13,0.343,0.057,-0.457,0.783,0.666,0.791,-0.862,-0.354,0.475,-0.67,0.12,0.067,-0.745,-0.146,0.174,0.84,-0.55,-0.021,-0.174,0.256,-0.47,0.78,0.334,-0.472,-0.771,0.768,0.648,0.178,-0.647,-0.066,0.754,0.481,0.641,0.286,0.413,-0.555,-0.422,-0.195,0.258,0.587,-0.554,0.551,-0.191,-0.551,-0.699,-0.312,0.611,0.114,-0.899,0.854,-0.676,-0.611,-0.251,-0.097,-0.455,0.878,0.21,0.603
ALRM,-0.305,-0.635,-0.489,0.559,0.373,0.0,0.015,-0.628,-0.484,0.43,-0.55,0.456,0.127,0.212,-0.064,-0.302,-0.016,0.419,0.17,0.792,0.76,0.73,0.688,-0.49,-0.361,-0.399,0.045,0.497,-0.003,0.008,0.477,-0.261,0.111,0.716,-0.3,0.446,0.468,0.25,0.873,0.068,-0.522,0.16,-0.436,0.886,0.501,0.258,0.498,0.763,0.242,-0.205,-0.507,0.512,-0.14,0.336,0.533,-0.187,0.722,0.703,0.353,-0.39,-0.742,-0.008,-0.392,-0.355,0.352,0.199,0.438,0.127,0.624,-0.134,-0.008,-0.051,0.185,-0.166,0.43,0.354,-0.262,-0.268,0.065,0.537,0.485,-0.561,0.79,-0.601,-0.079,-0.043,0.668,0.22,0.779,0.311,0.683,0.378,0.283,-0.603,0.122,-0.345,0.643,0.079,-0.014,0.388,0.646,-0.64,0.719,0.548,-0.285,0.525,0.471,-0.553,0.268,0.551,-0.6,0.165,-0.049,0.645,0.705,0.516,-0.428,0.355,0.15,0.7,-0.648,0.255,-0.161,-0.342,0.15,0.573,0.388,0.185,-0.659,0.213,0.034,0.574,0.422,0.694,-0.349,-0.492,-0.025,0.527,0.598,-0.181,0.794,0.679,-0.39,0.711,-0.407,-0.045,0.383,0.397,-0.259,-0.62,-0.319,-0.226,0.753,0.587,-0.053,0.123,0.782,0.085,-0.016,0.418,0.615,-0.32,0.027,0.671,0.648,0.417,-0.368,-0.045,0.753,0.677,-0.017,0.126,-0.025,0.761,0.691,0.783,0.564,-0.05,0.529,0.48,0.576,0.621,0.087,-0.313,0.597,-0.083,-0.09,-0.612,0.194,-0.438,-0.128,0.357,0.181,0.135,0.525,0.599,0.16,0.166,0.797,0.691
AMAT,-0.548,0.602,0.661,-0.432,-0.526,0.015,0.0,0.545,0.743,0.774,0.618,-0.627,0.771,0.75,0.903,-0.203,0.818,-0.699,0.88,-0.242,0.295,-0.128,-0.354,-0.281,-0.164,0.018,0.535,-0.16,-0.002,0.905,0.125,0.096,0.94,0.23,-0.231,0.237,0.529,-0.507,0.248,0.664,0.515,0.5,-0.179,-0.034,-0.443,-0.619,0.561,-0.29,-0.554,0.398,0.704,-0.052,0.837,-0.172,0.636,0.644,0.516,0.519,-0.246,0.582,0.171,-0.689,0.58,-0.457,-0.083,0.747,0.619,0.515,-0.364,0.42,0.425,0.695,0.727,0.885,0.716,0.657,0.791,0.782,0.2,0.729,-0.434,0.223,-0.282,0.085,0.899,-0.277,0.447,0.011,0.412,-0.664,-0.057,0.857,0.809,0.324,0.216,-0.408,-0.524,-0.717,-0.625,0.807,0.09,-0.523,0.126,0.04,0.828,-0.037,0.48,-0.02,0.13,0.682,0.426,-0.089,0.966,0.359,0.128,0.604,-0.326,0.72,0.904,-0.371,0.551,0.748,0.869,-0.076,0.581,0.505,0.235,0.911,0.535,0.84,0.872,0.318,-0.456,0.589,0.807,0.563,-0.788,-0.488,-0.371,-0.446,0.212,0.641,-0.286,0.443,0.178,-0.705,-0.341,-0.573,0.654,0.442,-0.612,0.852,0.37,0.549,0.858,0.396,0.15,-0.398,0.959,0.668,0.617,0.255,0.96,-0.587,0.076,0.726,0.763,-0.487,-0.319,0.496,0.89,0.621,-0.518,-0.058,-0.194,-0.003,0.374,0.709,0.611,0.713,-0.055,-0.624,0.6,-0.35,0.697,0.859,0.912,0.442,-0.706,-0.215,0.67,-0.461,0.837,0.904,0.615,0.701,0.674,-0.778,0.448,-0.074
AMED,-0.207,0.788,0.834,-0.613,-0.625,-0.628,0.545,0.0,0.737,0.238,0.861,-0.634,0.357,0.381,0.701,0.166,0.539,-0.766,0.338,-0.743,-0.208,-0.564,-0.755,0.391,0.073,0.358,0.554,-0.419,0.053,0.55,-0.294,0.152,0.497,-0.359,0.074,-0.183,-0.04,-0.564,-0.44,0.313,0.62,0.067,0.013,-0.66,-0.542,-0.488,-0.052,-0.807,-0.412,0.215,0.846,-0.368,0.598,-0.294,0.065,0.639,-0.098,-0.056,-0.252,0.85,0.685,-0.414,0.566,-0.054,-0.314,0.4,0.072,0.121,-0.612,0.212,0.39,0.452,0.384,0.589,0.207,0.142,0.66,0.76,0.087,0.04,-0.698,0.463,-0.667,0.547,0.639,-0.055,-0.222,-0.143,-0.212,-0.583,-0.358,0.32,0.436,0.808,-0.113,-0.055,-0.926,-0.425,-0.409,0.102,-0.334,0.065,-0.411,-0.33,0.75,-0.483,0.026,0.306,-0.096,-0.115,0.546,-0.186,0.613,-0.115,-0.515,-0.052,0.22,0.342,0.291,-0.788,0.939,0.225,0.627,0.154,0.215,-0.086,-0.323,0.489,0.816,0.483,0.481,-0.132,-0.641,-0.163,0.848,0.583,-0.542,-0.644,-0.561,-0.188,-0.379,-0.046,0.256,-0.107,0.537,-0.454,-0.577,-0.489,0.613,0.69,-0.155,0.591,-0.248,0.012,0.644,0.167,-0.317,-0.436,0.565,0.197,-0.135,0.242,0.58,-0.856,-0.343,0.233,0.87,-0.313,-0.65,-0.245,0.55,0.5,-0.336,-0.455,-0.585,-0.61,-0.174,0.457,0.115,0.085,-0.318,-0.727,0.171,0.079,0.102,0.646,0.702,0.745,-0.504,0.42,0.541,-0.582,0.37,0.519,0.035,-0.007,0.213,-0.638,-0.282,-0.574
AMRN,-0.224,0.891,0.858,-0.724,-0.629,-0.484,0.743,0.737,0.0,0.411,0.802,-0.765,0.453,0.538,0.703,0.013,0.664,-0.784,0.656,-0.647,-0.266,-0.508,-0.75,0.101,0.055,0.175,0.334,-0.388,-0.017,0.698,-0.039,0.335,0.685,-0.286,0.002,-0.036,0.142,-0.529,-0.303,0.566,0.725,0.33,0.132,-0.538,-0.646,-0.646,0.226,-0.7,-0.595,0.49,0.893,-0.249,0.758,-0.423,0.24,0.625,-0.02,-0.001,-0.362,0.728,0.547,-0.443,0.785,-0.042,-0.184,0.495,0.291,0.452,-0.689,0.38,0.31,0.591,0.438,0.744,0.322,0.245,0.746,0.78,0.098,0.301,-0.693,0.504,-0.676,0.466,0.756,-0.219,-0.033,-0.136,-0.094,-0.746,-0.458,0.494,0.47,0.597,0.143,-0.114,-0.747,-0.671,-0.475,0.421,-0.331,-0.053,-0.281,-0.251,0.858,-0.412,-0.025,0.336,-0.151,0.255,0.702,-0.185,0.78,-0.149,-0.375,0.078,0.02,0.395,0.601,-0.73,0.802,0.374,0.8,0.278,0.393,0.059,-0.058,0.577,0.844,0.533,0.64,-0.151,-0.583,0.133,0.849,0.747,-0.624,-0.697,-0.706,-0.227,-0.361,0.149,-0.009,-0.121,0.405,-0.563,-0.493,-0.644,0.681,0.742,-0.204,0.882,-0.136,0.082,0.707,0.199,-0.357,-0.455,0.762,0.281,0.162,0.475,0.672,-0.863,-0.331,0.361,0.801,-0.315,-0.691,0.008,0.696,0.408,-0.496,-0.564,-0.589,-0.54,-0.144,0.496,0.198,0.393,-0.463,-0.925,0.413,-0.101,0.2,0.643,0.768,0.695,-0.664,-0.06,0.625,-0.525,0.573,0.642,0.168,0.239,0.296,-0.669,-0.125,-0.573
ANGI,-0.693,0.166,0.442,-0.179,-0.371,0.43,0.774,0.238,0.411,0.0,0.374,-0.288,0.56,0.828,0.771,-0.431,0.735,-0.421,0.751,0.153,0.642,0.282,-0.053,-0.395,-0.484,-0.258,0.572,0.025,0.108,0.732,0.335,-0.163,0.812,0.483,-0.431,0.316,0.572,-0.364,0.618,0.541,0.079,0.337,-0.577,0.353,-0.078,-0.326,0.694,0.035,-0.359,0.076,0.32,0.115,0.665,0.061,0.833,0.588,0.818,0.782,-0.038,0.445,-0.282,-0.575,0.296,-0.528,0.035,0.863,0.793,0.422,-0.052,0.124,0.259,0.479,0.726,0.529,0.854,0.626,0.412,0.645,0.167,0.913,-0.312,-0.24,0.147,-0.174,0.752,-0.213,0.626,-0.059,0.808,-0.424,0.306,0.931,0.891,0.098,0.116,-0.566,-0.211,-0.612,-0.593,0.738,0.321,-0.824,0.383,0.248,0.628,0.076,0.514,-0.422,0.164,0.797,-0.04,-0.187,0.773,0.552,0.331,0.61,-0.474,0.897,0.658,-0.117,0.18,0.692,0.663,-0.286,0.44,0.601,0.113,0.862,0.168,0.853,0.613,0.447,-0.301,0.791,0.619,0.079,-0.795,-0.18,-0.081,-0.513,0.571,0.894,-0.511,0.767,-0.009,-0.736,-0.278,-0.206,0.497,0.03,-0.664,0.539,0.69,0.794,0.782,0.338,0.571,-0.504,0.75,0.733,0.805,-0.012,0.75,-0.223,0.421,0.887,0.491,-0.564,0.127,0.607,0.679,0.593,-0.545,0.302,0.085,0.241,0.452,0.482,0.888,0.904,0.318,-0.219,0.436,-0.46,0.902,0.729,0.75,0.031,-0.496,-0.29,0.596,-0.244,0.805,0.85,0.732,0.857,0.505,-0.621,0.732,0.127
APA,-0.359,0.795,0.849,-0.798,-0.833,-0.55,0.618,0.861,0.802,0.374,0.0,-0.768,0.267,0.643,0.709,-0.123,0.712,-0.844,0.445,-0.716,-0.212,-0.599,-0.793,0.227,0.016,0.15,0.444,-0.585,0.3,0.682,-0.315,0.229,0.608,-0.388,0.028,-0.295,-0.121,-0.487,-0.317,0.368,0.608,-0.016,-0.161,-0.55,-0.695,-0.614,-0.062,-0.684,-0.634,0.34,0.81,-0.529,0.741,-0.144,0.245,0.618,0.023,0.033,-0.469,0.808,0.492,-0.595,0.603,-0.141,-0.224,0.594,0.302,0.22,-0.714,0.101,0.269,0.553,0.286,0.539,0.412,0.018,0.688,0.852,-0.054,0.205,-0.848,0.387,-0.707,0.332,0.784,-0.177,-0.279,-0.317,-0.066,-0.666,-0.285,0.433,0.534,0.644,-0.092,-0.176,-0.858,-0.625,-0.558,0.277,-0.366,-0.006,-0.491,-0.509,0.795,-0.649,-0.087,0.15,-0.22,0.153,0.642,-0.386,0.709,-0.165,-0.433,0.066,-0.076,0.401,0.401,-0.903,0.835,0.407,0.754,0.119,0.334,0.019,-0.373,0.579,0.775,0.587,0.49,-0.134,-0.787,0.039,0.925,0.567,-0.677,-0.792,-0.721,-0.244,-0.26,0.113,0.031,-0.042,0.612,-0.645,-0.745,-0.592,0.797,0.651,-0.219,0.691,-0.135,0.077,0.763,0.234,-0.233,-0.635,0.667,0.196,0.01,0.127,0.584,-0.885,-0.293,0.402,0.859,-0.523,-0.628,-0.121,0.621,0.376,-0.494,-0.445,-0.566,-0.481,-0.286,0.551,0.325,0.246,-0.217,-0.73,0.32,-0.145,0.197,0.681,0.745,0.604,-0.499,0.156,0.776,-0.693,0.625,0.645,0.113,0.072,0.303,-0.759,-0.206,-0.686
APOG,0.471,-0.771,-0.545,0.873,0.883,0.456,-0.627,-0.634,-0.765,-0.288,-0.768,0.0,-0.171,-0.556,-0.57,0.39,-0.762,0.91,-0.578,0.67,0.392,0.762,0.84,0.146,0.049,0.143,-0.02,0.788,-0.243,-0.782,0.525,-0.075,-0.667,0.275,0.134,0.236,0.24,0.642,0.294,-0.26,-0.475,0.096,0.021,0.438,0.84,0.893,0.026,0.6,0.839,-0.741,-0.695,0.696,-0.851,0.453,-0.33,-0.521,0.074,0.111,0.769,-0.581,-0.414,0.737,-0.428,0.438,0.094,-0.549,-0.38,-0.005,0.807,0.042,-0.013,-0.686,-0.18,-0.572,-0.368,0.03,-0.707,-0.765,0.206,-0.257,0.795,-0.302,0.786,-0.031,-0.762,0.207,0.234,0.526,0.158,0.875,0.488,-0.373,-0.423,-0.289,0.311,0.437,0.727,0.844,0.695,-0.341,0.613,-0.102,0.601,0.675,-0.6,0.575,0.211,-0.083,0.488,-0.213,-0.711,0.339,-0.712,0.363,0.365,-0.03,0.385,-0.171,-0.626,0.739,-0.627,-0.272,-0.851,-0.052,-0.343,-0.079,0.318,-0.467,-0.557,-0.416,-0.64,0.362,0.804,-0.048,-0.728,-0.626,0.669,0.949,0.873,0.379,0.158,-0.055,0.296,0.212,-0.363,0.687,0.504,0.9,-0.752,-0.476,0.463,-0.783,0.232,0.154,-0.687,-0.071,0.381,0.684,-0.579,0.044,-0.17,0.056,-0.584,0.855,0.55,-0.358,-0.777,0.628,0.817,0.173,-0.694,-0.06,0.717,0.636,0.748,0.402,0.393,-0.519,-0.217,-0.199,0.468,0.766,-0.64,0.536,-0.093,-0.545,-0.71,-0.437,0.727,0.132,-0.807,0.884,-0.602,-0.583,-0.28,-0.115,-0.517,0.852,0.28,0.557
APPS,-0.165,0.373,0.451,0.014,-0.05,0.127,0.771,0.357,0.453,0.56,0.267,-0.171,0.0,0.399,0.664,0.216,0.394,-0.267,0.655,-0.05,0.442,0.151,0.052,-0.147,0.104,0.352,0.632,0.301,-0.213,0.563,0.408,0.237,0.641,0.283,0.028,0.45,0.738,-0.161,0.294,0.665,0.515,0.739,0.057,0.064,-0.142,-0.204,0.576,-0.079,-0.04,0.046,0.529,0.397,0.397,-0.025,0.319,0.362,0.46,0.532,0.216,0.347,0.151,-0.299,0.47,-0.149,-0.092,0.387,0.276,0.599,-0.015,0.688,0.595,0.43,0.666,0.771,0.479,0.765,0.616,0.406,0.354,0.494,0.027,0.329,-0.05,0.221,0.54,-0.133,0.538,0.481,0.336,-0.187,0.133,0.664,0.543,0.314,0.572,-0.004,-0.244,-0.244,-0.215,0.67,0.421,-0.474,0.428,0.405,0.55,0.311,0.683,0.194,0.5,0.521,0.224,0.105,0.657,0.618,0.289,0.683,0.071,0.557,0.676,-0.037,0.431,0.655,0.438,0.051,0.5,0.44,0.585,0.705,0.407,0.652,0.608,0.617,0.019,0.458,0.478,0.498,-0.383,-0.012,0.051,-0.171,0.214,0.515,0.053,0.488,0.136,-0.239,-0.005,-0.184,0.291,0.451,-0.288,0.561,0.424,0.617,0.503,0.541,0.229,0.112,0.763,0.795,0.431,0.458,0.767,-0.214,0.281,0.411,0.469,0.029,0.001,0.607,0.624,0.705,0.005,0.221,0.18,0.158,0.669,0.607,0.367,0.504,0.083,-0.366,0.33,0.08,0.609,0.637,0.6,0.457,-0.336,-0.083,0.198,-0.009,0.503,0.63,0.379,0.561,0.491,-0.333,0.543,0.223
ARCB,-0.7,0.419,0.527,-0.512,-0.695,0.212,0.75,0.381,0.538,0.828,0.643,-0.556,0.399,0.0,0.73,-0.512,0.856,-0.649,0.737,-0.156,0.367,-0.098,-0.337,-0.313,-0.301,-0.199,0.414,-0.295,0.375,0.834,0.057,0.048,0.833,0.156,-0.215,0.144,0.211,-0.35,0.429,0.466,0.29,0.158,-0.546,0.145,-0.428,-0.557,0.356,-0.124,-0.564,0.269,0.469,-0.202,0.783,0.031,0.756,0.586,0.639,0.601,-0.338,0.595,-0.139,-0.733,0.329,-0.511,0.025,0.908,0.758,0.374,-0.371,0.018,0.17,0.585,0.46,0.502,0.867,0.298,0.572,0.788,-0.019,0.748,-0.59,-0.031,-0.191,-0.171,0.872,-0.251,0.291,-0.199,0.563,-0.548,0.22,0.825,0.815,0.153,0.047,-0.542,-0.378,-0.758,-0.726,0.725,0.058,-0.554,0.02,-0.148,0.65,-0.301,0.251,-0.294,-0.077,0.716,0.262,-0.425,0.807,0.299,0.13,0.515,-0.545,0.725,0.67,-0.457,0.369,0.668,0.768,-0.061,0.539,0.556,-0.05,0.819,0.315,0.846,0.608,0.302,-0.562,0.674,0.741,0.278,-0.817,-0.493,-0.432,-0.451,0.403,0.73,-0.452,0.528,0.347,-0.83,-0.479,-0.43,0.757,0.203,-0.557,0.682,0.483,0.536,0.852,0.319,0.357,-0.704,0.779,0.571,0.601,-0.134,0.677,-0.449,0.176,0.833,0.657,-0.683,-0.11,0.428,0.764,0.453,-0.664,0.072,-0.1,0.133,0.122,0.608,0.846,0.72,0.15,-0.375,0.51,-0.515,0.727,0.672,0.795,0.177,-0.47,-0.312,0.802,-0.486,0.925,0.887,0.562,0.612,0.491,-0.764,0.444,-0.189
ARCC,-0.636,0.55,0.764,-0.405,-0.578,-0.064,0.903,0.701,0.703,0.771,0.709,-0.57,0.664,0.73,0.0,-0.205,0.841,-0.743,0.765,-0.237,0.37,-0.11,-0.41,-0.069,-0.32,-0.027,0.695,-0.182,0.032,0.846,0.034,-0.089,0.907,0.269,-0.354,0.15,0.431,-0.641,0.196,0.518,0.382,0.33,-0.368,-0.064,-0.326,-0.52,0.504,-0.378,-0.497,0.207,0.667,-0.139,0.839,-0.102,0.659,0.722,0.543,0.536,-0.238,0.743,0.165,-0.699,0.502,-0.467,-0.178,0.809,0.604,0.344,-0.305,0.234,0.414,0.652,0.831,0.798,0.73,0.592,0.652,0.863,0.213,0.7,-0.533,0.055,-0.229,0.136,0.897,-0.243,0.413,-0.088,0.434,-0.654,-0.039,0.856,0.887,0.464,0.026,-0.486,-0.688,-0.657,-0.683,0.614,0.044,-0.558,0.091,0.024,0.902,-0.105,0.482,-0.172,0.142,0.502,0.29,-0.181,0.938,0.336,0.05,0.45,-0.237,0.84,0.703,-0.428,0.632,0.734,0.863,-0.207,0.451,0.346,-0.044,0.931,0.536,0.888,0.78,0.244,-0.544,0.492,0.9,0.358,-0.866,-0.497,-0.319,-0.538,0.19,0.609,-0.214,0.469,0.217,-0.752,-0.513,-0.466,0.696,0.385,-0.63,0.733,0.355,0.565,0.918,0.365,0.256,-0.506,0.903,0.638,0.527,0.179,0.914,-0.645,0.163,0.781,0.831,-0.582,-0.3,0.314,0.82,0.729,-0.521,-0.018,-0.224,-0.101,0.315,0.661,0.668,0.684,0.028,-0.57,0.513,-0.274,0.704,0.938,0.951,0.396,-0.711,-0.027,0.701,-0.488,0.79,0.906,0.629,0.641,0.612,-0.822,0.388,-0.175
ARVN,0.786,0.152,0.133,0.331,0.535,-0.302,-0.203,0.166,0.013,-0.431,-0.123,0.39,0.216,-0.512,-0.205,0.0,-0.56,0.372,-0.318,-0.174,-0.149,0.061,0.145,0.544,0.613,0.739,0.201,0.498,-0.277,-0.439,0.36,0.549,-0.4,-0.355,0.64,0.157,0.228,0.365,-0.407,0.21,0.421,0.396,0.677,-0.417,0.197,0.46,-0.108,-0.239,0.578,-0.247,0.219,0.53,-0.504,0.032,-0.656,-0.21,-0.374,-0.227,0.639,-0.012,0.571,0.68,0.298,0.767,-0.188,-0.585,-0.708,0.321,0.13,0.595,0.53,-0.31,-0.077,0.031,-0.511,0.088,0.061,-0.31,0.362,-0.563,0.382,0.619,-0.021,0.692,-0.406,0.141,-0.151,0.696,-0.443,0.399,-0.007,-0.376,-0.393,0.449,0.538,0.838,-0.01,0.644,0.69,-0.272,0.244,0.389,0.155,0.362,-0.064,0.187,0.097,0.773,0.439,-0.484,0.088,0.448,-0.313,0.092,-0.214,-0.127,0.867,-0.265,-0.32,0.02,0.268,-0.254,-0.447,0.482,-0.069,-0.269,0.396,-0.273,0.345,-0.255,-0.206,0.181,0.444,-0.387,-0.157,0.283,0.554,0.376,0.292,0.62,-0.59,-0.403,0.848,-0.268,0.181,0.667,0.295,0.408,-0.426,0.431,0.712,-0.17,-0.261,-0.105,-0.404,0.022,-0.309,0.674,-0.146,0.094,-0.559,0.654,-0.171,0.076,-0.072,-0.564,-0.109,0.806,0.074,-0.06,-0.263,0.231,0.679,0.017,0.202,-0.269,0.173,-0.129,-0.581,-0.382,-0.131,-0.069,-0.549,0.868,-0.329,-0.234,-0.285,0.502,0.436,0.467,-0.606,0.521,-0.502,-0.332,-0.566,-0.399,-0.471,0.556,-0.243,-0.026
ATEC,-0.803,0.556,0.599,-0.642,-0.819,-0.016,0.818,0.539,0.664,0.735,0.712,-0.762,0.394,0.856,0.841,-0.56,0.0,-0.87,0.818,-0.269,0.182,-0.29,-0.537,-0.285,-0.393,-0.303,0.358,-0.489,0.221,0.933,-0.194,-0.177,0.912,0.196,-0.397,0.018,0.101,-0.646,0.261,0.323,0.295,0.043,-0.497,0.01,-0.533,-0.725,0.31,-0.279,-0.749,0.404,0.55,-0.432,0.965,-0.196,0.783,0.642,0.491,0.413,-0.562,0.682,-0.02,-0.909,0.322,-0.669,-0.014,0.894,0.79,0.177,-0.462,-0.042,0.027,0.765,0.581,0.637,0.792,0.302,0.602,0.905,-0.024,0.742,-0.719,-0.076,-0.359,-0.17,0.963,-0.298,0.281,-0.393,0.401,-0.781,-0.097,0.787,0.794,0.198,-0.195,-0.703,-0.578,-0.906,-0.91,0.658,-0.2,-0.442,-0.132,-0.283,0.756,-0.328,0.231,-0.342,-0.153,0.605,0.395,-0.378,0.911,0.081,0.003,0.361,-0.583,0.668,0.761,-0.498,0.491,0.624,0.946,-0.178,0.491,0.381,-0.229,0.827,0.379,0.794,0.785,0.058,-0.718,0.513,0.828,0.315,-0.932,-0.704,-0.589,-0.657,0.308,0.578,-0.516,0.354,0.281,-0.915,-0.593,-0.697,0.888,0.249,-0.75,0.767,0.273,0.364,0.95,0.214,0.169,-0.784,0.816,0.398,0.579,-0.131,0.772,-0.648,0.036,0.813,0.785,-0.805,-0.407,0.219,0.87,0.397,-0.794,-0.17,-0.375,-0.028,0.058,0.65,0.749,0.638,-0.075,-0.543,0.65,-0.627,0.618,0.774,0.908,0.212,-0.778,-0.291,0.912,-0.707,0.894,0.883,0.634,0.573,0.684,-0.952,0.286,-0.248
ATXS,0.604,-0.79,-0.702,0.841,0.902,0.419,-0.699,-0.766,-0.784,-0.421,-0.844,0.91,-0.267,-0.649,-0.743,0.372,-0.87,0.0,-0.644,0.634,0.223,0.655,0.835,0.028,0.182,0.092,-0.24,0.677,-0.178,-0.842,0.469,0.07,-0.753,0.168,0.196,0.202,0.168,0.725,0.192,-0.219,-0.497,0.073,0.233,0.404,0.739,0.826,0.004,0.599,0.812,-0.498,-0.737,0.636,-0.919,0.418,-0.449,-0.662,-0.065,-0.023,0.664,-0.784,-0.352,0.811,-0.4,0.487,0.118,-0.675,-0.495,-0.057,0.74,0.034,0.003,-0.71,-0.379,-0.64,-0.466,-0.097,-0.673,-0.9,0.111,-0.377,0.864,-0.213,0.703,-0.1,-0.877,0.187,0.079,0.47,0.035,0.863,0.442,-0.515,-0.561,-0.435,0.314,0.505,0.81,0.864,0.835,-0.39,0.52,0.068,0.452,0.528,-0.75,0.539,0.054,0.03,0.354,-0.249,-0.632,0.362,-0.813,0.227,0.363,-0.052,0.345,-0.387,-0.614,0.739,-0.737,-0.358,-0.917,-0.007,-0.337,-0.107,0.378,-0.599,-0.609,-0.58,-0.713,0.245,0.861,-0.129,-0.858,-0.532,0.803,0.892,0.807,0.558,0.091,-0.162,0.264,0.042,-0.405,0.809,0.658,0.854,-0.869,-0.475,0.557,-0.801,0.145,0.007,-0.827,-0.088,0.248,0.759,-0.698,-0.128,-0.232,0.047,-0.666,0.889,0.349,-0.503,-0.877,0.71,0.75,0.12,-0.775,-0.283,0.771,0.544,0.714,0.38,0.239,-0.58,-0.387,-0.292,0.402,0.753,-0.558,0.457,-0.251,-0.666,-0.842,-0.485,0.807,0.023,-0.874,0.835,-0.68,-0.695,-0.329,-0.236,-0.532,0.934,0.141,0.503
AVAV,-0.598,0.526,0.517,-0.37,-0.506,0.17,0.88,0.338,0.656,0.751,0.445,-0.578,0.655,0.737,0.765,-0.318,0.818,-0.644,0.0,-0.078,0.301,-0.083,-0.294,-0.383,-0.276,-0.143,0.275,-0.139,0.013,0.89,0.148,-0.027,0.911,0.34,-0.303,0.393,0.414,-0.514,0.381,0.548,0.394,0.46,-0.219,0.145,-0.418,-0.635,0.546,-0.09,-0.524,0.381,0.528,-0.002,0.834,-0.282,0.72,0.559,0.551,0.537,-0.286,0.512,-0.054,-0.66,0.359,-0.502,0.035,0.762,0.72,0.441,-0.355,0.283,0.197,0.697,0.666,0.805,0.754,0.525,0.664,0.737,0.075,0.774,-0.403,0.057,-0.2,-0.09,0.857,-0.319,0.541,0.005,0.441,-0.66,-0.027,0.83,0.705,0.128,0.166,-0.487,-0.337,-0.76,-0.696,0.822,0.065,-0.491,0.234,0.047,0.684,0.051,0.371,-0.146,0.077,0.742,0.397,-0.129,0.894,0.306,0.243,0.58,-0.429,0.634,0.911,-0.24,0.376,0.648,0.837,0.038,0.6,0.522,0.266,0.82,0.363,0.787,0.832,0.311,-0.397,0.673,0.655,0.415,-0.728,-0.436,-0.384,-0.51,0.293,0.664,-0.443,0.422,0.067,-0.714,-0.185,-0.596,0.644,0.286,-0.621,0.847,0.394,0.483,0.784,0.302,0.2,-0.438,0.878,0.612,0.714,0.198,0.815,-0.442,0.157,0.718,0.634,-0.456,-0.228,0.546,0.886,0.477,-0.611,-0.028,-0.137,0.063,0.399,0.721,0.662,0.708,-0.142,-0.539,0.673,-0.471,0.707,0.694,0.836,0.28,-0.685,-0.423,0.645,-0.37,0.789,0.835,0.611,0.709,0.675,-0.727,0.485,-0.024
AXON,-0.119,-0.815,-0.57,0.752,0.586,0.792,-0.242,-0.743,-0.647,0.153,-0.716,0.67,-0.05,-0.156,-0.237,-0.174,-0.269,0.634,-0.078,0.0,0.67,0.817,0.834,-0.344,-0.399,-0.445,-0.074,0.578,-0.074,-0.304,0.461,-0.417,-0.165,0.753,-0.362,0.406,0.373,0.296,0.701,-0.155,-0.675,0.078,-0.34,0.852,0.765,0.575,0.422,0.829,0.45,-0.386,-0.755,0.494,-0.368,0.459,0.312,-0.331,0.534,0.498,0.386,-0.568,-0.788,0.221,-0.531,-0.149,0.177,-0.055,0.192,-0.027,0.803,-0.181,-0.121,-0.26,0.181,-0.319,0.172,0.226,-0.567,-0.478,0.065,0.336,0.647,-0.694,0.913,-0.564,-0.357,-0.027,0.603,0.232,0.612,0.471,0.548,0.097,0.031,-0.62,0.092,-0.197,0.714,0.351,0.181,0.113,0.602,-0.502,0.75,0.581,-0.408,0.675,0.399,-0.596,0.372,0.308,-0.715,0.253,-0.293,0.47,0.735,0.305,-0.266,0.184,-0.117,0.839,-0.804,0.134,-0.388,-0.456,-0.063,0.231,0.289,-0.04,-0.759,-0.038,-0.217,0.406,0.586,0.458,-0.548,-0.718,0.212,0.679,0.774,-0.083,0.608,0.44,-0.305,0.538,-0.627,0.202,0.416,0.582,-0.474,-0.71,-0.157,-0.499,0.588,0.45,-0.298,0.008,0.727,0.337,-0.239,0.217,0.422,-0.175,-0.219,0.788,0.751,0.178,-0.603,0.109,0.804,0.486,-0.311,-0.039,0.262,0.752,0.753,0.714,0.554,-0.233,0.274,0.278,0.57,0.743,-0.051,-0.1,0.362,-0.216,-0.346,-0.763,0.299,-0.363,-0.385,0.591,-0.122,-0.156,0.366,0.389,0.039,0.402,0.652,0.654
BANF,-0.4,-0.442,-0.058,0.539,0.25,0.76,0.295,-0.208,-0.266,0.642,-0.212,0.392,0.442,0.367,0.37,-0.149,0.182,0.223,0.301,0.67,0.0,0.766,0.612,-0.277,-0.416,-0.18,0.503,0.543,0.019,0.192,0.514,-0.287,0.351,0.768,-0.356,0.513,0.672,0.041,0.844,0.271,-0.344,0.336,-0.527,0.728,0.513,0.262,0.621,0.507,0.284,-0.382,-0.249,0.518,0.043,0.481,0.586,0.1,0.91,0.915,0.429,-0.026,-0.551,-0.139,-0.17,-0.334,0.019,0.443,0.442,0.224,0.573,0.073,0.324,0.033,0.585,0.13,0.647,0.589,-0.066,0.065,0.301,0.657,0.361,-0.474,0.731,-0.338,0.179,-0.049,0.788,0.352,0.865,0.219,0.762,0.621,0.584,-0.177,0.234,-0.318,0.275,0.069,-0.116,0.46,0.767,-0.798,0.751,0.642,0.111,0.533,0.762,-0.533,0.564,0.535,-0.568,0.055,0.243,0.847,0.715,0.67,-0.257,0.703,0.241,0.471,-0.296,0.568,0.036,-0.421,0.246,0.553,0.341,0.556,-0.321,0.573,0.183,0.765,0.289,0.723,0.045,-0.405,-0.255,0.459,0.615,-0.243,0.735,0.821,-0.254,0.924,-0.252,-0.183,0.171,0.411,-0.062,-0.387,-0.397,-0.095,0.884,0.862,0.26,0.273,0.916,0.069,0.303,0.712,0.626,-0.106,0.345,0.414,0.796,0.612,-0.046,-0.131,0.726,0.696,0.208,0.573,0.061,0.876,0.714,0.646,0.788,0.226,0.706,0.638,0.701,0.437,0.072,-0.113,0.832,0.361,0.241,-0.35,0.07,-0.135,-0.024,0.313,0.36,0.434,0.602,0.698,0.312,-0.041,0.897,0.589
BATRK,0.014,-0.692,-0.321,0.791,0.678,0.73,-0.128,-0.564,-0.508,0.282,-0.599,0.762,0.151,-0.098,-0.11,0.061,-0.29,0.655,-0.083,0.817,0.766,0.0,0.817,-0.171,-0.316,-0.151,0.197,0.757,-0.247,-0.313,0.659,-0.235,-0.134,0.695,-0.273,0.463,0.633,0.326,0.706,0.06,-0.513,0.292,-0.29,0.688,0.802,0.64,0.505,0.619,0.553,-0.583,-0.537,0.721,-0.408,0.467,0.234,-0.22,0.582,0.578,0.701,-0.384,-0.605,0.356,-0.249,0.07,0.004,-0.058,0.13,0.172,0.813,0.097,0.127,-0.393,0.308,-0.225,0.159,0.435,-0.442,-0.402,0.306,0.344,0.649,-0.518,0.903,-0.239,-0.319,0.04,0.691,0.447,0.663,0.533,0.638,0.208,0.118,-0.282,0.313,0.004,0.642,0.434,0.311,0.099,0.772,-0.587,0.818,0.818,-0.229,0.682,0.542,-0.401,0.62,0.287,-0.74,0.261,-0.221,0.632,0.626,0.326,-0.007,0.346,-0.148,0.742,-0.613,0.155,-0.409,-0.306,-0.047,0.341,0.384,0.067,-0.471,0.063,-0.206,0.569,0.645,0.451,-0.391,-0.582,0.177,0.82,0.815,0.031,0.537,0.494,-0.132,0.679,-0.494,0.244,0.413,0.716,-0.479,-0.559,-0.031,-0.447,0.642,0.624,-0.207,0.031,0.735,0.399,-0.145,0.433,0.415,0.042,-0.091,0.739,0.762,0.224,-0.531,0.252,0.86,0.511,-0.243,0.276,0.347,0.795,0.76,0.562,0.684,-0.264,0.309,0.394,0.606,0.643,-0.266,0.147,0.446,-0.081,-0.235,-0.529,0.341,-0.121,-0.466,0.691,-0.127,-0.076,0.275,0.483,-0.097,0.45,0.726,0.713
BIDU,0.234,-0.81,-0.644,0.885,0.79,0.688,-0.354,-0.755,-0.75,-0.053,-0.793,0.84,0.052,-0.337,-0.41,0.145,-0.537,0.835,-0.294,0.834,0.612,0.817,0.0,-0.213,-0.017,-0.053,-0.045,0.75,-0.133,-0.501,0.542,-0.11,-0.374,0.532,-0.038,0.399,0.432,0.581,0.591,-0.111,-0.521,0.219,-0.056,0.716,0.751,0.69,0.265,0.797,0.696,-0.491,-0.716,0.683,-0.642,0.559,-0.046,-0.506,0.381,0.389,0.604,-0.698,-0.583,0.448,-0.443,0.114,0.174,-0.307,-0.132,0.059,0.83,0.09,0.057,-0.452,-0.031,-0.39,-0.035,0.207,-0.54,-0.677,0.271,0.052,0.894,-0.382,0.865,-0.364,-0.56,0.029,0.485,0.526,0.414,0.746,0.653,-0.109,-0.194,-0.549,0.365,0.178,0.828,0.628,0.518,0.02,0.722,-0.303,0.695,0.693,-0.559,0.691,0.475,-0.258,0.555,0.131,-0.699,0.312,-0.477,0.568,0.699,0.363,0.02,-0.04,-0.245,0.855,-0.751,0.062,-0.652,-0.238,-0.103,0.204,0.532,-0.193,-0.69,-0.183,-0.386,0.573,0.79,0.27,-0.69,-0.579,0.497,0.87,0.879,0.249,0.477,0.267,-0.004,0.447,-0.465,0.522,0.601,0.729,-0.654,-0.556,0.156,-0.63,0.529,0.376,-0.52,0.072,0.579,0.653,-0.348,0.204,0.152,-0.046,-0.32,0.892,0.641,-0.104,-0.719,0.444,0.892,0.462,-0.454,-0.021,0.626,0.823,0.895,0.723,0.602,-0.257,0.029,0.049,0.619,0.797,-0.314,0.212,0.196,-0.365,-0.538,-0.568,0.59,-0.193,-0.657,0.747,-0.301,-0.318,0.052,0.15,-0.094,0.656,0.562,0.736
BLNE,0.367,0.185,0.33,0.03,0.064,-0.49,-0.281,0.391,0.101,-0.395,0.227,0.146,-0.147,-0.313,-0.069,0.544,-0.285,0.028,-0.383,-0.344,-0.277,-0.171,-0.213,0.0,0.21,0.438,0.163,-0.002,-0.04,-0.297,-0.158,0.181,-0.294,-0.368,0.245,-0.211,-0.198,-0.055,-0.518,-0.1,0.183,-0.093,0.239,-0.458,0.037,0.256,-0.349,-0.41,0.258,-0.284,0.214,-0.04,-0.251,-0.007,-0.462,-0.095,-0.41,-0.33,0.222,0.238,0.447,0.346,0.144,0.522,-0.301,-0.301,-0.478,-0.102,-0.082,0.051,0.198,-0.252,-0.098,-0.114,-0.376,-0.241,-0.027,-0.028,0.02,-0.54,-0.09,0.285,-0.169,0.47,-0.207,-0.014,-0.377,0.198,-0.428,0.089,-0.154,-0.303,-0.227,0.504,-0.033,0.468,-0.28,0.399,0.298,-0.52,-0.14,0.426,-0.199,-0.046,0.09,-0.188,-0.151,0.365,0.129,-0.62,0.104,0.101,-0.222,-0.157,-0.316,-0.367,0.596,-0.169,-0.471,-0.263,0.371,-0.208,-0.209,0.265,-0.241,-0.398,-0.242,-0.232,0.39,-0.159,-0.309,-0.11,-0.011,-0.497,0.072,0.02,0.257,0.026,0.022,0.345,-0.56,-0.473,0.658,-0.324,0.254,0.31,-0.128,0.181,-0.097,0.267,0.491,-0.171,-0.356,-0.249,-0.16,-0.072,-0.241,0.183,-0.187,-0.143,-0.558,0.294,-0.226,-0.176,-0.141,-0.322,0.081,0.337,-0.142,-0.442,-0.235,0.198,0.311,-0.18,-0.142,-0.459,-0.209,-0.083,-0.384,-0.43,-0.168,-0.088,-0.459,0.554,-0.386,-0.073,-0.121,0.326,0.239,0.418,-0.219,0.092,-0.397,-0.276,-0.461,-0.448,-0.365,0.222,-0.473,-0.371
BLNK,0.734,0.272,-0.04,-0.074,0.192,-0.361,-0.164,0.073,0.055,-0.484,0.016,0.049,0.104,-0.301,-0.32,0.613,-0.393,0.182,-0.276,-0.399,-0.416,-0.316,-0.017,0.21,0.0,0.679,-0.031,0.173,0.109,-0.264,0.135,0.799,-0.332,-0.635,0.793,-0.151,-0.124,0.566,-0.424,0.112,0.514,0.243,0.648,-0.429,-0.221,0.082,-0.398,-0.185,0.286,0.116,0.243,0.18,-0.353,0.121,-0.671,-0.29,-0.493,-0.416,0.148,-0.141,0.525,0.342,0.348,0.575,0.078,-0.479,-0.569,0.355,-0.155,0.549,0.271,-0.13,-0.472,-0.067,-0.431,-0.193,0.179,-0.27,0.269,-0.576,0.198,0.781,-0.364,0.472,-0.273,0.097,-0.437,0.421,-0.559,0.324,-0.083,-0.46,-0.495,0.137,0.532,0.712,0.019,0.346,0.489,-0.046,0.033,0.547,-0.276,-0.051,-0.142,-0.236,-0.127,0.784,0.081,-0.295,0.33,0.083,-0.268,-0.081,-0.33,-0.026,0.544,-0.486,-0.125,-0.188,0.272,-0.161,-0.325,0.571,0.083,-0.152,0.349,-0.314,0.261,-0.358,-0.145,0.05,0.146,-0.373,-0.145,0.495,0.491,0.063,-0.093,0.583,-0.479,-0.464,0.66,-0.497,0.512,0.532,0.123,0.076,-0.159,0.598,0.666,-0.01,-0.354,-0.372,-0.364,0.117,-0.536,0.426,-0.121,-0.152,-0.623,0.328,-0.191,-0.049,-0.358,-0.595,-0.09,0.56,-0.135,-0.08,-0.169,-0.158,0.537,-0.199,0.061,-0.129,-0.159,-0.033,-0.572,-0.447,-0.127,-0.154,-0.31,0.583,-0.481,-0.325,-0.315,0.508,0.405,0.144,-0.29,0.191,-0.236,-0.305,-0.61,-0.572,-0.306,0.365,-0.386,-0.09
BTAI,0.603,0.367,0.274,0.043,0.219,-0.399,0.018,0.358,0.175,-0.258,0.15,0.143,0.352,-0.199,-0.027,0.739,-0.303,0.092,-0.143,-0.445,-0.18,-0.151,-0.053,0.438,0.679,0.0,0.293,0.283,-0.131,-0.165,0.24,0.576,-0.189,-0.486,0.662,0.109,0.127,0.32,-0.349,0.268,0.592,0.491,0.555,-0.489,-0.103,0.102,-0.255,-0.356,0.379,-0.187,0.417,0.368,-0.275,-0.062,-0.601,0.035,-0.345,-0.228,0.399,0.174,0.593,0.378,0.412,0.595,-0.189,-0.326,-0.527,0.342,-0.136,0.715,0.434,-0.226,-0.122,0.206,-0.324,0.081,0.325,-0.044,0.267,-0.475,0.126,0.757,-0.287,0.737,-0.115,0.07,-0.206,0.614,-0.449,0.246,-0.05,-0.235,-0.278,0.497,0.56,0.742,-0.172,0.382,0.431,-0.059,0.226,0.328,-0.067,0.18,0.093,-0.019,0.086,0.774,0.305,-0.308,0.285,0.118,-0.077,0.165,-0.265,0.047,0.751,-0.185,-0.093,-0.236,0.503,-0.093,-0.228,0.658,0.121,-0.043,0.373,-0.084,0.517,-0.084,-0.088,0.265,0.186,-0.343,0.087,0.509,0.359,0.175,-0.003,0.518,-0.486,-0.338,0.746,-0.23,0.459,0.434,0.122,0.13,-0.083,0.618,0.569,0.102,-0.249,-0.148,-0.158,0.201,-0.383,0.438,0.06,0.169,-0.509,0.509,0.035,-0.119,-0.164,-0.437,0.111,0.596,-0.09,-0.02,-0.013,0.281,0.499,-0.106,0.057,-0.338,0.134,0.107,-0.392,-0.322,-0.185,-0.276,-0.423,0.734,-0.258,-0.056,-0.059,0.72,0.293,0.474,-0.327,0.262,-0.25,-0.127,-0.563,-0.358,-0.329,0.276,-0.228,-0.08
BYND,-0.223,0.202,0.553,-0.032,-0.1,0.045,0.535,0.554,0.334,0.572,0.444,-0.02,0.632,0.414,0.695,0.201,0.358,-0.24,0.275,-0.074,0.503,0.197,-0.045,0.163,-0.031,0.293,0.0,0.237,-0.048,0.347,0.362,0.096,0.443,0.157,-0.012,0.058,0.543,-0.102,0.182,0.468,0.282,0.348,-0.306,-0.024,0.092,0.044,0.421,-0.22,0.02,-0.25,0.451,0.244,0.281,0.261,0.301,0.492,0.461,0.496,0.277,0.495,0.165,-0.242,0.467,-0.071,-0.101,0.423,0.257,0.426,0.12,0.365,0.572,0.284,0.628,0.408,0.432,0.601,0.327,0.431,0.393,0.407,-0.171,0.108,0.058,0.37,0.454,-0.022,0.309,0.213,0.425,-0.074,0.229,0.569,0.634,0.479,0.285,-0.053,-0.437,-0.104,-0.183,0.353,0.416,-0.553,0.257,0.338,0.623,-0.016,0.603,-0.019,0.355,0.273,-0.047,0.0,0.491,0.567,-0.005,0.374,0.208,0.737,0.23,-0.193,0.516,0.55,0.315,-0.193,0.255,0.189,0.05,0.648,0.367,0.613,0.371,0.437,-0.137,0.287,0.602,0.163,-0.48,-0.002,0.148,-0.193,0.178,0.467,0.213,0.507,0.305,-0.299,-0.419,0.115,0.308,0.369,-0.201,0.24,0.4,0.64,0.531,0.468,0.344,-0.144,0.558,0.654,0.187,0.218,0.599,-0.269,0.373,0.458,0.515,-0.15,0.085,0.323,0.365,0.746,0.019,0.279,0.156,0.006,0.403,0.303,0.447,0.485,0.385,-0.206,-0.006,0.22,0.548,0.65,0.52,0.368,-0.185,0.241,0.277,-0.064,0.435,0.558,0.346,0.414,0.18,-0.311,0.434,0.02
CAN,0.383,-0.454,-0.244,0.756,0.806,0.497,-0.16,-0.419,-0.388,0.025,-0.585,0.788,0.301,-0.295,-0.182,0.498,-0.489,0.677,-0.139,0.578,0.543,0.757,0.75,-0.002,0.173,0.283,0.237,0.0,-0.311,-0.419,0.76,0.14,-0.261,0.359,0.175,0.443,0.618,0.516,0.394,0.144,-0.138,0.533,0.107,0.408,0.692,0.658,0.337,0.466,0.699,-0.565,-0.318,0.884,-0.553,0.373,-0.122,-0.261,0.294,0.359,0.822,-0.332,-0.251,0.566,-0.061,0.382,0.094,-0.306,-0.18,0.456,0.692,0.424,0.32,-0.368,0.187,-0.116,-0.11,0.443,-0.324,-0.493,0.492,0.038,0.745,-0.03,0.685,0.143,-0.419,0.199,0.522,0.74,0.311,0.644,0.478,0.004,-0.105,-0.091,0.618,0.395,0.533,0.61,0.529,0.105,0.761,-0.327,0.775,0.879,-0.21,0.648,0.506,0.088,0.632,0.081,-0.518,0.398,-0.297,0.606,0.395,0.268,0.395,0.148,-0.187,0.643,-0.35,0.052,-0.521,0.062,-0.068,0.15,0.629,-0.075,-0.261,-0.072,-0.194,0.575,0.737,0.271,-0.404,-0.274,0.409,0.84,0.78,0.239,0.158,0.227,0.3,0.378,-0.264,0.484,0.479,0.72,-0.565,-0.171,0.31,-0.363,0.399,0.412,-0.388,0.134,0.405,0.653,-0.113,0.428,0.085,0.351,-0.142,0.629,0.58,-0.099,-0.48,0.576,0.71,0.485,-0.301,0.311,0.597,0.631,0.744,0.423,0.66,-0.22,-0.038,0.148,0.42,0.434,-0.422,0.559,0.214,-0.231,-0.33,-0.129,0.439,0.053,-0.63,0.846,-0.276,-0.213,-0.062,0.218,-0.285,0.618,0.527,0.627
CCEC,-0.19,0.068,0.041,-0.288,-0.404,-0.003,-0.002,0.053,-0.017,0.108,0.3,-0.243,-0.213,0.375,0.032,-0.277,0.221,-0.178,0.013,-0.074,0.019,-0.247,-0.133,-0.04,0.109,-0.131,-0.048,-0.311,0.0,0.186,-0.187,0.153,0.112,-0.194,0.12,-0.132,-0.335,0.068,0.07,-0.008,-0.022,-0.272,-0.26,0.031,-0.214,-0.125,-0.25,-0.027,-0.149,0.171,0.025,-0.336,0.158,0.363,0.118,0.022,0.157,0.12,-0.298,0.119,-0.072,-0.271,-0.031,-0.101,0.036,0.333,0.136,-0.044,-0.246,-0.225,0.012,0.165,-0.203,-0.174,0.338,-0.369,0.079,0.197,-0.131,0.021,-0.284,0.027,-0.145,-0.298,0.187,-0.162,-0.25,-0.218,0.075,-0.083,0.321,0.071,0.144,-0.094,-0.119,-0.134,-0.116,-0.16,-0.208,0.14,-0.062,0.096,-0.322,-0.355,0.023,-0.414,-0.156,-0.127,-0.217,0.075,0.031,-0.466,0.062,-0.008,0.014,0.177,-0.303,0.041,0.013,-0.348,0.028,0.186,0.114,0.038,0.166,0.174,-0.223,0.135,-0.012,0.203,-0.029,0.067,-0.346,0.156,0.17,-0.007,-0.138,-0.286,-0.266,0.008,0.096,0.119,-0.09,0.038,0.347,-0.217,-0.253,-0.08,0.285,0.042,0.009,0.026,0.121,0.002,0.149,-0.009,0.115,-0.372,0.063,-0.068,-0.076,-0.364,-0.052,-0.139,-0.095,0.154,0.089,-0.319,0.034,0.002,0.084,-0.097,-0.151,0.085,0.035,0.108,-0.272,0.268,0.25,0.057,0.292,0.052,0.068,-0.249,0.078,0.057,0.083,-0.093,0.147,-0.151,0.354,-0.254,0.306,0.202,0.012,-0.157,0.062,-0.209,-0.065,-0.211
CDW,-0.721,0.607,0.584,-0.586,-0.757,0.008,0.905,0.55,0.698,0.732,0.682,-0.782,0.563,0.834,0.846,-0.439,0.933,-0.842,0.89,-0.304,0.192,-0.313,-0.501,-0.297,-0.264,-0.165,0.347,-0.419,0.186,0.0,-0.157,-0.054,0.957,0.189,-0.307,0.134,0.234,-0.631,0.236,0.493,0.412,0.228,-0.31,-0.004,-0.606,-0.769,0.369,-0.279,-0.708,0.478,0.644,-0.329,0.941,-0.254,0.717,0.63,0.485,0.463,-0.479,0.625,0.085,-0.859,0.374,-0.638,0.003,0.843,0.73,0.271,-0.512,0.12,0.203,0.802,0.578,0.776,0.785,0.4,0.77,0.857,-0.018,0.704,-0.611,0.105,-0.391,-0.125,0.961,-0.315,0.303,-0.224,0.374,-0.783,-0.074,0.825,0.798,0.224,-0.063,-0.598,-0.567,-0.861,-0.823,0.735,-0.123,-0.399,-0.066,-0.235,0.735,-0.219,0.288,-0.175,-0.107,0.637,0.481,-0.25,0.947,0.209,0.077,0.522,-0.526,0.622,0.881,-0.468,0.529,0.664,0.943,-0.093,0.576,0.473,0.002,0.856,0.443,0.83,0.856,0.185,-0.636,0.55,0.806,0.489,-0.856,-0.673,-0.541,-0.575,0.266,0.578,-0.427,0.376,0.238,-0.843,-0.414,-0.734,0.791,0.335,-0.713,0.849,0.296,0.402,0.894,0.318,0.137,-0.635,0.879,0.499,0.604,-0.02,0.871,-0.638,-0.037,0.754,0.804,-0.677,-0.414,0.361,0.921,0.462,-0.725,-0.141,-0.338,-0.009,0.175,0.771,0.678,0.611,-0.126,-0.581,0.72,-0.583,0.646,0.794,0.927,0.332,-0.747,-0.289,0.849,-0.677,0.88,0.901,0.634,0.607,0.756,-0.915,0.325,-0.18
