,ABEO,ACHC,AGNCN,AKAM,AKRO,ALRM,AMAT,AMED,AMRN,ANGI,APA,APOG,APPS,ARCB,ARCC,ARVN,ATEC,ATXS,AVAV,AXON,BANF,BATRK,BIDU,BLNE,BLNK,BTAI,BYND,CAN,CCEC,CDW,CDXS,CELH,CGNX,CHKP,CHRS,CHRW,CIGI,CKPT,CMPR,COGT,CRNC,CRSP,CSTL,CTSH,CVGW,DGLY,DNLI,DOCU,DVAX,EBAY,EHTH,ERII,ESLT,EXPE,EXPO,FBIOP,FFBC,FFIN,FOXF,FWRD,GDS,GERN,GPRE,GRWG,GRYP,HEES,HELE,HIVE,HON,HRTX,HSTM,HURA,IART,IBKR,IBOC,IBRX,IDXX,INGN,INM,INVA,IQ,IRBT,KDP,KPTI,KTOS,KXIN,LAMR,LFUS,LGIH,LGMK,LKFN,LNW,LOPE,LPSN,LYFT,MGNX,MLCO,MNST,MODV,MSTR,MTCH,MYGN,MYRG,NCMI,NEXT,NFLX,NIU,NKTR,NRC,NTNX,NTRA,NVEE,NVMI,NWL,NWS,NXPI,OCGN,OCSL,OKTA,OLLI,OTLK,OXLC,PAA,PARA,PARAA,PDCO,PDFS,PFG,PGEN,PNFP,PODD,POWI,PSMT,PTC,PTEN,PVLA,RDNT,RDUS,RDWR,REGN,RNAC,ROCK,ROST,RRR,RSLS,RVMD,RYAAY,SAFT,SAGE,SAVA,SBGI,SFM,SFNC,SHYF,SIBN,SIFY,SIGI,SIMO,SITM,SLM,SNBR,SNDX,SNY,SPNS,SRRK,STRA,SUPN,SYRE,TCBK,TEAM,TECH,THRM,TLRY,TRMK,TROW,TSLA,TWST,TXN,UFPI,UNIT,UPWK,USLM,UTHR,VERB,VLY,VRNA,VRRM,VXRT,WAFD,WATT,WBA,WING,WIX,WTFC,WTW,XPEL,XRX,YMAB,ZG,ZLAB
ABEO,0.0,-0.192,-0.565,0.71,0.756,0.52,-0.478,0.329,-0.239,-0.298,-0.658,-0.872,0.697,-0.69,-0.288,0.475,0.002,-0.421,0.474,0.883,0.275,0.884,0.705,-0.518,-0.75,-0.8,-0.411,-0.627,0.687,0.487,-0.799,-0.841,-0.605,0.804,-0.645,-0.754,-0.21,0.604,-0.884,0.545,-0.015,-0.301,0.722,0.853,-0.694,-0.852,-0.056,0.26,0.471,0.839,-0.16,0.075,0.538,0.21,-0.389,-0.698,0.549,0.495,-0.811,-0.733,0.71,-0.442,-0.732,-0.322,-0.821,-0.68,-0.835,-0.635,-0.641,0.448,0.882,-0.206,0.423,0.809,0.348,0.399,0.779,0.05,-0.72,-0.441,0.766,0.044,-0.134,-0.598,-0.525,-0.593,0.25,0.021,-0.783,-0.834,0.03,0.101,0.91,0.035,0.356,-0.67,-0.323,-0.806,-0.479,-0.711,0.437,-0.021,-0.469,0.6,-0.523,0.659,0.712,-0.858,-0.466,0.863,0.552,-0.734,0.104,-0.614,0.867,-0.243,-0.361,-0.163,0.855,-0.343,-0.826,0.771,-0.059,0.245,-0.519,0.83,0.024,0.179,0.776,0.466,0.677,-0.455,0.721,-0.525,-0.436,0.797,0.371,0.03,0.743,0.268,-0.413,-0.728,-0.552,0.723,-0.848,0.798,0.545,-0.134,0.39,-0.722,-0.323,0.928,0.58,-0.622,0.554,0.742,-0.785,0.614,-0.709,0.471,-0.247,0.774,0.657,0.665,-0.743,0.892,0.411,0.795,0.685,0.892,-0.524,-0.776,-0.71,0.897,-0.469,-0.775,0.141,-0.738,-0.462,-0.661,-0.467,-0.714,-0.676,-0.354,0.68,0.858,-0.008,-0.431,-0.006,-0.624,-0.776,0.844,-0.684,-0.626,0.226,-0.272,-0.807,-0.417,0.698,0.653
ACHC,-0.192,0.0,0.271,0.031,0.083,-0.372,-0.105,0.244,0.443,0.253,-0.126,0.153,-0.639,0.23,0.639,-0.04,0.664,0.594,0.348,-0.138,-0.16,-0.077,-0.009,0.243,0.222,0.599,0.161,0.408,0.068,0.562,0.233,0.303,0.252,-0.032,0.143,0.285,0.763,-0.315,0.412,0.436,-0.428,0.363,0.19,-0.379,0.117,0.168,0.635,0.594,0.346,-0.265,0.332,-0.209,0.248,-0.814,0.341,0.282,-0.106,0.133,0.418,0.294,-0.62,0.437,0.549,-0.303,0.086,0.544,0.427,0.195,0.709,0.349,-0.292,0.341,0.39,-0.047,0.1,0.043,-0.223,0.719,0.028,0.487,-0.256,-0.518,0.431,0.387,0.617,0.0,0.162,-0.038,0.407,0.409,-0.118,-0.603,-0.319,0.236,-0.286,0.607,0.419,0.135,-0.454,0.211,0.294,0.143,0.05,-0.138,0.461,-0.03,-0.23,0.471,-0.008,-0.321,0.227,0.458,-0.195,0.699,-0.346,-0.296,0.699,0.363,-0.178,0.547,0.333,-0.429,0.499,0.495,0.54,-0.245,-0.128,-0.381,-0.493,0.339,-0.097,0.417,-0.15,0.787,-0.454,-0.564,0.582,-0.262,-0.506,-0.027,0.511,0.318,0.635,-0.407,0.37,0.219,0.351,-0.014,0.178,0.118,0.067,-0.199,-0.025,-0.048,0.206,-0.57,0.113,0.043,0.396,-0.201,0.583,-0.172,0.083,-0.002,0.395,-0.211,0.302,0.143,-0.013,-0.17,0.551,0.404,0.327,-0.147,0.691,0.481,0.542,0.194,0.4,-0.002,0.041,0.292,0.104,0.66,0.186,-0.176,0.419,0.181,-0.157,0.129,0.094,-0.065,0.218,-0.07,0.225,0.084,0.407,0.27,0.006,-0.041
AGNCN,-0.565,0.271,0.0,-0.194,-0.314,-0.047,0.203,0.102,0.485,0.547,0.482,0.637,-0.472,0.591,0.267,-0.044,0.11,0.276,-0.18,-0.555,-0.005,-0.534,-0.205,0.668,0.404,0.585,0.597,0.46,-0.395,-0.165,0.666,0.563,0.571,-0.497,0.355,0.78,0.424,-0.497,0.684,-0.202,0.119,0.445,-0.392,-0.527,0.707,0.527,0.307,-0.035,-0.104,-0.499,0.383,0.051,-0.31,-0.264,0.415,0.596,-0.121,0.119,0.794,0.74,-0.519,0.505,0.523,0.128,0.513,0.476,0.742,0.344,0.478,0.084,-0.502,-0.07,0.023,-0.44,0.187,-0.138,-0.696,0.287,0.513,0.64,-0.257,-0.053,0.025,0.671,0.425,0.392,0.201,-0.035,0.695,0.525,0.382,-0.082,-0.596,-0.126,-0.191,0.62,0.444,0.556,0.217,0.464,-0.125,0.175,0.328,-0.119,0.261,-0.265,-0.296,0.58,0.484,-0.658,-0.49,0.582,-0.246,0.557,-0.487,0.391,0.471,0.208,-0.433,0.56,0.47,-0.386,0.321,0.25,0.502,-0.363,-0.242,0.082,-0.43,0.062,-0.295,0.221,-0.206,0.427,0.193,-0.522,-0.036,0.115,-0.444,-0.071,0.435,0.758,0.432,-0.446,0.571,-0.473,-0.07,0.148,0.05,0.383,0.241,-0.564,-0.04,0.556,-0.302,-0.592,0.673,-0.454,0.394,-0.042,0.52,-0.338,-0.251,-0.207,0.548,-0.468,0.155,-0.487,-0.09,-0.653,0.45,0.783,0.556,-0.481,0.334,0.509,0.193,0.367,0.574,0.448,0.583,0.443,0.685,0.533,-0.13,-0.579,0.448,0.52,-0.036,0.309,0.569,-0.444,0.549,0.505,-0.003,0.425,0.717,0.515,-0.318,-0.299
AKAM,0.71,0.031,-0.194,0.0,0.891,0.362,-0.534,0.572,0.078,0.032,-0.717,-0.721,0.589,-0.691,0.115,0.288,0.043,-0.494,0.532,0.831,0.18,0.73,0.922,-0.259,-0.89,-0.568,-0.182,-0.366,0.442,0.491,-0.746,-0.76,-0.225,0.888,-0.825,-0.326,0.157,-0.044,-0.631,0.664,0.12,0.023,0.865,0.81,-0.449,-0.876,0.247,0.354,0.582,0.786,0.011,-0.095,0.484,-0.072,-0.297,-0.638,0.414,0.538,-0.525,-0.47,0.488,-0.435,-0.663,-0.614,-0.895,-0.622,-0.547,-0.753,-0.429,0.664,0.778,-0.227,0.826,0.852,0.3,0.701,0.466,0.369,-0.735,0.073,0.895,-0.158,0.16,-0.376,-0.462,-0.785,0.671,0.1,-0.559,-0.792,0.208,0.066,0.69,0.046,0.319,-0.446,0.16,-0.554,-0.756,-0.76,0.746,-0.163,-0.464,0.724,-0.546,0.886,0.872,-0.695,-0.332,0.627,0.399,-0.464,-0.059,-0.398,0.757,-0.248,-0.165,0.226,0.895,0.249,-0.765,0.691,0.313,0.631,-0.193,0.816,-0.316,0.557,0.721,0.742,0.734,-0.661,0.908,-0.315,-0.663,0.49,0.522,0.224,0.633,-0.101,-0.174,-0.415,-0.39,0.702,-0.807,0.682,0.873,-0.314,0.476,-0.926,-0.53,0.826,0.483,-0.539,0.32,0.469,-0.636,0.432,-0.793,0.392,0.216,0.818,0.915,0.744,-0.689,0.719,0.482,0.531,0.725,0.733,-0.533,-0.499,-0.755,0.838,-0.181,-0.718,0.398,-0.817,-0.415,-0.753,-0.354,-0.838,-0.41,-0.158,0.905,0.728,0.602,-0.359,-0.439,-0.854,-0.793,0.887,-0.478,-0.589,0.523,0.02,-0.576,-0.527,0.761,0.825
AKRO,0.756,0.083,-0.314,0.891,0.0,0.229,-0.719,0.48,-0.005,-0.001,-0.759,-0.845,0.47,-0.71,0.109,0.213,0.133,-0.309,0.406,0.806,0.011,0.748,0.907,-0.308,-0.812,-0.549,-0.196,-0.49,0.609,0.511,-0.787,-0.688,-0.488,0.848,-0.811,-0.432,0.165,0.101,-0.625,0.725,-0.212,-0.207,0.833,0.74,-0.537,-0.88,0.233,0.488,0.638,0.824,-0.13,-0.301,0.428,-0.161,-0.284,-0.645,0.324,0.573,-0.571,-0.556,0.421,-0.433,-0.559,-0.62,-0.894,-0.579,-0.555,-0.785,-0.354,0.643,0.729,-0.164,0.756,0.766,0.293,0.584,0.51,0.445,-0.755,0.069,0.81,-0.302,0.276,-0.43,-0.508,-0.739,0.477,-0.116,-0.558,-0.699,0.228,-0.168,0.674,0.055,0.252,-0.388,0.184,-0.577,-0.765,-0.819,0.831,-0.107,-0.644,0.582,-0.512,0.738,0.735,-0.672,-0.479,0.614,0.424,-0.515,-0.277,-0.32,0.672,-0.412,-0.229,0.226,0.837,0.128,-0.74,0.58,0.16,0.604,-0.21,0.775,-0.44,0.328,0.588,0.688,0.638,-0.596,0.731,-0.208,-0.801,0.425,0.572,-0.073,0.484,-0.018,-0.106,-0.479,-0.319,0.591,-0.753,0.744,0.843,-0.109,0.625,-0.891,-0.434,0.805,0.498,-0.724,0.411,0.364,-0.664,0.299,-0.808,0.19,0.074,0.718,0.857,0.657,-0.689,0.689,0.466,0.564,0.665,0.741,-0.507,-0.533,-0.721,0.859,-0.078,-0.662,0.328,-0.866,-0.434,-0.827,-0.299,-0.766,-0.509,-0.075,0.871,0.722,0.463,-0.536,-0.287,-0.724,-0.758,0.85,-0.491,-0.723,0.557,-0.2,-0.637,-0.525,0.741,0.792
ALRM,0.52,-0.372,-0.047,0.362,0.229,0.0,-0.0,0.202,-0.14,-0.082,-0.172,-0.223,0.592,-0.18,-0.396,0.659,-0.221,-0.5,0.388,0.414,0.759,0.512,0.253,-0.052,-0.425,-0.573,-0.15,-0.318,0.173,0.145,-0.179,-0.542,-0.138,0.271,-0.38,-0.243,-0.235,0.482,-0.478,-0.022,0.338,-0.025,0.229,0.531,-0.103,-0.31,-0.123,-0.163,0.156,0.395,0.069,0.503,0.274,0.417,0.006,-0.187,0.788,0.626,-0.3,-0.111,0.557,-0.046,-0.505,0.193,-0.29,-0.461,-0.417,-0.285,-0.559,0.348,0.547,-0.536,0.207,0.429,0.54,0.161,0.435,-0.274,-0.141,-0.298,0.481,0.34,-0.499,-0.098,-0.229,-0.165,0.404,0.005,-0.355,-0.538,0.303,0.366,0.56,-0.225,0.466,-0.462,-0.496,-0.512,0.036,-0.193,-0.062,-0.035,0.081,0.651,-0.351,0.405,0.41,-0.596,0.148,0.461,-0.006,-0.312,0.272,-0.482,0.652,0.345,-0.228,-0.306,0.486,-0.189,-0.563,0.673,0.051,0.036,-0.502,0.567,0.281,0.274,0.58,0.308,0.557,-0.226,0.6,-0.579,0.19,0.668,-0.108,0.492,0.566,0.413,-0.431,-0.246,-0.593,0.451,-0.493,0.256,0.146,-0.041,0.065,-0.269,-0.152,0.504,0.728,0.025,0.268,0.562,-0.151,0.46,-0.357,0.682,-0.047,0.623,0.251,0.478,-0.293,0.664,0.41,0.346,0.629,0.405,-0.121,-0.269,-0.286,0.461,-0.607,-0.525,0.195,-0.279,0.039,-0.056,-0.173,-0.345,-0.12,-0.296,0.395,0.433,0.012,0.198,0.107,-0.436,-0.35,0.396,-0.473,0.006,0.012,0.255,-0.286,-0.094,0.447,0.285
AMAT,-0.478,-0.105,0.203,-0.534,-0.719,-0.0,0.0,-0.387,0.008,-0.064,0.347,0.698,-0.182,0.371,0.023,0.064,0.013,0.124,-0.086,-0.381,0.349,-0.343,-0.595,0.068,0.506,0.275,0.227,0.608,-0.486,-0.263,0.602,0.353,0.67,-0.431,0.56,0.144,-0.056,-0.068,0.333,-0.459,0.36,0.339,-0.462,-0.383,0.462,0.58,0.019,-0.383,-0.384,-0.529,0.197,0.671,0.081,0.227,0.275,0.397,0.013,-0.419,0.347,0.325,-0.191,0.203,0.31,0.427,0.609,0.292,0.301,0.73,0.204,-0.366,-0.402,0.228,-0.346,-0.327,-0.161,0.016,-0.249,-0.411,0.571,0.036,-0.466,0.136,-0.152,0.361,0.489,0.508,-0.002,0.416,0.343,0.377,-0.334,0.347,-0.261,0.22,-0.042,0.091,-0.213,0.295,0.457,0.757,-0.647,-0.309,0.783,-0.088,0.609,-0.309,-0.331,0.36,0.389,-0.233,-0.229,0.429,0.746,0.104,-0.342,0.401,0.252,-0.093,-0.403,0.099,0.499,-0.223,0.251,-0.615,0.036,-0.397,0.721,-0.1,-0.274,-0.414,-0.078,0.493,-0.353,0.027,0.68,-0.109,-0.505,0.541,-0.088,0.039,0.043,0.393,0.188,-0.25,0.388,-0.377,-0.585,-0.006,-0.796,0.587,-0.067,-0.429,-0.229,0.677,0.037,-0.111,0.329,0.175,0.647,0.115,0.029,-0.32,-0.442,-0.317,0.497,-0.251,-0.402,-0.227,-0.459,-0.395,0.393,0.345,0.477,-0.516,-0.059,0.442,-0.035,0.663,0.303,0.767,0.011,0.437,0.218,-0.047,-0.534,-0.279,-0.288,0.504,-0.128,0.27,0.415,-0.475,0.25,0.662,-0.269,0.547,0.42,0.244,-0.354,-0.264
AMED,0.329,0.244,0.102,0.572,0.48,0.202,-0.387,0.0,0.319,0.224,-0.301,-0.332,0.198,-0.217,0.276,0.032,0.052,-0.277,0.447,0.282,0.081,0.382,0.498,0.136,-0.498,-0.133,-0.024,-0.225,-0.024,0.365,-0.29,-0.392,0.055,0.41,-0.504,0.097,0.322,-0.144,-0.229,0.276,-0.064,0.295,0.45,0.331,-0.003,-0.407,0.173,0.082,0.123,0.258,0.402,-0.137,0.132,-0.302,-0.114,-0.24,0.23,0.476,-0.08,-0.211,0.262,-0.137,-0.238,-0.532,-0.453,-0.305,-0.103,-0.463,-0.046,0.62,0.405,-0.188,0.593,0.446,0.05,0.336,0.194,0.346,-0.29,0.113,0.471,0.057,0.101,-0.134,-0.135,-0.379,0.469,0.063,-0.147,-0.397,0.208,-0.1,0.275,-0.311,-0.065,-0.092,0.04,-0.281,-0.446,-0.382,0.467,0.084,-0.318,0.469,-0.214,0.515,0.511,-0.249,0.127,0.124,-0.008,-0.029,-0.246,-0.01,0.355,-0.09,0.049,0.182,0.348,0.305,-0.453,0.359,0.276,0.575,0.063,0.428,-0.333,0.333,0.359,0.401,0.368,-0.333,0.547,0.008,-0.396,0.165,0.347,0.119,0.258,-0.326,0.048,-0.147,-0.211,0.332,-0.301,0.275,0.604,-0.387,0.205,-0.441,-0.277,0.349,0.267,-0.2,0.019,0.147,-0.207,0.213,-0.316,0.204,0.496,0.389,0.627,0.288,-0.287,0.352,0.545,0.174,0.437,0.313,-0.156,-0.172,-0.382,0.328,-0.111,-0.366,0.311,-0.43,-0.226,-0.328,-0.274,-0.49,0.037,-0.013,0.579,0.355,0.595,0.012,-0.339,-0.416,-0.419,0.31,-0.251,-0.339,0.137,0.001,-0.046,-0.289,0.203,0.352
AMRN,-0.239,0.443,0.485,0.078,-0.005,-0.14,0.008,0.319,0.0,0.5,-0.022,0.265,-0.397,0.288,0.5,0.07,0.263,0.364,0.216,-0.24,-0.017,-0.211,-0.005,0.675,0.14,0.498,0.506,0.406,-0.152,0.302,0.388,0.236,0.434,-0.159,-0.02,0.524,0.603,-0.349,0.43,0.233,-0.196,0.692,-0.056,-0.293,0.422,0.23,0.567,0.223,0.257,-0.28,0.682,-0.237,-0.061,-0.561,0.264,0.419,0.001,0.126,0.52,0.321,-0.496,0.542,0.441,-0.187,0.136,0.388,0.526,0.159,0.477,0.579,-0.354,-0.116,0.407,0.001,-0.045,0.118,-0.369,0.502,0.152,0.61,-0.014,-0.374,0.116,0.569,0.32,0.04,0.327,-0.085,0.409,0.338,0.072,-0.526,-0.359,-0.103,-0.196,0.622,0.446,0.094,-0.312,0.145,0.234,0.12,0.232,0.071,0.166,0.127,-0.069,0.396,0.307,-0.454,-0.07,0.504,-0.183,0.576,-0.308,0.227,0.674,0.44,-0.157,0.693,0.203,-0.177,0.458,0.587,0.602,-0.216,-0.222,-0.131,-0.203,0.315,-0.037,0.284,-0.077,0.479,-0.255,-0.483,0.277,-0.082,-0.341,-0.014,0.546,0.401,0.409,-0.38,0.339,0.056,0.362,-0.204,-0.037,0.059,0.053,-0.27,-0.07,0.169,-0.145,-0.49,0.304,-0.048,0.295,0.169,0.714,0.007,0.151,0.107,0.39,-0.274,0.331,-0.114,0.145,-0.281,0.467,0.477,0.313,-0.231,0.401,0.373,0.601,0.102,0.211,0.158,0.195,0.187,0.445,0.452,0.226,-0.178,0.667,0.409,-0.31,-0.04,0.245,-0.162,0.262,0.064,0.197,0.318,0.613,0.325,-0.071,0.004
ANGI,-0.298,0.253,0.547,0.032,-0.001,-0.082,-0.064,0.224,0.5,0.0,0.238,0.304,-0.408,0.317,0.339,-0.043,0.293,0.304,0.006,-0.313,-0.078,-0.32,0.029,0.431,0.193,0.449,0.567,0.222,-0.287,0.088,0.362,0.353,0.292,-0.21,0.041,0.579,0.547,-0.399,0.479,0.083,-0.163,0.424,-0.17,-0.353,0.516,0.27,0.486,0.219,0.062,-0.214,0.376,-0.139,-0.155,-0.442,0.304,0.374,-0.112,0.227,0.569,0.436,-0.426,0.318,0.418,-0.179,0.208,0.255,0.552,0.068,0.431,0.266,-0.283,0.046,0.286,-0.245,0.192,0.004,-0.547,0.49,0.262,0.657,-0.103,-0.232,0.176,0.464,0.268,0.18,0.172,-0.222,0.534,0.312,0.285,-0.25,-0.411,-0.139,-0.228,0.517,0.486,0.327,-0.035,0.174,0.185,-0.057,-0.041,-0.076,0.18,-0.088,-0.141,0.383,0.168,-0.392,-0.353,0.434,-0.36,0.52,-0.347,0.172,0.276,0.398,-0.149,0.581,0.262,-0.315,0.407,0.364,0.429,-0.176,-0.433,0.087,-0.355,0.231,-0.177,0.019,-0.025,0.427,-0.105,-0.399,0.123,-0.018,-0.266,-0.056,0.468,0.551,0.381,-0.214,0.335,-0.238,0.136,0.163,0.075,0.101,-0.036,-0.311,0.092,0.305,-0.091,-0.506,0.475,-0.33,0.138,-0.121,0.539,-0.206,0.012,-0.007,0.345,-0.257,0.386,-0.344,0.026,-0.434,0.328,0.575,0.311,-0.204,0.351,0.36,0.251,0.009,0.299,0.173,0.535,0.239,0.536,0.508,0.107,-0.313,0.472,0.276,-0.15,0.094,0.314,-0.176,0.464,0.199,0.189,0.369,0.454,0.217,-0.106,-0.085
APA,-0.658,-0.126,0.482,-0.717,-0.759,-0.172,0.347,-0.301,-0.022,0.238,0.0,0.724,-0.441,0.779,-0.254,-0.249,-0.192,0.267,-0.566,-0.832,-0.171,-0.803,-0.689,0.456,0.73,0.506,0.419,0.235,-0.518,-0.593,0.684,0.743,0.314,-0.819,0.76,0.572,-0.111,-0.168,0.635,-0.629,0.249,0.031,-0.865,-0.694,0.572,0.786,-0.268,-0.434,-0.64,-0.659,0.132,0.074,-0.707,0.159,0.236,0.528,-0.352,-0.318,0.663,0.639,-0.394,0.368,0.521,0.606,0.821,0.441,0.652,0.555,0.297,-0.593,-0.609,0.053,-0.718,-0.849,-0.041,-0.683,-0.678,-0.251,0.648,0.055,-0.673,0.459,-0.296,0.419,0.317,0.742,-0.513,-0.038,0.69,0.638,0.21,0.249,-0.691,-0.248,-0.236,0.445,0.015,0.737,0.843,0.579,-0.661,0.266,0.323,-0.643,0.289,-0.778,-0.682,0.631,0.477,-0.645,-0.575,0.433,-0.205,0.347,-0.621,0.4,0.078,-0.16,-0.782,-0.144,0.633,-0.539,-0.284,-0.393,0.223,-0.673,-0.028,-0.072,-0.55,-0.538,-0.716,0.289,-0.585,0.212,0.746,-0.39,-0.468,-0.116,-0.501,0.028,0.104,0.623,0.341,-0.513,0.729,-0.786,-0.747,0.334,-0.214,0.771,0.619,-0.799,-0.327,0.69,-0.51,-0.379,0.737,-0.568,0.561,-0.318,-0.006,-0.736,-0.773,-0.606,0.568,-0.64,-0.242,-0.747,-0.454,-0.797,0.342,0.628,0.686,-0.742,0.062,0.551,-0.507,0.644,0.541,0.691,0.608,0.709,0.595,0.225,-0.73,-0.827,-0.308,0.403,0.512,0.768,0.838,-0.795,0.619,0.658,-0.42,0.107,0.59,0.619,-0.662,-0.828
APOG,-0.872,0.153,0.637,-0.721,-0.845,-0.223,0.698,-0.332,0.265,0.304,0.724,0.0,-0.607,0.78,0.121,-0.124,0.065,0.407,-0.344,-0.844,0.071,-0.823,-0.765,0.554,0.801,0.714,0.491,0.685,-0.673,-0.416,0.922,0.792,0.724,-0.832,0.75,0.701,0.169,-0.409,0.83,-0.562,0.195,0.436,-0.759,-0.815,0.778,0.922,0.125,-0.326,-0.448,-0.871,0.281,0.316,-0.378,-0.086,0.451,0.765,-0.245,-0.329,0.85,0.83,-0.643,0.572,0.709,0.502,0.913,0.708,0.81,0.762,0.535,-0.396,-0.817,0.168,-0.446,-0.753,-0.088,-0.382,-0.749,-0.119,0.82,0.385,-0.732,0.059,-0.084,0.712,0.635,0.715,-0.143,0.127,0.804,0.796,0.016,0.069,-0.804,0.008,-0.286,0.616,0.148,0.721,0.576,0.854,-0.64,0.018,0.714,-0.452,0.585,-0.63,-0.699,0.807,0.585,-0.777,-0.552,0.719,0.148,0.563,-0.758,0.499,0.462,0.029,-0.793,0.319,0.822,-0.66,0.172,-0.313,0.447,-0.758,0.256,-0.187,-0.683,-0.381,-0.539,0.587,-0.615,0.402,0.651,-0.599,-0.425,0.199,-0.591,-0.004,0.31,0.793,0.521,-0.675,0.828,-0.726,-0.604,0.174,-0.495,0.812,0.314,-0.868,-0.333,0.835,-0.361,-0.607,0.828,-0.369,0.811,-0.177,0.277,-0.656,-0.702,-0.546,0.85,-0.737,-0.27,-0.636,-0.524,-0.886,0.669,0.839,0.818,-0.846,0.287,0.785,-0.057,0.847,0.636,0.855,0.497,0.786,0.706,0.398,-0.653,-0.807,-0.063,0.682,0.08,0.624,0.821,-0.823,0.637,0.847,-0.305,0.499,0.85,0.621,-0.634,-0.649
APPS,0.697,-0.639,-0.472,0.589,0.47,0.592,-0.182,0.198,-0.397,-0.408,-0.441,-0.607,0.0,-0.671,-0.524,0.343,-0.539,-0.861,0.216,0.711,0.36,0.632,0.542,-0.422,-0.776,-0.942,-0.422,-0.533,0.284,-0.076,-0.712,-0.84,-0.356,0.642,-0.625,-0.59,-0.603,0.335,-0.852,0.045,0.461,-0.302,0.486,0.913,-0.482,-0.731,-0.444,-0.324,0.055,0.701,-0.285,0.26,0.22,0.672,-0.464,-0.676,0.499,0.253,-0.777,-0.573,0.889,-0.642,-0.948,-0.04,-0.676,-0.824,-0.824,-0.61,-0.932,0.132,0.797,-0.453,0.195,0.678,0.1,0.386,0.657,-0.462,-0.53,-0.533,0.786,0.369,-0.304,-0.643,-0.735,-0.516,0.348,0.212,-0.802,-0.909,0.137,0.576,0.815,-0.103,0.477,-0.891,-0.433,-0.586,-0.16,-0.633,0.125,-0.128,-0.216,0.65,-0.666,0.633,0.756,-0.889,-0.138,0.717,0.188,-0.708,0.286,-0.92,0.881,0.091,-0.629,-0.29,0.738,-0.406,-0.813,0.876,-0.254,-0.057,-0.687,0.738,0.142,0.576,0.948,0.18,0.658,-0.625,0.733,-0.922,0.002,0.888,-0.151,0.439,0.876,0.002,-0.675,-0.659,-0.862,0.83,-0.868,0.379,0.261,-0.269,0.124,-0.658,-0.371,0.772,0.375,-0.315,0.104,0.896,-0.621,0.448,-0.773,0.486,-0.417,0.756,0.531,0.476,-0.785,0.721,-0.005,0.399,0.501,0.722,-0.731,-0.766,-0.776,0.688,-0.782,-0.909,-0.143,-0.571,-0.567,-0.469,-0.499,-0.806,-0.511,-0.716,0.439,0.703,-0.058,-0.33,-0.085,-0.67,-0.701,0.637,-0.689,-0.341,0.092,-0.122,-0.744,-0.539,0.494,0.564
ARCB,-0.69,0.23,0.591,-0.691,-0.71,-0.18,0.371,-0.217,0.288,0.317,0.779,0.78,-0.671,0.0,0.05,-0.074,0.108,0.589,-0.328,-0.832,-0.043,-0.762,-0.688,0.596,0.81,0.715,0.489,0.46,-0.484,-0.298,0.826,0.814,0.43,-0.83,0.752,0.675,0.223,-0.17,0.812,-0.443,-0.011,0.317,-0.773,-0.814,0.665,0.875,0.099,-0.124,-0.389,-0.745,0.286,0.067,-0.478,-0.199,0.475,0.709,-0.231,-0.147,0.826,0.779,-0.667,0.669,0.769,0.519,0.846,0.702,0.793,0.67,0.566,-0.284,-0.748,0.055,-0.498,-0.79,0.071,-0.553,-0.735,-0.021,0.712,0.291,-0.716,0.1,-0.167,0.651,0.589,0.762,-0.353,-0.07,0.837,0.792,0.136,-0.114,-0.737,-0.082,-0.347,0.724,0.154,0.643,0.571,0.688,-0.527,0.276,0.407,-0.593,0.49,-0.732,-0.761,0.797,0.483,-0.73,-0.418,0.656,-0.16,0.656,-0.733,0.454,0.401,0.089,-0.793,0.159,0.757,-0.628,0.014,-0.181,0.473,-0.703,0.045,-0.358,-0.71,-0.32,-0.663,0.607,-0.645,0.508,0.52,-0.6,-0.25,-0.199,-0.659,0.165,0.363,0.736,0.574,-0.707,0.85,-0.571,-0.551,0.37,-0.218,0.823,0.539,-0.823,-0.188,0.663,-0.339,-0.618,0.801,-0.404,0.735,-0.245,0.274,-0.672,-0.71,-0.457,0.77,-0.639,-0.065,-0.57,-0.403,-0.754,0.682,0.821,0.87,-0.753,0.345,0.764,-0.096,0.742,0.699,0.754,0.594,0.848,0.647,0.441,-0.594,-0.793,-0.098,0.585,0.371,0.751,0.813,-0.781,0.67,0.647,-0.267,0.31,0.788,0.727,-0.63,-0.746
ARCC,-0.288,0.639,0.267,0.115,0.109,-0.396,0.023,0.276,0.5,0.339,-0.254,0.121,-0.524,0.05,0.0,-0.327,0.507,0.385,0.252,-0.091,-0.256,-0.004,0.127,0.139,0.072,0.557,0.23,0.443,-0.197,0.372,0.2,0.218,0.416,0.045,-0.103,0.348,0.77,-0.516,0.387,0.29,-0.406,0.46,0.213,-0.298,0.255,0.086,0.62,0.503,0.211,-0.182,0.356,-0.275,0.195,-0.736,0.275,0.226,-0.322,-0.078,0.337,0.097,-0.462,0.156,0.446,-0.555,0.02,0.3,0.4,0.138,0.703,0.362,-0.242,0.377,0.492,0.016,-0.261,0.332,-0.238,0.598,0.061,0.613,-0.133,-0.553,0.608,0.311,0.465,-0.156,0.284,-0.067,0.32,0.311,-0.308,-0.501,-0.298,0.179,-0.19,0.465,0.519,0.167,-0.445,0.228,0.509,-0.28,-0.021,0.017,0.432,0.115,0.027,0.41,-0.054,-0.257,0.029,0.48,-0.104,0.582,-0.351,-0.353,0.473,0.534,-0.091,0.72,0.289,-0.345,0.612,0.372,0.553,-0.135,-0.261,-0.113,-0.403,0.191,-0.026,0.123,-0.083,0.705,-0.503,-0.591,0.392,-0.027,-0.387,-0.418,0.635,0.289,0.477,-0.281,0.266,0.023,0.377,-0.211,-0.118,-0.026,-0.264,-0.174,-0.244,-0.073,0.082,-0.551,0.072,-0.084,0.265,-0.275,0.626,-0.166,0.263,-0.033,0.237,-0.203,0.213,-0.036,-0.208,-0.145,0.301,0.303,0.122,-0.202,0.696,0.388,0.521,-0.003,0.041,-0.033,-0.012,0.062,0.21,0.383,0.147,-0.064,0.566,0.067,-0.624,-0.073,-0.001,-0.028,0.306,-0.12,0.285,0.199,0.36,-0.151,-0.01,0.2
ARVN,0.475,-0.04,-0.044,0.288,0.213,0.659,0.064,0.032,0.07,-0.043,-0.249,-0.124,0.343,-0.074,-0.327,0.0,0.018,-0.123,0.488,0.373,0.723,0.389,0.159,0.032,-0.239,-0.389,0.014,-0.063,0.375,0.323,-0.06,-0.391,-0.104,0.204,-0.197,-0.256,-0.03,0.497,-0.326,0.207,0.256,0.115,0.188,0.349,-0.159,-0.183,0.207,0.051,0.37,0.241,-0.012,0.477,0.445,0.181,0.089,-0.009,0.812,0.595,-0.151,0.048,0.189,0.257,-0.26,0.26,-0.189,-0.152,-0.274,-0.121,-0.381,0.442,0.319,-0.472,0.258,0.431,0.591,0.224,0.333,-0.047,-0.087,-0.099,0.372,-0.035,-0.464,0.151,0.029,-0.043,0.446,-0.009,-0.192,-0.306,0.236,0.128,0.451,0.046,0.389,-0.169,-0.349,-0.5,-0.151,-0.1,-0.131,-0.023,0.252,0.545,-0.145,0.353,0.223,-0.368,0.11,0.338,0.184,-0.171,0.335,-0.249,0.48,0.368,0.163,-0.127,0.421,-0.044,-0.364,0.489,0.182,0.105,-0.258,0.379,0.4,-0.056,0.418,0.433,0.535,0.115,0.422,-0.364,0.078,0.484,0.014,0.311,0.365,0.685,-0.33,-0.106,-0.269,0.17,-0.332,0.489,0.203,0.062,0.086,-0.155,-0.155,0.416,0.673,0.018,0.449,0.394,-0.111,0.551,-0.139,0.69,0.059,0.572,0.183,0.498,-0.013,0.505,0.333,0.469,0.551,0.332,0.182,-0.085,-0.018,0.396,-0.405,-0.24,0.408,-0.097,0.201,0.017,-0.068,-0.135,-0.201,0.041,0.421,0.368,0.02,0.318,0.085,-0.34,-0.212,0.337,-0.466,0.004,0.174,0.37,-0.158,0.27,0.475,0.262
ATEC,0.002,0.664,0.11,0.043,0.133,-0.221,0.013,0.052,0.263,0.293,-0.192,0.065,-0.539,0.108,0.507,0.018,0.0,0.617,0.262,0.06,0.069,0.062,0.049,-0.067,0.213,0.421,0.214,0.269,0.237,0.623,0.178,0.239,0.104,0.082,0.161,0.026,0.699,-0.048,0.257,0.576,-0.512,0.249,0.192,-0.271,0.014,0.09,0.765,0.681,0.491,-0.078,0.343,0.027,0.511,-0.644,0.228,0.129,0.039,0.121,0.225,0.079,-0.453,0.314,0.456,-0.351,0.044,0.384,0.232,0.238,0.589,0.286,-0.116,0.621,0.338,-0.008,0.356,0.173,-0.182,0.704,0.056,0.432,-0.217,-0.555,0.398,0.281,0.501,-0.007,0.036,0.036,0.275,0.3,-0.202,-0.514,-0.132,0.39,-0.314,0.415,0.385,-0.021,-0.383,0.23,0.302,-0.146,-0.012,-0.097,0.471,-0.044,-0.154,0.261,-0.361,-0.003,0.265,0.193,0.016,0.561,-0.251,-0.282,0.514,0.328,0.015,0.445,0.31,-0.38,0.585,0.302,0.396,-0.063,-0.015,-0.352,-0.436,0.409,-0.016,0.35,-0.111,0.663,-0.41,-0.334,0.59,-0.184,-0.261,0.252,0.478,0.258,0.646,-0.267,0.209,0.268,0.273,0.171,0.027,0.041,-0.106,-0.04,0.19,-0.041,0.594,-0.461,-0.001,0.197,0.316,-0.033,0.377,-0.117,0.052,0.172,0.315,0.017,0.413,0.293,0.068,-0.07,0.426,0.304,0.282,0.083,0.607,0.435,0.449,0.041,0.289,0.001,0.129,0.3,-0.022,0.554,0.188,-0.025,0.182,0.033,-0.147,0.054,0.044,0.127,0.296,0.08,0.217,0.204,0.169,0.135,0.144,0.098
ATXS,-0.421,0.594,0.276,-0.494,-0.309,-0.5,0.124,-0.277,0.364,0.304,0.267,0.407,-0.861,0.589,0.385,-0.123,0.617,0.0,-0.147,-0.496,-0.236,-0.448,-0.433,0.276,0.694,0.756,0.426,0.441,0.006,0.226,0.554,0.705,0.166,-0.469,0.546,0.312,0.555,-0.072,0.665,0.163,-0.548,0.225,-0.366,-0.729,0.301,0.589,0.538,0.506,0.133,-0.513,0.198,-0.222,-0.058,-0.634,0.46,0.526,-0.307,-0.139,0.594,0.421,-0.833,0.613,0.863,0.104,0.531,0.767,0.64,0.554,0.807,-0.039,-0.657,0.416,-0.155,-0.525,0.077,-0.275,-0.512,0.464,0.358,0.447,-0.645,-0.52,0.267,0.581,0.657,0.411,-0.37,-0.22,0.671,0.784,-0.117,-0.621,-0.574,0.285,-0.427,0.805,0.39,0.381,0.046,0.483,-0.057,0.144,0.147,-0.614,0.607,-0.553,-0.693,0.715,-0.034,-0.483,0.1,0.578,-0.197,0.829,-0.711,-0.07,0.575,0.326,-0.542,0.31,0.694,-0.724,0.239,0.066,0.567,-0.595,-0.035,-0.688,-0.811,-0.044,-0.507,0.691,-0.663,0.825,-0.106,-0.706,0.265,-0.541,-0.734,0.274,0.631,0.523,0.845,-0.722,0.717,-0.074,-0.182,0.407,-0.034,0.551,0.331,-0.558,-0.177,0.209,0.139,-0.741,0.431,-0.205,0.648,-0.364,0.32,-0.568,-0.435,-0.217,0.686,-0.496,0.067,-0.127,-0.336,-0.499,0.707,0.633,0.72,-0.456,0.736,0.829,0.214,0.48,0.545,0.365,0.456,0.757,0.3,0.664,-0.306,-0.49,-0.039,0.189,0.169,0.585,0.583,-0.442,0.564,0.224,0.047,0.148,0.547,0.555,-0.317,-0.403
AVAV,0.474,0.348,-0.18,0.532,0.406,0.388,-0.086,0.447,0.216,0.006,-0.566,-0.344,0.216,-0.328,0.252,0.488,0.262,-0.147,0.0,0.541,0.466,0.635,0.34,-0.094,-0.49,-0.227,-0.202,-0.063,0.283,0.697,-0.267,-0.575,-0.024,0.469,-0.501,-0.226,0.358,0.174,-0.373,0.441,0.061,0.209,0.574,0.398,-0.362,-0.426,0.39,0.307,0.469,0.291,0.267,0.169,0.697,-0.262,-0.032,-0.151,0.543,0.39,-0.275,-0.225,0.167,0.092,-0.274,-0.337,-0.499,-0.226,-0.334,-0.297,-0.093,0.681,0.435,-0.229,0.654,0.654,0.219,0.447,0.538,0.267,-0.374,-0.054,0.389,-0.196,-0.159,-0.07,0.229,-0.426,0.583,-0.042,-0.353,-0.419,-0.209,-0.163,0.479,0.051,0.391,-0.156,-0.285,-0.669,-0.566,-0.219,0.301,-0.288,0.073,0.599,-0.087,0.661,0.452,-0.395,-0.041,0.439,0.409,0.009,0.335,-0.13,0.511,-0.237,0.283,-0.008,0.503,0.209,-0.477,0.489,0.444,0.375,-0.118,0.408,0.258,-0.058,0.358,0.508,0.578,-0.018,0.574,-0.058,-0.351,0.297,0.361,0.335,0.278,0.216,-0.138,-0.331,-0.237,0.219,-0.429,0.548,0.561,-0.484,-0.005,-0.436,-0.351,0.553,0.384,-0.277,0.483,0.342,-0.361,0.654,-0.143,0.534,0.36,0.605,0.513,0.539,-0.182,0.551,0.458,0.612,0.469,0.546,0.107,-0.3,-0.363,0.443,-0.108,-0.319,0.667,-0.29,-0.058,-0.312,-0.489,-0.388,-0.347,-0.031,0.658,0.544,0.32,0.08,-0.351,-0.572,-0.539,0.508,-0.575,-0.414,0.241,0.175,-0.176,-0.201,0.628,0.41
AXON,0.883,-0.138,-0.555,0.831,0.806,0.414,-0.381,0.282,-0.24,-0.313,-0.832,-0.844,0.711,-0.832,-0.091,0.373,0.06,-0.496,0.541,0.0,0.275,0.906,0.797,-0.603,-0.855,-0.781,-0.441,-0.459,0.649,0.508,-0.852,-0.882,-0.448,0.939,-0.739,-0.734,-0.108,0.355,-0.865,0.648,0.062,-0.233,0.871,0.911,-0.726,-0.93,0.076,0.344,0.585,0.876,-0.204,0.076,0.689,0.162,-0.396,-0.747,0.488,0.362,-0.839,-0.733,0.671,-0.538,-0.791,-0.468,-0.915,-0.707,-0.855,-0.635,-0.599,0.466,0.896,-0.118,0.607,0.917,0.277,0.641,0.76,0.104,-0.781,-0.303,0.821,-0.136,0.047,-0.583,-0.485,-0.744,0.444,0.136,-0.824,-0.875,-0.073,0.112,0.91,0.236,0.421,-0.697,-0.157,-0.796,-0.669,-0.709,0.558,-0.25,-0.394,0.69,-0.483,0.808,0.826,-0.877,-0.559,0.914,0.62,-0.693,0.255,-0.634,0.874,-0.341,-0.304,-0.028,0.952,-0.124,-0.814,0.771,0.152,0.284,-0.455,0.873,0.043,0.321,0.787,0.579,0.8,-0.537,0.793,-0.493,-0.556,0.717,0.444,0.206,0.775,0.106,-0.365,-0.71,-0.511,0.766,-0.933,0.811,0.676,-0.269,0.315,-0.868,-0.536,0.97,0.49,-0.664,0.585,0.695,-0.859,0.65,-0.75,0.46,-0.178,0.845,0.78,0.752,-0.775,0.861,0.283,0.779,0.644,0.929,-0.595,-0.781,-0.808,0.935,-0.336,-0.784,0.285,-0.773,-0.516,-0.75,-0.553,-0.815,-0.724,-0.37,0.765,0.906,0.153,-0.474,-0.285,-0.823,-0.884,0.955,-0.661,-0.623,0.366,-0.127,-0.837,-0.603,0.824,0.823
BANF,0.275,-0.16,-0.005,0.18,0.011,0.759,0.349,0.081,-0.017,-0.078,-0.171,0.071,0.36,-0.043,-0.256,0.723,0.069,-0.236,0.466,0.275,0.0,0.315,-0.004,0.022,-0.183,-0.342,-0.015,0.053,0.117,0.221,0.06,-0.338,0.172,0.155,-0.141,-0.19,-0.072,0.322,-0.254,0.012,0.298,0.195,0.111,0.306,0.021,-0.065,0.142,-0.164,0.183,0.133,0.188,0.699,0.444,0.257,0.147,-0.041,0.869,0.485,-0.092,0.083,0.257,0.126,-0.25,0.266,-0.08,-0.174,-0.222,0.006,-0.319,0.314,0.29,-0.31,0.211,0.303,0.565,0.279,0.281,-0.228,0.08,-0.12,0.227,0.129,-0.395,0.111,0.057,-0.004,0.469,0.219,-0.127,-0.295,0.156,0.285,0.391,0.012,0.294,-0.266,-0.421,-0.394,-0.023,0.089,-0.223,-0.192,0.389,0.542,0.003,0.293,0.202,-0.365,0.227,0.291,0.011,-0.033,0.55,-0.261,0.411,0.407,0.068,-0.119,0.324,0.034,-0.257,0.454,0.285,-0.068,-0.339,0.307,0.596,0.101,0.356,0.327,0.552,0.15,0.397,-0.388,0.283,0.469,-0.158,0.618,0.4,0.495,-0.349,0.007,-0.289,0.217,-0.279,0.253,0.046,-0.007,-0.25,-0.063,-0.244,0.308,0.675,0.277,0.387,0.346,-0.042,0.636,-0.034,0.686,0.095,0.5,0.125,0.396,0.024,0.501,0.243,0.318,0.469,0.221,0.183,-0.033,-0.031,0.306,-0.401,-0.214,0.318,0.044,0.204,0.218,-0.203,-0.108,-0.116,-0.149,0.298,0.286,-0.012,0.355,-0.048,-0.343,-0.191,0.225,-0.373,0.279,0.075,0.544,-0.049,0.05,0.356,0.209
BATRK,0.884,-0.077,-0.534,0.73,0.748,0.512,-0.343,0.382,-0.211,-0.32,-0.803,-0.823,0.632,-0.762,-0.004,0.389,0.062,-0.448,0.635,0.906,0.315,0.0,0.704,-0.562,-0.793,-0.726,-0.449,-0.488,0.576,0.567,-0.741,-0.876,-0.457,0.838,-0.731,-0.719,-0.052,0.497,-0.849,0.535,-0.046,-0.229,0.815,0.826,-0.658,-0.851,0.046,0.291,0.5,0.784,-0.102,0.106,0.688,0.097,-0.313,-0.627,0.532,0.446,-0.793,-0.751,0.689,-0.449,-0.69,-0.453,-0.833,-0.694,-0.813,-0.579,-0.506,0.541,0.871,-0.166,0.581,0.882,0.21,0.551,0.865,0.07,-0.677,-0.35,0.734,-0.068,-0.024,-0.55,-0.355,-0.675,0.424,0.041,-0.788,-0.815,-0.131,0.046,0.905,0.075,0.43,-0.671,-0.35,-0.863,-0.577,-0.599,0.496,-0.229,-0.369,0.737,-0.358,0.75,0.772,-0.841,-0.424,0.86,0.539,-0.589,0.251,-0.565,0.85,-0.385,-0.259,-0.138,0.843,-0.183,-0.819,0.784,0.135,0.213,-0.504,0.846,0.104,0.168,0.722,0.454,0.777,-0.433,0.743,-0.432,-0.502,0.705,0.372,0.222,0.69,0.108,-0.314,-0.729,-0.562,0.695,-0.845,0.77,0.604,-0.287,0.225,-0.737,-0.489,0.928,0.513,-0.629,0.617,0.686,-0.813,0.66,-0.632,0.472,-0.127,0.798,0.741,0.631,-0.712,0.899,0.392,0.791,0.581,0.921,-0.453,-0.782,-0.754,0.835,-0.384,-0.747,0.337,-0.723,-0.463,-0.652,-0.643,-0.77,-0.709,-0.373,0.723,0.927,0.1,-0.403,-0.242,-0.749,-0.866,0.847,-0.753,-0.671,0.237,-0.169,-0.744,-0.593,0.74,0.754
BIDU,0.705,-0.009,-0.205,0.922,0.907,0.253,-0.595,0.498,-0.005,0.029,-0.689,-0.765,0.542,-0.688,0.127,0.159,0.049,-0.433,0.34,0.797,-0.004,0.704,0.0,-0.353,-0.816,-0.558,-0.185,-0.374,0.498,0.374,-0.754,-0.671,-0.334,0.859,-0.745,-0.361,0.11,-0.01,-0.604,0.639,-0.014,-0.111,0.816,0.768,-0.458,-0.875,0.161,0.393,0.574,0.827,-0.112,-0.173,0.401,-0.026,-0.313,-0.658,0.273,0.49,-0.542,-0.524,0.494,-0.523,-0.627,-0.615,-0.855,-0.606,-0.549,-0.694,-0.4,0.559,0.75,-0.114,0.718,0.757,0.261,0.641,0.406,0.36,-0.698,0.07,0.896,-0.172,0.246,-0.458,-0.535,-0.72,0.524,0.075,-0.556,-0.733,0.233,0.032,0.66,0.121,0.283,-0.451,0.265,-0.479,-0.68,-0.755,0.801,-0.122,-0.589,0.62,-0.527,0.749,0.861,-0.661,-0.438,0.615,0.364,-0.559,-0.175,-0.396,0.678,-0.335,-0.26,0.185,0.84,0.155,-0.696,0.623,0.192,0.568,-0.185,0.818,-0.439,0.526,0.655,0.647,0.62,-0.697,0.781,-0.272,-0.706,0.457,0.509,0.067,0.608,-0.155,-0.126,-0.419,-0.35,0.702,-0.762,0.641,0.812,-0.189,0.556,-0.876,-0.44,0.778,0.443,-0.595,0.311,0.401,-0.669,0.273,-0.821,0.224,0.05,0.685,0.873,0.651,-0.747,0.665,0.451,0.488,0.634,0.707,-0.619,-0.512,-0.723,0.824,-0.099,-0.663,0.266,-0.848,-0.46,-0.771,-0.266,-0.8,-0.457,-0.121,0.823,0.697,0.512,-0.515,-0.342,-0.741,-0.753,0.851,-0.369,-0.605,0.483,-0.15,-0.626,-0.544,0.676,0.825
BLNE,-0.518,0.243,0.668,-0.259,-0.308,-0.052,0.068,0.136,0.675,0.431,0.456,0.554,-0.422,0.596,0.139,0.032,-0.067,0.276,-0.094,-0.603,0.022,-0.562,-0.353,0.0,0.383,0.527,0.551,0.392,-0.362,-0.146,0.609,0.484,0.401,-0.547,0.274,0.709,0.315,-0.389,0.604,-0.226,0.016,0.462,-0.454,-0.499,0.584,0.54,0.203,-0.161,-0.116,-0.537,0.431,-0.19,-0.513,-0.289,0.308,0.578,-0.039,0.133,0.741,0.671,-0.557,0.633,0.499,0.274,0.476,0.477,0.72,0.273,0.381,0.218,-0.561,-0.318,-0.021,-0.388,0.026,-0.284,-0.541,0.194,0.416,0.503,-0.273,-0.061,-0.118,0.672,0.315,0.384,0.11,-0.155,0.626,0.523,0.365,-0.278,-0.598,-0.276,-0.19,0.663,0.287,0.42,0.169,0.313,-0.176,0.308,0.398,-0.18,0.133,-0.241,-0.404,0.552,0.64,-0.745,-0.408,0.597,-0.357,0.533,-0.453,0.467,0.54,0.181,-0.498,0.423,0.339,-0.31,0.097,0.312,0.46,-0.456,-0.206,-0.122,-0.353,0.03,-0.303,0.33,-0.261,0.348,0.194,-0.514,-0.104,-0.097,-0.512,0.07,0.317,0.589,0.348,-0.545,0.573,-0.365,-0.05,0.019,0.038,0.37,0.406,-0.573,-0.105,0.438,-0.465,-0.521,0.659,-0.361,0.409,0.042,0.517,-0.243,-0.235,-0.202,0.592,-0.495,0.155,-0.492,-0.007,-0.605,0.547,0.69,0.533,-0.507,0.235,0.453,0.247,0.402,0.507,0.425,0.432,0.438,0.642,0.441,-0.105,-0.549,0.407,0.583,0.071,0.291,0.591,-0.51,0.337,0.329,0.024,0.31,0.773,0.593,-0.334,-0.403
BLNK,-0.75,0.222,0.404,-0.89,-0.812,-0.425,0.506,-0.498,0.14,0.193,0.73,0.801,-0.776,0.81,0.072,-0.239,0.213,0.694,-0.49,-0.855,-0.183,-0.793,-0.816,0.383,0.0,0.751,0.435,0.578,-0.369,-0.336,0.854,0.922,0.392,-0.867,0.9,0.468,0.125,-0.109,0.8,-0.448,-0.196,0.131,-0.811,-0.906,0.569,0.921,0.047,-0.094,-0.405,-0.791,0.141,0.069,-0.403,-0.16,0.434,0.705,-0.388,-0.402,0.747,0.647,-0.705,0.566,0.856,0.546,0.94,0.787,0.76,0.852,0.647,-0.503,-0.844,0.366,-0.631,-0.879,-0.088,-0.594,-0.68,-0.047,0.798,0.244,-0.875,0.023,0.002,0.598,0.608,0.827,-0.527,-0.047,0.789,0.925,-0.067,-0.182,-0.795,0.085,-0.371,0.674,0.147,0.691,0.611,0.826,-0.578,0.19,0.48,-0.717,0.694,-0.892,-0.89,0.856,0.328,-0.727,-0.374,0.607,-0.024,0.657,-0.87,0.243,0.411,-0.014,-0.883,0.047,0.897,-0.795,-0.057,-0.397,0.433,-0.827,0.181,-0.515,-0.856,-0.5,-0.71,0.717,-0.877,0.571,0.521,-0.662,-0.305,-0.253,-0.748,0.13,0.4,0.687,0.683,-0.806,0.923,-0.596,-0.716,0.463,-0.339,0.936,0.559,-0.891,-0.363,0.594,-0.223,-0.694,0.702,-0.449,0.852,-0.424,0.04,-0.84,-0.844,-0.641,0.803,-0.758,-0.318,-0.529,-0.627,-0.829,0.679,0.741,0.915,-0.814,0.462,0.899,-0.202,0.807,0.645,0.789,0.568,0.942,0.49,0.488,-0.772,-0.819,-0.35,0.433,0.381,0.867,0.886,-0.843,0.702,0.658,-0.343,0.141,0.723,0.683,-0.677,-0.746
BTAI,-0.8,0.599,0.585,-0.568,-0.549,-0.573,0.275,-0.133,0.498,0.449,0.506,0.714,-0.942,0.715,0.557,-0.389,0.421,0.756,-0.227,-0.781,-0.342,-0.726,-0.558,0.527,0.751,0.0,0.473,0.619,-0.46,-0.023,0.774,0.846,0.527,-0.686,0.613,0.74,0.613,-0.503,0.915,-0.155,-0.295,0.464,-0.525,-0.912,0.609,0.778,0.427,0.2,-0.162,-0.778,0.384,-0.219,-0.316,-0.622,0.487,0.712,-0.517,-0.317,0.857,0.66,-0.892,0.639,0.925,0.063,0.715,0.823,0.898,0.615,0.93,-0.143,-0.847,0.381,-0.179,-0.693,-0.205,-0.351,-0.758,0.404,0.571,0.587,-0.754,-0.3,0.268,0.69,0.736,0.494,-0.251,-0.142,0.847,0.904,-0.121,-0.461,-0.888,0.04,-0.472,0.908,0.465,0.677,0.194,0.678,-0.159,0.107,0.315,-0.612,0.624,-0.576,-0.708,0.938,0.286,-0.811,-0.286,0.781,-0.249,0.904,-0.892,0.049,0.642,0.321,-0.766,0.511,0.835,-0.862,0.299,0.089,0.746,-0.778,-0.153,-0.426,-0.9,-0.22,-0.673,0.581,-0.682,0.884,0.085,-0.917,0.07,-0.293,-0.858,-0.12,0.676,0.726,0.812,-0.809,0.896,-0.495,-0.265,0.144,-0.213,0.665,0.325,-0.833,-0.468,0.439,-0.273,-0.893,0.706,-0.471,0.792,-0.431,0.515,-0.751,-0.514,-0.485,0.811,-0.791,-0.03,-0.514,-0.53,-0.798,0.712,0.827,0.771,-0.783,0.738,0.904,0.144,0.628,0.546,0.521,0.503,0.773,0.652,0.647,-0.471,-0.765,0.173,0.425,-0.022,0.63,0.725,-0.688,0.742,0.43,-0.101,0.219,0.849,0.533,-0.566,-0.575
BYND,-0.411,0.161,0.597,-0.182,-0.196,-0.15,0.227,-0.024,0.506,0.567,0.419,0.491,-0.422,0.489,0.23,0.014,0.214,0.426,-0.202,-0.441,-0.015,-0.449,-0.185,0.551,0.435,0.473,0.0,0.484,-0.198,-0.117,0.57,0.554,0.44,-0.389,0.334,0.527,0.453,-0.352,0.579,-0.007,-0.035,0.292,-0.426,-0.445,0.634,0.458,0.432,0.074,-0.027,-0.304,0.44,-0.077,-0.264,-0.223,0.357,0.456,-0.049,0.038,0.68,0.547,-0.53,0.345,0.545,0.215,0.449,0.328,0.692,0.397,0.467,0.155,-0.46,0.038,0.072,-0.397,0.148,0.075,-0.616,0.287,0.447,0.739,-0.218,-0.193,0.1,0.683,0.329,0.384,0.18,-0.086,0.701,0.503,0.329,-0.117,-0.462,0.024,-0.061,0.557,0.45,0.485,0.188,0.4,-0.022,-0.098,0.273,-0.126,0.408,-0.292,-0.283,0.478,0.362,-0.515,-0.412,0.569,-0.195,0.514,-0.462,0.26,0.411,0.328,-0.322,0.512,0.412,-0.29,0.293,0.113,0.416,-0.368,-0.238,0.041,-0.385,0.091,-0.157,0.165,-0.259,0.39,0.165,-0.435,-0.066,0.041,-0.431,0.087,0.431,0.762,0.501,-0.451,0.5,-0.269,-0.11,0.315,-0.057,0.334,0.167,-0.494,0.002,0.492,-0.09,-0.504,0.515,-0.338,0.319,-0.125,0.469,-0.275,-0.159,-0.145,0.498,-0.336,0.018,-0.485,-0.099,-0.534,0.434,0.688,0.543,-0.36,0.34,0.511,0.187,0.233,0.554,0.463,0.594,0.406,0.434,0.482,-0.087,-0.459,0.335,0.282,-0.083,0.197,0.573,-0.352,0.52,0.404,0.26,0.471,0.582,0.506,-0.106,-0.139
CAN,-0.627,0.408,0.46,-0.366,-0.49,-0.318,0.608,-0.225,0.406,0.222,0.235,0.685,-0.533,0.46,0.443,-0.063,0.269,0.441,-0.063,-0.459,0.053,-0.488,-0.374,0.392,0.578,0.619,0.484,0.0,-0.349,-0.07,0.658,0.582,0.71,-0.397,0.524,0.432,0.395,-0.481,0.652,-0.148,0.032,0.501,-0.322,-0.546,0.52,0.568,0.39,0.032,-0.096,-0.517,0.295,0.195,-0.006,-0.246,0.407,0.507,-0.133,-0.284,0.647,0.573,-0.637,0.382,0.591,0.19,0.557,0.603,0.626,0.74,0.594,-0.064,-0.613,0.262,-0.019,-0.372,-0.108,0.083,-0.547,0.097,0.555,0.541,-0.413,-0.264,0.242,0.594,0.613,0.396,0.168,0.285,0.631,0.617,-0.152,-0.124,-0.527,0.39,-0.122,0.523,0.403,0.502,0.079,0.707,-0.229,-0.114,0.611,-0.184,0.659,-0.3,-0.381,0.656,0.415,-0.555,-0.143,0.643,0.273,0.519,-0.588,0.229,0.625,0.267,-0.456,0.527,0.636,-0.448,0.42,-0.082,0.496,-0.518,0.231,-0.171,-0.51,-0.068,-0.181,0.52,-0.41,0.493,0.217,-0.56,-0.116,0.192,-0.445,-0.07,0.403,0.638,0.565,-0.487,0.59,-0.255,-0.195,0.066,-0.364,0.502,0.085,-0.566,-0.258,0.52,-0.116,-0.559,0.405,-0.104,0.623,-0.112,0.374,-0.385,-0.26,-0.226,0.618,-0.473,-0.234,-0.326,-0.344,-0.531,0.567,0.646,0.613,-0.551,0.503,0.715,0.321,0.627,0.536,0.582,0.263,0.524,0.331,0.409,-0.281,-0.455,0.212,0.43,-0.266,0.249,0.491,-0.425,0.512,0.497,0.113,0.484,0.653,0.408,-0.272,-0.152
CCEC,0.687,0.068,-0.395,0.442,0.609,0.173,-0.486,-0.024,-0.152,-0.287,-0.518,-0.673,0.284,-0.484,-0.197,0.375,0.237,0.006,0.283,0.649,0.117,0.576,0.498,-0.362,-0.369,-0.46,-0.198,-0.349,0.0,0.472,-0.541,-0.42,-0.625,0.552,-0.312,-0.627,-0.051,0.503,-0.538,0.679,-0.228,-0.422,0.5,0.508,-0.685,-0.594,0.124,0.483,0.642,0.635,-0.221,-0.182,0.437,0.033,-0.223,-0.451,0.401,0.331,-0.53,-0.446,0.244,-0.159,-0.353,-0.116,-0.549,-0.284,-0.522,-0.31,-0.312,0.345,0.517,-0.038,0.311,0.507,0.455,0.225,0.48,0.266,-0.549,-0.191,0.465,-0.225,-0.046,-0.292,-0.31,-0.367,0.074,-0.14,-0.497,-0.396,0.108,-0.241,0.561,0.285,0.306,-0.267,-0.018,-0.569,-0.455,-0.492,0.426,0.09,-0.335,0.279,-0.298,0.324,0.325,-0.536,-0.572,0.561,0.584,-0.531,-0.061,-0.277,0.5,-0.359,-0.019,-0.118,0.546,-0.25,-0.48,0.414,-0.067,0.315,-0.249,0.481,-0.036,-0.123,0.376,0.52,0.419,-0.17,0.304,-0.165,-0.508,0.382,0.516,-0.299,0.278,0.466,-0.202,-0.432,-0.102,0.257,-0.5,0.732,0.437,0.146,0.556,-0.473,0.058,0.604,0.477,-0.604,0.558,0.321,-0.589,0.354,-0.457,0.257,-0.279,0.506,0.351,0.582,-0.43,0.516,0.21,0.618,0.543,0.586,-0.264,-0.457,-0.332,0.701,-0.007,-0.354,0.244,-0.513,-0.093,-0.574,-0.144,-0.316,-0.68,0.05,0.554,0.501,-0.067,-0.453,0.208,-0.357,-0.401,0.645,-0.427,-0.508,0.304,-0.306,-0.586,-0.085,0.653,0.433
CDW,0.487,0.562,-0.165,0.491,0.511,0.145,-0.263,0.365,0.302,0.088,-0.593,-0.416,-0.076,-0.298,0.372,0.323,0.623,0.226,0.697,0.508,0.221,0.567,0.374,-0.146,-0.336,-0.023,-0.117,-0.07,0.472,0.0,-0.288,-0.363,-0.158,0.506,-0.371,-0.283,0.557,0.187,-0.268,0.756,-0.335,0.243,0.614,0.243,-0.35,-0.4,0.618,0.654,0.641,0.315,0.297,-0.056,0.7,-0.554,0.028,-0.205,0.352,0.396,-0.214,-0.304,-0.044,0.139,-0.023,-0.494,-0.473,-0.024,-0.212,-0.207,0.188,0.661,0.355,0.147,0.667,0.56,0.333,0.407,0.377,0.605,-0.441,0.12,0.25,-0.449,0.153,-0.012,0.217,-0.423,0.322,-0.048,-0.213,-0.232,-0.2,-0.476,0.379,0.202,-0.022,0.059,0.038,-0.554,-0.704,-0.242,0.488,-0.066,-0.156,0.348,0.058,0.487,0.268,-0.232,-0.372,0.385,0.586,-0.053,0.085,0.178,0.28,-0.374,0.383,0.23,0.458,0.299,-0.291,0.2,0.543,0.532,0.086,0.37,0.043,-0.25,0.118,0.624,0.449,0.088,0.369,0.29,-0.632,0.081,0.727,-0.085,0.133,0.272,0.153,-0.226,0.15,0.13,-0.287,0.708,0.657,-0.212,0.206,-0.403,-0.277,0.477,0.369,-0.403,0.63,0.049,-0.406,0.581,-0.094,0.332,0.422,0.416,0.503,0.567,-0.123,0.468,0.573,0.677,0.506,0.45,0.206,-0.19,-0.185,0.481,0.195,-0.109,0.657,-0.355,-0.022,-0.384,-0.332,-0.201,-0.321,0.268,0.623,0.501,0.338,-0.042,-0.243,-0.404,-0.419,0.526,-0.298,-0.441,0.372,0.109,-0.178,-0.134,0.516,0.388
