,ABEO,ACHC,AGNCN,AKAM,AKRO,ALRM,AMAT,AMED,AMRN,ANGI,APA,APOG,APPS,ARCB,ARCC,ARVN,ATEC,ATXS,AVAV,AXON,BANF,BATRK,BIDU,BLNE,BLNK,BTAI,BYND,CAN,CCEC,CDW,CDXS,CELH,CGNX,CHKP,CHRS,CHRW,CIGI,CKPT,CMPR,COGT,CRNC,CRSP,CSTL,CTSH,CVGW,DGLY,DNLI,DOCU,DVAX,EBAY,EHTH,ERII,ESLT,EXPE,EXPO,FBIOP,FFBC,FFIN,FOXF,FWRD,GDS,GERN,GPRE,GRWG,GRYP,HEES,HELE,HIVE,HON,HRTX,HSTM,HURA,IART,IBKR,IBOC,IBRX,IDXX,INGN,INM,INVA,IQ,IRBT,KDP,KPTI,KTOS,KXIN,LAMR,LFUS,LGIH,LGMK,LKFN,LNW,LOPE,LPSN,LYFT,MGNX,MLCO,MNST,MODV,MSTR,MTCH,MYGN,MYRG,NCMI,NEXT,NFLX,NIU,NKTR,NRC,NTNX,NTRA,NVEE,NVMI,NWL,NWS,NXPI,OCGN,OCSL,OKTA,OLLI,OTLK,OXLC,PAA,PARA,PARAA,PDCO,PDFS,PFG,PGEN,PNFP,PODD,POWI,PSMT,PTC,PTEN,PVLA,RDNT,RDUS,RDWR,REGN,RNAC,ROCK,ROST,RRR,RSLS,RVMD,RYAAY,SAFT,SAGE,SAVA,SBGI,SFM,SFNC,SHYF,SIBN,SIFY,SIGI,SIMO,SITM,SLM,SNBR,SNDX,SNY,SPNS,SRRK,STRA,SUPN,SYRE,TCBK,TEAM,TECH,THRM,TLRY,TRMK,TROW,TSLA,TWST,TXN,UFPI,UNIT,UPWK,USLM,UTHR,VERB,VLY,VRNA,VRRM,VXRT,WAFD,WATT,WBA,WING,WIX,WTFC,WTW,XPEL,XRX,YMAB,ZG,ZLAB
ABEO,0.0,0.761,0.238,0.09,0.179,0.243,0.771,0.214,0.667,0.428,0.551,0.021,-0.11,0.485,0.321,0.59,0.707,0.095,0.169,-0.058,0.314,0.239,-0.015,0.177,0.802,0.717,0.489,0.375,0.089,0.625,0.594,0.762,0.716,-0.339,0.66,0.412,0.556,0.396,0.307,0.663,0.524,0.681,0.818,-0.021,0.074,0.383,0.458,-0.019,0.216,0.133,-0.174,0.538,0.053,0.062,0.26,0.504,0.34,0.431,0.453,0.66,0.393,0.472,0.762,0.779,0.419,0.366,0.339,0.615,-0.158,0.825,0.718,0.495,0.54,0.621,0.478,0.411,0.728,0.773,0.74,0.323,0.324,0.731,0.116,0.727,0.76,0.167,0.36,0.664,0.317,0.309,0.404,0.501,0.438,0.196,0.709,0.814,0.269,0.22,0.611,0.52,-0.175,0.69,0.338,0.44,0.397,-0.07,0.291,0.803,0.48,0.299,0.875,0.428,0.276,0.48,0.311,0.459,0.731,0.448,0.487,-0.616,0.375,0.505,0.812,0.708,0.543,-0.183,0.554,0.651,0.361,0.631,0.617,0.492,0.237,0.436,0.389,0.747,0.512,0.203,0.051,0.649,0.118,0.419,0.659,0.288,0.675,0.581,0.276,0.242,0.62,0.913,0.806,0.748,0.353,0.336,0.585,0.53,0.09,0.455,0.743,-0.159,0.32,0.816,0.149,0.02,-0.227,0.339,0.638,0.726,0.344,0.454,0.739,0.546,-0.004,0.297,0.394,-0.309,0.34,0.571,0.411,0.438,0.107,-0.059,0.288,0.695,0.424,-0.093,0.402,0.426,0.474,-0.098,0.36,0.505,0.135,0.68,-0.559,0.336,-0.171,0.407,0.317,-0.128
ACHC,0.761,0.0,0.647,-0.448,-0.377,-0.253,0.804,0.611,0.876,-0.064,0.745,-0.477,0.319,0.02,0.515,0.252,0.354,-0.466,0.281,-0.597,-0.234,-0.292,-0.517,0.331,0.562,0.687,0.287,-0.048,0.041,0.473,0.101,0.393,0.346,-0.722,0.479,-0.012,0.061,-0.012,-0.233,0.261,0.846,0.192,0.72,-0.541,-0.459,-0.121,-0.073,-0.534,-0.075,0.236,0.369,0.034,0.507,-0.185,-0.271,0.256,-0.193,-0.083,0.082,0.56,0.787,0.064,0.4,0.481,-0.115,-0.182,-0.202,0.149,-0.565,0.595,0.374,0.045,0.073,0.838,-0.053,0.029,0.367,0.707,0.347,-0.233,-0.194,0.92,-0.408,0.774,0.809,-0.039,-0.201,0.184,-0.227,-0.193,-0.111,0.007,0.0,0.61,0.274,0.782,-0.244,-0.082,0.129,0.097,-0.04,0.351,-0.153,-0.054,0.675,-0.59,-0.05,0.945,0.055,-0.112,0.726,-0.054,0.678,-0.031,-0.244,-0.02,0.685,-0.008,0.27,-0.866,0.734,0.092,0.647,0.381,0.151,0.044,0.104,0.257,0.769,0.18,0.3,0.024,-0.26,-0.068,0.698,0.473,-0.012,-0.318,-0.455,0.216,-0.363,-0.108,0.501,-0.211,0.534,0.095,-0.141,-0.258,0.732,0.781,0.395,0.388,-0.185,-0.117,0.711,0.074,-0.432,0.087,0.349,0.233,-0.174,0.495,0.411,-0.469,-0.401,-0.142,0.679,0.348,-0.207,-0.031,0.336,0.142,0.192,-0.25,-0.188,-0.479,-0.093,0.408,-0.117,-0.025,-0.396,-0.546,-0.068,0.454,-0.101,0.293,0.73,0.783,-0.057,0.292,0.135,-0.02,0.301,0.256,-0.488,-0.165,-0.205,-0.115,-0.248,-0.503
AGNCN,0.238,0.647,0.0,-0.682,-0.626,-0.785,0.33,0.866,0.757,-0.57,0.753,-0.587,0.694,-0.603,0.763,-0.112,-0.193,-0.784,0.19,-0.809,-0.657,-0.691,-0.822,0.661,-0.027,0.354,0.146,-0.552,-0.027,-0.098,-0.462,-0.279,-0.279,-0.621,-0.146,-0.592,-0.532,-0.474,-0.748,-0.271,0.731,-0.408,0.139,-0.871,-0.594,-0.551,-0.611,-0.797,-0.053,-0.14,0.763,-0.548,0.636,0.016,-0.741,-0.068,-0.686,-0.623,-0.34,0.2,0.829,-0.445,-0.216,0.08,-0.653,-0.645,-0.715,-0.492,-0.612,0.109,-0.115,-0.441,-0.317,0.641,-0.61,-0.364,-0.271,0.401,-0.097,-0.738,-0.686,0.528,-0.759,0.585,0.439,-0.301,-0.684,-0.395,-0.701,-0.445,-0.639,-0.561,-0.455,0.918,-0.271,0.462,-0.766,0.015,-0.437,-0.55,0.387,-0.181,-0.65,-0.55,0.952,-0.802,-0.278,0.505,-0.257,-0.638,0.19,-0.578,0.775,-0.561,-0.7,-0.571,0.524,-0.341,-0.362,-0.715,0.86,-0.238,0.053,-0.289,-0.254,0.196,-0.575,-0.128,0.929,-0.317,-0.188,-0.514,-0.701,-0.651,0.902,-0.143,-0.609,-0.69,-0.628,-0.318,-0.651,-0.666,0.283,-0.661,0.112,-0.344,-0.746,-0.517,0.677,0.326,-0.167,-0.325,-0.675,-0.557,0.617,-0.424,-0.715,-0.315,-0.292,0.581,-0.733,0.077,0.558,-0.847,0.073,-0.65,0.413,-0.139,-0.683,-0.614,-0.297,-0.336,0.641,-0.664,-0.61,-0.583,-0.275,0.1,-0.639,-0.536,-0.66,-0.827,-0.443,0.2,-0.633,0.774,0.741,0.826,-0.589,0.667,-0.333,-0.466,0.208,-0.382,-0.045,-0.71,-0.069,-0.63,-0.718,-0.721
AKAM,0.09,-0.448,-0.682,0.0,0.738,0.782,-0.169,-0.561,-0.558,0.729,-0.233,0.827,-0.731,0.723,-0.261,0.41,0.542,0.825,-0.406,0.846,0.908,0.86,0.831,-0.194,0.19,-0.007,0.318,0.644,0.14,0.202,0.606,0.529,0.51,0.746,0.156,0.722,0.777,0.542,0.834,0.504,-0.652,0.627,0.009,0.826,0.859,0.813,0.735,0.725,0.486,-0.224,-0.886,0.73,-0.79,0.395,0.834,0.371,0.881,0.836,0.678,0.203,-0.59,0.591,0.488,0.312,0.826,0.882,0.831,0.656,0.622,0.097,0.551,0.696,0.768,-0.437,0.838,0.494,0.527,0.059,0.543,0.808,0.853,-0.397,0.913,-0.213,-0.182,0.328,0.854,0.707,0.852,0.729,0.846,0.806,0.797,-0.62,0.48,-0.115,0.82,0.596,0.736,0.603,-0.339,0.498,0.803,0.785,-0.533,0.854,0.626,-0.355,0.636,0.624,0.07,0.733,-0.737,0.823,0.875,0.695,-0.02,0.751,0.207,0.424,-0.578,0.65,0.221,0.497,0.559,-0.22,0.611,0.593,-0.691,0.704,0.504,0.764,0.754,0.796,-0.497,0.356,0.791,0.829,0.94,0.575,0.726,0.826,0.26,0.896,0.164,0.64,0.673,0.821,-0.314,0.019,0.497,0.501,0.86,0.739,-0.213,0.556,0.91,0.494,0.588,-0.611,0.788,0.239,-0.497,0.799,0.128,0.778,-0.074,0.401,0.886,0.76,0.572,0.71,-0.429,0.908,0.879,0.301,0.604,0.233,0.843,0.742,0.881,0.915,0.358,0.341,0.831,-0.619,-0.436,-0.665,0.841,-0.458,0.374,0.759,-0.274,0.674,-0.043,0.793,0.102,0.76,0.846,0.635
AKRO,0.179,-0.377,-0.626,0.738,0.0,0.827,-0.142,-0.649,-0.405,0.776,-0.439,0.844,-0.696,0.725,-0.463,0.53,0.439,0.868,-0.178,0.815,0.817,0.857,0.758,-0.162,0.283,0.012,0.326,0.681,0.075,0.131,0.77,0.433,0.418,0.44,0.408,0.58,0.728,0.697,0.847,0.581,-0.495,0.716,-0.01,0.799,0.815,0.767,0.772,0.825,0.311,-0.226,-0.745,0.794,-0.748,0.31,0.861,0.384,0.808,0.765,0.649,0.215,-0.654,0.717,0.552,0.475,0.758,0.815,0.844,0.714,0.645,0.301,0.411,0.629,0.63,-0.502,0.756,0.605,0.483,0.097,0.509,0.859,0.755,-0.34,0.805,-0.128,-0.14,0.418,0.845,0.69,0.851,0.676,0.767,0.728,0.622,-0.587,0.601,0.058,0.788,0.346,0.657,0.596,-0.214,0.408,0.782,0.788,-0.537,0.727,0.48,-0.266,0.609,0.576,0.085,0.773,-0.646,0.729,0.77,0.68,-0.034,0.685,0.274,0.415,-0.58,0.394,0.108,0.45,0.458,-0.381,0.678,0.464,-0.626,0.658,0.38,0.703,0.698,0.759,-0.548,0.371,0.753,0.863,0.731,0.629,0.712,0.805,0.141,0.762,0.192,0.657,0.641,0.824,-0.291,0.032,0.585,0.458,0.798,0.71,-0.147,0.628,0.754,0.449,0.527,-0.612,0.759,0.42,-0.362,0.789,0.244,0.749,-0.147,0.617,0.83,0.707,0.543,0.596,-0.488,0.811,0.81,0.327,0.644,0.051,0.804,0.654,0.805,0.752,0.458,0.24,0.801,-0.714,-0.567,-0.588,0.771,-0.521,0.357,0.752,-0.403,0.598,-0.266,0.814,-0.142,0.79,0.876,0.709
ALRM,0.243,-0.253,-0.785,0.782,0.827,0.0,-0.022,-0.711,-0.42,0.858,-0.431,0.752,-0.882,0.942,-0.608,0.457,0.54,0.859,-0.175,0.817,0.906,0.941,0.83,-0.363,0.349,0.042,0.199,0.88,-0.021,0.29,0.842,0.689,0.6,0.435,0.544,0.874,0.897,0.66,0.968,0.613,-0.522,0.79,0.163,0.883,0.78,0.854,0.896,0.803,0.191,0.05,-0.883,0.907,-0.685,-0.02,0.954,0.382,0.944,0.934,0.687,0.338,-0.633,0.859,0.712,0.44,0.89,0.919,0.954,0.893,0.643,0.298,0.53,0.664,0.722,-0.442,0.912,0.597,0.658,0.104,0.567,0.958,0.846,-0.212,0.914,-0.144,-0.054,0.513,0.946,0.798,0.948,0.581,0.932,0.9,0.794,-0.724,0.608,-0.017,0.933,0.21,0.815,0.808,-0.549,0.537,0.933,0.893,-0.705,0.755,0.415,-0.128,0.523,0.766,0.218,0.877,-0.72,0.855,0.853,0.785,-0.053,0.7,0.484,0.348,-0.668,0.437,0.353,0.697,0.487,-0.295,0.885,0.454,-0.716,0.724,0.433,0.816,0.781,0.952,-0.672,0.483,0.903,0.895,0.73,0.67,0.667,0.948,0.102,0.904,0.232,0.643,0.844,0.816,-0.435,0.106,0.669,0.717,0.933,0.868,-0.198,0.694,0.859,0.61,0.721,-0.692,0.967,0.401,-0.563,0.929,-0.171,0.954,-0.048,0.544,0.947,0.89,0.676,0.698,-0.779,0.894,0.838,0.425,0.454,0.068,0.934,0.845,0.804,0.868,0.563,0.198,0.944,-0.879,-0.496,-0.662,0.911,-0.619,0.562,0.76,-0.324,0.78,-0.379,0.975,-0.226,0.942,0.946,0.644
AMAT,0.771,0.804,0.33,-0.169,-0.142,-0.022,0.0,0.364,0.648,0.098,0.581,-0.337,0.243,0.202,0.4,0.372,0.613,-0.234,0.357,-0.337,0.032,-0.108,-0.146,0.162,0.789,0.755,0.327,0.099,0.138,0.79,0.218,0.52,0.631,-0.492,0.611,0.139,0.268,0.249,0.032,0.436,0.736,0.409,0.807,-0.234,-0.339,0.014,0.12,-0.144,-0.012,0.333,0.149,0.199,0.345,0.072,-0.047,0.216,0.063,0.145,0.147,0.367,0.586,0.064,0.488,0.421,0.119,0.049,0.029,0.311,-0.36,0.765,0.514,0.256,0.162,0.831,0.197,0.209,0.586,0.615,0.538,0.004,0.104,0.914,-0.212,0.535,0.895,-0.041,0.064,0.424,0.002,0.044,0.143,0.207,0.125,0.285,0.473,0.766,-0.006,0.049,0.286,0.383,0.058,0.531,0.022,0.062,0.413,-0.234,0.302,0.876,0.265,0.149,0.883,0.155,0.626,0.204,0.083,0.427,0.477,0.061,0.645,-0.611,0.525,0.397,0.682,0.439,0.402,-0.089,0.396,0.509,0.51,0.412,0.504,0.381,-0.027,0.138,0.463,0.6,0.263,-0.121,-0.195,0.41,-0.079,0.115,0.532,0.04,0.597,0.367,0.132,-0.186,0.683,0.789,0.431,0.496,0.096,0.087,0.579,0.379,-0.177,0.391,0.538,0.117,0.032,0.537,0.474,-0.197,-0.243,0.041,0.639,0.514,0.032,0.246,0.596,0.253,0.23,0.058,0.161,-0.181,0.304,0.758,0.098,0.085,-0.071,-0.275,0.219,0.416,0.152,0.162,0.578,0.614,0.192,0.043,0.24,0.13,0.424,0.471,-0.368,0.036,0.186,0.061,0.064,-0.13
AMED,0.214,0.611,0.866,-0.561,-0.649,-0.711,0.364,0.0,0.632,-0.498,0.805,-0.577,0.653,-0.525,0.86,0.0,-0.081,-0.781,0.036,-0.807,-0.527,-0.668,-0.787,0.666,0.079,0.481,0.36,-0.521,-0.042,0.071,-0.497,-0.242,-0.17,-0.576,-0.083,-0.511,-0.452,-0.475,-0.667,-0.186,0.668,-0.344,0.186,-0.831,-0.546,-0.471,-0.545,-0.793,0.085,-0.138,0.68,-0.489,0.539,0.044,-0.67,0.03,-0.592,-0.522,-0.259,0.306,0.917,-0.454,-0.188,0.012,-0.551,-0.549,-0.645,-0.461,-0.575,0.114,0.04,-0.302,-0.214,0.668,-0.5,-0.251,-0.124,0.493,-0.022,-0.704,-0.579,0.56,-0.704,0.611,0.5,-0.194,-0.639,-0.305,-0.617,-0.333,-0.525,-0.469,-0.294,0.91,-0.256,0.418,-0.739,0.162,-0.35,-0.531,0.357,-0.048,-0.627,-0.524,0.839,-0.771,-0.082,0.523,-0.178,-0.69,0.205,-0.464,0.717,-0.428,-0.617,-0.456,0.609,-0.255,-0.356,-0.741,0.938,-0.17,0.094,-0.261,-0.142,0.12,-0.541,0.018,0.851,-0.184,-0.056,-0.393,-0.684,-0.593,0.919,-0.033,-0.542,-0.645,-0.489,-0.222,-0.516,-0.585,0.428,-0.542,0.247,-0.227,-0.636,-0.464,0.663,0.398,-0.16,-0.283,-0.602,-0.496,0.696,-0.273,-0.614,-0.285,-0.236,0.49,-0.682,0.019,0.63,-0.809,-0.018,-0.584,0.628,-0.097,-0.603,-0.571,-0.174,-0.21,0.638,-0.544,-0.529,-0.598,-0.19,0.233,-0.545,-0.556,-0.519,-0.705,-0.4,0.259,-0.531,0.785,0.808,0.847,-0.482,0.787,-0.226,-0.428,0.104,-0.258,0.006,-0.662,0.067,-0.601,-0.659,-0.623
AMRN,0.667,0.876,0.757,-0.558,-0.405,-0.42,0.648,0.632,0.0,-0.174,0.701,-0.555,0.414,-0.182,0.554,0.207,0.181,-0.526,0.325,-0.639,-0.406,-0.422,-0.654,0.477,0.413,0.55,0.225,-0.234,-0.006,0.311,-0.04,0.185,0.207,-0.7,0.247,-0.232,-0.128,-0.185,-0.389,0.19,0.795,0.067,0.625,-0.636,-0.503,-0.266,-0.151,-0.571,-0.122,0.214,0.493,-0.147,0.549,-0.123,-0.394,0.169,-0.378,-0.284,-0.104,0.388,0.772,-0.057,0.252,0.431,-0.276,-0.335,-0.336,-0.051,-0.613,0.51,0.2,-0.077,-0.054,0.757,-0.233,0.002,0.192,0.601,0.177,-0.353,-0.341,0.784,-0.537,0.743,0.651,-0.2,-0.34,-0.004,-0.358,-0.269,-0.305,-0.163,-0.186,0.658,0.176,0.72,-0.401,-0.107,-0.023,-0.155,0.171,0.226,-0.35,-0.232,0.796,-0.683,-0.156,0.82,-0.015,-0.298,0.593,-0.205,0.733,-0.21,-0.367,-0.188,0.639,-0.097,0.075,-0.831,0.749,-0.02,0.51,0.162,0.075,-0.067,-0.107,0.167,0.837,0.021,0.1,-0.202,-0.352,-0.262,0.748,0.314,-0.2,-0.45,-0.578,0.133,-0.42,-0.277,0.416,-0.419,0.394,0.055,-0.297,-0.349,0.715,0.672,0.265,0.175,-0.342,-0.31,0.656,-0.025,-0.543,-0.057,0.118,0.259,-0.351,0.494,0.504,-0.613,-0.191,-0.308,0.575,0.27,-0.374,-0.249,0.148,-0.032,0.356,-0.427,-0.315,-0.604,-0.163,0.271,-0.285,-0.197,-0.524,-0.704,-0.098,0.344,-0.283,0.433,0.669,0.791,-0.24,0.278,-0.079,-0.127,0.187,0.033,-0.312,-0.324,-0.186,-0.259,-0.409,-0.627
ANGI,0.428,-0.064,-0.57,0.729,0.776,0.858,0.098,-0.498,-0.174,0.0,-0.126,0.721,-0.751,0.902,-0.318,0.737,0.642,0.815,-0.327,0.668,0.87,0.865,0.63,-0.184,0.524,0.299,0.481,0.706,0.072,0.409,0.83,0.73,0.698,0.252,0.493,0.773,0.911,0.688,0.918,0.821,-0.329,0.904,0.355,0.673,0.726,0.896,0.888,0.634,0.263,-0.116,-0.847,0.918,-0.748,0.165,0.914,0.64,0.86,0.875,0.854,0.526,-0.396,0.849,0.761,0.696,0.922,0.921,0.941,0.861,0.349,0.501,0.651,0.859,0.804,-0.273,0.902,0.803,0.791,0.385,0.656,0.929,0.889,-0.032,0.822,0.184,0.068,0.496,0.89,0.851,0.938,0.758,0.876,0.934,0.797,-0.479,0.818,0.256,0.901,0.356,0.904,0.684,-0.4,0.717,0.821,0.907,-0.438,0.567,0.563,0.062,0.767,0.607,0.33,0.923,-0.594,0.933,0.849,0.72,0.222,0.863,0.351,0.048,-0.384,0.513,0.501,0.777,0.713,-0.512,0.789,0.681,-0.434,0.832,0.622,0.781,0.771,0.88,-0.363,0.731,0.884,0.879,0.664,0.833,0.785,0.938,0.386,0.864,0.462,0.788,0.792,0.827,-0.132,0.371,0.813,0.786,0.868,0.746,-0.017,0.702,0.731,0.39,0.731,-0.795,0.866,0.643,-0.385,0.699,-0.131,0.813,0.136,0.717,0.895,0.797,0.763,0.865,-0.597,0.835,0.842,-0.008,0.565,0.214,0.944,0.761,0.701,0.727,0.302,0.513,0.895,-0.792,-0.396,-0.38,0.895,-0.449,0.456,0.923,-0.416,0.825,-0.484,0.914,-0.214,0.893,0.861,0.581
APA,0.551,0.745,0.753,-0.233,-0.439,-0.431,0.581,0.805,0.701,-0.126,0.0,-0.346,0.391,-0.147,0.864,0.287,0.308,-0.494,-0.094,-0.56,-0.186,-0.338,-0.529,0.577,0.363,0.684,0.506,-0.259,0.126,0.327,-0.148,0.219,0.249,-0.469,0.079,-0.127,-0.027,-0.127,-0.324,0.18,0.651,0.055,0.519,-0.636,-0.303,-0.083,-0.19,-0.633,0.24,-0.127,0.309,-0.12,0.313,0.206,-0.343,0.298,-0.233,-0.141,0.135,0.528,0.848,-0.132,0.202,0.408,-0.156,-0.161,-0.279,-0.069,-0.583,0.393,0.403,0.105,0.189,0.772,-0.093,0.02,0.27,0.722,0.344,-0.349,-0.163,0.69,-0.373,0.758,0.653,-0.107,-0.277,0.107,-0.262,-0.022,-0.162,-0.044,0.043,0.755,0.157,0.663,-0.336,0.385,0.104,-0.153,0.15,0.362,-0.283,-0.128,0.834,-0.529,0.183,0.668,0.212,-0.341,0.524,-0.108,0.592,-0.009,-0.218,-0.142,0.743,0.138,-0.114,-0.855,0.834,0.28,0.509,0.197,0.274,0.003,-0.184,0.419,0.805,0.207,0.338,-0.02,-0.309,-0.203,0.9,0.352,-0.112,-0.333,-0.228,0.157,-0.27,-0.189,0.707,-0.168,0.531,0.11,-0.314,-0.183,0.78,0.694,0.247,0.182,-0.23,-0.185,0.713,-0.044,-0.328,-0.056,0.199,0.213,-0.318,0.383,0.426,-0.593,-0.131,-0.28,0.699,0.208,-0.232,-0.176,0.22,0.227,0.481,-0.203,-0.136,-0.689,0.058,0.514,-0.152,-0.148,-0.304,-0.445,-0.37,0.641,-0.164,0.516,0.759,0.767,-0.085,0.564,-0.065,0.004,0.176,0.158,-0.222,-0.301,0.072,-0.235,-0.331,-0.506
APOG,0.021,-0.477,-0.587,0.827,0.844,0.752,-0.337,-0.577,-0.555,0.721,-0.346,0.0,-0.699,0.664,-0.358,0.397,0.282,0.827,-0.368,0.824,0.823,0.858,0.781,-0.116,0.093,-0.037,0.352,0.689,-0.002,-0.08,0.669,0.382,0.272,0.567,0.216,0.603,0.676,0.564,0.781,0.402,-0.575,0.559,-0.246,0.77,0.903,0.804,0.643,0.745,0.46,-0.522,-0.79,0.71,-0.856,0.314,0.785,0.322,0.78,0.731,0.67,0.264,-0.701,0.642,0.402,0.371,0.74,0.82,0.788,0.636,0.682,0.104,0.329,0.551,0.672,-0.601,0.696,0.505,0.332,0.003,0.488,0.783,0.704,-0.473,0.866,-0.131,-0.267,0.396,0.798,0.616,0.805,0.733,0.726,0.696,0.647,-0.531,0.474,-0.073,0.757,0.509,0.6,0.516,-0.264,0.256,0.806,0.812,-0.491,0.739,0.491,-0.43,0.556,0.552,-0.118,0.691,-0.77,0.711,0.717,0.533,0.009,0.747,0.003,0.461,-0.568,0.426,-0.024,0.418,0.383,-0.258,0.54,0.389,-0.662,0.583,0.3,0.651,0.643,0.712,-0.511,0.211,0.661,0.897,0.852,0.436,0.65,0.748,0.166,0.798,0.129,0.472,0.461,0.889,-0.35,-0.057,0.489,0.378,0.752,0.725,-0.24,0.503,0.826,0.368,0.469,-0.527,0.712,0.268,-0.573,0.776,0.297,0.717,-0.19,0.372,0.813,0.671,0.38,0.609,-0.472,0.798,0.769,0.32,0.545,-0.016,0.768,0.648,0.788,0.832,0.187,0.333,0.745,-0.678,-0.57,-0.635,0.733,-0.399,0.343,0.728,-0.376,0.507,-0.224,0.756,-0.204,0.752,0.816,0.614
APPS,-0.11,0.319,0.694,-0.731,-0.696,-0.882,0.243,0.653,0.414,-0.751,0.391,-0.699,0.0,-0.842,0.61,-0.316,-0.361,-0.778,0.317,-0.782,-0.797,-0.886,-0.716,0.318,-0.054,0.12,-0.084,-0.796,0.095,-0.021,-0.727,-0.559,-0.376,-0.45,-0.33,-0.835,-0.785,-0.44,-0.844,-0.455,0.657,-0.619,-0.044,-0.766,-0.811,-0.81,-0.814,-0.626,-0.109,-0.028,0.867,-0.771,0.639,0.156,-0.853,-0.369,-0.837,-0.838,-0.59,-0.325,0.612,-0.854,-0.623,-0.379,-0.746,-0.825,-0.856,-0.773,-0.592,-0.065,-0.418,-0.527,-0.706,0.547,-0.803,-0.454,-0.507,-0.065,-0.441,-0.854,-0.721,0.376,-0.899,0.125,0.25,-0.497,-0.829,-0.62,-0.86,-0.421,-0.817,-0.786,-0.728,0.645,-0.402,0.176,-0.835,-0.218,-0.755,-0.638,0.638,-0.445,-0.842,-0.797,0.644,-0.658,-0.187,0.261,-0.381,-0.638,-0.065,-0.763,0.808,-0.734,-0.735,-0.539,0.084,-0.648,-0.226,-0.282,0.702,-0.302,-0.302,-0.601,-0.351,0.202,-0.682,-0.296,0.686,-0.559,-0.27,-0.587,-0.678,-0.864,0.635,-0.323,-0.777,-0.791,-0.674,-0.536,-0.501,-0.844,0.017,-0.806,-0.034,-0.455,-0.732,-0.793,0.566,0.034,-0.556,-0.616,-0.814,-0.785,0.252,-0.469,-0.799,-0.493,-0.577,0.73,-0.902,-0.307,0.685,-0.837,0.247,-0.887,0.112,-0.319,-0.854,-0.748,-0.494,-0.611,0.837,-0.767,-0.669,-0.29,-0.224,0.171,-0.843,-0.82,-0.665,-0.81,-0.426,-0.151,-0.832,0.814,0.501,0.726,-0.795,0.49,-0.458,-0.66,0.478,-0.639,0.338,-0.881,0.37,-0.868,-0.793,-0.428
ARCB,0.485,0.02,-0.603,0.723,0.725,0.942,0.202,-0.525,-0.182,0.902,-0.147,0.664,-0.842,0.0,-0.421,0.592,0.668,0.767,-0.22,0.674,0.898,0.904,0.711,-0.251,0.52,0.278,0.347,0.873,0.009,0.43,0.89,0.847,0.742,0.251,0.641,0.925,0.974,0.681,0.947,0.734,-0.314,0.894,0.392,0.731,0.705,0.897,0.914,0.634,0.214,0.063,-0.851,0.957,-0.616,-0.024,0.916,0.529,0.93,0.962,0.79,0.553,-0.402,0.919,0.869,0.643,0.906,0.933,0.947,0.969,0.465,0.486,0.701,0.759,0.829,-0.205,0.957,0.652,0.82,0.36,0.721,0.933,0.861,0.042,0.857,0.126,0.163,0.527,0.924,0.903,0.94,0.593,0.95,0.962,0.862,-0.541,0.744,0.228,0.916,0.284,0.93,0.848,-0.604,0.71,0.916,0.934,-0.5,0.615,0.458,0.132,0.626,0.735,0.43,0.921,-0.569,0.926,0.853,0.796,0.18,0.781,0.528,0.058,-0.454,0.54,0.589,0.86,0.61,-0.308,0.928,0.601,-0.491,0.835,0.578,0.861,0.763,0.976,-0.442,0.681,0.95,0.86,0.663,0.792,0.61,0.973,0.315,0.907,0.431,0.713,0.832,0.795,-0.215,0.368,0.833,0.883,0.924,0.873,0.023,0.733,0.782,0.631,0.868,-0.707,0.965,0.591,-0.479,0.799,-0.313,0.945,0.173,0.655,0.941,0.907,0.809,0.836,-0.722,0.877,0.837,0.216,0.461,0.224,0.963,0.879,0.728,0.761,0.484,0.431,0.962,-0.819,-0.298,-0.449,0.951,-0.514,0.605,0.835,-0.279,0.909,-0.557,0.97,-0.264,0.953,0.904,0.5
ARCC,0.321,0.515,0.763,-0.261,-0.463,-0.608,0.4,0.86,0.554,-0.318,0.864,-0.358,0.61,-0.421,0.0,0.186,0.14,-0.554,-0.077,-0.574,-0.298,-0.505,-0.58,0.649,0.234,0.54,0.517,-0.471,0.145,0.192,-0.373,-0.093,0.045,-0.321,-0.133,-0.42,-0.272,-0.268,-0.499,0.022,0.577,-0.153,0.286,-0.655,-0.34,-0.272,-0.371,-0.599,0.318,-0.265,0.442,-0.339,0.304,0.424,-0.489,0.157,-0.395,-0.349,-0.082,0.281,0.801,-0.427,-0.121,0.139,-0.313,-0.321,-0.469,-0.342,-0.509,0.211,0.231,-0.028,0.001,0.69,-0.297,-0.065,0.021,0.538,0.152,-0.516,-0.301,0.5,-0.501,0.591,0.502,-0.213,-0.43,-0.101,-0.43,-0.001,-0.35,-0.267,-0.116,0.779,-0.019,0.486,-0.54,0.452,-0.15,-0.393,0.438,0.146,-0.472,-0.355,0.846,-0.488,0.236,0.456,0.125,-0.545,0.307,-0.306,0.615,-0.201,-0.337,-0.258,0.65,0.003,-0.31,-0.646,0.871,0.211,0.2,-0.158,0.152,-0.007,-0.435,0.335,0.744,0.037,0.21,-0.192,-0.438,-0.439,0.904,0.12,-0.327,-0.472,-0.204,-0.025,-0.25,-0.4,0.644,-0.34,0.372,0.048,-0.512,-0.268,0.772,0.502,-0.016,-0.154,-0.397,-0.382,0.623,-0.107,-0.388,-0.194,-0.077,0.363,-0.563,0.162,0.564,-0.691,0.223,-0.49,0.619,0.077,-0.403,-0.391,0.006,0.013,0.76,-0.306,-0.21,-0.608,0.118,0.494,-0.352,-0.403,-0.29,-0.507,-0.379,0.507,-0.36,0.722,0.705,0.771,-0.278,0.648,-0.257,-0.151,0.174,-0.09,0.126,-0.52,0.281,-0.454,-0.459,-0.437
ARVN,0.59,0.252,-0.112,0.41,0.53,0.457,0.372,0.0,0.207,0.737,0.287,0.397,-0.316,0.592,0.186,0.0,0.663,0.479,-0.344,0.25,0.578,0.465,0.196,0.269,0.744,0.583,0.788,0.303,0.177,0.533,0.547,0.536,0.705,-0.123,0.491,0.367,0.656,0.546,0.582,0.895,0.104,0.827,0.556,0.208,0.393,0.638,0.643,0.26,0.245,-0.155,-0.464,0.673,-0.53,0.443,0.614,0.646,0.518,0.562,0.718,0.62,0.1,0.552,0.642,0.802,0.59,0.619,0.614,0.602,-0.028,0.718,0.721,0.842,0.654,0.128,0.636,0.854,0.785,0.724,0.599,0.594,0.668,0.299,0.391,0.497,0.373,0.335,0.526,0.718,0.631,0.683,0.565,0.666,0.59,-0.006,0.868,0.593,0.506,0.493,0.725,0.353,-0.027,0.815,0.394,0.582,0.021,0.198,0.669,0.361,0.878,0.128,0.483,0.766,-0.096,0.728,0.606,0.534,0.502,0.747,0.202,-0.341,0.151,0.504,0.559,0.539,0.791,-0.669,0.49,0.814,0.066,0.818,0.699,0.569,0.494,0.514,0.168,0.831,0.616,0.525,0.363,0.886,0.678,0.636,0.733,0.514,0.732,0.864,0.485,0.55,0.323,0.641,0.773,0.603,0.537,0.418,0.458,0.691,0.349,0.166,0.579,-0.642,0.454,0.825,0.123,0.195,0.021,0.425,0.482,0.867,0.545,0.411,0.721,0.805,-0.085,0.551,0.633,-0.381,0.676,0.471,0.655,0.33,0.482,0.3,0.063,0.716,0.597,-0.363,-0.075,0.12,0.632,-0.086,0.231,0.772,-0.391,0.704,-0.483,0.551,-0.004,0.55,0.512,0.353
ATEC,0.707,0.354,-0.193,0.542,0.439,0.54,0.613,-0.081,0.181,0.642,0.308,0.282,-0.361,0.668,0.14,0.663,0.0,0.406,-0.042,0.333,0.656,0.527,0.371,0.008,0.742,0.545,0.493,0.469,0.212,0.769,0.621,0.784,0.858,0.119,0.584,0.602,0.764,0.576,0.62,0.764,0.108,0.785,0.7,0.356,0.369,0.583,0.657,0.334,0.253,0.177,-0.503,0.699,-0.281,0.347,0.599,0.513,0.679,0.707,0.658,0.493,0.107,0.52,0.752,0.642,0.689,0.647,0.631,0.703,0.081,0.664,0.855,0.75,0.678,0.332,0.76,0.553,0.875,0.64,0.777,0.592,0.669,0.427,0.47,0.323,0.559,0.217,0.651,0.814,0.618,0.518,0.72,0.747,0.71,-0.153,0.735,0.538,0.58,0.422,0.774,0.673,-0.211,0.854,0.566,0.612,-0.013,0.365,0.625,0.474,0.694,0.528,0.779,0.691,-0.066,0.744,0.67,0.75,0.407,0.631,0.613,-0.268,0.028,0.681,0.775,0.734,0.79,-0.28,0.697,0.86,-0.036,0.847,0.844,0.783,0.523,0.675,0.069,0.798,0.766,0.469,0.475,0.784,0.472,0.691,0.63,0.656,0.591,0.771,0.632,0.463,0.36,0.656,0.746,0.76,0.673,0.544,0.365,0.61,0.462,0.544,0.808,-0.406,0.584,0.633,0.016,0.377,-0.133,0.581,0.496,0.751,0.655,0.699,0.906,0.738,-0.169,0.672,0.728,-0.072,0.651,0.667,0.688,0.623,0.525,0.413,0.385,0.585,0.707,-0.351,0.163,0.04,0.747,-0.265,0.428,0.686,0.039,0.862,-0.317,0.607,0.13,0.582,0.632,0.313
ATXS,0.095,-0.466,-0.784,0.825,0.868,0.859,-0.234,-0.781,-0.526,0.815,-0.494,0.827,-0.778,0.767,-0.554,0.479,0.406,0.0,-0.328,0.887,0.851,0.891,0.813,-0.342,0.221,-0.126,0.171,0.645,0.084,0.119,0.742,0.47,0.452,0.567,0.239,0.681,0.762,0.64,0.894,0.575,-0.636,0.701,0.029,0.883,0.821,0.808,0.806,0.79,0.256,-0.13,-0.885,0.82,-0.79,0.272,0.912,0.352,0.848,0.802,0.674,0.133,-0.753,0.705,0.49,0.411,0.813,0.856,0.888,0.713,0.619,0.176,0.414,0.704,0.647,-0.567,0.808,0.555,0.479,-0.017,0.408,0.913,0.849,-0.441,0.889,-0.254,-0.287,0.374,0.862,0.669,0.895,0.685,0.801,0.774,0.681,-0.748,0.599,-0.112,0.901,0.273,0.715,0.634,-0.391,0.431,0.815,0.82,-0.685,0.853,0.458,-0.367,0.627,0.636,-0.0,0.805,-0.781,0.789,0.888,0.654,-0.17,0.669,0.297,0.504,-0.723,0.453,0.164,0.498,0.477,-0.273,0.674,0.431,-0.743,0.623,0.427,0.666,0.872,0.812,-0.663,0.4,0.801,0.9,0.774,0.637,0.823,0.861,0.043,0.809,0.099,0.629,0.757,0.827,-0.404,-0.038,0.565,0.526,0.843,0.715,-0.308,0.588,0.811,0.353,0.521,-0.741,0.842,0.348,-0.549,0.846,0.06,0.778,-0.241,0.512,0.87,0.723,0.507,0.656,-0.568,0.838,0.82,0.316,0.515,0.021,0.852,0.731,0.796,0.85,0.359,0.237,0.803,-0.812,-0.681,-0.732,0.795,-0.649,0.354,0.812,-0.373,0.607,-0.198,0.864,-0.063,0.824,0.868,0.685
AVAV,0.169,0.281,0.19,-0.406,-0.178,-0.175,0.357,0.036,0.325,-0.327,-0.094,-0.368,0.317,-0.22,-0.077,-0.344,-0.042,-0.328,0.0,-0.211,-0.302,-0.27,-0.162,-0.089,0.084,0.036,-0.389,0.048,-0.231,0.231,-0.061,0.003,-0.011,-0.132,0.271,-0.203,-0.227,-0.177,-0.255,-0.189,0.4,-0.179,0.118,-0.11,-0.347,-0.368,-0.201,0.04,-0.289,0.31,0.377,-0.233,0.627,-0.283,-0.324,-0.394,-0.211,-0.217,-0.502,-0.287,0.119,-0.253,-0.102,-0.224,-0.251,-0.321,-0.284,-0.081,0.085,0.211,-0.178,-0.46,-0.343,0.293,-0.254,-0.227,-0.123,-0.198,-0.047,-0.239,-0.394,0.335,-0.356,-0.1,0.407,-0.253,-0.142,-0.116,-0.31,-0.355,-0.218,-0.276,-0.358,0.066,-0.177,0.079,-0.294,-0.359,-0.297,0.122,0.381,-0.221,-0.14,-0.312,0.173,-0.204,-0.309,0.283,-0.45,0.112,0.309,-0.336,0.399,-0.368,-0.329,0.054,-0.069,-0.49,0.403,0.002,0.083,-0.126,-0.07,-0.14,-0.235,0.143,0.056,-0.218,0.174,-0.241,-0.232,-0.123,-0.353,-0.183,0.009,-0.253,-0.181,-0.344,-0.419,-0.304,-0.402,-0.291,-0.308,-0.319,-0.152,-0.197,-0.225,-0.41,0.152,0.032,-0.145,-0.122,-0.198,-0.042,0.027,-0.095,-0.237,0.303,-0.104,0.534,-0.246,-0.038,0.198,-0.064,0.115,-0.132,-0.014,-0.069,-0.259,-0.005,-0.022,-0.505,0.143,-0.252,-0.2,0.314,-0.071,0.07,-0.326,-0.116,-0.349,-0.371,0.37,-0.407,-0.201,0.266,0.3,0.22,-0.218,-0.134,0.069,-0.428,0.401,-0.199,0.158,-0.256,0.021,-0.164,-0.131,-0.21
AXON,-0.058,-0.597,-0.809,0.846,0.815,0.817,-0.337,-0.807,-0.639,0.668,-0.56,0.824,-0.782,0.674,-0.574,0.25,0.333,0.887,-0.211,0.0,0.811,0.851,0.893,-0.415,0.031,-0.264,0.045,0.682,0.073,0.005,0.646,0.394,0.321,0.729,0.173,0.664,0.666,0.535,0.813,0.378,-0.719,0.525,-0.14,0.911,0.872,0.755,0.73,0.857,0.283,-0.113,-0.863,0.667,-0.73,0.241,0.833,0.191,0.826,0.754,0.499,-0.009,-0.829,0.598,0.363,0.204,0.742,0.798,0.804,0.628,0.76,-0.004,0.287,0.535,0.611,-0.634,0.736,0.433,0.333,-0.199,0.356,0.836,0.756,-0.568,0.903,-0.43,-0.362,0.328,0.834,0.559,0.815,0.596,0.754,0.682,0.61,-0.795,0.391,-0.297,0.822,0.32,0.594,0.614,-0.328,0.284,0.811,0.717,-0.704,0.893,0.392,-0.517,0.435,0.685,-0.072,0.677,-0.83,0.666,0.795,0.615,-0.294,0.589,0.237,0.627,-0.816,0.431,0.033,0.37,0.382,-0.218,0.606,0.333,-0.851,0.507,0.287,0.609,0.747,0.763,-0.75,0.167,0.731,0.803,0.822,0.427,0.653,0.771,-0.075,0.785,-0.052,0.491,0.639,0.782,-0.532,-0.193,0.377,0.395,0.802,0.727,-0.453,0.477,0.872,0.466,0.445,-0.578,0.79,0.167,-0.633,0.895,0.212,0.762,-0.343,0.286,0.828,0.733,0.396,0.488,-0.552,0.817,0.794,0.508,0.459,-0.027,0.764,0.709,0.783,0.889,0.449,0.064,0.763,-0.741,-0.682,-0.836,0.739,-0.65,0.339,0.655,-0.281,0.504,0.001,0.79,-0.036,0.772,0.839,0.63
BANF,0.314,-0.234,-0.657,0.908,0.817,0.906,0.032,-0.527,-0.406,0.87,-0.186,0.823,-0.797,0.898,-0.298,0.578,0.656,0.851,-0.302,0.811,0.0,0.93,0.806,-0.187,0.408,0.187,0.424,0.81,0.044,0.362,0.796,0.707,0.667,0.528,0.459,0.833,0.928,0.642,0.947,0.677,-0.486,0.816,0.199,0.824,0.859,0.92,0.87,0.744,0.401,-0.158,-0.912,0.902,-0.75,0.279,0.927,0.48,0.977,0.97,0.782,0.421,-0.498,0.768,0.69,0.509,0.921,0.98,0.933,0.858,0.633,0.35,0.712,0.776,0.863,-0.323,0.96,0.636,0.726,0.269,0.717,0.918,0.897,-0.176,0.921,-0.03,0.049,0.521,0.957,0.887,0.958,0.756,0.97,0.932,0.905,-0.563,0.663,0.081,0.891,0.537,0.881,0.769,-0.418,0.656,0.91,0.902,-0.527,0.799,0.634,-0.115,0.692,0.682,0.288,0.891,-0.688,0.937,0.92,0.819,0.12,0.822,0.381,0.252,-0.505,0.658,0.393,0.675,0.639,-0.294,0.81,0.682,-0.61,0.859,0.615,0.881,0.772,0.933,-0.455,0.552,0.93,0.898,0.889,0.733,0.746,0.95,0.337,0.97,0.324,0.751,0.767,0.885,-0.236,0.225,0.715,0.701,0.958,0.887,-0.041,0.713,0.92,0.62,0.763,-0.674,0.902,0.452,-0.47,0.845,-0.012,0.91,0.121,0.599,0.981,0.889,0.763,0.826,-0.549,0.988,0.945,0.292,0.653,0.288,0.964,0.833,0.883,0.894,0.463,0.443,0.969,-0.715,-0.349,-0.55,0.972,-0.435,0.543,0.858,-0.333,0.845,-0.291,0.92,-0.038,0.905,0.956,0.643
BATRK,0.239,-0.292,-0.691,0.86,0.857,0.941,-0.108,-0.668,-0.422,0.865,-0.338,0.858,-0.886,0.904,-0.505,0.465,0.527,0.891,-0.27,0.851,0.93,0.0,0.836,-0.248,0.268,0.028,0.255,0.854,-0.003,0.193,0.831,0.645,0.537,0.522,0.424,0.848,0.897,0.64,0.953,0.6,-0.568,0.766,0.078,0.857,0.877,0.897,0.861,0.772,0.305,-0.156,-0.903,0.894,-0.749,0.135,0.94,0.426,0.948,0.928,0.758,0.379,-0.642,0.863,0.692,0.519,0.872,0.943,0.949,0.864,0.645,0.258,0.535,0.674,0.799,-0.48,0.908,0.58,0.61,0.148,0.611,0.942,0.846,-0.297,0.953,-0.098,-0.123,0.507,0.953,0.798,0.954,0.653,0.925,0.9,0.813,-0.626,0.606,0.023,0.926,0.374,0.822,0.736,-0.512,0.522,0.943,0.924,-0.6,0.78,0.447,-0.212,0.607,0.736,0.153,0.851,-0.761,0.863,0.864,0.736,0.011,0.78,0.338,0.325,-0.647,0.482,0.313,0.676,0.5,-0.274,0.806,0.499,-0.664,0.74,0.435,0.806,0.782,0.936,-0.592,0.447,0.884,0.942,0.819,0.655,0.67,0.938,0.144,0.937,0.187,0.627,0.769,0.905,-0.392,0.088,0.68,0.662,0.923,0.882,-0.164,0.618,0.89,0.571,0.708,-0.685,0.944,0.415,-0.594,0.904,-0.049,0.935,-0.088,0.525,0.962,0.862,0.639,0.743,-0.694,0.915,0.854,0.339,0.504,0.058,0.938,0.867,0.831,0.895,0.47,0.312,0.93,-0.823,-0.478,-0.678,0.912,-0.548,0.478,0.819,-0.376,0.759,-0.369,0.955,-0.224,0.931,0.94,0.62
BIDU,-0.015,-0.517,-0.822,0.831,0.758,0.83,-0.146,-0.787,-0.654,0.63,-0.529,0.781,-0.716,0.711,-0.58,0.196,0.371,0.813,-0.162,0.893,0.806,0.836,0.0,-0.444,0.141,-0.154,0.056,0.74,0.082,0.137,0.634,0.461,0.397,0.66,0.287,0.719,0.701,0.601,0.822,0.345,-0.61,0.541,-0.102,0.913,0.758,0.717,0.676,0.873,0.285,-0.086,-0.824,0.67,-0.698,0.188,0.79,0.135,0.829,0.769,0.475,-0.025,-0.797,0.557,0.42,0.148,0.75,0.794,0.797,0.666,0.713,0.08,0.286,0.508,0.565,-0.523,0.745,0.41,0.382,-0.219,0.452,0.81,0.774,-0.418,0.876,-0.445,-0.239,0.302,0.831,0.613,0.793,0.593,0.77,0.697,0.581,-0.816,0.419,-0.215,0.836,0.291,0.585,0.714,-0.381,0.286,0.826,0.723,-0.739,0.88,0.476,-0.413,0.425,0.786,0.007,0.653,-0.716,0.689,0.806,0.746,-0.31,0.519,0.401,0.619,-0.778,0.508,0.064,0.436,0.377,-0.176,0.719,0.337,-0.845,0.517,0.298,0.74,0.721,0.779,-0.775,0.197,0.758,0.813,0.813,0.415,0.594,0.773,-0.064,0.814,0.011,0.464,0.666,0.685,-0.488,-0.122,0.356,0.441,0.815,0.756,-0.439,0.574,0.849,0.614,0.555,-0.504,0.812,0.136,-0.553,0.915,0.137,0.774,-0.308,0.279,0.823,0.8,0.453,0.48,-0.511,0.829,0.802,0.635,0.504,0.13,0.756,0.698,0.804,0.894,0.504,0.042,0.78,-0.728,-0.629,-0.778,0.747,-0.678,0.418,0.595,-0.104,0.555,-0.092,0.785,0.08,0.756,0.869,0.7
BLNE,0.177,0.331,0.661,-0.194,-0.162,-0.363,0.162,0.666,0.477,-0.184,0.577,-0.116,0.318,-0.251,0.649,0.269,0.008,-0.342,-0.089,-0.415,-0.187,-0.248,-0.444,0.0,0.083,0.38,0.492,-0.263,-0.013,0.013,-0.213,-0.156,-0.004,-0.28,-0.053,-0.346,-0.153,-0.284,-0.298,0.057,0.341,-0.051,0.055,-0.431,-0.122,-0.136,-0.189,-0.397,0.206,-0.336,0.373,-0.181,0.153,0.287,-0.257,0.077,-0.254,-0.225,-0.019,0.336,0.54,-0.142,0.006,0.254,-0.289,-0.196,-0.28,-0.197,-0.186,0.181,0.177,-0.075,0.065,0.3,-0.209,0.042,0.011,0.477,0.146,-0.331,-0.267,0.27,-0.306,0.448,0.33,-0.148,-0.266,-0.026,-0.227,-0.075,-0.221,-0.155,-0.005,0.638,-0.013,0.392,-0.408,0.435,-0.097,-0.409,0.333,0.093,-0.31,-0.174,0.645,-0.409,0.175,0.268,0.145,-0.532,0.117,-0.127,0.426,-0.132,-0.234,-0.195,0.525,0.085,-0.389,-0.459,0.628,0.018,0.044,-0.194,-0.006,-0.126,-0.322,0.194,0.592,0.109,-0.036,-0.125,-0.333,-0.3,0.658,0.031,-0.271,-0.242,-0.124,0.075,-0.188,-0.257,0.49,-0.232,0.236,0.088,-0.413,-0.057,0.44,0.274,0.079,-0.203,-0.241,-0.165,0.668,-0.005,-0.228,-0.12,-0.098,0.208,-0.379,0.235,0.454,-0.452,0.271,-0.232,0.465,0.175,-0.252,-0.363,-0.026,0.042,0.469,-0.188,-0.176,-0.429,0.124,0.196,-0.217,-0.326,-0.111,-0.358,-0.241,0.308,-0.213,0.503,0.502,0.483,-0.172,0.44,-0.171,-0.105,-0.202,-0.07,-0.052,-0.302,0.029,-0.248,-0.294,-0.317
BLNK,0.802,0.562,-0.027,0.19,0.283,0.349,0.789,0.079,0.413,0.524,0.363,0.093,-0.054,0.52,0.234,0.744,0.742,0.221,0.084,0.031,0.408,0.268,0.141,0.083,0.0,0.763,0.622,0.336,0.163,0.816,0.532,0.673,0.824,-0.283,0.695,0.363,0.582,0.568,0.437,0.777,0.44,0.769,0.781,0.116,0.041,0.403,0.493,0.195,0.213,0.11,-0.247,0.568,-0.161,0.247,0.384,0.458,0.397,0.458,0.489,0.507,0.262,0.377,0.677,0.654,0.508,0.439,0.445,0.598,-0.141,0.887,0.683,0.659,0.456,0.531,0.528,0.646,0.795,0.648,0.658,0.422,0.513,0.681,0.161,0.534,0.705,0.214,0.418,0.703,0.415,0.493,0.46,0.56,0.422,0.002,0.834,0.752,0.373,0.24,0.597,0.536,-0.015,0.723,0.331,0.443,0.123,0.077,0.589,0.683,0.632,0.302,0.766,0.544,0.252,0.586,0.449,0.659,0.531,0.486,0.614,-0.416,0.304,0.571,0.683,0.632,0.692,-0.445,0.626,0.756,0.192,0.703,0.69,0.632,0.35,0.447,0.222,0.84,0.567,0.326,0.159,0.739,0.4,0.494,0.68,0.368,0.804,0.739,0.451,0.238,0.542,0.834,0.708,0.694,0.435,0.344,0.473,0.728,0.165,0.364,0.693,-0.298,0.353,0.744,0.287,0.119,-0.128,0.331,0.566,0.822,0.394,0.483,0.784,0.608,0.034,0.403,0.533,-0.182,0.593,0.734,0.482,0.299,0.315,0.088,0.27,0.627,0.483,-0.21,0.194,0.353,0.526,-0.182,0.338,0.555,0.104,0.707,-0.491,0.407,0.108,0.421,0.423,0.264
BTAI,0.717,0.687,0.354,-0.007,0.012,0.042,0.755,0.481,0.55,0.299,0.684,-0.037,0.12,0.278,0.54,0.583,0.545,-0.126,0.036,-0.264,0.187,0.028,-0.154,0.38,0.763,0.0,0.683,0.16,0.09,0.647,0.288,0.492,0.563,-0.47,0.546,0.165,0.361,0.3,0.133,0.544,0.579,0.507,0.63,-0.231,-0.1,0.196,0.177,-0.161,0.23,-0.101,0.007,0.319,0.021,0.173,0.056,0.473,0.144,0.229,0.387,0.621,0.574,0.199,0.531,0.581,0.252,0.214,0.163,0.362,-0.293,0.794,0.568,0.411,0.36,0.637,0.28,0.415,0.632,0.742,0.633,0.096,0.215,0.783,-0.063,0.757,0.806,0.138,0.153,0.503,0.15,0.303,0.222,0.322,0.267,0.388,0.552,0.761,0.058,0.369,0.414,0.294,0.143,0.558,0.088,0.249,0.46,-0.251,0.436,0.747,0.465,0.001,0.707,0.286,0.395,0.366,0.126,0.371,0.74,0.367,0.291,-0.666,0.619,0.403,0.592,0.497,0.509,-0.272,0.319,0.628,0.504,0.531,0.518,0.419,-0.034,0.192,0.572,0.654,0.289,0.096,-0.016,0.493,0.096,0.217,0.771,0.169,0.749,0.472,0.07,0.078,0.681,0.843,0.543,0.512,0.169,0.2,0.646,0.46,-0.054,0.244,0.511,-0.059,0.073,0.604,0.41,-0.165,-0.13,0.105,0.696,0.6,0.147,0.239,0.575,0.48,0.188,0.169,0.253,-0.42,0.432,0.662,0.245,0.104,0.062,-0.158,-0.032,0.678,0.249,0.094,0.503,0.619,0.305,0.254,0.203,0.301,0.056,0.501,-0.478,0.122,-0.002,0.186,0.144,-0.033
BYND,0.489,0.287,0.146,0.318,0.326,0.199,0.327,0.36,0.225,0.481,0.506,0.352,-0.084,0.347,0.517,0.788,0.493,0.171,-0.389,0.045,0.424,0.255,0.056,0.492,0.622,0.683,0.0,0.209,0.158,0.354,0.34,0.357,0.465,-0.168,0.39,0.2,0.438,0.367,0.311,0.61,0.206,0.563,0.332,-0.005,0.316,0.486,0.363,0.055,0.535,-0.428,-0.24,0.426,-0.442,0.448,0.319,0.578,0.315,0.358,0.57,0.668,0.29,0.329,0.48,0.615,0.402,0.434,0.347,0.374,-0.056,0.57,0.597,0.616,0.596,0.236,0.411,0.648,0.558,0.704,0.602,0.288,0.417,0.322,0.217,0.636,0.389,0.274,0.299,0.543,0.379,0.619,0.355,0.456,0.464,0.251,0.604,0.602,0.207,0.688,0.499,0.132,0.093,0.554,0.23,0.41,0.274,-0.009,0.702,0.345,0.685,-0.073,0.348,0.489,0.046,0.535,0.327,0.355,0.727,0.678,-0.081,-0.423,0.447,0.461,0.363,0.369,0.607,-0.517,0.239,0.73,0.206,0.657,0.531,0.462,0.173,0.273,0.414,0.59,0.349,0.349,0.371,0.606,0.396,0.379,0.844,0.358,0.726,0.647,0.119,0.453,0.47,0.655,0.565,0.362,0.326,0.271,0.561,0.602,0.234,0.121,0.451,-0.335,0.181,0.61,0.252,-0.01,0.185,0.213,0.621,0.646,0.337,0.232,0.516,0.648,0.179,0.385,0.459,-0.427,0.583,0.5,0.42,0.128,0.402,0.154,-0.09,0.763,0.391,-0.048,0.156,0.324,0.434,0.224,0.195,0.535,-0.324,0.519,-0.368,0.268,-0.005,0.309,0.297,0.179
CAN,0.375,-0.048,-0.552,0.644,0.681,0.88,0.099,-0.521,-0.234,0.706,-0.259,0.689,-0.796,0.873,-0.471,0.303,0.469,0.645,0.048,0.682,0.81,0.854,0.74,-0.263,0.336,0.16,0.209,0.0,-0.126,0.237,0.833,0.739,0.531,0.325,0.658,0.872,0.838,0.534,0.82,0.47,-0.322,0.688,0.156,0.742,0.713,0.788,0.772,0.685,0.257,-0.033,-0.742,0.812,-0.49,-0.18,0.768,0.283,0.859,0.87,0.557,0.442,-0.495,0.819,0.737,0.437,0.769,0.826,0.813,0.898,0.67,0.351,0.5,0.458,0.733,-0.274,0.815,0.456,0.585,0.146,0.677,0.809,0.65,-0.039,0.803,0.012,0.131,0.506,0.864,0.775,0.806,0.479,0.846,0.806,0.716,-0.533,0.505,0.097,0.765,0.259,0.735,0.837,-0.527,0.428,0.921,0.832,-0.482,0.601,0.299,0.024,0.331,0.772,0.316,0.715,-0.57,0.732,0.67,0.726,0.129,0.619,0.457,0.192,-0.503,0.434,0.366,0.715,0.35,-0.154,0.864,0.38,-0.559,0.654,0.309,0.772,0.562,0.89,-0.518,0.356,0.813,0.78,0.636,0.499,0.364,0.823,0.119,0.815,0.22,0.494,0.61,0.752,-0.324,0.219,0.668,0.702,0.83,0.899,-0.078,0.662,0.791,0.773,0.768,-0.429,0.866,0.414,-0.56,0.842,-0.151,0.918,0.055,0.431,0.849,0.895,0.635,0.58,-0.701,0.795,0.734,0.47,0.348,0.094,0.814,0.836,0.661,0.712,0.591,0.235,0.872,-0.708,-0.269,-0.506,0.842,-0.495,0.632,0.606,-0.182,0.737,-0.44,0.848,-0.373,0.887,0.854,0.406
CCEC,0.089,0.041,-0.027,0.14,0.075,-0.021,0.138,-0.042,-0.006,0.072,0.126,-0.002,0.095,0.009,0.145,0.177,0.212,0.084,-0.231,0.073,0.044,-0.003,0.082,-0.013,0.163,0.09,0.158,-0.126,0.0,0.142,0.001,0.074,0.157,0.049,-0.04,0.0,0.077,0.221,0.04,0.157,0.035,0.111,0.18,-0.003,0.004,0.079,0.045,-0.027,0.323,-0.042,-0.066,0.041,-0.167,0.307,0.058,0.202,0.033,0.025,0.179,-0.027,0.03,-0.045,0.05,0.1,0.078,0.075,0.047,-0.005,-0.157,0.094,0.127,0.291,0.098,0.153,0.092,0.085,0.111,0.079,0.052,0.037,0.227,0.075,0.05,-0.05,-0.004,-0.21,0.015,0.078,0.032,0.158,0.038,0.079,0.058,-0.042,0.182,0.157,0.088,0.18,0.08,0.055,0.037,0.16,0.011,0.061,0.034,0.121,0.291,0.057,0.264,0.03,0.077,0.037,0.088,0.14,0.157,0.098,-0.047,0.149,0.078,-0.017,0.046,0.263,0.142,0.062,0.227,-0.05,0.006,0.251,0.04,0.127,0.251,0.149,0.185,0.018,0.065,0.218,0.094,0.057,0.117,0.189,0.19,0.063,0.222,0.09,0.21,0.211,0.125,0.034,0.196,0.103,0.029,0.082,0.028,-0.1,0.014,0.123,0.013,-0.038,0.124,-0.088,0.011,0.059,0.123,-0.056,0.096,-0.096,-0.046,0.159,0.038,0.034,0.127,0.173,0.141,0.065,0.136,-0.096,0.205,0.323,0.064,0.008,0.062,0.057,-0.123,0.2,0.023,0.017,-0.045,0.033,0.051,-0.099,-0.031,0.179,0.136,0.135,0.051,0.021,0.209,-0.031,0.027,0.202
CDW,0.625,0.473,-0.098,0.202,0.131,0.29,0.79,0.071,0.311,0.409,0.327,-0.08,-0.021,0.43,0.192,0.533,0.769,0.119,0.231,0.005,0.362,0.193,0.137,0.013,0.816,0.647,0.354,0.237,0.142,0.0,0.333,0.624,0.833,-0.102,0.554,0.336,0.507,0.365,0.372,0.651,0.36,0.604,0.781,0.134,-0.043,0.273,0.396,0.177,0.051,0.325,-0.192,0.419,0.016,0.21,0.311,0.317,0.378,0.422,0.357,0.308,0.307,0.19,0.524,0.397,0.438,0.361,0.351,0.46,-0.112,0.721,0.67,0.535,0.34,0.532,0.482,0.475,0.794,0.506,0.564,0.315,0.438,0.658,0.123,0.268,0.719,0.097,0.373,0.627,0.342,0.319,0.444,0.49,0.416,-0.03,0.603,0.539,0.318,0.196,0.504,0.514,0.044,0.728,0.246,0.282,0.021,0.11,0.55,0.626,0.484,0.327,0.78,0.444,0.245,0.496,0.423,0.672,0.29,0.28,0.719,-0.334,0.217,0.544,0.661,0.52,0.653,-0.297,0.555,0.703,0.158,0.62,0.694,0.6,0.276,0.39,0.151,0.735,0.51,0.179,0.142,0.611,0.348,0.406,0.518,0.371,0.614,0.624,0.508,0.065,0.421,0.64,0.502,0.594,0.4,0.326,0.39,0.507,0.187,0.404,0.572,-0.176,0.301,0.487,0.33,0.138,-0.222,0.307,0.536,0.625,0.344,0.464,0.79,0.474,0.007,0.388,0.46,-0.06,0.555,0.77,0.397,0.275,0.227,0.127,0.36,0.37,0.434,-0.125,0.339,0.285,0.474,-0.164,0.321,0.378,0.198,0.634,-0.201,0.333,0.347,0.304,0.371,0.278
CDXS,0.594,0.101,-0.462,0.606,0.77,0.842,0.218,-0.497,-0.04,0.83,-0.148,0.669,-0.727,0.89,-0.373,0.547,0.621,0.742,-0.061,0.646,0.796,0.831,0.634,-0.213,0.532,0.288,0.34,0.833,0.001,0.333,0.0,0.811,0.637,0.171,0.678,0.818,0.88,0.707,0.845,0.671,-0.156,0.852,0.353,0.683,0.686,0.825,0.847,0.604,0.271,-0.029,-0.727,0.919,-0.526,-0.005,0.817,0.491,0.831,0.854,0.726,0.514,-0.399,0.882,0.83,0.692,0.843,0.833,0.86,0.931,0.481,0.542,0.618,0.674,0.759,-0.152,0.843,0.559,0.703,0.351,0.747,0.867,0.729,0.08,0.761,0.224,0.207,0.407,0.862,0.847,0.835,0.571,0.828,0.846,0.733,-0.483,0.752,0.326,0.824,0.224,0.836,0.839,-0.485,0.568,0.884,0.903,-0.332,0.546,0.383,0.188,0.556,0.733,0.463,0.814,-0.482,0.811,0.744,0.723,0.29,0.728,0.496,0.066,-0.377,0.488,0.509,0.825,0.53,-0.215,0.868,0.529,-0.411,0.746,0.546,0.777,0.698,0.891,-0.362,0.613,0.863,0.811,0.588,0.71,0.51,0.874,0.302,0.766,0.391,0.65,0.68,0.768,-0.044,0.437,0.857,0.828,0.834,0.783,0.054,0.707,0.665,0.585,0.83,-0.535,0.849,0.646,-0.415,0.72,-0.133,0.842,0.14,0.694,0.854,0.865,0.748,0.714,-0.603,0.769,0.782,0.207,0.463,0.195,0.857,0.853,0.617,0.6,0.471,0.47,0.858,-0.74,-0.289,-0.336,0.85,-0.563,0.605,0.812,-0.184,0.814,-0.574,0.865,-0.378,0.889,0.856,0.409
