,AAL,AAPL,ABUS,ADBE,ADI,ADMA,AEP,AGNC,AKBA,ALT,AMAT,AMD,AMGN,AMZN,APA,APPS,ARCC,ARDX,ATER,ATOS,AUPH,AVGO,AZN,BCRX,BGC,BIDU,BILI,BKR,BLDP,BLNK,BYND,CAN,CELH,CG,CGC,CHRD,CLNE,CMCSA,COMM,COST,CPB,CPRT,CRON,CRWD,CSCO,CSGP,CSX,CTSH,CZR,DBX,DDOG,DKNG,DLTR,DOCU,DVAX,DXCM,EA,EBAY,ENPH,ERIC,ESPR,ETSY,EXC,EXEL,EXPE,FANG,FAST,FITB,FLEX,FOLD,FOXA,FSLR,FTNT,FUTU,GEN,GERN,GEVO,GILD,GOOG,GOOGL,GPRO,GT,HBAN,HIVE,HON,HST,HUT,IBRX,INTC,IOVA,IQ,IRWD,JBLU,JD,KDP,KHC,LBTYK,LRCX,LYFT,MAR,MARA,MAT,MCHP,MCRB,MDLZ,META,MGNI,MLCO,MNKD,MNST,MOMO,MRNA,MRVL,MSFT,MSTR,MTCH,MU,MVIS,NDAQ,NFLX,NKTR,NNDM,NTES,NTNX,NVAX,NVDA,NWL,NWSA,NXPI,OCGN,OKTA,ON,OPK,PAA,PACB,PAGP,PANW,PARA,PCAR,PDD,PENN,PEP,PLUG,PTEN,PTON,PYPL,QCOM,QUBT,QVCGA,RDFN,REAL,RIOT,ROKU,ROST,RUN,SABR,SAVA,SBUX,SFIX,SGMO,SIRI,SLM,SMCI,SNDL,SONO,STNE,STX,TCOM,TGTX,TIGR,TLRY,TMUS,TRIP,TSCO,TSLA,TTD,TXN,UAL,UNIT,VERU,VKTX,VLY,VOD,VTRS,VXRT,WBA,WBD,WDAY,WDC,WEN,WW,WYNN,XEL,XP,XRAY,XRX,Z,ZION,ZM,ZS
AAL,1.0,0.576,-0.358,0.506,0.746,0.094,0.288,0.701,0.091,-0.293,0.687,0.125,-0.096,0.498,0.768,0.755,0.572,-0.435,0.589,0.789,-0.286,0.837,-0.425,-0.577,0.806,0.58,0.388,0.582,0.673,0.766,0.518,-0.57,0.488,0.638,-0.356,0.808,0.789,0.466,0.461,0.114,-0.101,0.09,0.411,0.566,0.358,0.46,0.397,0.692,0.687,-0.216,0.417,0.321,0.106,0.481,0.089,-0.029,0.196,0.812,-0.55,0.425,0.606,0.351,0.568,-0.665,0.579,0.737,0.675,0.768,0.628,-0.066,0.465,0.788,-0.369,0.677,0.071,-0.107,0.447,0.479,0.416,0.378,0.408,0.848,0.822,0.197,0.676,0.773,-0.094,0.094,0.038,-0.58,0.426,-0.404,0.94,0.625,0.584,0.845,0.662,0.748,0.837,0.629,0.651,0.687,0.652,-0.616,0.625,0.093,0.735,0.781,0.144,0.025,-0.062,-0.149,0.558,0.528,-0.007,0.28,0.799,0.513,0.434,0.025,-0.136,-0.442,0.654,-0.132,-0.042,0.305,0.861,0.518,0.689,-0.209,-0.305,0.812,0.346,0.602,0.557,0.602,-0.265,0.804,0.659,0.437,0.411,0.357,0.836,0.714,0.344,0.445,0.784,0.431,0.808,0.828,0.472,0.386,0.042,0.214,0.66,0.791,0.553,0.283,0.436,-0.355,0.683,0.768,0.649,0.396,0.471,0.684,0.391,0.602,-0.439,0.676,-0.31,0.534,0.444,0.431,0.536,0.652,0.787,0.963,0.52,-0.62,-0.106,0.747,0.55,0.336,-0.608,0.516,0.715,0.293,0.595,0.692,0.26,0.836,0.431,0.665,0.311,0.392,0.587,0.751,0.537,0.419
AAPL,0.576,1.0,-0.62,0.893,0.655,-0.06,0.174,0.309,0.004,-0.288,0.652,0.557,0.182,0.905,0.496,0.659,0.395,-0.409,0.342,0.688,0.033,0.667,-0.335,-0.481,0.465,0.715,0.679,0.216,0.858,0.799,0.673,-0.548,0.341,0.573,-0.309,0.615,0.543,0.201,0.183,-0.27,-0.097,-0.217,0.283,0.556,0.284,0.621,0.052,0.425,0.407,-0.334,0.709,0.234,-0.007,0.626,0.031,0.318,0.66,0.561,-0.69,0.16,0.441,0.558,0.41,-0.557,0.228,0.464,0.511,0.481,0.356,0.001,0.057,0.602,-0.356,0.585,-0.032,0.209,-0.055,0.168,0.647,0.578,0.167,0.512,0.589,-0.153,0.291,0.248,-0.35,0.427,-0.196,-0.517,0.684,-0.331,0.398,0.674,0.562,0.656,0.47,0.753,0.589,0.12,0.553,0.337,0.425,-0.646,0.514,0.406,0.41,0.301,0.44,-0.216,-0.395,0.179,0.447,0.938,-0.325,0.366,0.517,0.686,0.321,0.506,-0.435,-0.613,0.618,-0.324,0.171,0.652,0.583,0.018,0.603,-0.279,-0.03,0.635,0.431,0.315,0.272,0.152,-0.36,0.641,0.442,0.665,-0.079,0.492,0.809,0.371,0.564,0.705,0.758,0.212,0.589,0.596,0.248,0.291,0.376,-0.019,0.567,0.358,0.473,0.008,0.15,-0.275,0.307,0.422,0.728,0.429,0.707,0.542,0.129,0.315,-0.434,0.706,-0.592,0.789,-0.051,0.4,0.851,0.709,0.57,0.585,0.583,-0.505,0.02,0.226,0.312,0.072,-0.658,0.171,0.334,0.407,0.152,0.335,0.398,0.362,0.469,0.772,-0.009,0.044,0.257,0.561,0.621,0.479
ABUS,-0.358,-0.62,1.0,-0.585,-0.414,0.106,-0.197,-0.192,0.468,0.13,-0.329,-0.099,0.293,-0.526,-0.344,-0.48,-0.119,0.685,-0.146,-0.621,0.311,-0.381,0.468,0.508,-0.31,-0.535,-0.471,-0.114,-0.578,-0.527,-0.417,0.655,-0.25,-0.483,0.306,-0.424,-0.279,-0.173,-0.131,0.302,0.146,0.291,-0.222,-0.455,-0.081,-0.395,-0.014,-0.332,-0.229,0.431,-0.569,-0.367,-0.167,-0.483,-0.119,0.191,-0.418,-0.47,0.591,-0.016,-0.157,-0.242,-0.187,0.685,-0.129,-0.241,-0.336,-0.282,-0.295,0.387,0.045,-0.428,0.475,-0.424,0.081,-0.041,0.124,-0.112,-0.277,-0.184,-0.078,-0.402,-0.394,0.119,-0.115,-0.169,0.336,-0.311,0.4,0.555,-0.387,0.606,-0.198,-0.629,-0.529,-0.43,-0.37,-0.454,-0.411,0.048,-0.47,-0.231,-0.345,0.587,-0.294,-0.027,-0.37,-0.358,-0.233,0.241,0.265,-0.038,-0.48,-0.459,0.26,-0.128,-0.321,-0.398,-0.091,-0.101,0.725,0.541,-0.402,0.453,0.125,-0.396,-0.429,0.05,-0.401,0.344,0.263,-0.462,-0.091,-0.193,0.217,-0.032,0.556,-0.419,-0.326,-0.6,0.097,-0.121,-0.456,-0.331,-0.412,-0.434,-0.438,-0.323,-0.404,-0.441,0.054,-0.107,-0.01,0.043,-0.375,-0.219,-0.368,0.339,0.023,0.144,-0.348,-0.247,-0.583,-0.475,-0.579,-0.546,-0.062,-0.382,0.678,-0.531,0.401,-0.694,-0.013,-0.402,-0.645,-0.522,-0.414,-0.309,-0.265,0.537,0.394,0.001,-0.11,0.025,0.733,-0.102,-0.191,-0.411,0.093,-0.136,0.071,-0.205,-0.483,-0.553,0.012,0.068,-0.082,-0.352,-0.528,-0.595
ADBE,0.506,0.893,-0.585,1.0,0.595,0.06,0.144,0.287,0.065,-0.157,0.625,0.477,0.187,0.829,0.449,0.631,0.29,-0.374,0.244,0.612,0.151,0.625,-0.219,-0.47,0.397,0.704,0.769,0.156,0.774,0.674,0.656,-0.564,0.354,0.58,-0.348,0.53,0.442,0.115,0.159,-0.26,0.004,-0.2,0.155,0.645,0.27,0.568,-0.037,0.334,0.36,-0.242,0.805,0.306,0.011,0.726,0.201,0.375,0.707,0.553,-0.664,0.192,0.4,0.647,0.284,-0.464,0.185,0.376,0.49,0.365,0.33,0.078,-0.044,0.534,-0.201,0.633,0.049,0.235,-0.087,0.166,0.609,0.516,0.132,0.4,0.488,-0.142,0.203,0.154,-0.326,0.438,-0.251,-0.469,0.679,-0.337,0.32,0.661,0.591,0.6,0.513,0.727,0.501,0.045,0.458,0.271,0.401,-0.619,0.507,0.393,0.374,0.279,0.442,-0.127,-0.455,0.335,0.508,0.877,-0.325,0.428,0.462,0.6,0.315,0.529,-0.409,-0.586,0.564,-0.284,0.292,0.686,0.505,0.047,0.621,-0.371,0.152,0.553,0.4,0.198,0.193,0.069,-0.257,0.552,0.332,0.729,-0.024,0.474,0.692,0.349,0.641,0.787,0.695,0.266,0.59,0.594,0.143,0.21,0.413,-0.059,0.567,0.268,0.427,-0.055,0.148,-0.273,0.344,0.315,0.708,0.349,0.635,0.506,0.091,0.291,-0.394,0.543,-0.619,0.756,-0.131,0.445,0.805,0.743,0.526,0.514,0.596,-0.464,-0.044,0.107,0.226,0.001,-0.551,0.108,0.231,0.437,0.048,0.306,0.365,0.256,0.489,0.703,-0.069,0.01,0.243,0.469,0.679,0.597
ADI,0.746,0.655,-0.414,0.595,1.0,0.152,0.42,0.658,0.161,-0.222,0.857,0.208,0.111,0.578,0.709,0.83,0.659,-0.338,0.452,0.768,-0.232,0.883,-0.188,-0.554,0.751,0.682,0.503,0.581,0.616,0.661,0.446,-0.55,0.456,0.684,-0.336,0.634,0.782,0.654,0.544,0.15,0.119,0.333,0.394,0.661,0.569,0.574,0.514,0.772,0.669,0.003,0.406,0.438,0.213,0.455,0.282,-0.112,0.235,0.692,-0.591,0.614,0.579,0.419,0.653,-0.601,0.751,0.707,0.749,0.712,0.721,0.129,0.509,0.824,-0.223,0.702,0.158,-0.072,0.364,0.493,0.574,0.555,0.463,0.763,0.783,0.34,0.691,0.599,0.103,0.18,0.104,-0.49,0.512,-0.342,0.713,0.683,0.689,0.808,0.75,0.856,0.772,0.572,0.655,0.73,0.806,-0.587,0.681,0.281,0.787,0.761,0.126,0.184,-0.058,-0.059,0.8,0.628,0.158,0.454,0.791,0.53,0.548,0.146,-0.014,-0.268,0.751,0.064,0.022,0.403,0.821,0.558,0.788,-0.419,-0.148,0.809,0.243,0.604,0.627,0.615,-0.174,0.718,0.726,0.508,0.451,0.609,0.641,0.733,0.461,0.589,0.898,0.51,0.79,0.834,0.551,0.521,0.059,0.382,0.69,0.727,0.763,0.359,0.499,-0.274,0.745,0.651,0.608,0.323,0.476,0.707,0.457,0.72,-0.392,0.6,-0.237,0.711,0.427,0.526,0.576,0.772,0.927,0.76,0.674,-0.668,-0.024,0.634,0.633,0.365,-0.49,0.569,0.671,0.42,0.563,0.71,0.351,0.737,0.645,0.672,0.438,0.464,0.64,0.786,0.649,0.549
ADMA,0.094,-0.06,0.106,0.06,0.152,1.0,0.305,0.38,0.261,0.38,0.257,-0.049,0.355,-0.058,0.193,0.051,0.202,0.202,0.237,-0.03,0.177,0.143,0.231,-0.091,0.23,0.118,0.182,0.33,0.005,-0.064,-0.016,-0.221,0.315,0.289,0.079,-0.031,0.08,0.203,0.34,0.318,0.392,0.475,0.085,0.177,0.536,0.059,0.281,0.271,0.248,0.369,0.094,0.378,0.337,0.177,0.425,-0.04,0.088,0.181,0.1,0.181,0.137,0.219,0.207,0.178,0.303,0.178,0.326,0.201,0.303,0.155,0.178,0.202,0.182,0.122,0.611,-0.093,0.344,0.512,0.192,0.222,0.339,0.07,0.193,0.221,0.262,0.206,0.3,0.052,0.249,0.036,0.086,-0.104,0.158,0.087,0.303,0.134,0.279,0.197,0.021,0.139,-0.058,0.247,0.238,0.059,0.297,0.015,0.195,0.264,0.052,0.485,-0.076,0.034,0.31,-0.02,0.322,0.177,0.213,-0.144,0.374,-0.13,0.14,-0.021,0.002,0.36,0.145,0.036,0.151,0.398,0.252,-0.028,0.307,0.057,-0.099,0.139,0.163,0.264,0.186,0.101,0.329,0.066,0.483,0.312,0.007,0.297,-0.093,0.188,0.099,0.118,0.28,0.166,0.265,0.012,-0.048,0.285,0.206,0.181,0.01,0.251,0.115,0.008,0.377,0.154,0.046,-0.006,-0.0,0.194,0.256,0.35,0.076,-0.025,0.11,0.174,0.247,0.356,-0.031,0.101,0.135,0.121,0.206,0.022,-0.06,0.202,0.254,0.232,-0.032,0.365,0.171,0.27,0.227,0.293,0.065,0.124,0.266,-0.071,0.304,0.237,0.288,0.285,0.062,0.324
AEP,0.288,0.174,-0.197,0.144,0.42,0.305,1.0,0.407,-0.26,0.3,0.463,-0.08,0.111,0.104,0.289,0.233,0.565,-0.081,0.472,0.274,-0.431,0.494,-0.041,-0.332,0.28,0.101,-0.02,0.683,0.216,0.168,-0.025,-0.559,0.214,0.446,-0.212,0.183,0.524,0.727,0.797,0.607,0.467,0.544,0.439,0.343,0.77,0.143,0.767,0.533,0.42,0.351,-0.042,0.59,0.803,0.113,0.372,-0.334,0.131,0.45,-0.123,0.627,0.197,0.262,0.784,-0.19,0.516,0.455,0.728,0.56,0.5,0.121,0.669,0.517,0.139,0.222,0.569,-0.3,0.585,0.552,0.596,0.568,0.774,0.481,0.533,0.61,0.729,0.53,0.568,0.256,0.339,-0.327,0.041,-0.376,0.405,0.261,0.522,0.399,0.415,0.407,0.404,0.535,0.272,0.629,0.617,-0.182,0.701,-0.094,0.557,0.493,-0.153,0.714,0.11,-0.317,0.562,0.159,0.415,0.48,0.514,-0.105,0.656,-0.208,-0.071,-0.129,0.298,0.292,-0.308,0.009,0.468,0.664,0.257,-0.449,0.193,0.339,-0.198,0.528,0.371,0.507,0.16,0.478,0.732,0.047,0.544,0.614,0.154,0.471,0.04,0.361,0.421,0.572,0.495,0.353,0.628,0.412,-0.208,0.656,0.453,0.422,0.261,0.449,0.307,0.278,0.669,0.521,0.191,0.224,-0.02,0.597,0.583,0.652,-0.372,0.211,0.294,0.48,0.571,0.693,0.176,0.201,0.483,0.387,0.404,-0.105,-0.361,0.553,0.749,0.78,-0.303,0.799,0.603,0.665,0.592,0.578,-0.103,0.479,0.804,0.12,0.81,0.394,0.579,0.639,0.131,0.465
AGNC,0.701,0.309,-0.192,0.287,0.658,0.38,0.407,1.0,0.315,-0.191,0.668,0.057,0.008,0.219,0.843,0.522,0.701,0.023,0.445,0.472,-0.099,0.621,-0.242,-0.296,0.861,0.406,0.323,0.769,0.339,0.403,0.327,-0.349,0.41,0.648,0.085,0.58,0.621,0.652,0.558,0.371,-0.055,0.448,0.527,0.357,0.617,0.333,0.613,0.84,0.629,0.058,0.301,0.254,0.167,0.213,0.211,-0.211,-0.041,0.595,-0.276,0.426,0.537,0.104,0.658,-0.404,0.726,0.811,0.614,0.757,0.857,0.004,0.618,0.647,-0.17,0.393,0.275,-0.181,0.494,0.65,0.403,0.385,0.533,0.714,0.768,0.311,0.747,0.784,0.17,-0.118,0.365,-0.107,0.177,-0.122,0.771,0.407,0.512,0.625,0.673,0.594,0.669,0.726,0.453,0.644,0.664,-0.337,0.47,0.15,0.636,0.7,-0.068,0.227,0.194,-0.212,0.59,0.287,0.341,0.152,0.686,0.251,0.493,-0.201,0.221,-0.123,0.445,0.323,-0.181,0.14,0.774,0.689,0.755,-0.065,-0.18,0.624,0.194,0.679,0.614,0.818,-0.065,0.697,0.717,0.206,0.523,0.489,0.518,0.875,0.085,0.248,0.583,0.334,0.738,0.657,0.617,0.368,-0.185,0.484,0.493,0.83,0.437,0.547,0.431,-0.16,0.729,0.747,0.405,0.345,0.269,0.573,0.604,0.779,-0.122,0.468,0.086,0.473,0.715,0.373,0.278,0.476,0.682,0.731,0.614,-0.465,0.062,0.722,0.627,0.529,-0.43,0.709,0.724,0.21,0.699,0.687,0.185,0.725,0.457,0.353,0.539,0.82,0.636,0.814,0.256,0.376
AKBA,0.091,0.004,0.468,0.065,0.161,0.261,-0.26,0.315,1.0,-0.154,0.32,0.157,0.363,-0.061,0.227,0.078,0.145,0.517,0.01,-0.14,0.598,0.099,0.156,0.263,0.242,0.121,0.313,0.066,-0.105,-0.045,0.004,0.31,0.199,0.177,0.409,-0.073,0.046,-0.017,-0.028,0.073,-0.171,0.181,-0.14,-0.045,0.138,0.043,0.078,0.218,0.17,0.253,0.152,-0.165,-0.29,0.003,-0.111,0.363,-0.043,-0.027,0.067,-0.028,0.124,0.079,-0.058,0.246,0.177,0.122,0.03,0.034,0.206,0.424,0.052,-0.041,0.162,0.023,-0.064,0.135,-0.101,0.126,0.044,0.051,-0.03,-0.097,0.11,-0.146,0.102,0.07,-0.114,-0.137,0.305,0.421,0.209,0.484,0.108,-0.082,-0.056,0.009,0.067,0.257,0.039,0.19,-0.176,0.065,0.122,0.222,-0.106,0.284,-0.021,-0.035,0.201,0.019,0.131,0.185,-0.002,0.106,0.277,0.052,0.172,0.085,0.081,0.13,0.634,0.126,-0.069,0.382,0.357,0.063,0.101,0.195,0.402,0.262,0.069,0.045,0.054,0.057,0.462,0.198,0.108,-0.025,-0.005,-0.015,0.167,0.166,0.041,0.206,-0.012,0.059,0.109,-0.234,0.085,0.19,0.139,-0.126,0.156,0.012,0.112,0.179,0.13,0.309,0.155,-0.245,0.006,0.033,0.027,-0.225,-0.07,-0.059,0.051,0.025,0.578,0.022,-0.033,-0.15,0.097,-0.099,-0.174,0.166,0.035,0.116,0.21,0.118,0.459,0.162,-0.073,-0.126,0.247,0.006,0.011,-0.13,0.239,0.066,0.485,0.037,-0.27,-0.05,-0.042,0.386,0.229,0.135,-0.051,-0.219
ALT,-0.293,-0.288,0.13,-0.157,-0.222,0.38,0.3,-0.191,-0.154,1.0,-0.236,-0.393,-0.051,-0.341,-0.37,-0.264,0.111,0.02,0.125,-0.336,-0.008,-0.174,0.119,-0.007,-0.387,-0.197,-0.127,-0.063,-0.109,-0.329,-0.418,-0.172,0.177,0.055,0.056,-0.4,-0.099,-0.043,0.073,0.171,0.387,0.217,-0.172,-0.078,0.076,-0.207,0.225,-0.193,-0.076,0.5,-0.182,0.296,0.451,-0.045,0.189,-0.088,0.043,-0.178,0.218,0.096,-0.385,0.239,-0.048,0.455,-0.021,-0.273,0.069,-0.109,-0.273,0.188,0.001,-0.075,0.204,-0.129,0.138,-0.234,0.056,-0.074,0.055,0.101,0.085,-0.133,-0.175,0.087,0.03,-0.164,0.265,0.275,-0.069,-0.034,-0.088,-0.179,-0.221,-0.151,0.064,-0.194,-0.142,-0.203,-0.294,-0.182,-0.317,0.132,-0.0,0.424,0.056,-0.191,0.047,-0.121,0.089,0.513,-0.239,-0.126,0.072,-0.294,0.257,0.18,-0.219,-0.41,0.116,-0.247,-0.059,0.025,-0.244,0.14,0.199,-0.221,-0.26,0.057,-0.227,-0.152,0.398,-0.263,-0.538,-0.265,-0.226,-0.253,0.173,-0.211,0.065,0.012,0.288,-0.039,-0.359,-0.306,-0.15,0.059,-0.266,0.137,-0.097,-0.12,-0.004,-0.306,-0.191,0.06,-0.087,-0.175,-0.173,-0.077,0.163,0.361,0.03,-0.133,-0.212,-0.068,-0.266,-0.007,-0.2,-0.085,0.059,-0.256,0.323,-0.129,0.012,0.256,-0.307,-0.263,-0.227,-0.227,-0.084,0.271,-0.241,-0.145,-0.029,0.014,0.191,0.095,-0.13,0.304,-0.082,-0.007,-0.064,-0.24,0.107,-0.161,0.251,-0.231,0.191,-0.086,-0.159,0.029
AMAT,0.687,0.652,-0.329,0.625,0.857,0.257,0.463,0.668,0.32,-0.236,1.0,0.349,0.314,0.579,0.712,0.681,0.555,-0.122,0.404,0.648,-0.027,0.807,-0.135,-0.455,0.714,0.704,0.578,0.586,0.531,0.581,0.487,-0.544,0.523,0.734,-0.189,0.536,0.696,0.642,0.53,0.205,0.038,0.326,0.402,0.57,0.671,0.622,0.488,0.779,0.766,0.081,0.506,0.375,0.163,0.438,0.216,0.081,0.295,0.67,-0.461,0.456,0.618,0.417,0.624,-0.456,0.674,0.678,0.783,0.645,0.745,0.263,0.485,0.711,-0.072,0.59,0.231,0.09,0.314,0.558,0.702,0.627,0.523,0.6,0.719,0.257,0.716,0.607,0.032,0.188,0.237,-0.357,0.6,-0.216,0.646,0.69,0.671,0.72,0.702,0.923,0.687,0.557,0.481,0.623,0.764,-0.52,0.674,0.387,0.666,0.683,0.282,0.206,0.102,0.065,0.676,0.677,0.157,0.429,0.817,0.468,0.554,0.316,0.024,-0.312,0.613,0.141,0.146,0.534,0.776,0.614,0.841,-0.339,-0.071,0.753,0.237,0.622,0.66,0.586,-0.063,0.695,0.697,0.532,0.449,0.67,0.612,0.754,0.421,0.644,0.832,0.347,0.725,0.787,0.549,0.415,0.231,0.478,0.714,0.666,0.606,0.384,0.42,-0.291,0.697,0.616,0.639,0.299,0.431,0.71,0.508,0.736,-0.284,0.56,-0.197,0.69,0.446,0.573,0.525,0.752,0.766,0.705,0.651,-0.52,0.055,0.621,0.551,0.406,-0.486,0.608,0.643,0.445,0.631,0.626,0.411,0.687,0.59,0.579,0.434,0.522,0.646,0.784,0.494,0.5
AMD,0.125,0.557,-0.099,0.477,0.208,-0.049,-0.08,0.057,0.157,-0.393,0.349,1.0,0.399,0.685,0.197,0.171,0.037,0.127,-0.119,0.235,0.341,0.172,0.153,0.159,0.169,0.243,0.254,-0.032,0.357,0.299,0.508,0.049,0.068,0.027,-0.052,0.222,0.13,0.03,-0.033,-0.127,-0.125,-0.149,0.208,0.132,0.135,0.43,-0.118,0.107,0.003,-0.253,0.374,-0.183,-0.298,0.185,-0.051,0.618,0.437,0.131,-0.214,-0.077,0.53,0.24,0.149,-0.056,0.028,0.199,0.134,0.078,0.158,0.045,-0.084,0.187,0.227,0.112,0.112,0.352,-0.148,0.07,0.477,0.432,0.072,0.072,0.109,-0.144,0.008,0.028,-0.181,0.105,0.122,0.059,0.191,0.299,0.045,0.228,0.08,0.158,0.142,0.295,0.174,-0.007,0.278,-0.103,0.06,-0.243,0.144,0.697,-0.011,-0.012,0.054,-0.236,-0.123,0.503,0.054,0.651,-0.271,-0.094,0.25,0.508,0.119,0.666,-0.083,-0.082,0.247,0.076,0.193,0.768,0.106,-0.12,0.159,0.074,0.088,0.129,0.618,0.109,0.204,0.04,0.104,0.172,0.048,0.217,-0.217,0.385,0.412,0.078,0.331,0.395,0.304,-0.106,0.055,0.095,0.007,0.353,0.331,-0.038,0.164,0.032,0.111,0.046,-0.052,-0.114,-0.07,0.091,0.172,0.154,0.334,0.104,0.138,0.027,0.051,0.328,-0.251,0.302,-0.166,0.009,0.433,0.322,0.173,0.147,0.319,-0.045,0.536,0.014,0.122,0.004,-0.046,-0.019,-0.002,-0.01,0.123,0.099,0.155,0.13,0.077,0.277,-0.148,0.024,-0.098,0.126,0.159,0.075
AMGN,-0.096,0.182,0.293,0.187,0.111,0.355,0.111,0.008,0.363,-0.051,0.314,0.399,1.0,0.175,0.084,0.013,0.014,0.459,0.088,0.003,0.399,0.123,0.287,0.114,-0.01,0.043,0.193,0.115,-0.016,-0.017,0.109,0.117,0.141,0.025,0.197,0.01,0.042,0.08,0.163,0.189,0.411,0.309,0.112,0.075,0.405,0.301,0.046,0.17,0.054,0.27,0.127,0.022,0.076,0.079,0.001,0.424,0.357,-0.052,0.089,0.038,0.199,0.161,0.124,0.281,-0.014,0.069,0.233,0.026,0.073,0.373,0.058,0.058,0.243,-0.028,0.4,0.354,0.136,0.302,0.442,0.483,0.209,-0.147,0.02,0.032,0.094,0.001,0.125,0.048,0.359,0.255,0.148,0.221,-0.098,0.022,0.132,0.137,0.083,0.236,-0.074,0.027,-0.164,-0.039,0.006,0.141,0.357,0.315,-0.045,-0.154,0.241,0.27,-0.08,0.177,-0.005,0.356,0.037,0.162,0.112,0.014,0.34,0.387,0.279,-0.009,-0.079,0.242,0.323,0.253,0.005,0.153,0.122,0.129,0.359,-0.032,0.241,0.002,0.224,0.127,0.412,-0.068,0.167,0.045,0.014,0.532,0.07,0.067,-0.019,0.319,0.166,-0.186,0.059,0.089,0.215,0.108,0.51,0.166,0.01,-0.065,-0.077,0.218,-0.035,-0.045,-0.04,-0.093,-0.002,-0.038,-0.024,-0.052,0.165,-0.025,0.384,-0.052,-0.016,0.135,-0.007,0.138,0.028,0.149,0.064,-0.078,0.108,0.159,0.349,0.051,0.138,0.147,0.209,0.153,-0.001,0.203,0.131,0.088,0.175,-0.047,0.149,0.013,0.108,0.085,0.02,0.058,-0.006,0.041
AMZN,0.498,0.905,-0.526,0.829,0.578,-0.058,0.104,0.219,-0.061,-0.341,0.579,0.685,0.175,1.0,0.435,0.592,0.291,-0.39,0.278,0.643,0.07,0.552,-0.135,-0.413,0.431,0.685,0.596,0.124,0.773,0.741,0.771,-0.506,0.316,0.421,-0.36,0.591,0.468,0.154,0.118,-0.287,-0.063,-0.187,0.349,0.501,0.201,0.707,-0.045,0.303,0.334,-0.351,0.663,0.156,-0.097,0.566,0.087,0.397,0.641,0.511,-0.675,0.142,0.579,0.571,0.361,-0.511,0.263,0.429,0.436,0.405,0.307,-0.009,-0.008,0.568,-0.189,0.578,0.006,0.264,-0.067,0.136,0.59,0.543,0.201,0.464,0.455,-0.123,0.187,0.172,-0.31,0.419,-0.223,-0.511,0.571,-0.237,0.356,0.63,0.492,0.589,0.518,0.646,0.515,0.036,0.539,0.283,0.376,-0.661,0.467,0.56,0.37,0.309,0.342,-0.251,-0.404,0.327,0.395,0.901,-0.35,0.265,0.493,0.744,0.303,0.695,-0.417,-0.467,0.599,-0.244,0.193,0.764,0.499,-0.037,0.495,-0.271,0.001,0.548,0.588,0.238,0.224,0.069,-0.207,0.589,0.325,0.609,-0.051,0.459,0.754,0.295,0.574,0.676,0.671,0.195,0.498,0.471,0.205,0.357,0.391,-0.008,0.551,0.297,0.422,-0.021,0.179,-0.315,0.291,0.377,0.628,0.394,0.733,0.499,0.081,0.227,-0.446,0.643,-0.529,0.729,-0.142,0.37,0.862,0.663,0.51,0.516,0.511,-0.541,0.14,0.173,0.298,0.105,-0.536,0.129,0.276,0.334,0.124,0.333,0.28,0.334,0.39,0.753,-0.051,-0.031,0.167,0.46,0.579,0.456
APA,0.768,0.496,-0.344,0.449,0.709,0.193,0.289,0.843,0.227,-0.37,0.712,0.197,0.084,0.435,1.0,0.642,0.563,-0.104,0.433,0.708,-0.042,0.662,-0.304,-0.335,0.884,0.585,0.466,0.704,0.442,0.52,0.536,-0.4,0.492,0.636,0.013,0.815,0.72,0.591,0.511,0.156,-0.121,0.293,0.532,0.429,0.518,0.514,0.455,0.851,0.585,-0.165,0.474,0.19,0.029,0.356,0.156,-0.014,0.129,0.593,-0.42,0.286,0.7,0.114,0.588,-0.552,0.676,0.885,0.632,0.724,0.856,-0.042,0.478,0.736,-0.212,0.497,0.176,-0.047,0.481,0.605,0.457,0.442,0.486,0.786,0.754,0.159,0.65,0.762,-0.034,-0.108,0.232,-0.186,0.321,-0.152,0.769,0.527,0.539,0.788,0.763,0.698,0.748,0.657,0.471,0.626,0.628,-0.485,0.553,0.283,0.686,0.672,0.028,0.034,0.06,-0.075,0.565,0.497,0.114,0.128,0.732,0.422,0.521,0.034,0.013,-0.202,0.536,0.16,-0.087,0.317,0.848,0.524,0.809,0.032,-0.27,0.729,0.444,0.69,0.567,0.784,-0.114,0.748,0.689,0.366,0.318,0.486,0.632,0.889,0.249,0.357,0.686,0.274,0.75,0.748,0.475,0.361,0.003,0.37,0.587,0.857,0.448,0.438,0.356,-0.357,0.648,0.727,0.545,0.42,0.431,0.613,0.501,0.721,-0.155,0.546,-0.131,0.555,0.652,0.334,0.473,0.609,0.727,0.763,0.606,-0.554,0.157,0.679,0.554,0.423,-0.53,0.641,0.753,0.231,0.629,0.686,0.266,0.738,0.411,0.54,0.38,0.743,0.507,0.769,0.388,0.437
APPS,0.755,0.659,-0.48,0.631,0.83,0.051,0.233,0.522,0.078,-0.264,0.681,0.171,0.013,0.592,0.642,1.0,0.473,-0.547,0.463,0.779,-0.244,0.802,-0.371,-0.652,0.685,0.681,0.546,0.423,0.707,0.765,0.617,-0.593,0.417,0.687,-0.414,0.713,0.751,0.372,0.418,-0.169,0.148,0.021,0.313,0.826,0.315,0.528,0.231,0.648,0.594,-0.197,0.577,0.491,0.108,0.609,0.258,0.024,0.419,0.713,-0.646,0.552,0.526,0.479,0.463,-0.704,0.508,0.608,0.621,0.647,0.578,-0.024,0.369,0.8,-0.346,0.844,0.009,0.008,0.199,0.384,0.423,0.406,0.352,0.689,0.711,0.105,0.461,0.526,-0.131,0.271,-0.241,-0.629,0.563,-0.489,0.703,0.729,0.622,0.8,0.694,0.793,0.819,0.366,0.683,0.661,0.75,-0.658,0.592,0.185,0.799,0.674,0.267,-0.063,-0.248,0.011,0.755,0.608,-0.05,0.418,0.736,0.651,0.438,0.17,-0.223,-0.497,0.715,-0.19,0.144,0.399,0.804,0.45,0.714,-0.351,-0.177,0.861,0.403,0.441,0.437,0.431,-0.262,0.653,0.53,0.573,0.223,0.399,0.717,0.611,0.564,0.604,0.854,0.574,0.722,0.842,0.37,0.372,0.246,0.088,0.716,0.619,0.849,0.115,0.375,-0.366,0.625,0.58,0.739,0.433,0.589,0.705,0.23,0.55,-0.511,0.643,-0.457,0.65,0.23,0.51,0.647,0.894,0.828,0.772,0.554,-0.681,-0.104,0.48,0.484,0.154,-0.563,0.353,0.503,0.412,0.343,0.618,0.299,0.682,0.498,0.797,0.193,0.239,0.569,0.59,0.82,0.591
ARCC,0.572,0.395,-0.119,0.29,0.659,0.202,0.565,0.701,0.145,0.111,0.555,0.037,0.014,0.291,0.563,0.473,1.0,-0.059,0.597,0.366,-0.193,0.684,-0.304,-0.365,0.58,0.314,0.188,0.714,0.521,0.442,0.252,-0.37,0.457,0.604,-0.053,0.477,0.738,0.68,0.607,0.358,0.107,0.466,0.542,0.326,0.609,0.346,0.738,0.681,0.603,0.238,0.108,0.404,0.379,0.15,0.177,-0.213,0.012,0.479,-0.256,0.601,0.354,0.277,0.818,-0.289,0.701,0.719,0.652,0.803,0.611,0.202,0.71,0.718,-0.119,0.377,0.175,-0.215,0.48,0.432,0.591,0.611,0.625,0.735,0.755,0.432,0.798,0.66,0.369,0.144,0.299,-0.274,0.193,-0.159,0.687,0.397,0.452,0.611,0.555,0.493,0.645,0.691,0.468,0.744,0.643,-0.192,0.557,0.179,0.676,0.523,0.053,0.399,0.042,-0.421,0.544,0.352,0.464,0.427,0.596,0.257,0.613,-0.183,0.158,-0.148,0.539,0.335,-0.117,0.07,0.59,0.608,0.536,-0.222,-0.042,0.571,0.074,0.622,0.686,0.64,0.02,0.732,0.783,0.214,0.532,0.541,0.49,0.56,0.138,0.314,0.604,0.437,0.669,0.579,0.795,0.485,-0.179,0.485,0.528,0.704,0.431,0.635,0.593,0.049,0.613,0.761,0.383,0.368,0.25,0.565,0.511,0.594,-0.212,0.512,0.192,0.469,0.596,0.46,0.379,0.319,0.664,0.685,0.68,-0.342,0.059,0.702,0.758,0.63,-0.354,0.724,0.721,0.407,0.705,0.748,0.27,0.635,0.57,0.437,0.676,0.597,0.744,0.804,0.267,0.283
ARDX,-0.435,-0.409,0.685,-0.374,-0.338,0.202,-0.081,0.023,0.517,0.02,-0.122,0.127,0.459,-0.39,-0.104,-0.547,-0.059,1.0,-0.301,-0.548,0.47,-0.353,0.402,0.65,-0.191,-0.437,-0.276,0.023,-0.586,-0.548,-0.326,0.64,-0.125,-0.356,0.57,-0.391,-0.354,0.033,-0.107,0.362,0.036,0.291,-0.021,-0.495,0.172,-0.212,0.064,-0.114,-0.263,0.325,-0.348,-0.462,-0.235,-0.45,-0.143,0.2,-0.361,-0.459,0.554,-0.201,-0.027,-0.409,-0.062,0.69,-0.078,-0.102,-0.239,-0.304,-0.041,0.273,0.044,-0.407,0.439,-0.545,0.172,0.065,0.045,0.022,0.016,0.051,-0.054,-0.413,-0.346,0.056,-0.07,-0.142,0.289,-0.444,0.643,0.831,-0.4,0.718,-0.303,-0.527,-0.476,-0.411,-0.275,-0.343,-0.372,0.132,-0.527,-0.313,-0.37,0.613,-0.275,0.174,-0.45,-0.392,-0.257,0.225,0.385,0.045,-0.426,-0.261,0.303,-0.243,-0.311,-0.419,0.004,-0.034,0.718,0.568,-0.398,0.593,0.017,-0.226,-0.353,0.047,-0.206,0.437,0.212,-0.489,-0.032,-0.057,0.201,0.121,0.553,-0.362,-0.188,-0.513,-0.076,0.088,-0.454,-0.121,-0.461,-0.339,-0.359,-0.421,-0.384,-0.417,0.051,-0.109,-0.022,0.174,-0.414,-0.196,-0.438,0.419,-0.159,0.188,-0.319,-0.243,-0.516,-0.337,-0.456,-0.525,0.206,-0.12,0.784,-0.521,0.467,-0.444,0.144,-0.429,-0.52,-0.453,-0.354,-0.366,-0.131,0.496,0.54,-0.019,-0.123,0.098,0.582,0.062,-0.141,-0.389,0.161,-0.214,-0.002,-0.255,-0.286,-0.584,0.043,0.358,-0.153,-0.188,-0.598,-0.454
ATER,0.589,0.342,-0.146,0.244,0.452,0.237,0.472,0.445,0.01,0.125,0.404,-0.119,0.088,0.278,0.433,0.463,0.597,-0.301,1.0,0.385,-0.245,0.561,-0.303,-0.553,0.466,0.323,0.176,0.532,0.481,0.458,0.246,-0.516,0.402,0.504,-0.043,0.497,0.655,0.348,0.502,0.27,0.233,0.319,0.454,0.289,0.412,0.313,0.52,0.545,0.512,0.168,0.16,0.459,0.48,0.2,0.008,-0.178,0.232,0.547,-0.412,0.452,0.219,0.41,0.545,-0.341,0.415,0.496,0.64,0.71,0.384,0.162,0.47,0.604,-0.383,0.411,0.202,-0.108,0.424,0.535,0.388,0.428,0.587,0.627,0.649,0.202,0.586,0.536,0.082,0.257,0.04,-0.519,0.276,-0.426,0.635,0.317,0.496,0.643,0.46,0.489,0.509,0.395,0.383,0.699,0.553,-0.27,0.641,-0.087,0.642,0.479,0.222,0.331,-0.159,-0.443,0.41,0.322,0.22,0.422,0.567,0.291,0.508,-0.092,-0.027,-0.443,0.282,-0.034,-0.058,-0.008,0.611,0.454,0.418,-0.064,-0.087,0.549,0.055,0.353,0.382,0.392,-0.168,0.591,0.713,0.186,0.471,0.425,0.554,0.43,0.055,0.316,0.485,0.379,0.639,0.519,0.624,0.255,0.021,0.265,0.467,0.585,0.329,0.302,0.496,-0.195,0.531,0.592,0.371,0.324,0.222,0.587,0.232,0.369,-0.281,0.551,-0.003,0.455,0.374,0.567,0.332,0.312,0.489,0.619,0.295,-0.325,-0.213,0.578,0.562,0.507,-0.457,0.56,0.587,0.569,0.465,0.648,0.113,0.522,0.422,0.521,0.493,0.22,0.601,0.615,0.254,0.289
ATOS,0.789,0.688,-0.621,0.612,0.768,-0.03,0.274,0.472,-0.14,-0.336,0.648,0.235,0.003,0.643,0.708,0.779,0.366,-0.548,0.385,1.0,-0.239,0.741,-0.318,-0.491,0.62,0.691,0.515,0.402,0.637,0.715,0.591,-0.643,0.458,0.555,-0.377,0.807,0.676,0.417,0.444,-0.082,-0.009,0.002,0.42,0.614,0.278,0.64,0.24,0.609,0.535,-0.257,0.526,0.333,0.141,0.579,0.148,0.074,0.41,0.697,-0.641,0.303,0.63,0.357,0.44,-0.745,0.506,0.616,0.599,0.568,0.536,-0.188,0.244,0.765,-0.316,0.674,0.018,0.033,0.328,0.332,0.488,0.476,0.299,0.749,0.665,0.1,0.455,0.556,-0.181,0.175,-0.172,-0.568,0.478,-0.471,0.664,0.711,0.634,0.849,0.643,0.751,0.708,0.374,0.59,0.569,0.577,-0.689,0.665,0.279,0.68,0.675,0.198,-0.055,-0.196,0.073,0.61,0.651,-0.164,0.272,0.688,0.556,0.436,0.249,-0.375,-0.402,0.663,-0.174,0.008,0.521,0.764,0.296,0.619,-0.254,-0.24,0.753,0.424,0.468,0.321,0.446,-0.227,0.649,0.568,0.607,0.234,0.373,0.724,0.591,0.478,0.596,0.782,0.411,0.715,0.781,0.249,0.354,0.173,0.174,0.634,0.608,0.574,0.063,0.248,-0.369,0.576,0.535,0.661,0.492,0.618,0.649,0.223,0.527,-0.512,0.633,-0.372,0.671,0.277,0.436,0.627,0.741,0.761,0.717,0.461,-0.69,-0.109,0.486,0.422,0.183,-0.602,0.378,0.546,0.439,0.33,0.545,0.189,0.664,0.48,0.731,0.179,0.209,0.406,0.597,0.637,0.549
AUPH,-0.286,0.033,0.311,0.151,-0.232,0.177,-0.431,-0.099,0.598,-0.008,-0.027,0.341,0.399,0.07,-0.042,-0.244,-0.193,0.47,-0.245,-0.239,1.0,-0.32,0.256,0.493,-0.195,0.089,0.375,-0.347,-0.131,-0.233,0.12,0.324,0.095,-0.087,0.426,-0.15,-0.283,-0.371,-0.311,-0.271,-0.174,-0.133,-0.182,-0.273,-0.181,0.068,-0.321,-0.203,-0.226,0.146,0.277,-0.31,-0.378,0.061,-0.118,0.689,0.298,-0.381,0.069,-0.483,0.053,0.133,-0.401,0.412,-0.194,-0.147,-0.278,-0.324,-0.199,0.226,-0.411,-0.281,0.308,-0.207,-0.152,0.408,-0.357,-0.214,-0.025,-0.003,-0.274,-0.355,-0.271,-0.463,-0.33,-0.37,-0.276,0.006,-0.032,0.515,0.16,0.49,-0.359,-0.198,-0.217,-0.192,-0.157,-0.025,-0.319,-0.309,-0.417,-0.329,-0.299,0.242,-0.258,0.461,-0.364,-0.445,0.31,-0.18,-0.13,0.551,-0.283,0.175,-0.104,-0.174,-0.227,0.0,-0.148,0.441,0.185,0.077,-0.26,0.272,0.593,0.311,-0.297,-0.346,0.066,0.341,0.315,-0.278,0.264,-0.334,-0.058,-0.27,0.184,-0.237,-0.298,0.138,-0.165,-0.032,-0.107,-0.228,0.061,0.099,-0.171,-0.52,-0.186,-0.153,-0.297,-0.317,0.308,-0.246,-0.13,-0.233,-0.323,-0.061,-0.193,-0.282,-0.392,-0.325,-0.068,-0.144,0.005,-0.28,-0.389,-0.349,0.617,-0.071,-0.107,-0.147,-0.323,-0.236,-0.103,-0.044,-0.348,-0.279,-0.009,0.294,0.561,-0.387,-0.394,-0.379,0.323,-0.298,-0.305,-0.15,-0.276,-0.293,0.314,-0.372,-0.444,-0.049,-0.359,-0.027,-0.188,-0.204,-0.168,-0.25
AVGO,0.837,0.667,-0.381,0.625,0.883,0.143,0.494,0.621,0.099,-0.174,0.807,0.172,0.123,0.552,0.662,0.802,0.684,-0.353,0.561,0.741,-0.32,1.0,-0.312,-0.667,0.674,0.56,0.457,0.661,0.706,0.747,0.47,-0.601,0.468,0.738,-0.453,0.668,0.814,0.61,0.549,0.186,0.138,0.225,0.352,0.734,0.603,0.471,0.504,0.731,0.689,-0.015,0.437,0.52,0.273,0.566,0.289,-0.077,0.285,0.801,-0.555,0.669,0.534,0.483,0.701,-0.631,0.599,0.715,0.814,0.765,0.658,0.157,0.575,0.826,-0.232,0.743,0.206,-0.049,0.446,0.505,0.647,0.619,0.505,0.764,0.817,0.37,0.73,0.697,0.134,0.261,0.135,-0.599,0.492,-0.437,0.794,0.752,0.678,0.868,0.678,0.814,0.806,0.63,0.658,0.713,0.747,-0.549,0.793,0.125,0.759,0.702,0.205,0.241,-0.091,-0.163,0.714,0.637,0.125,0.575,0.782,0.518,0.637,0.077,-0.112,-0.45,0.77,-0.075,0.011,0.326,0.798,0.597,0.733,-0.435,-0.074,0.798,0.228,0.621,0.64,0.585,-0.179,0.768,0.728,0.493,0.383,0.617,0.726,0.672,0.497,0.642,0.885,0.57,0.842,0.869,0.637,0.504,0.139,0.313,0.731,0.683,0.68,0.375,0.492,-0.163,0.71,0.694,0.716,0.331,0.458,0.708,0.54,0.663,-0.463,0.581,-0.304,0.692,0.428,0.59,0.623,0.738,0.899,0.863,0.664,-0.579,-0.177,0.698,0.678,0.466,-0.49,0.597,0.677,0.453,0.611,0.725,0.292,0.745,0.712,0.665,0.438,0.384,0.663,0.778,0.671,0.602
AZN,-0.425,-0.335,0.468,-0.219,-0.188,0.231,-0.041,-0.242,0.156,0.119,-0.135,0.153,0.287,-0.135,-0.304,-0.371,-0.304,0.402,-0.303,-0.318,0.256,-0.312,1.0,0.429,-0.252,-0.169,-0.191,-0.153,-0.43,-0.428,-0.198,0.261,-0.254,-0.304,0.027,-0.41,-0.339,-0.039,-0.034,0.249,0.299,0.354,-0.171,-0.203,0.114,-0.073,-0.078,-0.315,-0.192,0.374,-0.3,-0.171,-0.027,-0.164,0.253,0.149,-0.11,-0.304,0.367,0.078,0.04,0.023,-0.189,0.523,0.02,-0.27,-0.181,-0.338,-0.176,0.388,-0.155,-0.368,0.636,-0.205,0.268,0.084,0.061,-0.036,-0.052,0.022,-0.115,-0.385,-0.414,0.215,-0.254,-0.328,0.314,-0.103,0.275,0.306,-0.146,0.27,-0.397,-0.275,-0.157,-0.336,-0.118,-0.266,-0.431,-0.179,-0.239,-0.245,-0.249,0.22,-0.093,0.27,-0.323,-0.195,-0.202,0.288,0.094,0.384,-0.142,-0.17,0.206,-0.036,-0.29,-0.273,0.02,0.266,0.34,0.536,-0.215,0.379,0.142,0.064,-0.369,-0.084,-0.253,-0.021,0.37,-0.366,-0.021,-0.154,-0.016,-0.115,0.507,-0.363,-0.321,-0.254,0.161,0.166,-0.415,-0.242,-0.077,-0.103,-0.293,-0.191,-0.275,-0.386,-0.091,0.094,0.04,0.257,-0.192,-0.311,-0.182,0.104,-0.078,0.238,-0.163,-0.335,-0.364,-0.432,-0.238,-0.408,0.04,-0.217,0.327,-0.533,0.214,-0.252,-0.178,-0.189,-0.304,-0.277,-0.249,-0.421,-0.069,0.342,0.262,-0.215,-0.084,-0.026,0.582,-0.135,-0.319,-0.144,-0.118,-0.118,0.052,-0.317,-0.139,-0.402,-0.097,-0.077,-0.214,-0.296,-0.263,-0.158
BCRX,-0.577,-0.481,0.508,-0.47,-0.554,-0.091,-0.332,-0.296,0.263,-0.007,-0.455,0.159,0.114,-0.413,-0.335,-0.652,-0.365,0.65,-0.553,-0.491,0.493,-0.667,0.429,1.0,-0.427,-0.499,-0.327,-0.36,-0.599,-0.61,-0.351,0.669,-0.302,-0.589,0.503,-0.476,-0.554,-0.234,-0.227,0.116,-0.177,-0.04,-0.23,-0.618,-0.295,-0.323,-0.151,-0.416,-0.516,0.159,-0.382,-0.543,-0.261,-0.486,-0.242,0.315,-0.243,-0.626,0.558,-0.489,-0.169,-0.439,-0.394,0.625,-0.238,-0.384,-0.545,-0.555,-0.349,0.037,-0.282,-0.55,0.506,-0.689,-0.118,0.008,-0.202,-0.337,-0.268,-0.239,-0.325,-0.535,-0.516,-0.178,-0.41,-0.365,0.009,-0.335,0.245,0.836,-0.462,0.71,-0.515,-0.642,-0.628,-0.615,-0.492,-0.528,-0.565,-0.177,-0.507,-0.484,-0.526,0.585,-0.54,0.202,-0.586,-0.542,-0.332,-0.026,0.28,0.291,-0.532,-0.344,0.049,-0.457,-0.443,-0.463,-0.292,0.035,0.425,0.598,-0.513,0.512,0.036,-0.106,-0.567,-0.332,-0.477,0.443,0.162,-0.616,-0.019,-0.296,-0.196,-0.171,0.347,-0.58,-0.486,-0.525,-0.228,-0.279,-0.516,-0.416,-0.389,-0.391,-0.551,-0.463,-0.596,-0.603,-0.401,-0.209,-0.128,-0.118,-0.484,-0.401,-0.51,-0.014,-0.339,0.207,-0.548,-0.46,-0.649,-0.41,-0.456,-0.59,-0.19,-0.42,0.674,-0.458,0.35,-0.608,-0.128,-0.558,-0.586,-0.568,-0.591,-0.584,-0.325,0.581,0.539,-0.349,-0.4,-0.268,0.614,-0.296,-0.434,-0.413,-0.182,-0.444,-0.035,-0.458,-0.563,-0.599,-0.228,0.013,-0.428,-0.477,-0.614,-0.58
BGC,0.806,0.465,-0.31,0.397,0.751,0.23,0.28,0.861,0.242,-0.387,0.714,0.169,-0.01,0.431,0.884,0.685,0.58,-0.191,0.466,0.62,-0.195,0.674,-0.252,-0.427,1.0,0.559,0.366,0.658,0.493,0.616,0.46,-0.431,0.421,0.612,-0.089,0.7,0.704,0.58,0.476,0.225,-0.09,0.351,0.496,0.478,0.499,0.466,0.474,0.843,0.62,-0.212,0.372,0.224,0.031,0.3,0.146,-0.169,0.057,0.68,-0.442,0.408,0.632,0.167,0.617,-0.54,0.716,0.791,0.627,0.767,0.839,-0.085,0.518,0.715,-0.29,0.547,0.208,-0.12,0.409,0.646,0.361,0.327,0.471,0.778,0.792,0.248,0.658,0.741,0.003,-0.069,0.246,-0.298,0.281,-0.241,0.825,0.495,0.592,0.692,0.77,0.693,0.791,0.659,0.631,0.659,0.689,-0.549,0.467,0.172,0.704,0.798,-0.054,0.049,0.078,-0.137,0.617,0.445,0.192,0.082,0.772,0.404,0.415,-0.04,0.089,-0.203,0.582,0.09,-0.165,0.266,0.868,0.589,0.778,-0.105,-0.348,0.739,0.366,0.671,0.59,0.767,-0.188,0.744,0.676,0.286,0.427,0.481,0.685,0.904,0.161,0.276,0.702,0.352,0.718,0.712,0.508,0.468,-0.118,0.385,0.543,0.843,0.576,0.417,0.392,-0.328,0.75,0.757,0.485,0.328,0.39,0.629,0.554,0.755,-0.257,0.574,-0.15,0.551,0.603,0.345,0.483,0.621,0.774,0.808,0.582,-0.591,0.099,0.722,0.589,0.404,-0.563,0.605,0.725,0.181,0.654,0.71,0.204,0.79,0.441,0.499,0.392,0.68,0.534,0.79,0.423,0.405
BIDU,0.58,0.715,-0.535,0.704,0.682,0.118,0.101,0.406,0.121,-0.197,0.704,0.243,0.043,0.685,0.585,0.681,0.314,-0.437,0.323,0.691,0.089,0.56,-0.169,-0.499,0.559,1.0,0.76,0.198,0.636,0.612,0.588,-0.622,0.534,0.643,-0.182,0.58,0.503,0.231,0.197,-0.33,-0.09,0.017,0.329,0.534,0.238,0.732,0.042,0.477,0.57,-0.084,0.701,0.262,-0.055,0.607,0.173,0.195,0.447,0.539,-0.618,0.127,0.496,0.515,0.222,-0.483,0.445,0.436,0.473,0.422,0.434,0.12,0.009,0.561,-0.282,0.722,-0.133,0.262,-0.006,0.207,0.453,0.401,0.166,0.497,0.496,-0.101,0.275,0.292,-0.363,0.319,-0.317,-0.507,0.844,-0.421,0.441,0.732,0.627,0.651,0.636,0.765,0.52,0.075,0.44,0.441,0.487,-0.594,0.472,0.478,0.501,0.534,0.471,-0.167,-0.281,0.22,0.531,0.7,-0.109,0.298,0.52,0.577,0.283,0.44,-0.366,-0.393,0.559,-0.144,0.283,0.614,0.626,0.142,0.728,-0.253,-0.157,0.666,0.331,0.358,0.262,0.189,-0.202,0.567,0.41,0.811,0.219,0.342,0.646,0.487,0.541,0.597,0.689,0.202,0.568,0.651,0.149,0.178,0.397,0.179,0.678,0.463,0.533,-0.022,0.252,-0.457,0.481,0.383,0.706,0.481,0.713,0.583,0.018,0.439,-0.419,0.605,-0.39,0.676,0.052,0.413,0.685,0.738,0.524,0.537,0.538,-0.603,0.057,0.247,0.187,-0.046,-0.563,0.175,0.363,0.386,0.153,0.369,0.564,0.453,0.325,0.725,0.02,0.154,0.451,0.513,0.603,0.472
BILI,0.388,0.679,-0.471,0.769,0.503,0.182,-0.02,0.323,0.313,-0.127,0.578,0.254,0.193,0.596,0.466,0.546,0.188,-0.276,0.176,0.515,0.375,0.457,-0.191,-0.327,0.366,0.76,1.0,0.128,0.573,0.513,0.585,-0.473,0.44,0.697,-0.098,0.387,0.27,-0.007,0.077,-0.357,-0.065,-0.132,0.035,0.562,0.161,0.554,-0.084,0.34,0.398,-0.067,0.883,0.327,-0.049,0.761,0.24,0.402,0.661,0.458,-0.558,0.034,0.259,0.613,0.057,-0.434,0.237,0.307,0.362,0.283,0.342,0.168,-0.144,0.375,-0.165,0.621,-0.089,0.301,-0.184,0.063,0.389,0.347,0.031,0.267,0.423,-0.274,0.097,0.127,-0.423,0.439,-0.334,-0.253,0.786,-0.243,0.208,0.635,0.602,0.522,0.454,0.705,0.305,-0.096,0.268,0.261,0.392,-0.465,0.373,0.396,0.29,0.203,0.65,-0.137,-0.399,0.324,0.497,0.681,-0.237,0.414,0.35,0.518,0.277,0.462,-0.325,-0.485,0.42,-0.136,0.448,0.579,0.471,0.053,0.77,-0.315,0.222,0.49,0.256,0.121,0.08,0.056,-0.269,0.373,0.215,0.795,0.043,0.351,0.52,0.365,0.583,0.709,0.546,0.149,0.575,0.613,0.05,-0.027,0.447,-0.082,0.578,0.284,0.387,-0.192,0.239,-0.398,0.322,0.159,0.731,0.273,0.633,0.463,-0.124,0.232,-0.238,0.517,-0.562,0.64,-0.108,0.449,0.61,0.748,0.364,0.357,0.555,-0.463,0.005,-0.049,0.013,-0.178,-0.409,0.021,0.095,0.386,-0.072,0.198,0.521,0.104,0.278,0.62,-0.143,0.093,0.296,0.367,0.618,0.565
BKR,0.582,0.216,-0.114,0.156,0.581,0.33,0.683,0.769,0.066,-0.063,0.586,-0.032,0.115,0.124,0.704,0.423,0.714,0.023,0.532,0.402,-0.347,0.661,-0.153,-0.36,0.658,0.198,0.128,1.0,0.256,0.277,0.263,-0.341,0.279,0.626,-0.118,0.551,0.702,0.781,0.77,0.573,0.224,0.574,0.5,0.387,0.806,0.223,0.752,0.765,0.621,0.152,0.097,0.443,0.468,0.174,0.297,-0.326,-0.082,0.569,-0.05,0.647,0.423,0.055,0.829,-0.365,0.664,0.837,0.747,0.798,0.809,0.191,0.824,0.635,-0.031,0.352,0.516,-0.256,0.729,0.698,0.536,0.549,0.727,0.706,0.735,0.553,0.838,0.839,0.426,-0.087,0.527,-0.204,0.093,-0.203,0.699,0.401,0.484,0.656,0.561,0.487,0.601,0.777,0.4,0.677,0.648,-0.258,0.681,-0.025,0.649,0.592,-0.099,0.514,0.292,-0.459,0.559,0.193,0.427,0.413,0.615,0.143,0.715,-0.284,0.148,-0.081,0.427,0.323,-0.346,-0.062,0.707,0.799,0.575,-0.214,-0.037,0.627,0.104,0.809,0.634,0.878,0.075,0.715,0.774,0.026,0.472,0.615,0.359,0.785,0.054,0.238,0.528,0.462,0.732,0.572,0.781,0.474,-0.134,0.646,0.502,0.758,0.37,0.645,0.466,0.061,0.678,0.777,0.415,0.238,0.152,0.538,0.785,0.756,-0.263,0.314,0.164,0.455,0.782,0.471,0.238,0.322,0.674,0.643,0.573,-0.27,-0.158,0.772,0.793,0.8,-0.33,0.85,0.797,0.349,0.756,0.778,0.117,0.671,0.665,0.264,0.693,0.772,0.608,0.772,0.187,0.427
BLDP,0.673,0.858,-0.578,0.774,0.616,0.005,0.216,0.339,-0.105,-0.109,0.531,0.357,-0.016,0.773,0.442,0.707,0.521,-0.586,0.481,0.637,-0.131,0.706,-0.43,-0.599,0.493,0.636,0.573,0.256,1.0,0.875,0.621,-0.636,0.399,0.629,-0.451,0.612,0.601,0.217,0.246,-0.249,-0.059,-0.171,0.247,0.641,0.237,0.511,0.143,0.426,0.494,-0.277,0.622,0.424,0.106,0.658,0.171,0.134,0.599,0.643,-0.647,0.31,0.381,0.66,0.448,-0.581,0.308,0.443,0.535,0.642,0.341,-0.061,0.153,0.696,-0.368,0.663,-0.021,0.057,0.038,0.201,0.528,0.469,0.246,0.625,0.702,0.001,0.358,0.38,-0.178,0.496,-0.291,-0.681,0.593,-0.491,0.558,0.694,0.591,0.672,0.526,0.659,0.654,0.187,0.748,0.472,0.506,-0.644,0.536,0.221,0.546,0.433,0.392,-0.127,-0.422,0.045,0.521,0.796,-0.222,0.395,0.552,0.618,0.31,0.264,-0.497,-0.662,0.712,-0.348,0.149,0.518,0.577,0.143,0.553,-0.371,-0.009,0.666,0.34,0.311,0.279,0.162,-0.421,0.673,0.493,0.643,0.082,0.409,0.886,0.354,0.57,0.639,0.749,0.405,0.627,0.632,0.343,0.414,0.203,-0.052,0.63,0.415,0.508,0.024,0.274,-0.245,0.429,0.491,0.742,0.419,0.621,0.631,0.103,0.337,-0.583,0.782,-0.547,0.734,0.025,0.482,0.852,0.674,0.602,0.703,0.627,-0.516,-0.062,0.291,0.437,0.11,-0.667,0.228,0.339,0.441,0.205,0.488,0.315,0.458,0.508,0.773,0.097,-0.005,0.392,0.573,0.721,0.54
BLNK,0.766,0.799,-0.527,0.674,0.661,-0.064,0.168,0.403,-0.045,-0.329,0.581,0.299,-0.017,0.741,0.52,0.765,0.442,-0.548,0.458,0.715,-0.233,0.747,-0.428,-0.61,0.616,0.612,0.513,0.277,0.875,1.0,0.643,-0.604,0.349,0.549,-0.452,0.663,0.618,0.22,0.25,-0.179,-0.118,-0.179,0.287,0.672,0.211,0.505,0.095,0.472,0.526,-0.371,0.589,0.327,0.018,0.623,0.112,0.061,0.487,0.732,-0.693,0.345,0.478,0.54,0.46,-0.707,0.326,0.485,0.482,0.607,0.405,-0.128,0.176,0.678,-0.428,0.693,-0.039,0.073,0.069,0.269,0.42,0.383,0.178,0.604,0.684,0.049,0.356,0.408,-0.191,0.384,-0.245,-0.653,0.542,-0.465,0.652,0.686,0.593,0.681,0.541,0.684,0.71,0.261,0.746,0.443,0.516,-0.725,0.492,0.156,0.54,0.524,0.308,-0.176,-0.344,0.07,0.52,0.749,-0.25,0.344,0.625,0.624,0.284,0.258,-0.359,-0.613,0.783,-0.378,0.055,0.475,0.652,0.189,0.59,-0.337,-0.132,0.684,0.417,0.318,0.339,0.239,-0.403,0.647,0.438,0.571,0.118,0.368,0.905,0.457,0.502,0.591,0.801,0.403,0.643,0.671,0.356,0.414,0.193,-0.017,0.606,0.49,0.584,0.043,0.294,-0.269,0.477,0.523,0.715,0.37,0.614,0.585,0.175,0.381,-0.574,0.718,-0.585,0.696,0.053,0.413,0.793,0.715,0.655,0.757,0.507,-0.657,-0.09,0.387,0.416,0.12,-0.665,0.226,0.385,0.341,0.268,0.444,0.258,0.558,0.436,0.75,0.05,0.05,0.388,0.56,0.732,0.511
BYND,0.518,0.673,-0.417,0.656,0.446,-0.016,-0.025,0.327,0.004,-0.418,0.487,0.508,0.109,0.771,0.536,0.617,0.252,-0.326,0.246,0.591,0.12,0.47,-0.198,-0.351,0.46,0.588,0.585,0.263,0.621,0.643,1.0,-0.352,0.302,0.486,-0.274,0.702,0.452,0.131,0.147,-0.32,-0.075,-0.208,0.397,0.556,0.152,0.625,-0.113,0.297,0.439,-0.353,0.731,0.232,-0.174,0.608,0.174,0.384,0.493,0.506,-0.48,0.18,0.64,0.373,0.281,-0.555,0.225,0.552,0.355,0.405,0.385,0.048,0.092,0.565,-0.122,0.603,0.037,0.242,0.044,0.215,0.44,0.423,0.207,0.422,0.407,-0.095,0.179,0.281,-0.312,0.219,-0.248,-0.372,0.527,-0.134,0.431,0.616,0.36,0.637,0.498,0.527,0.499,0.088,0.455,0.237,0.343,-0.633,0.425,0.466,0.387,0.278,0.41,-0.274,-0.237,0.27,0.384,0.692,-0.333,0.265,0.448,0.727,0.361,0.533,-0.313,-0.443,0.545,-0.134,0.239,0.605,0.518,0.118,0.532,-0.144,0.006,0.655,0.756,0.301,0.184,0.217,-0.148,0.588,0.218,0.522,-0.072,0.321,0.687,0.349,0.615,0.555,0.6,0.232,0.562,0.479,0.205,0.267,0.454,-0.05,0.587,0.4,0.392,-0.031,0.271,-0.394,0.235,0.451,0.72,0.407,0.714,0.409,0.096,0.214,-0.427,0.528,-0.519,0.573,-0.058,0.284,0.753,0.636,0.459,0.509,0.49,-0.579,0.162,0.149,0.215,0.103,-0.498,0.162,0.293,0.199,0.099,0.387,0.302,0.344,0.256,0.764,-0.155,0.108,0.204,0.327,0.605,0.498
