,AAL,AAPL,ABUS,ADBE,ADI,ADMA,AEP,AGNC,AKBA,ALT,AMAT,AMD,AMGN,AMZN,APA,APPS,ARCC,ARDX,ATER,ATOS,AUPH,AVGO,AZN,BCRX,BGC,BIDU,BILI,BKR,BLDP,BLNK,BYND,CAN,CELH,CG,CGC,CHRD,CLNE,CMCSA,COMM,COST,CPB,CPRT,CRON,CRWD,CSCO,CSGP,CSX,CTSH,CZR,DBX,DDOG,DKNG,DLTR,DOCU,DVAX,DXCM,EA,EBAY,ENPH,ERIC,ESPR,ETSY,EXC,EXEL,EXPE,FANG,FAST,FITB,FLEX,FOLD,FOXA,FSLR,FTNT,FUTU,GEN,GERN,GEVO,GILD,GOOG,GOOGL,GPRO,GT,HBAN,HIVE,HON,HST,HUT,IBRX,INTC,IOVA,IQ,IRWD,JBLU,JD,KDP,KHC,LBTYK,LRCX,LYFT,MAR,MARA,MAT,MCHP,MCRB,MDLZ,META,MGNI,MLCO,MNKD,MNST,MOMO,MRNA,MRVL,MSFT,MSTR,MTCH,MU,MVIS,NDAQ,NFLX,NKTR,NNDM,NTES,NTNX,NVAX,NVDA,NWL,NWSA,NXPI,OCGN,OKTA,ON,OPK,PAA,PACB,PAGP,PANW,PARA,PCAR,PDD,PENN,PEP,PLUG,PTEN,PTON,PYPL,QCOM,QUBT,QVCGA,RDFN,REAL,RIOT,ROKU,ROST,RUN,SABR,SAVA,SBUX,SFIX,SGMO,SIRI,SLM,SMCI,SNDL,SONO,STNE,STX,TCOM,TGTX,TIGR,TLRY,TMUS,TRIP,TSCO,TSLA,TTD,TXN,UAL,UNIT,VERU,VKTX,VLY,VOD,VTRS,VXRT,WBA,WBD,WDAY,WDC,WEN,WW,WYNN,XEL,XP,XRAY,XRX,Z,ZION,ZM,ZS
AAL,1.0,0.27,0.136,0.271,0.496,0.317,0.413,0.503,-0.084,0.478,0.217,-0.092,-0.534,0.17,0.549,0.645,0.615,-0.008,0.68,0.413,-0.406,0.613,-0.297,-0.073,0.272,0.324,0.112,0.553,0.683,0.051,-0.212,-0.543,0.346,0.542,0.555,0.271,0.529,0.613,0.186,0.214,-0.564,0.404,0.555,0.108,0.291,0.212,0.756,0.25,0.407,0.169,0.022,0.34,0.574,0.084,0.154,-0.432,0.093,0.284,-0.075,0.427,-0.407,-0.289,0.513,-0.33,0.561,0.685,0.3,0.725,0.371,0.283,0.583,0.617,-0.079,0.226,-0.218,0.066,0.486,-0.097,0.479,0.447,0.511,0.783,0.783,-0.345,0.744,0.661,0.099,0.488,0.445,0.025,-0.519,0.027,0.812,0.112,0.353,0.646,-0.218,0.399,0.559,0.622,-0.123,0.723,0.642,0.358,0.352,0.378,0.424,0.312,0.596,0.277,-0.073,-0.264,0.497,0.002,0.55,0.29,0.482,-0.036,0.363,-0.431,0.118,0.342,0.076,0.38,0.081,0.13,0.782,0.441,0.397,0.224,0.047,0.611,-0.272,0.604,0.184,0.598,0.129,0.512,0.649,0.037,0.394,-0.368,0.291,0.543,-0.281,0.047,0.056,0.488,0.52,0.383,0.433,0.009,-0.407,0.519,0.502,0.701,-0.34,0.554,0.253,0.263,0.37,0.221,0.348,0.509,0.474,0.666,0.519,0.549,-0.038,0.546,0.568,0.098,0.702,0.423,0.199,-0.174,0.569,0.85,0.071,-0.385,0.169,0.786,0.4,0.325,-0.251,0.643,0.645,0.451,0.689,0.257,0.253,0.614,0.451,0.433,0.644,0.49,0.395,0.795,-0.069,0.042
AAPL,0.27,1.0,0.615,0.755,0.627,-0.134,-0.022,0.5,0.64,0.553,0.847,0.611,-0.246,0.807,0.262,0.726,0.72,0.699,0.605,0.149,0.025,0.756,0.379,0.69,-0.383,0.509,0.653,0.682,0.384,0.269,0.667,-0.375,0.615,0.716,0.42,-0.275,0.172,0.544,-0.164,0.161,-0.314,0.635,0.24,0.707,0.79,0.468,0.615,-0.277,0.653,0.65,0.747,0.675,0.388,0.683,0.394,0.429,0.494,0.807,0.644,0.643,0.33,0.413,0.681,0.04,0.517,0.548,0.749,0.32,0.666,0.667,0.567,0.346,0.621,0.634,-0.29,0.515,0.407,-0.449,0.839,0.862,0.631,0.563,0.206,0.075,0.396,0.254,0.678,0.579,0.683,0.582,-0.148,0.535,0.416,0.682,0.638,0.557,-0.001,0.882,0.467,0.457,0.568,0.275,0.596,0.72,-0.052,0.573,-0.288,0.217,0.357,0.775,-0.213,0.404,0.581,0.711,0.193,0.529,0.341,0.111,0.728,0.163,0.78,0.48,0.621,0.627,0.687,0.643,0.513,0.77,0.35,-0.324,0.722,0.49,0.361,0.6,0.692,0.643,0.64,0.636,0.518,0.6,0.543,0.108,0.461,0.58,0.576,0.709,0.57,-0.261,0.209,0.719,0.574,0.645,-0.285,0.38,0.716,0.314,-0.459,0.746,0.734,0.737,-0.333,-0.421,0.667,0.278,0.309,0.141,0.709,0.41,0.717,0.541,0.43,0.606,0.267,0.595,0.884,0.329,0.619,0.194,0.705,0.37,0.734,0.207,0.779,0.046,0.342,0.085,0.028,0.55,0.703,0.685,0.629,0.351,-0.058,0.706,0.371,0.179,0.756,0.356,0.788,0.574
ABUS,0.136,0.615,1.0,0.597,0.566,-0.114,-0.143,0.469,0.478,0.589,0.703,0.479,-0.26,0.681,-0.014,0.428,0.558,0.595,0.367,0.309,-0.265,0.478,0.321,0.499,-0.441,0.819,0.832,0.522,0.139,0.106,0.564,-0.535,0.797,0.57,0.468,-0.306,-0.18,0.613,-0.509,-0.087,-0.296,0.601,0.333,0.588,0.698,0.458,0.46,-0.519,0.746,0.491,0.71,0.641,0.338,0.692,0.762,0.293,0.413,0.658,0.657,0.541,0.128,0.405,0.507,-0.28,0.62,0.392,0.595,0.216,0.494,0.609,0.607,0.241,0.591,0.726,-0.452,0.736,0.321,-0.719,0.498,0.553,0.701,0.397,-0.02,-0.119,0.318,0.294,0.582,0.525,0.6,0.444,-0.061,0.502,0.444,0.793,0.555,0.567,-0.181,0.557,0.276,0.545,0.48,0.091,0.461,0.634,-0.235,0.643,-0.484,0.036,0.204,0.671,-0.32,0.626,0.506,0.354,-0.002,0.444,-0.051,0.121,0.686,0.127,0.648,0.796,0.815,0.5,0.776,0.777,0.365,0.619,0.082,-0.472,0.658,0.221,0.498,0.545,0.631,0.595,0.76,0.651,0.332,0.713,0.697,-0.007,0.035,0.539,0.511,0.619,0.236,-0.299,-0.046,0.632,0.279,0.704,-0.554,0.379,0.651,0.217,-0.666,0.45,0.76,0.773,-0.411,-0.614,0.531,0.35,0.252,-0.013,0.513,0.342,0.564,0.629,0.474,0.754,0.324,0.548,0.543,0.015,0.376,0.262,0.654,0.237,0.649,0.003,0.81,-0.295,0.434,-0.166,0.013,0.413,0.363,0.451,0.636,0.255,-0.192,0.627,0.31,-0.061,0.543,0.163,0.656,0.419
ADBE,0.271,0.755,0.597,1.0,0.704,0.21,0.026,0.761,0.516,0.619,0.73,0.572,-0.264,0.693,0.443,0.669,0.709,0.727,0.41,0.338,-0.022,0.77,0.477,0.437,-0.107,0.618,0.738,0.753,0.413,0.088,0.494,-0.308,0.61,0.844,0.664,-0.237,0.169,0.58,0.005,0.364,-0.388,0.783,0.42,0.871,0.748,0.527,0.634,-0.068,0.63,0.62,0.602,0.654,0.502,0.886,0.632,0.297,0.622,0.802,0.496,0.644,0.198,0.288,0.577,-0.119,0.648,0.585,0.737,0.466,0.77,0.685,0.621,0.44,0.575,0.661,0.042,0.51,0.42,-0.498,0.841,0.785,0.675,0.507,0.338,-0.1,0.48,0.426,0.597,0.582,0.87,0.648,-0.128,0.585,0.503,0.606,0.806,0.559,-0.191,0.694,0.449,0.578,0.388,0.282,0.731,0.648,0.111,0.737,-0.13,0.288,0.438,0.73,-0.185,0.422,0.813,0.731,0.321,0.6,0.415,0.063,0.652,0.072,0.648,0.604,0.667,0.769,0.498,0.744,0.526,0.802,0.599,-0.225,0.871,0.529,0.221,0.608,0.618,0.653,0.669,0.663,0.506,0.601,0.661,0.033,0.502,0.687,0.431,0.676,0.544,-0.051,0.44,0.738,0.494,0.538,-0.307,0.659,0.686,0.523,-0.516,0.684,0.616,0.635,-0.081,-0.23,0.731,0.38,0.472,0.341,0.827,0.603,0.579,0.637,0.542,0.634,0.535,0.659,0.639,0.43,0.681,0.413,0.52,0.192,0.632,0.238,0.625,0.184,0.145,0.15,0.107,0.648,0.612,0.533,0.537,0.492,0.092,0.612,0.443,0.437,0.68,0.483,0.719,0.733
ADI,0.496,0.627,0.566,0.704,1.0,0.21,0.233,0.711,0.296,0.622,0.742,0.308,-0.427,0.6,0.49,0.598,0.643,0.547,0.517,0.621,-0.271,0.76,0.261,0.254,-0.003,0.73,0.613,0.694,0.47,0.079,0.199,-0.554,0.684,0.696,0.699,0.01,0.262,0.799,0.04,0.41,-0.427,0.837,0.59,0.507,0.621,0.536,0.802,0.01,0.73,0.464,0.384,0.597,0.559,0.571,0.562,-0.059,0.364,0.636,0.37,0.69,-0.056,-0.007,0.685,-0.332,0.754,0.628,0.541,0.61,0.631,0.68,0.555,0.595,0.262,0.691,-0.074,0.446,0.608,-0.454,0.765,0.777,0.672,0.611,0.5,-0.264,0.692,0.601,0.386,0.55,0.895,0.359,-0.277,0.314,0.622,0.628,0.665,0.644,-0.294,0.708,0.486,0.719,0.177,0.453,0.726,0.551,0.104,0.828,0.022,0.388,0.573,0.689,-0.207,0.172,0.724,0.449,0.579,0.525,0.457,0.048,0.679,-0.214,0.461,0.762,0.6,0.726,0.418,0.61,0.66,0.597,0.614,-0.088,0.504,0.65,0.024,0.653,0.423,0.671,0.577,0.646,0.689,0.441,0.787,-0.149,0.379,0.675,0.068,0.389,0.607,0.056,0.476,0.579,0.491,0.41,-0.451,0.737,0.671,0.66,-0.34,0.632,0.672,0.547,0.09,-0.08,0.599,0.527,0.6,0.445,0.781,0.658,0.389,0.673,0.633,0.522,0.634,0.605,0.487,0.055,0.87,0.624,0.436,-0.078,0.565,0.509,0.671,0.188,0.187,0.443,0.267,0.612,0.763,0.412,0.496,0.591,0.273,0.562,0.662,0.537,0.626,0.663,0.361,0.398
ADMA,0.317,-0.134,-0.114,0.21,0.21,1.0,0.47,0.515,-0.263,0.234,-0.158,-0.232,-0.36,-0.14,0.408,0.296,0.15,-0.083,0.258,0.541,-0.398,0.241,0.019,-0.333,0.62,0.053,-0.04,0.334,0.443,-0.212,-0.424,-0.364,0.123,0.274,0.48,0.325,0.249,0.279,0.154,0.323,-0.415,0.245,0.523,0.096,0.066,0.046,0.296,0.471,0.16,-0.118,-0.167,0.105,0.367,0.115,0.232,-0.53,0.109,0.082,-0.415,0.239,-0.488,-0.461,0.143,-0.355,0.289,0.338,-0.084,0.471,0.022,0.167,0.263,0.471,-0.34,-0.021,0.309,-0.097,0.408,0.059,0.096,0.063,0.196,0.26,0.516,-0.512,0.451,0.474,-0.207,0.106,0.326,-0.125,-0.482,-0.066,0.345,-0.193,0.283,0.217,-0.259,-0.081,-0.028,0.319,-0.451,0.31,0.279,0.024,0.196,0.21,0.448,-0.126,0.443,-0.013,-0.275,-0.384,0.472,-0.107,0.361,0.335,0.097,0.293,0.147,-0.533,-0.101,0.167,-0.178,0.097,-0.158,-0.047,0.396,0.096,0.317,0.418,-0.0,0.297,-0.176,0.341,-0.061,0.318,-0.106,0.153,0.324,-0.149,0.227,-0.457,-0.065,0.326,-0.433,-0.188,-0.134,0.538,0.612,0.163,-0.017,-0.241,-0.179,0.483,0.151,0.568,-0.188,0.1,-0.01,0.019,0.461,0.243,0.11,0.392,0.461,0.445,0.235,0.324,-0.274,0.156,0.339,-0.255,0.588,0.153,-0.159,0.082,0.272,0.484,-0.197,-0.412,-0.034,0.483,0.028,0.237,-0.358,0.514,0.495,0.128,0.174,-0.213,-0.191,0.23,0.626,-0.01,0.431,0.387,0.067,0.529,-0.218,0.164
AEP,0.413,-0.022,-0.143,0.026,0.233,0.47,1.0,0.288,-0.25,0.241,0.035,-0.353,-0.241,-0.256,0.222,0.317,0.195,-0.381,0.459,0.304,-0.471,0.337,-0.267,-0.409,0.398,-0.055,-0.214,0.324,0.49,0.003,-0.404,-0.366,0.032,0.187,0.318,0.183,0.374,0.391,0.327,0.409,-0.057,0.17,0.449,-0.003,0.14,-0.081,0.416,0.419,0.152,-0.065,-0.176,0.374,0.569,-0.12,-0.017,-0.542,0.232,0.182,-0.334,0.391,-0.471,-0.217,0.438,-0.237,0.137,0.277,0.16,0.616,-0.041,0.187,0.227,0.443,-0.342,-0.045,0.264,-0.124,0.416,0.172,0.132,0.153,0.293,0.252,0.627,-0.275,0.577,0.493,-0.075,0.237,0.131,-0.415,-0.415,-0.426,0.348,-0.023,0.186,0.332,-0.167,0.094,0.155,0.292,-0.299,0.563,0.325,-0.058,0.529,-0.02,0.579,0.022,0.423,0.146,-0.297,-0.466,0.281,-0.057,0.542,0.301,0.335,0.066,0.342,-0.541,-0.268,0.005,-0.326,-0.011,-0.133,-0.076,0.398,0.132,0.137,0.134,-0.152,0.271,-0.368,0.197,-0.196,0.213,-0.171,0.133,0.646,-0.206,0.181,-0.029,0.092,0.286,-0.357,-0.137,0.14,0.653,0.627,0.032,0.344,-0.217,-0.227,0.367,0.138,0.349,0.101,0.143,0.174,0.033,0.566,0.401,0.016,0.419,0.214,0.591,0.104,0.21,-0.186,0.131,0.249,-0.054,0.396,0.426,-0.159,-0.094,0.371,0.425,-0.144,-0.205,-0.184,0.519,0.118,0.428,-0.49,0.746,0.597,0.328,0.234,0.091,-0.253,0.159,0.839,0.133,0.666,0.179,0.133,0.485,-0.284,0.138
AGNC,0.503,0.5,0.469,0.761,0.711,0.515,0.288,1.0,0.285,0.578,0.557,0.237,-0.481,0.452,0.629,0.63,0.685,0.463,0.481,0.569,-0.337,0.744,0.091,0.111,0.334,0.638,0.639,0.797,0.546,-0.101,0.108,-0.512,0.553,0.8,0.857,0.099,0.216,0.721,0.007,0.338,-0.56,0.76,0.663,0.603,0.621,0.531,0.727,0.165,0.634,0.365,0.354,0.569,0.57,0.645,0.662,-0.125,0.418,0.659,0.222,0.606,-0.293,-0.059,0.577,-0.471,0.764,0.767,0.496,0.724,0.703,0.54,0.682,0.614,0.225,0.537,-0.051,0.481,0.564,-0.472,0.659,0.625,0.657,0.636,0.634,-0.408,0.707,0.743,0.381,0.458,0.845,0.461,-0.343,0.424,0.647,0.48,0.744,0.667,-0.236,0.566,0.431,0.772,0.136,0.472,0.712,0.461,0.115,0.68,0.068,0.217,0.574,0.545,-0.176,0.093,0.822,0.426,0.44,0.63,0.365,0.164,0.641,-0.233,0.422,0.602,0.5,0.604,0.343,0.566,0.72,0.681,0.688,-0.04,0.572,0.626,0.077,0.731,0.429,0.777,0.489,0.631,0.68,0.426,0.651,-0.184,0.296,0.79,0.04,0.372,0.295,0.195,0.653,0.651,0.421,0.348,-0.494,0.755,0.634,0.766,-0.593,0.64,0.558,0.539,0.222,-0.065,0.602,0.587,0.576,0.515,0.767,0.766,0.285,0.668,0.642,0.425,0.793,0.588,0.379,0.146,0.687,0.617,0.267,-0.053,0.454,0.514,0.533,0.214,-0.075,0.43,0.545,0.491,0.663,0.331,0.453,0.592,0.382,0.501,0.636,0.61,0.577,0.758,0.361,0.467
AKBA,-0.084,0.64,0.478,0.516,0.296,-0.263,-0.25,0.285,1.0,0.231,0.578,0.514,0.027,0.492,0.123,0.358,0.508,0.637,0.181,-0.133,0.271,0.433,0.396,0.627,-0.31,0.288,0.473,0.332,0.166,0.164,0.702,-0.104,0.333,0.476,0.114,-0.348,0.042,0.089,-0.199,0.095,-0.071,0.336,-0.035,0.527,0.409,0.4,0.147,-0.283,0.325,0.512,0.529,0.366,0.053,0.513,0.228,0.594,0.43,0.551,0.591,0.241,0.443,0.747,0.251,0.231,0.235,0.311,0.598,-0.031,0.388,0.416,0.3,0.075,0.583,0.401,-0.194,0.377,0.001,-0.45,0.524,0.544,0.275,0.147,-0.153,0.195,0.01,-0.082,0.544,0.335,0.37,0.494,0.119,0.472,0.036,0.452,0.38,0.219,0.018,0.528,0.2,0.123,0.569,0.062,0.289,0.497,-0.247,0.342,-0.388,0.173,0.069,0.543,-0.159,0.382,0.251,0.649,-0.06,0.393,0.204,0.404,0.432,0.31,0.635,0.222,0.51,0.42,0.462,0.452,0.01,0.438,0.241,-0.367,0.574,0.21,0.36,0.363,0.521,0.408,0.5,0.29,0.129,0.502,0.247,0.237,0.356,0.196,0.683,0.62,0.468,-0.385,0.012,0.472,0.386,0.479,-0.02,0.144,0.433,-0.018,-0.294,0.471,0.444,0.585,-0.412,-0.39,0.451,0.006,0.092,-0.012,0.312,0.113,0.915,0.276,0.178,0.502,-0.032,0.396,0.698,0.49,0.295,-0.183,0.464,0.696,0.719,-0.209,0.34,0.025,0.211,-0.214,-0.144,0.318,0.312,0.665,0.367,0.132,-0.305,0.357,0.085,-0.022,0.48,-0.012,0.578,0.42
ALT,0.478,0.553,0.589,0.619,0.622,0.234,0.241,0.578,0.231,1.0,0.586,0.18,-0.537,0.448,0.099,0.685,0.736,0.304,0.586,0.594,-0.462,0.643,0.227,0.235,-0.272,0.539,0.546,0.65,0.556,0.08,0.226,-0.686,0.813,0.77,0.66,-0.368,0.057,0.689,-0.279,0.029,-0.427,0.698,0.618,0.596,0.74,0.347,0.712,-0.283,0.776,0.509,0.599,0.73,0.67,0.67,0.44,-0.08,0.436,0.627,0.306,0.603,-0.141,0.092,0.62,-0.344,0.681,0.45,0.623,0.588,0.41,0.472,0.683,0.415,0.361,0.808,-0.307,0.443,0.447,-0.592,0.681,0.671,0.748,0.643,0.39,-0.263,0.602,0.487,0.469,0.683,0.684,0.257,-0.433,0.269,0.735,0.636,0.64,0.55,-0.314,0.569,0.358,0.557,0.296,0.455,0.72,0.69,-0.015,0.71,-0.005,0.105,0.63,0.692,-0.514,0.165,0.793,0.209,0.261,0.42,0.134,-0.022,0.684,-0.222,0.495,0.641,0.581,0.617,0.576,0.647,0.602,0.749,0.146,-0.212,0.633,0.409,0.178,0.627,0.485,0.625,0.675,0.679,0.627,0.657,0.815,-0.274,0.163,0.639,0.196,0.492,0.184,0.249,0.281,0.702,0.353,0.593,-0.683,0.622,0.66,0.56,-0.639,0.535,0.728,0.703,-0.039,-0.259,0.499,0.639,0.5,0.369,0.575,0.417,0.357,0.741,0.776,0.425,0.587,0.678,0.379,-0.076,0.488,0.599,0.517,0.041,0.558,0.396,0.713,-0.081,0.134,0.212,0.316,0.638,0.517,0.42,0.37,0.426,0.196,0.823,0.597,0.053,0.65,0.568,0.39,0.503
AMAT,0.217,0.847,0.703,0.73,0.742,-0.158,0.035,0.557,0.578,0.586,1.0,0.611,-0.213,0.784,0.226,0.607,0.634,0.648,0.443,0.221,-0.024,0.713,0.355,0.53,-0.348,0.637,0.724,0.647,0.278,0.111,0.591,-0.363,0.608,0.659,0.463,-0.292,0.019,0.631,-0.24,0.233,-0.213,0.722,0.309,0.679,0.814,0.553,0.612,-0.271,0.656,0.652,0.663,0.709,0.373,0.7,0.552,0.358,0.475,0.778,0.636,0.661,0.209,0.39,0.706,-0.052,0.582,0.494,0.761,0.325,0.674,0.686,0.569,0.317,0.611,0.749,-0.242,0.631,0.355,-0.569,0.773,0.805,0.688,0.473,0.176,0.023,0.431,0.336,0.67,0.576,0.746,0.53,-0.075,0.483,0.443,0.848,0.63,0.554,-0.092,0.903,0.425,0.563,0.604,0.208,0.613,0.645,-0.061,0.631,-0.33,0.302,0.298,0.819,-0.187,0.442,0.551,0.691,0.322,0.489,0.351,0.027,0.784,0.225,0.662,0.602,0.703,0.609,0.628,0.77,0.384,0.767,0.387,-0.413,0.697,0.474,0.402,0.517,0.635,0.559,0.709,0.617,0.537,0.613,0.617,0.194,0.389,0.599,0.517,0.672,0.692,-0.272,0.194,0.657,0.564,0.736,-0.365,0.447,0.725,0.301,-0.372,0.67,0.835,0.648,-0.269,-0.431,0.655,0.318,0.299,0.163,0.699,0.481,0.674,0.607,0.446,0.706,0.326,0.656,0.723,0.178,0.693,0.257,0.608,0.274,0.63,0.167,0.701,0.019,0.341,0.153,0.099,0.516,0.645,0.661,0.588,0.426,-0.023,0.627,0.478,0.199,0.675,0.342,0.715,0.543
AMD,-0.092,0.611,0.479,0.572,0.308,-0.232,-0.353,0.237,0.514,0.18,0.611,1.0,0.109,0.736,0.087,0.378,0.279,0.703,0.01,-0.066,0.43,0.33,0.466,0.657,-0.296,0.374,0.55,0.217,-0.033,0.1,0.583,0.002,0.327,0.295,0.111,-0.17,0.016,0.247,-0.238,0.098,-0.086,0.292,-0.121,0.555,0.509,0.487,0.169,-0.337,0.316,0.363,0.567,0.284,-0.064,0.535,0.397,0.616,0.427,0.392,0.577,0.222,0.425,0.351,0.284,0.259,0.269,0.294,0.411,-0.084,0.464,0.573,0.212,-0.013,0.589,0.402,-0.102,0.476,0.075,-0.357,0.476,0.426,0.349,0.062,-0.203,-0.011,0.004,0.009,0.322,0.315,0.403,0.605,0.215,0.749,0.118,0.532,0.35,0.171,0.008,0.516,0.097,0.201,0.406,-0.24,0.27,0.385,-0.159,0.388,-0.408,0.136,-0.077,0.378,0.093,0.656,0.204,0.741,-0.129,0.173,0.254,0.197,0.386,0.639,0.533,0.319,0.566,0.323,0.525,0.649,0.037,0.466,0.201,-0.249,0.594,0.168,0.657,0.224,0.509,0.254,0.469,0.275,0.003,0.445,0.248,0.286,0.347,0.251,0.499,0.473,0.443,-0.512,-0.124,0.306,0.102,0.469,-0.024,0.075,0.38,-0.042,-0.277,0.322,0.428,0.463,-0.403,-0.35,0.397,-0.103,-0.014,-0.129,0.355,0.192,0.492,0.308,0.059,0.45,-0.061,0.274,0.636,0.308,0.247,-0.052,0.466,0.372,0.592,-0.102,0.395,-0.097,0.575,-0.173,-0.197,0.149,0.264,0.301,0.557,0.233,-0.325,0.302,-0.052,0.065,0.32,-0.086,0.702,0.361
AMGN,-0.534,-0.246,-0.26,-0.264,-0.427,-0.36,-0.241,-0.481,0.027,-0.537,-0.213,0.109,1.0,-0.204,-0.252,-0.418,-0.535,-0.001,-0.497,-0.605,0.676,-0.373,0.055,-0.021,-0.172,-0.338,-0.172,-0.49,-0.454,0.033,-0.0,0.622,-0.504,-0.466,-0.541,-0.025,-0.138,-0.571,0.057,0.131,0.809,-0.42,-0.554,-0.215,-0.264,-0.17,-0.555,-0.041,-0.521,-0.176,-0.217,-0.321,-0.503,-0.223,-0.331,0.324,-0.194,-0.274,-0.042,-0.426,0.427,0.364,-0.432,0.58,-0.479,-0.527,-0.03,-0.471,-0.223,-0.259,-0.607,-0.518,-0.024,-0.346,0.383,-0.126,-0.472,0.522,-0.275,-0.275,-0.524,-0.549,-0.445,0.289,-0.483,-0.493,-0.339,-0.382,-0.399,-0.061,0.779,-0.08,-0.601,-0.167,-0.323,-0.305,0.289,-0.256,-0.42,-0.451,-0.062,-0.51,-0.454,-0.445,0.237,-0.508,-0.046,0.116,-0.556,-0.34,0.329,0.307,-0.512,0.119,-0.345,-0.46,-0.052,-0.133,-0.432,0.457,-0.234,-0.553,-0.171,-0.422,-0.24,-0.234,-0.603,-0.375,-0.192,-0.063,-0.165,-0.468,0.138,-0.638,-0.348,-0.609,-0.33,-0.499,-0.451,-0.193,-0.541,0.697,0.009,-0.47,0.091,-0.201,0.089,-0.205,-0.383,-0.477,-0.17,-0.274,0.426,-0.524,-0.555,-0.519,0.508,-0.527,-0.374,-0.446,0.055,0.191,-0.335,-0.583,-0.59,-0.357,-0.447,-0.278,-0.07,-0.51,-0.626,-0.041,-0.539,-0.268,-0.138,0.12,-0.309,-0.532,-0.181,0.276,-0.321,-0.494,-0.356,-0.081,0.095,-0.313,-0.515,-0.342,-0.468,-0.125,-0.279,-0.374,-0.374,-0.486,-0.62,-0.248,-0.483,-0.558,0.031,-0.021
AMZN,0.17,0.807,0.681,0.693,0.6,-0.14,-0.256,0.452,0.492,0.448,0.784,0.736,-0.204,1.0,0.154,0.562,0.513,0.683,0.381,0.212,0.078,0.573,0.495,0.557,-0.373,0.648,0.719,0.463,0.222,0.015,0.566,-0.369,0.561,0.52,0.347,-0.126,0.038,0.504,-0.287,0.017,-0.314,0.577,0.206,0.633,0.636,0.606,0.511,-0.428,0.571,0.496,0.588,0.476,0.215,0.66,0.586,0.399,0.449,0.603,0.683,0.481,0.245,0.309,0.432,-0.082,0.575,0.464,0.533,0.11,0.569,0.595,0.455,0.21,0.606,0.631,-0.28,0.616,0.337,-0.492,0.708,0.71,0.552,0.425,0.002,-0.048,0.241,0.204,0.563,0.454,0.649,0.533,-0.049,0.639,0.35,0.691,0.532,0.472,0.037,0.785,0.318,0.434,0.477,0.024,0.472,0.555,-0.12,0.687,-0.475,0.224,0.235,0.579,-0.032,0.59,0.494,0.648,0.042,0.394,0.212,0.089,0.589,0.431,0.642,0.599,0.721,0.571,0.615,0.728,0.38,0.586,0.262,-0.315,0.662,0.318,0.446,0.542,0.59,0.523,0.684,0.544,0.255,0.58,0.54,0.047,0.264,0.469,0.491,0.621,0.464,-0.423,-0.035,0.564,0.273,0.626,-0.294,0.361,0.634,0.157,-0.537,0.609,0.624,0.592,-0.447,-0.548,0.516,0.184,0.279,-0.036,0.676,0.421,0.539,0.522,0.368,0.603,0.172,0.41,0.795,0.204,0.533,0.156,0.521,0.244,0.661,0.129,0.699,-0.167,0.5,-0.124,-0.09,0.361,0.615,0.397,0.661,0.372,-0.196,0.506,0.17,0.102,0.512,0.257,0.796,0.452
APA,0.549,0.262,-0.014,0.443,0.49,0.408,0.222,0.629,0.123,0.099,0.226,0.087,-0.252,0.154,1.0,0.393,0.419,0.352,0.278,0.25,0.027,0.549,-0.052,0.023,0.625,0.285,0.193,0.519,0.439,0.04,-0.085,-0.117,0.093,0.472,0.529,0.479,0.554,0.37,0.335,0.492,-0.452,0.428,0.415,0.188,0.176,0.337,0.486,0.52,0.203,0.154,-0.05,0.081,0.209,0.158,0.198,-0.153,0.105,0.267,-0.021,0.334,-0.109,-0.21,0.325,-0.039,0.448,0.753,0.191,0.532,0.568,0.395,0.328,0.554,-0.054,0.039,0.044,0.065,0.426,-0.022,0.435,0.412,0.201,0.481,0.629,-0.246,0.521,0.535,0.036,0.126,0.527,0.37,-0.227,0.237,0.416,0.024,0.345,0.448,-0.091,0.294,0.458,0.56,-0.122,0.47,0.409,0.206,0.212,0.343,0.363,0.3,0.421,0.18,0.182,-0.151,0.403,0.344,0.588,0.307,0.464,0.192,0.221,-0.27,0.169,0.206,0.059,0.362,-0.074,0.092,0.539,0.293,0.812,0.296,0.11,0.589,-0.153,0.487,0.188,0.511,0.036,0.298,0.409,-0.038,0.185,-0.107,0.505,0.483,-0.182,0.036,0.283,0.116,0.678,0.29,0.4,-0.109,-0.005,0.508,0.346,0.691,-0.063,0.503,0.093,0.082,0.387,0.347,0.402,0.276,0.484,0.447,0.532,0.575,0.117,0.243,0.337,0.096,0.639,0.161,0.257,0.249,0.603,0.559,0.018,-0.277,0.17,0.563,0.119,0.467,-0.244,0.599,0.464,0.216,0.578,0.186,0.302,0.533,0.368,0.116,0.392,0.872,0.3,0.622,-0.034,0.076
APPS,0.645,0.726,0.428,0.669,0.598,0.296,0.317,0.63,0.358,0.685,0.607,0.378,-0.418,0.562,0.393,1.0,0.773,0.424,0.772,0.391,-0.207,0.835,0.165,0.383,-0.06,0.414,0.461,0.784,0.675,0.212,0.288,-0.54,0.616,0.81,0.578,-0.144,0.387,0.613,-0.025,0.238,-0.467,0.644,0.466,0.658,0.715,0.398,0.784,-0.095,0.665,0.592,0.553,0.704,0.669,0.601,0.343,0.043,0.516,0.734,0.345,0.651,-0.022,0.142,0.712,-0.181,0.604,0.659,0.689,0.617,0.582,0.559,0.725,0.522,0.434,0.577,-0.136,0.342,0.515,-0.303,0.788,0.755,0.722,0.737,0.584,-0.194,0.632,0.507,0.478,0.761,0.666,0.328,-0.416,0.339,0.721,0.454,0.714,0.636,-0.17,0.725,0.563,0.565,0.223,0.568,0.807,0.692,0.222,0.562,0.106,0.235,0.615,0.649,-0.283,0.115,0.745,0.421,0.33,0.53,0.491,0.108,0.676,-0.181,0.564,0.454,0.414,0.606,0.51,0.521,0.73,0.775,0.374,-0.112,0.59,0.591,0.131,0.725,0.608,0.76,0.502,0.726,0.655,0.439,0.621,-0.153,0.406,0.71,0.264,0.555,0.344,0.26,0.443,0.717,0.584,0.409,-0.431,0.556,0.722,0.598,-0.545,0.712,0.611,0.668,0.056,-0.156,0.642,0.481,0.451,0.536,0.723,0.524,0.414,0.682,0.623,0.423,0.563,0.721,0.653,0.162,0.626,0.563,0.524,0.061,0.582,0.562,0.716,0.251,0.102,0.389,0.4,0.658,0.751,0.522,0.386,0.534,0.274,0.683,0.61,0.294,0.677,0.658,0.516,0.576
ARCC,0.615,0.72,0.558,0.709,0.643,0.15,0.195,0.685,0.508,0.736,0.634,0.279,-0.535,0.513,0.419,0.773,1.0,0.46,0.682,0.403,-0.339,0.815,0.183,0.387,-0.126,0.536,0.537,0.743,0.611,0.117,0.456,-0.605,0.646,0.853,0.65,-0.184,0.245,0.681,-0.076,0.188,-0.567,0.689,0.552,0.624,0.657,0.448,0.763,-0.107,0.659,0.56,0.52,0.678,0.61,0.634,0.424,0.076,0.539,0.731,0.491,0.616,-0.055,0.263,0.634,-0.185,0.678,0.706,0.729,0.619,0.615,0.605,0.795,0.551,0.447,0.615,-0.321,0.438,0.463,-0.561,0.767,0.775,0.678,0.73,0.513,-0.231,0.619,0.51,0.65,0.635,0.704,0.45,-0.406,0.394,0.688,0.53,0.685,0.694,-0.203,0.679,0.632,0.623,0.325,0.674,0.713,0.69,0.007,0.671,0.008,0.233,0.612,0.669,-0.337,0.11,0.717,0.441,0.359,0.659,0.358,0.178,0.675,-0.183,0.568,0.57,0.515,0.744,0.496,0.554,0.663,0.755,0.425,-0.13,0.601,0.56,0.116,0.786,0.638,0.825,0.633,0.75,0.655,0.528,0.641,-0.218,0.382,0.648,0.369,0.629,0.338,0.105,0.433,0.746,0.612,0.477,-0.46,0.624,0.764,0.558,-0.615,0.821,0.628,0.699,-0.078,-0.191,0.612,0.57,0.529,0.429,0.7,0.515,0.611,0.694,0.693,0.487,0.568,0.645,0.604,0.212,0.629,0.543,0.461,0.111,0.671,0.426,0.667,0.172,0.012,0.304,0.437,0.661,0.695,0.679,0.523,0.53,0.258,0.797,0.591,0.314,0.748,0.62,0.441,0.473
ARDX,-0.008,0.699,0.595,0.727,0.547,-0.083,-0.381,0.463,0.637,0.304,0.648,0.703,-0.001,0.683,0.352,0.424,0.46,1.0,0.199,0.107,0.306,0.512,0.425,0.727,-0.218,0.589,0.72,0.494,0.131,0.131,0.63,-0.101,0.521,0.555,0.342,-0.18,0.092,0.3,-0.196,0.199,-0.199,0.548,0.054,0.627,0.552,0.553,0.341,-0.234,0.463,0.581,0.602,0.334,0.066,0.689,0.511,0.631,0.356,0.624,0.636,0.389,0.464,0.401,0.378,0.191,0.428,0.419,0.539,0.058,0.694,0.575,0.351,0.185,0.621,0.549,-0.126,0.503,0.189,-0.396,0.617,0.61,0.341,0.274,-0.033,0.023,0.104,0.087,0.48,0.322,0.667,0.747,0.191,0.668,0.203,0.553,0.535,0.321,0.001,0.57,0.286,0.368,0.467,0.0,0.414,0.634,-0.163,0.562,-0.387,0.248,0.129,0.566,0.011,0.605,0.451,0.668,0.059,0.349,0.193,0.2,0.42,0.264,0.777,0.499,0.696,0.575,0.556,0.593,0.235,0.528,0.495,-0.192,0.689,0.365,0.423,0.392,0.655,0.473,0.563,0.462,0.142,0.569,0.426,0.187,0.406,0.423,0.505,0.575,0.478,-0.446,0.097,0.592,0.312,0.505,-0.092,0.28,0.507,0.289,-0.367,0.444,0.465,0.53,-0.304,-0.311,0.644,0.062,0.229,-0.034,0.6,0.4,0.626,0.405,0.276,0.617,0.214,0.326,0.696,0.377,0.432,0.084,0.591,0.268,0.728,-0.026,0.502,-0.001,0.476,-0.151,-0.168,0.3,0.458,0.444,0.546,0.312,-0.318,0.367,0.06,0.326,0.508,0.144,0.7,0.471
ATER,0.68,0.605,0.367,0.41,0.517,0.258,0.459,0.481,0.181,0.586,0.443,0.01,-0.497,0.381,0.278,0.772,0.682,0.199,1.0,0.362,-0.467,0.694,-0.037,0.195,-0.051,0.357,0.256,0.677,0.693,0.181,0.1,-0.691,0.538,0.616,0.525,-0.035,0.43,0.596,0.019,0.193,-0.441,0.508,0.515,0.367,0.517,0.237,0.754,0.022,0.59,0.414,0.344,0.618,0.69,0.308,0.234,-0.142,0.341,0.619,0.179,0.664,-0.212,0.033,0.64,-0.228,0.478,0.568,0.522,0.608,0.342,0.426,0.648,0.581,0.155,0.401,-0.231,0.225,0.529,-0.164,0.588,0.619,0.611,0.746,0.591,-0.149,0.643,0.467,0.408,0.632,0.499,0.02,-0.503,0.003,0.649,0.305,0.534,0.64,0.015,0.619,0.504,0.511,0.125,0.688,0.644,0.568,0.264,0.421,0.161,0.182,0.621,0.531,-0.346,-0.107,0.589,0.167,0.442,0.533,0.375,0.135,0.586,-0.382,0.414,0.418,0.195,0.427,0.391,0.266,0.75,0.542,0.229,0.069,0.274,0.565,-0.126,0.626,0.427,0.65,0.327,0.612,0.719,0.237,0.524,-0.226,0.258,0.579,0.083,0.349,0.193,0.347,0.453,0.604,0.579,0.256,-0.416,0.508,0.64,0.534,-0.464,0.618,0.504,0.534,0.106,-0.108,0.449,0.54,0.396,0.529,0.586,0.418,0.246,0.537,0.592,0.322,0.527,0.625,0.497,0.036,0.563,0.532,0.378,-0.073,0.402,0.609,0.685,0.249,-0.092,0.439,0.478,0.593,0.748,0.487,0.203,0.409,0.401,0.55,0.658,0.191,0.586,0.675,0.285,0.339
ATOS,0.413,0.149,0.309,0.338,0.621,0.541,0.304,0.569,-0.133,0.594,0.221,-0.066,-0.605,0.212,0.25,0.391,0.403,0.107,0.362,1.0,-0.621,0.384,0.071,-0.039,0.164,0.466,0.293,0.454,0.338,-0.101,-0.171,-0.685,0.546,0.42,0.611,0.119,0.069,0.643,-0.099,0.035,-0.545,0.522,0.628,0.229,0.329,0.195,0.591,-0.005,0.564,0.089,0.147,0.325,0.537,0.327,0.377,-0.445,0.244,0.233,-0.031,0.456,-0.442,-0.344,0.367,-0.627,0.58,0.428,0.053,0.518,0.167,0.29,0.466,0.442,-0.048,0.534,-0.078,0.197,0.507,-0.356,0.345,0.362,0.487,0.423,0.463,-0.576,0.562,0.565,0.084,0.356,0.612,0.056,-0.563,0.139,0.58,0.268,0.353,0.39,-0.409,0.224,0.191,0.518,-0.158,0.359,0.452,0.292,-0.037,0.671,0.113,-0.087,0.553,0.315,-0.415,-0.093,0.629,-0.083,0.289,0.392,0.016,0.09,0.419,-0.486,0.151,0.635,0.303,0.494,0.203,0.303,0.549,0.301,0.175,0.045,0.241,0.331,0.001,0.62,0.179,0.581,0.295,0.447,0.439,0.208,0.669,-0.536,-0.147,0.499,-0.25,0.064,-0.033,0.273,0.398,0.385,0.033,0.235,-0.583,0.581,0.479,0.595,-0.484,0.334,0.412,0.395,0.145,-0.034,0.222,0.593,0.577,0.317,0.455,0.334,-0.039,0.517,0.569,0.018,0.573,0.329,0.01,-0.21,0.402,0.583,0.129,-0.387,0.327,0.537,0.438,-0.067,0.142,0.326,0.418,0.333,0.381,0.002,0.163,0.32,0.428,0.393,0.525,0.257,0.33,0.648,-0.021,0.12
AUPH,-0.406,0.025,-0.265,-0.022,-0.271,-0.398,-0.471,-0.337,0.271,-0.462,-0.024,0.43,0.676,0.078,0.027,-0.207,-0.339,0.306,-0.467,-0.621,1.0,-0.181,0.203,0.256,-0.104,-0.269,-0.048,-0.35,-0.309,0.123,0.158,0.731,-0.419,-0.238,-0.407,-0.038,0.056,-0.551,0.096,0.163,0.493,-0.351,-0.578,-0.044,-0.206,0.037,-0.385,-0.073,-0.473,-0.007,-0.073,-0.355,-0.506,-0.071,-0.257,0.529,-0.108,-0.134,0.082,-0.417,0.522,0.274,-0.326,0.666,-0.392,-0.239,-0.04,-0.542,0.052,-0.063,-0.562,-0.511,0.106,-0.274,0.234,-0.071,-0.431,0.343,-0.016,-0.085,-0.477,-0.481,-0.429,0.325,-0.555,-0.514,-0.231,-0.304,-0.229,0.304,0.663,0.292,-0.546,-0.128,-0.183,-0.382,0.237,-0.026,-0.323,-0.407,0.065,-0.51,-0.268,-0.218,0.017,-0.286,-0.188,0.143,-0.434,-0.169,0.589,0.296,-0.353,0.369,-0.302,-0.435,0.102,0.017,-0.352,0.595,0.011,-0.448,0.013,-0.195,-0.143,-0.074,-0.477,-0.213,0.084,0.048,0.037,-0.281,0.185,-0.464,-0.144,-0.43,-0.173,-0.445,-0.495,-0.038,-0.477,0.558,0.264,-0.308,0.16,-0.087,0.271,-0.37,-0.315,-0.313,-0.181,-0.181,0.488,-0.389,-0.422,-0.386,0.43,-0.289,-0.327,-0.297,-0.186,0.102,-0.115,-0.585,-0.434,-0.36,-0.213,-0.158,0.169,-0.309,-0.468,-0.046,-0.494,-0.282,0.162,0.245,-0.172,-0.497,-0.055,0.313,-0.027,-0.46,-0.353,-0.034,0.237,-0.326,-0.566,-0.257,-0.215,-0.096,-0.051,-0.179,-0.507,-0.393,-0.602,0.031,-0.351,-0.465,0.18,0.004
AVGO,0.613,0.756,0.478,0.77,0.76,0.241,0.337,0.744,0.433,0.643,0.713,0.33,-0.373,0.573,0.549,0.835,0.815,0.512,0.694,0.384,-0.181,1.0,0.18,0.297,0.014,0.562,0.54,0.81,0.66,0.114,0.29,-0.525,0.568,0.871,0.66,0.019,0.4,0.694,0.09,0.422,-0.474,0.732,0.56,0.65,0.694,0.454,0.855,0.053,0.641,0.524,0.438,0.673,0.638,0.612,0.477,0.037,0.555,0.784,0.382,0.739,-0.034,0.199,0.707,-0.203,0.717,0.765,0.766,0.697,0.699,0.633,0.691,0.648,0.361,0.566,-0.062,0.446,0.587,-0.32,0.874,0.884,0.695,0.731,0.595,-0.188,0.731,0.647,0.508,0.657,0.804,0.384,-0.322,0.318,0.685,0.526,0.739,0.787,-0.181,0.786,0.582,0.726,0.239,0.594,0.815,0.627,0.298,0.639,0.111,0.357,0.655,0.686,-0.179,0.153,0.783,0.546,0.489,0.6,0.565,0.081,0.686,-0.193,0.507,0.536,0.473,0.659,0.427,0.565,0.722,0.739,0.621,-0.087,0.583,0.69,0.004,0.714,0.505,0.763,0.522,0.692,0.741,0.451,0.619,-0.104,0.484,0.717,0.199,0.506,0.557,0.196,0.566,0.721,0.672,0.357,-0.419,0.681,0.72,0.676,-0.416,0.745,0.615,0.632,0.125,-0.067,0.684,0.53,0.497,0.572,0.798,0.692,0.52,0.653,0.632,0.507,0.678,0.727,0.621,0.226,0.855,0.607,0.443,0.037,0.538,0.57,0.689,0.377,-0.013,0.485,0.405,0.687,0.838,0.607,0.445,0.621,0.348,0.636,0.66,0.503,0.689,0.721,0.497,0.581
AZN,-0.297,0.379,0.321,0.477,0.261,0.019,-0.267,0.091,0.396,0.227,0.355,0.466,0.055,0.495,-0.052,0.165,0.183,0.425,-0.037,0.071,0.203,0.18,1.0,0.354,-0.332,0.236,0.374,0.113,-0.139,0.106,0.438,-0.048,0.296,0.283,0.093,-0.36,-0.224,0.058,-0.233,0.107,0.011,0.402,0.06,0.482,0.29,0.302,0.03,-0.403,0.236,0.256,0.382,0.215,0.055,0.561,0.251,0.363,0.425,0.294,0.439,0.191,0.36,0.332,0.05,0.204,0.246,-0.039,0.31,-0.17,0.193,0.372,0.022,-0.133,0.379,0.386,0.087,0.308,0.089,-0.311,0.313,0.297,0.149,-0.059,-0.306,0.026,-0.141,-0.188,0.279,0.276,0.328,0.32,0.074,0.378,-0.115,0.323,0.371,0.034,-0.166,0.282,-0.097,-0.061,0.227,-0.178,0.151,0.258,-0.138,0.464,-0.38,0.052,0.061,0.305,-0.193,0.433,0.29,0.407,-0.112,0.126,-0.007,0.135,0.218,0.373,0.361,0.271,0.424,0.395,0.309,0.468,-0.079,0.235,0.056,-0.218,0.517,-0.066,0.321,0.184,0.271,0.134,0.492,0.146,-0.143,0.404,0.321,0.047,0.102,0.162,0.389,0.371,0.345,-0.314,-0.123,0.228,0.036,0.317,-0.093,0.275,0.194,-0.145,-0.176,0.233,0.247,0.325,-0.358,-0.427,0.246,-0.026,0.296,-0.187,0.275,-0.005,0.48,0.151,0.166,0.267,-0.114,0.191,0.396,0.305,0.168,-0.143,0.358,0.263,0.455,-0.211,0.276,-0.144,0.306,-0.315,-0.389,0.248,0.048,0.185,0.163,-0.04,-0.188,0.23,-0.144,-0.084,0.152,-0.128,0.472,0.444
BCRX,-0.073,0.69,0.499,0.437,0.254,-0.333,-0.409,0.111,0.627,0.235,0.53,0.657,-0.021,0.557,0.023,0.383,0.387,0.727,0.195,-0.039,0.256,0.297,0.354,1.0,-0.471,0.294,0.481,0.373,-0.042,0.337,0.764,-0.059,0.498,0.362,0.069,-0.355,-0.049,0.138,-0.292,-0.131,-0.119,0.305,-0.108,0.501,0.521,0.363,0.134,-0.437,0.43,0.623,0.737,0.355,0.042,0.539,0.159,0.696,0.353,0.448,0.629,0.363,0.626,0.487,0.44,0.237,0.244,0.207,0.469,-0.108,0.473,0.402,0.313,0.015,0.696,0.452,-0.339,0.398,0.135,-0.426,0.451,0.48,0.3,0.237,-0.212,0.199,-0.061,-0.112,0.527,0.352,0.334,0.677,0.104,0.597,0.141,0.473,0.306,0.173,-0.064,0.509,0.238,0.13,0.625,-0.066,0.257,0.7,-0.315,0.319,-0.506,0.111,-0.027,0.58,-0.137,0.577,0.223,0.491,-0.172,0.228,0.074,0.138,0.405,0.288,0.85,0.285,0.533,0.423,0.682,0.483,0.073,0.501,0.059,-0.422,0.608,0.204,0.54,0.331,0.694,0.356,0.473,0.409,0.002,0.521,0.31,0.205,0.272,0.288,0.658,0.587,0.295,-0.492,-0.127,0.57,0.269,0.609,-0.053,-0.013,0.472,0.018,-0.335,0.399,0.486,0.602,-0.536,-0.461,0.581,-0.052,0.086,-0.209,0.348,0.052,0.626,0.315,0.153,0.466,-0.085,0.251,0.686,0.308,0.119,-0.127,0.762,0.411,0.708,-0.167,0.462,-0.154,0.596,-0.325,-0.266,0.286,0.237,0.51,0.484,0.124,-0.499,0.43,-0.043,-0.06,0.564,-0.137,0.643,0.339
BGC,0.272,-0.383,-0.441,-0.107,-0.003,0.62,0.398,0.334,-0.31,-0.272,-0.348,-0.296,-0.172,-0.373,0.625,-0.06,-0.126,-0.218,-0.051,0.164,-0.104,0.014,-0.332,-0.471,1.0,-0.109,-0.314,0.066,0.202,-0.214,-0.569,0.02,-0.326,-0.061,0.19,0.65,0.415,0.06,0.393,0.306,-0.214,-0.057,0.207,-0.277,-0.285,0.032,0.045,0.721,-0.231,-0.363,-0.524,-0.319,-0.022,-0.31,-0.015,-0.459,-0.155,-0.246,-0.497,-0.108,-0.43,-0.516,-0.072,-0.139,0.051,0.356,-0.353,0.344,0.029,-0.065,-0.021,0.336,-0.521,-0.429,0.291,-0.291,0.169,0.288,-0.18,-0.218,-0.16,0.074,0.474,-0.319,0.249,0.396,-0.399,-0.276,0.026,-0.177,-0.214,-0.205,0.094,-0.428,-0.07,0.041,-0.007,-0.289,0.037,0.206,-0.47,0.248,-0.024,-0.319,0.258,-0.131,0.541,0.071,0.115,-0.35,0.211,-0.483,0.005,-0.101,0.382,0.042,0.218,0.216,-0.182,-0.322,-0.369,-0.165,-0.441,-0.209,-0.478,-0.36,0.214,-0.222,0.463,0.441,-0.405,0.277,-0.319,0.089,-0.276,0.075,-0.444,-0.137,0.143,-0.493,-0.191,-0.165,0.091,0.103,-0.577,-0.442,-0.127,0.339,0.584,-0.227,-0.038,-0.49,0.162,0.216,-0.127,0.369,0.169,-0.01,-0.36,-0.347,0.612,0.579,-0.081,0.056,0.228,0.361,0.006,0.262,-0.429,-0.165,-0.024,-0.348,0.402,-0.202,-0.339,0.014,0.139,0.311,-0.514,-0.408,-0.318,0.464,-0.385,0.454,-0.486,0.569,0.566,-0.222,0.067,-0.301,-0.172,0.248,0.537,-0.363,0.213,0.591,-0.204,0.381,-0.514,-0.269
BIDU,0.324,0.509,0.819,0.618,0.73,0.053,-0.055,0.638,0.288,0.539,0.637,0.374,-0.338,0.648,0.285,0.414,0.536,0.589,0.357,0.466,-0.269,0.562,0.236,0.294,-0.109,1.0,0.791,0.552,0.243,0.013,0.306,-0.566,0.717,0.583,0.6,0.028,0.074,0.697,-0.237,0.15,-0.402,0.729,0.495,0.453,0.599,0.657,0.592,-0.229,0.717,0.419,0.463,0.511,0.396,0.612,0.848,0.103,0.301,0.541,0.605,0.585,-0.024,0.124,0.507,-0.34,0.793,0.554,0.476,0.417,0.65,0.594,0.596,0.43,0.43,0.695,-0.334,0.759,0.512,-0.653,0.554,0.578,0.637,0.532,0.223,-0.257,0.48,0.542,0.441,0.414,0.731,0.389,-0.012,0.421,0.553,0.753,0.618,0.693,-0.198,0.525,0.402,0.713,0.321,0.2,0.56,0.546,0.024,0.749,-0.229,0.314,0.352,0.559,-0.002,0.526,0.59,0.367,0.284,0.483,0.15,0.032,0.587,0.06,0.522,0.818,0.796,0.574,0.594,0.733,0.529,0.538,0.413,-0.248,0.52,0.418,0.311,0.592,0.527,0.606,0.701,0.667,0.452,0.627,0.744,-0.069,0.186,0.63,0.203,0.442,0.322,-0.213,0.183,0.581,0.237,0.545,-0.478,0.611,0.64,0.46,-0.617,0.507,0.615,0.59,-0.035,-0.305,0.566,0.451,0.43,0.19,0.647,0.696,0.33,0.677,0.565,0.678,0.54,0.465,0.426,-0.045,0.586,0.503,0.419,-0.002,0.498,0.286,0.695,-0.05,0.334,0.107,0.214,0.397,0.538,0.306,0.667,0.543,0.013,0.517,0.392,0.318,0.508,0.43,0.428,0.307
BILI,0.112,0.653,0.832,0.738,0.613,-0.04,-0.214,0.639,0.473,0.546,0.724,0.55,-0.172,0.719,0.193,0.461,0.537,0.72,0.256,0.293,-0.048,0.54,0.374,0.481,-0.314,0.791,1.0,0.616,0.15,0.089,0.522,-0.323,0.704,0.676,0.584,-0.307,-0.178,0.558,-0.411,0.035,-0.241,0.682,0.31,0.712,0.736,0.538,0.5,-0.444,0.675,0.501,0.707,0.617,0.332,0.817,0.74,0.327,0.403,0.725,0.65,0.475,0.136,0.337,0.492,-0.262,0.674,0.456,0.602,0.253,0.704,0.549,0.53,0.177,0.604,0.755,-0.307,0.737,0.338,-0.651,0.586,0.579,0.64,0.4,0.077,-0.12,0.285,0.324,0.52,0.468,0.719,0.658,0.103,0.662,0.386,0.796,0.677,0.541,-0.101,0.615,0.256,0.54,0.48,0.038,0.552,0.579,-0.168,0.672,-0.488,0.128,0.193,0.665,-0.095,0.646,0.64,0.458,-0.029,0.387,0.026,0.055,0.643,0.195,0.675,0.717,0.899,0.591,0.693,0.805,0.431,0.705,0.321,-0.411,0.802,0.243,0.452,0.562,0.589,0.614,0.736,0.625,0.33,0.775,0.655,0.102,0.162,0.657,0.441,0.601,0.322,-0.288,0.083,0.649,0.279,0.667,-0.524,0.425,0.585,0.346,-0.649,0.47,0.689,0.687,-0.273,-0.532,0.606,0.298,0.283,0.013,0.653,0.536,0.536,0.68,0.446,0.737,0.377,0.547,0.579,0.065,0.446,0.246,0.636,0.242,0.616,-0.018,0.721,-0.267,0.435,-0.158,-0.037,0.4,0.432,0.358,0.698,0.299,-0.229,0.598,0.216,0.183,0.512,0.263,0.738,0.559
BKR,0.553,0.682,0.522,0.753,0.694,0.334,0.324,0.797,0.332,0.65,0.647,0.217,-0.49,0.463,0.519,0.784,0.743,0.494,0.677,0.454,-0.35,0.81,0.113,0.373,0.066,0.552,0.616,1.0,0.508,0.165,0.296,-0.49,0.654,0.882,0.734,-0.166,0.236,0.667,-0.027,0.24,-0.466,0.785,0.539,0.743,0.776,0.383,0.77,0.015,0.712,0.623,0.572,0.738,0.703,0.698,0.5,-0.006,0.53,0.827,0.313,0.773,-0.023,0.133,0.816,-0.346,0.69,0.731,0.681,0.671,0.782,0.536,0.789,0.557,0.426,0.627,-0.113,0.439,0.582,-0.404,0.717,0.708,0.754,0.749,0.607,-0.136,0.656,0.568,0.575,0.662,0.79,0.48,-0.354,0.304,0.679,0.534,0.763,0.694,-0.191,0.7,0.586,0.654,0.363,0.558,0.823,0.72,0.175,0.583,-0.027,0.281,0.528,0.791,-0.294,0.149,0.829,0.371,0.413,0.57,0.362,0.048,0.735,-0.34,0.637,0.57,0.503,0.647,0.499,0.545,0.747,0.854,0.541,-0.214,0.672,0.614,0.055,0.786,0.609,0.827,0.53,0.794,0.711,0.505,0.666,-0.078,0.35,0.888,0.252,0.576,0.342,0.203,0.629,0.834,0.65,0.506,-0.472,0.654,0.761,0.701,-0.551,0.756,0.655,0.647,0.092,-0.225,0.837,0.538,0.522,0.494,0.862,0.649,0.415,0.698,0.628,0.597,0.698,0.729,0.545,0.153,0.692,0.571,0.574,-0.022,0.497,0.441,0.678,0.212,-0.005,0.379,0.401,0.667,0.692,0.545,0.436,0.537,0.259,0.652,0.665,0.451,0.763,0.689,0.512,0.643
BLDP,0.683,0.384,0.139,0.413,0.47,0.443,0.49,0.546,0.166,0.556,0.278,-0.033,-0.454,0.222,0.439,0.675,0.611,0.131,0.693,0.338,-0.309,0.66,-0.139,-0.042,0.202,0.243,0.15,0.508,1.0,0.126,-0.047,-0.506,0.38,0.569,0.524,0.129,0.601,0.446,0.261,0.355,-0.46,0.404,0.551,0.271,0.299,0.277,0.688,0.287,0.428,0.271,0.106,0.469,0.597,0.22,0.196,-0.221,0.244,0.436,0.001,0.465,-0.255,-0.07,0.433,-0.191,0.45,0.567,0.421,0.659,0.243,0.351,0.501,0.675,-0.015,0.235,-0.021,0.034,0.459,-0.127,0.599,0.566,0.462,0.635,0.696,-0.217,0.66,0.542,0.213,0.464,0.475,-0.014,-0.448,0.05,0.674,0.141,0.43,0.495,-0.082,0.449,0.383,0.508,-0.084,0.713,0.66,0.417,0.323,0.405,0.477,0.239,0.713,0.334,-0.21,-0.281,0.621,0.232,0.508,0.531,0.517,0.194,0.419,-0.388,0.18,0.249,0.094,0.428,0.135,0.182,0.654,0.404,0.412,0.242,0.209,0.628,-0.27,0.478,0.187,0.481,0.166,0.395,0.698,0.137,0.424,-0.291,0.438,0.378,-0.102,0.179,0.228,0.511,0.57,0.452,0.424,0.009,-0.251,0.544,0.471,0.66,-0.317,0.446,0.317,0.351,0.324,0.255,0.272,0.503,0.434,0.709,0.443,0.512,0.153,0.477,0.59,0.113,0.623,0.509,0.369,0.234,0.567,0.637,0.114,-0.004,0.299,0.636,0.412,0.414,-0.362,0.573,0.536,0.534,0.713,0.301,0.112,0.503,0.507,0.428,0.642,0.343,0.44,0.712,0.055,0.294
BLNK,0.051,0.269,0.106,0.088,0.079,-0.212,0.003,-0.101,0.164,0.08,0.111,0.1,0.033,0.015,0.04,0.212,0.117,0.131,0.181,-0.101,0.123,0.114,0.106,0.337,-0.214,0.013,0.089,0.165,0.126,1.0,0.226,0.059,0.238,0.139,0.02,-0.213,0.253,-0.049,0.083,0.089,0.068,0.09,-0.049,0.143,0.153,-0.008,0.052,-0.122,0.266,0.246,0.395,0.264,0.155,0.094,-0.154,0.165,0.067,0.154,0.191,0.215,0.404,0.147,0.215,0.242,0.005,0.036,0.208,0.056,0.137,0.194,0.012,0.008,0.182,0.085,-0.105,0.019,0.198,-0.021,0.178,0.176,0.084,0.125,0.059,0.203,0.044,-0.081,0.06,0.179,0.001,0.109,0.108,0.076,0.021,0.126,0.158,0.087,-0.019,0.146,0.137,-0.036,0.065,0.076,0.145,0.238,0.052,0.002,0.071,0.106,0.068,0.244,0.013,0.101,0.063,0.12,0.013,0.009,0.151,-0.009,0.116,-0.056,0.235,-0.035,0.107,0.111,0.333,0.077,0.118,0.157,-0.029,-0.126,0.164,0.093,0.137,0.042,0.187,0.076,0.089,0.128,0.12,0.184,0.122,0.151,0.326,0.106,0.222,0.142,0.134,-0.002,-0.014,0.128,0.177,0.064,0.022,-0.015,0.04,0.072,-0.003,0.092,0.169,0.313,-0.034,-0.002,0.151,-0.023,-0.027,0.062,0.04,-0.006,0.177,0.107,0.049,0.133,-0.039,0.145,0.251,0.146,0.046,-0.01,0.469,0.187,0.171,-0.021,0.274,0.06,0.155,0.022,-0.142,0.237,0.087,0.181,0.147,0.012,-0.172,0.212,-0.028,0.014,0.185,-0.057,0.104,0.13
BYND,-0.212,0.667,0.564,0.494,0.199,-0.424,-0.404,0.108,0.702,0.226,0.591,0.583,-0.0,0.566,-0.085,0.288,0.456,0.63,0.1,-0.171,0.158,0.29,0.438,0.764,-0.569,0.306,0.522,0.296,-0.047,0.226,1.0,-0.008,0.396,0.368,-0.039,-0.511,-0.231,0.083,-0.325,-0.127,-0.07,0.338,-0.181,0.586,0.488,0.326,0.073,-0.417,0.345,0.607,0.681,0.38,-0.045,0.588,0.289,0.706,0.394,0.508,0.84,0.285,0.641,0.714,0.291,0.261,0.147,0.091,0.595,-0.152,0.443,0.377,0.392,-0.014,0.801,0.469,-0.285,0.388,-0.054,-0.53,0.378,0.422,0.312,0.135,-0.281,0.376,-0.146,-0.203,0.795,0.316,0.313,0.567,0.16,0.481,0.054,0.517,0.343,0.164,0.041,0.508,0.341,0.039,0.753,0.008,0.206,0.593,-0.332,0.292,-0.508,0.11,-0.093,0.53,-0.18,0.541,0.169,0.54,-0.207,0.384,0.05,0.063,0.38,0.395,0.696,0.292,0.548,0.493,0.584,0.481,-0.048,0.484,0.067,-0.555,0.631,0.106,0.483,0.272,0.687,0.305,0.572,0.432,-0.004,0.53,0.238,0.221,0.267,0.158,0.886,0.789,0.396,-0.581,-0.172,0.549,0.361,0.682,0.038,-0.046,0.498,-0.161,-0.327,0.474,0.472,0.536,-0.594,-0.541,0.51,-0.097,0.015,-0.227,0.371,0.006,0.776,0.229,0.061,0.579,-0.152,0.254,0.664,0.487,0.126,-0.245,0.63,0.57,0.594,-0.348,0.41,-0.126,0.434,-0.412,-0.243,0.225,0.183,0.665,0.503,0.074,-0.393,0.489,-0.054,-0.161,0.55,-0.21,0.688,0.434
