,AAL,AAPL,ABUS,ADBE,ADI,ADMA,AEP,AGNC,AKBA,ALT,AMAT,AMD,AMGN,AMZN,APA,APPS,ARCC,ARDX,ATER,ATOS,AUPH,AVGO,AZN,BCRX,BGC,BIDU,BILI,BKR,BLDP,BLNK,BYND,CAN,CELH,CG,CGC,CHRD,CLNE,CMCSA,COMM,COST,CPB,CPRT,CRON,CRWD,CSCO,CSGP,CSX,CTSH,CZR,DBX,DDOG,DKNG,DLTR,DOCU,DVAX,DXCM,EA,EBAY,ENPH,ERIC,ESPR,ETSY,EXC,EXEL,EXPE,FANG,FAST,FITB,FLEX,FOLD,FOXA,FSLR,FTNT,FUTU,GEN,GERN,GEVO,GILD,GOOG,GOOGL,GPRO,GT,HBAN,HIVE,HON,HST,HUT,IBRX,INTC,IOVA,IQ,IRWD,JBLU,JD,KDP,KHC,LBTYK,LRCX,LYFT,MAR,MARA,MAT,MCHP,MCRB,MDLZ,META,MGNI,MLCO,MNKD,MNST,MOMO,MRNA,MRVL,MSFT,MSTR,MTCH,MU,MVIS,NDAQ,NFLX,NKTR,NNDM,NTES,NTNX,NVAX,NVDA,NWL,NWSA,NXPI,OCGN,OKTA,ON,OPK,PAA,PACB,PAGP,PANW,PARA,PCAR,PDD,PENN,PEP,PLUG,PTEN,PTON,PYPL,QCOM,QUBT,QVCGA,RDFN,REAL,RIOT,ROKU,ROST,RUN,SABR,SAVA,SBUX,SFIX,SGMO,SIRI,SLM,SMCI,SNDL,SONO,STNE,STX,TCOM,TGTX,TIGR,TLRY,TMUS,TRIP,TSCO,TSLA,TTD,TXN,UAL,UNIT,VERU,VKTX,VLY,VOD,VTRS,VXRT,WBA,WBD,WDAY,WDC,WEN,WW,WYNN,XEL,XP,XRAY,XRX,Z,ZION,ZM,ZS
AAL,1.0,-0.149,-0.056,0.09,0.332,0.27,-0.14,0.105,-0.18,-0.037,0.687,0.13,0.462,-0.393,0.735,-0.234,0.447,0.063,-0.145,-0.333,0.127,0.072,0.209,0.605,0.527,-0.059,0.336,0.826,-0.206,-0.2,0.144,-0.46,-0.086,0.093,0.1,0.694,-0.275,0.335,0.595,0.013,-0.475,-0.058,0.094,0.086,0.375,-0.4,0.2,0.082,0.373,0.1,0.071,-0.099,-0.083,0.196,-0.546,0.367,0.168,-0.199,-0.189,0.041,0.137,-0.056,-0.045,-0.046,0.052,0.64,0.16,0.566,-0.221,-0.142,0.003,-0.332,-0.091,0.297,0.131,-0.048,-0.319,0.128,0.06,0.034,0.672,0.333,0.338,-0.18,0.65,0.351,-0.349,-0.107,0.336,0.409,0.045,0.337,0.253,-0.348,-0.164,0.314,0.326,0.769,0.478,0.481,-0.346,-0.041,0.628,-0.265,-0.093,-0.056,-0.278,0.575,-0.12,0.212,-0.002,0.361,-0.465,-0.257,-0.464,0.071,0.687,-0.234,-0.162,0.088,-0.111,-0.144,-0.158,0.074,-0.208,-0.04,-0.234,0.237,0.272,-0.26,-0.006,0.366,0.241,0.631,0.03,0.696,-0.131,0.011,-0.233,0.401,-0.065,0.216,-0.114,0.615,-0.215,-0.197,0.355,-0.235,-0.298,-0.097,-0.128,-0.144,0.084,-0.014,-0.378,0.401,0.423,0.481,0.189,-0.083,0.213,0.132,0.513,-0.348,-0.239,-0.128,0.603,0.279,0.009,-0.312,-0.228,-0.283,0.45,-0.24,0.247,0.131,0.243,0.627,0.177,0.076,0.002,0.416,0.697,0.479,0.178,0.719,0.31,-0.266,0.66,0.155,0.147,0.515,-0.395,-0.318,0.671,0.38,0.138,0.375,-0.073,0.3
AAPL,-0.149,1.0,0.002,0.682,0.583,0.225,-0.435,0.506,-0.262,-0.307,-0.187,0.061,-0.177,0.66,-0.017,0.782,-0.239,0.498,0.803,-0.408,-0.423,0.775,-0.548,0.217,-0.254,0.734,0.533,-0.036,0.81,0.785,-0.35,0.295,0.778,0.771,-0.571,0.128,0.738,-0.086,0.319,-0.475,0.048,0.83,-0.697,0.745,0.629,0.7,-0.196,0.723,0.576,0.619,0.573,0.265,-0.101,0.391,0.198,0.599,0.666,0.363,0.869,-0.358,-0.289,0.73,0.612,0.653,0.154,0.244,0.63,0.378,0.841,0.507,-0.432,0.862,0.855,-0.557,0.756,-0.583,0.733,-0.584,-0.289,-0.279,0.322,-0.31,-0.382,0.69,0.035,-0.326,0.809,0.641,-0.375,0.441,-0.664,-0.187,-0.486,-0.11,0.776,0.699,0.41,-0.2,0.488,-0.222,0.804,0.749,-0.255,-0.171,0.03,-0.275,0.765,-0.086,0.574,0.715,-0.237,-0.636,0.608,0.854,0.561,0.685,0.087,0.828,0.554,0.563,0.775,0.62,0.625,0.709,-0.129,-0.279,0.059,-0.224,-0.125,0.667,0.721,0.579,-0.524,-0.024,0.736,0.009,0.848,0.062,0.046,0.118,0.738,0.472,0.804,0.289,0.871,0.783,-0.285,0.643,0.441,0.735,0.8,0.837,0.654,0.846,0.841,-0.064,-0.155,0.401,0.483,0.682,-0.371,0.611,0.405,-0.416,0.684,0.786,0.226,-0.564,0.619,0.757,0.183,0.282,-0.427,0.706,0.672,0.08,-0.149,-0.595,0.737,0.498,-0.101,0.462,-0.107,0.492,-0.472,-0.36,0.098,0.797,0.185,0.545,-0.49,0.564,-0.17,0.467,-0.193,0.311,0.645,0.343,-0.481,0.58
ABUS,-0.056,0.002,1.0,-0.014,0.095,0.011,0.226,-0.312,0.608,0.349,0.236,0.744,0.32,0.132,0.222,0.173,-0.186,0.499,-0.251,-0.076,0.041,0.032,-0.071,0.234,0.275,0.266,0.084,-0.061,-0.254,-0.206,0.334,0.119,-0.124,0.004,-0.132,-0.026,-0.266,0.166,0.103,-0.05,-0.249,0.237,-0.013,-0.156,0.107,-0.121,-0.238,0.123,0.164,0.325,0.345,0.354,0.289,0.092,0.137,0.197,0.277,0.532,0.222,-0.13,0.15,0.256,0.505,0.436,-0.423,-0.024,0.145,-0.359,0.123,0.399,-0.194,-0.052,-0.037,0.008,0.027,0.136,-0.202,0.144,-0.15,-0.179,0.121,0.21,-0.209,0.142,0.202,-0.216,-0.151,-0.166,0.165,0.089,-0.004,0.367,-0.29,-0.332,-0.1,0.036,0.296,0.017,0.024,-0.14,0.023,0.317,0.169,0.185,-0.248,-0.029,-0.308,-0.321,0.41,0.09,-0.157,0.109,0.207,-0.018,-0.247,0.208,0.168,-0.0,-0.033,0.413,0.277,-0.326,-0.133,0.131,0.398,0.331,-0.387,-0.282,-0.043,-0.303,0.171,-0.006,0.015,-0.091,-0.285,-0.099,-0.025,-0.295,0.146,-0.318,0.202,-0.166,-0.044,0.28,0.009,0.182,-0.243,0.165,0.051,0.248,0.091,-0.18,0.072,-0.208,-0.003,-0.4,0.436,0.096,0.182,-0.063,-0.171,0.238,-0.218,-0.079,0.129,0.134,0.333,0.278,0.307,-0.138,0.155,-0.374,-0.209,0.278,0.093,0.377,0.003,-0.109,0.026,0.508,0.736,0.383,0.094,0.004,0.427,-0.043,-0.18,0.005,0.333,0.493,0.005,0.043,0.137,0.015,-0.05,0.251,0.377,-0.445,0.308,-0.099
ADBE,0.09,0.682,-0.014,1.0,0.71,0.262,-0.401,0.426,-0.087,-0.14,-0.01,0.122,-0.17,0.51,0.113,0.728,0.105,0.488,0.565,-0.312,-0.533,0.914,-0.461,0.327,-0.132,0.584,0.655,0.104,0.619,0.545,-0.126,0.268,0.637,0.742,-0.402,0.352,0.525,-0.035,0.409,-0.469,0.105,0.717,-0.527,0.757,0.678,0.64,-0.049,0.768,0.713,0.621,0.716,0.367,0.166,0.648,0.175,0.693,0.654,0.387,0.631,-0.252,-0.229,0.652,0.493,0.482,0.086,0.184,0.508,0.387,0.785,0.687,-0.418,0.624,0.816,-0.436,0.781,-0.521,0.433,-0.535,-0.262,-0.257,0.435,-0.233,-0.249,0.58,0.059,-0.174,0.583,0.496,-0.395,0.454,-0.67,0.037,-0.358,-0.005,0.728,0.715,0.523,0.044,0.572,-0.04,0.612,0.658,-0.068,-0.144,0.212,-0.279,0.574,0.269,0.502,0.632,0.034,-0.496,0.612,0.82,0.404,0.656,0.287,0.596,0.577,0.704,0.735,0.577,0.787,0.666,-0.12,-0.029,0.153,-0.262,0.077,0.396,0.761,0.639,-0.323,0.258,0.496,0.261,0.729,0.097,0.027,0.186,0.749,0.513,0.616,0.382,0.683,0.758,0.024,0.521,0.383,0.628,0.658,0.584,0.6,0.768,0.631,0.223,-0.013,0.362,0.483,0.595,-0.257,0.555,0.498,-0.388,0.702,0.724,0.353,-0.331,0.571,0.55,0.233,0.293,-0.342,0.671,0.762,0.135,0.228,-0.385,0.726,0.471,-0.044,0.375,0.018,0.622,-0.353,-0.09,-0.067,0.794,0.295,0.482,-0.462,0.627,-0.169,0.616,-0.087,0.204,0.636,0.476,-0.273,0.687
ADI,0.332,0.583,0.095,0.71,1.0,0.303,-0.328,0.492,-0.095,-0.091,0.387,0.295,0.127,0.275,0.401,0.535,0.171,0.48,0.436,-0.345,-0.213,0.77,-0.316,0.517,0.269,0.447,0.594,0.421,0.533,0.4,-0.143,0.029,0.517,0.617,-0.25,0.484,0.4,0.22,0.608,-0.323,-0.16,0.587,-0.363,0.573,0.711,0.413,0.15,0.79,0.794,0.557,0.599,0.211,-0.026,0.521,0.033,0.677,0.604,0.225,0.54,-0.125,-0.089,0.544,0.473,0.501,0.103,0.505,0.594,0.551,0.592,0.55,-0.29,0.429,0.62,-0.334,0.639,-0.36,0.26,-0.313,-0.125,-0.126,0.605,0.119,-0.136,0.394,0.476,0.011,0.343,0.334,-0.12,0.543,-0.43,0.265,-0.259,-0.224,0.549,0.745,0.62,0.422,0.615,0.146,0.373,0.539,0.327,-0.099,0.138,-0.221,0.391,0.291,0.345,0.688,-0.145,-0.221,0.325,0.557,0.197,0.604,0.626,0.44,0.404,0.572,0.606,0.297,0.456,0.589,-0.086,0.009,0.012,0.001,0.311,0.326,0.559,0.742,-0.194,0.426,0.49,0.458,0.567,0.106,0.039,0.209,0.595,0.519,0.565,0.569,0.501,0.528,0.229,0.285,0.2,0.491,0.471,0.473,0.528,0.62,0.444,0.163,0.203,0.486,0.471,0.413,-0.036,0.526,0.645,-0.476,0.415,0.59,0.55,-0.221,0.453,0.357,0.022,0.192,-0.103,0.469,0.735,0.192,0.344,-0.166,0.711,0.407,0.079,0.625,0.345,0.724,-0.144,0.121,0.165,0.539,0.584,0.563,-0.221,0.659,-0.238,0.286,0.268,0.517,0.555,0.493,-0.264,0.539
ADMA,0.27,0.225,0.011,0.262,0.303,1.0,-0.431,0.112,-0.094,0.114,0.081,-0.065,-0.102,-0.154,0.422,0.358,-0.269,0.299,0.306,-0.524,-0.32,0.382,-0.33,0.462,-0.043,0.385,0.581,0.407,0.357,0.355,0.242,-0.076,0.275,0.504,-0.381,0.349,0.257,-0.345,0.357,-0.414,-0.274,0.29,-0.434,0.44,0.373,-0.013,-0.369,0.268,0.355,0.481,0.418,0.514,-0.257,0.237,-0.102,0.316,0.505,0.053,0.323,-0.411,-0.114,0.548,0.153,0.279,-0.145,0.37,0.495,0.418,0.288,0.304,-0.581,0.169,0.397,0.037,0.428,-0.307,0.106,-0.332,-0.527,-0.533,0.359,-0.215,-0.221,0.33,0.241,-0.386,0.228,0.477,-0.345,0.517,-0.403,0.377,-0.448,-0.365,0.155,0.469,0.061,0.073,0.489,-0.295,0.222,0.465,-0.069,-0.143,-0.49,-0.507,0.216,-0.146,0.237,0.291,0.013,-0.127,0.058,0.21,-0.144,0.451,0.134,0.327,0.001,0.298,0.274,0.232,0.191,0.588,-0.246,-0.29,-0.292,-0.326,-0.276,0.075,0.417,0.592,-0.075,0.046,0.39,0.141,0.429,-0.435,-0.224,0.096,0.523,-0.039,0.559,0.52,0.358,0.327,-0.18,0.408,-0.142,0.45,0.358,0.109,0.594,0.191,0.255,-0.245,0.433,0.348,0.736,0.433,-0.21,0.443,0.085,-0.484,0.214,0.394,0.476,-0.244,0.461,0.184,-0.227,-0.243,-0.381,0.347,0.37,0.439,-0.267,-0.259,0.322,0.403,0.166,0.312,0.067,0.282,-0.076,-0.113,-0.253,0.291,0.339,0.377,-0.339,0.312,-0.528,0.035,0.095,-0.1,0.572,0.064,-0.12,0.382
AEP,-0.14,-0.435,0.226,-0.401,-0.328,-0.431,1.0,-0.203,0.61,0.215,0.301,0.335,0.53,-0.013,-0.163,-0.441,0.268,-0.339,-0.664,0.519,0.437,-0.426,0.554,-0.37,0.458,-0.499,-0.586,-0.11,-0.469,-0.631,0.279,0.107,-0.599,-0.535,0.451,-0.309,-0.6,0.547,-0.376,0.711,0.34,-0.401,0.629,-0.579,-0.266,-0.217,0.452,-0.304,-0.26,-0.576,-0.346,-0.111,0.564,-0.409,0.126,-0.516,-0.444,0.128,-0.521,0.565,0.471,-0.446,-0.016,-0.268,0.173,-0.299,-0.292,-0.386,-0.365,-0.188,0.592,-0.432,-0.483,0.455,-0.487,0.793,-0.608,0.818,0.693,0.681,-0.355,0.618,0.329,-0.498,0.059,0.522,-0.536,-0.677,0.671,-0.505,0.567,0.075,0.373,0.115,-0.379,-0.459,-0.024,0.201,-0.59,0.438,-0.524,-0.335,0.36,0.519,0.397,0.699,-0.553,-0.003,-0.154,-0.333,0.236,0.458,-0.037,-0.338,-0.153,-0.358,-0.05,-0.589,-0.038,-0.279,-0.292,-0.577,-0.232,-0.474,0.238,0.604,0.219,0.387,0.405,-0.571,-0.414,-0.588,0.488,-0.111,-0.683,-0.269,-0.496,0.2,0.615,-0.242,-0.453,-0.066,-0.597,-0.318,-0.513,-0.428,0.294,-0.415,-0.038,-0.517,-0.59,-0.605,-0.632,-0.387,-0.316,0.14,0.235,-0.347,-0.562,-0.659,0.595,-0.379,-0.26,0.505,-0.391,-0.424,-0.128,0.518,-0.553,-0.538,0.093,0.161,0.482,-0.303,-0.353,-0.185,0.394,0.425,-0.447,-0.49,0.296,-0.067,0.173,-0.409,0.58,0.218,0.011,-0.394,-0.063,-0.196,0.673,-0.465,0.84,-0.18,0.298,0.155,-0.458,-0.309,0.49,-0.653
AGNC,0.105,0.506,-0.312,0.426,0.492,0.112,-0.203,1.0,-0.253,-0.258,0.068,-0.226,-0.02,0.268,0.014,0.317,0.229,0.052,0.448,-0.086,-0.038,0.452,0.027,-0.03,0.062,0.216,0.175,0.224,0.587,0.397,-0.255,0.056,0.403,0.394,0.08,0.251,0.495,0.199,0.202,-0.132,0.111,0.377,-0.158,0.389,0.364,0.438,0.335,0.475,0.477,0.174,0.202,-0.042,-0.059,0.149,0.172,0.242,0.186,-0.037,0.364,0.17,0.063,0.224,0.188,0.192,0.52,0.365,0.368,0.597,0.427,0.098,-0.011,0.448,0.442,-0.306,0.355,-0.137,0.376,-0.168,0.193,0.188,0.172,0.191,0.247,0.156,0.251,0.262,0.346,0.318,-0.01,0.248,-0.213,-0.219,0.141,0.215,0.554,0.505,0.288,0.148,0.245,0.35,0.306,0.269,0.075,0.019,0.284,-0.006,0.517,0.406,0.058,0.405,0.058,-0.193,0.137,0.433,0.432,0.252,0.167,0.278,0.278,0.087,0.275,0.414,0.38,0.277,-0.085,-0.189,0.38,0.278,0.269,0.533,0.233,0.348,-0.187,0.37,0.568,0.314,0.398,0.56,0.21,0.299,0.337,0.506,0.419,0.125,0.372,0.346,0.328,0.093,0.265,0.227,0.255,0.462,0.218,0.602,0.461,0.393,-0.135,0.184,0.047,0.245,0.101,0.169,0.654,-0.181,0.244,0.308,0.042,-0.295,0.066,0.345,0.146,0.512,0.11,0.164,0.397,-0.109,0.208,-0.082,0.505,0.018,-0.266,0.333,0.32,0.503,-0.255,0.015,0.264,0.363,0.066,0.157,0.063,0.443,-0.085,0.187,0.217,0.395,0.183,0.64,-0.352,0.308
AKBA,-0.18,-0.262,0.608,-0.087,-0.095,-0.094,0.61,-0.253,1.0,0.534,0.266,0.536,0.227,0.085,-0.048,-0.06,0.094,0.12,-0.46,0.411,0.267,-0.168,0.21,-0.167,0.352,-0.247,-0.248,-0.176,-0.285,-0.41,0.514,0.201,-0.38,-0.301,0.249,-0.254,-0.417,0.25,-0.189,0.356,0.296,-0.135,0.363,-0.274,-0.209,-0.016,0.14,-0.109,-0.017,-0.148,0.126,0.262,0.417,-0.048,0.437,-0.182,-0.164,0.289,-0.183,0.257,0.405,-0.057,0.06,0.088,-0.129,-0.282,-0.12,-0.443,-0.014,0.354,0.177,-0.198,-0.178,0.264,-0.214,0.619,-0.456,0.538,0.342,0.333,-0.196,0.429,0.103,-0.27,0.06,0.174,-0.34,-0.314,0.364,-0.232,0.283,0.354,0.064,0.011,-0.225,-0.28,0.053,0.108,-0.377,0.178,-0.279,-0.1,0.29,0.69,0.136,0.383,-0.348,-0.198,0.079,-0.297,0.122,0.361,0.18,-0.106,-0.096,-0.057,-0.019,-0.304,-0.05,0.069,0.034,-0.302,-0.086,-0.116,0.492,0.728,0.14,0.022,0.355,-0.474,-0.018,-0.354,0.418,-0.01,-0.441,-0.155,-0.205,-0.131,0.356,-0.37,-0.1,-0.277,-0.308,-0.104,-0.191,-0.041,0.062,-0.097,0.061,-0.181,-0.319,-0.463,-0.258,-0.335,-0.063,-0.11,0.374,-0.233,-0.233,-0.286,0.264,-0.086,-0.327,0.348,-0.052,-0.067,0.084,0.413,-0.166,-0.272,0.087,0.045,0.096,0.047,-0.076,0.279,0.331,0.16,-0.25,-0.069,0.725,-0.006,-0.038,-0.283,0.707,0.054,-0.304,-0.076,0.043,0.017,0.436,-0.361,0.529,-0.025,0.033,0.074,-0.038,-0.37,0.63,-0.362
ALT,-0.037,-0.307,0.349,-0.14,-0.091,0.114,0.215,-0.258,0.534,1.0,0.182,0.264,0.012,-0.181,0.018,0.024,0.015,0.018,-0.322,0.119,0.08,-0.199,0.102,-0.025,0.156,-0.235,-0.091,-0.003,-0.218,-0.262,0.427,0.227,-0.106,-0.307,0.28,0.041,-0.257,-0.144,-0.125,0.077,-0.012,-0.188,0.328,-0.209,-0.175,-0.091,0.084,-0.164,-0.096,-0.097,0.106,0.145,0.087,0.072,0.257,-0.174,-0.218,0.069,-0.114,0.077,0.146,-0.04,-0.118,-0.153,-0.464,-0.221,-0.052,-0.3,-0.175,0.159,-0.001,-0.128,-0.209,0.338,-0.131,0.306,-0.394,0.26,-0.022,-0.013,0.015,0.168,-0.053,-0.135,0.06,-0.098,-0.226,-0.086,0.056,-0.073,0.137,0.487,0.02,-0.069,-0.376,-0.258,-0.192,0.073,-0.184,-0.115,-0.172,-0.152,0.198,0.53,-0.167,0.055,-0.291,-0.189,-0.097,-0.3,0.372,0.572,-0.023,-0.201,-0.277,-0.028,0.076,-0.167,-0.087,0.09,-0.066,-0.128,-0.094,-0.119,0.368,0.405,-0.088,-0.08,0.076,-0.374,-0.048,-0.14,0.423,-0.066,-0.213,-0.114,-0.212,-0.276,-0.019,-0.223,-0.125,-0.338,-0.16,-0.119,-0.19,-0.006,0.014,-0.039,-0.095,-0.138,-0.268,-0.328,-0.14,-0.376,-0.141,-0.176,0.261,-0.296,-0.105,-0.297,0.135,-0.084,-0.245,0.255,-0.067,-0.074,0.093,0.447,-0.172,-0.132,-0.067,-0.134,-0.003,0.052,-0.15,0.412,0.193,0.093,-0.257,-0.085,0.422,-0.174,-0.141,-0.202,0.636,0.086,-0.408,-0.052,0.119,-0.005,0.07,-0.277,0.171,-0.149,-0.013,-0.211,-0.066,-0.27,0.706,-0.154
AMAT,0.687,-0.187,0.236,-0.01,0.387,0.081,0.301,0.068,0.266,0.182,1.0,0.443,0.71,-0.264,0.639,-0.178,0.477,0.126,-0.338,-0.066,0.43,0.033,0.392,0.426,0.833,-0.116,0.104,0.755,-0.314,-0.366,0.249,-0.404,-0.219,-0.071,0.215,0.598,-0.433,0.619,0.498,0.187,-0.373,-0.125,0.263,-0.112,0.334,-0.378,0.318,0.141,0.388,-0.052,0.157,-0.082,0.207,0.078,-0.259,0.167,0.096,0.013,-0.198,0.231,0.537,-0.047,0.065,0.065,0.062,0.525,0.131,0.376,-0.163,0.033,0.164,-0.384,-0.142,0.293,0.038,0.335,-0.512,0.513,0.411,0.384,0.529,0.638,0.465,-0.243,0.8,0.535,-0.432,-0.313,0.653,0.323,0.342,0.533,0.237,-0.363,-0.214,0.222,0.469,0.919,0.245,0.587,-0.389,-0.042,0.899,0.115,0.078,0.212,-0.406,0.342,-0.026,0.143,0.001,0.508,-0.357,-0.21,-0.396,0.138,0.755,-0.355,-0.21,0.097,0.025,-0.385,-0.192,0.053,-0.035,0.365,-0.087,0.413,0.533,-0.465,-0.033,0.146,0.497,0.542,-0.155,0.513,-0.184,0.072,0.048,0.168,-0.076,0.165,-0.232,0.519,-0.263,-0.162,0.458,-0.279,-0.302,-0.109,-0.266,-0.305,-0.062,-0.083,-0.338,0.251,0.58,0.359,-0.032,-0.306,0.359,0.124,0.48,-0.209,-0.335,-0.109,0.657,0.449,-0.114,-0.431,-0.182,-0.149,0.548,-0.176,0.199,0.22,0.484,0.58,0.17,0.013,0.388,0.524,0.724,0.345,0.506,0.718,0.225,-0.258,0.697,0.209,0.504,0.283,-0.005,-0.46,0.812,0.6,0.086,0.262,0.202,-0.009
AMD,0.13,0.061,0.744,0.122,0.295,-0.065,0.335,-0.226,0.536,0.264,0.443,1.0,0.495,0.243,0.317,0.16,0.115,0.338,-0.27,-0.055,-0.004,0.127,-0.039,0.284,0.48,0.18,0.077,0.076,-0.241,-0.252,0.358,0.125,0.007,0.113,0.033,0.106,-0.333,0.407,0.174,0.029,-0.098,0.208,0.195,-0.092,0.306,-0.034,0.038,0.255,0.366,0.167,0.309,0.361,0.491,0.244,0.019,0.307,0.264,0.652,0.147,0.024,0.135,0.187,0.554,0.301,-0.292,0.088,0.118,-0.147,0.134,0.44,0.059,-0.077,-0.022,0.002,0.158,0.18,-0.303,0.211,0.074,0.06,0.364,0.422,-0.14,0.08,0.265,0.053,-0.206,-0.236,0.36,-0.001,-0.064,0.385,-0.148,-0.309,-0.088,0.127,0.527,0.333,0.237,0.17,-0.049,0.301,0.387,0.147,0.021,0.185,-0.322,-0.079,0.385,0.224,-0.021,0.182,0.23,0.056,-0.186,0.228,0.531,-0.095,0.139,0.514,0.327,-0.338,-0.028,0.107,0.266,0.597,-0.292,-0.066,0.212,-0.387,0.165,0.084,0.229,0.164,-0.297,0.104,-0.022,-0.107,0.29,-0.18,0.15,0.043,-0.085,0.32,-0.021,0.217,0.002,0.092,0.15,0.117,-0.019,-0.188,0.004,-0.088,-0.051,-0.085,0.445,0.107,0.103,-0.182,0.048,0.267,-0.015,0.026,0.132,0.128,0.494,0.469,0.168,-0.2,0.304,-0.244,0.03,0.225,0.177,0.33,0.297,0.102,0.082,0.273,0.588,0.513,0.294,0.24,0.435,0.176,0.041,0.036,0.585,0.45,0.15,0.249,0.329,0.098,0.206,0.398,0.26,-0.128,0.433,-0.069
AMGN,0.462,-0.177,0.32,-0.17,0.127,-0.102,0.53,-0.02,0.227,0.012,0.71,0.495,1.0,-0.061,0.458,-0.233,0.379,0.026,-0.395,-0.073,0.312,-0.092,0.434,0.278,0.709,-0.092,-0.069,0.486,-0.361,-0.421,0.176,-0.185,-0.316,-0.12,0.091,0.338,-0.533,0.711,0.232,0.381,-0.254,-0.113,0.275,-0.294,0.31,-0.314,0.283,0.05,0.196,-0.141,-0.052,-0.077,0.384,-0.192,-0.327,0.042,0.043,0.189,-0.24,0.318,0.441,-0.131,0.211,0.048,0.14,0.342,0.103,0.155,-0.241,-0.166,0.297,-0.448,-0.243,0.356,-0.085,0.401,-0.448,0.63,0.41,0.394,0.294,0.655,0.351,-0.236,0.609,0.48,-0.43,-0.509,0.732,0.058,0.341,0.309,0.219,-0.359,-0.199,0.14,0.468,0.607,0.06,0.51,-0.403,-0.002,0.653,0.028,0.189,0.379,-0.497,0.203,0.164,0.234,0.085,0.433,-0.249,-0.251,-0.411,-0.017,0.528,-0.377,-0.153,0.079,0.002,-0.565,-0.208,-0.079,0.077,0.293,-0.199,0.308,0.282,-0.493,-0.198,-0.06,0.38,0.195,-0.378,0.151,-0.259,0.128,0.249,0.174,-0.147,0.354,-0.332,0.354,-0.296,-0.236,0.318,-0.212,-0.203,-0.145,-0.287,-0.365,-0.208,-0.075,-0.38,0.187,0.535,0.277,-0.111,-0.411,0.371,0.06,0.231,-0.099,-0.399,-0.19,0.446,0.492,-0.18,-0.46,-0.083,-0.172,0.526,-0.188,0.101,-0.072,0.302,0.457,0.045,-0.024,0.296,0.521,0.671,0.14,0.46,0.557,0.333,-0.324,0.567,0.297,0.431,0.136,0.278,-0.358,0.673,0.563,-0.009,0.004,0.14,-0.234
AMZN,-0.393,0.66,0.132,0.51,0.275,-0.154,-0.013,0.268,0.085,-0.181,-0.264,0.243,-0.061,1.0,-0.281,0.515,-0.027,0.307,0.398,-0.021,-0.312,0.481,-0.31,-0.125,-0.246,0.459,0.152,-0.394,0.391,0.372,-0.183,0.521,0.439,0.426,-0.38,-0.232,0.315,0.148,-0.123,-0.036,0.345,0.612,-0.36,0.322,0.348,0.688,-0.122,0.474,0.291,0.272,0.289,0.274,0.273,0.188,0.276,0.377,0.368,0.537,0.518,-0.089,-0.233,0.44,0.543,0.438,0.137,-0.172,0.399,-0.089,0.586,0.403,-0.055,0.491,0.483,-0.413,0.429,-0.261,0.53,-0.311,0.044,0.052,-0.017,-0.168,-0.34,0.477,-0.202,-0.161,0.511,0.156,-0.094,-0.056,-0.398,-0.28,-0.281,0.124,0.587,0.366,0.306,-0.315,0.103,-0.094,0.567,0.509,-0.281,-0.03,0.337,0.16,0.381,-0.117,0.55,0.472,-0.046,-0.503,0.666,0.715,0.645,0.355,-0.049,0.36,0.497,0.584,0.577,0.325,0.538,0.342,0.088,0.123,0.13,-0.189,-0.038,0.276,0.423,0.193,-0.414,-0.197,0.195,-0.258,0.472,0.28,0.265,0.053,0.462,0.485,0.33,-0.058,0.446,0.614,-0.219,0.382,0.522,0.416,0.408,0.475,0.255,0.594,0.53,-0.001,-0.239,0.137,0.168,0.292,-0.092,0.307,0.044,-0.028,0.413,0.495,-0.025,-0.226,0.301,0.377,0.371,0.316,-0.341,0.498,0.376,-0.086,0.001,-0.469,0.353,0.282,0.02,0.216,-0.217,0.136,-0.325,-0.39,0.156,0.487,-0.037,0.301,-0.29,0.211,0.333,0.521,-0.35,0.235,0.317,0.072,-0.172,0.182
APA,0.735,-0.017,0.222,0.113,0.401,0.422,-0.163,0.014,-0.048,0.018,0.639,0.317,0.458,-0.281,1.0,0.073,0.207,0.388,-0.059,-0.54,-0.034,0.211,-0.039,0.748,0.532,0.228,0.476,0.815,-0.118,-0.098,0.139,-0.379,0.068,0.339,-0.117,0.678,-0.168,0.178,0.704,-0.182,-0.583,0.175,-0.083,0.216,0.508,-0.319,-0.077,0.237,0.465,0.355,0.399,0.181,-0.119,0.266,-0.351,0.532,0.481,0.08,0.082,-0.25,0.114,0.261,0.269,0.305,-0.068,0.823,0.345,0.56,0.007,0.122,-0.198,-0.24,0.089,0.133,0.314,-0.125,-0.261,0.002,-0.193,-0.211,0.67,0.272,0.091,0.038,0.757,0.09,-0.22,0.0,0.24,0.594,-0.141,0.513,-0.101,-0.448,0.019,0.487,0.484,0.56,0.626,0.205,-0.166,0.248,0.448,-0.248,-0.289,-0.295,-0.187,0.163,0.186,0.401,-0.133,0.227,-0.232,-0.089,-0.449,0.384,0.678,-0.06,-0.244,0.285,0.136,-0.224,-0.119,0.374,-0.078,-0.131,-0.436,0.031,0.022,-0.198,0.209,0.45,0.123,0.405,0.06,0.543,0.078,-0.18,-0.245,0.175,0.221,0.196,0.09,0.877,0.01,0.082,0.036,-0.011,-0.115,0.2,0.099,-0.118,0.332,0.095,-0.217,0.048,0.601,0.737,0.458,0.227,-0.072,0.45,0.348,-0.458,-0.134,0.169,0.815,0.154,0.426,-0.192,-0.112,-0.428,0.118,0.066,0.355,0.315,-0.012,0.297,0.341,0.446,0.247,0.648,0.595,0.492,0.192,0.446,0.262,-0.053,0.774,0.459,-0.038,0.564,-0.414,-0.308,0.562,0.441,0.442,0.216,-0.062,0.292
APPS,-0.234,0.782,0.173,0.728,0.535,0.358,-0.441,0.317,-0.06,0.024,-0.178,0.16,-0.233,0.515,0.073,1.0,-0.335,0.668,0.716,-0.43,-0.506,0.806,-0.622,0.318,-0.248,0.78,0.626,-0.023,0.747,0.74,-0.091,0.473,0.772,0.781,-0.556,0.268,0.659,-0.33,0.411,-0.615,-0.022,0.821,-0.655,0.786,0.633,0.709,-0.323,0.756,0.611,0.71,0.814,0.53,-0.043,0.54,0.349,0.607,0.764,0.517,0.885,-0.525,-0.227,0.877,0.638,0.724,-0.139,0.203,0.6,0.285,0.896,0.71,-0.575,0.758,0.888,-0.524,0.84,-0.546,0.561,-0.577,-0.49,-0.466,0.383,-0.359,-0.425,0.804,0.024,-0.479,0.787,0.678,-0.524,0.545,-0.664,0.103,-0.572,-0.175,0.718,0.707,0.448,-0.234,0.564,-0.387,0.843,0.809,-0.293,-0.064,-0.113,-0.486,0.686,-0.203,0.716,0.657,-0.107,-0.515,0.735,0.853,0.411,0.829,0.088,0.789,0.484,0.7,0.88,0.568,0.713,0.843,0.04,-0.187,-0.068,-0.498,-0.283,0.484,0.874,0.578,-0.362,-0.073,0.605,-0.006,0.892,-0.166,-0.031,-0.039,0.884,0.337,0.809,0.334,0.871,0.95,-0.403,0.798,0.499,0.888,0.827,0.666,0.816,0.74,0.811,-0.212,0.075,0.308,0.597,0.664,-0.516,0.741,0.294,-0.401,0.731,0.914,0.366,-0.401,0.695,0.693,0.25,0.159,-0.592,0.917,0.723,0.324,-0.153,-0.691,0.753,0.626,0.149,0.436,-0.161,0.497,-0.286,-0.362,-0.153,0.882,0.253,0.627,-0.571,0.534,-0.185,0.486,-0.247,0.129,0.776,0.247,-0.219,0.654
ARCC,0.447,-0.239,-0.186,0.105,0.171,-0.269,0.268,0.229,0.094,0.015,0.477,0.115,0.379,-0.027,0.207,-0.335,1.0,-0.268,-0.3,0.258,0.216,-0.082,0.472,-0.08,0.449,-0.409,-0.225,0.283,-0.295,-0.418,0.184,-0.268,-0.177,-0.19,0.475,0.237,-0.388,0.6,0.078,0.283,0.088,-0.294,0.44,-0.208,0.093,-0.118,0.597,0.001,0.137,-0.297,-0.171,-0.261,0.383,0.118,-0.122,0.076,-0.285,-0.144,-0.382,0.509,0.253,-0.352,-0.22,-0.369,0.28,0.088,-0.259,0.261,-0.215,-0.224,0.485,-0.323,-0.242,0.195,-0.187,0.252,-0.344,0.395,0.583,0.587,0.12,0.473,0.609,-0.379,0.287,0.725,-0.377,-0.407,0.478,-0.189,0.246,0.011,0.517,0.175,-0.139,-0.067,0.274,0.559,-0.061,0.742,-0.398,-0.339,0.525,0.004,0.586,0.477,-0.306,0.657,-0.306,-0.115,0.33,0.434,-0.337,-0.199,-0.029,-0.27,0.507,-0.42,-0.149,-0.088,-0.179,-0.161,-0.07,-0.313,0.087,0.402,0.292,0.583,0.566,-0.297,-0.263,-0.134,0.336,0.606,-0.218,0.476,-0.331,0.515,0.127,0.318,-0.306,0.207,-0.382,0.046,-0.367,-0.256,0.604,-0.401,-0.044,-0.392,-0.382,-0.233,-0.313,-0.002,-0.412,0.672,0.096,0.015,-0.386,-0.359,0.442,-0.248,0.383,0.215,-0.218,-0.328,0.12,0.37,-0.358,-0.333,0.078,0.156,0.593,-0.431,-0.047,-0.13,0.631,0.639,-0.12,-0.349,-0.128,0.081,0.439,0.169,0.272,0.651,0.242,-0.207,0.258,-0.218,0.423,0.103,0.191,-0.143,0.487,0.311,-0.337,0.46,0.256,-0.045
ARDX,0.063,0.498,0.499,0.488,0.48,0.299,-0.339,0.052,0.12,0.018,0.126,0.338,0.026,0.307,0.388,0.668,-0.268,1.0,0.381,-0.503,-0.32,0.61,-0.473,0.597,0.054,0.715,0.71,0.2,0.34,0.408,0.015,0.126,0.435,0.559,-0.575,0.355,0.332,-0.136,0.605,-0.41,-0.327,0.71,-0.602,0.532,0.532,0.267,-0.419,0.585,0.535,0.84,0.736,0.49,-0.09,0.433,0.2,0.645,0.786,0.494,0.703,-0.566,-0.089,0.75,0.608,0.8,-0.293,0.359,0.55,0.181,0.641,0.666,-0.598,0.399,0.616,-0.353,0.648,-0.419,0.3,-0.36,-0.463,-0.475,0.465,-0.191,-0.341,0.555,0.344,-0.437,0.412,0.447,-0.258,0.625,-0.475,0.325,-0.586,-0.316,0.43,0.625,0.481,-0.029,0.522,-0.308,0.51,0.678,-0.056,-0.089,-0.375,-0.523,0.33,-0.259,0.704,0.584,-0.373,-0.384,0.477,0.547,0.05,0.746,0.235,0.537,0.227,0.674,0.688,0.203,0.328,0.746,0.145,-0.156,-0.31,-0.519,-0.258,0.212,0.689,0.5,-0.341,0.019,0.357,0.104,0.602,-0.315,-0.201,-0.116,0.731,0.16,0.482,0.566,0.608,0.647,-0.399,0.582,0.224,0.741,0.614,0.386,0.66,0.446,0.492,-0.349,0.362,0.485,0.622,0.591,-0.454,0.788,0.192,-0.514,0.447,0.692,0.592,-0.229,0.711,0.363,0.156,-0.182,-0.507,0.72,0.604,0.402,-0.245,-0.445,0.621,0.83,0.495,0.568,0.028,0.427,-0.039,-0.161,-0.051,0.519,0.425,0.667,-0.482,0.502,-0.32,0.242,-0.079,0.309,0.833,0.002,-0.234,0.491
ATER,-0.145,0.803,-0.251,0.565,0.436,0.306,-0.664,0.448,-0.46,-0.322,-0.338,-0.27,-0.395,0.398,-0.059,0.716,-0.3,0.381,1.0,-0.437,-0.441,0.633,-0.617,0.257,-0.393,0.61,0.554,-0.04,0.83,0.914,-0.266,0.198,0.741,0.696,-0.528,0.198,0.881,-0.371,0.312,-0.653,-0.119,0.637,-0.743,0.787,0.496,0.636,-0.314,0.581,0.453,0.553,0.483,0.182,-0.387,0.444,0.133,0.49,0.51,0.094,0.738,-0.487,-0.331,0.649,0.288,0.519,0.014,0.269,0.518,0.411,0.732,0.36,-0.569,0.786,0.79,-0.471,0.711,-0.673,0.82,-0.705,-0.488,-0.455,0.29,-0.509,-0.346,0.714,-0.079,-0.455,0.875,0.755,-0.586,0.438,-0.657,-0.18,-0.464,-0.088,0.652,0.612,0.274,-0.307,0.488,-0.375,0.804,0.555,-0.411,-0.308,-0.144,-0.522,0.891,-0.09,0.442,0.54,-0.292,-0.671,0.452,0.674,0.456,0.601,-0.039,0.866,0.364,0.357,0.654,0.83,0.51,0.684,-0.205,-0.5,-0.037,-0.395,-0.336,0.792,0.654,0.551,-0.471,-0.014,0.839,0.138,0.846,-0.108,-0.246,0.177,0.661,0.32,0.805,0.189,0.833,0.679,-0.365,0.682,0.325,0.725,0.792,0.852,0.715,0.758,0.719,-0.094,-0.231,0.324,0.482,0.697,-0.55,0.57,0.331,-0.488,0.547,0.751,0.108,-0.599,0.527,0.818,0.024,0.143,-0.481,0.587,0.582,0.188,-0.342,-0.623,0.698,0.411,-0.225,0.252,-0.22,0.386,-0.592,-0.345,-0.039,0.703,0.029,0.34,-0.565,0.487,-0.453,0.353,-0.278,0.074,0.528,0.357,-0.54,0.691
ATOS,-0.333,-0.408,-0.076,-0.312,-0.345,-0.524,0.519,-0.086,0.411,0.119,-0.066,-0.055,-0.073,-0.021,-0.54,-0.43,0.258,-0.503,-0.437,1.0,0.455,-0.461,0.487,-0.7,0.041,-0.57,-0.678,-0.451,-0.303,-0.454,0.076,0.144,-0.457,-0.565,0.607,-0.444,-0.276,0.241,-0.538,0.458,0.64,-0.582,0.527,-0.575,-0.612,-0.035,0.413,-0.347,-0.43,-0.645,-0.489,-0.201,0.335,-0.337,0.219,-0.59,-0.624,-0.151,-0.503,0.62,0.241,-0.527,-0.407,-0.525,0.197,-0.564,-0.582,-0.506,-0.313,-0.223,0.56,-0.254,-0.451,0.213,-0.638,0.62,-0.364,0.494,0.613,0.628,-0.666,0.256,0.352,-0.41,-0.352,0.455,-0.265,-0.461,0.241,-0.65,0.579,-0.266,0.475,0.482,-0.269,-0.656,-0.366,-0.019,-0.679,0.386,-0.308,-0.56,0.153,0.445,0.551,0.674,-0.247,0.118,-0.425,-0.639,0.175,0.302,-0.167,-0.28,0.291,-0.573,-0.342,-0.431,-0.048,-0.453,-0.43,-0.23,-0.171,-0.628,0.291,0.608,0.533,0.403,0.563,-0.176,-0.463,-0.616,0.242,0.06,-0.435,-0.185,-0.483,0.416,0.339,-0.201,-0.507,-0.228,-0.503,-0.678,-0.443,-0.39,0.332,-0.444,-0.082,-0.528,-0.455,-0.296,-0.539,-0.425,-0.229,0.245,-0.227,-0.609,-0.686,-0.567,0.47,-0.676,-0.216,0.552,-0.237,-0.518,-0.619,0.199,-0.666,-0.278,0.144,0.376,0.331,-0.431,-0.488,-0.28,0.473,0.317,-0.502,-0.64,-0.065,-0.536,-0.139,-0.46,0.246,0.01,-0.16,-0.281,-0.528,-0.576,0.54,-0.629,0.546,-0.103,-0.116,-0.173,-0.631,-0.194,0.398,-0.577
AUPH,0.127,-0.423,0.041,-0.533,-0.213,-0.32,0.437,-0.038,0.267,0.08,0.43,-0.004,0.312,-0.312,-0.034,-0.506,0.216,-0.32,-0.441,0.455,1.0,-0.526,0.569,-0.24,0.371,-0.503,-0.481,0.132,-0.432,-0.449,0.013,-0.264,-0.561,-0.483,0.381,-0.113,-0.442,0.466,-0.108,0.484,0.004,-0.475,0.456,-0.549,-0.38,-0.401,0.249,-0.365,-0.276,-0.531,-0.442,-0.456,-0.027,-0.468,-0.142,-0.479,-0.441,-0.353,-0.512,0.474,0.437,-0.5,-0.361,-0.201,0.27,0.037,-0.288,-0.087,-0.465,-0.39,0.439,-0.5,-0.519,0.193,-0.562,0.476,-0.366,0.614,0.626,0.624,-0.209,0.477,0.524,-0.46,0.236,0.579,-0.435,-0.369,0.592,-0.162,0.796,-0.045,0.517,0.004,-0.425,-0.404,-0.193,0.437,-0.435,0.463,-0.453,-0.568,0.475,0.307,0.157,0.429,-0.43,0.066,-0.453,-0.417,-0.177,0.431,-0.525,-0.457,-0.109,-0.368,0.064,-0.539,-0.32,-0.502,-0.472,-0.416,-0.557,-0.478,0.047,0.323,0.17,0.553,0.462,-0.334,-0.532,-0.434,0.31,0.184,-0.298,0.066,-0.497,0.224,0.195,-0.07,-0.543,-0.235,-0.51,-0.179,-0.514,-0.54,0.345,-0.533,-0.322,-0.43,-0.51,-0.322,-0.376,-0.451,-0.417,0.128,0.019,-0.129,-0.523,-0.518,0.476,-0.492,-0.009,0.272,-0.604,-0.549,-0.144,0.282,-0.542,-0.485,-0.206,0.103,0.638,-0.494,-0.368,-0.202,0.265,0.513,-0.328,-0.397,0.18,-0.077,0.359,-0.181,0.356,0.302,0.237,-0.558,-0.133,-0.399,0.763,-0.33,0.23,-0.564,0.412,0.287,-0.439,-0.068,0.139,-0.475
AVGO,0.072,0.775,0.032,0.914,0.77,0.382,-0.426,0.452,-0.168,-0.199,0.033,0.127,-0.092,0.481,0.211,0.806,-0.082,0.61,0.633,-0.461,-0.526,1.0,-0.497,0.463,-0.057,0.742,0.755,0.203,0.711,0.649,-0.199,0.283,0.692,0.834,-0.559,0.417,0.586,-0.072,0.5,-0.51,-0.043,0.811,-0.67,0.808,0.777,0.629,-0.136,0.829,0.768,0.713,0.777,0.398,0.097,0.571,0.104,0.683,0.799,0.45,0.754,-0.35,-0.267,0.789,0.621,0.616,0.056,0.328,0.683,0.469,0.831,0.695,-0.572,0.666,0.891,-0.425,0.859,-0.561,0.489,-0.538,-0.371,-0.371,0.496,-0.225,-0.328,0.693,0.18,-0.28,0.656,0.568,-0.415,0.595,-0.698,0.119,-0.535,-0.201,0.77,0.831,0.553,0.033,0.634,-0.16,0.691,0.8,-0.068,-0.198,0.036,-0.379,0.617,0.127,0.647,0.776,-0.107,-0.554,0.627,0.854,0.357,0.819,0.293,0.692,0.594,0.734,0.809,0.501,0.79,0.801,-0.21,-0.192,0.004,-0.333,-0.019,0.432,0.81,0.743,-0.412,0.143,0.578,0.187,0.84,0.009,0.039,0.134,0.853,0.563,0.737,0.502,0.781,0.811,-0.044,0.648,0.296,0.77,0.763,0.637,0.71,0.826,0.724,0.057,0.106,0.471,0.623,0.678,-0.311,0.68,0.542,-0.581,0.671,0.827,0.467,-0.416,0.692,0.557,0.185,0.227,-0.411,0.776,0.835,0.181,0.102,-0.521,0.835,0.584,-0.009,0.552,0.063,0.662,-0.376,-0.178,-0.052,0.819,0.401,0.647,-0.525,0.679,-0.256,0.558,-0.028,0.286,0.754,0.394,-0.38,0.672
AZN,0.209,-0.548,-0.071,-0.461,-0.316,-0.33,0.554,0.027,0.21,0.102,0.392,-0.039,0.434,-0.31,-0.039,-0.622,0.472,-0.473,-0.617,0.487,0.569,-0.497,1.0,-0.355,0.45,-0.635,-0.589,0.218,-0.494,-0.644,0.148,-0.237,-0.634,-0.605,0.581,0.075,-0.589,0.487,-0.206,0.628,0.123,-0.593,0.596,-0.664,-0.372,-0.412,0.486,-0.441,-0.344,-0.599,-0.513,-0.483,0.311,-0.509,-0.229,-0.492,-0.595,-0.271,-0.665,0.656,0.422,-0.621,-0.441,-0.56,0.341,-0.095,-0.435,-0.1,-0.593,-0.563,0.572,-0.547,-0.612,0.509,-0.63,0.657,-0.549,0.771,0.711,0.698,-0.298,0.495,0.783,-0.65,0.156,0.713,-0.606,-0.605,0.599,-0.311,0.662,0.024,0.592,0.157,-0.405,-0.449,-0.209,0.373,-0.5,0.598,-0.636,-0.596,0.464,0.239,0.322,0.664,-0.581,0.398,-0.484,-0.458,0.278,0.571,-0.574,-0.573,-0.198,-0.537,0.013,-0.664,-0.309,-0.462,-0.553,-0.558,-0.346,-0.579,-0.037,0.32,0.287,0.638,0.513,-0.484,-0.646,-0.536,0.466,0.256,-0.461,0.04,-0.647,0.449,0.21,0.136,-0.567,-0.042,-0.644,-0.265,-0.643,-0.588,0.586,-0.611,-0.378,-0.608,-0.65,-0.534,-0.651,-0.428,-0.551,0.399,0.081,-0.265,-0.628,-0.681,0.602,-0.624,0.117,0.275,-0.643,-0.66,-0.214,0.423,-0.679,-0.601,-0.145,0.218,0.746,-0.656,-0.439,-0.253,0.509,0.62,-0.43,-0.51,-0.046,-0.224,0.392,-0.208,0.436,0.418,0.112,-0.56,-0.083,-0.415,0.682,-0.34,0.352,-0.494,0.498,0.087,-0.546,-0.034,0.302,-0.589
BCRX,0.605,0.217,0.234,0.327,0.517,0.462,-0.37,-0.03,-0.167,-0.025,0.426,0.284,0.278,-0.125,0.748,0.318,-0.08,0.597,0.257,-0.7,-0.24,0.463,-0.355,1.0,0.303,0.463,0.744,0.663,0.146,0.252,0.087,-0.191,0.301,0.493,-0.397,0.67,0.1,-0.051,0.701,-0.404,-0.638,0.419,-0.382,0.461,0.604,-0.106,-0.251,0.394,0.579,0.58,0.53,0.283,-0.212,0.492,-0.262,0.575,0.648,0.175,0.351,-0.525,-0.131,0.481,0.361,0.467,-0.341,0.676,0.555,0.484,0.221,0.345,-0.521,0.046,0.346,-0.006,0.556,-0.374,0.039,-0.247,-0.476,-0.502,0.784,-0.019,-0.215,0.342,0.557,-0.277,0.1,0.281,-0.069,0.689,-0.384,0.54,-0.412,-0.602,0.133,0.646,0.475,0.384,0.712,-0.149,0.153,0.463,0.238,-0.319,-0.46,-0.543,0.084,0.04,0.445,0.548,-0.301,-0.075,0.09,0.155,-0.386,0.586,0.584,0.291,0.058,0.53,0.39,0.089,0.141,0.576,-0.152,-0.275,-0.554,-0.353,-0.181,0.003,0.43,0.67,-0.092,0.22,0.295,0.455,0.385,-0.432,-0.313,0.171,0.446,0.227,0.334,0.767,0.309,0.298,-0.178,0.364,-0.128,0.464,0.37,0.198,0.551,0.259,0.078,-0.11,0.535,0.616,0.642,0.339,-0.272,0.616,0.345,-0.638,0.093,0.462,0.773,-0.064,0.521,0.098,-0.11,-0.456,-0.134,0.39,0.579,0.396,-0.178,-0.033,0.518,0.573,0.276,0.649,0.343,0.51,0.041,0.254,0.042,0.183,0.775,0.563,-0.346,0.627,-0.559,-0.052,0.261,0.313,0.632,0.155,-0.235,0.509
BGC,0.527,-0.254,0.275,-0.132,0.269,-0.043,0.458,0.062,0.352,0.156,0.833,0.48,0.709,-0.246,0.532,-0.248,0.449,0.054,-0.393,0.041,0.371,-0.057,0.45,0.303,1.0,-0.178,-0.037,0.577,-0.333,-0.398,0.344,-0.229,-0.291,-0.202,0.374,0.425,-0.472,0.601,0.328,0.249,-0.313,-0.22,0.385,-0.219,0.225,-0.296,0.383,0.09,0.338,-0.185,0.106,-0.041,0.371,0.081,-0.217,0.017,-0.045,0.15,-0.229,0.348,0.5,-0.119,0.097,-0.034,0.061,0.39,0.01,0.214,-0.226,-0.034,0.175,-0.382,-0.241,0.427,-0.07,0.489,-0.536,0.593,0.415,0.386,0.351,0.743,0.442,-0.271,0.615,0.544,-0.481,-0.448,0.664,0.056,0.328,0.522,0.256,-0.277,-0.285,0.073,0.46,0.732,0.093,0.604,-0.423,-0.062,0.797,0.204,0.1,0.29,-0.433,0.369,0.028,0.035,0.085,0.53,-0.297,-0.306,-0.374,0.068,0.655,-0.397,-0.24,-0.004,0.0,-0.464,-0.199,-0.083,0.092,0.41,-0.084,0.379,0.522,-0.511,-0.135,-0.03,0.58,0.474,-0.292,0.456,-0.246,0.05,0.207,0.147,-0.161,0.11,-0.287,0.35,-0.328,-0.224,0.496,-0.251,-0.231,-0.193,-0.34,-0.389,-0.22,-0.141,-0.347,0.312,0.614,0.204,-0.174,-0.413,0.342,0.06,0.404,-0.084,-0.304,-0.157,0.552,0.577,-0.199,-0.487,0.033,-0.198,0.547,-0.235,0.09,0.252,0.487,0.528,0.079,-0.134,0.384,0.507,0.645,0.25,0.611,0.652,0.1,-0.317,0.652,0.2,0.551,0.184,0.132,-0.344,0.761,0.577,-0.084,0.148,0.367,-0.159
BIDU,-0.059,0.734,0.266,0.584,0.447,0.385,-0.499,0.216,-0.247,-0.235,-0.116,0.18,-0.092,0.459,0.228,0.78,-0.409,0.715,0.61,-0.57,-0.503,0.742,-0.635,0.463,-0.178,1.0,0.701,0.067,0.521,0.674,-0.148,0.255,0.67,0.8,-0.688,0.285,0.54,-0.231,0.42,-0.644,-0.298,0.791,-0.758,0.676,0.666,0.41,-0.518,0.635,0.559,0.742,0.714,0.525,-0.025,0.439,0.032,0.637,0.878,0.596,0.859,-0.627,-0.254,0.863,0.773,0.728,-0.17,0.315,0.61,0.259,0.713,0.563,-0.698,0.599,0.748,-0.472,0.771,-0.654,0.55,-0.631,-0.591,-0.605,0.45,-0.373,-0.479,0.835,0.12,-0.542,0.702,0.578,-0.457,0.577,-0.587,0.066,-0.663,-0.384,0.555,0.73,0.464,-0.177,0.656,-0.418,0.81,0.898,-0.237,-0.336,-0.297,-0.549,0.521,-0.235,0.81,0.689,-0.287,-0.606,0.536,0.715,0.238,0.785,0.144,0.705,0.369,0.676,0.786,0.37,0.52,0.797,-0.14,-0.367,-0.349,-0.538,-0.393,0.394,0.776,0.61,-0.508,-0.119,0.483,0.003,0.773,-0.202,-0.119,0.019,0.826,0.335,0.713,0.531,0.748,0.801,-0.483,0.755,0.252,0.9,0.849,0.64,0.752,0.629,0.673,-0.319,0.116,0.534,0.7,0.671,-0.605,0.74,0.289,-0.612,0.613,0.757,0.439,-0.383,0.835,0.504,0.343,-0.159,-0.629,0.749,0.653,0.283,-0.358,-0.625,0.717,0.781,0.106,0.592,-0.033,0.519,-0.447,-0.309,-0.07,0.634,0.336,0.724,-0.627,0.613,-0.383,0.386,-0.194,0.255,0.798,0.122,-0.418,0.603
BILI,0.336,0.533,0.084,0.655,0.594,0.581,-0.586,0.175,-0.248,-0.091,0.104,0.077,-0.069,0.152,0.476,0.626,-0.225,0.71,0.554,-0.678,-0.481,0.755,-0.589,0.744,-0.037,0.701,1.0,0.388,0.441,0.535,-0.064,0.018,0.542,0.741,-0.626,0.504,0.465,-0.236,0.662,-0.594,-0.373,0.683,-0.709,0.701,0.665,0.27,-0.419,0.605,0.601,0.756,0.681,0.4,-0.224,0.517,-0.077,0.663,0.809,0.246,0.64,-0.527,-0.278,0.728,0.443,0.582,-0.198,0.518,0.655,0.456,0.572,0.566,-0.719,0.378,0.688,-0.253,0.779,-0.644,0.391,-0.568,-0.615,-0.632,0.663,-0.346,-0.379,0.612,0.312,-0.468,0.486,0.636,-0.419,0.736,-0.645,0.291,-0.604,-0.362,0.451,0.746,0.403,0.093,0.748,-0.317,0.5,0.661,-0.089,-0.321,-0.392,-0.634,0.466,-0.015,0.557,0.65,-0.2,-0.413,0.345,0.565,-0.04,0.746,0.321,0.58,0.278,0.678,0.609,0.431,0.495,0.786,-0.193,-0.351,-0.348,-0.521,-0.296,0.281,0.676,0.757,-0.36,0.132,0.535,0.248,0.683,-0.358,-0.325,0.174,0.706,0.302,0.611,0.655,0.597,0.58,-0.209,0.636,0.062,0.712,0.642,0.426,0.787,0.569,0.444,-0.121,0.305,0.595,0.769,0.699,-0.438,0.791,0.37,-0.688,0.496,0.667,0.611,-0.353,0.715,0.394,-0.051,-0.23,-0.423,0.653,0.718,0.351,-0.228,-0.411,0.704,0.677,0.119,0.537,0.117,0.551,-0.31,-0.126,-0.062,0.528,0.5,0.626,-0.585,0.696,-0.56,0.251,-0.011,0.173,0.823,0.221,-0.354,0.638
BKR,0.826,-0.036,-0.061,0.104,0.421,0.407,-0.11,0.224,-0.176,-0.003,0.755,0.076,0.486,-0.394,0.815,-0.023,0.283,0.2,-0.04,-0.451,0.132,0.203,0.218,0.663,0.577,0.067,0.388,1.0,-0.028,-0.086,0.064,-0.459,-0.0,0.198,0.026,0.826,-0.15,0.254,0.708,-0.04,-0.514,0.07,0.008,0.2,0.464,-0.307,0.154,0.216,0.441,0.197,0.263,-0.061,-0.151,0.196,-0.388,0.35,0.313,-0.146,-0.022,-0.071,0.25,0.13,0.033,0.122,0.13,0.8,0.334,0.73,-0.064,-0.027,-0.078,-0.211,0.084,0.202,0.27,-0.018,-0.291,0.164,0.051,0.022,0.653,0.316,0.391,-0.115,0.816,0.326,-0.234,0.029,0.305,0.601,0.049,0.517,0.128,-0.386,-0.012,0.483,0.378,0.753,0.538,0.387,-0.227,0.099,0.622,-0.148,-0.182,-0.186,-0.152,0.411,-0.025,0.329,-0.016,0.293,-0.337,-0.112,-0.407,0.3,0.665,-0.104,-0.182,0.101,0.053,-0.133,-0.059,0.309,-0.309,-0.141,-0.158,0.275,0.211,-0.191,0.115,0.421,0.272,0.544,0.153,0.622,0.06,-0.043,-0.194,0.272,0.133,0.266,0.056,0.694,-0.032,-0.039,0.315,-0.134,-0.317,0.082,-0.023,-0.072,0.218,0.143,-0.186,0.278,0.508,0.58,0.266,0.025,0.121,0.279,0.588,-0.432,-0.244,0.088,0.697,0.145,0.106,-0.198,-0.278,-0.174,0.397,-0.053,0.323,0.178,0.168,0.448,0.364,0.185,0.087,0.533,0.714,0.543,0.196,0.636,0.269,-0.109,0.693,0.279,0.146,0.53,-0.396,-0.396,0.766,0.441,0.286,0.46,-0.143,0.294
BLDP,-0.206,0.81,-0.254,0.619,0.533,0.357,-0.469,0.587,-0.285,-0.218,-0.314,-0.241,-0.361,0.391,-0.118,0.747,-0.295,0.34,0.83,-0.303,-0.432,0.711,-0.494,0.146,-0.333,0.521,0.441,-0.028,1.0,0.867,-0.254,0.339,0.737,0.679,-0.404,0.152,0.852,-0.329,0.252,-0.466,0.153,0.642,-0.614,0.788,0.468,0.709,-0.076,0.635,0.542,0.539,0.509,0.303,-0.267,0.37,0.291,0.403,0.498,0.147,0.72,-0.337,-0.26,0.66,0.343,0.485,0.151,0.198,0.542,0.443,0.788,0.458,-0.452,0.854,0.855,-0.406,0.685,-0.451,0.667,-0.552,-0.35,-0.316,0.189,-0.322,-0.306,0.594,-0.063,-0.336,0.789,0.703,-0.532,0.391,-0.633,-0.174,-0.4,0.058,0.761,0.624,0.231,-0.27,0.371,-0.25,0.719,0.596,-0.321,-0.037,0.001,-0.388,0.872,-0.045,0.402,0.573,-0.142,-0.549,0.564,0.745,0.546,0.612,-0.097,0.82,0.548,0.335,0.626,0.701,0.66,0.671,-0.094,-0.363,0.196,-0.259,-0.127,0.78,0.687,0.588,-0.412,-0.005,0.806,0.064,0.858,0.035,0.013,0.12,0.723,0.382,0.876,0.134,0.874,0.703,-0.213,0.584,0.43,0.636,0.72,0.781,0.632,0.773,0.865,-0.058,-0.15,0.172,0.475,0.626,-0.265,0.476,0.366,-0.367,0.603,0.777,0.077,-0.607,0.433,0.825,0.074,0.443,-0.44,0.656,0.641,0.11,-0.135,-0.596,0.679,0.282,-0.198,0.246,-0.205,0.419,-0.416,-0.38,-0.059,0.825,-0.001,0.32,-0.471,0.406,-0.246,0.483,-0.225,0.049,0.504,0.355,-0.435,0.606
BLNK,-0.2,0.785,-0.206,0.545,0.4,0.355,-0.631,0.397,-0.41,-0.262,-0.366,-0.252,-0.421,0.372,-0.098,0.74,-0.418,0.408,0.914,-0.454,-0.449,0.649,-0.644,0.252,-0.398,0.674,0.535,-0.086,0.867,1.0,-0.203,0.282,0.802,0.702,-0.573,0.157,0.818,-0.462,0.272,-0.678,-0.102,0.616,-0.755,0.776,0.47,0.604,-0.354,0.581,0.496,0.564,0.527,0.321,-0.357,0.419,0.147,0.421,0.546,0.185,0.748,-0.558,-0.287,0.718,0.364,0.531,-0.056,0.184,0.515,0.34,0.709,0.417,-0.638,0.791,0.793,-0.426,0.723,-0.653,0.82,-0.719,-0.547,-0.517,0.303,-0.511,-0.442,0.775,-0.124,-0.546,0.858,0.741,-0.613,0.43,-0.641,-0.19,-0.547,-0.09,0.645,0.606,0.236,-0.335,0.446,-0.453,0.83,0.63,-0.416,-0.264,-0.218,-0.58,0.836,-0.174,0.53,0.529,-0.298,-0.645,0.49,0.682,0.462,0.647,-0.082,0.857,0.415,0.374,0.665,0.732,0.554,0.697,-0.147,-0.502,-0.059,-0.463,-0.354,0.719,0.691,0.604,-0.485,-0.112,0.804,0.047,0.845,-0.146,-0.198,0.177,0.713,0.268,0.854,0.199,0.861,0.711,-0.425,0.701,0.368,0.749,0.79,0.837,0.707,0.713,0.781,-0.212,-0.175,0.245,0.56,0.676,-0.515,0.54,0.293,-0.514,0.562,0.753,0.13,-0.578,0.546,0.799,0.122,0.149,-0.573,0.645,0.617,0.241,-0.365,-0.699,0.694,0.409,-0.164,0.265,-0.282,0.371,-0.527,-0.415,-0.109,0.737,0.017,0.331,-0.593,0.44,-0.441,0.395,-0.317,0.038,0.548,0.255,-0.502,0.66
BYND,0.144,-0.35,0.334,-0.126,-0.143,0.242,0.279,-0.255,0.514,0.427,0.249,0.358,0.176,-0.183,0.139,-0.091,0.184,0.015,-0.266,0.076,0.013,-0.199,0.148,0.087,0.344,-0.148,-0.064,0.064,-0.254,-0.203,1.0,0.016,-0.18,-0.196,0.287,0.056,-0.39,-0.013,-0.026,0.025,-0.122,-0.277,0.284,-0.166,-0.059,-0.241,-0.042,-0.147,0.103,-0.059,0.167,0.504,0.295,0.181,0.097,-0.087,-0.095,0.244,-0.162,0.05,0.355,0.108,-0.039,-0.101,-0.371,-0.15,-0.144,-0.204,-0.161,0.094,-0.073,-0.223,-0.22,0.495,-0.089,0.378,-0.463,0.331,-0.003,-0.022,0.119,0.252,0.127,-0.095,0.042,-0.005,-0.319,-0.205,0.165,-0.13,0.127,0.412,-0.046,-0.129,-0.43,-0.188,0.087,0.179,-0.091,0.098,-0.211,-0.004,0.211,0.28,-0.181,0.108,-0.358,-0.003,0.097,-0.318,0.31,0.424,-0.095,-0.318,-0.37,0.008,0.138,-0.237,-0.19,0.059,-0.0,-0.119,-0.082,-0.013,0.267,0.414,-0.193,-0.209,0.028,-0.503,0.024,-0.12,0.537,0.151,-0.285,0.133,-0.157,-0.337,0.007,-0.052,-0.016,-0.401,-0.126,0.062,-0.204,-0.039,-0.003,0.033,-0.071,-0.033,-0.217,-0.411,-0.033,-0.365,-0.207,-0.066,0.619,-0.234,0.032,-0.338,0.087,0.002,-0.164,0.064,-0.034,-0.115,0.275,0.478,-0.14,-0.282,0.139,-0.282,0.037,-0.035,-0.095,0.705,0.16,0.216,-0.218,-0.1,0.511,0.057,0.097,-0.107,0.558,0.231,-0.456,-0.125,0.258,-0.05,0.26,-0.103,0.091,-0.093,0.122,-0.12,0.006,-0.221,0.631,-0.068
