,AAL,AAPL,ABUS,ADBE,ADI,ADMA,AEP,AGNC,AKBA,ALT,AMAT,AMD,AMGN,AMZN,APA,APPS,ARCC,ARDX,ATER,ATOS,AUPH,AVGO,AZN,BCRX,BGC,BIDU,BILI,BKR,BLDP,BLNK,BYND,CAN,CELH,CG,CGC,CHRD,CLNE,CMCSA,COMM,COST,CPB,CPRT,CRON,CRWD,CSCO,CSGP,CSX,CTSH,CZR,DBX,DDOG,DKNG,DLTR,DOCU,DVAX,DXCM,EA,EBAY,ENPH,ERIC,ESPR,ETSY,EXC,EXEL,EXPE,FANG,FAST,FITB,FLEX,FOLD,FOXA,FSLR,FTNT,FUTU,GEN,GERN,GEVO,GILD,GOOG,GOOGL,GPRO,GT,HBAN,HIVE,HON,HST,HUT,IBRX,INTC,IOVA,IQ,IRWD,JBLU,JD,KDP,KHC,LBTYK,LRCX,LYFT,MAR,MARA,MAT,MCHP,MCRB,MDLZ,META,MGNI,MLCO,MNKD,MNST,MOMO,MRNA,MRVL,MSFT,MSTR,MTCH,MU,MVIS,NDAQ,NFLX,NKTR,NNDM,NTES,NTNX,NVAX,NVDA,NWL,NWSA,NXPI,OCGN,OKTA,ON,OPK,PAA,PACB,PAGP,PANW,PARA,PCAR,PDD,PENN,PEP,PLUG,PTEN,PTON,PYPL,QCOM,QUBT,QVCGA,RDFN,REAL,RIOT,ROKU,ROST,RUN,SABR,SAVA,SBUX,SFIX,SGMO,SIRI,SLM,SMCI,SNDL,SONO,STNE,STX,TCOM,TGTX,TIGR,TLRY,TMUS,TRIP,TSCO,TSLA,TTD,TXN,UAL,UNIT,VERU,VKTX,VLY,VOD,VTRS,VXRT,WBA,WBD,WDAY,WDC,WEN,WW,WYNN,XEL,XP,XRAY,XRX,Z,ZION,ZM,ZS
AAL,1.0,-0.011,0.557,0.013,0.068,0.187,0.012,0.628,0.373,0.229,0.141,0.08,-0.227,-0.125,0.086,0.066,0.3,-0.01,0.159,-0.193,-0.131,-0.122,-0.306,-0.111,0.47,0.006,-0.13,0.098,0.034,0.32,0.288,-0.155,0.127,0.296,0.144,0.144,-0.018,-0.08,0.155,-0.22,-0.359,0.452,0.271,-0.028,-0.117,-0.065,-0.052,0.07,0.452,0.111,-0.161,0.039,0.237,-0.255,0.245,-0.198,-0.316,-0.167,0.311,-0.391,0.422,0.023,0.117,-0.15,0.578,-0.206,-0.058,0.221,0.192,-0.068,-0.002,-0.045,-0.144,-0.282,-0.161,0.029,0.542,-0.379,-0.102,-0.074,0.305,0.123,0.314,-0.201,0.011,0.548,-0.319,0.282,-0.158,0.224,0.519,0.253,0.841,0.043,0.027,-0.093,0.17,0.122,0.471,0.633,0.479,0.349,0.239,0.255,-0.261,-0.004,0.693,0.384,0.16,-0.034,0.248,-0.341,-0.081,-0.199,-0.326,-0.01,0.105,-0.242,-0.223,-0.219,-0.149,-0.047,-0.265,0.584,-0.276,-0.003,0.263,0.251,0.369,0.064,-0.07,0.565,0.057,0.118,0.557,0.18,-0.068,0.225,-0.197,-0.148,0.466,-0.268,0.16,0.746,-0.263,0.027,-0.135,0.558,-0.092,0.433,-0.038,-0.117,0.019,0.044,0.53,0.347,-0.272,0.071,0.247,-0.139,0.303,0.644,0.075,0.547,0.424,0.572,-0.124,0.418,0.2,0.299,0.11,-0.243,0.707,-0.111,0.053,0.3,-0.09,0.924,0.564,0.376,-0.019,0.249,0.107,0.267,-0.152,0.253,0.25,0.334,0.272,0.035,0.195,0.555,-0.199,0.286,-0.061,0.214,0.53,0.076,0.332,-0.127
AAPL,-0.011,1.0,-0.274,0.845,0.874,0.054,0.779,0.504,0.446,0.596,0.903,0.862,0.889,0.758,0.568,0.772,0.783,0.76,0.524,0.616,0.826,0.871,0.771,0.545,0.054,0.629,0.775,0.713,0.832,0.621,0.802,0.777,0.667,0.778,0.756,-0.652,0.625,0.885,0.752,0.838,0.733,0.676,0.504,0.816,0.905,0.824,0.839,0.86,0.609,0.659,0.838,0.701,0.463,0.672,-0.061,0.69,0.864,0.913,0.873,0.759,0.265,0.782,0.825,0.535,0.588,0.459,0.877,0.682,0.428,0.691,0.871,0.891,0.834,0.77,0.815,0.622,0.184,0.442,0.962,0.962,0.641,0.746,0.424,0.547,0.775,0.516,0.189,0.528,0.893,0.783,0.135,0.481,0.343,0.787,0.876,0.906,0.728,0.879,0.737,0.502,-0.323,0.747,0.839,0.599,0.877,0.918,0.291,0.464,0.669,0.928,0.742,0.511,0.829,0.93,0.781,0.878,0.793,0.464,0.887,0.691,0.81,0.532,0.805,0.493,0.651,0.863,0.523,0.477,0.723,0.521,0.748,0.624,0.571,0.652,0.057,0.686,0.868,0.802,0.815,0.675,0.752,0.904,0.852,-0.174,0.578,0.923,0.904,-0.212,0.839,0.811,0.773,0.669,0.652,0.829,0.668,0.57,0.649,0.912,0.57,0.815,0.851,0.063,0.757,-0.334,0.685,0.458,0.837,0.508,0.671,0.604,0.388,0.69,0.406,0.779,0.739,0.774,0.853,0.07,-0.441,0.404,0.762,0.508,0.457,0.516,0.28,0.215,0.793,0.727,0.7,0.857,0.754,0.636,0.83,0.654,0.806,0.241,0.539,0.775,0.107,0.787
ABUS,0.557,-0.274,1.0,-0.086,-0.143,0.231,-0.327,0.309,0.255,0.1,-0.179,-0.219,-0.37,-0.249,-0.177,-0.074,-0.062,-0.047,0.004,-0.337,-0.354,-0.407,-0.377,-0.173,0.753,-0.243,-0.447,-0.114,-0.091,-0.075,-0.001,-0.227,-0.216,-0.074,-0.109,0.228,-0.358,-0.306,0.012,-0.329,-0.561,-0.016,0.0,-0.252,-0.403,-0.339,-0.342,-0.142,0.091,-0.037,-0.338,-0.168,0.257,-0.322,0.167,-0.364,-0.455,-0.353,-0.003,-0.422,0.392,-0.26,-0.294,-0.31,0.296,-0.525,-0.252,-0.12,-0.098,-0.108,-0.19,-0.254,-0.368,-0.498,-0.378,-0.243,0.515,-0.358,-0.267,-0.285,-0.109,-0.167,-0.167,-0.354,-0.358,0.318,-0.197,0.102,-0.394,-0.046,0.368,0.082,0.424,-0.182,-0.265,-0.419,-0.061,-0.132,0.052,0.309,0.417,-0.203,0.006,0.115,-0.552,-0.349,0.239,0.342,-0.04,-0.322,0.023,-0.33,-0.308,-0.406,-0.439,-0.337,-0.174,-0.293,-0.467,-0.318,-0.397,-0.246,-0.344,0.391,-0.4,-0.282,-0.116,-0.081,-0.005,0.042,-0.225,0.236,0.037,-0.04,0.366,-0.011,-0.287,-0.145,-0.531,-0.178,0.163,-0.45,-0.03,0.515,-0.407,-0.198,-0.434,0.417,-0.417,0.061,-0.274,-0.415,-0.04,-0.361,0.236,-0.105,-0.325,-0.191,0.093,-0.362,0.024,0.324,-0.315,0.595,0.185,0.296,-0.436,0.169,0.017,0.062,-0.068,-0.438,0.438,-0.486,-0.196,-0.082,-0.193,0.467,0.424,-0.083,-0.287,-0.133,-0.141,0.071,-0.032,0.074,-0.056,0.016,-0.125,-0.226,-0.08,0.282,-0.435,0.05,-0.407,-0.023,0.171,-0.317,0.238,-0.265
ADBE,0.013,0.845,-0.086,1.0,0.795,0.04,0.703,0.497,0.456,0.611,0.838,0.871,0.777,0.742,0.475,0.768,0.593,0.762,0.479,0.626,0.649,0.679,0.751,0.564,0.198,0.582,0.643,0.612,0.808,0.428,0.704,0.73,0.624,0.56,0.592,-0.631,0.411,0.759,0.597,0.828,0.635,0.489,0.44,0.765,0.697,0.723,0.598,0.73,0.55,0.681,0.759,0.683,0.652,0.791,0.067,0.634,0.777,0.815,0.737,0.684,0.41,0.741,0.678,0.557,0.557,0.227,0.844,0.466,0.214,0.654,0.707,0.778,0.723,0.526,0.694,0.707,0.318,0.465,0.855,0.867,0.55,0.626,0.287,0.437,0.49,0.478,0.153,0.562,0.795,0.706,0.375,0.453,0.202,0.744,0.727,0.731,0.681,0.773,0.6,0.542,-0.255,0.617,0.747,0.682,0.665,0.819,0.379,0.625,0.718,0.808,0.764,0.539,0.759,0.845,0.68,0.715,0.585,0.411,0.705,0.693,0.685,0.557,0.737,0.436,0.612,0.842,0.306,0.391,0.642,0.619,0.807,0.578,0.696,0.659,0.112,0.667,0.76,0.641,0.547,0.68,0.688,0.726,0.807,-0.178,0.521,0.82,0.787,-0.251,0.684,0.685,0.683,0.58,0.722,0.647,0.562,0.354,0.523,0.798,0.597,0.713,0.781,0.035,0.539,-0.126,0.526,0.366,0.625,0.37,0.618,0.554,0.241,0.579,0.467,0.734,0.717,0.782,0.776,0.079,-0.408,0.273,0.658,0.398,0.22,0.639,0.501,0.348,0.684,0.749,0.442,0.748,0.654,0.66,0.715,0.612,0.611,0.044,0.405,0.558,0.363,0.695
ADI,0.068,0.874,-0.143,0.795,1.0,0.073,0.708,0.538,0.372,0.693,0.869,0.76,0.81,0.64,0.696,0.76,0.774,0.649,0.526,0.56,0.71,0.816,0.696,0.456,0.263,0.531,0.71,0.766,0.894,0.53,0.827,0.723,0.65,0.701,0.652,-0.45,0.526,0.858,0.73,0.81,0.584,0.646,0.518,0.71,0.802,0.75,0.783,0.843,0.73,0.614,0.738,0.676,0.626,0.604,-0.188,0.508,0.743,0.775,0.862,0.612,0.422,0.793,0.732,0.473,0.69,0.524,0.845,0.636,0.459,0.682,0.855,0.832,0.778,0.691,0.657,0.525,0.249,0.301,0.891,0.903,0.598,0.77,0.443,0.659,0.655,0.54,0.205,0.509,0.843,0.66,0.107,0.403,0.352,0.698,0.871,0.823,0.803,0.851,0.771,0.655,-0.155,0.615,0.881,0.485,0.7,0.86,0.382,0.605,0.629,0.847,0.792,0.368,0.777,0.829,0.708,0.74,0.843,0.436,0.785,0.49,0.667,0.44,0.707,0.559,0.563,0.773,0.422,0.576,0.797,0.468,0.698,0.77,0.531,0.598,0.121,0.705,0.799,0.879,0.674,0.64,0.759,0.796,0.788,0.04,0.429,0.823,0.857,-0.183,0.771,0.81,0.646,0.668,0.564,0.712,0.683,0.521,0.701,0.857,0.638,0.744,0.81,0.062,0.608,-0.223,0.63,0.529,0.712,0.62,0.585,0.492,0.316,0.632,0.442,0.734,0.681,0.785,0.888,0.118,-0.414,0.39,0.705,0.587,0.396,0.551,0.184,0.26,0.881,0.756,0.649,0.86,0.794,0.733,0.734,0.625,0.657,0.336,0.617,0.748,0.04,0.669
ADMA,0.187,0.054,0.231,0.04,0.073,1.0,-0.018,0.352,0.217,-0.124,0.043,-0.038,-0.096,-0.158,-0.133,-0.109,0.067,0.001,-0.067,-0.225,-0.015,0.003,-0.236,-0.226,0.12,0.062,-0.165,0.109,-0.068,0.079,0.001,-0.069,-0.01,0.257,0.08,0.168,-0.018,0.078,0.065,-0.028,-0.168,0.14,0.185,0.198,0.054,-0.066,0.135,0.092,0.118,0.019,-0.085,-0.229,0.234,-0.282,0.109,-0.197,-0.012,-0.074,0.081,-0.205,0.196,-0.073,0.022,-0.113,0.264,-0.023,-0.107,0.134,0.163,-0.078,0.099,-0.032,0.003,0.076,-0.003,-0.07,0.317,-0.067,0.009,-0.003,-0.13,-0.159,-0.007,-0.021,0.107,0.299,0.106,0.029,0.078,-0.03,-0.074,0.171,0.254,-0.113,-0.008,-0.009,0.071,0.08,0.144,0.207,0.477,-0.001,0.189,0.074,-0.0,-0.069,0.005,0.002,-0.104,0.025,0.096,-0.182,-0.058,-0.029,-0.243,-0.024,0.224,-0.232,-0.032,-0.177,-0.103,-0.234,-0.073,0.32,-0.157,-0.043,0.184,0.042,0.159,-0.169,-0.049,0.188,-0.018,-0.145,0.267,-0.084,-0.124,0.033,-0.031,-0.184,0.195,0.037,0.067,0.14,-0.277,0.04,-0.057,0.277,-0.132,0.17,-0.093,-0.08,-0.086,0.034,0.182,0.124,-0.22,0.029,-0.03,-0.068,0.149,0.334,0.05,0.252,0.314,0.302,-0.009,0.3,0.082,0.068,0.039,-0.183,0.166,-0.152,-0.153,-0.011,0.129,0.122,0.19,0.094,-0.178,0.026,0.43,0.039,-0.16,0.089,-0.003,0.026,0.293,-0.105,-0.041,0.095,-0.114,0.08,-0.131,0.125,0.418,0.022,0.065,-0.013
AEP,0.012,0.779,-0.327,0.703,0.708,-0.018,1.0,0.604,0.435,0.418,0.786,0.678,0.715,0.482,0.536,0.686,0.764,0.507,0.403,0.458,0.654,0.838,0.745,0.34,-0.047,0.481,0.624,0.754,0.628,0.725,0.622,0.503,0.571,0.78,0.708,-0.585,0.701,0.768,0.715,0.644,0.531,0.645,0.663,0.633,0.761,0.842,0.731,0.767,0.608,0.483,0.61,0.519,0.447,0.614,-0.006,0.582,0.648,0.781,0.655,0.707,0.253,0.613,0.883,0.535,0.544,0.488,0.752,0.734,0.473,0.531,0.811,0.751,0.692,0.6,0.785,0.572,0.189,0.301,0.762,0.788,0.527,0.719,0.588,0.427,0.774,0.485,0.073,0.429,0.771,0.614,0.116,0.283,0.271,0.536,0.74,0.772,0.64,0.822,0.706,0.456,-0.316,0.793,0.652,0.446,0.748,0.791,0.455,0.261,0.504,0.786,0.539,0.382,0.75,0.801,0.691,0.675,0.704,0.347,0.835,0.43,0.666,0.57,0.516,0.296,0.544,0.775,0.697,0.582,0.589,0.32,0.633,0.576,0.429,0.543,0.137,0.552,0.728,0.671,0.668,0.528,0.557,0.788,0.584,-0.09,0.469,0.709,0.785,-0.243,0.85,0.696,0.639,0.492,0.35,0.796,0.515,0.569,0.486,0.827,0.429,0.733,0.741,0.212,0.73,-0.034,0.483,0.459,0.87,0.435,0.595,0.457,0.613,0.693,0.337,0.718,0.537,0.694,0.686,0.054,-0.428,0.549,0.613,0.696,0.548,0.509,0.251,0.35,0.678,0.704,0.654,0.781,0.629,0.473,0.899,0.522,0.866,0.391,0.53,0.782,0.153,0.554
AGNC,0.628,0.504,0.309,0.497,0.538,0.352,0.604,1.0,0.54,0.431,0.645,0.456,0.297,0.21,0.42,0.557,0.732,0.402,0.394,0.109,0.315,0.416,0.224,0.152,0.405,0.319,0.305,0.581,0.456,0.656,0.582,0.234,0.472,0.741,0.545,-0.222,0.4,0.487,0.562,0.332,0.042,0.701,0.662,0.442,0.392,0.462,0.446,0.639,0.725,0.401,0.345,0.34,0.589,0.148,0.156,0.185,0.22,0.43,0.691,0.128,0.608,0.388,0.625,0.223,0.828,0.112,0.399,0.613,0.398,0.351,0.569,0.453,0.286,0.204,0.368,0.308,0.655,-0.04,0.44,0.449,0.445,0.56,0.56,0.118,0.494,0.805,-0.083,0.513,0.405,0.514,0.409,0.347,0.726,0.344,0.492,0.429,0.565,0.613,0.769,0.797,0.161,0.718,0.693,0.521,0.25,0.452,0.673,0.529,0.396,0.451,0.569,0.002,0.385,0.363,0.187,0.404,0.561,-0.005,0.351,0.094,0.338,0.239,0.175,0.724,0.177,0.442,0.627,0.51,0.651,0.232,0.343,0.792,0.382,0.436,0.541,0.496,0.441,0.574,0.266,0.236,0.754,0.314,0.582,0.405,0.002,0.52,0.395,0.261,0.459,0.777,0.427,0.11,0.284,0.47,0.739,0.534,0.092,0.606,0.517,0.395,0.719,0.638,0.472,0.441,0.678,0.758,0.433,0.684,0.566,0.468,0.449,0.176,0.688,0.301,0.304,0.64,0.441,0.604,0.043,0.574,0.348,0.609,0.507,0.6,0.083,0.338,0.634,0.746,0.613,0.5,0.561,0.772,0.394,0.577,0.447,0.342,0.787,0.571,0.347,0.289
AKBA,0.373,0.446,0.255,0.456,0.372,0.217,0.435,0.54,1.0,0.38,0.435,0.344,0.319,0.176,0.007,0.427,0.383,0.325,0.207,0.085,0.461,0.431,0.347,0.145,0.225,0.502,0.191,0.29,0.287,0.575,0.485,0.142,0.145,0.53,0.605,-0.35,0.418,0.259,0.492,0.158,0.075,0.546,0.55,0.431,0.407,0.268,0.359,0.381,0.409,0.461,0.28,0.233,0.304,0.222,0.421,0.342,0.124,0.33,0.504,0.333,0.241,0.17,0.512,0.207,0.519,-0.077,0.4,0.402,0.411,0.348,0.45,0.264,0.366,0.156,0.415,0.358,0.439,0.094,0.384,0.4,0.253,0.201,0.23,0.027,0.475,0.465,-0.049,0.384,0.354,0.535,0.415,0.712,0.55,0.295,0.263,0.275,0.135,0.541,0.468,0.375,0.015,0.562,0.359,0.504,0.354,0.352,0.373,0.34,0.336,0.359,0.273,0.066,0.415,0.422,0.28,0.479,0.427,0.08,0.41,0.133,0.283,0.21,0.24,0.501,0.153,0.549,0.502,0.215,0.4,0.155,0.231,0.532,0.218,0.283,0.504,0.322,0.351,0.433,0.249,0.205,0.557,0.308,0.362,0.093,0.037,0.392,0.279,0.328,0.326,0.579,0.266,0.049,0.264,0.513,0.515,0.482,0.058,0.479,0.146,0.265,0.537,0.477,0.502,0.222,0.362,0.421,0.465,0.34,0.611,0.541,0.448,0.221,0.485,0.171,0.264,0.336,0.343,0.368,0.259,0.5,0.285,0.331,0.459,0.124,0.144,0.187,0.374,0.384,0.559,0.412,0.312,0.437,0.429,0.351,0.417,0.322,0.521,0.25,0.161,0.267
ALT,0.229,0.596,0.1,0.611,0.693,-0.124,0.418,0.431,0.38,1.0,0.669,0.585,0.489,0.464,0.464,0.563,0.586,0.422,0.274,0.438,0.445,0.539,0.458,0.286,0.425,0.425,0.511,0.534,0.671,0.376,0.614,0.449,0.396,0.485,0.437,-0.391,0.294,0.538,0.491,0.529,0.33,0.511,0.27,0.456,0.487,0.481,0.487,0.549,0.63,0.467,0.543,0.591,0.448,0.439,-0.152,0.293,0.464,0.524,0.709,0.442,0.304,0.543,0.502,0.267,0.6,0.223,0.57,0.335,0.297,0.588,0.604,0.509,0.557,0.416,0.452,0.305,0.237,0.07,0.602,0.601,0.46,0.621,0.306,0.306,0.397,0.473,0.021,0.319,0.566,0.547,0.297,0.35,0.424,0.595,0.667,0.552,0.524,0.593,0.608,0.564,-0.098,0.492,0.66,0.39,0.414,0.631,0.348,0.584,0.427,0.539,0.66,0.226,0.538,0.566,0.519,0.604,0.547,0.293,0.488,0.363,0.412,0.362,0.569,0.483,0.41,0.603,0.27,0.417,0.601,0.457,0.467,0.627,0.347,0.489,0.112,0.554,0.611,0.683,0.411,0.541,0.662,0.435,0.624,0.111,0.333,0.604,0.551,-0.018,0.55,0.683,0.468,0.412,0.468,0.513,0.605,0.365,0.385,0.576,0.453,0.486,0.661,0.112,0.392,-0.156,0.564,0.42,0.423,0.54,0.462,0.435,0.119,0.369,0.474,0.476,0.496,0.556,0.54,0.247,-0.14,0.264,0.442,0.403,0.085,0.413,0.185,0.11,0.729,0.594,0.463,0.629,0.61,0.686,0.452,0.45,0.398,0.181,0.484,0.454,0.062,0.499
AMAT,0.141,0.903,-0.179,0.838,0.869,0.043,0.786,0.645,0.435,0.669,1.0,0.825,0.795,0.642,0.649,0.751,0.804,0.649,0.462,0.581,0.719,0.811,0.67,0.451,0.145,0.648,0.76,0.738,0.779,0.607,0.756,0.663,0.688,0.78,0.733,-0.572,0.609,0.843,0.772,0.796,0.604,0.702,0.587,0.783,0.834,0.779,0.796,0.866,0.73,0.655,0.803,0.71,0.551,0.614,-0.029,0.608,0.776,0.837,0.887,0.662,0.421,0.801,0.844,0.554,0.698,0.491,0.804,0.672,0.45,0.684,0.866,0.836,0.79,0.689,0.738,0.577,0.229,0.353,0.876,0.87,0.641,0.783,0.557,0.53,0.731,0.576,0.156,0.508,0.863,0.737,0.231,0.453,0.386,0.736,0.84,0.839,0.794,0.907,0.808,0.658,-0.239,0.801,0.883,0.548,0.755,0.888,0.453,0.51,0.604,0.862,0.781,0.435,0.811,0.854,0.715,0.789,0.791,0.427,0.778,0.557,0.753,0.475,0.688,0.508,0.664,0.846,0.569,0.523,0.843,0.508,0.704,0.724,0.542,0.614,0.204,0.652,0.835,0.833,0.737,0.65,0.803,0.817,0.81,-0.022,0.465,0.908,0.871,-0.136,0.829,0.86,0.733,0.634,0.577,0.811,0.703,0.561,0.552,0.902,0.593,0.774,0.87,0.199,0.725,-0.19,0.674,0.529,0.783,0.564,0.673,0.53,0.41,0.654,0.487,0.837,0.65,0.812,0.793,0.2,-0.379,0.514,0.681,0.613,0.442,0.576,0.233,0.237,0.838,0.847,0.705,0.854,0.831,0.769,0.764,0.65,0.758,0.314,0.648,0.752,0.163,0.694
AMD,0.08,0.862,-0.219,0.871,0.76,-0.038,0.678,0.456,0.344,0.585,0.825,1.0,0.787,0.856,0.554,0.73,0.625,0.802,0.549,0.739,0.704,0.693,0.708,0.647,0.053,0.559,0.749,0.65,0.785,0.485,0.718,0.764,0.603,0.604,0.586,-0.701,0.465,0.729,0.592,0.787,0.698,0.606,0.373,0.825,0.742,0.753,0.639,0.704,0.496,0.657,0.773,0.744,0.509,0.751,0.136,0.676,0.802,0.834,0.745,0.7,0.353,0.766,0.667,0.615,0.528,0.352,0.852,0.545,0.273,0.693,0.674,0.815,0.783,0.62,0.782,0.639,0.303,0.472,0.85,0.87,0.628,0.687,0.303,0.503,0.548,0.424,0.149,0.573,0.773,0.785,0.331,0.417,0.283,0.869,0.768,0.803,0.65,0.76,0.632,0.494,-0.257,0.68,0.723,0.664,0.723,0.832,0.378,0.557,0.76,0.828,0.772,0.634,0.823,0.832,0.67,0.823,0.577,0.542,0.735,0.797,0.746,0.614,0.772,0.373,0.639,0.856,0.344,0.333,0.633,0.731,0.881,0.545,0.692,0.687,0.094,0.684,0.813,0.637,0.686,0.736,0.665,0.747,0.853,-0.174,0.674,0.843,0.817,-0.216,0.73,0.7,0.79,0.684,0.817,0.682,0.63,0.468,0.575,0.806,0.613,0.759,0.796,0.011,0.629,-0.268,0.546,0.371,0.671,0.359,0.651,0.628,0.215,0.678,0.488,0.758,0.835,0.808,0.751,0.177,-0.414,0.335,0.737,0.365,0.202,0.542,0.477,0.199,0.701,0.746,0.488,0.765,0.686,0.61,0.7,0.769,0.649,0.048,0.385,0.625,0.271,0.798
AMGN,-0.227,0.889,-0.37,0.777,0.81,-0.096,0.715,0.297,0.319,0.489,0.795,0.787,1.0,0.755,0.543,0.736,0.619,0.73,0.5,0.641,0.821,0.844,0.828,0.593,-0.066,0.587,0.767,0.586,0.846,0.517,0.745,0.761,0.623,0.568,0.684,-0.637,0.565,0.852,0.681,0.849,0.841,0.464,0.447,0.792,0.887,0.745,0.773,0.734,0.408,0.673,0.826,0.716,0.356,0.664,-0.056,0.72,0.873,0.907,0.733,0.813,0.203,0.769,0.706,0.634,0.375,0.49,0.88,0.6,0.291,0.734,0.773,0.866,0.833,0.778,0.777,0.587,0.077,0.594,0.917,0.906,0.558,0.657,0.287,0.636,0.664,0.293,0.297,0.411,0.839,0.749,0.04,0.435,0.118,0.782,0.796,0.882,0.655,0.778,0.564,0.299,-0.462,0.576,0.701,0.533,0.861,0.847,0.078,0.39,0.581,0.883,0.642,0.67,0.838,0.899,0.794,0.853,0.681,0.498,0.897,0.698,0.788,0.536,0.782,0.289,0.763,0.815,0.359,0.29,0.579,0.558,0.75,0.461,0.573,0.608,-0.114,0.651,0.856,0.696,0.796,0.704,0.568,0.912,0.78,-0.334,0.609,0.844,0.885,-0.325,0.825,0.63,0.788,0.721,0.66,0.718,0.53,0.368,0.794,0.868,0.463,0.844,0.685,-0.128,0.644,-0.451,0.429,0.21,0.788,0.315,0.666,0.564,0.344,0.738,0.239,0.747,0.73,0.651,0.848,-0.161,-0.587,0.308,0.728,0.359,0.306,0.431,0.399,0.131,0.691,0.574,0.509,0.871,0.665,0.485,0.837,0.559,0.785,0.152,0.307,0.7,0.049,0.81
AMZN,-0.125,0.758,-0.249,0.742,0.64,-0.158,0.482,0.21,0.176,0.464,0.642,0.856,0.755,1.0,0.496,0.686,0.479,0.822,0.657,0.826,0.655,0.547,0.68,0.823,0.024,0.461,0.699,0.496,0.727,0.327,0.628,0.834,0.575,0.412,0.478,-0.675,0.337,0.645,0.462,0.749,0.74,0.405,0.243,0.726,0.615,0.613,0.503,0.623,0.316,0.577,0.788,0.785,0.348,0.731,0.13,0.732,0.756,0.791,0.609,0.688,0.23,0.713,0.488,0.601,0.339,0.244,0.781,0.437,0.18,0.639,0.521,0.783,0.598,0.495,0.694,0.6,0.118,0.575,0.775,0.777,0.603,0.602,0.13,0.505,0.397,0.275,0.237,0.564,0.632,0.68,0.203,0.311,0.124,0.821,0.649,0.719,0.533,0.584,0.395,0.269,-0.368,0.446,0.565,0.652,0.617,0.695,0.151,0.543,0.759,0.72,0.639,0.738,0.713,0.723,0.661,0.755,0.409,0.487,0.636,0.951,0.768,0.701,0.733,0.301,0.648,0.681,0.122,0.153,0.475,0.84,0.773,0.297,0.679,0.648,-0.09,0.631,0.724,0.467,0.622,0.723,0.486,0.65,0.816,-0.324,0.774,0.74,0.678,-0.321,0.595,0.498,0.786,0.671,0.931,0.475,0.448,0.403,0.663,0.653,0.608,0.659,0.633,-0.217,0.474,-0.44,0.44,0.162,0.509,0.202,0.552,0.527,0.129,0.574,0.362,0.606,0.843,0.643,0.633,0.054,-0.531,0.159,0.784,0.142,0.048,0.425,0.561,0.094,0.507,0.534,0.288,0.647,0.544,0.474,0.6,0.749,0.522,-0.169,0.107,0.519,0.215,0.717
APA,0.086,0.568,-0.177,0.475,0.696,-0.133,0.536,0.42,0.007,0.464,0.649,0.554,0.543,0.496,1.0,0.637,0.624,0.505,0.597,0.488,0.517,0.557,0.514,0.538,0.246,0.337,0.781,0.725,0.677,0.283,0.613,0.587,0.558,0.51,0.386,-0.118,0.454,0.62,0.61,0.625,0.425,0.418,0.306,0.475,0.54,0.615,0.592,0.699,0.658,0.481,0.568,0.672,0.384,0.466,-0.313,0.441,0.54,0.585,0.661,0.435,0.442,0.739,0.587,0.512,0.464,0.727,0.602,0.483,0.289,0.604,0.647,0.653,0.559,0.515,0.398,0.397,0.135,0.279,0.586,0.601,0.545,0.732,0.45,0.696,0.431,0.301,0.261,0.414,0.615,0.492,0.039,0.14,0.198,0.524,0.682,0.657,0.749,0.556,0.621,0.502,-0.253,0.497,0.699,0.276,0.453,0.632,0.355,0.427,0.485,0.568,0.609,0.42,0.61,0.53,0.563,0.471,0.55,0.415,0.512,0.401,0.604,0.495,0.485,0.343,0.604,0.491,0.322,0.564,0.63,0.412,0.632,0.578,0.49,0.668,-0.031,0.697,0.666,0.65,0.529,0.677,0.53,0.522,0.538,0.165,0.478,0.646,0.66,-0.286,0.671,0.588,0.505,0.634,0.413,0.436,0.555,0.42,0.672,0.656,0.758,0.695,0.554,-0.074,0.398,-0.254,0.481,0.358,0.478,0.506,0.437,0.242,0.126,0.581,0.314,0.643,0.604,0.686,0.615,0.187,-0.423,0.37,0.623,0.496,0.174,0.453,0.193,0.047,0.676,0.616,0.357,0.683,0.728,0.606,0.524,0.507,0.487,0.332,0.348,0.609,-0.089,0.551
APPS,0.066,0.772,-0.074,0.768,0.76,-0.109,0.686,0.557,0.427,0.563,0.751,0.73,0.736,0.686,0.637,1.0,0.699,0.771,0.653,0.525,0.759,0.651,0.709,0.688,0.313,0.459,0.664,0.625,0.81,0.535,0.82,0.649,0.675,0.627,0.645,-0.52,0.575,0.709,0.675,0.698,0.53,0.608,0.507,0.67,0.644,0.737,0.625,0.793,0.615,0.702,0.789,0.753,0.576,0.642,0.008,0.644,0.646,0.783,0.771,0.672,0.54,0.713,0.712,0.653,0.588,0.305,0.767,0.608,0.274,0.759,0.683,0.769,0.587,0.478,0.613,0.56,0.407,0.444,0.771,0.781,0.702,0.755,0.464,0.491,0.534,0.534,0.243,0.619,0.702,0.669,0.26,0.4,0.316,0.703,0.721,0.719,0.661,0.729,0.649,0.529,-0.371,0.665,0.74,0.642,0.602,0.729,0.381,0.656,0.673,0.71,0.729,0.551,0.728,0.713,0.727,0.687,0.6,0.376,0.682,0.616,0.745,0.517,0.61,0.546,0.686,0.688,0.499,0.485,0.646,0.548,0.777,0.607,0.725,0.804,0.133,0.773,0.743,0.685,0.592,0.781,0.694,0.629,0.757,-0.015,0.481,0.797,0.698,-0.158,0.734,0.703,0.719,0.484,0.7,0.61,0.674,0.462,0.617,0.794,0.729,0.805,0.724,0.12,0.521,-0.06,0.502,0.485,0.629,0.522,0.749,0.503,0.333,0.517,0.471,0.606,0.683,0.76,0.759,0.206,-0.39,0.409,0.748,0.596,0.296,0.622,0.53,0.286,0.745,0.73,0.508,0.783,0.724,0.677,0.709,0.655,0.637,0.193,0.423,0.713,0.137,0.616
ARCC,0.3,0.783,-0.062,0.593,0.774,0.067,0.764,0.732,0.383,0.586,0.804,0.625,0.619,0.479,0.624,0.699,1.0,0.557,0.533,0.36,0.609,0.709,0.554,0.342,0.274,0.395,0.583,0.727,0.683,0.694,0.76,0.539,0.676,0.887,0.686,-0.434,0.622,0.743,0.724,0.56,0.4,0.754,0.546,0.554,0.666,0.714,0.705,0.838,0.743,0.479,0.653,0.518,0.471,0.419,-0.17,0.354,0.572,0.698,0.823,0.481,0.395,0.635,0.804,0.363,0.739,0.433,0.632,0.732,0.484,0.518,0.823,0.749,0.557,0.582,0.596,0.466,0.355,0.073,0.756,0.739,0.656,0.815,0.609,0.393,0.746,0.726,-0.038,0.488,0.648,0.605,0.144,0.325,0.592,0.54,0.789,0.758,0.786,0.758,0.849,0.71,-0.233,0.807,0.827,0.474,0.594,0.762,0.508,0.454,0.533,0.736,0.632,0.192,0.606,0.646,0.564,0.646,0.741,0.301,0.685,0.368,0.602,0.407,0.501,0.6,0.438,0.587,0.636,0.709,0.709,0.329,0.546,0.746,0.446,0.571,0.217,0.62,0.686,0.819,0.619,0.473,0.819,0.67,0.726,0.214,0.348,0.724,0.687,-0.103,0.788,0.829,0.633,0.411,0.388,0.683,0.752,0.675,0.478,0.791,0.597,0.669,0.849,0.337,0.733,-0.065,0.726,0.679,0.736,0.665,0.571,0.466,0.464,0.51,0.552,0.588,0.559,0.734,0.649,0.371,-0.272,0.58,0.645,0.741,0.508,0.645,0.088,0.298,0.872,0.778,0.722,0.771,0.751,0.74,0.684,0.602,0.74,0.434,0.713,0.838,0.133,0.56
ARDX,-0.01,0.76,-0.047,0.762,0.649,0.001,0.507,0.402,0.325,0.422,0.649,0.802,0.73,0.822,0.505,0.771,0.557,1.0,0.646,0.561,0.691,0.514,0.659,0.722,0.17,0.377,0.625,0.497,0.75,0.326,0.664,0.752,0.61,0.493,0.487,-0.521,0.367,0.631,0.48,0.72,0.647,0.396,0.305,0.673,0.571,0.647,0.458,0.703,0.341,0.657,0.738,0.652,0.496,0.643,0.102,0.625,0.72,0.752,0.649,0.602,0.433,0.574,0.497,0.477,0.417,0.163,0.73,0.438,0.057,0.658,0.522,0.724,0.534,0.443,0.597,0.596,0.398,0.526,0.748,0.75,0.536,0.588,0.062,0.378,0.381,0.404,0.125,0.589,0.614,0.708,0.3,0.389,0.221,0.812,0.638,0.66,0.546,0.581,0.442,0.379,-0.39,0.501,0.639,0.694,0.582,0.595,0.186,0.593,0.742,0.689,0.628,0.607,0.622,0.663,0.589,0.661,0.438,0.514,0.581,0.787,0.706,0.621,0.673,0.432,0.539,0.606,0.219,0.223,0.53,0.713,0.806,0.438,0.747,0.707,0.037,0.703,0.71,0.459,0.535,0.671,0.605,0.618,0.807,-0.2,0.649,0.719,0.684,-0.257,0.597,0.528,0.677,0.495,0.836,0.406,0.531,0.302,0.65,0.676,0.73,0.669,0.696,-0.138,0.5,-0.203,0.503,0.248,0.507,0.285,0.584,0.542,0.138,0.523,0.459,0.481,0.742,0.641,0.679,0.157,-0.441,0.182,0.693,0.208,0.125,0.551,0.543,0.204,0.559,0.611,0.307,0.653,0.557,0.543,0.59,0.68,0.46,-0.105,0.196,0.49,0.289,0.773
ATER,0.159,0.524,0.004,0.479,0.526,-0.067,0.403,0.394,0.207,0.274,0.462,0.549,0.5,0.657,0.597,0.653,0.533,0.646,1.0,0.461,0.534,0.386,0.576,0.757,0.157,0.318,0.562,0.461,0.589,0.334,0.619,0.67,0.486,0.428,0.397,-0.336,0.305,0.444,0.448,0.511,0.396,0.342,0.385,0.485,0.386,0.42,0.34,0.545,0.385,0.517,0.597,0.598,0.338,0.439,0.105,0.516,0.431,0.583,0.522,0.308,0.368,0.597,0.434,0.456,0.334,0.196,0.593,0.377,0.058,0.45,0.395,0.547,0.385,0.309,0.413,0.469,0.339,0.347,0.506,0.505,0.447,0.507,0.145,0.443,0.275,0.25,0.105,0.568,0.422,0.573,0.324,0.289,0.285,0.515,0.455,0.508,0.481,0.435,0.387,0.342,-0.251,0.434,0.477,0.543,0.328,0.436,0.259,0.478,0.742,0.522,0.444,0.439,0.507,0.441,0.428,0.478,0.343,0.359,0.436,0.608,0.459,0.557,0.468,0.481,0.458,0.44,0.173,0.234,0.376,0.569,0.577,0.387,0.572,0.688,0.102,0.652,0.553,0.41,0.357,0.556,0.479,0.399,0.627,-0.075,0.529,0.519,0.455,-0.235,0.452,0.493,0.507,0.443,0.621,0.294,0.469,0.443,0.621,0.531,0.664,0.537,0.515,-0.066,0.379,-0.064,0.35,0.317,0.328,0.257,0.524,0.439,0.239,0.378,0.402,0.395,0.713,0.561,0.468,0.304,-0.276,0.265,0.752,0.21,0.105,0.36,0.409,0.051,0.468,0.509,0.227,0.47,0.508,0.543,0.44,0.6,0.392,-0.027,0.153,0.412,0.205,0.484
ATOS,-0.193,0.616,-0.337,0.626,0.56,-0.225,0.458,0.109,0.085,0.438,0.581,0.739,0.641,0.826,0.488,0.525,0.36,0.561,0.461,1.0,0.559,0.527,0.602,0.613,-0.072,0.488,0.645,0.462,0.564,0.305,0.455,0.617,0.375,0.311,0.425,-0.613,0.315,0.53,0.404,0.662,0.682,0.347,0.21,0.611,0.561,0.584,0.5,0.501,0.304,0.498,0.648,0.696,0.249,0.718,0.158,0.691,0.668,0.646,0.479,0.676,0.147,0.707,0.436,0.613,0.268,0.354,0.664,0.356,0.281,0.552,0.487,0.706,0.583,0.49,0.664,0.465,-0.02,0.459,0.664,0.666,0.395,0.539,0.17,0.454,0.387,0.118,0.259,0.339,0.572,0.495,0.121,0.217,-0.025,0.691,0.542,0.651,0.508,0.584,0.327,0.213,-0.253,0.358,0.429,0.406,0.57,0.652,0.159,0.422,0.531,0.584,0.476,0.685,0.7,0.669,0.613,0.669,0.387,0.455,0.566,0.778,0.636,0.639,0.647,0.079,0.621,0.677,0.11,0.16,0.409,0.762,0.673,0.242,0.5,0.462,-0.109,0.434,0.635,0.397,0.585,0.699,0.296,0.586,0.618,-0.304,0.727,0.649,0.604,-0.346,0.527,0.399,0.676,0.716,0.746,0.491,0.317,0.322,0.544,0.564,0.425,0.575,0.468,-0.285,0.451,-0.426,0.275,0.112,0.48,0.145,0.437,0.448,0.167,0.608,0.259,0.658,0.638,0.588,0.531,-0.042,-0.506,0.19,0.579,0.175,0.042,0.253,0.475,-0.01,0.418,0.423,0.241,0.604,0.469,0.337,0.569,0.661,0.503,-0.068,0.069,0.428,0.102,0.624
AUPH,-0.131,0.826,-0.354,0.649,0.71,-0.015,0.654,0.315,0.461,0.445,0.719,0.704,0.821,0.655,0.517,0.759,0.609,0.691,0.534,0.559,1.0,0.801,0.759,0.575,-0.079,0.659,0.73,0.555,0.672,0.591,0.75,0.671,0.518,0.661,0.791,-0.607,0.689,0.681,0.693,0.686,0.701,0.537,0.501,0.799,0.825,0.692,0.743,0.716,0.423,0.745,0.799,0.662,0.219,0.566,0.118,0.706,0.762,0.769,0.692,0.759,0.205,0.708,0.691,0.674,0.377,0.466,0.747,0.598,0.4,0.733,0.713,0.764,0.773,0.738,0.755,0.516,0.064,0.478,0.807,0.796,0.544,0.587,0.296,0.545,0.708,0.275,0.234,0.461,0.806,0.688,0.108,0.552,0.219,0.724,0.7,0.806,0.517,0.769,0.542,0.263,-0.436,0.629,0.588,0.482,0.833,0.732,0.114,0.303,0.541,0.779,0.53,0.614,0.804,0.804,0.722,0.829,0.7,0.509,0.83,0.647,0.758,0.501,0.711,0.351,0.744,0.76,0.528,0.304,0.57,0.462,0.735,0.436,0.535,0.666,0.007,0.648,0.765,0.641,0.764,0.755,0.549,0.819,0.654,-0.28,0.625,0.794,0.776,-0.24,0.75,0.641,0.644,0.659,0.586,0.756,0.56,0.512,0.729,0.79,0.455,0.821,0.653,-0.038,0.759,-0.371,0.423,0.292,0.796,0.38,0.732,0.529,0.467,0.707,0.278,0.701,0.653,0.594,0.746,0.005,-0.351,0.44,0.716,0.423,0.467,0.223,0.375,-0.0,0.62,0.482,0.638,0.786,0.612,0.46,0.801,0.52,0.715,0.244,0.346,0.635,-0.079,0.725
AVGO,-0.122,0.871,-0.407,0.679,0.816,0.003,0.838,0.416,0.431,0.539,0.811,0.693,0.844,0.547,0.557,0.651,0.709,0.514,0.386,0.527,0.801,1.0,0.777,0.347,-0.1,0.649,0.739,0.761,0.735,0.673,0.683,0.579,0.536,0.736,0.789,-0.546,0.749,0.859,0.757,0.747,0.695,0.616,0.552,0.713,0.947,0.781,0.907,0.746,0.609,0.552,0.688,0.583,0.296,0.574,-0.077,0.631,0.778,0.822,0.753,0.793,0.1,0.686,0.846,0.516,0.481,0.647,0.806,0.726,0.595,0.664,0.9,0.792,0.882,0.859,0.819,0.459,0.032,0.406,0.864,0.874,0.522,0.716,0.49,0.586,0.876,0.359,0.259,0.326,0.913,0.677,-0.046,0.427,0.253,0.648,0.835,0.872,0.585,0.868,0.699,0.329,-0.33,0.717,0.69,0.321,0.909,0.865,0.2,0.237,0.418,0.854,0.574,0.452,0.85,0.916,0.811,0.843,0.843,0.441,0.938,0.471,0.713,0.438,0.744,0.302,0.642,0.861,0.622,0.505,0.645,0.328,0.603,0.577,0.3,0.525,0.036,0.584,0.854,0.783,0.849,0.602,0.573,0.905,0.636,-0.208,0.523,0.808,0.886,-0.213,0.867,0.756,0.635,0.659,0.385,0.896,0.566,0.522,0.643,0.887,0.339,0.802,0.719,0.088,0.773,-0.36,0.51,0.361,0.91,0.514,0.623,0.506,0.541,0.77,0.232,0.756,0.563,0.623,0.817,-0.099,-0.381,0.46,0.623,0.592,0.59,0.313,0.115,0.097,0.755,0.579,0.749,0.843,0.68,0.459,0.904,0.5,0.873,0.481,0.535,0.784,-0.169,0.691
AZN,-0.306,0.771,-0.377,0.751,0.696,-0.236,0.745,0.224,0.347,0.458,0.67,0.708,0.828,0.68,0.514,0.709,0.554,0.659,0.576,0.602,0.759,0.777,1.0,0.616,-0.12,0.563,0.749,0.569,0.713,0.44,0.626,0.725,0.514,0.485,0.555,-0.653,0.574,0.679,0.594,0.768,0.72,0.326,0.379,0.654,0.725,0.708,0.6,0.652,0.36,0.586,0.741,0.612,0.316,0.807,-0.014,0.726,0.766,0.843,0.558,0.797,0.08,0.667,0.677,0.558,0.251,0.375,0.853,0.431,0.158,0.616,0.685,0.723,0.778,0.635,0.758,0.621,0.047,0.513,0.799,0.809,0.376,0.606,0.193,0.513,0.578,0.106,0.113,0.402,0.78,0.647,0.182,0.332,-0.039,0.626,0.634,0.761,0.501,0.706,0.434,0.169,-0.574,0.576,0.519,0.483,0.762,0.762,0.129,0.276,0.652,0.747,0.467,0.573,0.778,0.868,0.813,0.724,0.528,0.55,0.825,0.666,0.673,0.643,0.778,0.169,0.654,0.792,0.283,0.323,0.361,0.473,0.724,0.35,0.491,0.627,-0.086,0.615,0.828,0.562,0.621,0.675,0.433,0.794,0.631,-0.427,0.665,0.703,0.797,-0.482,0.797,0.509,0.608,0.557,0.539,0.632,0.316,0.331,0.726,0.762,0.449,0.747,0.585,-0.258,0.629,-0.333,0.22,0.075,0.756,0.135,0.563,0.496,0.369,0.741,0.132,0.724,0.69,0.592,0.67,-0.211,-0.529,0.251,0.751,0.342,0.205,0.348,0.422,0.121,0.567,0.501,0.355,0.754,0.579,0.367,0.869,0.427,0.761,0.055,0.135,0.555,0.123,0.711
BCRX,-0.111,0.545,-0.173,0.564,0.456,-0.226,0.34,0.152,0.145,0.286,0.451,0.647,0.593,0.823,0.538,0.688,0.342,0.722,0.757,0.613,0.575,0.347,0.616,1.0,0.043,0.41,0.638,0.376,0.57,0.212,0.569,0.76,0.439,0.277,0.358,-0.512,0.24,0.452,0.358,0.565,0.522,0.26,0.209,0.603,0.417,0.479,0.328,0.522,0.233,0.601,0.697,0.76,0.288,0.587,0.167,0.731,0.544,0.664,0.449,0.529,0.355,0.654,0.344,0.694,0.205,0.17,0.611,0.255,-0.059,0.667,0.357,0.582,0.44,0.312,0.458,0.596,0.187,0.691,0.546,0.55,0.537,0.429,0.044,0.569,0.206,0.137,0.392,0.596,0.426,0.604,0.305,0.338,0.027,0.665,0.444,0.529,0.426,0.377,0.277,0.201,-0.409,0.361,0.404,0.659,0.411,0.481,0.121,0.458,0.762,0.539,0.551,0.786,0.506,0.512,0.514,0.576,0.186,0.484,0.46,0.819,0.685,0.639,0.552,0.289,0.667,0.474,0.056,0.085,0.32,0.695,0.698,0.183,0.753,0.753,0.009,0.687,0.623,0.293,0.481,0.737,0.372,0.424,0.676,-0.253,0.678,0.592,0.479,-0.327,0.45,0.33,0.674,0.534,0.816,0.312,0.364,0.337,0.627,0.5,0.622,0.614,0.445,-0.223,0.326,-0.344,0.247,0.126,0.302,0.095,0.608,0.44,0.044,0.48,0.251,0.488,0.77,0.559,0.493,0.077,-0.438,0.153,0.79,0.05,-0.065,0.338,0.661,0.043,0.38,0.458,0.088,0.492,0.446,0.432,0.433,0.63,0.38,-0.187,-0.049,0.344,0.221,0.543
BGC,0.47,0.054,0.753,0.198,0.263,0.12,-0.047,0.405,0.225,0.425,0.145,0.053,-0.066,0.024,0.246,0.313,0.274,0.17,0.157,-0.072,-0.079,-0.1,-0.12,0.043,1.0,-0.156,-0.113,0.222,0.282,0.032,0.331,0.07,0.199,0.179,0.035,0.164,-0.076,0.065,0.31,-0.005,-0.279,0.253,0.05,-0.076,-0.106,0.037,0.016,0.251,0.419,0.153,-0.002,0.144,0.483,-0.02,-0.179,-0.185,-0.149,-0.041,0.336,-0.109,0.53,0.123,0.059,-0.084,0.527,-0.159,0.054,0.173,0.128,0.19,0.147,0.139,-0.12,-0.212,-0.197,-0.024,0.485,-0.248,0.089,0.073,0.287,0.291,0.215,-0.004,-0.116,0.531,-0.083,0.279,-0.054,0.093,0.202,0.125,0.439,0.035,0.17,-0.061,0.355,0.138,0.367,0.551,0.279,0.04,0.396,0.213,-0.26,0.065,0.4,0.594,0.157,0.012,0.337,-0.174,0.012,-0.1,-0.04,-0.119,0.152,-0.135,-0.159,-0.107,-0.023,-0.037,-0.082,0.528,-0.062,-0.042,0.078,0.356,0.339,0.129,0.088,0.506,0.272,0.222,0.125,0.253,0.003,0.293,-0.218,0.167,0.454,-0.141,0.218,0.591,-0.189,0.157,-0.097,0.274,-0.047,0.339,-0.014,-0.106,0.154,-0.099,0.45,0.104,-0.024,0.115,0.465,-0.001,0.297,0.301,-0.18,0.352,0.414,0.474,-0.151,0.455,0.134,0.035,-0.117,-0.227,0.5,-0.139,0.085,0.27,0.143,0.476,0.138,0.099,0.029,0.279,-0.059,0.419,0.035,0.257,0.341,0.306,0.127,0.141,0.341,0.537,-0.125,0.205,-0.142,0.139,0.395,0.122,0.109,-0.068
BIDU,0.006,0.629,-0.243,0.582,0.531,0.062,0.481,0.319,0.502,0.425,0.648,0.559,0.587,0.461,0.337,0.459,0.395,0.377,0.318,0.488,0.659,0.649,0.563,0.41,-0.156,1.0,0.656,0.366,0.469,0.466,0.483,0.415,0.315,0.516,0.649,-0.497,0.525,0.529,0.531,0.54,0.525,0.393,0.444,0.695,0.672,0.4,0.571,0.492,0.436,0.566,0.659,0.596,0.116,0.408,0.301,0.61,0.549,0.547,0.604,0.573,0.08,0.552,0.576,0.531,0.4,0.323,0.587,0.365,0.414,0.604,0.612,0.502,0.66,0.585,0.617,0.418,0.022,0.476,0.609,0.601,0.285,0.397,0.22,0.398,0.611,0.16,0.347,0.33,0.662,0.568,0.379,0.655,0.21,0.568,0.404,0.628,0.343,0.629,0.47,0.241,-0.174,0.595,0.465,0.366,0.624,0.619,0.136,0.268,0.319,0.525,0.474,0.463,0.633,0.688,0.533,0.738,0.496,0.351,0.615,0.458,0.583,0.347,0.613,0.227,0.551,0.714,0.356,0.245,0.54,0.397,0.437,0.383,0.273,0.467,0.25,0.524,0.636,0.507,0.579,0.513,0.454,0.589,0.557,-0.271,0.382,0.639,0.586,-0.141,0.564,0.554,0.529,0.508,0.453,0.662,0.469,0.396,0.408,0.629,0.203,0.579,0.484,0.088,0.633,-0.309,0.307,0.136,0.608,0.297,0.601,0.62,0.369,0.572,0.256,0.672,0.435,0.447,0.533,0.052,-0.083,0.378,0.482,0.281,0.469,0.074,0.211,-0.075,0.474,0.431,0.492,0.625,0.497,0.46,0.582,0.437,0.587,0.277,0.354,0.405,0.01,0.549
BILI,-0.13,0.775,-0.447,0.643,0.71,-0.165,0.624,0.305,0.191,0.511,0.76,0.749,0.767,0.699,0.781,0.664,0.583,0.625,0.562,0.645,0.73,0.739,0.749,0.638,-0.113,0.656,1.0,0.614,0.73,0.384,0.624,0.74,0.559,0.554,0.543,-0.442,0.594,0.725,0.61,0.826,0.694,0.437,0.307,0.723,0.771,0.668,0.701,0.725,0.516,0.56,0.762,0.756,0.24,0.635,-0.106,0.665,0.755,0.821,0.726,0.678,0.153,0.761,0.712,0.597,0.357,0.649,0.802,0.473,0.292,0.687,0.727,0.73,0.798,0.733,0.712,0.545,-0.01,0.482,0.768,0.785,0.49,0.677,0.359,0.7,0.62,0.193,0.314,0.41,0.819,0.697,0.107,0.336,0.118,0.698,0.712,0.83,0.603,0.676,0.554,0.3,-0.442,0.634,0.675,0.45,0.746,0.789,0.138,0.32,0.554,0.74,0.629,0.593,0.803,0.813,0.765,0.786,0.581,0.535,0.774,0.664,0.812,0.592,0.75,0.228,0.736,0.744,0.348,0.388,0.568,0.497,0.721,0.424,0.487,0.68,-0.07,0.689,0.858,0.663,0.726,0.717,0.54,0.75,0.679,-0.264,0.596,0.805,0.841,-0.34,0.836,0.629,0.723,0.695,0.586,0.66,0.515,0.484,0.688,0.788,0.619,0.826,0.627,-0.148,0.597,-0.501,0.433,0.159,0.718,0.391,0.581,0.462,0.187,0.723,0.175,0.794,0.715,0.666,0.692,-0.009,-0.463,0.3,0.752,0.355,0.243,0.347,0.304,-0.062,0.645,0.559,0.466,0.764,0.691,0.512,0.732,0.549,0.71,0.19,0.274,0.643,-0.066,0.779
BKR,0.098,0.713,-0.114,0.612,0.766,0.109,0.754,0.581,0.29,0.534,0.738,0.65,0.586,0.496,0.725,0.625,0.727,0.497,0.461,0.462,0.555,0.761,0.569,0.376,0.222,0.366,0.614,1.0,0.645,0.489,0.596,0.55,0.47,0.702,0.554,-0.37,0.62,0.716,0.735,0.614,0.365,0.642,0.445,0.603,0.706,0.731,0.772,0.81,0.773,0.476,0.54,0.497,0.53,0.544,-0.172,0.491,0.586,0.701,0.687,0.595,0.431,0.646,0.764,0.442,0.637,0.613,0.657,0.719,0.504,0.611,0.816,0.697,0.704,0.634,0.663,0.335,0.218,0.227,0.686,0.702,0.551,0.739,0.492,0.555,0.69,0.531,0.236,0.406,0.735,0.614,-0.02,0.174,0.36,0.569,0.781,0.667,0.689,0.754,0.724,0.528,-0.095,0.632,0.75,0.331,0.628,0.691,0.4,0.34,0.508,0.727,0.613,0.355,0.706,0.711,0.648,0.582,0.716,0.373,0.692,0.401,0.621,0.473,0.574,0.439,0.527,0.68,0.611,0.587,0.678,0.36,0.622,0.672,0.413,0.584,0.112,0.591,0.752,0.741,0.695,0.596,0.629,0.684,0.593,0.091,0.507,0.742,0.707,-0.082,0.742,0.751,0.512,0.575,0.374,0.695,0.612,0.558,0.496,0.777,0.551,0.698,0.79,0.192,0.584,-0.119,0.674,0.547,0.663,0.63,0.563,0.321,0.344,0.619,0.413,0.619,0.525,0.67,0.704,0.124,-0.371,0.456,0.577,0.652,0.492,0.431,0.128,0.129,0.751,0.722,0.652,0.668,0.692,0.544,0.71,0.61,0.613,0.424,0.621,0.706,-0.079,0.536
BLDP,0.034,0.832,-0.091,0.808,0.894,-0.068,0.628,0.456,0.287,0.671,0.779,0.785,0.846,0.727,0.677,0.81,0.683,0.75,0.589,0.564,0.672,0.735,0.713,0.57,0.282,0.469,0.73,0.645,1.0,0.461,0.832,0.771,0.673,0.573,0.587,-0.474,0.412,0.849,0.654,0.854,0.664,0.48,0.416,0.664,0.73,0.692,0.659,0.738,0.621,0.594,0.75,0.766,0.579,0.62,-0.216,0.507,0.734,0.806,0.847,0.62,0.384,0.757,0.647,0.489,0.558,0.4,0.856,0.556,0.266,0.71,0.749,0.797,0.713,0.614,0.601,0.548,0.308,0.382,0.873,0.883,0.638,0.754,0.328,0.598,0.504,0.451,0.218,0.533,0.787,0.722,0.163,0.393,0.319,0.756,0.814,0.8,0.729,0.732,0.664,0.525,-0.289,0.527,0.833,0.541,0.643,0.815,0.271,0.649,0.657,0.807,0.792,0.479,0.765,0.79,0.735,0.756,0.695,0.448,0.741,0.613,0.672,0.513,0.717,0.518,0.613,0.724,0.273,0.455,0.685,0.603,0.748,0.667,0.632,0.701,0.001,0.787,0.802,0.758,0.598,0.695,0.689,0.731,0.836,-0.06,0.486,0.798,0.829,-0.26,0.761,0.735,0.708,0.649,0.685,0.573,0.691,0.388,0.753,0.813,0.694,0.779,0.727,-0.052,0.443,-0.248,0.578,0.387,0.619,0.537,0.586,0.562,0.209,0.57,0.442,0.651,0.769,0.756,0.871,0.086,-0.497,0.217,0.712,0.421,0.18,0.594,0.365,0.226,0.814,0.702,0.463,0.831,0.75,0.695,0.681,0.625,0.627,0.175,0.424,0.705,0.077,0.758
BLNK,0.32,0.621,-0.075,0.428,0.53,0.079,0.725,0.656,0.575,0.376,0.607,0.485,0.517,0.327,0.283,0.535,0.694,0.326,0.334,0.305,0.591,0.673,0.44,0.212,0.032,0.466,0.384,0.489,0.461,1.0,0.657,0.303,0.403,0.784,0.832,-0.563,0.579,0.588,0.67,0.345,0.331,0.749,0.767,0.516,0.642,0.588,0.607,0.561,0.523,0.438,0.42,0.444,0.247,0.22,0.265,0.399,0.345,0.539,0.654,0.425,0.208,0.461,0.68,0.425,0.594,0.231,0.527,0.745,0.617,0.42,0.633,0.573,0.478,0.432,0.586,0.375,0.307,0.102,0.59,0.597,0.507,0.554,0.612,0.255,0.719,0.556,-0.007,0.493,0.507,0.575,0.183,0.467,0.585,0.404,0.559,0.599,0.461,0.736,0.715,0.472,-0.072,0.725,0.49,0.418,0.558,0.61,0.497,0.246,0.37,0.615,0.438,0.196,0.568,0.539,0.426,0.657,0.69,0.186,0.64,0.236,0.475,0.345,0.283,0.48,0.35,0.583,0.731,0.422,0.523,0.23,0.349,0.591,0.276,0.369,0.392,0.418,0.537,0.569,0.526,0.357,0.531,0.551,0.525,0.106,0.23,0.559,0.527,0.069,0.582,0.709,0.566,0.32,0.274,0.713,0.654,0.682,0.283,0.651,0.263,0.507,0.616,0.474,0.68,0.105,0.504,0.636,0.716,0.543,0.647,0.58,0.791,0.435,0.44,0.459,0.4,0.591,0.53,0.323,-0.097,0.638,0.491,0.587,0.609,0.309,0.095,0.236,0.583,0.542,0.745,0.62,0.523,0.512,0.621,0.543,0.772,0.461,0.632,0.691,0.067,0.376
BYND,0.288,0.802,-0.001,0.704,0.827,0.001,0.622,0.582,0.485,0.614,0.756,0.718,0.745,0.628,0.613,0.82,0.76,0.664,0.619,0.455,0.75,0.683,0.626,0.569,0.331,0.483,0.624,0.596,0.832,0.657,1.0,0.703,0.664,0.678,0.708,-0.484,0.496,0.704,0.722,0.626,0.497,0.667,0.518,0.671,0.694,0.671,0.649,0.736,0.662,0.705,0.691,0.685,0.509,0.525,-0.02,0.486,0.576,0.722,0.857,0.513,0.457,0.765,0.666,0.553,0.674,0.329,0.768,0.616,0.392,0.651,0.711,0.763,0.65,0.52,0.542,0.636,0.387,0.258,0.791,0.796,0.756,0.671,0.44,0.564,0.551,0.594,0.067,0.683,0.661,0.778,0.285,0.522,0.532,0.708,0.776,0.726,0.711,0.752,0.799,0.655,-0.246,0.681,0.782,0.687,0.578,0.773,0.511,0.63,0.703,0.771,0.761,0.401,0.698,0.67,0.556,0.724,0.707,0.35,0.689,0.507,0.646,0.455,0.567,0.704,0.597,0.693,0.478,0.509,0.69,0.475,0.7,0.759,0.665,0.682,0.167,0.742,0.727,0.799,0.565,0.659,0.809,0.634,0.789,0.169,0.417,0.764,0.713,-0.019,0.678,0.805,0.633,0.555,0.627,0.656,0.794,0.585,0.673,0.802,0.669,0.705,0.775,0.202,0.57,-0.121,0.624,0.577,0.628,0.593,0.738,0.632,0.351,0.545,0.547,0.582,0.763,0.813,0.766,0.359,-0.271,0.51,0.755,0.519,0.318,0.549,0.321,0.343,0.819,0.697,0.616,0.833,0.746,0.77,0.626,0.629,0.645,0.273,0.579,0.684,0.178,0.621
CAN,-0.155,0.777,-0.227,0.73,0.723,-0.069,0.503,0.234,0.142,0.449,0.663,0.764,0.761,0.834,0.587,0.649,0.539,0.752,0.67,0.617,0.671,0.579,0.725,0.76,0.07,0.415,0.74,0.55,0.771,0.303,0.703,1.0,0.6,0.462,0.485,-0.553,0.368,0.689,0.554,0.811,0.638,0.331,0.258,0.69,0.638,0.611,0.517,0.714,0.364,0.541,0.748,0.671,0.385,0.679,-0.108,0.582,0.729,0.822,0.632,0.558,0.228,0.758,0.533,0.531,0.3,0.322,0.784,0.423,0.107,0.594,0.597,0.74,0.669,0.583,0.594,0.668,0.08,0.455,0.79,0.784,0.565,0.52,0.144,0.637,0.394,0.283,0.212,0.639,0.69,0.694,0.104,0.261,0.091,0.696,0.672,0.698,0.629,0.602,0.44,0.335,-0.391,0.43,0.644,0.643,0.6,0.696,0.127,0.409,0.826,0.817,0.652,0.576,0.673,0.727,0.647,0.665,0.506,0.527,0.683,0.8,0.722,0.601,0.691,0.384,0.633,0.623,0.144,0.25,0.483,0.594,0.77,0.372,0.716,0.671,-0.113,0.663,0.74,0.555,0.571,0.666,0.549,0.714,0.765,-0.262,0.64,0.745,0.75,-0.41,0.635,0.54,0.681,0.681,0.731,0.506,0.437,0.454,0.737,0.677,0.682,0.681,0.648,-0.205,0.45,-0.428,0.465,0.219,0.538,0.305,0.513,0.401,0.129,0.571,0.244,0.652,0.852,0.668,0.706,-0.029,-0.581,0.127,0.865,0.17,0.08,0.44,0.428,0.128,0.565,0.547,0.341,0.622,0.63,0.518,0.599,0.572,0.542,-0.085,0.197,0.531,0.166,0.675
