,AAL,AAPL,ABUS,ADBE,ADI,ADMA,AEP,AGNC,AKBA,ALT,AMAT,AMD,AMGN,AMZN,APA,APPS,ARCC,ARDX,ATER,ATOS,AUPH,AVGO,AZN,BCRX,BGC,BIDU,BILI,BKR,BLDP,BLNK,BYND,CAN,CELH,CG,CGC,CHRD,CLNE,CMCSA,COMM,COST,CPB,CPRT,CRON,CRWD,CSCO,CSGP,CSX,CTSH,CZR,DBX,DDOG,DKNG,DLTR,DOCU,DVAX,DXCM,EA,EBAY,ENPH,ERIC,ESPR,ETSY,EXC,EXEL,EXPE,FANG,FAST,FITB,FLEX,FOLD,FOXA,FSLR,FTNT,FUTU,GEN,GERN,GEVO,GILD,GOOG,GOOGL,GPRO,GT,HBAN,HIVE,HON,HST,HUT,IBRX,INTC,IOVA,IQ,IRWD,JBLU,JD,KDP,KHC,LBTYK,LRCX,LYFT,MAR,MARA,MAT,MCHP,MCRB,MDLZ,META,MGNI,MLCO,MNKD,MNST,MOMO,MRNA,MRVL,MSFT,MSTR,MTCH,MU,MVIS,NDAQ,NFLX,NKTR,NNDM,NTES,NTNX,NVAX,NVDA,NWL,NWSA,NXPI,OCGN,OKTA,ON,OPK,PAA,PACB,PAGP,PANW,PARA,PCAR,PDD,PENN,PEP,PLUG,PTEN,PTON,PYPL,QCOM,QUBT,QVCGA,RDFN,REAL,RIOT,ROKU,ROST,RUN,SABR,SAVA,SBUX,SFIX,SGMO,SIRI,SLM,SMCI,SNDL,SONO,STNE,STX,TCOM,TGTX,TIGR,TLRY,TMUS,TRIP,TSCO,TSLA,TTD,TXN,UAL,UNIT,VERU,VKTX,VLY,VOD,VTRS,VXRT,WBA,WBD,WDAY,WDC,WEN,WW,WYNN,XEL,XP,XRAY,XRX,Z,ZION,ZM,ZS
AAL,1.0,0.377,-0.278,0.256,0.676,-0.002,-0.03,0.613,0.231,-0.568,0.531,0.29,-0.054,0.344,0.748,0.613,0.478,-0.295,0.339,0.566,-0.022,0.7,-0.266,-0.435,0.745,0.487,0.192,0.388,0.518,0.538,0.456,-0.506,0.355,0.555,-0.221,0.778,0.714,0.337,0.284,0.019,-0.352,0.013,0.39,0.358,0.185,0.329,0.171,0.614,0.601,-0.22,0.251,-0.01,-0.359,0.262,-0.059,0.146,0.029,0.66,-0.407,0.231,0.565,0.072,0.381,-0.597,0.552,0.677,0.499,0.675,0.581,-0.057,0.3,0.729,-0.231,0.463,-0.09,-0.0,0.329,0.327,0.227,0.218,0.168,0.808,0.74,0.036,0.525,0.62,-0.148,-0.145,0.061,-0.467,0.28,-0.143,0.902,0.554,0.408,0.727,0.556,0.579,0.798,0.57,0.497,0.614,0.568,-0.604,0.436,0.207,0.695,0.757,0.011,-0.247,0.051,0.145,0.454,0.339,-0.038,0.018,0.75,0.227,0.254,0.091,0.009,-0.242,0.548,-0.008,0.002,0.298,0.754,0.351,0.535,0.005,-0.304,0.733,0.464,0.49,0.537,0.507,-0.075,0.731,0.554,0.295,0.343,0.217,0.591,0.669,0.193,0.213,0.657,0.17,0.721,0.566,0.313,0.295,0.046,0.151,0.475,0.749,0.448,0.272,0.366,-0.235,0.642,0.633,0.485,0.417,0.366,0.603,0.278,0.511,-0.286,0.508,-0.244,0.387,0.297,0.083,0.397,0.46,0.702,0.94,0.379,-0.54,0.191,0.588,0.391,0.138,-0.525,0.33,0.614,-0.005,0.47,0.585,0.317,0.781,0.162,0.487,0.093,0.377,0.454,0.685,0.343,0.21
AAPL,0.377,1.0,-0.32,0.851,0.627,-0.249,-0.268,-0.048,0.417,-0.367,0.699,0.641,0.542,0.935,0.403,0.647,0.06,-0.218,0.29,0.704,0.46,0.655,-0.107,-0.452,0.264,0.74,0.751,-0.11,0.803,0.78,0.662,-0.588,0.552,0.527,-0.161,0.476,0.298,-0.074,-0.203,-0.45,-0.196,-0.433,0.097,0.559,-0.025,0.773,-0.321,0.22,0.415,0.058,0.773,0.175,-0.492,0.738,0.114,0.637,0.698,0.618,-0.683,-0.111,0.674,0.717,0.009,-0.116,0.061,0.301,0.48,0.307,0.167,0.458,-0.197,0.543,-0.001,0.697,-0.122,0.663,-0.328,0.132,0.665,0.602,-0.081,0.262,0.522,-0.416,-0.05,-0.132,-0.559,0.529,-0.284,-0.526,0.711,-0.1,0.12,0.668,0.617,0.648,0.505,0.758,0.335,-0.186,0.488,0.144,0.293,-0.393,0.388,0.764,0.292,0.008,0.628,-0.315,-0.394,0.534,0.316,0.918,-0.381,0.468,0.393,0.692,0.327,0.745,0.029,-0.603,0.596,-0.288,0.504,0.779,0.587,-0.225,0.659,-0.167,0.183,0.542,0.632,-0.056,0.153,-0.185,-0.164,0.52,0.229,0.817,-0.059,0.348,0.819,0.117,0.664,0.779,0.748,-0.059,0.47,0.73,0.153,0.189,0.635,-0.202,0.636,0.093,0.416,-0.215,0.135,-0.445,0.064,0.109,0.822,0.299,0.746,0.6,-0.094,0.019,-0.035,0.706,-0.651,0.819,-0.343,0.55,0.75,0.697,0.483,0.389,0.671,-0.393,0.601,-0.075,-0.076,-0.265,-0.356,0.037,-0.004,0.464,0.057,0.152,0.35,0.003,0.273,0.749,-0.378,-0.185,0.318,0.374,0.595,0.437
ABUS,-0.278,-0.32,1.0,-0.293,-0.138,0.293,0.332,-0.044,0.449,0.427,-0.065,-0.351,0.279,-0.301,-0.239,-0.31,0.176,0.75,0.233,-0.354,0.089,-0.079,0.403,0.379,-0.124,-0.348,-0.156,0.239,-0.432,-0.306,-0.399,0.439,0.032,-0.087,0.248,-0.364,-0.027,0.181,0.164,0.411,0.413,0.461,-0.046,-0.245,0.27,-0.043,0.375,-0.032,0.099,0.612,-0.331,0.215,0.409,-0.211,0.087,-0.042,-0.204,-0.228,0.451,0.234,-0.06,0.131,0.164,0.73,0.124,-0.034,0.108,0.109,-0.13,0.357,0.36,-0.2,0.467,-0.188,0.312,-0.014,0.311,0.162,0.094,0.146,0.358,-0.196,-0.045,0.294,0.241,0.068,0.378,0.041,0.458,0.461,-0.185,0.506,-0.072,-0.42,-0.206,-0.19,-0.076,-0.188,-0.306,0.125,-0.317,0.221,-0.044,0.716,0.04,-0.042,-0.072,-0.164,0.034,0.67,0.219,-0.423,-0.233,-0.241,0.536,0.201,-0.137,-0.104,0.271,-0.104,0.661,0.421,-0.307,0.471,0.121,-0.334,-0.153,0.378,-0.13,0.093,0.244,-0.298,-0.237,-0.018,0.304,0.085,0.597,-0.134,0.139,-0.249,0.453,0.124,-0.282,-0.156,-0.236,-0.095,-0.214,-0.109,-0.164,-0.057,0.403,0.004,0.055,0.312,-0.042,-0.078,-0.224,0.368,0.248,0.125,0.018,0.041,-0.239,-0.386,-0.317,-0.249,0.185,-0.141,0.654,-0.336,0.429,-0.339,0.191,0.141,-0.54,-0.332,-0.179,-0.162,0.053,0.529,0.22,0.251,0.153,0.322,0.657,0.367,0.05,0.079,0.347,0.174,0.046,-0.119,-0.015,-0.358,0.433,0.109,0.321,0.053,-0.388,-0.381
ADBE,0.256,0.851,-0.293,1.0,0.497,-0.136,-0.365,-0.099,0.371,-0.074,0.7,0.529,0.594,0.853,0.353,0.615,-0.012,-0.235,0.334,0.657,0.578,0.572,-0.055,-0.582,0.075,0.757,0.821,-0.288,0.729,0.701,0.609,-0.616,0.602,0.407,-0.152,0.342,0.121,-0.271,-0.274,-0.386,-0.033,-0.461,-0.079,0.631,-0.082,0.717,-0.431,0.059,0.36,0.155,0.817,0.213,-0.389,0.721,0.292,0.686,0.75,0.506,-0.665,-0.025,0.507,0.74,-0.172,-0.04,0.028,0.139,0.423,0.112,0.146,0.542,-0.347,0.409,0.073,0.681,-0.057,0.671,-0.344,0.169,0.55,0.465,-0.062,0.132,0.37,-0.378,-0.151,-0.329,-0.551,0.641,-0.416,-0.495,0.713,-0.149,0.023,0.585,0.701,0.58,0.557,0.744,0.221,-0.235,0.402,0.088,0.29,-0.4,0.396,0.71,0.236,-0.056,0.639,-0.218,-0.418,0.64,0.357,0.89,-0.524,0.529,0.329,0.673,0.345,0.786,0.125,-0.571,0.556,-0.23,0.598,0.815,0.403,-0.225,0.676,-0.344,0.396,0.468,0.454,-0.194,-0.019,-0.297,-0.074,0.381,0.11,0.802,-0.011,0.334,0.685,0.087,0.675,0.804,0.601,0.027,0.505,0.698,0.134,0.098,0.653,-0.351,0.598,0.008,0.366,-0.26,0.168,-0.606,0.074,-0.127,0.698,0.117,0.653,0.599,-0.252,0.013,0.043,0.589,-0.622,0.749,-0.463,0.666,0.75,0.749,0.343,0.286,0.643,-0.395,0.461,-0.23,-0.125,-0.298,-0.19,-0.027,-0.069,0.532,-0.081,0.093,0.242,-0.117,0.231,0.691,-0.404,-0.212,0.328,0.249,0.65,0.562
ADI,0.676,0.627,-0.138,0.497,1.0,-0.021,0.125,0.492,0.516,-0.487,0.817,0.414,0.314,0.56,0.695,0.763,0.539,-0.06,0.258,0.616,0.15,0.916,-0.02,-0.361,0.686,0.632,0.473,0.413,0.537,0.549,0.463,-0.463,0.399,0.732,-0.23,0.595,0.748,0.488,0.302,0.022,-0.135,0.153,0.29,0.59,0.41,0.52,0.291,0.713,0.682,0.112,0.425,0.267,-0.246,0.459,0.233,0.217,0.225,0.745,-0.494,0.457,0.724,0.352,0.485,-0.341,0.684,0.698,0.777,0.739,0.664,0.295,0.376,0.827,0.105,0.598,0.066,0.252,0.167,0.408,0.598,0.564,0.267,0.674,0.832,0.112,0.576,0.409,-0.067,0.07,0.157,-0.349,0.472,0.119,0.616,0.689,0.61,0.761,0.716,0.807,0.693,0.437,0.557,0.681,0.8,-0.44,0.587,0.524,0.793,0.618,0.166,0.033,0.052,0.29,0.757,0.599,0.096,0.387,0.756,0.394,0.507,0.311,0.296,-0.109,0.719,0.17,0.254,0.494,0.847,0.437,0.77,-0.267,-0.026,0.767,0.519,0.428,0.64,0.439,0.014,0.742,0.669,0.542,0.369,0.544,0.568,0.626,0.456,0.551,0.904,0.31,0.751,0.771,0.472,0.453,0.256,0.279,0.689,0.635,0.711,0.283,0.502,-0.242,0.683,0.568,0.661,0.23,0.427,0.709,0.363,0.589,-0.095,0.505,-0.281,0.574,0.212,0.408,0.485,0.668,0.923,0.727,0.705,-0.512,0.446,0.486,0.427,0.161,-0.269,0.496,0.498,0.29,0.545,0.659,0.43,0.575,0.505,0.582,0.182,0.388,0.655,0.772,0.548,0.432
ADMA,-0.002,-0.249,0.293,-0.136,-0.021,1.0,0.287,0.408,0.202,0.379,0.028,-0.027,0.071,-0.245,0.117,-0.142,0.164,0.336,0.031,-0.239,0.162,-0.036,0.349,0.192,0.177,-0.063,-0.057,0.302,-0.202,-0.268,-0.142,-0.005,0.007,0.107,0.141,-0.109,0.015,0.15,0.318,0.367,0.31,0.481,0.086,-0.001,0.533,-0.192,0.28,0.186,0.108,0.201,-0.061,0.242,0.354,-0.055,0.304,-0.086,-0.1,-0.017,0.289,0.158,-0.013,-0.137,0.182,0.169,0.242,0.125,0.157,0.107,0.247,-0.107,0.162,0.033,0.24,-0.141,0.581,-0.212,0.353,0.367,0.03,0.099,0.306,-0.05,0.016,0.259,0.235,0.202,0.355,-0.192,0.313,0.327,-0.114,0.127,0.113,-0.094,0.073,-0.098,0.055,-0.028,-0.057,0.174,-0.179,0.105,0.078,0.126,0.158,-0.106,0.025,0.197,-0.18,0.406,-0.021,0.067,0.178,-0.178,0.311,-0.074,0.075,-0.32,0.208,-0.248,0.115,0.172,-0.132,0.463,-0.11,-0.074,-0.084,0.393,0.036,0.129,0.219,-0.105,-0.061,0.158,0.21,0.33,0.28,-0.018,0.225,-0.141,0.41,0.225,-0.168,0.261,-0.225,-0.051,-0.09,-0.035,0.138,-0.099,0.162,0.007,-0.229,0.29,-0.034,0.149,-0.126,0.32,0.016,0.187,0.296,0.134,-0.172,-0.037,-0.128,-0.066,0.214,0.308,0.199,-0.259,0.228,-0.195,0.279,0.076,-0.199,-0.088,-0.022,0.025,0.027,0.155,-0.068,0.191,0.259,0.234,0.098,0.214,0.14,0.046,0.148,0.209,0.087,0.118,0.077,-0.294,0.296,0.323,0.116,0.143,-0.12,0.143
AEP,-0.03,-0.268,0.332,-0.365,0.125,0.287,1.0,0.373,-0.092,0.083,0.001,-0.028,-0.114,-0.269,0.058,-0.294,0.357,0.512,-0.189,-0.247,-0.376,0.102,0.447,0.495,0.274,-0.353,-0.404,0.742,-0.397,-0.392,-0.317,0.098,-0.298,0.068,-0.102,-0.05,0.33,0.786,0.761,0.699,0.276,0.718,0.409,-0.176,0.768,-0.252,0.76,0.375,0.08,0.172,-0.424,0.258,0.67,-0.279,0.134,-0.376,-0.344,0.072,0.434,0.464,0.159,-0.28,0.784,0.149,0.427,0.383,0.387,0.402,0.348,-0.155,0.709,0.121,0.508,-0.316,0.618,-0.358,0.604,0.277,0.31,0.354,0.559,0.198,0.177,0.628,0.633,0.544,0.712,-0.399,0.746,0.338,-0.407,0.266,0.187,-0.146,-0.141,-0.122,0.022,-0.142,0.122,0.542,-0.094,0.286,0.207,0.219,0.331,-0.118,0.184,0.336,-0.513,0.679,0.434,-0.243,0.201,-0.253,0.681,-0.023,0.139,-0.466,0.323,-0.346,0.117,0.499,-0.086,0.561,-0.463,-0.24,0.132,0.643,-0.186,-0.056,0.033,-0.134,-0.021,0.56,0.497,0.585,0.523,0.19,0.469,-0.352,0.342,0.419,-0.339,0.318,-0.336,-0.142,0.051,0.275,-0.006,-0.208,0.353,0.37,-0.371,0.853,-0.047,0.209,-0.092,0.636,0.02,0.597,0.47,0.514,-0.25,-0.003,-0.377,-0.134,0.746,0.505,-0.064,-0.433,0.593,-0.199,0.616,-0.083,-0.349,-0.345,0.27,0.083,0.095,0.353,-0.134,0.554,0.646,0.772,0.142,0.645,0.433,0.077,0.559,0.395,-0.102,0.364,0.656,-0.474,0.762,0.518,0.152,0.35,-0.412,-0.037
AGNC,0.613,-0.048,-0.044,-0.099,0.492,0.408,0.373,1.0,0.229,-0.332,0.317,0.093,-0.204,-0.084,0.725,0.223,0.699,0.163,0.119,0.079,-0.09,0.403,-0.063,0.068,0.832,0.167,-0.06,0.711,0.046,-0.0,0.097,-0.091,-0.028,0.48,0.158,0.481,0.612,0.626,0.538,0.423,-0.219,0.549,0.564,0.034,0.598,-0.048,0.624,0.803,0.432,-0.149,-0.032,-0.079,0.025,-0.119,0.025,-0.265,-0.297,0.362,0.016,0.336,0.327,-0.323,0.654,-0.382,0.744,0.745,0.445,0.72,0.799,-0.278,0.582,0.509,-0.103,-0.021,0.216,-0.289,0.493,0.444,0.153,0.177,0.443,0.712,0.629,0.337,0.758,0.773,0.284,-0.458,0.471,0.182,-0.122,0.197,0.752,0.228,0.19,0.331,0.44,0.258,0.623,0.727,0.237,0.634,0.56,-0.237,0.279,-0.014,0.574,0.751,-0.403,0.106,0.354,-0.141,0.462,-0.032,0.426,-0.243,0.553,-0.226,0.229,-0.322,0.156,0.2,0.222,0.462,-0.367,-0.046,0.568,0.665,0.403,0.134,-0.275,0.43,0.229,0.689,0.611,0.831,0.066,0.604,0.71,-0.106,0.398,0.362,0.097,0.859,-0.23,-0.112,0.361,0.177,0.575,0.182,0.438,0.322,-0.367,0.56,0.186,0.801,0.245,0.626,0.264,0.198,0.767,0.738,0.072,0.384,-0.005,0.346,0.544,0.786,-0.067,0.122,0.291,-0.049,0.703,-0.121,0.024,0.118,0.575,0.668,0.28,-0.283,0.05,0.732,0.629,0.532,-0.34,0.572,0.717,-0.166,0.605,0.637,0.184,0.75,0.252,0.004,0.549,0.864,0.369,0.744,-0.057,0.081
AKBA,0.231,0.417,0.449,0.371,0.516,0.202,-0.092,0.229,1.0,-0.027,0.613,0.082,0.519,0.324,0.335,0.368,0.31,0.396,0.456,0.24,0.565,0.528,0.074,-0.086,0.346,0.442,0.576,0.16,0.224,0.305,0.177,-0.12,0.534,0.615,0.288,0.098,0.299,0.124,-0.002,-0.043,-0.079,0.118,-0.017,0.247,0.224,0.496,0.176,0.409,0.564,0.47,0.424,0.259,-0.167,0.382,0.088,0.361,0.277,0.372,-0.215,0.066,0.418,0.526,0.104,0.31,0.339,0.296,0.497,0.475,0.255,0.563,0.177,0.29,0.189,0.379,0.008,0.478,-0.095,0.333,0.44,0.399,0.201,0.145,0.549,-0.172,0.292,0.098,-0.248,0.295,0.165,0.029,0.482,0.386,0.21,0.293,0.401,0.387,0.452,0.588,0.156,0.058,0.086,0.488,0.444,0.22,0.239,0.475,0.339,0.089,0.48,0.198,0.001,0.107,0.234,0.404,0.29,0.435,0.393,0.386,0.422,0.325,0.632,-0.139,0.153,0.258,0.492,0.29,0.483,0.281,0.672,0.008,0.139,0.33,0.176,0.054,0.447,0.073,0.103,0.394,0.407,0.485,0.434,0.33,0.351,0.245,0.275,0.471,0.469,-0.161,0.395,0.631,0.42,-0.013,0.419,0.109,0.567,0.252,0.326,0.153,0.405,-0.295,0.275,0.238,0.521,-0.093,0.311,0.448,0.066,0.098,0.58,0.364,-0.162,0.29,0.018,0.521,0.102,0.401,0.331,0.321,0.56,-0.004,0.561,0.266,0.001,-0.04,0.135,0.32,0.122,0.401,0.402,0.338,0.445,0.028,0.022,0.302,0.071,0.186,0.653,0.527,0.199,0.026
ALT,-0.568,-0.367,0.427,-0.074,-0.487,0.379,0.083,-0.332,-0.027,1.0,-0.287,-0.266,0.059,-0.28,-0.474,-0.423,-0.279,0.195,-0.103,-0.355,0.192,-0.453,0.444,0.248,-0.563,-0.277,-0.046,-0.29,-0.367,-0.355,-0.396,0.119,-0.073,-0.34,0.078,-0.601,-0.466,-0.343,-0.067,0.146,0.413,0.078,-0.477,-0.136,-0.055,-0.269,-0.057,-0.494,-0.306,0.426,-0.107,0.19,0.457,-0.074,0.287,0.12,0.119,-0.454,0.298,-0.005,-0.418,0.151,-0.343,0.53,-0.194,-0.492,-0.286,-0.503,-0.399,0.14,-0.267,-0.472,0.459,-0.208,0.216,-0.149,-0.063,-0.167,-0.211,-0.164,0.032,-0.541,-0.518,0.059,-0.304,-0.429,0.19,0.361,-0.124,0.275,-0.131,0.027,-0.495,-0.458,-0.084,-0.459,-0.33,-0.287,-0.592,-0.321,-0.419,-0.235,-0.232,0.422,-0.184,-0.097,-0.377,-0.402,0.025,0.421,-0.229,0.17,-0.156,-0.211,0.005,0.076,-0.361,-0.229,-0.042,0.049,0.078,0.195,-0.306,0.209,0.134,-0.063,-0.602,-0.123,-0.289,-0.14,0.524,-0.526,-0.483,-0.446,-0.305,-0.36,0.255,-0.537,-0.4,-0.169,0.191,-0.147,-0.413,-0.424,-0.06,0.004,-0.496,-0.017,-0.309,-0.275,-0.168,-0.299,-0.094,-0.136,-0.177,-0.429,-0.335,-0.126,-0.045,0.092,-0.252,-0.509,-0.378,-0.477,-0.273,-0.25,-0.319,-0.321,0.349,-0.383,0.234,-0.317,-0.174,0.25,-0.378,-0.229,-0.552,-0.525,-0.145,0.414,-0.185,-0.381,-0.182,-0.08,0.54,-0.195,-0.378,0.155,-0.265,-0.277,-0.091,-0.488,-0.157,-0.379,0.047,-0.255,-0.078,-0.451,-0.182,-0.043
AMAT,0.531,0.699,-0.065,0.7,0.817,0.028,0.001,0.317,0.613,-0.287,1.0,0.504,0.626,0.674,0.653,0.69,0.343,0.059,0.428,0.615,0.435,0.829,0.002,-0.475,0.477,0.77,0.695,0.197,0.537,0.594,0.559,-0.54,0.646,0.671,-0.037,0.449,0.519,0.255,0.147,-0.026,-0.062,-0.015,0.21,0.603,0.357,0.755,0.092,0.578,0.756,0.277,0.643,0.277,-0.246,0.546,0.248,0.51,0.466,0.688,-0.479,0.267,0.691,0.552,0.28,-0.115,0.519,0.523,0.809,0.563,0.574,0.543,0.189,0.687,0.174,0.591,0.121,0.509,0.029,0.52,0.68,0.606,0.329,0.423,0.729,-0.048,0.445,0.194,-0.269,0.348,0.048,-0.31,0.674,0.163,0.439,0.671,0.735,0.739,0.75,0.94,0.501,0.255,0.399,0.561,0.727,-0.35,0.649,0.698,0.644,0.407,0.462,0.061,0.065,0.438,0.597,0.756,-0.076,0.512,0.749,0.515,0.612,0.609,0.402,-0.286,0.603,0.163,0.503,0.713,0.752,0.369,0.864,-0.273,0.202,0.707,0.432,0.257,0.47,0.219,0.109,0.645,0.611,0.671,0.377,0.584,0.626,0.526,0.522,0.72,0.823,0.14,0.707,0.824,0.491,0.269,0.533,0.142,0.781,0.459,0.558,0.13,0.459,-0.485,0.547,0.323,0.7,0.127,0.45,0.8,0.19,0.466,0.117,0.568,-0.298,0.669,0.033,0.693,0.55,0.78,0.689,0.586,0.715,-0.418,0.528,0.32,0.243,0.095,-0.188,0.482,0.357,0.519,0.472,0.537,0.376,0.354,0.409,0.622,0.074,0.255,0.685,0.682,0.523,0.474
AMD,0.29,0.641,-0.351,0.529,0.414,-0.027,-0.028,0.093,0.082,-0.266,0.504,1.0,0.339,0.741,0.325,0.407,0.204,-0.118,0.164,0.408,0.274,0.43,0.002,-0.205,0.238,0.449,0.332,-0.007,0.649,0.464,0.57,-0.366,0.253,0.277,-0.106,0.355,0.308,0.032,0.03,-0.147,-0.017,-0.134,0.377,0.344,0.193,0.539,-0.074,0.259,0.197,-0.14,0.43,0.124,-0.214,0.346,0.068,0.56,0.527,0.429,-0.42,0.064,0.497,0.31,0.21,-0.193,0.174,0.28,0.456,0.244,0.275,0.099,-0.065,0.49,0.091,0.353,0.126,0.343,-0.12,0.224,0.614,0.578,0.264,0.289,0.337,-0.1,0.113,0.057,-0.22,0.312,-0.059,-0.308,0.328,0.088,0.184,0.502,0.453,0.425,0.379,0.509,0.354,-0.013,0.457,0.154,0.316,-0.404,0.464,0.701,0.296,0.156,0.173,-0.181,-0.253,0.483,0.339,0.672,-0.227,0.079,0.469,0.419,0.336,0.584,-0.146,-0.311,0.425,0.016,0.168,0.78,0.348,-0.028,0.327,-0.081,0.123,0.362,0.593,0.122,0.161,0.016,0.058,0.361,0.338,0.391,-0.084,0.522,0.516,0.198,0.358,0.493,0.519,0.102,0.317,0.322,0.166,0.4,0.276,-0.036,0.402,0.152,0.302,-0.022,0.114,-0.196,0.173,0.15,0.4,0.492,0.452,0.514,0.092,0.179,-0.174,0.579,-0.207,0.504,-0.164,0.388,0.67,0.493,0.398,0.334,0.434,-0.264,0.463,0.07,0.231,0.056,-0.249,0.117,0.101,0.346,0.149,0.302,0.112,0.221,0.353,0.494,-0.072,-0.02,0.129,0.3,0.356,0.355
AMGN,-0.054,0.542,0.279,0.594,0.314,0.071,-0.114,-0.204,0.519,0.059,0.626,0.339,1.0,0.551,0.179,0.342,-0.051,0.339,0.44,0.381,0.616,0.407,0.149,-0.252,-0.057,0.429,0.668,-0.132,0.29,0.396,0.333,-0.211,0.578,0.231,0.146,0.085,0.038,-0.11,-0.113,-0.089,0.364,-0.079,-0.012,0.41,0.146,0.73,-0.17,0.127,0.321,0.491,0.548,0.335,-0.035,0.507,0.245,0.633,0.66,0.277,-0.252,-0.009,0.425,0.691,-0.058,0.481,0.021,0.075,0.506,0.121,0.052,0.669,-0.084,0.249,0.296,0.369,0.285,0.749,-0.115,0.456,0.602,0.551,0.199,-0.105,0.27,-0.198,0.006,-0.23,-0.267,0.527,-0.016,-0.052,0.497,0.19,-0.128,0.282,0.517,0.443,0.468,0.581,-0.076,-0.209,0.045,0.099,0.187,0.168,0.524,0.62,0.156,-0.204,0.58,0.257,-0.162,0.343,0.125,0.654,-0.151,0.518,0.235,0.526,0.556,0.642,0.498,-0.254,0.193,0.071,0.692,0.545,0.269,0.041,0.503,-0.156,0.505,0.172,0.318,-0.231,0.026,-0.184,0.341,0.166,0.278,0.593,0.134,0.486,0.381,-0.013,0.384,0.695,0.425,-0.12,0.271,0.59,0.31,0.035,0.742,-0.087,0.465,-0.113,0.142,-0.12,0.145,-0.504,-0.002,-0.155,0.465,-0.08,0.281,0.336,-0.047,-0.09,0.515,0.318,-0.249,0.493,-0.291,0.713,0.316,0.516,0.197,0.012,0.447,0.034,0.575,-0.081,-0.066,-0.06,0.277,0.282,-0.102,0.634,0.143,0.16,0.074,-0.208,0.26,0.415,-0.085,-0.174,0.396,0.205,0.342,0.304
AMZN,0.344,0.935,-0.301,0.853,0.56,-0.245,-0.269,-0.084,0.324,-0.28,0.674,0.741,0.551,1.0,0.377,0.629,0.091,-0.228,0.366,0.656,0.471,0.619,-0.078,-0.499,0.198,0.691,0.694,-0.171,0.817,0.778,0.76,-0.594,0.532,0.426,-0.21,0.482,0.303,-0.128,-0.218,-0.403,-0.123,-0.425,0.174,0.557,-0.051,0.801,-0.332,0.147,0.385,0.032,0.746,0.18,-0.455,0.689,0.177,0.711,0.732,0.6,-0.697,-0.022,0.657,0.714,0.028,-0.131,0.095,0.299,0.492,0.271,0.162,0.46,-0.205,0.571,0.067,0.661,-0.056,0.65,-0.294,0.168,0.654,0.592,0.044,0.275,0.469,-0.362,-0.04,-0.178,-0.511,0.587,-0.319,-0.556,0.64,-0.039,0.148,0.631,0.617,0.639,0.556,0.721,0.333,-0.19,0.491,0.16,0.335,-0.435,0.446,0.819,0.334,0.008,0.557,-0.28,-0.413,0.598,0.334,0.924,-0.435,0.446,0.43,0.721,0.39,0.84,0.034,-0.587,0.624,-0.225,0.508,0.857,0.53,-0.21,0.599,-0.238,0.278,0.524,0.679,-0.096,0.098,-0.237,-0.076,0.518,0.223,0.745,-0.039,0.382,0.774,0.076,0.661,0.777,0.706,0.034,0.488,0.663,0.217,0.224,0.608,-0.246,0.649,0.108,0.401,-0.201,0.234,-0.49,0.085,0.078,0.753,0.359,0.688,0.639,-0.13,0.001,-0.075,0.71,-0.563,0.784,-0.405,0.615,0.826,0.691,0.453,0.396,0.638,-0.436,0.579,-0.086,0.002,-0.15,-0.291,0.066,0.026,0.481,0.05,0.215,0.234,0.029,0.297,0.796,-0.335,-0.225,0.322,0.343,0.603,0.482
APA,0.748,0.403,-0.239,0.353,0.695,0.117,0.058,0.725,0.335,-0.474,0.653,0.325,0.179,0.377,1.0,0.605,0.537,-0.025,0.376,0.564,0.195,0.66,-0.21,-0.314,0.795,0.587,0.375,0.498,0.4,0.404,0.516,-0.387,0.42,0.593,0.121,0.809,0.729,0.418,0.362,0.083,-0.247,0.187,0.523,0.362,0.389,0.436,0.284,0.822,0.576,-0.11,0.417,-0.045,-0.269,0.27,0.122,0.179,0.129,0.566,-0.358,0.186,0.648,0.073,0.465,-0.449,0.689,0.841,0.643,0.734,0.837,0.054,0.335,0.784,-0.108,0.377,0.088,0.144,0.367,0.547,0.407,0.39,0.422,0.819,0.789,0.044,0.593,0.588,-0.123,-0.105,0.165,-0.123,0.283,0.107,0.753,0.539,0.524,0.77,0.765,0.647,0.742,0.558,0.402,0.693,0.667,-0.456,0.529,0.381,0.783,0.657,0.026,-0.112,0.118,0.146,0.544,0.429,0.02,0.023,0.746,0.238,0.477,0.145,0.161,-0.107,0.514,0.241,0.066,0.378,0.815,0.439,0.737,0.106,-0.166,0.733,0.557,0.547,0.513,0.637,0.019,0.777,0.752,0.34,0.272,0.435,0.499,0.86,0.195,0.291,0.67,0.141,0.77,0.62,0.424,0.309,0.095,0.259,0.547,0.834,0.411,0.367,0.347,-0.29,0.677,0.617,0.479,0.522,0.354,0.706,0.324,0.688,-0.008,0.487,-0.082,0.398,0.46,0.221,0.447,0.534,0.721,0.776,0.534,-0.494,0.38,0.58,0.471,0.302,-0.45,0.562,0.7,0.144,0.553,0.692,0.27,0.679,0.276,0.479,0.245,0.663,0.486,0.789,0.327,0.353
APPS,0.613,0.647,-0.31,0.615,0.763,-0.142,-0.294,0.223,0.368,-0.423,0.69,0.407,0.342,0.629,0.605,1.0,0.224,-0.366,0.366,0.752,0.249,0.744,-0.193,-0.631,0.451,0.736,0.569,-0.009,0.678,0.729,0.668,-0.586,0.541,0.573,-0.246,0.633,0.544,0.016,0.017,-0.376,-0.018,-0.263,0.136,0.81,-0.022,0.587,-0.204,0.418,0.565,-0.012,0.608,0.189,-0.458,0.597,0.247,0.456,0.472,0.661,-0.638,0.322,0.648,0.469,0.066,-0.413,0.396,0.441,0.524,0.438,0.44,0.296,0.012,0.743,-0.071,0.795,-0.171,0.398,-0.081,0.27,0.417,0.37,0.071,0.515,0.613,-0.182,0.138,0.105,-0.382,0.312,-0.335,-0.589,0.593,-0.189,0.498,0.721,0.629,0.769,0.7,0.773,0.66,0.11,0.61,0.527,0.666,-0.598,0.461,0.527,0.737,0.448,0.394,-0.31,-0.252,0.491,0.666,0.634,-0.318,0.36,0.644,0.609,0.379,0.483,0.148,-0.372,0.712,-0.107,0.539,0.599,0.697,0.154,0.714,-0.252,0.027,0.828,0.606,0.112,0.281,0.105,-0.046,0.563,0.317,0.612,0.135,0.269,0.678,0.411,0.607,0.597,0.79,0.328,0.657,0.794,0.241,0.27,0.493,-0.2,0.693,0.436,0.81,-0.066,0.357,-0.544,0.417,0.229,0.711,0.325,0.637,0.746,-0.058,0.317,-0.173,0.613,-0.533,0.64,-0.144,0.463,0.643,0.889,0.69,0.641,0.576,-0.648,0.434,0.148,0.163,-0.207,-0.295,0.131,0.229,0.333,0.166,0.443,0.323,0.417,0.249,0.796,-0.219,0.053,0.547,0.457,0.809,0.514
ARCC,0.478,0.06,0.176,-0.012,0.539,0.164,0.357,0.699,0.31,-0.279,0.343,0.204,-0.051,0.091,0.537,0.224,1.0,0.29,0.258,0.047,0.031,0.475,-0.024,0.085,0.586,0.156,-0.06,0.628,0.214,0.108,0.154,0.028,0.019,0.449,0.078,0.415,0.675,0.593,0.529,0.356,-0.094,0.51,0.536,0.007,0.551,0.069,0.616,0.629,0.462,0.06,-0.147,0.049,0.081,-0.126,0.039,-0.114,-0.24,0.229,0.052,0.502,0.28,-0.159,0.718,-0.202,0.756,0.691,0.444,0.706,0.61,-0.014,0.628,0.543,0.079,0.037,0.098,-0.137,0.444,0.249,0.302,0.357,0.505,0.67,0.611,0.407,0.734,0.586,0.404,-0.257,0.429,0.151,-0.025,0.407,0.647,0.214,0.127,0.373,0.409,0.242,0.566,0.698,0.252,0.701,0.535,-0.104,0.368,0.216,0.556,0.5,-0.265,0.231,0.323,-0.209,0.368,0.126,0.459,0.101,0.492,-0.073,0.399,-0.141,0.305,0.291,0.385,0.58,-0.241,0.001,0.446,0.55,0.315,-0.002,-0.097,0.406,0.223,0.635,0.735,0.646,0.248,0.63,0.694,-0.083,0.415,0.455,0.115,0.567,-0.108,-0.037,0.401,0.21,0.527,0.177,0.68,0.474,-0.217,0.537,0.307,0.669,0.279,0.769,0.46,0.152,0.584,0.65,0.115,0.299,-0.004,0.303,0.466,0.553,0.037,0.209,0.31,0.023,0.493,-0.036,0.163,0.051,0.548,0.608,0.431,-0.153,0.25,0.679,0.713,0.587,-0.06,0.583,0.685,-0.011,0.629,0.715,0.355,0.633,0.283,0.119,0.576,0.695,0.51,0.718,-0.013,-0.049
ARDX,-0.295,-0.218,0.75,-0.235,-0.06,0.336,0.512,0.163,0.396,0.195,0.059,-0.118,0.339,-0.228,-0.025,-0.366,0.29,1.0,0.132,-0.33,0.108,-0.023,0.281,0.54,0.041,-0.295,-0.119,0.443,-0.462,-0.386,-0.317,0.495,0.0,-0.038,0.439,-0.248,0.018,0.415,0.291,0.498,0.353,0.546,0.278,-0.329,0.534,0.035,0.535,0.236,0.066,0.462,-0.267,0.084,0.39,-0.261,0.009,-0.108,-0.225,-0.171,0.471,0.101,0.075,-0.048,0.405,0.688,0.188,0.162,0.263,0.237,0.117,0.221,0.471,-0.117,0.392,-0.329,0.444,0.088,0.316,0.32,0.341,0.356,0.522,-0.097,0.074,0.3,0.393,0.224,0.397,-0.146,0.698,0.705,-0.257,0.696,-0.064,-0.323,-0.243,-0.137,0.022,-0.13,-0.192,0.255,-0.341,0.193,-0.042,0.746,0.147,0.054,-0.063,-0.119,-0.09,0.665,0.431,-0.482,-0.214,-0.158,0.641,0.067,-0.058,-0.181,0.377,-0.148,0.613,0.444,-0.347,0.62,-0.052,-0.267,-0.005,0.473,-0.051,0.237,0.097,-0.292,-0.059,0.197,0.347,0.292,0.627,0.006,0.403,-0.236,0.234,0.325,-0.31,0.064,-0.368,-0.101,-0.102,-0.131,-0.165,-0.097,0.433,0.078,0.019,0.521,-0.067,-0.008,-0.278,0.5,0.062,0.238,0.088,0.19,-0.219,-0.136,-0.304,-0.207,0.454,0.133,0.652,-0.303,0.558,-0.282,0.369,0.059,-0.435,-0.346,-0.04,-0.144,0.088,0.529,0.303,0.387,0.238,0.518,0.475,0.595,0.185,0.078,0.505,0.221,-0.073,-0.047,0.199,-0.415,0.559,0.385,0.235,0.232,-0.507,-0.318
ATER,0.339,0.29,0.233,0.334,0.258,0.031,-0.189,0.119,0.456,-0.103,0.428,0.164,0.44,0.366,0.376,0.366,0.258,0.132,1.0,0.323,0.378,0.342,0.025,-0.375,0.167,0.386,0.311,-0.013,0.303,0.401,0.357,-0.159,0.477,0.18,0.301,0.357,0.305,-0.118,0.034,0.049,0.044,-0.02,0.279,0.123,0.027,0.479,-0.023,0.225,0.44,0.299,0.272,-0.031,-0.069,0.135,-0.054,0.358,0.297,0.306,-0.324,0.15,0.303,0.389,0.021,0.05,0.25,0.247,0.376,0.299,0.204,0.452,0.03,0.318,-0.097,0.273,0.023,0.378,0.113,0.429,0.256,0.284,0.305,0.263,0.371,-0.117,0.169,0.029,-0.223,0.257,-0.069,-0.177,0.341,0.159,0.344,0.136,0.335,0.494,0.409,0.438,0.216,0.121,0.213,0.413,0.305,-0.098,0.393,0.365,0.356,0.107,0.346,0.037,-0.082,0.067,0.08,0.428,-0.077,0.332,0.397,0.408,0.369,0.381,0.475,-0.224,0.193,0.131,0.337,0.314,0.338,0.119,0.414,0.143,0.153,0.389,0.254,0.004,0.234,0.054,0.129,0.326,0.386,0.207,0.388,0.266,0.446,0.187,0.169,0.314,0.303,-0.091,0.449,0.428,0.51,0.122,0.38,-0.069,0.359,0.328,0.198,0.155,0.428,-0.514,0.135,0.063,0.246,0.2,0.227,0.395,-0.107,0.021,0.369,0.446,-0.031,0.304,-0.092,0.39,0.265,0.332,0.175,0.365,0.255,-0.187,0.381,0.196,0.182,0.126,0.024,0.224,0.243,0.436,0.215,0.378,0.157,0.189,-0.087,0.474,0.021,0.055,0.497,0.33,0.164,0.012
ATOS,0.566,0.704,-0.354,0.657,0.616,-0.239,-0.247,0.079,0.24,-0.355,0.615,0.408,0.381,0.656,0.564,0.752,0.047,-0.33,0.323,1.0,0.215,0.675,-0.23,-0.532,0.3,0.639,0.596,-0.032,0.601,0.776,0.6,-0.583,0.56,0.424,-0.256,0.637,0.394,0.003,0.004,-0.307,-0.137,-0.396,0.114,0.611,-0.084,0.635,-0.232,0.307,0.481,0.042,0.61,0.166,-0.386,0.604,0.176,0.483,0.509,0.629,-0.635,0.059,0.751,0.527,0.003,-0.329,0.239,0.398,0.484,0.343,0.339,0.327,-0.078,0.619,0.048,0.733,-0.107,0.428,0.013,0.251,0.48,0.428,0.057,0.479,0.535,-0.195,0.067,0.074,-0.427,0.452,-0.293,-0.526,0.527,-0.189,0.361,0.639,0.606,0.787,0.538,0.684,0.477,0.065,0.578,0.338,0.429,-0.524,0.45,0.561,0.526,0.302,0.504,-0.27,-0.201,0.448,0.462,0.702,-0.421,0.321,0.533,0.704,0.344,0.58,0.102,-0.432,0.607,-0.188,0.471,0.657,0.614,-0.028,0.615,-0.21,0.042,0.682,0.609,0.068,0.118,0.048,-0.089,0.499,0.299,0.67,0.072,0.184,0.689,0.308,0.653,0.662,0.689,0.163,0.607,0.792,0.159,0.298,0.512,-0.221,0.586,0.32,0.489,-0.179,0.187,-0.559,0.255,0.149,0.671,0.292,0.766,0.682,-0.031,0.225,-0.109,0.643,-0.504,0.658,-0.124,0.487,0.563,0.71,0.563,0.509,0.556,-0.575,0.467,0.059,0.052,-0.184,-0.339,0.17,0.233,0.363,0.167,0.273,0.178,0.281,0.298,0.693,-0.253,-0.034,0.426,0.373,0.63,0.489
AUPH,-0.022,0.46,0.089,0.578,0.15,0.162,-0.376,-0.09,0.565,0.192,0.435,0.274,0.616,0.471,0.195,0.249,0.031,0.108,0.378,0.215,1.0,0.17,-0.005,-0.208,-0.096,0.521,0.76,-0.283,0.37,0.265,0.413,-0.287,0.513,0.384,0.301,0.089,-0.067,-0.358,-0.239,-0.358,0.082,-0.222,-0.107,0.248,-0.093,0.537,-0.302,-0.003,0.187,0.327,0.642,0.304,-0.181,0.527,0.183,0.722,0.711,0.068,-0.369,-0.276,0.157,0.576,-0.3,0.253,-0.019,0.009,0.17,-0.012,-0.037,0.446,-0.328,0.133,0.07,0.341,-0.061,0.591,-0.344,0.136,0.276,0.244,0.008,-0.109,0.169,-0.471,-0.185,-0.335,-0.438,0.504,-0.326,-0.042,0.564,0.116,-0.168,0.217,0.42,0.355,0.346,0.511,-0.092,-0.35,-0.123,0.081,0.107,0.037,0.257,0.577,0.026,-0.316,0.568,-0.046,-0.35,0.485,0.063,0.537,-0.258,0.383,0.133,0.388,0.338,0.541,0.167,-0.412,0.076,0.092,0.621,0.527,0.124,-0.214,0.526,-0.046,0.485,0.141,0.221,-0.324,-0.103,-0.305,0.025,0.147,0.039,0.615,0.081,0.251,0.327,-0.068,0.379,0.55,0.266,-0.254,0.333,0.431,0.043,-0.278,0.498,-0.318,0.466,-0.088,0.013,-0.224,0.115,-0.533,-0.111,-0.225,0.502,0.096,0.347,0.357,-0.416,-0.245,0.462,0.451,-0.321,0.413,-0.399,0.578,0.382,0.457,-0.04,0.014,0.37,0.009,0.434,-0.288,-0.288,-0.307,0.083,-0.049,-0.16,0.533,-0.163,0.01,0.288,-0.325,-0.17,0.452,-0.291,-0.153,0.301,0.119,0.325,0.253
AVGO,0.7,0.655,-0.079,0.572,0.916,-0.036,0.102,0.403,0.528,-0.453,0.829,0.43,0.407,0.619,0.66,0.744,0.475,-0.023,0.342,0.675,0.17,1.0,-0.035,-0.438,0.606,0.625,0.518,0.357,0.599,0.65,0.519,-0.528,0.518,0.727,-0.321,0.609,0.701,0.405,0.222,-0.002,-0.097,0.058,0.252,0.646,0.379,0.594,0.197,0.614,0.72,0.113,0.483,0.321,-0.26,0.576,0.261,0.334,0.298,0.812,-0.484,0.448,0.778,0.443,0.446,-0.265,0.578,0.66,0.822,0.721,0.578,0.381,0.334,0.773,0.169,0.644,0.102,0.408,0.198,0.417,0.674,0.628,0.254,0.634,0.82,0.107,0.535,0.397,-0.103,0.171,0.143,-0.453,0.503,0.072,0.625,0.782,0.639,0.811,0.755,0.798,0.661,0.407,0.558,0.633,0.71,-0.411,0.685,0.535,0.729,0.555,0.263,0.069,0.006,0.326,0.67,0.664,0.049,0.471,0.716,0.477,0.598,0.399,0.303,-0.217,0.725,0.085,0.33,0.541,0.82,0.413,0.76,-0.342,0.065,0.728,0.566,0.404,0.576,0.335,0.118,0.758,0.619,0.614,0.319,0.551,0.588,0.541,0.505,0.639,0.908,0.292,0.762,0.817,0.517,0.443,0.407,0.219,0.759,0.536,0.628,0.264,0.484,-0.257,0.632,0.516,0.728,0.183,0.476,0.685,0.344,0.504,-0.069,0.462,-0.354,0.584,0.105,0.485,0.554,0.682,0.877,0.773,0.733,-0.468,0.431,0.481,0.401,0.184,-0.173,0.49,0.444,0.357,0.539,0.642,0.346,0.522,0.56,0.593,0.11,0.27,0.655,0.753,0.574,0.478
AZN,-0.266,-0.107,0.403,-0.055,-0.02,0.349,0.447,-0.063,0.074,0.444,0.002,0.002,0.149,-0.078,-0.21,-0.193,-0.024,0.281,0.025,-0.23,-0.005,-0.035,1.0,0.228,-0.144,-0.172,-0.099,0.215,-0.222,-0.269,-0.138,-0.021,-0.053,-0.001,-0.053,-0.311,-0.04,0.181,0.277,0.426,0.51,0.409,0.004,0.062,0.424,-0.073,0.272,-0.057,-0.016,0.543,-0.095,0.409,0.535,0.014,0.422,-0.027,0.029,-0.012,0.22,0.48,-0.009,0.195,0.128,0.415,0.077,-0.064,0.223,-0.055,-0.013,0.305,0.155,-0.058,0.617,0.025,0.47,-0.145,0.258,0.203,0.225,0.333,0.276,-0.228,-0.152,0.384,0.076,-0.081,0.377,0.096,0.276,0.139,-0.062,0.058,-0.214,-0.173,0.132,-0.112,-0.092,-0.073,-0.264,0.026,-0.074,0.061,0.048,0.209,0.248,0.051,-0.016,-0.088,-0.009,0.613,-0.059,0.061,0.185,-0.067,0.298,0.221,-0.094,-0.187,0.363,0.029,0.203,0.247,-0.019,0.33,0.017,-0.011,-0.172,0.244,-0.094,-0.101,0.375,-0.165,-0.139,-0.059,0.19,0.075,0.431,-0.195,0.032,-0.133,0.418,0.382,-0.085,-0.108,0.056,0.076,-0.107,0.196,0.001,-0.072,0.203,0.176,-0.077,0.336,-0.012,-0.086,-0.011,0.123,0.202,0.192,0.125,-0.051,-0.146,-0.249,-0.221,-0.146,0.225,-0.009,0.147,-0.338,0.273,0.032,0.123,0.304,-0.204,-0.125,-0.014,-0.247,0.155,0.3,0.032,-0.021,0.218,0.25,0.423,0.205,-0.125,0.244,0.105,0.177,0.071,-0.172,0.324,-0.185,0.23,0.013,0.138,-0.086,-0.098,0.145
BCRX,-0.435,-0.452,0.379,-0.582,-0.361,0.192,0.495,0.068,-0.086,0.248,-0.475,-0.205,-0.252,-0.499,-0.314,-0.631,0.085,0.54,-0.375,-0.532,-0.208,-0.438,0.228,1.0,-0.062,-0.569,-0.457,0.293,-0.534,-0.621,-0.561,0.527,-0.454,-0.257,0.277,-0.394,-0.144,0.321,0.262,0.437,0.112,0.46,0.133,-0.545,0.229,-0.405,0.533,0.008,-0.385,0.095,-0.531,-0.067,0.451,-0.422,-0.127,-0.348,-0.355,-0.38,0.608,-0.122,-0.292,-0.389,0.258,0.428,0.014,-0.092,-0.208,-0.055,-0.162,-0.31,0.294,-0.329,0.26,-0.596,0.177,-0.339,0.17,-0.15,-0.053,-0.018,0.191,-0.171,-0.237,0.287,0.136,0.186,0.386,-0.296,0.52,0.725,-0.558,0.333,-0.239,-0.51,-0.489,-0.539,-0.428,-0.523,-0.311,0.1,-0.345,-0.082,-0.309,0.638,-0.281,-0.262,-0.312,-0.159,-0.467,0.436,0.322,-0.449,-0.315,-0.479,0.585,-0.369,-0.323,-0.578,-0.115,-0.47,0.014,0.486,-0.469,0.455,-0.434,-0.447,-0.32,0.149,-0.494,0.248,-0.141,-0.535,-0.211,0.123,0.035,0.216,0.253,-0.26,0.017,-0.502,-0.017,-0.042,-0.533,-0.152,-0.548,-0.411,-0.403,-0.043,-0.477,-0.494,-0.15,0.014,-0.45,0.404,-0.385,-0.162,-0.429,0.225,-0.254,0.647,-0.107,0.098,-0.491,-0.067,-0.469,-0.453,0.305,-0.019,0.236,-0.434,0.632,-0.561,0.4,-0.341,-0.576,-0.653,-0.272,-0.371,-0.245,0.608,-0.05,0.17,0.068,0.28,0.312,0.165,-0.02,-0.234,0.163,-0.099,-0.122,-0.109,0.035,-0.657,0.427,0.22,-0.207,-0.108,-0.628,-0.463
BGC,0.745,0.264,-0.124,0.075,0.686,0.177,0.274,0.832,0.346,-0.563,0.477,0.238,-0.057,0.198,0.795,0.451,0.586,0.041,0.167,0.3,-0.096,0.606,-0.144,-0.062,1.0,0.325,0.098,0.662,0.279,0.289,0.279,-0.253,0.12,0.59,0.006,0.641,0.77,0.63,0.435,0.246,-0.327,0.407,0.54,0.226,0.485,0.196,0.512,0.876,0.529,-0.246,0.15,-0.018,-0.217,0.109,-0.028,-0.127,-0.133,0.608,-0.192,0.271,0.576,-0.083,0.665,-0.397,0.688,0.821,0.586,0.856,0.78,-0.146,0.548,0.668,-0.1,0.207,0.172,-0.061,0.37,0.507,0.317,0.28,0.363,0.792,0.814,0.19,0.729,0.748,0.058,-0.339,0.444,-0.073,0.048,0.101,0.804,0.409,0.328,0.498,0.588,0.46,0.767,0.64,0.446,0.649,0.628,-0.334,0.306,0.136,0.713,0.792,-0.23,-0.019,0.234,-0.042,0.515,0.194,0.374,-0.189,0.699,0.019,0.244,-0.141,0.161,0.019,0.398,0.219,-0.186,0.138,0.82,0.582,0.543,0.1,-0.384,0.595,0.489,0.656,0.641,0.743,-0.016,0.774,0.75,0.151,0.318,0.367,0.357,0.857,-0.047,0.057,0.628,0.146,0.57,0.44,0.367,0.397,-0.165,0.497,0.367,0.81,0.423,0.473,0.294,0.068,0.773,0.849,0.355,0.404,0.182,0.499,0.601,0.737,-0.112,0.31,-0.007,0.198,0.582,-0.021,0.239,0.301,0.773,0.793,0.442,-0.325,0.26,0.753,0.537,0.378,-0.501,0.582,0.698,-0.091,0.694,0.68,0.219,0.772,0.358,0.216,0.375,0.699,0.424,0.842,0.142,0.134
BIDU,0.487,0.74,-0.348,0.757,0.632,-0.063,-0.353,0.167,0.442,-0.277,0.77,0.449,0.429,0.691,0.587,0.736,0.156,-0.295,0.386,0.639,0.521,0.625,-0.172,-0.569,0.325,1.0,0.768,-0.115,0.705,0.644,0.675,-0.602,0.546,0.616,-0.035,0.533,0.364,-0.121,-0.124,-0.425,-0.168,-0.29,0.052,0.651,0.007,0.652,-0.287,0.31,0.557,0.067,0.774,0.161,-0.474,0.677,0.214,0.614,0.582,0.546,-0.631,0.005,0.51,0.51,-0.08,-0.262,0.234,0.324,0.488,0.296,0.343,0.484,-0.21,0.557,-0.091,0.695,-0.175,0.505,-0.21,0.232,0.467,0.379,-0.012,0.324,0.515,-0.342,0.063,-0.046,-0.569,0.4,-0.391,-0.473,0.902,-0.127,0.297,0.682,0.689,0.711,0.609,0.847,0.412,-0.066,0.387,0.334,0.482,-0.507,0.486,0.605,0.454,0.224,0.507,-0.303,-0.29,0.573,0.484,0.789,-0.386,0.455,0.507,0.533,0.375,0.596,0.032,-0.509,0.58,-0.134,0.503,0.711,0.591,-0.043,0.79,-0.216,0.183,0.727,0.48,0.104,0.135,-0.03,-0.166,0.523,0.275,0.767,0.043,0.333,0.657,0.323,0.637,0.652,0.725,0.063,0.653,0.692,0.133,0.058,0.591,-0.21,0.757,0.334,0.517,-0.172,0.282,-0.582,0.244,0.094,0.747,0.293,0.624,0.703,-0.211,0.22,-0.042,0.64,-0.581,0.644,-0.258,0.531,0.749,0.796,0.451,0.473,0.617,-0.526,0.43,-0.016,-0.069,-0.29,-0.373,0.031,0.161,0.425,0.042,0.287,0.61,0.192,0.133,0.759,-0.341,0.02,0.507,0.401,0.694,0.517
BILI,0.192,0.751,-0.156,0.821,0.473,-0.057,-0.404,-0.06,0.576,-0.046,0.695,0.332,0.668,0.694,0.375,0.569,-0.06,-0.119,0.311,0.596,0.76,0.518,-0.099,-0.457,0.098,0.768,1.0,-0.218,0.571,0.6,0.586,-0.547,0.657,0.617,-0.002,0.258,0.06,-0.254,-0.28,-0.449,-0.068,-0.396,-0.201,0.623,-0.108,0.737,-0.387,0.13,0.435,0.289,0.922,0.366,-0.404,0.822,0.342,0.705,0.777,0.496,-0.58,-0.154,0.478,0.768,-0.249,0.053,0.057,0.157,0.409,0.162,0.176,0.61,-0.309,0.33,0.12,0.685,-0.093,0.767,-0.401,0.183,0.478,0.38,-0.129,0.053,0.416,-0.485,-0.141,-0.247,-0.604,0.597,-0.394,-0.324,0.794,-0.046,-0.035,0.602,0.713,0.58,0.573,0.769,0.086,-0.34,0.234,0.134,0.333,-0.222,0.354,0.686,0.236,-0.102,0.721,-0.14,-0.314,0.615,0.377,0.764,-0.399,0.57,0.283,0.674,0.373,0.699,0.192,-0.554,0.41,-0.143,0.731,0.718,0.454,-0.158,0.825,-0.337,0.471,0.434,0.394,-0.22,-0.079,-0.269,-0.104,0.347,0.08,0.931,0.031,0.298,0.572,0.113,0.682,0.835,0.587,-0.021,0.543,0.779,0.066,-0.096,0.729,-0.3,0.69,0.037,0.347,-0.383,0.231,-0.62,0.084,-0.115,0.813,0.029,0.62,0.585,-0.289,-0.026,0.194,0.583,-0.613,0.7,-0.403,0.721,0.581,0.768,0.291,0.202,0.635,-0.315,0.491,-0.275,-0.294,-0.399,-0.075,0.009,-0.15,0.549,-0.076,0.078,0.341,-0.209,0.13,0.656,-0.423,-0.145,0.458,0.262,0.631,0.576
BKR,0.388,-0.11,0.239,-0.288,0.413,0.302,0.742,0.711,0.16,-0.29,0.197,-0.007,-0.132,-0.171,0.498,-0.009,0.628,0.443,-0.013,-0.032,-0.283,0.357,0.215,0.293,0.662,-0.115,-0.218,1.0,-0.208,-0.201,-0.037,0.056,-0.083,0.422,0.007,0.363,0.628,0.89,0.736,0.568,-0.007,0.695,0.564,-0.088,0.788,-0.075,0.773,0.704,0.385,0.056,-0.224,0.14,0.293,-0.185,0.038,-0.384,-0.439,0.282,0.331,0.435,0.387,-0.281,0.851,-0.09,0.635,0.771,0.524,0.752,0.671,-0.107,0.841,0.415,0.241,-0.075,0.437,-0.272,0.674,0.432,0.324,0.379,0.562,0.577,0.53,0.5,0.806,0.84,0.523,-0.54,0.762,0.275,-0.254,0.307,0.56,0.134,-0.017,0.257,0.277,0.06,0.433,0.724,0.074,0.555,0.4,0.056,0.373,-0.042,0.477,0.562,-0.37,0.433,0.516,-0.37,0.312,-0.176,0.686,-0.063,0.378,-0.26,0.395,-0.375,0.198,0.426,0.092,0.539,-0.435,-0.241,0.497,0.744,0.178,0.134,-0.233,0.261,0.193,0.787,0.74,0.86,0.375,0.553,0.706,-0.178,0.399,0.413,-0.052,0.675,-0.255,-0.147,0.279,0.169,0.334,0.108,0.52,0.395,-0.297,0.859,0.121,0.613,0.096,0.729,0.232,0.414,0.651,0.818,0.044,0.236,-0.125,0.102,0.838,0.678,-0.059,-0.153,0.439,-0.025,0.8,-0.137,-0.206,-0.153,0.543,0.455,0.277,0.083,0.071,0.781,0.701,0.74,-0.089,0.765,0.695,-0.088,0.759,0.654,0.134,0.616,0.511,-0.192,0.705,0.801,0.338,0.671,-0.298,-0.023
BLDP,0.518,0.803,-0.432,0.729,0.537,-0.202,-0.397,0.046,0.224,-0.367,0.537,0.649,0.29,0.817,0.4,0.678,0.214,-0.462,0.303,0.601,0.37,0.599,-0.222,-0.534,0.279,0.705,0.571,-0.208,1.0,0.825,0.695,-0.62,0.434,0.462,-0.303,0.541,0.331,-0.183,-0.19,-0.475,-0.259,-0.42,0.079,0.577,-0.127,0.605,-0.355,0.155,0.42,-0.156,0.623,0.109,-0.527,0.638,0.152,0.558,0.609,0.552,-0.63,0.032,0.492,0.53,-0.02,-0.364,0.16,0.243,0.322,0.292,0.174,0.217,-0.259,0.561,-0.13,0.631,-0.219,0.458,-0.259,0.032,0.424,0.376,-0.125,0.39,0.5,-0.29,-0.055,-0.057,-0.413,0.426,-0.421,-0.652,0.616,-0.258,0.319,0.681,0.585,0.597,0.504,0.63,0.465,-0.085,0.678,0.183,0.32,-0.625,0.358,0.599,0.343,0.163,0.427,-0.443,-0.446,0.582,0.365,0.812,-0.474,0.321,0.413,0.54,0.196,0.571,-0.167,-0.564,0.725,-0.285,0.365,0.738,0.455,-0.215,0.541,-0.247,0.182,0.588,0.579,0.002,0.125,-0.152,-0.242,0.497,0.145,0.657,-0.044,0.282,0.79,0.138,0.582,0.578,0.673,0.075,0.509,0.562,0.165,0.324,0.426,-0.315,0.585,0.195,0.442,-0.122,0.208,-0.433,0.134,0.079,0.694,0.337,0.636,0.586,-0.217,0.045,-0.267,0.74,-0.651,0.659,-0.373,0.367,0.874,0.67,0.435,0.539,0.603,-0.504,0.451,-0.065,0.079,-0.285,-0.402,-0.123,0.008,0.307,-0.05,0.247,0.365,0.179,0.146,0.737,-0.39,-0.183,0.261,0.321,0.701,0.444
BLNK,0.538,0.78,-0.306,0.701,0.549,-0.268,-0.392,-0.0,0.305,-0.355,0.594,0.464,0.396,0.778,0.404,0.729,0.108,-0.386,0.401,0.776,0.265,0.65,-0.269,-0.621,0.289,0.644,0.6,-0.201,0.825,1.0,0.649,-0.612,0.558,0.404,-0.273,0.496,0.3,-0.16,-0.209,-0.406,-0.226,-0.495,0.061,0.635,-0.174,0.65,-0.375,0.166,0.485,-0.025,0.644,0.112,-0.534,0.634,0.137,0.485,0.562,0.635,-0.692,0.058,0.632,0.629,-0.044,-0.291,0.127,0.245,0.354,0.296,0.19,0.356,-0.188,0.525,-0.073,0.735,-0.211,0.528,-0.229,0.17,0.408,0.354,-0.122,0.332,0.507,-0.251,-0.056,-0.092,-0.433,0.552,-0.383,-0.643,0.591,-0.24,0.334,0.633,0.627,0.635,0.528,0.648,0.443,-0.071,0.675,0.21,0.349,-0.551,0.304,0.56,0.371,0.189,0.559,-0.37,-0.357,0.507,0.364,0.789,-0.471,0.374,0.459,0.722,0.221,0.635,0.114,-0.568,0.723,-0.327,0.485,0.675,0.524,-0.162,0.597,-0.273,0.134,0.583,0.572,-0.085,0.106,-0.166,-0.165,0.466,0.153,0.675,0.051,0.197,0.806,0.169,0.622,0.655,0.688,0.092,0.515,0.71,0.248,0.31,0.538,-0.328,0.572,0.201,0.498,-0.183,0.254,-0.527,0.173,0.076,0.696,0.181,0.738,0.608,-0.145,0.065,-0.139,0.703,-0.654,0.694,-0.347,0.467,0.715,0.699,0.457,0.528,0.556,-0.573,0.515,-0.033,0.005,-0.276,-0.344,0.0,0.052,0.31,0.065,0.172,0.224,0.181,0.176,0.731,-0.384,-0.197,0.41,0.323,0.695,0.426
BYND,0.456,0.662,-0.399,0.609,0.463,-0.142,-0.317,0.097,0.177,-0.396,0.559,0.57,0.333,0.76,0.516,0.668,0.154,-0.317,0.357,0.6,0.413,0.519,-0.138,-0.561,0.279,0.675,0.586,-0.037,0.695,0.649,1.0,-0.586,0.464,0.506,-0.172,0.653,0.354,-0.097,-0.093,-0.434,-0.092,-0.357,0.353,0.59,-0.06,0.736,-0.357,0.185,0.485,-0.103,0.717,0.223,-0.459,0.625,0.23,0.583,0.537,0.565,-0.545,0.074,0.61,0.437,0.031,-0.357,0.157,0.428,0.418,0.313,0.304,0.323,-0.124,0.631,-0.022,0.656,-0.07,0.508,-0.127,0.229,0.465,0.418,0.103,0.362,0.437,-0.261,0.011,-0.012,-0.459,0.337,-0.379,-0.544,0.582,-0.105,0.322,0.691,0.537,0.723,0.608,0.594,0.408,-0.119,0.419,0.236,0.381,-0.589,0.495,0.639,0.465,0.158,0.484,-0.347,-0.271,0.527,0.416,0.65,-0.426,0.33,0.449,0.622,0.431,0.641,-0.079,-0.509,0.573,-0.125,0.427,0.679,0.546,-0.042,0.587,-0.183,0.169,0.69,0.754,0.039,0.041,-0.052,-0.04,0.571,0.199,0.609,-0.044,0.286,0.661,0.227,0.601,0.563,0.638,0.165,0.624,0.557,0.198,0.156,0.527,-0.219,0.658,0.301,0.41,-0.196,0.345,-0.52,0.188,0.189,0.731,0.569,0.654,0.608,-0.12,0.094,-0.291,0.603,-0.495,0.686,-0.296,0.473,0.802,0.661,0.44,0.46,0.511,-0.581,0.414,-0.045,0.028,-0.102,-0.39,0.094,0.139,0.352,0.01,0.341,0.237,0.171,0.229,0.842,-0.365,-0.068,0.306,0.323,0.638,0.576
