,AAL,AAPL,ABUS,ADBE,ADI,ADMA,AEP,AGNC,AKBA,ALT,AMAT,AMD,AMGN,AMZN,APA,APPS,ARCC,ARDX,ATER,ATOS,AUPH,AVGO,AZN,BCRX,BGC,BIDU,BILI,BKR,BLDP,BLNK,BYND,CAN,CELH,CG,CGC,CHRD,CLNE,CMCSA,COMM,COST,CPB,CPRT,CRON,CRWD,CSCO,CSGP,CSX,CTSH,CZR,DBX,DDOG,DKNG,DLTR,DOCU,DVAX,DXCM,EA,EBAY,ENPH,ERIC,ESPR,ETSY,EXC,EXEL,EXPE,FANG,FAST,FITB,FLEX,FOLD,FOXA,FSLR,FTNT,FUTU,GEN,GERN,GEVO,GILD,GOOG,GOOGL,GPRO,GT,HBAN,HIVE,HON,HST,HUT,IBRX,INTC,IOVA,IQ,IRWD,JBLU,JD,KDP,KHC,LBTYK,LRCX,LYFT,MAR,MARA,MAT,MCHP,MCRB,MDLZ,META,MGNI,MLCO,MNKD,MNST,MOMO,MRNA,MRVL,MSFT,MSTR,MTCH,MU,MVIS,NDAQ,NFLX,NKTR,NNDM,NTES,NTNX,NVAX,NVDA,NWL,NWSA,NXPI,OCGN,OKTA,ON,OPK,PAA,PACB,PAGP,PANW,PARA,PCAR,PDD,PENN,PEP,PLUG,PTEN,PTON,PYPL,QCOM,QUBT,QVCGA,RDFN,REAL,RIOT,ROKU,ROST,RUN,SABR,SAVA,SBUX,SFIX,SGMO,SIRI,SLM,SMCI,SNDL,SONO,STNE,STX,TCOM,TGTX,TIGR,TLRY,TMUS,TRIP,TSCO,TSLA,TTD,TXN,UAL,UNIT,VERU,VKTX,VLY,VOD,VTRS,VXRT,WBA,WBD,WDAY,WDC,WEN,WW,WYNN,XEL,XP,XRAY,XRX,Z,ZION,ZM,ZS
AAL,1.0,0.344,0.121,0.293,0.275,-0.155,0.523,0.458,0.132,0.492,0.443,0.212,0.117,0.102,0.252,0.263,0.676,0.056,0.39,0.065,0.124,0.346,0.121,-0.009,0.528,-0.014,0.197,0.301,0.329,0.597,-0.057,0.276,0.451,0.528,0.168,-0.195,0.301,0.414,0.396,0.265,0.1,0.418,0.186,-0.076,0.224,0.581,0.259,0.374,0.489,-0.01,0.159,0.048,0.357,0.12,-0.166,0.016,0.198,0.148,0.551,0.229,0.07,0.212,0.63,-0.145,0.317,0.193,0.235,0.355,0.328,-0.018,0.513,0.319,0.302,0.192,0.067,0.301,0.33,-0.108,0.4,0.409,0.371,0.651,0.52,0.026,0.511,0.622,-0.317,0.124,0.347,0.05,0.163,0.072,0.896,0.153,0.467,0.378,0.415,0.363,0.409,0.555,-0.036,0.72,0.451,0.214,0.337,0.303,0.439,0.254,0.209,0.492,0.293,-0.222,0.166,0.263,0.354,0.122,0.505,0.12,0.301,0.024,0.211,0.422,0.089,0.334,-0.039,0.176,0.454,0.583,0.406,0.241,0.096,0.431,-0.013,0.159,0.004,0.19,0.215,0.589,0.232,-0.036,0.518,0.413,0.227,0.257,0.174,0.167,0.384,0.096,0.488,0.477,0.15,0.175,0.026,0.508,0.286,0.598,-0.016,0.317,0.375,0.077,0.341,0.284,0.417,0.503,0.491,0.525,0.555,0.49,-0.137,0.114,0.119,0.065,0.57,0.129,0.244,0.253,0.137,0.857,-0.12,0.21,0.171,0.647,0.26,0.602,-0.208,0.46,0.584,0.454,0.561,0.293,0.475,0.444,0.43,0.224,0.514,0.359,0.369,0.521,-0.016,0.071
AAPL,0.344,1.0,0.605,0.869,0.845,0.166,0.773,0.766,0.648,0.539,0.874,0.819,0.756,0.763,0.635,0.629,0.651,0.745,0.527,0.649,0.708,0.846,0.722,0.597,0.671,0.349,0.673,0.68,0.846,0.581,0.49,0.777,0.682,0.668,0.48,0.131,0.424,0.854,0.674,0.845,0.737,0.541,0.664,0.594,0.883,0.659,0.622,0.841,0.604,0.616,0.744,0.554,0.719,0.734,0.169,0.692,0.818,0.728,0.719,0.643,0.687,0.794,0.713,0.454,0.663,0.368,0.848,0.67,0.28,0.611,0.639,0.793,0.576,0.493,0.591,0.702,0.455,0.426,0.802,0.792,0.657,0.707,0.45,0.428,0.606,0.657,0.289,0.7,0.731,0.661,0.288,0.515,0.367,0.805,0.721,0.823,0.775,0.786,0.76,0.787,0.003,0.562,0.801,0.631,0.626,0.69,0.634,0.709,0.751,0.866,0.844,0.515,0.673,0.942,0.722,0.782,0.607,0.426,0.755,0.62,0.777,0.25,0.756,0.705,0.557,0.871,0.332,0.484,0.617,0.354,0.752,0.735,0.6,0.693,0.525,0.675,0.869,0.711,0.789,0.664,0.775,0.82,0.88,0.345,0.599,0.776,0.895,-0.389,0.743,0.833,0.607,0.633,0.686,0.683,0.698,0.548,0.498,0.758,0.779,0.67,0.633,0.292,0.622,0.013,0.741,0.558,0.494,0.486,0.49,0.676,0.455,0.698,0.676,0.613,0.748,0.727,0.755,0.335,0.172,0.346,0.713,0.424,0.157,0.741,0.385,0.626,0.663,0.869,0.415,0.747,0.648,0.774,0.804,0.691,0.699,-0.102,0.642,0.663,0.505,0.665
ABUS,0.121,0.605,1.0,0.733,0.516,0.044,0.539,0.592,0.55,0.275,0.551,0.772,0.722,0.747,0.544,0.634,0.351,0.695,0.497,0.66,0.654,0.476,0.711,0.684,0.481,0.317,0.553,0.494,0.701,0.41,0.53,0.655,0.472,0.353,0.419,0.197,0.389,0.36,0.418,0.561,0.709,0.303,0.489,0.643,0.501,0.318,0.276,0.501,0.333,0.643,0.707,0.593,0.468,0.779,0.33,0.69,0.697,0.68,0.469,0.593,0.673,0.657,0.342,0.643,0.469,0.218,0.7,0.467,-0.059,0.644,0.326,0.541,0.278,0.175,0.597,0.626,0.441,0.458,0.649,0.641,0.576,0.377,0.088,0.414,0.205,0.448,0.387,0.628,0.375,0.698,0.358,0.4,0.135,0.766,0.382,0.614,0.591,0.462,0.5,0.569,-0.166,0.313,0.475,0.618,0.266,0.574,0.49,0.702,0.704,0.543,0.59,0.706,0.617,0.684,0.627,0.765,0.14,0.423,0.536,0.686,0.677,0.163,0.662,0.498,0.656,0.667,0.014,0.131,0.371,0.467,0.824,0.481,0.751,0.666,0.625,0.632,0.699,0.42,0.582,0.702,0.51,0.546,0.742,0.317,0.625,0.591,0.611,-0.521,0.591,0.529,0.624,0.596,0.775,0.31,0.683,0.334,0.51,0.676,0.588,0.638,0.52,0.336,0.52,-0.103,0.382,0.268,0.228,0.249,0.622,0.754,0.351,0.749,0.686,0.53,0.757,0.623,0.534,0.1,0.189,0.439,0.639,0.151,-0.233,0.469,0.543,0.316,0.422,0.661,-0.038,0.676,0.516,0.596,0.575,0.719,0.454,-0.362,0.362,0.434,0.611,0.732
ADBE,0.293,0.869,0.733,1.0,0.779,0.233,0.731,0.759,0.715,0.465,0.835,0.897,0.818,0.766,0.618,0.749,0.527,0.718,0.568,0.728,0.752,0.751,0.812,0.639,0.659,0.483,0.621,0.573,0.827,0.58,0.536,0.755,0.649,0.563,0.567,0.147,0.49,0.672,0.662,0.792,0.792,0.473,0.685,0.713,0.78,0.615,0.554,0.728,0.592,0.732,0.748,0.648,0.619,0.827,0.368,0.774,0.895,0.771,0.74,0.689,0.723,0.844,0.576,0.582,0.636,0.303,0.854,0.514,0.165,0.694,0.616,0.75,0.499,0.439,0.652,0.782,0.588,0.528,0.902,0.889,0.641,0.635,0.355,0.5,0.466,0.624,0.333,0.703,0.656,0.716,0.42,0.632,0.288,0.798,0.649,0.844,0.774,0.718,0.734,0.787,0.001,0.558,0.769,0.695,0.542,0.783,0.664,0.856,0.771,0.77,0.805,0.62,0.782,0.927,0.792,0.815,0.468,0.467,0.713,0.646,0.774,0.17,0.822,0.639,0.628,0.901,0.184,0.427,0.657,0.39,0.819,0.718,0.719,0.719,0.615,0.726,0.834,0.678,0.692,0.718,0.782,0.809,0.845,0.367,0.564,0.778,0.828,-0.446,0.691,0.776,0.688,0.697,0.739,0.624,0.733,0.394,0.527,0.828,0.721,0.711,0.657,0.363,0.712,-0.049,0.555,0.445,0.373,0.46,0.573,0.791,0.512,0.762,0.678,0.683,0.768,0.789,0.715,0.257,0.25,0.426,0.703,0.388,0.026,0.739,0.496,0.551,0.652,0.794,0.281,0.807,0.709,0.8,0.811,0.682,0.628,-0.216,0.581,0.617,0.624,0.708
ADI,0.275,0.845,0.516,0.779,1.0,0.331,0.781,0.754,0.668,0.405,0.836,0.742,0.758,0.61,0.755,0.629,0.655,0.68,0.447,0.61,0.58,0.903,0.684,0.545,0.723,0.211,0.604,0.818,0.821,0.482,0.641,0.681,0.711,0.738,0.58,0.365,0.545,0.82,0.781,0.702,0.545,0.679,0.713,0.679,0.864,0.594,0.715,0.815,0.727,0.628,0.716,0.619,0.739,0.702,0.311,0.569,0.656,0.689,0.721,0.621,0.705,0.799,0.694,0.547,0.819,0.599,0.832,0.759,0.458,0.628,0.739,0.794,0.526,0.566,0.714,0.567,0.546,0.382,0.783,0.77,0.63,0.702,0.594,0.639,0.642,0.655,0.3,0.665,0.746,0.546,0.06,0.452,0.344,0.638,0.68,0.794,0.803,0.835,0.794,0.828,0.184,0.506,0.838,0.537,0.386,0.809,0.729,0.699,0.687,0.718,0.824,0.477,0.79,0.838,0.723,0.626,0.649,0.406,0.827,0.507,0.66,0.101,0.636,0.703,0.514,0.855,0.446,0.619,0.753,0.22,0.702,0.865,0.616,0.666,0.586,0.701,0.771,0.814,0.74,0.631,0.765,0.758,0.736,0.573,0.396,0.827,0.854,-0.384,0.773,0.846,0.613,0.706,0.559,0.709,0.745,0.577,0.646,0.784,0.732,0.717,0.753,0.477,0.668,-0.113,0.639,0.674,0.518,0.629,0.527,0.575,0.61,0.685,0.663,0.785,0.69,0.815,0.886,0.299,0.351,0.41,0.688,0.54,0.286,0.742,0.533,0.62,0.755,0.81,0.474,0.8,0.721,0.774,0.789,0.583,0.743,0.044,0.786,0.706,0.5,0.576
ADMA,-0.155,0.166,0.044,0.233,0.331,1.0,0.074,0.22,0.335,-0.151,0.146,0.097,0.166,0.022,0.329,0.186,0.097,0.188,-0.02,0.135,0.199,0.334,0.129,0.119,0.3,0.052,0.022,0.267,0.163,-0.067,0.341,0.165,0.189,0.377,0.45,0.401,0.35,0.314,0.443,0.154,0.195,0.326,0.439,0.378,0.364,0.136,0.508,0.263,0.408,0.294,0.214,0.286,0.165,0.13,0.296,0.18,0.196,0.206,0.223,-0.07,0.147,0.32,0.206,0.304,0.28,0.443,0.244,0.286,0.415,0.231,0.325,0.213,0.166,0.438,0.299,0.236,0.31,0.16,0.252,0.245,0.236,0.068,0.274,0.473,0.355,0.193,0.252,0.239,0.353,0.056,-0.389,0.323,-0.03,-0.009,0.222,0.324,0.344,0.183,0.288,0.24,0.548,0.016,0.329,0.1,0.152,0.305,0.294,0.265,0.159,0.182,0.137,0.129,0.335,0.194,0.176,0.126,0.36,0.024,0.263,-0.077,0.146,-0.241,0.249,0.355,0.113,0.279,0.331,0.355,0.421,-0.269,0.205,0.35,0.241,0.195,0.205,0.237,0.159,0.3,0.307,0.134,0.279,0.316,0.107,0.314,0.012,0.28,0.207,-0.146,0.13,0.347,0.227,0.46,0.018,0.317,0.271,0.171,0.372,0.213,0.22,0.219,0.336,0.418,0.325,-0.364,0.244,0.262,-0.023,0.377,0.2,0.049,0.444,0.069,0.182,0.372,0.178,0.294,0.37,-0.193,0.305,0.228,0.219,0.209,0.36,0.205,0.281,0.15,0.238,0.057,0.278,0.214,0.243,0.272,0.138,-0.002,0.155,0.236,0.393,0.243,0.046,0.192
AEP,0.523,0.773,0.539,0.731,0.781,0.074,1.0,0.829,0.435,0.543,0.847,0.696,0.678,0.485,0.71,0.57,0.803,0.523,0.491,0.454,0.57,0.824,0.62,0.408,0.695,0.229,0.654,0.718,0.77,0.68,0.416,0.593,0.652,0.681,0.396,0.069,0.4,0.755,0.663,0.698,0.528,0.517,0.617,0.435,0.721,0.724,0.576,0.742,0.65,0.478,0.542,0.463,0.745,0.634,0.011,0.446,0.678,0.626,0.676,0.634,0.659,0.692,0.806,0.384,0.643,0.5,0.699,0.617,0.237,0.497,0.746,0.735,0.531,0.513,0.461,0.649,0.41,0.282,0.72,0.718,0.543,0.762,0.525,0.394,0.602,0.704,0.145,0.499,0.698,0.535,0.249,0.328,0.465,0.628,0.755,0.766,0.824,0.761,0.782,0.84,-0.075,0.702,0.782,0.504,0.559,0.679,0.661,0.613,0.569,0.77,0.746,0.346,0.613,0.761,0.701,0.53,0.625,0.369,0.723,0.407,0.616,0.299,0.509,0.569,0.51,0.71,0.437,0.576,0.591,0.308,0.658,0.763,0.498,0.554,0.405,0.575,0.728,0.745,0.64,0.544,0.742,0.79,0.678,0.45,0.433,0.634,0.832,-0.288,0.803,0.755,0.439,0.547,0.43,0.642,0.653,0.524,0.405,0.816,0.724,0.631,0.61,0.31,0.615,0.322,0.573,0.649,0.678,0.526,0.42,0.5,0.428,0.709,0.639,0.565,0.604,0.696,0.671,0.499,0.019,0.563,0.534,0.586,0.173,0.805,0.26,0.708,0.748,0.851,0.416,0.792,0.668,0.73,0.888,0.583,0.759,0.149,0.658,0.674,0.454,0.538
AGNC,0.458,0.766,0.592,0.759,0.754,0.22,0.829,1.0,0.596,0.413,0.859,0.68,0.664,0.591,0.856,0.757,0.782,0.639,0.522,0.568,0.655,0.765,0.732,0.528,0.722,0.258,0.697,0.716,0.8,0.595,0.543,0.632,0.815,0.741,0.562,0.233,0.629,0.732,0.745,0.671,0.628,0.557,0.759,0.588,0.745,0.566,0.66,0.87,0.747,0.659,0.77,0.615,0.637,0.647,0.208,0.612,0.737,0.719,0.773,0.548,0.77,0.801,0.817,0.566,0.706,0.614,0.759,0.724,0.298,0.689,0.759,0.723,0.348,0.402,0.508,0.619,0.586,0.338,0.763,0.748,0.679,0.767,0.659,0.516,0.693,0.697,0.325,0.641,0.658,0.568,0.192,0.379,0.406,0.596,0.7,0.89,0.864,0.678,0.872,0.88,-0.06,0.639,0.903,0.568,0.392,0.706,0.706,0.763,0.635,0.677,0.747,0.465,0.693,0.75,0.742,0.692,0.552,0.28,0.659,0.418,0.8,0.087,0.624,0.712,0.63,0.726,0.464,0.625,0.679,0.2,0.725,0.819,0.623,0.719,0.633,0.721,0.838,0.827,0.736,0.661,0.856,0.714,0.789,0.545,0.376,0.748,0.792,-0.298,0.881,0.871,0.634,0.541,0.554,0.592,0.794,0.55,0.499,0.819,0.842,0.735,0.638,0.489,0.726,0.089,0.643,0.552,0.489,0.579,0.562,0.551,0.578,0.62,0.662,0.679,0.638,0.725,0.666,0.386,0.246,0.654,0.694,0.629,0.153,0.847,0.447,0.555,0.76,0.853,0.365,0.85,0.785,0.879,0.809,0.643,0.781,0.049,0.763,0.836,0.478,0.554
AKBA,0.132,0.648,0.55,0.715,0.668,0.335,0.435,0.596,1.0,0.073,0.551,0.58,0.676,0.553,0.607,0.763,0.361,0.716,0.428,0.512,0.655,0.603,0.717,0.663,0.6,0.192,0.356,0.484,0.652,0.3,0.538,0.634,0.651,0.6,0.687,0.377,0.761,0.509,0.702,0.434,0.556,0.563,0.685,0.662,0.656,0.349,0.545,0.72,0.546,0.747,0.772,0.569,0.439,0.641,0.574,0.711,0.568,0.634,0.612,0.429,0.678,0.615,0.393,0.631,0.633,0.453,0.761,0.571,0.324,0.688,0.464,0.517,0.21,0.269,0.623,0.624,0.705,0.534,0.687,0.694,0.749,0.493,0.444,0.672,0.517,0.554,0.394,0.721,0.39,0.59,0.061,0.651,0.189,0.512,0.417,0.649,0.567,0.421,0.649,0.638,0.146,0.398,0.689,0.656,0.134,0.641,0.654,0.705,0.751,0.518,0.608,0.538,0.625,0.641,0.647,0.638,0.359,0.495,0.609,0.368,0.749,-0.177,0.638,0.722,0.494,0.691,0.348,0.542,0.652,-0.005,0.634,0.711,0.764,0.782,0.779,0.796,0.697,0.65,0.621,0.617,0.752,0.53,0.656,0.509,0.262,0.672,0.642,-0.329,0.66,0.67,0.731,0.548,0.56,0.581,0.735,0.461,0.611,0.619,0.618,0.707,0.632,0.615,0.709,-0.313,0.572,0.374,0.101,0.518,0.559,0.602,0.649,0.516,0.557,0.649,0.652,0.68,0.683,0.095,0.572,0.328,0.759,0.465,0.242,0.604,0.588,0.47,0.594,0.587,0.358,0.705,0.695,0.672,0.545,0.437,0.555,-0.097,0.635,0.593,0.445,0.471
ALT,0.492,0.539,0.275,0.465,0.405,-0.151,0.543,0.413,0.073,1.0,0.621,0.467,0.232,0.322,0.145,0.119,0.577,0.144,0.17,0.317,0.242,0.462,0.237,0.046,0.344,0.33,0.415,0.299,0.452,0.571,0.018,0.314,0.214,0.378,0.084,-0.308,-0.066,0.522,0.224,0.563,0.277,0.238,0.305,0.137,0.364,0.54,0.187,0.347,0.34,0.074,0.272,0.19,0.521,0.262,-0.206,0.081,0.477,0.239,0.364,0.392,0.2,0.329,0.461,-0.033,0.276,-0.046,0.331,0.171,0.042,0.166,0.42,0.331,0.565,0.286,0.221,0.304,0.015,-0.035,0.396,0.376,0.147,0.487,0.221,-0.082,0.25,0.368,-0.143,0.182,0.513,0.256,0.434,0.179,0.413,0.485,0.523,0.445,0.418,0.523,0.398,0.471,-0.093,0.468,0.411,0.246,0.523,0.292,0.251,0.266,0.245,0.571,0.529,0.021,0.245,0.525,0.374,0.424,0.461,0.187,0.393,0.306,0.221,0.484,0.379,0.201,0.211,0.441,0.146,0.23,0.259,0.504,0.303,0.304,0.048,0.138,0.098,0.138,0.393,0.403,0.32,0.23,0.396,0.492,0.471,-0.07,0.424,0.256,0.522,-0.18,0.438,0.452,0.18,0.265,0.277,0.404,0.254,0.36,-0.012,0.299,0.322,0.172,0.269,-0.061,0.232,0.35,0.387,0.373,0.522,0.255,0.07,0.388,0.126,0.358,0.381,0.222,0.307,0.23,0.282,0.431,-0.312,0.085,0.2,0.285,-0.069,0.397,-0.102,0.353,0.47,0.571,0.311,0.326,0.258,0.418,0.431,0.36,0.312,0.006,0.312,0.304,0.165,0.389
AMAT,0.443,0.874,0.551,0.835,0.836,0.146,0.847,0.859,0.551,0.621,1.0,0.742,0.712,0.617,0.705,0.616,0.738,0.595,0.48,0.6,0.609,0.833,0.645,0.48,0.689,0.393,0.714,0.699,0.818,0.634,0.468,0.647,0.701,0.693,0.467,0.154,0.448,0.834,0.681,0.811,0.643,0.564,0.73,0.538,0.799,0.657,0.622,0.821,0.685,0.574,0.707,0.558,0.733,0.642,0.135,0.572,0.77,0.686,0.767,0.651,0.69,0.772,0.778,0.452,0.751,0.448,0.74,0.617,0.273,0.581,0.749,0.771,0.541,0.52,0.525,0.625,0.471,0.381,0.804,0.776,0.589,0.768,0.549,0.402,0.631,0.673,0.242,0.573,0.773,0.56,0.31,0.457,0.432,0.702,0.709,0.817,0.846,0.854,0.786,0.881,0.033,0.617,0.882,0.531,0.566,0.735,0.671,0.722,0.605,0.768,0.819,0.417,0.686,0.87,0.745,0.714,0.654,0.404,0.686,0.505,0.706,0.244,0.645,0.637,0.565,0.812,0.381,0.526,0.676,0.354,0.667,0.786,0.536,0.602,0.524,0.621,0.802,0.779,0.708,0.617,0.805,0.805,0.81,0.415,0.457,0.762,0.876,-0.329,0.807,0.848,0.571,0.623,0.563,0.66,0.724,0.507,0.499,0.795,0.755,0.656,0.662,0.358,0.66,0.106,0.666,0.613,0.623,0.544,0.456,0.594,0.492,0.68,0.679,0.676,0.607,0.763,0.71,0.413,0.1,0.492,0.586,0.532,0.167,0.786,0.317,0.6,0.741,0.898,0.425,0.792,0.701,0.858,0.822,0.629,0.736,-0.004,0.717,0.69,0.489,0.598
AMD,0.212,0.819,0.772,0.897,0.742,0.097,0.696,0.68,0.58,0.467,0.742,1.0,0.766,0.854,0.573,0.72,0.461,0.805,0.581,0.739,0.751,0.668,0.758,0.692,0.574,0.392,0.673,0.563,0.776,0.558,0.585,0.742,0.578,0.509,0.47,0.143,0.391,0.562,0.551,0.761,0.756,0.401,0.562,0.736,0.72,0.59,0.431,0.629,0.462,0.666,0.714,0.649,0.566,0.782,0.329,0.717,0.831,0.777,0.693,0.744,0.668,0.797,0.545,0.587,0.556,0.221,0.792,0.538,0.115,0.693,0.489,0.709,0.497,0.379,0.708,0.682,0.509,0.5,0.841,0.83,0.559,0.601,0.224,0.43,0.29,0.557,0.327,0.671,0.615,0.773,0.4,0.494,0.251,0.86,0.619,0.777,0.624,0.711,0.617,0.639,-0.068,0.495,0.617,0.671,0.545,0.744,0.513,0.775,0.721,0.683,0.777,0.721,0.792,0.88,0.792,0.796,0.381,0.46,0.674,0.8,0.731,0.255,0.758,0.546,0.682,0.85,0.098,0.267,0.593,0.487,0.881,0.567,0.718,0.689,0.507,0.671,0.789,0.523,0.674,0.75,0.63,0.709,0.804,0.301,0.673,0.761,0.765,-0.459,0.63,0.68,0.658,0.679,0.834,0.474,0.689,0.361,0.515,0.782,0.722,0.703,0.626,0.274,0.57,-0.06,0.486,0.415,0.402,0.39,0.624,0.762,0.398,0.746,0.618,0.592,0.802,0.732,0.678,0.244,0.21,0.403,0.652,0.239,-0.093,0.596,0.589,0.445,0.521,0.759,0.202,0.728,0.64,0.685,0.802,0.732,0.517,-0.329,0.421,0.601,0.613,0.811
AMGN,0.117,0.756,0.722,0.818,0.758,0.166,0.678,0.664,0.676,0.232,0.712,0.766,1.0,0.748,0.674,0.741,0.424,0.761,0.559,0.69,0.756,0.72,0.784,0.747,0.627,0.289,0.637,0.676,0.837,0.482,0.611,0.747,0.651,0.445,0.582,0.322,0.506,0.648,0.665,0.682,0.734,0.528,0.687,0.668,0.737,0.501,0.579,0.709,0.508,0.734,0.678,0.655,0.645,0.779,0.454,0.786,0.783,0.797,0.631,0.707,0.812,0.768,0.448,0.658,0.713,0.405,0.84,0.597,0.097,0.693,0.564,0.8,0.371,0.362,0.672,0.651,0.587,0.628,0.768,0.778,0.682,0.567,0.312,0.616,0.42,0.555,0.461,0.716,0.535,0.766,0.201,0.529,0.213,0.743,0.566,0.714,0.743,0.685,0.677,0.672,0.037,0.413,0.699,0.703,0.43,0.716,0.63,0.763,0.788,0.663,0.752,0.71,0.806,0.793,0.789,0.736,0.338,0.449,0.772,0.663,0.77,0.153,0.666,0.617,0.685,0.776,0.239,0.318,0.593,0.396,0.771,0.714,0.786,0.712,0.604,0.727,0.787,0.602,0.729,0.747,0.678,0.76,0.774,0.483,0.478,0.746,0.779,-0.462,0.707,0.654,0.729,0.712,0.749,0.518,0.739,0.363,0.704,0.853,0.706,0.785,0.702,0.336,0.603,-0.158,0.532,0.379,0.392,0.445,0.643,0.689,0.516,0.788,0.653,0.671,0.75,0.816,0.757,0.177,0.221,0.421,0.75,0.302,0.035,0.655,0.588,0.524,0.581,0.683,0.201,0.817,0.693,0.714,0.741,0.698,0.624,-0.253,0.53,0.551,0.623,0.657
AMZN,0.102,0.763,0.747,0.766,0.61,0.022,0.485,0.591,0.553,0.322,0.617,0.854,0.748,1.0,0.531,0.68,0.357,0.832,0.605,0.839,0.75,0.526,0.746,0.801,0.508,0.325,0.69,0.508,0.764,0.431,0.608,0.787,0.592,0.354,0.479,0.2,0.352,0.485,0.443,0.683,0.793,0.392,0.518,0.694,0.646,0.406,0.422,0.606,0.359,0.651,0.749,0.689,0.467,0.767,0.432,0.796,0.78,0.746,0.579,0.694,0.648,0.752,0.401,0.607,0.525,0.164,0.793,0.539,0.052,0.661,0.323,0.73,0.31,0.181,0.692,0.631,0.483,0.529,0.72,0.714,0.616,0.483,0.191,0.421,0.257,0.42,0.411,0.745,0.479,0.776,0.356,0.421,0.162,0.828,0.532,0.721,0.566,0.595,0.545,0.514,-0.156,0.295,0.53,0.749,0.392,0.626,0.45,0.777,0.795,0.609,0.715,0.772,0.777,0.775,0.679,0.885,0.18,0.368,0.607,0.861,0.783,0.256,0.762,0.57,0.673,0.779,0.028,0.108,0.443,0.55,0.816,0.462,0.703,0.69,0.513,0.632,0.777,0.409,0.655,0.758,0.557,0.554,0.863,0.254,0.696,0.711,0.637,-0.418,0.559,0.603,0.752,0.579,0.966,0.323,0.658,0.385,0.559,0.657,0.719,0.658,0.558,0.22,0.497,-0.198,0.485,0.263,0.277,0.237,0.657,0.782,0.386,0.682,0.604,0.532,0.853,0.65,0.604,0.198,0.192,0.379,0.762,0.082,-0.213,0.519,0.595,0.369,0.36,0.636,0.047,0.652,0.531,0.641,0.617,0.847,0.47,-0.455,0.313,0.527,0.615,0.718
APA,0.252,0.635,0.544,0.618,0.755,0.329,0.71,0.856,0.607,0.145,0.705,0.573,0.674,0.531,1.0,0.726,0.627,0.665,0.525,0.525,0.618,0.725,0.697,0.625,0.652,0.074,0.678,0.77,0.756,0.408,0.709,0.609,0.795,0.662,0.598,0.549,0.713,0.617,0.759,0.545,0.555,0.602,0.753,0.659,0.676,0.419,0.667,0.777,0.703,0.692,0.704,0.695,0.524,0.619,0.36,0.612,0.617,0.721,0.663,0.426,0.738,0.718,0.624,0.664,0.771,0.783,0.738,0.709,0.271,0.679,0.669,0.725,0.205,0.34,0.626,0.509,0.591,0.402,0.671,0.681,0.678,0.651,0.63,0.741,0.573,0.593,0.405,0.629,0.619,0.563,0.019,0.313,0.269,0.46,0.59,0.817,0.799,0.603,0.812,0.781,0.114,0.449,0.814,0.529,0.19,0.759,0.751,0.724,0.632,0.502,0.689,0.505,0.717,0.615,0.657,0.598,0.449,0.288,0.609,0.383,0.724,-0.037,0.516,0.74,0.57,0.637,0.453,0.601,0.643,0.066,0.679,0.795,0.684,0.781,0.641,0.825,0.752,0.754,0.609,0.652,0.756,0.559,0.642,0.758,0.287,0.741,0.735,-0.379,0.81,0.807,0.642,0.646,0.492,0.45,0.816,0.489,0.725,0.814,0.826,0.792,0.709,0.612,0.686,-0.114,0.587,0.521,0.379,0.589,0.648,0.462,0.651,0.625,0.604,0.766,0.613,0.808,0.678,0.229,0.436,0.622,0.696,0.497,0.199,0.728,0.564,0.47,0.644,0.672,0.282,0.857,0.75,0.813,0.677,0.555,0.726,0.04,0.724,0.749,0.571,0.491
APPS,0.263,0.629,0.634,0.749,0.629,0.186,0.57,0.757,0.763,0.119,0.616,0.72,0.741,0.68,0.726,1.0,0.442,0.759,0.617,0.603,0.784,0.58,0.782,0.78,0.668,0.165,0.536,0.607,0.661,0.507,0.683,0.697,0.718,0.581,0.72,0.412,0.777,0.462,0.723,0.468,0.565,0.611,0.636,0.726,0.611,0.537,0.62,0.738,0.642,0.793,0.756,0.723,0.454,0.661,0.539,0.804,0.706,0.842,0.821,0.636,0.76,0.767,0.52,0.755,0.679,0.456,0.717,0.6,0.213,0.831,0.612,0.682,0.169,0.256,0.668,0.579,0.852,0.567,0.826,0.84,0.763,0.639,0.489,0.719,0.454,0.667,0.5,0.713,0.474,0.709,0.106,0.47,0.347,0.585,0.595,0.742,0.624,0.549,0.713,0.664,0.03,0.532,0.715,0.726,0.26,0.771,0.631,0.821,0.732,0.515,0.68,0.691,0.767,0.635,0.831,0.68,0.323,0.37,0.637,0.551,0.828,-0.032,0.635,0.744,0.691,0.645,0.433,0.491,0.743,0.182,0.75,0.681,0.834,0.832,0.661,0.814,0.747,0.639,0.696,0.76,0.754,0.577,0.667,0.622,0.38,0.789,0.62,-0.249,0.692,0.672,0.782,0.627,0.694,0.555,0.792,0.447,0.66,0.798,0.758,0.811,0.727,0.594,0.734,-0.191,0.555,0.48,0.274,0.599,0.747,0.56,0.604,0.563,0.596,0.677,0.664,0.784,0.653,0.295,0.439,0.553,0.764,0.48,0.104,0.691,0.681,0.444,0.642,0.618,0.335,0.765,0.862,0.768,0.691,0.613,0.605,-0.15,0.561,0.741,0.541,0.501
ARCC,0.676,0.651,0.351,0.527,0.655,0.097,0.803,0.782,0.361,0.577,0.738,0.461,0.424,0.357,0.627,0.442,1.0,0.396,0.469,0.325,0.426,0.693,0.5,0.275,0.658,0.062,0.493,0.618,0.647,0.637,0.338,0.507,0.683,0.794,0.438,0.04,0.429,0.747,0.667,0.541,0.353,0.546,0.609,0.239,0.591,0.695,0.569,0.747,0.728,0.32,0.531,0.386,0.689,0.463,0.011,0.262,0.472,0.468,0.65,0.375,0.47,0.559,0.835,0.188,0.566,0.448,0.567,0.617,0.363,0.306,0.724,0.604,0.43,0.395,0.384,0.544,0.381,0.035,0.565,0.558,0.553,0.808,0.644,0.342,0.71,0.7,-0.102,0.43,0.586,0.322,0.115,0.241,0.625,0.417,0.718,0.686,0.778,0.612,0.775,0.788,-0.069,0.755,0.794,0.443,0.406,0.549,0.672,0.461,0.538,0.688,0.565,0.06,0.464,0.577,0.606,0.401,0.662,0.301,0.582,0.202,0.486,0.298,0.435,0.658,0.317,0.536,0.562,0.717,0.587,0.172,0.453,0.735,0.29,0.429,0.341,0.437,0.665,0.805,0.596,0.309,0.809,0.634,0.602,0.392,0.374,0.468,0.717,-0.208,0.835,0.776,0.413,0.396,0.25,0.602,0.535,0.683,0.331,0.595,0.67,0.458,0.562,0.358,0.646,0.392,0.635,0.634,0.622,0.56,0.242,0.329,0.517,0.46,0.637,0.49,0.535,0.529,0.486,0.602,-0.025,0.5,0.553,0.718,0.244,0.804,0.15,0.653,0.817,0.802,0.539,0.662,0.645,0.714,0.703,0.457,0.774,0.294,0.696,0.734,0.294,0.397
ARDX,0.056,0.745,0.695,0.718,0.68,0.188,0.523,0.639,0.716,0.144,0.595,0.805,0.761,0.832,0.665,0.759,0.396,1.0,0.53,0.678,0.792,0.584,0.755,0.783,0.531,0.151,0.617,0.568,0.735,0.301,0.727,0.714,0.67,0.529,0.623,0.401,0.57,0.537,0.61,0.598,0.737,0.49,0.606,0.731,0.694,0.448,0.517,0.729,0.463,0.74,0.778,0.722,0.504,0.74,0.542,0.797,0.689,0.776,0.615,0.638,0.707,0.707,0.478,0.68,0.598,0.325,0.795,0.655,0.177,0.757,0.394,0.707,0.263,0.22,0.761,0.63,0.586,0.557,0.68,0.687,0.679,0.524,0.283,0.578,0.361,0.476,0.407,0.75,0.491,0.793,0.17,0.473,0.136,0.781,0.54,0.703,0.56,0.562,0.602,0.54,-0.066,0.362,0.607,0.717,0.333,0.644,0.544,0.718,0.764,0.549,0.665,0.775,0.773,0.719,0.696,0.752,0.24,0.476,0.634,0.727,0.792,0.116,0.706,0.626,0.637,0.765,0.278,0.313,0.595,0.313,0.854,0.592,0.78,0.79,0.582,0.746,0.818,0.462,0.709,0.758,0.632,0.551,0.763,0.424,0.651,0.765,0.692,-0.474,0.668,0.64,0.762,0.609,0.828,0.411,0.715,0.347,0.703,0.675,0.801,0.764,0.671,0.379,0.634,-0.233,0.531,0.305,0.256,0.338,0.706,0.671,0.555,0.669,0.617,0.625,0.79,0.697,0.685,0.148,0.383,0.396,0.757,0.219,0.009,0.591,0.738,0.429,0.461,0.646,0.15,0.725,0.6,0.643,0.705,0.681,0.535,-0.313,0.423,0.606,0.61,0.773
ATER,0.39,0.527,0.497,0.568,0.447,-0.02,0.491,0.522,0.428,0.17,0.48,0.581,0.559,0.605,0.525,0.617,0.469,0.53,1.0,0.457,0.583,0.422,0.599,0.683,0.418,0.263,0.556,0.416,0.543,0.538,0.373,0.716,0.494,0.407,0.334,0.062,0.417,0.389,0.453,0.495,0.558,0.304,0.396,0.412,0.403,0.505,0.296,0.516,0.358,0.436,0.497,0.474,0.371,0.459,0.285,0.563,0.549,0.653,0.61,0.498,0.455,0.522,0.414,0.343,0.374,0.205,0.532,0.345,-0.022,0.392,0.451,0.541,0.258,0.312,0.458,0.533,0.581,0.519,0.658,0.666,0.434,0.552,0.199,0.437,0.239,0.506,0.225,0.518,0.452,0.577,0.319,0.373,0.441,0.42,0.415,0.587,0.464,0.435,0.401,0.478,-0.065,0.513,0.488,0.621,0.395,0.57,0.363,0.554,0.661,0.548,0.439,0.412,0.521,0.562,0.638,0.517,0.286,0.393,0.509,0.564,0.522,0.355,0.514,0.575,0.469,0.423,0.127,0.273,0.42,0.418,0.517,0.402,0.534,0.541,0.341,0.552,0.576,0.471,0.428,0.444,0.607,0.507,0.558,0.245,0.518,0.485,0.534,-0.371,0.5,0.487,0.548,0.539,0.553,0.257,0.461,0.456,0.419,0.624,0.61,0.516,0.458,0.283,0.479,-0.018,0.376,0.364,0.4,0.41,0.432,0.474,0.227,0.406,0.495,0.351,0.638,0.57,0.398,0.446,0.051,0.324,0.588,0.25,0.026,0.5,0.311,0.255,0.445,0.521,0.217,0.522,0.646,0.538,0.578,0.59,0.548,-0.194,0.24,0.488,0.408,0.437
ATOS,0.065,0.649,0.66,0.728,0.61,0.135,0.454,0.568,0.512,0.317,0.6,0.739,0.69,0.839,0.525,0.603,0.325,0.678,0.457,1.0,0.61,0.519,0.655,0.636,0.529,0.287,0.579,0.513,0.672,0.369,0.567,0.62,0.527,0.317,0.515,0.248,0.373,0.465,0.437,0.617,0.718,0.436,0.515,0.67,0.589,0.361,0.472,0.562,0.444,0.649,0.677,0.66,0.49,0.786,0.488,0.709,0.715,0.662,0.509,0.614,0.635,0.721,0.335,0.614,0.576,0.249,0.726,0.491,0.144,0.611,0.38,0.712,0.269,0.193,0.708,0.519,0.467,0.423,0.671,0.65,0.528,0.453,0.286,0.441,0.296,0.406,0.385,0.583,0.461,0.581,0.246,0.371,0.089,0.69,0.466,0.704,0.611,0.584,0.549,0.558,-0.033,0.238,0.553,0.62,0.261,0.628,0.516,0.779,0.657,0.49,0.626,0.67,0.772,0.702,0.59,0.782,0.223,0.3,0.528,0.69,0.67,0.173,0.713,0.506,0.6,0.775,0.084,0.193,0.452,0.499,0.714,0.519,0.631,0.571,0.526,0.538,0.691,0.453,0.577,0.697,0.525,0.513,0.764,0.331,0.566,0.691,0.581,-0.371,0.508,0.6,0.713,0.603,0.839,0.37,0.634,0.317,0.531,0.634,0.604,0.613,0.552,0.258,0.51,-0.182,0.43,0.305,0.212,0.3,0.601,0.758,0.442,0.617,0.604,0.613,0.665,0.663,0.583,0.133,0.225,0.36,0.617,0.177,-0.146,0.527,0.564,0.323,0.407,0.556,0.084,0.669,0.508,0.612,0.561,0.779,0.48,-0.366,0.415,0.491,0.596,0.633
AUPH,0.124,0.708,0.654,0.752,0.58,0.199,0.57,0.655,0.655,0.242,0.609,0.751,0.756,0.75,0.618,0.784,0.426,0.792,0.583,0.61,1.0,0.585,0.759,0.752,0.542,0.358,0.687,0.532,0.742,0.539,0.634,0.765,0.578,0.481,0.659,0.218,0.51,0.519,0.653,0.635,0.697,0.399,0.675,0.697,0.677,0.524,0.536,0.72,0.477,0.807,0.69,0.682,0.523,0.643,0.466,0.72,0.746,0.758,0.641,0.618,0.762,0.773,0.466,0.727,0.535,0.244,0.704,0.498,0.016,0.761,0.47,0.683,0.357,0.331,0.599,0.663,0.572,0.535,0.698,0.71,0.645,0.483,0.279,0.53,0.302,0.448,0.445,0.749,0.573,0.835,0.305,0.585,0.189,0.702,0.59,0.713,0.628,0.591,0.655,0.55,-0.078,0.385,0.624,0.79,0.481,0.617,0.465,0.651,0.766,0.652,0.698,0.729,0.769,0.713,0.698,0.765,0.315,0.428,0.676,0.673,0.787,0.175,0.691,0.65,0.794,0.697,0.31,0.291,0.545,0.327,0.852,0.552,0.828,0.794,0.51,0.717,0.8,0.473,0.666,0.841,0.675,0.625,0.747,0.338,0.593,0.716,0.671,-0.371,0.651,0.62,0.703,0.598,0.744,0.449,0.754,0.348,0.59,0.689,0.792,0.856,0.583,0.281,0.575,-0.085,0.512,0.344,0.336,0.365,0.788,0.606,0.53,0.651,0.513,0.607,0.73,0.696,0.663,0.211,0.2,0.433,0.757,0.245,-0.066,0.558,0.621,0.433,0.5,0.611,0.238,0.702,0.63,0.674,0.712,0.644,0.517,-0.271,0.425,0.576,0.543,0.668
AVGO,0.346,0.846,0.476,0.751,0.903,0.334,0.824,0.765,0.603,0.462,0.833,0.668,0.72,0.526,0.725,0.58,0.693,0.584,0.422,0.519,0.585,1.0,0.631,0.436,0.735,0.236,0.54,0.861,0.805,0.544,0.451,0.607,0.679,0.767,0.502,0.227,0.516,0.885,0.737,0.736,0.564,0.624,0.681,0.527,0.914,0.662,0.773,0.798,0.689,0.571,0.63,0.48,0.74,0.622,0.163,0.532,0.734,0.606,0.682,0.609,0.701,0.711,0.717,0.443,0.743,0.65,0.771,0.751,0.433,0.607,0.776,0.756,0.605,0.705,0.579,0.514,0.489,0.382,0.759,0.75,0.641,0.746,0.603,0.528,0.737,0.689,0.33,0.547,0.776,0.464,0.03,0.456,0.409,0.643,0.729,0.804,0.817,0.824,0.82,0.818,0.2,0.555,0.841,0.431,0.542,0.724,0.682,0.648,0.603,0.782,0.812,0.392,0.687,0.835,0.684,0.639,0.767,0.381,0.793,0.399,0.656,0.133,0.635,0.694,0.463,0.807,0.514,0.64,0.701,0.212,0.638,0.878,0.509,0.635,0.541,0.656,0.786,0.799,0.799,0.593,0.743,0.818,0.742,0.507,0.394,0.77,0.897,-0.278,0.772,0.85,0.51,0.648,0.468,0.751,0.724,0.556,0.521,0.793,0.687,0.697,0.648,0.435,0.638,-0.04,0.717,0.692,0.527,0.648,0.447,0.55,0.5,0.685,0.65,0.65,0.587,0.729,0.87,0.334,0.248,0.377,0.588,0.617,0.37,0.77,0.323,0.643,0.788,0.81,0.569,0.777,0.701,0.732,0.765,0.574,0.69,0.178,0.806,0.717,0.347,0.502
AZN,0.121,0.722,0.711,0.812,0.684,0.129,0.62,0.732,0.717,0.237,0.645,0.758,0.784,0.746,0.697,0.782,0.5,0.755,0.599,0.655,0.759,0.631,1.0,0.738,0.474,0.3,0.635,0.569,0.784,0.389,0.59,0.771,0.657,0.489,0.514,0.263,0.527,0.503,0.571,0.632,0.734,0.404,0.61,0.666,0.643,0.386,0.449,0.694,0.472,0.77,0.771,0.639,0.522,0.85,0.429,0.772,0.807,0.792,0.588,0.566,0.768,0.79,0.453,0.64,0.562,0.324,0.86,0.478,-0.057,0.733,0.485,0.659,0.323,0.221,0.586,0.712,0.618,0.505,0.737,0.733,0.613,0.502,0.255,0.581,0.343,0.411,0.327,0.731,0.467,0.718,0.38,0.483,0.083,0.707,0.489,0.756,0.664,0.525,0.697,0.644,-0.2,0.41,0.676,0.697,0.264,0.635,0.607,0.746,0.858,0.6,0.672,0.644,0.712,0.771,0.672,0.763,0.26,0.459,0.653,0.634,0.749,0.057,0.81,0.677,0.631,0.775,0.107,0.353,0.466,0.271,0.821,0.679,0.742,0.786,0.706,0.753,0.865,0.582,0.594,0.75,0.712,0.625,0.827,0.429,0.522,0.709,0.715,-0.498,0.717,0.665,0.619,0.506,0.713,0.41,0.689,0.319,0.595,0.76,0.74,0.758,0.601,0.268,0.709,-0.131,0.386,0.27,0.193,0.257,0.67,0.743,0.499,0.751,0.547,0.658,0.775,0.724,0.643,0.138,0.343,0.413,0.836,0.268,-0.179,0.674,0.587,0.471,0.586,0.678,0.067,0.758,0.638,0.744,0.72,0.627,0.63,-0.364,0.496,0.539,0.688,0.665
BCRX,-0.009,0.597,0.684,0.639,0.545,0.119,0.408,0.528,0.663,0.046,0.48,0.692,0.747,0.801,0.625,0.78,0.275,0.783,0.683,0.636,0.752,0.436,0.738,1.0,0.469,0.249,0.663,0.505,0.628,0.362,0.706,0.778,0.562,0.355,0.602,0.417,0.55,0.378,0.523,0.477,0.643,0.503,0.574,0.741,0.52,0.315,0.427,0.584,0.413,0.716,0.734,0.747,0.421,0.648,0.596,0.832,0.624,0.851,0.546,0.614,0.657,0.666,0.308,0.729,0.602,0.239,0.689,0.487,-0.025,0.714,0.382,0.65,0.152,0.131,0.705,0.58,0.612,0.761,0.659,0.675,0.638,0.441,0.24,0.674,0.213,0.433,0.579,0.745,0.439,0.787,0.22,0.508,0.123,0.58,0.391,0.627,0.496,0.461,0.498,0.458,-0.005,0.327,0.485,0.795,0.246,0.675,0.477,0.721,0.79,0.443,0.622,0.79,0.675,0.608,0.709,0.712,0.076,0.402,0.577,0.723,0.764,0.093,0.648,0.685,0.708,0.587,0.161,0.171,0.475,0.344,0.705,0.425,0.819,0.779,0.609,0.76,0.694,0.42,0.572,0.746,0.566,0.444,0.692,0.43,0.515,0.692,0.523,-0.427,0.535,0.527,0.779,0.653,0.808,0.312,0.673,0.364,0.738,0.705,0.694,0.747,0.662,0.46,0.533,-0.344,0.41,0.326,0.279,0.367,0.791,0.605,0.493,0.579,0.49,0.63,0.747,0.738,0.561,0.107,0.338,0.434,0.808,0.12,-0.058,0.443,0.691,0.273,0.388,0.508,0.068,0.64,0.637,0.655,0.546,0.666,0.538,-0.412,0.315,0.497,0.638,0.56
BGC,0.528,0.671,0.481,0.659,0.723,0.3,0.695,0.722,0.6,0.344,0.689,0.574,0.627,0.508,0.652,0.668,0.658,0.531,0.418,0.529,0.542,0.735,0.474,0.469,1.0,0.004,0.377,0.729,0.679,0.636,0.47,0.543,0.732,0.727,0.594,0.292,0.689,0.678,0.797,0.481,0.469,0.777,0.594,0.494,0.69,0.606,0.709,0.734,0.696,0.568,0.59,0.463,0.566,0.564,0.267,0.465,0.559,0.528,0.682,0.51,0.62,0.665,0.672,0.523,0.794,0.583,0.669,0.775,0.578,0.505,0.641,0.711,0.275,0.433,0.545,0.54,0.557,0.259,0.715,0.7,0.791,0.819,0.774,0.511,0.729,0.805,0.197,0.613,0.505,0.416,-0.078,0.379,0.575,0.462,0.676,0.729,0.787,0.667,0.77,0.809,0.202,0.655,0.748,0.502,0.339,0.729,0.77,0.73,0.565,0.635,0.688,0.355,0.693,0.596,0.718,0.527,0.602,0.254,0.694,0.334,0.674,0.109,0.483,0.655,0.476,0.651,0.649,0.684,0.704,0.16,0.565,0.786,0.609,0.619,0.438,0.614,0.586,0.82,0.691,0.566,0.764,0.651,0.626,0.582,0.271,0.683,0.662,-0.178,0.731,0.814,0.633,0.575,0.488,0.723,0.803,0.65,0.539,0.711,0.689,0.645,0.709,0.679,0.627,0.028,0.713,0.711,0.509,0.758,0.413,0.427,0.556,0.435,0.725,0.602,0.595,0.761,0.699,0.52,0.306,0.545,0.602,0.795,0.347,0.82,0.366,0.622,0.741,0.674,0.613,0.732,0.762,0.741,0.69,0.492,0.667,0.132,0.761,0.794,0.277,0.356
BIDU,-0.014,0.349,0.317,0.483,0.211,0.052,0.229,0.258,0.192,0.33,0.393,0.392,0.289,0.325,0.074,0.165,0.062,0.151,0.263,0.287,0.358,0.236,0.3,0.249,0.004,1.0,0.462,0.033,0.329,0.207,0.026,0.3,0.098,0.073,0.057,-0.218,-0.073,0.262,0.072,0.537,0.391,-0.123,0.294,0.245,0.306,0.178,0.037,0.182,0.051,0.191,0.297,0.193,0.227,0.195,0.074,0.308,0.43,0.25,0.226,0.363,0.197,0.293,0.195,0.122,0.103,-0.189,0.262,-0.054,-0.181,0.278,0.23,0.171,0.405,0.325,0.133,0.331,0.086,0.399,0.34,0.317,-0.025,0.071,-0.141,-0.034,0.001,0.062,0.339,0.215,0.38,0.31,0.621,0.495,-0.039,0.444,0.074,0.31,0.19,0.323,0.134,0.195,0.012,0.173,0.24,0.294,0.429,0.194,-0.028,0.291,0.18,0.297,0.371,0.288,0.222,0.493,0.211,0.463,0.111,0.18,0.24,0.386,0.297,0.267,0.405,0.088,0.317,0.369,-0.21,-0.064,0.122,0.425,0.291,0.098,0.161,0.2,0.206,0.212,0.334,0.1,0.187,0.287,0.202,0.351,0.407,-0.219,0.249,0.257,0.314,-0.242,0.154,0.22,0.181,0.26,0.367,0.152,0.165,-0.008,0.009,0.294,0.203,0.236,0.03,-0.106,0.084,0.021,0.063,-0.06,0.207,0.009,0.222,0.488,-0.055,0.357,0.137,0.174,0.205,0.162,0.231,0.013,-0.133,0.029,0.153,-0.091,0.01,0.096,0.038,0.063,0.113,0.312,-0.044,0.23,0.134,0.287,0.27,0.316,0.1,-0.197,0.064,0.062,0.212,0.327
BILI,0.197,0.673,0.553,0.621,0.604,0.022,0.654,0.697,0.356,0.415,0.714,0.673,0.637,0.69,0.678,0.536,0.493,0.617,0.556,0.579,0.687,0.54,0.635,0.663,0.377,0.462,1.0,0.563,0.764,0.51,0.533,0.694,0.53,0.369,0.391,0.155,0.263,0.552,0.448,0.719,0.63,0.381,0.6,0.559,0.57,0.403,0.397,0.623,0.433,0.512,0.571,0.634,0.619,0.542,0.237,0.554,0.667,0.72,0.554,0.599,0.579,0.654,0.55,0.475,0.572,0.258,0.648,0.435,-0.1,0.572,0.536,0.671,0.448,0.306,0.501,0.525,0.358,0.479,0.592,0.594,0.361,0.459,0.269,0.386,0.271,0.338,0.4,0.6,0.703,0.739,0.453,0.307,0.196,0.633,0.547,0.699,0.614,0.668,0.57,0.578,-0.132,0.349,0.58,0.645,0.518,0.547,0.392,0.597,0.595,0.599,0.708,0.559,0.645,0.693,0.578,0.711,0.271,0.325,0.632,0.656,0.663,0.379,0.581,0.471,0.636,0.617,0.142,0.172,0.373,0.515,0.68,0.454,0.548,0.57,0.425,0.573,0.718,0.466,0.499,0.667,0.556,0.596,0.698,0.284,0.509,0.606,0.66,-0.343,0.647,0.591,0.544,0.54,0.672,0.305,0.603,0.372,0.505,0.69,0.788,0.643,0.559,0.136,0.451,0.03,0.402,0.341,0.63,0.253,0.616,0.547,0.339,0.651,0.442,0.571,0.631,0.636,0.548,0.277,-0.038,0.466,0.62,0.099,-0.125,0.497,0.41,0.305,0.443,0.652,0.05,0.637,0.484,0.705,0.673,0.717,0.63,-0.244,0.371,0.484,0.531,0.659
BKR,0.301,0.68,0.494,0.573,0.818,0.267,0.718,0.716,0.484,0.299,0.699,0.563,0.676,0.508,0.77,0.607,0.618,0.568,0.416,0.513,0.532,0.861,0.569,0.505,0.729,0.033,0.563,1.0,0.726,0.511,0.587,0.565,0.654,0.645,0.517,0.44,0.532,0.716,0.666,0.533,0.45,0.705,0.56,0.507,0.736,0.539,0.756,0.706,0.65,0.532,0.566,0.536,0.679,0.578,0.247,0.495,0.615,0.63,0.631,0.608,0.678,0.652,0.609,0.516,0.81,0.679,0.641,0.762,0.346,0.606,0.737,0.729,0.392,0.578,0.579,0.352,0.522,0.342,0.676,0.665,0.593,0.671,0.613,0.579,0.637,0.607,0.385,0.542,0.657,0.461,-0.097,0.229,0.398,0.515,0.683,0.688,0.746,0.791,0.736,0.728,0.172,0.44,0.711,0.408,0.388,0.73,0.649,0.616,0.572,0.628,0.714,0.425,0.686,0.638,0.66,0.555,0.565,0.328,0.774,0.456,0.593,0.174,0.533,0.637,0.491,0.663,0.545,0.526,0.63,0.266,0.577,0.808,0.536,0.6,0.514,0.615,0.684,0.721,0.739,0.619,0.635,0.671,0.621,0.653,0.345,0.762,0.729,-0.27,0.711,0.746,0.506,0.625,0.476,0.634,0.713,0.537,0.641,0.753,0.675,0.681,0.72,0.522,0.6,-0.118,0.652,0.718,0.556,0.632,0.522,0.393,0.492,0.608,0.63,0.684,0.547,0.766,0.828,0.405,0.263,0.504,0.572,0.561,0.27,0.688,0.427,0.505,0.725,0.695,0.415,0.696,0.705,0.694,0.652,0.585,0.675,0.109,0.746,0.672,0.354,0.414
BLDP,0.329,0.846,0.701,0.827,0.821,0.163,0.77,0.8,0.652,0.452,0.818,0.776,0.837,0.764,0.756,0.661,0.647,0.735,0.543,0.672,0.742,0.805,0.784,0.628,0.679,0.329,0.764,0.726,1.0,0.56,0.58,0.792,0.776,0.596,0.553,0.23,0.515,0.745,0.703,0.782,0.732,0.542,0.731,0.625,0.795,0.513,0.606,0.781,0.586,0.642,0.71,0.645,0.703,0.748,0.316,0.651,0.804,0.694,0.668,0.616,0.732,0.766,0.621,0.531,0.733,0.477,0.903,0.679,0.18,0.658,0.62,0.766,0.481,0.425,0.65,0.665,0.505,0.43,0.764,0.775,0.706,0.638,0.457,0.524,0.55,0.571,0.324,0.751,0.678,0.747,0.31,0.451,0.348,0.753,0.688,0.852,0.818,0.752,0.824,0.8,-0.025,0.474,0.802,0.682,0.47,0.713,0.7,0.76,0.815,0.798,0.859,0.542,0.804,0.854,0.733,0.848,0.473,0.419,0.804,0.597,0.791,0.207,0.705,0.642,0.572,0.828,0.269,0.463,0.597,0.393,0.796,0.791,0.665,0.735,0.646,0.764,0.86,0.745,0.716,0.697,0.788,0.791,0.856,0.472,0.481,0.71,0.877,-0.448,0.851,0.837,0.7,0.64,0.71,0.553,0.797,0.545,0.611,0.815,0.822,0.741,0.681,0.356,0.662,-0.007,0.644,0.416,0.509,0.454,0.556,0.727,0.538,0.786,0.714,0.69,0.822,0.762,0.757,0.302,0.22,0.483,0.799,0.399,0.022,0.742,0.476,0.578,0.678,0.805,0.278,0.852,0.684,0.818,0.767,0.757,0.69,-0.127,0.681,0.695,0.55,0.665
BLNK,0.597,0.581,0.41,0.58,0.482,-0.067,0.68,0.595,0.3,0.571,0.634,0.558,0.482,0.431,0.408,0.507,0.637,0.301,0.538,0.369,0.539,0.544,0.389,0.362,0.636,0.207,0.51,0.511,0.56,1.0,0.24,0.578,0.423,0.466,0.352,-0.141,0.318,0.541,0.564,0.558,0.315,0.393,0.428,0.298,0.49,0.688,0.396,0.579,0.507,0.329,0.319,0.341,0.548,0.411,-0.03,0.297,0.5,0.514,0.632,0.493,0.481,0.531,0.575,0.258,0.43,0.219,0.429,0.402,0.151,0.335,0.585,0.516,0.418,0.394,0.3,0.487,0.338,0.131,0.667,0.66,0.428,0.655,0.466,0.255,0.425,0.666,0.109,0.475,0.513,0.527,0.202,0.298,0.609,0.392,0.643,0.543,0.629,0.648,0.563,0.65,-0.03,0.639,0.546,0.513,0.56,0.574,0.426,0.461,0.508,0.731,0.587,0.194,0.5,0.578,0.696,0.46,0.552,0.319,0.572,0.358,0.53,0.402,0.333,0.472,0.473,0.419,0.362,0.363,0.467,0.355,0.473,0.473,0.434,0.36,0.256,0.348,0.53,0.607,0.498,0.418,0.637,0.646,0.505,0.217,0.283,0.467,0.6,-0.085,0.573,0.573,0.438,0.441,0.381,0.504,0.501,0.594,0.165,0.607,0.593,0.462,0.446,0.28,0.369,0.369,0.483,0.612,0.657,0.59,0.359,0.274,0.302,0.407,0.453,0.338,0.464,0.553,0.452,0.589,-0.2,0.454,0.443,0.534,0.071,0.586,0.103,0.448,0.594,0.635,0.497,0.497,0.629,0.553,0.634,0.533,0.575,0.121,0.456,0.604,0.181,0.318
BYND,-0.057,0.49,0.53,0.536,0.641,0.341,0.416,0.543,0.538,0.018,0.468,0.585,0.611,0.608,0.709,0.683,0.338,0.727,0.373,0.567,0.634,0.451,0.59,0.706,0.47,0.026,0.533,0.587,0.58,0.24,1.0,0.559,0.586,0.37,0.744,0.699,0.538,0.352,0.623,0.295,0.424,0.536,0.654,0.831,0.479,0.305,0.577,0.581,0.638,0.689,0.648,0.912,0.39,0.607,0.621,0.666,0.477,0.742,0.539,0.442,0.612,0.698,0.322,0.778,0.665,0.418,0.586,0.529,0.146,0.739,0.438,0.65,0.006,0.106,0.801,0.421,0.562,0.402,0.549,0.572,0.565,0.339,0.405,0.791,0.255,0.379,0.465,0.674,0.477,0.671,0.005,0.335,0.038,0.432,0.531,0.596,0.567,0.496,0.621,0.491,0.105,0.183,0.544,0.637,0.048,0.766,0.589,0.629,0.651,0.341,0.585,0.67,0.749,0.462,0.615,0.54,0.062,0.282,0.538,0.532,0.605,-0.075,0.465,0.585,0.595,0.574,0.32,0.334,0.629,0.11,0.678,0.536,0.726,0.688,0.513,0.71,0.606,0.466,0.513,0.658,0.555,0.348,0.482,0.661,0.4,0.719,0.449,-0.421,0.524,0.549,0.725,0.671,0.595,0.322,0.641,0.284,0.806,0.577,0.643,0.7,0.718,0.529,0.579,-0.247,0.368,0.348,0.197,0.382,0.815,0.403,0.785,0.548,0.479,0.85,0.623,0.715,0.589,0.055,0.461,0.618,0.7,0.167,0.001,0.451,0.849,0.354,0.416,0.46,0.04,0.672,0.588,0.611,0.487,0.518,0.482,-0.129,0.49,0.53,0.74,0.452
CAN,0.276,0.777,0.655,0.755,0.681,0.165,0.593,0.632,0.634,0.314,0.647,0.742,0.747,0.787,0.609,0.697,0.507,0.714,0.716,0.62,0.765,0.607,0.771,0.778,0.543,0.3,0.694,0.565,0.792,0.578,0.559,1.0,0.618,0.514,0.547,0.219,0.466,0.585,0.643,0.719,0.656,0.496,0.585,0.622,0.631,0.551,0.458,0.71,0.518,0.566,0.657,0.616,0.593,0.694,0.356,0.659,0.686,0.811,0.706,0.591,0.57,0.716,0.522,0.498,0.562,0.251,0.797,0.506,0.104,0.55,0.558,0.708,0.428,0.326,0.603,0.742,0.586,0.502,0.796,0.806,0.617,0.527,0.276,0.575,0.373,0.561,0.287,0.833,0.649,0.786,0.265,0.479,0.376,0.647,0.568,0.701,0.641,0.63,0.575,0.623,-0.03,0.487,0.645,0.801,0.461,0.671,0.54,0.689,0.904,0.778,0.682,0.512,0.715,0.766,0.735,0.723,0.407,0.448,0.748,0.68,0.717,0.287,0.695,0.745,0.542,0.678,0.223,0.329,0.539,0.423,0.72,0.588,0.709,0.673,0.495,0.666,0.741,0.591,0.593,0.598,0.703,0.725,0.768,0.349,0.581,0.654,0.75,-0.411,0.636,0.661,0.665,0.68,0.734,0.475,0.639,0.605,0.608,0.732,0.797,0.612,0.669,0.3,0.595,-0.135,0.545,0.471,0.457,0.456,0.563,0.622,0.426,0.642,0.618,0.576,0.864,0.727,0.65,0.324,0.108,0.364,0.857,0.234,-0.025,0.577,0.434,0.486,0.541,0.639,0.29,0.632,0.686,0.711,0.681,0.72,0.644,-0.242,0.43,0.553,0.559,0.593
