,AAL,AAPL,ABUS,ADBE,ADI,ADMA,AEP,AGNC,AKBA,ALT,AMAT,AMD,AMGN,AMZN,APA,APPS,ARCC,ARDX,ATER,ATOS,AUPH,AVGO,AZN,BCRX,BGC,BIDU,BILI,BKR,BLDP,BLNK,BYND,CAN,CELH,CG,CGC,CHRD,CLNE,CMCSA,COMM,COST,CPB,CPRT,CRON,CRWD,CSCO,CSGP,CSX,CTSH,CZR,DBX,DDOG,DKNG,DLTR,DOCU,DVAX,DXCM,EA,EBAY,ENPH,ERIC,ESPR,ETSY,EXC,EXEL,EXPE,FANG,FAST,FITB,FLEX,FOLD,FOXA,FSLR,FTNT,FUTU,GEN,GERN,GEVO,GILD,GOOG,GOOGL,GPRO,GT,HBAN,HIVE,HON,HST,HUT,IBRX,INTC,IOVA,IQ,IRWD,JBLU,JD,KDP,KHC,LBTYK,LRCX,LYFT,MAR,MARA,MAT,MCHP,MCRB,MDLZ,META,MGNI,MLCO,MNKD,MNST,MOMO,MRNA,MRVL,MSFT,MSTR,MTCH,MU,MVIS,NDAQ,NFLX,NKTR,NNDM,NTES,NTNX,NVAX,NVDA,NWL,NWSA,NXPI,OCGN,OKTA,ON,OPK,PAA,PACB,PAGP,PANW,PARA,PCAR,PDD,PENN,PEP,PLUG,PTEN,PTON,PYPL,QCOM,QUBT,QVCGA,RDFN,REAL,RIOT,ROKU,ROST,RUN,SABR,SAVA,SBUX,SFIX,SGMO,SIRI,SLM,SMCI,SNDL,SONO,STNE,STX,TCOM,TGTX,TIGR,TLRY,TMUS,TRIP,TSCO,TSLA,TTD,TXN,UAL,UNIT,VERU,VKTX,VLY,VOD,VTRS,VXRT,WBA,WBD,WDAY,WDC,WEN,WW,WYNN,XEL,XP,XRAY,XRX,Z,ZION,ZM,ZS
AAL,1.0,-0.109,-0.01,-0.042,0.067,-0.023,0.287,0.114,-0.186,-0.257,-0.157,-0.092,0.097,-0.143,0.252,-0.537,0.447,-0.287,-0.375,-0.116,-0.451,0.181,-0.201,-0.395,0.517,0.029,-0.148,0.112,-0.353,0.068,0.249,0.145,-0.443,-0.04,0.33,0.1,-0.274,0.218,0.071,0.014,-0.315,0.19,0.306,-0.023,0.311,-0.011,0.338,0.214,-0.083,-0.057,-0.494,-0.164,-0.255,-0.091,-0.073,-0.368,-0.258,-0.411,-0.243,0.162,0.304,-0.309,0.431,-0.333,0.32,-0.003,-0.117,0.795,0.283,-0.029,0.195,-0.075,-0.225,-0.034,0.101,-0.093,-0.228,0.083,-0.11,-0.08,-0.233,0.424,0.627,-0.189,0.344,0.766,-0.29,0.093,0.069,0.024,0.418,-0.474,0.865,-0.182,0.25,-0.147,0.175,-0.102,0.357,0.572,-0.064,0.223,-0.198,-0.276,-0.131,0.106,0.069,0.275,-0.508,-0.099,-0.212,0.009,0.333,0.025,-0.138,-0.131,0.548,0.346,0.07,0.038,0.354,0.063,-0.104,0.193,-0.11,-0.246,0.326,0.085,0.106,0.168,-0.143,0.394,-0.103,0.256,-0.382,0.255,-0.395,0.305,0.16,-0.296,-0.444,0.142,-0.407,0.111,0.087,-0.086,0.147,0.07,0.502,-0.19,-0.309,-0.373,0.105,0.306,0.115,0.386,-0.396,0.37,-0.086,-0.114,0.309,0.347,0.402,0.053,-0.223,-0.007,0.295,0.378,-0.196,-0.26,-0.05,-0.077,0.384,-0.459,-0.289,-0.132,0.019,0.914,-0.139,0.278,-0.216,0.557,0.045,0.071,0.004,0.064,0.396,0.054,0.452,0.279,0.296,0.632,0.304,0.428,0.587,-0.014,-0.186,0.562,-0.015,-0.153
AAPL,-0.109,1.0,-0.474,0.743,0.423,-0.17,-0.615,0.635,0.113,-0.421,-0.183,0.793,0.57,0.833,-0.349,0.211,0.024,-0.233,0.069,-0.47,0.145,0.547,0.246,-0.176,-0.481,0.29,0.719,-0.535,0.65,-0.53,0.522,-0.35,-0.154,-0.269,-0.322,-0.528,-0.115,0.576,-0.11,0.714,0.42,0.638,-0.298,0.665,-0.316,0.777,0.567,0.459,0.496,0.598,0.549,0.514,-0.059,0.67,-0.399,0.174,0.219,0.092,0.509,0.124,0.034,-0.059,-0.264,-0.09,0.686,-0.351,0.493,-0.068,-0.317,-0.133,0.591,0.641,0.476,-0.271,0.692,0.551,0.533,-0.45,0.745,0.813,-0.09,-0.273,-0.376,-0.266,0.492,-0.164,-0.271,-0.509,0.652,0.566,0.058,-0.055,0.027,0.631,0.117,0.029,0.616,-0.244,0.015,0.381,-0.555,-0.36,0.684,0.163,0.754,0.692,0.161,-0.216,0.125,0.624,0.206,-0.224,0.551,0.796,0.556,-0.197,-0.149,0.147,0.594,0.651,-0.286,-0.416,0.654,0.42,-0.454,0.835,-0.638,0.029,0.566,-0.559,0.704,-0.172,-0.524,-0.545,0.581,-0.623,0.147,0.277,-0.355,0.111,0.434,0.511,0.558,-0.478,0.483,0.81,0.7,-0.249,0.3,0.739,0.138,-0.232,0.564,-0.274,0.804,-0.591,-0.291,0.479,0.353,-0.496,-0.248,0.389,-0.022,-0.57,0.108,0.429,0.514,0.387,0.698,-0.404,-0.27,0.458,0.514,0.281,0.781,0.628,0.812,-0.006,0.143,-0.424,-0.172,-0.505,-0.36,-0.293,-0.554,-0.464,0.022,0.607,0.146,-0.464,-0.302,0.333,-0.438,0.44,0.116,0.629,0.623,-0.444,0.541,0.771
ABUS,-0.01,-0.474,1.0,-0.625,-0.073,0.614,0.747,-0.519,0.538,0.819,0.587,-0.226,-0.591,-0.494,0.671,0.255,0.285,0.203,0.387,0.775,0.358,-0.704,0.403,0.608,0.524,0.036,-0.602,0.711,-0.054,0.627,-0.454,0.513,0.574,0.643,0.692,0.842,0.617,-0.566,0.302,-0.58,0.231,-0.587,0.625,-0.684,0.535,-0.301,-0.462,-0.114,-0.644,-0.197,-0.032,-0.565,0.455,-0.518,0.878,0.377,0.442,0.396,0.167,0.449,-0.316,0.636,0.309,0.65,-0.7,0.738,0.217,-0.143,0.431,0.771,-0.639,-0.039,0.263,0.592,-0.405,-0.498,-0.504,0.582,-0.613,-0.581,0.719,0.366,0.13,0.466,-0.643,-0.158,0.642,0.919,-0.556,-0.542,-0.272,0.417,-0.303,-0.725,-0.119,0.48,-0.47,0.606,0.018,-0.494,0.756,0.735,-0.54,0.105,-0.603,-0.584,0.543,0.618,0.094,-0.182,0.489,0.761,-0.661,-0.431,-0.195,0.569,0.046,-0.017,-0.272,-0.581,0.535,0.829,-0.359,-0.525,0.884,-0.581,0.546,0.322,-0.343,0.8,-0.405,0.211,0.749,0.611,-0.38,0.633,0.466,-0.577,0.691,0.298,-0.309,-0.5,-0.085,0.751,-0.724,-0.31,-0.32,0.501,-0.418,-0.47,0.56,0.644,-0.56,-0.06,-0.514,0.356,0.606,-0.712,-0.62,0.733,0.601,-0.637,0.351,0.646,0.58,-0.033,-0.481,-0.528,-0.544,0.757,0.855,0.092,-0.22,0.322,-0.521,0.04,-0.427,-0.231,0.488,0.495,0.565,0.483,0.803,0.602,0.897,0.726,0.023,-0.652,-0.329,0.112,0.466,-0.142,0.34,-0.18,-0.11,-0.358,-0.455,0.412,-0.682,-0.609
ADBE,-0.042,0.743,-0.625,1.0,0.546,-0.466,-0.72,0.626,-0.055,-0.474,-0.351,0.676,0.729,0.901,-0.431,-0.041,-0.101,-0.317,-0.079,-0.696,-0.15,0.653,-0.02,-0.41,-0.498,0.304,0.784,-0.609,0.405,-0.626,0.652,-0.483,-0.304,-0.319,-0.414,-0.69,-0.319,0.677,-0.148,0.788,0.285,0.754,-0.461,0.741,-0.393,0.648,0.635,0.472,0.57,0.608,0.436,0.648,-0.167,0.706,-0.607,0.059,0.055,-0.111,0.376,0.142,0.156,-0.295,-0.256,-0.193,0.7,-0.492,0.367,0.08,-0.325,-0.336,0.719,0.543,0.347,-0.395,0.651,0.802,0.531,-0.538,0.967,0.931,-0.287,-0.292,-0.355,-0.384,0.638,-0.022,-0.427,-0.667,0.692,0.582,0.102,-0.181,0.145,0.773,0.274,-0.042,0.739,-0.406,0.054,0.488,-0.699,-0.526,0.672,0.066,0.812,0.956,0.034,-0.304,0.095,0.543,0.041,-0.204,0.594,0.873,0.466,-0.306,-0.085,0.393,0.605,0.93,-0.346,-0.602,0.693,0.491,-0.595,0.746,-0.675,0.034,0.671,-0.666,0.77,-0.182,-0.597,-0.56,0.571,-0.589,-0.044,0.479,-0.525,0.028,0.367,0.713,0.483,-0.597,0.607,0.773,0.654,-0.319,0.461,0.83,-0.11,-0.416,0.747,-0.184,0.739,-0.565,-0.325,0.702,0.424,-0.585,-0.315,0.558,-0.079,-0.71,-0.026,0.397,0.557,0.564,0.619,-0.534,-0.512,0.39,0.571,0.109,0.707,0.504,0.783,0.104,0.003,-0.489,-0.303,-0.552,-0.487,-0.392,-0.686,-0.532,0.031,0.793,0.198,-0.4,-0.261,0.323,-0.462,0.555,0.065,0.546,0.733,-0.47,0.616,0.766
ADI,0.067,0.423,-0.073,0.546,1.0,-0.075,-0.103,0.302,0.309,-0.139,0.285,0.545,0.475,0.63,0.149,-0.082,0.266,-0.371,0.002,-0.209,-0.158,0.317,0.306,-0.036,-0.061,0.404,0.359,-0.032,0.347,-0.095,0.341,-0.116,0.069,0.316,0.208,-0.018,0.121,0.483,0.308,0.543,0.533,0.514,0.096,0.367,0.042,0.626,0.538,0.731,0.078,0.63,0.321,0.474,0.111,0.472,-0.046,0.523,0.463,0.195,0.572,0.58,-0.045,0.144,0.292,0.167,0.298,0.138,0.667,0.182,0.198,0.148,0.267,0.606,0.541,0.197,0.53,0.33,0.056,0.028,0.596,0.646,0.244,0.236,-0.021,-0.141,0.353,0.033,-0.024,-0.115,0.462,0.188,0.026,-0.0,0.056,0.345,0.608,0.494,0.598,0.222,0.036,0.151,-0.19,0.072,0.51,0.145,0.555,0.514,0.455,0.196,0.09,0.707,0.445,0.309,0.245,0.662,0.377,0.399,0.254,0.258,0.601,0.459,0.085,0.015,0.512,0.12,-0.13,0.482,-0.131,0.46,0.796,-0.122,0.603,0.299,-0.216,-0.171,0.207,-0.193,0.151,0.17,0.114,0.283,0.189,0.552,0.338,0.049,0.233,0.675,0.562,0.085,0.246,0.466,0.264,-0.038,0.34,0.119,0.487,-0.149,0.019,0.347,0.016,-0.088,0.352,0.284,0.082,-0.211,0.441,0.384,0.41,0.143,0.295,0.016,0.057,0.698,0.478,0.288,0.314,0.687,0.716,0.064,0.419,-0.159,0.017,-0.059,0.151,0.018,-0.098,-0.04,0.076,0.303,0.126,-0.021,0.275,0.34,-0.029,0.439,0.228,0.189,0.454,0.027,0.192,0.408
ADMA,-0.023,-0.17,0.614,-0.466,-0.075,1.0,0.417,-0.318,0.54,0.649,0.55,-0.248,-0.454,-0.307,0.452,0.304,0.215,0.182,0.475,0.719,0.248,-0.663,0.64,0.544,0.342,0.027,-0.402,0.555,0.305,0.603,-0.409,0.26,0.441,0.517,0.486,0.589,0.425,-0.445,0.047,-0.508,0.376,-0.523,0.404,-0.61,0.281,-0.089,-0.454,-0.011,-0.569,-0.297,0.05,-0.42,0.549,-0.481,0.648,0.355,0.497,0.471,0.2,0.428,-0.601,0.588,0.291,0.54,-0.484,0.623,0.222,-0.165,0.356,0.536,-0.581,0.111,0.309,0.558,-0.178,-0.382,-0.352,0.475,-0.436,-0.413,0.587,0.395,0.121,0.294,-0.533,-0.345,0.541,0.595,-0.48,-0.515,-0.41,0.437,-0.303,-0.504,-0.129,0.49,-0.417,0.578,-0.117,-0.544,0.543,0.559,-0.397,0.073,-0.436,-0.425,0.331,0.354,0.077,-0.111,0.5,0.509,-0.514,-0.31,-0.126,0.448,-0.146,-0.124,-0.313,-0.48,0.439,0.596,-0.165,-0.534,0.586,-0.404,0.333,0.04,-0.285,0.574,-0.304,0.036,0.614,0.452,-0.371,0.423,0.635,-0.531,0.531,0.191,-0.294,-0.421,-0.09,0.524,-0.672,-0.21,-0.353,0.226,-0.5,-0.367,0.462,0.495,-0.542,0.008,-0.369,0.313,0.359,-0.62,-0.469,0.574,0.471,-0.565,0.061,0.45,0.422,-0.241,-0.55,-0.519,-0.419,0.616,0.644,0.055,-0.187,0.38,-0.304,0.049,-0.345,-0.237,0.283,0.216,0.59,0.341,0.649,0.512,0.585,0.637,0.092,-0.524,-0.423,0.069,0.37,-0.215,0.097,-0.325,-0.138,-0.212,-0.483,0.33,-0.625,-0.511
AEP,0.287,-0.615,0.747,-0.72,-0.103,0.417,1.0,-0.628,0.168,0.557,0.482,-0.327,-0.524,-0.659,0.627,-0.057,0.379,0.082,-0.051,0.586,0.107,-0.461,0.046,0.393,0.733,-0.157,-0.668,0.729,-0.432,0.68,-0.454,0.647,0.217,0.545,0.773,0.834,0.266,-0.34,0.321,-0.534,-0.147,-0.493,0.712,-0.596,0.524,-0.312,-0.316,-0.032,-0.691,-0.288,-0.421,-0.579,0.158,-0.499,0.679,0.168,0.115,0.109,-0.164,0.238,-0.019,0.299,0.646,0.268,-0.554,0.607,-0.023,0.226,0.698,0.464,-0.559,-0.274,-0.115,0.488,-0.469,-0.602,-0.652,0.66,-0.68,-0.662,0.4,0.47,0.5,0.41,-0.423,0.252,0.405,0.806,-0.412,-0.438,0.058,0.061,0.026,-0.805,0.108,0.258,-0.409,0.583,0.009,-0.262,0.678,0.783,-0.61,-0.018,-0.664,-0.646,0.331,0.613,-0.332,-0.168,0.108,0.526,-0.429,-0.584,-0.371,0.514,0.358,-0.136,-0.181,-0.602,0.575,0.678,-0.571,-0.353,0.64,-0.651,0.772,0.358,-0.25,0.788,-0.514,0.465,0.563,0.671,-0.579,0.732,0.05,-0.442,0.711,0.059,-0.495,-0.286,-0.507,0.774,-0.524,-0.513,-0.27,0.543,-0.241,-0.577,0.202,0.308,-0.479,0.277,-0.559,0.615,0.343,-0.497,-0.546,0.517,0.641,-0.351,0.339,0.714,0.244,-0.231,-0.215,-0.246,-0.632,0.546,0.67,0.039,-0.272,-0.016,-0.709,-0.156,-0.441,0.112,0.278,0.509,0.288,0.757,0.651,0.388,0.756,0.641,-0.045,-0.637,0.039,0.465,0.504,0.048,0.72,-0.188,0.249,-0.571,-0.641,0.66,-0.514,-0.593
AGNC,0.114,0.635,-0.519,0.626,0.302,-0.318,-0.628,1.0,-0.088,-0.467,-0.365,0.486,0.438,0.627,-0.327,-0.118,-0.032,-0.15,-0.096,-0.55,-0.112,0.48,0.155,-0.388,-0.547,0.162,0.569,-0.47,0.465,-0.629,0.576,-0.377,-0.25,-0.37,-0.432,-0.529,-0.126,0.507,-0.012,0.593,0.243,0.59,-0.437,0.63,-0.324,0.491,0.616,0.298,0.565,0.511,0.359,0.475,-0.166,0.473,-0.536,-0.134,0.076,-0.019,0.255,-0.02,0.114,-0.145,-0.294,-0.16,0.649,-0.348,0.238,0.059,-0.464,-0.168,0.657,0.405,0.243,-0.401,0.541,0.487,0.546,-0.553,0.633,0.689,-0.23,-0.227,-0.246,-0.45,0.44,0.082,-0.412,-0.562,0.516,0.501,0.04,-0.123,0.32,0.653,-0.03,-0.104,0.522,-0.432,0.19,0.471,-0.651,-0.53,0.578,-0.05,0.693,0.584,0.013,-0.337,0.171,0.388,0.022,-0.381,0.444,0.625,0.505,-0.345,-0.121,0.093,0.399,0.518,-0.432,-0.493,0.552,0.356,-0.526,0.624,-0.436,-0.2,0.423,-0.614,0.45,-0.24,-0.507,-0.582,0.509,-0.6,-0.148,0.567,-0.476,-0.215,0.365,0.366,0.431,-0.552,0.593,0.552,0.474,-0.413,0.5,0.588,-0.092,-0.332,0.482,-0.235,0.73,-0.523,-0.392,0.526,0.576,-0.414,-0.284,0.482,0.037,-0.669,-0.153,0.365,0.479,0.314,0.624,-0.56,-0.427,0.214,0.513,0.017,0.615,0.269,0.63,0.14,-0.064,-0.433,-0.295,-0.424,-0.365,-0.212,-0.498,-0.438,0.32,0.538,0.092,-0.377,-0.335,0.307,-0.426,0.396,-0.0,0.752,0.666,-0.365,0.466,0.605
AKBA,-0.186,0.113,0.538,-0.055,0.309,0.54,0.168,-0.088,1.0,0.517,0.568,0.256,-0.215,0.162,0.472,0.294,0.475,0.093,0.483,0.505,0.333,-0.367,0.64,0.593,0.158,0.332,-0.117,0.516,0.481,0.343,-0.034,0.222,0.409,0.533,0.5,0.422,0.539,-0.219,0.193,-0.125,0.793,-0.206,0.396,-0.232,0.363,0.23,-0.152,0.137,-0.443,0.122,0.42,-0.214,0.539,-0.012,0.577,0.645,0.786,0.585,0.713,0.749,-0.571,0.697,0.14,0.612,-0.354,0.681,0.628,-0.256,0.295,0.665,-0.371,0.468,0.738,0.591,0.027,-0.139,-0.136,0.304,-0.043,0.028,0.814,0.228,-0.168,0.396,-0.375,-0.379,0.614,0.47,-0.182,-0.222,-0.297,0.498,-0.396,-0.2,0.022,0.74,-0.118,0.596,0.069,-0.458,0.427,0.342,-0.15,0.14,-0.056,-0.128,0.52,0.383,0.24,0.236,0.934,0.497,-0.307,0.174,0.048,0.57,-0.122,-0.01,0.004,-0.163,0.486,0.615,0.158,-0.299,0.458,0.007,0.146,0.241,0.041,0.483,0.203,0.075,0.445,0.278,-0.161,0.21,0.711,-0.494,0.435,0.408,-0.132,-0.181,0.229,0.444,-0.433,0.309,-0.04,0.24,-0.33,0.023,0.529,0.587,-0.221,-0.224,-0.019,-0.007,0.319,-0.431,-0.465,0.545,0.546,-0.412,0.161,0.275,0.676,0.123,-0.27,-0.397,-0.232,0.516,0.66,0.37,-0.054,0.591,0.01,0.473,0.077,-0.345,0.493,0.176,0.602,0.063,0.669,0.547,0.453,0.576,0.072,-0.22,-0.305,-0.16,0.411,-0.174,-0.045,0.041,-0.189,-0.103,-0.1,0.167,-0.352,-0.068
ALT,-0.257,-0.421,0.819,-0.474,-0.139,0.649,0.557,-0.467,0.517,1.0,0.538,-0.287,-0.576,-0.396,0.475,0.407,0.022,0.303,0.513,0.734,0.345,-0.743,0.447,0.623,0.298,-0.066,-0.462,0.649,0.122,0.546,-0.57,0.311,0.62,0.608,0.484,0.71,0.599,-0.595,0.175,-0.564,0.341,-0.642,0.34,-0.645,0.246,-0.275,-0.581,-0.155,-0.612,-0.289,0.093,-0.437,0.588,-0.511,0.745,0.419,0.517,0.556,0.149,0.372,-0.515,0.657,0.225,0.687,-0.715,0.669,0.182,-0.354,0.287,0.63,-0.66,-0.045,0.31,0.473,-0.43,-0.319,-0.334,0.435,-0.428,-0.466,0.687,0.186,-0.044,0.472,-0.691,-0.401,0.682,0.787,-0.58,-0.575,-0.531,0.631,-0.54,-0.548,-0.267,0.495,-0.568,0.587,-0.185,-0.685,0.641,0.581,-0.486,0.092,-0.515,-0.469,0.504,0.418,0.245,-0.18,0.473,0.626,-0.784,-0.417,-0.135,0.483,-0.281,-0.164,-0.402,-0.453,0.413,0.624,-0.259,-0.644,0.766,-0.506,0.404,0.094,-0.363,0.651,-0.339,-0.012,0.797,0.495,-0.3,0.513,0.63,-0.646,0.514,0.304,-0.216,-0.463,-0.0,0.608,-0.74,-0.327,-0.459,0.257,-0.597,-0.306,0.593,0.628,-0.577,-0.173,-0.55,0.181,0.578,-0.752,-0.446,0.711,0.404,-0.72,0.106,0.426,0.435,-0.207,-0.622,-0.586,-0.493,0.687,0.742,0.046,-0.35,0.48,-0.438,-0.006,-0.439,-0.497,0.39,0.196,0.71,0.276,0.734,0.579,0.8,0.752,-0.001,-0.604,-0.589,0.003,0.33,-0.387,0.2,-0.383,-0.378,-0.296,-0.421,0.231,-0.627,-0.543
AMAT,-0.157,-0.183,0.587,-0.351,0.285,0.55,0.482,-0.365,0.568,0.538,1.0,-0.062,-0.319,-0.169,0.654,0.196,0.363,0.058,0.336,0.718,0.175,-0.402,0.445,0.613,0.341,0.157,-0.321,0.686,0.071,0.617,-0.325,0.371,0.406,0.724,0.56,0.633,0.476,-0.161,0.403,-0.236,0.504,-0.301,0.536,-0.427,0.396,0.087,-0.263,0.245,-0.596,-0.092,0.069,-0.224,0.513,-0.17,0.58,0.646,0.649,0.51,0.435,0.568,-0.427,0.688,0.471,0.547,-0.579,0.797,0.51,-0.136,0.531,0.506,-0.551,0.103,0.353,0.551,-0.137,-0.407,-0.461,0.597,-0.279,-0.206,0.62,0.371,0.206,0.468,-0.434,-0.267,0.582,0.569,-0.253,-0.37,-0.123,0.308,-0.321,-0.511,0.102,0.755,-0.264,0.851,-0.217,-0.491,0.654,0.598,-0.345,0.213,-0.288,-0.408,0.505,0.421,0.014,0.232,0.597,0.603,-0.357,-0.115,-0.006,0.738,0.136,-0.156,-0.008,-0.392,0.547,0.632,-0.142,-0.443,0.629,-0.179,0.435,0.397,0.021,0.532,-0.128,0.442,0.551,0.458,-0.354,0.42,0.496,-0.329,0.699,0.379,-0.212,-0.12,-0.11,0.592,-0.424,0.005,-0.172,0.331,-0.448,-0.277,0.441,0.576,-0.426,0.143,-0.29,0.271,0.487,-0.502,-0.376,0.48,0.68,-0.502,0.047,0.527,0.57,-0.066,-0.24,-0.491,-0.313,0.608,0.73,0.452,-0.189,0.404,-0.268,0.358,-0.07,-0.29,0.536,0.319,0.469,0.392,0.735,0.409,0.605,0.655,-0.065,-0.491,-0.24,0.121,0.491,-0.179,0.455,-0.268,-0.05,-0.436,-0.334,0.393,-0.474,-0.298
AMD,-0.092,0.793,-0.226,0.676,0.545,-0.248,-0.327,0.486,0.256,-0.287,-0.062,1.0,0.554,0.779,-0.155,0.191,0.175,-0.221,-0.011,-0.39,0.274,0.554,0.212,0.05,-0.3,0.317,0.657,-0.352,0.469,-0.385,0.567,-0.029,-0.077,-0.084,-0.006,-0.336,-0.066,0.617,0.004,0.663,0.442,0.625,-0.02,0.661,-0.185,0.816,0.606,0.445,0.325,0.744,0.587,0.42,-0.038,0.716,-0.19,0.347,0.299,0.124,0.677,0.291,0.161,0.014,-0.168,0.114,0.511,-0.19,0.616,-0.034,-0.085,0.103,0.577,0.729,0.575,-0.07,0.642,0.55,0.34,-0.241,0.674,0.718,0.108,-0.186,-0.366,-0.064,0.441,-0.058,-0.141,-0.316,0.667,0.627,0.145,-0.111,0.009,0.467,0.24,0.193,0.612,-0.104,0.022,0.394,-0.378,-0.148,0.522,0.35,0.671,0.625,0.322,-0.02,0.057,0.769,0.314,-0.019,0.505,0.766,0.543,0.007,0.014,0.226,0.723,0.646,-0.171,-0.214,0.627,0.442,-0.258,0.741,-0.478,0.283,0.693,-0.347,0.723,-0.019,-0.407,-0.408,0.592,-0.446,0.105,0.221,-0.184,0.105,0.42,0.571,0.496,-0.294,0.443,0.835,0.834,0.039,0.36,0.686,0.19,-0.094,0.604,-0.205,0.77,-0.496,-0.036,0.443,0.21,-0.34,-0.044,0.442,0.133,-0.37,0.362,0.512,0.591,0.46,0.614,-0.182,-0.033,0.659,0.534,0.342,0.674,0.757,0.809,-0.013,0.358,-0.34,-0.168,-0.386,-0.179,-0.238,-0.364,-0.321,-0.085,0.553,0.28,-0.45,-0.177,0.37,-0.23,0.571,0.108,0.453,0.598,-0.353,0.576,0.791
AMGN,0.097,0.57,-0.591,0.729,0.475,-0.454,-0.524,0.438,-0.215,-0.576,-0.319,0.554,1.0,0.633,-0.34,-0.144,-0.083,-0.428,-0.152,-0.669,-0.253,0.615,-0.126,-0.364,-0.315,0.213,0.67,-0.61,0.153,-0.523,0.563,-0.299,-0.309,-0.228,-0.27,-0.579,-0.451,0.684,-0.229,0.633,0.113,0.693,-0.193,0.619,-0.417,0.578,0.629,0.481,0.496,0.524,0.215,0.641,-0.193,0.557,-0.486,0.001,-0.1,-0.145,0.288,0.017,0.266,-0.434,-0.18,-0.274,0.695,-0.493,0.228,0.181,-0.238,-0.303,0.668,0.518,0.15,-0.372,0.602,0.707,0.339,-0.422,0.694,0.669,-0.346,-0.175,-0.071,-0.335,0.898,0.13,-0.464,-0.656,0.686,0.65,0.197,-0.178,0.29,0.563,0.337,-0.044,0.65,-0.368,-0.055,0.628,-0.554,-0.331,0.544,0.145,0.629,0.74,-0.047,-0.208,-0.025,0.545,-0.148,-0.253,0.752,0.695,0.411,-0.324,0.032,0.424,0.529,0.712,-0.355,-0.465,0.62,0.707,-0.589,0.607,-0.546,0.107,0.735,-0.667,0.695,-0.036,-0.604,-0.466,0.46,-0.555,-0.233,0.521,-0.454,0.005,0.259,0.682,0.242,-0.506,0.593,0.563,0.612,-0.165,0.494,0.568,-0.229,-0.398,0.806,0.078,0.674,-0.374,-0.237,0.773,0.341,-0.612,-0.226,0.69,-0.091,-0.579,-0.025,0.293,0.572,0.632,0.558,-0.47,-0.457,0.377,0.625,0.025,0.609,0.416,0.647,0.255,-0.079,-0.449,-0.244,-0.4,-0.518,-0.473,-0.631,-0.532,0.038,0.86,0.486,-0.34,-0.201,0.484,-0.313,0.463,0.213,0.428,0.501,-0.302,0.544,0.617
AMZN,-0.143,0.833,-0.494,0.901,0.63,-0.307,-0.659,0.627,0.162,-0.396,-0.169,0.779,0.633,1.0,-0.313,0.131,0.007,-0.18,0.081,-0.539,0.05,0.624,0.214,-0.191,-0.484,0.344,0.777,-0.482,0.589,-0.568,0.629,-0.38,-0.125,-0.167,-0.294,-0.604,-0.13,0.637,-0.019,0.799,0.484,0.747,-0.333,0.712,-0.339,0.731,0.599,0.513,0.477,0.751,0.54,0.602,-0.061,0.765,-0.443,0.286,0.263,0.062,0.594,0.244,0.074,-0.059,-0.243,0.022,0.642,-0.333,0.57,-0.017,-0.262,-0.149,0.622,0.659,0.545,-0.235,0.675,0.713,0.466,-0.438,0.92,0.944,-0.02,-0.292,-0.422,-0.251,0.483,-0.145,-0.223,-0.573,0.671,0.59,0.034,-0.023,0.023,0.755,0.251,0.144,0.753,-0.239,-0.021,0.356,-0.608,-0.446,0.757,0.124,0.872,0.823,0.164,-0.253,0.217,0.662,0.299,-0.142,0.509,0.909,0.522,-0.104,-0.141,0.256,0.654,0.814,-0.246,-0.442,0.7,0.414,-0.458,0.851,-0.614,0.132,0.694,-0.573,0.808,-0.134,-0.506,-0.554,0.598,-0.613,0.132,0.359,-0.386,0.138,0.431,0.658,0.599,-0.51,0.556,0.897,0.685,-0.261,0.375,0.819,0.089,-0.224,0.644,-0.248,0.833,-0.611,-0.213,0.555,0.375,-0.424,-0.207,0.44,-0.071,-0.643,0.198,0.493,0.54,0.4,0.704,-0.386,-0.305,0.557,0.497,0.265,0.756,0.684,0.853,-0.021,0.187,-0.461,-0.2,-0.552,-0.32,-0.229,-0.565,-0.436,0.038,0.688,0.145,-0.404,-0.205,0.247,-0.418,0.5,-0.026,0.557,0.759,-0.465,0.576,0.804
APA,0.252,-0.349,0.671,-0.431,0.149,0.452,0.627,-0.327,0.472,0.475,0.654,-0.155,-0.34,-0.313,1.0,0.027,0.553,0.014,0.122,0.551,0.145,-0.348,0.235,0.415,0.644,0.073,-0.421,0.753,-0.079,0.624,-0.182,0.573,0.221,0.726,0.74,0.693,0.445,-0.182,0.551,-0.341,0.255,-0.304,0.647,-0.46,0.6,-0.093,-0.14,0.136,-0.663,-0.142,-0.258,-0.547,0.224,-0.224,0.608,0.312,0.455,0.211,0.204,0.486,-0.156,0.574,0.511,0.412,-0.514,0.795,0.427,0.235,0.709,0.582,-0.524,-0.036,0.135,0.627,-0.293,-0.403,-0.58,0.694,-0.43,-0.358,0.55,0.524,0.524,0.478,-0.362,0.154,0.49,0.656,-0.233,-0.241,0.059,0.123,0.066,-0.632,0.161,0.607,-0.195,0.744,0.073,-0.281,0.614,0.664,-0.419,-0.009,-0.416,-0.454,0.424,0.52,-0.106,0.017,0.445,0.575,-0.279,-0.199,-0.321,0.655,0.368,0.055,-0.018,-0.435,0.743,0.707,-0.315,-0.181,0.577,-0.366,0.723,0.4,-0.004,0.594,-0.3,0.604,0.515,0.685,-0.561,0.615,0.286,-0.41,0.784,0.318,-0.532,-0.152,-0.237,0.698,-0.325,-0.169,-0.198,0.338,-0.122,-0.415,0.199,0.449,-0.278,0.262,-0.243,0.513,0.288,-0.358,-0.383,0.6,0.789,-0.273,0.368,0.543,0.404,-0.014,-0.048,-0.233,-0.501,0.477,0.645,0.346,-0.174,0.147,-0.399,0.116,-0.154,0.112,0.402,0.469,0.327,0.59,0.713,0.486,0.68,0.72,-0.018,-0.4,0.092,0.208,0.615,0.057,0.464,-0.033,0.189,-0.388,-0.434,0.714,-0.433,-0.453
APPS,-0.537,0.211,0.255,-0.041,-0.082,0.304,-0.057,-0.118,0.294,0.407,0.196,0.191,-0.144,0.131,0.027,1.0,-0.28,0.434,0.584,0.336,0.633,-0.13,0.39,0.501,-0.204,-0.188,0.238,0.052,0.432,0.022,-0.13,0.047,0.508,0.237,-0.1,0.098,0.458,-0.174,0.165,0.015,0.344,-0.178,-0.116,0.082,-0.187,0.179,-0.244,-0.107,-0.118,0.071,0.476,0.08,0.323,0.212,0.241,0.531,0.364,0.465,0.374,-0.017,-0.275,0.458,-0.204,0.486,-0.186,0.149,0.338,-0.569,-0.009,0.278,-0.196,0.179,0.366,0.107,-0.161,0.04,0.051,-0.0,0.04,0.039,0.405,-0.358,-0.417,0.334,-0.339,-0.688,0.367,0.19,-0.014,0.107,-0.43,0.411,-0.605,-0.073,-0.355,0.201,-0.323,0.271,-0.381,-0.445,0.121,0.182,0.068,0.31,-0.027,-0.148,0.158,-0.032,0.437,0.171,0.285,0.11,-0.225,0.014,0.058,0.185,-0.474,-0.178,-0.046,-0.022,-0.072,0.075,0.049,-0.169,0.317,0.156,-0.169,0.07,-0.094,0.018,0.211,-0.306,0.353,-0.001,0.353,-0.075,0.636,-0.492,0.148,0.366,0.39,-0.106,0.45,-0.09,-0.053,0.126,-0.021,-0.03,-0.46,0.184,0.538,0.37,-0.095,-0.417,0.005,-0.335,0.447,-0.312,0.087,0.281,-0.046,-0.441,-0.178,-0.017,0.392,0.098,-0.24,-0.28,0.257,0.285,0.3,0.21,-0.29,0.501,0.186,0.325,0.038,-0.529,0.307,-0.234,0.319,-0.397,0.169,0.065,0.239,0.167,-0.344,-0.084,-0.32,-0.283,-0.105,-0.438,-0.093,-0.272,-0.546,0.046,0.104,-0.346,0.09,0.139
ARCC,0.447,0.024,0.285,-0.101,0.266,0.215,0.379,-0.032,0.475,0.022,0.363,0.175,-0.083,0.007,0.553,-0.28,1.0,-0.182,-0.235,0.21,-0.046,-0.003,0.14,0.095,0.58,0.388,-0.238,0.452,-0.048,0.327,0.193,0.385,-0.305,0.277,0.603,0.32,0.036,0.045,0.293,-0.002,0.236,0.066,0.675,-0.145,0.662,0.193,0.231,0.23,-0.408,0.087,-0.188,-0.339,0.026,0.02,0.356,0.198,0.296,-0.015,0.281,0.528,-0.166,0.195,0.525,0.047,-0.068,0.439,0.417,0.449,0.554,0.391,-0.194,0.174,0.225,0.47,0.052,-0.27,-0.244,0.394,-0.094,-0.011,0.304,0.532,0.417,0.17,0.051,0.406,0.171,0.307,0.067,0.016,0.459,-0.12,0.28,-0.287,0.397,0.379,0.168,0.415,0.461,0.104,0.332,0.446,-0.232,-0.137,-0.106,-0.09,0.318,0.54,-0.377,0.232,0.48,0.347,0.194,0.13,-0.129,0.439,0.563,0.056,0.263,-0.143,0.693,0.517,-0.065,0.155,0.148,-0.045,0.4,0.313,0.134,0.422,0.024,0.493,0.066,0.448,-0.443,0.423,0.057,-0.19,0.518,0.012,-0.474,0.071,-0.295,0.414,-0.124,0.201,0.15,0.448,0.188,-0.072,-0.056,0.155,0.043,0.19,0.102,0.38,-0.13,-0.035,-0.47,0.195,0.684,0.067,0.511,0.454,0.271,0.128,0.186,0.124,-0.322,0.18,0.352,0.288,0.192,-0.073,-0.187,0.316,0.124,0.356,0.363,0.505,0.134,0.5,0.439,0.314,0.191,0.393,0.101,-0.076,0.353,0.356,0.546,0.418,0.395,0.397,0.499,-0.211,-0.225,0.542,-0.196,-0.082
ARDX,-0.287,-0.233,0.203,-0.317,-0.371,0.182,0.082,-0.15,0.093,0.303,0.058,-0.221,-0.428,-0.18,0.014,0.434,-0.182,1.0,0.215,0.285,0.408,-0.15,0.169,0.327,-0.073,-0.324,-0.167,0.332,-0.01,-0.046,-0.197,0.044,0.25,-0.003,-0.016,0.119,0.271,-0.358,0.048,-0.098,0.049,-0.191,-0.134,-0.171,-0.07,-0.274,-0.402,-0.264,-0.106,-0.187,0.09,-0.204,0.189,-0.134,0.2,0.194,0.091,0.269,-0.054,-0.174,-0.062,0.217,-0.032,0.278,-0.24,0.16,-0.119,-0.267,-0.046,0.176,-0.213,-0.298,0.022,-0.081,-0.452,-0.271,-0.095,0.104,-0.261,-0.214,0.246,-0.313,-0.175,0.175,-0.514,-0.257,0.293,0.256,-0.286,-0.185,-0.36,0.301,-0.254,-0.15,-0.574,0.048,-0.456,0.166,-0.276,-0.359,0.139,-0.004,-0.223,-0.038,-0.103,-0.437,-0.091,-0.053,0.296,-0.192,0.075,-0.034,-0.402,-0.284,-0.185,-0.04,-0.361,-0.465,-0.34,-0.353,0.065,0.098,-0.208,-0.371,0.283,-0.128,0.181,-0.158,-0.42,0.266,-0.202,-0.156,0.379,0.019,0.013,0.016,0.187,-0.266,0.122,-0.066,0.086,-0.219,0.016,-0.07,-0.156,-0.173,-0.353,-0.06,-0.386,-0.146,0.078,0.245,-0.434,-0.221,-0.239,-0.047,0.308,-0.374,0.051,0.329,-0.06,-0.423,-0.226,0.051,0.025,-0.226,-0.334,-0.404,0.028,0.17,0.167,-0.111,-0.513,0.167,-0.133,-0.2,-0.271,-0.288,0.028,0.041,0.219,-0.081,0.229,0.177,0.299,0.26,0.051,-0.375,-0.32,0.07,-0.085,-0.506,0.183,-0.484,-0.495,-0.049,-0.137,-0.031,-0.134,-0.178
ATER,-0.375,0.069,0.387,-0.079,0.002,0.475,-0.051,-0.096,0.483,0.513,0.336,-0.011,-0.152,0.081,0.122,0.584,-0.235,0.215,1.0,0.503,0.415,-0.433,0.511,0.535,-0.119,0.04,0.004,0.114,0.459,0.168,-0.099,0.047,0.646,0.249,0.078,0.205,0.508,-0.193,0.026,-0.157,0.481,-0.263,0.037,-0.224,-0.128,0.087,-0.349,0.015,-0.119,0.038,0.334,-0.039,0.412,-0.111,0.398,0.458,0.508,0.418,0.395,0.248,-0.362,0.433,-0.216,0.64,-0.281,0.316,0.291,-0.502,-0.081,0.425,-0.295,0.272,0.426,0.164,-0.041,0.097,0.002,-0.003,-0.073,-0.059,0.503,-0.172,-0.387,0.299,-0.427,-0.595,0.489,0.309,-0.202,-0.164,-0.535,0.531,-0.485,-0.088,-0.234,0.406,-0.19,0.291,-0.219,-0.427,0.265,0.125,-0.013,0.249,-0.078,-0.134,0.219,0.068,0.505,0.033,0.44,0.314,-0.394,0.064,0.139,0.221,-0.56,0.134,-0.138,-0.082,-0.003,0.19,0.018,-0.328,0.44,-0.035,-0.054,0.165,-0.195,0.141,0.054,-0.325,0.415,-0.013,0.153,0.032,0.641,-0.281,0.14,0.536,0.114,-0.217,0.472,0.134,-0.339,0.046,-0.191,-0.049,-0.344,0.005,0.509,0.47,-0.234,-0.266,-0.099,-0.228,0.521,-0.463,-0.208,0.375,0.085,-0.49,-0.129,0.027,0.545,-0.009,-0.4,-0.486,0.085,0.406,0.457,0.135,-0.101,0.473,0.171,0.218,-0.136,-0.464,0.273,-0.078,0.385,-0.2,0.275,0.343,0.311,0.273,-0.02,-0.13,-0.497,-0.313,0.145,-0.394,-0.302,-0.205,-0.465,0.11,0.001,-0.187,-0.27,-0.092
ATOS,-0.116,-0.47,0.775,-0.696,-0.209,0.719,0.586,-0.55,0.505,0.734,0.718,-0.39,-0.669,-0.539,0.551,0.336,0.21,0.285,0.503,1.0,0.305,-0.731,0.418,0.656,0.447,0.083,-0.518,0.673,-0.024,0.667,-0.538,0.446,0.475,0.59,0.5,0.731,0.581,-0.563,0.284,-0.64,0.239,-0.708,0.495,-0.666,0.476,-0.279,-0.576,-0.23,-0.694,-0.38,-0.077,-0.486,0.55,-0.493,0.773,0.371,0.451,0.417,0.112,0.378,-0.481,0.602,0.264,0.584,-0.757,0.723,0.131,-0.286,0.425,0.605,-0.813,-0.189,0.173,0.57,-0.437,-0.553,-0.503,0.535,-0.655,-0.634,0.591,0.284,0.088,0.537,-0.716,-0.304,0.664,0.787,-0.642,-0.564,-0.202,0.41,-0.433,-0.681,-0.196,0.459,-0.631,0.67,-0.103,-0.666,0.829,0.633,-0.589,0.032,-0.68,-0.682,0.371,0.401,0.099,-0.258,0.444,0.557,-0.6,-0.524,-0.218,0.575,-0.06,-0.19,-0.376,-0.64,0.571,0.687,-0.395,-0.624,0.784,-0.576,0.504,0.093,-0.471,0.706,-0.397,0.118,0.785,0.55,-0.465,0.619,0.528,-0.589,0.707,0.3,-0.308,-0.603,-0.159,0.602,-0.707,-0.396,-0.531,0.289,-0.568,-0.546,0.46,0.689,-0.674,-0.043,-0.621,0.318,0.503,-0.801,-0.549,0.73,0.511,-0.777,0.151,0.684,0.409,-0.232,-0.61,-0.684,-0.51,0.675,0.765,-0.036,-0.422,0.28,-0.495,-0.036,-0.555,-0.346,0.425,0.528,0.601,0.432,0.709,0.584,0.761,0.764,-0.073,-0.719,-0.451,0.142,0.442,-0.415,0.32,-0.364,-0.235,-0.517,-0.54,0.329,-0.6,-0.57
AUPH,-0.451,0.145,0.358,-0.15,-0.158,0.248,0.107,-0.112,0.333,0.345,0.175,0.274,-0.253,0.05,0.145,0.633,-0.046,0.408,0.415,0.305,1.0,-0.202,0.274,0.51,0.05,-0.007,0.024,0.086,0.38,0.126,-0.025,0.351,0.389,0.191,0.08,0.14,0.436,-0.186,0.219,-0.062,0.244,-0.207,0.066,-0.062,0.005,0.132,-0.226,-0.165,-0.155,0.222,0.269,-0.234,0.142,0.105,0.392,0.368,0.277,0.218,0.327,-0.032,-0.009,0.427,-0.191,0.567,-0.291,0.17,0.346,-0.431,0.059,0.429,-0.24,0.101,0.272,0.21,-0.22,-0.051,-0.026,0.155,-0.112,-0.096,0.435,-0.232,-0.367,0.534,-0.413,-0.396,0.57,0.31,0.004,0.122,-0.164,0.25,-0.502,-0.062,-0.289,0.219,-0.144,0.246,-0.174,-0.351,0.289,0.184,0.027,0.279,-0.064,-0.231,0.201,0.034,0.328,0.131,0.297,0.117,-0.245,-0.057,0.092,0.297,-0.277,-0.09,0.133,-0.159,0.04,0.218,-0.166,-0.093,0.47,0.105,0.026,0.085,-0.12,0.198,0.021,-0.235,0.309,0.18,0.211,0.164,0.549,-0.453,0.248,0.378,0.129,-0.17,0.345,0.11,-0.126,0.082,0.019,0.118,-0.191,0.079,0.449,0.534,-0.158,-0.252,0.022,-0.2,0.399,-0.327,-0.078,0.265,0.017,-0.398,0.141,0.155,0.406,0.15,-0.082,-0.233,0.077,0.295,0.404,0.279,-0.296,0.419,0.111,0.207,-0.011,-0.459,0.41,0.024,0.126,-0.249,0.142,0.081,0.28,0.09,-0.451,-0.195,-0.213,-0.181,-0.088,-0.338,0.017,-0.185,-0.297,0.002,0.028,-0.244,-0.004,0.046
AVGO,0.181,0.547,-0.704,0.653,0.317,-0.663,-0.461,0.48,-0.367,-0.743,-0.402,0.554,0.615,0.624,-0.348,-0.13,-0.003,-0.15,-0.433,-0.731,-0.202,1.0,-0.349,-0.5,-0.246,-0.003,0.624,-0.506,-0.024,-0.593,0.572,-0.228,-0.528,-0.424,-0.346,-0.634,-0.465,0.783,0.005,0.802,-0.151,0.861,-0.315,0.858,-0.301,0.45,0.771,0.394,0.51,0.511,0.067,0.523,-0.558,0.826,-0.687,-0.087,-0.335,-0.402,0.074,-0.22,0.567,-0.47,-0.044,-0.485,0.781,-0.516,0.136,0.41,-0.134,-0.504,0.741,0.153,-0.086,-0.492,0.433,0.498,0.262,-0.373,0.665,0.699,-0.488,-0.262,0.042,-0.274,0.681,0.341,-0.544,-0.677,0.781,0.745,0.426,-0.595,0.463,0.564,0.209,-0.287,0.602,-0.394,-0.044,0.679,-0.643,-0.442,0.521,0.001,0.657,0.604,-0.223,-0.36,-0.231,0.5,-0.309,-0.497,0.763,0.599,0.251,-0.365,0.246,0.157,0.566,0.683,-0.279,-0.616,0.356,0.632,-0.65,0.718,-0.328,0.096,0.575,-0.637,0.516,0.198,-0.715,-0.457,0.459,-0.517,-0.491,0.578,-0.347,-0.207,0.274,0.765,0.135,-0.603,0.866,0.545,0.679,-0.231,0.549,0.559,-0.433,-0.562,0.684,0.109,0.721,-0.299,-0.389,0.825,0.587,-0.675,-0.244,0.686,-0.068,-0.562,-0.241,0.342,0.763,0.732,0.691,-0.64,-0.596,0.34,0.325,-0.297,0.473,0.338,0.701,0.403,-0.132,-0.402,-0.633,-0.323,-0.558,-0.507,-0.648,-0.58,0.008,0.647,0.611,-0.139,-0.341,0.395,-0.015,0.486,0.292,0.34,0.585,-0.218,0.817,0.74
AZN,-0.201,0.246,0.403,-0.02,0.306,0.64,0.046,0.155,0.64,0.447,0.445,0.212,-0.126,0.214,0.235,0.39,0.14,0.169,0.511,0.418,0.274,-0.349,1.0,0.423,-0.108,0.253,0.055,0.317,0.616,0.152,-0.14,-0.084,0.498,0.467,0.204,0.274,0.486,-0.205,0.128,-0.08,0.733,-0.16,0.128,-0.222,0.082,0.254,-0.156,0.259,-0.295,0.148,0.442,0.015,0.681,-0.119,0.43,0.519,0.741,0.695,0.564,0.611,-0.58,0.639,0.075,0.616,-0.194,0.438,0.493,-0.329,0.038,0.49,-0.225,0.469,0.677,0.386,0.134,-0.069,-0.005,0.105,0.026,0.095,0.606,0.092,-0.219,0.011,-0.312,-0.468,0.333,0.278,-0.198,-0.238,-0.474,0.599,-0.33,-0.059,-0.146,0.627,-0.031,0.407,-0.141,-0.409,0.117,0.274,0.063,0.087,0.123,-0.065,0.464,0.16,0.366,0.264,0.716,0.42,-0.313,0.163,0.195,0.342,-0.307,-0.214,0.011,-0.141,0.182,0.324,0.342,-0.414,0.289,0.066,-0.018,0.038,0.155,0.211,0.155,-0.122,0.42,-0.02,0.16,-0.045,0.69,-0.297,0.298,0.272,0.161,-0.157,0.335,0.176,-0.346,0.257,0.06,0.112,-0.367,0.063,0.641,0.35,-0.256,-0.307,0.08,-0.212,0.394,-0.36,-0.089,0.416,0.309,-0.382,-0.03,0.056,0.565,0.071,-0.286,-0.433,0.026,0.442,0.436,0.366,0.121,0.67,0.158,0.348,0.158,-0.397,0.497,-0.078,0.571,-0.058,0.565,0.429,0.319,0.38,0.182,-0.233,-0.482,-0.295,0.143,-0.184,-0.211,-0.068,-0.343,0.231,-0.01,-0.007,-0.328,-0.069
BCRX,-0.395,-0.176,0.608,-0.41,-0.036,0.544,0.393,-0.388,0.593,0.623,0.613,0.05,-0.364,-0.191,0.415,0.501,0.095,0.327,0.535,0.656,0.51,-0.5,0.423,1.0,0.14,0.019,-0.247,0.545,0.174,0.439,-0.279,0.522,0.593,0.511,0.512,0.56,0.462,-0.284,0.143,-0.397,0.438,-0.444,0.434,-0.398,0.206,0.06,-0.449,-0.1,-0.445,-0.081,0.343,-0.286,0.457,-0.229,0.63,0.611,0.591,0.584,0.471,0.337,-0.381,0.623,0.05,0.676,-0.6,0.62,0.332,-0.495,0.325,0.706,-0.44,0.245,0.407,0.532,-0.104,-0.212,-0.387,0.418,-0.36,-0.338,0.766,0.063,-0.185,0.549,-0.577,-0.449,0.659,0.555,-0.346,-0.242,-0.373,0.491,-0.543,-0.479,-0.16,0.599,-0.367,0.626,-0.295,-0.599,0.609,0.493,-0.348,0.495,-0.327,-0.475,0.328,0.306,0.268,0.146,0.549,0.424,-0.48,-0.223,-0.116,0.544,-0.195,-0.095,-0.108,-0.408,0.305,0.606,-0.07,-0.409,0.655,-0.239,0.305,0.306,-0.177,0.548,-0.132,0.063,0.554,0.33,-0.167,0.274,0.562,-0.562,0.471,0.383,0.036,-0.314,0.081,0.443,-0.462,-0.059,-0.251,0.355,-0.522,-0.303,0.531,0.666,-0.407,-0.137,-0.275,0.043,0.577,-0.626,-0.391,0.597,0.379,-0.489,-0.051,0.533,0.637,-0.056,-0.317,-0.509,-0.194,0.708,0.784,0.275,-0.311,0.535,-0.119,0.248,-0.237,-0.518,0.359,0.162,0.52,0.097,0.625,0.465,0.58,0.608,-0.12,-0.423,-0.298,-0.104,0.305,-0.403,0.121,-0.403,-0.33,-0.314,-0.291,0.101,-0.362,-0.199
BGC,0.517,-0.481,0.524,-0.498,-0.061,0.342,0.733,-0.547,0.158,0.298,0.341,-0.3,-0.315,-0.484,0.644,-0.204,0.58,-0.073,-0.119,0.447,0.05,-0.246,-0.108,0.14,1.0,0.045,-0.527,0.543,-0.407,0.61,-0.2,0.609,-0.066,0.436,0.699,0.556,0.109,-0.194,0.302,-0.401,-0.22,-0.265,0.72,-0.453,0.577,-0.263,-0.082,0.013,-0.581,-0.179,-0.547,-0.565,-0.074,-0.29,0.498,0.044,-0.061,-0.257,-0.144,0.256,0.094,0.09,0.64,0.163,-0.328,0.46,0.037,0.559,0.687,0.334,-0.458,-0.249,-0.2,0.478,-0.336,-0.4,-0.668,0.61,-0.52,-0.518,0.231,0.576,0.633,0.495,-0.163,0.482,0.421,0.593,-0.266,-0.244,0.34,-0.222,0.274,-0.566,0.254,0.236,-0.185,0.428,0.131,-0.034,0.662,0.676,-0.519,-0.112,-0.604,-0.398,0.21,0.519,-0.42,-0.123,0.062,0.381,-0.103,-0.38,-0.354,0.471,0.554,0.174,-0.079,-0.383,0.704,0.591,-0.556,-0.057,0.446,-0.513,0.723,0.334,-0.148,0.647,-0.402,0.577,0.366,0.764,-0.659,0.787,-0.009,-0.31,0.719,0.105,-0.655,-0.132,-0.553,0.637,-0.357,-0.346,-0.146,0.494,0.082,-0.445,-0.048,0.313,-0.241,0.473,-0.328,0.657,0.108,-0.174,-0.485,0.298,0.662,-0.181,0.38,0.621,0.158,-0.108,-0.096,0.021,-0.577,0.349,0.486,0.08,-0.13,-0.284,-0.649,-0.062,-0.335,0.403,0.26,0.558,0.095,0.744,0.461,0.262,0.525,0.478,-0.075,-0.38,0.256,0.511,0.568,0.244,0.606,0.073,0.461,-0.593,-0.535,0.696,-0.358,-0.541
BIDU,0.029,0.29,0.036,0.304,0.404,0.027,-0.157,0.162,0.332,-0.066,0.157,0.317,0.213,0.344,0.073,-0.188,0.388,-0.324,0.04,0.083,-0.007,-0.003,0.253,0.019,0.045,1.0,0.184,-0.107,0.275,-0.072,0.163,-0.072,-0.104,0.124,0.115,-0.027,0.162,0.171,0.065,0.128,0.343,0.14,0.203,0.078,0.345,0.351,0.307,0.29,0.032,0.38,0.17,0.206,0.108,0.127,0.08,0.14,0.315,0.035,0.33,0.552,-0.143,0.019,-0.023,0.128,0.1,0.054,0.409,0.006,0.038,0.263,0.014,0.386,0.371,0.228,0.403,0.273,0.08,-0.061,0.3,0.295,0.146,0.15,-0.157,-0.035,0.182,0.058,0.026,-0.016,0.102,0.099,0.42,0.093,-0.063,0.244,0.232,0.243,0.382,0.038,0.343,0.102,0.056,0.034,0.231,-0.144,0.175,0.346,0.298,0.19,0.086,0.252,0.436,0.271,0.232,0.358,0.242,0.141,0.196,0.265,0.417,0.245,0.181,0.089,0.402,0.136,-0.028,0.178,-0.188,0.021,0.306,0.002,0.326,0.046,-0.15,-0.019,-0.004,0.051,0.153,0.035,0.111,0.262,-0.038,0.058,0.188,0.023,-0.051,0.39,0.228,0.151,0.205,0.245,0.156,0.174,0.222,-0.124,0.188,-0.174,-0.126,0.07,-0.259,-0.044,0.188,0.067,0.295,0.134,0.266,0.394,0.149,0.106,-0.002,-0.012,0.071,0.278,0.409,0.18,0.224,0.375,0.287,-0.04,0.472,0.34,0.152,0.006,0.054,0.133,-0.096,0.025,0.006,0.214,0.022,-0.128,0.157,0.212,-0.18,0.475,0.173,0.07,0.312,-0.128,-0.008,0.228
BILI,-0.148,0.719,-0.602,0.784,0.359,-0.402,-0.668,0.569,-0.117,-0.462,-0.321,0.657,0.67,0.777,-0.421,0.238,-0.238,-0.167,0.004,-0.518,0.024,0.624,0.055,-0.247,-0.527,0.184,1.0,-0.611,0.417,-0.663,0.545,-0.363,-0.213,-0.242,-0.489,-0.66,-0.186,0.615,-0.075,0.711,0.23,0.597,-0.463,0.764,-0.466,0.686,0.547,0.304,0.495,0.589,0.481,0.639,0.019,0.739,-0.568,0.069,0.059,0.015,0.426,-0.019,0.126,-0.227,-0.382,-0.102,0.652,-0.516,0.333,-0.123,-0.278,-0.292,0.606,0.482,0.333,-0.38,0.527,0.726,0.482,-0.558,0.79,0.761,-0.251,-0.426,-0.435,-0.203,0.592,-0.138,-0.346,-0.647,0.618,0.741,0.088,-0.043,0.017,0.685,0.065,-0.107,0.517,-0.349,-0.166,0.414,-0.625,-0.453,0.68,0.071,0.682,0.713,0.024,-0.398,0.15,0.529,-0.012,-0.373,0.643,0.739,0.486,-0.284,-0.222,0.207,0.529,0.768,-0.382,-0.608,0.667,0.53,-0.575,0.728,-0.643,-0.113,0.638,-0.72,0.779,-0.257,-0.387,-0.578,0.645,-0.58,0.028,0.348,-0.487,0.035,0.528,0.549,0.464,-0.641,0.665,0.64,0.587,-0.384,0.393,0.758,0.016,-0.271,0.702,-0.284,0.717,-0.672,-0.276,0.591,0.561,-0.482,-0.406,0.507,-0.122,-0.697,-0.035,0.434,0.525,0.488,0.709,-0.517,-0.453,0.369,0.449,0.212,0.755,0.481,0.712,-0.015,0.058,-0.551,-0.195,-0.58,-0.525,-0.448,-0.631,-0.483,-0.105,0.773,0.243,-0.526,-0.298,0.197,-0.442,0.387,-0.08,0.519,0.686,-0.541,0.75,0.816
BKR,0.112,-0.535,0.711,-0.609,-0.032,0.555,0.729,-0.47,0.516,0.649,0.686,-0.352,-0.61,-0.482,0.753,0.052,0.452,0.332,0.114,0.673,0.086,-0.506,0.317,0.545,0.543,-0.107,-0.611,1.0,-0.205,0.624,-0.418,0.441,0.293,0.68,0.735,0.822,0.433,-0.417,0.34,-0.486,0.269,-0.474,0.521,-0.624,0.542,-0.261,-0.421,-0.012,-0.796,-0.402,-0.205,-0.547,0.445,-0.457,0.662,0.401,0.48,0.463,0.106,0.466,-0.371,0.62,0.604,0.398,-0.647,0.878,0.201,0.091,0.655,0.514,-0.635,-0.168,0.182,0.552,-0.484,-0.665,-0.592,0.654,-0.566,-0.498,0.662,0.411,0.45,0.404,-0.604,0.014,0.544,0.741,-0.492,-0.543,-0.214,0.293,-0.094,-0.725,-0.11,0.582,-0.491,0.821,-0.061,-0.527,0.635,0.657,-0.671,-0.094,-0.526,-0.654,0.366,0.51,-0.127,-0.118,0.481,0.562,-0.569,-0.416,-0.437,0.588,0.155,-0.307,-0.308,-0.644,0.714,0.747,-0.352,-0.576,0.633,-0.546,0.759,0.224,-0.267,0.831,-0.427,0.45,0.727,0.676,-0.645,0.62,0.356,-0.527,0.751,0.106,-0.5,-0.345,-0.447,0.711,-0.546,-0.34,-0.449,0.37,-0.495,-0.52,0.276,0.42,-0.631,0.103,-0.53,0.511,0.351,-0.579,-0.46,0.665,0.758,-0.502,0.102,0.599,0.293,-0.313,-0.369,-0.495,-0.63,0.588,0.708,0.111,-0.404,0.273,-0.581,-0.065,-0.369,-0.091,0.3,0.424,0.56,0.634,0.883,0.582,0.8,0.88,0.172,-0.695,-0.22,0.33,0.609,-0.223,0.566,-0.38,-0.054,-0.502,-0.64,0.73,-0.631,-0.586
BLDP,-0.353,0.65,-0.054,0.405,0.347,0.305,-0.432,0.465,0.481,0.122,0.071,0.469,0.153,0.589,-0.079,0.432,-0.048,-0.01,0.459,-0.024,0.38,-0.024,0.616,0.174,-0.407,0.275,0.417,-0.205,1.0,-0.109,0.178,-0.274,0.369,0.092,-0.141,-0.161,0.388,0.091,-0.026,0.321,0.669,0.188,-0.227,0.243,-0.246,0.497,0.174,0.282,0.175,0.45,0.565,0.253,0.318,0.3,0.005,0.405,0.538,0.407,0.607,0.291,-0.406,0.366,-0.226,0.407,0.185,0.073,0.552,-0.41,-0.257,0.238,0.092,0.567,0.632,0.184,0.381,0.365,0.387,-0.136,0.446,0.498,0.362,-0.07,-0.488,0.044,-0.048,-0.563,0.223,-0.101,0.24,0.16,-0.376,0.425,-0.384,0.459,-0.059,0.36,0.23,0.081,-0.042,-0.204,-0.228,-0.225,0.571,0.136,0.491,0.334,0.286,-0.109,0.556,0.373,0.559,-0.011,-0.041,0.49,0.439,0.141,-0.409,-0.016,0.213,0.266,-0.137,-0.087,0.435,-0.028,-0.072,0.562,-0.425,-0.064,0.29,-0.262,0.434,-0.341,-0.04,-0.326,0.419,-0.381,0.605,-0.145,-0.134,0.358,0.322,0.11,0.713,-0.106,-0.002,0.555,0.263,-0.237,-0.071,0.499,0.446,0.234,0.107,-0.273,0.472,-0.404,0.028,-0.029,0.125,0.124,-0.057,-0.093,-0.062,-0.378,0.388,0.292,0.021,-0.178,0.361,0.002,0.082,0.388,0.172,0.56,0.535,0.495,0.481,-0.392,0.3,-0.377,0.224,-0.491,0.037,0.16,-0.114,-0.082,-0.034,0.207,-0.343,-0.463,-0.14,-0.089,-0.496,0.116,-0.219,0.494,0.432,-0.375,0.106,0.362
BLNK,0.068,-0.53,0.627,-0.626,-0.095,0.603,0.68,-0.629,0.343,0.546,0.617,-0.385,-0.523,-0.568,0.624,0.022,0.327,-0.046,0.168,0.667,0.126,-0.593,0.152,0.439,0.61,-0.072,-0.663,0.624,-0.109,1.0,-0.458,0.473,0.353,0.548,0.648,0.712,0.292,-0.453,0.238,-0.611,-0.007,-0.576,0.588,-0.671,0.44,-0.33,-0.446,-0.099,-0.681,-0.419,-0.344,-0.558,0.226,-0.493,0.64,0.227,0.176,0.084,-0.042,0.29,-0.295,0.452,0.46,0.304,-0.718,0.692,0.012,0.066,0.575,0.379,-0.703,-0.238,-0.102,0.705,-0.397,-0.541,-0.485,0.724,-0.634,-0.633,0.37,0.61,0.433,0.482,-0.528,-0.08,0.524,0.669,-0.404,-0.555,-0.06,0.121,-0.163,-0.682,0.176,0.387,-0.449,0.681,0.104,-0.511,0.699,0.638,-0.573,0.081,-0.663,-0.578,0.17,0.461,-0.163,-0.262,0.236,0.444,-0.484,-0.527,-0.413,0.545,0.306,-0.091,-0.335,-0.569,0.579,0.643,-0.579,-0.422,0.571,-0.518,0.586,0.266,-0.309,0.652,-0.527,0.397,0.523,0.683,-0.607,0.674,0.308,-0.521,0.609,0.298,-0.49,-0.373,-0.35,0.809,-0.627,-0.437,-0.418,0.402,-0.435,-0.544,0.163,0.422,-0.536,0.457,-0.571,0.759,0.396,-0.55,-0.536,0.603,0.594,-0.485,0.103,0.72,0.304,-0.313,-0.432,-0.431,-0.711,0.617,0.597,-0.001,-0.398,0.02,-0.604,-0.118,-0.501,-0.07,0.173,0.398,0.277,0.564,0.593,0.421,0.614,0.558,-0.191,-0.645,-0.157,0.343,0.407,-0.186,0.412,-0.264,0.142,-0.641,-0.695,0.575,-0.594,-0.637
