,AAL,AAPL,ABUS,ADBE,ADI,ADMA,AEP,AGNC,AKBA,ALT,AMAT,AMD,AMGN,AMZN,APA,APPS,ARCC,ARDX,ATER,ATOS,AUPH,AVGO,AZN,BCRX,BGC,BIDU,BILI,BKR,BLDP,BLNK,BYND,CAN,CELH,CG,CGC,CHRD,CLNE,CMCSA,COMM,COST,CPB,CPRT,CRON,CRWD,CSCO,CSGP,CSX,CTSH,CZR,DBX,DDOG,DKNG,DLTR,DOCU,DVAX,DXCM,EA,EBAY,ENPH,ERIC,ESPR,ETSY,EXC,EXEL,EXPE,FANG,FAST,FITB,FLEX,FOLD,FOXA,FSLR,FTNT,FUTU,GEN,GERN,GEVO,GILD,GOOG,GOOGL,GPRO,GT,HBAN,HIVE,HON,HST,HUT,IBRX,INTC,IOVA,IQ,IRWD,JBLU,JD,KDP,KHC,LBTYK,LRCX,LYFT,MAR,MARA,MAT,MCHP,MCRB,MDLZ,META,MGNI,MLCO,MNKD,MNST,MOMO,MRNA,MRVL,MSFT,MSTR,MTCH,MU,MVIS,NDAQ,NFLX,NKTR,NNDM,NTES,NTNX,NVAX,NVDA,NWL,NWSA,NXPI,OCGN,OKTA,ON,OPK,PAA,PACB,PAGP,PANW,PARA,PCAR,PDD,PENN,PEP,PLUG,PTEN,PTON,PYPL,QCOM,QUBT,QVCGA,RDFN,REAL,RIOT,ROKU,ROST,RUN,SABR,SAVA,SBUX,SFIX,SGMO,SIRI,SLM,SMCI,SNDL,SONO,STNE,STX,TCOM,TGTX,TIGR,TLRY,TMUS,TRIP,TSCO,TSLA,TTD,TXN,UAL,UNIT,VERU,VKTX,VLY,VOD,VTRS,VXRT,WBA,WBD,WDAY,WDC,WEN,WW,WYNN,XEL,XP,XRAY,XRX,Z,ZION,ZM,ZS
AAL,1.0,-0.532,-0.367,-0.519,-0.525,-0.593,0.188,0.273,-0.592,-0.453,-0.086,-0.465,-0.236,-0.527,0.566,0.058,0.694,-0.285,-0.462,-0.31,-0.456,-0.387,-0.448,0.665,-0.307,-0.374,-0.504,0.55,-0.523,-0.414,-0.605,0.482,-0.37,-0.137,-0.523,0.842,-0.247,0.571,0.406,-0.528,0.16,-0.506,-0.562,-0.499,0.322,-0.583,0.584,0.109,0.785,0.399,-0.572,0.548,-0.11,-0.53,-0.148,-0.55,-0.654,-0.568,-0.313,0.026,-0.009,-0.145,0.018,0.21,0.648,0.578,0.046,0.733,-0.453,-0.476,0.567,-0.48,0.634,-0.43,0.029,-0.481,-0.443,-0.448,-0.437,-0.462,0.64,0.784,0.718,-0.188,0.643,0.651,0.452,-0.156,0.203,-0.605,0.298,0.406,0.877,-0.628,0.34,0.383,-0.33,-0.453,0.511,0.815,-0.25,0.726,-0.543,-0.457,0.155,-0.113,-0.311,0.677,-0.468,-0.432,-0.574,-0.518,-0.382,-0.445,-0.469,-0.423,0.157,-0.404,-0.049,-0.373,-0.436,-0.502,-0.671,-0.526,-0.502,-0.519,0.434,0.608,-0.018,-0.186,-0.512,-0.313,-0.474,0.548,-0.5,0.657,-0.505,0.71,0.08,-0.601,0.548,-0.165,-0.41,0.691,-0.579,-0.519,-0.545,-0.551,-0.294,-0.406,-0.388,-0.271,-0.554,0.15,-0.472,0.692,0.065,0.462,-0.512,-0.607,0.22,0.546,0.741,-0.377,0.732,-0.561,0.611,0.697,0.057,-0.568,-0.363,0.319,0.869,-0.073,-0.399,-0.405,-0.311,0.968,-0.401,-0.507,-0.638,0.708,-0.08,-0.53,-0.336,0.366,0.722,-0.514,0.167,0.034,0.465,0.875,0.066,-0.518,0.489,0.775,-0.598,0.79,-0.613,-0.525
AAPL,-0.532,1.0,0.815,0.933,0.783,0.733,-0.016,0.176,0.749,0.691,0.498,0.943,0.554,0.877,-0.544,0.491,-0.595,0.702,0.688,0.589,0.859,0.827,0.559,-0.351,0.481,0.753,0.825,-0.259,0.793,0.743,0.839,-0.395,0.401,0.373,0.733,-0.597,0.693,-0.319,-0.25,0.803,-0.189,0.776,0.725,0.906,-0.091,0.652,-0.324,0.156,-0.493,-0.068,0.837,-0.151,0.169,0.817,0.493,0.644,0.838,0.832,0.864,0.336,0.113,0.657,0.272,-0.034,-0.529,-0.432,0.579,-0.495,0.803,0.614,-0.597,0.906,-0.156,0.673,0.104,0.496,0.808,0.377,0.683,0.685,-0.317,-0.641,-0.544,0.331,-0.385,-0.36,0.015,0.309,0.338,0.905,-0.268,-0.207,-0.543,0.745,-0.212,-0.525,0.517,0.828,-0.437,-0.499,0.519,-0.435,0.792,0.768,-0.023,0.476,0.838,-0.489,0.485,0.73,0.709,0.864,0.816,0.819,0.769,0.827,0.299,0.671,0.145,0.762,0.545,0.742,0.832,0.827,0.702,0.893,-0.491,-0.412,0.543,0.454,0.813,0.813,0.753,-0.509,0.899,-0.474,0.801,-0.538,0.298,0.898,0.127,0.276,0.887,-0.52,0.895,0.928,0.904,0.741,0.489,0.788,0.837,0.403,0.846,0.126,0.83,-0.65,0.289,-0.112,0.583,0.855,0.316,-0.464,-0.361,0.549,-0.179,0.725,-0.302,-0.293,0.352,0.727,0.516,-0.205,-0.513,0.178,0.868,0.775,0.849,-0.529,0.793,0.648,0.771,-0.595,0.367,0.763,0.72,-0.027,-0.578,0.785,0.067,0.358,-0.332,-0.558,0.056,0.801,-0.472,-0.501,0.88,-0.55,0.809,0.898
ABUS,-0.367,0.815,1.0,0.862,0.763,0.773,0.014,0.442,0.782,0.781,0.563,0.856,0.601,0.878,-0.462,0.269,-0.518,0.63,0.666,0.648,0.885,0.692,0.646,-0.2,0.709,0.802,0.629,-0.206,0.766,0.834,0.725,-0.261,0.301,0.421,0.775,-0.516,0.726,-0.394,-0.212,0.814,-0.157,0.804,0.8,0.855,-0.062,0.776,-0.069,0.175,-0.517,0.03,0.787,-0.259,0.158,0.761,0.61,0.655,0.801,0.813,0.82,0.471,0.283,0.455,0.278,0.118,-0.405,-0.474,0.569,-0.447,0.762,0.718,-0.629,0.88,-0.047,0.78,0.135,0.663,0.852,0.261,0.504,0.53,-0.269,-0.628,-0.444,0.52,-0.316,0.009,0.276,0.572,0.421,0.827,-0.314,-0.286,-0.384,0.656,-0.192,-0.361,0.573,0.744,-0.458,-0.29,0.576,-0.429,0.792,0.723,0.05,0.414,0.919,-0.555,0.639,0.713,0.657,0.821,0.823,0.718,0.855,0.841,0.237,0.753,0.146,0.687,0.515,0.826,0.766,0.841,0.746,0.883,-0.44,-0.35,0.558,0.276,0.802,0.708,0.753,-0.574,0.876,-0.487,0.828,-0.486,0.257,0.786,0.18,0.218,0.836,-0.51,0.826,0.886,0.847,0.777,0.61,0.854,0.837,0.565,0.827,0.284,0.756,-0.469,0.56,-0.232,0.375,0.812,0.38,-0.517,-0.337,0.61,-0.04,0.62,-0.132,-0.144,0.465,0.798,0.593,-0.224,-0.471,0.389,0.854,0.818,0.857,-0.374,0.843,0.714,0.769,-0.508,0.419,0.748,0.796,0.077,-0.587,0.808,0.077,0.274,-0.54,-0.404,0.115,0.813,-0.551,-0.471,0.843,-0.398,0.676,0.829
ADBE,-0.519,0.933,0.862,1.0,0.789,0.759,-0.139,0.151,0.693,0.691,0.558,0.952,0.523,0.897,-0.577,0.434,-0.611,0.696,0.786,0.587,0.874,0.864,0.584,-0.402,0.472,0.788,0.834,-0.218,0.835,0.777,0.783,-0.464,0.427,0.265,0.704,-0.614,0.67,-0.411,-0.334,0.859,-0.258,0.746,0.721,0.933,-0.15,0.662,-0.356,0.075,-0.565,-0.115,0.907,-0.257,0.031,0.815,0.419,0.736,0.832,0.838,0.892,0.355,0.028,0.548,0.18,-0.087,-0.594,-0.494,0.532,-0.551,0.846,0.651,-0.7,0.913,-0.233,0.71,0.0,0.521,0.844,0.285,0.626,0.645,-0.39,-0.664,-0.585,0.327,-0.432,-0.356,0.032,0.325,0.279,0.9,-0.347,-0.315,-0.527,0.776,-0.29,-0.582,0.476,0.839,-0.52,-0.456,0.45,-0.494,0.796,0.722,-0.093,0.411,0.868,-0.5,0.57,0.679,0.631,0.844,0.855,0.772,0.752,0.844,0.334,0.68,0.055,0.855,0.51,0.758,0.79,0.876,0.751,0.907,-0.648,-0.435,0.496,0.389,0.885,0.82,0.768,-0.629,0.866,-0.531,0.831,-0.599,0.18,0.929,0.049,0.213,0.845,-0.569,0.902,0.928,0.941,0.771,0.427,0.81,0.871,0.366,0.867,0.158,0.82,-0.668,0.284,-0.224,0.646,0.782,0.196,-0.558,-0.423,0.564,-0.153,0.811,-0.318,-0.277,0.323,0.776,0.497,-0.296,-0.545,0.125,0.899,0.821,0.857,-0.51,0.775,0.608,0.732,-0.588,0.333,0.762,0.739,-0.095,-0.64,0.756,0.057,0.318,-0.507,-0.556,-0.005,0.877,-0.607,-0.561,0.897,-0.542,0.795,0.92
ADI,-0.525,0.783,0.763,0.789,1.0,0.69,-0.241,0.19,0.578,0.645,0.635,0.816,0.406,0.743,-0.595,0.368,-0.655,0.515,0.741,0.585,0.75,0.799,0.476,-0.318,0.515,0.792,0.693,-0.074,0.828,0.732,0.713,-0.399,0.523,0.269,0.587,-0.598,0.585,-0.49,-0.309,0.757,-0.279,0.635,0.684,0.796,-0.235,0.621,-0.113,-0.005,-0.478,-0.274,0.827,-0.277,-0.109,0.817,0.468,0.722,0.731,0.762,0.742,0.245,0.021,0.575,0.012,0.019,-0.358,-0.638,0.557,-0.508,0.714,0.736,-0.712,0.777,-0.241,0.697,-0.077,0.59,0.781,0.201,0.434,0.431,-0.417,-0.631,-0.498,0.43,-0.392,-0.108,0.181,0.425,0.339,0.811,-0.355,-0.41,-0.524,0.742,-0.276,-0.444,0.533,0.803,-0.632,-0.353,0.317,-0.444,0.816,0.588,-0.177,0.236,0.769,-0.578,0.64,0.58,0.534,0.717,0.828,0.602,0.652,0.783,0.402,0.653,0.02,0.739,0.495,0.689,0.732,0.831,0.752,0.822,-0.498,-0.46,0.406,0.285,0.836,0.792,0.526,-0.657,0.676,-0.626,0.731,-0.589,0.078,0.818,0.02,0.035,0.766,-0.625,0.786,0.755,0.804,0.626,0.419,0.773,0.728,0.368,0.759,0.199,0.723,-0.484,0.44,-0.265,0.621,0.762,0.191,-0.515,-0.506,0.408,-0.144,0.776,-0.265,-0.221,0.292,0.713,0.431,-0.343,-0.547,0.292,0.746,0.769,0.805,-0.494,0.764,0.599,0.618,-0.585,0.207,0.597,0.651,-0.018,-0.637,0.839,0.171,0.322,-0.587,-0.55,-0.007,0.765,-0.565,-0.552,0.827,-0.486,0.701,0.848
ADMA,-0.593,0.733,0.773,0.759,0.69,1.0,-0.326,0.067,0.732,0.78,0.461,0.752,0.274,0.756,-0.634,0.222,-0.666,0.581,0.722,0.462,0.827,0.677,0.389,-0.427,0.455,0.744,0.678,-0.359,0.823,0.741,0.667,-0.403,0.421,0.243,0.812,-0.728,0.621,-0.687,-0.322,0.68,-0.357,0.684,0.862,0.808,-0.411,0.7,-0.361,-0.004,-0.725,-0.272,0.827,-0.411,-0.075,0.77,0.396,0.779,0.732,0.694,0.709,0.284,-0.006,0.384,-0.116,-0.087,-0.623,-0.632,0.365,-0.735,0.738,0.785,-0.727,0.788,-0.407,0.71,-0.215,0.696,0.741,0.229,0.418,0.475,-0.41,-0.715,-0.634,0.533,-0.658,-0.234,0.13,0.376,-0.006,0.76,-0.385,-0.537,-0.663,0.733,-0.531,-0.44,0.379,0.716,-0.538,-0.551,0.449,-0.677,0.779,0.563,-0.219,0.166,0.754,-0.569,0.568,0.496,0.723,0.758,0.678,0.519,0.775,0.697,0.147,0.783,-0.16,0.688,0.575,0.739,0.647,0.764,0.76,0.755,-0.543,-0.623,0.355,0.352,0.787,0.624,0.718,-0.71,0.759,-0.654,0.743,-0.699,-0.067,0.744,-0.07,-0.041,0.728,-0.746,0.748,0.836,0.771,0.756,0.376,0.734,0.786,0.502,0.827,-0.034,0.744,-0.576,0.391,-0.437,0.546,0.751,-0.004,-0.767,-0.597,0.615,-0.32,0.744,-0.457,-0.385,0.203,0.837,0.626,-0.451,-0.663,0.174,0.68,0.727,0.597,-0.603,0.567,0.755,0.818,-0.725,0.123,0.664,0.732,-0.203,-0.772,0.647,0.016,0.085,-0.686,-0.548,-0.174,0.728,-0.601,-0.708,0.808,-0.674,0.709,0.778
AEP,0.188,-0.016,0.014,-0.139,-0.241,-0.326,1.0,0.502,0.155,0.026,-0.218,-0.106,0.547,0.128,0.346,-0.182,0.278,0.012,-0.398,0.118,-0.076,-0.323,0.324,0.422,0.232,-0.224,-0.37,-0.146,-0.245,-0.058,0.089,0.425,-0.445,0.509,0.002,0.1,0.148,0.605,0.303,-0.019,0.675,0.149,-0.162,-0.13,0.775,0.161,0.278,0.484,0.296,0.661,-0.3,0.251,0.767,-0.15,0.43,-0.395,-0.079,0.035,-0.116,0.295,0.743,-0.069,0.835,0.425,0.373,0.494,0.027,0.456,-0.121,-0.382,0.448,-0.013,0.57,-0.044,0.757,-0.019,-0.009,0.406,0.314,0.289,0.433,0.09,0.303,-0.044,0.473,0.186,-0.095,0.167,0.525,-0.014,0.343,0.598,0.347,-0.274,0.744,0.541,0.24,-0.28,0.533,0.063,0.264,0.173,-0.25,0.299,0.799,0.587,-0.071,-0.061,-0.204,0.403,0.054,-0.08,-0.098,0.323,0.024,0.102,-0.212,-0.146,0.719,-0.361,-0.179,0.062,0.045,-0.173,-0.172,-0.096,0.532,0.475,0.256,-0.16,-0.257,-0.264,0.114,0.384,0.173,0.374,-0.075,0.526,0.589,-0.23,0.325,0.756,0.034,0.451,-0.036,-0.102,-0.205,-0.009,0.343,-0.053,-0.232,0.244,-0.112,0.453,-0.045,0.29,0.067,0.29,-0.566,0.112,0.577,0.476,0.448,0.015,0.07,-0.477,0.421,0.273,0.407,-0.118,0.017,0.644,0.263,0.389,0.077,-0.069,0.007,0.157,0.138,-0.008,-0.025,0.405,0.531,0.097,-0.106,0.535,0.416,0.104,-0.103,0.145,0.484,0.143,0.776,-0.186,0.314,0.328,-0.114,0.369,-0.204,-0.17
AGNC,0.273,0.176,0.442,0.151,0.19,0.067,0.502,1.0,0.309,0.304,0.168,0.229,0.535,0.291,0.175,0.033,0.179,0.237,0.049,0.36,0.255,0.089,0.382,0.397,0.552,0.165,-0.117,0.2,0.204,0.326,0.18,0.263,-0.135,0.459,0.262,0.035,0.408,0.328,0.322,0.302,0.343,0.212,0.197,0.199,0.535,0.34,0.505,0.357,0.179,0.424,0.095,0.221,0.418,0.157,0.546,-0.001,0.041,0.267,0.23,0.453,0.512,0.109,0.554,0.492,0.312,0.18,0.349,0.345,0.179,0.034,0.114,0.273,0.502,0.276,0.474,0.228,0.41,0.234,0.127,0.138,0.385,-0.072,0.3,0.145,0.355,0.457,0.358,0.384,0.636,0.247,0.12,0.346,0.402,-0.022,0.479,0.213,0.401,0.069,0.218,0.201,0.258,0.037,0.134,0.428,0.549,0.434,0.402,-0.161,0.195,0.394,0.102,0.115,0.339,0.276,0.294,0.397,0.07,0.279,0.445,0.056,-0.126,0.361,0.118,0.228,0.234,0.236,0.302,0.26,0.463,-0.076,0.179,0.107,0.176,0.067,0.348,0.148,0.084,0.339,0.456,0.094,0.52,0.407,0.276,0.181,0.24,0.169,0.093,0.192,0.573,0.355,0.115,0.289,0.125,0.657,0.174,0.246,0.45,0.085,-0.343,0.237,0.668,0.158,0.29,0.241,0.269,-0.068,0.494,0.468,0.592,0.123,0.26,0.384,0.162,0.437,0.325,0.326,0.373,0.273,0.418,0.298,0.143,0.297,0.493,0.09,0.24,0.582,0.109,0.34,0.08,0.338,0.046,0.213,0.543,0.098,0.114,0.178,0.204,0.341,0.013,0.116
AKBA,-0.592,0.749,0.782,0.693,0.578,0.732,0.155,0.309,1.0,0.782,0.236,0.719,0.599,0.79,-0.461,0.063,-0.593,0.562,0.476,0.564,0.741,0.474,0.642,-0.337,0.661,0.617,0.543,-0.505,0.635,0.702,0.794,-0.266,0.157,0.511,0.83,-0.645,0.61,-0.415,-0.158,0.694,-0.002,0.75,0.801,0.672,-0.07,0.75,-0.239,0.175,-0.662,-0.036,0.631,-0.402,0.385,0.668,0.55,0.504,0.764,0.746,0.653,0.383,0.293,0.255,0.373,0.137,-0.525,-0.449,0.245,-0.544,0.63,0.624,-0.525,0.785,-0.192,0.616,0.243,0.598,0.686,0.423,0.554,0.586,-0.298,-0.68,-0.544,0.36,-0.437,-0.211,0.003,0.46,0.22,0.755,-0.309,-0.243,-0.538,0.581,-0.107,-0.344,0.582,0.575,-0.385,-0.503,0.567,-0.603,0.686,0.699,0.108,0.414,0.721,-0.628,0.551,0.731,0.774,0.761,0.585,0.684,0.754,0.743,-0.136,0.667,0.196,0.471,0.453,0.781,0.834,0.727,0.629,0.799,-0.308,-0.408,0.451,0.239,0.575,0.466,0.719,-0.525,0.841,-0.55,0.751,-0.47,0.234,0.675,-0.043,0.347,0.718,-0.544,0.734,0.781,0.693,0.767,0.647,0.774,0.613,0.573,0.731,0.132,0.661,-0.576,0.396,-0.341,0.295,0.871,0.297,-0.5,-0.417,0.622,-0.368,0.484,-0.38,-0.312,0.358,0.728,0.661,-0.132,-0.625,0.334,0.688,0.582,0.64,-0.613,0.684,0.777,0.839,-0.573,0.459,0.767,0.681,0.035,-0.608,0.737,-0.235,0.094,-0.414,-0.536,0.16,0.681,-0.469,-0.556,0.725,-0.541,0.654,0.685
ALT,-0.453,0.691,0.781,0.691,0.645,0.78,0.026,0.304,0.782,1.0,0.304,0.725,0.521,0.814,-0.622,0.11,-0.492,0.638,0.565,0.616,0.814,0.576,0.59,-0.234,0.547,0.606,0.492,-0.448,0.741,0.758,0.71,-0.213,0.218,0.492,0.751,-0.624,0.654,-0.476,-0.141,0.74,-0.024,0.706,0.758,0.72,-0.154,0.722,-0.267,0.201,-0.585,0.051,0.718,-0.321,0.218,0.771,0.601,0.656,0.645,0.714,0.679,0.489,0.178,0.335,0.261,0.178,-0.426,-0.562,0.424,-0.554,0.641,0.602,-0.628,0.792,-0.114,0.665,0.069,0.753,0.755,0.332,0.505,0.515,-0.106,-0.72,-0.556,0.457,-0.442,-0.061,0.067,0.479,0.217,0.784,-0.41,-0.326,-0.502,0.704,-0.153,-0.264,0.645,0.561,-0.402,-0.521,0.548,-0.6,0.748,0.667,0.116,0.377,0.741,-0.678,0.562,0.676,0.644,0.749,0.711,0.658,0.761,0.718,-0.001,0.737,0.114,0.578,0.635,0.771,0.638,0.734,0.81,0.745,-0.392,-0.483,0.56,0.306,0.714,0.469,0.718,-0.684,0.759,-0.639,0.721,-0.356,0.126,0.64,0.13,0.229,0.665,-0.625,0.771,0.742,0.711,0.69,0.525,0.751,0.701,0.655,0.72,0.232,0.669,-0.565,0.44,-0.358,0.328,0.759,0.284,-0.606,-0.463,0.555,-0.271,0.645,-0.283,-0.177,0.448,0.75,0.65,-0.187,-0.547,0.548,0.747,0.687,0.64,-0.479,0.708,0.7,0.736,-0.504,0.449,0.757,0.67,0.192,-0.579,0.729,-0.157,0.147,-0.58,-0.516,0.196,0.675,-0.63,-0.599,0.704,-0.57,0.626,0.706
AMAT,-0.086,0.498,0.563,0.558,0.635,0.461,-0.218,0.168,0.236,0.304,1.0,0.56,0.126,0.508,-0.366,0.526,-0.276,0.314,0.463,0.422,0.447,0.631,0.096,0.018,0.238,0.605,0.509,0.17,0.535,0.494,0.345,-0.029,0.344,0.093,0.362,-0.238,0.449,-0.207,-0.063,0.373,-0.285,0.456,0.395,0.538,-0.061,0.254,0.182,0.178,-0.102,-0.064,0.497,0.084,-0.253,0.462,0.439,0.501,0.395,0.405,0.608,0.377,0.08,0.565,-0.081,0.032,-0.125,-0.388,0.561,-0.206,0.577,0.515,-0.425,0.483,0.082,0.608,-0.133,0.344,0.536,-0.207,0.283,0.324,-0.138,-0.288,-0.16,0.442,-0.04,0.187,0.414,0.275,0.479,0.408,-0.05,-0.229,-0.207,0.351,-0.267,-0.2,0.198,0.689,-0.374,0.021,0.288,-0.061,0.519,0.282,-0.229,0.216,0.584,-0.121,0.345,0.332,0.265,0.408,0.576,0.388,0.477,0.539,0.693,0.453,-0.073,0.58,0.332,0.362,0.349,0.541,0.45,0.548,-0.295,-0.146,0.37,0.277,0.547,0.712,0.373,-0.378,0.395,-0.331,0.452,-0.335,0.059,0.512,0.285,-0.133,0.597,-0.339,0.419,0.503,0.537,0.369,0.173,0.54,0.539,0.307,0.541,0.166,0.528,-0.046,0.467,0.081,0.357,0.398,0.202,-0.184,-0.108,0.406,0.281,0.441,0.068,0.033,0.265,0.529,0.28,-0.166,-0.065,0.166,0.513,0.64,0.681,-0.004,0.434,0.403,0.298,-0.255,0.033,0.251,0.569,-0.027,-0.365,0.432,0.425,0.348,-0.34,-0.133,-0.111,0.407,-0.243,-0.123,0.556,-0.161,0.432,0.529
AMD,-0.465,0.943,0.856,0.952,0.816,0.752,-0.106,0.229,0.719,0.725,0.56,1.0,0.522,0.877,-0.585,0.497,-0.595,0.729,0.765,0.651,0.896,0.889,0.56,-0.312,0.493,0.785,0.842,-0.174,0.861,0.81,0.811,-0.434,0.418,0.287,0.722,-0.593,0.724,-0.373,-0.266,0.864,-0.192,0.722,0.75,0.936,-0.128,0.671,-0.265,0.111,-0.486,-0.095,0.896,-0.18,0.069,0.824,0.477,0.731,0.808,0.857,0.939,0.412,0.024,0.621,0.222,0.012,-0.508,-0.508,0.61,-0.483,0.876,0.677,-0.667,0.9,-0.126,0.73,-0.005,0.479,0.858,0.246,0.593,0.616,-0.285,-0.67,-0.542,0.336,-0.356,-0.258,0.072,0.332,0.353,0.918,-0.31,-0.283,-0.49,0.752,-0.241,-0.556,0.569,0.859,-0.477,-0.432,0.458,-0.456,0.818,0.739,-0.064,0.388,0.896,-0.494,0.557,0.685,0.64,0.856,0.899,0.792,0.743,0.852,0.376,0.711,0.065,0.865,0.528,0.805,0.779,0.871,0.778,0.938,-0.563,-0.449,0.569,0.462,0.893,0.795,0.716,-0.629,0.86,-0.53,0.794,-0.524,0.186,0.941,0.158,0.191,0.875,-0.583,0.898,0.919,0.934,0.717,0.481,0.859,0.867,0.388,0.842,0.192,0.831,-0.614,0.359,-0.176,0.606,0.803,0.303,-0.499,-0.393,0.535,-0.085,0.786,-0.249,-0.212,0.4,0.763,0.559,-0.253,-0.503,0.201,0.904,0.829,0.875,-0.453,0.804,0.622,0.718,-0.545,0.359,0.744,0.775,0.034,-0.63,0.783,0.098,0.376,-0.453,-0.523,0.009,0.876,-0.547,-0.538,0.894,-0.499,0.799,0.93
AMGN,-0.236,0.554,0.601,0.523,0.406,0.274,0.547,0.535,0.599,0.521,0.126,0.522,1.0,0.674,-0.198,-0.052,-0.239,0.44,0.249,0.459,0.497,0.329,0.731,-0.06,0.633,0.36,0.17,-0.27,0.371,0.49,0.625,-0.043,-0.084,0.569,0.476,-0.402,0.55,0.089,-0.06,0.611,0.346,0.606,0.429,0.462,0.445,0.628,0.052,0.351,-0.188,0.359,0.412,-0.128,0.633,0.426,0.629,0.328,0.529,0.682,0.42,0.461,0.533,0.229,0.722,0.369,-0.134,-0.095,0.38,-0.068,0.414,0.239,-0.179,0.548,0.196,0.463,0.584,0.408,0.597,0.557,0.505,0.506,0.078,-0.446,-0.161,0.112,0.034,-0.027,-0.05,0.447,0.523,0.591,-0.095,0.187,-0.058,0.28,0.426,-0.055,0.616,0.253,-0.018,-0.275,0.386,-0.278,0.36,0.688,0.528,0.656,0.544,-0.52,0.362,0.749,0.455,0.494,0.527,0.682,0.509,0.631,-0.104,0.354,0.579,0.278,0.093,0.61,0.584,0.488,0.442,0.541,0.028,0.017,0.597,0.04,0.399,0.301,0.581,-0.257,0.645,-0.219,0.508,-0.013,0.586,0.457,0.252,0.734,0.505,-0.138,0.584,0.498,0.467,0.477,0.672,0.526,0.397,0.398,0.459,0.578,0.463,-0.28,0.308,-0.097,0.032,0.62,0.596,-0.116,-0.033,0.428,-0.131,0.184,0.053,0.057,0.527,0.444,0.381,0.15,-0.291,0.434,0.603,0.517,0.557,-0.245,0.714,0.473,0.477,-0.115,0.705,0.579,0.378,0.439,-0.191,0.677,-0.176,0.369,-0.123,-0.271,0.661,0.441,-0.241,-0.233,0.511,-0.117,0.364,0.471
AMZN,-0.527,0.877,0.878,0.897,0.743,0.756,0.128,0.291,0.79,0.814,0.508,0.877,0.674,1.0,-0.55,0.29,-0.582,0.679,0.667,0.601,0.874,0.731,0.68,-0.263,0.622,0.763,0.662,-0.346,0.773,0.776,0.81,-0.279,0.278,0.431,0.743,-0.664,0.711,-0.332,-0.289,0.849,-0.055,0.838,0.728,0.889,0.022,0.794,-0.231,0.217,-0.532,0.012,0.833,-0.254,0.292,0.774,0.633,0.706,0.81,0.873,0.809,0.442,0.295,0.507,0.38,0.077,-0.447,-0.452,0.509,-0.495,0.803,0.632,-0.589,0.901,-0.074,0.781,0.182,0.69,0.849,0.373,0.676,0.709,-0.304,-0.697,-0.55,0.493,-0.384,-0.191,0.075,0.494,0.408,0.902,-0.3,-0.207,-0.494,0.701,-0.11,-0.31,0.615,0.743,-0.389,-0.494,0.568,-0.54,0.783,0.797,0.158,0.532,0.855,-0.6,0.552,0.818,0.678,0.833,0.813,0.862,0.808,0.878,0.209,0.669,0.273,0.696,0.581,0.817,0.792,0.824,0.748,0.885,-0.457,-0.376,0.528,0.329,0.825,0.698,0.833,-0.633,0.897,-0.566,0.836,-0.496,0.252,0.83,0.131,0.418,0.838,-0.528,0.897,0.898,0.866,0.783,0.569,0.839,0.811,0.584,0.89,0.309,0.794,-0.518,0.416,-0.231,0.429,0.867,0.354,-0.479,-0.395,0.56,-0.208,0.651,-0.21,-0.232,0.469,0.831,0.528,-0.153,-0.543,0.39,0.885,0.871,0.812,-0.533,0.821,0.674,0.784,-0.555,0.45,0.819,0.73,0.039,-0.612,0.816,0.034,0.319,-0.448,-0.541,0.244,0.795,-0.558,-0.53,0.881,-0.497,0.742,0.875
APA,0.566,-0.544,-0.462,-0.577,-0.595,-0.634,0.346,0.175,-0.461,-0.622,-0.366,-0.585,-0.198,-0.55,1.0,-0.249,0.69,-0.396,-0.558,-0.462,-0.57,-0.656,-0.325,0.458,-0.246,-0.588,-0.557,0.463,-0.643,-0.503,-0.582,0.349,-0.503,-0.231,-0.576,0.72,-0.428,0.66,0.367,-0.619,0.26,-0.59,-0.582,-0.595,0.462,-0.415,0.515,-0.029,0.604,0.216,-0.631,0.296,0.082,-0.669,-0.341,-0.707,-0.627,-0.623,-0.526,-0.303,0.191,-0.402,0.078,0.2,0.649,0.877,-0.372,0.711,-0.566,-0.574,0.647,-0.53,0.399,-0.523,0.188,-0.473,-0.521,0.033,-0.138,-0.158,0.248,0.675,0.763,-0.324,0.575,0.296,0.034,-0.296,0.123,-0.591,0.52,0.555,0.646,-0.676,0.392,0.457,-0.521,-0.487,0.642,0.628,-0.254,0.636,-0.614,-0.368,0.4,-0.007,-0.491,0.532,-0.553,-0.416,-0.429,-0.611,-0.592,-0.376,-0.488,-0.47,-0.056,-0.545,0.289,-0.587,-0.519,-0.494,-0.562,-0.598,-0.666,-0.584,0.585,0.647,-0.354,-0.409,-0.628,-0.503,-0.555,0.737,-0.435,0.822,-0.65,0.533,0.094,-0.628,0.061,0.168,-0.482,0.844,-0.547,-0.55,-0.607,-0.549,-0.259,-0.568,-0.607,-0.453,-0.647,0.034,-0.571,0.63,-0.272,0.377,-0.547,-0.542,0.069,0.607,0.648,-0.438,0.389,-0.687,0.561,0.329,-0.067,-0.64,-0.478,0.504,0.539,-0.208,-0.529,-0.605,-0.467,0.535,-0.543,-0.536,-0.495,0.603,-0.175,-0.608,-0.387,0.085,0.643,-0.532,0.228,-0.21,0.62,0.655,0.153,-0.564,0.704,0.774,-0.556,0.798,-0.678,-0.619
APPS,0.058,0.491,0.269,0.434,0.368,0.222,-0.182,0.033,0.063,0.11,0.526,0.497,-0.052,0.29,-0.249,1.0,-0.061,0.506,0.338,0.347,0.367,0.618,-0.108,0.202,-0.072,0.346,0.529,0.3,0.429,0.347,0.243,0.066,0.235,0.088,0.243,-0.001,0.429,0.123,0.077,0.354,-0.172,0.229,0.199,0.505,0.0,0.026,-0.049,0.201,0.152,0.002,0.377,0.565,-0.199,0.379,0.167,0.193,0.215,0.231,0.561,0.257,-0.14,0.746,0.019,-0.023,-0.002,-0.066,0.652,0.034,0.547,0.181,-0.085,0.405,0.256,0.341,-0.172,-0.1,0.31,-0.273,0.258,0.261,0.126,-0.066,-0.054,0.147,0.103,-0.083,0.188,-0.08,0.324,0.342,0.086,0.093,-0.102,0.282,-0.139,-0.279,0.231,0.486,-0.146,-0.062,0.3,0.195,0.358,0.34,-0.147,0.229,0.432,0.181,0.024,0.201,0.112,0.302,0.476,0.311,0.278,0.316,0.578,0.363,-0.165,0.502,0.378,0.223,0.184,0.277,0.275,0.352,-0.195,0.002,0.283,0.524,0.425,0.647,0.136,-0.028,0.35,-0.017,0.189,-0.1,0.252,0.461,0.534,-0.084,0.504,-0.114,0.319,0.43,0.377,0.127,0.073,0.346,0.423,0.145,0.317,-0.056,0.477,-0.123,0.19,0.325,0.327,0.214,0.313,0.162,0.149,0.092,0.434,0.393,0.088,0.186,0.369,0.231,0.201,-0.07,0.186,0.001,0.464,0.397,0.539,0.063,0.304,0.112,0.129,-0.025,0.056,0.076,0.29,0.097,-0.03,0.236,0.359,0.402,0.143,0.009,-0.215,0.282,0.1,-0.02,0.424,-0.061,0.439,0.436
ARCC,0.694,-0.595,-0.518,-0.611,-0.655,-0.666,0.278,0.179,-0.593,-0.492,-0.276,-0.595,-0.239,-0.582,0.69,-0.061,1.0,-0.355,-0.582,-0.305,-0.618,-0.539,-0.332,0.641,-0.427,-0.751,-0.609,0.337,-0.599,-0.416,-0.655,0.61,-0.413,-0.103,-0.546,0.742,-0.332,0.751,0.618,-0.624,0.32,-0.631,-0.603,-0.589,0.517,-0.552,0.48,0.21,0.715,0.488,-0.66,0.563,0.091,-0.633,-0.251,-0.703,-0.721,-0.656,-0.474,0.068,0.153,-0.218,0.149,0.339,0.665,0.691,-0.137,0.719,-0.533,-0.728,0.67,-0.571,0.58,-0.453,0.141,-0.507,-0.511,-0.126,-0.247,-0.284,0.631,0.574,0.692,-0.276,0.668,0.331,0.012,-0.332,0.181,-0.634,0.589,0.669,0.712,-0.63,0.514,0.572,-0.356,-0.6,0.676,0.492,-0.038,0.726,-0.578,-0.351,0.383,0.018,-0.516,0.508,-0.706,-0.412,-0.489,-0.687,-0.505,-0.359,-0.432,-0.578,-0.019,-0.43,0.234,-0.586,-0.347,-0.507,-0.688,-0.627,-0.602,-0.644,0.649,0.689,-0.061,-0.169,-0.644,-0.483,-0.554,0.645,-0.519,0.717,-0.758,0.808,0.249,-0.661,0.374,0.093,-0.531,0.741,-0.556,-0.606,-0.647,-0.662,-0.29,-0.649,-0.588,-0.228,-0.751,0.161,-0.537,0.574,-0.185,0.554,-0.548,-0.679,0.256,0.622,0.742,-0.313,0.481,-0.615,0.651,0.476,0.127,-0.69,-0.266,0.633,0.63,0.034,-0.46,-0.542,-0.394,0.704,-0.517,-0.51,-0.594,0.754,0.015,-0.679,-0.415,0.357,0.786,-0.581,0.224,0.104,0.638,0.655,0.181,-0.713,0.75,0.733,-0.596,0.683,-0.673,-0.714
ARDX,-0.285,0.702,0.63,0.696,0.515,0.581,0.012,0.237,0.562,0.638,0.314,0.729,0.44,0.679,-0.396,0.506,-0.355,1.0,0.536,0.578,0.708,0.66,0.277,-0.06,0.375,0.56,0.565,-0.204,0.716,0.712,0.559,-0.056,0.076,0.464,0.622,-0.405,0.763,-0.176,0.02,0.7,0.094,0.629,0.625,0.703,0.059,0.555,-0.265,0.3,-0.321,0.148,0.689,0.01,0.166,0.607,0.435,0.464,0.492,0.587,0.711,0.532,0.111,0.445,0.346,0.185,-0.253,-0.216,0.482,-0.33,0.783,0.418,-0.382,0.776,0.03,0.589,0.106,0.348,0.711,0.253,0.576,0.619,0.076,-0.468,-0.373,0.209,-0.137,-0.131,-0.003,0.103,0.262,0.707,-0.197,0.015,-0.348,0.542,-0.063,-0.409,0.588,0.531,-0.13,-0.462,0.549,-0.306,0.656,0.711,0.17,0.519,0.637,-0.452,0.275,0.506,0.617,0.563,0.737,0.638,0.646,0.692,0.066,0.689,0.105,0.568,0.515,0.721,0.506,0.557,0.627,0.626,-0.263,-0.135,0.52,0.47,0.657,0.574,0.635,-0.38,0.74,-0.262,0.531,-0.251,0.33,0.706,0.308,0.325,0.674,-0.414,0.708,0.714,0.686,0.596,0.35,0.654,0.627,0.506,0.626,0.058,0.705,-0.41,0.307,-0.206,0.415,0.596,0.382,-0.252,-0.233,0.499,-0.028,0.556,-0.154,-0.018,0.579,0.67,0.59,-0.192,-0.274,0.281,0.717,0.617,0.629,-0.336,0.585,0.567,0.65,-0.24,0.494,0.568,0.495,0.226,-0.352,0.578,-0.034,0.22,-0.259,-0.333,0.116,0.638,-0.286,-0.466,0.748,-0.323,0.568,0.614
ATER,-0.462,0.688,0.666,0.786,0.741,0.722,-0.398,0.049,0.476,0.565,0.463,0.765,0.249,0.667,-0.558,0.338,-0.582,0.536,1.0,0.427,0.739,0.796,0.401,-0.352,0.386,0.725,0.722,-0.069,0.782,0.63,0.539,-0.527,0.637,0.015,0.569,-0.571,0.491,-0.583,-0.448,0.721,-0.374,0.465,0.657,0.798,-0.399,0.536,-0.292,-0.226,-0.526,-0.444,0.837,-0.279,-0.309,0.696,0.147,0.751,0.642,0.656,0.702,0.122,-0.214,0.379,-0.188,-0.146,-0.526,-0.586,0.428,-0.58,0.734,0.608,-0.761,0.706,-0.422,0.622,-0.336,0.506,0.678,0.183,0.315,0.353,-0.442,-0.54,-0.542,0.465,-0.492,-0.306,0.179,0.24,0.049,0.759,-0.391,-0.509,-0.481,0.749,-0.418,-0.528,0.351,0.763,-0.628,-0.39,0.222,-0.53,0.721,0.441,-0.346,0.05,0.72,-0.437,0.523,0.343,0.466,0.607,0.727,0.459,0.518,0.644,0.351,0.594,-0.145,0.774,0.481,0.618,0.545,0.774,0.648,0.71,-0.659,-0.565,0.322,0.256,0.843,0.692,0.564,-0.719,0.6,-0.595,0.655,-0.643,-0.159,0.805,-0.036,-0.066,0.606,-0.625,0.705,0.723,0.729,0.622,0.217,0.677,0.764,0.242,0.698,0.052,0.623,-0.543,0.26,-0.395,0.709,0.587,-0.089,-0.639,-0.553,0.376,-0.162,0.807,-0.392,-0.331,0.09,0.668,0.407,-0.434,-0.586,-0.024,0.693,0.684,0.622,-0.442,0.57,0.453,0.553,-0.584,0.098,0.511,0.534,-0.246,-0.665,0.581,0.218,0.211,-0.647,-0.479,-0.161,0.756,-0.613,-0.6,0.736,-0.517,0.641,0.77
ATOS,-0.31,0.589,0.648,0.587,0.585,0.462,0.118,0.36,0.564,0.616,0.422,0.651,0.459,0.601,-0.462,0.347,-0.305,0.578,0.427,1.0,0.562,0.499,0.573,0.123,0.364,0.472,0.45,-0.185,0.711,0.797,0.601,0.109,0.314,0.586,0.601,-0.465,0.728,-0.138,0.2,0.639,0.17,0.627,0.593,0.593,0.162,0.502,0.017,0.436,-0.268,0.217,0.495,0.086,0.188,0.625,0.601,0.409,0.473,0.559,0.675,0.697,0.237,0.482,0.388,0.236,-0.171,-0.395,0.481,-0.275,0.701,0.463,-0.456,0.671,0.183,0.615,0.255,0.35,0.656,0.132,0.412,0.428,0.109,-0.577,-0.428,0.232,-0.018,-0.006,0.08,0.447,0.544,0.618,-0.031,-0.037,-0.331,0.541,0.155,-0.244,0.648,0.482,-0.315,-0.413,0.629,-0.308,0.603,0.687,0.107,0.531,0.64,-0.569,0.44,0.648,0.547,0.615,0.71,0.665,0.654,0.624,0.144,0.622,0.191,0.543,0.382,0.726,0.567,0.556,0.543,0.613,-0.174,-0.155,0.625,0.387,0.567,0.473,0.545,-0.403,0.659,-0.415,0.524,-0.168,0.419,0.581,0.319,0.256,0.668,-0.418,0.628,0.599,0.6,0.577,0.639,0.62,0.52,0.586,0.513,0.351,0.733,-0.391,0.508,-0.004,0.195,0.576,0.457,-0.169,-0.154,0.593,0.083,0.431,-0.065,-0.061,0.619,0.603,0.67,0.134,-0.375,0.514,0.737,0.567,0.701,-0.305,0.68,0.614,0.561,-0.121,0.547,0.534,0.674,0.406,-0.308,0.712,-0.062,0.299,-0.343,-0.373,0.156,0.543,-0.303,-0.41,0.663,-0.341,0.53,0.569
AUPH,-0.456,0.859,0.885,0.874,0.75,0.827,-0.076,0.255,0.741,0.814,0.447,0.896,0.497,0.874,-0.57,0.367,-0.618,0.708,0.739,0.562,1.0,0.787,0.521,-0.318,0.554,0.787,0.781,-0.254,0.792,0.734,0.766,-0.42,0.349,0.279,0.723,-0.609,0.667,-0.499,-0.363,0.866,-0.22,0.748,0.766,0.908,-0.22,0.752,-0.321,0.013,-0.553,-0.145,0.865,-0.275,0.077,0.822,0.519,0.705,0.818,0.806,0.829,0.348,0.084,0.482,0.18,-0.031,-0.486,-0.538,0.531,-0.543,0.803,0.677,-0.677,0.892,-0.211,0.723,-0.041,0.632,0.784,0.266,0.519,0.543,-0.327,-0.686,-0.559,0.493,-0.449,-0.182,0.123,0.387,0.214,0.889,-0.444,-0.406,-0.52,0.739,-0.322,-0.432,0.538,0.797,-0.49,-0.443,0.479,-0.546,0.809,0.696,-0.057,0.297,0.863,-0.514,0.615,0.663,0.619,0.862,0.792,0.689,0.779,0.802,0.22,0.72,0.009,0.742,0.627,0.768,0.74,0.873,0.775,0.899,-0.559,-0.547,0.47,0.356,0.852,0.699,0.732,-0.631,0.863,-0.542,0.803,-0.569,0.112,0.833,0.107,0.143,0.797,-0.625,0.824,0.88,0.849,0.781,0.465,0.878,0.818,0.474,0.845,0.08,0.739,-0.564,0.399,-0.296,0.523,0.829,0.25,-0.596,-0.499,0.503,-0.183,0.735,-0.309,-0.238,0.331,0.807,0.524,-0.32,-0.522,0.238,0.841,0.796,0.744,-0.465,0.773,0.606,0.74,-0.632,0.317,0.749,0.713,-0.008,-0.661,0.772,0.03,0.199,-0.512,-0.543,0.023,0.849,-0.616,-0.586,0.826,-0.521,0.716,0.889
AVGO,-0.387,0.827,0.692,0.864,0.799,0.677,-0.323,0.089,0.474,0.576,0.631,0.889,0.329,0.731,-0.656,0.618,-0.539,0.66,0.796,0.499,0.787,1.0,0.356,-0.311,0.305,0.73,0.833,-0.04,0.788,0.666,0.652,-0.413,0.499,0.083,0.573,-0.517,0.595,-0.411,-0.355,0.804,-0.339,0.589,0.617,0.855,-0.228,0.541,-0.306,0.019,-0.419,-0.23,0.877,-0.099,-0.156,0.773,0.335,0.736,0.692,0.734,0.845,0.326,-0.14,0.648,0.008,-0.043,-0.482,-0.55,0.67,-0.463,0.807,0.6,-0.622,0.753,-0.224,0.665,-0.204,0.4,0.738,0.074,0.447,0.475,-0.255,-0.587,-0.525,0.336,-0.395,-0.26,0.102,0.197,0.254,0.788,-0.383,-0.326,-0.443,0.717,-0.355,-0.561,0.481,0.828,-0.507,-0.415,0.305,-0.39,0.747,0.606,-0.229,0.232,0.776,-0.379,0.534,0.481,0.465,0.72,0.828,0.609,0.573,0.73,0.48,0.649,-0.07,0.84,0.517,0.637,0.611,0.805,0.745,0.818,-0.617,-0.447,0.53,0.452,0.862,0.853,0.568,-0.612,0.67,-0.548,0.653,-0.516,0.065,0.888,0.19,0.007,0.715,-0.585,0.767,0.788,0.824,0.58,0.265,0.751,0.806,0.29,0.761,0.111,0.7,-0.533,0.305,-0.204,0.729,0.628,0.181,-0.479,-0.429,0.403,-0.065,0.826,-0.281,-0.151,0.29,0.661,0.434,-0.355,-0.408,0.046,0.784,0.807,0.797,-0.341,0.654,0.5,0.546,-0.534,0.203,0.572,0.59,-0.048,-0.569,0.648,0.201,0.453,-0.473,-0.489,-0.06,0.774,-0.484,-0.562,0.788,-0.484,0.769,0.837
AZN,-0.448,0.559,0.646,0.584,0.476,0.389,0.324,0.382,0.642,0.59,0.096,0.56,0.731,0.68,-0.325,-0.108,-0.332,0.277,0.401,0.573,0.521,0.356,1.0,-0.16,0.597,0.401,0.292,-0.295,0.477,0.592,0.64,-0.169,0.24,0.416,0.551,-0.515,0.448,-0.131,-0.23,0.676,0.163,0.578,0.495,0.531,0.166,0.684,-0.127,0.165,-0.472,0.128,0.502,-0.262,0.495,0.486,0.411,0.48,0.597,0.716,0.505,0.282,0.405,0.157,0.494,0.183,-0.36,-0.273,0.286,-0.302,0.446,0.351,-0.333,0.565,0.027,0.479,0.399,0.522,0.618,0.522,0.428,0.432,-0.186,-0.578,-0.443,0.276,-0.21,-0.192,-0.034,0.583,0.408,0.647,-0.202,-0.032,-0.28,0.466,0.238,-0.107,0.616,0.399,-0.224,-0.404,0.444,-0.502,0.455,0.663,0.312,0.427,0.598,-0.596,0.545,0.674,0.478,0.587,0.578,0.679,0.558,0.555,-0.027,0.399,0.472,0.386,0.253,0.65,0.651,0.563,0.518,0.599,-0.217,-0.226,0.464,0.039,0.525,0.307,0.562,-0.429,0.634,-0.462,0.607,-0.229,0.37,0.524,-0.025,0.529,0.468,-0.295,0.675,0.568,0.587,0.516,0.652,0.517,0.531,0.427,0.564,0.584,0.475,-0.457,0.304,-0.224,0.142,0.586,0.302,-0.31,-0.248,0.383,-0.225,0.357,-0.075,-0.166,0.382,0.457,0.397,0.094,-0.566,0.408,0.676,0.519,0.601,-0.47,0.676,0.466,0.542,-0.299,0.554,0.673,0.501,0.126,-0.363,0.642,-0.098,0.317,-0.353,-0.469,0.433,0.598,-0.436,-0.434,0.545,-0.362,0.561,0.546
BCRX,0.665,-0.351,-0.2,-0.402,-0.318,-0.427,0.422,0.397,-0.337,-0.234,0.018,-0.312,-0.06,-0.263,0.458,0.202,0.641,-0.06,-0.352,0.123,-0.318,-0.311,-0.16,1.0,-0.13,-0.293,-0.442,0.341,-0.226,-0.063,-0.443,0.759,-0.252,0.249,-0.278,0.516,0.107,0.665,0.519,-0.294,0.481,-0.272,-0.348,-0.281,0.556,-0.272,0.645,0.317,0.651,0.464,-0.446,0.689,0.133,-0.301,0.133,-0.45,-0.548,-0.395,-0.162,0.273,0.309,0.004,0.305,0.355,0.744,0.525,0.114,0.623,-0.155,-0.447,0.5,-0.284,0.807,-0.074,0.19,-0.212,-0.216,-0.191,-0.149,-0.143,0.673,0.476,0.548,0.063,0.679,0.592,0.365,0.131,0.499,-0.32,0.531,0.559,0.641,-0.371,0.59,0.577,0.037,-0.312,0.497,0.428,0.148,0.539,-0.36,-0.05,0.394,0.2,-0.161,0.324,-0.469,-0.11,-0.297,-0.431,-0.143,-0.098,-0.2,-0.239,0.118,-0.138,0.259,-0.346,-0.195,-0.139,-0.468,-0.419,-0.334,-0.357,0.582,0.603,0.092,-0.115,-0.32,-0.226,-0.32,0.401,-0.212,0.496,-0.409,0.708,0.346,-0.402,0.623,0.168,-0.175,0.566,-0.317,-0.315,-0.393,-0.399,0.023,-0.212,-0.29,0.125,-0.379,0.316,-0.182,0.662,0.302,0.436,-0.575,-0.359,0.455,0.641,0.686,-0.241,0.674,-0.467,0.625,0.586,0.451,-0.296,-0.068,0.52,0.588,0.329,-0.099,-0.197,-0.112,0.615,-0.219,-0.283,-0.384,0.754,0.237,-0.413,-0.191,0.513,0.683,-0.226,0.195,0.14,0.427,0.634,0.276,-0.43,0.575,0.531,-0.281,0.626,-0.454,-0.365
BGC,-0.307,0.481,0.709,0.472,0.515,0.455,0.232,0.552,0.661,0.547,0.238,0.493,0.633,0.622,-0.246,-0.072,-0.427,0.375,0.386,0.364,0.554,0.305,0.597,-0.13,1.0,0.596,0.223,-0.206,0.435,0.495,0.473,-0.153,0.108,0.435,0.528,-0.41,0.442,-0.233,-0.243,0.596,0.067,0.613,0.564,0.497,0.034,0.734,0.101,0.043,-0.393,0.027,0.445,-0.287,0.375,0.457,0.479,0.461,0.606,0.676,0.396,0.226,0.416,0.12,0.382,0.161,-0.193,-0.316,0.31,-0.232,0.393,0.488,-0.353,0.525,0.023,0.552,0.25,0.64,0.584,0.368,0.262,0.3,-0.215,-0.452,-0.219,0.409,-0.171,0.173,0.242,0.599,0.321,0.594,-0.287,-0.137,-0.173,0.383,0.055,-0.138,0.553,0.42,-0.278,-0.159,0.302,-0.384,0.49,0.541,0.214,0.282,0.627,-0.541,0.542,0.524,0.431,0.495,0.545,0.474,0.555,0.618,-0.041,0.441,0.258,0.285,0.206,0.616,0.627,0.567,0.51,0.598,-0.139,-0.251,0.327,-0.02,0.523,0.345,0.472,-0.407,0.594,-0.408,0.591,-0.285,0.181,0.509,0.075,0.322,0.483,-0.354,0.543,0.536,0.5,0.549,0.602,0.669,0.496,0.426,0.549,0.373,0.374,-0.184,0.472,-0.353,0.053,0.637,0.346,-0.308,-0.3,0.314,-0.163,0.261,-0.007,-0.036,0.325,0.539,0.32,-0.175,-0.39,0.441,0.474,0.556,0.512,-0.32,0.698,0.53,0.504,-0.323,0.462,0.514,0.388,0.094,-0.429,0.637,-0.036,0.152,-0.377,-0.252,0.347,0.517,-0.366,-0.346,0.537,-0.226,0.424,0.48
BIDU,-0.374,0.753,0.802,0.788,0.792,0.744,-0.224,0.165,0.617,0.606,0.605,0.785,0.36,0.763,-0.588,0.346,-0.751,0.56,0.725,0.472,0.787,0.73,0.401,-0.293,0.596,1.0,0.703,-0.158,0.76,0.663,0.619,-0.371,0.452,0.245,0.655,-0.534,0.61,-0.548,-0.441,0.714,-0.341,0.724,0.681,0.793,-0.329,0.587,-0.149,-0.042,-0.526,-0.261,0.776,-0.288,-0.078,0.703,0.425,0.752,0.74,0.746,0.758,0.218,-0.036,0.451,-0.026,-0.196,-0.49,-0.573,0.455,-0.539,0.717,0.765,-0.639,0.776,-0.192,0.673,-0.12,0.623,0.755,0.055,0.326,0.372,-0.433,-0.447,-0.528,0.514,-0.481,-0.034,0.393,0.496,0.192,0.748,-0.452,-0.455,-0.467,0.651,-0.405,-0.489,0.444,0.786,-0.573,-0.249,0.284,-0.511,0.73,0.511,-0.263,0.141,0.824,-0.413,0.613,0.487,0.543,0.75,0.772,0.53,0.637,0.752,0.322,0.601,-0.139,0.722,0.434,0.643,0.688,0.78,0.667,0.804,-0.612,-0.472,0.327,0.272,0.811,0.753,0.668,-0.655,0.689,-0.594,0.852,-0.648,-0.015,0.782,0.027,-0.041,0.761,-0.598,0.718,0.805,0.814,0.714,0.361,0.832,0.825,0.411,0.891,0.071,0.71,-0.37,0.526,-0.383,0.541,0.712,0.08,-0.545,-0.501,0.434,-0.084,0.667,-0.328,-0.167,0.21,0.788,0.366,-0.507,-0.426,0.133,0.694,0.799,0.708,-0.408,0.665,0.616,0.648,-0.613,0.18,0.699,0.634,-0.213,-0.639,0.678,0.024,0.147,-0.599,-0.392,-0.11,0.814,-0.657,-0.517,0.78,-0.467,0.685,0.833
BILI,-0.504,0.825,0.629,0.834,0.693,0.678,-0.37,-0.117,0.543,0.492,0.509,0.842,0.17,0.662,-0.557,0.529,-0.609,0.565,0.722,0.45,0.781,0.833,0.292,-0.442,0.223,0.703,1.0,-0.141,0.696,0.56,0.62,-0.539,0.517,-0.018,0.506,-0.491,0.438,-0.48,-0.391,0.664,-0.417,0.552,0.567,0.789,-0.361,0.412,-0.415,-0.143,-0.537,-0.381,0.772,-0.241,-0.206,0.704,0.159,0.625,0.719,0.629,0.793,0.159,-0.263,0.503,-0.072,-0.289,-0.594,-0.548,0.397,-0.568,0.726,0.582,-0.685,0.727,-0.379,0.518,-0.241,0.311,0.586,0.112,0.449,0.471,-0.502,-0.532,-0.587,0.286,-0.487,-0.451,-0.003,0.075,0.052,0.735,-0.367,-0.43,-0.587,0.726,-0.488,-0.614,0.246,0.87,-0.575,-0.411,0.285,-0.427,0.689,0.451,-0.399,0.093,0.671,-0.305,0.431,0.404,0.515,0.735,0.661,0.559,0.529,0.618,0.358,0.515,-0.183,0.782,0.54,0.537,0.683,0.797,0.576,0.826,-0.699,-0.561,0.234,0.406,0.74,0.737,0.541,-0.549,0.641,-0.504,0.668,-0.644,-0.062,0.867,-0.113,-0.098,0.674,-0.591,0.697,0.784,0.83,0.644,0.157,0.712,0.729,0.171,0.722,-0.184,0.639,-0.615,0.14,-0.206,0.751,0.63,-0.004,-0.552,-0.511,0.369,-0.176,0.789,-0.454,-0.381,0.019,0.613,0.345,-0.34,-0.51,-0.115,0.678,0.613,0.675,-0.474,0.503,0.42,0.596,-0.648,0.071,0.592,0.628,-0.308,-0.618,0.545,0.089,0.208,-0.41,-0.568,-0.327,0.773,-0.497,-0.523,0.734,-0.559,0.692,0.801
BKR,0.55,-0.259,-0.206,-0.218,-0.074,-0.359,-0.146,0.2,-0.505,-0.448,0.17,-0.174,-0.27,-0.346,0.463,0.3,0.337,-0.204,-0.069,-0.185,-0.254,-0.04,-0.295,0.341,-0.206,-0.158,-0.141,1.0,-0.232,-0.282,-0.307,0.047,-0.017,-0.401,-0.41,0.544,-0.283,0.367,0.105,-0.215,-0.12,-0.438,-0.37,-0.198,0.082,-0.376,0.484,-0.08,0.598,-0.11,-0.192,0.476,-0.34,-0.254,-0.276,-0.172,-0.375,-0.254,-0.117,-0.263,-0.196,0.135,-0.253,0.055,0.444,0.371,0.244,0.601,-0.154,-0.159,0.353,-0.294,0.323,-0.26,-0.188,-0.398,-0.238,-0.384,-0.257,-0.265,0.157,0.514,0.59,-0.116,0.473,0.331,0.374,-0.173,0.249,-0.313,0.169,0.157,0.48,-0.321,0.031,0.077,-0.236,-0.015,0.188,0.645,-0.378,0.537,-0.227,-0.317,-0.045,-0.162,-0.103,0.592,-0.089,-0.357,-0.537,-0.299,-0.112,-0.326,-0.377,-0.208,0.542,-0.27,-0.12,0.055,-0.282,-0.363,-0.42,-0.231,-0.219,-0.247,0.182,0.307,-0.164,-0.102,-0.093,0.018,-0.482,0.44,-0.357,0.452,-0.389,0.217,-0.057,-0.237,0.315,-0.22,-0.21,0.428,-0.317,-0.3,-0.242,-0.435,-0.191,-0.194,-0.159,-0.458,-0.304,0.207,-0.299,0.424,-0.037,0.346,-0.158,-0.398,0.019,0.396,0.431,-0.432,0.634,-0.149,0.537,0.418,-0.013,-0.428,-0.391,0.132,0.551,-0.226,-0.232,-0.167,-0.02,0.593,-0.182,-0.463,-0.489,0.4,-0.379,-0.475,-0.131,0.06,0.266,-0.265,0.528,0.183,0.302,0.544,-0.173,-0.19,0.369,0.538,-0.28,0.627,-0.162,-0.184
BLDP,-0.523,0.793,0.766,0.835,0.828,0.823,-0.245,0.204,0.635,0.741,0.535,0.861,0.371,0.773,-0.643,0.429,-0.599,0.716,0.782,0.711,0.792,0.788,0.477,-0.226,0.435,0.76,0.696,-0.232,1.0,0.881,0.676,-0.284,0.502,0.402,0.745,-0.698,0.792,-0.468,-0.159,0.798,-0.159,0.646,0.776,0.867,-0.197,0.643,-0.265,0.101,-0.567,-0.12,0.872,-0.202,-0.074,0.814,0.456,0.771,0.645,0.739,0.84,0.439,0.007,0.516,0.054,0.03,-0.438,-0.567,0.49,-0.594,0.866,0.69,-0.723,0.865,-0.185,0.763,-0.117,0.566,0.883,0.207,0.445,0.484,-0.233,-0.704,-0.582,0.38,-0.409,-0.185,0.127,0.37,0.249,0.864,-0.303,-0.35,-0.536,0.774,-0.26,-0.503,0.55,0.745,-0.504,-0.52,0.474,-0.568,0.819,0.709,-0.113,0.319,0.81,-0.615,0.532,0.569,0.637,0.715,0.897,0.631,0.744,0.794,0.303,0.806,-0.033,0.798,0.489,0.829,0.646,0.775,0.796,0.788,-0.506,-0.458,0.478,0.419,0.87,0.73,0.663,-0.728,0.782,-0.612,0.73,-0.532,0.107,0.854,0.091,0.084,0.815,-0.678,0.85,0.833,0.84,0.701,0.435,0.781,0.793,0.484,0.793,0.198,0.885,-0.54,0.421,-0.333,0.596,0.706,0.187,-0.556,-0.451,0.588,-0.11,0.812,-0.328,-0.159,0.423,0.83,0.627,-0.314,-0.586,0.294,0.847,0.804,0.745,-0.542,0.691,0.704,0.702,-0.46,0.332,0.614,0.719,0.034,-0.613,0.751,0.052,0.286,-0.629,-0.515,-0.047,0.77,-0.57,-0.674,0.899,-0.568,0.718,0.838
BLNK,-0.414,0.743,0.834,0.777,0.732,0.741,-0.058,0.326,0.702,0.758,0.494,0.81,0.49,0.776,-0.503,0.347,-0.416,0.712,0.63,0.797,0.734,0.666,0.592,-0.063,0.495,0.663,0.56,-0.282,0.881,1.0,0.668,-0.06,0.321,0.542,0.813,-0.546,0.863,-0.349,0.045,0.743,0.002,0.689,0.839,0.811,0.029,0.7,-0.063,0.323,-0.507,0.093,0.782,-0.165,0.106,0.716,0.572,0.596,0.612,0.679,0.837,0.631,0.264,0.47,0.24,0.302,-0.311,-0.442,0.509,-0.515,0.827,0.689,-0.597,0.848,0.02,0.798,0.13,0.536,0.87,0.232,0.471,0.516,-0.095,-0.65,-0.512,0.455,-0.262,-0.009,0.191,0.539,0.425,0.781,-0.113,-0.166,-0.402,0.647,-0.084,-0.355,0.661,0.606,-0.402,-0.44,0.701,-0.411,0.779,0.781,0.091,0.456,0.818,-0.622,0.469,0.642,0.759,0.696,0.844,0.712,0.869,0.792,0.162,0.854,0.2,0.635,0.536,0.917,0.631,0.666,0.742,0.74,-0.305,-0.219,0.624,0.372,0.748,0.651,0.694,-0.636,0.823,-0.515,0.718,-0.382,0.323,0.77,0.232,0.227,0.821,-0.504,0.841,0.848,0.796,0.647,0.591,0.701,0.772,0.664,0.738,0.293,0.863,-0.479,0.597,-0.195,0.4,0.699,0.398,-0.407,-0.246,0.686,0.018,0.612,-0.166,-0.125,0.653,0.811,0.777,-0.127,-0.529,0.485,0.87,0.765,0.807,-0.457,0.731,0.784,0.788,-0.353,0.487,0.656,0.814,0.217,-0.482,0.757,0.039,0.338,-0.542,-0.394,0.096,0.713,-0.421,-0.558,0.873,-0.463,0.652,0.759
BYND,-0.605,0.839,0.725,0.783,0.713,0.667,0.089,0.18,0.794,0.71,0.345,0.811,0.625,0.81,-0.582,0.243,-0.655,0.559,0.539,0.601,0.766,0.652,0.64,-0.443,0.473,0.619,0.62,-0.307,0.676,0.668,1.0,-0.387,0.299,0.381,0.759,-0.716,0.591,-0.402,-0.254,0.782,-0.092,0.765,0.768,0.763,-0.086,0.714,-0.33,0.191,-0.493,-0.043,0.743,-0.249,0.333,0.771,0.614,0.619,0.824,0.847,0.721,0.325,0.182,0.573,0.317,0.078,-0.553,-0.504,0.494,-0.489,0.726,0.66,-0.495,0.795,-0.197,0.617,0.221,0.465,0.713,0.374,0.599,0.61,-0.273,-0.705,-0.573,0.236,-0.403,-0.312,-0.114,0.34,0.319,0.795,-0.305,-0.243,-0.608,0.634,-0.147,-0.505,0.646,0.652,-0.408,-0.574,0.46,-0.562,0.719,0.724,0.05,0.471,0.733,-0.568,0.65,0.808,0.712,0.874,0.701,0.787,0.726,0.761,0.116,0.648,0.155,0.656,0.482,0.738,0.835,0.74,0.732,0.806,-0.353,-0.43,0.558,0.447,0.71,0.627,0.752,-0.505,0.821,-0.572,0.754,-0.521,0.311,0.729,0.051,0.34,0.807,-0.595,0.789,0.791,0.756,0.7,0.651,0.719,0.684,0.4,0.787,0.207,0.721,-0.689,0.321,-0.128,0.46,0.883,0.244,-0.405,-0.437,0.606,-0.341,0.591,-0.332,-0.319,0.366,0.715,0.585,-0.177,-0.548,0.231,0.755,0.682,0.733,-0.574,0.814,0.67,0.748,-0.62,0.344,0.822,0.707,0.11,-0.651,0.829,-0.078,0.313,-0.343,-0.641,0.152,0.756,-0.479,-0.538,0.758,-0.556,0.835,0.825
