,AAL,AAPL,ABUS,ADBE,ADI,ADMA,AEP,AGNC,AKBA,ALT,AMAT,AMD,AMGN,AMZN,APA,APPS,ARCC,ARDX,ATER,ATOS,AUPH,AVGO,AZN,BCRX,BGC,BIDU,BILI,BKR,BLDP,BLNK,BYND,CAN,CELH,CG,CGC,CHRD,CLNE,CMCSA,COMM,COST,CPB,CPRT,CRON,CRWD,CSCO,CSGP,CSX,CTSH,CZR,DBX,DDOG,DKNG,DLTR,DOCU,DVAX,DXCM,EA,EBAY,ENPH,ERIC,ESPR,ETSY,EXC,EXEL,EXPE,FANG,FAST,FITB,FLEX,FOLD,FOXA,FSLR,FTNT,FUTU,GEN,GERN,GEVO,GILD,GOOG,GOOGL,GPRO,GT,HBAN,HIVE,HON,HST,HUT,IBRX,INTC,IOVA,IQ,IRWD,JBLU,JD,KDP,KHC,LBTYK,LRCX,LYFT,MAR,MARA,MAT,MCHP,MCRB,MDLZ,META,MGNI,MLCO,MNKD,MNST,MOMO,MRNA,MRVL,MSFT,MSTR,MTCH,MU,MVIS,NDAQ,NFLX,NKTR,NNDM,NTES,NTNX,NVAX,NVDA,NWL,NWSA,NXPI,OCGN,OKTA,ON,OPK,PAA,PACB,PAGP,PANW,PARA,PCAR,PDD,PENN,PEP,PLUG,PTEN,PTON,PYPL,QCOM,QUBT,QVCGA,RDFN,REAL,RIOT,ROKU,ROST,RUN,SABR,SAVA,SBUX,SFIX,SGMO,SIRI,SLM,SMCI,SNDL,SONO,STNE,STX,TCOM,TGTX,TIGR,TLRY,TMUS,TRIP,TSCO,TSLA,TTD,TXN,UAL,UNIT,VERU,VKTX,VLY,VOD,VTRS,VXRT,WBA,WBD,WDAY,WDC,WEN,WW,WYNN,XEL,XP,XRAY,XRX,Z,ZION,ZM,ZS
AAL,1.0,-0.577,-0.388,-0.533,-0.489,-0.621,0.034,0.119,-0.626,-0.552,0.006,-0.547,-0.45,-0.543,0.691,-0.009,0.624,-0.449,-0.396,-0.44,-0.514,-0.451,-0.511,0.664,-0.232,-0.305,-0.467,0.673,-0.573,-0.526,-0.701,0.472,-0.309,-0.369,-0.666,0.867,-0.494,0.535,0.241,-0.58,-0.037,-0.566,-0.664,-0.512,0.131,-0.653,0.644,-0.174,0.761,0.107,-0.624,0.516,-0.274,-0.544,-0.36,-0.551,-0.656,-0.613,-0.414,-0.33,-0.24,-0.241,-0.24,-0.004,0.653,0.602,-0.163,0.759,-0.518,-0.573,0.568,-0.536,0.608,-0.359,-0.15,-0.421,-0.548,-0.53,-0.423,-0.449,0.43,0.865,0.763,0.079,0.627,0.66,0.557,-0.039,0.117,-0.618,0.232,0.27,0.868,-0.554,0.184,0.426,-0.441,-0.391,0.452,0.893,-0.386,0.755,-0.54,-0.575,-0.063,-0.322,-0.366,0.77,-0.466,-0.507,-0.691,-0.563,-0.48,-0.516,-0.551,-0.505,0.3,-0.51,-0.116,-0.373,-0.396,-0.609,-0.662,-0.556,-0.589,-0.544,0.313,0.532,-0.397,-0.264,-0.516,-0.317,-0.577,0.585,-0.571,0.684,-0.484,0.648,-0.204,-0.585,0.367,-0.317,-0.474,0.744,-0.601,-0.534,-0.534,-0.565,-0.363,-0.434,-0.386,-0.316,-0.531,0.019,-0.547,0.72,0.113,0.396,-0.534,-0.656,-0.08,0.559,0.642,-0.611,0.727,-0.52,0.621,0.707,-0.22,-0.549,-0.588,0.223,0.872,-0.082,-0.489,-0.445,-0.374,0.965,-0.513,-0.668,-0.673,0.71,-0.329,-0.571,-0.414,0.003,0.719,-0.589,0.354,-0.177,0.44,0.897,-0.167,-0.497,0.44,0.826,-0.627,0.841,-0.627,-0.512
AAPL,-0.577,1.0,0.803,0.941,0.776,0.749,0.053,0.246,0.765,0.717,0.406,0.941,0.663,0.875,-0.564,0.529,-0.654,0.768,0.675,0.565,0.857,0.82,0.582,-0.478,0.414,0.741,0.837,-0.351,0.819,0.763,0.848,-0.486,0.438,0.486,0.681,-0.639,0.772,-0.305,-0.132,0.806,-0.097,0.788,0.642,0.887,0.017,0.704,-0.395,0.344,-0.504,0.062,0.825,-0.142,0.282,0.824,0.551,0.539,0.857,0.828,0.886,0.564,0.158,0.681,0.406,-0.097,-0.653,-0.436,0.646,-0.523,0.787,0.563,-0.605,0.921,-0.21,0.519,0.224,0.505,0.826,0.522,0.675,0.679,-0.304,-0.642,-0.567,0.008,-0.413,-0.495,-0.121,0.177,0.331,0.911,-0.148,-0.134,-0.58,0.752,-0.142,-0.582,0.521,0.775,-0.465,-0.535,0.477,-0.5,0.77,0.816,0.062,0.573,0.858,-0.51,0.494,0.738,0.663,0.876,0.825,0.848,0.785,0.844,0.208,0.635,0.16,0.783,0.464,0.787,0.862,0.825,0.731,0.875,-0.529,-0.399,0.802,0.456,0.821,0.786,0.794,-0.528,0.891,-0.511,0.812,-0.567,0.462,0.895,0.178,0.356,0.912,-0.534,0.895,0.906,0.909,0.765,0.522,0.78,0.8,0.299,0.858,0.185,0.861,-0.717,0.138,-0.081,0.623,0.863,0.476,-0.496,-0.462,0.57,-0.297,0.741,-0.304,-0.404,0.478,0.692,0.532,-0.108,-0.539,0.126,0.878,0.78,0.858,-0.55,0.826,0.63,0.774,-0.62,0.488,0.785,0.751,0.167,-0.595,0.797,-0.099,0.446,-0.325,-0.604,0.161,0.804,-0.438,-0.509,0.873,-0.586,0.811,0.897
ABUS,-0.388,0.803,1.0,0.867,0.76,0.769,0.043,0.498,0.78,0.803,0.522,0.85,0.663,0.882,-0.474,0.294,-0.552,0.668,0.715,0.628,0.889,0.717,0.653,-0.271,0.677,0.802,0.648,-0.259,0.747,0.82,0.718,-0.33,0.337,0.474,0.739,-0.53,0.759,-0.422,-0.174,0.82,-0.121,0.794,0.738,0.859,-0.019,0.773,-0.119,0.285,-0.526,0.097,0.783,-0.258,0.213,0.775,0.665,0.647,0.818,0.815,0.821,0.6,0.306,0.48,0.358,0.139,-0.491,-0.495,0.64,-0.47,0.757,0.621,-0.667,0.865,-0.087,0.713,0.187,0.69,0.829,0.333,0.513,0.54,-0.295,-0.631,-0.456,0.318,-0.353,-0.076,0.19,0.498,0.434,0.828,-0.257,-0.273,-0.411,0.697,-0.161,-0.405,0.601,0.743,-0.504,-0.319,0.573,-0.467,0.789,0.727,0.092,0.477,0.921,-0.55,0.645,0.72,0.627,0.819,0.82,0.729,0.842,0.818,0.191,0.752,0.153,0.71,0.485,0.818,0.749,0.853,0.748,0.879,-0.477,-0.381,0.795,0.292,0.82,0.709,0.769,-0.608,0.854,-0.518,0.832,-0.532,0.348,0.796,0.265,0.265,0.815,-0.526,0.812,0.886,0.842,0.76,0.622,0.85,0.84,0.521,0.83,0.326,0.735,-0.519,0.474,-0.219,0.414,0.803,0.496,-0.565,-0.421,0.598,-0.105,0.652,-0.149,-0.219,0.54,0.787,0.616,-0.189,-0.511,0.353,0.854,0.819,0.859,-0.368,0.85,0.672,0.748,-0.549,0.504,0.755,0.784,0.243,-0.626,0.797,-0.007,0.335,-0.561,-0.42,0.193,0.82,-0.569,-0.476,0.83,-0.427,0.679,0.836
ADBE,-0.533,0.941,0.867,1.0,0.796,0.761,-0.054,0.246,0.717,0.727,0.492,0.954,0.639,0.903,-0.584,0.493,-0.658,0.779,0.773,0.587,0.883,0.875,0.605,-0.472,0.428,0.787,0.845,-0.288,0.855,0.807,0.798,-0.504,0.441,0.406,0.68,-0.631,0.769,-0.389,-0.208,0.871,-0.156,0.774,0.676,0.923,-0.037,0.712,-0.399,0.288,-0.563,0.03,0.888,-0.228,0.156,0.83,0.515,0.636,0.847,0.848,0.918,0.588,0.098,0.599,0.333,-0.076,-0.673,-0.492,0.637,-0.555,0.848,0.616,-0.696,0.932,-0.242,0.606,0.133,0.522,0.863,0.409,0.63,0.65,-0.369,-0.665,-0.581,0.064,-0.435,-0.424,-0.065,0.222,0.318,0.91,-0.254,-0.242,-0.543,0.785,-0.214,-0.611,0.528,0.803,-0.532,-0.479,0.463,-0.521,0.796,0.786,0.008,0.536,0.884,-0.514,0.578,0.713,0.612,0.859,0.881,0.81,0.778,0.858,0.26,0.688,0.094,0.866,0.461,0.808,0.812,0.871,0.778,0.902,-0.649,-0.413,0.784,0.414,0.887,0.814,0.808,-0.629,0.869,-0.549,0.844,-0.613,0.362,0.933,0.141,0.302,0.873,-0.577,0.901,0.921,0.949,0.779,0.481,0.815,0.855,0.326,0.882,0.235,0.851,-0.708,0.19,-0.177,0.669,0.796,0.386,-0.568,-0.502,0.583,-0.22,0.821,-0.31,-0.33,0.467,0.766,0.55,-0.202,-0.549,0.129,0.92,0.837,0.885,-0.502,0.819,0.607,0.733,-0.598,0.471,0.787,0.762,0.122,-0.643,0.779,-0.076,0.434,-0.488,-0.572,0.111,0.882,-0.569,-0.562,0.901,-0.557,0.806,0.923
ADI,-0.489,0.776,0.76,0.796,1.0,0.661,-0.171,0.288,0.576,0.688,0.596,0.81,0.514,0.753,-0.597,0.411,-0.666,0.592,0.781,0.572,0.756,0.84,0.485,-0.354,0.481,0.792,0.696,-0.119,0.809,0.73,0.714,-0.421,0.535,0.36,0.561,-0.587,0.659,-0.485,-0.234,0.776,-0.215,0.631,0.633,0.783,-0.166,0.633,-0.144,0.152,-0.435,-0.173,0.799,-0.236,-0.023,0.829,0.559,0.675,0.739,0.768,0.756,0.45,0.046,0.615,0.128,0.066,-0.43,-0.641,0.679,-0.475,0.714,0.626,-0.721,0.774,-0.228,0.644,0.004,0.599,0.769,0.284,0.444,0.439,-0.384,-0.626,-0.463,0.217,-0.383,-0.142,0.106,0.343,0.39,0.811,-0.294,-0.369,-0.497,0.767,-0.211,-0.461,0.601,0.766,-0.645,-0.361,0.323,-0.446,0.815,0.62,-0.113,0.34,0.779,-0.558,0.644,0.608,0.495,0.714,0.838,0.633,0.644,0.757,0.355,0.672,0.051,0.757,0.468,0.71,0.71,0.83,0.759,0.805,-0.566,-0.467,0.676,0.315,0.843,0.788,0.566,-0.67,0.646,-0.638,0.727,-0.571,0.207,0.825,0.167,0.101,0.756,-0.627,0.76,0.733,0.784,0.597,0.458,0.765,0.73,0.354,0.753,0.281,0.717,-0.523,0.38,-0.22,0.645,0.752,0.347,-0.529,-0.56,0.424,-0.176,0.794,-0.248,-0.208,0.402,0.713,0.459,-0.276,-0.519,0.303,0.762,0.777,0.831,-0.433,0.797,0.556,0.585,-0.576,0.341,0.611,0.626,0.208,-0.625,0.84,0.064,0.423,-0.588,-0.533,0.119,0.77,-0.56,-0.531,0.805,-0.479,0.696,0.844
ADMA,-0.621,0.749,0.769,0.761,0.661,1.0,-0.23,0.168,0.748,0.806,0.371,0.767,0.414,0.753,-0.658,0.275,-0.664,0.663,0.677,0.499,0.831,0.677,0.424,-0.483,0.382,0.704,0.669,-0.464,0.832,0.785,0.696,-0.448,0.417,0.399,0.804,-0.745,0.745,-0.65,-0.199,0.683,-0.24,0.707,0.777,0.798,-0.274,0.739,-0.406,0.193,-0.725,-0.135,0.826,-0.385,0.058,0.762,0.502,0.707,0.731,0.695,0.744,0.514,0.124,0.436,0.061,-0.061,-0.665,-0.619,0.473,-0.743,0.743,0.713,-0.722,0.804,-0.423,0.581,-0.075,0.666,0.776,0.363,0.414,0.471,-0.363,-0.725,-0.654,0.23,-0.659,-0.318,0.005,0.258,0.032,0.759,-0.271,-0.441,-0.682,0.698,-0.441,-0.475,0.404,0.673,-0.536,-0.594,0.483,-0.708,0.753,0.637,-0.091,0.304,0.769,-0.605,0.55,0.528,0.728,0.769,0.704,0.571,0.81,0.728,0.05,0.788,-0.118,0.688,0.503,0.785,0.653,0.759,0.782,0.746,-0.526,-0.58,0.593,0.375,0.78,0.608,0.761,-0.715,0.787,-0.66,0.731,-0.719,0.145,0.73,0.024,0.076,0.758,-0.743,0.752,0.832,0.761,0.764,0.415,0.729,0.756,0.448,0.816,0.047,0.777,-0.603,0.277,-0.383,0.557,0.764,0.205,-0.776,-0.589,0.674,-0.361,0.727,-0.446,-0.452,0.385,0.789,0.662,-0.351,-0.678,0.141,0.709,0.734,0.625,-0.626,0.615,0.777,0.84,-0.738,0.269,0.679,0.78,0.007,-0.778,0.669,-0.137,0.214,-0.654,-0.574,-0.051,0.71,-0.55,-0.708,0.811,-0.695,0.703,0.765
AEP,0.034,0.053,0.043,-0.054,-0.171,-0.23,1.0,0.447,0.212,0.064,-0.216,-0.072,0.523,0.193,0.304,-0.225,0.155,-0.004,-0.318,0.066,-0.052,-0.308,0.365,0.258,0.269,-0.166,-0.289,-0.165,-0.161,-0.045,0.114,0.319,-0.349,0.458,-0.06,-0.017,0.085,0.563,0.254,0.02,0.661,0.176,-0.205,-0.079,0.761,0.211,0.198,0.438,0.191,0.677,-0.243,0.183,0.768,-0.068,0.366,-0.396,0.018,0.076,-0.092,0.239,0.658,-0.088,0.808,0.314,0.202,0.441,-0.074,0.36,-0.111,-0.38,0.379,0.037,0.474,-0.044,0.747,0.118,0.011,0.456,0.396,0.37,0.376,0.041,0.215,-0.054,0.388,0.006,-0.156,0.183,0.462,0.067,0.376,0.573,0.232,-0.137,0.752,0.459,0.224,-0.251,0.464,-0.015,0.192,0.05,-0.199,0.306,0.79,0.555,-0.018,-0.097,-0.15,0.412,0.032,-0.019,-0.097,0.365,0.054,0.131,-0.205,-0.19,0.736,-0.29,-0.157,0.093,0.15,-0.115,-0.123,-0.059,0.434,0.401,0.214,-0.181,-0.181,-0.247,0.149,0.312,0.186,0.278,0.01,0.465,0.529,-0.145,0.172,0.749,0.086,0.393,0.04,-0.056,-0.12,0.075,0.369,-0.028,-0.204,0.182,-0.023,0.432,0.012,0.151,0.004,0.223,-0.489,0.165,0.509,0.389,0.274,-0.058,-0.134,-0.384,0.371,0.092,0.332,-0.069,-0.064,0.657,0.123,0.368,0.098,-0.03,0.026,0.031,0.152,-0.05,0.036,0.325,0.515,0.157,-0.064,0.522,0.341,0.134,-0.101,0.069,0.418,0.026,0.785,-0.114,0.26,0.262,-0.063,0.265,-0.132,-0.098
AGNC,0.119,0.246,0.498,0.246,0.288,0.168,0.447,1.0,0.376,0.347,0.203,0.276,0.525,0.366,0.11,0.006,0.024,0.216,0.189,0.335,0.302,0.128,0.435,0.228,0.606,0.268,-0.013,0.132,0.27,0.339,0.223,0.114,0.003,0.416,0.237,-0.093,0.36,0.225,0.248,0.353,0.278,0.25,0.173,0.276,0.475,0.383,0.418,0.298,0.059,0.342,0.173,0.145,0.399,0.249,0.517,0.064,0.156,0.33,0.259,0.399,0.43,0.108,0.505,0.37,0.131,0.083,0.292,0.219,0.211,0.075,-0.002,0.322,0.385,0.282,0.446,0.375,0.427,0.299,0.182,0.197,0.28,-0.131,0.179,0.115,0.252,0.276,0.294,0.413,0.588,0.336,0.126,0.256,0.272,0.113,0.439,0.113,0.394,0.155,0.075,0.11,0.194,-0.105,0.203,0.435,0.472,0.382,0.467,-0.204,0.282,0.415,0.109,0.189,0.356,0.321,0.325,0.43,0.09,0.258,0.417,0.149,-0.114,0.378,0.225,0.32,0.284,0.302,0.176,0.148,0.474,-0.086,0.281,0.158,0.224,-0.039,0.379,0.028,0.191,0.206,0.403,0.19,0.427,0.386,0.322,0.098,0.322,0.237,0.187,0.278,0.609,0.413,0.172,0.229,0.23,0.651,0.22,0.107,0.398,0.005,-0.247,0.304,0.626,0.036,0.117,0.205,0.102,0.047,0.426,0.3,0.529,0.182,0.204,0.341,0.009,0.389,0.356,0.382,0.404,0.139,0.444,0.27,0.211,0.174,0.471,0.164,0.278,0.581,-0.025,0.381,0.074,0.287,-0.064,0.078,0.513,0.192,0.009,0.098,0.272,0.219,0.098,0.213
AKBA,-0.626,0.765,0.78,0.717,0.576,0.748,0.212,0.376,1.0,0.808,0.183,0.738,0.687,0.796,-0.499,0.111,-0.625,0.624,0.489,0.559,0.757,0.505,0.653,-0.422,0.6,0.612,0.57,-0.548,0.649,0.715,0.805,-0.348,0.191,0.587,0.789,-0.665,0.678,-0.416,-0.085,0.704,0.066,0.748,0.717,0.677,0.011,0.762,-0.292,0.325,-0.672,0.092,0.643,-0.392,0.457,0.686,0.616,0.491,0.784,0.75,0.69,0.56,0.339,0.306,0.488,0.142,-0.618,-0.468,0.33,-0.567,0.634,0.537,-0.554,0.79,-0.238,0.513,0.321,0.609,0.688,0.495,0.56,0.592,-0.286,-0.686,-0.565,0.126,-0.469,-0.31,-0.089,0.361,0.226,0.763,-0.226,-0.191,-0.571,0.605,-0.049,-0.4,0.598,0.559,-0.416,-0.528,0.56,-0.645,0.68,0.719,0.185,0.506,0.747,-0.624,0.554,0.739,0.739,0.779,0.6,0.711,0.762,0.745,-0.183,0.66,0.204,0.509,0.407,0.795,0.827,0.744,0.654,0.801,-0.348,-0.416,0.68,0.261,0.598,0.469,0.749,-0.558,0.829,-0.587,0.757,-0.502,0.368,0.689,0.01,0.399,0.736,-0.565,0.728,0.781,0.697,0.76,0.662,0.777,0.61,0.505,0.74,0.187,0.68,-0.633,0.289,-0.31,0.344,0.872,0.446,-0.543,-0.482,0.634,-0.443,0.511,-0.392,-0.4,0.464,0.703,0.665,-0.075,-0.656,0.281,0.706,0.597,0.664,-0.623,0.714,0.746,0.828,-0.611,0.562,0.777,0.718,0.234,-0.637,0.74,-0.335,0.181,-0.416,-0.562,0.253,0.689,-0.462,-0.561,0.713,-0.58,0.665,0.697
ALT,-0.552,0.717,0.803,0.727,0.688,0.806,0.064,0.347,0.808,1.0,0.281,0.736,0.573,0.838,-0.614,0.166,-0.581,0.682,0.583,0.615,0.83,0.587,0.608,-0.322,0.53,0.649,0.551,-0.467,0.767,0.776,0.714,-0.291,0.267,0.573,0.725,-0.659,0.694,-0.494,-0.111,0.756,0.02,0.725,0.711,0.746,-0.098,0.742,-0.309,0.305,-0.649,0.108,0.733,-0.341,0.285,0.798,0.646,0.637,0.687,0.732,0.705,0.589,0.234,0.38,0.352,0.156,-0.506,-0.577,0.466,-0.594,0.656,0.585,-0.664,0.815,-0.168,0.595,0.147,0.789,0.763,0.406,0.534,0.547,-0.193,-0.722,-0.579,0.266,-0.494,-0.165,-0.007,0.42,0.231,0.813,-0.348,-0.313,-0.585,0.752,-0.141,-0.317,0.656,0.596,-0.463,-0.54,0.559,-0.647,0.774,0.699,0.169,0.45,0.762,-0.676,0.583,0.7,0.635,0.768,0.735,0.689,0.781,0.727,-0.022,0.74,0.132,0.619,0.614,0.789,0.671,0.755,0.818,0.766,-0.459,-0.513,0.637,0.32,0.747,0.497,0.73,-0.704,0.764,-0.671,0.761,-0.458,0.232,0.684,0.111,0.279,0.696,-0.643,0.791,0.77,0.752,0.711,0.555,0.772,0.713,0.608,0.767,0.264,0.698,-0.609,0.353,-0.36,0.373,0.774,0.402,-0.645,-0.55,0.542,-0.346,0.693,-0.304,-0.289,0.527,0.76,0.632,-0.153,-0.619,0.534,0.763,0.713,0.678,-0.568,0.727,0.676,0.754,-0.567,0.506,0.776,0.705,0.295,-0.639,0.743,-0.219,0.208,-0.592,-0.558,0.225,0.715,-0.64,-0.618,0.732,-0.602,0.661,0.745
AMAT,0.006,0.406,0.522,0.492,0.596,0.371,-0.216,0.203,0.183,0.281,1.0,0.478,0.125,0.462,-0.304,0.512,-0.23,0.296,0.479,0.385,0.398,0.62,0.062,0.07,0.236,0.577,0.464,0.187,0.435,0.412,0.277,0.031,0.319,0.08,0.299,-0.171,0.41,-0.193,-0.032,0.342,-0.288,0.4,0.352,0.483,-0.059,0.199,0.217,0.209,-0.032,-0.032,0.418,0.138,-0.252,0.422,0.459,0.459,0.342,0.365,0.533,0.396,0.053,0.539,-0.078,0.121,-0.095,-0.362,0.606,-0.13,0.531,0.376,-0.396,0.405,0.16,0.612,-0.137,0.322,0.451,-0.209,0.251,0.288,-0.08,-0.241,-0.08,0.397,0.015,0.252,0.418,0.266,0.534,0.349,-0.049,-0.225,-0.136,0.352,-0.252,-0.151,0.232,0.66,-0.355,0.067,0.288,-0.003,0.485,0.225,-0.238,0.217,0.518,-0.067,0.319,0.311,0.204,0.338,0.521,0.333,0.4,0.437,0.689,0.446,-0.065,0.537,0.321,0.302,0.257,0.488,0.387,0.49,-0.314,-0.136,0.452,0.273,0.501,0.676,0.328,-0.348,0.305,-0.292,0.401,-0.29,0.062,0.47,0.447,-0.142,0.486,-0.298,0.333,0.44,0.464,0.283,0.165,0.494,0.515,0.33,0.481,0.196,0.423,-0.007,0.474,0.115,0.32,0.326,0.246,-0.149,-0.094,0.304,0.336,0.419,0.109,0.122,0.267,0.515,0.27,-0.149,0.002,0.199,0.455,0.593,0.638,0.102,0.389,0.307,0.209,-0.2,0.057,0.206,0.46,0.063,-0.315,0.37,0.403,0.377,-0.328,-0.059,-0.078,0.368,-0.232,-0.069,0.483,-0.096,0.375,0.476
AMD,-0.547,0.941,0.85,0.954,0.81,0.767,-0.072,0.276,0.738,0.736,0.478,1.0,0.607,0.877,-0.604,0.526,-0.642,0.768,0.765,0.65,0.898,0.878,0.596,-0.417,0.44,0.77,0.861,-0.281,0.864,0.822,0.823,-0.532,0.461,0.388,0.718,-0.639,0.787,-0.389,-0.193,0.861,-0.13,0.732,0.728,0.937,-0.048,0.703,-0.333,0.25,-0.518,-0.027,0.901,-0.193,0.165,0.828,0.529,0.685,0.827,0.859,0.943,0.566,0.098,0.644,0.329,-0.028,-0.6,-0.518,0.662,-0.543,0.87,0.693,-0.694,0.904,-0.2,0.6,0.093,0.491,0.87,0.389,0.589,0.617,-0.344,-0.681,-0.586,0.063,-0.411,-0.4,-0.061,0.228,0.353,0.925,-0.208,-0.241,-0.555,0.757,-0.209,-0.608,0.552,0.853,-0.524,-0.488,0.45,-0.525,0.799,0.781,0.003,0.464,0.905,-0.53,0.555,0.699,0.648,0.862,0.905,0.813,0.756,0.867,0.289,0.686,0.078,0.871,0.461,0.825,0.801,0.88,0.788,0.937,-0.571,-0.456,0.769,0.466,0.902,0.785,0.743,-0.655,0.874,-0.562,0.802,-0.602,0.33,0.935,0.192,0.276,0.88,-0.596,0.912,0.922,0.944,0.737,0.502,0.859,0.843,0.3,0.85,0.225,0.837,-0.668,0.221,-0.164,0.642,0.818,0.436,-0.541,-0.462,0.591,-0.182,0.801,-0.272,-0.351,0.512,0.726,0.605,-0.193,-0.57,0.134,0.912,0.828,0.87,-0.522,0.822,0.642,0.732,-0.605,0.449,0.759,0.792,0.167,-0.683,0.796,-0.04,0.449,-0.452,-0.581,0.082,0.872,-0.534,-0.558,0.904,-0.548,0.803,0.936
AMGN,-0.45,0.663,0.663,0.639,0.514,0.414,0.523,0.525,0.687,0.573,0.125,0.607,1.0,0.754,-0.279,0.014,-0.433,0.508,0.333,0.467,0.568,0.376,0.773,-0.28,0.636,0.464,0.318,-0.347,0.504,0.562,0.687,-0.222,0.05,0.612,0.479,-0.548,0.595,0.001,-0.055,0.674,0.346,0.682,0.421,0.555,0.449,0.709,-0.082,0.408,-0.338,0.367,0.506,-0.204,0.663,0.532,0.624,0.325,0.653,0.742,0.513,0.545,0.506,0.288,0.751,0.218,-0.356,-0.184,0.373,-0.226,0.479,0.317,-0.292,0.651,0.044,0.402,0.623,0.524,0.668,0.655,0.574,0.579,-0.096,-0.511,-0.302,-0.058,-0.106,-0.272,-0.161,0.387,0.474,0.699,-0.028,0.145,-0.249,0.417,0.392,-0.204,0.595,0.334,-0.162,-0.379,0.345,-0.435,0.44,0.751,0.524,0.682,0.636,-0.574,0.439,0.783,0.479,0.596,0.589,0.755,0.592,0.705,-0.112,0.357,0.546,0.397,0.103,0.685,0.723,0.579,0.526,0.621,-0.123,-0.076,0.668,0.066,0.512,0.371,0.652,-0.355,0.709,-0.342,0.628,-0.191,0.626,0.57,0.119,0.745,0.626,-0.239,0.691,0.592,0.6,0.601,0.706,0.595,0.452,0.307,0.595,0.556,0.583,-0.443,0.179,-0.159,0.163,0.705,0.641,-0.238,-0.251,0.429,-0.334,0.322,-0.034,-0.179,0.558,0.505,0.371,0.162,-0.46,0.373,0.667,0.592,0.619,-0.438,0.764,0.493,0.58,-0.265,0.728,0.666,0.49,0.485,-0.337,0.738,-0.247,0.364,-0.205,-0.429,0.647,0.551,-0.309,-0.33,0.619,-0.262,0.48,0.588
AMZN,-0.543,0.875,0.882,0.903,0.753,0.753,0.193,0.366,0.796,0.838,0.462,0.877,0.754,1.0,-0.554,0.337,-0.624,0.74,0.685,0.593,0.881,0.756,0.686,-0.33,0.585,0.768,0.684,-0.372,0.779,0.783,0.808,-0.325,0.302,0.524,0.705,-0.67,0.774,-0.33,-0.21,0.861,0.022,0.843,0.679,0.886,0.105,0.806,-0.273,0.376,-0.534,0.148,0.822,-0.235,0.373,0.792,0.707,0.634,0.826,0.879,0.828,0.62,0.336,0.546,0.5,0.114,-0.529,-0.462,0.599,-0.502,0.805,0.56,-0.605,0.904,-0.087,0.702,0.274,0.704,0.848,0.445,0.68,0.713,-0.296,-0.693,-0.543,0.26,-0.398,-0.257,-0.003,0.408,0.44,0.906,-0.233,-0.162,-0.512,0.737,-0.047,-0.353,0.662,0.727,-0.414,-0.502,0.575,-0.563,0.787,0.821,0.238,0.624,0.865,-0.591,0.563,0.835,0.642,0.838,0.828,0.874,0.811,0.869,0.16,0.677,0.297,0.717,0.546,0.834,0.789,0.828,0.761,0.882,-0.488,-0.379,0.775,0.353,0.836,0.701,0.852,-0.646,0.878,-0.587,0.847,-0.516,0.386,0.842,0.223,0.474,0.842,-0.541,0.885,0.893,0.873,0.774,0.603,0.842,0.809,0.547,0.899,0.371,0.801,-0.563,0.334,-0.201,0.464,0.862,0.515,-0.502,-0.477,0.554,-0.27,0.677,-0.213,-0.29,0.573,0.826,0.567,-0.09,-0.562,0.384,0.895,0.879,0.833,-0.523,0.845,0.64,0.767,-0.572,0.563,0.829,0.738,0.246,-0.623,0.818,-0.065,0.413,-0.448,-0.548,0.346,0.807,-0.549,-0.53,0.879,-0.511,0.752,0.882
APA,0.691,-0.564,-0.474,-0.584,-0.597,-0.658,0.304,0.11,-0.499,-0.614,-0.304,-0.604,-0.279,-0.554,1.0,-0.296,0.705,-0.454,-0.493,-0.536,-0.579,-0.622,-0.376,0.502,-0.199,-0.57,-0.568,0.545,-0.663,-0.558,-0.617,0.403,-0.517,-0.384,-0.663,0.757,-0.526,0.659,0.293,-0.614,0.177,-0.629,-0.692,-0.608,0.358,-0.456,0.551,-0.147,0.671,0.165,-0.659,0.323,-0.021,-0.66,-0.421,-0.723,-0.631,-0.63,-0.553,-0.427,0.007,-0.441,-0.052,0.182,0.64,0.871,-0.423,0.776,-0.586,-0.723,0.66,-0.558,0.444,-0.413,0.062,-0.456,-0.57,-0.103,-0.148,-0.174,0.323,0.7,0.808,-0.093,0.618,0.387,0.137,-0.224,0.089,-0.601,0.437,0.504,0.734,-0.639,0.366,0.492,-0.501,-0.508,0.672,0.676,-0.328,0.682,-0.607,-0.44,0.303,-0.11,-0.506,0.601,-0.546,-0.449,-0.533,-0.623,-0.625,-0.417,-0.534,-0.524,0.022,-0.563,0.254,-0.583,-0.463,-0.536,-0.591,-0.608,-0.677,-0.602,0.523,0.618,-0.37,-0.423,-0.628,-0.515,-0.571,0.737,-0.489,0.827,-0.658,0.641,-0.08,-0.622,0.083,0.058,-0.521,0.846,-0.579,-0.571,-0.626,-0.584,-0.291,-0.583,-0.586,-0.416,-0.656,-0.008,-0.605,0.63,-0.18,0.368,-0.554,-0.573,-0.095,0.621,0.604,-0.558,0.41,-0.678,0.576,0.446,-0.222,-0.604,-0.585,0.447,0.628,-0.175,-0.556,-0.614,-0.489,0.676,-0.565,-0.639,-0.546,0.667,-0.249,-0.62,-0.451,0.01,0.71,-0.569,0.333,-0.303,0.603,0.711,0.116,-0.563,0.674,0.806,-0.586,0.829,-0.689,-0.625
APPS,-0.009,0.529,0.294,0.493,0.411,0.275,-0.225,0.006,0.111,0.166,0.512,0.526,0.014,0.337,-0.296,1.0,-0.148,0.524,0.435,0.319,0.404,0.665,-0.057,0.07,-0.082,0.393,0.592,0.198,0.461,0.358,0.292,-0.049,0.329,0.093,0.233,-0.09,0.438,0.063,0.072,0.393,-0.227,0.255,0.202,0.542,-0.038,0.094,-0.128,0.245,0.107,-0.035,0.42,0.549,-0.181,0.438,0.17,0.187,0.288,0.276,0.581,0.326,-0.209,0.753,0.012,-0.16,-0.154,-0.126,0.682,-0.038,0.56,0.213,-0.16,0.437,0.188,0.304,-0.184,-0.037,0.339,-0.117,0.29,0.296,0.144,-0.115,-0.12,0.02,0.03,-0.216,0.095,-0.119,0.285,0.398,0.113,0.062,-0.176,0.373,-0.19,-0.349,0.23,0.519,-0.238,-0.131,0.255,0.096,0.389,0.374,-0.212,0.243,0.475,0.128,0.067,0.222,0.122,0.354,0.491,0.356,0.298,0.354,0.556,0.349,-0.193,0.564,0.371,0.263,0.255,0.335,0.324,0.385,-0.311,-0.07,0.437,0.533,0.487,0.669,0.205,-0.1,0.374,-0.097,0.246,-0.175,0.274,0.515,0.601,-0.068,0.52,-0.171,0.367,0.456,0.424,0.189,0.094,0.377,0.455,0.082,0.372,-0.071,0.491,-0.235,0.113,0.316,0.404,0.265,0.321,0.082,0.029,0.124,0.324,0.473,0.037,0.072,0.371,0.255,0.216,-0.078,0.129,-0.061,0.493,0.429,0.559,0.014,0.345,0.12,0.165,-0.106,0.084,0.14,0.305,0.112,-0.1,0.273,0.273,0.422,0.093,-0.082,-0.217,0.335,0.058,-0.068,0.448,-0.143,0.484,0.488
ARCC,0.624,-0.654,-0.552,-0.658,-0.666,-0.664,0.155,0.024,-0.625,-0.581,-0.23,-0.642,-0.433,-0.624,0.705,-0.148,1.0,-0.516,-0.581,-0.332,-0.665,-0.616,-0.366,0.661,-0.395,-0.76,-0.62,0.377,-0.648,-0.487,-0.7,0.609,-0.386,-0.278,-0.532,0.727,-0.504,0.704,0.491,-0.683,0.195,-0.682,-0.551,-0.593,0.393,-0.624,0.506,-0.017,0.671,0.322,-0.654,0.512,-0.053,-0.672,-0.399,-0.613,-0.746,-0.696,-0.566,-0.26,0.085,-0.305,-0.055,0.27,0.727,0.68,-0.317,0.66,-0.571,-0.567,0.663,-0.633,0.548,-0.398,-0.002,-0.501,-0.566,-0.255,-0.281,-0.311,0.561,0.589,0.639,-0.037,0.638,0.327,0.074,-0.232,0.11,-0.67,0.529,0.576,0.655,-0.65,0.399,0.59,-0.476,-0.543,0.65,0.49,-0.081,0.709,-0.603,-0.463,0.25,-0.169,-0.574,0.512,-0.721,-0.481,-0.464,-0.726,-0.575,-0.451,-0.487,-0.619,0.037,-0.492,0.168,-0.629,-0.32,-0.606,-0.705,-0.644,-0.665,-0.655,0.716,0.664,-0.397,-0.223,-0.664,-0.498,-0.643,0.65,-0.543,0.725,-0.776,0.756,0.028,-0.697,0.23,-0.019,-0.604,0.748,-0.563,-0.607,-0.661,-0.667,-0.366,-0.673,-0.608,-0.238,-0.771,0.024,-0.615,0.616,-0.14,0.489,-0.578,-0.707,0.027,0.627,0.796,-0.367,0.499,-0.636,0.62,0.405,-0.062,-0.71,-0.331,0.527,0.579,-0.015,-0.537,-0.591,-0.489,0.608,-0.616,-0.51,-0.597,0.716,-0.201,-0.723,-0.467,0.076,0.738,-0.628,0.346,-0.06,0.624,0.625,-0.002,-0.743,0.72,0.717,-0.597,0.666,-0.693,-0.728
ARDX,-0.449,0.768,0.668,0.779,0.592,0.663,-0.004,0.216,0.624,0.682,0.296,0.768,0.508,0.74,-0.454,0.524,-0.516,1.0,0.629,0.551,0.748,0.699,0.341,-0.263,0.365,0.634,0.67,-0.292,0.775,0.738,0.609,-0.235,0.198,0.499,0.6,-0.524,0.774,-0.261,0.008,0.741,0.066,0.671,0.577,0.757,0.039,0.624,-0.365,0.37,-0.435,0.122,0.741,-0.054,0.215,0.69,0.444,0.444,0.605,0.643,0.752,0.613,0.073,0.48,0.377,0.011,-0.469,-0.298,0.496,-0.436,0.8,0.426,-0.484,0.82,-0.126,0.508,0.139,0.443,0.742,0.396,0.632,0.674,-0.04,-0.522,-0.464,0.027,-0.267,-0.336,-0.114,0.048,0.201,0.779,-0.14,-0.028,-0.497,0.662,-0.114,-0.511,0.572,0.585,-0.266,-0.533,0.494,-0.439,0.703,0.748,0.134,0.552,0.7,-0.491,0.344,0.539,0.599,0.638,0.761,0.696,0.685,0.733,0.046,0.664,0.08,0.658,0.494,0.759,0.61,0.632,0.681,0.676,-0.433,-0.238,0.622,0.476,0.738,0.613,0.694,-0.467,0.761,-0.375,0.624,-0.413,0.391,0.785,0.232,0.347,0.731,-0.49,0.773,0.76,0.766,0.672,0.39,0.694,0.663,0.407,0.718,0.046,0.753,-0.552,0.182,-0.238,0.52,0.658,0.415,-0.37,-0.42,0.488,-0.217,0.666,-0.237,-0.231,0.591,0.698,0.552,-0.184,-0.403,0.207,0.753,0.665,0.676,-0.47,0.636,0.553,0.697,-0.38,0.529,0.64,0.557,0.254,-0.471,0.625,-0.12,0.241,-0.329,-0.459,0.116,0.716,-0.349,-0.53,0.8,-0.439,0.645,0.696
ATER,-0.396,0.675,0.715,0.773,0.781,0.677,-0.318,0.189,0.489,0.583,0.479,0.765,0.333,0.685,-0.493,0.435,-0.581,0.629,1.0,0.474,0.764,0.827,0.41,-0.263,0.412,0.76,0.725,-0.026,0.786,0.681,0.531,-0.439,0.598,0.164,0.58,-0.503,0.603,-0.535,-0.357,0.754,-0.283,0.5,0.641,0.807,-0.3,0.562,-0.233,-0.054,-0.494,-0.329,0.809,-0.224,-0.22,0.697,0.274,0.709,0.624,0.679,0.732,0.293,-0.092,0.449,-0.047,0.011,-0.445,-0.546,0.58,-0.511,0.777,0.563,-0.724,0.73,-0.321,0.652,-0.219,0.476,0.7,0.18,0.312,0.353,-0.45,-0.519,-0.457,0.375,-0.423,-0.178,0.211,0.228,0.186,0.763,-0.395,-0.46,-0.421,0.74,-0.36,-0.48,0.469,0.784,-0.591,-0.326,0.338,-0.447,0.762,0.51,-0.242,0.18,0.721,-0.415,0.532,0.405,0.457,0.6,0.791,0.481,0.546,0.649,0.357,0.689,-0.067,0.77,0.503,0.666,0.52,0.757,0.651,0.73,-0.629,-0.513,0.526,0.295,0.834,0.729,0.565,-0.672,0.613,-0.546,0.665,-0.635,-0.005,0.816,0.122,0.008,0.618,-0.595,0.692,0.741,0.74,0.588,0.282,0.711,0.794,0.336,0.712,0.164,0.642,-0.474,0.313,-0.346,0.682,0.581,0.119,-0.582,-0.531,0.38,-0.052,0.802,-0.337,-0.199,0.24,0.712,0.465,-0.377,-0.517,0.104,0.73,0.721,0.687,-0.387,0.611,0.454,0.534,-0.53,0.212,0.515,0.543,-0.103,-0.62,0.61,0.206,0.365,-0.613,-0.4,-0.08,0.776,-0.573,-0.571,0.776,-0.435,0.647,0.78
ATOS,-0.44,0.565,0.628,0.587,0.572,0.499,0.066,0.335,0.559,0.615,0.385,0.65,0.467,0.593,-0.536,0.319,-0.332,0.551,0.474,1.0,0.562,0.504,0.597,0.005,0.334,0.455,0.476,-0.291,0.671,0.764,0.606,-0.013,0.369,0.584,0.673,-0.538,0.718,-0.238,0.18,0.626,0.142,0.607,0.706,0.617,0.148,0.487,-0.073,0.454,-0.343,0.243,0.545,0.019,0.186,0.63,0.613,0.534,0.499,0.564,0.653,0.7,0.282,0.473,0.385,0.254,-0.27,-0.466,0.486,-0.402,0.702,0.59,-0.54,0.636,0.069,0.543,0.246,0.386,0.642,0.193,0.392,0.413,0.103,-0.62,-0.524,0.098,-0.133,-0.163,-0.019,0.395,0.508,0.611,-0.003,-0.079,-0.448,0.554,0.107,-0.329,0.586,0.532,-0.406,-0.496,0.628,-0.41,0.591,0.643,0.093,0.502,0.633,-0.617,0.445,0.63,0.625,0.608,0.696,0.633,0.63,0.601,0.082,0.614,0.141,0.548,0.352,0.683,0.548,0.593,0.546,0.621,-0.158,-0.214,0.697,0.391,0.596,0.481,0.545,-0.487,0.651,-0.485,0.527,-0.292,0.439,0.575,0.34,0.264,0.612,-0.476,0.639,0.611,0.6,0.58,0.605,0.616,0.522,0.524,0.508,0.317,0.667,-0.46,0.398,-0.058,0.257,0.575,0.494,-0.271,-0.183,0.676,-0.013,0.467,-0.144,-0.258,0.643,0.576,0.742,0.086,-0.508,0.399,0.715,0.552,0.657,-0.43,0.655,0.668,0.555,-0.252,0.552,0.536,0.643,0.482,-0.44,0.698,-0.142,0.311,-0.407,-0.458,0.154,0.536,-0.364,-0.474,0.657,-0.44,0.536,0.577
AUPH,-0.514,0.857,0.889,0.883,0.756,0.831,-0.052,0.302,0.757,0.83,0.398,0.898,0.568,0.881,-0.579,0.404,-0.665,0.748,0.764,0.562,1.0,0.796,0.544,-0.4,0.515,0.787,0.803,-0.314,0.794,0.745,0.772,-0.497,0.39,0.361,0.708,-0.638,0.721,-0.526,-0.318,0.87,-0.171,0.755,0.726,0.915,-0.168,0.768,-0.368,0.13,-0.577,-0.104,0.866,-0.281,0.152,0.833,0.575,0.683,0.836,0.811,0.84,0.491,0.133,0.516,0.273,-0.059,-0.57,-0.556,0.595,-0.58,0.807,0.642,-0.71,0.893,-0.277,0.637,0.035,0.652,0.79,0.362,0.528,0.555,-0.408,-0.692,-0.58,0.257,-0.5,-0.287,0.025,0.305,0.223,0.897,-0.365,-0.385,-0.573,0.768,-0.299,-0.48,0.552,0.802,-0.541,-0.477,0.481,-0.594,0.807,0.729,-0.008,0.37,0.875,-0.532,0.621,0.682,0.612,0.866,0.803,0.715,0.787,0.813,0.165,0.717,0.02,0.763,0.585,0.782,0.748,0.885,0.783,0.903,-0.597,-0.576,0.685,0.37,0.869,0.703,0.753,-0.659,0.868,-0.574,0.814,-0.642,0.229,0.843,0.15,0.211,0.804,-0.638,0.83,0.887,0.857,0.788,0.489,0.883,0.813,0.418,0.856,0.118,0.745,-0.614,0.301,-0.285,0.558,0.834,0.365,-0.637,-0.581,0.529,-0.259,0.764,-0.329,-0.344,0.428,0.791,0.562,-0.277,-0.578,0.198,0.852,0.805,0.757,-0.502,0.792,0.604,0.741,-0.682,0.404,0.762,0.732,0.111,-0.707,0.781,-0.066,0.267,-0.522,-0.574,0.088,0.856,-0.621,-0.596,0.834,-0.552,0.728,0.901
AVGO,-0.451,0.82,0.717,0.875,0.84,0.677,-0.308,0.128,0.505,0.587,0.62,0.878,0.376,0.756,-0.622,0.665,-0.616,0.699,0.827,0.504,0.796,1.0,0.383,-0.363,0.314,0.774,0.873,-0.068,0.791,0.679,0.65,-0.453,0.538,0.158,0.56,-0.538,0.631,-0.436,-0.319,0.82,-0.319,0.613,0.613,0.871,-0.203,0.572,-0.322,0.113,-0.458,-0.226,0.863,-0.104,-0.089,0.793,0.382,0.696,0.721,0.751,0.845,0.427,-0.107,0.677,0.074,-0.095,-0.539,-0.558,0.723,-0.482,0.818,0.594,-0.645,0.768,-0.256,0.63,-0.133,0.432,0.743,0.16,0.471,0.501,-0.393,-0.587,-0.516,0.189,-0.432,-0.316,0.047,0.164,0.289,0.81,-0.336,-0.33,-0.497,0.77,-0.368,-0.576,0.509,0.86,-0.563,-0.418,0.325,-0.415,0.773,0.645,-0.211,0.294,0.786,-0.388,0.557,0.518,0.46,0.727,0.845,0.635,0.588,0.731,0.459,0.666,-0.05,0.86,0.512,0.664,0.636,0.813,0.745,0.833,-0.684,-0.479,0.658,0.465,0.882,0.873,0.58,-0.619,0.672,-0.567,0.689,-0.609,0.15,0.914,0.218,0.061,0.723,-0.589,0.779,0.805,0.852,0.593,0.309,0.77,0.819,0.278,0.799,0.137,0.708,-0.561,0.255,-0.199,0.747,0.639,0.273,-0.498,-0.519,0.395,-0.11,0.869,-0.289,-0.211,0.363,0.688,0.448,-0.324,-0.443,0.065,0.796,0.827,0.822,-0.396,0.675,0.483,0.553,-0.574,0.259,0.595,0.597,-0.011,-0.609,0.666,0.144,0.507,-0.483,-0.507,-0.04,0.807,-0.493,-0.565,0.815,-0.486,0.792,0.867
AZN,-0.511,0.582,0.653,0.605,0.485,0.424,0.365,0.435,0.653,0.608,0.062,0.596,0.773,0.686,-0.376,-0.057,-0.366,0.341,0.41,0.597,0.544,0.383,1.0,-0.236,0.56,0.403,0.329,-0.347,0.507,0.619,0.66,-0.236,0.268,0.486,0.577,-0.548,0.52,-0.151,-0.174,0.687,0.218,0.591,0.537,0.556,0.24,0.687,-0.191,0.283,-0.503,0.249,0.539,-0.271,0.543,0.507,0.468,0.476,0.62,0.728,0.548,0.417,0.474,0.205,0.584,0.236,-0.428,-0.3,0.349,-0.364,0.473,0.424,-0.367,0.588,-0.013,0.406,0.464,0.535,0.643,0.546,0.427,0.434,-0.194,-0.596,-0.487,0.081,-0.251,-0.292,-0.115,0.503,0.426,0.661,-0.146,-0.004,-0.335,0.476,0.283,-0.189,0.615,0.415,-0.258,-0.447,0.463,-0.547,0.463,0.683,0.386,0.492,0.624,-0.611,0.55,0.682,0.514,0.61,0.614,0.689,0.574,0.571,-0.071,0.412,0.47,0.414,0.223,0.666,0.659,0.589,0.547,0.618,-0.169,-0.229,0.646,0.072,0.553,0.33,0.586,-0.464,0.651,-0.497,0.622,-0.273,0.475,0.54,0.003,0.566,0.5,-0.33,0.694,0.593,0.615,0.528,0.66,0.534,0.539,0.384,0.582,0.612,0.508,-0.509,0.217,-0.219,0.195,0.597,0.432,-0.352,-0.292,0.464,-0.284,0.381,-0.099,-0.273,0.477,0.45,0.477,0.126,-0.624,0.363,0.696,0.535,0.614,-0.525,0.693,0.509,0.553,-0.354,0.629,0.685,0.532,0.29,-0.418,0.654,-0.182,0.383,-0.366,-0.506,0.503,0.608,-0.442,-0.463,0.569,-0.415,0.584,0.568
BCRX,0.664,-0.478,-0.271,-0.472,-0.354,-0.483,0.258,0.228,-0.422,-0.322,0.07,-0.417,-0.28,-0.33,0.502,0.07,0.661,-0.263,-0.263,0.005,-0.4,-0.363,-0.236,1.0,-0.095,-0.313,-0.472,0.433,-0.358,-0.223,-0.549,0.756,-0.216,-0.016,-0.356,0.54,-0.156,0.573,0.331,-0.368,0.306,-0.4,-0.362,-0.321,0.35,-0.41,0.669,0.039,0.647,0.259,-0.492,0.636,-0.06,-0.352,-0.046,-0.367,-0.586,-0.463,-0.317,-0.082,0.124,-0.124,0.045,0.301,0.755,0.49,-0.063,0.613,-0.236,-0.453,0.469,-0.42,0.765,0.008,-0.028,-0.173,-0.361,-0.353,-0.188,-0.184,0.656,0.515,0.562,0.303,0.633,0.604,0.434,0.227,0.401,-0.395,0.431,0.414,0.631,-0.337,0.455,0.602,-0.06,-0.281,0.444,0.465,0.052,0.539,-0.397,-0.253,0.199,-0.037,-0.261,0.39,-0.481,-0.22,-0.371,-0.52,-0.273,-0.242,-0.343,-0.382,0.188,-0.215,0.164,-0.392,-0.155,-0.314,-0.567,-0.449,-0.438,-0.414,0.546,0.508,-0.176,-0.179,-0.349,-0.267,-0.447,0.381,-0.344,0.491,-0.459,0.684,0.039,-0.444,0.568,0.006,-0.35,0.573,-0.399,-0.371,-0.464,-0.484,-0.087,-0.278,-0.309,0.115,-0.442,0.174,-0.365,0.682,0.344,0.352,-0.592,-0.456,0.18,0.613,0.657,-0.376,0.668,-0.46,0.584,0.556,0.186,-0.312,-0.197,0.375,0.56,0.275,-0.233,-0.283,-0.241,0.614,-0.361,-0.403,-0.481,0.723,0.018,-0.493,-0.339,0.281,0.642,-0.342,0.342,-0.065,0.368,0.652,0.111,-0.47,0.49,0.548,-0.363,0.636,-0.507,-0.409
BGC,-0.232,0.414,0.677,0.428,0.481,0.382,0.269,0.606,0.6,0.53,0.236,0.44,0.636,0.585,-0.199,-0.082,-0.395,0.365,0.412,0.334,0.515,0.314,0.56,-0.095,1.0,0.574,0.192,-0.146,0.355,0.428,0.415,-0.121,0.081,0.418,0.453,-0.341,0.415,-0.231,-0.231,0.567,0.093,0.554,0.471,0.456,0.054,0.657,0.127,0.082,-0.333,0.096,0.385,-0.254,0.38,0.43,0.508,0.447,0.563,0.64,0.36,0.277,0.399,0.115,0.416,0.263,-0.191,-0.298,0.352,-0.173,0.362,0.307,-0.337,0.457,0.062,0.543,0.26,0.643,0.504,0.306,0.244,0.278,-0.191,-0.409,-0.15,0.352,-0.143,0.216,0.249,0.579,0.358,0.538,-0.278,-0.126,-0.11,0.393,0.107,-0.113,0.591,0.39,-0.258,-0.108,0.295,-0.331,0.466,0.473,0.245,0.297,0.577,-0.46,0.521,0.503,0.361,0.441,0.504,0.43,0.487,0.519,-0.036,0.433,0.271,0.262,0.194,0.549,0.527,0.528,0.46,0.552,-0.15,-0.26,0.469,-0.016,0.493,0.319,0.436,-0.388,0.505,-0.381,0.546,-0.236,0.196,0.477,0.191,0.31,0.406,-0.323,0.465,0.489,0.445,0.455,0.591,0.625,0.483,0.436,0.498,0.416,0.302,-0.165,0.462,-0.341,0.033,0.563,0.412,-0.295,-0.329,0.258,-0.15,0.246,0.015,0.03,0.332,0.527,0.304,-0.158,-0.35,0.462,0.432,0.517,0.485,-0.219,0.655,0.432,0.415,-0.283,0.509,0.468,0.326,0.241,-0.388,0.571,-0.019,0.18,-0.377,-0.179,0.425,0.485,-0.37,-0.293,0.471,-0.176,0.382,0.439
BIDU,-0.305,0.741,0.802,0.787,0.792,0.704,-0.166,0.268,0.612,0.649,0.577,0.77,0.464,0.768,-0.57,0.393,-0.76,0.634,0.76,0.455,0.787,0.774,0.403,-0.313,0.574,1.0,0.702,-0.17,0.74,0.66,0.612,-0.368,0.454,0.333,0.591,-0.509,0.674,-0.535,-0.363,0.735,-0.283,0.724,0.603,0.773,-0.273,0.601,-0.163,0.101,-0.48,-0.179,0.733,-0.235,0.004,0.719,0.514,0.675,0.742,0.751,0.77,0.419,-0.033,0.493,0.086,-0.151,-0.547,-0.572,0.577,-0.481,0.716,0.569,-0.635,0.769,-0.168,0.634,-0.042,0.63,0.736,0.136,0.337,0.377,-0.399,-0.439,-0.465,0.326,-0.46,-0.036,0.338,0.425,0.242,0.745,-0.407,-0.416,-0.421,0.692,-0.34,-0.489,0.536,0.744,-0.578,-0.238,0.29,-0.491,0.736,0.542,-0.21,0.242,0.824,-0.386,0.622,0.517,0.473,0.742,0.781,0.558,0.628,0.721,0.289,0.627,-0.105,0.738,0.415,0.666,0.661,0.769,0.675,0.784,-0.669,-0.482,0.599,0.303,0.811,0.748,0.694,-0.655,0.651,-0.598,0.846,-0.62,0.111,0.793,0.184,0.016,0.747,-0.593,0.683,0.778,0.795,0.675,0.408,0.823,0.827,0.411,0.882,0.157,0.702,-0.401,0.484,-0.337,0.555,0.694,0.232,-0.548,-0.581,0.405,-0.106,0.689,-0.305,-0.113,0.31,0.797,0.388,-0.441,-0.385,0.169,0.707,0.806,0.741,-0.309,0.7,0.545,0.606,-0.583,0.314,0.704,0.616,-0.013,-0.608,0.672,-0.053,0.248,-0.596,-0.358,0.007,0.817,-0.647,-0.49,0.749,-0.441,0.682,0.824
BILI,-0.467,0.837,0.648,0.845,0.696,0.669,-0.289,-0.013,0.57,0.551,0.464,0.861,0.318,0.684,-0.568,0.592,-0.62,0.67,0.725,0.476,0.803,0.873,0.329,-0.472,0.192,0.702,1.0,-0.205,0.715,0.606,0.653,-0.55,0.512,0.123,0.519,-0.493,0.569,-0.457,-0.273,0.697,-0.328,0.589,0.563,0.787,-0.262,0.473,-0.434,0.067,-0.504,-0.252,0.761,-0.191,-0.086,0.723,0.276,0.561,0.731,0.655,0.836,0.409,-0.194,0.565,0.077,-0.266,-0.651,-0.542,0.541,-0.544,0.747,0.536,-0.679,0.758,-0.367,0.455,-0.119,0.298,0.628,0.231,0.458,0.48,-0.46,-0.543,-0.56,0.059,-0.473,-0.47,-0.073,-0.011,0.111,0.75,-0.295,-0.357,-0.565,0.733,-0.42,-0.631,0.325,0.84,-0.566,-0.422,0.321,-0.43,0.696,0.535,-0.313,0.234,0.703,-0.328,0.439,0.46,0.511,0.754,0.707,0.612,0.564,0.651,0.297,0.552,-0.14,0.798,0.506,0.607,0.692,0.801,0.615,0.832,-0.704,-0.539,0.548,0.447,0.749,0.742,0.604,-0.552,0.662,-0.511,0.677,-0.626,0.123,0.873,0.032,-0.002,0.708,-0.594,0.703,0.783,0.835,0.65,0.222,0.728,0.733,0.166,0.731,-0.099,0.678,-0.647,0.086,-0.145,0.767,0.651,0.177,-0.556,-0.553,0.431,-0.199,0.798,-0.433,-0.377,0.178,0.618,0.424,-0.262,-0.475,-0.097,0.723,0.642,0.724,-0.415,0.575,0.446,0.592,-0.635,0.23,0.624,0.655,-0.111,-0.599,0.583,-0.035,0.341,-0.391,-0.557,-0.202,0.781,-0.465,-0.514,0.737,-0.552,0.702,0.806
BKR,0.673,-0.351,-0.259,-0.288,-0.119,-0.464,-0.165,0.132,-0.548,-0.467,0.187,-0.281,-0.347,-0.372,0.545,0.198,0.377,-0.292,-0.026,-0.291,-0.314,-0.068,-0.347,0.433,-0.146,-0.17,-0.205,1.0,-0.347,-0.404,-0.388,0.158,-0.069,-0.527,-0.512,0.603,-0.425,0.366,0.026,-0.249,-0.195,-0.499,-0.447,-0.26,-0.024,-0.436,0.522,-0.206,0.669,-0.205,-0.3,0.491,-0.39,-0.291,-0.345,-0.239,-0.415,-0.294,-0.237,-0.404,-0.346,0.039,-0.361,0.073,0.485,0.405,0.155,0.689,-0.227,-0.36,0.399,-0.384,0.394,-0.146,-0.279,-0.382,-0.36,-0.452,-0.251,-0.266,0.178,0.555,0.68,0.098,0.523,0.455,0.431,-0.09,0.224,-0.363,0.081,0.102,0.586,-0.287,0.004,0.191,-0.201,-0.069,0.238,0.685,-0.417,0.608,-0.251,-0.397,-0.136,-0.25,-0.202,0.658,-0.12,-0.378,-0.615,-0.372,-0.21,-0.38,-0.475,-0.34,0.565,-0.298,-0.105,-0.026,-0.225,-0.442,-0.489,-0.301,-0.305,-0.314,0.114,0.272,-0.218,-0.126,-0.157,-0.047,-0.529,0.484,-0.452,0.494,-0.43,0.321,-0.224,-0.271,0.365,-0.282,-0.335,0.475,-0.398,-0.368,-0.32,-0.526,-0.217,-0.258,-0.178,-0.374,-0.356,0.158,-0.414,0.466,0.057,0.333,-0.226,-0.464,-0.144,0.447,0.393,-0.554,0.656,-0.18,0.549,0.572,-0.184,-0.393,-0.472,0.085,0.641,-0.141,-0.31,-0.229,-0.103,0.724,-0.262,-0.59,-0.583,0.487,-0.435,-0.505,-0.305,-0.037,0.367,-0.343,0.609,0.07,0.309,0.623,-0.192,-0.227,0.344,0.588,-0.367,0.693,-0.226,-0.241
BLDP,-0.573,0.819,0.747,0.855,0.809,0.832,-0.161,0.27,0.649,0.767,0.435,0.864,0.504,0.779,-0.663,0.461,-0.648,0.775,0.786,0.671,0.794,0.791,0.507,-0.358,0.355,0.74,0.715,-0.347,1.0,0.889,0.695,-0.39,0.542,0.509,0.694,-0.739,0.86,-0.454,-0.065,0.8,-0.081,0.652,0.68,0.851,-0.097,0.689,-0.353,0.277,-0.576,-0.021,0.863,-0.192,0.05,0.822,0.512,0.653,0.678,0.738,0.857,0.64,0.051,0.545,0.193,-0.037,-0.571,-0.565,0.56,-0.61,0.847,0.65,-0.735,0.874,-0.245,0.605,-0.005,0.573,0.885,0.392,0.464,0.5,-0.191,-0.706,-0.605,0.058,-0.443,-0.346,-0.035,0.231,0.236,0.875,-0.18,-0.279,-0.575,0.78,-0.194,-0.557,0.547,0.693,-0.537,-0.573,0.434,-0.631,0.791,0.76,-0.034,0.427,0.825,-0.623,0.526,0.583,0.606,0.733,0.893,0.683,0.754,0.8,0.21,0.76,-0.011,0.816,0.412,0.857,0.678,0.779,0.813,0.767,-0.563,-0.458,0.708,0.426,0.876,0.705,0.715,-0.747,0.779,-0.643,0.735,-0.563,0.278,0.856,0.143,0.18,0.835,-0.684,0.853,0.812,0.839,0.715,0.463,0.763,0.761,0.373,0.8,0.25,0.901,-0.62,0.252,-0.288,0.64,0.72,0.341,-0.596,-0.53,0.6,-0.232,0.824,-0.334,-0.278,0.537,0.782,0.601,-0.218,-0.608,0.221,0.858,0.801,0.76,-0.575,0.726,0.673,0.708,-0.502,0.454,0.645,0.731,0.233,-0.636,0.756,-0.114,0.374,-0.613,-0.57,0.063,0.77,-0.541,-0.672,0.886,-0.614,0.719,0.836
BLNK,-0.526,0.763,0.82,0.807,0.73,0.785,-0.045,0.339,0.715,0.776,0.412,0.822,0.562,0.783,-0.558,0.358,-0.487,0.738,0.681,0.764,0.745,0.679,0.619,-0.223,0.428,0.66,0.606,-0.404,0.889,1.0,0.682,-0.214,0.405,0.592,0.785,-0.622,0.894,-0.4,0.075,0.746,0.022,0.677,0.758,0.826,0.065,0.723,-0.173,0.417,-0.573,0.138,0.817,-0.203,0.162,0.738,0.587,0.591,0.657,0.683,0.845,0.738,0.282,0.481,0.306,0.219,-0.462,-0.486,0.537,-0.597,0.818,0.658,-0.667,0.848,-0.095,0.664,0.17,0.573,0.87,0.382,0.481,0.526,-0.124,-0.675,-0.588,0.187,-0.356,-0.207,0.04,0.428,0.374,0.801,-0.025,-0.159,-0.498,0.688,-0.081,-0.449,0.62,0.606,-0.488,-0.521,0.657,-0.522,0.767,0.79,0.115,0.501,0.836,-0.651,0.474,0.629,0.744,0.714,0.839,0.732,0.87,0.794,0.084,0.816,0.175,0.675,0.475,0.919,0.657,0.699,0.761,0.74,-0.379,-0.268,0.789,0.374,0.784,0.649,0.728,-0.709,0.822,-0.585,0.737,-0.485,0.415,0.789,0.234,0.276,0.818,-0.551,0.86,0.857,0.812,0.67,0.582,0.696,0.764,0.545,0.757,0.297,0.857,-0.577,0.429,-0.205,0.482,0.715,0.487,-0.501,-0.349,0.698,-0.123,0.662,-0.225,-0.314,0.717,0.776,0.747,-0.097,-0.623,0.366,0.872,0.764,0.796,-0.558,0.739,0.765,0.807,-0.455,0.548,0.679,0.82,0.349,-0.573,0.755,-0.1,0.381,-0.579,-0.482,0.143,0.727,-0.445,-0.601,0.88,-0.558,0.665,0.78
BYND,-0.701,0.848,0.718,0.798,0.714,0.696,0.114,0.223,0.805,0.714,0.277,0.823,0.687,0.808,-0.617,0.292,-0.7,0.609,0.531,0.606,0.772,0.65,0.66,-0.549,0.415,0.612,0.653,-0.388,0.695,0.682,1.0,-0.494,0.348,0.471,0.749,-0.759,0.656,-0.416,-0.18,0.779,-0.033,0.772,0.731,0.772,-0.006,0.734,-0.399,0.317,-0.526,0.043,0.762,-0.262,0.404,0.777,0.655,0.595,0.844,0.846,0.744,0.482,0.252,0.607,0.416,0.035,-0.645,-0.521,0.545,-0.557,0.726,0.651,-0.527,0.804,-0.28,0.485,0.305,0.476,0.727,0.478,0.592,0.607,-0.343,-0.711,-0.622,-0.022,-0.462,-0.46,-0.227,0.232,0.312,0.805,-0.201,-0.202,-0.686,0.643,-0.117,-0.573,0.613,0.652,-0.46,-0.618,0.446,-0.631,0.704,0.753,0.115,0.534,0.756,-0.592,0.647,0.809,0.713,0.882,0.713,0.801,0.74,0.777,0.046,0.623,0.15,0.68,0.418,0.755,0.855,0.756,0.747,0.809,-0.398,-0.438,0.711,0.454,0.731,0.629,0.766,-0.535,0.829,-0.609,0.764,-0.61,0.443,0.736,0.058,0.403,0.823,-0.616,0.8,0.796,0.77,0.716,0.657,0.725,0.665,0.304,0.8,0.231,0.74,-0.74,0.182,-0.123,0.506,0.895,0.373,-0.45,-0.493,0.65,-0.434,0.616,-0.355,-0.474,0.476,0.677,0.623,-0.122,-0.624,0.15,0.766,0.687,0.738,-0.659,0.828,0.687,0.755,-0.684,0.422,0.826,0.734,0.243,-0.708,0.841,-0.204,0.381,-0.345,-0.695,0.208,0.757,-0.467,-0.56,0.763,-0.608,0.844,0.837
