,AAL,AAPL,ABUS,ADBE,ADI,ADMA,AEP,AGNC,AKBA,ALT,AMAT,AMD,AMGN,AMZN,APA,APPS,ARCC,ARDX,ATER,ATOS,AUPH,AVGO,AZN,BCRX,BGC,BIDU,BILI,BKR,BLDP,BLNK,BYND,CAN,CELH,CG,CGC,CHRD,CLNE,CMCSA,COMM,COST,CPB,CPRT,CRON,CRWD,CSCO,CSGP,CSX,CTSH,CZR,DBX,DDOG,DKNG,DLTR,DOCU,DVAX,DXCM,EA,EBAY,ENPH,ERIC,ESPR,ETSY,EXC,EXEL,EXPE,FANG,FAST,FITB,FLEX,FOLD,FOXA,FSLR,FTNT,FUTU,GEN,GERN,GEVO,GILD,GOOG,GOOGL,GPRO,GT,HBAN,HIVE,HON,HST,HUT,IBRX,INTC,IOVA,IQ,IRWD,JBLU,JD,KDP,KHC,LBTYK,LRCX,LYFT,MAR,MARA,MAT,MCHP,MCRB,MDLZ,META,MGNI,MLCO,MNKD,MNST,MOMO,MRNA,MRVL,MSFT,MSTR,MTCH,MU,MVIS,NDAQ,NFLX,NKTR,NNDM,NTES,NTNX,NVAX,NVDA,NWL,NWSA,NXPI,OCGN,OKTA,ON,OPK,PAA,PACB,PAGP,PANW,PARA,PCAR,PDD,PENN,PEP,PLUG,PTEN,PTON,PYPL,QCOM,QUBT,QVCGA,RDFN,REAL,RIOT,ROKU,ROST,RUN,SABR,SAVA,SBUX,SFIX,SGMO,SIRI,SLM,SMCI,SNDL,SONO,STNE,STX,TCOM,TGTX,TIGR,TLRY,TMUS,TRIP,TSCO,TSLA,TTD,TXN,UAL,UNIT,VERU,VKTX,VLY,VOD,VTRS,VXRT,WBA,WBD,WDAY,WDC,WEN,WW,WYNN,XEL,XP,XRAY,XRX,Z,ZION,ZM,ZS
AAL,1.0,-0.568,-0.159,-0.004,0.33,0.19,0.455,0.741,0.768,0.581,0.49,-0.505,0.782,0.122,0.774,0.745,0.801,0.072,0.614,0.747,0.673,0.103,0.778,0.385,0.727,0.611,0.595,0.515,0.701,-0.119,0.664,0.561,0.711,0.722,0.546,0.329,0.805,0.801,-0.367,-0.485,0.284,0.62,0.608,0.757,0.403,0.724,0.024,0.434,0.882,0.647,0.648,0.824,-0.706,0.549,0.453,0.666,0.684,0.679,-0.066,0.734,0.597,-0.057,0.353,0.793,0.865,0.538,-0.269,0.628,0.469,0.605,0.831,0.642,0.664,0.697,0.424,0.714,0.759,-0.59,0.672,0.725,-0.082,0.818,0.63,0.646,0.862,0.916,0.715,0.655,0.764,0.739,0.683,0.816,0.926,-0.359,0.693,0.764,0.581,-0.637,0.863,0.906,0.598,0.503,-0.103,-0.719,0.656,0.527,0.778,0.783,0.679,0.728,0.684,-0.547,-0.186,0.293,0.794,0.876,-0.608,0.728,0.683,0.376,0.747,0.655,-0.273,0.561,-0.335,-0.486,0.825,0.755,-0.121,0.801,0.688,-0.509,0.294,0.778,0.75,0.834,-0.636,0.821,0.669,0.786,0.751,0.42,0.271,0.805,0.589,0.597,-0.55,0.509,0.575,0.798,0.046,0.241,0.682,0.662,0.754,0.866,0.603,0.703,0.831,0.83,0.578,0.547,0.701,0.38,0.634,0.662,-0.323,0.832,0.8,0.684,0.529,0.805,0.747,-0.516,-0.075,-0.411,-0.193,0.974,0.602,0.698,0.891,0.7,0.166,0.777,-0.25,0.787,0.661,0.564,-0.197,0.543,0.617,0.788,-0.426,0.677,0.802,0.311,0.689,0.468,0.672,0.281
AAPL,-0.568,1.0,0.303,0.351,-0.008,-0.473,-0.156,-0.367,-0.557,-0.715,-0.324,0.447,-0.588,0.17,-0.545,-0.707,-0.637,0.134,-0.74,-0.591,-0.62,0.084,-0.647,-0.205,-0.615,-0.584,-0.576,-0.419,-0.66,-0.106,-0.682,-0.608,-0.685,-0.525,-0.702,-0.335,-0.712,-0.545,0.284,0.757,-0.223,-0.452,-0.785,-0.629,-0.375,-0.539,0.416,-0.187,-0.545,-0.718,-0.51,-0.625,0.589,-0.391,-0.425,-0.461,-0.601,-0.42,0.303,-0.567,-0.432,0.313,-0.203,-0.603,-0.653,-0.26,0.355,-0.252,-0.39,-0.575,-0.55,-0.555,-0.328,-0.543,-0.396,-0.396,-0.703,0.818,-0.314,-0.331,-0.121,-0.656,-0.291,-0.572,-0.528,-0.541,-0.635,-0.41,-0.487,-0.655,-0.643,-0.561,-0.619,0.503,-0.503,-0.574,-0.347,0.858,-0.669,-0.445,-0.615,-0.521,0.261,0.74,-0.561,-0.206,-0.676,-0.543,-0.483,-0.568,-0.409,0.66,0.263,0.163,-0.589,-0.567,0.839,-0.708,-0.456,-0.216,-0.738,-0.664,0.343,-0.481,0.552,0.702,-0.564,-0.566,0.387,-0.733,-0.567,0.693,0.065,-0.594,-0.537,-0.598,0.755,-0.561,-0.468,-0.541,-0.739,-0.047,-0.239,-0.558,-0.687,-0.669,0.587,-0.624,-0.648,-0.577,-0.276,-0.362,-0.696,-0.529,-0.588,-0.592,-0.598,-0.394,-0.598,-0.591,-0.516,-0.21,-0.518,-0.547,-0.644,-0.64,0.09,-0.539,-0.559,-0.547,-0.676,-0.545,-0.686,0.672,0.203,0.2,0.671,-0.612,-0.156,-0.558,-0.56,-0.293,0.119,-0.671,0.533,-0.597,-0.591,-0.572,0.155,-0.458,-0.702,-0.532,0.588,-0.607,-0.597,-0.097,-0.698,-0.067,-0.594,0.052
ABUS,-0.159,0.303,1.0,-0.197,-0.058,-0.371,-0.448,-0.506,-0.175,-0.252,0.057,-0.148,-0.144,-0.435,-0.166,-0.217,-0.137,0.77,-0.303,-0.206,-0.146,-0.032,-0.141,-0.395,-0.144,-0.177,-0.294,0.15,-0.258,-0.302,-0.226,-0.269,-0.121,-0.324,-0.336,-0.555,-0.259,-0.182,-0.088,-0.119,-0.442,-0.21,-0.234,-0.214,0.108,-0.287,-0.263,-0.406,-0.172,-0.128,-0.325,-0.236,-0.099,-0.319,-0.452,-0.377,-0.212,-0.422,-0.391,-0.079,-0.031,-0.443,-0.437,-0.271,-0.308,-0.187,-0.323,-0.192,-0.294,-0.195,-0.284,-0.258,-0.306,-0.432,-0.434,-0.201,-0.217,0.016,-0.3,-0.304,-0.285,-0.136,-0.407,-0.26,-0.296,-0.231,-0.211,0.072,-0.057,-0.111,-0.248,-0.077,-0.139,-0.246,-0.466,-0.304,-0.4,0.383,-0.193,-0.129,-0.021,-0.337,0.42,0.38,-0.385,-0.47,-0.24,-0.437,-0.383,-0.415,-0.385,0.13,0.084,-0.302,0.033,-0.074,0.117,-0.181,-0.39,-0.486,-0.091,-0.219,-0.184,-0.331,-0.242,-0.027,-0.257,-0.16,0.452,-0.237,-0.142,0.195,-0.47,-0.294,-0.149,-0.252,0.017,-0.317,-0.392,-0.357,-0.224,-0.189,-0.553,-0.004,-0.154,-0.164,-0.12,-0.347,-0.304,-0.165,-0.323,-0.066,-0.233,-0.305,-0.315,0.062,-0.114,-0.136,-0.183,-0.124,-0.098,0.027,0.177,-0.337,-0.197,-0.115,0.194,-0.075,-0.261,-0.349,-0.32,-0.32,-0.21,-0.029,-0.075,-0.259,0.286,-0.179,-0.32,-0.218,-0.165,-0.335,-0.245,-0.29,-0.01,-0.328,-0.301,-0.336,-0.051,-0.294,-0.219,-0.332,-0.13,-0.029,-0.161,0.034,-0.066,-0.299,-0.309,-0.119
ADBE,-0.004,0.351,-0.197,1.0,0.413,-0.019,0.149,0.191,0.036,-0.038,0.121,0.459,-0.114,0.596,-0.068,-0.027,-0.152,-0.231,-0.07,0.076,-0.011,0.443,-0.173,0.071,-0.149,0.078,-0.056,-0.183,0.028,0.161,-0.024,0.178,-0.185,0.193,-0.118,-0.031,-0.07,-0.059,-0.046,0.444,-0.012,0.19,-0.206,0.054,-0.34,0.138,0.307,0.233,0.097,-0.089,0.314,0.1,0.146,0.535,0.371,0.312,-0.044,0.277,0.658,0.03,0.189,0.697,0.122,0.136,-0.06,0.008,0.389,-0.042,0.14,0.003,0.087,0.008,0.494,0.229,0.168,0.12,-0.023,0.201,0.35,0.386,0.142,-0.149,0.145,0.072,0.09,0.024,0.042,0.018,0.016,-0.126,-0.017,-0.046,-0.078,0.472,0.079,-0.076,0.086,0.263,-0.026,0.046,-0.171,0.063,0.014,0.036,-0.053,0.489,0.008,0.1,0.175,0.057,0.277,0.265,-0.015,0.768,0.026,0.036,0.278,-0.045,0.307,0.491,-0.146,-0.063,0.425,0.26,0.415,0.493,-0.084,0.002,0.114,-0.07,0.083,0.408,0.447,-0.003,0.193,-0.021,0.355,0.097,-0.066,0.16,-0.093,0.134,0.339,-0.138,-0.011,-0.068,0.369,0.052,-0.107,0.044,0.14,-0.016,-0.093,-0.042,0.187,-0.151,-0.153,-0.079,0.066,-0.014,-0.063,-0.099,-0.179,-0.059,-0.07,-0.177,-0.219,0.036,-0.019,0.184,-0.105,0.075,-0.067,0.445,0.357,0.238,0.426,-0.039,0.332,0.068,0.061,0.045,0.228,-0.145,0.546,0.036,-0.036,0.12,-0.178,0.06,-0.215,0.037,0.194,-0.198,-0.074,-0.399,-0.148,0.144,0.233,0.615
ADI,0.33,-0.008,-0.058,0.413,1.0,0.227,0.22,0.348,0.301,0.235,0.622,0.063,0.142,0.538,0.266,0.294,0.338,-0.004,0.194,0.255,0.504,0.784,0.03,-0.027,0.226,0.268,0.209,0.186,0.332,0.337,0.11,0.352,0.006,0.632,0.301,0.39,0.212,0.442,-0.301,-0.022,0.1,0.621,0.218,0.388,-0.118,0.486,0.251,0.635,0.418,0.14,0.54,0.286,-0.143,0.274,0.317,0.642,0.41,0.518,0.491,0.532,-0.032,0.324,0.164,0.293,0.323,0.046,0.416,0.44,0.577,0.347,0.474,0.114,0.473,0.4,0.033,0.211,0.266,-0.202,0.732,0.697,0.428,0.357,0.473,0.216,0.524,0.35,0.193,0.093,0.438,-0.002,0.251,0.401,0.348,0.154,0.312,0.311,0.455,-0.038,0.423,0.331,-0.006,0.47,0.27,-0.214,0.367,0.526,0.421,0.431,0.29,0.476,0.455,-0.316,0.15,0.751,0.242,0.41,-0.075,0.392,0.423,0.496,0.223,0.147,0.197,0.346,-0.042,0.065,0.305,0.42,0.185,0.228,0.542,0.281,0.518,0.4,0.518,0.315,-0.097,0.437,0.372,0.464,0.165,0.336,0.382,0.297,0.27,0.295,0.196,0.406,0.326,0.297,0.193,-0.005,0.192,0.336,0.465,0.32,-0.088,0.252,0.348,0.349,0.348,0.452,0.269,0.337,0.199,0.251,-0.016,0.352,0.228,0.455,0.253,0.371,0.277,0.285,0.066,0.143,0.295,0.358,0.655,0.315,0.302,0.44,0.43,0.299,-0.117,0.409,0.417,0.455,-0.145,0.286,0.351,0.487,0.017,0.138,0.411,0.167,0.163,0.449,0.573,0.651
ADMA,0.19,-0.473,-0.371,-0.019,0.227,1.0,0.008,0.274,0.454,0.637,0.39,0.049,0.256,0.206,0.172,0.36,0.301,-0.339,0.416,0.355,0.289,0.253,0.144,0.08,0.19,0.516,0.555,0.004,0.435,0.532,0.298,0.583,0.208,0.503,0.624,0.534,0.287,0.272,-0.187,-0.198,0.351,0.415,0.481,0.362,0.032,0.366,-0.192,0.555,0.314,0.164,0.45,0.242,-0.095,0.349,0.452,0.473,0.474,0.372,0.419,0.299,0.032,0.158,0.499,0.286,0.26,-0.048,0.31,0.23,0.506,0.321,0.41,0.192,0.309,0.54,0.323,0.086,0.486,-0.297,0.344,0.29,0.581,0.279,0.522,0.216,0.295,0.252,0.374,0.042,0.124,0.097,0.487,0.209,0.141,0.309,0.202,0.33,0.396,-0.361,0.3,-0.039,0.241,0.725,-0.244,-0.356,0.392,0.383,0.36,0.44,0.488,0.468,0.573,-0.427,-0.133,0.224,0.159,0.223,-0.272,0.395,0.335,0.548,0.254,0.23,0.372,0.246,-0.1,-0.24,0.34,0.237,-0.261,0.239,0.375,-0.252,0.22,0.374,0.245,0.238,-0.175,0.378,0.307,0.542,0.3,-0.135,0.676,0.169,0.177,0.209,-0.122,0.482,0.471,0.226,0.567,0.505,0.314,0.258,0.521,0.132,0.008,-0.061,0.341,0.24,0.459,0.22,-0.044,0.756,0.357,0.304,0.479,0.324,0.258,0.573,0.638,0.21,0.204,-0.144,-0.331,0.294,-0.481,0.237,0.201,0.641,0.161,0.282,0.219,0.297,-0.156,0.333,0.649,0.517,0.337,0.114,0.471,0.387,-0.251,0.238,0.309,0.172,0.168,0.341,0.383,0.345
AEP,0.455,-0.156,-0.448,0.149,0.22,0.008,1.0,0.696,0.349,0.214,0.004,-0.024,0.357,0.36,0.358,0.319,0.345,-0.28,0.33,0.374,0.236,0.038,0.266,0.504,0.404,0.057,0.168,0.083,0.385,-0.102,0.416,0.148,0.294,0.359,0.176,0.394,0.427,0.446,0.02,0.077,0.393,0.262,0.235,0.348,0.034,0.446,0.494,0.374,0.391,0.271,0.321,0.389,-0.169,0.277,0.236,0.401,0.251,0.583,0.162,0.277,0.217,0.235,0.46,0.45,0.469,0.393,0.099,0.477,0.122,0.32,0.531,0.358,0.449,0.421,0.345,0.503,0.388,-0.031,0.469,0.425,-0.119,0.407,0.554,0.439,0.511,0.503,0.403,0.165,0.335,0.261,0.241,0.405,0.414,0.01,0.787,0.411,0.544,-0.321,0.424,0.512,0.168,0.362,-0.129,-0.249,0.416,0.499,0.44,0.461,0.478,0.498,0.491,-0.29,-0.069,0.392,0.276,0.432,-0.121,0.337,0.521,0.278,0.173,0.287,-0.061,0.305,0.04,-0.016,0.492,0.381,-0.081,0.394,0.242,-0.18,0.51,0.415,0.345,0.499,-0.218,0.491,0.66,0.352,0.339,0.671,0.446,0.321,0.147,0.311,-0.152,0.278,0.225,0.384,0.048,-0.039,0.255,0.371,0.413,0.271,0.24,0.539,0.444,0.437,0.076,0.404,0.184,0.006,0.125,0.157,-0.495,0.293,0.524,0.358,0.137,0.542,0.464,-0.122,0.32,-0.073,0.098,0.417,0.513,0.212,0.472,0.576,0.275,0.448,-0.168,0.434,0.412,0.201,-0.141,0.553,0.193,0.569,0.257,0.175,0.461,0.264,0.176,0.525,0.268,0.244
AGNC,0.741,-0.367,-0.506,0.191,0.348,0.274,0.696,1.0,0.695,0.469,0.392,-0.25,0.691,0.356,0.674,0.595,0.696,-0.278,0.549,0.633,0.499,0.171,0.557,0.471,0.646,0.518,0.57,0.44,0.584,0.031,0.56,0.399,0.495,0.665,0.478,0.526,0.621,0.756,-0.095,-0.091,0.611,0.66,0.461,0.635,0.315,0.702,0.34,0.654,0.768,0.489,0.618,0.657,-0.364,0.516,0.51,0.75,0.651,0.872,0.227,0.625,0.396,0.307,0.644,0.676,0.663,0.662,0.132,0.686,0.487,0.569,0.807,0.558,0.689,0.665,0.575,0.651,0.616,-0.208,0.764,0.723,0.04,0.626,0.781,0.564,0.819,0.847,0.601,0.532,0.645,0.463,0.657,0.722,0.709,-0.034,0.783,0.764,0.838,-0.493,0.691,0.709,0.407,0.53,-0.194,-0.584,0.763,0.685,0.665,0.814,0.818,0.776,0.779,-0.429,-0.179,0.498,0.521,0.668,-0.38,0.587,0.754,0.571,0.492,0.581,0.012,0.651,-0.063,-0.249,0.844,0.732,-0.24,0.568,0.554,-0.374,0.62,0.796,0.646,0.808,-0.378,0.792,0.767,0.702,0.577,0.553,0.461,0.618,0.422,0.499,-0.259,0.477,0.46,0.683,0.178,0.192,0.62,0.666,0.667,0.55,0.453,0.605,0.727,0.725,0.527,0.541,0.392,0.36,0.55,0.605,-0.32,0.61,0.847,0.731,0.457,0.844,0.6,-0.172,0.013,-0.191,-0.066,0.727,0.67,0.628,0.738,0.75,0.415,0.724,-0.087,0.786,0.675,0.561,-0.031,0.567,0.468,0.752,-0.122,0.531,0.732,0.399,0.433,0.615,0.604,0.402
AKBA,0.768,-0.557,-0.175,0.036,0.301,0.454,0.349,0.695,1.0,0.724,0.496,-0.432,0.764,0.048,0.724,0.78,0.775,0.107,0.549,0.803,0.703,0.185,0.645,0.204,0.745,0.745,0.67,0.591,0.719,-0.005,0.689,0.617,0.654,0.735,0.568,0.33,0.718,0.8,-0.294,-0.413,0.356,0.729,0.597,0.765,0.446,0.79,-0.021,0.507,0.845,0.678,0.669,0.775,-0.592,0.57,0.517,0.749,0.813,0.749,0.091,0.756,0.595,0.01,0.505,0.734,0.638,0.525,-0.177,0.592,0.525,0.73,0.857,0.574,0.651,0.726,0.444,0.619,0.828,-0.562,0.683,0.66,0.068,0.7,0.66,0.54,0.77,0.793,0.701,0.709,0.731,0.601,0.782,0.766,0.742,-0.194,0.626,0.749,0.598,-0.59,0.774,0.684,0.574,0.597,0.016,-0.618,0.684,0.479,0.778,0.717,0.8,0.733,0.749,-0.624,-0.117,0.308,0.699,0.774,-0.674,0.76,0.691,0.464,0.69,0.677,-0.07,0.601,-0.378,-0.487,0.819,0.806,-0.07,0.676,0.685,-0.384,0.309,0.795,0.731,0.775,-0.631,0.833,0.68,0.736,0.727,0.337,0.345,0.742,0.639,0.632,-0.504,0.459,0.485,0.779,0.081,0.315,0.705,0.612,0.778,0.729,0.541,0.573,0.853,0.827,0.71,0.562,0.621,0.445,0.697,0.719,-0.098,0.746,0.807,0.843,0.544,0.801,0.677,-0.457,-0.046,-0.378,-0.227,0.751,0.497,0.821,0.814,0.576,0.137,0.687,-0.261,0.789,0.757,0.578,-0.032,0.498,0.594,0.716,-0.521,0.715,0.81,0.28,0.702,0.38,0.675,0.321
ALT,0.581,-0.715,-0.252,-0.038,0.235,0.637,0.214,0.469,0.724,1.0,0.56,-0.167,0.616,0.203,0.642,0.715,0.588,-0.121,0.746,0.762,0.649,0.22,0.559,0.253,0.612,0.726,0.737,0.429,0.825,0.27,0.677,0.776,0.566,0.668,0.76,0.45,0.732,0.619,-0.345,-0.519,0.32,0.669,0.828,0.667,0.373,0.689,-0.259,0.442,0.667,0.583,0.705,0.686,-0.51,0.594,0.586,0.628,0.725,0.634,0.039,0.678,0.476,-0.042,0.407,0.663,0.619,0.325,-0.134,0.338,0.574,0.632,0.662,0.445,0.603,0.655,0.487,0.534,0.833,-0.688,0.552,0.539,0.275,0.636,0.514,0.671,0.59,0.576,0.767,0.511,0.545,0.538,0.712,0.675,0.538,-0.149,0.533,0.676,0.46,-0.653,0.683,0.394,0.552,0.732,-0.16,-0.673,0.597,0.459,0.781,0.567,0.693,0.694,0.674,-0.625,-0.279,0.185,0.648,0.696,-0.646,0.839,0.605,0.491,0.697,0.645,-0.088,0.529,-0.383,-0.425,0.626,0.623,-0.216,0.666,0.673,-0.485,0.172,0.681,0.664,0.629,-0.506,0.675,0.527,0.646,0.716,0.077,0.535,0.646,0.599,0.734,-0.442,0.731,0.651,0.634,0.483,0.508,0.693,0.623,0.776,0.553,0.471,0.394,0.699,0.667,0.672,0.295,0.419,0.618,0.725,0.631,0.008,0.612,0.606,0.721,0.772,0.59,0.726,-0.457,-0.095,0.003,-0.463,0.61,0.355,0.769,0.63,0.382,0.054,0.644,-0.236,0.608,0.757,0.695,-0.034,0.423,0.72,0.606,-0.483,0.647,0.681,0.086,0.639,0.281,0.649,0.39
AMAT,0.49,-0.324,0.057,0.121,0.622,0.39,0.004,0.392,0.496,0.56,1.0,-0.185,0.471,0.261,0.565,0.505,0.561,0.102,0.431,0.533,0.582,0.645,0.325,-0.062,0.38,0.631,0.61,0.586,0.52,0.309,0.314,0.582,0.288,0.638,0.588,0.399,0.457,0.642,-0.34,-0.308,0.277,0.791,0.528,0.568,0.304,0.628,-0.177,0.564,0.681,0.368,0.569,0.468,-0.391,0.399,0.396,0.637,0.691,0.527,0.15,0.666,0.248,0.056,0.274,0.461,0.44,0.335,0.209,0.452,0.73,0.521,0.618,0.224,0.526,0.5,0.23,0.305,0.506,-0.438,0.7,0.681,0.343,0.553,0.525,0.391,0.57,0.538,0.498,0.475,0.568,0.253,0.552,0.607,0.525,-0.065,0.33,0.553,0.493,-0.21,0.582,0.366,0.353,0.53,0.185,-0.441,0.618,0.475,0.573,0.515,0.512,0.543,0.555,-0.48,-0.055,0.386,0.567,0.601,-0.357,0.602,0.502,0.488,0.516,0.434,0.018,0.483,-0.331,-0.32,0.575,0.635,0.007,0.397,0.735,-0.118,0.242,0.628,0.693,0.559,-0.271,0.608,0.425,0.625,0.437,0.15,0.334,0.642,0.421,0.507,-0.153,0.549,0.492,0.517,0.362,0.38,0.484,0.615,0.607,0.546,0.182,0.297,0.568,0.566,0.777,0.402,0.425,0.535,0.622,0.569,0.138,0.577,0.457,0.633,0.587,0.544,0.446,-0.095,-0.272,0.004,-0.098,0.569,0.528,0.693,0.511,0.398,0.26,0.531,-0.131,0.575,0.689,0.779,-0.025,0.28,0.586,0.538,-0.407,0.501,0.589,0.245,0.441,0.411,0.577,0.525
AMD,-0.505,0.447,-0.148,0.459,0.063,0.049,-0.024,-0.25,-0.432,-0.167,-0.185,1.0,-0.607,0.371,-0.458,-0.441,-0.549,-0.35,-0.157,-0.402,-0.462,0.272,-0.6,0.029,-0.498,-0.369,-0.371,-0.453,-0.222,0.417,-0.435,-0.012,-0.569,-0.258,-0.159,0.004,-0.326,-0.49,0.308,0.642,-0.066,-0.273,-0.192,-0.385,-0.57,-0.332,0.14,-0.145,-0.43,-0.463,0.001,-0.37,0.532,-0.017,0.026,-0.212,-0.47,-0.187,0.439,-0.395,-0.359,0.516,-0.063,-0.442,-0.312,-0.24,0.386,-0.393,-0.193,-0.382,-0.415,-0.37,0.106,-0.187,0.103,-0.291,-0.352,0.437,-0.151,-0.198,0.294,-0.463,-0.196,-0.158,-0.431,-0.49,-0.194,-0.42,-0.39,-0.505,-0.431,-0.459,-0.536,0.464,-0.252,-0.503,-0.162,0.508,-0.404,-0.487,-0.391,0.045,0.113,0.385,-0.459,0.052,-0.265,-0.26,-0.194,-0.243,-0.094,0.51,0.095,0.288,-0.33,-0.471,0.513,-0.249,-0.18,0.213,-0.434,-0.393,0.409,-0.145,0.586,0.695,-0.445,-0.471,0.132,-0.442,-0.347,0.517,0.228,-0.432,-0.38,-0.422,0.624,-0.391,-0.331,-0.319,-0.399,-0.261,0.298,-0.574,-0.366,-0.385,0.654,-0.033,-0.137,-0.42,0.434,0.106,-0.449,-0.457,-0.241,-0.543,-0.469,-0.375,-0.438,-0.458,-0.388,-0.472,-0.58,-0.095,-0.465,-0.585,0.091,-0.425,-0.452,-0.258,-0.122,-0.465,-0.346,0.605,0.242,0.79,0.289,-0.509,-0.11,-0.346,-0.407,-0.286,0.158,-0.345,0.57,-0.435,-0.306,-0.252,0.088,-0.203,-0.264,-0.332,0.406,-0.517,-0.466,-0.379,-0.489,-0.014,-0.272,0.414
AMGN,0.782,-0.588,-0.144,-0.114,0.142,0.256,0.357,0.691,0.764,0.616,0.471,-0.607,1.0,-0.002,0.702,0.731,0.771,0.096,0.564,0.789,0.66,0.013,0.882,0.244,0.755,0.644,0.664,0.625,0.641,-0.117,0.718,0.479,0.805,0.663,0.542,0.249,0.73,0.788,-0.443,-0.563,0.343,0.681,0.622,0.699,0.625,0.716,-0.04,0.456,0.8,0.727,0.47,0.691,-0.674,0.447,0.324,0.594,0.774,0.673,-0.177,0.685,0.571,-0.198,0.416,0.827,0.64,0.555,-0.266,0.533,0.388,0.637,0.717,0.596,0.495,0.522,0.437,0.632,0.72,-0.519,0.63,0.621,-0.108,0.7,0.519,0.605,0.73,0.834,0.749,0.769,0.711,0.805,0.745,0.793,0.741,-0.361,0.608,0.795,0.514,-0.684,0.708,0.708,0.689,0.411,-0.112,-0.671,0.743,0.389,0.713,0.6,0.717,0.644,0.539,-0.645,-0.139,0.128,0.72,0.793,-0.661,0.681,0.659,0.285,0.702,0.689,-0.307,0.516,-0.544,-0.536,0.826,0.827,-0.06,0.681,0.607,-0.605,0.157,0.784,0.694,0.759,-0.658,0.749,0.593,0.622,0.695,0.434,0.168,0.818,0.583,0.652,-0.631,0.444,0.473,0.79,-0.041,0.318,0.737,0.718,0.635,0.724,0.655,0.585,0.783,0.802,0.664,0.543,0.64,0.425,0.765,0.78,-0.128,0.68,0.87,0.686,0.566,0.83,0.686,-0.539,-0.095,-0.503,-0.224,0.753,0.388,0.711,0.805,0.505,-0.019,0.751,-0.355,0.759,0.638,0.577,-0.123,0.512,0.558,0.594,-0.478,0.749,0.816,0.318,0.7,0.192,0.544,0.125
AMZN,0.122,0.17,-0.435,0.596,0.538,0.206,0.36,0.356,0.048,0.203,0.261,0.371,-0.002,1.0,0.081,0.121,-0.023,-0.518,0.138,0.163,0.175,0.523,-0.084,0.3,-0.055,0.087,0.169,-0.277,0.194,0.362,-0.002,0.247,-0.147,0.369,0.242,0.462,0.149,0.115,-0.064,0.265,0.189,0.302,0.062,0.184,-0.336,0.228,0.407,0.542,0.134,-0.064,0.477,0.189,0.192,0.423,0.484,0.422,0.171,0.451,0.622,0.198,-0.083,0.655,0.265,0.171,0.226,-0.083,0.498,0.119,0.375,0.144,0.227,0.022,0.489,0.328,0.233,0.273,0.094,0.1,0.549,0.583,0.415,0.126,0.408,0.223,0.244,0.138,0.129,-0.149,-0.007,-0.13,0.069,0.104,0.051,0.543,0.348,0.188,0.28,0.033,0.173,0.037,-0.132,0.329,-0.169,-0.113,0.235,0.656,0.223,0.284,0.286,0.395,0.43,-0.002,-0.073,0.732,0.012,0.155,0.182,0.163,0.274,0.609,0.009,0.041,0.374,0.223,0.399,0.481,0.059,0.062,-0.152,0.091,0.211,0.232,0.665,0.16,0.255,0.081,0.267,0.225,0.227,0.317,0.053,0.222,0.581,0.009,0.023,0.077,0.394,0.354,0.277,0.178,0.381,0.022,0.043,0.253,0.341,-0.086,-0.093,0.066,0.118,0.098,0.031,0.08,-0.12,0.201,0.062,-0.061,-0.22,0.091,0.111,0.251,0.192,0.194,0.096,0.334,0.167,0.408,0.21,0.128,0.561,0.133,0.112,0.321,0.386,0.091,0.278,0.148,0.224,0.33,-0.113,0.235,0.139,0.314,0.318,-0.061,0.129,-0.091,-0.09,0.422,0.324,0.663
APA,0.774,-0.545,-0.166,-0.068,0.266,0.172,0.358,0.674,0.724,0.642,0.565,-0.458,0.702,0.081,1.0,0.725,0.721,0.105,0.699,0.777,0.667,0.151,0.626,0.332,0.788,0.746,0.722,0.716,0.795,-0.115,0.579,0.592,0.552,0.648,0.581,0.37,0.777,0.818,-0.192,-0.451,0.408,0.672,0.675,0.654,0.614,0.781,-0.002,0.454,0.841,0.649,0.604,0.818,-0.624,0.505,0.451,0.639,0.725,0.65,-0.102,0.731,0.642,-0.065,0.451,0.702,0.724,0.701,-0.202,0.65,0.556,0.639,0.784,0.606,0.572,0.632,0.408,0.734,0.75,-0.522,0.618,0.653,-0.09,0.764,0.584,0.7,0.76,0.767,0.688,0.649,0.773,0.586,0.762,0.823,0.796,-0.328,0.716,0.811,0.648,-0.551,0.803,0.729,0.572,0.453,0.031,-0.671,0.748,0.47,0.787,0.678,0.667,0.711,0.601,-0.571,-0.085,0.204,0.769,0.769,-0.542,0.797,0.601,0.3,0.767,0.758,-0.253,0.568,-0.417,-0.432,0.813,0.765,-0.17,0.717,0.678,-0.433,0.192,0.809,0.791,0.822,-0.457,0.786,0.769,0.658,0.747,0.396,0.283,0.821,0.592,0.758,-0.495,0.555,0.521,0.788,0.175,0.327,0.76,0.732,0.765,0.756,0.65,0.67,0.79,0.796,0.73,0.539,0.677,0.321,0.751,0.764,-0.237,0.769,0.749,0.711,0.536,0.79,0.736,-0.467,-0.062,-0.354,-0.207,0.791,0.473,0.702,0.809,0.637,0.233,0.74,-0.34,0.833,0.668,0.63,-0.031,0.555,0.655,0.693,-0.378,0.802,0.801,0.426,0.821,0.431,0.578,0.173
APPS,0.745,-0.707,-0.217,-0.027,0.294,0.36,0.319,0.595,0.78,0.715,0.505,-0.441,0.731,0.121,0.725,1.0,0.801,0.004,0.698,0.8,0.836,0.181,0.722,0.335,0.66,0.694,0.657,0.502,0.796,0.057,0.706,0.672,0.777,0.747,0.702,0.381,0.856,0.739,-0.458,-0.625,0.257,0.671,0.723,0.921,0.437,0.75,-0.128,0.423,0.764,0.747,0.714,0.86,-0.548,0.609,0.493,0.692,0.831,0.652,-0.024,0.804,0.606,-0.095,0.3,0.733,0.711,0.437,-0.298,0.416,0.547,0.741,0.782,0.624,0.659,0.683,0.584,0.707,0.809,-0.729,0.629,0.671,0.046,0.757,0.491,0.674,0.727,0.739,0.727,0.638,0.722,0.715,0.782,0.735,0.744,-0.373,0.643,0.779,0.496,-0.688,0.825,0.651,0.79,0.572,-0.091,-0.755,0.661,0.534,0.83,0.644,0.676,0.777,0.634,-0.667,-0.175,0.211,0.746,0.797,-0.719,0.801,0.59,0.375,0.768,0.757,-0.271,0.612,-0.445,-0.463,0.738,0.733,-0.173,0.732,0.714,-0.493,0.192,0.775,0.805,0.746,-0.622,0.789,0.654,0.678,0.786,0.262,0.331,0.772,0.646,0.707,-0.55,0.586,0.637,0.858,0.167,0.401,0.789,0.666,0.748,0.739,0.699,0.537,0.86,0.768,0.603,0.405,0.646,0.455,0.761,0.751,-0.251,0.671,0.762,0.748,0.681,0.792,0.71,-0.585,0.009,-0.318,-0.322,0.748,0.452,0.715,0.775,0.488,0.004,0.785,-0.391,0.758,0.66,0.644,-0.203,0.575,0.65,0.691,-0.549,0.703,0.753,0.181,0.792,0.212,0.731,0.28
ARCC,0.801,-0.637,-0.137,-0.152,0.338,0.301,0.345,0.696,0.775,0.588,0.561,-0.549,0.771,-0.023,0.721,0.801,1.0,0.11,0.635,0.699,0.728,0.155,0.735,0.198,0.747,0.643,0.617,0.615,0.686,-0.006,0.601,0.526,0.722,0.65,0.571,0.392,0.728,0.826,-0.448,-0.567,0.301,0.713,0.65,0.851,0.472,0.759,-0.037,0.502,0.822,0.712,0.579,0.696,-0.613,0.409,0.319,0.716,0.761,0.693,-0.115,0.771,0.452,-0.179,0.373,0.662,0.692,0.518,-0.217,0.656,0.478,0.693,0.79,0.595,0.54,0.604,0.458,0.609,0.751,-0.611,0.664,0.632,-0.015,0.733,0.59,0.607,0.79,0.846,0.664,0.647,0.736,0.629,0.765,0.835,0.837,-0.415,0.604,0.74,0.591,-0.665,0.764,0.749,0.726,0.527,-0.075,-0.675,0.765,0.404,0.704,0.715,0.676,0.68,0.624,-0.693,-0.143,0.19,0.7,0.752,-0.703,0.702,0.607,0.275,0.671,0.632,-0.229,0.539,-0.47,-0.609,0.835,0.789,-0.184,0.657,0.719,-0.486,0.246,0.878,0.724,0.815,-0.678,0.786,0.653,0.712,0.642,0.36,0.218,0.795,0.59,0.668,-0.522,0.554,0.495,0.767,0.094,0.347,0.745,0.696,0.634,0.795,0.566,0.58,0.841,0.722,0.61,0.612,0.635,0.443,0.724,0.802,-0.176,0.744,0.789,0.702,0.586,0.826,0.696,-0.485,-0.097,-0.405,-0.268,0.824,0.521,0.699,0.768,0.654,0.161,0.802,-0.415,0.784,0.67,0.627,-0.169,0.531,0.598,0.729,-0.516,0.645,0.832,0.385,0.643,0.418,0.65,0.249
ARDX,0.072,0.134,0.77,-0.231,-0.004,-0.339,-0.28,-0.278,0.107,-0.121,0.102,-0.35,0.096,-0.518,0.105,0.004,0.11,1.0,-0.148,0.033,0.094,0.043,0.051,-0.317,0.113,0.005,-0.144,0.357,-0.074,-0.39,-0.039,-0.145,0.066,-0.107,-0.19,-0.492,-0.061,0.164,-0.237,-0.241,-0.23,0.019,-0.065,-0.004,0.322,0.081,-0.063,-0.182,0.119,0.085,-0.198,-0.014,-0.307,-0.322,-0.45,-0.19,0.021,-0.23,-0.456,0.083,0.086,-0.528,-0.283,-0.067,-0.125,0.036,-0.346,0.093,-0.157,-0.026,-0.014,-0.094,-0.169,-0.255,-0.347,-0.054,-0.001,-0.111,-0.106,-0.099,-0.352,0.035,-0.225,-0.123,-0.032,-0.022,-0.063,0.25,0.219,0.075,-0.05,0.118,0.12,-0.45,-0.211,-0.081,-0.218,0.123,0.053,0.148,0.114,-0.22,0.451,0.213,-0.116,-0.391,-0.034,-0.247,-0.245,-0.211,-0.273,-0.054,0.405,-0.296,0.214,0.109,-0.122,0.018,-0.178,-0.429,0.1,-0.034,-0.37,-0.175,-0.448,-0.214,0.029,0.09,0.443,-0.035,0.114,0.147,-0.426,-0.053,0.042,-0.002,-0.176,-0.032,-0.145,-0.19,-0.015,0.07,-0.545,0.227,0.048,0.05,-0.29,-0.23,-0.153,0.072,-0.388,-0.067,-0.037,-0.073,-0.123,0.35,0.047,0.106,0.076,0.126,0.172,0.223,0.373,-0.25,0.005,0.097,0.123,0.117,-0.049,-0.151,-0.195,-0.02,-0.023,-0.116,-0.143,-0.439,0.232,0.05,-0.133,-0.016,0.095,-0.136,-0.262,-0.092,-0.22,-0.026,-0.084,-0.168,-0.163,-0.103,-0.03,-0.1,-0.25,0.187,0.127,0.192,0.26,-0.248,-0.168,-0.168
ATER,0.614,-0.74,-0.303,-0.07,0.194,0.416,0.33,0.549,0.549,0.746,0.431,-0.157,0.564,0.138,0.699,0.698,0.635,-0.148,1.0,0.674,0.593,0.078,0.58,0.364,0.648,0.573,0.596,0.437,0.834,0.121,0.618,0.681,0.574,0.583,0.683,0.357,0.733,0.581,-0.325,-0.534,0.312,0.519,0.839,0.667,0.342,0.632,-0.178,0.35,0.635,0.627,0.647,0.679,-0.558,0.519,0.424,0.58,0.593,0.601,-0.114,0.651,0.476,-0.062,0.311,0.612,0.683,0.426,-0.259,0.363,0.387,0.525,0.598,0.582,0.573,0.577,0.53,0.612,0.752,-0.661,0.509,0.483,0.029,0.645,0.398,0.858,0.65,0.607,0.766,0.521,0.557,0.585,0.681,0.738,0.604,-0.378,0.614,0.625,0.521,-0.687,0.713,0.502,0.662,0.6,-0.206,-0.728,0.569,0.411,0.737,0.59,0.629,0.628,0.562,-0.609,-0.263,0.144,0.715,0.63,-0.609,0.827,0.548,0.321,0.683,0.737,-0.252,0.594,-0.382,-0.372,0.672,0.609,-0.303,0.687,0.615,-0.601,0.157,0.658,0.655,0.683,-0.521,0.637,0.534,0.568,0.684,0.112,0.434,0.568,0.54,0.742,-0.492,0.834,0.615,0.653,0.574,0.571,0.708,0.559,0.691,0.604,0.574,0.393,0.668,0.655,0.484,0.277,0.435,0.478,0.635,0.641,-0.195,0.596,0.647,0.606,0.688,0.601,0.751,-0.494,0.015,-0.051,-0.338,0.631,0.281,0.579,0.648,0.385,0.047,0.728,-0.303,0.651,0.57,0.577,-0.172,0.58,0.641,0.593,-0.41,0.614,0.69,0.132,0.65,0.249,0.615,0.29
ATOS,0.747,-0.591,-0.206,0.076,0.255,0.355,0.374,0.633,0.803,0.762,0.533,-0.402,0.789,0.163,0.777,0.8,0.699,0.033,0.674,1.0,0.701,0.124,0.738,0.288,0.721,0.752,0.789,0.52,0.813,-0.022,0.762,0.681,0.706,0.693,0.608,0.27,0.755,0.751,-0.39,-0.549,0.284,0.666,0.727,0.767,0.55,0.8,-0.095,0.493,0.847,0.735,0.642,0.85,-0.68,0.67,0.492,0.698,0.771,0.733,0.002,0.715,0.677,-0.034,0.357,0.795,0.621,0.513,-0.268,0.449,0.515,0.699,0.788,0.627,0.672,0.695,0.519,0.783,0.866,-0.639,0.682,0.709,-0.024,0.68,0.546,0.744,0.723,0.733,0.853,0.708,0.739,0.708,0.756,0.778,0.699,-0.226,0.73,0.808,0.519,-0.679,0.733,0.622,0.686,0.507,-0.076,-0.661,0.68,0.55,0.815,0.616,0.725,0.698,0.677,-0.673,-0.18,0.281,0.795,0.823,-0.638,0.829,0.689,0.361,0.729,0.812,-0.19,0.626,-0.454,-0.413,0.782,0.746,-0.112,0.718,0.71,-0.484,0.182,0.746,0.825,0.732,-0.537,0.829,0.663,0.683,0.761,0.284,0.38,0.818,0.608,0.744,-0.595,0.547,0.504,0.867,0.139,0.437,0.742,0.694,0.841,0.708,0.632,0.523,0.882,0.814,0.694,0.44,0.583,0.428,0.808,0.719,-0.227,0.712,0.761,0.76,0.642,0.768,0.716,-0.538,0.072,-0.362,-0.239,0.727,0.421,0.798,0.825,0.473,-0.005,0.662,-0.245,0.76,0.707,0.701,-0.117,0.673,0.618,0.73,-0.568,0.764,0.772,0.17,0.776,0.262,0.702,0.301
AUPH,0.673,-0.62,-0.146,-0.011,0.504,0.289,0.236,0.499,0.703,0.649,0.582,-0.462,0.66,0.175,0.667,0.836,0.728,0.094,0.593,0.701,1.0,0.404,0.64,0.214,0.646,0.632,0.58,0.513,0.713,0.047,0.625,0.572,0.628,0.803,0.571,0.321,0.695,0.779,-0.527,-0.614,0.159,0.766,0.632,0.833,0.37,0.756,-0.142,0.461,0.713,0.665,0.675,0.746,-0.616,0.491,0.418,0.723,0.839,0.609,0.0,0.9,0.444,-0.093,0.16,0.692,0.604,0.305,-0.212,0.411,0.643,0.631,0.745,0.501,0.564,0.572,0.3,0.579,0.71,-0.7,0.674,0.688,0.062,0.637,0.408,0.57,0.76,0.636,0.597,0.567,0.708,0.613,0.675,0.71,0.686,-0.357,0.585,0.746,0.411,-0.64,0.802,0.62,0.572,0.514,-0.017,-0.689,0.69,0.44,0.809,0.552,0.555,0.684,0.521,-0.698,-0.084,0.278,0.637,0.809,-0.665,0.731,0.556,0.324,0.69,0.709,-0.267,0.645,-0.465,-0.436,0.668,0.729,-0.139,0.637,0.852,-0.38,0.213,0.752,0.84,0.694,-0.586,0.773,0.625,0.628,0.64,0.253,0.227,0.748,0.681,0.729,-0.444,0.595,0.575,0.747,0.109,0.203,0.697,0.717,0.655,0.766,0.514,0.486,0.778,0.726,0.636,0.414,0.61,0.426,0.708,0.721,-0.253,0.598,0.654,0.671,0.539,0.741,0.656,-0.46,-0.036,-0.328,-0.249,0.696,0.478,0.637,0.728,0.414,0.01,0.727,-0.444,0.675,0.628,0.7,-0.329,0.5,0.588,0.627,-0.519,0.681,0.725,0.165,0.725,0.154,0.781,0.308
AVGO,0.103,0.084,-0.032,0.443,0.784,0.253,0.038,0.171,0.185,0.22,0.645,0.272,0.013,0.523,0.151,0.181,0.155,0.043,0.078,0.124,0.404,1.0,-0.153,-0.139,0.039,0.231,0.118,0.162,0.23,0.475,-0.021,0.311,-0.14,0.525,0.282,0.333,0.094,0.331,-0.164,0.145,0.17,0.596,0.167,0.258,-0.2,0.435,0.171,0.484,0.31,0.004,0.471,0.142,0.027,0.193,0.286,0.468,0.323,0.336,0.472,0.381,-0.17,0.396,0.146,0.144,0.122,0.045,0.513,0.234,0.591,0.234,0.333,-0.094,0.467,0.296,0.054,0.026,0.162,-0.076,0.609,0.588,0.491,0.152,0.334,0.082,0.288,0.135,0.125,0.015,0.227,-0.144,0.129,0.188,0.146,0.21,0.159,0.138,0.303,0.136,0.286,0.114,-0.1,0.417,0.369,-0.062,0.278,0.496,0.297,0.279,0.184,0.319,0.353,-0.093,0.353,0.65,0.135,0.237,0.003,0.261,0.333,0.557,0.082,0.012,0.253,0.282,0.053,0.166,0.149,0.253,0.187,0.048,0.481,0.445,0.399,0.247,0.372,0.159,0.09,0.317,0.232,0.338,0.046,0.193,0.34,0.15,0.166,0.215,0.334,0.302,0.295,0.164,0.33,0.089,0.048,0.218,0.305,0.177,-0.215,0.113,0.221,0.179,0.384,0.161,0.076,0.347,0.127,0.079,0.145,0.176,0.055,0.379,0.246,0.227,0.133,0.383,-0.074,0.342,0.262,0.168,0.535,0.303,0.149,0.222,0.332,0.149,0.088,0.234,0.375,0.45,-0.088,0.14,0.246,0.318,0.012,0.035,0.258,0.005,0.11,0.3,0.375,0.687
AZN,0.778,-0.647,-0.141,-0.173,0.03,0.144,0.266,0.557,0.645,0.559,0.325,-0.6,0.882,-0.084,0.626,0.722,0.735,0.051,0.58,0.738,0.64,-0.153,1.0,0.305,0.713,0.535,0.57,0.506,0.594,-0.13,0.698,0.455,0.905,0.588,0.493,0.162,0.703,0.647,-0.452,-0.642,0.155,0.504,0.629,0.707,0.559,0.586,-0.173,0.248,0.683,0.736,0.44,0.711,-0.662,0.444,0.269,0.486,0.635,0.533,-0.274,0.641,0.607,-0.235,0.195,0.818,0.636,0.474,-0.454,0.367,0.262,0.561,0.601,0.648,0.429,0.447,0.436,0.601,0.629,-0.605,0.463,0.479,-0.165,0.63,0.32,0.634,0.656,0.771,0.743,0.713,0.68,0.941,0.632,0.728,0.716,-0.486,0.512,0.711,0.339,-0.711,0.637,0.674,0.755,0.309,-0.209,-0.737,0.577,0.319,0.665,0.508,0.576,0.559,0.42,-0.614,-0.275,0.009,0.721,0.768,-0.658,0.628,0.595,0.148,0.709,0.69,-0.393,0.49,-0.499,-0.551,0.713,0.682,-0.119,0.649,0.545,-0.704,0.015,0.711,0.634,0.683,-0.663,0.666,0.461,0.509,0.668,0.262,0.061,0.751,0.569,0.604,-0.655,0.428,0.482,0.754,-0.059,0.336,0.683,0.631,0.541,0.71,0.689,0.564,0.728,0.696,0.486,0.367,0.61,0.392,0.719,0.694,-0.23,0.605,0.767,0.528,0.575,0.708,0.64,-0.648,-0.02,-0.498,-0.318,0.717,0.253,0.602,0.745,0.395,-0.167,0.721,-0.337,0.628,0.465,0.479,-0.174,0.473,0.495,0.505,-0.533,0.69,0.695,0.161,0.661,0.067,0.544,0.038
BCRX,0.385,-0.205,-0.395,0.071,-0.027,0.08,0.504,0.471,0.204,0.253,-0.062,0.029,0.244,0.3,0.332,0.335,0.198,-0.317,0.364,0.288,0.214,-0.139,0.305,1.0,0.269,0.138,0.268,-0.039,0.304,-0.239,0.26,0.179,0.237,0.244,0.275,0.277,0.471,0.279,-0.001,-0.014,0.279,0.048,0.215,0.304,0.215,0.184,0.084,0.176,0.229,0.246,0.423,0.467,-0.195,0.264,0.331,0.18,0.221,0.259,0.112,0.21,0.24,0.12,0.286,0.297,0.457,0.241,-0.139,0.092,0.07,0.105,0.286,0.439,0.4,0.231,0.457,0.516,0.275,-0.025,0.13,0.182,-0.214,0.312,0.202,0.385,0.293,0.303,0.333,0.214,0.332,0.316,0.243,0.223,0.33,-0.081,0.458,0.438,0.218,-0.207,0.405,0.301,0.291,0.208,-0.249,-0.268,0.209,0.329,0.411,0.323,0.429,0.493,0.317,0.02,-0.254,0.097,0.273,0.346,-0.039,0.3,0.168,0.165,0.321,0.355,-0.135,0.277,0.225,0.122,0.351,0.156,-0.244,0.337,0.129,-0.362,0.234,0.296,0.297,0.351,-0.007,0.289,0.42,0.214,0.392,0.135,0.345,0.254,0.146,0.129,-0.157,0.301,0.44,0.419,0.247,0.23,0.319,0.248,0.288,0.21,0.379,0.293,0.29,0.282,0.062,0.092,0.135,-0.001,0.167,0.16,-0.375,0.18,0.381,0.167,0.189,0.332,0.245,-0.257,0.08,-0.006,-0.208,0.336,0.151,0.142,0.375,0.313,0.059,0.435,0.107,0.236,0.208,0.181,-0.037,0.199,0.243,0.302,0.134,0.323,0.207,0.202,0.23,0.225,0.223,0.181
BGC,0.727,-0.615,-0.144,-0.149,0.226,0.19,0.404,0.646,0.745,0.612,0.38,-0.498,0.755,-0.055,0.788,0.66,0.747,0.113,0.648,0.721,0.646,0.039,0.713,0.269,1.0,0.531,0.504,0.636,0.731,-0.167,0.71,0.451,0.662,0.623,0.491,0.254,0.722,0.745,-0.191,-0.502,0.265,0.607,0.682,0.605,0.519,0.713,-0.006,0.333,0.777,0.74,0.518,0.736,-0.681,0.371,0.371,0.581,0.656,0.657,-0.178,0.657,0.539,-0.191,0.336,0.756,0.687,0.621,-0.331,0.555,0.342,0.677,0.72,0.708,0.482,0.455,0.38,0.637,0.731,-0.583,0.598,0.57,-0.098,0.772,0.447,0.702,0.694,0.765,0.696,0.679,0.752,0.679,0.612,0.853,0.802,-0.446,0.636,0.719,0.546,-0.643,0.723,0.767,0.605,0.415,0.099,-0.699,0.614,0.347,0.765,0.603,0.623,0.636,0.486,-0.582,-0.126,0.131,0.707,0.729,-0.662,0.775,0.631,0.191,0.758,0.693,-0.349,0.496,-0.477,-0.488,0.776,0.808,0.005,0.777,0.542,-0.478,0.146,0.782,0.681,0.756,-0.674,0.7,0.673,0.504,0.775,0.448,0.163,0.714,0.708,0.78,-0.521,0.478,0.436,0.758,-0.02,0.241,0.671,0.626,0.682,0.727,0.666,0.752,0.713,0.788,0.564,0.542,0.748,0.311,0.611,0.678,-0.219,0.675,0.775,0.624,0.454,0.791,0.826,-0.486,0.081,-0.475,-0.116,0.71,0.317,0.589,0.756,0.53,-0.036,0.723,-0.403,0.757,0.566,0.427,-0.131,0.589,0.602,0.602,-0.397,0.729,0.821,0.34,0.73,0.242,0.53,0.081
BIDU,0.611,-0.584,-0.177,0.078,0.268,0.516,0.057,0.518,0.745,0.726,0.631,-0.369,0.644,0.087,0.746,0.694,0.643,0.005,0.573,0.752,0.632,0.231,0.535,0.138,0.531,1.0,0.89,0.538,0.701,0.179,0.482,0.777,0.451,0.677,0.681,0.334,0.637,0.705,-0.367,-0.423,0.396,0.733,0.623,0.658,0.543,0.744,-0.247,0.547,0.773,0.567,0.64,0.706,-0.554,0.698,0.589,0.743,0.746,0.614,0.095,0.678,0.611,0.07,0.555,0.597,0.517,0.35,-0.042,0.49,0.66,0.544,0.721,0.417,0.561,0.786,0.348,0.515,0.732,-0.52,0.575,0.592,0.204,0.562,0.587,0.456,0.65,0.599,0.661,0.54,0.586,0.454,0.901,0.613,0.597,-0.047,0.515,0.736,0.541,-0.531,0.684,0.428,0.492,0.589,-0.146,-0.615,0.743,0.471,0.682,0.634,0.664,0.669,0.73,-0.579,-0.158,0.27,0.676,0.653,-0.601,0.697,0.564,0.53,0.67,0.666,0.12,0.544,-0.329,-0.508,0.685,0.633,-0.322,0.526,0.716,-0.367,0.202,0.738,0.697,0.644,-0.42,0.756,0.573,0.792,0.602,0.126,0.401,0.671,0.551,0.587,-0.405,0.554,0.529,0.647,0.348,0.491,0.781,0.597,0.736,0.602,0.441,0.274,0.793,0.645,0.802,0.429,0.433,0.582,0.84,0.785,0.097,0.76,0.589,0.845,0.674,0.624,0.49,-0.395,-0.3,-0.133,-0.473,0.651,0.434,0.865,0.664,0.519,0.295,0.614,-0.203,0.76,0.73,0.73,0.08,0.287,0.67,0.617,-0.492,0.705,0.691,0.237,0.721,0.359,0.642,0.29
BILI,0.595,-0.576,-0.294,-0.056,0.209,0.555,0.168,0.57,0.67,0.737,0.61,-0.371,0.664,0.169,0.722,0.657,0.617,-0.144,0.596,0.789,0.58,0.118,0.57,0.268,0.504,0.89,1.0,0.467,0.682,0.181,0.493,0.698,0.462,0.608,0.689,0.464,0.618,0.663,-0.334,-0.443,0.437,0.665,0.663,0.627,0.643,0.681,-0.19,0.621,0.715,0.503,0.558,0.651,-0.492,0.59,0.515,0.659,0.778,0.615,0.072,0.636,0.507,0.026,0.539,0.555,0.526,0.366,-0.024,0.495,0.65,0.524,0.678,0.455,0.478,0.733,0.438,0.558,0.708,-0.488,0.559,0.563,0.202,0.557,0.621,0.502,0.626,0.592,0.661,0.5,0.571,0.436,0.831,0.593,0.563,0.001,0.564,0.845,0.551,-0.586,0.621,0.363,0.502,0.568,-0.263,-0.637,0.758,0.472,0.661,0.64,0.683,0.697,0.692,-0.646,-0.255,0.192,0.603,0.643,-0.538,0.678,0.509,0.431,0.636,0.738,0.06,0.548,-0.336,-0.477,0.714,0.593,-0.37,0.507,0.658,-0.493,0.197,0.725,0.668,0.639,-0.345,0.733,0.631,0.764,0.589,0.137,0.462,0.692,0.478,0.557,-0.426,0.566,0.546,0.639,0.359,0.491,0.762,0.684,0.718,0.561,0.44,0.249,0.731,0.634,0.768,0.401,0.346,0.577,0.862,0.783,0.037,0.668,0.605,0.766,0.737,0.621,0.483,-0.446,-0.305,-0.11,-0.511,0.641,0.419,0.82,0.63,0.525,0.287,0.645,-0.22,0.702,0.732,0.771,0.114,0.339,0.706,0.637,-0.453,0.731,0.635,0.327,0.626,0.409,0.604,0.237
BKR,0.515,-0.419,0.15,-0.183,0.186,0.004,0.083,0.44,0.591,0.429,0.586,-0.453,0.625,-0.277,0.716,0.502,0.615,0.357,0.437,0.52,0.513,0.162,0.506,-0.039,0.636,0.538,0.467,1.0,0.428,-0.132,0.485,0.329,0.46,0.433,0.382,0.155,0.517,0.702,-0.112,-0.415,0.35,0.65,0.489,0.457,0.676,0.588,-0.152,0.2,0.668,0.569,0.309,0.478,-0.504,0.18,0.146,0.418,0.611,0.442,-0.363,0.619,0.456,-0.272,0.211,0.498,0.429,0.752,-0.22,0.559,0.402,0.559,0.542,0.313,0.291,0.286,0.245,0.378,0.497,-0.432,0.455,0.409,-0.131,0.544,0.333,0.392,0.551,0.604,0.491,0.736,0.723,0.482,0.533,0.686,0.619,-0.509,0.361,0.578,0.492,-0.336,0.59,0.574,0.448,0.226,0.256,-0.39,0.572,0.112,0.568,0.468,0.519,0.404,0.276,-0.455,-0.025,-0.01,0.619,0.564,-0.539,0.592,0.484,0.103,0.596,0.58,-0.373,0.481,-0.585,-0.551,0.682,0.781,0.109,0.472,0.537,-0.366,-0.035,0.642,0.605,0.693,-0.497,0.537,0.464,0.385,0.533,0.276,-0.13,0.712,0.532,0.584,-0.451,0.313,0.29,0.588,0.005,0.218,0.549,0.571,0.386,0.639,0.442,0.565,0.547,0.678,0.712,0.453,0.635,0.2,0.602,0.671,-0.067,0.557,0.636,0.539,0.373,0.659,0.547,-0.309,-0.186,-0.39,-0.096,0.546,0.268,0.52,0.625,0.317,0.067,0.61,-0.302,0.611,0.481,0.449,-0.066,0.375,0.492,0.429,-0.513,0.627,0.651,0.368,0.638,0.15,0.392,0.031
BLDP,0.701,-0.66,-0.258,0.028,0.332,0.435,0.385,0.584,0.719,0.825,0.52,-0.222,0.641,0.194,0.795,0.796,0.686,-0.074,0.834,0.813,0.713,0.23,0.594,0.304,0.731,0.701,0.682,0.428,1.0,0.167,0.656,0.757,0.609,0.737,0.683,0.406,0.811,0.673,-0.367,-0.503,0.23,0.655,0.866,0.718,0.355,0.766,-0.158,0.45,0.776,0.636,0.684,0.795,-0.603,0.64,0.53,0.675,0.698,0.684,0.08,0.703,0.575,-0.004,0.407,0.736,0.698,0.44,-0.206,0.45,0.558,0.673,0.74,0.613,0.678,0.711,0.5,0.717,0.878,-0.685,0.639,0.644,0.076,0.735,0.539,0.858,0.703,0.673,0.823,0.569,0.64,0.596,0.761,0.795,0.668,-0.245,0.71,0.721,0.567,-0.657,0.767,0.608,0.643,0.648,-0.008,-0.75,0.625,0.582,0.831,0.643,0.669,0.721,0.687,-0.655,-0.208,0.305,0.738,0.773,-0.586,0.887,0.647,0.418,0.714,0.707,-0.151,0.553,-0.376,-0.362,0.71,0.69,-0.157,0.77,0.688,-0.441,0.205,0.714,0.769,0.7,-0.497,0.762,0.703,0.685,0.758,0.252,0.572,0.687,0.606,0.874,-0.494,0.714,0.56,0.71,0.363,0.482,0.751,0.609,0.852,0.675,0.614,0.504,0.799,0.722,0.587,0.396,0.543,0.507,0.701,0.682,-0.161,0.703,0.671,0.745,0.69,0.688,0.862,-0.481,0.169,-0.132,-0.254,0.725,0.418,0.723,0.744,0.508,0.107,0.728,-0.332,0.738,0.686,0.647,-0.084,0.627,0.66,0.714,-0.388,0.677,0.76,0.145,0.72,0.333,0.667,0.344
BLNK,-0.119,-0.106,-0.302,0.161,0.337,0.532,-0.102,0.031,-0.005,0.27,0.309,0.417,-0.117,0.362,-0.115,0.057,-0.006,-0.39,0.121,-0.022,0.047,0.475,-0.13,-0.239,-0.167,0.179,0.181,-0.132,0.167,1.0,-0.111,0.416,-0.118,0.319,0.467,0.56,-0.008,-0.05,0.016,0.134,0.22,0.329,0.332,0.078,-0.312,0.15,-0.049,0.368,0.015,-0.12,0.225,-0.086,0.4,0.203,0.315,0.267,0.095,0.186,0.463,0.061,-0.272,0.464,0.257,0.031,0.008,-0.18,0.574,0.098,0.488,0.157,0.071,-0.148,0.149,0.308,0.205,-0.251,0.033,-0.058,0.275,0.205,0.847,0.008,0.323,0.02,0.013,-0.0,0.109,-0.288,-0.156,-0.164,0.081,-0.045,-0.124,0.396,-0.01,-0.023,0.315,-0.025,-0.04,-0.26,-0.078,0.514,-0.083,-0.111,0.117,0.436,0.086,0.266,0.082,0.228,0.304,-0.194,-0.023,0.387,-0.114,-0.078,0.015,0.123,0.212,0.579,-0.039,-0.122,0.517,0.035,0.134,0.012,-0.033,-0.045,-0.231,-0.111,0.141,0.184,0.324,0.076,-0.026,-0.081,0.122,0.084,0.069,0.24,-0.071,-0.147,0.517,-0.158,0.015,0.06,0.406,0.314,0.265,-0.123,0.526,0.318,-0.025,0.035,0.179,-0.153,-0.322,-0.124,-0.006,-0.115,0.162,-0.032,-0.287,0.709,0.095,-0.033,0.408,0.02,-0.101,0.28,0.582,-0.084,0.003,0.35,-0.163,0.744,-0.192,-0.059,0.34,0.265,-0.15,0.185,0.384,0.057,-0.019,0.005,0.253,0.29,0.274,0.052,0.298,0.195,0.099,-0.191,0.026,-0.037,-0.155,0.304,0.171,0.387
BYND,0.664,-0.682,-0.226,-0.024,0.11,0.298,0.416,0.56,0.689,0.677,0.314,-0.435,0.718,-0.002,0.579,0.706,0.601,-0.039,0.618,0.762,0.625,-0.021,0.698,0.26,0.71,0.482,0.493,0.485,0.656,-0.111,1.0,0.463,0.808,0.584,0.432,0.22,0.702,0.589,-0.341,-0.626,0.169,0.509,0.612,0.619,0.419,0.637,-0.155,0.228,0.655,0.754,0.492,0.71,-0.663,0.499,0.414,0.517,0.605,0.565,-0.133,0.58,0.566,-0.211,0.162,0.807,0.604,0.526,-0.356,0.328,0.298,0.641,0.66,0.642,0.516,0.479,0.482,0.657,0.803,-0.72,0.486,0.507,-0.117,0.621,0.38,0.695,0.619,0.669,0.733,0.634,0.63,0.748,0.595,0.695,0.638,-0.415,0.587,0.634,0.426,-0.745,0.656,0.652,0.621,0.449,-0.148,-0.664,0.526,0.367,0.691,0.501,0.591,0.527,0.477,-0.587,-0.269,0.105,0.619,0.727,-0.684,0.654,0.736,0.223,0.664,0.691,-0.405,0.578,-0.474,-0.494,0.643,0.683,-0.021,0.773,0.544,-0.59,0.078,0.635,0.671,0.646,-0.656,0.651,0.479,0.481,0.756,0.235,0.257,0.695,0.616,0.681,-0.604,0.471,0.448,0.713,-0.013,0.203,0.669,0.66,0.642,0.621,0.672,0.598,0.693,0.732,0.484,0.264,0.578,0.297,0.637,0.617,-0.31,0.525,0.704,0.58,0.452,0.681,0.738,-0.581,0.096,-0.462,-0.246,0.648,0.281,0.587,0.687,0.293,-0.164,0.591,-0.317,0.594,0.595,0.519,-0.234,0.689,0.467,0.587,-0.549,0.631,0.669,0.012,0.641,0.081,0.583,0.139
