,AAL,AAPL,ABUS,ADBE,ADI,ADMA,AEP,AGNC,AKBA,ALT,AMAT,AMD,AMGN,AMZN,APA,APPS,ARCC,ARDX,ATER,ATOS,AUPH,AVGO,AZN,BCRX,BGC,BIDU,BILI,BKR,BLDP,BLNK,BYND,CAN,CELH,CG,CGC,CHRD,CLNE,CMCSA,COMM,COST,CPB,CPRT,CRON,CRWD,CSCO,CSGP,CSX,CTSH,CZR,DBX,DDOG,DKNG,DLTR,DOCU,DVAX,DXCM,EA,EBAY,ENPH,ERIC,ESPR,ETSY,EXC,EXEL,EXPE,FANG,FAST,FITB,FLEX,FOLD,FOXA,FSLR,FTNT,FUTU,GEN,GERN,GEVO,GILD,GOOG,GOOGL,GPRO,GT,HBAN,HIVE,HON,HST,HUT,IBRX,INTC,IOVA,IQ,IRWD,JBLU,JD,KDP,KHC,LBTYK,LRCX,LYFT,MAR,MARA,MAT,MCHP,MCRB,MDLZ,META,MGNI,MLCO,MNKD,MNST,MOMO,MRNA,MRVL,MSFT,MSTR,MTCH,MU,MVIS,NDAQ,NFLX,NKTR,NNDM,NTES,NTNX,NVAX,NVDA,NWL,NWSA,NXPI,OCGN,OKTA,ON,OPK,PAA,PACB,PAGP,PANW,PARA,PCAR,PDD,PENN,PEP,PLUG,PTEN,PTON,PYPL,QCOM,QUBT,QVCGA,RDFN,REAL,RIOT,ROKU,ROST,RUN,SABR,SAVA,SBUX,SFIX,SGMO,SIRI,SLM,SMCI,SNDL,SONO,STNE,STX,TCOM,TGTX,TIGR,TLRY,TMUS,TRIP,TSCO,TSLA,TTD,TXN,UAL,UNIT,VERU,VKTX,VLY,VOD,VTRS,VXRT,WBA,WBD,WDAY,WDC,WEN,WW,WYNN,XEL,XP,XRAY,XRX,Z,ZION,ZM,ZS
AAL,1.0,0.074,0.068,0.061,0.293,-0.025,-0.564,-0.145,0.231,0.075,0.482,-0.015,-0.239,0.121,0.054,0.496,-0.268,-0.125,0.394,0.051,0.126,0.608,-0.499,-0.396,0.086,0.128,0.051,0.089,0.263,0.438,0.045,0.37,0.053,-0.171,0.361,-0.237,0.441,-0.157,0.434,-0.356,-0.374,-0.403,0.355,0.037,-0.043,-0.145,-0.27,0.074,0.035,0.222,0.295,0.257,0.141,0.056,0.377,-0.108,0.108,0.191,-0.03,-0.04,-0.099,0.13,-0.087,-0.398,-0.13,0.071,-0.321,0.234,0.113,-0.172,-0.131,-0.167,-0.185,0.443,-0.208,0.224,0.655,-0.246,-0.176,-0.167,0.503,0.017,0.766,0.586,0.092,0.0,0.518,-0.038,0.304,-0.058,0.429,-0.248,0.589,0.603,-0.522,-0.14,0.046,0.603,0.07,0.514,0.644,-0.172,0.405,0.24,-0.226,0.147,0.405,0.489,0.011,-0.319,0.255,-0.273,0.543,-0.057,0.614,0.118,0.634,0.063,-0.295,0.471,-0.177,0.219,-0.161,0.325,-0.197,0.165,0.022,-0.043,0.381,0.001,-0.115,0.209,-0.099,-0.1,0.2,-0.054,0.172,0.272,0.272,0.385,0.533,-0.589,0.424,0.155,0.348,0.235,0.324,0.302,0.209,0.164,0.174,0.641,0.291,0.044,0.01,0.076,0.084,-0.256,0.428,-0.137,-0.112,0.06,0.353,0.249,0.279,0.148,-0.129,-0.339,0.507,0.191,0.238,-0.148,0.315,-0.198,0.171,0.146,0.235,0.83,-0.249,0.306,0.042,0.343,-0.091,-0.041,-0.091,0.386,0.507,0.292,0.433,-0.493,0.001,0.641,-0.613,-0.08,-0.232,0.49,0.264,0.499,0.192,0.161
AAPL,0.074,1.0,0.319,0.739,0.561,0.148,0.012,-0.426,0.235,-0.04,0.527,0.602,0.185,0.578,-0.347,0.35,0.665,0.689,0.568,-0.306,0.12,0.517,-0.287,0.024,0.476,0.651,0.333,-0.538,0.671,0.342,0.588,0.382,0.639,-0.347,0.604,-0.33,0.345,-0.343,-0.118,-0.432,-0.168,-0.031,0.537,0.717,0.188,0.611,-0.143,0.177,-0.208,0.603,0.638,0.472,0.115,0.716,0.499,0.684,0.5,0.55,0.658,0.433,0.584,0.549,0.44,0.137,0.28,-0.119,-0.424,-0.346,0.47,0.386,0.474,0.579,-0.272,0.332,0.401,0.535,0.194,-0.068,-0.072,0.052,0.306,-0.398,0.009,-0.101,-0.022,0.048,0.359,0.55,0.281,0.496,0.438,0.101,0.47,0.275,-0.235,-0.519,-0.421,0.454,0.761,0.389,0.133,-0.343,0.593,-0.089,-0.389,-0.146,0.46,0.432,0.305,0.351,0.568,0.085,0.406,0.775,0.296,0.375,0.332,0.183,-0.382,0.284,0.33,0.438,0.162,0.082,0.523,0.657,-0.603,0.3,0.519,-0.26,0.688,0.759,0.584,-0.244,0.762,-0.212,0.633,0.209,0.33,0.29,0.321,-0.195,0.486,-0.562,0.438,0.695,0.446,0.477,0.38,0.408,0.009,0.266,0.623,-0.292,0.599,0.741,-0.139,0.445,0.423,0.544,0.559,-0.536,0.551,0.521,0.643,0.73,-0.04,-0.081,0.345,0.35,0.528,-0.175,0.507,-0.384,0.541,0.636,0.44,0.181,-0.028,0.249,0.259,-0.243,-0.469,-0.377,-0.151,-0.267,0.211,0.718,0.279,-0.331,-0.123,0.277,-0.238,-0.418,-0.267,0.465,0.65,-0.396,0.738,0.784
ABUS,0.068,0.319,1.0,0.434,0.067,0.571,-0.221,0.055,0.635,0.569,0.352,0.462,-0.447,0.607,0.142,0.345,0.275,0.17,0.489,0.157,0.436,0.085,-0.082,0.168,-0.193,0.532,0.45,-0.243,0.638,0.385,0.464,0.328,0.58,-0.04,0.396,0.123,0.348,-0.114,-0.223,-0.15,-0.568,0.207,0.449,0.496,-0.352,0.223,-0.003,0.639,0.192,0.513,0.462,0.552,-0.243,0.585,0.302,0.488,0.445,-0.196,0.356,0.098,0.608,0.498,0.074,0.497,0.557,0.326,0.037,-0.04,-0.038,0.409,0.064,0.36,-0.419,0.211,0.488,0.602,0.495,-0.552,0.186,0.255,0.368,-0.371,-0.212,0.006,-0.506,0.623,0.162,0.521,-0.228,0.644,0.356,0.547,0.245,0.389,-0.465,-0.456,-0.212,0.169,0.423,0.644,0.019,0.009,0.329,0.202,-0.034,0.152,0.752,0.468,0.562,0.416,0.605,0.663,-0.016,0.073,0.109,0.696,-0.032,0.343,-0.108,-0.161,0.563,0.499,0.36,0.114,0.646,0.177,-0.343,-0.193,0.265,0.372,0.497,0.247,0.3,0.131,0.484,0.202,0.206,0.533,-0.306,0.367,0.271,-0.311,0.564,-0.219,0.304,0.469,0.367,0.397,0.156,0.856,0.522,0.117,0.393,0.327,0.5,0.613,0.384,-0.178,0.393,0.746,0.033,-0.375,0.238,0.371,0.351,0.536,0.41,0.23,0.442,0.575,0.657,-0.176,0.151,0.029,-0.01,0.736,-0.158,0.082,0.55,0.415,0.703,-0.087,-0.152,-0.129,0.448,-0.402,0.089,0.336,0.303,-0.2,-0.336,0.475,-0.094,-0.287,0.128,0.039,0.535,-0.231,0.422,0.426
ADBE,0.061,0.739,0.434,1.0,0.447,-0.005,-0.015,-0.483,0.108,-0.197,0.438,0.469,0.064,0.44,-0.446,0.491,0.591,0.67,0.656,-0.568,0.205,0.551,-0.339,0.063,0.403,0.721,0.247,-0.679,0.755,0.216,0.71,0.273,0.651,-0.57,0.544,-0.398,0.374,-0.455,-0.256,-0.439,-0.094,0.044,0.503,0.787,0.206,0.598,-0.312,0.426,-0.371,0.686,0.748,0.504,0.181,0.869,0.579,0.636,0.477,0.391,0.523,0.435,0.663,0.726,0.583,0.213,0.275,-0.196,-0.428,-0.462,0.344,0.38,0.481,0.491,-0.278,0.325,0.437,0.64,0.273,-0.161,-0.293,-0.149,0.268,-0.568,0.094,0.01,0.145,-0.007,0.402,0.501,0.408,0.447,0.395,0.201,0.508,0.237,-0.228,-0.636,-0.47,0.502,0.702,0.441,0.167,-0.35,0.692,-0.145,-0.575,-0.369,0.528,0.438,0.358,0.466,0.538,0.23,0.399,0.61,0.373,0.32,0.378,-0.006,-0.387,0.35,0.338,0.394,0.054,0.09,0.622,0.737,-0.645,0.238,0.513,-0.283,0.765,0.592,0.545,-0.353,0.717,-0.312,0.79,0.222,0.248,0.153,0.455,-0.219,0.521,-0.646,0.556,0.79,0.192,0.657,0.23,0.545,-0.033,0.356,0.705,-0.184,0.637,0.759,-0.234,0.348,0.483,0.639,0.471,-0.646,0.574,0.396,0.76,0.73,-0.084,-0.217,0.51,0.299,0.473,-0.188,0.558,-0.406,0.589,0.723,0.322,0.159,-0.08,0.347,0.219,-0.323,-0.507,-0.413,-0.217,-0.257,0.147,0.769,0.088,-0.29,-0.167,0.251,-0.176,-0.519,-0.389,0.458,0.7,-0.42,0.816,0.75
ADI,0.293,0.561,0.067,0.447,1.0,-0.062,-0.422,-0.43,0.022,-0.175,0.576,0.407,0.371,0.268,-0.394,0.468,0.447,0.399,0.565,-0.257,0.158,0.631,-0.552,-0.059,0.599,0.394,0.154,-0.259,0.502,0.355,0.376,0.336,0.439,-0.398,0.51,-0.529,0.234,-0.429,0.318,-0.452,0.01,-0.413,0.423,0.352,0.343,0.549,-0.233,-0.071,-0.032,0.597,0.582,0.423,0.219,0.392,0.308,0.432,0.358,0.683,0.596,0.382,0.324,0.541,0.253,-0.146,-0.006,-0.305,-0.576,-0.283,0.685,-0.097,0.507,0.401,-0.131,0.117,0.207,0.277,0.235,0.107,-0.331,-0.22,0.396,0.006,0.273,0.041,0.218,-0.159,0.434,0.19,0.453,0.193,0.387,-0.136,0.475,0.161,-0.344,-0.505,-0.387,0.652,0.655,0.25,0.212,-0.313,0.787,0.026,-0.509,-0.248,0.386,0.3,0.058,-0.075,0.507,-0.255,0.599,0.663,0.31,0.184,0.515,0.194,-0.442,0.347,0.095,0.371,-0.256,0.305,0.171,0.408,-0.334,0.355,0.768,-0.371,0.282,0.779,0.431,-0.218,0.638,-0.253,0.362,0.206,0.702,0.203,0.555,-0.38,0.329,-0.213,0.574,0.626,0.288,0.462,0.414,0.237,-0.131,0.262,0.589,-0.384,0.552,0.462,-0.216,0.264,0.441,0.205,0.574,-0.473,0.554,0.315,0.523,0.683,-0.24,-0.349,0.343,-0.007,0.229,0.082,0.467,-0.497,0.397,0.389,0.771,0.297,-0.309,0.409,-0.03,-0.034,-0.333,-0.109,-0.354,0.018,0.439,0.548,0.337,-0.652,0.313,0.228,-0.532,-0.053,-0.383,0.411,0.66,-0.131,0.466,0.534
ADMA,-0.025,0.148,0.571,-0.005,-0.062,1.0,-0.074,0.359,0.581,0.701,0.269,0.609,-0.365,0.461,0.393,-0.065,0.168,0.09,0.063,0.441,0.185,-0.13,0.142,0.28,-0.367,0.165,0.607,-0.016,0.235,0.458,0.046,0.2,0.279,0.377,0.203,0.302,0.118,0.067,-0.085,-0.059,-0.558,0.334,0.198,0.223,-0.45,0.129,0.419,0.164,0.54,0.15,0.078,0.184,-0.553,0.167,0.047,0.382,0.379,-0.331,0.32,0.173,0.162,-0.006,-0.371,0.331,0.511,0.405,0.237,0.274,0.029,0.332,0.007,0.358,-0.296,0.041,0.342,0.312,0.305,-0.495,0.634,0.687,0.171,-0.046,-0.285,-0.24,-0.595,0.596,-0.114,0.418,-0.449,0.439,0.193,0.561,0.049,0.295,-0.302,-0.134,0.108,0.005,0.022,0.379,-0.122,0.393,0.023,0.273,0.479,0.341,0.364,0.192,0.571,0.103,0.388,0.463,-0.171,-0.008,-0.133,0.593,-0.201,0.647,0.145,-0.434,0.522,0.375,0.628,-0.073,0.407,-0.082,-0.061,-0.119,0.08,0.541,0.273,0.176,0.08,0.414,0.175,0.443,-0.112,0.549,-0.292,0.54,-0.135,-0.207,0.275,-0.056,-0.194,0.048,0.436,-0.097,0.175,0.434,0.688,-0.105,-0.038,0.28,0.284,0.242,0.63,-0.2,-0.009,0.39,-0.034,0.136,-0.116,0.222,-0.039,0.185,0.536,0.53,0.071,0.607,0.446,-0.04,-0.196,0.308,-0.235,0.363,-0.179,-0.086,0.765,0.026,0.623,0.191,0.006,0.085,0.546,-0.485,0.092,0.068,0.369,-0.046,-0.276,0.316,-0.0,-0.039,0.237,-0.111,0.081,-0.038,0.059,0.212
AEP,-0.564,0.012,-0.221,-0.015,-0.422,-0.074,1.0,0.116,-0.285,-0.137,-0.467,-0.001,0.351,-0.166,0.013,-0.554,0.168,0.113,-0.48,-0.087,-0.24,-0.389,0.508,0.228,-0.118,-0.263,-0.158,-0.054,-0.343,-0.442,-0.131,-0.433,-0.191,0.203,-0.279,0.217,-0.303,0.237,-0.422,0.304,0.316,0.404,-0.336,-0.118,0.118,0.094,0.262,-0.053,-0.204,-0.328,-0.394,-0.378,-0.004,-0.125,-0.113,-0.103,-0.245,-0.174,-0.061,-0.039,-0.007,-0.306,0.328,0.224,0.016,-0.009,0.225,-0.08,-0.216,0.273,0.005,-0.137,0.296,-0.146,-0.115,-0.206,-0.582,0.282,0.267,0.221,-0.513,-0.18,-0.263,-0.388,0.039,-0.067,-0.505,-0.108,-0.111,-0.003,-0.521,0.137,-0.42,-0.549,0.61,0.272,0.267,-0.444,-0.196,-0.41,-0.483,0.106,-0.422,-0.302,0.297,0.0,-0.53,-0.294,-0.063,0.223,-0.469,0.139,-0.373,0.114,-0.486,-0.259,-0.373,-0.226,0.357,-0.147,-0.031,-0.327,0.162,-0.349,0.011,-0.012,-0.042,0.006,-0.517,-0.007,0.018,-0.273,0.039,0.082,-0.38,0.131,0.02,-0.382,-0.202,-0.392,-0.476,0.548,-0.454,-0.128,-0.374,-0.35,-0.203,-0.433,-0.221,-0.25,-0.139,-0.476,-0.32,0.02,-0.254,-0.132,-0.13,0.539,-0.559,-0.01,0.173,0.256,-0.307,-0.225,-0.275,-0.393,0.005,0.188,-0.365,-0.135,-0.228,-0.008,-0.179,0.145,-0.088,-0.259,-0.167,-0.392,0.243,-0.455,-0.109,-0.235,0.087,-0.095,0.006,-0.184,-0.538,-0.354,-0.342,0.643,-0.128,-0.488,0.626,-0.069,0.292,-0.239,-0.419,-0.195,-0.256,-0.171
AGNC,-0.145,-0.426,0.055,-0.483,-0.43,0.359,0.116,1.0,0.301,0.619,-0.315,-0.032,-0.399,0.063,0.825,-0.643,-0.315,-0.414,-0.591,0.74,-0.182,-0.62,0.507,0.393,-0.627,-0.577,0.217,0.62,-0.445,-0.336,-0.565,-0.437,-0.333,0.77,-0.562,0.835,-0.263,0.68,0.021,0.572,-0.163,0.457,-0.542,-0.472,-0.276,-0.591,0.483,-0.205,0.672,-0.529,-0.599,-0.498,-0.389,-0.414,-0.328,-0.294,-0.026,-0.616,-0.47,-0.36,-0.417,-0.631,-0.539,0.194,0.094,0.722,0.587,0.694,-0.315,0.14,-0.364,-0.29,0.332,-0.245,-0.267,-0.304,-0.236,-0.04,0.766,0.731,-0.324,0.472,-0.221,-0.174,-0.348,0.506,-0.549,-0.133,-0.639,-0.022,-0.494,0.418,-0.409,-0.128,0.272,0.554,0.775,-0.497,-0.56,-0.179,-0.469,0.705,-0.482,0.37,0.778,0.654,-0.234,-0.327,0.028,-0.346,-0.275,0.427,-0.607,-0.56,-0.435,0.319,-0.615,0.356,0.62,-0.613,0.045,-0.191,0.435,0.172,0.004,-0.519,0.564,-0.4,-0.438,0.601,-0.379,-0.562,-0.503,0.795,-0.484,0.743,-0.626,-0.139,-0.422,0.042,-0.528,0.107,-0.433,0.645,-0.664,-0.535,0.249,-0.706,0.07,-0.114,0.465,-0.529,-0.618,0.606,-0.367,-0.425,0.662,-0.284,-0.575,-0.182,-0.581,0.615,-0.712,-0.428,-0.562,-0.445,0.657,0.491,-0.279,0.09,-0.173,0.458,-0.697,0.604,-0.653,-0.305,-0.58,-0.251,0.63,-0.478,0.244,0.538,0.697,0.618,0.73,-0.069,-0.42,-0.629,0.172,0.489,0.094,0.053,0.377,0.52,0.713,-0.391,-0.6,0.46,-0.62,-0.553
AKBA,0.231,0.235,0.635,0.108,0.022,0.581,-0.285,0.301,1.0,0.726,0.51,0.329,-0.539,0.454,0.48,0.127,0.036,-0.006,0.225,0.499,0.184,0.06,0.166,0.324,-0.386,0.292,0.524,0.135,0.355,0.309,0.019,0.309,0.307,0.314,0.174,0.4,0.145,0.31,0.098,0.093,-0.702,0.341,0.265,0.292,-0.318,-0.135,0.319,0.108,0.54,0.154,0.188,0.265,-0.474,0.257,0.12,0.303,0.578,-0.358,0.129,0.112,0.121,-0.018,-0.281,0.422,0.461,0.593,0.359,0.393,-0.013,0.405,0.03,0.302,-0.228,0.077,0.187,0.546,0.433,-0.473,0.443,0.448,0.276,0.08,-0.198,-0.065,-0.565,0.592,0.045,0.525,-0.445,0.491,0.201,0.496,0.175,0.467,-0.302,-0.05,0.049,0.2,0.049,0.56,-0.023,0.29,0.136,0.606,0.276,0.416,0.554,0.18,0.564,-0.017,0.45,0.513,-0.017,-0.13,0.054,0.663,-0.111,0.43,0.227,-0.384,0.536,0.395,0.636,0.385,0.327,0.112,0.087,-0.126,0.164,0.443,0.379,0.118,0.128,0.393,0.288,0.477,-0.042,0.556,-0.335,0.651,0.003,-0.28,0.434,0.03,-0.146,0.157,0.583,0.003,0.386,0.432,0.499,0.019,0.047,0.457,0.329,0.299,0.617,-0.37,0.1,0.449,-0.265,0.049,0.03,0.053,0.11,0.263,0.579,0.543,0.274,0.57,0.433,0.159,-0.156,0.384,-0.138,0.448,-0.187,0.189,0.509,0.02,0.839,0.269,0.213,0.268,0.51,-0.226,0.149,0.154,0.447,-0.044,-0.069,0.518,0.014,0.127,0.28,-0.009,0.183,0.156,0.216,0.203
ALT,0.075,-0.04,0.569,-0.197,-0.175,0.701,-0.137,0.619,0.726,1.0,0.136,0.309,-0.511,0.509,0.614,-0.104,-0.133,-0.241,-0.141,0.764,0.176,-0.266,0.312,0.236,-0.522,-0.109,0.419,0.232,0.018,0.269,-0.201,0.077,0.093,0.537,-0.094,0.514,0.059,0.43,-0.004,0.218,-0.648,0.328,-0.037,-0.039,-0.507,-0.27,0.369,0.183,0.613,-0.153,-0.121,0.031,-0.562,-0.063,-0.109,0.091,0.308,-0.475,-0.029,-0.166,-0.106,-0.207,-0.511,0.245,0.313,0.606,0.432,0.599,-0.293,0.243,-0.239,0.078,-0.054,-0.053,0.004,0.19,0.268,-0.379,0.732,0.707,0.083,0.114,-0.188,-0.005,-0.642,0.709,-0.141,0.187,-0.595,0.289,-0.04,0.428,-0.071,0.249,-0.185,0.194,0.419,-0.109,-0.175,0.308,-0.132,0.399,-0.206,0.399,0.587,0.715,0.336,0.141,0.366,-0.121,0.203,0.529,-0.305,-0.26,-0.106,0.573,-0.282,0.516,0.295,-0.492,0.318,0.237,0.542,0.193,0.267,-0.243,0.246,-0.406,-0.176,0.624,0.032,-0.145,-0.205,0.521,0.028,0.623,-0.32,0.352,-0.467,0.375,-0.189,-0.204,0.178,0.279,-0.351,-0.144,0.604,-0.25,0.096,0.401,0.72,-0.16,-0.222,0.492,-0.004,-0.04,0.798,-0.332,-0.15,0.224,-0.349,0.285,-0.302,0.009,-0.284,-0.043,0.645,0.493,0.143,0.43,0.305,0.076,-0.439,0.462,-0.411,0.213,-0.338,-0.042,0.764,-0.093,0.72,0.33,0.344,0.277,0.823,-0.204,-0.023,-0.169,0.489,0.012,-0.2,0.372,0.11,0.116,0.521,-0.25,-0.157,0.189,-0.164,-0.03
AMAT,0.482,0.527,0.352,0.438,0.576,0.269,-0.467,-0.315,0.51,0.136,1.0,0.481,-0.129,0.371,-0.209,0.539,0.327,0.31,0.688,-0.159,0.194,0.725,-0.338,-0.015,0.195,0.585,0.407,-0.338,0.688,0.551,0.306,0.637,0.47,-0.267,0.535,-0.236,0.418,-0.283,0.184,-0.432,-0.458,-0.103,0.553,0.517,-0.006,0.291,-0.005,0.069,0.131,0.57,0.546,0.549,-0.014,0.468,0.34,0.483,0.627,0.202,0.508,0.579,0.306,0.365,0.036,0.096,0.305,-0.065,-0.286,-0.121,0.41,0.143,0.475,0.519,-0.425,0.236,0.324,0.63,0.649,-0.309,-0.125,-0.026,0.58,-0.153,0.176,0.172,-0.138,0.033,0.566,0.538,0.206,0.45,0.618,0.098,0.553,0.519,-0.516,-0.469,-0.356,0.847,0.404,0.507,0.377,-0.16,0.698,0.243,-0.319,-0.15,0.609,0.358,0.482,0.026,0.634,0.03,0.544,0.388,0.409,0.435,0.513,0.361,-0.259,0.187,0.346,0.566,0.212,0.215,0.293,0.463,-0.289,0.314,0.739,-0.029,0.52,0.632,0.383,-0.156,0.629,-0.12,0.452,0.671,0.209,0.604,0.43,-0.31,0.692,-0.419,0.341,0.524,0.451,0.466,0.437,0.388,0.087,0.439,0.48,-0.129,0.623,0.587,0.162,-0.126,0.512,0.461,0.27,-0.279,0.558,0.375,0.511,0.648,0.091,0.115,0.42,0.438,0.43,-0.08,0.342,-0.154,0.375,0.542,0.416,0.369,-0.063,0.351,0.454,0.06,-0.265,-0.104,-0.113,-0.072,0.595,0.608,0.52,-0.531,0.003,0.468,-0.431,-0.166,-0.356,0.44,0.628,-0.109,0.556,0.503
AMD,-0.015,0.602,0.462,0.469,0.407,0.609,-0.001,-0.032,0.329,0.309,0.481,1.0,0.006,0.611,-0.068,0.07,0.611,0.634,0.315,-0.074,0.147,0.249,-0.1,0.291,0.165,0.464,0.599,-0.437,0.506,0.408,0.381,0.361,0.607,-0.038,0.479,-0.052,0.247,-0.267,-0.178,-0.299,-0.346,0.23,0.444,0.547,-0.07,0.547,0.105,0.139,0.188,0.525,0.452,0.394,-0.221,0.532,0.328,0.657,0.5,0.148,0.622,0.362,0.432,0.304,0.033,0.291,0.415,0.049,-0.161,-0.16,0.378,0.443,0.417,0.598,-0.238,0.196,0.532,0.478,0.281,-0.273,0.328,0.455,0.28,-0.266,-0.133,-0.292,-0.311,0.345,0.073,0.571,-0.03,0.592,0.309,0.468,0.297,0.245,-0.248,-0.491,-0.186,0.34,0.451,0.336,-0.081,0.058,0.473,0.075,-0.048,-0.059,0.382,0.216,0.516,0.253,0.591,0.311,0.182,0.522,0.009,0.612,0.098,0.644,-0.147,-0.12,0.496,0.559,0.352,0.02,0.676,0.458,-0.441,0.121,0.394,0.118,0.611,0.633,0.426,0.139,0.55,0.082,0.415,0.48,0.025,0.489,0.089,-0.293,0.441,-0.429,0.095,0.45,0.506,0.19,0.3,0.502,0.318,0.001,0.328,-0.085,0.559,0.515,0.348,0.227,0.195,0.538,0.415,-0.224,0.309,0.374,0.351,0.571,0.329,0.281,0.286,0.597,0.522,-0.089,0.132,-0.057,0.101,0.558,0.287,-0.012,0.492,0.133,0.46,-0.002,-0.297,-0.13,0.204,-0.565,0.145,0.476,0.441,-0.221,-0.222,0.15,-0.093,-0.291,-0.119,0.208,0.42,-0.28,0.419,0.609
AMGN,-0.239,0.185,-0.447,0.064,0.371,-0.365,0.351,-0.399,-0.539,-0.511,-0.129,0.006,1.0,-0.396,-0.464,-0.059,0.238,0.21,-0.041,-0.415,-0.132,0.076,-0.064,-0.063,0.551,-0.061,-0.328,-0.147,-0.136,-0.164,0.018,-0.13,-0.027,-0.212,-0.041,-0.398,-0.274,-0.253,0.011,-0.071,0.534,-0.231,-0.12,0.042,0.434,0.555,-0.025,-0.259,-0.317,0.025,-0.022,-0.085,0.282,-0.024,-0.166,-0.025,-0.302,0.556,0.45,0.148,0.041,0.085,0.368,-0.159,-0.245,-0.533,-0.322,-0.441,0.323,-0.074,0.29,0.032,0.343,-0.25,-0.056,-0.259,-0.442,0.691,-0.374,-0.361,-0.259,0.036,0.0,-0.209,0.406,-0.57,-0.126,-0.183,0.349,-0.087,-0.095,-0.295,-0.02,-0.522,0.318,-0.042,-0.264,-0.034,0.243,-0.397,-0.165,-0.297,0.112,-0.328,-0.24,-0.492,-0.377,-0.178,-0.274,-0.006,-0.165,-0.296,0.092,0.637,-0.148,-0.476,0.125,-0.159,-0.112,0.183,-0.18,-0.181,-0.371,-0.162,-0.214,0.097,-0.175,0.376,0.093,-0.446,0.004,0.314,0.288,-0.313,-0.037,-0.323,0.129,-0.321,0.531,-0.422,0.014,0.319,-0.276,-0.198,0.134,0.026,-0.414,-0.033,-0.008,-0.287,-0.501,-0.161,0.076,-0.488,0.102,0.025,-0.601,0.739,-0.143,-0.151,0.682,-0.142,0.081,-0.085,0.071,0.02,-0.458,-0.384,-0.209,-0.473,-0.354,-0.001,0.192,-0.257,0.309,-0.234,0.615,-0.178,-0.354,-0.025,-0.383,-0.337,-0.249,-0.156,-0.59,0.172,-0.007,0.033,-0.307,-0.061,0.257,-0.443,0.099,0.02,-0.141,-0.047,0.079,-0.35,0.044,0.141
AMZN,0.121,0.578,0.607,0.44,0.268,0.461,-0.166,0.063,0.454,0.509,0.371,0.611,-0.396,1.0,0.104,0.27,0.492,0.306,0.377,0.221,0.387,0.202,-0.175,0.069,0.015,0.391,0.475,-0.292,0.586,0.402,0.47,0.284,0.525,0.015,0.457,0.047,0.353,-0.037,-0.108,-0.198,-0.461,0.086,0.437,0.403,-0.222,0.152,-0.106,0.383,0.077,0.422,0.483,0.412,-0.143,0.516,0.377,0.587,0.552,0.066,0.317,0.103,0.423,0.394,0.054,0.18,0.38,0.261,-0.132,0.092,0.059,0.266,0.132,0.447,-0.311,0.268,0.38,0.435,0.323,-0.439,0.381,0.448,0.38,-0.315,-0.008,0.057,-0.381,0.6,0.254,0.421,-0.075,0.482,0.27,0.292,0.285,0.342,-0.408,-0.331,-0.012,0.28,0.395,0.473,0.095,-0.058,0.395,0.042,-0.021,0.404,0.573,0.52,0.357,0.319,0.463,0.335,0.13,0.243,0.197,0.715,0.127,0.366,-0.297,0.006,0.403,0.42,0.278,0.147,0.67,0.296,-0.236,-0.067,0.316,0.249,0.463,0.454,0.25,0.074,0.646,0.059,0.238,0.266,-0.098,0.362,0.178,-0.375,0.474,-0.19,0.232,0.502,0.743,0.297,0.258,0.642,0.558,0.152,0.422,0.1,0.369,0.489,0.383,-0.029,0.321,0.459,0.058,-0.295,0.268,0.433,0.302,0.546,0.405,0.092,0.405,0.467,0.725,-0.098,0.129,-0.168,0.046,0.662,0.023,0.093,0.447,0.213,0.519,-0.022,-0.198,-0.22,0.498,-0.311,0.129,0.456,0.68,-0.297,-0.254,0.444,-0.255,-0.346,0.025,0.223,0.428,-0.14,0.386,0.537
APA,0.054,-0.347,0.142,-0.446,-0.394,0.393,0.013,0.825,0.48,0.614,-0.209,-0.068,-0.464,0.104,1.0,-0.455,-0.301,-0.405,-0.458,0.762,-0.091,-0.509,0.436,0.405,-0.585,-0.521,0.267,0.733,-0.351,-0.229,-0.472,-0.367,-0.263,0.765,-0.343,0.809,-0.168,0.69,0.195,0.579,-0.311,0.386,-0.312,-0.394,-0.178,-0.588,0.487,-0.097,0.699,-0.408,-0.433,-0.362,-0.444,-0.338,-0.114,-0.183,0.037,-0.6,-0.44,-0.357,-0.437,-0.527,-0.512,0.192,0.175,0.822,0.607,0.75,-0.229,0.141,-0.363,-0.209,0.32,-0.028,-0.205,-0.176,-0.129,-0.102,0.721,0.686,-0.198,0.545,-0.115,-0.152,-0.457,0.558,-0.452,-0.091,-0.704,0.037,-0.372,0.389,-0.324,0.015,0.061,0.521,0.679,-0.394,-0.528,0.109,-0.354,0.618,-0.369,0.576,0.75,0.672,-0.035,-0.09,0.079,-0.292,-0.231,0.422,-0.418,-0.596,-0.342,0.364,-0.507,0.302,0.587,-0.513,0.107,-0.116,0.505,0.317,-0.045,-0.473,0.602,-0.406,-0.324,0.555,-0.319,-0.416,-0.43,0.777,-0.391,0.795,-0.603,-0.064,-0.403,0.279,-0.358,-0.069,-0.339,0.666,-0.553,-0.384,0.28,-0.575,0.176,-0.027,0.572,-0.417,-0.481,0.643,-0.289,-0.362,0.578,-0.378,-0.415,-0.203,-0.652,0.58,-0.61,-0.326,-0.394,-0.307,0.679,0.47,-0.15,0.198,-0.009,0.485,-0.503,0.631,-0.608,-0.187,-0.499,0.007,0.581,-0.393,0.35,0.65,0.72,0.594,0.639,-0.029,-0.337,-0.529,0.281,0.463,0.132,0.21,0.274,0.494,0.651,-0.256,-0.465,0.629,-0.553,-0.473
APPS,0.496,0.35,0.345,0.491,0.468,-0.065,-0.554,-0.643,0.127,-0.104,0.539,0.07,-0.059,0.27,-0.455,1.0,0.125,0.202,0.79,-0.338,0.435,0.697,-0.653,-0.383,0.361,0.628,-0.108,-0.432,0.668,0.645,0.568,0.544,0.385,-0.668,0.64,-0.642,0.484,-0.522,0.289,-0.592,-0.265,-0.489,0.633,0.439,0.052,0.389,-0.55,0.452,-0.317,0.565,0.728,0.649,0.267,0.499,0.455,0.264,0.201,0.397,0.39,0.207,0.341,0.744,0.276,-0.201,0.022,-0.301,-0.549,-0.301,0.246,-0.116,0.21,0.171,-0.433,0.349,0.204,0.486,0.637,-0.293,-0.527,-0.476,0.639,-0.443,0.373,0.531,0.073,-0.095,0.797,0.177,0.447,0.089,0.691,-0.331,0.64,0.488,-0.565,-0.503,-0.56,0.63,0.471,0.534,0.737,-0.639,0.638,-0.053,-0.649,-0.234,0.721,0.666,0.096,0.135,0.422,-0.221,0.615,0.318,0.709,0.059,0.657,-0.18,-0.643,0.559,0.046,0.367,-0.332,0.192,0.092,0.439,-0.382,0.157,0.561,-0.354,0.3,0.511,0.299,-0.517,0.637,-0.414,0.505,0.33,0.342,0.156,0.798,-0.49,0.712,-0.323,0.748,0.715,0.144,0.878,0.127,0.488,0.02,0.788,0.74,-0.216,0.432,0.473,-0.304,-0.1,0.797,0.26,0.263,-0.543,0.688,0.521,0.655,0.575,-0.42,-0.481,0.607,0.12,0.481,-0.375,0.598,-0.594,0.53,0.558,0.478,0.54,-0.376,0.623,0.077,-0.237,-0.488,-0.452,-0.32,0.265,0.626,0.751,0.228,-0.726,-0.026,0.49,-0.671,-0.434,-0.608,0.478,0.733,-0.138,0.629,0.544
ARCC,-0.268,0.665,0.275,0.591,0.447,0.168,0.168,-0.315,0.036,-0.133,0.327,0.611,0.238,0.492,-0.301,0.125,1.0,0.679,0.42,-0.368,0.156,0.229,-0.127,0.241,0.356,0.517,0.287,-0.488,0.582,0.091,0.551,0.139,0.518,-0.285,0.53,-0.148,0.187,-0.295,-0.319,-0.188,0.089,0.111,0.41,0.528,0.21,0.59,0.011,0.189,-0.195,0.557,0.474,0.342,0.099,0.609,0.373,0.754,0.388,0.311,0.633,0.491,0.619,0.525,0.484,0.321,0.398,-0.137,-0.25,-0.483,0.407,0.361,0.667,0.683,-0.17,0.167,0.548,0.408,-0.061,0.048,-0.043,0.07,0.094,-0.281,-0.225,-0.402,-0.04,0.167,0.061,0.469,0.154,0.501,0.196,0.215,0.282,-0.055,-0.074,-0.477,-0.401,0.28,0.588,0.201,-0.211,-0.27,0.526,-0.23,-0.273,-0.287,0.231,0.254,0.308,0.482,0.341,0.208,0.206,0.613,-0.125,0.376,0.077,0.154,-0.22,0.094,0.401,0.325,0.141,-0.079,0.673,0.414,-0.463,0.412,0.458,-0.206,0.658,0.711,0.596,-0.089,0.636,-0.167,0.443,0.177,0.217,0.135,0.176,0.127,0.284,-0.519,0.254,0.509,0.217,0.304,0.273,0.377,0.001,-0.114,0.44,-0.216,0.579,0.69,-0.141,0.464,0.197,0.511,0.592,-0.449,0.372,0.355,0.484,0.646,0.056,0.058,0.148,0.216,0.415,-0.017,0.414,-0.306,0.323,0.48,0.373,-0.122,0.143,0.154,0.242,-0.293,-0.372,-0.252,-0.079,-0.447,0.064,0.452,0.204,-0.128,-0.075,0.007,-0.058,-0.287,-0.227,0.295,0.521,-0.492,0.465,0.567
ARDX,-0.125,0.689,0.17,0.67,0.399,0.09,0.113,-0.414,-0.006,-0.241,0.31,0.634,0.21,0.306,-0.405,0.202,0.679,1.0,0.378,-0.478,0.068,0.324,-0.106,0.244,0.449,0.587,0.31,-0.58,0.464,0.165,0.544,0.179,0.569,-0.383,0.478,-0.306,0.287,-0.375,-0.293,-0.361,-0.017,0.224,0.44,0.652,0.244,0.617,-0.063,0.145,-0.297,0.531,0.492,0.374,0.026,0.627,0.503,0.702,0.28,0.419,0.541,0.476,0.525,0.461,0.432,0.229,0.268,-0.231,-0.337,-0.413,0.448,0.449,0.577,0.619,-0.133,0.304,0.508,0.469,0.125,0.037,-0.16,-0.033,0.143,-0.368,-0.11,-0.318,0.033,-0.031,0.157,0.491,0.2,0.385,0.302,0.187,0.315,0.082,0.002,-0.522,-0.451,0.304,0.625,0.246,-0.031,-0.236,0.451,-0.138,-0.451,-0.424,0.212,0.208,0.405,0.398,0.437,0.112,0.255,0.622,0.029,0.206,0.111,0.177,-0.279,0.152,0.372,0.392,0.116,-0.012,0.48,0.606,-0.627,0.327,0.333,-0.302,0.654,0.617,0.598,-0.143,0.599,-0.235,0.648,0.194,0.177,0.193,0.168,-0.129,0.411,-0.59,0.273,0.528,0.165,0.344,0.204,0.296,-0.118,0.091,0.47,-0.264,0.561,0.536,-0.219,0.417,0.283,0.487,0.538,-0.436,0.394,0.34,0.562,0.578,-0.077,0.02,0.266,0.379,0.343,-0.156,0.443,-0.284,0.42,0.485,0.339,-0.001,-0.027,0.159,0.094,-0.219,-0.444,-0.301,-0.232,-0.38,0.074,0.662,0.012,-0.108,-0.167,-0.062,-0.026,-0.362,-0.356,0.43,0.437,-0.396,0.573,0.558
ATER,0.394,0.568,0.489,0.656,0.565,0.063,-0.48,-0.591,0.225,-0.141,0.688,0.315,-0.041,0.377,-0.458,0.79,0.42,0.378,1.0,-0.434,0.381,0.727,-0.651,-0.266,0.296,0.77,0.142,-0.524,0.912,0.594,0.686,0.567,0.534,-0.656,0.723,-0.477,0.449,-0.577,0.056,-0.646,-0.26,-0.38,0.71,0.605,0.021,0.507,-0.38,0.419,-0.24,0.787,0.727,0.703,0.29,0.71,0.459,0.474,0.354,0.41,0.61,0.416,0.648,0.786,0.392,0.0,0.198,-0.225,-0.617,-0.468,0.391,0.001,0.414,0.389,-0.604,0.351,0.437,0.596,0.608,-0.369,-0.492,-0.375,0.604,-0.455,0.227,0.237,0.014,-0.053,0.656,0.41,0.46,0.376,0.775,-0.103,0.659,0.465,-0.59,-0.696,-0.617,0.667,0.687,0.566,0.512,-0.519,0.801,-0.044,-0.633,-0.326,0.712,0.624,0.324,0.309,0.62,-0.055,0.613,0.481,0.524,0.329,0.597,0.046,-0.574,0.502,0.226,0.529,-0.118,0.079,0.367,0.462,-0.611,0.228,0.768,-0.278,0.535,0.688,0.487,-0.432,0.731,-0.425,0.59,0.437,0.358,0.246,0.696,-0.379,0.78,-0.502,0.758,0.786,0.209,0.811,0.225,0.565,-0.007,0.62,0.764,-0.22,0.674,0.817,-0.22,-0.011,0.792,0.481,0.466,-0.669,0.734,0.594,0.76,0.772,-0.211,-0.344,0.537,0.261,0.545,-0.34,0.626,-0.537,0.481,0.667,0.453,0.398,-0.246,0.667,0.212,-0.321,-0.611,-0.421,-0.292,-0.049,0.613,0.783,0.243,-0.654,-0.1,0.542,-0.596,-0.439,-0.559,0.461,0.915,-0.309,0.724,0.666
ATOS,0.051,-0.306,0.157,-0.568,-0.257,0.441,-0.087,0.74,0.499,0.764,-0.159,-0.074,-0.415,0.221,0.762,-0.338,-0.368,-0.478,-0.434,1.0,-0.051,-0.5,0.361,0.232,-0.532,-0.463,0.168,0.697,-0.35,0.019,-0.484,-0.2,-0.268,0.779,-0.345,0.603,-0.191,0.714,0.291,0.452,-0.423,0.254,-0.278,-0.46,-0.33,-0.539,0.382,-0.108,0.686,-0.429,-0.427,-0.271,-0.451,-0.447,-0.313,-0.252,0.027,-0.474,-0.365,-0.382,-0.396,-0.525,-0.556,0.091,0.14,0.7,0.558,0.81,-0.25,-0.017,-0.458,-0.229,0.168,-0.234,-0.195,-0.261,-0.052,-0.131,0.75,0.654,-0.04,0.469,-0.161,-0.012,-0.535,0.598,-0.339,-0.128,-0.661,-0.074,-0.339,0.286,-0.39,-0.029,0.041,0.513,0.604,-0.356,-0.439,0.032,-0.24,0.515,-0.432,0.412,0.739,0.855,-0.015,-0.074,0.017,-0.365,-0.145,0.277,-0.479,-0.502,-0.277,0.331,-0.418,0.283,0.416,-0.544,0.118,-0.147,0.338,0.285,-0.147,-0.538,0.611,-0.348,-0.34,0.586,-0.391,-0.412,-0.437,0.677,-0.318,0.717,-0.7,-0.035,-0.373,0.146,-0.377,-0.103,-0.232,0.7,-0.467,-0.425,0.47,-0.531,0.166,-0.027,0.587,-0.352,-0.436,0.554,-0.303,-0.413,0.638,-0.423,-0.362,-0.202,-0.567,0.537,-0.56,-0.279,-0.575,-0.351,0.547,0.437,-0.218,0.076,0.064,0.366,-0.651,0.49,-0.676,-0.157,-0.405,-0.096,0.55,-0.276,0.311,0.456,0.626,0.53,0.72,0.066,-0.176,-0.482,0.379,0.176,0.131,0.207,0.144,0.502,0.709,-0.378,-0.435,0.464,-0.524,-0.425
AUPH,0.126,0.12,0.436,0.205,0.158,0.185,-0.24,-0.182,0.184,0.176,0.194,0.147,-0.132,0.387,-0.091,0.435,0.156,0.068,0.381,-0.051,1.0,0.128,-0.249,-0.128,0.102,0.372,0.256,-0.237,0.421,0.314,0.564,0.252,0.469,-0.112,0.336,-0.098,0.302,-0.244,-0.074,-0.349,-0.292,-0.132,0.47,0.264,-0.345,0.221,-0.133,0.412,-0.106,0.386,0.392,0.654,-0.208,0.345,0.1,0.346,0.095,0.037,0.351,0.054,0.3,0.457,-0.049,0.137,0.163,-0.075,-0.162,-0.077,-0.144,0.053,-0.016,0.24,-0.234,0.185,0.323,0.377,0.327,-0.273,-0.141,-0.13,0.222,-0.282,-0.032,0.189,-0.242,0.287,0.267,0.225,0.034,0.314,0.318,0.073,0.323,0.156,-0.392,-0.428,-0.335,0.115,0.327,0.392,0.141,-0.156,0.32,-0.004,-0.308,-0.049,0.46,0.36,0.241,0.556,0.282,0.129,0.053,0.12,0.158,0.266,0.083,0.163,-0.32,0.035,0.272,0.315,-0.014,-0.164,0.211,0.04,-0.237,-0.141,0.24,0.246,0.263,0.255,0.501,-0.234,0.397,-0.205,0.119,0.305,-0.034,0.138,0.319,-0.308,0.341,-0.163,0.329,0.352,0.077,0.386,-0.147,0.614,0.336,0.201,0.365,-0.051,0.317,0.368,0.075,-0.032,0.26,0.289,0.174,-0.395,0.241,0.243,0.363,0.341,0.067,-0.156,0.401,0.226,0.433,-0.306,0.31,-0.223,0.229,0.48,0.031,0.115,0.218,0.36,0.333,-0.055,-0.282,-0.246,0.143,-0.105,0.2,0.309,0.184,-0.261,-0.325,0.28,-0.278,-0.302,-0.163,0.019,0.373,-0.172,0.3,0.331
AVGO,0.608,0.517,0.085,0.551,0.631,-0.13,-0.389,-0.62,0.06,-0.266,0.725,0.249,0.076,0.202,-0.509,0.697,0.229,0.324,0.727,-0.5,0.128,1.0,-0.663,-0.438,0.374,0.507,0.033,-0.491,0.6,0.536,0.407,0.502,0.295,-0.653,0.608,-0.622,0.532,-0.545,0.186,-0.689,-0.217,-0.453,0.54,0.42,0.162,0.383,-0.452,0.141,-0.316,0.563,0.594,0.446,0.38,0.444,0.552,0.29,0.359,0.497,0.413,0.35,0.316,0.541,0.337,-0.287,-0.138,-0.34,-0.705,-0.345,0.404,-0.074,0.344,0.241,-0.37,0.451,0.013,0.512,0.562,-0.203,-0.474,-0.393,0.521,-0.357,0.603,0.429,0.296,-0.304,0.76,0.172,0.665,0.138,0.632,-0.316,0.68,0.516,-0.515,-0.525,-0.412,0.87,0.492,0.422,0.67,-0.495,0.736,-0.056,-0.613,-0.297,0.487,0.522,0.113,-0.025,0.451,-0.394,0.809,0.468,0.659,0.062,0.802,-0.052,-0.534,0.7,-0.087,0.356,-0.221,0.165,0.065,0.614,-0.486,0.234,0.664,-0.4,0.307,0.648,0.283,-0.501,0.596,-0.436,0.699,0.33,0.518,0.306,0.69,-0.432,0.594,-0.445,0.666,0.604,0.242,0.655,0.212,0.231,-0.113,0.724,0.626,-0.36,0.366,0.485,-0.254,0.117,0.658,0.244,0.403,-0.414,0.808,0.466,0.621,0.544,-0.403,-0.41,0.591,0.191,0.281,-0.345,0.633,-0.547,0.579,0.388,0.642,0.632,-0.459,0.488,-0.018,-0.088,-0.494,-0.458,-0.458,0.147,0.628,0.679,0.261,-0.664,-0.071,0.425,-0.644,-0.388,-0.682,0.671,0.66,-0.056,0.593,0.55
AZN,-0.499,-0.287,-0.082,-0.339,-0.552,0.142,0.508,0.507,0.166,0.312,-0.338,-0.1,-0.064,-0.175,0.436,-0.653,-0.127,-0.106,-0.651,0.361,-0.249,-0.663,1.0,0.526,-0.455,-0.43,0.16,0.311,-0.508,-0.498,-0.534,-0.419,-0.297,0.57,-0.597,0.62,-0.373,0.635,-0.323,0.648,-0.048,0.748,-0.542,-0.241,-0.059,-0.364,0.704,-0.253,0.293,-0.603,-0.619,-0.503,-0.437,-0.377,-0.355,-0.113,0.0,-0.541,-0.32,0.002,-0.296,-0.657,-0.257,0.406,0.185,0.303,0.712,0.423,-0.339,0.262,-0.049,0.059,0.435,-0.31,-0.056,-0.263,-0.395,0.186,0.496,0.426,-0.582,0.352,-0.543,-0.399,-0.316,0.146,-0.607,-0.019,-0.686,0.058,-0.494,0.354,-0.567,-0.416,0.568,0.542,0.4,-0.523,-0.482,-0.301,-0.6,0.526,-0.669,0.142,0.587,0.224,-0.39,-0.553,0.172,-0.007,-0.318,0.46,-0.62,-0.339,-0.605,-0.011,-0.718,0.101,0.756,-0.629,0.203,-0.206,0.466,-0.165,-0.031,-0.36,0.382,-0.128,-0.558,0.374,-0.078,-0.503,-0.211,0.424,-0.49,0.456,-0.422,-0.077,-0.575,-0.039,-0.751,0.571,-0.383,0.112,-0.782,-0.626,-0.112,-0.715,-0.119,-0.297,0.002,-0.637,-0.683,0.399,-0.2,-0.368,0.302,-0.027,-0.66,-0.058,-0.322,0.515,-0.72,-0.47,-0.57,-0.473,0.53,0.637,-0.353,0.04,-0.344,0.322,-0.6,0.775,-0.353,-0.352,-0.515,-0.508,0.423,-0.584,0.287,0.228,0.548,0.388,0.38,-0.174,-0.472,-0.536,-0.095,0.685,-0.052,-0.459,0.862,0.327,0.597,-0.384,-0.634,0.068,-0.466,-0.554
BCRX,-0.396,0.024,0.168,0.063,-0.059,0.28,0.228,0.393,0.324,0.236,-0.015,0.291,-0.063,0.069,0.405,-0.383,0.241,0.244,-0.266,0.232,-0.128,-0.438,0.526,1.0,-0.135,-0.015,0.415,0.198,-0.071,-0.34,-0.149,-0.222,0.197,0.486,-0.187,0.413,-0.313,0.332,-0.038,0.558,-0.008,0.653,-0.161,0.191,0.234,0.015,0.587,-0.162,0.38,-0.012,-0.067,-0.151,-0.456,0.095,-0.06,0.25,0.309,-0.323,0.027,0.235,0.02,-0.195,-0.137,0.552,0.523,0.288,0.528,0.203,0.167,0.401,0.369,0.324,0.218,-0.214,0.336,0.055,-0.214,0.023,0.422,0.467,-0.209,0.268,-0.569,-0.606,-0.364,0.302,-0.535,0.381,-0.545,0.288,-0.339,0.656,-0.314,-0.235,0.355,0.107,0.219,-0.212,-0.137,-0.027,-0.654,0.51,-0.082,0.291,0.318,0.055,-0.057,-0.365,0.433,0.038,0.079,0.63,-0.43,-0.029,-0.55,0.305,-0.557,0.332,0.473,-0.573,0.554,0.054,0.559,0.261,0.316,-0.051,0.194,0.141,-0.135,0.278,0.324,-0.114,0.107,0.551,-0.108,0.534,-0.145,0.197,-0.29,0.304,-0.437,0.193,-0.138,0.015,-0.449,0.007,0.107,-0.322,0.353,0.072,0.085,-0.597,-0.174,0.279,0.373,-0.001,0.313,0.001,-0.354,0.262,-0.15,0.207,-0.394,-0.308,-0.143,0.055,0.549,0.654,-0.247,0.238,0.032,0.639,-0.323,0.531,-0.251,0.162,-0.262,-0.409,0.441,-0.492,0.356,0.184,0.369,0.532,0.251,-0.45,-0.352,-0.147,0.046,0.48,0.383,-0.309,0.539,0.319,0.41,-0.214,-0.194,-0.028,-0.076,-0.092
BGC,0.086,0.476,-0.193,0.403,0.599,-0.367,-0.118,-0.627,-0.386,-0.522,0.195,0.165,0.551,0.015,-0.585,0.361,0.356,0.449,0.296,-0.532,0.102,0.374,-0.455,-0.135,1.0,0.371,-0.14,-0.353,0.251,0.046,0.478,0.258,0.475,-0.451,0.385,-0.656,0.22,-0.521,0.162,-0.369,0.353,-0.426,0.365,0.368,0.507,0.548,-0.433,-0.038,-0.424,0.481,0.57,0.404,0.309,0.357,0.281,0.306,-0.02,0.83,0.414,0.224,0.239,0.479,0.396,-0.208,-0.068,-0.568,-0.521,-0.527,0.514,-0.018,0.333,0.254,0.044,0.142,0.214,0.1,-0.064,0.422,-0.532,-0.447,0.285,-0.194,0.186,0.027,0.393,-0.401,0.351,0.15,0.513,0.038,0.214,-0.305,0.311,0.011,-0.092,-0.427,-0.5,0.363,0.576,0.035,0.151,-0.533,0.512,-0.285,-0.628,-0.57,0.093,0.183,-0.226,0.188,0.249,-0.326,0.406,0.679,0.267,-0.236,0.427,-0.116,-0.59,0.411,-0.012,0.138,-0.444,0.066,0.064,0.458,-0.347,0.423,0.431,-0.585,0.237,0.561,0.518,-0.486,0.457,-0.497,0.434,-0.131,0.594,-0.073,0.434,-0.168,0.076,-0.321,0.521,0.512,-0.179,0.48,0.26,0.068,-0.42,0.202,0.584,-0.589,0.338,0.276,-0.561,0.44,0.362,0.071,0.549,-0.562,0.498,0.282,0.515,0.502,-0.484,-0.466,0.152,-0.214,0.143,-0.107,0.577,-0.55,0.52,0.245,0.593,0.141,-0.501,0.216,-0.32,-0.262,-0.39,-0.209,-0.573,0.105,0.086,0.502,-0.016,-0.366,0.222,-0.126,-0.342,-0.304,-0.461,0.37,0.426,-0.337,0.467,0.507
BIDU,0.128,0.651,0.532,0.721,0.394,0.165,-0.263,-0.577,0.292,-0.109,0.585,0.464,-0.061,0.391,-0.521,0.628,0.517,0.587,0.77,-0.463,0.372,0.507,-0.43,-0.015,0.371,1.0,0.288,-0.678,0.826,0.521,0.761,0.62,0.758,-0.543,0.704,-0.434,0.457,-0.57,-0.173,-0.559,-0.221,-0.057,0.765,0.856,-0.042,0.617,-0.311,0.381,-0.287,0.762,0.785,0.766,0.054,0.819,0.428,0.599,0.383,0.342,0.654,0.472,0.682,0.754,0.363,0.231,0.435,-0.282,-0.338,-0.53,0.294,0.325,0.408,0.524,-0.594,0.294,0.628,0.739,0.53,-0.37,-0.398,-0.294,0.521,-0.614,-0.108,0.01,-0.086,0.037,0.498,0.698,0.302,0.506,0.65,0.136,0.563,0.432,-0.408,-0.736,-0.733,0.492,0.718,0.493,0.312,-0.397,0.627,-0.055,-0.642,-0.434,0.642,0.384,0.459,0.521,0.657,0.141,0.389,0.533,0.401,0.301,0.39,0.129,-0.533,0.186,0.448,0.567,0.089,-0.033,0.516,0.625,-0.673,0.293,0.562,-0.203,0.766,0.612,0.687,-0.408,0.738,-0.401,0.631,0.539,0.111,0.336,0.489,-0.281,0.786,-0.698,0.549,0.732,0.177,0.753,0.185,0.611,-0.032,0.465,0.719,-0.215,0.733,0.795,-0.141,0.12,0.649,0.705,0.458,-0.69,0.669,0.538,0.759,0.743,-0.161,-0.054,0.399,0.469,0.615,-0.364,0.603,-0.435,0.576,0.781,0.262,0.195,-0.083,0.488,0.304,-0.401,-0.613,-0.406,-0.236,-0.335,0.406,0.81,0.064,-0.415,-0.232,0.318,-0.357,-0.52,-0.458,0.36,0.771,-0.507,0.903,0.788
BILI,0.051,0.333,0.45,0.247,0.154,0.607,-0.158,0.217,0.524,0.419,0.407,0.599,-0.328,0.475,0.267,-0.108,0.287,0.31,0.142,0.168,0.256,0.033,0.16,0.415,-0.14,0.288,1.0,-0.144,0.33,0.185,0.129,0.191,0.467,0.268,0.208,0.213,0.171,-0.022,-0.249,-0.033,-0.515,0.359,0.241,0.432,-0.331,0.107,0.486,0.091,0.335,0.27,0.222,0.274,-0.68,0.265,0.138,0.62,0.601,-0.172,0.356,0.328,0.213,0.051,-0.354,0.433,0.541,0.177,0.172,0.238,0.008,0.291,0.231,0.652,-0.212,0.188,0.475,0.362,0.373,-0.361,0.381,0.445,0.092,0.029,-0.276,-0.32,-0.518,0.4,-0.095,0.525,-0.327,0.556,0.184,0.611,0.131,0.268,-0.303,-0.407,-0.087,0.16,0.219,0.386,-0.291,0.524,0.245,0.268,0.099,0.087,0.362,0.076,0.702,0.207,0.58,0.494,-0.066,0.098,-0.182,0.669,-0.164,0.773,0.139,-0.336,0.562,0.617,0.691,-0.083,0.498,0.008,-0.119,-0.118,0.272,0.601,0.475,0.336,0.281,0.189,0.353,0.169,0.058,0.626,-0.308,0.736,-0.126,-0.223,0.322,-0.255,-0.21,0.157,0.359,-0.023,0.23,0.424,0.406,-0.184,0.037,0.048,0.483,0.366,0.608,-0.165,-0.029,0.436,-0.001,-0.053,-0.035,0.23,0.112,0.386,0.651,0.463,0.125,0.665,0.371,0.035,-0.013,0.364,-0.032,0.435,-0.233,-0.082,0.512,-0.03,0.589,0.359,-0.028,0.088,0.452,-0.589,0.007,0.231,0.381,0.002,-0.286,0.185,0.036,-0.126,0.162,0.01,0.152,-0.015,0.261,0.294
BKR,0.089,-0.538,-0.243,-0.679,-0.259,-0.016,-0.054,0.62,0.135,0.232,-0.338,-0.437,-0.147,-0.292,0.733,-0.432,-0.488,-0.58,-0.524,0.697,-0.237,-0.491,0.311,0.198,-0.353,-0.678,-0.144,1.0,-0.557,-0.386,-0.611,-0.419,-0.494,0.692,-0.449,0.564,-0.312,0.709,0.5,0.586,-0.038,0.121,-0.421,-0.677,0.048,-0.616,0.339,-0.344,0.606,-0.507,-0.545,-0.483,-0.126,-0.587,-0.288,-0.511,-0.265,-0.333,-0.576,-0.437,-0.538,-0.633,-0.35,-0.011,-0.064,0.61,0.495,0.656,-0.028,-0.177,-0.416,-0.467,0.491,-0.199,-0.388,-0.555,-0.362,0.222,0.405,0.305,-0.213,0.764,-0.031,-0.06,-0.158,0.251,-0.465,-0.36,-0.525,-0.285,-0.48,0.093,-0.432,-0.21,0.217,0.632,0.569,-0.428,-0.539,-0.113,-0.296,0.438,-0.415,0.471,0.591,0.496,-0.296,-0.292,-0.315,-0.493,-0.401,0.053,-0.41,-0.588,-0.322,0.022,-0.44,-0.03,0.551,-0.33,-0.134,-0.417,0.059,0.342,-0.437,-0.553,0.738,-0.213,-0.317,0.294,-0.618,-0.519,-0.477,0.638,-0.576,0.614,-0.724,-0.331,-0.087,-0.029,-0.318,0.051,-0.585,0.89,-0.387,-0.515,-0.029,-0.613,0.233,-0.398,0.19,-0.414,-0.501,0.537,-0.446,-0.559,0.229,-0.313,-0.424,-0.521,-0.575,0.609,-0.601,-0.534,-0.502,-0.476,0.28,0.217,-0.334,-0.273,-0.266,0.627,-0.514,0.471,-0.6,-0.49,-0.296,0.044,0.152,-0.302,-0.097,0.55,0.768,0.7,0.289,0.317,-0.306,-0.665,0.045,0.368,0.435,0.004,0.196,0.773,0.618,-0.292,-0.498,0.678,-0.683,-0.683
BLDP,0.263,0.671,0.638,0.755,0.502,0.235,-0.343,-0.445,0.355,0.018,0.688,0.506,-0.136,0.586,-0.351,0.668,0.582,0.464,0.912,-0.35,0.421,0.6,-0.508,-0.071,0.251,0.826,0.33,-0.557,1.0,0.533,0.735,0.514,0.68,-0.513,0.743,-0.322,0.469,-0.473,-0.059,-0.532,-0.322,-0.166,0.718,0.707,-0.025,0.513,-0.282,0.465,-0.145,0.804,0.782,0.709,0.13,0.812,0.499,0.606,0.52,0.29,0.641,0.424,0.714,0.77,0.395,0.195,0.391,-0.077,-0.472,-0.389,0.362,0.205,0.442,0.501,-0.568,0.376,0.538,0.645,0.565,-0.432,-0.249,-0.116,0.55,-0.504,0.073,0.096,-0.107,0.191,0.53,0.558,0.303,0.571,0.623,0.14,0.613,0.455,-0.552,-0.737,-0.537,0.598,0.691,0.603,0.313,-0.369,0.8,-0.022,-0.505,-0.227,0.756,0.585,0.416,0.439,0.673,0.179,0.468,0.488,0.398,0.554,0.43,0.182,-0.451,0.335,0.398,0.578,0.05,0.061,0.619,0.515,-0.607,0.183,0.715,-0.103,0.692,0.696,0.555,-0.293,0.792,-0.302,0.589,0.47,0.207,0.337,0.583,-0.314,0.783,-0.541,0.636,0.805,0.323,0.744,0.295,0.691,0.152,0.451,0.737,-0.141,0.753,0.909,-0.043,0.044,0.648,0.633,0.423,-0.642,0.634,0.598,0.754,0.82,0.018,-0.146,0.546,0.399,0.688,-0.247,0.556,-0.423,0.414,0.776,0.326,0.294,0.017,0.547,0.411,-0.273,-0.541,-0.387,-0.09,-0.244,0.407,0.777,0.339,-0.531,-0.154,0.541,-0.45,-0.453,-0.41,0.429,0.885,-0.34,0.77,0.748
BLNK,0.438,0.342,0.385,0.216,0.355,0.458,-0.442,-0.336,0.309,0.269,0.551,0.408,-0.164,0.402,-0.229,0.645,0.091,0.165,0.594,0.019,0.314,0.536,-0.498,-0.34,0.046,0.521,0.185,-0.386,0.533,1.0,0.324,0.663,0.302,-0.335,0.599,-0.427,0.438,-0.449,0.162,-0.653,-0.487,-0.318,0.607,0.344,-0.275,0.373,-0.288,0.273,0.055,0.455,0.435,0.545,-0.032,0.289,0.231,0.27,0.26,0.151,0.516,0.172,0.254,0.452,-0.086,-0.202,0.117,-0.135,-0.36,-0.084,0.187,-0.104,0.029,0.239,-0.644,0.261,0.279,0.453,0.745,-0.53,-0.056,-0.006,0.621,-0.37,0.262,0.332,-0.215,0.096,0.619,0.256,0.248,0.094,0.686,-0.125,0.468,0.548,-0.604,-0.442,-0.315,0.497,0.331,0.429,0.658,-0.287,0.405,0.018,-0.201,0.078,0.593,0.56,0.274,0.029,0.513,-0.207,0.499,0.298,0.515,0.252,0.564,0.272,-0.537,0.213,0.076,0.512,0.001,-0.047,0.112,0.234,-0.377,0.016,0.447,-0.047,0.199,0.475,0.133,-0.229,0.47,-0.17,0.258,0.548,0.156,0.376,0.474,-0.565,0.752,-0.291,0.42,0.441,0.45,0.555,0.007,0.426,0.388,0.646,0.424,-0.179,0.377,0.371,0.155,-0.161,0.635,0.257,0.281,-0.235,0.53,0.598,0.312,0.421,-0.159,-0.1,0.381,0.446,0.526,-0.441,0.278,-0.363,0.209,0.45,0.394,0.384,0.056,0.539,0.209,-0.108,-0.439,-0.365,-0.033,-0.048,0.699,0.563,0.403,-0.692,-0.219,0.522,-0.627,-0.335,-0.419,0.293,0.522,-0.108,0.426,0.49
BYND,0.045,0.588,0.464,0.71,0.376,0.046,-0.131,-0.565,0.019,-0.201,0.306,0.381,0.018,0.47,-0.472,0.568,0.551,0.544,0.686,-0.484,0.564,0.407,-0.534,-0.149,0.478,0.761,0.129,-0.611,0.735,0.324,1.0,0.332,0.751,-0.49,0.723,-0.405,0.457,-0.572,-0.126,-0.572,-0.066,-0.197,0.773,0.668,0.044,0.606,-0.451,0.548,-0.408,0.813,0.818,0.812,0.188,0.797,0.522,0.57,0.179,0.456,0.551,0.348,0.641,0.847,0.468,0.183,0.325,-0.26,-0.539,-0.573,0.27,0.237,0.284,0.395,-0.461,0.371,0.511,0.57,0.263,-0.263,-0.401,-0.286,0.476,-0.652,0.06,0.01,0.079,0.109,0.419,0.488,0.388,0.453,0.475,0.053,0.465,0.261,-0.433,-0.714,-0.621,0.372,0.734,0.526,0.201,-0.486,0.636,-0.176,-0.66,-0.371,0.565,0.518,0.256,0.726,0.465,0.074,0.366,0.521,0.337,0.237,0.325,-0.06,-0.587,0.36,0.408,0.383,-0.113,-0.035,0.521,0.562,-0.724,0.199,0.45,-0.247,0.624,0.58,0.762,-0.448,0.693,-0.436,0.645,0.226,0.19,0.046,0.569,-0.34,0.498,-0.524,0.713,0.772,0.091,0.714,0.133,0.67,0.075,0.363,0.854,-0.269,0.557,0.71,-0.312,0.252,0.564,0.548,0.464,-0.754,0.611,0.562,0.809,0.701,-0.195,-0.321,0.468,0.247,0.674,-0.394,0.72,-0.582,0.497,0.79,0.285,0.178,-0.077,0.504,0.112,-0.46,-0.654,-0.522,-0.21,-0.303,0.226,0.692,0.002,-0.305,-0.265,0.291,-0.377,-0.596,-0.475,0.337,0.737,-0.466,0.713,0.755
