,AAL,AAPL,ABUS,ADBE,ADI,ADMA,AEP,AGNC,AKBA,ALT,AMAT,AMD,AMGN,AMZN,APA,APPS,ARCC,ARDX,ATER,ATOS,AUPH,AVGO,AZN,BCRX,BGC,BIDU,BILI,BKR,BLDP,BLNK,BYND,CAN,CELH,CG,CGC,CHRD,CLNE,CMCSA,COMM,COST,CPB,CPRT,CRON,CRWD,CSCO,CSGP,CSX,CTSH,CZR,DBX,DDOG,DKNG,DLTR,DOCU,DVAX,DXCM,EA,EBAY,ENPH,ERIC,ESPR,ETSY,EXC,EXEL,EXPE,FANG,FAST,FITB,FLEX,FOLD,FOXA,FSLR,FTNT,FUTU,GEN,GERN,GEVO,GILD,GOOG,GOOGL,GPRO,GT,HBAN,HIVE,HON,HST,HUT,IBRX,INTC,IOVA,IQ,IRWD,JBLU,JD,KDP,KHC,LBTYK,LRCX,LYFT,MAR,MARA,MAT,MCHP,MCRB,MDLZ,META,MGNI,MLCO,MNKD,MNST,MOMO,MRNA,MRVL,MSFT,MSTR,MTCH,MU,MVIS,NDAQ,NFLX,NKTR,NNDM,NTES,NTNX,NVAX,NVDA,NWL,NWSA,NXPI,OCGN,OKTA,ON,OPK,PAA,PACB,PAGP,PANW,PARA,PCAR,PDD,PENN,PEP,PLUG,PTEN,PTON,PYPL,QCOM,QUBT,QVCGA,RDFN,REAL,RIOT,ROKU,ROST,RUN,SABR,SAVA,SBUX,SFIX,SGMO,SIRI,SLM,SMCI,SNDL,SONO,STNE,STX,TCOM,TGTX,TIGR,TLRY,TMUS,TRIP,TSCO,TSLA,TTD,TXN,UAL,UNIT,VERU,VKTX,VLY,VOD,VTRS,VXRT,WBA,WBD,WDAY,WDC,WEN,WW,WYNN,XEL,XP,XRAY,XRX,Z,ZION,ZM,ZS
AAL,1.0,-0.272,0.289,-0.329,0.199,0.233,-0.386,0.298,-0.244,-0.458,0.091,-0.157,-0.142,-0.414,0.069,0.131,0.073,-0.055,0.109,-0.147,0.212,0.047,0.47,0.175,0.162,-0.344,-0.408,-0.146,-0.066,-0.048,0.141,-0.363,0.044,-0.315,-0.029,0.012,0.091,-0.327,-0.121,-0.404,-0.427,0.025,-0.012,-0.015,-0.323,-0.148,-0.086,-0.079,0.315,-0.208,0.484,-0.484,-0.296,-0.062,0.236,0.255,-0.435,0.025,0.012,-0.223,0.308,0.176,-0.36,-0.069,0.531,0.408,-0.031,0.199,-0.241,-0.184,0.619,-0.226,-0.054,-0.402,-0.318,0.041,0.154,0.316,-0.265,-0.221,0.237,0.185,-0.191,-0.336,-0.085,0.191,-0.435,0.128,-0.288,0.484,-0.471,0.361,0.842,-0.457,-0.325,-0.115,-0.122,0.05,0.346,0.375,-0.177,-0.005,0.164,0.349,0.084,-0.497,0.001,-0.274,-0.141,-0.301,-0.312,0.055,0.184,-0.095,-0.134,-0.256,0.116,-0.163,-0.208,-0.239,0.246,-0.05,-0.196,-0.253,-0.112,-0.198,-0.37,0.64,0.088,0.145,-0.05,0.116,0.539,-0.212,-0.245,-0.204,-0.018,-0.118,-0.46,-0.477,-0.13,-0.425,0.558,-0.056,-0.231,-0.433,-0.37,0.023,0.021,0.4,0.277,-0.094,0.088,0.191,-0.101,0.546,0.252,-0.408,0.342,0.005,-0.043,0.051,0.026,-0.185,0.061,-0.072,0.086,-0.17,0.015,-0.361,-0.033,0.089,-0.127,0.228,-0.056,0.229,0.153,0.596,-0.143,-0.287,-0.252,0.168,-0.1,-0.224,0.073,-0.315,-0.105,-0.131,-0.087,-0.173,-0.334,-0.316,-0.283,-0.269,-0.447,-0.036,0.254,-0.007,-0.024,0.122
AAPL,-0.272,1.0,-0.384,0.614,-0.474,0.104,0.777,0.248,0.595,0.391,-0.124,0.517,0.537,0.671,-0.081,-0.164,-0.076,0.489,-0.3,0.578,-0.501,-0.054,0.083,0.25,0.554,0.486,0.647,-0.092,0.618,0.74,0.279,0.592,-0.114,0.378,0.623,-0.211,0.14,0.725,0.6,0.555,0.148,0.12,0.65,0.398,0.677,-0.016,0.545,0.512,-0.121,0.762,-0.364,0.572,0.425,0.458,0.396,-0.188,0.711,0.52,0.618,0.694,0.159,-0.177,0.239,-0.294,-0.487,-0.415,0.519,-0.167,0.559,0.753,-0.179,0.008,0.655,0.649,0.701,0.607,-0.047,-0.199,0.821,0.787,0.433,-0.279,0.626,0.676,0.605,-0.08,0.407,0.512,0.238,0.046,0.644,0.251,-0.227,0.682,0.551,-0.022,0.641,0.08,-0.434,-0.543,0.577,0.478,-0.226,-0.053,0.342,0.664,0.411,0.75,0.505,0.686,0.735,-0.073,-0.164,0.447,0.556,0.108,0.214,0.66,0.699,0.371,-0.297,0.656,0.675,0.145,0.628,0.666,0.817,-0.065,0.205,-0.228,0.597,-0.371,-0.185,0.211,0.643,0.011,-0.317,0.763,0.536,0.598,0.762,0.633,0.254,0.053,-0.137,0.783,0.737,0.593,0.483,0.105,-0.573,0.375,0.378,0.135,0.704,-0.294,-0.152,0.655,0.348,0.597,0.592,0.429,0.18,0.581,0.524,0.302,0.658,0.829,-0.164,0.684,0.68,0.549,0.225,-0.289,0.28,0.352,-0.353,0.401,0.474,0.475,0.512,0.513,0.686,0.786,0.52,0.714,0.627,0.255,0.309,0.618,0.618,0.72,0.767,0.683,0.668,0.514,0.337,0.296,0.172,0.65
ABUS,0.289,-0.384,1.0,-0.508,0.674,-0.572,-0.609,-0.411,-0.246,0.271,0.661,-0.716,-0.72,-0.085,0.387,0.505,0.606,-0.668,0.729,-0.398,0.68,0.479,-0.348,-0.251,-0.438,0.069,-0.437,0.564,-0.679,-0.568,-0.613,-0.704,0.659,-0.071,-0.687,0.646,0.292,-0.623,-0.706,0.077,0.347,0.133,-0.671,-0.697,-0.656,0.62,-0.719,-0.547,0.446,-0.402,0.56,-0.398,-0.679,-0.724,-0.431,0.576,-0.494,-0.619,-0.675,-0.542,-0.456,0.389,0.379,0.587,0.577,0.564,-0.642,0.353,-0.343,-0.464,0.174,0.523,-0.604,-0.312,-0.477,-0.297,0.498,0.087,-0.413,-0.433,-0.551,0.496,-0.487,-0.568,-0.661,0.306,0.066,-0.629,0.232,0.047,-0.487,-0.49,0.165,-0.341,-0.437,0.343,-0.225,0.183,0.624,0.676,-0.609,-0.71,0.531,0.095,-0.568,-0.424,-0.048,-0.603,-0.338,-0.655,-0.663,0.614,0.2,-0.302,-0.706,0.527,0.188,-0.681,-0.082,0.244,0.561,-0.443,-0.586,0.329,-0.248,-0.409,-0.501,-0.0,-0.383,0.218,-0.616,0.785,-0.074,0.316,-0.614,0.36,0.684,-0.511,-0.123,-0.182,-0.541,-0.162,-0.197,0.443,0.145,-0.445,-0.589,-0.669,-0.674,-0.199,0.518,-0.719,-0.665,-0.601,-0.32,0.633,-0.375,-0.181,-0.542,-0.6,-0.716,-0.581,0.143,-0.675,-0.61,-0.662,-0.449,-0.26,0.518,-0.155,-0.658,-0.659,-0.162,0.814,0.402,-0.595,0.649,-0.362,-0.272,-0.17,-0.093,-0.64,-0.715,-0.668,-0.538,-0.286,-0.661,-0.014,-0.714,-0.674,-0.65,-0.617,-0.641,-0.612,-0.306,-0.697,-0.561,0.06,-0.544,-0.073
ADBE,-0.329,0.614,-0.508,1.0,-0.518,0.134,0.735,0.161,0.318,0.165,-0.144,0.464,0.593,0.461,-0.033,-0.362,-0.317,0.443,-0.466,0.426,-0.612,-0.063,-0.013,0.201,0.467,0.137,0.36,-0.072,0.386,0.546,0.276,0.518,-0.253,0.516,0.566,-0.307,-0.053,0.589,0.685,0.466,0.049,0.227,0.597,0.417,0.703,-0.194,0.575,0.492,-0.231,0.515,-0.456,0.717,0.531,0.45,0.282,-0.338,0.711,0.497,0.496,0.661,0.272,-0.104,0.157,-0.361,-0.525,-0.449,0.486,-0.089,0.42,0.56,-0.24,0.024,0.504,0.363,0.59,0.458,-0.055,-0.144,0.675,0.659,0.279,-0.294,0.571,0.498,0.578,-0.195,0.176,0.353,0.21,-0.081,0.458,0.208,-0.169,0.401,0.743,-0.136,0.216,0.13,-0.552,-0.478,0.453,0.574,-0.235,-0.177,0.407,0.88,0.154,0.566,0.304,0.767,0.674,-0.303,-0.209,0.538,0.515,-0.08,0.173,0.579,0.463,0.021,-0.477,0.535,0.485,0.024,0.264,0.55,0.698,-0.168,0.192,-0.195,0.46,-0.423,-0.02,0.112,0.594,-0.018,-0.351,0.535,0.559,0.3,0.598,0.481,-0.02,-0.129,0.076,0.601,0.642,0.532,0.483,-0.103,-0.367,0.38,0.368,0.156,0.378,-0.524,-0.067,0.441,0.278,0.385,0.628,0.466,-0.081,0.566,0.372,0.305,0.46,0.409,-0.376,0.443,0.605,0.536,0.376,-0.447,-0.01,0.323,-0.342,0.217,0.273,0.211,0.329,0.434,0.614,0.627,0.443,0.548,0.656,0.161,0.381,0.559,0.732,0.589,0.744,0.566,0.63,0.534,0.228,0.171,0.214,0.268
ADI,0.199,-0.474,0.674,-0.518,1.0,-0.498,-0.442,-0.192,-0.316,0.222,0.723,-0.454,-0.519,-0.064,0.34,0.341,0.663,-0.608,0.591,-0.469,0.709,0.57,-0.271,-0.208,-0.237,-0.05,-0.455,0.714,-0.552,-0.549,-0.488,-0.506,0.597,0.035,-0.649,0.64,0.488,-0.64,-0.553,0.082,0.38,0.271,-0.587,-0.478,-0.448,0.498,-0.429,-0.185,0.56,-0.483,0.463,-0.435,-0.544,-0.683,-0.438,0.549,-0.499,-0.468,-0.524,-0.494,-0.369,0.366,0.42,0.611,0.671,0.696,-0.474,0.649,-0.171,-0.469,0.178,0.576,-0.419,-0.365,-0.405,-0.319,0.442,0.226,-0.268,-0.298,-0.432,0.541,-0.174,-0.606,-0.45,0.486,-0.104,-0.504,0.48,-0.026,-0.459,-0.401,0.136,-0.351,-0.328,0.405,-0.09,0.264,0.575,0.722,-0.638,-0.452,0.785,0.024,-0.37,-0.417,0.031,-0.657,-0.098,-0.445,-0.538,0.607,0.561,-0.029,-0.48,0.505,0.232,-0.592,-0.087,0.03,0.522,-0.456,-0.641,0.17,-0.431,-0.208,-0.383,0.083,0.081,0.275,-0.629,0.804,0.015,0.452,-0.524,0.454,0.702,-0.521,-0.013,-0.249,-0.509,-0.14,-0.288,0.571,0.219,-0.408,-0.397,-0.51,-0.395,-0.13,0.611,-0.605,-0.623,-0.278,-0.383,0.454,-0.229,-0.157,-0.523,-0.479,-0.55,-0.342,0.09,-0.583,-0.596,-0.439,-0.487,-0.469,0.482,-0.392,-0.637,-0.577,0.153,0.723,0.387,-0.465,0.822,-0.433,-0.262,-0.253,-0.214,-0.401,-0.582,-0.574,-0.396,-0.389,-0.615,-0.052,-0.471,-0.565,-0.506,-0.58,-0.479,-0.575,-0.185,-0.525,-0.448,0.303,-0.252,-0.288
ADMA,0.233,0.104,-0.572,0.134,-0.498,1.0,0.239,0.639,-0.003,-0.446,-0.443,0.519,0.549,-0.299,-0.41,-0.44,-0.53,0.548,-0.543,0.309,-0.479,-0.42,0.54,0.462,0.427,-0.311,0.076,-0.601,0.638,0.396,0.648,0.401,-0.6,-0.194,0.649,-0.613,-0.251,0.316,0.507,-0.483,-0.595,-0.089,0.587,0.564,0.3,-0.713,0.554,0.346,-0.394,0.155,-0.162,-0.055,0.346,0.641,0.345,-0.501,0.145,0.582,0.682,0.202,0.673,-0.291,-0.6,-0.547,-0.255,-0.278,0.588,-0.224,0.178,0.194,0.238,-0.471,0.44,-0.059,0.231,0.217,-0.437,0.132,0.098,0.145,0.635,-0.304,0.219,0.229,0.541,-0.217,-0.438,0.669,-0.356,0.167,0.089,0.612,0.253,-0.071,0.158,-0.339,0.098,0.021,-0.43,-0.339,0.381,0.603,-0.384,0.101,0.597,-0.004,-0.043,0.259,0.195,0.334,0.258,-0.606,-0.093,0.117,0.57,-0.684,-0.007,0.55,-0.257,-0.381,-0.414,0.272,0.449,-0.58,0.007,0.188,0.119,0.309,0.378,-0.01,0.407,-0.581,0.433,-0.474,0.396,-0.5,-0.63,0.342,-0.233,-0.209,0.363,-0.202,0.55,-0.413,-0.181,0.144,0.252,0.55,0.611,0.397,-0.227,0.604,0.581,0.696,0.264,-0.173,0.481,-0.144,0.574,0.483,0.566,0.543,-0.164,0.471,0.691,0.621,0.488,0.029,-0.515,0.078,0.494,0.623,0.008,-0.575,-0.489,0.757,-0.498,0.579,0.046,-0.062,-0.088,0.593,0.484,0.377,0.44,-0.063,0.556,-0.183,0.668,0.406,0.328,0.252,0.289,0.389,-0.159,0.651,0.674,-0.161,0.471,0.094
AEP,-0.386,0.777,-0.609,0.735,-0.442,0.239,1.0,0.397,0.431,0.257,-0.216,0.601,0.704,0.504,-0.309,-0.484,-0.286,0.593,-0.476,0.579,-0.603,-0.178,0.102,0.357,0.641,0.231,0.566,-0.058,0.574,0.705,0.521,0.767,-0.314,0.39,0.678,-0.336,0.032,0.722,0.797,0.503,0.042,0.14,0.7,0.478,0.897,-0.208,0.793,0.731,-0.329,0.674,-0.57,0.652,0.601,0.532,0.276,-0.431,0.855,0.559,0.742,0.8,0.335,-0.362,0.212,-0.4,-0.578,-0.52,0.671,-0.104,0.453,0.699,-0.337,0.037,0.637,0.529,0.784,0.503,-0.07,-0.224,0.81,0.789,0.383,-0.43,0.8,0.608,0.815,-0.157,0.187,0.545,0.302,-0.168,0.601,0.353,-0.25,0.53,0.737,-0.005,0.462,0.112,-0.605,-0.588,0.486,0.635,-0.233,-0.281,0.58,0.786,0.244,0.745,0.605,0.906,0.835,-0.247,-0.082,0.484,0.73,-0.046,0.189,0.759,0.548,0.013,-0.512,0.516,0.648,-0.026,0.345,0.656,0.845,-0.149,0.413,-0.166,0.513,-0.52,-0.111,0.232,0.741,-0.019,-0.474,0.567,0.666,0.4,0.749,0.655,0.038,-0.007,0.124,0.672,0.908,0.685,0.625,0.004,-0.557,0.504,0.462,0.382,0.627,-0.535,0.015,0.734,0.361,0.616,0.715,0.659,-0.027,0.626,0.584,0.478,0.599,0.534,-0.41,0.608,0.692,0.708,0.413,-0.535,-0.063,0.438,-0.433,0.338,0.328,0.277,0.352,0.648,0.76,0.839,0.643,0.524,0.713,0.051,0.541,0.709,0.837,0.789,0.959,0.686,0.653,0.725,0.385,0.257,0.372,0.322
AGNC,0.298,0.248,-0.411,0.161,-0.192,0.639,0.397,1.0,0.127,-0.318,-0.156,0.596,0.579,-0.093,-0.197,-0.317,-0.184,0.541,-0.364,0.375,-0.294,-0.08,0.656,0.692,0.723,-0.172,0.07,-0.221,0.648,0.499,0.66,0.416,-0.349,0.015,0.615,-0.413,0.217,0.349,0.547,-0.255,-0.404,0.153,0.675,0.566,0.421,-0.51,0.659,0.56,-0.163,0.327,-0.103,-0.041,0.171,0.543,0.426,-0.335,0.235,0.659,0.745,0.413,0.678,-0.193,-0.377,-0.357,-0.084,-0.027,0.77,0.106,0.332,0.367,0.351,-0.321,0.532,-0.032,0.196,0.418,-0.218,0.29,0.396,0.445,0.702,-0.127,0.513,0.279,0.732,0.264,-0.372,0.728,0.092,0.206,0.049,0.758,0.336,0.043,0.358,-0.26,0.198,0.4,-0.19,-0.23,0.414,0.655,0.072,0.034,0.796,0.1,0.24,0.256,0.578,0.518,0.441,-0.474,0.208,0.389,0.689,-0.486,0.406,0.602,0.116,-0.359,-0.158,0.392,0.41,-0.561,-0.089,0.452,0.22,0.569,0.649,0.128,0.33,-0.322,0.476,-0.167,0.49,-0.311,-0.437,0.404,0.046,-0.122,0.408,0.12,0.554,-0.031,-0.16,0.21,0.481,0.69,0.756,0.424,-0.156,0.571,0.555,0.733,0.409,0.087,0.408,0.148,0.661,0.609,0.664,0.718,0.148,0.525,0.638,0.548,0.544,0.072,-0.343,0.191,0.583,0.64,0.243,-0.394,-0.264,0.801,-0.145,0.599,0.213,-0.004,0.13,0.731,0.54,0.441,0.536,-0.02,0.576,-0.019,0.6,0.48,0.362,0.294,0.463,0.433,0.009,0.691,0.602,0.279,0.405,0.162
AKBA,-0.244,0.595,-0.246,0.318,-0.316,-0.003,0.431,0.127,1.0,0.423,-0.119,0.358,0.405,0.643,0.114,0.316,0.003,0.432,-0.106,0.475,-0.26,0.066,0.124,0.307,0.299,0.598,0.59,-0.022,0.451,0.645,0.163,0.268,0.252,0.324,0.182,-0.117,0.207,0.525,0.288,0.53,0.448,-0.058,0.343,0.187,0.302,0.322,0.194,0.236,0.144,0.683,-0.075,0.291,0.148,0.284,0.362,0.18,0.314,0.296,0.326,0.274,0.088,0.182,0.256,0.154,-0.205,-0.075,0.278,-0.26,0.371,0.803,0.092,-0.136,0.44,0.575,0.392,0.772,0.013,-0.051,0.487,0.434,0.25,0.056,0.251,0.536,0.235,0.116,0.463,0.42,0.023,0.347,0.645,0.2,-0.206,0.602,0.367,0.146,0.465,0.048,-0.191,-0.362,0.555,0.132,-0.097,0.34,0.266,0.351,0.539,0.457,0.451,0.368,0.502,0.111,-0.254,0.11,0.335,0.232,0.177,0.346,0.692,0.561,0.188,0.549,0.384,0.378,0.571,0.378,0.446,0.038,-0.085,-0.103,0.571,-0.168,0.026,0.076,0.709,-0.037,-0.133,0.506,0.261,0.601,0.387,0.657,0.29,0.156,-0.312,0.531,0.465,0.353,0.235,0.387,-0.484,0.203,0.251,0.007,0.655,-0.125,-0.113,0.425,0.112,0.687,0.451,0.219,0.66,0.416,0.256,0.049,0.537,0.66,0.397,0.387,0.343,0.146,-0.202,-0.086,0.338,0.118,-0.227,0.079,0.647,0.792,0.855,0.281,0.269,0.579,0.271,0.693,0.26,0.577,0.101,0.255,0.361,0.35,0.492,0.559,0.404,0.345,0.242,0.277,-0.167,0.61
ALT,-0.458,0.391,0.271,0.165,0.222,-0.446,0.257,-0.318,0.423,1.0,0.42,-0.137,-0.125,0.666,0.367,0.339,0.551,-0.168,0.324,0.105,0.228,0.36,-0.496,-0.158,-0.002,0.642,0.369,0.611,-0.072,0.14,-0.47,0.026,0.531,0.387,-0.152,0.486,0.418,0.087,-0.105,0.76,0.809,0.263,-0.128,-0.349,0.144,0.665,-0.188,0.084,0.354,0.376,0.109,0.337,-0.005,-0.242,-0.218,0.345,0.267,-0.201,-0.16,0.163,-0.497,0.212,0.797,0.474,-0.013,0.068,-0.176,0.196,0.332,0.272,-0.251,0.603,-0.012,0.445,0.378,0.19,0.386,-0.212,0.349,0.263,-0.276,0.281,0.166,0.227,-0.147,0.18,0.682,-0.243,0.488,-0.107,0.402,-0.515,-0.399,0.455,0.232,0.513,0.461,0.2,0.057,0.076,0.024,-0.259,0.269,-0.045,-0.317,0.335,0.459,0.12,0.187,0.075,0.121,0.568,-0.002,0.104,-0.084,0.765,0.283,0.008,0.641,0.688,0.205,0.168,-0.022,0.71,0.359,0.273,0.349,-0.323,-0.219,-0.018,0.014,0.334,-0.457,0.686,0.104,0.564,0.455,0.163,0.601,0.58,0.204,0.579,-0.332,0.573,0.08,0.401,0.221,-0.233,-0.24,-0.206,-0.193,-0.33,-0.36,-0.477,0.257,-0.018,-0.564,0.527,-0.455,-0.036,-0.152,-0.221,0.335,-0.025,-0.217,-0.34,0.11,0.372,0.444,0.379,-0.092,-0.236,0.141,0.428,0.616,-0.384,0.207,-0.386,0.151,0.517,0.423,-0.257,-0.107,0.092,-0.113,0.481,-0.122,0.303,-0.244,-0.056,0.091,0.084,0.159,0.228,0.5,-0.172,-0.393,0.328,-0.411,0.351
AMAT,0.091,-0.124,0.661,-0.144,0.723,-0.443,-0.216,-0.156,-0.119,0.42,1.0,-0.294,-0.348,0.211,0.54,0.307,0.708,-0.442,0.518,-0.311,0.457,0.755,-0.353,-0.047,-0.027,0.113,-0.314,0.799,-0.397,-0.289,-0.463,-0.29,0.667,0.404,-0.407,0.675,0.673,-0.372,-0.32,0.291,0.497,0.582,-0.373,-0.418,-0.224,0.464,-0.309,-0.09,0.518,-0.211,0.384,-0.195,-0.535,-0.468,-0.434,0.467,-0.189,-0.21,-0.343,-0.232,-0.323,0.406,0.586,0.592,0.485,0.627,-0.31,0.746,0.253,-0.237,0.186,0.726,-0.226,-0.237,-0.237,-0.03,0.444,0.133,0.082,0.059,-0.25,0.653,0.009,-0.308,-0.258,0.49,0.154,-0.37,0.695,-0.007,-0.308,-0.415,0.1,-0.156,-0.006,0.336,0.107,0.638,0.399,0.658,-0.366,-0.27,0.824,0.025,-0.247,-0.084,0.209,-0.45,0.053,-0.211,-0.387,0.496,0.501,0.268,-0.301,0.57,0.522,-0.316,0.156,0.21,0.395,-0.215,-0.39,0.348,-0.259,0.071,-0.072,0.111,0.012,0.276,-0.462,0.788,0.011,0.645,-0.345,0.604,0.678,-0.174,0.313,-0.079,-0.297,0.095,-0.203,0.754,0.1,-0.099,-0.185,-0.379,-0.293,-0.194,0.564,-0.471,-0.53,-0.371,-0.132,0.407,-0.467,0.034,-0.484,-0.436,-0.348,-0.22,0.125,-0.425,-0.46,-0.48,-0.196,-0.225,0.422,-0.073,-0.448,-0.366,0.289,0.682,0.525,-0.319,0.786,-0.356,-0.029,-0.027,0.06,-0.297,-0.357,-0.374,-0.37,-0.109,-0.288,0.164,-0.449,-0.389,-0.302,-0.374,-0.273,-0.349,0.152,-0.327,-0.427,0.508,-0.418,0.025
AMD,-0.157,0.517,-0.716,0.464,-0.454,0.519,0.601,0.596,0.358,-0.137,-0.294,1.0,0.667,0.2,-0.269,-0.426,-0.421,0.698,-0.65,0.519,-0.617,-0.146,0.325,0.421,0.656,-0.004,0.411,-0.357,0.702,0.63,0.569,0.694,-0.501,0.235,0.644,-0.633,0.051,0.55,0.7,-0.045,-0.27,0.117,0.691,0.776,0.646,-0.576,0.688,0.67,-0.276,0.471,-0.46,0.29,0.583,0.677,0.53,-0.527,0.492,0.721,0.71,0.547,0.463,-0.211,-0.327,-0.486,-0.562,-0.426,0.652,-0.141,0.498,0.517,-0.064,-0.376,0.709,0.302,0.449,0.463,-0.276,-0.076,0.661,0.696,0.684,-0.314,0.646,0.573,0.665,0.06,-0.1,0.656,0.091,0.007,0.459,0.506,-0.042,0.357,0.471,-0.385,0.288,0.192,-0.673,-0.604,0.691,0.691,-0.168,-0.137,0.61,0.431,0.282,0.533,0.672,0.646,0.7,-0.574,0.143,0.507,0.721,-0.489,0.244,0.723,0.229,-0.263,-0.428,0.566,0.639,-0.38,0.145,0.741,0.554,0.114,0.602,-0.153,0.582,-0.5,0.146,-0.173,0.698,-0.254,-0.468,0.591,0.206,0.17,0.615,0.229,0.314,-0.193,-0.022,0.612,0.69,0.758,0.782,0.163,-0.429,0.712,0.648,0.624,0.445,-0.26,0.372,0.309,0.51,0.663,0.698,0.653,0.047,0.701,0.628,0.692,0.598,0.327,-0.393,0.418,0.695,0.632,0.28,-0.672,-0.253,0.695,-0.398,0.433,0.331,0.353,0.261,0.706,0.686,0.66,0.686,0.284,0.654,0.285,0.757,0.68,0.546,0.541,0.644,0.65,0.467,0.695,0.504,0.37,0.531,0.269
AMGN,-0.142,0.537,-0.72,0.593,-0.519,0.549,0.704,0.579,0.405,-0.125,-0.348,0.667,1.0,0.235,-0.283,-0.459,-0.446,0.675,-0.673,0.473,-0.646,-0.243,0.41,0.615,0.628,-0.024,0.395,-0.289,0.726,0.697,0.656,0.669,-0.392,0.293,0.682,-0.52,-0.073,0.615,0.818,0.091,-0.145,0.187,0.694,0.677,0.749,-0.42,0.814,0.582,-0.317,0.502,-0.461,0.3,0.548,0.682,0.343,-0.429,0.575,0.791,0.865,0.577,0.665,-0.18,-0.167,-0.395,-0.475,-0.339,0.842,-0.134,0.442,0.683,0.097,-0.308,0.647,0.205,0.506,0.559,-0.381,0.221,0.624,0.624,0.593,-0.266,0.606,0.52,0.822,-0.073,-0.155,0.826,0.016,0.208,0.411,0.625,-0.048,0.345,0.686,-0.301,0.317,0.179,-0.644,-0.532,0.616,0.796,-0.234,0.108,0.813,0.493,0.191,0.547,0.48,0.798,0.655,-0.506,-0.11,0.548,0.862,-0.364,0.141,0.707,0.276,-0.218,-0.44,0.45,0.659,-0.341,0.227,0.467,0.639,0.088,0.456,-0.062,0.597,-0.518,0.398,-0.156,0.797,-0.327,-0.576,0.583,0.31,0.15,0.634,0.428,0.36,-0.201,-0.142,0.437,0.724,0.72,0.783,0.341,-0.421,0.666,0.538,0.639,0.528,-0.401,0.21,0.286,0.462,0.699,0.924,0.77,0.059,0.661,0.771,0.54,0.712,0.323,-0.409,0.33,0.662,0.744,0.177,-0.585,-0.246,0.629,-0.39,0.429,0.531,0.179,0.354,0.77,0.716,0.824,0.58,0.442,0.773,0.133,0.691,0.647,0.749,0.512,0.779,0.554,0.401,0.88,0.654,0.079,0.388,0.358
AMZN,-0.414,0.671,-0.085,0.461,-0.064,-0.299,0.504,-0.093,0.643,0.666,0.211,0.2,0.235,1.0,0.318,0.29,0.189,0.081,-0.025,0.265,-0.2,0.358,-0.254,0.043,0.179,0.74,0.615,0.318,0.29,0.391,-0.17,0.245,0.39,0.608,0.15,0.223,0.285,0.346,0.204,0.809,0.663,0.293,0.198,0.053,0.372,0.488,0.132,0.283,0.223,0.586,-0.071,0.516,0.075,0.021,0.083,0.31,0.489,0.215,0.182,0.337,-0.303,0.254,0.598,0.223,-0.161,-0.032,0.072,0.111,0.428,0.513,-0.154,0.364,0.277,0.591,0.482,0.481,0.2,-0.098,0.635,0.585,-0.003,0.139,0.348,0.436,0.163,0.198,0.596,0.102,0.457,0.014,0.579,-0.169,-0.297,0.646,0.521,0.383,0.612,0.187,-0.11,-0.128,0.301,-0.007,0.139,0.026,0.053,0.566,0.443,0.367,0.276,0.394,0.488,0.266,-0.123,0.42,0.145,0.479,0.282,0.192,0.789,0.634,0.073,0.563,0.325,0.507,0.555,0.467,0.568,-0.154,-0.047,-0.178,0.277,0.046,-0.257,0.447,0.441,0.34,0.058,0.487,0.574,0.755,0.324,0.756,-0.133,0.333,-0.195,0.738,0.484,0.205,0.135,-0.056,-0.329,-0.037,-0.031,-0.268,0.461,-0.161,-0.516,0.611,-0.146,0.321,0.217,0.043,0.428,0.294,-0.023,-0.098,0.308,0.619,0.323,0.444,0.276,0.047,0.258,0.094,0.653,-0.092,0.08,-0.163,0.49,0.519,0.676,0.036,0.169,0.43,0.081,0.734,0.191,0.456,-0.041,0.265,0.268,0.312,0.447,0.394,0.668,0.093,-0.095,0.389,-0.212,0.439
APA,0.069,-0.081,0.387,-0.033,0.34,-0.41,-0.309,-0.197,0.114,0.367,0.54,-0.269,-0.283,0.318,1.0,0.619,0.586,-0.376,0.416,-0.293,0.354,0.65,-0.216,-0.149,-0.109,0.316,-0.075,0.589,-0.213,-0.183,-0.56,-0.315,0.571,0.353,-0.323,0.53,0.631,-0.232,-0.251,0.253,0.522,0.391,-0.217,-0.379,-0.248,0.477,-0.439,-0.13,0.553,-0.064,0.347,-0.094,-0.462,-0.404,-0.078,0.53,-0.174,-0.222,-0.402,-0.112,-0.475,0.426,0.456,0.578,0.507,0.588,-0.317,0.476,0.338,-0.085,0.268,0.363,-0.225,-0.038,-0.295,0.057,0.207,0.226,0.01,-0.02,-0.191,0.668,-0.158,-0.03,-0.36,0.615,0.357,-0.357,0.381,0.151,-0.079,-0.269,0.062,-0.016,0.063,0.2,0.256,0.355,0.466,0.533,-0.047,-0.291,0.547,0.176,-0.318,0.008,0.43,-0.328,-0.058,-0.279,-0.234,0.303,0.204,0.214,-0.326,0.414,0.353,-0.32,0.359,0.412,0.555,0.21,-0.322,0.485,0.115,0.058,-0.141,0.275,-0.218,0.208,-0.219,0.542,-0.099,0.543,-0.274,0.641,0.532,0.043,0.188,0.152,-0.335,0.138,0.001,0.621,-0.269,0.053,-0.259,-0.374,-0.308,-0.007,0.195,-0.41,-0.384,-0.507,-0.049,0.466,-0.367,-0.072,-0.212,-0.263,-0.232,-0.363,0.475,-0.105,-0.49,-0.539,-0.151,-0.07,0.541,-0.126,-0.214,-0.368,0.156,0.507,0.523,-0.295,0.599,-0.276,0.121,0.221,0.258,-0.291,-0.344,-0.275,-0.488,0.15,-0.261,0.377,-0.458,-0.262,-0.331,-0.364,-0.314,-0.093,0.168,-0.384,-0.402,0.475,-0.548,0.12
APPS,0.131,-0.164,0.505,-0.362,0.341,-0.44,-0.484,-0.317,0.316,0.339,0.307,-0.426,-0.459,0.29,0.619,1.0,0.574,-0.267,0.428,-0.255,0.453,0.494,-0.102,-0.233,-0.333,0.439,0.016,0.35,-0.239,-0.189,-0.468,-0.501,0.734,0.021,-0.505,0.524,0.275,-0.341,-0.593,0.245,0.536,0.041,-0.395,-0.45,-0.516,0.714,-0.592,-0.402,0.574,0.038,0.568,-0.299,-0.541,-0.351,-0.068,0.737,-0.428,-0.381,-0.488,-0.459,-0.468,0.561,0.325,0.68,0.55,0.541,-0.5,0.151,0.0,-0.05,0.348,0.117,-0.307,0.064,-0.347,0.091,0.201,0.153,-0.247,-0.323,-0.324,0.531,-0.458,-0.072,-0.601,0.4,0.437,-0.333,-0.001,0.373,-0.063,-0.279,0.031,0.019,-0.283,0.331,0.167,-0.001,0.626,0.44,-0.154,-0.599,0.341,0.423,-0.427,-0.369,0.432,-0.361,-0.208,-0.505,-0.346,0.562,0.008,-0.205,-0.51,0.496,0.078,-0.477,0.325,0.545,0.7,0.052,-0.351,0.585,0.195,-0.206,-0.299,0.271,-0.401,0.028,-0.127,0.552,-0.055,0.235,-0.26,0.34,0.47,-0.127,-0.159,0.249,-0.473,0.09,0.064,0.333,-0.399,-0.082,-0.433,-0.444,-0.444,0.197,0.149,-0.524,-0.377,-0.529,-0.06,0.416,-0.273,-0.141,-0.306,-0.08,-0.365,-0.505,0.693,-0.298,-0.558,-0.549,-0.171,0.097,0.861,-0.206,-0.365,-0.602,-0.342,0.629,0.615,-0.45,0.446,-0.336,0.151,0.302,0.34,-0.447,-0.586,-0.345,-0.529,0.191,-0.516,0.3,-0.603,-0.515,-0.52,-0.476,-0.463,-0.21,-0.137,-0.489,-0.342,0.124,-0.551,0.241
ARCC,0.073,-0.076,0.606,-0.317,0.663,-0.53,-0.286,-0.184,0.003,0.551,0.708,-0.421,-0.446,0.189,0.586,0.574,1.0,-0.417,0.596,-0.319,0.607,0.665,-0.186,-0.186,-0.098,0.286,-0.201,0.743,-0.338,-0.226,-0.515,-0.36,0.707,0.157,-0.427,0.747,0.618,-0.368,-0.496,0.337,0.565,0.367,-0.377,-0.549,-0.334,0.625,-0.425,-0.208,0.595,-0.045,0.477,-0.308,-0.546,-0.42,-0.357,0.612,-0.333,-0.364,-0.435,-0.238,-0.441,0.347,0.596,0.724,0.562,0.599,-0.32,0.556,0.283,-0.128,0.148,0.545,-0.252,-0.069,-0.218,-0.081,0.38,0.194,-0.034,-0.082,-0.23,0.605,-0.14,-0.137,-0.366,0.488,0.39,-0.406,0.472,0.12,-0.231,-0.416,-0.03,-0.101,-0.202,0.374,0.195,0.326,0.583,0.565,-0.274,-0.405,0.642,0.157,-0.401,-0.259,0.428,-0.431,0.016,-0.359,-0.428,0.681,0.339,0.084,-0.335,0.662,0.276,-0.31,0.345,0.432,0.529,-0.173,-0.443,0.56,-0.047,0.005,-0.143,0.156,-0.137,0.199,-0.289,0.703,-0.147,0.673,-0.442,0.649,0.699,-0.129,0.266,0.049,-0.338,0.135,-0.102,0.74,-0.122,-0.127,-0.301,-0.47,-0.426,-0.005,0.347,-0.506,-0.529,-0.504,-0.123,0.406,-0.453,-0.021,-0.429,-0.36,-0.397,-0.386,0.336,-0.396,-0.479,-0.568,-0.199,-0.092,0.603,-0.142,-0.421,-0.489,0.064,0.757,0.646,-0.382,0.653,-0.33,-0.008,0.166,0.104,-0.367,-0.402,-0.373,-0.433,-0.025,-0.435,0.125,-0.586,-0.421,-0.392,-0.4,-0.335,-0.232,0.046,-0.427,-0.427,0.347,-0.502,0.191
ARDX,-0.055,0.489,-0.668,0.443,-0.608,0.548,0.593,0.541,0.432,-0.168,-0.442,0.698,0.675,0.081,-0.376,-0.267,-0.417,1.0,-0.639,0.637,-0.683,-0.264,0.432,0.46,0.677,0.014,0.392,-0.453,0.693,0.653,0.755,0.645,-0.466,0.074,0.695,-0.604,-0.127,0.63,0.668,0.001,-0.34,-0.003,0.711,0.664,0.619,-0.452,0.732,0.575,-0.348,0.685,-0.453,0.233,0.548,0.894,0.484,-0.507,0.456,0.657,0.749,0.567,0.598,-0.246,-0.325,-0.383,-0.545,-0.438,0.717,-0.244,0.401,0.64,0.019,-0.495,0.664,0.347,0.494,0.591,-0.26,-0.124,0.493,0.482,0.609,-0.401,0.567,0.704,0.713,-0.186,0.06,0.77,-0.163,0.177,0.429,0.644,0.003,0.382,0.446,-0.314,0.27,0.1,-0.568,-0.645,0.708,0.637,-0.346,0.041,0.647,0.322,0.302,0.594,0.514,0.671,0.612,-0.436,-0.08,0.241,0.773,-0.417,0.109,0.77,0.228,-0.176,-0.487,0.465,0.635,-0.252,0.288,0.554,0.569,0.165,0.476,-0.132,0.687,-0.609,0.287,-0.251,0.674,-0.393,-0.632,0.525,0.169,0.168,0.593,0.217,0.396,-0.319,-0.083,0.401,0.64,0.675,0.671,0.342,-0.428,0.767,0.744,0.608,0.552,-0.38,0.459,0.279,0.555,0.751,0.756,0.704,0.066,0.595,0.696,0.635,0.665,0.417,-0.328,0.441,0.677,0.665,0.071,-0.653,-0.346,0.646,-0.579,0.533,0.29,0.298,0.318,0.732,0.659,0.713,0.684,0.316,0.645,0.035,0.635,0.63,0.634,0.589,0.674,0.617,0.268,0.797,0.555,0.11,0.494,0.332
ATER,0.109,-0.3,0.729,-0.466,0.591,-0.543,-0.476,-0.364,-0.106,0.324,0.518,-0.65,-0.673,-0.025,0.416,0.428,0.596,-0.639,1.0,-0.365,0.722,0.39,-0.319,-0.218,-0.447,0.097,-0.343,0.502,-0.532,-0.435,-0.572,-0.6,0.532,-0.067,-0.594,0.575,0.4,-0.379,-0.595,0.156,0.367,-0.113,-0.534,-0.709,-0.606,0.564,-0.66,-0.494,0.366,-0.323,0.482,-0.284,-0.642,-0.701,-0.313,0.524,-0.411,-0.628,-0.62,-0.396,-0.508,0.196,0.425,0.511,0.538,0.473,-0.637,0.206,-0.238,-0.354,0.11,0.533,-0.428,-0.206,-0.352,-0.224,0.388,0.085,-0.405,-0.449,-0.469,0.391,-0.406,-0.491,-0.56,0.284,0.184,-0.58,0.27,-0.056,-0.375,-0.472,-0.054,-0.267,-0.442,0.455,-0.104,0.063,0.608,0.58,-0.582,-0.561,0.406,0.102,-0.51,-0.303,-0.07,-0.422,-0.226,-0.569,-0.534,0.55,0.06,-0.38,-0.667,0.51,0.134,-0.575,-0.014,0.327,0.599,-0.34,-0.558,0.332,-0.178,-0.293,-0.476,-0.017,-0.391,0.399,-0.623,0.584,-0.25,0.309,-0.523,0.317,0.668,-0.43,-0.052,-0.097,-0.472,-0.067,-0.214,0.569,0.027,-0.342,-0.502,-0.596,-0.614,-0.141,0.37,-0.706,-0.63,-0.627,-0.223,0.407,-0.398,-0.074,-0.407,-0.471,-0.641,-0.551,0.184,-0.533,-0.64,-0.635,-0.51,-0.127,0.47,-0.256,-0.596,-0.574,-0.139,0.773,0.429,-0.496,0.54,-0.376,-0.194,-0.06,-0.016,-0.58,-0.444,-0.592,-0.476,-0.212,-0.599,0.066,-0.716,-0.648,-0.531,-0.412,-0.514,-0.429,-0.257,-0.702,-0.42,0.087,-0.524,-0.152
ATOS,-0.147,0.578,-0.398,0.426,-0.469,0.309,0.579,0.375,0.475,0.105,-0.311,0.519,0.473,0.265,-0.293,-0.255,-0.319,0.637,-0.365,1.0,-0.624,-0.302,0.159,0.358,0.588,0.293,0.512,-0.311,0.565,0.699,0.486,0.529,-0.355,0.194,0.572,-0.516,-0.008,0.65,0.562,0.178,-0.11,-0.046,0.658,0.532,0.564,-0.192,0.617,0.54,-0.376,0.588,-0.507,0.333,0.477,0.568,0.463,-0.347,0.549,0.474,0.583,0.568,0.388,-0.284,-0.098,-0.314,-0.523,-0.436,0.606,-0.241,0.291,0.528,-0.062,-0.263,0.633,0.592,0.567,0.541,-0.041,-0.147,0.481,0.488,0.559,-0.377,0.612,0.572,0.614,-0.162,0.038,0.562,0.014,0.047,0.58,0.454,-0.086,0.516,0.417,-0.14,0.312,0.042,-0.534,-0.625,0.567,0.499,-0.295,-0.042,0.46,0.441,0.284,0.613,0.462,0.625,0.61,-0.291,-0.117,0.13,0.601,-0.222,0.258,0.681,0.331,0.094,-0.458,0.528,0.639,-0.11,0.347,0.525,0.532,-0.031,0.347,0.022,0.652,-0.5,0.044,-0.139,0.686,-0.29,-0.446,0.55,0.301,0.406,0.608,0.331,0.262,-0.176,0.156,0.434,0.627,0.558,0.579,0.144,-0.455,0.634,0.652,0.373,0.698,-0.278,0.254,0.476,0.387,0.612,0.553,0.61,0.112,0.693,0.616,0.617,0.547,0.621,-0.321,0.695,0.687,0.554,0.196,-0.447,-0.247,0.471,-0.483,0.458,0.088,0.378,0.38,0.577,0.62,0.688,0.7,0.502,0.529,-0.049,0.546,0.58,0.543,0.589,0.613,0.689,0.328,0.588,0.419,0.153,0.439,0.244
AUPH,0.212,-0.501,0.68,-0.612,0.709,-0.479,-0.603,-0.294,-0.26,0.228,0.457,-0.617,-0.646,-0.2,0.354,0.453,0.607,-0.683,0.722,-0.624,1.0,0.396,-0.15,-0.315,-0.454,-0.043,-0.462,0.522,-0.611,-0.514,-0.576,-0.628,0.608,-0.184,-0.728,0.716,0.353,-0.592,-0.744,0.004,0.324,-0.035,-0.681,-0.666,-0.626,0.459,-0.714,-0.49,0.594,-0.49,0.68,-0.409,-0.558,-0.745,-0.342,0.586,-0.591,-0.574,-0.63,-0.54,-0.439,0.446,0.294,0.549,0.687,0.631,-0.621,0.312,-0.333,-0.464,0.258,0.356,-0.548,-0.4,-0.57,-0.324,0.209,0.216,-0.513,-0.528,-0.53,0.541,-0.493,-0.646,-0.664,0.322,0.036,-0.574,0.118,0.12,-0.489,-0.478,0.118,-0.363,-0.544,0.318,-0.162,0.004,0.763,0.682,-0.654,-0.605,0.535,0.239,-0.531,-0.565,0.053,-0.537,-0.272,-0.694,-0.584,0.58,0.215,-0.326,-0.677,0.484,0.033,-0.667,-0.139,0.17,0.738,-0.494,-0.74,0.252,-0.328,-0.448,-0.589,0.154,-0.358,0.233,-0.63,0.736,-0.112,0.296,-0.592,0.369,0.75,-0.562,-0.221,-0.247,-0.491,-0.189,-0.135,0.452,-0.104,-0.526,-0.604,-0.604,-0.654,0.025,0.403,-0.788,-0.695,-0.421,-0.402,0.535,-0.283,-0.238,-0.387,-0.508,-0.668,-0.606,0.209,-0.689,-0.665,-0.723,-0.562,-0.363,0.564,-0.519,-0.702,-0.645,-0.239,0.779,0.426,-0.541,0.653,-0.392,-0.203,-0.186,-0.193,-0.585,-0.635,-0.716,-0.563,-0.381,-0.655,0.09,-0.662,-0.724,-0.67,-0.552,-0.63,-0.583,-0.374,-0.681,-0.409,-0.012,-0.553,-0.137
AVGO,0.047,-0.054,0.479,-0.063,0.57,-0.42,-0.178,-0.08,0.066,0.36,0.755,-0.146,-0.243,0.358,0.65,0.494,0.665,-0.264,0.39,-0.302,0.396,1.0,-0.175,-0.034,0.022,0.154,-0.27,0.732,-0.25,-0.237,-0.375,-0.19,0.675,0.374,-0.386,0.617,0.617,-0.336,-0.265,0.354,0.489,0.514,-0.29,-0.324,-0.178,0.454,-0.284,-0.073,0.596,-0.063,0.356,-0.213,-0.564,-0.293,-0.238,0.497,-0.155,-0.055,-0.261,-0.203,-0.317,0.53,0.502,0.618,0.493,0.676,-0.228,0.631,0.326,-0.071,0.247,0.521,-0.153,-0.238,-0.282,0.116,0.277,0.269,0.167,0.163,-0.2,0.724,-0.032,-0.148,-0.246,0.585,0.302,-0.27,0.617,0.189,-0.306,-0.244,0.037,-0.172,0.059,0.277,0.151,0.543,0.376,0.588,-0.191,-0.295,0.812,0.191,-0.156,-0.031,0.419,-0.343,0.112,-0.165,-0.279,0.394,0.334,0.353,-0.27,0.5,0.474,-0.235,0.34,0.261,0.512,-0.028,-0.379,0.396,-0.195,0.168,-0.05,0.205,0.041,0.083,-0.254,0.676,0.084,0.55,-0.221,0.567,0.535,-0.14,0.257,-0.051,-0.326,0.136,-0.082,0.676,-0.232,0.075,-0.093,-0.196,-0.218,-0.04,0.392,-0.383,-0.391,-0.41,-0.11,0.359,-0.47,0.029,-0.291,-0.253,-0.228,-0.222,0.317,-0.35,-0.503,-0.484,-0.178,-0.183,0.512,-0.17,-0.312,-0.366,0.183,0.557,0.605,-0.233,0.762,-0.328,0.178,0.117,0.259,-0.223,-0.373,-0.299,-0.389,-0.034,-0.286,0.366,-0.453,-0.344,-0.302,-0.337,-0.205,-0.242,0.215,-0.256,-0.409,0.491,-0.453,0.145
AZN,0.47,0.083,-0.348,-0.013,-0.271,0.54,0.102,0.656,0.124,-0.496,-0.353,0.325,0.41,-0.254,-0.216,-0.102,-0.186,0.432,-0.319,0.159,-0.15,-0.175,1.0,0.417,0.392,-0.185,-0.024,-0.442,0.449,0.381,0.563,0.204,-0.279,-0.222,0.439,-0.318,-0.076,0.23,0.284,-0.354,-0.497,-0.085,0.477,0.337,0.144,-0.482,0.383,0.198,-0.093,0.13,0.015,-0.304,0.026,0.448,0.403,-0.108,-0.025,0.538,0.51,0.171,0.576,-0.099,-0.522,-0.292,0.064,0.027,0.535,-0.151,0.13,0.245,0.437,-0.606,0.375,-0.1,-0.048,0.272,-0.445,0.39,0.036,0.118,0.565,-0.07,0.053,0.132,0.437,-0.009,-0.338,0.599,-0.322,0.443,-0.04,0.685,0.33,-0.133,-0.017,-0.437,-0.039,-0.073,-0.036,-0.129,0.291,0.411,-0.165,0.361,0.544,-0.186,0.184,0.21,0.2,0.16,0.231,-0.37,-0.02,0.136,0.36,-0.529,0.046,0.403,-0.021,-0.275,-0.015,0.234,0.217,-0.427,0.007,0.122,-0.063,0.578,0.258,-0.06,0.328,-0.302,0.491,-0.353,0.234,-0.404,-0.448,0.269,-0.207,-0.254,0.145,-0.061,0.662,-0.267,-0.415,-0.098,0.156,0.483,0.411,0.642,-0.183,0.379,0.441,0.477,0.213,0.078,0.421,-0.146,0.674,0.461,0.475,0.346,0.18,0.319,0.476,0.255,0.383,0.101,-0.165,-0.102,0.425,0.463,-0.167,-0.279,-0.283,0.55,-0.197,0.617,0.181,-0.036,0.006,0.498,0.368,0.276,0.313,-0.054,0.392,0.019,0.301,0.154,0.082,0.163,0.241,0.236,-0.277,0.466,0.682,-0.104,0.196,0.204
BCRX,0.175,0.25,-0.251,0.201,-0.208,0.462,0.357,0.692,0.307,-0.158,-0.047,0.421,0.615,0.043,-0.149,-0.233,-0.186,0.46,-0.218,0.358,-0.315,-0.034,0.417,1.0,0.534,-0.09,0.074,-0.122,0.581,0.483,0.56,0.394,-0.189,0.176,0.476,-0.414,0.211,0.38,0.524,-0.078,-0.203,0.164,0.519,0.354,0.369,-0.274,0.506,0.334,-0.263,0.346,-0.127,-0.082,0.064,0.41,0.234,-0.26,0.281,0.568,0.66,0.362,0.63,-0.046,-0.161,-0.187,-0.15,-0.048,0.636,0.03,0.314,0.468,0.299,-0.089,0.387,-0.075,0.216,0.441,-0.055,0.333,0.38,0.391,0.57,-0.049,0.374,0.266,0.619,0.245,-0.216,0.651,0.13,0.252,0.067,0.589,0.187,0.1,0.475,-0.138,0.159,0.428,-0.333,-0.126,0.411,0.526,0.051,0.068,0.765,0.198,0.162,0.251,0.536,0.503,0.287,-0.376,0.061,0.413,0.62,-0.383,0.354,0.505,0.164,-0.274,-0.17,0.288,0.444,-0.452,-0.02,0.304,0.228,0.35,0.35,0.334,0.278,-0.253,0.563,-0.151,0.566,-0.325,-0.236,0.36,0.182,-0.037,0.318,0.275,0.458,0.072,-0.075,0.166,0.48,0.479,0.576,0.311,0.013,0.48,0.422,0.505,0.499,0.028,0.178,0.247,0.379,0.497,0.646,0.602,0.181,0.429,0.538,0.339,0.562,0.118,-0.257,0.265,0.42,0.554,0.127,-0.242,-0.155,0.599,-0.095,0.349,0.384,0.052,0.391,0.542,0.428,0.422,0.471,0.075,0.527,0.093,0.451,0.345,0.343,0.222,0.454,0.322,0.111,0.591,0.5,0.167,0.091,0.258
BGC,0.162,0.554,-0.438,0.467,-0.237,0.427,0.641,0.723,0.299,-0.002,-0.027,0.656,0.628,0.179,-0.109,-0.333,-0.098,0.677,-0.447,0.588,-0.454,0.022,0.392,0.534,1.0,0.055,0.265,-0.068,0.596,0.653,0.609,0.582,-0.241,0.316,0.663,-0.334,0.316,0.543,0.716,0.153,-0.196,0.341,0.753,0.551,0.701,-0.347,0.757,0.798,-0.017,0.569,-0.258,0.23,0.443,0.614,0.481,-0.31,0.491,0.672,0.766,0.653,0.589,-0.161,-0.05,-0.307,-0.21,-0.107,0.767,0.246,0.544,0.571,0.206,-0.175,0.649,0.258,0.493,0.61,-0.029,0.024,0.674,0.684,0.7,-0.099,0.808,0.49,0.783,0.123,-0.048,0.71,0.252,0.241,0.325,0.623,0.239,0.306,0.545,-0.118,0.444,0.409,-0.385,-0.319,0.533,0.721,0.066,0.042,0.675,0.392,0.477,0.499,0.646,0.739,0.589,-0.247,0.31,0.55,0.766,-0.19,0.489,0.738,0.396,-0.115,-0.307,0.541,0.513,-0.243,0.197,0.706,0.615,0.409,0.652,-0.028,0.518,-0.32,0.356,0.159,0.604,-0.047,-0.394,0.604,0.382,0.107,0.671,0.303,0.474,0.04,0.024,0.404,0.697,0.7,0.745,0.363,-0.264,0.57,0.577,0.637,0.594,-0.112,0.349,0.406,0.593,0.65,0.751,0.781,0.122,0.552,0.668,0.524,0.693,0.329,-0.327,0.449,0.677,0.744,0.435,-0.369,-0.122,0.702,-0.198,0.638,0.188,0.202,0.27,0.849,0.657,0.652,0.719,0.249,0.67,-0.017,0.597,0.661,0.627,0.543,0.701,0.559,0.396,0.765,0.494,0.476,0.422,0.373
BIDU,-0.344,0.486,0.069,0.137,-0.05,-0.311,0.231,-0.172,0.598,0.642,0.113,-0.004,-0.024,0.74,0.316,0.439,0.286,0.014,0.097,0.293,-0.043,0.154,-0.185,-0.09,0.055,1.0,0.73,0.209,0.228,0.298,-0.273,0.113,0.375,0.392,0.037,0.263,0.245,0.26,-0.044,0.598,0.62,0.096,0.073,-0.067,0.117,0.555,-0.116,0.052,0.202,0.492,0.027,0.326,0.029,-0.059,0.079,0.443,0.249,-0.015,-0.024,0.198,-0.386,0.239,0.441,0.331,-0.094,0.011,-0.078,-0.039,0.295,0.34,-0.14,0.192,0.13,0.79,0.291,0.312,0.222,-0.255,0.278,0.25,-0.026,0.141,0.098,0.42,-0.053,0.101,0.624,-0.025,0.201,0.066,0.729,-0.265,-0.329,0.721,0.124,0.257,0.459,0.019,0.1,-0.132,0.288,-0.214,0.01,0.094,-0.221,0.274,0.529,0.26,0.101,0.084,0.347,0.379,-0.077,0.043,0.002,0.496,0.252,0.07,0.618,0.776,0.143,0.519,0.235,0.568,0.602,0.256,0.283,-0.133,-0.239,-0.107,0.261,0.078,-0.383,0.38,0.287,0.352,0.125,0.383,0.385,0.889,0.173,0.554,-0.029,0.217,-0.128,0.497,0.227,-0.065,-0.141,0.119,-0.364,-0.077,-0.053,-0.357,0.495,-0.018,-0.356,0.444,-0.152,0.24,-0.025,-0.198,0.527,0.251,-0.014,-0.181,0.228,0.638,0.469,0.51,0.151,-0.128,0.045,0.178,0.524,-0.192,0.009,-0.174,0.236,0.559,0.597,-0.157,-0.021,0.283,0.007,0.573,-0.017,0.308,-0.106,0.123,0.08,0.193,0.179,0.378,0.357,-0.101,-0.094,0.218,-0.259,0.365
BILI,-0.408,0.647,-0.437,0.36,-0.455,0.076,0.566,0.07,0.59,0.369,-0.314,0.411,0.395,0.615,-0.075,0.016,-0.201,0.392,-0.343,0.512,-0.462,-0.27,-0.024,0.074,0.265,0.73,1.0,-0.197,0.559,0.594,0.183,0.528,-0.129,0.26,0.428,-0.238,-0.055,0.568,0.374,0.401,0.243,-0.019,0.416,0.363,0.512,0.098,0.301,0.343,-0.182,0.672,-0.333,0.507,0.457,0.342,0.354,-0.057,0.595,0.279,0.404,0.501,-0.072,-0.157,0.115,-0.205,-0.502,-0.467,0.276,-0.362,0.323,0.518,-0.303,-0.172,0.471,0.873,0.62,0.396,0.014,-0.373,0.452,0.406,0.269,-0.304,0.365,0.674,0.327,-0.102,0.454,0.357,-0.029,-0.071,0.895,0.05,-0.346,0.826,0.306,-0.039,0.533,-0.091,-0.372,-0.584,0.578,0.209,-0.383,-0.077,0.104,0.481,0.403,0.633,0.336,0.419,0.682,-0.004,-0.189,0.091,0.396,0.091,0.078,0.383,0.537,0.433,-0.273,0.666,0.707,0.248,0.693,0.437,0.538,-0.17,0.045,-0.238,0.502,-0.43,-0.345,0.118,0.625,0.036,-0.347,0.531,0.377,0.839,0.536,0.554,0.039,-0.107,-0.055,0.71,0.558,0.344,0.295,0.075,-0.699,0.317,0.271,0.058,0.613,-0.342,-0.049,0.574,0.171,0.588,0.364,0.174,0.32,0.559,0.393,0.276,0.544,0.733,0.015,0.651,0.459,0.359,0.02,-0.337,0.108,0.228,-0.474,0.129,0.329,0.557,0.474,0.254,0.401,0.645,0.37,0.653,0.321,0.229,0.358,0.501,0.457,0.545,0.54,0.612,0.458,0.303,0.208,0.174,0.169,0.422
BKR,-0.146,-0.092,0.564,-0.072,0.714,-0.601,-0.058,-0.221,-0.022,0.611,0.799,-0.357,-0.289,0.318,0.589,0.35,0.743,-0.453,0.502,-0.311,0.522,0.732,-0.442,-0.122,-0.068,0.209,-0.197,1.0,-0.439,-0.271,-0.523,-0.201,0.699,0.398,-0.48,0.758,0.683,-0.302,-0.249,0.502,0.69,0.547,-0.38,-0.517,-0.059,0.635,-0.296,0.001,0.523,-0.12,0.251,-0.036,-0.422,-0.538,-0.505,0.447,-0.038,-0.303,-0.372,-0.107,-0.422,0.327,0.791,0.677,0.44,0.577,-0.294,0.701,0.225,-0.086,0.016,0.768,-0.293,-0.123,-0.135,-0.044,0.488,0.126,0.135,0.074,-0.416,0.637,0.085,-0.258,-0.267,0.523,0.285,-0.443,0.728,-0.058,-0.198,-0.435,-0.088,-0.086,0.12,0.434,0.155,0.479,0.427,0.616,-0.386,-0.313,0.785,-0.028,-0.3,0.059,0.333,-0.335,0.121,-0.12,-0.257,0.594,0.392,0.248,-0.287,0.72,0.427,-0.333,0.344,0.244,0.452,-0.21,-0.403,0.505,-0.192,0.022,0.05,-0.025,-0.031,0.226,-0.448,0.747,-0.132,0.821,-0.278,0.788,0.676,-0.219,0.492,0.026,-0.258,0.296,-0.378,0.828,0.144,-0.041,-0.042,-0.39,-0.338,-0.221,0.401,-0.556,-0.597,-0.446,-0.124,0.294,-0.521,0.22,-0.534,-0.363,-0.316,-0.226,0.229,-0.382,-0.53,-0.526,-0.224,-0.23,0.476,-0.059,-0.43,-0.403,0.284,0.625,0.534,-0.475,0.753,-0.498,-0.008,0.044,0.143,-0.308,-0.403,-0.276,-0.397,0.014,-0.314,0.141,-0.448,-0.348,-0.168,-0.279,-0.146,-0.261,0.291,-0.305,-0.533,0.508,-0.44,-0.025
BLDP,-0.066,0.618,-0.679,0.386,-0.552,0.638,0.574,0.648,0.451,-0.072,-0.397,0.702,0.726,0.29,-0.213,-0.239,-0.338,0.693,-0.532,0.565,-0.611,-0.25,0.449,0.581,0.596,0.228,0.559,-0.439,1.0,0.731,0.594,0.668,-0.441,0.153,0.788,-0.549,0.01,0.615,0.663,0.003,-0.227,-0.014,0.754,0.665,0.575,-0.397,0.68,0.5,-0.344,0.637,-0.362,0.271,0.441,0.728,0.455,-0.352,0.477,0.724,0.823,0.59,0.501,-0.218,-0.284,-0.43,-0.439,-0.392,0.723,-0.235,0.51,0.598,0.06,-0.331,0.698,0.401,0.504,0.536,-0.317,0.046,0.537,0.545,0.706,-0.326,0.527,0.657,0.729,0.005,0.031,0.823,-0.042,0.148,0.528,0.584,-0.016,0.507,0.447,-0.293,0.466,0.15,-0.492,-0.549,0.73,0.692,-0.327,0.038,0.649,0.366,0.299,0.571,0.507,0.627,0.635,-0.455,-0.111,0.376,0.774,-0.396,0.188,0.754,0.294,-0.028,-0.419,0.656,0.724,-0.309,0.4,0.573,0.506,0.184,0.412,0.019,0.651,-0.592,0.193,-0.222,0.723,-0.344,-0.543,0.702,0.191,0.392,0.609,0.279,0.522,-0.19,-0.275,0.629,0.632,0.697,0.735,0.347,-0.484,0.71,0.625,0.536,0.642,-0.276,0.233,0.292,0.545,0.746,0.761,0.608,0.158,0.771,0.749,0.602,0.693,0.515,-0.311,0.445,0.758,0.669,0.183,-0.522,-0.065,0.735,-0.472,0.507,0.405,0.306,0.367,0.665,0.711,0.717,0.597,0.418,0.692,0.101,0.652,0.689,0.549,0.534,0.619,0.678,0.309,0.721,0.675,0.136,0.397,0.411
BLNK,-0.048,0.74,-0.568,0.546,-0.549,0.396,0.705,0.499,0.645,0.14,-0.289,0.63,0.697,0.391,-0.183,-0.189,-0.226,0.653,-0.435,0.699,-0.514,-0.237,0.381,0.483,0.653,0.298,0.594,-0.271,0.731,1.0,0.552,0.628,-0.229,0.291,0.654,-0.374,0.105,0.69,0.652,0.28,-0.037,0.055,0.72,0.544,0.692,-0.217,0.678,0.563,-0.183,0.697,-0.297,0.392,0.475,0.628,0.557,-0.206,0.609,0.64,0.767,0.661,0.478,-0.164,-0.042,-0.363,-0.391,-0.354,0.681,-0.238,0.495,0.771,0.104,-0.297,0.764,0.553,0.586,0.707,-0.164,0.035,0.672,0.657,0.688,-0.239,0.604,0.636,0.682,-0.042,0.115,0.772,-0.029,0.3,0.616,0.528,-0.01,0.523,0.511,-0.22,0.477,0.067,-0.449,-0.566,0.662,0.681,-0.291,0.174,0.582,0.484,0.463,0.716,0.57,0.673,0.735,-0.243,-0.126,0.391,0.708,-0.189,0.196,0.754,0.543,0.128,-0.271,0.629,0.68,-0.012,0.496,0.578,0.638,0.211,0.266,-0.032,0.741,-0.507,0.144,-0.013,0.811,-0.216,-0.454,0.696,0.363,0.432,0.73,0.508,0.482,-0.027,-0.22,0.553,0.682,0.714,0.657,0.389,-0.578,0.557,0.617,0.43,0.771,-0.3,0.154,0.483,0.557,0.789,0.779,0.636,0.277,0.708,0.654,0.452,0.77,0.724,-0.2,0.526,0.723,0.704,0.06,-0.378,0.017,0.596,-0.472,0.567,0.458,0.472,0.492,0.705,0.781,0.809,0.661,0.675,0.698,0.209,0.509,0.575,0.615,0.626,0.759,0.782,0.437,0.734,0.615,0.194,0.244,0.607
BYND,0.141,0.279,-0.613,0.276,-0.488,0.648,0.521,0.66,0.163,-0.47,-0.463,0.569,0.656,-0.17,-0.56,-0.468,-0.515,0.755,-0.572,0.486,-0.576,-0.375,0.563,0.56,0.609,-0.273,0.183,-0.523,0.594,0.552,1.0,0.612,-0.559,-0.139,0.625,-0.616,-0.213,0.502,0.589,-0.243,-0.556,-0.119,0.623,0.579,0.545,-0.621,0.777,0.475,-0.455,0.358,-0.407,-0.002,0.4,0.727,0.442,-0.549,0.394,0.624,0.795,0.422,0.747,-0.39,-0.447,-0.569,-0.343,-0.362,0.716,-0.241,0.128,0.426,0.134,-0.523,0.52,0.071,0.332,0.394,-0.312,0.055,0.347,0.375,0.635,-0.476,0.494,0.37,0.754,-0.158,-0.312,0.762,-0.18,0.12,0.134,0.747,0.125,0.104,0.312,-0.31,0.122,0.013,-0.508,-0.499,0.428,0.642,-0.36,-0.01,0.781,0.192,0.014,0.512,0.488,0.597,0.45,-0.544,-0.081,0.197,0.703,-0.585,-0.04,0.662,-0.032,-0.446,-0.51,0.253,0.569,-0.508,0.013,0.299,0.355,0.246,0.53,-0.021,0.468,-0.609,0.419,-0.338,0.58,-0.506,-0.706,0.341,0.002,-0.115,0.458,0.07,0.42,-0.358,-0.06,0.145,0.552,0.71,0.705,0.344,-0.274,0.706,0.721,0.776,0.44,-0.281,0.515,0.218,0.664,0.666,0.706,0.742,-0.137,0.441,0.671,0.655,0.484,0.189,-0.536,0.218,0.539,0.765,0.061,-0.633,-0.496,0.717,-0.517,0.612,0.176,-0.069,0.077,0.773,0.628,0.554,0.632,0.041,0.588,-0.205,0.612,0.51,0.516,0.529,0.594,0.4,0.015,0.763,0.668,-0.053,0.553,0.131
