,AAL,AAPL,ABUS,ADBE,ADI,ADMA,AEP,AGNC,AKBA,ALT,AMAT,AMD,AMGN,AMZN,APA,APPS,ARCC,ARDX,ATER,ATOS,AUPH,AVGO,AZN,BCRX,BGC,BIDU,BILI,BKR,BLDP,BLNK,BYND,CAN,CELH,CG,CGC,CHRD,CLNE,CMCSA,COMM,COST,CPB,CPRT,CRON,CRWD,CSCO,CSGP,CSX,CTSH,CZR,DBX,DDOG,DKNG,DLTR,DOCU,DVAX,DXCM,EA,EBAY,ENPH,ERIC,ESPR,ETSY,EXC,EXEL,EXPE,FANG,FAST,FITB,FLEX,FOLD,FOXA,FSLR,FTNT,FUTU,GEN,GERN,GEVO,GILD,GOOG,GOOGL,GPRO,GT,HBAN,HIVE,HON,HST,HUT,IBRX,INTC,IOVA,IQ,IRWD,JBLU,JD,KDP,KHC,LBTYK,LRCX,LYFT,MAR,MARA,MAT,MCHP,MCRB,MDLZ,META,MGNI,MLCO,MNKD,MNST,MOMO,MRNA,MRVL,MSFT,MSTR,MTCH,MU,MVIS,NDAQ,NFLX,NKTR,NNDM,NTES,NTNX,NVAX,NVDA,NWL,NWSA,NXPI,OCGN,OKTA,ON,OPK,PAA,PACB,PAGP,PANW,PARA,PCAR,PDD,PENN,PEP,PLUG,PTEN,PTON,PYPL,QCOM,QUBT,QVCGA,RDFN,REAL,RIOT,ROKU,ROST,RUN,SABR,SAVA,SBUX,SFIX,SGMO,SIRI,SLM,SMCI,SNDL,SONO,STNE,STX,TCOM,TGTX,TIGR,TLRY,TMUS,TRIP,TSCO,TSLA,TTD,TXN,UAL,UNIT,VERU,VKTX,VLY,VOD,VTRS,VXRT,WBA,WBD,WDAY,WDC,WEN,WW,WYNN,XEL,XP,XRAY,XRX,Z,ZION,ZM,ZS
AAL,1.0,-0.448,0.612,-0.642,0.502,0.47,-0.527,0.781,0.686,0.499,0.651,-0.057,-0.491,-0.41,0.805,0.585,-0.377,0.241,0.627,0.574,0.746,-0.077,0.469,0.598,0.718,0.521,0.439,0.698,0.651,0.576,0.623,0.653,0.5,0.314,0.706,0.388,0.648,-0.409,0.306,-0.641,-0.29,-0.543,0.678,-0.007,-0.388,0.039,0.362,0.593,0.68,-0.112,0.083,0.631,0.447,-0.255,0.148,-0.51,-0.262,-0.237,0.246,0.267,0.673,0.015,-0.398,0.672,0.767,0.634,-0.517,0.714,0.667,0.595,0.78,0.053,-0.571,0.525,0.316,0.592,0.677,-0.241,-0.445,-0.387,0.64,0.723,0.537,0.298,-0.301,0.858,-0.13,0.57,0.376,0.472,0.637,0.317,0.87,0.189,-0.52,0.538,0.811,0.712,0.666,0.539,0.494,0.369,0.762,0.522,-0.459,0.194,0.502,0.725,0.296,-0.281,0.72,-0.409,0.341,-0.492,0.348,0.447,0.513,0.568,0.137,-0.189,0.458,0.583,-0.229,0.623,0.136,0.293,0.262,0.676,0.503,0.425,0.115,0.547,0.316,0.783,0.543,0.805,-0.511,0.449,0.439,0.62,0.66,-0.558,0.538,0.72,0.291,-0.343,-0.01,-0.23,0.773,0.569,0.716,0.457,0.315,0.406,0.509,0.761,-0.1,-0.457,0.521,0.618,0.116,0.253,0.365,0.625,0.492,0.692,0.194,0.747,0.371,0.565,0.731,-0.151,0.832,0.022,0.377,0.06,0.348,0.907,-0.305,0.656,0.502,0.754,0.763,0.648,0.448,0.579,0.563,0.555,0.628,0.635,0.631,0.752,-0.502,0.711,0.803,0.496,0.564,0.812,0.429,-0.278
AAPL,-0.448,1.0,-0.789,0.789,-0.319,-0.704,0.592,-0.462,-0.606,-0.749,-0.367,0.105,0.476,0.771,-0.55,-0.667,0.694,-0.169,-0.675,-0.597,-0.688,0.347,-0.123,-0.474,-0.581,-0.564,-0.551,-0.511,-0.627,-0.766,-0.635,-0.741,-0.499,-0.029,-0.558,-0.139,-0.821,0.582,-0.107,0.768,-0.059,0.738,-0.63,0.192,0.8,-0.095,-0.16,-0.511,-0.634,0.348,0.004,-0.628,-0.508,0.401,-0.236,0.644,0.342,0.21,-0.174,0.087,-0.65,-0.184,0.644,-0.651,-0.423,-0.512,0.742,-0.363,-0.423,-0.73,-0.647,0.02,0.716,-0.714,-0.264,-0.801,-0.763,0.298,0.688,0.783,-0.687,-0.526,-0.29,-0.245,0.693,-0.457,0.267,-0.718,-0.154,-0.553,-0.601,-0.394,-0.565,-0.246,0.605,-0.578,-0.597,-0.437,-0.539,-0.086,-0.64,-0.164,-0.445,-0.72,0.689,-0.043,-0.669,-0.546,-0.406,0.325,-0.592,0.459,-0.121,0.913,-0.389,-0.131,-0.591,-0.785,0.034,0.485,-0.421,-0.835,0.136,-0.706,-0.27,0.078,0.14,-0.369,-0.377,-0.686,-0.025,-0.282,-0.49,-0.468,-0.613,-0.464,0.702,-0.54,-0.32,-0.632,-0.657,0.754,-0.756,-0.611,-0.343,0.653,0.465,0.38,-0.531,-0.513,-0.684,-0.624,-0.495,-0.019,-0.541,-0.632,0.465,0.793,-0.576,-0.797,0.086,-0.158,-0.448,-0.712,-0.278,-0.467,0.06,-0.562,-0.334,-0.694,-0.6,0.564,-0.591,0.475,-0.43,-0.081,0.05,-0.551,0.397,-0.754,-0.626,-0.541,-0.548,-0.42,-0.614,-0.74,-0.582,-0.556,-0.321,-0.586,-0.501,-0.631,0.689,-0.594,-0.531,-0.055,-0.623,-0.512,-0.238,0.562
ABUS,0.612,-0.789,1.0,-0.626,0.456,0.801,-0.508,0.638,0.673,0.712,0.523,-0.144,-0.382,-0.546,0.651,0.699,-0.432,0.188,0.852,0.802,0.791,-0.211,0.291,0.666,0.808,0.723,0.658,0.544,0.708,0.906,0.709,0.715,0.704,0.324,0.682,0.377,0.852,-0.546,0.337,-0.675,0.045,-0.582,0.737,0.077,-0.629,0.224,0.23,0.628,0.783,-0.062,0.266,0.785,0.506,-0.28,0.222,-0.401,-0.304,-0.104,0.42,0.065,0.727,0.215,-0.563,0.715,0.686,0.606,-0.626,0.566,0.597,0.803,0.779,0.242,-0.618,0.663,0.451,0.755,0.923,-0.234,-0.455,-0.493,0.762,0.701,0.574,0.139,-0.585,0.647,-0.246,0.873,0.321,0.765,0.715,0.563,0.611,0.361,-0.638,0.617,0.69,0.555,0.701,0.357,0.728,0.324,0.632,0.792,-0.561,0.215,0.826,0.533,0.55,-0.193,0.699,-0.521,0.404,-0.722,0.429,0.341,0.578,0.89,-0.072,-0.341,0.69,0.834,-0.14,0.718,0.251,0.072,0.002,0.543,0.651,0.765,0.278,0.494,0.525,0.544,0.764,0.611,-0.429,0.626,0.412,0.662,0.82,-0.649,0.798,0.76,0.497,-0.381,-0.251,-0.412,0.693,0.728,0.758,0.681,0.496,0.274,0.74,0.734,-0.288,-0.518,0.649,0.871,0.17,0.27,0.585,0.719,0.529,0.608,0.022,0.643,0.561,0.696,0.69,-0.448,0.776,-0.331,0.536,0.277,0.149,0.661,-0.234,0.859,0.877,0.756,0.626,0.557,0.699,0.644,0.625,0.634,0.416,0.726,0.56,0.721,-0.649,0.607,0.618,0.366,0.784,0.673,0.379,-0.276
ADBE,-0.642,0.789,-0.626,1.0,-0.283,-0.57,0.682,-0.631,-0.696,-0.644,-0.372,0.175,0.553,0.663,-0.666,-0.635,0.772,-0.259,-0.6,-0.56,-0.753,0.339,-0.236,-0.396,-0.567,-0.52,-0.429,-0.602,-0.654,-0.6,-0.596,-0.749,-0.435,-0.117,-0.685,-0.128,-0.746,0.643,-0.049,0.883,0.081,0.787,-0.704,0.237,0.778,-0.02,-0.196,-0.429,-0.584,0.43,0.204,-0.543,-0.41,0.469,-0.129,0.762,0.309,0.416,-0.041,-0.113,-0.77,-0.011,0.653,-0.646,-0.456,-0.474,0.714,-0.413,-0.437,-0.633,-0.677,0.14,0.796,-0.682,-0.289,-0.698,-0.659,0.392,0.785,0.789,-0.625,-0.556,-0.238,-0.279,0.632,-0.575,0.272,-0.587,-0.134,-0.439,-0.664,-0.2,-0.652,-0.208,0.529,-0.634,-0.623,-0.511,-0.483,-0.095,-0.492,-0.178,-0.488,-0.581,0.632,0.03,-0.456,-0.588,-0.21,0.415,-0.653,0.476,0.018,0.812,-0.317,-0.147,-0.493,-0.6,0.084,0.398,-0.336,-0.703,0.283,-0.632,-0.096,-0.024,-0.023,-0.383,-0.298,-0.462,0.078,-0.293,-0.386,-0.553,-0.471,-0.552,0.769,-0.415,-0.29,-0.686,-0.57,0.664,-0.609,-0.602,-0.156,0.708,0.383,0.376,-0.614,-0.436,-0.683,-0.474,-0.306,-0.059,-0.395,-0.592,0.506,0.809,-0.433,-0.665,0.206,-0.03,-0.306,-0.642,-0.25,-0.598,-0.052,-0.661,-0.223,-0.684,-0.733,0.45,-0.659,0.34,-0.303,0.099,0.036,-0.677,0.503,-0.653,-0.466,-0.53,-0.637,-0.433,-0.408,-0.711,-0.525,-0.492,-0.471,-0.497,-0.55,-0.608,0.587,-0.746,-0.513,-0.135,-0.476,-0.548,-0.236,0.565
ADI,0.502,-0.319,0.456,-0.283,1.0,0.284,-0.303,0.646,0.557,0.286,0.829,0.54,-0.138,-0.202,0.678,0.564,-0.06,0.404,0.607,0.492,0.431,0.197,0.696,0.145,0.649,0.714,0.572,0.586,0.684,0.632,0.716,0.612,0.713,0.512,0.733,0.49,0.554,-0.096,0.75,-0.424,-0.093,-0.386,0.634,0.281,-0.329,-0.443,0.624,0.692,0.67,0.362,0.202,0.691,0.289,-0.166,0.529,-0.404,0.257,0.341,0.72,0.462,0.503,0.423,-0.406,0.204,0.524,0.805,-0.461,0.716,0.788,0.377,0.587,0.574,-0.35,0.551,0.547,0.383,0.517,0.102,-0.417,-0.258,0.752,0.712,0.66,0.601,-0.327,0.624,0.273,0.664,0.649,0.678,0.659,0.357,0.639,0.514,-0.298,0.562,0.639,0.725,0.704,0.356,0.698,0.696,0.803,0.571,-0.535,0.628,0.666,0.679,0.669,-0.252,0.635,-0.501,0.692,-0.305,0.596,0.538,0.801,0.581,-0.194,0.175,0.653,0.559,0.218,0.59,0.307,0.64,0.352,0.802,0.799,0.446,0.362,0.825,0.618,0.63,0.702,0.673,-0.326,0.705,0.432,0.601,0.648,-0.521,0.641,0.661,0.353,-0.092,0.355,-0.489,0.708,0.665,0.617,0.656,0.724,0.658,0.71,0.454,0.021,-0.272,0.751,0.594,0.502,0.717,0.354,0.534,0.833,0.663,0.45,0.639,0.56,0.624,0.682,-0.114,0.601,0.334,0.607,0.542,0.654,0.578,-0.394,0.565,0.536,0.646,0.576,0.742,0.302,0.501,0.75,0.672,0.689,0.684,0.649,0.721,-0.526,0.438,0.537,0.567,0.688,0.642,0.616,-0.152
ADMA,0.47,-0.704,0.801,-0.57,0.284,1.0,-0.404,0.409,0.517,0.718,0.355,-0.32,-0.185,-0.681,0.436,0.656,-0.49,-0.083,0.677,0.606,0.655,-0.35,-0.02,0.544,0.698,0.66,0.74,0.287,0.534,0.78,0.445,0.544,0.442,-0.021,0.482,0.061,0.64,-0.683,0.053,-0.514,0.156,-0.442,0.481,-0.273,-0.533,0.373,0.041,0.442,0.654,-0.312,0.083,0.634,0.531,-0.199,0.304,-0.433,-0.313,-0.145,0.123,-0.299,0.637,0.027,-0.337,0.541,0.391,0.381,-0.534,0.371,0.34,0.797,0.619,-0.147,-0.477,0.621,0.155,0.661,0.814,-0.101,-0.443,-0.506,0.684,0.507,0.356,-0.03,-0.437,0.379,-0.506,0.737,0.058,0.48,0.646,0.771,0.376,0.471,-0.371,0.573,0.631,0.446,0.461,0.119,0.474,0.11,0.419,0.815,-0.284,-0.163,0.594,0.352,0.357,0.144,0.516,-0.167,0.163,-0.654,0.055,0.132,0.405,0.773,0.101,-0.477,0.4,0.707,0.007,0.487,0.449,-0.276,0.049,0.302,0.437,0.715,0.02,0.251,0.327,0.301,0.578,0.378,-0.363,0.309,0.523,0.556,0.685,-0.401,0.659,0.643,0.358,-0.488,-0.294,-0.072,0.493,0.534,0.709,0.407,0.261,0.025,0.514,0.603,-0.52,-0.484,0.401,0.715,0.059,0.344,0.763,0.532,0.304,0.444,-0.249,0.505,0.362,0.631,0.433,-0.546,0.585,-0.477,0.383,-0.046,-0.001,0.429,0.068,0.693,0.644,0.639,0.465,0.452,0.796,0.605,0.44,0.427,0.118,0.509,0.353,0.573,-0.484,0.642,0.483,0.013,0.597,0.545,0.068,-0.376
AEP,-0.527,0.592,-0.508,0.682,-0.303,-0.404,1.0,-0.52,-0.388,-0.555,-0.346,0.075,0.707,0.287,-0.487,-0.575,0.611,-0.039,-0.528,-0.446,-0.629,0.075,-0.198,-0.436,-0.454,-0.404,-0.39,-0.497,-0.606,-0.511,-0.462,-0.554,-0.47,-0.261,-0.563,-0.254,-0.597,0.559,0.023,0.584,0.26,0.635,-0.63,-0.109,0.672,-0.052,-0.111,-0.313,-0.526,0.189,-0.145,-0.469,-0.375,0.261,0.009,0.573,0.388,0.397,-0.1,-0.124,-0.674,0.04,0.794,-0.594,-0.416,-0.394,0.512,-0.269,-0.291,-0.385,-0.43,0.075,0.574,-0.633,-0.311,-0.624,-0.571,0.508,0.638,0.644,-0.617,-0.454,-0.157,-0.209,0.669,-0.521,0.073,-0.503,-0.075,-0.38,-0.604,-0.109,-0.525,-0.049,0.63,-0.546,-0.5,-0.465,-0.412,-0.216,-0.355,-0.169,-0.419,-0.496,0.7,-0.006,-0.43,-0.609,-0.093,0.522,-0.498,0.55,-0.009,0.684,-0.196,-0.105,-0.456,-0.568,0.039,0.528,-0.275,-0.542,0.325,-0.596,0.003,-0.077,0.153,-0.339,-0.334,-0.353,-0.307,-0.248,-0.327,-0.473,-0.359,-0.412,0.534,-0.274,-0.11,-0.491,-0.573,0.672,-0.5,-0.551,-0.238,0.351,0.344,0.396,-0.434,-0.448,-0.593,-0.33,-0.345,-0.055,-0.415,-0.585,0.181,0.66,-0.485,-0.481,0.241,0.026,-0.137,-0.621,-0.262,-0.567,0.005,-0.48,-0.168,-0.588,-0.569,0.583,-0.515,0.458,-0.331,0.04,-0.007,-0.523,0.47,-0.558,-0.35,-0.39,-0.539,-0.395,-0.354,-0.66,-0.364,-0.573,-0.334,-0.506,-0.516,-0.584,0.759,-0.555,-0.44,-0.212,-0.439,-0.396,-0.161,0.121
AGNC,0.781,-0.462,0.638,-0.631,0.646,0.409,-0.52,1.0,0.65,0.435,0.64,0.166,-0.434,-0.288,0.803,0.639,-0.269,0.379,0.7,0.516,0.753,-0.111,0.642,0.452,0.747,0.628,0.463,0.725,0.791,0.662,0.721,0.731,0.706,0.589,0.825,0.488,0.714,-0.284,0.497,-0.643,-0.013,-0.552,0.763,0.272,-0.499,-0.192,0.538,0.632,0.694,0.151,0.24,0.735,0.392,-0.154,0.253,-0.514,-0.162,-0.024,0.517,0.336,0.8,0.284,-0.468,0.5,0.761,0.741,-0.445,0.741,0.748,0.584,0.745,0.276,-0.608,0.626,0.557,0.619,0.688,-0.184,-0.556,-0.47,0.693,0.741,0.568,0.517,-0.51,0.815,0.135,0.722,0.431,0.716,0.749,0.246,0.836,0.247,-0.568,0.698,0.784,0.655,0.744,0.449,0.667,0.56,0.798,0.558,-0.558,0.413,0.637,0.746,0.509,-0.508,0.754,-0.59,0.408,-0.484,0.569,0.409,0.605,0.637,-0.206,-0.176,0.601,0.648,-0.27,0.72,0.196,0.474,0.196,0.779,0.59,0.512,0.388,0.624,0.613,0.809,0.707,0.818,-0.483,0.591,0.323,0.675,0.725,-0.635,0.671,0.724,0.414,-0.305,0.006,-0.497,0.8,0.765,0.707,0.649,0.503,0.461,0.676,0.657,-0.095,-0.507,0.69,0.687,0.256,0.314,0.351,0.671,0.651,0.804,0.217,0.753,0.58,0.664,0.832,-0.257,0.867,0.101,0.452,0.283,0.327,0.851,-0.475,0.727,0.668,0.719,0.723,0.777,0.39,0.581,0.714,0.691,0.637,0.719,0.824,0.755,-0.531,0.597,0.722,0.613,0.729,0.729,0.675,-0.224
AKBA,0.686,-0.606,0.673,-0.696,0.557,0.517,-0.388,0.65,1.0,0.512,0.611,-0.091,-0.35,-0.476,0.825,0.636,-0.504,0.627,0.748,0.765,0.721,-0.074,0.539,0.378,0.767,0.619,0.521,0.789,0.602,0.728,0.621,0.749,0.6,0.367,0.727,0.386,0.679,-0.34,0.469,-0.775,-0.07,-0.73,0.672,0.007,-0.529,-0.134,0.336,0.741,0.73,-0.094,-0.027,0.705,0.365,-0.481,0.177,-0.576,-0.15,-0.178,0.291,0.406,0.704,0.014,-0.542,0.517,0.587,0.709,-0.686,0.754,0.786,0.675,0.839,0.257,-0.753,0.611,0.523,0.651,0.733,-0.232,-0.595,-0.528,0.629,0.808,0.578,0.259,-0.431,0.684,-0.191,0.74,0.387,0.576,0.728,0.275,0.721,0.326,-0.605,0.573,0.756,0.676,0.737,0.343,0.674,0.355,0.735,0.658,-0.581,0.177,0.658,0.657,0.417,-0.324,0.751,-0.52,0.274,-0.579,0.449,0.578,0.599,0.681,-0.2,0.095,0.519,0.771,-0.217,0.749,0.115,0.252,0.12,0.697,0.628,0.513,0.087,0.665,0.429,0.711,0.689,0.761,-0.603,0.594,0.439,0.7,0.664,-0.624,0.701,0.77,0.222,-0.418,-0.029,-0.477,0.794,0.607,0.77,0.646,0.461,0.477,0.596,0.604,-0.29,-0.536,0.604,0.694,0.124,0.249,0.43,0.727,0.545,0.707,0.452,0.812,0.426,0.712,0.729,-0.048,0.795,0.045,0.492,0.239,0.316,0.798,-0.522,0.669,0.638,0.786,0.715,0.606,0.4,0.631,0.685,0.565,0.746,0.623,0.589,0.662,-0.498,0.678,0.623,0.472,0.696,0.799,0.519,-0.462
ALT,0.499,-0.749,0.712,-0.644,0.286,0.718,-0.555,0.435,0.512,1.0,0.311,-0.257,-0.504,-0.587,0.435,0.623,-0.539,0.093,0.61,0.648,0.679,-0.257,0.025,0.468,0.601,0.497,0.528,0.378,0.504,0.63,0.427,0.573,0.362,-0.024,0.53,0.011,0.687,-0.706,0.0,-0.554,-0.033,-0.588,0.638,-0.145,-0.577,0.354,0.056,0.582,0.527,-0.396,0.032,0.454,0.397,-0.347,0.012,-0.53,-0.441,-0.331,0.057,-0.086,0.666,-0.12,-0.479,0.631,0.382,0.372,-0.625,0.353,0.353,0.72,0.603,-0.162,-0.469,0.583,0.123,0.608,0.736,-0.474,-0.465,-0.559,0.705,0.476,0.278,0.034,-0.514,0.427,-0.367,0.592,0.264,0.364,0.51,0.42,0.53,0.305,-0.57,0.506,0.669,0.374,0.359,0.13,0.404,0.118,0.466,0.712,-0.429,-0.101,0.563,0.545,0.122,-0.139,0.484,-0.39,0.024,-0.739,0.073,0.191,0.56,0.738,0.117,-0.472,0.29,0.675,-0.18,0.542,0.027,-0.21,-0.1,0.321,0.351,0.567,0.066,0.23,0.217,0.337,0.442,0.347,-0.465,0.292,0.34,0.601,0.545,-0.576,0.54,0.58,0.127,-0.472,-0.436,-0.247,0.545,0.393,0.703,0.345,0.284,-0.02,0.361,0.61,-0.488,-0.551,0.422,0.658,-0.201,0.089,0.408,0.603,0.171,0.402,-0.108,0.499,0.194,0.545,0.581,-0.401,0.521,-0.484,0.3,-0.07,-0.138,0.464,-0.277,0.759,0.604,0.561,0.517,0.395,0.68,0.695,0.379,0.535,0.225,0.518,0.36,0.614,-0.466,0.712,0.422,0.035,0.461,0.506,0.076,-0.285
AMAT,0.651,-0.367,0.523,-0.372,0.829,0.355,-0.346,0.64,0.611,0.311,1.0,0.369,-0.205,-0.261,0.762,0.594,-0.143,0.293,0.627,0.555,0.472,0.206,0.698,0.229,0.727,0.696,0.568,0.63,0.663,0.661,0.717,0.664,0.671,0.489,0.693,0.453,0.582,-0.173,0.669,-0.497,-0.239,-0.42,0.603,0.252,-0.285,-0.335,0.543,0.627,0.693,0.28,0.248,0.737,0.398,-0.106,0.464,-0.435,0.233,0.268,0.612,0.475,0.447,0.413,-0.329,0.292,0.569,0.782,-0.474,0.753,0.823,0.489,0.675,0.5,-0.419,0.624,0.473,0.412,0.582,0.027,-0.4,-0.28,0.662,0.762,0.661,0.494,-0.305,0.687,0.111,0.67,0.716,0.637,0.678,0.358,0.757,0.461,-0.315,0.54,0.68,0.857,0.708,0.42,0.681,0.641,0.869,0.618,-0.451,0.549,0.665,0.643,0.616,-0.19,0.72,-0.392,0.78,-0.289,0.569,0.513,0.787,0.625,-0.025,0.078,0.722,0.611,0.171,0.614,0.324,0.671,0.413,0.79,0.785,0.567,0.376,0.834,0.511,0.689,0.726,0.744,-0.331,0.717,0.548,0.673,0.682,-0.529,0.643,0.71,0.459,-0.153,0.365,-0.355,0.809,0.647,0.61,0.636,0.694,0.643,0.712,0.558,0.033,-0.327,0.707,0.586,0.49,0.596,0.404,0.529,0.745,0.674,0.37,0.745,0.499,0.688,0.644,-0.148,0.668,0.302,0.625,0.477,0.717,0.687,-0.282,0.578,0.459,0.697,0.652,0.699,0.334,0.587,0.755,0.709,0.702,0.695,0.613,0.7,-0.507,0.567,0.736,0.59,0.72,0.726,0.644,-0.161
AMD,-0.057,0.105,-0.144,0.175,0.54,-0.32,0.075,0.166,-0.091,-0.257,0.369,1.0,0.218,0.189,0.135,0.105,0.405,0.146,0.049,-0.144,-0.121,0.292,0.457,-0.213,-0.028,0.133,-0.029,0.164,0.246,0.058,0.306,0.13,0.34,0.327,0.152,0.382,0.071,0.365,0.529,-0.011,-0.029,0.009,0.135,0.383,0.085,-0.666,0.582,0.104,0.123,0.547,0.229,0.215,0.024,0.058,0.573,-0.021,0.419,0.667,0.601,0.359,-0.127,0.599,-0.086,-0.303,0.1,0.376,-0.028,0.146,0.286,-0.268,-0.026,0.537,0.069,0.031,0.299,-0.099,-0.119,0.375,-0.014,0.134,0.14,0.136,0.199,0.808,-0.087,0.077,0.806,0.11,0.449,0.326,0.055,-0.109,0.188,0.136,0.044,0.056,-0.06,0.166,0.3,0.164,0.364,0.604,0.242,-0.103,-0.273,0.643,0.241,0.244,0.548,-0.271,0.056,-0.222,0.505,0.226,0.518,0.093,0.443,0.001,-0.231,0.315,0.24,-0.049,0.324,0.104,0.326,0.685,0.336,0.342,0.296,0.041,0.262,0.394,0.49,0.219,0.266,0.191,0.004,0.332,-0.096,0.097,0.137,-0.142,0.17,0.009,0.183,0.06,0.512,-0.35,0.197,0.268,-0.059,0.368,0.528,0.534,0.303,-0.105,0.311,0.08,0.34,0.136,0.593,0.542,-0.027,-0.087,0.453,0.18,0.296,0.05,0.376,0.081,0.183,0.019,-0.016,0.495,0.269,0.529,0.492,0.025,-0.231,0.054,-0.001,-0.024,-0.061,0.334,-0.215,-0.026,0.371,0.26,0.296,0.293,0.305,0.166,-0.197,-0.218,0.078,0.359,0.215,-0.015,0.477,0.007
AMGN,-0.491,0.476,-0.382,0.553,-0.138,-0.185,0.707,-0.434,-0.35,-0.504,-0.205,0.218,1.0,0.21,-0.387,-0.407,0.566,-0.142,-0.401,-0.418,-0.525,0.042,-0.094,-0.302,-0.274,-0.217,-0.169,-0.417,-0.423,-0.321,-0.338,-0.561,-0.27,-0.143,-0.453,-0.085,-0.508,0.412,0.09,0.53,0.38,0.564,-0.516,-0.115,0.616,-0.144,-0.125,-0.317,-0.313,0.264,-0.02,-0.265,-0.307,0.331,0.362,0.45,0.408,0.522,-0.005,-0.174,-0.512,0.171,0.662,-0.576,-0.349,-0.246,0.48,-0.229,-0.219,-0.225,-0.381,0.106,0.514,-0.46,-0.221,-0.495,-0.418,0.802,0.452,0.488,-0.356,-0.273,-0.043,-0.054,0.558,-0.459,0.167,-0.274,-0.086,-0.178,-0.373,0.159,-0.455,0.062,0.623,-0.257,-0.39,-0.283,-0.243,-0.15,-0.254,0.01,-0.347,-0.304,0.594,-0.005,-0.275,-0.487,0.118,0.471,-0.391,0.571,0.087,0.597,-0.215,-0.128,-0.365,-0.403,0.082,0.357,-0.065,-0.452,0.38,-0.503,0.318,-0.025,0.286,-0.228,-0.189,-0.213,-0.172,-0.143,-0.103,-0.383,-0.153,-0.35,0.546,-0.21,0.035,-0.403,-0.338,0.625,-0.362,-0.348,-0.073,0.237,0.345,0.388,-0.331,-0.218,-0.411,-0.273,-0.204,0.071,-0.219,-0.535,0.091,0.569,-0.337,-0.299,0.408,0.286,0.148,-0.616,-0.098,-0.372,-0.128,-0.407,0.128,-0.365,-0.5,0.234,-0.406,0.318,-0.082,0.097,0.104,-0.505,0.524,-0.408,-0.215,-0.264,-0.495,-0.134,-0.214,-0.557,-0.217,-0.434,-0.356,-0.337,-0.437,-0.435,0.547,-0.473,-0.359,-0.126,-0.273,-0.278,-0.178,0.12
AMZN,-0.41,0.771,-0.546,0.663,-0.202,-0.681,0.287,-0.288,-0.476,-0.587,-0.261,0.189,0.21,1.0,-0.353,-0.533,0.608,0.012,-0.332,-0.354,-0.469,0.348,0.014,-0.232,-0.365,-0.482,-0.565,-0.209,-0.395,-0.513,-0.469,-0.505,-0.197,0.311,-0.411,0.213,-0.518,0.627,0.084,0.591,-0.065,0.574,-0.394,0.65,0.613,-0.01,-0.037,-0.415,-0.384,0.579,0.349,-0.4,-0.312,0.374,-0.299,0.694,0.138,0.101,0.051,0.335,-0.504,-0.192,0.252,-0.384,-0.178,-0.25,0.56,-0.232,-0.264,-0.664,-0.445,0.224,0.572,-0.527,0.1,-0.494,-0.493,-0.004,0.604,0.702,-0.48,-0.258,-0.193,-0.131,0.353,-0.21,0.507,-0.454,-0.043,-0.27,-0.423,-0.521,-0.367,-0.403,0.147,-0.472,-0.537,-0.427,-0.224,0.187,-0.363,-0.026,-0.313,-0.579,0.332,0.079,-0.371,-0.328,-0.293,-0.017,-0.486,0.055,-0.086,0.745,-0.19,-0.016,-0.417,-0.503,-0.18,0.376,-0.268,-0.584,-0.153,-0.36,-0.359,0.256,-0.12,-0.158,-0.172,-0.52,0.298,-0.103,-0.277,-0.261,-0.413,-0.264,0.671,-0.415,-0.433,-0.491,-0.374,0.369,-0.487,-0.34,-0.242,0.668,0.221,-0.002,-0.345,-0.287,-0.439,-0.339,-0.278,0.214,-0.262,-0.378,0.547,0.661,-0.24,-0.624,0.06,-0.236,-0.578,-0.441,-0.099,-0.256,0.189,-0.367,-0.121,-0.484,-0.447,0.449,-0.42,0.337,-0.312,0.078,-0.012,-0.37,0.111,-0.498,-0.363,-0.374,-0.311,-0.314,-0.538,-0.595,-0.404,-0.276,-0.153,-0.283,-0.274,-0.377,0.388,-0.55,-0.387,0.273,-0.356,-0.418,0.014,0.76
APA,0.805,-0.55,0.651,-0.666,0.678,0.436,-0.487,0.803,0.825,0.435,0.762,0.135,-0.387,-0.353,1.0,0.623,-0.425,0.532,0.802,0.663,0.749,-0.096,0.691,0.491,0.799,0.59,0.417,0.836,0.775,0.741,0.779,0.761,0.739,0.538,0.855,0.595,0.751,-0.276,0.6,-0.758,-0.103,-0.685,0.736,0.193,-0.455,-0.18,0.465,0.666,0.806,0.105,0.141,0.82,0.488,-0.324,0.263,-0.503,-0.1,-0.063,0.469,0.486,0.687,0.169,-0.556,0.593,0.763,0.888,-0.627,0.762,0.831,0.614,0.818,0.319,-0.646,0.589,0.681,0.668,0.752,-0.182,-0.58,-0.467,0.741,0.874,0.581,0.444,-0.505,0.853,0.055,0.761,0.449,0.692,0.738,0.199,0.888,0.205,-0.606,0.617,0.783,0.725,0.868,0.522,0.72,0.55,0.869,0.633,-0.632,0.336,0.674,0.783,0.506,-0.437,0.754,-0.595,0.418,-0.541,0.545,0.547,0.667,0.707,-0.202,-0.061,0.623,0.704,-0.273,0.766,0.209,0.527,0.201,0.821,0.674,0.507,0.245,0.739,0.546,0.853,0.741,0.936,-0.586,0.583,0.393,0.694,0.788,-0.706,0.727,0.858,0.369,-0.412,0.013,-0.531,0.897,0.733,0.765,0.693,0.534,0.575,0.706,0.752,-0.125,-0.492,0.712,0.705,0.236,0.314,0.33,0.692,0.691,0.88,0.367,0.884,0.569,0.698,0.827,-0.131,0.888,0.135,0.462,0.26,0.41,0.901,-0.514,0.725,0.613,0.804,0.886,0.678,0.351,0.655,0.753,0.719,0.794,0.755,0.732,0.8,-0.533,0.727,0.77,0.58,0.757,0.795,0.69,-0.356
APPS,0.585,-0.667,0.699,-0.635,0.564,0.656,-0.575,0.639,0.636,0.623,0.594,0.105,-0.407,-0.533,0.623,1.0,-0.48,0.231,0.745,0.638,0.737,-0.013,0.364,0.294,0.703,0.781,0.723,0.61,0.73,0.788,0.643,0.681,0.606,0.21,0.74,0.221,0.709,-0.553,0.275,-0.691,-0.005,-0.677,0.731,-0.038,-0.624,-0.142,0.374,0.542,0.682,-0.155,0.025,0.677,0.445,-0.349,0.297,-0.707,-0.245,-0.114,0.319,0.093,0.713,0.147,-0.606,0.481,0.461,0.62,-0.732,0.589,0.612,0.671,0.665,0.123,-0.734,0.789,0.334,0.628,0.731,-0.239,-0.667,-0.607,0.752,0.643,0.446,0.36,-0.61,0.587,-0.072,0.746,0.289,0.544,0.803,0.487,0.603,0.461,-0.525,0.693,0.715,0.597,0.586,0.152,0.596,0.316,0.694,0.78,-0.585,0.172,0.701,0.684,0.463,-0.297,0.681,-0.512,0.344,-0.609,0.327,0.271,0.684,0.726,-0.138,-0.313,0.518,0.741,-0.018,0.633,0.323,0.18,0.097,0.623,0.555,0.671,0.142,0.466,0.546,0.564,0.642,0.583,-0.618,0.575,0.464,0.768,0.71,-0.693,0.688,0.713,0.361,-0.498,-0.119,-0.439,0.657,0.69,0.742,0.539,0.55,0.244,0.607,0.612,-0.383,-0.686,0.642,0.72,0.118,0.407,0.511,0.67,0.503,0.637,0.065,0.687,0.397,0.767,0.671,-0.459,0.692,-0.186,0.616,0.248,0.182,0.629,-0.433,0.703,0.579,0.637,0.593,0.691,0.582,0.807,0.672,0.641,0.453,0.592,0.625,0.74,-0.704,0.699,0.609,0.301,0.727,0.638,0.422,-0.45
ARCC,-0.377,0.694,-0.432,0.772,-0.06,-0.49,0.611,-0.269,-0.504,-0.539,-0.143,0.405,0.566,0.608,-0.425,-0.48,1.0,-0.118,-0.367,-0.356,-0.536,0.488,0.045,-0.213,-0.297,-0.352,-0.374,-0.317,-0.438,-0.41,-0.392,-0.525,-0.138,0.194,-0.462,0.176,-0.534,0.613,0.243,0.647,-0.018,0.657,-0.435,0.344,0.691,-0.091,0.047,-0.185,-0.3,0.64,0.354,-0.298,-0.282,0.363,0.08,0.692,0.383,0.572,0.229,0.103,-0.558,0.206,0.559,-0.524,-0.081,-0.195,0.678,-0.116,-0.131,-0.516,-0.392,0.342,0.646,-0.605,-0.082,-0.575,-0.447,0.432,0.765,0.806,-0.438,-0.24,0.081,0.084,0.589,-0.322,0.517,-0.346,0.181,-0.164,-0.506,-0.13,-0.345,-0.045,0.413,-0.492,-0.464,-0.238,-0.18,0.236,-0.209,0.234,-0.243,-0.444,0.448,0.295,-0.243,-0.34,0.068,0.326,-0.465,0.272,0.246,0.783,-0.033,0.085,-0.234,-0.425,0.174,0.481,-0.092,-0.565,0.249,-0.458,-0.022,0.223,0.252,-0.085,-0.001,-0.391,0.246,0.027,-0.082,-0.263,-0.191,-0.272,0.724,-0.18,-0.152,-0.53,-0.31,0.593,-0.416,-0.404,-0.113,0.666,0.528,0.193,-0.284,-0.203,-0.538,-0.218,-0.106,0.289,-0.145,-0.497,0.504,0.843,-0.244,-0.395,0.496,0.238,-0.2,-0.581,0.059,-0.364,0.092,-0.487,0.126,-0.555,-0.434,0.463,-0.398,0.526,-0.099,0.226,0.283,-0.415,0.442,-0.376,-0.196,-0.247,-0.496,-0.115,-0.43,-0.572,-0.247,-0.298,-0.204,-0.165,-0.313,-0.458,0.451,-0.644,-0.32,0.187,-0.261,-0.287,0.002,0.517
ARDX,0.241,-0.169,0.188,-0.259,0.404,-0.083,-0.039,0.379,0.627,0.093,0.293,0.146,-0.142,0.012,0.532,0.231,-0.118,1.0,0.413,0.386,0.315,0.123,0.558,0.019,0.313,0.25,0.033,0.591,0.233,0.272,0.327,0.346,0.307,0.36,0.388,0.371,0.266,0.072,0.524,-0.371,-0.046,-0.398,0.33,0.221,-0.185,-0.329,0.344,0.491,0.336,0.176,-0.111,0.263,0.034,-0.411,-0.055,-0.209,0.067,-0.055,0.207,0.565,0.309,-0.041,-0.375,0.22,0.367,0.522,-0.374,0.49,0.654,0.271,0.422,0.382,-0.437,0.143,0.505,0.168,0.247,-0.101,-0.255,-0.126,0.242,0.537,0.326,0.311,-0.139,0.444,0.221,0.314,0.308,0.327,0.281,-0.242,0.442,0.062,-0.378,0.194,0.33,0.284,0.478,0.27,0.409,0.301,0.477,0.195,-0.397,0.287,0.289,0.496,0.233,-0.429,0.434,-0.418,0.128,-0.129,0.413,0.621,0.347,0.221,-0.42,0.382,0.228,0.258,-0.233,0.337,-0.12,0.402,-0.064,0.595,0.347,0.048,0.073,0.49,0.299,0.519,0.349,0.548,-0.337,0.338,-0.002,0.362,0.227,-0.391,0.281,0.422,-0.132,-0.143,0.06,-0.5,0.485,0.243,0.333,0.425,0.206,0.493,0.243,0.236,-0.109,-0.169,0.279,0.263,0.045,0.064,-0.103,0.267,0.334,0.431,0.532,0.536,0.26,0.278,0.406,0.431,0.462,0.343,0.133,0.218,0.177,0.487,-0.629,0.28,0.322,0.412,0.482,0.375,-0.103,0.251,0.322,0.345,0.585,0.288,0.386,0.357,-0.135,0.264,0.168,0.409,0.371,0.43,0.564,-0.253
ATER,0.627,-0.675,0.852,-0.6,0.607,0.677,-0.528,0.7,0.748,0.61,0.627,0.049,-0.401,-0.332,0.802,0.745,-0.367,0.413,1.0,0.837,0.762,-0.081,0.473,0.592,0.873,0.73,0.562,0.707,0.768,0.929,0.727,0.776,0.816,0.53,0.763,0.609,0.842,-0.394,0.55,-0.708,0.014,-0.639,0.763,0.245,-0.575,0.074,0.424,0.695,0.912,0.114,0.319,0.865,0.667,-0.373,0.262,-0.382,-0.224,-0.089,0.509,0.331,0.735,0.143,-0.677,0.663,0.747,0.794,-0.663,0.688,0.748,0.685,0.806,0.341,-0.665,0.638,0.68,0.777,0.937,-0.271,-0.484,-0.426,0.816,0.876,0.603,0.337,-0.627,0.741,-0.02,0.93,0.368,0.768,0.786,0.376,0.715,0.316,-0.7,0.619,0.682,0.608,0.869,0.534,0.822,0.497,0.759,0.789,-0.681,0.271,0.853,0.705,0.609,-0.303,0.733,-0.682,0.394,-0.607,0.504,0.476,0.656,0.907,-0.268,-0.203,0.645,0.806,-0.209,0.777,0.271,0.296,0.046,0.745,0.76,0.662,0.35,0.665,0.657,0.71,0.799,0.802,-0.488,0.569,0.368,0.675,0.92,-0.725,0.878,0.894,0.403,-0.39,-0.15,-0.601,0.812,0.79,0.828,0.773,0.546,0.541,0.821,0.805,-0.269,-0.462,0.746,0.824,0.25,0.367,0.484,0.71,0.685,0.808,0.197,0.821,0.62,0.712,0.734,-0.285,0.853,-0.098,0.519,0.281,0.232,0.765,-0.399,0.878,0.805,0.831,0.781,0.676,0.543,0.664,0.712,0.704,0.585,0.834,0.73,0.824,-0.704,0.661,0.659,0.518,0.87,0.723,0.606,-0.289
ATOS,0.574,-0.597,0.802,-0.56,0.492,0.606,-0.446,0.516,0.765,0.648,0.555,-0.144,-0.418,-0.354,0.663,0.638,-0.356,0.386,0.837,1.0,0.67,0.02,0.342,0.484,0.817,0.68,0.591,0.587,0.584,0.805,0.572,0.638,0.675,0.388,0.697,0.457,0.733,-0.439,0.418,-0.691,-0.193,-0.656,0.787,0.101,-0.54,0.16,0.245,0.726,0.781,-0.061,0.141,0.673,0.43,-0.542,0.088,-0.362,-0.168,-0.217,0.337,0.393,0.674,-0.018,-0.607,0.657,0.652,0.616,-0.642,0.645,0.655,0.605,0.757,0.352,-0.633,0.543,0.51,0.62,0.813,-0.419,-0.359,-0.357,0.684,0.764,0.661,0.058,-0.485,0.62,-0.251,0.764,0.466,0.593,0.676,0.348,0.579,0.465,-0.597,0.487,0.6,0.548,0.654,0.439,0.645,0.359,0.665,0.726,-0.556,0.209,0.748,0.556,0.38,-0.089,0.661,-0.642,0.318,-0.553,0.342,0.57,0.601,0.787,-0.15,-0.064,0.589,0.736,-0.106,0.639,-0.043,0.143,0.099,0.583,0.748,0.553,0.208,0.582,0.378,0.55,0.599,0.634,-0.451,0.55,0.462,0.66,0.719,-0.543,0.697,0.769,0.203,-0.224,-0.067,-0.556,0.745,0.586,0.705,0.575,0.444,0.458,0.629,0.678,-0.293,-0.345,0.606,0.675,0.113,0.272,0.402,0.642,0.539,0.611,0.292,0.692,0.446,0.607,0.707,-0.117,0.688,-0.11,0.578,0.308,0.199,0.622,-0.342,0.73,0.745,0.78,0.657,0.521,0.444,0.602,0.617,0.55,0.569,0.711,0.466,0.648,-0.57,0.673,0.501,0.422,0.669,0.665,0.354,-0.277
AUPH,0.746,-0.688,0.791,-0.753,0.431,0.655,-0.629,0.753,0.721,0.679,0.472,-0.121,-0.525,-0.469,0.749,0.737,-0.536,0.315,0.762,0.67,1.0,-0.209,0.353,0.564,0.722,0.597,0.554,0.719,0.78,0.768,0.643,0.745,0.609,0.283,0.738,0.361,0.799,-0.596,0.224,-0.743,-0.071,-0.635,0.745,0.077,-0.582,0.148,0.221,0.569,0.721,-0.136,0.129,0.675,0.445,-0.296,0.16,-0.562,-0.482,-0.226,0.281,0.082,0.791,0.026,-0.613,0.696,0.639,0.66,-0.685,0.578,0.609,0.709,0.792,0.072,-0.65,0.693,0.434,0.703,0.814,-0.366,-0.597,-0.558,0.737,0.698,0.46,0.277,-0.559,0.731,-0.116,0.74,0.264,0.657,0.708,0.379,0.709,0.273,-0.711,0.65,0.76,0.551,0.664,0.372,0.605,0.328,0.674,0.707,-0.581,0.097,0.66,0.672,0.314,-0.359,0.654,-0.555,0.201,-0.695,0.329,0.37,0.571,0.749,-0.108,-0.313,0.45,0.706,-0.336,0.682,0.13,0.076,0.005,0.595,0.517,0.62,0.194,0.449,0.451,0.634,0.631,0.686,-0.544,0.442,0.338,0.759,0.746,-0.752,0.664,0.743,0.336,-0.439,-0.252,-0.409,0.727,0.67,0.8,0.573,0.362,0.261,0.573,0.677,-0.305,-0.623,0.55,0.718,-0.002,0.155,0.386,0.709,0.426,0.685,0.157,0.656,0.463,0.762,0.73,-0.349,0.783,-0.267,0.456,0.133,0.083,0.764,-0.429,0.753,0.7,0.741,0.715,0.603,0.59,0.757,0.515,0.701,0.535,0.649,0.606,0.744,-0.598,0.694,0.617,0.433,0.686,0.696,0.392,-0.306
AVGO,-0.077,0.347,-0.211,0.339,0.197,-0.35,0.075,-0.111,-0.074,-0.257,0.206,0.292,0.042,0.348,-0.096,-0.013,0.488,0.123,-0.081,0.02,-0.209,1.0,0.316,-0.219,-0.048,-0.077,-0.103,0.071,-0.193,-0.143,-0.135,-0.139,0.118,0.255,-0.098,0.256,-0.218,0.298,0.339,0.274,-0.479,0.201,-0.078,0.266,0.296,-0.165,0.043,0.136,0.025,0.392,0.206,-0.076,-0.101,0.027,-0.026,0.217,0.246,0.245,0.259,0.375,-0.286,0.113,0.009,-0.257,0.053,0.001,0.229,0.188,0.18,-0.297,-0.108,0.445,0.196,-0.217,0.101,-0.307,-0.154,0.047,0.315,0.402,-0.129,0.091,0.271,0.103,0.314,0.0,0.248,-0.107,0.376,-0.006,-0.202,-0.119,-0.079,0.101,0.095,-0.29,-0.125,0.239,-0.034,0.269,-0.009,0.359,0.113,-0.068,-0.045,0.347,-0.051,0.003,0.009,0.075,-0.113,-0.045,0.326,0.347,0.145,0.422,0.109,-0.109,0.204,0.4,0.159,-0.191,0.25,-0.108,-0.21,0.323,0.335,0.194,0.36,-0.259,0.309,0.379,0.088,-0.034,-0.01,-0.033,0.225,0.164,0.135,-0.151,-0.035,0.102,-0.152,-0.066,-0.131,0.52,0.549,-0.068,0.031,-0.076,-0.228,-0.046,0.243,0.286,0.049,-0.209,0.416,0.416,0.023,-0.243,0.244,0.236,-0.293,-0.165,0.247,-0.108,0.452,-0.145,0.105,-0.2,-0.108,0.313,-0.147,0.406,0.297,0.261,0.5,-0.088,0.064,-0.131,-0.141,0.029,-0.108,0.003,-0.388,-0.077,-0.092,-0.013,0.268,0.041,-0.096,-0.171,-0.048,-0.247,-0.155,0.222,-0.041,0.046,0.08,0.335
AZN,0.469,-0.123,0.291,-0.236,0.696,-0.02,-0.198,0.642,0.539,0.025,0.698,0.457,-0.094,0.014,0.691,0.364,0.045,0.558,0.473,0.342,0.353,0.316,1.0,0.08,0.516,0.351,0.158,0.633,0.492,0.411,0.585,0.422,0.643,0.687,0.614,0.58,0.37,0.115,0.788,-0.359,-0.09,-0.3,0.482,0.445,-0.141,-0.527,0.499,0.523,0.478,0.537,0.313,0.587,0.149,0.023,0.223,-0.241,0.243,0.32,0.676,0.686,0.374,0.399,-0.296,0.085,0.506,0.666,-0.242,0.621,0.831,0.312,0.488,0.665,-0.343,0.238,0.651,0.223,0.345,0.148,-0.306,-0.115,0.424,0.667,0.503,0.562,-0.198,0.572,0.386,0.491,0.608,0.638,0.406,0.005,0.654,0.086,-0.351,0.379,0.534,0.664,0.627,0.371,0.574,0.691,0.78,0.26,-0.426,0.612,0.498,0.55,0.544,-0.444,0.545,-0.386,0.642,-0.075,0.635,0.507,0.523,0.362,-0.215,0.332,0.633,0.335,-0.143,0.522,0.189,0.807,0.274,0.766,0.668,0.288,0.524,0.815,0.569,0.649,0.668,0.69,-0.212,0.587,0.194,0.372,0.473,-0.416,0.422,0.485,0.437,0.001,0.359,-0.413,0.685,0.593,0.363,0.57,0.57,0.633,0.629,0.308,0.282,-0.153,0.598,0.39,0.542,0.354,0.101,0.367,0.713,0.648,0.565,0.562,0.568,0.366,0.611,0.095,0.581,0.449,0.448,0.553,0.684,0.62,-0.429,0.437,0.39,0.492,0.51,0.636,0.027,0.293,0.555,0.589,0.766,0.537,0.584,0.474,-0.339,0.267,0.527,0.643,0.607,0.605,0.768,0.004
BCRX,0.598,-0.474,0.666,-0.396,0.145,0.544,-0.436,0.452,0.378,0.468,0.229,-0.213,-0.302,-0.232,0.491,0.294,-0.213,0.019,0.592,0.484,0.564,-0.219,0.08,1.0,0.578,0.27,0.245,0.417,0.416,0.517,0.35,0.405,0.425,0.234,0.347,0.512,0.59,-0.235,0.133,-0.379,-0.168,-0.284,0.388,0.122,-0.246,0.516,0.13,0.365,0.622,-0.018,0.366,0.502,0.48,-0.117,0.064,-0.042,-0.491,-0.287,0.182,-0.007,0.468,-0.069,-0.365,0.781,0.755,0.418,-0.287,0.374,0.31,0.508,0.532,-0.067,-0.272,0.291,0.307,0.68,0.701,-0.215,-0.069,-0.143,0.485,0.555,0.373,0.035,-0.253,0.596,-0.119,0.523,0.068,0.468,0.339,0.318,0.509,-0.047,-0.517,0.245,0.463,0.244,0.594,0.626,0.386,0.22,0.323,0.424,-0.364,0.007,0.436,0.394,0.228,-0.108,0.341,-0.315,0.067,-0.459,0.153,0.296,0.189,0.553,0.144,-0.388,0.314,0.509,-0.309,0.552,0.157,-0.046,-0.05,0.356,0.345,0.341,0.189,0.27,0.231,0.435,0.414,0.494,-0.183,0.201,0.237,0.264,0.613,-0.43,0.487,0.609,0.254,-0.251,-0.341,-0.153,0.462,0.46,0.542,0.349,0.187,0.278,0.452,0.682,-0.079,-0.175,0.426,0.556,0.038,0.07,0.356,0.494,0.331,0.443,-0.125,0.438,0.5,0.32,0.363,-0.244,0.608,-0.331,0.205,-0.113,-0.042,0.536,0.01,0.585,0.601,0.603,0.548,0.327,0.425,0.278,0.349,0.341,0.208,0.574,0.377,0.517,-0.388,0.368,0.577,0.318,0.439,0.515,0.154,-0.048
BGC,0.718,-0.581,0.808,-0.567,0.649,0.698,-0.454,0.747,0.767,0.601,0.727,-0.028,-0.274,-0.365,0.799,0.703,-0.297,0.313,0.873,0.817,0.722,-0.048,0.516,0.578,1.0,0.749,0.676,0.687,0.719,0.857,0.656,0.707,0.762,0.5,0.752,0.537,0.775,-0.345,0.545,-0.64,-0.053,-0.54,0.754,0.167,-0.45,0.095,0.403,0.744,0.879,0.08,0.299,0.849,0.549,-0.257,0.319,-0.385,-0.149,-0.061,0.49,0.338,0.73,0.12,-0.442,0.584,0.749,0.768,-0.558,0.805,0.778,0.733,0.856,0.302,-0.578,0.652,0.532,0.725,0.89,-0.173,-0.432,-0.394,0.797,0.891,0.759,0.243,-0.44,0.758,-0.143,0.869,0.519,0.711,0.799,0.545,0.749,0.431,-0.587,0.653,0.813,0.699,0.805,0.526,0.727,0.533,0.801,0.79,-0.489,0.264,0.783,0.676,0.531,-0.141,0.762,-0.524,0.451,-0.522,0.395,0.532,0.63,0.837,-0.03,-0.191,0.691,0.818,-0.134,0.766,0.262,0.296,0.248,0.784,0.789,0.657,0.296,0.708,0.536,0.698,0.776,0.774,-0.405,0.607,0.63,0.71,0.862,-0.601,0.789,0.902,0.406,-0.291,-0.013,-0.431,0.864,0.762,0.826,0.658,0.544,0.555,0.787,0.77,-0.218,-0.384,0.766,0.734,0.329,0.494,0.548,0.709,0.688,0.752,0.157,0.804,0.645,0.729,0.724,-0.26,0.839,-0.039,0.625,0.307,0.347,0.762,-0.218,0.808,0.796,0.911,0.758,0.739,0.58,0.618,0.761,0.631,0.579,0.806,0.656,0.787,-0.554,0.713,0.763,0.567,0.796,0.849,0.514,-0.229
BIDU,0.521,-0.564,0.723,-0.52,0.714,0.66,-0.404,0.628,0.619,0.497,0.696,0.133,-0.217,-0.482,0.59,0.781,-0.352,0.25,0.73,0.68,0.597,-0.077,0.351,0.27,0.749,1.0,0.872,0.513,0.712,0.809,0.748,0.702,0.64,0.269,0.701,0.274,0.704,-0.43,0.434,-0.588,0.033,-0.528,0.705,0.007,-0.549,-0.168,0.495,0.648,0.734,-0.028,-0.007,0.687,0.457,-0.369,0.466,-0.581,0.059,0.086,0.456,0.136,0.683,0.333,-0.492,0.437,0.488,0.648,-0.654,0.693,0.66,0.624,0.654,0.31,-0.642,0.824,0.347,0.533,0.716,-0.017,-0.546,-0.483,0.77,0.66,0.678,0.331,-0.484,0.615,-0.154,0.783,0.428,0.647,0.881,0.584,0.537,0.749,-0.311,0.747,0.665,0.643,0.605,0.174,0.693,0.416,0.684,0.785,-0.455,0.366,0.723,0.563,0.639,-0.066,0.808,-0.476,0.523,-0.527,0.452,0.342,0.683,0.737,-0.224,-0.156,0.677,0.728,0.318,0.57,0.351,0.226,0.29,0.651,0.677,0.665,0.132,0.555,0.562,0.558,0.676,0.594,-0.487,0.736,0.562,0.818,0.711,-0.541,0.75,0.757,0.374,-0.368,0.126,-0.445,0.679,0.668,0.74,0.636,0.566,0.385,0.663,0.6,-0.381,-0.536,0.623,0.759,0.28,0.629,0.588,0.557,0.612,0.587,0.133,0.724,0.434,0.829,0.648,-0.372,0.687,-0.002,0.63,0.36,0.306,0.577,-0.29,0.673,0.651,0.707,0.56,0.719,0.515,0.64,0.724,0.545,0.449,0.641,0.634,0.768,-0.641,0.594,0.537,0.371,0.729,0.647,0.431,-0.4
BILI,0.439,-0.551,0.658,-0.429,0.572,0.74,-0.39,0.463,0.521,0.528,0.568,-0.029,-0.169,-0.565,0.417,0.723,-0.374,0.033,0.562,0.591,0.554,-0.103,0.158,0.245,0.676,0.872,1.0,0.381,0.554,0.723,0.514,0.537,0.47,0.09,0.551,0.1,0.546,-0.502,0.239,-0.459,-0.013,-0.463,0.536,-0.179,-0.493,-0.026,0.277,0.583,0.632,-0.178,-0.019,0.595,0.376,-0.281,0.433,-0.56,-0.06,0.031,0.271,-0.09,0.634,0.165,-0.362,0.324,0.332,0.482,-0.567,0.589,0.479,0.607,0.583,0.132,-0.495,0.777,0.123,0.481,0.646,0.005,-0.524,-0.518,0.683,0.514,0.573,0.142,-0.362,0.43,-0.331,0.678,0.317,0.509,0.782,0.719,0.386,0.782,-0.246,0.667,0.665,0.576,0.421,0.081,0.505,0.251,0.544,0.776,-0.333,0.128,0.61,0.443,0.438,0.112,0.658,-0.283,0.387,-0.524,0.176,0.28,0.569,0.664,-0.011,-0.213,0.537,0.648,0.354,0.462,0.338,-0.041,0.238,0.469,0.582,0.643,0.076,0.412,0.342,0.389,0.563,0.392,-0.395,0.555,0.65,0.698,0.615,-0.43,0.608,0.624,0.333,-0.269,0.071,-0.208,0.52,0.538,0.681,0.437,0.471,0.208,0.542,0.527,-0.31,-0.507,0.498,0.63,0.171,0.591,0.68,0.512,0.469,0.431,0.031,0.533,0.362,0.776,0.465,-0.435,0.508,-0.181,0.646,0.268,0.262,0.411,-0.101,0.536,0.557,0.649,0.402,0.644,0.595,0.627,0.579,0.475,0.319,0.537,0.437,0.621,-0.537,0.536,0.475,0.212,0.628,0.614,0.15,-0.394
BKR,0.698,-0.511,0.544,-0.602,0.586,0.287,-0.497,0.725,0.789,0.378,0.63,0.164,-0.417,-0.209,0.836,0.61,-0.317,0.591,0.707,0.587,0.719,0.071,0.633,0.417,0.687,0.513,0.381,1.0,0.608,0.606,0.597,0.697,0.616,0.537,0.66,0.605,0.639,-0.154,0.567,-0.669,-0.189,-0.658,0.636,0.282,-0.399,-0.214,0.437,0.648,0.737,0.138,0.121,0.67,0.421,-0.376,0.177,-0.492,-0.158,-0.111,0.383,0.491,0.602,0.057,-0.614,0.534,0.706,0.828,-0.593,0.796,0.766,0.461,0.806,0.285,-0.65,0.593,0.602,0.599,0.645,-0.243,-0.525,-0.417,0.62,0.819,0.534,0.516,-0.482,0.828,0.224,0.658,0.455,0.586,0.683,0.083,0.818,0.184,-0.701,0.527,0.69,0.653,0.809,0.558,0.67,0.498,0.739,0.55,-0.69,0.321,0.574,0.787,0.409,-0.518,0.66,-0.668,0.296,-0.427,0.535,0.536,0.604,0.597,-0.156,0.064,0.471,0.619,-0.265,0.746,0.065,0.458,0.098,0.813,0.611,0.352,0.244,0.706,0.487,0.866,0.646,0.832,-0.503,0.56,0.331,0.633,0.677,-0.719,0.612,0.782,0.156,-0.323,-0.046,-0.58,0.782,0.57,0.745,0.661,0.489,0.601,0.589,0.64,-0.016,-0.47,0.644,0.64,0.148,0.294,0.149,0.641,0.634,0.717,0.55,0.773,0.498,0.707,0.663,-0.042,0.746,0.127,0.444,0.206,0.384,0.848,-0.622,0.619,0.515,0.739,0.747,0.671,0.186,0.619,0.65,0.639,0.841,0.696,0.655,0.731,-0.573,0.506,0.668,0.716,0.678,0.74,0.651,-0.268
BLDP,0.651,-0.627,0.708,-0.654,0.684,0.534,-0.606,0.791,0.602,0.504,0.663,0.246,-0.423,-0.395,0.775,0.73,-0.438,0.233,0.768,0.584,0.78,-0.193,0.492,0.416,0.719,0.712,0.554,0.608,1.0,0.804,0.871,0.786,0.754,0.436,0.874,0.408,0.862,-0.397,0.41,-0.743,-0.007,-0.617,0.824,0.251,-0.594,-0.182,0.47,0.554,0.713,0.039,0.272,0.787,0.498,-0.183,0.42,-0.562,-0.135,0.007,0.603,0.209,0.745,0.388,-0.578,0.51,0.589,0.746,-0.649,0.54,0.641,0.567,0.644,0.335,-0.602,0.766,0.565,0.727,0.723,-0.198,-0.617,-0.536,0.82,0.655,0.531,0.487,-0.674,0.69,0.114,0.785,0.402,0.764,0.772,0.35,0.697,0.303,-0.522,0.765,0.668,0.595,0.728,0.288,0.738,0.515,0.751,0.641,-0.639,0.433,0.776,0.661,0.589,-0.383,0.688,-0.63,0.448,-0.641,0.571,0.281,0.7,0.759,-0.246,-0.284,0.629,0.772,-0.109,0.769,0.321,0.414,0.15,0.646,0.607,0.698,0.292,0.568,0.645,0.648,0.703,0.721,-0.549,0.658,0.325,0.768,0.78,-0.765,0.814,0.733,0.538,-0.431,-0.016,-0.549,0.709,0.812,0.711,0.707,0.645,0.381,0.79,0.624,-0.279,-0.626,0.797,0.737,0.253,0.369,0.403,0.713,0.673,0.797,0.082,0.68,0.551,0.789,0.831,-0.487,0.766,-0.073,0.6,0.389,0.261,0.701,-0.48,0.755,0.654,0.614,0.725,0.656,0.538,0.659,0.768,0.739,0.528,0.724,0.714,0.789,-0.684,0.665,0.665,0.44,0.751,0.578,0.596,-0.29
BLNK,0.576,-0.766,0.906,-0.6,0.632,0.78,-0.511,0.662,0.728,0.63,0.661,0.058,-0.321,-0.513,0.741,0.788,-0.41,0.272,0.929,0.805,0.768,-0.143,0.411,0.517,0.857,0.809,0.723,0.606,0.804,1.0,0.79,0.787,0.83,0.426,0.766,0.474,0.851,-0.475,0.493,-0.714,0.112,-0.645,0.752,0.117,-0.646,0.008,0.356,0.676,0.878,0.054,0.293,0.905,0.618,-0.294,0.409,-0.466,-0.17,0.059,0.544,0.147,0.736,0.317,-0.617,0.568,0.631,0.746,-0.679,0.643,0.71,0.757,0.766,0.362,-0.673,0.742,0.574,0.77,0.932,-0.151,-0.571,-0.541,0.842,0.791,0.629,0.319,-0.629,0.634,-0.116,0.973,0.35,0.805,0.82,0.569,0.641,0.454,-0.613,0.702,0.702,0.652,0.805,0.356,0.854,0.474,0.735,0.869,-0.638,0.278,0.918,0.611,0.699,-0.217,0.73,-0.566,0.502,-0.688,0.524,0.393,0.707,0.954,-0.204,-0.248,0.716,0.864,-0.053,0.769,0.401,0.206,0.112,0.663,0.762,0.812,0.318,0.629,0.686,0.619,0.873,0.708,-0.496,0.661,0.451,0.719,0.925,-0.697,0.917,0.83,0.559,-0.395,-0.096,-0.494,0.756,0.855,0.811,0.801,0.642,0.426,0.855,0.715,-0.291,-0.551,0.753,0.881,0.321,0.458,0.644,0.728,0.66,0.735,0.111,0.729,0.623,0.798,0.727,-0.463,0.8,-0.169,0.643,0.404,0.289,0.683,-0.298,0.877,0.83,0.802,0.666,0.677,0.676,0.718,0.749,0.726,0.503,0.817,0.668,0.777,-0.743,0.64,0.65,0.417,0.914,0.707,0.52,-0.359
BYND,0.623,-0.635,0.709,-0.596,0.716,0.445,-0.462,0.721,0.621,0.427,0.717,0.306,-0.338,-0.469,0.779,0.643,-0.392,0.327,0.727,0.572,0.643,-0.135,0.585,0.35,0.656,0.748,0.514,0.597,0.871,0.79,1.0,0.766,0.766,0.422,0.815,0.423,0.841,-0.309,0.538,-0.719,0.053,-0.629,0.776,0.185,-0.565,-0.319,0.519,0.613,0.698,0.098,0.154,0.786,0.506,-0.236,0.442,-0.545,0.07,0.172,0.653,0.277,0.647,0.58,-0.561,0.485,0.579,0.733,-0.66,0.577,0.726,0.588,0.599,0.466,-0.645,0.702,0.571,0.623,0.685,-0.011,-0.6,-0.512,0.769,0.658,0.606,0.518,-0.585,0.689,0.097,0.775,0.458,0.775,0.715,0.326,0.715,0.347,-0.443,0.733,0.648,0.645,0.723,0.233,0.816,0.555,0.765,0.613,-0.635,0.576,0.776,0.62,0.753,-0.368,0.768,-0.57,0.612,-0.623,0.747,0.288,0.724,0.75,-0.271,-0.146,0.766,0.743,0.079,0.741,0.343,0.478,0.253,0.674,0.628,0.65,0.238,0.624,0.691,0.677,0.788,0.741,-0.567,0.824,0.313,0.723,0.744,-0.702,0.816,0.698,0.589,-0.447,0.089,-0.524,0.726,0.797,0.633,0.802,0.718,0.403,0.784,0.609,-0.205,-0.607,0.738,0.822,0.37,0.439,0.401,0.634,0.69,0.705,0.196,0.691,0.528,0.732,0.836,-0.411,0.753,0.061,0.558,0.467,0.383,0.716,-0.472,0.781,0.636,0.614,0.668,0.642,0.431,0.594,0.767,0.671,0.592,0.724,0.683,0.777,-0.691,0.548,0.636,0.426,0.773,0.602,0.655,-0.361
