,AAL,AAPL,ABUS,ADBE,ADI,ADMA,AEP,AGNC,AKBA,ALT,AMAT,AMD,AMGN,AMZN,APA,APPS,ARCC,ARDX,ATER,ATOS,AUPH,AVGO,AZN,BCRX,BGC,BIDU,BILI,BKR,BLDP,BLNK,BYND,CAN,CELH,CG,CGC,CHRD,CLNE,CMCSA,COMM,COST,CPB,CPRT,CRON,CRWD,CSCO,CSGP,CSX,CTSH,CZR,DBX,DDOG,DKNG,DLTR,DOCU,DVAX,DXCM,EA,EBAY,ENPH,ERIC,ESPR,ETSY,EXC,EXEL,EXPE,FANG,FAST,FITB,FLEX,FOLD,FOXA,FSLR,FTNT,FUTU,GEN,GERN,GEVO,GILD,GOOG,GOOGL,GPRO,GT,HBAN,HIVE,HON,HST,HUT,IBRX,INTC,IOVA,IQ,IRWD,JBLU,JD,KDP,KHC,LBTYK,LRCX,LYFT,MAR,MARA,MAT,MCHP,MCRB,MDLZ,META,MGNI,MLCO,MNKD,MNST,MOMO,MRNA,MRVL,MSFT,MSTR,MTCH,MU,MVIS,NDAQ,NFLX,NKTR,NNDM,NTES,NTNX,NVAX,NVDA,NWL,NWSA,NXPI,OCGN,OKTA,ON,OPK,PAA,PACB,PAGP,PANW,PARA,PCAR,PDD,PENN,PEP,PLUG,PTEN,PTON,PYPL,QCOM,QUBT,QVCGA,RDFN,REAL,RIOT,ROKU,ROST,RUN,SABR,SAVA,SBUX,SFIX,SGMO,SIRI,SLM,SMCI,SNDL,SONO,STNE,STX,TCOM,TGTX,TIGR,TLRY,TMUS,TRIP,TSCO,TSLA,TTD,TXN,UAL,UNIT,VERU,VKTX,VLY,VOD,VTRS,VXRT,WBA,WBD,WDAY,WDC,WEN,WW,WYNN,XEL,XP,XRAY,XRX,Z,ZION,ZM,ZS
AAL,1.0,-0.079,0.415,-0.13,0.168,0.368,-0.454,-0.292,0.039,0.062,0.11,-0.511,0.429,-0.064,-0.362,-0.369,-0.383,0.509,0.482,0.37,0.46,-0.147,-0.188,-0.308,-0.219,-0.607,-0.473,-0.23,-0.382,0.007,-0.032,-0.239,-0.083,-0.489,0.281,-0.28,-0.262,0.331,0.518,0.085,0.044,0.018,0.382,-0.428,0.125,-0.376,-0.525,-0.078,0.362,0.071,-0.443,0.126,-0.303,-0.285,0.401,-0.034,0.131,-0.586,-0.637,-0.492,0.431,-0.292,-0.289,-0.399,0.313,-0.325,-0.454,0.105,-0.11,-0.596,-0.228,-0.568,-0.505,0.286,0.21,-0.058,0.157,0.206,-0.364,-0.384,0.433,0.055,-0.013,-0.282,-0.112,0.578,-0.44,0.499,0.169,-0.255,-0.624,-0.055,0.763,-0.682,-0.617,-0.099,0.207,0.297,0.473,-0.005,-0.582,-0.207,0.391,0.447,-0.505,0.341,-0.03,-0.469,-0.454,0.35,-0.599,0.289,-0.531,-0.514,-0.571,0.05,0.447,0.326,-0.544,-0.464,0.656,0.278,-0.629,0.596,0.388,-0.149,0.256,0.29,0.304,-0.554,-0.287,0.368,-0.314,-0.131,0.085,-0.116,-0.442,0.37,-0.534,-0.583,0.163,-0.693,-0.505,0.207,-0.003,0.063,0.195,0.567,0.544,0.232,0.451,-0.154,-0.386,0.446,-0.521,0.523,0.725,0.156,0.74,0.319,0.285,0.524,0.547,0.014,0.187,0.137,0.613,-0.413,0.296,0.184,0.539,0.579,0.095,0.304,-0.352,-0.369,0.272,0.53,0.388,0.298,0.274,0.183,0.552,0.184,0.309,-0.206,0.288,-0.276,0.53,0.4,0.163,-0.283,-0.454,0.339,0.463,0.304,-0.475,0.243,0.043,-0.512
AAPL,-0.079,1.0,0.38,0.709,0.843,0.362,0.125,0.325,0.197,0.669,0.761,0.445,0.244,0.824,-0.039,0.016,-0.182,0.022,0.342,0.362,0.368,0.805,-0.106,0.662,-0.235,0.412,0.671,-0.137,0.415,0.536,0.62,0.243,0.18,0.287,0.506,-0.265,0.093,0.022,0.263,0.674,0.196,0.805,0.484,0.462,0.759,0.373,0.029,0.482,-0.315,0.735,0.334,0.356,-0.412,0.749,0.23,0.607,-0.533,0.378,0.238,0.046,0.08,0.714,0.62,-0.256,-0.172,-0.237,0.391,-0.336,0.539,0.241,-0.332,-0.205,0.498,0.109,0.269,0.381,0.183,0.579,0.793,0.763,0.406,-0.31,-0.24,0.054,0.722,0.457,-0.16,0.296,0.436,-0.224,0.114,-0.175,-0.133,0.285,0.179,-0.161,0.106,0.716,0.167,-0.199,0.077,0.84,0.566,0.186,0.503,0.466,0.671,0.03,-0.06,0.386,0.1,0.597,0.398,0.683,-0.146,0.14,0.4,0.376,0.416,-0.205,0.132,0.609,-0.087,0.347,0.597,0.84,0.58,0.076,0.66,0.093,0.596,0.536,0.64,-0.04,0.51,-0.084,0.05,0.223,0.08,0.541,0.232,0.339,0.148,-0.41,0.569,0.779,0.649,0.311,0.196,0.497,0.38,0.574,0.582,0.515,0.123,-0.001,0.016,0.74,0.216,0.488,-0.264,0.328,0.152,0.408,0.56,0.531,0.302,-0.266,0.085,0.229,0.318,0.148,-0.076,0.65,-0.026,0.645,0.649,-0.385,0.314,0.498,0.466,-0.333,0.351,0.037,0.435,0.433,-0.022,0.594,0.234,0.372,0.371,-0.217,0.036,0.357,0.514,-0.17,0.352,-0.366,0.635,0.538
ABUS,0.415,0.38,1.0,0.427,0.528,0.639,-0.454,-0.128,0.256,0.577,0.648,-0.114,0.485,0.41,-0.32,-0.293,-0.68,0.327,0.61,0.52,0.671,0.273,-0.406,0.32,-0.526,-0.064,0.233,-0.407,0.265,0.608,0.652,0.066,0.112,-0.214,0.56,-0.544,-0.133,0.155,0.615,0.452,0.13,0.423,0.635,-0.004,0.446,-0.143,-0.532,0.168,-0.276,0.604,-0.076,0.451,-0.701,0.326,0.33,0.479,-0.477,0.041,-0.186,-0.327,0.473,0.354,0.146,-0.568,-0.277,-0.65,0.124,-0.471,0.084,-0.108,-0.598,-0.434,-0.141,0.4,0.038,0.311,0.247,0.562,0.157,0.123,0.658,-0.436,-0.549,-0.382,0.093,0.436,-0.541,0.574,0.062,-0.411,-0.069,-0.341,0.16,-0.087,-0.314,-0.431,-0.056,0.677,0.393,-0.481,-0.384,0.337,0.636,0.56,0.057,0.62,0.456,-0.332,-0.272,0.507,-0.222,0.681,-0.043,-0.029,-0.507,0.006,0.569,0.605,-0.302,-0.668,0.545,0.639,-0.398,0.732,0.676,0.38,0.583,-0.075,0.626,-0.096,0.336,0.613,0.328,-0.361,0.516,-0.397,-0.268,0.313,-0.412,0.187,0.096,-0.277,-0.099,-0.351,0.545,0.528,0.599,0.509,0.313,0.551,0.619,0.306,0.028,0.632,-0.111,0.209,0.459,0.502,0.591,0.625,-0.128,0.385,0.408,0.452,0.62,0.551,0.581,-0.62,0.099,0.469,0.797,0.521,-0.309,0.669,-0.398,0.183,0.426,-0.258,0.47,0.59,0.601,-0.416,0.572,-0.191,0.664,0.159,0.04,0.208,0.333,0.226,0.464,-0.437,-0.337,0.65,0.564,-0.275,0.084,-0.441,0.432,0.052
ADBE,-0.13,0.709,0.427,1.0,0.693,0.505,0.148,0.14,0.16,0.697,0.731,0.375,0.146,0.743,-0.037,0.065,-0.315,-0.165,0.557,0.297,0.38,0.589,-0.177,0.682,-0.342,0.403,0.647,-0.266,0.552,0.732,0.736,0.443,0.092,0.294,0.472,-0.304,0.108,-0.115,0.24,0.536,-0.024,0.694,0.562,0.557,0.627,0.496,-0.089,0.383,-0.496,0.694,0.473,0.62,-0.507,0.65,0.038,0.694,-0.659,0.372,0.187,0.011,0.112,0.695,0.677,-0.424,-0.343,-0.416,0.387,-0.538,0.331,0.225,-0.461,-0.082,0.443,-0.017,-0.064,0.383,0.081,0.519,0.699,0.648,0.374,-0.46,-0.51,-0.178,0.569,0.235,-0.242,0.14,0.014,-0.209,0.269,-0.341,-0.345,0.287,0.161,-0.395,-0.305,0.597,0.028,-0.446,-0.005,0.819,0.41,0.291,0.531,0.565,0.724,0.181,-0.191,0.274,0.228,0.607,0.219,0.647,-0.21,0.005,0.27,0.307,0.225,-0.412,0.089,0.641,-0.172,0.457,0.559,0.813,0.474,-0.245,0.452,0.219,0.756,0.408,0.759,-0.075,0.581,-0.122,0.139,-0.113,0.041,0.558,0.063,0.289,0.231,-0.702,0.857,0.751,0.53,0.251,-0.153,0.547,0.377,0.456,0.537,0.382,0.188,-0.003,0.04,0.484,0.247,0.433,-0.421,0.139,-0.026,0.414,0.617,0.586,0.098,-0.334,0.018,0.199,0.289,0.09,-0.155,0.537,-0.112,0.68,0.317,-0.565,0.32,0.551,0.445,-0.487,0.373,-0.33,0.372,0.41,-0.173,0.805,-0.062,0.115,0.716,-0.134,0.155,0.266,0.376,-0.47,0.488,-0.589,0.76,0.612
ADI,0.168,0.843,0.528,0.693,1.0,0.566,-0.116,0.22,0.287,0.71,0.857,0.298,0.343,0.779,-0.109,-0.109,-0.319,0.155,0.527,0.559,0.485,0.732,-0.195,0.623,-0.347,0.211,0.508,-0.24,0.402,0.638,0.723,0.094,0.155,0.11,0.691,-0.291,0.114,0.026,0.393,0.68,0.135,0.807,0.639,0.385,0.748,0.224,-0.204,0.515,-0.236,0.821,0.212,0.418,-0.561,0.583,0.327,0.541,-0.578,0.203,-0.013,-0.037,0.288,0.604,0.55,-0.417,-0.119,-0.391,0.348,-0.323,0.45,0.071,-0.427,-0.33,0.287,0.213,0.326,0.386,0.353,0.628,0.665,0.645,0.616,-0.292,-0.271,-0.18,0.62,0.572,-0.381,0.458,0.426,-0.362,0.013,-0.25,0.017,0.132,-0.034,-0.233,0.151,0.841,0.376,-0.286,-0.171,0.745,0.722,0.347,0.278,0.537,0.712,-0.074,-0.281,0.516,-0.014,0.672,0.143,0.467,-0.413,0.227,0.565,0.54,0.17,-0.47,0.376,0.701,-0.318,0.534,0.686,0.741,0.651,0.149,0.736,0.023,0.609,0.679,0.484,-0.061,0.511,-0.125,-0.086,0.264,-0.091,0.425,0.174,0.083,0.109,-0.377,0.553,0.826,0.715,0.557,0.297,0.599,0.6,0.457,0.356,0.612,-0.01,0.128,0.291,0.669,0.458,0.63,-0.198,0.466,0.297,0.513,0.6,0.595,0.442,-0.401,0.232,0.371,0.495,0.368,-0.123,0.699,-0.143,0.591,0.707,-0.331,0.391,0.706,0.581,-0.298,0.512,0.016,0.549,0.496,-0.031,0.5,0.428,0.474,0.453,-0.276,-0.139,0.428,0.611,-0.148,0.166,-0.353,0.607,0.37
ADMA,0.368,0.362,0.639,0.505,0.566,1.0,-0.287,-0.293,0.103,0.642,0.694,-0.206,0.478,0.413,-0.529,-0.514,-0.649,0.343,0.754,0.729,0.583,0.23,-0.373,0.373,-0.617,-0.207,0.228,-0.634,0.17,0.57,0.645,0.257,0.108,-0.38,0.645,-0.675,-0.277,0.325,0.609,0.338,0.136,0.436,0.672,-0.025,0.429,-0.101,-0.628,0.095,-0.328,0.548,-0.144,0.685,-0.595,0.321,0.126,0.538,-0.551,-0.076,-0.386,-0.48,0.545,0.385,0.247,-0.643,-0.358,-0.792,-0.095,-0.553,0.011,0.007,-0.731,-0.504,-0.137,0.474,-0.114,0.154,0.096,0.622,0.235,0.157,0.63,-0.59,-0.576,-0.501,0.18,0.319,-0.657,0.545,0.027,-0.441,-0.222,-0.504,0.138,-0.234,-0.404,-0.515,-0.175,0.697,0.543,-0.547,-0.51,0.442,0.671,0.551,0.063,0.581,0.355,-0.362,-0.342,0.623,-0.366,0.71,-0.292,0.009,-0.655,-0.056,0.715,0.737,-0.421,-0.704,0.456,0.598,-0.596,0.799,0.763,0.307,0.638,-0.22,0.683,-0.236,0.352,0.785,0.304,-0.529,0.572,-0.571,-0.491,0.22,-0.56,0.127,-0.03,-0.38,-0.226,-0.566,0.629,0.608,0.591,0.539,0.299,0.446,0.615,0.243,0.026,0.664,-0.31,0.13,0.376,0.507,0.602,0.8,-0.049,0.475,0.465,0.447,0.782,0.673,0.449,-0.692,-0.072,0.585,0.746,0.602,-0.352,0.638,-0.616,0.071,0.373,-0.307,0.729,0.642,0.703,-0.488,0.688,-0.266,0.687,0.193,0.086,0.286,0.413,0.251,0.631,-0.55,-0.276,0.619,0.665,-0.176,0.201,-0.465,0.608,-0.059
AEP,-0.454,0.125,-0.454,0.148,-0.116,-0.287,1.0,0.296,-0.269,-0.059,-0.109,0.356,-0.324,-0.02,0.192,0.361,0.417,-0.367,-0.298,-0.324,-0.405,0.098,0.368,0.002,0.355,0.175,0.201,0.168,-0.036,-0.143,-0.186,0.309,0.264,0.427,-0.301,0.302,0.091,-0.041,-0.492,0.022,0.206,0.009,-0.253,0.307,0.046,0.322,0.515,-0.075,-0.008,-0.152,0.348,0.015,0.283,0.324,-0.321,0.007,0.024,0.368,0.347,0.333,-0.557,0.174,0.416,0.222,0.099,0.325,0.101,0.122,0.154,0.376,0.345,0.304,0.499,-0.397,-0.145,-0.183,-0.31,-0.207,0.401,0.415,-0.492,0.213,0.199,0.283,0.426,-0.357,0.315,-0.346,0.082,0.488,0.154,0.263,-0.25,0.27,0.431,0.352,-0.006,-0.247,-0.235,0.232,0.295,0.194,-0.304,-0.462,0.572,-0.266,-0.019,0.262,0.391,-0.2,0.241,-0.246,0.438,0.518,0.41,0.033,-0.276,-0.326,0.445,0.462,-0.635,-0.203,0.396,-0.247,-0.253,0.195,-0.241,-0.008,-0.254,0.183,0.066,-0.242,0.357,0.144,-0.054,0.176,0.374,-0.373,0.394,0.273,-0.113,0.623,0.077,-0.111,-0.018,0.018,-0.178,-0.348,-0.313,-0.203,-0.375,-0.075,0.382,-0.355,0.156,-0.231,-0.546,-0.056,-0.483,-0.359,0.056,-0.217,-0.287,-0.297,-0.144,-0.271,-0.419,0.389,-0.262,-0.273,-0.378,-0.4,0.206,-0.327,0.253,0.16,-0.053,0.034,-0.119,-0.231,-0.406,0.117,-0.184,-0.093,-0.361,0.01,0.181,0.301,-0.264,0.018,-0.093,0.245,0.538,-0.301,-0.332,0.202,0.32,-0.001,0.006,0.339
AGNC,-0.292,0.325,-0.128,0.14,0.22,-0.293,0.296,1.0,0.252,0.065,0.148,0.634,-0.471,0.205,0.537,0.666,0.462,-0.447,-0.284,-0.306,-0.043,0.416,0.246,0.31,0.41,0.502,0.411,0.576,0.4,0.119,0.023,-0.047,0.165,0.729,-0.021,0.523,0.619,-0.529,-0.332,0.105,-0.134,0.435,-0.182,0.48,0.394,0.479,0.576,0.528,0.193,0.226,0.438,-0.117,0.159,0.153,0.006,-0.063,-0.006,0.561,0.66,0.638,-0.479,0.321,0.33,0.38,0.254,0.431,0.571,0.232,0.675,0.505,0.379,0.503,0.597,-0.446,0.197,0.385,0.291,-0.164,0.542,0.536,-0.198,0.337,0.322,0.456,0.517,0.229,0.472,-0.189,0.175,0.369,0.373,0.352,-0.006,0.565,0.424,0.123,0.293,0.026,-0.256,0.407,0.587,0.284,-0.197,-0.208,0.404,-0.324,0.379,0.52,0.337,-0.386,0.62,-0.199,0.565,0.591,0.497,0.334,-0.284,-0.302,0.629,0.36,-0.026,0.106,0.494,-0.382,-0.2,0.383,-0.012,0.446,-0.107,0.559,0.199,-0.261,0.213,0.601,-0.279,0.539,0.539,-0.026,0.649,0.356,0.438,0.643,0.563,0.136,-0.114,0.066,-0.101,-0.209,-0.065,0.074,-0.297,0.188,0.49,-0.072,0.571,0.027,-0.29,0.205,-0.317,-0.102,-0.31,-0.025,-0.216,-0.086,-0.168,-0.162,-0.046,0.445,0.289,-0.348,-0.29,-0.52,0.456,-0.183,0.519,0.561,0.095,-0.011,-0.449,0.126,-0.189,0.232,-0.169,0.084,-0.377,0.26,-0.157,0.365,-0.105,0.214,-0.124,0.527,0.254,-0.388,-0.195,0.116,0.116,0.19,0.045,0.558
AKBA,0.039,0.197,0.256,0.16,0.287,0.103,-0.269,0.252,1.0,0.259,0.329,0.233,-0.148,0.29,0.213,0.129,-0.064,-0.109,0.014,0.095,0.309,0.173,-0.146,0.528,-0.029,0.229,0.212,0.194,0.304,0.434,0.301,-0.332,0.036,0.092,0.351,0.089,0.565,-0.49,0.159,0.283,-0.066,0.34,0.128,0.098,0.299,0.156,0.077,0.408,0.181,0.345,0.009,-0.021,-0.148,-0.026,0.216,0.169,-0.149,0.235,0.204,0.339,0.14,0.239,0.083,0.042,0.138,0.136,0.265,0.152,0.371,0.221,0.024,0.134,0.125,0.036,0.231,0.501,0.697,0.251,0.169,0.158,0.239,0.139,0.114,-0.182,0.059,0.412,-0.127,0.18,-0.12,-0.048,0.373,0.198,0.141,0.294,0.237,0.054,0.347,0.302,-0.09,0.073,0.019,0.277,0.155,0.315,0.087,0.107,0.459,0.26,0.164,-0.123,0.169,0.288,0.092,0.067,-0.034,0.397,0.059,0.047,0.184,-0.118,0.43,0.302,0.066,0.01,0.294,0.259,0.257,0.225,0.141,0.327,0.165,0.055,0.237,0.251,0.03,0.329,0.211,0.363,0.109,0.209,0.249,0.184,0.301,-0.086,0.125,0.084,0.004,0.228,0.082,0.538,0.264,-0.055,0.136,0.228,0.336,0.112,0.334,0.039,0.125,0.335,-0.245,0.007,-0.054,0.378,0.186,0.039,0.172,0.02,0.597,-0.03,0.115,-0.216,0.068,0.287,0.264,0.288,0.01,-0.034,-0.143,0.527,0.521,0.107,0.053,0.387,0.211,0.267,-0.242,0.08,0.094,0.106,0.218,0.232,-0.2,-0.143,0.194,-0.052,0.144,0.112,0.19,0.239
ALT,0.062,0.669,0.577,0.697,0.71,0.642,-0.059,0.065,0.259,1.0,0.81,0.117,0.37,0.613,-0.274,-0.208,-0.478,0.169,0.566,0.586,0.555,0.484,-0.262,0.567,-0.513,0.132,0.526,-0.414,0.355,0.634,0.754,0.28,0.205,-0.014,0.532,-0.516,-0.031,0.09,0.429,0.507,0.226,0.541,0.594,0.202,0.609,0.047,-0.304,0.254,-0.362,0.64,0.092,0.583,-0.623,0.589,0.146,0.599,-0.618,0.226,-0.039,-0.189,0.353,0.6,0.364,-0.548,-0.377,-0.545,0.18,-0.53,0.27,0.194,-0.576,-0.297,0.204,0.334,0.005,0.284,0.169,0.655,0.574,0.484,0.508,-0.531,-0.572,-0.335,0.368,0.287,-0.494,0.394,0.047,-0.38,0.063,-0.38,-0.126,0.112,-0.057,-0.364,-0.063,0.763,0.3,-0.488,-0.26,0.674,0.608,0.383,0.39,0.544,0.583,-0.192,-0.134,0.505,-0.055,0.679,0.042,0.391,-0.409,0.005,0.542,0.6,0.009,-0.539,0.293,0.648,-0.258,0.571,0.71,0.584,0.652,-0.156,0.646,0.018,0.494,0.655,0.619,-0.362,0.601,-0.411,-0.171,0.215,-0.244,0.496,-0.037,0.065,0.003,-0.616,0.715,0.689,0.605,0.418,0.162,0.474,0.494,0.334,0.268,0.593,-0.066,-0.098,0.197,0.611,0.375,0.649,-0.25,0.25,0.29,0.507,0.738,0.604,0.313,-0.512,-0.042,0.481,0.518,0.311,-0.365,0.611,-0.355,0.429,0.456,-0.495,0.54,0.634,0.629,-0.501,0.523,-0.13,0.553,0.312,-0.039,0.498,0.238,0.186,0.713,-0.392,-0.198,0.461,0.538,-0.272,0.365,-0.569,0.609,0.335
AMAT,0.11,0.761,0.648,0.731,0.857,0.694,-0.109,0.148,0.329,0.81,1.0,0.245,0.374,0.716,-0.193,-0.136,-0.477,0.112,0.563,0.545,0.615,0.633,-0.343,0.633,-0.482,0.109,0.525,-0.332,0.48,0.709,0.879,0.156,0.084,0.038,0.666,-0.496,0.04,0.144,0.518,0.564,0.134,0.745,0.637,0.339,0.695,0.166,-0.26,0.391,-0.339,0.843,0.18,0.544,-0.612,0.652,0.214,0.62,-0.593,0.218,0.036,-0.099,0.332,0.691,0.57,-0.522,-0.319,-0.515,0.334,-0.512,0.39,0.16,-0.56,-0.336,0.278,0.218,0.08,0.464,0.255,0.671,0.664,0.624,0.656,-0.42,-0.404,-0.267,0.464,0.422,-0.452,0.574,0.29,-0.393,-0.009,-0.413,-0.021,0.169,-0.058,-0.295,0.076,0.916,0.301,-0.456,-0.208,0.673,0.773,0.454,0.37,0.648,0.74,-0.167,-0.253,0.488,-0.078,0.742,0.119,0.457,-0.431,0.14,0.663,0.693,0.095,-0.484,0.347,0.73,-0.313,0.606,0.746,0.736,0.664,-0.073,0.785,0.108,0.638,0.771,0.531,-0.224,0.615,-0.288,-0.174,0.206,-0.199,0.454,0.178,0.062,0.08,-0.512,0.671,0.881,0.774,0.504,0.261,0.608,0.573,0.452,0.332,0.651,0.009,0.128,0.268,0.642,0.445,0.743,-0.161,0.372,0.233,0.485,0.783,0.656,0.538,-0.531,0.133,0.382,0.601,0.376,-0.253,0.714,-0.246,0.587,0.634,-0.462,0.539,0.733,0.66,-0.473,0.541,-0.133,0.626,0.415,-0.03,0.558,0.4,0.343,0.602,-0.354,-0.118,0.495,0.583,-0.257,0.263,-0.504,0.719,0.448
AMD,-0.511,0.445,-0.114,0.375,0.298,-0.206,0.356,0.634,0.233,0.117,0.245,1.0,-0.488,0.432,0.675,0.65,0.561,-0.583,-0.351,-0.301,-0.236,0.485,0.168,0.505,0.497,0.665,0.607,0.587,0.584,0.228,0.197,0.03,0.174,0.795,0.013,0.505,0.714,-0.452,-0.432,0.317,-0.343,0.524,-0.141,0.81,0.294,0.689,0.634,0.624,0.013,0.268,0.749,-0.17,0.225,0.28,-0.068,0.182,-0.112,0.655,0.766,0.74,-0.579,0.571,0.569,0.402,0.218,0.411,0.658,0.247,0.637,0.499,0.359,0.536,0.841,-0.552,0.095,0.372,0.276,-0.239,0.68,0.643,-0.289,0.262,0.277,0.429,0.635,0.12,0.483,-0.366,0.188,0.412,0.456,0.322,-0.318,0.75,0.58,0.268,0.249,0.066,-0.44,0.357,0.644,0.482,-0.223,-0.214,0.475,-0.294,0.516,0.564,0.299,-0.39,0.601,-0.136,0.688,0.804,0.457,0.519,-0.338,-0.391,0.826,0.373,-0.303,0.083,0.607,-0.347,-0.155,0.572,-0.086,0.264,-0.112,0.587,0.53,-0.202,0.372,0.601,-0.189,0.565,0.648,-0.1,0.609,0.579,0.397,0.731,0.751,0.058,0.011,0.33,0.022,-0.273,-0.323,0.219,-0.243,0.261,0.632,-0.226,0.65,0.107,-0.312,0.151,-0.416,-0.188,-0.266,-0.087,-0.486,-0.031,-0.106,-0.061,-0.24,0.49,0.312,-0.434,-0.341,-0.536,0.417,-0.077,0.659,0.798,0.019,-0.158,-0.4,0.241,-0.15,0.218,-0.3,0.01,-0.293,0.379,-0.326,0.578,-0.265,0.207,-0.02,0.502,0.52,-0.442,-0.256,-0.153,0.313,0.077,0.238,0.861
AMGN,0.429,0.244,0.485,0.146,0.343,0.478,-0.324,-0.471,-0.148,0.37,0.374,-0.488,1.0,0.239,-0.677,-0.707,-0.659,0.661,0.51,0.616,0.475,0.179,-0.45,0.003,-0.616,-0.47,-0.175,-0.476,-0.071,0.166,0.374,0.008,-0.202,-0.561,0.408,-0.695,-0.612,0.656,0.724,0.105,0.363,0.068,0.548,-0.294,0.281,-0.387,-0.606,-0.119,-0.26,0.348,-0.364,0.355,-0.549,0.243,0.077,0.31,-0.195,-0.454,-0.523,-0.749,0.71,-0.033,0.054,-0.5,-0.451,-0.687,-0.243,-0.482,-0.365,-0.508,-0.538,-0.697,-0.524,0.62,0.006,-0.019,-0.157,0.671,-0.122,-0.109,0.659,-0.543,-0.487,-0.444,-0.128,0.185,-0.568,0.559,0.381,-0.575,-0.516,-0.619,0.232,-0.548,-0.512,-0.259,-0.215,0.575,0.5,-0.53,-0.576,0.092,0.676,0.559,-0.161,0.692,-0.021,-0.735,-0.42,0.774,-0.625,0.613,-0.392,-0.298,-0.674,-0.413,0.71,0.696,-0.543,-0.603,0.445,0.265,-0.708,0.615,0.568,0.03,0.559,-0.338,0.684,-0.395,0.099,0.692,0.004,-0.636,0.63,-0.703,-0.702,0.369,-0.639,-0.225,-0.1,-0.526,-0.485,-0.141,0.374,0.371,0.711,0.562,0.532,0.248,0.625,0.201,-0.342,0.638,-0.477,0.114,0.354,0.388,0.535,0.548,0.123,0.412,0.613,0.256,0.541,0.568,0.619,-0.644,-0.149,0.575,0.639,0.744,-0.569,0.596,-0.627,-0.243,0.518,-0.192,0.677,0.197,0.44,-0.491,0.599,0.06,0.623,0.127,0.391,-0.098,0.628,0.125,0.361,-0.815,-0.27,0.819,0.707,-0.07,-0.082,-0.338,0.291,-0.349
AMZN,-0.064,0.824,0.41,0.743,0.779,0.413,-0.02,0.205,0.29,0.613,0.716,0.432,0.239,1.0,0.008,-0.007,-0.264,-0.119,0.355,0.314,0.336,0.766,-0.27,0.642,-0.247,0.422,0.673,-0.04,0.525,0.652,0.653,0.228,0.124,0.266,0.553,-0.222,0.143,-0.052,0.304,0.659,-0.004,0.788,0.511,0.517,0.655,0.541,0.097,0.69,-0.359,0.792,0.359,0.422,-0.474,0.619,0.13,0.598,-0.608,0.347,0.25,0.086,0.103,0.721,0.667,-0.22,-0.148,-0.287,0.419,-0.335,0.453,0.136,-0.297,-0.113,0.444,0.076,0.155,0.45,0.21,0.456,0.688,0.682,0.473,-0.306,-0.226,0.062,0.677,0.433,-0.056,0.223,0.339,-0.306,0.178,-0.211,-0.18,0.304,0.075,-0.231,-0.042,0.695,0.135,-0.221,0.156,0.794,0.507,0.259,0.506,0.522,0.718,0.04,-0.192,0.35,0.182,0.613,0.318,0.603,-0.118,0.169,0.283,0.325,0.345,-0.301,0.252,0.576,-0.141,0.385,0.547,0.837,0.519,-0.055,0.544,0.13,0.693,0.439,0.612,0.005,0.49,-0.047,0.131,0.217,0.061,0.5,0.336,0.298,0.242,-0.417,0.567,0.774,0.633,0.33,0.122,0.61,0.466,0.638,0.543,0.492,0.202,0.054,0.085,0.648,0.231,0.453,-0.343,0.267,0.107,0.398,0.581,0.75,0.259,-0.274,0.177,0.179,0.316,0.101,-0.06,0.671,0.079,0.671,0.478,-0.481,0.288,0.564,0.458,-0.342,0.274,-0.056,0.42,0.453,-0.097,0.606,0.157,0.286,0.426,-0.177,0.23,0.371,0.529,-0.295,0.303,-0.355,0.648,0.558
APA,-0.362,-0.039,-0.32,-0.037,-0.109,-0.529,0.192,0.537,0.213,-0.274,-0.193,0.675,-0.677,0.008,1.0,0.811,0.667,-0.633,-0.587,-0.574,-0.504,0.128,0.243,0.067,0.665,0.544,0.274,0.725,0.154,-0.227,-0.212,-0.238,0.051,0.678,-0.309,0.721,0.767,-0.539,-0.583,0.015,-0.383,0.088,-0.474,0.354,-0.08,0.483,0.727,0.413,0.358,-0.174,0.365,-0.532,0.432,-0.193,0.009,-0.318,0.195,0.493,0.529,0.834,-0.678,0.173,0.089,0.647,0.554,0.769,0.484,0.543,0.54,0.336,0.635,0.565,0.575,-0.641,0.134,0.122,0.35,-0.603,0.3,0.304,-0.484,0.69,0.634,0.539,0.301,0.087,0.677,-0.482,0.071,0.555,0.507,0.624,-0.224,0.675,0.465,0.417,0.342,-0.401,-0.545,0.631,0.656,0.003,-0.538,-0.376,0.139,-0.51,0.177,0.641,0.35,-0.673,0.543,-0.513,0.525,0.42,0.687,0.444,-0.607,-0.598,0.691,0.58,-0.329,-0.168,0.776,-0.535,-0.495,0.163,-0.517,0.377,-0.532,0.457,0.079,-0.583,-0.003,0.794,-0.555,0.799,0.711,-0.098,0.737,0.315,0.399,0.585,0.543,0.365,-0.338,-0.145,-0.448,-0.482,-0.303,-0.094,-0.481,-0.022,0.283,-0.516,0.515,0.14,-0.237,-0.211,-0.467,-0.575,-0.069,-0.263,-0.558,-0.122,-0.49,-0.398,-0.311,0.673,0.29,-0.629,-0.498,-0.641,0.628,-0.389,0.784,0.458,-0.234,0.194,-0.719,-0.092,-0.412,0.565,-0.565,0.148,-0.478,0.122,-0.387,0.114,-0.408,0.05,-0.31,0.662,0.38,-0.634,-0.529,-0.0,0.006,0.433,-0.283,0.516
APPS,-0.369,0.016,-0.293,0.065,-0.109,-0.514,0.361,0.666,0.129,-0.208,-0.136,0.65,-0.707,-0.007,0.811,1.0,0.617,-0.684,-0.44,-0.54,-0.376,0.275,0.329,0.052,0.626,0.538,0.329,0.66,0.274,-0.074,-0.23,-0.12,0.187,0.786,-0.268,0.652,0.696,-0.575,-0.619,0.035,-0.295,0.122,-0.411,0.451,0.07,0.479,0.698,0.39,0.3,-0.094,0.522,-0.317,0.372,0.026,0.107,-0.202,0.13,0.586,0.651,0.779,-0.75,0.243,0.173,0.529,0.512,0.611,0.518,0.402,0.552,0.476,0.565,0.672,0.651,-0.642,0.217,0.245,0.296,-0.508,0.364,0.381,-0.538,0.478,0.46,0.531,0.383,-0.04,0.643,-0.51,0.026,0.607,0.473,0.625,-0.218,0.649,0.605,0.33,0.305,-0.34,-0.457,0.56,0.669,0.014,-0.49,-0.409,0.348,-0.438,0.308,0.66,0.435,-0.672,0.676,-0.511,0.637,0.49,0.7,0.429,-0.54,-0.562,0.684,0.561,-0.36,0.027,0.723,-0.463,-0.49,0.268,-0.454,0.504,-0.492,0.578,0.085,-0.576,0.171,0.761,-0.542,0.738,0.803,-0.152,0.81,0.334,0.287,0.635,0.61,0.185,-0.221,-0.11,-0.399,-0.377,-0.367,-0.051,-0.59,-0.008,0.477,-0.559,0.606,0.027,-0.215,-0.223,-0.394,-0.465,-0.109,-0.277,-0.471,-0.198,-0.445,-0.419,-0.38,0.641,0.217,-0.596,-0.489,-0.631,0.633,-0.474,0.659,0.517,-0.135,0.11,-0.659,-0.022,-0.482,0.516,-0.478,0.001,-0.555,0.075,-0.231,0.358,-0.376,0.045,-0.259,0.74,0.4,-0.665,-0.594,0.007,0.102,0.373,-0.235,0.628
ARCC,-0.383,-0.182,-0.68,-0.315,-0.319,-0.649,0.417,0.462,-0.064,-0.478,-0.477,0.561,-0.659,-0.264,0.667,0.617,1.0,-0.477,-0.7,-0.52,-0.641,-0.045,0.518,-0.112,0.826,0.293,0.013,0.694,-0.026,-0.444,-0.547,-0.181,0.201,0.528,-0.414,0.733,0.508,-0.404,-0.801,-0.246,-0.26,-0.123,-0.603,0.295,-0.28,0.27,0.699,0.144,0.515,-0.448,0.382,-0.58,0.748,-0.362,-0.056,-0.373,0.472,0.26,0.493,0.621,-0.681,-0.126,0.039,0.771,0.542,0.777,0.168,0.646,0.252,0.297,0.818,0.608,0.467,-0.526,0.071,-0.121,0.028,-0.652,0.115,0.111,-0.664,0.61,0.702,0.543,0.209,-0.157,0.692,-0.65,0.036,0.672,0.253,0.615,-0.048,0.389,0.526,0.594,0.376,-0.583,-0.436,0.765,0.566,-0.172,-0.699,-0.502,0.024,-0.759,-0.121,0.512,0.435,-0.584,0.415,-0.661,0.337,0.328,0.612,0.41,-0.67,-0.735,0.608,0.766,-0.463,-0.431,0.659,-0.75,-0.645,-0.124,-0.557,0.43,-0.585,0.337,-0.166,-0.637,-0.209,0.715,-0.666,0.669,0.571,-0.147,0.587,0.069,0.214,0.481,0.449,0.468,-0.566,-0.363,-0.607,-0.579,-0.348,-0.399,-0.698,-0.257,0.151,-0.665,0.431,0.077,-0.375,-0.347,-0.587,-0.628,0.11,-0.308,-0.445,-0.473,-0.722,-0.639,-0.564,0.866,0.166,-0.555,-0.723,-0.644,0.646,-0.63,0.682,0.2,-0.383,0.435,-0.703,-0.321,-0.587,0.661,-0.613,0.198,-0.723,-0.04,-0.243,-0.003,-0.391,-0.001,-0.519,0.659,0.46,-0.766,-0.588,0.234,-0.056,0.603,-0.361,0.278
ARDX,0.509,0.022,0.327,-0.165,0.155,0.343,-0.367,-0.447,-0.109,0.169,0.112,-0.583,0.661,-0.119,-0.633,-0.684,-0.477,1.0,0.363,0.598,0.271,-0.095,-0.189,-0.197,-0.493,-0.527,-0.299,-0.532,-0.299,-0.049,0.09,-0.007,0.006,-0.703,0.225,-0.498,-0.49,0.482,0.465,-0.01,0.442,-0.203,0.418,-0.442,0.003,-0.619,-0.633,-0.385,0.015,0.037,-0.465,0.191,-0.403,-0.004,0.145,0.116,-0.054,-0.476,-0.636,-0.662,0.641,-0.351,-0.293,-0.434,-0.243,-0.413,-0.496,-0.244,-0.41,-0.382,-0.401,-0.646,-0.529,0.706,0.146,-0.28,-0.045,0.393,-0.312,-0.316,0.413,-0.304,-0.345,-0.369,-0.321,0.148,-0.525,0.558,0.152,-0.357,-0.463,-0.345,0.402,-0.593,-0.55,-0.243,-0.056,0.339,0.588,-0.366,-0.604,-0.165,0.511,0.354,-0.36,0.336,-0.187,-0.634,-0.189,0.76,-0.657,0.33,-0.492,-0.458,-0.628,-0.268,0.576,0.461,-0.595,-0.45,0.378,0.186,-0.647,0.437,0.388,-0.257,0.323,-0.077,0.487,-0.49,-0.227,0.534,-0.224,-0.608,0.423,-0.583,-0.68,0.35,-0.632,-0.286,-0.277,-0.595,-0.491,0.101,0.125,0.129,0.363,0.411,0.455,0.013,0.407,-0.013,-0.416,0.368,-0.594,-0.096,0.297,0.22,0.453,0.367,0.136,0.382,0.666,0.198,0.266,0.184,0.412,-0.573,-0.215,0.638,0.441,0.635,-0.441,0.305,-0.654,-0.43,0.366,0.142,0.451,0.151,0.301,-0.274,0.519,0.078,0.377,-0.106,0.403,-0.304,0.536,0.24,0.07,-0.66,-0.509,0.626,0.554,0.224,-0.152,-0.167,-0.026,-0.566
ATER,0.482,0.342,0.61,0.557,0.527,0.754,-0.298,-0.284,0.014,0.566,0.563,-0.351,0.51,0.355,-0.587,-0.44,-0.7,0.363,1.0,0.645,0.703,0.229,-0.403,0.26,-0.657,-0.192,0.107,-0.628,0.088,0.573,0.551,0.301,-0.077,-0.324,0.584,-0.622,-0.357,0.277,0.645,0.306,0.124,0.371,0.744,-0.078,0.406,-0.092,-0.709,-0.013,-0.345,0.504,-0.116,0.698,-0.7,0.283,0.271,0.52,-0.512,-0.244,-0.473,-0.591,0.579,0.242,0.147,-0.76,-0.372,-0.786,-0.17,-0.588,-0.118,-0.276,-0.733,-0.514,-0.289,0.435,-0.092,0.161,0.03,0.657,0.094,0.033,0.658,-0.642,-0.67,-0.516,0.097,0.292,-0.664,0.505,-0.047,-0.564,-0.266,-0.549,0.084,-0.409,-0.429,-0.576,-0.295,0.63,0.515,-0.661,-0.566,0.338,0.639,0.566,-0.029,0.694,0.351,-0.337,-0.481,0.551,-0.289,0.669,-0.408,-0.088,-0.682,-0.189,0.638,0.661,-0.478,-0.767,0.52,0.667,-0.716,0.795,0.695,0.299,0.622,-0.196,0.605,-0.302,0.276,0.636,0.297,-0.448,0.578,-0.487,-0.462,0.139,-0.495,-0.019,-0.162,-0.46,-0.331,-0.594,0.695,0.482,0.528,0.646,0.224,0.484,0.665,0.24,-0.011,0.639,-0.341,0.086,0.521,0.4,0.792,0.687,-0.128,0.489,0.517,0.428,0.682,0.61,0.421,-0.684,-0.017,0.517,0.679,0.622,-0.392,0.627,-0.641,0.052,0.369,-0.314,0.651,0.538,0.605,-0.505,0.764,-0.232,0.606,0.084,0.139,0.316,0.316,0.129,0.707,-0.487,-0.352,0.568,0.646,-0.258,0.106,-0.475,0.567,-0.133
ATOS,0.37,0.362,0.52,0.297,0.559,0.729,-0.324,-0.306,0.095,0.586,0.545,-0.301,0.616,0.314,-0.574,-0.54,-0.52,0.598,0.645,1.0,0.432,0.271,-0.233,0.195,-0.523,-0.239,0.19,-0.614,-0.017,0.415,0.49,0.162,0.273,-0.426,0.641,-0.629,-0.294,0.383,0.548,0.372,0.419,0.277,0.722,-0.235,0.365,-0.379,-0.646,-0.032,-0.088,0.444,-0.348,0.469,-0.57,0.299,0.309,0.463,-0.378,-0.14,-0.504,-0.503,0.684,0.21,0.013,-0.535,-0.256,-0.644,-0.298,-0.376,-0.091,-0.114,-0.52,-0.581,-0.232,0.797,0.206,-0.006,0.241,0.672,0.142,0.095,0.647,-0.545,-0.523,-0.457,0.077,0.239,-0.671,0.47,0.206,-0.501,-0.235,-0.407,0.192,-0.395,-0.388,-0.363,0.037,0.646,0.743,-0.495,-0.586,0.306,0.624,0.531,-0.077,0.586,0.262,-0.442,-0.157,0.8,-0.451,0.549,-0.32,-0.123,-0.708,0.059,0.766,0.743,-0.407,-0.582,0.474,0.611,-0.571,0.663,0.616,0.179,0.589,-0.04,0.681,-0.342,0.144,0.779,0.219,-0.514,0.577,-0.582,-0.479,0.537,-0.573,0.123,-0.197,-0.443,-0.334,-0.408,0.537,0.491,0.514,0.623,0.479,0.373,0.603,0.152,-0.058,0.563,-0.381,-0.102,0.462,0.444,0.645,0.727,0.079,0.511,0.723,0.504,0.535,0.51,0.402,-0.502,-0.124,0.824,0.674,0.642,-0.432,0.573,-0.624,-0.055,0.556,-0.203,0.63,0.584,0.611,-0.325,0.67,0.102,0.537,0.135,0.331,0.012,0.616,0.283,0.432,-0.628,-0.456,0.622,0.771,0.027,0.184,-0.282,0.312,-0.233
AUPH,0.46,0.368,0.671,0.38,0.485,0.583,-0.405,-0.043,0.309,0.555,0.615,-0.236,0.475,0.336,-0.504,-0.376,-0.641,0.271,0.703,0.432,1.0,0.178,-0.294,0.327,-0.613,-0.202,0.014,-0.344,0.194,0.576,0.582,-0.036,-0.157,-0.228,0.556,-0.5,-0.178,0.201,0.697,0.188,0.034,0.428,0.604,-0.047,0.534,-0.157,-0.584,0.099,-0.253,0.551,-0.11,0.518,-0.576,0.221,0.322,0.446,-0.262,-0.197,-0.195,-0.428,0.549,0.237,0.113,-0.604,-0.342,-0.645,0.004,-0.462,0.064,-0.234,-0.625,-0.384,-0.283,0.324,-0.053,0.427,0.165,0.67,0.034,-0.028,0.7,-0.474,-0.495,-0.54,0.014,0.428,-0.618,0.651,-0.055,-0.59,-0.26,-0.493,0.288,-0.272,-0.269,-0.371,-0.042,0.72,0.369,-0.546,-0.481,0.294,0.652,0.628,-0.008,0.559,0.396,-0.284,-0.403,0.351,-0.209,0.692,-0.287,-0.102,-0.565,-0.13,0.582,0.622,-0.351,-0.688,0.721,0.571,-0.548,0.602,0.7,0.292,0.64,-0.033,0.608,-0.136,0.247,0.574,0.232,-0.291,0.472,-0.336,-0.45,0.291,-0.453,-0.051,0.109,-0.334,-0.195,-0.4,0.488,0.386,0.522,0.619,0.319,0.498,0.635,0.136,-0.047,0.73,-0.153,0.25,0.558,0.445,0.686,0.729,-0.124,0.337,0.4,0.372,0.608,0.49,0.666,-0.661,0.353,0.328,0.65,0.538,-0.357,0.625,-0.466,0.111,0.293,-0.265,0.538,0.561,0.661,-0.437,0.637,-0.041,0.634,0.142,0.057,0.219,0.364,0.089,0.565,-0.301,-0.396,0.475,0.532,-0.194,0.015,-0.374,0.53,-0.027
AVGO,-0.147,0.805,0.273,0.589,0.732,0.23,0.098,0.416,0.173,0.484,0.633,0.485,0.179,0.766,0.128,0.275,-0.045,-0.095,0.229,0.271,0.178,1.0,-0.139,0.553,-0.081,0.455,0.643,0.073,0.514,0.445,0.477,0.131,0.164,0.433,0.552,-0.088,0.197,-0.077,0.097,0.574,0.106,0.722,0.379,0.519,0.702,0.446,0.211,0.684,-0.214,0.679,0.402,0.3,-0.344,0.604,0.256,0.418,-0.541,0.46,0.319,0.172,-0.056,0.666,0.636,-0.047,-0.023,-0.18,0.557,-0.26,0.568,0.289,-0.175,0.048,0.509,0.04,0.371,0.475,0.244,0.386,0.759,0.784,0.318,-0.254,-0.096,0.224,0.738,0.332,0.108,0.171,0.591,-0.073,0.176,-0.021,-0.158,0.389,0.266,-0.074,0.149,0.583,0.165,-0.018,0.308,0.656,0.432,0.115,0.51,0.351,0.683,0.089,0.048,0.286,0.329,0.387,0.475,0.639,0.05,0.209,0.274,0.273,0.447,-0.102,0.081,0.597,-0.01,0.204,0.361,0.777,0.412,0.231,0.521,0.331,0.565,0.361,0.56,0.141,0.259,0.023,0.224,0.279,0.334,0.497,0.299,0.349,0.349,-0.273,0.379,0.709,0.578,0.294,0.12,0.467,0.159,0.627,0.54,0.276,0.273,0.012,0.028,0.58,0.146,0.385,-0.246,0.285,0.187,0.3,0.361,0.52,0.21,-0.098,0.113,0.145,0.197,0.093,0.12,0.422,0.073,0.676,0.646,-0.383,0.115,0.493,0.254,-0.164,0.18,0.007,0.268,0.572,0.012,0.618,0.276,0.399,0.225,-0.035,0.25,0.221,0.361,-0.111,0.276,-0.181,0.418,0.571
AZN,-0.188,-0.106,-0.406,-0.177,-0.195,-0.373,0.368,0.246,-0.146,-0.262,-0.343,0.168,-0.45,-0.27,0.243,0.329,0.518,-0.189,-0.403,-0.233,-0.294,-0.139,1.0,-0.218,0.514,0.108,0.012,0.204,-0.221,-0.25,-0.434,0.065,0.436,0.294,-0.371,0.421,0.168,-0.311,-0.507,-0.004,0.007,-0.081,-0.304,0.043,-0.031,0.054,0.355,-0.115,0.245,-0.312,0.117,-0.293,0.55,-0.141,0.077,-0.156,0.421,0.206,0.164,0.331,-0.442,-0.262,-0.076,0.436,0.421,0.425,-0.154,0.358,0.185,0.311,0.483,0.283,0.338,-0.224,0.127,-0.315,-0.091,-0.338,0.04,0.052,-0.516,0.372,0.339,0.221,0.185,-0.162,0.291,-0.368,-0.145,0.45,0.168,0.494,0.044,0.098,0.325,0.336,0.238,-0.404,-0.135,0.375,0.197,-0.115,-0.457,-0.347,0.148,-0.518,-0.071,0.407,0.333,-0.308,0.202,-0.399,0.186,0.169,0.361,0.213,-0.36,-0.51,0.343,0.489,-0.238,-0.191,0.376,-0.371,-0.347,-0.072,-0.478,0.395,-0.472,0.041,-0.288,-0.385,-0.031,0.385,-0.31,0.397,0.413,-0.155,0.259,0.084,-0.08,0.303,0.055,0.153,-0.296,-0.287,-0.506,-0.37,-0.357,-0.324,-0.54,-0.311,0.149,-0.465,0.089,-0.131,-0.247,-0.167,-0.317,-0.391,-0.061,-0.278,-0.155,-0.289,-0.494,-0.49,-0.366,0.459,0.062,-0.208,-0.45,-0.387,0.433,-0.523,0.262,-0.012,-0.218,0.334,-0.304,-0.159,-0.417,0.501,-0.361,-0.014,-0.506,-0.176,-0.078,-0.054,-0.264,0.161,-0.429,0.431,0.153,-0.465,-0.395,0.225,0.058,0.324,-0.292,0.064
BCRX,-0.308,0.662,0.32,0.682,0.623,0.373,0.002,0.31,0.528,0.567,0.633,0.505,0.003,0.642,0.067,0.052,-0.112,-0.197,0.26,0.195,0.327,0.553,-0.218,1.0,-0.207,0.57,0.617,-0.039,0.711,0.663,0.662,0.193,0.034,0.311,0.53,-0.175,0.338,-0.361,0.131,0.455,-0.114,0.704,0.341,0.569,0.598,0.444,0.03,0.524,-0.419,0.656,0.466,0.326,-0.359,0.477,0.001,0.551,-0.609,0.486,0.395,0.165,0.079,0.703,0.604,-0.152,-0.315,-0.224,0.602,-0.399,0.44,0.419,-0.329,0.104,0.421,-0.013,0.02,0.557,0.322,0.54,0.655,0.622,0.316,-0.33,-0.314,-0.131,0.444,0.294,-0.128,0.102,-0.019,-0.052,0.503,-0.141,-0.28,0.5,0.419,-0.304,-0.095,0.511,-0.09,-0.195,0.17,0.792,0.327,0.221,0.451,0.261,0.68,0.258,0.079,0.111,0.331,0.62,0.338,0.582,-0.03,0.151,0.142,0.205,0.324,-0.299,0.125,0.445,0.004,0.128,0.556,0.663,0.559,-0.098,0.484,0.467,0.695,0.283,0.654,-0.0,0.401,0.003,0.184,0.048,0.127,0.578,0.194,0.385,0.499,-0.532,0.53,0.521,0.421,0.148,-0.124,0.606,0.298,0.402,0.497,0.398,0.443,-0.008,-0.054,0.37,0.005,0.477,-0.513,0.062,-0.163,0.495,0.501,0.421,0.055,-0.152,0.202,0.124,0.171,-0.124,-0.109,0.524,0.059,0.674,0.187,-0.516,0.087,0.545,0.627,-0.379,0.159,-0.107,0.436,0.555,-0.339,0.642,-0.078,0.099,0.474,-0.004,0.069,0.107,0.301,-0.441,0.548,-0.464,0.723,0.587
BGC,-0.219,-0.235,-0.526,-0.342,-0.347,-0.617,0.355,0.41,-0.029,-0.513,-0.482,0.497,-0.616,-0.247,0.665,0.626,0.826,-0.493,-0.657,-0.523,-0.613,-0.081,0.514,-0.207,1.0,0.176,-0.017,0.643,-0.085,-0.333,-0.533,-0.112,0.214,0.506,-0.395,0.736,0.527,-0.402,-0.643,-0.069,-0.258,-0.053,-0.518,0.19,-0.206,0.313,0.683,0.214,0.529,-0.419,0.271,-0.632,0.728,-0.333,-0.012,-0.39,0.529,0.218,0.4,0.617,-0.767,-0.197,0.004,0.759,0.685,0.718,0.122,0.756,0.331,0.24,0.858,0.528,0.385,-0.614,0.12,-0.109,0.141,-0.698,0.067,0.081,-0.651,0.708,0.725,0.51,0.251,-0.012,0.619,-0.636,0.097,0.665,0.224,0.711,0.028,0.347,0.423,0.612,0.474,-0.604,-0.478,0.759,0.481,-0.204,-0.676,-0.51,0.059,-0.682,-0.092,0.51,0.31,-0.619,0.366,-0.636,0.371,0.21,0.592,0.507,-0.58,-0.74,0.59,0.75,-0.4,-0.369,0.669,-0.615,-0.639,-0.09,-0.51,0.496,-0.634,0.237,-0.252,-0.616,-0.2,0.709,-0.631,0.746,0.662,-0.101,0.545,0.002,0.245,0.421,0.312,0.516,-0.587,-0.377,-0.562,-0.446,-0.219,-0.234,-0.585,-0.247,0.145,-0.574,0.398,0.173,-0.233,-0.331,-0.48,-0.623,0.125,-0.161,-0.38,-0.381,-0.655,-0.577,-0.44,0.895,0.276,-0.647,-0.558,-0.654,0.707,-0.624,0.716,0.105,-0.259,0.498,-0.551,-0.287,-0.57,0.791,-0.555,0.233,-0.656,-0.082,-0.096,-0.111,-0.275,0.167,-0.528,0.654,0.404,-0.699,-0.535,0.263,-0.162,0.643,-0.373,0.207
BIDU,-0.607,0.412,-0.064,0.403,0.211,-0.207,0.175,0.502,0.229,0.132,0.109,0.665,-0.47,0.422,0.544,0.538,0.293,-0.527,-0.192,-0.239,-0.202,0.455,0.108,0.57,0.176,1.0,0.752,0.37,0.537,0.287,0.188,0.232,0.105,0.724,0.008,0.323,0.502,-0.566,-0.421,0.317,-0.268,0.382,-0.083,0.583,0.243,0.586,0.471,0.459,-0.28,0.239,0.538,-0.005,0.008,0.328,-0.072,0.197,-0.382,0.764,0.67,0.567,-0.365,0.593,0.331,0.272,-0.018,0.313,0.612,-0.073,0.489,0.526,0.106,0.509,0.656,-0.257,0.171,0.348,0.223,-0.079,0.559,0.573,-0.185,0.04,-0.002,0.41,0.465,-0.035,0.459,-0.354,-0.029,0.276,0.772,0.267,-0.523,0.743,0.55,-0.115,-0.096,-0.037,-0.327,0.112,0.679,0.491,-0.238,-0.205,0.437,-0.133,0.486,0.607,0.428,-0.338,0.712,-0.071,0.639,0.632,0.556,0.217,-0.411,-0.305,0.607,0.196,-0.291,0.187,0.552,-0.322,-0.13,0.508,-0.067,0.067,-0.135,0.508,0.462,-0.324,0.513,0.382,-0.035,0.379,0.64,-0.068,0.604,0.686,0.239,0.627,0.648,-0.236,0.197,0.161,-0.098,-0.307,-0.411,0.244,-0.204,0.409,0.692,-0.222,0.587,-0.277,-0.385,0.133,-0.367,-0.157,-0.507,-0.212,-0.417,0.217,-0.131,0.063,-0.351,0.307,0.021,-0.181,-0.308,-0.5,0.206,0.068,0.47,0.687,-0.07,-0.414,-0.443,0.128,-0.05,-0.041,-0.322,-0.1,-0.169,0.306,-0.334,0.491,-0.485,-0.085,-0.007,0.409,0.277,-0.255,-0.215,-0.309,0.576,-0.168,0.167,0.683
BILI,-0.473,0.671,0.233,0.647,0.508,0.228,0.201,0.411,0.212,0.526,0.525,0.607,-0.175,0.673,0.274,0.329,0.013,-0.299,0.107,0.19,0.014,0.643,0.012,0.617,-0.017,0.752,1.0,0.036,0.501,0.537,0.506,0.415,0.326,0.522,0.267,-0.019,0.36,-0.341,-0.142,0.546,0.015,0.591,0.247,0.499,0.475,0.475,0.297,0.457,-0.336,0.498,0.397,0.307,-0.199,0.641,0.007,0.437,-0.513,0.787,0.486,0.364,-0.198,0.753,0.477,0.035,-0.165,-0.041,0.421,-0.26,0.541,0.613,-0.121,0.22,0.706,0.018,0.116,0.269,0.264,0.184,0.796,0.767,0.039,-0.223,-0.211,0.226,0.627,0.063,0.148,-0.145,0.122,0.045,0.574,0.071,-0.466,0.674,0.379,-0.185,-0.038,0.373,-0.019,-0.132,0.385,0.677,0.132,-0.021,0.648,0.166,0.659,0.382,0.258,0.087,0.451,0.246,0.586,0.743,0.233,0.251,0.08,0.067,0.521,0.013,-0.135,0.513,0.364,0.065,0.209,0.726,0.189,-0.015,0.2,0.295,0.522,0.182,0.712,0.098,0.307,0.057,0.417,0.087,0.309,0.878,0.121,0.557,0.406,-0.5,0.535,0.534,0.226,-0.092,-0.217,0.32,0.016,0.532,0.741,0.054,0.371,-0.341,-0.275,0.443,-0.135,0.211,-0.435,0.026,-0.055,0.391,0.308,0.378,-0.157,0.044,-0.102,0.18,0.073,-0.274,-0.007,0.308,0.196,0.716,0.273,-0.541,0.039,0.409,0.177,-0.238,0.006,-0.151,0.079,0.3,-0.138,0.617,-0.134,0.073,0.255,0.041,0.187,0.103,0.152,-0.268,0.582,-0.34,0.408,0.707
BKR,-0.23,-0.137,-0.407,-0.266,-0.24,-0.634,0.168,0.576,0.194,-0.414,-0.332,0.587,-0.476,-0.04,0.725,0.66,0.694,-0.532,-0.628,-0.614,-0.344,0.073,0.204,-0.039,0.643,0.37,0.036,1.0,0.181,-0.278,-0.388,-0.366,-0.086,0.628,-0.364,0.759,0.622,-0.437,-0.531,-0.188,-0.483,0.011,-0.529,0.362,-0.072,0.44,0.72,0.45,0.423,-0.198,0.366,-0.531,0.513,-0.32,-0.12,-0.334,0.427,0.279,0.628,0.689,-0.589,0.003,0.081,0.72,0.504,0.699,0.372,0.616,0.352,0.12,0.708,0.644,0.386,-0.586,0.096,0.224,0.213,-0.577,0.055,0.081,-0.448,0.629,0.643,0.559,0.204,0.035,0.743,-0.447,0.163,0.495,0.22,0.522,0.066,0.399,0.352,0.511,0.318,-0.338,-0.531,0.655,0.68,-0.16,-0.57,-0.216,0.056,-0.553,0.029,0.449,0.329,-0.667,0.469,-0.527,0.382,0.248,0.636,0.333,-0.597,-0.655,0.56,0.523,-0.126,-0.369,0.59,-0.606,-0.569,-0.005,-0.455,0.404,-0.536,0.468,-0.013,-0.632,-0.193,0.785,-0.61,0.755,0.569,0.008,0.571,-0.027,0.498,0.447,0.531,0.55,-0.542,-0.308,-0.415,-0.385,-0.236,-0.064,-0.446,-0.038,0.188,-0.465,0.546,0.248,-0.203,-0.274,-0.467,-0.505,-0.113,-0.199,-0.42,-0.408,-0.583,-0.377,-0.164,0.688,0.455,-0.699,-0.57,-0.604,0.582,-0.395,0.801,0.306,-0.305,0.271,-0.682,-0.153,-0.527,0.573,-0.49,0.261,-0.621,0.103,-0.232,0.033,-0.237,0.01,-0.362,0.653,0.481,-0.632,-0.486,0.098,-0.093,0.588,-0.3,0.422
BLDP,-0.382,0.415,0.265,0.552,0.402,0.17,-0.036,0.4,0.304,0.355,0.48,0.584,-0.071,0.525,0.154,0.274,-0.026,-0.299,0.088,-0.017,0.194,0.514,-0.221,0.711,-0.085,0.537,0.501,0.181,1.0,0.622,0.593,0.202,-0.024,0.439,0.341,-0.019,0.378,-0.318,0.045,0.236,-0.392,0.491,0.246,0.785,0.392,0.527,0.129,0.602,-0.384,0.603,0.739,0.245,-0.298,0.42,-0.137,0.459,-0.53,0.422,0.642,0.318,-0.062,0.561,0.606,-0.063,-0.305,-0.173,0.773,-0.382,0.33,0.335,-0.205,0.422,0.444,-0.172,-0.034,0.696,0.183,0.233,0.498,0.516,0.205,-0.312,-0.329,0.02,0.298,0.077,0.111,0.001,-0.022,0.083,0.504,-0.227,-0.333,0.543,0.396,-0.297,-0.259,0.369,-0.203,-0.167,0.386,0.511,0.162,0.19,0.435,0.124,0.667,0.31,0.042,-0.04,0.583,0.314,0.41,0.54,0.097,0.115,-0.04,0.046,0.363,-0.22,0.031,0.307,0.076,-0.019,0.201,0.576,0.338,-0.115,0.287,0.762,0.824,0.08,0.458,0.095,0.248,0.054,0.367,-0.15,0.237,0.505,0.257,0.387,0.808,-0.258,0.307,0.485,0.444,0.04,-0.227,0.504,0.068,0.431,0.493,0.127,0.695,0.046,-0.174,0.234,-0.135,0.276,-0.556,-0.153,-0.28,0.224,0.325,0.393,0.02,-0.069,0.19,-0.011,-0.051,-0.134,-0.049,0.208,0.175,0.746,0.093,-0.579,-0.079,0.412,0.242,-0.341,-0.006,-0.365,0.106,0.532,-0.332,0.713,-0.144,0.043,0.304,0.207,0.351,0.011,0.008,-0.537,0.441,-0.444,0.556,0.739
BLNK,0.007,0.536,0.608,0.732,0.638,0.57,-0.143,0.119,0.434,0.634,0.709,0.228,0.166,0.652,-0.227,-0.074,-0.444,-0.049,0.573,0.415,0.576,0.445,-0.25,0.663,-0.333,0.287,0.537,-0.278,0.622,1.0,0.773,0.293,0.132,0.138,0.631,-0.312,0.173,-0.211,0.393,0.51,-0.063,0.649,0.656,0.431,0.548,0.312,-0.271,0.375,-0.37,0.776,0.333,0.586,-0.524,0.517,0.122,0.704,-0.608,0.296,0.194,-0.031,0.27,0.54,0.515,-0.413,-0.324,-0.511,0.331,-0.454,0.23,0.194,-0.473,-0.051,0.192,0.153,0.035,0.562,0.329,0.558,0.449,0.433,0.517,-0.474,-0.51,-0.378,0.365,0.302,-0.432,0.286,-0.08,-0.291,0.289,-0.333,-0.101,0.223,0.096,-0.385,-0.143,0.667,0.191,-0.512,-0.184,0.65,0.526,0.476,0.371,0.529,0.779,0.14,-0.201,0.272,0.206,0.63,0.107,0.321,-0.363,0.193,0.379,0.407,0.022,-0.51,0.365,0.703,-0.247,0.495,0.547,0.659,0.605,-0.09,0.483,0.227,0.641,0.449,0.598,-0.138,0.568,-0.143,0.091,0.105,-0.113,0.463,0.104,0.11,0.249,-0.614,0.678,0.621,0.524,0.461,0.033,0.727,0.558,0.3,0.436,0.485,0.285,0.047,0.248,0.436,0.402,0.641,-0.411,0.236,0.141,0.517,0.613,0.552,0.192,-0.334,0.274,0.291,0.484,0.15,-0.239,0.586,-0.128,0.559,0.296,-0.516,0.359,0.697,0.588,-0.44,0.425,-0.213,0.445,0.343,-0.065,0.561,0.092,0.128,0.583,-0.068,-0.082,0.33,0.43,-0.391,0.428,-0.507,0.707,0.438
BYND,-0.032,0.62,0.652,0.736,0.723,0.645,-0.186,0.023,0.301,0.754,0.879,0.197,0.374,0.653,-0.212,-0.23,-0.547,0.09,0.551,0.49,0.582,0.477,-0.434,0.662,-0.533,0.188,0.506,-0.388,0.593,0.773,1.0,0.24,-0.04,0.023,0.652,-0.519,0.013,0.127,0.543,0.463,0.003,0.629,0.691,0.343,0.553,0.15,-0.328,0.296,-0.476,0.811,0.208,0.534,-0.637,0.607,0.051,0.63,-0.647,0.217,0.061,-0.145,0.433,0.626,0.516,-0.533,-0.523,-0.564,0.376,-0.629,0.224,0.095,-0.607,-0.252,0.15,0.249,-0.064,0.457,0.19,0.644,0.518,0.493,0.703,-0.498,-0.543,-0.418,0.273,0.269,-0.502,0.497,0.108,-0.441,0.193,-0.536,-0.227,0.206,-0.042,-0.389,-0.181,0.799,0.23,-0.626,-0.243,0.634,0.668,0.496,0.325,0.637,0.693,-0.11,-0.28,0.465,0.012,0.717,0.099,0.362,-0.43,0.026,0.534,0.648,0.004,-0.578,0.298,0.632,-0.278,0.534,0.649,0.66,0.653,-0.318,0.677,0.163,0.753,0.647,0.538,-0.314,0.729,-0.369,-0.157,0.113,-0.25,0.516,0.086,0.055,0.156,-0.58,0.713,0.796,0.743,0.392,0.149,0.611,0.631,0.386,0.302,0.613,0.079,0.008,0.179,0.546,0.366,0.636,-0.22,0.197,0.134,0.62,0.747,0.677,0.442,-0.553,0.088,0.441,0.566,0.368,-0.455,0.702,-0.27,0.562,0.423,-0.651,0.516,0.627,0.661,-0.613,0.437,-0.203,0.636,0.461,-0.082,0.505,0.232,0.111,0.662,-0.36,-0.116,0.536,0.508,-0.452,0.376,-0.687,0.712,0.421
