,AAL,AAPL,ABUS,ADBE,ADI,ADMA,AEP,AGNC,AKBA,ALT,AMAT,AMD,AMGN,AMZN,APA,APPS,ARCC,ARDX,ATER,ATOS,AUPH,AVGO,AZN,BCRX,BGC,BIDU,BILI,BKR,BLDP,BLNK,BYND,CAN,CELH,CG,CGC,CHRD,CLNE,CMCSA,COMM,COST,CPB,CPRT,CRON,CRWD,CSCO,CSGP,CSX,CTSH,CZR,DBX,DDOG,DKNG,DLTR,DOCU,DVAX,DXCM,EA,EBAY,ENPH,ERIC,ESPR,ETSY,EXC,EXEL,EXPE,FANG,FAST,FITB,FLEX,FOLD,FOXA,FSLR,FTNT,FUTU,GEN,GERN,GEVO,GILD,GOOG,GOOGL,GPRO,GT,HBAN,HIVE,HON,HST,HUT,IBRX,INTC,IOVA,IQ,IRWD,JBLU,JD,KDP,KHC,LBTYK,LRCX,LYFT,MAR,MARA,MAT,MCHP,MCRB,MDLZ,META,MGNI,MLCO,MNKD,MNST,MOMO,MRNA,MRVL,MSFT,MSTR,MTCH,MU,MVIS,NDAQ,NFLX,NKTR,NNDM,NTES,NTNX,NVAX,NVDA,NWL,NWSA,NXPI,OCGN,OKTA,ON,OPK,PAA,PACB,PAGP,PANW,PARA,PCAR,PDD,PENN,PEP,PLUG,PTEN,PTON,PYPL,QCOM,QUBT,QVCGA,RDFN,REAL,RIOT,ROKU,ROST,RUN,SABR,SAVA,SBUX,SFIX,SGMO,SIRI,SLM,SMCI,SNDL,SONO,STNE,STX,TCOM,TGTX,TIGR,TLRY,TMUS,TRIP,TSCO,TSLA,TTD,TXN,UAL,UNIT,VERU,VKTX,VLY,VOD,VTRS,VXRT,WBA,WBD,WDAY,WDC,WEN,WW,WYNN,XEL,XP,XRAY,XRX,Z,ZION,ZM,ZS
AAL,1.0,0.195,-0.35,0.549,0.478,0.286,-0.276,-0.208,0.054,-0.382,0.591,0.54,0.585,0.526,0.654,-0.496,-0.557,0.381,-0.206,-0.021,0.168,0.539,0.295,-0.529,-0.505,-0.462,-0.028,-0.165,0.291,0.275,-0.063,0.438,0.28,0.654,-0.014,0.345,0.141,0.305,-0.53,0.468,0.402,0.096,0.314,0.102,0.508,-0.536,-0.351,0.349,-0.472,-0.306,0.682,-0.287,0.092,-0.256,-0.398,0.417,-0.045,-0.369,0.352,-0.112,0.503,0.286,0.408,-0.52,0.78,0.401,0.394,-0.278,-0.079,0.561,-0.108,0.149,0.62,-0.376,-0.401,0.579,0.421,-0.068,0.444,0.457,0.414,0.793,-0.368,0.629,0.758,0.809,0.59,0.199,0.447,0.025,-0.395,-0.073,0.868,-0.35,0.436,0.678,-0.532,0.563,0.742,0.613,0.643,0.487,0.649,0.387,0.497,0.426,-0.439,0.306,0.406,0.678,-0.067,-0.501,0.577,0.428,0.719,-0.123,0.555,0.335,0.47,-0.332,-0.319,0.096,0.16,0.177,0.382,0.654,0.613,0.405,0.699,-0.129,0.261,0.523,0.496,0.385,0.574,0.352,0.137,-0.381,0.243,-0.546,-0.534,0.617,0.339,0.19,-0.491,-0.516,0.556,0.37,-0.224,-0.153,0.32,0.508,-0.531,0.572,0.26,-0.271,0.716,0.271,0.21,0.691,0.561,0.157,0.729,0.162,0.516,-0.505,0.474,0.493,0.456,-0.452,0.34,0.604,-0.039,0.443,0.218,0.273,-0.036,0.921,-0.526,0.339,0.682,0.562,-0.133,0.655,-0.013,0.571,0.432,0.304,0.115,0.036,0.546,0.444,-0.461,0.265,-0.366,0.193,-0.578,0.185,-0.43,0.551
AAPL,0.195,1.0,-0.359,0.581,0.362,0.201,-0.235,-0.107,0.04,-0.335,0.353,0.305,0.231,0.529,0.264,-0.421,-0.421,-0.048,-0.332,-0.054,0.15,0.398,-0.125,-0.483,-0.368,-0.173,-0.007,0.116,0.239,0.33,-0.107,0.162,-0.135,0.413,-0.072,0.347,-0.043,0.086,-0.313,0.468,0.257,0.483,0.03,-0.311,0.35,-0.21,-0.132,0.366,-0.283,-0.213,0.256,-0.334,0.36,0.039,-0.113,0.501,-0.26,-0.036,0.362,-0.14,0.21,0.392,0.407,-0.371,0.155,0.338,0.401,-0.12,0.215,0.422,-0.204,0.029,0.233,-0.118,-0.34,0.267,0.177,0.176,0.446,0.422,0.234,0.271,-0.093,0.32,0.266,0.364,0.344,-0.107,0.079,-0.296,-0.399,-0.181,0.296,-0.098,0.341,0.351,-0.203,0.414,0.151,0.31,0.126,0.205,0.346,0.29,0.379,0.432,-0.4,0.206,0.219,0.288,0.038,-0.298,0.337,0.475,0.298,-0.231,0.308,0.398,0.423,0.214,-0.179,-0.056,0.188,0.227,0.351,0.333,0.337,0.089,0.313,-0.033,0.257,0.502,0.52,0.085,0.416,-0.068,0.069,-0.296,0.245,-0.338,-0.359,0.452,0.368,-0.096,-0.298,-0.266,0.386,0.239,-0.35,-0.393,0.14,0.152,-0.34,0.529,0.225,-0.39,0.267,0.359,-0.118,0.337,0.402,-0.091,0.389,0.098,0.356,-0.367,0.21,-0.02,-0.129,-0.156,0.101,0.29,-0.113,0.466,0.28,0.175,-0.065,0.268,-0.093,0.134,0.267,0.433,-0.001,0.007,0.11,0.182,0.136,0.369,0.321,0.146,0.162,0.391,-0.27,-0.34,-0.282,-0.018,-0.406,0.157,-0.095,0.329
ABUS,-0.35,-0.359,1.0,-0.464,-0.639,-0.649,0.504,0.332,0.122,0.419,-0.707,-0.723,-0.244,-0.623,-0.53,0.752,0.584,0.429,0.358,0.438,-0.017,-0.721,0.367,0.715,0.753,0.277,-0.504,0.263,-0.267,-0.708,0.495,-0.643,0.305,-0.635,-0.127,-0.656,0.448,-0.252,0.712,-0.645,-0.577,-0.516,-0.328,0.251,-0.565,0.523,0.467,-0.743,0.759,0.761,-0.614,0.887,-0.638,0.644,0.796,-0.687,0.095,0.358,-0.629,0.26,-0.115,-0.588,-0.653,0.745,-0.495,-0.159,-0.79,0.108,-0.257,-0.453,0.316,0.158,-0.408,0.297,0.599,-0.217,-0.36,-0.133,-0.568,-0.499,-0.659,-0.542,0.006,-0.49,-0.466,-0.551,-0.508,0.453,-0.246,0.643,0.364,0.45,-0.407,-0.196,-0.403,-0.547,0.415,-0.686,-0.529,-0.032,-0.497,-0.687,-0.626,-0.748,-0.718,-0.576,0.754,-0.509,-0.441,-0.662,-0.284,0.921,-0.678,-0.642,-0.467,0.499,-0.732,-0.274,-0.542,0.06,0.881,0.409,-0.721,0.003,-0.295,-0.609,-0.595,-0.072,-0.661,0.301,-0.527,-0.656,-0.541,-0.309,-0.295,0.072,-0.469,0.696,-0.367,0.389,0.821,-0.511,-0.648,0.283,0.882,0.689,-0.692,-0.642,0.349,0.683,-0.692,-0.717,0.796,-0.665,-0.294,0.593,-0.415,-0.138,0.186,-0.588,-0.668,-0.237,-0.58,-0.554,-0.583,0.623,-0.78,-0.382,0.204,0.37,-0.584,-0.23,0.501,-0.691,-0.138,-0.615,0.179,-0.455,0.51,-0.663,-0.219,-0.73,-0.224,-0.428,0.457,-0.363,-0.746,-0.755,-0.455,0.239,-0.592,-0.624,0.395,0.308,0.678,-0.301,0.731,-0.485,0.746,-0.723
ADBE,0.549,0.581,-0.464,1.0,0.679,0.372,-0.397,-0.211,-0.016,-0.541,0.682,0.618,0.261,0.677,0.7,-0.578,-0.607,0.096,-0.454,-0.164,0.27,0.73,-0.258,-0.569,-0.57,-0.366,0.074,0.06,0.271,0.368,-0.24,0.502,-0.211,0.754,-0.019,0.528,-0.128,0.254,-0.463,0.716,0.531,0.501,0.127,-0.248,0.388,-0.421,-0.282,0.497,-0.44,-0.439,0.634,-0.424,0.446,-0.106,-0.243,0.597,-0.031,-0.085,0.492,-0.249,0.261,0.753,0.523,-0.56,0.532,0.474,0.601,-0.085,0.254,0.594,-0.129,0.034,0.662,-0.213,-0.479,0.521,0.308,0.026,0.608,0.599,0.451,0.709,-0.132,0.484,0.513,0.574,0.532,-0.193,0.22,-0.44,-0.574,-0.287,0.622,-0.165,0.474,0.545,-0.293,0.666,0.526,0.421,0.29,0.486,0.711,0.541,0.546,0.62,-0.52,0.383,0.452,0.616,0.109,-0.475,0.719,0.618,0.494,-0.302,0.542,0.25,0.541,0.148,-0.415,-0.013,0.263,0.218,0.456,0.719,0.56,0.287,0.668,-0.084,0.43,0.7,0.625,0.194,0.685,0.067,0.295,-0.451,0.362,-0.42,-0.52,0.563,0.494,-0.015,-0.521,-0.539,0.702,0.38,-0.34,-0.343,0.369,0.359,-0.564,0.603,0.418,-0.452,0.627,0.216,-0.034,0.738,0.714,0.15,0.781,0.17,0.462,-0.611,0.418,0.273,-0.044,-0.29,0.252,0.493,-0.247,0.637,0.343,0.329,-0.018,0.646,-0.274,0.305,0.585,0.633,0.183,0.227,0.039,0.518,0.485,0.512,0.172,0.077,0.54,0.598,-0.417,-0.136,-0.548,0.16,-0.524,0.45,-0.278,0.637
ADI,0.478,0.362,-0.639,0.679,1.0,0.39,-0.366,-0.038,-0.062,-0.191,0.78,0.744,0.183,0.689,0.815,-0.682,-0.682,-0.242,-0.165,-0.297,-0.116,0.731,-0.423,-0.606,-0.546,-0.095,0.448,-0.22,0.063,0.473,-0.478,0.615,-0.387,0.609,0.258,0.413,-0.347,0.611,-0.383,0.648,0.673,0.427,0.438,-0.205,0.336,-0.198,-0.57,0.732,-0.484,-0.632,0.73,-0.585,0.479,-0.424,-0.546,0.487,-0.006,-0.089,0.443,-0.031,0.089,0.687,0.455,-0.696,0.603,0.3,0.642,0.266,0.461,0.413,0.109,-0.297,0.627,-0.037,-0.374,0.219,0.197,0.261,0.468,0.422,0.603,0.706,0.207,0.489,0.57,0.502,0.396,-0.316,0.425,-0.522,-0.243,-0.23,0.648,0.166,0.225,0.579,-0.117,0.709,0.607,0.059,0.313,0.501,0.78,0.598,0.549,0.623,-0.481,0.575,0.282,0.671,0.37,-0.607,0.709,0.511,0.473,-0.209,0.661,0.463,0.281,-0.055,-0.575,-0.348,0.538,0.22,0.311,0.646,0.568,0.476,0.631,-0.396,0.709,0.574,0.484,0.501,0.372,0.285,0.437,-0.284,0.208,-0.149,-0.526,0.456,0.387,-0.039,-0.642,-0.501,0.744,0.414,-0.168,-0.494,0.584,0.569,-0.561,0.487,0.254,-0.432,0.543,0.359,-0.162,0.69,0.732,0.438,0.678,0.413,0.44,-0.471,0.506,0.535,-0.157,-0.151,0.548,0.346,-0.291,0.628,-0.048,0.567,0.355,0.601,-0.429,0.465,0.41,0.743,0.41,0.552,-0.174,0.721,0.695,0.503,0.488,-0.15,0.717,0.563,-0.166,-0.02,-0.513,0.526,-0.65,0.737,-0.479,0.62
ADMA,0.286,0.201,-0.649,0.372,0.39,1.0,-0.64,-0.549,-0.026,-0.418,0.619,0.561,0.162,0.37,0.345,-0.626,-0.509,-0.136,-0.465,-0.467,0.161,0.637,-0.306,-0.595,-0.679,-0.259,0.408,-0.021,0.283,0.594,-0.47,0.668,-0.32,0.618,0.266,0.627,-0.317,-0.091,-0.618,0.609,0.501,0.386,0.195,-0.305,0.466,-0.641,-0.182,0.526,-0.63,-0.634,0.474,-0.652,0.536,-0.398,-0.352,0.534,0.182,-0.463,0.613,-0.547,-0.019,0.45,0.578,-0.665,0.385,-0.042,0.577,-0.322,0.053,0.46,-0.38,-0.01,0.18,-0.327,-0.587,0.188,0.293,0.109,0.466,0.461,0.555,0.477,-0.149,0.296,0.301,0.385,0.486,-0.467,0.013,-0.642,-0.367,-0.656,0.199,0.271,0.292,0.431,-0.489,0.728,0.317,-0.072,0.383,0.756,0.458,0.614,0.601,0.291,-0.665,0.299,0.637,0.652,0.417,-0.597,0.638,0.545,0.324,-0.46,0.627,0.065,0.583,0.417,-0.583,-0.263,0.625,-0.241,0.461,0.564,0.394,-0.199,0.55,-0.116,0.184,0.511,0.434,0.072,0.225,-0.184,0.421,-0.555,0.393,-0.169,-0.649,0.457,0.652,-0.346,-0.625,-0.616,0.514,0.496,-0.215,-0.628,0.556,0.57,-0.677,0.411,0.453,-0.731,0.27,-0.136,-0.287,0.425,0.636,0.116,0.485,0.609,0.423,-0.616,0.805,0.107,-0.268,-0.305,0.487,0.179,-0.622,0.627,0.191,0.496,-0.487,0.408,-0.177,0.683,0.214,0.494,0.058,0.142,-0.131,0.226,0.608,0.647,0.388,-0.398,0.52,0.473,-0.567,-0.226,-0.61,0.009,-0.623,0.277,-0.537,0.616
AEP,-0.276,-0.235,0.504,-0.397,-0.366,-0.64,1.0,0.371,0.242,0.358,-0.525,-0.418,-0.005,-0.474,-0.387,0.497,0.397,0.18,0.287,0.488,-0.045,-0.459,0.399,0.497,0.646,0.024,-0.394,0.172,-0.191,-0.6,0.519,-0.627,0.397,-0.652,-0.407,-0.493,0.415,0.053,0.575,-0.526,-0.453,-0.375,-0.274,0.185,-0.295,0.52,0.251,-0.514,0.555,0.6,-0.48,0.588,-0.541,0.501,0.32,-0.433,-0.212,0.401,-0.421,0.187,0.125,-0.591,-0.469,0.525,-0.373,0.025,-0.626,0.211,-0.244,-0.32,0.369,0.116,-0.27,0.239,0.409,-0.021,-0.13,-0.195,-0.43,-0.41,-0.646,-0.465,0.066,-0.225,-0.286,-0.355,-0.301,0.397,-0.151,0.562,0.222,0.52,-0.21,-0.255,-0.059,-0.28,0.346,-0.631,-0.334,0.106,-0.339,-0.61,-0.324,-0.435,-0.479,-0.409,0.543,-0.436,-0.321,-0.573,-0.487,0.51,-0.536,-0.365,-0.28,0.432,-0.604,-0.173,-0.344,-0.288,0.533,0.378,-0.621,0.204,-0.313,-0.463,-0.316,0.157,-0.359,0.307,-0.196,-0.453,-0.39,-0.08,-0.131,0.186,-0.423,0.587,-0.094,0.177,0.608,-0.237,-0.478,0.428,0.541,0.56,-0.583,-0.427,0.349,0.489,-0.525,-0.54,0.549,-0.32,-0.285,0.419,-0.263,0.091,0.296,-0.388,-0.568,-0.048,-0.434,-0.693,-0.368,0.427,-0.695,-0.27,0.25,0.267,-0.575,-0.136,0.566,-0.581,0.022,-0.503,0.339,-0.346,0.372,-0.683,-0.061,-0.463,-0.253,-0.095,0.153,-0.263,-0.506,-0.553,-0.417,0.454,-0.519,-0.36,0.496,0.117,0.685,-0.035,0.458,-0.302,0.561,-0.439
AGNC,-0.208,-0.107,0.332,-0.211,-0.038,-0.549,0.371,1.0,-0.227,0.484,-0.407,-0.407,-0.155,-0.11,-0.074,0.33,0.114,-0.196,0.48,0.448,-0.285,-0.469,-0.011,0.328,0.337,0.49,0.011,-0.114,-0.405,-0.475,0.148,-0.469,0.065,-0.402,-0.078,-0.592,-0.05,0.565,0.431,-0.539,-0.122,-0.34,0.05,0.273,-0.531,0.785,-0.103,0.007,0.399,0.276,-0.342,0.341,-0.478,0.221,-0.02,-0.473,0.01,0.748,-0.596,0.599,-0.235,-0.282,-0.548,0.349,-0.289,-0.014,-0.467,0.551,0.496,-0.431,0.538,-0.302,-0.136,0.808,0.505,-0.341,-0.344,0.335,-0.507,-0.55,-0.336,-0.335,0.613,-0.271,-0.161,-0.33,-0.428,0.226,0.141,0.39,0.544,0.516,-0.0,0.084,-0.521,-0.195,0.596,-0.384,-0.131,-0.172,-0.304,-0.548,-0.344,-0.429,-0.447,-0.047,0.334,-0.014,-0.606,-0.385,0.035,0.262,-0.526,-0.579,-0.192,0.656,-0.419,0.433,-0.617,-0.423,0.268,-0.096,-0.241,0.322,-0.558,-0.523,-0.206,0.384,-0.415,-0.2,0.317,-0.442,-0.462,0.358,-0.39,0.482,-0.308,0.418,-0.534,0.38,0.38,-0.45,-0.495,0.518,0.296,0.453,-0.398,-0.573,0.052,0.351,-0.342,-0.377,0.442,-0.266,-0.456,0.56,-0.223,0.506,0.163,-0.322,-0.363,0.232,-0.381,-0.282,-0.392,0.578,-0.5,0.158,0.051,0.778,-0.208,-0.139,0.394,-0.423,-0.458,-0.341,0.666,-0.245,0.132,-0.375,-0.345,-0.147,0.296,-0.01,-0.098,0.175,-0.222,-0.593,0.16,0.152,-0.325,-0.305,0.39,0.409,0.227,0.351,0.328,0.224,0.202,-0.49
AKBA,0.054,0.04,0.122,-0.016,-0.062,-0.026,0.242,-0.227,1.0,0.066,-0.042,-0.029,0.521,-0.312,-0.107,0.131,0.049,0.41,-0.22,0.399,0.104,-0.022,0.35,-0.039,0.313,-0.166,-0.05,0.252,0.381,-0.007,0.359,-0.139,0.359,-0.097,-0.03,0.065,0.552,-0.141,0.241,0.011,-0.074,0.172,-0.131,-0.21,0.305,-0.12,-0.13,-0.176,0.234,0.343,-0.084,0.208,0.037,0.267,0.428,0.276,0.13,-0.07,0.182,-0.252,0.51,-0.181,0.263,0.077,-0.18,0.358,0.039,0.028,-0.199,0.467,0.243,0.417,-0.09,-0.187,-0.145,0.373,0.445,-0.291,0.041,0.057,-0.11,0.069,-0.127,0.161,-0.047,0.189,0.206,0.366,-0.034,0.139,0.008,0.094,0.049,0.095,0.365,0.147,0.084,-0.173,-0.08,0.302,0.158,-0.154,0.183,-0.029,0.166,-0.014,0.204,-0.176,0.34,-0.16,-0.161,0.216,0.004,0.184,0.139,-0.29,-0.127,-0.109,0.222,0.112,0.395,0.594,-0.105,0.252,0.543,0.064,0.264,0.115,0.251,0.551,-0.209,0.333,0.362,0.016,0.433,0.028,-0.142,0.349,0.385,-0.004,0.214,0.108,0.221,-0.114,0.271,-0.002,-0.047,-0.084,0.278,0.089,-0.286,-0.038,0.168,0.13,0.375,-0.169,0.151,-0.232,0.392,0.112,0.173,0.127,0.136,-0.172,0.468,0.019,-0.062,-0.261,0.294,-0.301,-0.207,0.242,0.11,-0.088,0.361,-0.233,-0.039,0.023,0.033,0.088,0.44,0.028,-0.453,0.079,0.568,-0.033,-0.044,0.038,-0.186,0.301,-0.11,-0.033,-0.042,-0.094,0.476,-0.0,-0.054,-0.11,0.371,0.012
ALT,-0.382,-0.335,0.419,-0.541,-0.191,-0.418,0.358,0.484,0.066,1.0,-0.463,-0.341,-0.236,-0.289,-0.315,0.3,0.1,-0.224,0.677,0.429,-0.614,-0.482,-0.1,0.286,0.419,0.593,0.123,-0.191,-0.363,-0.324,0.29,-0.376,-0.05,-0.531,0.29,-0.566,0.012,0.261,0.551,-0.54,-0.094,-0.377,0.215,0.182,-0.467,0.681,-0.108,-0.236,0.409,0.295,-0.394,0.348,-0.382,0.175,0.204,-0.601,0.012,0.307,-0.547,0.558,-0.185,-0.485,-0.538,0.328,-0.41,-0.233,-0.484,0.487,0.228,-0.389,0.533,-0.417,-0.284,0.56,0.503,-0.483,-0.323,0.265,-0.508,-0.529,-0.242,-0.425,0.592,-0.299,-0.264,-0.526,-0.522,0.165,0.197,0.282,0.611,0.333,-0.283,0.421,-0.562,-0.352,0.476,-0.508,-0.29,-0.47,-0.42,-0.485,-0.367,-0.365,-0.551,-0.212,0.469,-0.061,-0.509,-0.458,0.235,0.401,-0.521,-0.588,-0.391,0.423,-0.369,0.258,-0.631,-0.276,0.441,-0.096,-0.15,0.198,-0.436,-0.571,-0.374,0.168,-0.387,-0.227,0.05,-0.509,-0.485,0.154,-0.516,0.255,-0.233,0.567,-0.496,0.62,0.458,-0.463,-0.467,0.178,0.423,0.567,-0.481,-0.4,0.175,0.15,-0.208,-0.277,0.481,-0.551,-0.403,0.392,-0.478,0.183,-0.026,-0.493,-0.418,0.057,-0.543,-0.076,-0.459,0.546,-0.421,0.048,-0.15,0.555,-0.023,-0.259,0.414,-0.51,-0.508,-0.125,0.494,-0.444,0.065,-0.18,-0.41,-0.335,0.095,-0.066,0.132,-0.074,-0.177,-0.561,0.129,-0.018,-0.274,-0.337,0.508,0.194,0.394,0.285,0.262,-0.014,0.378,-0.48
AMAT,0.591,0.353,-0.707,0.682,0.78,0.619,-0.525,-0.407,-0.042,-0.463,1.0,0.798,0.22,0.729,0.772,-0.754,-0.66,-0.056,-0.353,-0.389,0.081,0.849,-0.298,-0.747,-0.747,-0.371,0.391,-0.224,0.301,0.642,-0.449,0.661,-0.313,0.695,0.254,0.683,-0.269,0.232,-0.616,0.775,0.594,0.451,0.377,-0.205,0.567,-0.613,-0.442,0.683,-0.666,-0.666,0.794,-0.614,0.623,-0.484,-0.507,0.612,0.01,-0.381,0.642,-0.352,0.123,0.687,0.635,-0.843,0.705,0.195,0.722,-0.142,0.118,0.651,-0.295,-0.084,0.606,-0.387,-0.549,0.325,0.298,0.003,0.673,0.641,0.684,0.814,-0.18,0.529,0.627,0.657,0.483,-0.323,0.394,-0.607,-0.425,-0.424,0.591,0.033,0.429,0.622,-0.403,0.857,0.571,0.129,0.495,0.75,0.818,0.723,0.655,0.627,-0.596,0.551,0.583,0.741,0.311,-0.696,0.824,0.675,0.506,-0.517,0.798,0.247,0.496,0.075,-0.668,-0.301,0.596,-0.02,0.452,0.848,0.579,0.171,0.702,-0.29,0.476,0.683,0.553,0.241,0.462,0.099,0.53,-0.523,0.425,-0.263,-0.676,0.594,0.565,-0.246,-0.732,-0.683,0.831,0.647,-0.214,-0.586,0.694,0.694,-0.717,0.589,0.403,-0.66,0.591,0.081,-0.214,0.767,0.777,0.22,0.773,0.489,0.573,-0.681,0.733,0.38,-0.053,-0.469,0.594,0.331,-0.435,0.71,0.142,0.648,-0.118,0.665,-0.498,0.594,0.467,0.727,0.179,0.491,-0.145,0.549,0.614,0.691,0.352,-0.184,0.739,0.678,-0.392,-0.098,-0.587,0.276,-0.781,0.521,-0.554,0.776
AMD,0.54,0.305,-0.723,0.618,0.744,0.561,-0.418,-0.407,-0.029,-0.341,0.798,1.0,0.24,0.706,0.726,-0.746,-0.627,-0.201,-0.29,-0.417,-0.0,0.851,-0.333,-0.656,-0.65,-0.42,0.324,-0.259,0.365,0.717,-0.51,0.807,-0.317,0.683,0.319,0.683,-0.188,0.225,-0.592,0.805,0.544,0.502,0.555,-0.204,0.545,-0.527,-0.515,0.646,-0.64,-0.638,0.837,-0.668,0.598,-0.453,-0.556,0.589,-0.023,-0.404,0.63,-0.319,0.221,0.669,0.658,-0.768,0.758,0.239,0.702,-0.194,0.177,0.492,-0.296,-0.112,0.653,-0.39,-0.478,0.388,0.318,0.066,0.61,0.556,0.711,0.759,-0.093,0.618,0.458,0.587,0.562,-0.405,0.21,-0.565,-0.476,-0.44,0.572,0.047,0.448,0.573,-0.387,0.725,0.659,0.225,0.515,0.641,0.896,0.738,0.653,0.488,-0.636,0.567,0.447,0.746,0.196,-0.696,0.843,0.676,0.578,-0.546,0.809,0.271,0.449,-0.062,-0.604,-0.234,0.505,-0.009,0.465,0.835,0.55,0.236,0.784,-0.316,0.551,0.678,0.591,0.206,0.467,-0.054,0.493,-0.606,0.367,-0.438,-0.699,0.649,0.659,-0.252,-0.684,-0.657,0.817,0.698,-0.229,-0.539,0.803,0.785,-0.727,0.612,0.416,-0.565,0.56,0.143,-0.191,0.719,0.726,0.077,0.735,0.49,0.526,-0.697,0.638,0.438,-0.106,-0.483,0.663,0.3,-0.32,0.642,0.187,0.802,-0.1,0.673,-0.58,0.595,0.504,0.67,0.225,0.64,-0.219,0.541,0.717,0.676,0.339,-0.129,0.845,0.701,-0.423,-0.209,-0.565,0.243,-0.715,0.465,-0.528,0.908
AMGN,0.585,0.231,-0.244,0.261,0.183,0.162,-0.005,-0.155,0.521,-0.236,0.22,0.24,1.0,0.16,0.308,-0.228,-0.267,0.363,-0.254,0.259,0.149,0.218,0.53,-0.36,-0.138,-0.328,-0.014,-0.017,0.301,0.141,0.155,0.113,0.502,0.396,-0.069,0.185,0.309,0.161,-0.267,0.265,0.279,0.2,0.097,0.033,0.597,-0.336,-0.318,0.205,-0.117,0.029,0.208,-0.163,0.077,-0.073,-0.151,0.447,0.19,-0.186,0.223,-0.137,0.691,0.042,0.469,-0.195,0.266,0.527,0.311,-0.04,-0.078,0.532,0.15,0.239,0.193,-0.262,-0.33,0.582,0.488,0.076,0.185,0.19,0.127,0.435,-0.218,0.538,0.425,0.713,0.515,0.34,0.135,0.211,-0.149,0.011,0.51,-0.154,0.452,0.54,-0.344,0.16,0.463,0.601,0.597,0.081,0.416,0.229,0.512,0.173,-0.262,-0.07,0.362,0.281,-0.139,-0.331,0.268,0.298,0.625,-0.12,0.246,0.236,0.412,-0.265,-0.014,0.362,0.042,0.314,0.443,0.379,0.561,0.282,0.543,0.187,0.075,0.499,0.594,0.32,0.598,0.259,-0.19,-0.084,0.258,-0.41,-0.251,0.5,0.271,0.151,-0.234,-0.301,0.28,0.114,-0.106,-0.029,0.011,0.379,-0.211,0.502,0.232,-0.229,0.637,0.21,0.536,0.541,0.414,0.207,0.535,0.031,0.628,-0.219,0.283,0.112,0.53,-0.405,0.097,0.618,0.043,0.111,0.343,-0.061,-0.075,0.509,-0.347,0.291,0.668,0.388,-0.284,0.408,0.156,0.371,0.286,0.139,0.107,0.128,0.17,0.186,-0.355,0.044,0.056,0.141,-0.366,0.076,-0.133,0.269
AMZN,0.526,0.529,-0.623,0.677,0.689,0.37,-0.474,-0.11,-0.312,-0.289,0.729,0.706,0.16,1.0,0.704,-0.658,-0.662,-0.192,-0.152,-0.362,-0.115,0.67,-0.385,-0.6,-0.693,-0.208,0.281,-0.413,0.158,0.5,-0.452,0.531,-0.375,0.699,0.253,0.52,-0.306,0.435,-0.532,0.654,0.567,0.337,0.418,-0.107,0.392,-0.337,-0.501,0.695,-0.559,-0.649,0.753,-0.593,0.504,-0.505,-0.562,0.527,-0.08,-0.239,0.436,-0.032,0.08,0.673,0.554,-0.66,0.721,0.133,0.681,-0.082,0.361,0.379,-0.179,-0.204,0.595,-0.154,-0.424,0.233,0.164,0.31,0.584,0.527,0.632,0.673,0.047,0.463,0.584,0.568,0.36,-0.412,0.358,-0.483,-0.367,-0.276,0.608,-0.008,0.317,0.527,-0.293,0.735,0.662,0.186,0.332,0.516,0.699,0.633,0.529,0.575,-0.548,0.604,0.267,0.711,0.252,-0.636,0.682,0.522,0.495,-0.311,0.662,0.541,0.268,-0.175,-0.6,-0.42,0.421,0.007,0.226,0.72,0.52,0.227,0.566,-0.483,0.569,0.577,0.49,0.221,0.332,0.015,0.315,-0.583,0.124,-0.38,-0.606,0.546,0.467,-0.154,-0.704,-0.608,0.755,0.544,-0.302,-0.442,0.683,0.586,-0.611,0.526,0.219,-0.377,0.534,0.442,-0.287,0.693,0.688,0.067,0.717,0.411,0.334,-0.583,0.5,0.568,-0.107,-0.258,0.544,0.313,-0.297,0.57,-0.077,0.601,-0.05,0.619,-0.613,0.496,0.293,0.696,0.389,0.435,-0.324,0.537,0.619,0.508,0.527,-0.219,0.705,0.653,-0.282,-0.08,-0.607,0.23,-0.59,0.481,-0.603,0.659
APA,0.654,0.264,-0.53,0.7,0.815,0.345,-0.387,-0.074,-0.107,-0.315,0.772,0.726,0.308,0.704,1.0,-0.604,-0.539,0.045,-0.142,-0.208,0.064,0.663,-0.176,-0.553,-0.512,-0.274,0.266,-0.154,0.223,0.358,-0.345,0.569,-0.127,0.647,0.092,0.449,-0.179,0.449,-0.465,0.617,0.54,0.294,0.449,-0.062,0.414,-0.343,-0.438,0.597,-0.41,-0.495,0.735,-0.43,0.35,-0.406,-0.505,0.427,0.107,-0.129,0.369,-0.11,0.206,0.674,0.473,-0.644,0.726,0.445,0.555,0.126,0.25,0.434,-0.005,-0.094,0.674,-0.161,-0.334,0.439,0.288,0.141,0.449,0.419,0.512,0.779,-0.039,0.639,0.625,0.666,0.443,-0.113,0.331,-0.332,-0.265,-0.09,0.721,-0.095,0.277,0.613,-0.207,0.672,0.695,0.313,0.491,0.456,0.779,0.487,0.568,0.493,-0.465,0.514,0.351,0.652,0.191,-0.573,0.692,0.437,0.576,-0.198,0.657,0.412,0.303,-0.215,-0.507,-0.157,0.344,0.132,0.251,0.787,0.503,0.471,0.61,-0.354,0.552,0.524,0.465,0.372,0.508,0.321,0.327,-0.343,0.173,-0.344,-0.485,0.506,0.331,0.127,-0.599,-0.421,0.775,0.457,-0.231,-0.279,0.578,0.584,-0.467,0.566,0.283,-0.394,0.77,0.354,0.004,0.825,0.673,0.253,0.799,0.253,0.461,-0.409,0.487,0.532,0.135,-0.261,0.438,0.487,-0.09,0.509,0.105,0.447,0.169,0.726,-0.516,0.403,0.575,0.662,0.352,0.561,-0.189,0.764,0.569,0.413,0.348,-0.017,0.68,0.581,-0.313,0.237,-0.441,0.324,-0.586,0.594,-0.503,0.649
APPS,-0.496,-0.421,0.752,-0.578,-0.682,-0.626,0.497,0.33,0.131,0.3,-0.754,-0.746,-0.228,-0.658,-0.604,1.0,0.778,0.22,0.341,0.375,0.013,-0.762,0.3,0.923,0.847,0.215,-0.449,0.234,-0.206,-0.637,0.478,-0.669,0.297,-0.687,-0.247,-0.635,0.325,-0.289,0.7,-0.715,-0.604,-0.455,-0.375,0.24,-0.553,0.486,0.424,-0.662,0.799,0.617,-0.717,0.75,-0.512,0.447,0.568,-0.532,0.128,0.346,-0.563,0.242,-0.122,-0.552,-0.576,0.917,-0.597,-0.14,-0.66,0.161,-0.137,-0.498,0.341,0.185,-0.517,0.265,0.527,-0.142,-0.287,-0.2,-0.566,-0.517,-0.667,-0.619,0.069,-0.485,-0.524,-0.586,-0.484,0.381,-0.289,0.593,0.381,0.588,-0.509,-0.152,-0.322,-0.646,0.512,-0.76,-0.468,-0.045,-0.406,-0.633,-0.67,-0.738,-0.654,-0.551,0.81,-0.545,-0.421,-0.727,-0.362,0.746,-0.724,-0.604,-0.48,0.428,-0.776,-0.292,-0.492,-0.038,0.613,0.491,-0.66,0.025,-0.347,-0.677,-0.529,-0.143,-0.635,0.478,-0.528,-0.605,-0.533,-0.251,-0.221,0.028,-0.364,0.608,-0.324,0.305,0.793,-0.627,-0.558,0.204,0.687,0.596,-0.712,-0.589,0.409,0.825,-0.657,-0.657,0.797,-0.639,-0.289,0.668,-0.431,-0.21,0.245,-0.602,-0.607,-0.189,-0.58,-0.519,-0.513,0.635,-0.722,-0.344,0.217,0.338,-0.584,-0.255,0.378,-0.714,-0.149,-0.636,0.114,-0.591,0.468,-0.555,-0.309,-0.694,-0.142,-0.472,0.273,-0.496,-0.623,-0.693,-0.42,0.264,-0.679,-0.637,0.4,0.21,0.649,-0.282,0.934,-0.422,0.559,-0.753
ARCC,-0.557,-0.421,0.584,-0.607,-0.682,-0.509,0.397,0.114,0.049,0.1,-0.66,-0.627,-0.267,-0.662,-0.539,0.778,1.0,0.186,0.083,0.096,0.183,-0.599,0.338,0.784,0.753,0.074,-0.4,0.232,-0.167,-0.528,0.27,-0.575,0.327,-0.616,-0.352,-0.396,0.262,-0.465,0.485,-0.594,-0.684,-0.326,-0.469,0.265,-0.341,0.367,0.567,-0.617,0.644,0.574,-0.619,0.608,-0.39,0.278,0.475,-0.481,0.138,0.177,-0.326,0.044,-0.198,-0.471,-0.424,0.752,-0.526,-0.191,-0.543,-0.013,-0.37,-0.531,0.034,0.347,-0.571,0.009,0.485,-0.106,-0.278,-0.179,-0.384,-0.343,-0.61,-0.656,-0.113,-0.5,-0.679,-0.49,-0.466,0.26,-0.558,0.494,0.281,0.322,-0.581,-0.235,-0.292,-0.559,0.299,-0.74,-0.527,-0.022,-0.293,-0.581,-0.657,-0.612,-0.478,-0.687,0.59,-0.485,-0.351,-0.694,-0.397,0.611,-0.607,-0.393,-0.488,0.172,-0.682,-0.51,-0.445,-0.004,0.466,0.385,-0.544,-0.289,-0.329,-0.539,-0.583,-0.255,-0.668,0.4,-0.635,-0.566,-0.504,-0.479,-0.279,-0.263,-0.418,0.395,-0.215,0.129,0.654,-0.564,-0.5,0.131,0.601,0.463,-0.591,-0.434,0.333,0.674,-0.539,-0.563,0.687,-0.478,-0.153,0.54,-0.374,-0.298,0.211,-0.553,-0.671,-0.295,-0.577,-0.484,-0.419,0.581,-0.586,-0.5,0.224,0.16,-0.596,-0.386,0.271,-0.698,0.028,-0.576,-0.084,-0.615,0.4,-0.52,-0.268,-0.655,-0.128,-0.462,0.059,-0.561,-0.646,-0.466,-0.464,0.149,-0.657,-0.547,0.233,0.101,0.54,-0.458,0.794,-0.51,0.4,-0.61
ARDX,0.381,-0.048,0.429,0.096,-0.242,-0.136,0.18,-0.196,0.41,-0.224,-0.056,-0.201,0.363,-0.192,0.045,0.22,0.186,1.0,-0.141,0.309,0.439,-0.111,0.622,0.083,0.238,-0.392,-0.541,0.351,0.364,-0.369,0.493,-0.216,0.56,-0.007,-0.341,-0.064,0.684,-0.273,0.013,-0.074,-0.222,-0.175,-0.316,0.085,0.181,-0.241,0.348,-0.347,0.201,0.449,-0.031,0.45,-0.341,0.372,0.507,0.011,0.092,-0.143,0.099,-0.225,0.489,-0.254,0.044,0.131,0.096,0.244,-0.264,-0.337,-0.59,0.264,-0.017,0.631,0.009,-0.326,-0.071,0.52,0.342,-0.47,0.129,0.213,-0.344,0.122,-0.584,0.16,0.199,0.273,0.215,0.577,-0.03,0.398,-0.181,0.264,0.197,-0.569,0.343,0.162,-0.221,-0.056,-0.004,0.622,0.181,-0.073,0.008,-0.274,-0.019,-0.117,0.214,-0.393,0.283,-0.058,-0.493,0.316,-0.072,0.1,0.195,0.049,-0.184,-0.213,0.236,0.014,0.412,0.619,-0.542,-0.025,0.273,0.137,0.097,0.071,0.051,0.446,-0.488,0.018,0.109,-0.151,0.431,0.114,-0.337,0.251,0.259,-0.319,0.221,0.202,-0.028,0.247,0.279,0.089,-0.134,-0.111,0.046,0.398,-0.4,-0.245,0.21,0.118,0.334,0.03,0.322,-0.236,0.453,0.172,-0.016,-0.085,0.176,-0.456,0.16,0.057,-0.207,-0.185,0.581,-0.315,-0.446,0.338,0.281,-0.143,0.424,-0.489,-0.145,0.258,0.147,-0.239,0.55,-0.208,-0.584,-0.028,0.436,-0.031,-0.369,-0.21,-0.507,0.287,-0.207,-0.163,-0.195,0.338,0.32,-0.366,0.111,-0.441,0.26,-0.118
ATER,-0.206,-0.332,0.358,-0.454,-0.165,-0.465,0.287,0.48,-0.22,0.677,-0.353,-0.29,-0.254,-0.152,-0.142,0.341,0.083,-0.141,1.0,0.361,-0.593,-0.484,-0.061,0.295,0.303,0.517,0.042,-0.191,-0.253,-0.339,0.255,-0.228,-0.033,-0.497,0.227,-0.629,0.001,0.245,0.425,-0.522,-0.102,-0.478,0.354,0.331,-0.464,0.498,-0.061,-0.231,0.355,0.241,-0.289,0.336,-0.427,0.144,-0.035,-0.531,-0.082,0.225,-0.604,0.703,-0.15,-0.412,-0.564,0.299,-0.19,-0.134,-0.505,0.446,0.118,-0.426,0.405,-0.401,-0.032,0.444,0.475,-0.321,-0.276,0.091,-0.483,-0.491,-0.27,-0.299,0.316,-0.012,0.012,-0.398,-0.39,0.259,0.368,0.296,0.563,0.588,-0.15,0.103,-0.427,-0.372,0.439,-0.358,-0.06,-0.32,-0.18,-0.354,-0.315,-0.415,-0.491,-0.087,0.494,-0.075,-0.529,-0.316,0.063,0.262,-0.446,-0.606,-0.177,0.561,-0.298,0.299,-0.552,-0.385,0.272,-0.064,-0.23,0.328,-0.511,-0.435,-0.276,0.129,-0.404,-0.244,0.104,-0.518,-0.448,0.299,-0.377,0.412,0.034,0.439,-0.482,0.376,0.368,-0.42,-0.489,0.237,0.283,0.577,-0.37,-0.149,0.13,0.338,-0.019,-0.084,0.423,-0.508,-0.486,0.536,-0.276,0.139,0.121,-0.345,-0.417,0.117,-0.413,-0.115,-0.415,0.525,-0.463,0.225,0.015,0.441,0.059,-0.12,0.409,-0.333,-0.486,-0.068,0.517,-0.287,0.036,-0.275,-0.372,-0.356,0.126,0.061,-0.021,0.023,-0.217,-0.548,0.004,0.189,-0.19,-0.352,0.496,0.369,0.353,0.312,0.3,-0.048,0.17,-0.367
ATOS,-0.021,-0.054,0.438,-0.164,-0.297,-0.467,0.488,0.448,0.399,0.429,-0.389,-0.417,0.259,-0.362,-0.208,0.375,0.096,0.309,0.361,1.0,-0.018,-0.417,0.398,0.165,0.422,0.13,-0.248,0.207,0.095,-0.479,0.647,-0.483,0.493,-0.352,-0.167,-0.447,0.441,0.102,0.453,-0.494,-0.178,-0.375,0.004,0.179,-0.281,0.348,-0.018,-0.342,0.469,0.558,-0.475,0.514,-0.537,0.535,0.316,-0.332,-0.006,0.366,-0.427,0.332,0.357,-0.479,-0.422,0.338,-0.426,0.354,-0.539,0.234,-0.002,0.112,0.483,0.072,-0.092,0.341,0.288,0.157,0.195,-0.123,-0.315,-0.309,-0.515,-0.234,0.097,0.046,-0.059,-0.143,-0.016,0.729,0.206,0.546,0.304,0.533,0.0,-0.056,-0.038,-0.122,0.268,-0.468,-0.217,0.162,-0.019,-0.482,-0.205,-0.36,-0.38,0.038,0.426,-0.307,-0.106,-0.492,-0.165,0.333,-0.435,-0.378,-0.031,0.399,-0.355,0.267,-0.211,-0.314,0.514,0.524,-0.42,0.533,-0.189,-0.384,-0.046,0.262,-0.152,0.289,-0.104,-0.202,-0.213,0.251,0.112,0.476,-0.358,0.538,-0.056,0.267,0.414,-0.255,-0.277,0.469,0.394,0.511,-0.499,-0.5,0.041,0.411,-0.534,-0.311,0.404,-0.218,-0.126,0.313,-0.072,0.164,0.533,-0.19,-0.313,0.123,-0.249,-0.434,-0.097,0.368,-0.444,-0.076,0.366,0.326,-0.358,0.183,0.575,-0.463,0.149,-0.541,0.403,-0.182,0.121,-0.31,0.132,-0.241,-0.399,-0.058,0.422,-0.044,-0.36,-0.498,-0.167,0.6,-0.511,-0.235,0.093,0.34,0.477,0.204,0.186,-0.16,0.531,-0.401
AUPH,0.168,0.15,-0.017,0.27,-0.116,0.161,-0.045,-0.285,0.104,-0.614,0.081,-0.0,0.149,-0.115,0.064,0.013,0.183,0.439,-0.593,-0.018,1.0,0.161,0.324,-0.0,-0.054,-0.626,-0.49,0.507,0.439,-0.089,0.092,0.048,0.31,0.211,-0.524,0.346,0.371,-0.337,-0.348,0.202,-0.079,0.097,-0.43,-0.066,0.138,-0.379,0.421,-0.099,-0.149,0.006,0.004,-0.018,-0.04,0.072,0.163,0.283,-0.005,0.042,0.357,-0.506,0.324,0.092,0.243,-0.053,0.015,0.263,0.009,-0.511,-0.381,0.228,-0.437,0.56,-0.008,-0.395,-0.3,0.463,0.49,-0.337,0.311,0.349,-0.25,0.129,-0.546,0.143,0.051,0.189,0.483,0.254,-0.329,0.011,-0.505,-0.068,0.046,-0.556,0.44,0.135,-0.366,0.105,-0.075,0.467,0.236,0.231,0.018,-0.023,0.157,-0.035,-0.208,-0.31,0.512,0.004,-0.354,-0.05,0.096,0.353,0.189,-0.279,0.112,-0.31,0.421,0.27,-0.078,0.388,-0.268,-0.305,0.267,0.173,0.19,-0.138,0.11,0.476,-0.27,0.202,0.216,-0.253,0.397,-0.139,-0.183,-0.256,0.434,-0.443,-0.159,0.25,0.298,0.134,-0.098,-0.183,-0.048,0.124,-0.074,0.055,-0.155,-0.149,-0.191,0.371,0.425,-0.237,0.187,-0.239,0.18,0.134,0.032,-0.115,0.167,-0.313,0.191,-0.308,0.149,-0.297,0.262,-0.337,-0.397,0.151,-0.117,0.104,0.708,-0.282,-0.369,0.15,0.146,-0.177,0.391,0.083,-0.459,-0.117,0.12,-0.161,-0.204,0.152,-0.328,0.121,-0.187,-0.006,-0.436,0.024,-0.127,-0.436,-0.006,-0.141,-0.017,0.073
AVGO,0.539,0.398,-0.721,0.73,0.731,0.637,-0.459,-0.469,-0.022,-0.482,0.849,0.851,0.218,0.67,0.663,-0.762,-0.599,-0.111,-0.484,-0.417,0.161,1.0,-0.329,-0.693,-0.691,-0.436,0.277,-0.125,0.344,0.633,-0.483,0.676,-0.32,0.755,0.183,0.761,-0.229,0.19,-0.634,0.832,0.591,0.52,0.314,-0.268,0.581,-0.561,-0.393,0.662,-0.679,-0.683,0.799,-0.622,0.599,-0.417,-0.46,0.663,-0.068,-0.421,0.75,-0.403,0.191,0.649,0.674,-0.769,0.668,0.287,0.708,-0.281,0.114,0.622,-0.316,-0.002,0.613,-0.465,-0.595,0.475,0.357,0.05,0.76,0.746,0.638,0.77,-0.176,0.531,0.488,0.563,0.598,-0.394,0.231,-0.627,-0.565,-0.534,0.607,-0.016,0.5,0.71,-0.493,0.73,0.589,0.258,0.431,0.696,0.821,0.736,0.663,0.609,-0.698,0.512,0.531,0.779,0.219,-0.675,0.856,0.82,0.532,-0.602,0.737,0.209,0.563,0.071,-0.624,-0.14,0.501,-0.052,0.55,0.816,0.606,0.197,0.772,-0.119,0.394,0.726,0.616,0.189,0.532,-0.096,0.463,-0.638,0.547,-0.437,-0.737,0.657,0.648,-0.176,-0.72,-0.718,0.744,0.608,-0.274,-0.583,0.68,0.628,-0.777,0.629,0.528,-0.619,0.539,0.113,-0.213,0.681,0.739,0.153,0.738,0.43,0.54,-0.736,0.691,0.322,-0.148,-0.448,0.501,0.315,-0.425,0.672,0.338,0.621,-0.133,0.672,-0.487,0.545,0.524,0.72,0.129,0.446,-0.128,0.487,0.678,0.69,0.309,-0.181,0.713,0.734,-0.459,-0.256,-0.646,0.252,-0.723,0.406,-0.493,0.87
AZN,0.295,-0.125,0.367,-0.258,-0.423,-0.306,0.399,-0.011,0.35,-0.1,-0.298,-0.333,0.53,-0.385,-0.176,0.3,0.338,0.622,-0.061,0.398,0.324,-0.329,1.0,0.185,0.351,-0.354,-0.543,0.195,0.1,-0.369,0.513,-0.376,0.889,-0.187,-0.44,-0.243,0.626,-0.211,0.05,-0.309,-0.421,-0.287,-0.256,0.371,0.158,-0.015,0.263,-0.448,0.264,0.562,-0.3,0.439,-0.464,0.352,0.238,-0.143,-0.012,-0.005,-0.166,-0.086,0.449,-0.489,-0.123,0.325,-0.11,0.239,-0.348,-0.222,-0.566,0.036,-0.019,0.47,-0.19,-0.223,0.143,0.34,0.19,-0.27,-0.175,-0.124,-0.461,-0.16,-0.48,0.152,0.029,0.269,0.154,0.66,-0.167,0.793,-0.029,0.329,0.063,-0.527,0.113,0.004,-0.211,-0.378,-0.062,0.526,0.312,-0.328,-0.229,-0.381,-0.132,-0.379,0.214,-0.509,0.011,-0.308,-0.612,0.234,-0.283,-0.128,0.225,0.218,-0.28,-0.171,0.095,-0.276,0.432,0.553,-0.52,0.024,0.002,-0.127,-0.026,0.011,-0.081,0.377,-0.383,-0.165,-0.062,-0.067,0.203,0.193,-0.533,0.258,-0.016,-0.274,0.246,0.031,-0.256,0.424,0.312,0.185,-0.333,-0.226,0.094,0.483,-0.474,-0.174,0.265,0.064,-0.048,0.215,0.193,-0.001,0.592,-0.033,-0.335,-0.149,-0.078,-0.458,0.078,0.177,-0.225,-0.322,0.749,-0.183,-0.401,0.2,0.367,-0.407,0.308,-0.529,-0.088,0.074,0.088,-0.316,0.342,-0.268,-0.588,0.094,0.228,-0.197,-0.45,-0.339,-0.399,0.34,-0.431,-0.321,-0.126,0.244,0.453,-0.287,0.171,-0.514,0.252,-0.284
BCRX,-0.529,-0.483,0.715,-0.569,-0.606,-0.595,0.497,0.328,-0.039,0.286,-0.747,-0.656,-0.36,-0.6,-0.553,0.923,0.784,0.083,0.295,0.165,-0.0,-0.693,0.185,1.0,0.828,0.228,-0.409,0.178,-0.346,-0.614,0.288,-0.58,0.153,-0.647,-0.194,-0.57,0.203,-0.228,0.685,-0.652,-0.595,-0.423,-0.373,0.206,-0.598,0.534,0.426,-0.619,0.764,0.545,-0.609,0.692,-0.475,0.362,0.517,-0.577,0.105,0.361,-0.576,0.18,-0.308,-0.456,-0.565,0.906,-0.497,-0.277,-0.593,0.185,-0.081,-0.657,0.286,0.115,-0.501,0.281,0.555,-0.247,-0.412,-0.06,-0.611,-0.571,-0.581,-0.61,0.135,-0.549,-0.594,-0.642,-0.532,0.178,-0.429,0.526,0.338,0.479,-0.527,-0.114,-0.385,-0.673,0.527,-0.739,-0.44,-0.139,-0.508,-0.636,-0.652,-0.643,-0.638,-0.651,0.746,-0.462,-0.473,-0.658,-0.314,0.753,-0.662,-0.609,-0.536,0.404,-0.715,-0.369,-0.557,-0.003,0.548,0.335,-0.603,-0.143,-0.409,-0.637,-0.622,-0.137,-0.675,0.36,-0.42,-0.668,-0.583,-0.348,-0.347,-0.1,-0.349,0.521,-0.394,0.31,0.768,-0.645,-0.583,0.177,0.676,0.559,-0.64,-0.507,0.483,0.775,-0.504,-0.624,0.754,-0.653,-0.351,0.654,-0.5,-0.169,0.07,-0.637,-0.614,-0.202,-0.596,-0.457,-0.622,0.576,-0.686,-0.312,0.06,0.372,-0.539,-0.403,0.309,-0.702,-0.232,-0.503,0.094,-0.584,0.468,-0.561,-0.403,-0.676,0.023,-0.457,0.15,-0.486,-0.542,-0.621,-0.379,0.127,-0.559,-0.57,0.49,0.176,0.595,-0.305,0.96,-0.325,0.493,-0.667
BGC,-0.505,-0.368,0.753,-0.57,-0.546,-0.679,0.646,0.337,0.313,0.419,-0.747,-0.65,-0.138,-0.693,-0.512,0.847,0.753,0.238,0.303,0.422,-0.054,-0.691,0.351,0.828,1.0,0.204,-0.445,0.236,-0.21,-0.644,0.498,-0.715,0.338,-0.703,-0.248,-0.631,0.373,-0.223,0.79,-0.656,-0.611,-0.316,-0.327,0.127,-0.507,0.612,0.348,-0.644,0.874,0.731,-0.667,0.773,-0.544,0.501,0.641,-0.558,0.094,0.383,-0.481,0.178,-0.051,-0.545,-0.532,0.854,-0.605,-0.087,-0.633,0.258,-0.156,-0.502,0.449,0.254,-0.504,0.249,0.544,-0.149,-0.263,-0.172,-0.533,-0.495,-0.655,-0.643,0.111,-0.436,-0.605,-0.521,-0.505,0.425,-0.389,0.636,0.381,0.593,-0.466,-0.079,-0.315,-0.55,0.545,-0.818,-0.528,0.02,-0.459,-0.782,-0.561,-0.744,-0.612,-0.596,0.78,-0.518,-0.482,-0.765,-0.415,0.796,-0.704,-0.5,-0.515,0.389,-0.751,-0.315,-0.489,-0.069,0.735,0.499,-0.629,0.032,-0.305,-0.634,-0.545,0.032,-0.594,0.43,-0.465,-0.59,-0.521,-0.253,-0.198,-0.013,-0.465,0.742,-0.27,0.296,0.856,-0.561,-0.605,0.234,0.803,0.696,-0.661,-0.601,0.425,0.739,-0.67,-0.659,0.819,-0.588,-0.187,0.575,-0.407,-0.126,0.249,-0.565,-0.598,-0.182,-0.561,-0.535,-0.473,0.659,-0.747,-0.401,0.197,0.327,-0.62,-0.267,0.536,-0.744,-0.092,-0.644,0.281,-0.585,0.447,-0.555,-0.192,-0.682,-0.184,-0.403,0.294,-0.425,-0.637,-0.68,-0.389,0.334,-0.665,-0.596,0.484,0.162,0.803,-0.219,0.823,-0.402,0.659,-0.703
BIDU,-0.462,-0.173,0.277,-0.366,-0.095,-0.259,0.024,0.49,-0.166,0.593,-0.371,-0.42,-0.328,-0.208,-0.274,0.215,0.074,-0.392,0.517,0.13,-0.626,-0.436,-0.354,0.228,0.204,1.0,0.53,-0.19,-0.528,-0.211,-0.092,-0.266,-0.33,-0.388,0.387,-0.439,-0.297,0.277,0.486,-0.364,-0.072,-0.202,0.131,-0.001,-0.437,0.528,-0.169,-0.064,0.321,0.155,-0.304,0.191,-0.193,0.05,0.108,-0.344,0.141,0.346,-0.574,0.543,-0.446,-0.23,-0.393,0.263,-0.362,-0.281,-0.232,0.636,0.415,-0.43,0.473,-0.511,-0.173,0.623,0.412,-0.571,-0.414,0.461,-0.566,-0.575,-0.06,-0.364,0.62,-0.465,-0.237,-0.479,-0.562,-0.137,0.139,-0.005,0.824,0.123,-0.269,0.616,-0.589,-0.29,0.531,-0.309,-0.257,-0.616,-0.48,-0.353,-0.397,-0.249,-0.303,-0.07,0.321,0.087,-0.541,-0.239,0.528,0.304,-0.382,-0.588,-0.429,0.44,-0.34,0.198,-0.556,0.009,0.281,-0.309,0.169,0.322,-0.393,-0.501,-0.313,0.08,-0.461,-0.279,0.064,-0.397,-0.333,0.244,-0.596,0.189,0.11,0.359,-0.455,0.694,0.343,-0.533,-0.453,0.003,0.326,0.376,-0.273,-0.422,0.126,0.038,-0.167,-0.241,0.474,-0.497,-0.526,0.383,-0.433,0.181,-0.095,-0.437,-0.285,0.243,-0.447,0.117,-0.294,0.628,-0.269,0.159,-0.391,0.632,0.062,-0.338,0.068,-0.198,-0.624,-0.071,0.422,-0.399,0.208,-0.09,-0.601,-0.172,0.416,-0.166,-0.012,0.122,-0.062,-0.309,0.364,-0.146,-0.141,-0.305,0.51,0.15,0.198,0.41,0.274,0.142,0.185,-0.423
BILI,-0.028,-0.007,-0.504,0.074,0.448,0.408,-0.394,0.011,-0.05,0.123,0.391,0.324,-0.014,0.281,0.266,-0.449,-0.4,-0.541,0.042,-0.248,-0.49,0.277,-0.543,-0.409,-0.445,0.53,1.0,-0.368,-0.165,0.453,-0.543,0.371,-0.514,0.192,0.566,0.284,-0.485,0.35,-0.129,0.256,0.426,0.252,0.395,-0.202,0.228,-0.119,-0.56,0.56,-0.35,-0.435,0.333,-0.495,0.434,-0.466,-0.418,0.265,0.148,-0.117,0.085,0.069,-0.282,0.302,0.263,-0.486,0.188,-0.144,0.46,0.404,0.439,0.149,0.09,-0.464,0.211,0.215,-0.147,-0.245,-0.03,0.416,0.005,-0.061,0.562,0.24,0.44,-0.021,0.142,0.097,-0.055,-0.471,0.281,-0.557,0.426,-0.386,0.122,0.716,-0.121,0.256,0.091,0.376,0.231,-0.516,0.097,0.328,0.293,0.532,0.441,0.332,-0.31,0.524,0.099,0.387,0.731,-0.417,0.302,0.049,0.029,-0.209,0.369,0.262,-0.045,0.04,-0.394,-0.511,0.787,0.193,0.079,0.212,0.232,0.056,0.207,-0.439,0.475,0.27,0.213,0.386,-0.215,0.084,0.56,-0.198,0.025,0.371,-0.338,-0.021,0.211,-0.308,-0.362,-0.343,0.437,0.209,0.032,-0.535,0.46,0.472,-0.221,0.112,-0.123,-0.33,0.02,0.074,-0.237,0.177,0.404,0.418,0.182,0.58,0.35,-0.004,0.454,0.415,-0.429,0.106,0.589,-0.101,-0.466,0.396,-0.396,0.523,0.102,0.109,-0.24,0.534,-0.198,0.461,0.497,0.327,-0.229,0.451,0.563,0.449,0.58,-0.392,0.495,0.293,0.056,-0.076,-0.284,0.594,-0.44,0.573,-0.391,0.343
BKR,-0.165,0.116,0.263,0.06,-0.22,-0.021,0.172,-0.114,0.252,-0.191,-0.224,-0.259,-0.017,-0.413,-0.154,0.234,0.232,0.351,-0.191,0.207,0.507,-0.125,0.195,0.178,0.236,-0.19,-0.368,1.0,0.247,-0.234,0.329,-0.114,0.177,-0.196,-0.358,0.041,0.384,-0.356,0.134,-0.05,-0.115,0.05,-0.447,-0.244,0.025,-0.095,0.526,-0.379,0.242,0.271,-0.35,0.321,-0.106,0.512,0.465,0.005,-0.145,0.105,0.049,-0.256,0.22,-0.11,-0.05,0.196,-0.349,0.332,-0.282,-0.112,-0.311,0.075,-0.06,0.402,-0.295,-0.116,-0.096,0.251,0.232,-0.322,-0.002,0.073,-0.437,-0.219,-0.365,0.016,-0.076,-0.135,0.259,0.308,-0.196,0.086,-0.215,0.129,-0.193,-0.316,0.207,-0.001,0.081,-0.122,-0.393,0.158,-0.1,-0.1,-0.241,-0.3,-0.083,-0.083,0.194,-0.315,0.185,-0.222,-0.293,0.311,-0.142,0.065,-0.079,-0.008,-0.201,-0.238,0.294,0.437,0.276,0.548,-0.363,-0.018,0.212,-0.14,-0.077,-0.217,-0.229,0.605,-0.316,-0.053,-0.001,-0.088,0.246,0.032,-0.054,0.301,0.305,-0.085,0.254,0.098,0.016,0.262,0.283,0.273,-0.275,-0.148,0.141,0.178,-0.353,-0.37,0.24,0.003,0.197,-0.088,-0.087,-0.279,0.093,-0.161,-0.167,-0.017,-0.146,-0.377,0.084,0.103,-0.244,-0.452,0.025,0.014,-0.448,0.132,0.07,0.035,0.525,-0.36,-0.169,-0.154,0.544,-0.399,0.221,-0.161,-0.265,-0.367,0.529,-0.339,-0.447,-0.079,-0.439,0.309,-0.362,-0.101,-0.075,0.041,0.238,-0.374,0.179,-0.26,0.375,-0.209
BLDP,0.291,0.239,-0.267,0.271,0.063,0.283,-0.191,-0.405,0.381,-0.363,0.301,0.365,0.301,0.158,0.223,-0.206,-0.167,0.364,-0.253,0.095,0.439,0.344,0.1,-0.346,-0.21,-0.528,-0.165,0.247,1.0,0.324,0.013,0.334,0.113,0.338,-0.109,0.453,0.426,-0.272,-0.359,0.371,0.086,0.294,0.176,-0.337,0.34,-0.524,-0.037,0.144,-0.258,-0.184,0.254,-0.212,0.198,-0.093,0.007,0.555,-0.1,-0.298,0.585,-0.391,0.559,0.163,0.572,-0.295,0.238,0.403,0.207,-0.418,-0.265,0.523,-0.376,0.537,0.221,-0.46,-0.519,0.584,0.722,-0.465,0.542,0.521,0.07,0.326,-0.472,0.541,0.285,0.349,0.64,0.153,0.03,-0.226,-0.405,0.055,0.199,-0.271,0.713,0.308,-0.258,0.338,0.124,0.495,0.405,0.392,0.426,0.176,0.332,0.379,-0.235,0.071,0.561,0.219,-0.229,-0.265,0.349,0.566,0.429,-0.519,0.383,0.066,0.599,0.132,-0.158,0.351,-0.026,-0.063,0.552,0.433,0.531,-0.047,0.437,0.39,-0.073,0.553,0.453,-0.06,0.545,-0.186,0.204,-0.274,0.695,-0.498,-0.321,0.452,0.745,-0.206,-0.267,-0.219,0.199,0.444,-0.091,-0.163,0.225,0.259,-0.356,0.449,0.761,-0.312,0.347,-0.303,0.172,0.364,0.368,0.049,0.337,0.046,0.537,-0.367,0.28,0.035,0.13,-0.521,0.037,0.204,-0.016,0.356,0.668,0.116,-0.327,0.334,-0.208,0.257,0.476,0.269,-0.421,0.222,0.21,0.029,0.091,0.33,-0.145,0.199,0.171,0.29,-0.372,-0.062,-0.065,-0.171,-0.302,-0.074,-0.176,0.43
BLNK,0.275,0.33,-0.708,0.368,0.473,0.594,-0.6,-0.475,-0.007,-0.324,0.642,0.717,0.141,0.5,0.358,-0.637,-0.528,-0.369,-0.339,-0.479,-0.089,0.633,-0.369,-0.614,-0.644,-0.211,0.453,-0.234,0.324,1.0,-0.534,0.668,-0.364,0.601,0.518,0.722,-0.308,-0.029,-0.535,0.678,0.43,0.674,0.544,-0.357,0.45,-0.551,-0.444,0.54,-0.583,-0.59,0.61,-0.691,0.832,-0.415,-0.458,0.579,-0.022,-0.417,0.53,-0.389,-0.02,0.629,0.613,-0.629,0.471,0.044,0.78,-0.171,0.246,0.45,-0.393,-0.149,0.365,-0.332,-0.379,0.037,0.23,0.069,0.449,0.39,0.853,0.509,-0.021,0.338,0.246,0.486,0.371,-0.521,0.13,-0.58,-0.35,-0.542,0.251,0.333,0.302,0.368,-0.265,0.637,0.33,-0.087,0.383,0.606,0.583,0.631,0.557,0.507,-0.588,0.633,0.308,0.613,0.308,-0.613,0.635,0.527,0.288,-0.626,0.778,0.107,0.49,0.248,-0.571,-0.391,0.711,-0.115,0.4,0.585,0.387,-0.053,0.561,-0.291,0.368,0.587,0.463,0.025,0.174,-0.299,0.602,-0.557,0.29,-0.213,-0.661,0.448,0.615,-0.586,-0.573,-0.589,0.681,0.574,-0.151,-0.654,0.704,0.739,-0.68,0.452,0.329,-0.587,0.204,-0.064,-0.311,0.409,0.593,0.031,0.445,0.811,0.556,-0.566,0.753,0.239,-0.297,-0.437,0.826,0.025,-0.45,0.672,0.046,0.847,-0.309,0.389,-0.393,0.767,0.091,0.539,0.192,0.389,-0.15,0.249,0.566,0.75,0.416,-0.214,0.696,0.654,-0.306,-0.395,-0.521,0.122,-0.627,0.33,-0.413,0.688
