,AAL,AAPL,ABUS,ADBE,ADI,ADMA,AEP,AGNC,AKBA,ALT,AMAT,AMD,AMGN,AMZN,APA,APPS,ARCC,ARDX,ATER,ATOS,AUPH,AVGO,AZN,BCRX,BGC,BIDU,BILI,BKR,BLDP,BLNK,BYND,CAN,CELH,CG,CGC,CHRD,CLNE,CMCSA,COMM,COST,CPB,CPRT,CRON,CRWD,CSCO,CSGP,CSX,CTSH,CZR,DBX,DDOG,DKNG,DLTR,DOCU,DVAX,DXCM,EA,EBAY,ENPH,ERIC,ESPR,ETSY,EXC,EXEL,EXPE,FANG,FAST,FITB,FLEX,FOLD,FOXA,FSLR,FTNT,FUTU,GEN,GERN,GEVO,GILD,GOOG,GOOGL,GPRO,GT,HBAN,HIVE,HON,HST,HUT,IBRX,INTC,IOVA,IQ,IRWD,JBLU,JD,KDP,KHC,LBTYK,LRCX,LYFT,MAR,MARA,MAT,MCHP,MCRB,MDLZ,META,MGNI,MLCO,MNKD,MNST,MOMO,MRNA,MRVL,MSFT,MSTR,MTCH,MU,MVIS,NDAQ,NFLX,NKTR,NNDM,NTES,NTNX,NVAX,NVDA,NWL,NWSA,NXPI,OCGN,OKTA,ON,OPK,PAA,PACB,PAGP,PANW,PARA,PCAR,PDD,PENN,PEP,PLUG,PTEN,PTON,PYPL,QCOM,QUBT,QVCGA,RDFN,REAL,RIOT,ROKU,ROST,RUN,SABR,SAVA,SBUX,SFIX,SGMO,SIRI,SLM,SMCI,SNDL,SONO,STNE,STX,TCOM,TGTX,TIGR,TLRY,TMUS,TRIP,TSCO,TSLA,TTD,TXN,UAL,UNIT,VERU,VKTX,VLY,VOD,VTRS,VXRT,WBA,WBD,WDAY,WDC,WEN,WW,WYNN,XEL,XP,XRAY,XRX,Z,ZION,ZM,ZS
AAL,1.0,-0.677,0.38,-0.678,-0.591,-0.402,-0.517,-0.402,-0.147,0.23,-0.583,-0.685,0.196,-0.509,-0.729,-0.596,-0.711,0.47,0.595,0.566,-0.459,-0.685,-0.499,-0.636,-0.359,-0.58,-0.59,0.095,-0.636,-0.428,0.334,-0.527,-0.273,-0.663,0.022,-0.62,-0.528,0.433,0.614,-0.658,0.618,-0.665,0.113,-0.581,-0.484,-0.412,-0.617,-0.617,0.53,-0.688,-0.642,0.485,-0.584,-0.605,-0.403,-0.522,-0.004,-0.545,-0.634,0.198,0.573,-0.688,-0.627,-0.417,0.611,-0.458,-0.767,-0.261,0.063,0.156,0.202,-0.657,-0.631,0.495,-0.524,-0.641,-0.412,0.223,-0.546,-0.495,0.343,-0.233,-0.327,-0.518,-0.158,-0.39,-0.565,0.687,0.56,0.318,-0.5,0.503,0.762,-0.622,-0.454,0.524,0.186,-0.133,0.591,-0.205,-0.636,-0.547,-0.22,0.351,-0.623,0.287,0.111,-0.627,0.222,0.652,-0.662,-0.399,-0.622,-0.683,-0.584,-0.217,0.228,0.576,-0.52,-0.518,0.533,-0.417,-0.675,0.572,0.578,-0.564,-0.193,0.275,-0.434,-0.494,-0.62,-0.23,-0.099,-0.282,-0.411,-0.315,-0.396,0.582,-0.715,-0.268,-0.037,-0.706,-0.674,0.326,-0.541,0.489,-0.537,0.181,-0.001,-0.602,-0.457,-0.33,-0.13,-0.47,-0.742,0.541,0.75,-0.178,0.406,0.568,0.214,-0.325,0.578,-0.214,-0.265,-0.356,-0.329,0.439,0.272,0.432,0.035,0.594,0.523,-0.551,-0.552,-0.399,-0.006,0.819,-0.45,0.355,0.344,0.107,0.253,-0.081,0.52,-0.259,0.56,-0.645,0.179,-0.2,0.398,-0.584,-0.312,0.682,0.117,0.502,-0.524,-0.227,-0.544,-0.711
AAPL,-0.677,1.0,-0.379,0.793,0.678,0.455,0.643,0.613,0.077,-0.396,0.67,0.733,0.115,0.788,0.608,0.621,0.632,-0.338,-0.467,-0.619,0.535,0.728,0.621,0.402,0.345,0.617,0.656,-0.204,0.677,0.527,-0.347,0.65,0.218,0.772,0.06,0.666,0.428,-0.258,-0.465,0.786,-0.68,0.855,0.106,0.642,0.693,0.556,0.703,0.714,-0.506,0.744,0.682,-0.481,0.791,0.741,0.493,0.673,0.294,0.578,0.58,-0.382,-0.617,0.72,0.816,0.373,-0.607,0.383,0.686,0.544,0.06,-0.363,-0.136,0.601,0.729,-0.524,0.659,0.641,0.378,-0.22,0.566,0.486,-0.189,0.443,0.502,0.754,0.434,0.712,0.661,-0.736,-0.459,-0.35,0.393,-0.519,-0.592,0.524,0.186,-0.52,0.03,0.319,-0.671,0.195,0.706,0.639,0.465,-0.477,0.571,-0.059,-0.138,0.535,-0.473,-0.582,0.606,0.543,0.698,0.73,0.519,0.31,-0.069,-0.364,0.528,0.563,-0.482,0.468,0.584,-0.389,-0.645,0.696,0.435,-0.241,0.64,0.42,0.616,0.476,0.035,0.322,0.582,0.39,0.229,-0.638,0.617,0.161,0.162,0.72,0.658,-0.039,0.654,-0.504,0.745,-0.119,0.192,0.639,0.638,0.509,0.256,0.733,0.68,-0.455,-0.745,0.445,-0.35,-0.642,-0.065,0.576,-0.482,0.155,0.41,0.481,0.491,-0.542,-0.243,-0.458,0.197,-0.521,-0.523,0.733,0.584,0.407,0.146,-0.715,0.576,-0.486,-0.627,0.125,0.091,0.214,-0.5,0.202,-0.449,0.748,0.11,0.381,-0.493,0.42,0.381,-0.621,0.178,-0.482,0.448,0.44,0.654,0.731
ABUS,0.38,-0.379,1.0,-0.23,-0.369,-0.395,-0.431,-0.17,-0.04,0.358,-0.322,-0.369,-0.175,-0.207,-0.154,-0.111,-0.399,0.013,0.379,0.234,-0.386,-0.447,-0.373,-0.141,-0.162,-0.209,-0.246,0.177,-0.275,-0.268,0.337,-0.407,-0.126,-0.383,0.013,-0.442,-0.069,0.087,0.294,-0.394,0.248,-0.355,-0.034,-0.208,-0.278,-0.157,-0.391,-0.265,0.415,-0.213,-0.287,0.324,-0.428,-0.352,-0.397,-0.356,-0.16,-0.285,-0.334,0.323,0.185,-0.4,-0.377,-0.093,0.23,-0.144,-0.196,-0.29,0.101,0.297,0.154,-0.288,-0.31,0.19,-0.293,-0.288,-0.271,0.167,-0.321,-0.305,0.255,-0.313,-0.194,-0.422,-0.193,-0.247,-0.383,0.358,0.266,0.365,-0.065,0.328,0.365,-0.046,-0.024,0.226,0.064,-0.094,0.28,-0.168,-0.331,-0.439,-0.334,0.35,-0.286,0.087,0.206,-0.032,0.154,0.113,-0.23,-0.014,-0.176,-0.4,-0.161,-0.126,-0.229,0.223,-0.304,-0.467,0.396,-0.343,-0.131,0.368,0.222,-0.387,-0.216,0.085,-0.48,-0.282,-0.125,-0.42,-0.022,-0.047,-0.32,-0.102,0.012,0.312,-0.387,0.024,0.213,-0.241,-0.288,-0.008,-0.255,0.276,-0.316,-0.161,-0.334,-0.223,-0.339,-0.137,0.103,-0.374,-0.248,0.43,0.444,-0.066,0.092,0.272,-0.169,-0.438,0.062,-0.043,-0.236,-0.215,-0.393,0.267,0.246,0.159,-0.051,0.197,0.381,-0.378,-0.429,-0.048,-0.126,0.288,-0.463,0.261,0.184,-0.234,0.023,-0.236,0.26,-0.059,0.173,-0.334,-0.034,-0.453,0.41,0.006,-0.116,0.368,-0.228,0.175,-0.318,-0.384,-0.222,-0.234
ADBE,-0.678,0.793,-0.23,1.0,0.693,0.445,0.565,0.544,0.159,-0.388,0.746,0.782,0.022,0.635,0.778,0.748,0.672,-0.44,-0.429,-0.634,0.503,0.764,0.601,0.572,0.454,0.599,0.715,-0.092,0.746,0.571,-0.291,0.594,0.299,0.797,0.132,0.67,0.489,-0.456,-0.443,0.762,-0.705,0.838,0.109,0.827,0.695,0.52,0.741,0.704,-0.49,0.887,0.82,-0.382,0.727,0.743,0.434,0.629,0.251,0.54,0.568,-0.277,-0.625,0.693,0.826,0.411,-0.65,0.426,0.794,0.459,-0.017,-0.258,-0.106,0.565,0.834,-0.625,0.592,0.645,0.351,-0.39,0.525,0.458,-0.141,0.522,0.503,0.619,0.372,0.653,0.667,-0.713,-0.493,-0.305,0.52,-0.594,-0.661,0.667,0.285,-0.578,-0.078,0.25,-0.646,0.175,0.726,0.676,0.427,-0.328,0.656,-0.094,-0.015,0.577,-0.482,-0.678,0.663,0.735,0.812,0.708,0.495,0.296,-0.236,-0.606,0.541,0.562,-0.503,0.569,0.661,-0.297,-0.641,0.755,0.369,-0.266,0.618,0.556,0.757,0.408,0.031,0.372,0.667,0.449,0.4,-0.694,0.724,0.319,0.253,0.774,0.758,-0.079,0.663,-0.532,0.816,-0.274,0.142,0.739,0.688,0.473,0.287,0.706,0.736,-0.403,-0.67,0.228,-0.325,-0.699,-0.165,0.532,-0.625,0.146,0.475,0.455,0.493,-0.541,-0.049,-0.514,0.223,-0.614,-0.485,0.665,0.622,0.558,0.056,-0.738,0.511,-0.35,-0.534,0.025,-0.127,0.092,-0.434,0.355,-0.518,0.773,-0.183,0.358,-0.365,0.501,0.476,-0.615,0.008,-0.488,0.384,0.413,0.824,0.881
ADI,-0.591,0.678,-0.369,0.693,1.0,0.297,0.663,0.666,0.177,-0.228,0.7,0.784,0.112,0.543,0.685,0.495,0.591,-0.368,-0.271,-0.501,0.353,0.709,0.455,0.468,0.538,0.632,0.678,-0.125,0.494,0.264,-0.252,0.591,0.155,0.6,0.34,0.475,0.308,-0.148,-0.285,0.596,-0.526,0.755,0.332,0.675,0.531,0.73,0.62,0.739,-0.414,0.718,0.731,-0.39,0.47,0.662,0.33,0.37,0.263,0.587,0.464,-0.248,-0.574,0.572,0.594,0.254,-0.625,0.398,0.642,0.667,0.201,-0.385,0.136,0.387,0.674,-0.42,0.721,0.473,0.262,-0.225,0.424,0.361,0.034,0.592,0.688,0.698,0.462,0.535,0.538,-0.582,-0.268,-0.257,0.494,-0.447,-0.485,0.599,0.038,-0.395,0.194,0.2,-0.452,-0.035,0.635,0.543,0.626,-0.492,0.4,0.006,0.007,0.484,-0.564,-0.492,0.629,0.471,0.572,0.608,0.441,0.507,-0.074,-0.391,0.399,0.408,-0.443,0.382,0.564,-0.256,-0.641,0.476,0.409,0.108,0.682,0.274,0.699,0.303,-0.157,0.51,0.479,0.57,0.27,-0.389,0.511,0.435,0.254,0.558,0.547,0.172,0.648,-0.261,0.687,-0.444,0.281,0.503,0.581,0.604,0.275,0.536,0.577,-0.385,-0.644,0.406,-0.309,-0.636,-0.002,0.672,-0.578,0.244,0.409,0.736,0.366,-0.433,-0.19,-0.291,0.377,-0.376,-0.41,0.557,0.42,0.571,0.57,-0.635,0.529,-0.419,-0.513,0.211,0.085,0.486,-0.415,0.496,-0.242,0.644,0.106,0.465,-0.327,0.35,0.475,-0.527,0.255,-0.185,0.135,0.589,0.74,0.606
ADMA,-0.402,0.455,-0.395,0.445,0.297,1.0,0.422,0.057,-0.09,-0.66,0.538,0.563,0.009,0.166,0.301,0.261,0.611,0.007,-0.634,-0.617,0.757,0.617,0.617,0.222,-0.001,0.149,0.264,-0.183,0.406,0.44,-0.526,0.613,0.393,0.628,-0.353,0.69,0.082,-0.421,-0.645,0.676,-0.555,0.515,-0.241,0.349,0.445,0.064,0.665,0.245,-0.558,0.35,0.406,-0.369,0.621,0.555,0.678,0.499,0.413,0.296,0.578,-0.721,-0.5,0.599,0.548,0.096,-0.411,-0.025,0.324,0.138,-0.426,-0.407,-0.507,0.532,0.332,-0.448,0.29,0.578,0.2,-0.336,0.354,0.369,-0.482,0.374,-0.041,0.502,0.024,0.418,0.452,-0.667,-0.616,-0.536,-0.02,-0.647,-0.6,0.028,-0.008,-0.433,-0.436,0.239,-0.615,0.195,0.369,0.691,0.168,-0.323,0.435,-0.467,-0.45,0.016,-0.213,-0.256,0.352,0.383,0.379,0.572,0.003,0.257,0.128,-0.529,0.398,0.762,-0.571,0.49,0.237,-0.437,-0.34,0.73,-0.049,-0.453,0.429,0.526,0.137,0.409,-0.242,-0.045,0.543,0.09,0.022,-0.59,0.434,-0.14,-0.395,0.407,0.475,-0.018,0.493,-0.522,0.397,0.005,0.047,0.371,0.519,-0.049,-0.331,0.592,0.473,-0.717,-0.54,-0.018,-0.18,-0.583,0.022,0.575,-0.211,0.031,0.238,0.109,0.779,-0.7,-0.414,-0.296,-0.055,-0.366,-0.708,0.689,0.76,0.039,-0.274,-0.372,0.853,-0.483,-0.279,-0.037,0.028,-0.241,-0.393,-0.114,-0.506,0.536,-0.153,0.215,-0.554,0.204,-0.001,-0.492,-0.17,-0.616,0.516,0.305,0.362,0.489
AEP,-0.517,0.643,-0.431,0.565,0.663,0.422,1.0,0.457,0.116,-0.328,0.62,0.697,0.324,0.4,0.398,0.352,0.522,-0.218,-0.383,-0.474,0.465,0.678,0.494,0.185,0.401,0.363,0.487,-0.391,0.421,0.33,-0.386,0.562,0.249,0.559,0.138,0.493,0.163,0.069,-0.199,0.653,-0.36,0.71,0.21,0.482,0.542,0.518,0.517,0.508,-0.372,0.563,0.583,-0.374,0.602,0.688,0.415,0.531,0.334,0.492,0.54,-0.414,-0.468,0.582,0.665,0.102,-0.57,0.072,0.481,0.567,-0.017,-0.336,0.013,0.407,0.578,-0.396,0.579,0.535,0.226,-0.166,0.437,0.375,-0.086,0.488,0.512,0.558,0.328,0.437,0.348,-0.577,-0.373,-0.277,0.221,-0.45,-0.39,0.308,0.089,-0.181,0.209,0.073,-0.484,-0.002,0.383,0.484,0.633,-0.423,0.567,0.03,-0.206,0.236,-0.316,-0.362,0.367,0.311,0.541,0.652,0.177,0.324,0.176,-0.255,0.297,0.482,-0.519,0.49,0.443,-0.047,-0.533,0.589,0.436,-0.01,0.748,0.349,0.485,0.453,-0.009,0.191,0.605,0.195,0.1,-0.462,0.523,0.114,0.006,0.547,0.386,0.066,0.63,-0.434,0.651,-0.095,0.433,0.567,0.649,0.25,0.046,0.641,0.55,-0.416,-0.566,0.304,0.012,-0.516,0.285,0.642,-0.287,0.017,0.443,0.474,0.482,-0.456,-0.359,-0.304,0.363,-0.229,-0.562,0.558,0.492,0.199,0.386,-0.498,0.603,-0.409,-0.422,0.251,0.209,0.46,-0.282,0.223,-0.068,0.545,0.14,0.574,-0.368,0.186,0.458,-0.466,0.386,-0.164,0.368,0.562,0.569,0.577
AGNC,-0.402,0.613,-0.17,0.544,0.666,0.057,0.457,1.0,0.229,0.042,0.433,0.545,0.001,0.607,0.55,0.492,0.231,-0.512,-0.08,-0.277,0.21,0.363,0.195,0.308,0.372,0.633,0.615,-0.028,0.465,0.202,-0.105,0.374,0.026,0.496,0.433,0.253,0.308,-0.082,-0.011,0.333,-0.338,0.532,0.485,0.509,0.367,0.827,0.374,0.714,-0.171,0.58,0.449,-0.155,0.33,0.469,0.04,0.182,0.157,0.733,0.177,0.064,-0.454,0.515,0.373,0.234,-0.502,0.437,0.435,0.56,0.631,-0.164,0.333,0.24,0.55,-0.125,0.588,0.312,0.185,0.053,0.186,0.075,0.223,0.444,0.699,0.539,0.433,0.385,0.354,-0.403,-0.075,0.105,0.583,-0.106,-0.234,0.57,-0.048,-0.203,0.496,0.094,-0.35,-0.194,0.52,0.258,0.314,-0.331,0.23,0.218,0.166,0.613,-0.486,-0.534,0.551,0.31,0.381,0.285,0.572,0.563,-0.253,-0.017,0.177,0.104,-0.132,0.212,0.51,-0.162,-0.551,0.258,0.446,0.254,0.346,0.126,0.698,0.078,-0.114,0.635,0.132,0.65,0.301,-0.231,0.301,0.503,0.41,0.445,0.363,0.225,0.584,-0.067,0.367,-0.465,0.139,0.421,0.347,0.545,0.413,0.425,0.425,-0.096,-0.443,0.633,-0.343,-0.273,-0.102,0.439,-0.482,0.277,0.275,0.576,0.107,-0.077,0.023,-0.095,0.379,-0.391,-0.167,0.323,0.188,0.486,0.519,-0.495,0.27,-0.219,-0.467,0.342,0.355,0.558,-0.407,0.431,-0.107,0.385,0.263,0.262,-0.038,0.413,0.384,-0.458,0.21,0.048,-0.02,0.576,0.527,0.438
AKBA,-0.147,0.077,-0.04,0.159,0.177,-0.09,0.116,0.229,1.0,0.304,0.264,0.244,-0.241,0.058,0.203,0.413,0.177,-0.188,-0.124,-0.051,0.121,0.119,0.053,0.303,0.339,0.194,0.175,0.091,0.375,0.554,0.217,0.001,0.15,0.254,0.149,0.171,0.609,-0.265,0.003,0.099,-0.035,0.242,0.089,0.15,0.13,0.214,0.115,0.193,0.04,0.195,0.286,0.047,0.267,-0.023,0.126,0.387,-0.067,0.321,0.297,0.186,0.123,0.12,0.187,0.439,-0.104,0.453,0.2,0.053,0.176,0.478,0.217,0.319,0.279,-0.109,-0.033,0.316,0.598,-0.096,0.24,0.198,0.189,0.247,0.008,0.107,0.221,0.195,0.165,-0.036,0.063,0.127,0.367,0.172,0.068,0.213,0.476,-0.006,0.216,0.019,-0.128,0.047,0.188,0.189,0.087,0.2,0.241,0.198,0.422,0.399,0.128,-0.327,0.243,0.009,0.125,0.27,0.314,0.035,-0.317,-0.14,0.155,0.007,0.169,0.399,0.2,-0.197,0.006,0.158,0.58,0.283,0.147,0.438,0.175,0.291,0.542,0.402,0.216,0.335,0.404,0.141,0.353,0.173,0.166,0.268,0.334,-0.339,0.193,-0.078,-0.029,0.012,0.401,0.328,-0.079,0.058,0.13,0.096,0.342,0.125,-0.165,-0.125,-0.084,0.213,-0.014,0.269,-0.089,0.169,0.377,0.044,0.023,0.138,0.395,-0.173,-0.063,-0.458,0.014,0.107,0.208,0.323,0.112,-0.156,-0.049,0.23,0.38,0.297,-0.211,0.424,-0.168,0.138,-0.064,0.172,-0.264,0.081,0.31,0.368,0.192,-0.382,0.185,0.122,0.294,0.117,0.214,0.206
ALT,0.23,-0.396,0.358,-0.388,-0.228,-0.66,-0.328,0.042,0.304,1.0,-0.369,-0.328,-0.394,-0.033,-0.173,-0.071,-0.447,-0.235,0.382,0.425,-0.593,-0.479,-0.558,-0.022,0.158,0.013,-0.141,0.365,-0.316,-0.228,0.617,-0.537,-0.26,-0.376,0.412,-0.551,0.128,0.101,0.547,-0.543,0.55,-0.374,0.251,-0.243,-0.23,0.137,-0.41,-0.159,0.504,-0.235,-0.332,0.428,-0.518,-0.446,-0.472,-0.479,-0.547,-0.032,-0.334,0.728,0.305,-0.459,-0.486,0.177,0.478,0.193,-0.322,-0.232,0.581,0.67,0.562,-0.319,-0.216,0.334,-0.248,-0.398,-0.075,0.436,-0.107,-0.114,0.31,-0.349,-0.051,-0.394,0.097,-0.378,-0.435,0.486,0.576,0.651,0.194,0.698,0.486,0.103,0.158,0.519,0.342,-0.104,0.485,-0.136,-0.294,-0.425,-0.342,0.438,-0.251,0.332,0.643,0.176,0.258,0.113,-0.13,-0.413,-0.2,-0.372,0.171,0.025,-0.386,0.435,-0.169,-0.558,0.569,-0.188,-0.037,0.137,0.386,-0.516,0.029,0.558,-0.485,-0.358,-0.105,-0.493,0.362,0.338,-0.475,0.197,0.219,0.678,-0.231,0.348,0.443,-0.099,-0.37,-0.086,-0.235,0.656,-0.519,-0.123,-0.132,-0.25,-0.572,-0.084,0.485,-0.548,-0.301,0.585,0.411,0.179,-0.069,0.559,-0.163,-0.41,0.113,0.25,-0.17,-0.096,-0.666,0.686,0.464,0.268,-0.062,0.06,0.732,-0.571,-0.554,0.181,0.215,0.281,-0.645,0.5,0.51,0.184,-0.042,0.246,0.235,0.12,0.436,-0.458,0.139,-0.232,0.599,0.088,-0.054,0.257,0.027,0.549,-0.288,-0.311,-0.279,-0.418
AMAT,-0.583,0.67,-0.322,0.746,0.7,0.538,0.62,0.433,0.264,-0.369,1.0,0.755,-0.066,0.502,0.678,0.739,0.674,-0.424,-0.492,-0.679,0.615,0.737,0.551,0.447,0.444,0.437,0.514,-0.075,0.673,0.557,-0.143,0.551,0.161,0.694,0.023,0.651,0.436,-0.36,-0.402,0.701,-0.658,0.788,-0.046,0.677,0.65,0.428,0.712,0.668,-0.552,0.771,0.7,-0.4,0.668,0.693,0.494,0.576,0.273,0.502,0.651,-0.42,-0.635,0.665,0.731,0.271,-0.613,0.316,0.725,0.331,-0.108,-0.213,-0.196,0.555,0.672,-0.692,0.497,0.709,0.365,-0.471,0.608,0.565,-0.038,0.655,0.371,0.57,0.432,0.632,0.546,-0.587,-0.328,-0.476,0.316,-0.544,-0.624,0.465,0.273,-0.483,-0.011,0.463,-0.704,0.093,0.574,0.75,0.543,-0.325,0.544,-0.016,0.1,0.474,-0.489,-0.704,0.674,0.584,0.664,0.734,0.33,0.26,-0.064,-0.555,0.564,0.575,-0.593,0.496,0.554,-0.331,-0.515,0.754,0.402,-0.258,0.693,0.62,0.638,0.465,0.013,0.416,0.629,0.564,0.437,-0.564,0.708,0.281,0.122,0.663,0.658,-0.134,0.57,-0.421,0.729,-0.135,0.269,0.565,0.572,0.339,0.102,0.655,0.676,-0.431,-0.711,0.079,-0.272,-0.542,-0.009,0.583,-0.551,0.034,0.531,0.468,0.696,-0.568,-0.129,-0.58,0.082,-0.507,-0.553,0.672,0.639,0.601,0.162,-0.739,0.593,-0.466,-0.396,0.021,-0.156,0.154,-0.362,0.288,-0.528,0.701,-0.172,0.408,-0.312,0.5,0.435,-0.614,0.028,-0.41,0.323,0.35,0.792,0.732
AMD,-0.685,0.733,-0.369,0.782,0.784,0.563,0.697,0.545,0.244,-0.328,0.755,1.0,-0.085,0.603,0.68,0.609,0.846,-0.399,-0.618,-0.696,0.656,0.842,0.544,0.624,0.53,0.545,0.61,-0.078,0.746,0.566,-0.318,0.65,0.303,0.835,0.028,0.776,0.463,-0.428,-0.557,0.795,-0.671,0.848,0.006,0.785,0.685,0.612,0.712,0.749,-0.639,0.727,0.847,-0.405,0.731,0.671,0.599,0.561,0.217,0.59,0.801,-0.388,-0.629,0.79,0.76,0.325,-0.682,0.365,0.676,0.391,0.007,-0.358,-0.155,0.663,0.758,-0.637,0.59,0.766,0.38,-0.39,0.7,0.641,-0.216,0.522,0.365,0.68,0.349,0.567,0.657,-0.753,-0.488,-0.32,0.345,-0.562,-0.626,0.472,0.174,-0.406,-0.14,0.234,-0.702,0.216,0.681,0.727,0.436,-0.381,0.562,-0.142,-0.051,0.459,-0.469,-0.662,0.644,0.572,0.676,0.878,0.405,0.3,-0.18,-0.582,0.529,0.535,-0.566,0.661,0.548,-0.496,-0.557,0.792,0.372,-0.152,0.673,0.599,0.673,0.414,0.005,0.451,0.609,0.47,0.331,-0.581,0.71,0.182,0.065,0.661,0.757,0.003,0.671,-0.465,0.668,-0.224,0.215,0.677,0.657,0.366,0.13,0.715,0.775,-0.482,-0.748,0.245,-0.419,-0.622,-0.095,0.671,-0.587,0.07,0.469,0.513,0.569,-0.523,-0.177,-0.515,0.075,-0.625,-0.566,0.665,0.78,0.536,0.2,-0.745,0.618,-0.451,-0.33,0.091,-0.05,0.226,-0.543,0.253,-0.481,0.791,-0.17,0.353,-0.436,0.511,0.391,-0.739,0.042,-0.413,0.437,0.427,0.773,0.816
AMGN,0.196,0.115,-0.175,0.022,0.112,0.009,0.324,0.001,-0.241,-0.394,-0.066,-0.085,1.0,-0.097,-0.152,-0.231,-0.073,0.385,0.124,0.187,-0.048,0.126,0.201,-0.324,0.041,-0.165,-0.004,-0.414,-0.171,-0.168,-0.378,0.163,0.124,-0.052,0.062,-0.043,-0.334,0.516,0.237,0.064,0.101,0.084,0.228,-0.099,0.073,-0.017,-0.044,-0.075,0.146,-0.02,-0.071,-0.117,0.111,0.144,-0.004,0.116,0.519,-0.143,-0.193,-0.33,0.119,-0.071,0.185,-0.087,-0.088,-0.203,-0.073,0.454,-0.118,-0.354,0.141,-0.179,-0.087,0.143,0.2,-0.109,-0.143,0.133,-0.21,-0.222,0.103,0.19,0.334,0.082,-0.028,0.115,-0.004,-0.048,-0.096,-0.045,-0.262,-0.194,0.165,-0.196,-0.262,0.017,0.257,-0.131,0.11,-0.135,-0.088,-0.158,0.52,-0.108,0.002,0.046,-0.449,-0.279,-0.055,0.304,-0.248,0.107,-0.078,-0.075,-0.301,-0.032,0.636,0.22,-0.229,0.031,-0.022,-0.031,-0.164,0.468,-0.121,-0.049,0.101,0.118,0.393,-0.174,-0.099,0.408,-0.294,-0.315,0.316,-0.322,-0.504,-0.054,-0.163,-0.255,-0.077,-0.172,-0.152,0.334,0.034,-0.235,0.34,0.08,0.406,0.086,0.23,0.102,-0.275,0.195,-0.097,0.002,0.088,0.133,0.48,-0.12,0.386,0.254,0.315,-0.123,0.157,0.159,0.117,-0.206,-0.212,0.124,0.402,0.457,-0.144,0.086,-0.064,-0.389,0.246,0.182,0.168,-0.148,-0.335,0.318,0.481,0.26,0.263,0.047,0.385,-0.033,0.4,0.451,-0.171,-0.423,0.127,0.332,0.527,0.042,-0.075,0.378,0.025,-0.04
AMZN,-0.509,0.788,-0.207,0.635,0.543,0.166,0.4,0.607,0.058,-0.033,0.502,0.603,-0.097,1.0,0.543,0.593,0.447,-0.598,-0.238,-0.451,0.225,0.546,0.188,0.342,0.428,0.605,0.582,0.094,0.574,0.423,0.073,0.373,-0.011,0.587,0.276,0.44,0.384,-0.205,-0.24,0.522,-0.498,0.646,0.203,0.621,0.57,0.648,0.573,0.795,-0.399,0.631,0.537,-0.157,0.472,0.471,0.221,0.371,-0.102,0.466,0.435,-0.023,-0.533,0.541,0.588,0.372,-0.307,0.322,0.54,0.303,0.334,-0.203,0.125,0.408,0.631,-0.442,0.397,0.449,0.2,-0.18,0.614,0.551,0.067,0.233,0.467,0.596,0.645,0.492,0.591,-0.533,-0.06,-0.134,0.373,-0.211,-0.418,0.539,0.108,-0.236,0.042,0.388,-0.431,0.195,0.634,0.484,0.246,-0.344,0.391,0.205,0.268,0.524,-0.549,-0.533,0.576,0.446,0.565,0.576,0.579,0.302,-0.361,-0.14,0.451,0.217,-0.275,0.34,0.468,-0.3,-0.465,0.488,0.395,-0.16,0.355,0.239,0.639,0.186,0.152,0.561,0.222,0.541,0.406,-0.322,0.488,0.275,0.473,0.62,0.501,-0.012,0.423,-0.099,0.534,-0.166,0.004,0.483,0.403,0.567,0.503,0.45,0.489,-0.088,-0.587,0.518,-0.479,-0.402,-0.145,0.315,-0.486,0.159,0.345,0.636,0.15,-0.152,-0.052,-0.408,0.121,-0.453,-0.104,0.478,0.357,0.63,0.196,-0.663,0.246,-0.292,-0.452,0.076,0.034,0.167,-0.327,0.248,-0.381,0.574,0.118,0.166,-0.246,0.416,0.545,-0.445,0.12,-0.254,0.153,0.176,0.541,0.533
APA,-0.729,0.608,-0.154,0.778,0.685,0.301,0.398,0.55,0.203,-0.173,0.678,0.68,-0.152,0.543,1.0,0.74,0.602,-0.562,-0.42,-0.675,0.386,0.603,0.471,0.686,0.546,0.645,0.658,0.072,0.562,0.338,-0.186,0.511,0.128,0.62,0.073,0.525,0.559,-0.415,-0.4,0.573,-0.663,0.709,-0.013,0.668,0.539,0.555,0.68,0.721,-0.484,0.787,0.634,-0.369,0.484,0.607,0.264,0.348,0.152,0.548,0.468,-0.139,-0.73,0.642,0.571,0.508,-0.609,0.658,0.828,0.399,0.12,-0.093,-0.035,0.486,0.627,-0.605,0.512,0.552,0.302,-0.325,0.425,0.358,-0.125,0.536,0.609,0.491,0.334,0.643,0.601,-0.591,-0.422,-0.256,0.569,-0.448,-0.69,0.792,0.3,-0.537,-0.039,0.142,-0.649,0.059,0.672,0.507,0.315,-0.334,0.566,-0.187,0.076,0.746,-0.412,-0.812,0.739,0.655,0.69,0.562,0.663,0.313,-0.348,-0.618,0.472,0.408,-0.428,0.348,0.795,-0.373,-0.576,0.527,0.215,-0.161,0.373,0.396,0.743,0.133,-0.092,0.488,0.377,0.61,0.439,-0.524,0.681,0.486,0.355,0.724,0.6,-0.077,0.598,-0.395,0.61,-0.443,-0.0,0.638,0.545,0.486,0.274,0.552,0.649,-0.387,-0.629,0.24,-0.355,-0.631,-0.278,0.406,-0.745,0.264,0.343,0.563,0.36,-0.448,0.005,-0.547,0.066,-0.58,-0.357,0.555,0.448,0.637,0.111,-0.782,0.396,-0.365,-0.41,0.031,-0.179,0.137,-0.321,0.418,-0.549,0.621,-0.191,0.258,-0.119,0.666,0.458,-0.531,-0.114,-0.443,0.24,0.302,0.736,0.732
APPS,-0.596,0.621,-0.111,0.748,0.495,0.261,0.352,0.492,0.413,-0.071,0.739,0.609,-0.231,0.593,0.74,1.0,0.54,-0.554,-0.393,-0.564,0.372,0.567,0.405,0.604,0.512,0.564,0.589,0.106,0.757,0.641,0.078,0.41,0.174,0.675,0.116,0.478,0.684,-0.501,-0.361,0.498,-0.628,0.645,0.005,0.688,0.653,0.379,0.638,0.644,-0.422,0.765,0.661,-0.231,0.55,0.644,0.344,0.479,0.053,0.471,0.527,-0.03,-0.623,0.592,0.621,0.555,-0.479,0.564,0.811,0.262,0.076,0.144,-0.04,0.588,0.629,-0.66,0.398,0.687,0.485,-0.37,0.567,0.512,-0.089,0.449,0.308,0.45,0.467,0.586,0.542,-0.556,-0.238,-0.201,0.552,-0.364,-0.566,0.707,0.533,-0.497,-0.021,0.311,-0.639,0.186,0.649,0.608,0.274,-0.202,0.629,0.011,0.356,0.78,-0.341,-0.797,0.764,0.588,0.756,0.569,0.642,0.216,-0.295,-0.534,0.564,0.389,-0.398,0.517,0.731,-0.376,-0.431,0.562,0.451,-0.199,0.443,0.575,0.655,0.307,0.23,0.467,0.449,0.614,0.609,-0.47,0.662,0.415,0.345,0.734,0.708,-0.364,0.52,-0.35,0.632,-0.226,0.094,0.701,0.399,0.413,0.393,0.461,0.761,-0.217,-0.597,0.106,-0.444,-0.382,-0.185,0.36,-0.655,0.288,0.494,0.384,0.351,-0.32,0.148,-0.628,0.022,-0.648,-0.299,0.495,0.477,0.734,-0.003,-0.713,0.331,-0.192,-0.294,0.007,-0.275,0.065,-0.326,0.254,-0.48,0.669,-0.302,0.206,-0.112,0.718,0.421,-0.566,-0.146,-0.443,0.311,0.14,0.726,0.775
ARCC,-0.711,0.632,-0.399,0.672,0.591,0.611,0.522,0.231,0.177,-0.447,0.674,0.846,-0.073,0.447,0.602,0.54,1.0,-0.183,-0.751,-0.613,0.705,0.839,0.681,0.678,0.366,0.362,0.418,-0.124,0.719,0.551,-0.367,0.613,0.435,0.757,-0.212,0.835,0.478,-0.486,-0.715,0.763,-0.69,0.746,-0.294,0.695,0.641,0.289,0.692,0.588,-0.589,0.656,0.764,-0.446,0.722,0.551,0.687,0.583,0.244,0.407,0.793,-0.489,-0.513,0.725,0.78,0.391,-0.648,0.372,0.677,0.204,-0.285,-0.313,-0.333,0.737,0.619,-0.604,0.518,0.768,0.414,-0.402,0.675,0.642,-0.369,0.416,0.156,0.523,0.148,0.536,0.648,-0.731,-0.613,-0.418,0.193,-0.661,-0.664,0.332,0.328,-0.525,-0.42,0.158,-0.628,0.359,0.599,0.675,0.307,-0.257,0.599,-0.373,-0.174,0.379,-0.256,-0.57,0.635,0.584,0.602,0.852,0.269,0.093,-0.083,-0.702,0.509,0.572,-0.538,0.601,0.429,-0.626,-0.479,0.779,0.165,-0.317,0.598,0.664,0.516,0.428,0.002,0.178,0.624,0.236,0.219,-0.64,0.683,0.017,-0.142,0.599,0.819,-0.18,0.483,-0.619,0.637,-0.075,0.125,0.601,0.551,0.184,-0.064,0.635,0.754,-0.581,-0.713,0.027,-0.386,-0.605,-0.192,0.479,-0.468,-0.036,0.355,0.309,0.614,-0.614,-0.199,-0.487,-0.179,-0.546,-0.585,0.587,0.793,0.39,-0.112,-0.73,0.57,-0.47,-0.233,-0.046,-0.213,-0.035,-0.532,0.164,-0.619,0.806,-0.295,0.273,-0.538,0.518,0.3,-0.666,-0.054,-0.6,0.551,0.247,0.68,0.766
ARDX,0.47,-0.338,0.013,-0.44,-0.368,0.007,-0.218,-0.512,-0.188,-0.235,-0.424,-0.399,0.385,-0.598,-0.562,-0.554,-0.183,1.0,0.043,0.395,-0.08,-0.238,0.106,-0.403,-0.419,-0.58,-0.497,-0.386,-0.374,-0.268,-0.193,-0.168,0.15,-0.418,-0.353,-0.144,-0.334,0.195,0.019,-0.198,0.369,-0.375,-0.224,-0.484,-0.29,-0.59,-0.373,-0.583,0.31,-0.49,-0.362,0.03,-0.172,-0.282,0.103,-0.107,0.277,-0.395,-0.237,-0.32,0.453,-0.418,-0.231,-0.245,0.2,-0.327,-0.491,-0.12,-0.421,-0.045,-0.261,-0.266,-0.499,0.422,-0.105,-0.361,-0.13,0.106,-0.334,-0.296,-0.226,-0.196,-0.384,-0.346,-0.428,-0.216,-0.369,0.236,-0.027,-0.021,-0.502,0.126,0.332,-0.615,-0.147,0.062,-0.102,-0.268,0.318,0.047,-0.516,-0.281,0.011,0.107,-0.295,-0.214,-0.404,-0.615,0.418,0.655,-0.546,-0.336,-0.435,-0.284,-0.613,-0.284,0.547,0.14,-0.363,-0.048,0.12,-0.184,-0.529,0.154,0.267,-0.239,-0.256,0.029,-0.073,-0.193,-0.609,0.104,-0.188,-0.679,0.06,-0.626,-0.565,0.158,-0.366,-0.458,-0.58,-0.473,-0.255,0.094,-0.353,-0.167,-0.228,0.34,0.079,-0.378,-0.214,-0.466,-0.543,-0.175,-0.384,-0.145,0.287,-0.371,0.401,0.188,0.195,-0.073,0.611,-0.135,-0.317,-0.508,-0.03,-0.091,-0.227,0.397,-0.119,0.42,-0.103,-0.251,-0.189,-0.621,-0.19,0.537,-0.057,0.044,0.17,-0.008,0.077,-0.14,0.195,-0.291,0.254,-0.294,0.049,0.05,-0.197,-0.541,-0.489,0.426,0.23,0.043,0.004,-0.043,-0.449,-0.399
ATER,0.595,-0.467,0.379,-0.429,-0.271,-0.634,-0.383,-0.08,-0.124,0.382,-0.492,-0.618,0.124,-0.238,-0.42,-0.393,-0.751,0.043,1.0,0.517,-0.737,-0.63,-0.602,-0.529,-0.246,-0.083,-0.14,0.182,-0.506,-0.529,0.503,-0.42,-0.47,-0.627,0.567,-0.779,-0.447,0.461,0.711,-0.689,0.463,-0.557,0.587,-0.352,-0.401,-0.111,-0.52,-0.328,0.488,-0.444,-0.437,0.464,-0.706,-0.461,-0.605,-0.529,-0.207,-0.499,-0.638,0.585,0.463,-0.656,-0.617,-0.388,0.42,-0.306,-0.454,0.007,0.236,0.05,0.517,-0.612,-0.356,0.419,-0.385,-0.624,-0.439,0.206,-0.524,-0.501,0.613,-0.277,0.073,-0.273,0.094,-0.487,-0.408,0.679,0.654,0.289,0.078,0.418,0.533,-0.077,-0.39,0.399,0.365,-0.034,0.564,-0.438,-0.285,-0.496,-0.162,0.175,-0.537,0.472,0.342,-0.211,-0.011,0.407,-0.341,-0.273,-0.478,-0.679,-0.171,0.01,-0.072,0.57,-0.386,-0.586,0.474,-0.465,-0.316,0.64,0.27,-0.72,-0.045,0.23,-0.358,-0.608,-0.225,-0.412,-0.073,0.048,-0.475,-0.003,-0.091,0.568,-0.598,0.114,0.434,-0.483,-0.572,0.282,-0.433,0.581,-0.337,-0.118,-0.14,-0.391,-0.338,0.208,0.296,-0.584,-0.527,0.565,0.606,0.032,0.265,0.364,0.195,-0.401,0.187,0.134,-0.179,0.047,-0.601,0.512,0.271,0.324,0.495,0.576,0.526,-0.474,-0.757,-0.061,0.232,0.504,-0.511,0.543,0.054,-0.059,0.206,0.115,0.474,0.03,0.522,-0.533,0.219,-0.179,0.534,-0.343,0.033,0.489,0.153,0.548,-0.673,-0.106,-0.354,-0.551
ATOS,0.566,-0.619,0.234,-0.634,-0.501,-0.617,-0.474,-0.277,-0.051,0.425,-0.679,-0.696,0.187,-0.451,-0.675,-0.564,-0.613,0.395,0.517,1.0,-0.659,-0.597,-0.527,-0.472,-0.284,-0.413,-0.428,-0.035,-0.554,-0.487,0.331,-0.652,-0.068,-0.665,0.242,-0.623,-0.387,0.483,0.527,-0.669,0.734,-0.727,0.219,-0.548,-0.571,-0.343,-0.752,-0.534,0.719,-0.597,-0.661,0.548,-0.633,-0.62,-0.535,-0.532,-0.288,-0.336,-0.699,0.459,0.773,-0.661,-0.656,-0.186,0.54,-0.265,-0.691,-0.251,0.257,0.371,0.389,-0.633,-0.533,0.85,-0.313,-0.668,-0.271,0.538,-0.541,-0.507,0.391,-0.446,-0.262,-0.607,-0.208,-0.654,-0.633,0.655,0.59,0.556,-0.202,0.649,0.739,-0.448,-0.141,0.571,0.311,-0.279,0.897,-0.167,-0.612,-0.684,-0.237,0.478,-0.568,0.327,0.189,-0.393,0.51,0.714,-0.554,-0.622,-0.599,-0.719,-0.393,-0.128,0.227,0.679,-0.632,-0.673,0.604,-0.401,-0.544,0.428,0.406,-0.693,-0.193,0.49,-0.408,-0.479,-0.443,-0.288,0.103,-0.262,-0.457,-0.381,-0.246,0.713,-0.622,-0.006,-0.021,-0.684,-0.564,0.097,-0.577,0.476,-0.581,0.162,0.036,-0.506,-0.622,-0.284,0.014,-0.682,-0.673,0.537,0.616,-0.05,0.384,0.735,0.151,-0.498,0.697,0.024,-0.439,-0.369,-0.622,0.65,0.172,0.783,0.025,0.581,0.576,-0.721,-0.661,-0.399,0.136,0.629,-0.668,0.532,0.433,0.233,0.209,0.14,0.441,0.018,0.653,-0.723,0.314,-0.224,0.309,-0.524,-0.277,0.663,0.26,0.669,-0.355,-0.195,-0.637,-0.678
AUPH,-0.459,0.535,-0.386,0.503,0.353,0.757,0.465,0.21,0.121,-0.593,0.615,0.656,-0.048,0.225,0.386,0.372,0.705,-0.08,-0.737,-0.659,1.0,0.622,0.682,0.384,0.081,0.161,0.25,-0.186,0.582,0.576,-0.473,0.652,0.467,0.737,-0.396,0.841,0.296,-0.456,-0.663,0.745,-0.588,0.612,-0.336,0.368,0.478,0.144,0.622,0.347,-0.625,0.468,0.513,-0.494,0.776,0.491,0.747,0.611,0.482,0.49,0.643,-0.632,-0.483,0.81,0.644,0.163,-0.578,0.145,0.427,0.126,-0.313,-0.362,-0.53,0.623,0.467,-0.54,0.355,0.676,0.508,-0.368,0.453,0.423,-0.414,0.553,0.023,0.539,0.063,0.514,0.562,-0.587,-0.622,-0.506,0.018,-0.596,-0.624,0.048,0.094,-0.518,-0.306,0.136,-0.75,0.225,0.45,0.689,0.216,-0.324,0.492,-0.344,-0.343,0.163,-0.241,-0.498,0.452,0.458,0.442,0.652,0.14,0.063,0.177,-0.578,0.421,0.713,-0.574,0.537,0.297,-0.542,-0.392,0.793,0.151,-0.387,0.461,0.621,0.229,0.497,-0.03,0.0,0.575,0.148,0.04,-0.703,0.518,-0.144,-0.38,0.443,0.552,-0.096,0.547,-0.611,0.417,0.083,0.24,0.376,0.568,0.001,-0.311,0.756,0.562,-0.64,-0.6,-0.05,-0.223,-0.492,-0.052,0.584,-0.287,-0.138,0.338,0.061,0.886,-0.582,-0.283,-0.461,-0.132,-0.523,-0.725,0.646,0.876,0.109,-0.182,-0.525,0.72,-0.517,-0.259,0.03,-0.106,-0.042,-0.48,-0.088,-0.577,0.642,-0.21,0.275,-0.523,0.298,0.038,-0.59,-0.093,-0.588,0.582,0.401,0.482,0.544
AVGO,-0.685,0.728,-0.447,0.764,0.709,0.617,0.678,0.363,0.119,-0.479,0.737,0.842,0.126,0.546,0.603,0.567,0.839,-0.238,-0.63,-0.597,0.622,1.0,0.63,0.521,0.424,0.437,0.588,-0.141,0.65,0.527,-0.412,0.688,0.42,0.754,-0.042,0.801,0.342,-0.398,-0.599,0.826,-0.644,0.802,-0.099,0.712,0.727,0.419,0.771,0.699,-0.534,0.726,0.746,-0.352,0.763,0.721,0.607,0.608,0.311,0.457,0.722,-0.492,-0.634,0.703,0.809,0.419,-0.601,0.318,0.685,0.43,-0.208,-0.355,-0.227,0.676,0.721,-0.591,0.61,0.785,0.368,-0.38,0.662,0.637,-0.306,0.486,0.348,0.67,0.305,0.579,0.736,-0.779,-0.519,-0.471,0.251,-0.683,-0.618,0.408,0.21,-0.455,-0.214,0.197,-0.635,0.342,0.687,0.72,0.475,-0.401,0.644,-0.205,-0.194,0.379,-0.399,-0.487,0.639,0.596,0.665,0.836,0.335,0.159,0.036,-0.64,0.564,0.653,-0.595,0.668,0.477,-0.486,-0.562,0.844,0.281,-0.263,0.74,0.669,0.519,0.485,-0.048,0.229,0.671,0.296,0.283,-0.647,0.735,0.08,-0.014,0.652,0.697,-0.002,0.583,-0.587,0.754,-0.167,0.231,0.646,0.682,0.401,0.021,0.691,0.772,-0.597,-0.769,0.146,-0.369,-0.665,-0.114,0.613,-0.382,0.035,0.418,0.484,0.633,-0.631,-0.273,-0.45,0.056,-0.543,-0.588,0.647,0.773,0.401,0.107,-0.694,0.642,-0.495,-0.424,0.056,-0.089,0.095,-0.502,0.234,-0.476,0.755,-0.157,0.407,-0.589,0.426,0.419,-0.624,0.085,-0.5,0.461,0.429,0.717,0.803
AZN,-0.499,0.621,-0.373,0.601,0.455,0.617,0.494,0.195,0.053,-0.558,0.551,0.544,0.201,0.188,0.471,0.405,0.681,0.106,-0.602,-0.527,0.682,0.63,1.0,0.416,0.11,0.254,0.367,-0.374,0.446,0.385,-0.574,0.627,0.493,0.59,-0.283,0.646,0.293,-0.386,-0.562,0.677,-0.576,0.713,-0.193,0.393,0.638,0.091,0.646,0.292,-0.378,0.595,0.524,-0.509,0.721,0.63,0.625,0.589,0.66,0.391,0.51,-0.594,-0.421,0.538,0.696,0.331,-0.598,0.335,0.498,0.351,-0.361,-0.224,-0.359,0.554,0.448,-0.404,0.535,0.493,0.346,-0.233,0.316,0.271,-0.481,0.449,0.221,0.439,-0.015,0.622,0.497,-0.646,-0.721,-0.47,0.224,-0.619,-0.554,0.254,0.288,-0.676,-0.247,-0.003,-0.553,0.219,0.449,0.552,0.281,-0.319,0.625,-0.526,-0.417,0.312,-0.063,-0.391,0.454,0.525,0.615,0.607,0.225,0.132,0.165,-0.651,0.371,0.69,-0.411,0.463,0.491,-0.436,-0.481,0.677,0.076,-0.292,0.495,0.427,0.274,0.442,-0.146,-0.117,0.746,0.058,-0.046,-0.679,0.481,0.024,-0.222,0.588,0.58,-0.179,0.563,-0.799,0.585,-0.125,0.119,0.473,0.546,0.084,-0.119,0.7,0.571,-0.747,-0.491,0.019,-0.149,-0.675,-0.137,0.475,-0.248,0.09,0.211,0.066,0.724,-0.727,-0.253,-0.288,0.01,-0.439,-0.684,0.589,0.576,0.078,-0.214,-0.498,0.634,-0.439,-0.415,0.053,-0.13,0.012,-0.483,0.077,-0.452,0.648,-0.111,0.383,-0.513,0.321,0.045,-0.46,0.07,-0.643,0.575,0.399,0.562,0.619
BCRX,-0.636,0.402,-0.141,0.572,0.468,0.222,0.185,0.308,0.303,-0.022,0.447,0.624,-0.324,0.342,0.686,0.604,0.678,-0.403,-0.529,-0.472,0.384,0.521,0.416,1.0,0.495,0.481,0.389,0.388,0.623,0.434,-0.121,0.375,0.254,0.559,0.004,0.543,0.67,-0.555,-0.492,0.422,-0.564,0.526,-0.189,0.65,0.492,0.335,0.487,0.517,-0.382,0.649,0.671,-0.242,0.413,0.383,0.298,0.351,-0.021,0.421,0.496,-0.017,-0.468,0.537,0.489,0.582,-0.361,0.609,0.699,0.114,0.066,0.018,-0.137,0.591,0.5,-0.485,0.334,0.584,0.407,-0.125,0.423,0.383,-0.27,0.265,0.167,0.3,0.109,0.455,0.554,-0.448,-0.45,-0.007,0.395,-0.378,-0.46,0.547,0.505,-0.385,-0.238,0.148,-0.482,0.285,0.611,0.438,-0.007,0.073,0.524,-0.354,0.135,0.576,-0.024,-0.644,0.571,0.545,0.572,0.528,0.572,0.073,-0.364,-0.626,0.548,0.343,-0.232,0.43,0.503,-0.642,-0.206,0.448,0.13,-0.065,0.201,0.537,0.606,0.051,0.138,0.356,0.291,0.393,0.384,-0.398,0.577,0.214,0.23,0.576,0.709,-0.193,0.427,-0.274,0.396,-0.25,-0.099,0.659,0.367,0.229,0.275,0.378,0.613,-0.253,-0.374,0.058,-0.424,-0.339,-0.458,0.193,-0.58,0.125,0.31,0.212,0.269,-0.243,0.314,-0.471,-0.247,-0.641,-0.136,0.307,0.468,0.562,-0.142,-0.541,0.197,-0.068,0.016,-0.01,-0.316,-0.033,-0.381,0.381,-0.479,0.619,-0.327,0.149,-0.061,0.69,0.272,-0.611,-0.311,-0.463,0.466,0.061,0.617,0.679
BGC,-0.359,0.345,-0.162,0.454,0.538,-0.001,0.401,0.372,0.339,0.158,0.444,0.53,0.041,0.428,0.546,0.512,0.366,-0.419,-0.246,-0.284,0.081,0.424,0.11,0.495,1.0,0.357,0.404,0.23,0.38,0.267,0.009,0.147,0.038,0.361,0.251,0.233,0.492,-0.072,0.012,0.274,-0.244,0.519,0.127,0.466,0.435,0.514,0.385,0.571,-0.18,0.546,0.514,-0.149,0.285,0.352,-0.006,0.235,-0.074,0.368,0.322,0.096,-0.414,0.286,0.42,0.479,-0.13,0.417,0.493,0.352,0.335,0.112,0.32,0.279,0.421,-0.383,0.325,0.313,0.277,-0.068,0.382,0.335,0.084,0.318,0.461,0.234,0.391,0.484,0.356,-0.313,-0.079,0.116,0.292,-0.049,-0.147,0.52,0.358,0.04,0.177,0.265,-0.237,0.248,0.39,0.24,0.409,-0.014,0.467,0.105,0.254,0.42,-0.222,-0.397,0.384,0.348,0.507,0.435,0.472,0.245,-0.16,-0.239,0.332,0.129,-0.093,0.274,0.444,-0.097,-0.195,0.281,0.419,0.277,0.369,0.246,0.567,0.184,0.228,0.544,0.3,0.476,0.366,-0.047,0.501,0.324,0.393,0.461,0.389,0.031,0.341,0.001,0.475,-0.157,0.29,0.545,0.202,0.334,0.343,0.31,0.432,0.077,-0.229,0.264,-0.186,-0.154,-0.067,0.338,-0.314,0.147,0.395,0.504,0.101,-0.009,0.318,-0.375,0.033,-0.323,0.048,0.239,0.222,0.476,0.362,-0.369,0.107,-0.0,-0.034,0.393,-0.065,0.361,-0.036,0.506,0.053,0.436,0.039,0.415,0.155,0.386,0.531,-0.214,0.192,-0.003,0.11,0.194,0.509,0.488
BIDU,-0.58,0.617,-0.209,0.599,0.632,0.149,0.363,0.633,0.194,0.013,0.437,0.545,-0.165,0.605,0.645,0.564,0.362,-0.58,-0.083,-0.413,0.161,0.437,0.254,0.481,0.357,1.0,0.909,0.155,0.447,0.298,-0.032,0.6,0.054,0.582,0.517,0.344,0.326,-0.357,-0.21,0.506,-0.555,0.505,0.489,0.622,0.42,0.584,0.548,0.6,-0.411,0.553,0.546,-0.242,0.334,0.479,0.224,0.303,-0.026,0.529,0.272,0.084,-0.489,0.542,0.362,0.355,-0.418,0.531,0.573,0.593,0.284,-0.156,0.192,0.353,0.736,-0.355,0.51,0.396,0.309,-0.165,0.283,0.228,0.05,0.475,0.525,0.724,0.575,0.412,0.553,-0.509,-0.127,-0.169,0.799,-0.291,-0.482,0.815,0.087,-0.397,0.135,0.212,-0.46,-0.085,0.774,0.554,0.205,-0.376,0.305,0.095,0.23,0.648,-0.365,-0.542,0.703,0.316,0.537,0.357,0.712,0.525,-0.393,-0.308,0.513,0.322,-0.292,0.364,0.762,-0.263,-0.476,0.311,0.38,0.006,0.381,0.215,0.565,0.11,0.074,0.63,0.199,0.688,0.558,-0.309,0.47,0.635,0.539,0.556,0.459,-0.002,0.705,-0.081,0.421,-0.519,0.032,0.543,0.476,0.722,0.572,0.241,0.462,-0.233,-0.547,0.473,-0.418,-0.506,-0.149,0.447,-0.593,0.463,0.387,0.603,0.134,-0.141,-0.064,-0.321,0.444,-0.467,-0.145,0.566,0.294,0.624,0.304,-0.527,0.397,-0.186,-0.482,0.136,0.013,0.401,-0.443,0.372,-0.283,0.497,0.051,0.375,-0.126,0.471,0.409,-0.549,0.079,-0.124,0.181,0.386,0.531,0.507
BILI,-0.59,0.656,-0.246,0.715,0.678,0.264,0.487,0.615,0.175,-0.141,0.514,0.61,-0.004,0.582,0.658,0.589,0.418,-0.497,-0.14,-0.428,0.25,0.588,0.367,0.389,0.404,0.909,1.0,0.004,0.478,0.337,-0.193,0.693,0.242,0.628,0.451,0.392,0.239,-0.365,-0.271,0.599,-0.57,0.606,0.453,0.608,0.498,0.548,0.654,0.643,-0.401,0.623,0.579,-0.281,0.46,0.609,0.326,0.386,0.135,0.529,0.367,-0.08,-0.527,0.59,0.48,0.351,-0.466,0.443,0.57,0.695,0.147,-0.198,0.165,0.411,0.78,-0.351,0.548,0.431,0.314,-0.31,0.322,0.262,-0.017,0.534,0.579,0.764,0.517,0.469,0.629,-0.633,-0.256,-0.304,0.765,-0.384,-0.541,0.786,0.06,-0.48,0.111,0.214,-0.493,0.025,0.81,0.625,0.363,-0.416,0.448,0.076,0.082,0.573,-0.394,-0.494,0.685,0.407,0.635,0.449,0.638,0.486,-0.232,-0.413,0.534,0.471,-0.384,0.459,0.8,-0.181,-0.542,0.433,0.375,-0.068,0.535,0.269,0.543,0.268,0.007,0.496,0.403,0.576,0.504,-0.388,0.527,0.603,0.471,0.598,0.479,-0.012,0.772,-0.248,0.549,-0.481,0.169,0.578,0.578,0.751,0.476,0.392,0.57,-0.386,-0.591,0.381,-0.323,-0.591,-0.049,0.565,-0.525,0.409,0.448,0.641,0.26,-0.303,-0.187,-0.311,0.529,-0.506,-0.288,0.638,0.394,0.528,0.301,-0.541,0.508,-0.264,-0.566,0.144,-0.031,0.398,-0.469,0.31,-0.259,0.533,-0.008,0.446,-0.254,0.365,0.448,-0.488,0.201,-0.195,0.189,0.541,0.6,0.602
BKR,0.095,-0.204,0.177,-0.092,-0.125,-0.183,-0.391,-0.028,0.091,0.365,-0.075,-0.078,-0.414,0.094,0.072,0.106,-0.124,-0.386,0.182,-0.035,-0.186,-0.141,-0.374,0.388,0.23,0.155,0.004,1.0,0.102,0.058,0.428,-0.142,-0.308,-0.101,0.19,-0.096,0.251,-0.259,0.094,-0.274,-0.04,-0.164,-0.05,0.087,0.028,-0.019,-0.003,0.127,-0.001,0.011,0.036,0.23,-0.231,-0.22,-0.307,-0.189,-0.448,-0.13,-0.034,0.392,-0.05,-0.103,-0.179,0.263,0.486,0.174,0.074,-0.22,0.231,0.215,0.113,0.091,-0.035,-0.151,-0.383,0.008,0.067,-0.006,0.044,0.082,0.129,-0.168,-0.164,-0.057,0.174,0.017,0.187,0.196,0.257,0.175,0.049,0.212,0.116,0.193,0.186,0.247,-0.118,0.415,0.015,0.2,0.222,0.026,-0.41,0.367,-0.055,0.101,0.471,0.121,0.023,-0.099,0.064,0.069,0.008,-0.113,0.317,-0.153,-0.375,-0.045,0.409,-0.147,0.205,-0.034,-0.023,-0.238,0.464,-0.129,-0.015,-0.005,-0.352,0.112,0.113,-0.333,0.231,0.427,-0.362,0.355,0.411,0.253,0.048,0.077,0.474,0.052,0.059,0.093,-0.126,0.55,-0.179,-0.004,-0.253,0.063,-0.144,0.184,0.364,-0.214,-0.025,0.341,0.245,-0.1,-0.3,0.277,-0.322,-0.264,-0.153,0.031,0.142,0.064,-0.206,0.359,0.595,-0.227,-0.234,-0.126,0.511,-0.143,-0.107,0.368,-0.174,0.131,-0.266,0.39,0.32,-0.023,-0.232,-0.217,0.071,0.155,-0.048,-0.009,-0.248,-0.089,0.433,0.29,0.158,-0.025,-0.333,0.003,-0.131,-0.323,-0.006,-0.019
BLDP,-0.636,0.677,-0.275,0.746,0.494,0.406,0.421,0.465,0.375,-0.316,0.673,0.746,-0.171,0.574,0.562,0.757,0.719,-0.374,-0.506,-0.554,0.582,0.65,0.446,0.623,0.38,0.447,0.478,0.102,1.0,0.783,-0.11,0.52,0.259,0.768,0.025,0.723,0.694,-0.538,-0.555,0.587,-0.694,0.676,-0.072,0.719,0.597,0.325,0.593,0.679,-0.556,0.716,0.814,-0.343,0.704,0.531,0.489,0.659,0.054,0.446,0.725,-0.211,-0.452,0.728,0.772,0.421,-0.532,0.366,0.749,0.175,-0.061,-0.18,-0.236,0.797,0.663,-0.606,0.343,0.786,0.578,-0.475,0.646,0.579,-0.138,0.344,0.144,0.542,0.339,0.509,0.656,-0.632,-0.422,-0.288,0.349,-0.432,-0.626,0.467,0.496,-0.467,-0.186,0.386,-0.66,0.36,0.677,0.676,0.264,-0.219,0.557,-0.037,0.137,0.539,-0.376,-0.672,0.644,0.56,0.598,0.728,0.47,0.076,-0.224,-0.535,0.631,0.449,-0.493,0.616,0.455,-0.54,-0.368,0.679,0.51,-0.345,0.55,0.747,0.682,0.482,0.282,0.374,0.525,0.383,0.473,-0.597,0.715,0.083,0.065,0.629,0.924,-0.254,0.483,-0.446,0.64,0.086,0.166,0.66,0.483,0.309,0.086,0.616,0.824,-0.307,-0.667,-0.04,-0.455,-0.332,-0.081,0.423,-0.543,0.077,0.565,0.298,0.413,-0.356,0.051,-0.584,-0.041,-0.618,-0.476,0.558,0.688,0.529,-0.101,-0.692,0.438,-0.192,-0.247,-0.06,-0.27,0.03,-0.486,0.191,-0.599,0.794,-0.406,0.243,-0.304,0.612,0.424,-0.723,-0.067,-0.513,0.465,0.211,0.644,0.789
BLNK,-0.428,0.527,-0.268,0.571,0.264,0.44,0.33,0.202,0.554,-0.228,0.557,0.566,-0.168,0.423,0.338,0.641,0.551,-0.268,-0.529,-0.487,0.576,0.527,0.385,0.434,0.267,0.298,0.337,0.058,0.783,1.0,-0.048,0.413,0.367,0.7,-0.093,0.694,0.663,-0.501,-0.5,0.583,-0.532,0.572,-0.15,0.456,0.477,0.134,0.496,0.379,-0.445,0.48,0.62,-0.211,0.738,0.372,0.587,0.824,0.038,0.408,0.689,-0.259,-0.255,0.588,0.686,0.438,-0.267,0.309,0.53,0.05,-0.147,0.045,-0.295,0.737,0.542,-0.553,0.083,0.676,0.753,-0.442,0.629,0.601,-0.201,0.351,-0.09,0.463,0.334,0.48,0.579,-0.525,-0.317,-0.266,0.225,-0.325,-0.455,0.27,0.499,-0.348,-0.217,0.311,-0.555,0.413,0.503,0.677,0.186,-0.117,0.491,0.019,0.151,0.386,-0.197,-0.475,0.442,0.332,0.512,0.681,0.336,-0.058,-0.175,-0.428,0.584,0.496,-0.385,0.737,0.337,-0.443,-0.128,0.688,0.624,-0.285,0.464,0.79,0.327,0.693,0.497,0.238,0.559,0.244,0.394,-0.454,0.622,-0.03,-0.032,0.529,0.729,-0.398,0.43,-0.407,0.412,0.204,0.361,0.537,0.384,0.098,0.012,0.518,0.665,-0.193,-0.553,-0.118,-0.303,-0.231,0.049,0.467,-0.275,0.045,0.669,0.063,0.455,-0.302,0.084,-0.521,-0.127,-0.602,-0.382,0.564,0.726,0.376,-0.229,-0.437,0.398,-0.123,-0.028,0.089,-0.299,-0.003,-0.348,-0.034,-0.506,0.604,-0.393,0.191,-0.267,0.454,0.224,-0.604,-0.059,-0.453,0.616,0.108,0.424,0.567
