,AAL,AAPL,ABUS,ADBE,ADI,ADMA,AEP,AGNC,AKBA,ALT,AMAT,AMD,AMGN,AMZN,APA,APPS,ARCC,ARDX,ATER,ATOS,AUPH,AVGO,AZN,BCRX,BGC,BIDU,BILI,BKR,BLDP,BLNK,BYND,CAN,CELH,CG,CGC,CHRD,CLNE,CMCSA,COMM,COST,CPB,CPRT,CRON,CRWD,CSCO,CSGP,CSX,CTSH,CZR,DBX,DDOG,DKNG,DLTR,DOCU,DVAX,DXCM,EA,EBAY,ENPH,ERIC,ESPR,ETSY,EXC,EXEL,EXPE,FANG,FAST,FITB,FLEX,FOLD,FOXA,FSLR,FTNT,FUTU,GEN,GERN,GEVO,GILD,GOOG,GOOGL,GPRO,GT,HBAN,HIVE,HON,HST,HUT,IBRX,INTC,IOVA,IQ,IRWD,JBLU,JD,KDP,KHC,LBTYK,LRCX,LYFT,MAR,MARA,MAT,MCHP,MCRB,MDLZ,META,MGNI,MLCO,MNKD,MNST,MOMO,MRNA,MRVL,MSFT,MSTR,MTCH,MU,MVIS,NDAQ,NFLX,NKTR,NNDM,NTES,NTNX,NVAX,NVDA,NWL,NWSA,NXPI,OCGN,OKTA,ON,OPK,PAA,PACB,PAGP,PANW,PARA,PCAR,PDD,PENN,PEP,PLUG,PTEN,PTON,PYPL,QCOM,QUBT,QVCGA,RDFN,REAL,RIOT,ROKU,ROST,RUN,SABR,SAVA,SBUX,SFIX,SGMO,SIRI,SLM,SMCI,SNDL,SONO,STNE,STX,TCOM,TGTX,TIGR,TLRY,TMUS,TRIP,TSCO,TSLA,TTD,TXN,UAL,UNIT,VERU,VKTX,VLY,VOD,VTRS,VXRT,WBA,WBD,WDAY,WDC,WEN,WW,WYNN,XEL,XP,XRAY,XRX,Z,ZION,ZM,ZS
AAL,1.0,0.272,0.196,0.292,-0.237,-0.029,0.399,0.205,-0.047,-0.307,-0.063,-0.248,0.014,0.361,-0.085,0.593,-0.075,0.039,-0.249,-0.064,0.038,0.007,0.066,0.316,0.352,-0.205,-0.232,-0.126,-0.187,-0.125,0.64,-0.443,-0.226,0.042,-0.176,-0.17,-0.325,-0.035,-0.064,-0.114,0.192,0.221,-0.087,-0.139,-0.022,0.102,-0.233,0.252,-0.046,0.254,0.333,0.241,-0.067,0.079,0.348,-0.345,0.234,-0.135,-0.307,-0.176,-0.446,0.303,0.389,-0.253,-0.23,-0.146,0.048,-0.161,-0.266,0.274,-0.15,-0.175,0.079,-0.259,-0.132,0.146,-0.129,-0.195,-0.03,-0.01,0.084,-0.121,-0.164,-0.166,0.237,0.08,-0.342,0.216,-0.026,0.157,-0.24,0.111,0.364,-0.415,-0.074,0.249,-0.206,0.033,0.406,0.306,-0.307,0.004,-0.128,-0.258,0.077,0.231,0.245,-0.005,0.47,-0.356,-0.114,0.46,-0.001,0.323,-0.186,0.061,-0.258,0.277,-0.245,0.267,-0.045,-0.002,-0.36,0.482,0.308,-0.307,-0.174,-0.174,-0.261,-0.379,0.505,-0.179,0.121,0.052,-0.185,-0.005,0.049,-0.035,-0.075,-0.443,0.111,0.404,-0.194,-0.087,0.073,0.249,-0.036,0.196,0.011,0.239,-0.107,-0.221,-0.082,-0.108,-0.328,-0.125,0.052,0.005,0.504,0.074,0.207,-0.109,-0.226,-0.336,0.118,0.351,0.498,-0.078,0.05,-0.161,0.019,-0.144,-0.262,0.208,-0.269,0.37,-0.221,0.811,0.068,-0.115,-0.047,-0.157,-0.099,-0.394,0.421,-0.2,-0.226,0.448,-0.078,0.464,0.531,0.515,0.142,0.439,-0.265,-0.285,-0.09,-0.206,0.48,0.289
AAPL,0.272,1.0,-0.308,0.562,-0.189,-0.283,0.212,0.294,-0.449,-0.478,-0.277,-0.067,-0.17,0.734,-0.353,0.294,-0.182,-0.068,0.024,-0.336,0.262,0.012,-0.121,-0.407,0.195,-0.276,-0.378,-0.251,-0.224,0.152,-0.134,-0.211,-0.278,-0.113,-0.394,-0.323,0.013,0.501,-0.218,0.369,0.448,0.767,-0.388,0.115,-0.114,0.682,-0.082,0.602,-0.203,0.288,0.155,-0.209,-0.117,-0.248,0.048,0.146,0.387,-0.406,-0.145,0.161,-0.045,-0.183,-0.019,-0.209,-0.058,-0.207,0.1,-0.176,0.016,0.224,-0.185,0.27,0.451,-0.48,0.257,-0.359,-0.212,-0.324,0.424,0.501,-0.302,-0.203,-0.206,-0.202,0.435,0.148,-0.168,0.074,-0.224,0.08,-0.272,0.119,0.134,-0.127,0.462,0.474,-0.19,-0.282,0.289,0.479,-0.227,-0.245,-0.224,-0.044,0.463,0.444,0.422,0.354,0.065,0.102,-0.384,-0.306,-0.195,0.766,-0.204,0.199,-0.337,0.379,-0.232,0.308,0.188,-0.019,-0.219,0.427,-0.224,-0.129,-0.141,0.026,-0.203,0.152,0.327,-0.273,-0.385,-0.205,-0.098,-0.265,0.3,-0.262,-0.118,-0.131,-0.13,0.632,-0.3,-0.301,0.393,0.109,-0.128,-0.081,-0.186,0.061,-0.241,-0.084,-0.173,0.578,-0.128,0.112,-0.415,0.543,-0.152,0.685,0.378,-0.355,-0.159,-0.347,-0.23,0.492,0.149,-0.422,0.242,-0.316,-0.383,0.514,-0.183,-0.191,-0.193,0.127,-0.21,0.098,-0.044,-0.081,-0.295,-0.193,-0.173,0.073,-0.254,-0.311,-0.266,0.55,-0.248,0.295,0.115,0.515,0.302,0.237,-0.273,0.236,-0.105,-0.141,-0.292,0.176
ABUS,0.196,-0.308,1.0,-0.069,0.242,0.355,-0.118,-0.095,0.576,0.432,0.259,0.422,0.305,-0.29,0.215,0.289,0.039,0.756,-0.073,0.062,0.003,0.306,0.106,0.584,0.348,0.064,0.098,0.267,0.224,0.173,0.291,-0.272,-0.016,0.185,0.187,0.256,-0.07,-0.101,0.299,-0.453,-0.371,-0.21,0.246,0.362,0.452,-0.201,0.329,0.062,0.42,0.362,0.653,0.652,0.555,0.586,0.542,-0.106,-0.015,0.372,0.041,-0.365,0.158,0.449,0.326,0.297,-0.008,0.136,0.414,0.253,0.033,0.308,-0.139,-0.022,0.195,0.067,0.238,0.691,-0.056,0.283,0.084,0.014,0.618,0.224,0.265,0.23,-0.124,-0.118,0.206,0.156,0.129,0.473,0.239,0.473,-0.075,-0.28,-0.287,-0.166,0.201,0.229,0.14,-0.07,0.243,0.47,0.353,0.325,-0.422,-0.175,-0.311,-0.219,0.589,-0.031,0.163,0.719,0.383,-0.105,0.003,0.399,0.057,0.134,0.157,-0.192,0.471,-0.042,0.198,0.229,0.47,0.425,0.155,-0.079,0.177,-0.426,0.406,0.14,0.616,0.336,0.151,0.311,0.337,0.045,0.266,-0.416,0.538,-0.212,0.265,0.196,0.145,0.418,0.138,0.226,0.063,0.685,0.156,0.057,0.449,-0.237,0.268,0.069,0.263,-0.331,0.334,-0.192,-0.274,0.328,0.078,0.176,0.506,0.069,0.265,0.236,0.285,-0.012,0.138,-0.223,0.197,0.5,0.231,0.333,0.317,0.331,0.031,0.287,0.694,0.284,0.138,-0.279,0.666,0.342,0.043,0.17,-0.04,0.04,0.303,-0.044,-0.189,0.313,0.143,-0.051,0.598,0.187,0.375,0.317
ADBE,0.292,0.562,-0.069,1.0,-0.558,-0.01,0.623,-0.284,-0.462,-0.585,-0.547,0.291,-0.543,0.729,-0.61,0.319,-0.605,-0.019,-0.624,-0.608,-0.021,-0.374,-0.538,-0.439,0.602,-0.618,-0.704,-0.532,-0.586,-0.412,0.243,-0.443,-0.679,-0.506,-0.671,-0.651,-0.58,0.578,-0.61,0.402,0.696,0.8,-0.619,-0.29,-0.304,0.74,-0.424,0.619,-0.426,0.527,0.394,-0.106,-0.081,-0.21,0.048,-0.039,0.648,-0.541,-0.558,0.11,0.098,-0.185,-0.178,-0.553,-0.563,-0.671,-0.175,-0.569,-0.329,0.598,-0.53,-0.136,0.264,-0.71,0.446,-0.251,-0.641,-0.586,0.024,0.127,-0.332,-0.548,-0.609,-0.506,0.477,-0.359,-0.596,-0.222,-0.624,-0.198,-0.714,0.59,-0.317,-0.555,-0.046,0.864,-0.44,-0.556,0.373,0.337,-0.632,-0.532,-0.586,-0.272,0.417,0.799,0.054,0.729,0.392,-0.21,-0.576,-0.024,-0.484,0.886,-0.616,0.415,-0.651,0.044,-0.591,0.797,0.371,-0.482,-0.539,0.739,-0.354,-0.054,-0.597,-0.53,-0.541,-0.421,0.6,-0.575,-0.337,-0.582,-0.675,-0.642,-0.058,-0.585,-0.493,-0.511,-0.255,0.863,-0.585,-0.62,-0.056,-0.037,-0.513,0.268,-0.582,0.017,-0.606,-0.695,-0.476,0.286,-0.536,-0.349,-0.603,0.352,0.018,0.242,0.662,-0.563,-0.631,-0.639,-0.468,0.797,0.685,-0.089,0.484,-0.686,-0.599,0.625,-0.607,-0.336,-0.615,0.553,-0.477,-0.09,-0.551,-0.351,-0.37,-0.538,-0.523,0.062,-0.077,-0.615,-0.631,0.782,-0.09,0.783,0.33,0.792,0.43,0.341,-0.6,-0.056,-0.287,-0.556,0.152,-0.083
ADI,-0.237,-0.189,0.242,-0.558,1.0,0.047,-0.524,0.475,0.624,0.473,0.905,0.137,0.848,-0.474,0.801,-0.006,0.741,0.407,0.713,0.684,0.34,0.859,0.668,0.489,-0.356,0.796,0.794,0.876,0.857,0.453,-0.236,0.397,0.792,0.812,0.772,0.818,0.67,-0.028,0.859,-0.155,-0.518,-0.393,0.777,0.626,0.801,-0.379,0.871,-0.12,0.818,-0.352,0.011,0.369,0.496,0.461,0.151,0.366,-0.253,0.806,0.724,-0.011,0.116,0.428,0.567,0.902,0.817,0.817,0.684,0.908,0.721,-0.208,0.719,0.439,0.246,0.795,-0.016,0.463,0.578,0.819,0.506,0.429,0.525,0.894,0.889,0.655,-0.13,0.658,0.81,0.242,0.789,0.627,0.792,-0.191,0.583,0.554,0.459,-0.606,0.651,0.85,-0.096,0.087,0.843,0.816,0.92,0.61,-0.037,-0.562,0.008,-0.501,-0.232,0.731,0.697,-0.061,0.867,-0.44,0.841,0.024,0.865,0.016,0.876,-0.582,0.021,0.538,0.873,-0.483,0.355,0.447,0.895,0.73,0.938,0.352,-0.32,0.895,0.393,0.743,0.795,0.745,0.448,0.809,0.875,0.302,0.635,-0.46,0.861,0.821,0.332,0.446,0.876,-0.421,0.738,0.265,0.84,0.808,0.857,0.192,0.869,0.736,0.624,0.066,0.127,-0.134,-0.447,0.868,0.834,0.794,0.676,-0.554,-0.467,0.126,-0.083,0.777,0.717,-0.199,0.923,0.677,0.902,-0.559,0.93,0.182,0.697,0.513,0.614,0.869,0.733,0.13,0.13,0.899,0.872,-0.47,0.042,-0.55,-0.115,-0.474,-0.171,0.038,0.871,0.439,0.665,0.893,-0.2,0.387
ADMA,-0.029,-0.283,0.355,-0.01,0.047,1.0,-0.013,-0.152,0.428,0.405,0.125,0.085,0.014,-0.34,0.09,0.147,-0.108,0.282,-0.011,0.063,-0.172,0.017,-0.054,0.237,0.184,-0.128,0.089,0.22,0.027,-0.121,0.283,-0.127,-0.001,0.009,0.125,0.125,-0.03,-0.407,0.06,-0.316,0.027,-0.307,0.098,0.192,0.065,-0.143,-0.004,-0.075,0.265,0.244,0.245,0.346,0.154,0.39,0.391,-0.106,-0.054,0.19,0.115,-0.253,0.191,0.223,-0.012,0.031,-0.076,-0.027,0.133,0.084,0.135,0.39,-0.145,0.009,-0.077,0.139,0.281,0.509,0.127,0.304,-0.016,-0.065,0.18,-0.062,0.062,0.145,-0.083,-0.332,-0.023,0.294,-0.074,0.236,0.019,0.302,-0.201,-0.165,-0.347,-0.068,0.059,0.188,-0.058,-0.315,0.029,0.131,0.091,0.122,-0.44,-0.051,-0.094,-0.092,0.214,-0.26,-0.012,0.384,0.189,-0.021,-0.026,0.171,0.078,0.221,-0.03,-0.007,0.213,0.014,0.05,0.174,0.223,0.07,0.034,0.004,0.069,-0.217,0.265,0.07,0.503,0.222,0.11,0.128,0.194,0.009,0.058,-0.324,0.213,-0.267,0.045,0.113,0.062,0.4,0.026,0.24,-0.091,0.366,0.12,-0.141,0.221,-0.396,0.086,-0.164,0.23,-0.431,0.378,0.076,-0.092,0.197,-0.11,0.127,0.365,0.16,0.286,0.166,0.294,0.042,0.086,-0.124,-0.019,0.293,-0.033,0.281,0.143,-0.013,0.037,0.201,0.364,0.116,0.053,-0.25,0.556,0.053,-0.036,0.095,0.089,0.104,0.17,-0.026,-0.209,0.342,0.071,-0.215,0.429,0.08,0.406,0.125
AEP,0.399,0.212,-0.118,0.623,-0.524,-0.013,1.0,-0.299,-0.288,-0.528,-0.456,0.022,-0.351,0.542,-0.508,0.191,-0.392,-0.287,-0.625,-0.486,-0.355,-0.438,-0.172,-0.117,0.569,-0.512,-0.61,-0.496,-0.558,-0.631,0.301,-0.19,-0.561,-0.509,-0.597,-0.574,-0.601,0.306,-0.481,0.427,0.771,0.433,-0.579,-0.541,-0.422,0.484,-0.522,0.497,-0.329,0.193,0.004,-0.349,-0.223,-0.402,-0.143,-0.029,0.564,-0.469,-0.6,0.302,-0.06,-0.282,0.015,-0.565,-0.389,-0.542,-0.458,-0.534,-0.357,0.306,-0.282,-0.447,-0.171,-0.562,0.18,-0.113,-0.505,-0.368,-0.137,-0.04,-0.364,-0.56,-0.514,-0.46,0.571,-0.208,-0.702,-0.382,-0.372,-0.436,-0.558,0.319,-0.323,-0.473,-0.083,0.746,-0.205,-0.418,0.051,0.256,-0.677,-0.427,-0.492,-0.345,0.48,0.746,0.032,0.517,0.429,-0.322,-0.482,0.018,-0.41,0.519,-0.508,0.11,-0.464,-0.132,-0.535,0.67,-0.062,-0.468,-0.424,0.517,-0.259,-0.408,-0.489,-0.292,-0.507,-0.342,0.356,-0.554,-0.16,-0.6,-0.656,-0.591,-0.377,-0.515,-0.403,-0.265,-0.45,0.705,-0.604,-0.413,-0.381,-0.242,-0.408,0.371,-0.429,-0.27,-0.571,-0.649,-0.624,0.126,-0.553,-0.427,-0.359,0.311,0.049,-0.038,0.703,-0.493,-0.424,-0.632,-0.471,0.617,0.658,0.148,0.172,-0.56,-0.463,0.485,-0.581,-0.319,-0.455,0.29,-0.523,-0.024,-0.251,-0.426,-0.456,-0.436,-0.299,0.065,0.056,-0.563,-0.543,0.442,0.352,0.73,0.126,0.548,0.728,0.066,-0.481,-0.118,-0.459,-0.559,0.228,-0.242
AGNC,0.205,0.294,-0.095,-0.284,0.475,-0.152,-0.299,1.0,0.15,0.038,0.515,-0.359,0.548,-0.044,0.4,0.314,0.548,0.08,0.583,0.466,0.398,0.616,0.538,0.262,-0.342,0.487,0.421,0.435,0.442,0.506,-0.064,0.062,0.489,0.6,0.402,0.433,0.489,-0.081,0.571,-0.115,-0.295,0.053,0.389,0.499,0.402,-0.145,0.392,0.136,0.498,-0.225,0.075,0.164,-0.059,0.186,0.33,0.024,-0.002,0.34,0.377,-0.175,-0.341,0.358,0.525,0.452,0.526,0.558,0.448,0.494,0.346,-0.246,0.332,0.37,0.4,0.324,-0.207,0.176,0.528,0.417,0.476,0.451,0.185,0.528,0.515,0.222,-0.042,0.629,0.367,0.431,0.513,0.54,0.435,-0.378,0.669,0.392,0.627,-0.335,0.221,0.523,0.142,0.299,0.349,0.464,0.471,0.216,0.083,-0.376,0.557,-0.45,-0.309,0.344,0.328,-0.095,0.567,-0.037,0.489,-0.129,0.4,0.235,0.444,-0.381,-0.255,0.561,0.348,-0.092,0.226,-0.023,0.582,0.492,0.42,0.426,-0.014,0.474,0.049,0.559,0.545,0.507,0.493,0.504,0.518,0.192,0.417,-0.055,0.368,0.412,0.441,0.456,0.608,-0.384,0.577,0.202,0.431,0.492,0.492,0.206,0.383,0.437,0.33,0.19,0.241,0.265,-0.351,0.453,0.551,0.304,0.443,-0.173,-0.277,-0.21,-0.236,0.455,0.413,-0.126,0.422,0.411,0.466,-0.261,0.465,0.386,0.687,0.187,0.255,0.457,0.381,-0.103,-0.039,0.397,0.425,-0.095,-0.213,-0.296,0.149,-0.112,-0.104,0.31,0.401,0.155,0.313,0.497,-0.194,0.571
AKBA,-0.047,-0.449,0.576,-0.462,0.624,0.428,-0.288,0.15,1.0,0.618,0.653,0.239,0.59,-0.529,0.623,0.227,0.476,0.553,0.295,0.462,-0.013,0.582,0.449,0.657,-0.037,0.48,0.549,0.684,0.639,0.197,0.15,0.14,0.473,0.496,0.599,0.63,0.295,-0.306,0.618,-0.427,-0.492,-0.514,0.632,0.503,0.569,-0.401,0.6,-0.168,0.675,-0.013,0.262,0.564,0.507,0.624,0.409,0.097,-0.225,0.715,0.484,-0.332,0.309,0.464,0.45,0.626,0.488,0.541,0.499,0.61,0.524,0.068,0.351,0.163,0.049,0.574,0.057,0.686,0.333,0.643,0.185,0.075,0.517,0.564,0.656,0.433,-0.188,0.274,0.454,0.27,0.657,0.534,0.585,0.169,0.297,0.17,-0.061,-0.528,0.514,0.65,-0.065,-0.068,0.551,0.787,0.669,0.575,-0.382,-0.518,-0.276,-0.427,0.192,0.285,0.579,0.417,0.666,-0.434,0.456,0.241,0.506,0.071,0.575,-0.449,0.225,0.405,0.62,-0.152,0.447,0.37,0.629,0.389,0.598,-0.106,0.017,0.581,0.759,0.647,0.46,0.662,0.371,0.515,0.628,0.051,0.568,-0.503,0.656,0.666,0.27,0.554,0.57,-0.008,0.482,0.464,0.537,0.378,0.623,-0.199,0.579,0.358,0.764,-0.301,0.353,-0.253,-0.44,0.712,0.51,0.524,0.661,-0.355,-0.084,0.273,0.277,0.51,0.556,-0.363,0.539,0.719,0.625,-0.117,0.631,0.316,0.453,0.47,0.74,0.656,0.503,-0.096,0.586,0.668,0.53,-0.268,0.118,-0.332,0.039,-0.41,-0.212,0.083,0.63,0.165,0.71,0.578,0.344,0.385
ALT,-0.307,-0.478,0.432,-0.585,0.473,0.405,-0.528,0.038,0.618,1.0,0.445,0.113,0.414,-0.622,0.497,-0.101,0.332,0.411,0.429,0.266,-0.109,0.387,0.281,0.39,-0.117,0.346,0.533,0.51,0.371,0.282,-0.154,0.281,0.422,0.272,0.554,0.576,0.468,-0.396,0.515,-0.447,-0.627,-0.553,0.448,0.472,0.355,-0.454,0.452,-0.325,0.461,-0.248,0.118,0.398,0.482,0.391,0.228,0.127,-0.505,0.506,0.546,-0.247,0.178,0.167,0.088,0.498,0.402,0.482,0.312,0.496,0.36,0.012,0.181,0.255,-0.099,0.456,0.089,0.53,0.263,0.533,0.101,-0.031,0.351,0.45,0.558,0.675,-0.279,0.056,0.491,0.22,0.338,0.34,0.548,0.066,-0.001,0.285,-0.235,-0.676,0.454,0.374,-0.256,-0.295,0.537,0.572,0.543,0.558,-0.518,-0.636,-0.306,-0.482,0.017,0.161,0.359,0.345,0.471,-0.518,0.406,0.163,0.466,0.053,0.421,-0.601,0.178,0.264,0.515,-0.314,0.335,0.435,0.454,0.334,0.491,0.112,-0.14,0.411,0.685,0.521,0.504,0.586,0.292,0.323,0.477,0.186,0.404,-0.706,0.41,0.459,0.156,0.34,0.376,0.068,0.329,0.373,0.432,0.41,0.515,-0.235,0.562,0.287,0.366,-0.359,0.029,-0.165,-0.52,0.488,0.416,0.549,0.494,-0.389,-0.386,0.375,0.09,0.351,0.325,-0.402,0.486,0.383,0.536,-0.111,0.496,0.034,0.27,0.509,0.635,0.537,0.391,-0.045,0.402,0.493,0.371,-0.388,0.07,-0.579,-0.281,-0.571,-0.378,-0.182,0.52,0.124,0.608,0.509,0.064,0.102
AMAT,-0.063,-0.277,0.259,-0.547,0.905,0.125,-0.456,0.515,0.653,0.445,1.0,0.025,0.901,-0.495,0.862,0.102,0.78,0.388,0.638,0.785,0.356,0.869,0.718,0.601,-0.338,0.809,0.851,0.911,0.801,0.384,0.027,0.298,0.81,0.815,0.818,0.843,0.514,-0.179,0.885,-0.262,-0.529,-0.464,0.862,0.567,0.799,-0.494,0.753,-0.206,0.822,-0.379,0.076,0.448,0.432,0.509,0.241,0.184,-0.238,0.867,0.678,-0.113,-0.041,0.566,0.643,0.876,0.792,0.798,0.635,0.89,0.64,-0.212,0.723,0.359,0.205,0.826,-0.101,0.518,0.605,0.838,0.422,0.347,0.578,0.842,0.867,0.6,-0.199,0.635,0.738,0.319,0.826,0.656,0.738,-0.197,0.681,0.52,0.399,-0.605,0.58,0.95,-0.075,0.004,0.771,0.817,0.914,0.523,-0.12,-0.572,0.034,-0.578,-0.203,0.577,0.7,0.05,0.919,-0.436,0.881,-0.014,0.835,0.032,0.863,-0.557,-0.01,0.578,0.833,-0.402,0.334,0.4,0.881,0.65,0.906,0.176,-0.216,0.918,0.478,0.774,0.708,0.756,0.405,0.883,0.847,0.249,0.699,-0.463,0.815,0.87,0.268,0.526,0.925,-0.4,0.822,0.272,0.878,0.732,0.83,0.023,0.785,0.648,0.693,-0.064,0.323,-0.233,-0.523,0.923,0.798,0.766,0.727,-0.534,-0.329,0.147,-0.155,0.801,0.853,-0.313,0.81,0.785,0.844,-0.488,0.921,0.304,0.78,0.506,0.639,0.845,0.672,0.019,0.273,0.898,0.852,-0.45,0.006,-0.455,0.013,-0.474,-0.224,0.133,0.872,0.256,0.643,0.852,-0.02,0.432
AMD,-0.248,-0.067,0.422,0.291,0.137,0.085,0.022,-0.359,0.239,0.113,0.025,1.0,-0.004,0.001,0.098,-0.159,-0.041,0.415,-0.177,-0.203,-0.034,0.099,-0.151,-0.092,0.377,-0.057,-0.077,0.11,0.061,-0.133,-0.177,0.092,-0.116,-0.034,-0.013,0.01,-0.129,0.542,-0.017,0.131,0.055,0.232,-0.001,0.127,0.272,0.312,0.349,0.242,0.165,0.279,0.309,0.195,0.562,0.195,-0.082,0.414,0.301,0.164,0.071,0.173,0.697,-0.064,-0.077,0.178,0.039,0.001,0.199,0.107,0.243,0.3,-0.008,0.108,0.104,-0.061,0.484,0.184,-0.383,0.073,0.223,0.201,0.289,0.1,0.092,0.019,0.228,-0.067,0.068,-0.319,-0.095,0.05,0.056,0.592,-0.203,-0.126,-0.12,0.232,0.281,-0.034,0.101,0.273,0.116,0.121,0.12,0.318,0.152,0.226,-0.575,0.443,0.38,0.408,-0.016,0.019,0.033,0.143,-0.08,0.337,0.004,-0.295,0.109,0.126,0.6,-0.321,0.219,0.035,-0.187,0.655,0.0,-0.056,0.183,-0.222,0.043,0.095,0.086,-0.034,-0.153,-0.025,0.018,-0.073,0.122,-0.083,0.08,0.121,0.102,0.055,-0.146,-0.0,0.012,0.179,-0.089,0.118,-0.053,-0.138,0.08,0.285,0.219,0.287,-0.149,0.196,-0.229,-0.174,0.158,0.072,-0.04,0.115,-0.021,0.045,0.121,0.278,0.468,-0.147,-0.157,0.411,0.143,0.001,0.101,0.101,0.205,-0.173,-0.33,0.232,0.224,0.184,0.101,0.396,0.044,0.104,0.009,0.107,0.216,0.135,-0.006,0.118,0.157,-0.103,0.138,0.385,0.278,0.1,-0.047,-0.181
AMGN,0.014,-0.17,0.305,-0.543,0.848,0.014,-0.351,0.548,0.59,0.414,0.901,-0.004,1.0,-0.399,0.779,0.059,0.801,0.364,0.664,0.671,0.243,0.843,0.815,0.702,-0.295,0.737,0.773,0.816,0.704,0.325,-0.073,0.305,0.769,0.756,0.733,0.799,0.474,-0.063,0.878,-0.178,-0.477,-0.367,0.75,0.521,0.78,-0.408,0.765,-0.074,0.8,-0.42,0.048,0.368,0.459,0.38,0.191,0.238,-0.131,0.802,0.616,-0.056,-0.09,0.422,0.703,0.82,0.829,0.783,0.602,0.869,0.563,-0.284,0.693,0.279,0.165,0.716,-0.144,0.541,0.548,0.889,0.524,0.453,0.458,0.79,0.868,0.554,-0.138,0.69,0.646,0.223,0.78,0.619,0.773,-0.207,0.627,0.501,0.479,-0.574,0.634,0.847,-0.189,0.11,0.689,0.802,0.88,0.513,0.0,-0.502,0.002,-0.588,-0.054,0.62,0.572,0.105,0.878,-0.382,0.8,-0.073,0.769,0.034,0.824,-0.534,-0.049,0.479,0.812,-0.398,0.381,0.324,0.844,0.717,0.827,0.226,-0.227,0.8,0.471,0.734,0.692,0.706,0.369,0.785,0.836,0.287,0.589,-0.356,0.679,0.824,0.234,0.444,0.895,-0.296,0.757,0.243,0.782,0.726,0.776,0.126,0.783,0.682,0.613,0.1,0.207,-0.193,-0.507,0.827,0.788,0.701,0.657,-0.506,-0.371,0.219,-0.209,0.724,0.737,-0.237,0.816,0.721,0.869,-0.523,0.868,0.336,0.792,0.48,0.578,0.845,0.677,-0.007,0.288,0.845,0.774,-0.408,0.079,-0.423,-0.101,-0.504,-0.039,0.117,0.822,0.293,0.581,0.811,-0.107,0.4
AMZN,0.361,0.734,-0.29,0.729,-0.474,-0.34,0.542,-0.044,-0.529,-0.622,-0.495,0.001,-0.399,1.0,-0.571,0.196,-0.311,-0.279,-0.385,-0.54,0.009,-0.298,-0.174,-0.43,0.392,-0.44,-0.601,-0.529,-0.511,-0.293,0.049,-0.285,-0.561,-0.402,-0.635,-0.618,-0.472,0.584,-0.529,0.573,0.593,0.79,-0.59,-0.349,-0.319,0.748,-0.427,0.514,-0.457,0.168,0.084,-0.329,-0.182,-0.407,-0.148,0.054,0.499,-0.523,-0.502,0.248,-0.13,-0.27,-0.101,-0.478,-0.34,-0.514,-0.135,-0.497,-0.347,0.217,-0.33,-0.212,0.13,-0.643,0.19,-0.41,-0.4,-0.54,0.178,0.287,-0.406,-0.447,-0.481,-0.399,0.472,-0.062,-0.482,-0.291,-0.377,-0.3,-0.494,0.23,-0.096,-0.352,0.196,0.682,-0.339,-0.488,0.33,0.439,-0.542,-0.448,-0.498,-0.278,0.566,0.755,0.154,0.574,0.269,-0.119,-0.468,-0.204,-0.421,0.756,-0.437,0.184,-0.535,-0.061,-0.493,0.682,0.135,-0.307,-0.425,0.501,-0.349,-0.217,-0.47,-0.316,-0.472,-0.255,0.331,-0.518,-0.423,-0.516,-0.519,-0.541,-0.159,-0.511,-0.386,-0.141,-0.38,0.846,-0.548,-0.522,-0.131,-0.161,-0.399,0.087,-0.398,-0.18,-0.582,-0.466,-0.486,0.45,-0.492,-0.144,-0.529,0.597,-0.095,0.216,0.625,-0.572,-0.416,-0.609,-0.549,0.589,0.4,-0.136,0.178,-0.595,-0.545,0.506,-0.455,-0.414,-0.447,0.338,-0.461,0.031,-0.33,-0.391,-0.465,-0.448,-0.373,0.012,-0.294,-0.56,-0.506,0.476,-0.096,0.542,0.113,0.648,0.54,0.137,-0.529,0.071,-0.44,-0.457,-0.051,-0.121
APA,-0.085,-0.353,0.215,-0.61,0.801,0.09,-0.508,0.4,0.623,0.497,0.862,0.098,0.779,-0.571,1.0,-0.037,0.675,0.335,0.603,0.733,0.168,0.715,0.628,0.523,-0.275,0.652,0.798,0.891,0.751,0.313,-0.071,0.391,0.794,0.735,0.848,0.932,0.554,-0.214,0.887,-0.257,-0.529,-0.493,0.832,0.508,0.682,-0.506,0.73,-0.315,0.74,-0.404,-0.009,0.497,0.523,0.543,0.139,0.264,-0.43,0.882,0.768,-0.045,0.074,0.461,0.519,0.856,0.796,0.894,0.539,0.861,0.656,-0.222,0.686,0.432,0.046,0.809,-0.077,0.427,0.475,0.775,0.28,0.17,0.561,0.813,0.854,0.597,-0.172,0.63,0.637,0.214,0.747,0.482,0.735,-0.17,0.641,0.64,0.205,-0.587,0.697,0.856,-0.003,-0.017,0.753,0.812,0.872,0.497,-0.169,-0.638,-0.131,-0.508,-0.167,0.565,0.723,0.095,0.725,-0.568,0.774,-0.034,0.798,-0.066,0.807,-0.621,0.013,0.426,0.782,-0.483,0.345,0.434,0.84,0.653,0.861,0.226,-0.297,0.861,0.487,0.81,0.579,0.803,0.274,0.829,0.827,0.321,0.637,-0.559,0.74,0.924,0.183,0.357,0.814,-0.37,0.844,0.228,0.813,0.659,0.718,-0.007,0.782,0.652,0.633,-0.151,0.245,-0.286,-0.487,0.859,0.758,0.758,0.675,-0.609,-0.425,0.193,-0.096,0.789,0.749,-0.358,0.758,0.627,0.774,-0.475,0.822,0.339,0.667,0.666,0.551,0.848,0.73,0.111,0.271,0.843,0.826,-0.49,0.066,-0.517,0.003,-0.499,-0.255,-0.082,0.926,0.306,0.644,0.844,-0.041,0.273
APPS,0.593,0.294,0.289,0.319,-0.006,0.147,0.191,0.314,0.227,-0.101,0.102,-0.159,0.059,0.196,-0.037,1.0,-0.147,0.337,-0.128,0.081,0.353,0.31,-0.037,0.359,0.168,-0.044,-0.182,0.07,0.14,0.201,0.585,-0.517,-0.12,0.244,-0.109,0.012,-0.123,-0.112,0.073,-0.284,0.014,0.251,0.019,0.34,0.142,0.043,-0.04,0.26,0.092,0.46,0.63,0.393,-0.075,0.442,0.637,-0.496,0.231,0.038,-0.197,-0.531,-0.341,0.611,0.356,-0.015,-0.177,-0.047,0.298,-0.03,-0.054,0.408,-0.322,0.149,0.62,-0.147,0.128,0.219,0.024,-0.124,-0.006,0.013,0.187,0.03,-0.016,-0.112,0.027,-0.01,-0.1,0.542,0.155,0.511,-0.141,0.245,0.241,-0.352,-0.021,0.099,-0.315,0.159,0.543,0.102,-0.155,0.23,0.034,0.01,-0.178,-0.015,0.398,-0.219,0.209,-0.253,0.151,0.437,0.251,0.408,-0.148,0.522,-0.189,0.525,-0.021,0.184,0.122,0.294,-0.215,0.716,0.226,-0.039,0.096,-0.201,-0.079,-0.309,0.759,-0.013,0.298,0.195,0.0,0.149,0.559,0.008,0.066,-0.544,0.433,0.272,0.11,-0.022,0.572,0.687,0.074,0.177,0.036,0.613,0.015,-0.151,0.198,-0.142,-0.13,-0.177,0.215,-0.126,0.663,0.243,-0.061,0.088,-0.086,-0.252,0.418,0.543,0.522,-0.215,0.388,-0.014,0.1,-0.144,-0.148,0.482,-0.073,0.43,0.017,0.521,0.157,-0.078,0.26,-0.069,-0.221,-0.396,0.469,-0.029,-0.157,0.62,-0.333,0.319,0.522,0.3,-0.1,0.669,-0.113,-0.27,0.267,-0.068,0.563,0.77
ARCC,-0.075,-0.182,0.039,-0.605,0.741,-0.108,-0.392,0.548,0.476,0.332,0.78,-0.041,0.801,-0.311,0.675,-0.147,1.0,0.109,0.645,0.586,0.145,0.719,0.767,0.459,-0.372,0.782,0.805,0.681,0.617,0.304,-0.208,0.542,0.727,0.615,0.632,0.638,0.473,-0.054,0.735,-0.075,-0.519,-0.358,0.633,0.385,0.607,-0.326,0.656,-0.163,0.638,-0.539,-0.175,0.135,0.305,0.185,-0.01,0.337,-0.133,0.65,0.591,0.073,-0.023,0.257,0.495,0.684,0.79,0.7,0.465,0.725,0.535,-0.413,0.721,0.204,-0.021,0.731,-0.222,0.315,0.553,0.768,0.435,0.375,0.346,0.749,0.746,0.481,-0.097,0.711,0.604,0.13,0.732,0.375,0.723,-0.346,0.622,0.517,0.431,-0.605,0.592,0.764,-0.222,0.209,0.657,0.654,0.725,0.484,0.051,-0.459,-0.027,-0.442,-0.234,0.589,0.56,-0.081,0.721,-0.452,0.802,-0.206,0.75,-0.111,0.723,-0.487,-0.155,0.583,0.761,-0.569,0.23,0.236,0.748,0.672,0.724,0.305,-0.45,0.745,0.297,0.622,0.641,0.583,0.218,0.739,0.714,0.525,0.336,-0.392,0.602,0.722,0.1,0.239,0.824,-0.277,0.717,-0.0,0.674,0.748,0.577,0.199,0.644,0.694,0.543,0.197,0.03,-0.219,-0.449,0.71,0.783,0.625,0.461,-0.639,-0.5,0.148,-0.295,0.704,0.632,-0.187,0.73,0.491,0.778,-0.547,0.737,0.254,0.678,0.38,0.407,0.737,0.665,0.191,0.033,0.709,0.728,-0.587,0.246,-0.576,-0.221,-0.483,-0.057,-0.149,0.727,0.357,0.364,0.696,-0.228,0.203
ARDX,0.039,-0.068,0.756,-0.019,0.407,0.282,-0.287,0.08,0.553,0.411,0.388,0.415,0.364,-0.279,0.335,0.337,0.109,1.0,0.129,0.076,0.169,0.506,0.062,0.414,0.29,0.196,0.186,0.413,0.414,0.418,0.109,-0.297,0.094,0.36,0.255,0.399,0.189,0.029,0.438,-0.502,-0.368,-0.044,0.299,0.645,0.623,-0.045,0.551,0.198,0.539,0.383,0.708,0.713,0.613,0.725,0.657,-0.01,-0.036,0.475,0.238,-0.448,0.312,0.508,0.352,0.51,0.174,0.291,0.691,0.394,0.29,0.407,-0.032,0.329,0.525,0.168,0.417,0.572,-0.021,0.301,0.305,0.216,0.561,0.383,0.396,0.262,-0.074,0.045,0.332,0.279,0.191,0.676,0.267,0.573,0.125,-0.136,-0.045,-0.143,0.27,0.334,0.233,0.028,0.402,0.579,0.448,0.492,-0.373,-0.281,-0.17,-0.206,0.418,0.231,0.253,0.499,0.488,0.053,0.117,0.492,0.112,0.316,0.286,-0.354,0.653,0.116,0.351,0.258,0.382,0.438,0.352,0.093,0.348,-0.278,0.452,0.312,0.559,0.42,0.315,0.415,0.618,0.19,0.434,-0.383,0.682,-0.187,0.44,0.291,0.415,0.544,0.252,0.038,0.169,0.822,0.308,0.178,0.593,0.047,0.456,0.243,0.247,-0.208,0.365,0.118,-0.3,0.433,0.197,0.267,0.557,0.061,0.119,-0.085,0.462,0.117,0.18,-0.035,0.336,0.61,0.37,0.249,0.462,0.221,0.117,0.498,0.81,0.419,0.153,-0.148,0.523,0.41,0.162,0.214,-0.255,0.014,0.302,-0.056,-0.287,0.343,0.326,0.131,0.77,0.377,0.213,0.444
ATER,-0.249,0.024,-0.073,-0.624,0.713,-0.011,-0.625,0.583,0.295,0.429,0.638,-0.177,0.664,-0.385,0.603,-0.128,0.645,0.129,1.0,0.576,0.354,0.643,0.542,0.253,-0.519,0.527,0.618,0.662,0.642,0.58,-0.314,0.326,0.715,0.641,0.694,0.672,0.797,-0.158,0.7,-0.15,-0.486,-0.322,0.626,0.6,0.524,-0.299,0.643,-0.193,0.583,-0.37,-0.194,0.151,0.214,0.197,0.084,0.278,-0.353,0.528,0.721,0.011,-0.022,0.206,0.305,0.689,0.738,0.728,0.501,0.746,0.63,-0.36,0.663,0.563,0.166,0.639,-0.074,0.158,0.615,0.637,0.424,0.357,0.261,0.589,0.743,0.527,-0.206,0.574,0.664,0.362,0.563,0.486,0.697,-0.408,0.554,0.618,0.506,-0.647,0.482,0.582,-0.271,-0.03,0.702,0.54,0.646,0.408,-0.127,-0.564,0.265,-0.544,-0.436,0.539,0.408,-0.183,0.603,-0.409,0.768,-0.177,0.616,0.23,0.736,-0.694,-0.149,0.662,0.633,-0.528,0.253,0.196,0.723,0.737,0.713,0.634,-0.429,0.683,0.204,0.666,0.797,0.706,0.445,0.694,0.644,0.344,0.427,-0.536,0.61,0.655,0.417,0.334,0.719,-0.466,0.641,0.159,0.777,0.804,0.661,0.184,0.76,0.626,0.411,0.049,-0.034,0.214,-0.551,0.632,0.673,0.707,0.559,-0.555,-0.686,-0.106,-0.263,0.65,0.612,-0.182,0.714,0.454,0.67,-0.514,0.649,0.126,0.66,0.484,0.318,0.67,0.549,0.119,-0.048,0.646,0.72,-0.454,-0.166,-0.624,-0.282,-0.53,-0.268,-0.05,0.684,0.331,0.473,0.746,-0.328,0.33
ATOS,-0.064,-0.336,0.062,-0.608,0.684,0.063,-0.486,0.466,0.462,0.266,0.785,-0.203,0.671,-0.54,0.733,0.081,0.586,0.076,0.576,1.0,0.33,0.593,0.545,0.461,-0.553,0.669,0.724,0.68,0.71,0.308,0.173,0.21,0.805,0.73,0.79,0.7,0.496,-0.395,0.676,-0.347,-0.524,-0.582,0.847,0.344,0.522,-0.662,0.517,-0.418,0.532,-0.304,-0.095,0.359,0.054,0.413,0.113,-0.011,-0.31,0.677,0.56,-0.157,-0.239,0.553,0.486,0.666,0.548,0.65,0.378,0.683,0.439,-0.454,0.584,0.244,0.105,0.799,-0.348,0.312,0.676,0.604,0.154,0.118,0.487,0.623,0.634,0.428,-0.428,0.428,0.663,0.351,0.71,0.485,0.584,-0.501,0.649,0.562,0.263,-0.617,0.266,0.771,-0.062,-0.194,0.64,0.58,0.664,0.148,-0.23,-0.559,0.158,-0.639,-0.463,0.332,0.679,-0.002,0.675,-0.54,0.71,-0.231,0.684,0.107,0.7,-0.48,-0.303,0.63,0.546,-0.439,0.307,0.248,0.677,0.432,0.664,0.293,-0.292,0.768,0.25,0.668,0.589,0.674,0.232,0.805,0.549,0.201,0.574,-0.509,0.726,0.698,0.201,0.426,0.717,-0.488,0.762,0.128,0.79,0.644,0.647,-0.278,0.526,0.386,0.758,-0.28,0.347,-0.273,-0.58,0.765,0.588,0.642,0.613,-0.549,-0.342,0.067,-0.365,0.821,0.848,-0.502,0.575,0.618,0.552,-0.449,0.668,0.251,0.685,0.325,0.346,0.557,0.421,-0.137,0.099,0.746,0.741,-0.472,-0.088,-0.446,0.028,-0.535,-0.379,0.145,0.643,-0.073,0.37,0.591,0.094,0.446
AUPH,0.038,0.262,0.003,-0.021,0.34,-0.172,-0.355,0.398,-0.013,-0.109,0.356,-0.034,0.243,0.009,0.168,0.353,0.145,0.169,0.354,0.33,1.0,0.474,0.104,0.005,-0.302,0.312,0.178,0.332,0.412,0.585,-0.01,-0.187,0.19,0.524,0.149,0.207,0.217,0.094,0.266,-0.068,-0.225,0.162,0.27,0.496,0.415,-0.047,0.252,-0.05,0.213,0.094,0.233,0.143,-0.013,0.213,0.25,-0.246,-0.008,0.164,0.128,-0.212,-0.111,0.453,0.159,0.377,0.218,0.307,0.442,0.306,0.195,-0.035,0.16,0.325,0.609,0.191,0.054,-0.133,0.403,0.074,0.147,0.195,0.381,0.298,0.279,0.033,-0.144,0.3,0.413,0.473,0.325,0.5,0.291,-0.167,0.447,0.122,0.393,-0.188,-0.057,0.369,0.279,0.036,0.224,0.249,0.261,0.123,-0.005,-0.242,0.425,-0.227,-0.315,0.239,0.294,-0.178,0.407,0.121,0.269,0.169,0.111,0.205,0.412,-0.194,0.078,0.42,0.124,0.041,-0.018,0.236,0.375,0.184,0.316,0.131,0.099,0.33,-0.176,0.341,0.307,0.273,0.481,0.378,0.305,-0.116,0.496,-0.024,0.399,0.229,0.5,0.339,0.352,-0.369,0.361,0.302,0.352,0.274,0.391,0.198,0.246,0.319,0.112,0.095,0.141,0.247,-0.338,0.268,0.226,0.203,0.413,0.001,-0.154,-0.38,-0.03,0.239,0.319,-0.097,0.301,0.37,0.254,-0.213,0.34,0.229,0.323,0.073,0.175,0.216,0.085,0.016,-0.161,0.273,0.299,0.061,-0.536,-0.207,0.223,0.036,-0.311,0.35,0.201,0.126,0.233,0.299,-0.131,0.521
AVGO,0.007,0.012,0.306,-0.374,0.859,0.017,-0.438,0.616,0.582,0.387,0.869,0.099,0.843,-0.298,0.715,0.31,0.719,0.506,0.643,0.593,0.474,1.0,0.645,0.563,-0.252,0.696,0.682,0.819,0.797,0.526,-0.089,0.19,0.646,0.807,0.614,0.759,0.548,0.031,0.839,-0.239,-0.535,-0.148,0.677,0.738,0.833,-0.24,0.806,0.029,0.777,-0.222,0.262,0.411,0.475,0.536,0.346,0.159,-0.061,0.749,0.578,-0.226,-0.007,0.57,0.646,0.811,0.74,0.752,0.779,0.816,0.629,-0.09,0.53,0.48,0.498,0.649,0.087,0.44,0.571,0.736,0.588,0.532,0.543,0.802,0.826,0.541,-0.112,0.691,0.681,0.402,0.755,0.746,0.686,-0.071,0.659,0.406,0.491,-0.526,0.514,0.838,0.101,0.204,0.693,0.833,0.842,0.591,-0.052,-0.515,0.163,-0.523,-0.103,0.639,0.633,0.052,0.924,-0.166,0.725,0.222,0.677,0.187,0.814,-0.48,0.129,0.614,0.754,-0.192,0.296,0.439,0.857,0.616,0.811,0.197,-0.018,0.802,0.409,0.758,0.681,0.715,0.655,0.748,0.858,0.148,0.689,-0.275,0.772,0.728,0.483,0.639,0.884,-0.302,0.684,0.448,0.76,0.675,0.831,0.257,0.751,0.68,0.58,0.136,0.282,-0.005,-0.503,0.818,0.76,0.607,0.744,-0.317,-0.306,-0.006,0.038,0.665,0.649,-0.143,0.761,0.76,0.819,-0.391,0.893,0.366,0.691,0.491,0.645,0.8,0.585,0.062,0.208,0.791,0.726,-0.2,-0.122,-0.413,0.032,-0.324,-0.171,0.257,0.773,0.36,0.692,0.793,-0.089,0.602
AZN,0.066,-0.121,0.106,-0.538,0.668,-0.054,-0.172,0.538,0.449,0.281,0.718,-0.151,0.815,-0.174,0.628,-0.037,0.767,0.062,0.542,0.545,0.104,0.645,1.0,0.582,-0.304,0.643,0.634,0.651,0.54,0.178,-0.132,0.378,0.605,0.577,0.532,0.633,0.347,-0.097,0.69,0.108,-0.348,-0.325,0.539,0.257,0.561,-0.301,0.505,-0.15,0.588,-0.554,-0.185,0.1,0.233,0.142,-0.027,0.19,-0.172,0.633,0.416,0.167,-0.186,0.265,0.582,0.613,0.761,0.68,0.411,0.638,0.351,-0.444,0.598,0.046,-0.071,0.611,-0.265,0.395,0.589,0.773,0.43,0.387,0.288,0.618,0.7,0.472,-0.098,0.682,0.464,0.039,0.765,0.307,0.708,-0.389,0.547,0.506,0.418,-0.498,0.578,0.714,-0.209,0.088,0.486,0.657,0.701,0.305,0.189,-0.371,0.035,-0.498,-0.057,0.467,0.51,0.004,0.712,-0.397,0.671,-0.203,0.676,-0.118,0.632,-0.382,-0.228,0.389,0.679,-0.421,0.224,0.133,0.713,0.667,0.633,0.282,-0.336,0.619,0.361,0.577,0.54,0.535,0.108,0.633,0.682,0.463,0.322,-0.235,0.47,0.674,0.01,0.273,0.761,-0.248,0.671,0.006,0.576,0.59,0.503,0.117,0.552,0.563,0.547,0.228,0.131,-0.266,-0.389,0.65,0.731,0.479,0.435,-0.437,-0.38,0.276,-0.387,0.596,0.549,-0.257,0.66,0.446,0.744,-0.502,0.671,0.301,0.778,0.277,0.359,0.678,0.687,-0.003,0.154,0.637,0.641,-0.503,0.158,-0.421,-0.231,-0.434,0.118,0.016,0.676,0.295,0.322,0.611,-0.161,0.218
BCRX,0.316,-0.407,0.584,-0.439,0.489,0.237,-0.117,0.262,0.657,0.39,0.601,-0.092,0.702,-0.43,0.523,0.359,0.459,0.414,0.253,0.461,0.005,0.563,0.582,1.0,-0.091,0.435,0.432,0.543,0.524,0.164,0.325,-0.035,0.405,0.53,0.456,0.551,0.135,-0.393,0.608,-0.409,-0.453,-0.495,0.519,0.328,0.508,-0.538,0.398,-0.205,0.556,-0.121,0.224,0.47,0.315,0.511,0.405,-0.197,-0.148,0.643,0.226,-0.345,-0.267,0.59,0.597,0.454,0.36,0.456,0.385,0.511,0.162,-0.107,0.268,-0.039,0.079,0.483,-0.193,0.662,0.408,0.635,0.073,0.008,0.45,0.456,0.537,0.326,-0.277,0.287,0.295,0.317,0.581,0.486,0.47,-0.051,0.342,0.047,-0.055,-0.507,0.334,0.628,-0.015,-0.137,0.333,0.673,0.577,0.261,-0.324,-0.413,-0.065,-0.642,0.271,0.075,0.518,0.6,0.665,-0.4,0.378,0.062,0.41,0.149,0.475,-0.339,-0.067,0.324,0.394,-0.06,0.601,0.081,0.517,0.297,0.43,-0.114,0.097,0.47,0.673,0.589,0.429,0.555,0.286,0.478,0.503,-0.065,0.517,-0.357,0.483,0.555,0.175,0.457,0.52,0.136,0.428,0.414,0.519,0.373,0.559,-0.314,0.399,0.183,0.637,-0.298,0.516,-0.296,-0.493,0.596,0.415,0.339,0.705,-0.218,-0.002,0.214,-0.109,0.492,0.57,-0.494,0.431,0.702,0.528,-0.114,0.504,0.499,0.515,0.208,0.572,0.51,0.354,-0.33,0.692,0.546,0.372,-0.153,0.051,-0.176,0.092,-0.386,-0.17,0.282,0.446,-0.119,0.461,0.411,0.389,0.473
BGC,0.352,0.195,0.348,0.602,-0.356,0.184,0.569,-0.342,-0.037,-0.117,-0.338,0.377,-0.295,0.392,-0.275,0.168,-0.372,0.29,-0.519,-0.553,-0.302,-0.252,-0.304,-0.091,1.0,-0.591,-0.496,-0.284,-0.445,-0.311,0.212,-0.28,-0.549,-0.472,-0.366,-0.342,-0.431,0.363,-0.24,0.062,0.413,0.435,-0.394,-0.108,-0.063,0.522,-0.143,0.524,-0.043,0.469,0.47,0.223,0.408,-0.028,0.248,0.141,0.32,-0.257,-0.257,0.055,0.325,-0.166,0.048,-0.276,-0.313,-0.385,0.0,-0.294,-0.114,0.711,-0.317,-0.122,-0.007,-0.551,0.603,0.135,-0.639,-0.283,0.053,0.057,0.062,-0.331,-0.269,-0.17,0.584,-0.245,-0.464,-0.336,-0.432,-0.134,-0.458,0.795,-0.298,-0.586,-0.232,0.613,0.094,-0.357,0.237,0.324,-0.367,-0.091,-0.267,-0.0,0.147,0.548,-0.256,0.61,0.765,-0.209,-0.476,0.391,-0.272,0.516,-0.464,0.433,-0.456,-0.061,-0.436,0.359,0.567,-0.57,-0.258,0.576,0.079,-0.016,-0.383,-0.253,-0.311,-0.515,0.568,-0.454,0.189,-0.31,-0.514,-0.28,-0.058,-0.488,-0.097,-0.442,-0.007,0.456,-0.439,-0.28,-0.204,-0.004,-0.379,0.372,-0.317,0.228,-0.456,-0.55,-0.298,0.21,-0.221,-0.181,-0.361,0.08,0.082,0.049,0.592,-0.293,-0.346,-0.426,-0.196,0.567,0.655,0.057,0.574,-0.614,-0.473,0.414,-0.414,-0.105,-0.318,0.553,-0.283,0.128,-0.401,0.04,0.058,-0.142,-0.156,0.041,0.335,-0.341,-0.486,0.536,0.199,0.621,0.369,0.641,0.38,0.093,-0.298,0.097,0.079,-0.276,0.235,-0.203
BIDU,-0.205,-0.276,0.064,-0.618,0.796,-0.128,-0.512,0.487,0.48,0.346,0.809,-0.057,0.737,-0.44,0.652,-0.044,0.782,0.196,0.527,0.669,0.312,0.696,0.643,0.435,-0.591,1.0,0.849,0.668,0.71,0.389,-0.173,0.442,0.766,0.731,0.624,0.632,0.462,-0.151,0.677,-0.137,-0.541,-0.435,0.661,0.369,0.569,-0.489,0.593,-0.289,0.541,-0.521,-0.157,0.149,0.164,0.302,-0.024,0.173,-0.234,0.686,0.516,-0.02,-0.142,0.41,0.414,0.727,0.655,0.691,0.416,0.698,0.434,-0.471,0.581,0.191,0.139,0.762,-0.328,0.304,0.587,0.667,0.314,0.26,0.37,0.799,0.684,0.504,-0.295,0.577,0.744,0.257,0.739,0.441,0.728,-0.448,0.534,0.551,0.365,-0.643,0.366,0.764,-0.11,-0.039,0.707,0.604,0.757,0.429,-0.027,-0.575,0.008,-0.565,-0.418,0.549,0.731,-0.172,0.723,-0.507,0.771,-0.185,0.794,-0.106,0.732,-0.512,-0.211,0.57,0.72,-0.542,0.15,0.339,0.75,0.511,0.742,0.272,-0.429,0.789,0.197,0.578,0.689,0.549,0.227,0.715,0.614,0.465,0.407,-0.444,0.722,0.655,0.189,0.273,0.746,-0.306,0.654,0.051,0.689,0.772,0.657,0.022,0.612,0.599,0.55,0.038,0.071,-0.263,-0.532,0.685,0.72,0.664,0.468,-0.616,-0.494,0.159,-0.329,0.747,0.66,-0.327,0.791,0.496,0.784,-0.57,0.743,0.12,0.638,0.251,0.457,0.634,0.546,0.095,-0.03,0.736,0.731,-0.602,0.06,-0.622,-0.208,-0.574,-0.225,-0.017,0.682,0.193,0.339,0.664,-0.202,0.297
BILI,-0.232,-0.378,0.098,-0.704,0.794,0.089,-0.61,0.421,0.549,0.533,0.851,-0.077,0.773,-0.601,0.798,-0.182,0.805,0.186,0.618,0.724,0.178,0.682,0.634,0.432,-0.496,0.849,1.0,0.785,0.619,0.305,-0.182,0.547,0.864,0.647,0.784,0.797,0.545,-0.266,0.792,-0.24,-0.615,-0.546,0.767,0.416,0.597,-0.552,0.651,-0.371,0.643,-0.551,-0.151,0.297,0.338,0.312,0.018,0.259,-0.39,0.733,0.719,-0.057,-0.009,0.283,0.406,0.761,0.745,0.773,0.435,0.787,0.544,-0.363,0.65,0.315,-0.037,0.849,-0.247,0.385,0.576,0.799,0.312,0.215,0.399,0.822,0.782,0.636,-0.317,0.557,0.734,0.26,0.675,0.461,0.757,-0.381,0.527,0.662,0.263,-0.732,0.533,0.816,-0.266,-0.123,0.79,0.653,0.8,0.504,-0.178,-0.691,-0.088,-0.566,-0.356,0.516,0.601,-0.07,0.728,-0.591,0.845,-0.184,0.881,-0.076,0.751,-0.611,-0.13,0.52,0.794,-0.619,0.24,0.385,0.753,0.616,0.779,0.267,-0.439,0.79,0.364,0.713,0.699,0.65,0.24,0.786,0.706,0.471,0.453,-0.623,0.665,0.757,0.133,0.29,0.804,-0.324,0.734,0.087,0.76,0.788,0.713,-0.042,0.718,0.644,0.592,-0.087,0.038,-0.263,-0.556,0.787,0.756,0.788,0.524,-0.723,-0.548,0.226,-0.263,0.781,0.705,-0.402,0.817,0.516,0.784,-0.56,0.821,0.156,0.658,0.503,0.529,0.757,0.685,0.092,0.078,0.82,0.826,-0.63,0.14,-0.676,-0.207,-0.599,-0.295,-0.103,0.805,0.226,0.488,0.785,-0.206,0.184
BKR,-0.126,-0.251,0.267,-0.532,0.876,0.22,-0.496,0.435,0.684,0.51,0.911,0.11,0.816,-0.529,0.891,0.07,0.681,0.413,0.662,0.68,0.332,0.819,0.651,0.543,-0.284,0.668,0.785,1.0,0.801,0.402,-0.099,0.315,0.744,0.751,0.794,0.892,0.586,-0.166,0.885,-0.196,-0.515,-0.445,0.795,0.636,0.769,-0.394,0.761,-0.186,0.825,-0.301,0.05,0.479,0.532,0.519,0.224,0.252,-0.359,0.856,0.751,-0.094,0.134,0.485,0.535,0.858,0.821,0.848,0.645,0.887,0.739,-0.083,0.696,0.486,0.169,0.817,0.01,0.469,0.583,0.834,0.374,0.283,0.571,0.801,0.879,0.588,-0.104,0.627,0.689,0.31,0.782,0.638,0.749,-0.095,0.63,0.554,0.308,-0.6,0.684,0.892,-0.034,0.01,0.748,0.831,0.883,0.627,-0.17,-0.591,-0.054,-0.508,-0.149,0.581,0.674,0.064,0.846,-0.456,0.796,0.109,0.784,0.058,0.84,-0.547,0.083,0.533,0.814,-0.402,0.34,0.41,0.875,0.719,0.897,0.24,-0.237,0.866,0.51,0.834,0.669,0.777,0.431,0.863,0.87,0.26,0.69,-0.527,0.781,0.89,0.352,0.483,0.867,-0.368,0.786,0.309,0.851,0.682,0.79,0.108,0.837,0.678,0.638,-0.059,0.249,-0.134,-0.501,0.9,0.774,0.745,0.766,-0.521,-0.383,0.131,-0.005,0.748,0.756,-0.285,0.808,0.718,0.826,-0.498,0.898,0.315,0.728,0.632,0.616,0.891,0.741,0.117,0.296,0.836,0.836,-0.411,-0.004,-0.522,-0.022,-0.441,-0.225,0.056,0.898,0.432,0.727,0.882,-0.095,0.358
BLDP,-0.187,-0.224,0.224,-0.586,0.857,0.027,-0.558,0.442,0.639,0.371,0.801,0.061,0.704,-0.511,0.751,0.14,0.617,0.414,0.642,0.71,0.412,0.797,0.54,0.524,-0.445,0.71,0.619,0.801,1.0,0.569,-0.087,0.172,0.68,0.865,0.713,0.749,0.625,-0.218,0.759,-0.35,-0.586,-0.467,0.782,0.622,0.718,-0.475,0.756,-0.248,0.698,-0.182,0.023,0.379,0.345,0.633,0.23,0.11,-0.335,0.807,0.618,-0.199,0.058,0.632,0.507,0.809,0.652,0.749,0.664,0.801,0.641,-0.291,0.61,0.398,0.337,0.757,-0.059,0.334,0.692,0.645,0.324,0.258,0.552,0.73,0.77,0.495,-0.288,0.565,0.733,0.375,0.836,0.591,0.686,-0.243,0.614,0.434,0.34,-0.639,0.464,0.803,0.118,-0.012,0.753,0.792,0.802,0.448,-0.208,-0.604,0.099,-0.606,-0.303,0.568,0.868,0.004,0.778,-0.484,0.691,0.054,0.657,0.16,0.829,-0.596,-0.029,0.665,0.694,-0.428,0.38,0.31,0.847,0.58,0.81,0.318,-0.271,0.882,0.34,0.751,0.707,0.775,0.483,0.799,0.759,0.19,0.651,-0.526,0.963,0.768,0.437,0.471,0.744,-0.446,0.662,0.327,0.844,0.711,0.779,0.032,0.732,0.538,0.759,-0.155,0.301,-0.1,-0.581,0.822,0.72,0.673,0.752,-0.537,-0.422,-0.127,-0.072,0.8,0.764,-0.317,0.737,0.723,0.746,-0.482,0.78,0.245,0.623,0.394,0.548,0.73,0.551,0.047,0.156,0.811,0.784,-0.427,-0.177,-0.523,0.026,-0.49,-0.35,0.103,0.753,0.251,0.603,0.75,-0.008,0.516
BLNK,-0.125,0.152,0.173,-0.412,0.453,-0.121,-0.631,0.506,0.197,0.282,0.384,-0.133,0.325,-0.293,0.313,0.201,0.304,0.418,0.58,0.308,0.585,0.526,0.178,0.164,-0.311,0.389,0.305,0.402,0.569,1.0,-0.182,-0.075,0.342,0.537,0.371,0.395,0.565,-0.218,0.499,-0.42,-0.54,-0.17,0.37,0.738,0.427,-0.237,0.425,-0.093,0.412,0.094,0.228,0.329,0.106,0.394,0.374,-0.056,-0.344,0.302,0.436,-0.348,-0.053,0.453,0.185,0.534,0.363,0.469,0.505,0.461,0.356,-0.106,0.204,0.523,0.519,0.285,0.021,0.016,0.47,0.21,0.195,0.143,0.502,0.435,0.434,0.32,-0.253,0.306,0.559,0.497,0.363,0.567,0.454,-0.209,0.377,0.239,0.279,-0.485,0.182,0.365,0.167,-0.018,0.515,0.465,0.449,0.303,-0.352,-0.56,0.342,-0.489,-0.288,0.21,0.368,-0.012,0.466,-0.205,0.361,0.113,0.233,0.437,0.413,-0.664,0.057,0.5,0.304,-0.114,0.278,0.161,0.517,0.352,0.402,0.32,0.004,0.42,0.124,0.499,0.592,0.488,0.642,0.366,0.445,0.063,0.589,-0.433,0.519,0.332,0.665,0.359,0.353,-0.347,0.441,0.48,0.45,0.577,0.55,0.11,0.495,0.364,0.238,-0.186,0.142,0.405,-0.517,0.366,0.418,0.344,0.55,-0.21,-0.405,-0.442,-0.064,0.35,0.311,-0.227,0.432,0.412,0.435,-0.149,0.385,0.171,0.408,0.353,0.452,0.391,0.204,-0.088,0.04,0.409,0.332,-0.093,-0.473,-0.502,0.138,-0.272,-0.538,0.106,0.334,0.191,0.464,0.469,-0.258,0.517
BYND,0.64,-0.134,0.291,0.243,-0.236,0.283,0.301,-0.064,0.15,-0.154,0.027,-0.177,-0.073,0.049,-0.071,0.585,-0.208,0.109,-0.314,0.173,-0.01,-0.089,-0.132,0.325,0.212,-0.173,-0.182,-0.099,-0.087,-0.182,1.0,-0.56,-0.107,0.04,0.012,-0.168,-0.421,-0.363,-0.151,-0.374,0.095,-0.132,0.152,-0.166,-0.052,-0.222,-0.318,-0.029,-0.03,0.403,0.422,0.413,-0.176,0.336,0.427,-0.497,0.156,-0.001,-0.275,-0.336,-0.385,0.514,0.275,-0.188,-0.404,-0.308,-0.016,-0.177,-0.26,0.254,-0.192,-0.23,0.062,-0.09,-0.101,0.274,-0.079,-0.216,-0.277,-0.266,0.15,-0.219,-0.241,-0.162,-0.137,-0.299,-0.251,0.28,-0.023,0.182,-0.329,0.138,0.157,-0.429,-0.298,0.143,-0.437,0.055,0.254,-0.146,-0.21,-0.044,-0.148,-0.368,-0.279,0.151,0.131,-0.125,0.259,-0.503,-0.001,0.506,0.004,0.125,-0.123,0.128,-0.232,0.277,-0.218,0.235,-0.041,0.108,-0.334,0.504,0.256,-0.166,-0.218,-0.454,-0.244,-0.535,0.529,-0.067,0.264,0.001,-0.198,0.012,0.046,0.024,-0.228,-0.594,0.253,0.135,-0.01,-0.094,0.032,0.427,-0.098,0.09,-0.035,0.314,0.016,-0.268,0.015,-0.561,-0.343,-0.447,0.271,-0.464,0.722,-0.148,0.017,0.022,-0.345,-0.216,0.164,0.307,0.614,-0.014,0.082,-0.056,0.254,-0.296,-0.355,0.357,-0.366,0.569,-0.184,0.434,-0.022,-0.211,0.1,-0.253,-0.327,-0.499,0.541,-0.084,-0.179,0.366,-0.167,0.493,0.571,0.26,-0.152,0.536,-0.265,-0.627,-0.01,-0.268,0.802,0.366
