,AAL,AAPL,ABUS,ADBE,ADI,ADMA,AEP,AGNC,AKBA,ALT,AMAT,AMD,AMGN,AMZN,APA,APPS,ARCC,ARDX,ATER,ATOS,AUPH,AVGO,AZN,BCRX,BGC,BIDU,BILI,BKR,BLDP,BLNK,BYND,CAN,CELH,CG,CGC,CHRD,CLNE,CMCSA,COMM,COST,CPB,CPRT,CRON,CRWD,CSCO,CSGP,CSX,CTSH,CZR,DBX,DDOG,DKNG,DLTR,DOCU,DVAX,DXCM,EA,EBAY,ENPH,ERIC,ESPR,ETSY,EXC,EXEL,EXPE,FANG,FAST,FITB,FLEX,FOLD,FOXA,FSLR,FTNT,FUTU,GEN,GERN,GEVO,GILD,GOOG,GOOGL,GPRO,GT,HBAN,HIVE,HON,HST,HUT,IBRX,INTC,IOVA,IQ,IRWD,JBLU,JD,KDP,KHC,LBTYK,LRCX,LYFT,MAR,MARA,MAT,MCHP,MCRB,MDLZ,META,MGNI,MLCO,MNKD,MNST,MOMO,MRNA,MRVL,MSFT,MSTR,MTCH,MU,MVIS,NDAQ,NFLX,NKTR,NNDM,NTES,NTNX,NVAX,NVDA,NWL,NWSA,NXPI,OCGN,OKTA,ON,OPK,PAA,PACB,PAGP,PANW,PARA,PCAR,PDD,PENN,PEP,PLUG,PTEN,PTON,PYPL,QCOM,QUBT,QVCGA,RDFN,REAL,RIOT,ROKU,ROST,RUN,SABR,SAVA,SBUX,SFIX,SGMO,SIRI,SLM,SMCI,SNDL,SONO,STNE,STX,TCOM,TGTX,TIGR,TLRY,TMUS,TRIP,TSCO,TSLA,TTD,TXN,UAL,UNIT,VERU,VKTX,VLY,VOD,VTRS,VXRT,WBA,WBD,WDAY,WDC,WEN,WW,WYNN,XEL,XP,XRAY,XRX,Z,ZION,ZM,ZS
AAL,1.0,-0.748,-0.145,-0.776,-0.441,0.406,0.422,0.719,-0.651,-0.336,-0.029,-0.569,-0.557,-0.741,0.729,-0.453,-0.03,-0.615,0.55,-0.55,-0.26,-0.356,-0.707,0.37,0.474,-0.282,-0.659,0.776,-0.221,-0.367,-0.187,0.611,0.158,-0.742,0.538,-0.613,-0.198,-0.085,0.001,-0.584,0.553,-0.65,0.32,-0.726,0.48,-0.372,0.72,0.606,0.659,-0.601,-0.782,0.113,0.206,-0.751,-0.632,-0.757,0.384,-0.403,-0.694,0.64,-0.156,-0.517,0.355,0.541,0.73,-0.538,0.477,0.69,0.577,-0.059,-0.343,-0.576,-0.734,-0.638,0.569,-0.17,0.338,-0.385,-0.613,-0.615,-0.018,0.688,0.622,-0.033,0.7,0.545,0.25,0.575,0.343,-0.743,-0.609,-0.485,0.899,-0.221,0.544,0.714,-0.336,0.228,-0.546,0.529,-0.713,0.609,0.469,-0.718,0.558,-0.507,-0.488,0.384,-0.715,0.624,-0.545,-0.472,-0.756,-0.733,-0.678,-0.666,0.113,0.448,-0.666,-0.638,0.048,-0.437,0.427,-0.763,-0.218,-0.653,0.653,0.432,-0.213,0.274,-0.718,0.117,-0.508,0.323,-0.674,0.313,-0.672,-0.24,0.657,0.352,0.563,0.171,-0.271,0.122,-0.577,-0.73,-0.593,0.238,0.567,-0.361,-0.661,-0.672,-0.71,-0.272,-0.74,0.659,-0.754,-0.067,-0.226,-0.459,0.259,-0.066,0.523,0.764,0.417,-0.585,0.686,0.728,-0.621,-0.234,0.628,-0.268,0.548,-0.009,-0.64,-0.61,-0.189,0.942,0.523,0.628,-0.677,0.631,0.548,0.64,-0.482,0.625,0.469,-0.748,0.737,0.296,0.774,0.767,0.725,-0.697,0.687,0.388,-0.612,0.671,-0.75,-0.763
AAPL,-0.748,1.0,0.12,0.914,0.505,-0.547,-0.393,-0.649,0.614,0.273,0.255,0.738,0.538,0.823,-0.525,0.51,0.142,0.671,-0.519,0.555,0.467,0.563,0.703,-0.297,-0.447,0.457,0.758,-0.587,0.267,0.432,0.258,-0.635,-0.02,0.75,-0.467,0.629,0.152,-0.011,0.037,0.78,-0.565,0.822,-0.184,0.813,-0.378,0.301,-0.634,-0.446,-0.667,0.642,0.867,-0.139,-0.227,0.777,0.654,0.764,-0.28,0.547,0.883,-0.543,-0.107,0.599,-0.325,-0.472,-0.554,0.678,-0.364,-0.525,-0.416,0.105,0.402,0.591,0.868,0.656,-0.558,0.238,-0.346,0.395,0.709,0.749,-0.073,-0.716,-0.493,0.002,-0.602,-0.372,-0.302,-0.473,-0.266,0.685,0.621,0.575,-0.761,0.45,-0.406,-0.606,0.366,-0.017,0.676,-0.519,0.607,-0.491,-0.303,0.79,-0.448,0.686,0.515,-0.338,0.743,-0.605,0.473,0.436,0.849,0.927,0.634,0.835,0.009,-0.535,0.793,0.76,-0.098,0.501,-0.296,0.867,0.212,0.876,-0.548,-0.309,0.278,-0.216,0.929,0.03,0.586,-0.192,0.678,-0.244,0.765,0.405,-0.586,-0.185,-0.567,-0.116,0.305,0.086,0.633,0.903,0.761,-0.459,-0.416,0.467,0.627,0.616,0.747,0.51,0.828,-0.579,0.637,0.172,0.187,0.535,-0.262,0.071,-0.557,-0.637,-0.223,0.667,-0.569,-0.674,0.664,0.155,-0.592,0.317,-0.416,0.317,0.707,0.655,0.411,-0.722,-0.52,-0.697,0.734,-0.475,-0.463,-0.532,0.381,-0.525,-0.358,0.862,-0.554,-0.311,-0.707,-0.606,-0.648,0.698,-0.677,-0.313,0.779,-0.465,0.758,0.786
ABUS,-0.145,0.12,1.0,0.168,0.276,0.417,-0.17,-0.122,0.526,0.341,0.001,0.007,0.418,0.164,-0.099,0.518,0.25,0.532,0.234,0.375,0.153,-0.056,0.315,0.476,0.124,0.222,0.34,-0.15,0.496,0.587,0.276,-0.258,-0.137,0.349,0.186,0.207,0.343,-0.181,0.372,0.051,-0.348,0.172,0.363,0.121,0.097,0.35,-0.228,0.051,0.095,0.427,0.254,0.315,-0.19,0.271,0.335,0.423,0.107,0.275,0.201,-0.09,0.345,0.167,0.066,0.177,0.227,0.323,-0.016,-0.135,0.004,0.753,0.538,0.33,0.31,0.08,0.139,0.044,0.618,0.358,0.483,0.473,0.394,-0.281,-0.169,-0.247,0.006,0.216,-0.034,-0.157,0.134,0.411,0.342,0.202,-0.145,-0.052,-0.435,-0.212,0.554,0.019,0.228,0.285,0.224,0.013,0.064,0.347,-0.096,0.327,0.595,-0.075,0.371,-0.061,0.361,0.275,0.285,0.239,0.049,0.282,-0.143,0.195,0.127,0.145,0.107,0.441,-0.148,0.204,0.423,0.114,-0.086,0.24,0.181,-0.025,0.171,0.014,0.176,0.173,0.487,0.227,0.377,0.279,-0.063,-0.21,0.255,-0.134,0.284,0.294,0.375,0.188,0.168,0.122,0.075,0.516,0.352,0.179,0.184,0.168,0.284,0.04,0.238,0.4,0.582,0.702,0.407,0.181,0.253,-0.183,0.102,0.085,-0.096,-0.22,0.663,0.185,0.072,0.382,0.218,0.07,0.325,0.274,0.083,-0.075,0.007,0.228,0.439,0.01,0.006,-0.009,0.413,-0.135,-0.175,0.174,-0.143,0.326,-0.067,-0.173,-0.172,0.189,-0.138,0.269,0.313,-0.052,0.211,0.248
ADBE,-0.776,0.914,0.168,1.0,0.528,-0.479,-0.415,-0.608,0.673,0.314,0.181,0.676,0.66,0.871,-0.581,0.43,0.166,0.753,-0.584,0.508,0.442,0.479,0.83,-0.248,-0.452,0.416,0.815,-0.598,0.198,0.357,0.13,-0.681,-0.121,0.686,-0.496,0.652,0.264,0.035,0.024,0.738,-0.584,0.804,-0.248,0.823,-0.286,0.408,-0.643,-0.498,-0.686,0.642,0.902,-0.163,-0.242,0.765,0.621,0.787,-0.256,0.509,0.885,-0.494,0.082,0.547,-0.229,-0.371,-0.526,0.647,-0.367,-0.559,-0.416,0.208,0.555,0.609,0.914,0.568,-0.512,0.386,-0.359,0.466,0.823,0.821,0.004,-0.712,-0.591,-0.081,-0.61,-0.3,-0.231,-0.489,-0.211,0.779,0.613,0.545,-0.719,0.376,-0.417,-0.584,0.469,-0.073,0.622,-0.487,0.618,-0.561,-0.317,0.82,-0.401,0.643,0.489,-0.23,0.698,-0.601,0.613,0.337,0.865,0.913,0.662,0.803,-0.058,-0.528,0.85,0.724,-0.007,0.423,-0.284,0.886,0.181,0.847,-0.592,-0.313,0.226,-0.302,0.932,-0.018,0.521,-0.13,0.668,-0.213,0.824,0.377,-0.612,-0.244,-0.586,-0.08,0.194,0.064,0.588,0.95,0.713,-0.408,-0.457,0.448,0.721,0.607,0.736,0.483,0.786,-0.527,0.704,0.166,0.183,0.611,-0.304,0.046,-0.554,-0.735,-0.333,0.694,-0.557,-0.644,0.724,0.174,-0.634,0.375,-0.356,0.24,0.645,0.607,0.347,-0.744,-0.526,-0.705,0.871,-0.492,-0.385,-0.484,0.579,-0.438,-0.385,0.88,-0.58,-0.358,-0.788,-0.681,-0.611,0.762,-0.618,-0.226,0.768,-0.508,0.825,0.846
ADI,-0.441,0.505,0.276,0.528,1.0,-0.029,0.183,-0.167,0.5,-0.04,0.706,0.519,0.78,0.275,-0.23,0.564,0.692,0.709,-0.247,0.279,0.09,0.602,0.763,-0.211,0.073,0.618,0.638,-0.176,0.428,0.575,0.42,-0.272,0.039,0.422,0.184,0.195,0.172,-0.068,0.63,0.53,-0.203,0.389,0.27,0.392,0.221,-0.175,-0.14,0.133,-0.182,0.653,0.399,0.207,-0.335,0.375,0.618,0.363,0.309,0.872,0.485,0.038,0.084,0.586,0.221,-0.512,-0.238,0.553,0.059,0.031,0.258,0.444,0.393,0.628,0.492,0.42,0.07,-0.245,-0.079,0.692,0.49,0.597,0.295,-0.184,-0.042,0.349,-0.034,-0.173,0.266,-0.013,0.362,0.44,0.667,0.395,-0.304,0.475,-0.078,-0.105,0.607,0.576,0.222,-0.267,0.575,0.06,0.4,0.481,0.141,0.586,0.681,-0.383,0.542,-0.192,0.575,0.476,0.584,0.594,0.472,0.36,0.512,-0.045,0.314,0.594,0.273,0.415,0.339,0.505,0.547,0.518,0.029,0.249,0.648,-0.049,0.463,0.594,0.545,0.117,0.643,0.037,0.489,0.634,0.01,0.071,-0.026,0.377,0.346,0.09,0.461,0.504,0.785,-0.091,0.048,0.633,0.343,0.65,0.466,0.565,0.38,-0.591,0.272,0.594,0.326,0.65,0.293,0.662,0.17,-0.252,0.283,0.131,0.006,-0.422,0.556,0.562,0.012,0.342,-0.073,0.675,0.46,0.506,0.824,-0.533,0.044,-0.257,0.471,0.049,-0.299,0.06,0.381,0.15,0.163,0.513,-0.017,-0.004,-0.236,-0.569,-0.152,0.258,-0.275,0.307,0.576,-0.0,0.416,0.364
ADMA,0.406,-0.547,0.417,-0.479,-0.029,1.0,0.335,0.398,-0.223,0.013,-0.061,-0.625,0.062,-0.335,0.454,-0.173,0.271,-0.143,0.43,-0.45,-0.478,-0.332,-0.159,0.385,0.728,-0.341,-0.333,0.558,-0.062,0.01,-0.093,0.512,-0.349,-0.388,0.437,-0.212,0.227,0.171,0.477,-0.589,0.101,-0.568,0.253,-0.544,0.614,0.124,0.426,0.437,0.716,-0.178,-0.419,0.169,0.301,-0.442,-0.229,-0.287,0.54,-0.104,-0.526,0.579,0.512,-0.565,0.689,0.48,0.612,-0.33,0.249,0.475,0.456,0.555,0.11,-0.38,-0.422,-0.637,0.796,-0.158,0.664,0.164,-0.067,-0.1,0.551,0.407,0.205,0.053,0.589,0.59,0.375,0.332,0.589,-0.28,-0.184,-0.453,0.473,-0.466,-0.02,0.508,0.259,0.229,-0.461,0.799,-0.088,0.49,0.515,-0.406,0.505,-0.473,-0.07,0.251,-0.358,0.562,-0.043,-0.301,-0.398,-0.441,-0.301,-0.491,-0.121,0.703,-0.4,-0.533,0.287,-0.294,0.273,-0.448,0.254,-0.606,0.438,0.642,-0.032,-0.164,-0.539,0.105,-0.336,0.608,-0.257,0.648,-0.281,-0.302,0.58,-0.15,0.724,0.406,-0.25,0.248,-0.435,-0.533,-0.381,0.679,0.626,-0.068,-0.253,-0.149,-0.596,-0.362,-0.452,0.575,-0.392,0.235,0.199,-0.014,0.601,0.29,0.729,0.293,0.237,-0.53,0.566,0.517,0.002,-0.023,0.444,0.22,0.43,-0.088,-0.483,-0.515,-0.086,0.475,0.642,0.677,-0.174,0.569,0.57,0.702,-0.027,0.574,0.187,-0.543,0.504,0.449,0.515,0.325,0.588,-0.279,0.564,0.694,-0.45,0.405,-0.435,-0.384
AEP,0.422,-0.393,-0.17,-0.415,0.183,0.335,1.0,0.431,-0.304,-0.349,0.555,-0.25,-0.029,-0.498,0.471,-0.081,0.385,-0.176,0.192,-0.322,-0.257,0.135,-0.113,-0.138,0.485,0.154,-0.194,0.444,-0.02,0.04,0.159,0.468,0.176,-0.326,0.51,-0.423,-0.255,0.152,0.424,-0.161,0.472,-0.388,0.304,-0.466,0.435,-0.457,0.674,0.549,0.36,-0.18,-0.484,0.017,0.077,-0.503,-0.344,-0.47,0.375,0.11,-0.368,0.56,-0.067,-0.157,0.486,-0.071,0.247,-0.223,0.33,0.589,0.635,-0.001,-0.138,-0.155,-0.42,-0.303,0.449,-0.457,0.029,0.056,-0.41,-0.313,0.147,0.58,0.691,0.29,0.528,0.066,0.35,0.591,0.63,-0.37,-0.188,-0.155,0.442,0.172,0.648,0.547,-0.021,0.636,-0.341,0.133,-0.152,0.419,0.646,-0.399,0.711,-0.167,-0.115,-0.118,-0.28,0.538,-0.075,-0.154,-0.221,-0.353,-0.224,-0.442,0.597,0.26,-0.379,-0.236,0.419,-0.232,0.583,-0.387,-0.037,-0.329,0.548,0.494,0.371,0.124,-0.393,0.481,-0.123,0.17,-0.222,0.212,-0.264,0.147,0.545,0.35,0.337,0.693,-0.157,-0.055,-0.256,-0.413,0.028,0.144,0.492,-0.103,-0.464,-0.091,-0.406,-0.058,-0.427,0.048,-0.464,0.273,-0.11,-0.199,0.352,0.389,0.555,0.502,0.474,-0.45,0.556,0.367,-0.264,0.127,0.423,-0.168,0.172,0.287,-0.286,-0.196,0.416,0.281,0.536,0.321,-0.327,0.526,0.204,0.528,-0.198,0.635,0.76,-0.353,0.672,0.093,0.541,0.147,0.692,-0.571,0.458,0.381,-0.312,0.539,-0.385,-0.472
AGNC,0.719,-0.649,-0.122,-0.608,-0.167,0.398,0.431,1.0,-0.447,-0.368,0.163,-0.471,-0.308,-0.699,0.72,-0.334,0.262,-0.413,0.609,-0.508,-0.348,-0.256,-0.467,0.332,0.558,-0.171,-0.525,0.781,-0.069,-0.242,-0.087,0.594,0.256,-0.588,0.549,-0.654,-0.1,-0.138,0.19,-0.457,0.617,-0.632,0.353,-0.718,0.631,-0.528,0.674,0.702,0.691,-0.447,-0.676,0.423,0.047,-0.679,-0.334,-0.738,0.453,-0.155,-0.601,0.727,-0.181,-0.428,0.43,0.193,0.598,-0.393,0.7,0.777,0.717,0.037,-0.288,-0.437,-0.626,-0.473,0.662,-0.235,0.387,-0.148,-0.506,-0.496,0.047,0.708,0.693,-0.013,0.788,0.428,0.488,0.673,0.418,-0.623,-0.421,-0.35,0.813,-0.008,0.637,0.838,-0.177,0.411,-0.539,0.399,-0.63,0.674,0.528,-0.614,0.641,-0.407,-0.244,0.27,-0.644,0.607,-0.452,-0.263,-0.649,-0.638,-0.676,-0.627,0.246,0.433,-0.693,-0.475,-0.037,-0.276,0.551,-0.633,0.066,-0.592,0.731,0.522,-0.072,0.429,-0.619,0.357,-0.269,0.398,-0.51,0.384,-0.658,-0.139,0.716,0.329,0.643,0.246,-0.091,0.109,-0.465,-0.619,-0.382,0.165,0.564,-0.128,-0.566,-0.535,-0.566,-0.018,-0.654,0.353,-0.638,0.043,-0.083,-0.313,0.41,0.202,0.644,0.629,0.524,-0.611,0.825,0.614,-0.446,0.046,0.677,-0.103,0.666,0.212,-0.589,-0.469,0.009,0.632,0.548,0.592,-0.557,0.71,0.38,0.689,-0.286,0.676,0.536,-0.635,0.763,0.39,0.724,0.471,0.67,-0.691,0.664,0.579,-0.443,0.769,-0.608,-0.713
AKBA,-0.651,0.614,0.526,0.673,0.5,-0.223,-0.304,-0.447,1.0,0.293,0.224,0.518,0.644,0.548,-0.415,0.739,0.209,0.86,-0.273,0.671,0.568,0.387,0.702,0.129,-0.346,0.598,0.81,-0.467,0.526,0.631,0.157,-0.626,-0.007,0.769,-0.095,0.497,0.207,-0.209,0.218,0.655,-0.465,0.664,0.142,0.581,-0.234,0.304,-0.53,-0.244,-0.39,0.648,0.714,0.214,-0.402,0.608,0.642,0.714,-0.318,0.545,0.7,-0.428,0.077,0.574,-0.293,-0.297,-0.227,0.747,-0.083,-0.382,-0.203,0.41,0.646,0.705,0.722,0.646,-0.296,0.158,0.023,0.37,0.639,0.664,0.038,-0.531,-0.3,-0.223,-0.345,-0.253,-0.236,-0.231,-0.206,0.65,0.66,0.676,-0.613,0.43,-0.371,-0.53,0.58,-0.028,0.621,-0.324,0.459,-0.294,-0.235,0.814,-0.325,0.619,0.769,-0.236,0.678,-0.407,0.503,0.555,0.67,0.683,0.346,0.757,0.037,-0.417,0.524,0.69,0.072,0.758,-0.252,0.703,0.342,0.629,-0.354,-0.091,0.427,-0.056,0.699,0.145,0.504,-0.212,0.807,-0.209,0.693,0.577,-0.393,-0.028,-0.261,-0.259,0.478,0.248,0.687,0.751,0.641,-0.381,-0.314,0.736,0.656,0.458,0.766,0.558,0.733,-0.472,0.482,0.434,0.385,0.765,-0.039,0.176,-0.186,-0.405,-0.073,0.59,-0.431,-0.578,0.786,0.396,-0.27,0.29,-0.093,0.27,0.805,0.713,0.325,-0.612,-0.254,-0.406,0.723,-0.28,-0.385,-0.403,0.507,-0.404,-0.125,0.68,-0.481,-0.15,-0.519,-0.567,-0.515,0.448,-0.416,-0.045,0.747,-0.242,0.563,0.562
ALT,-0.336,0.273,0.341,0.314,-0.04,0.013,-0.349,-0.368,0.293,1.0,-0.288,-0.01,0.214,0.45,-0.338,0.102,-0.068,0.268,-0.194,0.239,0.234,-0.201,0.216,0.072,0.028,-0.143,0.187,-0.342,-0.016,0.125,-0.249,-0.334,-0.31,0.329,-0.301,0.332,0.298,-0.025,-0.157,0.097,-0.406,0.234,-0.094,0.297,-0.24,0.538,-0.352,-0.276,-0.305,0.131,0.397,-0.155,-0.139,0.289,0.077,0.369,-0.307,-0.105,0.295,-0.304,0.337,-0.04,-0.07,0.157,-0.105,0.188,-0.384,-0.345,-0.445,0.27,0.459,0.055,0.397,0.002,-0.312,0.259,0.09,0.137,0.468,0.353,0.142,-0.374,-0.424,-0.302,-0.365,0.061,-0.192,-0.409,-0.097,0.31,0.136,0.064,-0.301,-0.186,-0.536,-0.401,0.425,-0.364,0.159,0.028,0.242,-0.383,-0.304,0.242,-0.322,0.108,0.167,0.155,0.257,-0.324,0.207,-0.151,0.252,0.278,0.232,0.252,-0.333,-0.162,0.494,0.07,-0.114,0.107,-0.581,0.353,-0.122,0.138,-0.427,-0.23,-0.182,-0.326,0.317,-0.369,-0.031,-0.044,0.174,-0.073,0.364,-0.098,-0.394,-0.394,-0.293,-0.294,-0.147,0.193,0.057,0.301,-0.039,0.034,-0.16,0.083,0.486,0.15,0.176,-0.068,0.36,-0.018,0.302,-0.017,0.15,0.25,-0.175,-0.195,-0.302,-0.397,-0.408,0.24,-0.408,-0.26,0.322,-0.193,-0.294,0.34,-0.028,-0.342,0.136,0.084,-0.267,-0.256,-0.341,-0.081,0.447,-0.205,-0.094,-0.283,0.332,-0.36,-0.417,0.35,-0.409,-0.099,-0.387,-0.249,-0.249,0.503,-0.282,-0.107,0.129,-0.283,0.228,0.485
AMAT,-0.029,0.255,0.001,0.181,0.706,-0.061,0.555,0.163,0.224,-0.288,1.0,0.353,0.397,-0.064,0.188,0.412,0.623,0.406,-0.013,0.101,0.043,0.708,0.394,-0.217,0.254,0.659,0.377,0.146,0.356,0.475,0.421,0.026,0.344,0.211,0.361,-0.071,-0.215,-0.06,0.57,0.444,0.205,0.154,0.355,0.05,0.288,-0.483,0.282,0.384,0.057,0.324,0.076,0.197,-0.169,0.035,0.264,0.0,0.381,0.693,0.25,0.299,-0.348,0.404,0.267,-0.465,-0.028,0.327,0.324,0.372,0.596,0.144,0.066,0.396,0.15,0.317,0.237,-0.429,-0.082,0.386,0.076,0.25,0.036,0.215,0.421,0.37,0.297,-0.097,0.288,0.421,0.509,0.031,0.328,0.284,0.038,0.629,0.406,0.252,0.269,0.902,0.116,-0.199,0.19,0.313,0.656,0.157,0.449,0.503,0.457,-0.416,0.261,0.163,0.167,0.277,0.288,0.294,0.127,0.14,0.815,-0.001,0.051,0.381,0.328,0.31,0.649,0.199,0.285,0.304,0.352,0.327,0.743,0.22,0.21,0.773,0.381,0.084,0.336,0.054,0.188,0.629,0.318,0.448,0.161,0.571,0.291,0.114,0.302,0.227,0.686,-0.206,0.257,0.467,-0.062,0.294,0.208,0.523,0.146,-0.402,-0.115,0.539,0.056,0.29,0.281,0.558,0.37,0.192,0.543,-0.039,0.307,-0.051,0.18,0.457,0.176,-0.034,0.03,0.756,0.303,0.372,0.927,-0.157,0.258,-0.05,0.097,0.366,-0.088,0.285,0.044,0.398,0.57,0.232,0.397,-0.016,0.135,-0.223,0.22,-0.205,0.058,0.284,0.371,0.386,0.134,-0.02
AMD,-0.569,0.738,0.007,0.676,0.519,-0.625,-0.25,-0.471,0.518,-0.01,0.353,1.0,0.432,0.54,-0.505,0.479,0.063,0.595,-0.429,0.527,0.379,0.589,0.526,-0.323,-0.573,0.633,0.696,-0.596,0.269,0.411,0.343,-0.628,0.192,0.624,-0.316,0.321,-0.103,-0.166,0.022,0.758,-0.275,0.733,-0.164,0.612,-0.408,-0.019,-0.416,-0.398,-0.588,0.468,0.655,-0.001,-0.324,0.536,0.683,0.55,-0.244,0.605,0.83,-0.49,-0.349,0.732,-0.468,-0.618,-0.56,0.564,-0.188,-0.402,-0.229,-0.036,0.169,0.694,0.72,0.62,-0.534,0.1,-0.45,0.223,0.362,0.473,-0.292,-0.538,-0.291,0.28,-0.416,-0.525,-0.14,-0.253,-0.295,0.49,0.439,0.623,-0.534,0.687,-0.131,-0.476,0.13,0.077,0.54,-0.678,0.412,-0.184,-0.179,0.705,-0.351,0.697,0.538,-0.319,0.685,-0.433,0.291,0.489,0.634,0.732,0.483,0.713,0.334,-0.582,0.552,0.71,-0.058,0.504,-0.001,0.566,0.139,0.824,-0.269,-0.368,0.37,0.016,0.722,0.14,0.655,-0.441,0.698,-0.487,0.669,0.541,-0.472,0.235,-0.495,-0.085,0.418,-0.228,0.61,0.747,0.723,-0.622,-0.416,0.517,0.397,0.422,0.756,0.532,0.746,-0.619,0.47,0.165,0.034,0.498,-0.282,0.166,-0.399,-0.449,-0.088,0.555,-0.433,-0.637,0.423,0.268,-0.431,0.03,-0.408,0.392,0.69,0.743,0.444,-0.65,-0.389,-0.555,0.511,-0.449,-0.643,-0.426,0.231,-0.419,-0.153,0.693,-0.365,-0.36,-0.502,-0.478,-0.578,0.366,-0.639,-0.373,0.754,-0.336,0.578,0.473
AMGN,-0.557,0.538,0.418,0.66,0.78,0.062,-0.029,-0.308,0.644,0.214,0.397,0.432,1.0,0.528,-0.29,0.517,0.486,0.774,-0.366,0.281,0.182,0.457,0.898,-0.004,0.022,0.493,0.673,-0.256,0.357,0.439,0.243,-0.474,-0.231,0.532,0.023,0.388,0.317,0.025,0.522,0.52,-0.434,0.457,0.058,0.48,0.232,0.206,-0.331,-0.057,-0.185,0.719,0.578,0.2,-0.221,0.501,0.666,0.569,0.157,0.733,0.581,-0.033,0.335,0.419,0.21,-0.28,-0.182,0.543,-0.006,-0.186,0.058,0.591,0.597,0.611,0.621,0.292,0.044,0.055,-0.027,0.842,0.726,0.77,0.301,-0.381,-0.332,0.037,-0.144,-0.055,0.148,-0.173,0.215,0.622,0.635,0.421,-0.44,0.289,-0.321,-0.243,0.733,0.274,0.23,-0.143,0.541,-0.138,0.156,0.618,0.036,0.499,0.67,-0.132,0.612,-0.204,0.67,0.427,0.643,0.687,0.418,0.474,0.123,-0.072,0.468,0.467,0.338,0.326,0.07,0.523,0.529,0.502,-0.175,0.213,0.455,-0.3,0.58,0.29,0.499,0.153,0.681,0.128,0.634,0.448,-0.205,-0.216,-0.07,0.28,0.22,0.164,0.427,0.626,0.642,-0.123,-0.056,0.58,0.544,0.544,0.469,0.432,0.515,-0.379,0.425,0.543,0.367,0.762,0.156,0.488,0.03,-0.478,-0.026,0.287,-0.169,-0.443,0.742,0.416,-0.162,0.532,-0.038,0.419,0.481,0.475,0.55,-0.548,-0.021,-0.276,0.696,-0.112,-0.177,-0.011,0.5,0.05,-0.11,0.616,-0.228,-0.122,-0.441,-0.588,-0.217,0.474,-0.272,0.318,0.538,-0.167,0.541,0.572
AMZN,-0.741,0.823,0.164,0.871,0.275,-0.335,-0.498,-0.699,0.548,0.45,-0.064,0.54,0.528,1.0,-0.541,0.285,-0.089,0.574,-0.556,0.428,0.337,0.276,0.662,-0.214,-0.395,0.139,0.643,-0.624,0.067,0.196,-0.041,-0.698,-0.3,0.655,-0.625,0.713,0.301,0.159,-0.127,0.524,-0.648,0.684,-0.429,0.768,-0.336,0.606,-0.677,-0.673,-0.598,0.498,0.9,-0.293,-0.053,0.662,0.508,0.801,-0.333,0.242,0.801,-0.545,0.207,0.33,-0.238,-0.189,-0.492,0.526,-0.512,-0.607,-0.58,0.197,0.498,0.451,0.851,0.359,-0.481,0.449,-0.287,0.358,0.793,0.743,0.081,-0.727,-0.686,-0.127,-0.643,-0.168,-0.311,-0.596,-0.292,0.693,0.412,0.395,-0.718,0.127,-0.564,-0.642,0.4,-0.303,0.524,-0.285,0.588,-0.595,-0.437,0.724,-0.496,0.423,0.33,-0.092,0.605,-0.572,0.5,0.134,0.759,0.824,0.629,0.759,-0.303,-0.467,0.863,0.519,-0.083,0.276,-0.46,0.773,0.039,0.703,-0.659,-0.363,0.007,-0.475,0.821,-0.311,0.343,-0.067,0.54,-0.117,0.766,0.102,-0.629,-0.407,-0.549,-0.143,0.08,0.111,0.454,0.848,0.493,-0.231,-0.418,0.32,0.747,0.493,0.591,0.246,0.803,-0.28,0.663,0.002,0.187,0.425,-0.3,-0.093,-0.611,-0.777,-0.521,0.662,-0.559,-0.534,0.61,-0.054,-0.703,0.431,-0.382,-0.026,0.561,0.485,0.069,-0.616,-0.5,-0.632,0.797,-0.522,-0.23,-0.461,0.452,-0.504,-0.527,0.759,-0.574,-0.278,-0.742,-0.569,-0.614,0.808,-0.566,-0.256,0.604,-0.57,0.706,0.833
APA,0.729,-0.525,-0.099,-0.581,-0.23,0.454,0.471,0.72,-0.415,-0.338,0.188,-0.505,-0.29,-0.541,1.0,-0.263,0.222,-0.441,0.582,-0.382,-0.276,-0.129,-0.475,0.41,0.635,-0.216,-0.547,0.798,-0.057,-0.26,-0.157,0.486,0.226,-0.426,0.475,-0.348,-0.156,0.03,0.258,-0.387,0.527,-0.533,0.314,-0.62,0.63,-0.323,0.667,0.611,0.782,-0.363,-0.569,0.26,0.298,-0.59,-0.387,-0.565,0.452,-0.198,-0.557,0.672,-0.182,-0.536,0.4,0.389,0.73,-0.2,0.681,0.805,0.69,0.108,-0.185,-0.465,-0.572,-0.499,0.702,-0.278,0.458,-0.09,-0.399,-0.355,0.111,0.731,0.731,-0.129,0.758,0.568,0.261,0.668,0.404,-0.62,-0.423,-0.259,0.699,-0.117,0.562,0.753,-0.12,0.378,-0.359,0.601,-0.576,0.663,0.555,-0.525,0.679,-0.418,-0.238,0.242,-0.577,0.623,-0.463,-0.231,-0.558,-0.501,-0.68,-0.475,0.217,0.444,-0.554,-0.474,0.077,-0.265,0.384,-0.571,0.059,-0.556,0.682,0.628,0.049,0.321,-0.56,0.306,-0.382,0.528,-0.464,0.597,-0.576,-0.17,0.723,0.159,0.71,0.325,-0.128,0.423,-0.443,-0.548,-0.363,0.181,0.668,-0.125,-0.479,-0.543,-0.551,0.028,-0.543,0.535,-0.642,0.209,-0.054,-0.326,0.466,0.187,0.671,0.587,0.523,-0.456,0.783,0.666,-0.348,-0.077,0.533,-0.141,0.6,0.222,-0.476,-0.441,0.054,0.721,0.624,0.546,-0.539,0.793,0.596,0.749,-0.439,0.677,0.637,-0.582,0.793,0.358,0.71,0.578,0.659,-0.567,0.71,0.581,-0.433,0.818,-0.644,-0.61
APPS,-0.453,0.51,0.518,0.43,0.564,-0.173,-0.081,-0.334,0.739,0.102,0.412,0.479,0.517,0.285,-0.263,1.0,0.338,0.687,-0.097,0.686,0.499,0.499,0.517,0.061,-0.207,0.659,0.623,-0.37,0.783,0.759,0.512,-0.478,0.142,0.659,0.255,0.275,0.048,-0.378,0.43,0.6,-0.355,0.461,0.485,0.503,-0.114,-0.01,-0.452,0.098,-0.227,0.782,0.478,0.35,-0.297,0.547,0.597,0.531,-0.155,0.67,0.512,-0.33,-0.062,0.604,-0.224,-0.419,-0.206,0.605,0.002,-0.264,-0.005,0.379,0.375,0.67,0.486,0.644,-0.191,-0.205,0.166,0.372,0.405,0.516,0.137,-0.417,-0.075,-0.068,-0.228,-0.304,-0.13,-0.149,-0.083,0.55,0.654,0.604,-0.46,0.428,-0.275,-0.404,0.457,0.225,0.463,-0.301,0.352,-0.067,0.011,0.623,-0.229,0.631,0.848,-0.391,0.589,-0.317,0.429,0.704,0.55,0.598,0.163,0.616,0.184,-0.196,0.245,0.63,0.074,0.76,-0.073,0.503,0.502,0.57,-0.187,0.131,0.553,0.108,0.565,0.318,0.463,-0.159,0.756,-0.113,0.53,0.589,-0.214,0.008,-0.031,-0.171,0.684,0.276,0.803,0.511,0.641,-0.354,-0.146,0.73,0.518,0.414,0.61,0.618,0.54,-0.519,0.426,0.566,0.531,0.679,0.23,0.305,-0.015,-0.112,0.219,0.36,-0.295,-0.583,0.686,0.518,0.032,0.2,-0.033,0.517,0.788,0.742,0.504,-0.492,-0.163,-0.196,0.457,-0.202,-0.417,-0.284,0.443,-0.297,-0.003,0.532,-0.277,0.05,-0.272,-0.452,-0.386,0.22,-0.448,-0.032,0.639,-0.137,0.482,0.403
ARCC,-0.03,0.142,0.25,0.166,0.692,0.271,0.385,0.262,0.209,-0.068,0.623,0.063,0.486,-0.089,0.222,0.338,1.0,0.43,0.1,-0.033,-0.119,0.341,0.435,-0.006,0.451,0.359,0.251,0.24,0.35,0.475,0.351,0.143,0.112,0.135,0.442,-0.013,0.077,-0.104,0.759,0.146,0.029,-0.017,0.481,-0.011,0.447,-0.257,0.203,0.449,0.172,0.387,0.05,0.319,-0.243,0.014,0.254,0.009,0.481,0.62,0.101,0.328,0.102,0.179,0.439,-0.259,0.135,0.286,0.293,0.36,0.473,0.481,0.238,0.305,0.074,0.075,0.394,-0.446,0.204,0.529,0.208,0.291,0.452,0.161,0.318,0.245,0.291,0.179,0.437,0.262,0.568,0.2,0.437,0.105,0.098,0.263,0.155,0.287,0.456,0.653,-0.001,0.039,0.303,0.337,0.558,0.067,0.375,0.264,0.467,-0.227,0.183,0.087,0.438,0.242,0.236,0.156,0.083,-0.051,0.468,0.195,-0.026,0.195,0.354,0.181,0.429,0.149,0.541,0.059,0.323,0.529,0.562,0.13,0.079,0.699,0.262,0.393,0.283,0.415,0.113,0.496,0.261,0.036,0.311,0.449,0.146,0.224,0.157,0.083,0.453,0.068,0.434,0.445,0.142,0.415,0.044,0.514,-0.001,-0.26,-0.032,0.579,0.289,0.391,0.494,0.691,0.436,0.078,0.452,-0.192,0.325,-0.048,0.317,0.498,0.321,0.177,0.276,0.644,0.099,0.19,0.66,-0.122,0.374,0.1,0.196,0.447,-0.004,0.397,0.334,0.436,0.436,0.118,0.302,0.192,0.144,-0.222,0.177,-0.043,0.08,0.568,0.234,0.342,0.109,0.101
ARDX,-0.615,0.671,0.532,0.753,0.709,-0.143,-0.176,-0.413,0.86,0.268,0.406,0.595,0.774,0.574,-0.441,0.687,0.43,1.0,-0.315,0.591,0.456,0.474,0.846,-0.019,-0.209,0.695,0.907,-0.448,0.445,0.726,0.255,-0.585,-0.053,0.746,-0.079,0.526,0.145,-0.155,0.414,0.681,-0.463,0.693,0.105,0.602,-0.136,0.266,-0.416,-0.195,-0.388,0.681,0.744,0.129,-0.4,0.57,0.664,0.716,-0.123,0.74,0.785,-0.309,0.1,0.636,-0.124,-0.339,-0.221,0.748,-0.139,-0.281,-0.066,0.481,0.641,0.794,0.759,0.525,-0.223,0.07,-0.045,0.52,0.698,0.744,0.137,-0.506,-0.302,0.0,-0.257,-0.206,-0.066,-0.171,0.009,0.7,0.691,0.642,-0.55,0.532,-0.328,-0.434,0.653,0.201,0.556,-0.309,0.602,-0.211,-0.001,0.798,-0.207,0.705,0.826,-0.325,0.779,-0.338,0.61,0.447,0.75,0.747,0.513,0.723,0.201,-0.379,0.606,0.728,0.251,0.599,-0.048,0.73,0.376,0.68,-0.264,-0.047,0.574,-0.132,0.73,0.3,0.626,-0.103,0.841,-0.158,0.79,0.652,-0.326,0.038,-0.233,0.005,0.399,0.151,0.71,0.786,0.783,-0.326,-0.192,0.744,0.62,0.595,0.701,0.608,0.732,-0.492,0.544,0.529,0.32,0.823,0.003,0.416,-0.08,-0.473,0.007,0.502,-0.353,-0.531,0.8,0.375,-0.314,0.284,-0.092,0.407,0.732,0.733,0.538,-0.608,-0.12,-0.408,0.837,-0.167,-0.377,-0.266,0.631,-0.246,-0.103,0.709,-0.353,-0.192,-0.519,-0.589,-0.461,0.449,-0.422,0.074,0.796,-0.186,0.649,0.605
ATER,0.55,-0.519,0.234,-0.584,-0.247,0.43,0.192,0.609,-0.273,-0.194,-0.013,-0.429,-0.366,-0.556,0.582,-0.097,0.1,-0.315,1.0,-0.036,-0.198,-0.341,-0.52,0.595,0.352,-0.093,-0.407,0.501,0.152,0.099,0.091,0.368,0.538,-0.259,0.41,-0.354,-0.036,-0.161,0.158,-0.376,0.549,-0.394,0.356,-0.553,0.348,-0.244,0.434,0.497,0.717,-0.273,-0.416,0.468,0.237,-0.483,-0.206,-0.334,0.344,-0.183,-0.454,0.41,-0.238,-0.308,0.093,0.232,0.545,-0.168,0.509,0.536,0.502,0.061,-0.262,-0.243,-0.456,-0.37,0.558,-0.119,0.735,-0.28,-0.377,-0.362,0.012,0.523,0.557,-0.216,0.665,0.399,0.006,0.541,0.154,-0.44,-0.436,-0.044,0.553,0.022,0.394,0.461,-0.265,0.21,-0.148,0.525,-0.525,0.561,0.294,-0.305,0.329,-0.298,0.005,0.118,-0.34,0.607,-0.507,0.017,-0.513,-0.48,-0.673,-0.305,0.154,0.463,-0.628,-0.272,-0.221,-0.041,0.294,-0.531,0.148,-0.539,0.589,0.322,-0.016,0.67,-0.52,0.224,-0.075,0.158,-0.179,0.234,-0.439,-0.198,0.537,0.25,0.744,-0.003,0.241,0.215,-0.199,-0.512,-0.376,0.133,0.319,0.067,-0.347,-0.507,-0.403,0.031,-0.377,0.435,-0.516,0.073,0.119,-0.144,0.469,0.106,0.628,0.529,0.576,-0.235,0.507,0.558,-0.191,-0.086,0.528,-0.149,0.506,0.028,-0.283,-0.257,-0.071,0.588,0.418,0.684,-0.495,0.574,0.291,0.385,-0.369,0.321,0.329,-0.505,0.45,0.522,0.68,0.546,0.358,-0.585,0.423,0.286,-0.149,0.614,-0.552,-0.508
ATOS,-0.55,0.555,0.375,0.508,0.279,-0.45,-0.322,-0.508,0.671,0.239,0.101,0.527,0.281,0.428,-0.382,0.686,-0.033,0.591,-0.036,1.0,0.653,0.296,0.373,0.12,-0.552,0.558,0.621,-0.635,0.522,0.578,0.238,-0.658,0.331,0.768,-0.247,0.528,-0.021,-0.316,-0.019,0.679,-0.192,0.714,0.036,0.635,-0.486,0.259,-0.564,-0.339,-0.375,0.556,0.642,0.065,-0.201,0.575,0.478,0.708,-0.513,0.344,0.631,-0.609,-0.209,0.671,-0.671,-0.276,-0.284,0.695,-0.221,-0.44,-0.297,0.062,0.359,0.67,0.618,0.633,-0.508,0.094,0.033,0.023,0.402,0.464,-0.219,-0.432,-0.205,-0.298,-0.426,-0.408,-0.523,-0.225,-0.493,0.549,0.435,0.833,-0.623,0.482,-0.259,-0.649,0.174,-0.151,0.751,-0.353,0.339,-0.361,-0.362,0.758,-0.474,0.626,0.651,-0.363,0.669,-0.397,0.245,0.578,0.569,0.592,0.28,0.797,0.092,-0.479,0.413,0.743,-0.134,0.702,-0.387,0.598,0.131,0.617,-0.41,-0.358,0.388,0.208,0.604,0.035,0.476,-0.448,0.736,-0.446,0.624,0.391,-0.451,0.013,-0.289,-0.424,0.642,0.15,0.79,0.626,0.483,-0.505,-0.543,0.522,0.582,0.322,0.699,0.539,0.693,-0.427,0.55,0.282,0.24,0.529,-0.185,0.02,-0.271,-0.377,-0.024,0.737,-0.575,-0.484,0.583,0.136,-0.371,-0.019,-0.177,0.126,0.751,0.737,0.223,-0.523,-0.386,-0.369,0.493,-0.353,-0.473,-0.62,0.277,-0.612,-0.198,0.599,-0.555,-0.174,-0.458,-0.354,-0.659,0.332,-0.556,-0.426,0.713,-0.267,0.496,0.484
AUPH,-0.26,0.467,0.153,0.442,0.09,-0.478,-0.257,-0.348,0.568,0.234,0.043,0.379,0.182,0.337,-0.276,0.499,-0.119,0.456,-0.198,0.653,1.0,0.265,0.267,0.185,-0.468,0.529,0.535,-0.349,0.336,0.288,-0.076,-0.572,0.162,0.525,-0.038,0.439,-0.048,-0.399,-0.153,0.637,-0.199,0.665,0.196,0.581,-0.373,0.291,-0.409,-0.161,-0.37,0.38,0.506,-0.024,-0.279,0.434,0.241,0.473,-0.59,0.224,0.529,-0.419,-0.188,0.483,-0.508,-0.083,-0.058,0.589,-0.082,-0.282,-0.222,-0.06,0.477,0.413,0.502,0.454,-0.485,0.252,-0.082,-0.065,0.319,0.342,-0.33,-0.337,-0.166,-0.368,-0.306,-0.251,-0.446,-0.117,-0.444,0.364,0.368,0.66,-0.35,0.46,-0.147,-0.493,0.186,-0.17,0.553,-0.298,0.083,-0.312,-0.357,0.619,-0.33,0.393,0.393,-0.015,0.405,-0.357,0.111,0.286,0.363,0.511,0.07,0.683,-0.003,-0.575,0.402,0.585,-0.125,0.466,-0.364,0.496,-0.076,0.557,-0.328,-0.293,0.267,0.065,0.621,0.013,0.285,-0.365,0.456,-0.46,0.453,0.285,-0.407,0.121,-0.359,-0.467,0.401,0.245,0.552,0.592,0.339,-0.625,-0.316,0.355,0.516,0.105,0.561,0.513,0.49,-0.239,0.3,0.289,0.012,0.403,-0.378,-0.169,-0.377,-0.059,-0.007,0.682,-0.5,-0.376,0.41,0.046,-0.154,0.001,0.003,0.179,0.59,0.482,0.123,-0.241,-0.271,-0.394,0.425,-0.226,-0.295,-0.493,0.236,-0.427,-0.101,0.576,-0.454,-0.343,-0.386,-0.13,-0.354,0.295,-0.397,-0.343,0.526,-0.09,0.355,0.348
AVGO,-0.356,0.563,-0.056,0.479,0.602,-0.332,0.135,-0.256,0.387,-0.201,0.708,0.589,0.457,0.276,-0.129,0.499,0.341,0.474,-0.341,0.296,0.265,1.0,0.53,-0.319,-0.149,0.648,0.551,-0.218,0.309,0.377,0.375,-0.278,0.224,0.432,0.004,0.244,-0.187,-0.083,0.384,0.724,-0.141,0.509,0.088,0.457,-0.033,-0.138,-0.143,0.028,-0.246,0.509,0.408,-0.049,-0.075,0.448,0.431,0.34,0.127,0.676,0.545,-0.097,-0.346,0.502,-0.082,-0.525,-0.277,0.398,0.048,-0.071,0.176,0.02,0.091,0.5,0.432,0.547,-0.099,-0.185,-0.301,0.368,0.294,0.47,-0.138,-0.18,-0.011,0.268,-0.125,-0.399,-0.016,0.15,0.119,0.328,0.487,0.45,-0.349,0.581,0.092,-0.182,0.181,0.552,0.366,-0.404,0.311,0.019,0.244,0.484,0.087,0.61,0.438,-0.393,0.497,-0.116,0.276,0.463,0.494,0.606,0.278,0.477,0.446,-0.223,0.337,0.584,0.29,0.43,0.304,0.393,0.268,0.628,-0.067,0.058,0.653,0.013,0.543,0.527,0.45,-0.154,0.525,-0.188,0.464,0.542,-0.094,0.222,-0.158,0.309,0.373,0.013,0.497,0.521,0.742,-0.47,-0.146,0.431,0.242,0.386,0.47,0.55,0.434,-0.516,0.296,0.478,0.043,0.366,-0.052,0.292,-0.055,-0.107,0.221,0.372,-0.14,-0.283,0.352,0.429,-0.196,0.008,-0.276,0.621,0.521,0.477,0.783,-0.417,-0.066,-0.301,0.323,-0.101,-0.296,-0.105,0.214,-0.01,0.197,0.484,-0.046,-0.312,-0.259,-0.364,-0.155,0.191,-0.269,-0.112,0.57,-0.046,0.503,0.332
AZN,-0.707,0.703,0.315,0.83,0.763,-0.159,-0.113,-0.467,0.702,0.216,0.394,0.526,0.898,0.662,-0.475,0.517,0.435,0.846,-0.52,0.373,0.267,0.53,1.0,-0.216,-0.184,0.567,0.813,-0.445,0.309,0.466,0.255,-0.531,-0.208,0.634,-0.176,0.535,0.292,0.056,0.427,0.658,-0.532,0.624,-0.065,0.637,-0.011,0.276,-0.447,-0.238,-0.444,0.739,0.731,-0.015,-0.274,0.628,0.634,0.695,0.003,0.726,0.737,-0.246,0.267,0.567,0.049,-0.388,-0.386,0.638,-0.208,-0.37,-0.134,0.437,0.596,0.691,0.748,0.458,-0.183,0.119,-0.231,0.749,0.774,0.8,0.227,-0.515,-0.436,0.09,-0.357,-0.239,0.046,-0.283,0.093,0.766,0.72,0.49,-0.605,0.369,-0.352,-0.424,0.658,0.2,0.395,-0.345,0.695,-0.328,-0.018,0.74,-0.165,0.632,0.635,-0.284,0.733,-0.4,0.758,0.42,0.807,0.794,0.631,0.61,0.094,-0.285,0.639,0.619,0.33,0.363,-0.026,0.72,0.393,0.669,-0.36,0.007,0.467,-0.346,0.739,0.233,0.568,0.016,0.742,-0.033,0.739,0.537,-0.389,-0.181,-0.323,0.18,0.209,0.105,0.55,0.777,0.766,-0.209,-0.244,0.545,0.64,0.709,0.594,0.467,0.638,-0.525,0.58,0.419,0.276,0.721,-0.012,0.4,-0.216,-0.594,-0.152,0.451,-0.358,-0.541,0.752,0.381,-0.359,0.442,-0.242,0.387,0.587,0.572,0.549,-0.689,-0.184,-0.491,0.805,-0.285,-0.285,-0.242,0.595,-0.147,-0.195,0.74,-0.391,-0.265,-0.608,-0.706,-0.389,0.574,-0.43,0.101,0.666,-0.346,0.736,0.719
BCRX,0.37,-0.297,0.476,-0.248,-0.211,0.385,-0.138,0.332,0.129,0.072,-0.217,-0.323,-0.004,-0.214,0.41,0.061,-0.006,-0.019,0.595,0.12,0.185,-0.319,-0.216,1.0,0.179,-0.068,-0.196,0.357,0.216,0.014,-0.128,-0.02,0.133,-0.04,0.27,0.019,0.129,-0.227,0.067,-0.148,0.11,-0.112,0.276,-0.239,0.35,0.228,0.077,0.263,0.569,-0.024,-0.127,0.447,0.086,-0.184,0.001,0.002,0.073,-0.125,-0.211,0.174,0.076,-0.218,0.008,0.579,0.71,0.083,0.389,0.247,0.238,0.331,0.187,-0.128,-0.112,-0.292,0.412,0.143,0.717,-0.063,0.089,0.077,0.075,0.167,0.172,-0.444,0.392,0.591,-0.049,0.222,-0.062,-0.124,-0.199,0.113,0.345,-0.106,0.007,0.146,0.155,-0.071,0.075,0.598,-0.414,0.257,0.008,0.025,0.103,-0.143,0.132,0.448,-0.135,0.297,-0.213,0.122,-0.277,-0.177,-0.553,-0.006,-0.164,0.263,-0.247,-0.181,-0.194,0.106,-0.033,-0.224,0.258,-0.29,0.261,0.319,-0.111,0.248,-0.214,-0.003,-0.09,0.259,0.029,0.295,-0.135,-0.15,0.226,-0.049,0.552,-0.247,0.235,0.499,-0.064,-0.183,-0.322,-0.006,0.158,0.133,0.056,-0.419,-0.117,0.121,-0.144,0.543,-0.224,0.275,0.223,0.255,0.23,-0.028,0.373,0.219,0.243,0.039,0.203,0.356,0.166,-0.096,0.319,0.155,0.618,-0.036,-0.093,-0.211,-0.214,0.46,0.274,0.477,-0.067,0.379,0.406,0.199,-0.103,0.17,0.044,-0.241,0.111,0.307,0.3,0.47,0.143,-0.183,0.344,0.307,-0.066,0.386,-0.28,-0.193
BGC,0.474,-0.447,0.124,-0.452,0.073,0.728,0.485,0.558,-0.346,0.028,0.254,-0.573,0.022,-0.395,0.635,-0.207,0.451,-0.209,0.352,-0.552,-0.468,-0.149,-0.184,0.179,1.0,-0.276,-0.408,0.671,-0.036,-0.075,-0.063,0.546,-0.157,-0.429,0.518,-0.365,0.066,0.161,0.461,-0.496,0.277,-0.596,0.355,-0.516,0.695,-0.214,0.584,0.589,0.63,-0.25,-0.483,0.2,0.125,-0.526,-0.267,-0.523,0.679,-0.059,-0.517,0.737,0.234,-0.523,0.783,0.296,0.564,-0.332,0.397,0.72,0.625,0.379,-0.022,-0.422,-0.499,-0.553,0.73,-0.359,0.471,0.267,-0.177,-0.169,0.442,0.577,0.416,0.087,0.67,0.574,0.501,0.435,0.708,-0.448,-0.212,-0.505,0.536,-0.295,0.203,0.694,0.272,0.488,-0.555,0.604,-0.219,0.532,0.7,-0.568,0.711,-0.368,-0.104,0.158,-0.448,0.56,-0.127,-0.344,-0.441,-0.4,-0.325,-0.598,0.161,0.576,-0.384,-0.465,0.241,-0.337,0.418,-0.403,0.215,-0.561,0.542,0.65,0.044,-0.019,-0.485,0.308,-0.336,0.66,-0.411,0.634,-0.449,-0.153,0.688,-0.048,0.644,0.542,-0.285,0.259,-0.427,-0.502,-0.265,0.533,0.766,-0.06,-0.349,-0.199,-0.56,-0.152,-0.501,0.365,-0.48,0.254,0.105,-0.167,0.576,0.345,0.699,0.421,0.418,-0.672,0.719,0.494,-0.182,0.04,0.526,0.113,0.505,0.17,-0.511,-0.467,0.146,0.471,0.614,0.57,-0.305,0.737,0.499,0.794,-0.107,0.744,0.448,-0.482,0.704,0.396,0.531,0.267,0.713,-0.337,0.587,0.75,-0.447,0.634,-0.522,-0.372
BIDU,-0.282,0.457,0.222,0.416,0.618,-0.341,0.154,-0.171,0.598,-0.143,0.659,0.633,0.493,0.139,-0.216,0.659,0.359,0.695,-0.093,0.558,0.529,0.648,0.567,-0.068,-0.276,1.0,0.732,-0.29,0.501,0.656,0.463,-0.409,0.388,0.592,0.197,0.173,-0.193,-0.333,0.429,0.753,0.004,0.594,0.269,0.397,-0.136,-0.197,-0.14,0.102,-0.242,0.548,0.43,0.231,-0.352,0.331,0.498,0.418,-0.036,0.765,0.621,-0.163,-0.386,0.793,-0.278,-0.524,-0.178,0.633,0.155,-0.048,0.24,0.107,0.255,0.774,0.446,0.594,-0.172,-0.167,-0.157,0.31,0.211,0.365,-0.24,-0.16,0.109,0.113,-0.007,-0.43,-0.072,0.225,-0.033,0.371,0.544,0.751,-0.306,0.848,0.152,-0.241,0.219,0.455,0.459,-0.479,0.286,0.063,0.158,0.635,-0.006,0.722,0.712,-0.431,0.668,-0.05,0.299,0.548,0.483,0.53,0.213,0.57,0.542,-0.391,0.209,0.716,0.285,0.571,0.292,0.384,0.29,0.597,0.037,-0.018,0.756,0.265,0.536,0.573,0.659,-0.387,0.751,-0.409,0.526,0.802,-0.15,0.477,-0.127,0.067,0.573,-0.016,0.698,0.547,0.749,-0.588,-0.167,0.681,0.273,0.372,0.587,0.677,0.539,-0.537,0.187,0.547,0.061,0.59,-0.014,0.409,0.043,-0.003,0.376,0.419,-0.217,-0.366,0.43,0.487,0.006,-0.079,-0.11,0.616,0.677,0.724,0.723,-0.37,0.038,-0.251,0.364,-0.058,-0.471,-0.22,0.203,-0.099,0.253,0.546,-0.131,-0.264,-0.211,-0.34,-0.24,-0.018,-0.346,-0.079,0.718,0.089,0.401,0.243
BILI,-0.659,0.758,0.34,0.815,0.638,-0.333,-0.194,-0.525,0.81,0.187,0.377,0.696,0.673,0.643,-0.547,0.623,0.251,0.907,-0.407,0.621,0.535,0.551,0.813,-0.196,-0.408,0.732,1.0,-0.556,0.332,0.658,0.232,-0.589,0.042,0.736,-0.215,0.509,0.089,-0.136,0.232,0.773,-0.433,0.789,-0.035,0.715,-0.294,0.228,-0.477,-0.303,-0.542,0.643,0.807,-0.045,-0.359,0.615,0.639,0.733,-0.236,0.67,0.855,-0.413,-0.033,0.681,-0.265,-0.466,-0.407,0.697,-0.23,-0.367,-0.148,0.235,0.567,0.807,0.793,0.612,-0.391,0.205,-0.262,0.385,0.625,0.672,-0.061,-0.568,-0.337,0.013,-0.367,-0.407,-0.188,-0.177,-0.123,0.695,0.656,0.706,-0.652,0.627,-0.238,-0.529,0.453,0.131,0.633,-0.489,0.612,-0.332,-0.103,0.846,-0.27,0.67,0.704,-0.359,0.77,-0.353,0.556,0.417,0.791,0.804,0.594,0.808,0.185,-0.483,0.632,0.84,0.229,0.575,-0.062,0.765,0.204,0.786,-0.361,-0.213,0.537,-0.114,0.831,0.25,0.608,-0.292,0.812,-0.387,0.848,0.59,-0.402,0.152,-0.429,-0.041,0.365,0.001,0.727,0.869,0.805,-0.456,-0.361,0.654,0.588,0.601,0.751,0.557,0.784,-0.574,0.562,0.364,0.159,0.705,-0.173,0.26,-0.253,-0.472,-0.065,0.658,-0.452,-0.54,0.728,0.309,-0.435,0.188,-0.29,0.329,0.793,0.768,0.52,-0.662,-0.262,-0.559,0.79,-0.327,-0.519,-0.401,0.514,-0.357,-0.109,0.781,-0.426,-0.338,-0.589,-0.624,-0.522,0.476,-0.526,-0.139,0.866,-0.282,0.675,0.643
BKR,0.776,-0.587,-0.15,-0.598,-0.176,0.558,0.444,0.781,-0.467,-0.342,0.146,-0.596,-0.256,-0.624,0.798,-0.37,0.24,-0.448,0.501,-0.635,-0.349,-0.218,-0.445,0.357,0.671,-0.29,-0.556,1.0,-0.167,-0.296,-0.183,0.685,0.005,-0.661,0.596,-0.508,-0.013,0.139,0.273,-0.488,0.499,-0.655,0.362,-0.722,0.755,-0.35,0.704,0.751,0.767,-0.463,-0.685,0.25,0.279,-0.637,-0.438,-0.712,0.549,-0.16,-0.658,0.858,0.031,-0.586,0.639,0.399,0.726,-0.398,0.638,0.807,0.738,0.117,-0.189,-0.594,-0.618,-0.579,0.792,-0.159,0.428,-0.109,-0.404,-0.408,0.171,0.716,0.584,-0.029,0.818,0.642,0.365,0.633,0.566,-0.714,-0.422,-0.472,0.835,-0.204,0.486,0.895,-0.025,0.426,-0.55,0.62,-0.57,0.677,0.643,-0.625,0.729,-0.538,-0.318,0.401,-0.705,0.669,-0.466,-0.334,-0.654,-0.591,-0.638,-0.625,0.143,0.553,-0.565,-0.564,0.058,-0.363,0.547,-0.553,0.067,-0.618,0.746,0.667,-0.106,0.147,-0.609,0.334,-0.358,0.622,-0.599,0.563,-0.644,-0.242,0.812,0.211,0.705,0.4,-0.253,0.329,-0.619,-0.614,-0.402,0.383,0.712,-0.227,-0.617,-0.495,-0.628,-0.187,-0.718,0.595,-0.742,0.117,-0.106,-0.316,0.42,0.178,0.677,0.669,0.512,-0.624,0.844,0.698,-0.416,-0.105,0.656,-0.058,0.601,0.196,-0.62,-0.622,0.034,0.755,0.632,0.609,-0.52,0.806,0.663,0.815,-0.388,0.803,0.512,-0.655,0.788,0.358,0.697,0.649,0.822,-0.574,0.813,0.689,-0.55,0.775,-0.667,-0.711
BLDP,-0.221,0.267,0.496,0.198,0.428,-0.062,-0.02,-0.069,0.526,-0.016,0.356,0.269,0.357,0.067,-0.057,0.783,0.35,0.445,0.152,0.522,0.336,0.309,0.309,0.216,-0.036,0.501,0.332,-0.167,1.0,0.522,0.597,-0.328,0.193,0.397,0.415,-0.02,0.175,-0.415,0.414,0.39,-0.13,0.254,0.566,0.269,0.09,-0.14,-0.212,0.183,-0.038,0.606,0.182,0.549,-0.301,0.351,0.445,0.246,0.057,0.513,0.243,-0.067,-0.005,0.525,-0.144,-0.291,-0.034,0.406,0.204,-0.078,0.151,0.434,0.217,0.489,0.294,0.449,0.011,-0.197,0.423,0.302,0.273,0.378,0.287,-0.168,0.145,-0.073,-0.034,-0.066,-0.076,-0.04,0.057,0.338,0.42,0.399,-0.222,0.292,-0.074,-0.176,0.354,0.243,0.193,-0.155,0.126,0.118,0.069,0.381,-0.038,0.569,0.723,-0.217,0.334,-0.172,0.379,0.673,0.395,0.364,-0.013,0.327,0.206,-0.011,-0.042,0.348,0.048,0.655,0.108,0.266,0.54,0.335,0.031,0.308,0.34,0.27,0.292,0.29,0.456,0.062,0.531,0.105,0.181,0.485,-0.097,0.021,0.18,-0.152,0.712,0.266,0.6,0.274,0.473,-0.238,-0.02,0.668,0.32,0.245,0.367,0.482,0.273,-0.336,0.176,0.444,0.71,0.582,0.483,0.257,0.076,0.019,0.327,0.154,-0.012,-0.406,0.523,0.496,0.291,0.186,0.093,0.562,0.509,0.529,0.394,-0.244,-0.053,0.099,0.213,-0.066,-0.258,-0.087,0.279,-0.087,0.099,0.311,-0.089,0.392,0.037,-0.259,-0.219,0.064,-0.286,0.152,0.431,0.007,0.243,0.196
BLNK,-0.367,0.432,0.587,0.357,0.575,0.01,0.04,-0.242,0.631,0.125,0.475,0.411,0.439,0.196,-0.26,0.759,0.475,0.726,0.099,0.578,0.288,0.377,0.466,0.014,-0.075,0.656,0.658,-0.296,0.522,1.0,0.524,-0.234,0.224,0.601,0.198,0.246,0.055,-0.272,0.461,0.42,-0.179,0.412,0.416,0.295,-0.183,-0.025,-0.262,0.076,-0.159,0.573,0.446,0.295,-0.224,0.367,0.512,0.49,-0.003,0.641,0.497,-0.235,-0.095,0.531,-0.093,-0.415,-0.16,0.542,-0.033,-0.126,0.09,0.386,0.334,0.641,0.406,0.488,-0.083,-0.193,0.214,0.262,0.314,0.4,0.099,-0.277,-0.014,0.014,-0.08,-0.235,-0.126,0.006,0.056,0.454,0.577,0.533,-0.366,0.502,-0.187,-0.252,0.331,0.354,0.518,-0.212,0.463,-0.001,0.152,0.53,-0.142,0.567,0.772,-0.476,0.633,-0.103,0.339,0.452,0.501,0.443,0.26,0.513,0.318,-0.122,0.224,0.599,0.148,0.637,0.078,0.418,0.411,0.439,-0.079,0.036,0.615,0.198,0.438,0.426,0.523,-0.216,0.713,-0.146,0.565,0.602,-0.114,0.161,0.042,0.03,0.485,0.104,0.641,0.416,0.614,-0.191,-0.037,0.722,0.334,0.478,0.455,0.505,0.536,-0.437,0.299,0.463,0.353,0.598,0.228,0.396,0.191,-0.087,0.323,0.287,-0.219,-0.389,0.612,0.449,-0.002,0.101,-0.021,0.377,0.652,0.658,0.549,-0.405,-0.034,-0.092,0.466,-0.024,-0.421,-0.191,0.386,-0.234,0.068,0.443,-0.184,0.062,-0.18,-0.389,-0.288,0.12,-0.363,0.005,0.673,-0.024,0.385,0.296
BYND,-0.187,0.258,0.276,0.13,0.42,-0.093,0.159,-0.087,0.157,-0.249,0.421,0.343,0.243,-0.041,-0.157,0.512,0.351,0.255,0.091,0.238,-0.076,0.375,0.255,-0.128,-0.063,0.463,0.232,-0.183,0.597,0.524,1.0,-0.103,0.209,0.256,0.238,-0.187,0.03,-0.066,0.411,0.291,-0.093,0.139,0.277,0.145,0.016,-0.356,-0.119,0.16,-0.148,0.475,0.058,0.359,-0.118,0.3,0.384,0.106,0.29,0.524,0.218,-0.035,-0.182,0.496,-0.016,-0.523,-0.312,0.14,0.037,-0.116,0.149,0.168,-0.185,0.356,0.15,0.363,-0.037,-0.239,0.136,0.334,0.072,0.188,0.109,-0.217,0.057,0.243,-0.078,-0.249,0.003,-0.056,0.142,0.282,0.305,0.174,-0.196,0.341,-0.001,-0.082,0.036,0.369,0.056,-0.309,0.168,0.08,0.183,0.213,-0.01,0.551,0.464,-0.413,0.401,-0.038,0.228,0.577,0.362,0.28,0.141,0.164,0.267,0.127,-0.055,0.248,0.115,0.365,0.327,0.104,0.397,0.34,0.007,0.182,0.271,0.265,0.192,0.267,0.558,-0.071,0.417,0.007,0.176,0.477,-0.061,0.082,0.036,0.214,0.459,-0.188,0.442,0.108,0.433,-0.119,-0.041,0.395,-0.029,0.266,0.204,0.221,0.185,-0.437,0.242,0.14,0.43,0.389,0.392,0.358,0.07,-0.018,0.351,-0.033,-0.035,-0.366,0.312,0.39,0.156,0.063,-0.221,0.46,0.297,0.375,0.488,-0.266,-0.106,0.077,0.092,-0.157,-0.372,-0.073,0.081,-0.094,0.043,0.192,-0.056,0.225,-0.032,-0.269,-0.12,-0.092,-0.257,-0.014,0.306,-0.113,0.301,0.128
