,AAL,AAPL,ABUS,ADBE,ADI,ADMA,AEP,AGNC,AKBA,ALT,AMAT,AMD,AMGN,AMZN,APA,APPS,ARCC,ARDX,ATER,ATOS,AUPH,AVGO,AZN,BCRX,BGC,BIDU,BILI,BKR,BLDP,BLNK,BYND,CAN,CELH,CG,CGC,CHRD,CLNE,CMCSA,COMM,COST,CPB,CPRT,CRON,CRWD,CSCO,CSGP,CSX,CTSH,CZR,DBX,DDOG,DKNG,DLTR,DOCU,DVAX,DXCM,EA,EBAY,ENPH,ERIC,ESPR,ETSY,EXC,EXEL,EXPE,FANG,FAST,FITB,FLEX,FOLD,FOXA,FSLR,FTNT,FUTU,GEN,GERN,GEVO,GILD,GOOG,GOOGL,GPRO,GT,HBAN,HIVE,HON,HST,HUT,IBRX,INTC,IOVA,IQ,IRWD,JBLU,JD,KDP,KHC,LBTYK,LRCX,LYFT,MAR,MARA,MAT,MCHP,MCRB,MDLZ,META,MGNI,MLCO,MNKD,MNST,MOMO,MRNA,MRVL,MSFT,MSTR,MTCH,MU,MVIS,NDAQ,NFLX,NKTR,NNDM,NTES,NTNX,NVAX,NVDA,NWL,NWSA,NXPI,OCGN,OKTA,ON,OPK,PAA,PACB,PAGP,PANW,PARA,PCAR,PDD,PENN,PEP,PLUG,PTEN,PTON,PYPL,QCOM,QUBT,QVCGA,RDFN,REAL,RIOT,ROKU,ROST,RUN,SABR,SAVA,SBUX,SFIX,SGMO,SIRI,SLM,SMCI,SNDL,SONO,STNE,STX,TCOM,TGTX,TIGR,TLRY,TMUS,TRIP,TSCO,TSLA,TTD,TXN,UAL,UNIT,VERU,VKTX,VLY,VOD,VTRS,VXRT,WBA,WBD,WDAY,WDC,WEN,WW,WYNN,XEL,XP,XRAY,XRX,Z,ZION,ZM,ZS
AAL,1.0,-0.362,0.175,0.039,0.392,-0.064,-0.227,0.413,-0.151,-0.303,0.558,0.599,-0.673,-0.26,0.559,0.423,0.423,0.056,0.443,0.269,0.436,0.476,-0.231,0.502,0.43,0.448,0.511,0.339,0.403,0.469,0.592,0.442,0.589,0.357,0.611,0.456,0.052,0.502,0.514,-0.174,0.084,0.098,0.539,0.27,0.15,0.121,0.306,0.315,0.575,0.417,0.29,0.458,-0.609,0.071,0.326,0.358,0.274,0.289,0.187,-0.427,-0.06,0.1,-0.216,-0.503,0.604,0.507,0.088,0.257,0.596,0.177,-0.206,0.126,0.283,0.652,0.571,-0.043,0.494,-0.547,0.235,0.312,0.37,0.362,0.183,0.117,0.679,0.418,-0.105,0.346,0.383,-0.259,0.323,-0.292,0.178,0.615,0.237,0.281,-0.482,0.546,0.639,0.481,0.306,0.719,0.466,-0.517,0.358,0.437,0.227,0.043,-0.368,0.704,-0.165,0.348,0.172,0.079,-0.023,0.012,0.533,0.377,0.297,0.066,-0.345,0.469,0.268,0.325,0.185,0.429,0.357,-0.339,0.406,0.206,-0.521,0.301,0.285,0.248,0.277,0.243,0.203,0.445,0.238,0.411,0.367,0.364,0.544,0.421,0.478,0.409,0.337,-0.046,0.487,0.566,0.392,0.371,0.207,-0.266,0.032,0.771,0.222,0.424,0.318,-0.026,0.35,0.467,0.217,0.654,0.571,0.561,0.187,0.008,0.218,0.481,0.489,0.44,0.615,-0.329,0.405,0.439,0.464,0.857,0.609,0.546,-0.569,0.211,-0.136,-0.211,0.013,-0.331,-0.109,-0.292,0.677,-0.052,0.673,0.535,-0.28,-0.327,-0.234,-0.066,0.144,0.236,0.192,0.37
AAPL,-0.362,1.0,0.269,0.575,0.324,0.252,-0.158,-0.332,0.348,0.128,0.171,0.144,0.162,0.594,-0.107,0.247,0.209,0.326,0.014,0.075,-0.321,0.204,0.572,0.05,0.071,-0.265,0.137,0.002,0.227,0.187,0.11,-0.147,-0.063,0.336,0.031,0.158,0.294,0.1,0.243,0.299,-0.47,0.272,0.016,0.219,0.463,0.379,-0.282,0.209,0.211,0.255,0.394,0.24,0.142,0.41,0.303,0.242,0.432,0.362,0.353,-0.016,0.369,0.256,0.536,0.061,0.021,0.013,0.225,-0.377,0.02,0.263,0.381,0.279,0.455,0.159,0.199,0.324,0.178,0.303,0.45,0.429,0.26,-0.541,-0.479,0.226,-0.119,0.193,0.26,-0.502,0.452,0.29,0.235,-0.019,-0.324,-0.173,-0.362,-0.15,0.373,0.234,0.085,0.209,0.348,-0.12,0.244,0.099,0.23,0.36,0.404,-0.168,0.081,0.016,0.32,0.216,0.468,0.639,0.456,0.496,-0.154,0.153,0.371,0.234,-0.184,0.196,0.059,0.41,0.407,0.226,-0.206,0.429,0.104,-0.345,0.422,0.121,0.126,0.332,0.381,0.326,0.327,0.146,0.098,-0.255,0.347,0.346,0.117,0.14,0.111,0.413,0.388,0.184,0.167,0.191,0.181,0.308,0.4,0.003,0.453,-0.033,0.18,0.232,0.228,0.424,0.265,0.124,0.306,-0.11,-0.056,-0.011,-0.029,-0.213,0.458,0.116,0.034,0.263,-0.14,0.385,0.28,0.248,0.306,-0.243,-0.143,0.047,0.244,-0.193,0.164,0.139,0.263,0.152,-0.279,0.525,-0.036,0.326,-0.139,-0.213,-0.04,0.33,-0.137,0.395,0.27,-0.384,0.348,0.205
ABUS,0.175,0.269,1.0,0.581,0.41,0.675,-0.555,0.056,0.536,0.41,0.312,0.503,-0.422,0.34,0.606,0.805,0.728,0.442,0.305,0.812,-0.209,0.496,0.353,0.702,0.729,-0.312,0.437,0.321,0.696,0.749,0.621,0.392,0.448,0.679,0.578,0.556,0.769,0.251,0.715,-0.245,-0.5,-0.242,0.689,0.486,0.561,0.432,-0.426,0.207,0.533,0.772,0.439,0.66,-0.513,0.811,0.769,0.656,0.551,0.67,0.223,-0.495,0.598,0.272,0.441,-0.368,0.101,0.657,-0.016,-0.56,0.418,0.732,-0.053,0.466,0.632,0.533,0.583,0.683,0.773,0.137,0.671,0.58,0.685,-0.268,-0.482,-0.253,0.205,0.663,0.01,-0.216,0.457,0.19,0.51,-0.457,-0.596,0.06,-0.485,-0.293,0.06,0.257,0.456,0.482,0.426,0.358,0.208,-0.287,0.271,0.617,0.705,-0.191,-0.328,0.314,0.542,0.889,0.71,0.622,0.374,0.073,-0.12,0.791,0.667,-0.275,-0.413,0.715,-0.079,0.711,0.78,0.7,-0.281,-0.284,0.059,-0.05,-0.452,-0.229,0.296,0.802,0.696,0.842,0.124,0.203,0.234,-0.125,0.549,0.411,0.641,0.783,0.455,0.503,0.482,0.264,0.336,0.617,0.643,0.531,0.273,-0.648,0.216,0.499,0.847,-0.009,0.887,0.836,0.855,0.497,0.58,0.581,0.024,0.194,0.059,-0.644,0.731,0.657,0.736,0.605,0.272,-0.199,0.241,0.563,0.216,0.009,0.404,0.719,-0.008,-0.285,-0.142,0.079,0.654,0.008,-0.546,-0.31,0.253,0.653,0.481,-0.064,-0.675,0.312,-0.702,0.651,-0.01,-0.435,0.675,0.575
ADBE,0.039,0.575,0.581,1.0,0.573,0.37,-0.453,-0.094,0.505,0.152,0.456,0.505,-0.236,0.607,0.261,0.623,0.77,0.637,0.16,0.339,-0.187,0.491,0.704,0.486,0.599,-0.228,0.593,0.098,0.497,0.505,0.587,0.19,0.349,0.58,0.54,0.565,0.609,0.352,0.66,-0.002,-0.588,0.152,0.501,0.653,0.676,0.688,-0.397,0.265,0.593,0.627,0.698,0.586,-0.399,0.674,0.696,0.714,0.721,0.637,0.519,-0.397,0.563,0.143,0.531,-0.387,0.232,0.388,0.003,-0.573,0.336,0.591,0.261,0.721,0.766,0.539,0.609,0.412,0.46,0.121,0.829,0.72,0.705,-0.433,-0.65,-0.015,0.203,0.559,0.41,-0.405,0.699,0.143,0.559,-0.354,-0.455,0.039,-0.334,-0.159,0.111,0.484,0.526,0.391,0.654,0.163,0.425,-0.27,0.418,0.617,0.594,-0.112,-0.16,0.356,0.717,0.639,0.734,0.746,0.63,0.225,-0.02,0.564,0.712,0.145,-0.335,0.565,0.209,0.803,0.769,0.603,-0.293,0.087,0.234,-0.412,-0.024,0.226,0.277,0.682,0.631,0.675,0.447,0.358,0.03,-0.124,0.453,0.61,0.435,0.465,0.497,0.754,0.619,0.212,0.368,0.574,0.714,0.663,0.574,-0.359,0.457,0.423,0.694,0.308,0.601,0.626,0.586,0.47,0.363,0.298,0.076,0.29,-0.193,-0.373,0.704,0.666,0.478,0.581,0.348,-0.09,0.396,0.595,0.51,0.023,0.297,0.457,0.079,-0.336,-0.096,-0.02,0.71,0.097,-0.565,0.194,0.168,0.311,0.193,-0.075,-0.512,0.328,-0.558,0.606,0.323,-0.657,0.782,0.717
ADI,0.392,0.324,0.41,0.573,1.0,0.111,-0.274,0.205,0.206,-0.096,0.87,0.863,-0.531,0.253,0.244,0.581,0.576,0.548,0.566,0.331,0.209,0.768,0.527,0.494,0.527,0.207,0.627,0.026,0.799,0.542,0.622,0.052,0.483,0.53,0.526,0.727,0.371,0.555,0.581,-0.121,-0.335,0.464,0.474,0.676,0.577,0.601,-0.066,0.524,0.699,0.624,0.883,0.723,-0.697,0.471,0.559,0.67,0.778,0.473,0.85,-0.28,0.386,0.218,0.435,-0.599,0.562,0.496,-0.005,-0.297,0.805,0.388,0.193,0.74,0.773,0.739,0.772,0.137,0.677,-0.315,0.687,0.773,0.613,-0.184,-0.392,0.217,0.427,0.416,0.184,-0.116,0.756,-0.166,0.735,-0.278,-0.264,0.586,-0.106,0.083,-0.333,0.871,0.67,0.509,0.719,0.296,0.852,-0.544,0.732,0.81,0.794,-0.111,-0.349,0.68,0.216,0.462,0.795,0.692,0.395,0.358,0.431,0.412,0.559,0.335,-0.422,0.598,0.586,0.604,0.453,0.595,-0.125,-0.07,0.572,-0.273,-0.193,0.479,0.351,0.58,0.778,0.518,0.692,0.798,0.109,0.288,0.476,0.632,0.776,0.336,0.781,0.866,0.818,0.244,0.523,0.689,0.665,0.751,0.708,-0.4,0.695,0.539,0.524,0.55,0.585,0.252,0.536,0.616,0.206,0.429,0.53,0.584,-0.121,-0.113,0.503,0.559,0.467,0.651,0.432,-0.283,0.739,0.854,0.798,0.42,0.456,0.664,-0.434,-0.201,-0.205,-0.253,0.336,-0.129,-0.53,0.15,0.477,0.209,0.455,0.353,-0.268,-0.079,-0.506,0.288,0.317,-0.286,0.524,0.695
ADMA,-0.064,0.252,0.675,0.37,0.111,1.0,-0.413,-0.299,0.73,0.664,-0.059,0.22,0.088,0.436,0.511,0.527,0.39,0.311,-0.108,0.482,-0.284,0.109,0.417,0.523,0.451,-0.349,0.349,0.387,0.373,0.471,0.313,0.32,-0.071,0.467,0.33,0.227,0.565,0.084,0.456,-0.205,-0.553,-0.35,0.397,0.129,0.364,0.319,-0.454,0.112,0.197,0.462,0.215,0.349,-0.189,0.556,0.616,0.392,0.272,0.471,0.039,-0.183,0.697,0.148,0.535,0.094,-0.114,0.519,-0.051,-0.489,0.17,0.676,0.181,0.281,0.418,0.264,0.364,0.669,0.514,0.532,0.324,0.232,0.372,-0.326,-0.499,-0.229,-0.027,0.508,-0.061,-0.268,0.148,0.331,0.357,-0.274,-0.606,-0.169,-0.631,-0.543,0.473,-0.029,0.159,0.161,0.294,0.204,-0.124,-0.001,-0.068,0.209,0.413,0.053,0.007,-0.003,0.535,0.515,0.357,0.392,0.332,-0.051,-0.384,0.483,0.36,-0.499,-0.123,0.426,-0.152,0.43,0.556,0.323,-0.183,-0.024,-0.212,-0.189,-0.257,-0.423,0.165,0.549,0.534,0.501,-0.167,0.058,0.063,-0.271,0.269,0.12,0.338,0.576,0.214,0.232,0.151,0.256,0.054,0.421,0.363,0.349,0.069,-0.437,0.101,0.264,0.493,-0.159,0.539,0.791,0.554,0.409,0.463,0.286,-0.241,-0.171,0.24,-0.476,0.595,0.395,0.427,0.457,0.11,0.059,0.006,0.242,-0.039,-0.194,0.182,0.41,0.416,-0.143,0.064,0.478,0.52,0.221,-0.155,-0.187,0.071,0.489,0.08,-0.299,-0.435,0.58,-0.341,0.642,-0.217,-0.336,0.474,0.29
AEP,-0.227,-0.158,-0.555,-0.453,-0.274,-0.413,1.0,-0.039,-0.358,-0.359,-0.22,-0.381,0.228,-0.304,-0.39,-0.523,-0.455,-0.396,-0.19,-0.371,0.185,-0.175,-0.199,-0.507,-0.555,0.233,-0.445,-0.332,-0.421,-0.467,-0.469,-0.372,-0.179,-0.497,-0.504,-0.402,-0.511,-0.16,-0.487,0.272,0.484,0.201,-0.49,-0.275,-0.459,-0.302,0.44,-0.006,-0.435,-0.492,-0.328,-0.558,0.398,-0.535,-0.546,-0.479,-0.467,-0.572,-0.135,0.434,-0.421,-0.124,-0.268,0.278,-0.181,-0.551,0.06,0.365,-0.265,-0.665,0.083,-0.253,-0.484,-0.511,-0.448,-0.431,-0.517,-0.093,-0.478,-0.475,-0.442,0.302,0.585,0.231,-0.214,-0.65,0.03,0.368,-0.152,-0.287,-0.435,0.541,0.395,0.034,0.649,0.307,-0.128,-0.158,-0.344,-0.352,-0.411,-0.42,-0.131,0.283,-0.023,-0.377,-0.458,0.042,0.2,-0.185,-0.319,-0.501,-0.298,-0.327,-0.208,0.066,0.334,-0.592,-0.392,0.328,0.452,-0.556,0.146,-0.556,-0.548,-0.482,0.119,0.158,0.194,0.059,0.358,0.211,-0.153,-0.593,-0.435,-0.517,-0.042,-0.099,-0.15,0.117,-0.439,-0.094,-0.476,-0.459,-0.359,-0.443,-0.283,-0.284,-0.085,-0.547,-0.481,-0.495,-0.19,0.327,-0.012,-0.435,-0.503,0.008,-0.44,-0.557,-0.472,-0.44,-0.455,-0.377,-0.055,-0.013,-0.151,0.5,-0.597,-0.492,-0.479,-0.496,-0.282,0.135,-0.159,-0.35,-0.084,-0.145,-0.229,-0.43,-0.027,0.12,0.004,-0.186,-0.44,0.043,0.4,0.257,-0.123,-0.45,-0.281,0.1,0.796,-0.427,0.443,-0.478,-0.002,0.294,-0.421,-0.491
AGNC,0.413,-0.332,0.056,-0.094,0.205,-0.299,-0.039,1.0,-0.228,-0.229,0.263,0.216,-0.445,-0.458,0.178,0.089,0.242,-0.137,0.562,0.188,0.18,0.22,-0.267,0.169,0.14,0.202,0.028,0.105,0.151,0.127,0.226,0.177,0.501,0.025,0.152,0.2,0.061,0.098,0.133,-0.167,0.279,0.027,0.168,0.077,-0.022,-0.094,0.203,0.369,0.307,0.056,0.065,0.219,-0.33,-0.045,0.086,0.09,0.081,-0.029,0.033,-0.169,-0.328,0.124,-0.278,-0.475,0.256,0.119,0.054,0.31,0.271,-0.153,-0.335,0.048,0.044,0.231,0.196,0.088,0.175,-0.403,0.134,0.083,0.089,0.283,0.349,-0.058,0.452,0.04,0.164,0.31,0.138,-0.464,0.079,-0.072,0.292,0.509,0.387,0.487,-0.505,0.282,0.281,0.119,-0.15,0.165,0.206,-0.434,0.156,0.23,0.137,-0.113,-0.315,0.327,-0.355,0.16,0.049,-0.119,-0.321,0.014,0.398,0.111,-0.018,0.207,-0.363,0.16,0.262,0.102,0.038,0.138,0.182,-0.277,0.207,0.463,-0.285,0.272,0.287,0.068,-0.028,0.051,0.047,0.167,0.214,0.426,0.035,0.115,0.228,0.069,0.137,0.03,0.107,-0.055,0.222,0.129,0.061,-0.05,0.037,-0.148,-0.031,0.18,0.119,0.041,0.133,-0.205,0.127,0.153,-0.011,0.227,0.296,0.254,0.063,0.155,-0.113,0.158,0.218,0.122,0.34,-0.453,0.072,0.159,0.227,0.392,0.232,0.275,-0.499,0.23,-0.307,-0.503,-0.108,-0.327,-0.252,-0.212,0.232,0.11,0.441,0.37,-0.097,-0.569,-0.095,-0.096,0.174,0.256,-0.049,0.052
AKBA,-0.151,0.348,0.536,0.505,0.206,0.73,-0.358,-0.228,1.0,0.443,0.036,0.221,0.148,0.492,0.267,0.565,0.364,0.511,-0.041,0.239,-0.104,0.182,0.568,0.317,0.354,-0.206,0.315,0.051,0.388,0.295,0.291,0.101,-0.122,0.517,0.386,0.25,0.473,0.127,0.361,-0.163,-0.613,-0.013,0.366,0.292,0.341,0.536,-0.438,0.257,0.151,0.428,0.301,0.322,-0.185,0.461,0.475,0.347,0.362,0.323,0.265,0.012,0.526,0.175,0.466,0.08,0.046,0.4,0.101,-0.509,0.051,0.569,0.401,0.434,0.415,0.189,0.258,0.488,0.35,0.366,0.357,0.298,0.422,-0.441,-0.505,-0.109,-0.012,0.315,0.156,-0.358,0.278,0.26,0.418,-0.235,-0.362,-0.083,-0.531,-0.48,0.517,0.065,0.093,0.331,0.304,0.173,0.089,0.19,0.061,0.21,0.456,0.191,0.382,0.06,0.541,0.389,0.415,0.49,0.318,0.271,-0.324,0.353,0.417,-0.18,-0.099,0.264,0.019,0.387,0.465,0.302,-0.174,0.232,-0.0,-0.354,-0.041,-0.122,0.469,0.453,0.555,0.389,0.126,0.158,-0.073,-0.22,0.337,0.181,0.26,0.399,0.244,0.35,0.281,0.243,0.242,0.43,0.366,0.302,0.317,-0.233,0.363,0.247,0.385,0.101,0.457,0.724,0.447,0.385,0.239,0.103,-0.071,0.106,-0.041,-0.3,0.511,0.308,0.307,0.351,0.206,0.188,0.18,0.262,0.108,-0.178,0.214,0.353,0.317,-0.24,0.007,0.173,0.434,0.039,-0.331,0.094,-0.11,0.417,0.05,-0.179,-0.321,0.443,-0.248,0.648,0.159,-0.475,0.587,0.338
ALT,-0.303,0.128,0.41,0.152,-0.096,0.664,-0.359,-0.229,0.443,1.0,-0.323,-0.032,0.317,0.31,0.213,0.195,0.187,0.108,-0.147,0.28,-0.457,-0.273,0.298,0.224,0.189,-0.466,0.021,0.329,0.051,0.196,-0.06,0.201,-0.184,0.083,-0.019,-0.065,0.535,-0.268,0.022,-0.266,-0.269,-0.504,0.11,-0.146,0.144,-0.055,-0.525,-0.167,-0.134,0.209,-0.042,0.137,-0.041,0.279,0.309,0.159,0.026,0.227,-0.147,0.074,0.565,0.253,0.47,0.285,-0.399,0.276,-0.245,-0.321,-0.079,0.479,0.117,0.139,0.113,-0.032,0.052,0.584,0.174,0.726,0.034,-0.049,0.12,-0.201,-0.428,-0.222,-0.286,0.266,-0.012,-0.342,-0.221,0.426,0.157,-0.065,-0.477,-0.377,-0.611,-0.508,0.48,-0.35,-0.185,-0.234,0.15,0.026,-0.375,0.134,-0.338,-0.094,0.159,0.162,-0.002,-0.335,0.447,0.196,0.077,0.045,0.318,-0.244,-0.478,0.214,0.073,-0.522,-0.081,0.088,-0.287,0.156,0.359,0.027,-0.213,-0.106,-0.548,-0.036,-0.214,-0.546,-0.142,0.351,0.24,0.244,-0.374,-0.183,-0.02,-0.392,-0.023,-0.26,0.028,0.324,-0.089,-0.003,-0.113,0.227,-0.306,0.076,0.174,0.195,-0.187,-0.24,-0.121,-0.105,0.241,-0.438,0.209,0.529,0.279,0.139,0.333,0.014,-0.502,-0.397,0.249,-0.405,0.237,0.147,0.25,0.178,-0.101,0.117,-0.248,-0.034,-0.381,-0.442,-0.072,0.011,0.504,-0.034,0.101,0.521,0.418,0.283,-0.05,-0.258,-0.171,0.411,-0.145,-0.535,-0.347,0.654,-0.199,0.519,-0.346,-0.164,0.099,0.016
AMAT,0.558,0.171,0.312,0.456,0.87,-0.059,-0.22,0.263,0.036,-0.323,1.0,0.805,-0.619,0.131,0.266,0.509,0.513,0.473,0.552,0.283,0.335,0.748,0.3,0.408,0.5,0.301,0.637,-0.011,0.709,0.503,0.668,0.148,0.564,0.55,0.577,0.753,0.223,0.585,0.608,-0.059,-0.185,0.56,0.466,0.6,0.536,0.55,0.104,0.485,0.766,0.52,0.74,0.71,-0.692,0.365,0.453,0.62,0.73,0.429,0.728,-0.373,0.122,0.127,0.109,-0.638,0.62,0.476,0.072,-0.091,0.784,0.335,0.05,0.527,0.682,0.736,0.71,0.007,0.579,-0.464,0.647,0.822,0.59,-0.019,-0.183,0.243,0.545,0.417,0.115,0.032,0.752,-0.247,0.555,-0.279,-0.103,0.654,0.098,0.247,-0.485,0.938,0.742,0.621,0.628,0.383,0.882,-0.58,0.791,0.806,0.632,-0.083,-0.375,0.831,0.055,0.436,0.694,0.556,0.263,0.297,0.563,0.365,0.557,0.392,-0.445,0.582,0.601,0.533,0.321,0.655,-0.021,-0.077,0.657,-0.198,-0.223,0.53,0.364,0.473,0.629,0.505,0.77,0.771,0.155,0.375,0.483,0.685,0.689,0.287,0.734,0.842,0.831,0.113,0.58,0.682,0.547,0.64,0.609,-0.334,0.601,0.583,0.452,0.656,0.515,0.075,0.493,0.531,0.165,0.486,0.696,0.691,-0.131,-0.107,0.492,0.576,0.431,0.567,0.47,-0.281,0.731,0.848,0.853,0.582,0.483,0.665,-0.551,-0.057,-0.186,-0.346,0.187,-0.2,-0.484,0.12,0.538,0.092,0.545,0.466,-0.234,-0.172,-0.436,0.056,0.353,-0.153,0.438,0.672
AMD,0.599,0.144,0.503,0.505,0.863,0.22,-0.381,0.216,0.221,-0.032,0.805,1.0,-0.555,0.135,0.554,0.66,0.645,0.382,0.467,0.478,0.157,0.773,0.379,0.674,0.657,0.194,0.72,0.268,0.798,0.63,0.714,0.37,0.57,0.607,0.677,0.754,0.384,0.508,0.718,-0.217,-0.244,0.249,0.692,0.575,0.537,0.505,-0.103,0.482,0.708,0.665,0.723,0.731,-0.747,0.495,0.598,0.667,0.694,0.584,0.654,-0.425,0.348,0.192,0.377,-0.54,0.53,0.687,-0.027,-0.191,0.826,0.508,-0.045,0.596,0.72,0.868,0.75,0.238,0.706,-0.282,0.62,0.708,0.589,-0.007,-0.312,0.092,0.552,0.556,0.005,0.029,0.669,-0.079,0.677,-0.382,-0.328,0.681,-0.125,0.076,-0.361,0.797,0.757,0.496,0.653,0.514,0.734,-0.669,0.669,0.768,0.685,-0.088,-0.479,0.764,0.197,0.581,0.688,0.569,0.349,0.162,0.444,0.563,0.624,0.143,-0.454,0.638,0.452,0.641,0.496,0.719,0.03,-0.305,0.461,-0.134,-0.439,0.337,0.267,0.685,0.731,0.596,0.504,0.64,0.287,0.36,0.425,0.64,0.825,0.525,0.691,0.818,0.751,0.125,0.467,0.726,0.61,0.744,0.477,-0.512,0.468,0.739,0.598,0.441,0.616,0.335,0.614,0.631,0.351,0.644,0.457,0.543,0.0,-0.179,0.573,0.66,0.599,0.673,0.46,-0.309,0.589,0.772,0.703,0.52,0.588,0.734,-0.4,-0.046,-0.147,-0.112,0.389,-0.123,-0.475,-0.118,0.558,0.213,0.629,0.32,-0.414,-0.023,-0.534,0.316,0.172,-0.16,0.546,0.631
AMGN,-0.673,0.162,-0.422,-0.236,-0.531,0.088,0.228,-0.445,0.148,0.317,-0.619,-0.555,1.0,0.073,-0.397,-0.504,-0.585,-0.276,-0.619,-0.461,-0.377,-0.673,0.137,-0.475,-0.397,-0.34,-0.382,-0.031,-0.612,-0.589,-0.566,-0.323,-0.665,-0.342,-0.483,-0.643,-0.279,-0.528,-0.543,0.261,0.048,-0.107,-0.523,-0.539,-0.191,-0.216,-0.209,-0.271,-0.565,-0.518,-0.494,-0.554,0.754,-0.375,-0.409,-0.487,-0.46,-0.276,-0.34,0.579,-0.083,-0.084,0.138,0.794,-0.54,-0.455,-0.078,0.061,-0.588,-0.12,0.15,-0.337,-0.367,-0.603,-0.602,-0.007,-0.607,0.679,-0.438,-0.512,-0.529,-0.196,-0.056,-0.079,-0.529,-0.355,-0.081,-0.258,-0.519,0.287,-0.487,0.449,-0.04,-0.519,-0.169,-0.215,0.595,-0.557,-0.604,-0.569,-0.409,-0.499,-0.52,0.481,-0.394,-0.625,-0.481,0.168,0.54,-0.572,-0.075,-0.522,-0.526,-0.344,-0.176,-0.037,-0.47,-0.45,-0.468,-0.201,0.309,-0.575,-0.254,-0.469,-0.365,-0.515,-0.019,0.403,-0.534,-0.054,0.57,-0.328,-0.253,-0.395,-0.354,-0.467,-0.379,-0.55,-0.22,-0.135,-0.452,-0.369,-0.661,-0.452,-0.572,-0.453,-0.574,-0.131,-0.562,-0.495,-0.556,-0.466,-0.443,0.374,-0.221,-0.603,-0.501,-0.375,-0.56,-0.089,-0.473,-0.51,-0.091,-0.562,-0.609,-0.565,0.023,0.148,-0.242,-0.502,-0.54,-0.425,-0.528,0.433,-0.522,-0.576,-0.441,-0.605,-0.527,-0.643,0.728,0.116,0.263,0.389,-0.228,0.554,0.276,0.39,-0.584,-0.172,-0.644,-0.551,0.405,0.42,0.57,-0.013,-0.19,0.031,-0.358,-0.45
AMZN,-0.26,0.594,0.34,0.607,0.253,0.436,-0.304,-0.458,0.492,0.31,0.131,0.135,0.073,1.0,0.05,0.273,0.287,0.472,-0.129,0.063,-0.238,0.039,0.59,0.191,0.168,-0.165,0.268,-0.075,0.297,0.156,0.072,-0.124,-0.149,0.348,0.163,0.273,0.391,0.184,0.262,0.027,-0.633,-0.002,0.094,0.302,0.432,0.4,-0.263,-0.064,0.147,0.301,0.471,0.308,-0.143,0.378,0.342,0.345,0.438,0.36,0.296,-0.234,0.687,0.048,0.508,0.051,0.007,0.208,0.105,-0.438,0.021,0.508,0.423,0.491,0.437,0.111,0.339,0.225,0.28,0.366,0.441,0.464,0.472,-0.529,-0.593,0.153,-0.191,0.352,0.391,-0.509,0.337,0.447,0.303,-0.311,-0.376,-0.305,-0.524,-0.525,0.463,0.091,-0.008,0.247,0.501,-0.071,0.029,0.145,0.094,0.237,0.359,0.052,0.017,-0.118,0.709,0.205,0.487,0.573,0.618,0.128,-0.298,0.22,0.459,-0.128,-0.024,0.157,-0.124,0.323,0.375,0.178,-0.306,0.265,-0.07,-0.56,0.11,-0.14,0.006,0.432,0.506,0.426,0.296,0.133,-0.072,-0.434,0.296,0.201,0.177,0.207,0.19,0.418,0.348,0.335,0.079,0.292,0.483,0.438,0.357,-0.028,0.299,0.04,0.322,0.141,0.368,0.449,0.33,0.428,0.138,-0.097,-0.101,-0.07,0.143,-0.364,0.549,0.248,0.127,0.369,0.069,0.233,0.26,0.347,0.064,-0.141,-0.011,0.068,0.333,-0.288,0.229,0.404,0.472,0.165,-0.136,0.224,0.077,0.347,-0.131,-0.306,-0.316,0.518,-0.282,0.538,0.085,-0.414,0.401,0.382
APA,0.559,-0.107,0.606,0.261,0.244,0.511,-0.39,0.178,0.267,0.213,0.266,0.554,-0.397,0.05,1.0,0.615,0.633,-0.017,0.159,0.717,-0.216,0.363,-0.018,0.697,0.655,-0.051,0.494,0.658,0.446,0.641,0.53,0.738,0.552,0.539,0.522,0.502,0.509,0.316,0.632,-0.247,-0.126,-0.384,0.653,0.182,0.372,0.125,-0.053,0.139,0.493,0.56,0.197,0.486,-0.508,0.499,0.609,0.526,0.382,0.587,-0.068,-0.591,0.406,0.065,0.207,-0.305,0.145,0.853,0.088,-0.057,0.508,0.591,-0.292,0.176,0.398,0.584,0.566,0.386,0.601,-0.006,0.373,0.369,0.432,0.217,-0.104,-0.198,0.42,0.662,-0.2,0.071,0.297,0.078,0.285,-0.367,-0.446,0.365,-0.173,-0.021,-0.063,0.251,0.49,0.26,0.267,0.526,0.083,-0.588,0.221,0.367,0.346,-0.03,-0.525,0.506,0.226,0.651,0.318,0.297,0.217,-0.194,0.107,0.704,0.555,-0.407,-0.416,0.567,-0.112,0.562,0.56,0.576,0.106,-0.509,-0.051,0.113,-0.664,-0.267,0.096,0.662,0.396,0.586,-0.093,0.091,0.526,0.206,0.285,0.401,0.485,0.819,0.264,0.363,0.291,-0.045,0.25,0.558,0.386,0.426,-0.052,-0.603,-0.162,0.71,0.555,-0.065,0.588,0.476,0.626,0.538,0.587,0.659,0.057,0.173,0.359,-0.492,0.511,0.573,0.604,0.561,0.366,-0.248,0.033,0.368,0.181,0.302,0.531,0.587,-0.126,0.14,0.075,0.24,0.406,0.084,-0.178,-0.517,0.559,0.31,0.604,0.038,-0.583,0.165,-0.464,0.463,-0.23,0.015,0.465,0.307
APPS,0.423,0.247,0.805,0.623,0.581,0.527,-0.523,0.089,0.565,0.195,0.509,0.66,-0.504,0.273,0.615,1.0,0.776,0.538,0.349,0.667,0.001,0.604,0.403,0.662,0.708,-0.091,0.613,0.305,0.736,0.815,0.714,0.35,0.508,0.681,0.684,0.681,0.646,0.373,0.758,-0.231,-0.499,0.006,0.739,0.573,0.548,0.579,-0.377,0.405,0.626,0.92,0.572,0.703,-0.588,0.735,0.747,0.716,0.685,0.681,0.449,-0.356,0.52,0.327,0.439,-0.453,0.322,0.714,0.01,-0.52,0.598,0.712,0.139,0.541,0.698,0.666,0.722,0.461,0.73,-0.054,0.674,0.661,0.74,-0.271,-0.508,-0.169,0.318,0.619,0.023,-0.271,0.595,-0.02,0.614,-0.327,-0.416,0.295,-0.401,-0.167,-0.01,0.492,0.57,0.626,0.504,0.471,0.49,-0.307,0.435,0.639,0.711,-0.112,-0.207,0.575,0.446,0.799,0.699,0.673,0.308,0.319,0.033,0.761,0.77,-0.09,-0.522,0.713,0.195,0.753,0.766,0.793,-0.249,-0.202,0.257,-0.169,-0.37,0.016,0.44,0.716,0.75,0.73,0.34,0.46,0.213,0.048,0.621,0.544,0.698,0.83,0.592,0.717,0.614,0.241,0.547,0.766,0.71,0.589,0.477,-0.639,0.416,0.719,0.752,0.249,0.79,0.733,0.788,0.573,0.605,0.645,0.273,0.485,-0.045,-0.549,0.668,0.716,0.748,0.638,0.449,-0.176,0.425,0.646,0.458,0.212,0.575,0.728,-0.132,-0.313,-0.211,-0.113,0.591,-0.074,-0.613,-0.139,0.35,0.495,0.527,0.096,-0.584,0.221,-0.624,0.562,0.107,-0.49,0.824,0.638
ARCC,0.423,0.209,0.728,0.77,0.576,0.39,-0.455,0.242,0.364,0.187,0.513,0.645,-0.585,0.287,0.633,0.776,1.0,0.463,0.402,0.667,-0.129,0.59,0.371,0.684,0.743,-0.135,0.592,0.35,0.608,0.744,0.679,0.482,0.709,0.577,0.647,0.695,0.737,0.393,0.773,-0.271,-0.323,-0.089,0.716,0.621,0.542,0.475,-0.258,0.342,0.653,0.762,0.609,0.691,-0.698,0.695,0.771,0.765,0.708,0.626,0.384,-0.554,0.501,0.216,0.342,-0.564,0.28,0.654,-0.06,-0.358,0.567,0.604,-0.019,0.66,0.66,0.676,0.745,0.459,0.659,-0.05,0.746,0.643,0.768,-0.067,-0.385,-0.125,0.394,0.65,0.203,-0.114,0.659,-0.062,0.577,-0.381,-0.397,0.301,-0.184,0.031,-0.211,0.49,0.649,0.419,0.553,0.401,0.416,-0.522,0.422,0.642,0.636,-0.158,-0.469,0.548,0.565,0.832,0.725,0.577,0.516,0.042,0.202,0.743,0.742,0.05,-0.463,0.704,0.175,0.848,0.841,0.704,-0.196,-0.352,0.241,-0.063,-0.494,0.163,0.327,0.767,0.606,0.771,0.286,0.42,0.24,0.053,0.444,0.559,0.591,0.753,0.531,0.685,0.6,0.162,0.478,0.666,0.764,0.648,0.429,-0.619,0.275,0.647,0.779,0.161,0.767,0.609,0.754,0.597,0.462,0.619,0.182,0.41,-0.032,-0.465,0.612,0.811,0.758,0.632,0.508,-0.349,0.321,0.668,0.449,0.265,0.588,0.651,-0.168,-0.119,-0.215,-0.111,0.675,-0.052,-0.548,-0.27,0.428,0.404,0.552,0.132,-0.654,0.13,-0.747,0.575,0.172,-0.392,0.717,0.664
ARDX,0.056,0.326,0.442,0.637,0.548,0.311,-0.396,-0.137,0.511,0.108,0.473,0.382,-0.276,0.472,-0.017,0.538,0.463,1.0,0.229,0.13,0.104,0.43,0.567,0.26,0.363,0.017,0.495,-0.168,0.474,0.328,0.384,-0.06,0.072,0.483,0.398,0.44,0.365,0.3,0.377,-0.208,-0.54,0.359,0.313,0.543,0.449,0.701,-0.278,0.238,0.354,0.495,0.622,0.428,-0.462,0.439,0.453,0.429,0.564,0.301,0.641,-0.147,0.4,0.208,0.299,-0.29,0.321,0.301,-0.055,-0.535,0.281,0.41,0.39,0.636,0.526,0.339,0.411,0.286,0.421,-0.038,0.55,0.572,0.555,-0.397,-0.509,0.086,0.117,0.358,0.313,-0.272,0.478,0.173,0.57,-0.272,-0.151,0.136,-0.348,-0.268,0.047,0.435,0.345,0.534,0.609,0.192,0.452,0.052,0.259,0.489,0.609,0.037,0.117,0.264,0.537,0.359,0.634,0.542,0.444,0.296,-0.059,0.273,0.439,0.194,-0.102,0.39,0.343,0.462,0.424,0.355,-0.241,0.214,0.299,-0.426,-0.059,0.268,0.336,0.397,0.565,0.469,0.476,0.553,-0.204,-0.166,0.447,0.274,0.432,0.228,0.551,0.637,0.556,0.297,0.381,0.483,0.596,0.533,0.631,-0.14,0.652,0.34,0.497,0.385,0.47,0.466,0.387,0.446,0.045,0.133,0.261,0.341,-0.146,-0.225,0.465,0.391,0.302,0.372,0.376,0.016,0.502,0.574,0.391,0.092,0.234,0.414,-0.009,-0.321,-0.148,-0.07,0.52,-0.175,-0.398,0.186,0.084,0.272,0.098,0.11,-0.328,0.312,-0.39,0.349,0.323,-0.508,0.605,0.581
ATER,0.443,0.014,0.305,0.16,0.566,-0.108,-0.19,0.562,-0.041,-0.147,0.552,0.467,-0.619,-0.129,0.159,0.349,0.402,0.229,1.0,0.386,0.303,0.48,-0.03,0.343,0.255,0.335,0.229,-0.059,0.603,0.405,0.408,0.051,0.66,0.235,0.302,0.474,0.19,0.408,0.272,-0.211,0.052,0.305,0.288,0.429,0.187,0.158,0.138,0.497,0.485,0.321,0.532,0.516,-0.54,0.204,0.327,0.407,0.565,0.1,0.494,-0.147,-0.069,0.284,-0.046,-0.59,0.41,0.256,0.093,0.028,0.573,0.053,-0.063,0.382,0.399,0.455,0.495,0.138,0.592,-0.427,0.376,0.427,0.365,0.057,0.068,0.045,0.424,0.267,-0.026,0.14,0.452,-0.33,0.437,-0.11,0.122,0.562,0.168,0.235,-0.419,0.543,0.516,0.409,0.218,0.279,0.53,-0.323,0.38,0.57,0.573,-0.175,-0.302,0.494,-0.126,0.334,0.43,0.302,-0.077,0.3,0.529,0.271,0.204,0.392,-0.435,0.388,0.501,0.298,0.197,0.27,0.091,-0.172,0.432,0.433,-0.265,0.382,0.461,0.235,0.476,0.288,0.424,0.563,0.128,0.252,0.467,0.296,0.654,0.148,0.554,0.398,0.484,0.31,0.402,0.448,0.447,0.279,0.509,-0.114,0.412,0.319,0.287,0.334,0.422,0.019,0.373,0.35,0.096,0.286,0.571,0.536,-0.014,0.11,0.215,0.271,0.305,0.354,0.357,-0.288,0.56,0.587,0.466,0.467,0.284,0.551,-0.589,0.066,-0.284,-0.459,0.028,-0.44,-0.362,-0.055,0.38,0.322,0.546,0.445,-0.223,-0.425,-0.306,-0.017,0.489,0.085,0.187,0.377
ATOS,0.269,0.075,0.812,0.339,0.331,0.482,-0.371,0.188,0.239,0.28,0.283,0.478,-0.461,0.063,0.717,0.667,0.667,0.13,0.386,1.0,-0.277,0.42,0.07,0.687,0.653,-0.223,0.288,0.41,0.597,0.699,0.524,0.466,0.629,0.495,0.457,0.479,0.717,0.242,0.58,-0.258,-0.034,-0.315,0.631,0.298,0.419,0.125,-0.238,0.19,0.487,0.648,0.278,0.538,-0.455,0.697,0.679,0.529,0.494,0.582,0.035,-0.449,0.456,0.239,0.257,-0.441,0.01,0.671,0.01,-0.329,0.511,0.538,-0.257,0.269,0.479,0.521,0.55,0.525,0.736,0.053,0.503,0.417,0.507,0.099,-0.241,-0.363,0.247,0.588,-0.276,-0.052,0.314,0.008,0.313,-0.275,-0.524,0.203,-0.268,-0.008,-0.108,0.24,0.456,0.319,0.193,0.253,0.123,-0.457,0.272,0.531,0.561,-0.328,-0.549,0.373,0.285,0.799,0.535,0.437,0.179,-0.073,0.099,0.73,0.556,-0.247,-0.495,0.658,-0.048,0.608,0.676,0.602,-0.175,-0.508,-0.011,0.239,-0.547,-0.256,0.164,0.64,0.499,0.674,-0.023,0.114,0.399,0.033,0.412,0.395,0.576,0.768,0.324,0.333,0.363,0.134,0.208,0.533,0.484,0.348,0.07,-0.663,0.023,0.463,0.702,-0.186,0.756,0.617,0.747,0.396,0.63,0.615,0.044,0.15,0.196,-0.563,0.537,0.603,0.709,0.503,0.255,-0.34,0.069,0.515,0.179,0.053,0.312,0.64,-0.15,-0.098,-0.112,0.043,0.469,0.045,-0.365,-0.438,0.419,0.605,0.56,-0.024,-0.544,0.12,-0.668,0.487,-0.105,-0.198,0.52,0.355
AUPH,0.436,-0.321,-0.209,-0.187,0.209,-0.284,0.185,0.18,-0.104,-0.457,0.335,0.157,-0.377,-0.238,-0.216,0.001,-0.129,0.104,0.303,-0.277,1.0,0.323,-0.215,-0.024,-0.011,0.681,0.212,-0.331,0.223,-0.002,0.219,-0.135,0.029,-0.068,0.257,0.228,-0.362,0.347,0.125,-0.076,0.095,0.451,0.096,0.362,-0.303,0.214,0.394,0.345,0.148,-0.077,0.232,0.056,-0.266,-0.237,-0.157,-0.01,0.014,-0.269,0.328,0.118,-0.32,0.012,-0.371,-0.31,0.612,-0.124,0.016,0.206,0.158,-0.236,0.165,0.098,-0.019,0.143,0.122,-0.327,0.098,-0.614,-0.035,0.056,0.06,0.197,0.278,0.271,0.366,-0.179,0.073,0.379,0.19,-0.461,0.223,-0.169,0.505,0.379,0.368,0.176,-0.458,0.366,0.284,0.37,0.161,0.318,0.489,0.069,0.252,0.15,0.02,0.309,0.249,0.24,-0.202,-0.128,-0.03,-0.033,-0.164,0.267,0.451,-0.172,-0.062,0.463,0.155,0.067,0.474,-0.14,-0.332,0.062,0.258,0.123,0.695,-0.072,0.045,0.572,0.346,-0.29,0.077,-0.272,0.427,0.509,-0.264,0.308,0.172,0.11,0.216,-0.284,0.458,0.073,0.169,0.025,0.452,0.176,0.117,0.063,0.363,0.164,0.252,0.219,-0.142,0.622,-0.056,-0.338,-0.127,0.107,-0.488,0.173,0.72,0.511,-0.267,0.454,-0.189,0.04,0.034,-0.026,0.415,-0.051,0.545,0.193,0.395,0.615,0.281,0.28,-0.514,-0.042,-0.307,-0.526,-0.291,-0.558,0.015,0.183,0.165,-0.302,0.191,0.745,0.258,-0.577,0.058,-0.469,0.498,0.106,-0.032,0.255
AVGO,0.476,0.204,0.496,0.491,0.768,0.109,-0.175,0.22,0.182,-0.273,0.748,0.773,-0.673,0.039,0.363,0.604,0.59,0.43,0.48,0.42,0.323,1.0,0.335,0.578,0.546,0.313,0.616,0.077,0.717,0.552,0.724,0.225,0.579,0.535,0.594,0.687,0.313,0.549,0.69,-0.008,-0.238,0.424,0.63,0.776,0.457,0.602,0.015,0.56,0.701,0.621,0.693,0.558,-0.607,0.575,0.547,0.609,0.639,0.469,0.649,-0.381,0.172,0.188,0.187,-0.653,0.587,0.46,0.149,-0.258,0.675,0.219,-0.007,0.592,0.642,0.692,0.625,0.159,0.611,-0.419,0.695,0.699,0.508,0.032,-0.179,0.132,0.587,0.412,0.118,0.193,0.789,-0.245,0.648,-0.355,-0.199,0.634,0.08,0.183,-0.419,0.786,0.732,0.615,0.517,0.43,0.769,-0.474,0.707,0.809,0.671,-0.073,-0.334,0.734,0.197,0.631,0.697,0.67,0.29,0.325,0.473,0.557,0.581,0.396,-0.219,0.643,0.52,0.576,0.426,0.717,0.043,-0.121,0.758,-0.145,-0.269,0.53,0.351,0.449,0.58,0.53,0.568,0.66,0.262,0.317,0.426,0.715,0.708,0.431,0.64,0.689,0.757,0.028,0.637,0.607,0.589,0.556,0.574,-0.402,0.567,0.669,0.59,0.581,0.597,0.305,0.545,0.503,0.158,0.598,0.547,0.652,-0.179,-0.058,0.429,0.552,0.545,0.538,0.464,-0.31,0.641,0.66,0.783,0.46,0.621,0.765,-0.55,-0.206,-0.248,-0.347,0.309,-0.265,-0.495,0.031,0.503,0.109,0.595,0.484,-0.215,-0.237,-0.458,0.179,0.382,-0.265,0.613,0.577
AZN,-0.231,0.572,0.353,0.704,0.527,0.417,-0.199,-0.267,0.568,0.298,0.3,0.379,0.137,0.59,-0.018,0.403,0.371,0.567,-0.03,0.07,-0.215,0.335,1.0,0.285,0.258,-0.239,0.421,0.022,0.412,0.24,0.276,-0.169,-0.065,0.381,0.207,0.38,0.413,0.076,0.371,0.056,-0.577,0.277,0.169,0.46,0.611,0.633,-0.513,0.242,0.341,0.483,0.616,0.293,-0.122,0.455,0.488,0.38,0.518,0.495,0.62,0.006,0.54,0.217,0.725,-0.044,0.019,0.169,-0.077,-0.582,0.252,0.421,0.499,0.67,0.636,0.286,0.397,0.374,0.271,0.417,0.576,0.527,0.374,-0.54,-0.665,0.0,-0.027,0.34,0.333,-0.446,0.495,0.193,0.566,-0.005,-0.469,-0.01,-0.384,-0.282,0.36,0.368,0.246,0.167,0.493,-0.104,0.337,0.0,0.332,0.418,0.54,-0.052,0.088,0.147,0.599,0.314,0.571,0.621,0.478,0.273,-0.133,0.234,0.474,0.086,-0.114,0.225,0.318,0.442,0.49,0.345,-0.346,0.289,0.163,-0.519,0.256,0.148,0.118,0.409,0.63,0.436,0.411,0.355,-0.108,-0.132,0.195,0.434,0.303,0.215,0.266,0.608,0.453,0.343,0.148,0.368,0.5,0.48,0.472,-0.202,0.61,0.16,0.434,0.256,0.334,0.509,0.356,0.277,0.268,0.018,-0.113,0.107,-0.246,-0.161,0.553,0.339,0.213,0.395,0.053,0.044,0.261,0.383,0.395,-0.246,0.128,0.258,0.275,-0.377,-0.076,0.156,0.512,0.311,-0.489,0.389,-0.089,0.167,-0.143,-0.289,-0.117,0.407,-0.206,0.502,0.098,-0.541,0.546,0.403
BCRX,0.502,0.05,0.702,0.486,0.494,0.523,-0.507,0.169,0.317,0.224,0.408,0.674,-0.475,0.191,0.697,0.662,0.684,0.26,0.343,0.687,-0.024,0.578,0.285,1.0,0.773,-0.038,0.649,0.507,0.703,0.72,0.8,0.485,0.539,0.582,0.723,0.617,0.601,0.48,0.771,-0.17,-0.307,-0.175,0.831,0.419,0.568,0.315,-0.216,0.351,0.688,0.695,0.542,0.644,-0.567,0.615,0.859,0.726,0.54,0.775,0.224,-0.583,0.563,0.124,0.365,-0.509,0.336,0.692,0.014,-0.305,0.621,0.622,-0.068,0.445,0.716,0.678,0.776,0.549,0.814,-0.029,0.663,0.564,0.539,-0.026,-0.362,-0.241,0.551,0.795,-0.08,-0.014,0.48,0.038,0.569,-0.532,-0.573,0.289,-0.298,-0.135,-0.035,0.454,0.71,0.407,0.453,0.479,0.274,-0.533,0.424,0.603,0.592,-0.097,-0.449,0.456,0.34,0.769,0.486,0.492,0.255,-0.117,0.092,0.762,0.608,-0.232,-0.488,0.731,0.1,0.695,0.689,0.688,0.066,-0.321,0.14,0.066,-0.525,-0.033,0.154,0.63,0.637,0.707,0.132,0.366,0.368,0.079,0.468,0.51,0.772,0.697,0.53,0.519,0.445,0.187,0.313,0.734,0.716,0.576,0.242,-0.571,0.114,0.69,0.696,0.119,0.698,0.613,0.724,0.667,0.551,0.752,0.245,0.21,0.275,-0.356,0.698,0.665,0.767,0.735,0.551,-0.354,0.284,0.589,0.389,0.309,0.525,0.736,-0.211,-0.089,-0.116,0.178,0.522,0.019,-0.312,-0.366,0.575,0.371,0.656,0.035,-0.555,0.135,-0.544,0.54,0.073,-0.177,0.558,0.542
BGC,0.43,0.071,0.729,0.599,0.527,0.451,-0.555,0.14,0.354,0.189,0.5,0.657,-0.397,0.168,0.655,0.708,0.743,0.363,0.255,0.653,-0.011,0.546,0.258,0.773,1.0,-0.13,0.687,0.464,0.633,0.732,0.811,0.582,0.574,0.684,0.79,0.647,0.679,0.479,0.827,-0.153,-0.314,-0.153,0.831,0.521,0.591,0.466,-0.199,0.265,0.708,0.679,0.48,0.64,-0.579,0.653,0.775,0.753,0.595,0.752,0.252,-0.547,0.504,0.108,0.318,-0.483,0.318,0.757,-0.003,-0.329,0.564,0.782,-0.127,0.51,0.724,0.694,0.687,0.479,0.701,-0.085,0.728,0.61,0.7,-0.018,-0.392,-0.203,0.506,0.741,-0.003,-0.121,0.504,0.028,0.495,-0.554,-0.56,0.266,-0.28,-0.088,-0.134,0.463,0.721,0.432,0.574,0.478,0.421,-0.626,0.483,0.564,0.544,-0.072,-0.391,0.525,0.422,0.813,0.561,0.474,0.382,-0.077,0.081,0.788,0.67,-0.175,-0.519,0.822,0.092,0.806,0.716,0.767,-0.03,-0.293,0.169,-0.077,-0.474,-0.013,0.226,0.741,0.622,0.74,0.207,0.334,0.321,0.241,0.475,0.608,0.644,0.696,0.636,0.613,0.512,0.074,0.369,0.789,0.674,0.689,0.207,-0.642,0.116,0.688,0.737,0.129,0.768,0.601,0.76,0.55,0.517,0.804,0.185,0.266,0.031,-0.512,0.68,0.812,0.8,0.748,0.497,-0.301,0.285,0.654,0.46,0.262,0.528,0.736,-0.155,-0.115,-0.131,-0.02,0.575,0.13,-0.488,-0.242,0.428,0.376,0.645,0.107,-0.677,0.239,-0.654,0.586,0.133,-0.329,0.627,0.803
BIDU,0.448,-0.265,-0.312,-0.228,0.207,-0.349,0.233,0.202,-0.206,-0.466,0.301,0.194,-0.34,-0.165,-0.051,-0.091,-0.135,0.017,0.335,-0.223,0.681,0.313,-0.239,-0.038,-0.13,1.0,0.247,-0.184,0.102,-0.109,0.014,-0.023,0.05,-0.12,0.031,0.122,-0.41,0.407,-0.062,-0.033,0.275,0.409,-0.054,0.195,-0.283,0.146,0.545,0.316,0.103,-0.187,0.186,-0.027,-0.265,-0.319,-0.165,-0.092,0.012,-0.335,0.259,0.118,-0.29,0.032,-0.357,-0.192,0.646,-0.058,0.24,0.308,0.215,-0.355,0.059,0.09,-0.094,0.14,0.113,-0.416,0.1,-0.545,-0.123,0.013,-0.064,0.398,0.386,0.361,0.39,-0.13,0.081,0.513,0.158,-0.3,0.248,-0.059,0.535,0.573,0.43,0.298,-0.324,0.355,0.258,0.3,0.12,0.243,0.366,0.036,0.141,0.148,0.082,0.345,0.066,0.282,-0.187,-0.233,-0.071,-0.086,-0.056,0.265,0.562,-0.216,-0.156,0.435,0.243,-0.088,0.486,-0.169,-0.375,-0.137,0.433,0.097,0.541,0.007,-0.025,0.54,0.102,-0.296,0.009,-0.298,0.279,0.418,-0.051,0.393,0.074,0.108,0.155,-0.278,0.278,0.045,0.201,-0.036,0.242,0.028,0.078,0.054,0.382,0.279,0.175,0.297,-0.213,0.572,-0.159,-0.404,-0.222,0.207,-0.465,-0.02,0.555,0.438,0.051,0.528,-0.23,-0.089,-0.158,0.024,0.385,-0.051,0.494,0.126,0.344,0.618,0.213,0.184,-0.484,0.17,-0.01,-0.327,-0.35,-0.486,0.187,0.165,0.373,-0.353,0.18,0.688,0.244,-0.481,0.288,-0.441,0.391,0.328,-0.073,0.049
BILI,0.511,0.137,0.437,0.593,0.627,0.349,-0.445,0.028,0.315,0.021,0.637,0.72,-0.382,0.268,0.494,0.613,0.592,0.495,0.229,0.288,0.212,0.616,0.421,0.649,0.687,0.247,1.0,0.347,0.582,0.587,0.723,0.404,0.356,0.547,0.63,0.69,0.331,0.471,0.72,-0.219,-0.408,0.207,0.603,0.571,0.5,0.692,-0.137,0.41,0.721,0.568,0.685,0.573,-0.554,0.433,0.675,0.709,0.602,0.614,0.53,-0.408,0.392,0.201,0.323,-0.477,0.56,0.612,-0.114,-0.318,0.574,0.567,0.083,0.575,0.757,0.7,0.731,0.281,0.581,-0.174,0.683,0.69,0.588,-0.132,-0.343,0.006,0.536,0.693,0.079,-0.065,0.635,-0.1,0.646,-0.42,-0.352,0.5,-0.149,-0.048,-0.133,0.705,0.816,0.495,0.684,0.47,0.59,-0.466,0.485,0.601,0.539,0.174,-0.242,0.618,0.447,0.519,0.544,0.495,0.377,0.117,0.219,0.505,0.544,0.06,-0.291,0.626,0.498,0.689,0.52,0.637,0.019,-0.093,0.425,-0.268,-0.189,0.317,0.133,0.549,0.621,0.57,0.409,0.609,0.082,0.407,0.373,0.626,0.61,0.462,0.666,0.756,0.657,0.204,0.446,0.728,0.657,0.719,0.501,-0.426,0.411,0.764,0.541,0.495,0.537,0.359,0.575,0.586,0.274,0.568,0.387,0.411,-0.013,-0.156,0.617,0.619,0.495,0.621,0.545,-0.287,0.503,0.658,0.687,0.421,0.578,0.684,-0.19,-0.142,-0.225,-0.016,0.448,-0.024,-0.417,0.059,0.393,0.17,0.437,0.275,-0.445,0.187,-0.375,0.267,0.253,-0.351,0.601,0.706
BKR,0.339,0.002,0.321,0.098,0.026,0.387,-0.332,0.105,0.051,0.329,-0.011,0.268,-0.031,-0.075,0.658,0.305,0.35,-0.168,-0.059,0.41,-0.331,0.077,0.022,0.507,0.464,-0.184,0.347,1.0,0.11,0.52,0.274,0.559,0.254,0.321,0.224,0.238,0.368,0.064,0.437,-0.128,-0.03,-0.424,0.356,-0.094,0.354,-0.108,-0.138,0.171,0.346,0.336,-0.022,0.204,-0.135,0.313,0.479,0.27,0.054,0.577,-0.209,-0.295,0.319,0.146,0.276,-0.011,0.029,0.522,0.087,0.094,0.316,0.452,-0.268,-0.047,0.254,0.334,0.314,0.49,0.308,0.225,0.193,0.114,0.102,0.174,-0.08,-0.263,0.324,0.599,-0.257,-0.068,0.049,0.189,0.153,-0.131,-0.409,0.082,-0.197,0.131,0.136,0.05,0.329,-0.083,0.09,0.399,-0.048,-0.461,-0.039,0.077,0.135,0.046,-0.422,0.189,0.071,0.413,-0.005,0.022,0.08,-0.22,-0.062,0.437,0.285,-0.386,-0.376,0.406,-0.189,0.444,0.497,0.326,0.258,-0.303,-0.235,0.18,-0.35,-0.266,-0.178,0.431,0.129,0.394,-0.28,-0.095,0.593,0.173,0.147,0.191,0.226,0.599,0.031,0.128,0.029,-0.032,0.002,0.273,0.109,0.253,-0.234,-0.404,-0.307,0.449,0.278,-0.171,0.231,0.374,0.359,0.275,0.589,0.503,-0.161,-0.212,0.444,-0.396,0.379,0.331,0.413,0.427,0.185,-0.038,-0.195,0.047,0.028,0.064,0.243,0.221,0.176,0.335,0.158,0.428,0.274,0.418,-0.105,-0.349,0.372,0.179,0.297,-0.102,-0.349,0.32,-0.119,0.364,-0.33,0.237,0.14,0.102
BLDP,0.403,0.227,0.696,0.497,0.799,0.373,-0.421,0.151,0.388,0.051,0.709,0.798,-0.612,0.297,0.446,0.736,0.608,0.474,0.603,0.597,0.223,0.717,0.412,0.703,0.633,0.102,0.582,0.11,1.0,0.715,0.727,0.184,0.496,0.647,0.651,0.84,0.523,0.558,0.727,-0.228,-0.392,0.231,0.662,0.652,0.548,0.543,-0.158,0.428,0.693,0.72,0.777,0.787,-0.703,0.608,0.684,0.704,0.744,0.608,0.646,-0.415,0.499,0.244,0.408,-0.567,0.478,0.636,0.066,-0.36,0.753,0.59,0.151,0.627,0.787,0.723,0.797,0.364,0.876,-0.262,0.691,0.774,0.703,-0.172,-0.381,0.0,0.453,0.593,-0.004,-0.109,0.664,-0.099,0.725,-0.441,-0.427,0.428,-0.253,-0.086,-0.184,0.672,0.692,0.613,0.627,0.42,0.641,-0.453,0.638,0.793,0.841,-0.134,-0.34,0.573,0.303,0.668,0.781,0.669,0.326,0.263,0.284,0.579,0.699,0.058,-0.458,0.696,0.356,0.654,0.569,0.718,-0.114,-0.185,0.445,-0.147,-0.358,0.18,0.401,0.687,0.878,0.712,0.592,0.681,0.226,0.118,0.635,0.601,0.92,0.536,0.764,0.738,0.774,0.392,0.544,0.794,0.728,0.704,0.596,-0.509,0.55,0.618,0.684,0.41,0.797,0.499,0.754,0.658,0.381,0.572,0.523,0.503,-0.046,-0.293,0.687,0.614,0.641,0.705,0.431,-0.239,0.641,0.829,0.603,0.353,0.541,0.846,-0.389,-0.228,-0.182,-0.148,0.422,-0.2,-0.532,-0.097,0.453,0.468,0.615,0.26,-0.469,-0.047,-0.604,0.433,0.249,-0.26,0.586,0.675
BLNK,0.469,0.187,0.749,0.505,0.542,0.471,-0.467,0.127,0.295,0.196,0.503,0.63,-0.589,0.156,0.641,0.815,0.744,0.328,0.405,0.699,-0.002,0.552,0.24,0.72,0.732,-0.109,0.587,0.52,0.715,1.0,0.701,0.522,0.562,0.574,0.626,0.735,0.649,0.409,0.781,-0.231,-0.376,-0.143,0.734,0.457,0.544,0.336,-0.302,0.397,0.644,0.8,0.54,0.708,-0.606,0.676,0.809,0.765,0.611,0.723,0.335,-0.465,0.539,0.31,0.422,-0.549,0.292,0.715,0.002,-0.434,0.68,0.681,-0.077,0.4,0.674,0.669,0.748,0.494,0.758,-0.125,0.589,0.611,0.618,-0.17,-0.435,-0.202,0.358,0.672,-0.066,-0.214,0.491,-0.037,0.607,-0.398,-0.534,0.275,-0.362,-0.046,-0.082,0.476,0.654,0.395,0.512,0.461,0.469,-0.518,0.38,0.572,0.657,-0.206,-0.505,0.551,0.321,0.778,0.595,0.538,0.322,0.055,0.059,0.695,0.737,-0.133,-0.612,0.762,0.128,0.822,0.81,0.758,-0.189,-0.406,0.201,-0.066,-0.488,-0.059,0.234,0.735,0.669,0.758,0.271,0.447,0.363,0.072,0.559,0.504,0.749,0.833,0.59,0.617,0.597,0.327,0.472,0.687,0.652,0.652,0.396,-0.717,0.208,0.657,0.715,0.145,0.738,0.627,0.738,0.516,0.623,0.789,0.3,0.311,0.039,-0.598,0.665,0.679,0.798,0.688,0.347,-0.244,0.354,0.596,0.401,0.2,0.48,0.719,-0.223,-0.214,-0.154,-0.002,0.554,0.015,-0.51,-0.331,0.456,0.431,0.554,0.143,-0.582,0.148,-0.685,0.474,-0.039,-0.264,0.593,0.603
BYND,0.592,0.11,0.621,0.587,0.622,0.313,-0.469,0.226,0.291,-0.06,0.668,0.714,-0.566,0.072,0.53,0.714,0.679,0.384,0.408,0.524,0.219,0.724,0.276,0.8,0.811,0.014,0.723,0.274,0.727,0.701,1.0,0.424,0.609,0.7,0.866,0.69,0.489,0.603,0.852,0.011,-0.334,0.185,0.828,0.581,0.608,0.529,-0.116,0.421,0.87,0.711,0.595,0.756,-0.574,0.573,0.786,0.802,0.616,0.739,0.386,-0.547,0.323,0.144,0.192,-0.657,0.517,0.618,0.088,-0.268,0.635,0.564,0.022,0.464,0.815,0.774,0.789,0.397,0.716,-0.289,0.792,0.736,0.702,-0.063,-0.301,-0.039,0.691,0.704,0.023,-0.044,0.712,-0.176,0.536,-0.499,-0.388,0.372,-0.085,0.045,-0.211,0.693,0.86,0.627,0.566,0.601,0.589,-0.569,0.655,0.767,0.579,-0.04,-0.302,0.71,0.238,0.762,0.588,0.565,0.24,0.14,0.278,0.697,0.663,0.022,-0.547,0.82,0.334,0.765,0.636,0.836,0.079,-0.102,0.455,-0.066,-0.341,0.255,0.436,0.599,0.651,0.681,0.412,0.531,0.235,0.21,0.593,0.729,0.746,0.603,0.702,0.708,0.64,0.078,0.6,0.865,0.704,0.632,0.409,-0.518,0.333,0.76,0.661,0.454,0.713,0.474,0.758,0.573,0.499,0.773,0.493,0.52,-0.043,-0.28,0.673,0.759,0.751,0.74,0.598,-0.319,0.506,0.71,0.71,0.453,0.635,0.832,-0.398,-0.166,-0.217,-0.196,0.422,-0.136,-0.507,-0.08,0.496,0.28,0.703,0.225,-0.505,-0.043,-0.532,0.411,0.32,-0.339,0.626,0.741
