,AAL,AAPL,ABUS,ADBE,ADI,ADMA,AEP,AGNC,AKBA,ALT,AMAT,AMD,AMGN,AMZN,APA,APPS,ARCC,ARDX,ATER,ATOS,AUPH,AVGO,AZN,BCRX,BGC,BIDU,BILI,BKR,BLDP,BLNK,BYND,CAN,CELH,CG,CGC,CHRD,CLNE,CMCSA,COMM,COST,CPB,CPRT,CRON,CRWD,CSCO,CSGP,CSX,CTSH,CZR,DBX,DDOG,DKNG,DLTR,DOCU,DVAX,DXCM,EA,EBAY,ENPH,ERIC,ESPR,ETSY,EXC,EXEL,EXPE,FANG,FAST,FITB,FLEX,FOLD,FOXA,FSLR,FTNT,FUTU,GEN,GERN,GEVO,GILD,GOOG,GOOGL,GPRO,GT,HBAN,HIVE,HON,HST,HUT,IBRX,INTC,IOVA,IQ,IRWD,JBLU,JD,KDP,KHC,LBTYK,LRCX,LYFT,MAR,MARA,MAT,MCHP,MCRB,MDLZ,META,MGNI,MLCO,MNKD,MNST,MOMO,MRNA,MRVL,MSFT,MSTR,MTCH,MU,MVIS,NDAQ,NFLX,NKTR,NNDM,NTES,NTNX,NVAX,NVDA,NWL,NWSA,NXPI,OCGN,OKTA,ON,OPK,PAA,PACB,PAGP,PANW,PARA,PCAR,PDD,PENN,PEP,PLUG,PTEN,PTON,PYPL,QCOM,QUBT,QVCGA,RDFN,REAL,RIOT,ROKU,ROST,RUN,SABR,SAVA,SBUX,SFIX,SGMO,SIRI,SLM,SMCI,SNDL,SONO,STNE,STX,TCOM,TGTX,TIGR,TLRY,TMUS,TRIP,TSCO,TSLA,TTD,TXN,UAL,UNIT,VERU,VKTX,VLY,VOD,VTRS,VXRT,WBA,WBD,WDAY,WDC,WEN,WW,WYNN,XEL,XP,XRAY,XRX,Z,ZION,ZM,ZS
AAL,1.0,-0.155,0.554,-0.109,0.124,0.2,-0.281,-0.071,0.664,0.612,-0.031,0.258,-0.156,-0.181,0.425,0.174,-0.011,0.07,0.446,0.536,0.751,0.122,-0.084,0.486,-0.16,0.36,0.616,0.471,0.71,0.223,0.168,0.623,-0.07,-0.14,0.394,-0.378,0.655,0.182,-0.114,-0.16,0.122,-0.077,0.498,0.044,-0.087,-0.2,-0.133,-0.037,0.268,0.496,-0.082,0.365,-0.094,-0.129,0.081,-0.164,-0.005,0.042,0.46,-0.218,0.616,0.068,-0.14,0.19,0.791,0.296,0.041,0.493,0.252,0.404,0.14,0.29,-0.039,0.29,0.172,0.569,0.589,0.16,-0.087,-0.094,0.626,0.425,0.428,0.387,-0.148,0.482,0.632,0.145,0.277,0.514,0.159,0.483,0.543,0.67,-0.307,0.033,0.071,-0.015,0.483,0.755,0.243,0.501,0.188,0.312,-0.068,0.041,0.506,0.673,0.116,-0.118,0.396,-0.165,0.273,-0.178,0.271,0.283,0.388,0.455,-0.215,-0.029,0.534,0.553,0.316,-0.11,0.193,-0.235,0.369,0.416,0.501,0.292,-0.383,0.325,0.395,0.49,0.443,0.498,-0.191,0.171,0.403,0.723,0.532,-0.214,0.529,0.602,-0.095,-0.142,0.179,0.093,0.334,0.606,0.201,0.549,-0.076,0.087,0.424,0.814,0.541,-0.005,0.537,0.427,0.066,0.055,0.169,0.596,0.149,0.03,0.109,0.581,0.457,0.185,0.551,0.116,0.819,0.03,0.045,0.076,0.056,0.89,0.554,0.389,0.679,0.663,0.548,0.379,0.592,0.26,0.193,-0.056,0.47,-0.259,0.585,0.583,-0.261,0.347,0.291,0.517,0.101,0.588,0.098,-0.113
AAPL,-0.155,1.0,-0.404,0.791,0.731,-0.422,0.764,0.818,-0.228,-0.262,0.511,0.533,0.424,0.923,-0.338,0.564,0.76,0.607,-0.349,-0.449,-0.032,0.765,0.081,-0.182,0.77,-0.27,0.056,-0.545,-0.209,0.45,0.232,-0.529,0.817,0.831,-0.716,0.882,-0.37,-0.443,0.749,0.711,-0.406,0.931,-0.653,0.832,0.558,0.877,0.682,0.783,0.811,0.07,0.741,-0.382,0.624,0.752,0.402,0.862,0.848,0.751,0.124,0.691,-0.294,0.591,0.885,0.677,-0.184,0.428,0.428,0.537,0.559,-0.075,-0.29,-0.262,0.831,0.529,0.438,-0.35,-0.338,0.282,0.855,0.839,0.049,0.629,0.584,0.404,0.878,0.164,-0.43,-0.504,0.525,-0.015,-0.487,-0.452,0.445,-0.411,0.772,0.587,0.037,0.717,-0.293,0.279,0.456,0.111,0.724,0.435,0.4,0.811,-0.19,-0.272,0.785,0.854,0.354,0.484,0.502,0.928,0.478,0.308,0.533,-0.278,0.907,0.76,-0.332,-0.531,0.285,0.621,-0.13,0.757,0.559,0.441,0.585,-0.346,0.758,0.658,-0.293,-0.007,0.36,0.334,0.925,-0.517,0.384,0.091,-0.218,0.536,-0.486,-0.29,0.794,0.899,0.689,0.515,0.187,0.169,0.496,-0.006,0.638,0.874,-0.358,0.139,-0.532,0.898,0.029,-0.279,0.617,0.773,0.764,-0.506,0.686,0.523,0.867,-0.54,-0.123,0.255,-0.66,0.83,-0.286,0.577,0.713,0.364,0.686,0.035,-0.329,-0.509,-0.168,0.201,0.054,-0.652,-0.391,0.555,-0.502,0.654,0.506,0.796,-0.434,0.145,0.758,0.507,0.586,0.539,0.667,0.365,0.515,0.704
ABUS,0.554,-0.404,1.0,-0.418,-0.286,0.564,-0.549,-0.449,0.722,0.759,-0.326,0.073,-0.43,-0.435,0.704,0.113,-0.481,-0.077,0.62,0.749,0.755,-0.156,-0.097,0.703,-0.418,0.552,0.359,0.627,0.584,-0.06,0.406,0.746,-0.302,-0.352,0.649,-0.452,0.733,0.476,-0.23,-0.593,-0.008,-0.281,0.725,-0.074,-0.565,-0.345,-0.538,-0.496,-0.081,0.305,-0.177,0.667,-0.6,-0.16,0.274,-0.365,-0.484,-0.317,0.341,-0.398,0.702,0.144,-0.51,0.165,0.438,0.201,-0.458,0.013,-0.115,0.688,0.516,-0.001,-0.501,-0.113,-0.292,0.804,0.542,-0.173,-0.423,-0.432,0.679,-0.161,0.014,-0.029,-0.488,0.469,0.654,0.589,0.087,0.481,0.534,0.719,0.01,0.602,-0.636,-0.555,0.42,-0.383,0.585,0.428,-0.193,0.483,-0.221,0.312,-0.503,-0.403,0.743,0.656,-0.208,-0.569,0.34,0.078,-0.047,-0.44,0.157,0.468,0.052,0.636,-0.519,-0.272,0.78,0.782,0.398,-0.155,0.545,-0.375,-0.264,0.319,-0.009,0.567,-0.402,-0.132,0.718,0.493,0.335,0.322,-0.387,0.574,0.158,0.435,0.723,-0.661,0.614,0.704,-0.286,-0.393,-0.165,-0.245,0.482,0.633,0.188,0.458,-0.124,-0.247,0.311,0.511,0.746,-0.439,0.497,0.666,-0.096,-0.493,-0.148,0.717,0.107,0.147,-0.355,0.677,0.606,0.399,0.771,-0.264,0.628,-0.421,-0.128,0.31,-0.438,0.512,0.712,0.688,0.679,0.337,0.326,0.593,0.807,-0.172,0.547,-0.045,0.18,-0.39,0.642,0.447,-0.604,0.349,-0.141,0.085,-0.059,0.282,0.129,-0.025
ADBE,-0.109,0.791,-0.418,1.0,0.786,-0.552,0.761,0.875,-0.37,-0.509,0.729,0.473,0.494,0.779,-0.492,0.552,0.837,0.55,-0.449,-0.576,-0.088,0.651,0.081,-0.396,0.693,-0.381,0.229,-0.704,-0.188,0.414,-0.02,-0.599,0.699,0.849,-0.74,0.676,-0.481,-0.608,0.491,0.876,-0.232,0.783,-0.682,0.563,0.723,0.749,0.769,0.816,0.589,0.121,0.668,-0.586,0.743,0.585,0.182,0.866,0.86,0.804,0.103,0.596,-0.41,0.392,0.796,0.505,-0.172,0.339,0.523,0.394,0.686,-0.159,-0.494,-0.052,0.839,0.703,0.416,-0.508,-0.377,0.442,0.789,0.794,-0.097,0.649,0.421,0.437,0.739,-0.115,-0.448,-0.77,0.54,0.034,-0.581,-0.478,0.507,-0.293,0.746,0.697,-0.123,0.799,-0.452,0.203,0.428,-0.06,0.748,0.317,0.497,0.795,-0.273,-0.284,0.756,0.87,0.282,0.243,0.704,0.848,0.294,0.123,0.583,-0.339,0.842,0.835,-0.544,-0.597,0.118,0.737,-0.337,0.675,0.566,0.145,0.512,-0.628,0.602,0.718,-0.513,-0.123,0.29,0.375,0.772,-0.626,0.18,0.224,-0.478,0.654,-0.616,-0.47,0.775,0.704,0.686,0.546,-0.131,0.131,0.318,-0.18,0.485,0.686,-0.194,0.109,-0.67,0.807,-0.1,-0.356,0.594,0.796,0.685,-0.63,0.421,0.264,0.792,-0.602,-0.198,0.066,-0.666,0.754,-0.207,0.744,0.623,0.122,0.817,0.034,-0.45,-0.668,-0.238,0.059,0.126,-0.766,-0.508,0.59,-0.623,0.504,0.506,0.71,-0.567,0.033,0.802,0.255,0.607,0.385,0.524,0.151,0.457,0.525
ADI,0.124,0.731,-0.286,0.786,1.0,-0.415,0.718,0.786,-0.051,-0.262,0.824,0.633,0.498,0.682,-0.295,0.481,0.84,0.556,-0.24,-0.392,0.072,0.835,-0.006,-0.287,0.685,-0.242,0.406,-0.443,0.066,0.674,0.077,-0.422,0.673,0.692,-0.507,0.539,-0.159,-0.418,0.415,0.795,-0.085,0.74,-0.442,0.532,0.733,0.727,0.767,0.825,0.676,0.452,0.623,-0.362,0.81,0.417,0.217,0.743,0.885,0.827,0.324,0.487,-0.123,0.303,0.764,0.598,0.031,0.458,0.62,0.524,0.764,-0.085,-0.426,0.174,0.84,0.712,0.591,-0.293,-0.022,0.637,0.817,0.821,0.142,0.708,0.524,0.551,0.656,0.027,-0.26,-0.588,0.651,0.32,-0.499,-0.312,0.554,-0.023,0.673,0.654,-0.138,0.915,-0.196,0.372,0.552,0.09,0.939,0.408,0.562,0.85,-0.209,-0.076,0.806,0.837,0.334,0.061,0.812,0.802,0.21,0.239,0.738,-0.074,0.752,0.75,-0.318,-0.476,0.283,0.64,-0.36,0.531,0.728,0.297,0.807,-0.515,0.476,0.924,-0.25,0.051,0.535,0.448,0.697,-0.537,0.207,0.482,-0.207,0.659,-0.329,-0.285,0.692,0.692,0.867,0.512,-0.056,0.194,0.39,-0.115,0.442,0.684,0.002,0.274,-0.45,0.782,0.08,-0.147,0.719,0.855,0.831,-0.456,0.436,0.329,0.875,-0.301,0.099,0.137,-0.525,0.83,-0.031,0.732,0.524,0.091,0.898,0.234,-0.083,-0.5,0.048,0.239,0.218,-0.555,-0.319,0.775,-0.525,0.46,0.702,0.608,-0.266,0.245,0.73,0.504,0.584,0.584,0.617,0.283,0.353,0.449
ADMA,0.2,-0.422,0.564,-0.552,-0.415,1.0,-0.564,-0.579,0.479,0.626,-0.59,-0.074,-0.565,-0.444,0.59,-0.038,-0.61,-0.223,0.671,0.709,0.509,-0.269,-0.179,0.628,-0.546,0.769,0.12,0.43,0.353,-0.263,0.412,0.564,-0.356,-0.343,0.508,-0.399,0.556,0.692,-0.345,-0.661,0.002,-0.427,0.639,-0.094,-0.649,-0.448,-0.653,-0.628,-0.245,0.282,-0.163,0.836,-0.63,-0.263,0.243,-0.391,-0.542,-0.467,0.169,-0.431,0.515,0.105,-0.6,-0.058,0.178,-0.189,-0.717,-0.241,-0.38,0.456,0.823,-0.113,-0.464,-0.318,-0.349,0.696,0.416,-0.466,-0.501,-0.511,0.519,-0.428,-0.226,-0.33,-0.59,0.255,0.487,0.641,-0.176,0.311,0.89,0.339,-0.36,0.33,-0.634,-0.563,0.593,-0.505,0.257,0.117,-0.447,0.305,-0.4,0.226,-0.575,-0.462,0.617,0.519,-0.508,-0.572,0.286,0.081,-0.365,-0.455,-0.061,0.5,-0.231,0.507,-0.566,-0.383,0.599,0.698,0.303,-0.299,0.594,-0.462,-0.542,0.382,-0.284,0.677,-0.414,-0.381,0.7,0.312,0.061,-0.062,-0.399,0.888,-0.061,0.125,0.68,-0.659,0.556,0.561,-0.447,-0.358,-0.361,-0.226,0.311,0.329,0.111,0.226,-0.096,-0.409,0.212,0.151,0.747,-0.584,0.253,0.491,-0.142,-0.535,-0.321,0.656,-0.033,0.273,-0.564,0.574,0.472,0.305,0.559,-0.371,0.212,-0.669,-0.247,0.448,-0.561,0.111,0.521,0.744,0.332,-0.016,0.167,0.503,0.727,-0.411,0.892,-0.072,-0.118,-0.263,0.495,0.158,-0.659,0.12,-0.5,-0.214,0.048,-0.004,0.064,0.025
AEP,-0.281,0.764,-0.549,0.761,0.718,-0.564,1.0,0.823,-0.278,-0.477,0.628,0.398,0.663,0.737,-0.483,0.265,0.726,0.5,-0.506,-0.635,-0.391,0.661,0.033,-0.457,0.601,-0.509,-0.05,-0.508,-0.32,0.327,-0.064,-0.681,0.596,0.703,-0.669,0.738,-0.371,-0.39,0.364,0.842,-0.131,0.711,-0.677,0.41,0.814,0.708,0.836,0.802,0.517,0.088,0.476,-0.469,0.771,0.462,0.167,0.712,0.825,0.692,-0.011,0.49,-0.287,0.143,0.875,0.47,-0.382,0.302,0.717,0.293,0.523,-0.238,-0.52,0.002,0.731,0.405,0.51,-0.433,-0.253,0.591,0.762,0.735,-0.271,0.494,0.314,0.217,0.727,-0.142,-0.597,-0.572,0.387,-0.072,-0.613,-0.446,0.276,-0.387,0.866,0.663,-0.206,0.7,-0.369,0.01,0.328,-0.106,0.729,0.173,0.666,0.754,-0.471,-0.41,0.696,0.801,0.006,0.112,0.507,0.784,0.078,-0.037,0.308,-0.439,0.818,0.654,-0.469,-0.695,0.063,0.64,-0.423,0.602,0.557,0.072,0.512,-0.667,0.555,0.57,-0.373,-0.215,0.198,0.155,0.696,-0.681,-0.002,-0.011,-0.444,0.836,-0.51,-0.496,0.613,0.665,0.634,0.442,-0.256,-0.232,0.003,-0.385,0.309,0.615,-0.158,-0.113,-0.647,0.785,-0.278,-0.279,0.618,0.75,0.636,-0.727,0.322,0.089,0.771,-0.543,-0.181,-0.159,-0.69,0.728,-0.411,0.756,0.453,-0.047,0.816,-0.117,-0.341,-0.684,-0.255,-0.027,-0.023,-0.657,-0.5,0.548,-0.661,0.352,0.304,0.694,-0.497,-0.096,0.953,0.218,0.434,0.355,0.311,0.033,0.259,0.362
AGNC,-0.071,0.818,-0.449,0.875,0.786,-0.579,0.823,1.0,-0.281,-0.421,0.7,0.45,0.575,0.764,-0.38,0.403,0.868,0.542,-0.461,-0.583,-0.144,0.697,0.103,-0.406,0.686,-0.468,0.154,-0.575,-0.197,0.367,-0.014,-0.585,0.667,0.824,-0.741,0.746,-0.415,-0.557,0.521,0.866,-0.226,0.812,-0.661,0.542,0.777,0.813,0.837,0.85,0.684,0.097,0.634,-0.543,0.762,0.637,0.198,0.811,0.842,0.831,0.107,0.587,-0.322,0.298,0.841,0.552,-0.093,0.476,0.658,0.556,0.698,-0.086,-0.53,0.042,0.848,0.666,0.468,-0.454,-0.321,0.503,0.784,0.798,-0.089,0.747,0.58,0.482,0.839,-0.014,-0.402,-0.691,0.488,0.012,-0.632,-0.454,0.486,-0.286,0.785,0.747,-0.209,0.793,-0.324,0.23,0.463,0.005,0.743,0.343,0.549,0.771,-0.347,-0.332,0.863,0.843,0.236,0.265,0.645,0.844,0.321,0.065,0.527,-0.378,0.849,0.727,-0.469,-0.557,0.145,0.654,-0.306,0.672,0.667,0.226,0.587,-0.583,0.567,0.715,-0.443,-0.039,0.292,0.357,0.788,-0.681,0.288,0.177,-0.397,0.687,-0.529,-0.329,0.693,0.79,0.727,0.404,-0.032,0.02,0.299,-0.114,0.432,0.778,-0.192,0.136,-0.645,0.891,-0.078,-0.338,0.555,0.882,0.696,-0.62,0.428,0.272,0.879,-0.552,-0.191,0.047,-0.683,0.77,-0.174,0.741,0.634,0.159,0.839,0.093,-0.368,-0.628,-0.162,0.225,0.116,-0.721,-0.471,0.627,-0.672,0.467,0.467,0.761,-0.535,0.044,0.85,0.327,0.632,0.535,0.524,0.293,0.325,0.473
AKBA,0.664,-0.228,0.722,-0.37,-0.051,0.479,-0.278,-0.281,1.0,0.848,-0.207,0.128,-0.161,-0.264,0.666,0.131,-0.298,-0.01,0.584,0.636,0.679,0.066,-0.113,0.625,-0.308,0.51,0.438,0.678,0.683,0.092,0.515,0.606,-0.203,-0.258,0.607,-0.323,0.896,0.577,-0.246,-0.397,0.247,-0.155,0.655,-0.037,-0.282,-0.185,-0.306,-0.304,0.104,0.448,-0.114,0.683,-0.343,-0.171,0.383,-0.335,-0.224,-0.092,0.61,-0.374,0.884,0.152,-0.286,0.345,0.45,0.284,-0.127,0.185,0.035,0.678,0.448,0.275,-0.279,-0.024,-0.061,0.881,0.799,0.119,-0.245,-0.264,0.616,0.083,0.153,0.084,-0.327,0.483,0.569,0.628,0.103,0.599,0.446,0.775,0.061,0.699,-0.388,-0.304,0.399,-0.216,0.607,0.571,-0.054,0.617,0.091,0.482,-0.208,-0.103,0.712,0.622,-0.007,-0.365,0.29,-0.053,0.043,-0.287,0.153,0.471,0.108,0.692,-0.376,-0.222,0.833,0.675,0.593,-0.188,0.461,-0.352,0.043,0.399,0.321,0.56,-0.402,0.108,0.839,0.5,0.539,0.324,-0.307,0.471,0.229,0.499,0.814,-0.316,0.745,0.743,-0.183,-0.219,0.041,-0.244,0.501,0.556,0.18,0.412,-0.087,-0.075,0.575,0.458,0.683,-0.181,0.465,0.838,0.054,-0.238,0.073,0.603,0.158,0.14,-0.082,0.716,0.809,0.255,0.646,-0.015,0.576,-0.111,-0.051,0.227,-0.151,0.598,0.868,0.616,0.859,0.454,0.323,0.644,0.847,0.102,0.456,-0.045,0.297,-0.287,0.682,0.473,-0.338,0.521,0.013,0.336,-0.008,0.38,0.201,-0.08
ALT,0.612,-0.262,0.759,-0.509,-0.262,0.626,-0.477,-0.421,0.848,1.0,-0.487,-0.035,-0.285,-0.342,0.821,-0.002,-0.44,-0.154,0.6,0.818,0.708,-0.048,-0.108,0.817,-0.426,0.646,0.289,0.797,0.536,-0.106,0.417,0.713,-0.283,-0.346,0.611,-0.334,0.851,0.688,-0.143,-0.564,0.169,-0.196,0.652,0.01,-0.472,-0.301,-0.462,-0.432,0.1,0.249,-0.18,0.767,-0.553,-0.165,0.353,-0.434,-0.391,-0.279,0.423,-0.377,0.79,0.218,-0.412,0.231,0.536,0.247,-0.362,0.242,-0.173,0.655,0.675,0.035,-0.38,-0.172,-0.191,0.924,0.648,-0.136,-0.342,-0.376,0.633,-0.012,0.222,-0.101,-0.312,0.61,0.615,0.755,-0.02,0.416,0.608,0.755,-0.012,0.58,-0.46,-0.425,0.493,-0.421,0.592,0.572,-0.229,0.596,-0.153,0.355,-0.358,-0.285,0.788,0.605,-0.16,-0.465,0.303,0.049,-0.232,-0.377,0.199,0.511,-0.003,0.581,-0.444,-0.36,0.919,0.791,0.499,-0.399,0.578,-0.433,-0.093,0.493,0.136,0.703,-0.449,-0.116,0.859,0.525,0.291,0.219,-0.332,0.646,0.406,0.365,0.9,-0.524,0.695,0.893,-0.319,-0.271,-0.134,-0.254,0.689,0.563,0.233,0.505,-0.125,-0.066,0.358,0.505,0.797,-0.255,0.485,0.722,-0.097,-0.347,-0.084,0.781,0.2,0.242,-0.218,0.67,0.64,0.324,0.677,-0.148,0.616,-0.366,-0.116,0.329,-0.376,0.536,0.808,0.739,0.774,0.548,0.319,0.663,0.9,-0.13,0.645,-0.084,0.17,-0.309,0.694,0.448,-0.525,0.411,-0.155,0.281,-0.061,0.519,0.081,-0.042
AMAT,-0.031,0.511,-0.326,0.729,0.824,-0.59,0.628,0.7,-0.207,-0.487,1.0,0.469,0.408,0.505,-0.479,0.335,0.764,0.457,-0.391,-0.545,-0.129,0.572,-0.144,-0.54,0.724,-0.427,0.376,-0.555,0.018,0.588,-0.088,-0.457,0.481,0.605,-0.484,0.379,-0.352,-0.55,0.224,0.729,-0.056,0.566,-0.449,0.222,0.694,0.646,0.691,0.722,0.459,0.302,0.473,-0.579,0.775,0.235,-0.075,0.592,0.735,0.745,0.17,0.38,-0.278,0.042,0.639,0.374,-0.164,0.302,0.647,0.335,0.733,-0.217,-0.623,0.259,0.663,0.679,0.488,-0.508,-0.143,0.582,0.698,0.737,-0.104,0.57,0.342,0.576,0.498,-0.172,-0.346,-0.642,0.555,0.243,-0.616,-0.376,0.476,-0.026,0.547,0.522,-0.37,0.897,-0.337,0.128,0.584,-0.125,0.747,0.179,0.514,0.698,-0.429,-0.124,0.697,0.684,0.129,-0.108,0.846,0.649,0.047,-0.083,0.59,-0.089,0.547,0.617,-0.507,-0.605,0.009,0.576,-0.561,0.472,0.606,-0.059,0.619,-0.608,0.364,0.776,-0.455,-0.134,0.431,0.313,0.498,-0.619,-0.015,0.365,-0.412,0.616,-0.395,-0.491,0.584,0.472,0.729,0.409,-0.252,-0.017,0.236,-0.24,0.353,0.454,0.025,0.093,-0.634,0.63,0.004,-0.32,0.51,0.719,0.649,-0.632,0.146,0.098,0.683,-0.324,0.006,0.014,-0.505,0.662,-0.161,0.684,0.385,-0.185,0.828,0.077,-0.251,-0.592,-0.098,0.032,0.115,-0.569,-0.523,0.766,-0.646,0.294,0.531,0.459,-0.328,0.129,0.682,0.242,0.574,0.366,0.425,0.048,0.176,0.246
AMD,0.258,0.533,0.073,0.473,0.633,-0.074,0.398,0.45,0.128,-0.035,0.469,1.0,0.049,0.545,-0.179,0.587,0.488,0.803,0.133,-0.081,0.352,0.612,0.065,0.055,0.482,0.091,0.479,-0.331,0.365,0.642,0.34,0.041,0.592,0.472,-0.278,0.304,0.021,-0.284,0.382,0.33,-0.386,0.589,-0.129,0.556,0.249,0.521,0.275,0.529,0.608,0.578,0.526,-0.033,0.337,0.435,0.29,0.52,0.532,0.503,0.272,0.473,0.18,0.313,0.542,0.586,0.042,0.309,0.201,0.371,0.729,0.139,-0.159,-0.051,0.557,0.574,0.51,-0.051,0.047,0.259,0.605,0.566,0.445,0.488,0.379,0.6,0.313,0.293,0.048,-0.429,0.676,0.424,-0.174,-0.219,0.473,0.131,0.299,0.379,0.009,0.574,0.015,0.373,0.585,0.26,0.649,0.495,0.153,0.566,-0.03,0.283,0.589,0.434,0.561,0.265,0.682,0.548,0.343,0.438,0.665,0.203,0.411,0.613,-0.066,-0.09,0.315,0.525,-0.034,0.618,0.441,0.465,0.654,-0.151,0.45,0.66,-0.048,0.333,0.566,0.543,0.513,-0.229,0.131,0.535,-0.0,0.136,0.044,-0.137,0.535,0.591,0.753,0.496,0.084,0.38,0.421,0.213,0.506,0.533,-0.002,0.39,-0.142,0.481,0.397,-0.089,0.596,0.534,0.691,-0.197,0.516,0.44,0.599,0.139,0.213,0.456,-0.157,0.614,0.041,0.286,0.449,0.335,0.547,0.438,0.056,-0.173,0.138,0.162,0.362,-0.375,-0.037,0.567,-0.208,0.635,0.68,0.434,0.035,0.386,0.363,0.608,0.468,0.505,0.65,0.277,0.441,0.466
AMGN,-0.156,0.424,-0.43,0.494,0.498,-0.565,0.663,0.575,-0.161,-0.285,0.408,0.049,1.0,0.328,-0.293,-0.066,0.508,0.156,-0.475,-0.509,-0.385,0.471,0.397,-0.39,0.294,-0.519,-0.103,-0.181,-0.321,-0.009,-0.253,-0.534,0.221,0.377,-0.373,0.438,-0.21,-0.19,0.142,0.65,0.423,0.409,-0.423,0.075,0.785,0.401,0.746,0.568,0.167,-0.125,0.13,-0.433,0.659,0.192,0.148,0.367,0.542,0.533,-0.017,0.156,-0.13,-0.039,0.549,0.265,-0.079,0.249,0.728,0.202,0.274,-0.097,-0.426,0.264,0.517,0.209,0.362,-0.237,-0.108,0.735,0.373,0.371,-0.373,0.385,0.205,0.02,0.58,-0.209,-0.428,-0.303,0.16,-0.171,-0.556,-0.047,0.09,-0.161,0.76,0.621,-0.19,0.412,-0.053,0.023,0.097,-0.159,0.515,-0.003,0.778,0.415,-0.316,-0.498,0.443,0.573,-0.275,-0.073,0.245,0.432,-0.057,-0.209,0.084,-0.427,0.604,0.242,-0.247,-0.456,0.044,0.256,-0.388,0.284,0.525,-0.155,0.312,-0.582,0.231,0.361,-0.186,-0.129,0.026,0.053,0.377,-0.555,0.168,-0.092,-0.353,0.772,-0.346,-0.252,0.247,0.323,0.365,-0.018,-0.133,-0.282,-0.175,-0.316,-0.081,0.413,0.008,-0.197,-0.425,0.56,-0.401,-0.013,0.344,0.537,0.334,-0.456,0.034,-0.239,0.558,-0.413,-0.145,-0.411,-0.412,0.385,-0.115,0.731,0.144,-0.243,0.632,-0.115,-0.099,-0.5,0.018,0.121,-0.155,-0.26,-0.304,0.321,-0.578,0.033,0.069,0.317,-0.418,-0.275,0.704,0.016,0.254,0.269,-0.089,0.064,-0.034,0.004
AMZN,-0.181,0.923,-0.435,0.779,0.682,-0.444,0.737,0.764,-0.264,-0.342,0.505,0.545,0.328,1.0,-0.386,0.564,0.705,0.619,-0.358,-0.526,-0.073,0.697,-0.007,-0.287,0.723,-0.267,0.064,-0.58,-0.207,0.43,0.193,-0.531,0.75,0.746,-0.714,0.807,-0.403,-0.471,0.727,0.658,-0.472,0.887,-0.634,0.752,0.509,0.816,0.586,0.705,0.735,0.098,0.698,-0.415,0.566,0.691,0.284,0.794,0.797,0.683,0.085,0.698,-0.331,0.526,0.812,0.597,-0.236,0.352,0.402,0.443,0.564,-0.162,-0.338,-0.276,0.75,0.474,0.454,-0.403,-0.398,0.248,0.828,0.805,0.05,0.564,0.483,0.465,0.787,0.127,-0.358,-0.553,0.523,-0.062,-0.479,-0.509,0.4,-0.39,0.705,0.544,-0.011,0.707,-0.309,0.202,0.492,0.082,0.692,0.366,0.332,0.797,-0.235,-0.229,0.734,0.781,0.337,0.422,0.521,0.883,0.449,0.25,0.562,-0.296,0.839,0.808,-0.4,-0.581,0.219,0.646,-0.128,0.764,0.517,0.37,0.555,-0.359,0.737,0.616,-0.372,-0.079,0.295,0.279,0.851,-0.547,0.259,0.11,-0.299,0.501,-0.506,-0.372,0.771,0.854,0.684,0.581,0.03,0.107,0.458,-0.01,0.608,0.772,-0.34,0.072,-0.583,0.81,0.048,-0.342,0.602,0.712,0.737,-0.562,0.61,0.444,0.799,-0.514,-0.192,0.226,-0.652,0.771,-0.345,0.56,0.654,0.288,0.649,0.046,-0.396,-0.542,-0.256,0.092,0.108,-0.683,-0.438,0.51,-0.513,0.64,0.518,0.75,-0.433,0.161,0.725,0.459,0.561,0.46,0.608,0.257,0.542,0.629
APA,0.425,-0.338,0.704,-0.492,-0.295,0.59,-0.483,-0.38,0.666,0.821,-0.479,-0.179,-0.293,-0.386,1.0,-0.177,-0.418,-0.232,0.512,0.695,0.541,-0.114,-0.096,0.684,-0.48,0.557,0.13,0.757,0.335,-0.292,0.332,0.566,-0.331,-0.342,0.535,-0.272,0.711,0.661,-0.231,-0.54,0.116,-0.262,0.554,-0.041,-0.491,-0.3,-0.467,-0.51,-0.03,0.198,-0.126,0.653,-0.559,-0.122,0.312,-0.403,-0.442,-0.316,0.362,-0.394,0.643,0.143,-0.479,0.124,0.485,0.429,-0.387,0.148,-0.253,0.641,0.643,0.074,-0.385,-0.277,-0.354,0.796,0.472,-0.163,-0.368,-0.386,0.465,-0.118,0.129,-0.213,-0.335,0.439,0.526,0.665,-0.189,0.328,0.578,0.679,-0.102,0.449,-0.499,-0.489,0.483,-0.407,0.576,0.413,-0.396,0.489,-0.251,0.238,-0.432,-0.395,0.683,0.465,-0.195,-0.475,0.161,0.08,-0.327,-0.399,0.098,0.391,-0.106,0.387,-0.422,-0.384,0.79,0.714,0.386,-0.271,0.579,-0.463,-0.262,0.343,-0.052,0.609,-0.421,-0.189,0.756,0.491,0.126,0.198,-0.312,0.61,0.281,0.238,0.769,-0.53,0.516,0.873,-0.387,-0.299,-0.207,-0.346,0.55,0.455,0.22,0.352,-0.167,-0.173,0.261,0.391,0.712,-0.313,0.297,0.61,-0.152,-0.403,-0.225,0.697,0.114,0.196,-0.289,0.504,0.501,0.261,0.556,-0.25,0.525,-0.453,-0.099,0.316,-0.443,0.383,0.681,0.66,0.615,0.428,0.272,0.561,0.773,-0.272,0.628,-0.149,0.041,-0.238,0.577,0.37,-0.514,0.33,-0.279,0.165,-0.1,0.38,0.056,-0.034
APPS,0.174,0.564,0.113,0.552,0.481,-0.038,0.265,0.403,0.131,-0.002,0.335,0.587,-0.066,0.564,-0.177,1.0,0.328,0.554,0.273,0.025,0.436,0.53,-0.019,0.127,0.408,0.149,0.417,-0.373,0.377,0.623,0.519,-0.09,0.613,0.48,-0.281,0.401,0.033,-0.284,0.41,0.332,-0.348,0.57,-0.217,0.658,0.139,0.565,0.222,0.428,0.55,0.367,0.605,0.032,0.198,0.565,0.533,0.606,0.484,0.518,0.484,0.508,0.053,0.73,0.394,0.608,-0.093,0.195,-0.031,0.244,0.517,0.268,-0.009,-0.176,0.434,0.454,0.318,-0.009,0.077,0.071,0.5,0.478,0.452,0.36,0.291,0.522,0.274,0.197,0.096,-0.27,0.613,0.342,-0.048,-0.147,0.415,0.051,0.225,0.197,0.298,0.414,-0.227,0.336,0.447,0.368,0.56,0.638,0.021,0.608,0.355,0.225,0.459,0.42,0.64,0.405,0.567,0.545,0.571,0.594,0.605,0.294,0.417,0.705,-0.026,0.021,0.521,0.533,0.256,0.497,0.236,0.476,0.475,0.024,0.461,0.551,0.009,0.085,0.598,0.35,0.513,-0.114,0.185,0.413,0.125,0.105,0.028,-0.101,0.711,0.555,0.566,0.488,0.232,0.564,0.532,0.336,0.621,0.478,0.07,0.268,-0.151,0.422,0.444,0.121,0.554,0.353,0.587,-0.119,0.613,0.542,0.459,-0.136,0.32,0.441,-0.183,0.58,-0.01,0.328,0.631,0.548,0.353,0.225,-0.008,-0.056,0.07,0.074,0.156,-0.295,0.032,0.398,-0.118,0.769,0.604,0.428,-0.044,0.352,0.263,0.599,0.433,0.342,0.669,0.234,0.742,0.61
ARCC,-0.011,0.76,-0.481,0.837,0.84,-0.61,0.726,0.868,-0.298,-0.44,0.764,0.488,0.508,0.705,-0.418,0.328,1.0,0.492,-0.496,-0.564,-0.148,0.659,0.021,-0.41,0.76,-0.45,0.188,-0.594,-0.129,0.488,-0.116,-0.52,0.663,0.771,-0.705,0.617,-0.436,-0.57,0.469,0.846,-0.149,0.749,-0.615,0.5,0.735,0.756,0.762,0.834,0.66,0.133,0.605,-0.622,0.824,0.457,0.044,0.738,0.851,0.761,0.081,0.578,-0.384,0.197,0.831,0.447,0.011,0.427,0.639,0.583,0.706,-0.26,-0.549,0.056,0.841,0.705,0.506,-0.521,-0.28,0.529,0.834,0.867,-0.079,0.741,0.578,0.501,0.778,-0.067,-0.483,-0.744,0.496,0.078,-0.678,-0.451,0.543,-0.258,0.736,0.716,-0.279,0.878,-0.312,0.276,0.529,-0.066,0.757,0.244,0.574,0.772,-0.421,-0.287,0.847,0.869,0.193,0.118,0.677,0.852,0.196,0.027,0.66,-0.277,0.816,0.69,-0.499,-0.574,0.02,0.537,-0.48,0.615,0.701,0.174,0.624,-0.567,0.509,0.797,-0.485,0.015,0.296,0.404,0.736,-0.686,0.292,0.241,-0.451,0.667,-0.518,-0.362,0.649,0.703,0.739,0.483,-0.063,0.045,0.329,-0.175,0.392,0.73,-0.197,0.179,-0.615,0.855,-0.074,-0.432,0.534,0.855,0.683,-0.587,0.348,0.313,0.865,-0.488,-0.203,0.075,-0.654,0.762,-0.156,0.716,0.545,-0.02,0.854,0.126,-0.324,-0.61,-0.187,0.236,0.168,-0.664,-0.548,0.733,-0.676,0.364,0.582,0.614,-0.538,0.083,0.786,0.324,0.661,0.544,0.51,0.3,0.213,0.414
ARDX,0.07,0.607,-0.077,0.55,0.556,-0.223,0.5,0.542,-0.01,-0.154,0.457,0.803,0.156,0.619,-0.232,0.554,0.492,1.0,-0.023,-0.253,0.174,0.577,0.127,0.015,0.62,-0.024,0.338,-0.441,0.222,0.465,0.407,-0.252,0.632,0.586,-0.439,0.467,-0.196,-0.359,0.453,0.361,-0.416,0.728,-0.415,0.609,0.235,0.67,0.343,0.569,0.621,0.314,0.59,-0.239,0.34,0.611,0.375,0.574,0.554,0.579,0.161,0.608,0.052,0.351,0.637,0.692,-0.126,0.39,0.218,0.385,0.659,0.175,-0.215,-0.226,0.611,0.503,0.439,-0.175,-0.19,0.235,0.663,0.664,0.2,0.467,0.412,0.553,0.429,0.285,-0.088,-0.458,0.482,0.292,-0.236,-0.255,0.544,-0.152,0.449,0.395,0.063,0.563,-0.054,0.36,0.584,0.315,0.587,0.467,0.1,0.598,-0.115,0.176,0.672,0.485,0.476,0.496,0.549,0.611,0.431,0.364,0.534,0.037,0.503,0.602,-0.131,-0.253,0.262,0.6,-0.012,0.681,0.387,0.429,0.555,-0.212,0.553,0.602,-0.13,0.275,0.536,0.461,0.581,-0.29,0.193,0.324,-0.103,0.16,-0.148,-0.215,0.54,0.634,0.691,0.432,0.12,0.295,0.477,0.199,0.618,0.598,-0.141,0.261,-0.418,0.598,0.222,-0.153,0.544,0.543,0.595,-0.401,0.616,0.442,0.619,-0.14,0.113,0.43,-0.389,0.701,-0.102,0.346,0.578,0.353,0.491,0.26,-0.088,-0.311,-0.005,0.139,0.271,-0.473,-0.231,0.585,-0.286,0.736,0.576,0.593,-0.009,0.393,0.475,0.582,0.543,0.497,0.6,0.309,0.476,0.517
ATER,0.446,-0.349,0.62,-0.449,-0.24,0.671,-0.506,-0.461,0.584,0.6,-0.391,0.133,-0.475,-0.358,0.512,0.273,-0.496,-0.023,1.0,0.678,0.593,-0.093,-0.063,0.569,-0.47,0.62,0.239,0.448,0.664,0.13,0.357,0.582,-0.28,-0.395,0.515,-0.362,0.702,0.48,-0.342,-0.549,0.038,-0.289,0.562,-0.041,-0.494,-0.32,-0.509,-0.392,-0.129,0.411,-0.168,0.696,-0.422,-0.151,0.302,-0.334,-0.404,-0.22,0.478,-0.246,0.672,0.229,-0.492,0.036,0.215,-0.084,-0.51,-0.154,-0.138,0.51,0.577,0.129,-0.412,-0.226,0.031,0.68,0.678,-0.245,-0.348,-0.352,0.653,-0.283,-0.133,0.069,-0.571,0.172,0.654,0.514,0.101,0.419,0.669,0.419,-0.102,0.513,-0.562,-0.415,0.431,-0.361,0.244,0.19,-0.011,0.323,-0.117,0.291,-0.416,-0.224,0.727,0.654,-0.315,-0.448,0.294,0.022,-0.131,-0.349,0.144,0.44,-0.003,0.7,-0.482,-0.147,0.633,0.718,0.391,-0.205,0.549,-0.377,-0.294,0.384,0.01,0.544,-0.401,-0.121,0.666,0.282,0.281,0.026,-0.379,0.592,-0.055,0.267,0.694,-0.486,0.781,0.499,-0.235,-0.285,-0.039,-0.108,0.264,0.436,0.141,0.479,-0.102,-0.294,0.474,0.217,0.676,-0.484,0.601,0.565,0.036,-0.428,-0.153,0.618,0.038,0.175,-0.339,0.558,0.667,0.308,0.586,-0.216,0.272,-0.408,-0.059,0.332,-0.373,0.279,0.596,0.675,0.461,0.056,0.096,0.468,0.698,-0.177,0.647,0.136,0.131,-0.395,0.63,0.295,-0.517,0.344,-0.306,-0.059,0.113,0.066,0.163,-0.076
ATOS,0.536,-0.449,0.749,-0.576,-0.392,0.709,-0.635,-0.583,0.636,0.818,-0.545,-0.081,-0.509,-0.526,0.695,0.025,-0.564,-0.253,0.678,1.0,0.666,-0.238,-0.157,0.849,-0.581,0.682,0.261,0.694,0.477,-0.108,0.274,0.76,-0.407,-0.477,0.606,-0.496,0.743,0.648,-0.328,-0.605,0.086,-0.429,0.685,-0.142,-0.58,-0.502,-0.596,-0.523,-0.124,0.294,-0.306,0.814,-0.631,-0.315,0.228,-0.466,-0.515,-0.452,0.247,-0.437,0.623,0.089,-0.582,-0.025,0.459,-0.012,-0.572,0.001,-0.3,0.515,0.696,-0.042,-0.502,-0.249,-0.26,0.772,0.564,-0.316,-0.424,-0.495,0.595,-0.228,-0.012,-0.164,-0.543,0.473,0.624,0.652,-0.046,0.349,0.699,0.544,0.01,0.512,-0.626,-0.525,0.415,-0.549,0.414,0.346,-0.332,0.414,-0.331,0.154,-0.398,-0.382,0.737,0.592,-0.418,-0.561,0.289,-0.077,-0.295,-0.511,0.027,0.4,-0.117,0.57,-0.594,-0.415,0.752,0.821,0.294,-0.425,0.544,-0.528,-0.356,0.337,-0.1,0.683,-0.557,-0.256,0.707,0.442,0.107,0.13,-0.468,0.703,0.14,0.31,0.76,-0.63,0.636,0.749,-0.438,-0.467,-0.286,-0.138,0.468,0.532,0.074,0.408,-0.229,-0.316,0.271,0.447,0.804,-0.486,0.423,0.568,-0.137,-0.47,-0.291,0.842,0.0,0.123,-0.461,0.649,0.538,0.268,0.702,-0.328,0.601,-0.582,-0.239,0.251,-0.517,0.403,0.627,0.744,0.526,0.304,0.276,0.62,0.801,-0.322,0.723,-0.175,0.015,-0.412,0.617,0.317,-0.677,0.167,-0.353,0.015,-0.137,0.265,-0.067,-0.159
AUPH,0.751,-0.032,0.755,-0.088,0.072,0.509,-0.391,-0.144,0.679,0.708,-0.129,0.352,-0.385,-0.073,0.541,0.436,-0.148,0.174,0.593,0.666,1.0,0.125,-0.114,0.68,-0.134,0.622,0.669,0.363,0.659,0.231,0.552,0.638,0.069,-0.036,0.384,-0.265,0.619,0.256,0.073,-0.323,-0.112,0.05,0.546,0.34,-0.388,-0.044,-0.333,-0.187,0.297,0.476,0.145,0.541,-0.323,0.116,0.34,-0.006,-0.073,0.041,0.53,-0.124,0.625,0.455,-0.211,0.388,0.602,0.292,-0.365,0.337,0.201,0.645,0.433,-0.01,-0.058,0.296,-0.078,0.673,0.482,-0.107,-0.091,-0.102,0.811,0.226,0.315,0.32,-0.172,0.56,0.669,0.284,0.322,0.61,0.441,0.467,0.367,0.592,-0.416,-0.195,0.392,-0.056,0.448,0.701,0.126,0.608,0.095,0.572,-0.375,0.01,0.775,0.7,0.07,-0.179,0.666,0.189,0.253,-0.106,0.446,0.655,0.389,0.606,-0.195,0.065,0.622,0.657,0.584,0.017,0.508,-0.122,0.059,0.612,0.338,0.526,-0.144,0.231,0.543,0.517,0.54,0.487,-0.027,0.458,0.401,0.712,0.697,-0.51,0.492,0.625,0.066,0.006,0.147,0.048,0.59,0.861,0.516,0.642,0.204,0.102,0.243,0.737,0.604,-0.074,0.625,0.545,0.092,-0.094,0.206,0.67,0.397,0.412,0.013,0.566,0.594,0.526,0.545,0.104,0.678,-0.231,0.191,0.525,-0.148,0.702,0.573,0.522,0.67,0.517,0.437,0.34,0.699,0.125,0.45,0.256,0.473,-0.118,0.561,0.589,-0.415,0.576,0.174,0.357,0.363,0.527,0.414,0.261
AVGO,0.122,0.765,-0.156,0.651,0.835,-0.269,0.661,0.697,0.066,-0.048,0.572,0.612,0.471,0.697,-0.114,0.53,0.659,0.577,-0.093,-0.238,0.125,1.0,0.062,-0.095,0.612,-0.147,0.296,-0.27,0.116,0.532,0.266,-0.303,0.638,0.65,-0.46,0.633,-0.026,-0.272,0.53,0.621,-0.131,0.759,-0.437,0.615,0.609,0.72,0.658,0.75,0.77,0.381,0.599,-0.151,0.602,0.509,0.446,0.637,0.768,0.75,0.282,0.579,0.028,0.444,0.717,0.732,0.046,0.494,0.506,0.583,0.622,0.046,-0.247,-0.018,0.746,0.499,0.656,-0.093,0.007,0.484,0.747,0.721,0.243,0.646,0.603,0.516,0.658,0.224,-0.119,-0.362,0.673,0.226,-0.336,-0.253,0.483,-0.075,0.663,0.593,0.106,0.714,-0.089,0.433,0.505,0.276,0.868,0.44,0.496,0.789,-0.036,-0.03,0.754,0.751,0.372,0.293,0.643,0.75,0.412,0.395,0.681,-0.045,0.707,0.647,-0.109,-0.318,0.411,0.551,-0.146,0.549,0.687,0.487,0.81,-0.301,0.462,0.771,-0.024,0.186,0.513,0.488,0.654,-0.375,0.37,0.376,0.022,0.53,-0.206,-0.089,0.631,0.711,0.841,0.5,0.143,0.248,0.468,0.1,0.484,0.773,-0.074,0.292,-0.316,0.759,0.225,-0.041,0.734,0.738,0.821,-0.377,0.6,0.459,0.841,-0.247,0.138,0.212,-0.459,0.809,-0.007,0.652,0.576,0.296,0.747,0.267,0.069,-0.354,0.14,0.349,0.264,-0.422,-0.152,0.621,-0.377,0.571,0.72,0.645,-0.171,0.377,0.633,0.63,0.501,0.721,0.612,0.42,0.453,0.53
AZN,-0.084,0.081,-0.097,0.081,-0.006,-0.179,0.033,0.103,-0.113,-0.108,-0.144,0.065,0.397,-0.007,-0.096,-0.019,0.021,0.127,-0.063,-0.157,-0.114,0.062,1.0,0.048,-0.076,-0.15,-0.148,-0.066,-0.186,-0.128,-0.014,-0.181,0.012,0.063,-0.046,0.18,-0.096,-0.152,0.196,0.075,0.139,0.091,-0.092,0.028,0.145,0.018,0.206,0.114,-0.101,-0.195,-0.079,-0.16,0.068,0.209,0.251,0.074,-0.023,0.088,-0.111,0.139,0.052,0.041,0.092,0.052,0.156,0.05,0.108,-0.048,-0.009,0.056,-0.059,-0.004,0.176,-0.004,-0.089,-0.051,-0.151,0.068,-0.091,-0.135,-0.156,0.029,-0.017,-0.096,0.164,-0.005,-0.111,-0.06,-0.05,-0.271,-0.138,0.119,-0.076,-0.082,0.205,0.275,0.01,-0.138,0.223,-0.054,-0.102,-0.011,0.005,-0.036,0.175,-0.072,-0.013,-0.273,0.052,0.087,-0.142,0.202,-0.168,-0.048,0.077,-0.076,-0.12,-0.226,0.193,-0.088,-0.042,0.012,0.121,-0.021,0.035,0.163,0.038,-0.05,-0.128,-0.049,0.208,-0.056,-0.052,0.11,-0.137,0.115,0.119,-0.129,0.156,-0.188,-0.152,0.111,-0.084,-0.041,0.04,0.108,-0.056,-0.294,0.086,-0.004,-0.126,0.011,-0.026,0.2,-0.118,-0.136,-0.103,0.074,-0.189,0.091,0.038,0.112,-0.079,-0.019,0.076,-0.178,0.127,-0.131,-0.148,-0.054,-0.045,-0.127,0.081,0.127,-0.019,0.011,0.018,-0.077,-0.106,-0.168,0.097,0.095,-0.24,0.019,-0.039,-0.212,-0.132,0.068,-0.159,0.071,-0.225,-0.19,0.062,-0.032,0.048,0.056,-0.157,0.025,-0.027,-0.046
BCRX,0.486,-0.182,0.703,-0.396,-0.287,0.628,-0.457,-0.406,0.625,0.817,-0.54,0.055,-0.39,-0.287,0.684,0.127,-0.41,0.015,0.569,0.849,0.68,-0.095,0.048,1.0,-0.372,0.627,0.198,0.557,0.392,-0.108,0.464,0.608,-0.208,-0.239,0.418,-0.22,0.666,0.555,-0.07,-0.511,-0.076,-0.148,0.51,0.14,-0.558,-0.25,-0.464,-0.379,0.084,0.144,-0.086,0.727,-0.559,-0.041,0.466,-0.25,-0.36,-0.302,0.251,-0.251,0.601,0.304,-0.345,0.252,0.448,0.179,-0.557,0.159,-0.209,0.575,0.694,-0.244,-0.298,-0.159,-0.292,0.762,0.423,-0.311,-0.239,-0.301,0.608,-0.102,0.159,-0.147,-0.298,0.633,0.48,0.592,-0.021,0.3,0.597,0.56,0.114,0.33,-0.422,-0.411,0.541,-0.437,0.488,0.489,-0.292,0.544,-0.21,0.33,-0.419,-0.236,0.764,0.556,-0.2,-0.393,0.408,0.232,-0.283,-0.295,0.223,0.538,-0.024,0.48,-0.335,-0.285,0.749,0.727,0.436,-0.274,0.613,-0.296,-0.267,0.554,-0.016,0.665,-0.32,-0.129,0.72,0.561,0.214,0.303,-0.197,0.627,0.389,0.247,0.755,-0.596,0.503,0.758,-0.263,-0.247,-0.188,-0.139,0.639,0.678,0.267,0.44,-0.006,-0.034,0.124,0.525,0.681,-0.245,0.376,0.571,-0.058,-0.345,-0.145,0.749,0.292,0.307,-0.249,0.492,0.521,0.412,0.561,-0.141,0.569,-0.465,-0.029,0.427,-0.445,0.426,0.575,0.641,0.528,0.463,0.271,0.492,0.759,-0.265,0.639,0.026,0.14,-0.188,0.518,0.413,-0.517,0.334,-0.17,0.184,0.013,0.436,0.118,0.091
BGC,-0.16,0.77,-0.418,0.693,0.685,-0.546,0.601,0.686,-0.308,-0.426,0.724,0.482,0.294,0.723,-0.48,0.408,0.76,0.62,-0.47,-0.581,-0.134,0.612,-0.076,-0.372,1.0,-0.331,0.167,-0.662,-0.119,0.494,0.181,-0.48,0.739,0.739,-0.631,0.615,-0.543,-0.624,0.633,0.597,-0.342,0.778,-0.649,0.61,0.443,0.826,0.557,0.688,0.675,0.018,0.738,-0.596,0.619,0.574,0.108,0.691,0.732,0.715,0.012,0.632,-0.435,0.336,0.782,0.564,-0.194,0.35,0.436,0.485,0.586,-0.204,-0.44,-0.223,0.741,0.624,0.439,-0.542,-0.441,0.271,0.789,0.857,-0.091,0.596,0.525,0.544,0.712,0.099,-0.415,-0.57,0.429,0.058,-0.551,-0.501,0.521,-0.365,0.628,0.515,-0.117,0.808,-0.281,0.228,0.65,0.065,0.619,0.277,0.288,0.696,-0.414,-0.183,0.758,0.736,0.311,0.411,0.599,0.809,0.407,0.147,0.612,-0.157,0.699,0.629,-0.464,-0.661,0.06,0.508,-0.302,0.733,0.591,0.255,0.546,-0.416,0.675,0.685,-0.463,0.019,0.435,0.359,0.728,-0.512,0.341,0.156,-0.377,0.399,-0.538,-0.429,0.686,0.729,0.634,0.431,0.087,0.087,0.54,-0.006,0.686,0.704,-0.381,0.138,-0.681,0.777,0.052,-0.482,0.416,0.697,0.67,-0.641,0.523,0.447,0.746,-0.467,-0.178,0.332,-0.658,0.77,-0.269,0.533,0.608,0.154,0.635,0.025,-0.343,-0.496,-0.256,0.138,0.101,-0.6,-0.604,0.702,-0.548,0.531,0.55,0.672,-0.317,0.264,0.605,0.377,0.723,0.48,0.648,0.273,0.329,0.595
BIDU,0.36,-0.27,0.552,-0.381,-0.242,0.769,-0.509,-0.468,0.51,0.646,-0.427,0.091,-0.519,-0.267,0.557,0.149,-0.45,-0.024,0.62,0.682,0.622,-0.147,-0.15,0.627,-0.331,1.0,0.42,0.384,0.439,-0.045,0.484,0.63,-0.134,-0.239,0.411,-0.333,0.513,0.536,-0.193,-0.575,0.071,-0.227,0.493,0.068,-0.594,-0.299,-0.629,-0.52,-0.047,0.441,0.052,0.708,-0.554,-0.087,0.207,-0.279,-0.398,-0.252,0.276,-0.236,0.511,0.302,-0.512,0.152,0.233,-0.035,-0.646,-0.099,-0.105,0.561,0.824,-0.073,-0.249,-0.032,-0.253,0.629,0.359,-0.303,-0.308,-0.324,0.558,-0.148,-0.071,-0.103,-0.452,0.439,0.527,0.518,0.047,0.501,0.884,0.356,-0.1,0.515,-0.503,-0.381,0.538,-0.364,0.228,0.344,-0.196,0.493,-0.223,0.415,-0.508,-0.251,0.669,0.627,-0.306,-0.43,0.592,0.157,-0.131,-0.332,0.229,0.655,0.028,0.539,-0.479,-0.166,0.58,0.64,0.493,-0.295,0.697,-0.267,-0.37,0.429,-0.07,0.615,-0.265,-0.161,0.572,0.366,0.247,0.085,-0.286,0.853,0.127,0.395,0.638,-0.626,0.484,0.526,-0.23,-0.172,-0.128,-0.11,0.471,0.517,0.304,0.428,0.171,-0.222,0.204,0.307,0.615,-0.378,0.44,0.418,-0.038,-0.328,-0.132,0.567,0.174,0.387,-0.353,0.61,0.468,0.539,0.446,-0.142,0.306,-0.521,-0.014,0.506,-0.378,0.305,0.501,0.716,0.366,0.097,0.194,0.407,0.643,-0.157,0.879,0.069,0.092,-0.119,0.555,0.335,-0.625,0.289,-0.192,-0.04,0.194,0.16,0.21,0.142
BILI,0.616,0.056,0.359,0.229,0.406,0.12,-0.05,0.154,0.438,0.289,0.376,0.479,-0.103,0.064,0.13,0.417,0.188,0.338,0.239,0.261,0.669,0.296,-0.148,0.198,0.167,0.42,1.0,0.036,0.602,0.475,0.33,0.374,0.194,0.187,0.137,-0.201,0.323,-0.053,0.014,0.068,0.123,0.167,0.242,0.172,0.052,0.151,0.02,0.138,0.338,0.611,0.264,0.175,0.082,0.076,0.064,0.118,0.241,0.386,0.522,0.052,0.408,0.222,0.022,0.412,0.387,0.28,0.076,0.325,0.572,0.387,0.001,0.278,0.282,0.686,0.205,0.257,0.353,0.333,0.166,0.165,0.465,0.488,0.297,0.559,-0.012,0.315,0.446,-0.119,0.472,0.719,0.18,0.166,0.518,0.637,-0.105,0.215,0.037,0.309,0.154,0.584,0.429,0.429,0.401,0.549,0.013,0.332,0.353,0.494,0.327,0.118,0.633,-0.003,0.64,0.07,0.321,0.419,0.562,0.432,-0.055,0.274,0.199,0.218,0.518,0.134,0.113,0.078,0.357,0.298,0.571,0.076,-0.043,0.509,0.143,0.317,0.617,0.456,0.007,0.158,0.195,0.886,0.28,-0.083,0.259,0.182,0.252,0.15,0.458,0.18,0.275,0.614,0.436,0.409,0.278,0.17,0.35,0.547,0.106,0.164,0.479,0.24,0.248,0.296,0.428,0.134,0.245,0.289,0.269,0.473,0.453,0.393,0.166,0.341,0.472,0.17,0.245,0.232,0.325,0.595,0.354,0.106,0.448,0.331,0.353,0.025,0.265,0.513,0.125,0.244,0.575,0.09,0.33,0.468,-0.078,0.461,0.425,0.398,0.394,0.326,0.336,0.176
BKR,0.471,-0.545,0.627,-0.704,-0.443,0.43,-0.508,-0.575,0.678,0.797,-0.555,-0.331,-0.181,-0.58,0.757,-0.373,-0.594,-0.441,0.448,0.694,0.363,-0.27,-0.066,0.557,-0.662,0.384,0.036,1.0,0.326,-0.26,0.053,0.615,-0.548,-0.624,0.787,-0.514,0.794,0.728,-0.363,-0.592,0.369,-0.502,0.686,-0.368,-0.401,-0.595,-0.468,-0.52,-0.244,0.143,-0.565,0.639,-0.542,-0.45,0.063,-0.677,-0.553,-0.524,0.205,-0.557,0.7,-0.185,-0.551,-0.162,0.473,0.107,-0.198,0.002,-0.435,0.388,0.45,0.203,-0.611,-0.462,-0.226,0.782,0.612,-0.034,-0.588,-0.62,0.301,-0.221,-0.043,-0.336,-0.471,0.393,0.52,0.785,-0.23,0.153,0.459,0.764,-0.224,0.521,-0.497,-0.467,0.222,-0.596,0.601,0.239,-0.395,0.333,-0.351,-0.095,-0.213,-0.519,0.52,0.409,-0.417,-0.617,-0.152,-0.299,-0.428,-0.644,-0.162,0.08,-0.31,0.359,-0.598,-0.56,0.812,0.668,0.142,-0.487,0.334,-0.681,-0.194,0.049,-0.081,0.526,-0.607,-0.363,0.714,0.365,-0.03,0.023,-0.594,0.471,0.099,0.125,0.695,-0.37,0.66,0.774,-0.528,-0.538,-0.378,-0.4,0.357,0.147,-0.195,0.25,-0.488,-0.354,0.423,0.264,0.748,-0.466,0.254,0.622,-0.265,-0.515,-0.371,0.743,-0.157,-0.215,-0.421,0.615,0.419,-0.104,0.729,-0.457,0.534,-0.381,-0.484,-0.064,-0.484,0.345,0.689,0.624,0.639,0.341,0.133,0.758,0.756,-0.309,0.48,-0.441,-0.169,-0.542,0.674,0.208,-0.536,0.054,-0.396,0.059,-0.453,0.246,-0.239,-0.42
BLDP,0.71,-0.209,0.584,-0.188,0.066,0.353,-0.32,-0.197,0.683,0.536,0.018,0.365,-0.321,-0.207,0.335,0.377,-0.129,0.222,0.664,0.477,0.659,0.116,-0.186,0.392,-0.119,0.439,0.602,0.326,1.0,0.382,0.358,0.591,-0.045,-0.158,0.427,-0.377,0.637,0.217,-0.225,-0.29,0.082,-0.092,0.491,0.017,-0.227,-0.101,-0.272,-0.098,0.162,0.543,0.026,0.459,-0.225,-0.098,0.182,-0.225,-0.115,0.004,0.629,-0.118,0.673,0.116,-0.213,0.232,0.371,0.13,-0.106,0.177,0.26,0.488,0.173,0.284,-0.177,0.181,0.244,0.544,0.715,0.072,-0.107,-0.07,0.654,0.134,0.15,0.419,-0.354,0.297,0.652,0.228,0.291,0.68,0.303,0.435,0.273,0.653,-0.425,-0.219,0.192,-0.015,0.293,0.505,0.338,0.418,0.201,0.47,-0.252,0.028,0.524,0.66,0.061,-0.232,0.395,-0.022,0.302,-0.159,0.245,0.425,0.362,0.735,-0.355,-0.013,0.52,0.591,0.401,-0.054,0.318,-0.166,0.143,0.333,0.415,0.369,-0.312,0.259,0.517,0.413,0.607,0.279,-0.314,0.297,0.12,0.591,0.579,-0.316,0.761,0.428,-0.058,-0.149,0.26,0.053,0.25,0.533,0.28,0.524,0.002,-0.07,0.619,0.487,0.473,-0.17,0.584,0.483,0.123,-0.136,0.164,0.397,0.111,0.214,-0.029,0.622,0.701,0.302,0.515,0.117,0.433,-0.065,0.107,0.205,-0.009,0.592,0.658,0.507,0.617,0.291,0.344,0.407,0.557,0.318,0.278,0.222,0.463,-0.333,0.602,0.491,-0.298,0.478,0.182,0.289,0.212,0.298,0.265,-0.031
BLNK,0.223,0.45,-0.06,0.414,0.674,-0.263,0.327,0.367,0.092,-0.106,0.588,0.642,-0.009,0.43,-0.292,0.623,0.488,0.465,0.13,-0.108,0.231,0.532,-0.128,-0.108,0.494,-0.045,0.475,-0.26,0.382,1.0,0.136,-0.093,0.582,0.342,-0.133,0.236,0.049,-0.403,0.358,0.422,-0.213,0.46,-0.218,0.42,0.319,0.467,0.342,0.575,0.555,0.469,0.413,-0.139,0.428,0.253,0.11,0.424,0.538,0.479,0.479,0.477,0.033,0.332,0.479,0.397,-0.034,0.185,0.292,0.32,0.617,-0.109,-0.336,0.115,0.456,0.585,0.514,-0.182,0.23,0.332,0.577,0.573,0.3,0.443,0.321,0.565,0.275,0.084,-0.038,-0.37,0.593,0.438,-0.287,-0.182,0.475,0.142,0.281,0.301,-0.157,0.611,-0.22,0.258,0.643,0.13,0.682,0.402,0.227,0.658,-0.03,0.133,0.544,0.468,0.401,-0.001,0.668,0.486,0.221,0.295,0.678,0.294,0.347,0.636,-0.157,-0.226,0.252,0.378,-0.216,0.359,0.499,0.245,0.685,-0.226,0.402,0.7,-0.162,0.025,0.552,0.309,0.378,-0.339,0.019,0.471,0.007,0.312,0.062,-0.242,0.689,0.495,0.685,0.446,0.024,0.308,0.389,0.095,0.455,0.436,0.19,0.261,-0.258,0.434,0.432,-0.082,0.486,0.509,0.685,-0.238,0.426,0.382,0.572,-0.021,0.276,0.32,-0.268,0.553,-0.03,0.402,0.357,0.107,0.536,0.245,0.005,-0.259,0.092,0.107,0.098,-0.355,-0.165,0.65,-0.326,0.476,0.649,0.264,0.073,0.347,0.332,0.511,0.452,0.396,0.595,0.185,0.303,0.329
BYND,0.168,0.232,0.406,-0.02,0.077,0.412,-0.064,-0.014,0.515,0.417,-0.088,0.34,-0.253,0.193,0.332,0.519,-0.116,0.407,0.357,0.274,0.552,0.266,-0.014,0.464,0.181,0.484,0.33,0.053,0.358,0.136,1.0,0.163,0.29,0.19,0.084,0.171,0.289,0.204,0.202,-0.247,-0.222,0.27,0.158,0.518,-0.364,0.354,-0.242,-0.135,0.341,0.309,0.431,0.406,-0.283,0.419,0.601,0.206,0.037,0.168,0.369,0.206,0.389,0.6,0.029,0.634,0.044,0.261,-0.364,0.099,0.083,0.591,0.434,-0.305,0.108,0.067,-0.097,0.436,0.139,-0.159,0.08,0.087,0.471,0.075,0.134,0.211,-0.034,0.48,0.259,0.323,0.182,0.402,0.397,0.231,0.099,0.14,-0.104,-0.197,0.596,0.026,0.251,0.391,0.063,0.704,0.129,0.626,-0.35,0.16,0.526,0.463,0.151,-0.036,0.6,0.541,0.131,0.124,0.513,0.713,0.24,0.402,0.038,0.152,0.417,0.341,0.681,0.245,0.59,0.169,-0.121,0.591,0.206,0.568,0.224,0.17,0.481,0.362,0.599,0.331,0.237,0.427,0.258,0.333,0.535,-0.367,0.247,0.307,0.265,0.307,0.166,-0.022,0.559,0.581,0.549,0.407,0.626,0.235,-0.01,0.291,0.246,0.113,0.401,0.446,0.217,-0.084,0.212,0.209,0.612,0.607,0.093,0.243,0.476,0.545,0.137,0.286,0.123,-0.15,0.381,0.732,-0.146,0.264,0.379,0.37,0.325,0.151,0.202,0.235,0.39,0.075,0.366,0.509,0.367,0.313,0.298,0.546,-0.177,0.64,0.206,0.267,0.523,0.247,0.673,0.561
