,AAL,AAPL,ABUS,ADBE,ADI,ADMA,AEP,AGNC,AKBA,ALT,AMAT,AMD,AMGN,AMZN,APA,APPS,ARCC,ARDX,ATER,ATOS,AUPH,AVGO,AZN,BCRX,BGC,BIDU,BILI,BKR,BLDP,BLNK,BYND,CAN,CELH,CG,CGC,CHRD,CLNE,CMCSA,COMM,COST,CPB,CPRT,CRON,CRWD,CSCO,CSGP,CSX,CTSH,CZR,DBX,DDOG,DKNG,DLTR,DOCU,DVAX,DXCM,EA,EBAY,ENPH,ERIC,ESPR,ETSY,EXC,EXEL,EXPE,FANG,FAST,FITB,FLEX,FOLD,FOXA,FSLR,FTNT,FUTU,GEN,GERN,GEVO,GILD,GOOG,GOOGL,GPRO,GT,HBAN,HIVE,HON,HST,HUT,IBRX,INTC,IOVA,IQ,IRWD,JBLU,JD,KDP,KHC,LBTYK,LRCX,LYFT,MAR,MARA,MAT,MCHP,MCRB,MDLZ,META,MGNI,MLCO,MNKD,MNST,MOMO,MRNA,MRVL,MSFT,MSTR,MTCH,MU,MVIS,NDAQ,NFLX,NKTR,NNDM,NTES,NTNX,NVAX,NVDA,NWL,NWSA,NXPI,OCGN,OKTA,ON,OPK,PAA,PACB,PAGP,PANW,PARA,PCAR,PDD,PENN,PEP,PLUG,PTEN,PTON,PYPL,QCOM,QUBT,QVCGA,RDFN,REAL,RIOT,ROKU,ROST,RUN,SABR,SAVA,SBUX,SFIX,SGMO,SIRI,SLM,SMCI,SNDL,SONO,STNE,STX,TCOM,TGTX,TIGR,TLRY,TMUS,TRIP,TSCO,TSLA,TTD,TXN,UAL,UNIT,VERU,VKTX,VLY,VOD,VTRS,VXRT,WBA,WBD,WDAY,WDC,WEN,WW,WYNN,XEL,XP,XRAY,XRX,Z,ZION,ZM,ZS
AAL,1.0,0.595,0.684,0.516,0.722,0.626,0.657,0.73,0.699,0.47,0.695,0.83,0.262,0.726,0.704,0.702,0.879,0.325,0.557,0.741,0.037,0.717,0.809,0.38,0.745,0.664,0.602,0.668,0.781,0.663,0.725,0.253,0.773,0.754,0.649,0.31,0.696,0.742,0.729,0.833,-0.033,0.363,0.621,0.601,0.695,0.41,0.675,0.754,0.94,0.624,0.655,0.68,0.365,0.586,0.466,0.616,0.596,0.718,0.597,0.754,0.543,0.594,0.718,0.687,0.756,0.555,0.521,0.744,0.651,0.385,0.722,0.276,0.359,0.756,0.548,0.699,0.674,0.638,0.641,0.703,0.817,0.839,0.72,0.638,0.585,0.777,0.551,0.315,0.722,0.736,0.73,0.681,0.897,0.741,0.594,0.584,0.828,0.751,0.765,0.856,0.491,0.795,0.533,0.522,0.689,0.699,0.707,-0.371,0.688,0.193,0.55,0.645,0.608,0.641,0.209,0.751,0.54,0.778,0.711,-0.011,0.645,0.635,0.719,0.657,0.832,0.724,0.73,0.771,0.689,0.724,0.539,0.66,0.606,0.8,0.505,0.813,0.621,0.734,0.286,0.711,0.635,0.414,0.74,0.777,0.764,0.69,0.701,0.695,0.703,0.808,0.829,0.245,0.766,0.735,0.681,0.779,-0.571,0.61,0.826,0.679,0.63,0.593,0.559,0.725,0.765,-0.071,0.708,-0.337,0.71,0.798,0.647,0.617,0.787,0.317,0.629,0.643,0.588,0.952,0.821,0.512,0.723,0.715,0.828,0.779,0.71,0.616,0.752,0.424,0.681,0.663,0.774,-0.076,0.595,0.362,0.835,0.787,0.732,0.735,0.695,0.466
AAPL,0.595,1.0,0.549,0.559,0.567,0.614,0.8,0.721,0.601,0.464,0.657,0.659,0.337,0.726,0.329,0.745,0.669,0.105,0.665,0.519,-0.237,0.804,0.522,0.201,0.72,0.739,0.611,0.62,0.606,0.586,0.603,0.03,0.552,0.727,0.416,0.082,0.637,0.774,0.661,0.65,0.418,0.376,0.379,0.497,0.718,0.462,0.748,0.741,0.657,0.451,0.544,0.5,0.483,0.494,0.37,0.301,0.584,0.649,0.452,0.612,0.559,0.28,0.845,0.698,0.568,0.331,0.655,0.61,0.458,0.332,0.726,0.079,0.356,0.687,0.613,0.575,0.605,0.557,0.733,0.741,0.592,0.786,0.499,0.624,0.679,0.589,0.394,0.207,0.821,0.697,0.671,0.629,0.679,0.733,0.702,0.73,0.741,0.648,0.668,0.624,0.271,0.718,0.43,0.371,0.84,0.691,0.437,-0.541,0.697,0.308,0.559,0.64,0.442,0.623,0.122,0.616,0.391,0.696,0.663,-0.135,0.621,0.529,0.762,0.503,0.619,0.592,0.765,0.629,0.631,0.733,0.474,0.512,0.619,0.541,0.316,0.544,0.595,0.752,0.181,0.555,0.505,0.796,0.607,0.471,0.69,0.548,0.845,0.453,0.703,0.653,0.583,0.205,0.624,0.614,0.739,0.59,-0.469,0.356,0.641,0.677,0.738,0.544,0.352,0.5,0.622,-0.221,0.695,-0.427,0.651,0.611,0.357,0.491,0.616,0.288,0.641,0.387,0.684,0.597,0.693,0.33,0.546,0.743,0.625,0.686,0.613,0.759,0.627,0.456,0.519,0.588,0.706,-0.231,0.83,0.044,0.651,0.771,0.628,0.788,0.615,0.386
ABUS,0.684,0.549,1.0,0.654,0.514,0.708,0.577,0.533,0.729,0.681,0.635,0.633,0.354,0.773,0.569,0.743,0.68,0.367,0.583,0.793,0.041,0.745,0.658,0.347,0.581,0.729,0.663,0.776,0.695,0.798,0.754,0.328,0.728,0.858,0.649,0.421,0.744,0.754,0.667,0.709,-0.063,0.505,0.586,0.717,0.806,0.605,0.818,0.697,0.686,0.671,0.658,0.767,0.275,0.663,0.691,0.523,0.76,0.804,0.588,0.698,0.697,0.618,0.643,0.709,0.827,0.58,0.487,0.73,0.517,0.454,0.728,0.213,0.492,0.665,0.697,0.893,0.742,0.62,0.744,0.703,0.875,0.745,0.644,0.674,0.727,0.769,0.571,0.611,0.712,0.815,0.64,0.837,0.74,0.622,0.63,0.715,0.73,0.655,0.657,0.812,0.434,0.749,0.502,0.779,0.606,0.729,0.615,-0.49,0.881,0.261,0.613,0.81,0.559,0.625,0.375,0.776,0.515,0.779,0.8,-0.166,0.768,0.712,0.836,0.782,0.732,0.576,0.829,0.722,0.535,0.794,0.751,0.546,0.807,0.695,0.487,0.748,0.82,0.779,0.249,0.724,0.692,0.464,0.76,0.717,0.588,0.781,0.636,0.704,0.732,0.766,0.697,0.451,0.673,0.693,0.712,0.679,-0.678,0.735,0.662,0.863,0.684,0.6,0.721,0.707,0.73,-0.301,0.683,-0.463,0.849,0.645,0.636,0.67,0.82,0.331,0.524,0.532,0.527,0.7,0.688,0.683,0.729,0.624,0.563,0.768,0.843,0.682,0.744,0.586,0.682,0.632,0.741,-0.259,0.646,0.144,0.746,0.73,0.858,0.676,0.784,0.56
ADBE,0.516,0.559,0.654,1.0,0.566,0.687,0.559,0.509,0.706,0.695,0.739,0.665,0.536,0.783,0.374,0.775,0.585,0.251,0.452,0.664,-0.121,0.773,0.706,0.429,0.571,0.793,0.731,0.73,0.725,0.652,0.757,0.456,0.549,0.699,0.67,0.316,0.711,0.68,0.616,0.702,0.093,0.621,0.538,0.737,0.757,0.782,0.871,0.713,0.551,0.649,0.745,0.547,0.363,0.713,0.648,0.519,0.793,0.767,0.343,0.769,0.379,0.458,0.601,0.734,0.746,0.525,0.691,0.585,0.645,0.588,0.615,0.195,0.632,0.687,0.785,0.56,0.798,0.486,0.826,0.834,0.672,0.694,0.642,0.814,0.802,0.556,0.652,0.252,0.726,0.658,0.506,0.714,0.591,0.628,0.754,0.788,0.679,0.696,0.577,0.641,0.616,0.731,0.406,0.541,0.557,0.77,0.573,-0.347,0.787,0.532,0.675,0.693,0.626,0.822,0.631,0.793,0.639,0.634,0.734,-0.208,0.761,0.812,0.733,0.614,0.569,0.641,0.759,0.697,0.531,0.704,0.737,0.471,0.808,0.564,0.613,0.538,0.817,0.631,0.434,0.746,0.637,0.625,0.643,0.611,0.491,0.694,0.657,0.636,0.694,0.68,0.626,0.621,0.667,0.663,0.6,0.519,-0.545,0.321,0.642,0.741,0.783,0.582,0.698,0.559,0.616,-0.154,0.758,-0.291,0.666,0.63,0.562,0.61,0.63,0.477,0.291,0.581,0.602,0.573,0.666,0.616,0.559,0.466,0.62,0.756,0.718,0.805,0.598,0.787,0.738,0.607,0.657,-0.178,0.583,0.32,0.693,0.595,0.761,0.551,0.761,0.628
ADI,0.722,0.567,0.514,0.566,1.0,0.779,0.451,0.439,0.598,0.375,0.87,0.653,0.573,0.809,0.788,0.738,0.839,0.633,0.242,0.616,0.099,0.787,0.725,0.722,0.759,0.767,0.606,0.794,0.627,0.409,0.567,0.447,0.599,0.734,0.602,0.61,0.814,0.616,0.824,0.734,0.205,0.646,0.551,0.761,0.759,0.681,0.646,0.761,0.745,0.815,0.811,0.568,0.697,0.51,0.628,0.728,0.793,0.646,0.311,0.716,0.446,0.776,0.567,0.597,0.673,0.789,0.72,0.759,0.799,0.623,0.637,0.563,0.764,0.706,0.595,0.484,0.809,0.758,0.764,0.772,0.645,0.732,0.805,0.694,0.75,0.641,0.741,0.285,0.758,0.586,0.449,0.618,0.679,0.658,0.788,0.651,0.688,0.84,0.562,0.699,0.682,0.664,0.805,0.572,0.582,0.616,0.862,-0.033,0.641,0.646,0.754,0.545,0.808,0.799,0.539,0.664,0.729,0.595,0.791,0.085,0.708,0.623,0.708,0.656,0.5,0.777,0.673,0.822,0.828,0.576,0.682,0.842,0.603,0.701,0.732,0.736,0.754,0.602,0.736,0.779,0.805,0.481,0.542,0.833,0.635,0.742,0.802,0.64,0.58,0.588,0.621,0.447,0.571,0.855,0.549,0.661,-0.473,0.552,0.679,0.534,0.762,0.816,0.636,0.506,0.697,0.367,0.63,-0.031,0.667,0.732,0.552,0.838,0.712,0.655,0.245,0.715,0.862,0.727,0.696,0.425,0.63,0.767,0.666,0.82,0.517,0.683,0.689,0.676,0.734,0.676,0.571,0.176,0.407,0.655,0.661,0.758,0.651,0.616,0.768,0.702
ADMA,0.626,0.614,0.708,0.687,0.779,1.0,0.506,0.511,0.652,0.546,0.821,0.611,0.553,0.862,0.709,0.83,0.716,0.563,0.301,0.722,0.001,0.843,0.729,0.687,0.785,0.806,0.66,0.894,0.626,0.579,0.684,0.418,0.578,0.824,0.674,0.675,0.88,0.687,0.792,0.688,0.166,0.692,0.607,0.8,0.834,0.8,0.795,0.802,0.673,0.814,0.771,0.659,0.539,0.61,0.81,0.75,0.889,0.709,0.368,0.761,0.561,0.733,0.649,0.732,0.764,0.841,0.7,0.814,0.721,0.678,0.718,0.47,0.744,0.739,0.719,0.663,0.886,0.691,0.854,0.808,0.68,0.747,0.799,0.754,0.81,0.798,0.671,0.476,0.763,0.72,0.495,0.829,0.726,0.63,0.809,0.771,0.789,0.754,0.596,0.766,0.685,0.693,0.679,0.759,0.557,0.688,0.753,-0.24,0.851,0.618,0.853,0.718,0.757,0.783,0.56,0.805,0.681,0.72,0.9,0.041,0.845,0.629,0.813,0.8,0.563,0.706,0.783,0.799,0.668,0.811,0.802,0.721,0.819,0.712,0.758,0.781,0.844,0.686,0.651,0.834,0.858,0.514,0.641,0.805,0.585,0.819,0.813,0.68,0.701,0.69,0.661,0.544,0.586,0.825,0.618,0.716,-0.588,0.556,0.669,0.75,0.817,0.844,0.74,0.604,0.711,0.178,0.638,-0.175,0.819,0.702,0.625,0.859,0.759,0.636,0.254,0.635,0.772,0.714,0.747,0.575,0.702,0.77,0.63,0.873,0.746,0.733,0.75,0.781,0.735,0.67,0.68,-0.054,0.528,0.529,0.685,0.823,0.752,0.643,0.774,0.719
AEP,0.657,0.8,0.577,0.559,0.451,0.506,1.0,0.87,0.56,0.447,0.62,0.735,0.201,0.648,0.321,0.685,0.697,0.008,0.865,0.528,-0.372,0.712,0.634,0.105,0.694,0.617,0.572,0.572,0.673,0.724,0.582,-0.076,0.572,0.736,0.487,0.04,0.628,0.836,0.652,0.633,0.3,0.239,0.421,0.402,0.674,0.344,0.743,0.751,0.715,0.465,0.419,0.488,0.288,0.552,0.305,0.341,0.537,0.762,0.622,0.684,0.48,0.238,0.906,0.849,0.53,0.275,0.498,0.622,0.472,0.211,0.755,0.087,0.162,0.662,0.597,0.599,0.554,0.417,0.646,0.63,0.56,0.815,0.52,0.553,0.6,0.576,0.294,0.207,0.764,0.773,0.821,0.664,0.683,0.856,0.628,0.696,0.807,0.721,0.66,0.61,0.271,0.804,0.214,0.359,0.92,0.673,0.401,-0.669,0.691,0.09,0.372,0.611,0.391,0.539,-0.046,0.573,0.351,0.633,0.603,-0.209,0.623,0.512,0.651,0.52,0.676,0.478,0.807,0.665,0.483,0.706,0.409,0.38,0.652,0.542,0.185,0.523,0.483,0.772,0.075,0.459,0.41,0.688,0.644,0.452,0.764,0.419,0.64,0.508,0.766,0.736,0.659,0.172,0.686,0.537,0.806,0.625,-0.647,0.282,0.616,0.684,0.614,0.454,0.375,0.624,0.592,-0.382,0.834,-0.598,0.624,0.547,0.447,0.417,0.611,0.068,0.844,0.426,0.5,0.627,0.8,0.394,0.552,0.681,0.695,0.657,0.694,0.721,0.556,0.268,0.577,0.523,0.848,-0.43,0.918,0.049,0.711,0.735,0.671,0.867,0.563,0.246
AGNC,0.73,0.721,0.533,0.509,0.439,0.511,0.87,1.0,0.596,0.445,0.564,0.823,0.147,0.595,0.417,0.626,0.752,0.026,0.749,0.484,-0.419,0.656,0.739,0.074,0.789,0.554,0.533,0.541,0.743,0.67,0.57,-0.084,0.588,0.658,0.523,0.02,0.565,0.77,0.629,0.661,0.198,0.195,0.472,0.34,0.601,0.267,0.683,0.681,0.805,0.401,0.367,0.518,0.281,0.536,0.254,0.38,0.437,0.628,0.66,0.705,0.405,0.22,0.865,0.77,0.485,0.332,0.446,0.65,0.557,0.143,0.71,0.039,0.102,0.733,0.544,0.593,0.507,0.385,0.557,0.578,0.608,0.758,0.514,0.538,0.524,0.635,0.286,0.141,0.705,0.659,0.814,0.604,0.721,0.785,0.562,0.615,0.811,0.631,0.677,0.587,0.298,0.742,0.215,0.309,0.78,0.669,0.448,-0.572,0.628,0.075,0.341,0.579,0.424,0.452,-0.094,0.564,0.301,0.684,0.569,-0.208,0.548,0.458,0.614,0.464,0.793,0.467,0.685,0.635,0.481,0.702,0.359,0.363,0.548,0.69,0.232,0.606,0.429,0.733,0.072,0.496,0.39,0.571,0.734,0.526,0.747,0.449,0.637,0.53,0.816,0.724,0.662,0.098,0.678,0.498,0.766,0.706,-0.64,0.341,0.612,0.614,0.533,0.452,0.302,0.677,0.607,-0.325,0.742,-0.546,0.565,0.595,0.502,0.377,0.575,0.076,0.725,0.46,0.397,0.707,0.867,0.361,0.573,0.646,0.814,0.636,0.632,0.634,0.555,0.238,0.545,0.552,0.795,-0.352,0.833,0.142,0.723,0.739,0.651,0.766,0.461,0.238
AKBA,0.699,0.601,0.729,0.706,0.598,0.652,0.56,0.596,1.0,0.647,0.662,0.763,0.534,0.786,0.465,0.827,0.741,0.361,0.541,0.747,-0.073,0.765,0.711,0.342,0.61,0.749,0.804,0.72,0.738,0.682,0.756,0.414,0.79,0.786,0.686,0.231,0.741,0.713,0.64,0.83,0.044,0.539,0.616,0.743,0.701,0.593,0.788,0.691,0.709,0.637,0.739,0.643,0.403,0.78,0.585,0.552,0.693,0.715,0.569,0.685,0.551,0.501,0.663,0.7,0.734,0.49,0.645,0.634,0.657,0.523,0.695,0.166,0.532,0.752,0.789,0.769,0.749,0.603,0.773,0.781,0.836,0.693,0.628,0.877,0.733,0.653,0.715,0.268,0.825,0.713,0.666,0.725,0.759,0.669,0.654,0.773,0.712,0.702,0.786,0.744,0.509,0.737,0.471,0.555,0.618,0.753,0.683,-0.517,0.782,0.32,0.594,0.8,0.67,0.686,0.498,0.751,0.509,0.832,0.698,-0.161,0.765,0.794,0.747,0.746,0.806,0.727,0.781,0.663,0.672,0.783,0.744,0.709,0.734,0.668,0.519,0.657,0.761,0.745,0.266,0.716,0.65,0.58,0.818,0.702,0.637,0.685,0.701,0.785,0.674,0.779,0.772,0.485,0.676,0.729,0.717,0.704,-0.587,0.519,0.716,0.77,0.734,0.559,0.709,0.69,0.81,-0.32,0.678,-0.529,0.772,0.802,0.628,0.62,0.718,0.393,0.438,0.553,0.594,0.683,0.719,0.697,0.802,0.558,0.655,0.728,0.771,0.788,0.701,0.633,0.734,0.775,0.696,-0.282,0.625,0.159,0.706,0.681,0.816,0.621,0.804,0.652
ALT,0.47,0.464,0.681,0.695,0.375,0.546,0.447,0.445,0.647,1.0,0.581,0.577,0.562,0.625,0.219,0.593,0.494,0.125,0.469,0.653,-0.237,0.568,0.602,0.208,0.41,0.719,0.66,0.533,0.61,0.518,0.691,0.414,0.536,0.642,0.544,0.216,0.582,0.56,0.436,0.659,0.09,0.57,0.455,0.601,0.75,0.666,0.722,0.632,0.488,0.551,0.559,0.427,0.34,0.68,0.506,0.35,0.615,0.692,0.355,0.681,0.426,0.331,0.543,0.622,0.563,0.337,0.645,0.524,0.492,0.574,0.478,0.134,0.458,0.562,0.749,0.553,0.635,0.452,0.689,0.672,0.739,0.56,0.444,0.631,0.784,0.569,0.588,0.094,0.643,0.551,0.523,0.592,0.499,0.556,0.599,0.711,0.578,0.575,0.528,0.523,0.473,0.581,0.409,0.383,0.491,0.796,0.423,-0.4,0.657,0.442,0.537,0.651,0.45,0.639,0.484,0.643,0.571,0.656,0.601,-0.213,0.604,0.727,0.688,0.471,0.498,0.591,0.653,0.52,0.514,0.649,0.649,0.397,0.738,0.427,0.431,0.437,0.713,0.579,0.259,0.552,0.486,0.603,0.552,0.455,0.385,0.539,0.518,0.57,0.715,0.549,0.538,0.545,0.442,0.56,0.472,0.457,-0.462,0.34,0.594,0.696,0.694,0.428,0.546,0.472,0.544,-0.286,0.673,-0.409,0.646,0.568,0.436,0.54,0.511,0.474,0.33,0.544,0.423,0.465,0.555,0.537,0.475,0.355,0.486,0.63,0.679,0.657,0.486,0.64,0.672,0.533,0.544,-0.277,0.493,0.186,0.583,0.466,0.67,0.465,0.653,0.498
AMAT,0.695,0.657,0.635,0.739,0.87,0.821,0.62,0.564,0.662,0.581,1.0,0.796,0.624,0.893,0.632,0.826,0.791,0.508,0.456,0.683,-0.067,0.87,0.824,0.599,0.777,0.882,0.694,0.799,0.666,0.584,0.699,0.466,0.683,0.826,0.708,0.563,0.864,0.723,0.805,0.788,0.187,0.761,0.636,0.818,0.888,0.808,0.795,0.916,0.783,0.886,0.834,0.559,0.608,0.636,0.74,0.751,0.885,0.786,0.428,0.863,0.491,0.731,0.726,0.804,0.742,0.71,0.819,0.797,0.724,0.662,0.734,0.524,0.749,0.784,0.711,0.556,0.881,0.665,0.89,0.912,0.687,0.82,0.79,0.749,0.876,0.728,0.752,0.264,0.846,0.711,0.596,0.744,0.727,0.779,0.86,0.799,0.811,0.939,0.574,0.777,0.705,0.767,0.713,0.62,0.692,0.826,0.827,-0.228,0.788,0.698,0.779,0.636,0.856,0.903,0.551,0.782,0.845,0.719,0.89,0.002,0.792,0.735,0.796,0.672,0.593,0.835,0.808,0.836,0.815,0.76,0.743,0.783,0.777,0.675,0.743,0.654,0.809,0.695,0.674,0.794,0.816,0.639,0.626,0.738,0.665,0.722,0.854,0.748,0.76,0.723,0.675,0.574,0.64,0.898,0.661,0.657,-0.55,0.503,0.727,0.711,0.861,0.816,0.683,0.594,0.711,0.189,0.771,-0.167,0.774,0.711,0.623,0.871,0.736,0.67,0.38,0.803,0.847,0.723,0.809,0.498,0.657,0.762,0.675,0.852,0.719,0.786,0.689,0.779,0.831,0.662,0.752,-0.051,0.602,0.537,0.744,0.783,0.754,0.676,0.825,0.677
AMD,0.83,0.659,0.633,0.665,0.653,0.611,0.735,0.823,0.763,0.577,0.796,1.0,0.399,0.747,0.534,0.734,0.822,0.263,0.657,0.644,-0.201,0.786,0.854,0.272,0.749,0.718,0.691,0.646,0.802,0.708,0.736,0.234,0.788,0.756,0.738,0.192,0.704,0.779,0.697,0.828,0.113,0.461,0.679,0.628,0.725,0.506,0.751,0.804,0.879,0.624,0.663,0.601,0.395,0.664,0.466,0.597,0.616,0.711,0.65,0.785,0.471,0.471,0.811,0.802,0.701,0.467,0.622,0.741,0.658,0.377,0.792,0.217,0.411,0.816,0.677,0.633,0.699,0.544,0.712,0.776,0.754,0.831,0.662,0.692,0.678,0.695,0.599,0.163,0.799,0.708,0.767,0.668,0.811,0.808,0.668,0.691,0.799,0.812,0.722,0.764,0.503,0.785,0.453,0.442,0.729,0.839,0.71,-0.474,0.713,0.326,0.533,0.621,0.717,0.662,0.228,0.703,0.581,0.776,0.711,-0.146,0.682,0.692,0.739,0.593,0.826,0.773,0.75,0.722,0.715,0.75,0.561,0.658,0.622,0.773,0.528,0.62,0.621,0.767,0.296,0.644,0.605,0.596,0.805,0.663,0.782,0.573,0.779,0.692,0.801,0.803,0.737,0.329,0.772,0.735,0.768,0.748,-0.579,0.482,0.776,0.692,0.686,0.617,0.499,0.776,0.759,-0.175,0.809,-0.461,0.688,0.766,0.688,0.599,0.723,0.335,0.612,0.664,0.616,0.815,0.896,0.478,0.679,0.671,0.795,0.737,0.742,0.75,0.64,0.483,0.737,0.686,0.811,-0.232,0.735,0.305,0.804,0.767,0.759,0.715,0.667,0.488
AMGN,0.262,0.337,0.354,0.536,0.573,0.553,0.201,0.147,0.534,0.562,0.624,0.399,1.0,0.605,0.192,0.503,0.383,0.314,0.167,0.485,-0.184,0.5,0.429,0.462,0.342,0.662,0.559,0.455,0.417,0.205,0.45,0.507,0.352,0.492,0.435,0.284,0.584,0.343,0.448,0.505,0.152,0.756,0.364,0.602,0.621,0.722,0.476,0.521,0.276,0.574,0.543,0.297,0.511,0.523,0.549,0.438,0.615,0.468,0.074,0.466,0.389,0.404,0.35,0.455,0.392,0.375,0.737,0.397,0.546,0.737,0.34,0.328,0.67,0.423,0.61,0.198,0.627,0.555,0.675,0.641,0.428,0.367,0.405,0.637,0.689,0.309,0.708,-0.017,0.59,0.357,0.193,0.434,0.278,0.434,0.589,0.592,0.371,0.547,0.312,0.36,0.599,0.367,0.506,0.331,0.327,0.559,0.522,-0.058,0.481,0.729,0.553,0.425,0.539,0.633,0.7,0.435,0.602,0.394,0.561,-0.002,0.568,0.58,0.489,0.433,0.208,0.583,0.477,0.43,0.555,0.493,0.65,0.534,0.549,0.202,0.541,0.232,0.593,0.339,0.519,0.511,0.546,0.588,0.338,0.369,0.255,0.445,0.507,0.473,0.414,0.3,0.335,0.643,0.231,0.576,0.3,0.279,-0.302,0.225,0.409,0.468,0.682,0.503,0.507,0.212,0.481,0.068,0.426,-0.063,0.52,0.483,0.307,0.647,0.358,0.679,-0.032,0.519,0.629,0.295,0.35,0.317,0.327,0.297,0.234,0.524,0.439,0.61,0.301,0.751,0.6,0.468,0.263,-0.008,0.227,0.266,0.385,0.368,0.448,0.285,0.628,0.529
AMZN,0.726,0.726,0.773,0.783,0.809,0.862,0.648,0.595,0.786,0.625,0.893,0.747,0.605,1.0,0.616,0.94,0.804,0.457,0.492,0.793,-0.011,0.927,0.798,0.585,0.764,0.936,0.801,0.91,0.785,0.712,0.786,0.516,0.736,0.92,0.711,0.528,0.922,0.836,0.836,0.842,0.167,0.747,0.622,0.89,0.916,0.845,0.896,0.89,0.765,0.848,0.85,0.703,0.591,0.732,0.809,0.701,0.932,0.838,0.498,0.807,0.6,0.727,0.762,0.825,0.835,0.735,0.809,0.846,0.735,0.652,0.814,0.434,0.756,0.861,0.808,0.726,0.936,0.741,0.97,0.936,0.796,0.861,0.824,0.857,0.904,0.769,0.769,0.453,0.917,0.844,0.646,0.883,0.796,0.767,0.897,0.913,0.849,0.849,0.706,0.859,0.67,0.839,0.651,0.76,0.716,0.833,0.793,-0.31,0.936,0.641,0.85,0.764,0.786,0.892,0.61,0.849,0.738,0.82,0.946,-0.055,0.898,0.787,0.89,0.797,0.696,0.79,0.921,0.889,0.75,0.853,0.853,0.765,0.878,0.728,0.72,0.75,0.894,0.833,0.579,0.912,0.869,0.708,0.774,0.801,0.703,0.825,0.848,0.774,0.782,0.822,0.789,0.649,0.684,0.881,0.772,0.735,-0.629,0.562,0.764,0.842,0.927,0.815,0.754,0.632,0.817,0.01,0.758,-0.242,0.916,0.793,0.624,0.877,0.859,0.579,0.441,0.704,0.831,0.782,0.839,0.645,0.744,0.782,0.676,0.931,0.839,0.844,0.826,0.812,0.821,0.746,0.773,-0.095,0.697,0.409,0.845,0.868,0.861,0.731,0.91,0.741
APA,0.704,0.329,0.569,0.374,0.788,0.709,0.321,0.417,0.465,0.219,0.632,0.534,0.192,0.616,1.0,0.592,0.759,0.669,0.148,0.479,0.276,0.625,0.676,0.644,0.712,0.505,0.375,0.749,0.485,0.476,0.4,0.268,0.585,0.625,0.561,0.738,0.695,0.51,0.726,0.574,-0.03,0.423,0.546,0.575,0.559,0.447,0.534,0.584,0.714,0.698,0.612,0.659,0.42,0.351,0.56,0.696,0.662,0.522,0.421,0.629,0.395,0.813,0.444,0.491,0.621,0.881,0.334,0.716,0.622,0.418,0.598,0.484,0.577,0.544,0.361,0.594,0.658,0.635,0.523,0.503,0.629,0.623,0.787,0.471,0.502,0.668,0.473,0.549,0.51,0.536,0.39,0.595,0.639,0.496,0.561,0.425,0.635,0.64,0.434,0.632,0.511,0.521,0.661,0.681,0.344,0.402,0.779,-0.04,0.575,0.333,0.618,0.46,0.669,0.505,0.285,0.56,0.485,0.508,0.69,0.163,0.607,0.401,0.576,0.664,0.501,0.486,0.548,0.695,0.607,0.494,0.559,0.665,0.462,0.834,0.643,0.842,0.62,0.56,0.609,0.683,0.728,0.108,0.558,0.881,0.559,0.663,0.606,0.612,0.521,0.514,0.531,0.205,0.589,0.666,0.505,0.674,-0.527,0.672,0.475,0.465,0.486,0.741,0.576,0.595,0.573,0.288,0.475,-0.051,0.616,0.587,0.607,0.709,0.655,0.424,0.243,0.574,0.574,0.689,0.642,0.407,0.653,0.723,0.625,0.688,0.467,0.457,0.654,0.425,0.573,0.54,0.544,0.137,0.295,0.63,0.511,0.699,0.595,0.521,0.561,0.575
APPS,0.702,0.745,0.743,0.775,0.738,0.83,0.685,0.626,0.827,0.593,0.826,0.734,0.503,0.94,0.592,1.0,0.778,0.416,0.531,0.772,-0.02,0.9,0.746,0.544,0.757,0.87,0.773,0.899,0.736,0.751,0.805,0.415,0.764,0.899,0.673,0.48,0.889,0.813,0.811,0.777,0.177,0.64,0.581,0.82,0.826,0.776,0.894,0.883,0.748,0.782,0.818,0.678,0.543,0.706,0.761,0.638,0.881,0.852,0.558,0.782,0.578,0.676,0.779,0.811,0.808,0.707,0.752,0.784,0.72,0.6,0.813,0.329,0.678,0.826,0.784,0.754,0.891,0.692,0.918,0.871,0.758,0.843,0.815,0.855,0.839,0.735,0.687,0.449,0.886,0.87,0.68,0.869,0.775,0.797,0.863,0.896,0.848,0.808,0.723,0.844,0.602,0.841,0.573,0.728,0.727,0.773,0.774,-0.428,0.92,0.505,0.809,0.819,0.754,0.821,0.551,0.819,0.661,0.815,0.898,-0.067,0.9,0.714,0.842,0.825,0.736,0.755,0.923,0.834,0.691,0.841,0.799,0.733,0.864,0.727,0.639,0.736,0.852,0.827,0.491,0.842,0.834,0.666,0.781,0.765,0.706,0.782,0.824,0.793,0.789,0.845,0.797,0.562,0.707,0.827,0.804,0.713,-0.67,0.517,0.78,0.839,0.866,0.769,0.801,0.637,0.769,-0.068,0.76,-0.333,0.884,0.759,0.596,0.764,0.838,0.51,0.498,0.625,0.777,0.756,0.816,0.687,0.813,0.782,0.667,0.89,0.819,0.819,0.815,0.725,0.77,0.732,0.785,-0.17,0.706,0.347,0.819,0.859,0.872,0.748,0.882,0.707
ARCC,0.879,0.669,0.68,0.585,0.839,0.716,0.697,0.752,0.741,0.494,0.791,0.822,0.383,0.804,0.759,0.778,1.0,0.443,0.559,0.697,-0.065,0.804,0.834,0.411,0.844,0.773,0.689,0.787,0.793,0.622,0.664,0.315,0.731,0.825,0.636,0.386,0.785,0.77,0.803,0.858,0.1,0.474,0.582,0.679,0.783,0.528,0.75,0.774,0.911,0.721,0.703,0.641,0.501,0.662,0.549,0.606,0.721,0.718,0.559,0.789,0.498,0.639,0.769,0.716,0.707,0.655,0.601,0.814,0.783,0.41,0.759,0.346,0.503,0.835,0.65,0.715,0.745,0.679,0.734,0.753,0.824,0.855,0.732,0.726,0.716,0.764,0.635,0.333,0.817,0.733,0.685,0.71,0.84,0.777,0.718,0.697,0.861,0.849,0.772,0.774,0.564,0.795,0.589,0.57,0.745,0.692,0.79,-0.331,0.741,0.375,0.62,0.674,0.688,0.714,0.299,0.756,0.608,0.772,0.784,-0.136,0.749,0.687,0.767,0.665,0.793,0.674,0.791,0.861,0.744,0.715,0.649,0.715,0.671,0.846,0.564,0.816,0.717,0.765,0.421,0.765,0.688,0.503,0.745,0.865,0.782,0.719,0.773,0.744,0.765,0.76,0.775,0.348,0.722,0.825,0.76,0.84,-0.642,0.568,0.737,0.676,0.693,0.689,0.601,0.669,0.832,0.009,0.759,-0.363,0.743,0.802,0.601,0.718,0.786,0.38,0.524,0.689,0.661,0.826,0.872,0.576,0.747,0.785,0.856,0.862,0.67,0.759,0.754,0.506,0.705,0.755,0.802,-0.104,0.665,0.424,0.798,0.832,0.789,0.778,0.744,0.596
ARDX,0.325,0.105,0.367,0.251,0.633,0.563,0.008,0.026,0.361,0.125,0.508,0.263,0.314,0.457,0.669,0.416,0.443,1.0,-0.1,0.327,0.281,0.447,0.364,0.702,0.459,0.406,0.432,0.547,0.21,0.139,0.264,0.514,0.305,0.391,0.532,0.688,0.495,0.239,0.529,0.293,-0.15,0.517,0.501,0.629,0.438,0.472,0.239,0.375,0.392,0.661,0.544,0.484,0.366,0.298,0.553,0.74,0.608,0.351,0.121,0.451,0.334,0.692,0.134,0.232,0.41,0.69,0.222,0.496,0.494,0.457,0.288,0.502,0.72,0.371,0.351,0.33,0.462,0.551,0.408,0.395,0.344,0.274,0.544,0.393,0.452,0.457,0.601,0.432,0.378,0.301,0.192,0.305,0.286,0.306,0.415,0.255,0.28,0.534,0.219,0.396,0.58,0.267,0.665,0.579,0.108,0.283,0.713,0.183,0.356,0.489,0.523,0.308,0.734,0.43,0.493,0.346,0.509,0.304,0.485,-0.047,0.448,0.38,0.476,0.523,0.183,0.447,0.299,0.479,0.549,0.272,0.518,0.699,0.294,0.442,0.654,0.488,0.546,0.227,0.692,0.526,0.616,-0.067,0.316,0.602,0.44,0.554,0.418,0.458,0.212,0.225,0.356,0.394,0.236,0.507,0.202,0.392,-0.395,0.608,0.274,0.273,0.367,0.6,0.529,0.405,0.414,0.433,0.264,0.102,0.435,0.394,0.538,0.613,0.459,0.544,-0.128,0.432,0.518,0.338,0.274,0.392,0.556,0.424,0.191,0.411,0.238,0.348,0.408,0.413,0.526,0.484,0.219,0.265,-0.006,0.573,0.261,0.362,0.29,0.262,0.488,0.674
ATER,0.557,0.665,0.583,0.452,0.242,0.301,0.865,0.749,0.541,0.469,0.456,0.657,0.167,0.492,0.148,0.531,0.559,-0.1,1.0,0.464,-0.357,0.526,0.52,-0.116,0.459,0.49,0.515,0.361,0.568,0.65,0.537,-0.057,0.552,0.593,0.456,-0.134,0.417,0.655,0.495,0.566,0.086,0.209,0.449,0.306,0.567,0.222,0.611,0.569,0.595,0.364,0.304,0.39,0.037,0.572,0.199,0.206,0.38,0.65,0.591,0.557,0.505,0.11,0.765,0.714,0.453,0.061,0.327,0.459,0.344,0.073,0.621,-0.095,0.046,0.531,0.497,0.543,0.358,0.382,0.485,0.488,0.547,0.671,0.284,0.484,0.463,0.459,0.28,0.139,0.589,0.636,0.747,0.535,0.564,0.728,0.393,0.532,0.645,0.571,0.596,0.503,0.242,0.672,0.035,0.283,0.814,0.585,0.29,-0.703,0.559,-0.007,0.197,0.538,0.289,0.401,-0.083,0.456,0.308,0.552,0.463,-0.279,0.485,0.458,0.509,0.411,0.629,0.353,0.664,0.513,0.328,0.605,0.339,0.233,0.516,0.37,0.032,0.364,0.349,0.61,-0.119,0.324,0.232,0.57,0.566,0.316,0.643,0.291,0.451,0.48,0.677,0.63,0.566,0.211,0.56,0.435,0.725,0.502,-0.561,0.242,0.52,0.594,0.435,0.246,0.343,0.611,0.549,-0.544,0.711,-0.647,0.526,0.474,0.439,0.256,0.485,-0.032,0.778,0.452,0.285,0.499,0.641,0.432,0.479,0.455,0.516,0.455,0.622,0.615,0.396,0.173,0.498,0.482,0.722,-0.501,0.828,-0.188,0.609,0.535,0.58,0.705,0.453,0.184
ATOS,0.741,0.519,0.793,0.664,0.616,0.722,0.528,0.484,0.747,0.653,0.683,0.644,0.485,0.793,0.479,0.772,0.697,0.327,0.464,1.0,-0.041,0.715,0.694,0.393,0.568,0.756,0.738,0.745,0.758,0.672,0.906,0.458,0.718,0.807,0.649,0.363,0.76,0.724,0.645,0.783,-0.044,0.524,0.57,0.768,0.784,0.66,0.746,0.74,0.668,0.675,0.703,0.63,0.389,0.733,0.68,0.58,0.735,0.795,0.519,0.661,0.532,0.586,0.596,0.676,0.823,0.562,0.635,0.709,0.645,0.581,0.667,0.312,0.512,0.743,0.75,0.724,0.783,0.596,0.79,0.764,0.826,0.757,0.633,0.745,0.71,0.771,0.684,0.369,0.72,0.751,0.563,0.77,0.77,0.625,0.656,0.754,0.76,0.686,0.77,0.859,0.571,0.698,0.526,0.659,0.602,0.721,0.621,-0.371,0.819,0.343,0.642,0.794,0.607,0.715,0.525,0.873,0.667,0.758,0.807,-0.091,0.776,0.716,0.773,0.77,0.692,0.753,0.806,0.736,0.557,0.757,0.76,0.648,0.834,0.605,0.541,0.698,0.778,0.7,0.301,0.741,0.706,0.473,0.703,0.702,0.565,0.807,0.643,0.716,0.664,0.802,0.82,0.541,0.645,0.763,0.663,0.679,-0.589,0.546,0.866,0.757,0.731,0.602,0.784,0.611,0.818,-0.114,0.657,-0.354,0.76,0.785,0.606,0.696,0.832,0.417,0.404,0.59,0.608,0.81,0.677,0.745,0.707,0.576,0.635,0.819,0.811,0.669,0.788,0.655,0.685,0.692,0.702,-0.156,0.535,0.242,0.835,0.709,0.802,0.62,0.781,0.613
AUPH,0.037,-0.237,0.041,-0.121,0.099,0.001,-0.372,-0.419,-0.073,-0.237,-0.067,-0.201,-0.184,-0.011,0.276,-0.02,-0.065,0.281,-0.357,-0.041,1.0,-0.065,-0.132,0.313,-0.204,-0.095,-0.205,0.042,-0.134,0.018,-0.155,0.247,0.087,-0.063,-0.063,0.421,0.041,-0.149,-0.082,-0.063,-0.345,0.092,0.038,0.12,-0.13,-0.013,-0.121,-0.123,-0.079,0.047,0.146,0.205,-0.102,-0.158,0.09,0.055,0.054,-0.136,-0.03,-0.144,0.197,0.304,-0.346,-0.268,0.157,0.188,-0.212,-0.032,-0.056,0.155,-0.054,0.263,0.182,-0.153,-0.202,0.106,0.069,0.103,-0.118,-0.099,-0.03,-0.132,0.17,-0.045,-0.11,0.035,0.008,0.418,-0.171,0.021,-0.239,0.093,-0.031,-0.266,-0.183,-0.253,-0.21,-0.13,-0.086,0.104,-0.067,-0.124,0.245,0.267,-0.325,-0.201,0.157,0.362,-0.056,-0.007,0.162,-0.093,0.026,-0.065,0.171,-0.025,-0.054,0.017,-0.011,0.466,-0.011,-0.03,-0.064,0.122,-0.116,-0.043,-0.136,0.008,0.089,-0.094,0.069,0.143,-0.099,0.09,0.237,0.085,0.097,-0.067,0.197,0.066,0.165,-0.327,-0.104,0.131,-0.124,0.183,-0.131,-0.017,-0.263,-0.108,-0.102,-0.007,0.061,0.038,-0.15,-0.059,0.118,0.322,-0.119,0.009,-0.055,0.049,0.074,-0.083,-0.051,0.262,-0.225,0.281,0.12,-0.038,0.01,0.123,0.116,0.032,-0.118,0.066,0.015,0.001,-0.19,0.018,0.072,0.014,-0.169,-0.045,-0.112,-0.161,0.119,0.042,-0.156,-0.033,-0.19,0.462,-0.325,0.105,-0.16,-0.052,-0.055,-0.159,0.051,0.18
AVGO,0.717,0.804,0.745,0.773,0.787,0.843,0.712,0.656,0.765,0.568,0.87,0.786,0.5,0.927,0.625,0.9,0.804,0.447,0.526,0.715,-0.065,1.0,0.746,0.566,0.829,0.902,0.794,0.886,0.733,0.743,0.736,0.362,0.708,0.9,0.668,0.428,0.88,0.87,0.882,0.774,0.28,0.648,0.586,0.796,0.874,0.728,0.903,0.89,0.79,0.76,0.817,0.751,0.603,0.677,0.708,0.645,0.868,0.805,0.511,0.803,0.627,0.671,0.832,0.816,0.796,0.671,0.736,0.831,0.66,0.575,0.876,0.345,0.668,0.832,0.803,0.712,0.882,0.723,0.919,0.914,0.774,0.911,0.802,0.799,0.868,0.772,0.689,0.442,0.919,0.836,0.695,0.825,0.822,0.771,0.873,0.862,0.814,0.848,0.728,0.806,0.552,0.838,0.683,0.687,0.778,0.825,0.741,-0.438,0.892,0.517,0.768,0.774,0.746,0.836,0.447,0.812,0.653,0.789,0.891,-0.029,0.887,0.724,0.912,0.766,0.689,0.76,0.892,0.862,0.816,0.825,0.775,0.784,0.804,0.78,0.719,0.745,0.856,0.872,0.553,0.823,0.823,0.688,0.789,0.752,0.794,0.791,0.937,0.693,0.781,0.79,0.753,0.455,0.798,0.839,0.821,0.79,-0.663,0.596,0.742,0.824,0.898,0.837,0.665,0.669,0.796,-0.053,0.831,-0.367,0.853,0.79,0.605,0.806,0.805,0.483,0.519,0.594,0.866,0.755,0.842,0.563,0.748,0.841,0.707,0.875,0.771,0.895,0.816,0.702,0.787,0.757,0.782,-0.147,0.774,0.337,0.776,0.91,0.831,0.83,0.864,0.673
AZN,0.809,0.522,0.658,0.706,0.725,0.729,0.634,0.739,0.711,0.602,0.824,0.854,0.429,0.798,0.676,0.746,0.834,0.364,0.52,0.694,-0.132,0.746,1.0,0.418,0.726,0.731,0.649,0.741,0.802,0.667,0.724,0.357,0.741,0.757,0.738,0.457,0.769,0.73,0.726,0.875,0.031,0.558,0.654,0.696,0.793,0.615,0.773,0.809,0.847,0.771,0.7,0.601,0.398,0.673,0.59,0.7,0.74,0.734,0.594,0.868,0.382,0.593,0.701,0.811,0.714,0.674,0.669,0.778,0.747,0.499,0.709,0.392,0.518,0.845,0.658,0.674,0.783,0.562,0.75,0.784,0.773,0.784,0.774,0.722,0.745,0.729,0.635,0.234,0.764,0.675,0.7,0.746,0.786,0.755,0.698,0.723,0.832,0.801,0.632,0.761,0.638,0.763,0.491,0.551,0.611,0.811,0.778,-0.289,0.745,0.443,0.629,0.605,0.764,0.756,0.368,0.774,0.691,0.762,0.791,-0.067,0.7,0.713,0.714,0.648,0.732,0.729,0.742,0.823,0.665,0.76,0.651,0.622,0.727,0.776,0.598,0.766,0.686,0.729,0.483,0.768,0.678,0.516,0.749,0.817,0.655,0.693,0.696,0.811,0.83,0.801,0.741,0.442,0.689,0.779,0.698,0.732,-0.595,0.474,0.729,0.665,0.708,0.666,0.641,0.712,0.731,-0.037,0.74,-0.288,0.73,0.766,0.684,0.732,0.75,0.406,0.443,0.8,0.579,0.819,0.915,0.537,0.729,0.644,0.847,0.829,0.762,0.677,0.681,0.625,0.831,0.634,0.768,-0.158,0.625,0.501,0.802,0.739,0.795,0.592,0.668,0.548
BCRX,0.38,0.201,0.347,0.429,0.722,0.687,0.105,0.074,0.342,0.208,0.599,0.272,0.462,0.585,0.644,0.544,0.411,0.702,-0.116,0.393,0.313,0.566,0.418,1.0,0.491,0.523,0.405,0.66,0.318,0.25,0.291,0.494,0.352,0.508,0.482,0.755,0.659,0.321,0.695,0.336,0.104,0.668,0.433,0.632,0.507,0.656,0.437,0.541,0.404,0.716,0.659,0.507,0.595,0.293,0.628,0.727,0.686,0.473,0.115,0.511,0.417,0.792,0.243,0.38,0.489,0.785,0.484,0.56,0.598,0.655,0.416,0.659,0.762,0.385,0.434,0.247,0.689,0.606,0.561,0.497,0.33,0.42,0.741,0.443,0.576,0.469,0.559,0.364,0.433,0.38,0.21,0.474,0.397,0.371,0.627,0.419,0.347,0.547,0.244,0.454,0.599,0.426,0.763,0.589,0.227,0.321,0.675,0.198,0.46,0.618,0.739,0.406,0.663,0.588,0.623,0.396,0.566,0.305,0.614,0.287,0.598,0.323,0.486,0.606,0.15,0.547,0.416,0.576,0.607,0.334,0.585,0.709,0.46,0.441,0.728,0.543,0.637,0.345,0.885,0.647,0.793,0.182,0.31,0.611,0.392,0.603,0.509,0.41,0.308,0.321,0.405,0.42,0.341,0.594,0.263,0.411,-0.385,0.511,0.385,0.374,0.615,0.757,0.601,0.321,0.365,0.504,0.38,0.242,0.5,0.448,0.447,0.726,0.445,0.71,-0.013,0.526,0.738,0.452,0.377,0.303,0.422,0.549,0.244,0.527,0.304,0.427,0.521,0.582,0.599,0.481,0.239,0.394,0.085,0.694,0.338,0.539,0.411,0.35,0.624,0.665
BGC,0.745,0.72,0.581,0.571,0.759,0.785,0.694,0.789,0.61,0.41,0.777,0.749,0.342,0.764,0.712,0.757,0.844,0.459,0.459,0.568,-0.204,0.829,0.726,0.491,1.0,0.717,0.6,0.779,0.653,0.577,0.584,0.175,0.564,0.771,0.6,0.411,0.774,0.784,0.816,0.652,0.228,0.498,0.555,0.591,0.75,0.526,0.732,0.803,0.849,0.673,0.605,0.663,0.598,0.528,0.572,0.669,0.714,0.686,0.465,0.805,0.48,0.6,0.779,0.733,0.624,0.685,0.568,0.823,0.71,0.427,0.749,0.304,0.514,0.729,0.622,0.573,0.719,0.639,0.739,0.747,0.654,0.801,0.728,0.655,0.688,0.799,0.517,0.352,0.793,0.704,0.624,0.665,0.769,0.747,0.785,0.694,0.864,0.791,0.639,0.702,0.544,0.716,0.615,0.571,0.734,0.658,0.668,-0.325,0.72,0.414,0.62,0.669,0.658,0.672,0.238,0.712,0.554,0.679,0.773,-0.025,0.735,0.509,0.751,0.656,0.709,0.623,0.743,0.795,0.713,0.733,0.586,0.657,0.646,0.809,0.603,0.753,0.685,0.73,0.491,0.724,0.715,0.499,0.689,0.724,0.762,0.686,0.824,0.59,0.748,0.649,0.686,0.28,0.71,0.736,0.684,0.786,-0.687,0.571,0.658,0.668,0.717,0.783,0.512,0.64,0.679,0.104,0.71,-0.297,0.689,0.663,0.578,0.688,0.668,0.474,0.454,0.548,0.708,0.761,0.817,0.452,0.664,0.863,0.786,0.811,0.604,0.733,0.736,0.491,0.629,0.682,0.772,-0.056,0.662,0.453,0.725,0.869,0.678,0.812,0.691,0.543
BIDU,0.664,0.739,0.729,0.793,0.767,0.806,0.617,0.554,0.749,0.719,0.882,0.718,0.662,0.936,0.505,0.87,0.773,0.406,0.49,0.756,-0.095,0.902,0.731,0.523,0.717,1.0,0.813,0.821,0.717,0.603,0.756,0.538,0.66,0.854,0.637,0.435,0.842,0.758,0.79,0.811,0.16,0.748,0.535,0.832,0.928,0.834,0.865,0.87,0.725,0.793,0.819,0.596,0.59,0.723,0.749,0.583,0.886,0.792,0.389,0.822,0.586,0.649,0.768,0.754,0.75,0.617,0.819,0.777,0.679,0.67,0.736,0.379,0.709,0.831,0.801,0.651,0.878,0.675,0.935,0.932,0.791,0.85,0.712,0.81,0.93,0.737,0.764,0.303,0.894,0.771,0.63,0.784,0.729,0.747,0.861,0.877,0.794,0.844,0.679,0.767,0.652,0.805,0.663,0.65,0.708,0.863,0.715,-0.321,0.873,0.667,0.808,0.751,0.712,0.908,0.598,0.82,0.783,0.78,0.889,-0.103,0.858,0.815,0.907,0.673,0.61,0.763,0.862,0.829,0.772,0.806,0.825,0.726,0.842,0.652,0.709,0.657,0.878,0.761,0.563,0.858,0.787,0.717,0.674,0.715,0.663,0.759,0.846,0.732,0.766,0.733,0.714,0.64,0.629,0.833,0.706,0.673,-0.599,0.49,0.732,0.811,0.911,0.748,0.692,0.534,0.765,-0.008,0.789,-0.263,0.835,0.774,0.53,0.843,0.748,0.579,0.398,0.701,0.804,0.693,0.776,0.61,0.678,0.706,0.638,0.863,0.771,0.857,0.745,0.816,0.806,0.711,0.697,-0.129,0.666,0.358,0.762,0.788,0.81,0.722,0.879,0.694
BILI,0.602,0.611,0.663,0.731,0.606,0.66,0.572,0.533,0.804,0.66,0.694,0.691,0.559,0.801,0.375,0.773,0.689,0.432,0.515,0.738,-0.205,0.794,0.649,0.405,0.6,0.813,1.0,0.711,0.741,0.607,0.786,0.556,0.656,0.767,0.693,0.22,0.712,0.699,0.693,0.72,0.127,0.595,0.581,0.831,0.763,0.677,0.747,0.71,0.63,0.674,0.783,0.604,0.411,0.898,0.61,0.593,0.739,0.723,0.495,0.677,0.494,0.459,0.684,0.697,0.696,0.468,0.621,0.649,0.672,0.49,0.669,0.272,0.622,0.828,0.886,0.621,0.714,0.635,0.808,0.785,0.752,0.719,0.596,0.847,0.786,0.69,0.849,0.262,0.795,0.675,0.698,0.663,0.69,0.71,0.723,0.788,0.659,0.762,0.803,0.672,0.693,0.744,0.47,0.517,0.644,0.758,0.633,-0.44,0.762,0.485,0.642,0.702,0.722,0.733,0.596,0.757,0.602,0.713,0.699,-0.348,0.769,0.809,0.795,0.635,0.621,0.692,0.763,0.722,0.664,0.702,0.774,0.707,0.733,0.566,0.597,0.553,0.772,0.678,0.429,0.746,0.625,0.596,0.795,0.629,0.742,0.671,0.704,0.666,0.686,0.716,0.837,0.687,0.591,0.688,0.718,0.762,-0.597,0.438,0.723,0.7,0.762,0.585,0.673,0.616,0.847,-0.175,0.746,-0.406,0.728,0.847,0.58,0.661,0.73,0.431,0.369,0.577,0.66,0.625,0.662,0.747,0.649,0.541,0.584,0.714,0.697,0.874,0.638,0.641,0.767,0.867,0.667,-0.273,0.61,0.25,0.745,0.638,0.688,0.672,0.804,0.773
BKR,0.668,0.62,0.776,0.73,0.794,0.894,0.572,0.541,0.72,0.533,0.799,0.646,0.455,0.91,0.749,0.899,0.787,0.547,0.361,0.745,0.042,0.886,0.741,0.66,0.779,0.821,0.711,1.0,0.708,0.685,0.705,0.404,0.676,0.905,0.681,0.665,0.928,0.804,0.84,0.73,0.214,0.636,0.581,0.842,0.837,0.78,0.87,0.806,0.709,0.827,0.808,0.735,0.626,0.628,0.791,0.702,0.91,0.788,0.462,0.741,0.557,0.791,0.663,0.752,0.821,0.869,0.689,0.876,0.768,0.596,0.807,0.423,0.747,0.777,0.771,0.742,0.92,0.712,0.886,0.81,0.758,0.802,0.865,0.782,0.827,0.758,0.675,0.546,0.825,0.777,0.551,0.848,0.769,0.66,0.875,0.849,0.798,0.775,0.659,0.812,0.601,0.77,0.68,0.795,0.635,0.695,0.776,-0.285,0.898,0.529,0.848,0.771,0.742,0.782,0.543,0.8,0.646,0.722,0.907,-0.029,0.899,0.651,0.848,0.866,0.647,0.704,0.874,0.876,0.672,0.743,0.839,0.752,0.83,0.804,0.699,0.846,0.899,0.808,0.616,0.872,0.9,0.537,0.733,0.877,0.643,0.846,0.8,0.698,0.709,0.759,0.718,0.51,0.673,0.85,0.725,0.761,-0.655,0.615,0.712,0.768,0.831,0.872,0.781,0.648,0.756,0.096,0.699,-0.251,0.843,0.729,0.632,0.846,0.842,0.54,0.351,0.585,0.783,0.751,0.798,0.647,0.75,0.825,0.667,0.914,0.754,0.76,0.866,0.717,0.752,0.721,0.727,-0.066,0.622,0.531,0.76,0.875,0.847,0.712,0.839,0.757
BLDP,0.781,0.606,0.695,0.725,0.627,0.626,0.673,0.743,0.738,0.61,0.666,0.802,0.417,0.785,0.485,0.736,0.793,0.21,0.568,0.758,-0.134,0.733,0.802,0.318,0.653,0.717,0.741,0.708,1.0,0.725,0.779,0.356,0.679,0.765,0.725,0.192,0.716,0.776,0.676,0.84,0.029,0.453,0.637,0.666,0.739,0.576,0.769,0.689,0.744,0.566,0.626,0.666,0.371,0.72,0.518,0.545,0.649,0.757,0.611,0.7,0.487,0.448,0.708,0.738,0.729,0.489,0.633,0.702,0.75,0.42,0.711,0.243,0.422,0.856,0.737,0.665,0.728,0.577,0.742,0.728,0.785,0.777,0.652,0.744,0.697,0.659,0.63,0.292,0.761,0.728,0.699,0.722,0.754,0.732,0.662,0.727,0.754,0.686,0.788,0.733,0.52,0.806,0.418,0.492,0.649,0.743,0.657,-0.293,0.755,0.35,0.598,0.69,0.591,0.655,0.403,0.744,0.498,0.756,0.728,-0.239,0.699,0.743,0.744,0.629,0.771,0.658,0.77,0.775,0.594,0.739,0.642,0.541,0.732,0.684,0.485,0.687,0.705,0.76,0.275,0.717,0.609,0.589,0.811,0.717,0.718,0.727,0.657,0.634,0.795,0.826,0.796,0.468,0.714,0.668,0.745,0.715,-0.587,0.465,0.769,0.712,0.725,0.554,0.592,0.716,0.799,-0.196,0.769,-0.337,0.721,0.769,0.652,0.583,0.796,0.307,0.527,0.61,0.566,0.794,0.826,0.603,0.601,0.567,0.787,0.81,0.758,0.737,0.677,0.543,0.718,0.71,0.735,-0.063,0.668,0.304,0.883,0.719,0.811,0.652,0.694,0.544
BLNK,0.663,0.586,0.798,0.652,0.409,0.579,0.724,0.67,0.682,0.518,0.584,0.708,0.205,0.712,0.476,0.751,0.622,0.139,0.65,0.672,0.018,0.743,0.667,0.25,0.577,0.603,0.607,0.685,0.725,1.0,0.684,0.105,0.815,0.814,0.554,0.254,0.728,0.815,0.63,0.628,0.033,0.368,0.502,0.579,0.641,0.451,0.821,0.719,0.671,0.538,0.58,0.804,0.198,0.64,0.5,0.426,0.639,0.78,0.83,0.635,0.581,0.465,0.727,0.802,0.772,0.446,0.409,0.646,0.439,0.363,0.841,0.196,0.309,0.672,0.633,0.791,0.699,0.481,0.678,0.642,0.706,0.756,0.689,0.643,0.594,0.68,0.422,0.576,0.688,0.836,0.741,0.847,0.749,0.689,0.577,0.693,0.714,0.612,0.704,0.767,0.262,0.763,0.318,0.659,0.644,0.663,0.522,-0.594,0.82,0.065,0.489,0.691,0.481,0.489,0.202,0.712,0.313,0.763,0.714,-0.005,0.75,0.565,0.689,0.725,0.77,0.48,0.824,0.687,0.479,0.772,0.628,0.451,0.746,0.701,0.404,0.636,0.666,0.869,0.152,0.594,0.609,0.509,0.868,0.556,0.658,0.646,0.587,0.659,0.769,0.822,0.722,0.282,0.859,0.586,0.877,0.71,-0.69,0.582,0.634,0.811,0.635,0.552,0.576,0.688,0.679,-0.431,0.725,-0.541,0.802,0.601,0.549,0.534,0.782,0.115,0.735,0.442,0.469,0.683,0.747,0.548,0.663,0.646,0.633,0.684,0.768,0.711,0.702,0.409,0.57,0.594,0.834,-0.312,0.781,0.026,0.729,0.741,0.79,0.737,0.669,0.426
BYND,0.725,0.603,0.754,0.757,0.567,0.684,0.582,0.57,0.756,0.691,0.699,0.736,0.45,0.786,0.4,0.805,0.664,0.264,0.537,0.906,-0.155,0.736,0.724,0.291,0.584,0.756,0.786,0.705,0.779,0.684,1.0,0.417,0.714,0.75,0.681,0.229,0.685,0.73,0.618,0.768,-0.008,0.468,0.572,0.749,0.768,0.65,0.767,0.764,0.686,0.612,0.712,0.592,0.321,0.735,0.643,0.543,0.701,0.789,0.532,0.705,0.46,0.449,0.655,0.693,0.808,0.484,0.656,0.642,0.618,0.471,0.644,0.171,0.491,0.793,0.749,0.703,0.727,0.574,0.789,0.803,0.806,0.772,0.593,0.78,0.707,0.725,0.686,0.299,0.738,0.75,0.641,0.723,0.741,0.692,0.665,0.765,0.771,0.678,0.737,0.843,0.611,0.732,0.411,0.558,0.628,0.804,0.618,-0.464,0.813,0.356,0.606,0.764,0.671,0.735,0.502,0.876,0.674,0.763,0.768,-0.258,0.712,0.767,0.798,0.681,0.726,0.787,0.792,0.706,0.535,0.787,0.675,0.58,0.787,0.598,0.504,0.616,0.73,0.678,0.238,0.725,0.625,0.545,0.751,0.641,0.601,0.749,0.701,0.712,0.738,0.821,0.818,0.571,0.658,0.707,0.691,0.633,-0.558,0.46,0.907,0.742,0.712,0.534,0.75,0.64,0.782,-0.199,0.692,-0.38,0.721,0.791,0.607,0.584,0.83,0.377,0.419,0.575,0.585,0.807,0.697,0.738,0.719,0.531,0.666,0.793,0.822,0.695,0.7,0.657,0.709,0.671,0.705,-0.249,0.587,0.202,0.896,0.681,0.786,0.599,0.742,0.58
CAN,0.253,0.03,0.328,0.456,0.447,0.418,-0.076,-0.084,0.414,0.414,0.466,0.234,0.507,0.516,0.268,0.415,0.315,0.514,-0.057,0.458,0.247,0.362,0.357,0.494,0.175,0.538,0.556,0.404,0.356,0.105,0.417,1.0,0.24,0.319,0.515,0.442,0.381,0.155,0.297,0.457,-0.296,0.697,0.47,0.68,0.448,0.666,0.293,0.33,0.223,0.548,0.553,0.212,0.207,0.556,0.638,0.553,0.567,0.347,-0.047,0.372,0.245,0.527,0.072,0.174,0.386,0.428,0.409,0.321,0.465,0.524,0.123,0.362,0.663,0.436,0.508,0.202,0.487,0.389,0.506,0.495,0.397,0.239,0.319,0.526,0.507,0.379,0.713,0.171,0.328,0.302,0.092,0.339,0.241,0.241,0.382,0.378,0.241,0.411,0.308,0.354,0.703,0.266,0.448,0.467,0.028,0.382,0.555,0.267,0.392,0.709,0.56,0.336,0.575,0.596,0.811,0.47,0.636,0.353,0.454,-0.091,0.452,0.599,0.378,0.322,0.149,0.456,0.31,0.387,0.458,0.34,0.572,0.527,0.453,0.206,0.68,0.227,0.538,0.132,0.588,0.577,0.513,0.161,0.239,0.46,0.219,0.514,0.287,0.449,0.249,0.284,0.433,0.789,0.091,0.464,0.103,0.277,-0.156,0.267,0.318,0.377,0.483,0.368,0.558,0.23,0.468,0.288,0.256,0.214,0.45,0.476,0.425,0.568,0.389,0.539,-0.197,0.546,0.42,0.262,0.21,0.546,0.318,0.094,0.112,0.44,0.369,0.381,0.296,0.672,0.489,0.459,0.156,0.248,-0.064,0.356,0.351,0.185,0.348,0.063,0.571,0.687
