,AAL,AAPL,ABUS,ADBE,ADI,ADMA,AEP,AGNC,AKBA,ALT,AMAT,AMD,AMGN,AMZN,APA,APPS,ARCC,ARDX,ATER,ATOS,AUPH,AVGO,AZN,BCRX,BGC,BIDU,BILI,BKR,BLDP,BLNK,BYND,CAN,CELH,CG,CGC,CHRD,CLNE,CMCSA,COMM,COST,CPB,CPRT,CRON,CRWD,CSCO,CSGP,CSX,CTSH,CZR,DBX,DDOG,DKNG,DLTR,DOCU,DVAX,DXCM,EA,EBAY,ENPH,ERIC,ESPR,ETSY,EXC,EXEL,EXPE,FANG,FAST,FITB,FLEX,FOLD,FOXA,FSLR,FTNT,FUTU,GEN,GERN,GEVO,GILD,GOOG,GOOGL,GPRO,GT,HBAN,HIVE,HON,HST,HUT,IBRX,INTC,IOVA,IQ,IRWD,JBLU,JD,KDP,KHC,LBTYK,LRCX,LYFT,MAR,MARA,MAT,MCHP,MCRB,MDLZ,META,MGNI,MLCO,MNKD,MNST,MOMO,MRNA,MRVL,MSFT,MSTR,MTCH,MU,MVIS,NDAQ,NFLX,NKTR,NNDM,NTES,NTNX,NVAX,NVDA,NWL,NWSA,NXPI,OCGN,OKTA,ON,OPK,PAA,PACB,PAGP,PANW,PARA,PCAR,PDD,PENN,PEP,PLUG,PTEN,PTON,PYPL,QCOM,QUBT,QVCGA,RDFN,REAL,RIOT,ROKU,ROST,RUN,SABR,SAVA,SBUX,SFIX,SGMO,SIRI,SLM,SMCI,SNDL,SONO,STNE,STX,TCOM,TGTX,TIGR,TLRY,TMUS,TRIP,TSCO,TSLA,TTD,TXN,UAL,UNIT,VERU,VKTX,VLY,VOD,VTRS,VXRT,WBA,WBD,WDAY,WDC,WEN,WW,WYNN,XEL,XP,XRAY,XRX,Z,ZION,ZM,ZS
AAL,1.0,0.629,0.483,0.652,0.55,0.298,0.491,0.38,0.084,0.384,0.415,0.57,0.041,0.584,-0.369,0.706,0.645,0.578,0.639,0.67,-0.182,0.563,-0.046,0.642,0.615,0.005,0.028,0.25,0.561,0.62,0.46,0.214,0.406,-0.174,0.733,0.365,0.53,-0.191,0.528,0.371,0.481,0.584,0.475,0.665,0.475,0.524,0.649,0.434,0.613,0.632,0.666,0.603,0.353,0.801,0.397,0.526,0.074,0.288,0.446,0.659,0.419,0.646,0.244,-0.377,0.519,0.18,0.698,0.768,0.565,0.628,0.262,0.505,-0.58,-0.198,-0.192,0.495,0.687,0.573,0.77,0.756,0.514,0.551,0.76,0.693,0.509,0.57,0.749,0.417,-0.387,0.49,-0.146,-0.103,0.689,-0.451,0.527,0.458,0.482,0.477,0.618,0.495,0.77,0.38,0.525,0.65,0.307,0.676,0.655,-0.221,0.799,-0.623,0.346,0.45,0.389,0.59,0.788,-0.384,0.384,0.663,0.627,0.65,0.607,0.579,-0.296,0.714,-0.41,0.419,0.398,0.478,0.219,0.698,0.636,0.478,0.351,0.489,0.635,0.483,0.531,0.443,0.415,-0.305,0.483,0.416,0.617,-0.13,0.689,0.605,0.021,0.63,0.622,0.57,0.615,0.775,0.139,0.633,0.55,0.641,0.172,0.673,0.656,0.65,0.589,-0.155,0.661,0.278,-0.347,0.602,0.667,0.067,0.502,-0.118,0.769,0.619,0.599,0.587,0.416,0.653,0.583,0.925,0.297,0.411,0.544,0.564,0.044,0.562,0.624,0.446,-0.492,0.584,0.21,0.294,0.152,0.672,0.611,0.193,0.471,0.629,0.674,0.581,0.495,0.67
AAPL,0.629,1.0,0.189,0.823,0.901,0.23,0.896,0.749,-0.219,0.504,0.649,0.745,0.267,0.914,-0.162,0.747,0.796,0.611,0.527,0.462,-0.51,0.834,0.181,0.605,0.684,-0.227,-0.272,0.174,0.772,0.813,0.177,0.047,0.638,0.163,0.569,0.709,0.726,-0.286,0.836,0.616,0.851,0.8,0.337,0.661,0.83,0.829,0.755,0.545,0.796,0.787,0.734,0.678,-0.0,0.717,0.354,0.807,0.443,0.689,0.819,0.699,0.213,0.866,0.616,-0.534,0.64,0.538,0.908,0.639,0.85,0.499,0.36,0.903,-0.622,-0.52,-0.119,0.562,0.786,0.633,0.817,0.815,0.764,0.731,0.791,0.866,0.889,0.747,0.735,0.243,-0.485,0.171,-0.469,-0.02,0.598,-0.595,0.833,0.313,0.696,0.782,0.666,0.764,0.77,0.225,0.813,0.798,0.679,0.426,0.609,-0.445,0.591,-0.533,0.249,0.497,0.526,0.883,0.766,-0.4,0.376,0.722,0.79,0.735,0.726,0.52,-0.49,0.736,-0.53,0.531,0.681,0.628,0.535,0.577,0.593,0.815,0.132,0.855,0.635,0.683,0.434,0.335,0.741,-0.472,0.612,0.828,0.848,0.262,0.617,0.83,-0.113,0.613,0.666,0.54,0.368,0.737,-0.118,0.649,0.839,0.767,-0.175,0.818,0.55,0.6,0.813,-0.335,0.751,-0.059,-0.351,0.689,0.517,-0.168,0.468,-0.512,0.559,0.793,0.657,0.092,0.687,0.697,0.865,0.43,0.692,0.202,0.399,0.827,-0.303,0.535,0.343,0.793,-0.316,0.857,0.18,0.576,0.09,0.73,0.792,0.359,0.566,0.795,0.549,0.745,0.444,0.629
ABUS,0.483,0.189,1.0,0.387,0.05,0.325,0.041,-0.23,0.702,0.309,0.149,0.29,0.037,0.137,-0.447,0.471,0.244,0.531,0.604,0.535,0.279,0.147,-0.099,0.587,0.607,0.522,0.486,-0.054,0.179,0.137,0.536,0.471,0.015,-0.441,0.421,-0.007,0.218,0.241,0.124,-0.131,-0.08,0.092,0.296,0.475,0.032,-0.09,0.014,0.335,0.289,0.375,0.401,0.446,0.168,0.459,0.431,0.273,-0.027,0.017,-0.086,0.105,0.595,0.067,-0.166,-0.092,0.32,-0.116,0.143,0.334,0.115,0.607,0.281,0.051,-0.217,0.245,0.086,0.495,0.314,0.501,0.224,0.19,0.245,0.261,0.253,0.306,-0.007,0.321,0.318,0.799,0.118,0.72,0.341,0.275,0.622,0.122,-0.105,0.345,-0.048,0.117,0.467,-0.081,0.387,0.095,0.246,0.303,-0.267,0.601,0.624,0.244,0.414,-0.395,0.55,0.609,0.13,0.015,0.521,-0.028,0.198,0.425,0.065,0.203,0.477,0.55,0.094,0.399,-0.08,0.054,0.062,0.172,-0.203,0.534,0.606,0.12,0.381,0.121,0.349,0.221,0.306,0.598,-0.091,0.218,0.342,-0.052,0.201,-0.594,0.48,0.326,0.289,0.356,0.312,0.516,0.566,0.384,0.587,0.419,0.081,0.481,0.4,0.359,0.467,0.56,-0.004,0.07,0.169,0.517,-0.189,0.496,0.324,0.435,0.472,0.393,0.508,-0.108,0.375,0.323,-0.136,0.369,0.03,0.481,0.106,0.381,0.713,0.049,0.168,0.3,0.697,0.092,-0.302,0.206,0.065,-0.029,0.189,0.303,0.037,-0.014,0.356,0.064,0.519,0.094,0.463,0.465
ADBE,0.652,0.823,0.387,1.0,0.784,0.174,0.766,0.653,-0.012,0.445,0.618,0.722,0.201,0.809,-0.24,0.786,0.708,0.741,0.685,0.632,-0.277,0.823,-0.022,0.784,0.82,-0.159,-0.217,0.151,0.737,0.683,0.429,0.087,0.555,-0.049,0.677,0.663,0.701,-0.316,0.787,0.58,0.691,0.74,0.441,0.828,0.762,0.724,0.67,0.486,0.797,0.75,0.861,0.766,0.142,0.732,0.486,0.699,0.233,0.608,0.687,0.688,0.266,0.79,0.51,-0.519,0.71,0.45,0.813,0.693,0.746,0.688,0.279,0.741,-0.513,-0.46,-0.119,0.686,0.778,0.651,0.805,0.813,0.75,0.739,0.713,0.818,0.73,0.719,0.773,0.368,-0.532,0.329,-0.39,-0.088,0.61,-0.58,0.659,0.394,0.612,0.609,0.785,0.65,0.809,0.247,0.729,0.806,0.613,0.477,0.729,-0.348,0.637,-0.624,0.216,0.562,0.501,0.795,0.866,-0.418,0.294,0.713,0.797,0.767,0.768,0.606,-0.446,0.768,-0.547,0.471,0.576,0.651,0.427,0.667,0.706,0.629,0.226,0.778,0.609,0.734,0.601,0.493,0.701,-0.494,0.649,0.705,0.792,0.079,0.724,0.769,-0.109,0.657,0.695,0.641,0.497,0.792,-0.07,0.668,0.748,0.75,-0.042,0.77,0.628,0.72,0.74,-0.349,0.697,0.189,-0.367,0.806,0.532,-0.156,0.55,-0.438,0.694,0.69,0.743,0.209,0.538,0.727,0.763,0.482,0.586,0.21,0.527,0.796,-0.168,0.583,0.527,0.617,-0.339,0.792,0.192,0.52,0.108,0.666,0.723,0.356,0.618,0.793,0.674,0.682,0.529,0.763
ADI,0.55,0.901,0.05,0.784,1.0,0.186,0.836,0.738,-0.346,0.376,0.787,0.674,0.177,0.839,-0.194,0.756,0.716,0.522,0.468,0.433,-0.515,0.904,0.099,0.521,0.59,-0.321,-0.368,0.15,0.765,0.78,0.086,-0.059,0.692,0.306,0.495,0.676,0.643,-0.389,0.8,0.665,0.799,0.807,0.445,0.555,0.824,0.888,0.748,0.414,0.729,0.716,0.678,0.596,-0.063,0.667,0.278,0.796,0.499,0.617,0.864,0.694,-0.022,0.862,0.54,-0.402,0.531,0.456,0.845,0.536,0.809,0.378,0.219,0.818,-0.616,-0.559,-0.086,0.59,0.691,0.515,0.809,0.832,0.687,0.673,0.656,0.762,0.834,0.639,0.671,0.069,-0.545,0.088,-0.57,-0.155,0.412,-0.509,0.809,0.194,0.637,0.827,0.575,0.731,0.668,0.187,0.831,0.769,0.736,0.274,0.526,-0.486,0.559,-0.463,0.127,0.475,0.638,0.91,0.653,-0.5,0.459,0.643,0.781,0.679,0.617,0.446,-0.552,0.648,-0.33,0.612,0.558,0.596,0.674,0.605,0.521,0.775,-0.01,0.784,0.553,0.624,0.356,0.199,0.762,-0.539,0.539,0.78,0.783,0.309,0.548,0.755,-0.11,0.512,0.548,0.377,0.323,0.687,-0.231,0.534,0.785,0.607,-0.279,0.691,0.481,0.475,0.75,-0.397,0.7,-0.133,-0.231,0.606,0.505,-0.204,0.341,-0.601,0.532,0.85,0.562,-0.013,0.678,0.58,0.925,0.349,0.619,0.139,0.21,0.786,-0.376,0.432,0.232,0.65,-0.154,0.81,0.154,0.6,0.073,0.722,0.729,0.443,0.466,0.826,0.443,0.717,0.54,0.52
ADMA,0.298,0.23,0.325,0.174,0.186,1.0,0.249,0.132,0.34,0.735,0.276,0.04,0.373,0.05,-0.044,0.304,0.304,0.438,0.562,0.524,0.122,0.149,0.303,0.297,0.249,0.196,0.302,0.325,0.166,0.467,0.215,0.473,0.03,-0.22,0.488,0.292,0.238,0.238,0.113,0.027,0.087,0.1,0.071,0.35,0.349,0.028,0.203,0.362,0.177,0.296,0.14,0.396,0.085,0.292,0.165,0.151,-0.05,0.044,-0.042,0.005,0.523,0.22,0.148,-0.406,0.469,0.257,0.188,0.534,0.442,0.261,0.709,0.182,-0.144,0.217,-0.349,0.268,0.298,0.495,0.169,0.175,0.151,0.56,0.447,0.446,0.222,0.345,0.557,0.492,0.103,0.505,0.163,0.198,0.506,-0.063,0.099,0.378,0.247,0.153,0.126,0.081,0.442,0.287,0.238,0.219,-0.097,0.46,0.46,0.323,-0.007,-0.204,0.571,-0.024,0.022,0.143,0.238,0.004,0.507,0.058,0.182,0.359,0.248,0.561,0.115,0.298,-0.245,0.258,0.46,0.284,0.218,0.384,0.2,0.303,0.408,0.293,0.604,0.302,0.325,0.571,0.124,0.166,0.348,0.055,0.328,-0.296,0.549,0.155,0.354,0.428,0.235,0.421,0.283,0.407,0.325,0.482,0.136,0.266,0.262,0.275,0.464,0.574,-0.029,0.238,0.295,0.489,-0.471,0.258,0.371,0.304,0.568,0.318,0.298,-0.056,0.357,0.367,-0.022,0.499,0.017,0.299,0.178,0.917,0.467,0.292,0.103,0.499,0.403,0.331,-0.333,0.408,0.437,0.144,0.204,0.384,0.016,-0.242,0.381,0.296,0.401,0.483,0.12,0.458
AEP,0.491,0.896,0.041,0.766,0.836,0.249,1.0,0.777,-0.283,0.523,0.51,0.642,0.45,0.858,-0.048,0.6,0.85,0.6,0.509,0.373,-0.531,0.751,0.342,0.624,0.626,-0.298,-0.343,0.158,0.677,0.736,0.124,-0.013,0.579,0.103,0.511,0.796,0.727,-0.269,0.789,0.58,0.926,0.695,0.178,0.584,0.84,0.767,0.704,0.48,0.669,0.766,0.684,0.685,-0.125,0.575,0.371,0.775,0.404,0.637,0.738,0.578,0.234,0.772,0.655,-0.58,0.672,0.648,0.877,0.59,0.815,0.521,0.407,0.89,-0.58,-0.562,-0.264,0.58,0.692,0.59,0.695,0.695,0.733,0.76,0.752,0.86,0.834,0.733,0.7,0.165,-0.46,0.085,-0.532,0.056,0.467,-0.62,0.778,0.297,0.666,0.631,0.64,0.746,0.678,0.056,0.676,0.781,0.751,0.267,0.54,-0.399,0.478,-0.518,0.267,0.332,0.33,0.807,0.643,-0.464,0.249,0.569,0.756,0.697,0.663,0.39,-0.497,0.659,-0.628,0.391,0.689,0.628,0.497,0.474,0.355,0.756,0.088,0.915,0.642,0.77,0.396,0.348,0.8,-0.477,0.576,0.818,0.785,0.276,0.564,0.689,-0.214,0.59,0.681,0.548,0.247,0.642,-0.147,0.591,0.771,0.712,-0.252,0.687,0.49,0.568,0.712,-0.375,0.714,-0.097,-0.39,0.658,0.393,-0.194,0.487,-0.559,0.436,0.741,0.686,0.002,0.614,0.655,0.751,0.293,0.592,0.224,0.313,0.852,-0.317,0.577,0.25,0.807,-0.312,0.809,0.129,0.554,-0.013,0.637,0.787,0.315,0.546,0.79,0.473,0.741,0.289,0.564
AGNC,0.38,0.749,-0.23,0.653,0.738,0.132,0.777,1.0,-0.338,0.331,0.451,0.544,0.271,0.743,0.213,0.456,0.663,0.372,0.309,0.262,-0.446,0.689,0.191,0.39,0.385,-0.357,-0.383,0.371,0.615,0.646,0.008,-0.014,0.469,0.218,0.416,0.668,0.587,-0.349,0.722,0.663,0.8,0.612,0.129,0.526,0.798,0.824,0.649,0.31,0.603,0.577,0.58,0.428,0.035,0.396,0.096,0.528,0.338,0.679,0.77,0.566,0.028,0.792,0.728,-0.631,0.599,0.638,0.811,0.528,0.725,0.296,0.242,0.763,-0.378,-0.524,-0.284,0.325,0.582,0.374,0.71,0.738,0.543,0.574,0.648,0.675,0.824,0.645,0.608,-0.055,-0.468,-0.061,-0.553,-0.043,0.386,-0.724,0.738,0.165,0.689,0.558,0.435,0.797,0.633,0.357,0.545,0.649,0.799,0.183,0.299,-0.47,0.276,-0.323,0.059,0.064,0.353,0.861,0.55,-0.282,0.221,0.428,0.781,0.684,0.504,0.265,-0.347,0.56,-0.56,0.432,0.764,0.524,0.662,0.329,0.261,0.608,0.058,0.791,0.464,0.663,0.43,0.191,0.828,-0.57,0.473,0.745,0.682,0.521,0.377,0.584,-0.268,0.4,0.544,0.371,0.092,0.563,-0.363,0.536,0.761,0.484,-0.306,0.644,0.351,0.38,0.751,-0.284,0.531,-0.159,-0.397,0.51,0.407,-0.349,0.292,-0.516,0.33,0.78,0.496,0.139,0.573,0.481,0.761,0.241,0.546,0.117,0.168,0.83,-0.227,0.497,0.074,0.714,-0.273,0.659,0.27,0.53,-0.008,0.456,0.743,0.17,0.501,0.809,0.298,0.74,0.11,0.526
AKBA,0.084,-0.219,0.702,-0.012,-0.346,0.34,-0.283,-0.338,1.0,0.188,-0.185,-0.105,0.086,-0.243,-0.164,0.046,-0.062,0.141,0.335,0.237,0.551,-0.277,-0.076,0.221,0.161,0.658,0.631,0.006,-0.252,-0.245,0.369,0.639,-0.348,-0.523,0.143,-0.296,-0.161,0.524,-0.245,-0.385,-0.394,-0.286,-0.012,0.133,-0.203,-0.435,-0.338,0.218,-0.106,0.075,0.018,0.055,0.239,-0.02,0.117,-0.128,-0.145,-0.196,-0.478,-0.261,0.528,-0.305,-0.312,-0.021,0.118,-0.252,-0.228,0.085,-0.22,0.283,0.323,-0.318,0.207,0.505,0.007,0.082,-0.087,0.205,-0.179,-0.201,-0.142,-0.086,-0.012,-0.023,-0.327,0.071,0.024,0.625,0.538,0.624,0.604,0.441,0.407,0.305,-0.472,0.221,-0.208,-0.245,0.044,-0.318,0.065,0.194,-0.204,-0.119,-0.534,0.443,0.286,0.518,-0.121,0.04,0.501,0.095,-0.158,-0.34,0.096,0.325,0.113,0.025,-0.262,-0.053,0.035,0.274,0.511,0.044,0.056,-0.142,0.018,-0.106,-0.216,0.122,0.233,-0.23,0.427,-0.19,0.029,-0.052,0.154,0.504,-0.401,0.487,0.066,-0.38,-0.194,-0.626,0.125,-0.165,0.463,-0.012,-0.017,0.289,0.234,-0.013,0.674,0.176,-0.302,0.045,0.489,-0.021,0.161,0.232,-0.339,0.443,-0.2,0.518,-0.213,0.062,0.082,0.522,0.291,0.708,0.11,-0.489,0.053,0.374,-0.418,0.087,-0.389,0.186,-0.234,0.372,0.513,-0.216,0.427,0.14,0.45,-0.096,-0.201,-0.197,0.207,-0.322,0.154,-0.13,-0.336,-0.411,0.196,-0.24,0.241,-0.123,0.062,0.19
ALT,0.384,0.504,0.309,0.445,0.376,0.735,0.523,0.331,0.188,1.0,0.349,0.321,0.423,0.3,-0.066,0.406,0.521,0.607,0.607,0.555,-0.129,0.391,0.476,0.467,0.524,-0.027,0.061,0.266,0.251,0.576,0.218,0.235,0.216,-0.2,0.577,0.474,0.388,0.044,0.433,0.218,0.329,0.313,0.12,0.434,0.519,0.243,0.409,0.474,0.436,0.42,0.33,0.601,0.029,0.48,0.311,0.33,0.066,0.262,0.191,0.199,0.53,0.419,0.449,-0.585,0.617,0.439,0.421,0.611,0.532,0.402,0.586,0.396,-0.321,-0.182,-0.327,0.412,0.454,0.612,0.377,0.358,0.397,0.669,0.576,0.568,0.455,0.522,0.646,0.405,-0.158,0.405,-0.093,0.126,0.584,-0.408,0.318,0.373,0.398,0.256,0.363,0.374,0.536,0.237,0.486,0.476,0.244,0.397,0.538,0.122,0.204,-0.372,0.371,0.136,0.052,0.37,0.471,-0.026,0.39,0.126,0.458,0.557,0.471,0.506,-0.046,0.461,-0.517,0.282,0.583,0.458,0.336,0.373,0.324,0.542,0.308,0.467,0.578,0.518,0.367,0.535,0.36,-0.12,0.55,0.447,0.474,-0.151,0.714,0.461,0.131,0.626,0.465,0.55,0.279,0.499,0.109,0.638,0.313,0.519,0.123,0.58,0.534,0.669,0.195,-0.025,0.524,0.379,-0.592,0.518,0.333,-0.014,0.644,-0.059,0.386,0.211,0.54,0.306,0.258,0.585,0.264,0.324,0.466,0.714,0.604,0.478,-0.027,0.599,0.389,0.6,-0.469,0.647,0.325,0.272,0.147,0.445,0.338,-0.082,0.486,0.52,0.452,0.626,0.093,0.513
AMAT,0.415,0.649,0.149,0.618,0.787,0.276,0.51,0.451,-0.185,0.349,1.0,0.659,-0.01,0.593,-0.221,0.738,0.382,0.486,0.466,0.478,-0.399,0.806,-0.009,0.4,0.546,-0.263,-0.233,0.156,0.679,0.685,0.022,-0.075,0.742,0.502,0.477,0.52,0.453,-0.456,0.604,0.541,0.438,0.776,0.67,0.484,0.566,0.611,0.584,0.221,0.709,0.508,0.529,0.518,-0.138,0.604,0.128,0.615,0.441,0.525,0.617,0.599,-0.116,0.582,0.394,-0.179,0.477,0.321,0.511,0.422,0.624,0.223,0.091,0.581,-0.402,-0.392,0.107,0.621,0.531,0.409,0.572,0.598,0.643,0.562,0.449,0.544,0.571,0.461,0.556,0.065,-0.488,0.099,-0.387,-0.298,0.369,-0.19,0.609,-0.054,0.496,0.862,0.463,0.478,0.539,0.19,0.808,0.475,0.47,0.12,0.523,-0.352,0.533,-0.185,0.066,0.54,0.823,0.639,0.544,-0.341,0.701,0.564,0.575,0.557,0.497,0.563,-0.476,0.498,0.08,0.798,0.268,0.45,0.687,0.586,0.515,0.76,0.01,0.515,0.413,0.445,0.329,0.154,0.53,-0.398,0.556,0.569,0.625,0.157,0.531,0.628,-0.015,0.449,0.367,0.257,0.286,0.629,-0.23,0.417,0.571,0.513,-0.328,0.592,0.367,0.471,0.518,-0.382,0.589,-0.049,-0.137,0.436,0.44,-0.099,0.246,-0.333,0.525,0.555,0.395,-0.042,0.642,0.456,0.705,0.288,0.562,0.184,0.074,0.519,-0.455,0.24,0.22,0.439,0.142,0.625,0.317,0.655,0.312,0.717,0.552,0.494,0.255,0.604,0.413,0.437,0.574,0.407
AMD,0.57,0.745,0.29,0.722,0.674,0.04,0.642,0.544,-0.105,0.321,0.659,1.0,-0.031,0.782,-0.139,0.7,0.53,0.597,0.537,0.36,-0.471,0.742,0.015,0.693,0.772,-0.269,-0.252,0.053,0.737,0.664,0.222,-0.209,0.762,0.314,0.466,0.595,0.679,-0.563,0.842,0.589,0.605,0.811,0.497,0.677,0.551,0.69,0.642,0.262,0.849,0.61,0.811,0.706,-0.161,0.63,0.308,0.687,0.401,0.71,0.734,0.704,0.112,0.639,0.58,-0.353,0.656,0.518,0.707,0.424,0.609,0.539,-0.061,0.716,-0.443,-0.531,0.091,0.752,0.688,0.379,0.665,0.657,0.836,0.578,0.583,0.597,0.684,0.726,0.495,0.104,-0.611,0.1,-0.48,-0.18,0.552,-0.469,0.669,0.011,0.5,0.789,0.813,0.681,0.605,0.188,0.795,0.662,0.605,0.194,0.575,-0.618,0.74,-0.391,0.047,0.688,0.671,0.682,0.769,-0.267,0.388,0.739,0.643,0.587,0.701,0.576,-0.554,0.711,-0.299,0.628,0.322,0.458,0.484,0.6,0.55,0.785,0.046,0.656,0.546,0.695,0.465,0.199,0.649,-0.518,0.734,0.725,0.695,0.189,0.55,0.848,-0.27,0.561,0.687,0.506,0.33,0.681,-0.23,0.57,0.731,0.801,-0.302,0.814,0.449,0.555,0.699,-0.587,0.654,-0.2,-0.163,0.709,0.403,-0.227,0.307,-0.347,0.565,0.638,0.601,-0.042,0.708,0.468,0.77,0.405,0.62,0.038,0.247,0.67,-0.468,0.344,0.34,0.578,-0.053,0.614,0.207,0.665,0.241,0.715,0.808,0.518,0.43,0.613,0.505,0.413,0.465,0.553
AMGN,0.041,0.267,0.037,0.201,0.177,0.373,0.45,0.271,0.086,0.423,-0.01,-0.031,1.0,0.096,0.118,0.129,0.427,0.364,0.289,0.151,-0.168,0.212,0.569,0.273,0.216,0.079,0.06,0.127,0.076,0.183,-0.041,0.178,-0.024,-0.214,0.301,0.422,0.27,0.225,0.194,-0.011,0.344,0.046,-0.298,0.184,0.409,0.159,0.25,0.275,0.103,0.326,0.085,0.335,-0.27,0.17,0.238,0.213,0.224,0.123,0.082,0.067,0.337,0.198,0.324,-0.403,0.429,0.372,0.196,0.348,0.369,0.316,0.553,0.285,-0.201,-0.135,-0.328,0.167,0.145,0.457,0.053,0.064,0.229,0.412,0.351,0.36,0.293,0.34,0.357,0.266,0.058,0.237,-0.015,0.487,0.216,-0.184,0.244,0.223,0.05,-0.095,0.145,0.277,0.289,-0.149,0.1,0.281,0.237,0.113,0.263,0.289,-0.062,-0.169,0.432,-0.169,-0.226,0.197,0.137,-0.195,-0.083,-0.106,0.231,0.37,0.314,0.108,0.056,0.148,-0.483,-0.039,0.45,0.369,0.08,0.146,-0.058,0.192,0.363,0.442,0.391,0.371,0.041,0.324,0.34,0.086,0.198,0.242,0.278,-0.002,0.264,0.147,0.009,0.314,0.264,0.36,0.056,0.211,0.085,0.247,0.155,0.24,-0.056,0.129,0.213,0.425,-0.008,0.106,0.318,0.079,-0.342,0.303,-0.086,0.074,0.549,-0.033,0.069,0.13,0.381,-0.052,0.025,0.444,0.041,-0.053,0.253,0.31,0.279,0.324,-0.133,0.442,0.275,0.447,-0.314,0.397,0.036,0.062,-0.151,0.138,0.221,-0.141,0.328,0.293,0.244,0.418,-0.149,0.254
AMZN,0.584,0.914,0.137,0.809,0.839,0.05,0.858,0.743,-0.243,0.3,0.593,0.782,0.096,1.0,-0.14,0.677,0.713,0.534,0.477,0.351,-0.459,0.765,0.019,0.591,0.649,-0.291,-0.34,0.149,0.753,0.72,0.203,-0.009,0.653,0.272,0.507,0.645,0.684,-0.401,0.764,0.727,0.851,0.79,0.424,0.669,0.756,0.778,0.656,0.467,0.768,0.737,0.795,0.609,0.09,0.649,0.307,0.783,0.415,0.722,0.784,0.722,0.102,0.772,0.522,-0.43,0.569,0.472,0.896,0.51,0.741,0.467,0.168,0.87,-0.514,-0.504,-0.026,0.57,0.708,0.49,0.783,0.779,0.777,0.629,0.698,0.819,0.77,0.683,0.632,0.159,-0.539,0.091,-0.526,-0.164,0.499,-0.578,0.77,0.181,0.729,0.791,0.682,0.71,0.679,0.194,0.715,0.702,0.705,0.321,0.516,-0.569,0.616,-0.498,0.168,0.544,0.57,0.831,0.748,-0.439,0.298,0.826,0.742,0.643,0.649,0.482,-0.542,0.724,-0.437,0.528,0.538,0.481,0.48,0.537,0.56,0.754,0.023,0.801,0.527,0.631,0.504,0.284,0.727,-0.533,0.585,0.777,0.765,0.278,0.55,0.751,-0.218,0.517,0.651,0.459,0.336,0.674,-0.156,0.607,0.813,0.753,-0.253,0.763,0.504,0.457,0.841,-0.447,0.651,-0.093,-0.191,0.662,0.48,-0.177,0.293,-0.538,0.558,0.754,0.564,0.083,0.702,0.543,0.838,0.415,0.588,0.058,0.244,0.773,-0.245,0.385,0.265,0.706,-0.183,0.733,0.142,0.574,0.128,0.645,0.799,0.453,0.46,0.719,0.462,0.583,0.506,0.597
APA,-0.369,-0.162,-0.447,-0.24,-0.194,-0.044,-0.048,0.213,-0.164,-0.066,-0.221,-0.139,0.118,-0.14,1.0,-0.395,-0.171,-0.319,-0.277,-0.427,-0.03,-0.151,0.135,-0.267,-0.321,-0.265,-0.25,0.579,-0.249,-0.22,-0.3,-0.078,-0.171,0.14,-0.225,0.242,-0.174,-0.111,0.004,-0.073,0.039,-0.102,-0.377,-0.111,0.003,-0.03,-0.211,-0.329,-0.187,-0.256,-0.091,-0.303,-0.164,-0.449,-0.381,-0.343,-0.097,0.314,-0.055,-0.252,-0.21,-0.204,0.302,-0.096,0.111,0.384,-0.188,-0.164,-0.132,-0.275,-0.031,-0.084,0.601,-0.069,-0.051,-0.3,-0.261,-0.289,-0.196,-0.169,-0.095,-0.193,-0.15,-0.191,-0.131,-0.054,-0.194,-0.39,0.146,-0.281,-0.171,-0.1,-0.312,-0.145,-0.059,-0.264,-0.02,-0.147,-0.326,-0.018,-0.159,0.201,-0.188,-0.228,0.135,-0.378,-0.306,-0.092,-0.448,0.497,-0.25,-0.474,-0.079,-0.116,-0.258,0.354,-0.078,-0.319,-0.157,-0.133,-0.25,-0.173,0.192,-0.437,-0.043,-0.103,0.134,-0.17,0.13,-0.314,-0.444,-0.117,0.06,0.038,-0.207,0.096,0.045,-0.13,0.046,-0.078,0.031,0.069,-0.232,0.682,-0.324,-0.154,-0.268,-0.359,-0.305,-0.222,-0.456,-0.217,-0.343,-0.323,-0.112,-0.304,-0.17,-0.111,-0.353,-0.212,-0.044,-0.004,-0.266,-0.349,-0.131,-0.261,-0.12,-0.345,-0.217,0.01,-0.402,-0.073,-0.24,-0.078,-0.105,-0.242,-0.12,-0.247,0.149,-0.102,-0.247,0.072,-0.121,-0.108,-0.363,0.099,0.221,-0.228,0.31,0.028,0.159,-0.336,-0.044,-0.265,-0.126,-0.136,-0.239,-0.075,-0.53,-0.202
APPS,0.706,0.747,0.471,0.786,0.756,0.304,0.6,0.456,0.046,0.406,0.738,0.7,0.129,0.677,-0.395,1.0,0.604,0.762,0.762,0.712,-0.291,0.77,-0.1,0.759,0.831,-0.156,-0.132,0.095,0.752,0.749,0.456,0.053,0.73,0.102,0.726,0.579,0.749,-0.312,0.67,0.516,0.547,0.752,0.602,0.726,0.623,0.629,0.677,0.433,0.768,0.805,0.774,0.764,0.094,0.847,0.489,0.745,0.285,0.51,0.632,0.66,0.326,0.719,0.366,-0.311,0.643,0.341,0.676,0.635,0.73,0.678,0.281,0.701,-0.585,-0.435,-0.113,0.706,0.778,0.612,0.698,0.705,0.748,0.732,0.664,0.733,0.645,0.665,0.691,0.409,-0.509,0.467,-0.332,-0.099,0.612,-0.382,0.65,0.353,0.496,0.718,0.761,0.545,0.746,0.234,0.777,0.676,0.414,0.49,0.824,-0.311,0.713,-0.529,0.262,0.622,0.64,0.69,0.779,-0.446,0.492,0.679,0.645,0.688,0.766,0.674,-0.487,0.725,-0.247,0.592,0.432,0.735,0.358,0.794,0.746,0.674,0.365,0.651,0.664,0.611,0.528,0.525,0.514,-0.445,0.684,0.528,0.763,-0.086,0.729,0.738,-0.016,0.708,0.707,0.693,0.702,0.79,0.01,0.65,0.699,0.761,0.007,0.653,0.746,0.713,0.614,-0.301,0.707,0.178,-0.263,0.74,0.534,-0.067,0.63,-0.329,0.806,0.609,0.737,0.198,0.54,0.688,0.711,0.537,0.555,0.308,0.46,0.661,-0.195,0.551,0.669,0.548,-0.222,0.76,0.21,0.581,0.284,0.777,0.624,0.416,0.538,0.663,0.716,0.595,0.734,0.68
ARCC,0.645,0.796,0.244,0.708,0.716,0.304,0.85,0.663,-0.062,0.521,0.382,0.53,0.427,0.713,-0.171,0.604,1.0,0.608,0.578,0.511,-0.386,0.623,0.221,0.626,0.612,-0.046,-0.086,0.189,0.568,0.637,0.266,0.225,0.426,-0.163,0.588,0.626,0.663,-0.06,0.651,0.433,0.81,0.54,0.147,0.599,0.751,0.648,0.652,0.501,0.625,0.8,0.634,0.634,0.046,0.635,0.416,0.773,0.342,0.454,0.588,0.493,0.461,0.704,0.463,-0.586,0.625,0.53,0.845,0.667,0.719,0.619,0.543,0.764,-0.625,-0.378,-0.341,0.495,0.68,0.687,0.724,0.71,0.576,0.679,0.771,0.846,0.73,0.695,0.719,0.4,-0.24,0.264,-0.314,0.239,0.588,-0.566,0.638,0.426,0.563,0.478,0.617,0.672,0.694,0.196,0.573,0.783,0.58,0.479,0.617,-0.173,0.506,-0.617,0.441,0.269,0.205,0.73,0.653,-0.386,0.216,0.531,0.69,0.674,0.697,0.414,-0.277,0.679,-0.648,0.283,0.729,0.61,0.394,0.513,0.454,0.615,0.279,0.804,0.643,0.681,0.399,0.495,0.687,-0.375,0.521,0.662,0.698,0.059,0.566,0.649,-0.066,0.6,0.709,0.655,0.412,0.637,0.17,0.664,0.64,0.704,-0.055,0.673,0.602,0.631,0.622,-0.166,0.68,0.124,-0.511,0.655,0.499,-0.045,0.57,-0.365,0.502,0.672,0.692,0.249,0.439,0.722,0.635,0.483,0.468,0.331,0.527,0.725,-0.121,0.687,0.412,0.767,-0.515,0.721,0.117,0.379,-0.043,0.609,0.66,0.142,0.638,0.767,0.567,0.76,0.316,0.628
ARDX,0.578,0.611,0.531,0.741,0.522,0.438,0.6,0.372,0.141,0.607,0.486,0.597,0.364,0.534,-0.319,0.762,0.608,1.0,0.84,0.711,-0.314,0.568,0.112,0.852,0.869,-0.13,-0.094,0.012,0.653,0.692,0.55,0.056,0.527,-0.129,0.772,0.668,0.782,-0.273,0.58,0.388,0.494,0.509,0.352,0.709,0.576,0.45,0.575,0.397,0.647,0.687,0.679,0.876,0.007,0.725,0.663,0.575,0.117,0.432,0.443,0.51,0.552,0.571,0.417,-0.474,0.763,0.519,0.592,0.625,0.693,0.777,0.37,0.649,-0.583,-0.406,-0.278,0.727,0.691,0.729,0.526,0.517,0.711,0.871,0.61,0.702,0.575,0.712,0.709,0.602,-0.53,0.474,-0.335,0.071,0.686,-0.49,0.495,0.373,0.428,0.389,0.79,0.458,0.669,0.074,0.634,0.633,0.339,0.415,0.774,-0.088,0.595,-0.659,0.288,0.548,0.259,0.513,0.73,-0.341,0.209,0.507,0.568,0.649,0.816,0.64,-0.451,0.714,-0.553,0.338,0.443,0.736,0.123,0.675,0.59,0.567,0.423,0.677,0.778,0.739,0.456,0.624,0.519,-0.427,0.677,0.437,0.727,-0.185,0.809,0.683,-0.186,0.839,0.769,0.823,0.675,0.735,0.021,0.743,0.619,0.8,-0.015,0.663,0.771,0.866,0.41,-0.349,0.688,0.368,-0.297,0.856,0.378,-0.12,0.769,-0.272,0.726,0.397,0.832,0.168,0.373,0.699,0.45,0.435,0.588,0.477,0.563,0.605,-0.211,0.671,0.695,0.576,-0.374,0.779,0.171,0.519,0.173,0.663,0.522,0.341,0.655,0.569,0.701,0.556,0.511,0.695
ATER,0.639,0.527,0.604,0.685,0.468,0.562,0.509,0.309,0.335,0.607,0.466,0.537,0.289,0.477,-0.277,0.762,0.578,0.84,1.0,0.759,-0.068,0.494,-0.001,0.83,0.828,-0.0,0.059,0.129,0.558,0.617,0.551,0.247,0.421,-0.147,0.757,0.562,0.666,-0.12,0.501,0.344,0.387,0.472,0.368,0.785,0.574,0.341,0.509,0.447,0.611,0.68,0.705,0.782,0.127,0.682,0.557,0.527,0.122,0.386,0.327,0.421,0.601,0.502,0.277,-0.48,0.766,0.379,0.512,0.668,0.659,0.76,0.501,0.527,-0.415,-0.244,-0.289,0.743,0.629,0.678,0.504,0.501,0.659,0.75,0.623,0.666,0.44,0.708,0.689,0.572,-0.32,0.596,-0.132,0.073,0.711,-0.324,0.405,0.418,0.411,0.388,0.695,0.37,0.675,0.261,0.537,0.584,0.229,0.557,0.833,-0.063,0.51,-0.561,0.423,0.467,0.329,0.44,0.667,-0.272,0.375,0.531,0.478,0.599,0.678,0.698,-0.28,0.644,-0.412,0.432,0.466,0.58,0.186,0.707,0.58,0.491,0.533,0.575,0.701,0.649,0.584,0.724,0.406,-0.264,0.725,0.362,0.649,-0.289,0.756,0.568,0.048,0.727,0.703,0.822,0.731,0.701,0.202,0.731,0.51,0.732,0.159,0.58,0.85,0.815,0.345,-0.146,0.632,0.425,-0.452,0.776,0.467,0.071,0.75,-0.052,0.729,0.301,0.743,0.357,0.292,0.729,0.385,0.541,0.462,0.584,0.592,0.597,-0.017,0.689,0.704,0.538,-0.363,0.663,0.281,0.427,0.28,0.626,0.407,0.18,0.593,0.527,0.738,0.556,0.547,0.763
ATOS,0.67,0.462,0.535,0.632,0.433,0.524,0.373,0.262,0.237,0.555,0.478,0.36,0.151,0.351,-0.427,0.712,0.511,0.711,0.759,1.0,0.063,0.44,-0.111,0.637,0.654,0.039,0.064,0.146,0.479,0.57,0.507,0.297,0.387,-0.176,0.738,0.385,0.504,-0.067,0.326,0.343,0.285,0.393,0.403,0.669,0.456,0.281,0.524,0.411,0.505,0.59,0.543,0.651,0.345,0.686,0.425,0.442,-0.048,0.184,0.229,0.409,0.512,0.507,0.121,-0.401,0.538,0.248,0.462,0.674,0.569,0.604,0.456,0.401,-0.455,-0.062,-0.258,0.492,0.683,0.697,0.603,0.584,0.407,0.691,0.577,0.61,0.434,0.442,0.671,0.535,-0.297,0.495,-0.043,-0.049,0.625,-0.324,0.357,0.531,0.465,0.316,0.537,0.316,0.608,0.368,0.509,0.564,0.136,0.624,0.749,0.036,0.508,-0.53,0.442,0.373,0.31,0.458,0.58,-0.3,0.485,0.452,0.487,0.542,0.545,0.597,-0.263,0.613,-0.339,0.373,0.424,0.609,0.234,0.624,0.631,0.416,0.549,0.426,0.606,0.461,0.572,0.66,0.336,-0.27,0.509,0.29,0.558,-0.344,0.717,0.456,0.111,0.67,0.558,0.665,0.665,0.602,0.208,0.664,0.393,0.582,0.287,0.522,0.713,0.712,0.34,-0.033,0.584,0.625,-0.467,0.586,0.622,0.049,0.686,-0.025,0.68,0.313,0.64,0.538,0.275,0.715,0.346,0.638,0.311,0.591,0.581,0.416,0.173,0.645,0.674,0.383,-0.437,0.597,0.289,0.285,0.225,0.583,0.295,0.106,0.481,0.555,0.702,0.639,0.472,0.705
AUPH,-0.182,-0.51,0.279,-0.277,-0.515,0.122,-0.531,-0.446,0.551,-0.129,-0.399,-0.471,-0.168,-0.459,-0.03,-0.291,-0.386,-0.314,-0.068,0.063,1.0,-0.517,-0.304,-0.168,-0.226,0.506,0.52,-0.009,-0.529,-0.49,0.198,0.385,-0.556,-0.396,-0.231,-0.577,-0.506,0.572,-0.536,-0.293,-0.573,-0.508,-0.181,-0.052,-0.353,-0.571,-0.562,0.042,-0.442,-0.328,-0.216,-0.354,0.523,-0.327,-0.193,-0.426,-0.392,-0.423,-0.585,-0.526,0.174,-0.457,-0.544,0.151,-0.337,-0.555,-0.457,-0.214,-0.474,-0.149,0.127,-0.612,0.566,0.764,0.224,-0.277,-0.423,-0.083,-0.348,-0.341,-0.496,-0.35,-0.337,-0.368,-0.539,-0.4,-0.31,0.204,0.57,0.282,0.612,0.046,-0.089,0.436,-0.607,0.327,-0.237,-0.463,-0.335,-0.574,-0.285,0.056,-0.472,-0.36,-0.511,0.279,-0.127,0.428,-0.427,0.202,0.251,-0.125,-0.301,-0.429,-0.249,0.311,-0.068,-0.245,-0.511,-0.41,-0.404,-0.059,0.494,-0.308,0.249,-0.343,-0.148,-0.399,-0.354,-0.203,0.011,-0.552,0.197,-0.473,-0.308,-0.441,0.238,0.28,-0.52,0.557,-0.25,-0.532,-0.497,-0.425,-0.201,-0.457,0.567,-0.401,-0.342,-0.138,-0.059,-0.37,0.532,-0.146,-0.543,-0.317,0.722,-0.354,-0.152,-0.209,-0.428,0.564,-0.512,0.572,-0.027,-0.29,-0.157,0.481,-0.127,0.58,-0.184,-0.582,-0.328,0.401,-0.566,-0.241,-0.491,-0.019,-0.468,0.183,0.192,-0.432,0.725,-0.221,0.064,-0.48,-0.016,-0.41,-0.003,-0.556,0.119,-0.49,-0.587,-0.483,-0.218,-0.394,-0.063,-0.202,-0.101,0.033
AVGO,0.563,0.834,0.147,0.823,0.904,0.149,0.751,0.689,-0.277,0.391,0.806,0.742,0.212,0.765,-0.151,0.77,0.623,0.568,0.494,0.44,-0.517,1.0,0.129,0.58,0.666,-0.308,-0.332,0.227,0.706,0.696,0.094,-0.104,0.694,0.272,0.551,0.665,0.621,-0.502,0.838,0.612,0.709,0.857,0.48,0.624,0.756,0.855,0.747,0.319,0.802,0.668,0.72,0.651,-0.142,0.747,0.318,0.684,0.439,0.632,0.81,0.77,-0.012,0.803,0.609,-0.413,0.614,0.467,0.769,0.62,0.728,0.462,0.139,0.715,-0.581,-0.594,-0.057,0.651,0.687,0.464,0.805,0.829,0.735,0.64,0.635,0.716,0.762,0.656,0.692,0.093,-0.627,0.141,-0.555,-0.17,0.45,-0.529,0.761,0.137,0.496,0.775,0.628,0.755,0.757,0.189,0.857,0.776,0.744,0.197,0.576,-0.484,0.637,-0.446,0.08,0.509,0.692,0.87,0.776,-0.451,0.46,0.59,0.823,0.788,0.711,0.528,-0.52,0.643,-0.314,0.653,0.468,0.595,0.654,0.695,0.569,0.77,0.029,0.717,0.576,0.663,0.387,0.171,0.781,-0.566,0.588,0.803,0.721,0.266,0.623,0.81,-0.21,0.584,0.562,0.402,0.341,0.791,-0.319,0.556,0.713,0.631,-0.308,0.741,0.473,0.599,0.71,-0.5,0.693,-0.154,-0.24,0.692,0.476,-0.264,0.413,-0.529,0.567,0.829,0.589,-0.016,0.637,0.606,0.908,0.36,0.647,0.119,0.288,0.751,-0.458,0.444,0.352,0.615,-0.163,0.771,0.185,0.635,0.086,0.74,0.805,0.444,0.467,0.843,0.477,0.671,0.514,0.564
AZN,-0.046,0.181,-0.099,-0.022,0.099,0.303,0.342,0.191,-0.076,0.476,-0.009,0.015,0.569,0.019,0.135,-0.1,0.221,0.112,-0.001,-0.111,-0.304,0.129,1.0,0.05,0.042,-0.039,-0.079,0.03,0.005,0.158,-0.308,-0.016,-0.066,-0.04,-0.013,0.27,0.06,0.121,0.187,-0.042,0.193,0.029,-0.311,-0.12,0.207,0.113,0.076,0.159,0.021,0.037,-0.121,0.167,-0.416,-0.055,-0.012,0.042,0.16,0.06,0.087,-0.071,0.157,0.067,0.434,-0.21,0.242,0.274,0.112,0.112,0.194,0.01,0.259,0.161,-0.17,-0.162,-0.253,0.148,-0.002,0.203,-0.033,-0.024,0.09,0.221,0.142,0.149,0.241,0.244,0.161,-0.006,0.04,0.025,-0.109,0.408,0.128,-0.096,0.189,-0.066,0.017,-0.013,-0.006,0.236,0.095,-0.215,0.106,0.158,0.161,-0.088,-0.021,0.103,-0.121,0.046,0.158,-0.177,-0.247,0.114,-0.022,0.048,0.011,-0.209,0.116,0.133,0.062,-0.134,-0.062,0.021,-0.294,-0.053,0.267,0.1,0.131,0.017,-0.299,0.264,-0.036,0.268,0.153,0.241,-0.223,-0.016,0.232,0.073,0.05,0.279,0.165,0.097,0.068,0.065,-0.077,0.114,0.061,0.058,-0.275,0.024,-0.101,0.088,0.1,0.09,-0.229,0.109,-0.101,0.203,-0.071,-0.027,0.113,-0.168,-0.194,0.107,-0.16,-0.017,0.215,0.0,-0.195,0.131,0.156,-0.121,0.038,0.16,0.026,-0.077,0.121,0.253,0.098,0.189,-0.246,0.149,-0.089,0.377,-0.165,0.241,-0.034,0.062,-0.26,0.039,0.188,-0.053,0.139,0.155,-0.081,0.213,-0.347,-0.054
BCRX,0.642,0.605,0.587,0.784,0.521,0.297,0.624,0.39,0.221,0.467,0.4,0.693,0.273,0.591,-0.267,0.759,0.626,0.852,0.83,0.637,-0.168,0.58,0.05,1.0,0.911,-0.095,-0.074,-0.038,0.639,0.605,0.616,0.058,0.506,-0.181,0.601,0.637,0.771,-0.248,0.644,0.355,0.506,0.549,0.267,0.782,0.523,0.483,0.554,0.431,0.613,0.745,0.863,0.85,0.025,0.678,0.696,0.582,0.093,0.473,0.478,0.514,0.541,0.583,0.373,-0.436,0.756,0.441,0.612,0.57,0.638,0.915,0.287,0.617,-0.494,-0.389,-0.221,0.839,0.707,0.563,0.578,0.573,0.754,0.759,0.62,0.659,0.531,0.727,0.6,0.504,-0.466,0.471,-0.321,0.088,0.629,-0.45,0.477,0.403,0.377,0.413,0.867,0.442,0.671,0.102,0.558,0.713,0.352,0.487,0.802,-0.261,0.638,-0.646,0.297,0.589,0.313,0.545,0.777,-0.377,0.202,0.593,0.549,0.607,0.792,0.584,-0.463,0.68,-0.535,0.281,0.409,0.662,0.113,0.73,0.573,0.521,0.394,0.7,0.743,0.8,0.562,0.595,0.541,-0.403,0.688,0.448,0.674,-0.176,0.697,0.667,-0.15,0.708,0.789,0.838,0.642,0.699,0.072,0.625,0.634,0.804,0.05,0.628,0.681,0.787,0.474,-0.343,0.646,0.224,-0.287,0.867,0.41,-0.06,0.726,-0.236,0.64,0.458,0.842,0.155,0.325,0.661,0.517,0.486,0.456,0.323,0.57,0.661,-0.152,0.647,0.717,0.477,-0.38,0.69,0.143,0.467,0.105,0.635,0.573,0.307,0.629,0.585,0.736,0.531,0.49,0.75
BGC,0.615,0.684,0.607,0.82,0.59,0.249,0.626,0.385,0.161,0.524,0.546,0.772,0.216,0.649,-0.321,0.831,0.612,0.869,0.828,0.654,-0.226,0.666,0.042,0.911,1.0,-0.106,-0.107,-0.023,0.669,0.64,0.523,-0.021,0.622,-0.041,0.646,0.617,0.752,-0.298,0.703,0.454,0.52,0.625,0.397,0.802,0.573,0.498,0.559,0.424,0.764,0.751,0.836,0.868,0.005,0.751,0.619,0.675,0.233,0.57,0.526,0.552,0.454,0.59,0.41,-0.411,0.737,0.451,0.631,0.56,0.649,0.796,0.255,0.653,-0.492,-0.457,-0.042,0.826,0.707,0.648,0.59,0.578,0.807,0.745,0.596,0.665,0.584,0.759,0.6,0.474,-0.513,0.435,-0.343,-0.003,0.692,-0.44,0.533,0.342,0.408,0.55,0.885,0.51,0.663,0.061,0.731,0.702,0.413,0.434,0.834,-0.327,0.687,-0.604,0.253,0.733,0.436,0.588,0.818,-0.376,0.282,0.64,0.568,0.613,0.823,0.639,-0.495,0.742,-0.44,0.393,0.403,0.675,0.205,0.714,0.697,0.63,0.36,0.663,0.66,0.741,0.585,0.585,0.542,-0.422,0.772,0.565,0.717,-0.157,0.736,0.804,-0.145,0.744,0.771,0.797,0.647,0.715,0.029,0.721,0.645,0.88,0.004,0.739,0.713,0.793,0.522,-0.403,0.673,0.223,-0.315,0.903,0.365,-0.108,0.663,-0.287,0.698,0.466,0.799,0.13,0.435,0.664,0.585,0.465,0.611,0.274,0.566,0.628,-0.201,0.573,0.655,0.578,-0.281,0.74,0.116,0.562,0.236,0.667,0.619,0.376,0.587,0.587,0.719,0.51,0.593,0.741
BIDU,0.005,-0.227,0.522,-0.159,-0.321,0.196,-0.298,-0.357,0.658,-0.027,-0.263,-0.269,0.079,-0.291,-0.265,-0.156,-0.046,-0.13,-0.0,0.039,0.506,-0.308,-0.039,-0.095,-0.106,1.0,0.88,-0.041,-0.286,-0.303,0.069,0.674,-0.47,-0.509,-0.058,-0.463,-0.333,0.698,-0.339,-0.461,-0.367,-0.402,-0.148,-0.06,-0.218,-0.394,-0.341,0.201,-0.208,-0.07,-0.254,-0.208,0.144,-0.122,-0.045,-0.072,-0.04,-0.412,-0.418,-0.263,0.346,-0.286,-0.414,-0.035,-0.215,-0.37,-0.194,0.001,-0.277,-0.008,0.308,-0.359,0.078,0.725,0.062,-0.16,-0.222,0.14,-0.202,-0.228,-0.354,-0.286,-0.065,-0.067,-0.271,-0.061,-0.032,0.518,0.674,0.39,0.757,0.513,0.324,0.461,-0.462,0.239,-0.278,-0.272,-0.182,-0.298,0.023,-0.014,-0.289,-0.173,-0.49,0.422,0.028,0.599,-0.164,-0.017,0.635,0.011,-0.316,-0.315,-0.043,0.229,-0.014,-0.026,-0.272,-0.129,-0.1,0.088,0.652,0.004,0.093,-0.27,0.034,-0.312,-0.252,-0.09,0.077,-0.278,0.117,-0.241,-0.099,-0.301,-0.074,0.236,-0.411,0.765,-0.207,-0.388,-0.235,-0.485,-0.061,-0.253,0.61,-0.165,-0.188,-0.012,0.02,-0.092,0.77,0.068,-0.331,-0.068,0.46,-0.119,-0.045,0.024,-0.322,0.585,-0.302,0.416,-0.185,-0.127,0.04,0.745,0.021,0.737,-0.038,-0.428,-0.203,0.234,-0.44,-0.018,-0.358,0.053,-0.376,0.189,0.381,-0.315,0.369,-0.059,0.129,-0.22,-0.198,-0.3,-0.031,-0.516,-0.095,-0.214,-0.355,-0.487,0.078,-0.293,0.012,-0.152,0.009,0.017
BILI,0.028,-0.272,0.486,-0.217,-0.368,0.302,-0.343,-0.383,0.631,0.061,-0.233,-0.252,0.06,-0.34,-0.25,-0.132,-0.086,-0.094,0.059,0.064,0.52,-0.332,-0.079,-0.074,-0.107,0.88,1.0,0.007,-0.317,-0.261,0.127,0.628,-0.426,-0.483,0.02,-0.453,-0.302,0.639,-0.341,-0.415,-0.439,-0.349,-0.069,-0.015,-0.244,-0.425,-0.244,0.223,-0.163,-0.082,-0.241,-0.176,0.168,-0.047,-0.026,-0.117,-0.043,-0.43,-0.474,-0.225,0.434,-0.293,-0.398,-0.03,-0.148,-0.361,-0.224,0.065,-0.277,0.028,0.333,-0.407,0.11,0.741,0.004,-0.119,-0.246,0.104,-0.242,-0.26,-0.277,-0.255,0.005,-0.098,-0.322,-0.087,0.005,0.523,0.567,0.407,0.833,0.458,0.269,0.476,-0.423,0.186,-0.328,-0.279,-0.176,-0.329,0.046,-0.001,-0.316,-0.208,-0.503,0.367,0.098,0.613,-0.121,-0.056,0.619,-0.035,-0.299,-0.35,-0.016,0.231,-0.021,-0.121,-0.235,-0.046,-0.074,0.168,0.7,-0.012,0.084,-0.225,0.008,-0.259,-0.24,-0.077,0.099,-0.23,0.124,-0.303,-0.003,-0.304,-0.003,0.245,-0.37,0.735,-0.117,-0.424,-0.267,-0.549,0.001,-0.235,0.616,-0.079,-0.081,0.048,0.084,-0.012,0.712,0.109,-0.381,-0.056,0.447,-0.098,0.04,0.096,-0.35,0.559,-0.181,0.421,-0.167,-0.117,-0.017,0.767,0.097,0.723,0.019,-0.456,-0.162,0.253,-0.347,0.015,-0.388,0.037,-0.369,0.275,0.369,-0.319,0.346,-0.035,0.162,-0.236,-0.225,-0.292,-0.017,-0.44,-0.027,-0.081,-0.302,-0.396,0.079,-0.249,0.086,-0.129,0.044,0.089
BKR,0.25,0.174,-0.054,0.151,0.15,0.325,0.158,0.371,0.006,0.266,0.156,0.053,0.127,0.149,0.579,0.095,0.189,0.012,0.129,0.146,-0.009,0.227,0.03,-0.038,-0.023,-0.041,0.007,1.0,-0.009,0.135,-0.052,0.305,0.034,-0.016,0.411,0.28,0.022,-0.079,0.174,0.128,0.213,0.209,0.142,0.268,0.298,0.188,0.151,0.009,0.221,0.119,0.156,0.019,0.188,0.155,-0.229,-0.004,-0.05,0.321,0.069,0.147,0.082,0.15,0.291,-0.333,0.333,0.333,0.194,0.443,0.152,-0.0,0.246,0.096,0.206,0.001,-0.167,-0.096,0.148,0.158,0.299,0.306,0.082,0.102,0.326,0.31,0.099,0.22,0.417,0.01,0.012,0.226,-0.007,-0.182,0.182,-0.313,0.136,0.058,0.249,0.145,-0.071,0.259,0.408,0.534,0.154,0.102,0.233,0.116,0.147,0.01,0.044,0.112,0.193,-0.25,0.21,0.201,0.242,0.023,0.355,0.014,0.282,0.371,0.122,0.315,0.212,0.068,-0.142,0.28,0.363,0.094,0.375,0.15,0.045,0.186,0.243,0.204,0.131,0.205,0.379,0.234,0.181,-0.097,0.31,0.232,0.073,0.403,0.261,0.126,-0.026,0.093,0.005,0.071,-0.011,0.336,-0.083,0.191,0.071,0.05,0.064,0.268,0.175,0.208,0.249,0.056,0.076,0.071,-0.482,0.043,0.391,-0.091,0.138,0.11,0.219,0.221,0.04,0.463,0.134,0.181,0.178,0.362,0.253,0.328,0.178,0.294,0.035,0.236,0.067,0.334,-0.081,0.092,0.539,0.128,0.37,0.101,0.254,-0.267,0.173,0.284,0.178,0.308,-0.09,0.219
BLDP,0.561,0.772,0.179,0.737,0.765,0.166,0.677,0.615,-0.252,0.251,0.679,0.737,0.076,0.753,-0.249,0.752,0.568,0.653,0.558,0.479,-0.529,0.706,0.005,0.639,0.669,-0.286,-0.317,-0.009,1.0,0.875,0.291,-0.065,0.705,0.285,0.519,0.679,0.812,-0.497,0.69,0.606,0.633,0.746,0.468,0.651,0.639,0.74,0.666,0.262,0.758,0.649,0.712,0.698,-0.048,0.646,0.442,0.721,0.271,0.578,0.797,0.652,0.113,0.791,0.474,-0.27,0.584,0.506,0.728,0.483,0.867,0.519,0.112,0.868,-0.587,-0.516,-0.144,0.662,0.774,0.431,0.656,0.679,0.763,0.742,0.601,0.7,0.795,0.643,0.617,0.176,-0.618,0.108,-0.493,-0.13,0.503,-0.406,0.786,0.125,0.553,0.745,0.729,0.585,0.669,0.171,0.677,0.609,0.483,0.321,0.621,-0.533,0.65,-0.499,0.064,0.513,0.593,0.748,0.655,-0.461,0.325,0.743,0.644,0.578,0.672,0.523,-0.667,0.744,-0.33,0.555,0.449,0.612,0.386,0.655,0.534,0.713,0.136,0.73,0.636,0.618,0.366,0.211,0.676,-0.506,0.583,0.57,0.933,0.188,0.557,0.693,-0.261,0.627,0.645,0.532,0.5,0.712,-0.197,0.507,0.933,0.698,-0.292,0.623,0.522,0.575,0.725,-0.435,0.68,-0.058,-0.075,0.646,0.445,-0.219,0.426,-0.446,0.614,0.675,0.659,-0.038,0.597,0.618,0.723,0.369,0.574,0.118,0.168,0.714,-0.438,0.45,0.376,0.506,-0.126,0.779,0.133,0.722,0.086,0.762,0.66,0.584,0.484,0.65,0.588,0.477,0.536,0.62
BLNK,0.62,0.813,0.137,0.683,0.78,0.467,0.736,0.646,-0.245,0.576,0.685,0.664,0.183,0.72,-0.22,0.749,0.637,0.692,0.617,0.57,-0.49,0.696,0.158,0.605,0.64,-0.303,-0.261,0.135,0.875,1.0,0.281,0.003,0.68,0.221,0.637,0.703,0.784,-0.38,0.682,0.612,0.647,0.712,0.442,0.647,0.716,0.687,0.749,0.421,0.713,0.674,0.644,0.739,0.037,0.719,0.422,0.696,0.253,0.547,0.705,0.642,0.224,0.84,0.532,-0.458,0.647,0.527,0.757,0.637,0.913,0.486,0.322,0.851,-0.59,-0.467,-0.257,0.595,0.8,0.519,0.673,0.681,0.724,0.858,0.76,0.786,0.813,0.667,0.767,0.215,-0.582,0.193,-0.466,-0.169,0.566,-0.521,0.776,0.254,0.664,0.732,0.644,0.607,0.739,0.276,0.708,0.625,0.49,0.412,0.616,-0.401,0.589,-0.542,0.172,0.402,0.497,0.749,0.671,-0.426,0.456,0.617,0.722,0.695,0.655,0.619,-0.547,0.754,-0.435,0.579,0.582,0.652,0.463,0.629,0.522,0.775,0.165,0.731,0.769,0.629,0.466,0.341,0.665,-0.465,0.639,0.593,0.922,0.123,0.738,0.699,-0.102,0.743,0.666,0.569,0.471,0.776,-0.157,0.638,0.869,0.702,-0.202,0.697,0.626,0.644,0.676,-0.316,0.771,0.074,-0.248,0.647,0.512,-0.191,0.54,-0.435,0.637,0.633,0.685,0.122,0.629,0.679,0.692,0.441,0.636,0.418,0.282,0.754,-0.328,0.563,0.402,0.617,-0.273,0.879,0.264,0.667,0.151,0.804,0.662,0.406,0.518,0.727,0.598,0.65,0.487,0.658
BYND,0.46,0.177,0.536,0.429,0.086,0.215,0.124,0.008,0.369,0.218,0.022,0.222,-0.041,0.203,-0.3,0.456,0.266,0.55,0.551,0.507,0.198,0.094,-0.308,0.616,0.523,0.069,0.127,-0.052,0.291,0.281,1.0,0.27,0.162,-0.433,0.426,0.151,0.543,-0.004,0.133,0.083,0.076,0.171,0.21,0.494,0.168,0.055,0.156,0.299,0.228,0.435,0.51,0.579,0.452,0.495,0.711,0.247,-0.323,0.036,0.051,0.181,0.586,0.204,-0.027,-0.099,0.385,0.047,0.209,0.368,0.23,0.719,0.206,0.221,-0.148,-0.05,-0.188,0.321,0.433,0.255,0.259,0.244,0.321,0.441,0.31,0.328,0.078,0.257,0.331,0.579,-0.156,0.582,0.021,0.04,0.413,-0.234,0.045,0.464,0.158,0.005,0.63,0.042,0.387,0.138,0.119,0.227,-0.107,0.536,0.555,0.054,0.396,-0.401,0.164,0.316,0.067,0.125,0.497,-0.106,0.017,0.335,0.11,0.262,0.484,0.461,-0.147,0.414,-0.279,-0.036,0.185,0.39,-0.228,0.527,0.546,0.067,0.458,0.206,0.442,0.34,0.495,0.569,-0.005,-0.185,0.35,-0.08,0.299,-0.398,0.544,0.223,0.053,0.54,0.549,0.718,0.703,0.394,0.316,0.375,0.279,0.414,0.406,0.202,0.567,0.456,0.223,0.004,0.268,0.481,-0.086,0.49,0.314,0.042,0.585,-0.002,0.502,0.069,0.649,0.381,0.012,0.381,0.078,0.434,0.114,0.292,0.522,0.186,0.33,0.441,0.757,0.086,-0.297,0.319,0.179,0.146,0.163,0.266,0.105,0.053,0.613,0.169,0.713,0.169,0.489,0.541
