,AAL,AAPL,ABUS,ADBE,ADI,ADMA,AEP,AGNC,AKBA,ALT,AMAT,AMD,AMGN,AMZN,APA,APPS,ARCC,ARDX,ATER,ATOS,AUPH,AVGO,AZN,BCRX,BGC,BIDU,BILI,BKR,BLDP,BLNK,BYND,CAN,CELH,CG,CGC,CHRD,CLNE,CMCSA,COMM,COST,CPB,CPRT,CRON,CRWD,CSCO,CSGP,CSX,CTSH,CZR,DBX,DDOG,DKNG,DLTR,DOCU,DVAX,DXCM,EA,EBAY,ENPH,ERIC,ESPR,ETSY,EXC,EXEL,EXPE,FANG,FAST,FITB,FLEX,FOLD,FOXA,FSLR,FTNT,FUTU,GEN,GERN,GEVO,GILD,GOOG,GOOGL,GPRO,GT,HBAN,HIVE,HON,HST,HUT,IBRX,INTC,IOVA,IQ,IRWD,JBLU,JD,KDP,KHC,LBTYK,LRCX,LYFT,MAR,MARA,MAT,MCHP,MCRB,MDLZ,META,MGNI,MLCO,MNKD,MNST,MOMO,MRNA,MRVL,MSFT,MSTR,MTCH,MU,MVIS,NDAQ,NFLX,NKTR,NNDM,NTES,NTNX,NVAX,NVDA,NWL,NWSA,NXPI,OCGN,OKTA,ON,OPK,PAA,PACB,PAGP,PANW,PARA,PCAR,PDD,PENN,PEP,PLUG,PTEN,PTON,PYPL,QCOM,QUBT,QVCGA,RDFN,REAL,RIOT,ROKU,ROST,RUN,SABR,SAVA,SBUX,SFIX,SGMO,SIRI,SLM,SMCI,SNDL,SONO,STNE,STX,TCOM,TGTX,TIGR,TLRY,TMUS,TRIP,TSCO,TSLA,TTD,TXN,UAL,UNIT,VERU,VKTX,VLY,VOD,VTRS,VXRT,WBA,WBD,WDAY,WDC,WEN,WW,WYNN,XEL,XP,XRAY,XRX,Z,ZION,ZM,ZS
AAL,1.0,0.233,-0.532,-0.389,0.218,0.365,0.685,0.7,-0.368,-0.406,0.404,-0.147,0.582,-0.371,0.665,-0.187,0.74,-0.565,-0.458,-0.639,-0.171,-0.036,0.305,0.281,0.127,0.499,-0.559,0.719,-0.4,-0.484,0.031,-0.128,-0.381,0.077,-0.335,0.654,-0.036,0.659,0.121,-0.207,0.498,-0.208,-0.4,-0.421,0.23,-0.361,0.436,0.485,0.041,-0.066,-0.398,-0.36,0.245,-0.412,-0.49,-0.46,0.289,0.268,-0.435,0.644,-0.531,-0.505,0.638,-0.036,0.759,0.684,-0.198,0.703,0.557,-0.046,0.612,-0.403,-0.277,0.291,0.609,-0.543,-0.489,-0.133,-0.274,-0.228,0.219,0.805,0.711,-0.258,0.594,0.745,-0.434,0.167,0.667,-0.428,-0.112,0.42,0.848,-0.009,0.639,0.623,0.35,0.247,0.702,0.697,-0.414,0.698,0.06,-0.067,0.638,-0.13,-0.406,0.333,-0.267,0.473,0.38,-0.675,-0.021,-0.179,-0.477,0.04,0.708,-0.574,-0.337,-0.368,-0.325,-0.41,0.538,-0.024,-0.626,-0.091,0.655,0.59,0.351,-0.548,-0.306,0.493,0.056,0.747,-0.432,0.747,-0.197,0.654,0.722,-0.102,0.012,0.65,-0.404,0.697,-0.614,0.16,0.497,-0.486,0.578,-0.44,0.5,-0.387,-0.41,-0.062,0.037,0.804,0.586,-0.096,-0.015,-0.509,-0.406,0.689,0.655,-0.137,0.097,0.353,0.542,0.633,-0.055,-0.347,-0.508,-0.524,0.755,0.207,0.556,-0.386,-0.064,0.928,0.019,-0.361,-0.415,0.744,0.565,0.653,-0.483,0.702,0.663,-0.515,0.587,0.651,-0.384,0.421,0.565,-0.152,0.514,0.725,-0.308,0.701,-0.527,-0.374
AAPL,0.233,1.0,0.156,0.643,0.884,0.325,0.075,0.561,0.263,0.358,0.656,0.693,0.28,0.623,0.198,0.617,0.336,0.046,0.135,-0.036,0.678,0.801,0.584,0.163,0.744,-0.111,0.162,0.113,0.455,0.476,-0.239,0.34,0.55,0.805,0.365,0.333,0.589,0.47,0.673,0.688,-0.127,0.761,0.076,0.364,0.825,0.653,0.654,0.79,0.67,0.77,0.59,0.184,0.528,0.576,0.256,0.355,0.837,0.676,0.515,0.259,0.366,0.391,0.451,0.652,0.6,0.104,0.701,0.038,0.771,0.482,0.029,0.458,0.683,0.241,0.218,0.277,0.339,0.688,0.689,0.738,0.498,0.411,0.03,0.568,0.078,0.482,0.451,0.512,0.131,0.437,-0.199,0.703,0.259,-0.287,0.086,0.033,0.726,0.736,0.634,0.688,0.432,0.233,0.899,0.588,0.124,0.808,0.449,0.554,0.535,0.759,-0.064,-0.03,0.775,0.744,0.546,0.838,0.422,0.318,0.557,0.493,0.455,0.209,0.257,0.717,-0.089,0.836,0.002,0.623,0.905,0.039,0.613,0.833,0.828,0.034,0.319,0.018,0.692,-0.055,0.153,-0.056,0.727,0.315,0.493,0.16,-0.12,0.747,0.657,0.336,0.406,0.433,0.552,0.518,0.475,0.768,0.663,0.305,0.123,0.668,0.628,0.381,0.329,0.313,0.584,0.357,0.483,0.554,0.744,0.435,0.744,0.461,0.082,0.284,0.416,0.766,0.754,0.495,0.806,0.257,0.821,0.196,0.352,0.143,-0.071,0.134,0.136,0.264,-0.154,0.353,0.387,0.524,0.318,0.47,0.033,0.221,0.706,0.408,0.63,0.072,0.187,0.588
ABUS,-0.532,0.156,1.0,0.607,0.044,-0.048,-0.658,-0.421,0.827,0.837,-0.309,0.261,-0.597,0.65,-0.718,0.469,-0.692,0.869,0.647,0.79,0.64,0.518,-0.272,-0.415,0.272,-0.592,0.686,-0.654,0.665,0.787,-0.093,0.224,0.545,0.242,0.622,-0.602,0.513,-0.575,0.193,0.511,-0.612,0.45,0.583,0.609,-0.029,0.588,-0.204,-0.261,0.396,0.398,0.725,0.624,0.126,0.709,0.519,0.681,0.104,0.043,0.733,-0.682,0.791,0.669,-0.522,0.588,-0.321,-0.67,0.407,-0.66,-0.285,0.317,-0.595,0.749,0.526,-0.233,-0.554,0.84,0.818,0.246,0.501,0.467,0.088,-0.581,-0.681,0.52,-0.683,-0.53,0.676,0.203,-0.713,0.68,0.082,-0.027,-0.531,-0.204,-0.728,-0.626,-0.07,-0.041,-0.301,-0.298,0.576,-0.568,0.274,0.543,-0.678,0.267,0.741,-0.107,0.731,-0.1,-0.32,0.764,0.387,0.448,0.687,0.527,-0.479,0.694,0.471,0.639,0.795,0.774,-0.426,0.481,0.816,0.473,-0.637,-0.477,0.001,0.792,0.639,-0.105,0.31,-0.689,0.711,-0.673,0.476,-0.726,-0.612,-0.081,0.549,-0.63,0.723,-0.58,0.68,0.247,-0.393,0.725,-0.487,0.779,-0.093,0.66,0.72,0.306,0.464,-0.491,-0.344,0.415,0.353,0.744,0.505,-0.595,-0.389,0.434,0.152,-0.126,-0.256,-0.347,0.538,0.676,0.536,0.663,-0.526,-0.032,-0.34,0.558,0.243,-0.564,0.362,0.381,0.752,-0.618,-0.688,-0.641,0.933,-0.711,-0.773,0.59,-0.601,-0.437,0.638,-0.154,-0.664,0.098,-0.188,-0.555,0.693,-0.643,0.919,0.693
ADBE,-0.389,0.643,0.607,1.0,0.548,-0.105,-0.447,-0.036,0.606,0.616,0.256,0.758,-0.219,0.881,-0.376,0.652,-0.228,0.508,0.567,0.442,0.855,0.792,0.357,-0.027,0.551,-0.532,0.745,-0.463,0.73,0.835,0.008,0.432,0.756,0.709,0.681,-0.346,0.58,-0.141,0.386,0.723,-0.546,0.839,0.413,0.814,0.567,0.892,0.128,0.172,0.769,0.845,0.924,0.631,0.209,0.867,0.623,0.791,0.486,0.31,0.902,-0.25,0.675,0.83,-0.136,0.706,0.05,-0.465,0.769,-0.502,0.229,0.424,-0.463,0.771,0.877,0.034,-0.346,0.718,0.665,0.715,0.939,0.942,0.226,-0.214,-0.516,0.813,-0.384,-0.129,0.744,0.247,-0.388,0.757,0.038,0.295,-0.28,-0.12,-0.441,-0.486,0.412,0.469,0.085,0.09,0.769,-0.411,0.751,0.597,-0.443,0.747,0.849,0.223,0.774,0.218,-0.348,0.556,0.742,0.887,0.881,0.782,-0.16,0.727,0.818,0.804,0.773,0.498,-0.149,0.773,0.488,0.868,-0.504,0.053,0.495,0.565,0.905,0.346,0.613,-0.507,0.702,-0.561,0.817,-0.547,-0.455,0.174,0.728,-0.283,0.825,-0.396,0.475,0.582,0.145,0.7,-0.209,0.856,0.093,0.802,0.827,0.682,0.653,-0.328,-0.34,0.684,0.541,0.787,0.725,-0.339,-0.093,0.468,0.414,0.181,0.188,-0.211,0.672,0.74,0.601,0.725,-0.223,0.439,0.18,0.876,0.734,-0.37,0.653,0.503,0.778,-0.461,-0.533,-0.443,0.582,-0.355,-0.61,0.825,-0.235,-0.053,0.522,0.149,-0.473,0.482,0.13,-0.234,0.795,-0.481,0.659,0.931
ADI,0.218,0.884,0.044,0.548,1.0,0.256,0.114,0.52,0.173,0.283,0.677,0.671,0.248,0.554,0.207,0.513,0.392,-0.058,0.17,-0.121,0.583,0.724,0.533,0.225,0.674,-0.051,0.178,0.161,0.478,0.388,-0.181,0.306,0.586,0.722,0.3,0.322,0.491,0.427,0.719,0.656,-0.087,0.724,-0.004,0.311,0.719,0.636,0.641,0.784,0.582,0.682,0.471,0.189,0.564,0.569,0.169,0.365,0.802,0.612,0.498,0.295,0.297,0.364,0.488,0.508,0.524,0.15,0.642,0.074,0.794,0.517,0.012,0.41,0.542,0.196,0.226,0.172,0.244,0.617,0.599,0.663,0.53,0.412,0.086,0.507,0.121,0.455,0.395,0.345,0.196,0.367,-0.144,0.64,0.291,-0.185,0.141,0.061,0.586,0.773,0.578,0.622,0.363,0.272,0.862,0.458,0.15,0.719,0.349,0.508,0.412,0.761,-0.028,-0.094,0.789,0.688,0.49,0.71,0.407,0.267,0.54,0.442,0.298,0.131,0.267,0.655,-0.16,0.764,0.049,0.574,0.897,-0.048,0.548,0.814,0.675,0.087,0.301,0.046,0.608,0.031,0.179,-0.026,0.586,0.336,0.448,0.151,-0.095,0.768,0.715,0.225,0.347,0.393,0.591,0.466,0.455,0.807,0.596,0.264,0.163,0.666,0.574,0.322,0.264,0.283,0.541,0.237,0.573,0.486,0.71,0.445,0.611,0.338,0.086,0.347,0.41,0.789,0.71,0.49,0.856,0.22,0.721,0.234,0.268,0.149,-0.035,0.133,0.029,0.304,-0.039,0.288,0.402,0.503,0.275,0.407,0.071,0.249,0.641,0.352,0.534,0.096,0.12,0.476
ADMA,0.365,0.325,-0.048,-0.105,0.256,1.0,0.33,0.301,0.084,0.232,0.103,-0.137,0.329,-0.133,0.264,0.081,0.299,0.028,-0.123,-0.067,0.051,0.085,0.059,0.074,0.105,0.379,-0.245,0.343,-0.013,-0.048,-0.263,0.099,-0.087,-0.003,-0.091,0.356,0.249,0.357,0.305,0.071,0.28,0.014,0.078,-0.323,0.178,-0.072,0.277,0.441,0.056,-0.011,-0.114,-0.176,0.249,-0.067,-0.166,-0.283,0.265,0.337,-0.156,0.277,0.011,-0.273,0.454,0.086,0.37,0.263,-0.086,0.344,0.401,-0.02,0.335,-0.001,-0.089,0.204,0.351,-0.011,-0.024,-0.007,-0.08,-0.08,0.078,0.363,0.298,-0.183,0.173,0.35,-0.076,0.434,0.284,-0.19,0.009,0.316,0.241,-0.101,0.3,0.344,0.117,0.125,0.323,0.283,-0.226,0.442,0.092,0.093,0.329,-0.025,-0.114,0.279,0.021,0.423,0.392,-0.246,0.048,-0.117,-0.142,0.227,0.34,-0.13,-0.237,-0.161,-0.119,0.161,0.366,-0.063,-0.238,0.006,0.302,0.347,0.26,-0.189,-0.092,0.266,0.223,0.292,-0.143,0.291,-0.112,0.289,0.408,-0.165,0.274,0.349,-0.096,0.379,-0.323,0.126,0.252,-0.059,0.364,-0.143,0.461,-0.134,-0.026,0.125,0.217,0.486,0.326,0.084,0.053,-0.195,-0.332,0.437,0.507,-0.038,0.075,0.375,0.357,0.597,0.293,0.088,-0.253,-0.323,0.479,0.292,0.35,-0.275,0.018,0.331,0.353,-0.157,-0.154,0.378,0.18,0.379,-0.067,0.397,0.2,-0.347,0.45,0.439,0.242,0.246,0.33,-0.217,0.402,0.449,0.105,0.334,-0.125,-0.116
AEP,0.685,0.075,-0.658,-0.447,0.114,0.33,1.0,0.613,-0.574,-0.533,0.314,-0.366,0.847,-0.532,0.789,-0.504,0.7,-0.73,-0.667,-0.819,-0.417,-0.261,0.378,0.37,-0.025,0.586,-0.56,0.857,-0.525,-0.607,0.094,-0.148,-0.529,-0.193,-0.515,0.721,-0.337,0.774,-0.033,-0.275,0.896,-0.263,-0.625,-0.532,0.25,-0.429,0.464,0.465,-0.234,-0.239,-0.479,-0.522,0.142,-0.518,-0.28,-0.621,0.144,0.267,-0.519,0.735,-0.641,-0.568,0.731,-0.321,0.455,0.836,-0.208,0.901,0.475,-0.281,0.857,-0.433,-0.3,0.401,0.804,-0.651,-0.609,-0.032,-0.402,-0.352,-0.036,0.787,0.917,-0.504,0.899,0.68,-0.67,-0.14,0.84,-0.54,-0.19,0.253,0.654,0.181,0.886,0.914,0.178,0.093,0.43,0.527,-0.64,0.866,-0.118,-0.305,0.92,-0.096,-0.602,0.108,-0.476,0.36,0.432,-0.601,-0.266,-0.312,-0.568,-0.237,0.501,-0.675,-0.42,-0.505,-0.553,-0.643,0.625,-0.274,-0.635,-0.297,0.854,0.594,0.161,-0.711,-0.435,0.232,-0.081,0.846,-0.596,0.783,-0.287,0.795,0.915,0.096,-0.295,0.892,-0.529,0.797,-0.565,-0.108,0.481,-0.752,0.69,-0.562,0.277,-0.573,-0.528,-0.165,-0.194,0.741,0.456,-0.246,-0.157,-0.604,-0.439,0.819,0.605,-0.514,-0.145,0.127,0.468,0.627,-0.232,-0.454,-0.553,-0.605,0.709,0.271,0.375,-0.526,-0.125,0.716,-0.06,-0.503,-0.575,0.898,0.787,0.793,-0.596,0.84,0.771,-0.575,0.659,0.651,-0.522,0.19,0.842,-0.169,0.44,0.766,-0.453,0.909,-0.588,-0.46
AGNC,0.7,0.561,-0.421,-0.036,0.52,0.301,0.613,1.0,-0.251,-0.328,0.538,0.124,0.724,-0.019,0.707,0.005,0.699,-0.528,-0.435,-0.558,-0.001,0.163,0.527,0.461,0.355,0.449,-0.375,0.721,-0.171,-0.213,-0.017,0.151,-0.16,0.369,0.025,0.721,0.269,0.765,0.263,0.007,0.439,0.071,-0.219,-0.261,0.571,-0.06,0.581,0.673,0.223,0.289,-0.125,-0.278,0.27,-0.123,-0.163,-0.307,0.53,0.429,-0.168,0.694,-0.359,-0.309,0.611,0.144,0.735,0.699,0.053,0.664,0.757,-0.012,0.61,-0.067,0.029,0.422,0.65,-0.338,-0.236,0.211,0.091,0.133,0.472,0.79,0.662,-0.015,0.665,0.797,-0.183,0.307,0.731,-0.306,-0.11,0.56,0.713,0.061,0.611,0.641,0.536,0.352,0.712,0.825,-0.153,0.693,0.369,0.149,0.651,0.306,-0.176,0.427,-0.154,0.626,0.394,-0.511,0.235,0.085,-0.134,0.264,0.684,-0.304,-0.106,-0.19,-0.164,-0.229,0.628,0.27,-0.503,0.208,0.652,0.772,0.609,-0.436,-0.03,0.623,0.316,0.654,-0.314,0.681,0.06,0.558,0.695,0.048,0.16,0.7,-0.136,0.746,-0.485,0.354,0.72,-0.291,0.792,-0.249,0.635,-0.074,-0.271,0.187,0.332,0.752,0.541,0.048,0.19,-0.306,-0.127,0.779,0.79,-0.024,0.301,0.518,0.743,0.621,0.12,-0.136,-0.253,-0.349,0.827,0.498,0.639,-0.108,0.267,0.76,0.239,-0.081,-0.252,0.712,0.596,0.687,-0.397,0.68,0.493,-0.253,0.666,0.682,-0.233,0.502,0.588,0.142,0.648,0.805,-0.013,0.678,-0.398,-0.111
AKBA,-0.368,0.263,0.827,0.606,0.173,0.084,-0.574,-0.251,1.0,0.828,-0.182,0.341,-0.46,0.69,-0.518,0.489,-0.495,0.732,0.66,0.749,0.635,0.51,-0.262,-0.238,0.314,-0.469,0.587,-0.411,0.626,0.786,-0.023,0.343,0.518,0.298,0.681,-0.47,0.707,-0.453,0.265,0.493,-0.52,0.454,0.714,0.586,0.006,0.606,-0.171,-0.116,0.461,0.511,0.696,0.698,0.149,0.703,0.475,0.737,0.153,0.059,0.68,-0.482,0.782,0.641,-0.451,0.683,-0.195,-0.507,0.359,-0.474,-0.207,0.303,-0.427,0.675,0.491,-0.126,-0.427,0.891,0.881,0.225,0.582,0.524,0.27,-0.412,-0.49,0.617,-0.543,-0.405,0.672,0.422,-0.513,0.621,0.23,0.071,-0.318,-0.16,-0.58,-0.497,0.009,0.003,-0.119,-0.212,0.577,-0.471,0.388,0.67,-0.587,0.28,0.708,-0.002,0.765,0.021,-0.148,0.561,0.49,0.465,0.714,0.589,-0.424,0.701,0.416,0.615,0.816,0.849,-0.363,0.502,0.74,0.517,-0.491,-0.325,0.182,0.743,0.669,-0.028,0.341,-0.528,0.672,-0.612,0.499,-0.59,-0.494,-0.073,0.604,-0.534,0.698,-0.324,0.619,0.428,-0.193,0.731,-0.387,0.784,0.06,0.666,0.726,0.331,0.514,-0.268,-0.222,0.424,0.437,0.738,0.508,-0.449,-0.32,0.592,0.324,-0.02,-0.154,-0.207,0.556,0.668,0.598,0.67,-0.384,-0.046,-0.173,0.533,0.32,-0.438,0.34,0.491,0.773,-0.465,-0.544,-0.469,0.852,-0.533,-0.604,0.528,-0.541,-0.344,0.66,-0.011,-0.544,0.269,-0.094,-0.446,0.645,-0.449,0.817,0.671
ALT,-0.406,0.358,0.837,0.616,0.283,0.232,-0.533,-0.328,0.828,1.0,-0.149,0.367,-0.518,0.664,-0.607,0.545,-0.509,0.771,0.633,0.726,0.713,0.649,-0.259,-0.478,0.462,-0.478,0.586,-0.508,0.782,0.832,-0.282,0.191,0.661,0.311,0.516,-0.478,0.607,-0.439,0.489,0.732,-0.534,0.625,0.533,0.555,0.067,0.656,0.073,0.07,0.45,0.425,0.723,0.579,0.411,0.766,0.434,0.671,0.288,0.284,0.726,-0.583,0.845,0.684,-0.224,0.639,-0.2,-0.574,0.557,-0.533,-0.109,0.495,-0.54,0.71,0.539,-0.289,-0.43,0.861,0.816,0.333,0.542,0.514,0.251,-0.438,-0.553,0.509,-0.618,-0.406,0.618,0.329,-0.593,0.702,-0.035,0.135,-0.418,-0.402,-0.602,-0.517,0.029,0.149,-0.122,-0.16,0.516,-0.4,0.447,0.652,-0.499,0.364,0.696,0.049,0.812,0.205,-0.25,0.6,0.516,0.538,0.667,0.656,-0.348,0.725,0.541,0.69,0.749,0.788,-0.375,0.515,0.656,0.578,-0.518,-0.278,0.228,0.686,0.621,0.086,0.42,-0.599,0.739,-0.635,0.537,-0.651,-0.458,-0.258,0.664,-0.443,0.764,-0.482,0.515,0.483,-0.159,0.689,-0.36,0.804,0.113,0.602,0.816,0.547,0.453,-0.359,-0.218,0.632,0.503,0.727,0.394,-0.447,-0.202,0.475,0.228,-0.041,-0.032,-0.05,0.739,0.641,0.4,0.68,-0.379,0.199,-0.087,0.516,0.399,-0.488,0.593,0.258,0.731,-0.495,-0.678,-0.536,0.846,-0.517,-0.707,0.503,-0.395,-0.172,0.834,-0.067,-0.488,-0.051,0.087,-0.395,0.731,-0.522,0.836,0.691
AMAT,0.404,0.656,-0.309,0.256,0.677,0.103,0.314,0.538,-0.182,-0.149,1.0,0.6,0.449,0.229,0.516,0.29,0.613,-0.431,-0.158,-0.448,0.347,0.381,0.692,0.418,0.336,0.089,-0.174,0.373,0.104,-0.016,-0.019,0.433,0.249,0.633,-0.1,0.539,0.121,0.593,0.385,0.32,0.049,0.494,-0.269,0.118,0.635,0.355,0.578,0.654,0.313,0.542,0.184,-0.082,0.322,0.114,-0.099,0.113,0.538,0.357,0.144,0.553,-0.083,0.075,0.529,0.255,0.597,0.359,0.419,0.285,0.723,0.357,0.274,0.011,0.346,0.36,0.337,-0.128,-0.142,0.424,0.408,0.444,0.294,0.689,0.309,0.294,0.336,0.495,0.084,0.254,0.342,0.191,-0.163,0.539,0.401,-0.084,0.466,0.2,0.768,0.879,0.552,0.631,0.234,0.412,0.659,0.11,0.287,0.554,0.082,0.721,0.132,0.584,-0.002,-0.391,0.531,0.487,0.189,0.419,0.569,-0.087,0.341,0.225,0.055,-0.289,0.328,0.335,-0.42,0.503,0.229,0.662,0.772,-0.239,0.325,0.728,0.512,0.361,0.022,0.273,0.36,0.161,0.34,0.067,0.289,0.456,0.119,0.307,-0.352,0.433,0.816,-0.146,0.356,0.065,0.345,0.154,0.078,0.496,0.356,0.411,0.101,0.381,0.287,-0.009,0.142,0.394,0.608,-0.048,0.32,0.404,0.595,0.389,0.261,0.109,-0.18,-0.008,0.482,0.585,0.684,0.205,0.633,0.398,0.397,0.077,0.06,0.319,0.222,0.235,-0.306,0.401,0.16,0.144,0.467,0.479,-0.102,0.682,0.151,0.25,0.453,0.45,0.147,0.269,-0.252,0.204
AMD,-0.147,0.693,0.261,0.758,0.671,-0.137,-0.366,0.124,0.341,0.367,0.6,1.0,-0.192,0.782,-0.14,0.709,0.068,0.14,0.387,0.192,0.749,0.714,0.415,0.091,0.539,-0.458,0.429,-0.283,0.644,0.584,-0.091,0.388,0.796,0.813,0.459,-0.073,0.478,-0.01,0.533,0.702,-0.552,0.811,0.239,0.705,0.569,0.765,0.304,0.361,0.716,0.805,0.692,0.494,0.325,0.711,0.315,0.696,0.547,0.318,0.708,-0.026,0.489,0.718,0.07,0.623,0.222,-0.271,0.703,-0.403,0.409,0.611,-0.431,0.506,0.697,0.0,-0.223,0.438,0.419,0.645,0.813,0.827,0.388,-0.019,-0.366,0.727,-0.324,0.072,0.607,0.33,-0.228,0.722,-0.109,0.471,-0.088,-0.207,-0.267,-0.439,0.58,0.718,0.296,0.273,0.715,-0.296,0.792,0.491,-0.366,0.736,0.659,0.521,0.648,0.389,-0.404,0.199,0.852,0.879,0.709,0.734,0.081,0.61,0.836,0.766,0.551,0.237,-0.188,0.675,0.128,0.863,-0.437,0.23,0.669,0.291,0.747,0.579,0.626,-0.355,0.652,-0.418,0.709,-0.435,-0.358,0.065,0.606,-0.157,0.675,-0.29,0.214,0.68,0.38,0.462,-0.166,0.636,0.249,0.647,0.63,0.777,0.548,-0.204,-0.213,0.755,0.562,0.613,0.613,-0.243,0.113,0.404,0.49,0.303,0.326,-0.085,0.632,0.491,0.407,0.57,-0.027,0.492,0.452,0.821,0.785,-0.199,0.582,0.486,0.635,-0.379,-0.342,-0.349,0.235,-0.159,-0.432,0.723,-0.043,0.112,0.375,0.378,-0.356,0.386,0.242,-0.144,0.661,-0.402,0.313,0.712
AMGN,0.582,0.28,-0.597,-0.219,0.248,0.329,0.847,0.724,-0.46,-0.518,0.449,-0.192,1.0,-0.315,0.846,-0.364,0.706,-0.645,-0.606,-0.74,-0.273,-0.165,0.589,0.605,0.024,0.565,-0.446,0.839,-0.497,-0.457,0.105,0.123,-0.452,-0.003,-0.289,0.769,-0.147,0.893,-0.059,-0.265,0.749,-0.15,-0.431,-0.408,0.485,-0.226,0.411,0.519,-0.124,0.037,-0.302,-0.502,-0.012,-0.392,-0.072,-0.513,0.219,0.291,-0.428,0.843,-0.58,-0.529,0.622,-0.175,0.553,0.789,-0.12,0.835,0.56,-0.338,0.882,-0.309,-0.071,0.58,0.761,-0.504,-0.462,0.165,-0.172,-0.129,-0.014,0.802,0.825,-0.291,0.878,0.716,-0.489,0.039,0.831,-0.502,-0.034,0.337,0.611,0.282,0.857,0.854,0.374,0.186,0.502,0.595,-0.442,0.772,0.085,-0.173,0.815,0.122,-0.431,0.207,-0.382,0.339,0.486,-0.513,-0.117,-0.17,-0.345,-0.081,0.544,-0.601,-0.347,-0.462,-0.389,-0.524,0.746,-0.131,-0.577,-0.121,0.786,0.689,0.336,-0.564,-0.219,0.339,0.129,0.819,-0.6,0.759,-0.116,0.751,0.826,0.253,-0.123,0.827,-0.457,0.837,-0.51,-0.047,0.583,-0.544,0.778,-0.459,0.281,-0.37,-0.474,-0.121,-0.009,0.764,0.369,-0.263,-0.069,-0.51,-0.246,0.862,0.639,-0.371,-0.007,0.323,0.554,0.567,-0.15,-0.232,-0.356,-0.54,0.778,0.291,0.46,-0.373,0.068,0.698,0.017,-0.229,-0.494,0.856,0.742,0.839,-0.538,0.771,0.683,-0.407,0.639,0.591,-0.513,0.329,0.729,0.08,0.46,0.81,-0.339,0.856,-0.52,-0.256
AMZN,-0.371,0.623,0.65,0.881,0.554,-0.133,-0.532,-0.019,0.69,0.664,0.229,0.782,-0.315,1.0,-0.367,0.662,-0.287,0.532,0.537,0.539,0.788,0.755,0.193,-0.037,0.539,-0.563,0.651,-0.44,0.77,0.827,-0.072,0.397,0.825,0.669,0.709,-0.291,0.677,-0.218,0.521,0.753,-0.594,0.799,0.486,0.795,0.418,0.868,0.108,0.183,0.696,0.822,0.865,0.644,0.272,0.891,0.529,0.842,0.507,0.282,0.866,-0.276,0.698,0.813,-0.203,0.764,0.033,-0.451,0.713,-0.544,0.172,0.562,-0.506,0.77,0.759,-0.062,-0.374,0.75,0.774,0.607,0.871,0.857,0.425,-0.257,-0.519,0.786,-0.446,-0.127,0.752,0.368,-0.395,0.79,0.03,0.294,-0.255,-0.166,-0.504,-0.497,0.338,0.42,0.059,0.098,0.736,-0.441,0.72,0.641,-0.503,0.69,0.851,0.222,0.774,0.252,-0.357,0.565,0.798,0.829,0.873,0.768,-0.212,0.784,0.8,0.792,0.779,0.632,-0.233,0.752,0.517,0.855,-0.522,-0.022,0.501,0.587,0.882,0.345,0.546,-0.497,0.732,-0.551,0.76,-0.562,-0.485,0.058,0.71,-0.358,0.834,-0.381,0.489,0.67,0.144,0.721,-0.248,0.84,0.193,0.784,0.779,0.701,0.66,-0.316,-0.275,0.66,0.581,0.786,0.702,-0.377,-0.087,0.565,0.523,0.162,0.149,-0.167,0.685,0.692,0.634,0.796,-0.203,0.352,0.166,0.847,0.702,-0.364,0.578,0.61,0.783,-0.485,-0.505,-0.423,0.621,-0.396,-0.639,0.799,-0.339,-0.126,0.552,0.152,-0.501,0.44,0.113,-0.302,0.804,-0.498,0.691,0.869
APA,0.665,0.198,-0.718,-0.376,0.207,0.264,0.789,0.707,-0.518,-0.607,0.516,-0.14,0.846,-0.367,1.0,-0.372,0.752,-0.76,-0.702,-0.797,-0.395,-0.27,0.439,0.62,-0.016,0.598,-0.612,0.902,-0.511,-0.574,0.085,0.026,-0.471,0.026,-0.46,0.865,-0.18,0.855,-0.011,-0.331,0.715,-0.219,-0.486,-0.467,0.34,-0.355,0.414,0.536,-0.177,-0.038,-0.443,-0.518,0.055,-0.47,-0.326,-0.516,0.162,0.207,-0.533,0.89,-0.647,-0.581,0.644,-0.238,0.542,0.917,-0.229,0.864,0.511,-0.218,0.844,-0.476,-0.238,0.562,0.766,-0.6,-0.527,-0.055,-0.269,-0.249,0.111,0.854,0.868,-0.351,0.877,0.715,-0.551,0.032,0.867,-0.521,-0.036,0.287,0.704,0.285,0.895,0.828,0.336,0.163,0.577,0.613,-0.456,0.773,0.019,-0.228,0.786,-0.001,-0.483,0.26,-0.438,0.366,0.459,-0.712,-0.101,-0.251,-0.445,-0.158,0.533,-0.614,-0.413,-0.514,-0.472,-0.57,0.628,-0.206,-0.763,-0.19,0.753,0.657,0.329,-0.625,-0.297,0.335,0.025,0.855,-0.578,0.759,-0.22,0.738,0.829,0.186,-0.201,0.83,-0.565,0.884,-0.604,0.016,0.636,-0.607,0.701,-0.547,0.379,-0.442,-0.583,-0.127,-0.074,0.794,0.401,-0.246,-0.12,-0.582,-0.328,0.838,0.696,-0.391,-0.004,0.296,0.524,0.619,-0.233,-0.335,-0.472,-0.54,0.795,0.209,0.521,-0.437,-0.028,0.713,-0.111,-0.202,-0.558,0.857,0.795,0.823,-0.655,0.804,0.723,-0.451,0.652,0.637,-0.545,0.364,0.685,0.096,0.434,0.778,-0.447,0.862,-0.661,-0.417
APPS,-0.187,0.617,0.469,0.652,0.513,0.081,-0.504,0.005,0.489,0.545,0.29,0.709,-0.364,0.662,-0.372,1.0,-0.117,0.392,0.483,0.44,0.728,0.73,0.187,-0.186,0.608,-0.382,0.372,-0.469,0.608,0.636,-0.203,0.223,0.694,0.639,0.528,-0.202,0.518,-0.177,0.416,0.626,-0.616,0.672,0.398,0.538,0.455,0.629,0.234,0.258,0.62,0.621,0.681,0.466,0.373,0.64,0.341,0.609,0.484,0.377,0.612,-0.245,0.661,0.602,-0.068,0.632,0.176,-0.462,0.582,-0.507,0.253,0.52,-0.53,0.46,0.669,-0.052,-0.301,0.531,0.476,0.47,0.672,0.666,0.359,-0.199,-0.539,0.658,-0.527,-0.04,0.733,0.539,-0.449,0.607,-0.019,0.373,-0.193,-0.39,-0.509,-0.582,0.403,0.465,0.209,0.214,0.672,-0.354,0.696,0.592,-0.485,0.621,0.588,0.349,0.683,0.344,-0.341,0.252,0.669,0.683,0.64,0.731,0.064,0.553,0.645,0.648,0.644,0.493,-0.182,0.705,0.334,0.767,-0.546,0.074,0.548,0.409,0.631,0.45,0.7,-0.563,0.595,-0.497,0.68,-0.542,-0.449,-0.138,0.683,-0.307,0.631,-0.392,0.159,0.56,0.153,0.631,-0.166,0.568,0.231,0.643,0.671,0.628,0.491,-0.214,-0.158,0.653,0.568,0.585,0.479,-0.27,0.041,0.527,0.409,0.231,0.282,-0.054,0.671,0.561,0.296,0.497,-0.15,0.372,0.254,0.639,0.559,-0.223,0.687,0.308,0.533,-0.455,-0.562,-0.427,0.397,-0.302,-0.551,0.554,-0.057,0.079,0.49,0.228,-0.502,0.178,0.231,-0.138,0.68,-0.517,0.434,0.661
ARCC,0.74,0.336,-0.692,-0.228,0.392,0.299,0.7,0.699,-0.495,-0.509,0.613,0.068,0.706,-0.287,0.752,-0.117,1.0,-0.728,-0.486,-0.782,-0.125,-0.016,0.524,0.54,0.159,0.601,-0.452,0.747,-0.324,-0.473,0.095,-0.004,-0.251,0.236,-0.308,0.701,-0.126,0.769,0.1,-0.141,0.512,-0.024,-0.421,-0.236,0.473,-0.18,0.506,0.594,0.085,0.071,-0.297,-0.291,0.289,-0.323,-0.266,-0.37,0.287,0.36,-0.363,0.796,-0.536,-0.384,0.733,-0.127,0.654,0.7,-0.068,0.702,0.697,-0.092,0.602,-0.4,-0.089,0.477,0.671,-0.579,-0.593,0.099,-0.105,-0.053,0.14,0.822,0.718,-0.195,0.695,0.725,-0.395,0.08,0.736,-0.355,-0.047,0.494,0.668,0.185,0.77,0.636,0.389,0.411,0.678,0.677,-0.282,0.691,0.161,-0.097,0.676,0.112,-0.38,0.38,-0.264,0.508,0.4,-0.699,0.121,0.023,-0.346,0.035,0.646,-0.542,-0.124,-0.282,-0.403,-0.548,0.647,0.021,-0.706,0.025,0.592,0.695,0.507,-0.612,-0.167,0.496,0.184,0.729,-0.386,0.636,-0.015,0.647,0.685,0.156,0.006,0.738,-0.356,0.672,-0.503,0.208,0.655,-0.544,0.605,-0.408,0.491,-0.337,-0.348,0.089,0.03,0.709,0.372,-0.004,0.13,-0.454,-0.267,0.731,0.622,-0.249,0.208,0.398,0.623,0.612,-0.029,-0.25,-0.38,-0.504,0.745,0.357,0.654,-0.211,0.09,0.717,0.109,-0.203,-0.392,0.704,0.615,0.642,-0.653,0.794,0.645,-0.36,0.704,0.692,-0.422,0.418,0.594,0.047,0.559,0.73,-0.279,0.71,-0.586,-0.248
ARDX,-0.565,0.046,0.869,0.508,-0.058,0.028,-0.73,-0.528,0.732,0.771,-0.431,0.14,-0.645,0.532,-0.76,0.392,-0.728,1.0,0.674,0.877,0.476,0.384,-0.375,-0.474,0.105,-0.486,0.648,-0.735,0.575,0.702,-0.135,0.182,0.421,0.115,0.552,-0.62,0.479,-0.624,0.155,0.385,-0.631,0.293,0.618,0.478,-0.18,0.449,-0.351,-0.339,0.279,0.226,0.556,0.514,0.035,0.583,0.39,0.52,0.015,-0.038,0.576,-0.734,0.753,0.533,-0.592,0.384,-0.378,-0.748,0.267,-0.728,-0.357,0.176,-0.649,0.657,0.335,-0.327,-0.645,0.752,0.753,0.102,0.375,0.342,-0.044,-0.67,-0.765,0.416,-0.722,-0.59,0.63,0.206,-0.739,0.528,0.139,-0.213,-0.621,-0.185,-0.778,-0.666,-0.184,-0.139,-0.391,-0.455,0.53,-0.61,0.136,0.414,-0.712,0.133,0.681,-0.178,0.568,-0.213,-0.249,0.756,0.246,0.289,0.558,0.378,-0.487,0.644,0.354,0.493,0.598,0.803,-0.418,0.294,0.75,0.331,-0.643,-0.538,-0.144,0.738,0.454,-0.19,0.151,-0.699,0.562,-0.65,0.298,-0.687,-0.683,-0.137,0.435,-0.714,0.621,-0.656,0.641,0.147,-0.495,0.749,-0.492,0.631,-0.154,0.561,0.606,0.193,0.355,-0.563,-0.293,0.258,0.24,0.587,0.377,-0.668,-0.434,0.465,0.095,-0.04,-0.394,-0.359,0.385,0.588,0.51,0.529,-0.592,-0.136,-0.327,0.41,0.121,-0.571,0.255,0.351,0.616,-0.679,-0.72,-0.622,0.809,-0.715,-0.76,0.462,-0.601,-0.524,0.65,-0.244,-0.711,0.092,-0.233,-0.58,0.587,-0.702,0.786,0.528
ATER,-0.458,0.135,0.647,0.567,0.17,-0.123,-0.667,-0.435,0.66,0.633,-0.158,0.387,-0.606,0.537,-0.702,0.483,-0.486,0.674,1.0,0.683,0.587,0.424,-0.186,-0.322,0.214,-0.475,0.667,-0.662,0.692,0.747,0.137,0.333,0.612,0.286,0.646,-0.653,0.494,-0.598,0.269,0.448,-0.671,0.447,0.625,0.553,-0.062,0.651,-0.237,-0.232,0.413,0.391,0.578,0.715,0.032,0.665,0.349,0.721,0.126,-0.12,0.706,-0.55,0.744,0.664,-0.462,0.433,-0.315,-0.725,0.383,-0.674,-0.196,0.329,-0.619,0.638,0.417,-0.219,-0.643,0.699,0.657,0.221,0.518,0.504,0.101,-0.543,-0.686,0.591,-0.669,-0.47,0.698,0.207,-0.701,0.631,0.285,-0.082,-0.399,-0.192,-0.698,-0.714,-0.011,0.125,-0.283,-0.373,0.607,-0.583,0.31,0.4,-0.71,0.232,0.619,0.064,0.567,-0.094,-0.212,0.53,0.37,0.473,0.662,0.426,-0.447,0.69,0.51,0.641,0.614,0.623,-0.419,0.353,0.651,0.412,-0.675,-0.345,0.025,0.668,0.557,-0.085,0.178,-0.671,0.655,-0.69,0.432,-0.538,-0.688,0.041,0.45,-0.674,0.684,-0.641,0.641,0.278,-0.327,0.674,-0.492,0.745,-0.096,0.68,0.768,0.401,0.443,-0.541,-0.393,0.455,0.291,0.742,0.502,-0.638,-0.461,0.478,0.39,-0.017,-0.315,-0.373,0.378,0.567,0.58,0.69,-0.581,0.045,-0.213,0.622,0.351,-0.567,0.289,0.441,0.672,-0.688,-0.68,-0.693,0.619,-0.596,-0.474,0.536,-0.489,-0.451,0.684,-0.038,-0.688,0.28,-0.244,-0.629,0.636,-0.673,0.652,0.557
ATOS,-0.639,-0.036,0.79,0.442,-0.121,-0.067,-0.819,-0.558,0.749,0.726,-0.448,0.192,-0.74,0.539,-0.797,0.44,-0.782,0.877,0.683,1.0,0.418,0.279,-0.492,-0.491,0.049,-0.551,0.551,-0.757,0.53,0.703,-0.119,0.155,0.427,0.044,0.573,-0.628,0.494,-0.76,0.115,0.352,-0.681,0.247,0.696,0.431,-0.286,0.408,-0.427,-0.397,0.19,0.19,0.501,0.509,-0.05,0.531,0.355,0.556,-0.086,-0.171,0.531,-0.771,0.755,0.537,-0.692,0.374,-0.511,-0.78,0.2,-0.763,-0.477,0.192,-0.696,0.566,0.271,-0.425,-0.713,0.782,0.798,0.028,0.392,0.319,0.1,-0.763,-0.807,0.419,-0.799,-0.675,0.681,0.266,-0.763,0.496,0.15,-0.292,-0.622,-0.23,-0.866,-0.741,-0.247,-0.199,-0.516,-0.569,0.568,-0.697,0.102,0.382,-0.771,0.09,0.552,-0.195,0.525,-0.294,-0.303,0.67,0.186,0.231,0.573,0.29,-0.554,0.747,0.328,0.465,0.591,0.846,-0.59,0.237,0.815,0.27,-0.686,-0.546,-0.174,0.698,0.39,-0.257,0.076,-0.786,0.55,-0.741,0.227,-0.714,-0.769,-0.203,0.305,-0.794,0.566,-0.671,0.57,0.09,-0.487,0.727,-0.587,0.596,-0.249,0.569,0.583,0.142,0.236,-0.615,-0.326,0.211,0.161,0.594,0.366,-0.743,-0.507,0.498,0.088,-0.145,-0.481,-0.475,0.298,0.494,0.539,0.587,-0.669,-0.252,-0.421,0.391,0.1,-0.675,0.162,0.406,0.603,-0.762,-0.741,-0.657,0.75,-0.754,-0.744,0.459,-0.635,-0.62,0.679,-0.257,-0.707,0.1,-0.374,-0.683,0.526,-0.765,0.699,0.461
AUPH,-0.171,0.678,0.64,0.855,0.583,0.051,-0.417,-0.001,0.635,0.713,0.347,0.749,-0.273,0.788,-0.395,0.728,-0.125,0.476,0.587,0.418,1.0,0.877,0.267,-0.169,0.665,-0.487,0.607,-0.395,0.767,0.804,-0.102,0.358,0.77,0.736,0.572,-0.272,0.618,-0.118,0.5,0.79,-0.584,0.855,0.383,0.731,0.512,0.865,0.284,0.29,0.75,0.794,0.885,0.599,0.401,0.813,0.448,0.766,0.537,0.378,0.854,-0.294,0.701,0.772,-0.017,0.777,0.207,-0.433,0.784,-0.448,0.295,0.575,-0.45,0.692,0.827,-0.017,-0.298,0.719,0.64,0.645,0.848,0.853,0.329,-0.095,-0.466,0.775,-0.457,-0.092,0.712,0.345,-0.433,0.797,-0.043,0.417,-0.161,-0.348,-0.414,-0.495,0.479,0.606,0.215,0.211,0.724,-0.289,0.798,0.69,-0.412,0.695,0.784,0.363,0.858,0.378,-0.32,0.402,0.779,0.872,0.8,0.88,0.007,0.65,0.773,0.817,0.828,0.509,-0.161,0.816,0.438,0.883,-0.462,0.097,0.605,0.547,0.852,0.471,0.716,-0.441,0.753,-0.496,0.789,-0.567,-0.367,-0.061,0.823,-0.248,0.823,-0.365,0.341,0.634,0.198,0.659,-0.2,0.844,0.211,0.749,0.843,0.736,0.663,-0.186,-0.217,0.78,0.626,0.765,0.565,-0.267,0.027,0.504,0.395,0.144,0.285,-0.04,0.807,0.72,0.403,0.669,-0.134,0.461,0.223,0.768,0.732,-0.217,0.749,0.373,0.77,-0.382,-0.577,-0.454,0.626,-0.321,-0.601,0.685,-0.163,0.044,0.614,0.275,-0.456,0.213,0.258,-0.169,0.782,-0.451,0.667,0.88
AVGO,-0.036,0.801,0.518,0.792,0.724,0.085,-0.261,0.163,0.51,0.649,0.381,0.714,-0.165,0.755,-0.27,0.73,-0.016,0.384,0.424,0.279,0.877,1.0,0.322,-0.203,0.781,-0.466,0.453,-0.282,0.711,0.703,-0.259,0.204,0.768,0.783,0.456,-0.114,0.589,0.047,0.652,0.877,-0.44,0.847,0.184,0.641,0.595,0.789,0.489,0.511,0.769,0.724,0.804,0.491,0.588,0.818,0.391,0.644,0.734,0.586,0.779,-0.218,0.644,0.718,0.154,0.787,0.339,-0.283,0.811,-0.334,0.474,0.667,-0.408,0.611,0.768,-0.112,-0.098,0.542,0.536,0.702,0.778,0.829,0.468,0.016,-0.33,0.746,-0.305,0.118,0.675,0.374,-0.253,0.715,-0.26,0.58,-0.047,-0.454,-0.307,-0.348,0.541,0.63,0.43,0.42,0.643,-0.135,0.861,0.74,-0.225,0.745,0.714,0.35,0.792,0.603,-0.385,0.322,0.855,0.875,0.72,0.888,0.184,0.57,0.769,0.776,0.712,0.434,-0.117,0.877,0.27,0.908,-0.336,0.22,0.724,0.324,0.749,0.674,0.78,-0.36,0.661,-0.357,0.812,-0.441,-0.198,-0.223,0.798,-0.059,0.767,-0.259,0.196,0.765,0.359,0.573,-0.009,0.712,0.378,0.708,0.769,0.833,0.598,-0.072,-0.013,0.824,0.723,0.659,0.44,-0.133,0.222,0.541,0.429,0.233,0.516,0.133,0.849,0.561,0.24,0.596,0.023,0.616,0.454,0.718,0.784,-0.058,0.813,0.215,0.656,-0.249,-0.482,-0.284,0.53,-0.127,-0.49,0.552,0.041,0.277,0.505,0.243,-0.299,0.135,0.524,0.046,0.771,-0.319,0.555,0.784
AZN,0.305,0.584,-0.272,0.357,0.533,0.059,0.378,0.527,-0.262,-0.259,0.692,0.415,0.589,0.193,0.439,0.187,0.524,-0.375,-0.186,-0.492,0.267,0.322,1.0,0.551,0.288,0.16,0.08,0.29,-0.038,-0.026,0.196,0.388,0.121,0.5,0.085,0.384,0.061,0.616,0.077,0.141,0.159,0.373,-0.22,0.165,0.777,0.302,0.386,0.469,0.442,0.556,0.25,-0.011,0.009,0.09,0.143,0.034,0.49,0.346,0.142,0.591,-0.174,0.069,0.43,0.201,0.65,0.302,0.331,0.29,0.673,0.031,0.318,0.047,0.462,0.548,0.347,-0.183,-0.226,0.541,0.402,0.47,0.056,0.552,0.277,0.31,0.393,0.62,0.034,0.043,0.376,0.065,0.087,0.479,0.36,0.224,0.429,0.236,0.67,0.59,0.501,0.603,0.099,0.277,0.535,0.018,0.305,0.521,0.131,0.481,0.01,0.367,0.123,-0.22,0.373,0.427,0.166,0.336,0.573,-0.181,0.28,0.138,0.055,-0.355,0.589,0.367,-0.355,0.425,0.242,0.616,0.574,-0.231,0.366,0.583,0.423,0.302,-0.082,0.334,0.414,0.22,0.306,0.453,0.319,0.437,0.074,0.332,-0.281,0.284,0.592,-0.027,0.377,0.03,0.308,0.121,-0.001,0.306,0.376,0.37,0.071,0.184,0.184,0.012,0.267,0.428,0.431,-0.055,0.302,0.42,0.58,0.222,0.155,0.199,-0.016,-0.077,0.512,0.53,0.535,0.296,0.489,0.435,0.372,0.108,-0.052,0.33,0.303,0.342,-0.306,0.441,0.201,0.238,0.487,0.452,-0.259,0.537,0.188,0.396,0.375,0.482,0.152,0.285,-0.207,0.308
BCRX,0.281,0.163,-0.415,-0.027,0.225,0.074,0.37,0.461,-0.238,-0.478,0.418,0.091,0.605,-0.037,0.62,-0.186,0.54,-0.474,-0.322,-0.491,-0.169,-0.203,0.551,1.0,-0.193,0.406,-0.134,0.511,-0.276,-0.316,0.304,0.388,-0.183,0.146,-0.002,0.429,-0.029,0.488,-0.14,-0.305,0.29,-0.054,-0.031,-0.091,0.342,0.005,-0.013,0.189,0.004,0.272,-0.167,-0.111,-0.269,-0.186,-0.001,-0.102,0.078,-0.081,-0.184,0.736,-0.391,-0.316,0.235,-0.137,0.328,0.436,-0.185,0.417,0.363,-0.287,0.472,-0.189,0.002,0.607,0.33,-0.326,-0.275,0.143,0.075,0.069,-0.08,0.49,0.441,-0.012,0.516,0.391,-0.188,0.028,0.544,-0.258,0.385,0.149,0.311,0.62,0.562,0.401,0.205,0.11,0.303,0.284,-0.102,0.29,0.088,-0.274,0.27,0.039,-0.153,0.19,-0.289,0.087,0.392,-0.279,0.072,-0.035,-0.043,-0.041,0.246,-0.352,-0.177,-0.271,-0.24,-0.319,0.562,-0.091,-0.372,-0.044,0.358,0.333,0.247,-0.194,0.118,0.138,-0.005,0.534,-0.275,0.447,-0.051,0.387,0.311,0.51,-0.031,0.356,-0.256,0.504,-0.206,-0.008,0.411,-0.285,0.256,-0.219,0.234,-0.138,-0.311,-0.083,0.242,0.416,0.076,-0.225,-0.152,-0.263,0.059,0.437,0.257,-0.263,0.371,0.361,0.298,0.172,-0.244,0.048,0.154,-0.254,0.498,0.114,0.259,-0.019,0.135,0.336,-0.159,0.442,-0.211,0.384,0.513,0.471,-0.407,0.422,0.368,-0.082,0.285,0.146,-0.394,0.316,0.262,0.54,0.001,0.31,-0.2,0.426,-0.348,-0.072
BGC,0.127,0.744,0.272,0.551,0.674,0.105,-0.025,0.355,0.314,0.462,0.336,0.539,0.024,0.539,-0.016,0.608,0.159,0.105,0.214,0.049,0.665,0.781,0.288,-0.193,1.0,-0.137,0.247,-0.016,0.545,0.506,-0.144,-0.008,0.561,0.619,0.349,0.116,0.489,0.233,0.571,0.726,-0.173,0.693,0.064,0.446,0.68,0.544,0.704,0.621,0.676,0.584,0.641,0.356,0.713,0.584,0.349,0.407,0.644,0.782,0.501,-0.017,0.429,0.505,0.341,0.653,0.393,-0.011,0.717,-0.04,0.457,0.527,-0.118,0.428,0.708,0.115,0.16,0.36,0.33,0.536,0.524,0.578,0.564,0.146,-0.043,0.509,-0.038,0.319,0.414,0.239,-0.056,0.456,-0.236,0.622,0.216,-0.38,-0.106,-0.098,0.499,0.464,0.545,0.6,0.396,0.091,0.739,0.778,0.038,0.758,0.432,0.269,0.652,0.665,-0.127,0.022,0.667,0.679,0.477,0.777,0.277,0.327,0.587,0.509,0.565,0.246,0.114,0.819,0.046,0.749,-0.093,0.445,0.714,0.125,0.527,0.627,0.773,-0.168,0.447,-0.171,0.777,-0.197,0.046,-0.128,0.704,0.206,0.517,0.045,0.038,0.771,0.381,0.367,0.291,0.483,0.514,0.467,0.526,0.719,0.464,0.17,0.129,0.721,0.818,0.469,0.347,0.204,0.317,0.388,0.391,0.244,0.622,0.38,0.778,0.416,0.051,0.393,0.197,0.615,0.458,0.496,0.565,0.123,0.817,0.016,0.347,0.062,-0.247,-0.026,0.274,0.082,-0.233,0.361,0.213,0.508,0.386,0.182,-0.021,-0.004,0.703,0.286,0.568,0.001,0.338,0.608
BIDU,0.499,-0.111,-0.592,-0.532,-0.051,0.379,0.586,0.449,-0.469,-0.478,0.089,-0.458,0.565,-0.563,0.598,-0.382,0.601,-0.486,-0.475,-0.551,-0.487,-0.466,0.16,0.406,-0.137,1.0,-0.405,0.65,-0.448,-0.536,0.28,-0.081,-0.6,-0.281,-0.252,0.561,-0.108,0.503,-0.234,-0.533,0.612,-0.474,-0.116,-0.533,0.062,-0.53,0.125,0.183,-0.24,-0.27,-0.544,-0.367,-0.044,-0.562,-0.315,-0.631,-0.124,0.13,-0.625,0.612,-0.572,-0.653,0.413,-0.407,0.344,0.633,-0.514,0.69,0.277,-0.456,0.673,-0.465,-0.392,0.61,0.6,-0.522,-0.52,-0.404,-0.471,-0.467,-0.064,0.534,0.651,-0.465,0.61,0.475,-0.541,-0.031,0.638,-0.67,0.386,0.02,0.516,0.427,0.619,0.623,-0.135,-0.17,0.25,0.28,-0.518,0.619,-0.281,-0.296,0.627,-0.244,-0.538,0.015,-0.534,0.092,0.838,-0.626,-0.359,-0.495,-0.544,-0.284,0.435,-0.62,-0.585,-0.67,-0.554,-0.348,0.747,-0.295,-0.588,-0.405,0.663,0.424,0.034,-0.404,-0.44,0.013,-0.191,0.663,-0.619,0.683,-0.335,0.669,0.607,0.345,-0.194,0.503,-0.547,0.67,-0.413,-0.126,0.271,-0.475,0.536,-0.571,0.414,-0.509,-0.593,-0.404,-0.101,0.636,0.444,-0.481,-0.133,-0.594,-0.405,0.66,0.336,-0.308,0.008,0.323,0.248,0.567,-0.337,-0.174,-0.365,-0.657,0.576,-0.049,0.167,-0.535,-0.398,0.567,-0.194,-0.253,-0.642,0.683,0.644,0.693,-0.586,0.611,0.647,-0.537,0.512,0.421,-0.322,0.129,0.503,0.008,0.209,0.559,-0.458,0.688,-0.527,-0.507
BILI,-0.559,0.162,0.686,0.745,0.178,-0.245,-0.56,-0.375,0.587,0.586,-0.174,0.429,-0.446,0.651,-0.612,0.372,-0.452,0.648,0.667,0.551,0.607,0.453,0.08,-0.134,0.247,-0.405,1.0,-0.6,0.649,0.741,0.221,0.318,0.551,0.345,0.729,-0.643,0.407,-0.479,0.085,0.416,-0.537,0.519,0.53,0.769,0.138,0.656,-0.251,-0.249,0.557,0.54,0.726,0.705,-0.006,0.733,0.628,0.738,0.097,0.026,0.783,-0.425,0.609,0.747,-0.416,0.386,-0.264,-0.589,0.455,-0.578,-0.158,0.171,-0.551,0.765,0.59,-0.027,-0.519,0.667,0.625,0.381,0.615,0.617,-0.07,-0.516,-0.611,0.645,-0.504,-0.411,0.608,-0.056,-0.526,0.629,0.34,-0.073,-0.453,0.2,-0.573,-0.568,-0.054,0.058,-0.269,-0.312,0.612,-0.603,0.34,0.358,-0.592,0.373,0.748,-0.131,0.583,-0.182,-0.152,0.712,0.435,0.577,0.72,0.446,-0.408,0.636,0.597,0.635,0.606,0.507,-0.143,0.504,0.634,0.529,-0.527,-0.383,0.042,0.721,0.72,-0.061,0.17,-0.581,0.648,-0.588,0.543,-0.59,-0.611,0.388,0.498,-0.556,0.745,-0.542,0.743,0.323,-0.288,0.661,-0.444,0.806,-0.059,0.67,0.695,0.346,0.5,-0.551,-0.323,0.403,0.344,0.732,0.654,-0.572,-0.517,0.326,0.302,0.016,-0.244,-0.409,0.377,0.677,0.712,0.683,-0.457,0.071,-0.229,0.763,0.374,-0.552,0.29,0.524,0.675,-0.587,-0.517,-0.558,0.66,-0.552,-0.612,0.761,-0.507,-0.386,0.489,-0.176,-0.605,0.43,-0.212,-0.562,0.613,-0.575,0.763,0.755
BKR,0.719,0.113,-0.654,-0.463,0.161,0.343,0.857,0.721,-0.411,-0.508,0.373,-0.283,0.839,-0.44,0.902,-0.469,0.747,-0.735,-0.662,-0.757,-0.395,-0.282,0.29,0.511,-0.016,0.65,-0.6,1.0,-0.478,-0.563,0.07,-0.023,-0.516,-0.109,-0.41,0.803,-0.122,0.796,0.022,-0.325,0.809,-0.309,-0.423,-0.54,0.206,-0.41,0.424,0.507,-0.236,-0.137,-0.493,-0.477,0.111,-0.477,-0.324,-0.546,0.11,0.204,-0.549,0.814,-0.606,-0.614,0.616,-0.225,0.51,0.931,-0.309,0.95,0.459,-0.242,0.898,-0.45,-0.343,0.465,0.818,-0.545,-0.473,-0.145,-0.363,-0.337,0.173,0.839,0.964,-0.401,0.892,0.682,-0.593,0.048,0.907,-0.575,-0.024,0.302,0.754,0.252,0.907,0.917,0.195,0.068,0.541,0.575,-0.549,0.843,-0.059,-0.17,0.851,-0.104,-0.545,0.199,-0.433,0.378,0.583,-0.685,-0.146,-0.336,-0.487,-0.189,0.525,-0.628,-0.496,-0.545,-0.471,-0.469,0.627,-0.221,-0.656,-0.254,0.89,0.595,0.272,-0.604,-0.379,0.272,-0.038,0.913,-0.573,0.809,-0.295,0.785,0.916,0.083,-0.241,0.828,-0.528,0.945,-0.538,0.008,0.59,-0.644,0.714,-0.54,0.436,-0.484,-0.567,-0.182,-0.109,0.86,0.523,-0.285,-0.101,-0.592,-0.45,0.863,0.637,-0.357,-0.034,0.224,0.504,0.683,-0.223,-0.396,-0.46,-0.555,0.813,0.152,0.425,-0.517,-0.092,0.749,-0.158,-0.278,-0.533,0.93,0.82,0.871,-0.542,0.809,0.777,-0.59,0.623,0.603,-0.478,0.326,0.765,-0.029,0.451,0.786,-0.478,0.951,-0.578,-0.472
BLDP,-0.4,0.455,0.665,0.73,0.478,-0.013,-0.525,-0.171,0.626,0.782,0.104,0.644,-0.497,0.77,-0.511,0.608,-0.324,0.575,0.692,0.53,0.767,0.711,-0.038,-0.276,0.545,-0.448,0.649,-0.478,1.0,0.829,-0.126,0.26,0.866,0.557,0.59,-0.42,0.613,-0.373,0.643,0.822,-0.592,0.769,0.508,0.673,0.208,0.796,0.224,0.177,0.6,0.591,0.744,0.698,0.461,0.882,0.381,0.797,0.448,0.258,0.862,-0.427,0.801,0.796,-0.105,0.631,-0.122,-0.514,0.672,-0.549,0.101,0.69,-0.6,0.766,0.596,-0.239,-0.421,0.746,0.709,0.465,0.69,0.694,0.431,-0.337,-0.508,0.63,-0.521,-0.253,0.686,0.245,-0.485,0.812,0.014,0.243,-0.318,-0.31,-0.514,-0.539,0.159,0.358,0.0,-0.004,0.658,-0.38,0.573,0.589,-0.488,0.521,0.785,0.243,0.756,0.326,-0.28,0.541,0.708,0.728,0.758,0.702,-0.252,0.798,0.757,0.805,0.677,0.645,-0.321,0.643,0.466,0.726,-0.507,-0.127,0.358,0.637,0.721,0.224,0.445,-0.541,0.855,-0.587,0.63,-0.601,-0.47,-0.105,0.647,-0.375,0.9,-0.505,0.526,0.644,0.035,0.642,-0.316,0.829,0.281,0.694,0.821,0.773,0.597,-0.392,-0.26,0.781,0.558,0.79,0.479,-0.441,-0.118,0.482,0.44,0.026,0.108,-0.048,0.719,0.609,0.546,0.778,-0.296,0.446,0.056,0.749,0.589,-0.478,0.596,0.437,0.767,-0.535,-0.592,-0.553,0.655,-0.429,-0.624,0.636,-0.268,-0.089,0.804,0.083,-0.525,0.18,0.146,-0.371,0.779,-0.541,0.701,0.719
BLNK,-0.484,0.476,0.787,0.835,0.388,-0.048,-0.607,-0.213,0.786,0.832,-0.016,0.584,-0.457,0.827,-0.574,0.636,-0.473,0.702,0.747,0.703,0.804,0.703,-0.026,-0.316,0.506,-0.536,0.741,-0.563,0.829,1.0,-0.071,0.342,0.727,0.528,0.769,-0.481,0.706,-0.383,0.427,0.717,-0.619,0.734,0.634,0.736,0.257,0.827,0.032,0.062,0.609,0.666,0.879,0.666,0.226,0.886,0.545,0.823,0.382,0.186,0.875,-0.494,0.847,0.841,-0.272,0.689,-0.158,-0.571,0.685,-0.587,0.003,0.478,-0.55,0.809,0.725,-0.152,-0.475,0.889,0.888,0.47,0.792,0.767,0.33,-0.411,-0.611,0.743,-0.575,-0.319,0.782,0.335,-0.547,0.775,0.105,0.131,-0.357,-0.259,-0.65,-0.579,0.167,0.255,-0.094,-0.101,0.722,-0.477,0.592,0.657,-0.537,0.543,0.812,0.114,0.803,0.149,-0.275,0.619,0.601,0.715,0.876,0.729,-0.34,0.881,0.715,0.791,0.845,0.746,-0.356,0.673,0.65,0.73,-0.583,-0.141,0.329,0.723,0.791,0.172,0.485,-0.652,0.755,-0.681,0.684,-0.605,-0.538,0.009,0.699,-0.468,0.858,-0.484,0.597,0.533,-0.061,0.775,-0.321,0.912,0.084,0.841,0.865,0.6,0.576,-0.4,-0.343,0.635,0.512,0.859,0.657,-0.484,-0.201,0.603,0.334,0.076,0.008,-0.206,0.693,0.744,0.602,0.835,-0.367,0.252,-0.003,0.774,0.569,-0.509,0.573,0.444,0.824,-0.556,-0.649,-0.542,0.767,-0.499,-0.671,0.773,-0.374,-0.195,0.761,0.019,-0.569,0.276,0.027,-0.41,0.849,-0.573,0.819,0.848
BYND,0.031,-0.239,-0.093,0.008,-0.181,-0.263,0.094,-0.017,-0.023,-0.282,-0.019,-0.091,0.105,-0.072,0.085,-0.203,0.095,-0.135,0.137,-0.119,-0.102,-0.259,0.196,0.304,-0.144,0.28,0.221,0.07,-0.126,-0.071,1.0,0.152,-0.213,-0.078,0.223,-0.082,0.028,-0.035,-0.37,-0.331,0.171,-0.194,0.187,0.157,-0.002,-0.044,-0.322,-0.34,0.182,0.123,-0.003,0.374,-0.293,-0.09,0.15,0.06,-0.264,-0.154,-0.007,0.178,-0.196,0.069,-0.197,-0.063,-0.042,0.084,-0.219,0.152,-0.077,-0.312,0.212,0.016,0.031,0.485,0.127,-0.039,-0.07,-0.21,0.045,0.024,-0.112,0.066,0.141,0.083,0.193,0.053,-0.072,-0.231,0.106,-0.066,0.575,-0.188,0.188,0.566,0.099,0.036,-0.114,-0.131,-0.142,-0.132,-0.052,-0.034,-0.169,-0.121,-0.007,-0.009,0.028,-0.088,-0.156,-0.272,0.4,-0.029,-0.129,-0.053,0.004,-0.122,-0.103,-0.061,-0.066,-0.072,0.005,-0.111,0.215,-0.018,0.069,-0.129,0.049,0.079,-0.122,0.054,0.114,-0.248,-0.273,0.094,-0.087,0.036,0.081,0.185,-0.015,0.703,-0.04,-0.101,-0.06,0.164,0.276,-0.024,-0.061,-0.058,-0.066,0.043,0.032,-0.021,-0.07,-0.288,0.135,0.103,-0.144,-0.291,-0.01,0.072,0.273,-0.008,-0.286,-0.057,0.243,-0.013,-0.26,-0.148,-0.293,0.176,0.233,-0.023,-0.046,-0.233,-0.207,0.105,-0.228,0.036,-0.29,0.203,-0.001,0.081,0.223,0.044,-0.105,0.073,0.262,0.16,-0.095,-0.117,-0.134,0.052,-0.122,0.535,-0.318,-0.098,-0.07,0.161,0.008,0.019
