,AAL,AAPL,ABUS,ADBE,ADI,ADMA,AEP,AGNC,AKBA,ALT,AMAT,AMD,AMGN,AMZN,APA,APPS,ARCC,ARDX,ATER,ATOS,AUPH,AVGO,AZN,BCRX,BGC,BIDU,BILI,BKR,BLDP,BLNK,BYND,CAN,CELH,CG,CGC,CHRD,CLNE,CMCSA,COMM,COST,CPB,CPRT,CRON,CRWD,CSCO,CSGP,CSX,CTSH,CZR,DBX,DDOG,DKNG,DLTR,DOCU,DVAX,DXCM,EA,EBAY,ENPH,ERIC,ESPR,ETSY,EXC,EXEL,EXPE,FANG,FAST,FITB,FLEX,FOLD,FOXA,FSLR,FTNT,FUTU,GEN,GERN,GEVO,GILD,GOOG,GOOGL,GPRO,GT,HBAN,HIVE,HON,HST,HUT,IBRX,INTC,IOVA,IQ,IRWD,JBLU,JD,KDP,KHC,LBTYK,LRCX,LYFT,MAR,MARA,MAT,MCHP,MCRB,MDLZ,META,MGNI,MLCO,MNKD,MNST,MOMO,MRNA,MRVL,MSFT,MSTR,MTCH,MU,MVIS,NDAQ,NFLX,NKTR,NNDM,NTES,NTNX,NVAX,NVDA,NWL,NWSA,NXPI,OCGN,OKTA,ON,OPK,PAA,PACB,PAGP,PANW,PARA,PCAR,PDD,PENN,PEP,PLUG,PTEN,PTON,PYPL,QCOM,QUBT,QVCGA,RDFN,REAL,RIOT,ROKU,ROST,RUN,SABR,SAVA,SBUX,SFIX,SGMO,SIRI,SLM,SMCI,SNDL,SONO,STNE,STX,TCOM,TGTX,TIGR,TLRY,TMUS,TRIP,TSCO,TSLA,TTD,TXN,UAL,UNIT,VERU,VKTX,VLY,VOD,VTRS,VXRT,WBA,WBD,WDAY,WDC,WEN,WW,WYNN,XEL,XP,XRAY,XRX,Z,ZION,ZM,ZS
AAL,1.0,0.725,0.687,0.494,0.233,0.365,-0.095,0.059,0.381,0.137,0.662,0.398,-0.298,0.828,0.316,0.833,0.791,0.728,0.733,0.629,0.206,0.412,0.381,0.752,0.733,0.49,0.702,-0.103,0.82,0.8,0.75,0.703,0.147,0.618,0.488,0.123,0.82,0.038,0.242,0.439,-0.063,0.613,0.035,0.83,0.327,0.723,0.511,0.596,0.733,0.839,0.581,0.589,0.385,0.718,-0.124,0.645,-0.042,0.657,0.662,0.657,0.449,0.642,0.057,0.545,0.565,0.232,0.726,0.68,0.874,-0.014,0.804,0.808,0.379,0.419,0.339,0.362,0.68,-0.209,0.653,0.663,0.792,0.839,0.507,0.667,0.677,0.59,0.687,0.608,0.743,0.028,0.206,0.557,0.719,0.741,0.171,0.089,0.325,0.443,0.514,0.67,0.748,0.44,0.489,0.559,0.159,0.791,0.573,0.543,-0.081,-0.071,0.566,0.712,0.755,0.808,0.831,0.531,0.708,0.735,0.701,0.658,0.619,0.589,0.229,0.329,0.656,0.822,0.454,0.804,0.279,0.754,0.672,0.483,0.019,0.361,0.763,0.479,0.586,0.029,0.462,0.482,0.836,0.145,0.814,0.355,0.745,0.834,0.767,0.059,0.702,0.75,0.678,0.728,0.785,0.536,0.522,0.738,0.008,0.645,0.838,0.613,0.276,0.33,0.124,0.566,0.74,0.517,0.523,0.76,0.496,0.571,0.645,0.371,0.559,0.506,0.732,0.804,0.489,0.943,0.76,-0.179,0.625,0.349,0.189,-0.118,0.721,0.267,0.791,0.489,0.712,0.669,0.519,0.859,-0.316,0.467,0.724,0.61,0.452,0.679,0.598,0.734
AAPL,0.725,1.0,0.379,0.155,-0.177,-0.092,-0.24,0.336,0.616,-0.23,0.421,0.044,-0.527,0.751,-0.007,0.749,0.863,0.737,0.686,0.572,-0.174,0.604,0.095,0.519,0.689,0.035,0.381,-0.446,0.663,0.777,0.863,0.539,-0.241,0.423,0.465,-0.151,0.487,-0.307,0.144,0.728,0.298,0.399,-0.189,0.712,0.671,0.574,0.725,0.707,0.718,0.761,0.696,0.166,0.568,0.366,-0.456,0.614,-0.4,0.762,0.389,0.34,0.098,0.773,-0.181,0.748,0.597,0.019,0.774,0.551,0.701,-0.355,0.576,0.758,0.044,-0.046,0.325,0.516,0.277,-0.475,0.71,0.72,0.678,0.702,0.316,0.728,0.677,0.442,0.773,0.334,0.838,0.04,-0.268,0.662,0.504,0.499,0.545,0.43,-0.035,0.099,0.468,0.679,0.815,0.604,0.269,0.709,0.593,0.737,0.144,0.144,-0.357,-0.312,0.283,0.424,0.566,0.897,0.814,0.252,0.495,0.418,0.628,0.407,0.602,0.192,-0.209,0.407,0.501,0.691,0.642,0.713,-0.025,0.439,0.73,0.051,-0.305,0.027,0.674,0.155,0.611,-0.427,0.55,0.123,0.783,0.408,0.682,-0.016,0.563,0.673,0.809,-0.149,0.659,0.717,0.858,0.804,0.47,0.683,0.213,0.779,-0.345,0.536,0.781,0.568,0.022,0.033,0.12,0.48,0.691,0.156,0.181,0.482,0.692,0.144,0.442,0.053,0.123,0.64,0.888,0.4,0.189,0.727,0.604,-0.531,0.641,0.204,-0.168,-0.446,0.487,0.501,0.547,0.621,0.422,0.608,0.664,0.657,-0.56,0.191,0.584,0.326,0.082,0.669,0.344,0.742
ABUS,0.687,0.379,1.0,0.502,0.409,0.592,0.048,-0.018,0.088,0.369,0.574,0.475,-0.053,0.533,0.443,0.637,0.418,0.441,0.496,0.415,0.471,0.121,0.477,0.723,0.534,0.523,0.626,0.149,0.716,0.59,0.484,0.6,0.408,0.43,0.367,0.297,0.718,0.202,0.298,0.034,-0.262,0.536,0.199,0.593,-0.007,0.651,0.223,0.235,0.459,0.571,0.352,0.692,0.017,0.719,0.21,0.316,0.273,0.242,0.723,0.544,0.592,0.275,0.178,0.278,0.19,0.311,0.539,0.501,0.514,0.206,0.694,0.66,0.513,0.528,0.187,0.069,0.778,0.114,0.254,0.267,0.493,0.596,0.564,0.367,0.383,0.322,0.463,0.761,0.366,0.074,0.42,0.393,0.556,0.62,-0.152,-0.188,0.429,0.475,0.306,0.245,0.503,0.131,0.5,0.319,-0.092,0.441,0.678,0.602,0.16,0.107,0.496,0.657,0.541,0.519,0.645,0.574,0.557,0.632,0.553,0.6,0.402,0.759,0.327,0.164,0.727,0.54,0.052,0.509,0.314,0.73,0.438,0.557,0.221,0.534,0.674,0.516,0.386,0.282,0.158,0.532,0.654,-0.136,0.718,0.413,0.703,0.65,0.445,0.057,0.357,0.624,0.393,0.515,0.674,0.216,0.689,0.602,0.273,0.606,0.632,0.541,0.421,0.487,0.092,0.536,0.538,0.65,0.452,0.591,0.295,0.646,0.657,0.45,0.53,0.116,0.38,0.679,0.431,0.656,0.573,0.156,0.295,0.338,0.196,0.127,0.84,0.051,0.574,0.211,0.517,0.422,0.166,0.721,-0.071,0.491,0.723,0.493,0.43,0.453,0.409,0.475
ADBE,0.494,0.155,0.502,1.0,0.741,0.638,0.456,0.157,0.044,0.578,0.712,0.6,0.457,0.565,0.8,0.375,0.346,0.09,0.156,0.165,0.68,0.17,0.585,0.559,0.251,0.823,0.634,0.634,0.491,0.424,0.131,0.374,0.66,0.637,0.086,0.587,0.642,0.598,0.31,-0.009,-0.153,0.773,0.267,0.46,-0.02,0.561,0.047,0.306,0.136,0.499,0.068,0.727,0.093,0.775,0.459,0.118,0.529,0.297,0.684,0.733,0.42,0.192,0.591,0.001,0.09,0.682,0.516,0.582,0.45,0.636,0.616,0.414,0.753,0.784,0.504,0.221,0.739,0.485,0.211,0.176,0.319,0.531,0.702,0.1,0.372,0.51,0.2,0.586,0.378,-0.167,0.54,0.109,0.461,0.493,-0.094,-0.32,0.741,0.796,0.115,0.213,0.212,0.039,0.796,0.041,-0.139,0.199,0.634,0.744,0.441,0.534,0.755,0.647,0.616,0.428,0.335,0.64,0.587,0.597,0.572,0.73,0.099,0.539,0.746,-0.17,0.375,0.453,0.079,0.372,0.796,0.641,0.213,0.842,0.66,0.695,0.471,0.658,0.38,0.516,0.467,0.78,0.264,0.231,0.478,0.658,0.393,0.504,0.466,0.242,0.363,0.284,0.004,0.275,0.382,0.021,0.68,0.186,0.643,0.589,0.246,0.146,0.724,0.665,0.099,0.167,0.428,0.7,0.742,0.552,0.032,0.643,0.416,0.718,0.612,0.05,0.141,0.49,0.865,0.551,0.44,0.34,0.436,0.627,0.438,0.527,0.612,0.177,0.669,-0.002,0.556,0.378,-0.16,0.483,0.304,0.564,0.452,0.78,0.412,0.486,0.518,0.269
ADI,0.233,-0.177,0.409,0.741,1.0,0.718,0.579,-0.091,-0.333,0.674,0.612,0.698,0.552,0.212,0.711,0.065,-0.017,-0.151,-0.107,-0.077,0.647,-0.035,0.635,0.406,0.015,0.797,0.396,0.706,0.292,0.069,-0.168,0.26,0.721,0.41,-0.108,0.655,0.379,0.677,0.282,-0.227,-0.337,0.553,0.206,0.159,-0.302,0.289,-0.295,-0.003,-0.12,0.144,-0.164,0.607,-0.083,0.568,0.636,-0.212,0.649,-0.065,0.603,0.579,0.41,-0.181,0.619,-0.276,-0.206,0.578,0.156,0.393,0.216,0.617,0.269,0.221,0.691,0.731,0.295,-0.14,0.661,0.636,-0.164,-0.168,-0.019,0.213,0.577,-0.234,0.085,0.317,-0.068,0.477,0.047,-0.185,0.769,-0.21,0.297,0.341,-0.431,-0.47,0.753,0.838,-0.128,-0.019,-0.093,-0.204,0.693,-0.308,-0.359,-0.145,0.534,0.561,0.593,0.559,0.562,0.476,0.44,0.09,0.065,0.473,0.482,0.446,0.315,0.454,-0.281,0.633,0.795,-0.332,0.145,0.203,-0.243,-0.003,0.761,0.589,-0.08,0.789,0.645,0.711,0.208,0.64,0.119,0.78,0.238,0.733,0.001,-0.046,0.299,0.643,0.05,0.267,0.176,0.359,0.011,-0.04,-0.282,-0.044,0.162,-0.205,0.649,-0.051,0.728,0.394,-0.004,-0.053,0.696,0.731,0.077,0.003,0.112,0.657,0.623,0.3,-0.255,0.765,0.232,0.677,0.481,-0.195,-0.16,0.246,0.755,0.284,0.224,0.601,0.021,0.499,0.48,0.62,0.458,0.053,0.329,-0.253,0.387,0.125,-0.37,0.213,0.495,0.472,0.148,0.642,0.349,0.209,0.381,0.035
ADMA,0.365,-0.092,0.592,0.638,0.718,1.0,0.301,-0.269,-0.359,0.748,0.443,0.644,0.374,0.296,0.608,0.197,0.007,0.106,0.201,0.043,0.742,-0.226,0.725,0.608,0.165,0.669,0.554,0.632,0.468,0.178,0.045,0.376,0.65,0.386,0.037,0.388,0.546,0.654,0.233,-0.417,-0.529,0.409,0.395,0.247,-0.404,0.338,-0.295,0.068,0.001,0.203,-0.022,0.786,-0.384,0.613,0.597,-0.095,0.567,-0.015,0.685,0.687,0.714,0.018,0.482,-0.208,-0.045,0.402,0.276,0.4,0.223,0.708,0.376,0.32,0.668,0.743,0.164,-0.168,0.765,0.554,-0.128,-0.129,0.225,0.32,0.54,-0.084,0.162,0.174,0.001,0.645,0.026,-0.01,0.741,-0.091,0.457,0.427,-0.522,-0.57,0.618,0.598,0.142,-0.061,0.075,-0.261,0.486,-0.135,-0.525,0.099,0.667,0.692,0.432,0.474,0.468,0.617,0.279,0.167,0.288,0.556,0.454,0.464,0.224,0.642,0.019,0.732,0.608,-0.154,0.351,0.122,-0.348,0.226,0.512,0.67,0.02,0.684,0.614,0.697,0.384,0.665,0.096,0.748,-0.081,0.611,0.24,-0.308,0.416,0.531,0.291,0.448,0.126,0.106,0.228,0.267,-0.082,0.087,0.411,-0.261,0.688,0.141,0.654,0.426,0.211,0.142,0.521,0.71,0.089,0.287,0.302,0.815,0.566,0.349,-0.19,0.758,0.538,0.614,0.58,-0.327,-0.111,0.46,0.611,0.435,0.268,0.579,0.078,0.4,0.351,0.61,0.625,-0.223,0.444,-0.212,0.424,0.056,-0.383,0.378,0.33,0.639,0.26,0.541,0.535,0.177,0.22,0.02
AEP,-0.095,-0.24,0.048,0.456,0.579,0.301,1.0,0.175,-0.382,0.275,0.179,0.307,0.806,-0.075,0.61,-0.376,-0.058,-0.373,-0.331,-0.436,0.419,-0.268,0.52,0.084,-0.223,0.397,-0.12,0.678,-0.092,-0.3,-0.384,0.003,0.577,0.229,-0.578,0.648,0.107,0.756,0.296,-0.29,0.008,0.247,-0.121,-0.094,-0.346,0.092,-0.396,-0.157,-0.437,-0.169,-0.456,0.266,-0.083,0.182,0.476,-0.556,0.648,-0.186,0.361,0.315,-0.085,-0.414,0.886,-0.469,-0.342,0.584,-0.005,0.398,0.004,0.541,-0.004,-0.02,0.498,0.402,0.376,-0.247,0.294,0.77,-0.451,-0.454,-0.263,-0.023,0.531,-0.442,-0.146,0.064,-0.406,-0.019,-0.061,-0.398,0.262,-0.4,-0.017,-0.122,-0.34,-0.485,0.556,0.441,-0.41,-0.103,-0.394,-0.454,0.542,-0.52,-0.17,-0.422,0.14,-0.022,0.61,0.586,0.177,-0.009,-0.028,-0.003,-0.238,0.199,0.017,0.127,0.08,0.157,-0.523,0.129,0.569,-0.644,-0.227,-0.18,-0.216,-0.268,0.672,0.172,-0.301,0.484,0.54,0.624,-0.143,0.436,-0.002,0.533,0.183,0.275,-0.263,0.145,-0.074,0.64,-0.341,-0.03,-0.102,0.593,-0.265,-0.34,-0.491,-0.39,-0.322,-0.377,0.385,-0.228,0.633,0.117,-0.266,-0.515,0.748,0.682,-0.073,-0.484,-0.266,0.384,0.268,-0.254,-0.545,0.17,-0.283,0.694,0.017,-0.377,-0.417,-0.236,0.485,-0.062,0.006,0.239,-0.308,0.577,0.614,0.742,0.063,0.261,-0.04,-0.525,0.111,0.012,-0.573,-0.237,0.725,0.279,0.025,0.404,-0.118,0.139,0.266,-0.27
AGNC,0.059,0.336,-0.018,0.157,-0.091,-0.269,0.175,1.0,0.3,-0.064,0.15,0.076,0.106,0.208,0.196,0.073,0.335,0.03,-0.023,0.112,-0.206,0.402,-0.267,-0.042,0.151,-0.021,-0.088,0.054,-0.028,0.2,0.172,-0.002,-0.168,0.351,-0.011,0.18,-0.082,-0.054,0.516,0.329,0.694,0.108,-0.188,-0.013,0.454,0.067,0.403,0.184,0.037,0.257,0.118,-0.186,0.47,0.015,-0.225,0.029,-0.243,0.251,0.013,-0.131,-0.297,0.218,0.089,0.157,0.039,0.34,0.269,0.203,0.234,-0.108,0.116,0.09,-0.166,-0.131,0.201,0.245,-0.047,0.031,0.348,0.313,-0.07,0.117,0.169,0.15,0.283,0.367,0.141,-0.133,0.476,-0.365,-0.389,0.253,-0.086,-0.073,0.554,0.35,0.089,0.112,-0.198,0.329,0.138,0.457,0.262,0.056,0.571,0.144,-0.029,-0.047,-0.234,0.111,0.278,0.029,0.164,0.244,0.023,0.039,0.242,0.038,0.199,-0.009,0.016,-0.271,-0.144,-0.159,0.081,0.141,0.558,-0.054,0.323,-0.133,0.094,0.066,-0.138,0.073,-0.039,0.055,-0.012,-0.219,0.55,-0.021,-0.026,0.712,0.02,-0.001,-0.041,-0.099,0.347,0.127,0.019,0.076,0.134,0.127,-0.027,0.214,0.141,0.002,-0.03,0.315,0.062,-0.171,0.246,0.022,0.339,-0.122,0.13,-0.213,0.19,-0.071,0.197,-0.191,-0.197,0.094,-0.089,0.341,0.225,-0.204,0.168,0.103,-0.043,-0.235,0.246,0.173,-0.173,-0.063,-0.094,0.643,0.127,0.041,0.154,0.169,0.163,0.049,-0.021,-0.191,0.125,0.325,-0.313,0.215,0.048,0.041
AKBA,0.381,0.616,0.088,0.044,-0.333,-0.359,-0.382,0.3,1.0,-0.317,0.192,-0.154,-0.525,0.461,-0.253,0.507,0.62,0.449,0.453,0.5,-0.222,0.617,-0.294,0.146,0.458,-0.148,0.163,-0.546,0.311,0.647,0.535,0.2,-0.333,0.179,0.372,-0.338,0.235,-0.452,-0.053,0.703,0.418,0.198,0.003,0.511,0.599,0.435,0.668,0.532,0.519,0.48,0.649,-0.107,0.615,0.16,-0.519,0.479,-0.418,0.51,-0.05,-0.062,-0.142,0.596,-0.406,0.606,0.572,-0.122,0.463,0.176,0.38,-0.387,0.429,0.344,-0.09,-0.066,0.029,0.797,0.01,-0.592,0.61,0.619,0.472,0.458,-0.044,0.5,0.482,0.312,0.575,0.032,0.623,0.029,-0.36,0.603,0.248,0.338,0.626,0.573,-0.196,-0.045,0.341,0.551,0.586,0.533,0.121,0.721,0.674,0.51,-0.066,0.029,-0.528,-0.375,0.129,0.13,0.347,0.509,0.462,0.113,0.261,0.018,0.361,0.14,0.504,-0.022,-0.358,0.36,0.357,0.468,0.625,0.524,-0.156,0.081,0.671,-0.008,-0.217,-0.304,0.315,-0.183,0.389,-0.55,0.438,-0.035,0.503,0.394,0.359,-0.229,0.535,0.305,0.524,-0.327,0.469,0.479,0.591,0.59,0.29,0.597,-0.196,0.47,-0.511,0.195,0.401,0.452,-0.2,-0.339,0.05,0.365,0.566,-0.211,-0.043,0.285,0.59,-0.08,0.29,-0.24,0.07,0.67,0.661,0.283,-0.024,0.381,0.315,-0.487,0.602,-0.177,-0.406,-0.526,0.184,0.406,0.31,0.604,0.177,0.313,0.565,0.467,-0.534,-0.081,0.392,0.007,-0.052,0.252,0.061,0.565
ALT,0.137,-0.23,0.369,0.578,0.674,0.748,0.275,-0.064,-0.317,1.0,0.408,0.641,0.395,0.117,0.456,0.057,-0.147,-0.071,-0.026,0.125,0.702,-0.098,0.523,0.335,-0.04,0.536,0.426,0.644,0.182,0.119,-0.136,0.088,0.68,0.397,-0.012,0.277,0.273,0.634,0.236,-0.413,-0.306,0.273,0.524,0.018,-0.261,0.136,-0.326,-0.052,-0.101,0.02,-0.14,0.494,-0.292,0.517,0.601,-0.236,0.569,-0.185,0.433,0.488,0.543,-0.0,0.357,-0.235,-0.143,0.29,0.108,0.19,0.012,0.758,0.154,0.034,0.551,0.595,0.0,-0.002,0.578,0.556,-0.114,-0.117,0.011,0.075,0.319,-0.303,0.09,0.15,-0.164,0.503,-0.044,-0.139,0.573,-0.306,0.181,0.154,-0.416,-0.402,0.541,0.621,0.033,-0.138,-0.131,-0.102,0.385,-0.286,-0.335,-0.014,0.605,0.597,0.313,0.637,0.343,0.465,0.21,-0.057,0.033,0.505,0.516,0.255,0.084,0.527,-0.184,0.468,0.574,-0.239,0.144,0.016,-0.249,0.023,0.534,0.431,-0.142,0.64,0.683,0.484,0.158,0.415,-0.048,0.611,-0.097,0.473,-0.033,-0.122,0.075,0.373,0.18,0.149,-0.042,0.076,0.098,0.113,-0.261,-0.084,0.324,-0.277,0.429,-0.061,0.515,0.307,-0.018,0.038,0.527,0.53,0.112,0.134,0.23,0.624,0.468,0.269,-0.215,0.562,0.377,0.502,0.525,-0.267,-0.24,0.353,0.562,0.155,-0.005,0.813,0.024,0.172,0.219,0.594,0.373,-0.157,0.22,-0.325,0.327,-0.042,-0.423,0.312,0.493,0.425,0.032,0.449,0.44,-0.018,0.088,-0.179
AMAT,0.662,0.421,0.574,0.712,0.612,0.443,0.179,0.15,0.192,0.408,1.0,0.699,0.103,0.61,0.538,0.528,0.542,0.244,0.282,0.371,0.367,0.52,0.396,0.534,0.344,0.695,0.574,0.294,0.602,0.584,0.329,0.553,0.451,0.657,0.255,0.423,0.609,0.324,0.322,0.269,-0.051,0.733,0.112,0.557,0.241,0.521,0.291,0.324,0.349,0.599,0.239,0.544,0.378,0.696,0.257,0.208,0.293,0.343,0.634,0.57,0.349,0.322,0.252,0.303,0.181,0.514,0.537,0.54,0.566,0.264,0.619,0.521,0.52,0.576,0.252,0.229,0.683,0.125,0.388,0.393,0.374,0.602,0.612,0.175,0.528,0.702,0.404,0.533,0.571,-0.217,0.477,0.189,0.493,0.517,-0.038,-0.079,0.544,0.812,0.132,0.387,0.367,0.383,0.709,0.167,0.114,0.359,0.611,0.597,0.246,0.322,0.683,0.637,0.789,0.539,0.45,0.519,0.799,0.585,0.674,0.606,0.18,0.589,0.542,0.009,0.449,0.701,0.293,0.44,0.59,0.588,0.312,0.718,0.284,0.54,0.493,0.589,0.507,0.307,0.515,0.69,0.408,0.202,0.551,0.523,0.456,0.552,0.598,0.155,0.377,0.404,0.218,0.422,0.488,0.494,0.554,0.328,0.309,0.585,0.369,0.367,0.495,0.501,0.174,0.339,0.556,0.536,0.756,0.639,0.304,0.666,0.501,0.525,0.57,0.351,0.505,0.532,0.723,0.627,0.469,0.195,0.386,0.47,0.256,0.193,0.594,0.295,0.601,0.121,0.656,0.511,0.166,0.579,0.089,0.421,0.48,0.756,0.429,0.565,0.517,0.466
AMD,0.398,0.044,0.475,0.6,0.698,0.644,0.307,0.076,-0.154,0.641,0.699,1.0,0.25,0.333,0.54,0.165,0.157,0.074,0.129,0.21,0.557,0.235,0.462,0.496,0.268,0.568,0.42,0.518,0.356,0.217,-0.002,0.399,0.541,0.573,0.031,0.39,0.443,0.514,0.527,-0.149,-0.211,0.476,0.234,0.246,-0.093,0.292,-0.045,0.084,0.147,0.235,0.019,0.533,0.0,0.546,0.423,-0.133,0.413,0.014,0.581,0.514,0.486,0.113,0.382,-0.039,-0.02,0.415,0.305,0.475,0.405,0.414,0.297,0.242,0.518,0.591,0.044,0.01,0.665,0.318,0.098,0.134,0.167,0.385,0.519,-0.143,0.433,0.514,-0.017,0.436,0.322,-0.32,0.548,-0.12,0.322,0.334,-0.353,-0.339,0.567,0.726,0.08,0.213,-0.013,0.162,0.581,-0.156,-0.163,0.208,0.676,0.524,0.323,0.569,0.523,0.624,0.475,0.204,0.131,0.579,0.686,0.415,0.371,0.528,-0.038,0.57,0.507,-0.217,0.288,0.347,-0.051,0.128,0.605,0.482,-0.002,0.747,0.439,0.616,0.307,0.648,0.133,0.603,0.182,0.538,0.201,-0.012,0.247,0.486,0.26,0.262,0.295,0.183,0.123,0.154,-0.153,0.02,0.389,0.1,0.542,0.061,0.417,0.568,0.161,0.047,0.522,0.531,0.468,0.207,0.271,0.576,0.689,0.31,-0.072,0.632,0.377,0.61,0.618,0.015,0.035,0.37,0.758,0.383,0.216,0.502,0.091,0.414,0.205,0.428,0.394,0.194,0.356,-0.259,0.585,0.168,-0.185,0.396,0.337,0.41,0.249,0.64,0.428,0.279,0.288,0.009
AMGN,-0.298,-0.527,-0.053,0.457,0.552,0.374,0.806,0.106,-0.525,0.395,0.103,0.25,1.0,-0.234,0.582,-0.473,-0.352,-0.643,-0.61,-0.476,0.491,-0.418,0.346,-0.122,-0.519,0.407,-0.112,0.839,-0.284,-0.435,-0.618,-0.174,0.596,0.008,-0.602,0.62,-0.054,0.814,0.253,-0.596,-0.063,0.151,0.135,-0.321,-0.53,-0.19,-0.572,-0.378,-0.685,-0.295,-0.641,0.212,-0.355,0.096,0.604,-0.604,0.694,-0.372,0.173,0.172,-0.06,-0.549,0.808,-0.695,-0.605,0.527,-0.265,0.061,-0.245,0.736,-0.177,-0.297,0.413,0.452,0.205,-0.359,0.172,0.883,-0.484,-0.525,-0.47,-0.253,0.31,-0.595,-0.371,-0.041,-0.577,-0.054,-0.324,-0.384,0.346,-0.528,-0.23,-0.274,-0.456,-0.595,0.488,0.401,-0.55,-0.443,-0.585,-0.587,0.424,-0.631,-0.382,-0.588,0.194,0.111,0.605,0.721,0.176,-0.079,-0.19,-0.294,-0.456,0.075,-0.037,-0.045,-0.159,0.069,-0.595,0.04,0.618,-0.702,-0.313,-0.367,-0.378,-0.416,0.617,0.005,-0.559,0.438,0.643,0.539,-0.336,0.288,-0.251,0.581,-0.056,0.263,-0.515,-0.006,-0.287,0.497,-0.462,-0.235,-0.302,0.465,-0.37,-0.455,-0.694,-0.559,-0.399,-0.578,0.299,-0.541,0.77,-0.079,-0.495,-0.537,0.674,0.566,-0.091,-0.566,-0.375,0.326,0.239,-0.257,-0.631,0.122,-0.326,0.514,0.061,-0.56,-0.601,-0.289,0.394,-0.253,-0.257,0.458,-0.397,0.415,0.498,0.893,-0.054,-0.058,-0.125,-0.707,-0.134,-0.227,-0.731,-0.388,0.761,0.195,-0.243,0.327,-0.028,-0.141,0.051,-0.531
AMZN,0.828,0.751,0.533,0.565,0.212,0.296,-0.075,0.208,0.461,0.117,0.61,0.333,-0.234,1.0,0.404,0.791,0.791,0.664,0.651,0.609,0.121,0.555,0.355,0.696,0.721,0.495,0.683,-0.071,0.739,0.815,0.695,0.653,0.082,0.609,0.491,0.151,0.763,0.014,0.221,0.58,0.12,0.708,-0.062,0.826,0.446,0.724,0.566,0.784,0.68,0.861,0.676,0.544,0.499,0.64,-0.163,0.652,-0.138,0.84,0.582,0.615,0.408,0.797,0.065,0.55,0.605,0.316,0.861,0.669,0.761,0.029,0.776,0.746,0.389,0.349,0.446,0.444,0.563,-0.186,0.72,0.693,0.77,0.86,0.475,0.682,0.709,0.655,0.692,0.497,0.819,0.022,0.086,0.63,0.662,0.707,0.345,0.175,0.309,0.435,0.592,0.678,0.735,0.506,0.531,0.63,0.278,0.744,0.47,0.598,-0.075,0.025,0.677,0.7,0.775,0.847,0.79,0.569,0.624,0.658,0.751,0.714,0.649,0.437,0.224,0.295,0.552,0.779,0.554,0.755,0.344,0.66,0.725,0.465,0.016,0.333,0.791,0.5,0.637,-0.065,0.66,0.521,0.784,0.357,0.752,0.287,0.684,0.8,0.924,0.009,0.728,0.735,0.639,0.767,0.654,0.527,0.517,0.674,0.056,0.72,0.741,0.523,0.27,0.263,0.085,0.503,0.76,0.47,0.495,0.733,0.517,0.49,0.598,0.338,0.544,0.581,0.729,0.667,0.577,0.876,0.767,-0.268,0.731,0.438,0.06,-0.105,0.653,0.417,0.844,0.537,0.616,0.663,0.523,0.779,-0.363,0.505,0.649,0.563,0.399,0.696,0.547,0.745
APA,0.316,-0.007,0.443,0.8,0.711,0.608,0.61,0.196,-0.253,0.456,0.538,0.54,0.582,0.404,1.0,0.153,0.208,-0.046,0.021,-0.165,0.517,-0.063,0.609,0.484,0.171,0.805,0.405,0.754,0.362,0.168,-0.005,0.344,0.666,0.549,-0.145,0.821,0.517,0.626,0.37,-0.136,-0.157,0.623,-0.083,0.277,-0.183,0.435,-0.098,0.173,-0.031,0.322,-0.125,0.683,0.032,0.61,0.593,-0.059,0.554,0.188,0.665,0.622,0.314,-0.075,0.73,-0.179,-0.066,0.888,0.352,0.588,0.291,0.558,0.481,0.315,0.66,0.634,0.568,-0.192,0.666,0.619,-0.065,-0.108,0.108,0.385,0.76,-0.003,0.137,0.365,0.055,0.43,0.195,-0.227,0.513,-0.026,0.422,0.354,-0.169,-0.424,0.794,0.685,-0.089,0.129,0.056,-0.134,0.729,-0.217,-0.268,-0.033,0.479,0.557,0.616,0.539,0.689,0.405,0.439,0.309,0.189,0.441,0.314,0.622,0.523,0.574,-0.075,0.42,0.743,-0.292,0.209,0.284,-0.074,0.066,0.814,0.52,0.019,0.719,0.498,0.819,0.336,0.786,0.315,0.587,0.432,0.693,0.107,0.191,0.377,0.811,0.13,0.357,0.329,0.526,0.072,0.059,-0.168,0.098,0.147,-0.149,0.772,0.053,0.806,0.586,0.108,-0.125,0.738,0.763,-0.01,0.012,0.155,0.647,0.671,0.327,-0.21,0.509,0.133,0.801,0.409,-0.138,-0.04,0.229,0.711,0.408,0.399,0.271,0.158,0.765,0.639,0.569,0.5,0.206,0.502,-0.177,0.474,0.327,-0.236,0.235,0.399,0.531,0.425,0.745,0.177,0.474,0.565,0.124
APPS,0.833,0.749,0.637,0.375,0.065,0.197,-0.376,0.073,0.507,0.057,0.528,0.165,-0.473,0.791,0.153,1.0,0.716,0.749,0.698,0.626,0.081,0.448,0.172,0.618,0.684,0.339,0.683,-0.255,0.859,0.919,0.846,0.601,-0.01,0.403,0.692,-0.102,0.695,-0.245,0.028,0.528,0.013,0.563,0.077,0.823,0.482,0.664,0.652,0.625,0.803,0.881,0.679,0.528,0.379,0.658,-0.225,0.807,-0.216,0.666,0.505,0.453,0.367,0.703,-0.204,0.671,0.534,0.068,0.717,0.432,0.668,-0.167,0.76,0.797,0.217,0.227,0.294,0.442,0.503,-0.359,0.735,0.716,0.78,0.765,0.307,0.805,0.582,0.409,0.899,0.647,0.636,0.262,0.089,0.753,0.639,0.727,0.421,0.283,0.181,0.266,0.558,0.519,0.902,0.513,0.274,0.752,0.255,0.748,0.416,0.582,-0.252,-0.244,0.512,0.627,0.685,0.76,0.885,0.395,0.581,0.632,0.679,0.549,0.748,0.492,0.024,0.538,0.694,0.765,0.488,0.826,0.045,0.624,0.793,0.213,-0.14,0.079,0.824,0.194,0.6,-0.215,0.441,0.362,0.841,0.185,0.843,0.063,0.808,0.728,0.766,-0.186,0.73,0.844,0.809,0.925,0.749,0.621,0.382,0.784,-0.116,0.602,0.869,0.797,0.051,0.058,0.085,0.7,0.79,0.359,0.365,0.824,0.767,0.445,0.69,0.095,0.41,0.577,0.83,0.751,0.264,0.83,0.712,-0.183,0.776,0.121,-0.107,-0.366,0.71,0.154,0.763,0.685,0.475,0.604,0.662,0.873,-0.564,0.316,0.662,0.383,0.399,0.58,0.434,0.793
ARCC,0.791,0.863,0.418,0.346,-0.017,0.007,-0.058,0.335,0.62,-0.147,0.542,0.157,-0.352,0.791,0.208,0.716,1.0,0.669,0.716,0.526,-0.05,0.574,0.175,0.555,0.668,0.203,0.403,-0.235,0.672,0.824,0.778,0.563,-0.055,0.557,0.421,0.058,0.64,-0.138,0.215,0.68,0.342,0.506,-0.142,0.78,0.565,0.707,0.681,0.702,0.662,0.743,0.641,0.325,0.617,0.503,-0.321,0.578,-0.219,0.737,0.438,0.445,0.103,0.681,-0.028,0.658,0.62,0.242,0.777,0.629,0.789,-0.211,0.706,0.752,0.2,0.134,0.364,0.544,0.477,-0.352,0.638,0.633,0.712,0.779,0.378,0.656,0.683,0.599,0.708,0.347,0.865,0.001,-0.144,0.606,0.565,0.58,0.51,0.31,0.215,0.322,0.409,0.758,0.755,0.538,0.429,0.682,0.579,0.695,0.21,0.237,-0.256,-0.157,0.429,0.454,0.663,0.907,0.773,0.363,0.545,0.527,0.687,0.519,0.607,0.324,-0.05,0.241,0.503,0.72,0.702,0.702,0.217,0.483,0.741,0.279,-0.147,0.212,0.617,0.342,0.631,-0.257,0.661,0.283,0.711,0.491,0.71,0.219,0.626,0.669,0.824,0.017,0.661,0.678,0.733,0.736,0.506,0.68,0.295,0.738,-0.212,0.545,0.716,0.467,0.168,0.16,0.068,0.496,0.712,0.236,0.372,0.518,0.603,0.225,0.502,0.267,0.265,0.653,0.807,0.475,0.35,0.788,0.685,-0.453,0.654,0.265,-0.012,-0.28,0.535,0.547,0.621,0.61,0.6,0.722,0.566,0.714,-0.409,0.262,0.695,0.486,0.109,0.713,0.475,0.746
ARDX,0.728,0.737,0.441,0.09,-0.151,0.106,-0.373,0.03,0.449,-0.071,0.244,0.074,-0.643,0.664,-0.046,0.749,0.669,1.0,0.89,0.603,-0.071,0.34,0.219,0.657,0.761,0.07,0.52,-0.473,0.731,0.73,0.776,0.632,-0.177,0.421,0.596,-0.249,0.619,-0.325,0.048,0.536,-0.022,0.283,-0.094,0.73,0.429,0.613,0.567,0.682,0.739,0.651,0.731,0.383,0.324,0.424,-0.358,0.693,-0.41,0.678,0.414,0.383,0.394,0.733,-0.312,0.652,0.724,-0.102,0.743,0.51,0.665,-0.33,0.619,0.774,0.044,0.005,0.191,0.414,0.351,-0.47,0.572,0.572,0.869,0.71,0.211,0.799,0.639,0.293,0.768,0.477,0.664,0.279,-0.094,0.673,0.668,0.608,0.333,0.323,-0.063,-0.039,0.635,0.662,0.809,0.478,0.056,0.683,0.286,0.799,0.256,0.29,-0.414,-0.353,0.268,0.564,0.501,0.715,0.822,0.37,0.327,0.506,0.523,0.475,0.751,0.358,-0.244,0.57,0.653,0.613,0.448,0.771,-0.099,0.47,0.77,0.064,-0.268,-0.039,0.707,0.189,0.481,-0.262,0.342,0.14,0.776,0.082,0.689,-0.039,0.69,0.687,0.65,-0.256,0.689,0.796,0.77,0.779,0.66,0.533,0.293,0.845,-0.322,0.533,0.853,0.615,-0.133,-0.066,0.142,0.659,0.637,0.222,0.194,0.487,0.628,0.279,0.596,0.08,0.268,0.494,0.687,0.624,0.108,0.719,0.676,-0.371,0.636,0.036,-0.128,-0.471,0.52,0.201,0.586,0.668,0.555,0.536,0.646,0.719,-0.543,0.197,0.593,0.2,0.35,0.498,0.273,0.725
ATER,0.733,0.686,0.496,0.156,-0.107,0.201,-0.331,-0.023,0.453,-0.026,0.282,0.129,-0.61,0.651,0.021,0.698,0.716,0.89,1.0,0.521,0.002,0.28,0.275,0.704,0.816,0.085,0.488,-0.388,0.729,0.732,0.783,0.602,-0.142,0.498,0.527,-0.228,0.656,-0.268,-0.006,0.464,-0.056,0.305,-0.07,0.74,0.351,0.709,0.537,0.698,0.743,0.632,0.689,0.441,0.28,0.458,-0.281,0.614,-0.316,0.654,0.432,0.427,0.436,0.672,-0.26,0.617,0.819,-0.011,0.747,0.549,0.656,-0.27,0.664,0.735,0.099,0.108,0.249,0.38,0.434,-0.431,0.447,0.46,0.83,0.725,0.332,0.697,0.677,0.286,0.685,0.468,0.657,0.256,-0.001,0.633,0.684,0.691,0.305,0.205,0.078,0.061,0.688,0.668,0.763,0.418,0.129,0.682,0.272,0.78,0.197,0.326,-0.335,-0.359,0.278,0.548,0.477,0.729,0.818,0.424,0.352,0.54,0.574,0.545,0.723,0.471,-0.21,0.482,0.667,0.587,0.413,0.749,-0.036,0.496,0.758,0.166,-0.229,0.059,0.679,0.309,0.527,-0.096,0.318,0.187,0.8,0.063,0.719,0.073,0.766,0.714,0.626,-0.235,0.705,0.748,0.737,0.719,0.663,0.538,0.319,0.86,-0.261,0.55,0.789,0.588,-0.082,0.071,0.035,0.724,0.635,0.285,0.294,0.485,0.563,0.295,0.661,0.133,0.278,0.44,0.655,0.585,0.195,0.755,0.686,-0.324,0.617,0.102,-0.06,-0.412,0.586,0.194,0.605,0.629,0.684,0.565,0.581,0.741,-0.471,0.324,0.681,0.268,0.299,0.571,0.29,0.676
ATOS,0.629,0.572,0.415,0.165,-0.077,0.043,-0.436,0.112,0.5,0.125,0.371,0.21,-0.476,0.609,-0.165,0.626,0.526,0.603,0.521,1.0,0.048,0.616,-0.042,0.359,0.494,0.08,0.497,-0.375,0.376,0.679,0.519,0.35,-0.13,0.326,0.589,-0.212,0.391,-0.251,0.14,0.466,0.178,0.269,0.336,0.504,0.431,0.371,0.49,0.449,0.588,0.524,0.62,0.112,0.351,0.292,-0.409,0.627,-0.317,0.463,0.141,0.249,0.368,0.723,-0.428,0.552,0.415,-0.226,0.49,0.179,0.568,-0.113,0.45,0.404,0.006,0.06,-0.145,0.558,0.299,-0.433,0.729,0.728,0.57,0.486,-0.077,0.554,0.583,0.507,0.508,0.416,0.592,0.1,-0.09,0.522,0.245,0.396,0.202,0.42,-0.186,0.161,0.468,0.498,0.539,0.588,0.136,0.629,0.359,0.722,0.366,0.364,-0.417,-0.086,0.249,0.545,0.512,0.457,0.533,0.342,0.611,0.249,0.265,0.326,0.665,0.31,-0.086,0.471,0.556,0.615,0.561,0.587,-0.046,0.364,0.573,0.215,-0.036,-0.041,0.457,0.049,0.191,-0.301,0.24,0.143,0.554,0.151,0.376,-0.115,0.664,0.455,0.573,-0.387,0.537,0.66,0.58,0.546,0.663,0.488,0.072,0.513,-0.37,0.314,0.568,0.622,-0.059,-0.178,0.262,0.48,0.612,0.091,0.157,0.56,0.558,0.278,0.568,-0.098,0.44,0.622,0.581,0.641,0.188,0.538,0.378,-0.11,0.551,-0.164,-0.308,-0.309,0.36,0.212,0.433,0.491,0.376,0.398,0.564,0.689,-0.358,0.019,0.378,0.188,0.425,0.209,0.105,0.513
AUPH,0.206,-0.174,0.471,0.68,0.647,0.742,0.419,-0.206,-0.222,0.702,0.367,0.557,0.491,0.121,0.517,0.081,-0.05,-0.071,0.002,0.048,1.0,-0.245,0.673,0.479,0.001,0.535,0.397,0.651,0.279,0.122,-0.134,0.166,0.717,0.291,-0.098,0.383,0.448,0.704,0.223,-0.478,-0.444,0.422,0.563,0.217,-0.453,0.308,-0.402,-0.101,-0.096,0.077,-0.175,0.646,-0.426,0.588,0.61,-0.222,0.702,-0.183,0.577,0.585,0.533,-0.133,0.516,-0.302,-0.167,0.344,0.141,0.312,0.115,0.769,0.243,0.17,0.723,0.761,0.135,0.032,0.656,0.581,-0.226,-0.216,0.113,0.252,0.487,-0.229,0.061,0.064,-0.158,0.558,-0.047,-0.048,0.615,-0.274,0.26,0.269,-0.543,-0.581,0.55,0.563,0.015,-0.161,-0.098,-0.359,0.543,-0.127,-0.425,-0.041,0.626,0.522,0.522,0.558,0.325,0.454,0.156,0.088,0.099,0.488,0.335,0.286,0.15,0.571,-0.067,0.539,0.632,-0.246,0.283,0.052,-0.376,0.159,0.536,0.566,-0.049,0.695,0.858,0.649,0.26,0.482,0.111,0.619,-0.16,0.47,0.11,-0.275,0.191,0.55,0.238,0.291,-0.042,0.094,0.109,0.102,-0.251,-0.068,0.22,-0.339,0.501,0.049,0.611,0.288,0.064,0.104,0.654,0.596,0.058,0.104,0.166,0.75,0.398,0.226,-0.245,0.519,0.349,0.634,0.537,-0.388,-0.249,0.357,0.565,0.215,0.188,0.604,0.067,0.359,0.382,0.679,0.565,-0.223,0.263,-0.294,0.28,-0.015,-0.503,0.301,0.474,0.48,0.164,0.41,0.395,0.098,0.181,-0.107
AVGO,0.412,0.604,0.121,0.17,-0.035,-0.226,-0.268,0.402,0.617,-0.098,0.52,0.235,-0.418,0.555,-0.063,0.448,0.574,0.34,0.28,0.616,-0.245,1.0,-0.231,0.078,0.341,0.068,0.244,-0.318,0.232,0.56,0.409,0.217,-0.235,0.409,0.466,-0.084,0.168,-0.314,0.193,0.711,0.477,0.318,0.038,0.345,0.734,0.26,0.666,0.4,0.476,0.474,0.465,-0.107,0.687,0.114,-0.472,0.402,-0.357,0.462,-0.006,0.024,-0.012,0.59,-0.344,0.613,0.323,-0.009,0.449,0.153,0.429,-0.291,0.37,0.262,-0.091,-0.064,-0.042,0.575,0.095,-0.462,0.713,0.72,0.325,0.433,0.028,0.394,0.632,0.702,0.478,0.107,0.675,-0.071,-0.192,0.463,0.116,0.258,0.476,0.594,-0.079,0.25,0.225,0.502,0.45,0.792,0.238,0.476,0.597,0.503,0.079,0.186,-0.278,-0.072,0.318,0.29,0.582,0.439,0.33,0.177,0.545,0.106,0.381,0.142,0.423,0.06,-0.098,0.338,0.26,0.614,0.709,0.396,0.066,0.104,0.446,0.153,-0.229,-0.075,0.306,0.062,0.276,-0.352,0.601,0.176,0.337,0.54,0.271,-0.105,0.392,0.224,0.639,-0.217,0.356,0.387,0.458,0.496,0.353,0.717,-0.053,0.287,-0.378,0.28,0.264,0.324,-0.103,-0.204,0.33,0.285,0.489,-0.152,0.252,0.441,0.588,0.146,0.314,-0.089,0.255,0.759,0.641,0.286,0.27,0.391,0.26,-0.262,0.524,0.025,-0.359,-0.399,0.095,0.55,0.34,0.469,0.345,0.36,0.514,0.415,-0.33,-0.144,0.276,0.262,0.136,0.294,0.16,0.507
AZN,0.381,0.095,0.477,0.585,0.635,0.725,0.52,-0.267,-0.294,0.523,0.396,0.462,0.346,0.355,0.609,0.172,0.175,0.219,0.275,-0.042,0.673,-0.231,1.0,0.643,0.231,0.572,0.403,0.493,0.487,0.169,0.092,0.426,0.654,0.444,-0.118,0.42,0.59,0.642,0.104,-0.178,-0.441,0.512,0.07,0.423,-0.342,0.496,-0.267,0.219,0.079,0.238,0.011,0.712,-0.174,0.595,0.557,-0.108,0.604,0.111,0.715,0.8,0.547,0.039,0.597,-0.153,0.104,0.43,0.408,0.62,0.273,0.572,0.365,0.443,0.757,0.654,0.47,-0.096,0.666,0.488,-0.204,-0.196,0.33,0.42,0.664,-0.037,0.136,0.082,0.057,0.574,0.125,-0.032,0.607,-0.112,0.522,0.435,-0.421,-0.515,0.605,0.512,0.212,0.097,0.093,-0.349,0.536,-0.092,-0.326,0.089,0.493,0.44,0.577,0.435,0.346,0.443,0.27,0.385,0.36,0.568,0.269,0.534,0.409,0.683,-0.017,0.586,0.597,-0.145,0.189,0.191,-0.303,0.297,0.531,0.702,0.145,0.588,0.583,0.646,0.494,0.637,0.431,0.605,0.076,0.496,0.322,-0.175,0.417,0.628,0.216,0.548,0.214,0.3,0.259,0.232,-0.022,0.104,0.228,-0.207,0.606,0.327,0.585,0.444,0.298,0.139,0.634,0.76,-0.181,0.18,0.265,0.832,0.424,0.254,-0.212,0.577,0.363,0.755,0.362,-0.224,-0.048,0.381,0.577,0.429,0.442,0.306,0.077,0.585,0.642,0.53,0.622,0.03,0.411,-0.156,0.432,0.267,-0.269,0.351,0.334,0.669,0.339,0.477,0.379,0.353,0.452,0.169
BCRX,0.752,0.519,0.723,0.559,0.406,0.608,0.084,-0.042,0.146,0.335,0.534,0.496,-0.122,0.696,0.484,0.618,0.555,0.657,0.704,0.359,0.479,0.078,0.643,1.0,0.746,0.553,0.636,0.1,0.806,0.61,0.561,0.71,0.338,0.603,0.275,0.282,0.832,0.244,0.293,0.153,-0.313,0.643,-0.016,0.758,0.005,0.779,0.177,0.583,0.542,0.646,0.498,0.745,0.097,0.77,0.242,0.35,0.108,0.567,0.86,0.743,0.634,0.486,0.24,0.285,0.537,0.389,0.771,0.794,0.694,0.182,0.69,0.81,0.55,0.543,0.441,0.16,0.761,0.063,0.25,0.258,0.711,0.775,0.678,0.461,0.581,0.347,0.477,0.659,0.591,-0.012,0.371,0.352,0.822,0.723,-0.093,-0.244,0.479,0.471,0.507,0.572,0.558,0.157,0.59,0.382,-0.065,0.577,0.642,0.521,0.131,0.044,0.565,0.769,0.614,0.735,0.732,0.652,0.498,0.732,0.691,0.795,0.43,0.657,0.314,0.119,0.66,0.598,0.117,0.615,0.434,0.821,0.536,0.599,0.234,0.59,0.761,0.691,0.565,0.302,0.328,0.565,0.758,-0.075,0.759,0.5,0.618,0.845,0.617,0.082,0.568,0.604,0.423,0.552,0.615,0.193,0.768,0.712,0.261,0.79,0.755,0.428,0.463,0.528,0.079,0.548,0.579,0.741,0.53,0.519,0.208,0.616,0.601,0.577,0.581,0.117,0.43,0.616,0.589,0.791,0.769,-0.015,0.477,0.525,0.285,0.105,0.844,0.144,0.696,0.272,0.715,0.553,0.225,0.728,-0.123,0.687,0.649,0.564,0.406,0.683,0.527,0.555
BGC,0.733,0.689,0.534,0.251,0.015,0.165,-0.223,0.151,0.458,-0.04,0.344,0.268,-0.519,0.721,0.171,0.684,0.668,0.761,0.816,0.494,0.001,0.341,0.231,0.746,1.0,0.187,0.475,-0.325,0.681,0.677,0.731,0.554,-0.113,0.557,0.476,-0.069,0.641,-0.228,0.2,0.556,0.046,0.499,-0.212,0.736,0.407,0.723,0.583,0.716,0.796,0.708,0.754,0.406,0.412,0.519,-0.246,0.61,-0.313,0.691,0.521,0.439,0.439,0.727,-0.155,0.615,0.761,0.129,0.806,0.648,0.741,-0.254,0.653,0.7,0.228,0.138,0.319,0.372,0.421,-0.347,0.541,0.567,0.751,0.761,0.446,0.661,0.763,0.405,0.628,0.395,0.747,0.105,-0.041,0.65,0.64,0.672,0.358,0.221,0.17,0.181,0.632,0.777,0.688,0.532,0.302,0.617,0.33,0.796,0.329,0.31,-0.256,-0.277,0.423,0.602,0.558,0.728,0.72,0.536,0.409,0.624,0.696,0.532,0.623,0.377,-0.088,0.405,0.616,0.646,0.431,0.657,0.116,0.554,0.75,0.274,-0.183,0.18,0.736,0.405,0.602,-0.085,0.481,0.222,0.839,0.228,0.68,0.159,0.711,0.695,0.734,-0.054,0.592,0.668,0.631,0.675,0.649,0.491,0.426,0.75,-0.206,0.767,0.783,0.53,0.085,0.129,0.273,0.598,0.639,0.281,0.307,0.456,0.494,0.313,0.496,0.237,0.383,0.535,0.642,0.552,0.322,0.737,0.726,-0.365,0.593,0.293,-0.004,-0.373,0.577,0.404,0.656,0.57,0.631,0.598,0.599,0.703,-0.444,0.38,0.716,0.325,0.222,0.679,0.434,0.66
BIDU,0.49,0.035,0.523,0.823,0.797,0.669,0.397,-0.021,-0.148,0.536,0.695,0.568,0.407,0.495,0.805,0.339,0.203,0.07,0.085,0.08,0.535,0.068,0.572,0.553,0.187,1.0,0.677,0.598,0.515,0.291,0.093,0.478,0.671,0.531,0.062,0.73,0.596,0.539,0.235,-0.047,-0.353,0.72,0.077,0.404,-0.161,0.493,-0.059,0.169,0.15,0.488,0.023,0.707,0.15,0.744,0.546,0.114,0.495,0.233,0.731,0.682,0.363,0.038,0.567,-0.07,0.054,0.736,0.349,0.537,0.386,0.532,0.587,0.429,0.659,0.79,0.448,-0.074,0.719,0.456,0.086,0.053,0.225,0.424,0.656,0.124,0.15,0.463,0.22,0.539,0.203,-0.173,0.712,0.042,0.565,0.546,-0.244,-0.364,0.739,0.761,0.069,0.212,0.21,-0.042,0.716,-0.117,-0.38,0.079,0.646,0.726,0.548,0.381,0.807,0.585,0.646,0.308,0.324,0.543,0.495,0.641,0.537,0.606,0.006,0.592,0.866,-0.137,0.331,0.515,-0.036,0.236,0.75,0.671,0.135,0.776,0.49,0.706,0.375,0.665,0.326,0.576,0.392,0.899,0.229,-0.005,0.523,0.737,0.27,0.534,0.382,0.377,0.218,0.185,-0.007,0.256,0.35,-0.062,0.748,0.163,0.715,0.525,0.26,0.085,0.659,0.696,-0.075,0.139,0.328,0.702,0.695,0.621,-0.098,0.78,0.329,0.668,0.584,-0.029,0.125,0.498,0.742,0.54,0.432,0.317,0.285,0.611,0.565,0.484,0.604,0.026,0.592,-0.021,0.51,0.4,-0.092,0.419,0.269,0.637,0.377,0.744,0.396,0.445,0.616,0.349
BILI,0.702,0.381,0.626,0.634,0.396,0.554,-0.12,-0.088,0.163,0.426,0.574,0.42,-0.112,0.683,0.405,0.683,0.403,0.52,0.488,0.497,0.397,0.244,0.403,0.636,0.475,0.677,1.0,0.146,0.707,0.622,0.432,0.618,0.333,0.48,0.494,0.17,0.682,0.085,0.048,0.174,-0.32,0.643,0.279,0.61,0.199,0.568,0.323,0.424,0.512,0.679,0.438,0.664,0.107,0.752,0.095,0.551,0.134,0.485,0.618,0.604,0.55,0.492,0.094,0.402,0.427,0.245,0.569,0.429,0.527,0.232,0.727,0.593,0.479,0.608,0.278,0.326,0.626,0.005,0.511,0.482,0.592,0.597,0.427,0.495,0.434,0.45,0.549,0.678,0.413,0.158,0.458,0.41,0.591,0.721,0.003,-0.085,0.325,0.392,0.51,0.306,0.55,0.312,0.381,0.368,-0.133,0.57,0.643,0.837,0.036,0.097,0.686,0.793,0.63,0.491,0.619,0.604,0.556,0.627,0.583,0.652,0.486,0.619,0.465,0.28,0.653,0.609,0.181,0.651,0.284,0.692,0.499,0.536,0.282,0.311,0.62,0.404,0.431,0.234,0.261,0.73,0.534,-0.044,0.664,0.297,0.654,0.691,0.562,-0.099,0.52,0.571,0.41,0.596,0.699,0.232,0.564,0.525,0.287,0.541,0.569,0.572,0.25,0.295,0.049,0.521,0.588,0.557,0.524,0.833,0.407,0.767,0.655,0.335,0.603,0.257,0.434,0.802,0.533,0.704,0.497,0.099,0.61,0.247,0.132,0.086,0.687,-0.081,0.749,0.378,0.537,0.379,0.189,0.698,-0.138,0.483,0.499,0.526,0.627,0.468,0.403,0.533
BKR,-0.103,-0.446,0.149,0.634,0.706,0.632,0.678,0.054,-0.546,0.644,0.294,0.518,0.839,-0.071,0.754,-0.255,-0.235,-0.473,-0.388,-0.375,0.651,-0.318,0.493,0.1,-0.325,0.598,0.146,1.0,-0.033,-0.234,-0.43,-0.084,0.762,0.247,-0.377,0.654,0.122,0.817,0.299,-0.598,-0.236,0.274,0.254,-0.198,-0.484,-0.033,-0.509,-0.308,-0.453,-0.151,-0.543,0.457,-0.374,0.343,0.688,-0.467,0.777,-0.329,0.385,0.393,0.193,-0.424,0.773,-0.566,-0.463,0.628,-0.103,0.183,-0.143,0.814,0.036,-0.123,0.59,0.583,0.22,-0.311,0.446,0.856,-0.373,-0.41,-0.306,-0.084,0.45,-0.462,-0.172,0.092,-0.397,0.222,-0.234,-0.284,0.528,-0.448,-0.022,-0.062,-0.446,-0.629,0.677,0.577,-0.37,-0.319,-0.384,-0.424,0.49,-0.58,-0.487,-0.401,0.384,0.407,0.655,0.727,0.363,0.16,-0.004,-0.168,-0.247,0.285,0.171,0.207,0.016,0.281,-0.436,0.254,0.733,-0.556,-0.121,-0.197,-0.398,-0.283,0.715,0.21,-0.444,0.591,0.693,0.693,-0.089,0.494,-0.14,0.718,-0.018,0.454,-0.35,-0.022,-0.081,0.613,-0.231,-0.089,-0.161,0.402,-0.234,-0.305,-0.563,-0.343,-0.127,-0.492,0.485,-0.376,0.833,0.165,-0.324,-0.388,0.699,0.692,0.051,-0.305,-0.139,0.52,0.468,0.01,-0.494,0.343,-0.054,0.689,0.318,-0.51,-0.478,-0.041,0.562,-0.022,-0.118,0.633,-0.2,0.483,0.503,0.846,0.155,-0.128,0.087,-0.586,0.132,-0.128,-0.71,-0.111,0.724,0.359,-0.048,0.504,0.1,0.013,0.16,-0.408
BLDP,0.82,0.663,0.716,0.491,0.292,0.468,-0.092,-0.028,0.311,0.182,0.602,0.356,-0.284,0.739,0.362,0.859,0.672,0.731,0.729,0.376,0.279,0.232,0.487,0.806,0.681,0.515,0.707,-0.033,1.0,0.798,0.768,0.74,0.209,0.493,0.486,0.105,0.81,0.009,0.067,0.342,-0.217,0.634,-0.022,0.859,0.243,0.782,0.459,0.595,0.708,0.819,0.578,0.739,0.258,0.782,0.054,0.569,0.01,0.595,0.773,0.643,0.442,0.535,0.088,0.491,0.526,0.295,0.768,0.65,0.666,-0.001,0.787,0.903,0.422,0.462,0.434,0.27,0.678,-0.144,0.442,0.443,0.761,0.793,0.568,0.659,0.52,0.329,0.813,0.71,0.576,0.154,0.356,0.583,0.828,0.821,0.186,-0.009,0.411,0.389,0.516,0.504,0.823,0.269,0.423,0.56,0.074,0.609,0.498,0.609,-0.014,-0.129,0.585,0.716,0.672,0.789,0.893,0.535,0.539,0.73,0.776,0.696,0.564,0.675,0.2,0.347,0.711,0.704,0.255,0.775,0.232,0.759,0.707,0.372,0.015,0.32,0.83,0.423,0.676,0.112,0.399,0.539,0.828,0.015,0.941,0.304,0.714,0.837,0.693,-0.049,0.678,0.774,0.678,0.825,0.659,0.459,0.597,0.8,0.148,0.725,0.851,0.67,0.241,0.363,0.04,0.673,0.745,0.611,0.495,0.708,0.544,0.612,0.695,0.378,0.398,0.319,0.71,0.693,0.428,0.861,0.723,-0.113,0.629,0.328,0.126,-0.118,0.851,0.109,0.774,0.501,0.583,0.59,0.425,0.812,-0.365,0.57,0.694,0.526,0.409,0.668,0.508,0.755
BLNK,0.8,0.777,0.59,0.424,0.069,0.178,-0.3,0.2,0.647,0.119,0.584,0.217,-0.435,0.815,0.168,0.919,0.824,0.73,0.732,0.679,0.122,0.56,0.169,0.61,0.677,0.291,0.622,-0.234,0.798,1.0,0.808,0.548,-0.011,0.477,0.654,-0.093,0.693,-0.195,0.085,0.606,0.184,0.526,0.141,0.841,0.548,0.706,0.675,0.698,0.74,0.815,0.727,0.482,0.472,0.627,-0.25,0.711,-0.218,0.687,0.457,0.431,0.346,0.749,-0.204,0.684,0.577,0.103,0.779,0.449,0.658,-0.104,0.763,0.751,0.25,0.24,0.253,0.594,0.535,-0.369,0.717,0.706,0.774,0.788,0.288,0.726,0.662,0.513,0.848,0.604,0.76,0.205,0.032,0.711,0.586,0.685,0.483,0.372,0.183,0.351,0.557,0.592,0.872,0.561,0.343,0.793,0.455,0.744,0.36,0.544,-0.344,-0.144,0.484,0.621,0.718,0.799,0.843,0.435,0.635,0.555,0.691,0.606,0.715,0.468,-0.014,0.471,0.696,0.751,0.599,0.802,0.124,0.559,0.836,0.309,-0.053,0.097,0.759,0.233,0.598,-0.246,0.515,0.362,0.786,0.342,0.789,0.081,0.838,0.702,0.794,-0.252,0.742,0.834,0.771,0.892,0.694,0.677,0.334,0.761,-0.165,0.609,0.774,0.749,0.09,0.048,0.104,0.711,0.833,0.321,0.393,0.726,0.772,0.397,0.723,0.135,0.412,0.638,0.832,0.685,0.327,0.811,0.681,-0.183,0.8,0.059,-0.189,-0.322,0.69,0.304,0.722,0.696,0.523,0.574,0.606,0.873,-0.462,0.277,0.676,0.417,0.331,0.543,0.331,0.789
BYND,0.75,0.863,0.484,0.131,-0.168,0.045,-0.384,0.172,0.535,-0.136,0.329,-0.002,-0.618,0.695,-0.005,0.846,0.778,0.776,0.783,0.519,-0.134,0.409,0.092,0.561,0.731,0.093,0.432,-0.43,0.768,0.808,1.0,0.545,-0.206,0.403,0.617,-0.203,0.563,-0.34,0.057,0.609,0.074,0.319,-0.118,0.712,0.51,0.612,0.658,0.622,0.798,0.78,0.699,0.313,0.458,0.457,-0.336,0.706,-0.383,0.653,0.442,0.37,0.205,0.711,-0.243,0.687,0.62,0.032,0.691,0.461,0.66,-0.335,0.61,0.8,0.038,-0.017,0.257,0.389,0.371,-0.486,0.627,0.642,0.725,0.674,0.269,0.788,0.569,0.293,0.845,0.472,0.658,0.222,-0.121,0.687,0.613,0.59,0.504,0.36,0.069,0.089,0.519,0.616,0.899,0.498,0.142,0.682,0.371,0.729,0.188,0.278,-0.361,-0.431,0.324,0.432,0.564,0.796,0.906,0.278,0.465,0.525,0.581,0.469,0.679,0.311,-0.21,0.512,0.59,0.685,0.476,0.728,-0.104,0.5,0.749,-0.004,-0.359,-0.012,0.759,0.15,0.555,-0.334,0.399,0.164,0.848,0.229,0.794,-0.044,0.693,0.708,0.688,-0.15,0.734,0.822,0.941,0.875,0.64,0.615,0.274,0.806,-0.315,0.553,0.877,0.642,-0.074,0.072,0.072,0.653,0.773,0.247,0.191,0.594,0.685,0.212,0.586,-0.009,0.164,0.554,0.878,0.522,0.07,0.756,0.637,-0.383,0.641,0.094,-0.14,-0.51,0.591,0.26,0.597,0.699,0.46,0.64,0.717,0.755,-0.654,0.294,0.632,0.274,0.149,0.591,0.397,0.784
CAN,0.703,0.539,0.6,0.374,0.26,0.376,0.003,-0.002,0.2,0.088,0.553,0.399,-0.174,0.653,0.344,0.601,0.563,0.632,0.602,0.35,0.166,0.217,0.426,0.71,0.554,0.478,0.618,-0.084,0.74,0.548,0.545,1.0,0.191,0.507,0.232,0.205,0.764,0.068,0.241,0.282,-0.209,0.578,-0.192,0.713,0.145,0.612,0.375,0.489,0.487,0.694,0.504,0.629,0.262,0.64,0.119,0.386,-0.02,0.532,0.669,0.52,0.318,0.421,0.144,0.419,0.494,0.346,0.593,0.639,0.706,-0.079,0.663,0.74,0.254,0.43,0.308,0.137,0.602,-0.104,0.317,0.313,0.667,0.748,0.529,0.446,0.401,0.395,0.538,0.449,0.517,-0.08,0.293,0.38,0.764,0.717,-0.031,-0.152,0.343,0.341,0.387,0.485,0.526,0.219,0.4,0.379,0.0,0.481,0.54,0.452,0.071,0.039,0.548,0.606,0.599,0.65,0.681,0.46,0.481,0.573,0.584,0.615,0.507,0.623,0.198,0.126,0.579,0.619,0.205,0.604,0.219,0.651,0.555,0.408,0.011,0.351,0.597,0.516,0.523,0.189,0.32,0.538,0.645,-0.105,0.722,0.364,0.521,0.742,0.586,0.132,0.491,0.623,0.452,0.53,0.545,0.363,0.593,0.635,0.148,0.547,0.696,0.388,0.228,0.358,-0.074,0.472,0.514,0.562,0.443,0.565,0.285,0.617,0.493,0.348,0.362,0.259,0.499,0.544,0.399,0.692,0.702,-0.146,0.358,0.42,0.199,-0.032,0.673,0.19,0.619,0.284,0.636,0.551,0.379,0.606,-0.311,0.494,0.536,0.446,0.531,0.609,0.517,0.577
