,AAL,AAPL,ABUS,ADBE,ADI,ADMA,AEP,AGNC,AKBA,ALT,AMAT,AMD,AMGN,AMZN,APA,APPS,ARCC,ARDX,ATER,ATOS,AUPH,AVGO,AZN,BCRX,BGC,BIDU,BILI,BKR,BLDP,BLNK,BYND,CAN,CELH,CG,CGC,CHRD,CLNE,CMCSA,COMM,COST,CPB,CPRT,CRON,CRWD,CSCO,CSGP,CSX,CTSH,CZR,DBX,DDOG,DKNG,DLTR,DOCU,DVAX,DXCM,EA,EBAY,ENPH,ERIC,ESPR,ETSY,EXC,EXEL,EXPE,FANG,FAST,FITB,FLEX,FOLD,FOXA,FSLR,FTNT,FUTU,GEN,GERN,GEVO,GILD,GOOG,GOOGL,GPRO,GT,HBAN,HIVE,HON,HST,HUT,IBRX,INTC,IOVA,IQ,IRWD,JBLU,JD,KDP,KHC,LBTYK,LRCX,LYFT,MAR,MARA,MAT,MCHP,MCRB,MDLZ,META,MGNI,MLCO,MNKD,MNST,MOMO,MRNA,MRVL,MSFT,MSTR,MTCH,MU,MVIS,NDAQ,NFLX,NKTR,NNDM,NTES,NTNX,NVAX,NVDA,NWL,NWSA,NXPI,OCGN,OKTA,ON,OPK,PAA,PACB,PAGP,PANW,PARA,PCAR,PDD,PENN,PEP,PLUG,PTEN,PTON,PYPL,QCOM,QUBT,QVCGA,RDFN,REAL,RIOT,ROKU,ROST,RUN,SABR,SAVA,SBUX,SFIX,SGMO,SIRI,SLM,SMCI,SNDL,SONO,STNE,STX,TCOM,TGTX,TIGR,TLRY,TMUS,TRIP,TSCO,TSLA,TTD,TXN,UAL,UNIT,VERU,VKTX,VLY,VOD,VTRS,VXRT,WBA,WBD,WDAY,WDC,WEN,WW,WYNN,XEL,XP,XRAY,XRX,Z,ZION,ZM,ZS
AAL,1.0,0.518,0.769,0.262,0.687,0.022,0.349,0.285,0.363,0.46,0.704,0.672,0.583,0.655,0.098,0.725,0.264,0.298,0.781,0.781,0.821,0.613,0.052,0.638,0.678,0.495,0.663,0.145,0.505,0.662,0.583,0.761,0.655,0.379,0.641,0.169,0.486,0.397,0.648,0.49,0.204,0.698,0.765,0.652,0.495,0.641,0.604,0.588,0.769,0.446,0.353,0.648,0.61,0.717,0.569,0.686,-0.023,0.573,0.637,0.036,-0.189,0.349,0.074,0.321,0.574,0.114,0.297,0.727,0.612,0.564,0.522,0.261,0.672,0.53,0.493,0.289,0.694,0.039,0.324,0.318,0.585,0.704,0.692,0.774,0.246,0.709,0.634,0.732,0.475,0.362,0.51,0.493,0.736,0.529,0.548,0.143,0.732,0.604,0.726,0.586,0.821,0.689,0.583,0.211,0.357,-0.127,0.729,0.195,0.672,0.402,0.486,0.609,0.755,0.387,0.758,0.535,0.753,0.745,0.649,0.549,0.463,0.522,0.707,0.692,0.647,0.786,0.04,0.589,0.598,0.697,0.627,0.808,0.477,0.103,0.737,0.114,0.492,0.809,0.416,0.375,0.431,0.152,0.703,0.314,0.735,-0.057,0.521,0.73,0.395,0.704,0.608,0.833,0.662,0.517,0.503,0.673,0.49,0.51,0.622,0.567,0.16,0.545,0.228,0.76,0.747,0.213,0.464,0.252,0.254,0.453,0.787,0.294,0.779,0.73,0.606,0.732,0.242,0.906,0.449,0.747,0.577,0.54,0.15,0.532,0.758,0.312,0.551,0.318,0.501,0.696,0.42,0.66,0.146,-0.059,0.464,0.581,0.425,0.53,0.531,0.661
AAPL,0.518,1.0,0.574,0.613,0.633,0.312,0.286,0.006,0.021,0.801,0.424,0.5,0.336,0.572,0.503,0.588,0.551,-0.033,0.645,0.467,0.622,0.862,-0.132,0.523,0.759,0.557,0.236,0.084,0.365,0.289,0.334,0.444,0.788,0.572,0.615,0.481,0.661,0.335,0.264,0.757,-0.148,0.567,0.726,0.789,0.235,0.365,0.416,0.667,0.625,0.746,0.568,0.68,0.561,0.529,0.416,0.629,0.024,0.307,0.585,0.598,0.01,0.03,0.481,0.468,0.657,0.442,0.098,0.536,0.517,0.143,0.666,-0.058,0.709,0.216,0.352,-0.007,0.32,-0.231,0.691,0.678,0.353,0.27,0.34,0.52,-0.037,0.523,0.611,0.525,0.049,0.704,0.253,0.374,0.779,0.422,0.555,-0.144,0.725,0.213,0.482,0.636,0.508,0.589,0.417,0.387,0.217,-0.331,0.503,-0.114,0.261,0.187,0.648,0.409,0.478,0.74,0.387,0.252,0.366,0.563,0.562,0.391,0.019,0.787,0.593,0.627,0.536,0.711,-0.113,0.625,0.479,0.575,0.492,0.582,0.148,0.531,0.634,0.563,0.62,0.591,0.505,0.027,0.59,0.246,0.654,0.509,0.336,-0.33,0.644,0.614,-0.093,0.48,0.303,0.562,0.438,0.28,0.139,0.347,0.655,0.228,0.267,0.134,0.673,0.698,0.046,0.473,0.557,-0.03,0.777,0.334,-0.185,0.071,0.548,0.53,0.58,0.699,0.296,0.723,0.276,0.636,0.123,0.641,0.286,0.11,0.563,0.762,0.531,-0.146,0.532,0.307,0.099,0.652,0.035,0.341,0.566,0.307,0.238,0.506,0.078,0.717,0.282,0.768
ABUS,0.769,0.574,1.0,0.281,0.667,0.303,0.265,0.202,0.258,0.606,0.593,0.87,0.466,0.74,0.182,0.757,0.292,0.217,0.806,0.733,0.782,0.684,0.032,0.564,0.709,0.558,0.526,0.203,0.5,0.655,0.43,0.692,0.724,0.495,0.675,0.403,0.572,0.342,0.49,0.605,0.1,0.599,0.735,0.683,0.426,0.563,0.519,0.738,0.815,0.584,0.474,0.682,0.6,0.668,0.568,0.599,0.186,0.615,0.657,0.17,-0.256,0.311,0.387,0.46,0.633,0.231,0.207,0.755,0.653,0.439,0.572,0.185,0.768,0.503,0.535,0.251,0.638,-0.008,0.614,0.607,0.576,0.589,0.667,0.715,0.106,0.747,0.713,0.665,0.37,0.406,0.536,0.552,0.692,0.557,0.549,0.026,0.743,0.492,0.686,0.745,0.739,0.669,0.549,0.204,0.316,-0.218,0.716,0.209,0.608,0.304,0.571,0.508,0.685,0.412,0.715,0.658,0.667,0.767,0.599,0.546,0.497,0.682,0.7,0.635,0.543,0.795,-0.068,0.645,0.569,0.772,0.644,0.719,0.394,0.377,0.731,0.343,0.569,0.779,0.429,0.284,0.53,0.209,0.748,0.445,0.617,-0.028,0.699,0.744,0.224,0.675,0.618,0.767,0.627,0.392,0.445,0.516,0.634,0.435,0.415,0.446,0.429,0.697,0.331,0.733,0.75,0.221,0.549,0.252,0.166,0.398,0.784,0.426,0.77,0.714,0.509,0.798,0.235,0.82,0.336,0.792,0.513,0.432,0.212,0.72,0.709,0.154,0.669,0.368,0.348,0.739,0.28,0.631,0.152,0.056,0.356,0.596,0.374,0.545,0.422,0.689
ADBE,0.262,0.613,0.281,1.0,0.622,-0.029,0.193,0.333,0.386,0.512,0.39,0.307,0.197,0.277,0.266,0.411,0.184,0.409,0.422,0.435,0.422,0.563,0.087,0.186,0.465,0.415,0.379,-0.034,0.616,0.247,0.571,0.33,0.4,0.634,0.453,0.26,0.371,0.493,0.374,0.382,0.112,0.569,0.529,0.571,0.335,0.459,0.485,0.323,0.334,0.635,0.207,0.549,0.267,0.656,0.497,0.581,-0.135,0.398,0.297,0.262,0.504,0.362,0.037,0.092,0.314,0.181,0.419,0.173,0.205,0.346,0.268,0.374,0.402,0.319,-0.101,0.366,0.425,0.17,0.429,0.408,0.373,0.38,0.249,0.405,0.324,0.213,0.259,0.46,0.241,0.412,0.339,0.351,0.369,0.38,0.275,0.221,0.367,0.352,0.255,0.179,0.331,0.301,0.516,0.634,0.141,0.23,0.407,0.092,0.254,0.386,0.527,0.489,0.454,0.732,0.294,0.3,0.325,0.389,0.577,0.477,0.244,0.496,0.509,0.646,0.508,0.549,0.289,0.224,0.499,0.445,0.569,0.294,0.244,0.194,0.493,0.247,0.496,0.364,0.317,0.245,0.257,0.479,0.547,0.172,0.083,0.125,0.443,0.574,0.082,0.563,0.413,0.37,0.56,0.457,0.326,0.362,0.313,0.43,0.579,0.44,0.247,0.316,0.247,0.246,0.374,0.389,0.42,0.038,0.197,0.314,0.371,0.002,0.424,0.573,0.437,0.426,0.583,0.342,0.382,0.334,0.362,0.191,0.09,0.29,0.518,0.141,0.168,0.597,0.161,0.576,0.359,0.109,0.515,0.212,0.358,0.41,0.384,0.221,0.597,0.468
ADI,0.687,0.633,0.667,0.622,1.0,-0.053,0.423,0.506,0.501,0.532,0.796,0.67,0.427,0.66,0.243,0.706,0.146,0.48,0.757,0.654,0.737,0.795,0.133,0.42,0.711,0.425,0.567,0.036,0.693,0.627,0.703,0.648,0.581,0.603,0.629,0.249,0.539,0.605,0.683,0.552,0.373,0.85,0.77,0.651,0.669,0.717,0.798,0.548,0.708,0.578,0.248,0.816,0.414,0.821,0.664,0.751,-0.03,0.721,0.507,0.103,0.188,0.503,0.054,0.226,0.445,0.222,0.598,0.681,0.68,0.631,0.379,0.52,0.705,0.45,0.227,0.533,0.737,0.213,0.508,0.481,0.783,0.696,0.688,0.721,0.519,0.502,0.497,0.759,0.572,0.376,0.592,0.606,0.612,0.373,0.577,0.432,0.657,0.723,0.567,0.46,0.678,0.614,0.853,0.447,0.358,0.145,0.76,0.067,0.505,0.626,0.484,0.77,0.823,0.71,0.677,0.623,0.746,0.746,0.794,0.692,0.509,0.604,0.644,0.833,0.724,0.878,0.359,0.536,0.833,0.764,0.732,0.654,0.557,0.143,0.785,0.163,0.517,0.731,0.532,0.263,0.446,0.443,0.823,0.258,0.387,0.089,0.738,0.781,0.347,0.835,0.733,0.747,0.708,0.691,0.628,0.611,0.454,0.637,0.639,0.556,0.224,0.7,0.465,0.654,0.698,0.489,0.552,-0.032,0.345,0.379,0.718,0.227,0.764,0.749,0.707,0.721,0.736,0.705,0.603,0.678,0.658,0.543,-0.027,0.572,0.822,0.424,0.532,0.568,0.504,0.724,0.541,0.421,0.373,-0.046,0.508,0.73,0.501,0.451,0.707,0.634
ADMA,0.022,0.312,0.303,-0.029,-0.053,1.0,-0.196,-0.483,-0.509,0.462,-0.338,0.205,0.12,0.29,0.389,0.178,0.534,-0.483,0.205,0.184,0.157,0.295,-0.219,0.395,0.246,0.484,-0.18,0.333,-0.211,-0.079,-0.246,0.078,0.482,0.245,0.283,0.441,0.438,-0.307,-0.271,0.467,-0.515,-0.223,0.214,0.318,-0.485,-0.203,-0.337,0.525,0.296,0.482,0.635,0.097,0.495,-0.124,-0.052,-0.07,0.213,-0.216,0.397,0.565,-0.367,-0.413,0.675,0.546,0.601,0.336,-0.51,0.239,0.129,-0.313,0.484,-0.496,0.401,0.015,0.587,-0.421,-0.17,-0.657,0.492,0.508,-0.119,-0.185,-0.104,0.11,-0.526,0.379,0.597,-0.051,-0.491,0.498,-0.034,0.055,0.387,0.365,0.301,-0.572,0.317,-0.465,0.22,0.528,0.184,0.236,-0.171,-0.012,0.079,-0.569,0.107,0.163,0.105,-0.335,0.53,-0.389,-0.099,0.07,-0.056,-0.136,-0.225,0.1,-0.173,-0.25,-0.323,0.514,0.232,-0.045,-0.193,0.077,-0.407,0.488,-0.177,0.114,-0.092,0.24,-0.343,0.698,-0.111,0.637,0.335,0.015,0.192,0.014,0.549,-0.164,0.124,0.64,0.259,-0.628,0.251,0.091,-0.345,-0.063,-0.212,0.111,-0.02,-0.367,-0.416,0.116,0.566,-0.41,-0.23,-0.257,0.755,0.296,-0.308,0.134,0.138,-0.494,0.225,0.643,-0.479,-0.082,0.123,0.671,0.231,0.039,-0.336,0.361,-0.326,0.202,-0.375,0.298,-0.218,-0.285,0.638,0.501,-0.113,-0.566,0.331,-0.198,-0.477,0.127,-0.51,0.337,0.035,0.531,-0.123,-0.124,-0.288,0.414,-0.379,0.381
AEP,0.349,0.286,0.265,0.193,0.423,-0.196,1.0,0.483,0.446,0.176,0.449,0.446,0.431,0.315,-0.219,0.269,-0.107,0.391,0.356,0.262,0.428,0.273,0.337,-0.004,0.34,0.156,0.428,-0.17,0.472,0.311,0.379,0.472,0.131,0.249,0.13,-0.101,-0.004,0.516,0.33,0.147,0.461,0.532,0.249,0.207,0.631,0.546,0.518,0.292,0.198,0.128,-0.136,0.292,-0.002,0.375,0.45,0.44,0.262,0.549,0.166,-0.214,-0.149,0.392,-0.025,-0.184,0.057,-0.189,0.42,0.448,0.353,0.333,-0.007,0.398,0.367,0.355,0.044,0.308,0.427,0.345,0.154,0.131,0.474,0.449,0.539,0.376,0.388,0.217,0.151,0.354,0.501,-0.079,0.411,0.332,0.304,0.163,0.438,0.517,0.385,0.45,0.149,0.067,0.318,0.271,0.373,0.049,0.527,0.072,0.357,0.105,0.265,0.455,0.045,0.457,0.491,0.319,0.515,0.495,0.42,0.443,0.475,0.532,0.41,0.063,0.317,0.463,0.499,0.45,0.332,0.219,0.529,0.387,0.427,0.291,0.567,-0.039,0.439,-0.016,0.214,0.323,0.164,0.188,-0.096,0.582,0.433,-0.154,0.103,0.235,0.252,0.346,0.301,0.433,0.434,0.423,0.298,0.487,0.482,0.245,-0.022,0.375,0.225,0.232,0.068,0.429,0.398,0.372,0.331,0.218,0.227,-0.285,0.282,0.28,0.294,-0.056,0.433,0.349,0.535,0.245,0.263,0.31,0.567,0.386,0.514,0.431,-0.18,0.247,0.466,0.531,0.338,0.409,0.515,0.279,0.337,0.213,0.413,-0.362,0.211,0.563,0.457,0.032,0.442,0.216
AGNC,0.285,0.006,0.202,0.333,0.506,-0.483,0.483,1.0,0.789,0.017,0.582,0.334,0.21,0.237,-0.112,0.301,-0.415,0.68,0.29,0.366,0.35,0.163,0.6,-0.083,0.11,-0.097,0.463,0.001,0.717,0.441,0.567,0.439,-0.045,0.186,0.12,-0.149,0.059,0.513,0.595,-0.144,0.547,0.587,0.274,0.083,0.763,0.598,0.637,-0.027,0.239,0.048,-0.289,0.433,-0.195,0.633,0.582,0.366,-0.188,0.656,-0.062,-0.333,0.293,0.81,-0.546,-0.291,-0.124,-0.015,0.623,0.285,0.218,0.684,-0.214,0.759,0.132,0.327,-0.238,0.771,0.705,0.733,-0.056,-0.09,0.643,0.552,0.581,0.458,0.786,0.119,0.045,0.454,0.718,-0.271,0.476,0.333,0.024,-0.02,0.018,0.737,0.054,0.636,0.121,-0.098,0.381,0.201,0.588,0.396,0.026,0.596,0.47,0.073,0.286,0.652,-0.003,0.679,0.529,0.363,0.589,0.5,0.554,0.431,0.479,0.682,0.697,0.006,0.227,0.53,0.547,0.445,0.608,-0.022,0.605,0.404,0.555,0.172,0.65,-0.375,0.445,-0.376,0.078,0.354,0.275,0.18,-0.137,0.309,0.415,-0.173,0.023,0.708,0.167,0.437,0.569,0.566,0.692,0.449,0.534,0.788,0.703,0.412,-0.12,0.704,0.607,0.659,-0.322,0.222,0.636,0.319,0.296,0.764,0.048,-0.565,0.603,0.367,0.319,-0.415,0.384,0.337,0.687,0.234,0.638,0.219,0.723,0.258,0.71,0.599,-0.57,-0.023,0.596,0.667,0.203,0.543,0.632,0.361,0.706,0.17,0.04,-0.383,0.456,0.511,0.67,-0.059,0.751,-0.004
AKBA,0.363,0.021,0.258,0.386,0.501,-0.509,0.446,0.789,1.0,0.1,0.686,0.366,0.185,0.192,-0.297,0.34,-0.433,0.799,0.406,0.394,0.457,0.106,0.412,-0.063,0.254,0.069,0.671,-0.019,0.72,0.532,0.721,0.52,0.043,0.215,0.202,-0.186,-0.11,0.575,0.55,-0.142,0.618,0.621,0.361,0.175,0.798,0.623,0.639,-0.006,0.305,0.077,-0.28,0.348,-0.098,0.67,0.656,0.561,-0.078,0.685,-0.006,-0.506,0.286,0.787,-0.574,-0.272,-0.15,-0.243,0.683,0.258,0.154,0.741,-0.15,0.768,0.158,0.548,-0.29,0.812,0.697,0.648,-0.152,-0.179,0.551,0.684,0.63,0.393,0.757,0.088,-0.061,0.642,0.778,-0.177,0.556,0.442,0.023,0.174,0.127,0.719,0.214,0.748,0.169,-0.132,0.337,0.236,0.561,0.432,0.191,0.552,0.428,0.367,0.432,0.692,0.086,0.698,0.606,0.241,0.572,0.571,0.672,0.474,0.529,0.665,0.771,-0.033,0.278,0.596,0.599,0.452,0.572,-0.105,0.664,0.53,0.621,0.113,0.691,-0.44,0.572,-0.425,0.128,0.425,0.146,0.395,-0.229,0.404,0.504,-0.247,0.044,0.637,0.169,0.527,0.703,0.631,0.681,0.399,0.627,0.776,0.786,0.346,-0.11,0.697,0.667,0.715,-0.372,0.156,0.602,0.357,0.371,0.643,-0.105,-0.517,0.733,0.562,0.417,-0.484,0.42,0.289,0.797,0.199,0.539,0.286,0.795,0.332,0.752,0.724,-0.563,-0.04,0.696,0.716,0.155,0.61,0.755,0.349,0.759,0.265,-0.057,-0.422,0.421,0.52,0.781,-0.149,0.846,0.087
ALT,0.46,0.801,0.606,0.512,0.532,0.462,0.176,0.017,0.1,1.0,0.283,0.497,0.361,0.512,0.454,0.637,0.505,-0.012,0.657,0.586,0.556,0.796,-0.187,0.612,0.688,0.586,0.238,0.322,0.328,0.329,0.378,0.451,0.791,0.518,0.726,0.491,0.672,0.154,0.227,0.692,-0.239,0.442,0.736,0.752,0.13,0.27,0.223,0.706,0.659,0.707,0.686,0.618,0.574,0.507,0.476,0.541,-0.016,0.286,0.674,0.584,0.049,0.031,0.411,0.625,0.748,0.398,-0.042,0.476,0.377,0.215,0.742,-0.066,0.637,0.22,0.438,0.065,0.343,-0.248,0.568,0.561,0.275,0.295,0.287,0.502,-0.095,0.641,0.671,0.518,-0.007,0.789,0.284,0.463,0.732,0.473,0.492,-0.235,0.641,0.092,0.599,0.675,0.536,0.569,0.42,0.551,0.144,-0.337,0.517,0.088,0.349,0.14,0.738,0.296,0.44,0.576,0.349,0.225,0.349,0.654,0.385,0.258,0.093,0.835,0.567,0.506,0.492,0.652,-0.071,0.643,0.476,0.603,0.456,0.574,0.037,0.533,0.583,0.536,0.542,0.497,0.486,0.085,0.646,0.08,0.634,0.622,0.409,-0.296,0.582,0.594,0.016,0.446,0.315,0.515,0.448,0.248,0.157,0.352,0.747,0.211,0.315,0.258,0.717,0.613,-0.025,0.511,0.596,-0.034,0.586,0.445,-0.137,0.103,0.59,0.52,0.585,0.556,0.222,0.729,0.173,0.629,0.14,0.725,0.3,0.159,0.545,0.819,0.496,-0.148,0.507,0.306,0.009,0.638,-0.012,0.488,0.389,0.459,0.325,0.363,0.148,0.694,0.263,0.726
AMAT,0.704,0.424,0.593,0.39,0.796,-0.338,0.449,0.582,0.686,0.283,1.0,0.616,0.328,0.52,0.029,0.574,-0.055,0.617,0.7,0.533,0.722,0.533,0.194,0.285,0.592,0.217,0.657,-0.01,0.68,0.738,0.681,0.722,0.385,0.363,0.425,0.051,0.284,0.685,0.655,0.299,0.548,0.839,0.659,0.485,0.831,0.775,0.825,0.27,0.633,0.305,-0.004,0.663,0.246,0.764,0.659,0.754,0.002,0.737,0.306,-0.193,0.033,0.582,-0.234,-0.01,0.152,0.055,0.686,0.659,0.621,0.725,0.213,0.554,0.488,0.544,0.009,0.628,0.729,0.347,0.186,0.156,0.709,0.781,0.805,0.61,0.601,0.404,0.26,0.841,0.777,0.101,0.613,0.654,0.394,0.28,0.491,0.499,0.633,0.928,0.444,0.207,0.581,0.541,0.702,0.258,0.308,0.208,0.614,0.214,0.545,0.692,0.267,0.862,0.836,0.479,0.717,0.627,0.835,0.645,0.835,0.736,0.672,0.306,0.495,0.798,0.729,0.763,0.32,0.259,0.775,0.753,0.705,0.507,0.737,-0.123,0.8,-0.089,0.335,0.816,0.441,0.321,0.115,0.416,0.744,0.033,0.297,0.267,0.536,0.711,0.552,0.793,0.759,0.676,0.674,0.74,0.697,0.481,0.233,0.688,0.613,0.628,-0.085,0.526,0.575,0.594,0.629,0.482,0.377,-0.305,0.566,0.455,0.699,-0.063,0.655,0.629,0.842,0.517,0.551,0.609,0.679,0.567,0.742,0.724,-0.28,0.315,0.87,0.545,0.557,0.551,0.765,0.581,0.688,0.453,0.172,-0.398,0.466,0.755,0.624,0.309,0.763,0.466
AMD,0.672,0.5,0.87,0.307,0.67,0.205,0.446,0.334,0.366,0.497,0.616,1.0,0.491,0.708,0.012,0.754,0.042,0.357,0.69,0.65,0.746,0.578,0.207,0.314,0.681,0.436,0.608,-0.088,0.645,0.593,0.471,0.688,0.579,0.597,0.616,0.316,0.41,0.532,0.547,0.419,0.275,0.721,0.621,0.544,0.573,0.694,0.559,0.7,0.653,0.468,0.309,0.647,0.347,0.659,0.579,0.664,0.225,0.663,0.583,-0.015,-0.242,0.438,0.298,0.185,0.512,0.021,0.304,0.726,0.755,0.488,0.397,0.361,0.735,0.512,0.412,0.284,0.709,0.189,0.644,0.628,0.701,0.719,0.689,0.693,0.313,0.659,0.611,0.643,0.567,0.183,0.708,0.574,0.6,0.443,0.578,0.257,0.693,0.598,0.615,0.522,0.705,0.673,0.632,0.11,0.406,-0.004,0.702,0.198,0.534,0.428,0.432,0.525,0.75,0.389,0.745,0.789,0.704,0.744,0.623,0.638,0.484,0.503,0.598,0.742,0.604,0.802,0.117,0.618,0.736,0.742,0.638,0.673,0.542,0.307,0.694,0.277,0.418,0.635,0.416,0.325,0.363,0.421,0.754,0.295,0.491,0.14,0.755,0.667,0.358,0.72,0.707,0.742,0.569,0.494,0.561,0.504,0.478,0.432,0.384,0.414,0.364,0.75,0.563,0.725,0.697,0.307,0.461,-0.025,0.37,0.441,0.704,0.325,0.754,0.672,0.655,0.69,0.347,0.717,0.491,0.76,0.596,0.561,0.063,0.606,0.695,0.388,0.727,0.51,0.555,0.682,0.327,0.514,0.133,-0.161,0.368,0.729,0.572,0.384,0.494,0.568
AMGN,0.583,0.336,0.466,0.197,0.427,0.12,0.431,0.21,0.185,0.361,0.328,0.491,1.0,0.509,-0.062,0.596,0.136,0.245,0.413,0.671,0.511,0.342,0.265,0.445,0.45,0.383,0.432,0.04,0.274,0.535,0.236,0.537,0.456,0.406,0.496,0.05,0.3,0.278,0.531,0.226,0.156,0.39,0.493,0.428,0.307,0.448,0.35,0.587,0.446,0.35,0.285,0.356,0.381,0.474,0.381,0.395,0.094,0.411,0.579,-0.046,-0.185,0.296,0.088,0.114,0.532,-0.065,0.085,0.549,0.476,0.361,0.397,0.222,0.51,0.445,0.604,0.19,0.468,0.089,0.203,0.205,0.51,0.462,0.457,0.537,0.219,0.654,0.49,0.483,0.287,0.141,0.416,0.335,0.582,0.369,0.481,0.142,0.494,0.268,0.658,0.449,0.578,0.528,0.473,0.123,0.296,0.017,0.578,0.279,0.575,0.233,0.346,0.266,0.579,0.274,0.514,0.283,0.491,0.583,0.324,0.368,0.332,0.311,0.589,0.422,0.349,0.506,0.107,0.491,0.398,0.38,0.403,0.644,0.345,0.16,0.308,0.174,0.369,0.489,0.224,0.432,0.34,0.187,0.378,0.224,0.741,0.005,0.341,0.422,0.145,0.479,0.43,0.583,0.396,0.323,0.308,0.656,0.291,0.171,0.421,0.323,0.165,0.412,0.202,0.561,0.58,0.176,0.288,0.177,0.101,0.321,0.517,0.277,0.564,0.434,0.296,0.505,0.136,0.618,0.392,0.556,0.453,0.295,0.118,0.368,0.478,0.369,0.36,0.292,0.277,0.487,0.21,0.565,0.254,-0.022,0.449,0.346,0.376,0.377,0.308,0.48
AMZN,0.655,0.572,0.74,0.277,0.66,0.29,0.315,0.237,0.192,0.512,0.52,0.708,0.509,1.0,0.194,0.721,0.216,0.236,0.665,0.68,0.763,0.637,0.059,0.452,0.724,0.482,0.439,0.04,0.452,0.556,0.377,0.676,0.607,0.52,0.592,0.273,0.494,0.348,0.478,0.533,0.084,0.611,0.655,0.635,0.398,0.566,0.507,0.713,0.708,0.594,0.454,0.636,0.49,0.649,0.552,0.559,0.13,0.687,0.634,0.149,-0.256,0.442,0.372,0.407,0.569,0.193,0.221,0.72,0.721,0.484,0.452,0.307,0.847,0.404,0.652,0.315,0.63,0.024,0.566,0.539,0.765,0.451,0.585,0.81,0.327,0.647,0.706,0.559,0.318,0.301,0.477,0.431,0.669,0.447,0.506,0.149,0.664,0.413,0.602,0.622,0.781,0.614,0.65,0.106,0.254,-0.005,0.886,0.085,0.509,0.361,0.434,0.431,0.642,0.468,0.763,0.528,0.543,0.651,0.55,0.558,0.431,0.541,0.629,0.659,0.501,0.703,-0.037,0.794,0.575,0.599,0.641,0.739,0.431,0.334,0.556,0.301,0.587,0.678,0.367,0.217,0.568,0.151,0.637,0.39,0.576,-0.036,0.704,0.649,0.156,0.663,0.622,0.827,0.633,0.431,0.496,0.618,0.528,0.292,0.405,0.391,0.358,0.796,0.286,0.744,0.681,0.266,0.504,0.164,0.092,0.272,0.617,0.543,0.697,0.581,0.491,0.839,0.257,0.65,0.348,0.707,0.524,0.318,0.203,0.598,0.637,0.182,0.634,0.411,0.324,0.633,0.273,0.523,0.126,-0.05,0.22,0.575,0.358,0.528,0.442,0.654
APA,0.098,0.503,0.182,0.266,0.243,0.389,-0.219,-0.112,-0.297,0.454,0.029,0.012,-0.062,0.194,1.0,0.156,0.627,-0.228,0.285,0.084,0.196,0.558,-0.202,0.407,0.18,0.134,-0.282,0.315,-0.071,-0.046,-0.053,0.12,0.315,0.225,0.269,0.734,0.625,-0.166,0.075,0.544,-0.347,0.091,0.292,0.37,-0.217,-0.07,0.057,0.18,0.26,0.4,0.407,0.368,0.341,0.082,0.006,-0.009,-0.168,-0.118,0.213,0.738,0.165,-0.342,0.331,0.457,0.472,0.871,-0.124,0.226,0.217,-0.044,0.428,-0.317,0.257,-0.203,0.141,-0.236,-0.126,-0.382,0.472,0.484,0.017,-0.083,0.059,0.187,-0.269,0.199,0.362,0.045,-0.333,0.578,-0.148,0.074,0.318,0.038,0.243,-0.311,0.304,-0.132,0.14,0.336,0.115,0.198,0.046,0.219,-0.172,-0.36,0.125,-0.202,-0.099,-0.102,0.431,0.118,0.051,0.51,-0.059,-0.239,-0.03,0.043,0.195,0.023,-0.266,0.551,0.227,0.105,0.166,0.252,-0.126,0.343,-0.024,0.178,0.032,0.201,-0.215,0.613,0.13,0.607,0.258,0.213,0.692,-0.325,0.449,-0.137,0.15,0.731,-0.003,-0.445,0.315,0.177,-0.264,-0.012,-0.148,0.12,0.069,-0.086,-0.29,0.066,0.505,-0.064,-0.019,-0.11,0.507,0.318,-0.211,0.122,0.187,-0.176,0.511,0.285,-0.443,-0.318,0.078,0.394,0.113,0.272,-0.154,0.346,0.115,0.203,-0.303,0.166,-0.117,-0.196,0.431,0.512,0.128,-0.42,0.241,-0.176,-0.33,0.259,-0.167,0.232,0.346,0.45,-0.009,0.129,-0.287,0.697,-0.116,0.312
APPS,0.725,0.588,0.757,0.411,0.706,0.178,0.269,0.301,0.34,0.637,0.574,0.754,0.596,0.721,0.156,1.0,0.14,0.408,0.735,0.867,0.747,0.652,0.163,0.592,0.675,0.474,0.572,-0.032,0.57,0.648,0.489,0.694,0.714,0.669,0.902,0.382,0.531,0.38,0.735,0.495,0.12,0.657,0.863,0.672,0.49,0.565,0.567,0.735,0.774,0.526,0.581,0.725,0.487,0.759,0.638,0.719,-0.014,0.577,0.794,0.076,0.002,0.398,0.134,0.335,0.709,0.158,0.312,0.656,0.642,0.497,0.673,0.309,0.729,0.471,0.535,0.376,0.753,0.164,0.507,0.503,0.706,0.64,0.586,0.821,0.293,0.741,0.721,0.747,0.379,0.356,0.607,0.635,0.703,0.403,0.452,0.132,0.657,0.449,0.901,0.593,0.854,0.792,0.757,0.453,0.148,0.045,0.817,0.083,0.573,0.452,0.543,0.587,0.721,0.505,0.702,0.562,0.755,0.816,0.615,0.57,0.433,0.632,0.67,0.729,0.672,0.837,0.093,0.684,0.65,0.786,0.657,0.779,0.419,0.311,0.691,0.303,0.521,0.731,0.367,0.341,0.515,0.277,0.754,0.479,0.645,0.051,0.668,0.804,0.258,0.763,0.605,0.847,0.701,0.525,0.521,0.686,0.693,0.471,0.539,0.571,0.332,0.723,0.37,0.882,0.892,0.399,0.495,0.16,0.171,0.375,0.892,0.376,0.785,0.672,0.505,0.828,0.357,0.846,0.443,0.869,0.657,0.388,0.163,0.615,0.764,0.357,0.636,0.436,0.413,0.849,0.435,0.557,0.203,0.154,0.57,0.601,0.581,0.569,0.534,0.661
ARCC,0.264,0.551,0.292,0.184,0.146,0.534,-0.107,-0.415,-0.433,0.505,-0.055,0.042,0.136,0.216,0.627,0.14,1.0,-0.367,0.343,0.185,0.303,0.576,-0.351,0.648,0.245,0.43,-0.137,0.427,-0.238,-0.03,-0.053,0.109,0.457,0.212,0.319,0.53,0.608,-0.297,-0.141,0.662,-0.563,-0.071,0.346,0.585,-0.409,-0.1,-0.17,0.407,0.308,0.489,0.563,0.252,0.68,0.022,-0.017,0.048,0.013,-0.231,0.452,0.754,-0.195,-0.461,0.597,0.54,0.627,0.572,-0.388,0.179,0.096,-0.228,0.573,-0.529,0.369,-0.088,0.385,-0.425,-0.234,-0.693,0.416,0.429,-0.22,-0.107,-0.045,0.095,-0.521,0.298,0.48,0.008,-0.463,0.785,-0.231,-0.024,0.541,0.328,0.371,-0.578,0.406,-0.206,0.239,0.542,0.125,0.234,-0.124,0.166,0.029,-0.649,0.054,-0.045,0.103,-0.328,0.529,-0.128,0.046,0.407,-0.101,-0.243,-0.075,0.099,0.119,-0.155,-0.306,0.625,0.34,0.045,0.011,0.247,-0.442,0.342,-0.156,0.158,-0.004,0.273,-0.301,0.667,0.099,0.685,0.459,0.258,0.412,-0.211,0.569,-0.197,0.133,0.602,0.199,-0.656,0.246,0.194,-0.425,0.013,-0.257,0.115,0.082,-0.325,-0.454,0.089,0.53,-0.248,-0.023,-0.233,0.635,0.208,-0.461,0.152,0.197,-0.459,0.553,0.609,-0.585,-0.237,0.167,0.581,0.203,0.207,-0.228,0.375,-0.214,0.397,-0.449,0.257,-0.169,-0.307,0.636,0.565,0.072,-0.548,0.189,-0.244,-0.482,0.253,-0.414,0.332,0.329,0.611,-0.022,-0.075,-0.442,0.641,-0.238,0.553
ARDX,0.298,-0.033,0.217,0.409,0.48,-0.483,0.391,0.68,0.799,-0.012,0.617,0.357,0.245,0.236,-0.228,0.408,-0.367,1.0,0.365,0.415,0.438,0.085,0.423,-0.043,0.172,0.026,0.632,-0.262,0.633,0.527,0.622,0.493,-0.079,0.446,0.257,0.022,-0.143,0.547,0.596,-0.125,0.638,0.562,0.338,0.151,0.72,0.624,0.638,-0.009,0.204,0.018,-0.189,0.314,-0.103,0.596,0.586,0.535,-0.03,0.648,0.037,-0.531,0.225,0.667,-0.498,-0.39,-0.044,-0.204,0.737,0.238,0.223,0.637,-0.151,0.72,0.149,0.536,-0.25,0.707,0.628,0.658,-0.082,-0.107,0.615,0.705,0.569,0.453,0.722,0.102,-0.021,0.508,0.671,-0.256,0.565,0.48,-0.031,0.124,0.165,0.705,0.179,0.716,0.266,-0.233,0.369,0.271,0.598,0.33,0.119,0.577,0.437,0.246,0.388,0.68,0.032,0.685,0.584,0.252,0.523,0.528,0.665,0.375,0.591,0.64,0.698,-0.085,0.307,0.553,0.573,0.417,0.524,-0.078,0.554,0.476,0.571,0.16,0.686,-0.178,0.429,-0.173,0.088,0.408,0.129,0.386,-0.255,0.542,0.431,-0.199,0.023,0.6,0.211,0.51,0.504,0.623,0.571,0.422,0.617,0.637,0.697,0.328,0.01,0.598,0.57,0.658,-0.365,0.212,0.594,0.421,0.48,0.671,-0.101,-0.533,0.625,0.516,0.425,-0.434,0.367,0.233,0.71,0.169,0.501,0.265,0.713,0.292,0.713,0.538,-0.627,-0.076,0.671,0.768,0.154,0.576,0.646,0.382,0.742,0.125,0.037,-0.391,0.404,0.54,0.864,-0.13,0.769,0.072
ATER,0.781,0.645,0.806,0.422,0.757,0.205,0.356,0.29,0.406,0.657,0.7,0.69,0.413,0.665,0.285,0.735,0.343,0.365,1.0,0.727,0.859,0.762,0.013,0.61,0.738,0.629,0.637,0.181,0.592,0.69,0.687,0.776,0.678,0.558,0.713,0.361,0.539,0.412,0.568,0.659,0.22,0.705,0.845,0.797,0.499,0.64,0.674,0.661,0.823,0.652,0.41,0.758,0.629,0.761,0.636,0.74,0.082,0.632,0.638,0.154,-0.009,0.334,0.159,0.334,0.589,0.259,0.429,0.769,0.578,0.503,0.564,0.264,0.748,0.616,0.339,0.331,0.618,-0.048,0.502,0.493,0.597,0.627,0.768,0.705,0.236,0.59,0.606,0.768,0.356,0.564,0.605,0.595,0.706,0.605,0.579,0.104,0.789,0.572,0.663,0.6,0.705,0.684,0.591,0.376,0.297,-0.159,0.698,0.253,0.604,0.494,0.69,0.705,0.763,0.56,0.679,0.566,0.712,0.791,0.782,0.665,0.56,0.663,0.772,0.737,0.728,0.857,0.086,0.546,0.667,0.918,0.765,0.643,0.472,0.271,0.82,0.255,0.656,0.845,0.514,0.381,0.457,0.292,0.88,0.381,0.509,-0.091,0.629,0.886,0.232,0.771,0.618,0.744,0.764,0.516,0.502,0.551,0.611,0.551,0.584,0.531,0.413,0.699,0.332,0.735,0.817,0.236,0.497,0.213,0.13,0.477,0.813,0.295,0.817,0.697,0.579,0.784,0.326,0.816,0.438,0.861,0.604,0.418,0.075,0.717,0.837,0.268,0.707,0.478,0.356,0.738,0.466,0.649,0.283,0.039,0.454,0.686,0.452,0.554,0.629,0.75
ATOS,0.781,0.467,0.733,0.435,0.654,0.184,0.262,0.366,0.394,0.586,0.533,0.65,0.671,0.68,0.084,0.867,0.185,0.415,0.727,1.0,0.745,0.563,0.155,0.619,0.571,0.52,0.605,0.192,0.594,0.664,0.532,0.722,0.645,0.55,0.787,0.244,0.48,0.322,0.695,0.422,0.106,0.574,0.804,0.656,0.409,0.562,0.522,0.674,0.748,0.527,0.477,0.629,0.565,0.786,0.665,0.599,-0.055,0.595,0.731,0.045,0.012,0.47,0.043,0.365,0.663,0.101,0.298,0.624,0.484,0.567,0.581,0.341,0.668,0.54,0.543,0.45,0.76,0.176,0.362,0.359,0.652,0.629,0.596,0.831,0.299,0.718,0.711,0.719,0.359,0.366,0.532,0.559,0.67,0.496,0.416,0.135,0.575,0.425,0.812,0.598,0.861,0.629,0.686,0.467,0.167,0.07,0.822,0.256,0.696,0.393,0.575,0.539,0.698,0.434,0.739,0.483,0.667,0.774,0.56,0.559,0.525,0.581,0.732,0.656,0.613,0.761,0.127,0.609,0.57,0.727,0.673,0.804,0.401,0.205,0.609,0.191,0.547,0.716,0.322,0.432,0.474,0.187,0.7,0.389,0.745,0.093,0.535,0.792,0.282,0.753,0.617,0.847,0.725,0.509,0.514,0.787,0.566,0.478,0.715,0.708,0.221,0.548,0.296,0.802,0.789,0.405,0.362,0.255,0.198,0.455,0.816,0.282,0.777,0.619,0.503,0.786,0.315,0.816,0.497,0.788,0.602,0.405,0.133,0.538,0.751,0.322,0.51,0.43,0.321,0.801,0.485,0.644,0.153,0.124,0.535,0.465,0.541,0.466,0.577,0.625
AUPH,0.821,0.622,0.782,0.422,0.737,0.157,0.428,0.35,0.457,0.556,0.722,0.746,0.511,0.763,0.196,0.747,0.303,0.438,0.859,0.745,1.0,0.689,0.165,0.524,0.725,0.646,0.729,0.128,0.623,0.716,0.587,0.86,0.654,0.526,0.637,0.284,0.467,0.513,0.55,0.529,0.227,0.745,0.799,0.8,0.568,0.764,0.669,0.685,0.791,0.656,0.383,0.682,0.554,0.817,0.76,0.753,0.188,0.693,0.598,0.093,-0.155,0.462,0.169,0.287,0.594,0.214,0.367,0.768,0.62,0.567,0.533,0.309,0.843,0.695,0.419,0.386,0.698,0.04,0.471,0.458,0.669,0.713,0.787,0.799,0.326,0.622,0.656,0.785,0.487,0.402,0.644,0.546,0.709,0.625,0.66,0.247,0.802,0.64,0.595,0.548,0.784,0.718,0.583,0.321,0.383,-0.08,0.789,0.339,0.745,0.417,0.63,0.655,0.837,0.561,0.821,0.597,0.761,0.729,0.745,0.697,0.584,0.59,0.799,0.826,0.709,0.877,0.02,0.575,0.638,0.809,0.794,0.655,0.665,0.245,0.708,0.235,0.681,0.863,0.522,0.432,0.395,0.377,0.796,0.364,0.521,-0.013,0.596,0.875,0.301,0.825,0.655,0.859,0.801,0.525,0.516,0.63,0.499,0.429,0.565,0.543,0.266,0.668,0.319,0.803,0.74,0.253,0.431,0.132,0.21,0.559,0.755,0.316,0.883,0.621,0.708,0.817,0.291,0.837,0.483,0.797,0.741,0.527,0.12,0.607,0.884,0.354,0.684,0.516,0.471,0.713,0.405,0.676,0.212,-0.059,0.403,0.724,0.517,0.521,0.676,0.788
AVGO,0.613,0.862,0.684,0.563,0.795,0.295,0.273,0.163,0.106,0.796,0.533,0.578,0.342,0.637,0.558,0.652,0.576,0.085,0.762,0.563,0.689,1.0,-0.154,0.668,0.738,0.529,0.282,0.219,0.432,0.427,0.46,0.554,0.774,0.56,0.677,0.505,0.8,0.298,0.391,0.851,-0.085,0.643,0.788,0.822,0.332,0.465,0.512,0.7,0.757,0.724,0.575,0.831,0.661,0.631,0.486,0.615,-0.01,0.43,0.639,0.582,0.014,0.116,0.422,0.525,0.706,0.52,0.197,0.666,0.602,0.301,0.647,0.023,0.754,0.227,0.367,0.098,0.423,-0.218,0.69,0.676,0.479,0.4,0.489,0.613,0.061,0.619,0.698,0.559,0.167,0.725,0.34,0.469,0.79,0.411,0.631,-0.066,0.724,0.362,0.57,0.696,0.601,0.643,0.56,0.429,0.222,-0.305,0.624,-0.086,0.371,0.3,0.666,0.525,0.645,0.794,0.479,0.379,0.493,0.685,0.659,0.437,0.18,0.895,0.615,0.675,0.612,0.834,-0.047,0.651,0.574,0.674,0.557,0.665,0.244,0.512,0.718,0.538,0.634,0.673,0.641,0.02,0.696,0.204,0.75,0.583,0.386,-0.3,0.725,0.697,0.024,0.617,0.456,0.651,0.538,0.378,0.254,0.41,0.704,0.356,0.404,0.258,0.644,0.727,0.095,0.569,0.659,0.082,0.778,0.314,-0.1,0.102,0.65,0.57,0.704,0.744,0.39,0.827,0.403,0.736,0.19,0.71,0.407,0.236,0.42,0.819,0.639,-0.02,0.579,0.346,0.121,0.729,0.165,0.452,0.469,0.321,0.368,0.576,0.154,0.765,0.387,0.807
AZN,0.052,-0.132,0.032,0.087,0.133,-0.219,0.337,0.6,0.412,-0.187,0.194,0.207,0.265,0.059,-0.202,0.163,-0.351,0.423,0.013,0.155,0.165,-0.154,1.0,-0.246,-0.123,-0.014,0.356,-0.089,0.405,0.359,0.172,0.288,-0.155,0.277,0.027,-0.111,-0.103,0.281,0.298,-0.338,0.412,0.172,0.063,-0.065,0.392,0.368,0.287,0.016,-0.045,0.027,-0.147,0.054,-0.356,0.301,0.311,0.168,0.102,0.313,-0.089,-0.364,0.045,0.522,-0.384,-0.523,-0.075,-0.065,0.274,0.074,0.079,0.213,-0.152,0.55,0.067,0.367,-0.089,0.432,0.459,0.496,-0.047,-0.079,0.346,0.358,0.311,0.249,0.54,0.057,-0.016,0.193,0.41,-0.425,0.384,0.016,-0.056,0.03,-0.089,0.575,-0.035,0.301,0.039,-0.218,0.212,0.244,0.281,0.24,0.023,0.513,0.142,0.22,0.329,0.224,-0.021,0.241,0.2,0.155,0.331,0.26,0.375,0.187,0.148,0.44,0.478,-0.23,0.189,0.21,0.155,0.157,0.501,-0.113,0.247,0.162,0.301,0.013,0.472,-0.246,-0.008,-0.24,0.045,0.109,0.033,0.28,-0.224,0.286,0.084,-0.142,-0.045,0.536,-0.03,0.22,0.256,0.29,0.299,0.222,0.361,0.39,0.337,0.426,-0.122,0.227,0.179,0.37,-0.285,0.085,0.519,0.183,0.161,0.439,-0.026,-0.421,0.338,0.372,0.143,-0.39,0.203,0.049,0.319,0.008,0.323,0.085,0.428,0.123,0.571,0.221,-0.436,-0.112,0.293,0.496,0.094,0.273,0.435,0.144,0.273,0.175,-0.086,-0.259,0.433,0.282,0.491,-0.205,0.377,-0.098
BCRX,0.638,0.523,0.564,0.186,0.42,0.395,-0.004,-0.083,-0.063,0.612,0.285,0.314,0.445,0.452,0.407,0.592,0.648,-0.043,0.61,0.619,0.524,0.668,-0.246,1.0,0.469,0.425,0.157,0.397,0.024,0.364,0.225,0.455,0.729,0.299,0.653,0.377,0.735,-0.097,0.296,0.697,-0.354,0.246,0.66,0.709,-0.028,0.158,0.134,0.588,0.696,0.487,0.758,0.593,0.851,0.415,0.333,0.398,-0.153,0.117,0.682,0.465,-0.182,-0.1,0.309,0.6,0.78,0.361,-0.142,0.502,0.355,0.203,0.727,-0.262,0.515,0.15,0.611,-0.067,0.212,-0.4,0.303,0.314,0.151,0.25,0.274,0.479,-0.249,0.664,0.736,0.416,-0.103,0.703,0.09,0.344,0.691,0.387,0.388,-0.434,0.586,0.091,0.71,0.746,0.602,0.645,0.245,0.348,0.013,-0.49,0.473,0.043,0.425,0.118,0.552,0.207,0.438,0.438,0.3,0.062,0.376,0.535,0.358,0.055,0.073,0.737,0.485,0.344,0.334,0.561,-0.3,0.56,0.132,0.458,0.298,0.621,-0.056,0.444,0.467,0.433,0.534,0.589,0.338,0.052,0.68,-0.227,0.442,0.645,0.654,-0.437,0.368,0.499,-0.081,0.359,0.192,0.541,0.433,0.081,-0.067,0.401,0.754,0.169,0.385,0.225,0.501,0.362,-0.247,0.526,0.647,-0.143,0.53,0.584,-0.256,-0.008,0.651,0.579,0.56,0.478,0.077,0.705,-0.044,0.746,-0.067,0.627,0.23,0.065,0.466,0.574,0.433,-0.204,0.411,-0.003,-0.116,0.577,0.029,0.599,0.176,0.511,0.459,0.098,0.029,0.762,0.111,0.694
BGC,0.678,0.759,0.709,0.465,0.711,0.246,0.34,0.11,0.254,0.688,0.592,0.681,0.45,0.724,0.18,0.675,0.245,0.172,0.738,0.571,0.725,0.738,-0.123,0.469,1.0,0.649,0.519,0.054,0.476,0.521,0.48,0.605,0.792,0.537,0.671,0.262,0.511,0.53,0.396,0.662,0.053,0.73,0.79,0.727,0.465,0.555,0.591,0.725,0.808,0.68,0.444,0.68,0.563,0.653,0.594,0.784,0.174,0.544,0.658,0.263,-0.111,0.25,0.36,0.465,0.597,0.152,0.216,0.667,0.671,0.425,0.535,0.201,0.776,0.479,0.462,0.184,0.544,-0.116,0.551,0.537,0.555,0.508,0.54,0.638,0.191,0.68,0.618,0.673,0.36,0.492,0.528,0.582,0.742,0.58,0.652,0.043,0.821,0.433,0.63,0.641,0.653,0.654,0.573,0.247,0.496,-0.186,0.691,0.141,0.494,0.454,0.589,0.502,0.687,0.52,0.624,0.578,0.552,0.71,0.642,0.509,0.316,0.646,0.661,0.756,0.566,0.757,-0.074,0.681,0.66,0.65,0.662,0.629,0.375,0.285,0.732,0.31,0.625,0.683,0.376,0.308,0.545,0.32,0.771,0.357,0.528,-0.22,0.665,0.671,0.232,0.688,0.583,0.695,0.575,0.482,0.452,0.44,0.558,0.362,0.386,0.343,0.498,0.68,0.172,0.634,0.67,0.13,0.56,0.3,0.184,0.415,0.702,0.489,0.728,0.711,0.532,0.778,0.275,0.7,0.346,0.762,0.453,0.403,0.307,0.644,0.653,0.138,0.594,0.477,0.396,0.606,0.268,0.426,0.378,0.082,0.342,0.62,0.36,0.539,0.465,0.77
BIDU,0.495,0.557,0.558,0.415,0.425,0.484,0.156,-0.097,0.069,0.586,0.217,0.436,0.383,0.482,0.134,0.474,0.43,0.026,0.629,0.52,0.646,0.529,-0.014,0.425,0.649,1.0,0.58,0.292,0.306,0.431,0.338,0.486,0.66,0.447,0.53,0.158,0.41,0.237,0.096,0.548,-0.07,0.33,0.631,0.726,0.095,0.412,0.28,0.705,0.578,0.766,0.485,0.381,0.582,0.506,0.547,0.517,0.343,0.323,0.593,0.331,-0.1,0.11,0.395,0.379,0.61,0.099,-0.004,0.436,0.286,0.084,0.535,0.036,0.706,0.672,0.467,0.039,0.33,-0.375,0.403,0.411,0.233,0.253,0.323,0.431,-0.068,0.49,0.552,0.454,0.048,0.521,0.43,0.274,0.634,0.899,0.473,-0.133,0.623,0.134,0.456,0.584,0.466,0.477,0.237,0.355,0.487,-0.302,0.441,0.422,0.6,0.024,0.865,0.22,0.475,0.414,0.401,0.304,0.321,0.523,0.375,0.276,0.232,0.619,0.801,0.485,0.315,0.554,-0.212,0.454,0.291,0.496,0.572,0.402,0.263,0.275,0.377,0.29,0.769,0.474,0.19,0.599,0.49,0.294,0.629,0.323,0.456,-0.328,0.338,0.66,-0.062,0.514,0.316,0.483,0.578,0.102,0.173,0.441,0.452,0.109,0.268,0.221,0.447,0.37,-0.095,0.479,0.45,-0.042,0.294,0.597,-0.071,0.647,0.528,0.412,0.674,0.381,0.29,0.613,-0.002,0.602,0.147,0.563,0.331,0.127,0.311,0.563,0.433,-0.02,0.353,0.384,-0.0,0.419,-0.017,0.463,0.308,0.369,0.268,0.373,0.15,0.354,0.336,0.774
BILI,0.663,0.236,0.526,0.379,0.567,-0.18,0.428,0.463,0.671,0.238,0.657,0.608,0.432,0.439,-0.282,0.572,-0.137,0.632,0.637,0.605,0.729,0.282,0.356,0.157,0.519,0.58,1.0,-0.051,0.694,0.706,0.694,0.704,0.335,0.405,0.5,-0.138,0.102,0.618,0.542,0.099,0.546,0.691,0.607,0.478,0.668,0.767,0.634,0.393,0.486,0.379,0.033,0.454,0.186,0.764,0.719,0.756,0.181,0.677,0.443,-0.357,0.026,0.6,-0.255,-0.12,0.2,-0.249,0.491,0.47,0.376,0.542,0.211,0.638,0.529,0.863,0.144,0.551,0.774,0.28,0.067,0.05,0.586,0.764,0.682,0.606,0.482,0.378,0.303,0.713,0.699,0.021,0.832,0.489,0.433,0.681,0.362,0.472,0.541,0.717,0.474,0.13,0.61,0.537,0.548,0.318,0.423,0.226,0.551,0.515,0.714,0.453,0.459,0.626,0.74,0.282,0.711,0.653,0.743,0.673,0.646,0.68,0.688,0.209,0.714,0.736,0.607,0.655,0.278,0.222,0.663,0.694,0.755,0.401,0.742,-0.228,0.585,-0.178,0.487,0.619,0.103,0.778,0.02,0.504,0.713,-0.049,0.392,0.282,0.259,0.744,0.487,0.788,0.702,0.638,0.789,0.584,0.692,0.556,0.128,0.531,0.593,0.616,-0.124,0.347,0.419,0.674,0.574,0.459,0.085,-0.04,0.569,0.87,0.682,-0.143,0.722,0.456,0.8,0.442,0.293,0.63,0.674,0.584,0.754,0.63,-0.309,0.199,0.741,0.676,0.446,0.672,0.66,0.457,0.551,0.46,0.044,-0.214,0.482,0.638,0.721,0.007,0.788,0.505
BKR,0.145,0.084,0.203,-0.034,0.036,0.333,-0.17,0.001,-0.019,0.322,-0.01,-0.088,0.04,0.04,0.315,-0.032,0.427,-0.262,0.181,0.192,0.128,0.219,-0.089,0.397,0.054,0.292,-0.051,1.0,-0.124,0.074,-0.026,0.105,0.255,-0.245,0.048,0.06,0.459,-0.237,-0.187,0.176,-0.307,-0.134,0.163,0.216,-0.192,-0.132,-0.156,0.14,0.277,0.214,0.249,0.13,0.338,0.097,0.19,-0.14,-0.093,-0.075,0.138,0.437,-0.065,-0.118,0.059,0.489,0.263,0.344,-0.324,0.169,-0.118,-0.003,0.256,-0.173,0.071,0.067,0.215,0.008,-0.01,-0.354,-0.098,-0.095,-0.169,-0.074,0.067,0.041,-0.242,0.209,0.299,0.11,-0.122,0.387,-0.085,-0.043,0.252,0.282,0.078,-0.312,0.144,-0.103,0.063,0.407,0.116,0.073,-0.129,0.301,0.044,-0.334,0.031,0.297,0.269,-0.292,0.415,-0.13,0.038,0.145,0.058,-0.237,-0.029,0.156,-0.089,-0.131,0.034,0.397,0.226,-0.103,-0.138,0.099,-0.172,0.022,-0.114,0.068,0.067,0.125,-0.154,0.081,0.017,0.109,0.249,0.171,0.28,0.043,0.311,-0.355,0.098,0.407,0.185,-0.276,-0.103,0.105,0.001,-0.036,0.035,0.078,0.117,-0.159,-0.132,0.139,0.164,-0.082,0.091,0.14,0.157,-0.092,-0.371,0.014,-0.032,-0.175,0.144,0.445,-0.122,0.037,0.113,0.187,0.205,0.023,-0.07,0.224,-0.107,0.193,-0.148,0.087,-0.024,0.105,0.256,0.284,0.053,-0.284,-0.015,-0.107,-0.226,0.017,-0.185,0.413,-0.047,0.415,0.09,-0.168,-0.269,0.35,-0.071,0.232
BLDP,0.505,0.365,0.5,0.616,0.693,-0.211,0.472,0.717,0.72,0.328,0.68,0.645,0.274,0.452,-0.071,0.57,-0.238,0.633,0.592,0.594,0.623,0.432,0.405,0.024,0.476,0.306,0.694,-0.124,1.0,0.586,0.774,0.658,0.27,0.546,0.449,0.04,0.218,0.669,0.65,0.146,0.495,0.777,0.554,0.427,0.765,0.767,0.755,0.308,0.475,0.399,-0.053,0.638,0.04,0.807,0.687,0.657,0.02,0.785,0.265,-0.232,0.322,0.763,-0.203,-0.147,0.149,-0.028,0.674,0.475,0.435,0.635,0.062,0.712,0.478,0.564,-0.101,0.658,0.824,0.557,0.361,0.327,0.75,0.695,0.647,0.677,0.677,0.345,0.286,0.681,0.701,0.035,0.714,0.528,0.334,0.329,0.324,0.628,0.382,0.703,0.336,0.123,0.571,0.417,0.719,0.486,0.223,0.479,0.651,0.232,0.514,0.626,0.35,0.76,0.687,0.501,0.718,0.73,0.624,0.657,0.711,0.81,0.692,0.307,0.514,0.802,0.759,0.698,0.526,0.262,0.8,0.707,0.765,0.471,0.693,-0.141,0.69,-0.128,0.341,0.534,0.313,0.433,0.06,0.519,0.753,-0.057,0.156,0.524,0.509,0.738,0.529,0.812,0.783,0.648,0.696,0.797,0.797,0.593,0.136,0.666,0.709,0.775,-0.031,0.488,0.716,0.519,0.507,0.687,0.235,-0.299,0.583,0.584,0.543,-0.191,0.663,0.581,0.813,0.472,0.65,0.448,0.794,0.545,0.734,0.592,-0.282,0.273,0.767,0.576,0.434,0.764,0.655,0.631,0.721,0.31,0.143,-0.299,0.407,0.711,0.726,0.014,0.842,0.341
BLNK,0.662,0.289,0.655,0.247,0.627,-0.079,0.311,0.441,0.532,0.329,0.738,0.593,0.535,0.556,-0.046,0.648,-0.03,0.527,0.69,0.664,0.716,0.427,0.359,0.364,0.521,0.431,0.706,0.074,0.586,1.0,0.518,0.758,0.457,0.408,0.535,0.033,0.285,0.43,0.593,0.265,0.455,0.597,0.694,0.525,0.648,0.68,0.646,0.423,0.699,0.44,0.2,0.529,0.319,0.727,0.647,0.642,0.309,0.702,0.468,-0.235,-0.127,0.558,-0.157,0.044,0.319,0.094,0.495,0.656,0.522,0.551,0.37,0.458,0.585,0.772,0.294,0.554,0.73,0.216,0.145,0.13,0.643,0.694,0.759,0.653,0.434,0.642,0.404,0.794,0.596,0.081,0.668,0.611,0.433,0.477,0.421,0.35,0.57,0.678,0.568,0.314,0.638,0.633,0.606,0.281,0.236,0.131,0.628,0.44,0.831,0.455,0.403,0.656,0.743,0.34,0.717,0.577,0.788,0.702,0.644,0.639,0.784,0.323,0.659,0.656,0.573,0.684,0.207,0.333,0.609,0.738,0.693,0.531,0.726,-0.06,0.59,-0.041,0.493,0.83,0.272,0.58,0.223,0.295,0.666,0.138,0.511,0.211,0.403,0.736,0.437,0.783,0.677,0.691,0.743,0.621,0.594,0.616,0.337,0.487,0.524,0.632,-0.049,0.46,0.469,0.698,0.707,0.407,0.225,-0.05,0.397,0.657,0.746,0.022,0.723,0.51,0.66,0.564,0.32,0.659,0.634,0.656,0.768,0.571,-0.195,0.365,0.802,0.489,0.554,0.508,0.588,0.579,0.541,0.626,0.006,-0.238,0.565,0.603,0.622,0.248,0.678,0.579
BYND,0.583,0.334,0.43,0.571,0.703,-0.246,0.379,0.567,0.721,0.378,0.681,0.471,0.236,0.377,-0.053,0.489,-0.053,0.622,0.687,0.532,0.587,0.46,0.172,0.225,0.48,0.338,0.694,-0.026,0.774,0.518,1.0,0.571,0.279,0.5,0.489,-0.009,0.215,0.536,0.631,0.238,0.479,0.744,0.587,0.506,0.619,0.705,0.645,0.24,0.45,0.404,0.002,0.626,0.251,0.744,0.581,0.715,-0.175,0.688,0.297,-0.202,0.381,0.631,-0.244,-0.087,0.16,-0.067,0.633,0.385,0.342,0.693,0.096,0.636,0.397,0.494,-0.086,0.617,0.661,0.328,0.217,0.184,0.591,0.684,0.562,0.542,0.602,0.255,0.181,0.666,0.556,0.286,0.599,0.489,0.365,0.412,0.338,0.494,0.402,0.707,0.402,0.103,0.486,0.391,0.682,0.537,0.173,0.367,0.579,0.253,0.415,0.68,0.396,0.729,0.655,0.445,0.518,0.598,0.623,0.639,0.692,0.64,0.638,0.296,0.487,0.729,0.751,0.627,0.513,0.224,0.773,0.699,0.691,0.403,0.494,-0.192,0.762,-0.193,0.331,0.526,0.279,0.402,0.157,0.331,0.716,-0.081,0.224,0.349,0.457,0.706,0.503,0.745,0.687,0.502,0.723,0.74,0.71,0.521,0.207,0.723,0.815,0.686,-0.001,0.403,0.535,0.447,0.551,0.541,0.205,-0.167,0.504,0.495,0.544,-0.183,0.579,0.549,0.702,0.406,0.585,0.491,0.678,0.538,0.661,0.505,-0.304,0.278,0.721,0.511,0.347,0.688,0.541,0.56,0.645,0.35,0.108,-0.194,0.469,0.57,0.626,0.067,0.817,0.385
CAN,0.761,0.444,0.692,0.33,0.648,0.078,0.472,0.439,0.52,0.451,0.722,0.688,0.537,0.676,0.12,0.694,0.109,0.493,0.776,0.722,0.86,0.554,0.288,0.455,0.605,0.486,0.704,0.105,0.658,0.758,0.571,1.0,0.536,0.471,0.563,0.17,0.398,0.507,0.593,0.424,0.318,0.72,0.713,0.644,0.622,0.777,0.675,0.557,0.684,0.519,0.31,0.653,0.384,0.791,0.719,0.691,0.199,0.73,0.513,-0.08,-0.136,0.487,-0.027,0.136,0.457,0.095,0.402,0.765,0.587,0.591,0.427,0.396,0.723,0.694,0.36,0.435,0.73,0.141,0.314,0.295,0.688,0.728,0.816,0.814,0.387,0.645,0.606,0.742,0.573,0.219,0.684,0.536,0.596,0.545,0.602,0.307,0.782,0.65,0.582,0.384,0.788,0.689,0.575,0.249,0.346,0.013,0.762,0.508,0.785,0.496,0.515,0.679,0.841,0.462,0.835,0.578,0.74,0.729,0.761,0.713,0.649,0.453,0.7,0.769,0.733,0.785,0.102,0.478,0.602,0.767,0.758,0.67,0.723,0.109,0.664,0.135,0.559,0.769,0.43,0.505,0.229,0.372,0.749,0.34,0.515,0.078,0.469,0.805,0.366,0.783,0.688,0.846,0.791,0.592,0.551,0.644,0.417,0.439,0.579,0.623,0.16,0.58,0.381,0.75,0.766,0.285,0.353,0.036,0.32,0.573,0.736,0.148,0.836,0.59,0.716,0.709,0.261,0.728,0.592,0.732,0.789,0.56,-0.048,0.461,0.867,0.425,0.657,0.543,0.546,0.638,0.515,0.782,0.122,-0.183,0.431,0.726,0.638,0.402,0.696,0.64
