,AAL,AAPL,ABUS,ADBE,ADI,ADMA,AEP,AGNC,AKBA,ALT,AMAT,AMD,AMGN,AMZN,APA,APPS,ARCC,ARDX,ATER,ATOS,AUPH,AVGO,AZN,BCRX,BGC,BIDU,BILI,BKR,BLDP,BLNK,BYND,CAN,CELH,CG,CGC,CHRD,CLNE,CMCSA,COMM,COST,CPB,CPRT,CRON,CRWD,CSCO,CSGP,CSX,CTSH,CZR,DBX,DDOG,DKNG,DLTR,DOCU,DVAX,DXCM,EA,EBAY,ENPH,ERIC,ESPR,ETSY,EXC,EXEL,EXPE,FANG,FAST,FITB,FLEX,FOLD,FOXA,FSLR,FTNT,FUTU,GEN,GERN,GEVO,GILD,GOOG,GOOGL,GPRO,GT,HBAN,HIVE,HON,HST,HUT,IBRX,INTC,IOVA,IQ,IRWD,JBLU,JD,KDP,KHC,LBTYK,LRCX,LYFT,MAR,MARA,MAT,MCHP,MCRB,MDLZ,META,MGNI,MLCO,MNKD,MNST,MOMO,MRNA,MRVL,MSFT,MSTR,MTCH,MU,MVIS,NDAQ,NFLX,NKTR,NNDM,NTES,NTNX,NVAX,NVDA,NWL,NWSA,NXPI,OCGN,OKTA,ON,OPK,PAA,PACB,PAGP,PANW,PARA,PCAR,PDD,PENN,PEP,PLUG,PTEN,PTON,PYPL,QCOM,QUBT,QVCGA,RDFN,REAL,RIOT,ROKU,ROST,RUN,SABR,SAVA,SBUX,SFIX,SGMO,SIRI,SLM,SMCI,SNDL,SONO,STNE,STX,TCOM,TGTX,TIGR,TLRY,TMUS,TRIP,TSCO,TSLA,TTD,TXN,UAL,UNIT,VERU,VKTX,VLY,VOD,VTRS,VXRT,WBA,WBD,WDAY,WDC,WEN,WW,WYNN,XEL,XP,XRAY,XRX,Z,ZION,ZM,ZS
AAL,1.0,0.593,0.68,0.517,0.806,0.664,0.705,0.78,0.656,0.45,0.729,0.832,0.288,0.73,0.769,0.721,0.882,0.482,0.628,0.693,-0.117,0.719,0.803,0.572,0.767,0.643,0.457,0.681,0.794,0.715,0.713,0.284,0.78,0.752,0.768,0.382,0.699,0.72,0.765,0.82,-0.01,0.399,0.701,0.6,0.69,0.457,0.666,0.772,0.945,0.691,0.675,0.653,0.412,0.54,0.531,0.732,0.629,0.713,0.691,0.762,0.512,0.727,0.74,0.713,0.765,0.68,0.527,0.746,0.658,0.42,0.733,0.276,0.459,0.761,0.502,0.71,0.682,0.651,0.625,0.688,0.813,0.835,0.698,0.608,0.578,0.772,0.524,0.213,0.704,0.732,0.773,0.681,0.893,0.774,0.618,0.525,0.827,0.751,0.686,0.855,0.553,0.8,0.65,0.485,0.697,0.701,0.826,-0.408,0.682,0.318,0.615,0.624,0.712,0.667,0.267,0.734,0.606,0.766,0.715,-0.043,0.622,0.564,0.692,0.658,0.846,0.74,0.722,0.778,0.735,0.723,0.53,0.698,0.601,0.807,0.601,0.816,0.629,0.75,0.483,0.737,0.715,0.423,0.736,0.823,0.76,0.726,0.723,0.707,0.729,0.822,0.833,0.194,0.76,0.754,0.694,0.724,-0.557,0.624,0.824,0.654,0.625,0.665,0.608,0.864,0.734,-0.063,0.719,-0.385,0.685,0.788,0.824,0.641,0.786,0.462,0.693,0.667,0.662,0.939,0.842,0.474,0.743,0.699,0.821,0.764,0.71,0.585,0.734,0.456,0.716,0.637,0.796,-0.057,0.658,0.484,0.835,0.796,0.701,0.721,0.681,0.253
AAPL,0.593,1.0,0.534,0.567,0.689,0.693,0.831,0.758,0.543,0.44,0.72,0.676,0.405,0.744,0.433,0.763,0.676,0.265,0.711,0.466,-0.311,0.829,0.541,0.453,0.763,0.746,0.483,0.667,0.611,0.584,0.592,0.083,0.519,0.727,0.518,0.19,0.654,0.75,0.735,0.641,0.425,0.484,0.47,0.516,0.734,0.553,0.736,0.77,0.669,0.553,0.575,0.478,0.564,0.425,0.456,0.473,0.65,0.663,0.442,0.648,0.562,0.433,0.842,0.742,0.587,0.497,0.666,0.648,0.497,0.419,0.746,0.079,0.5,0.7,0.576,0.539,0.633,0.593,0.739,0.742,0.578,0.783,0.505,0.584,0.697,0.58,0.381,0.136,0.807,0.664,0.679,0.602,0.665,0.779,0.75,0.673,0.738,0.675,0.577,0.619,0.371,0.711,0.586,0.347,0.826,0.699,0.601,-0.529,0.688,0.488,0.671,0.612,0.598,0.668,0.193,0.581,0.503,0.64,0.698,-0.152,0.633,0.463,0.767,0.532,0.594,0.649,0.731,0.65,0.703,0.719,0.479,0.589,0.616,0.558,0.428,0.559,0.628,0.752,0.432,0.59,0.634,0.773,0.58,0.553,0.706,0.605,0.895,0.467,0.743,0.646,0.571,0.147,0.596,0.652,0.681,0.569,-0.474,0.382,0.648,0.642,0.744,0.658,0.424,0.548,0.575,-0.164,0.712,-0.393,0.604,0.603,0.464,0.57,0.617,0.474,0.651,0.424,0.802,0.597,0.728,0.279,0.573,0.742,0.602,0.68,0.625,0.732,0.627,0.525,0.61,0.56,0.702,-0.16,0.865,0.228,0.634,0.793,0.591,0.754,0.616,0.232
ABUS,0.68,0.534,1.0,0.647,0.603,0.76,0.608,0.562,0.703,0.666,0.672,0.637,0.416,0.777,0.635,0.749,0.679,0.558,0.633,0.769,-0.094,0.754,0.687,0.565,0.604,0.731,0.535,0.805,0.7,0.833,0.738,0.406,0.747,0.851,0.716,0.502,0.755,0.743,0.72,0.696,-0.003,0.569,0.571,0.727,0.803,0.669,0.806,0.714,0.693,0.738,0.683,0.726,0.347,0.608,0.764,0.639,0.806,0.801,0.704,0.706,0.692,0.742,0.66,0.73,0.82,0.715,0.516,0.724,0.562,0.518,0.726,0.245,0.606,0.674,0.673,0.903,0.762,0.643,0.741,0.691,0.869,0.74,0.621,0.651,0.735,0.765,0.557,0.483,0.702,0.806,0.685,0.838,0.731,0.647,0.669,0.677,0.724,0.667,0.614,0.809,0.516,0.744,0.624,0.736,0.603,0.712,0.731,-0.522,0.877,0.402,0.693,0.801,0.67,0.651,0.456,0.765,0.594,0.774,0.821,-0.202,0.757,0.669,0.831,0.798,0.734,0.611,0.823,0.732,0.588,0.789,0.762,0.605,0.802,0.697,0.572,0.75,0.849,0.785,0.463,0.765,0.785,0.475,0.769,0.774,0.569,0.818,0.664,0.724,0.762,0.778,0.692,0.404,0.654,0.729,0.726,0.658,-0.676,0.754,0.664,0.855,0.7,0.681,0.776,0.81,0.713,-0.311,0.687,-0.504,0.818,0.65,0.73,0.709,0.812,0.489,0.528,0.548,0.613,0.704,0.702,0.642,0.741,0.612,0.551,0.772,0.85,0.671,0.731,0.638,0.726,0.604,0.755,-0.264,0.683,0.258,0.74,0.739,0.833,0.65,0.803,0.342
ADBE,0.517,0.567,0.647,1.0,0.635,0.721,0.644,0.596,0.681,0.723,0.761,0.693,0.612,0.79,0.357,0.767,0.588,0.282,0.53,0.641,-0.36,0.773,0.708,0.628,0.593,0.803,0.661,0.726,0.728,0.658,0.775,0.437,0.514,0.723,0.718,0.293,0.702,0.695,0.669,0.729,0.208,0.697,0.436,0.656,0.771,0.83,0.891,0.734,0.561,0.675,0.725,0.456,0.401,0.581,0.659,0.543,0.8,0.793,0.428,0.795,0.484,0.523,0.652,0.808,0.725,0.591,0.737,0.537,0.597,0.682,0.605,0.159,0.645,0.689,0.786,0.557,0.794,0.425,0.838,0.853,0.683,0.711,0.535,0.75,0.814,0.525,0.528,0.069,0.746,0.633,0.539,0.68,0.594,0.691,0.778,0.793,0.709,0.71,0.467,0.633,0.619,0.747,0.467,0.403,0.593,0.804,0.642,-0.467,0.788,0.649,0.739,0.686,0.655,0.849,0.639,0.759,0.702,0.605,0.739,-0.283,0.791,0.716,0.727,0.597,0.594,0.665,0.747,0.686,0.585,0.729,0.717,0.47,0.83,0.541,0.602,0.494,0.818,0.655,0.598,0.729,0.71,0.692,0.622,0.635,0.429,0.715,0.683,0.642,0.741,0.677,0.593,0.445,0.621,0.667,0.584,0.551,-0.595,0.278,0.66,0.749,0.799,0.59,0.725,0.59,0.55,-0.275,0.784,-0.401,0.587,0.615,0.624,0.68,0.588,0.596,0.263,0.531,0.648,0.576,0.708,0.503,0.58,0.405,0.642,0.742,0.753,0.815,0.574,0.821,0.778,0.49,0.65,-0.313,0.674,0.359,0.66,0.604,0.729,0.514,0.768,0.197
ADI,0.806,0.689,0.603,0.635,1.0,0.779,0.715,0.696,0.631,0.479,0.906,0.796,0.553,0.86,0.756,0.811,0.9,0.55,0.534,0.638,-0.192,0.825,0.786,0.731,0.79,0.796,0.508,0.793,0.774,0.63,0.655,0.317,0.713,0.825,0.762,0.545,0.859,0.741,0.833,0.84,0.252,0.615,0.639,0.727,0.813,0.671,0.762,0.845,0.817,0.836,0.817,0.584,0.664,0.569,0.609,0.747,0.796,0.739,0.585,0.792,0.478,0.778,0.75,0.82,0.753,0.796,0.74,0.803,0.745,0.608,0.768,0.465,0.73,0.787,0.625,0.629,0.839,0.702,0.791,0.81,0.745,0.833,0.778,0.722,0.777,0.677,0.659,0.168,0.85,0.685,0.655,0.722,0.773,0.804,0.807,0.7,0.817,0.882,0.597,0.762,0.66,0.794,0.792,0.476,0.741,0.767,0.897,-0.303,0.734,0.636,0.757,0.603,0.834,0.815,0.478,0.692,0.729,0.685,0.803,-0.011,0.728,0.569,0.742,0.69,0.66,0.805,0.759,0.852,0.841,0.711,0.688,0.797,0.707,0.742,0.703,0.741,0.768,0.768,0.744,0.75,0.81,0.652,0.653,0.834,0.702,0.75,0.831,0.718,0.738,0.734,0.703,0.339,0.676,0.842,0.663,0.692,-0.562,0.507,0.755,0.635,0.785,0.809,0.65,0.688,0.709,0.137,0.776,-0.328,0.706,0.762,0.702,0.835,0.769,0.643,0.506,0.747,0.853,0.771,0.861,0.408,0.703,0.763,0.801,0.82,0.689,0.745,0.727,0.669,0.808,0.652,0.738,-0.065,0.688,0.647,0.742,0.811,0.708,0.727,0.768,0.36
ADMA,0.664,0.693,0.76,0.721,0.779,1.0,0.697,0.683,0.706,0.608,0.83,0.695,0.574,0.884,0.66,0.857,0.735,0.561,0.505,0.749,-0.248,0.855,0.77,0.743,0.797,0.83,0.574,0.881,0.705,0.722,0.731,0.356,0.659,0.868,0.728,0.602,0.896,0.767,0.8,0.748,0.232,0.677,0.602,0.751,0.852,0.81,0.86,0.846,0.705,0.812,0.762,0.615,0.54,0.601,0.794,0.773,0.886,0.763,0.617,0.789,0.6,0.727,0.784,0.871,0.772,0.848,0.718,0.79,0.695,0.693,0.77,0.436,0.717,0.78,0.741,0.765,0.894,0.636,0.87,0.825,0.732,0.803,0.732,0.763,0.82,0.805,0.583,0.314,0.817,0.79,0.66,0.888,0.776,0.714,0.824,0.805,0.86,0.772,0.617,0.792,0.67,0.769,0.671,0.672,0.663,0.764,0.769,-0.475,0.912,0.64,0.858,0.762,0.771,0.787,0.528,0.833,0.684,0.779,0.912,-0.059,0.847,0.662,0.819,0.808,0.669,0.715,0.842,0.796,0.676,0.901,0.798,0.694,0.879,0.705,0.716,0.748,0.847,0.787,0.696,0.812,0.868,0.653,0.73,0.794,0.578,0.817,0.823,0.743,0.816,0.782,0.692,0.438,0.632,0.819,0.731,0.727,-0.652,0.508,0.7,0.831,0.844,0.828,0.747,0.648,0.718,-0.033,0.716,-0.431,0.833,0.72,0.68,0.856,0.767,0.669,0.414,0.627,0.774,0.737,0.831,0.526,0.739,0.743,0.702,0.873,0.858,0.773,0.746,0.805,0.759,0.613,0.772,-0.272,0.729,0.504,0.723,0.841,0.795,0.701,0.779,0.346
AEP,0.705,0.831,0.608,0.644,0.715,0.697,1.0,0.868,0.628,0.474,0.757,0.759,0.407,0.75,0.493,0.763,0.78,0.321,0.842,0.578,-0.414,0.825,0.667,0.536,0.834,0.745,0.585,0.718,0.685,0.67,0.639,0.119,0.531,0.798,0.618,0.196,0.707,0.847,0.842,0.68,0.357,0.479,0.46,0.501,0.772,0.566,0.781,0.829,0.783,0.639,0.552,0.48,0.496,0.469,0.495,0.588,0.704,0.824,0.551,0.772,0.592,0.505,0.912,0.853,0.585,0.54,0.621,0.68,0.603,0.431,0.758,0.121,0.412,0.723,0.661,0.575,0.663,0.548,0.755,0.744,0.607,0.869,0.541,0.589,0.714,0.634,0.374,0.118,0.82,0.78,0.799,0.647,0.726,0.904,0.779,0.712,0.84,0.825,0.62,0.67,0.468,0.841,0.515,0.396,0.944,0.705,0.655,-0.642,0.739,0.398,0.601,0.667,0.614,0.718,0.147,0.631,0.587,0.627,0.732,-0.252,0.738,0.546,0.742,0.601,0.686,0.623,0.826,0.775,0.675,0.726,0.5,0.576,0.696,0.605,0.412,0.599,0.627,0.775,0.467,0.618,0.664,0.686,0.645,0.637,0.769,0.604,0.794,0.561,0.809,0.733,0.688,0.162,0.664,0.699,0.774,0.686,-0.688,0.385,0.69,0.711,0.73,0.657,0.544,0.615,0.625,-0.264,0.863,-0.554,0.61,0.623,0.588,0.612,0.645,0.407,0.744,0.478,0.752,0.698,0.82,0.39,0.636,0.732,0.703,0.76,0.693,0.779,0.625,0.462,0.708,0.55,0.821,-0.313,0.917,0.286,0.741,0.827,0.694,0.87,0.71,0.125
AGNC,0.78,0.758,0.562,0.596,0.696,0.683,0.868,1.0,0.613,0.482,0.695,0.823,0.352,0.698,0.559,0.704,0.838,0.286,0.722,0.519,-0.48,0.756,0.727,0.464,0.915,0.681,0.53,0.664,0.753,0.612,0.627,0.069,0.506,0.727,0.618,0.155,0.634,0.77,0.785,0.714,0.253,0.418,0.539,0.416,0.706,0.471,0.726,0.75,0.866,0.561,0.491,0.505,0.473,0.444,0.434,0.559,0.582,0.673,0.541,0.788,0.515,0.486,0.864,0.764,0.561,0.567,0.578,0.709,0.632,0.36,0.707,0.044,0.324,0.778,0.593,0.572,0.605,0.491,0.658,0.702,0.664,0.81,0.517,0.566,0.628,0.689,0.342,0.049,0.763,0.659,0.756,0.584,0.768,0.823,0.697,0.626,0.85,0.716,0.605,0.651,0.463,0.787,0.5,0.319,0.813,0.716,0.669,-0.556,0.671,0.363,0.554,0.631,0.585,0.64,0.09,0.62,0.522,0.673,0.67,-0.237,0.657,0.501,0.69,0.519,0.813,0.592,0.697,0.737,0.665,0.728,0.442,0.522,0.601,0.744,0.456,0.67,0.569,0.735,0.414,0.641,0.619,0.587,0.681,0.686,0.735,0.638,0.776,0.545,0.842,0.708,0.687,0.071,0.65,0.644,0.698,0.73,-0.657,0.425,0.688,0.637,0.641,0.624,0.449,0.672,0.611,-0.206,0.768,-0.526,0.545,0.647,0.61,0.568,0.601,0.389,0.637,0.488,0.619,0.76,0.884,0.35,0.647,0.68,0.83,0.724,0.626,0.683,0.628,0.428,0.643,0.556,0.768,-0.256,0.845,0.358,0.749,0.822,0.646,0.772,0.583,0.079
AKBA,0.656,0.543,0.703,0.681,0.631,0.706,0.628,0.613,1.0,0.636,0.661,0.776,0.588,0.729,0.454,0.713,0.677,0.559,0.575,0.814,-0.178,0.734,0.815,0.612,0.62,0.714,0.787,0.734,0.71,0.616,0.721,0.539,0.789,0.723,0.791,0.257,0.724,0.754,0.697,0.759,0.165,0.62,0.59,0.711,0.684,0.669,0.74,0.674,0.67,0.657,0.676,0.509,0.461,0.664,0.603,0.715,0.73,0.718,0.742,0.664,0.566,0.529,0.708,0.697,0.628,0.575,0.609,0.559,0.785,0.578,0.638,0.327,0.597,0.742,0.79,0.712,0.735,0.588,0.749,0.707,0.756,0.68,0.528,0.81,0.727,0.651,0.658,0.051,0.765,0.667,0.771,0.701,0.712,0.637,0.679,0.748,0.684,0.726,0.759,0.698,0.605,0.684,0.548,0.473,0.614,0.676,0.684,-0.581,0.753,0.466,0.647,0.762,0.756,0.654,0.491,0.756,0.607,0.816,0.751,-0.287,0.738,0.825,0.748,0.736,0.743,0.741,0.812,0.65,0.659,0.755,0.766,0.767,0.72,0.594,0.495,0.608,0.721,0.71,0.571,0.745,0.717,0.588,0.867,0.723,0.536,0.642,0.677,0.799,0.678,0.766,0.7,0.473,0.618,0.745,0.845,0.753,-0.665,0.484,0.69,0.765,0.729,0.632,0.72,0.744,0.823,-0.373,0.678,-0.625,0.678,0.809,0.812,0.645,0.643,0.554,0.364,0.539,0.657,0.728,0.692,0.679,0.711,0.521,0.659,0.784,0.775,0.787,0.612,0.667,0.74,0.691,0.696,-0.356,0.643,0.249,0.685,0.648,0.871,0.573,0.789,0.298
ALT,0.45,0.44,0.666,0.723,0.479,0.608,0.474,0.482,0.636,1.0,0.616,0.589,0.677,0.633,0.223,0.567,0.486,0.202,0.463,0.623,-0.455,0.576,0.61,0.5,0.452,0.747,0.673,0.559,0.574,0.436,0.711,0.442,0.449,0.658,0.564,0.223,0.567,0.563,0.531,0.676,0.232,0.706,0.314,0.523,0.772,0.762,0.732,0.636,0.489,0.596,0.54,0.306,0.411,0.477,0.536,0.4,0.648,0.72,0.381,0.71,0.578,0.429,0.558,0.653,0.526,0.444,0.711,0.452,0.471,0.7,0.433,0.103,0.501,0.552,0.769,0.509,0.634,0.391,0.724,0.706,0.736,0.564,0.312,0.531,0.813,0.534,0.451,-0.108,0.656,0.483,0.501,0.505,0.484,0.601,0.643,0.736,0.591,0.607,0.363,0.503,0.492,0.575,0.514,0.245,0.49,0.796,0.516,-0.466,0.646,0.601,0.642,0.639,0.503,0.687,0.494,0.592,0.672,0.593,0.624,-0.328,0.662,0.65,0.705,0.461,0.486,0.636,0.631,0.503,0.586,0.647,0.641,0.42,0.744,0.397,0.436,0.394,0.73,0.566,0.503,0.56,0.604,0.635,0.503,0.516,0.292,0.579,0.568,0.556,0.751,0.506,0.472,0.351,0.351,0.578,0.437,0.509,-0.53,0.314,0.602,0.684,0.719,0.461,0.596,0.511,0.464,-0.352,0.676,-0.463,0.521,0.554,0.482,0.649,0.445,0.637,0.184,0.463,0.5,0.475,0.571,0.436,0.489,0.279,0.481,0.633,0.693,0.665,0.456,0.705,0.734,0.397,0.489,-0.362,0.522,0.258,0.517,0.475,0.635,0.375,0.688,0.061
AMAT,0.729,0.72,0.672,0.761,0.906,0.83,0.757,0.695,0.661,0.616,1.0,0.84,0.613,0.911,0.607,0.85,0.817,0.502,0.613,0.677,-0.279,0.882,0.81,0.698,0.793,0.903,0.565,0.793,0.731,0.676,0.733,0.426,0.697,0.863,0.778,0.528,0.869,0.768,0.814,0.831,0.234,0.75,0.657,0.777,0.907,0.809,0.842,0.938,0.805,0.895,0.835,0.528,0.62,0.613,0.75,0.779,0.884,0.81,0.55,0.882,0.531,0.771,0.808,0.906,0.777,0.743,0.816,0.798,0.685,0.671,0.772,0.426,0.767,0.807,0.702,0.618,0.884,0.626,0.887,0.926,0.736,0.859,0.723,0.74,0.873,0.73,0.675,0.143,0.885,0.742,0.674,0.773,0.768,0.836,0.867,0.786,0.864,0.937,0.561,0.803,0.708,0.827,0.759,0.523,0.777,0.881,0.865,-0.38,0.825,0.764,0.805,0.662,0.874,0.926,0.559,0.79,0.865,0.742,0.879,-0.074,0.795,0.675,0.802,0.672,0.674,0.844,0.824,0.844,0.835,0.82,0.737,0.752,0.821,0.676,0.755,0.639,0.824,0.765,0.759,0.783,0.844,0.731,0.645,0.745,0.657,0.751,0.867,0.763,0.824,0.774,0.699,0.46,0.661,0.892,0.665,0.653,-0.583,0.467,0.763,0.758,0.864,0.815,0.698,0.649,0.686,0.07,0.829,-0.338,0.755,0.709,0.689,0.876,0.739,0.743,0.472,0.781,0.867,0.731,0.875,0.467,0.689,0.729,0.734,0.837,0.796,0.804,0.703,0.792,0.85,0.608,0.808,-0.181,0.753,0.565,0.767,0.8,0.746,0.721,0.829,0.331
AMD,0.832,0.676,0.637,0.693,0.796,0.695,0.759,0.823,0.776,0.589,0.84,1.0,0.513,0.784,0.582,0.752,0.855,0.435,0.665,0.695,-0.286,0.825,0.813,0.554,0.796,0.78,0.666,0.697,0.796,0.68,0.754,0.345,0.771,0.776,0.796,0.242,0.725,0.792,0.762,0.835,0.198,0.585,0.682,0.643,0.752,0.611,0.77,0.825,0.876,0.68,0.728,0.547,0.499,0.587,0.553,0.671,0.68,0.716,0.653,0.807,0.513,0.606,0.815,0.776,0.707,0.588,0.675,0.725,0.708,0.479,0.763,0.251,0.532,0.839,0.689,0.624,0.737,0.573,0.744,0.825,0.772,0.851,0.62,0.699,0.73,0.698,0.613,0.042,0.822,0.698,0.76,0.657,0.828,0.787,0.73,0.676,0.807,0.842,0.72,0.783,0.606,0.804,0.631,0.384,0.745,0.838,0.815,-0.52,0.73,0.529,0.644,0.641,0.797,0.749,0.344,0.73,0.706,0.774,0.765,-0.211,0.705,0.631,0.779,0.596,0.85,0.831,0.745,0.763,0.8,0.757,0.591,0.754,0.644,0.771,0.633,0.609,0.678,0.769,0.573,0.704,0.724,0.62,0.802,0.729,0.713,0.664,0.837,0.734,0.787,0.787,0.721,0.321,0.741,0.797,0.785,0.789,-0.591,0.491,0.802,0.72,0.722,0.688,0.561,0.789,0.748,-0.165,0.804,-0.511,0.64,0.787,0.763,0.692,0.709,0.543,0.565,0.647,0.74,0.824,0.878,0.448,0.695,0.659,0.816,0.768,0.727,0.775,0.664,0.589,0.748,0.625,0.776,-0.238,0.763,0.412,0.796,0.79,0.778,0.71,0.723,0.22
AMGN,0.288,0.405,0.416,0.612,0.553,0.574,0.407,0.352,0.588,0.677,0.613,0.513,1.0,0.625,0.103,0.5,0.403,0.176,0.342,0.512,-0.519,0.516,0.491,0.567,0.375,0.701,0.657,0.461,0.464,0.259,0.547,0.364,0.364,0.567,0.518,0.136,0.572,0.462,0.51,0.594,0.333,0.783,0.28,0.465,0.661,0.759,0.583,0.551,0.314,0.54,0.478,0.196,0.463,0.368,0.471,0.392,0.605,0.571,0.303,0.533,0.568,0.345,0.5,0.627,0.377,0.355,0.773,0.318,0.455,0.769,0.375,0.222,0.536,0.467,0.694,0.282,0.607,0.424,0.723,0.685,0.488,0.444,0.247,0.565,0.73,0.286,0.481,-0.217,0.668,0.373,0.33,0.423,0.326,0.555,0.611,0.718,0.475,0.59,0.233,0.375,0.501,0.452,0.43,0.153,0.43,0.653,0.506,-0.348,0.552,0.705,0.582,0.457,0.509,0.625,0.544,0.403,0.593,0.408,0.583,-0.232,0.649,0.524,0.546,0.435,0.314,0.59,0.538,0.409,0.547,0.586,0.628,0.453,0.626,0.191,0.373,0.181,0.573,0.442,0.545,0.453,0.57,0.727,0.407,0.38,0.203,0.426,0.533,0.529,0.544,0.362,0.313,0.369,0.215,0.541,0.392,0.419,-0.472,0.137,0.451,0.544,0.696,0.433,0.508,0.293,0.43,-0.283,0.52,-0.351,0.441,0.483,0.368,0.695,0.331,0.644,0.0,0.399,0.581,0.341,0.467,0.227,0.388,0.221,0.329,0.534,0.583,0.683,0.281,0.752,0.67,0.311,0.314,-0.341,0.433,0.154,0.368,0.397,0.509,0.281,0.639,-0.02
AMZN,0.73,0.744,0.777,0.79,0.86,0.884,0.75,0.698,0.729,0.633,0.911,0.784,0.625,1.0,0.627,0.942,0.804,0.519,0.611,0.747,-0.24,0.927,0.804,0.749,0.776,0.935,0.625,0.908,0.816,0.774,0.791,0.493,0.735,0.929,0.858,0.543,0.918,0.849,0.864,0.856,0.232,0.772,0.665,0.848,0.917,0.874,0.91,0.908,0.773,0.883,0.842,0.645,0.623,0.665,0.832,0.791,0.942,0.854,0.633,0.827,0.624,0.8,0.815,0.916,0.838,0.817,0.814,0.834,0.701,0.682,0.835,0.373,0.807,0.87,0.782,0.746,0.934,0.701,0.96,0.929,0.803,0.873,0.755,0.816,0.898,0.746,0.681,0.3,0.927,0.839,0.71,0.879,0.802,0.827,0.91,0.883,0.873,0.852,0.617,0.855,0.695,0.861,0.716,0.66,0.753,0.866,0.875,-0.412,0.942,0.745,0.896,0.75,0.86,0.904,0.63,0.816,0.784,0.8,0.939,-0.125,0.888,0.701,0.877,0.793,0.728,0.809,0.909,0.881,0.778,0.876,0.831,0.753,0.892,0.718,0.746,0.723,0.895,0.871,0.737,0.896,0.925,0.764,0.766,0.823,0.686,0.838,0.862,0.786,0.841,0.848,0.78,0.509,0.671,0.877,0.748,0.708,-0.649,0.528,0.773,0.847,0.924,0.844,0.777,0.705,0.76,-0.073,0.797,-0.348,0.867,0.774,0.748,0.897,0.841,0.688,0.492,0.696,0.874,0.775,0.894,0.558,0.762,0.738,0.693,0.903,0.896,0.834,0.809,0.835,0.871,0.67,0.805,-0.183,0.806,0.492,0.835,0.872,0.825,0.72,0.901,0.393
APA,0.769,0.433,0.635,0.357,0.756,0.66,0.493,0.559,0.454,0.223,0.607,0.582,0.103,0.627,1.0,0.635,0.806,0.665,0.357,0.492,0.174,0.637,0.645,0.558,0.709,0.49,0.236,0.734,0.583,0.682,0.407,0.174,0.681,0.66,0.581,0.724,0.719,0.6,0.658,0.6,-0.032,0.3,0.608,0.578,0.554,0.345,0.578,0.603,0.748,0.668,0.622,0.73,0.386,0.465,0.536,0.658,0.625,0.517,0.594,0.614,0.323,0.805,0.542,0.579,0.702,0.858,0.283,0.778,0.583,0.306,0.705,0.425,0.555,0.574,0.315,0.739,0.652,0.636,0.482,0.483,0.69,0.677,0.8,0.525,0.467,0.713,0.464,0.548,0.55,0.63,0.529,0.709,0.719,0.511,0.529,0.39,0.694,0.615,0.572,0.687,0.473,0.604,0.655,0.649,0.46,0.462,0.749,-0.211,0.622,0.249,0.556,0.498,0.618,0.476,0.237,0.601,0.416,0.603,0.657,0.166,0.545,0.348,0.582,0.682,0.634,0.461,0.594,0.725,0.577,0.563,0.552,0.634,0.496,0.877,0.651,0.869,0.625,0.685,0.546,0.655,0.67,0.195,0.64,0.846,0.632,0.666,0.589,0.624,0.559,0.62,0.604,0.206,0.708,0.636,0.598,0.654,-0.517,0.673,0.51,0.538,0.461,0.722,0.527,0.737,0.605,0.189,0.537,-0.285,0.681,0.595,0.645,0.627,0.721,0.341,0.519,0.589,0.534,0.699,0.712,0.442,0.676,0.76,0.729,0.668,0.547,0.472,0.722,0.37,0.52,0.569,0.685,0.012,0.487,0.619,0.583,0.727,0.609,0.664,0.539,0.449
APPS,0.721,0.763,0.749,0.767,0.811,0.857,0.763,0.704,0.713,0.567,0.85,0.752,0.5,0.942,0.635,1.0,0.79,0.515,0.642,0.714,-0.184,0.905,0.722,0.695,0.775,0.855,0.544,0.903,0.774,0.803,0.786,0.412,0.729,0.9,0.815,0.534,0.889,0.815,0.818,0.784,0.194,0.655,0.661,0.814,0.833,0.788,0.892,0.889,0.759,0.831,0.829,0.661,0.589,0.674,0.806,0.754,0.894,0.842,0.584,0.795,0.571,0.784,0.796,0.877,0.854,0.801,0.735,0.832,0.698,0.615,0.847,0.268,0.776,0.82,0.737,0.766,0.891,0.693,0.891,0.86,0.768,0.85,0.786,0.832,0.821,0.726,0.647,0.358,0.886,0.863,0.699,0.869,0.79,0.824,0.875,0.819,0.862,0.802,0.661,0.852,0.656,0.86,0.674,0.663,0.758,0.813,0.864,-0.475,0.917,0.626,0.86,0.812,0.822,0.845,0.606,0.79,0.712,0.781,0.879,-0.09,0.871,0.643,0.832,0.838,0.761,0.784,0.888,0.842,0.729,0.849,0.787,0.743,0.865,0.731,0.736,0.735,0.874,0.853,0.643,0.837,0.895,0.691,0.738,0.795,0.721,0.823,0.843,0.765,0.785,0.858,0.798,0.468,0.706,0.83,0.729,0.671,-0.65,0.514,0.793,0.836,0.853,0.823,0.817,0.689,0.72,-0.077,0.793,-0.411,0.848,0.734,0.704,0.783,0.839,0.63,0.561,0.629,0.832,0.746,0.861,0.571,0.822,0.765,0.676,0.856,0.864,0.793,0.831,0.747,0.807,0.693,0.818,-0.183,0.796,0.485,0.819,0.865,0.81,0.762,0.872,0.46
ARCC,0.882,0.676,0.679,0.588,0.9,0.735,0.78,0.838,0.677,0.486,0.817,0.855,0.403,0.804,0.806,0.79,1.0,0.56,0.67,0.647,-0.226,0.802,0.818,0.575,0.855,0.747,0.525,0.786,0.822,0.686,0.655,0.3,0.727,0.826,0.78,0.437,0.781,0.768,0.82,0.861,0.126,0.509,0.704,0.661,0.779,0.558,0.752,0.791,0.912,0.772,0.707,0.611,0.525,0.619,0.585,0.706,0.735,0.726,0.638,0.803,0.481,0.744,0.799,0.779,0.726,0.757,0.601,0.83,0.753,0.434,0.788,0.3,0.579,0.839,0.61,0.728,0.743,0.661,0.712,0.736,0.825,0.859,0.703,0.686,0.707,0.744,0.585,0.217,0.808,0.725,0.732,0.704,0.84,0.822,0.73,0.633,0.871,0.848,0.692,0.764,0.613,0.812,0.676,0.499,0.762,0.731,0.894,-0.405,0.735,0.481,0.667,0.649,0.775,0.725,0.319,0.71,0.661,0.742,0.775,-0.173,0.719,0.575,0.745,0.667,0.817,0.699,0.77,0.858,0.776,0.723,0.624,0.735,0.669,0.845,0.636,0.801,0.714,0.796,0.588,0.75,0.753,0.525,0.74,0.895,0.787,0.739,0.792,0.75,0.805,0.782,0.772,0.27,0.719,0.817,0.746,0.786,-0.635,0.556,0.738,0.66,0.676,0.74,0.626,0.797,0.782,-0.022,0.792,-0.453,0.699,0.78,0.765,0.734,0.782,0.49,0.604,0.706,0.711,0.809,0.916,0.496,0.765,0.755,0.863,0.823,0.697,0.729,0.743,0.521,0.751,0.703,0.831,-0.137,0.759,0.548,0.791,0.837,0.756,0.77,0.713,0.341
ARDX,0.482,0.265,0.558,0.282,0.55,0.561,0.321,0.286,0.559,0.202,0.502,0.435,0.176,0.519,0.665,0.515,0.56,1.0,0.228,0.544,0.261,0.511,0.53,0.521,0.497,0.428,0.337,0.595,0.439,0.515,0.357,0.427,0.644,0.505,0.589,0.629,0.62,0.478,0.493,0.39,-0.164,0.336,0.591,0.704,0.471,0.362,0.386,0.466,0.509,0.634,0.596,0.645,0.298,0.574,0.545,0.744,0.622,0.429,0.645,0.485,0.277,0.616,0.39,0.432,0.546,0.641,0.153,0.601,0.605,0.322,0.494,0.643,0.652,0.518,0.394,0.665,0.537,0.587,0.413,0.386,0.496,0.428,0.667,0.576,0.458,0.619,0.669,0.501,0.489,0.544,0.569,0.606,0.468,0.361,0.415,0.328,0.449,0.578,0.592,0.554,0.564,0.443,0.576,0.663,0.32,0.369,0.626,-0.138,0.531,0.306,0.45,0.472,0.715,0.374,0.43,0.535,0.413,0.594,0.561,-0.088,0.44,0.509,0.561,0.648,0.459,0.436,0.516,0.58,0.48,0.469,0.624,0.701,0.44,0.567,0.586,0.599,0.587,0.478,0.549,0.581,0.542,0.102,0.656,0.603,0.563,0.554,0.4,0.657,0.344,0.503,0.536,0.515,0.509,0.537,0.608,0.527,-0.532,0.654,0.377,0.496,0.393,0.598,0.534,0.543,0.626,0.163,0.408,-0.303,0.654,0.52,0.608,0.532,0.627,0.394,0.262,0.531,0.444,0.483,0.446,0.59,0.644,0.56,0.436,0.514,0.447,0.474,0.531,0.355,0.485,0.614,0.528,-0.021,0.312,0.463,0.465,0.452,0.549,0.536,0.518,0.596
ATER,0.628,0.711,0.633,0.53,0.534,0.505,0.842,0.722,0.575,0.463,0.613,0.665,0.342,0.611,0.357,0.642,0.67,0.228,1.0,0.518,-0.336,0.662,0.54,0.293,0.617,0.622,0.483,0.524,0.594,0.614,0.593,0.194,0.517,0.668,0.524,0.052,0.507,0.656,0.697,0.607,0.105,0.434,0.55,0.447,0.678,0.434,0.65,0.661,0.684,0.558,0.467,0.434,0.24,0.54,0.433,0.441,0.567,0.708,0.455,0.654,0.601,0.421,0.757,0.684,0.547,0.338,0.444,0.556,0.494,0.27,0.638,-0.054,0.337,0.604,0.545,0.524,0.479,0.577,0.592,0.608,0.608,0.737,0.356,0.553,0.579,0.542,0.42,0.126,0.646,0.667,0.703,0.541,0.62,0.78,0.554,0.521,0.681,0.678,0.6,0.587,0.474,0.724,0.363,0.373,0.845,0.617,0.578,-0.625,0.612,0.327,0.438,0.61,0.525,0.599,0.16,0.528,0.554,0.567,0.602,-0.283,0.598,0.52,0.611,0.504,0.647,0.502,0.691,0.654,0.544,0.627,0.44,0.452,0.558,0.459,0.325,0.474,0.516,0.61,0.264,0.516,0.501,0.543,0.561,0.521,0.692,0.517,0.626,0.529,0.697,0.635,0.631,0.252,0.56,0.622,0.683,0.557,-0.58,0.392,0.611,0.622,0.552,0.471,0.53,0.623,0.605,-0.389,0.743,-0.542,0.549,0.562,0.549,0.45,0.557,0.324,0.705,0.537,0.563,0.578,0.655,0.437,0.577,0.542,0.511,0.57,0.595,0.676,0.49,0.362,0.621,0.558,0.711,-0.301,0.806,0.044,0.672,0.652,0.606,0.734,0.61,0.18
ATOS,0.693,0.466,0.769,0.641,0.638,0.749,0.578,0.519,0.814,0.623,0.677,0.695,0.512,0.747,0.492,0.714,0.647,0.544,0.518,1.0,-0.16,0.689,0.741,0.613,0.558,0.695,0.689,0.742,0.744,0.673,0.858,0.534,0.766,0.757,0.774,0.389,0.742,0.737,0.67,0.744,0.049,0.584,0.57,0.747,0.73,0.702,0.718,0.718,0.625,0.69,0.68,0.545,0.416,0.665,0.683,0.728,0.746,0.787,0.677,0.641,0.519,0.63,0.615,0.693,0.74,0.642,0.608,0.657,0.728,0.602,0.644,0.398,0.585,0.739,0.755,0.707,0.769,0.564,0.754,0.698,0.774,0.724,0.587,0.704,0.699,0.721,0.652,0.188,0.682,0.714,0.65,0.748,0.731,0.612,0.666,0.709,0.72,0.693,0.746,0.803,0.653,0.662,0.589,0.579,0.566,0.69,0.682,-0.446,0.794,0.467,0.675,0.769,0.71,0.666,0.538,0.83,0.708,0.73,0.822,-0.197,0.725,0.712,0.758,0.781,0.672,0.784,0.792,0.694,0.563,0.736,0.747,0.735,0.799,0.558,0.552,0.638,0.738,0.691,0.549,0.72,0.764,0.476,0.781,0.719,0.505,0.767,0.636,0.762,0.661,0.801,0.757,0.522,0.612,0.745,0.774,0.714,-0.622,0.517,0.82,0.754,0.706,0.651,0.792,0.676,0.813,-0.207,0.652,-0.453,0.682,0.783,0.8,0.696,0.775,0.543,0.372,0.582,0.654,0.801,0.672,0.646,0.683,0.53,0.615,0.796,0.826,0.65,0.725,0.67,0.715,0.619,0.686,-0.228,0.568,0.326,0.784,0.673,0.851,0.561,0.741,0.321
AUPH,-0.117,-0.311,-0.094,-0.36,-0.192,-0.248,-0.414,-0.48,-0.178,-0.455,-0.279,-0.286,-0.519,-0.24,0.174,-0.184,-0.226,0.261,-0.336,-0.16,1.0,-0.219,-0.202,-0.084,-0.349,-0.372,-0.398,-0.116,-0.208,0.035,-0.369,0.17,0.119,-0.277,-0.117,0.336,-0.109,-0.215,-0.306,-0.304,-0.385,-0.282,0.088,0.071,-0.37,-0.34,-0.318,-0.293,-0.223,-0.152,-0.038,0.185,-0.244,-0.001,-0.095,-0.02,-0.153,-0.329,-0.004,-0.368,-0.24,0.041,-0.412,-0.407,-0.025,-0.015,-0.501,-0.084,-0.063,-0.304,-0.091,0.242,0.07,-0.258,-0.409,0.03,-0.127,0.038,-0.368,-0.393,-0.217,-0.286,0.161,-0.086,-0.341,-0.085,0.046,0.484,-0.345,-0.064,-0.181,0.038,-0.171,-0.441,-0.361,-0.453,-0.373,-0.308,0.078,-0.078,-0.153,-0.279,0.01,0.244,-0.413,-0.402,-0.081,0.422,-0.22,-0.268,-0.17,-0.238,-0.08,-0.364,0.008,-0.146,-0.318,-0.031,-0.205,0.464,-0.324,-0.173,-0.216,0.014,-0.22,-0.227,-0.223,-0.144,-0.185,-0.269,-0.092,0.045,-0.314,-0.013,0.065,0.005,-0.133,-0.148,-0.029,-0.113,-0.136,-0.464,-0.064,-0.078,-0.081,-0.104,-0.312,-0.135,-0.401,-0.142,-0.158,0.147,0.054,-0.184,-0.086,-0.214,0.275,0.209,-0.292,-0.148,-0.301,-0.061,-0.156,-0.014,-0.051,0.323,-0.341,0.323,0.05,-0.151,0.002,-0.266,0.026,-0.24,0.02,0.005,-0.182,-0.148,-0.317,0.087,-0.122,-0.006,-0.254,-0.21,-0.251,-0.327,-0.018,-0.264,-0.352,0.015,-0.17,0.498,-0.396,0.032,-0.208,-0.2,-0.125,-0.164,-0.186,0.45
AVGO,0.719,0.829,0.754,0.773,0.825,0.855,0.825,0.756,0.734,0.576,0.882,0.825,0.516,0.927,0.637,0.905,0.802,0.511,0.662,0.689,-0.219,1.0,0.76,0.706,0.83,0.901,0.622,0.886,0.769,0.827,0.736,0.345,0.737,0.905,0.767,0.439,0.882,0.895,0.897,0.782,0.32,0.674,0.615,0.768,0.867,0.752,0.916,0.907,0.794,0.789,0.813,0.707,0.619,0.64,0.726,0.719,0.88,0.816,0.67,0.813,0.623,0.726,0.89,0.898,0.798,0.743,0.726,0.821,0.652,0.597,0.906,0.308,0.711,0.848,0.77,0.746,0.885,0.688,0.903,0.897,0.781,0.922,0.751,0.774,0.861,0.757,0.626,0.315,0.924,0.842,0.785,0.839,0.828,0.814,0.879,0.827,0.835,0.849,0.686,0.802,0.58,0.86,0.742,0.603,0.814,0.847,0.811,-0.564,0.904,0.598,0.803,0.762,0.815,0.836,0.459,0.792,0.69,0.792,0.89,-0.09,0.865,0.64,0.905,0.768,0.727,0.772,0.891,0.857,0.83,0.85,0.764,0.785,0.819,0.774,0.732,0.722,0.856,0.921,0.69,0.809,0.868,0.738,0.813,0.769,0.783,0.795,0.941,0.721,0.839,0.829,0.752,0.367,0.803,0.827,0.836,0.766,-0.682,0.565,0.745,0.841,0.889,0.866,0.684,0.756,0.761,-0.159,0.865,-0.503,0.818,0.779,0.7,0.816,0.798,0.564,0.616,0.595,0.901,0.747,0.891,0.51,0.762,0.808,0.732,0.849,0.825,0.889,0.805,0.724,0.823,0.696,0.828,-0.244,0.894,0.401,0.774,0.911,0.819,0.837,0.854,0.379
AZN,0.803,0.541,0.687,0.708,0.786,0.77,0.667,0.727,0.815,0.61,0.81,0.813,0.491,0.804,0.645,0.722,0.818,0.53,0.54,0.741,-0.202,0.76,1.0,0.631,0.744,0.773,0.62,0.781,0.782,0.625,0.723,0.508,0.717,0.754,0.822,0.459,0.775,0.765,0.766,0.864,0.119,0.61,0.633,0.714,0.803,0.684,0.764,0.771,0.84,0.795,0.703,0.516,0.49,0.601,0.657,0.784,0.794,0.708,0.686,0.816,0.469,0.674,0.742,0.779,0.693,0.744,0.664,0.702,0.785,0.567,0.665,0.395,0.625,0.825,0.664,0.708,0.801,0.584,0.769,0.788,0.784,0.778,0.636,0.743,0.739,0.756,0.609,0.081,0.779,0.68,0.745,0.744,0.797,0.702,0.723,0.729,0.821,0.798,0.606,0.784,0.669,0.751,0.603,0.512,0.658,0.755,0.789,-0.397,0.768,0.562,0.695,0.632,0.804,0.796,0.441,0.848,0.751,0.836,0.805,-0.157,0.73,0.819,0.732,0.672,0.754,0.745,0.809,0.825,0.706,0.784,0.731,0.669,0.742,0.739,0.631,0.763,0.73,0.734,0.675,0.859,0.756,0.582,0.758,0.856,0.57,0.727,0.708,0.781,0.81,0.81,0.733,0.399,0.652,0.841,0.722,0.714,-0.62,0.479,0.73,0.708,0.746,0.725,0.691,0.776,0.772,-0.085,0.718,-0.447,0.711,0.792,0.875,0.756,0.709,0.578,0.368,0.728,0.658,0.849,0.869,0.652,0.721,0.605,0.855,0.898,0.787,0.715,0.667,0.706,0.794,0.627,0.786,-0.247,0.667,0.524,0.799,0.733,0.803,0.583,0.748,0.247
BCRX,0.572,0.453,0.565,0.628,0.731,0.743,0.536,0.464,0.612,0.5,0.698,0.554,0.567,0.749,0.558,0.695,0.575,0.521,0.293,0.613,-0.084,0.706,0.631,1.0,0.593,0.705,0.598,0.747,0.585,0.575,0.535,0.377,0.608,0.732,0.629,0.602,0.811,0.648,0.774,0.6,0.285,0.709,0.413,0.642,0.684,0.718,0.715,0.721,0.576,0.746,0.721,0.556,0.584,0.448,0.6,0.704,0.757,0.699,0.601,0.684,0.59,0.717,0.6,0.75,0.637,0.744,0.639,0.619,0.631,0.719,0.641,0.61,0.658,0.584,0.646,0.547,0.815,0.566,0.738,0.678,0.573,0.66,0.703,0.597,0.743,0.615,0.501,0.189,0.692,0.596,0.593,0.707,0.628,0.598,0.733,0.707,0.625,0.709,0.462,0.634,0.557,0.688,0.717,0.479,0.547,0.602,0.664,-0.28,0.698,0.55,0.78,0.613,0.649,0.691,0.528,0.577,0.603,0.58,0.738,0.091,0.758,0.519,0.668,0.727,0.468,0.661,0.678,0.692,0.668,0.629,0.719,0.704,0.724,0.542,0.604,0.6,0.741,0.663,0.84,0.692,0.822,0.546,0.6,0.657,0.488,0.653,0.611,0.622,0.594,0.604,0.579,0.345,0.551,0.661,0.594,0.649,-0.639,0.464,0.586,0.663,0.772,0.74,0.661,0.512,0.526,0.047,0.651,-0.28,0.634,0.613,0.57,0.81,0.577,0.637,0.33,0.576,0.741,0.63,0.659,0.389,0.573,0.593,0.559,0.678,0.651,0.674,0.663,0.663,0.739,0.512,0.538,-0.075,0.524,0.542,0.522,0.682,0.652,0.584,0.778,0.256
BGC,0.767,0.763,0.604,0.593,0.79,0.797,0.834,0.915,0.62,0.452,0.793,0.796,0.375,0.776,0.709,0.775,0.855,0.497,0.617,0.558,-0.349,0.83,0.744,0.593,1.0,0.72,0.505,0.772,0.71,0.678,0.605,0.128,0.586,0.794,0.661,0.396,0.781,0.821,0.818,0.684,0.266,0.518,0.615,0.556,0.76,0.551,0.765,0.831,0.862,0.698,0.6,0.632,0.606,0.51,0.587,0.73,0.721,0.711,0.608,0.821,0.489,0.648,0.859,0.836,0.652,0.735,0.583,0.822,0.68,0.457,0.793,0.272,0.53,0.755,0.606,0.631,0.723,0.607,0.734,0.746,0.68,0.828,0.684,0.64,0.693,0.797,0.45,0.226,0.811,0.729,0.73,0.7,0.793,0.807,0.793,0.678,0.902,0.794,0.622,0.714,0.553,0.762,0.654,0.486,0.8,0.711,0.72,-0.479,0.745,0.466,0.654,0.672,0.697,0.685,0.227,0.706,0.582,0.698,0.773,-0.091,0.723,0.522,0.744,0.653,0.774,0.633,0.762,0.797,0.728,0.781,0.578,0.652,0.684,0.808,0.61,0.736,0.683,0.796,0.586,0.717,0.745,0.582,0.727,0.733,0.761,0.693,0.828,0.616,0.827,0.704,0.703,0.199,0.732,0.732,0.734,0.763,-0.708,0.541,0.679,0.699,0.72,0.796,0.53,0.67,0.655,-0.017,0.763,-0.47,0.678,0.661,0.638,0.699,0.674,0.534,0.585,0.555,0.729,0.763,0.882,0.423,0.685,0.834,0.833,0.797,0.673,0.742,0.726,0.514,0.659,0.633,0.837,-0.179,0.815,0.498,0.743,0.877,0.687,0.844,0.671,0.257
BIDU,0.643,0.746,0.731,0.803,0.796,0.83,0.745,0.681,0.714,0.747,0.903,0.78,0.701,0.935,0.49,0.855,0.747,0.428,0.622,0.695,-0.372,0.901,0.773,0.705,0.72,1.0,0.692,0.815,0.73,0.652,0.76,0.478,0.648,0.869,0.749,0.43,0.834,0.789,0.841,0.834,0.281,0.812,0.526,0.749,0.936,0.885,0.892,0.894,0.72,0.827,0.771,0.502,0.604,0.594,0.75,0.66,0.897,0.83,0.555,0.847,0.66,0.697,0.849,0.889,0.719,0.696,0.845,0.742,0.619,0.726,0.762,0.316,0.72,0.839,0.796,0.663,0.872,0.587,0.942,0.927,0.785,0.867,0.612,0.712,0.94,0.689,0.607,0.111,0.912,0.753,0.715,0.766,0.716,0.833,0.879,0.888,0.822,0.86,0.531,0.738,0.64,0.819,0.695,0.516,0.743,0.906,0.792,-0.465,0.886,0.766,0.86,0.715,0.788,0.905,0.545,0.745,0.829,0.74,0.895,-0.203,0.871,0.717,0.9,0.66,0.618,0.781,0.861,0.798,0.795,0.839,0.792,0.698,0.863,0.625,0.676,0.604,0.85,0.813,0.731,0.815,0.853,0.8,0.677,0.733,0.625,0.734,0.864,0.75,0.867,0.755,0.667,0.444,0.588,0.812,0.703,0.666,-0.66,0.428,0.717,0.816,0.914,0.77,0.704,0.629,0.684,-0.169,0.842,-0.395,0.763,0.74,0.636,0.889,0.706,0.663,0.428,0.668,0.837,0.681,0.859,0.492,0.698,0.64,0.643,0.832,0.858,0.852,0.695,0.833,0.894,0.578,0.719,-0.287,0.805,0.409,0.721,0.794,0.787,0.68,0.851,0.247
BILI,0.457,0.483,0.535,0.661,0.508,0.574,0.585,0.53,0.787,0.673,0.565,0.666,0.657,0.625,0.236,0.544,0.525,0.337,0.483,0.689,-0.398,0.622,0.62,0.598,0.505,0.692,1.0,0.594,0.575,0.403,0.688,0.46,0.519,0.616,0.635,0.1,0.544,0.672,0.618,0.637,0.371,0.697,0.336,0.524,0.629,0.668,0.662,0.578,0.483,0.507,0.536,0.283,0.35,0.49,0.434,0.505,0.607,0.674,0.532,0.601,0.55,0.335,0.624,0.633,0.453,0.407,0.626,0.374,0.586,0.544,0.483,0.193,0.418,0.673,0.791,0.477,0.564,0.37,0.71,0.673,0.608,0.606,0.282,0.587,0.716,0.49,0.484,-0.134,0.67,0.468,0.65,0.457,0.545,0.58,0.621,0.768,0.587,0.672,0.559,0.503,0.533,0.596,0.39,0.175,0.537,0.638,0.506,-0.555,0.619,0.474,0.591,0.574,0.572,0.603,0.368,0.585,0.593,0.558,0.639,-0.471,0.671,0.633,0.714,0.505,0.54,0.634,0.647,0.538,0.53,0.599,0.609,0.577,0.641,0.382,0.31,0.356,0.578,0.566,0.587,0.559,0.579,0.572,0.699,0.539,0.406,0.495,0.594,0.625,0.623,0.572,0.537,0.379,0.397,0.547,0.701,0.773,-0.629,0.228,0.597,0.633,0.636,0.44,0.562,0.518,0.61,-0.412,0.631,-0.515,0.409,0.674,0.604,0.61,0.468,0.422,0.174,0.358,0.537,0.554,0.566,0.507,0.502,0.322,0.575,0.629,0.655,0.746,0.472,0.59,0.68,0.447,0.503,-0.473,0.564,0.172,0.519,0.496,0.703,0.431,0.67,0.026
BKR,0.681,0.667,0.805,0.726,0.793,0.881,0.718,0.664,0.734,0.559,0.793,0.697,0.461,0.908,0.734,0.903,0.786,0.595,0.524,0.742,-0.116,0.886,0.781,0.747,0.772,0.815,0.594,1.0,0.761,0.8,0.715,0.382,0.74,0.915,0.788,0.65,0.935,0.869,0.839,0.747,0.282,0.628,0.565,0.814,0.826,0.775,0.894,0.82,0.721,0.83,0.787,0.694,0.629,0.623,0.785,0.746,0.909,0.806,0.687,0.74,0.561,0.8,0.758,0.847,0.818,0.909,0.674,0.847,0.748,0.582,0.852,0.39,0.758,0.803,0.746,0.819,0.917,0.671,0.874,0.786,0.779,0.826,0.791,0.78,0.816,0.757,0.603,0.409,0.846,0.805,0.693,0.889,0.792,0.703,0.87,0.845,0.832,0.772,0.657,0.821,0.596,0.805,0.694,0.701,0.701,0.723,0.803,-0.466,0.923,0.551,0.85,0.776,0.778,0.761,0.524,0.804,0.649,0.775,0.902,-0.106,0.874,0.648,0.849,0.875,0.717,0.705,0.91,0.871,0.664,0.789,0.837,0.737,0.855,0.799,0.668,0.827,0.892,0.889,0.715,0.86,0.912,0.624,0.805,0.879,0.639,0.826,0.793,0.731,0.785,0.831,0.735,0.425,0.701,0.832,0.801,0.759,-0.691,0.574,0.722,0.81,0.827,0.876,0.783,0.715,0.753,-0.052,0.745,-0.455,0.828,0.736,0.739,0.821,0.842,0.568,0.475,0.573,0.79,0.76,0.855,0.624,0.76,0.792,0.723,0.909,0.838,0.775,0.862,0.717,0.763,0.678,0.813,-0.239,0.774,0.554,0.777,0.879,0.855,0.737,0.844,0.451
BLDP,0.794,0.611,0.7,0.728,0.774,0.705,0.685,0.753,0.71,0.574,0.731,0.796,0.464,0.816,0.583,0.774,0.822,0.439,0.594,0.744,-0.208,0.769,0.782,0.585,0.71,0.73,0.575,0.761,1.0,0.736,0.774,0.461,0.663,0.778,0.873,0.295,0.741,0.755,0.751,0.833,0.055,0.535,0.688,0.706,0.756,0.655,0.765,0.721,0.768,0.665,0.691,0.645,0.475,0.667,0.63,0.677,0.718,0.757,0.629,0.729,0.496,0.634,0.71,0.725,0.75,0.654,0.648,0.723,0.777,0.497,0.708,0.257,0.591,0.87,0.708,0.659,0.765,0.632,0.749,0.741,0.795,0.786,0.648,0.747,0.713,0.673,0.654,0.213,0.76,0.728,0.697,0.715,0.76,0.746,0.716,0.662,0.758,0.709,0.711,0.75,0.639,0.819,0.605,0.488,0.65,0.746,0.818,-0.289,0.762,0.554,0.703,0.696,0.719,0.719,0.541,0.751,0.616,0.745,0.766,-0.249,0.708,0.686,0.749,0.652,0.779,0.709,0.762,0.816,0.688,0.739,0.664,0.643,0.728,0.705,0.64,0.709,0.765,0.759,0.542,0.781,0.743,0.577,0.787,0.801,0.707,0.823,0.721,0.64,0.806,0.825,0.805,0.435,0.7,0.727,0.729,0.689,-0.578,0.513,0.783,0.705,0.748,0.664,0.671,0.785,0.789,-0.121,0.773,-0.325,0.699,0.78,0.821,0.653,0.804,0.534,0.514,0.637,0.7,0.802,0.827,0.555,0.641,0.575,0.778,0.823,0.732,0.723,0.697,0.62,0.751,0.7,0.732,0.0,0.691,0.465,0.89,0.751,0.785,0.64,0.728,0.362
BLNK,0.715,0.584,0.833,0.658,0.63,0.722,0.67,0.612,0.616,0.436,0.676,0.68,0.259,0.774,0.682,0.803,0.686,0.515,0.614,0.673,0.035,0.827,0.625,0.575,0.678,0.652,0.403,0.8,0.736,1.0,0.657,0.297,0.766,0.834,0.733,0.479,0.791,0.796,0.727,0.62,0.003,0.482,0.662,0.72,0.691,0.565,0.803,0.742,0.715,0.689,0.71,0.876,0.374,0.631,0.695,0.683,0.763,0.761,0.721,0.659,0.582,0.764,0.662,0.754,0.874,0.691,0.428,0.787,0.562,0.455,0.87,0.223,0.601,0.678,0.615,0.781,0.778,0.646,0.704,0.687,0.727,0.772,0.775,0.696,0.624,0.745,0.553,0.615,0.692,0.857,0.655,0.865,0.795,0.656,0.668,0.594,0.705,0.648,0.7,0.834,0.459,0.772,0.621,0.774,0.63,0.652,0.74,-0.456,0.839,0.321,0.652,0.728,0.657,0.608,0.427,0.766,0.47,0.737,0.779,0.052,0.776,0.521,0.741,0.822,0.765,0.582,0.797,0.786,0.623,0.756,0.704,0.637,0.735,0.772,0.705,0.736,0.808,0.854,0.467,0.726,0.813,0.434,0.8,0.701,0.709,0.833,0.689,0.618,0.696,0.809,0.755,0.334,0.877,0.714,0.764,0.682,-0.636,0.737,0.67,0.821,0.687,0.761,0.683,0.812,0.71,-0.196,0.715,-0.444,0.83,0.629,0.734,0.641,0.843,0.395,0.694,0.498,0.676,0.722,0.734,0.532,0.713,0.735,0.601,0.737,0.742,0.704,0.808,0.54,0.622,0.665,0.822,-0.066,0.738,0.3,0.764,0.809,0.752,0.777,0.766,0.458
BYND,0.713,0.592,0.738,0.775,0.655,0.731,0.639,0.627,0.721,0.711,0.733,0.754,0.547,0.791,0.407,0.786,0.655,0.357,0.593,0.858,-0.369,0.736,0.723,0.535,0.605,0.76,0.688,0.715,0.774,0.657,1.0,0.441,0.651,0.756,0.792,0.251,0.675,0.733,0.665,0.786,0.11,0.577,0.531,0.7,0.785,0.728,0.777,0.77,0.679,0.662,0.704,0.497,0.38,0.603,0.679,0.628,0.727,0.8,0.572,0.733,0.532,0.556,0.675,0.742,0.797,0.583,0.711,0.613,0.6,0.576,0.628,0.139,0.557,0.784,0.751,0.678,0.73,0.529,0.801,0.821,0.803,0.773,0.499,0.714,0.727,0.691,0.588,0.102,0.745,0.7,0.643,0.673,0.734,0.727,0.702,0.756,0.782,0.693,0.588,0.831,0.649,0.734,0.506,0.428,0.64,0.831,0.704,-0.538,0.802,0.515,0.698,0.743,0.734,0.778,0.538,0.843,0.762,0.712,0.771,-0.332,0.731,0.704,0.8,0.675,0.724,0.835,0.768,0.692,0.594,0.79,0.667,0.597,0.796,0.569,0.548,0.578,0.737,0.682,0.455,0.726,0.721,0.594,0.704,0.682,0.539,0.779,0.733,0.689,0.738,0.801,0.771,0.424,0.596,0.719,0.65,0.644,-0.579,0.42,0.916,0.729,0.727,0.574,0.783,0.682,0.705,-0.275,0.711,-0.465,0.627,0.772,0.763,0.663,0.779,0.529,0.366,0.529,0.652,0.802,0.726,0.598,0.721,0.467,0.668,0.781,0.856,0.687,0.682,0.715,0.763,0.564,0.688,-0.325,0.653,0.296,0.852,0.679,0.752,0.54,0.742,0.197
CAN,0.284,0.083,0.406,0.437,0.317,0.356,0.119,0.069,0.539,0.442,0.426,0.345,0.364,0.493,0.174,0.412,0.3,0.427,0.194,0.534,0.17,0.345,0.508,0.377,0.128,0.478,0.46,0.382,0.461,0.297,0.441,1.0,0.433,0.333,0.641,0.36,0.401,0.284,0.249,0.477,-0.23,0.57,0.536,0.671,0.419,0.563,0.343,0.351,0.242,0.505,0.495,0.218,0.093,0.684,0.585,0.565,0.541,0.39,0.334,0.361,0.203,0.404,0.237,0.314,0.387,0.346,0.324,0.281,0.496,0.386,0.208,0.399,0.605,0.494,0.49,0.349,0.476,0.347,0.468,0.418,0.432,0.281,0.291,0.581,0.474,0.41,0.679,0.108,0.354,0.387,0.36,0.474,0.282,0.289,0.338,0.413,0.305,0.413,0.407,0.381,0.667,0.322,0.303,0.413,0.119,0.404,0.476,0.049,0.45,0.617,0.476,0.364,0.58,0.484,0.736,0.525,0.555,0.51,0.46,-0.177,0.403,0.689,0.389,0.353,0.262,0.424,0.442,0.369,0.36,0.438,0.603,0.466,0.501,0.196,0.537,0.219,0.482,0.251,0.541,0.559,0.428,0.282,0.436,0.414,0.241,0.406,0.231,0.55,0.362,0.442,0.488,0.807,0.185,0.422,0.347,0.312,-0.256,0.211,0.329,0.472,0.452,0.309,0.533,0.36,0.552,0.003,0.336,-0.019,0.513,0.519,0.588,0.454,0.421,0.444,-0.02,0.581,0.325,0.315,0.298,0.647,0.318,0.08,0.223,0.47,0.512,0.429,0.263,0.584,0.471,0.476,0.337,-0.007,0.113,0.225,0.423,0.175,0.486,0.122,0.539,0.496
