,AAL,AAPL,ABUS,ADBE,ADI,ADMA,AEP,AGNC,AKBA,ALT,AMAT,AMD,AMGN,AMZN,APA,APPS,ARCC,ARDX,ATER,ATOS,AUPH,AVGO,AZN,BCRX,BGC,BIDU,BILI,BKR,BLDP,BLNK,BYND,CAN,CELH,CG,CGC,CHRD,CLNE,CMCSA,COMM,COST,CPB,CPRT,CRON,CRWD,CSCO,CSGP,CSX,CTSH,CZR,DBX,DDOG,DKNG,DLTR,DOCU,DVAX,DXCM,EA,EBAY,ENPH,ERIC,ESPR,ETSY,EXC,EXEL,EXPE,FANG,FAST,FITB,FLEX,FOLD,FOXA,FSLR,FTNT,FUTU,GEN,GERN,GEVO,GILD,GOOG,GOOGL,GPRO,GT,HBAN,HIVE,HON,HST,HUT,IBRX,INTC,IOVA,IQ,IRWD,JBLU,JD,KDP,KHC,LBTYK,LRCX,LYFT,MAR,MARA,MAT,MCHP,MCRB,MDLZ,META,MGNI,MLCO,MNKD,MNST,MOMO,MRNA,MRVL,MSFT,MSTR,MTCH,MU,MVIS,NDAQ,NFLX,NKTR,NNDM,NTES,NTNX,NVAX,NVDA,NWL,NWSA,NXPI,OCGN,OKTA,ON,OPK,PAA,PACB,PAGP,PANW,PARA,PCAR,PDD,PENN,PEP,PLUG,PTEN,PTON,PYPL,QCOM,QUBT,QVCGA,RDFN,REAL,RIOT,ROKU,ROST,RUN,SABR,SAVA,SBUX,SFIX,SGMO,SIRI,SLM,SMCI,SNDL,SONO,STNE,STX,TCOM,TGTX,TIGR,TLRY,TMUS,TRIP,TSCO,TSLA,TTD,TXN,UAL,UNIT,VERU,VKTX,VLY,VOD,VTRS,VXRT,WBA,WBD,WDAY,WDC,WEN,WW,WYNN,XEL,XP,XRAY,XRX,Z,ZION,ZM,ZS
AAL,1.0,0.605,0.461,0.369,0.705,-0.338,-0.656,0.005,-0.571,0.215,0.71,0.604,-0.522,0.746,-0.492,0.655,0.5,-0.57,0.786,0.3,0.628,0.076,0.211,0.245,0.63,0.552,0.741,-0.497,-0.251,0.197,0.565,0.267,0.483,0.674,0.758,-0.488,-0.487,0.327,0.696,-0.23,0.32,0.788,0.697,0.063,0.227,0.588,-0.219,-0.161,0.609,0.497,0.72,0.316,-0.357,0.518,0.833,-0.09,0.561,0.455,-0.327,0.598,-0.417,-0.03,-0.632,-0.635,0.909,0.013,-0.451,0.806,0.732,0.055,0.242,-0.399,0.487,0.706,-0.058,0.051,-0.381,0.54,0.412,0.422,0.634,0.867,0.704,0.54,-0.001,0.568,0.61,0.452,-0.17,0.685,0.284,-0.501,0.976,0.633,0.318,-0.12,0.831,0.83,0.713,0.836,0.299,0.562,0.562,0.7,0.796,0.662,0.224,0.675,0.212,0.619,0.645,0.461,0.695,0.573,0.038,0.788,0.745,-0.399,0.525,0.704,0.109,0.721,0.65,0.498,0.621,0.587,0.611,0.725,0.776,0.67,0.416,0.659,-0.02,-0.534,0.223,-0.543,-0.228,-0.522,0.908,0.695,0.698,0.591,-0.214,-0.584,0.727,0.591,0.617,0.68,0.722,0.511,0.634,0.492,0.354,0.587,-0.494,0.816,0.69,0.688,0.732,0.23,-0.422,0.867,-0.46,0.568,0.806,0.585,0.628,0.586,0.658,0.63,0.776,0.343,0.774,-0.436,0.267,0.558,-0.126,0.98,-0.475,0.471,0.486,0.712,0.885,0.649,0.559,-0.442,0.654,-0.127,0.739,0.752,0.589,0.766,-0.681,0.807,0.52,0.791,0.674,0.751,0.678,0.626
AAPL,0.605,1.0,0.407,0.776,0.719,-0.037,-0.388,0.515,-0.32,0.538,0.683,0.629,-0.245,0.574,-0.173,0.804,0.761,-0.37,0.643,0.549,0.456,0.175,-0.083,0.626,0.601,0.763,0.716,-0.507,0.003,0.599,0.721,0.677,0.565,0.694,0.78,-0.3,-0.146,0.707,0.631,-0.211,0.553,0.495,0.688,0.064,0.531,0.581,0.05,-0.066,0.609,0.744,0.788,0.58,-0.431,0.715,0.643,0.09,0.799,0.732,-0.051,0.216,-0.526,0.466,-0.319,-0.265,0.597,0.476,-0.395,0.469,0.507,-0.136,0.696,-0.266,0.711,0.719,0.135,0.089,-0.175,0.647,0.625,0.668,0.816,0.63,0.408,0.704,0.118,0.221,0.768,0.663,0.452,0.676,0.683,-0.478,0.571,0.74,0.637,0.145,0.552,0.801,0.675,0.531,0.549,0.774,0.304,0.402,0.748,0.769,0.578,0.757,0.254,0.696,0.703,0.107,0.573,0.711,0.441,0.741,0.781,-0.02,0.565,0.776,0.552,0.755,0.697,0.652,0.627,0.617,0.696,0.592,0.598,0.578,0.606,0.675,-0.057,-0.02,0.611,0.006,0.12,-0.367,0.602,0.719,0.693,0.714,0.135,-0.373,0.697,0.511,0.801,0.819,0.549,0.599,0.816,0.624,0.567,0.563,-0.204,0.455,0.705,0.802,0.718,0.61,-0.166,0.674,-0.199,0.756,0.779,0.692,0.808,0.768,0.713,0.784,0.723,0.116,0.403,-0.248,0.736,0.803,-0.111,0.593,-0.181,0.702,0.712,0.525,0.661,0.38,0.603,-0.284,0.851,0.191,0.764,0.613,0.41,0.736,-0.439,0.557,0.57,0.595,0.713,0.569,0.675,0.719
ABUS,0.461,0.407,1.0,0.446,0.452,-0.146,-0.351,0.117,-0.226,0.458,0.543,0.689,-0.331,0.391,-0.268,0.52,0.269,-0.367,0.507,0.332,0.52,-0.023,0.205,0.228,0.468,0.354,0.412,-0.471,0.164,0.441,0.391,0.251,0.546,0.497,0.481,-0.47,-0.105,0.27,0.417,-0.303,0.099,0.358,0.455,0.153,0.071,0.332,-0.434,-0.197,0.539,0.311,0.582,0.42,-0.304,0.428,0.654,-0.152,0.619,0.174,-0.01,0.432,-0.158,0.208,-0.287,-0.114,0.438,0.182,-0.38,0.474,0.433,0.072,0.034,-0.109,0.416,0.406,-0.095,0.469,-0.086,0.177,0.45,0.496,0.612,0.547,0.371,0.582,0.043,0.494,0.519,0.501,0.124,0.587,0.219,-0.32,0.489,0.365,0.129,0.048,0.484,0.551,0.471,0.426,0.452,0.544,0.369,0.558,0.409,0.515,0.504,0.394,-0.025,0.511,0.467,0.21,0.504,0.481,0.274,0.589,0.418,-0.041,0.236,0.559,0.294,0.475,0.446,0.557,0.548,0.415,0.44,0.415,0.618,0.504,0.698,0.581,0.007,-0.234,0.43,-0.203,0.221,-0.383,0.419,0.419,0.524,0.329,0.185,-0.369,0.512,0.549,0.536,0.563,0.519,0.407,0.548,0.597,0.472,0.374,-0.09,0.481,0.565,0.419,0.484,0.616,-0.343,0.626,-0.206,0.362,0.488,0.535,0.35,0.317,0.485,0.405,0.514,0.021,0.445,-0.426,0.321,0.458,-0.03,0.451,-0.196,0.544,0.522,0.326,0.484,0.568,0.669,-0.354,0.38,0.11,0.501,0.565,0.509,0.437,-0.457,0.494,0.624,0.373,0.512,0.492,0.661,0.476
ADBE,0.369,0.776,0.446,1.0,0.717,-0.086,-0.263,0.366,-0.265,0.569,0.681,0.681,-0.223,0.471,-0.116,0.806,0.675,-0.273,0.427,0.533,0.202,0.148,0.128,0.401,0.655,0.698,0.595,-0.591,0.053,0.632,0.521,0.589,0.706,0.733,0.542,-0.274,-0.101,0.601,0.528,-0.165,0.518,0.443,0.641,0.22,0.44,0.49,-0.152,-0.091,0.719,0.767,0.717,0.841,-0.452,0.704,0.556,0.295,0.702,0.562,0.018,0.072,-0.39,0.631,-0.212,0.07,0.358,0.506,-0.353,0.252,0.371,-0.32,0.548,-0.236,0.749,0.621,0.235,0.334,-0.21,0.489,0.771,0.821,0.758,0.487,0.167,0.794,0.286,0.046,0.713,0.608,0.658,0.503,0.62,-0.328,0.393,0.631,0.472,0.238,0.36,0.645,0.441,0.38,0.599,0.787,0.146,0.354,0.551,0.834,0.833,0.584,-0.12,0.725,0.555,0.191,0.494,0.81,0.638,0.647,0.638,0.03,0.544,0.753,0.464,0.609,0.579,0.754,0.604,0.712,0.504,0.476,0.52,0.507,0.735,0.718,-0.087,-0.014,0.791,0.051,0.455,-0.233,0.37,0.581,0.72,0.496,0.171,-0.362,0.618,0.665,0.721,0.771,0.289,0.571,0.805,0.624,0.804,0.578,-0.027,0.309,0.614,0.66,0.566,0.683,-0.146,0.479,-0.099,0.587,0.69,0.716,0.579,0.634,0.615,0.716,0.529,0.068,0.254,-0.319,0.702,0.815,0.021,0.374,-0.04,0.724,0.695,0.234,0.392,0.139,0.711,-0.393,0.675,0.406,0.541,0.57,0.229,0.541,-0.323,0.388,0.439,0.307,0.674,0.402,0.576,0.542
ADI,0.705,0.719,0.452,0.717,1.0,-0.345,-0.584,0.162,-0.571,0.359,0.85,0.674,-0.426,0.697,-0.401,0.773,0.657,-0.515,0.589,0.443,0.465,0.119,0.169,0.357,0.763,0.7,0.724,-0.634,-0.206,0.363,0.581,0.431,0.619,0.766,0.721,-0.409,-0.407,0.548,0.719,-0.299,0.444,0.691,0.691,0.103,0.502,0.626,-0.172,-0.159,0.735,0.688,0.768,0.633,-0.463,0.631,0.679,0.106,0.663,0.547,-0.291,0.407,-0.376,0.235,-0.47,-0.314,0.697,0.254,-0.412,0.605,0.663,-0.151,0.462,-0.448,0.632,0.725,-0.015,0.169,-0.365,0.607,0.635,0.669,0.774,0.769,0.537,0.702,0.078,0.362,0.68,0.611,0.18,0.595,0.457,-0.4,0.731,0.723,0.437,0.164,0.651,0.852,0.584,0.707,0.425,0.765,0.424,0.57,0.76,0.865,0.482,0.696,0.043,0.73,0.651,0.337,0.639,0.738,0.276,0.737,0.751,-0.314,0.617,0.72,0.286,0.723,0.696,0.639,0.628,0.782,0.692,0.654,0.717,0.667,0.502,0.784,-0.017,-0.322,0.582,-0.309,0.058,-0.437,0.681,0.698,0.796,0.602,-0.142,-0.565,0.66,0.724,0.737,0.777,0.556,0.606,0.741,0.566,0.627,0.663,-0.367,0.694,0.683,0.8,0.627,0.416,-0.3,0.747,-0.244,0.624,0.81,0.734,0.658,0.716,0.621,0.755,0.639,0.274,0.597,-0.377,0.478,0.75,0.047,0.728,-0.377,0.641,0.623,0.533,0.648,0.449,0.573,-0.511,0.69,0.146,0.73,0.704,0.433,0.667,-0.561,0.617,0.491,0.625,0.828,0.627,0.627,0.606
ADMA,-0.338,-0.037,-0.146,-0.086,-0.345,1.0,0.427,0.392,0.606,0.213,-0.177,-0.361,0.375,-0.071,0.599,-0.208,-0.192,0.462,-0.129,0.329,-0.417,0.169,0.029,0.249,-0.376,-0.191,-0.322,0.604,0.62,0.391,-0.297,0.039,-0.289,-0.235,-0.145,0.547,0.671,-0.104,-0.481,0.404,-0.301,-0.245,-0.169,0.317,-0.114,-0.168,0.319,0.427,-0.198,-0.15,-0.185,-0.231,0.384,-0.276,-0.434,0.175,-0.219,-0.141,0.638,-0.421,0.383,0.135,0.488,0.375,-0.308,0.213,0.383,-0.355,-0.318,0.257,-0.027,0.489,-0.081,-0.355,0.161,0.244,0.71,-0.316,0.193,0.102,-0.276,-0.358,-0.321,-0.085,0.081,-0.2,0.019,-0.076,0.313,-0.225,0.024,0.258,-0.365,-0.308,-0.058,-0.3,-0.306,-0.276,-0.025,-0.279,0.216,-0.308,-0.141,-0.292,-0.414,-0.3,-0.05,-0.3,0.039,-0.357,-0.229,-0.183,-0.201,-0.073,0.305,-0.191,-0.31,0.668,-0.19,-0.244,0.134,-0.146,-0.285,-0.262,-0.005,-0.18,-0.423,-0.221,-0.247,-0.402,-0.106,-0.205,0.116,0.587,0.046,0.568,0.245,0.278,-0.394,-0.293,-0.194,-0.497,0.634,0.644,-0.41,-0.296,-0.145,-0.204,-0.442,-0.206,-0.193,0.081,-0.215,-0.16,0.581,-0.375,-0.247,-0.267,-0.156,0.3,0.544,-0.338,0.308,-0.138,-0.232,-0.143,-0.306,-0.293,-0.157,-0.202,-0.203,-0.0,-0.285,0.509,0.198,-0.204,0.289,-0.364,0.496,-0.073,-0.008,-0.217,-0.353,-0.477,0.049,0.443,-0.321,0.244,-0.369,-0.363,-0.07,-0.266,0.429,-0.286,-0.377,-0.241,-0.324,-0.363,-0.373,-0.334
AEP,-0.656,-0.388,-0.351,-0.263,-0.584,0.427,1.0,0.111,0.651,-0.366,-0.536,-0.393,0.835,-0.439,0.795,-0.631,-0.493,0.747,-0.718,-0.063,-0.65,0.458,0.02,-0.349,-0.612,-0.568,-0.745,0.652,0.55,-0.051,-0.534,-0.253,-0.425,-0.336,-0.626,0.712,0.725,-0.093,-0.779,0.722,-0.269,-0.401,-0.614,0.236,-0.099,-0.36,0.439,0.595,-0.364,-0.331,-0.612,-0.327,0.648,-0.652,-0.563,0.574,-0.436,-0.206,0.71,-0.666,0.441,0.213,0.892,0.7,-0.565,0.136,0.782,-0.523,-0.476,0.187,-0.308,0.603,-0.151,-0.734,0.143,-0.054,0.596,-0.476,-0.064,-0.108,-0.454,-0.631,-0.468,-0.336,0.497,-0.409,-0.533,-0.596,0.314,-0.591,-0.368,0.739,-0.66,-0.67,-0.181,-0.055,-0.546,-0.635,-0.478,-0.515,0.007,-0.502,-0.141,-0.714,-0.65,-0.451,0.029,-0.747,-0.083,-0.405,-0.737,-0.125,-0.292,-0.152,0.3,-0.675,-0.688,0.737,-0.076,-0.608,-0.341,-0.494,-0.694,-0.372,-0.383,-0.352,-0.615,-0.519,-0.47,-0.639,-0.369,-0.321,0.358,0.705,-0.29,0.65,0.525,0.751,-0.643,-0.735,-0.515,-0.454,0.562,0.728,-0.59,-0.303,-0.513,-0.543,-0.656,-0.621,-0.392,-0.229,-0.414,-0.312,0.816,-0.76,-0.579,-0.652,-0.634,-0.096,0.65,-0.629,0.689,-0.505,-0.502,-0.658,-0.619,-0.689,-0.598,-0.609,-0.643,0.138,-0.598,0.735,0.049,-0.532,0.529,-0.685,0.704,-0.554,-0.488,-0.39,-0.747,-0.649,-0.198,0.668,-0.53,0.358,-0.573,-0.633,-0.535,-0.698,0.881,-0.645,-0.617,-0.561,-0.683,-0.526,-0.597,-0.541
AGNC,0.005,0.515,0.117,0.366,0.162,0.392,0.111,1.0,0.028,0.277,0.305,0.109,0.166,0.053,0.194,0.204,0.177,0.113,0.171,0.568,0.211,0.293,-0.052,0.624,0.199,0.234,0.085,0.026,0.375,0.566,0.417,0.341,0.014,0.174,0.332,0.131,0.268,0.53,-0.016,0.123,0.012,0.025,0.254,-0.122,0.466,0.357,0.25,0.336,0.08,0.503,0.184,0.06,0.061,0.181,0.065,0.044,0.34,0.372,0.324,0.045,-0.069,0.285,0.191,0.021,0.111,0.216,0.212,0.09,0.241,0.23,0.372,0.231,0.131,0.078,0.095,-0.024,0.306,0.114,0.382,0.391,0.343,0.11,0.246,0.383,0.227,0.218,0.391,0.375,0.479,0.165,0.243,0.073,-0.037,0.047,0.21,-0.179,0.24,0.199,0.499,0.146,0.563,0.294,0.257,0.045,0.047,0.268,0.209,0.227,0.544,0.056,0.123,-0.163,0.232,0.227,0.44,0.056,0.146,0.422,0.233,0.147,0.271,0.405,0.14,0.082,0.349,0.274,0.313,0.271,0.182,0.109,0.244,0.22,0.238,0.358,0.365,0.468,0.122,0.098,-0.005,0.129,-0.003,0.143,0.456,0.133,0.165,0.086,0.198,0.193,0.248,0.313,0.331,0.505,0.164,0.271,0.284,-0.049,0.283,0.224,0.153,0.478,0.239,0.178,0.245,0.524,0.139,0.15,0.187,0.185,0.239,0.242,0.226,0.064,0.123,0.359,0.706,0.143,0.091,-0.01,0.128,0.406,0.434,0.318,0.07,0.105,0.211,0.375,0.327,0.215,0.302,0.186,0.301,0.185,0.205,0.08,0.146,0.323,0.225,0.21,0.221,0.225
AKBA,-0.571,-0.32,-0.226,-0.265,-0.571,0.606,0.651,0.028,1.0,-0.011,-0.543,-0.431,0.622,-0.396,0.754,-0.435,-0.26,0.695,-0.523,0.053,-0.676,0.352,-0.065,-0.278,-0.662,-0.323,-0.489,0.713,0.578,0.221,-0.618,0.018,-0.321,-0.398,-0.537,0.625,0.749,-0.285,-0.607,0.56,-0.356,-0.492,-0.54,0.298,-0.299,-0.479,0.411,0.51,-0.286,-0.497,-0.467,-0.316,0.55,-0.396,-0.529,0.362,-0.423,-0.36,0.63,-0.703,0.562,0.177,0.634,0.595,-0.632,0.148,0.539,-0.558,-0.531,0.182,-0.15,0.495,-0.149,-0.494,0.17,0.167,0.636,-0.525,-0.012,-0.102,-0.553,-0.632,-0.627,-0.377,0.227,-0.493,-0.334,-0.484,0.237,-0.509,-0.122,0.406,-0.615,-0.42,-0.149,-0.074,-0.641,-0.565,-0.445,-0.631,-0.029,-0.517,-0.299,-0.499,-0.552,-0.509,-0.06,-0.492,-0.263,-0.47,-0.444,-0.153,-0.265,-0.201,0.227,-0.412,-0.454,0.671,-0.263,-0.454,0.01,-0.474,-0.429,-0.341,-0.276,-0.446,-0.692,-0.437,-0.415,-0.522,-0.242,-0.324,0.168,0.631,-0.199,0.487,0.399,0.573,-0.555,-0.503,-0.395,-0.566,0.546,0.695,-0.636,-0.482,-0.348,-0.452,-0.681,-0.567,-0.428,-0.255,-0.361,-0.341,0.586,-0.634,-0.584,-0.405,-0.441,0.018,0.517,-0.657,0.551,-0.61,-0.48,-0.418,-0.491,-0.418,-0.437,-0.417,-0.529,-0.005,-0.69,0.472,-0.074,-0.401,0.404,-0.608,0.658,-0.427,-0.39,-0.475,-0.618,-0.672,-0.157,0.548,-0.526,0.332,-0.636,-0.544,-0.402,-0.469,0.561,-0.465,-0.504,-0.639,-0.658,-0.626,-0.583,-0.583
ALT,0.215,0.538,0.458,0.569,0.359,0.213,-0.366,0.277,-0.011,1.0,0.404,0.27,-0.317,0.2,-0.186,0.621,0.467,-0.307,0.505,0.437,0.256,-0.124,-0.18,0.574,0.239,0.659,0.585,-0.324,0.105,0.578,0.401,0.595,0.457,0.243,0.483,-0.173,-0.003,0.288,0.441,-0.379,0.128,-0.028,0.444,-0.072,0.054,0.183,-0.128,-0.234,0.31,0.321,0.586,0.438,-0.529,0.586,0.361,-0.139,0.548,0.192,-0.077,0.07,-0.271,0.307,-0.345,-0.1,0.111,0.394,-0.48,0.057,0.103,-0.138,0.521,-0.174,0.375,0.584,0.091,0.469,-0.025,0.29,0.396,0.435,0.443,0.241,-0.008,0.359,-0.203,-0.03,0.653,0.701,0.383,0.478,0.625,-0.461,0.221,0.587,0.253,0.058,0.149,0.494,0.383,0.018,0.301,0.371,-0.075,0.456,0.405,0.4,0.465,0.538,-0.077,0.314,0.733,-0.043,0.287,0.271,0.282,0.569,0.515,0.043,-0.03,0.591,0.823,0.473,0.581,0.468,0.435,0.25,0.282,0.271,0.274,0.269,0.601,0.36,-0.255,-0.039,0.633,-0.003,0.084,-0.437,0.18,0.652,0.467,0.229,0.151,-0.183,0.43,0.216,0.693,0.619,0.246,0.516,0.479,0.422,0.495,0.17,-0.148,0.341,0.444,0.558,0.44,0.688,-0.15,0.306,-0.426,0.406,0.352,0.783,0.406,0.609,0.65,0.642,0.56,-0.25,0.142,-0.428,0.361,0.676,-0.317,0.227,-0.077,0.772,0.761,0.068,0.254,0.227,0.509,-0.315,0.369,0.035,0.311,0.285,0.268,0.495,-0.337,0.339,0.502,0.216,0.469,0.196,0.498,0.371
AMAT,0.71,0.683,0.543,0.681,0.85,-0.177,-0.536,0.305,-0.543,0.404,1.0,0.717,-0.444,0.645,-0.382,0.769,0.5,-0.444,0.649,0.564,0.515,0.16,0.238,0.442,0.793,0.627,0.666,-0.594,-0.056,0.425,0.649,0.403,0.635,0.753,0.813,-0.428,-0.303,0.521,0.643,-0.216,0.35,0.681,0.773,0.058,0.473,0.639,-0.245,-0.087,0.708,0.724,0.762,0.57,-0.408,0.509,0.691,0.069,0.702,0.437,-0.148,0.565,-0.4,0.251,-0.458,-0.328,0.715,0.165,-0.341,0.63,0.756,-0.029,0.355,-0.266,0.515,0.632,0.009,0.246,-0.212,0.483,0.69,0.726,0.796,0.804,0.638,0.764,0.2,0.553,0.785,0.69,0.254,0.661,0.376,-0.348,0.718,0.575,0.316,0.005,0.734,0.844,0.74,0.782,0.579,0.757,0.552,0.68,0.667,0.859,0.524,0.597,0.155,0.674,0.615,0.336,0.728,0.73,0.36,0.76,0.708,-0.188,0.593,0.709,0.257,0.773,0.635,0.612,0.707,0.864,0.697,0.742,0.852,0.632,0.611,0.83,0.069,-0.255,0.662,-0.175,0.079,-0.406,0.705,0.653,0.768,0.494,0.012,-0.511,0.682,0.803,0.683,0.786,0.628,0.677,0.755,0.693,0.649,0.686,-0.216,0.686,0.747,0.684,0.659,0.539,-0.265,0.762,-0.224,0.742,0.807,0.732,0.595,0.581,0.676,0.721,0.736,0.287,0.725,-0.353,0.535,0.672,0.064,0.717,-0.283,0.685,0.702,0.631,0.616,0.51,0.676,-0.397,0.626,0.158,0.755,0.691,0.632,0.672,-0.488,0.657,0.473,0.689,0.828,0.705,0.672,0.646
AMD,0.604,0.629,0.689,0.681,0.674,-0.361,-0.393,0.109,-0.431,0.27,0.717,1.0,-0.302,0.566,-0.283,0.653,0.452,-0.364,0.467,0.382,0.398,0.149,0.281,0.197,0.692,0.519,0.57,-0.65,-0.035,0.347,0.542,0.365,0.744,0.788,0.563,-0.553,-0.254,0.514,0.525,-0.2,0.403,0.577,0.631,0.194,0.351,0.553,-0.366,-0.193,0.731,0.599,0.62,0.656,-0.314,0.498,0.696,0.053,0.656,0.449,-0.083,0.377,-0.327,0.425,-0.356,-0.1,0.603,0.303,-0.375,0.615,0.639,-0.139,0.241,-0.221,0.589,0.571,0.05,0.33,-0.294,0.362,0.594,0.636,0.769,0.657,0.482,0.738,0.37,0.414,0.591,0.45,0.296,0.636,0.369,-0.327,0.628,0.545,0.345,0.209,0.516,0.666,0.539,0.625,0.521,0.769,0.486,0.498,0.586,0.791,0.681,0.478,-0.029,0.768,0.504,0.35,0.639,0.781,0.417,0.659,0.628,-0.18,0.554,0.727,0.171,0.602,0.613,0.734,0.6,0.722,0.619,0.561,0.733,0.704,0.714,0.797,0.059,-0.256,0.526,-0.178,0.328,-0.332,0.589,0.557,0.695,0.576,0.031,-0.599,0.675,0.801,0.619,0.732,0.536,0.472,0.82,0.604,0.646,0.626,-0.163,0.496,0.712,0.566,0.58,0.514,-0.343,0.653,-0.087,0.552,0.74,0.601,0.574,0.483,0.575,0.586,0.589,0.161,0.483,-0.449,0.514,0.615,0.071,0.576,-0.165,0.549,0.539,0.54,0.591,0.441,0.719,-0.447,0.615,0.24,0.623,0.69,0.47,0.56,-0.455,0.544,0.534,0.464,0.642,0.68,0.671,0.608
AMGN,-0.522,-0.245,-0.331,-0.223,-0.426,0.375,0.835,0.166,0.622,-0.317,-0.444,-0.302,1.0,-0.339,0.755,-0.577,-0.262,0.774,-0.647,0.003,-0.556,0.496,-0.032,-0.301,-0.544,-0.317,-0.512,0.602,0.529,0.015,-0.453,-0.065,-0.246,-0.293,-0.558,0.688,0.698,0.052,-0.662,0.714,-0.196,-0.346,-0.513,0.296,-0.007,-0.3,0.58,0.639,-0.323,-0.278,-0.579,-0.247,0.604,-0.475,-0.473,0.537,-0.356,-0.037,0.638,-0.623,0.428,0.298,0.816,0.567,-0.539,0.179,0.785,-0.437,-0.351,0.153,-0.061,0.57,-0.024,-0.504,0.252,-0.093,0.491,-0.274,-0.055,-0.123,-0.366,-0.529,-0.322,-0.284,0.562,-0.386,-0.341,-0.649,0.351,-0.52,-0.091,0.623,-0.543,-0.403,0.04,-0.045,-0.446,-0.496,-0.434,-0.534,0.134,-0.42,-0.113,-0.684,-0.48,-0.39,0.042,-0.562,-0.074,-0.322,-0.567,-0.126,-0.186,-0.096,0.366,-0.589,-0.468,0.717,0.043,-0.548,-0.301,-0.426,-0.436,-0.252,-0.257,-0.291,-0.538,-0.288,-0.411,-0.547,-0.317,-0.213,0.427,0.611,-0.244,0.556,0.487,0.776,-0.536,-0.529,-0.464,-0.317,0.577,0.641,-0.597,-0.283,-0.418,-0.476,-0.519,-0.578,-0.282,-0.1,-0.358,-0.206,0.68,-0.651,-0.582,-0.433,-0.546,-0.174,0.635,-0.474,0.739,-0.502,-0.396,-0.515,-0.508,-0.472,-0.459,-0.379,-0.589,0.189,-0.65,0.638,0.127,-0.453,0.454,-0.566,0.739,-0.493,-0.485,-0.302,-0.596,-0.535,-0.188,0.624,-0.438,0.483,-0.458,-0.389,-0.483,-0.564,0.795,-0.601,-0.433,-0.477,-0.651,-0.371,-0.409,-0.454
AMZN,0.746,0.574,0.391,0.471,0.697,-0.071,-0.439,0.053,-0.396,0.2,0.645,0.566,-0.339,1.0,-0.285,0.578,0.402,-0.347,0.557,0.422,0.367,0.199,0.422,0.202,0.479,0.47,0.579,-0.346,-0.057,0.361,0.451,0.211,0.378,0.766,0.602,-0.323,-0.284,0.25,0.461,-0.033,0.137,0.83,0.672,0.534,0.29,0.627,-0.14,-0.01,0.602,0.561,0.568,0.387,-0.251,0.372,0.595,0.156,0.428,0.511,-0.05,0.341,-0.118,0.117,-0.325,-0.294,0.75,0.059,-0.314,0.646,0.632,0.242,0.207,-0.257,0.503,0.557,-0.016,0.332,-0.159,0.319,0.623,0.624,0.519,0.639,0.531,0.58,0.194,0.521,0.54,0.385,0.014,0.659,0.209,-0.22,0.726,0.537,0.298,-0.255,0.641,0.602,0.569,0.757,0.409,0.492,0.537,0.501,0.481,0.665,0.317,0.472,0.141,0.544,0.46,0.602,0.589,0.696,0.202,0.581,0.537,-0.226,0.632,0.639,0.016,0.706,0.556,0.469,0.592,0.742,0.426,0.686,0.616,0.56,0.369,0.566,0.234,-0.313,0.283,-0.347,0.065,-0.332,0.651,0.505,0.618,0.367,-0.012,-0.429,0.549,0.688,0.479,0.622,0.39,0.438,0.622,0.557,0.404,0.563,-0.23,0.684,0.602,0.562,0.622,0.333,-0.33,0.636,-0.187,0.515,0.691,0.487,0.427,0.465,0.55,0.554,0.558,0.549,0.55,-0.211,0.439,0.473,0.159,0.708,-0.259,0.453,0.52,0.567,0.648,0.296,0.665,-0.319,0.512,0.013,0.489,0.568,0.394,0.485,-0.513,0.633,0.245,0.617,0.577,0.592,0.403,0.464
APA,-0.492,-0.173,-0.268,-0.116,-0.401,0.599,0.795,0.194,0.754,-0.186,-0.382,-0.283,0.755,-0.285,1.0,-0.383,-0.208,0.752,-0.513,0.214,-0.643,0.439,0.041,-0.254,-0.498,-0.322,-0.548,0.692,0.714,0.201,-0.5,-0.039,-0.207,-0.249,-0.418,0.793,0.866,-0.027,-0.642,0.753,-0.161,-0.328,-0.43,0.376,-0.126,-0.289,0.529,0.627,-0.145,-0.219,-0.383,-0.162,0.629,-0.45,-0.455,0.571,-0.258,-0.164,0.811,-0.694,0.492,0.333,0.804,0.668,-0.474,0.462,0.773,-0.452,-0.392,0.131,-0.139,0.615,0.102,-0.567,0.182,0.041,0.699,-0.379,0.174,0.072,-0.304,-0.428,-0.485,-0.12,0.464,-0.476,-0.258,-0.518,0.459,-0.502,-0.082,0.511,-0.5,-0.476,-0.028,-0.063,-0.443,-0.392,-0.289,-0.443,0.225,-0.314,-0.18,-0.599,-0.443,-0.347,0.114,-0.517,-0.173,-0.261,-0.542,-0.157,-0.18,0.027,0.49,-0.406,-0.414,0.863,0.026,-0.406,-0.115,-0.336,-0.492,-0.209,-0.119,-0.291,-0.54,-0.345,-0.318,-0.415,-0.181,-0.094,0.308,0.831,-0.076,0.764,0.58,0.724,-0.478,-0.57,-0.238,-0.413,0.745,0.829,-0.556,-0.285,-0.275,-0.336,-0.567,-0.519,-0.238,-0.037,-0.259,-0.097,0.813,-0.684,-0.439,-0.408,-0.359,0.062,0.66,-0.461,0.728,-0.432,-0.257,-0.459,-0.375,-0.487,-0.411,-0.393,-0.489,0.159,-0.591,0.733,0.211,-0.332,0.554,-0.51,0.745,-0.42,-0.414,-0.356,-0.551,-0.65,-0.094,0.561,-0.382,0.618,-0.426,-0.371,-0.362,-0.405,0.702,-0.511,-0.517,-0.492,-0.511,-0.489,-0.478,-0.431
APPS,0.655,0.804,0.52,0.806,0.773,-0.208,-0.631,0.204,-0.435,0.621,0.769,0.653,-0.577,0.578,-0.383,1.0,0.742,-0.586,0.706,0.45,0.479,-0.065,0.066,0.469,0.743,0.792,0.795,-0.66,-0.155,0.506,0.631,0.592,0.656,0.698,0.768,-0.479,-0.366,0.457,0.831,-0.412,0.545,0.544,0.789,0.031,0.392,0.504,-0.258,-0.288,0.693,0.725,0.918,0.689,-0.563,0.778,0.727,0.003,0.809,0.473,-0.262,0.377,-0.48,0.337,-0.533,-0.316,0.608,0.388,-0.607,0.46,0.495,-0.244,0.564,-0.462,0.691,0.797,0.099,0.261,-0.37,0.616,0.651,0.706,0.803,0.729,0.375,0.752,-0.06,0.249,0.828,0.789,0.31,0.673,0.594,-0.588,0.672,0.765,0.515,0.227,0.566,0.846,0.644,0.567,0.431,0.825,0.217,0.638,0.79,0.826,0.591,0.784,-0.01,0.757,0.804,0.252,0.532,0.68,0.347,0.848,0.816,-0.277,0.465,0.908,0.577,0.752,0.741,0.686,0.644,0.681,0.686,0.625,0.658,0.695,0.732,0.719,-0.215,-0.277,0.74,-0.24,0.06,-0.545,0.666,0.782,0.81,0.652,-0.09,-0.552,0.751,0.65,0.866,0.884,0.534,0.701,0.768,0.568,0.736,0.542,-0.389,0.631,0.763,0.822,0.804,0.616,-0.386,0.697,-0.428,0.684,0.785,0.826,0.79,0.792,0.787,0.827,0.766,0.029,0.528,-0.527,0.491,0.906,-0.207,0.667,-0.34,0.773,0.752,0.409,0.702,0.433,0.662,-0.556,0.785,0.109,0.74,0.685,0.416,0.81,-0.657,0.632,0.595,0.556,0.842,0.558,0.723,0.677
ARCC,0.5,0.761,0.269,0.675,0.657,-0.192,-0.493,0.177,-0.26,0.467,0.5,0.452,-0.262,0.402,-0.208,0.742,1.0,-0.321,0.488,0.233,0.273,-0.039,-0.191,0.281,0.573,0.749,0.69,-0.519,-0.156,0.425,0.481,0.642,0.628,0.525,0.511,-0.33,-0.21,0.551,0.659,-0.31,0.659,0.405,0.464,0.107,0.356,0.295,0.058,-0.17,0.538,0.492,0.704,0.606,-0.532,0.887,0.55,0.029,0.644,0.487,-0.248,0.104,-0.553,0.513,-0.428,-0.252,0.378,0.465,-0.525,0.273,0.245,-0.468,0.682,-0.425,0.741,0.735,0.254,-0.003,-0.399,0.723,0.438,0.46,0.657,0.54,0.224,0.517,-0.022,-0.09,0.627,0.454,0.308,0.484,0.746,-0.649,0.481,0.768,0.652,0.291,0.351,0.689,0.298,0.285,0.31,0.727,-0.075,0.301,0.772,0.612,0.487,0.858,-0.14,0.679,0.666,-0.034,0.351,0.539,0.279,0.709,0.767,-0.128,0.378,0.627,0.519,0.443,0.612,0.631,0.466,0.372,0.476,0.513,0.394,0.461,0.522,0.583,-0.297,-0.132,0.556,-0.132,0.087,-0.374,0.506,0.662,0.688,0.6,-0.036,-0.37,0.511,0.338,0.739,0.682,0.359,0.418,0.618,0.336,0.533,0.464,-0.401,0.376,0.44,0.804,0.649,0.341,-0.245,0.561,-0.272,0.391,0.717,0.64,0.73,0.762,0.578,0.71,0.495,-0.062,0.168,-0.458,0.396,0.826,-0.289,0.52,-0.12,0.52,0.428,0.261,0.59,0.26,0.393,-0.492,0.751,0.314,0.618,0.646,0.152,0.705,-0.478,0.409,0.577,0.293,0.553,0.383,0.607,0.616
ARDX,-0.57,-0.37,-0.367,-0.273,-0.515,0.462,0.747,0.113,0.695,-0.307,-0.444,-0.364,0.774,-0.347,0.752,-0.586,-0.321,1.0,-0.585,0.068,-0.612,0.481,0.051,-0.413,-0.534,-0.401,-0.575,0.665,0.521,0.014,-0.501,-0.079,-0.224,-0.308,-0.569,0.671,0.68,-0.067,-0.709,0.755,-0.292,-0.302,-0.496,0.287,-0.091,-0.316,0.497,0.727,-0.282,-0.35,-0.573,-0.315,0.686,-0.529,-0.574,0.498,-0.477,-0.223,0.662,-0.548,0.47,0.213,0.69,0.577,-0.565,0.049,0.787,-0.439,-0.315,0.22,-0.207,0.7,-0.18,-0.596,0.136,0.014,0.551,-0.385,-0.03,-0.129,-0.45,-0.571,-0.446,-0.348,0.558,-0.324,-0.419,-0.599,0.297,-0.548,-0.247,0.602,-0.583,-0.542,-0.238,-0.186,-0.488,-0.571,-0.462,-0.513,0.076,-0.461,-0.096,-0.601,-0.615,-0.432,-0.081,-0.546,-0.069,-0.449,-0.63,-0.116,-0.177,-0.131,0.256,-0.569,-0.471,0.644,-0.025,-0.518,-0.301,-0.435,-0.517,-0.227,-0.265,-0.289,-0.634,-0.342,-0.345,-0.592,-0.291,-0.225,0.372,0.623,-0.234,0.64,0.41,0.822,-0.51,-0.615,-0.458,-0.556,0.567,0.74,-0.629,-0.324,-0.53,-0.506,-0.57,-0.562,-0.387,-0.154,-0.38,-0.089,0.692,-0.683,-0.529,-0.465,-0.528,-0.164,0.563,-0.584,0.715,-0.469,-0.399,-0.538,-0.597,-0.509,-0.46,-0.456,-0.567,0.204,-0.619,0.644,0.055,-0.537,0.491,-0.603,0.722,-0.522,-0.46,-0.313,-0.672,-0.656,-0.187,0.625,-0.544,0.444,-0.529,-0.402,-0.319,-0.462,0.723,-0.563,-0.573,-0.56,-0.668,-0.453,-0.583,-0.546
ATER,0.786,0.643,0.507,0.427,0.589,-0.129,-0.718,0.171,-0.523,0.505,0.649,0.467,-0.647,0.557,-0.513,0.706,0.488,-0.585,1.0,0.335,0.692,-0.17,-0.023,0.574,0.567,0.573,0.745,-0.492,-0.24,0.318,0.659,0.403,0.476,0.496,0.848,-0.473,-0.467,0.353,0.642,-0.416,0.328,0.513,0.717,-0.141,0.173,0.504,-0.238,-0.351,0.526,0.52,0.791,0.358,-0.515,0.612,0.722,-0.326,0.65,0.404,-0.361,0.586,-0.548,-0.025,-0.642,-0.632,0.716,0.13,-0.574,0.624,0.56,-0.096,0.342,-0.307,0.404,0.674,-0.049,0.151,-0.312,0.573,0.336,0.377,0.641,0.777,0.502,0.511,-0.272,0.439,0.658,0.694,-0.021,0.759,0.398,-0.662,0.783,0.618,0.298,-0.079,0.708,0.811,0.754,0.637,0.285,0.556,0.286,0.716,0.729,0.58,0.216,0.699,0.24,0.562,0.725,0.08,0.539,0.397,-0.019,0.823,0.761,-0.344,0.235,0.778,0.41,0.679,0.683,0.542,0.54,0.444,0.659,0.538,0.63,0.608,0.556,0.513,-0.301,-0.445,0.355,-0.339,-0.297,-0.704,0.776,0.735,0.649,0.514,-0.17,-0.457,0.745,0.414,0.621,0.711,0.729,0.681,0.594,0.533,0.451,0.469,-0.484,0.668,0.777,0.667,0.802,0.399,-0.365,0.785,-0.656,0.704,0.698,0.73,0.682,0.628,0.725,0.701,0.869,0.011,0.699,-0.444,0.306,0.587,-0.38,0.828,-0.538,0.704,0.658,0.513,0.813,0.639,0.526,-0.38,0.644,-0.223,0.743,0.658,0.657,0.809,-0.714,0.795,0.633,0.759,0.767,0.636,0.677,0.647
ATOS,0.3,0.549,0.332,0.533,0.443,0.329,-0.063,0.568,0.053,0.437,0.564,0.382,0.003,0.422,0.214,0.45,0.233,0.068,0.335,1.0,0.109,0.391,0.37,0.385,0.302,0.467,0.343,-0.069,0.502,0.692,0.374,0.457,0.321,0.46,0.526,0.122,0.326,0.333,0.191,0.242,0.039,0.321,0.522,0.223,0.341,0.427,0.084,0.314,0.41,0.565,0.44,0.317,0.04,0.22,0.31,0.324,0.424,0.312,0.423,0.063,0.075,0.327,-0.031,0.081,0.304,0.329,0.139,0.281,0.447,0.354,0.275,0.19,0.356,0.281,-0.033,0.415,0.428,0.077,0.681,0.677,0.407,0.329,0.215,0.623,0.369,0.285,0.587,0.407,0.477,0.362,0.321,0.027,0.291,0.272,0.17,-0.262,0.39,0.458,0.543,0.364,0.731,0.33,0.437,0.331,0.204,0.474,0.423,0.25,0.249,0.281,0.292,0.226,0.562,0.56,0.627,0.414,0.346,0.395,0.522,0.463,0.314,0.627,0.362,0.364,0.636,0.573,0.209,0.478,0.508,0.333,0.465,0.526,0.357,0.269,0.591,0.252,0.255,0.059,0.269,0.309,0.455,0.036,0.55,0.035,0.281,0.455,0.389,0.523,0.217,0.412,0.478,0.752,0.354,0.448,0.323,0.27,0.489,0.359,0.348,0.679,0.11,0.347,0.194,0.478,0.463,0.431,0.258,0.291,0.472,0.445,0.44,0.363,0.291,0.147,0.704,0.368,0.34,0.274,0.189,0.489,0.554,0.373,0.214,0.06,0.586,0.037,0.273,0.378,0.356,0.363,0.414,0.344,-0.081,0.364,0.098,0.361,0.431,0.333,0.28,0.282
AUPH,0.628,0.456,0.52,0.202,0.465,-0.417,-0.65,0.211,-0.676,0.256,0.515,0.398,-0.556,0.367,-0.643,0.479,0.273,-0.612,0.692,0.109,1.0,-0.229,-0.117,0.426,0.512,0.408,0.556,-0.576,-0.375,0.046,0.667,0.179,0.331,0.335,0.682,-0.612,-0.59,0.317,0.609,-0.563,0.192,0.416,0.568,-0.326,0.219,0.464,-0.272,-0.344,0.291,0.408,0.56,0.177,-0.498,0.44,0.66,-0.474,0.632,0.367,-0.492,0.806,-0.508,-0.228,-0.584,-0.688,0.628,-0.109,-0.51,0.592,0.599,0.079,0.227,-0.359,0.174,0.522,-0.254,-0.085,-0.469,0.503,0.073,0.143,0.613,0.65,0.634,0.358,-0.323,0.687,0.49,0.581,-0.191,0.604,0.205,-0.483,0.622,0.454,0.15,-0.045,0.745,0.632,0.633,0.567,0.194,0.526,0.391,0.593,0.568,0.434,0.022,0.61,0.463,0.39,0.59,0.08,0.402,0.162,-0.198,0.517,0.551,-0.485,0.196,0.517,0.24,0.548,0.521,0.373,0.386,0.33,0.754,0.479,0.542,0.524,0.393,0.346,-0.121,-0.534,0.188,-0.421,-0.448,-0.547,0.632,0.581,0.344,0.62,-0.33,-0.541,0.649,0.299,0.46,0.482,0.893,0.599,0.424,0.429,0.307,0.36,-0.562,0.65,0.635,0.516,0.566,0.21,-0.57,0.766,-0.533,0.661,0.442,0.478,0.562,0.505,0.553,0.464,0.678,0.033,0.65,-0.446,0.168,0.368,-0.429,0.639,-0.646,0.536,0.518,0.522,0.722,0.901,0.223,-0.352,0.548,-0.317,0.75,0.608,0.621,0.635,-0.638,0.607,0.788,0.717,0.633,0.634,0.745,0.625
AVGO,0.076,0.175,-0.023,0.148,0.119,0.169,0.458,0.293,0.352,-0.124,0.16,0.149,0.496,0.199,0.439,-0.065,-0.039,0.481,-0.17,0.391,-0.229,1.0,0.205,-0.114,-0.089,0.045,-0.061,0.272,0.38,0.301,-0.026,0.169,0.0,0.267,0.019,0.438,0.358,0.263,-0.202,0.664,-0.1,0.218,-0.013,0.272,0.303,0.192,0.483,0.666,0.154,0.164,-0.08,-0.056,0.434,-0.202,0.032,0.678,-0.026,0.292,0.5,-0.187,0.21,0.257,0.423,0.237,0.079,0.075,0.571,0.063,0.233,0.376,0.033,0.427,0.15,-0.063,0.045,0.064,0.343,-0.176,0.409,0.367,0.016,0.007,0.095,0.134,0.716,0.09,0.018,-0.154,0.319,-0.059,-0.089,0.462,0.026,-0.054,0.089,-0.202,0.043,0.012,0.148,0.115,0.358,-0.043,0.465,-0.082,-0.067,0.211,0.284,-0.14,0.144,0.025,-0.174,0.323,0.545,0.38,0.438,-0.09,-0.005,0.489,0.508,-0.01,-0.184,0.211,0.001,0.05,0.13,0.341,-0.098,0.183,0.258,-0.083,-0.012,0.296,0.558,0.312,0.048,0.253,0.372,0.453,0.051,-0.102,-0.001,-0.026,0.446,0.261,-0.009,0.251,-0.031,-0.006,-0.118,-0.141,0.158,0.232,-0.045,0.265,0.455,-0.095,0.008,0.054,-0.119,0.119,0.335,-0.073,0.509,-0.004,0.132,-0.138,-0.187,-0.06,-0.041,0.067,-0.008,0.514,-0.034,0.484,0.436,-0.107,0.701,0.025,0.347,-0.125,0.042,0.209,-0.18,-0.234,0.278,0.521,-0.001,0.326,-0.007,-0.04,-0.035,-0.046,0.39,0.087,-0.295,0.036,-0.12,0.065,-0.119,-0.124
AZN,0.211,-0.083,0.205,0.128,0.169,0.029,0.02,-0.052,-0.065,-0.18,0.238,0.281,-0.032,0.422,0.041,0.066,-0.191,0.051,-0.023,0.37,-0.117,0.205,1.0,-0.222,0.22,-0.072,-0.038,-0.036,0.253,0.147,-0.047,-0.213,0.067,0.381,0.02,-0.02,0.07,-0.148,0.013,0.306,-0.128,0.454,0.318,0.466,0.133,0.198,-0.318,0.193,0.269,0.276,0.025,0.174,0.284,-0.168,0.154,0.266,-0.051,-0.1,0.259,0.064,0.438,0.002,0.041,0.268,0.288,-0.136,0.174,0.342,0.34,0.44,-0.317,0.09,0.01,-0.047,-0.029,0.298,0.189,-0.27,0.402,0.406,0.048,0.166,0.245,0.387,0.437,0.372,0.094,-0.053,0.009,0.098,-0.279,0.266,0.225,-0.11,-0.095,-0.293,0.312,0.018,0.159,0.399,0.331,0.029,0.437,0.167,-0.145,0.217,0.14,-0.172,0.001,0.15,-0.146,0.544,0.271,0.344,0.307,0.04,-0.055,0.056,0.448,0.145,-0.361,0.246,-0.033,0.036,0.351,0.455,-0.071,0.355,0.327,0.27,0.131,0.225,0.371,-0.073,0.118,-0.102,0.233,0.211,0.159,-0.098,0.172,-0.23,0.195,-0.048,0.06,0.487,-0.078,0.055,-0.077,0.154,0.11,0.316,0.187,0.307,0.252,0.179,0.124,-0.062,0.012,0.157,-0.069,0.139,0.284,0.049,0.14,-0.025,-0.218,-0.164,0.026,-0.055,-0.011,0.443,0.29,0.091,0.183,-0.09,0.469,0.177,0.122,-0.021,0.051,0.294,0.043,-0.129,0.366,-0.028,-0.073,0.166,-0.07,0.211,0.147,-0.077,-0.04,0.227,-0.267,0.149,0.086,0.252,-0.084,-0.067
BCRX,0.245,0.626,0.228,0.401,0.357,0.249,-0.349,0.624,-0.278,0.574,0.442,0.197,-0.301,0.202,-0.254,0.469,0.281,-0.413,0.574,0.385,0.426,-0.114,-0.222,1.0,0.316,0.455,0.45,-0.266,-0.007,0.445,0.609,0.439,0.13,0.217,0.656,-0.189,-0.165,0.459,0.305,-0.341,0.143,0.022,0.456,-0.319,0.312,0.465,-0.024,-0.243,0.159,0.506,0.491,0.226,-0.411,0.403,0.291,-0.334,0.507,0.405,-0.134,0.215,-0.389,0.07,-0.235,-0.295,0.312,0.222,-0.321,0.195,0.257,-0.034,0.451,-0.144,0.13,0.434,0.033,0.048,0.01,0.319,0.237,0.285,0.455,0.324,0.268,0.372,-0.273,0.212,0.568,0.698,0.228,0.5,0.435,-0.368,0.209,0.411,0.343,-0.032,0.326,0.457,0.629,0.282,0.305,0.375,0.096,0.34,0.378,0.417,0.173,0.431,0.424,0.224,0.554,-0.199,0.221,0.163,0.13,0.429,0.447,-0.032,0.013,0.457,0.518,0.518,0.484,0.197,0.329,0.296,0.594,0.239,0.251,0.377,0.377,0.197,-0.157,-0.013,0.416,0.092,-0.177,-0.483,0.212,0.544,0.243,0.387,0.047,-0.214,0.489,0.151,0.454,0.452,0.449,0.555,0.47,0.419,0.304,0.209,-0.167,0.245,0.528,0.439,0.39,0.508,-0.022,0.365,-0.351,0.704,0.288,0.516,0.486,0.49,0.512,0.55,0.582,-0.194,0.352,-0.066,0.518,0.413,-0.304,0.267,-0.321,0.629,0.693,0.315,0.336,0.33,0.274,-0.014,0.5,-0.216,0.46,0.226,0.413,0.396,-0.266,0.381,0.369,0.5,0.565,0.302,0.412,0.428
BGC,0.63,0.601,0.468,0.655,0.763,-0.376,-0.612,0.199,-0.662,0.239,0.793,0.692,-0.544,0.479,-0.498,0.743,0.573,-0.534,0.567,0.302,0.512,-0.089,0.22,0.316,1.0,0.528,0.57,-0.796,-0.287,0.229,0.636,0.338,0.599,0.688,0.637,-0.583,-0.497,0.548,0.71,-0.377,0.561,0.653,0.68,-0.045,0.539,0.559,-0.396,-0.282,0.68,0.703,0.711,0.591,-0.46,0.623,0.695,-0.069,0.682,0.441,-0.375,0.514,-0.466,0.296,-0.539,-0.27,0.632,0.162,-0.505,0.534,0.562,-0.299,0.38,-0.483,0.498,0.588,0.018,0.049,-0.488,0.59,0.505,0.57,0.781,0.759,0.516,0.75,0.034,0.398,0.61,0.644,0.134,0.598,0.371,-0.496,0.639,0.548,0.419,0.291,0.618,0.724,0.575,0.686,0.415,0.832,0.33,0.525,0.67,0.789,0.461,0.636,0.075,0.749,0.539,0.187,0.515,0.625,0.23,0.673,0.64,-0.378,0.525,0.683,0.216,0.583,0.515,0.618,0.564,0.714,0.752,0.581,0.658,0.715,0.579,0.722,-0.19,-0.4,0.627,-0.242,0.016,-0.435,0.669,0.569,0.692,0.62,-0.223,-0.642,0.694,0.706,0.611,0.65,0.578,0.598,0.69,0.519,0.627,0.689,-0.414,0.561,0.672,0.628,0.652,0.409,-0.4,0.717,-0.28,0.652,0.744,0.625,0.634,0.573,0.58,0.597,0.567,0.052,0.655,-0.489,0.389,0.65,-0.114,0.666,-0.369,0.588,0.536,0.467,0.64,0.473,0.506,-0.577,0.738,0.142,0.721,0.72,0.49,0.658,-0.567,0.58,0.537,0.551,0.802,0.593,0.639,0.687
BIDU,0.552,0.763,0.354,0.698,0.7,-0.191,-0.568,0.234,-0.323,0.659,0.627,0.519,-0.317,0.47,-0.322,0.792,0.749,-0.401,0.573,0.467,0.408,0.045,-0.072,0.455,0.528,1.0,0.916,-0.572,-0.091,0.509,0.63,0.782,0.663,0.525,0.632,-0.293,-0.254,0.457,0.709,-0.328,0.393,0.352,0.651,0.021,0.32,0.409,-0.055,-0.23,0.492,0.591,0.74,0.594,-0.575,0.78,0.602,-0.006,0.686,0.5,-0.241,0.233,-0.463,0.368,-0.537,-0.324,0.412,0.374,-0.485,0.334,0.448,-0.156,0.732,-0.338,0.607,0.918,0.141,0.164,-0.348,0.561,0.481,0.516,0.665,0.529,0.309,0.559,-0.015,0.132,0.841,0.619,0.295,0.597,0.836,-0.533,0.547,0.924,0.542,0.072,0.427,0.737,0.475,0.305,0.47,0.611,0.164,0.523,0.724,0.664,0.485,0.809,0.051,0.561,0.893,0.192,0.541,0.516,0.398,0.712,0.829,-0.168,0.342,0.746,0.656,0.677,0.891,0.639,0.627,0.548,0.525,0.617,0.494,0.538,0.631,0.61,-0.048,-0.241,0.699,-0.212,0.001,-0.384,0.521,0.911,0.645,0.547,-0.007,-0.455,0.605,0.453,0.785,0.752,0.502,0.582,0.704,0.571,0.567,0.467,-0.387,0.575,0.564,0.898,0.661,0.448,-0.362,0.594,-0.341,0.532,0.655,0.819,0.634,0.914,0.822,0.929,0.672,0.0,0.284,-0.524,0.518,0.809,-0.284,0.538,-0.2,0.69,0.677,0.333,0.557,0.377,0.509,-0.491,0.658,0.176,0.61,0.65,0.307,0.74,-0.525,0.537,0.605,0.465,0.638,0.51,0.732,0.627
BILI,0.741,0.716,0.412,0.595,0.724,-0.322,-0.745,0.085,-0.489,0.585,0.666,0.57,-0.512,0.579,-0.548,0.795,0.69,-0.575,0.745,0.343,0.556,-0.061,-0.038,0.45,0.57,0.916,1.0,-0.624,-0.269,0.368,0.644,0.672,0.623,0.542,0.727,-0.478,-0.488,0.372,0.785,-0.424,0.387,0.458,0.717,-0.043,0.262,0.474,-0.178,-0.343,0.521,0.57,0.783,0.546,-0.639,0.773,0.726,-0.172,0.662,0.467,-0.42,0.405,-0.547,0.151,-0.706,-0.543,0.593,0.165,-0.631,0.491,0.539,-0.143,0.613,-0.458,0.525,0.967,0.121,0.134,-0.48,0.6,0.389,0.43,0.658,0.661,0.427,0.515,-0.125,0.294,0.807,0.641,0.078,0.683,0.699,-0.655,0.739,0.937,0.447,0.007,0.588,0.801,0.575,0.475,0.314,0.597,0.227,0.653,0.8,0.668,0.345,0.837,0.064,0.592,0.93,0.254,0.588,0.484,0.161,0.81,0.888,-0.405,0.32,0.819,0.535,0.701,0.939,0.638,0.587,0.56,0.597,0.647,0.578,0.623,0.618,0.582,-0.154,-0.462,0.54,-0.452,-0.194,-0.573,0.666,0.969,0.7,0.592,-0.206,-0.617,0.722,0.48,0.769,0.765,0.629,0.659,0.688,0.494,0.561,0.461,-0.577,0.731,0.678,0.897,0.724,0.334,-0.476,0.713,-0.539,0.582,0.721,0.846,0.685,0.914,0.846,0.929,0.808,0.043,0.475,-0.637,0.361,0.781,-0.387,0.727,-0.414,0.708,0.674,0.451,0.714,0.532,0.508,-0.553,0.67,-0.074,0.686,0.725,0.409,0.801,-0.713,0.681,0.65,0.596,0.712,0.608,0.765,0.647
BKR,-0.497,-0.507,-0.471,-0.591,-0.634,0.604,0.652,0.026,0.713,-0.324,-0.594,-0.65,0.602,-0.346,0.692,-0.66,-0.519,0.665,-0.492,-0.069,-0.576,0.272,-0.036,-0.266,-0.796,-0.572,-0.624,1.0,0.499,-0.071,-0.678,-0.36,-0.661,-0.584,-0.543,0.75,0.643,-0.429,-0.762,0.653,-0.503,-0.423,-0.62,0.137,-0.297,-0.44,0.553,0.599,-0.564,-0.571,-0.635,-0.664,0.713,-0.681,-0.677,0.261,-0.656,-0.395,0.605,-0.527,0.636,-0.257,0.695,0.316,-0.464,-0.087,0.737,-0.408,-0.444,0.39,-0.422,0.587,-0.396,-0.67,0.047,-0.025,0.705,-0.54,-0.232,-0.354,-0.723,-0.625,-0.394,-0.595,0.13,-0.31,-0.524,-0.647,-0.072,-0.67,-0.465,0.635,-0.511,-0.656,-0.317,-0.312,-0.478,-0.614,-0.363,-0.47,-0.242,-0.748,-0.126,-0.528,-0.611,-0.664,-0.482,-0.644,0.006,-0.697,-0.638,-0.12,-0.399,-0.408,-0.061,-0.594,-0.61,0.55,-0.287,-0.627,-0.367,-0.479,-0.578,-0.669,-0.461,-0.526,-0.752,-0.463,-0.488,-0.64,-0.587,-0.526,0.299,0.578,-0.555,0.411,0.058,0.52,-0.562,-0.65,-0.596,-0.64,0.419,0.79,-0.774,-0.569,-0.618,-0.603,-0.616,-0.627,-0.641,-0.381,-0.645,-0.476,0.597,-0.539,-0.634,-0.585,-0.565,-0.281,0.657,-0.618,0.479,-0.581,-0.592,-0.637,-0.592,-0.66,-0.617,-0.576,-0.56,0.211,-0.492,0.755,-0.234,-0.647,0.416,-0.534,0.504,-0.594,-0.557,-0.306,-0.568,-0.577,-0.37,0.739,-0.709,0.02,-0.642,-0.599,-0.385,-0.601,0.677,-0.554,-0.702,-0.43,-0.715,-0.565,-0.724,-0.734
BLDP,-0.251,0.003,0.164,0.053,-0.206,0.62,0.55,0.375,0.578,0.105,-0.056,-0.035,0.529,-0.057,0.714,-0.155,-0.156,0.521,-0.24,0.502,-0.375,0.38,0.253,-0.007,-0.287,-0.091,-0.269,0.499,1.0,0.593,-0.253,0.081,-0.117,-0.077,-0.155,0.569,0.87,-0.002,-0.453,0.584,-0.319,-0.132,-0.139,0.433,-0.11,-0.091,0.231,0.558,-0.068,-0.028,-0.14,-0.068,0.509,-0.211,-0.191,0.391,-0.011,-0.164,0.917,-0.436,0.435,0.364,0.577,0.499,-0.271,0.339,0.541,-0.224,-0.205,0.385,-0.105,0.686,0.143,-0.268,0.085,0.324,0.853,-0.38,0.379,0.316,-0.117,-0.26,-0.272,0.158,0.441,-0.065,0.086,-0.214,0.418,-0.172,0.002,0.383,-0.277,-0.259,-0.062,-0.352,-0.13,-0.192,-0.031,-0.216,0.519,-0.173,0.098,-0.29,-0.369,-0.123,0.233,-0.298,-0.106,-0.214,-0.28,0.038,0.079,0.149,0.662,-0.141,-0.289,0.834,0.079,-0.164,0.019,-0.017,-0.182,-0.103,0.174,-0.024,-0.433,-0.059,-0.016,-0.256,0.131,0.087,0.447,0.748,0.196,0.633,0.563,0.518,-0.362,-0.297,-0.067,-0.464,0.954,0.646,-0.375,0.008,-0.11,-0.075,-0.353,-0.263,-0.043,0.348,-0.101,-0.064,0.826,-0.313,-0.21,-0.211,-0.151,0.403,0.568,-0.153,0.531,-0.211,-0.125,-0.161,-0.319,-0.303,-0.176,-0.138,-0.23,0.178,-0.305,0.496,0.408,-0.146,0.479,-0.327,0.687,-0.12,-0.109,-0.149,-0.354,-0.418,0.229,0.394,-0.307,0.482,-0.278,-0.106,-0.024,-0.303,0.445,-0.301,-0.294,-0.276,-0.287,-0.277,-0.158,-0.263
BLNK,0.197,0.599,0.441,0.632,0.363,0.391,-0.051,0.566,0.221,0.578,0.425,0.347,0.015,0.361,0.201,0.506,0.425,0.014,0.318,0.692,0.046,0.301,0.147,0.445,0.229,0.509,0.368,-0.071,0.593,1.0,0.3,0.532,0.299,0.433,0.395,0.085,0.372,0.311,0.174,0.105,0.007,0.206,0.396,0.334,0.134,0.272,0.037,0.228,0.391,0.414,0.451,0.39,-0.077,0.491,0.307,0.212,0.443,0.319,0.47,-0.085,-0.015,0.496,0.029,0.125,0.152,0.399,-0.063,0.067,0.167,0.169,0.344,0.228,0.443,0.402,0.019,0.467,0.403,0.088,0.702,0.701,0.378,0.213,0.016,0.597,0.239,0.118,0.574,0.404,0.554,0.358,0.461,-0.109,0.154,0.402,0.237,-0.193,0.216,0.349,0.388,0.17,0.648,0.388,0.223,0.252,0.209,0.474,0.559,0.388,0.004,0.247,0.355,0.149,0.467,0.516,0.674,0.423,0.355,0.413,0.304,0.449,0.428,0.523,0.447,0.365,0.54,0.411,0.135,0.356,0.421,0.228,0.549,0.468,0.18,0.32,0.591,0.265,0.411,-0.036,0.111,0.348,0.376,0.061,0.611,0.074,0.251,0.349,0.431,0.5,0.083,0.295,0.466,0.634,0.413,0.285,0.306,0.165,0.339,0.435,0.39,0.739,0.17,0.268,0.092,0.316,0.362,0.433,0.238,0.401,0.387,0.507,0.336,0.093,0.094,0.012,0.666,0.442,0.222,0.151,0.169,0.471,0.523,0.127,0.188,-0.031,0.627,0.011,0.351,0.314,0.228,0.341,0.333,0.286,-0.145,0.271,0.208,0.152,0.299,0.14,0.332,0.223
BYND,0.565,0.721,0.391,0.521,0.581,-0.297,-0.534,0.417,-0.618,0.401,0.649,0.542,-0.453,0.451,-0.5,0.631,0.481,-0.501,0.659,0.374,0.667,-0.026,-0.047,0.609,0.636,0.63,0.644,-0.678,-0.253,0.3,1.0,0.468,0.469,0.558,0.721,-0.484,-0.41,0.593,0.556,-0.425,0.289,0.444,0.676,-0.209,0.393,0.61,-0.218,-0.316,0.481,0.71,0.633,0.431,-0.555,0.579,0.605,-0.233,0.725,0.57,-0.347,0.492,-0.567,0.278,-0.538,-0.43,0.59,0.172,-0.473,0.534,0.586,-0.023,0.431,-0.354,0.346,0.635,-0.124,0.031,-0.339,0.543,0.341,0.446,0.722,0.635,0.573,0.598,-0.042,0.432,0.619,0.689,0.148,0.795,0.422,-0.478,0.537,0.587,0.429,-0.024,0.626,0.663,0.709,0.568,0.463,0.666,0.401,0.504,0.604,0.703,0.384,0.662,0.504,0.615,0.656,0.094,0.509,0.414,0.157,0.578,0.624,-0.264,0.372,0.657,0.38,0.75,0.627,0.513,0.521,0.583,0.805,0.612,0.526,0.639,0.535,0.535,0.041,-0.332,0.465,-0.138,-0.13,-0.517,0.615,0.689,0.447,0.654,-0.153,-0.584,0.757,0.543,0.548,0.654,0.734,0.723,0.741,0.623,0.499,0.494,-0.409,0.498,0.734,0.634,0.637,0.396,-0.465,0.639,-0.35,0.848,0.622,0.592,0.633,0.64,0.706,0.688,0.696,-0.021,0.552,-0.363,0.569,0.548,-0.336,0.591,-0.384,0.672,0.733,0.536,0.626,0.593,0.461,-0.326,0.753,-0.076,0.738,0.552,0.523,0.654,-0.449,0.66,0.594,0.745,0.717,0.675,0.689,0.888
