,AAL,AAPL,ABUS,ADBE,ADI,ADMA,AEP,AGNC,AKBA,ALT,AMAT,AMD,AMGN,AMZN,APA,APPS,ARCC,ARDX,ATER,ATOS,AUPH,AVGO,AZN,BCRX,BGC,BIDU,BILI,BKR,BLDP,BLNK,BYND,CAN,CELH,CG,CGC,CHRD,CLNE,CMCSA,COMM,COST,CPB,CPRT,CRON,CRWD,CSCO,CSGP,CSX,CTSH,CZR,DBX,DDOG,DKNG,DLTR,DOCU,DVAX,DXCM,EA,EBAY,ENPH,ERIC,ESPR,ETSY,EXC,EXEL,EXPE,FANG,FAST,FITB,FLEX,FOLD,FOXA,FSLR,FTNT,FUTU,GEN,GERN,GEVO,GILD,GOOG,GOOGL,GPRO,GT,HBAN,HIVE,HON,HST,HUT,IBRX,INTC,IOVA,IQ,IRWD,JBLU,JD,KDP,KHC,LBTYK,LRCX,LYFT,MAR,MARA,MAT,MCHP,MCRB,MDLZ,META,MGNI,MLCO,MNKD,MNST,MOMO,MRNA,MRVL,MSFT,MSTR,MTCH,MU,MVIS,NDAQ,NFLX,NKTR,NNDM,NTES,NTNX,NVAX,NVDA,NWL,NWSA,NXPI,OCGN,OKTA,ON,OPK,PAA,PACB,PAGP,PANW,PARA,PCAR,PDD,PENN,PEP,PLUG,PTEN,PTON,PYPL,QCOM,QUBT,QVCGA,RDFN,REAL,RIOT,ROKU,ROST,RUN,SABR,SAVA,SBUX,SFIX,SGMO,SIRI,SLM,SMCI,SNDL,SONO,STNE,STX,TCOM,TGTX,TIGR,TLRY,TMUS,TRIP,TSCO,TSLA,TTD,TXN,UAL,UNIT,VERU,VKTX,VLY,VOD,VTRS,VXRT,WBA,WBD,WDAY,WDC,WEN,WW,WYNN,XEL,XP,XRAY,XRX,Z,ZION,ZM,ZS
AAL,1.0,0.165,-0.486,-0.368,0.187,0.235,0.653,0.682,-0.275,-0.335,0.262,-0.196,0.486,-0.299,0.53,-0.261,0.639,-0.456,-0.331,-0.511,-0.214,-0.068,0.079,0.18,0.142,0.447,-0.464,0.642,-0.291,-0.435,0.074,-0.126,-0.369,0.011,-0.196,0.541,-0.024,0.585,0.144,-0.132,0.46,-0.177,-0.314,-0.39,0.116,-0.361,0.41,0.423,-0.007,-0.15,-0.393,-0.281,0.276,-0.351,-0.43,-0.39,0.095,0.225,-0.366,0.547,-0.468,-0.433,0.586,-0.157,0.674,0.602,-0.094,0.652,0.461,-0.119,0.548,-0.209,-0.354,0.074,0.509,-0.515,-0.409,-0.103,-0.271,-0.231,0.217,0.692,0.642,-0.278,0.613,0.692,-0.413,0.057,0.608,-0.42,-0.166,0.297,0.8,0.015,0.541,0.612,0.245,0.13,0.611,0.622,-0.368,0.675,0.07,0.003,0.612,-0.135,-0.355,0.159,-0.293,0.397,0.369,-0.528,-0.068,-0.2,-0.468,0.023,0.626,-0.458,-0.287,-0.331,-0.296,-0.303,0.465,-0.069,-0.511,-0.111,0.646,0.5,0.255,-0.52,-0.365,0.377,-0.142,0.645,-0.348,0.632,-0.279,0.594,0.659,-0.142,-0.049,0.615,-0.286,0.583,-0.424,0.154,0.415,-0.445,0.624,-0.348,0.402,-0.361,-0.364,-0.029,0.099,0.735,0.61,-0.061,-0.016,-0.473,-0.343,0.591,0.541,-0.16,0.131,0.309,0.403,0.617,-0.099,-0.488,-0.372,-0.441,0.686,0.24,0.472,-0.357,-0.049,0.895,-0.091,-0.306,-0.368,0.704,0.472,0.552,-0.401,0.633,0.579,-0.491,0.519,0.568,-0.252,0.201,0.587,-0.124,0.489,0.645,-0.271,0.684,-0.419,-0.385
AAPL,0.165,1.0,0.186,0.69,0.857,0.037,-0.046,0.507,0.216,0.298,0.559,0.75,0.096,0.695,-0.024,0.602,0.205,0.146,0.256,0.083,0.616,0.778,0.371,0.053,0.69,-0.271,0.312,-0.099,0.532,0.469,-0.135,0.241,0.613,0.814,0.493,0.108,0.556,0.331,0.683,0.677,-0.223,0.753,0.133,0.475,0.778,0.654,0.574,0.721,0.667,0.718,0.615,0.278,0.491,0.641,0.325,0.44,0.533,0.642,0.612,0.094,0.346,0.515,0.365,0.617,0.56,-0.068,0.727,-0.144,0.785,0.522,-0.153,0.649,0.672,-0.042,0.063,0.229,0.408,0.69,0.709,0.764,0.504,0.201,-0.137,0.582,-0.004,0.411,0.473,0.445,0.028,0.504,-0.29,0.625,0.103,-0.305,-0.115,-0.06,0.591,0.712,0.601,0.668,0.473,0.068,0.834,0.567,0.024,0.792,0.539,0.38,0.462,0.677,-0.233,0.215,0.77,0.763,0.545,0.768,0.354,0.47,0.664,0.579,0.435,0.24,0.094,0.692,0.03,0.833,-0.133,0.495,0.838,0.074,0.603,0.842,0.638,-0.118,0.394,-0.091,0.655,-0.149,-0.009,-0.077,0.636,0.182,0.623,-0.043,0.084,0.732,0.589,0.347,0.331,0.494,0.533,0.529,0.498,0.767,0.672,0.045,0.161,0.652,0.56,0.433,0.414,0.081,0.427,0.393,0.527,0.543,0.701,0.322,0.692,0.324,0.266,0.381,0.27,0.778,0.737,0.613,0.808,0.134,0.678,0.282,0.435,-0.02,-0.157,-0.052,0.177,0.135,-0.249,0.468,0.283,0.474,0.321,0.237,-0.056,0.309,0.66,0.216,0.677,-0.064,0.262,0.6
ABUS,-0.486,0.186,1.0,0.549,0.103,-0.166,-0.742,-0.387,0.713,0.753,-0.318,0.313,-0.718,0.615,-0.819,0.561,-0.747,0.874,0.651,0.813,0.59,0.549,-0.371,-0.459,0.327,-0.615,0.681,-0.778,0.637,0.689,-0.056,0.076,0.558,0.309,0.637,-0.675,0.497,-0.671,0.223,0.472,-0.72,0.396,0.584,0.6,0.038,0.493,-0.137,-0.32,0.477,0.326,0.64,0.592,0.225,0.66,0.471,0.625,-0.033,0.166,0.695,-0.759,0.73,0.643,-0.551,0.585,-0.337,-0.746,0.382,-0.767,-0.246,0.385,-0.712,0.759,0.426,-0.388,-0.661,0.719,0.748,0.278,0.47,0.453,0.194,-0.696,-0.794,0.511,-0.761,-0.575,0.686,0.204,-0.772,0.643,-0.014,0.076,-0.604,-0.266,-0.815,-0.71,-0.112,-0.023,-0.187,-0.25,0.602,-0.626,0.284,0.598,-0.743,0.272,0.725,-0.179,0.633,0.071,-0.405,0.808,0.438,0.45,0.615,0.542,-0.48,0.688,0.502,0.639,0.76,0.741,-0.468,0.54,0.831,0.483,-0.714,-0.545,0.036,0.762,0.57,-0.004,0.29,-0.75,0.685,-0.673,0.405,-0.758,-0.701,-0.174,0.556,-0.727,0.707,-0.724,0.702,0.292,-0.397,0.708,-0.506,0.695,0.036,0.65,0.635,0.346,0.503,-0.64,-0.216,0.423,0.361,0.682,0.503,-0.657,-0.434,0.478,0.289,-0.01,-0.176,-0.406,0.506,0.606,0.548,0.598,-0.61,0.06,-0.321,0.59,0.227,-0.595,0.351,0.4,0.717,-0.71,-0.712,-0.725,0.911,-0.783,-0.796,0.59,-0.61,-0.4,0.585,-0.251,-0.702,0.112,-0.108,-0.622,0.695,-0.764,0.888,0.602
ADBE,-0.368,0.69,0.549,1.0,0.585,-0.25,-0.493,-0.028,0.496,0.509,0.239,0.812,-0.302,0.859,-0.457,0.687,-0.258,0.506,0.591,0.464,0.834,0.81,0.229,-0.053,0.562,-0.57,0.771,-0.54,0.73,0.741,0.095,0.282,0.777,0.75,0.679,-0.449,0.561,-0.177,0.431,0.696,-0.588,0.812,0.434,0.826,0.656,0.856,0.165,0.215,0.78,0.831,0.92,0.652,0.268,0.856,0.595,0.776,0.26,0.379,0.898,-0.315,0.604,0.838,-0.135,0.746,0.087,-0.528,0.726,-0.567,0.288,0.504,-0.556,0.796,0.896,-0.109,-0.401,0.655,0.614,0.715,0.939,0.947,0.303,-0.298,-0.576,0.815,-0.41,-0.145,0.737,0.24,-0.405,0.75,-0.027,0.336,-0.317,-0.157,-0.513,-0.525,0.355,0.485,0.201,0.153,0.774,-0.475,0.741,0.62,-0.472,0.737,0.856,0.138,0.71,0.333,-0.449,0.615,0.776,0.886,0.849,0.776,-0.139,0.757,0.836,0.808,0.715,0.483,-0.232,0.804,0.487,0.873,-0.561,0.044,0.565,0.535,0.899,0.442,0.516,-0.561,0.705,-0.584,0.815,-0.568,-0.5,0.111,0.709,-0.329,0.823,-0.457,0.518,0.622,0.19,0.675,-0.275,0.819,0.206,0.78,0.801,0.683,0.637,-0.445,-0.238,0.676,0.512,0.762,0.715,-0.456,-0.158,0.528,0.482,0.238,0.32,-0.219,0.671,0.691,0.648,0.725,-0.27,0.477,0.226,0.911,0.719,-0.413,0.629,0.535,0.769,-0.531,-0.554,-0.511,0.543,-0.392,-0.611,0.841,-0.234,0.034,0.488,0.046,-0.496,0.529,0.184,-0.283,0.773,-0.535,0.615,0.92
ADI,0.187,0.857,0.103,0.585,1.0,0.005,-0.011,0.447,0.18,0.264,0.575,0.707,0.048,0.622,-0.022,0.532,0.265,0.053,0.335,0.018,0.567,0.73,0.262,0.131,0.706,-0.17,0.307,-0.019,0.587,0.395,-0.058,0.185,0.663,0.719,0.438,0.098,0.493,0.287,0.752,0.694,-0.2,0.743,0.126,0.419,0.717,0.681,0.634,0.757,0.617,0.64,0.506,0.349,0.581,0.649,0.263,0.481,0.455,0.583,0.596,0.136,0.337,0.483,0.418,0.531,0.478,-0.026,0.685,-0.089,0.777,0.572,-0.133,0.577,0.57,-0.039,0.079,0.187,0.304,0.656,0.623,0.689,0.582,0.195,-0.07,0.543,0.027,0.37,0.444,0.278,0.068,0.437,-0.207,0.612,0.17,-0.212,-0.045,-0.059,0.443,0.725,0.606,0.606,0.433,0.123,0.843,0.452,0.026,0.718,0.436,0.304,0.394,0.744,-0.161,0.114,0.804,0.715,0.537,0.693,0.353,0.409,0.63,0.527,0.302,0.215,0.101,0.656,-0.026,0.765,-0.109,0.476,0.891,0.017,0.578,0.819,0.514,-0.092,0.423,-0.113,0.633,-0.077,0.004,-0.081,0.566,0.206,0.563,-0.044,0.128,0.772,0.666,0.27,0.233,0.491,0.605,0.512,0.528,0.824,0.631,0.027,0.196,0.698,0.573,0.413,0.362,0.075,0.357,0.296,0.659,0.477,0.732,0.39,0.614,0.274,0.273,0.472,0.273,0.806,0.66,0.606,0.865,0.096,0.625,0.333,0.362,-0.025,-0.176,-0.062,0.099,0.167,-0.137,0.382,0.314,0.492,0.356,0.155,-0.001,0.318,0.6,0.16,0.58,-0.029,0.226,0.508
ADMA,0.235,0.037,-0.166,-0.25,0.005,1.0,0.19,0.166,-0.021,0.168,-0.021,-0.216,0.161,-0.286,0.142,-0.013,0.222,0.019,-0.116,-0.015,-0.15,-0.184,-0.01,-0.014,-0.196,0.368,-0.267,0.18,-0.117,-0.158,-0.308,0.122,-0.192,-0.176,-0.147,0.237,0.094,0.123,0.09,-0.158,0.17,-0.2,0.037,-0.435,-0.136,-0.261,-0.019,0.133,-0.142,-0.236,-0.347,-0.29,-0.02,-0.248,-0.304,-0.404,0.172,0.03,-0.286,0.176,-0.079,-0.365,0.3,-0.222,0.229,0.13,-0.287,0.203,0.261,-0.17,0.165,-0.089,-0.387,0.035,0.168,-0.063,-0.139,-0.22,-0.232,-0.246,-0.087,0.197,0.143,-0.333,0.025,0.215,-0.146,0.359,0.184,-0.322,0.05,0.09,0.08,-0.069,0.175,0.204,-0.014,0.017,0.027,0.017,-0.275,0.275,-0.17,-0.178,0.212,-0.256,-0.23,0.266,-0.194,0.039,0.377,-0.247,-0.174,-0.301,-0.317,-0.12,0.278,-0.159,-0.318,-0.258,-0.369,0.079,0.279,-0.296,-0.24,-0.209,0.243,0.172,-0.067,-0.218,-0.342,0.053,-0.016,0.204,-0.253,0.276,-0.407,0.249,0.238,-0.148,-0.031,0.161,-0.179,0.192,-0.349,-0.14,0.055,-0.111,0.271,-0.297,0.239,-0.26,-0.166,-0.066,-0.005,0.253,0.259,-0.11,-0.232,-0.323,-0.401,0.259,0.405,-0.142,-0.106,0.264,0.046,0.3,-0.045,-0.097,-0.272,-0.423,0.343,0.084,0.204,-0.368,-0.154,0.222,0.173,-0.189,-0.264,0.185,0.163,0.263,-0.204,0.286,0.196,-0.403,0.387,0.217,0.163,0.197,0.247,-0.263,0.11,0.313,-0.049,0.144,-0.278,-0.337
AEP,0.653,-0.046,-0.742,-0.493,-0.011,0.19,1.0,0.552,-0.668,-0.654,0.265,-0.391,0.814,-0.566,0.739,-0.603,0.72,-0.779,-0.659,-0.855,-0.505,-0.358,0.382,0.352,-0.142,0.554,-0.584,0.829,-0.539,-0.689,0.093,-0.09,-0.546,-0.282,-0.529,0.658,-0.436,0.724,-0.126,-0.327,0.871,-0.321,-0.678,-0.533,0.085,-0.47,0.286,0.359,-0.353,-0.316,-0.515,-0.506,-0.027,-0.534,-0.334,-0.626,0.049,0.082,-0.525,0.708,-0.723,-0.556,0.674,-0.442,0.386,0.791,-0.276,0.872,0.413,-0.352,0.821,-0.469,-0.353,0.321,0.79,-0.774,-0.707,-0.117,-0.45,-0.401,-0.155,0.774,0.9,-0.563,0.888,0.663,-0.715,-0.25,0.832,-0.56,-0.166,0.037,0.61,0.236,0.838,0.893,0.115,0.048,0.244,0.41,-0.659,0.829,-0.224,-0.4,0.901,-0.19,-0.615,0.141,-0.575,0.149,0.384,-0.592,-0.346,-0.366,-0.636,-0.349,0.503,-0.665,-0.418,-0.499,-0.608,-0.721,0.564,-0.371,-0.682,-0.383,0.829,0.508,-0.012,-0.756,-0.495,0.094,-0.28,0.809,-0.588,0.779,-0.38,0.787,0.902,0.163,-0.466,0.859,-0.519,0.766,-0.582,-0.2,0.393,-0.814,0.633,-0.589,0.107,-0.632,-0.557,-0.242,-0.265,0.723,0.393,-0.31,-0.271,-0.632,-0.464,0.712,0.561,-0.59,-0.203,0.022,0.28,0.511,-0.353,-0.644,-0.54,-0.63,0.679,0.158,0.292,-0.51,-0.192,0.708,-0.237,-0.505,-0.589,0.876,0.773,0.716,-0.658,0.831,0.791,-0.576,0.636,0.531,-0.576,0.199,0.8,-0.173,0.279,0.694,-0.487,0.91,-0.621,-0.514
AGNC,0.682,0.507,-0.387,-0.028,0.447,0.166,0.552,1.0,-0.258,-0.314,0.472,0.115,0.636,0.007,0.582,-0.046,0.659,-0.477,-0.359,-0.49,-0.052,0.103,0.394,0.411,0.301,0.392,-0.321,0.628,-0.112,-0.224,0.009,0.167,-0.146,0.323,0.093,0.614,0.244,0.701,0.228,0.007,0.371,0.054,-0.176,-0.231,0.496,-0.076,0.494,0.585,0.151,0.236,-0.118,-0.228,0.203,-0.096,-0.127,-0.272,0.339,0.352,-0.123,0.614,-0.367,-0.258,0.546,0.068,0.738,0.605,0.058,0.581,0.732,-0.056,0.512,0.051,-0.013,0.271,0.581,-0.338,-0.196,0.187,0.08,0.116,0.406,0.693,0.575,-0.045,0.636,0.783,-0.178,0.247,0.675,-0.3,-0.135,0.433,0.651,0.083,0.503,0.604,0.459,0.3,0.632,0.804,-0.124,0.64,0.296,0.151,0.602,0.263,-0.14,0.35,-0.213,0.483,0.343,-0.406,0.178,0.056,-0.142,0.204,0.696,-0.225,-0.069,-0.16,-0.164,-0.185,0.562,0.219,-0.45,0.16,0.599,0.705,0.501,-0.418,-0.068,0.558,0.185,0.551,-0.255,0.601,-0.039,0.496,0.632,0.046,0.065,0.645,-0.063,0.66,-0.382,0.277,0.667,-0.287,0.789,-0.21,0.55,-0.078,-0.262,0.162,0.331,0.661,0.528,0.031,0.095,-0.294,-0.095,0.709,0.73,-0.058,0.259,0.474,0.671,0.555,0.074,-0.239,-0.161,-0.313,0.8,0.467,0.587,-0.072,0.246,0.733,0.165,-0.029,-0.22,0.638,0.51,0.578,-0.345,0.61,0.429,-0.216,0.629,0.613,-0.184,0.387,0.559,0.168,0.556,0.748,0.004,0.618,-0.318,-0.126
AKBA,-0.275,0.216,0.713,0.496,0.18,-0.021,-0.668,-0.258,1.0,0.745,-0.156,0.433,-0.659,0.622,-0.656,0.679,-0.503,0.675,0.676,0.784,0.566,0.497,-0.404,-0.3,0.299,-0.511,0.52,-0.565,0.557,0.631,0.047,0.221,0.533,0.333,0.655,-0.59,0.602,-0.653,0.259,0.449,-0.681,0.415,0.7,0.574,-0.02,0.476,-0.156,-0.218,0.52,0.405,0.556,0.698,0.264,0.585,0.391,0.698,-0.035,0.113,0.603,-0.566,0.695,0.623,-0.504,0.611,-0.212,-0.65,0.322,-0.614,-0.187,0.357,-0.63,0.588,0.34,-0.351,-0.588,0.743,0.717,0.232,0.547,0.479,0.324,-0.554,-0.636,0.579,-0.683,-0.478,0.661,0.5,-0.615,0.587,0.116,0.154,-0.417,-0.286,-0.711,-0.669,-0.032,0.052,-0.041,-0.226,0.6,-0.606,0.402,0.525,-0.71,0.256,0.652,-0.038,0.661,0.172,-0.3,0.578,0.518,0.466,0.567,0.545,-0.428,0.677,0.476,0.655,0.686,0.784,-0.484,0.496,0.806,0.494,-0.635,-0.432,0.227,0.683,0.554,0.042,0.214,-0.648,0.664,-0.659,0.39,-0.664,-0.665,-0.203,0.569,-0.699,0.677,-0.535,0.633,0.442,-0.195,0.664,-0.519,0.687,0.124,0.58,0.692,0.368,0.465,-0.488,-0.109,0.454,0.424,0.641,0.528,-0.636,-0.432,0.6,0.474,0.029,-0.162,-0.378,0.469,0.476,0.594,0.572,-0.533,0.002,-0.185,0.556,0.275,-0.476,0.325,0.49,0.737,-0.665,-0.613,-0.663,0.718,-0.624,-0.628,0.518,-0.582,-0.33,0.606,-0.09,-0.606,0.27,-0.135,-0.606,0.619,-0.62,0.7,0.535
ALT,-0.335,0.298,0.753,0.509,0.264,0.168,-0.654,-0.314,0.745,1.0,-0.174,0.407,-0.688,0.597,-0.77,0.664,-0.566,0.752,0.648,0.774,0.633,0.602,-0.4,-0.551,0.449,-0.442,0.555,-0.67,0.745,0.716,-0.217,0.049,0.647,0.318,0.584,-0.63,0.621,-0.625,0.444,0.645,-0.718,0.54,0.638,0.536,0.052,0.511,0.07,-0.052,0.526,0.334,0.581,0.565,0.421,0.64,0.362,0.6,0.087,0.318,0.633,-0.666,0.725,0.645,-0.258,0.582,-0.209,-0.718,0.49,-0.662,-0.083,0.522,-0.717,0.678,0.38,-0.487,-0.578,0.829,0.728,0.324,0.499,0.463,0.35,-0.612,-0.716,0.464,-0.79,-0.463,0.569,0.364,-0.687,0.615,-0.078,0.217,-0.511,-0.501,-0.747,-0.665,-0.059,0.141,-0.065,-0.17,0.505,-0.552,0.414,0.545,-0.581,0.288,0.672,-0.029,0.697,0.31,-0.303,0.657,0.496,0.499,0.52,0.618,-0.305,0.732,0.563,0.677,0.648,0.774,-0.437,0.519,0.681,0.527,-0.617,-0.36,0.223,0.697,0.502,0.142,0.266,-0.695,0.683,-0.623,0.392,-0.695,-0.63,-0.343,0.678,-0.619,0.761,-0.669,0.55,0.477,-0.184,0.65,-0.445,0.722,0.226,0.513,0.721,0.534,0.432,-0.616,-0.073,0.583,0.432,0.646,0.429,-0.631,-0.295,0.528,0.4,0.043,0.02,-0.159,0.668,0.574,0.45,0.584,-0.478,0.227,-0.125,0.543,0.33,-0.519,0.572,0.259,0.687,-0.667,-0.721,-0.676,0.768,-0.629,-0.74,0.515,-0.398,-0.12,0.833,-0.17,-0.524,-0.059,0.055,-0.519,0.699,-0.698,0.769,0.586
AMAT,0.262,0.559,-0.318,0.239,0.575,-0.021,0.265,0.472,-0.156,-0.174,1.0,0.536,0.43,0.206,0.448,0.182,0.538,-0.396,-0.107,-0.386,0.28,0.265,0.616,0.362,0.193,0.034,-0.136,0.364,0.11,0.102,-0.044,0.503,0.204,0.557,-0.071,0.475,0.047,0.547,0.298,0.262,0.041,0.459,-0.246,0.088,0.518,0.351,0.52,0.588,0.223,0.509,0.163,-0.11,0.228,0.068,-0.074,0.109,0.551,0.198,0.153,0.506,-0.099,0.08,0.455,0.17,0.534,0.332,0.393,0.266,0.69,0.255,0.301,0.082,0.303,0.253,0.232,-0.117,-0.147,0.363,0.36,0.388,0.231,0.638,0.286,0.253,0.33,0.427,0.05,0.182,0.282,0.165,-0.169,0.452,0.258,-0.055,0.451,0.204,0.751,0.872,0.412,0.531,0.209,0.34,0.576,-0.003,0.233,0.499,0.071,0.674,0.143,0.388,-0.038,-0.294,0.417,0.422,0.173,0.311,0.525,-0.043,0.314,0.202,0.035,-0.282,0.254,0.183,-0.358,0.403,0.206,0.594,0.686,-0.227,0.275,0.631,0.471,0.336,0.014,0.262,0.282,0.143,0.287,0.089,0.184,0.415,0.143,0.244,-0.232,0.302,0.786,-0.173,0.333,0.112,0.167,0.113,0.06,0.423,0.314,0.297,0.034,0.309,0.162,-0.013,0.118,0.253,0.535,-0.14,0.206,0.334,0.432,0.303,0.162,0.003,-0.129,0.004,0.379,0.507,0.59,0.169,0.626,0.281,0.257,0.099,0.083,0.261,0.229,0.124,-0.309,0.303,0.126,0.152,0.391,0.325,-0.079,0.598,0.119,0.252,0.343,0.338,0.099,0.246,-0.244,0.19
AMD,-0.196,0.75,0.313,0.812,0.707,-0.216,-0.391,0.115,0.433,0.407,0.536,1.0,-0.243,0.815,-0.21,0.712,-0.027,0.238,0.468,0.304,0.787,0.716,0.253,0.041,0.547,-0.511,0.538,-0.304,0.697,0.622,-0.032,0.337,0.806,0.815,0.52,-0.148,0.506,-0.044,0.583,0.729,-0.55,0.869,0.311,0.736,0.65,0.825,0.372,0.468,0.685,0.843,0.777,0.545,0.405,0.758,0.417,0.747,0.361,0.374,0.763,-0.105,0.553,0.753,0.051,0.677,0.217,-0.336,0.741,-0.425,0.411,0.633,-0.424,0.65,0.804,-0.089,-0.284,0.518,0.516,0.678,0.84,0.848,0.425,-0.108,-0.387,0.741,-0.315,0.004,0.636,0.332,-0.281,0.76,-0.147,0.454,-0.146,-0.228,-0.328,-0.438,0.545,0.692,0.355,0.314,0.742,-0.33,0.808,0.466,-0.394,0.775,0.69,0.382,0.689,0.462,-0.433,0.316,0.859,0.886,0.767,0.756,0.03,0.674,0.838,0.782,0.574,0.305,-0.244,0.685,0.247,0.892,-0.452,0.227,0.764,0.355,0.818,0.626,0.606,-0.413,0.685,-0.496,0.78,-0.496,-0.387,0.012,0.621,-0.18,0.73,-0.278,0.325,0.713,0.398,0.51,-0.199,0.701,0.304,0.681,0.682,0.769,0.572,-0.287,-0.178,0.767,0.619,0.664,0.66,-0.31,0.041,0.438,0.499,0.323,0.413,-0.007,0.721,0.51,0.495,0.652,-0.089,0.536,0.46,0.822,0.807,-0.286,0.583,0.531,0.668,-0.417,-0.393,-0.4,0.295,-0.228,-0.495,0.756,-0.097,0.146,0.446,0.237,-0.366,0.418,0.292,-0.223,0.682,-0.386,0.391,0.794
AMGN,0.486,0.096,-0.718,-0.302,0.048,0.161,0.814,0.636,-0.659,-0.688,0.43,-0.243,1.0,-0.386,0.8,-0.543,0.725,-0.735,-0.644,-0.822,-0.427,-0.314,0.657,0.58,-0.208,0.503,-0.507,0.812,-0.541,-0.476,0.051,0.202,-0.49,-0.111,-0.375,0.687,-0.336,0.839,-0.199,-0.363,0.72,-0.272,-0.544,-0.448,0.248,-0.317,0.192,0.315,-0.249,-0.055,-0.405,-0.557,-0.245,-0.484,-0.225,-0.561,0.262,0.011,-0.47,0.828,-0.753,-0.535,0.535,-0.349,0.481,0.776,-0.224,0.789,0.496,-0.434,0.851,-0.401,-0.216,0.468,0.704,-0.664,-0.613,0.003,-0.275,-0.224,-0.176,0.792,0.811,-0.382,0.841,0.712,-0.603,-0.107,0.826,-0.556,-0.021,0.124,0.501,0.346,0.847,0.844,0.31,0.163,0.254,0.442,-0.534,0.663,-0.098,-0.356,0.769,-0.055,-0.462,0.313,-0.484,0.015,0.396,-0.497,-0.251,-0.26,-0.474,-0.28,0.523,-0.617,-0.353,-0.474,-0.496,-0.668,0.669,-0.326,-0.663,-0.278,0.752,0.543,0.076,-0.638,-0.346,0.16,-0.054,0.84,-0.621,0.836,-0.292,0.775,0.8,0.338,-0.334,0.783,-0.474,0.775,-0.5,-0.229,0.459,-0.676,0.699,-0.506,0.032,-0.511,-0.574,-0.22,-0.151,0.688,0.266,-0.374,-0.334,-0.593,-0.333,0.703,0.597,-0.511,-0.162,0.157,0.28,0.394,-0.372,-0.468,-0.377,-0.598,0.723,0.127,0.337,-0.383,-0.014,0.662,-0.231,-0.257,-0.5,0.807,0.789,0.74,-0.644,0.717,0.721,-0.417,0.557,0.37,-0.632,0.382,0.675,0.046,0.22,0.72,-0.433,0.804,-0.616,-0.348
AMZN,-0.299,0.695,0.615,0.859,0.622,-0.286,-0.566,0.007,0.622,0.597,0.206,0.815,-0.386,1.0,-0.454,0.709,-0.326,0.537,0.558,0.565,0.739,0.791,0.016,-0.076,0.602,-0.59,0.653,-0.51,0.782,0.759,0.016,0.209,0.849,0.712,0.726,-0.378,0.653,-0.244,0.594,0.782,-0.634,0.807,0.525,0.814,0.54,0.826,0.235,0.254,0.764,0.795,0.863,0.673,0.404,0.877,0.526,0.841,0.258,0.416,0.853,-0.332,0.638,0.828,-0.169,0.818,0.07,-0.502,0.742,-0.61,0.232,0.641,-0.576,0.797,0.78,-0.228,-0.429,0.689,0.764,0.662,0.863,0.856,0.532,-0.365,-0.568,0.781,-0.463,-0.121,0.732,0.352,-0.418,0.782,-0.082,0.399,-0.298,-0.226,-0.565,-0.514,0.258,0.422,0.232,0.203,0.732,-0.502,0.747,0.65,-0.527,0.726,0.853,0.088,0.738,0.442,-0.466,0.645,0.844,0.841,0.835,0.818,-0.2,0.81,0.839,0.806,0.732,0.63,-0.313,0.778,0.537,0.873,-0.594,-0.03,0.608,0.556,0.868,0.454,0.473,-0.55,0.753,-0.577,0.768,-0.578,-0.544,-0.042,0.753,-0.379,0.84,-0.439,0.586,0.733,0.188,0.683,-0.293,0.821,0.336,0.751,0.741,0.748,0.676,-0.439,-0.151,0.694,0.612,0.76,0.719,-0.458,-0.154,0.61,0.631,0.237,0.315,-0.083,0.744,0.61,0.694,0.796,-0.246,0.448,0.203,0.883,0.707,-0.388,0.571,0.631,0.784,-0.554,-0.539,-0.488,0.584,-0.435,-0.659,0.809,-0.343,-0.015,0.549,-0.016,-0.479,0.458,0.201,-0.362,0.801,-0.542,0.672,0.87
APA,0.53,-0.024,-0.819,-0.457,-0.022,0.142,0.739,0.582,-0.656,-0.77,0.448,-0.21,0.8,-0.454,1.0,-0.541,0.739,-0.806,-0.719,-0.819,-0.558,-0.49,0.453,0.602,-0.292,0.557,-0.638,0.877,-0.564,-0.614,0.025,0.119,-0.54,-0.123,-0.549,0.825,-0.38,0.784,-0.181,-0.468,0.697,-0.327,-0.579,-0.518,0.078,-0.442,0.161,0.376,-0.384,-0.156,-0.546,-0.587,-0.185,-0.551,-0.427,-0.56,0.149,-0.124,-0.584,0.87,-0.745,-0.614,0.535,-0.462,0.418,0.891,-0.354,0.823,0.379,-0.353,0.8,-0.55,-0.358,0.518,0.695,-0.709,-0.636,-0.222,-0.381,-0.373,-0.109,0.821,0.843,-0.473,0.859,0.641,-0.632,-0.098,0.84,-0.569,0.013,0.007,0.61,0.37,0.867,0.806,0.265,0.082,0.293,0.409,-0.507,0.671,-0.206,-0.459,0.727,-0.188,-0.545,0.302,-0.534,-0.013,0.402,-0.723,-0.281,-0.375,-0.546,-0.4,0.469,-0.627,-0.468,-0.563,-0.614,-0.689,0.545,-0.438,-0.822,-0.362,0.717,0.507,0.046,-0.659,-0.411,0.108,-0.164,0.836,-0.612,0.764,-0.399,0.729,0.774,0.277,-0.465,0.789,-0.609,0.864,-0.623,-0.196,0.488,-0.689,0.62,-0.608,0.099,-0.546,-0.666,-0.277,-0.242,0.687,0.258,-0.364,-0.359,-0.644,-0.403,0.723,0.641,-0.541,-0.229,0.126,0.212,0.447,-0.425,-0.529,-0.488,-0.582,0.726,0.016,0.391,-0.497,-0.147,0.64,-0.388,-0.219,-0.603,0.79,0.816,0.745,-0.763,0.754,0.74,-0.474,0.571,0.413,-0.635,0.375,0.625,0.06,0.189,0.661,-0.557,0.819,-0.767,-0.525
APPS,-0.261,0.602,0.561,0.687,0.532,-0.013,-0.603,-0.046,0.679,0.664,0.182,0.712,-0.543,0.709,-0.541,1.0,-0.281,0.534,0.614,0.604,0.707,0.712,-0.074,-0.282,0.602,-0.467,0.53,-0.617,0.683,0.672,-0.112,0.132,0.717,0.634,0.643,-0.362,0.56,-0.342,0.462,0.641,-0.67,0.686,0.504,0.588,0.454,0.636,0.264,0.213,0.64,0.569,0.677,0.54,0.458,0.682,0.476,0.676,0.238,0.421,0.677,-0.391,0.77,0.664,-0.138,0.604,0.077,-0.596,0.625,-0.624,0.199,0.538,-0.67,0.651,0.63,-0.252,-0.459,0.643,0.618,0.505,0.694,0.68,0.425,-0.411,-0.669,0.674,-0.584,-0.177,0.777,0.496,-0.56,0.643,-0.097,0.399,-0.326,-0.413,-0.642,-0.664,0.297,0.404,0.233,0.177,0.729,-0.461,0.701,0.582,-0.57,0.649,0.634,0.121,0.665,0.395,-0.389,0.442,0.671,0.685,0.681,0.689,-0.06,0.66,0.685,0.686,0.633,0.623,-0.289,0.697,0.522,0.772,-0.613,-0.02,0.553,0.494,0.612,0.453,0.631,-0.683,0.653,-0.627,0.652,-0.643,-0.601,-0.222,0.66,-0.427,0.718,-0.559,0.378,0.577,0.111,0.697,-0.208,0.635,0.265,0.691,0.724,0.653,0.533,-0.451,-0.1,0.675,0.581,0.638,0.559,-0.399,-0.122,0.567,0.482,0.254,0.29,-0.145,0.643,0.552,0.445,0.596,-0.315,0.433,0.209,0.67,0.577,-0.369,0.716,0.386,0.593,-0.619,-0.653,-0.553,0.491,-0.435,-0.657,0.607,-0.161,0.065,0.598,-0.025,-0.532,0.237,0.237,-0.283,0.71,-0.639,0.529,0.649
ARCC,0.639,0.205,-0.747,-0.258,0.265,0.222,0.72,0.659,-0.503,-0.566,0.538,-0.027,0.725,-0.326,0.739,-0.281,1.0,-0.729,-0.472,-0.768,-0.205,-0.168,0.487,0.515,-0.012,0.601,-0.429,0.783,-0.336,-0.439,0.062,0.09,-0.326,0.115,-0.312,0.68,-0.233,0.753,0.001,-0.203,0.564,-0.067,-0.457,-0.291,0.31,-0.196,0.385,0.533,-0.089,0.006,-0.339,-0.347,0.156,-0.368,-0.26,-0.393,0.257,0.135,-0.375,0.796,-0.566,-0.409,0.688,-0.298,0.578,0.707,-0.1,0.735,0.621,-0.247,0.648,-0.356,-0.152,0.425,0.648,-0.607,-0.634,0.005,-0.169,-0.127,0.004,0.821,0.748,-0.282,0.756,0.701,-0.454,-0.036,0.74,-0.411,-0.027,0.288,0.602,0.27,0.782,0.694,0.332,0.325,0.485,0.561,-0.325,0.711,0.046,-0.243,0.69,0.034,-0.43,0.348,-0.316,0.255,0.43,-0.667,-0.029,-0.071,-0.384,-0.117,0.599,-0.539,-0.178,-0.336,-0.482,-0.581,0.637,-0.152,-0.694,-0.084,0.641,0.637,0.373,-0.636,-0.244,0.333,0.059,0.741,-0.42,0.645,-0.11,0.66,0.702,0.217,-0.179,0.759,-0.354,0.661,-0.462,0.051,0.578,-0.594,0.633,-0.403,0.286,-0.396,-0.377,-0.012,-0.045,0.687,0.295,-0.094,-0.008,-0.491,-0.307,0.685,0.58,-0.381,0.031,0.291,0.422,0.549,-0.163,-0.39,-0.362,-0.51,0.717,0.264,0.569,-0.283,0.047,0.674,-0.065,-0.214,-0.425,0.722,0.641,0.609,-0.698,0.777,0.647,-0.392,0.665,0.55,-0.427,0.361,0.611,0.032,0.428,0.687,-0.35,0.768,-0.598,-0.289
ARDX,-0.456,0.146,0.874,0.506,0.053,0.019,-0.779,-0.477,0.675,0.752,-0.396,0.238,-0.735,0.537,-0.806,0.534,-0.729,1.0,0.681,0.885,0.506,0.486,-0.436,-0.469,0.201,-0.486,0.651,-0.835,0.57,0.61,-0.068,0.037,0.476,0.218,0.564,-0.642,0.527,-0.64,0.234,0.403,-0.719,0.293,0.646,0.513,-0.054,0.411,-0.248,-0.314,0.41,0.215,0.536,0.543,0.166,0.584,0.365,0.515,-0.085,0.149,0.561,-0.768,0.75,0.541,-0.558,0.456,-0.301,-0.803,0.283,-0.815,-0.27,0.31,-0.777,0.649,0.306,-0.409,-0.685,0.708,0.733,0.175,0.404,0.385,0.099,-0.727,-0.851,0.464,-0.783,-0.575,0.671,0.276,-0.762,0.544,0.077,-0.025,-0.598,-0.26,-0.836,-0.75,-0.171,-0.083,-0.183,-0.344,0.576,-0.641,0.213,0.57,-0.744,0.187,0.698,-0.221,0.536,0.011,-0.304,0.757,0.361,0.348,0.538,0.452,-0.434,0.647,0.407,0.524,0.594,0.806,-0.43,0.424,0.743,0.409,-0.702,-0.505,-0.024,0.727,0.453,-0.022,0.205,-0.751,0.573,-0.683,0.325,-0.713,-0.751,-0.225,0.528,-0.772,0.612,-0.759,0.623,0.26,-0.429,0.778,-0.51,0.577,0.051,0.59,0.586,0.272,0.398,-0.611,-0.163,0.318,0.339,0.577,0.414,-0.696,-0.438,0.579,0.253,0.097,-0.211,-0.343,0.42,0.638,0.524,0.513,-0.598,-0.032,-0.226,0.471,0.143,-0.544,0.327,0.379,0.606,-0.74,-0.763,-0.635,0.808,-0.715,-0.767,0.484,-0.552,-0.384,0.628,-0.287,-0.725,0.128,-0.082,-0.56,0.614,-0.797,0.763,0.503
ATER,-0.331,0.256,0.651,0.591,0.335,-0.116,-0.659,-0.359,0.676,0.648,-0.107,0.468,-0.644,0.558,-0.719,0.614,-0.472,0.681,1.0,0.69,0.665,0.552,-0.235,-0.311,0.396,-0.467,0.674,-0.677,0.706,0.713,0.187,0.204,0.665,0.4,0.663,-0.661,0.557,-0.585,0.376,0.517,-0.699,0.508,0.658,0.596,0.111,0.695,-0.064,-0.105,0.549,0.444,0.592,0.752,0.217,0.697,0.367,0.74,0.071,0.056,0.722,-0.552,0.767,0.684,-0.384,0.563,-0.182,-0.737,0.445,-0.678,-0.078,0.457,-0.606,0.65,0.481,-0.232,-0.638,0.696,0.638,0.328,0.568,0.566,0.256,-0.552,-0.697,0.653,-0.686,-0.409,0.732,0.289,-0.702,0.66,0.216,0.125,-0.334,-0.266,-0.712,-0.754,0.026,0.19,-0.034,-0.217,0.639,-0.563,0.437,0.451,-0.706,0.312,0.643,0.018,0.602,0.18,-0.239,0.535,0.498,0.555,0.685,0.528,-0.376,0.696,0.56,0.678,0.659,0.634,-0.411,0.488,0.657,0.504,-0.713,-0.248,0.232,0.669,0.62,0.104,0.242,-0.692,0.678,-0.704,0.559,-0.551,-0.703,-0.045,0.581,-0.671,0.69,-0.678,0.634,0.42,-0.221,0.703,-0.505,0.753,0.127,0.719,0.811,0.492,0.498,-0.552,-0.274,0.543,0.425,0.769,0.543,-0.652,-0.442,0.578,0.514,0.115,-0.087,-0.309,0.46,0.642,0.59,0.711,-0.56,0.178,-0.097,0.672,0.412,-0.519,0.411,0.458,0.686,-0.694,-0.709,-0.7,0.62,-0.573,-0.486,0.56,-0.43,-0.272,0.698,-0.072,-0.668,0.307,-0.084,-0.616,0.676,-0.67,0.663,0.58
ATOS,-0.511,0.083,0.813,0.464,0.018,-0.015,-0.855,-0.49,0.784,0.774,-0.386,0.304,-0.822,0.565,-0.819,0.604,-0.768,0.885,0.69,1.0,0.493,0.409,-0.512,-0.47,0.163,-0.548,0.563,-0.831,0.543,0.637,-0.062,0.032,0.502,0.174,0.589,-0.625,0.576,-0.781,0.217,0.403,-0.756,0.288,0.731,0.486,-0.13,0.408,-0.299,-0.334,0.362,0.223,0.516,0.558,0.107,0.559,0.35,0.575,-0.1,0.035,0.539,-0.786,0.785,0.561,-0.64,0.506,-0.396,-0.816,0.235,-0.825,-0.365,0.351,-0.814,0.553,0.296,-0.457,-0.73,0.81,0.828,0.126,0.454,0.391,0.246,-0.795,-0.87,0.494,-0.864,-0.634,0.738,0.379,-0.774,0.54,0.103,-0.054,-0.563,-0.309,-0.905,-0.827,-0.206,-0.117,-0.277,-0.436,0.62,-0.713,0.208,0.468,-0.794,0.168,0.59,-0.209,0.544,-0.04,-0.341,0.662,0.33,0.321,0.595,0.407,-0.486,0.753,0.392,0.517,0.591,0.872,-0.592,0.395,0.815,0.378,-0.743,-0.469,-0.004,0.709,0.432,-0.059,0.183,-0.825,0.58,-0.765,0.291,-0.737,-0.833,-0.282,0.442,-0.839,0.571,-0.739,0.558,0.23,-0.388,0.775,-0.62,0.573,-0.012,0.623,0.603,0.246,0.297,-0.616,-0.205,0.3,0.295,0.614,0.418,-0.763,-0.482,0.628,0.251,0.003,-0.267,-0.437,0.39,0.591,0.55,0.593,-0.647,-0.134,-0.298,0.467,0.144,-0.63,0.342,0.435,0.618,-0.828,-0.781,-0.647,0.754,-0.735,-0.753,0.494,-0.578,-0.453,0.688,-0.259,-0.717,0.139,-0.239,-0.656,0.582,-0.852,0.682,0.475
AUPH,-0.214,0.616,0.59,0.834,0.567,-0.15,-0.505,-0.052,0.566,0.633,0.28,0.787,-0.427,0.739,-0.558,0.707,-0.205,0.506,0.665,0.493,1.0,0.824,0.095,-0.243,0.584,-0.56,0.703,-0.515,0.768,0.731,-0.016,0.248,0.764,0.732,0.593,-0.444,0.549,-0.291,0.478,0.714,-0.681,0.812,0.393,0.752,0.462,0.824,0.237,0.223,0.704,0.728,0.82,0.61,0.433,0.771,0.418,0.763,0.282,0.343,0.864,-0.419,0.63,0.781,-0.086,0.706,0.152,-0.566,0.729,-0.548,0.275,0.59,-0.591,0.768,0.744,-0.255,-0.468,0.651,0.563,0.622,0.823,0.828,0.337,-0.236,-0.576,0.741,-0.532,-0.223,0.692,0.269,-0.522,0.787,-0.106,0.358,-0.276,-0.369,-0.535,-0.586,0.375,0.598,0.204,0.157,0.744,-0.379,0.738,0.619,-0.494,0.616,0.767,0.231,0.765,0.382,-0.413,0.507,0.759,0.85,0.73,0.797,-0.05,0.689,0.791,0.821,0.761,0.466,-0.265,0.782,0.517,0.851,-0.517,-0.018,0.606,0.555,0.809,0.487,0.53,-0.512,0.754,-0.553,0.707,-0.638,-0.479,-0.119,0.713,-0.379,0.852,-0.546,0.438,0.612,0.157,0.628,-0.313,0.825,0.219,0.709,0.819,0.694,0.627,-0.402,-0.148,0.744,0.552,0.736,0.56,-0.448,-0.121,0.5,0.43,0.141,0.269,-0.152,0.715,0.598,0.486,0.672,-0.285,0.47,0.187,0.791,0.705,-0.325,0.631,0.423,0.765,-0.487,-0.616,-0.608,0.61,-0.435,-0.638,0.704,-0.246,-0.003,0.589,0.112,-0.519,0.253,0.23,-0.343,0.721,-0.549,0.651,0.837
AVGO,-0.068,0.778,0.549,0.81,0.73,-0.184,-0.358,0.103,0.497,0.602,0.265,0.716,-0.314,0.791,-0.49,0.712,-0.168,0.486,0.552,0.409,0.824,1.0,0.05,-0.311,0.787,-0.567,0.571,-0.444,0.768,0.71,-0.112,0.066,0.786,0.783,0.578,-0.344,0.574,-0.09,0.668,0.879,-0.52,0.829,0.288,0.704,0.615,0.763,0.518,0.449,0.805,0.666,0.809,0.591,0.638,0.83,0.452,0.699,0.363,0.639,0.833,-0.377,0.634,0.791,0.078,0.763,0.234,-0.428,0.851,-0.461,0.434,0.673,-0.537,0.774,0.731,-0.401,-0.262,0.512,0.563,0.742,0.786,0.843,0.532,-0.201,-0.465,0.765,-0.355,-0.0,0.679,0.269,-0.363,0.725,-0.359,0.579,-0.209,-0.465,-0.451,-0.429,0.388,0.566,0.476,0.395,0.68,-0.268,0.869,0.792,-0.317,0.759,0.772,0.116,0.737,0.66,-0.501,0.538,0.857,0.877,0.712,0.883,0.077,0.67,0.834,0.823,0.725,0.499,-0.258,0.87,0.417,0.891,-0.439,0.084,0.723,0.357,0.721,0.678,0.599,-0.481,0.722,-0.456,0.78,-0.526,-0.337,-0.293,0.786,-0.177,0.856,-0.458,0.455,0.781,0.307,0.578,-0.087,0.775,0.402,0.71,0.776,0.852,0.659,-0.304,0.076,0.826,0.696,0.677,0.514,-0.357,0.021,0.564,0.573,0.252,0.527,0.069,0.783,0.452,0.409,0.658,-0.161,0.676,0.384,0.789,0.793,-0.192,0.719,0.302,0.722,-0.389,-0.566,-0.471,0.592,-0.279,-0.58,0.612,-0.074,0.254,0.55,-0.039,-0.341,0.211,0.542,-0.123,0.779,-0.431,0.631,0.778
AZN,0.079,0.371,-0.371,0.229,0.262,-0.01,0.382,0.394,-0.404,-0.4,0.616,0.253,0.657,0.016,0.453,-0.074,0.487,-0.436,-0.235,-0.512,0.095,0.05,1.0,0.515,-0.008,0.15,0.038,0.351,-0.156,-0.017,0.114,0.483,-0.036,0.298,-0.059,0.357,-0.129,0.552,-0.116,-0.08,0.27,0.17,-0.331,0.01,0.507,0.187,0.143,0.307,0.117,0.445,0.119,-0.188,-0.261,-0.074,0.072,-0.095,0.484,0.064,0.037,0.583,-0.298,-0.05,0.304,-0.014,0.505,0.342,0.11,0.35,0.529,-0.164,0.449,-0.012,0.331,0.536,0.312,-0.286,-0.317,0.271,0.21,0.269,-0.177,0.549,0.339,0.137,0.417,0.512,-0.112,-0.08,0.376,-0.051,0.151,0.166,0.231,0.317,0.478,0.315,0.59,0.491,0.16,0.379,-0.045,0.238,0.267,-0.19,0.297,0.304,-0.016,0.525,-0.1,-0.034,0.148,-0.244,0.101,0.214,0.032,0.029,0.453,-0.251,0.108,-0.009,-0.047,-0.485,0.55,0.06,-0.376,0.181,0.329,0.473,0.286,-0.278,0.203,0.335,0.308,0.392,-0.219,0.42,0.226,0.268,0.363,0.537,0.012,0.402,-0.031,0.389,-0.285,-0.011,0.429,-0.174,0.36,-0.061,0.002,-0.045,-0.131,0.067,0.147,0.341,-0.069,-0.045,-0.112,-0.103,0.083,0.356,0.369,-0.256,-0.043,0.214,0.261,0.082,-0.103,0.057,-0.089,-0.17,0.419,0.285,0.368,0.111,0.341,0.311,0.137,0.039,-0.132,0.38,0.437,0.329,-0.378,0.377,0.271,0.134,0.369,0.168,-0.386,0.565,0.151,0.31,0.15,0.394,-0.032,0.331,-0.306,0.19
BCRX,0.18,0.053,-0.459,-0.053,0.131,-0.014,0.352,0.411,-0.3,-0.551,0.362,0.041,0.58,-0.076,0.602,-0.282,0.515,-0.469,-0.311,-0.47,-0.243,-0.311,0.515,1.0,-0.282,0.387,-0.104,0.513,-0.282,-0.321,0.28,0.438,-0.22,0.052,-0.039,0.396,-0.131,0.441,-0.192,-0.32,0.301,-0.08,-0.079,-0.13,0.22,-0.007,-0.101,0.134,-0.125,0.218,-0.222,-0.157,-0.313,-0.21,-0.021,-0.12,0.038,-0.242,-0.194,0.718,-0.401,-0.331,0.154,-0.239,0.251,0.409,-0.218,0.394,0.288,-0.368,0.431,-0.188,-0.042,0.558,0.267,-0.359,-0.309,0.067,0.021,0.012,-0.163,0.457,0.443,-0.077,0.531,0.326,-0.218,-0.058,0.527,-0.284,0.405,-0.053,0.242,0.672,0.539,0.41,0.155,0.049,0.134,0.157,-0.123,0.239,-0.015,-0.393,0.242,-0.025,-0.198,0.168,-0.35,-0.066,0.385,-0.259,-0.022,-0.106,-0.064,-0.168,0.177,-0.348,-0.209,-0.298,-0.342,-0.363,0.541,-0.207,-0.359,-0.118,0.371,0.253,0.115,-0.195,0.075,0.003,-0.137,0.513,-0.288,0.428,-0.13,0.373,0.282,0.536,-0.196,0.344,-0.263,0.498,-0.191,-0.097,0.341,-0.31,0.223,-0.243,0.088,-0.177,-0.344,-0.153,0.155,0.363,0.01,-0.265,-0.24,-0.284,0.011,0.427,0.195,-0.337,0.189,0.284,0.161,0.149,-0.306,-0.072,0.159,-0.249,0.457,0.043,0.177,-0.07,0.09,0.28,-0.322,0.438,-0.243,0.348,0.503,0.441,-0.449,0.386,0.364,-0.102,0.224,-0.016,-0.402,0.284,0.242,0.533,-0.12,0.223,-0.26,0.422,-0.398,-0.121
BGC,0.142,0.69,0.327,0.562,0.706,-0.196,-0.142,0.301,0.299,0.449,0.193,0.547,-0.208,0.602,-0.292,0.602,-0.012,0.201,0.396,0.163,0.584,0.787,-0.008,-0.282,1.0,-0.243,0.397,-0.245,0.634,0.472,0.046,-0.152,0.634,0.614,0.545,-0.195,0.525,0.045,0.594,0.725,-0.292,0.673,0.22,0.541,0.646,0.531,0.663,0.517,0.752,0.508,0.605,0.513,0.678,0.661,0.43,0.511,0.24,0.769,0.615,-0.189,0.398,0.623,0.257,0.644,0.319,-0.192,0.729,-0.21,0.453,0.578,-0.32,0.612,0.634,-0.142,0.012,0.33,0.38,0.623,0.551,0.609,0.639,-0.119,-0.234,0.556,-0.148,0.24,0.432,0.14,-0.174,0.501,-0.293,0.626,0.086,-0.405,-0.314,-0.221,0.274,0.379,0.589,0.571,0.422,-0.098,0.733,0.724,-0.059,0.718,0.527,-0.007,0.547,0.711,-0.256,0.286,0.679,0.692,0.478,0.757,0.2,0.485,0.656,0.6,0.555,0.336,-0.041,0.811,0.193,0.711,-0.261,0.276,0.657,0.201,0.527,0.618,0.454,-0.341,0.542,-0.274,0.704,-0.272,-0.156,-0.153,0.698,0.044,0.654,-0.196,0.303,0.79,0.314,0.395,0.179,0.592,0.578,0.507,0.579,0.753,0.576,-0.175,0.246,0.733,0.714,0.57,0.448,-0.024,0.071,0.448,0.604,0.261,0.643,0.247,0.734,0.317,0.287,0.503,0.026,0.687,0.358,0.647,0.59,0.009,0.683,0.138,0.443,-0.134,-0.351,-0.254,0.363,-0.056,-0.3,0.455,0.12,0.523,0.465,-0.143,-0.063,0.121,0.648,0.032,0.638,-0.17,0.449,0.572
BIDU,0.447,-0.271,-0.615,-0.57,-0.17,0.368,0.554,0.392,-0.511,-0.442,0.034,-0.511,0.503,-0.59,0.557,-0.467,0.601,-0.486,-0.467,-0.548,-0.56,-0.567,0.15,0.387,-0.243,1.0,-0.401,0.605,-0.452,-0.559,0.245,-0.031,-0.628,-0.368,-0.264,0.532,-0.147,0.427,-0.321,-0.569,0.599,-0.534,-0.151,-0.557,-0.12,-0.574,-0.018,0.039,-0.339,-0.348,-0.611,-0.398,-0.17,-0.585,-0.333,-0.644,-0.105,-0.057,-0.636,0.593,-0.571,-0.654,0.353,-0.551,0.28,0.607,-0.549,0.653,0.194,-0.542,0.592,-0.479,-0.493,0.606,0.576,-0.498,-0.519,-0.474,-0.518,-0.521,-0.163,0.497,0.608,-0.519,0.579,0.454,-0.565,-0.113,0.619,-0.696,0.407,-0.107,0.482,0.476,0.585,0.597,-0.203,-0.235,0.075,0.143,-0.529,0.59,-0.393,-0.408,0.611,-0.335,-0.565,0.013,-0.597,-0.117,0.86,-0.62,-0.458,-0.555,-0.58,-0.408,0.409,-0.611,-0.598,-0.683,-0.629,-0.361,0.738,-0.398,-0.599,-0.49,0.663,0.359,-0.142,-0.408,-0.525,-0.133,-0.335,0.63,-0.619,0.664,-0.455,0.659,0.555,0.38,-0.329,0.459,-0.545,0.605,-0.403,-0.244,0.178,-0.492,0.519,-0.584,0.27,-0.536,-0.613,-0.456,-0.18,0.569,0.373,-0.524,-0.263,-0.606,-0.434,0.628,0.292,-0.377,-0.128,0.234,0.071,0.45,-0.438,-0.176,-0.362,-0.662,0.553,-0.136,0.083,-0.56,-0.452,0.555,-0.275,-0.264,-0.655,0.635,0.623,0.663,-0.614,0.593,0.637,-0.55,0.48,0.3,-0.324,0.109,0.486,-0.012,0.07,0.513,-0.496,0.631,-0.534,-0.573
BILI,-0.464,0.312,0.681,0.771,0.307,-0.267,-0.584,-0.321,0.52,0.555,-0.136,0.538,-0.507,0.653,-0.638,0.53,-0.429,0.651,0.674,0.563,0.703,0.571,0.038,-0.104,0.397,-0.401,1.0,-0.648,0.648,0.623,0.275,0.193,0.615,0.444,0.72,-0.665,0.469,-0.464,0.182,0.448,-0.601,0.559,0.56,0.802,0.328,0.679,-0.148,-0.119,0.616,0.602,0.774,0.735,0.122,0.767,0.629,0.742,-0.043,0.215,0.785,-0.449,0.608,0.748,-0.376,0.533,-0.134,-0.648,0.452,-0.617,-0.057,0.319,-0.602,0.755,0.701,-0.029,-0.513,0.627,0.589,0.446,0.659,0.67,0.05,-0.531,-0.655,0.699,-0.554,-0.382,0.661,0.029,-0.544,0.667,0.309,0.024,-0.4,0.126,-0.636,-0.626,-0.018,0.119,-0.058,-0.163,0.659,-0.615,0.433,0.48,-0.615,0.424,0.768,-0.137,0.579,0.066,-0.198,0.694,0.558,0.637,0.741,0.566,-0.327,0.638,0.628,0.665,0.662,0.496,-0.131,0.65,0.611,0.635,-0.574,-0.319,0.23,0.725,0.809,0.123,0.193,-0.636,0.664,-0.632,0.66,-0.626,-0.617,0.31,0.6,-0.586,0.731,-0.531,0.672,0.455,-0.204,0.703,-0.492,0.767,0.165,0.712,0.711,0.396,0.532,-0.537,-0.219,0.462,0.457,0.747,0.676,-0.563,-0.513,0.46,0.406,0.151,0.003,-0.313,0.521,0.774,0.715,0.681,-0.422,0.155,-0.112,0.811,0.39,-0.517,0.361,0.554,0.659,-0.583,-0.574,-0.554,0.666,-0.538,-0.619,0.783,-0.451,-0.218,0.469,-0.165,-0.638,0.461,-0.056,-0.549,0.65,-0.59,0.761,0.812
BKR,0.642,-0.099,-0.778,-0.54,-0.019,0.18,0.829,0.628,-0.565,-0.67,0.364,-0.304,0.812,-0.51,0.877,-0.617,0.783,-0.835,-0.677,-0.831,-0.515,-0.444,0.351,0.513,-0.245,0.605,-0.648,1.0,-0.5,-0.598,0.03,0.075,-0.542,-0.21,-0.487,0.737,-0.321,0.711,-0.127,-0.407,0.76,-0.375,-0.522,-0.552,-0.021,-0.467,0.227,0.34,-0.367,-0.218,-0.586,-0.505,-0.093,-0.548,-0.441,-0.56,0.132,-0.107,-0.572,0.815,-0.742,-0.611,0.539,-0.404,0.41,0.911,-0.389,0.921,0.372,-0.335,0.861,-0.535,-0.462,0.375,0.755,-0.676,-0.644,-0.244,-0.443,-0.42,-0.008,0.833,0.96,-0.495,0.863,0.644,-0.689,-0.09,0.892,-0.601,0.004,0.083,0.665,0.332,0.906,0.891,0.141,0.045,0.306,0.405,-0.596,0.751,-0.22,-0.415,0.791,-0.261,-0.582,0.291,-0.514,0.079,0.504,-0.692,-0.262,-0.402,-0.589,-0.369,0.491,-0.638,-0.487,-0.54,-0.585,-0.63,0.543,-0.411,-0.733,-0.392,0.845,0.445,0.048,-0.656,-0.465,0.079,-0.244,0.91,-0.562,0.838,-0.452,0.783,0.874,0.18,-0.462,0.785,-0.537,0.894,-0.535,-0.163,0.485,-0.771,0.598,-0.569,0.196,-0.599,-0.634,-0.267,-0.229,0.774,0.398,-0.35,-0.322,-0.645,-0.501,0.712,0.583,-0.524,-0.168,0.061,0.234,0.524,-0.399,-0.627,-0.463,-0.601,0.76,0.013,0.297,-0.511,-0.166,0.699,-0.414,-0.276,-0.536,0.861,0.848,0.748,-0.656,0.762,0.804,-0.586,0.551,0.398,-0.567,0.372,0.71,-0.053,0.204,0.658,-0.569,0.913,-0.667,-0.551
BLDP,-0.291,0.532,0.637,0.73,0.587,-0.117,-0.539,-0.112,0.557,0.745,0.11,0.697,-0.541,0.782,-0.564,0.683,-0.336,0.57,0.706,0.543,0.768,0.768,-0.156,-0.282,0.634,-0.452,0.648,-0.5,1.0,0.762,-0.037,0.099,0.889,0.628,0.627,-0.48,0.642,-0.387,0.699,0.847,-0.635,0.799,0.557,0.707,0.376,0.8,0.374,0.29,0.698,0.619,0.751,0.744,0.574,0.883,0.407,0.807,0.244,0.364,0.86,-0.453,0.77,0.807,-0.046,0.731,-0.046,-0.549,0.7,-0.575,0.189,0.767,-0.639,0.792,0.65,-0.334,-0.447,0.741,0.682,0.562,0.717,0.728,0.555,-0.405,-0.532,0.657,-0.53,-0.22,0.683,0.253,-0.497,0.807,-0.069,0.38,-0.318,-0.359,-0.551,-0.56,0.125,0.381,0.218,0.139,0.673,-0.409,0.636,0.601,-0.501,0.581,0.797,0.133,0.747,0.542,-0.344,0.587,0.788,0.77,0.752,0.776,-0.199,0.809,0.793,0.823,0.677,0.643,-0.359,0.718,0.473,0.771,-0.562,-0.092,0.513,0.625,0.764,0.364,0.407,-0.58,0.865,-0.608,0.686,-0.615,-0.512,-0.183,0.717,-0.384,0.902,-0.535,0.578,0.73,0.115,0.628,-0.365,0.823,0.468,0.69,0.807,0.814,0.646,-0.493,-0.137,0.817,0.615,0.79,0.524,-0.496,-0.145,0.544,0.587,0.129,0.344,0.063,0.79,0.613,0.598,0.783,-0.306,0.55,0.122,0.799,0.617,-0.471,0.613,0.473,0.77,-0.581,-0.618,-0.603,0.641,-0.441,-0.637,0.657,-0.232,0.07,0.794,-0.032,-0.505,0.219,0.265,-0.399,0.781,-0.554,0.704,0.74
BLNK,-0.435,0.469,0.689,0.741,0.395,-0.158,-0.689,-0.224,0.631,0.716,0.102,0.622,-0.476,0.759,-0.614,0.672,-0.439,0.61,0.713,0.637,0.731,0.71,-0.017,-0.321,0.472,-0.559,0.623,-0.598,0.762,1.0,-0.08,0.243,0.732,0.623,0.679,-0.539,0.612,-0.425,0.396,0.658,-0.708,0.672,0.604,0.71,0.312,0.743,0.128,0.029,0.722,0.681,0.794,0.617,0.262,0.749,0.416,0.764,0.442,0.192,0.798,-0.494,0.7,0.807,-0.253,0.711,-0.109,-0.563,0.655,-0.633,0.089,0.521,-0.561,0.694,0.667,-0.235,-0.556,0.779,0.755,0.465,0.737,0.727,0.386,-0.452,-0.653,0.752,-0.664,-0.289,0.711,0.337,-0.596,0.734,0.014,0.356,-0.461,-0.327,-0.615,-0.648,0.186,0.353,0.061,-0.047,0.683,-0.587,0.598,0.525,-0.624,0.51,0.781,0.18,0.825,0.236,-0.41,0.6,0.627,0.731,0.781,0.738,-0.307,0.815,0.738,0.791,0.837,0.643,-0.438,0.619,0.582,0.664,-0.708,-0.187,0.404,0.645,0.719,0.267,0.535,-0.618,0.734,-0.586,0.645,-0.603,-0.622,-0.057,0.77,-0.524,0.801,-0.592,0.66,0.505,-0.037,0.664,-0.413,0.871,0.136,0.736,0.77,0.639,0.56,-0.531,-0.294,0.633,0.415,0.779,0.588,-0.652,-0.223,0.574,0.418,0.12,0.057,-0.241,0.643,0.711,0.558,0.729,-0.447,0.282,0.012,0.778,0.584,-0.543,0.573,0.447,0.837,-0.654,-0.596,-0.675,0.646,-0.574,-0.666,0.747,-0.401,-0.189,0.664,0.037,-0.604,0.239,0.04,-0.491,0.778,-0.684,0.706,0.789
BYND,0.074,-0.135,-0.056,0.095,-0.058,-0.308,0.093,0.009,0.047,-0.217,-0.044,-0.032,0.051,0.016,0.025,-0.112,0.062,-0.068,0.187,-0.062,-0.016,-0.112,0.114,0.28,0.046,0.245,0.275,0.03,-0.037,-0.08,1.0,0.099,-0.125,-0.022,0.278,-0.129,0.119,-0.041,-0.243,-0.152,0.154,-0.073,0.23,0.217,0.112,0.042,-0.22,-0.236,0.227,0.174,0.121,0.433,-0.118,0.03,0.231,0.135,-0.34,-0.016,0.077,0.135,-0.091,0.143,-0.191,0.038,-0.023,0.032,-0.086,0.133,-0.078,-0.23,0.16,0.083,0.178,0.444,0.128,0.012,-0.002,-0.081,0.138,0.122,-0.009,0.032,0.108,0.15,0.189,0.061,0.001,-0.23,0.077,0.003,0.514,-0.151,0.206,0.509,0.035,0.007,-0.121,-0.132,-0.068,-0.091,0.02,-0.023,-0.039,0.003,-0.005,0.115,0.095,-0.149,-0.108,-0.062,0.363,0.026,-0.017,0.034,0.089,0.033,-0.114,0.011,0.018,0.016,0.104,-0.037,0.187,0.105,0.122,-0.009,0.007,0.131,0.006,0.093,0.206,-0.203,-0.323,0.013,0.004,-0.042,0.212,0.123,-0.025,0.614,0.052,-0.098,0.022,0.154,0.314,0.117,-0.024,0.016,-0.083,0.119,0.118,0.065,0.031,-0.16,0.198,0.106,-0.101,-0.148,0.133,0.154,0.326,-0.043,-0.324,0.026,0.298,0.038,-0.177,-0.13,-0.152,0.215,0.282,0.062,-0.066,-0.119,-0.192,0.175,-0.149,0.048,-0.19,0.233,0.049,0.072,0.118,0.009,-0.058,0.064,0.192,0.204,-0.106,-0.055,-0.032,-0.02,-0.122,0.551,-0.215,-0.115,0.026,0.177,0.081,0.104
