,AAL,AAPL,ABUS,ADBE,ADI,ADMA,AEP,AGNC,AKBA,ALT,AMAT,AMD,AMGN,AMZN,APA,APPS,ARCC,ARDX,ATER,ATOS,AUPH,AVGO,AZN,BCRX,BGC,BIDU,BILI,BKR,BLDP,BLNK,BYND,CAN,CELH,CG,CGC,CHRD,CLNE,CMCSA,COMM,COST,CPB,CPRT,CRON,CRWD,CSCO,CSGP,CSX,CTSH,CZR,DBX,DDOG,DKNG,DLTR,DOCU,DVAX,DXCM,EA,EBAY,ENPH,ERIC,ESPR,ETSY,EXC,EXEL,EXPE,FANG,FAST,FITB,FLEX,FOLD,FOXA,FSLR,FTNT,FUTU,GEN,GERN,GEVO,GILD,GOOG,GOOGL,GPRO,GT,HBAN,HIVE,HON,HST,HUT,IBRX,INTC,IOVA,IQ,IRWD,JBLU,JD,KDP,KHC,LBTYK,LRCX,LYFT,MAR,MARA,MAT,MCHP,MCRB,MDLZ,META,MGNI,MLCO,MNKD,MNST,MOMO,MRNA,MRVL,MSFT,MSTR,MTCH,MU,MVIS,NDAQ,NFLX,NKTR,NNDM,NTES,NTNX,NVAX,NVDA,NWL,NWSA,NXPI,OCGN,OKTA,ON,OPK,PAA,PACB,PAGP,PANW,PARA,PCAR,PDD,PENN,PEP,PLUG,PTEN,PTON,PYPL,QCOM,QUBT,QVCGA,RDFN,REAL,RIOT,ROKU,ROST,RUN,SABR,SAVA,SBUX,SFIX,SGMO,SIRI,SLM,SMCI,SNDL,SONO,STNE,STX,TCOM,TGTX,TIGR,TLRY,TMUS,TRIP,TSCO,TSLA,TTD,TXN,UAL,UNIT,VERU,VKTX,VLY,VOD,VTRS,VXRT,WBA,WBD,WDAY,WDC,WEN,WW,WYNN,XEL,XP,XRAY,XRX,Z,ZION,ZM,ZS
AAL,1.0,0.674,0.223,0.242,0.754,-0.117,0.283,0.316,-0.469,-0.504,0.819,0.791,0.637,0.816,0.514,0.689,0.368,0.539,0.294,0.502,0.794,0.794,0.739,-0.184,0.679,0.393,0.505,0.325,0.523,0.592,0.56,0.397,0.665,0.85,0.576,0.356,0.131,0.616,0.404,0.826,0.236,0.882,0.626,0.738,0.149,0.792,0.567,0.779,0.63,0.816,0.643,0.472,0.808,0.364,0.713,0.855,0.478,0.718,0.72,0.763,0.426,0.163,0.51,0.549,0.906,0.483,0.725,0.658,0.762,0.544,-0.061,0.504,0.713,0.551,-0.241,0.531,0.465,0.422,0.799,0.799,0.678,0.845,0.777,0.645,0.796,0.725,0.539,-0.177,0.583,0.59,0.27,0.615,0.959,0.325,0.231,0.289,0.907,0.774,0.712,0.901,0.675,0.213,0.791,0.496,0.328,0.784,0.676,0.259,0.708,0.647,-0.03,0.707,0.826,0.889,0.702,0.737,0.255,0.31,0.872,0.73,-0.51,0.764,0.59,0.641,0.455,0.698,0.189,0.833,0.828,0.694,-0.293,0.778,0.634,0.019,-0.271,-0.03,0.663,0.746,0.763,0.377,0.295,0.623,0.666,-0.247,0.744,0.83,0.252,0.619,0.432,0.127,0.603,0.632,0.656,0.789,0.565,0.853,0.591,0.456,0.295,0.419,0.616,0.712,0.479,0.515,0.682,0.493,0.112,0.318,0.578,0.507,0.514,0.601,0.891,0.486,0.589,0.321,0.842,0.978,0.625,-0.071,-0.026,0.323,0.787,0.764,0.701,-0.272,0.394,0.646,0.688,0.72,0.663,0.615,0.215,0.748,-0.242,0.791,0.588,0.715,0.67,0.657
AAPL,0.674,1.0,0.233,0.454,0.85,0.024,0.441,0.627,-0.261,-0.152,0.846,0.771,0.767,0.76,0.655,0.803,0.606,0.533,0.56,0.602,0.749,0.771,0.563,0.267,0.637,0.633,0.716,0.353,0.604,0.803,0.735,0.685,0.634,0.704,0.71,0.405,0.392,0.809,0.505,0.632,0.469,0.628,0.69,0.67,0.217,0.808,0.67,0.688,0.424,0.814,0.796,0.571,0.538,0.701,0.553,0.773,0.756,0.805,0.757,0.498,0.37,0.411,0.659,0.771,0.559,0.751,0.633,0.345,0.607,0.342,0.342,0.519,0.823,0.723,-0.07,0.593,0.515,0.547,0.876,0.86,0.816,0.592,0.504,0.749,0.756,0.526,0.756,0.235,0.845,0.762,0.726,0.549,0.612,0.545,0.351,0.545,0.699,0.876,0.6,0.637,0.681,0.333,0.703,0.413,0.458,0.835,0.795,0.513,0.601,0.637,0.263,0.556,0.711,0.868,0.854,0.883,0.44,0.484,0.737,0.811,-0.107,0.726,0.737,0.752,0.357,0.752,0.359,0.728,0.685,0.675,-0.209,0.808,0.586,0.447,0.063,0.369,0.746,0.651,0.517,0.634,0.229,0.815,0.813,0.076,0.76,0.74,0.607,0.767,0.321,0.332,0.697,0.727,0.814,0.581,0.603,0.662,0.696,0.645,0.323,0.653,0.768,0.62,0.37,0.662,0.751,0.707,0.394,0.559,0.781,0.738,0.642,0.356,0.606,0.359,0.808,0.624,0.804,0.666,0.746,0.288,0.172,0.065,0.606,0.747,0.688,-0.269,0.541,0.676,0.778,0.658,0.529,0.68,0.334,0.538,0.235,0.725,0.686,0.656,0.803,0.825
ABUS,0.223,0.233,1.0,0.223,0.283,0.148,-0.011,0.293,0.215,0.425,0.387,0.28,0.09,0.246,0.316,0.378,0.081,0.249,0.507,0.417,0.352,0.241,0.204,0.389,0.204,0.286,0.201,0.099,0.483,0.409,0.341,0.279,0.353,0.42,0.123,0.068,0.636,0.178,0.202,0.262,-0.105,0.293,0.084,0.216,0.218,0.227,0.008,0.287,0.533,0.296,0.465,0.283,0.218,0.122,0.427,0.181,0.304,0.036,0.398,0.2,0.338,0.305,0.087,0.37,0.278,0.182,0.209,0.297,0.223,0.417,0.053,0.226,0.215,0.187,-0.17,0.249,0.327,0.056,0.363,0.333,0.284,0.369,0.223,0.193,0.262,0.387,0.241,0.612,0.167,0.238,0.05,0.213,0.242,0.176,0.044,-0.078,0.304,0.352,0.593,0.355,0.237,0.302,0.304,0.68,0.071,0.254,0.33,0.224,0.484,0.306,0.295,0.179,0.291,0.343,0.314,0.461,0.214,0.421,0.24,0.485,0.14,0.269,0.26,0.366,0.618,0.147,0.226,0.301,0.437,0.354,0.321,0.305,0.307,0.175,0.41,0.111,0.195,0.119,0.333,0.198,0.457,0.053,0.434,0.164,0.238,0.36,0.324,0.289,0.384,0.518,0.27,0.266,0.279,0.436,0.405,0.349,0.428,0.332,0.348,0.571,0.064,0.425,0.245,-0.02,0.142,0.304,0.042,0.176,0.463,0.152,0.007,0.282,0.365,0.141,0.135,0.215,0.34,0.239,0.331,0.491,0.593,0.279,0.238,0.352,0.514,0.101,0.124,0.305,0.304,0.34,0.577,0.378,-0.112,0.454,0.19,0.32,0.411,0.272,0.309,0.376
ADBE,0.242,0.454,0.223,1.0,0.497,0.27,-0.027,0.448,-0.137,0.104,0.408,0.376,0.33,0.212,0.153,0.541,0.546,0.153,0.438,0.235,0.192,0.259,0.094,0.162,0.472,0.575,0.598,-0.332,0.16,0.396,0.489,0.471,0.508,0.379,0.303,-0.012,0.172,0.531,0.53,0.166,0.34,0.244,0.286,0.134,0.635,0.339,0.342,0.23,0.489,0.404,0.515,0.591,0.006,0.584,0.387,0.33,0.708,0.36,0.132,-0.009,0.0,0.575,0.174,0.301,0.175,0.242,0.16,0.125,0.353,0.005,0.478,0.034,0.464,0.476,-0.071,0.205,0.146,0.492,0.36,0.328,0.52,0.459,0.097,0.391,0.275,0.148,0.479,0.351,0.374,0.424,0.589,0.041,0.236,0.602,0.568,0.288,0.237,0.506,0.306,0.254,0.297,0.547,0.33,0.181,0.591,0.367,0.565,0.57,0.109,0.619,0.473,0.141,0.282,0.407,0.397,0.472,0.668,0.352,0.365,0.497,0.178,0.233,0.41,0.438,0.274,0.358,0.585,0.318,0.356,0.31,0.568,0.462,0.27,0.065,0.599,0.071,0.364,0.13,0.383,0.573,0.495,0.449,0.297,-0.29,0.346,0.291,0.554,0.346,0.54,0.525,0.516,0.315,0.534,0.554,0.055,0.188,0.457,0.691,0.463,0.508,0.126,0.479,0.243,0.166,0.45,0.317,0.458,0.573,0.437,0.409,0.24,0.19,0.1,-0.16,0.462,0.639,0.254,0.263,0.399,0.399,0.349,0.232,0.412,0.257,0.336,-0.072,0.404,0.637,0.527,0.519,0.233,0.532,-0.015,0.377,0.405,0.263,0.495,0.307,0.504,0.507
ADI,0.754,0.85,0.283,0.497,1.0,-0.115,0.344,0.486,-0.33,-0.119,0.933,0.784,0.832,0.851,0.593,0.761,0.534,0.626,0.468,0.742,0.752,0.83,0.641,0.08,0.785,0.688,0.733,0.336,0.528,0.745,0.825,0.607,0.756,0.877,0.647,0.439,0.318,0.831,0.574,0.752,0.275,0.824,0.672,0.703,0.414,0.898,0.64,0.813,0.577,0.912,0.724,0.542,0.634,0.587,0.76,0.811,0.705,0.76,0.69,0.558,0.602,0.443,0.587,0.804,0.702,0.684,0.791,0.646,0.737,0.511,0.332,0.467,0.845,0.783,-0.098,0.6,0.501,0.604,0.917,0.879,0.752,0.74,0.758,0.714,0.907,0.6,0.702,0.142,0.725,0.764,0.524,0.734,0.774,0.583,0.343,0.359,0.8,0.922,0.605,0.768,0.705,0.346,0.818,0.626,0.433,0.923,0.813,0.449,0.688,0.751,0.208,0.693,0.789,0.915,0.875,0.845,0.404,0.395,0.819,0.88,-0.299,0.747,0.796,0.843,0.517,0.83,0.418,0.874,0.793,0.829,-0.108,0.905,0.81,0.176,0.052,0.098,0.762,0.781,0.713,0.615,0.289,0.827,0.685,-0.057,0.747,0.907,0.555,0.724,0.546,0.308,0.814,0.807,0.745,0.795,0.561,0.815,0.696,0.697,0.311,0.634,0.626,0.828,0.577,0.566,0.698,0.821,0.286,0.509,0.871,0.811,0.532,0.594,0.681,0.439,0.767,0.533,0.886,0.781,0.778,0.3,0.348,0.363,0.74,0.831,0.838,-0.186,0.484,0.772,0.778,0.848,0.577,0.666,0.286,0.689,0.129,0.907,0.764,0.87,0.823,0.813
ADMA,-0.117,0.024,0.148,0.27,-0.115,1.0,0.161,0.435,0.085,0.006,-0.056,-0.089,-0.028,-0.135,-0.1,-0.08,-0.109,-0.18,0.141,-0.281,-0.21,-0.058,-0.011,0.287,-0.275,-0.225,-0.204,-0.088,0.107,-0.013,-0.148,-0.125,-0.209,-0.257,0.194,-0.172,0.305,-0.058,-0.348,-0.098,-0.047,-0.234,0.135,-0.12,0.039,-0.134,-0.134,-0.197,-0.11,-0.202,-0.016,-0.115,-0.082,-0.023,-0.346,0.02,0.081,0.009,0.019,-0.016,-0.218,-0.186,0.338,0.119,-0.206,-0.206,-0.102,-0.329,-0.054,-0.065,-0.181,0.177,-0.145,-0.315,-0.138,0.146,0.091,-0.168,-0.05,-0.07,0.101,-0.097,-0.309,0.141,-0.182,0.134,0.087,0.286,0.091,-0.006,0.083,-0.142,-0.206,-0.226,0.03,0.015,-0.18,-0.124,0.105,-0.096,0.016,-0.105,-0.065,-0.072,-0.066,-0.045,-0.045,-0.186,0.012,-0.133,-0.036,-0.219,-0.105,-0.056,0.066,-0.031,0.144,0.394,-0.114,-0.101,0.18,-0.15,-0.248,-0.222,-0.193,-0.01,-0.023,-0.166,-0.11,-0.281,0.271,0.053,-0.081,0.085,0.216,0.181,0.003,-0.316,-0.239,-0.151,-0.038,-0.18,0.081,0.149,-0.114,-0.197,0.037,-0.139,-0.33,0.082,-0.166,0.026,0.013,-0.007,0.091,-0.179,-0.05,0.024,-0.068,0.289,0.105,-0.187,-0.321,0.173,0.232,-0.205,-0.134,-0.171,-0.066,-0.196,0.362,-0.013,-0.037,-0.118,0.078,0.022,-0.037,-0.166,-0.077,0.02,-0.013,0.003,-0.224,-0.141,-0.125,0.276,-0.385,-0.022,-0.104,-0.053,0.133,-0.142,0.251,-0.058,0.04,-0.079,-0.155,-0.169,-0.125,-0.1
AEP,0.283,0.441,-0.011,-0.027,0.344,0.161,1.0,0.34,-0.368,-0.257,0.332,0.322,0.635,0.326,0.46,0.14,0.028,0.287,0.156,0.097,0.357,0.6,0.324,0.224,0.008,-0.005,0.124,0.564,0.257,0.315,0.247,0.234,0.077,0.16,0.283,0.445,0.247,0.45,-0.254,0.499,0.284,0.174,0.284,0.245,-0.032,0.405,0.618,0.355,-0.138,0.362,0.198,0.009,0.392,0.119,0.011,0.504,0.295,0.499,0.451,0.287,0.158,-0.177,0.809,0.521,0.138,0.414,0.583,-0.064,0.194,0.223,-0.049,0.605,0.307,0.083,-0.041,0.335,0.32,0.134,0.434,0.419,0.303,0.093,0.17,0.296,0.445,0.356,0.109,0.024,0.597,0.366,0.253,0.492,0.203,-0.087,0.11,0.529,0.257,0.304,0.274,0.269,0.255,-0.314,0.336,0.102,0.066,0.412,0.348,-0.133,0.427,0.141,-0.269,0.166,0.45,0.393,0.456,0.313,-0.175,0.32,0.313,0.282,-0.162,0.247,0.239,0.249,-0.231,0.329,-0.06,0.28,0.219,0.197,-0.42,0.387,0.313,0.33,-0.282,0.259,0.374,0.405,0.046,0.024,-0.26,0.495,0.468,0.497,0.42,0.355,0.049,0.115,-0.201,-0.263,0.082,0.386,0.207,0.168,0.485,0.265,0.218,0.092,-0.139,0.244,0.67,0.014,-0.132,0.387,0.336,0.23,-0.05,-0.039,0.279,0.287,0.443,0.16,0.367,0.543,0.484,-0.007,0.541,0.263,0.276,-0.148,-0.21,-0.151,-0.036,0.472,0.23,0.318,-0.102,0.139,0.242,0.16,0.221,0.112,0.901,0.116,0.047,0.345,0.016,0.234,0.331,0.313
AGNC,0.316,0.627,0.293,0.448,0.486,0.435,0.34,1.0,0.045,0.079,0.515,0.413,0.47,0.309,0.38,0.543,0.455,0.259,0.526,0.301,0.372,0.467,0.222,0.553,0.368,0.414,0.366,0.105,0.483,0.673,0.526,0.456,0.341,0.298,0.483,0.242,0.566,0.592,0.18,0.311,0.259,0.23,0.404,0.197,0.204,0.338,0.37,0.392,0.213,0.484,0.577,0.382,0.279,0.646,0.195,0.401,0.538,0.468,0.513,0.263,0.075,0.411,0.499,0.532,0.15,0.368,0.328,-0.017,0.233,0.198,0.286,0.51,0.419,0.407,-0.132,0.46,0.474,0.326,0.555,0.563,0.574,0.275,0.134,0.558,0.39,0.363,0.557,0.511,0.537,0.347,0.518,0.256,0.207,0.325,0.256,0.37,0.292,0.529,0.484,0.253,0.467,0.289,0.336,0.258,0.315,0.519,0.545,0.449,0.45,0.319,0.32,0.16,0.426,0.498,0.64,0.571,0.423,0.612,0.378,0.531,0.182,0.458,0.471,0.398,0.179,0.379,0.319,0.356,0.445,0.276,0.12,0.568,0.3,0.482,0.291,0.462,0.418,0.215,0.111,0.416,0.13,0.414,0.59,0.145,0.447,0.363,0.514,0.392,0.155,0.37,0.351,0.47,0.603,0.337,0.512,0.311,0.392,0.554,0.172,0.645,0.597,0.305,0.162,0.409,0.574,0.36,0.168,0.411,0.484,0.384,0.492,0.002,0.375,0.133,0.524,0.473,0.453,0.279,0.472,0.402,0.255,0.052,0.206,0.405,0.404,0.089,0.285,0.381,0.491,0.405,0.495,0.466,0.346,0.306,0.361,0.387,0.342,0.278,0.578,0.458
AKBA,-0.469,-0.261,0.215,-0.137,-0.33,0.085,-0.368,0.045,1.0,0.494,-0.254,-0.329,-0.433,-0.336,-0.115,-0.187,-0.127,-0.047,0.102,-0.073,-0.246,-0.365,-0.341,0.256,-0.212,-0.075,-0.244,-0.199,-0.072,-0.141,-0.197,-0.071,-0.182,-0.322,-0.193,-0.173,0.151,-0.289,-0.125,-0.438,-0.136,-0.386,-0.285,-0.283,-0.23,-0.353,-0.397,-0.32,-0.051,-0.338,-0.096,-0.217,-0.362,-0.139,-0.236,-0.444,-0.137,-0.421,-0.223,-0.302,-0.162,0.109,-0.411,-0.18,-0.365,-0.178,-0.425,-0.201,-0.359,-0.212,0.084,-0.212,-0.326,-0.222,0.062,-0.115,-0.112,-0.251,-0.281,-0.302,-0.195,-0.319,-0.316,-0.221,-0.388,-0.319,-0.064,0.355,-0.278,-0.227,-0.102,-0.352,-0.451,-0.161,-0.187,-0.217,-0.337,-0.204,-0.162,-0.386,-0.22,0.067,-0.321,-0.05,-0.264,-0.378,-0.198,0.01,-0.227,-0.227,0.295,-0.335,-0.296,-0.36,-0.289,-0.179,0.12,-0.043,-0.403,-0.224,0.395,-0.238,-0.246,-0.196,0.027,-0.323,0.022,-0.383,-0.244,-0.232,0.213,-0.276,-0.292,0.129,0.303,0.313,-0.252,-0.436,-0.319,-0.122,-0.023,-0.403,-0.152,0.112,-0.241,-0.354,0.196,-0.154,-0.081,0.198,-0.21,-0.269,-0.136,-0.282,-0.066,-0.409,-0.012,-0.189,0.053,-0.008,-0.302,-0.194,0.086,-0.227,-0.278,-0.13,-0.05,-0.114,-0.116,-0.216,-0.259,-0.464,-0.344,-0.237,-0.32,-0.084,-0.37,-0.434,-0.143,0.367,0.312,-0.053,-0.256,-0.303,-0.146,0.058,-0.055,-0.203,-0.2,-0.403,-0.093,-0.116,-0.375,-0.091,0.215,-0.301,-0.074,-0.25,-0.284,-0.219
ALT,-0.504,-0.152,0.425,0.104,-0.119,0.006,-0.257,0.079,0.494,1.0,-0.139,-0.351,-0.206,-0.303,0.044,0.02,0.096,-0.166,0.157,0.167,-0.222,-0.311,-0.468,0.617,-0.1,0.279,-0.009,-0.154,-0.004,-0.005,0.071,0.097,0.078,-0.136,-0.3,0.012,0.485,-0.01,0.206,-0.366,-0.084,-0.314,-0.367,-0.38,0.252,-0.26,-0.17,-0.216,0.006,-0.179,0.044,0.093,-0.42,0.063,-0.005,-0.38,0.145,-0.346,-0.207,-0.519,0.038,0.461,-0.343,-0.005,-0.451,0.098,-0.283,-0.202,-0.378,-0.151,0.502,-0.262,-0.104,0.061,0.168,-0.248,-0.103,0.079,-0.155,-0.185,-0.135,-0.259,-0.302,-0.329,-0.246,-0.417,-0.038,0.715,-0.154,-0.198,0.057,-0.244,-0.445,0.255,0.146,-0.065,-0.392,-0.06,-0.065,-0.423,-0.247,0.325,-0.281,0.196,0.094,-0.19,-0.004,0.285,-0.163,-0.035,0.572,-0.285,-0.301,-0.272,-0.106,-0.031,0.112,0.077,-0.329,0.053,0.637,-0.241,0.005,-0.001,0.253,-0.29,0.35,-0.248,-0.166,-0.027,0.526,-0.189,-0.121,0.283,0.691,0.199,-0.245,-0.332,-0.212,0.145,0.257,-0.121,-0.143,0.363,-0.264,-0.192,0.378,-0.049,0.187,0.519,0.038,-0.187,-0.019,-0.099,-0.1,-0.312,-0.102,0.174,0.217,0.224,-0.326,-0.02,-0.035,-0.411,-0.384,0.134,0.286,0.193,0.16,-0.03,-0.445,-0.292,-0.441,-0.224,-0.281,0.241,-0.278,-0.462,0.052,0.692,0.763,0.0,-0.266,-0.201,0.006,0.119,0.094,-0.022,-0.07,-0.135,-0.063,0.095,-0.22,-0.198,0.581,-0.251,0.093,-0.203,0.039,0.016
AMAT,0.819,0.846,0.387,0.408,0.933,-0.056,0.332,0.515,-0.254,-0.139,1.0,0.859,0.757,0.818,0.63,0.78,0.461,0.636,0.499,0.734,0.779,0.858,0.74,0.126,0.784,0.637,0.686,0.407,0.671,0.746,0.766,0.612,0.77,0.865,0.704,0.443,0.413,0.764,0.495,0.795,0.244,0.801,0.715,0.673,0.294,0.897,0.585,0.829,0.613,0.902,0.756,0.505,0.698,0.506,0.757,0.844,0.694,0.696,0.798,0.632,0.565,0.356,0.558,0.786,0.777,0.665,0.78,0.64,0.794,0.537,0.217,0.54,0.797,0.716,-0.141,0.619,0.577,0.505,0.923,0.897,0.787,0.768,0.766,0.734,0.884,0.649,0.742,0.161,0.774,0.746,0.472,0.717,0.829,0.49,0.251,0.332,0.86,0.938,0.756,0.821,0.746,0.292,0.866,0.671,0.394,0.925,0.809,0.387,0.766,0.699,0.224,0.694,0.856,0.937,0.902,0.896,0.393,0.439,0.815,0.872,-0.298,0.787,0.766,0.795,0.563,0.867,0.355,0.876,0.887,0.824,-0.118,0.929,0.763,0.26,0.016,0.194,0.778,0.727,0.707,0.587,0.312,0.727,0.784,-0.01,0.762,0.91,0.542,0.807,0.514,0.371,0.81,0.783,0.773,0.801,0.688,0.804,0.726,0.641,0.319,0.672,0.679,0.798,0.577,0.615,0.678,0.764,0.241,0.454,0.837,0.75,0.583,0.567,0.79,0.477,0.724,0.498,0.903,0.833,0.782,0.291,0.314,0.362,0.725,0.845,0.86,-0.161,0.437,0.759,0.781,0.816,0.705,0.689,0.262,0.756,0.025,0.908,0.783,0.837,0.798,0.795
AMD,0.791,0.771,0.28,0.376,0.784,-0.089,0.322,0.413,-0.329,-0.351,0.859,1.0,0.676,0.75,0.517,0.67,0.389,0.617,0.428,0.586,0.754,0.81,0.717,-0.022,0.706,0.533,0.673,0.28,0.58,0.634,0.649,0.656,0.7,0.757,0.715,0.277,0.214,0.652,0.381,0.745,0.278,0.705,0.73,0.674,0.197,0.788,0.556,0.706,0.526,0.815,0.666,0.531,0.653,0.474,0.669,0.742,0.606,0.698,0.734,0.587,0.375,0.224,0.471,0.659,0.711,0.556,0.639,0.501,0.761,0.462,0.121,0.502,0.683,0.635,-0.19,0.575,0.534,0.405,0.76,0.75,0.716,0.688,0.607,0.728,0.81,0.665,0.681,-0.018,0.756,0.696,0.478,0.581,0.79,0.446,0.194,0.35,0.771,0.806,0.639,0.755,0.723,0.204,0.752,0.465,0.337,0.795,0.695,0.324,0.666,0.638,0.152,0.592,0.827,0.843,0.776,0.803,0.383,0.352,0.729,0.764,-0.354,0.678,0.719,0.761,0.369,0.844,0.263,0.738,0.807,0.689,-0.123,0.813,0.633,0.227,-0.101,0.182,0.699,0.665,0.618,0.584,0.258,0.653,0.724,-0.184,0.765,0.778,0.403,0.756,0.445,0.267,0.754,0.696,0.726,0.668,0.576,0.722,0.74,0.506,0.277,0.542,0.588,0.663,0.504,0.651,0.683,0.61,0.208,0.431,0.687,0.656,0.624,0.471,0.722,0.339,0.688,0.409,0.783,0.774,0.695,0.122,0.082,0.233,0.671,0.791,0.704,-0.268,0.402,0.643,0.742,0.699,0.617,0.617,0.187,0.689,-0.028,0.755,0.659,0.735,0.705,0.697
AMGN,0.637,0.767,0.09,0.33,0.832,-0.028,0.635,0.47,-0.433,-0.206,0.757,0.676,1.0,0.742,0.599,0.585,0.411,0.635,0.309,0.567,0.681,0.817,0.56,0.177,0.54,0.5,0.561,0.45,0.424,0.641,0.697,0.542,0.611,0.682,0.571,0.539,0.287,0.815,0.331,0.779,0.34,0.642,0.593,0.594,0.317,0.797,0.78,0.735,0.246,0.793,0.522,0.416,0.634,0.507,0.582,0.797,0.595,0.803,0.629,0.509,0.496,0.243,0.748,0.78,0.469,0.649,0.842,0.369,0.569,0.432,0.272,0.581,0.699,0.646,-0.095,0.626,0.462,0.604,0.761,0.719,0.601,0.517,0.601,0.589,0.846,0.561,0.529,0.015,0.749,0.689,0.51,0.732,0.587,0.443,0.374,0.513,0.617,0.754,0.436,0.579,0.593,0.062,0.686,0.421,0.342,0.816,0.729,0.209,0.664,0.56,0.021,0.589,0.74,0.777,0.78,0.687,0.236,0.386,0.738,0.743,-0.342,0.626,0.68,0.725,0.2,0.716,0.275,0.732,0.602,0.699,-0.262,0.741,0.719,0.179,-0.139,0.132,0.636,0.771,0.474,0.463,-0.013,0.867,0.628,0.109,0.726,0.804,0.357,0.533,0.265,0.068,0.599,0.73,0.643,0.6,0.553,0.66,0.551,0.481,0.088,0.528,0.735,0.586,0.293,0.541,0.604,0.704,0.209,0.334,0.741,0.711,0.547,0.437,0.564,0.533,0.725,0.359,0.823,0.635,0.685,0.078,0.156,0.152,0.562,0.776,0.676,-0.004,0.304,0.548,0.64,0.676,0.437,0.456,0.591,0.484,0.102,0.758,0.522,0.691,0.787,0.656
AMZN,0.816,0.76,0.246,0.212,0.851,-0.135,0.326,0.309,-0.336,-0.303,0.818,0.75,0.742,1.0,0.636,0.649,0.33,0.649,0.39,0.681,0.86,0.761,0.724,-0.05,0.623,0.48,0.572,0.507,0.574,0.715,0.665,0.457,0.633,0.85,0.594,0.464,0.281,0.612,0.377,0.786,0.098,0.879,0.652,0.936,0.139,0.862,0.612,0.806,0.455,0.809,0.609,0.427,0.755,0.392,0.649,0.76,0.479,0.802,0.786,0.698,0.668,0.157,0.572,0.738,0.768,0.617,0.782,0.646,0.716,0.662,0.008,0.545,0.713,0.658,-0.239,0.642,0.594,0.401,0.855,0.828,0.588,0.669,0.782,0.659,0.828,0.73,0.601,-0.097,0.617,0.731,0.389,0.757,0.797,0.41,0.164,0.185,0.816,0.768,0.567,0.811,0.718,0.132,0.792,0.61,0.138,0.797,0.636,0.236,0.724,0.576,0.017,0.758,0.75,0.864,0.737,0.734,0.136,0.354,0.819,0.772,-0.471,0.766,0.706,0.726,0.448,0.769,0.099,0.843,0.744,0.765,-0.3,0.728,0.785,0.097,-0.258,0.026,0.672,0.778,0.614,0.446,0.115,0.665,0.716,-0.04,0.699,0.866,0.29,0.646,0.32,0.111,0.634,0.767,0.631,0.672,0.631,0.879,0.629,0.434,0.257,0.525,0.621,0.698,0.551,0.543,0.64,0.72,0.067,0.317,0.739,0.709,0.489,0.58,0.767,0.576,0.693,0.282,0.888,0.811,0.714,0.069,0.175,0.244,0.746,0.8,0.787,-0.258,0.337,0.591,0.596,0.668,0.625,0.504,0.226,0.687,-0.135,0.855,0.607,0.775,0.678,0.657
APA,0.514,0.655,0.316,0.153,0.593,-0.1,0.46,0.38,-0.115,0.044,0.63,0.517,0.599,0.636,1.0,0.662,0.385,0.667,0.43,0.634,0.773,0.612,0.481,0.234,0.367,0.433,0.366,0.583,0.644,0.638,0.598,0.514,0.61,0.575,0.48,0.727,0.618,0.603,0.313,0.644,0.215,0.517,0.473,0.557,0.027,0.631,0.709,0.677,0.34,0.68,0.645,0.423,0.566,0.405,0.427,0.661,0.553,0.547,0.757,0.503,0.482,0.306,0.474,0.688,0.408,0.842,0.635,0.232,0.479,0.438,0.139,0.582,0.605,0.471,-0.286,0.577,0.617,0.382,0.688,0.69,0.553,0.462,0.407,0.462,0.574,0.413,0.476,0.205,0.635,0.576,0.377,0.503,0.467,0.281,0.197,0.364,0.535,0.675,0.534,0.478,0.564,0.162,0.555,0.43,0.154,0.602,0.676,0.318,0.589,0.473,0.204,0.462,0.664,0.646,0.575,0.672,0.111,0.531,0.634,0.675,-0.052,0.686,0.545,0.643,0.338,0.491,0.103,0.527,0.573,0.603,-0.187,0.562,0.453,0.551,-0.058,0.524,0.565,0.51,0.298,0.387,0.144,0.551,0.77,0.471,0.654,0.66,0.424,0.617,0.188,0.32,0.484,0.575,0.583,0.484,0.704,0.516,0.618,0.344,0.324,0.571,0.625,0.372,0.288,0.407,0.383,0.615,0.214,0.294,0.63,0.559,0.35,0.132,0.552,0.631,0.54,0.385,0.691,0.546,0.708,0.246,0.319,-0.137,0.449,0.71,0.625,-0.116,0.374,0.572,0.576,0.33,0.537,0.593,0.352,0.546,0.084,0.538,0.583,0.405,0.654,0.62
APPS,0.689,0.803,0.378,0.541,0.761,-0.08,0.14,0.543,-0.187,0.02,0.78,0.67,0.585,0.649,0.662,1.0,0.765,0.497,0.525,0.583,0.753,0.632,0.449,0.218,0.67,0.796,0.71,0.115,0.532,0.737,0.727,0.735,0.847,0.774,0.555,0.355,0.396,0.761,0.747,0.55,0.415,0.659,0.547,0.573,0.328,0.667,0.612,0.682,0.686,0.844,0.924,0.802,0.458,0.763,0.676,0.716,0.795,0.655,0.626,0.422,0.29,0.668,0.372,0.632,0.545,0.708,0.478,0.365,0.572,0.351,0.438,0.318,0.875,0.773,-0.102,0.477,0.39,0.666,0.778,0.798,0.797,0.721,0.473,0.614,0.626,0.426,0.741,0.37,0.666,0.587,0.646,0.363,0.659,0.696,0.545,0.477,0.62,0.881,0.629,0.56,0.652,0.55,0.573,0.448,0.583,0.748,0.837,0.737,0.546,0.76,0.547,0.566,0.664,0.803,0.769,0.877,0.561,0.462,0.716,0.889,0.105,0.746,0.758,0.79,0.576,0.587,0.5,0.743,0.706,0.64,0.053,0.737,0.475,0.339,0.25,0.285,0.649,0.539,0.638,0.686,0.518,0.712,0.684,-0.092,0.693,0.711,0.719,0.778,0.532,0.593,0.727,0.608,0.859,0.725,0.436,0.651,0.663,0.793,0.621,0.62,0.497,0.678,0.406,0.426,0.638,0.611,0.527,0.751,0.764,0.606,0.418,0.283,0.534,0.203,0.591,0.803,0.641,0.7,0.787,0.475,0.357,0.117,0.709,0.655,0.705,-0.414,0.693,0.784,0.853,0.678,0.525,0.918,0.102,0.613,0.314,0.615,0.783,0.566,0.881,0.859
ARCC,0.368,0.606,0.081,0.546,0.534,-0.109,0.028,0.455,-0.127,0.096,0.461,0.389,0.411,0.33,0.385,0.765,1.0,0.186,0.247,0.204,0.401,0.323,0.048,0.214,0.523,0.657,0.518,-0.218,0.112,0.427,0.455,0.554,0.645,0.505,0.333,0.064,0.097,0.701,0.695,0.171,0.7,0.36,0.29,0.29,0.427,0.311,0.522,0.31,0.525,0.57,0.697,0.825,0.007,0.86,0.446,0.406,0.697,0.517,0.186,0.024,-0.103,0.825,0.217,0.358,0.231,0.534,0.089,0.106,0.221,-0.175,0.685,-0.057,0.764,0.581,0.202,0.148,-0.03,0.784,0.445,0.456,0.687,0.535,0.198,0.326,0.331,0.004,0.463,0.338,0.492,0.268,0.635,-0.033,0.347,0.686,0.74,0.63,0.289,0.658,0.206,0.233,0.281,0.733,0.119,0.021,0.779,0.501,0.62,0.874,0.033,0.722,0.564,0.118,0.318,0.514,0.453,0.648,0.657,0.193,0.426,0.587,0.238,0.332,0.511,0.595,0.258,0.262,0.709,0.441,0.316,0.318,0.089,0.466,0.079,0.323,0.303,0.284,0.37,0.22,0.477,0.523,0.59,0.659,0.296,-0.151,0.433,0.323,0.744,0.501,0.45,0.41,0.528,0.228,0.748,0.504,0.005,0.257,0.344,0.754,0.581,0.261,0.282,0.495,0.164,0.242,0.429,0.32,0.763,0.743,0.484,0.332,0.264,0.009,0.122,-0.135,0.299,0.879,0.287,0.405,0.513,0.466,0.202,0.078,0.542,0.326,0.276,-0.426,0.797,0.651,0.795,0.542,0.108,0.794,0.078,0.273,0.614,0.279,0.583,0.32,0.691,0.745
ARDX,0.539,0.533,0.249,0.153,0.626,-0.18,0.287,0.259,-0.047,-0.166,0.636,0.617,0.635,0.649,0.667,0.497,0.186,1.0,0.399,0.691,0.724,0.633,0.598,-0.072,0.482,0.443,0.491,0.448,0.561,0.581,0.689,0.576,0.614,0.61,0.605,0.54,0.276,0.52,0.265,0.746,-0.016,0.584,0.638,0.605,0.025,0.696,0.532,0.723,0.312,0.666,0.507,0.28,0.64,0.311,0.567,0.639,0.36,0.466,0.633,0.641,0.599,0.214,0.309,0.652,0.479,0.544,0.72,0.392,0.661,0.528,-0.058,0.506,0.456,0.567,-0.381,0.794,0.583,0.273,0.623,0.589,0.487,0.467,0.547,0.605,0.709,0.542,0.509,-0.09,0.476,0.685,0.287,0.687,0.542,0.261,-0.064,0.111,0.609,0.613,0.421,0.549,0.65,0.02,0.638,0.514,-0.051,0.656,0.627,0.123,0.698,0.43,0.047,0.629,0.723,0.616,0.557,0.57,0.202,0.447,0.664,0.635,-0.415,0.732,0.555,0.702,0.384,0.648,-0.043,0.571,0.597,0.702,-0.152,0.607,0.661,0.079,-0.172,0.258,0.648,0.646,0.315,0.448,-0.073,0.508,0.63,-0.006,0.747,0.751,0.22,0.628,0.24,0.226,0.581,0.679,0.538,0.513,0.616,0.584,0.763,0.218,0.095,0.543,0.511,0.463,0.521,0.544,0.485,0.725,-0.048,0.188,0.679,0.707,0.457,0.35,0.575,0.599,0.61,0.174,0.667,0.58,0.659,0.081,0.274,-0.008,0.542,0.752,0.756,-0.168,0.223,0.502,0.497,0.423,0.454,0.375,0.138,0.643,-0.197,0.651,0.63,0.609,0.587,0.479
ATER,0.294,0.56,0.507,0.438,0.468,0.141,0.156,0.526,0.102,0.157,0.499,0.428,0.309,0.39,0.43,0.525,0.247,0.399,1.0,0.497,0.497,0.369,0.311,0.409,0.468,0.441,0.6,0.177,0.538,0.666,0.657,0.6,0.435,0.386,0.495,0.231,0.409,0.445,0.293,0.317,0.098,0.309,0.464,0.382,0.103,0.471,0.257,0.369,0.398,0.485,0.65,0.379,0.242,0.467,0.363,0.322,0.568,0.312,0.493,0.245,0.312,0.352,0.274,0.547,0.229,0.481,0.296,0.164,0.437,0.23,0.191,0.358,0.446,0.451,-0.142,0.41,0.527,0.244,0.597,0.611,0.561,0.368,0.174,0.601,0.367,0.285,0.64,0.45,0.46,0.581,0.558,0.304,0.271,0.324,0.041,0.197,0.407,0.525,0.602,0.309,0.649,0.334,0.389,0.455,0.171,0.475,0.558,0.37,0.452,0.454,0.309,0.262,0.398,0.496,0.568,0.615,0.324,0.604,0.317,0.575,0.078,0.467,0.462,0.513,0.481,0.472,0.189,0.319,0.462,0.514,0.254,0.542,0.329,0.28,0.33,0.358,0.657,0.26,0.245,0.593,0.207,0.357,0.629,0.096,0.514,0.428,0.433,0.498,0.34,0.525,0.527,0.644,0.506,0.394,0.483,0.331,0.584,0.395,0.376,0.69,0.444,0.4,0.378,0.414,0.556,0.591,0.158,0.378,0.625,0.611,0.369,0.137,0.394,0.122,0.634,0.369,0.431,0.347,0.55,0.542,0.356,-0.067,0.274,0.5,0.605,-0.167,0.352,0.562,0.425,0.312,0.53,0.486,-0.039,0.481,0.259,0.428,0.565,0.384,0.492,0.583
ATOS,0.502,0.602,0.417,0.235,0.742,-0.281,0.097,0.301,-0.073,0.167,0.734,0.586,0.567,0.681,0.634,0.583,0.204,0.691,0.497,1.0,0.695,0.594,0.526,0.141,0.632,0.575,0.574,0.497,0.655,0.7,0.776,0.515,0.663,0.71,0.5,0.566,0.517,0.544,0.513,0.661,-0.084,0.653,0.523,0.543,0.255,0.746,0.434,0.752,0.38,0.713,0.553,0.278,0.618,0.333,0.696,0.555,0.472,0.405,0.693,0.519,0.804,0.341,0.226,0.664,0.509,0.678,0.703,0.589,0.654,0.638,0.187,0.45,0.536,0.68,-0.235,0.546,0.689,0.315,0.734,0.709,0.419,0.456,0.631,0.568,0.747,0.436,0.59,0.165,0.457,0.648,0.251,0.708,0.537,0.407,-0.025,0.013,0.621,0.684,0.506,0.551,0.661,0.185,0.733,0.719,0.055,0.704,0.633,0.244,0.678,0.454,0.204,0.673,0.637,0.656,0.658,0.664,0.103,0.36,0.638,0.731,-0.235,0.736,0.659,0.724,0.626,0.691,0.105,0.639,0.705,0.865,0.001,0.629,0.773,0.227,0.083,0.12,0.596,0.672,0.409,0.558,0.106,0.525,0.632,0.116,0.57,0.81,0.342,0.69,0.467,0.435,0.684,0.747,0.473,0.511,0.627,0.686,0.621,0.374,0.178,0.665,0.424,0.652,0.633,0.386,0.363,0.892,0.114,0.301,0.794,0.809,0.252,0.43,0.553,0.508,0.61,0.299,0.699,0.533,0.737,0.359,0.587,0.207,0.528,0.754,0.856,-0.157,0.326,0.566,0.459,0.55,0.568,0.456,-0.003,0.612,-0.017,0.709,0.741,0.708,0.646,0.558
AUPH,0.794,0.749,0.352,0.192,0.752,-0.21,0.357,0.372,-0.246,-0.222,0.779,0.754,0.681,0.86,0.773,0.753,0.401,0.724,0.497,0.695,1.0,0.758,0.696,0.062,0.642,0.519,0.589,0.511,0.698,0.774,0.682,0.622,0.688,0.809,0.616,0.588,0.387,0.65,0.425,0.786,0.176,0.794,0.652,0.81,0.046,0.817,0.676,0.848,0.507,0.836,0.749,0.488,0.781,0.49,0.639,0.772,0.577,0.747,0.843,0.702,0.554,0.293,0.469,0.686,0.69,0.723,0.738,0.473,0.68,0.611,0.04,0.602,0.725,0.659,-0.348,0.613,0.651,0.412,0.841,0.846,0.631,0.649,0.644,0.684,0.756,0.651,0.596,0.037,0.702,0.712,0.419,0.636,0.776,0.409,0.171,0.336,0.789,0.79,0.645,0.721,0.738,0.18,0.739,0.546,0.156,0.773,0.704,0.355,0.735,0.595,0.133,0.698,0.815,0.82,0.741,0.788,0.128,0.393,0.795,0.791,-0.316,0.822,0.717,0.764,0.476,0.692,0.088,0.758,0.762,0.721,-0.249,0.706,0.655,0.248,-0.204,0.232,0.702,0.746,0.517,0.511,0.129,0.655,0.816,0.076,0.776,0.831,0.344,0.689,0.321,0.221,0.618,0.722,0.657,0.623,0.693,0.784,0.736,0.417,0.342,0.569,0.663,0.606,0.495,0.553,0.56,0.695,0.134,0.416,0.727,0.689,0.486,0.349,0.77,0.613,0.665,0.361,0.826,0.797,0.759,0.129,0.203,0.018,0.68,0.852,0.784,-0.318,0.43,0.642,0.671,0.56,0.637,0.658,0.205,0.685,-0.061,0.731,0.655,0.651,0.758,0.71
AVGO,0.794,0.771,0.241,0.259,0.83,-0.058,0.6,0.467,-0.365,-0.311,0.858,0.81,0.817,0.761,0.612,0.632,0.323,0.633,0.369,0.594,0.758,1.0,0.712,0.056,0.616,0.48,0.574,0.467,0.522,0.69,0.692,0.569,0.622,0.755,0.666,0.496,0.291,0.716,0.288,0.847,0.219,0.71,0.678,0.656,0.164,0.81,0.677,0.767,0.427,0.821,0.627,0.36,0.71,0.439,0.652,0.859,0.578,0.75,0.741,0.664,0.49,0.175,0.701,0.777,0.675,0.61,0.833,0.476,0.694,0.545,0.083,0.641,0.692,0.612,-0.169,0.608,0.519,0.34,0.846,0.827,0.658,0.643,0.685,0.71,0.902,0.663,0.595,0.041,0.787,0.713,0.416,0.749,0.742,0.349,0.186,0.375,0.766,0.801,0.665,0.736,0.68,0.038,0.785,0.545,0.276,0.865,0.808,0.228,0.753,0.572,0.03,0.652,0.921,0.845,0.843,0.762,0.23,0.418,0.768,0.766,-0.361,0.732,0.697,0.725,0.335,0.807,0.208,0.816,0.777,0.743,-0.306,0.846,0.737,0.191,-0.175,0.134,0.744,0.791,0.591,0.471,0.073,0.741,0.715,0.062,0.837,0.838,0.362,0.616,0.331,0.089,0.662,0.734,0.646,0.683,0.653,0.771,0.651,0.497,0.129,0.559,0.689,0.6,0.407,0.643,0.684,0.654,0.052,0.34,0.728,0.683,0.633,0.52,0.767,0.553,0.732,0.282,0.914,0.788,0.657,0.063,0.114,0.201,0.542,0.853,0.746,-0.033,0.327,0.588,0.669,0.687,0.579,0.57,0.482,0.731,-0.03,0.827,0.566,0.755,0.742,0.692
AZN,0.739,0.563,0.204,0.094,0.641,-0.011,0.324,0.222,-0.341,-0.468,0.74,0.717,0.56,0.724,0.481,0.449,0.048,0.598,0.311,0.526,0.696,0.712,1.0,-0.241,0.571,0.222,0.398,0.509,0.678,0.533,0.477,0.329,0.408,0.661,0.708,0.393,0.228,0.343,0.146,0.737,-0.092,0.672,0.766,0.693,-0.106,0.776,0.344,0.728,0.345,0.643,0.4,0.074,0.772,0.18,0.521,0.753,0.345,0.552,0.743,0.81,0.587,-0.136,0.441,0.613,0.741,0.373,0.725,0.579,0.784,0.617,-0.313,0.57,0.441,0.387,-0.368,0.636,0.596,0.11,0.679,0.693,0.459,0.573,0.703,0.685,0.691,0.711,0.553,-0.229,0.62,0.733,0.16,0.689,0.759,0.07,-0.166,0.02,0.809,0.594,0.58,0.764,0.699,-0.152,0.792,0.566,-0.045,0.703,0.479,-0.038,0.714,0.315,-0.21,0.727,0.755,0.686,0.659,0.57,-0.025,0.295,0.672,0.514,-0.55,0.683,0.467,0.474,0.389,0.804,-0.147,0.748,0.703,0.646,-0.282,0.699,0.668,-0.011,-0.411,0.009,0.658,0.693,0.496,0.251,-0.074,0.367,0.679,-0.027,0.631,0.725,0.043,0.646,0.122,0.007,0.554,0.692,0.374,0.527,0.652,0.71,0.607,0.149,0.013,0.453,0.556,0.488,0.374,0.689,0.522,0.539,-0.199,0.059,0.53,0.557,0.639,0.555,0.811,0.597,0.609,0.042,0.768,0.749,0.497,-0.133,-0.024,0.183,0.57,0.734,0.642,-0.127,0.1,0.493,0.396,0.543,0.667,0.311,0.204,0.679,-0.468,0.794,0.474,0.668,0.401,0.419
BCRX,-0.184,0.267,0.389,0.162,0.08,0.287,0.224,0.553,0.256,0.617,0.126,-0.022,0.177,-0.05,0.234,0.218,0.214,-0.072,0.409,0.141,0.062,0.056,-0.241,1.0,-0.025,0.289,0.151,0.104,0.281,0.351,0.193,0.308,0.128,-0.059,0.007,0.157,0.61,0.286,0.059,-0.084,0.152,-0.215,-0.091,-0.136,0.111,-0.013,0.115,-0.035,-0.08,0.106,0.281,0.22,-0.112,0.343,-0.054,-0.054,0.318,0.107,0.181,-0.27,-0.012,0.348,0.215,0.25,-0.311,0.296,-0.004,-0.339,-0.202,-0.088,0.436,0.196,0.119,0.189,0.121,0.01,0.203,0.219,0.164,0.137,0.192,-0.147,-0.234,-0.019,-0.029,-0.118,0.152,0.742,0.289,0.005,0.426,-0.043,-0.253,0.277,0.244,0.3,-0.164,0.175,0.24,-0.219,0.008,0.178,-0.067,0.123,0.178,0.102,0.231,0.282,0.127,0.04,0.453,-0.196,-0.002,0.053,0.263,0.272,0.149,0.38,-0.109,0.251,0.549,0.019,0.249,0.148,0.093,-0.049,0.299,-0.058,0.003,0.011,0.223,0.065,-0.05,0.507,0.461,0.443,0.026,-0.139,-0.205,0.279,0.073,0.154,0.29,0.471,0.029,0.011,0.394,0.066,0.032,0.384,0.033,0.069,0.294,-0.035,0.28,-0.087,-0.006,0.299,0.101,0.405,0.3,-0.005,-0.164,-0.046,-0.027,0.194,0.221,0.323,0.257,0.138,-0.002,-0.353,-0.066,-0.067,0.088,0.324,0.071,-0.207,0.23,0.574,0.414,-0.159,-0.238,0.026,0.12,0.228,0.085,0.034,0.139,0.004,0.22,0.218,0.227,-0.097,0.615,-0.053,0.104,-0.107,0.346,0.217
BGC,0.679,0.637,0.204,0.472,0.785,-0.275,0.008,0.368,-0.212,-0.1,0.784,0.706,0.54,0.623,0.367,0.67,0.523,0.482,0.468,0.632,0.642,0.616,0.571,-0.025,1.0,0.595,0.672,0.112,0.412,0.607,0.701,0.531,0.671,0.778,0.569,0.247,0.122,0.669,0.626,0.542,0.27,0.725,0.598,0.518,0.399,0.715,0.409,0.688,0.65,0.754,0.668,0.509,0.526,0.557,0.781,0.596,0.664,0.548,0.491,0.425,0.438,0.506,0.176,0.518,0.661,0.498,0.513,0.615,0.632,0.312,0.336,0.199,0.711,0.677,-0.054,0.39,0.416,0.56,0.724,0.726,0.64,0.72,0.669,0.667,0.693,0.397,0.653,0.054,0.576,0.601,0.405,0.432,0.732,0.527,0.281,0.28,0.754,0.8,0.54,0.66,0.644,0.492,0.655,0.489,0.472,0.748,0.654,0.501,0.489,0.741,0.241,0.553,0.643,0.722,0.688,0.716,0.413,0.239,0.679,0.703,-0.289,0.601,0.628,0.701,0.577,0.74,0.433,0.718,0.75,0.739,0.111,0.778,0.58,0.043,0.066,0.003,0.678,0.614,0.684,0.589,0.349,0.64,0.511,-0.271,0.627,0.702,0.485,0.69,0.68,0.366,0.833,0.616,0.619,0.686,0.351,0.598,0.584,0.552,0.37,0.538,0.421,0.788,0.635,0.471,0.539,0.686,0.338,0.475,0.692,0.695,0.38,0.42,0.577,0.218,0.549,0.454,0.633,0.719,0.659,0.285,0.302,0.342,0.735,0.658,0.704,-0.314,0.591,0.757,0.696,0.766,0.525,0.662,-0.079,0.622,0.094,0.714,0.7,0.722,0.67,0.692
BIDU,0.393,0.633,0.286,0.575,0.688,-0.225,-0.005,0.414,-0.075,0.279,0.637,0.533,0.5,0.48,0.433,0.796,0.657,0.443,0.441,0.575,0.519,0.48,0.222,0.289,0.595,1.0,0.853,-0.051,0.368,0.621,0.74,0.78,0.796,0.612,0.416,0.337,0.304,0.659,0.756,0.348,0.256,0.438,0.417,0.369,0.447,0.536,0.489,0.479,0.487,0.68,0.709,0.714,0.178,0.696,0.603,0.467,0.719,0.487,0.38,0.107,0.279,0.719,0.127,0.507,0.282,0.585,0.354,0.291,0.45,0.24,0.618,0.132,0.67,0.914,-0.057,0.336,0.249,0.568,0.591,0.579,0.603,0.458,0.352,0.407,0.536,0.173,0.669,0.428,0.515,0.488,0.711,0.348,0.42,0.916,0.482,0.297,0.373,0.733,0.405,0.29,0.478,0.522,0.432,0.428,0.559,0.631,0.735,0.751,0.391,0.611,0.774,0.487,0.496,0.578,0.66,0.671,0.599,0.303,0.485,0.783,0.228,0.582,0.864,0.692,0.538,0.531,0.561,0.583,0.522,0.581,0.219,0.592,0.498,0.245,0.481,0.199,0.52,0.438,0.455,0.88,0.416,0.64,0.436,-0.128,0.533,0.58,0.702,0.668,0.58,0.658,0.764,0.483,0.78,0.546,0.275,0.499,0.563,0.813,0.524,0.533,0.256,0.59,0.45,0.279,0.435,0.643,0.498,0.873,0.736,0.682,0.236,0.204,0.229,0.041,0.487,0.755,0.437,0.408,0.683,0.585,0.559,0.111,0.501,0.483,0.62,-0.391,0.617,0.598,0.67,0.556,0.29,0.74,-0.025,0.446,0.432,0.483,0.715,0.526,0.795,0.676
BILI,0.505,0.716,0.201,0.598,0.733,-0.204,0.124,0.366,-0.244,-0.009,0.686,0.673,0.561,0.572,0.366,0.71,0.518,0.491,0.6,0.574,0.589,0.574,0.398,0.151,0.672,0.853,1.0,0.086,0.444,0.7,0.767,0.828,0.717,0.628,0.56,0.255,0.135,0.642,0.614,0.447,0.242,0.492,0.586,0.514,0.329,0.709,0.485,0.535,0.442,0.713,0.691,0.609,0.295,0.648,0.603,0.527,0.721,0.548,0.457,0.222,0.343,0.498,0.247,0.578,0.417,0.577,0.453,0.344,0.648,0.28,0.432,0.199,0.678,0.896,-0.05,0.404,0.369,0.477,0.693,0.671,0.659,0.508,0.43,0.585,0.626,0.309,0.727,0.232,0.628,0.728,0.792,0.463,0.527,0.784,0.308,0.331,0.526,0.73,0.487,0.438,0.609,0.351,0.581,0.418,0.452,0.706,0.723,0.593,0.45,0.619,0.523,0.565,0.572,0.653,0.724,0.711,0.485,0.299,0.505,0.742,-0.02,0.606,0.849,0.708,0.474,0.703,0.388,0.631,0.566,0.648,0.114,0.661,0.566,0.139,0.302,0.134,0.723,0.571,0.477,0.93,0.26,0.687,0.56,-0.234,0.655,0.639,0.536,0.667,0.547,0.491,0.788,0.631,0.731,0.554,0.32,0.567,0.686,0.693,0.399,0.55,0.398,0.597,0.483,0.489,0.584,0.704,0.354,0.762,0.754,0.84,0.428,0.316,0.383,0.082,0.738,0.613,0.544,0.516,0.689,0.432,0.321,0.081,0.502,0.603,0.683,-0.399,0.533,0.642,0.625,0.607,0.34,0.645,0.023,0.511,0.256,0.58,0.692,0.647,0.752,0.705
BKR,0.325,0.353,0.099,-0.332,0.336,-0.088,0.564,0.105,-0.199,-0.154,0.407,0.28,0.45,0.507,0.583,0.115,-0.218,0.448,0.177,0.497,0.511,0.467,0.509,0.104,0.112,-0.051,0.086,1.0,0.556,0.458,0.251,0.104,0.104,0.272,0.285,0.578,0.409,0.169,-0.246,0.544,-0.184,0.362,0.334,0.465,-0.28,0.552,0.388,0.518,-0.168,0.352,0.144,-0.235,0.613,-0.087,0.1,0.402,0.049,0.27,0.663,0.491,0.636,-0.332,0.493,0.524,0.33,0.518,0.666,0.257,0.389,0.529,-0.343,0.547,0.203,0.136,-0.153,0.425,0.638,-0.099,0.512,0.476,0.08,0.045,0.447,0.27,0.449,0.413,0.146,-0.168,0.406,0.467,-0.013,0.69,0.301,-0.252,-0.293,0.058,0.413,0.258,0.313,0.4,0.362,-0.478,0.539,0.411,-0.38,0.433,0.17,-0.311,0.575,-0.054,-0.355,0.437,0.392,0.369,0.395,0.314,-0.512,0.217,0.313,0.259,-0.406,0.435,0.234,0.232,0.051,0.46,-0.479,0.381,0.322,0.401,-0.515,0.269,0.494,0.273,-0.472,0.172,0.408,0.459,0.003,0.015,-0.441,0.227,0.564,0.565,0.284,0.502,-0.186,0.28,-0.215,-0.209,0.111,0.482,0.052,0.089,0.653,0.459,0.238,-0.163,-0.23,0.319,0.595,0.082,0.124,0.369,0.108,0.469,-0.311,-0.271,0.332,0.458,0.28,0.232,0.518,0.74,0.446,-0.234,0.594,0.307,0.396,-0.161,-0.014,-0.109,0.086,0.516,0.483,0.198,-0.252,0.078,0.002,0.121,0.371,-0.039,0.507,0.25,-0.332,0.466,0.132,0.352,0.222,0.147
BLDP,0.523,0.604,0.483,0.16,0.528,0.107,0.257,0.483,-0.072,-0.004,0.671,0.58,0.424,0.574,0.644,0.532,0.112,0.561,0.538,0.655,0.698,0.522,0.678,0.281,0.412,0.368,0.444,0.556,1.0,0.749,0.537,0.476,0.423,0.533,0.65,0.522,0.686,0.381,0.184,0.571,-0.107,0.458,0.648,0.506,-0.112,0.653,0.358,0.651,0.229,0.558,0.521,0.16,0.661,0.305,0.363,0.584,0.424,0.431,0.881,0.646,0.533,0.119,0.322,0.568,0.485,0.548,0.584,0.306,0.659,0.585,-0.114,0.672,0.347,0.462,-0.492,0.553,0.799,0.094,0.66,0.665,0.465,0.374,0.41,0.569,0.525,0.56,0.556,0.197,0.59,0.665,0.316,0.564,0.499,0.202,-0.159,0.063,0.596,0.551,0.672,0.549,0.649,-0.004,0.698,0.612,-0.106,0.62,0.514,0.165,0.713,0.206,0.119,0.547,0.642,0.575,0.65,0.625,-0.004,0.497,0.531,0.562,-0.164,0.689,0.539,0.435,0.459,0.596,-0.1,0.529,0.667,0.554,-0.052,0.558,0.55,0.434,-0.017,0.387,0.573,0.483,0.187,0.42,-0.0,0.288,0.86,0.261,0.547,0.608,0.182,0.666,0.148,0.393,0.444,0.622,0.476,0.39,0.853,0.571,0.641,0.224,0.155,0.674,0.627,0.353,0.327,0.57,0.373,0.592,-0.043,0.233,0.574,0.567,0.529,0.215,0.693,0.56,0.588,0.244,0.668,0.497,0.598,0.21,0.308,-0.013,0.335,0.688,0.659,-0.088,0.12,0.428,0.372,0.341,0.799,0.37,0.138,0.565,-0.176,0.566,0.541,0.462,0.502,0.412
BLNK,0.592,0.803,0.409,0.396,0.745,-0.013,0.315,0.673,-0.141,-0.005,0.746,0.634,0.641,0.715,0.638,0.737,0.427,0.581,0.666,0.7,0.774,0.69,0.533,0.351,0.607,0.621,0.7,0.458,0.749,1.0,0.768,0.667,0.578,0.699,0.597,0.446,0.559,0.621,0.394,0.594,0.1,0.604,0.593,0.662,0.127,0.725,0.553,0.694,0.345,0.732,0.737,0.431,0.576,0.665,0.538,0.601,0.616,0.64,0.8,0.528,0.532,0.4,0.469,0.726,0.489,0.675,0.639,0.337,0.611,0.568,0.178,0.554,0.623,0.731,-0.291,0.604,0.746,0.329,0.841,0.826,0.602,0.497,0.518,0.7,0.674,0.57,0.661,0.309,0.666,0.752,0.61,0.623,0.514,0.483,0.146,0.25,0.63,0.735,0.641,0.581,0.691,0.192,0.692,0.621,0.166,0.758,0.734,0.464,0.7,0.47,0.265,0.591,0.68,0.721,0.795,0.777,0.248,0.524,0.638,0.769,-0.107,0.768,0.749,0.672,0.495,0.669,0.156,0.718,0.716,0.688,-0.044,0.673,0.661,0.364,0.126,0.293,0.71,0.626,0.382,0.657,0.068,0.602,0.842,0.107,0.685,0.721,0.412,0.652,0.376,0.379,0.578,0.734,0.664,0.536,0.685,0.711,0.688,0.539,0.282,0.751,0.656,0.561,0.468,0.524,0.595,0.732,0.117,0.505,0.772,0.778,0.486,0.271,0.648,0.401,0.785,0.425,0.761,0.574,0.737,0.352,0.354,0.05,0.494,0.747,0.803,-0.149,0.389,0.54,0.564,0.573,0.674,0.58,0.203,0.631,0.158,0.667,0.613,0.619,0.768,0.654
BYND,0.56,0.735,0.341,0.489,0.825,-0.148,0.247,0.526,-0.197,0.071,0.766,0.649,0.697,0.665,0.598,0.727,0.455,0.689,0.657,0.776,0.682,0.692,0.477,0.193,0.701,0.74,0.767,0.251,0.537,0.768,1.0,0.732,0.738,0.713,0.621,0.499,0.369,0.758,0.554,0.67,0.117,0.635,0.617,0.537,0.326,0.733,0.604,0.739,0.478,0.783,0.712,0.569,0.485,0.625,0.698,0.64,0.644,0.582,0.612,0.474,0.555,0.525,0.395,0.707,0.478,0.653,0.66,0.425,0.633,0.484,0.305,0.504,0.666,0.812,-0.227,0.563,0.529,0.505,0.794,0.804,0.637,0.564,0.545,0.712,0.787,0.452,0.766,0.242,0.595,0.727,0.556,0.674,0.556,0.617,0.207,0.232,0.627,0.776,0.574,0.522,0.774,0.364,0.676,0.62,0.353,0.793,0.807,0.508,0.668,0.633,0.34,0.609,0.71,0.744,0.788,0.724,0.38,0.516,0.667,0.845,-0.177,0.743,0.765,0.78,0.557,0.712,0.304,0.681,0.722,0.807,0.103,0.791,0.712,0.209,0.219,0.152,0.729,0.672,0.469,0.738,0.201,0.709,0.66,-0.036,0.763,0.787,0.49,0.723,0.509,0.479,0.801,0.821,0.714,0.642,0.561,0.64,0.713,0.6,0.301,0.721,0.514,0.656,0.546,0.503,0.671,0.846,0.217,0.544,0.863,0.842,0.43,0.44,0.533,0.392,0.786,0.505,0.707,0.6,0.757,0.413,0.499,0.092,0.54,0.768,0.823,-0.268,0.544,0.727,0.66,0.636,0.503,0.626,0.129,0.63,0.148,0.691,0.73,0.693,0.792,0.724
CAN,0.397,0.685,0.279,0.471,0.607,-0.125,0.234,0.456,-0.071,0.097,0.612,0.656,0.542,0.457,0.514,0.735,0.554,0.576,0.6,0.515,0.622,0.569,0.329,0.308,0.531,0.78,0.828,0.104,0.476,0.667,0.732,1.0,0.711,0.52,0.602,0.271,0.243,0.674,0.527,0.449,0.287,0.318,0.575,0.423,0.151,0.564,0.512,0.521,0.418,0.679,0.776,0.656,0.263,0.688,0.528,0.504,0.713,0.493,0.475,0.239,0.211,0.56,0.289,0.618,0.261,0.635,0.372,0.09,0.522,0.216,0.453,0.288,0.638,0.766,-0.017,0.405,0.344,0.474,0.612,0.627,0.691,0.44,0.243,0.594,0.574,0.295,0.738,0.382,0.704,0.652,0.769,0.315,0.403,0.67,0.305,0.488,0.406,0.691,0.453,0.287,0.61,0.321,0.421,0.351,0.377,0.639,0.746,0.597,0.45,0.577,0.582,0.401,0.635,0.57,0.707,0.72,0.479,0.38,0.404,0.739,0.168,0.574,0.779,0.777,0.386,0.576,0.386,0.505,0.523,0.544,0.112,0.632,0.389,0.379,0.263,0.418,0.69,0.49,0.312,0.807,0.226,0.639,0.608,-0.054,0.737,0.543,0.626,0.659,0.418,0.484,0.691,0.588,0.738,0.482,0.347,0.415,0.727,0.613,0.372,0.557,0.425,0.443,0.332,0.533,0.564,0.637,0.357,0.742,0.745,0.717,0.488,0.073,0.328,0.094,0.643,0.626,0.485,0.416,0.671,0.5,0.314,-0.096,0.352,0.633,0.624,-0.349,0.569,0.621,0.708,0.469,0.361,0.731,0.086,0.504,0.407,0.453,0.62,0.528,0.777,0.734
