,AAL,AAPL,ABUS,ADBE,ADI,ADMA,AEP,AGNC,AKBA,ALT,AMAT,AMD,AMGN,AMZN,APA,APPS,ARCC,ARDX,ATER,ATOS,AUPH,AVGO,AZN,BCRX,BGC,BIDU,BILI,BKR,BLDP,BLNK,BYND,CAN,CELH,CG,CGC,CHRD,CLNE,CMCSA,COMM,COST,CPB,CPRT,CRON,CRWD,CSCO,CSGP,CSX,CTSH,CZR,DBX,DDOG,DKNG,DLTR,DOCU,DVAX,DXCM,EA,EBAY,ENPH,ERIC,ESPR,ETSY,EXC,EXEL,EXPE,FANG,FAST,FITB,FLEX,FOLD,FOXA,FSLR,FTNT,FUTU,GEN,GERN,GEVO,GILD,GOOG,GOOGL,GPRO,GT,HBAN,HIVE,HON,HST,HUT,IBRX,INTC,IOVA,IQ,IRWD,JBLU,JD,KDP,KHC,LBTYK,LRCX,LYFT,MAR,MARA,MAT,MCHP,MCRB,MDLZ,META,MGNI,MLCO,MNKD,MNST,MOMO,MRNA,MRVL,MSFT,MSTR,MTCH,MU,MVIS,NDAQ,NFLX,NKTR,NNDM,NTES,NTNX,NVAX,NVDA,NWL,NWSA,NXPI,OCGN,OKTA,ON,OPK,PAA,PACB,PAGP,PANW,PARA,PCAR,PDD,PENN,PEP,PLUG,PTEN,PTON,PYPL,QCOM,QUBT,QVCGA,RDFN,REAL,RIOT,ROKU,ROST,RUN,SABR,SAVA,SBUX,SFIX,SGMO,SIRI,SLM,SMCI,SNDL,SONO,STNE,STX,TCOM,TGTX,TIGR,TLRY,TMUS,TRIP,TSCO,TSLA,TTD,TXN,UAL,UNIT,VERU,VKTX,VLY,VOD,VTRS,VXRT,WBA,WBD,WDAY,WDC,WEN,WW,WYNN,XEL,XP,XRAY,XRX,Z,ZION,ZM,ZS
AAL,1.0,0.376,0.169,0.375,0.398,0.403,0.009,0.341,0.465,0.434,0.562,0.478,-0.281,0.405,-0.35,0.054,0.288,0.421,0.171,0.366,0.303,0.493,-0.137,-0.033,0.33,0.362,-0.169,0.374,0.475,-0.034,0.398,0.416,-0.096,0.311,0.185,-0.284,0.528,0.114,0.296,0.363,-0.062,0.415,0.109,0.671,0.072,0.059,0.576,0.316,0.352,0.583,0.491,0.524,0.28,0.65,0.19,0.084,-0.458,0.441,0.295,0.385,-0.285,0.497,-0.255,0.033,0.238,-0.401,0.525,0.386,0.311,0.028,0.232,0.002,0.23,-0.091,-0.256,-0.133,0.237,0.166,0.214,0.264,-0.155,0.27,0.392,0.477,-0.001,0.303,0.419,0.205,0.273,0.199,0.405,0.366,0.612,-0.265,0.306,-0.044,-0.114,0.604,0.181,0.176,-0.032,0.133,0.464,0.206,0.366,0.493,0.443,0.022,0.031,0.175,0.301,-0.188,0.482,0.423,0.551,-0.253,0.09,0.627,0.146,0.148,0.486,0.12,-0.013,0.357,0.182,0.299,-0.027,0.328,0.437,0.227,0.542,0.332,0.309,0.323,0.284,0.249,0.342,0.432,0.131,0.019,-0.045,0.017,0.414,-0.019,0.521,0.297,0.252,0.33,0.221,0.536,0.463,0.454,0.534,-0.246,0.377,0.604,0.126,-0.136,0.282,-0.008,-0.309,-0.41,0.456,0.112,-0.005,-0.008,0.447,-0.348,0.407,0.312,0.278,-0.202,0.327,0.481,0.386,0.473,0.549,0.783,0.102,-0.157,0.185,0.557,-0.267,0.366,0.045,0.253,0.463,0.359,0.121,0.53,0.374,0.201,0.367,-0.28,0.558,0.178,0.477,0.335,0.454,0.521
AAPL,0.376,1.0,0.242,0.801,0.849,0.703,-0.214,0.427,0.568,-0.078,0.718,0.813,-0.651,0.598,-0.566,-0.184,0.68,0.306,0.145,-0.35,0.165,0.751,-0.324,0.097,0.644,0.691,-0.58,0.736,0.477,-0.311,0.574,0.265,-0.359,0.593,-0.026,-0.112,0.438,0.106,-0.16,0.722,-0.492,0.839,-0.315,0.708,0.233,-0.25,0.092,0.774,0.795,0.798,0.745,0.834,0.494,0.783,0.089,0.434,-0.554,0.619,-0.308,-0.147,-0.584,0.591,-0.465,0.574,0.429,-0.332,0.808,0.765,0.286,-0.278,0.661,-0.31,0.635,-0.397,-0.247,-0.292,0.329,0.613,0.35,0.446,0.141,-0.075,0.782,0.456,-0.124,0.675,0.465,-0.358,0.06,0.495,0.724,-0.06,0.335,-0.519,0.44,-0.311,-0.12,0.722,-0.054,0.602,-0.346,-0.021,0.893,0.449,0.484,0.902,0.828,-0.099,0.561,0.526,0.163,-0.689,0.829,0.738,0.705,-0.193,0.442,0.732,-0.482,0.57,0.767,0.386,-0.266,0.681,-0.436,0.766,-0.103,0.293,0.755,-0.022,0.769,0.821,-0.403,0.697,-0.33,0.648,0.722,0.564,0.542,0.017,0.096,0.317,-0.01,-0.386,0.752,0.438,0.702,0.351,0.598,0.83,0.597,0.288,0.629,-0.148,-0.273,0.637,-0.427,0.343,0.292,-0.246,-0.557,-0.408,0.578,-0.296,0.443,0.098,0.689,-0.351,0.824,0.165,0.026,-0.112,0.752,0.674,0.797,0.661,0.645,0.343,0.323,-0.596,0.509,0.82,-0.045,0.594,-0.41,0.507,0.653,0.824,0.618,0.198,0.481,0.566,-0.01,-0.18,0.337,-0.112,0.668,0.624,0.724,0.877
ABUS,0.169,0.242,1.0,0.4,0.137,0.545,0.381,0.466,0.019,0.13,0.329,0.256,-0.219,0.587,-0.007,0.568,0.319,-0.189,0.564,0.095,0.851,0.29,-0.744,0.516,0.587,0.299,0.163,0.006,0.593,0.447,0.522,0.556,-0.091,0.521,0.563,0.172,0.345,0.498,-0.384,0.48,-0.279,0.361,0.436,0.229,0.561,0.32,-0.146,0.41,0.42,0.246,0.292,0.298,0.523,0.283,0.445,-0.345,0.087,0.65,-0.063,0.073,0.021,0.465,-0.018,0.323,0.576,-0.325,0.221,0.325,-0.208,0.221,0.254,0.253,-0.046,0.316,0.343,0.491,0.401,-0.217,0.563,0.553,0.557,0.058,0.381,0.588,0.421,0.69,0.574,-0.147,0.056,0.661,0.182,0.363,-0.124,0.263,0.017,-0.015,0.316,0.385,0.551,0.445,0.259,0.601,0.208,0.571,0.213,0.189,0.511,0.346,0.44,0.299,0.487,-0.183,0.358,0.177,0.484,0.512,0.533,0.372,-0.141,0.416,0.278,0.655,0.367,0.352,0.045,0.214,0.57,0.805,0.347,0.509,0.262,0.13,-0.154,0.286,0.492,0.245,0.268,0.642,0.424,0.457,0.655,-0.411,0.315,0.46,0.399,0.524,0.554,0.439,0.615,0.355,0.574,0.516,0.589,0.265,0.309,0.296,-0.271,0.267,0.519,0.434,0.189,0.226,-0.212,0.346,-0.279,0.633,0.343,0.006,0.219,0.593,0.522,0.265,0.211,0.227,0.278,0.64,0.392,0.293,0.647,0.201,-0.347,0.231,0.029,0.521,0.351,0.459,0.686,0.193,0.495,-0.384,0.646,-0.1,0.149,0.521,0.31,-0.119,0.447,0.537,0.407,0.292
ADBE,0.375,0.801,0.4,1.0,0.768,0.834,0.03,0.674,0.401,-0.035,0.859,0.87,-0.555,0.757,-0.503,0.054,0.636,0.154,0.409,-0.34,0.36,0.809,-0.426,0.305,0.848,0.735,-0.325,0.584,0.668,-0.085,0.734,0.489,-0.378,0.669,0.227,-0.015,0.54,0.371,-0.097,0.887,-0.543,0.916,0.021,0.757,0.427,0.033,0.132,0.836,0.792,0.806,0.774,0.814,0.666,0.832,0.274,0.214,-0.394,0.768,-0.2,-0.025,-0.447,0.702,-0.299,0.67,0.558,-0.362,0.826,0.789,0.223,-0.009,0.579,-0.009,0.529,-0.031,-0.025,-0.074,0.482,0.283,0.557,0.608,0.328,0.105,0.827,0.699,0.013,0.716,0.654,-0.309,0.135,0.597,0.731,0.103,0.352,-0.298,0.341,-0.217,0.2,0.855,0.116,0.674,-0.078,0.217,0.765,0.603,0.557,0.821,0.852,0.094,0.644,0.487,0.434,-0.62,0.934,0.641,0.806,0.136,0.674,0.786,-0.418,0.665,0.72,0.609,-0.013,0.724,-0.211,0.799,0.157,0.416,0.86,0.272,0.825,0.704,-0.259,0.69,-0.13,0.646,0.77,0.769,0.601,0.252,0.364,0.082,0.321,-0.238,0.814,0.572,0.836,0.387,0.78,0.807,0.772,0.565,0.791,-0.072,-0.035,0.552,-0.336,0.368,0.584,0.026,-0.369,-0.242,0.432,-0.023,0.297,0.382,0.739,-0.287,0.781,0.504,0.363,0.17,0.744,0.657,0.711,0.794,0.809,0.393,0.556,-0.366,0.25,0.733,-0.024,0.758,-0.168,0.657,0.741,0.849,0.773,0.147,0.619,0.468,0.137,-0.006,0.439,-0.065,0.791,0.749,0.755,0.855
ADI,0.398,0.849,0.137,0.768,1.0,0.682,-0.163,0.472,0.609,-0.104,0.722,0.849,-0.628,0.498,-0.579,-0.183,0.739,0.312,0.076,-0.323,0.094,0.828,-0.238,-0.021,0.587,0.764,-0.502,0.708,0.425,-0.31,0.456,0.128,-0.414,0.581,-0.106,-0.173,0.418,-0.008,-0.09,0.684,-0.51,0.8,-0.259,0.686,0.287,-0.263,0.231,0.753,0.713,0.785,0.77,0.826,0.38,0.752,-0.034,0.573,-0.588,0.587,-0.134,-0.114,-0.625,0.549,-0.336,0.569,0.46,-0.238,0.755,0.659,0.284,-0.261,0.7,-0.264,0.69,-0.344,-0.296,-0.323,0.343,0.584,0.361,0.435,0.065,0.051,0.712,0.356,-0.173,0.602,0.406,-0.33,-0.005,0.334,0.746,-0.083,0.331,-0.471,0.531,-0.26,-0.111,0.757,0.01,0.62,-0.474,-0.044,0.849,0.468,0.554,0.851,0.721,-0.117,0.467,0.441,0.141,-0.737,0.84,0.776,0.634,-0.256,0.355,0.685,-0.448,0.484,0.76,0.228,-0.262,0.661,-0.431,0.85,-0.055,0.272,0.782,-0.048,0.809,0.83,-0.321,0.614,-0.363,0.589,0.711,0.535,0.406,0.045,0.02,0.42,0.026,-0.361,0.777,0.515,0.578,0.309,0.541,0.767,0.595,0.196,0.608,-0.253,-0.144,0.511,-0.439,0.253,0.294,-0.238,-0.635,-0.463,0.675,-0.262,0.529,-0.002,0.682,-0.358,0.815,0.181,0.001,-0.109,0.829,0.711,0.739,0.628,0.657,0.34,0.255,-0.558,0.623,0.787,-0.011,0.536,-0.443,0.449,0.587,0.829,0.566,0.282,0.397,0.652,0.055,-0.279,0.347,-0.162,0.645,0.534,0.728,0.77
ADMA,0.403,0.703,0.545,0.834,0.682,1.0,0.097,0.59,0.354,-0.024,0.652,0.729,-0.587,0.664,-0.407,0.18,0.64,0.191,0.418,-0.168,0.506,0.803,-0.494,0.349,0.745,0.734,-0.187,0.577,0.676,0.078,0.608,0.457,-0.315,0.737,0.313,-0.011,0.498,0.329,-0.216,0.842,-0.428,0.774,0.02,0.561,0.505,-0.052,0.017,0.782,0.74,0.677,0.548,0.726,0.598,0.752,0.322,0.074,-0.326,0.708,-0.152,0.05,-0.448,0.61,-0.359,0.694,0.582,-0.411,0.753,0.729,0.036,0.05,0.517,0.042,0.432,0.046,-0.004,0.084,0.52,0.312,0.544,0.578,0.304,0.012,0.801,0.675,0.148,0.728,0.67,-0.318,-0.008,0.662,0.65,0.166,0.131,-0.184,0.384,-0.208,0.219,0.716,0.257,0.731,-0.075,0.289,0.659,0.586,0.53,0.651,0.746,0.083,0.66,0.554,0.511,-0.578,0.839,0.561,0.763,0.115,0.608,0.686,-0.462,0.704,0.588,0.565,0.093,0.623,-0.262,0.756,0.211,0.509,0.786,0.261,0.627,0.654,-0.309,0.591,-0.055,0.597,0.674,0.696,0.627,0.324,0.403,0.028,0.205,0.011,0.732,0.582,0.758,0.421,0.746,0.632,0.68,0.558,0.669,-0.018,-0.002,0.553,-0.426,0.286,0.432,0.06,-0.333,-0.205,0.362,-0.011,0.157,0.401,0.658,-0.221,0.683,0.513,0.348,0.151,0.618,0.626,0.585,0.726,0.677,0.416,0.538,-0.268,0.184,0.663,-0.078,0.683,-0.072,0.604,0.713,0.794,0.718,0.042,0.532,0.339,0.125,0.098,0.396,-0.117,0.651,0.732,0.78,0.701
AEP,0.009,-0.214,0.381,0.03,-0.163,0.097,1.0,0.293,-0.469,0.01,0.037,-0.092,0.304,0.395,0.276,0.562,-0.16,-0.391,0.509,0.416,0.395,-0.031,-0.219,0.254,0.133,0.007,0.54,-0.237,0.322,0.609,0.165,0.345,0.33,0.318,0.609,0.191,0.378,0.421,0.173,0.221,0.251,-0.015,0.582,-0.184,0.675,0.609,-0.029,0.176,-0.1,0.041,-0.117,-0.132,0.279,-0.01,0.376,-0.275,0.367,0.15,0.239,0.467,0.38,0.057,0.555,-0.075,0.056,0.016,-0.089,-0.106,-0.141,0.436,-0.247,0.535,-0.326,0.583,0.708,0.494,0.486,-0.367,0.241,0.212,0.601,0.292,-0.036,0.356,0.577,0.103,0.265,0.126,0.12,0.071,-0.052,0.474,-0.184,0.489,0.054,0.642,0.464,-0.007,0.205,-0.06,0.414,0.487,-0.175,0.268,0.439,-0.212,0.009,0.373,0.08,0.169,0.355,0.39,0.038,-0.255,0.11,0.513,0.215,0.051,0.198,-0.076,-0.177,0.341,0.521,-0.21,0.453,-0.252,0.582,0.123,0.049,0.578,-0.007,-0.24,0.222,-0.212,0.53,-0.064,-0.191,0.305,0.002,0.566,0.472,-0.234,0.479,0.431,0.059,0.308,0.19,0.045,0.231,-0.079,0.209,0.449,0.105,0.498,0.46,-0.072,0.025,0.339,0.504,0.695,0.511,0.384,-0.323,0.542,-0.285,0.452,-0.099,0.098,-0.184,0.501,0.626,0.572,-0.254,-0.151,-0.3,0.158,0.137,0.204,0.554,0.476,-0.377,-0.123,0.325,0.289,0.461,0.424,0.139,-0.086,0.124,-0.122,0.356,-0.322,0.636,0.54,0.193,-0.019,0.104,-0.007,0.042,-0.168
AGNC,0.341,0.427,0.466,0.674,0.472,0.59,0.293,1.0,0.341,0.151,0.684,0.64,-0.378,0.67,-0.347,0.371,0.449,-0.067,0.583,-0.13,0.354,0.609,-0.568,0.233,0.67,0.583,-0.033,0.186,0.594,0.223,0.666,0.58,-0.385,0.678,0.492,-0.005,0.548,0.431,0.024,0.664,-0.545,0.577,0.372,0.521,0.445,0.201,0.271,0.634,0.57,0.624,0.521,0.597,0.515,0.594,0.273,0.046,-0.286,0.607,0.043,0.102,-0.316,0.661,-0.121,0.343,0.63,-0.434,0.546,0.549,0.193,0.17,0.337,-0.0,0.174,0.146,0.2,0.147,0.497,-0.067,0.659,0.666,0.434,0.327,0.594,0.665,-0.046,0.615,0.617,0.04,0.226,0.434,0.505,0.347,0.256,0.005,0.138,-0.149,0.291,0.71,0.467,0.394,-0.075,0.524,0.602,0.404,0.448,0.528,0.674,0.204,0.421,0.079,0.514,-0.387,0.602,0.333,0.665,0.257,0.594,0.736,-0.179,0.386,0.577,0.444,0.177,0.404,0.048,0.46,0.549,0.582,0.716,0.409,0.685,0.435,-0.012,0.41,0.118,0.553,0.32,0.793,0.332,0.311,0.45,-0.126,0.499,0.055,0.715,0.781,0.535,0.445,0.683,0.597,0.734,0.609,0.801,-0.174,0.308,0.532,-0.152,0.126,0.843,0.33,-0.115,-0.232,0.157,0.371,0.134,0.389,0.523,-0.286,0.445,0.568,0.538,0.153,0.449,0.378,0.471,0.674,0.664,0.408,0.609,0.092,0.064,0.556,-0.067,0.724,0.027,0.744,0.601,0.567,0.526,0.077,0.644,0.291,0.181,0.252,0.679,-0.05,0.603,0.497,0.617,0.564
AKBA,0.465,0.568,0.019,0.401,0.609,0.354,-0.469,0.341,1.0,0.292,0.497,0.561,-0.439,0.19,-0.413,-0.117,0.448,0.432,-0.037,-0.189,-0.039,0.526,-0.192,-0.067,0.296,0.53,-0.477,0.441,0.132,-0.252,0.382,0.224,-0.253,0.272,-0.107,-0.276,0.253,-0.17,-0.088,0.307,-0.349,0.422,-0.148,0.563,-0.186,-0.377,0.356,0.313,0.463,0.534,0.432,0.68,0.131,0.596,-0.119,0.327,-0.561,0.304,0.087,-0.174,-0.49,0.566,-0.458,0.126,0.514,-0.345,0.521,0.428,0.391,-0.268,0.423,-0.431,0.411,-0.429,-0.484,-0.281,0.118,0.453,0.3,0.352,-0.297,0.143,0.402,0.25,-0.306,0.247,0.39,0.071,0.152,0.197,0.446,0.04,0.513,-0.289,0.253,-0.481,-0.354,0.499,0.351,0.192,-0.377,0.015,0.68,0.095,0.117,0.702,0.477,-0.397,0.104,-0.013,-0.033,-0.523,0.434,0.496,0.491,-0.343,0.044,0.588,-0.257,0.253,0.582,-0.011,-0.253,0.408,-0.23,0.546,-0.077,0.402,0.401,-0.027,0.583,0.589,-0.108,0.317,-0.248,0.267,0.319,0.264,0.145,-0.325,-0.04,0.216,-0.039,-0.203,0.55,0.393,0.241,0.406,0.153,0.579,0.448,0.174,0.479,-0.532,-0.056,0.609,-0.058,-0.247,0.124,-0.215,-0.476,-0.473,0.471,-0.078,0.26,-0.221,0.365,-0.375,0.561,0.031,-0.054,-0.51,0.601,0.338,0.531,0.396,0.481,0.399,-0.018,-0.287,0.459,0.561,-0.464,0.251,-0.331,0.086,0.247,0.512,0.094,0.397,0.184,0.346,-0.206,-0.336,0.471,-0.111,0.392,0.306,0.528,0.569
ALT,0.434,-0.078,0.13,-0.035,-0.104,-0.024,0.01,0.151,0.292,1.0,0.244,0.049,0.131,0.064,-0.095,0.217,-0.152,0.233,0.234,0.334,0.161,-0.095,-0.149,0.065,-0.112,-0.062,0.046,-0.173,0.104,0.224,0.185,0.403,0.045,-0.079,0.184,-0.22,0.306,0.179,0.325,-0.037,0.115,-0.169,0.353,0.196,-0.131,0.122,0.629,-0.087,-0.058,0.022,-0.047,0.073,0.086,0.141,0.15,-0.319,-0.149,0.012,0.532,0.397,0.123,0.316,-0.092,-0.388,0.028,-0.481,0.018,-0.15,0.149,0.358,-0.308,-0.017,-0.348,0.095,-0.106,0.201,0.108,-0.055,0.228,0.237,-0.259,0.394,-0.112,0.247,-0.084,-0.132,0.333,0.71,0.481,-0.059,-0.135,0.399,0.532,0.08,-0.19,-0.124,-0.207,0.161,0.343,-0.268,0.218,0.273,0.001,-0.171,0.029,0.074,-0.021,0.019,-0.388,-0.4,-0.018,0.11,0.006,-0.08,0.167,-0.091,-0.145,0.269,0.438,-0.166,0.05,-0.111,0.07,-0.001,0.573,-0.158,0.09,0.24,-0.036,0.34,0.098,-0.19,0.642,-0.175,0.522,-0.27,-0.303,0.032,-0.253,-0.307,-0.002,-0.359,0.37,0.031,0.121,0.137,-0.105,0.357,-0.193,0.127,0.179,0.388,0.298,-0.331,0.535,0.476,0.575,-0.531,0.114,0.268,0.023,-0.201,-0.1,0.438,-0.444,-0.154,-0.203,-0.29,-0.091,0.304,0.27,-0.367,-0.194,-0.187,-0.128,0.121,0.307,0.399,-0.02,0.338,-0.204,-0.032,-0.556,-0.022,0.33,-0.213,-0.008,-0.165,-0.334,0.298,0.039,-0.386,0.164,-0.063,0.366,0.186,0.182,0.002,0.053,0.029
AMAT,0.562,0.718,0.329,0.859,0.722,0.652,0.037,0.684,0.497,0.244,1.0,0.887,-0.434,0.676,-0.527,0.103,0.564,0.266,0.349,-0.156,0.319,0.789,-0.428,0.282,0.745,0.664,-0.254,0.447,0.668,-0.033,0.747,0.537,-0.319,0.591,0.246,-0.001,0.717,0.387,-0.049,0.772,-0.544,0.813,0.108,0.802,0.366,0.097,0.362,0.688,0.721,0.816,0.766,0.82,0.548,0.802,0.336,0.199,-0.441,0.706,-0.033,0.082,-0.401,0.739,-0.284,0.429,0.516,-0.417,0.759,0.667,0.417,0.085,0.501,-0.093,0.453,-0.024,-0.086,-0.113,0.499,0.253,0.515,0.566,0.198,0.36,0.712,0.675,-0.008,0.622,0.623,-0.028,0.449,0.447,0.654,0.223,0.587,-0.265,0.329,-0.237,-0.011,0.905,0.151,0.499,-0.031,0.281,0.784,0.536,0.602,0.812,0.762,0.034,0.456,0.344,0.399,-0.468,0.871,0.583,0.787,0.011,0.597,0.883,-0.288,0.502,0.714,0.487,0.005,0.693,0.014,0.7,0.178,0.456,0.807,0.335,0.81,0.655,-0.004,0.656,0.055,0.594,0.583,0.756,0.477,0.185,0.257,0.102,0.47,-0.198,0.827,0.589,0.71,0.463,0.662,0.808,0.729,0.561,0.814,-0.159,0.125,0.642,-0.232,0.166,0.584,0.073,-0.371,-0.352,0.514,0.136,0.25,0.274,0.664,-0.322,0.721,0.506,0.415,0.055,0.64,0.586,0.695,0.749,0.854,0.583,0.46,-0.233,0.275,0.704,-0.155,0.675,-0.104,0.589,0.721,0.706,0.595,0.272,0.552,0.397,0.27,-0.084,0.568,0.117,0.761,0.581,0.684,0.825
AMD,0.478,0.813,0.256,0.87,0.849,0.729,-0.092,0.64,0.561,0.049,0.887,1.0,-0.553,0.586,-0.592,-0.047,0.654,0.281,0.213,-0.312,0.191,0.843,-0.312,0.154,0.747,0.793,-0.473,0.621,0.549,-0.197,0.607,0.337,-0.426,0.613,0.081,-0.072,0.625,0.196,-0.039,0.757,-0.534,0.878,-0.111,0.788,0.274,-0.099,0.28,0.712,0.754,0.821,0.799,0.901,0.473,0.806,0.111,0.36,-0.49,0.681,-0.122,-0.043,-0.564,0.7,-0.401,0.535,0.471,-0.403,0.803,0.75,0.316,-0.094,0.615,-0.237,0.609,-0.205,-0.247,-0.237,0.413,0.414,0.404,0.471,0.095,0.128,0.788,0.545,-0.119,0.665,0.522,-0.181,0.205,0.484,0.697,0.046,0.433,-0.444,0.413,-0.3,-0.108,0.9,0.064,0.56,-0.281,0.1,0.877,0.486,0.59,0.852,0.79,-0.071,0.58,0.402,0.295,-0.642,0.889,0.703,0.732,-0.085,0.552,0.885,-0.401,0.516,0.837,0.4,-0.173,0.72,-0.204,0.853,0.044,0.373,0.88,0.112,0.851,0.792,-0.123,0.66,-0.219,0.684,0.689,0.705,0.545,0.069,0.141,0.202,0.272,-0.316,0.919,0.531,0.667,0.408,0.716,0.813,0.677,0.419,0.777,-0.268,-0.067,0.586,-0.292,0.154,0.476,-0.087,-0.538,-0.475,0.635,-0.065,0.375,0.14,0.724,-0.416,0.903,0.356,0.226,-0.023,0.778,0.661,0.751,0.699,0.788,0.452,0.321,-0.438,0.444,0.784,-0.146,0.658,-0.317,0.604,0.684,0.813,0.691,0.267,0.486,0.528,0.092,-0.213,0.485,-0.056,0.729,0.637,0.733,0.818
AMGN,-0.281,-0.651,-0.219,-0.555,-0.628,-0.587,0.304,-0.378,-0.439,0.131,-0.434,-0.553,1.0,-0.35,0.665,0.289,-0.743,-0.213,-0.14,0.347,-0.19,-0.558,0.422,0.042,-0.43,-0.605,0.578,-0.575,-0.369,0.355,-0.321,-0.001,0.56,-0.511,0.131,0.389,-0.068,0.021,0.158,-0.578,0.514,-0.574,0.501,-0.602,-0.098,0.505,-0.03,-0.651,-0.622,-0.528,-0.612,-0.578,-0.332,-0.578,0.186,-0.356,0.806,-0.52,0.236,0.254,0.877,-0.348,0.616,-0.608,-0.416,0.444,-0.654,-0.692,-0.1,0.317,-0.727,0.377,-0.58,0.482,0.42,0.234,-0.079,-0.361,-0.282,-0.318,0.01,0.209,-0.677,-0.235,0.443,-0.569,-0.251,0.56,0.183,-0.573,-0.719,0.2,0.004,0.625,-0.442,0.318,0.082,-0.564,0.005,-0.736,0.549,0.064,-0.591,-0.332,-0.329,-0.563,-0.581,-0.016,-0.514,-0.415,-0.206,0.811,-0.554,-0.728,-0.491,0.463,-0.267,-0.448,0.483,-0.507,-0.614,-0.169,0.282,-0.621,0.712,-0.691,0.096,-0.315,-0.629,0.287,-0.518,-0.692,0.547,-0.73,0.418,-0.597,-0.687,-0.431,-0.605,-0.011,0.151,-0.283,0.11,0.41,-0.511,-0.385,-0.421,-0.294,-0.43,-0.592,-0.366,-0.068,-0.478,0.423,0.274,-0.329,0.432,-0.16,-0.164,0.484,0.774,0.595,-0.482,0.522,-0.439,0.049,-0.712,0.33,-0.64,0.025,0.184,0.292,-0.605,-0.727,-0.742,-0.505,-0.371,-0.229,-0.06,0.611,-0.458,-0.683,0.082,-0.447,0.522,-0.365,-0.585,-0.65,-0.447,-0.181,-0.303,-0.597,0.146,0.219,-0.266,0.222,-0.443,-0.691,-0.671,-0.658
AMZN,0.405,0.598,0.587,0.757,0.498,0.664,0.395,0.67,0.19,0.064,0.676,0.586,-0.35,1.0,-0.261,0.357,0.372,-0.124,0.597,0.057,0.602,0.556,-0.574,0.229,0.748,0.55,-0.004,0.315,0.76,0.346,0.764,0.654,-0.172,0.792,0.549,-0.013,0.543,0.414,0.04,0.754,-0.323,0.694,0.345,0.566,0.559,0.345,0.085,0.694,0.571,0.714,0.646,0.635,0.738,0.684,0.397,0.011,-0.205,0.769,0.011,0.258,-0.125,0.633,0.069,0.348,0.496,-0.402,0.604,0.517,0.052,0.198,0.325,0.246,0.181,0.201,0.375,0.154,0.581,-0.069,0.59,0.646,0.643,0.227,0.542,0.773,0.24,0.712,0.676,-0.131,0.15,0.535,0.524,0.372,0.242,0.003,0.27,0.05,0.352,0.656,0.298,0.432,0.088,0.48,0.557,0.623,0.585,0.632,0.753,0.323,0.419,0.404,0.453,-0.399,0.707,0.404,0.71,0.328,0.506,0.664,-0.146,0.383,0.522,0.668,0.209,0.381,0.083,0.417,0.398,0.503,0.636,0.558,0.691,0.451,-0.038,0.46,0.31,0.388,0.466,0.767,0.398,0.419,0.531,-0.142,0.529,0.037,0.696,0.675,0.727,0.38,0.653,0.741,0.851,0.709,0.734,0.223,0.321,0.509,-0.173,0.491,0.751,0.364,0.021,0.021,0.106,0.282,0.102,0.574,0.526,-0.311,0.492,0.657,0.641,0.356,0.432,0.435,0.501,0.845,0.695,0.431,0.803,-0.046,-0.038,0.607,0.11,0.743,0.156,0.67,0.698,0.588,0.569,0.004,0.877,0.18,0.378,0.312,0.574,-0.12,0.724,0.55,0.702,0.632
APA,-0.35,-0.566,-0.007,-0.503,-0.579,-0.407,0.276,-0.347,-0.413,-0.095,-0.527,-0.592,0.665,-0.261,1.0,0.344,-0.498,-0.335,-0.066,0.235,0.035,-0.489,0.191,0.151,-0.269,-0.43,0.641,-0.415,-0.353,0.349,-0.256,-0.038,0.524,-0.295,0.108,0.6,-0.155,-0.028,-0.066,-0.479,0.307,-0.546,0.319,-0.584,-0.0,0.473,-0.36,-0.502,-0.478,-0.469,-0.51,-0.566,-0.211,-0.582,0.219,-0.223,0.755,-0.385,0.085,0.125,0.683,-0.423,0.553,-0.391,-0.159,0.623,-0.626,-0.557,-0.14,0.117,-0.477,0.374,-0.448,0.476,0.457,0.279,0.059,-0.455,-0.138,-0.205,0.179,0.041,-0.59,-0.204,0.45,-0.411,-0.232,0.205,-0.06,-0.282,-0.572,0.172,-0.309,0.685,-0.345,0.275,0.217,-0.604,0.132,-0.431,0.484,0.115,-0.599,-0.187,-0.403,-0.589,-0.562,0.179,-0.356,-0.311,0.075,0.648,-0.539,-0.602,-0.445,0.505,-0.115,-0.516,0.344,-0.324,-0.636,-0.091,0.416,-0.566,0.375,-0.582,0.209,-0.136,-0.617,0.123,-0.575,-0.496,0.147,-0.51,0.378,-0.429,-0.496,-0.421,-0.389,0.213,0.244,-0.294,-0.109,0.507,-0.518,-0.19,-0.301,-0.257,-0.329,-0.606,-0.353,-0.124,-0.493,0.411,0.126,-0.369,0.243,0.079,-0.215,0.358,0.663,0.645,-0.522,0.323,-0.356,0.148,-0.519,0.448,-0.593,0.01,0.1,0.269,-0.466,-0.561,-0.584,-0.414,-0.484,-0.291,-0.015,0.505,-0.444,-0.647,0.186,-0.328,0.443,-0.207,-0.428,-0.546,-0.222,-0.432,-0.169,-0.481,0.004,0.359,-0.308,0.11,-0.374,-0.399,-0.505,-0.578
APPS,0.054,-0.184,0.568,0.054,-0.183,0.18,0.562,0.371,-0.117,0.217,0.103,-0.047,0.289,0.357,0.344,1.0,-0.07,-0.299,0.521,0.337,0.536,0.002,-0.49,0.451,0.267,0.021,0.559,-0.321,0.388,0.771,0.403,0.636,0.152,0.408,0.866,0.426,0.369,0.498,-0.162,0.167,-0.075,-0.026,0.831,-0.179,0.519,0.441,-0.066,0.035,0.087,-0.015,-0.131,0.021,0.307,-0.006,0.577,-0.472,0.419,0.231,0.334,0.234,0.396,0.397,0.335,-0.098,0.479,-0.152,-0.117,-0.141,0.005,0.466,-0.204,0.444,-0.375,0.569,0.567,0.653,0.588,-0.504,0.664,0.612,0.491,0.379,-0.077,0.514,0.541,0.204,0.516,0.322,0.268,0.291,-0.228,0.645,-0.044,0.681,-0.231,0.112,0.288,0.022,0.711,-0.055,0.512,0.924,-0.146,0.35,0.014,-0.093,0.108,0.164,-0.007,-0.156,0.303,0.238,0.019,-0.27,0.3,0.612,0.28,0.169,0.1,0.084,-0.144,0.447,0.514,-0.11,0.522,-0.157,0.748,0.504,-0.03,0.774,-0.021,-0.223,0.205,-0.141,0.64,-0.08,-0.267,0.337,0.055,0.365,0.645,-0.473,0.453,0.795,0.116,0.517,0.231,0.401,0.269,-0.017,0.406,0.601,0.269,0.294,0.624,0.146,0.121,0.014,0.467,0.751,0.514,0.399,-0.401,0.811,-0.465,0.609,-0.1,0.065,-0.173,0.549,0.744,0.206,-0.114,-0.268,-0.169,0.292,0.226,0.206,0.64,0.824,-0.425,-0.151,-0.024,0.221,0.72,0.256,0.172,-0.123,0.143,-0.376,0.378,-0.374,0.242,0.686,0.463,0.043,0.186,0.133,0.097,-0.127
ARCC,0.288,0.68,0.319,0.636,0.739,0.64,-0.16,0.449,0.448,-0.152,0.564,0.654,-0.743,0.372,-0.498,-0.07,1.0,0.284,0.09,-0.349,0.299,0.726,-0.471,0.259,0.599,0.698,-0.417,0.49,0.443,-0.167,0.453,0.22,-0.333,0.558,-0.017,-0.057,0.336,0.171,-0.37,0.578,-0.639,0.649,-0.249,0.548,0.302,-0.247,0.039,0.638,0.695,0.657,0.641,0.63,0.445,0.569,0.076,0.271,-0.514,0.603,-0.282,-0.278,-0.597,0.508,-0.527,0.61,0.584,-0.181,0.622,0.667,0.185,-0.174,0.682,-0.22,0.555,-0.284,-0.243,0.026,0.31,0.313,0.429,0.45,0.143,-0.051,0.692,0.395,-0.115,0.652,0.458,-0.439,-0.033,0.558,0.631,-0.001,0.127,-0.357,0.323,-0.33,0.027,0.601,0.14,0.805,-0.275,0.059,0.64,0.469,0.287,0.615,0.611,-0.086,0.527,0.412,0.352,-0.612,0.654,0.724,0.603,-0.15,0.508,0.518,-0.466,0.611,0.546,0.327,-0.06,0.785,-0.504,0.788,0.101,0.439,0.622,-0.071,0.605,0.701,-0.488,0.588,-0.314,0.577,0.641,0.498,0.591,0.233,0.089,0.206,-0.035,-0.199,0.574,0.497,0.589,0.308,0.551,0.576,0.448,0.205,0.486,-0.266,-0.236,0.431,-0.445,0.202,0.264,-0.25,-0.564,-0.352,0.462,-0.25,0.368,0.124,0.667,-0.11,0.658,0.129,-0.01,-0.194,0.721,0.628,0.67,0.651,0.445,0.34,0.185,-0.458,0.36,0.605,0.078,0.48,-0.313,0.454,0.61,0.665,0.565,0.029,0.263,0.514,-0.109,-0.117,0.346,-0.1,0.606,0.662,0.669,0.66
ARDX,0.421,0.306,-0.189,0.154,0.312,0.191,-0.391,-0.067,0.432,0.233,0.266,0.281,-0.213,-0.124,-0.335,-0.299,0.284,1.0,-0.243,-0.057,-0.131,0.351,0.087,0.095,-0.008,0.151,-0.343,0.334,0.218,-0.285,-0.026,-0.0,0.143,-0.035,-0.23,-0.242,0.225,-0.055,0.029,0.085,-0.031,0.179,-0.24,0.375,-0.204,-0.182,0.462,0.148,0.237,0.267,0.189,0.276,0.13,0.385,-0.088,0.16,-0.417,0.042,0.106,0.031,-0.332,0.186,-0.43,0.068,0.076,-0.191,0.402,0.326,0.423,-0.134,0.198,-0.178,0.262,-0.299,-0.341,-0.155,0.051,0.462,-0.01,0.021,-0.414,0.125,0.321,0.076,-0.187,0.038,0.154,0.131,0.308,-0.024,0.165,0.046,0.455,-0.409,0.38,-0.18,-0.083,0.283,-0.078,0.139,-0.089,-0.229,0.332,-0.053,0.063,0.28,0.124,-0.354,0.003,0.122,-0.165,-0.16,0.257,0.286,0.201,-0.423,-0.04,0.217,-0.027,0.323,0.16,-0.159,-0.237,0.402,-0.115,0.264,-0.276,-0.003,0.145,-0.179,0.181,0.306,0.035,0.093,-0.25,0.093,0.169,-0.043,0.079,-0.351,-0.204,0.282,0.113,-0.228,0.146,-0.064,0.115,0.134,-0.108,0.174,-0.064,0.004,0.098,-0.379,-0.014,0.389,0.036,-0.223,-0.199,-0.398,-0.418,-0.365,0.565,-0.144,0.093,-0.374,0.143,-0.16,0.253,-0.15,-0.148,-0.374,0.275,0.256,0.173,0.003,0.273,0.452,-0.272,-0.322,0.339,0.289,-0.347,-0.011,-0.174,-0.148,0.053,0.271,-0.073,0.534,-0.242,0.196,-0.0,-0.375,0.077,0.323,0.128,0.158,0.126,0.321
ATER,0.171,0.145,0.564,0.409,0.076,0.418,0.509,0.583,-0.037,0.234,0.349,0.213,-0.14,0.597,-0.066,0.521,0.09,-0.243,1.0,0.179,0.493,0.174,-0.597,0.271,0.409,0.251,0.239,-0.162,0.561,0.479,0.62,0.625,-0.135,0.506,0.665,0.05,0.346,0.461,0.018,0.537,-0.128,0.245,0.539,0.193,0.568,0.239,0.057,0.479,0.285,0.229,0.12,0.226,0.522,0.337,0.428,-0.36,0.024,0.48,0.06,0.173,0.004,0.529,0.082,0.134,0.436,-0.362,0.299,0.273,-0.085,0.344,-0.075,0.311,-0.247,0.372,0.348,0.354,0.482,-0.274,0.536,0.522,0.515,0.237,0.295,0.66,0.264,0.397,0.594,0.085,0.259,0.413,0.313,0.444,0.043,0.245,0.005,0.255,0.34,0.342,0.461,0.249,0.287,0.624,0.139,0.342,0.465,0.177,0.373,0.321,0.237,0.042,0.394,-0.066,0.306,-0.076,0.537,0.477,0.451,0.425,-0.01,0.265,0.168,0.578,0.238,0.109,0.293,0.064,0.59,0.435,0.391,0.605,0.33,-0.009,0.052,0.221,0.359,0.137,0.044,0.57,0.212,0.385,0.614,-0.425,0.556,0.199,0.402,0.518,0.469,0.398,0.5,0.365,0.579,0.691,0.531,0.049,0.382,0.387,-0.011,0.122,0.692,0.544,0.161,0.074,-0.224,0.46,-0.298,0.431,0.207,-0.215,0.093,0.565,0.683,0.21,0.011,0.111,0.19,0.467,0.47,0.342,0.648,0.306,-0.377,0.208,0.02,0.602,0.374,0.472,0.409,0.181,0.393,-0.072,0.606,-0.205,0.237,0.569,0.439,-0.072,0.463,0.412,0.416,0.258
ATOS,0.366,-0.35,0.095,-0.34,-0.323,-0.168,0.416,-0.13,-0.189,0.334,-0.156,-0.312,0.347,0.057,0.235,0.337,-0.349,-0.057,0.179,1.0,0.217,-0.24,0.085,-0.029,-0.219,-0.286,0.362,-0.236,0.135,0.375,-0.054,0.182,0.335,-0.081,0.352,-0.056,0.114,-0.016,0.315,-0.117,0.485,-0.319,0.402,-0.221,0.188,0.255,0.126,-0.221,-0.358,-0.114,-0.33,-0.295,-0.031,-0.03,0.175,-0.33,0.191,-0.045,0.513,0.542,0.371,-0.05,0.377,-0.411,-0.168,-0.142,-0.149,-0.295,-0.206,0.305,-0.416,0.412,-0.443,0.37,0.183,0.26,0.047,-0.251,-0.048,-0.052,0.013,0.268,-0.247,0.12,0.407,-0.272,0.068,0.31,0.094,-0.218,-0.242,0.44,0.028,0.299,0.012,0.45,0.029,-0.255,0.21,-0.308,0.286,0.251,-0.306,-0.098,0.069,-0.276,-0.266,0.052,-0.356,-0.095,0.03,0.49,-0.23,-0.327,-0.041,0.058,-0.294,-0.074,0.38,-0.306,-0.296,-0.032,0.24,-0.348,0.535,-0.468,0.166,-0.001,-0.272,0.38,-0.16,-0.383,0.538,-0.337,0.622,-0.363,-0.423,-0.063,-0.354,0.052,0.065,-0.245,0.302,0.39,-0.147,-0.018,-0.203,0.063,-0.251,-0.217,-0.001,0.232,-0.131,0.227,0.548,0.021,0.287,-0.184,0.046,0.421,0.35,0.158,-0.13,0.349,-0.395,0.025,-0.352,-0.061,-0.378,0.205,0.351,0.131,-0.399,-0.27,-0.41,-0.074,-0.051,0.367,0.081,0.366,-0.301,-0.276,0.022,-0.035,0.505,-0.088,-0.105,-0.359,-0.38,0.181,0.07,-0.481,0.319,0.191,0.225,-0.053,-0.124,-0.231,-0.196,-0.313
AUPH,0.303,0.165,0.851,0.36,0.094,0.506,0.395,0.354,-0.039,0.161,0.319,0.191,-0.19,0.602,0.035,0.536,0.299,-0.131,0.493,0.217,1.0,0.294,-0.665,0.54,0.597,0.191,0.258,-0.028,0.666,0.513,0.537,0.621,-0.021,0.479,0.596,0.185,0.351,0.51,-0.291,0.445,-0.193,0.349,0.465,0.224,0.57,0.346,-0.075,0.345,0.362,0.272,0.282,0.233,0.586,0.3,0.556,-0.357,0.088,0.681,-0.051,0.227,0.089,0.453,-0.013,0.281,0.499,-0.276,0.248,0.275,-0.187,0.368,0.143,0.439,-0.165,0.397,0.323,0.585,0.445,-0.31,0.487,0.467,0.508,0.022,0.316,0.6,0.462,0.632,0.55,-0.128,0.068,0.665,0.147,0.444,-0.065,0.299,0.053,0.015,0.373,0.361,0.503,0.413,0.382,0.558,0.098,0.592,0.257,0.153,0.449,0.338,0.377,0.351,0.545,-0.089,0.377,0.112,0.45,0.47,0.487,0.325,-0.06,0.418,0.178,0.7,0.389,0.346,0.156,0.147,0.529,0.763,0.258,0.585,0.248,0.026,-0.026,0.255,0.622,0.149,0.274,0.605,0.444,0.536,0.584,-0.454,0.406,0.411,0.328,0.521,0.531,0.344,0.535,0.32,0.57,0.533,0.517,0.334,0.374,0.254,-0.177,0.271,0.449,0.466,0.221,0.266,-0.191,0.349,-0.355,0.698,0.375,0.013,0.182,0.708,0.587,0.297,0.082,0.284,0.208,0.672,0.4,0.361,0.658,0.212,-0.434,0.19,-0.009,0.442,0.443,0.396,0.676,0.124,0.435,-0.367,0.633,-0.151,0.282,0.456,0.311,0.028,0.451,0.489,0.323,0.259
AVGO,0.493,0.751,0.29,0.809,0.828,0.803,-0.031,0.609,0.526,-0.095,0.789,0.843,-0.558,0.556,-0.489,0.002,0.726,0.351,0.174,-0.24,0.294,1.0,-0.369,0.208,0.743,0.775,-0.246,0.604,0.623,-0.108,0.563,0.318,-0.279,0.624,0.149,-0.003,0.553,0.231,-0.207,0.786,-0.552,0.834,-0.089,0.657,0.351,-0.069,0.155,0.714,0.787,0.788,0.685,0.817,0.486,0.779,0.265,0.32,-0.423,0.679,-0.199,-0.024,-0.532,0.62,-0.397,0.602,0.572,-0.243,0.764,0.768,0.266,-0.136,0.579,-0.073,0.559,-0.133,-0.139,-0.137,0.435,0.403,0.41,0.449,0.176,0.112,0.841,0.531,0.016,0.665,0.513,-0.271,0.13,0.505,0.691,0.079,0.295,-0.292,0.472,-0.274,0.021,0.84,0.148,0.638,-0.211,0.127,0.841,0.569,0.55,0.757,0.779,-0.051,0.627,0.522,0.454,-0.575,0.876,0.623,0.691,-0.035,0.632,0.755,-0.472,0.629,0.712,0.418,-0.035,0.679,-0.292,0.826,0.14,0.426,0.858,0.12,0.738,0.752,-0.298,0.633,-0.186,0.691,0.674,0.726,0.567,0.294,0.246,0.257,0.22,-0.14,0.773,0.563,0.705,0.283,0.735,0.705,0.607,0.353,0.682,-0.105,-0.087,0.54,-0.496,0.3,0.41,-0.067,-0.444,-0.325,0.597,-0.083,0.356,0.258,0.782,-0.219,0.744,0.349,0.257,0.063,0.678,0.763,0.718,0.674,0.694,0.441,0.403,-0.392,0.388,0.759,-0.066,0.645,-0.304,0.621,0.706,0.843,0.706,0.197,0.458,0.56,0.206,-0.096,0.455,0.017,0.609,0.576,0.735,0.777
AZN,-0.137,-0.324,-0.744,-0.426,-0.238,-0.494,-0.219,-0.568,-0.192,-0.149,-0.428,-0.312,0.422,-0.574,0.191,-0.49,-0.471,0.087,-0.597,0.085,-0.665,-0.369,1.0,-0.446,-0.525,-0.413,-0.123,0.126,-0.578,-0.441,-0.62,-0.546,0.247,-0.633,-0.549,-0.099,-0.276,-0.462,0.481,-0.534,0.508,-0.306,-0.321,-0.261,-0.426,-0.056,0.054,-0.438,-0.444,-0.311,-0.286,-0.385,-0.501,-0.284,-0.447,0.343,0.159,-0.571,0.107,0.152,0.159,-0.512,0.207,-0.248,-0.642,0.404,-0.313,-0.39,0.026,-0.275,-0.253,-0.064,0.023,-0.234,-0.281,-0.387,-0.404,0.212,-0.658,-0.65,-0.519,-0.117,-0.395,-0.572,-0.115,-0.676,-0.609,0.12,-0.228,-0.601,-0.314,-0.387,0.009,-0.182,0.027,0.178,-0.189,-0.458,-0.584,-0.458,-0.111,-0.64,-0.332,-0.562,-0.239,-0.308,-0.524,-0.187,-0.361,-0.129,-0.432,0.322,-0.349,-0.166,-0.54,-0.324,-0.529,-0.431,0.282,-0.427,-0.271,-0.535,-0.28,-0.348,0.074,-0.287,-0.568,-0.723,-0.405,-0.464,-0.284,-0.262,0.264,-0.357,-0.253,-0.281,-0.184,-0.648,-0.39,-0.428,-0.553,0.426,-0.374,-0.237,-0.438,-0.621,-0.553,-0.61,-0.569,-0.463,-0.557,-0.475,-0.577,0.005,-0.203,-0.468,0.313,-0.154,-0.573,-0.315,-0.024,-0.028,0.187,-0.287,0.241,-0.492,-0.404,0.082,-0.219,-0.462,-0.469,-0.002,-0.237,-0.254,-0.42,-0.61,-0.427,-0.28,-0.651,-0.172,0.294,-0.397,0.081,-0.523,-0.243,-0.411,-0.601,-0.259,-0.438,0.326,-0.545,0.055,-0.045,-0.542,-0.409,-0.017,-0.469,-0.502,-0.525,-0.365
BCRX,-0.033,0.097,0.516,0.305,-0.021,0.349,0.254,0.233,-0.067,0.065,0.282,0.154,0.042,0.229,0.151,0.451,0.259,0.095,0.271,-0.029,0.54,0.208,-0.446,1.0,0.429,0.054,0.237,-0.151,0.441,0.385,0.377,0.607,0.158,0.241,0.452,0.559,0.436,0.659,-0.478,0.323,-0.281,0.214,0.378,0.021,0.5,0.285,-0.185,0.203,0.308,0.196,-0.025,0.057,0.44,0.159,0.648,-0.392,0.277,0.343,-0.199,-0.005,0.197,0.342,-0.021,0.396,0.511,-0.073,0.209,0.307,0.146,0.537,0.036,0.285,-0.145,0.504,0.313,0.597,0.497,-0.214,0.466,0.417,0.338,0.144,0.307,0.566,0.479,0.38,0.55,-0.029,0.289,0.491,-0.015,0.408,0.049,0.378,-0.089,-0.017,0.403,0.165,0.377,0.394,0.645,0.402,0.037,0.388,-0.003,0.036,0.231,0.082,0.468,0.275,0.416,0.254,0.295,-0.071,0.418,0.508,0.604,0.18,-0.205,0.595,-0.137,0.631,0.408,0.446,0.167,0.151,0.535,0.478,0.064,0.5,0.05,-0.003,-0.152,0.073,0.295,0.227,0.108,0.351,0.447,0.38,0.551,-0.407,0.299,0.364,0.088,0.336,0.538,0.335,0.403,-0.018,0.234,0.488,0.242,0.261,0.083,0.239,-0.164,0.1,0.273,0.411,0.264,0.288,-0.137,0.392,-0.318,0.566,0.142,0.29,0.106,0.542,0.44,0.26,0.109,-0.046,-0.05,0.333,0.298,0.326,0.475,0.283,-0.398,-0.042,-0.0,0.239,0.492,0.303,0.34,0.083,0.363,-0.301,0.104,-0.252,-0.055,0.496,0.09,0.327,0.319,0.389,0.027,0.154
BGC,0.33,0.644,0.587,0.848,0.587,0.745,0.133,0.67,0.296,-0.112,0.745,0.747,-0.43,0.748,-0.269,0.267,0.599,-0.008,0.409,-0.219,0.597,0.743,-0.525,0.429,1.0,0.638,-0.136,0.449,0.681,0.1,0.724,0.573,-0.289,0.67,0.416,0.249,0.527,0.402,-0.249,0.771,-0.544,0.847,0.207,0.605,0.51,0.167,-0.022,0.722,0.724,0.719,0.694,0.704,0.685,0.693,0.392,0.089,-0.153,0.838,-0.3,-0.054,-0.287,0.711,-0.238,0.613,0.656,-0.246,0.682,0.724,0.141,0.075,0.504,0.124,0.35,0.122,0.104,0.148,0.498,0.059,0.569,0.593,0.453,0.045,0.74,0.701,0.224,0.788,0.629,-0.362,0.119,0.672,0.603,0.234,0.211,-0.045,0.238,-0.179,0.293,0.767,0.29,0.624,0.085,0.383,0.637,0.641,0.453,0.659,0.81,0.178,0.671,0.496,0.577,-0.447,0.788,0.482,0.75,0.371,0.724,0.727,-0.393,0.662,0.631,0.715,0.141,0.65,-0.137,0.638,0.333,0.606,0.723,0.367,0.709,0.537,-0.23,0.626,0.068,0.582,0.672,0.815,0.625,0.45,0.524,-0.079,0.327,0.036,0.777,0.637,0.804,0.332,0.853,0.699,0.783,0.546,0.762,0.092,0.015,0.479,-0.374,0.404,0.603,0.18,-0.16,-0.052,0.279,0.133,0.162,0.575,0.727,-0.11,0.691,0.615,0.485,0.283,0.623,0.584,0.647,0.804,0.689,0.387,0.656,-0.186,0.056,0.599,0.014,0.754,0.017,0.7,0.811,0.698,0.814,-0.09,0.705,0.385,0.139,0.161,0.49,-0.066,0.714,0.695,0.613,0.729
BIDU,0.362,0.691,0.299,0.735,0.764,0.734,0.007,0.583,0.53,-0.062,0.664,0.793,-0.605,0.55,-0.43,0.021,0.698,0.151,0.251,-0.286,0.191,0.775,-0.413,0.054,0.638,1.0,-0.29,0.56,0.391,-0.071,0.462,0.24,-0.359,0.673,0.096,-0.089,0.418,0.045,-0.134,0.653,-0.496,0.714,-0.124,0.638,0.235,-0.115,0.133,0.691,0.579,0.696,0.665,0.836,0.373,0.669,0.006,0.266,-0.446,0.572,-0.086,-0.163,-0.533,0.512,-0.36,0.435,0.529,-0.248,0.649,0.644,0.222,-0.212,0.578,-0.261,0.596,-0.15,-0.103,-0.173,0.345,0.332,0.479,0.529,0.18,0.146,0.65,0.429,-0.137,0.574,0.523,-0.263,0.034,0.404,0.706,0.077,0.253,-0.256,0.296,-0.252,0.008,0.72,0.19,0.554,-0.32,0.148,0.746,0.399,0.48,0.718,0.636,0.022,0.445,0.334,0.398,-0.633,0.707,0.704,0.647,-0.063,0.442,0.691,-0.432,0.433,0.675,0.236,0.024,0.511,-0.334,0.787,0.033,0.371,0.756,0.026,0.664,0.773,-0.292,0.513,-0.244,0.522,0.587,0.573,0.409,0.234,0.176,0.179,0.092,-0.179,0.795,0.476,0.569,0.309,0.58,0.701,0.563,0.357,0.62,-0.285,-0.094,0.539,-0.356,0.208,0.375,-0.117,-0.466,-0.36,0.447,-0.087,0.379,0.056,0.603,-0.145,0.75,0.236,0.165,-0.075,0.732,0.548,0.647,0.594,0.584,0.347,0.295,-0.359,0.414,0.701,-0.034,0.59,-0.314,0.518,0.566,0.835,0.571,0.217,0.405,0.483,0.073,-0.115,0.482,-0.194,0.616,0.575,0.866,0.672
BILI,-0.169,-0.58,0.163,-0.325,-0.502,-0.187,0.54,-0.033,-0.477,0.046,-0.254,-0.473,0.578,-0.004,0.641,0.559,-0.417,-0.343,0.239,0.362,0.258,-0.246,-0.123,0.237,-0.136,-0.29,1.0,-0.604,0.059,0.712,-0.022,0.233,0.411,-0.007,0.453,0.516,0.046,0.296,-0.123,-0.212,0.097,-0.4,0.593,-0.51,0.289,0.542,-0.259,-0.314,-0.315,-0.377,-0.454,-0.465,0.024,-0.424,0.511,-0.534,0.679,-0.171,0.143,0.315,0.656,-0.211,0.478,-0.265,0.032,0.36,-0.506,-0.455,-0.166,0.454,-0.482,0.553,-0.506,0.775,0.686,0.507,0.26,-0.623,0.091,0.007,0.438,0.311,-0.445,0.072,0.533,-0.225,0.01,0.338,0.17,-0.163,-0.436,0.371,-0.229,0.857,-0.381,0.236,0.423,-0.337,0.334,-0.291,0.618,0.392,-0.523,0.092,-0.124,-0.552,-0.373,0.355,-0.245,-0.193,0.371,0.602,-0.317,-0.61,-0.271,0.604,0.121,-0.358,0.231,-0.126,-0.618,0.134,0.749,-0.451,0.528,-0.503,0.479,0.105,-0.343,0.476,-0.491,-0.504,0.182,-0.442,0.589,-0.343,-0.479,-0.084,-0.235,0.591,0.46,-0.412,0.279,0.622,-0.374,0.006,-0.077,-0.053,-0.083,-0.502,-0.168,0.193,-0.279,0.564,0.354,-0.186,0.115,0.113,0.107,0.608,0.732,0.605,-0.549,0.564,-0.403,0.451,-0.343,0.524,-0.643,0.368,0.421,0.458,-0.508,-0.402,-0.527,-0.205,-0.273,-0.077,0.329,0.711,-0.612,-0.496,0.171,-0.215,0.586,-0.053,-0.187,-0.408,-0.1,-0.441,-0.022,-0.459,0.259,0.61,-0.073,0.308,-0.285,-0.332,-0.293,-0.498
BKR,0.374,0.736,0.006,0.584,0.708,0.577,-0.237,0.186,0.441,-0.173,0.447,0.621,-0.575,0.315,-0.415,-0.321,0.49,0.334,-0.162,-0.236,-0.028,0.604,0.126,-0.151,0.449,0.56,-0.604,1.0,0.225,-0.515,0.181,-0.075,-0.246,0.324,-0.202,-0.222,0.229,-0.187,0.121,0.517,-0.171,0.687,-0.443,0.581,0.07,-0.301,0.101,0.61,0.572,0.622,0.608,0.637,0.259,0.68,-0.229,0.625,-0.565,0.358,-0.095,-0.027,-0.624,0.279,-0.371,0.521,0.161,-0.178,0.646,0.593,0.201,-0.451,0.636,-0.238,0.712,-0.514,-0.379,-0.401,0.152,0.697,0.115,0.194,-0.153,-0.146,0.63,0.178,-0.157,0.341,0.191,-0.443,-0.222,0.276,0.635,-0.203,0.175,-0.58,0.567,-0.148,-0.107,0.514,-0.256,0.46,-0.462,-0.207,0.662,0.229,0.372,0.652,0.551,-0.102,0.409,0.55,0.06,-0.613,0.634,0.716,0.447,-0.407,0.118,0.475,-0.359,0.363,0.651,0.045,-0.294,0.457,-0.514,0.657,-0.352,0.002,0.587,-0.282,0.588,0.709,-0.302,0.571,-0.407,0.501,0.712,0.271,0.39,-0.115,-0.18,0.586,-0.205,-0.335,0.553,0.223,0.39,0.041,0.327,0.549,0.35,0.059,0.367,-0.169,-0.27,0.295,-0.291,0.305,-0.009,-0.448,-0.626,-0.405,0.671,-0.456,0.537,-0.115,0.557,-0.285,0.709,-0.042,-0.171,-0.078,0.676,0.647,0.606,0.361,0.429,0.255,0.013,-0.629,0.721,0.632,-0.115,0.409,-0.499,0.327,0.414,0.752,0.402,0.406,0.274,0.685,0.089,-0.476,0.176,-0.264,0.341,0.495,0.519,0.685
BLDP,0.475,0.477,0.593,0.668,0.425,0.676,0.322,0.594,0.132,0.104,0.668,0.549,-0.369,0.76,-0.353,0.388,0.443,0.218,0.561,0.135,0.666,0.623,-0.578,0.441,0.681,0.391,0.059,0.225,1.0,0.342,0.662,0.667,-0.084,0.656,0.62,0.028,0.619,0.556,-0.101,0.746,-0.327,0.66,0.362,0.51,0.616,0.269,0.117,0.616,0.66,0.641,0.512,0.533,0.765,0.694,0.471,-0.102,-0.223,0.773,0.022,0.279,-0.188,0.663,-0.131,0.428,0.553,-0.434,0.632,0.6,0.102,0.286,0.324,0.41,0.113,0.24,0.269,0.297,0.603,-0.055,0.522,0.546,0.482,0.208,0.662,0.804,0.347,0.699,0.658,-0.066,0.25,0.626,0.463,0.471,0.184,-0.025,0.373,0.064,0.365,0.673,0.348,0.531,0.219,0.488,0.471,0.594,0.544,0.457,0.691,0.225,0.522,0.504,0.439,-0.282,0.708,0.314,0.698,0.262,0.604,0.611,-0.163,0.588,0.384,0.713,0.208,0.59,0.129,0.405,0.495,0.583,0.626,0.565,0.569,0.337,-0.035,0.433,0.33,0.432,0.422,0.752,0.542,0.415,0.559,-0.146,0.671,0.16,0.584,0.615,0.784,0.386,0.667,0.552,0.682,0.691,0.687,0.161,0.387,0.466,-0.24,0.35,0.623,0.293,-0.039,-0.015,0.247,0.302,-0.074,0.589,0.582,-0.254,0.403,0.622,0.654,0.304,0.327,0.5,0.429,0.743,0.734,0.567,0.683,0.011,-0.101,0.52,-0.055,0.677,0.247,0.61,0.746,0.488,0.591,0.04,0.675,0.142,0.352,0.361,0.5,0.122,0.634,0.596,0.55,0.592
BLNK,-0.034,-0.311,0.447,-0.085,-0.31,0.078,0.609,0.223,-0.252,0.224,-0.033,-0.197,0.355,0.346,0.349,0.771,-0.167,-0.285,0.479,0.375,0.513,-0.108,-0.441,0.385,0.1,-0.071,0.712,-0.515,0.342,1.0,0.319,0.567,0.268,0.373,0.733,0.357,0.303,0.479,-0.127,0.053,0.048,-0.189,0.765,-0.301,0.465,0.48,-0.085,-0.103,-0.121,-0.099,-0.264,-0.119,0.314,-0.131,0.568,-0.597,0.466,0.114,0.281,0.36,0.518,0.202,0.387,-0.164,0.298,-0.085,-0.222,-0.242,-0.12,0.657,-0.363,0.506,-0.497,0.712,0.675,0.705,0.546,-0.606,0.437,0.387,0.508,0.389,-0.22,0.435,0.499,0.115,0.44,0.386,0.31,0.131,-0.339,0.564,-0.08,0.747,-0.26,0.197,0.437,-0.125,0.59,-0.099,0.603,0.69,-0.282,0.236,0.093,-0.256,-0.076,0.246,-0.12,-0.157,0.234,0.369,-0.096,-0.375,0.117,0.594,0.214,-0.043,0.195,0.03,-0.388,0.381,0.65,-0.221,0.564,-0.244,0.695,0.382,-0.189,0.749,-0.184,-0.325,0.244,-0.304,0.657,-0.217,-0.392,0.191,-0.054,0.429,0.575,-0.516,0.525,0.634,-0.051,0.37,0.12,0.302,0.1,-0.152,0.252,0.565,0.067,0.423,0.563,0.088,0.213,-0.019,0.399,0.763,0.646,0.46,-0.516,0.778,-0.421,0.543,-0.253,0.116,-0.352,0.581,0.726,0.302,-0.32,-0.387,-0.35,0.196,0.056,0.187,0.605,0.752,-0.604,-0.25,0.033,0.041,0.705,0.166,-0.001,-0.2,-0.021,-0.405,0.254,-0.529,0.234,0.728,0.334,0.141,0.041,-0.024,0.079,-0.287
BYND,0.398,0.574,0.522,0.734,0.456,0.608,0.165,0.666,0.382,0.185,0.747,0.607,-0.321,0.764,-0.256,0.403,0.453,-0.026,0.62,-0.054,0.537,0.563,-0.62,0.377,0.724,0.462,-0.022,0.181,0.662,0.319,1.0,0.749,-0.252,0.684,0.504,0.117,0.579,0.496,-0.189,0.737,-0.475,0.628,0.353,0.541,0.508,0.133,0.111,0.586,0.619,0.627,0.532,0.63,0.639,0.646,0.568,-0.097,-0.192,0.705,-0.068,0.084,-0.188,0.783,-0.181,0.368,0.626,-0.394,0.604,0.53,0.202,0.194,0.325,0.107,0.184,0.14,0.115,0.186,0.626,-0.001,0.649,0.672,0.408,0.243,0.56,0.769,0.223,0.624,0.725,-0.042,0.362,0.603,0.474,0.32,0.377,0.055,0.106,-0.181,0.156,0.636,0.402,0.418,0.164,0.542,0.558,0.653,0.472,0.665,0.707,0.077,0.384,0.186,0.415,-0.345,0.678,0.332,0.766,0.31,0.632,0.742,-0.226,0.494,0.503,0.737,0.211,0.483,0.1,0.494,0.445,0.594,0.591,0.599,0.646,0.445,-0.102,0.589,0.225,0.46,0.422,0.758,0.477,0.321,0.506,-0.168,0.467,0.075,0.666,0.707,0.675,0.593,0.681,0.717,0.841,0.701,0.734,0.05,0.199,0.572,-0.136,0.161,0.724,0.365,-0.052,-0.088,0.133,0.318,0.051,0.527,0.518,-0.306,0.486,0.629,0.608,0.081,0.445,0.368,0.567,0.796,0.708,0.479,0.694,0.033,-0.056,0.523,-0.11,0.696,0.128,0.644,0.629,0.501,0.584,-0.105,0.718,0.129,0.15,0.278,0.61,-0.003,0.714,0.599,0.639,0.645
