,AAL,AAPL,ABUS,ADBE,ADI,ADMA,AEP,AGNC,AKBA,ALT,AMAT,AMD,AMGN,AMZN,APA,APPS,ARCC,ARDX,ATER,ATOS,AUPH,AVGO,AZN,BCRX,BGC,BIDU,BILI,BKR,BLDP,BLNK,BYND,CAN,CELH,CG,CGC,CHRD,CLNE,CMCSA,COMM,COST,CPB,CPRT,CRON,CRWD,CSCO,CSGP,CSX,CTSH,CZR,DBX,DDOG,DKNG,DLTR,DOCU,DVAX,DXCM,EA,EBAY,ENPH,ERIC,ESPR,ETSY,EXC,EXEL,EXPE,FANG,FAST,FITB,FLEX,FOLD,FOXA,FSLR,FTNT,FUTU,GEN,GERN,GEVO,GILD,GOOG,GOOGL,GPRO,GT,HBAN,HIVE,HON,HST,HUT,IBRX,INTC,IOVA,IQ,IRWD,JBLU,JD,KDP,KHC,LBTYK,LRCX,LYFT,MAR,MARA,MAT,MCHP,MCRB,MDLZ,META,MGNI,MLCO,MNKD,MNST,MOMO,MRNA,MRVL,MSFT,MSTR,MTCH,MU,MVIS,NDAQ,NFLX,NKTR,NNDM,NTES,NTNX,NVAX,NVDA,NWL,NWSA,NXPI,OCGN,OKTA,ON,OPK,PAA,PACB,PAGP,PANW,PARA,PCAR,PDD,PENN,PEP,PLUG,PTEN,PTON,PYPL,QCOM,QUBT,QVCGA,RDFN,REAL,RIOT,ROKU,ROST,RUN,SABR,SAVA,SBUX,SFIX,SGMO,SIRI,SLM,SMCI,SNDL,SONO,STNE,STX,TCOM,TGTX,TIGR,TLRY,TMUS,TRIP,TSCO,TSLA,TTD,TXN,UAL,UNIT,VERU,VKTX,VLY,VOD,VTRS,VXRT,WBA,WBD,WDAY,WDC,WEN,WW,WYNN,XEL,XP,XRAY,XRX,Z,ZION,ZM,ZS
AAL,1.0,0.58,0.667,0.231,0.458,0.156,0.564,0.772,0.839,0.795,0.01,0.19,0.552,0.334,-0.465,0.742,0.608,0.786,-0.103,0.247,0.408,-0.26,0.362,0.616,0.287,0.188,-0.517,-0.463,0.66,-0.016,0.824,0.044,-0.366,0.629,0.787,-0.067,0.264,0.337,0.525,0.681,0.515,0.092,0.544,0.675,-0.396,0.574,0.732,0.495,0.414,0.485,0.655,0.237,0.729,0.907,0.556,0.537,0.596,0.6,0.709,0.822,0.821,0.798,-0.074,0.701,0.562,-0.324,0.659,0.866,-0.319,0.531,-0.159,0.532,0.336,-0.549,0.59,0.535,0.48,0.664,-0.191,-0.176,0.479,0.547,0.84,0.694,0.761,0.732,0.263,0.191,0.322,0.607,-0.453,0.723,0.786,0.014,0.441,0.692,0.285,0.347,0.704,0.561,0.798,0.449,0.604,0.018,0.423,-0.237,0.615,0.203,0.341,-0.347,-0.244,0.655,-0.22,0.12,0.739,0.636,-0.046,0.657,0.682,0.214,0.326,-0.434,-0.562,0.72,-0.283,-0.348,0.815,0.372,0.621,0.518,0.616,0.736,0.652,0.466,0.517,0.366,0.547,0.765,0.776,0.569,0.138,0.575,0.027,-0.439,0.804,0.769,0.594,0.513,0.526,0.721,0.641,0.784,0.515,0.51,0.813,0.442,0.237,-0.419,0.792,0.622,-0.057,0.673,-0.076,0.167,0.584,0.627,0.596,-0.278,0.803,-0.497,0.798,0.834,0.121,0.713,0.491,0.031,0.688,0.804,0.709,0.37,0.847,0.848,0.221,0.718,-0.095,0.335,0.684,0.661,0.543,0.741,-0.187,-0.384,0.672,0.502,0.612,0.78,0.75,0.849,0.632,0.574
AAPL,0.58,1.0,0.408,0.681,0.796,0.417,0.51,0.627,0.566,0.353,0.347,0.677,0.153,0.604,-0.402,0.542,0.7,0.715,0.226,0.402,0.526,0.205,0.166,0.189,0.64,0.347,-0.374,-0.3,0.519,0.473,0.298,-0.238,-0.521,0.576,0.398,0.108,0.119,0.559,0.699,0.757,0.389,0.614,0.31,0.524,-0.586,0.827,0.666,0.751,0.499,0.672,0.751,0.628,0.395,0.605,0.492,0.764,0.795,0.543,0.8,0.72,0.632,0.656,-0.079,0.556,0.769,-0.11,0.708,0.666,0.047,0.346,-0.186,0.752,0.603,-0.291,0.668,0.602,0.526,0.224,0.371,0.39,0.751,0.754,0.661,0.154,0.758,0.792,-0.269,0.611,0.725,0.628,-0.35,0.542,0.566,0.451,0.637,0.584,0.15,0.829,0.363,0.792,0.539,0.126,0.868,0.144,0.763,0.4,0.755,-0.035,0.222,-0.476,-0.166,0.762,0.199,0.648,0.471,0.817,0.426,0.7,0.716,0.667,0.069,-0.345,-0.137,0.555,-0.562,0.061,0.717,0.473,0.886,0.583,0.569,0.698,0.75,0.373,0.765,0.214,0.537,0.662,0.817,0.424,0.618,0.49,-0.348,-0.346,0.713,0.542,0.784,0.266,0.349,0.683,0.618,0.505,0.604,0.676,0.625,0.685,0.241,-0.198,0.658,0.509,0.203,0.182,0.387,0.137,0.732,0.777,0.758,-0.008,0.66,-0.301,0.549,0.623,0.538,0.409,0.766,-0.209,0.895,0.723,0.75,0.285,0.616,0.72,0.029,0.555,0.02,0.194,0.72,0.473,0.697,0.508,-0.223,-0.38,0.676,0.791,0.707,0.669,0.603,0.576,0.549,0.639
ABUS,0.667,0.408,1.0,0.184,0.453,-0.062,0.707,0.74,0.703,0.597,-0.015,0.136,0.632,0.435,-0.333,0.415,0.47,0.696,-0.166,0.251,0.368,-0.39,0.463,0.611,0.22,0.236,-0.609,-0.347,0.516,-0.168,0.593,-0.284,-0.26,0.65,0.5,0.01,0.4,0.063,0.424,0.605,0.205,0.025,0.48,0.765,-0.19,0.494,0.692,0.498,0.157,0.55,0.608,0.172,0.808,0.627,0.464,0.635,0.54,0.574,0.676,0.513,0.737,0.701,-0.229,0.765,0.545,-0.241,0.325,0.735,-0.435,0.508,-0.289,0.447,0.393,-0.54,0.661,0.373,0.386,0.603,-0.34,-0.346,0.423,0.461,0.735,0.485,0.682,0.553,0.116,0.154,0.34,0.632,-0.473,0.696,0.69,0.014,0.372,0.728,0.197,0.28,0.684,0.365,0.629,0.645,0.567,-0.034,0.343,-0.327,0.561,-0.093,0.259,-0.286,-0.578,0.494,-0.307,0.089,0.566,0.527,-0.112,0.647,0.587,0.081,0.327,-0.508,-0.572,0.802,-0.294,-0.457,0.706,0.466,0.571,0.455,0.38,0.71,0.555,0.62,0.507,0.563,0.755,0.632,0.523,0.65,0.096,0.621,0.087,-0.295,0.709,0.602,0.594,0.517,0.562,0.71,0.519,0.619,0.587,0.544,0.771,0.199,0.109,-0.669,0.668,0.768,-0.189,0.601,-0.163,0.092,0.611,0.667,0.631,-0.235,0.658,-0.568,0.586,0.74,-0.075,0.679,0.471,0.135,0.522,0.449,0.644,0.23,0.595,0.744,0.377,0.468,-0.189,0.061,0.497,0.744,0.552,0.631,0.024,-0.412,0.644,0.475,0.667,0.657,0.793,0.696,0.626,0.557
ADBE,0.231,0.681,0.184,1.0,0.745,0.25,0.418,0.512,0.279,0.039,0.345,0.832,-0.073,0.751,-0.063,0.075,0.714,0.428,0.278,0.549,0.532,0.352,0.253,0.101,0.764,0.562,-0.134,-0.027,0.173,0.397,-0.105,-0.075,-0.299,0.484,0.019,0.352,0.191,0.452,0.537,0.51,0.059,0.818,0.064,0.402,-0.489,0.77,0.512,0.805,0.608,0.765,0.685,0.768,0.197,0.276,0.355,0.659,0.71,0.478,0.622,0.33,0.468,0.493,-0.092,0.407,0.675,0.147,0.43,0.448,0.289,0.178,-0.013,0.709,0.855,-0.099,0.641,0.551,0.26,-0.076,0.665,0.67,0.673,0.554,0.424,-0.227,0.627,0.673,-0.433,0.673,0.734,0.513,-0.263,0.126,0.261,0.623,0.746,0.535,-0.037,0.821,0.156,0.726,0.231,-0.002,0.74,0.157,0.799,0.688,0.671,-0.076,0.034,-0.128,-0.125,0.684,0.515,0.808,0.03,0.7,0.627,0.655,0.737,0.849,-0.22,-0.087,0.135,0.462,-0.568,0.223,0.488,0.653,0.679,0.426,0.509,0.464,0.699,0.514,0.657,0.277,0.455,0.494,0.579,0.373,0.781,0.451,-0.394,-0.111,0.503,0.396,0.548,0.309,0.436,0.537,0.478,0.247,0.59,0.527,0.408,0.612,0.066,-0.025,0.447,0.298,0.281,-0.24,0.619,0.03,0.526,0.577,0.707,0.241,0.463,-0.1,0.288,0.3,0.606,0.096,0.702,-0.084,0.648,0.529,0.527,0.066,0.21,0.413,0.116,0.287,-0.053,-0.005,0.601,0.34,0.698,0.225,0.108,-0.133,0.474,0.55,0.687,0.548,0.41,0.251,0.399,0.594
ADI,0.458,0.796,0.453,0.745,1.0,0.369,0.556,0.673,0.511,0.203,0.382,0.712,0.227,0.72,-0.234,0.357,0.705,0.594,0.273,0.576,0.732,0.317,0.263,0.231,0.778,0.552,-0.35,-0.184,0.447,0.447,0.166,-0.152,-0.569,0.6,0.211,0.328,0.237,0.549,0.701,0.625,0.218,0.739,0.163,0.533,-0.606,0.875,0.712,0.843,0.576,0.771,0.8,0.713,0.386,0.517,0.523,0.776,0.767,0.643,0.776,0.525,0.618,0.662,-0.049,0.57,0.788,0.023,0.573,0.616,0.143,0.244,-0.005,0.796,0.711,-0.181,0.781,0.631,0.589,0.117,0.434,0.428,0.844,0.791,0.636,-0.032,0.73,0.834,-0.457,0.759,0.799,0.702,-0.176,0.392,0.529,0.542,0.741,0.633,0.245,0.859,0.331,0.776,0.444,0.221,0.893,0.349,0.863,0.447,0.794,-0.157,0.259,-0.298,-0.208,0.784,0.291,0.738,0.277,0.798,0.577,0.761,0.77,0.729,0.079,-0.296,-0.132,0.563,-0.673,0.151,0.708,0.561,0.885,0.619,0.577,0.725,0.786,0.539,0.793,0.374,0.521,0.664,0.764,0.48,0.802,0.487,-0.377,-0.27,0.668,0.574,0.857,0.337,0.459,0.699,0.64,0.401,0.705,0.672,0.569,0.737,0.245,-0.219,0.631,0.541,0.271,0.008,0.497,0.062,0.702,0.726,0.817,0.253,0.646,-0.227,0.495,0.469,0.578,0.436,0.778,-0.171,0.846,0.653,0.729,0.298,0.408,0.635,0.006,0.541,0.035,0.172,0.716,0.469,0.776,0.44,-0.13,-0.341,0.777,0.71,0.771,0.647,0.63,0.529,0.687,0.695
ADMA,0.156,0.417,-0.062,0.25,0.369,1.0,-0.112,0.158,0.142,-0.114,0.186,0.297,-0.192,0.135,-0.061,0.359,0.262,0.261,0.421,0.148,0.351,0.449,0.19,-0.146,0.409,0.026,0.189,-0.09,0.252,0.263,-0.043,0.062,-0.093,0.008,0.155,0.066,0.074,0.483,0.458,0.074,0.278,0.298,0.231,-0.048,-0.256,0.371,0.195,0.29,0.293,0.227,0.198,0.321,-0.094,0.134,0.331,0.208,0.21,0.171,0.245,0.227,0.146,0.068,-0.009,0.106,0.283,0.044,0.456,0.116,0.252,0.107,0.329,0.376,0.242,0.273,0.156,0.284,0.471,0.026,0.34,0.331,0.382,0.296,0.154,-0.137,0.117,0.249,-0.253,0.41,0.314,0.196,0.151,0.116,0.041,0.345,0.302,0.013,0.169,0.393,-0.113,0.458,0.111,-0.309,0.381,0.194,0.409,0.403,0.27,0.172,0.287,-0.23,0.294,0.301,0.289,0.203,0.239,0.24,0.525,0.141,0.131,0.249,0.174,0.161,0.115,-0.016,-0.166,0.397,0.176,0.002,0.333,0.447,0.358,0.21,0.246,0.013,0.262,-0.007,-0.079,0.227,0.234,-0.177,0.431,-0.014,-0.25,0.12,0.14,-0.049,0.248,-0.245,-0.188,0.125,0.267,0.09,0.044,0.27,0.06,0.562,0.457,0.156,0.089,0.165,0.304,-0.172,0.474,0.21,0.18,0.115,0.203,0.016,0.201,0.21,0.177,0.054,0.48,0.004,0.205,-0.22,0.434,0.391,0.215,0.288,0.092,0.201,-0.215,0.339,0.181,0.329,0.293,-0.074,0.234,0.172,-0.268,0.073,0.137,0.168,0.165,0.055,0.004,0.132,-0.031,0.129
AEP,0.564,0.51,0.707,0.418,0.556,-0.112,1.0,0.678,0.588,0.584,-0.011,0.324,0.43,0.5,-0.404,0.268,0.592,0.65,-0.224,0.536,0.408,-0.422,0.418,0.517,0.351,0.368,-0.674,-0.331,0.396,-0.151,0.512,-0.206,-0.205,0.705,0.468,0.015,0.355,0.065,0.44,0.668,0.204,0.258,0.454,0.692,-0.336,0.564,0.738,0.581,0.204,0.648,0.682,0.366,0.691,0.567,0.298,0.781,0.725,0.693,0.677,0.549,0.654,0.721,-0.187,0.714,0.559,-0.279,0.305,0.694,-0.395,0.348,-0.284,0.497,0.538,-0.712,0.731,0.42,0.162,0.504,-0.133,-0.115,0.478,0.448,0.655,0.499,0.7,0.672,0.164,0.228,0.493,0.667,-0.648,0.665,0.645,0.044,0.455,0.759,0.018,0.482,0.721,0.45,0.664,0.593,0.557,-0.106,0.523,-0.121,0.697,-0.089,0.049,-0.305,-0.657,0.585,-0.215,0.36,0.549,0.639,-0.057,0.655,0.716,0.32,0.066,-0.583,-0.515,0.708,-0.374,-0.538,0.735,0.726,0.606,0.469,0.357,0.623,0.675,0.534,0.658,0.363,0.795,0.685,0.627,0.719,0.372,0.704,0.062,-0.366,0.687,0.631,0.562,0.625,0.669,0.673,0.624,0.693,0.703,0.658,0.736,0.214,-0.035,-0.637,0.679,0.68,-0.295,0.474,-0.092,-0.091,0.715,0.73,0.724,-0.311,0.687,-0.666,0.543,0.713,-0.004,0.519,0.537,0.2,0.586,0.372,0.63,0.024,0.59,0.659,0.502,0.527,-0.394,-0.129,0.552,0.701,0.566,0.559,0.242,-0.36,0.714,0.562,0.728,0.647,0.736,0.542,0.716,0.581
AGNC,0.772,0.627,0.74,0.512,0.673,0.158,0.678,1.0,0.686,0.616,0.094,0.405,0.468,0.545,-0.435,0.473,0.745,0.769,-0.015,0.432,0.587,-0.107,0.454,0.555,0.521,0.386,-0.553,-0.403,0.6,0.03,0.496,-0.144,-0.438,0.792,0.518,0.062,0.351,0.308,0.623,0.617,0.187,0.333,0.36,0.833,-0.531,0.728,0.805,0.703,0.506,0.683,0.802,0.427,0.768,0.78,0.588,0.758,0.733,0.639,0.832,0.643,0.834,0.883,-0.271,0.725,0.732,-0.238,0.492,0.883,-0.255,0.447,-0.202,0.674,0.614,-0.506,0.788,0.518,0.421,0.448,0.032,0.008,0.629,0.599,0.901,0.413,0.862,0.768,-0.019,0.372,0.564,0.733,-0.5,0.63,0.719,0.172,0.592,0.812,0.178,0.553,0.775,0.673,0.708,0.451,0.756,0.064,0.596,-0.03,0.744,-0.109,0.252,-0.318,-0.423,0.749,-0.004,0.415,0.569,0.711,0.229,0.757,0.799,0.436,0.188,-0.488,-0.474,0.831,-0.5,-0.235,0.86,0.567,0.734,0.572,0.651,0.807,0.738,0.655,0.712,0.493,0.724,0.859,0.746,0.781,0.413,0.588,-0.115,-0.426,0.887,0.776,0.766,0.556,0.674,0.84,0.658,0.698,0.779,0.623,0.87,0.489,0.141,-0.522,0.754,0.685,-0.104,0.378,0.187,0.045,0.706,0.742,0.792,-0.134,0.752,-0.513,0.668,0.753,0.184,0.599,0.692,0.019,0.726,0.699,0.816,0.188,0.615,0.841,0.369,0.532,-0.205,0.138,0.74,0.787,0.791,0.714,-0.072,-0.448,0.737,0.63,0.799,0.784,0.847,0.832,0.761,0.818
AKBA,0.839,0.566,0.703,0.279,0.511,0.142,0.588,0.686,1.0,0.66,-0.049,0.143,0.6,0.369,-0.394,0.747,0.517,0.802,0.009,0.298,0.409,-0.337,0.459,0.599,0.27,0.107,-0.536,-0.344,0.68,0.003,0.737,0.007,-0.252,0.561,0.786,0.05,0.421,0.347,0.588,0.617,0.392,0.11,0.593,0.605,-0.392,0.59,0.693,0.523,0.372,0.48,0.735,0.314,0.694,0.737,0.569,0.608,0.595,0.597,0.724,0.731,0.849,0.746,-0.121,0.735,0.579,-0.256,0.55,0.863,-0.347,0.612,-0.177,0.62,0.391,-0.506,0.641,0.605,0.544,0.747,-0.209,-0.163,0.594,0.575,0.781,0.58,0.748,0.737,0.127,0.302,0.325,0.693,-0.42,0.729,0.795,0.071,0.434,0.649,0.353,0.319,0.676,0.531,0.677,0.572,0.657,0.128,0.47,-0.217,0.698,0.236,0.503,-0.328,-0.305,0.706,-0.271,0.13,0.656,0.701,-0.082,0.66,0.649,0.171,0.447,-0.375,-0.609,0.672,-0.269,-0.433,0.821,0.43,0.671,0.602,0.492,0.77,0.672,0.519,0.575,0.457,0.509,0.727,0.713,0.491,0.215,0.617,0.136,-0.347,0.789,0.652,0.571,0.431,0.555,0.692,0.735,0.692,0.521,0.544,0.79,0.521,0.436,-0.463,0.768,0.792,-0.04,0.58,-0.069,0.237,0.53,0.654,0.608,-0.353,0.783,-0.502,0.815,0.766,0.232,0.734,0.462,0.144,0.75,0.676,0.689,0.389,0.77,0.816,0.132,0.823,0.058,0.284,0.743,0.593,0.491,0.687,-0.048,-0.275,0.687,0.487,0.638,0.763,0.741,0.778,0.582,0.501
ALT,0.795,0.353,0.597,0.039,0.203,-0.114,0.584,0.616,0.66,1.0,-0.219,-0.021,0.416,0.206,-0.595,0.531,0.415,0.672,-0.399,0.271,0.282,-0.494,0.198,0.558,0.055,0.154,-0.623,-0.582,0.382,-0.312,0.808,-0.083,-0.268,0.578,0.706,-0.279,0.122,-0.042,0.252,0.544,0.436,-0.095,0.458,0.65,-0.326,0.348,0.622,0.307,0.11,0.343,0.47,-0.009,0.679,0.803,0.295,0.419,0.501,0.439,0.506,0.713,0.693,0.685,-0.234,0.584,0.381,-0.509,0.406,0.752,-0.56,0.329,-0.405,0.234,0.207,-0.708,0.497,0.309,0.106,0.643,-0.372,-0.36,0.212,0.241,0.696,0.787,0.601,0.506,0.431,-0.087,0.155,0.538,-0.583,0.63,0.588,-0.255,0.212,0.662,0.021,0.122,0.714,0.264,0.769,0.336,0.318,-0.175,0.205,-0.445,0.418,0.107,0.079,-0.469,-0.428,0.45,-0.383,0.043,0.715,0.417,-0.315,0.498,0.537,0.058,0.137,-0.572,-0.578,0.685,-0.239,-0.591,0.614,0.34,0.352,0.331,0.39,0.51,0.474,0.348,0.349,0.159,0.573,0.684,0.583,0.619,-0.053,0.454,0.048,-0.582,0.62,0.583,0.383,0.562,0.572,0.539,0.47,0.764,0.468,0.457,0.676,0.009,-0.051,-0.573,0.596,0.538,-0.404,0.663,-0.345,-0.07,0.497,0.502,0.485,-0.434,0.72,-0.596,0.573,0.797,-0.232,0.528,0.228,0.085,0.419,0.471,0.543,0.148,0.802,0.693,0.399,0.558,-0.393,0.03,0.442,0.664,0.458,0.606,-0.129,-0.463,0.482,0.336,0.51,0.602,0.6,0.672,0.631,0.445
AMAT,0.01,0.347,-0.015,0.345,0.382,0.186,-0.011,0.094,-0.049,-0.219,1.0,0.425,0.116,0.298,0.255,-0.045,0.248,0.079,0.283,-0.118,0.167,0.476,-0.116,-0.163,0.288,0.173,0.156,0.349,0.149,0.672,-0.198,-0.137,-0.358,0.043,-0.237,0.388,0.009,0.32,0.121,0.324,-0.017,0.473,0.034,0.025,0.048,0.347,0.126,0.273,0.374,0.34,0.167,0.31,-0.043,0.046,0.338,0.226,0.345,0.091,0.193,-0.02,0.027,0.094,0.362,0.097,0.235,0.32,0.224,0.052,0.573,-0.069,0.113,0.261,0.193,0.187,0.085,0.233,0.387,-0.283,0.494,0.496,0.372,0.437,0.088,-0.396,0.157,0.233,-0.518,0.35,0.322,0.125,0.177,0.118,0.197,0.404,0.316,0.011,0.106,0.534,-0.128,0.289,-0.152,-0.055,0.401,0.212,0.254,0.526,0.144,-0.263,0.083,0.257,0.217,0.187,0.529,0.488,-0.164,0.222,0.567,0.142,0.155,0.359,-0.066,0.188,0.304,0.039,-0.207,0.392,0.104,-0.081,0.315,-0.008,0.187,0.26,0.084,0.164,0.289,0.154,0.167,0.049,0.289,-0.043,0.311,0.138,-0.375,0.115,0.082,0.152,0.367,-0.104,-0.087,0.133,0.028,-0.206,0.081,0.157,0.008,0.373,0.031,0.238,0.066,-0.098,0.451,-0.11,0.405,0.359,0.142,0.197,0.173,0.401,0.0,0.185,0.017,-0.087,0.319,0.132,0.444,-0.332,0.32,0.276,0.158,0.139,-0.081,0.121,-0.424,-0.05,0.196,0.277,0.206,-0.013,0.286,0.034,-0.056,-0.164,0.186,0.353,0.097,0.232,0.091,0.12,0.066,0.187
AMD,0.19,0.677,0.136,0.832,0.712,0.297,0.324,0.405,0.143,-0.021,0.425,1.0,-0.151,0.693,-0.038,0.07,0.613,0.32,0.307,0.393,0.428,0.369,0.103,0.08,0.663,0.535,-0.197,0.034,0.212,0.535,-0.12,-0.164,-0.429,0.36,-0.087,0.428,0.081,0.358,0.483,0.504,0.02,0.774,-0.018,0.29,-0.426,0.696,0.405,0.608,0.461,0.623,0.617,0.74,0.059,0.272,0.306,0.577,0.653,0.383,0.557,0.244,0.31,0.361,-0.132,0.264,0.568,0.229,0.425,0.282,0.255,0.042,-0.122,0.649,0.67,-0.08,0.446,0.483,0.264,-0.23,0.555,0.561,0.628,0.545,0.29,-0.279,0.509,0.567,-0.462,0.698,0.705,0.37,-0.201,0.163,0.173,0.558,0.563,0.347,-0.079,0.796,0.057,0.617,0.224,0.015,0.701,0.2,0.678,0.624,0.612,-0.17,-0.01,-0.272,-0.201,0.646,0.551,0.749,0.062,0.617,0.623,0.549,0.54,0.797,-0.238,-0.223,0.17,0.305,-0.518,0.362,0.404,0.507,0.696,0.358,0.33,0.48,0.535,0.363,0.596,0.238,0.387,0.378,0.504,0.23,0.718,0.299,-0.419,0.026,0.43,0.296,0.583,0.317,0.25,0.459,0.392,0.198,0.48,0.455,0.312,0.613,0.017,-0.043,0.446,0.214,0.264,-0.221,0.621,0.028,0.503,0.579,0.637,0.366,0.381,-0.122,0.162,0.207,0.516,0.126,0.659,-0.147,0.609,0.503,0.441,0.04,0.137,0.38,0.04,0.137,-0.054,-0.06,0.499,0.23,0.597,0.152,0.002,-0.172,0.393,0.541,0.497,0.486,0.374,0.181,0.361,0.491
AMGN,0.552,0.153,0.632,-0.073,0.227,-0.192,0.43,0.468,0.6,0.416,0.116,-0.151,1.0,0.12,-0.107,0.418,0.197,0.437,-0.107,0.021,0.123,-0.399,0.364,0.478,-0.061,-0.11,-0.289,-0.075,0.542,-0.015,0.549,0.093,-0.114,0.282,0.477,-0.02,0.421,0.147,0.245,0.347,0.165,-0.151,0.31,0.376,0.097,0.234,0.387,0.158,0.227,0.161,0.293,-0.06,0.554,0.465,0.433,0.235,0.244,0.3,0.346,0.283,0.484,0.469,0.25,0.498,0.228,-0.161,0.156,0.553,-0.155,0.605,0.086,0.214,-0.011,-0.304,0.288,0.275,0.425,0.594,-0.253,-0.244,0.164,0.351,0.535,0.456,0.392,0.319,0.204,0.063,0.051,0.322,-0.073,0.573,0.714,-0.102,0.141,0.368,0.46,0.029,0.557,0.079,0.35,0.737,0.322,0.16,0.087,-0.347,0.242,0.119,0.384,0.19,-0.171,0.275,-0.251,-0.05,0.35,0.286,-0.189,0.356,0.27,-0.1,0.587,-0.157,-0.457,0.452,0.158,-0.401,0.498,0.166,0.324,0.245,0.18,0.521,0.271,0.36,0.22,0.448,0.352,0.333,0.335,0.301,-0.101,0.51,0.397,-0.195,0.477,0.468,0.367,0.283,0.266,0.439,0.191,0.359,0.214,0.169,0.513,0.143,0.261,-0.218,0.452,0.543,0.062,0.625,-0.261,0.245,0.219,0.303,0.244,-0.168,0.381,-0.357,0.541,0.479,-0.08,0.724,0.299,0.311,0.327,0.321,0.331,0.307,0.395,0.514,0.031,0.379,0.172,0.336,0.246,0.396,0.189,0.42,0.054,-0.065,0.485,0.228,0.288,0.496,0.56,0.644,0.38,0.177
AMZN,0.334,0.604,0.435,0.751,0.72,0.135,0.5,0.545,0.369,0.206,0.298,0.693,0.12,1.0,-0.116,0.175,0.686,0.487,0.157,0.588,0.598,0.222,0.165,0.255,0.63,0.664,-0.281,-0.095,0.175,0.211,0.096,-0.158,-0.301,0.498,0.141,0.299,0.169,0.238,0.451,0.656,0.156,0.618,0.206,0.466,-0.294,0.663,0.623,0.69,0.406,0.742,0.596,0.596,0.359,0.376,0.39,0.61,0.668,0.531,0.669,0.421,0.529,0.566,-0.098,0.533,0.602,0.043,0.451,0.449,0.122,0.206,-0.053,0.524,0.726,-0.192,0.621,0.503,0.286,0.084,0.383,0.397,0.592,0.573,0.441,-0.022,0.633,0.629,-0.253,0.475,0.594,0.569,-0.17,0.282,0.349,0.478,0.667,0.616,-0.049,0.657,0.189,0.63,0.355,0.193,0.671,0.15,0.673,0.409,0.603,-0.029,0.055,-0.169,-0.235,0.585,0.29,0.649,0.203,0.576,0.376,0.64,0.661,0.632,-0.157,-0.189,-0.021,0.56,-0.529,0.064,0.486,0.577,0.605,0.45,0.481,0.47,0.645,0.514,0.615,0.357,0.593,0.505,0.601,0.456,0.589,0.485,-0.328,-0.136,0.492,0.404,0.631,0.445,0.475,0.605,0.471,0.331,0.628,0.634,0.438,0.454,0.012,-0.274,0.493,0.346,0.123,0.005,0.361,0.128,0.578,0.578,0.627,0.302,0.528,-0.155,0.354,0.405,0.344,0.245,0.639,-0.061,0.6,0.45,0.608,0.214,0.391,0.463,0.217,0.357,-0.223,-0.007,0.53,0.366,0.636,0.411,0.019,-0.242,0.517,0.612,0.637,0.582,0.575,0.349,0.581,0.581
APA,-0.465,-0.402,-0.333,-0.063,-0.234,-0.061,-0.404,-0.435,-0.394,-0.595,0.255,-0.038,-0.107,-0.116,1.0,-0.37,-0.309,-0.457,0.281,-0.433,-0.309,0.286,-0.09,-0.147,-0.156,-0.261,0.518,0.731,-0.217,0.174,-0.512,0.307,0.291,-0.538,-0.484,0.628,0.05,0.079,-0.226,-0.319,-0.346,0.054,-0.179,-0.517,0.598,-0.302,-0.459,-0.253,0.07,-0.187,-0.409,-0.006,-0.44,-0.499,-0.085,-0.392,-0.348,-0.409,-0.44,-0.58,-0.459,-0.436,0.382,-0.332,-0.386,0.85,-0.318,-0.449,0.48,-0.082,0.53,-0.177,-0.171,0.51,-0.405,-0.122,0.091,-0.345,0.244,0.254,-0.242,-0.227,-0.459,-0.521,-0.434,-0.308,-0.163,-0.031,-0.1,-0.398,0.492,-0.358,-0.358,0.141,-0.184,-0.484,0.139,-0.186,-0.473,-0.247,-0.62,-0.105,-0.234,0.227,-0.265,0.344,-0.377,0.034,0.115,0.526,0.419,-0.331,0.46,-0.111,-0.573,-0.294,0.205,-0.307,-0.396,-0.071,-0.047,0.615,0.567,-0.451,0.399,0.374,-0.439,-0.298,-0.37,-0.238,-0.341,-0.339,-0.401,0.072,-0.326,0.162,-0.325,-0.493,-0.407,-0.476,-0.1,-0.288,0.069,0.722,-0.415,-0.328,-0.365,-0.326,-0.361,-0.375,-0.368,-0.58,-0.421,-0.358,-0.474,-0.015,0.117,0.555,-0.389,-0.331,0.394,-0.245,0.237,0.235,-0.381,-0.451,-0.366,0.337,-0.492,0.451,-0.318,-0.566,0.083,-0.235,-0.189,0.007,-0.335,-0.321,-0.428,-0.006,-0.594,-0.431,-0.324,-0.426,0.355,0.148,-0.311,-0.509,-0.305,-0.363,0.351,0.396,-0.375,-0.303,-0.428,-0.337,-0.434,-0.349,-0.545,-0.44
APPS,0.742,0.542,0.415,0.075,0.357,0.359,0.268,0.473,0.747,0.531,-0.045,0.07,0.418,0.175,-0.37,1.0,0.344,0.641,0.165,0.102,0.265,-0.121,0.074,0.336,0.175,-0.097,-0.24,-0.356,0.649,0.114,0.707,0.217,-0.218,0.33,0.772,-0.108,0.131,0.418,0.427,0.489,0.579,-0.006,0.442,0.355,-0.276,0.463,0.46,0.296,0.294,0.202,0.437,0.153,0.422,0.709,0.485,0.331,0.346,0.281,0.522,0.758,0.559,0.514,0.046,0.499,0.362,-0.271,0.643,0.625,-0.17,0.491,-0.072,0.42,0.11,-0.254,0.314,0.485,0.611,0.544,-0.103,-0.087,0.344,0.449,0.625,0.577,0.483,0.554,0.192,0.239,0.154,0.4,-0.125,0.638,0.654,0.035,0.279,0.386,0.44,0.22,0.444,0.435,0.583,0.264,0.489,0.23,0.313,-0.105,0.472,0.381,0.527,-0.355,0.064,0.498,-0.152,-0.014,0.66,0.498,-0.009,0.414,0.387,0.044,0.387,-0.139,-0.441,0.393,-0.053,-0.174,0.641,0.104,0.504,0.511,0.496,0.6,0.503,0.122,0.346,0.1,0.186,0.479,0.614,0.197,0.134,0.328,0.062,-0.315,0.595,0.464,0.465,0.176,0.198,0.484,0.476,0.568,0.243,0.319,0.555,0.469,0.511,-0.151,0.559,0.529,0.093,0.529,0.037,0.306,0.327,0.408,0.375,-0.28,0.588,-0.281,0.715,0.607,0.208,0.635,0.389,-0.043,0.632,0.595,0.535,0.47,0.738,0.666,-0.115,0.727,0.119,0.469,0.52,0.34,0.274,0.561,-0.275,-0.215,0.486,0.418,0.361,0.536,0.523,0.684,0.369,0.291
ARCC,0.608,0.7,0.47,0.714,0.705,0.262,0.592,0.745,0.517,0.415,0.248,0.613,0.197,0.686,-0.309,0.344,1.0,0.662,0.119,0.567,0.616,0.124,0.32,0.431,0.721,0.604,-0.44,-0.22,0.386,0.221,0.314,-0.012,-0.391,0.633,0.411,0.224,0.239,0.516,0.582,0.709,0.219,0.598,0.366,0.606,-0.555,0.79,0.756,0.743,0.648,0.764,0.744,0.704,0.489,0.625,0.519,0.719,0.793,0.598,0.843,0.629,0.706,0.777,-0.176,0.696,0.694,-0.041,0.556,0.696,-0.009,0.307,-0.062,0.723,0.673,-0.344,0.674,0.58,0.361,0.169,0.279,0.291,0.69,0.667,0.697,0.236,0.82,0.779,-0.107,0.492,0.65,0.668,-0.438,0.479,0.543,0.463,0.723,0.712,-0.025,0.753,0.476,0.856,0.648,0.229,0.753,0.052,0.74,0.288,0.753,-0.097,0.128,-0.272,-0.21,0.717,0.215,0.585,0.514,0.725,0.38,0.796,0.837,0.716,-0.048,-0.32,-0.13,0.66,-0.598,-0.105,0.752,0.591,0.7,0.619,0.604,0.59,0.755,0.634,0.728,0.508,0.617,0.742,0.788,0.594,0.67,0.649,-0.328,-0.221,0.755,0.639,0.628,0.562,0.522,0.775,0.566,0.635,0.687,0.654,0.674,0.582,0.033,-0.247,0.715,0.465,0.125,0.147,0.363,0.147,0.681,0.731,0.775,0.072,0.655,-0.288,0.642,0.612,0.396,0.412,0.684,-0.126,0.698,0.686,0.799,0.178,0.595,0.706,0.323,0.475,-0.178,0.094,0.68,0.56,0.744,0.657,-0.067,-0.353,0.632,0.638,0.75,0.716,0.672,0.596,0.623,0.71
ARDX,0.786,0.715,0.696,0.428,0.594,0.261,0.65,0.769,0.802,0.672,0.079,0.32,0.437,0.487,-0.457,0.641,0.662,1.0,-0.043,0.433,0.584,-0.252,0.406,0.612,0.479,0.263,-0.529,-0.488,0.587,0.022,0.6,-0.1,-0.373,0.724,0.708,0.01,0.326,0.347,0.69,0.697,0.489,0.306,0.525,0.738,-0.508,0.697,0.8,0.722,0.428,0.651,0.722,0.481,0.71,0.793,0.585,0.771,0.784,0.552,0.788,0.784,0.841,0.814,-0.227,0.792,0.789,-0.238,0.628,0.886,-0.245,0.56,-0.229,0.67,0.527,-0.588,0.762,0.616,0.497,0.615,-0.006,0.014,0.605,0.603,0.845,0.505,0.79,0.801,0.086,0.381,0.555,0.803,-0.536,0.687,0.793,0.182,0.548,0.769,0.156,0.535,0.629,0.648,0.722,0.369,0.742,0.04,0.589,-0.079,0.725,0.083,0.349,-0.411,-0.369,0.749,-0.192,0.358,0.628,0.761,0.047,0.77,0.759,0.358,0.233,-0.436,-0.448,0.751,-0.422,-0.403,0.779,0.53,0.73,0.69,0.612,0.707,0.748,0.581,0.794,0.374,0.683,0.782,0.796,0.611,0.374,0.641,-0.056,-0.406,0.803,0.652,0.627,0.523,0.562,0.784,0.644,0.746,0.623,0.817,0.836,0.525,0.291,-0.498,0.796,0.782,-0.108,0.423,0.027,0.195,0.754,0.73,0.749,-0.315,0.879,-0.557,0.792,0.828,0.263,0.523,0.628,0.041,0.828,0.659,0.776,0.412,0.785,0.895,0.303,0.764,-0.209,0.221,0.717,0.707,0.655,0.726,-0.026,-0.363,0.725,0.672,0.761,0.787,0.733,0.779,0.66,0.65
ATER,-0.103,0.226,-0.166,0.278,0.273,0.421,-0.224,-0.015,0.009,-0.399,0.283,0.307,-0.107,0.157,0.281,0.165,0.119,-0.043,1.0,-0.1,0.095,0.516,-0.035,-0.224,0.313,-0.091,0.464,0.317,0.294,0.576,-0.302,0.168,-0.042,-0.139,-0.213,0.229,-0.059,0.479,0.264,-0.039,0.081,0.369,-0.158,-0.2,-0.088,0.193,-0.066,0.092,0.46,-0.051,0.044,0.438,-0.274,-0.073,0.293,0.012,-0.075,-0.103,0.14,-0.073,-0.081,-0.045,0.354,-0.098,0.17,0.37,0.301,-0.047,0.59,-0.014,0.353,0.388,-0.005,0.486,-0.132,0.26,0.458,-0.364,0.497,0.485,0.265,0.325,0.057,-0.442,-0.006,0.12,-0.426,0.401,0.239,-0.145,0.451,-0.172,-0.014,0.561,0.216,-0.23,0.348,0.195,-0.273,0.361,-0.322,-0.106,0.301,0.363,0.253,0.536,0.092,0.089,0.416,0.08,0.482,0.196,0.481,0.194,-0.226,0.184,0.533,0.019,-0.039,0.293,0.13,0.379,0.372,-0.263,-0.097,0.531,0.094,-0.222,0.246,0.145,0.195,0.134,0.005,-0.021,0.156,0.051,-0.306,-0.103,0.089,-0.352,0.347,-0.095,-0.146,0.315,0.112,-0.007,0.214,-0.363,-0.328,0.115,0.018,-0.351,-0.146,-0.073,-0.014,0.525,0.469,0.52,0.003,-0.137,0.664,-0.365,0.688,0.325,-0.048,0.05,0.094,0.392,-0.125,0.343,0.027,-0.208,0.592,0.125,0.229,-0.241,0.194,0.229,0.121,0.299,-0.218,0.088,-0.416,-0.021,0.52,0.44,0.129,-0.253,0.043,0.049,-0.094,0.188,0.103,0.262,-0.08,0.045,0.013,0.126,-0.184,-0.018
ATOS,0.247,0.402,0.251,0.549,0.576,0.148,0.536,0.432,0.298,0.271,-0.118,0.393,0.021,0.588,-0.433,0.102,0.567,0.433,-0.1,1.0,0.736,-0.023,0.178,0.267,0.598,0.736,-0.369,-0.43,0.013,-0.136,0.11,-0.002,-0.127,0.505,0.314,-0.065,0.284,0.158,0.477,0.359,0.107,0.37,0.146,0.348,-0.548,0.481,0.573,0.57,0.286,0.541,0.499,0.529,0.267,0.275,0.098,0.544,0.534,0.465,0.534,0.401,0.465,0.456,-0.338,0.377,0.521,-0.323,0.201,0.358,-0.164,0.21,0.041,0.444,0.613,-0.277,0.586,0.439,0.017,0.168,0.221,0.231,0.485,0.376,0.323,0.147,0.449,0.49,-0.044,0.435,0.541,0.568,-0.336,0.071,0.263,0.356,0.495,0.518,-0.288,0.482,0.254,0.503,0.469,0.098,0.4,-0.033,0.627,0.136,0.577,0.062,0.053,-0.253,-0.347,0.517,-0.067,0.525,0.262,0.462,0.084,0.498,0.577,0.54,-0.053,-0.361,-0.198,0.389,-0.513,-0.187,0.393,0.707,0.435,0.588,0.391,0.238,0.625,0.295,0.574,0.138,0.405,0.552,0.413,0.447,0.677,0.412,-0.113,-0.403,0.396,0.222,0.341,0.504,0.453,0.486,0.423,0.498,0.593,0.603,0.36,0.288,0.059,-0.411,0.405,0.447,-0.16,-0.137,0.161,-0.153,0.562,0.446,0.499,-0.033,0.529,-0.242,0.372,0.345,0.306,0.01,0.396,0.206,0.426,0.251,0.486,0.079,0.376,0.336,0.424,0.522,-0.359,-0.204,0.397,0.328,0.388,0.291,0.115,-0.032,0.429,0.313,0.589,0.328,0.406,0.162,0.608,0.459
AUPH,0.408,0.526,0.368,0.532,0.732,0.351,0.408,0.587,0.409,0.282,0.167,0.428,0.123,0.598,-0.309,0.265,0.616,0.584,0.095,0.736,1.0,0.226,0.242,0.332,0.625,0.684,-0.344,-0.427,0.252,0.113,0.151,-0.057,-0.414,0.522,0.309,0.058,0.313,0.351,0.627,0.406,0.228,0.488,0.216,0.454,-0.593,0.607,0.706,0.684,0.467,0.616,0.546,0.575,0.347,0.471,0.359,0.577,0.579,0.458,0.659,0.525,0.582,0.542,-0.252,0.434,0.664,-0.152,0.415,0.507,-0.069,0.284,0.126,0.58,0.568,-0.165,0.685,0.608,0.41,0.172,0.281,0.27,0.666,0.576,0.519,0.083,0.528,0.616,-0.256,0.54,0.636,0.727,-0.168,0.157,0.43,0.462,0.547,0.561,0.048,0.603,0.261,0.615,0.443,0.051,0.617,0.219,0.623,0.197,0.563,-0.036,0.291,-0.287,-0.168,0.637,0.071,0.573,0.235,0.571,0.306,0.592,0.626,0.547,0.082,-0.33,-0.141,0.5,-0.677,0.037,0.478,0.436,0.587,0.679,0.582,0.428,0.645,0.472,0.717,0.266,0.44,0.654,0.595,0.454,0.688,0.308,-0.29,-0.385,0.494,0.388,0.569,0.329,0.381,0.588,0.478,0.417,0.549,0.701,0.461,0.523,0.219,-0.332,0.492,0.483,0.064,-0.075,0.306,0.065,0.649,0.508,0.563,0.153,0.653,-0.159,0.487,0.386,0.388,0.167,0.532,-0.082,0.613,0.504,0.619,0.319,0.435,0.509,0.198,0.564,-0.202,0.133,0.531,0.402,0.577,0.433,-0.074,-0.25,0.589,0.473,0.627,0.49,0.469,0.429,0.709,0.621
AVGO,-0.26,0.205,-0.39,0.352,0.317,0.449,-0.422,-0.107,-0.337,-0.494,0.476,0.369,-0.399,0.222,0.286,-0.121,0.124,-0.252,0.516,-0.023,0.226,1.0,-0.211,-0.433,0.355,0.183,0.469,0.216,-0.037,0.627,-0.486,0.063,-0.256,-0.195,-0.427,0.226,-0.189,0.478,0.124,-0.044,0.017,0.545,-0.274,-0.222,-0.114,0.225,-0.099,0.194,0.361,0.126,-0.077,0.301,-0.366,-0.159,0.115,-0.071,-0.05,-0.154,-0.024,-0.13,-0.229,-0.129,0.25,-0.218,0.092,0.344,0.241,-0.254,0.672,-0.259,0.35,0.162,0.16,0.644,-0.053,0.119,0.343,-0.596,0.677,0.628,0.175,0.262,-0.144,-0.628,-0.078,0.039,-0.617,0.351,0.242,-0.163,0.455,-0.391,-0.258,0.516,0.301,-0.177,0.123,0.381,-0.499,0.336,-0.39,-0.56,0.215,0.268,0.313,0.747,-0.062,-0.125,0.052,0.095,0.618,0.037,0.637,0.327,-0.385,0.064,0.716,-0.023,-0.022,0.449,-0.105,0.445,0.575,-0.217,-0.292,0.727,-0.122,-0.188,0.077,-0.001,0.245,-0.092,0.002,-0.047,0.03,-0.082,-0.284,-0.195,0.047,-0.254,0.37,-0.263,-0.487,0.164,-0.147,-0.132,0.198,-0.352,-0.281,-0.068,-0.121,-0.452,0.002,-0.059,-0.263,0.365,0.112,0.551,-0.215,-0.409,0.572,-0.535,0.627,0.171,-0.082,-0.084,0.02,0.544,-0.252,0.708,-0.215,-0.337,0.49,-0.196,0.187,-0.442,0.094,0.161,0.072,0.122,-0.306,-0.186,-0.399,-0.197,0.313,0.361,0.028,-0.304,0.152,-0.152,-0.271,0.072,-0.116,0.111,-0.04,-0.143,-0.246,-0.165,-0.203,0.133
AZN,0.362,0.166,0.463,0.253,0.263,0.19,0.418,0.454,0.459,0.198,-0.116,0.103,0.364,0.165,-0.09,0.074,0.32,0.406,-0.035,0.178,0.242,-0.211,1.0,0.444,0.156,0.014,-0.275,-0.09,0.385,-0.15,0.23,-0.07,-0.053,0.367,0.299,0.114,0.543,0.186,0.37,0.155,0.033,0.064,0.326,0.438,-0.178,0.298,0.343,0.342,0.198,0.385,0.44,0.174,0.458,0.271,0.474,0.408,0.317,0.461,0.299,0.191,0.399,0.343,-0.207,0.445,0.325,-0.019,0.142,0.465,-0.234,0.487,0.106,0.366,0.342,-0.29,0.47,0.253,0.164,0.465,-0.141,-0.141,0.317,0.178,0.417,0.19,0.382,0.361,0.047,0.134,0.184,0.379,-0.366,0.343,0.364,-0.059,0.267,0.416,0.193,0.213,0.425,0.259,0.267,0.381,0.325,-0.058,0.277,-0.104,0.33,0.033,0.218,0.068,-0.321,0.35,-0.177,0.016,0.216,0.357,0.07,0.321,0.378,0.047,0.356,-0.271,-0.357,0.435,-0.067,-0.241,0.385,0.419,0.335,0.256,0.261,0.415,0.318,0.537,0.31,0.499,0.357,0.396,0.242,0.315,0.128,0.438,0.273,-0.008,0.359,0.348,0.274,0.253,0.361,0.306,0.4,0.329,0.32,0.276,0.457,0.279,0.135,-0.3,0.378,0.473,-0.076,0.289,-0.082,0.121,0.276,0.324,0.414,-0.252,0.337,-0.265,0.344,0.384,0.046,0.291,0.212,0.349,0.328,0.311,0.303,-0.007,0.195,0.345,0.296,0.288,-0.065,0.018,0.404,0.46,0.363,0.255,0.216,0.08,0.338,0.135,0.419,0.366,0.3,0.355,0.228,0.351
BCRX,0.616,0.189,0.611,0.101,0.231,-0.146,0.517,0.555,0.599,0.558,-0.163,0.08,0.478,0.255,-0.147,0.336,0.431,0.612,-0.224,0.267,0.332,-0.433,0.444,1.0,0.075,0.152,-0.565,-0.225,0.47,-0.196,0.517,0.127,-0.171,0.48,0.562,0.204,0.537,0.128,0.346,0.446,0.082,0.019,0.398,0.539,-0.211,0.326,0.491,0.318,0.276,0.398,0.48,0.256,0.621,0.633,0.464,0.391,0.451,0.331,0.463,0.425,0.555,0.573,-0.303,0.612,0.342,0.041,0.216,0.62,-0.443,0.533,-0.098,0.455,0.23,-0.57,0.461,0.384,0.209,0.518,-0.38,-0.354,0.267,0.229,0.565,0.552,0.47,0.533,0.383,0.071,0.198,0.531,-0.504,0.492,0.556,-0.119,0.219,0.54,0.094,0.122,0.618,0.251,0.557,0.541,0.336,-0.031,0.198,-0.407,0.429,0.053,0.386,-0.09,-0.416,0.491,-0.356,-0.021,0.426,0.459,-0.271,0.514,0.45,0.075,0.289,-0.45,-0.492,0.551,-0.134,-0.583,0.515,0.426,0.351,0.408,0.279,0.462,0.427,0.669,0.405,0.59,0.492,0.531,0.392,0.5,0.099,0.542,0.288,-0.157,0.56,0.579,0.294,0.737,0.499,0.513,0.401,0.63,0.42,0.398,0.66,0.234,0.119,-0.473,0.731,0.627,-0.279,0.495,-0.262,0.121,0.444,0.436,0.49,-0.289,0.599,-0.493,0.642,0.606,-0.106,0.501,0.268,0.3,0.372,0.341,0.522,0.179,0.522,0.598,0.347,0.45,-0.25,0.083,0.441,0.557,0.332,0.516,0.234,-0.142,0.437,0.296,0.45,0.528,0.495,0.579,0.479,0.393
BGC,0.287,0.64,0.22,0.764,0.778,0.409,0.351,0.521,0.27,0.055,0.288,0.663,-0.061,0.63,-0.156,0.175,0.721,0.479,0.313,0.598,0.625,0.355,0.156,0.075,1.0,0.643,-0.065,-0.125,0.169,0.312,-0.016,-0.027,-0.351,0.569,0.117,0.294,0.056,0.523,0.587,0.439,0.173,0.69,0.087,0.43,-0.61,0.71,0.565,0.782,0.576,0.648,0.609,0.708,0.253,0.284,0.366,0.646,0.622,0.51,0.628,0.379,0.496,0.518,-0.077,0.455,0.754,0.062,0.468,0.418,0.305,0.066,0.09,0.641,0.7,-0.065,0.593,0.441,0.368,-0.071,0.571,0.541,0.656,0.589,0.474,-0.17,0.59,0.621,-0.433,0.683,0.729,0.536,-0.156,0.127,0.291,0.621,0.735,0.501,-0.046,0.768,0.135,0.788,0.333,-0.03,0.677,0.191,0.805,0.535,0.662,-0.078,0.022,-0.179,-0.062,0.58,0.356,0.736,0.169,0.592,0.57,0.631,0.706,0.749,-0.106,-0.073,0.017,0.401,-0.608,0.22,0.502,0.528,0.649,0.541,0.598,0.425,0.663,0.417,0.692,0.234,0.359,0.539,0.598,0.367,0.789,0.423,-0.486,-0.148,0.495,0.361,0.571,0.253,0.345,0.581,0.475,0.312,0.555,0.581,0.391,0.615,0.129,-0.091,0.425,0.311,0.265,-0.268,0.594,0.018,0.559,0.53,0.622,0.318,0.454,-0.096,0.37,0.297,0.632,0.064,0.612,-0.231,0.619,0.509,0.546,0.224,0.248,0.462,0.174,0.393,-0.062,0.047,0.559,0.368,0.624,0.409,-0.095,-0.199,0.592,0.55,0.639,0.466,0.453,0.307,0.422,0.582
BIDU,0.188,0.347,0.236,0.562,0.552,0.026,0.368,0.386,0.107,0.154,0.173,0.535,-0.11,0.664,-0.261,-0.097,0.604,0.263,-0.091,0.736,0.684,0.183,0.014,0.152,0.643,1.0,-0.346,-0.324,-0.107,0.054,-0.018,-0.144,-0.375,0.489,0.03,0.117,0.047,0.074,0.306,0.456,0.017,0.471,-0.019,0.349,-0.465,0.484,0.519,0.577,0.314,0.604,0.439,0.488,0.211,0.2,0.051,0.502,0.503,0.496,0.52,0.313,0.399,0.392,-0.216,0.317,0.499,-0.17,0.185,0.212,-0.016,-0.049,-0.07,0.367,0.641,-0.172,0.503,0.354,-0.015,-0.154,0.299,0.297,0.496,0.433,0.224,-0.081,0.431,0.406,-0.322,0.467,0.535,0.513,-0.285,-0.035,0.152,0.486,0.585,0.496,-0.379,0.529,0.069,0.492,0.367,0.015,0.389,0.061,0.553,0.224,0.493,-0.151,-0.178,-0.25,-0.323,0.438,0.173,0.608,0.112,0.356,0.206,0.504,0.566,0.59,-0.274,-0.328,-0.015,0.395,-0.682,0.035,0.284,0.551,0.378,0.385,0.395,0.188,0.538,0.313,0.518,0.169,0.447,0.459,0.41,0.451,0.59,0.325,-0.426,-0.34,0.29,0.239,0.354,0.479,0.445,0.476,0.352,0.32,0.565,0.548,0.219,0.258,-0.189,-0.377,0.338,0.184,-0.063,-0.229,0.263,-0.128,0.548,0.465,0.415,0.34,0.385,-0.13,0.19,0.157,0.273,-0.057,0.441,-0.079,0.32,0.314,0.441,0.049,0.271,0.25,0.32,0.241,-0.375,-0.228,0.35,0.277,0.452,0.266,-0.062,-0.243,0.408,0.354,0.525,0.365,0.419,0.075,0.55,0.531
BILI,-0.517,-0.374,-0.609,-0.134,-0.35,0.189,-0.674,-0.553,-0.536,-0.623,0.156,-0.197,-0.289,-0.281,0.518,-0.24,-0.44,-0.529,0.464,-0.369,-0.344,0.469,-0.275,-0.565,-0.065,-0.346,1.0,0.467,-0.267,0.23,-0.508,0.347,0.381,-0.494,-0.498,0.017,-0.25,0.042,-0.315,-0.459,-0.017,-0.047,-0.333,-0.543,0.467,-0.393,-0.581,-0.363,0.018,-0.414,-0.591,-0.193,-0.502,-0.525,-0.103,-0.547,-0.581,-0.494,-0.55,-0.532,-0.554,-0.566,0.515,-0.519,-0.32,0.328,-0.095,-0.581,0.75,-0.269,0.523,-0.336,-0.326,0.763,-0.597,-0.246,0.024,-0.473,0.425,0.38,-0.399,-0.301,-0.459,-0.557,-0.589,-0.496,-0.207,-0.079,-0.294,-0.629,0.739,-0.619,-0.484,0.242,-0.16,-0.611,0.107,-0.297,-0.627,-0.267,-0.72,-0.484,-0.37,0.171,-0.231,0.437,-0.548,0.264,0.002,0.536,0.778,-0.455,0.409,-0.155,-0.589,-0.464,0.28,-0.527,-0.513,-0.135,-0.006,0.838,0.53,-0.627,0.44,0.524,-0.548,-0.52,-0.438,-0.342,-0.056,-0.477,-0.472,-0.447,-0.478,-0.382,-0.607,-0.633,-0.485,-0.664,-0.145,-0.423,-0.008,0.411,-0.538,-0.489,-0.384,-0.62,-0.633,-0.479,-0.535,-0.714,-0.612,-0.533,-0.558,-0.107,0.125,0.755,-0.614,-0.625,0.514,-0.465,0.324,0.225,-0.581,-0.61,-0.541,0.314,-0.585,0.693,-0.469,-0.598,0.228,-0.415,-0.255,-0.121,-0.451,-0.285,-0.57,0.167,-0.614,-0.527,-0.458,-0.408,0.416,0.374,-0.465,-0.577,-0.472,-0.434,-0.005,0.527,-0.461,-0.345,-0.558,-0.523,-0.595,-0.428,-0.69,-0.481
BKR,-0.463,-0.3,-0.347,-0.027,-0.184,-0.09,-0.331,-0.403,-0.344,-0.582,0.349,0.034,-0.075,-0.095,0.731,-0.356,-0.22,-0.488,0.317,-0.43,-0.427,0.216,-0.09,-0.225,-0.125,-0.324,0.467,1.0,-0.174,0.32,-0.481,0.074,0.353,-0.496,-0.488,0.603,0.034,0.064,-0.294,-0.244,-0.405,0.077,-0.083,-0.492,0.527,-0.222,-0.444,-0.325,-0.023,-0.165,-0.257,-0.019,-0.422,-0.505,0.041,-0.355,-0.233,-0.253,-0.344,-0.607,-0.463,-0.443,0.317,-0.247,-0.404,0.75,-0.266,-0.418,0.486,-0.26,0.3,-0.165,-0.196,0.398,-0.436,-0.241,-0.033,-0.376,0.18,0.194,-0.137,-0.245,-0.44,-0.523,-0.363,-0.294,-0.191,-0.104,-0.25,-0.433,0.445,-0.188,-0.341,0.044,-0.162,-0.471,0.079,-0.109,-0.368,-0.203,-0.593,-0.005,-0.191,0.101,-0.201,0.329,-0.29,-0.073,0.03,0.597,0.332,-0.307,0.427,-0.091,-0.448,-0.289,0.185,-0.367,-0.385,-0.075,-0.065,0.517,0.378,-0.424,0.401,0.348,-0.357,-0.292,-0.239,-0.338,-0.367,-0.201,-0.411,-0.006,-0.324,0.151,-0.337,-0.425,-0.37,-0.504,-0.078,-0.105,0.057,0.773,-0.374,-0.303,-0.246,-0.314,-0.367,-0.434,-0.296,-0.568,-0.435,-0.446,-0.41,0.004,-0.011,0.489,-0.348,-0.377,0.378,-0.208,0.231,0.272,-0.513,-0.352,-0.304,0.314,-0.507,0.364,-0.372,-0.465,0.024,-0.116,-0.169,-0.053,-0.303,-0.299,-0.385,-0.189,-0.586,-0.419,-0.361,-0.444,0.34,0.029,-0.241,-0.479,-0.286,-0.319,0.229,0.321,-0.353,-0.261,-0.404,-0.317,-0.386,-0.331,-0.505,-0.476
BLDP,0.66,0.519,0.516,0.173,0.447,0.252,0.396,0.6,0.68,0.382,0.149,0.212,0.542,0.175,-0.217,0.649,0.386,0.587,0.294,0.013,0.252,-0.037,0.385,0.47,0.169,-0.107,-0.267,-0.174,1.0,0.398,0.489,0.117,-0.365,0.421,0.525,0.064,0.514,0.445,0.628,0.467,0.282,0.161,0.337,0.457,-0.29,0.539,0.465,0.334,0.536,0.288,0.506,0.304,0.521,0.672,0.606,0.456,0.388,0.312,0.567,0.521,0.547,0.584,0.091,0.491,0.48,-0.072,0.498,0.655,-0.035,0.551,-0.009,0.612,0.116,-0.248,0.373,0.576,0.715,0.339,-0.053,-0.079,0.432,0.574,0.71,0.375,0.503,0.557,0.015,0.379,0.282,0.384,-0.171,0.617,0.765,0.168,0.335,0.376,0.588,0.327,0.569,0.429,0.401,0.533,0.632,0.269,0.336,-0.041,0.477,0.193,0.583,-0.219,-0.055,0.61,-0.02,0.054,0.427,0.674,0.151,0.488,0.374,0.177,0.615,-0.19,-0.382,0.429,-0.09,-0.163,0.737,0.241,0.629,0.482,0.467,0.73,0.467,0.362,0.516,0.374,0.29,0.455,0.554,0.293,0.218,0.367,0.364,-0.191,0.741,0.599,0.623,0.252,0.195,0.605,0.495,0.4,0.371,0.31,0.732,0.592,0.552,-0.156,0.645,0.586,0.249,0.448,0.173,0.336,0.381,0.601,0.523,-0.15,0.463,-0.279,0.675,0.522,0.249,0.797,0.53,0.255,0.634,0.63,0.618,0.413,0.475,0.724,-0.074,0.457,0.252,0.534,0.55,0.449,0.401,0.59,0.011,-0.001,0.535,0.509,0.404,0.608,0.596,0.791,0.368,0.438
BLNK,-0.016,0.473,-0.168,0.397,0.447,0.263,-0.151,0.03,0.003,-0.312,0.672,0.535,-0.015,0.211,0.174,0.114,0.221,0.022,0.576,-0.136,0.113,0.627,-0.15,-0.196,0.312,0.054,0.23,0.32,0.398,1.0,-0.244,0.004,-0.491,-0.02,-0.227,0.353,-0.003,0.52,0.306,0.264,0.032,0.623,-0.173,-0.078,-0.183,0.443,0.039,0.245,0.52,0.194,0.193,0.445,-0.181,0.075,0.342,0.159,0.21,-0.039,0.212,0.034,0.012,0.062,0.364,-0.031,0.293,0.362,0.366,0.024,0.629,-0.032,0.11,0.427,0.094,0.327,0.015,0.361,0.517,-0.467,0.555,0.533,0.386,0.544,0.105,-0.443,0.146,0.266,-0.624,0.574,0.344,-0.033,0.281,0.003,0.149,0.562,0.35,-0.091,0.335,0.52,-0.213,0.342,-0.208,-0.086,0.494,0.422,0.366,0.627,0.166,-0.135,0.235,0.024,0.363,0.312,0.581,0.398,-0.224,0.371,0.613,0.201,0.099,0.511,0.146,0.23,0.343,-0.09,-0.228,0.526,0.173,-0.076,0.457,0.079,0.204,0.279,0.153,0.042,0.276,0.094,-0.093,-0.06,0.308,-0.191,0.41,0.018,-0.22,0.136,0.183,0.126,0.446,-0.178,-0.243,0.159,0.036,-0.273,0.045,0.031,0.046,0.582,0.265,0.441,0.14,-0.105,0.691,-0.249,0.573,0.341,0.082,0.308,0.219,0.471,-0.052,0.266,0.068,-0.13,0.558,0.218,0.475,-0.259,0.372,0.374,0.197,0.282,-0.096,0.138,-0.558,-0.08,0.501,0.418,0.235,-0.135,0.237,0.001,-0.205,0.049,0.161,0.401,0.082,0.187,0.037,0.152,-0.054,0.166
BYND,0.824,0.298,0.593,-0.105,0.166,-0.043,0.512,0.496,0.737,0.808,-0.198,-0.12,0.549,0.096,-0.512,0.707,0.314,0.6,-0.302,0.11,0.151,-0.486,0.23,0.517,-0.016,-0.018,-0.508,-0.481,0.489,-0.244,1.0,0.074,-0.199,0.493,0.809,-0.263,0.137,0.042,0.179,0.51,0.499,-0.203,0.565,0.59,-0.197,0.301,0.565,0.196,0.002,0.216,0.415,-0.099,0.704,0.774,0.309,0.311,0.366,0.402,0.454,0.729,0.654,0.624,-0.093,0.598,0.288,-0.478,0.431,0.672,-0.474,0.389,-0.321,0.178,0.049,-0.588,0.382,0.345,0.295,0.722,-0.457,-0.436,0.129,0.281,0.665,0.865,0.517,0.485,0.496,-0.125,0.009,0.428,-0.437,0.714,0.681,-0.3,0.135,0.553,0.24,0.046,0.65,0.198,0.773,0.442,0.296,-0.086,0.121,-0.474,0.348,0.228,0.158,-0.357,-0.265,0.339,-0.47,-0.146,0.796,0.386,-0.343,0.424,0.483,-0.093,0.307,-0.45,-0.669,0.609,-0.06,-0.539,0.647,0.201,0.338,0.309,0.388,0.537,0.443,0.253,0.234,0.171,0.442,0.499,0.579,0.477,-0.148,0.457,0.162,-0.453,0.563,0.549,0.358,0.464,0.437,0.489,0.431,0.757,0.326,0.308,0.666,0.046,0.066,-0.482,0.591,0.525,-0.245,0.791,-0.388,0.068,0.345,0.415,0.356,-0.453,0.624,-0.518,0.676,0.773,-0.23,0.656,0.168,0.075,0.431,0.428,0.458,0.234,0.841,0.654,0.229,0.613,-0.224,0.168,0.383,0.627,0.282,0.572,-0.16,-0.402,0.484,0.258,0.396,0.58,0.583,0.648,0.527,0.327
