,AAL,AAPL,ABUS,ADBE,ADI,ADMA,AEP,AGNC,AKBA,ALT,AMAT,AMD,AMGN,AMZN,APA,APPS,ARCC,ARDX,ATER,ATOS,AUPH,AVGO,AZN,BCRX,BGC,BIDU,BILI,BKR,BLDP,BLNK,BYND,CAN,CELH,CG,CGC,CHRD,CLNE,CMCSA,COMM,COST,CPB,CPRT,CRON,CRWD,CSCO,CSGP,CSX,CTSH,CZR,DBX,DDOG,DKNG,DLTR,DOCU,DVAX,DXCM,EA,EBAY,ENPH,ERIC,ESPR,ETSY,EXC,EXEL,EXPE,FANG,FAST,FITB,FLEX,FOLD,FOXA,FSLR,FTNT,FUTU,GEN,GERN,GEVO,GILD,GOOG,GOOGL,GPRO,GT,HBAN,HIVE,HON,HST,HUT,IBRX,INTC,IOVA,IQ,IRWD,JBLU,JD,KDP,KHC,LBTYK,LRCX,LYFT,MAR,MARA,MAT,MCHP,MCRB,MDLZ,META,MGNI,MLCO,MNKD,MNST,MOMO,MRNA,MRVL,MSFT,MSTR,MTCH,MU,MVIS,NDAQ,NFLX,NKTR,NNDM,NTES,NTNX,NVAX,NVDA,NWL,NWSA,NXPI,OCGN,OKTA,ON,OPK,PAA,PACB,PAGP,PANW,PARA,PCAR,PDD,PENN,PEP,PLUG,PTEN,PTON,PYPL,QCOM,QUBT,QVCGA,RDFN,REAL,RIOT,ROKU,ROST,RUN,SABR,SAVA,SBUX,SFIX,SGMO,SIRI,SLM,SMCI,SNDL,SONO,STNE,STX,TCOM,TGTX,TIGR,TLRY,TMUS,TRIP,TSCO,TSLA,TTD,TXN,UAL,UNIT,VERU,VKTX,VLY,VOD,VTRS,VXRT,WBA,WBD,WDAY,WDC,WEN,WW,WYNN,XEL,XP,XRAY,XRX,Z,ZION,ZM,ZS
AAL,1.0,0.575,-0.194,-0.542,-0.162,0.555,-0.396,-0.55,0.579,-0.113,0.541,0.163,-0.465,0.159,-0.577,-0.371,-0.065,-0.461,-0.384,-0.081,0.253,-0.023,0.112,0.219,-0.297,-0.159,-0.291,-0.484,-0.312,-0.088,-0.466,-0.172,0.579,-0.522,-0.354,-0.118,-0.162,0.578,-0.168,-0.029,-0.154,0.579,0.416,-0.136,-0.41,0.45,0.538,0.41,0.467,-0.212,0.427,0.6,0.441,-0.341,-0.134,-0.121,-0.378,0.581,-0.421,-0.243,0.585,-0.572,0.025,0.07,0.156,-0.52,0.574,-0.487,-0.128,0.5,-0.347,-0.5,-0.227,-0.349,-0.396,0.502,-0.098,-0.515,0.257,0.257,-0.305,0.466,-0.569,-0.399,0.434,0.515,-0.243,0.627,0.024,0.649,-0.338,-0.254,0.448,0.009,-0.526,0.575,-0.049,0.507,-0.451,0.504,-0.242,0.466,-0.323,-0.37,0.659,0.462,-0.297,-0.138,-0.298,0.554,0.295,-0.377,0.223,0.56,-0.146,-0.256,0.047,0.175,-0.163,-0.225,-0.339,0.526,-0.043,-0.196,-0.184,0.721,-0.614,-0.063,-0.104,-0.343,0.08,0.473,0.559,-0.285,0.561,-0.162,-0.242,-0.486,-0.152,-0.34,-0.363,0.579,-0.138,-0.581,-0.393,-0.305,-0.514,-0.147,0.457,0.124,0.164,-0.236,-0.342,-0.022,-0.579,-0.146,0.061,-0.142,-0.418,-0.522,-0.304,0.028,0.535,0.592,0.684,0.694,-0.355,-0.431,0.639,-0.385,0.46,-0.541,-0.465,0.063,-0.071,0.51,-0.415,0.733,0.472,0.3,0.604,-0.543,0.39,-0.075,0.692,-0.624,-0.141,-0.419,-0.149,0.428,0.472,0.106,-0.404,0.637,0.148,-0.13,0.318,-0.49,-0.346,-0.019
AAPL,0.575,1.0,-0.403,-0.316,-0.294,0.495,-0.38,-0.494,0.748,-0.007,0.255,0.175,-0.42,0.345,-0.458,-0.499,-0.052,-0.298,-0.389,-0.162,0.386,0.106,-0.002,0.15,-0.232,-0.448,-0.365,-0.351,-0.342,-0.387,-0.517,-0.262,0.641,-0.32,-0.247,-0.175,-0.239,0.594,-0.284,0.02,-0.146,0.644,0.424,-0.329,-0.467,0.57,0.458,0.412,0.429,-0.009,0.548,0.829,0.445,-0.537,-0.047,0.054,-0.266,0.68,-0.496,-0.326,0.431,-0.409,-0.173,-0.206,0.517,-0.418,0.525,-0.264,-0.183,0.738,-0.421,-0.583,-0.125,-0.557,-0.316,0.482,-0.198,-0.504,0.23,0.239,-0.405,0.57,-0.366,-0.45,0.51,0.594,-0.256,0.809,-0.077,0.604,-0.41,-0.244,0.257,-0.281,-0.52,0.663,-0.092,0.506,-0.294,0.477,-0.159,0.462,-0.304,-0.36,0.633,0.575,-0.171,-0.128,-0.151,0.792,0.358,-0.496,0.281,0.611,-0.086,-0.185,-0.035,-0.078,-0.207,-0.299,-0.529,0.321,-0.117,-0.16,-0.274,0.649,-0.488,-0.116,-0.215,-0.386,-0.136,0.311,0.656,-0.083,0.438,-0.022,-0.277,-0.277,0.082,-0.494,-0.248,0.669,-0.339,-0.59,-0.434,-0.15,-0.394,-0.245,0.497,0.21,0.055,-0.27,-0.499,0.03,-0.3,-0.297,0.055,0.199,-0.479,-0.458,-0.434,0.387,0.513,0.53,0.708,0.725,-0.436,-0.451,0.603,-0.509,0.533,-0.465,-0.305,-0.064,-0.266,0.56,-0.471,0.498,0.569,0.364,0.581,-0.352,0.52,-0.129,0.641,-0.52,-0.154,-0.517,-0.355,0.453,0.607,0.243,-0.444,0.714,0.308,0.09,0.42,-0.314,-0.486,-0.169
ABUS,-0.194,-0.403,1.0,0.442,0.666,0.006,0.409,0.553,-0.586,0.333,-0.003,0.245,0.593,-0.247,0.601,0.705,0.319,0.501,0.614,0.678,-0.407,0.48,0.267,-0.117,0.337,0.768,0.681,0.557,0.626,0.609,0.65,0.415,-0.641,0.393,0.565,0.629,0.513,-0.525,0.126,0.191,0.072,-0.407,0.128,0.775,0.488,-0.647,-0.17,0.014,-0.031,0.621,-0.13,-0.452,-0.606,0.703,0.529,-0.015,0.525,-0.584,0.725,0.333,-0.08,0.449,0.149,0.43,0.156,0.555,-0.14,0.604,0.52,-0.33,0.48,0.637,0.691,0.659,0.491,-0.416,0.524,0.406,-0.088,-0.089,0.694,-0.093,0.542,0.634,-0.139,-0.104,0.522,-0.392,0.339,-0.341,0.734,0.743,-0.277,0.611,0.601,-0.41,0.343,-0.413,-0.015,-0.171,0.469,-0.297,0.564,0.529,-0.662,-0.606,0.5,0.232,0.621,-0.655,-0.08,0.584,0.296,-0.567,0.113,0.206,0.172,0.314,0.628,0.38,0.686,-0.008,0.696,0.624,0.566,-0.386,0.518,0.479,0.504,0.75,0.645,0.041,-0.229,0.271,0.015,0.436,0.673,0.135,-0.155,0.632,0.071,-0.566,0.35,0.54,0.529,0.322,0.481,0.63,0.009,0.487,0.366,0.505,0.685,0.071,0.154,0.163,0.432,-0.357,0.689,0.563,0.553,-0.212,-0.169,-0.163,-0.59,-0.366,0.417,0.593,-0.543,0.713,0.011,0.484,0.44,0.26,0.509,-0.416,0.739,-0.026,0.069,-0.447,-0.308,0.361,-0.66,0.563,-0.51,0.391,0.663,0.699,0.482,-0.123,0.095,-0.005,0.478,-0.182,-0.302,-0.432,0.216,0.614,0.653,0.545
ADBE,-0.542,-0.316,0.442,1.0,0.401,-0.282,0.605,0.72,-0.578,0.182,-0.332,0.268,0.758,-0.206,0.82,0.448,0.326,0.546,0.522,0.244,-0.432,0.446,-0.176,-0.416,0.616,0.323,0.439,0.658,0.397,0.278,0.614,0.298,-0.666,0.905,0.516,0.574,0.218,-0.369,0.182,0.176,0.149,-0.497,-0.243,0.315,0.473,-0.397,-0.497,-0.371,0.128,0.391,-0.427,-0.476,-0.52,0.463,0.135,0.222,0.695,-0.418,0.566,0.216,-0.46,0.873,0.215,-0.034,0.327,0.808,-0.293,0.822,0.349,-0.457,0.659,0.576,0.514,0.512,0.725,-0.546,-0.019,0.6,-0.077,-0.104,0.5,-0.139,0.894,0.414,0.01,-0.431,0.195,-0.593,0.192,-0.651,0.49,0.379,-0.195,0.226,0.581,-0.553,0.257,-0.343,0.482,-0.401,0.19,-0.331,0.522,0.274,-0.576,-0.35,0.709,0.439,0.508,-0.534,-0.251,0.392,0.029,-0.541,0.191,0.686,0.263,-0.195,0.428,0.205,0.39,-0.441,0.287,0.458,0.246,-0.483,0.757,0.595,0.369,0.492,0.113,-0.292,-0.518,0.53,-0.366,0.427,0.387,0.816,0.257,0.659,0.71,-0.602,0.139,0.618,0.776,0.447,0.897,0.462,-0.2,0.135,-0.084,0.387,0.553,0.269,0.802,0.341,0.195,0.446,0.716,0.604,0.528,0.093,-0.507,-0.531,-0.625,-0.643,0.391,0.817,-0.621,0.484,-0.39,0.551,0.91,0.093,0.212,-0.205,0.598,-0.312,-0.275,-0.411,-0.543,0.705,-0.516,0.369,-0.582,0.845,0.617,0.658,0.244,-0.314,-0.131,0.259,0.733,-0.42,0.22,0.149,-0.141,0.818,0.364,0.169
ADI,-0.162,-0.294,0.666,0.401,1.0,-0.247,0.388,0.387,-0.455,-0.024,0.161,0.314,0.657,-0.391,0.582,0.609,0.283,0.393,0.484,0.695,-0.296,0.462,0.176,-0.032,0.17,0.633,0.552,0.35,0.705,0.637,0.689,0.556,-0.429,0.423,0.685,0.501,0.472,-0.189,0.386,-0.006,0.15,-0.36,0.246,0.601,0.638,-0.433,-0.162,0.071,0.221,0.651,-0.137,-0.376,-0.624,0.621,0.474,-0.214,0.594,-0.352,0.688,0.397,0.127,0.419,0.028,0.618,0.203,0.522,-0.293,0.47,0.757,-0.133,0.547,0.567,0.682,0.67,0.372,-0.521,0.349,0.365,0.072,0.093,0.638,0.219,0.433,0.545,-0.051,0.038,0.448,-0.323,0.563,-0.217,0.643,0.592,-0.146,0.541,0.591,-0.309,0.261,-0.322,0.159,-0.041,0.459,-0.078,0.901,0.506,-0.463,-0.35,0.377,0.148,0.557,-0.448,-0.004,0.58,0.531,-0.371,0.271,0.32,0.234,0.423,0.32,0.353,0.571,0.052,0.538,0.676,0.557,-0.27,0.513,0.478,0.841,0.673,0.523,0.489,-0.19,0.223,0.086,0.235,0.633,0.199,-0.181,0.479,0.215,-0.455,0.442,0.558,0.561,0.449,0.543,0.485,0.082,0.537,0.249,0.469,0.728,-0.072,0.202,0.381,0.46,-0.328,0.684,0.294,0.79,-0.272,-0.091,0.047,-0.322,-0.472,0.574,0.504,-0.386,0.632,0.13,0.503,0.465,0.239,0.655,-0.287,0.851,-0.177,0.135,-0.58,-0.393,0.269,-0.447,0.588,-0.556,0.397,0.64,0.609,0.537,-0.171,-0.189,0.043,0.389,-0.286,-0.18,-0.311,0.28,0.528,0.638,0.477
ADMA,0.555,0.495,0.006,-0.282,-0.247,1.0,-0.16,-0.301,0.311,0.494,0.253,-0.145,-0.377,0.441,-0.474,-0.252,-0.299,0.075,-0.39,-0.178,0.011,0.254,0.364,-0.056,0.134,-0.338,-0.324,-0.137,-0.432,-0.287,-0.425,-0.456,0.425,-0.329,-0.474,-0.092,-0.303,0.19,-0.535,0.348,-0.525,0.615,0.131,-0.218,-0.609,0.154,0.61,0.291,0.186,-0.02,0.265,0.593,0.341,-0.45,0.116,0.411,-0.101,0.222,-0.159,-0.583,0.205,-0.281,0.324,-0.13,0.338,-0.398,0.756,-0.156,-0.432,0.442,-0.44,-0.272,-0.182,-0.49,-0.291,0.649,-0.166,-0.099,-0.126,-0.128,-0.367,0.05,-0.326,-0.459,0.354,0.34,-0.403,0.517,-0.322,0.482,-0.283,-0.142,0.029,-0.281,-0.241,0.471,-0.306,0.446,-0.205,0.582,-0.39,0.017,-0.347,-0.03,0.379,0.13,-0.135,0.262,0.046,0.416,0.106,-0.465,-0.075,0.182,-0.469,-0.215,-0.329,-0.248,0.165,-0.46,-0.415,0.108,-0.021,-0.209,-0.293,0.451,-0.355,-0.244,-0.174,-0.341,0.041,0.068,0.335,-0.09,0.407,0.046,-0.227,-0.321,0.075,-0.289,-0.273,0.432,-0.273,-0.393,-0.418,-0.263,-0.417,-0.147,0.14,0.035,0.109,-0.489,-0.375,0.229,-0.189,-0.492,-0.027,-0.016,-0.353,-0.038,-0.447,0.215,0.365,0.18,0.332,0.525,-0.59,-0.224,0.5,-0.412,0.185,-0.512,-0.326,0.428,-0.396,0.302,-0.336,0.649,0.32,0.608,0.682,-0.279,0.035,-0.248,0.605,-0.399,-0.198,-0.371,-0.445,0.589,0.621,0.337,-0.209,0.35,0.11,-0.364,0.144,-0.319,-0.404,-0.172
AEP,-0.396,-0.38,0.409,0.605,0.388,-0.16,1.0,0.626,-0.555,0.07,-0.139,0.211,0.712,-0.126,0.553,0.513,0.273,0.389,0.314,0.165,-0.555,0.455,0.147,-0.349,0.362,0.346,0.318,0.611,0.399,0.333,0.501,0.084,-0.494,0.534,0.519,0.523,0.249,-0.572,0.147,0.437,-0.044,-0.449,-0.318,0.449,0.307,-0.532,-0.244,-0.285,-0.071,0.466,-0.32,-0.277,-0.31,0.332,0.131,0.251,0.592,-0.538,0.575,0.103,-0.52,0.613,0.584,0.031,0.176,0.644,-0.301,0.663,0.217,-0.433,0.424,0.681,0.559,0.415,0.605,-0.407,0.218,0.703,-0.169,-0.188,0.469,-0.165,0.641,0.289,-0.286,-0.301,0.097,-0.379,0.055,-0.467,0.324,0.144,-0.231,0.179,0.693,-0.538,0.018,-0.299,0.266,-0.421,-0.023,-0.518,0.413,0.48,-0.546,-0.59,0.307,0.312,0.321,-0.521,-0.565,0.342,-0.125,-0.684,-0.113,0.243,-0.067,-0.053,0.453,0.201,0.318,-0.438,-0.027,0.26,0.294,-0.444,0.728,0.355,0.246,0.384,0.242,-0.263,-0.339,0.572,-0.395,0.536,0.427,0.499,0.22,0.435,0.345,-0.592,0.283,0.688,0.634,0.21,0.596,0.517,-0.08,0.361,0.127,0.137,0.472,0.187,0.572,0.07,0.155,0.02,0.663,0.511,0.42,-0.06,-0.538,-0.393,-0.478,-0.523,0.296,0.518,-0.542,0.45,-0.216,0.575,0.557,0.214,0.179,-0.339,0.595,-0.234,-0.206,-0.204,-0.477,0.654,-0.616,0.394,-0.639,0.636,0.554,0.511,0.207,-0.077,-0.257,0.105,0.82,-0.395,-0.126,-0.135,0.037,0.647,0.416,0.375
AGNC,-0.55,-0.494,0.553,0.72,0.387,-0.301,0.626,1.0,-0.611,0.131,-0.16,0.221,0.717,-0.11,0.691,0.664,0.511,0.389,0.685,0.379,-0.432,0.471,-0.049,-0.226,0.458,0.512,0.536,0.684,0.526,0.423,0.607,0.285,-0.681,0.621,0.569,0.674,0.435,-0.472,0.175,0.303,0.112,-0.549,-0.209,0.482,0.526,-0.415,-0.412,-0.383,0.011,0.389,-0.307,-0.589,-0.531,0.589,0.232,0.214,0.523,-0.44,0.626,0.279,-0.411,0.689,0.236,0.091,0.1,0.832,-0.34,0.748,0.36,-0.558,0.608,0.722,0.543,0.557,0.601,-0.587,0.398,0.65,0.017,-0.003,0.583,-0.21,0.784,0.564,-0.185,-0.326,0.295,-0.661,0.316,-0.597,0.543,0.396,-0.077,0.396,0.676,-0.533,0.412,-0.415,0.194,-0.458,0.273,-0.263,0.41,0.451,-0.588,-0.458,0.616,0.193,0.485,-0.701,-0.183,0.484,0.05,-0.54,0.15,0.504,0.273,0.033,0.46,0.35,0.522,-0.374,0.326,0.43,0.33,-0.491,0.824,0.575,0.328,0.585,0.337,-0.266,-0.489,0.646,-0.364,0.575,0.59,0.496,0.256,0.598,0.342,-0.606,0.295,0.73,0.631,0.374,0.706,0.49,-0.163,0.21,0.177,0.377,0.622,0.243,0.576,0.305,0.213,0.191,0.71,0.527,0.501,0.051,-0.422,-0.382,-0.626,-0.632,0.473,0.685,-0.635,0.705,-0.234,0.709,0.621,0.06,0.362,-0.214,0.681,-0.439,-0.22,-0.376,-0.522,0.82,-0.469,0.399,-0.681,0.756,0.542,0.565,0.31,-0.272,-0.267,0.037,0.707,-0.416,-0.002,0.063,-0.062,0.762,0.569,0.315
AKBA,0.579,0.748,-0.586,-0.578,-0.455,0.311,-0.555,-0.611,1.0,-0.245,0.295,0.015,-0.66,0.379,-0.687,-0.598,-0.247,-0.521,-0.592,-0.315,0.56,-0.223,-0.103,0.212,-0.48,-0.518,-0.539,-0.622,-0.405,-0.501,-0.674,-0.361,0.714,-0.539,-0.431,-0.466,-0.419,0.667,-0.285,-0.159,-0.109,0.579,0.253,-0.415,-0.588,0.756,0.376,0.352,0.213,-0.335,0.575,0.719,0.61,-0.624,-0.258,0.004,-0.509,0.817,-0.624,-0.421,0.482,-0.625,-0.231,-0.188,0.138,-0.674,0.349,-0.555,-0.311,0.639,-0.58,-0.698,-0.387,-0.606,-0.534,0.505,-0.234,-0.619,0.291,0.322,-0.634,0.425,-0.63,-0.578,0.327,0.523,-0.436,0.759,-0.137,0.606,-0.625,-0.523,0.482,-0.443,-0.61,0.673,-0.128,0.505,-0.329,0.419,-0.281,0.527,-0.493,-0.408,0.784,0.697,-0.464,-0.28,-0.538,0.817,0.29,-0.547,0.047,0.84,-0.125,-0.344,-0.057,-0.046,-0.528,-0.404,-0.701,0.372,-0.346,-0.456,-0.454,0.597,-0.639,-0.362,-0.435,-0.489,-0.234,0.241,0.555,-0.229,0.282,-0.323,-0.466,-0.425,0.024,-0.639,-0.345,0.841,-0.356,-0.667,-0.639,-0.331,-0.618,-0.414,0.345,-0.046,0.066,-0.405,-0.637,-0.067,-0.453,-0.257,-0.178,0.149,-0.704,-0.636,-0.523,0.348,0.466,0.466,0.784,0.683,-0.569,-0.651,0.693,-0.657,0.445,-0.521,-0.597,-0.156,-0.389,0.634,-0.608,0.335,0.342,0.378,0.546,-0.475,0.777,-0.308,0.62,-0.683,-0.466,-0.653,-0.446,0.431,0.284,-0.046,-0.571,0.546,0.139,0.334,0.201,-0.606,-0.611,-0.221
ALT,-0.113,-0.007,0.333,0.182,-0.024,0.494,0.07,0.131,-0.245,1.0,-0.236,-0.325,-0.013,0.321,0.011,0.253,-0.1,0.465,0.094,-0.034,-0.483,0.392,0.444,-0.45,0.561,-0.083,0.051,0.444,-0.249,-0.072,0.007,-0.261,-0.225,0.148,-0.156,0.056,-0.226,-0.323,-0.561,0.366,-0.418,0.157,0.087,0.041,-0.165,-0.252,0.148,-0.163,-0.306,0.305,-0.135,0.098,-0.07,0.008,0.073,0.56,0.366,-0.21,0.391,-0.318,-0.16,0.148,0.247,-0.282,0.401,0.005,0.371,0.35,-0.214,0.07,-0.017,0.303,0.023,0.024,0.155,0.27,-0.06,0.364,-0.346,-0.356,-0.058,-0.373,0.249,0.058,0.17,-0.193,-0.123,-0.115,-0.331,-0.213,0.262,0.242,-0.492,-0.09,0.214,-0.218,-0.256,-0.024,0.019,0.203,0.008,-0.425,-0.09,0.365,-0.267,-0.331,0.358,0.492,0.394,-0.324,0.145,-0.127,-0.087,-0.289,-0.418,-0.093,-0.291,-0.346,0.683,-0.184,0.034,-0.295,0.342,0.021,-0.031,-0.013,0.151,-0.093,-0.058,0.137,0.03,-0.335,-0.31,0.089,-0.236,0.176,0.05,0.048,0.233,0.198,-0.032,-0.179,-0.23,0.12,-0.118,0.048,-0.027,0.177,-0.33,-0.036,0.07,-0.123,0.14,0.281,0.231,-0.418,0.096,0.016,0.06,0.506,-0.142,0.359,-0.202,-0.295,-0.398,-0.006,-0.229,0.309,-0.28,-0.084,-0.245,-0.022,0.108,0.66,-0.193,-0.185,0.059,0.354,-0.012,0.184,0.414,0.155,-0.425,-0.096,0.001,0.096,0.041,0.088,-0.303,0.241,0.537,0.466,0.09,-0.024,-0.159,-0.349,-0.171,0.166,-0.02,-0.095
AMAT,0.541,0.255,-0.003,-0.332,0.161,0.253,-0.139,-0.16,0.295,-0.236,1.0,0.231,-0.099,0.062,-0.256,0.068,0.148,-0.312,-0.201,0.074,0.087,0.178,0.251,0.411,-0.316,0.101,-0.077,-0.149,0.046,0.135,-0.157,0.018,0.297,-0.393,0.027,0.095,0.159,0.34,0.252,0.169,-0.068,0.216,0.273,-0.025,0.014,0.235,0.498,0.329,0.37,-0.037,0.247,0.276,0.349,0.084,0.064,-0.125,-0.193,0.323,-0.143,0.132,0.432,-0.355,0.056,0.28,-0.042,-0.213,0.267,-0.203,0.133,0.111,-0.19,-0.212,0.014,-0.159,-0.287,0.312,0.277,-0.22,0.412,0.419,-0.025,0.381,-0.347,-0.104,0.121,0.396,-0.058,0.303,0.254,0.295,-0.086,-0.093,0.397,0.103,-0.167,0.349,0.183,0.649,-0.451,0.209,-0.13,0.53,-0.0,-0.016,0.36,0.248,-0.225,-0.153,-0.15,0.232,0.163,0.064,0.261,0.284,-0.004,-0.141,0.169,0.355,-0.056,0.2,-0.096,0.386,0.046,-0.033,-0.103,0.321,-0.299,0.185,0.048,-0.158,0.152,0.433,0.396,-0.032,0.446,0.113,-0.063,-0.392,-0.183,-0.293,-0.308,0.278,0.27,-0.087,-0.171,-0.12,-0.208,-0.114,0.407,0.242,0.15,-0.153,-0.035,0.143,-0.327,0.071,-0.076,-0.224,-0.194,-0.403,0.075,-0.183,0.354,0.425,0.414,0.271,0.008,-0.293,0.295,-0.057,0.461,-0.195,-0.399,0.082,0.177,0.334,-0.029,0.365,0.362,0.206,0.291,-0.239,0.219,0.001,0.233,-0.215,-0.028,-0.306,0.108,0.241,0.126,-0.001,-0.138,0.279,0.095,-0.233,0.35,-0.235,-0.027,0.079
AMD,0.163,0.175,0.245,0.268,0.314,-0.145,0.211,0.221,0.015,-0.325,0.231,1.0,0.388,-0.31,0.387,0.261,0.383,-0.043,0.411,0.523,-0.105,0.26,-0.149,0.29,-0.116,0.397,0.296,0.206,0.586,0.389,0.317,0.212,-0.018,0.124,0.522,0.593,0.573,-0.002,0.328,-0.055,0.293,-0.193,0.249,0.471,0.325,-0.164,-0.06,0.303,0.549,0.396,0.414,0.014,-0.235,0.387,0.332,-0.2,0.114,-0.027,0.102,0.307,0.113,0.151,-0.106,0.355,0.239,0.435,-0.263,0.325,0.564,0.086,0.303,0.087,0.646,0.233,0.33,-0.289,0.379,-0.161,0.291,0.322,0.469,0.608,0.239,0.203,-0.137,0.391,0.278,0.227,0.424,0.176,0.219,0.216,0.096,0.39,0.121,0.115,0.387,-0.103,-0.311,-0.143,0.182,0.213,0.331,0.037,-0.124,-0.076,0.193,-0.14,0.264,0.046,0.008,0.406,0.464,-0.089,0.298,0.125,0.244,0.554,0.028,0.443,0.23,0.393,0.22,0.485,0.526,0.108,0.192,0.49,0.285,0.351,0.613,0.313,0.392,0.337,0.334,0.417,0.558,-0.016,-0.157,0.093,-0.013,-0.211,0.18,0.148,0.388,0.15,0.327,0.507,0.705,0.694,0.48,0.283,0.227,-0.125,-0.086,0.279,0.511,0.032,0.35,-0.125,0.307,-0.077,0.224,0.342,0.06,-0.01,0.321,0.176,-0.049,0.4,0.506,0.262,0.311,-0.293,0.418,0.19,0.295,0.051,0.539,-0.331,-0.251,0.134,-0.114,0.705,-0.205,0.184,0.547,0.175,0.391,0.156,-0.019,-0.034,0.224,0.223,0.056,-0.034,0.661,0.447,0.361,0.661
AMGN,-0.465,-0.42,0.593,0.758,0.657,-0.377,0.712,0.717,-0.66,-0.013,-0.099,0.388,1.0,-0.31,0.8,0.731,0.392,0.45,0.613,0.454,-0.458,0.393,0.005,-0.102,0.287,0.573,0.626,0.6,0.656,0.598,0.729,0.516,-0.713,0.641,0.778,0.741,0.547,-0.45,0.427,0.091,0.232,-0.67,-0.071,0.616,0.674,-0.556,-0.493,-0.201,0.088,0.647,-0.253,-0.575,-0.66,0.68,0.425,0.073,0.602,-0.499,0.691,0.472,-0.345,0.709,0.237,0.379,0.132,0.834,-0.465,0.679,0.541,-0.4,0.557,0.759,0.766,0.618,0.616,-0.739,0.363,0.607,-0.013,-0.031,0.717,-0.039,0.726,0.687,-0.185,-0.224,0.506,-0.552,0.449,-0.546,0.601,0.511,-0.268,0.506,0.805,-0.491,0.308,-0.521,0.234,-0.456,0.44,-0.224,0.694,0.538,-0.611,-0.453,0.538,0.093,0.568,-0.623,-0.275,0.658,0.2,-0.622,0.365,0.512,0.239,0.167,0.389,0.438,0.628,-0.251,0.303,0.632,0.502,-0.556,0.8,0.549,0.54,0.598,0.387,-0.023,-0.355,0.541,-0.175,0.551,0.645,0.473,-0.001,0.567,0.319,-0.69,0.354,0.773,0.773,0.379,0.785,0.621,0.047,0.432,0.053,0.6,0.783,-0.018,0.482,0.456,0.295,0.054,0.907,0.587,0.715,-0.134,-0.371,-0.314,-0.554,-0.632,0.604,0.736,-0.63,0.701,-0.065,0.772,0.703,0.035,0.533,-0.399,0.784,-0.439,-0.056,-0.604,-0.668,0.661,-0.572,0.547,-0.664,0.788,0.721,0.707,0.488,-0.426,-0.322,-0.033,0.74,-0.348,-0.038,-0.104,0.132,0.764,0.63,0.453
AMZN,0.159,0.345,-0.247,-0.206,-0.391,0.441,-0.126,-0.11,0.379,0.321,0.062,-0.31,-0.31,1.0,-0.492,-0.095,-0.28,-0.166,-0.369,-0.34,-0.046,0.008,0.203,-0.312,0.106,-0.581,-0.393,-0.102,-0.503,-0.444,-0.41,-0.463,0.274,-0.251,-0.431,-0.215,-0.48,0.225,-0.552,0.379,-0.424,0.469,-0.122,-0.197,-0.484,0.483,0.347,-0.085,-0.265,0.001,0.221,0.352,0.278,-0.524,-0.244,0.652,-0.078,0.459,-0.141,-0.519,-0.065,-0.181,0.138,-0.464,0.073,-0.336,0.467,-0.153,-0.457,0.18,-0.375,-0.061,-0.233,-0.4,-0.236,0.464,-0.199,0.234,0.165,0.146,-0.355,-0.175,-0.236,-0.296,0.301,0.038,-0.451,0.24,-0.285,0.072,-0.345,-0.429,-0.026,-0.485,-0.003,0.192,-0.335,0.351,-0.154,0.263,-0.29,0.146,-0.5,0.215,0.399,0.371,0.014,0.119,-0.272,0.214,-0.045,-0.593,-0.272,0.35,-0.431,-0.208,-0.217,-0.459,-0.021,-0.364,-0.509,-0.246,-0.183,-0.406,-0.353,0.111,-0.077,-0.352,-0.4,-0.303,-0.255,-0.261,-0.009,0.211,-0.154,-0.033,-0.229,-0.171,0.253,-0.309,-0.225,0.437,-0.415,-0.079,-0.524,-0.248,-0.387,-0.096,-0.131,-0.21,0.107,-0.408,-0.265,0.287,0.046,-0.389,-0.192,0.221,-0.291,0.056,-0.423,0.671,-0.027,-0.061,0.288,0.314,-0.559,-0.169,0.183,-0.442,-0.0,-0.088,-0.372,0.444,-0.47,0.477,-0.267,0.226,-0.084,0.553,0.372,0.096,0.265,-0.396,0.343,-0.183,-0.393,-0.365,-0.641,0.384,0.308,0.257,-0.118,0.273,0.099,0.044,-0.187,-0.296,-0.45,-0.216
APA,-0.577,-0.458,0.601,0.82,0.582,-0.474,0.553,0.691,-0.687,0.011,-0.256,0.387,0.8,-0.492,1.0,0.592,0.432,0.552,0.677,0.484,-0.326,0.379,-0.149,-0.112,0.431,0.622,0.686,0.665,0.688,0.529,0.76,0.508,-0.698,0.802,0.75,0.663,0.572,-0.496,0.451,0.006,0.3,-0.695,-0.084,0.526,0.726,-0.613,-0.564,-0.136,0.082,0.5,-0.29,-0.599,-0.662,0.683,0.395,-0.139,0.606,-0.606,0.604,0.524,-0.358,0.798,0.025,0.282,0.142,0.879,-0.514,0.792,0.599,-0.442,0.679,0.596,0.668,0.69,0.679,-0.67,0.278,0.419,-0.088,-0.096,0.703,-0.01,0.868,0.613,-0.214,-0.235,0.501,-0.57,0.389,-0.57,0.677,0.636,-0.271,0.512,0.601,-0.552,0.379,-0.526,0.366,-0.465,0.436,-0.288,0.705,0.317,-0.727,-0.528,0.587,0.176,0.607,-0.588,-0.225,0.689,0.212,-0.655,0.359,0.506,0.298,0.159,0.37,0.5,0.644,-0.222,0.437,0.635,0.516,-0.597,0.73,0.685,0.497,0.634,0.349,-0.122,-0.331,0.421,-0.199,0.478,0.61,0.641,-0.027,0.688,0.547,-0.733,0.377,0.641,0.875,0.511,0.871,0.522,-0.001,0.336,0.041,0.562,0.639,0.068,0.603,0.509,0.329,0.024,0.824,0.508,0.681,-0.23,-0.384,-0.352,-0.679,-0.648,0.626,0.693,-0.688,0.748,-0.168,0.65,0.828,-0.074,0.51,-0.434,0.715,-0.402,-0.09,-0.653,-0.677,0.598,-0.584,0.571,-0.704,0.767,0.743,0.755,0.54,-0.406,-0.302,-0.016,0.664,-0.391,-0.054,-0.039,0.109,0.885,0.614,0.407
APPS,-0.371,-0.499,0.705,0.448,0.609,-0.252,0.513,0.664,-0.598,0.253,0.068,0.261,0.731,-0.095,0.592,1.0,0.352,0.467,0.663,0.517,-0.566,0.408,0.239,-0.096,0.243,0.618,0.677,0.657,0.602,0.613,0.699,0.311,-0.671,0.361,0.699,0.594,0.545,-0.491,0.286,0.194,0.126,-0.552,0.138,0.682,0.617,-0.519,-0.288,-0.151,-0.12,0.698,-0.142,-0.55,-0.551,0.77,0.373,0.145,0.477,-0.45,0.698,0.422,-0.212,0.441,0.209,0.325,0.047,0.646,-0.405,0.621,0.521,-0.4,0.491,0.767,0.658,0.637,0.549,-0.535,0.576,0.588,0.053,0.04,0.681,-0.152,0.568,0.684,-0.283,-0.199,0.49,-0.526,0.371,-0.529,0.704,0.528,-0.331,0.566,0.767,-0.527,0.34,-0.417,-0.071,-0.398,0.444,-0.195,0.523,0.746,-0.65,-0.507,0.507,0.055,0.563,-0.753,-0.1,0.656,0.263,-0.559,0.198,0.19,0.115,0.294,0.529,0.495,0.631,-0.129,0.476,0.515,0.55,-0.476,0.703,0.451,0.435,0.64,0.503,-0.064,-0.397,0.479,-0.281,0.531,0.677,0.166,-0.034,0.551,0.049,-0.655,0.412,0.792,0.52,0.312,0.503,0.664,-0.012,0.414,0.295,0.481,0.831,0.038,0.285,0.275,0.345,-0.217,0.73,0.544,0.657,-0.03,-0.373,-0.208,-0.595,-0.548,0.545,0.655,-0.704,0.718,0.036,0.737,0.409,0.289,0.553,-0.346,0.734,-0.261,-0.015,-0.478,-0.423,0.559,-0.579,0.528,-0.688,0.588,0.586,0.594,0.415,-0.229,-0.165,-0.063,0.577,-0.289,-0.3,-0.266,0.106,0.658,0.691,0.528
ARCC,-0.065,-0.052,0.319,0.326,0.283,-0.299,0.273,0.511,-0.247,-0.1,0.148,0.383,0.392,-0.28,0.432,0.352,1.0,-0.048,0.55,0.339,-0.149,0.364,0.066,0.146,0.049,0.474,0.348,0.388,0.443,0.396,0.366,0.258,-0.342,0.31,0.481,0.514,0.498,-0.091,0.277,0.153,0.148,-0.229,0.167,0.365,0.413,-0.169,-0.1,-0.124,0.267,0.271,-0.128,-0.218,-0.173,0.48,0.11,-0.231,0.335,-0.079,0.279,0.508,0.048,0.237,-0.046,0.085,0.125,0.495,-0.14,0.374,0.407,-0.257,0.412,0.198,0.421,0.3,0.378,-0.358,0.43,0.103,0.388,0.372,0.396,0.281,0.386,0.371,0.071,-0.031,0.411,-0.171,0.266,-0.23,0.276,0.322,0.197,0.366,0.138,-0.255,0.526,-0.154,-0.166,-0.289,0.316,0.19,0.238,0.028,-0.303,-0.193,0.324,-0.11,0.217,-0.319,0.056,0.415,0.288,-0.238,0.221,0.191,0.314,0.357,0.426,0.538,0.509,0.089,0.384,0.296,0.359,-0.075,0.269,0.619,0.198,0.382,0.301,0.031,0.07,0.34,-0.051,0.512,0.402,0.211,0.126,0.217,0.158,-0.363,0.379,0.281,0.437,0.267,0.384,0.315,0.273,0.377,0.249,0.379,0.387,0.126,0.168,0.266,0.272,-0.003,0.314,0.053,0.409,-0.021,-0.158,0.071,-0.181,-0.113,0.42,0.201,-0.39,0.43,0.203,0.265,0.313,-0.196,0.395,-0.055,0.343,-0.065,0.175,-0.268,-0.199,0.301,-0.161,0.449,-0.294,0.255,0.495,0.237,0.434,-0.086,-0.017,-0.021,0.327,0.133,0.114,0.015,0.23,0.471,0.405,0.382
ARDX,-0.461,-0.298,0.501,0.546,0.393,0.075,0.389,0.389,-0.521,0.465,-0.312,-0.043,0.45,-0.166,0.552,0.467,-0.048,1.0,0.39,0.259,-0.351,0.343,0.086,-0.28,0.507,0.317,0.451,0.466,0.324,0.307,0.513,0.204,-0.485,0.571,0.369,0.267,0.177,-0.415,0.109,0.041,-0.083,-0.309,0.079,0.242,0.221,-0.509,-0.223,0.029,-0.103,0.461,-0.271,-0.302,-0.53,0.294,0.421,0.161,0.47,-0.579,0.512,0.069,-0.205,0.571,0.219,0.186,0.324,0.47,-0.15,0.636,0.204,-0.157,0.367,0.491,0.334,0.434,0.486,-0.337,0.058,0.469,-0.436,-0.435,0.34,-0.281,0.599,0.308,-0.051,-0.164,0.203,-0.389,0.129,-0.351,0.5,0.53,-0.49,0.243,0.485,-0.387,0.012,-0.383,0.386,-0.167,0.244,-0.405,0.462,0.475,-0.554,-0.469,0.438,0.422,0.633,-0.398,-0.012,0.409,0.089,-0.562,0.085,0.366,-0.062,-0.221,0.412,-0.004,0.398,-0.303,0.411,0.354,0.177,-0.416,0.528,0.296,0.367,0.397,0.204,-0.136,-0.319,0.248,-0.196,0.254,0.291,0.427,0.007,0.58,0.407,-0.549,0.224,0.452,0.48,0.503,0.548,0.293,-0.332,0.095,-0.114,0.199,0.391,0.106,0.522,0.127,0.154,-0.049,0.513,0.646,0.45,-0.054,-0.294,-0.349,-0.557,-0.441,0.173,0.582,-0.418,0.383,-0.237,0.294,0.572,0.267,0.12,-0.413,0.457,-0.233,-0.029,-0.28,-0.234,0.438,-0.581,0.265,-0.426,0.473,0.359,0.557,0.132,-0.157,0.06,0.154,0.412,-0.398,-0.102,-0.334,-0.016,0.569,0.361,0.106
ATER,-0.384,-0.389,0.614,0.522,0.484,-0.39,0.314,0.685,-0.592,0.094,-0.201,0.411,0.613,-0.369,0.677,0.663,0.55,0.39,1.0,0.675,-0.408,0.276,-0.146,-0.043,0.232,0.676,0.669,0.49,0.694,0.64,0.752,0.449,-0.643,0.496,0.681,0.599,0.624,-0.361,0.323,-0.03,0.349,-0.508,0.139,0.604,0.595,-0.521,-0.398,-0.049,0.068,0.499,-0.136,-0.603,-0.678,0.713,0.365,-0.163,0.401,-0.449,0.51,0.454,-0.086,0.494,-0.099,0.289,0.104,0.697,-0.401,0.595,0.568,-0.322,0.668,0.566,0.624,0.683,0.649,-0.674,0.487,0.296,0.043,0.027,0.714,0.034,0.631,0.705,-0.206,-0.173,0.653,-0.449,0.448,-0.445,0.657,0.619,-0.24,0.67,0.471,-0.436,0.548,-0.545,0.024,-0.464,0.555,-0.124,0.484,0.316,-0.65,-0.452,0.566,-0.0,0.589,-0.619,0.15,0.641,0.326,-0.493,0.365,0.357,0.346,0.413,0.436,0.442,0.788,-0.037,0.579,0.57,0.641,-0.438,0.594,0.574,0.397,0.69,0.521,-0.061,-0.238,0.361,-0.179,0.47,0.704,0.272,-0.041,0.636,0.212,-0.66,0.425,0.511,0.619,0.526,0.589,0.599,0.096,0.396,0.246,0.615,0.656,0.012,0.237,0.396,0.554,-0.106,0.656,0.412,0.581,-0.037,-0.21,-0.06,-0.552,-0.44,0.619,0.634,-0.637,0.762,0.071,0.582,0.567,-0.145,0.562,-0.326,0.616,-0.334,0.139,-0.578,-0.531,0.489,-0.445,0.662,-0.562,0.522,0.678,0.61,0.605,-0.229,-0.092,-0.101,0.436,-0.182,-0.142,-0.084,0.145,0.712,0.73,0.509
ATOS,-0.081,-0.162,0.678,0.244,0.695,-0.178,0.165,0.379,-0.315,-0.034,0.074,0.523,0.454,-0.34,0.484,0.517,0.339,0.259,0.675,1.0,-0.152,0.311,0.122,0.242,0.053,0.623,0.491,0.331,0.81,0.656,0.637,0.378,-0.351,0.201,0.622,0.533,0.616,-0.223,0.249,-0.05,0.299,-0.259,0.343,0.664,0.514,-0.469,-0.104,0.28,0.255,0.611,0.187,-0.286,-0.631,0.63,0.634,-0.194,0.353,-0.333,0.508,0.337,0.161,0.279,-0.225,0.585,0.188,0.434,-0.3,0.401,0.747,-0.006,0.532,0.405,0.732,0.583,0.336,-0.412,0.568,0.088,0.057,0.081,0.769,0.357,0.308,0.452,-0.148,0.274,0.488,-0.081,0.576,-0.014,0.621,0.592,-0.137,0.618,0.422,-0.016,0.331,-0.374,-0.186,-0.046,0.459,0.03,0.643,0.42,-0.481,-0.379,0.258,-0.022,0.601,-0.295,0.136,0.568,0.554,-0.338,0.226,0.154,0.115,0.629,0.287,0.4,0.612,0.248,0.59,0.715,0.728,-0.236,0.351,0.415,0.544,0.757,0.753,0.361,0.073,0.177,0.289,0.258,0.722,-0.089,-0.3,0.363,-0.069,-0.409,0.381,0.367,0.403,0.365,0.348,0.525,0.345,0.685,0.54,0.43,0.535,-0.169,-0.086,0.274,0.659,-0.42,0.539,0.113,0.577,-0.247,0.299,0.322,-0.215,-0.263,0.473,0.439,-0.269,0.69,0.419,0.406,0.323,0.011,0.64,-0.184,0.657,-0.066,0.405,-0.553,-0.351,0.156,-0.369,0.782,-0.438,0.196,0.577,0.453,0.48,0.039,-0.077,-0.126,0.213,-0.061,-0.308,-0.351,0.536,0.505,0.745,0.678
AUPH,0.253,0.386,-0.407,-0.432,-0.296,0.011,-0.555,-0.432,0.56,-0.483,0.087,-0.105,-0.458,-0.046,-0.326,-0.566,-0.149,-0.351,-0.408,-0.152,1.0,-0.371,-0.197,0.456,-0.376,-0.287,-0.304,-0.574,-0.219,-0.344,-0.484,-0.011,0.464,-0.32,-0.286,-0.423,-0.186,0.419,0.068,-0.36,0.069,0.25,0.088,-0.419,-0.276,0.383,0.118,0.226,0.166,-0.428,0.256,0.312,0.349,-0.348,-0.045,-0.3,-0.563,0.37,-0.605,-0.067,0.27,-0.385,-0.351,0.047,-0.168,-0.402,0.094,-0.506,-0.225,0.33,-0.349,-0.587,-0.353,-0.458,-0.586,0.203,-0.116,-0.574,0.067,0.085,-0.391,0.291,-0.442,-0.348,0.088,0.376,-0.145,0.387,-0.033,0.462,-0.386,-0.201,0.55,-0.218,-0.493,0.549,-0.043,0.18,-0.063,0.31,-0.127,0.37,-0.198,-0.5,0.513,0.44,-0.473,-0.42,-0.339,0.641,0.129,-0.19,0.031,0.532,0.153,-0.147,-0.035,-0.013,-0.64,-0.246,-0.36,0.252,-0.283,-0.231,-0.349,0.271,-0.549,-0.213,-0.138,-0.375,-0.237,0.296,0.437,-0.383,0.424,-0.385,-0.397,-0.218,-0.196,-0.438,-0.136,0.625,-0.246,-0.581,-0.346,-0.288,-0.322,-0.562,0.169,-0.191,-0.2,-0.172,-0.529,-0.213,-0.353,0.084,-0.313,-0.002,-0.472,-0.564,-0.344,-0.2,0.482,0.363,0.547,0.418,-0.245,-0.556,0.595,-0.28,0.205,-0.414,-0.349,-0.363,-0.167,0.186,-0.464,0.013,0.105,0.132,0.203,-0.477,0.546,-0.315,0.464,-0.514,-0.408,-0.429,-0.205,-0.027,-0.07,-0.325,-0.514,0.192,0.215,0.308,0.137,-0.44,-0.297,-0.33
AVGO,-0.023,0.106,0.48,0.446,0.462,0.254,0.455,0.471,-0.223,0.392,0.178,0.26,0.393,0.008,0.379,0.408,0.364,0.343,0.276,0.311,-0.371,1.0,0.333,-0.297,0.528,0.237,0.309,0.662,0.318,0.122,0.354,-0.036,-0.128,0.361,0.292,0.505,0.251,-0.152,-0.156,0.516,-0.205,-0.014,0.087,0.312,0.227,-0.243,0.112,-0.095,0.331,0.539,-0.114,0.126,-0.182,0.296,0.247,0.356,0.579,-0.138,0.47,-0.052,-0.055,0.328,0.317,-0.012,0.654,0.524,0.177,0.652,0.328,-0.024,0.275,0.353,0.513,0.235,0.465,0.01,0.195,0.41,0.002,0.037,0.358,0.181,0.499,0.113,0.212,0.046,-0.043,-0.072,0.051,-0.147,0.318,0.305,-0.057,0.147,0.413,-0.13,0.123,0.101,0.014,0.167,-0.012,-0.221,0.389,0.347,-0.254,-0.327,0.42,0.511,0.493,-0.243,0.002,0.067,0.345,-0.31,-0.134,0.257,-0.013,-0.002,0.623,0.134,0.128,-0.146,0.38,0.342,0.225,0.067,0.446,0.438,0.401,0.369,0.361,0.085,-0.124,0.59,-0.005,0.674,0.49,0.227,0.383,0.351,0.181,-0.211,0.15,0.417,0.294,0.337,0.359,0.344,0.094,0.486,0.314,0.005,0.325,0.353,0.347,-0.157,0.369,0.142,0.402,0.275,0.31,0.164,-0.143,-0.142,-0.22,-0.166,0.12,0.433,-0.249,0.368,0.004,0.312,0.39,0.458,0.175,-0.004,0.532,0.261,0.188,-0.048,0.128,0.395,-0.409,0.325,-0.265,0.401,0.45,0.295,0.03,0.271,0.319,0.522,0.409,0.022,0.145,-0.197,0.24,0.564,0.178,0.28
AZN,0.112,-0.002,0.267,-0.176,0.176,0.364,0.147,-0.049,-0.103,0.444,0.251,-0.149,0.005,0.203,-0.149,0.239,0.066,0.086,-0.146,0.122,-0.197,0.333,1.0,0.058,0.125,-0.016,-0.026,0.302,-0.023,0.071,-0.111,-0.293,-0.038,-0.24,-0.102,0.012,-0.043,-0.305,-0.241,0.434,-0.429,0.244,0.149,0.147,-0.105,-0.271,0.474,0.05,-0.212,0.314,0.117,0.26,0.084,0.08,0.255,0.34,0.302,-0.172,0.381,-0.132,-0.046,-0.147,0.288,0.131,0.163,-0.142,0.218,0.068,-0.104,0.091,-0.228,0.189,0.158,-0.097,-0.153,0.292,0.21,0.258,-0.105,-0.081,0.061,-0.041,-0.102,-0.097,0.0,0.18,-0.081,0.094,-0.23,0.037,0.034,0.037,-0.132,-0.086,0.257,0.078,-0.372,0.061,-0.303,0.415,-0.044,-0.214,0.026,0.455,-0.128,-0.391,-0.147,0.088,0.132,-0.1,-0.105,-0.003,0.069,-0.234,-0.416,-0.43,-0.505,0.041,0.437,0.063,0.018,-0.069,0.101,-0.068,0.072,0.062,-0.103,-0.122,0.046,0.122,0.264,0.016,0.093,0.042,0.127,0.158,0.079,-0.325,0.056,-0.162,-0.359,-0.001,0.008,0.127,-0.179,-0.223,-0.218,0.057,0.013,0.248,0.297,-0.16,0.116,0.017,-0.042,-0.429,-0.015,-0.377,0.027,0.121,-0.093,-0.079,0.106,0.008,-0.069,0.112,-0.194,-0.044,-0.066,-0.023,0.127,-0.058,-0.231,0.603,-0.023,-0.176,0.179,0.336,0.155,0.261,0.355,-0.147,-0.284,-0.036,0.015,-0.179,-0.081,-0.132,-0.277,0.371,0.144,0.105,0.04,0.072,-0.267,-0.486,0.261,-0.05,0.075,0.153
BCRX,0.219,0.15,-0.117,-0.416,-0.032,-0.056,-0.349,-0.226,0.212,-0.45,0.411,0.29,-0.102,-0.312,-0.112,-0.096,0.146,-0.28,-0.043,0.242,0.456,-0.297,0.058,1.0,-0.554,0.134,0.011,-0.282,0.273,0.255,-0.138,0.15,0.257,-0.458,0.124,-0.019,0.467,0.163,0.392,-0.365,0.277,0.011,0.336,-0.023,0.095,0.007,0.128,0.436,0.302,-0.102,0.406,0.097,0.13,0.197,0.406,-0.41,-0.468,0.083,-0.294,0.442,0.301,-0.325,-0.365,0.531,-0.31,-0.189,-0.165,-0.374,0.167,0.279,-0.215,-0.351,0.059,-0.214,-0.385,-0.01,0.374,-0.6,0.163,0.196,0.071,0.467,-0.412,-0.027,-0.189,0.52,0.259,0.339,0.291,0.472,-0.095,0.091,0.277,0.199,-0.288,0.558,0.243,0.013,-0.37,0.09,0.159,0.539,0.031,-0.161,0.145,0.13,-0.406,-0.637,-0.037,0.352,0.191,0.304,0.313,0.167,0.329,-0.167,0.036,0.56,-0.361,0.358,0.092,0.57,0.003,0.189,0.129,0.197,-0.392,0.003,0.003,-0.073,0.278,0.41,0.594,-0.341,0.66,-0.081,0.031,-0.492,-0.482,-0.448,-0.451,0.099,0.228,-0.286,-0.13,-0.179,-0.24,-0.212,0.561,0.256,0.099,0.074,-0.161,-0.333,-0.529,0.19,-0.011,-0.355,-0.186,-0.478,-0.007,-0.461,0.659,0.536,0.348,0.219,0.144,-0.404,0.37,0.088,0.572,-0.209,-0.348,-0.469,0.265,0.07,-0.199,-0.015,0.475,-0.118,0.032,-0.42,0.307,0.154,0.183,-0.344,-0.076,-0.286,0.242,-0.062,-0.224,-0.513,-0.403,0.184,-0.069,-0.178,0.49,-0.247,0.138,0.196
BGC,-0.297,-0.232,0.337,0.616,0.17,0.134,0.362,0.458,-0.48,0.561,-0.316,-0.116,0.287,0.106,0.431,0.243,0.049,0.507,0.232,0.053,-0.376,0.528,0.125,-0.554,1.0,-0.021,0.12,0.639,0.028,0.007,0.306,-0.056,-0.293,0.623,0.011,0.198,-0.064,-0.268,-0.241,0.346,-0.217,-0.095,-0.243,0.041,0.065,-0.292,-0.215,-0.378,0.023,0.192,-0.425,-0.162,-0.329,0.127,-0.007,0.471,0.569,-0.372,0.443,-0.215,-0.426,0.621,0.287,-0.23,0.343,0.476,0.099,0.652,0.005,-0.28,0.353,0.443,0.16,0.279,0.432,-0.024,-0.239,0.551,-0.35,-0.344,0.2,-0.292,0.659,0.077,0.155,-0.357,-0.209,-0.471,-0.121,-0.4,0.233,0.132,-0.203,-0.08,0.415,-0.343,-0.16,-0.111,0.432,0.113,-0.121,-0.435,0.236,0.216,-0.324,-0.341,0.525,0.65,0.418,-0.402,-0.195,-0.029,-0.015,-0.453,-0.159,0.409,-0.109,-0.465,0.548,-0.153,0.095,-0.545,0.218,0.192,-0.005,-0.198,0.535,0.302,0.27,0.293,0.058,-0.303,-0.568,0.313,-0.262,0.231,0.229,0.577,0.215,0.476,0.566,-0.387,-0.131,0.399,0.338,0.222,0.491,0.241,-0.43,-0.094,-0.136,-0.057,0.192,0.325,0.634,0.018,0.103,0.226,0.436,0.444,0.166,0.148,-0.37,-0.557,-0.481,-0.489,-0.015,0.564,-0.334,0.285,-0.54,0.233,0.588,0.549,-0.132,-0.091,0.362,0.181,-0.285,-0.124,-0.047,0.537,-0.523,0.034,-0.263,0.532,0.223,0.355,-0.191,-0.038,0.126,0.45,0.4,-0.392,0.144,-0.116,-0.281,0.564,0.02,-0.065
BIDU,-0.159,-0.448,0.768,0.323,0.633,-0.338,0.346,0.512,-0.518,-0.083,0.101,0.397,0.573,-0.581,0.622,0.618,0.474,0.317,0.676,0.623,-0.287,0.237,-0.016,0.134,-0.021,1.0,0.79,0.346,0.718,0.734,0.658,0.602,-0.616,0.334,0.726,0.605,0.687,-0.385,0.484,-0.063,0.35,-0.57,0.281,0.726,0.666,-0.556,-0.266,0.162,0.075,0.414,-0.071,-0.563,-0.576,0.763,0.428,-0.436,0.259,-0.516,0.502,0.619,0.093,0.329,0.005,0.553,-0.036,0.544,-0.36,0.45,0.654,-0.386,0.499,0.482,0.584,0.738,0.439,-0.617,0.58,0.14,-0.016,-0.024,0.649,0.079,0.455,0.719,-0.242,-0.006,0.701,-0.41,0.556,-0.273,0.719,0.742,-0.129,0.823,0.384,-0.41,0.589,-0.415,-0.079,-0.402,0.619,-0.092,0.585,0.283,-0.597,-0.478,0.341,-0.066,0.498,-0.593,0.055,0.728,0.388,-0.439,0.405,0.219,0.435,0.56,0.38,0.531,0.809,0.188,0.614,0.599,0.555,-0.286,0.417,0.591,0.495,0.664,0.614,0.218,-0.059,0.139,0.024,0.342,0.625,0.094,-0.259,0.597,0.051,-0.584,0.558,0.436,0.621,0.399,0.488,0.519,0.11,0.45,0.221,0.669,0.668,-0.139,0.008,0.432,0.366,-0.411,0.615,0.302,0.659,-0.43,-0.133,0.026,-0.523,-0.349,0.694,0.434,-0.492,0.741,0.168,0.491,0.385,-0.179,0.721,-0.398,0.632,-0.242,0.165,-0.611,-0.473,0.29,-0.459,0.604,-0.542,0.348,0.678,0.643,0.78,-0.335,-0.097,-0.204,0.437,-0.167,-0.304,-0.269,0.291,0.543,0.701,0.547
BILI,-0.291,-0.365,0.681,0.439,0.552,-0.324,0.318,0.536,-0.539,0.051,-0.077,0.296,0.626,-0.393,0.686,0.677,0.348,0.451,0.669,0.491,-0.304,0.309,-0.026,0.011,0.12,0.79,1.0,0.462,0.615,0.604,0.675,0.555,-0.627,0.41,0.672,0.604,0.648,-0.371,0.461,-0.046,0.356,-0.493,0.293,0.627,0.721,-0.457,-0.353,0.093,0.027,0.466,-0.086,-0.534,-0.636,0.732,0.469,-0.266,0.334,-0.428,0.492,0.632,-0.05,0.404,-0.09,0.436,0.073,0.634,-0.363,0.509,0.611,-0.295,0.467,0.49,0.547,0.754,0.568,-0.64,0.499,0.253,-0.018,-0.04,0.695,-0.015,0.556,0.728,-0.085,-0.088,0.728,-0.464,0.532,-0.425,0.791,0.724,-0.229,0.855,0.438,-0.431,0.529,-0.453,0.113,-0.393,0.695,-0.133,0.561,0.322,-0.588,-0.413,0.518,-0.031,0.628,-0.568,0.18,0.612,0.436,-0.376,0.499,0.347,0.46,0.354,0.337,0.501,0.69,0.087,0.62,0.576,0.5,-0.336,0.503,0.578,0.46,0.62,0.412,0.06,-0.165,0.261,-0.085,0.421,0.592,0.182,-0.014,0.748,0.079,-0.53,0.472,0.509,0.581,0.508,0.49,0.469,0.067,0.37,0.147,0.75,0.728,-0.041,0.186,0.398,0.356,-0.184,0.676,0.49,0.64,-0.249,-0.192,-0.096,-0.537,-0.35,0.699,0.568,-0.581,0.771,0.029,0.595,0.446,-0.103,0.725,-0.358,0.665,-0.324,0.097,-0.568,-0.472,0.385,-0.377,0.508,-0.483,0.492,0.67,0.717,0.613,-0.46,-0.031,-0.061,0.404,-0.094,-0.225,-0.127,0.189,0.605,0.617,0.408
BKR,-0.484,-0.351,0.557,0.658,0.35,-0.137,0.611,0.684,-0.622,0.444,-0.149,0.206,0.6,-0.102,0.665,0.657,0.388,0.466,0.49,0.331,-0.574,0.662,0.302,-0.282,0.639,0.346,0.462,1.0,0.409,0.301,0.556,0.029,-0.558,0.532,0.458,0.576,0.363,-0.583,0.074,0.384,-0.01,-0.397,-0.092,0.391,0.465,-0.547,-0.225,-0.281,-0.051,0.529,-0.274,-0.275,-0.382,0.58,0.22,0.37,0.623,-0.535,0.638,0.239,-0.453,0.563,0.244,-0.049,0.328,0.718,-0.265,0.83,0.332,-0.423,0.466,0.63,0.544,0.47,0.634,-0.233,0.324,0.616,-0.213,-0.209,0.585,-0.184,0.752,0.349,-0.186,-0.266,0.131,-0.489,0.04,-0.568,0.551,0.353,-0.333,0.246,0.644,-0.507,0.103,-0.261,0.094,-0.271,0.128,-0.441,0.381,0.516,-0.674,-0.634,0.509,0.411,0.594,-0.639,-0.198,0.374,0.172,-0.685,-0.054,0.217,-0.082,-0.02,0.744,0.389,0.389,-0.39,0.338,0.426,0.374,-0.365,0.671,0.474,0.242,0.577,0.299,-0.334,-0.422,0.574,-0.322,0.64,0.506,0.385,0.252,0.51,0.249,-0.659,0.214,0.751,0.504,0.302,0.558,0.496,-0.119,0.326,0.215,0.171,0.534,0.209,0.513,0.0,0.26,0.07,0.611,0.505,0.419,0.014,-0.398,-0.43,-0.65,-0.566,0.369,0.661,-0.682,0.586,-0.242,0.56,0.564,0.367,0.248,-0.352,0.611,-0.015,-0.084,-0.262,-0.243,0.619,-0.671,0.388,-0.646,0.672,0.478,0.454,0.138,-0.099,-0.007,0.277,0.597,-0.332,-0.149,-0.229,0.069,0.791,0.444,0.336
BLDP,-0.312,-0.342,0.626,0.397,0.705,-0.432,0.399,0.526,-0.405,-0.249,0.046,0.586,0.656,-0.503,0.688,0.602,0.443,0.324,0.694,0.81,-0.219,0.318,-0.023,0.273,0.028,0.718,0.615,0.409,1.0,0.72,0.781,0.49,-0.416,0.334,0.788,0.587,0.807,-0.311,0.481,-0.104,0.391,-0.545,0.168,0.714,0.641,-0.53,-0.381,0.16,0.228,0.586,0.054,-0.442,-0.637,0.731,0.628,-0.28,0.404,-0.435,0.543,0.544,-0.024,0.425,-0.133,0.635,0.067,0.655,-0.596,0.502,0.779,-0.175,0.541,0.474,0.8,0.661,0.55,-0.657,0.581,0.138,0.081,0.124,0.801,0.305,0.458,0.558,-0.308,0.119,0.595,-0.227,0.566,-0.175,0.535,0.568,-0.113,0.595,0.509,-0.2,0.48,-0.504,-0.034,-0.327,0.506,0.005,0.708,0.404,-0.591,-0.435,0.275,-0.063,0.506,-0.391,-0.069,0.726,0.483,-0.444,0.437,0.292,0.25,0.618,0.188,0.566,0.656,0.153,0.464,0.675,0.72,-0.379,0.552,0.521,0.542,0.74,0.714,0.235,-0.013,0.364,0.117,0.443,0.785,0.109,-0.266,0.433,0.105,-0.604,0.632,0.532,0.622,0.534,0.539,0.549,0.325,0.676,0.405,0.541,0.572,-0.136,0.102,0.397,0.539,-0.298,0.684,0.208,0.731,-0.304,0.016,0.059,-0.339,-0.48,0.587,0.46,-0.411,0.791,0.288,0.595,0.445,-0.224,0.649,-0.255,0.753,-0.365,0.263,-0.692,-0.593,0.361,-0.357,0.801,-0.646,0.435,0.664,0.595,0.65,-0.16,-0.336,-0.262,0.381,-0.205,-0.261,-0.204,0.445,0.643,0.72,0.745
BLNK,-0.088,-0.387,0.609,0.278,0.637,-0.287,0.333,0.423,-0.501,-0.072,0.135,0.389,0.598,-0.444,0.529,0.613,0.396,0.307,0.64,0.656,-0.344,0.122,0.071,0.255,0.007,0.734,0.604,0.301,0.72,1.0,0.676,0.641,-0.511,0.285,0.678,0.582,0.706,-0.242,0.545,-0.137,0.302,-0.449,0.334,0.663,0.585,-0.482,-0.262,0.176,0.168,0.428,-0.041,-0.461,-0.572,0.689,0.453,-0.341,0.319,-0.411,0.51,0.634,0.158,0.336,0.004,0.654,0.007,0.444,-0.352,0.341,0.64,-0.168,0.544,0.564,0.6,0.653,0.441,-0.613,0.549,0.206,0.054,0.065,0.685,0.194,0.366,0.672,-0.163,0.034,0.607,-0.32,0.681,-0.203,0.588,0.591,-0.14,0.722,0.416,-0.307,0.505,-0.458,-0.065,-0.372,0.505,0.056,0.557,0.35,-0.454,-0.394,0.316,-0.077,0.456,-0.499,0.094,0.714,0.424,-0.442,0.338,0.255,0.369,0.607,0.307,0.561,0.722,0.202,0.516,0.581,0.706,-0.292,0.415,0.586,0.467,0.608,0.567,0.247,-0.059,0.191,0.095,0.271,0.585,0.069,-0.33,0.465,0.065,-0.606,0.623,0.442,0.577,0.419,0.473,0.574,0.218,0.476,0.234,0.569,0.633,-0.069,0.043,0.517,0.544,-0.439,0.664,0.275,0.707,-0.325,-0.031,0.114,-0.304,-0.398,0.629,0.44,-0.432,0.626,0.227,0.476,0.361,-0.102,0.649,-0.259,0.609,-0.195,0.318,-0.635,-0.429,0.303,-0.43,0.637,-0.472,0.376,0.663,0.535,0.726,-0.216,-0.222,-0.176,0.304,-0.164,-0.296,-0.346,0.292,0.448,0.718,0.572
