,AAL,AAPL,ABUS,ADBE,ADI,ADMA,AEP,AGNC,AKBA,ALT,AMAT,AMD,AMGN,AMZN,APA,APPS,ARCC,ARDX,ATER,ATOS,AUPH,AVGO,AZN,BCRX,BGC,BIDU,BILI,BKR,BLDP,BLNK,BYND,CAN,CELH,CG,CGC,CHRD,CLNE,CMCSA,COMM,COST,CPB,CPRT,CRON,CRWD,CSCO,CSGP,CSX,CTSH,CZR,DBX,DDOG,DKNG,DLTR,DOCU,DVAX,DXCM,EA,EBAY,ENPH,ERIC,ESPR,ETSY,EXC,EXEL,EXPE,FANG,FAST,FITB,FLEX,FOLD,FOXA,FSLR,FTNT,FUTU,GEN,GERN,GEVO,GILD,GOOG,GOOGL,GPRO,GT,HBAN,HIVE,HON,HST,HUT,IBRX,INTC,IOVA,IQ,IRWD,JBLU,JD,KDP,KHC,LBTYK,LRCX,LYFT,MAR,MARA,MAT,MCHP,MCRB,MDLZ,META,MGNI,MLCO,MNKD,MNST,MOMO,MRNA,MRVL,MSFT,MSTR,MTCH,MU,MVIS,NDAQ,NFLX,NKTR,NNDM,NTES,NTNX,NVAX,NVDA,NWL,NWSA,NXPI,OCGN,OKTA,ON,OPK,PAA,PACB,PAGP,PANW,PARA,PCAR,PDD,PENN,PEP,PLUG,PTEN,PTON,PYPL,QCOM,QUBT,QVCGA,RDFN,REAL,RIOT,ROKU,ROST,RUN,SABR,SAVA,SBUX,SFIX,SGMO,SIRI,SLM,SMCI,SNDL,SONO,STNE,STX,TCOM,TGTX,TIGR,TLRY,TMUS,TRIP,TSCO,TSLA,TTD,TXN,UAL,UNIT,VERU,VKTX,VLY,VOD,VTRS,VXRT,WBA,WBD,WDAY,WDC,WEN,WW,WYNN,XEL,XP,XRAY,XRX,Z,ZION,ZM,ZS
AAL,1.0,-0.124,0.644,-0.553,0.754,0.638,-0.238,0.717,0.78,0.395,0.262,0.021,-0.489,-0.163,-0.418,0.593,0.237,0.664,0.298,0.636,-0.016,-0.453,0.579,0.651,-0.558,0.829,0.432,-0.186,0.303,0.499,0.648,0.068,-0.102,0.691,0.587,-0.63,-0.462,0.266,0.622,0.107,0.087,-0.257,0.659,-0.517,0.144,0.259,0.072,0.667,0.772,0.052,0.427,0.247,-0.65,0.317,0.54,0.324,-0.571,0.704,0.436,0.625,0.658,-0.434,-0.537,0.643,0.645,-0.669,-0.518,0.4,0.584,0.405,-0.176,0.173,0.52,-0.272,0.221,0.461,0.447,-0.6,-0.414,-0.443,0.753,-0.256,0.467,-0.127,0.188,0.298,-0.057,0.254,0.155,0.711,0.199,0.27,0.585,0.76,0.622,0.549,0.116,0.344,0.281,0.391,-0.177,0.492,0.335,0.73,0.401,-0.42,0.605,0.637,-0.34,0.465,0.145,0.751,0.637,-0.504,-0.481,0.585,-0.056,0.573,-0.45,-0.137,0.531,0.06,-0.269,-0.391,0.616,0.339,0.521,-0.618,0.702,0.03,0.166,0.621,0.74,-0.577,0.463,-0.42,-0.375,0.46,0.569,-0.433,0.548,0.464,0.28,-0.102,0.335,0.709,0.222,0.491,0.257,0.792,0.504,-0.074,0.793,-0.58,0.32,0.367,0.645,-0.644,-0.141,0.412,-0.367,0.347,0.279,0.653,0.786,0.419,-0.308,0.554,0.746,0.512,0.618,0.09,0.521,0.39,0.634,0.257,0.779,0.928,0.221,-0.453,0.484,0.384,0.259,0.67,0.561,0.072,0.06,-0.037,0.622,0.512,0.204,0.403,-0.56,0.63,0.517,0.688,0.74,0.379,0.613,-0.4
AAPL,-0.124,1.0,-0.206,0.665,0.193,-0.314,0.004,0.036,-0.257,0.401,0.728,0.773,0.494,0.789,-0.211,-0.2,0.067,-0.373,0.315,-0.197,-0.241,0.669,0.288,-0.407,0.469,0.151,0.233,-0.141,0.371,0.38,-0.058,0.249,-0.246,0.237,-0.109,0.182,0.322,0.185,-0.416,0.206,-0.397,0.711,-0.082,0.604,0.605,0.624,0.652,-0.028,-0.048,0.673,0.131,0.507,0.247,0.193,-0.056,-0.642,0.552,-0.006,0.465,0.166,-0.35,0.255,0.448,-0.05,0.283,0.32,0.499,0.316,0.334,-0.515,0.272,-0.456,0.199,0.456,-0.009,-0.538,-0.095,0.295,0.678,0.624,-0.285,-0.043,0.217,-0.143,0.192,0.349,-0.307,-0.554,0.627,-0.422,0.343,-0.039,0.137,0.155,-0.527,-0.371,-0.269,0.652,0.619,0.445,-0.217,-0.351,0.591,-0.429,-0.608,0.769,-0.231,-0.017,0.004,-0.583,0.427,0.153,0.455,0.603,-0.101,-0.296,0.743,0.034,0.364,-0.297,-0.367,0.058,0.591,0.68,0.084,0.663,-0.626,0.36,0.316,0.487,0.522,0.307,-0.223,0.022,0.249,-0.161,0.716,-0.22,0.226,0.607,-0.354,-0.549,0.14,-0.101,0.344,0.126,0.394,-0.384,-0.357,-0.216,-0.411,0.029,0.229,0.294,0.071,-0.424,0.026,0.177,-0.475,-0.36,0.437,-0.04,0.612,-0.323,-0.322,-0.573,0.598,-0.247,-0.479,0.282,-0.335,0.53,0.006,0.092,0.471,0.699,0.008,-0.042,0.52,0.471,0.219,0.179,0.264,-0.087,-0.249,0.563,-0.083,0.285,0.331,-0.578,0.412,0.288,0.509,-0.205,-0.584,-0.276,0.07,0.525,-0.36,0.624
ABUS,0.644,-0.206,1.0,-0.511,0.585,0.754,0.149,0.636,0.665,0.372,0.12,0.006,-0.402,-0.033,-0.094,0.677,0.463,0.456,0.234,0.734,0.461,-0.434,0.516,0.62,-0.483,0.565,0.369,0.281,0.346,0.577,0.696,-0.024,0.162,0.591,0.772,-0.278,-0.161,0.456,0.641,0.289,0.41,-0.191,0.813,-0.388,0.131,0.155,0.047,0.586,0.647,0.013,0.468,0.265,-0.39,0.528,0.603,0.347,-0.435,0.643,0.369,0.485,0.589,-0.258,-0.24,0.605,0.591,-0.413,-0.433,0.39,0.468,0.628,0.214,0.368,0.404,-0.096,0.579,0.656,0.503,-0.478,-0.487,-0.491,0.744,0.053,0.457,-0.109,0.509,0.432,-0.156,0.319,0.063,0.592,0.173,0.424,0.38,0.548,0.564,0.647,0.477,0.228,0.179,0.506,-0.135,0.568,0.24,0.591,0.464,-0.272,0.625,0.681,-0.133,0.429,0.232,0.539,0.471,-0.563,-0.552,0.648,-0.021,0.739,-0.513,-0.416,0.632,-0.161,-0.236,-0.204,0.474,0.121,0.611,-0.551,0.487,0.091,0.169,0.528,0.687,-0.177,0.55,-0.081,-0.371,0.623,0.352,-0.391,0.581,0.545,0.441,0.234,0.292,0.648,0.044,0.661,0.621,0.587,0.806,-0.111,0.538,-0.518,0.501,0.699,0.352,-0.409,0.091,0.685,-0.085,0.41,0.153,0.812,0.521,0.422,-0.374,0.462,0.63,0.592,0.805,0.085,0.718,0.342,0.485,0.114,0.584,0.679,0.396,-0.218,0.508,0.473,0.54,0.658,0.559,-0.013,0.496,0.262,0.475,0.581,0.392,0.385,-0.334,0.598,0.405,0.653,0.686,0.356,0.704,-0.311
ADBE,-0.553,0.665,-0.511,1.0,-0.228,-0.567,0.153,-0.382,-0.581,0.205,0.443,0.485,0.786,0.702,0.182,-0.515,-0.019,-0.586,0.204,-0.488,-0.051,0.871,-0.186,-0.668,0.695,-0.4,-0.018,-0.018,0.166,-0.094,-0.373,0.059,-0.024,-0.29,-0.5,0.488,0.562,-0.02,-0.667,0.143,-0.333,0.608,-0.541,0.727,0.255,0.185,0.411,-0.455,-0.346,0.431,-0.151,0.16,0.54,-0.067,-0.395,-0.495,0.799,-0.325,0.081,-0.275,-0.593,0.508,0.586,-0.435,-0.165,0.714,0.879,0.087,-0.18,-0.585,0.335,-0.308,-0.095,0.622,-0.172,-0.604,-0.242,0.615,0.721,0.707,-0.625,0.156,-0.028,-0.092,-0.016,0.075,-0.24,-0.489,0.252,-0.694,0.093,-0.189,-0.259,-0.286,-0.672,-0.524,-0.117,0.341,0.227,0.054,-0.051,-0.487,0.202,-0.695,-0.651,0.765,-0.452,-0.518,0.271,-0.582,0.21,-0.456,-0.064,0.734,0.167,-0.556,0.433,-0.385,0.605,-0.088,-0.419,-0.058,0.59,0.761,-0.413,0.179,-0.611,0.714,-0.117,0.368,0.292,-0.108,-0.611,0.486,-0.194,0.272,0.77,-0.389,-0.269,0.612,-0.581,-0.586,0.102,-0.035,0.021,-0.386,0.172,-0.488,-0.36,-0.646,-0.542,-0.058,-0.296,0.61,-0.061,-0.498,-0.411,0.465,-0.179,-0.468,0.544,-0.122,0.319,-0.632,-0.632,-0.57,0.704,-0.44,-0.697,-0.056,-0.644,0.407,-0.249,-0.071,-0.092,0.208,-0.404,-0.51,0.067,0.598,-0.264,-0.084,0.073,-0.506,-0.467,0.464,-0.068,0.158,-0.213,-0.64,0.18,-0.142,0.695,-0.584,-0.698,-0.608,-0.448,0.167,-0.632,0.692
ADI,0.754,0.193,0.585,-0.228,1.0,0.624,0.017,0.789,0.659,0.55,0.582,0.406,-0.165,0.201,-0.327,0.721,0.412,0.477,0.441,0.498,0.039,-0.121,0.638,0.487,-0.28,0.78,0.574,0.043,0.555,0.629,0.706,0.086,0.095,0.783,0.537,-0.386,-0.077,0.579,0.475,0.369,0.029,0.127,0.58,-0.175,0.526,0.518,0.413,0.671,0.736,0.445,0.567,0.451,-0.369,0.513,0.588,0.195,-0.203,0.727,0.687,0.698,0.453,-0.18,-0.238,0.625,0.721,-0.356,-0.226,0.66,0.725,0.193,0.127,0.228,0.622,0.117,0.453,0.341,0.477,-0.364,-0.108,-0.1,0.605,0.046,0.658,-0.153,0.463,0.507,-0.227,0.072,0.499,0.526,0.401,0.259,0.48,0.728,0.473,0.444,0.276,0.599,0.543,0.639,-0.189,0.491,0.706,0.485,0.27,-0.06,0.508,0.566,-0.153,0.365,0.327,0.713,0.824,-0.173,-0.526,0.466,0.171,0.593,-0.227,-0.329,0.505,-0.078,0.067,-0.041,0.668,0.424,0.36,-0.373,0.884,0.342,0.499,0.856,0.595,-0.368,0.572,-0.151,-0.045,0.642,0.631,-0.112,0.537,0.412,0.452,0.06,0.404,0.751,0.547,0.527,0.356,0.663,0.466,-0.076,0.793,-0.318,0.56,0.347,0.487,-0.495,-0.113,0.398,-0.081,0.539,0.498,0.493,0.548,0.369,-0.047,0.521,0.48,0.691,0.532,0.37,0.551,0.406,0.696,0.5,0.846,0.761,0.488,-0.105,0.495,0.637,0.479,0.605,0.634,0.211,0.331,0.196,0.661,0.3,0.502,0.468,-0.245,0.574,0.328,0.651,0.752,0.632,0.586,-0.077
ADMA,0.638,-0.314,0.754,-0.567,0.624,1.0,0.237,0.627,0.722,0.265,0.066,-0.196,-0.335,-0.185,-0.018,0.749,0.524,0.541,0.168,0.614,0.406,-0.462,0.472,0.681,-0.528,0.515,0.222,0.31,0.294,0.375,0.647,-0.048,0.425,0.594,0.659,-0.196,-0.091,0.539,0.668,0.271,0.362,-0.221,0.626,-0.477,0.141,0.107,-0.072,0.589,0.697,0.023,0.376,0.205,-0.252,0.459,0.568,0.502,-0.463,0.58,0.392,0.443,0.717,-0.071,-0.28,0.593,0.507,-0.367,-0.447,0.417,0.373,0.554,0.214,0.584,0.417,-0.125,0.589,0.794,0.53,-0.314,-0.511,-0.521,0.718,0.21,0.494,0.007,0.36,0.348,-0.031,0.414,-0.015,0.593,0.17,0.434,0.223,0.433,0.672,0.594,0.517,0.145,0.087,0.411,0.007,0.662,0.134,0.623,0.536,-0.453,0.582,0.484,-0.02,0.625,0.092,0.474,0.37,-0.571,-0.434,0.6,-0.205,0.558,-0.348,-0.266,0.661,-0.288,-0.367,-0.283,0.432,-0.051,0.711,-0.408,0.492,0.022,0.175,0.62,0.58,-0.104,0.476,0.103,-0.445,0.779,0.373,-0.531,0.724,0.596,0.434,0.309,0.136,0.612,0.17,0.757,0.684,0.537,0.736,-0.058,0.454,-0.339,0.562,0.66,0.281,-0.315,0.252,0.709,-0.259,0.564,0.071,0.744,0.57,0.522,-0.37,0.566,0.613,0.377,0.82,0.093,0.588,0.423,0.361,-0.01,0.622,0.625,0.181,-0.115,0.317,0.663,0.397,0.678,0.68,-0.193,0.537,0.176,0.392,0.735,0.191,0.311,-0.356,0.618,0.655,0.611,0.645,0.37,0.793,-0.417
AEP,-0.238,0.004,0.149,0.153,0.017,0.237,1.0,0.034,-0.058,0.157,0.0,-0.046,0.401,0.242,0.541,0.204,0.588,-0.183,0.028,-0.024,0.673,0.25,0.069,0.02,0.272,-0.189,0.071,0.694,0.388,0.028,0.144,-0.128,0.576,0.106,0.168,0.55,0.56,0.509,-0.011,0.151,0.514,0.328,-0.039,0.289,0.078,0.127,0.267,-0.003,-0.008,0.246,-0.023,0.258,0.449,0.23,0.04,-0.064,0.298,-0.06,0.254,-0.142,-0.136,0.375,0.639,-0.113,0.11,0.458,0.296,0.366,-0.144,0.168,0.688,0.491,0.061,0.477,0.529,0.358,0.325,0.458,0.028,0.034,0.073,0.537,0.334,0.19,0.574,0.283,-0.02,0.047,-0.051,-0.171,0.238,0.236,-0.344,-0.2,-0.052,0.041,0.5,0.074,-0.017,0.295,0.267,0.151,0.066,-0.129,0.02,0.15,-0.029,-0.119,0.463,0.066,0.173,-0.277,-0.096,0.109,0.052,0.15,-0.096,0.222,0.262,-0.212,0.228,-0.239,0.205,0.35,-0.138,-0.216,0.005,0.317,0.034,0.313,0.335,0.191,-0.186,0.488,0.274,0.561,0.223,0.44,-0.109,0.069,0.155,0.154,0.498,0.675,-0.203,0.014,0.057,0.267,0.33,-0.245,0.336,0.067,-0.182,0.188,0.569,0.408,-0.389,0.332,0.34,0.405,0.283,0.292,-0.048,0.121,-0.333,-0.055,0.107,0.216,-0.124,0.139,0.137,0.466,0.161,0.145,-0.1,-0.07,-0.11,-0.146,0.172,0.372,-0.104,0.512,0.559,-0.011,0.023,-0.128,0.725,0.464,-0.174,0.083,0.307,0.046,0.584,-0.0,-0.024,-0.093,0.032,0.298,-0.0,0.238
AGNC,0.717,0.036,0.636,-0.382,0.789,0.627,0.034,1.0,0.597,0.538,0.428,0.163,-0.241,0.089,-0.249,0.764,0.527,0.427,0.355,0.601,0.175,-0.287,0.683,0.608,-0.419,0.812,0.469,0.172,0.479,0.635,0.862,0.13,0.033,0.746,0.685,-0.373,-0.122,0.527,0.556,0.27,0.186,-0.074,0.678,-0.349,0.402,0.533,0.348,0.663,0.728,0.273,0.405,0.45,-0.37,0.418,0.632,0.137,-0.39,0.692,0.642,0.647,0.512,-0.236,-0.214,0.73,0.65,-0.432,-0.36,0.641,0.717,0.336,0.136,0.217,0.52,0.012,0.509,0.437,0.513,-0.35,-0.209,-0.187,0.709,0.008,0.643,-0.114,0.437,0.511,-0.146,0.268,0.441,0.638,0.396,0.355,0.459,0.696,0.45,0.493,0.365,0.491,0.375,0.592,-0.104,0.638,0.513,0.55,0.264,-0.184,0.457,0.681,-0.194,0.401,0.199,0.693,0.717,-0.256,-0.483,0.594,0.064,0.669,-0.343,-0.368,0.671,-0.119,-0.085,-0.138,0.585,0.328,0.424,-0.441,0.827,0.293,0.438,0.775,0.594,-0.365,0.565,-0.048,-0.231,0.715,0.608,-0.283,0.506,0.344,0.502,0.121,0.31,0.678,0.424,0.529,0.453,0.721,0.622,-0.044,0.69,-0.415,0.562,0.498,0.45,-0.574,0.047,0.489,-0.157,0.519,0.331,0.612,0.651,0.245,-0.08,0.535,0.6,0.573,0.612,0.305,0.622,0.361,0.668,0.344,0.86,0.743,0.495,-0.099,0.536,0.629,0.541,0.697,0.677,0.089,0.396,0.205,0.685,0.365,0.416,0.42,-0.295,0.595,0.386,0.842,0.821,0.605,0.555,-0.261
AKBA,0.78,-0.257,0.665,-0.581,0.659,0.722,-0.058,0.597,1.0,0.24,0.13,-0.092,-0.506,-0.282,-0.406,0.629,0.25,0.667,0.231,0.716,0.122,-0.496,0.496,0.792,-0.648,0.713,0.334,-0.083,0.121,0.381,0.556,-0.09,-0.006,0.552,0.654,-0.604,-0.417,0.29,0.739,0.018,0.274,-0.411,0.686,-0.661,-0.011,0.045,-0.119,0.754,0.742,-0.023,0.26,0.136,-0.589,0.42,0.497,0.603,-0.612,0.681,0.251,0.659,0.694,-0.387,-0.541,0.553,0.451,-0.632,-0.512,0.265,0.43,0.596,-0.198,0.307,0.47,-0.289,0.378,0.63,0.48,-0.592,-0.664,-0.616,0.766,-0.095,0.383,-0.05,0.213,0.123,-0.014,0.312,-0.05,0.77,0.156,0.302,0.357,0.754,0.848,0.801,0.244,0.128,0.202,0.197,-0.131,0.588,0.235,0.819,0.572,-0.511,0.709,0.633,-0.262,0.647,0.051,0.703,0.562,-0.722,-0.446,0.768,-0.15,0.508,-0.571,-0.132,0.464,-0.046,-0.444,-0.454,0.624,0.161,0.745,-0.627,0.568,-0.063,-0.003,0.549,0.836,-0.452,0.579,-0.311,-0.594,0.505,0.436,-0.546,0.626,0.681,0.26,-0.046,0.271,0.682,0.054,0.667,0.424,0.716,0.56,-0.075,0.638,-0.6,0.28,0.526,0.649,-0.561,0.052,0.599,-0.434,0.399,0.097,0.724,0.794,0.539,-0.478,0.529,0.718,0.441,0.701,-0.09,0.434,0.332,0.386,0.129,0.767,0.765,0.165,-0.495,0.564,0.307,0.22,0.652,0.718,0.004,0.208,0.094,0.501,0.641,0.128,0.294,-0.576,0.671,0.642,0.677,0.699,0.184,0.752,-0.585
ALT,0.395,0.401,0.372,0.205,0.55,0.265,0.157,0.538,0.24,1.0,0.638,0.463,0.298,0.475,-0.263,0.395,0.423,0.048,0.637,0.215,0.235,0.233,0.636,0.147,0.197,0.568,0.729,-0.068,0.708,0.625,0.565,0.322,-0.035,0.625,0.328,-0.251,0.162,0.544,0.148,0.338,-0.133,0.387,0.317,0.234,0.5,0.708,0.553,0.365,0.502,0.608,0.499,0.561,-0.157,0.405,0.397,-0.28,0.246,0.578,0.758,0.562,0.049,0.067,0.194,0.394,0.657,-0.058,0.187,0.572,0.653,-0.091,0.304,0.003,0.549,0.574,0.276,0.067,0.427,-0.02,0.242,0.264,0.266,-0.034,0.639,-0.155,0.435,0.519,-0.277,-0.024,0.501,0.263,0.55,0.216,0.323,0.566,0.091,0.106,0.247,0.669,0.482,0.594,-0.125,0.136,0.601,0.106,-0.206,0.275,0.191,0.36,-0.007,-0.13,0.654,0.473,0.62,0.128,-0.398,0.213,0.395,0.489,-0.103,-0.578,0.28,-0.235,0.471,0.466,0.406,0.55,0.097,0.0,0.707,0.719,0.664,0.598,0.227,-0.197,0.56,-0.094,0.378,0.352,0.542,0.223,0.091,0.048,0.731,-0.02,0.43,0.507,0.324,0.293,0.072,0.377,0.237,0.002,0.546,-0.055,0.57,0.09,0.216,-0.329,-0.163,0.235,0.144,0.365,0.721,0.147,0.197,-0.074,0.433,0.253,0.116,0.749,0.163,0.632,0.504,0.415,0.651,0.548,0.499,0.464,0.512,0.217,0.339,0.473,0.539,0.361,0.179,0.548,0.372,0.278,0.608,-0.137,0.65,0.393,0.057,0.153,-0.152,0.35,0.407,0.724,0.202,0.334
AMAT,0.262,0.728,0.12,0.443,0.582,0.066,0.0,0.428,0.13,0.638,1.0,0.694,0.36,0.722,-0.294,0.166,0.279,-0.138,0.42,0.084,-0.143,0.532,0.521,-0.066,0.196,0.503,0.436,-0.137,0.552,0.44,0.314,0.294,-0.152,0.56,0.127,-0.078,0.244,0.438,-0.015,0.378,-0.316,0.544,0.139,0.34,0.653,0.662,0.619,0.206,0.369,0.633,0.322,0.547,-0.022,0.33,0.258,-0.374,0.346,0.363,0.625,0.502,-0.013,0.223,0.209,0.185,0.587,0.05,0.372,0.506,0.586,-0.292,0.32,-0.175,0.434,0.457,0.127,-0.204,0.151,0.098,0.423,0.409,0.108,0.026,0.43,-0.196,0.235,0.53,-0.321,-0.29,0.651,-0.017,0.353,0.092,0.319,0.438,-0.161,-0.069,0.024,0.926,0.602,0.584,-0.191,-0.055,0.749,-0.112,-0.342,0.496,0.09,0.259,-0.094,-0.25,0.437,0.441,0.719,0.323,-0.308,0.04,0.582,0.219,0.093,-0.419,0.029,-0.028,0.405,0.483,0.399,0.702,-0.179,0.169,0.724,0.495,0.5,0.622,0.054,-0.083,0.405,-0.115,0.497,0.161,0.412,0.326,-0.075,-0.221,0.406,-0.127,0.458,0.39,0.55,0.03,-0.046,0.136,-0.048,-0.025,0.443,0.094,0.337,-0.125,0.235,-0.172,-0.359,-0.097,0.377,0.313,0.741,-0.038,0.065,-0.235,0.566,0.054,-0.072,0.506,-0.037,0.58,0.326,0.211,0.639,0.686,0.397,0.289,0.603,0.264,0.314,0.398,0.396,0.234,0.145,0.635,0.064,0.186,0.573,-0.282,0.497,0.349,0.219,0.125,-0.3,0.117,0.394,0.707,0.015,0.409
AMD,0.021,0.773,0.006,0.485,0.406,-0.196,-0.046,0.163,-0.092,0.463,0.694,1.0,0.344,0.662,-0.374,0.065,0.076,-0.242,0.434,-0.137,-0.244,0.492,0.283,-0.311,0.467,0.252,0.489,-0.152,0.498,0.418,0.067,0.341,-0.233,0.367,-0.022,-0.014,0.186,0.265,-0.238,0.205,-0.407,0.703,0.062,0.488,0.649,0.648,0.637,0.105,0.112,0.633,0.444,0.491,0.076,0.361,0.144,-0.414,0.486,0.23,0.462,0.291,-0.341,0.121,0.25,0.078,0.366,0.129,0.335,0.34,0.495,-0.291,0.195,-0.314,0.389,0.501,0.077,-0.401,-0.013,0.028,0.609,0.592,-0.174,-0.03,0.355,-0.054,0.358,0.479,-0.192,-0.356,0.667,-0.201,0.47,-0.069,0.422,0.339,-0.266,-0.199,-0.167,0.611,0.674,0.528,-0.16,-0.26,0.769,-0.225,-0.453,0.666,0.051,0.181,0.104,-0.424,0.541,0.207,0.616,0.507,-0.113,-0.136,0.7,0.175,0.175,-0.305,-0.283,0.155,0.631,0.503,0.239,0.647,-0.404,0.142,0.449,0.558,0.478,0.415,0.007,-0.108,0.394,-0.144,0.578,-0.086,0.459,0.646,-0.109,-0.304,0.175,-0.2,0.575,0.226,0.413,-0.157,-0.196,0.036,-0.253,0.112,0.393,0.151,0.216,-0.273,0.178,0.067,-0.436,-0.231,0.5,-0.016,0.703,-0.218,-0.17,-0.277,0.488,-0.045,-0.337,0.5,-0.236,0.478,0.144,0.067,0.521,0.709,0.186,0.067,0.631,0.248,0.304,0.212,0.318,0.066,-0.018,0.521,0.053,0.298,0.424,-0.446,0.492,0.382,0.334,-0.021,-0.463,-0.0,0.14,0.467,-0.135,0.54
AMGN,-0.489,0.494,-0.402,0.786,-0.165,-0.335,0.401,-0.241,-0.506,0.298,0.36,0.344,1.0,0.545,0.366,-0.329,0.11,-0.571,0.292,-0.446,0.185,0.786,-0.017,-0.44,0.665,-0.328,0.048,0.201,0.34,-0.1,-0.243,-0.071,0.149,-0.176,-0.362,0.582,0.594,0.182,-0.513,0.078,-0.183,0.597,-0.494,0.705,0.236,0.248,0.376,-0.402,-0.229,0.471,-0.126,0.142,0.587,-0.15,-0.413,-0.458,0.719,-0.192,0.181,-0.142,-0.515,0.452,0.729,-0.342,-0.089,0.783,0.817,0.148,-0.171,-0.455,0.472,-0.08,0.023,0.747,-0.013,-0.315,-0.079,0.713,0.541,0.528,-0.498,0.223,0.137,-0.098,0.147,0.169,-0.284,-0.411,0.169,-0.598,0.244,-0.189,-0.358,-0.307,-0.594,-0.496,0.104,0.312,0.128,0.122,-0.006,-0.427,0.185,-0.622,-0.564,0.607,-0.485,-0.435,0.289,-0.508,0.21,-0.405,-0.097,0.58,0.051,-0.379,0.25,-0.309,0.562,-0.206,-0.225,-0.177,0.574,0.847,-0.274,0.146,-0.441,0.759,-0.001,0.401,0.346,0.012,-0.606,0.597,-0.087,0.458,0.713,-0.137,-0.202,0.482,-0.446,-0.447,0.411,0.204,-0.137,-0.391,0.1,-0.187,-0.268,-0.556,-0.348,-0.109,-0.321,0.442,0.172,-0.332,-0.433,0.391,-0.125,-0.195,0.492,0.041,0.202,-0.491,-0.587,-0.487,0.729,-0.245,-0.586,0.02,-0.512,0.544,-0.183,-0.129,-0.158,0.218,-0.343,-0.388,0.09,0.58,-0.264,0.17,0.192,-0.457,-0.385,0.347,0.159,0.259,-0.119,-0.498,0.214,-0.022,0.688,-0.435,-0.587,-0.52,-0.332,0.259,-0.473,0.598
AMZN,-0.163,0.789,-0.033,0.702,0.201,-0.185,0.242,0.089,-0.282,0.475,0.722,0.662,0.545,1.0,0.005,-0.063,0.379,-0.464,0.333,-0.184,0.076,0.712,0.26,-0.373,0.46,0.073,0.306,0.115,0.505,0.316,0.114,0.282,0.108,0.29,-0.011,0.327,0.534,0.354,-0.266,0.375,-0.252,0.69,-0.033,0.597,0.612,0.498,0.647,-0.097,0.046,0.625,0.192,0.598,0.319,0.252,0.021,-0.514,0.582,0.028,0.472,0.061,-0.381,0.432,0.504,-0.091,0.43,0.39,0.559,0.436,0.336,-0.358,0.515,-0.112,0.157,0.596,0.211,-0.325,0.082,0.37,0.654,0.604,-0.157,0.313,0.276,0.0,0.303,0.492,-0.191,-0.31,0.561,-0.37,0.352,-0.041,0.127,0.062,-0.514,-0.292,0.063,0.713,0.499,0.532,0.046,-0.158,0.512,-0.398,-0.486,0.771,-0.207,0.03,0.144,-0.431,0.42,0.012,0.413,0.61,-0.016,-0.203,0.607,0.088,0.272,-0.292,-0.13,0.009,0.601,0.694,-0.012,0.536,-0.443,0.427,0.34,0.486,0.543,0.387,-0.241,0.313,0.177,0.22,0.671,0.042,0.057,0.509,-0.218,-0.39,0.338,0.102,0.36,0.119,0.411,-0.155,-0.002,-0.242,-0.121,0.117,0.123,0.435,0.329,-0.113,-0.211,0.181,-0.139,-0.174,0.587,0.129,0.57,-0.213,-0.363,-0.447,0.665,-0.011,-0.359,0.34,-0.22,0.653,0.3,0.097,0.379,0.487,0.012,-0.089,0.635,0.527,0.085,0.321,0.454,-0.043,-0.199,0.57,0.21,0.413,0.217,-0.46,0.474,0.263,0.555,-0.09,-0.496,-0.223,0.129,0.571,-0.261,0.653
APA,-0.418,-0.211,-0.094,0.182,-0.327,-0.018,0.541,-0.249,-0.406,-0.263,-0.294,-0.374,0.366,0.005,1.0,-0.097,0.238,-0.253,-0.287,-0.134,0.545,0.262,-0.27,-0.11,0.176,-0.487,-0.389,0.681,-0.04,-0.324,-0.062,-0.396,0.586,-0.33,-0.199,0.751,0.409,0.21,-0.174,0.141,0.521,-0.0,-0.394,0.348,-0.143,-0.307,-0.12,-0.417,-0.267,-0.128,-0.214,-0.166,0.578,-0.142,-0.198,0.043,0.205,-0.295,-0.116,-0.484,-0.138,0.395,0.397,-0.269,-0.267,0.709,0.351,0.177,-0.487,0.049,0.544,0.419,-0.243,0.224,0.196,0.186,0.118,0.547,-0.034,-0.076,-0.201,0.393,0.014,0.089,0.22,-0.085,-0.043,0.027,-0.394,-0.278,-0.178,-0.029,-0.666,-0.528,-0.267,-0.111,0.488,-0.198,-0.248,-0.074,0.245,0.063,-0.299,-0.318,0.169,0.043,-0.225,-0.383,0.343,0.089,-0.192,-0.556,-0.473,0.147,0.148,-0.152,-0.433,-0.189,0.342,0.106,0.295,-0.213,-0.005,0.259,-0.565,-0.525,-0.08,0.512,-0.355,-0.146,0.062,-0.21,-0.485,0.71,-0.399,0.63,0.267,0.168,-0.569,-0.012,0.02,0.056,0.178,0.741,-0.568,-0.304,-0.022,-0.007,0.226,-0.417,0.113,-0.1,-0.593,0.33,0.2,0.179,-0.576,0.362,0.396,0.163,0.181,0.265,-0.416,-0.119,-0.346,0.018,0.044,-0.082,-0.119,-0.293,-0.075,0.159,-0.085,-0.022,-0.511,-0.321,-0.378,-0.39,-0.233,0.308,-0.42,0.164,0.119,-0.337,-0.151,-0.393,0.352,0.095,-0.495,0.109,-0.014,-0.215,0.447,-0.248,-0.031,-0.327,-0.264,-0.038,-0.198,0.196
APPS,0.593,-0.2,0.677,-0.515,0.721,0.749,0.204,0.764,0.629,0.395,0.166,0.065,-0.329,-0.063,-0.097,1.0,0.482,0.412,0.315,0.546,0.285,-0.405,0.549,0.614,-0.365,0.591,0.515,0.328,0.438,0.56,0.802,-0.007,0.349,0.663,0.663,-0.302,-0.102,0.61,0.668,0.322,0.313,-0.161,0.622,-0.348,0.319,0.268,0.096,0.609,0.712,0.2,0.449,0.331,-0.278,0.527,0.635,0.336,-0.358,0.672,0.512,0.532,0.459,-0.16,-0.23,0.665,0.564,-0.38,-0.466,0.551,0.589,0.412,0.144,0.552,0.438,0.015,0.64,0.627,0.617,-0.393,-0.345,-0.298,0.686,0.227,0.55,-0.039,0.477,0.311,-0.056,0.362,0.309,0.697,0.361,0.258,0.333,0.592,0.649,0.605,0.468,0.23,0.261,0.529,-0.002,0.728,0.448,0.617,0.508,-0.297,0.599,0.592,0.005,0.569,0.245,0.57,0.545,-0.402,-0.405,0.662,-0.106,0.626,-0.481,-0.351,0.693,-0.153,-0.077,-0.207,0.55,0.125,0.596,-0.455,0.648,0.248,0.402,0.712,0.589,-0.299,0.58,0.06,-0.32,0.814,0.528,-0.28,0.751,0.665,0.468,0.265,0.256,0.703,0.377,0.728,0.63,0.718,0.666,-0.02,0.528,-0.434,0.663,0.578,0.426,-0.506,0.297,0.674,-0.222,0.598,0.248,0.614,0.635,0.583,-0.216,0.606,0.575,0.515,0.756,0.139,0.586,0.347,0.467,0.265,0.78,0.594,0.435,-0.127,0.393,0.623,0.469,0.691,0.748,-0.081,0.588,0.265,0.526,0.57,0.425,0.439,-0.344,0.594,0.529,0.794,0.713,0.422,0.774,-0.3
ARCC,0.237,0.067,0.463,-0.019,0.412,0.524,0.588,0.527,0.25,0.423,0.279,0.076,0.11,0.379,0.238,0.482,1.0,0.102,0.259,0.378,0.616,0.112,0.444,0.362,-0.032,0.336,0.317,0.616,0.531,0.344,0.593,0.16,0.542,0.501,0.462,0.244,0.379,0.682,0.268,0.247,0.421,0.181,0.391,0.016,0.317,0.343,0.287,0.326,0.48,0.327,0.29,0.609,0.087,0.45,0.486,0.055,-0.025,0.358,0.52,0.199,0.189,0.206,0.298,0.38,0.594,0.138,0.065,0.649,0.343,0.37,0.61,0.496,0.337,0.365,0.7,0.503,0.545,0.138,0.008,-0.005,0.42,0.383,0.611,0.356,0.612,0.673,0.193,0.427,0.181,0.256,0.432,0.349,0.038,0.292,0.131,0.286,0.588,0.34,0.314,0.602,0.423,0.55,0.287,0.337,0.104,0.093,0.267,0.329,0.302,0.248,0.326,0.162,0.402,0.022,0.007,0.36,-0.067,0.494,0.013,-0.281,0.569,-0.126,0.131,0.173,0.14,0.08,0.29,0.028,0.456,0.322,0.521,0.642,0.286,0.268,0.409,0.464,0.042,0.734,0.224,-0.065,0.51,0.162,0.629,0.582,0.097,0.367,0.333,0.397,0.559,0.238,0.619,0.287,0.26,0.07,0.72,0.68,-0.103,-0.034,0.327,0.398,0.172,0.525,0.189,0.439,0.153,0.044,0.082,0.613,0.288,0.447,0.378,0.541,0.61,0.393,0.315,0.151,0.395,0.278,0.46,0.248,0.31,0.775,0.683,0.411,0.4,0.029,0.656,0.411,0.235,0.32,0.384,0.357,0.283,0.407,0.247,0.361,0.544,0.534,0.266,0.07
ARDX,0.664,-0.373,0.456,-0.586,0.477,0.541,-0.183,0.427,0.667,0.048,-0.138,-0.242,-0.571,-0.464,-0.253,0.412,0.102,1.0,0.012,0.559,-0.016,-0.613,0.294,0.65,-0.557,0.531,0.183,-0.099,0.009,0.283,0.342,-0.035,0.049,0.323,0.442,-0.56,-0.391,0.111,0.556,0.002,0.267,-0.455,0.535,-0.576,-0.076,-0.052,-0.214,0.63,0.522,-0.052,0.284,0.087,-0.418,0.361,0.471,0.621,-0.631,0.542,0.105,0.334,0.706,-0.301,-0.553,0.431,0.236,-0.565,-0.641,0.196,0.263,0.486,-0.182,0.186,0.366,-0.353,0.269,0.408,0.327,-0.443,-0.524,-0.503,0.616,-0.119,0.307,0.062,0.084,0.054,0.118,0.387,-0.165,0.637,0.054,0.321,0.226,0.489,0.645,0.603,0.181,-0.104,0.15,0.008,-0.048,0.563,0.076,0.619,0.564,-0.511,0.617,0.432,-0.103,0.596,-0.023,0.448,0.303,-0.521,-0.27,0.532,-0.227,0.49,-0.174,0.113,0.398,-0.044,-0.367,-0.531,0.31,-0.05,0.547,-0.505,0.292,-0.09,-0.055,0.268,0.635,-0.433,0.288,-0.325,-0.506,0.351,0.326,-0.452,0.435,0.568,0.072,-0.099,0.118,0.465,0.19,0.41,0.321,0.594,0.443,0.01,0.6,-0.389,0.049,0.384,0.501,-0.346,0.194,0.337,-0.535,0.23,0.02,0.577,0.671,0.61,-0.49,0.375,0.678,0.302,0.533,-0.161,0.297,0.398,0.254,-0.041,0.548,0.657,-0.118,-0.358,0.377,0.185,0.07,0.479,0.548,-0.319,0.068,-0.056,0.265,0.564,0.074,0.157,-0.517,0.49,0.672,0.522,0.495,0.06,0.537,-0.499
ATER,0.298,0.315,0.234,0.204,0.441,0.168,0.028,0.355,0.231,0.637,0.42,0.434,0.292,0.333,-0.287,0.315,0.259,0.012,1.0,0.161,0.053,0.118,0.342,0.16,0.168,0.391,0.626,0.001,0.524,0.414,0.3,-0.037,-0.029,0.368,0.129,-0.158,0.084,0.33,0.174,0.047,-0.199,0.178,0.231,0.132,0.258,0.392,0.42,0.334,0.519,0.447,0.248,0.372,-0.231,0.242,0.164,-0.095,0.15,0.466,0.429,0.454,-0.142,-0.073,0.167,0.239,0.506,-0.016,0.061,0.36,0.434,0.005,0.112,0.046,0.368,0.436,0.297,0.093,0.386,-0.136,0.194,0.185,0.19,-0.008,0.399,-0.163,0.342,0.33,-0.202,-0.085,0.375,0.115,0.515,-0.14,0.309,0.468,0.086,0.099,0.199,0.33,0.499,0.402,-0.185,0.075,0.49,0.13,-0.174,0.288,0.143,0.305,0.085,-0.057,0.502,0.345,0.481,0.074,-0.282,0.269,0.277,0.23,-0.087,-0.273,0.104,0.122,0.392,0.353,0.455,0.401,0.139,-0.064,0.533,0.433,0.442,0.542,0.254,-0.05,0.507,-0.009,0.184,0.201,0.367,0.202,0.197,0.027,0.52,0.016,0.377,0.298,0.249,0.238,-0.036,0.233,0.184,-0.114,0.429,-0.118,0.409,0.132,0.327,-0.221,-0.204,0.121,-0.018,0.247,0.504,0.116,0.161,0.0,0.267,0.301,0.1,0.578,0.091,0.347,0.254,0.102,0.394,0.46,0.367,0.318,0.382,-0.022,0.184,0.352,0.363,0.28,0.182,0.443,0.318,0.266,0.361,0.007,0.477,0.482,-0.009,0.18,-0.099,0.234,0.313,0.361,0.204,0.217
ATOS,0.636,-0.197,0.734,-0.488,0.498,0.614,-0.024,0.601,0.716,0.215,0.084,-0.137,-0.446,-0.184,-0.134,0.546,0.378,0.559,0.161,1.0,0.315,-0.484,0.453,0.697,-0.554,0.557,0.23,0.114,0.082,0.556,0.613,-0.144,0.067,0.477,0.74,-0.351,-0.334,0.302,0.513,0.239,0.465,-0.447,0.739,-0.523,0.003,0.021,-0.085,0.599,0.662,-0.028,0.249,0.249,-0.396,0.476,0.471,0.485,-0.581,0.654,0.261,0.458,0.666,-0.322,-0.403,0.586,0.44,-0.419,-0.471,0.338,0.356,0.591,0.022,0.304,0.34,-0.227,0.437,0.55,0.462,-0.485,-0.587,-0.581,0.71,-0.145,0.366,-0.085,0.274,0.257,-0.091,0.307,-0.017,0.651,0.09,0.469,0.25,0.571,0.625,0.775,0.324,0.103,0.244,0.386,-0.157,0.703,0.132,0.675,0.54,-0.271,0.582,0.535,-0.204,0.543,0.076,0.516,0.416,-0.665,-0.463,0.64,-0.189,0.626,-0.463,-0.221,0.555,-0.035,-0.403,-0.26,0.404,0.054,0.625,-0.575,0.411,-0.035,0.066,0.448,0.63,-0.266,0.478,-0.215,-0.452,0.496,0.307,-0.52,0.52,0.524,0.337,0.12,0.21,0.66,0.136,0.56,0.516,0.596,0.596,-0.161,0.436,-0.52,0.266,0.585,0.439,-0.482,0.137,0.494,-0.225,0.388,0.04,0.786,0.675,0.441,-0.462,0.39,0.655,0.388,0.755,-0.08,0.55,0.375,0.39,0.091,0.63,0.635,0.204,-0.278,0.557,0.327,0.27,0.588,0.603,-0.153,0.298,0.05,0.414,0.652,0.255,0.292,-0.419,0.629,0.535,0.624,0.714,0.229,0.617,-0.509
AUPH,-0.016,-0.241,0.461,-0.051,0.039,0.406,0.673,0.175,0.122,0.235,-0.143,-0.244,0.185,0.076,0.545,0.285,0.616,-0.016,0.053,0.315,1.0,0.003,0.179,0.295,0.026,-0.063,0.069,0.659,0.256,0.172,0.336,-0.208,0.528,0.098,0.417,0.39,0.29,0.43,0.107,0.117,0.574,0.016,0.198,0.053,-0.095,-0.061,0.017,0.146,0.187,0.035,0.112,0.13,0.189,0.276,0.199,0.166,0.027,0.136,0.195,-0.035,0.181,0.19,0.33,0.155,0.169,0.256,0.126,0.327,-0.119,0.489,0.582,0.536,0.056,0.328,0.601,0.535,0.47,0.185,-0.295,-0.276,0.214,0.32,0.324,0.108,0.555,0.249,-0.042,0.248,-0.273,0.118,0.15,0.31,-0.231,-0.042,0.117,0.322,0.637,-0.027,-0.089,0.254,0.211,0.355,-0.112,0.106,0.212,-0.05,0.107,0.067,0.254,0.198,0.15,-0.154,-0.072,-0.211,-0.115,0.29,-0.188,0.353,-0.03,-0.235,0.516,-0.295,-0.016,0.205,-0.164,-0.308,0.297,0.064,0.004,0.148,0.228,0.15,0.068,0.464,0.198,0.53,-0.01,0.473,-0.192,-0.213,0.289,0.275,0.564,0.652,-0.165,0.091,-0.112,0.445,0.552,-0.03,0.559,-0.025,-0.162,-0.002,0.563,0.573,-0.336,0.03,0.44,0.569,0.115,0.403,-0.206,0.428,-0.068,0.059,-0.105,0.312,0.175,0.212,0.361,0.283,0.402,0.139,-0.117,-0.223,0.031,0.064,0.113,0.221,0.046,0.404,0.589,0.098,0.184,-0.253,0.691,0.502,-0.111,0.326,0.329,0.032,0.2,0.122,0.149,0.148,0.129,0.187,0.169,0.007
AVGO,-0.453,0.669,-0.434,0.871,-0.121,-0.462,0.25,-0.287,-0.496,0.233,0.532,0.492,0.786,0.712,0.262,-0.405,0.112,-0.613,0.118,-0.484,0.003,1.0,0.01,-0.51,0.686,-0.226,0.033,0.057,0.269,-0.166,-0.274,0.106,0.074,-0.121,-0.481,0.523,0.564,0.136,-0.578,0.068,-0.251,0.665,-0.555,0.767,0.349,0.282,0.426,-0.436,-0.284,0.509,-0.093,0.216,0.534,-0.105,-0.29,-0.57,0.807,-0.318,0.175,-0.114,-0.544,0.512,0.611,-0.404,-0.05,0.705,0.901,0.165,-0.065,-0.557,0.401,-0.202,-0.005,0.636,-0.174,-0.471,-0.138,0.701,0.669,0.657,-0.564,0.152,0.033,-0.008,0.082,0.147,-0.183,-0.417,0.249,-0.559,0.215,-0.211,-0.282,-0.18,-0.65,-0.548,-0.063,0.466,0.281,0.123,0.069,-0.515,0.303,-0.603,-0.619,0.663,-0.397,-0.34,0.284,-0.526,0.262,-0.283,0.048,0.704,0.195,-0.507,0.344,-0.36,0.566,-0.13,-0.299,-0.051,0.618,0.739,-0.297,0.361,-0.581,0.768,0.019,0.373,0.329,0.043,-0.566,0.452,-0.14,0.283,0.808,-0.262,-0.196,0.62,-0.421,-0.541,0.152,0.115,-0.05,-0.34,0.191,-0.442,-0.373,-0.52,-0.472,0.045,-0.248,0.528,0.072,-0.43,-0.367,0.409,-0.208,-0.415,0.531,0.03,0.362,-0.624,-0.556,-0.571,0.781,-0.288,-0.613,-0.002,-0.64,0.572,-0.18,-0.057,-0.072,0.341,-0.324,-0.395,0.18,0.588,-0.159,0.073,0.142,-0.441,-0.419,0.5,-0.056,0.149,-0.045,-0.587,0.19,-0.045,0.705,-0.485,-0.614,-0.583,-0.305,0.274,-0.555,0.721
AZN,0.579,0.288,0.516,-0.186,0.638,0.472,0.069,0.683,0.496,0.636,0.521,0.283,-0.017,0.26,-0.27,0.549,0.444,0.294,0.342,0.453,0.179,0.01,1.0,0.581,-0.176,0.783,0.543,0.027,0.549,0.63,0.61,0.211,0.007,0.717,0.564,-0.364,-0.039,0.459,0.343,0.199,0.04,0.142,0.524,-0.123,0.436,0.553,0.309,0.57,0.565,0.529,0.355,0.544,-0.177,0.41,0.438,-0.082,-0.116,0.578,0.65,0.716,0.388,0.005,-0.024,0.559,0.655,-0.297,-0.133,0.534,0.713,0.166,0.161,0.112,0.478,0.149,0.393,0.242,0.478,-0.039,-0.103,-0.06,0.503,-0.022,0.577,-0.087,0.404,0.47,-0.186,0.082,0.392,0.528,0.482,0.334,0.356,0.648,0.213,0.276,0.279,0.592,0.475,0.522,-0.101,0.377,0.574,0.38,0.051,-0.029,0.386,0.667,-0.129,0.114,0.372,0.743,0.72,-0.174,-0.438,0.451,0.231,0.63,-0.194,-0.498,0.417,-0.184,0.156,0.143,0.504,0.645,0.234,-0.162,0.706,0.399,0.468,0.677,0.459,-0.324,0.577,-0.187,0.011,0.435,0.535,-0.091,0.285,0.186,0.553,0.075,0.308,0.578,0.364,0.37,0.22,0.613,0.412,0.017,0.675,-0.323,0.487,0.274,0.399,-0.448,-0.082,0.326,-0.052,0.493,0.511,0.408,0.472,0.083,0.223,0.362,0.372,0.613,0.386,0.446,0.628,0.375,0.635,0.546,0.679,0.739,0.538,0.134,0.635,0.55,0.463,0.49,0.478,0.288,0.266,0.274,0.814,0.095,0.407,0.439,-0.135,0.405,0.213,0.519,0.704,0.652,0.357,-0.079
BCRX,0.651,-0.407,0.62,-0.668,0.487,0.681,0.02,0.608,0.792,0.147,-0.066,-0.311,-0.44,-0.373,-0.11,0.614,0.362,0.65,0.16,0.697,0.295,-0.51,0.581,1.0,-0.618,0.659,0.262,0.162,0.142,0.279,0.546,-0.198,0.18,0.422,0.637,-0.458,-0.362,0.286,0.679,-0.049,0.419,-0.514,0.588,-0.641,-0.129,-0.044,-0.258,0.669,0.64,-0.02,0.127,0.132,-0.411,0.243,0.472,0.557,-0.628,0.54,0.167,0.569,0.666,-0.288,-0.397,0.503,0.365,-0.507,-0.556,0.283,0.352,0.668,-0.098,0.431,0.267,-0.289,0.454,0.692,0.542,-0.323,-0.712,-0.634,0.686,-0.075,0.343,0.085,0.248,0.128,0.096,0.457,-0.195,0.821,0.228,0.285,0.195,0.558,0.644,0.694,0.463,-0.026,0.1,0.118,0.068,0.647,0.125,0.738,0.602,-0.601,0.557,0.696,-0.117,0.653,-0.062,0.63,0.399,-0.683,-0.296,0.767,-0.355,0.53,-0.414,-0.098,0.59,-0.071,-0.426,-0.403,0.455,0.109,0.734,-0.475,0.413,-0.135,-0.033,0.47,0.694,-0.258,0.411,-0.055,-0.61,0.533,0.261,-0.588,0.601,0.614,0.351,0.2,0.017,0.481,0.051,0.621,0.47,0.723,0.679,0.001,0.469,-0.571,0.334,0.656,0.45,-0.537,0.207,0.549,-0.464,0.521,-0.081,0.726,0.71,0.537,-0.363,0.582,0.752,0.324,0.649,-0.066,0.498,0.212,0.147,0.017,0.67,0.731,0.088,-0.372,0.532,0.378,0.226,0.581,0.709,-0.238,0.287,0.095,0.475,0.653,0.032,0.284,-0.519,0.66,0.73,0.686,0.707,0.103,0.629,-0.632
BGC,-0.558,0.469,-0.483,0.695,-0.28,-0.528,0.272,-0.419,-0.648,0.197,0.196,0.467,0.665,0.46,0.176,-0.365,-0.032,-0.557,0.168,-0.554,0.026,0.686,-0.176,-0.618,1.0,-0.402,0.227,0.056,0.282,-0.102,-0.434,0.118,0.11,-0.231,-0.489,0.494,0.48,0.015,-0.683,-0.113,-0.279,0.683,-0.547,0.789,0.122,0.248,0.372,-0.406,-0.396,0.503,0.036,0.187,0.53,-0.062,-0.279,-0.582,0.909,-0.308,0.051,-0.27,-0.652,0.405,0.621,-0.487,-0.166,0.585,0.659,-0.018,-0.228,-0.552,0.345,-0.192,-0.065,0.742,-0.21,-0.457,-0.193,0.579,0.678,0.693,-0.612,0.058,-0.054,0.091,0.132,0.085,-0.049,-0.379,0.149,-0.573,0.319,-0.293,-0.225,-0.337,-0.662,-0.654,-0.184,0.126,0.241,0.078,0.114,-0.604,0.208,-0.653,-0.685,0.694,-0.439,-0.452,0.567,-0.6,0.495,-0.448,-0.178,0.686,0.295,-0.588,0.317,-0.231,0.567,-0.032,-0.431,0.132,0.813,0.696,-0.334,0.16,-0.653,0.643,-0.198,0.601,0.221,-0.162,-0.625,0.311,-0.018,0.228,0.774,-0.339,-0.104,0.73,-0.389,-0.513,0.098,0.036,-0.024,-0.404,0.11,-0.421,-0.42,-0.534,-0.53,0.156,-0.282,0.45,0.076,-0.511,-0.364,0.51,-0.177,-0.413,0.441,-0.123,0.394,-0.641,-0.676,-0.48,0.591,-0.252,-0.691,0.092,-0.656,0.444,-0.302,-0.209,-0.128,0.26,-0.536,-0.523,0.141,0.577,-0.212,-0.008,0.108,-0.515,-0.539,0.27,0.109,0.193,-0.276,-0.592,0.356,0.069,0.578,-0.477,-0.696,-0.608,-0.459,0.1,-0.568,0.746
BIDU,0.829,0.151,0.565,-0.4,0.78,0.515,-0.189,0.812,0.713,0.568,0.503,0.252,-0.328,0.073,-0.487,0.591,0.336,0.531,0.391,0.557,-0.063,-0.226,0.783,0.659,-0.402,1.0,0.599,-0.175,0.481,0.547,0.69,0.232,-0.18,0.802,0.569,-0.629,-0.337,0.435,0.562,0.079,0.017,-0.068,0.648,-0.336,0.355,0.546,0.277,0.706,0.759,0.344,0.433,0.487,-0.579,0.375,0.599,0.136,-0.38,0.727,0.573,0.825,0.505,-0.321,-0.373,0.584,0.711,-0.58,-0.402,0.493,0.774,0.282,-0.087,0.039,0.609,-0.022,0.29,0.307,0.462,-0.426,-0.206,-0.187,0.707,-0.218,0.541,-0.037,0.346,0.415,-0.031,0.219,0.325,0.738,0.457,0.218,0.502,0.858,0.471,0.463,0.154,0.545,0.535,0.444,-0.091,0.417,0.582,0.597,0.241,-0.203,0.53,0.833,-0.303,0.332,0.355,0.909,0.836,-0.288,-0.404,0.601,0.148,0.616,-0.414,-0.233,0.438,0.086,-0.016,-0.161,0.706,0.61,0.375,-0.459,0.842,0.247,0.292,0.726,0.681,-0.579,0.599,-0.409,-0.171,0.443,0.695,-0.163,0.46,0.344,0.388,-0.072,0.418,0.741,0.367,0.434,0.159,0.832,0.431,0.096,0.852,-0.493,0.384,0.33,0.67,-0.619,-0.178,0.315,-0.292,0.431,0.482,0.496,0.718,0.259,-0.044,0.526,0.666,0.694,0.459,0.319,0.528,0.347,0.732,0.529,0.858,0.864,0.49,-0.274,0.677,0.435,0.372,0.636,0.56,0.252,0.126,0.092,0.796,0.263,0.358,0.55,-0.416,0.598,0.378,0.69,0.818,0.556,0.51,-0.23
BILI,0.432,0.233,0.369,-0.018,0.574,0.222,0.071,0.469,0.334,0.729,0.436,0.489,0.048,0.306,-0.389,0.515,0.317,0.183,0.626,0.23,0.069,0.033,0.543,0.262,0.227,0.599,1.0,-0.057,0.77,0.533,0.436,0.301,0.035,0.606,0.396,-0.349,-0.022,0.477,0.23,0.048,-0.117,0.257,0.425,0.095,0.29,0.536,0.376,0.462,0.559,0.592,0.501,0.641,-0.34,0.391,0.405,-0.078,0.152,0.602,0.502,0.58,0.029,-0.203,-0.012,0.223,0.583,-0.201,-0.084,0.377,0.548,0.041,0.076,0.157,0.467,0.514,0.257,0.17,0.434,-0.235,0.157,0.212,0.349,-0.062,0.454,0.091,0.46,0.362,0.038,0.205,0.382,0.462,0.791,-0.072,0.376,0.632,0.207,0.207,0.088,0.438,0.604,0.491,0.087,0.142,0.668,0.246,-0.031,0.228,0.314,0.536,0.129,0.042,0.748,0.48,0.591,0.048,-0.155,0.338,0.275,0.545,-0.258,-0.318,0.156,0.156,0.562,0.287,0.544,0.565,0.144,-0.212,0.631,0.629,0.363,0.589,0.349,-0.325,0.617,-0.105,0.189,0.303,0.608,0.316,0.351,0.238,0.551,-0.062,0.459,0.506,0.31,0.391,0.067,0.541,0.205,0.231,0.644,-0.292,0.53,0.15,0.384,-0.384,-0.058,0.22,-0.042,0.287,0.644,0.205,0.243,0.195,0.233,0.533,0.242,0.832,0.242,0.529,0.361,0.125,0.554,0.567,0.494,0.494,0.573,-0.011,0.508,0.39,0.438,0.317,0.233,0.429,0.381,0.293,0.481,0.009,0.619,0.677,-0.107,0.378,0.019,0.374,0.498,0.431,0.33,0.157
BKR,-0.186,-0.141,0.281,-0.018,0.043,0.31,0.694,0.172,-0.083,-0.068,-0.137,-0.152,0.201,0.115,0.681,0.328,0.616,-0.099,0.001,0.114,0.659,0.057,0.027,0.162,0.056,-0.175,-0.057,1.0,0.239,0.036,0.234,-0.325,0.638,0.006,0.233,0.631,0.46,0.492,0.142,0.119,0.548,0.063,0.091,0.122,0.051,-0.033,0.039,0.005,0.06,0.117,-0.028,0.156,0.357,0.184,0.136,0.081,0.053,0.013,0.154,-0.168,-0.036,0.207,0.458,0.053,0.103,0.436,0.119,0.364,-0.118,0.328,0.609,0.533,-0.018,0.263,0.654,0.462,0.344,0.274,-0.063,-0.076,0.111,0.47,0.3,0.147,0.576,0.29,0.002,0.191,-0.112,-0.068,0.131,0.104,-0.369,-0.204,-0.065,0.109,0.611,-0.085,-0.035,0.301,0.263,0.32,0.009,-0.025,0.125,0.087,0.034,0.015,0.361,0.145,0.06,-0.253,-0.095,0.024,0.012,0.236,-0.243,0.212,0.142,-0.179,0.448,-0.201,0.038,0.185,-0.171,-0.343,0.128,0.174,-0.027,0.051,0.283,0.238,-0.035,0.574,0.11,0.719,0.036,0.504,-0.165,-0.087,0.354,0.141,0.404,0.814,-0.31,-0.043,0.141,0.285,0.483,-0.154,0.537,0.019,-0.189,0.077,0.531,0.565,-0.339,0.181,0.391,0.429,0.176,0.376,-0.235,0.278,-0.172,0.031,-0.069,0.286,0.048,0.074,0.28,0.226,0.234,0.065,-0.17,-0.136,-0.038,-0.108,0.155,0.281,-0.017,0.55,0.511,0.031,0.24,-0.293,0.662,0.435,-0.206,0.271,0.249,0.131,0.329,0.075,0.117,0.095,0.137,0.146,0.136,0.071
BLDP,0.303,0.371,0.346,0.166,0.555,0.294,0.388,0.479,0.121,0.708,0.552,0.498,0.34,0.505,-0.04,0.438,0.531,0.009,0.524,0.082,0.256,0.269,0.549,0.142,0.282,0.481,0.77,0.239,1.0,0.463,0.451,0.308,0.203,0.63,0.352,0.029,0.261,0.694,0.058,0.191,-0.007,0.533,0.311,0.302,0.4,0.662,0.53,0.274,0.463,0.624,0.418,0.727,-0.032,0.304,0.277,-0.243,0.297,0.418,0.655,0.412,0.003,0.056,0.328,0.144,0.612,0.132,0.162,0.569,0.476,0.003,0.425,0.266,0.405,0.657,0.405,0.173,0.456,0.137,0.364,0.357,0.267,0.162,0.591,0.132,0.642,0.588,-0.01,0.128,0.391,0.196,0.757,0.033,0.219,0.388,-0.03,0.018,0.29,0.612,0.549,0.674,0.183,0.094,0.667,0.009,-0.117,0.334,0.144,0.41,0.186,-0.032,0.642,0.302,0.522,0.296,-0.107,0.221,0.302,0.522,0.055,-0.381,0.252,0.03,0.583,0.501,0.341,0.463,-0.037,0.087,0.637,0.612,0.511,0.661,0.115,0.014,0.461,0.202,0.417,0.409,0.515,0.374,0.263,0.058,0.702,0.281,0.289,0.389,0.392,0.339,0.113,0.323,0.27,0.218,0.501,-0.075,0.731,0.224,0.084,-0.143,-0.028,0.203,0.192,0.379,0.54,0.155,-0.017,0.021,0.418,0.468,0.131,0.729,0.194,0.812,0.382,0.172,0.552,0.533,0.391,0.399,0.586,0.291,0.339,0.64,0.657,0.192,0.165,0.365,0.506,0.414,0.41,-0.068,0.579,0.608,0.301,0.236,-0.047,0.239,0.431,0.647,0.151,0.324
BLNK,0.499,0.38,0.577,-0.094,0.629,0.375,0.028,0.635,0.381,0.625,0.44,0.418,-0.1,0.316,-0.324,0.56,0.344,0.283,0.414,0.556,0.172,-0.166,0.63,0.279,-0.102,0.547,0.533,0.036,0.463,1.0,0.64,0.134,-0.039,0.654,0.689,-0.286,-0.024,0.404,0.226,0.482,0.03,0.189,0.677,-0.065,0.512,0.537,0.432,0.569,0.475,0.483,0.477,0.561,-0.135,0.59,0.437,-0.115,-0.094,0.626,0.732,0.436,0.32,-0.104,-0.016,0.675,0.656,-0.28,-0.211,0.577,0.663,0.136,0.196,0.036,0.412,0.148,0.493,0.124,0.46,-0.281,-0.019,-0.033,0.452,-0.069,0.597,-0.272,0.432,0.486,-0.38,-0.085,0.577,0.307,0.374,0.43,0.47,0.575,0.206,0.363,0.135,0.499,0.515,0.735,-0.348,0.453,0.542,0.3,0.045,0.223,0.327,0.414,-0.119,0.022,0.394,0.56,0.663,-0.153,-0.596,0.332,0.414,0.779,-0.21,-0.603,0.352,-0.18,0.177,0.222,0.445,0.411,0.097,-0.323,0.603,0.523,0.613,0.612,0.445,-0.366,0.616,-0.282,0.078,0.425,0.534,-0.061,0.196,0.172,0.51,-0.003,0.487,0.727,0.334,0.346,0.344,0.476,0.356,-0.165,0.627,-0.253,0.477,0.215,0.368,-0.435,-0.122,0.372,0.087,0.314,0.531,0.515,0.363,0.055,0.014,0.219,0.221,0.613,0.529,0.291,0.626,0.472,0.771,0.522,0.591,0.585,0.582,0.168,0.545,0.451,0.517,0.497,0.405,0.217,0.366,0.35,0.625,0.07,0.652,0.392,-0.11,0.363,0.046,0.523,0.662,0.652,0.34,0.002
BYND,0.648,-0.058,0.696,-0.373,0.706,0.647,0.144,0.862,0.556,0.565,0.314,0.067,-0.243,0.114,-0.062,0.802,0.593,0.342,0.3,0.613,0.336,-0.274,0.61,0.546,-0.434,0.69,0.436,0.234,0.451,0.64,1.0,0.029,0.203,0.756,0.683,-0.317,-0.088,0.612,0.563,0.442,0.282,-0.139,0.648,-0.287,0.424,0.434,0.262,0.463,0.695,0.182,0.418,0.392,-0.323,0.396,0.579,0.22,-0.385,0.673,0.681,0.516,0.438,-0.21,-0.237,0.749,0.693,-0.298,-0.316,0.688,0.685,0.368,0.161,0.405,0.441,0.055,0.547,0.482,0.589,-0.37,-0.275,-0.294,0.756,0.115,0.676,-0.155,0.476,0.422,-0.166,0.313,0.345,0.645,0.3,0.32,0.302,0.608,0.537,0.557,0.418,0.444,0.246,0.595,-0.055,0.74,0.352,0.62,0.431,-0.231,0.421,0.595,-0.193,0.481,0.196,0.59,0.603,-0.323,-0.503,0.536,-0.07,0.66,-0.469,-0.383,0.797,-0.186,-0.105,-0.086,0.461,0.208,0.501,-0.464,0.724,0.26,0.53,0.71,0.528,-0.273,0.457,-0.007,-0.175,0.797,0.479,-0.31,0.576,0.536,0.581,0.318,0.213,0.757,0.341,0.648,0.575,0.731,0.686,-0.089,0.543,-0.373,0.673,0.576,0.263,-0.577,0.144,0.619,-0.157,0.58,0.27,0.593,0.621,0.35,-0.145,0.566,0.646,0.557,0.68,0.309,0.663,0.456,0.634,0.218,0.83,0.661,0.454,-0.109,0.383,0.607,0.539,0.667,0.574,0.059,0.472,0.181,0.624,0.416,0.428,0.358,-0.239,0.529,0.427,0.776,0.765,0.638,0.596,-0.225
