,AAL,AAPL,ABUS,ADBE,ADI,ADMA,AEP,AGNC,AKBA,ALT,AMAT,AMD,AMGN,AMZN,APA,APPS,ARCC,ARDX,ATER,ATOS,AUPH,AVGO,AZN,BCRX,BGC,BIDU,BILI,BKR,BLDP,BLNK,BYND,CAN,CELH,CG,CGC,CHRD,CLNE,CMCSA,COMM,COST,CPB,CPRT,CRON,CRWD,CSCO,CSGP,CSX,CTSH,CZR,DBX,DDOG,DKNG,DLTR,DOCU,DVAX,DXCM,EA,EBAY,ENPH,ERIC,ESPR,ETSY,EXC,EXEL,EXPE,FANG,FAST,FITB,FLEX,FOLD,FOXA,FSLR,FTNT,FUTU,GEN,GERN,GEVO,GILD,GOOG,GOOGL,GPRO,GT,HBAN,HIVE,HON,HST,HUT,IBRX,INTC,IOVA,IQ,IRWD,JBLU,JD,KDP,KHC,LBTYK,LRCX,LYFT,MAR,MARA,MAT,MCHP,MCRB,MDLZ,META,MGNI,MLCO,MNKD,MNST,MOMO,MRNA,MRVL,MSFT,MSTR,MTCH,MU,MVIS,NDAQ,NFLX,NKTR,NNDM,NTES,NTNX,NVAX,NVDA,NWL,NWSA,NXPI,OCGN,OKTA,ON,OPK,PAA,PACB,PAGP,PANW,PARA,PCAR,PDD,PENN,PEP,PLUG,PTEN,PTON,PYPL,QCOM,QUBT,QVCGA,RDFN,REAL,RIOT,ROKU,ROST,RUN,SABR,SAVA,SBUX,SFIX,SGMO,SIRI,SLM,SMCI,SNDL,SONO,STNE,STX,TCOM,TGTX,TIGR,TLRY,TMUS,TRIP,TSCO,TSLA,TTD,TXN,UAL,UNIT,VERU,VKTX,VLY,VOD,VTRS,VXRT,WBA,WBD,WDAY,WDC,WEN,WW,WYNN,XEL,XP,XRAY,XRX,Z,ZION,ZM,ZS
AAL,1.0,0.403,-0.029,-0.169,-0.03,0.346,-0.11,-0.47,0.306,-0.39,0.44,0.124,-0.23,-0.575,0.319,0.787,-0.55,-0.525,0.518,0.403,0.181,0.261,0.531,0.428,-0.608,-0.105,0.552,-0.405,0.2,0.494,0.82,0.663,-0.571,-0.526,-0.627,-0.213,-0.492,0.329,-0.391,-0.688,-0.394,-0.096,-0.619,-0.649,-0.058,0.008,-0.09,-0.1,-0.07,0.085,-0.327,-0.655,0.582,0.391,0.643,0.197,-0.446,-0.205,0.721,-0.137,0.502,0.741,-0.661,-0.033,0.369,-0.665,0.666,-0.49,0.345,-0.239,0.504,0.438,-0.517,-0.425,0.727,0.429,0.106,-0.037,-0.552,-0.569,0.519,0.463,0.495,0.565,-0.354,-0.558,0.585,0.053,-0.66,0.657,0.457,0.661,0.772,0.554,0.393,-0.294,-0.377,0.45,-0.163,0.091,0.491,0.221,0.465,0.782,-0.24,-0.603,0.024,0.556,0.675,0.571,0.73,0.412,0.363,-0.546,0.027,0.519,-0.551,0.719,0.485,0.322,-0.1,0.612,0.019,-0.649,0.302,0.467,0.64,0.374,0.013,0.433,-0.568,-0.107,0.576,0.311,-0.001,0.079,-0.403,0.496,-0.243,-0.498,0.308,-0.378,0.209,-0.67,0.575,-0.504,-0.143,-0.391,0.793,0.364,-0.034,0.14,0.061,0.406,-0.058,0.655,-0.199,0.171,0.569,-0.398,0.333,0.197,-0.038,-0.66,0.715,0.635,0.342,0.678,0.268,-0.553,-0.441,-0.633,-0.483,0.168,-0.635,-0.616,0.564,0.889,-0.052,0.617,-0.438,-0.152,-0.571,0.779,0.534,0.646,0.5,-0.462,-0.342,0.017,-0.561,0.052,-0.234,-0.165,0.789,-0.211,0.384,-0.432,-0.399,-0.506
AAPL,0.403,1.0,-0.023,0.473,0.578,-0.077,-0.178,0.162,0.426,-0.15,0.705,0.27,-0.167,-0.059,0.519,0.508,-0.027,0.218,0.327,-0.187,0.11,0.594,0.216,0.157,-0.412,0.504,0.561,0.303,0.377,0.047,0.667,0.267,0.146,0.263,-0.22,0.421,-0.046,0.435,-0.2,-0.169,-0.248,0.568,-0.139,-0.122,0.653,0.537,-0.061,0.592,0.449,0.49,0.096,0.004,-0.055,0.58,0.302,0.018,0.102,0.587,0.484,0.533,0.528,0.559,-0.281,0.606,0.617,-0.007,0.562,0.178,0.642,0.136,0.159,0.676,0.062,0.292,0.522,0.253,-0.195,0.111,0.277,0.204,0.109,0.581,0.675,0.362,-0.01,-0.285,0.5,-0.1,0.034,0.374,0.35,0.247,0.428,0.498,0.243,-0.285,0.174,0.747,0.387,0.409,0.605,0.759,0.755,0.524,-0.183,0.086,0.381,0.491,0.32,0.265,0.286,0.258,0.167,0.082,0.471,0.772,0.182,0.398,0.228,0.498,-0.484,0.5,0.286,-0.141,0.232,0.53,0.637,0.664,0.593,0.156,0.047,0.512,0.617,0.3,0.426,0.349,-0.075,0.251,-0.439,0.306,0.454,-0.073,0.234,-0.163,0.321,0.305,0.567,-0.162,0.58,0.489,0.426,0.428,0.364,0.638,0.533,0.411,0.419,0.498,0.726,-0.038,0.534,0.632,0.351,-0.21,0.391,0.426,0.794,0.523,0.357,0.151,0.164,-0.053,0.086,0.396,-0.04,0.024,0.646,0.452,0.561,0.4,-0.165,0.489,-0.105,0.491,0.512,0.208,0.244,0.193,0.471,-0.154,-0.372,0.668,-0.357,0.04,0.378,0.341,0.619,0.171,0.146,0.092
ABUS,-0.029,-0.023,1.0,0.427,-0.112,0.211,-0.175,-0.195,-0.219,-0.159,0.215,0.131,0.14,0.342,0.218,-0.114,0.109,0.267,-0.124,0.154,0.554,-0.085,-0.265,-0.137,0.072,-0.06,-0.24,0.372,-0.362,-0.151,-0.096,-0.222,0.343,0.137,0.431,0.246,0.526,-0.153,0.557,0.302,0.125,0.284,0.343,0.339,0.225,0.327,-0.297,0.234,0.277,0.443,0.625,0.31,-0.072,0.229,-0.182,0.459,0.436,-0.182,-0.117,0.233,-0.385,-0.147,0.07,0.073,0.265,0.268,-0.239,0.071,-0.163,0.053,-0.14,0.197,0.562,-0.005,0.02,0.349,0.057,-0.037,0.16,0.092,-0.222,-0.18,-0.06,-0.269,-0.213,0.017,-0.23,-0.24,0.423,0.149,-0.219,-0.185,-0.058,-0.202,0.007,0.069,-0.165,0.138,-0.003,0.258,-0.164,-0.15,-0.025,-0.021,-0.099,0.295,0.077,-0.372,-0.204,-0.078,-0.239,-0.339,-0.013,0.439,-0.097,-0.111,0.222,-0.07,-0.204,0.369,-0.065,-0.259,-0.141,0.355,0.16,-0.242,-0.13,0.251,0.187,-0.278,0.348,0.262,-0.052,-0.398,0.068,-0.576,0.472,-0.186,0.153,0.064,-0.43,-0.041,-0.349,0.242,-0.068,-0.029,-0.115,0.338,-0.224,0.221,0.048,-0.295,0.41,-0.069,-0.292,0.005,0.053,-0.272,0.149,-0.02,0.141,0.088,0.342,0.364,-0.036,-0.225,-0.053,-0.236,0.382,0.123,0.458,0.187,0.208,0.04,0.241,0.405,-0.049,-0.059,-0.2,0.216,0.697,0.092,0.092,-0.102,0.008,-0.17,-0.202,0.205,0.104,-0.335,0.208,-0.207,-0.141,-0.198,-0.029,0.55,0.249,0.033,0.248,0.361
ADBE,-0.169,0.473,0.427,1.0,0.512,-0.026,-0.32,0.317,0.068,0.011,0.626,0.458,-0.095,0.559,0.625,-0.062,0.435,0.718,-0.084,-0.482,0.401,0.321,-0.299,-0.329,0.028,0.496,-0.061,0.81,0.053,-0.457,0.022,-0.344,0.784,0.673,0.353,0.753,0.589,-0.004,0.405,0.497,-0.002,0.801,0.451,0.571,0.877,0.865,-0.392,0.797,0.677,0.759,0.744,0.605,-0.463,0.491,-0.287,0.356,0.666,0.438,-0.071,0.729,0.015,0.004,0.119,0.711,0.395,0.602,-0.178,0.489,0.332,0.16,-0.327,0.562,0.769,0.558,0.041,0.292,-0.196,-0.081,0.708,0.636,-0.486,0.238,0.223,-0.193,0.048,0.075,-0.074,-0.508,0.657,-0.038,-0.047,-0.284,-0.171,-0.083,-0.082,-0.202,0.193,0.607,0.395,0.393,0.231,0.434,0.381,-0.05,-0.273,0.591,0.529,-0.218,-0.276,-0.194,-0.332,-0.214,-0.032,0.759,0.399,0.345,0.728,-0.08,-0.246,0.737,-0.528,-0.043,0.097,0.536,0.18,0.131,0.157,0.64,0.789,-0.226,0.709,0.899,0.171,-0.32,0.624,-0.25,0.586,-0.441,-0.303,0.64,-0.165,0.06,-0.061,0.372,-0.018,0.491,0.323,0.374,-0.118,0.601,0.596,0.168,0.581,0.385,0.4,0.027,0.583,0.19,0.515,0.35,0.47,0.345,0.618,0.387,-0.133,-0.13,0.314,-0.222,0.542,0.608,0.652,0.397,0.448,0.47,0.412,0.692,0.185,-0.1,0.312,0.227,0.547,0.632,0.314,-0.223,0.1,-0.46,-0.433,0.741,0.728,-0.432,0.227,0.332,-0.296,-0.159,-0.116,0.845,0.683,0.368,0.663,0.647
ADI,-0.03,0.578,-0.112,0.512,1.0,-0.138,-0.102,0.463,0.301,-0.075,0.505,0.297,-0.129,0.13,0.467,0.088,0.237,0.437,0.043,-0.501,0.03,0.42,0.006,-0.107,-0.185,0.611,0.315,0.391,0.536,-0.161,0.242,-0.043,0.408,0.448,-0.075,0.446,0.072,0.291,-0.107,0.192,-0.119,0.508,0.017,0.098,0.7,0.508,-0.123,0.61,0.468,0.447,0.193,0.282,-0.256,0.298,-0.086,-0.136,0.169,0.627,0.156,0.688,0.427,0.2,-0.021,0.603,0.308,0.377,0.149,0.32,0.493,0.093,-0.136,0.438,0.259,0.575,0.103,0.142,-0.189,-0.042,0.526,0.503,-0.157,0.391,0.414,0.173,0.121,0.104,0.164,-0.269,0.242,-0.078,0.417,-0.06,-0.006,0.248,0.121,-0.182,0.33,0.48,0.367,0.328,0.383,0.657,0.636,0.019,-0.08,0.367,0.433,0.164,0.087,0.003,-0.114,0.025,-0.014,0.346,0.512,0.435,0.417,0.074,0.069,0.361,-0.426,0.22,0.368,0.101,0.096,0.441,0.309,0.426,0.729,0.086,0.239,0.707,0.293,0.047,0.367,0.33,0.189,-0.128,-0.486,0.536,0.371,0.152,0.453,-0.013,0.355,0.495,0.563,0.147,0.243,0.389,0.563,0.459,0.254,0.62,0.644,-0.004,0.558,0.626,0.376,0.085,0.426,0.487,0.286,-0.066,0.004,0.22,0.488,0.055,0.159,0.398,0.213,0.166,0.3,0.494,0.194,0.284,0.452,0.025,0.591,0.108,-0.091,0.676,0.131,-0.026,0.176,-0.219,-0.115,0.537,0.518,-0.01,-0.002,0.57,-0.073,-0.093,-0.099,0.452,0.4,0.288,0.475,0.252
ADMA,0.346,-0.077,0.211,-0.026,-0.138,1.0,-0.275,-0.573,-0.317,-0.247,0.369,0.37,-0.339,-0.306,0.168,0.328,-0.56,-0.279,0.356,0.253,0.394,0.01,0.045,0.272,-0.252,-0.185,0.123,-0.206,-0.229,0.457,0.203,0.361,-0.252,-0.355,-0.384,0.039,-0.208,-0.269,0.115,-0.255,-0.341,-0.059,-0.343,-0.039,-0.035,-0.071,-0.333,-0.204,-0.037,-0.004,0.153,-0.349,0.481,0.307,0.323,0.402,-0.333,-0.315,0.266,-0.103,-0.126,0.319,-0.418,-0.164,-0.007,-0.301,0.187,-0.355,-0.132,-0.495,0.02,0.233,-0.155,-0.355,0.5,0.522,0.142,-0.339,-0.405,-0.424,0.408,0.146,0.12,0.091,-0.483,-0.34,-0.04,-0.217,-0.282,0.346,0.191,0.392,0.462,0.276,-0.1,-0.338,-0.423,0.35,-0.059,-0.212,0.036,-0.0,0.197,0.403,-0.365,-0.342,0.252,0.11,0.4,0.05,0.237,-0.06,0.384,-0.166,-0.435,0.222,-0.243,0.461,0.042,0.106,0.038,0.076,-0.394,-0.196,0.34,0.195,0.291,0.152,0.077,0.279,-0.085,-0.057,0.178,0.062,-0.083,-0.215,-0.017,-0.06,-0.031,-0.359,-0.28,-0.498,0.075,-0.264,0.41,-0.342,-0.248,-0.151,0.269,0.218,-0.003,-0.267,0.146,0.126,-0.185,0.445,-0.357,-0.356,0.166,-0.151,0.12,0.042,0.182,-0.253,0.375,0.307,0.109,0.072,0.373,-0.351,-0.108,-0.437,-0.123,-0.051,-0.514,-0.294,0.376,0.25,-0.105,0.329,-0.033,-0.227,-0.474,0.288,0.269,0.195,-0.062,-0.283,-0.159,0.171,-0.375,-0.238,-0.355,-0.222,0.378,0.047,0.276,-0.403,0.021,-0.184
AEP,-0.11,-0.178,-0.175,-0.32,-0.102,-0.275,1.0,0.275,0.044,0.378,-0.362,-0.372,0.642,0.248,-0.487,-0.006,0.301,-0.205,-0.26,0.119,-0.581,0.108,0.348,0.172,0.44,-0.264,-0.21,-0.305,0.148,0.258,-0.033,-0.006,-0.069,-0.039,0.078,-0.377,-0.01,0.596,-0.065,0.224,0.705,-0.136,0.085,-0.245,-0.272,-0.283,0.731,-0.076,-0.31,-0.163,-0.237,-0.073,0.07,-0.617,0.366,-0.319,0.1,0.184,-0.03,-0.385,-0.053,-0.018,0.679,-0.075,-0.121,-0.023,0.267,0.064,-0.128,0.303,0.545,-0.32,-0.127,-0.355,-0.116,-0.367,0.459,0.715,0.11,0.047,0.351,-0.085,-0.068,0.078,0.691,0.285,0.032,0.562,-0.034,-0.084,-0.174,0.24,0.092,-0.212,0.567,0.708,0.503,-0.314,-0.304,0.201,-0.284,-0.248,-0.099,-0.021,0.855,0.024,-0.395,0.128,0.207,0.569,0.12,0.408,-0.17,0.013,-0.054,-0.13,-0.101,-0.044,0.398,-0.523,0.505,-0.031,0.19,-0.284,-0.418,-0.206,0.032,-0.319,-0.302,0.15,-0.3,-0.303,-0.171,0.352,-0.165,0.286,-0.339,0.478,0.456,-0.193,0.448,0.78,0.212,0.174,-0.324,0.209,0.049,-0.105,-0.072,-0.421,-0.546,-0.047,-0.621,-0.193,-0.098,-0.263,-0.36,0.32,-0.476,-0.186,-0.069,-0.097,-0.275,0.056,0.151,-0.143,-0.322,0.117,-0.487,-0.293,-0.348,0.368,-0.001,-0.152,0.129,-0.019,-0.02,-0.066,0.127,-0.266,-0.086,-0.018,0.44,0.143,-0.185,0.317,0.421,-0.309,-0.292,0.246,0.121,0.264,0.835,0.643,0.041,-0.415,-0.408,0.218,-0.33,-0.324
AGNC,-0.47,0.162,-0.195,0.317,0.463,-0.573,0.275,1.0,0.197,0.477,-0.109,-0.245,0.331,0.517,0.001,-0.347,0.726,0.505,-0.347,-0.56,-0.397,0.097,-0.216,-0.129,0.475,0.471,-0.197,0.402,0.34,-0.384,-0.307,-0.434,0.514,0.641,0.375,0.225,0.345,0.195,0.049,0.497,0.364,0.349,0.436,0.252,0.381,0.249,0.249,0.538,0.25,0.14,0.103,0.468,-0.665,-0.332,-0.318,-0.45,0.475,0.587,-0.337,0.302,0.191,-0.306,0.522,0.508,-0.02,0.456,-0.23,0.613,0.198,0.464,-0.188,-0.075,0.331,0.465,-0.465,-0.318,-0.215,0.269,0.707,0.708,-0.403,0.055,0.016,-0.151,0.651,0.429,-0.135,0.089,0.41,-0.351,-0.06,-0.349,-0.457,-0.296,0.094,0.323,0.681,-0.102,0.218,0.333,-0.049,0.257,-0.028,-0.404,0.334,0.47,-0.052,-0.046,-0.235,-0.131,-0.414,0.143,-0.472,0.436,0.447,0.002,0.581,-0.491,-0.13,-0.005,-0.146,-0.172,0.37,0.253,-0.385,-0.105,-0.186,0.032,0.231,-0.074,0.348,0.34,-0.109,-0.084,0.283,0.215,0.208,-0.219,-0.017,0.587,0.247,0.564,0.111,0.443,-0.361,0.737,0.415,0.252,-0.228,-0.06,0.204,0.288,-0.183,0.086,0.554,-0.45,0.449,0.393,-0.029,0.307,0.032,0.246,-0.009,0.34,-0.328,-0.349,-0.041,-0.203,-0.287,0.512,0.258,0.555,0.394,0.184,0.571,0.497,-0.171,-0.4,0.47,-0.293,0.115,0.588,0.623,-0.376,-0.197,-0.483,-0.241,0.433,0.405,-0.063,0.319,0.494,0.3,0.28,-0.349,0.24,-0.027,0.625,0.362,0.293
AKBA,0.306,0.426,-0.219,0.068,0.301,-0.317,0.044,0.197,1.0,-0.24,0.254,0.029,-0.025,-0.211,0.037,0.326,-0.045,0.066,0.388,-0.014,-0.206,0.533,0.162,-0.076,-0.313,0.422,0.5,-0.043,0.373,0.003,0.428,0.342,-0.09,0.058,-0.314,-0.097,-0.167,0.546,-0.285,-0.196,-0.017,0.155,-0.287,-0.266,0.285,0.275,0.092,0.349,0.16,0.302,-0.16,-0.109,0.077,0.042,0.152,-0.089,-0.054,0.392,0.283,0.202,0.754,0.246,-0.169,0.419,0.328,-0.212,0.343,-0.104,0.706,0.134,0.416,0.217,-0.064,0.285,0.259,-0.073,-0.087,0.242,0.159,0.169,0.077,0.266,0.31,0.508,0.043,0.085,0.554,0.017,-0.264,0.174,0.262,0.181,0.25,0.435,0.515,0.029,0.262,0.288,0.192,0.426,0.502,0.309,0.45,0.271,0.1,-0.045,0.023,0.455,0.245,0.467,0.372,0.283,0.124,-0.109,0.558,0.304,-0.043,0.358,0.487,0.175,-0.269,0.703,0.605,-0.24,-0.082,0.51,0.41,0.416,0.239,0.181,-0.206,0.221,0.538,0.081,0.067,0.332,-0.188,0.41,-0.293,0.202,0.403,0.203,0.246,-0.317,0.116,0.043,0.155,-0.088,0.304,0.448,0.282,0.487,-0.021,0.44,0.341,0.197,0.437,0.538,0.396,0.014,0.333,0.303,0.121,-0.373,0.333,0.435,0.263,0.444,-0.007,0.066,-0.165,-0.134,-0.228,0.55,-0.002,-0.213,0.356,0.423,0.14,0.21,-0.272,0.258,-0.119,0.258,0.348,0.253,0.46,0.138,0.136,-0.107,-0.237,0.422,0.024,0.06,0.347,-0.024,0.337,-0.037,-0.174,-0.176
ALT,-0.39,-0.15,-0.159,0.011,-0.075,-0.247,0.378,0.477,-0.24,1.0,-0.28,-0.066,0.533,0.587,-0.074,-0.304,0.541,0.188,-0.293,-0.271,-0.313,-0.164,-0.035,0.052,0.604,-0.225,-0.465,0.079,0.232,0.077,-0.393,-0.269,0.253,0.348,0.41,0.118,0.298,0.038,0.384,0.5,0.42,0.068,0.525,0.295,-0.065,-0.287,0.386,-0.067,-0.078,-0.341,0.088,0.173,-0.221,-0.444,-0.096,-0.205,0.211,0.248,-0.126,-0.121,-0.211,-0.24,0.541,-0.065,-0.117,0.31,-0.217,0.5,-0.348,0.314,-0.03,-0.246,0.077,-0.048,-0.356,-0.272,0.393,0.146,0.31,0.285,-0.198,-0.071,-0.078,-0.307,0.768,0.503,-0.256,0.447,0.33,-0.295,-0.065,-0.081,-0.304,-0.491,0.022,0.206,0.417,-0.297,0.204,0.101,-0.327,-0.291,-0.213,-0.373,0.275,0.315,0.024,-0.253,-0.205,-0.208,-0.356,0.135,-0.082,0.245,-0.148,-0.021,0.36,-0.346,-0.469,-0.338,0.432,-0.481,0.04,0.247,-0.441,-0.434,-0.284,-0.395,-0.02,-0.359,0.212,-0.067,-0.41,0.262,0.301,0.148,0.148,-0.144,0.304,0.173,0.036,0.313,0.247,0.613,-0.3,0.456,0.298,-0.163,-0.192,-0.518,-0.221,-0.01,-0.33,-0.355,0.262,-0.385,-0.17,0.111,-0.316,0.542,0.054,-0.01,-0.247,0.51,-0.234,-0.335,-0.183,-0.331,-0.35,0.186,0.208,0.645,0.547,-0.333,0.32,0.237,-0.31,-0.461,0.376,-0.198,0.237,0.227,0.668,-0.266,-0.429,-0.217,-0.18,-0.028,0.193,0.215,0.382,0.157,0.474,0.496,-0.333,-0.082,-0.351,0.561,0.028,0.127
AMAT,0.44,0.705,0.215,0.626,0.505,0.369,-0.362,-0.109,0.254,-0.28,1.0,0.656,-0.295,-0.025,0.618,0.548,-0.215,0.164,0.429,-0.068,0.413,0.609,0.126,0.14,-0.493,0.385,0.547,0.271,0.22,0.201,0.566,0.289,0.191,0.108,-0.331,0.498,0.047,0.228,0.076,-0.068,-0.394,0.603,-0.225,0.024,0.724,0.611,-0.348,0.568,0.547,0.634,0.379,-0.041,0.158,0.675,0.34,0.427,0.086,0.326,0.547,0.514,0.376,0.614,-0.405,0.584,0.607,-0.001,0.447,-0.059,0.517,-0.17,0.086,0.785,0.206,0.197,0.683,0.484,-0.025,-0.053,0.205,0.14,0.168,0.605,0.55,0.369,-0.268,-0.307,0.387,-0.365,0.018,0.429,0.426,0.354,0.492,0.546,0.179,-0.446,-0.084,0.955,0.351,0.383,0.586,0.617,0.836,0.562,-0.39,0.102,0.62,0.331,0.363,0.248,0.285,0.146,0.452,0.262,0.312,0.709,0.164,0.58,0.161,0.649,-0.451,0.431,0.174,-0.036,0.393,0.639,0.678,0.747,0.772,0.197,0.125,0.686,0.598,0.178,0.465,0.09,0.21,0.028,-0.525,0.205,0.13,-0.28,0.304,-0.215,0.517,0.158,0.331,-0.047,0.545,0.711,0.539,0.296,0.442,0.664,0.388,0.563,0.304,0.329,0.765,0.067,0.699,0.465,0.588,-0.243,0.512,0.581,0.66,0.33,0.605,0.079,0.168,-0.171,0.084,0.484,-0.17,0.056,0.723,0.467,0.346,0.624,0.046,0.406,-0.265,0.404,0.67,0.15,0.052,0.228,0.378,-0.191,-0.41,0.415,-0.448,-0.12,0.461,0.464,0.822,-0.085,0.267,0.1
AMD,0.124,0.27,0.131,0.458,0.297,0.37,-0.372,-0.245,0.029,-0.066,0.656,1.0,-0.267,0.113,0.388,0.136,-0.168,0.128,0.336,-0.047,0.458,0.387,-0.007,-0.143,-0.286,0.204,0.247,0.177,0.131,0.156,0.125,0.193,0.153,0.082,-0.146,0.417,0.188,-0.101,0.282,0.094,-0.362,0.469,-0.017,0.256,0.445,0.293,-0.307,0.212,0.361,0.378,0.471,0.023,0.316,0.392,0.081,0.484,0.119,0.154,0.492,0.309,-0.006,0.237,-0.317,0.257,0.324,0.138,0.072,-0.015,0.219,-0.213,-0.08,0.429,0.19,0.217,0.325,0.228,0.125,-0.145,0.142,0.148,0.026,0.265,0.175,0.154,-0.211,-0.033,0.149,-0.362,0.103,0.074,0.34,0.092,0.158,0.349,-0.083,-0.473,-0.16,0.612,0.453,0.182,0.285,0.185,0.592,0.208,-0.423,0.244,0.695,-0.03,0.007,0.006,0.029,-0.139,0.69,0.372,0.081,0.346,0.218,0.474,-0.139,0.421,-0.16,0.124,0.149,0.234,0.276,0.525,0.26,0.282,0.673,0.065,0.221,0.518,0.241,0.081,0.474,0.004,0.322,-0.195,-0.351,0.148,-0.215,-0.316,0.341,-0.006,0.37,0.088,0.246,0.106,0.158,0.394,0.357,0.119,0.437,0.43,0.206,0.315,0.196,0.152,0.378,0.322,0.487,0.124,0.675,0.026,0.187,0.359,0.364,0.053,0.376,0.147,0.285,-0.003,0.225,0.221,-0.105,0.102,0.456,0.188,0.123,0.486,0.193,0.185,-0.115,0.033,0.304,0.003,-0.159,0.294,0.331,-0.079,-0.152,0.105,-0.288,-0.068,0.096,0.289,0.444,-0.079,0.258,0.245
AMGN,-0.23,-0.167,0.14,-0.095,-0.129,-0.339,0.642,0.331,-0.025,0.533,-0.295,-0.267,1.0,0.552,-0.211,-0.175,0.548,0.041,-0.29,0.172,-0.427,-0.117,0.121,0.163,0.544,-0.331,-0.381,-0.082,0.093,0.195,-0.205,-0.112,0.17,0.149,0.38,-0.239,0.314,0.383,0.386,0.51,0.712,-0.051,0.36,0.097,-0.133,-0.238,0.623,-0.073,-0.103,-0.119,0.186,0.141,-0.032,-0.575,0.04,-0.096,0.225,0.102,-0.074,-0.227,-0.181,-0.241,0.6,-0.12,0.173,0.143,-0.033,0.227,-0.289,0.404,0.309,-0.148,0.207,-0.236,-0.234,-0.191,0.568,0.587,0.29,0.246,-0.023,-0.35,-0.018,-0.11,0.655,0.573,-0.157,0.458,0.23,0.018,-0.118,0.102,-0.091,-0.446,0.461,0.648,0.425,-0.331,-0.007,0.374,-0.362,-0.422,-0.124,-0.213,0.632,0.299,-0.367,-0.2,-0.018,0.23,-0.162,0.029,-0.08,0.224,-0.04,-0.224,0.116,-0.187,-0.057,-0.362,0.573,-0.263,0.171,0.01,-0.591,-0.379,-0.143,-0.283,-0.131,-0.233,-0.023,-0.078,-0.266,0.281,-0.157,0.168,0.097,0.182,0.569,0.023,0.175,0.635,0.191,0.48,-0.283,0.225,0.059,-0.083,-0.225,-0.375,-0.456,-0.06,-0.428,-0.306,-0.06,-0.401,-0.228,0.255,-0.411,-0.01,0.148,-0.02,-0.224,0.346,0.029,-0.21,-0.366,-0.269,-0.419,-0.05,-0.011,0.649,0.378,-0.125,0.322,0.178,-0.183,-0.278,0.1,-0.199,0.334,0.237,0.579,-0.063,-0.278,-0.013,0.126,-0.082,-0.15,0.167,0.301,0.158,0.697,0.489,-0.151,-0.115,-0.294,0.409,-0.211,-0.037
AMZN,-0.575,-0.059,0.342,0.559,0.13,-0.306,0.248,0.517,-0.211,0.587,-0.025,0.113,0.552,1.0,0.11,-0.537,0.82,0.638,-0.477,-0.36,-0.079,-0.034,-0.359,-0.345,0.668,0.096,-0.535,0.552,-0.02,-0.368,-0.478,-0.591,0.751,0.681,0.792,0.42,0.819,0.003,0.688,0.894,0.578,0.441,0.853,0.699,0.372,0.273,0.123,0.354,0.306,0.308,0.699,0.687,-0.517,-0.262,-0.403,0.132,0.756,0.358,-0.357,0.292,-0.4,-0.472,0.676,0.294,0.12,0.69,-0.45,0.706,-0.17,0.543,-0.215,-0.018,0.722,0.317,-0.493,-0.177,0.203,0.295,0.739,0.682,-0.509,-0.24,-0.115,-0.525,0.642,0.573,-0.454,0.073,0.803,-0.384,-0.324,-0.43,-0.516,-0.578,-0.066,0.402,0.52,-0.056,0.317,0.321,-0.379,-0.124,-0.092,-0.526,0.306,0.799,0.125,-0.514,-0.511,-0.261,-0.607,-0.235,-0.178,0.811,0.108,-0.156,0.751,-0.474,-0.47,0.091,0.183,-0.498,0.14,0.628,-0.387,-0.396,-0.377,-0.055,0.342,-0.449,0.67,0.468,-0.394,-0.162,0.432,-0.135,0.581,-0.384,0.278,0.55,-0.226,0.533,-0.039,0.836,-0.445,0.607,0.386,0.387,-0.517,-0.085,0.031,-0.12,0.075,-0.234,0.18,-0.525,0.193,0.136,-0.226,0.52,0.155,0.051,0.267,0.826,-0.43,-0.52,-0.189,-0.555,-0.075,0.544,0.606,0.892,0.615,0.019,0.728,0.769,-0.267,-0.564,0.213,-0.16,0.71,0.486,0.862,-0.543,-0.373,-0.538,-0.42,0.519,0.48,-0.204,0.574,0.207,0.371,0.276,-0.474,0.421,-0.001,0.678,0.389,0.593
APA,0.319,0.519,0.218,0.625,0.467,0.168,-0.487,0.001,0.037,-0.074,0.618,0.388,-0.211,0.11,1.0,0.218,0.119,0.407,0.135,-0.301,0.464,0.161,-0.006,-0.018,-0.279,0.283,0.166,0.571,0.219,-0.14,0.391,0.007,0.379,0.349,0.014,0.701,0.163,-0.01,0.192,0.078,-0.326,0.432,0.13,0.179,0.63,0.578,-0.425,0.423,0.545,0.435,0.369,0.163,-0.178,0.665,-0.048,0.199,0.164,0.182,0.228,0.581,0.244,0.286,-0.335,0.412,0.476,0.295,0.078,0.311,0.296,-0.008,-0.163,0.689,0.307,0.324,0.318,0.588,-0.095,-0.372,0.219,0.153,-0.274,0.413,0.593,0.021,-0.163,-0.112,0.085,-0.402,0.249,0.177,0.362,0.096,0.162,0.118,-0.038,-0.435,-0.11,0.575,0.345,0.231,0.37,0.395,0.421,0.242,-0.501,0.113,0.468,-0.063,0.124,-0.17,-0.046,-0.145,0.029,0.203,0.216,0.539,0.351,0.195,-0.166,0.701,-0.432,0.125,-0.054,0.229,0.285,0.19,0.398,0.596,0.655,-0.078,0.347,0.631,0.272,-0.064,0.478,-0.098,0.317,-0.251,-0.396,0.329,-0.003,-0.318,0.149,0.074,0.452,0.114,0.253,-0.025,0.318,0.484,0.567,0.221,0.517,0.425,0.374,0.328,0.33,0.245,0.624,0.144,0.575,0.494,0.249,0.05,0.08,0.149,0.49,0.004,0.535,0.321,0.393,0.01,0.347,0.45,-0.0,0.218,0.271,0.244,0.385,0.44,0.173,0.613,-0.001,0.09,0.132,-0.162,-0.254,0.359,0.488,-0.123,-0.011,0.211,-0.459,-0.389,0.146,0.653,0.653,0.237,0.464,0.349
APPS,0.787,0.508,-0.114,-0.062,0.088,0.328,-0.006,-0.347,0.326,-0.304,0.548,0.136,-0.175,-0.537,0.218,1.0,-0.512,-0.449,0.524,0.347,0.086,0.391,0.61,0.516,-0.58,-0.126,0.618,-0.335,0.296,0.599,0.836,0.611,-0.496,-0.483,-0.683,-0.097,-0.486,0.458,-0.41,-0.661,-0.313,0.029,-0.673,-0.661,0.098,0.123,0.085,0.05,-0.037,0.137,-0.337,-0.646,0.544,0.486,0.814,0.174,-0.421,-0.005,0.724,-0.156,0.556,0.946,-0.53,0.141,0.376,-0.608,0.831,-0.538,0.416,-0.299,0.503,0.487,-0.48,-0.405,0.88,0.362,0.15,0.074,-0.409,-0.467,0.631,0.665,0.58,0.6,-0.281,-0.58,0.612,0.096,-0.622,0.749,0.38,0.799,0.896,0.644,0.501,-0.264,-0.272,0.608,-0.192,0.105,0.565,0.344,0.59,0.851,-0.093,-0.539,0.047,0.718,0.782,0.632,0.777,0.443,0.36,-0.463,0.044,0.642,-0.54,0.754,0.545,0.23,-0.149,0.61,-0.003,-0.684,0.276,0.501,0.843,0.485,0.067,0.455,-0.55,-0.03,0.63,0.5,-0.068,0.228,-0.536,0.58,-0.294,-0.45,0.558,-0.265,0.292,-0.635,0.535,-0.273,-0.027,-0.447,0.789,0.341,-0.017,0.201,-0.041,0.466,0.075,0.724,-0.213,0.253,0.59,-0.399,0.409,0.34,-0.015,-0.673,0.825,0.711,0.467,0.686,0.35,-0.567,-0.455,-0.55,-0.359,0.168,-0.641,-0.573,0.713,0.798,0.197,0.545,-0.426,-0.073,-0.597,0.876,0.581,0.73,0.6,-0.452,-0.26,0.043,-0.624,0.213,-0.186,0.074,0.816,-0.14,0.472,-0.404,-0.406,-0.578
ARCC,-0.55,-0.027,0.109,0.435,0.237,-0.56,0.301,0.726,-0.045,0.541,-0.215,-0.168,0.548,0.82,0.119,-0.512,1.0,0.616,-0.503,-0.443,-0.189,-0.115,-0.257,-0.312,0.584,0.203,-0.522,0.516,0.108,-0.53,-0.384,-0.621,0.665,0.647,0.729,0.339,0.652,0.138,0.387,0.745,0.568,0.317,0.761,0.462,0.306,0.238,0.24,0.377,0.29,0.178,0.435,0.605,-0.695,-0.315,-0.468,-0.174,0.629,0.401,-0.458,0.272,-0.198,-0.467,0.64,0.322,0.058,0.681,-0.416,0.747,-0.011,0.627,-0.21,-0.038,0.571,0.352,-0.621,-0.213,0.043,0.278,0.691,0.636,-0.599,-0.203,0.003,-0.486,0.687,0.549,-0.395,0.124,0.662,-0.429,-0.261,-0.448,-0.555,-0.645,0.027,0.411,0.598,-0.228,0.274,0.344,-0.338,-0.071,-0.193,-0.506,0.34,0.621,-0.093,-0.418,-0.443,-0.258,-0.617,-0.157,-0.422,0.597,0.232,-0.167,0.629,-0.622,-0.33,0.029,0.079,-0.411,0.173,0.484,-0.402,-0.392,-0.339,-0.065,0.191,-0.355,0.52,0.364,-0.387,-0.145,0.337,0.002,0.423,-0.294,0.18,0.506,0.035,0.609,-0.035,0.728,-0.422,0.628,0.347,0.337,-0.473,-0.148,0.05,-0.003,-0.001,-0.193,0.268,-0.593,0.272,0.259,-0.215,0.372,0.098,0.104,-0.011,0.699,-0.495,-0.569,-0.206,-0.441,-0.208,0.517,0.494,0.819,0.539,0.089,0.757,0.709,-0.384,-0.505,0.265,-0.26,0.503,0.608,0.855,-0.49,-0.452,-0.518,-0.326,0.502,0.407,-0.127,0.632,0.296,0.405,0.21,-0.528,0.344,-0.065,0.757,0.391,0.557
ARDX,-0.525,0.218,0.267,0.718,0.437,-0.279,-0.205,0.505,0.066,0.188,0.164,0.128,0.041,0.638,0.407,-0.449,0.616,1.0,-0.306,-0.654,0.19,0.045,-0.498,-0.477,0.355,0.476,-0.233,0.844,0.014,-0.574,-0.257,-0.537,0.855,0.786,0.552,0.691,0.632,-0.088,0.474,0.665,0.207,0.567,0.584,0.621,0.664,0.641,-0.211,0.615,0.468,0.517,0.592,0.693,-0.707,0.129,-0.544,0.074,0.643,0.48,-0.424,0.706,-0.066,-0.399,0.358,0.629,0.208,0.779,-0.39,0.69,0.188,0.41,-0.393,0.162,0.777,0.725,-0.338,0.013,-0.239,-0.078,0.752,0.69,-0.727,-0.031,0.044,-0.448,0.255,0.376,-0.387,-0.325,0.797,-0.331,-0.259,-0.476,-0.438,-0.26,-0.213,0.061,0.336,0.156,0.42,0.264,-0.105,0.322,0.041,-0.37,-0.044,0.714,0.296,-0.352,-0.434,-0.411,-0.584,-0.345,-0.365,0.701,0.313,-0.0,0.773,-0.426,-0.357,0.366,-0.341,-0.235,0.163,0.729,-0.066,-0.194,-0.172,0.274,0.548,-0.386,0.73,0.671,-0.163,-0.355,0.399,-0.171,0.523,-0.466,-0.099,0.782,-0.171,0.326,-0.145,0.601,-0.297,0.614,0.394,0.476,-0.422,0.26,0.518,0.05,0.43,0.041,0.35,-0.278,0.599,0.161,0.121,0.517,0.195,0.359,0.296,0.543,-0.435,-0.4,0.122,-0.415,0.285,0.792,0.66,0.63,0.574,0.372,0.64,0.767,-0.136,-0.432,0.38,-0.086,0.598,0.673,0.555,-0.504,-0.238,-0.614,-0.475,0.797,0.715,-0.246,0.512,0.279,-0.101,-0.055,-0.407,0.773,0.326,0.577,0.604,0.73
ATER,0.518,0.327,-0.124,-0.084,0.043,0.356,-0.26,-0.347,0.388,-0.293,0.429,0.336,-0.29,-0.477,0.135,0.524,-0.503,-0.306,1.0,0.24,0.131,0.402,0.335,0.114,-0.598,0.199,0.492,-0.306,0.176,0.436,0.498,0.559,-0.373,-0.281,-0.568,-0.094,-0.284,0.214,-0.186,-0.466,-0.339,0.035,-0.479,-0.293,0.068,0.019,-0.144,-0.017,0.133,0.049,-0.104,-0.417,0.474,0.291,0.412,0.292,-0.402,0.022,0.51,-0.021,0.484,0.496,-0.563,0.13,0.195,-0.512,0.452,-0.379,0.304,-0.184,0.337,0.386,-0.301,-0.108,0.512,0.295,0.142,-0.099,-0.278,-0.254,0.356,0.311,0.27,0.601,-0.391,-0.308,0.542,-0.03,-0.545,0.401,0.407,0.446,0.541,0.505,0.247,-0.318,-0.254,0.445,0.34,0.094,0.575,0.219,0.511,0.515,-0.267,-0.368,0.299,0.392,0.495,0.345,0.521,0.277,0.507,-0.319,0.127,0.49,-0.257,0.694,0.281,0.169,-0.152,0.584,0.018,-0.425,0.135,0.638,0.542,0.408,0.195,0.379,-0.299,0.06,0.628,0.248,0.157,0.24,-0.167,0.323,-0.33,-0.176,0.122,-0.333,0.3,-0.537,0.533,-0.223,-0.063,-0.275,0.582,0.411,0.177,0.333,0.11,0.399,0.266,0.461,0.093,0.179,0.521,-0.039,0.466,0.074,0.191,-0.45,0.565,0.633,0.3,0.411,0.319,-0.265,-0.126,-0.489,-0.387,0.267,-0.434,-0.429,0.501,0.529,0.015,0.6,-0.358,-0.107,-0.504,0.467,0.417,0.381,0.34,-0.202,-0.105,0.077,-0.57,0.111,-0.274,-0.127,0.554,-0.17,0.45,-0.406,-0.243,-0.334
ATOS,0.403,-0.187,0.154,-0.482,-0.501,0.253,0.119,-0.56,-0.014,-0.271,-0.068,-0.047,0.172,-0.36,-0.301,0.347,-0.443,-0.654,0.24,1.0,0.024,-0.064,0.323,0.358,-0.247,-0.475,0.209,-0.537,-0.211,0.501,0.192,0.409,-0.63,-0.628,-0.261,-0.497,-0.269,0.109,-0.078,-0.441,-0.006,-0.43,-0.348,-0.375,-0.515,-0.436,0.297,-0.493,-0.283,-0.171,-0.202,-0.405,0.619,-0.003,0.38,0.184,-0.338,-0.443,0.366,-0.611,-0.077,0.256,-0.258,-0.51,0.213,-0.651,0.324,-0.528,-0.16,-0.149,0.374,-0.005,-0.39,-0.616,0.333,-0.009,0.327,0.279,-0.597,-0.574,0.444,-0.088,0.053,0.231,-0.296,-0.217,0.223,0.22,-0.491,0.397,0.065,0.407,0.402,0.212,0.253,0.166,-0.293,-0.07,-0.301,0.06,-0.002,-0.324,0.013,0.319,0.1,-0.433,-0.317,0.198,0.257,0.382,0.509,0.112,0.352,-0.412,-0.281,-0.087,-0.597,0.416,0.367,-0.245,0.409,0.166,-0.034,-0.438,0.005,0.022,0.105,-0.05,-0.389,0.175,-0.489,-0.481,0.065,0.194,-0.435,-0.018,-0.33,0.463,0.328,-0.623,-0.003,-0.227,0.004,-0.313,0.184,-0.529,-0.351,-0.292,0.18,-0.162,-0.517,-0.203,-0.22,-0.198,-0.502,0.301,-0.557,-0.182,-0.093,-0.412,-0.03,-0.196,-0.06,-0.308,0.416,0.3,-0.053,0.202,-0.082,-0.629,-0.386,-0.382,-0.392,-0.162,-0.439,-0.493,0.132,0.357,-0.496,0.214,-0.04,-0.51,-0.468,0.438,0.249,0.531,0.441,-0.6,-0.572,0.075,-0.335,-0.295,0.064,0.077,0.428,-0.478,-0.152,-0.443,-0.594,-0.499
AUPH,0.181,0.11,0.554,0.401,0.03,0.394,-0.581,-0.397,-0.206,-0.313,0.413,0.458,-0.427,-0.079,0.464,0.086,-0.189,0.19,0.131,0.024,1.0,-0.091,-0.121,-0.125,-0.336,-0.053,-0.019,0.364,-0.173,-0.087,0.145,-0.042,0.17,-0.054,0.087,0.392,0.218,-0.29,0.295,-0.046,-0.373,0.302,0.029,0.198,0.23,0.361,-0.608,0.136,0.3,0.371,0.392,0.085,0.047,0.608,-0.163,0.534,0.103,-0.253,0.126,0.314,-0.155,0.14,-0.349,0.066,0.236,0.169,-0.076,-0.096,0.029,-0.184,-0.268,0.384,0.274,0.048,0.249,0.453,-0.096,-0.462,-0.132,-0.182,-0.214,0.117,0.077,-0.101,-0.561,-0.276,-0.024,-0.453,0.177,0.136,0.023,-0.068,0.098,0.11,-0.232,-0.462,-0.419,0.354,0.066,0.041,0.131,0.105,0.134,0.259,-0.589,0.019,0.366,-0.21,-0.09,-0.173,-0.06,-0.355,0.133,0.179,-0.082,0.114,0.052,0.121,-0.224,0.486,-0.385,-0.056,-0.27,0.249,0.581,-0.01,0.068,0.37,0.295,-0.101,0.267,0.276,0.041,-0.322,0.188,-0.51,0.381,-0.298,-0.329,-0.044,-0.393,-0.48,-0.21,-0.032,0.269,-0.199,-0.111,0.263,0.078,0.317,0.346,-0.071,0.749,0.09,-0.161,0.296,0.116,-0.268,0.447,0.088,0.232,0.107,0.277,0.116,0.036,0.012,0.2,-0.007,0.595,0.088,0.438,-0.148,0.133,0.16,-0.086,0.232,0.078,0.209,-0.117,0.471,0.393,0.027,-0.284,0.089,0.114,-0.071,-0.27,0.169,0.19,-0.135,0.149,-0.276,-0.522,-0.543,0.058,0.505,0.396,-0.241,0.355,0.427
AVGO,0.261,0.594,-0.085,0.321,0.42,0.01,0.108,0.097,0.533,-0.164,0.609,0.387,-0.117,-0.034,0.161,0.391,-0.115,0.045,0.402,-0.064,-0.091,1.0,0.232,0.017,-0.338,0.445,0.547,0.076,0.34,0.143,0.432,0.39,0.067,0.209,-0.297,0.232,-0.071,0.56,-0.211,-0.025,-0.019,0.439,-0.184,-0.036,0.509,0.402,0.005,0.477,0.392,0.428,0.111,0.03,0.125,0.232,0.399,0.001,0.109,0.559,0.433,0.304,0.48,0.433,-0.083,0.498,0.341,-0.088,0.525,-0.026,0.641,0.051,0.486,0.537,0.032,0.268,0.439,0.064,0.014,0.241,0.294,0.266,0.29,0.505,0.391,0.549,0.021,-0.155,0.576,-0.101,-0.095,0.207,0.36,0.225,0.356,0.541,0.409,-0.042,0.348,0.648,0.355,0.387,0.579,0.472,0.672,0.385,0.162,0.085,0.452,0.489,0.292,0.468,0.396,0.356,0.368,0.164,0.485,0.603,0.139,0.508,0.488,0.271,-0.346,0.58,0.474,-0.067,0.082,0.686,0.555,0.543,0.562,0.266,0.038,0.422,0.592,0.257,0.302,0.35,-0.028,0.483,-0.344,0.239,0.369,0.149,0.338,-0.242,0.222,0.25,0.367,-0.162,0.354,0.478,0.34,0.49,0.123,0.619,0.433,0.372,0.305,0.457,0.474,-0.006,0.5,0.282,0.53,-0.231,0.453,0.443,0.529,0.468,0.139,0.112,0.044,-0.099,-0.086,0.425,0.006,-0.011,0.613,0.39,0.365,0.334,-0.228,0.257,-0.098,0.32,0.507,0.377,0.499,0.107,0.338,-0.094,-0.373,0.657,-0.107,0.178,0.417,0.08,0.441,-0.006,0.083,-0.045
AZN,0.531,0.216,-0.265,-0.299,0.006,0.045,0.348,-0.216,0.162,-0.035,0.126,-0.007,0.121,-0.359,-0.006,0.61,-0.257,-0.498,0.335,0.323,-0.121,0.232,1.0,0.345,-0.329,-0.268,0.316,-0.434,0.38,0.509,0.612,0.474,-0.463,-0.431,-0.414,-0.244,-0.313,0.523,-0.37,-0.419,-0.003,-0.106,-0.408,-0.594,-0.138,-0.149,0.366,-0.129,-0.094,-0.058,-0.422,-0.487,0.47,0.09,0.668,-0.088,-0.297,-0.007,0.576,-0.329,0.354,0.625,-0.114,-0.023,0.116,-0.437,0.642,-0.384,0.154,-0.035,0.482,0.225,-0.489,-0.46,0.518,0.12,0.41,0.348,-0.328,-0.365,0.623,0.389,0.313,0.525,0.037,-0.277,0.542,0.365,-0.518,0.391,0.288,0.625,0.633,0.363,0.551,0.069,-0.055,0.21,-0.223,0.161,0.376,-0.012,0.333,0.55,0.182,-0.42,-0.052,0.399,0.587,0.623,0.594,0.589,0.283,-0.414,0.086,0.349,-0.473,0.533,0.486,-0.126,0.191,0.358,0.009,-0.608,0.132,0.302,0.576,0.147,-0.086,0.391,-0.557,-0.221,0.302,0.516,-0.065,0.384,-0.485,0.549,-0.075,-0.481,0.574,0.04,0.44,-0.431,0.336,-0.14,-0.05,-0.326,0.56,-0.06,-0.22,0.289,-0.246,0.266,0.065,0.441,-0.26,0.31,0.19,-0.334,0.255,-0.021,-0.174,-0.411,0.621,0.497,0.115,0.474,0.068,-0.567,-0.394,-0.237,-0.263,0.075,-0.379,-0.429,0.393,0.488,0.158,0.373,-0.382,-0.097,-0.244,0.643,0.269,0.647,0.549,-0.453,-0.382,0.207,-0.352,0.152,0.236,0.24,0.512,-0.362,0.018,-0.232,-0.379,-0.551
BCRX,0.428,0.157,-0.137,-0.329,-0.107,0.272,0.172,-0.129,-0.076,0.052,0.14,-0.143,0.163,-0.345,-0.018,0.516,-0.312,-0.477,0.114,0.358,-0.125,0.017,0.345,1.0,-0.111,-0.361,0.183,-0.406,-0.013,0.598,0.358,0.363,-0.465,-0.436,-0.443,-0.225,-0.481,0.239,-0.313,-0.383,-0.15,-0.198,-0.426,-0.471,-0.213,-0.319,0.302,-0.194,-0.263,-0.293,-0.363,-0.539,0.437,0.029,0.562,-0.24,-0.465,-0.093,0.377,-0.407,0.178,0.46,-0.237,-0.209,0.146,-0.447,0.54,-0.393,-0.121,-0.265,0.307,0.029,-0.566,-0.554,0.525,0.183,0.222,0.065,-0.4,-0.449,0.552,0.248,0.287,0.25,0.017,-0.297,0.21,0.299,-0.471,0.588,0.309,0.649,0.558,0.276,0.345,-0.034,-0.077,0.148,-0.25,-0.081,0.03,0.071,0.171,0.495,0.02,-0.516,-0.265,0.449,0.603,0.365,0.463,0.335,0.163,-0.493,-0.313,0.265,-0.422,0.37,0.228,-0.225,0.21,0.165,-0.056,-0.51,-0.029,0.064,0.412,-0.066,-0.183,0.175,-0.492,-0.357,0.11,0.487,-0.317,0.273,-0.438,0.379,0.124,-0.493,0.376,-0.188,0.163,-0.274,0.315,-0.298,-0.078,-0.551,0.459,-0.191,-0.34,-0.083,-0.414,0.043,-0.186,0.38,-0.465,0.04,0.119,-0.382,0.107,0.125,-0.331,-0.421,0.506,0.351,0.161,0.448,-0.143,-0.587,-0.443,-0.347,-0.057,-0.316,-0.524,-0.526,0.299,0.338,0.139,0.105,-0.328,-0.18,-0.321,0.602,0.254,0.513,0.368,-0.541,-0.339,0.357,-0.456,0.078,0.083,0.212,0.495,-0.302,-0.061,-0.252,-0.436,-0.532
BGC,-0.608,-0.412,0.072,0.028,-0.185,-0.252,0.44,0.475,-0.313,0.604,-0.493,-0.286,0.544,0.668,-0.279,-0.58,0.584,0.355,-0.598,-0.247,-0.336,-0.338,-0.329,-0.111,1.0,-0.188,-0.608,0.236,-0.189,-0.18,-0.607,-0.411,0.448,0.411,0.609,-0.008,0.443,-0.136,0.418,0.643,0.594,0.039,0.616,0.405,-0.123,-0.106,0.353,-0.024,-0.233,-0.176,0.215,0.379,-0.426,-0.572,-0.303,-0.122,0.476,0.062,-0.545,-0.126,-0.415,-0.598,0.732,-0.04,-0.272,0.41,-0.452,0.501,-0.479,0.331,-0.16,-0.54,0.352,0.055,-0.551,-0.345,0.171,0.232,0.445,0.444,-0.315,-0.378,-0.357,-0.492,0.686,0.569,-0.497,0.235,0.499,-0.381,-0.519,-0.293,-0.464,-0.628,-0.084,0.52,0.44,-0.451,-0.111,-0.081,-0.532,-0.346,-0.472,-0.569,0.483,0.47,-0.274,-0.434,-0.395,-0.208,-0.511,-0.148,-0.398,0.431,-0.084,-0.468,0.431,-0.539,-0.36,-0.347,0.418,-0.604,-0.105,0.338,-0.478,-0.624,-0.529,-0.468,-0.165,-0.309,0.327,-0.068,-0.516,-0.093,-0.033,-0.146,0.16,-0.299,0.639,0.293,-0.205,0.55,-0.161,0.725,-0.665,0.377,0.09,0.235,-0.628,-0.412,-0.343,-0.215,-0.306,-0.534,-0.081,-0.542,-0.106,-0.17,-0.581,0.273,-0.322,-0.072,-0.151,0.599,-0.45,-0.656,-0.502,-0.524,-0.36,0.343,0.18,0.672,0.504,-0.371,0.503,0.416,-0.409,-0.626,0.092,-0.486,0.439,0.11,0.738,-0.501,-0.556,-0.441,-0.359,0.14,0.096,0.115,0.54,-0.089,0.511,0.458,-0.412,0.088,-0.452,0.51,0.07,0.222
BIDU,-0.105,0.504,-0.06,0.496,0.611,-0.185,-0.264,0.471,0.422,-0.225,0.385,0.204,-0.331,0.096,0.283,-0.126,0.203,0.476,0.199,-0.475,-0.053,0.445,-0.268,-0.361,-0.188,1.0,0.347,0.437,0.24,-0.455,0.069,-0.133,0.392,0.551,-0.003,0.444,0.171,0.065,-0.126,0.132,-0.197,0.481,0.108,0.213,0.656,0.558,-0.275,0.678,0.561,0.5,0.261,0.348,-0.428,0.208,-0.245,-0.127,0.318,0.57,-0.084,0.673,0.363,-0.063,-0.094,0.701,0.211,0.312,-0.076,0.426,0.602,0.176,-0.211,0.356,0.336,0.736,-0.11,0.011,-0.515,0.002,0.532,0.553,-0.272,0.277,0.222,0.064,-0.01,0.016,0.091,-0.372,0.236,-0.209,0.199,-0.335,-0.209,0.248,-0.093,-0.187,0.288,0.378,0.574,0.347,0.323,0.616,0.385,-0.054,-0.165,0.322,0.388,0.179,-0.126,-0.131,-0.201,0.069,-0.094,0.334,0.533,0.333,0.511,-0.023,0.114,0.436,-0.567,0.323,0.408,0.275,0.09,0.503,0.141,0.456,0.559,0.12,0.362,0.597,0.36,-0.227,0.451,0.172,0.272,-0.179,-0.428,0.639,0.076,0.072,0.095,-0.014,0.029,0.517,0.427,0.262,0.045,0.555,0.655,0.31,0.285,0.528,0.665,-0.041,0.708,0.325,0.382,0.161,0.218,0.382,0.485,0.015,-0.131,0.08,0.426,0.126,0.161,0.553,0.342,0.029,0.026,0.52,0.352,0.323,0.235,-0.023,0.308,0.027,-0.062,0.534,0.092,-0.221,0.291,-0.345,-0.17,0.571,0.558,-0.327,-0.126,0.549,-0.356,-0.123,-0.058,0.409,0.462,0.292,0.521,0.347
BILI,0.552,0.561,-0.24,-0.061,0.315,0.123,-0.21,-0.197,0.5,-0.465,0.547,0.247,-0.381,-0.535,0.166,0.618,-0.522,-0.233,0.492,0.209,-0.019,0.547,0.316,0.183,-0.608,0.347,1.0,-0.222,0.386,0.347,0.642,0.57,-0.346,-0.273,-0.628,0.008,-0.459,0.319,-0.456,-0.534,-0.467,0.042,-0.608,-0.481,0.234,0.137,-0.02,0.136,0.174,0.205,-0.256,-0.416,0.299,0.457,0.479,-0.011,-0.373,0.231,0.598,0.166,0.62,0.641,-0.567,0.258,0.344,-0.464,0.655,-0.31,0.598,-0.164,0.309,0.45,-0.356,0.131,0.601,0.16,-0.147,0.052,-0.192,-0.159,0.43,0.55,0.537,0.629,-0.345,-0.399,0.604,-0.053,-0.45,0.348,0.57,0.444,0.551,0.805,0.247,-0.33,-0.112,0.563,0.15,0.145,0.671,0.531,0.652,0.552,-0.114,-0.235,0.261,0.69,0.501,0.37,0.564,0.321,0.37,-0.32,0.332,0.525,-0.363,0.606,0.534,0.168,-0.239,0.678,0.355,-0.377,0.237,0.719,0.598,0.427,0.248,0.409,-0.39,0.12,0.68,0.383,0.063,0.421,-0.292,0.449,-0.447,-0.008,0.453,-0.288,0.398,-0.598,0.485,-0.06,0.294,-0.276,0.66,0.411,0.325,0.386,0.071,0.508,0.319,0.576,0.121,0.341,0.465,-0.202,0.309,0.39,0.192,-0.638,0.564,0.767,0.698,0.645,0.224,-0.124,-0.316,-0.548,-0.373,0.313,-0.328,-0.452,0.645,0.607,0.227,0.389,-0.5,0.076,-0.551,0.519,0.705,0.49,0.492,-0.174,-0.016,0.003,-0.623,0.392,-0.367,-0.012,0.551,-0.124,0.368,-0.25,-0.138,-0.344
BKR,-0.405,0.303,0.372,0.81,0.391,-0.206,-0.305,0.402,-0.043,0.079,0.271,0.177,-0.082,0.552,0.571,-0.335,0.516,0.844,-0.306,-0.537,0.364,0.076,-0.434,-0.406,0.236,0.437,-0.222,1.0,-0.041,-0.618,-0.177,-0.528,0.836,0.809,0.584,0.808,0.588,-0.135,0.393,0.567,0.105,0.621,0.629,0.66,0.695,0.75,-0.328,0.637,0.561,0.571,0.613,0.749,-0.669,0.391,-0.489,0.104,0.694,0.377,-0.367,0.675,-0.093,-0.268,0.264,0.555,0.215,0.758,-0.337,0.671,0.202,0.31,-0.445,0.286,0.774,0.668,-0.21,0.129,-0.301,-0.166,0.678,0.607,-0.662,0.069,0.134,-0.407,0.106,0.175,-0.246,-0.435,0.813,-0.258,-0.237,-0.468,-0.396,-0.229,-0.256,-0.056,0.3,0.282,0.343,0.233,0.052,0.322,0.05,-0.257,-0.17,0.592,0.335,-0.339,-0.452,-0.403,-0.485,-0.41,-0.382,0.666,0.339,0.093,0.806,-0.352,-0.317,0.505,-0.51,-0.201,0.044,0.698,0.109,-0.215,-0.093,0.434,0.587,-0.395,0.826,0.688,-0.097,-0.443,0.426,-0.322,0.52,-0.511,-0.132,0.728,-0.221,0.115,-0.246,0.593,-0.238,0.516,0.324,0.429,-0.36,0.317,0.538,0.115,0.542,0.098,0.311,-0.164,0.54,0.062,0.271,0.359,0.214,0.335,0.385,0.58,-0.436,-0.466,0.237,-0.339,0.387,0.76,0.772,0.483,0.547,0.372,0.542,0.766,-0.108,-0.297,0.335,-0.049,0.564,0.605,0.425,-0.407,-0.219,-0.566,-0.512,0.692,0.792,-0.267,0.468,0.242,-0.319,-0.194,-0.308,0.831,0.407,0.519,0.692,0.777
BLDP,0.2,0.377,-0.362,0.053,0.536,-0.229,0.148,0.34,0.373,0.232,0.22,0.131,0.093,-0.02,0.219,0.296,0.108,0.014,0.176,-0.211,-0.173,0.34,0.38,-0.013,-0.189,0.24,0.386,-0.041,1.0,0.202,0.319,0.196,-0.028,0.154,-0.168,0.098,-0.124,0.428,-0.184,-0.033,0.042,0.132,-0.069,-0.195,0.244,0.064,0.205,0.155,0.174,0.091,-0.202,-0.058,0.046,0.064,0.237,-0.23,-0.083,0.439,0.419,0.204,0.569,0.405,-0.032,0.27,0.223,-0.011,0.334,0.129,0.436,0.143,0.228,0.323,-0.162,0.243,0.139,0.008,0.134,0.135,0.15,0.177,0.096,0.465,0.411,0.327,0.294,0.071,0.348,0.173,-0.127,-0.064,0.481,0.164,0.131,0.299,0.324,-0.035,0.273,0.202,0.237,0.313,0.393,0.279,0.472,0.133,0.142,0.075,0.241,0.378,0.245,0.207,0.197,0.347,0.025,-0.024,0.361,0.41,0.063,0.207,0.168,0.03,-0.107,0.335,0.448,-0.181,-0.063,0.301,0.298,0.177,0.285,0.087,-0.098,0.233,0.245,0.375,0.255,0.476,-0.065,0.208,-0.296,0.194,0.625,0.166,0.722,-0.128,0.271,0.334,0.468,-0.164,0.431,0.092,0.309,0.492,-0.098,0.314,0.696,0.017,0.214,0.627,0.205,0.057,0.381,0.374,-0.076,-0.128,0.218,0.356,0.376,0.225,-0.131,0.104,-0.007,0.086,0.107,0.303,0.038,-0.124,0.331,0.202,0.574,0.193,-0.323,0.409,0.05,0.152,0.168,0.148,0.227,0.036,0.188,0.152,-0.009,0.51,0.151,0.036,0.089,-0.05,0.088,0.195,0.062,-0.109
BLNK,0.494,0.047,-0.151,-0.457,-0.161,0.457,0.258,-0.384,0.003,0.077,0.201,0.156,0.195,-0.368,-0.14,0.599,-0.53,-0.574,0.436,0.501,-0.087,0.143,0.509,0.598,-0.18,-0.455,0.347,-0.618,0.202,1.0,0.409,0.664,-0.563,-0.577,-0.575,-0.37,-0.419,0.319,-0.1,-0.395,-0.042,-0.289,-0.553,-0.524,-0.32,-0.44,0.359,-0.403,-0.34,-0.241,-0.315,-0.704,0.769,-0.06,0.74,0.159,-0.574,-0.169,0.68,-0.463,0.232,0.558,-0.266,-0.253,0.211,-0.589,0.649,-0.493,-0.109,-0.255,0.587,0.066,-0.553,-0.598,0.622,0.198,0.586,0.195,-0.494,-0.499,0.695,0.207,0.276,0.521,-0.027,-0.17,0.367,0.404,-0.573,0.513,0.396,0.82,0.728,0.43,0.425,0.014,-0.206,0.205,-0.134,-0.036,0.174,-0.086,0.384,0.577,0.165,-0.445,-0.048,0.417,0.698,0.563,0.565,0.367,0.472,-0.449,-0.275,0.269,-0.562,0.685,0.306,-0.331,0.418,0.278,0.002,-0.606,-0.099,0.247,0.483,-0.076,-0.145,0.356,-0.625,-0.342,0.285,0.655,-0.219,0.303,-0.448,0.53,0.135,-0.527,0.291,-0.112,0.517,-0.341,0.48,-0.294,-0.06,-0.462,0.592,-0.115,-0.399,0.021,-0.374,0.04,-0.098,0.383,-0.537,0.174,0.064,-0.207,0.28,0.088,-0.178,-0.483,0.76,0.574,0.104,0.391,-0.018,-0.613,-0.518,-0.307,-0.175,-0.179,-0.596,-0.615,0.504,0.429,0.094,0.392,-0.292,-0.235,-0.37,0.671,0.321,0.663,0.515,-0.678,-0.502,0.442,-0.516,-0.004,0.205,0.284,0.599,-0.466,-0.004,-0.32,-0.606,-0.655
BYND,0.82,0.667,-0.096,0.022,0.242,0.203,-0.033,-0.307,0.428,-0.393,0.566,0.125,-0.205,-0.478,0.391,0.836,-0.384,-0.257,0.498,0.192,0.145,0.432,0.612,0.358,-0.607,0.069,0.642,-0.177,0.319,0.409,1.0,0.603,-0.356,-0.327,-0.571,0.034,-0.402,0.547,-0.404,-0.568,-0.303,0.103,-0.562,-0.592,0.224,0.251,0.015,0.158,0.086,0.281,-0.25,-0.518,0.389,0.505,0.674,0.127,-0.31,0.104,0.687,0.101,0.632,0.828,-0.506,0.267,0.475,-0.423,0.8,-0.327,0.573,-0.074,0.498,0.56,-0.355,-0.18,0.802,0.414,0.077,0.108,-0.296,-0.369,0.513,0.617,0.689,0.583,-0.234,-0.519,0.645,0.072,-0.495,0.591,0.437,0.7,0.84,0.663,0.467,-0.236,-0.152,0.637,-0.029,0.193,0.601,0.444,0.659,0.848,-0.129,-0.452,0.13,0.618,0.729,0.602,0.678,0.398,0.244,-0.411,0.234,0.638,-0.411,0.693,0.55,0.289,-0.246,0.679,0.114,-0.589,0.333,0.537,0.844,0.524,0.213,0.434,-0.457,0.106,0.653,0.46,0.066,0.301,-0.43,0.565,-0.376,-0.257,0.548,-0.173,0.305,-0.556,0.558,-0.208,0.147,-0.32,0.809,0.453,0.143,0.297,0.163,0.52,0.155,0.657,0.008,0.417,0.613,-0.379,0.481,0.411,0.015,-0.585,0.721,0.668,0.534,0.722,0.361,-0.376,-0.311,-0.442,-0.323,0.365,-0.445,-0.449,0.725,0.784,0.273,0.598,-0.413,0.149,-0.441,0.843,0.558,0.658,0.571,-0.304,-0.097,0.079,-0.517,0.314,-0.231,-0.047,0.73,-0.034,0.526,-0.239,-0.28,-0.38
