,AAL,AAPL,ABUS,ADBE,ADI,ADMA,AEP,AGNC,AKBA,ALT,AMAT,AMD,AMGN,AMZN,APA,APPS,ARCC,ARDX,ATER,ATOS,AUPH,AVGO,AZN,BCRX,BGC,BIDU,BILI,BKR,BLDP,BLNK,BYND,CAN,CELH,CG,CGC,CHRD,CLNE,CMCSA,COMM,COST,CPB,CPRT,CRON,CRWD,CSCO,CSGP,CSX,CTSH,CZR,DBX,DDOG,DKNG,DLTR,DOCU,DVAX,DXCM,EA,EBAY,ENPH,ERIC,ESPR,ETSY,EXC,EXEL,EXPE,FANG,FAST,FITB,FLEX,FOLD,FOXA,FSLR,FTNT,FUTU,GEN,GERN,GEVO,GILD,GOOG,GOOGL,GPRO,GT,HBAN,HIVE,HON,HST,HUT,IBRX,INTC,IOVA,IQ,IRWD,JBLU,JD,KDP,KHC,LBTYK,LRCX,LYFT,MAR,MARA,MAT,MCHP,MCRB,MDLZ,META,MGNI,MLCO,MNKD,MNST,MOMO,MRNA,MRVL,MSFT,MSTR,MTCH,MU,MVIS,NDAQ,NFLX,NKTR,NNDM,NTES,NTNX,NVAX,NVDA,NWL,NWSA,NXPI,OCGN,OKTA,ON,OPK,PAA,PACB,PAGP,PANW,PARA,PCAR,PDD,PENN,PEP,PLUG,PTEN,PTON,PYPL,QCOM,QUBT,QVCGA,RDFN,REAL,RIOT,ROKU,ROST,RUN,SABR,SAVA,SBUX,SFIX,SGMO,SIRI,SLM,SMCI,SNDL,SONO,STNE,STX,TCOM,TGTX,TIGR,TLRY,TMUS,TRIP,TSCO,TSLA,TTD,TXN,UAL,UNIT,VERU,VKTX,VLY,VOD,VTRS,VXRT,WBA,WBD,WDAY,WDC,WEN,WW,WYNN,XEL,XP,XRAY,XRX,Z,ZION,ZM,ZS
AAL,1.0,0.382,0.42,0.295,0.271,0.17,-0.341,0.391,0.374,0.191,0.415,0.43,-0.398,0.476,0.046,0.206,0.398,0.372,0.408,0.677,0.587,0.42,-0.293,-0.015,0.287,0.185,-0.242,0.407,0.502,0.433,0.382,0.605,0.034,0.331,0.569,0.198,0.433,0.381,0.69,0.277,-0.332,0.387,0.18,0.528,-0.139,0.043,0.125,0.528,0.42,0.462,0.45,0.471,0.237,0.431,0.549,0.022,-0.376,0.41,0.126,0.097,-0.309,0.551,-0.303,-0.018,0.513,-0.068,0.347,0.236,0.511,0.608,0.309,0.252,0.281,0.395,0.09,0.137,0.603,-0.212,0.338,0.361,0.141,0.188,0.247,0.767,-0.134,0.434,0.546,0.155,0.082,0.258,0.234,0.425,0.594,-0.416,-0.163,-0.232,0.086,0.467,0.447,0.371,0.522,0.288,0.3,0.381,-0.137,0.394,0.238,-0.145,0.143,0.204,0.328,-0.101,0.547,0.46,0.62,0.112,0.187,0.363,-0.087,0.268,0.414,0.178,0.483,0.327,0.021,0.409,0.381,0.295,0.35,0.262,0.492,0.341,0.438,0.366,0.655,0.407,0.356,0.347,0.213,0.083,0.281,-0.389,0.532,-0.277,0.443,0.349,0.336,0.258,0.235,0.419,0.518,0.662,0.482,-0.198,0.61,0.394,0.065,0.03,0.446,0.637,-0.392,-0.33,0.378,0.578,0.22,0.202,0.361,-0.178,0.41,0.493,0.666,-0.297,0.388,0.293,0.331,0.427,0.185,0.855,0.314,0.304,0.379,0.365,0.383,0.194,0.373,0.039,0.439,0.382,0.15,0.262,0.12,0.502,-0.184,0.295,0.769,0.21,0.569,0.193,0.264,0.543
AAPL,0.382,1.0,0.571,0.842,0.779,0.648,-0.467,0.684,0.648,-0.249,0.761,0.806,-0.655,0.814,-0.277,0.565,0.633,0.196,0.627,0.216,0.51,0.687,-0.721,0.37,0.71,0.607,-0.56,0.533,0.702,0.457,0.73,0.727,-0.371,0.818,0.728,0.532,0.384,0.639,-0.042,0.794,-0.629,0.816,0.011,0.68,0.06,-0.248,-0.226,0.715,0.861,0.789,0.76,0.869,0.699,0.665,0.652,-0.017,-0.389,0.744,-0.432,-0.393,-0.634,0.75,-0.537,0.58,0.75,-0.25,0.74,0.707,0.356,0.474,0.683,-0.165,0.746,0.316,0.296,0.264,0.679,-0.12,0.869,0.919,0.617,-0.079,0.688,0.669,-0.313,0.776,0.815,-0.323,-0.027,0.699,0.554,0.134,0.545,-0.501,-0.303,-0.585,0.152,0.743,0.78,0.679,0.265,0.675,0.828,0.578,-0.135,0.879,0.804,-0.235,0.535,0.469,0.306,-0.517,0.836,0.769,0.802,0.533,0.667,0.708,-0.616,0.693,0.68,0.676,0.435,0.704,-0.437,0.808,0.606,0.692,0.753,0.175,0.734,0.845,-0.155,0.735,0.44,0.715,0.71,0.737,0.627,0.301,0.7,-0.465,0.347,-0.424,0.791,0.774,0.866,0.644,0.749,0.814,0.811,0.668,0.775,-0.182,0.1,0.728,-0.422,0.39,0.62,0.229,-0.511,-0.267,0.192,0.411,0.54,0.619,0.706,-0.106,0.748,0.645,0.502,-0.278,0.871,0.45,0.819,0.806,0.511,0.372,0.837,-0.248,0.323,0.734,0.294,0.532,-0.163,0.292,0.714,0.82,0.697,-0.153,0.475,0.644,-0.478,0.572,0.635,0.163,0.717,0.627,0.706,0.809
ABUS,0.42,0.571,1.0,0.512,0.477,0.588,-0.102,0.49,0.163,-0.179,0.458,0.539,-0.585,0.607,-0.11,0.591,0.554,-0.047,0.399,0.129,0.796,0.631,-0.641,0.41,0.706,0.475,-0.205,0.479,0.621,0.39,0.545,0.464,-0.248,0.559,0.642,0.262,0.301,0.487,-0.034,0.585,-0.423,0.695,0.115,0.519,0.279,-0.003,-0.314,0.762,0.613,0.49,0.596,0.542,0.519,0.514,0.444,0.037,-0.228,0.676,-0.36,-0.177,-0.417,0.544,-0.311,0.549,0.562,-0.135,0.47,0.572,0.057,0.25,0.801,0.154,0.589,0.318,0.24,0.467,0.503,-0.158,0.48,0.489,0.537,-0.179,0.598,0.628,-0.033,0.719,0.484,-0.455,-0.163,0.644,0.542,0.218,0.086,-0.243,-0.098,-0.27,0.285,0.565,0.573,0.574,0.248,0.611,0.493,0.641,-0.013,0.484,0.631,0.232,0.716,0.539,0.494,-0.516,0.608,0.631,0.571,0.406,0.545,0.434,-0.423,0.548,0.606,0.692,0.331,0.538,-0.507,0.555,0.558,0.759,0.576,0.35,0.542,0.566,-0.342,0.632,0.398,0.579,0.618,0.647,0.589,0.469,0.611,-0.366,0.225,-0.028,0.55,0.527,0.579,0.364,0.642,0.555,0.627,0.529,0.636,0.09,0.12,0.329,-0.537,0.445,0.528,0.454,-0.335,-0.071,0.169,0.182,0.388,0.603,0.594,0.033,0.626,0.56,0.501,0.068,0.533,0.586,0.598,0.669,0.318,0.396,0.593,-0.228,0.101,0.52,0.414,0.568,0.073,0.451,0.827,0.546,0.601,-0.255,0.543,0.627,-0.178,0.568,0.464,-0.109,0.613,0.596,0.556,0.643
ADBE,0.295,0.842,0.512,1.0,0.799,0.746,-0.382,0.818,0.523,-0.281,0.861,0.872,-0.591,0.801,-0.305,0.644,0.661,0.086,0.655,0.122,0.45,0.672,-0.655,0.39,0.772,0.681,-0.429,0.476,0.721,0.483,0.775,0.745,-0.439,0.785,0.741,0.534,0.392,0.706,-0.015,0.888,-0.62,0.83,0.214,0.696,0.185,-0.117,-0.156,0.718,0.831,0.792,0.817,0.845,0.734,0.668,0.631,0.007,-0.32,0.787,-0.364,-0.362,-0.647,0.732,-0.449,0.694,0.779,-0.182,0.782,0.766,0.323,0.506,0.67,-0.09,0.796,0.404,0.35,0.264,0.689,-0.261,0.893,0.886,0.65,0.015,0.775,0.685,-0.274,0.728,0.828,-0.348,-0.012,0.709,0.639,0.108,0.535,-0.364,-0.267,-0.545,0.321,0.844,0.772,0.728,0.304,0.748,0.776,0.638,-0.018,0.834,0.811,-0.125,0.584,0.421,0.462,-0.528,0.899,0.753,0.781,0.656,0.794,0.743,-0.568,0.714,0.681,0.73,0.434,0.772,-0.335,0.881,0.7,0.695,0.851,0.26,0.787,0.781,-0.089,0.753,0.406,0.727,0.798,0.83,0.659,0.447,0.737,-0.439,0.505,-0.384,0.821,0.815,0.884,0.525,0.845,0.799,0.862,0.704,0.84,-0.188,0.136,0.604,-0.407,0.428,0.752,0.294,-0.426,-0.19,0.121,0.493,0.601,0.718,0.773,-0.084,0.735,0.781,0.592,-0.037,0.892,0.54,0.792,0.848,0.628,0.304,0.868,-0.209,0.153,0.67,0.235,0.645,-0.148,0.402,0.683,0.871,0.804,-0.101,0.522,0.667,-0.425,0.513,0.599,0.162,0.69,0.708,0.727,0.772
ADI,0.271,0.779,0.477,0.799,1.0,0.745,-0.084,0.648,0.65,0.01,0.814,0.851,-0.46,0.699,-0.455,0.71,0.549,0.195,0.409,0.006,0.394,0.734,-0.537,0.205,0.678,0.799,-0.383,0.653,0.661,0.324,0.689,0.505,-0.3,0.746,0.58,0.206,0.537,0.45,-0.117,0.84,-0.334,0.753,0.281,0.634,0.421,-0.053,0.156,0.698,0.693,0.79,0.738,0.823,0.66,0.817,0.402,0.235,-0.504,0.692,-0.096,-0.063,-0.605,0.669,-0.281,0.532,0.516,-0.42,0.834,0.72,0.249,0.22,0.631,-0.072,0.682,0.05,0.112,0.167,0.573,0.161,0.742,0.77,0.418,0.159,0.767,0.466,-0.042,0.603,0.628,-0.158,0.15,0.516,0.76,0.26,0.39,-0.362,0.089,-0.246,0.107,0.819,0.674,0.53,-0.084,0.759,0.883,0.615,0.34,0.854,0.81,-0.009,0.441,0.405,0.36,-0.663,0.783,0.767,0.614,0.253,0.533,0.848,-0.376,0.529,0.762,0.57,0.138,0.596,-0.253,0.722,0.462,0.646,0.822,0.446,0.715,0.794,-0.129,0.604,0.203,0.537,0.578,0.742,0.494,0.317,0.484,-0.105,0.451,-0.161,0.852,0.826,0.673,0.607,0.679,0.825,0.769,0.571,0.729,-0.17,0.231,0.601,-0.328,0.279,0.543,0.213,-0.554,-0.329,0.457,0.323,0.508,0.458,0.664,-0.311,0.774,0.607,0.468,-0.061,0.705,0.69,0.705,0.77,0.84,0.294,0.703,-0.383,0.463,0.828,-0.052,0.613,-0.122,0.517,0.646,0.762,0.622,-0.025,0.609,0.59,-0.063,0.224,0.436,0.064,0.617,0.674,0.811,0.623
ADMA,0.17,0.648,0.588,0.746,0.745,1.0,-0.022,0.553,0.356,-0.266,0.59,0.675,-0.582,0.592,-0.435,0.596,0.692,0.07,0.436,0.023,0.46,0.676,-0.587,0.519,0.65,0.701,-0.191,0.532,0.635,0.355,0.572,0.521,-0.379,0.693,0.61,0.231,0.249,0.4,-0.181,0.77,-0.418,0.686,0.023,0.463,0.359,-0.259,-0.212,0.664,0.605,0.625,0.537,0.629,0.571,0.637,0.364,0.242,-0.376,0.627,-0.279,-0.228,-0.601,0.604,-0.363,0.738,0.584,-0.317,0.706,0.704,0.097,0.25,0.649,-0.063,0.732,0.287,0.149,0.344,0.529,0.012,0.64,0.627,0.452,-0.141,0.771,0.515,-0.13,0.613,0.594,-0.45,-0.162,0.588,0.673,0.142,0.122,-0.188,0.049,-0.317,0.21,0.623,0.631,0.631,0.086,0.614,0.678,0.573,0.173,0.64,0.703,-0.005,0.65,0.519,0.478,-0.624,0.728,0.632,0.599,0.329,0.591,0.593,-0.543,0.635,0.576,0.607,0.287,0.6,-0.372,0.689,0.467,0.632,0.717,0.372,0.671,0.69,-0.256,0.577,0.123,0.538,0.633,0.66,0.59,0.451,0.495,-0.175,0.197,-0.166,0.666,0.681,0.623,0.498,0.677,0.578,0.633,0.582,0.583,-0.028,-0.036,0.564,-0.562,0.336,0.51,0.224,-0.513,-0.259,0.263,0.111,0.512,0.524,0.587,-0.114,0.712,0.667,0.395,0.075,0.612,0.652,0.608,0.672,0.521,0.194,0.637,-0.441,0.37,0.631,0.068,0.703,-0.202,0.455,0.62,0.777,0.659,-0.007,0.485,0.559,-0.229,0.353,0.354,-0.079,0.516,0.666,0.752,0.607
AEP,-0.341,-0.467,-0.102,-0.382,-0.084,-0.022,1.0,-0.332,-0.339,0.251,-0.266,-0.301,0.473,-0.22,-0.09,0.139,-0.186,-0.278,-0.592,-0.409,-0.137,-0.104,0.38,-0.102,-0.148,-0.018,0.507,0.001,-0.242,-0.225,-0.18,-0.488,0.385,-0.339,-0.274,-0.595,0.092,-0.517,-0.174,-0.218,0.611,-0.255,0.356,-0.37,0.563,0.412,0.267,-0.138,-0.483,-0.15,-0.328,-0.378,-0.145,0.033,-0.523,0.412,0.113,-0.324,0.357,0.547,0.459,-0.226,0.697,-0.214,-0.514,-0.111,-0.188,-0.222,-0.38,-0.55,-0.246,0.299,-0.332,-0.309,-0.056,0.101,-0.299,0.438,-0.499,-0.491,-0.188,0.27,-0.122,-0.426,0.59,-0.375,-0.538,0.121,0.136,-0.474,0.004,0.136,-0.553,0.549,0.64,0.766,0.048,-0.299,-0.39,-0.517,-0.44,-0.063,-0.172,-0.152,0.653,-0.311,-0.17,0.381,-0.088,-0.019,-0.032,0.041,-0.386,-0.351,-0.456,-0.431,-0.343,-0.103,0.4,-0.45,-0.174,-0.172,-0.478,-0.473,0.374,-0.542,-0.311,-0.267,-0.227,0.478,-0.168,-0.363,-0.139,-0.477,-0.546,-0.512,-0.485,-0.244,-0.357,-0.001,-0.368,0.66,-0.134,0.499,-0.218,-0.104,-0.446,-0.293,-0.326,-0.28,-0.304,-0.225,-0.394,0.454,-0.021,-0.33,0.147,0.028,-0.211,0.102,0.296,0.212,0.211,-0.277,-0.127,-0.313,-0.443,-0.166,-0.133,-0.206,-0.098,0.549,-0.508,0.038,-0.432,-0.203,0.119,-0.201,-0.303,-0.141,0.065,-0.099,-0.248,0.119,0.198,0.407,-0.255,-0.368,-0.335,0.121,0.214,-0.351,0.778,-0.382,-0.461,-0.396,-0.264,-0.207,-0.095,-0.455
AGNC,0.391,0.684,0.49,0.818,0.648,0.553,-0.332,1.0,0.399,-0.155,0.785,0.801,-0.586,0.717,-0.272,0.525,0.571,0.047,0.684,0.193,0.437,0.623,-0.688,0.23,0.666,0.613,-0.411,0.336,0.627,0.497,0.668,0.675,-0.456,0.73,0.686,0.456,0.444,0.67,0.146,0.757,-0.671,0.697,0.273,0.703,0.114,-0.032,-0.044,0.677,0.704,0.738,0.748,0.751,0.552,0.564,0.556,-0.053,-0.377,0.686,-0.282,-0.318,-0.659,0.632,-0.468,0.5,0.617,-0.22,0.663,0.701,0.305,0.533,0.628,-0.092,0.675,0.431,0.403,0.235,0.593,-0.344,0.722,0.727,0.627,0.111,0.705,0.652,-0.403,0.717,0.706,-0.183,0.019,0.566,0.612,0.161,0.493,-0.444,-0.351,-0.505,0.328,0.817,0.632,0.644,0.21,0.68,0.739,0.503,-0.052,0.685,0.697,-0.054,0.512,0.245,0.504,-0.419,0.747,0.669,0.697,0.581,0.755,0.738,-0.45,0.53,0.684,0.519,0.486,0.623,-0.292,0.758,0.816,0.635,0.872,0.172,0.71,0.727,0.043,0.682,0.449,0.822,0.631,0.857,0.52,0.411,0.639,-0.51,0.59,-0.424,0.794,0.814,0.678,0.548,0.808,0.713,0.741,0.659,0.842,-0.335,0.283,0.544,-0.318,0.294,0.861,0.385,-0.404,-0.323,0.117,0.594,0.653,0.567,0.722,-0.101,0.618,0.678,0.589,-0.077,0.761,0.464,0.717,0.714,0.503,0.388,0.764,-0.009,0.141,0.662,0.317,0.585,-0.116,0.516,0.663,0.756,0.696,-0.07,0.456,0.703,-0.397,0.52,0.636,0.181,0.657,0.541,0.653,0.698
AKBA,0.374,0.648,0.163,0.523,0.65,0.356,-0.339,0.399,1.0,0.271,0.662,0.629,-0.317,0.456,-0.37,0.265,0.354,0.364,0.287,0.166,0.168,0.467,-0.365,0.091,0.325,0.503,-0.572,0.412,0.317,0.107,0.585,0.49,-0.147,0.473,0.287,0.142,0.402,0.255,0.051,0.469,-0.227,0.447,0.027,0.549,-0.077,-0.249,0.275,0.363,0.433,0.58,0.454,0.679,0.295,0.573,0.324,0.119,-0.559,0.436,0.005,-0.203,-0.483,0.565,-0.306,0.085,0.435,-0.418,0.644,0.452,0.494,0.213,0.289,-0.333,0.392,-0.089,-0.243,-0.137,0.362,0.237,0.577,0.628,0.018,0.266,0.421,0.38,-0.186,0.323,0.598,0.151,0.313,0.304,0.408,0.201,0.674,-0.513,-0.064,-0.317,-0.316,0.561,0.536,0.21,-0.011,0.477,0.736,0.31,0.059,0.831,0.541,-0.336,0.078,0.039,0.009,-0.419,0.513,0.587,0.534,-0.003,0.202,0.728,-0.279,0.249,0.628,0.276,0.078,0.376,-0.062,0.508,0.15,0.392,0.456,0.232,0.576,0.654,0.139,0.413,0.247,0.324,0.302,0.465,0.232,-0.111,0.251,-0.102,0.285,-0.296,0.616,0.527,0.428,0.65,0.303,0.731,0.617,0.436,0.572,-0.417,0.196,0.626,-0.027,-0.186,0.373,0.047,-0.569,-0.439,0.449,0.355,0.265,0.086,0.361,-0.328,0.602,0.35,0.271,-0.428,0.527,0.289,0.53,0.564,0.601,0.342,0.369,-0.179,0.599,0.634,-0.226,0.339,-0.116,0.073,0.352,0.502,0.182,0.206,0.238,0.329,-0.202,-0.047,0.505,0.108,0.505,0.348,0.539,0.476
ALT,0.191,-0.249,-0.179,-0.281,0.01,-0.266,0.251,-0.155,0.271,1.0,0.034,-0.086,0.313,-0.186,-0.114,-0.118,-0.188,0.167,-0.336,-0.035,-0.122,-0.144,0.318,-0.384,-0.326,-0.063,0.012,0.11,-0.263,-0.226,-0.016,-0.158,0.262,-0.345,-0.378,-0.511,0.344,-0.197,0.296,-0.235,0.365,-0.327,0.284,-0.017,0.126,0.308,0.717,-0.091,-0.23,-0.116,-0.112,-0.107,-0.175,0.074,-0.255,0.254,-0.285,-0.234,0.612,0.51,0.127,-0.03,0.269,-0.453,-0.299,-0.312,-0.072,-0.252,0.164,-0.196,-0.241,0.01,-0.407,-0.41,-0.47,-0.253,-0.133,0.468,-0.206,-0.19,-0.492,0.544,-0.179,-0.138,0.254,-0.351,-0.205,0.719,0.533,-0.364,-0.021,0.315,0.154,0.014,0.297,0.35,-0.313,-0.067,-0.232,-0.366,-0.218,0.022,-0.019,-0.166,0.413,-0.018,-0.204,0.204,-0.429,-0.419,-0.205,-0.003,-0.204,-0.008,-0.222,-0.615,-0.422,0.122,0.556,-0.386,0.063,-0.393,-0.376,-0.199,0.512,-0.308,-0.309,-0.132,-0.171,0.288,-0.102,-0.247,0.42,-0.241,-0.017,-0.342,-0.425,-0.262,-0.375,-0.469,-0.455,0.394,0.083,0.092,-0.078,-0.085,-0.392,-0.005,-0.431,0.018,-0.122,-0.024,-0.053,-0.176,0.397,-0.086,0.568,-0.446,-0.152,0.177,-0.164,-0.277,0.388,0.094,-0.246,-0.528,-0.354,-0.367,-0.111,-0.121,-0.015,-0.086,-0.379,-0.02,-0.254,-0.122,0.27,0.201,-0.403,0.245,0.34,-0.067,-0.424,-0.232,0.346,-0.029,-0.21,-0.338,-0.498,0.352,-0.083,-0.27,0.46,-0.528,-0.05,-0.016,-0.041,-0.128,-0.093,-0.268
AMAT,0.415,0.761,0.458,0.861,0.814,0.59,-0.266,0.785,0.662,0.034,1.0,0.913,-0.48,0.732,-0.388,0.654,0.622,0.203,0.487,0.131,0.444,0.733,-0.619,0.337,0.725,0.66,-0.372,0.43,0.703,0.44,0.812,0.682,-0.363,0.678,0.66,0.424,0.605,0.635,0.015,0.793,-0.556,0.775,0.321,0.764,0.207,0.0,0.112,0.649,0.755,0.823,0.829,0.859,0.636,0.73,0.6,0.082,-0.442,0.73,-0.221,-0.22,-0.57,0.763,-0.372,0.475,0.638,-0.291,0.758,0.679,0.446,0.436,0.628,-0.11,0.715,0.309,0.199,0.266,0.638,-0.146,0.745,0.76,0.476,0.327,0.702,0.626,-0.204,0.649,0.715,-0.084,0.322,0.543,0.606,0.243,0.652,-0.378,-0.175,-0.435,0.129,0.91,0.666,0.545,0.236,0.806,0.84,0.602,0.131,0.856,0.754,-0.116,0.447,0.3,0.437,-0.454,0.824,0.728,0.723,0.43,0.703,0.878,-0.422,0.544,0.733,0.619,0.311,0.708,-0.087,0.776,0.608,0.708,0.828,0.405,0.78,0.759,0.058,0.726,0.44,0.651,0.618,0.81,0.532,0.344,0.573,-0.322,0.631,-0.32,0.852,0.813,0.751,0.575,0.736,0.829,0.813,0.678,0.846,-0.244,0.282,0.627,-0.288,0.231,0.717,0.332,-0.5,-0.336,0.396,0.593,0.563,0.551,0.701,-0.182,0.741,0.734,0.607,-0.096,0.771,0.552,0.782,0.828,0.742,0.426,0.728,-0.082,0.304,0.711,0.078,0.596,-0.058,0.441,0.698,0.714,0.654,0.006,0.513,0.604,-0.193,0.336,0.625,0.268,0.702,0.58,0.689,0.733
AMD,0.43,0.806,0.539,0.872,0.851,0.675,-0.301,0.801,0.629,-0.086,0.913,1.0,-0.539,0.722,-0.373,0.686,0.613,0.171,0.526,0.127,0.464,0.752,-0.598,0.326,0.75,0.748,-0.474,0.52,0.69,0.456,0.742,0.661,-0.42,0.771,0.707,0.457,0.583,0.629,0.058,0.823,-0.555,0.826,0.243,0.728,0.187,-0.094,0.025,0.704,0.786,0.798,0.816,0.908,0.638,0.728,0.553,0.09,-0.426,0.74,-0.224,-0.236,-0.633,0.771,-0.432,0.543,0.616,-0.34,0.782,0.734,0.358,0.459,0.667,-0.131,0.791,0.294,0.176,0.234,0.696,-0.128,0.753,0.779,0.476,0.147,0.744,0.665,-0.226,0.701,0.741,-0.147,0.159,0.637,0.615,0.231,0.541,-0.474,-0.184,-0.479,0.098,0.911,0.728,0.576,0.182,0.751,0.868,0.628,0.106,0.855,0.781,-0.138,0.562,0.343,0.419,-0.549,0.864,0.776,0.732,0.471,0.719,0.89,-0.488,0.586,0.813,0.644,0.317,0.702,-0.202,0.866,0.636,0.694,0.88,0.364,0.805,0.83,0.021,0.704,0.388,0.731,0.661,0.827,0.618,0.319,0.599,-0.408,0.566,-0.333,0.941,0.821,0.761,0.629,0.824,0.818,0.832,0.703,0.865,-0.273,0.236,0.629,-0.298,0.209,0.716,0.359,-0.561,-0.39,0.396,0.552,0.553,0.56,0.731,-0.246,0.847,0.738,0.596,-0.133,0.844,0.549,0.767,0.802,0.714,0.398,0.734,-0.152,0.375,0.75,0.093,0.612,-0.112,0.469,0.713,0.79,0.75,-0.035,0.502,0.643,-0.303,0.389,0.652,0.162,0.715,0.663,0.735,0.74
AMGN,-0.398,-0.655,-0.585,-0.591,-0.46,-0.582,0.473,-0.586,-0.317,0.313,-0.48,-0.539,1.0,-0.552,0.403,-0.208,-0.692,-0.093,-0.661,-0.274,-0.571,-0.594,0.83,-0.432,-0.584,-0.477,0.504,-0.288,-0.656,-0.356,-0.478,-0.579,0.577,-0.696,-0.687,-0.299,0.001,-0.533,-0.038,-0.624,0.696,-0.643,0.275,-0.638,0.158,0.535,0.333,-0.658,-0.665,-0.532,-0.584,-0.578,-0.507,-0.489,-0.465,0.173,0.618,-0.651,0.392,0.453,0.824,-0.615,0.771,-0.606,-0.7,0.371,-0.566,-0.616,-0.211,-0.471,-0.702,0.178,-0.587,-0.42,-0.121,-0.324,-0.453,0.43,-0.649,-0.629,-0.43,0.272,-0.583,-0.638,0.65,-0.696,-0.621,0.534,0.272,-0.777,-0.544,0.023,-0.261,0.62,0.358,0.625,-0.174,-0.583,-0.749,-0.795,-0.224,-0.491,-0.489,-0.368,0.353,-0.524,-0.558,0.051,-0.593,-0.391,-0.381,0.597,-0.616,-0.686,-0.693,-0.289,-0.522,-0.393,0.603,-0.681,-0.506,-0.496,-0.513,-0.662,0.646,-0.679,-0.548,-0.636,-0.606,0.031,-0.549,-0.681,0.241,-0.753,-0.39,-0.679,-0.713,-0.603,-0.682,-0.293,-0.466,0.636,-0.255,0.612,-0.515,-0.481,-0.605,-0.534,-0.58,-0.548,-0.557,-0.563,-0.634,0.445,-0.073,-0.579,0.454,-0.192,-0.521,-0.056,0.714,0.474,-0.046,-0.105,-0.442,-0.476,-0.721,0.04,-0.61,-0.51,-0.366,0.451,-0.579,-0.494,-0.716,-0.587,-0.201,-0.342,-0.577,0.283,-0.16,-0.578,-0.268,-0.498,0.247,-0.125,-0.718,-0.677,-0.565,0.116,-0.26,-0.656,0.597,-0.611,-0.618,-0.091,-0.619,-0.657,-0.623,-0.756
AMZN,0.476,0.814,0.607,0.801,0.699,0.592,-0.22,0.717,0.456,-0.186,0.732,0.722,-0.552,1.0,-0.171,0.672,0.585,0.024,0.566,0.286,0.64,0.63,-0.653,0.196,0.738,0.605,-0.308,0.517,0.763,0.656,0.774,0.716,-0.195,0.818,0.796,0.383,0.451,0.545,0.19,0.733,-0.513,0.775,0.358,0.692,0.193,0.118,-0.146,0.731,0.712,0.85,0.844,0.82,0.734,0.681,0.588,0.11,-0.334,0.784,-0.19,-0.197,-0.469,0.728,-0.237,0.419,0.698,-0.164,0.67,0.592,0.312,0.488,0.68,0.154,0.673,0.438,0.528,0.316,0.69,-0.288,0.764,0.814,0.755,0.114,0.581,0.714,-0.143,0.771,0.743,-0.27,-0.032,0.568,0.596,0.26,0.507,-0.324,-0.163,-0.383,0.406,0.725,0.737,0.583,0.291,0.75,0.704,0.643,0.031,0.79,0.742,0.002,0.446,0.465,0.42,-0.513,0.782,0.751,0.737,0.539,0.555,0.654,-0.395,0.495,0.647,0.656,0.474,0.55,-0.255,0.673,0.638,0.64,0.712,0.385,0.765,0.726,0.012,0.644,0.532,0.591,0.652,0.737,0.495,0.424,0.706,-0.369,0.578,-0.311,0.771,0.801,0.768,0.457,0.659,0.825,0.882,0.745,0.753,0.016,0.395,0.549,-0.275,0.569,0.771,0.511,-0.281,-0.087,0.148,0.555,0.727,0.662,0.631,-0.171,0.691,0.735,0.734,0.036,0.777,0.488,0.722,0.904,0.525,0.474,0.887,-0.112,0.223,0.71,0.46,0.591,0.081,0.447,0.696,0.755,0.58,-0.071,0.679,0.677,-0.271,0.564,0.709,0.033,0.766,0.521,0.738,0.713
APA,0.046,-0.277,-0.11,-0.305,-0.455,-0.435,-0.09,-0.272,-0.37,-0.114,-0.388,-0.373,0.403,-0.171,1.0,-0.059,-0.3,-0.041,-0.142,0.16,-0.002,-0.297,0.365,-0.235,-0.186,-0.324,0.426,-0.062,-0.317,0.095,-0.257,-0.17,0.514,-0.224,-0.264,0.348,-0.002,-0.109,0.139,-0.383,0.135,-0.301,0.075,-0.321,-0.137,0.454,-0.241,-0.246,-0.228,-0.275,-0.213,-0.316,-0.197,-0.468,0.11,-0.181,0.7,-0.258,0.017,0.095,0.505,-0.397,0.257,-0.3,-0.124,0.776,-0.471,-0.39,-0.05,0.024,-0.262,0.352,-0.247,0.155,0.314,0.006,0.012,-0.163,-0.221,-0.246,0.089,-0.041,-0.462,-0.119,0.311,-0.248,-0.16,0.075,-0.096,-0.252,-0.484,0.048,-0.08,0.392,-0.161,0.111,0.232,-0.405,-0.269,-0.158,0.316,-0.371,-0.47,-0.083,-0.253,-0.416,-0.509,0.076,-0.318,-0.139,0.09,0.576,-0.29,-0.32,-0.257,0.271,-0.12,-0.452,0.21,-0.178,-0.473,-0.187,0.16,-0.343,0.067,-0.266,-0.119,-0.316,-0.403,-0.326,-0.444,-0.247,0.067,-0.272,0.166,-0.173,-0.205,-0.397,-0.244,0.124,0.084,-0.011,-0.172,0.336,-0.347,-0.333,-0.163,-0.339,-0.24,-0.424,-0.307,-0.243,-0.405,0.328,0.012,-0.338,0.221,0.175,-0.258,0.123,0.611,0.564,-0.285,0.076,-0.092,-0.043,-0.31,0.41,-0.433,-0.215,-0.023,0.179,-0.106,-0.401,-0.352,-0.326,-0.513,0.024,-0.161,0.401,-0.343,-0.492,0.44,-0.437,0.327,-0.193,-0.279,-0.305,-0.146,-0.26,-0.309,-0.147,-0.072,0.056,-0.132,0.082,-0.173,-0.337,-0.443,-0.331
APPS,0.206,0.565,0.591,0.644,0.71,0.596,0.139,0.525,0.265,-0.118,0.654,0.686,-0.208,0.672,-0.059,1.0,0.481,-0.028,0.258,-0.025,0.512,0.623,-0.389,0.227,0.69,0.606,-0.024,0.513,0.573,0.507,0.722,0.422,-0.065,0.627,0.546,0.306,0.649,0.409,-0.148,0.694,-0.225,0.644,0.474,0.445,0.637,0.316,-0.067,0.59,0.582,0.636,0.685,0.64,0.637,0.619,0.428,0.176,-0.006,0.608,-0.157,0.038,-0.281,0.553,-0.022,0.49,0.362,-0.083,0.576,0.58,0.08,0.119,0.607,0.196,0.658,0.127,0.347,0.349,0.611,-0.007,0.484,0.506,0.585,0.143,0.635,0.417,0.281,0.554,0.431,-0.236,0.156,0.474,0.555,0.274,0.157,-0.015,0.138,-0.056,0.297,0.624,0.445,0.393,0.097,0.738,0.647,0.743,0.411,0.594,0.643,0.111,0.49,0.464,0.484,-0.375,0.616,0.553,0.444,0.48,0.601,0.695,-0.235,0.401,0.578,0.694,0.112,0.442,-0.075,0.564,0.53,0.607,0.675,0.572,0.554,0.584,-0.179,0.543,0.208,0.466,0.485,0.65,0.514,0.516,0.514,-0.049,0.419,0.182,0.707,0.738,0.567,0.356,0.701,0.618,0.65,0.499,0.565,0.256,0.172,0.273,-0.312,0.517,0.564,0.488,-0.16,0.011,0.357,0.353,0.564,0.58,0.534,-0.18,0.619,0.574,0.546,0.269,0.587,0.62,0.584,0.711,0.601,0.257,0.66,-0.219,0.133,0.558,0.214,0.539,0.049,0.724,0.588,0.524,0.689,-0.191,0.705,0.436,0.09,0.315,0.303,-0.011,0.534,0.571,0.632,0.45
ARCC,0.398,0.633,0.554,0.661,0.549,0.692,-0.186,0.571,0.354,-0.188,0.622,0.613,-0.692,0.585,-0.3,0.481,1.0,0.139,0.469,0.145,0.571,0.684,-0.753,0.542,0.625,0.596,-0.293,0.34,0.634,0.381,0.616,0.66,-0.295,0.62,0.663,0.352,0.305,0.515,-0.043,0.616,-0.576,0.624,-0.091,0.543,0.123,-0.203,-0.276,0.635,0.64,0.642,0.568,0.606,0.544,0.545,0.534,-0.159,-0.367,0.628,-0.376,-0.267,-0.613,0.71,-0.497,0.586,0.692,-0.194,0.581,0.664,0.306,0.474,0.661,-0.032,0.664,0.44,0.154,0.505,0.579,-0.235,0.607,0.612,0.44,-0.014,0.713,0.68,-0.269,0.75,0.634,-0.386,-0.04,0.643,0.565,0.148,0.3,-0.253,-0.221,-0.417,0.226,0.613,0.665,0.689,0.364,0.55,0.581,0.503,-0.134,0.567,0.624,-0.065,0.65,0.421,0.489,-0.449,0.688,0.646,0.693,0.363,0.638,0.51,-0.486,0.657,0.436,0.524,0.451,0.704,-0.386,0.664,0.533,0.633,0.613,0.262,0.537,0.656,-0.178,0.599,0.25,0.589,0.644,0.605,0.623,0.393,0.5,-0.401,0.372,-0.329,0.564,0.56,0.666,0.463,0.613,0.53,0.557,0.658,0.594,-0.202,0.076,0.468,-0.407,0.282,0.579,0.286,-0.528,-0.254,0.125,0.233,0.475,0.533,0.641,-0.045,0.666,0.602,0.518,-0.152,0.572,0.569,0.629,0.66,0.377,0.451,0.567,-0.257,0.182,0.558,0.218,0.582,0.065,0.347,0.648,0.684,0.621,-0.083,0.275,0.549,-0.336,0.494,0.528,0.14,0.647,0.651,0.604,0.692
ARDX,0.372,0.196,-0.047,0.086,0.195,0.07,-0.278,0.047,0.364,0.167,0.203,0.171,-0.093,0.024,-0.041,-0.028,0.139,1.0,0.195,0.405,0.122,0.251,-0.076,0.111,-0.034,0.008,-0.171,0.169,0.318,0.197,0.019,0.281,0.259,0.107,0.095,0.118,0.339,0.257,0.179,0.102,-0.125,0.082,0.054,0.284,-0.125,-0.003,0.329,0.084,0.205,0.192,0.112,0.198,0.186,0.243,0.251,-0.01,-0.275,0.136,0.236,-0.079,-0.222,0.254,-0.267,-0.063,0.262,-0.074,0.274,0.184,0.6,0.241,0.058,0.073,0.075,0.132,-0.006,0.103,0.311,0.131,0.239,0.229,-0.122,0.264,0.182,0.246,-0.064,0.087,0.305,0.264,0.366,0.039,-0.025,0.275,0.461,-0.324,0.171,-0.083,0.067,0.185,0.22,0.199,0.322,0.054,0.178,0.085,-0.058,0.157,-0.031,-0.4,-0.08,0.124,-0.102,0.107,0.22,0.193,0.247,-0.092,0.015,0.118,-0.016,0.315,-0.003,-0.035,0.207,0.3,0.1,0.159,0.168,0.087,0.055,0.048,0.11,0.188,0.325,0.033,0.249,0.125,0.068,0.041,0.08,-0.185,0.103,-0.051,0.358,-0.116,0.099,0.088,0.132,0.227,-0.047,0.093,0.042,0.228,0.115,-0.267,0.368,0.322,0.091,-0.142,0.053,0.055,-0.284,-0.238,0.497,0.372,-0.094,-0.166,0.066,-0.078,0.124,0.14,0.202,-0.333,0.185,0.076,0.044,-0.002,0.193,0.476,0.041,0.206,0.382,0.136,-0.019,-0.1,0.061,-0.196,0.088,0.16,-0.07,0.407,-0.273,0.103,-0.15,-0.01,0.247,0.467,0.204,0.087,-0.002,0.15
ATER,0.408,0.627,0.399,0.655,0.409,0.436,-0.592,0.684,0.287,-0.336,0.487,0.526,-0.661,0.566,-0.142,0.258,0.469,0.195,1.0,0.463,0.406,0.398,-0.671,0.217,0.509,0.364,-0.471,0.202,0.576,0.496,0.455,0.774,-0.37,0.601,0.678,0.523,0.12,0.565,0.175,0.551,-0.703,0.601,-0.018,0.683,-0.129,-0.306,-0.276,0.538,0.606,0.513,0.58,0.593,0.432,0.392,0.531,-0.238,-0.289,0.646,-0.342,-0.501,-0.646,0.565,-0.663,0.403,0.723,-0.018,0.474,0.478,0.43,0.609,0.49,-0.045,0.581,0.495,0.357,0.183,0.552,-0.489,0.629,0.628,0.515,-0.17,0.468,0.688,-0.51,0.659,0.737,-0.31,-0.198,0.576,0.521,-0.006,0.487,-0.471,-0.439,-0.56,0.243,0.523,0.579,0.775,0.47,0.424,0.401,0.359,-0.311,0.488,0.444,-0.268,0.351,0.387,0.319,-0.268,0.658,0.538,0.787,0.61,0.55,0.393,-0.497,0.556,0.394,0.425,0.741,0.658,-0.406,0.69,0.661,0.472,0.59,-0.098,0.559,0.549,0.087,0.632,0.566,0.655,0.693,0.594,0.497,0.305,0.607,-0.622,0.387,-0.562,0.567,0.487,0.618,0.392,0.586,0.546,0.608,0.649,0.605,-0.397,0.166,0.523,-0.341,0.281,0.589,0.187,-0.427,-0.275,-0.039,0.508,0.421,0.484,0.609,0.051,0.455,0.493,0.49,-0.322,0.717,0.257,0.649,0.501,0.161,0.44,0.581,0.061,0.047,0.379,0.516,0.395,-0.181,0.082,0.53,0.706,0.613,-0.006,0.225,0.573,-0.615,0.579,0.579,0.134,0.562,0.431,0.496,0.753
ATOS,0.677,0.216,0.129,0.122,0.006,0.023,-0.409,0.193,0.166,-0.035,0.131,0.127,-0.274,0.286,0.16,-0.025,0.145,0.405,0.463,1.0,0.375,0.136,-0.111,-0.136,0.061,-0.068,-0.192,0.272,0.372,0.372,0.08,0.488,0.149,0.168,0.394,0.274,0.169,0.145,0.583,0.125,-0.249,0.162,0.015,0.318,-0.242,-0.073,-0.096,0.18,0.195,0.302,0.197,0.238,0.068,0.191,0.331,-0.05,-0.175,0.234,0.191,-0.113,-0.245,0.251,-0.301,-0.118,0.432,0.071,0.159,0.073,0.326,0.591,0.129,0.24,0.153,0.391,0.17,-0.071,0.332,-0.278,0.157,0.18,0.092,-0.062,0.093,0.513,-0.135,0.22,0.455,0.023,-0.167,0.102,0.063,0.268,0.408,-0.35,-0.141,-0.134,0.094,0.13,0.243,0.353,0.504,0.008,0.046,0.09,-0.265,0.129,-0.06,-0.376,-0.076,0.298,0.088,0.196,0.294,0.222,0.47,0.141,-0.014,0.1,-0.077,0.145,0.079,-0.023,0.563,0.212,0.061,0.21,0.258,0.068,0.128,-0.087,0.277,0.165,0.578,0.166,0.671,0.237,0.243,0.123,0.055,0.037,0.196,-0.33,0.333,-0.232,0.223,0.142,0.206,0.071,0.049,0.138,0.265,0.405,0.186,-0.158,0.517,0.253,-0.003,0.047,0.25,0.311,-0.171,-0.179,0.25,0.41,0.089,0.051,0.143,-0.032,0.103,0.287,0.431,-0.221,0.297,0.01,0.151,0.157,-0.111,0.673,0.174,0.227,0.32,0.057,0.394,0.025,0.144,-0.216,0.185,0.249,0.002,0.377,-0.096,0.243,-0.397,0.193,0.51,0.015,0.248,-0.049,0.03,0.301
AUPH,0.587,0.51,0.796,0.45,0.394,0.46,-0.137,0.437,0.168,-0.122,0.444,0.464,-0.571,0.64,-0.002,0.512,0.571,0.122,0.406,0.375,1.0,0.716,-0.581,0.331,0.73,0.363,-0.1,0.463,0.659,0.531,0.555,0.549,-0.094,0.533,0.637,0.333,0.368,0.473,0.114,0.508,-0.484,0.704,0.148,0.603,0.149,0.048,-0.267,0.669,0.578,0.564,0.586,0.539,0.516,0.535,0.596,-0.072,-0.228,0.7,-0.21,-0.197,-0.372,0.619,-0.383,0.414,0.619,-0.03,0.419,0.449,0.232,0.445,0.709,0.393,0.514,0.54,0.285,0.583,0.523,-0.283,0.472,0.464,0.489,-0.122,0.479,0.653,-0.048,0.67,0.479,-0.365,-0.136,0.585,0.44,0.284,0.241,-0.21,-0.15,-0.291,0.392,0.522,0.637,0.581,0.418,0.532,0.366,0.641,-0.126,0.438,0.451,0.067,0.614,0.578,0.492,-0.385,0.611,0.599,0.596,0.363,0.447,0.359,-0.393,0.567,0.451,0.625,0.54,0.521,-0.392,0.479,0.525,0.656,0.506,0.351,0.501,0.519,-0.111,0.572,0.548,0.534,0.634,0.576,0.568,0.447,0.592,-0.45,0.358,-0.166,0.495,0.48,0.531,0.285,0.521,0.478,0.587,0.598,0.535,0.064,0.349,0.334,-0.365,0.408,0.523,0.57,-0.318,-0.063,0.288,0.29,0.387,0.554,0.559,0.067,0.612,0.683,0.643,-0.007,0.516,0.547,0.516,0.636,0.243,0.598,0.598,0.03,0.144,0.469,0.534,0.373,0.232,0.34,0.817,0.507,0.506,-0.168,0.362,0.667,-0.205,0.554,0.556,0.045,0.728,0.464,0.431,0.565
AVGO,0.42,0.687,0.631,0.672,0.734,0.676,-0.104,0.623,0.467,-0.144,0.733,0.752,-0.594,0.63,-0.297,0.623,0.684,0.251,0.398,0.136,0.716,1.0,-0.654,0.43,0.808,0.667,-0.23,0.562,0.693,0.415,0.646,0.533,-0.276,0.691,0.634,0.366,0.513,0.523,-0.097,0.764,-0.548,0.84,0.12,0.704,0.212,-0.118,-0.098,0.716,0.706,0.736,0.665,0.745,0.61,0.769,0.574,0.049,-0.413,0.712,-0.251,-0.25,-0.527,0.693,-0.435,0.558,0.581,-0.243,0.669,0.671,0.244,0.339,0.661,0.129,0.721,0.376,0.204,0.52,0.571,-0.093,0.652,0.654,0.454,0.098,0.723,0.566,-0.171,0.637,0.568,-0.321,0.047,0.584,0.596,0.257,0.35,-0.331,-0.095,-0.373,0.211,0.753,0.681,0.567,0.186,0.676,0.729,0.66,0.026,0.706,0.666,-0.067,0.665,0.519,0.47,-0.534,0.759,0.695,0.644,0.342,0.638,0.665,-0.545,0.65,0.632,0.637,0.372,0.609,-0.345,0.692,0.567,0.647,0.788,0.396,0.656,0.788,-0.21,0.636,0.333,0.647,0.64,0.757,0.599,0.449,0.613,-0.339,0.409,-0.232,0.717,0.721,0.661,0.483,0.7,0.643,0.658,0.628,0.668,-0.133,0.203,0.529,-0.452,0.308,0.595,0.348,-0.524,-0.26,0.522,0.317,0.503,0.522,0.688,-0.057,0.749,0.691,0.534,-0.1,0.658,0.673,0.667,0.691,0.553,0.421,0.662,-0.133,0.372,0.717,0.225,0.567,-0.072,0.482,0.82,0.729,0.676,-0.117,0.397,0.69,-0.155,0.428,0.513,0.138,0.749,0.58,0.675,0.665
AZN,-0.293,-0.721,-0.641,-0.655,-0.537,-0.587,0.38,-0.688,-0.365,0.318,-0.619,-0.598,0.83,-0.653,0.365,-0.389,-0.753,-0.076,-0.671,-0.111,-0.581,-0.654,1.0,-0.498,-0.685,-0.56,0.391,-0.173,-0.658,-0.439,-0.621,-0.631,0.494,-0.731,-0.689,-0.419,-0.125,-0.55,0.161,-0.636,0.765,-0.681,0.135,-0.669,0.029,0.351,0.336,-0.646,-0.671,-0.603,-0.657,-0.672,-0.504,-0.457,-0.538,0.232,0.453,-0.69,0.574,0.538,0.72,-0.631,0.648,-0.546,-0.663,0.222,-0.548,-0.646,-0.298,-0.42,-0.75,0.184,-0.692,-0.444,-0.278,-0.412,-0.453,0.386,-0.643,-0.664,-0.591,0.127,-0.637,-0.615,0.523,-0.852,-0.625,0.485,0.075,-0.671,-0.624,-0.005,-0.323,0.413,0.369,0.59,-0.186,-0.67,-0.657,-0.727,-0.239,-0.646,-0.624,-0.511,0.237,-0.613,-0.674,0.016,-0.6,-0.408,-0.404,0.564,-0.625,-0.65,-0.711,-0.453,-0.648,-0.509,0.624,-0.621,-0.531,-0.551,-0.531,-0.664,0.604,-0.682,-0.614,-0.731,-0.677,-0.076,-0.547,-0.741,0.301,-0.768,-0.344,-0.698,-0.673,-0.73,-0.599,-0.453,-0.599,0.536,-0.342,0.455,-0.604,-0.581,-0.662,-0.591,-0.683,-0.674,-0.609,-0.537,-0.688,0.306,-0.023,-0.585,0.614,-0.332,-0.635,-0.097,0.552,0.301,-0.015,-0.248,-0.529,-0.562,-0.733,-0.059,-0.616,-0.508,-0.429,0.279,-0.637,-0.521,-0.833,-0.661,-0.29,-0.316,-0.687,0.242,-0.072,-0.657,-0.349,-0.588,0.175,-0.278,-0.768,-0.7,-0.668,0.207,-0.386,-0.693,0.434,-0.647,-0.53,-0.154,-0.645,-0.563,-0.673,-0.782
BCRX,-0.015,0.37,0.41,0.39,0.205,0.519,-0.102,0.23,0.091,-0.384,0.337,0.326,-0.432,0.196,-0.235,0.227,0.542,0.111,0.217,-0.136,0.331,0.43,-0.498,1.0,0.512,0.217,0.005,-0.077,0.441,0.187,0.317,0.41,-0.326,0.285,0.411,0.409,-0.004,0.412,-0.372,0.311,-0.495,0.508,-0.199,0.301,-0.002,-0.344,-0.398,0.343,0.383,0.339,0.226,0.237,0.333,0.25,0.373,-0.011,-0.055,0.371,-0.594,-0.428,-0.243,0.424,-0.416,0.636,0.519,0.027,0.312,0.442,0.249,0.248,0.458,-0.135,0.442,0.457,0.116,0.616,0.287,-0.268,0.357,0.322,0.265,-0.207,0.411,0.366,-0.262,0.433,0.341,-0.406,-0.073,0.462,0.191,0.032,0.093,0.047,-0.253,-0.385,0.193,0.305,0.419,0.434,0.403,0.213,0.259,0.272,-0.318,0.274,0.386,-0.045,0.647,0.354,0.305,-0.106,0.422,0.252,0.429,0.36,0.535,0.162,-0.52,0.615,0.096,0.542,0.348,0.588,-0.273,0.371,0.349,0.463,0.246,0.175,0.383,0.359,-0.441,0.345,0.048,0.394,0.449,0.354,0.502,0.334,0.381,-0.401,0.002,-0.239,0.18,0.225,0.474,0.285,0.415,0.133,0.215,0.354,0.29,-0.014,-0.327,0.486,-0.529,0.143,0.229,-0.004,-0.294,-0.119,0.037,0.072,0.19,0.431,0.372,0.365,0.428,0.416,0.149,-0.059,0.398,0.186,0.306,0.324,0.081,0.089,0.32,-0.105,-0.016,0.194,0.166,0.398,-0.1,0.117,0.479,0.42,0.48,-0.171,0.03,0.328,-0.359,0.486,0.188,0.228,0.381,0.359,0.227,0.508
BGC,0.287,0.71,0.706,0.772,0.678,0.65,-0.148,0.666,0.325,-0.326,0.725,0.75,-0.584,0.738,-0.186,0.69,0.625,-0.034,0.509,0.061,0.73,0.808,-0.685,0.512,1.0,0.63,-0.253,0.472,0.703,0.439,0.706,0.597,-0.386,0.702,0.724,0.538,0.361,0.556,-0.172,0.751,-0.597,0.923,0.212,0.726,0.236,-0.064,-0.264,0.732,0.692,0.766,0.749,0.724,0.686,0.706,0.581,0.028,-0.233,0.848,-0.444,-0.357,-0.479,0.725,-0.402,0.667,0.678,-0.115,0.677,0.712,0.25,0.379,0.752,0.127,0.72,0.492,0.316,0.549,0.534,-0.304,0.71,0.704,0.604,-0.048,0.697,0.589,-0.165,0.741,0.585,-0.519,-0.067,0.665,0.642,0.165,0.34,-0.213,-0.217,-0.404,0.384,0.746,0.752,0.641,0.263,0.737,0.645,0.642,-0.069,0.697,0.738,0.058,0.741,0.532,0.534,-0.514,0.764,0.689,0.704,0.595,0.713,0.631,-0.575,0.695,0.619,0.804,0.45,0.684,-0.453,0.683,0.615,0.72,0.735,0.348,0.709,0.715,-0.307,0.729,0.354,0.679,0.762,0.809,0.647,0.514,0.726,-0.509,0.385,-0.261,0.743,0.704,0.735,0.439,0.797,0.679,0.757,0.629,0.717,-0.063,0.093,0.543,-0.477,0.426,0.627,0.328,-0.395,-0.129,0.224,0.337,0.576,0.693,0.735,0.069,0.793,0.756,0.582,0.015,0.788,0.574,0.717,0.776,0.509,0.349,0.786,-0.184,0.078,0.648,0.374,0.638,-0.004,0.536,0.868,0.749,0.8,-0.291,0.558,0.732,-0.274,0.583,0.544,0.059,0.799,0.662,0.628,0.723
BIDU,0.185,0.607,0.475,0.681,0.799,0.701,-0.018,0.613,0.503,-0.063,0.66,0.748,-0.477,0.605,-0.324,0.606,0.596,0.008,0.364,-0.068,0.363,0.667,-0.56,0.217,0.63,1.0,-0.251,0.543,0.443,0.288,0.547,0.414,-0.31,0.699,0.5,0.209,0.385,0.315,-0.112,0.679,-0.322,0.626,0.142,0.523,0.305,-0.043,-0.005,0.627,0.496,0.652,0.62,0.755,0.496,0.621,0.253,0.1,-0.414,0.564,-0.138,-0.177,-0.548,0.515,-0.26,0.431,0.422,-0.289,0.655,0.646,0.167,0.183,0.552,-0.155,0.696,0.134,0.169,0.151,0.467,0.026,0.619,0.647,0.419,0.174,0.647,0.417,-0.107,0.533,0.547,-0.222,0.057,0.443,0.748,0.212,0.234,-0.188,-0.014,-0.227,0.141,0.68,0.589,0.474,-0.071,0.666,0.748,0.49,0.276,0.69,0.635,0.097,0.439,0.302,0.489,-0.618,0.613,0.708,0.522,0.265,0.51,0.711,-0.409,0.4,0.656,0.414,0.198,0.438,-0.31,0.684,0.369,0.549,0.735,0.295,0.575,0.744,-0.174,0.499,0.087,0.465,0.471,0.633,0.431,0.434,0.422,-0.135,0.291,-0.15,0.781,0.667,0.531,0.438,0.606,0.69,0.611,0.515,0.611,-0.229,0.069,0.48,-0.336,0.271,0.498,0.172,-0.489,-0.255,0.27,0.251,0.53,0.339,0.55,-0.076,0.719,0.499,0.399,-0.028,0.614,0.538,0.615,0.632,0.614,0.227,0.554,-0.337,0.385,0.694,0.019,0.583,-0.109,0.51,0.533,0.747,0.573,-0.022,0.483,0.52,-0.079,0.228,0.406,-0.064,0.521,0.606,0.851,0.523
BILI,-0.242,-0.56,-0.205,-0.429,-0.383,-0.191,0.507,-0.411,-0.572,0.012,-0.372,-0.474,0.504,-0.308,0.426,-0.024,-0.293,-0.171,-0.471,-0.192,-0.1,-0.23,0.391,0.005,-0.253,-0.251,1.0,-0.261,-0.236,0.059,-0.299,-0.38,0.405,-0.362,-0.325,-0.105,-0.055,-0.328,-0.116,-0.412,0.292,-0.379,0.199,-0.486,0.242,0.429,-0.097,-0.327,-0.423,-0.326,-0.383,-0.515,-0.246,-0.4,-0.151,0.114,0.52,-0.396,0.118,0.305,0.63,-0.44,0.492,-0.208,-0.381,0.538,-0.487,-0.428,-0.233,-0.28,-0.321,0.408,-0.254,0.119,0.225,0.155,-0.176,0.025,-0.51,-0.551,-0.025,0.19,-0.403,-0.334,0.463,-0.403,-0.493,0.147,0.069,-0.491,-0.312,0.051,-0.433,0.818,0.252,0.398,0.2,-0.414,-0.513,-0.349,0.045,-0.31,-0.463,-0.067,0.218,-0.554,-0.45,0.367,-0.223,-0.068,0.224,0.434,-0.374,-0.515,-0.496,-0.117,-0.179,-0.466,0.272,-0.319,-0.543,-0.227,-0.052,-0.446,0.347,-0.469,-0.233,-0.343,-0.371,0.108,-0.422,-0.449,-0.082,-0.441,-0.199,-0.407,-0.41,-0.393,-0.34,0.355,-0.203,0.405,-0.198,0.519,-0.48,-0.34,-0.372,-0.456,-0.344,-0.562,-0.492,-0.317,-0.553,0.611,-0.13,-0.372,0.025,0.18,-0.334,0.116,0.597,0.495,-0.072,-0.14,-0.097,-0.102,-0.389,0.437,-0.486,-0.168,-0.144,0.564,-0.469,-0.12,-0.481,-0.372,-0.369,-0.218,-0.298,0.291,-0.3,-0.434,0.089,-0.276,0.262,0.028,-0.332,-0.391,-0.262,-0.067,-0.152,-0.203,0.46,-0.138,-0.446,0.053,-0.405,-0.46,-0.343,-0.474
BKR,0.407,0.533,0.479,0.476,0.653,0.532,0.001,0.336,0.412,0.11,0.43,0.52,-0.288,0.517,-0.062,0.513,0.34,0.169,0.202,0.272,0.463,0.562,-0.173,-0.077,0.472,0.543,-0.261,1.0,0.395,0.192,0.383,0.314,0.046,0.471,0.404,0.078,0.462,0.265,0.177,0.596,-0.014,0.489,0.231,0.378,0.365,0.105,0.116,0.564,0.496,0.538,0.468,0.526,0.534,0.649,0.272,0.286,-0.357,0.473,0.146,0.16,-0.365,0.415,-0.087,0.31,0.339,-0.281,0.564,0.473,0.07,0.155,0.379,0.195,0.4,-0.022,0.063,0.07,0.477,0.295,0.494,0.518,0.247,0.117,0.539,0.393,0.222,0.321,0.455,-0.184,-0.017,0.385,0.509,0.337,0.2,-0.245,0.255,0.018,0.146,0.458,0.5,0.377,0.0,0.53,0.561,0.474,0.306,0.528,0.477,0.057,0.313,0.464,0.318,-0.442,0.528,0.594,0.421,0.083,0.213,0.514,-0.185,0.344,0.578,0.349,0.107,0.296,-0.214,0.441,0.282,0.381,0.515,0.33,0.462,0.503,0.045,0.381,0.275,0.305,0.393,0.424,0.347,0.23,0.343,0.04,0.216,0.091,0.578,0.579,0.429,0.265,0.391,0.522,0.56,0.453,0.436,0.068,0.269,0.29,-0.064,0.334,0.328,0.357,-0.319,-0.082,0.43,0.161,0.271,0.272,0.38,-0.253,0.527,0.469,0.41,0.078,0.452,0.564,0.399,0.52,0.546,0.401,0.468,-0.299,0.48,0.54,0.056,0.386,0.07,0.4,0.451,0.499,0.317,0.107,0.477,0.424,0.025,0.06,0.365,-0.133,0.407,0.557,0.499,0.346
BLDP,0.502,0.702,0.621,0.721,0.661,0.635,-0.242,0.627,0.317,-0.263,0.703,0.69,-0.656,0.763,-0.317,0.573,0.634,0.318,0.576,0.372,0.659,0.693,-0.658,0.441,0.703,0.443,-0.236,0.395,1.0,0.597,0.634,0.682,-0.267,0.681,0.85,0.389,0.407,0.624,0.084,0.736,-0.607,0.801,0.249,0.686,0.188,-0.068,-0.175,0.693,0.757,0.797,0.736,0.691,0.724,0.704,0.593,0.102,-0.414,0.818,-0.185,-0.251,-0.56,0.763,-0.435,0.55,0.779,-0.164,0.715,0.694,0.366,0.521,0.76,0.252,0.648,0.498,0.38,0.472,0.662,-0.311,0.658,0.661,0.583,0.007,0.7,0.725,-0.191,0.743,0.675,-0.311,-0.041,0.625,0.543,0.286,0.405,-0.409,-0.059,-0.371,0.369,0.744,0.732,0.726,0.375,0.625,0.621,0.577,-0.047,0.625,0.68,-0.063,0.588,0.572,0.394,-0.423,0.804,0.687,0.739,0.44,0.63,0.55,-0.452,0.68,0.525,0.704,0.505,0.744,-0.28,0.668,0.727,0.682,0.707,0.378,0.745,0.641,-0.068,0.663,0.524,0.68,0.666,0.737,0.613,0.406,0.669,-0.45,0.645,-0.334,0.648,0.691,0.774,0.411,0.669,0.633,0.715,0.699,0.706,-0.06,0.392,0.597,-0.424,0.433,0.633,0.395,-0.427,-0.214,0.339,0.467,0.505,0.631,0.709,-0.104,0.667,0.686,0.707,-0.059,0.692,0.575,0.669,0.772,0.507,0.544,0.768,-0.124,0.219,0.638,0.362,0.599,0.034,0.372,0.783,0.699,0.613,-0.034,0.494,0.714,-0.334,0.649,0.676,0.208,0.725,0.569,0.609,0.744
BLNK,0.433,0.457,0.39,0.483,0.324,0.355,-0.225,0.497,0.107,-0.226,0.44,0.456,-0.356,0.656,0.095,0.507,0.381,0.197,0.496,0.372,0.531,0.415,-0.439,0.187,0.439,0.288,0.059,0.192,0.597,1.0,0.529,0.59,-0.003,0.675,0.594,0.477,0.513,0.567,0.209,0.468,-0.427,0.462,0.365,0.433,0.17,0.162,-0.19,0.448,0.482,0.533,0.539,0.535,0.537,0.324,0.602,-0.118,-0.038,0.482,-0.07,-0.131,-0.292,0.443,-0.276,0.34,0.521,0.152,0.346,0.361,0.329,0.591,0.498,0.256,0.6,0.576,0.601,0.408,0.751,-0.418,0.469,0.469,0.598,0.136,0.334,0.606,-0.095,0.539,0.589,-0.083,0.108,0.394,0.223,0.202,0.364,-0.082,-0.179,-0.296,0.515,0.423,0.469,0.533,0.529,0.435,0.329,0.495,0.026,0.344,0.296,-0.066,0.279,0.395,0.319,-0.061,0.546,0.477,0.509,0.497,0.49,0.294,-0.26,0.457,0.18,0.468,0.588,0.421,-0.09,0.559,0.667,0.418,0.416,0.268,0.374,0.472,0.096,0.428,0.553,0.531,0.47,0.459,0.432,0.464,0.529,-0.286,0.567,-0.143,0.428,0.537,0.505,0.324,0.454,0.379,0.501,0.609,0.408,0.128,0.349,0.307,-0.17,0.387,0.571,0.562,-0.022,-0.017,0.124,0.643,0.658,0.519,0.416,0.042,0.316,0.61,0.647,0.062,0.517,0.23,0.386,0.514,0.152,0.481,0.649,0.291,-0.038,0.322,0.523,0.186,0.106,0.314,0.422,0.548,0.428,-0.082,0.245,0.428,-0.296,0.561,0.545,0.267,0.466,0.298,0.484,0.436
BYND,0.382,0.73,0.545,0.775,0.689,0.572,-0.18,0.668,0.585,-0.016,0.812,0.742,-0.478,0.774,-0.257,0.722,0.616,0.019,0.455,0.08,0.555,0.646,-0.621,0.317,0.706,0.547,-0.299,0.383,0.634,0.529,1.0,0.675,-0.281,0.69,0.661,0.33,0.515,0.563,-0.017,0.759,-0.45,0.703,0.349,0.637,0.303,-0.003,-0.054,0.67,0.686,0.755,0.72,0.748,0.648,0.688,0.636,0.015,-0.344,0.695,-0.273,-0.182,-0.498,0.761,-0.295,0.47,0.624,-0.244,0.72,0.64,0.309,0.349,0.601,0.018,0.596,0.26,0.176,0.307,0.664,-0.124,0.691,0.701,0.519,0.174,0.657,0.631,-0.074,0.624,0.653,-0.203,0.227,0.591,0.596,0.221,0.496,-0.252,-0.129,-0.333,0.189,0.712,0.645,0.506,0.229,0.846,0.738,0.694,0.146,0.817,0.727,-0.047,0.471,0.252,0.39,-0.49,0.725,0.646,0.686,0.414,0.648,0.774,-0.401,0.516,0.659,0.752,0.288,0.575,-0.182,0.675,0.6,0.651,0.7,0.525,0.708,0.694,-0.115,0.765,0.341,0.599,0.575,0.746,0.554,0.371,0.581,-0.249,0.512,-0.253,0.729,0.801,0.681,0.61,0.68,0.817,0.839,0.683,0.728,-0.083,0.202,0.518,-0.253,0.275,0.737,0.481,-0.39,-0.222,0.273,0.464,0.623,0.588,0.616,-0.235,0.694,0.683,0.653,-0.055,0.656,0.532,0.757,0.849,0.625,0.403,0.748,-0.14,0.175,0.67,0.173,0.629,0.063,0.546,0.643,0.631,0.602,-0.172,0.615,0.536,-0.171,0.426,0.603,0.076,0.718,0.606,0.702,0.667
