,AAL,AAPL,ABUS,ADBE,ADI,ADMA,AEP,AGNC,AKBA,ALT,AMAT,AMD,AMGN,AMZN,APA,APPS,ARCC,ARDX,ATER,ATOS,AUPH,AVGO,AZN,BCRX,BGC,BIDU,BILI,BKR,BLDP,BLNK,BYND,CAN,CELH,CG,CGC,CHRD,CLNE,CMCSA,COMM,COST,CPB,CPRT,CRON,CRWD,CSCO,CSGP,CSX,CTSH,CZR,DBX,DDOG,DKNG,DLTR,DOCU,DVAX,DXCM,EA,EBAY,ENPH,ERIC,ESPR,ETSY,EXC,EXEL,EXPE,FANG,FAST,FITB,FLEX,FOLD,FOXA,FSLR,FTNT,FUTU,GEN,GERN,GEVO,GILD,GOOG,GOOGL,GPRO,GT,HBAN,HIVE,HON,HST,HUT,IBRX,INTC,IOVA,IQ,IRWD,JBLU,JD,KDP,KHC,LBTYK,LRCX,LYFT,MAR,MARA,MAT,MCHP,MCRB,MDLZ,META,MGNI,MLCO,MNKD,MNST,MOMO,MRNA,MRVL,MSFT,MSTR,MTCH,MU,MVIS,NDAQ,NFLX,NKTR,NNDM,NTES,NTNX,NVAX,NVDA,NWL,NWSA,NXPI,OCGN,OKTA,ON,OPK,PAA,PACB,PAGP,PANW,PARA,PCAR,PDD,PENN,PEP,PLUG,PTEN,PTON,PYPL,QCOM,QUBT,QVCGA,RDFN,REAL,RIOT,ROKU,ROST,RUN,SABR,SAVA,SBUX,SFIX,SGMO,SIRI,SLM,SMCI,SNDL,SONO,STNE,STX,TCOM,TGTX,TIGR,TLRY,TMUS,TRIP,TSCO,TSLA,TTD,TXN,UAL,UNIT,VERU,VKTX,VLY,VOD,VTRS,VXRT,WBA,WBD,WDAY,WDC,WEN,WW,WYNN,XEL,XP,XRAY,XRX,Z,ZION,ZM,ZS
AAL,1.0,0.82,0.376,0.777,0.797,0.756,0.526,0.838,0.729,0.197,0.696,0.79,0.602,0.751,-0.517,0.616,0.811,0.548,0.783,0.242,0.594,0.682,0.388,-0.101,0.773,0.439,0.549,-0.37,0.614,0.636,0.517,-0.504,-0.055,0.768,0.183,-0.077,0.004,0.637,0.588,0.752,0.203,0.71,0.666,0.749,-0.396,0.804,0.659,0.705,0.857,0.615,0.685,0.844,0.717,0.823,-0.296,0.734,0.786,0.607,0.672,0.795,0.791,0.719,0.231,0.66,0.836,-0.231,0.814,0.887,0.706,0.042,0.226,0.548,-0.298,0.581,0.711,0.346,0.558,-0.369,0.786,0.787,0.76,0.743,0.836,-0.239,0.837,0.791,-0.447,0.708,0.696,0.624,0.34,0.739,0.686,0.704,0.824,0.697,0.339,0.768,0.648,0.723,0.56,-0.155,0.863,-0.298,0.811,0.781,0.789,-0.484,-0.473,0.666,-0.075,0.439,0.823,0.717,0.689,0.077,0.817,0.684,0.798,0.781,0.33,-0.47,0.677,0.794,-0.417,0.796,0.753,0.495,0.834,0.597,0.646,0.638,0.705,0.452,0.696,0.337,0.487,0.804,0.839,0.687,0.713,0.695,-0.498,-0.51,0.579,0.785,0.761,0.323,0.725,0.853,0.752,0.416,0.789,0.664,0.762,0.299,0.432,0.75,0.496,-0.52,0.825,0.589,0.772,0.417,0.549,0.674,0.759,0.316,0.682,0.467,0.274,0.759,0.732,0.717,0.805,-0.178,0.797,0.956,0.717,0.545,0.712,0.753,-0.014,0.719,0.738,0.367,0.308,0.765,0.747,0.112,-0.488,-0.055,0.321,0.723,0.185,0.744,0.61,0.844,0.656,0.73
AAPL,0.82,1.0,0.123,0.901,0.815,0.807,0.527,0.84,0.701,0.135,0.774,0.851,0.428,0.779,-0.617,0.475,0.751,0.46,0.794,0.353,0.585,0.724,0.264,-0.235,0.785,0.328,0.396,-0.429,0.51,0.704,0.431,-0.702,-0.067,0.881,0.013,-0.167,-0.144,0.546,0.497,0.84,0.158,0.803,0.732,0.849,-0.488,0.831,0.756,0.798,0.811,0.729,0.862,0.922,0.636,0.824,-0.394,0.754,0.914,0.487,0.673,0.746,0.697,0.78,0.086,0.759,0.917,-0.294,0.836,0.836,0.691,-0.147,-0.022,0.448,-0.192,0.446,0.83,0.314,0.458,-0.508,0.879,0.878,0.773,0.829,0.84,-0.422,0.796,0.831,-0.569,0.603,0.737,0.64,0.165,0.686,0.461,0.618,0.8,0.714,0.282,0.91,0.595,0.88,0.546,-0.375,0.913,-0.326,0.925,0.867,0.807,-0.579,-0.537,0.608,-0.267,0.43,0.831,0.82,0.76,0.139,0.855,0.633,0.887,0.859,0.136,-0.626,0.67,0.823,-0.528,0.733,0.66,0.437,0.895,0.52,0.622,0.532,0.774,0.384,0.653,0.201,0.59,0.748,0.868,0.677,0.866,0.733,-0.61,-0.621,0.575,0.767,0.884,0.182,0.66,0.751,0.757,0.344,0.863,0.715,0.726,0.258,0.334,0.805,0.312,-0.55,0.726,0.532,0.848,0.311,0.587,0.723,0.799,0.232,0.722,0.388,0.068,0.793,0.851,0.608,0.78,-0.327,0.801,0.872,0.758,0.411,0.7,0.71,-0.136,0.71,0.671,0.141,0.149,0.808,0.769,0.075,-0.501,-0.215,0.192,0.805,0.288,0.637,0.51,0.775,0.629,0.782
ABUS,0.376,0.123,1.0,0.211,0.26,0.219,0.356,0.28,0.375,0.326,0.229,0.201,0.254,0.311,0.077,0.52,0.382,0.352,0.36,0.195,0.305,0.184,0.324,0.332,0.213,0.325,0.362,0.073,0.517,0.25,0.332,-0.004,0.049,0.243,0.419,0.312,0.372,0.496,0.163,0.297,0.386,0.212,0.225,0.311,0.119,0.236,0.278,0.196,0.305,0.138,0.052,0.239,0.543,0.364,0.067,0.252,0.15,0.362,0.251,0.301,0.458,0.254,0.476,0.279,0.239,0.297,0.238,0.396,0.286,0.391,0.453,0.374,-0.188,0.308,0.147,0.472,0.536,0.155,0.168,0.217,0.281,0.331,0.337,0.097,0.368,0.262,0.09,0.309,0.314,0.304,0.274,0.279,0.314,0.508,0.294,0.244,0.296,0.156,0.346,0.121,0.287,0.376,0.232,0.024,0.259,0.142,0.36,0.102,0.147,0.269,0.257,0.29,0.331,0.201,0.187,-0.17,0.281,0.442,0.201,0.201,0.43,0.14,0.241,0.328,0.065,0.213,0.251,0.363,0.217,0.475,0.355,0.107,0.305,0.422,0.159,0.503,0.253,0.302,0.194,0.155,0.192,0.338,0.098,0.142,0.409,0.337,0.227,0.416,0.237,0.391,0.15,0.371,0.239,0.295,0.47,0.392,0.388,0.156,0.582,0.085,0.462,0.237,0.256,0.563,0.344,0.339,0.198,0.085,0.316,0.185,0.582,0.318,0.181,0.471,0.449,0.249,0.336,0.293,0.426,0.426,0.451,0.502,0.21,0.35,0.189,0.453,0.379,0.191,0.021,0.198,-0.044,0.287,0.491,0.289,0.029,0.463,0.212,0.432,0.34,0.224
ADBE,0.777,0.901,0.211,1.0,0.801,0.778,0.55,0.787,0.749,0.292,0.714,0.838,0.424,0.853,-0.673,0.48,0.766,0.467,0.739,0.439,0.596,0.705,0.389,-0.26,0.806,0.402,0.397,-0.359,0.493,0.665,0.393,-0.67,0.056,0.87,0.061,-0.132,-0.075,0.573,0.489,0.796,0.168,0.814,0.763,0.821,-0.467,0.827,0.757,0.725,0.759,0.631,0.895,0.82,0.636,0.771,-0.429,0.754,0.849,0.598,0.655,0.768,0.76,0.702,0.091,0.705,0.83,-0.245,0.785,0.783,0.593,-0.123,0.026,0.485,-0.327,0.415,0.849,0.279,0.35,-0.422,0.844,0.867,0.837,0.812,0.747,-0.359,0.812,0.798,-0.499,0.592,0.71,0.666,0.143,0.687,0.412,0.639,0.811,0.714,0.191,0.842,0.628,0.824,0.559,-0.292,0.807,-0.482,0.881,0.846,0.842,-0.485,-0.515,0.577,-0.286,0.339,0.779,0.834,0.741,0.029,0.796,0.618,0.909,0.854,0.121,-0.639,0.61,0.799,-0.511,0.729,0.623,0.463,0.871,0.507,0.605,0.504,0.802,0.354,0.586,0.215,0.574,0.709,0.82,0.648,0.83,0.797,-0.554,-0.56,0.496,0.707,0.8,0.292,0.655,0.656,0.821,0.401,0.769,0.726,0.676,0.269,0.314,0.693,0.37,-0.551,0.684,0.507,0.75,0.383,0.57,0.733,0.784,0.206,0.72,0.393,0.115,0.816,0.891,0.599,0.792,-0.236,0.787,0.836,0.737,0.424,0.694,0.668,-0.018,0.805,0.638,0.151,0.249,0.786,0.752,0.025,-0.581,-0.122,0.225,0.799,0.217,0.64,0.433,0.73,0.656,0.757
ADI,0.797,0.815,0.26,0.801,1.0,0.738,0.536,0.793,0.581,0.17,0.747,0.821,0.431,0.85,-0.608,0.583,0.792,0.54,0.73,0.419,0.774,0.799,0.313,-0.241,0.877,0.521,0.31,-0.368,0.513,0.723,0.412,-0.557,-0.269,0.833,0.049,-0.144,-0.086,0.589,0.651,0.773,0.309,0.868,0.612,0.799,-0.528,0.875,0.848,0.816,0.822,0.649,0.688,0.759,0.636,0.887,-0.358,0.833,0.86,0.595,0.775,0.843,0.726,0.826,0.146,0.714,0.782,-0.287,0.796,0.797,0.775,-0.185,0.164,0.607,-0.317,0.449,0.769,0.304,0.497,-0.48,0.903,0.869,0.82,0.8,0.843,-0.36,0.822,0.843,-0.543,0.728,0.822,0.729,0.301,0.682,0.523,0.699,0.841,0.795,0.302,0.911,0.579,0.819,0.663,-0.287,0.879,-0.324,0.884,0.893,0.823,-0.613,-0.443,0.601,-0.08,0.46,0.846,0.846,0.722,0.163,0.901,0.65,0.847,0.891,0.149,-0.536,0.672,0.78,-0.554,0.775,0.765,0.422,0.821,0.598,0.706,0.639,0.774,0.314,0.737,0.176,0.55,0.764,0.897,0.742,0.853,0.703,-0.591,-0.557,0.594,0.766,0.883,0.315,0.61,0.741,0.744,0.414,0.785,0.756,0.733,0.295,0.321,0.728,0.453,-0.505,0.757,0.455,0.841,0.343,0.669,0.761,0.86,0.422,0.758,0.429,0.176,0.787,0.685,0.699,0.856,-0.311,0.84,0.817,0.711,0.525,0.748,0.756,-0.078,0.744,0.65,0.34,0.244,0.838,0.828,0.177,-0.59,-0.201,0.398,0.812,0.338,0.641,0.562,0.824,0.823,0.787
ADMA,0.756,0.807,0.219,0.778,0.738,1.0,0.42,0.734,0.659,0.205,0.698,0.758,0.378,0.668,-0.667,0.531,0.714,0.438,0.718,0.299,0.605,0.712,0.384,-0.28,0.728,0.358,0.403,-0.511,0.442,0.582,0.385,-0.542,-0.017,0.787,0.092,-0.171,-0.091,0.556,0.43,0.686,0.142,0.686,0.753,0.729,-0.451,0.803,0.626,0.661,0.691,0.573,0.758,0.797,0.535,0.756,-0.442,0.671,0.756,0.537,0.531,0.693,0.686,0.598,0.045,0.643,0.753,-0.299,0.697,0.738,0.539,-0.123,0.082,0.383,-0.317,0.525,0.802,0.321,0.376,-0.429,0.728,0.735,0.764,0.665,0.683,-0.26,0.69,0.73,-0.386,0.505,0.696,0.67,0.186,0.739,0.403,0.56,0.655,0.606,0.188,0.799,0.608,0.712,0.664,-0.431,0.727,-0.425,0.76,0.736,0.761,-0.545,-0.502,0.531,-0.217,0.311,0.81,0.78,0.837,-0.027,0.885,0.649,0.788,0.692,0.197,-0.631,0.68,0.689,-0.423,0.762,0.541,0.392,0.783,0.555,0.586,0.443,0.649,0.304,0.548,0.19,0.525,0.714,0.7,0.651,0.764,0.67,-0.582,-0.545,0.402,0.631,0.722,0.182,0.619,0.628,0.763,0.504,0.724,0.712,0.591,0.171,0.292,0.638,0.299,-0.462,0.609,0.47,0.744,0.308,0.556,0.618,0.722,0.174,0.657,0.434,0.099,0.669,0.79,0.541,0.703,-0.259,0.745,0.77,0.633,0.356,0.612,0.605,-0.055,0.745,0.55,0.1,0.178,0.825,0.712,-0.045,-0.58,-0.129,0.163,0.677,0.172,0.532,0.351,0.643,0.648,0.718
AEP,0.526,0.527,0.356,0.55,0.536,0.42,1.0,0.713,0.508,0.465,0.425,0.607,0.587,0.569,-0.136,0.415,0.73,0.423,0.483,0.456,0.496,0.289,0.448,0.297,0.494,0.271,0.489,0.026,0.581,0.24,0.688,-0.29,0.335,0.495,0.455,0.344,0.425,0.652,0.372,0.511,0.526,0.505,0.429,0.457,-0.049,0.513,0.54,0.485,0.624,0.235,0.321,0.598,0.693,0.51,-0.162,0.55,0.645,0.545,0.341,0.536,0.429,0.471,0.637,0.565,0.515,0.035,0.565,0.638,0.372,0.193,0.571,0.403,-0.449,0.209,0.397,0.187,0.639,0.106,0.561,0.547,0.351,0.429,0.71,0.248,0.594,0.681,-0.004,0.523,0.439,0.352,0.196,0.446,0.466,0.455,0.593,0.698,0.425,0.552,0.661,0.427,0.353,0.233,0.543,-0.339,0.661,0.521,0.574,-0.141,-0.28,0.742,-0.148,0.326,0.491,0.488,0.426,-0.244,0.532,0.414,0.492,0.533,0.409,-0.197,0.379,0.522,-0.034,0.391,0.38,0.724,0.471,0.553,0.43,0.305,0.537,0.717,0.419,0.59,0.283,0.667,0.533,0.326,0.676,0.751,-0.067,-0.22,0.56,0.677,0.618,0.553,0.535,0.587,0.317,0.569,0.707,0.502,0.628,0.466,0.609,0.682,0.386,-0.321,0.568,0.658,0.461,0.508,0.359,0.373,0.559,-0.12,0.614,0.195,0.441,0.76,0.389,0.493,0.569,0.232,0.593,0.48,0.669,0.419,0.455,0.595,0.426,0.537,0.256,0.456,0.55,0.44,0.415,0.099,-0.146,0.307,0.599,0.496,0.064,0.778,0.249,0.676,0.46,0.299
AGNC,0.838,0.84,0.28,0.787,0.793,0.734,0.713,1.0,0.666,0.279,0.666,0.908,0.615,0.821,-0.516,0.51,0.871,0.557,0.727,0.348,0.636,0.657,0.385,-0.022,0.805,0.34,0.485,-0.317,0.602,0.504,0.584,-0.55,0.041,0.725,0.254,-0.018,0.063,0.684,0.498,0.712,0.256,0.688,0.589,0.744,-0.356,0.806,0.732,0.734,0.885,0.478,0.661,0.852,0.72,0.802,-0.386,0.712,0.883,0.51,0.61,0.761,0.626,0.729,0.343,0.752,0.772,-0.235,0.841,0.827,0.635,-0.031,0.28,0.506,-0.42,0.453,0.642,0.215,0.588,-0.337,0.844,0.793,0.623,0.682,0.902,-0.106,0.85,0.897,-0.386,0.708,0.633,0.545,0.263,0.655,0.567,0.564,0.822,0.854,0.386,0.8,0.667,0.766,0.468,-0.129,0.855,-0.381,0.873,0.808,0.731,-0.499,-0.508,0.775,-0.231,0.395,0.748,0.722,0.686,-0.075,0.834,0.537,0.785,0.802,0.281,-0.528,0.644,0.812,-0.353,0.769,0.641,0.521,0.772,0.569,0.654,0.514,0.696,0.595,0.625,0.445,0.419,0.79,0.819,0.64,0.868,0.816,-0.495,-0.583,0.611,0.879,0.875,0.442,0.66,0.791,0.626,0.443,0.902,0.635,0.765,0.353,0.586,0.889,0.334,-0.564,0.793,0.668,0.79,0.453,0.459,0.554,0.835,0.15,0.837,0.41,0.208,0.889,0.674,0.641,0.741,-0.138,0.778,0.824,0.807,0.468,0.649,0.703,0.059,0.641,0.579,0.347,0.31,0.762,0.779,0.054,-0.47,-0.055,0.405,0.683,0.118,0.86,0.484,0.879,0.639,0.663
AKBA,0.729,0.701,0.375,0.749,0.581,0.659,0.508,0.666,1.0,0.357,0.499,0.6,0.569,0.634,-0.427,0.651,0.612,0.518,0.734,0.361,0.544,0.454,0.371,0.122,0.555,0.262,0.546,-0.318,0.611,0.475,0.47,-0.377,0.181,0.671,0.288,0.032,0.15,0.591,0.441,0.628,0.111,0.527,0.552,0.603,-0.306,0.615,0.464,0.565,0.72,0.422,0.712,0.779,0.67,0.64,-0.258,0.564,0.606,0.568,0.488,0.61,0.748,0.582,0.222,0.586,0.743,-0.109,0.57,0.831,0.473,0.284,0.239,0.497,-0.292,0.565,0.698,0.476,0.53,-0.087,0.597,0.644,0.64,0.677,0.691,-0.13,0.664,0.701,-0.329,0.576,0.516,0.589,0.34,0.564,0.585,0.613,0.607,0.516,0.442,0.555,0.692,0.588,0.365,-0.008,0.663,-0.231,0.661,0.555,0.721,-0.193,-0.24,0.596,-0.023,0.389,0.577,0.606,0.488,0.006,0.611,0.639,0.694,0.577,0.506,-0.368,0.441,0.591,-0.272,0.518,0.59,0.498,0.762,0.576,0.514,0.456,0.639,0.526,0.507,0.447,0.294,0.687,0.612,0.488,0.654,0.619,-0.266,-0.467,0.554,0.654,0.596,0.308,0.686,0.69,0.622,0.41,0.674,0.562,0.675,0.293,0.499,0.616,0.501,-0.326,0.663,0.498,0.565,0.422,0.401,0.525,0.551,0.085,0.583,0.345,0.408,0.632,0.797,0.626,0.658,0.038,0.678,0.718,0.7,0.565,0.646,0.676,0.02,0.767,0.643,0.404,0.496,0.527,0.488,0.04,-0.359,0.192,0.326,0.59,0.112,0.649,0.449,0.701,0.568,0.57
ALT,0.197,0.135,0.326,0.292,0.17,0.205,0.465,0.279,0.357,1.0,0.018,0.214,0.195,0.28,-0.123,0.192,0.391,0.306,0.208,0.589,0.343,0.182,0.304,0.332,0.237,0.42,0.146,-0.111,0.173,-0.085,0.253,0.038,0.463,0.272,0.421,0.146,0.345,0.349,0.182,0.206,0.185,0.134,0.223,0.305,-0.105,0.202,0.211,0.232,0.262,0.135,0.17,0.305,0.44,0.242,-0.165,0.301,0.22,0.315,0.146,0.248,0.296,0.215,0.184,0.297,0.206,-0.083,0.112,0.298,-0.034,0.244,0.34,0.23,-0.191,0.15,0.23,0.202,0.223,0.145,0.183,0.212,0.201,0.131,0.246,0.232,0.258,0.274,0.185,0.255,0.175,0.354,-0.078,0.078,0.195,0.316,0.343,0.416,0.015,0.141,0.384,0.178,0.339,0.091,0.133,-0.265,0.331,0.141,0.388,0.125,-0.113,0.269,-0.063,0.167,0.107,0.192,0.248,-0.177,0.186,0.306,0.234,0.229,0.285,-0.004,0.111,0.263,-0.054,0.06,0.112,0.656,0.115,0.551,0.347,-0.015,0.372,0.392,0.183,0.331,0.147,0.354,0.108,0.308,0.334,0.345,0.051,-0.15,0.217,0.23,0.149,0.758,0.54,0.332,0.194,0.612,0.39,0.285,0.316,0.17,0.272,0.175,0.284,-0.076,0.082,0.147,0.154,0.283,0.225,0.189,0.245,-0.233,0.362,0.286,0.31,0.404,0.24,0.148,0.204,0.353,0.187,0.158,0.411,0.18,0.368,0.263,0.569,0.429,0.02,0.167,0.377,0.245,0.101,0.134,-0.01,0.405,0.214,0.191,0.044,0.324,0.086,0.176,0.259,0.31
AMAT,0.696,0.774,0.229,0.714,0.747,0.698,0.425,0.666,0.499,0.018,1.0,0.719,0.451,0.727,-0.564,0.399,0.648,0.326,0.649,0.13,0.567,0.733,0.169,-0.364,0.676,0.384,0.452,-0.318,0.424,0.765,0.389,-0.715,-0.159,0.724,-0.117,-0.182,-0.184,0.39,0.327,0.805,0.273,0.812,0.754,0.717,-0.238,0.723,0.688,0.635,0.655,0.591,0.677,0.701,0.601,0.719,-0.472,0.661,0.811,0.439,0.509,0.646,0.6,0.598,0.3,0.616,0.736,-0.242,0.675,0.656,0.768,-0.263,0.038,0.276,-0.389,0.435,0.715,0.17,0.388,-0.507,0.821,0.852,0.738,0.751,0.662,-0.399,0.645,0.663,-0.549,0.457,0.696,0.629,0.281,0.75,0.462,0.569,0.658,0.597,0.136,0.827,0.515,0.65,0.432,-0.331,0.713,-0.437,0.701,0.76,0.639,-0.665,-0.564,0.615,-0.133,0.214,0.816,0.861,0.692,-0.043,0.767,0.499,0.694,0.682,0.05,-0.505,0.746,0.69,-0.433,0.716,0.509,0.2,0.679,0.38,0.477,0.477,0.546,0.203,0.527,0.073,0.633,0.552,0.776,0.597,0.677,0.692,-0.584,-0.539,0.355,0.661,0.767,0.19,0.557,0.582,0.699,0.164,0.673,0.791,0.544,0.113,0.167,0.67,0.209,-0.607,0.626,0.54,0.688,0.483,0.556,0.667,0.633,0.326,0.578,0.43,0.002,0.638,0.681,0.617,0.778,-0.342,0.699,0.696,0.566,0.449,0.579,0.591,-0.134,0.62,0.557,0.22,0.07,0.698,0.673,-0.03,-0.563,-0.267,0.206,0.824,0.026,0.551,0.406,0.701,0.64,0.683
AMD,0.79,0.851,0.201,0.838,0.821,0.758,0.607,0.908,0.6,0.214,0.719,1.0,0.511,0.832,-0.637,0.451,0.786,0.494,0.701,0.284,0.601,0.695,0.34,-0.155,0.82,0.387,0.361,-0.342,0.513,0.627,0.45,-0.605,-0.044,0.775,0.104,-0.148,-0.063,0.595,0.471,0.761,0.212,0.788,0.657,0.755,-0.404,0.863,0.781,0.757,0.876,0.547,0.711,0.815,0.629,0.783,-0.458,0.76,0.879,0.517,0.605,0.793,0.629,0.711,0.217,0.754,0.759,-0.29,0.821,0.751,0.664,-0.159,0.113,0.483,-0.4,0.39,0.667,0.208,0.443,-0.459,0.876,0.822,0.677,0.728,0.796,-0.221,0.838,0.885,-0.467,0.646,0.693,0.561,0.17,0.744,0.496,0.583,0.798,0.869,0.298,0.863,0.608,0.785,0.527,-0.279,0.843,-0.444,0.856,0.848,0.731,-0.541,-0.578,0.652,-0.305,0.308,0.806,0.787,0.724,0.031,0.878,0.534,0.793,0.844,0.14,-0.617,0.667,0.799,-0.408,0.802,0.613,0.454,0.77,0.455,0.578,0.509,0.703,0.419,0.641,0.278,0.513,0.708,0.88,0.647,0.846,0.83,-0.547,-0.577,0.474,0.785,0.86,0.363,0.624,0.712,0.689,0.407,0.814,0.677,0.664,0.259,0.401,0.805,0.266,-0.594,0.775,0.626,0.774,0.393,0.511,0.658,0.882,0.233,0.87,0.381,0.065,0.824,0.697,0.608,0.744,-0.215,0.783,0.823,0.693,0.403,0.69,0.625,0.013,0.637,0.596,0.276,0.221,0.844,0.852,0.103,-0.563,-0.122,0.319,0.708,0.149,0.76,0.475,0.768,0.623,0.689
AMGN,0.602,0.428,0.254,0.424,0.431,0.378,0.587,0.615,0.569,0.195,0.451,0.511,1.0,0.499,-0.241,0.456,0.547,0.274,0.467,0.047,0.327,0.28,0.278,0.135,0.372,0.085,0.74,-0.025,0.558,0.284,0.618,-0.142,0.305,0.319,0.279,0.049,0.224,0.441,0.316,0.421,0.171,0.378,0.333,0.318,0.051,0.472,0.265,0.263,0.602,0.03,0.338,0.5,0.54,0.495,-0.256,0.331,0.476,0.315,0.202,0.424,0.389,0.302,0.515,0.354,0.42,-0.123,0.429,0.545,0.441,0.253,0.4,0.248,-0.547,0.511,0.304,0.053,0.469,-0.029,0.484,0.476,0.28,0.42,0.57,0.323,0.47,0.519,-0.068,0.458,0.264,0.195,0.56,0.538,0.809,0.378,0.456,0.463,0.437,0.384,0.683,0.25,0.079,0.253,0.448,-0.345,0.431,0.427,0.361,-0.159,-0.385,0.685,0.087,0.053,0.433,0.418,0.345,-0.278,0.446,0.286,0.342,0.387,0.578,-0.221,0.388,0.365,0.059,0.469,0.406,0.336,0.453,0.325,0.227,0.539,0.33,0.476,0.35,0.459,0.008,0.41,0.501,0.36,0.427,0.588,-0.06,-0.32,0.287,0.584,0.479,0.393,0.443,0.559,0.291,0.218,0.501,0.334,0.42,0.163,0.474,0.671,0.243,-0.428,0.599,0.692,0.301,0.409,0.088,0.2,0.416,0.117,0.369,0.314,0.31,0.52,0.418,0.594,0.531,0.186,0.451,0.474,0.446,0.517,0.288,0.433,0.165,0.435,0.502,0.538,0.295,0.372,0.486,-0.07,-0.302,0.302,0.335,0.393,-0.244,0.649,0.419,0.669,0.345,0.253
AMZN,0.751,0.779,0.311,0.853,0.85,0.668,0.569,0.821,0.634,0.28,0.727,0.832,0.499,1.0,-0.623,0.406,0.821,0.488,0.686,0.416,0.69,0.751,0.301,-0.185,0.864,0.517,0.403,-0.337,0.441,0.586,0.382,-0.63,-0.022,0.712,0.024,-0.181,-0.104,0.511,0.503,0.796,0.23,0.811,0.66,0.782,-0.323,0.772,0.788,0.679,0.764,0.557,0.717,0.748,0.686,0.764,-0.45,0.736,0.818,0.538,0.663,0.724,0.705,0.694,0.198,0.713,0.736,-0.265,0.764,0.7,0.676,-0.161,0.144,0.458,-0.39,0.413,0.732,0.208,0.374,-0.449,0.852,0.839,0.696,0.766,0.739,-0.287,0.799,0.784,-0.454,0.627,0.699,0.617,0.281,0.651,0.429,0.633,0.826,0.788,0.167,0.781,0.502,0.739,0.5,-0.176,0.771,-0.46,0.817,0.852,0.699,-0.571,-0.553,0.637,-0.227,0.276,0.769,0.797,0.67,-0.078,0.775,0.557,0.814,0.859,0.126,-0.541,0.688,0.828,-0.482,0.745,0.635,0.421,0.77,0.495,0.614,0.52,0.671,0.405,0.582,0.277,0.591,0.651,0.812,0.685,0.781,0.765,-0.55,-0.557,0.446,0.704,0.814,0.475,0.635,0.669,0.684,0.349,0.751,0.757,0.63,0.178,0.328,0.686,0.316,-0.616,0.711,0.531,0.71,0.43,0.558,0.643,0.778,0.344,0.743,0.429,0.12,0.823,0.712,0.628,0.775,-0.227,0.719,0.759,0.693,0.505,0.705,0.631,0.059,0.678,0.557,0.232,0.188,0.732,0.776,0.096,-0.571,-0.134,0.283,0.776,0.118,0.675,0.441,0.793,0.726,0.738
APA,-0.517,-0.617,0.077,-0.673,-0.608,-0.667,-0.136,-0.516,-0.427,-0.123,-0.564,-0.637,-0.241,-0.623,1.0,-0.178,-0.503,-0.197,-0.554,-0.219,-0.477,-0.709,-0.113,0.622,-0.632,-0.398,-0.064,0.686,-0.148,-0.573,-0.086,0.653,0.11,-0.619,0.301,0.668,0.385,-0.135,-0.287,-0.508,0.102,-0.662,-0.585,-0.611,0.569,-0.658,-0.513,-0.424,-0.511,-0.428,-0.723,-0.586,-0.243,-0.53,0.655,-0.488,-0.559,-0.346,-0.419,-0.542,-0.497,-0.399,0.239,-0.39,-0.564,0.714,-0.497,-0.436,-0.36,0.479,0.294,-0.191,0.319,-0.325,-0.676,0.009,0.099,0.721,-0.626,-0.611,-0.642,-0.544,-0.4,0.336,-0.479,-0.484,0.483,-0.329,-0.488,-0.472,-0.06,-0.515,-0.226,-0.395,-0.52,-0.5,0.08,-0.597,-0.373,-0.539,-0.423,0.556,-0.507,0.541,-0.551,-0.605,-0.496,0.687,0.654,-0.298,0.418,0.01,-0.556,-0.677,-0.661,-0.004,-0.621,-0.38,-0.614,-0.624,0.099,0.795,-0.546,-0.565,0.597,-0.681,-0.429,-0.12,-0.616,-0.185,-0.291,-0.308,-0.463,0.119,-0.399,0.226,-0.352,-0.382,-0.575,-0.586,-0.55,-0.497,0.579,0.756,-0.07,-0.366,-0.556,-0.126,-0.503,-0.398,-0.704,-0.123,-0.483,-0.542,-0.322,0.216,0.053,-0.458,0.002,0.672,-0.413,-0.224,-0.521,-0.025,-0.368,-0.552,-0.589,-0.227,-0.492,-0.317,0.316,-0.472,-0.683,-0.412,-0.467,0.337,-0.424,-0.598,-0.351,-0.172,-0.412,-0.245,0.139,-0.511,-0.53,0.148,0.206,-0.714,-0.67,0.213,0.711,0.273,0.138,-0.586,0.003,-0.229,-0.288,-0.393,-0.562,-0.678
APPS,0.616,0.475,0.52,0.48,0.583,0.531,0.415,0.51,0.651,0.192,0.399,0.451,0.456,0.406,-0.178,1.0,0.542,0.458,0.659,0.178,0.477,0.384,0.238,0.21,0.408,0.167,0.52,-0.051,0.721,0.522,0.545,-0.051,-0.031,0.539,0.424,0.255,0.327,0.668,0.486,0.427,0.276,0.444,0.355,0.485,-0.228,0.574,0.411,0.482,0.618,0.239,0.381,0.54,0.548,0.698,-0.013,0.477,0.457,0.412,0.48,0.54,0.606,0.555,0.279,0.421,0.52,0.124,0.449,0.718,0.509,0.367,0.343,0.581,-0.355,0.548,0.404,0.509,0.7,-0.004,0.468,0.488,0.557,0.526,0.681,-0.057,0.559,0.586,-0.127,0.553,0.492,0.471,0.483,0.585,0.609,0.596,0.474,0.39,0.595,0.506,0.699,0.448,0.406,0.097,0.599,-0.071,0.525,0.438,0.693,-0.075,0.05,0.46,0.315,0.452,0.587,0.437,0.454,0.142,0.612,0.588,0.472,0.442,0.514,-0.095,0.393,0.398,-0.09,0.436,0.559,0.381,0.566,0.64,0.498,0.521,0.521,0.386,0.494,0.393,0.172,0.578,0.519,0.354,0.531,0.446,-0.095,-0.112,0.629,0.599,0.531,0.208,0.407,0.61,0.449,0.42,0.506,0.416,0.7,0.495,0.499,0.511,0.666,-0.056,0.65,0.392,0.554,0.478,0.374,0.505,0.485,0.211,0.443,0.327,0.598,0.494,0.483,0.708,0.677,0.087,0.684,0.561,0.583,0.598,0.567,0.756,0.032,0.598,0.569,0.62,0.55,0.511,0.388,0.198,-0.275,0.222,0.443,0.533,0.184,0.561,0.427,0.707,0.539,0.426
ARCC,0.811,0.751,0.382,0.766,0.792,0.714,0.73,0.871,0.612,0.391,0.648,0.786,0.547,0.821,-0.503,0.542,1.0,0.525,0.733,0.38,0.634,0.646,0.416,-0.033,0.818,0.472,0.493,-0.235,0.597,0.553,0.611,-0.495,0.068,0.676,0.282,0.027,0.124,0.7,0.52,0.749,0.369,0.755,0.672,0.77,-0.318,0.791,0.725,0.636,0.775,0.486,0.552,0.783,0.762,0.811,-0.34,0.763,0.822,0.543,0.666,0.714,0.726,0.676,0.364,0.674,0.726,-0.187,0.8,0.801,0.627,-0.035,0.283,0.528,-0.433,0.484,0.6,0.252,0.589,-0.294,0.779,0.765,0.677,0.65,0.856,-0.09,0.841,0.792,-0.237,0.702,0.663,0.596,0.251,0.661,0.506,0.688,0.832,0.79,0.257,0.762,0.654,0.665,0.619,-0.04,0.793,-0.435,0.834,0.799,0.77,-0.499,-0.488,0.698,-0.126,0.362,0.771,0.734,0.769,-0.149,0.8,0.665,0.78,0.822,0.275,-0.379,0.667,0.811,-0.359,0.718,0.648,0.566,0.732,0.681,0.65,0.51,0.678,0.573,0.597,0.472,0.527,0.783,0.75,0.634,0.807,0.824,-0.431,-0.43,0.601,0.773,0.784,0.584,0.666,0.773,0.614,0.558,0.826,0.696,0.772,0.343,0.486,0.764,0.486,-0.501,0.748,0.577,0.754,0.569,0.526,0.67,0.77,0.153,0.715,0.433,0.336,0.916,0.597,0.708,0.811,-0.092,0.777,0.786,0.735,0.508,0.699,0.77,0.258,0.626,0.539,0.34,0.371,0.752,0.688,0.114,-0.473,-0.008,0.446,0.733,0.141,0.792,0.425,0.853,0.686,0.661
ARDX,0.548,0.46,0.352,0.467,0.54,0.438,0.423,0.557,0.518,0.306,0.326,0.494,0.274,0.488,-0.197,0.458,0.525,1.0,0.395,0.54,0.63,0.318,0.347,0.181,0.571,0.448,0.108,-0.304,0.493,0.352,0.049,-0.078,-0.234,0.506,0.447,0.105,0.205,0.63,0.689,0.429,0.473,0.51,0.266,0.425,-0.516,0.632,0.639,0.683,0.631,0.517,0.352,0.488,0.404,0.535,0.04,0.721,0.536,0.382,0.679,0.741,0.669,0.634,0.149,0.477,0.548,0.023,0.636,0.663,0.43,0.253,0.301,0.801,-0.003,0.223,0.464,0.602,0.476,-0.068,0.576,0.576,0.457,0.516,0.6,-0.16,0.705,0.653,-0.422,0.822,0.669,0.672,-0.011,0.309,0.523,0.644,0.665,0.621,0.165,0.495,0.235,0.541,0.513,-0.024,0.65,-0.007,0.561,0.532,0.602,-0.146,0.01,0.265,0.006,0.618,0.37,0.433,0.219,0.261,0.429,0.606,0.527,0.605,0.211,-0.147,0.42,0.527,-0.396,0.323,0.676,0.537,0.575,0.691,0.615,0.402,0.707,0.508,0.805,0.346,0.418,0.645,0.619,0.564,0.545,0.478,-0.28,-0.302,0.668,0.437,0.414,0.378,0.344,0.72,0.301,0.518,0.523,0.623,0.692,0.495,0.525,0.311,0.637,0.052,0.5,0.045,0.492,0.378,0.673,0.548,0.67,0.117,0.645,0.165,0.541,0.545,0.423,0.249,0.581,-0.041,0.734,0.487,0.687,0.552,0.686,0.686,0.0,0.59,0.209,0.412,0.465,0.499,0.527,0.435,-0.165,0.026,0.516,0.415,0.472,0.632,0.544,0.555,0.564,0.423
ATER,0.783,0.794,0.36,0.739,0.73,0.718,0.483,0.727,0.734,0.208,0.649,0.701,0.467,0.686,-0.554,0.659,0.733,0.395,1.0,0.203,0.563,0.653,0.265,-0.132,0.625,0.306,0.49,-0.344,0.598,0.657,0.476,-0.577,0.042,0.76,0.013,-0.144,-0.102,0.517,0.436,0.708,0.149,0.697,0.673,0.812,-0.383,0.713,0.607,0.621,0.745,0.526,0.703,0.87,0.619,0.81,-0.352,0.63,0.698,0.502,0.59,0.702,0.694,0.667,0.126,0.651,0.809,-0.233,0.665,0.843,0.623,-0.053,0.103,0.437,-0.326,0.61,0.673,0.332,0.519,-0.425,0.708,0.737,0.759,0.728,0.8,-0.295,0.705,0.704,-0.385,0.5,0.631,0.572,0.38,0.69,0.562,0.683,0.67,0.587,0.408,0.701,0.672,0.705,0.449,-0.224,0.789,-0.272,0.753,0.677,0.747,-0.452,-0.388,0.593,-0.053,0.378,0.786,0.699,0.721,0.086,0.774,0.612,0.723,0.684,0.247,-0.512,0.665,0.706,-0.458,0.702,0.626,0.352,0.764,0.553,0.519,0.513,0.618,0.366,0.587,0.257,0.415,0.694,0.757,0.608,0.7,0.602,-0.463,-0.457,0.518,0.695,0.761,0.183,0.703,0.755,0.706,0.273,0.731,0.627,0.733,0.178,0.285,0.72,0.411,-0.52,0.722,0.505,0.796,0.399,0.498,0.698,0.661,0.303,0.556,0.404,0.187,0.697,0.75,0.771,0.736,-0.235,0.688,0.805,0.706,0.485,0.681,0.739,0.031,0.666,0.719,0.301,0.249,0.712,0.623,0.106,-0.511,-0.082,0.23,0.806,0.153,0.605,0.537,0.814,0.655,0.722
ATOS,0.242,0.353,0.195,0.439,0.419,0.299,0.456,0.348,0.361,0.589,0.13,0.284,0.047,0.416,-0.219,0.178,0.38,0.54,0.203,1.0,0.671,0.265,0.261,0.185,0.398,0.62,-0.079,-0.337,0.107,0.067,0.104,-0.142,0.124,0.483,0.348,0.021,0.231,0.326,0.427,0.295,0.334,0.343,0.21,0.392,-0.424,0.354,0.58,0.556,0.332,0.447,0.361,0.385,0.337,0.342,-0.114,0.436,0.41,0.408,0.453,0.396,0.471,0.467,-0.049,0.458,0.43,-0.2,0.284,0.391,0.08,0.147,0.283,0.402,0.04,0.014,0.499,0.372,0.208,-0.011,0.393,0.394,0.343,0.35,0.377,-0.107,0.371,0.414,-0.153,0.413,0.454,0.57,-0.154,-0.051,0.152,0.439,0.44,0.523,-0.053,0.401,0.217,0.482,0.581,-0.137,0.363,-0.123,0.523,0.314,0.516,-0.061,-0.062,0.255,-0.196,0.496,0.185,0.366,0.25,0.109,0.274,0.446,0.466,0.455,0.093,-0.25,0.13,0.481,-0.351,0.175,0.261,0.705,0.348,0.595,0.534,0.069,0.67,0.317,0.437,0.156,0.365,0.553,0.291,0.431,0.563,0.359,-0.151,-0.308,0.462,0.268,0.363,0.444,0.374,0.418,0.225,0.68,0.486,0.466,0.447,0.323,0.244,0.187,0.369,0.002,0.144,-0.063,0.364,0.078,0.526,0.354,0.376,-0.01,0.481,0.113,0.313,0.428,0.389,-0.001,0.338,0.11,0.365,0.249,0.526,0.233,0.485,0.393,0.278,0.574,-0.026,0.024,0.286,0.308,0.231,0.249,-0.074,0.166,0.277,0.286,0.522,0.278,0.261,0.232,0.536,0.364
AUPH,0.594,0.585,0.305,0.596,0.774,0.605,0.496,0.636,0.544,0.343,0.567,0.601,0.327,0.69,-0.477,0.477,0.634,0.63,0.563,0.671,1.0,0.655,0.275,-0.049,0.664,0.725,0.229,-0.431,0.344,0.467,0.296,-0.433,-0.114,0.692,0.187,-0.085,0.072,0.469,0.589,0.552,0.382,0.663,0.48,0.64,-0.504,0.631,0.815,0.731,0.662,0.559,0.535,0.646,0.568,0.68,-0.322,0.634,0.656,0.54,0.65,0.714,0.704,0.687,0.123,0.575,0.679,-0.25,0.559,0.68,0.492,-0.045,0.345,0.519,-0.256,0.476,0.714,0.41,0.5,-0.303,0.693,0.674,0.65,0.632,0.683,-0.269,0.625,0.71,-0.459,0.627,0.697,0.811,0.284,0.354,0.469,0.69,0.612,0.732,0.231,0.677,0.448,0.66,0.668,-0.305,0.667,-0.258,0.682,0.6,0.664,-0.399,-0.324,0.537,0.002,0.499,0.567,0.72,0.5,0.105,0.636,0.647,0.67,0.675,0.166,-0.478,0.563,0.722,-0.57,0.636,0.558,0.503,0.615,0.705,0.687,0.411,0.726,0.399,0.694,0.226,0.508,0.771,0.66,0.703,0.778,0.503,-0.461,-0.522,0.556,0.592,0.689,0.351,0.58,0.678,0.51,0.55,0.707,0.749,0.642,0.307,0.31,0.533,0.434,-0.395,0.545,0.23,0.661,0.323,0.677,0.592,0.632,0.355,0.713,0.435,0.299,0.604,0.586,0.396,0.645,-0.166,0.657,0.586,0.691,0.543,0.716,0.641,0.149,0.723,0.343,0.33,0.31,0.583,0.593,0.237,-0.46,-0.039,0.418,0.589,0.335,0.535,0.435,0.614,0.888,0.645
AVGO,0.682,0.724,0.184,0.705,0.799,0.712,0.289,0.657,0.454,0.182,0.733,0.695,0.28,0.751,-0.709,0.384,0.646,0.318,0.653,0.265,0.655,1.0,0.167,-0.468,0.703,0.537,0.252,-0.52,0.37,0.737,0.307,-0.66,-0.268,0.739,-0.209,-0.318,-0.259,0.41,0.408,0.71,0.147,0.78,0.626,0.854,-0.477,0.743,0.69,0.635,0.62,0.587,0.713,0.665,0.568,0.815,-0.541,0.615,0.69,0.429,0.566,0.672,0.608,0.661,0.021,0.558,0.688,-0.378,0.664,0.596,0.64,-0.381,-0.011,0.315,-0.347,0.56,0.761,0.149,0.316,-0.671,0.747,0.732,0.726,0.733,0.64,-0.457,0.656,0.642,-0.575,0.47,0.681,0.612,0.249,0.6,0.363,0.565,0.695,0.644,0.088,0.764,0.46,0.717,0.555,-0.539,0.694,-0.448,0.733,0.761,0.654,-0.707,-0.601,0.444,-0.061,0.263,0.762,0.749,0.729,0.037,0.777,0.548,0.693,0.746,0.026,-0.65,0.749,0.778,-0.644,0.79,0.569,0.231,0.668,0.415,0.693,0.478,0.612,0.129,0.529,0.012,0.556,0.547,0.704,0.806,0.681,0.522,-0.663,-0.654,0.375,0.615,0.775,0.261,0.613,0.599,0.745,0.206,0.708,0.689,0.558,0.06,0.081,0.611,0.212,-0.692,0.562,0.383,0.72,0.276,0.575,0.7,0.683,0.418,0.586,0.651,-0.121,0.62,0.7,0.597,0.675,-0.403,0.609,0.703,0.629,0.36,0.576,0.535,-0.061,0.589,0.563,0.157,0.031,0.821,0.723,0.005,-0.699,-0.31,0.072,0.753,0.138,0.427,0.415,0.609,0.715,0.94
AZN,0.388,0.264,0.324,0.389,0.313,0.384,0.448,0.385,0.371,0.304,0.169,0.34,0.278,0.301,-0.113,0.238,0.416,0.347,0.265,0.261,0.275,0.167,1.0,0.201,0.312,0.112,0.211,0.015,0.429,0.146,0.322,-0.112,0.12,0.313,0.463,0.219,0.387,0.482,0.236,0.214,0.317,0.283,0.317,0.243,-0.092,0.318,0.252,0.239,0.307,0.178,0.162,0.267,0.363,0.287,-0.064,0.358,0.343,0.445,0.156,0.368,0.367,0.176,0.315,0.242,0.231,0.071,0.32,0.42,0.134,0.297,0.361,0.315,-0.169,0.136,0.287,0.202,0.306,0.215,0.274,0.317,0.379,0.199,0.339,0.156,0.4,0.36,0.058,0.294,0.276,0.292,-0.022,0.291,0.219,0.217,0.342,0.355,0.178,0.296,0.374,0.182,0.318,0.205,0.256,-0.232,0.394,0.303,0.394,-0.016,-0.095,0.352,-0.079,0.122,0.308,0.283,0.297,-0.245,0.348,0.236,0.314,0.262,0.347,-0.132,0.166,0.279,0.103,0.263,0.162,0.474,0.244,0.358,0.331,0.084,0.317,0.429,0.172,0.439,0.154,0.367,0.252,0.12,0.314,0.455,0.09,-0.019,0.26,0.37,0.293,0.345,0.298,0.243,0.389,0.48,0.337,0.29,0.371,0.369,0.39,0.317,0.33,-0.07,0.312,0.338,0.245,0.412,0.245,0.27,0.324,-0.193,0.376,0.125,0.284,0.437,0.215,0.256,0.361,0.347,0.4,0.361,0.326,0.128,0.26,0.319,0.266,0.396,0.186,0.167,0.429,0.269,0.195,-0.096,-0.057,0.371,0.374,0.226,-0.024,0.448,0.03,0.348,0.221,0.212
BCRX,-0.101,-0.235,0.332,-0.26,-0.241,-0.28,0.297,-0.022,0.122,0.332,-0.364,-0.155,0.135,-0.185,0.622,0.21,-0.033,0.181,-0.132,0.185,-0.049,-0.468,0.201,1.0,-0.245,-0.139,0.161,0.418,0.247,-0.372,0.219,0.508,0.356,-0.242,0.716,0.599,0.703,0.301,0.005,-0.19,0.235,-0.36,-0.323,-0.286,0.369,-0.253,-0.202,-0.095,-0.002,-0.238,-0.43,-0.069,0.184,-0.144,0.476,-0.115,-0.164,-0.032,-0.159,-0.2,-0.113,-0.09,0.39,0.035,-0.169,0.448,-0.198,0.069,-0.154,0.808,0.549,0.141,0.082,-0.048,-0.354,0.343,0.438,0.731,-0.228,-0.228,-0.383,-0.263,0.039,0.413,-0.093,-0.005,0.482,0.074,-0.219,-0.137,0.047,-0.212,0.118,-0.061,-0.118,-0.01,0.359,-0.247,0.105,-0.249,-0.16,0.64,-0.118,0.405,-0.105,-0.275,-0.106,0.63,0.478,0.168,0.337,0.207,-0.25,-0.327,-0.35,-0.045,-0.203,-0.036,-0.263,-0.232,0.551,0.589,-0.341,-0.174,0.581,-0.402,-0.137,0.443,-0.23,0.263,0.02,-0.153,-0.076,0.544,-0.087,0.576,-0.254,0.082,-0.227,-0.331,-0.087,-0.012,0.624,0.405,0.219,0.013,-0.173,0.362,-0.013,0.04,-0.453,0.341,-0.019,-0.229,0.13,0.399,0.466,-0.041,0.262,0.495,-0.021,0.106,-0.217,0.279,-0.171,-0.287,-0.194,-0.331,0.025,-0.114,0.632,0.024,-0.344,-0.046,-0.107,0.667,-0.017,-0.201,0.043,0.097,0.051,0.108,0.418,-0.081,-0.272,0.417,0.553,-0.345,-0.381,0.28,0.592,0.676,0.393,-0.299,0.035,0.209,-0.097,0.023,-0.177,-0.36
BGC,0.773,0.785,0.213,0.806,0.877,0.728,0.494,0.805,0.555,0.237,0.676,0.82,0.372,0.864,-0.632,0.408,0.818,0.571,0.625,0.398,0.664,0.703,0.312,-0.245,1.0,0.541,0.203,-0.429,0.415,0.579,0.314,-0.58,-0.213,0.725,0.059,-0.191,-0.156,0.571,0.683,0.721,0.276,0.771,0.57,0.713,-0.561,0.819,0.792,0.757,0.789,0.603,0.672,0.724,0.553,0.736,-0.385,0.869,0.839,0.517,0.788,0.768,0.695,0.746,0.116,0.683,0.729,-0.309,0.803,0.714,0.677,-0.228,0.058,0.637,-0.255,0.322,0.693,0.251,0.363,-0.487,0.881,0.832,0.714,0.698,0.764,-0.35,0.815,0.809,-0.512,0.773,0.757,0.681,0.088,0.6,0.4,0.619,0.891,0.788,0.122,0.821,0.411,0.78,0.651,-0.27,0.823,-0.381,0.826,0.901,0.74,-0.608,-0.541,0.509,-0.236,0.395,0.743,0.778,0.693,0.041,0.815,0.622,0.845,0.899,0.095,-0.522,0.627,0.747,-0.577,0.735,0.758,0.414,0.829,0.529,0.671,0.625,0.708,0.379,0.684,0.203,0.541,0.714,0.834,0.699,0.798,0.705,-0.639,-0.596,0.513,0.682,0.756,0.384,0.58,0.684,0.681,0.452,0.736,0.731,0.648,0.239,0.38,0.637,0.362,-0.514,0.693,0.385,0.778,0.295,0.626,0.68,0.869,0.293,0.802,0.341,0.122,0.813,0.658,0.554,0.769,-0.328,0.79,0.8,0.666,0.411,0.711,0.676,-0.044,0.672,0.554,0.17,0.174,0.792,0.854,0.146,-0.55,-0.256,0.356,0.742,0.271,0.652,0.452,0.751,0.688,0.708
BIDU,0.439,0.328,0.325,0.402,0.521,0.358,0.271,0.34,0.262,0.42,0.384,0.387,0.085,0.517,-0.398,0.167,0.472,0.448,0.306,0.62,0.725,0.537,0.112,-0.139,0.541,1.0,-0.01,-0.394,0.06,0.355,0.091,-0.34,-0.183,0.514,-0.026,-0.141,-0.094,0.213,0.424,0.489,0.36,0.487,0.316,0.525,-0.424,0.443,0.66,0.549,0.405,0.582,0.366,0.384,0.423,0.421,-0.226,0.546,0.402,0.549,0.588,0.51,0.6,0.518,0.003,0.459,0.469,-0.283,0.38,0.383,0.359,-0.216,0.127,0.387,-0.056,0.264,0.509,0.27,0.176,-0.372,0.454,0.442,0.478,0.455,0.369,-0.37,0.462,0.423,-0.423,0.472,0.534,0.661,0.019,0.165,0.268,0.64,0.555,0.615,-0.193,0.444,0.132,0.49,0.724,-0.316,0.419,-0.225,0.457,0.411,0.506,-0.331,-0.364,0.21,-0.048,0.399,0.408,0.489,0.371,0.115,0.383,0.612,0.498,0.525,-0.085,-0.343,0.393,0.649,-0.615,0.458,0.432,0.479,0.403,0.457,0.612,0.322,0.607,0.188,0.532,0.051,0.609,0.566,0.441,0.632,0.478,0.345,-0.457,-0.385,0.337,0.302,0.393,0.44,0.503,0.525,0.358,0.506,0.464,0.58,0.381,0.151,-0.022,0.176,0.383,-0.358,0.285,-0.016,0.438,0.164,0.629,0.574,0.45,0.46,0.479,0.371,0.124,0.356,0.387,0.185,0.467,-0.222,0.376,0.43,0.462,0.306,0.617,0.419,0.225,0.486,0.103,0.1,0.167,0.439,0.441,0.359,-0.405,-0.129,0.273,0.421,0.402,0.3,0.434,0.272,0.681,0.557
BILI,0.549,0.396,0.362,0.397,0.31,0.403,0.489,0.485,0.546,0.146,0.452,0.361,0.74,0.403,-0.064,0.52,0.493,0.108,0.49,-0.079,0.229,0.252,0.211,0.161,0.203,-0.01,1.0,0.169,0.544,0.273,0.622,-0.178,0.433,0.297,0.276,0.26,0.313,0.407,0.132,0.469,0.052,0.296,0.512,0.354,0.33,0.329,0.167,0.148,0.453,0.102,0.333,0.485,0.656,0.459,-0.085,0.221,0.393,0.29,0.143,0.333,0.378,0.235,0.462,0.294,0.406,0.167,0.356,0.505,0.425,0.304,0.392,0.109,-0.509,0.667,0.303,0.129,0.54,0.039,0.316,0.373,0.325,0.398,0.503,0.205,0.353,0.418,0.037,0.227,0.206,0.184,0.67,0.536,0.618,0.405,0.305,0.249,0.445,0.313,0.67,0.204,0.048,0.195,0.384,-0.295,0.358,0.354,0.337,-0.059,-0.246,0.646,0.276,0.057,0.509,0.359,0.382,-0.217,0.411,0.28,0.315,0.263,0.488,-0.096,0.471,0.318,0.14,0.373,0.272,0.227,0.41,0.362,0.201,0.428,0.236,0.471,0.193,0.483,0.222,0.401,0.38,0.269,0.351,0.46,-0.019,-0.067,0.253,0.525,0.413,0.262,0.414,0.447,0.311,0.176,0.432,0.295,0.403,0.2,0.382,0.576,0.265,-0.36,0.548,0.733,0.275,0.577,0.077,0.176,0.247,0.095,0.205,0.475,0.37,0.426,0.421,0.582,0.497,0.161,0.392,0.446,0.405,0.496,0.294,0.429,0.149,0.384,0.472,0.499,0.315,0.271,0.295,-0.115,-0.204,0.296,0.179,0.402,-0.276,0.517,0.21,0.598,0.299,0.235
BKR,-0.37,-0.429,0.073,-0.359,-0.368,-0.511,0.026,-0.317,-0.318,-0.111,-0.318,-0.342,-0.025,-0.337,0.686,-0.051,-0.235,-0.304,-0.344,-0.337,-0.431,-0.52,0.015,0.418,-0.429,-0.394,0.169,1.0,0.03,-0.277,0.088,0.431,0.24,-0.385,0.227,0.692,0.434,0.009,-0.318,-0.332,0.112,-0.405,-0.352,-0.452,0.559,-0.403,-0.392,-0.433,-0.374,-0.401,-0.524,-0.47,-0.103,-0.337,0.54,-0.356,-0.324,-0.167,-0.325,-0.386,-0.413,-0.373,0.34,-0.326,-0.495,0.722,-0.295,-0.309,-0.159,0.269,0.158,-0.151,0.056,-0.255,-0.559,-0.14,0.125,0.593,-0.407,-0.382,-0.374,-0.428,-0.262,0.305,-0.28,-0.302,0.465,-0.301,-0.475,-0.444,0.117,-0.16,-0.134,-0.337,-0.331,-0.295,0.153,-0.365,-0.106,-0.456,-0.359,0.609,-0.363,0.187,-0.354,-0.364,-0.307,0.59,0.431,-0.091,0.359,-0.206,-0.304,-0.443,-0.402,-0.143,-0.372,-0.374,-0.437,-0.43,0.076,0.623,-0.445,-0.4,0.598,-0.44,-0.332,-0.136,-0.413,-0.233,-0.292,-0.088,-0.378,0.175,-0.389,0.296,-0.258,-0.302,-0.345,-0.564,-0.388,-0.183,0.508,0.769,-0.097,-0.156,-0.319,-0.008,-0.397,-0.386,-0.443,-0.129,-0.38,-0.473,-0.239,0.324,0.082,-0.247,0.047,0.383,-0.167,0.012,-0.377,0.178,-0.459,-0.394,-0.358,-0.153,-0.356,-0.186,0.243,-0.229,-0.538,-0.127,-0.225,0.32,-0.233,-0.412,-0.24,-0.186,-0.323,-0.163,0.16,-0.376,-0.336,0.205,0.285,-0.499,-0.415,0.093,0.458,0.262,0.204,-0.374,-0.193,-0.047,-0.299,-0.177,-0.42,-0.57
BLDP,0.614,0.51,0.517,0.493,0.513,0.442,0.581,0.602,0.611,0.173,0.424,0.513,0.558,0.441,-0.148,0.721,0.597,0.493,0.598,0.107,0.344,0.37,0.429,0.247,0.415,0.06,0.544,0.03,1.0,0.593,0.584,-0.134,-0.024,0.496,0.458,0.288,0.514,0.742,0.49,0.466,0.393,0.494,0.325,0.453,-0.165,0.584,0.397,0.387,0.644,0.178,0.322,0.517,0.624,0.671,-0.012,0.487,0.499,0.345,0.43,0.554,0.501,0.505,0.533,0.381,0.475,0.177,0.564,0.687,0.545,0.386,0.388,0.603,-0.382,0.436,0.326,0.486,0.767,-0.012,0.512,0.499,0.402,0.507,0.712,0.105,0.585,0.61,-0.1,0.614,0.433,0.318,0.417,0.548,0.649,0.526,0.55,0.446,0.642,0.509,0.656,0.366,0.266,0.296,0.607,-0.132,0.542,0.494,0.543,-0.032,-0.031,0.49,0.266,0.385,0.529,0.385,0.351,-0.006,0.536,0.506,0.404,0.498,0.651,-0.062,0.383,0.448,0.007,0.41,0.58,0.462,0.576,0.55,0.47,0.491,0.506,0.547,0.459,0.514,0.125,0.486,0.537,0.299,0.511,0.544,0.116,-0.152,0.691,0.673,0.567,0.355,0.303,0.624,0.329,0.332,0.548,0.366,0.789,0.567,0.69,0.587,0.645,-0.117,0.734,0.498,0.525,0.582,0.32,0.517,0.539,0.072,0.479,0.283,0.587,0.597,0.418,0.747,0.681,0.324,0.689,0.534,0.674,0.52,0.469,0.736,0.067,0.45,0.484,0.656,0.509,0.496,0.397,0.143,-0.173,0.375,0.538,0.522,0.051,0.708,0.397,0.765,0.439,0.386
BLNK,0.636,0.704,0.25,0.665,0.723,0.582,0.24,0.504,0.475,-0.085,0.765,0.627,0.284,0.586,-0.573,0.522,0.553,0.352,0.657,0.067,0.467,0.737,0.146,-0.372,0.579,0.355,0.273,-0.277,0.593,1.0,0.296,-0.569,-0.439,0.708,-0.14,-0.186,-0.116,0.434,0.419,0.74,0.218,0.839,0.585,0.713,-0.44,0.759,0.633,0.58,0.61,0.565,0.611,0.583,0.513,0.767,-0.309,0.632,0.64,0.372,0.608,0.645,0.657,0.645,0.123,0.488,0.664,-0.186,0.656,0.626,0.757,-0.208,-0.09,0.447,-0.271,0.457,0.627,0.384,0.404,-0.573,0.687,0.694,0.728,0.763,0.63,-0.487,0.644,0.594,-0.59,0.53,0.672,0.541,0.27,0.675,0.455,0.649,0.627,0.485,0.262,0.761,0.452,0.612,0.477,-0.291,0.724,-0.255,0.638,0.702,0.641,-0.554,-0.366,0.324,0.059,0.356,0.76,0.692,0.59,0.2,0.686,0.614,0.622,0.711,0.156,-0.45,0.61,0.661,-0.496,0.64,0.634,0.16,0.714,0.372,0.521,0.558,0.601,0.075,0.554,0.01,0.524,0.453,0.731,0.557,0.582,0.526,-0.425,-0.439,0.498,0.576,0.714,0.108,0.397,0.585,0.642,0.089,0.551,0.605,0.637,0.216,0.112,0.522,0.448,-0.423,0.67,0.326,0.686,0.409,0.564,0.851,0.63,0.446,0.47,0.403,0.1,0.524,0.624,0.705,0.775,-0.29,0.702,0.668,0.544,0.45,0.607,0.648,-0.25,0.503,0.631,0.297,0.13,0.719,0.616,0.113,-0.589,-0.214,0.199,0.768,0.256,0.437,0.503,0.637,0.622,0.709
BYND,0.517,0.431,0.332,0.393,0.412,0.385,0.688,0.584,0.47,0.253,0.389,0.45,0.618,0.382,-0.086,0.545,0.611,0.049,0.476,0.104,0.296,0.307,0.322,0.219,0.314,0.091,0.622,0.088,0.584,0.296,1.0,-0.197,0.27,0.344,0.353,0.336,0.376,0.476,0.197,0.388,0.218,0.334,0.372,0.41,0.118,0.388,0.266,0.277,0.493,0.021,0.258,0.506,0.697,0.521,-0.296,0.221,0.489,0.387,0.141,0.249,0.364,0.356,0.569,0.394,0.43,0.023,0.34,0.531,0.367,0.171,0.452,0.112,-0.549,0.411,0.218,0.006,0.656,0.062,0.349,0.332,0.305,0.339,0.637,0.349,0.436,0.467,0.158,0.312,0.196,0.164,0.486,0.479,0.454,0.337,0.367,0.397,0.562,0.422,0.759,0.282,0.304,0.264,0.422,-0.286,0.49,0.336,0.469,-0.187,-0.332,0.72,0.065,0.178,0.491,0.358,0.546,-0.321,0.509,0.333,0.337,0.325,0.542,-0.104,0.318,0.412,0.169,0.437,0.237,0.458,0.327,0.415,0.335,0.32,0.298,0.528,0.137,0.59,0.043,0.461,0.321,0.211,0.525,0.529,0.016,-0.134,0.46,0.685,0.571,0.43,0.491,0.463,0.348,0.435,0.625,0.255,0.513,0.338,0.474,0.725,0.29,-0.343,0.596,0.727,0.428,0.46,0.032,0.246,0.285,0.025,0.35,0.315,0.363,0.558,0.324,0.648,0.465,0.252,0.386,0.471,0.467,0.446,0.252,0.503,0.319,0.355,0.467,0.447,0.422,0.359,0.26,-0.108,-0.186,0.327,0.353,0.405,-0.159,0.627,0.193,0.63,0.3,0.26
CAN,-0.504,-0.702,-0.004,-0.67,-0.557,-0.542,-0.29,-0.55,-0.377,0.038,-0.715,-0.605,-0.142,-0.63,0.653,-0.051,-0.495,-0.078,-0.577,-0.142,-0.433,-0.66,-0.112,0.508,-0.58,-0.34,-0.178,0.431,-0.134,-0.569,-0.197,1.0,0.078,-0.603,0.367,0.353,0.4,-0.117,-0.164,-0.635,-0.044,-0.678,-0.669,-0.674,0.327,-0.483,-0.58,-0.495,-0.454,-0.523,-0.68,-0.648,-0.41,-0.456,0.551,-0.479,-0.648,-0.365,-0.39,-0.471,-0.451,-0.463,-0.017,-0.55,-0.664,0.385,-0.535,-0.472,-0.473,0.536,0.19,-0.059,0.273,-0.302,-0.68,0.011,-0.093,0.605,-0.618,-0.634,-0.639,-0.594,-0.491,0.503,-0.474,-0.506,0.582,-0.209,-0.483,-0.454,-0.077,-0.434,-0.109,-0.373,-0.488,-0.473,0.038,-0.62,-0.298,-0.62,-0.271,0.492,-0.542,0.418,-0.598,-0.62,-0.456,0.717,0.646,-0.467,0.382,-0.151,-0.596,-0.7,-0.569,0.114,-0.545,-0.347,-0.635,-0.591,0.188,0.709,-0.622,-0.648,0.606,-0.646,-0.295,-0.077,-0.572,-0.132,-0.364,-0.255,-0.414,-0.096,-0.318,0.079,-0.542,-0.453,-0.574,-0.504,-0.576,-0.482,0.632,0.607,-0.174,-0.504,-0.661,0.014,-0.535,-0.378,-0.677,0.044,-0.593,-0.61,-0.371,0.097,0.017,-0.552,0.049,0.76,-0.41,-0.389,-0.607,-0.218,-0.413,-0.563,-0.494,-0.249,-0.49,-0.312,0.319,-0.547,-0.64,-0.363,-0.478,0.469,-0.416,-0.614,-0.436,-0.121,-0.397,-0.33,0.098,-0.444,-0.461,0.169,0.125,-0.511,-0.551,0.179,0.543,0.433,0.055,-0.701,-0.027,-0.352,-0.177,-0.465,-0.504,-0.629
