,AAL,AAPL,ABUS,ADBE,ADI,ADMA,AEP,AGNC,AKBA,ALT,AMAT,AMD,AMGN,AMZN,APA,APPS,ARCC,ARDX,ATER,ATOS,AUPH,AVGO,AZN,BCRX,BGC,BIDU,BILI,BKR,BLDP,BLNK,BYND,CAN,CELH,CG,CGC,CHRD,CLNE,CMCSA,COMM,COST,CPB,CPRT,CRON,CRWD,CSCO,CSGP,CSX,CTSH,CZR,DBX,DDOG,DKNG,DLTR,DOCU,DVAX,DXCM,EA,EBAY,ENPH,ERIC,ESPR,ETSY,EXC,EXEL,EXPE,FANG,FAST,FITB,FLEX,FOLD,FOXA,FSLR,FTNT,FUTU,GEN,GERN,GEVO,GILD,GOOG,GOOGL,GPRO,GT,HBAN,HIVE,HON,HST,HUT,IBRX,INTC,IOVA,IQ,IRWD,JBLU,JD,KDP,KHC,LBTYK,LRCX,LYFT,MAR,MARA,MAT,MCHP,MCRB,MDLZ,META,MGNI,MLCO,MNKD,MNST,MOMO,MRNA,MRVL,MSFT,MSTR,MTCH,MU,MVIS,NDAQ,NFLX,NKTR,NNDM,NTES,NTNX,NVAX,NVDA,NWL,NWSA,NXPI,OCGN,OKTA,ON,OPK,PAA,PACB,PAGP,PANW,PARA,PCAR,PDD,PENN,PEP,PLUG,PTEN,PTON,PYPL,QCOM,QUBT,QVCGA,RDFN,REAL,RIOT,ROKU,ROST,RUN,SABR,SAVA,SBUX,SFIX,SGMO,SIRI,SLM,SMCI,SNDL,SONO,STNE,STX,TCOM,TGTX,TIGR,TLRY,TMUS,TRIP,TSCO,TSLA,TTD,TXN,UAL,UNIT,VERU,VKTX,VLY,VOD,VTRS,VXRT,WBA,WBD,WDAY,WDC,WEN,WW,WYNN,XEL,XP,XRAY,XRX,Z,ZION,ZM,ZS
AAL,1.0,0.74,0.689,-0.087,0.623,-0.128,0.69,0.72,0.811,0.884,0.294,0.634,0.692,0.323,-0.556,0.798,0.683,0.866,-0.554,-0.104,-0.063,0.294,0.362,0.621,-0.559,-0.3,-0.477,-0.542,0.545,-0.571,0.888,-0.399,-0.282,0.702,0.565,-0.333,0.108,0.414,0.563,0.792,0.817,-0.526,0.24,0.716,0.536,0.419,0.736,0.489,-0.087,0.259,0.525,-0.483,0.705,0.747,-0.048,0.6,0.612,0.544,0.606,0.88,0.75,0.729,0.314,0.723,0.698,-0.521,0.823,0.855,-0.051,0.773,-0.408,-0.41,0.35,-0.645,0.586,0.601,0.182,0.833,-0.352,-0.34,-0.16,0.324,0.854,0.746,0.753,0.751,0.01,-0.527,-0.079,0.619,-0.348,0.774,0.874,-0.671,0.483,0.763,0.044,0.357,0.758,0.63,0.821,0.239,0.767,-0.415,0.45,-0.331,0.631,0.781,0.245,0.134,0.099,0.539,-0.095,-0.496,0.786,0.501,0.095,0.367,0.316,-0.321,0.255,-0.448,-0.63,0.753,-0.135,-0.403,0.855,0.419,0.763,-0.175,0.66,0.81,0.441,-0.495,0.342,-0.482,0.629,0.685,0.869,0.531,-0.355,0.498,0.544,-0.58,0.611,0.755,0.718,0.144,0.579,0.766,0.517,0.774,0.321,0.56,0.701,0.473,0.552,-0.49,0.783,0.502,0.183,0.846,-0.447,-0.024,0.685,0.711,0.729,-0.599,0.864,-0.597,0.6,0.868,-0.333,0.839,0.313,0.586,0.767,0.885,0.502,-0.195,0.876,0.868,-0.431,0.802,-0.495,0.758,0.737,0.697,0.645,0.721,0.213,-0.086,0.679,0.548,0.603,0.754,0.785,0.805,0.687,0.641
AAPL,0.74,1.0,0.56,0.028,0.71,0.227,0.717,0.67,0.598,0.638,0.445,0.714,0.676,0.513,-0.427,0.782,0.734,0.8,-0.406,-0.042,-0.025,0.537,0.425,0.454,-0.437,-0.314,-0.279,-0.44,0.509,-0.363,0.713,-0.399,-0.125,0.616,0.377,-0.318,0.18,0.517,0.71,0.842,0.79,-0.338,0.083,0.542,0.61,0.492,0.606,0.628,0.056,0.333,0.384,-0.348,0.516,0.731,-0.135,0.575,0.651,0.482,0.609,0.801,0.669,0.615,0.425,0.75,0.626,-0.418,0.804,0.76,0.217,0.857,-0.318,-0.301,0.459,-0.445,0.467,0.617,0.299,0.821,-0.089,-0.087,-0.015,0.365,0.755,0.595,0.706,0.763,-0.14,-0.229,0.154,0.644,-0.189,0.759,0.757,-0.428,0.501,0.646,0.018,0.554,0.649,0.706,0.667,0.146,0.794,-0.32,0.531,0.059,0.647,0.772,0.326,0.218,0.283,0.565,0.121,-0.191,0.647,0.557,0.318,0.227,0.314,-0.051,0.188,-0.231,-0.413,0.594,-0.123,-0.145,0.737,0.443,0.812,-0.125,0.648,0.775,0.386,-0.474,0.405,-0.516,0.579,0.601,0.815,0.381,-0.107,0.525,0.349,-0.48,0.463,0.609,0.723,-0.123,0.359,0.737,0.462,0.591,0.208,0.601,0.625,0.66,0.671,-0.365,0.607,0.35,0.424,0.818,-0.223,0.066,0.647,0.533,0.777,-0.505,0.758,-0.432,0.496,0.777,-0.023,0.706,0.406,0.554,0.832,0.773,0.45,-0.169,0.782,0.784,-0.499,0.793,-0.381,0.797,0.697,0.5,0.651,0.582,0.329,0.111,0.721,0.763,0.543,0.827,0.793,0.745,0.57,0.597
ABUS,0.689,0.56,1.0,-0.184,0.586,-0.17,0.741,0.748,0.689,0.631,0.294,0.387,0.699,0.414,-0.44,0.54,0.511,0.706,-0.63,-0.013,0.072,0.142,0.514,0.572,-0.475,-0.134,-0.592,-0.449,0.496,-0.621,0.639,-0.528,-0.21,0.752,0.361,-0.211,0.245,0.189,0.496,0.665,0.585,-0.513,0.286,0.838,0.613,0.424,0.739,0.553,-0.216,0.473,0.65,-0.505,0.852,0.53,0.062,0.817,0.586,0.738,0.632,0.609,0.741,0.701,0.137,0.754,0.729,-0.453,0.538,0.759,-0.212,0.64,-0.37,-0.37,0.451,-0.638,0.852,0.419,0.104,0.735,-0.594,-0.589,-0.008,0.323,0.744,0.561,0.667,0.62,-0.08,-0.489,0.008,0.73,-0.418,0.743,0.645,-0.624,0.437,0.816,0.097,0.315,0.673,0.424,0.64,0.447,0.678,-0.38,0.341,-0.464,0.623,0.454,0.153,0.187,-0.261,0.473,-0.198,-0.428,0.634,0.524,0.046,0.539,0.408,-0.417,0.354,-0.53,-0.694,0.864,-0.183,-0.483,0.735,0.579,0.655,-0.153,0.542,0.734,0.481,-0.301,0.442,-0.291,0.831,0.642,0.647,0.669,-0.349,0.526,0.542,-0.537,0.622,0.663,0.765,0.176,0.695,0.705,0.537,0.619,0.548,0.626,0.703,0.262,0.363,-0.707,0.664,0.765,-0.039,0.722,-0.536,-0.044,0.8,0.871,0.669,-0.468,0.718,-0.613,0.49,0.706,-0.506,0.72,0.369,0.675,0.627,0.559,0.565,-0.247,0.621,0.748,-0.293,0.624,-0.505,0.461,0.637,0.796,0.68,0.672,0.252,-0.2,0.675,0.507,0.786,0.55,0.708,0.7,0.696,0.68
ADBE,-0.087,0.028,-0.184,1.0,0.194,-0.178,0.052,-0.096,-0.217,-0.167,0.136,0.279,-0.048,0.328,0.045,-0.079,0.285,-0.033,0.038,0.247,0.03,0.225,-0.094,-0.165,0.271,0.288,0.138,0.019,-0.427,-0.008,-0.058,-0.178,0.022,-0.063,0.029,-0.095,-0.148,-0.064,0.017,0.232,0.029,0.311,-0.224,-0.016,0.23,0.036,-0.006,0.244,-0.096,0.288,0.011,0.301,-0.161,0.045,-0.283,0.028,0.232,-0.023,-0.118,-0.077,-0.119,0.119,0.258,0.055,0.103,0.003,0.14,-0.071,0.087,0.001,-0.137,-0.091,0.3,0.04,0.004,-0.114,-0.367,0.004,0.33,0.322,-0.086,-0.416,-0.078,-0.163,0.09,0.108,-0.273,0.033,0.399,-0.055,-0.102,-0.168,-0.021,0.101,0.335,0.1,-0.463,0.351,-0.005,0.244,-0.097,-0.352,0.15,-0.193,0.455,0.43,0.052,0.024,-0.454,0.195,0.087,-0.092,0.238,0.565,-0.188,-0.168,0.22,-0.188,0.03,0.47,-0.429,-0.079,0.247,0.047,-0.254,0.087,-0.065,0.186,0.125,-0.079,-0.028,0.054,-0.05,-0.09,-0.024,-0.161,0.139,-0.017,0.15,0.032,0.381,0.14,-0.358,-0.061,-0.243,-0.097,0.0,0.078,-0.016,0.013,-0.06,-0.083,0.109,0.183,-0.202,0.092,0.128,0.073,-0.032,-0.119,0.099,-0.04,0.181,-0.329,0.021,-0.177,0.178,0.135,-0.047,0.049,-0.25,0.162,0.118,-0.037,0.018,0.066,-0.012,-0.14,-0.209,0.019,-0.075,-0.077,-0.025,-0.045,-0.087,0.001,-0.028,0.031,0.134,-0.188,0.174,0.139,-0.111,-0.22,-0.107,0.098,0.027,-0.159,-0.003,0.068
ADI,0.623,0.71,0.586,0.194,1.0,0.089,0.77,0.713,0.406,0.43,0.66,0.789,0.722,0.606,-0.227,0.641,0.787,0.656,-0.379,0.067,0.056,0.704,0.607,0.448,-0.261,-0.12,-0.221,-0.179,0.347,-0.312,0.617,-0.425,-0.108,0.652,0.094,-0.033,0.241,0.614,0.815,0.792,0.714,-0.057,-0.128,0.56,0.783,0.64,0.535,0.794,0.155,0.491,0.462,-0.122,0.5,0.699,-0.144,0.593,0.742,0.562,0.507,0.622,0.608,0.576,0.404,0.772,0.664,-0.247,0.753,0.699,0.423,0.777,-0.141,-0.277,0.719,-0.256,0.552,0.522,0.227,0.756,-0.147,-0.139,-0.004,0.429,0.735,0.292,0.686,0.868,-0.42,-0.129,0.475,0.633,-0.013,0.681,0.707,-0.446,0.638,0.68,-0.015,0.793,0.65,0.785,0.492,0.11,0.911,-0.284,0.659,0.147,0.754,0.721,0.246,0.556,0.164,0.611,0.353,-0.063,0.416,0.515,0.612,0.21,0.341,0.142,0.079,-0.332,-0.352,0.591,-0.167,-0.032,0.692,0.615,0.88,-0.335,0.69,0.861,0.259,-0.48,0.499,-0.455,0.596,0.484,0.796,0.418,0.254,0.561,0.372,-0.374,0.316,0.639,0.874,-0.027,0.464,0.781,0.423,0.386,0.307,0.632,0.576,0.757,0.724,-0.308,0.606,0.314,0.557,0.682,-0.032,-0.093,0.608,0.457,0.852,-0.189,0.678,-0.339,0.421,0.69,0.074,0.786,0.348,0.743,0.836,0.63,0.327,-0.429,0.547,0.705,-0.567,0.782,-0.442,0.758,0.712,0.479,0.805,0.59,0.527,0.346,0.699,0.647,0.564,0.846,0.803,0.735,0.641,0.694
ADMA,-0.128,0.227,-0.17,-0.178,0.089,1.0,0.035,0.136,-0.088,-0.233,0.163,-0.043,-0.027,0.083,0.398,0.126,0.008,0.002,0.375,0.046,0.347,0.287,0.357,0.024,0.311,-0.13,0.433,0.328,0.324,0.382,-0.119,0.358,0.553,-0.152,-0.26,0.294,0.367,0.435,0.386,-0.029,-0.001,0.365,0.137,-0.268,0.02,0.367,-0.002,0.211,0.588,0.16,-0.068,0.355,-0.172,-0.098,0.438,-0.087,0.066,-0.059,0.212,-0.083,0.052,-0.159,0.086,0.143,-0.111,0.344,0.029,0.002,0.54,0.167,0.464,0.447,0.178,0.472,-0.147,0.234,0.595,0.048,0.239,0.206,0.475,0.46,0.019,-0.19,-0.119,0.11,-0.003,0.639,0.235,0.124,0.357,0.087,-0.161,0.421,0.044,-0.214,0.31,0.207,-0.125,0.186,-0.184,-0.076,0.066,0.314,0.052,0.413,0.159,0.119,0.63,0.191,0.22,0.228,0.392,0.128,-0.119,0.365,0.359,-0.015,0.201,0.366,0.23,0.435,0.232,-0.235,0.153,0.407,-0.047,-0.004,-0.039,0.313,0.248,-0.017,0.06,0.264,0.34,0.245,-0.186,-0.14,-0.069,-0.365,0.441,0.135,0.029,0.364,0.032,-0.091,-0.038,-0.361,-0.344,0.025,0.159,-0.227,-0.323,0.074,0.126,0.39,0.135,0.337,-0.131,-0.217,0.446,-0.051,0.475,0.634,-0.103,-0.159,0.021,0.09,-0.0,0.389,0.21,-0.139,0.637,-0.069,-0.022,-0.087,0.214,0.143,0.184,-0.008,-0.156,0.059,0.076,0.132,0.29,0.127,0.135,-0.323,0.001,0.218,0.133,0.468,0.155,0.325,0.022,0.122,0.046,0.14,-0.298,-0.097
AEP,0.69,0.717,0.741,0.052,0.77,0.035,1.0,0.878,0.612,0.596,0.433,0.572,0.789,0.558,-0.284,0.601,0.742,0.742,-0.486,0.156,0.066,0.353,0.63,0.65,-0.288,-0.047,-0.522,-0.261,0.53,-0.423,0.677,-0.267,-0.073,0.757,0.251,-0.035,0.4,0.438,0.689,0.846,0.612,-0.246,0.171,0.702,0.649,0.7,0.736,0.766,0.159,0.586,0.77,-0.173,0.706,0.622,0.017,0.804,0.793,0.765,0.826,0.637,0.839,0.748,0.37,0.841,0.631,-0.3,0.641,0.856,0.148,0.788,-0.32,-0.129,0.596,-0.566,0.716,0.554,0.23,0.79,-0.362,-0.349,0.206,0.473,0.846,0.606,0.819,0.853,-0.036,-0.211,0.273,0.786,-0.447,0.884,0.691,-0.443,0.567,0.758,0.016,0.627,0.745,0.635,0.724,0.489,0.788,-0.315,0.521,-0.183,0.904,0.59,0.277,0.365,-0.189,0.726,0.1,-0.137,0.615,0.686,0.282,0.575,0.682,-0.007,0.206,-0.431,-0.529,0.702,-0.028,-0.429,0.862,0.766,0.794,-0.117,0.625,0.84,0.527,-0.238,0.696,-0.219,0.791,0.644,0.796,0.661,0.052,0.755,0.62,-0.361,0.69,0.829,0.758,0.262,0.632,0.892,0.695,0.681,0.567,0.665,0.857,0.572,0.494,-0.553,0.765,0.511,0.232,0.749,-0.293,0.017,0.766,0.764,0.837,-0.435,0.77,-0.588,0.637,0.722,-0.164,0.8,0.534,0.785,0.813,0.665,0.665,-0.258,0.656,0.846,-0.253,0.755,-0.507,0.623,0.788,0.664,0.73,0.711,0.579,0.067,0.89,0.75,0.774,0.807,0.901,0.82,0.692,0.713
AGNC,0.72,0.67,0.748,-0.096,0.713,0.136,0.878,1.0,0.609,0.611,0.365,0.479,0.7,0.426,-0.271,0.608,0.71,0.725,-0.433,0.053,0.12,0.355,0.672,0.659,-0.31,-0.155,-0.464,-0.27,0.7,-0.424,0.639,-0.202,-0.086,0.775,0.268,-0.039,0.458,0.457,0.709,0.708,0.523,-0.309,0.183,0.742,0.54,0.676,0.723,0.705,0.26,0.507,0.788,-0.236,0.728,0.585,0.166,0.713,0.678,0.669,0.834,0.627,0.859,0.751,0.206,0.79,0.629,-0.308,0.574,0.893,0.17,0.773,-0.254,-0.048,0.581,-0.472,0.698,0.562,0.379,0.747,-0.437,-0.452,0.224,0.511,0.899,0.607,0.749,0.814,0.018,-0.219,0.208,0.748,-0.391,0.885,0.645,-0.507,0.445,0.698,0.14,0.519,0.781,0.581,0.72,0.419,0.754,-0.317,0.339,-0.256,0.859,0.56,0.424,0.313,-0.15,0.764,0.137,-0.275,0.608,0.742,0.326,0.548,0.627,-0.065,0.34,-0.398,-0.584,0.727,0.01,-0.304,0.865,0.701,0.727,-0.118,0.704,0.828,0.495,-0.215,0.736,-0.169,0.7,0.662,0.732,0.655,-0.015,0.59,0.689,-0.384,0.787,0.841,0.748,0.182,0.628,0.902,0.741,0.67,0.549,0.553,0.911,0.561,0.478,-0.523,0.742,0.499,0.231,0.747,-0.172,0.075,0.672,0.733,0.812,-0.441,0.735,-0.515,0.71,0.665,-0.139,0.791,0.544,0.758,0.794,0.74,0.734,-0.305,0.595,0.884,-0.207,0.71,-0.43,0.609,0.844,0.692,0.769,0.804,0.547,0.082,0.79,0.77,0.762,0.786,0.889,0.909,0.632,0.761
AKBA,0.811,0.598,0.689,-0.217,0.406,-0.088,0.612,0.609,1.0,0.81,0.055,0.297,0.644,0.256,-0.531,0.664,0.459,0.799,-0.443,-0.033,0.069,-0.026,0.253,0.531,-0.464,-0.318,-0.555,-0.477,0.575,-0.548,0.795,-0.236,-0.147,0.549,0.703,-0.321,0.144,0.233,0.364,0.608,0.637,-0.545,0.57,0.657,0.304,0.341,0.825,0.347,-0.199,0.226,0.59,-0.486,0.71,0.529,0.136,0.595,0.499,0.557,0.666,0.759,0.77,0.702,0.2,0.665,0.592,-0.495,0.601,0.813,-0.273,0.597,-0.384,-0.277,0.146,-0.682,0.671,0.569,0.233,0.78,-0.405,-0.39,0.016,0.303,0.766,0.83,0.654,0.575,0.214,-0.537,-0.266,0.687,-0.403,0.759,0.718,-0.571,0.337,0.717,0.24,0.125,0.625,0.395,0.779,0.38,0.596,-0.244,0.308,-0.48,0.52,0.565,0.233,-0.076,-0.038,0.46,-0.342,-0.495,0.817,0.494,-0.161,0.543,0.378,-0.475,0.422,-0.321,-0.671,0.752,-0.006,-0.587,0.815,0.319,0.57,0.145,0.447,0.638,0.619,-0.22,0.334,-0.308,0.582,0.676,0.752,0.516,-0.436,0.473,0.589,-0.5,0.698,0.603,0.547,0.171,0.583,0.638,0.589,0.783,0.365,0.533,0.702,0.24,0.302,-0.535,0.652,0.737,-0.079,0.71,-0.549,0.157,0.587,0.689,0.543,-0.675,0.809,-0.599,0.684,0.766,-0.442,0.734,0.239,0.49,0.674,0.663,0.586,0.066,0.826,0.784,-0.234,0.766,-0.396,0.505,0.604,0.687,0.493,0.653,0.085,-0.37,0.634,0.441,0.633,0.521,0.632,0.692,0.678,0.438
ALT,0.884,0.638,0.631,-0.167,0.43,-0.233,0.596,0.611,0.81,1.0,0.1,0.503,0.585,0.284,-0.667,0.669,0.54,0.81,-0.614,-0.016,-0.043,0.103,0.181,0.578,-0.613,-0.231,-0.586,-0.611,0.423,-0.681,0.797,-0.392,-0.336,0.647,0.574,-0.416,0.033,0.172,0.366,0.661,0.68,-0.601,0.265,0.681,0.376,0.295,0.69,0.348,-0.211,0.195,0.517,-0.581,0.676,0.677,-0.111,0.579,0.527,0.497,0.554,0.793,0.699,0.675,0.172,0.587,0.635,-0.599,0.666,0.788,-0.263,0.596,-0.548,-0.45,0.211,-0.741,0.584,0.536,0.041,0.711,-0.368,-0.342,-0.156,0.128,0.749,0.784,0.7,0.577,0.116,-0.601,-0.202,0.621,-0.44,0.674,0.773,-0.673,0.339,0.716,-0.04,0.171,0.717,0.443,0.809,0.265,0.595,-0.386,0.332,-0.435,0.523,0.614,0.131,-0.089,-0.013,0.432,-0.209,-0.462,0.806,0.4,-0.098,0.435,0.283,-0.398,0.166,-0.461,-0.629,0.72,-0.208,-0.548,0.76,0.331,0.621,-0.089,0.509,0.674,0.453,-0.415,0.267,-0.456,0.603,0.722,0.725,0.576,-0.481,0.384,0.422,-0.607,0.607,0.638,0.588,0.251,0.644,0.642,0.499,0.791,0.392,0.512,0.622,0.255,0.392,-0.585,0.691,0.552,-0.046,0.735,-0.549,-0.119,0.649,0.699,0.616,-0.656,0.831,-0.646,0.495,0.772,-0.513,0.709,0.264,0.516,0.616,0.751,0.485,-0.093,0.846,0.774,-0.352,0.684,-0.585,0.613,0.621,0.678,0.568,0.61,0.113,-0.317,0.566,0.445,0.586,0.605,0.655,0.678,0.71,0.546
AMAT,0.294,0.445,0.294,0.136,0.66,0.163,0.433,0.365,0.055,0.1,1.0,0.572,0.54,0.28,0.021,0.371,0.502,0.344,-0.297,-0.119,-0.075,0.628,0.449,0.215,-0.183,-0.147,0.013,0.064,0.116,0.1,0.303,-0.369,-0.042,0.345,-0.189,0.113,0.222,0.528,0.669,0.5,0.495,0.146,-0.206,0.233,0.663,0.467,0.168,0.58,0.267,0.397,0.125,0.096,0.2,0.483,-0.134,0.37,0.628,0.21,0.149,0.295,0.209,0.24,0.318,0.49,0.385,-0.026,0.45,0.335,0.506,0.525,0.018,-0.168,0.581,-0.059,0.209,0.302,0.13,0.472,-0.025,0.003,-0.027,0.49,0.344,-0.101,0.401,0.559,-0.485,0.082,0.55,0.342,0.078,0.381,0.429,-0.231,0.441,0.308,-0.113,0.748,0.379,0.57,0.107,-0.013,0.63,-0.305,0.41,0.286,0.465,0.444,0.232,0.713,0.186,0.301,0.461,0.115,0.107,0.331,0.652,-0.089,0.115,0.259,-0.032,-0.209,-0.025,0.231,-0.144,0.128,0.274,0.344,0.558,-0.481,0.455,0.511,-0.136,-0.381,0.29,-0.36,0.371,0.171,0.458,0.123,0.327,0.437,0.205,-0.163,-0.004,0.333,0.546,-0.183,0.113,0.415,0.039,0.031,0.009,0.442,0.239,0.648,0.611,-0.028,0.315,0.095,0.608,0.382,0.107,0.058,0.367,0.247,0.516,-0.051,0.308,-0.134,0.145,0.329,0.25,0.441,0.206,0.578,0.545,0.331,0.027,-0.559,0.218,0.359,-0.583,0.483,-0.232,0.499,0.446,0.162,0.553,0.367,0.46,0.487,0.36,0.392,0.238,0.571,0.441,0.414,0.219,0.444
AMD,0.634,0.714,0.387,0.279,0.789,-0.043,0.572,0.479,0.297,0.503,0.572,1.0,0.62,0.485,-0.34,0.698,0.814,0.65,-0.46,-0.092,-0.157,0.755,0.399,0.478,-0.423,-0.185,-0.257,-0.307,0.189,-0.393,0.656,-0.557,-0.283,0.562,0.154,-0.199,0.164,0.477,0.699,0.764,0.72,-0.135,-0.271,0.467,0.718,0.446,0.375,0.614,0.047,0.327,0.224,-0.254,0.369,0.838,-0.354,0.435,0.626,0.359,0.298,0.612,0.426,0.504,0.366,0.623,0.612,-0.287,0.791,0.578,0.286,0.749,-0.349,-0.369,0.595,-0.38,0.344,0.455,0.044,0.672,0.01,0.01,-0.211,0.145,0.599,0.274,0.677,0.758,-0.433,-0.172,0.371,0.474,-0.111,0.484,0.755,-0.485,0.568,0.603,-0.218,0.699,0.622,0.761,0.447,0.083,0.808,-0.341,0.616,0.207,0.519,0.69,0.046,0.357,0.362,0.449,0.303,-0.108,0.365,0.341,0.496,0.017,0.157,0.121,-0.154,-0.319,-0.317,0.506,-0.299,-0.029,0.565,0.416,0.832,-0.368,0.579,0.764,0.086,-0.529,0.246,-0.624,0.491,0.524,0.723,0.334,0.068,0.436,0.112,-0.38,0.173,0.492,0.711,0.009,0.35,0.626,0.202,0.353,0.136,0.521,0.374,0.741,0.84,-0.334,0.555,0.15,0.575,0.687,-0.125,-0.25,0.536,0.329,0.794,-0.273,0.594,-0.401,0.248,0.695,-0.012,0.629,0.17,0.559,0.693,0.635,0.155,-0.404,0.574,0.577,-0.599,0.614,-0.507,0.852,0.596,0.421,0.707,0.37,0.413,0.235,0.511,0.503,0.378,0.857,0.688,0.545,0.525,0.61
AMGN,0.692,0.676,0.699,-0.048,0.722,-0.027,0.789,0.7,0.644,0.585,0.54,0.62,1.0,0.326,-0.384,0.701,0.687,0.706,-0.467,-0.186,-0.141,0.461,0.556,0.575,-0.465,-0.402,-0.464,-0.269,0.542,-0.341,0.745,-0.45,-0.25,0.623,0.305,-0.217,0.29,0.481,0.704,0.762,0.671,-0.301,0.065,0.636,0.625,0.544,0.639,0.547,0.067,0.351,0.524,-0.368,0.656,0.758,0.051,0.605,0.689,0.619,0.544,0.621,0.659,0.714,0.469,0.81,0.593,-0.373,0.692,0.813,0.09,0.765,-0.308,-0.271,0.432,-0.548,0.564,0.409,0.238,0.845,-0.39,-0.394,-0.083,0.5,0.793,0.548,0.815,0.775,-0.159,-0.289,0.117,0.625,-0.235,0.777,0.743,-0.605,0.526,0.72,0.164,0.514,0.776,0.633,0.592,0.489,0.797,-0.282,0.509,-0.212,0.635,0.548,0.294,0.446,0.076,0.476,0.027,-0.289,0.595,0.497,0.303,0.318,0.377,-0.159,0.368,-0.426,-0.577,0.695,0.009,-0.365,0.785,0.432,0.814,-0.277,0.574,0.845,0.24,-0.308,0.334,-0.368,0.637,0.632,0.79,0.507,-0.129,0.729,0.607,-0.445,0.548,0.707,0.822,0.036,0.455,0.728,0.399,0.53,0.272,0.536,0.679,0.612,0.661,-0.433,0.692,0.519,0.383,0.792,-0.364,-0.021,0.607,0.628,0.777,-0.405,0.682,-0.577,0.544,0.78,-0.215,0.878,0.215,0.703,0.76,0.614,0.452,-0.318,0.649,0.777,-0.469,0.753,-0.364,0.701,0.696,0.621,0.724,0.661,0.3,0.004,0.8,0.564,0.576,0.784,0.788,0.783,0.641,0.599
AMZN,0.323,0.513,0.414,0.328,0.606,0.083,0.558,0.426,0.256,0.284,0.28,0.485,0.326,1.0,-0.097,0.276,0.509,0.42,-0.318,0.499,0.285,0.318,0.34,0.348,0.097,0.384,-0.234,-0.064,-0.008,-0.369,0.29,-0.217,0.194,0.419,0.008,0.083,0.124,0.176,0.388,0.531,0.395,0.131,0.024,0.374,0.499,0.515,0.445,0.673,0.059,0.682,0.482,0.125,0.332,0.327,-0.112,0.558,0.61,0.572,0.431,0.351,0.414,0.393,0.202,0.552,0.426,-0.11,0.373,0.374,0.15,0.398,-0.143,-0.158,0.647,-0.29,0.543,0.4,-0.059,0.444,0.068,0.084,0.17,0.068,0.347,0.2,0.459,0.487,-0.067,0.044,0.395,0.527,-0.139,0.392,0.353,-0.144,0.547,0.556,-0.211,0.555,0.29,0.455,0.355,0.13,0.497,-0.243,0.562,0.223,0.588,0.392,0.032,0.281,-0.138,0.349,0.247,0.286,0.286,0.397,0.301,0.432,0.501,0.29,-0.193,-0.169,-0.16,0.471,-0.345,-0.075,0.364,0.684,0.442,-0.038,0.408,0.431,0.428,-0.112,0.468,-0.146,0.543,0.33,0.43,0.383,0.248,0.485,-0.014,-0.132,0.202,0.337,0.497,0.282,0.462,0.454,0.423,0.346,0.488,0.585,0.316,0.336,0.263,-0.35,0.373,0.256,0.146,0.347,0.007,-0.084,0.53,0.421,0.549,0.009,0.466,-0.233,0.188,0.397,-0.061,0.349,0.341,0.535,0.449,0.301,0.352,-0.179,0.361,0.359,-0.106,0.461,-0.499,0.303,0.413,0.318,0.537,0.36,0.376,0.126,0.398,0.463,0.56,0.444,0.481,0.318,0.459,0.458
APA,-0.556,-0.427,-0.44,0.045,-0.227,0.398,-0.284,-0.271,-0.531,-0.667,0.021,-0.34,-0.384,-0.097,1.0,-0.523,-0.337,-0.508,0.594,-0.064,0.076,-0.071,0.109,-0.164,0.614,0.104,0.448,0.871,-0.107,0.743,-0.607,0.618,0.447,-0.534,-0.539,0.86,0.237,0.129,-0.087,-0.432,-0.468,0.733,-0.021,-0.583,-0.182,0.036,-0.457,-0.087,0.583,0.054,-0.202,0.732,-0.549,-0.54,0.355,-0.412,-0.214,-0.377,-0.253,-0.621,-0.403,-0.47,-0.123,-0.317,-0.543,0.935,-0.472,-0.434,0.439,-0.316,0.675,0.674,0.002,0.593,-0.411,-0.15,0.281,-0.44,0.375,0.364,0.423,0.129,-0.425,-0.589,-0.474,-0.288,0.113,0.723,0.434,-0.384,0.307,-0.319,-0.543,0.676,-0.242,-0.545,0.26,0.008,-0.555,-0.279,-0.622,-0.049,-0.301,0.372,-0.273,0.474,-0.168,-0.424,0.232,0.102,-0.08,-0.104,0.492,0.422,-0.63,0.014,0.249,-0.024,0.065,0.588,-0.062,0.508,0.678,-0.529,0.389,0.471,-0.454,-0.058,-0.424,0.228,-0.345,-0.404,-0.257,0.672,0.109,0.681,-0.387,-0.539,-0.499,-0.486,0.551,-0.146,-0.1,0.868,-0.221,-0.305,-0.44,-0.005,-0.437,-0.328,-0.129,-0.582,-0.255,-0.349,-0.26,-0.014,-0.328,0.596,-0.379,-0.36,0.212,-0.484,0.673,0.368,-0.43,-0.352,-0.308,0.516,-0.516,0.499,-0.122,-0.573,0.612,-0.402,-0.057,-0.216,-0.301,-0.406,-0.145,0.061,-0.664,-0.414,0.443,-0.477,0.609,-0.369,-0.288,-0.568,-0.278,-0.258,0.252,0.391,-0.33,-0.098,-0.327,-0.323,-0.388,-0.316,-0.662,-0.468
APPS,0.798,0.782,0.54,-0.079,0.641,0.126,0.601,0.608,0.664,0.669,0.371,0.698,0.701,0.276,-0.523,1.0,0.683,0.751,-0.449,-0.175,-0.098,0.542,0.341,0.519,-0.545,-0.449,-0.335,-0.537,0.529,-0.44,0.9,-0.433,-0.245,0.601,0.45,-0.391,0.236,0.495,0.703,0.788,0.771,-0.472,0.111,0.577,0.526,0.426,0.567,0.471,-0.035,0.178,0.294,-0.484,0.553,0.785,-0.077,0.464,0.533,0.415,0.527,0.82,0.646,0.622,0.36,0.718,0.622,-0.476,0.826,0.758,0.103,0.816,-0.371,-0.374,0.395,-0.478,0.437,0.497,0.291,0.783,-0.311,-0.333,-0.137,0.405,0.757,0.604,0.701,0.823,-0.158,-0.297,-0.042,0.564,-0.155,0.7,0.758,-0.633,0.47,0.657,0.106,0.417,0.701,0.68,0.651,0.262,0.735,-0.252,0.464,-0.161,0.559,0.783,0.279,0.179,0.299,0.521,-0.037,-0.461,0.67,0.496,0.212,0.139,0.196,-0.292,0.247,-0.354,-0.599,0.596,-0.052,-0.265,0.733,0.307,0.75,-0.133,0.682,0.769,0.306,-0.528,0.268,-0.579,0.483,0.592,0.821,0.373,-0.229,0.427,0.437,-0.577,0.459,0.618,0.71,-0.113,0.369,0.704,0.406,0.563,0.147,0.539,0.583,0.643,0.824,-0.409,0.646,0.359,0.439,0.799,-0.369,0.043,0.59,0.481,0.697,-0.537,0.723,-0.47,0.545,0.804,-0.109,0.748,0.166,0.498,0.768,0.754,0.386,-0.261,0.784,0.756,-0.537,0.802,-0.388,0.786,0.673,0.535,0.614,0.62,0.172,0.007,0.637,0.561,0.467,0.821,0.782,0.741,0.586,0.595
ARCC,0.683,0.734,0.511,0.285,0.787,0.008,0.742,0.71,0.459,0.54,0.502,0.814,0.687,0.509,-0.337,0.683,1.0,0.715,-0.457,0.098,0.009,0.643,0.477,0.579,-0.277,-0.089,-0.36,-0.281,0.413,-0.414,0.681,-0.424,-0.138,0.659,0.389,-0.15,0.341,0.559,0.754,0.84,0.665,-0.214,0.0,0.569,0.695,0.591,0.642,0.739,0.208,0.481,0.481,-0.186,0.494,0.792,-0.105,0.568,0.709,0.55,0.579,0.682,0.651,0.727,0.372,0.773,0.67,-0.327,0.75,0.753,0.259,0.792,-0.247,-0.206,0.606,-0.469,0.508,0.51,0.17,0.762,-0.21,-0.216,0.027,0.291,0.758,0.481,0.783,0.845,-0.24,-0.257,0.321,0.642,-0.318,0.701,0.715,-0.515,0.658,0.677,-0.144,0.705,0.74,0.826,0.656,0.199,0.809,-0.407,0.618,0.025,0.738,0.657,0.158,0.373,0.268,0.638,0.214,-0.168,0.555,0.529,0.423,0.243,0.406,0.123,0.082,-0.332,-0.455,0.642,-0.193,-0.245,0.749,0.625,0.824,-0.208,0.638,0.792,0.299,-0.404,0.512,-0.452,0.601,0.737,0.825,0.465,0.143,0.613,0.324,-0.444,0.462,0.652,0.706,0.101,0.455,0.815,0.505,0.586,0.33,0.614,0.603,0.763,0.75,-0.425,0.674,0.329,0.436,0.816,-0.197,-0.04,0.613,0.469,0.886,-0.381,0.66,-0.427,0.527,0.755,-0.012,0.732,0.288,0.665,0.752,0.681,0.469,-0.348,0.659,0.752,-0.442,0.74,-0.499,0.79,0.806,0.547,0.773,0.628,0.541,0.244,0.662,0.636,0.558,0.887,0.813,0.73,0.585,0.672
ARDX,0.866,0.8,0.706,-0.033,0.656,0.002,0.742,0.725,0.799,0.81,0.344,0.65,0.706,0.42,-0.508,0.751,0.715,1.0,-0.521,-0.05,0.052,0.292,0.438,0.653,-0.492,-0.305,-0.494,-0.47,0.559,-0.561,0.795,-0.425,-0.224,0.732,0.555,-0.276,0.192,0.368,0.614,0.813,0.801,-0.465,0.286,0.729,0.56,0.487,0.778,0.6,-0.078,0.362,0.56,-0.433,0.717,0.732,0.028,0.703,0.699,0.552,0.68,0.817,0.81,0.756,0.28,0.781,0.784,-0.463,0.791,0.88,0.005,0.812,-0.471,-0.327,0.405,-0.674,0.668,0.608,0.255,0.894,-0.302,-0.288,-0.006,0.271,0.876,0.707,0.761,0.758,-0.023,-0.45,-0.018,0.779,-0.399,0.823,0.908,-0.586,0.486,0.772,0.025,0.42,0.718,0.619,0.745,0.26,0.817,-0.391,0.464,-0.302,0.683,0.681,0.26,0.123,0.055,0.589,-0.136,-0.42,0.693,0.554,0.086,0.421,0.39,-0.316,0.261,-0.383,-0.611,0.762,-0.159,-0.499,0.837,0.457,0.808,-0.043,0.636,0.817,0.478,-0.4,0.511,-0.456,0.705,0.719,0.856,0.542,-0.275,0.553,0.491,-0.469,0.619,0.695,0.701,0.189,0.588,0.794,0.592,0.725,0.363,0.741,0.743,0.516,0.551,-0.601,0.757,0.619,0.154,0.832,-0.475,0.076,0.729,0.698,0.785,-0.667,0.89,-0.634,0.646,0.852,-0.292,0.763,0.345,0.545,0.844,0.799,0.606,-0.118,0.827,0.899,-0.383,0.827,-0.575,0.786,0.755,0.712,0.661,0.705,0.335,-0.106,0.721,0.639,0.661,0.784,0.801,0.789,0.672,0.632
ATER,-0.554,-0.406,-0.63,0.038,-0.379,0.375,-0.486,-0.433,-0.443,-0.614,-0.297,-0.46,-0.467,-0.318,0.594,-0.449,-0.457,-0.521,1.0,-0.066,0.096,-0.186,-0.213,-0.456,0.573,-0.068,0.714,0.548,-0.071,0.75,-0.578,0.685,0.334,-0.577,-0.286,0.331,-0.05,0.011,-0.258,-0.558,-0.494,0.433,-0.044,-0.63,-0.463,-0.276,-0.487,-0.413,0.396,-0.414,-0.43,0.496,-0.628,-0.582,0.311,-0.666,-0.609,-0.478,-0.328,-0.575,-0.431,-0.565,-0.003,-0.525,-0.506,0.574,-0.425,-0.461,0.383,-0.444,0.639,0.579,-0.411,0.673,-0.656,-0.195,0.325,-0.567,0.533,0.488,0.279,-0.008,-0.41,-0.425,-0.607,-0.44,0.153,0.545,0.086,-0.614,0.538,-0.437,-0.552,0.746,-0.369,-0.694,0.388,-0.269,-0.606,-0.359,-0.622,-0.208,-0.453,0.47,-0.325,0.394,-0.439,-0.427,0.189,-0.135,0.225,-0.169,0.211,0.279,-0.599,-0.258,0.042,-0.293,-0.271,0.306,0.144,0.657,0.563,-0.674,0.511,0.475,-0.449,-0.44,-0.448,0.339,-0.337,-0.431,-0.286,0.48,-0.184,0.447,-0.679,-0.551,-0.511,-0.691,0.353,-0.375,-0.162,0.619,-0.262,-0.441,-0.472,-0.304,-0.645,-0.416,-0.255,-0.604,-0.55,-0.579,-0.327,-0.142,-0.404,0.701,-0.565,-0.526,0.138,-0.562,0.611,0.377,-0.662,-0.645,-0.49,0.491,-0.55,0.589,-0.167,-0.552,0.679,-0.443,-0.202,-0.574,-0.39,-0.341,-0.328,0.472,-0.606,-0.436,0.432,-0.448,0.716,-0.345,-0.42,-0.573,-0.538,-0.4,-0.079,0.283,-0.387,-0.184,-0.571,-0.425,-0.477,-0.335,-0.61,-0.646
ATOS,-0.104,-0.042,-0.013,0.247,0.067,0.046,0.156,0.053,-0.033,-0.016,-0.119,-0.092,-0.186,0.499,-0.064,-0.175,0.098,-0.05,-0.066,1.0,0.581,-0.145,-0.092,-0.048,0.442,0.775,-0.035,0.064,-0.32,-0.257,-0.12,0.088,0.501,0.116,0.028,0.074,0.126,-0.161,-0.133,0.034,-0.134,0.157,0.241,0.009,0.006,0.2,0.225,0.267,-0.011,0.446,0.288,0.259,0.025,-0.176,0.022,0.263,0.18,0.351,0.275,-0.018,0.087,-0.001,-0.162,0.04,0.088,-0.079,-0.135,-0.066,-0.038,-0.176,0.129,0.102,0.247,-0.021,0.27,0.073,-0.279,-0.104,0.112,0.132,0.387,-0.143,-0.102,-0.009,-0.022,-0.005,0.138,0.02,0.15,0.21,-0.173,-0.06,-0.139,0.206,0.232,0.104,-0.429,0.18,-0.078,0.075,0.125,-0.07,-0.107,-0.143,0.259,0.097,0.277,-0.038,-0.135,0.006,-0.236,0.141,0.015,0.371,0.074,0.036,-0.097,0.239,0.392,0.292,-0.271,0.009,-0.022,0.067,-0.333,-0.097,-0.028,0.442,-0.11,0.316,0.04,-0.113,0.465,0.104,0.308,0.127,0.167,0.168,-0.044,0.138,0.356,0.145,-0.279,0.001,-0.017,-0.09,-0.074,0.355,0.227,0.022,0.259,0.174,0.389,0.25,-0.009,-0.15,-0.23,-0.193,-0.028,0.02,-0.305,-0.156,0.075,0.029,0.159,0.063,-0.009,0.072,0.075,0.088,-0.014,-0.074,-0.008,-0.176,0.237,0.13,-0.056,-0.116,0.195,-0.014,0.006,-0.08,0.274,0.1,-0.373,-0.219,0.033,-0.005,-0.029,0.019,0.138,0.019,-0.018,-0.017,0.308,-0.106,-0.014,-0.143,0.223,0.026
AUPH,-0.063,-0.025,0.072,0.03,0.056,0.347,0.066,0.12,0.069,-0.043,-0.075,-0.157,-0.141,0.285,0.076,-0.098,0.009,0.052,0.096,0.581,1.0,-0.117,0.076,0.049,0.263,0.423,0.004,0.092,0.006,-0.123,-0.13,0.14,0.476,-0.012,0.039,0.139,0.291,-0.041,0.059,-0.087,-0.125,0.069,0.427,-0.019,0.009,0.127,0.286,0.165,0.045,0.325,0.212,0.237,0.016,-0.177,0.224,0.156,0.054,0.195,0.325,-0.03,0.187,-0.047,-0.236,0.011,0.061,0.059,-0.114,0.019,-0.065,-0.055,0.27,0.226,0.096,0.119,0.259,0.285,0.191,-0.029,0.002,0.006,0.566,0.018,-0.003,0.005,-0.097,-0.003,0.15,0.095,0.112,0.288,0.019,0.028,-0.101,0.217,-0.002,0.008,-0.007,0.111,-0.105,0.022,0.06,-0.078,-0.003,0.009,0.029,0.032,0.143,-0.031,0.264,-0.059,-0.101,0.243,-0.008,0.113,0.057,0.175,-0.037,0.194,0.22,0.08,0.151,0.053,-0.03,0.048,-0.178,0.056,0.001,0.145,-0.07,0.482,0.073,-0.051,0.308,0.188,0.422,0.187,0.075,0.151,-0.058,-0.016,0.271,-0.018,-0.07,0.142,0.075,-0.1,-0.04,0.044,0.019,0.041,0.253,0.092,0.11,0.239,0.114,-0.024,-0.188,-0.157,-0.044,0.191,-0.18,-0.129,0.133,0.366,0.106,0.015,-0.058,0.05,0.156,0.185,0.16,-0.096,0.042,-0.109,0.154,-0.027,0.074,0.028,0.247,0.112,-0.033,0.025,0.254,0.146,-0.218,-0.127,0.049,-0.029,-0.038,0.095,0.151,-0.008,-0.039,0.012,0.214,-0.096,-0.039,-0.008,0.17,0.012
AVGO,0.294,0.537,0.142,0.225,0.704,0.287,0.353,0.355,-0.026,0.103,0.628,0.755,0.461,0.318,-0.071,0.542,0.643,0.292,-0.186,-0.145,-0.117,1.0,0.481,0.24,-0.192,-0.241,0.099,-0.085,0.163,-0.041,0.391,-0.355,-0.095,0.306,-0.157,-0.087,0.227,0.679,0.769,0.524,0.496,0.161,-0.434,0.197,0.58,0.49,0.106,0.586,0.328,0.28,-0.011,-0.009,0.121,0.661,-0.196,0.156,0.439,0.134,0.11,0.346,0.185,0.277,0.338,0.497,0.326,-0.084,0.599,0.324,0.56,0.591,-0.026,-0.165,0.615,0.091,0.088,0.263,0.222,0.451,0.051,0.024,-0.161,0.34,0.364,-0.061,0.486,0.627,-0.542,0.128,0.469,0.199,0.173,0.276,0.383,-0.291,0.507,0.333,-0.081,0.715,0.417,0.772,0.128,-0.146,0.635,-0.243,0.552,0.457,0.371,0.552,0.233,0.554,0.509,0.326,0.511,-0.055,0.123,0.309,0.757,-0.217,0.064,0.36,-0.029,-0.087,-0.058,0.217,-0.203,0.298,0.312,0.29,0.591,-0.417,0.589,0.553,-0.176,-0.39,0.16,-0.423,0.151,0.217,0.48,0.089,0.373,0.36,-0.009,-0.198,-0.036,0.301,0.583,-0.309,0.048,0.415,0.044,0.006,-0.066,0.306,0.205,0.816,0.846,0.028,0.271,-0.175,0.813,0.44,0.199,-0.074,0.214,0.008,0.622,-0.028,0.237,0.083,0.121,0.417,0.369,0.472,-0.026,0.426,0.531,0.406,0.039,-0.513,0.257,0.325,-0.555,0.436,-0.172,0.677,0.473,0.104,0.601,0.32,0.337,0.571,0.345,0.415,0.174,0.694,0.478,0.405,0.16,0.513
AZN,0.362,0.425,0.514,-0.094,0.607,0.357,0.63,0.672,0.253,0.181,0.449,0.399,0.556,0.34,0.109,0.341,0.477,0.438,-0.213,-0.092,0.076,0.481,1.0,0.569,-0.038,-0.176,-0.13,0.148,0.448,-0.106,0.346,-0.087,0.14,0.532,-0.222,0.227,0.458,0.586,0.617,0.446,0.384,0.171,-0.036,0.507,0.512,0.741,0.387,0.686,0.447,0.6,0.548,0.114,0.521,0.432,0.344,0.491,0.602,0.471,0.476,0.289,0.5,0.396,0.164,0.692,0.383,0.078,0.39,0.548,0.401,0.639,0.005,0.161,0.663,-0.114,0.503,0.359,0.324,0.552,-0.26,-0.273,0.129,0.46,0.584,0.125,0.543,0.614,-0.096,0.14,0.376,0.497,-0.181,0.548,0.37,-0.23,0.425,0.474,0.185,0.589,0.49,0.498,0.278,0.27,0.605,-0.211,0.325,0.058,0.606,0.355,0.415,0.598,-0.086,0.444,0.308,-0.105,0.187,0.613,0.553,0.369,0.607,0.195,0.252,-0.207,-0.247,0.467,-0.064,-0.027,0.482,0.571,0.524,-0.262,0.659,0.587,0.155,0.056,0.535,0.057,0.465,0.258,0.42,0.371,0.239,0.64,0.475,0.011,0.392,0.573,0.553,0.057,0.319,0.546,0.36,0.246,0.21,0.381,0.624,0.555,0.423,-0.163,0.498,0.23,0.477,0.442,0.091,0.137,0.396,0.446,0.631,-0.165,0.39,-0.211,0.435,0.381,0.097,0.519,0.181,0.551,0.561,0.43,0.474,-0.46,0.234,0.52,-0.194,0.419,-0.196,0.444,0.597,0.446,0.659,0.559,0.455,0.426,0.607,0.551,0.612,0.583,0.553,0.593,0.192,0.584
BCRX,0.621,0.454,0.572,-0.165,0.448,0.024,0.65,0.659,0.531,0.578,0.215,0.478,0.575,0.348,-0.164,0.519,0.579,0.653,-0.456,-0.048,0.049,0.24,0.569,1.0,-0.35,-0.185,-0.609,-0.105,0.536,-0.396,0.607,-0.138,-0.129,0.554,0.235,0.136,0.499,0.342,0.499,0.582,0.441,-0.198,0.236,0.566,0.392,0.549,0.562,0.495,0.2,0.493,0.657,-0.125,0.602,0.568,0.307,0.528,0.609,0.474,0.627,0.487,0.669,0.645,0.012,0.68,0.431,-0.024,0.481,0.684,-0.038,0.634,-0.316,0.072,0.374,-0.589,0.557,0.425,0.24,0.603,-0.5,-0.491,0.17,0.281,0.652,0.558,0.641,0.664,0.266,-0.173,0.051,0.635,-0.5,0.659,0.554,-0.498,0.267,0.564,0.048,0.346,0.6,0.441,0.604,0.544,0.547,-0.304,0.216,-0.335,0.629,0.369,0.394,0.196,-0.184,0.476,-0.083,-0.361,0.513,0.611,0.057,0.57,0.564,-0.113,0.176,-0.421,-0.513,0.561,-0.07,-0.466,0.629,0.473,0.541,-0.019,0.46,0.594,0.327,0.028,0.548,-0.02,0.553,0.579,0.519,0.516,-0.089,0.585,0.603,-0.073,0.643,0.687,0.475,0.49,0.492,0.624,0.532,0.628,0.39,0.462,0.703,0.465,0.426,-0.511,0.82,0.448,0.173,0.621,-0.349,0.106,0.578,0.629,0.663,-0.424,0.63,-0.552,0.653,0.587,-0.277,0.604,0.149,0.49,0.557,0.536,0.698,-0.26,0.539,0.67,-0.136,0.497,-0.444,0.502,0.59,0.567,0.548,0.581,0.425,-0.084,0.575,0.531,0.599,0.619,0.622,0.626,0.454,0.521
BGC,-0.559,-0.437,-0.475,0.271,-0.261,0.311,-0.288,-0.31,-0.464,-0.613,-0.183,-0.423,-0.465,0.097,0.614,-0.545,-0.277,-0.492,0.573,0.442,0.263,-0.192,-0.038,-0.35,1.0,0.489,0.543,0.646,-0.354,0.444,-0.581,0.563,0.598,-0.342,-0.323,0.484,0.043,-0.059,-0.272,-0.43,-0.513,0.623,0.044,-0.425,-0.332,0.025,-0.297,-0.015,0.389,0.133,-0.101,0.668,-0.41,-0.561,0.318,-0.29,-0.207,-0.13,-0.184,-0.547,-0.345,-0.411,-0.088,-0.292,-0.359,0.53,-0.478,-0.46,0.331,-0.478,0.555,0.512,0.029,0.511,-0.308,-0.324,0.014,-0.472,0.405,0.372,0.347,-0.128,-0.45,-0.488,-0.416,-0.359,0.124,0.564,0.247,-0.337,0.21,-0.408,-0.582,0.672,-0.031,-0.427,-0.073,-0.013,-0.493,-0.209,-0.472,-0.21,-0.431,0.234,-0.046,0.431,-0.13,-0.371,-0.091,0.135,-0.076,-0.154,0.275,0.582,-0.533,-0.171,0.097,-0.016,0.191,0.553,-0.151,0.49,0.443,-0.426,0.169,0.328,-0.451,0.061,-0.468,0.274,-0.21,-0.458,-0.001,0.536,0.075,0.521,-0.368,-0.393,-0.455,-0.353,0.6,-0.039,-0.342,0.596,-0.293,-0.386,-0.466,0.071,-0.339,-0.373,-0.041,-0.41,-0.097,-0.256,-0.323,-0.189,-0.425,0.448,-0.436,-0.373,-0.056,-0.577,0.613,0.233,-0.454,-0.396,-0.37,0.541,-0.49,0.485,-0.175,-0.517,0.516,-0.517,-0.085,-0.259,-0.394,-0.456,-0.166,0.149,-0.579,-0.459,0.559,-0.383,0.302,-0.502,-0.279,-0.406,-0.338,-0.242,0.075,0.382,-0.297,-0.255,-0.217,-0.409,-0.418,-0.421,-0.516,-0.407
BIDU,-0.3,-0.314,-0.134,0.288,-0.12,-0.13,-0.047,-0.155,-0.318,-0.231,-0.147,-0.185,-0.402,0.384,0.104,-0.449,-0.089,-0.305,-0.068,0.775,0.423,-0.241,-0.176,-0.185,0.489,1.0,-0.029,0.118,-0.517,-0.153,-0.34,0.115,0.351,-0.088,-0.213,0.167,-0.068,-0.361,-0.309,-0.169,-0.352,0.206,0.002,-0.17,-0.098,0.036,-0.02,0.118,-0.075,0.339,0.113,0.293,-0.186,-0.375,-0.159,0.099,-0.008,0.241,0.038,-0.28,-0.114,-0.203,-0.239,-0.187,-0.158,0.035,-0.372,-0.342,-0.089,-0.394,0.077,0.056,0.171,0.08,0.065,-0.139,-0.421,-0.368,0.159,0.185,0.231,-0.281,-0.362,-0.268,-0.211,-0.245,0.008,0.178,0.147,-0.009,-0.165,-0.28,-0.336,0.291,0.107,-0.087,-0.521,0.07,-0.32,-0.159,-0.093,-0.102,-0.326,-0.072,0.047,0.084,0.04,-0.23,-0.388,-0.061,-0.4,-0.026,0.058,0.454,-0.18,-0.19,-0.183,0.137,0.248,0.308,-0.387,-0.017,0.134,-0.119,-0.312,0.016,-0.295,0.346,-0.327,0.139,-0.187,-0.335,0.222,0.136,0.135,0.172,0.003,-0.116,-0.293,0.006,0.314,-0.013,-0.467,0.124,-0.252,-0.301,-0.295,0.367,0.111,-0.165,0.022,-0.062,0.285,0.034,-0.242,-0.344,-0.406,-0.141,-0.237,-0.181,-0.375,-0.359,0.114,-0.167,-0.013,-0.039,-0.241,0.357,-0.193,0.154,-0.286,-0.349,-0.053,-0.402,0.111,-0.014,-0.328,-0.293,-0.028,-0.018,-0.255,-0.329,0.379,-0.233,-0.314,-0.436,-0.247,-0.187,-0.204,-0.173,0.036,-0.014,-0.209,-0.207,0.101,-0.292,-0.179,-0.39,-0.031,-0.112
BILI,-0.477,-0.279,-0.592,0.138,-0.221,0.433,-0.522,-0.464,-0.555,-0.586,0.013,-0.257,-0.464,-0.234,0.448,-0.335,-0.36,-0.494,0.714,-0.035,0.004,0.099,-0.13,-0.609,0.543,-0.029,1.0,0.402,-0.294,0.649,-0.513,0.354,0.427,-0.399,-0.437,0.179,-0.236,0.11,-0.135,-0.428,-0.229,0.501,-0.266,-0.508,-0.231,-0.223,-0.558,-0.2,0.303,-0.268,-0.59,0.396,-0.531,-0.426,0.063,-0.535,-0.442,-0.471,-0.53,-0.46,-0.555,-0.623,0.128,-0.399,-0.287,0.371,-0.208,-0.529,0.555,-0.387,0.599,0.207,-0.109,0.768,-0.619,-0.192,0.126,-0.468,0.632,0.598,-0.034,-0.021,-0.447,-0.631,-0.572,-0.381,-0.261,0.513,0.173,-0.59,0.689,-0.546,-0.468,0.651,-0.039,-0.534,0.144,-0.093,-0.513,-0.152,-0.664,-0.579,-0.314,0.324,0.006,0.648,-0.4,-0.143,0.045,0.192,0.43,-0.295,0.431,0.347,-0.588,-0.348,0.341,-0.51,-0.391,0.409,-0.049,0.67,0.568,-0.59,0.175,0.638,-0.522,-0.353,-0.368,0.0,-0.025,-0.366,-0.368,0.1,-0.339,0.104,-0.574,-0.614,-0.427,-0.669,0.395,-0.312,-0.439,0.349,-0.568,-0.476,-0.313,-0.534,-0.582,-0.458,-0.457,-0.684,-0.603,-0.43,-0.503,-0.038,-0.188,0.76,-0.622,-0.628,0.311,-0.52,0.671,0.223,-0.585,-0.656,-0.408,0.471,-0.491,0.691,-0.434,-0.46,0.741,-0.461,-0.203,-0.456,-0.353,-0.294,-0.587,0.156,-0.562,-0.477,0.057,-0.337,0.552,-0.183,-0.32,-0.547,-0.368,-0.336,-0.152,0.63,-0.396,-0.228,-0.508,-0.346,-0.473,-0.368,-0.65,-0.417
BKR,-0.542,-0.44,-0.449,0.019,-0.179,0.328,-0.261,-0.27,-0.477,-0.611,0.064,-0.307,-0.269,-0.064,0.871,-0.537,-0.281,-0.47,0.548,0.064,0.092,-0.085,0.148,-0.105,0.646,0.118,0.402,1.0,-0.151,0.679,-0.591,0.588,0.481,-0.469,-0.512,0.828,0.246,0.147,-0.144,-0.45,-0.452,0.777,-0.036,-0.549,-0.213,0.127,-0.379,-0.067,0.617,0.118,-0.099,0.719,-0.501,-0.429,0.431,-0.416,-0.127,-0.263,-0.247,-0.59,-0.416,-0.44,-0.159,-0.279,-0.511,0.869,-0.464,-0.398,0.437,-0.337,0.69,0.703,0.019,0.503,-0.349,-0.213,0.205,-0.383,0.343,0.34,0.404,0.106,-0.398,-0.563,-0.386,-0.278,0.17,0.637,0.384,-0.328,0.329,-0.324,-0.485,0.586,-0.2,-0.494,0.22,0.035,-0.465,-0.27,-0.572,0.01,-0.294,0.315,-0.221,0.411,-0.14,-0.457,0.253,0.261,-0.048,-0.155,0.438,0.436,-0.623,-0.023,0.261,-0.029,0.128,0.589,-0.126,0.44,0.565,-0.472,0.328,0.409,-0.444,-0.049,-0.362,0.132,-0.315,-0.386,-0.238,0.689,0.078,0.666,-0.393,-0.404,-0.47,-0.433,0.587,-0.026,-0.073,0.838,-0.224,-0.264,-0.386,0.093,-0.411,-0.357,-0.157,-0.517,-0.261,-0.343,-0.252,-0.013,-0.31,0.572,-0.301,-0.32,0.203,-0.467,0.663,0.322,-0.46,-0.387,-0.266,0.514,-0.46,0.398,-0.091,-0.537,0.54,-0.358,-0.072,-0.186,-0.304,-0.41,-0.122,-0.048,-0.618,-0.422,0.371,-0.388,0.501,-0.35,-0.249,-0.525,-0.217,-0.264,0.215,0.398,-0.272,-0.134,-0.248,-0.314,-0.412,-0.309,-0.536,-0.466
BLDP,0.545,0.509,0.496,-0.427,0.347,0.324,0.53,0.7,0.575,0.423,0.116,0.189,0.542,-0.008,-0.107,0.529,0.413,0.559,-0.071,-0.32,0.006,0.163,0.448,0.536,-0.354,-0.517,-0.294,-0.151,1.0,-0.09,0.492,0.07,-0.108,0.402,0.394,0.005,0.463,0.435,0.541,0.386,0.37,-0.383,0.303,0.39,0.181,0.377,0.52,0.263,0.353,0.018,0.428,-0.288,0.438,0.366,0.393,0.289,0.24,0.323,0.624,0.464,0.614,0.568,0.177,0.499,0.313,-0.13,0.377,0.67,0.135,0.597,-0.036,0.14,0.042,-0.298,0.296,0.478,0.696,0.574,-0.4,-0.43,0.303,0.657,0.699,0.579,0.421,0.499,0.226,-0.076,-0.132,0.477,-0.12,0.72,0.493,-0.332,0.08,0.305,0.607,0.09,0.489,0.302,0.512,0.511,0.462,0.034,-0.029,-0.371,0.495,0.349,0.661,0.05,0.029,0.602,-0.062,-0.529,0.482,0.699,0.08,0.39,0.338,-0.264,0.637,-0.098,-0.469,0.387,0.412,-0.228,0.679,0.211,0.451,0.126,0.427,0.548,0.304,-0.026,0.527,-0.001,0.273,0.445,0.477,0.245,-0.178,0.318,0.764,-0.138,0.791,0.648,0.447,-0.015,0.253,0.648,0.607,0.464,0.142,0.219,0.749,0.48,0.303,-0.27,0.534,0.368,0.247,0.662,-0.205,0.424,0.331,0.452,0.5,-0.383,0.496,-0.315,0.764,0.43,-0.001,0.617,0.292,0.322,0.596,0.624,0.7,-0.012,0.436,0.723,-0.083,0.505,-0.003,0.521,0.583,0.397,0.367,0.658,0.323,-0.046,0.646,0.694,0.372,0.535,0.629,0.768,0.335,0.346
BLNK,-0.571,-0.363,-0.621,-0.008,-0.312,0.382,-0.423,-0.424,-0.548,-0.681,0.1,-0.393,-0.341,-0.369,0.743,-0.44,-0.414,-0.561,0.75,-0.257,-0.123,-0.041,-0.106,-0.396,0.444,-0.153,0.649,0.679,-0.09,1.0,-0.596,0.622,0.27,-0.631,-0.507,0.524,-0.01,0.177,-0.138,-0.458,-0.37,0.571,-0.204,-0.71,-0.32,-0.168,-0.634,-0.324,0.529,-0.307,-0.471,0.618,-0.698,-0.508,0.223,-0.634,-0.4,-0.561,-0.408,-0.555,-0.493,-0.622,0.116,-0.434,-0.619,0.709,-0.393,-0.477,0.526,-0.342,0.645,0.551,-0.27,0.673,-0.705,-0.198,0.334,-0.518,0.458,0.455,0.197,0.204,-0.456,-0.534,-0.569,-0.354,0.034,0.628,0.239,-0.583,0.543,-0.359,-0.539,0.652,-0.309,-0.699,0.34,-0.099,-0.612,-0.324,-0.669,-0.189,-0.373,0.407,-0.306,0.472,-0.337,-0.351,0.281,0.126,0.216,-0.188,0.421,0.352,-0.619,-0.204,0.23,-0.311,-0.273,0.444,0.041,0.594,0.719,-0.726,0.535,0.531,-0.506,-0.373,-0.399,0.06,-0.372,-0.436,-0.459,0.402,-0.173,0.442,-0.641,-0.658,-0.482,-0.714,0.409,-0.263,-0.067,0.669,-0.369,-0.344,-0.444,-0.324,-0.66,-0.395,-0.396,-0.658,-0.578,-0.55,-0.35,0.015,-0.294,0.828,-0.458,-0.559,0.307,-0.53,0.654,0.349,-0.629,-0.596,-0.423,0.524,-0.558,0.583,-0.198,-0.58,0.737,-0.375,-0.13,-0.405,-0.331,-0.361,-0.389,0.209,-0.589,-0.436,0.186,-0.402,0.785,-0.304,-0.386,-0.694,-0.444,-0.388,0.048,0.438,-0.363,-0.123,-0.59,-0.336,-0.437,-0.294,-0.715,-0.587
BYND,0.888,0.713,0.639,-0.058,0.617,-0.119,0.677,0.639,0.795,0.797,0.303,0.656,0.745,0.29,-0.607,0.9,0.681,0.795,-0.578,-0.12,-0.13,0.391,0.346,0.607,-0.581,-0.34,-0.513,-0.591,0.492,-0.596,1.0,-0.438,-0.341,0.689,0.56,-0.407,0.18,0.374,0.58,0.804,0.773,-0.522,0.201,0.721,0.51,0.433,0.688,0.483,-0.166,0.241,0.488,-0.505,0.699,0.79,-0.077,0.576,0.619,0.521,0.572,0.856,0.702,0.764,0.285,0.753,0.667,-0.555,0.807,0.809,-0.071,0.773,-0.526,-0.438,0.366,-0.655,0.564,0.544,0.138,0.837,-0.426,-0.426,-0.193,0.33,0.797,0.727,0.784,0.801,-0.038,-0.465,-0.089,0.613,-0.379,0.727,0.809,-0.72,0.454,0.761,0.007,0.391,0.772,0.646,0.797,0.325,0.739,-0.367,0.452,-0.315,0.584,0.771,0.147,0.138,0.1,0.494,-0.168,-0.472,0.785,0.521,0.081,0.288,0.34,-0.319,0.234,-0.514,-0.686,0.727,-0.12,-0.458,0.82,0.385,0.754,-0.154,0.641,0.802,0.388,-0.482,0.277,-0.577,0.603,0.65,0.873,0.54,-0.31,0.521,0.493,-0.621,0.559,0.679,0.705,0.119,0.529,0.729,0.458,0.738,0.309,0.559,0.654,0.504,0.7,-0.537,0.755,0.482,0.27,0.845,-0.528,-0.068,0.656,0.625,0.726,-0.617,0.786,-0.602,0.566,0.88,-0.333,0.806,0.191,0.605,0.748,0.734,0.466,-0.258,0.872,0.803,-0.481,0.798,-0.533,0.71,0.654,0.717,0.629,0.625,0.179,-0.147,0.674,0.496,0.553,0.783,0.783,0.722,0.704,0.639
