,AAL,AAPL,ABUS,ADBE,ADI,ADMA,AEP,AGNC,AKBA,ALT,AMAT,AMD,AMGN,AMZN,APA,APPS,ARCC,ARDX,ATER,ATOS,AUPH,AVGO,AZN,BCRX,BGC,BIDU,BILI,BKR,BLDP,BLNK,BYND,CAN,CELH,CG,CGC,CHRD,CLNE,CMCSA,COMM,COST,CPB,CPRT,CRON,CRWD,CSCO,CSGP,CSX,CTSH,CZR,DBX,DDOG,DKNG,DLTR,DOCU,DVAX,DXCM,EA,EBAY,ENPH,ERIC,ESPR,ETSY,EXC,EXEL,EXPE,FANG,FAST,FITB,FLEX,FOLD,FOXA,FSLR,FTNT,FUTU,GEN,GERN,GEVO,GILD,GOOG,GOOGL,GPRO,GT,HBAN,HIVE,HON,HST,HUT,IBRX,INTC,IOVA,IQ,IRWD,JBLU,JD,KDP,KHC,LBTYK,LRCX,LYFT,MAR,MARA,MAT,MCHP,MCRB,MDLZ,META,MGNI,MLCO,MNKD,MNST,MOMO,MRNA,MRVL,MSFT,MSTR,MTCH,MU,MVIS,NDAQ,NFLX,NKTR,NNDM,NTES,NTNX,NVAX,NVDA,NWL,NWSA,NXPI,OCGN,OKTA,ON,OPK,PAA,PACB,PAGP,PANW,PARA,PCAR,PDD,PENN,PEP,PLUG,PTEN,PTON,PYPL,QCOM,QUBT,QVCGA,RDFN,REAL,RIOT,ROKU,ROST,RUN,SABR,SAVA,SBUX,SFIX,SGMO,SIRI,SLM,SMCI,SNDL,SONO,STNE,STX,TCOM,TGTX,TIGR,TLRY,TMUS,TRIP,TSCO,TSLA,TTD,TXN,UAL,UNIT,VERU,VKTX,VLY,VOD,VTRS,VXRT,WBA,WBD,WDAY,WDC,WEN,WW,WYNN,XEL,XP,XRAY,XRX,Z,ZION,ZM,ZS
AAL,1.0,0.593,0.633,0.676,0.485,0.748,0.454,0.452,0.714,0.073,0.635,0.482,-0.488,0.61,0.686,0.681,0.049,0.538,0.642,0.574,0.686,0.513,-0.07,-0.014,-0.241,0.691,0.46,0.517,0.647,0.511,0.717,0.57,0.644,0.634,0.471,0.153,0.654,0.376,0.59,-0.401,0.422,0.634,0.489,0.442,0.623,0.731,-0.35,0.639,0.696,0.441,0.686,0.609,0.694,0.652,-0.536,0.655,0.618,0.156,0.454,0.689,0.637,0.513,0.539,0.118,0.692,0.324,-0.017,0.539,0.134,0.564,0.455,0.783,0.737,0.351,0.632,0.689,0.559,0.379,0.452,0.447,0.539,0.483,0.622,0.632,0.202,0.233,0.687,-0.073,0.553,0.647,0.22,-0.704,0.685,0.621,0.528,-0.237,0.328,0.597,0.482,0.672,0.704,-0.165,0.49,0.709,0.335,0.181,0.654,0.583,0.587,0.649,0.733,0.495,0.578,0.629,0.685,0.673,0.542,0.641,0.738,0.86,0.303,0.117,0.269,0.404,0.605,0.389,0.572,0.698,0.539,0.432,0.716,0.697,0.696,-0.202,0.739,0.006,0.584,0.499,0.065,0.038,0.012,0.52,0.554,0.436,0.42,0.465,-0.042,0.6,0.536,0.705,0.707,0.608,0.674,0.708,0.627,0.597,0.712,0.646,0.496,0.617,-0.019,0.583,0.173,0.389,0.623,0.687,-0.545,0.54,0.636,0.294,0.609,0.144,-0.445,0.751,0.448,0.599,0.653,0.938,0.341,0.661,0.64,0.661,0.108,0.554,0.564,0.057,0.4,0.686,-0.572,-0.101,0.18,0.494,-0.011,0.488,0.774,0.606,0.721,0.497,0.581,0.566
AAPL,0.593,1.0,0.449,0.795,0.646,0.518,0.435,0.477,0.572,0.345,0.573,0.338,-0.316,0.705,0.531,0.728,-0.129,0.479,0.374,0.543,0.503,0.583,0.004,0.213,0.001,0.385,0.307,0.513,0.504,0.582,0.62,0.654,0.622,0.698,0.529,-0.081,0.592,0.586,0.558,-0.311,0.6,0.769,0.585,0.343,0.699,0.773,0.07,0.759,0.522,0.272,0.648,0.543,0.581,0.644,-0.59,0.428,0.68,0.239,0.271,0.58,0.577,0.568,0.601,-0.151,0.697,0.25,-0.059,0.673,-0.125,0.37,0.569,0.601,0.643,0.284,0.728,0.605,0.654,0.388,0.64,0.59,0.577,0.358,0.658,0.523,0.453,0.231,0.557,0.133,0.588,0.776,0.211,-0.442,0.645,0.596,0.738,-0.048,0.634,0.572,0.454,0.627,0.624,-0.318,0.468,0.622,0.389,0.183,0.545,0.533,0.651,0.626,0.625,0.481,0.474,0.675,0.568,0.677,0.594,0.529,0.603,0.65,0.466,-0.211,0.354,0.073,0.46,0.317,0.672,0.505,0.413,0.277,0.588,0.55,0.693,-0.091,0.529,-0.115,0.494,0.5,0.169,0.28,0.162,0.62,0.364,0.527,0.135,0.63,0.079,0.528,0.492,0.618,0.433,0.518,0.63,0.668,0.407,0.454,0.628,0.639,0.289,0.506,-0.067,0.751,-0.056,0.427,0.705,0.473,-0.313,0.474,0.686,0.21,0.586,0.353,-0.179,0.659,0.541,0.549,0.716,0.623,0.652,0.571,0.72,0.609,0.283,0.405,0.389,0.291,0.541,0.613,-0.398,-0.088,0.144,0.535,0.284,0.688,0.503,0.591,0.616,0.571,0.544,0.376
ABUS,0.633,0.449,1.0,0.654,0.551,0.745,0.364,0.391,0.664,0.064,0.627,0.544,-0.27,0.632,0.704,0.661,0.276,0.702,0.706,0.576,0.718,0.591,0.017,0.142,-0.118,0.675,0.567,0.714,0.54,0.546,0.793,0.318,0.656,0.492,0.59,0.511,0.697,0.509,0.7,-0.288,0.557,0.598,0.558,0.577,0.661,0.648,-0.284,0.606,0.722,0.586,0.768,0.655,0.625,0.611,-0.327,0.742,0.571,0.366,0.354,0.49,0.561,0.451,0.512,0.372,0.778,0.645,0.2,0.532,0.157,0.662,0.53,0.676,0.75,0.492,0.649,0.741,0.67,0.607,0.464,0.46,0.579,0.347,0.666,0.626,0.271,0.426,0.618,0.137,0.536,0.656,0.159,-0.509,0.684,0.614,0.531,0.001,0.501,0.622,0.6,0.746,0.595,0.081,0.604,0.697,0.49,0.313,0.646,0.57,0.689,0.654,0.591,0.392,0.659,0.644,0.588,0.609,0.41,0.635,0.567,0.602,0.452,0.119,0.359,0.477,0.413,0.459,0.695,0.693,0.603,0.432,0.747,0.707,0.784,0.032,0.521,0.094,0.676,0.693,-0.009,0.18,0.19,0.551,0.595,0.634,0.371,0.562,0.214,0.659,0.521,0.672,0.707,0.486,0.683,0.631,0.551,0.722,0.494,0.58,0.45,0.496,0.114,0.671,0.23,0.557,0.657,0.597,-0.436,0.519,0.737,0.536,0.701,0.385,-0.158,0.69,0.521,0.627,0.698,0.656,0.453,0.511,0.727,0.714,0.187,0.501,0.753,0.094,0.649,0.596,-0.497,-0.012,0.4,0.658,0.009,0.549,0.707,0.698,0.751,0.526,0.641,0.585
ADBE,0.676,0.795,0.654,1.0,0.709,0.713,0.35,0.4,0.628,0.264,0.88,0.703,-0.457,0.843,0.642,0.867,-0.097,0.757,0.642,0.507,0.622,0.774,-0.111,-0.005,-0.065,0.56,0.481,0.606,0.609,0.706,0.716,0.654,0.778,0.738,0.52,0.182,0.748,0.539,0.727,-0.236,0.558,0.883,0.592,0.642,0.89,0.897,-0.178,0.805,0.69,0.612,0.868,0.69,0.743,0.767,-0.431,0.778,0.846,0.237,0.272,0.531,0.676,0.751,0.569,0.249,0.875,0.4,0.103,0.641,0.149,0.433,0.537,0.716,0.862,0.278,0.744,0.657,0.736,0.529,0.768,0.731,0.56,0.483,0.693,0.648,0.327,0.264,0.653,-0.028,0.781,0.817,-0.005,-0.502,0.879,0.689,0.706,-0.227,0.542,0.88,0.64,0.798,0.678,-0.19,0.742,0.735,0.377,0.405,0.805,0.629,0.751,0.682,0.739,0.639,0.77,0.871,0.675,0.734,0.645,0.757,0.701,0.825,0.377,0.054,0.282,0.304,0.584,0.625,0.775,0.754,0.694,0.599,0.837,0.754,0.752,-0.253,0.672,-0.241,0.783,0.537,0.033,0.392,0.098,0.649,0.455,0.56,0.467,0.751,0.167,0.663,0.571,0.822,0.558,0.596,0.749,0.857,0.463,0.55,0.69,0.721,0.512,0.581,0.154,0.791,0.295,0.449,0.854,0.665,-0.459,0.378,0.788,0.388,0.681,0.371,-0.264,0.87,0.592,0.82,0.868,0.73,0.606,0.619,0.819,0.731,0.132,0.535,0.672,0.356,0.504,0.641,-0.493,-0.267,0.304,0.684,0.069,0.72,0.667,0.645,0.856,0.582,0.673,0.633
ADI,0.485,0.646,0.551,0.709,1.0,0.694,0.521,0.655,0.618,0.487,0.625,0.555,-0.177,0.782,0.607,0.776,0.248,0.559,0.497,0.443,0.45,0.791,0.05,0.262,0.279,0.501,0.512,0.647,0.736,0.67,0.68,0.533,0.798,0.819,0.479,0.274,0.639,0.768,0.698,-0.101,0.637,0.761,0.564,0.582,0.805,0.705,0.167,0.711,0.681,0.338,0.751,0.673,0.655,0.533,-0.299,0.654,0.674,0.578,0.377,0.573,0.622,0.723,0.643,0.09,0.803,0.578,0.364,0.661,0.101,0.49,0.683,0.706,0.713,0.54,0.686,0.57,0.758,0.585,0.76,0.74,0.66,0.564,0.726,0.646,0.541,0.581,0.613,0.288,0.642,0.746,0.304,-0.439,0.664,0.628,0.738,-0.039,0.703,0.629,0.634,0.805,0.628,-0.005,0.721,0.67,0.627,0.432,0.689,0.754,0.798,0.728,0.556,0.581,0.708,0.77,0.634,0.681,0.508,0.546,0.72,0.538,0.555,-0.173,0.415,0.126,0.465,0.408,0.817,0.603,0.69,0.326,0.682,0.757,0.646,0.129,0.545,0.189,0.598,0.72,0.246,0.46,0.578,0.727,0.609,0.642,0.169,0.774,0.394,0.623,0.619,0.676,0.572,0.623,0.54,0.739,0.637,0.578,0.455,0.744,0.171,0.566,0.211,0.798,0.052,0.513,0.73,0.707,-0.326,0.56,0.687,0.477,0.548,0.634,0.144,0.652,0.541,0.665,0.85,0.606,0.806,0.516,0.685,0.811,0.311,0.462,0.538,0.302,0.675,0.56,-0.341,0.129,0.463,0.831,0.275,0.84,0.641,0.545,0.698,0.672,0.747,0.47
ADMA,0.748,0.518,0.745,0.713,0.694,1.0,0.556,0.583,0.825,0.254,0.695,0.554,-0.367,0.709,0.768,0.786,0.217,0.745,0.755,0.544,0.71,0.673,-0.008,0.219,-0.028,0.718,0.579,0.791,0.702,0.639,0.774,0.37,0.855,0.74,0.53,0.503,0.783,0.615,0.801,-0.406,0.601,0.703,0.591,0.55,0.742,0.773,-0.218,0.761,0.832,0.561,0.816,0.653,0.728,0.644,-0.411,0.808,0.604,0.381,0.488,0.632,0.701,0.55,0.671,0.324,0.811,0.667,0.208,0.622,-0.005,0.654,0.612,0.891,0.847,0.542,0.721,0.813,0.779,0.646,0.561,0.537,0.656,0.552,0.759,0.695,0.356,0.369,0.704,0.151,0.672,0.746,0.324,-0.618,0.741,0.64,0.673,-0.108,0.518,0.681,0.587,0.802,0.735,-0.014,0.626,0.799,0.557,0.237,0.739,0.665,0.821,0.809,0.667,0.564,0.67,0.737,0.685,0.741,0.514,0.726,0.779,0.711,0.51,-0.052,0.336,0.488,0.558,0.449,0.802,0.744,0.67,0.584,0.787,0.83,0.752,-0.034,0.759,0.182,0.671,0.703,0.035,0.223,0.307,0.719,0.719,0.732,0.296,0.688,0.229,0.806,0.607,0.726,0.751,0.643,0.662,0.688,0.748,0.685,0.659,0.767,0.441,0.726,-0.035,0.784,0.176,0.588,0.754,0.829,-0.614,0.652,0.816,0.507,0.731,0.481,-0.261,0.804,0.494,0.723,0.821,0.805,0.544,0.685,0.764,0.902,0.229,0.541,0.722,0.085,0.604,0.693,-0.608,0.154,0.311,0.776,0.077,0.716,0.874,0.603,0.839,0.665,0.791,0.54
AEP,0.454,0.435,0.364,0.35,0.521,0.556,1.0,0.8,0.706,0.48,0.13,0.024,-0.03,0.548,0.485,0.484,0.393,0.232,0.242,0.444,0.549,0.327,0.173,0.441,0.135,0.373,0.165,0.546,0.619,0.487,0.638,0.118,0.556,0.643,0.38,0.028,0.576,0.766,0.555,-0.355,0.801,0.383,0.536,0.106,0.405,0.582,0.372,0.648,0.518,-0.066,0.392,0.374,0.479,0.229,-0.527,0.344,0.216,0.477,0.599,0.727,0.489,0.358,0.891,-0.305,0.433,0.498,-0.071,0.655,-0.359,0.664,0.671,0.66,0.479,0.593,0.714,0.568,0.736,0.621,0.282,0.25,0.828,0.635,0.724,0.397,0.737,0.302,0.433,0.392,0.199,0.536,0.374,-0.439,0.25,0.479,0.797,0.357,0.717,0.13,0.288,0.467,0.549,-0.158,0.137,0.661,0.783,-0.025,0.38,0.663,0.585,0.789,0.243,0.268,0.205,0.441,0.434,0.723,0.496,0.362,0.646,0.328,0.678,-0.4,0.277,0.044,0.154,-0.109,0.655,0.242,0.129,0.081,0.451,0.458,0.618,0.406,0.661,0.529,0.139,0.669,0.077,-0.13,0.454,0.848,0.83,0.709,-0.277,0.569,0.118,0.527,0.421,0.433,0.687,0.499,0.263,0.414,0.839,0.523,0.323,0.768,-0.159,0.748,-0.355,0.657,-0.419,0.562,0.496,0.479,-0.562,0.677,0.589,0.166,0.387,0.627,-0.176,0.497,0.408,0.212,0.603,0.602,0.66,0.543,0.581,0.697,0.704,0.196,0.229,-0.096,0.732,0.686,-0.427,0.459,0.215,0.537,0.617,0.679,0.604,0.367,0.449,0.665,0.427,0.072
AGNC,0.452,0.477,0.391,0.4,0.655,0.583,0.8,1.0,0.628,0.596,0.215,0.088,-0.096,0.628,0.514,0.547,0.491,0.284,0.361,0.493,0.529,0.428,0.121,0.515,0.217,0.422,0.253,0.567,0.724,0.632,0.64,0.234,0.624,0.709,0.417,0.097,0.571,0.739,0.541,-0.234,0.731,0.446,0.518,0.244,0.484,0.527,0.255,0.656,0.558,-0.059,0.41,0.56,0.569,0.223,-0.5,0.378,0.282,0.561,0.553,0.702,0.575,0.391,0.789,-0.239,0.512,0.562,0.023,0.668,-0.279,0.632,0.68,0.648,0.434,0.565,0.708,0.551,0.688,0.551,0.373,0.37,0.801,0.594,0.633,0.526,0.706,0.412,0.492,0.461,0.273,0.631,0.477,-0.481,0.278,0.584,0.72,0.268,0.758,0.204,0.545,0.568,0.58,-0.009,0.225,0.689,0.792,0.105,0.379,0.793,0.654,0.78,0.33,0.387,0.31,0.509,0.505,0.686,0.512,0.341,0.653,0.366,0.648,-0.375,0.369,0.14,0.165,0.019,0.685,0.333,0.226,0.167,0.479,0.558,0.595,0.423,0.564,0.576,0.207,0.709,0.03,0.0,0.548,0.742,0.803,0.688,-0.194,0.643,0.183,0.529,0.619,0.504,0.65,0.573,0.254,0.509,0.842,0.562,0.311,0.692,-0.055,0.707,-0.206,0.696,-0.379,0.563,0.551,0.525,-0.589,0.701,0.587,0.205,0.424,0.656,-0.083,0.465,0.383,0.337,0.61,0.62,0.722,0.618,0.625,0.727,0.619,0.293,0.276,-0.052,0.705,0.64,-0.465,0.498,0.377,0.669,0.494,0.74,0.669,0.35,0.56,0.627,0.445,0.147
AKBA,0.714,0.572,0.664,0.628,0.618,0.825,0.706,0.628,1.0,0.294,0.497,0.405,-0.289,0.646,0.704,0.713,0.212,0.601,0.583,0.585,0.717,0.547,-0.045,0.278,-0.075,0.634,0.48,0.704,0.655,0.643,0.754,0.344,0.743,0.738,0.619,0.281,0.709,0.621,0.718,-0.426,0.641,0.614,0.624,0.396,0.652,0.721,-0.126,0.719,0.677,0.35,0.706,0.642,0.751,0.563,-0.546,0.737,0.5,0.377,0.462,0.663,0.648,0.444,0.705,0.038,0.707,0.595,0.047,0.662,-0.12,0.738,0.603,0.83,0.786,0.586,0.754,0.768,0.766,0.616,0.451,0.412,0.739,0.58,0.827,0.623,0.471,0.366,0.645,0.197,0.521,0.706,0.412,-0.651,0.6,0.63,0.731,0.062,0.595,0.481,0.55,0.718,0.683,-0.096,0.463,0.825,0.693,0.172,0.642,0.658,0.711,0.814,0.562,0.462,0.524,0.629,0.625,0.779,0.589,0.599,0.707,0.665,0.54,-0.17,0.342,0.369,0.45,0.258,0.73,0.591,0.483,0.389,0.674,0.677,0.738,0.002,0.783,0.223,0.499,0.706,0.123,0.087,0.254,0.812,0.714,0.728,0.222,0.662,0.18,0.761,0.604,0.686,0.724,0.603,0.592,0.615,0.766,0.627,0.58,0.744,0.325,0.816,-0.143,0.776,-0.015,0.597,0.666,0.704,-0.634,0.703,0.751,0.409,0.663,0.492,-0.297,0.706,0.499,0.546,0.761,0.784,0.556,0.631,0.741,0.8,0.379,0.442,0.635,-0.01,0.685,0.783,-0.592,0.129,0.315,0.646,0.159,0.684,0.821,0.577,0.721,0.73,0.653,0.373
ALT,0.073,0.345,0.064,0.264,0.487,0.254,0.48,0.596,0.294,1.0,0.018,0.077,0.016,0.476,0.285,0.301,0.247,0.215,0.198,-0.024,0.102,0.309,0.091,0.358,0.622,0.128,0.044,0.269,0.503,0.502,0.256,0.263,0.36,0.557,0.321,-0.065,0.3,0.546,0.335,0.004,0.508,0.39,0.534,0.091,0.312,0.278,0.428,0.364,0.2,-0.261,0.205,0.21,0.172,0.0,-0.162,0.098,0.363,0.458,0.215,0.2,0.366,0.277,0.487,-0.196,0.361,0.261,0.168,0.649,-0.252,0.363,0.537,0.241,0.165,0.196,0.297,0.188,0.527,0.425,0.456,0.42,0.449,0.371,0.454,0.328,0.741,0.478,0.327,0.651,0.245,0.376,0.295,-0.148,0.19,0.234,0.483,0.098,0.621,0.035,0.356,0.337,0.334,-0.228,0.129,0.26,0.475,0.118,0.368,0.522,0.526,0.367,0.119,0.62,0.122,0.318,0.37,0.493,0.436,0.162,0.377,0.089,0.637,-0.525,0.275,-0.284,-0.058,0.003,0.43,0.0,0.072,0.198,0.247,0.118,0.245,0.233,0.397,0.176,0.074,0.424,0.245,0.343,0.554,0.486,0.474,0.516,-0.212,0.569,0.465,0.276,0.387,0.189,0.247,0.466,0.042,0.374,0.473,0.176,0.156,0.525,-0.259,0.406,-0.102,0.536,-0.268,0.451,0.378,0.172,-0.308,0.353,0.306,0.204,0.194,0.757,0.174,0.223,0.421,0.224,0.341,0.277,0.717,0.2,0.306,0.461,0.618,0.105,-0.018,0.322,0.434,0.281,-0.155,0.224,0.33,0.523,0.456,0.639,0.223,-0.048,0.208,0.631,0.19,0.005
AMAT,0.635,0.573,0.627,0.88,0.625,0.695,0.13,0.215,0.497,0.018,1.0,0.811,-0.469,0.716,0.552,0.725,-0.097,0.81,0.656,0.442,0.549,0.751,-0.19,-0.141,-0.091,0.588,0.532,0.513,0.435,0.584,0.582,0.634,0.685,0.582,0.384,0.342,0.678,0.338,0.667,-0.101,0.346,0.809,0.401,0.704,0.801,0.766,-0.338,0.688,0.653,0.797,0.857,0.647,0.677,0.71,-0.226,0.791,0.801,0.136,0.17,0.378,0.545,0.679,0.371,0.517,0.827,0.346,0.233,0.417,0.373,0.307,0.368,0.631,0.841,0.175,0.561,0.556,0.555,0.424,0.713,0.669,0.356,0.335,0.518,0.632,0.039,0.268,0.583,-0.213,0.807,0.675,-0.108,-0.409,0.901,0.602,0.475,-0.365,0.296,0.981,0.59,0.783,0.56,-0.024,0.854,0.644,0.21,0.506,0.763,0.456,0.661,0.529,0.684,0.545,0.806,0.798,0.623,0.554,0.483,0.735,0.613,0.766,0.128,0.204,0.253,0.471,0.615,0.771,0.634,0.782,0.842,0.679,0.767,0.774,0.606,-0.372,0.576,-0.311,0.854,0.402,0.024,0.481,-0.067,0.448,0.317,0.389,0.628,0.613,0.18,0.571,0.453,0.715,0.448,0.5,0.663,0.793,0.3,0.496,0.642,0.564,0.612,0.441,0.395,0.604,0.558,0.299,0.74,0.683,-0.337,0.227,0.672,0.432,0.608,0.178,-0.196,0.807,0.454,0.861,0.774,0.608,0.404,0.539,0.718,0.617,-0.128,0.569,0.735,0.309,0.293,0.469,-0.413,-0.343,0.191,0.595,-0.129,0.563,0.598,0.597,0.83,0.414,0.632,0.707
AMD,0.482,0.338,0.544,0.703,0.555,0.554,0.024,0.088,0.405,0.077,0.811,1.0,-0.451,0.589,0.38,0.508,-0.117,0.683,0.58,0.186,0.437,0.725,-0.237,-0.305,0.049,0.555,0.519,0.322,0.398,0.59,0.409,0.605,0.617,0.465,0.306,0.339,0.518,0.172,0.504,0.142,0.129,0.686,0.329,0.719,0.755,0.566,-0.301,0.422,0.572,0.612,0.795,0.576,0.565,0.555,-0.044,0.777,0.733,0.196,0.009,0.237,0.509,0.571,0.227,0.549,0.666,0.308,0.393,0.302,0.559,0.354,0.226,0.423,0.667,0.153,0.36,0.294,0.446,0.344,0.736,0.738,0.232,0.313,0.408,0.61,-0.04,0.402,0.529,-0.135,0.73,0.437,-0.195,-0.377,0.783,0.528,0.265,-0.434,0.187,0.835,0.599,0.635,0.392,-0.019,0.846,0.433,0.15,0.662,0.693,0.4,0.526,0.374,0.418,0.56,0.843,0.721,0.553,0.358,0.563,0.589,0.524,0.528,0.07,0.331,0.231,0.318,0.48,0.818,0.453,0.676,0.76,0.601,0.574,0.586,0.434,-0.408,0.475,-0.326,0.768,0.3,0.137,0.592,-0.067,0.337,0.273,0.234,0.78,0.563,0.334,0.452,0.324,0.65,0.325,0.489,0.556,0.712,0.286,0.303,0.511,0.434,0.38,0.364,0.526,0.404,0.633,0.193,0.576,0.619,-0.251,0.106,0.449,0.427,0.455,0.15,-0.087,0.647,0.542,0.764,0.627,0.476,0.331,0.325,0.516,0.493,-0.162,0.456,0.624,0.439,0.209,0.426,-0.252,-0.426,0.358,0.525,-0.311,0.459,0.498,0.323,0.608,0.404,0.497,0.665
AMGN,-0.488,-0.316,-0.27,-0.457,-0.177,-0.367,-0.03,-0.096,-0.289,0.016,-0.469,-0.451,1.0,-0.416,-0.232,-0.384,0.372,-0.483,-0.509,-0.39,-0.555,-0.449,0.329,0.374,0.403,-0.535,-0.47,-0.133,-0.401,-0.45,-0.303,-0.504,-0.364,-0.35,-0.362,0.035,-0.477,0.092,-0.302,0.276,0.01,-0.363,-0.351,-0.322,-0.481,-0.291,0.436,-0.303,-0.525,-0.284,-0.412,-0.491,-0.486,-0.556,0.462,-0.445,-0.465,0.063,0.107,-0.249,-0.485,-0.33,-0.143,-0.097,-0.376,-0.069,0.133,-0.258,-0.254,-0.251,0.013,-0.33,-0.421,-0.115,-0.236,-0.225,-0.222,0.015,-0.367,-0.397,-0.269,-0.139,-0.21,-0.453,0.19,0.125,-0.592,0.156,-0.565,-0.3,0.122,0.715,-0.488,-0.564,-0.078,0.567,-0.04,-0.492,-0.474,-0.302,-0.484,0.329,-0.349,-0.365,0.015,-0.222,-0.471,-0.333,-0.275,-0.216,-0.5,-0.518,-0.462,-0.472,-0.526,-0.297,-0.493,-0.353,-0.408,-0.5,0.01,0.059,-0.288,-0.36,-0.549,-0.587,-0.16,-0.511,-0.292,-0.511,-0.391,-0.296,-0.263,0.455,-0.562,0.355,-0.558,-0.216,0.222,-0.274,0.273,-0.171,-0.188,-0.085,-0.582,-0.351,-0.134,-0.434,-0.312,-0.511,-0.369,-0.534,-0.672,-0.458,-0.247,-0.182,-0.603,-0.304,-0.414,-0.474,0.075,-0.183,-0.24,-0.171,-0.313,-0.549,0.46,-0.134,-0.346,-0.243,-0.542,0.232,0.666,-0.499,-0.407,-0.558,-0.29,-0.465,-0.059,-0.48,-0.388,-0.213,0.299,-0.19,-0.288,-0.387,-0.156,-0.373,0.629,0.537,-0.168,-0.3,0.43,-0.193,-0.427,0.02,-0.303,-0.235,-0.313,-0.572
AMZN,0.61,0.705,0.632,0.843,0.782,0.709,0.548,0.628,0.646,0.476,0.716,0.589,-0.416,1.0,0.651,0.771,0.101,0.756,0.585,0.531,0.629,0.805,0.009,0.078,0.151,0.597,0.487,0.618,0.761,0.842,0.799,0.596,0.826,0.866,0.669,0.173,0.809,0.683,0.779,-0.171,0.714,0.799,0.76,0.599,0.878,0.802,0.007,0.834,0.761,0.426,0.835,0.763,0.792,0.562,-0.455,0.722,0.774,0.504,0.329,0.548,0.747,0.651,0.733,0.135,0.857,0.516,0.147,0.78,0.035,0.605,0.717,0.691,0.776,0.448,0.77,0.606,0.852,0.678,0.78,0.769,0.754,0.546,0.742,0.605,0.583,0.427,0.617,0.262,0.759,0.805,0.124,-0.576,0.774,0.802,0.777,-0.004,0.708,0.726,0.773,0.838,0.609,-0.212,0.657,0.75,0.661,0.461,0.794,0.769,0.845,0.814,0.612,0.693,0.733,0.912,0.656,0.802,0.734,0.682,0.736,0.697,0.576,-0.21,0.467,0.374,0.421,0.507,0.795,0.672,0.591,0.557,0.77,0.747,0.763,-0.011,0.738,0.002,0.728,0.696,0.069,0.459,0.267,0.817,0.64,0.681,0.268,0.871,0.42,0.682,0.664,0.83,0.618,0.62,0.662,0.85,0.633,0.587,0.578,0.862,0.284,0.733,0.044,0.839,0.065,0.659,0.798,0.731,-0.628,0.501,0.803,0.518,0.684,0.616,-0.255,0.83,0.705,0.802,0.887,0.733,0.769,0.76,0.843,0.809,0.421,0.345,0.538,0.32,0.671,0.719,-0.588,-0.073,0.419,0.836,0.293,0.871,0.709,0.475,0.795,0.73,0.651,0.534
APA,0.686,0.531,0.704,0.642,0.607,0.768,0.485,0.514,0.704,0.285,0.552,0.38,-0.232,0.651,1.0,0.778,0.381,0.643,0.596,0.564,0.59,0.583,0.187,0.419,0.012,0.635,0.534,0.885,0.613,0.547,0.822,0.262,0.738,0.662,0.568,0.608,0.657,0.622,0.69,-0.44,0.654,0.595,0.641,0.387,0.637,0.67,-0.182,0.682,0.651,0.49,0.642,0.602,0.614,0.662,-0.316,0.661,0.526,0.317,0.43,0.462,0.596,0.493,0.589,0.256,0.772,0.758,0.232,0.723,-0.156,0.675,0.667,0.798,0.687,0.554,0.705,0.827,0.777,0.619,0.411,0.381,0.624,0.471,0.773,0.63,0.504,0.395,0.611,0.207,0.537,0.729,0.426,-0.474,0.621,0.532,0.626,0.079,0.513,0.555,0.503,0.717,0.714,0.161,0.524,0.69,0.546,0.088,0.706,0.628,0.768,0.685,0.733,0.528,0.557,0.554,0.614,0.815,0.358,0.763,0.62,0.742,0.572,-0.023,0.259,0.43,0.526,0.317,0.797,0.602,0.607,0.502,0.755,0.746,0.679,0.057,0.658,0.148,0.501,0.652,0.043,0.148,0.392,0.616,0.674,0.786,0.168,0.594,0.205,0.713,0.701,0.637,0.734,0.559,0.578,0.613,0.609,0.83,0.465,0.61,0.455,0.55,-0.045,0.77,0.039,0.658,0.657,0.562,-0.555,0.653,0.786,0.574,0.67,0.484,-0.134,0.708,0.312,0.553,0.713,0.771,0.521,0.546,0.664,0.805,0.306,0.44,0.659,-0.024,0.573,0.612,-0.577,0.139,0.376,0.69,0.179,0.649,0.706,0.65,0.795,0.617,0.715,0.331
APPS,0.681,0.728,0.661,0.867,0.776,0.786,0.484,0.547,0.713,0.301,0.725,0.508,-0.384,0.771,0.778,1.0,0.092,0.693,0.644,0.623,0.654,0.683,0.073,0.217,-0.123,0.536,0.572,0.76,0.746,0.655,0.775,0.465,0.798,0.768,0.571,0.298,0.761,0.656,0.744,-0.48,0.667,0.769,0.623,0.499,0.808,0.847,-0.131,0.809,0.739,0.523,0.783,0.688,0.739,0.814,-0.49,0.762,0.698,0.315,0.411,0.601,0.697,0.764,0.631,0.151,0.871,0.553,0.108,0.677,-0.027,0.55,0.613,0.874,0.836,0.506,0.807,0.766,0.81,0.563,0.607,0.576,0.671,0.579,0.802,0.665,0.405,0.282,0.687,0.095,0.672,0.891,0.221,-0.587,0.789,0.705,0.77,-0.109,0.59,0.722,0.587,0.802,0.817,-0.091,0.621,0.801,0.508,0.17,0.809,0.768,0.792,0.719,0.828,0.592,0.679,0.75,0.718,0.829,0.508,0.726,0.72,0.828,0.501,-0.057,0.305,0.329,0.648,0.436,0.857,0.728,0.613,0.504,0.895,0.792,0.774,-0.064,0.653,0.001,0.641,0.686,-0.019,0.23,0.38,0.706,0.595,0.682,0.295,0.738,0.136,0.783,0.668,0.774,0.699,0.666,0.748,0.771,0.63,0.703,0.643,0.725,0.491,0.643,-0.006,0.861,0.073,0.591,0.85,0.698,-0.505,0.566,0.857,0.455,0.76,0.445,-0.243,0.819,0.472,0.735,0.851,0.781,0.657,0.653,0.811,0.806,0.17,0.499,0.721,0.194,0.646,0.687,-0.606,-0.057,0.33,0.74,0.152,0.746,0.727,0.71,0.852,0.595,0.788,0.515
ARCC,0.049,-0.129,0.276,-0.097,0.248,0.217,0.393,0.491,0.212,0.247,-0.097,-0.117,0.372,0.101,0.381,0.092,1.0,0.002,0.055,0.117,0.106,0.105,0.341,0.616,0.328,0.261,0.15,0.444,0.175,0.036,0.316,-0.31,0.177,0.094,0.124,0.517,0.129,0.373,0.242,0.024,0.369,-0.039,0.147,-0.005,-0.023,0.029,0.164,0.136,0.061,0.011,0.045,0.101,0.01,-0.145,0.186,0.079,-0.14,0.371,0.324,0.179,-0.016,0.042,0.328,0.098,0.135,0.6,0.337,0.232,-0.087,0.422,0.368,0.243,0.035,0.447,0.228,0.338,0.302,0.383,-0.092,-0.112,0.326,0.252,0.302,0.227,0.459,0.531,0.099,0.448,-0.179,0.105,0.464,0.05,-0.141,0.012,0.146,0.416,0.303,-0.114,0.084,0.164,0.176,0.505,0.082,0.229,0.443,0.03,0.034,0.305,0.238,0.295,-0.025,-0.112,0.001,-0.04,0.168,0.235,-0.089,0.134,0.142,-0.034,0.349,-0.115,0.186,0.126,-0.087,-0.181,0.327,-0.026,0.208,-0.113,0.157,0.341,0.188,0.569,0.034,0.712,-0.142,0.355,0.035,-0.069,0.498,0.213,0.538,0.466,-0.294,0.12,0.207,0.11,0.267,-0.034,0.422,0.131,-0.194,0.012,0.421,0.426,-0.295,0.165,-0.167,0.077,-0.042,0.264,-0.113,0.396,0.032,0.026,-0.182,0.468,0.169,0.325,0.031,0.481,0.386,0.021,-0.104,-0.131,0.139,0.136,0.204,-0.054,0.102,0.394,0.478,0.234,0.179,-0.341,0.306,0.161,-0.076,0.662,0.292,0.263,0.323,0.274,0.202,0.18,0.242,0.264,0.178,-0.072
ARDX,0.538,0.479,0.702,0.757,0.559,0.745,0.232,0.284,0.601,0.215,0.81,0.683,-0.483,0.756,0.643,0.693,0.002,1.0,0.721,0.419,0.596,0.753,-0.06,-0.006,0.013,0.649,0.595,0.613,0.505,0.676,0.631,0.465,0.718,0.634,0.626,0.451,0.756,0.378,0.728,-0.228,0.47,0.714,0.6,0.603,0.786,0.681,-0.304,0.677,0.683,0.696,0.818,0.627,0.673,0.609,-0.231,0.769,0.72,0.252,0.1,0.244,0.631,0.477,0.451,0.536,0.833,0.486,0.295,0.527,0.166,0.492,0.469,0.637,0.813,0.278,0.558,0.608,0.697,0.588,0.668,0.633,0.466,0.276,0.59,0.614,0.199,0.366,0.573,0.055,0.783,0.703,-0.001,-0.486,0.87,0.607,0.508,-0.232,0.378,0.824,0.648,0.776,0.551,-0.115,0.734,0.684,0.383,0.403,0.819,0.487,0.796,0.607,0.616,0.668,0.725,0.765,0.592,0.657,0.488,0.713,0.572,0.687,0.322,-0.044,0.403,0.58,0.521,0.72,0.635,0.744,0.719,0.787,0.741,0.679,0.622,-0.28,0.64,-0.266,0.785,0.553,0.077,0.533,-0.022,0.574,0.451,0.566,0.497,0.725,0.389,0.682,0.483,0.71,0.519,0.519,0.66,0.721,0.401,0.553,0.606,0.626,0.532,0.582,0.175,0.675,0.407,0.543,0.714,0.694,-0.564,0.324,0.78,0.623,0.73,0.378,-0.286,0.812,0.529,0.826,0.731,0.598,0.482,0.56,0.757,0.69,0.064,0.369,0.708,0.254,0.443,0.503,-0.591,-0.305,0.323,0.709,-0.101,0.647,0.663,0.465,0.785,0.573,0.617,0.601
ATER,0.642,0.374,0.706,0.642,0.497,0.755,0.242,0.361,0.583,0.198,0.656,0.58,-0.509,0.585,0.596,0.644,0.055,0.721,1.0,0.47,0.672,0.568,-0.093,-0.009,-0.172,0.69,0.587,0.612,0.576,0.586,0.543,0.409,0.623,0.525,0.482,0.355,0.703,0.327,0.665,-0.312,0.371,0.614,0.508,0.602,0.614,0.602,-0.285,0.58,0.711,0.575,0.723,0.606,0.605,0.666,-0.369,0.687,0.626,0.24,0.306,0.391,0.575,0.476,0.401,0.388,0.737,0.408,0.184,0.477,0.261,0.532,0.349,0.657,0.734,0.345,0.503,0.585,0.548,0.448,0.479,0.494,0.433,0.435,0.546,0.67,0.105,0.264,0.654,0.083,0.635,0.595,0.085,-0.63,0.721,0.619,0.411,-0.303,0.327,0.647,0.601,0.679,0.693,-0.068,0.598,0.593,0.3,0.275,0.684,0.6,0.639,0.507,0.676,0.632,0.677,0.637,0.663,0.571,0.468,0.669,0.614,0.651,0.355,0.13,0.272,0.473,0.521,0.588,0.578,0.716,0.59,0.687,0.754,0.616,0.593,-0.266,0.632,-0.115,0.7,0.475,-0.042,0.231,0.075,0.436,0.487,0.495,0.5,0.568,0.178,0.694,0.533,0.633,0.699,0.628,0.71,0.63,0.504,0.633,0.69,0.589,0.569,0.561,0.085,0.582,0.338,0.458,0.69,0.651,-0.483,0.407,0.715,0.49,0.712,0.265,-0.346,0.739,0.466,0.732,0.607,0.678,0.351,0.564,0.643,0.622,-0.052,0.519,0.661,0.275,0.405,0.524,-0.576,-0.151,0.289,0.569,-0.131,0.489,0.642,0.463,0.721,0.498,0.591,0.723
ATOS,0.574,0.543,0.576,0.507,0.443,0.544,0.444,0.493,0.585,-0.024,0.442,0.186,-0.39,0.531,0.564,0.623,0.117,0.419,0.47,1.0,0.669,0.419,0.08,0.205,-0.347,0.503,0.56,0.567,0.519,0.51,0.643,0.22,0.483,0.45,0.556,0.155,0.572,0.471,0.481,-0.431,0.559,0.401,0.537,0.276,0.455,0.561,-0.065,0.605,0.633,0.358,0.512,0.659,0.624,0.69,-0.651,0.467,0.356,0.222,0.378,0.544,0.499,0.438,0.51,-0.039,0.58,0.381,-0.117,0.531,-0.136,0.549,0.458,0.661,0.568,0.633,0.654,0.576,0.512,0.476,0.224,0.238,0.593,0.312,0.617,0.406,0.237,0.093,0.438,0.063,0.385,0.578,0.288,-0.618,0.448,0.663,0.521,0.132,0.469,0.439,0.552,0.577,0.65,0.005,0.384,0.629,0.515,0.126,0.464,0.521,0.491,0.557,0.579,0.217,0.412,0.508,0.48,0.595,0.389,0.543,0.554,0.548,0.432,-0.093,0.368,0.509,0.379,0.264,0.545,0.526,0.307,0.314,0.56,0.607,0.622,0.092,0.519,0.161,0.41,0.57,-0.086,-0.056,0.095,0.504,0.493,0.504,0.148,0.479,0.023,0.593,0.536,0.571,0.631,0.403,0.651,0.384,0.492,0.667,0.48,0.48,0.348,0.599,-0.141,0.573,-0.15,0.531,0.51,0.556,-0.353,0.492,0.718,0.374,0.657,0.189,-0.419,0.58,0.366,0.475,0.582,0.609,0.344,0.703,0.711,0.503,0.139,0.247,0.573,-0.148,0.607,0.593,-0.551,0.045,0.103,0.41,0.19,0.469,0.561,0.554,0.609,0.398,0.458,0.334
AUPH,0.686,0.503,0.718,0.622,0.45,0.71,0.549,0.529,0.717,0.102,0.549,0.437,-0.555,0.629,0.59,0.654,0.106,0.596,0.672,0.669,1.0,0.531,0.048,0.178,-0.309,0.674,0.462,0.643,0.584,0.677,0.697,0.355,0.641,0.533,0.538,0.235,0.752,0.448,0.632,-0.518,0.567,0.568,0.533,0.393,0.6,0.643,-0.262,0.763,0.764,0.426,0.643,0.635,0.709,0.642,-0.621,0.657,0.45,0.293,0.443,0.612,0.663,0.479,0.661,0.156,0.648,0.499,-0.044,0.552,-0.033,0.764,0.472,0.687,0.662,0.514,0.756,0.696,0.692,0.466,0.341,0.339,0.661,0.463,0.649,0.735,0.267,0.13,0.743,0.055,0.497,0.654,0.191,-0.723,0.615,0.845,0.579,0.04,0.487,0.555,0.559,0.65,0.73,-0.089,0.426,0.771,0.493,0.151,0.599,0.673,0.612,0.694,0.631,0.4,0.554,0.62,0.703,0.737,0.644,0.662,0.641,0.604,0.366,-0.008,0.338,0.507,0.455,0.379,0.651,0.665,0.4,0.49,0.704,0.614,0.777,-0.01,0.733,0.139,0.617,0.568,-0.263,-0.048,0.075,0.622,0.686,0.601,0.398,0.58,0.008,0.723,0.601,0.696,0.779,0.71,0.684,0.622,0.695,0.669,0.648,0.632,0.489,0.72,-0.18,0.629,-0.023,0.556,0.646,0.62,-0.68,0.594,0.738,0.365,0.745,0.249,-0.5,0.702,0.465,0.627,0.675,0.709,0.407,0.714,0.775,0.642,0.198,0.429,0.586,-0.018,0.584,0.837,-0.672,0.022,0.275,0.56,0.095,0.517,0.716,0.563,0.693,0.469,0.519,0.514
AVGO,0.513,0.583,0.591,0.774,0.791,0.673,0.327,0.428,0.547,0.309,0.751,0.725,-0.449,0.805,0.583,0.683,0.105,0.753,0.568,0.419,0.531,1.0,0.004,0.044,0.143,0.714,0.615,0.567,0.639,0.69,0.63,0.585,0.811,0.741,0.535,0.353,0.667,0.477,0.689,-0.103,0.472,0.751,0.58,0.683,0.894,0.683,-0.09,0.672,0.701,0.565,0.806,0.669,0.668,0.57,-0.17,0.694,0.75,0.5,0.167,0.391,0.674,0.677,0.532,0.333,0.778,0.526,0.343,0.575,0.247,0.451,0.563,0.594,0.727,0.409,0.593,0.536,0.69,0.546,0.761,0.775,0.483,0.425,0.614,0.659,0.317,0.426,0.623,0.089,0.728,0.627,0.167,-0.516,0.747,0.646,0.539,-0.175,0.458,0.781,0.631,0.736,0.553,-0.089,0.841,0.61,0.399,0.569,0.747,0.617,0.743,0.675,0.588,0.622,0.832,0.87,0.624,0.624,0.567,0.687,0.659,0.611,0.329,-0.027,0.475,0.365,0.549,0.69,0.671,0.781,0.788,0.588,0.673,0.751,0.623,-0.107,0.599,-0.09,0.753,0.565,0.154,0.585,0.203,0.585,0.523,0.508,0.403,0.759,0.432,0.58,0.556,0.798,0.528,0.584,0.668,0.741,0.492,0.519,0.516,0.653,0.348,0.51,0.187,0.683,0.32,0.497,0.672,0.712,-0.406,0.415,0.661,0.637,0.625,0.434,-0.093,0.762,0.547,0.744,0.793,0.61,0.574,0.491,0.653,0.758,0.125,0.438,0.57,0.319,0.466,0.523,-0.432,-0.157,0.492,0.784,0.022,0.704,0.633,0.428,0.704,0.597,0.693,0.616
AZN,-0.07,0.004,0.017,-0.111,0.05,-0.008,0.173,0.121,-0.045,0.091,-0.19,-0.237,0.329,0.009,0.187,0.073,0.341,-0.06,-0.093,0.08,0.048,0.004,1.0,0.337,0.08,-0.017,0.014,0.202,0.108,-0.053,0.161,-0.277,0.021,-0.02,0.126,0.22,0.038,0.212,-0.036,-0.335,0.321,-0.121,0.183,-0.268,-0.142,0.034,0.297,0.159,-0.01,0.032,-0.11,-0.106,-0.075,0.022,0.007,-0.205,-0.132,0.285,0.326,-0.005,0.082,0.121,0.192,0.021,-0.036,0.202,0.039,0.173,-0.3,0.15,0.259,0.092,-0.126,0.363,0.179,0.224,0.21,0.276,-0.266,-0.251,0.136,0.168,0.142,-0.066,0.321,0.014,-0.094,0.242,-0.205,-0.002,0.395,0.056,-0.074,0.101,0.148,0.502,0.111,-0.16,-0.137,-0.02,0.042,0.07,-0.101,0.072,0.17,-0.232,0.037,0.019,0.08,0.148,0.052,-0.069,-0.148,-0.111,-0.048,0.172,-0.095,0.128,-0.084,-0.074,0.257,0.076,0.092,0.144,0.048,-0.264,0.188,-0.072,-0.082,-0.025,0.004,0.068,0.162,0.475,-0.099,0.353,-0.254,0.151,-0.128,-0.249,0.316,0.088,0.18,0.207,-0.356,-0.005,-0.031,0.086,0.206,-0.026,0.097,-0.112,-0.067,-0.171,0.146,0.295,-0.078,0.02,-0.043,-0.057,-0.282,0.156,-0.398,0.387,0.092,-0.124,-0.044,0.306,0.127,0.267,0.138,0.276,0.084,-0.08,-0.108,-0.165,0.059,-0.025,0.138,0.074,0.039,0.138,0.321,-0.157,-0.064,-0.29,0.151,0.107,0.125,0.418,0.039,0.013,0.518,0.064,-0.047,0.194,0.033,0.004,0.099,-0.284
BCRX,-0.014,0.213,0.142,-0.005,0.262,0.219,0.441,0.515,0.278,0.358,-0.141,-0.305,0.374,0.078,0.419,0.217,0.616,-0.006,-0.009,0.205,0.178,0.044,0.337,1.0,0.328,0.031,-0.023,0.533,0.074,0.051,0.265,-0.315,0.201,0.197,0.123,0.305,0.125,0.498,0.2,-0.307,0.466,0.121,0.173,-0.183,-0.002,0.148,0.242,0.343,0.043,-0.09,-0.037,-0.003,0.023,-0.019,-0.102,-0.068,-0.143,0.258,0.402,0.172,0.052,0.006,0.373,-0.138,0.146,0.46,0.129,0.328,-0.564,0.384,0.462,0.257,0.004,0.406,0.371,0.393,0.376,0.324,-0.105,-0.156,0.327,0.145,0.359,0.21,0.573,0.251,0.1,0.424,-0.19,0.345,0.566,0.141,-0.122,0.08,0.388,0.559,0.451,-0.13,-0.025,0.134,0.258,0.333,-0.093,0.286,0.39,-0.305,-0.015,0.271,0.344,0.335,0.121,-0.086,-0.14,-0.085,0.116,0.374,-0.053,0.176,0.089,-0.001,0.43,-0.302,0.138,-0.081,-0.084,-0.289,0.436,-0.087,0.052,-0.059,0.111,0.214,0.265,0.56,0.061,0.563,-0.219,0.344,0.007,-0.199,0.557,0.309,0.373,0.547,-0.493,0.127,-0.022,0.25,0.328,-0.019,0.293,0.151,-0.131,-0.034,0.321,0.44,-0.108,0.164,-0.02,0.139,-0.288,0.386,-0.448,0.396,0.14,-0.074,-0.192,0.56,0.303,0.116,0.106,0.48,0.348,-0.012,-0.192,-0.144,0.179,0.111,0.335,0.04,0.196,0.364,0.514,0.107,0.071,-0.408,0.352,0.236,-0.09,0.687,0.14,0.229,0.521,0.327,0.158,0.309,0.225,0.2,0.138,-0.289
BGC,-0.241,0.001,-0.118,-0.065,0.279,-0.028,0.135,0.217,-0.075,0.622,-0.091,0.049,0.403,0.151,0.012,-0.123,0.328,0.013,-0.172,-0.347,-0.309,0.143,0.08,0.328,1.0,-0.09,-0.136,0.041,0.029,0.11,-0.089,0.018,0.08,0.216,0.071,0.062,-0.071,0.291,0.022,0.377,0.205,0.171,0.195,0.033,0.05,-0.012,0.454,0.016,-0.117,-0.219,0.011,-0.1,-0.143,-0.349,0.297,-0.135,0.121,0.418,0.053,-0.169,-0.015,-0.056,0.138,0.024,0.081,0.118,0.421,0.277,-0.136,0.047,0.353,-0.135,-0.1,-0.001,-0.099,-0.117,0.172,0.291,0.296,0.25,0.024,-0.056,0.107,0.015,0.501,0.587,-0.051,0.497,0.055,0.036,0.178,0.34,-0.053,-0.165,0.135,0.195,0.294,-0.083,0.066,0.112,-0.133,0.028,0.109,-0.109,0.2,0.233,0.051,0.042,0.261,0.061,-0.245,0.193,-0.012,0.043,-0.009,0.041,0.014,-0.107,0.062,-0.26,0.357,-0.34,0.174,-0.365,-0.365,-0.071,0.096,-0.211,0.086,0.005,-0.105,-0.075,-0.097,0.264,-0.018,0.141,-0.067,0.12,0.463,0.412,0.397,0.133,0.103,0.234,-0.31,0.228,0.523,-0.089,0.005,-0.13,-0.17,0.025,-0.308,0.046,0.043,-0.119,-0.213,0.167,-0.44,-0.06,0.179,0.177,-0.068,0.192,-0.015,-0.082,0.083,0.085,-0.059,0.174,-0.176,0.582,0.546,-0.124,0.183,-0.003,0.067,-0.146,0.406,-0.174,-0.055,0.181,0.477,-0.065,-0.167,0.112,0.089,-0.133,0.254,0.309,0.141,0.249,0.373,0.366,-0.096,-0.177,-0.048,0.331,-0.086,-0.213
BIDU,0.691,0.385,0.675,0.56,0.501,0.718,0.373,0.422,0.634,0.128,0.588,0.555,-0.535,0.597,0.635,0.536,0.261,0.649,0.69,0.503,0.674,0.714,-0.017,0.031,-0.09,1.0,0.729,0.603,0.574,0.514,0.649,0.469,0.702,0.575,0.537,0.444,0.681,0.322,0.67,-0.301,0.409,0.487,0.525,0.626,0.646,0.548,-0.276,0.523,0.67,0.517,0.712,0.613,0.588,0.566,-0.271,0.652,0.533,0.422,0.31,0.463,0.63,0.448,0.501,0.304,0.661,0.567,0.134,0.572,0.261,0.611,0.495,0.617,0.689,0.537,0.505,0.685,0.573,0.453,0.417,0.454,0.476,0.44,0.589,0.725,0.179,0.348,0.742,0.148,0.625,0.485,0.355,-0.687,0.578,0.617,0.353,-0.185,0.339,0.596,0.548,0.559,0.657,0.031,0.651,0.605,0.364,0.362,0.616,0.564,0.626,0.619,0.589,0.472,0.694,0.672,0.682,0.566,0.46,0.623,0.619,0.633,0.336,0.035,0.519,0.548,0.535,0.541,0.532,0.746,0.666,0.575,0.684,0.703,0.627,-0.081,0.7,0.06,0.633,0.533,-0.06,0.341,0.031,0.46,0.629,0.537,0.411,0.537,0.295,0.622,0.577,0.699,0.72,0.616,0.694,0.594,0.578,0.63,0.52,0.569,0.412,0.557,-0.001,0.548,0.278,0.504,0.527,0.661,-0.534,0.632,0.61,0.692,0.651,0.229,-0.324,0.693,0.455,0.581,0.615,0.692,0.292,0.518,0.548,0.694,0.09,0.536,0.578,0.098,0.426,0.562,-0.542,-0.069,0.326,0.6,-0.115,0.496,0.699,0.39,0.682,0.605,0.616,0.673
BILI,0.46,0.307,0.567,0.481,0.512,0.579,0.165,0.253,0.48,0.044,0.532,0.519,-0.47,0.487,0.534,0.572,0.15,0.595,0.587,0.56,0.462,0.615,0.014,-0.023,-0.136,0.729,1.0,0.508,0.494,0.44,0.51,0.311,0.553,0.417,0.562,0.439,0.585,0.28,0.592,-0.266,0.31,0.407,0.504,0.545,0.57,0.394,-0.098,0.388,0.638,0.519,0.653,0.575,0.473,0.668,-0.211,0.596,0.516,0.316,0.199,0.317,0.465,0.477,0.27,0.25,0.628,0.463,0.162,0.439,0.285,0.492,0.364,0.599,0.624,0.665,0.367,0.48,0.469,0.418,0.378,0.401,0.376,0.323,0.525,0.536,0.033,0.275,0.548,0.145,0.57,0.436,0.34,-0.571,0.545,0.547,0.273,-0.158,0.26,0.564,0.565,0.507,0.627,0.097,0.657,0.46,0.35,0.417,0.565,0.472,0.519,0.405,0.545,0.387,0.642,0.541,0.558,0.393,0.371,0.554,0.515,0.507,0.36,-0.008,0.63,0.424,0.511,0.595,0.477,0.628,0.618,0.49,0.606,0.619,0.483,-0.048,0.441,0.024,0.551,0.55,-0.005,0.479,0.169,0.348,0.433,0.414,0.412,0.527,0.406,0.65,0.504,0.531,0.561,0.484,0.707,0.437,0.422,0.514,0.366,0.389,0.364,0.415,0.08,0.472,0.297,0.497,0.493,0.649,-0.228,0.474,0.589,0.744,0.641,0.193,-0.212,0.533,0.431,0.577,0.528,0.503,0.315,0.36,0.521,0.528,-0.048,0.371,0.666,0.189,0.469,0.438,-0.498,-0.153,0.329,0.549,-0.207,0.466,0.556,0.336,0.566,0.498,0.666,0.631
BKR,0.517,0.513,0.714,0.606,0.647,0.791,0.546,0.567,0.704,0.269,0.513,0.322,-0.133,0.618,0.885,0.76,0.444,0.613,0.612,0.567,0.643,0.567,0.202,0.533,0.041,0.603,0.508,1.0,0.547,0.535,0.748,0.143,0.735,0.621,0.539,0.652,0.676,0.719,0.716,-0.441,0.735,0.581,0.592,0.363,0.611,0.663,-0.039,0.734,0.64,0.488,0.647,0.533,0.571,0.611,-0.327,0.653,0.424,0.381,0.476,0.491,0.512,0.463,0.672,0.273,0.737,0.837,0.272,0.677,-0.196,0.69,0.668,0.768,0.695,0.612,0.76,0.86,0.811,0.674,0.378,0.339,0.651,0.451,0.78,0.624,0.546,0.409,0.582,0.3,0.512,0.727,0.41,-0.385,0.562,0.544,0.681,0.207,0.627,0.518,0.456,0.712,0.691,0.179,0.52,0.698,0.605,0.072,0.602,0.634,0.756,0.713,0.642,0.375,0.522,0.547,0.575,0.771,0.309,0.725,0.589,0.574,0.615,-0.11,0.271,0.408,0.414,0.216,0.836,0.562,0.566,0.45,0.744,0.752,0.704,0.149,0.592,0.269,0.504,0.637,-0.009,0.104,0.468,0.671,0.699,0.899,0.058,0.611,0.199,0.746,0.65,0.58,0.755,0.522,0.546,0.506,0.629,0.822,0.422,0.637,0.406,0.557,-0.074,0.812,-0.023,0.683,0.674,0.535,-0.533,0.692,0.837,0.56,0.679,0.56,-0.069,0.681,0.296,0.539,0.741,0.621,0.546,0.542,0.695,0.829,0.362,0.41,0.683,-0.076,0.639,0.624,-0.559,0.316,0.314,0.696,0.276,0.673,0.663,0.679,0.784,0.632,0.708,0.302
BLDP,0.647,0.504,0.54,0.609,0.736,0.702,0.619,0.724,0.655,0.503,0.435,0.398,-0.401,0.761,0.613,0.746,0.175,0.505,0.576,0.519,0.584,0.639,0.108,0.074,0.029,0.574,0.494,0.547,1.0,0.704,0.708,0.449,0.754,0.812,0.57,0.131,0.646,0.614,0.573,-0.366,0.623,0.594,0.663,0.433,0.684,0.644,0.012,0.633,0.756,0.148,0.614,0.708,0.71,0.518,-0.534,0.607,0.57,0.51,0.493,0.631,0.812,0.605,0.694,-0.074,0.673,0.505,0.067,0.7,-0.037,0.632,0.611,0.738,0.625,0.56,0.628,0.566,0.722,0.588,0.561,0.617,0.721,0.635,0.694,0.565,0.528,0.351,0.676,0.265,0.565,0.651,0.317,-0.741,0.546,0.705,0.664,-0.076,0.6,0.432,0.651,0.691,0.671,-0.254,0.436,0.671,0.632,0.236,0.727,0.853,0.689,0.738,0.605,0.633,0.576,0.722,0.657,0.732,0.624,0.502,0.776,0.614,0.567,-0.168,0.404,0.284,0.478,0.255,0.665,0.591,0.384,0.37,0.685,0.639,0.682,0.109,0.681,0.196,0.507,0.709,0.092,0.171,0.461,0.695,0.753,0.606,0.143,0.717,0.279,0.635,0.622,0.759,0.701,0.681,0.612,0.665,0.828,0.563,0.553,0.781,0.185,0.715,-0.135,0.722,-0.164,0.603,0.629,0.756,-0.622,0.569,0.635,0.444,0.613,0.539,-0.345,0.665,0.583,0.606,0.713,0.785,0.655,0.707,0.626,0.76,0.327,0.318,0.439,0.185,0.653,0.676,-0.558,0.083,0.521,0.772,0.256,0.699,0.763,0.354,0.614,0.659,0.601,0.417
BLNK,0.511,0.582,0.546,0.706,0.67,0.639,0.487,0.632,0.643,0.502,0.584,0.59,-0.45,0.842,0.547,0.655,0.036,0.676,0.586,0.51,0.677,0.69,-0.053,0.051,0.11,0.514,0.44,0.535,0.704,1.0,0.633,0.53,0.762,0.76,0.622,0.152,0.691,0.568,0.596,-0.085,0.631,0.698,0.685,0.526,0.786,0.658,-0.009,0.722,0.732,0.268,0.699,0.799,0.782,0.533,-0.483,0.673,0.627,0.466,0.267,0.465,0.758,0.495,0.665,0.111,0.733,0.523,0.211,0.688,-0.061,0.635,0.591,0.598,0.638,0.376,0.676,0.464,0.758,0.602,0.713,0.711,0.674,0.44,0.627,0.663,0.46,0.417,0.601,0.236,0.719,0.689,0.118,-0.599,0.695,0.78,0.65,-0.002,0.621,0.593,0.85,0.809,0.582,-0.135,0.549,0.657,0.668,0.471,0.681,0.716,0.74,0.71,0.472,0.69,0.673,0.794,0.615,0.704,0.771,0.633,0.726,0.516,0.511,-0.136,0.362,0.35,0.328,0.496,0.671,0.618,0.425,0.53,0.605,0.544,0.612,-0.102,0.71,-0.028,0.691,0.601,0.058,0.352,0.204,0.714,0.647,0.613,0.382,0.902,0.381,0.624,0.62,0.747,0.55,0.687,0.574,0.763,0.629,0.467,0.562,0.715,0.222,0.72,0.054,0.72,0.021,0.575,0.71,0.675,-0.608,0.39,0.715,0.392,0.644,0.549,-0.285,0.741,0.703,0.804,0.76,0.635,0.711,0.698,0.812,0.689,0.328,0.26,0.486,0.281,0.63,0.699,-0.567,-0.081,0.469,0.773,0.16,0.789,0.648,0.339,0.701,0.694,0.489,0.406
BYND,0.717,0.62,0.793,0.716,0.68,0.774,0.638,0.64,0.754,0.256,0.582,0.409,-0.303,0.799,0.822,0.775,0.316,0.631,0.543,0.643,0.697,0.63,0.161,0.265,-0.089,0.649,0.51,0.748,0.708,0.633,1.0,0.385,0.786,0.737,0.59,0.376,0.771,0.709,0.783,-0.372,0.716,0.629,0.642,0.498,0.734,0.77,-0.11,0.749,0.77,0.428,0.739,0.745,0.766,0.624,-0.484,0.708,0.574,0.456,0.485,0.684,0.689,0.593,0.712,0.084,0.797,0.702,0.06,0.743,-0.044,0.666,0.711,0.812,0.755,0.641,0.829,0.806,0.823,0.653,0.495,0.479,0.841,0.595,0.801,0.617,0.539,0.375,0.649,0.227,0.54,0.766,0.318,-0.587,0.649,0.707,0.747,0.103,0.677,0.589,0.651,0.759,0.693,0.032,0.52,0.827,0.702,0.216,0.688,0.704,0.794,0.856,0.633,0.479,0.614,0.707,0.635,0.798,0.516,0.675,0.691,0.707,0.593,-0.044,0.345,0.434,0.508,0.346,0.866,0.643,0.558,0.361,0.749,0.806,0.831,0.213,0.694,0.272,0.56,0.823,-0.051,0.143,0.374,0.783,0.754,0.734,0.166,0.675,0.202,0.712,0.715,0.769,0.771,0.565,0.651,0.73,0.715,0.798,0.486,0.758,0.346,0.709,-0.06,0.81,-0.049,0.632,0.745,0.691,-0.612,0.69,0.807,0.48,0.675,0.516,-0.205,0.74,0.524,0.579,0.812,0.79,0.648,0.697,0.789,0.837,0.41,0.472,0.603,0.093,0.766,0.712,-0.562,0.146,0.466,0.761,0.263,0.735,0.811,0.672,0.809,0.657,0.754,0.471
CAN,0.57,0.654,0.318,0.654,0.533,0.37,0.118,0.234,0.344,0.263,0.634,0.605,-0.504,0.596,0.262,0.465,-0.31,0.465,0.409,0.22,0.355,0.585,-0.277,-0.315,0.018,0.469,0.311,0.143,0.449,0.53,0.385,1.0,0.5,0.584,0.311,-0.148,0.457,0.232,0.428,0.016,0.197,0.655,0.334,0.55,0.67,0.529,-0.154,0.452,0.434,0.241,0.638,0.546,0.53,0.477,-0.279,0.424,0.712,0.174,0.03,0.398,0.496,0.518,0.336,0.032,0.582,0.033,0.057,0.434,0.388,0.196,0.311,0.328,0.551,0.001,0.401,0.306,0.385,0.121,0.716,0.699,0.311,0.274,0.371,0.583,0.088,0.299,0.606,-0.017,0.692,0.474,-0.028,-0.436,0.683,0.544,0.359,-0.476,0.364,0.62,0.476,0.553,0.449,-0.367,0.577,0.422,0.112,0.384,0.521,0.428,0.482,0.344,0.464,0.596,0.596,0.683,0.614,0.392,0.579,0.372,0.547,0.542,0.107,0.025,0.241,0.109,0.47,0.516,0.381,0.555,0.503,0.328,0.469,0.424,0.432,-0.408,0.488,-0.34,0.63,0.244,0.213,0.527,-0.077,0.304,0.205,0.159,0.535,0.462,0.16,0.286,0.379,0.573,0.262,0.567,0.547,0.739,0.258,0.226,0.577,0.486,0.272,0.371,0.351,0.432,0.315,0.102,0.531,0.482,-0.192,0.171,0.367,0.166,0.372,0.088,-0.133,0.546,0.534,0.594,0.52,0.503,0.443,0.452,0.461,0.389,-0.027,0.493,0.265,0.551,0.224,0.388,-0.248,-0.403,0.129,0.429,-0.089,0.471,0.356,0.309,0.435,0.421,0.418,0.614
