,AAL,AAPL,ABUS,ADBE,ADI,ADMA,AEP,AGNC,AKBA,ALT,AMAT,AMD,AMGN,AMZN,APA,APPS,ARCC,ARDX,ATER,ATOS,AUPH,AVGO,AZN,BCRX,BGC,BIDU,BILI,BKR,BLDP,BLNK,BYND,CAN,CELH,CG,CGC,CHRD,CLNE,CMCSA,COMM,COST,CPB,CPRT,CRON,CRWD,CSCO,CSGP,CSX,CTSH,CZR,DBX,DDOG,DKNG,DLTR,DOCU,DVAX,DXCM,EA,EBAY,ENPH,ERIC,ESPR,ETSY,EXC,EXEL,EXPE,FANG,FAST,FITB,FLEX,FOLD,FOXA,FSLR,FTNT,FUTU,GEN,GERN,GEVO,GILD,GOOG,GOOGL,GPRO,GT,HBAN,HIVE,HON,HST,HUT,IBRX,INTC,IOVA,IQ,IRWD,JBLU,JD,KDP,KHC,LBTYK,LRCX,LYFT,MAR,MARA,MAT,MCHP,MCRB,MDLZ,META,MGNI,MLCO,MNKD,MNST,MOMO,MRNA,MRVL,MSFT,MSTR,MTCH,MU,MVIS,NDAQ,NFLX,NKTR,NNDM,NTES,NTNX,NVAX,NVDA,NWL,NWSA,NXPI,OCGN,OKTA,ON,OPK,PAA,PACB,PAGP,PANW,PARA,PCAR,PDD,PENN,PEP,PLUG,PTEN,PTON,PYPL,QCOM,QUBT,QVCGA,RDFN,REAL,RIOT,ROKU,ROST,RUN,SABR,SAVA,SBUX,SFIX,SGMO,SIRI,SLM,SMCI,SNDL,SONO,STNE,STX,TCOM,TGTX,TIGR,TLRY,TMUS,TRIP,TSCO,TSLA,TTD,TXN,UAL,UNIT,VERU,VKTX,VLY,VOD,VTRS,VXRT,WBA,WBD,WDAY,WDC,WEN,WW,WYNN,XEL,XP,XRAY,XRX,Z,ZION,ZM,ZS
AAL,1.0,0.175,0.132,-0.019,-0.045,-0.061,-0.035,0.107,-0.103,0.066,0.109,0.301,-0.323,0.115,0.061,-0.165,0.164,0.308,0.065,0.163,-0.011,0.302,-0.173,0.238,0.078,0.129,0.151,0.447,-0.052,0.124,0.186,0.148,0.201,0.314,-0.269,0.165,0.077,-0.106,-0.061,0.15,-0.253,0.088,0.054,0.158,0.079,0.088,0.194,0.157,0.097,-0.009,0.064,0.027,0.194,-0.081,-0.004,-0.091,0.205,0.353,0.209,0.155,0.21,0.067,0.123,-0.143,-0.107,0.102,-0.091,0.162,0.036,0.198,-0.198,0.142,0.255,0.253,-0.045,0.283,0.133,-0.091,0.35,0.362,-0.159,0.021,0.15,0.152,0.067,0.269,0.336,0.093,0.079,0.046,0.223,0.024,0.157,0.284,0.07,-0.239,0.028,0.392,0.039,0.147,0.16,0.205,-0.045,-0.025,-0.2,0.047,0.169,0.404,0.242,0.303,0.231,-0.112,0.118,0.225,0.114,-0.026,0.083,0.136,0.006,0.277,0.123,0.068,0.366,-0.042,0.09,0.095,-0.088,0.2,0.234,-0.008,0.106,0.275,0.008,0.208,0.112,0.237,0.105,-0.189,0.234,0.178,0.066,-0.138,-0.255,0.009,0.162,-0.172,0.283,-0.01,0.028,-0.027,0.195,0.178,0.047,0.281,0.3,0.004,0.186,0.268,0.279,-0.048,-0.097,0.359,0.011,0.131,0.267,0.172,0.513,0.136,-0.203,0.388,0.028,0.064,0.051,0.121,-0.027,0.001,0.131,0.642,-0.099,-0.344,0.027,-0.04,-0.12,-0.004,-0.158,0.096,-0.065,0.103,0.242,0.052,0.304,0.271,-0.146,0.021,-0.111,0.532,-0.005,0.205,0.024,0.11
AAPL,0.175,1.0,-0.523,0.408,0.578,-0.294,-0.534,0.525,0.118,0.386,-0.437,0.397,0.27,-0.209,0.157,0.472,0.397,-0.024,-0.445,-0.535,0.559,0.085,0.277,-0.116,0.19,0.282,-0.132,0.543,0.438,-0.444,-0.051,-0.434,-0.412,-0.381,0.437,-0.488,0.166,0.293,0.552,-0.492,0.376,0.09,-0.456,-0.313,0.688,0.438,-0.527,0.188,0.598,0.425,-0.241,-0.45,-0.52,0.529,0.714,0.565,-0.195,-0.112,-0.372,0.68,-0.383,-0.396,-0.21,0.365,0.37,-0.565,-0.432,0.515,-0.577,-0.336,0.231,-0.146,-0.113,-0.183,0.554,0.23,-0.054,0.53,0.81,0.795,0.547,0.54,0.337,-0.562,0.331,0.084,-0.539,-0.423,0.383,-0.529,0.181,-0.519,-0.552,0.141,0.239,0.371,0.477,-0.374,-0.475,0.113,-0.562,-0.561,0.812,0.265,0.307,-0.307,-0.165,-0.126,-0.211,-0.033,-0.277,0.514,0.541,0.172,-0.602,0.075,0.609,0.267,0.63,-0.484,-0.481,-0.653,-0.344,-0.087,0.063,-0.454,0.294,-0.412,-0.279,-0.506,0.076,-0.116,-0.174,-0.248,0.531,-0.318,-0.009,0.299,-0.493,0.36,0.654,-0.222,-0.27,-0.439,0.588,0.345,0.155,0.114,-0.467,0.564,0.521,-0.571,0.387,-0.378,-0.332,0.583,0.505,-0.133,-0.34,-0.581,0.699,-0.245,-0.517,0.231,-0.315,0.437,0.535,-0.466,0.39,0.033,0.675,0.102,-0.562,-0.412,0.049,-0.431,0.522,-0.192,0.078,-0.271,-0.616,0.568,0.291,-0.496,-0.661,0.395,0.502,-0.362,0.602,0.379,0.229,-0.452,-0.18,0.4,0.536,-0.287,0.069,0.583,0.69,0.014
ABUS,0.132,-0.523,1.0,-0.554,-0.493,0.263,0.583,-0.372,-0.417,-0.293,0.745,-0.285,-0.659,0.428,-0.176,-0.573,-0.192,0.285,0.811,0.799,-0.449,0.338,-0.431,0.61,0.201,-0.024,0.456,-0.171,-0.368,0.745,0.346,0.77,0.696,0.701,-0.644,0.708,0.17,-0.519,-0.534,0.537,-0.718,-0.02,0.542,0.526,-0.526,-0.401,0.348,-0.342,-0.458,-0.428,0.354,0.568,0.655,-0.625,-0.535,-0.484,0.547,0.309,0.77,-0.507,0.499,0.531,0.069,-0.557,-0.535,0.725,0.334,-0.352,0.735,0.671,-0.429,0.652,0.37,0.467,-0.324,0.318,0.252,-0.636,-0.306,-0.297,-0.563,-0.645,-0.091,0.814,-0.245,0.165,0.761,0.646,-0.114,0.599,0.143,0.475,0.761,0.119,-0.465,-0.661,-0.565,0.695,0.621,-0.18,0.897,0.761,-0.537,-0.23,-0.746,0.497,0.504,0.515,0.66,0.108,0.533,-0.549,-0.151,0.052,0.919,-0.323,-0.661,-0.148,-0.602,0.342,0.73,0.721,0.54,0.139,0.308,0.574,-0.48,0.797,0.699,0.526,0.327,0.545,0.345,0.486,-0.548,0.562,0.161,-0.688,0.626,0.061,-0.447,-0.025,-0.123,0.34,-0.333,-0.441,0.406,0.083,0.487,-0.606,-0.422,0.911,-0.317,0.507,0.633,-0.502,-0.17,0.298,0.591,0.675,-0.657,0.293,0.661,0.079,0.712,-0.373,-0.218,0.653,-0.665,0.273,-0.507,-0.11,0.77,0.545,0.169,0.616,-0.299,0.457,-0.173,-0.277,0.848,-0.476,-0.355,0.534,0.334,-0.61,-0.579,0.726,-0.685,-0.322,0.248,0.759,-0.252,-0.436,-0.532,0.15,-0.239,-0.239,-0.397,0.237
ADBE,-0.019,0.408,-0.554,1.0,0.373,0.082,-0.573,0.059,0.59,0.528,-0.426,0.305,0.517,-0.194,-0.018,0.491,0.171,0.303,-0.46,-0.507,0.726,-0.036,0.091,-0.421,0.116,-0.211,-0.541,-0.087,0.248,-0.521,-0.282,-0.544,-0.575,-0.345,0.542,-0.601,-0.288,0.468,0.484,-0.376,0.466,0.21,-0.426,-0.084,0.561,0.419,-0.236,0.124,0.615,0.936,0.106,-0.07,-0.463,0.366,0.399,0.422,-0.411,-0.458,-0.529,0.278,-0.445,-0.313,-0.371,0.316,0.402,-0.667,-0.372,0.108,-0.522,-0.395,0.289,-0.436,-0.009,-0.486,0.186,-0.08,0.131,0.565,0.341,0.345,0.54,0.484,-0.148,-0.556,-0.102,-0.286,-0.427,-0.491,-0.103,-0.591,-0.456,-0.199,-0.584,-0.417,0.39,0.421,0.791,-0.451,-0.57,0.24,-0.455,-0.513,0.299,0.445,0.407,-0.305,-0.357,-0.065,-0.544,0.157,-0.578,0.448,0.398,0.306,-0.489,0.046,0.65,0.599,0.463,-0.353,-0.359,-0.515,-0.475,0.108,-0.365,-0.215,0.295,-0.503,-0.497,-0.625,0.062,-0.326,-0.132,-0.64,0.796,-0.582,0.272,0.624,-0.492,-0.207,0.71,0.13,0.231,-0.477,0.181,0.314,-0.362,-0.135,-0.658,0.66,0.484,-0.515,0.887,-0.234,-0.437,0.818,0.369,-0.128,-0.377,-0.566,0.533,-0.223,-0.228,-0.219,-0.424,0.68,0.24,-0.566,0.572,-0.406,0.335,-0.134,-0.59,-0.48,-0.305,-0.499,-0.057,-0.324,-0.098,-0.123,-0.51,0.253,0.092,-0.61,-0.322,0.326,0.279,-0.302,0.65,0.771,0.179,-0.389,-0.099,0.252,0.23,-0.061,0.504,0.049,0.541,0.167
ADI,-0.045,0.578,-0.493,0.373,1.0,-0.166,-0.325,0.525,0.096,0.447,-0.283,0.156,0.316,-0.446,0.426,0.537,0.349,-0.003,-0.479,-0.457,0.377,0.01,0.389,0.037,0.33,0.301,-0.132,0.338,0.466,-0.411,0.274,-0.351,-0.462,-0.308,0.574,-0.245,0.255,0.334,0.591,-0.548,0.543,-0.036,-0.366,-0.272,0.574,0.586,-0.589,0.351,0.695,0.304,-0.216,-0.488,-0.542,0.494,0.74,0.629,-0.213,0.077,-0.374,0.697,-0.476,-0.472,0.128,0.549,0.39,-0.328,-0.379,0.548,-0.649,-0.252,0.317,-0.218,-0.342,-0.143,0.444,0.146,0.124,0.566,0.455,0.46,0.655,0.755,0.35,-0.439,0.361,0.381,-0.507,-0.506,0.371,-0.239,0.182,-0.457,-0.576,0.018,0.492,0.517,0.437,-0.357,-0.381,0.386,-0.552,-0.478,0.75,0.364,0.388,-0.548,-0.012,-0.249,-0.137,-0.25,-0.227,0.554,0.474,0.047,-0.539,0.11,0.709,0.2,0.667,-0.442,-0.475,-0.468,-0.372,-0.065,0.098,-0.4,0.5,-0.346,-0.316,-0.233,0.089,-0.342,-0.064,-0.227,0.499,-0.234,-0.107,0.299,-0.457,0.247,0.43,-0.122,-0.305,-0.172,0.445,0.325,0.061,0.277,-0.218,0.567,0.433,-0.51,0.291,-0.471,-0.421,0.396,0.429,-0.175,-0.431,-0.373,0.617,-0.092,-0.537,0.185,-0.35,0.424,0.389,-0.438,0.469,0.036,0.624,0.228,-0.462,-0.575,0.114,-0.307,0.651,-0.029,0.452,0.098,-0.473,0.56,0.422,-0.284,-0.509,0.425,0.52,-0.205,0.44,0.265,0.098,-0.485,0.036,0.4,0.449,-0.286,0.02,0.429,0.629,-0.024
ADMA,-0.061,-0.294,0.263,0.082,-0.166,1.0,0.264,-0.038,0.242,0.224,0.213,0.039,-0.177,0.09,-0.01,-0.24,-0.031,0.41,0.255,0.322,-0.039,0.033,-0.302,0.291,0.234,-0.029,0.113,-0.125,0.137,0.345,0.053,0.271,0.21,0.145,-0.174,0.176,0.143,-0.169,0.095,0.187,-0.215,0.101,0.23,0.35,-0.101,-0.059,0.243,-0.154,0.077,0.092,0.379,0.389,0.117,-0.192,-0.149,-0.349,0.204,0.172,0.266,-0.129,0.213,0.212,0.093,-0.153,-0.282,0.271,0.203,0.061,0.306,0.34,-0.097,0.375,0.259,0.12,-0.086,0.26,0.529,-0.222,-0.13,-0.111,-0.171,-0.13,0.007,0.344,0.033,0.194,0.337,0.276,-0.234,0.046,-0.008,0.351,0.309,-0.05,-0.018,-0.266,0.031,0.192,0.263,-0.045,0.322,0.025,-0.284,0.267,-0.175,0.1,0.239,0.223,0.42,0.249,0.099,-0.22,-0.143,0.294,0.295,0.193,-0.178,0.378,0.008,0.28,0.283,0.221,0.141,0.275,0.315,0.298,-0.214,0.088,0.159,0.023,0.396,0.126,0.341,-0.047,0.083,-0.017,0.302,0.036,0.164,-0.075,-0.03,-0.04,0.334,0.304,-0.06,-0.039,0.053,0.084,0.02,0.044,0.062,0.292,0.199,0.196,0.451,0.01,0.107,0.301,0.553,0.203,-0.161,0.301,0.414,0.168,0.117,-0.033,-0.008,0.157,-0.049,-0.002,-0.072,-0.076,0.272,0.223,0.201,0.19,-0.215,0.035,-0.154,-0.101,0.197,-0.179,-0.118,0.14,0.316,0.002,-0.17,0.289,-0.124,0.239,0.097,0.11,0.184,-0.046,-0.112,0.296,0.291,-0.072,-0.075,0.351
AEP,-0.035,-0.534,0.583,-0.573,-0.325,0.264,1.0,-0.028,-0.466,-0.482,0.703,-0.242,-0.472,0.086,0.279,-0.452,-0.054,-0.208,0.498,0.508,-0.572,-0.046,-0.173,0.394,0.105,0.137,0.395,-0.07,-0.151,0.641,0.445,0.659,0.508,0.346,-0.491,0.82,0.528,-0.375,-0.192,0.294,-0.381,-0.26,0.457,0.172,-0.365,-0.299,0.207,-0.212,-0.431,-0.566,0.046,0.345,0.426,-0.369,-0.437,-0.585,0.566,0.522,0.495,-0.23,0.296,0.278,0.555,-0.213,-0.484,0.776,0.347,-0.093,0.52,0.583,-0.222,0.469,-0.069,0.563,-0.109,0.102,0.213,-0.416,-0.429,-0.411,-0.42,-0.433,0.271,0.695,0.099,0.386,0.594,0.414,-0.023,0.659,0.317,0.326,0.666,0.305,-0.106,-0.456,-0.373,0.488,0.789,-0.204,0.503,0.445,-0.375,-0.136,-0.481,0.229,0.63,0.232,0.649,-0.055,0.435,-0.422,-0.472,-0.334,0.56,0.049,-0.518,-0.509,-0.374,0.543,0.339,0.652,0.351,-0.062,0.423,0.301,-0.235,0.417,0.342,0.767,0.235,0.082,0.155,0.522,-0.438,0.598,-0.171,-0.463,0.571,0.097,-0.542,-0.289,-0.2,0.743,-0.227,-0.362,0.275,0.351,0.738,-0.551,-0.33,0.571,-0.506,0.225,0.411,-0.511,-0.355,-0.07,0.456,0.811,-0.468,0.414,0.541,0.278,0.345,-0.628,-0.241,0.547,-0.494,0.378,-0.325,0.062,0.879,0.321,0.308,0.772,-0.055,0.451,0.263,0.222,0.639,-0.234,0.147,0.902,0.261,-0.375,-0.247,0.522,-0.684,-0.425,-0.315,0.269,0.277,-0.223,-0.188,0.137,-0.236,-0.06,-0.427,-0.083
AGNC,0.107,0.525,-0.372,0.059,0.525,-0.038,-0.028,1.0,0.082,0.165,-0.329,0.297,0.343,-0.504,0.591,0.527,0.574,-0.082,-0.473,-0.459,0.119,-0.329,0.544,0.124,0.166,0.334,-0.141,0.447,0.685,-0.244,0.326,-0.126,-0.449,-0.474,0.472,-0.113,0.634,0.457,0.644,-0.555,0.423,-0.381,-0.332,-0.52,0.591,0.471,-0.59,0.243,0.446,-0.032,-0.406,-0.599,-0.509,0.663,0.611,0.26,0.043,0.127,-0.283,0.746,-0.506,-0.439,0.373,0.617,0.303,-0.185,-0.365,0.813,-0.402,-0.204,0.534,0.081,-0.417,-0.104,0.679,0.274,0.303,0.552,0.496,0.481,0.574,0.609,0.71,-0.238,0.746,0.433,-0.172,-0.421,0.27,-0.34,0.311,-0.597,-0.377,0.286,0.51,0.381,0.421,-0.334,-0.121,-0.006,-0.38,-0.481,0.661,0.542,0.364,-0.551,0.116,-0.39,0.072,-0.381,-0.299,0.532,0.203,-0.109,-0.432,0.632,0.514,0.075,0.619,-0.009,-0.608,-0.388,-0.462,-0.185,0.542,-0.673,0.484,-0.286,-0.376,-0.171,0.134,-0.427,-0.059,0.224,0.411,0.138,-0.341,0.316,-0.442,0.384,0.254,-0.356,-0.304,0.136,0.719,0.414,0.184,0.406,-0.097,0.532,0.549,-0.366,-0.057,-0.434,-0.176,0.22,0.222,-0.287,-0.189,-0.276,0.582,0.17,-0.551,0.438,-0.439,0.194,0.477,-0.501,0.526,0.165,0.59,0.284,-0.239,-0.357,0.218,-0.175,0.616,0.111,0.528,0.184,-0.454,0.741,0.714,-0.042,-0.59,0.472,0.722,-0.287,0.393,0.105,-0.231,-0.543,0.469,0.554,0.717,0.084,0.117,0.753,0.541,-0.167
AKBA,-0.103,0.118,-0.417,0.59,0.096,0.242,-0.466,0.082,1.0,0.511,-0.534,-0.026,0.396,-0.054,-0.06,0.348,-0.06,0.359,-0.426,-0.308,0.582,-0.324,0.115,-0.313,-0.094,-0.455,-0.624,-0.267,0.052,-0.47,-0.362,-0.473,-0.501,-0.32,0.429,-0.468,-0.423,0.373,0.186,-0.207,0.411,0.173,-0.227,-0.178,0.327,0.27,0.018,0.022,0.294,0.488,0.099,-0.026,-0.228,0.124,0.174,0.233,-0.538,-0.35,-0.522,0.046,-0.258,-0.172,-0.316,0.123,0.333,-0.509,-0.274,0.039,-0.311,-0.289,0.189,-0.491,-0.124,-0.64,0.022,-0.232,0.003,0.213,0.134,0.146,0.308,0.442,-0.285,-0.388,-0.119,-0.306,-0.272,-0.279,-0.431,-0.415,-0.616,0.036,-0.4,-0.506,0.331,0.451,0.486,-0.574,-0.46,0.316,-0.29,-0.375,0.035,0.331,0.573,-0.185,-0.465,-0.268,-0.42,0.156,-0.489,0.343,0.022,0.37,-0.33,0.088,0.379,0.539,0.344,-0.182,-0.227,-0.373,-0.419,0.106,-0.383,-0.258,0.194,-0.416,-0.557,-0.496,-0.149,-0.418,-0.105,-0.427,0.349,-0.454,0.092,0.469,-0.47,-0.424,0.459,0.379,0.415,-0.21,0.023,0.2,-0.555,-0.387,-0.479,0.459,0.362,-0.357,0.493,-0.065,-0.324,0.545,0.045,0.159,-0.293,-0.478,0.308,-0.226,-0.236,-0.244,-0.397,0.53,-0.102,-0.447,0.392,-0.643,0.073,-0.056,-0.462,-0.258,-0.436,-0.505,-0.268,-0.42,-0.2,0.019,-0.443,-0.014,0.011,-0.449,0.076,0.361,0.126,-0.359,0.413,0.515,-0.079,-0.314,0.097,0.153,0.126,0.243,0.454,-0.168,0.107,-0.022
ALT,0.066,0.386,-0.293,0.528,0.447,0.224,-0.482,0.165,0.511,1.0,-0.347,0.012,0.304,0.017,-0.11,0.353,-0.04,0.513,-0.303,-0.236,0.557,0.204,0.103,0.024,0.226,-0.111,-0.216,-0.031,0.234,-0.374,-0.236,-0.455,-0.315,-0.082,0.478,-0.424,-0.25,0.282,0.324,-0.144,0.437,0.475,0.014,0.042,0.373,0.39,-0.072,0.172,0.549,0.543,0.314,-0.061,-0.347,0.132,0.403,0.476,-0.418,-0.084,-0.247,0.29,-0.145,-0.132,-0.373,0.133,0.357,-0.546,-0.168,0.193,-0.395,-0.112,0.159,-0.188,0.151,-0.346,0.047,-0.021,0.163,0.288,0.245,0.26,0.429,0.662,-0.17,-0.411,-0.093,-0.068,-0.422,-0.193,-0.155,-0.511,-0.154,0.023,-0.303,-0.319,0.198,0.394,0.366,-0.313,-0.409,0.611,-0.308,-0.268,0.356,0.176,0.348,-0.149,-0.215,-0.033,-0.124,0.334,-0.19,0.404,0.389,0.46,-0.323,-0.161,0.561,0.584,0.431,-0.395,-0.033,-0.393,-0.214,0.309,-0.131,-0.088,0.168,-0.234,-0.188,-0.612,0.085,-0.073,-0.041,-0.58,0.428,-0.543,0.259,0.355,-0.287,-0.242,0.479,0.378,0.305,-0.359,0.089,0.321,-0.282,-0.338,-0.629,0.586,0.314,-0.342,0.617,-0.158,-0.096,0.472,0.462,0.236,-0.167,-0.52,0.429,-0.34,-0.267,-0.061,-0.13,0.662,0.184,-0.407,0.42,-0.293,0.517,-0.053,-0.435,-0.174,-0.154,-0.515,0.036,-0.269,-0.212,-0.16,-0.386,0.096,-0.007,-0.527,-0.178,0.511,0.124,-0.122,0.462,0.475,0.324,-0.122,-0.156,0.09,0.16,-0.01,0.33,-0.019,0.321,0.244
AMAT,0.109,-0.437,0.745,-0.426,-0.283,0.213,0.703,-0.329,-0.534,-0.347,1.0,-0.078,-0.712,0.359,-0.018,-0.624,-0.284,0.14,0.761,0.65,-0.463,0.455,-0.455,0.552,0.383,0.181,0.582,-0.035,-0.282,0.76,0.379,0.762,0.697,0.636,-0.667,0.77,0.317,-0.66,-0.366,0.487,-0.619,0.135,0.611,0.542,-0.473,-0.468,0.378,-0.253,-0.349,-0.344,0.321,0.658,0.631,-0.643,-0.444,-0.425,0.653,0.529,0.642,-0.382,0.56,0.5,0.109,-0.481,-0.596,0.718,0.443,-0.341,0.622,0.801,-0.539,0.486,0.261,0.732,-0.402,0.229,0.117,-0.564,-0.332,-0.309,-0.565,-0.583,0.015,0.784,-0.263,0.281,0.678,0.588,0.091,0.646,0.305,0.487,0.641,0.295,-0.45,-0.662,-0.444,0.827,0.727,-0.014,0.714,0.578,-0.443,-0.263,-0.71,0.438,0.776,0.671,0.667,0.104,0.587,-0.591,-0.174,0.016,0.746,-0.326,-0.521,-0.239,-0.573,0.45,0.607,0.82,0.622,0.191,0.269,0.627,-0.486,0.615,0.644,0.7,0.455,0.495,0.207,0.35,-0.329,0.459,0.166,-0.672,0.786,0.148,-0.436,-0.242,-0.2,0.497,-0.4,-0.519,0.454,0.266,0.61,-0.617,-0.443,0.763,-0.255,0.431,0.469,-0.459,-0.129,0.134,0.582,0.842,-0.534,0.321,0.767,0.328,0.601,-0.429,-0.082,0.665,-0.66,0.496,-0.369,-0.09,0.757,0.462,0.327,0.861,-0.041,0.473,-0.089,-0.159,0.837,-0.481,-0.303,0.708,0.269,-0.534,-0.487,0.799,-0.617,-0.295,0.111,0.612,-0.256,-0.328,-0.543,0.001,-0.305,-0.238,-0.376,0.242
AMD,0.301,0.397,-0.285,0.305,0.156,0.039,-0.242,0.297,-0.026,0.012,-0.078,1.0,0.078,-0.106,-0.057,0.137,0.273,0.122,-0.18,-0.342,0.128,0.315,-0.063,-0.196,0.162,0.29,-0.006,0.465,0.441,-0.074,0.004,-0.045,-0.14,-0.315,0.037,-0.362,0.177,0.048,0.337,-0.269,-0.035,0.007,-0.315,0.081,0.303,0.088,-0.206,0.092,0.275,0.27,0.097,-0.14,-0.277,0.314,0.355,0.068,0.221,-0.127,-0.158,0.389,-0.144,-0.157,-0.09,0.202,0.068,-0.238,-0.004,0.362,-0.159,-0.213,0.083,0.052,0.117,0.064,0.159,0.305,0.052,0.227,0.464,0.466,0.174,0.1,0.333,-0.145,0.204,0.047,0.028,-0.21,0.438,-0.444,0.151,-0.285,-0.13,0.23,-0.027,-0.117,0.249,0.16,-0.107,-0.253,-0.088,-0.312,0.308,0.255,0.098,-0.158,0.017,0.169,-0.059,0.001,-0.26,0.08,0.384,0.228,-0.236,0.392,0.401,0.337,0.225,0.2,-0.357,-0.304,-0.051,0.207,0.216,-0.137,0.099,-0.221,-0.036,-0.344,0.291,0.061,-0.093,-0.112,0.526,-0.12,0.2,0.225,-0.132,0.41,0.253,-0.452,-0.092,-0.238,0.318,0.17,0.332,0.252,-0.318,0.351,0.228,-0.155,0.205,-0.2,-0.039,0.265,0.341,-0.246,0.193,-0.329,0.379,0.153,-0.179,0.353,-0.247,0.274,0.667,-0.274,0.31,0.328,0.31,0.086,-0.228,-0.108,0.103,-0.192,0.406,0.045,-0.06,-0.217,-0.382,0.334,0.204,-0.269,-0.374,0.099,0.327,-0.006,0.53,0.244,0.207,-0.206,0.042,0.544,0.124,-0.062,0.174,0.396,0.434,0.268
AMGN,-0.323,0.27,-0.659,0.517,0.316,-0.177,-0.472,0.343,0.396,0.304,-0.712,0.078,1.0,-0.396,0.064,0.77,0.259,-0.174,-0.673,-0.627,0.354,-0.433,0.619,-0.532,-0.287,-0.132,-0.514,-0.156,0.266,-0.688,-0.324,-0.663,-0.708,-0.559,0.803,-0.689,-0.224,0.803,0.413,-0.507,0.701,-0.178,-0.465,-0.546,0.456,0.403,-0.458,0.351,0.308,0.401,-0.247,-0.515,-0.611,0.613,0.365,0.389,-0.593,-0.551,-0.557,0.273,-0.622,-0.471,-0.118,0.687,0.627,-0.652,-0.305,0.26,-0.624,-0.683,0.821,-0.494,-0.233,-0.586,0.317,-0.351,-0.119,0.769,0.115,0.088,0.713,0.586,0.004,-0.696,0.171,-0.292,-0.632,-0.587,-0.171,-0.623,-0.295,-0.492,-0.611,-0.206,0.452,0.687,0.512,-0.758,-0.515,0.062,-0.671,-0.465,0.384,0.349,0.63,-0.426,-0.511,-0.595,-0.682,-0.295,-0.575,0.62,0.128,-0.168,-0.657,0.338,0.581,0.107,0.415,-0.35,-0.526,-0.577,-0.694,-0.13,-0.265,-0.53,0.542,-0.568,-0.608,-0.547,-0.329,-0.598,-0.348,-0.408,0.439,-0.406,-0.213,0.726,-0.66,-0.226,0.304,0.237,0.152,-0.377,0.221,0.678,-0.532,-0.123,-0.542,0.587,0.335,-0.719,0.282,-0.551,-0.593,0.424,0.041,-0.41,-0.603,-0.581,0.529,-0.348,-0.569,-0.218,-0.544,0.388,-0.041,-0.628,0.728,-0.454,0.403,-0.058,-0.608,-0.498,-0.357,-0.576,-0.038,-0.542,0.255,0.406,-0.64,0.573,0.422,-0.478,-0.337,0.445,0.607,-0.652,0.518,0.244,-0.282,-0.537,0.268,0.425,0.583,-0.133,0.317,0.151,0.386,-0.276
AMZN,0.115,-0.209,0.428,-0.194,-0.446,0.09,0.086,-0.504,-0.054,0.017,0.359,-0.106,-0.396,1.0,-0.622,-0.621,-0.58,0.341,0.654,0.534,-0.189,0.461,-0.592,0.126,-0.004,-0.347,0.232,-0.3,-0.493,0.275,-0.275,0.138,0.52,0.522,-0.481,0.161,-0.33,-0.568,-0.632,0.735,-0.502,0.593,0.589,0.465,-0.556,-0.462,0.707,-0.189,-0.399,-0.118,0.671,0.661,0.631,-0.643,-0.526,-0.363,0.187,0.22,0.358,-0.541,0.633,0.818,-0.419,-0.747,-0.398,0.18,0.633,-0.516,0.607,0.464,-0.593,0.125,0.496,0.077,-0.558,-0.072,-0.256,-0.643,-0.203,-0.18,-0.606,-0.471,-0.404,0.275,-0.504,-0.164,0.188,0.767,-0.367,0.285,-0.21,0.641,0.455,-0.152,-0.533,-0.437,-0.501,0.377,0.214,0.25,0.427,0.688,-0.449,-0.501,-0.226,0.95,0.172,0.347,0.206,0.402,0.344,-0.574,-0.241,0.484,0.428,-0.559,-0.478,0.005,-0.568,0.138,0.588,0.413,0.486,0.441,-0.202,0.668,-0.6,0.364,0.515,0.11,0.014,0.595,0.082,-0.017,-0.476,-0.093,0.225,-0.419,0.542,-0.37,-0.312,0.339,0.383,-0.135,-0.529,-0.467,0.011,-0.492,0.123,-0.331,-0.505,0.409,-0.044,0.681,0.446,-0.34,-0.184,0.446,0.338,0.324,-0.512,-0.296,0.562,-0.173,0.474,-0.035,-0.289,0.522,-0.505,-0.14,-0.298,-0.227,0.274,0.76,-0.127,0.252,-0.444,-0.019,-0.592,-0.274,0.444,-0.609,-0.637,0.117,0.568,-0.327,-0.591,0.391,-0.389,-0.196,0.203,0.575,-0.372,-0.284,-0.578,0.045,-0.134,-0.462,-0.451,0.182
APA,0.061,0.157,-0.176,-0.018,0.426,-0.01,0.279,0.591,-0.06,-0.11,-0.018,-0.057,0.064,-0.622,1.0,0.407,0.603,-0.218,-0.278,-0.273,-0.034,-0.5,0.561,0.198,0.192,0.313,-0.135,0.28,0.399,0.003,0.563,0.136,-0.264,-0.262,0.345,0.318,0.619,0.338,0.554,-0.514,0.326,-0.59,-0.263,-0.338,0.451,0.532,-0.535,0.217,0.34,-0.094,-0.618,-0.389,-0.339,0.442,0.391,0.213,0.158,0.286,-0.186,0.534,-0.424,-0.452,0.626,0.478,0.249,0.163,-0.462,0.566,-0.297,-0.029,0.38,0.053,-0.492,0.139,0.565,0.153,0.373,0.385,0.209,0.209,0.44,0.385,0.631,0.043,0.651,0.555,0.015,-0.424,0.157,0.083,0.267,-0.486,-0.299,0.3,0.564,0.273,0.425,-0.241,0.135,0.007,-0.252,-0.304,0.314,0.424,0.115,-0.587,0.363,-0.283,0.136,-0.365,-0.143,0.503,-0.007,-0.348,-0.223,0.462,0.164,-0.189,0.459,0.1,-0.38,-0.079,-0.314,-0.302,0.388,-0.476,0.542,-0.132,-0.424,0.293,0.242,-0.541,-0.035,0.408,0.264,0.39,-0.208,0.084,-0.266,0.304,0.115,-0.35,-0.492,0.52,0.571,0.192,0.2,0.621,0.305,0.261,0.512,-0.179,-0.109,-0.417,-0.175,0.098,0.021,-0.27,-0.219,0.122,0.345,0.428,-0.267,0.386,-0.292,-0.016,0.2,-0.184,0.186,0.185,0.325,0.099,0.028,-0.467,0.187,0.218,0.395,0.276,0.688,0.295,-0.102,0.455,0.603,0.304,-0.415,0.332,0.501,-0.135,0.051,0.092,-0.229,-0.424,0.405,0.156,0.571,0.137,0.101,0.576,0.378,-0.118
APPS,-0.165,0.472,-0.573,0.491,0.537,-0.24,-0.452,0.527,0.348,0.353,-0.624,0.137,0.77,-0.621,0.407,1.0,0.471,-0.092,-0.714,-0.708,0.447,-0.378,0.849,-0.333,-0.099,0.043,-0.55,0.115,0.408,-0.62,-0.063,-0.495,-0.8,-0.622,0.845,-0.503,0.017,0.885,0.575,-0.735,0.741,-0.328,-0.621,-0.56,0.695,0.672,-0.682,0.307,0.533,0.404,-0.398,-0.651,-0.725,0.663,0.625,0.66,-0.485,-0.406,-0.631,0.528,-0.77,-0.677,0.026,0.807,0.747,-0.595,-0.57,0.434,-0.775,-0.702,0.81,-0.421,-0.432,-0.48,0.533,-0.144,0.022,0.814,0.333,0.311,0.946,0.737,0.218,-0.605,0.35,-0.055,-0.531,-0.77,0.117,-0.573,-0.157,-0.671,-0.696,-0.118,0.553,0.745,0.669,-0.706,-0.503,0.056,-0.607,-0.539,0.597,0.493,0.545,-0.682,-0.347,-0.515,-0.555,-0.359,-0.613,0.866,0.388,-0.212,-0.627,0.384,0.683,0.177,0.576,-0.397,-0.646,-0.676,-0.733,-0.165,-0.065,-0.711,0.719,-0.516,-0.695,-0.46,-0.143,-0.684,-0.356,-0.262,0.583,-0.206,-0.197,0.595,-0.741,0.001,0.477,0.092,-0.167,-0.289,0.469,0.822,-0.308,0.158,-0.451,0.706,0.532,-0.644,0.305,-0.762,-0.657,0.533,0.188,-0.455,-0.704,-0.613,0.748,-0.168,-0.72,-0.027,-0.602,0.457,0.186,-0.743,0.714,-0.291,0.513,0.087,-0.594,-0.702,-0.228,-0.538,0.259,-0.314,0.492,0.264,-0.624,0.614,0.583,-0.436,-0.617,0.508,0.684,-0.583,0.636,0.342,-0.164,-0.583,0.229,0.47,0.705,-0.128,0.315,0.359,0.629,-0.215
ARCC,0.164,0.397,-0.192,0.171,0.349,-0.031,-0.054,0.574,-0.06,-0.04,-0.284,0.273,0.259,-0.58,0.603,0.471,1.0,-0.092,-0.393,-0.295,0.212,-0.309,0.371,0.061,0.186,0.246,-0.162,0.339,0.59,-0.067,0.38,0.019,-0.3,-0.231,0.357,-0.132,0.506,0.416,0.642,-0.562,0.224,-0.537,-0.411,-0.279,0.659,0.559,-0.67,0.053,0.45,0.175,-0.488,-0.512,-0.539,0.663,0.53,0.173,0.188,-0.076,-0.025,0.58,-0.484,-0.487,0.38,0.436,0.224,-0.108,-0.472,0.725,-0.318,-0.244,0.496,0.234,-0.104,-0.066,0.626,0.406,0.399,0.516,0.58,0.575,0.492,0.312,0.699,-0.112,0.73,0.381,-0.064,-0.442,0.234,-0.234,0.212,-0.596,-0.305,0.174,0.505,0.21,0.462,-0.299,-0.118,-0.287,-0.217,-0.356,0.407,0.478,0.135,-0.591,0.087,-0.232,-0.02,-0.278,-0.24,0.442,0.338,-0.055,-0.242,0.491,0.318,0.16,0.656,-0.138,-0.375,-0.306,-0.469,-0.394,0.359,-0.486,0.411,-0.11,-0.265,-0.105,0.283,-0.357,0.047,0.281,0.457,0.195,-0.028,0.305,-0.45,0.368,0.402,-0.436,-0.382,0.026,0.805,0.324,0.382,0.571,-0.085,0.46,0.71,-0.227,0.136,-0.416,-0.014,0.361,0.35,-0.167,-0.127,-0.26,0.428,0.355,-0.386,0.219,-0.157,0.164,0.477,-0.298,0.381,0.147,0.418,0.096,-0.159,-0.456,0.068,-0.14,0.38,0.19,0.491,-0.044,-0.274,0.768,0.56,-0.043,-0.562,0.297,0.58,-0.215,0.252,0.3,0.073,-0.354,0.297,0.329,0.592,0.02,0.231,0.809,0.676,0.05
ARDX,0.308,-0.024,0.285,0.303,-0.003,0.41,-0.208,-0.082,0.359,0.513,0.14,0.122,-0.174,0.341,-0.218,-0.092,-0.092,1.0,0.261,0.251,0.261,0.33,-0.326,0.333,0.404,-0.278,-0.127,-0.162,0.054,0.14,0.064,0.176,0.04,0.315,-0.063,-0.023,-0.12,-0.071,-0.003,0.193,-0.21,0.381,0.218,0.432,0.021,0.043,0.257,-0.118,0.299,0.361,0.532,0.315,0.084,-0.23,0.006,0.015,0.148,-0.001,0.164,-0.115,0.139,0.342,-0.307,-0.297,-0.122,-0.019,0.046,-0.029,0.205,0.3,-0.19,0.218,0.381,-0.151,-0.13,0.366,0.397,-0.174,0.151,0.182,0.001,0.108,-0.201,0.226,-0.236,0.03,0.309,0.237,-0.223,-0.108,-0.338,0.296,0.153,-0.382,-0.053,-0.124,0.121,0.212,-0.052,0.326,0.408,0.241,-0.163,0.148,-0.081,0.177,0.121,0.383,0.172,0.249,-0.047,-0.116,0.239,0.64,0.333,-0.099,0.068,0.697,-0.012,0.01,0.32,0.117,0.074,0.416,0.071,0.306,-0.187,0.289,0.194,-0.245,0.423,0.257,0.241,-0.12,0.248,-0.155,0.491,-0.007,0.053,-0.228,0.229,0.215,0.259,-0.16,-0.045,-0.16,0.072,-0.156,-0.277,0.258,0.167,0.328,0.463,0.345,0.367,0.21,0.271,0.427,0.271,-0.065,-0.032,0.086,0.217,0.025,0.187,0.476,0.237,-0.018,0.076,-0.159,0.041,-0.165,0.003,0.205,-0.188,-0.093,-0.262,0.146,-0.354,-0.506,0.16,-0.219,-0.279,-0.231,0.145,0.057,-0.226,0.308,0.113,0.462,0.465,0.377,-0.227,-0.113,-0.291,0.336,0.305,-0.13,0.148,0.509
ATER,0.065,-0.445,0.811,-0.46,-0.479,0.255,0.498,-0.473,-0.426,-0.303,0.761,-0.18,-0.673,0.654,-0.278,-0.714,-0.393,0.261,1.0,0.751,-0.411,0.393,-0.558,0.574,0.205,-0.069,0.435,-0.212,-0.381,0.706,0.288,0.694,0.688,0.622,-0.628,0.619,0.072,-0.674,-0.515,0.564,-0.732,0.171,0.574,0.621,-0.575,-0.46,0.479,-0.216,-0.472,-0.335,0.47,0.703,0.663,-0.665,-0.615,-0.443,0.556,0.36,0.674,-0.536,0.57,0.714,-0.091,-0.635,-0.513,0.675,0.494,-0.447,0.784,0.709,-0.522,0.595,0.436,0.441,-0.41,0.251,0.14,-0.689,-0.333,-0.324,-0.647,-0.669,-0.155,0.758,-0.35,0.091,0.643,0.757,-0.114,0.555,0.063,0.581,0.652,0.091,-0.61,-0.68,-0.565,0.708,0.62,-0.08,0.792,0.718,-0.538,-0.363,-0.689,0.701,0.536,0.488,0.623,0.149,0.491,-0.575,-0.206,0.142,0.832,-0.395,-0.716,-0.189,-0.652,0.353,0.741,0.74,0.584,0.307,0.261,0.705,-0.486,0.611,0.689,0.494,0.355,0.589,0.317,0.35,-0.509,0.343,0.273,-0.646,0.624,-0.05,-0.425,0.016,0.039,0.304,-0.437,-0.549,0.377,0.026,0.487,-0.573,-0.495,0.832,-0.243,0.573,0.619,-0.49,-0.222,0.282,0.582,0.716,-0.653,0.146,0.773,0.071,0.627,-0.271,-0.246,0.699,-0.683,0.22,-0.465,-0.255,0.685,0.637,0.152,0.632,-0.346,0.308,-0.309,-0.257,0.744,-0.554,-0.478,0.489,0.455,-0.579,-0.586,0.756,-0.668,-0.271,0.25,0.648,-0.322,-0.437,-0.54,0.029,-0.217,-0.32,-0.423,0.316
ATOS,0.163,-0.535,0.799,-0.507,-0.457,0.322,0.508,-0.459,-0.308,-0.236,0.65,-0.342,-0.627,0.534,-0.273,-0.708,-0.295,0.251,0.751,1.0,-0.413,0.379,-0.578,0.56,0.145,-0.106,0.459,-0.238,-0.397,0.74,0.134,0.686,0.74,0.837,-0.645,0.603,0.063,-0.622,-0.618,0.68,-0.676,0.166,0.626,0.595,-0.597,-0.478,0.528,-0.269,-0.483,-0.373,0.456,0.645,0.707,-0.718,-0.59,-0.514,0.448,0.35,0.821,-0.618,0.593,0.62,-0.006,-0.589,-0.588,0.775,0.418,-0.405,0.742,0.708,-0.529,0.557,0.502,0.419,-0.483,0.226,0.167,-0.711,-0.417,-0.396,-0.642,-0.616,-0.18,0.771,-0.377,0.084,0.642,0.714,-0.24,0.604,0.107,0.67,0.745,0.07,-0.462,-0.601,-0.616,0.613,0.617,-0.014,0.755,0.747,-0.598,-0.389,-0.68,0.606,0.442,0.557,0.678,0.271,0.583,-0.69,-0.24,0.137,0.817,-0.43,-0.668,-0.195,-0.602,0.33,0.796,0.756,0.618,0.217,0.115,0.719,-0.576,0.687,0.659,0.519,0.269,0.556,0.326,0.254,-0.585,0.286,0.229,-0.628,0.656,-0.082,-0.421,0.056,0.052,0.359,-0.44,-0.537,0.277,0.012,0.531,-0.585,-0.435,0.802,-0.243,0.628,0.666,-0.487,-0.097,0.372,0.677,0.683,-0.756,0.189,0.749,0.008,0.82,-0.44,-0.32,0.741,-0.741,0.238,-0.482,-0.247,0.712,0.623,0.138,0.554,-0.393,0.366,-0.297,-0.297,0.737,-0.541,-0.489,0.497,0.504,-0.518,-0.563,0.625,-0.696,-0.262,0.171,0.747,-0.294,-0.497,-0.606,0.158,-0.133,-0.355,-0.577,0.229
AUPH,-0.011,0.559,-0.449,0.726,0.377,-0.039,-0.572,0.119,0.582,0.557,-0.463,0.128,0.354,-0.189,-0.034,0.447,0.212,0.261,-0.411,-0.413,1.0,-0.019,0.063,-0.197,0.223,-0.138,-0.438,0.097,0.254,-0.445,-0.161,-0.45,-0.541,-0.29,0.49,-0.515,-0.213,0.35,0.483,-0.494,0.4,0.195,-0.388,-0.113,0.719,0.364,-0.36,-0.017,0.573,0.734,0.039,-0.178,-0.523,0.308,0.457,0.481,-0.479,-0.427,-0.441,0.313,-0.454,-0.346,-0.43,0.265,0.336,-0.59,-0.455,0.133,-0.49,-0.391,0.219,-0.322,-0.017,-0.482,0.189,0.121,0.084,0.413,0.488,0.485,0.518,0.504,-0.13,-0.479,-0.078,-0.255,-0.404,-0.465,0.003,-0.55,-0.344,-0.084,-0.555,-0.404,0.234,0.494,0.57,-0.452,-0.574,0.197,-0.343,-0.528,0.444,0.293,0.32,-0.341,-0.435,-0.057,-0.378,0.124,-0.437,0.462,0.526,0.29,-0.359,-0.078,0.566,0.548,0.582,-0.592,-0.275,-0.526,-0.419,-0.068,-0.256,-0.283,0.19,-0.412,-0.384,-0.629,0.024,-0.272,-0.125,-0.548,0.603,-0.527,0.247,0.507,-0.586,-0.109,0.941,0.106,0.148,-0.545,0.252,0.253,-0.225,-0.12,-0.619,0.54,0.571,-0.388,0.737,-0.252,-0.391,0.945,0.41,0.011,-0.376,-0.593,0.502,-0.345,-0.335,-0.137,-0.328,0.633,0.273,-0.494,0.443,-0.348,0.351,-0.097,-0.55,-0.502,-0.286,-0.573,0.034,-0.328,-0.153,-0.327,-0.535,0.275,0.112,-0.603,-0.364,0.317,0.267,-0.298,0.532,0.827,0.287,-0.332,-0.226,0.098,0.256,-0.194,0.304,0.087,0.467,0.145
AVGO,0.302,0.085,0.338,-0.036,0.01,0.033,-0.046,-0.329,-0.324,0.204,0.455,0.315,-0.433,0.461,-0.5,-0.378,-0.309,0.33,0.393,0.379,-0.019,1.0,-0.506,0.193,0.335,0.168,0.481,0.186,-0.157,0.31,-0.085,0.2,0.434,0.521,-0.419,0.108,-0.119,-0.475,-0.31,0.437,-0.437,0.574,0.352,0.61,-0.212,-0.312,0.341,-0.039,0.018,0.087,0.586,0.444,0.299,-0.471,-0.122,-0.019,0.226,0.152,0.422,-0.151,0.471,0.351,-0.388,-0.382,-0.251,0.088,0.337,-0.25,0.225,0.351,-0.517,0.228,0.549,0.383,-0.436,0.171,-0.118,-0.376,0.065,0.085,-0.317,-0.252,-0.183,0.215,-0.427,0.011,0.167,0.376,0.231,0.055,0.239,0.397,0.311,0.115,-0.545,-0.431,-0.326,0.632,0.149,0.164,0.369,0.348,-0.021,-0.352,-0.446,0.42,0.209,0.694,0.294,0.435,0.395,-0.397,0.421,0.435,0.332,-0.525,0.004,0.203,-0.297,0.054,0.435,0.222,0.553,0.461,-0.048,0.563,-0.44,0.428,0.635,-0.056,0.294,0.708,0.132,-0.242,-0.017,-0.094,0.39,-0.349,0.524,0.08,-0.014,0.009,0.034,-0.229,-0.311,-0.207,0.331,-0.151,-0.089,-0.158,-0.324,0.345,0.168,0.325,0.347,-0.103,0.423,0.268,0.443,0.079,-0.207,-0.089,0.343,0.059,0.512,0.042,0.272,0.312,-0.349,0.396,-0.036,-0.093,0.162,0.372,0.222,0.096,0.138,0.146,-0.458,-0.496,0.278,-0.306,-0.483,-0.061,0.035,-0.288,-0.391,0.523,0.006,-0.006,0.527,0.601,-0.564,-0.059,-0.527,-0.169,-0.173,-0.185,-0.09,0.408
AZN,-0.173,0.277,-0.431,0.091,0.389,-0.302,-0.173,0.544,0.115,0.103,-0.455,-0.063,0.619,-0.592,0.561,0.849,0.371,-0.326,-0.558,-0.578,0.063,-0.506,1.0,-0.206,-0.218,0.095,-0.4,0.081,0.265,-0.425,0.034,-0.306,-0.58,-0.544,0.705,-0.218,0.145,0.758,0.406,-0.602,0.658,-0.455,-0.463,-0.618,0.464,0.535,-0.577,0.386,0.227,-0.016,-0.524,-0.617,-0.541,0.555,0.414,0.538,-0.323,-0.167,-0.503,0.42,-0.616,-0.628,0.255,0.735,0.68,-0.326,-0.433,0.401,-0.636,-0.551,0.763,-0.343,-0.537,-0.27,0.495,-0.271,-0.03,0.638,0.129,0.099,0.769,0.594,0.283,-0.391,0.416,0.083,-0.387,-0.614,0.064,-0.338,0.028,-0.661,-0.539,0.099,0.476,0.633,0.431,-0.595,-0.204,0.032,-0.529,-0.366,0.47,0.318,0.454,-0.571,-0.122,-0.608,-0.37,-0.456,-0.412,0.782,0.075,-0.431,-0.503,0.396,0.382,-0.207,0.379,-0.157,-0.552,-0.412,-0.6,-0.187,0.07,-0.682,0.731,-0.417,-0.603,-0.149,-0.218,-0.645,-0.382,0.011,0.26,0.055,-0.392,0.365,-0.532,0.024,0.094,0.076,-0.3,0.04,0.37,0.735,-0.279,0.22,-0.122,0.462,0.311,-0.509,-0.116,-0.677,-0.56,0.136,-0.077,-0.467,-0.646,-0.305,0.531,-0.073,-0.627,0.072,-0.506,0.19,-0.0,-0.558,0.511,-0.164,0.407,0.11,-0.367,-0.549,-0.093,-0.244,0.245,-0.22,0.584,0.501,-0.418,0.493,0.612,-0.118,-0.499,0.46,0.596,-0.502,0.371,-0.048,-0.395,-0.534,0.353,0.349,0.72,-0.033,0.18,0.326,0.361,-0.357
BCRX,0.238,-0.116,0.61,-0.421,0.037,0.291,0.394,0.124,-0.313,0.024,0.552,-0.196,-0.532,0.126,0.198,-0.333,0.061,0.333,0.574,0.56,-0.197,0.193,-0.206,1.0,0.525,0.272,0.406,0.138,0.086,0.584,0.634,0.653,0.432,0.444,-0.289,0.588,0.461,-0.343,0.005,0.128,-0.386,-0.077,0.371,0.265,-0.093,-0.059,0.022,-0.143,-0.065,-0.336,0.103,0.206,0.266,-0.243,-0.139,-0.166,0.465,0.566,0.577,0.002,0.216,0.249,0.222,-0.193,-0.361,0.618,0.04,0.183,0.367,0.618,-0.175,0.679,0.175,0.454,0.071,0.567,0.488,-0.29,0.042,0.047,-0.225,-0.129,0.281,0.65,0.122,0.45,0.561,0.349,0.159,0.398,0.359,0.195,0.35,0.252,-0.169,-0.322,-0.259,0.524,0.454,0.056,0.535,0.358,-0.079,0.089,-0.518,0.102,0.628,0.324,0.776,-0.085,0.473,-0.227,0.052,0.053,0.592,-0.069,-0.279,-0.029,-0.09,0.178,0.454,0.493,0.314,-0.014,0.629,0.248,-0.23,0.443,0.46,0.422,0.461,0.281,0.374,0.452,-0.183,0.488,0.067,-0.486,0.276,0.217,-0.143,-0.231,-0.289,0.414,0.09,-0.249,0.475,0.416,0.429,-0.277,0.016,0.616,-0.201,0.236,0.497,-0.257,0.06,0.246,0.417,0.509,-0.317,0.401,0.325,0.361,0.456,-0.181,0.135,0.367,-0.386,0.411,-0.02,0.044,0.462,0.214,0.316,0.473,0.145,0.499,0.089,-0.182,0.476,-0.055,-0.067,0.413,0.001,-0.187,-0.196,0.574,-0.386,-0.096,0.153,0.326,-0.102,-0.265,-0.069,0.179,-0.178,0.156,-0.056,0.201
BGC,0.078,0.19,0.201,0.116,0.33,0.234,0.105,0.166,-0.094,0.226,0.383,0.162,-0.287,-0.004,0.192,-0.099,0.186,0.404,0.205,0.145,0.223,0.335,-0.218,0.525,1.0,0.17,0.132,0.172,0.261,0.321,0.413,0.324,0.177,0.235,-0.008,0.197,0.349,-0.199,0.298,-0.078,-0.042,0.102,0.165,0.301,0.249,-0.009,-0.234,-0.168,0.368,0.145,0.184,0.16,-0.049,-0.014,0.184,0.004,0.269,0.236,0.199,0.268,-0.048,0.043,-0.052,-0.084,-0.268,0.166,-0.12,0.278,0.054,0.326,-0.187,0.285,0.114,0.237,0.124,0.493,0.398,-0.039,0.261,0.285,0.044,0.138,0.248,0.292,0.06,0.279,0.221,0.043,0.133,0.015,0.117,0.062,0.032,-0.017,0.037,0.018,0.121,0.294,0.136,0.231,0.213,-0.028,0.243,0.217,-0.244,-0.073,0.486,0.315,0.375,-0.046,0.095,-0.069,0.306,0.303,0.215,-0.098,0.149,0.317,0.211,-0.061,0.161,0.172,0.043,0.152,0.328,0.17,-0.179,0.188,0.185,0.072,0.644,0.157,0.264,0.021,0.268,0.096,0.364,-0.172,0.072,0.199,0.288,-0.31,-0.209,0.071,0.176,-0.188,0.344,0.431,0.024,0.069,0.31,0.238,0.252,0.084,0.143,0.205,0.39,0.053,0.223,0.166,0.078,0.19,0.161,0.408,0.131,0.125,0.43,0.032,-0.037,0.24,0.266,-0.117,0.128,-0.085,0.22,0.244,0.263,0.191,-0.051,-0.3,0.188,0.128,0.065,0.044,-0.263,-0.079,-0.011,0.429,-0.071,0.378,0.315,0.116,-0.19,0.007,-0.004,-0.078,-0.038,0.234,0.258,0.453
BIDU,0.129,0.282,-0.024,-0.211,0.301,-0.029,0.137,0.334,-0.455,-0.111,0.181,0.29,-0.132,-0.347,0.313,0.043,0.246,-0.278,-0.069,-0.106,-0.138,0.168,0.095,0.272,0.17,1.0,0.639,0.666,0.376,0.134,0.402,0.132,0.122,-0.098,-0.055,0.159,0.475,-0.052,0.278,-0.262,-0.099,-0.262,-0.079,-0.046,0.12,0.17,-0.342,0.099,0.229,-0.187,-0.32,-0.283,-0.136,0.218,0.286,-0.0,0.224,0.366,0.159,0.484,0.014,-0.179,0.314,0.29,-0.11,0.142,-0.185,0.362,-0.157,0.001,0.08,0.283,-0.028,0.65,0.295,0.307,0.123,0.189,0.255,0.24,0.08,-0.0,0.489,0.013,0.302,0.433,0.005,-0.191,0.578,0.089,0.824,-0.286,-0.07,0.82,-0.009,-0.165,-0.004,0.242,0.119,-0.317,-0.119,-0.22,0.363,0.249,-0.288,-0.333,0.227,0.197,0.277,-0.07,0.402,0.029,0.213,-0.3,-0.126,0.202,0.186,-0.187,0.18,0.136,-0.146,-0.079,0.328,-0.252,0.466,-0.132,0.002,-0.035,0.173,0.152,0.251,0.091,0.123,0.208,0.144,0.356,-0.112,-0.159,0.087,0.682,-0.005,-0.594,-0.397,0.077,0.351,0.181,0.47,0.453,0.167,-0.073,0.112,-0.075,-0.183,-0.362,0.04,-0.072,0.273,-0.22,0.146,0.024,0.172,0.224,-0.131,0.487,0.025,-0.264,0.452,0.189,-0.057,0.693,0.275,0.267,-0.025,-0.135,0.487,0.158,0.668,0.247,0.323,0.015,-0.078,0.361,0.196,0.129,-0.387,-0.01,0.245,0.025,0.11,-0.11,0.091,-0.088,0.037,0.308,0.26,-0.156,-0.245,0.468,0.27,-0.01
BILI,0.151,-0.132,0.456,-0.541,-0.132,0.113,0.395,-0.141,-0.624,-0.216,0.582,-0.006,-0.514,0.232,-0.135,-0.55,-0.162,-0.127,0.435,0.459,-0.438,0.481,-0.4,0.406,0.132,0.639,1.0,0.36,-0.023,0.483,0.228,0.389,0.679,0.471,-0.536,0.436,0.328,-0.629,-0.258,0.396,-0.547,0.096,0.553,0.299,-0.426,-0.393,0.218,-0.066,-0.238,-0.42,0.072,0.295,0.425,-0.346,-0.186,-0.327,0.484,0.545,0.626,-0.088,0.635,0.371,0.11,-0.326,-0.514,0.46,0.389,-0.143,0.431,0.53,-0.456,0.477,0.339,0.843,-0.279,0.263,-0.013,-0.392,-0.082,-0.075,-0.507,-0.484,0.094,0.375,-0.07,0.313,0.251,0.485,0.259,0.436,0.779,0.285,0.445,0.684,-0.409,-0.622,-0.558,0.612,0.396,-0.173,0.348,0.341,-0.164,-0.287,-0.565,0.298,0.456,0.549,0.574,0.275,0.86,-0.53,-0.064,-0.022,0.363,-0.247,-0.356,-0.244,-0.299,0.221,0.469,0.465,0.774,-0.059,0.295,0.429,-0.5,0.459,0.721,0.415,0.179,0.583,0.216,0.312,-0.369,0.377,-0.006,-0.544,0.645,0.459,-0.384,-0.299,-0.118,0.184,-0.131,-0.317,0.561,0.104,0.372,-0.489,-0.388,0.384,-0.333,0.232,0.51,-0.474,0.106,0.241,0.555,0.475,-0.383,0.083,0.431,0.394,0.56,-0.482,0.121,0.705,-0.554,0.662,-0.042,0.092,0.386,0.487,0.491,0.506,0.267,0.315,-0.103,-0.122,0.511,-0.171,-0.349,0.423,0.172,-0.277,-0.285,0.387,-0.429,-0.443,0.272,0.525,-0.205,-0.122,-0.299,-0.159,-0.485,0.031,-0.219,0.077
BKR,0.447,0.543,-0.171,-0.087,0.338,-0.125,-0.07,0.447,-0.267,-0.031,-0.035,0.465,-0.156,-0.3,0.28,0.115,0.339,-0.162,-0.212,-0.238,0.097,0.186,0.081,0.138,0.172,0.666,0.36,1.0,0.303,-0.073,0.295,-0.0,-0.051,-0.154,-0.065,0.013,0.422,-0.05,0.321,-0.332,-0.016,-0.158,-0.265,-0.165,0.319,0.181,-0.338,0.069,0.278,-0.043,-0.308,-0.374,-0.174,0.269,0.45,0.163,0.124,0.301,-0.022,0.551,-0.058,-0.325,0.207,0.307,0.01,-0.02,-0.289,0.391,-0.288,-0.091,-0.002,0.104,-0.081,0.372,0.293,0.457,0.049,0.241,0.535,0.52,0.168,0.176,0.41,-0.154,0.441,0.367,-0.045,-0.273,0.569,-0.113,0.62,-0.374,-0.113,0.576,0.115,-0.054,0.086,0.143,-0.137,-0.17,-0.2,-0.304,0.428,0.183,-0.1,-0.332,0.089,0.212,0.15,0.02,0.207,0.117,0.339,-0.094,-0.249,0.232,0.32,0.005,0.335,-0.055,-0.303,-0.299,0.168,-0.321,0.324,-0.29,0.085,-0.091,0.065,-0.071,0.066,0.054,-0.087,0.192,0.241,0.202,-0.105,-0.093,-0.07,0.701,0.236,-0.455,-0.508,-0.024,0.463,0.154,0.457,0.328,-0.046,0.043,0.279,-0.17,-0.029,-0.245,-0.074,0.166,0.324,-0.053,0.085,-0.187,0.34,0.134,-0.307,0.485,-0.056,-0.001,0.67,-0.069,-0.016,0.543,0.314,0.33,-0.145,-0.2,0.321,-0.065,0.678,0.29,0.199,-0.261,-0.273,0.358,0.233,-0.077,-0.491,0.155,0.316,-0.185,0.343,0.007,0.238,-0.157,-0.045,0.366,0.237,-0.067,-0.306,0.499,0.366,-0.022
BLDP,-0.052,0.438,-0.368,0.248,0.466,0.137,-0.151,0.685,0.052,0.234,-0.282,0.441,0.266,-0.493,0.399,0.408,0.59,0.054,-0.381,-0.397,0.254,-0.157,0.265,0.086,0.261,0.376,-0.023,0.303,1.0,-0.131,0.272,-0.112,-0.374,-0.412,0.446,-0.271,0.577,0.323,0.73,-0.521,0.301,-0.285,-0.266,-0.228,0.551,0.449,-0.554,0.084,0.591,0.226,-0.268,-0.456,-0.593,0.666,0.584,0.27,0.155,-0.043,-0.148,0.685,-0.428,-0.335,0.246,0.45,0.181,-0.246,-0.202,0.671,-0.279,-0.226,0.415,0.272,-0.132,-0.067,0.585,0.4,0.47,0.48,0.455,0.449,0.501,0.406,0.57,-0.209,0.561,0.284,-0.212,-0.362,0.359,-0.395,0.271,-0.452,-0.421,0.135,0.372,0.229,0.426,-0.247,-0.22,-0.186,-0.262,-0.553,0.559,0.517,0.282,-0.546,0.1,-0.206,0.088,-0.146,-0.275,0.405,0.402,0.069,-0.359,0.609,0.419,0.372,0.638,-0.096,-0.459,-0.345,-0.38,-0.091,0.54,-0.481,0.33,-0.257,-0.264,-0.278,0.339,-0.323,0.161,0.007,0.579,-0.06,-0.011,0.478,-0.45,0.371,0.407,-0.39,0.065,-0.079,0.691,0.331,0.318,0.43,-0.236,0.624,0.526,-0.303,0.208,-0.457,0.055,0.355,0.486,-0.165,-0.054,-0.349,0.56,0.137,-0.415,0.378,-0.367,0.232,0.555,-0.41,0.604,0.23,0.665,0.154,-0.341,-0.299,0.268,-0.238,0.552,0.054,0.329,0.021,-0.392,0.676,0.447,-0.197,-0.425,0.497,0.606,-0.134,0.331,0.368,0.075,-0.424,0.452,0.408,0.587,-0.129,0.246,0.685,0.669,0.146
BLNK,0.124,-0.444,0.745,-0.521,-0.411,0.345,0.641,-0.244,-0.47,-0.374,0.76,-0.074,-0.688,0.275,0.003,-0.62,-0.067,0.14,0.706,0.74,-0.445,0.31,-0.425,0.584,0.321,0.134,0.483,-0.073,-0.131,1.0,0.355,0.914,0.794,0.593,-0.608,0.638,0.381,-0.598,-0.332,0.396,-0.568,-0.037,0.516,0.508,-0.35,-0.404,0.275,-0.226,-0.372,-0.389,0.304,0.532,0.484,-0.496,-0.453,-0.51,0.723,0.376,0.709,-0.354,0.423,0.436,0.155,-0.474,-0.581,0.782,0.355,-0.132,0.692,0.664,-0.446,0.648,0.29,0.606,-0.262,0.305,0.327,-0.628,-0.302,-0.284,-0.577,-0.602,0.155,0.931,-0.145,0.299,0.791,0.553,0.006,0.544,0.315,0.498,0.689,0.245,-0.368,-0.568,-0.462,0.682,0.875,-0.192,0.775,0.567,-0.381,-0.254,-0.71,0.386,0.642,0.501,0.77,0.114,0.493,-0.552,-0.217,-0.008,0.824,-0.175,-0.631,-0.238,-0.42,0.516,0.692,0.743,0.499,0.221,0.422,0.539,-0.414,0.623,0.581,0.584,0.575,0.49,0.316,0.384,-0.383,0.436,0.176,-0.606,0.63,0.159,-0.361,-0.296,-0.151,0.525,-0.231,-0.505,0.485,0.379,0.653,-0.524,-0.295,0.84,-0.295,0.423,0.65,-0.428,-0.116,0.153,0.674,0.697,-0.549,0.44,0.734,0.36,0.608,-0.459,-0.105,0.634,-0.617,0.493,-0.326,-0.144,0.78,0.474,0.325,0.656,-0.138,0.473,-0.099,-0.185,0.725,-0.379,-0.164,0.625,0.246,-0.522,-0.376,0.751,-0.649,-0.228,0.109,0.555,-0.103,-0.33,-0.357,0.099,0.062,-0.078,-0.407,0.285
