,AAL,AAPL,ABUS,ADBE,ADI,ADMA,AEP,AGNC,AKBA,ALT,AMAT,AMD,AMGN,AMZN,APA,APPS,ARCC,ARDX,ATER,ATOS,AUPH,AVGO,AZN,BCRX,BGC,BIDU,BILI,BKR,BLDP,BLNK,BYND,CAN,CELH,CG,CGC,CHRD,CLNE,CMCSA,COMM,COST,CPB,CPRT,CRON,CRWD,CSCO,CSGP,CSX,CTSH,CZR,DBX,DDOG,DKNG,DLTR,DOCU,DVAX,DXCM,EA,EBAY,ENPH,ERIC,ESPR,ETSY,EXC,EXEL,EXPE,FANG,FAST,FITB,FLEX,FOLD,FOXA,FSLR,FTNT,FUTU,GEN,GERN,GEVO,GILD,GOOG,GOOGL,GPRO,GT,HBAN,HIVE,HON,HST,HUT,IBRX,INTC,IOVA,IQ,IRWD,JBLU,JD,KDP,KHC,LBTYK,LRCX,LYFT,MAR,MARA,MAT,MCHP,MCRB,MDLZ,META,MGNI,MLCO,MNKD,MNST,MOMO,MRNA,MRVL,MSFT,MSTR,MTCH,MU,MVIS,NDAQ,NFLX,NKTR,NNDM,NTES,NTNX,NVAX,NVDA,NWL,NWSA,NXPI,OCGN,OKTA,ON,OPK,PAA,PACB,PAGP,PANW,PARA,PCAR,PDD,PENN,PEP,PLUG,PTEN,PTON,PYPL,QCOM,QUBT,QVCGA,RDFN,REAL,RIOT,ROKU,ROST,RUN,SABR,SAVA,SBUX,SFIX,SGMO,SIRI,SLM,SMCI,SNDL,SONO,STNE,STX,TCOM,TGTX,TIGR,TLRY,TMUS,TRIP,TSCO,TSLA,TTD,TXN,UAL,UNIT,VERU,VKTX,VLY,VOD,VTRS,VXRT,WBA,WBD,WDAY,WDC,WEN,WW,WYNN,XEL,XP,XRAY,XRX,Z,ZION,ZM,ZS
AAL,1.0,0.322,0.022,0.285,0.35,0.392,0.489,0.58,-0.099,0.127,0.15,-0.237,0.413,0.221,-0.266,0.568,0.468,0.349,0.381,0.105,0.018,0.05,0.368,0.521,0.532,0.29,0.396,0.223,0.222,0.303,0.288,-0.365,0.399,-0.251,-0.011,-0.104,0.149,0.254,0.36,0.419,0.445,0.075,0.125,0.326,0.181,0.134,0.174,-0.051,-0.329,0.02,-0.518,-0.064,-0.212,0.15,-0.242,-0.113,-0.067,-0.115,0.252,0.629,0.374,-0.396,0.411,-0.315,-0.528,0.011,-0.466,0.507,0.221,-0.374,0.53,0.51,-0.548,0.367,0.214,0.052,0.495,-0.067,0.312,0.323,-0.198,0.335,0.5,-0.239,0.57,-0.502,0.36,0.177,-0.274,0.027,0.249,-0.362,0.037,0.404,0.466,-0.235,0.325,-0.102,-0.002,-0.244,0.486,0.571,0.239,0.136,0.361,0.187,0.199,0.32,0.356,0.248,0.504,0.308,0.086,0.268,0.219,-0.283,0.233,-0.197,0.443,0.18,0.222,-0.259,0.379,0.339,0.354,0.182,0.355,0.312,0.252,0.339,0.394,0.213,0.206,0.506,0.255,0.353,0.452,0.445,-0.321,0.438,-0.144,0.601,0.091,-0.042,0.403,-0.197,0.269,-0.068,-0.391,0.357,0.308,0.257,0.256,0.265,0.338,0.046,-0.208,-0.327,0.032,-0.048,0.152,0.555,-0.312,0.262,0.161,0.46,0.611,0.458,0.344,0.334,0.011,0.286,-0.506,0.354,0.041,0.228,0.393,0.713,-0.519,0.087,0.117,0.59,0.424,-0.014,-0.217,-0.05,0.066,-0.357,0.191,-0.17,0.41,0.063,0.744,0.181,-0.58,-0.154,-0.114,0.477,0.243,-0.143
AAPL,0.322,1.0,0.426,0.737,0.598,0.571,0.649,0.691,-0.093,0.14,0.588,-0.008,0.934,0.676,-0.516,0.699,0.543,0.878,0.673,0.513,0.434,0.426,0.659,0.627,0.692,0.764,0.704,-0.121,0.645,0.805,0.745,-0.209,0.705,-0.467,0.289,-0.221,0.551,-0.272,0.435,0.864,0.366,0.607,0.553,0.856,-0.209,0.391,-0.172,-0.039,-0.559,0.189,-0.443,0.656,-0.341,0.593,-0.245,-0.456,0.251,-0.158,0.336,0.447,0.603,-0.494,0.46,-0.514,-0.508,0.064,-0.14,0.586,0.402,-0.574,0.638,0.812,-0.596,0.71,0.24,0.305,0.506,-0.453,0.566,0.58,0.085,0.748,0.599,-0.508,0.506,-0.415,-0.143,0.594,-0.644,0.479,0.663,-0.39,-0.527,0.725,0.522,-0.531,0.407,0.217,0.352,-0.279,0.405,0.274,0.597,0.524,0.283,-0.214,0.542,0.769,0.627,0.719,0.64,0.805,0.571,0.325,0.069,-0.422,0.544,0.158,0.147,0.383,0.654,0.03,0.78,0.691,0.468,0.638,0.585,0.298,0.694,0.54,0.73,0.623,0.471,0.185,0.652,0.126,0.654,0.668,-0.476,0.731,-0.442,0.428,0.297,-0.399,0.782,0.235,0.826,0.277,-0.495,0.796,0.737,-0.018,0.184,0.122,0.711,0.36,0.272,-0.627,0.384,0.344,0.044,0.354,-0.061,0.687,0.001,0.707,0.596,0.79,0.669,0.782,0.469,0.226,-0.539,0.472,0.451,0.674,0.627,0.169,-0.502,0.442,0.652,0.217,0.297,0.312,-0.139,-0.392,-0.232,-0.317,0.545,-0.157,0.814,0.08,0.272,0.646,-0.655,-0.561,-0.047,0.703,0.485,0.135
ABUS,0.022,0.426,1.0,0.448,0.368,0.379,0.28,0.333,-0.031,0.319,0.711,0.528,0.359,0.587,-0.066,0.436,0.062,0.34,0.375,0.336,0.077,0.614,0.055,0.537,0.294,0.137,0.1,0.026,0.508,0.222,0.174,0.388,0.519,0.014,-0.085,0.273,0.471,-0.125,0.437,0.509,-0.193,0.347,0.34,0.52,0.218,0.062,0.415,0.252,0.094,-0.142,-0.375,0.584,0.16,0.291,-0.339,-0.075,-0.158,-0.01,0.169,0.098,0.203,-0.082,-0.059,-0.187,-0.484,0.296,0.053,0.164,0.418,-0.398,0.255,0.405,-0.395,0.093,0.352,-0.033,0.242,-0.047,0.088,0.084,-0.221,0.564,0.265,-0.377,0.312,-0.108,-0.303,0.07,-0.133,0.099,-0.054,-0.473,-0.052,0.132,-0.067,-0.373,0.275,0.604,0.472,0.271,0.078,0.057,0.21,0.1,-0.083,0.154,0.196,0.538,0.067,0.587,0.17,0.214,0.526,0.578,0.311,-0.361,0.718,-0.104,-0.057,0.711,0.406,-0.19,0.089,0.699,0.341,0.56,0.206,0.249,0.395,0.598,0.406,0.271,-0.037,0.061,0.233,0.017,0.247,-0.034,0.146,0.151,-0.194,0.016,0.396,0.075,0.497,-0.077,0.443,0.268,-0.316,0.478,0.232,-0.303,-0.08,0.492,0.461,0.03,-0.164,-0.176,0.304,0.296,0.16,-0.102,0.477,0.319,-0.102,0.281,0.372,0.233,0.338,0.122,0.165,-0.297,-0.563,-0.068,0.049,0.188,0.345,-0.231,-0.505,0.059,0.229,0.017,-0.018,-0.171,0.219,-0.363,0.085,-0.093,0.442,-0.502,0.231,0.354,0.03,0.441,-0.295,0.043,0.318,0.279,0.073,0.023
ADBE,0.285,0.737,0.448,1.0,0.507,0.434,0.599,0.579,0.18,0.329,0.613,0.151,0.67,0.76,-0.534,0.59,0.358,0.757,0.596,0.507,0.256,0.441,0.408,0.581,0.675,0.631,0.485,-0.112,0.57,0.659,0.605,-0.073,0.502,-0.364,0.135,-0.073,0.483,-0.201,0.331,0.741,0.17,0.611,0.412,0.704,-0.089,0.345,-0.027,0.079,-0.333,0.136,-0.475,0.497,-0.05,0.674,-0.04,-0.182,0.292,-0.338,0.426,0.419,0.526,-0.543,0.241,-0.411,-0.641,0.213,-0.364,0.536,0.42,-0.335,0.547,0.722,-0.659,0.504,0.074,0.193,0.457,-0.311,0.542,0.548,0.164,0.555,0.604,-0.47,0.396,-0.362,-0.021,0.432,-0.362,0.588,0.38,-0.177,-0.409,0.583,0.344,-0.533,0.481,0.32,0.413,-0.178,0.442,0.284,0.45,0.374,0.151,0.025,0.487,0.618,0.601,0.573,0.588,0.606,0.646,0.574,0.312,-0.338,0.602,0.328,0.302,0.571,0.537,0.066,0.528,0.67,0.312,0.704,0.417,0.266,0.583,0.443,0.713,0.514,0.34,0.136,0.494,0.083,0.615,0.51,-0.236,0.577,-0.483,0.304,0.368,-0.29,0.57,0.176,0.672,0.354,-0.232,0.578,0.5,0.011,0.245,0.249,0.663,0.024,0.226,-0.57,0.386,0.242,0.31,0.304,0.168,0.601,0.076,0.722,0.518,0.664,0.562,0.557,0.342,-0.035,-0.475,0.293,0.366,0.569,0.559,0.12,-0.676,0.423,0.54,0.312,0.268,0.355,0.006,-0.398,-0.078,-0.161,0.578,-0.222,0.587,0.27,0.259,0.643,-0.632,-0.382,-0.085,0.646,0.323,0.193
ADI,0.35,0.598,0.368,0.507,1.0,0.542,0.722,0.74,-0.275,0.003,0.693,0.161,0.551,0.498,-0.459,0.57,0.506,0.446,0.661,0.516,0.249,0.629,0.694,0.45,0.699,0.602,0.774,0.401,0.402,0.498,0.433,-0.084,0.616,-0.257,0.341,-0.114,0.618,-0.391,0.268,0.586,0.568,0.689,0.611,0.657,-0.154,0.825,-0.146,-0.275,-0.524,0.343,-0.256,0.304,-0.472,0.447,-0.353,-0.394,0.14,0.058,0.446,0.437,0.562,-0.375,0.433,-0.264,-0.488,0.217,-0.065,0.632,0.454,-0.538,0.537,0.614,-0.593,0.731,0.201,0.292,0.509,-0.405,0.63,0.619,-0.013,0.494,0.706,-0.357,0.556,-0.304,0.173,0.563,-0.582,0.266,0.684,-0.322,-0.545,0.71,0.729,-0.29,0.122,0.44,0.091,0.004,0.514,0.599,0.816,0.551,0.699,-0.294,0.549,0.584,0.591,0.425,0.635,0.602,0.656,0.254,-0.028,-0.513,0.541,0.065,0.034,0.306,0.541,-0.085,0.484,0.647,0.406,0.729,0.694,0.218,0.813,0.392,0.487,0.831,0.347,0.261,0.404,0.288,0.714,0.397,-0.467,0.676,-0.205,0.702,-0.024,-0.38,0.55,0.334,0.612,0.349,-0.657,0.525,0.624,0.378,0.295,-0.021,0.543,0.395,0.234,-0.471,0.139,0.229,-0.042,0.592,0.048,0.591,0.055,0.732,0.835,0.534,0.478,0.595,0.404,0.397,-0.439,0.685,0.678,0.724,0.961,0.287,-0.462,0.182,0.604,0.232,0.445,0.367,-0.402,-0.412,-0.361,-0.604,0.65,0.001,0.44,-0.075,0.381,0.274,-0.603,-0.539,0.098,0.719,0.655,0.292
ADMA,0.392,0.571,0.379,0.434,0.542,1.0,0.647,0.633,-0.355,0.171,0.406,-0.172,0.586,0.407,-0.47,0.611,0.664,0.387,0.738,0.255,0.196,0.32,0.439,0.564,0.495,0.473,0.553,0.111,0.516,0.632,0.44,-0.159,0.721,-0.352,0.235,-0.15,0.813,-0.125,0.286,0.694,0.441,0.298,0.561,0.641,-0.029,0.239,-0.043,-0.072,-0.387,0.327,-0.381,0.217,-0.281,0.327,-0.406,-0.45,0.026,0.014,0.037,0.445,0.511,-0.389,0.642,-0.49,-0.484,0.014,-0.207,0.573,0.199,-0.644,0.632,0.547,-0.589,0.521,0.788,0.152,0.466,-0.197,0.379,0.4,-0.102,0.61,0.572,-0.433,0.669,-0.391,-0.005,0.363,-0.533,0.225,0.428,-0.394,-0.383,0.554,0.403,-0.358,0.24,0.04,0.09,-0.168,0.298,0.315,0.306,0.409,0.346,-0.162,0.391,0.559,0.431,0.43,0.487,0.541,0.326,0.22,-0.001,-0.373,0.409,-0.161,0.081,0.284,0.658,-0.16,0.484,0.636,0.934,0.393,0.478,0.541,0.472,0.432,0.559,0.393,0.214,0.147,0.43,0.156,0.462,0.41,-0.42,0.51,-0.295,0.521,0.201,-0.306,0.622,-0.001,0.52,0.088,-0.54,0.723,0.614,0.003,0.091,0.114,0.514,0.44,-0.117,-0.423,0.116,0.627,-0.115,0.272,-0.218,0.46,0.004,0.515,0.686,0.607,0.502,0.557,0.293,0.279,-0.535,0.393,0.198,0.488,0.587,0.286,-0.525,0.117,0.425,0.256,0.542,0.063,-0.164,-0.212,0.01,-0.508,0.305,-0.126,0.539,0.03,0.415,0.166,-0.45,-0.463,-0.053,0.553,0.394,0.045
AEP,0.489,0.649,0.28,0.599,0.722,0.647,1.0,0.825,-0.3,0.124,0.43,-0.155,0.682,0.6,-0.554,0.679,0.664,0.524,0.684,0.361,0.434,0.333,0.744,0.504,0.784,0.672,0.67,0.253,0.407,0.569,0.426,-0.4,0.567,-0.357,0.591,-0.222,0.508,-0.262,0.286,0.739,0.736,0.534,0.73,0.603,-0.119,0.546,-0.212,-0.262,-0.508,0.31,-0.427,0.139,-0.561,0.417,-0.2,-0.478,0.131,0.006,0.134,0.632,0.603,-0.521,0.717,-0.38,-0.532,0.082,-0.259,0.84,0.288,-0.567,0.692,0.656,-0.68,0.669,0.254,0.447,0.667,-0.437,0.644,0.636,-0.039,0.585,0.858,-0.42,0.75,-0.472,0.261,0.587,-0.65,0.324,0.629,-0.295,-0.575,0.728,0.704,-0.237,0.203,-0.023,-0.048,-0.286,0.524,0.499,0.656,0.577,0.718,-0.315,0.502,0.618,0.695,0.401,0.783,0.658,0.454,0.167,0.019,-0.554,0.324,-0.028,0.126,0.184,0.617,-0.175,0.607,0.668,0.474,0.531,0.657,0.258,0.82,0.252,0.486,0.689,0.354,0.368,0.512,0.236,0.782,0.68,-0.492,0.696,-0.324,0.753,-0.068,-0.463,0.59,0.38,0.63,0.046,-0.684,0.595,0.69,0.337,0.326,0.015,0.528,0.451,0.219,-0.5,0.03,0.23,-0.022,0.59,-0.249,0.746,-0.021,0.7,0.725,0.53,0.708,0.646,0.579,0.577,-0.561,0.693,0.498,0.582,0.808,0.501,-0.538,0.419,0.674,0.455,0.519,0.425,-0.493,-0.346,-0.178,-0.597,0.436,0.081,0.54,-0.182,0.623,0.223,-0.734,-0.608,-0.15,0.769,0.569,0.037
AGNC,0.58,0.691,0.333,0.579,0.74,0.633,0.825,1.0,-0.227,0.167,0.544,-0.12,0.711,0.616,-0.555,0.71,0.62,0.62,0.623,0.416,0.396,0.374,0.752,0.57,0.737,0.677,0.719,0.136,0.525,0.626,0.536,-0.272,0.623,-0.419,0.374,-0.293,0.563,-0.186,0.414,0.696,0.645,0.551,0.578,0.674,-0.15,0.583,-0.152,-0.21,-0.53,0.198,-0.499,0.288,-0.467,0.441,-0.282,-0.416,0.151,-0.12,0.353,0.664,0.639,-0.564,0.56,-0.458,-0.627,0.024,-0.299,0.71,0.32,-0.477,0.647,0.701,-0.763,0.74,0.206,0.356,0.625,-0.375,0.672,0.685,0.028,0.62,0.788,-0.485,0.708,-0.471,0.242,0.614,-0.627,0.376,0.647,-0.317,-0.409,0.754,0.721,-0.435,0.337,0.133,0.084,-0.329,0.539,0.549,0.616,0.567,0.624,-0.132,0.549,0.59,0.621,0.461,0.766,0.678,0.493,0.326,0.022,-0.518,0.436,0.041,0.3,0.265,0.58,-0.156,0.608,0.71,0.479,0.582,0.739,0.261,0.736,0.398,0.524,0.685,0.442,0.38,0.59,0.293,0.734,0.613,-0.601,0.752,-0.375,0.728,0.061,-0.464,0.637,0.205,0.682,0.185,-0.656,0.64,0.675,0.318,0.343,0.037,0.638,0.381,0.144,-0.59,0.114,0.312,0.08,0.682,-0.21,0.644,0.06,0.764,0.805,0.646,0.711,0.677,0.449,0.479,-0.572,0.707,0.506,0.652,0.785,0.409,-0.613,0.424,0.626,0.508,0.507,0.292,-0.39,-0.438,-0.279,-0.575,0.575,-0.022,0.6,-0.11,0.546,0.408,-0.752,-0.504,-0.121,0.798,0.616,0.079
AKBA,-0.099,-0.093,-0.031,0.18,-0.275,-0.355,-0.3,-0.227,1.0,0.183,-0.083,0.198,-0.119,0.024,0.047,-0.15,-0.295,0.157,-0.293,0.091,-0.184,-0.179,-0.355,-0.031,-0.125,-0.214,-0.26,-0.243,-0.018,-0.019,0.132,0.03,-0.153,0.133,-0.229,0.145,-0.241,0.158,-0.083,-0.135,-0.429,0.014,-0.328,-0.119,-0.039,-0.224,0.097,0.172,0.216,0.025,0.023,0.053,0.369,0.186,0.511,0.245,0.462,-0.28,0.314,-0.076,0.032,-0.031,-0.343,0.186,0.037,0.113,-0.175,-0.269,0.154,0.581,-0.123,-0.043,0.11,-0.227,-0.314,-0.338,-0.237,0.126,-0.23,-0.242,0.292,-0.135,-0.23,0.133,-0.344,0.331,0.09,-0.275,0.309,0.209,-0.249,0.566,0.176,-0.279,-0.347,-0.038,0.329,0.063,0.212,0.141,0.044,-0.096,-0.182,0.017,-0.395,0.205,-0.04,-0.174,0.013,-0.062,-0.242,-0.164,0.079,0.173,0.395,0.402,-0.034,0.381,0.32,0.02,-0.302,0.367,-0.15,-0.18,-0.345,-0.068,-0.354,0.311,-0.267,-0.161,0.015,-0.322,0.036,-0.046,-0.004,-0.062,-0.076,-0.097,0.169,-0.214,-0.087,-0.395,0.457,0.27,-0.164,-0.057,-0.13,0.04,0.579,-0.087,-0.218,-0.098,0.003,0.1,0.131,-0.417,-0.071,0.121,0.243,-0.115,0.436,-0.154,0.118,-0.015,0.411,-0.074,-0.309,-0.054,-0.168,-0.228,-0.147,-0.387,0.316,-0.366,-0.242,0.035,-0.302,-0.149,-0.02,0.165,-0.206,0.035,-0.202,0.268,0.244,0.116,0.333,0.434,-0.108,-0.078,-0.093,0.419,-0.17,0.327,0.182,0.21,0.038,-0.208,-0.269,0.203
ALT,0.127,0.14,0.319,0.329,0.003,0.171,0.124,0.167,0.183,1.0,0.163,0.003,0.246,0.375,-0.261,0.281,-0.028,0.236,0.281,0.229,0.169,-0.037,-0.105,0.326,0.151,0.131,0.033,-0.148,0.371,0.151,0.14,0.193,0.268,-0.106,-0.111,0.119,0.099,0.134,0.402,0.235,-0.11,0.003,0.078,0.208,0.081,-0.182,0.401,0.351,0.182,-0.079,-0.265,0.171,0.409,0.207,0.11,0.161,0.134,-0.363,0.165,0.319,0.189,-0.286,-0.026,-0.217,-0.369,0.034,-0.171,0.145,0.076,0.061,0.291,0.26,-0.324,0.045,0.078,-0.186,0.165,0.05,-0.012,-0.02,0.053,0.329,0.272,-0.171,0.277,0.016,0.156,-0.062,0.101,0.189,-0.12,0.015,-0.012,0.071,-0.154,-0.36,0.425,0.094,0.516,0.126,0.123,0.209,-0.108,0.173,-0.176,0.341,0.227,0.294,0.164,0.24,0.171,0.164,0.145,0.432,0.412,0.013,0.273,-0.004,0.298,0.362,0.281,0.029,0.052,0.414,0.164,0.152,-0.043,0.379,0.068,0.223,0.357,-0.023,0.181,0.038,0.14,-0.028,0.065,0.152,0.085,0.164,-0.126,-0.117,0.498,0.028,0.212,-0.272,0.248,-0.139,0.056,0.302,0.099,-0.021,0.24,0.377,0.379,-0.058,-0.283,-0.184,0.293,0.304,0.296,0.078,-0.054,0.16,0.235,0.136,0.252,0.34,0.336,0.111,0.029,-0.142,-0.185,-0.215,-0.192,0.189,0.071,-0.049,-0.379,0.206,-0.085,0.531,0.15,-0.125,0.077,-0.133,0.247,0.222,0.229,-0.149,0.076,0.52,0.091,0.24,-0.25,0.034,-0.056,0.246,-0.105,0.064
AMAT,0.15,0.588,0.711,0.613,0.693,0.406,0.43,0.544,-0.083,0.163,1.0,0.548,0.489,0.662,-0.361,0.53,0.192,0.512,0.471,0.619,0.214,0.81,0.367,0.532,0.508,0.426,0.406,0.033,0.486,0.449,0.416,0.273,0.517,-0.18,0.06,0.047,0.61,-0.319,0.323,0.587,0.092,0.671,0.482,0.667,-0.036,0.49,0.182,-0.048,-0.269,0.032,-0.351,0.663,-0.166,0.562,-0.257,-0.221,0.07,-0.118,0.436,0.254,0.34,-0.337,0.027,-0.238,-0.599,0.287,0.083,0.403,0.47,-0.43,0.294,0.647,-0.603,0.375,0.126,0.161,0.336,-0.283,0.432,0.445,0.069,0.527,0.531,-0.493,0.356,-0.246,-0.152,0.356,-0.383,0.321,0.3,-0.371,-0.309,0.485,0.38,-0.453,0.256,0.81,0.435,0.183,0.248,0.211,0.536,0.306,0.185,-0.049,0.368,0.601,0.403,0.608,0.55,0.447,0.785,0.571,0.234,-0.414,0.881,0.119,0.045,0.68,0.622,-0.04,0.353,0.705,0.316,0.884,0.502,0.098,0.64,0.613,0.532,0.622,0.275,0.088,0.483,0.104,0.468,0.155,-0.209,0.438,-0.386,0.298,0.217,-0.275,0.491,0.157,0.654,0.491,-0.499,0.515,0.407,-0.041,0.064,0.173,0.599,0.099,0.17,-0.438,0.327,0.314,0.151,0.255,0.458,0.482,-0.072,0.678,0.581,0.41,0.443,0.381,0.333,-0.041,-0.476,0.372,0.426,0.474,0.657,0.001,-0.597,0.249,0.48,0.02,0.204,0.119,0.006,-0.448,-0.281,-0.35,0.702,-0.287,0.447,0.194,0.034,0.567,-0.563,-0.327,0.109,0.61,0.364,0.207
AMD,-0.237,-0.008,0.528,0.151,0.161,-0.172,-0.155,-0.12,0.198,0.003,0.548,1.0,-0.149,0.227,0.385,-0.124,-0.237,-0.027,-0.148,0.224,-0.199,0.678,-0.181,0.005,-0.031,-0.17,-0.257,0.195,-0.028,-0.199,-0.191,0.474,-0.055,0.553,-0.224,0.538,0.137,-0.102,0.019,-0.019,-0.38,0.38,-0.045,0.139,0.24,0.099,0.344,0.219,0.391,-0.066,0.096,0.438,0.213,0.076,-0.127,0.207,-0.154,0.274,0.384,-0.162,-0.214,0.32,-0.474,0.491,0.016,0.621,0.261,-0.204,0.578,-0.006,-0.292,0.07,0.046,-0.229,-0.024,-0.097,-0.148,0.124,-0.019,-0.019,-0.099,-0.026,-0.127,0.105,-0.126,0.359,-0.137,-0.13,0.214,-0.077,-0.209,-0.133,0.045,-0.199,-0.171,0.192,-0.022,0.746,0.234,0.626,-0.101,-0.108,0.197,-0.229,-0.152,0.164,-0.095,0.032,-0.19,0.229,-0.116,-0.189,0.473,0.436,0.452,-0.026,0.496,0.0,0.003,0.379,-0.082,0.001,-0.275,0.152,-0.164,0.426,-0.023,-0.079,0.064,0.107,-0.016,0.078,-0.13,0.047,-0.047,0.023,-0.027,-0.348,0.437,-0.204,0.172,-0.287,0.139,0.313,-0.053,0.11,0.036,0.346,0.032,-0.093,-0.199,-0.108,-0.08,0.389,-0.002,-0.181,0.07,0.349,0.135,-0.12,0.279,-0.143,0.786,-0.04,-0.008,0.015,-0.041,-0.199,-0.178,-0.249,-0.045,-0.435,-0.029,-0.061,0.056,-0.132,0.044,-0.261,-0.072,-0.203,0.035,-0.256,-0.197,-0.109,0.281,-0.037,0.099,0.214,0.355,-0.169,-0.145,0.319,-0.246,0.18,0.134,0.193,0.536,-0.141,-0.127,0.241
AMGN,0.413,0.934,0.359,0.67,0.551,0.586,0.682,0.711,-0.119,0.246,0.489,-0.149,1.0,0.625,-0.572,0.704,0.517,0.903,0.647,0.476,0.454,0.265,0.614,0.65,0.655,0.7,0.654,-0.14,0.625,0.751,0.72,-0.268,0.675,-0.514,0.303,-0.287,0.489,-0.134,0.474,0.853,0.42,0.481,0.522,0.791,-0.188,0.323,-0.138,-0.051,-0.562,0.146,-0.502,0.537,-0.358,0.525,-0.163,-0.437,0.235,-0.237,0.313,0.495,0.592,-0.554,0.506,-0.566,-0.522,-0.011,-0.215,0.637,0.319,-0.53,0.692,0.809,-0.624,0.678,0.223,0.282,0.572,-0.437,0.513,0.521,0.042,0.726,0.657,-0.525,0.545,-0.488,-0.016,0.559,-0.621,0.466,0.605,-0.34,-0.477,0.689,0.483,-0.554,0.423,0.092,0.347,-0.351,0.46,0.355,0.528,0.548,0.318,-0.153,0.549,0.701,0.639,0.707,0.643,0.765,0.438,0.261,0.081,-0.411,0.461,0.125,0.201,0.342,0.618,-0.106,0.774,0.683,0.445,0.562,0.525,0.321,0.659,0.505,0.699,0.557,0.445,0.265,0.597,0.177,0.636,0.728,-0.519,0.73,-0.446,0.47,0.293,-0.416,0.726,0.156,0.75,0.144,-0.508,0.766,0.705,0.057,0.224,0.143,0.736,0.293,0.167,-0.629,0.271,0.325,0.025,0.42,-0.197,0.677,0.053,0.669,0.63,0.787,0.69,0.724,0.446,0.342,-0.538,0.442,0.35,0.658,0.607,0.269,-0.478,0.475,0.604,0.366,0.336,0.277,-0.228,-0.372,-0.21,-0.33,0.489,-0.108,0.768,0.052,0.346,0.573,-0.686,-0.539,-0.15,0.752,0.451,0.09
AMZN,0.221,0.676,0.587,0.76,0.498,0.407,0.6,0.616,0.024,0.375,0.662,0.227,0.625,1.0,-0.49,0.564,0.301,0.661,0.556,0.443,0.446,0.461,0.437,0.653,0.636,0.611,0.472,-0.209,0.685,0.642,0.572,-0.054,0.543,-0.383,0.312,-0.134,0.537,-0.157,0.479,0.666,0.125,0.466,0.611,0.656,-0.195,0.273,0.062,0.029,-0.228,-0.066,-0.454,0.612,-0.144,0.552,-0.119,-0.343,0.137,-0.221,0.43,0.239,0.397,-0.459,0.171,-0.442,-0.664,0.073,-0.142,0.378,0.352,-0.336,0.481,0.667,-0.647,0.485,0.098,0.432,0.457,-0.321,0.582,0.578,0.111,0.691,0.501,-0.657,0.492,-0.338,-0.154,0.537,-0.395,0.493,0.336,-0.291,-0.311,0.536,0.257,-0.546,0.521,0.345,0.487,-0.178,0.216,0.181,0.415,0.487,0.122,0.106,0.506,0.749,0.617,0.648,0.616,0.65,0.634,0.603,0.164,-0.395,0.613,0.207,0.282,0.556,0.587,-0.121,0.411,0.723,0.311,0.744,0.579,0.222,0.691,0.58,0.691,0.589,0.449,-0.092,0.539,-0.132,0.476,0.37,-0.206,0.513,-0.514,0.19,0.418,-0.355,0.619,0.297,0.756,0.303,-0.395,0.628,0.575,-0.147,0.093,0.207,0.697,0.191,0.171,-0.535,0.312,0.376,0.304,0.179,0.257,0.721,-0.025,0.633,0.506,0.483,0.772,0.589,0.557,0.086,-0.522,0.368,0.402,0.578,0.562,-0.038,-0.638,0.435,0.662,0.202,0.111,0.283,0.06,-0.447,-0.133,-0.196,0.715,-0.184,0.591,0.196,0.167,0.591,-0.664,-0.309,-0.087,0.55,0.297,0.059
APA,-0.266,-0.516,-0.066,-0.534,-0.459,-0.47,-0.554,-0.555,0.047,-0.261,-0.361,0.385,-0.572,-0.49,1.0,-0.668,-0.291,-0.544,-0.548,-0.474,-0.372,0.038,-0.41,-0.505,-0.441,-0.645,-0.608,0.318,-0.517,-0.696,-0.699,0.247,-0.481,0.803,-0.4,0.631,-0.425,0.254,-0.102,-0.473,-0.38,-0.261,-0.527,-0.364,0.545,-0.366,0.273,0.421,0.679,-0.114,0.345,-0.166,0.292,-0.618,-0.131,0.377,-0.415,0.594,-0.123,-0.346,-0.606,0.84,-0.418,0.685,0.624,0.42,0.163,-0.509,0.183,0.222,-0.54,-0.477,0.637,-0.54,0.044,-0.346,-0.368,0.445,-0.481,-0.467,-0.476,-0.458,-0.601,0.599,-0.343,0.576,-0.009,-0.595,0.546,-0.602,-0.46,-0.068,0.425,-0.562,-0.478,0.659,-0.236,0.013,-0.221,0.489,-0.325,-0.28,-0.32,-0.676,-0.289,0.246,-0.503,-0.506,-0.692,-0.313,-0.663,-0.564,-0.271,-0.065,0.246,0.301,-0.346,-0.345,-0.111,-0.23,-0.678,-0.149,-0.576,-0.473,-0.377,-0.497,-0.459,-0.17,-0.589,-0.415,-0.595,-0.581,-0.411,0.137,-0.64,0.168,-0.48,-0.398,0.7,-0.517,0.802,-0.42,-0.14,0.795,-0.332,-0.24,-0.513,-0.252,0.344,-0.564,-0.588,-0.031,-0.265,0.374,-0.616,-0.148,-0.202,0.809,-0.196,-0.465,0.021,-0.305,0.265,-0.659,-0.064,-0.649,-0.534,-0.549,-0.605,-0.6,-0.54,-0.388,0.273,-0.361,-0.472,-0.657,-0.536,-0.224,0.492,-0.555,-0.533,-0.228,-0.306,-0.439,0.227,0.331,0.438,0.487,-0.407,0.027,-0.564,0.115,-0.144,-0.417,0.746,0.56,0.645,-0.637,-0.442,-0.072
APPS,0.568,0.699,0.436,0.59,0.57,0.611,0.679,0.71,-0.15,0.281,0.53,-0.124,0.704,0.564,-0.668,1.0,0.474,0.601,0.672,0.513,0.332,0.227,0.476,0.698,0.601,0.634,0.6,-0.038,0.64,0.65,0.59,-0.185,0.712,-0.572,0.247,-0.358,0.525,-0.163,0.423,0.701,0.395,0.388,0.552,0.618,-0.228,0.324,0.082,-0.204,-0.604,0.088,-0.573,0.333,-0.308,0.514,-0.21,-0.451,0.106,-0.266,0.219,0.67,0.613,-0.617,0.454,-0.638,-0.743,-0.159,-0.216,0.687,0.158,-0.534,0.676,0.726,-0.76,0.558,0.223,0.301,0.597,-0.463,0.424,0.419,0.104,0.669,0.717,-0.499,0.556,-0.545,0.012,0.501,-0.681,0.401,0.421,-0.392,-0.322,0.583,0.519,-0.614,0.313,0.118,0.217,-0.324,0.449,0.427,0.379,0.517,0.369,-0.123,0.491,0.692,0.53,0.538,0.745,0.616,0.372,0.253,0.1,-0.511,0.573,0.032,0.144,0.443,0.709,-0.061,0.658,0.741,0.525,0.554,0.536,0.293,0.645,0.579,0.688,0.544,0.339,0.311,0.727,0.082,0.71,0.493,-0.575,0.606,-0.516,0.536,0.233,-0.435,0.661,0.085,0.634,0.268,-0.612,0.714,0.612,0.01,0.201,0.023,0.733,0.259,0.034,-0.729,0.279,0.353,0.007,0.337,-0.157,0.638,0.04,0.696,0.724,0.653,0.599,0.607,0.427,0.212,-0.646,0.368,0.367,0.56,0.612,0.456,-0.687,0.465,0.448,0.286,0.388,0.192,-0.201,-0.368,-0.226,-0.543,0.416,-0.302,0.698,0.026,0.388,0.553,-0.779,-0.474,-0.213,0.703,0.494,0.01
ARCC,0.468,0.543,0.062,0.358,0.506,0.664,0.664,0.62,-0.295,-0.028,0.192,-0.237,0.517,0.301,-0.291,0.474,1.0,0.369,0.611,0.193,0.362,0.204,0.619,0.462,0.645,0.585,0.624,0.198,0.292,0.608,0.455,-0.461,0.579,-0.166,0.415,-0.04,0.477,-0.12,0.144,0.614,0.592,0.361,0.503,0.605,-0.092,0.398,-0.372,-0.149,-0.382,0.478,-0.239,0.088,-0.512,0.234,-0.307,-0.51,0.208,0.257,0.008,0.558,0.589,-0.198,0.809,-0.208,-0.262,0.196,-0.237,0.68,0.386,-0.541,0.656,0.528,-0.39,0.661,0.486,0.302,0.599,-0.355,0.504,0.512,-0.062,0.54,0.6,-0.15,0.642,-0.183,0.298,0.464,-0.607,0.203,0.686,-0.288,-0.576,0.665,0.522,-0.015,0.294,-0.198,-0.128,-0.284,0.569,0.42,0.531,0.436,0.549,-0.377,0.443,0.499,0.532,0.268,0.507,0.625,0.181,-0.001,0.004,-0.304,0.107,-0.089,0.147,-0.092,0.467,-0.051,0.606,0.488,0.565,0.233,0.545,0.422,0.474,0.273,0.5,0.411,0.333,0.349,0.388,0.381,0.612,0.624,-0.502,0.643,0.004,0.555,-0.079,-0.197,0.664,0.23,0.519,0.006,-0.466,0.577,0.778,0.318,0.215,0.03,0.277,0.625,0.129,-0.259,0.001,0.268,-0.078,0.551,-0.421,0.518,0.233,0.498,0.517,0.58,0.526,0.705,0.318,0.53,-0.339,0.566,0.327,0.483,0.531,0.484,-0.361,0.163,0.465,0.267,0.628,0.322,-0.506,-0.083,-0.107,-0.455,0.243,0.26,0.515,-0.047,0.573,0.015,-0.337,-0.658,0.126,0.577,0.5,0.076
ARDX,0.349,0.878,0.34,0.757,0.446,0.387,0.524,0.62,0.157,0.236,0.512,-0.027,0.903,0.661,-0.544,0.601,0.369,1.0,0.489,0.569,0.402,0.246,0.494,0.659,0.624,0.619,0.547,-0.294,0.567,0.756,0.799,-0.262,0.522,-0.507,0.218,-0.26,0.344,-0.124,0.343,0.769,0.242,0.512,0.373,0.722,-0.246,0.272,-0.128,0.024,-0.489,0.055,-0.549,0.594,-0.24,0.566,0.015,-0.304,0.373,-0.385,0.47,0.393,0.576,-0.542,0.31,-0.506,-0.533,0.042,-0.349,0.468,0.368,-0.322,0.551,0.793,-0.592,0.6,0.002,0.184,0.447,-0.384,0.48,0.492,0.185,0.612,0.511,-0.555,0.364,-0.395,-0.06,0.459,-0.495,0.612,0.503,-0.164,-0.377,0.584,0.361,-0.618,0.532,0.183,0.443,-0.343,0.447,0.278,0.462,0.474,0.147,-0.032,0.51,0.631,0.64,0.677,0.559,0.702,0.459,0.349,0.155,-0.305,0.497,0.342,0.306,0.395,0.493,-0.043,0.664,0.578,0.25,0.579,0.413,0.232,0.571,0.522,0.736,0.467,0.444,0.154,0.604,0.079,0.555,0.616,-0.469,0.631,-0.508,0.321,0.396,-0.364,0.648,0.151,0.711,0.201,-0.277,0.679,0.586,-0.018,0.203,0.138,0.72,0.074,0.184,-0.629,0.339,0.263,0.191,0.317,-0.077,0.686,0.125,0.633,0.498,0.728,0.666,0.645,0.421,0.118,-0.429,0.329,0.303,0.643,0.498,0.146,-0.503,0.559,0.591,0.302,0.142,0.367,-0.062,-0.397,-0.244,-0.192,0.499,-0.174,0.748,0.14,0.204,0.693,-0.646,-0.434,-0.162,0.647,0.335,0.105
ATER,0.381,0.673,0.375,0.596,0.661,0.738,0.684,0.623,-0.293,0.281,0.471,-0.148,0.647,0.556,-0.548,0.672,0.611,0.489,1.0,0.415,0.298,0.418,0.584,0.596,0.692,0.646,0.635,0.122,0.65,0.647,0.6,-0.237,0.727,-0.481,0.23,-0.13,0.662,-0.225,0.424,0.795,0.373,0.453,0.567,0.687,-0.134,0.357,-0.101,-0.061,-0.511,0.275,-0.477,0.296,-0.294,0.372,-0.304,-0.421,0.1,-0.122,0.134,0.427,0.578,-0.454,0.581,-0.573,-0.617,0.011,-0.267,0.665,0.271,-0.664,0.785,0.618,-0.666,0.629,0.422,0.273,0.638,-0.331,0.575,0.583,-0.119,0.685,0.682,-0.592,0.658,-0.476,-0.155,0.506,-0.548,0.349,0.507,-0.416,-0.574,0.682,0.541,-0.501,0.268,0.11,0.275,-0.265,0.364,0.357,0.458,0.481,0.355,-0.156,0.617,0.734,0.599,0.503,0.561,0.667,0.483,0.301,-0.097,-0.509,0.491,0.027,0.033,0.415,0.725,-0.17,0.505,0.734,0.664,0.577,0.666,0.397,0.597,0.594,0.654,0.61,0.208,0.081,0.444,0.137,0.588,0.451,-0.446,0.617,-0.301,0.514,0.184,-0.382,0.735,0.092,0.657,0.089,-0.541,0.785,0.723,-0.036,0.176,0.091,0.642,0.402,0.151,-0.585,0.131,0.405,-0.114,0.329,-0.131,0.547,-0.011,0.681,0.677,0.677,0.59,0.691,0.296,0.322,-0.562,0.474,0.39,0.667,0.733,0.217,-0.647,0.192,0.56,0.24,0.376,0.235,-0.228,-0.383,-0.229,-0.526,0.469,-0.138,0.585,0.068,0.434,0.264,-0.641,-0.605,-0.062,0.625,0.425,0.045
ATOS,0.105,0.513,0.336,0.507,0.516,0.255,0.361,0.416,0.091,0.229,0.619,0.224,0.476,0.443,-0.474,0.513,0.193,0.569,0.415,1.0,0.347,0.34,0.389,0.378,0.513,0.511,0.433,-0.05,0.31,0.521,0.521,-0.11,0.347,-0.394,0.223,-0.1,0.416,-0.45,0.095,0.43,0.135,0.615,0.333,0.499,-0.444,0.484,-0.069,-0.175,-0.436,0.261,-0.302,0.425,-0.306,0.335,-0.009,-0.259,0.343,-0.323,0.419,0.356,0.429,-0.397,0.173,-0.268,-0.471,0.21,-0.123,0.404,0.286,-0.199,0.335,0.594,-0.54,0.498,-0.165,0.114,0.234,-0.527,0.438,0.432,0.378,0.29,0.459,-0.366,0.129,-0.097,0.002,0.344,-0.497,0.699,0.388,0.01,-0.496,0.431,0.425,-0.496,0.168,0.418,0.287,-0.013,0.462,0.301,0.448,0.415,0.208,-0.255,0.517,0.52,0.555,0.321,0.551,0.508,0.481,0.18,0.199,-0.352,0.498,0.53,0.006,0.234,0.49,0.028,0.419,0.485,0.105,0.544,0.383,-0.017,0.528,0.383,0.546,0.471,0.284,0.146,0.56,0.059,0.447,0.26,-0.453,0.443,-0.359,0.235,0.051,-0.4,0.365,0.254,0.516,0.261,-0.223,0.382,0.4,0.154,0.202,-0.139,0.522,0.003,0.239,-0.561,0.185,0.236,0.045,0.302,-0.033,0.579,0.128,0.537,0.443,0.472,0.393,0.448,0.374,0.054,-0.245,0.33,0.45,0.57,0.525,0.182,-0.465,0.484,0.536,0.01,0.149,0.48,-0.23,-0.469,-0.435,-0.33,0.47,0.042,0.462,0.092,-0.027,0.457,-0.482,-0.509,-0.104,0.485,0.32,0.151
AUPH,0.018,0.434,0.077,0.256,0.249,0.196,0.434,0.396,-0.184,0.169,0.214,-0.199,0.454,0.446,-0.372,0.332,0.362,0.402,0.298,0.347,1.0,0.046,0.488,0.213,0.333,0.561,0.455,-0.287,0.234,0.492,0.363,-0.177,0.194,-0.378,0.525,-0.404,0.202,-0.175,0.284,0.392,0.397,0.255,0.474,0.418,-0.442,0.279,-0.309,-0.009,-0.305,0.085,-0.159,0.351,-0.475,0.255,0.225,-0.41,0.232,-0.076,0.054,0.198,0.367,-0.269,0.364,-0.3,-0.174,-0.29,-0.001,0.438,-0.047,-0.075,0.203,0.439,-0.259,0.51,-0.137,0.462,0.449,-0.315,0.346,0.354,0.304,0.386,0.462,-0.373,0.316,-0.033,0.037,0.459,-0.477,0.434,0.46,0.065,-0.412,0.562,0.291,-0.253,0.218,-0.071,0.084,-0.284,0.172,0.174,0.31,0.435,0.297,-0.211,0.337,0.437,0.439,0.283,0.535,0.688,0.202,-0.018,-0.163,-0.31,0.163,0.24,0.14,0.0,0.594,0.024,0.458,0.332,0.084,0.274,0.425,-0.083,0.519,0.18,0.348,0.428,0.507,-0.13,0.44,-0.167,0.388,0.575,-0.44,0.559,-0.169,0.179,-0.082,-0.411,0.404,0.456,0.643,0.065,-0.331,0.269,0.466,0.126,0.206,-0.3,0.351,0.49,0.281,-0.467,0.081,0.316,0.067,0.214,-0.243,0.513,0.001,0.344,0.203,0.286,0.577,0.61,0.551,0.396,-0.162,0.416,0.357,0.423,0.363,0.11,-0.151,0.615,0.497,0.148,0.131,0.362,-0.236,-0.241,-0.378,-0.166,0.317,0.271,0.423,-0.196,0.023,0.171,-0.33,-0.508,-0.198,0.481,0.412,0.006
AVGO,0.05,0.426,0.614,0.441,0.629,0.32,0.333,0.374,-0.179,-0.037,0.81,0.678,0.265,0.461,0.038,0.227,0.204,0.246,0.418,0.34,0.046,1.0,0.384,0.267,0.419,0.247,0.267,0.3,0.227,0.195,0.159,0.296,0.347,0.153,0.01,0.287,0.53,-0.318,0.22,0.475,0.092,0.705,0.374,0.587,0.186,0.445,0.093,0.038,-0.109,0.129,-0.132,0.551,-0.147,0.371,-0.393,-0.126,-0.115,0.276,0.374,0.073,0.107,0.034,-0.034,0.046,-0.28,0.503,0.169,0.292,0.587,-0.484,0.127,0.431,-0.332,0.279,0.249,0.112,0.22,-0.082,0.427,0.452,-0.218,0.323,0.373,-0.248,0.309,-0.059,-0.197,0.237,-0.216,0.018,0.271,-0.434,-0.322,0.389,0.368,-0.093,0.022,0.747,0.205,0.332,0.1,0.076,0.57,0.096,0.232,-0.074,0.242,0.385,0.162,0.464,0.305,0.265,0.807,0.55,0.163,-0.347,0.743,-0.055,-0.024,0.547,0.387,-0.086,0.148,0.532,0.266,0.758,0.495,0.069,0.488,0.4,0.267,0.528,0.071,0.093,0.177,0.128,0.368,0.028,0.062,0.31,-0.015,0.242,0.057,-0.042,0.363,0.192,0.463,0.407,-0.456,0.349,0.256,-0.004,0.012,0.298,0.324,0.212,0.29,-0.107,0.22,0.146,0.041,0.188,0.596,0.241,-0.143,0.502,0.426,0.23,0.199,0.245,0.164,-0.051,-0.354,0.429,0.37,0.288,0.579,-0.056,-0.357,-0.09,0.4,-0.079,0.129,0.026,0.045,-0.309,-0.146,-0.236,0.633,-0.193,0.238,0.107,0.073,0.301,-0.275,-0.24,0.416,0.362,0.293,0.287
AZN,0.368,0.659,0.055,0.408,0.694,0.439,0.744,0.752,-0.355,-0.105,0.367,-0.181,0.614,0.437,-0.41,0.476,0.619,0.494,0.584,0.389,0.488,0.384,1.0,0.282,0.798,0.751,0.725,0.244,0.301,0.527,0.484,-0.373,0.465,-0.403,0.584,-0.286,0.446,-0.389,0.248,0.61,0.737,0.61,0.647,0.604,-0.317,0.697,-0.487,-0.388,-0.657,0.365,-0.225,0.235,-0.646,0.291,-0.303,-0.503,0.169,0.104,0.189,0.42,0.528,-0.351,0.555,-0.353,-0.311,0.046,-0.09,0.638,0.269,-0.519,0.538,0.527,-0.487,0.791,0.069,0.525,0.533,-0.471,0.765,0.78,-0.004,0.441,0.658,-0.332,0.507,-0.357,0.112,0.712,-0.687,0.3,0.775,-0.242,-0.694,0.79,0.868,-0.232,0.029,0.031,-0.138,-0.368,0.481,0.39,0.78,0.605,0.707,-0.43,0.526,0.558,0.625,0.289,0.715,0.707,0.504,0.058,-0.226,-0.502,0.21,0.067,0.09,-0.045,0.472,-0.119,0.599,0.473,0.29,0.456,0.809,0.088,0.77,0.22,0.364,0.775,0.426,0.224,0.429,0.234,0.677,0.624,-0.573,0.755,-0.171,0.679,-0.284,-0.5,0.541,0.533,0.621,0.14,-0.658,0.469,0.693,0.411,0.339,-0.191,0.375,0.552,0.473,-0.543,-0.015,0.143,-0.148,0.669,-0.299,0.637,-0.049,0.608,0.585,0.532,0.546,0.718,0.546,0.634,-0.347,0.876,0.718,0.637,0.76,0.371,-0.311,0.345,0.735,0.231,0.431,0.514,-0.567,-0.451,-0.443,-0.589,0.521,0.214,0.549,-0.316,0.459,0.165,-0.577,-0.719,-0.063,0.665,0.633,0.122
BCRX,0.521,0.627,0.537,0.581,0.45,0.564,0.504,0.57,-0.031,0.326,0.532,0.005,0.65,0.653,-0.505,0.698,0.462,0.659,0.596,0.378,0.213,0.267,0.282,1.0,0.563,0.395,0.45,-0.187,0.69,0.642,0.617,-0.098,0.768,-0.437,0.034,-0.141,0.438,0.085,0.371,0.719,0.092,0.242,0.349,0.667,-0.045,0.058,0.183,0.059,-0.305,-0.116,-0.541,0.461,-0.078,0.483,-0.194,-0.286,0.152,-0.353,0.257,0.354,0.599,-0.502,0.349,-0.556,-0.718,-0.004,-0.196,0.433,0.287,-0.498,0.612,0.678,-0.581,0.42,0.337,0.095,0.537,-0.182,0.294,0.299,0.0,0.773,0.479,-0.583,0.544,-0.499,-0.122,0.287,-0.402,0.346,0.233,-0.453,-0.156,0.386,0.172,-0.617,0.597,0.201,0.541,-0.242,0.419,0.28,0.327,0.359,0.03,0.167,0.359,0.723,0.48,0.724,0.418,0.515,0.316,0.481,0.119,-0.332,0.639,-0.022,0.26,0.618,0.58,-0.168,0.446,0.689,0.508,0.575,0.346,0.396,0.455,0.82,0.81,0.361,0.298,0.039,0.513,0.005,0.477,0.309,-0.326,0.411,-0.493,0.318,0.464,-0.24,0.749,-0.157,0.616,0.133,-0.426,0.714,0.606,-0.226,0.011,0.309,0.597,0.056,-0.132,-0.531,0.239,0.398,0.149,0.192,0.045,0.57,0.114,0.501,0.615,0.542,0.673,0.493,0.264,0.063,-0.615,0.127,0.104,0.516,0.5,0.102,-0.655,0.283,0.433,0.298,0.112,0.004,0.022,-0.323,-0.108,-0.313,0.448,-0.417,0.554,0.288,0.328,0.529,-0.634,-0.244,-0.099,0.526,0.161,-0.093
BGC,0.532,0.692,0.294,0.675,0.699,0.495,0.784,0.737,-0.125,0.151,0.508,-0.031,0.655,0.636,-0.441,0.601,0.645,0.624,0.692,0.513,0.333,0.419,0.798,0.563,1.0,0.686,0.659,0.227,0.423,0.591,0.579,-0.349,0.567,-0.349,0.42,-0.017,0.458,-0.263,0.351,0.728,0.56,0.61,0.612,0.649,-0.101,0.583,-0.177,-0.154,-0.483,0.296,-0.498,0.257,-0.37,0.359,-0.323,-0.382,0.206,-0.056,0.288,0.555,0.568,-0.443,0.51,-0.365,-0.588,0.286,-0.312,0.657,0.486,-0.539,0.709,0.657,-0.674,0.699,0.163,0.337,0.576,-0.43,0.664,0.667,-0.081,0.574,0.705,-0.392,0.627,-0.38,0.161,0.517,-0.585,0.382,0.57,-0.314,-0.602,0.703,0.69,-0.316,0.34,0.167,0.135,-0.222,0.607,0.534,0.692,0.529,0.542,-0.197,0.576,0.7,0.711,0.425,0.73,0.695,0.572,0.33,0.146,-0.483,0.39,0.104,0.207,0.22,0.474,-0.194,0.553,0.632,0.351,0.524,0.648,0.291,0.762,0.455,0.647,0.656,0.384,0.344,0.444,0.324,0.673,0.59,-0.388,0.697,-0.241,0.644,0.021,-0.281,0.65,0.323,0.663,0.13,-0.511,0.59,0.687,0.317,0.28,0.149,0.495,0.312,0.201,-0.518,0.117,0.11,0.095,0.652,-0.191,0.742,0.074,0.669,0.671,0.638,0.636,0.651,0.475,0.365,-0.508,0.633,0.545,0.653,0.774,0.368,-0.617,0.352,0.633,0.375,0.459,0.512,-0.427,-0.431,-0.174,-0.461,0.522,-0.007,0.554,0.055,0.599,0.325,-0.684,-0.594,-0.027,0.699,0.468,0.063
BIDU,0.29,0.764,0.137,0.631,0.602,0.473,0.672,0.677,-0.214,0.131,0.426,-0.17,0.7,0.611,-0.645,0.634,0.585,0.619,0.646,0.511,0.561,0.247,0.751,0.395,0.686,1.0,0.807,-0.06,0.506,0.755,0.671,-0.335,0.518,-0.549,0.509,-0.389,0.518,-0.45,0.253,0.622,0.509,0.481,0.64,0.649,-0.519,0.559,-0.38,-0.265,-0.637,0.277,-0.308,0.377,-0.436,0.483,-0.18,-0.487,0.291,-0.089,0.251,0.449,0.56,-0.512,0.479,-0.478,-0.492,-0.051,-0.154,0.619,0.224,-0.468,0.563,0.659,-0.635,0.824,0.041,0.609,0.469,-0.589,0.749,0.732,0.239,0.544,0.629,-0.492,0.454,-0.342,0.028,0.863,-0.67,0.527,0.755,-0.173,-0.621,0.855,0.678,-0.433,0.287,0.069,0.071,-0.413,0.418,0.312,0.619,0.662,0.488,-0.419,0.567,0.72,0.727,0.329,0.785,0.847,0.501,0.091,-0.103,-0.44,0.326,0.263,0.132,0.084,0.645,0.066,0.753,0.591,0.365,0.548,0.756,0.129,0.771,0.34,0.578,0.793,0.573,0.104,0.629,0.072,0.655,0.687,-0.647,0.813,-0.433,0.49,-0.002,-0.556,0.596,0.483,0.791,0.286,-0.471,0.54,0.75,0.202,0.353,-0.181,0.579,0.491,0.393,-0.684,0.201,0.307,0.004,0.469,-0.239,0.696,0.04,0.696,0.568,0.716,0.646,0.896,0.575,0.432,-0.366,0.661,0.755,0.665,0.631,0.318,-0.497,0.541,0.683,0.203,0.435,0.499,-0.398,-0.402,-0.429,-0.44,0.588,0.168,0.698,-0.129,0.261,0.395,-0.675,-0.68,-0.226,0.701,0.652,0.129
BILI,0.396,0.704,0.1,0.485,0.774,0.553,0.67,0.719,-0.26,0.033,0.406,-0.257,0.654,0.472,-0.608,0.6,0.624,0.547,0.635,0.433,0.455,0.267,0.725,0.45,0.659,0.807,1.0,0.098,0.425,0.763,0.656,-0.308,0.636,-0.521,0.438,-0.364,0.525,-0.384,0.286,0.555,0.617,0.465,0.593,0.657,-0.373,0.665,-0.327,-0.281,-0.68,0.368,-0.211,0.264,-0.514,0.538,-0.257,-0.518,0.304,-0.077,0.325,0.445,0.603,-0.518,0.59,-0.443,-0.447,-0.09,-0.102,0.603,0.226,-0.438,0.582,0.625,-0.554,0.939,0.187,0.371,0.411,-0.523,0.641,0.629,0.193,0.533,0.618,-0.387,0.525,-0.362,0.189,0.683,-0.671,0.406,0.857,-0.216,-0.49,0.87,0.698,-0.363,0.32,0.078,0.074,-0.308,0.503,0.517,0.664,0.666,0.607,-0.39,0.6,0.633,0.681,0.345,0.688,0.838,0.47,0.074,-0.158,-0.376,0.31,0.188,0.093,0.067,0.586,0.129,0.784,0.535,0.464,0.499,0.67,0.247,0.74,0.357,0.591,0.719,0.537,0.141,0.516,0.164,0.658,0.637,-0.658,0.856,-0.353,0.67,0.078,-0.479,0.595,0.334,0.738,0.265,-0.486,0.591,0.753,0.345,0.302,-0.201,0.566,0.525,0.24,-0.622,0.301,0.369,-0.063,0.561,-0.29,0.64,0.114,0.714,0.722,0.724,0.594,0.884,0.472,0.485,-0.349,0.632,0.642,0.78,0.768,0.318,-0.388,0.399,0.57,0.316,0.484,0.455,-0.372,-0.25,-0.33,-0.459,0.499,0.155,0.626,-0.108,0.366,0.345,-0.617,-0.566,-0.185,0.708,0.734,0.199
BKR,0.223,-0.121,0.026,-0.112,0.401,0.111,0.253,0.136,-0.243,-0.148,0.033,0.195,-0.14,-0.209,0.318,-0.038,0.198,-0.294,0.122,-0.05,-0.287,0.3,0.244,-0.187,0.227,-0.06,0.098,1.0,-0.212,-0.306,-0.363,0.021,0.079,0.418,0.029,0.442,0.135,-0.02,0.016,-0.006,0.338,0.207,0.082,0.013,0.371,0.386,0.113,-0.089,0.114,0.315,0.167,-0.283,-0.166,-0.25,-0.402,0.123,-0.202,0.493,0.131,0.255,0.038,0.226,0.209,0.332,0.107,0.5,0.013,0.215,0.359,-0.312,0.164,-0.065,0.014,0.118,0.246,-0.112,0.142,0.074,0.143,0.123,-0.416,-0.073,0.177,0.379,0.217,0.115,0.373,-0.047,0.078,-0.38,0.136,-0.253,-0.155,0.086,0.339,0.409,-0.235,0.157,-0.335,0.38,0.29,0.467,0.358,-0.059,0.504,-0.081,-0.028,-0.068,-0.07,-0.128,0.02,-0.152,0.12,0.04,0.209,-0.107,-0.056,-0.389,-0.02,-0.129,-0.224,-0.146,-0.079,-0.002,0.096,-0.026,0.183,0.158,0.129,-0.238,-0.181,0.174,-0.174,0.528,-0.272,0.567,0.209,0.026,0.197,0.074,0.49,0.39,-0.31,0.325,0.003,0.09,-0.182,-0.055,-0.273,-0.11,-0.027,0.514,0.294,0.206,-0.198,0.119,-0.08,0.282,-0.183,-0.261,-0.021,0.439,-0.047,-0.091,0.121,0.065,0.317,-0.019,-0.264,-0.105,-0.137,0.234,-0.061,0.293,0.158,-0.036,0.331,0.298,0.044,-0.384,-0.044,0.221,0.379,-0.019,-0.351,0.06,0.22,-0.213,0.062,0.11,-0.194,0.038,0.515,-0.345,0.051,-0.022,0.465,0.071,0.197,0.208
BLDP,0.222,0.645,0.508,0.57,0.402,0.516,0.407,0.525,-0.018,0.371,0.486,-0.028,0.625,0.685,-0.517,0.64,0.292,0.567,0.65,0.31,0.234,0.227,0.301,0.69,0.423,0.506,0.425,-0.212,1.0,0.647,0.58,-0.047,0.77,-0.487,0.035,-0.227,0.57,-0.002,0.541,0.651,-0.04,0.236,0.435,0.608,-0.148,0.098,0.086,-0.014,-0.312,-0.062,-0.393,0.478,-0.046,0.451,-0.183,-0.371,0.144,-0.365,0.246,0.24,0.498,-0.485,0.279,-0.617,-0.66,-0.146,-0.139,0.338,0.153,-0.366,0.655,0.591,-0.58,0.373,0.275,0.241,0.555,-0.283,0.346,0.357,0.062,0.787,0.402,-0.643,0.451,-0.467,-0.302,0.416,-0.429,0.417,0.276,-0.392,-0.22,0.401,0.186,-0.68,0.484,0.172,0.56,-0.372,0.226,0.121,0.19,0.437,-0.067,0.108,0.525,0.75,0.492,0.625,0.386,0.55,0.373,0.407,0.001,-0.319,0.474,0.11,0.119,0.551,0.561,-0.06,0.411,0.684,0.49,0.579,0.456,0.371,0.393,0.636,0.622,0.407,0.305,-0.107,0.509,0.008,0.401,0.26,-0.385,0.401,-0.488,0.18,0.532,-0.32,0.736,-0.06,0.616,0.185,-0.359,0.744,0.64,-0.32,-0.023,0.177,0.77,0.135,0.015,-0.542,0.3,0.462,0.052,0.069,0.098,0.464,-0.007,0.52,0.474,0.555,0.591,0.505,0.275,0.039,-0.537,0.176,0.212,0.58,0.428,-0.076,-0.642,0.233,0.468,0.126,0.14,0.039,0.051,-0.395,-0.158,-0.318,0.463,-0.351,0.588,0.223,0.132,0.564,-0.538,-0.294,-0.104,0.492,0.12,-0.064
BLNK,0.303,0.805,0.222,0.659,0.498,0.632,0.569,0.626,-0.019,0.151,0.449,-0.199,0.751,0.642,-0.696,0.65,0.608,0.756,0.647,0.521,0.492,0.195,0.527,0.642,0.591,0.755,0.763,-0.306,0.647,1.0,0.86,-0.343,0.668,-0.621,0.391,-0.387,0.602,-0.289,0.258,0.709,0.302,0.436,0.576,0.709,-0.452,0.332,-0.319,-0.21,-0.595,0.246,-0.377,0.438,-0.399,0.639,-0.09,-0.519,0.415,-0.303,0.283,0.346,0.633,-0.563,0.553,-0.559,-0.55,-0.1,-0.241,0.512,0.226,-0.379,0.62,0.737,-0.611,0.756,0.238,0.324,0.427,-0.517,0.533,0.548,0.376,0.67,0.526,-0.612,0.459,-0.387,-0.064,0.581,-0.648,0.706,0.679,-0.154,-0.484,0.724,0.426,-0.557,0.504,0.04,0.303,-0.469,0.405,0.243,0.432,0.629,0.202,-0.258,0.616,0.707,0.711,0.497,0.616,0.855,0.41,0.182,-0.069,-0.285,0.408,0.393,0.164,0.243,0.685,0.171,0.761,0.581,0.554,0.533,0.536,0.31,0.599,0.534,0.8,0.518,0.516,-0.055,0.671,-0.019,0.541,0.57,-0.662,0.698,-0.563,0.358,0.362,-0.505,0.698,0.25,0.789,0.304,-0.281,0.77,0.818,-0.055,0.165,-0.141,0.722,0.374,0.213,-0.672,0.417,0.529,0.035,0.274,-0.187,0.736,0.186,0.687,0.524,0.736,0.736,0.871,0.546,0.252,-0.369,0.418,0.412,0.748,0.541,0.176,-0.548,0.524,0.679,0.144,0.302,0.453,-0.092,-0.272,-0.301,-0.346,0.472,0.035,0.816,0.027,0.168,0.506,-0.601,-0.612,-0.273,0.618,0.453,0.085
BYND,0.288,0.745,0.174,0.605,0.433,0.44,0.426,0.536,0.132,0.14,0.416,-0.191,0.72,0.572,-0.699,0.59,0.455,0.799,0.6,0.521,0.363,0.159,0.484,0.617,0.579,0.671,0.656,-0.363,0.58,0.86,1.0,-0.362,0.548,-0.665,0.288,-0.369,0.426,-0.238,0.177,0.63,0.187,0.405,0.437,0.588,-0.469,0.29,-0.308,-0.197,-0.654,0.177,-0.449,0.419,-0.278,0.597,0.034,-0.469,0.509,-0.392,0.357,0.231,0.567,-0.59,0.382,-0.576,-0.552,-0.14,-0.26,0.398,0.219,-0.281,0.581,0.636,-0.581,0.666,0.047,0.324,0.351,-0.486,0.513,0.522,0.328,0.563,0.43,-0.649,0.317,-0.398,-0.155,0.59,-0.571,0.639,0.557,-0.024,-0.423,0.606,0.402,-0.618,0.505,0.08,0.386,-0.481,0.344,0.184,0.396,0.649,0.149,-0.212,0.571,0.632,0.676,0.505,0.534,0.713,0.398,0.166,-0.147,-0.212,0.403,0.412,0.191,0.236,0.567,0.078,0.67,0.53,0.368,0.512,0.512,0.293,0.55,0.619,0.75,0.495,0.428,-0.089,0.625,-0.042,0.494,0.457,-0.64,0.603,-0.625,0.311,0.394,-0.533,0.581,0.235,0.664,0.274,-0.224,0.754,0.721,-0.111,0.122,-0.152,0.705,0.209,0.246,-0.689,0.335,0.441,0.058,0.249,-0.169,0.703,0.194,0.651,0.432,0.692,0.641,0.75,0.463,0.215,-0.24,0.373,0.435,0.739,0.471,0.105,-0.512,0.523,0.589,0.111,0.164,0.53,-0.093,-0.292,-0.36,-0.334,0.455,-0.062,0.779,0.077,0.123,0.579,-0.63,-0.54,-0.335,0.534,0.445,0.148
