,AAL,AAPL,ABUS,ADBE,ADI,ADMA,AEP,AGNC,AKBA,ALT,AMAT,AMD,AMGN,AMZN,APA,APPS,ARCC,ARDX,ATER,ATOS,AUPH,AVGO,AZN,BCRX,BGC,BIDU,BILI,BKR,BLDP,BLNK,BYND,CAN,CELH,CG,CGC,CHRD,CLNE,CMCSA,COMM,COST,CPB,CPRT,CRON,CRWD,CSCO,CSGP,CSX,CTSH,CZR,DBX,DDOG,DKNG,DLTR,DOCU,DVAX,DXCM,EA,EBAY,ENPH,ERIC,ESPR,ETSY,EXC,EXEL,EXPE,FANG,FAST,FITB,FLEX,FOLD,FOXA,FSLR,FTNT,FUTU,GEN,GERN,GEVO,GILD,GOOG,GOOGL,GPRO,GT,HBAN,HIVE,HON,HST,HUT,IBRX,INTC,IOVA,IQ,IRWD,JBLU,JD,KDP,KHC,LBTYK,LRCX,LYFT,MAR,MARA,MAT,MCHP,MCRB,MDLZ,META,MGNI,MLCO,MNKD,MNST,MOMO,MRNA,MRVL,MSFT,MSTR,MTCH,MU,MVIS,NDAQ,NFLX,NKTR,NNDM,NTES,NTNX,NVAX,NVDA,NWL,NWSA,NXPI,OCGN,OKTA,ON,OPK,PAA,PACB,PAGP,PANW,PARA,PCAR,PDD,PENN,PEP,PLUG,PTEN,PTON,PYPL,QCOM,QUBT,QVCGA,RDFN,REAL,RIOT,ROKU,ROST,RUN,SABR,SAVA,SBUX,SFIX,SGMO,SIRI,SLM,SMCI,SNDL,SONO,STNE,STX,TCOM,TGTX,TIGR,TLRY,TMUS,TRIP,TSCO,TSLA,TTD,TXN,UAL,UNIT,VERU,VKTX,VLY,VOD,VTRS,VXRT,WBA,WBD,WDAY,WDC,WEN,WW,WYNN,XEL,XP,XRAY,XRX,Z,ZION,ZM,ZS
AAL,1.0,-0.195,0.695,-0.269,-0.151,0.582,0.764,0.679,-0.478,0.38,-0.274,-0.059,0.389,0.726,-0.552,-0.679,-0.33,-0.217,0.587,0.357,0.537,0.072,-0.661,-0.286,0.145,-0.05,0.56,-0.085,-0.447,-0.427,-0.007,0.189,-0.603,0.215,-0.598,-0.471,-0.293,-0.007,0.623,0.351,0.529,-0.423,-0.036,0.036,0.092,0.363,0.433,-0.264,0.343,0.013,-0.369,0.528,-0.623,-0.319,-0.004,-0.302,-0.474,0.719,-0.339,-0.019,0.008,-0.188,0.685,0.559,-0.001,-0.401,0.488,0.284,-0.196,-0.186,-0.091,0.036,0.206,-0.001,0.339,0.017,0.341,0.755,-0.283,-0.326,0.398,-0.452,0.232,-0.353,-0.198,0.247,-0.024,-0.599,0.208,-0.568,-0.544,-0.348,0.797,0.235,0.793,0.286,0.734,-0.382,0.33,0.567,-0.543,-0.051,-0.391,0.615,0.793,0.386,-0.425,0.455,0.591,0.833,-0.573,-0.435,0.283,0.554,-0.204,-0.236,-0.572,0.635,0.677,0.137,-0.065,-0.328,-0.667,0.439,0.564,-0.476,0.524,-0.453,-0.399,-0.547,-0.656,-0.394,-0.163,0.017,0.577,-0.233,-0.427,-0.24,0.324,-0.258,0.045,0.521,-0.044,-0.402,-0.283,0.231,-0.116,0.18,-0.344,0.331,0.255,-0.41,0.342,-0.133,-0.36,0.358,0.109,0.061,0.289,0.208,-0.549,0.079,-0.488,0.588,0.302,-0.601,0.312,0.395,0.401,-0.515,-0.139,0.004,-0.151,0.279,0.663,0.254,-0.308,0.707,0.826,-0.131,0.096,0.274,0.568,-0.019,0.158,-0.395,0.073,-0.591,0.439,0.672,-0.55,0.454,0.821,-0.133,0.555,-0.215,0.395,-0.36,-0.694,-0.602
AAPL,-0.195,1.0,-0.33,0.217,0.599,0.205,-0.504,-0.068,0.511,-0.127,0.665,0.237,0.252,-0.015,0.575,0.412,0.554,0.32,-0.377,-0.064,-0.059,0.404,0.41,0.67,0.3,0.266,-0.209,0.624,0.599,0.393,0.344,0.16,0.495,0.337,0.313,0.701,0.401,0.591,-0.046,0.053,-0.334,0.552,0.115,0.609,0.514,-0.039,0.29,0.109,0.108,0.443,0.597,-0.287,0.487,0.537,0.472,0.488,0.407,-0.174,0.571,0.574,-0.126,0.498,-0.346,-0.071,0.632,0.714,0.073,0.427,0.83,0.27,0.588,0.195,0.257,0.534,0.309,0.607,-0.171,-0.087,0.697,0.612,0.141,0.645,0.422,0.534,0.421,0.422,0.264,0.555,0.347,0.501,0.46,0.584,-0.348,0.234,-0.299,-0.17,-0.054,0.706,0.29,0.236,0.395,0.51,0.686,-0.339,-0.44,0.368,0.27,-0.115,-0.193,-0.202,0.45,0.298,0.062,0.118,0.395,0.708,0.588,-0.177,-0.096,0.318,0.37,0.43,0.54,-0.068,-0.414,0.428,-0.173,0.704,0.744,0.464,0.424,0.686,0.357,0.32,-0.229,0.242,0.402,0.433,0.221,0.106,0.076,-0.502,0.361,0.726,0.264,0.576,0.686,0.194,0.748,-0.232,0.148,0.607,-0.048,0.181,0.439,0.221,0.165,0.18,0.239,0.163,0.552,0.492,0.261,-0.318,0.403,0.411,0.193,-0.116,0.177,0.579,0.064,0.091,0.814,-0.3,-0.145,0.251,0.799,-0.38,-0.305,-0.046,0.378,0.361,-0.449,0.481,-0.386,0.415,0.119,0.456,0.238,-0.207,0.285,-0.14,-0.338,0.102,-0.065,0.675,0.072,0.623,0.428,0.525
ABUS,0.695,-0.33,1.0,0.057,-0.489,0.183,0.753,0.243,-0.275,0.104,-0.5,-0.292,-0.046,0.445,-0.598,-0.649,-0.62,-0.295,0.629,0.341,0.214,-0.232,-0.531,-0.488,-0.213,-0.429,0.415,-0.492,-0.449,-0.533,-0.196,-0.142,-0.646,-0.293,-0.583,-0.527,-0.557,-0.161,0.343,0.341,0.433,-0.605,-0.344,-0.424,-0.352,0.541,-0.039,-0.101,-0.068,-0.295,-0.654,0.339,-0.619,-0.356,-0.29,-0.37,-0.312,0.445,-0.631,-0.355,-0.127,-0.3,0.517,0.245,-0.427,-0.508,0.188,-0.254,-0.513,0.031,-0.39,-0.267,0.044,-0.381,-0.048,-0.324,-0.087,0.456,-0.536,-0.588,0.025,-0.68,-0.289,-0.5,-0.41,-0.264,-0.213,-0.426,-0.284,-0.704,-0.674,-0.47,0.704,-0.222,0.625,0.54,0.473,-0.543,-0.15,0.084,-0.616,-0.377,-0.537,0.511,0.812,-0.069,-0.375,0.287,0.226,0.597,-0.544,-0.281,0.064,0.198,-0.431,-0.442,-0.585,0.261,0.422,-0.263,-0.331,-0.521,-0.645,0.345,0.375,-0.507,0.511,-0.489,-0.541,-0.29,-0.574,-0.545,-0.364,-0.351,0.345,-0.559,-0.333,-0.375,-0.18,-0.338,-0.287,0.778,-0.289,-0.542,-0.37,-0.252,-0.424,-0.108,-0.558,0.044,-0.257,-0.488,0.047,-0.103,-0.568,-0.052,-0.336,-0.045,-0.211,-0.06,-0.419,-0.4,-0.489,0.384,-0.2,-0.633,0.183,0.309,0.017,-0.625,-0.359,-0.097,-0.466,0.329,0.476,-0.171,-0.499,0.45,0.838,0.269,-0.22,-0.239,0.521,-0.352,0.319,-0.389,-0.29,-0.478,-0.054,0.359,-0.55,0.09,0.65,-0.307,0.129,-0.505,-0.049,-0.62,-0.642,-0.658
ADBE,-0.269,0.217,0.057,1.0,-0.257,-0.566,-0.326,-0.624,0.276,-0.504,-0.198,-0.552,-0.47,-0.546,0.218,0.139,-0.083,-0.28,-0.01,-0.36,-0.531,-0.41,0.462,0.099,-0.296,-0.521,-0.242,-0.216,0.275,-0.213,-0.355,-0.516,0.105,-0.556,0.093,0.208,-0.236,-0.21,-0.56,-0.333,-0.309,0.019,-0.221,-0.364,-0.475,0.046,-0.216,0.237,-0.688,-0.33,-0.09,-0.503,0.021,0.122,-0.372,-0.065,0.482,-0.554,-0.112,-0.288,-0.161,-0.004,-0.437,-0.522,-0.354,0.287,-0.564,-0.431,-0.067,0.505,0.108,-0.461,0.276,-0.125,-0.42,-0.28,-0.619,-0.465,-0.164,-0.171,-0.593,0.087,-0.28,-0.107,0.027,-0.592,-0.506,0.326,-0.418,0.083,0.035,0.149,-0.315,-0.478,-0.35,0.232,-0.562,0.035,-0.369,-0.583,-0.017,-0.334,0.038,-0.427,-0.322,-0.539,0.064,-0.531,-0.488,-0.512,0.054,0.541,-0.332,-0.6,-0.315,0.248,0.213,-0.579,-0.421,-0.473,-0.305,-0.265,0.079,0.133,-0.348,-0.212,-0.372,0.317,0.211,0.447,0.073,0.07,0.054,-0.411,-0.564,-0.294,0.384,-0.169,-0.622,-0.144,-0.517,-0.046,-0.338,0.17,-0.274,-0.357,-0.258,-0.445,-0.065,-0.625,-0.581,0.038,-0.653,-0.34,-0.16,-0.561,-0.334,-0.337,-0.515,-0.38,0.684,-0.389,-0.113,-0.495,-0.385,0.003,-0.378,-0.163,-0.519,0.081,-0.419,-0.275,-0.032,-0.531,-0.535,-0.574,0.188,-0.491,-0.328,0.653,-0.428,-0.533,-0.457,-0.165,-0.262,-0.031,-0.506,0.508,-0.52,-0.612,-0.16,-0.683,-0.406,-0.56,-0.695,0.036,-0.609,-0.022,0.142,0.054
ADI,-0.151,0.599,-0.489,-0.257,1.0,0.356,-0.24,0.279,0.37,0.269,0.791,0.663,0.554,0.237,0.368,0.345,0.641,0.634,-0.46,0.194,0.064,0.662,0.119,0.557,0.406,0.647,-0.138,0.649,0.45,0.596,0.432,0.435,0.448,0.622,0.281,0.473,0.613,0.389,0.231,0.297,-0.395,0.512,0.311,0.731,0.693,-0.015,0.282,0.203,0.415,0.765,0.689,0.017,0.434,0.275,0.548,0.411,0.256,0.155,0.616,0.616,0.262,0.384,-0.065,0.353,0.728,0.402,0.4,0.546,0.714,-0.174,0.37,0.568,0.18,0.571,0.597,0.797,0.306,0.181,0.677,0.663,0.428,0.561,0.513,0.597,0.643,0.721,0.522,0.32,0.643,0.389,0.417,0.41,-0.171,0.462,-0.093,-0.469,0.081,0.694,0.48,0.439,0.587,0.586,0.805,-0.141,-0.368,0.591,0.328,0.086,0.141,0.003,0.401,0.058,0.438,0.472,0.629,0.402,0.505,0.066,0.057,0.796,0.557,0.606,0.468,-0.162,-0.107,0.622,-0.063,0.44,0.656,0.274,0.302,0.777,0.444,0.522,0.098,0.38,0.29,0.375,0.564,0.139,0.369,-0.508,0.598,0.501,0.318,0.615,0.861,0.492,0.67,0.229,0.472,0.66,0.341,0.231,0.637,0.563,0.33,0.485,0.54,0.356,0.147,0.601,0.307,-0.021,0.536,0.481,0.204,-0.035,0.473,0.516,0.339,0.447,0.665,0.118,0.088,0.564,0.687,-0.079,-0.232,-0.446,0.634,0.596,-0.15,0.572,-0.122,0.372,0.44,0.226,0.585,0.165,0.301,0.227,-0.141,0.436,0.236,0.607,0.407,0.637,0.36,0.534
ADMA,0.582,0.205,0.183,-0.566,0.356,1.0,0.293,0.747,-0.046,0.647,0.387,0.531,0.658,0.761,-0.177,-0.121,0.098,0.362,0.217,0.519,0.564,0.575,-0.49,-0.046,0.416,0.493,0.221,0.439,0.093,0.202,0.511,0.652,-0.056,0.718,-0.087,0.0,0.326,0.48,0.797,0.528,0.321,0.021,0.322,0.537,0.664,0.267,0.391,-0.26,0.704,0.427,0.243,0.607,-0.028,-0.114,0.592,0.301,-0.342,0.734,0.207,0.479,0.042,0.081,0.546,0.684,0.494,-0.008,0.807,0.626,0.388,-0.276,0.123,0.474,-0.06,0.337,0.564,0.599,0.615,0.687,0.337,0.292,0.772,0.063,0.45,0.299,0.001,0.701,0.589,-0.129,0.576,-0.077,-0.016,-0.115,0.495,0.407,0.462,-0.078,0.686,0.205,0.634,0.694,0.059,0.606,0.142,0.512,0.361,0.805,-0.036,0.626,0.402,0.734,-0.059,-0.223,0.327,0.813,0.484,0.057,-0.028,0.691,0.474,0.586,0.451,0.294,-0.145,-0.125,0.445,0.188,0.392,-0.056,0.05,-0.209,-0.088,0.092,0.044,0.396,0.694,0.137,-0.297,0.333,0.749,0.127,0.479,0.091,0.569,0.065,0.078,0.552,0.471,0.572,0.29,0.624,0.693,0.224,0.606,0.31,0.157,0.755,0.414,0.406,0.728,0.592,-0.421,0.497,0.091,0.642,0.53,-0.084,0.687,0.003,0.87,0.026,0.423,0.272,0.387,0.346,0.559,0.653,0.125,0.58,0.524,-0.466,0.648,0.746,0.259,0.228,0.288,0.171,0.585,-0.449,0.729,0.722,0.076,0.629,0.527,0.406,0.687,0.163,0.747,0.141,-0.253,-0.055
AEP,0.764,-0.504,0.753,-0.326,-0.24,0.293,1.0,0.54,-0.456,0.293,-0.431,-0.075,0.264,0.617,-0.681,-0.727,-0.413,-0.198,0.549,0.389,0.441,-0.028,-0.667,-0.356,0.009,-0.155,0.481,-0.387,-0.638,-0.442,-0.155,-0.029,-0.666,-0.039,-0.643,-0.597,-0.425,-0.215,0.473,0.435,0.538,-0.493,-0.208,-0.158,-0.09,0.338,0.254,-0.042,0.16,-0.006,-0.579,0.397,-0.676,-0.382,-0.22,-0.4,-0.425,0.647,-0.591,-0.191,0.145,-0.231,0.71,0.507,-0.231,-0.604,0.359,0.045,-0.485,-0.193,-0.341,-0.124,0.131,-0.296,0.245,-0.208,0.191,0.68,-0.443,-0.48,0.184,-0.632,0.024,-0.491,-0.108,0.078,-0.133,-0.646,-0.01,-0.666,-0.658,-0.405,0.759,0.034,0.815,0.388,0.631,-0.554,-0.002,0.382,-0.548,-0.27,-0.489,0.557,0.864,0.156,-0.385,0.381,0.585,0.737,-0.681,-0.567,0.289,0.432,-0.35,-0.51,-0.663,0.411,0.653,0.068,-0.161,-0.422,-0.662,0.46,0.567,-0.45,0.602,-0.595,-0.559,-0.538,-0.661,-0.482,-0.246,-0.047,0.477,-0.328,-0.359,-0.366,0.135,-0.369,-0.028,0.709,-0.226,-0.567,-0.253,-0.017,-0.298,0.081,-0.538,0.31,-0.042,-0.511,0.281,-0.038,-0.449,0.187,-0.165,0.065,0.009,0.079,-0.664,-0.123,-0.49,0.503,0.071,-0.593,0.116,0.465,0.185,-0.649,-0.244,0.187,-0.469,0.506,0.641,0.059,-0.536,0.599,0.794,-0.04,-0.059,0.022,0.783,-0.121,0.281,-0.46,-0.074,-0.564,0.213,0.621,-0.545,0.374,0.805,-0.157,0.448,-0.378,0.178,-0.472,-0.623,-0.647
AGNC,0.679,-0.068,0.243,-0.624,0.279,0.747,0.54,1.0,-0.418,0.646,0.077,0.365,0.673,0.759,-0.372,-0.351,0.107,0.188,0.246,0.445,0.631,0.41,-0.639,-0.036,0.438,0.438,0.38,0.314,-0.22,-0.055,0.233,0.599,-0.321,0.678,-0.412,-0.273,0.231,0.295,0.791,0.471,0.36,-0.133,0.114,0.415,0.533,0.214,0.483,-0.23,0.72,0.402,0.088,0.587,-0.312,-0.177,0.306,-0.002,-0.391,0.805,0.127,0.355,0.199,0.059,0.65,0.772,0.403,-0.235,0.67,0.608,0.144,-0.42,0.074,0.469,0.096,0.241,0.674,0.358,0.778,0.811,0.118,0.106,0.651,-0.089,0.488,0.015,0.096,0.65,0.301,-0.458,0.572,-0.285,-0.33,-0.15,0.625,0.464,0.717,-0.044,0.82,-0.066,0.643,0.743,-0.15,0.366,-0.052,0.504,0.506,0.726,-0.083,0.581,0.651,0.807,-0.399,-0.507,0.343,0.798,0.277,-0.136,-0.316,0.732,0.685,0.569,0.264,0.104,-0.354,0.114,0.536,-0.107,0.522,-0.311,-0.149,-0.48,-0.361,-0.089,0.072,0.36,0.675,0.073,-0.415,0.018,0.596,-0.172,0.487,0.222,0.364,-0.177,0.082,0.534,0.29,0.472,0.035,0.728,0.703,-0.072,0.664,0.061,0.129,0.769,0.389,0.336,0.697,0.3,-0.562,0.444,-0.255,0.531,0.622,-0.245,0.357,0.252,0.657,-0.246,0.133,0.36,0.152,0.452,0.631,0.636,-0.122,0.683,0.611,-0.513,0.468,0.736,0.567,0.291,0.217,-0.202,0.535,-0.525,0.644,0.833,-0.157,0.719,0.735,0.362,0.819,0.074,0.829,-0.017,-0.362,-0.311
AKBA,-0.478,0.511,-0.275,0.276,0.37,-0.046,-0.456,-0.418,1.0,-0.165,0.583,0.263,0.018,-0.228,0.54,0.624,0.083,0.554,-0.394,0.09,-0.371,0.248,0.463,0.424,0.08,0.107,-0.51,0.086,0.712,0.584,0.421,0.019,0.645,-0.055,0.557,0.673,0.402,0.245,-0.277,0.126,-0.421,0.435,0.205,0.202,0.214,-0.069,-0.279,0.457,-0.208,0.357,0.401,-0.372,0.656,0.227,0.33,0.455,0.644,-0.28,0.348,0.235,0.04,0.347,-0.421,-0.086,0.186,0.547,0.012,-0.064,0.441,0.333,0.194,0.044,-0.02,-0.053,0.02,0.361,-0.342,-0.327,0.46,0.355,0.048,0.5,-0.088,0.635,0.355,0.036,0.386,0.72,0.103,0.473,0.549,0.421,-0.399,-0.288,-0.531,-0.115,-0.461,0.61,-0.13,-0.294,0.664,0.365,0.644,-0.37,-0.505,-0.089,0.421,-0.327,-0.523,-0.429,0.581,0.552,0.018,-0.071,0.346,0.463,0.644,-0.411,-0.589,0.108,0.467,0.351,0.545,-0.327,-0.333,0.603,-0.274,0.646,0.626,0.794,0.538,0.658,0.381,0.07,-0.342,0.049,0.697,0.491,-0.068,0.234,-0.112,-0.264,0.356,0.621,0.222,-0.111,0.465,0.022,0.541,-0.185,-0.162,0.721,-0.146,0.277,0.397,0.026,-0.125,0.216,-0.066,0.102,0.491,0.063,0.447,-0.135,-0.095,0.552,0.122,-0.395,0.161,0.388,0.239,0.197,0.38,-0.148,-0.412,-0.124,0.623,-0.542,-0.382,0.134,0.23,-0.026,-0.458,0.222,0.103,0.699,0.055,0.639,-0.041,-0.39,0.405,-0.418,-0.556,0.148,-0.341,0.431,-0.23,0.476,0.644,0.665
ALT,0.38,-0.127,0.104,-0.504,0.269,0.647,0.293,0.646,-0.165,1.0,0.191,0.628,0.603,0.732,-0.325,-0.134,0.032,0.422,0.076,0.722,0.364,0.614,-0.542,-0.272,0.094,0.528,0.252,0.17,0.007,0.184,0.393,0.644,-0.151,0.605,-0.219,-0.228,0.379,0.071,0.837,0.547,0.077,-0.184,0.115,0.302,0.439,0.257,0.121,-0.223,0.591,0.457,0.181,0.775,-0.154,-0.324,0.431,-0.026,-0.379,0.753,0.097,0.382,0.356,-0.066,0.668,0.741,0.193,-0.304,0.728,0.447,0.083,-0.542,-0.254,0.652,-0.116,0.092,0.508,0.392,0.723,0.689,0.128,0.197,0.727,-0.086,0.108,0.252,0.063,0.507,0.466,-0.278,0.428,-0.086,-0.201,-0.203,0.544,0.309,0.425,-0.296,0.477,0.036,0.705,0.475,0.158,0.333,0.012,0.474,0.244,0.622,0.153,0.68,0.399,0.577,-0.151,-0.378,0.5,0.795,0.49,-0.316,-0.157,0.695,0.425,0.532,0.456,0.228,-0.228,-0.153,0.588,0.164,0.42,-0.33,-0.138,-0.291,-0.221,-0.055,-0.1,0.328,0.667,0.129,-0.291,0.083,0.499,0.037,0.582,0.034,0.527,-0.247,0.053,0.264,0.278,0.601,0.009,0.816,0.673,0.088,0.683,0.291,0.161,0.771,0.464,0.57,0.719,0.444,-0.421,0.368,0.034,0.505,0.296,-0.096,0.501,-0.051,0.626,-0.209,0.34,0.403,0.019,0.507,0.547,0.631,-0.175,0.642,0.479,-0.506,0.656,0.595,0.323,0.162,0.475,-0.034,0.622,-0.514,0.604,0.735,0.05,0.587,0.565,0.399,0.535,-0.087,0.764,-0.023,-0.289,-0.106
AMAT,-0.274,0.665,-0.5,-0.198,0.791,0.387,-0.431,0.077,0.583,0.191,1.0,0.681,0.477,0.177,0.568,0.548,0.538,0.695,-0.505,0.169,0.026,0.746,0.308,0.52,0.453,0.578,-0.367,0.684,0.687,0.8,0.614,0.475,0.647,0.526,0.573,0.738,0.757,0.536,0.138,0.2,-0.253,0.659,0.492,0.733,0.77,-0.144,0.217,0.251,0.37,0.723,0.8,-0.001,0.674,0.353,0.716,0.697,0.333,0.082,0.691,0.577,0.187,0.503,-0.134,0.261,0.668,0.638,0.399,0.514,0.839,0.087,0.481,0.54,0.075,0.49,0.433,0.747,0.138,0.012,0.891,0.85,0.496,0.71,0.38,0.785,0.491,0.577,0.661,0.584,0.599,0.584,0.612,0.572,-0.333,0.238,-0.337,-0.307,-0.011,0.916,0.425,0.296,0.641,0.752,0.866,-0.159,-0.422,0.577,0.426,0.119,-0.147,-0.128,0.659,0.324,0.309,0.401,0.619,0.587,0.768,-0.031,-0.123,0.632,0.685,0.721,0.612,-0.385,-0.149,0.826,-0.022,0.678,0.798,0.457,0.602,0.865,0.52,0.594,0.009,0.486,0.361,0.722,0.589,0.454,0.443,-0.428,0.7,0.741,0.372,0.522,0.902,0.523,0.787,0.107,0.399,0.806,0.213,0.455,0.697,0.48,0.375,0.427,0.482,0.353,0.294,0.655,0.617,0.07,0.429,0.693,0.434,-0.396,0.548,0.659,0.571,0.381,0.748,0.016,-0.044,0.505,0.803,-0.225,-0.318,-0.291,0.695,0.545,-0.324,0.594,0.011,0.718,0.522,0.304,0.52,0.07,0.591,0.15,-0.301,0.563,0.109,0.646,0.24,0.726,0.497,0.71
AMD,-0.059,0.237,-0.292,-0.552,0.663,0.531,-0.075,0.365,0.263,0.628,0.681,1.0,0.54,0.511,0.028,0.272,0.343,0.723,-0.24,0.581,0.075,0.768,-0.238,0.077,0.137,0.812,0.092,0.442,0.327,0.672,0.655,0.548,0.289,0.616,0.218,0.192,0.559,0.269,0.534,0.443,-0.176,0.167,0.281,0.546,0.654,0.104,0.043,-0.057,0.512,0.611,0.516,0.453,0.314,-0.083,0.608,0.354,-0.131,0.416,0.429,0.487,0.302,0.068,0.244,0.52,0.421,0.049,0.61,0.433,0.444,-0.367,-0.062,0.773,-0.21,0.33,0.449,0.597,0.441,0.323,0.496,0.5,0.64,0.318,0.165,0.686,0.314,0.657,0.767,0.124,0.494,0.198,0.318,0.114,0.055,0.445,-0.024,-0.438,0.2,0.526,0.563,0.361,0.538,0.505,0.504,0.195,-0.14,0.662,0.268,0.481,0.088,0.206,0.363,-0.149,0.513,0.657,0.727,0.04,0.358,0.342,0.102,0.631,0.678,0.592,0.341,-0.399,0.127,0.712,0.155,0.063,0.291,0.082,0.256,0.424,0.097,0.486,0.389,0.272,0.09,0.404,0.634,0.417,0.52,-0.247,0.708,0.197,0.326,0.403,0.658,0.71,0.452,0.545,0.545,0.544,0.612,0.587,0.551,0.676,0.397,0.687,0.577,0.53,-0.193,0.455,0.465,0.301,0.253,0.327,0.576,-0.232,0.596,0.269,0.556,0.437,0.33,0.369,0.348,0.6,0.272,0.137,0.039,-0.491,0.763,0.558,0.006,0.32,0.349,0.382,0.526,-0.075,0.578,0.378,0.396,0.357,0.115,0.591,0.303,0.192,0.561,0.334,0.203,0.349
AMGN,0.389,0.252,-0.046,-0.47,0.554,0.658,0.264,0.673,0.018,0.603,0.477,0.54,1.0,0.696,-0.038,-0.139,0.343,0.43,-0.147,0.466,0.433,0.748,-0.305,0.301,0.471,0.503,0.135,0.395,0.122,0.228,0.351,0.539,0.031,0.709,-0.164,0.121,0.526,0.287,0.612,0.545,0.048,0.316,0.243,0.689,0.769,0.089,0.603,0.072,0.685,0.767,0.34,0.385,0.001,0.03,0.444,0.236,-0.05,0.661,0.275,0.659,0.471,0.304,0.544,0.746,0.607,0.07,0.747,0.754,0.441,-0.361,0.253,0.511,0.35,0.342,0.836,0.597,0.579,0.724,0.434,0.396,0.702,0.188,0.551,0.278,0.492,0.755,0.369,-0.097,0.762,0.011,-0.043,0.225,0.353,0.517,0.435,-0.237,0.539,0.28,0.656,0.771,0.115,0.497,0.298,0.244,0.19,0.747,0.156,0.391,0.529,0.526,-0.107,-0.347,0.602,0.814,0.398,0.097,0.01,0.468,0.577,0.693,0.633,0.338,-0.063,0.127,0.456,0.213,0.383,0.035,0.195,-0.118,-0.169,0.294,0.298,0.502,0.403,0.227,0.017,0.26,0.718,-0.019,0.511,-0.077,0.467,0.151,0.137,0.61,0.598,0.556,0.302,0.527,0.656,0.182,0.577,0.213,0.256,0.805,0.355,0.504,0.679,0.457,-0.269,0.7,-0.035,0.334,0.673,0.16,0.348,0.184,0.68,-0.006,0.209,0.575,0.372,0.443,0.453,0.656,0.269,0.419,0.294,-0.498,0.747,0.733,0.329,0.594,0.097,0.07,0.601,-0.232,0.789,0.615,-0.019,0.526,0.443,0.392,0.595,0.452,0.664,0.361,-0.053,0.114
AMZN,0.726,-0.015,0.445,-0.546,0.237,0.761,0.617,0.759,-0.228,0.732,0.177,0.511,0.696,1.0,-0.458,-0.462,-0.069,0.277,0.245,0.716,0.452,0.622,-0.705,-0.235,0.126,0.394,0.446,0.124,-0.197,0.056,0.378,0.482,-0.34,0.519,-0.399,-0.282,0.132,0.161,0.857,0.672,0.277,-0.188,0.109,0.388,0.499,0.334,0.365,-0.213,0.606,0.457,-0.004,0.747,-0.311,-0.289,0.336,-0.02,-0.44,0.917,-0.089,0.292,0.233,-0.092,0.81,0.825,0.236,-0.347,0.832,0.482,0.086,-0.354,-0.183,0.509,0.061,0.15,0.597,0.377,0.553,0.893,0.094,0.064,0.705,-0.261,0.214,0.049,0.072,0.582,0.424,-0.387,0.482,-0.396,-0.328,-0.186,0.744,0.427,0.692,-0.052,0.745,-0.03,0.618,0.718,-0.144,0.224,-0.052,0.629,0.587,0.729,-0.144,0.705,0.56,0.817,-0.339,-0.524,0.614,0.92,0.252,-0.27,-0.311,0.693,0.691,0.541,0.363,0.109,-0.402,0.143,0.581,0.062,0.588,-0.371,-0.207,-0.408,-0.366,-0.127,-0.084,0.312,0.733,-0.043,-0.341,0.047,0.617,-0.027,0.37,0.316,0.409,-0.259,-0.09,0.422,0.303,0.639,-0.039,0.61,0.532,-0.049,0.713,0.282,-0.015,0.724,0.304,0.549,0.571,0.458,-0.589,0.371,-0.104,0.647,0.376,-0.217,0.601,0.213,0.662,-0.309,0.203,0.414,0.012,0.541,0.818,0.631,-0.168,0.727,0.747,-0.415,0.615,0.54,0.56,0.222,0.335,-0.098,0.402,-0.593,0.732,0.772,-0.164,0.622,0.778,0.301,0.629,-0.086,0.654,-0.118,-0.494,-0.279
APA,-0.552,0.575,-0.598,0.218,0.368,-0.177,-0.681,-0.372,0.54,-0.325,0.568,0.028,-0.038,-0.458,1.0,0.701,0.498,0.252,-0.59,-0.417,-0.184,0.158,0.832,0.598,0.399,0.067,-0.629,0.552,0.602,0.417,0.173,0.089,0.747,0.038,0.624,0.846,0.485,0.412,-0.419,-0.308,-0.255,0.783,0.272,0.321,0.321,-0.422,0.107,0.346,-0.108,0.266,0.675,-0.464,0.78,0.617,0.317,0.565,0.61,-0.503,0.616,0.363,-0.066,0.581,-0.57,-0.327,0.461,0.863,-0.195,0.263,0.665,0.345,0.65,0.056,0.137,0.258,0.031,0.267,-0.289,-0.542,0.664,0.653,-0.091,0.817,0.356,0.526,0.34,0.127,0.148,0.767,0.198,0.78,0.573,0.704,-0.651,-0.152,-0.649,-0.084,-0.425,0.703,0.016,-0.13,0.516,0.494,0.652,-0.58,-0.622,-0.026,0.409,-0.376,-0.486,-0.622,0.547,0.535,-0.252,-0.288,0.187,0.778,0.613,-0.371,-0.417,0.086,0.27,0.362,0.649,-0.33,-0.496,0.425,-0.325,0.844,0.812,0.531,0.607,0.717,0.549,0.302,-0.544,0.535,0.484,0.55,0.025,0.166,0.108,-0.504,0.241,0.828,0.317,0.263,0.459,-0.103,0.663,-0.403,0.021,0.572,-0.321,0.088,0.549,-0.111,0.161,-0.134,-0.014,-0.105,0.724,0.432,0.38,-0.421,0.202,0.673,-0.102,-0.425,-0.03,0.663,0.178,0.04,0.657,-0.419,-0.447,0.013,0.729,-0.59,-0.623,-0.046,0.117,0.153,-0.578,0.45,-0.466,0.576,0.123,0.591,-0.156,-0.419,0.485,-0.258,-0.646,0.195,-0.247,0.69,-0.279,0.782,0.651,0.754
APPS,-0.679,0.412,-0.649,0.139,0.345,-0.121,-0.727,-0.351,0.624,-0.134,0.548,0.272,-0.139,-0.462,0.701,1.0,0.405,0.469,-0.529,-0.232,-0.264,0.138,0.592,0.418,0.211,0.378,-0.471,0.386,0.738,0.597,0.458,0.231,0.703,0.1,0.632,0.689,0.55,0.327,-0.347,-0.305,-0.349,0.475,0.283,0.218,0.252,-0.316,-0.185,0.196,-0.018,0.189,0.571,-0.372,0.736,0.332,0.356,0.536,0.47,-0.479,0.606,0.294,-0.002,0.419,-0.606,-0.286,0.291,0.657,-0.237,0.115,0.53,0.305,0.362,0.124,-0.199,0.252,-0.11,0.234,-0.136,-0.574,0.55,0.527,0.045,0.69,0.133,0.69,0.223,0.133,0.362,0.687,0.109,0.772,0.765,0.46,-0.632,-0.09,-0.721,-0.192,-0.507,0.654,0.038,-0.344,0.73,0.504,0.633,-0.53,-0.758,-0.014,0.539,-0.267,-0.591,-0.653,0.692,0.564,-0.229,-0.244,0.483,0.563,0.783,-0.355,-0.633,0.084,0.347,0.477,0.782,-0.594,-0.417,0.544,-0.332,0.639,0.678,0.547,0.669,0.624,0.347,0.284,-0.418,0.431,0.457,0.606,-0.065,0.482,0.216,-0.478,0.396,0.694,0.505,0.081,0.411,0.04,0.686,-0.045,0.018,0.737,-0.08,0.373,0.629,0.025,0.218,-0.025,0.086,-0.017,0.563,0.233,0.614,-0.332,-0.008,0.694,-0.005,-0.633,0.035,0.649,0.369,0.028,0.506,-0.352,-0.498,-0.017,0.585,-0.577,-0.65,-0.0,0.115,0.197,-0.555,0.259,-0.01,0.621,0.215,0.664,-0.158,-0.368,0.641,-0.182,-0.71,0.405,-0.277,0.469,-0.044,0.646,0.808,0.675
ARCC,-0.33,0.554,-0.62,-0.083,0.641,0.098,-0.413,0.107,0.083,0.032,0.538,0.343,0.343,-0.069,0.498,0.405,1.0,0.337,-0.456,-0.242,0.096,0.454,0.377,0.556,0.43,0.475,-0.194,0.759,0.373,0.278,0.187,0.272,0.47,0.508,0.287,0.48,0.468,0.469,-0.048,-0.047,-0.259,0.614,0.229,0.58,0.576,-0.174,0.48,0.14,0.302,0.43,0.652,-0.155,0.42,0.589,0.306,0.465,0.259,-0.147,0.549,0.651,0.226,0.543,-0.223,-0.077,0.669,0.528,0.035,0.59,0.656,0.032,0.534,0.272,0.195,0.673,0.395,0.503,0.182,-0.092,0.652,0.706,0.116,0.652,0.656,0.423,0.512,0.568,0.134,0.346,0.439,0.552,0.414,0.535,-0.373,0.424,-0.198,-0.234,-0.031,0.554,0.31,0.335,0.38,0.473,0.595,-0.319,-0.43,0.477,0.444,0.058,-0.083,-0.244,0.265,0.054,0.097,0.096,0.493,0.522,0.472,-0.087,0.165,0.48,0.319,0.503,0.471,-0.181,-0.18,0.315,-0.088,0.472,0.611,0.138,0.306,0.582,0.338,0.542,-0.111,0.554,0.238,0.357,0.376,0.104,0.49,-0.52,0.278,0.522,0.445,0.684,0.55,0.327,0.64,0.029,0.324,0.436,0.094,0.255,0.521,0.295,0.4,0.066,0.318,0.147,0.354,0.67,0.198,-0.397,0.497,0.461,-0.02,-0.157,0.07,0.616,0.121,0.24,0.654,-0.125,0.005,0.484,0.547,-0.207,-0.437,-0.266,0.399,0.512,-0.247,0.57,-0.384,0.204,0.381,0.313,0.265,0.008,0.304,0.171,-0.234,0.306,0.119,0.658,0.236,0.75,0.378,0.497
ARDX,-0.217,0.32,-0.295,-0.28,0.634,0.362,-0.198,0.188,0.554,0.422,0.695,0.723,0.43,0.277,0.252,0.469,0.337,1.0,-0.351,0.419,0.011,0.685,0.05,0.257,0.231,0.583,-0.188,0.352,0.584,0.677,0.701,0.508,0.447,0.496,0.382,0.392,0.699,0.309,0.306,0.452,-0.346,0.279,0.304,0.443,0.589,0.092,-0.065,0.278,0.362,0.686,0.544,0.227,0.463,0.156,0.496,0.442,0.321,0.28,0.521,0.524,0.35,0.338,0.105,0.383,0.429,0.263,0.463,0.336,0.529,-0.061,0.043,0.633,-0.14,0.131,0.44,0.646,0.337,0.164,0.61,0.614,0.558,0.474,0.179,0.748,0.479,0.505,0.705,0.424,0.486,0.377,0.358,0.352,0.004,0.07,-0.127,-0.311,-0.013,0.6,0.359,0.161,0.687,0.562,0.661,-0.031,-0.267,0.484,0.605,0.228,-0.156,0.016,0.377,0.081,0.355,0.486,0.735,0.157,0.517,0.056,-0.087,0.626,0.664,0.673,0.382,-0.44,0.026,0.69,0.163,0.298,0.49,0.407,0.353,0.611,0.251,0.402,0.212,0.239,0.372,0.489,0.379,0.214,0.462,-0.207,0.694,0.396,0.416,0.216,0.636,0.612,0.549,0.475,0.391,0.704,0.498,0.494,0.679,0.603,0.325,0.561,0.433,0.352,0.035,0.431,0.402,0.143,0.266,0.482,0.329,-0.407,0.498,0.349,0.456,0.569,0.413,0.381,0.072,0.517,0.412,0.032,-0.07,-0.282,0.662,0.489,-0.023,0.438,0.335,0.504,0.603,0.207,0.408,0.242,0.455,0.194,-0.102,0.564,0.167,0.358,0.388,0.5,0.434,0.528
ATER,0.587,-0.377,0.629,-0.01,-0.46,0.217,0.549,0.246,-0.394,0.076,-0.505,-0.24,-0.147,0.245,-0.59,-0.529,-0.456,-0.351,1.0,0.057,0.319,-0.322,-0.445,-0.559,-0.199,-0.207,0.525,-0.296,-0.466,-0.521,-0.187,-0.125,-0.55,-0.163,-0.379,-0.603,-0.538,-0.163,0.254,0.1,0.436,-0.595,-0.127,-0.414,-0.325,0.397,-0.066,-0.396,-0.076,-0.491,-0.478,0.35,-0.597,-0.216,-0.199,-0.364,-0.563,0.218,-0.568,-0.312,-0.282,-0.509,0.26,0.005,-0.422,-0.55,0.145,-0.25,-0.501,-0.125,-0.366,-0.253,-0.118,-0.219,-0.232,-0.293,-0.038,0.266,-0.531,-0.505,-0.035,-0.48,-0.105,-0.352,-0.499,-0.199,-0.143,-0.527,-0.326,-0.535,-0.387,-0.604,0.528,-0.08,0.427,0.303,0.349,-0.563,-0.08,0.107,-0.514,-0.336,-0.582,0.628,0.647,-0.024,-0.521,0.384,0.214,0.507,-0.333,-0.265,-0.067,0.029,-0.287,-0.363,-0.503,0.376,0.276,-0.247,-0.374,-0.401,-0.466,0.189,0.27,-0.484,0.157,-0.548,-0.566,-0.386,-0.52,-0.529,-0.558,-0.294,0.486,-0.445,-0.453,-0.436,0.004,-0.225,-0.181,0.472,-0.36,-0.532,-0.178,-0.201,-0.499,-0.156,-0.519,0.153,-0.126,-0.443,0.054,-0.088,-0.557,-0.133,-0.195,-0.165,-0.165,0.125,-0.5,-0.453,-0.366,0.332,-0.227,-0.703,0.167,0.223,0.009,-0.417,-0.168,-0.391,-0.411,0.128,0.401,-0.1,-0.482,0.483,0.586,0.114,-0.279,-0.181,0.337,-0.56,0.288,-0.382,-0.21,-0.387,-0.1,0.373,-0.446,0.089,0.445,-0.334,0.204,-0.577,0.054,-0.545,-0.532,-0.632
ATOS,0.357,-0.064,0.341,-0.36,0.194,0.519,0.389,0.445,0.09,0.722,0.169,0.581,0.466,0.716,-0.417,-0.232,-0.242,0.419,0.057,1.0,0.076,0.521,-0.582,-0.292,-0.144,0.357,0.2,-0.088,0.001,0.226,0.4,0.333,-0.251,0.329,-0.172,-0.202,0.169,-0.01,0.74,0.686,0.037,-0.312,-0.005,0.195,0.289,0.422,-0.086,0.009,0.313,0.412,-0.084,0.605,-0.219,-0.45,0.284,-0.025,-0.222,0.703,-0.057,0.134,0.205,-0.149,0.63,0.719,0.028,-0.32,0.639,0.173,-0.001,-0.346,-0.409,0.511,-0.126,-0.151,0.425,0.224,0.395,0.641,0.014,-0.028,0.566,-0.249,-0.183,0.225,0.111,0.316,0.517,-0.177,0.212,-0.284,-0.261,-0.191,0.557,0.131,0.37,-0.139,0.367,0.036,0.415,0.272,0.209,0.168,0.01,0.417,0.284,0.396,0.058,0.456,0.276,0.556,-0.133,-0.305,0.5,0.73,0.373,-0.358,-0.163,0.447,0.265,0.36,0.457,0.079,-0.243,0.012,0.34,0.246,0.45,-0.324,-0.191,-0.085,-0.103,-0.097,-0.1,0.123,0.517,-0.146,-0.086,0.117,0.282,0.018,0.16,0.222,0.475,-0.239,-0.076,0.09,0.262,0.581,-0.073,0.526,0.318,0.14,0.569,0.277,0.062,0.594,0.107,0.684,0.438,0.391,-0.372,0.134,0.057,0.575,0.052,-0.115,0.528,0.023,0.534,-0.269,0.266,0.467,-0.135,0.57,0.448,0.314,-0.183,0.438,0.512,-0.271,0.577,0.305,0.295,0.094,0.529,0.092,0.321,-0.396,0.463,0.449,0.047,0.272,0.524,0.268,0.352,-0.161,0.469,-0.214,-0.242,-0.203
AUPH,0.537,-0.059,0.214,-0.531,0.064,0.564,0.441,0.631,-0.371,0.364,0.026,0.075,0.433,0.452,-0.184,-0.264,0.096,0.011,0.319,0.076,1.0,0.23,-0.341,0.082,0.547,0.191,0.223,0.259,-0.24,-0.13,0.133,0.466,-0.223,0.517,-0.326,-0.128,0.053,0.33,0.42,0.261,0.527,-0.042,0.1,0.354,0.416,0.026,0.504,-0.098,0.607,0.226,-0.033,0.335,-0.235,0.228,0.316,0.008,-0.276,0.546,0.004,0.314,0.088,0.271,0.422,0.393,0.367,-0.075,0.389,0.525,0.129,-0.132,0.187,0.08,0.074,0.15,0.447,0.199,0.502,0.513,0.161,0.144,0.519,-0.046,0.502,-0.098,0.004,0.436,0.116,-0.423,0.414,-0.05,-0.219,-0.01,0.397,0.288,0.463,0.192,0.688,-0.094,0.347,0.674,-0.335,0.311,-0.105,0.456,0.487,0.544,0.026,0.586,0.554,0.528,-0.277,-0.414,0.1,0.49,0.045,-0.038,-0.237,0.495,0.631,0.347,0.097,0.005,-0.244,0.186,0.395,-0.17,0.634,-0.146,-0.092,-0.447,-0.274,-0.057,-0.006,0.491,0.491,0.257,-0.365,0.085,0.493,-0.082,0.565,0.191,0.035,-0.032,0.262,0.429,0.134,0.247,-0.01,0.438,0.444,-0.233,0.346,0.169,-0.059,0.493,0.397,0.0,0.486,0.085,-0.475,0.398,-0.145,0.331,0.607,-0.235,0.235,0.228,0.421,-0.233,0.121,0.135,0.222,0.317,0.467,0.49,-0.067,0.521,0.504,-0.415,0.276,0.529,0.504,0.255,0.148,-0.116,0.463,-0.441,0.42,0.712,-0.087,0.698,0.474,0.209,0.73,0.134,0.489,0.055,-0.254,-0.213
AVGO,0.072,0.404,-0.232,-0.41,0.662,0.575,-0.028,0.41,0.248,0.614,0.746,0.768,0.748,0.622,0.158,0.138,0.454,0.685,-0.322,0.521,0.23,1.0,-0.095,0.207,0.315,0.625,-0.082,0.512,0.393,0.562,0.61,0.572,0.312,0.665,0.191,0.335,0.676,0.342,0.543,0.541,-0.161,0.408,0.373,0.703,0.82,-0.017,0.33,0.087,0.524,0.793,0.579,0.444,0.306,0.123,0.607,0.398,0.049,0.551,0.447,0.651,0.352,0.328,0.388,0.615,0.543,0.232,0.715,0.628,0.613,-0.24,0.181,0.71,0.098,0.324,0.656,0.657,0.454,0.502,0.693,0.698,0.696,0.384,0.36,0.6,0.513,0.701,0.64,0.225,0.648,0.262,0.2,0.38,0.155,0.352,0.099,-0.35,0.293,0.602,0.656,0.579,0.436,0.597,0.576,0.203,-0.06,0.779,0.356,0.503,0.17,0.274,0.22,-0.117,0.571,0.762,0.607,0.172,0.353,0.339,0.337,0.733,0.745,0.606,0.183,-0.229,0.174,0.623,0.309,0.234,0.424,0.084,0.226,0.51,0.31,0.604,0.423,0.333,0.085,0.482,0.68,0.222,0.621,-0.211,0.719,0.333,0.211,0.567,0.773,0.778,0.494,0.459,0.615,0.503,0.568,0.466,0.524,0.75,0.501,0.665,0.66,0.49,-0.049,0.721,0.354,0.292,0.498,0.389,0.537,-0.211,0.642,0.264,0.484,0.637,0.454,0.354,0.398,0.772,0.391,0.271,0.101,-0.482,0.867,0.673,0.076,0.613,0.176,0.367,0.671,-0.092,0.7,0.437,0.352,0.38,0.211,0.531,0.4,0.417,0.528,0.51,0.099,0.369
AZN,-0.661,0.41,-0.531,0.462,0.119,-0.49,-0.667,-0.639,0.463,-0.542,0.308,-0.238,-0.305,-0.705,0.832,0.592,0.377,0.05,-0.445,-0.582,-0.341,-0.095,1.0,0.501,0.184,-0.169,-0.605,0.247,0.47,0.203,-0.094,-0.243,0.658,-0.244,0.642,0.705,0.24,0.128,-0.626,-0.462,-0.314,0.62,0.192,0.022,-0.001,-0.419,-0.038,0.379,-0.431,0.01,0.405,-0.656,0.623,0.599,0.053,0.338,0.597,-0.727,0.381,0.093,-0.143,0.429,-0.704,-0.556,0.136,0.71,-0.447,-0.038,0.428,0.415,0.522,-0.254,0.184,0.086,-0.235,-0.007,-0.539,-0.718,0.443,0.461,-0.403,0.636,0.17,0.316,0.252,-0.187,-0.112,0.744,-0.115,0.721,0.485,0.645,-0.709,-0.314,-0.702,-0.004,-0.645,0.468,-0.252,-0.378,0.358,0.187,0.46,-0.623,-0.608,-0.327,0.309,-0.544,-0.594,-0.738,0.509,0.604,-0.381,-0.584,-0.043,0.616,0.539,-0.555,-0.501,-0.187,0.04,0.168,0.548,-0.263,-0.553,0.201,-0.44,0.724,0.645,0.573,0.51,0.549,0.42,0.086,-0.648,0.339,0.494,0.307,-0.26,0.098,-0.099,-0.448,-0.066,0.655,0.213,-0.005,0.167,-0.319,0.418,-0.592,-0.342,0.389,-0.597,-0.049,0.315,-0.428,-0.071,-0.322,-0.343,-0.151,0.784,0.167,0.275,-0.56,-0.05,0.515,-0.318,-0.39,-0.338,0.606,0.038,-0.117,0.394,-0.495,-0.62,-0.252,0.562,-0.672,-0.722,0.219,-0.212,-0.172,-0.653,0.244,-0.478,0.39,-0.12,0.7,-0.434,-0.582,0.313,-0.509,-0.754,-0.095,-0.527,0.492,-0.563,0.606,0.606,0.623
BCRX,-0.286,0.67,-0.488,0.099,0.557,-0.046,-0.356,-0.036,0.424,-0.272,0.52,0.077,0.301,-0.235,0.598,0.418,0.556,0.257,-0.559,-0.292,0.082,0.207,0.501,1.0,0.557,0.152,-0.335,0.464,0.43,0.348,0.114,0.057,0.505,0.239,0.247,0.708,0.432,0.407,-0.306,-0.107,-0.203,0.643,0.121,0.569,0.45,-0.309,0.463,0.433,0.13,0.534,0.487,-0.595,0.47,0.567,0.268,0.366,0.595,-0.255,0.587,0.507,0.203,0.728,-0.377,-0.06,0.636,0.713,-0.15,0.497,0.692,0.28,0.729,0.034,0.453,0.339,0.427,0.434,-0.116,-0.143,0.631,0.529,0.031,0.666,0.568,0.341,0.658,0.385,0.001,0.399,0.435,0.57,0.359,0.755,-0.479,0.155,-0.226,-0.071,-0.105,0.569,0.086,0.2,0.277,0.428,0.643,-0.587,-0.418,0.16,0.36,-0.409,0.009,-0.327,0.298,0.2,0.025,-0.018,0.144,0.672,0.492,-0.364,-0.059,0.292,0.335,0.306,0.487,0.13,-0.266,0.282,-0.068,0.715,0.736,0.368,0.297,0.727,0.6,0.42,-0.492,0.394,0.582,0.366,0.13,-0.025,0.16,-0.444,0.129,0.739,0.348,0.473,0.573,-0.025,0.642,-0.218,0.042,0.416,-0.175,-0.008,0.498,0.176,0.092,-0.014,0.158,-0.146,0.498,0.562,0.105,-0.417,0.555,0.467,-0.207,0.059,0.058,0.387,-0.058,0.23,0.691,-0.214,-0.355,0.099,0.763,-0.532,-0.47,-0.025,0.18,0.326,-0.232,0.689,-0.466,0.293,0.141,0.543,0.164,-0.18,0.165,-0.069,-0.374,0.094,0.002,0.84,-0.02,0.685,0.586,0.595
BGC,0.145,0.3,-0.213,-0.296,0.406,0.416,0.009,0.438,0.08,0.094,0.453,0.137,0.471,0.126,0.399,0.211,0.43,0.231,-0.199,-0.144,0.547,0.315,0.184,0.557,1.0,0.235,-0.248,0.557,0.215,0.233,0.175,0.493,0.283,0.504,0.164,0.475,0.452,0.608,0.134,0.143,0.343,0.454,0.308,0.549,0.633,-0.196,0.61,0.352,0.495,0.466,0.407,-0.106,0.278,0.393,0.376,0.444,0.267,0.204,0.496,0.545,0.166,0.701,0.023,0.295,0.699,0.539,0.209,0.69,0.576,0.084,0.721,0.138,0.306,0.276,0.584,0.431,0.332,0.158,0.633,0.571,0.422,0.487,0.738,0.272,0.388,0.462,0.213,0.17,0.589,0.412,0.174,0.457,-0.09,0.164,0.135,0.223,0.441,0.422,0.323,0.471,0.103,0.721,0.422,-0.069,0.051,0.479,0.275,0.108,0.151,0.175,0.074,0.08,-0.057,0.311,0.196,0.547,0.246,0.155,0.298,0.482,0.325,0.329,0.224,-0.066,0.103,0.153,0.268,0.502,0.532,0.091,0.191,0.503,0.606,0.595,0.012,0.531,0.101,0.495,0.442,-0.023,0.534,-0.022,0.298,0.549,0.43,0.568,0.547,0.139,0.472,0.203,0.399,0.287,0.076,0.083,0.416,0.429,0.393,-0.01,0.415,0.036,0.057,0.635,0.05,0.153,0.789,0.255,0.154,-0.013,0.436,0.238,0.238,0.36,0.646,0.054,0.05,0.407,0.518,-0.028,-0.013,-0.259,0.301,0.637,0.146,0.613,-0.16,0.3,0.55,0.104,0.369,0.396,0.214,0.42,0.079,0.393,0.458,0.65,0.341,0.554,0.292,0.281
BIDU,-0.05,0.266,-0.429,-0.521,0.647,0.493,-0.155,0.438,0.107,0.528,0.578,0.812,0.503,0.394,0.067,0.378,0.475,0.583,-0.207,0.357,0.191,0.625,-0.169,0.152,0.235,1.0,0.203,0.534,0.333,0.597,0.665,0.625,0.274,0.721,0.189,0.204,0.566,0.319,0.443,0.234,-0.179,0.192,0.359,0.603,0.69,-0.014,0.18,-0.187,0.588,0.521,0.511,0.322,0.259,0.043,0.622,0.38,-0.179,0.311,0.521,0.528,0.271,0.116,0.093,0.426,0.529,0.116,0.456,0.514,0.506,-0.278,0.105,0.651,-0.156,0.567,0.438,0.558,0.533,0.24,0.502,0.502,0.606,0.357,0.383,0.654,0.312,0.731,0.716,0.063,0.561,0.295,0.445,0.163,-0.016,0.632,-0.041,-0.436,0.213,0.45,0.676,0.391,0.527,0.54,0.459,0.143,-0.263,0.673,0.264,0.451,0.136,0.135,0.361,-0.125,0.383,0.554,0.776,0.165,0.366,0.364,0.073,0.641,0.65,0.631,0.425,-0.36,0.055,0.523,0.078,0.042,0.289,0.044,0.221,0.369,0.12,0.612,0.365,0.419,-0.046,0.418,0.627,0.407,0.556,-0.361,0.657,0.264,0.546,0.56,0.588,0.689,0.52,0.577,0.614,0.526,0.634,0.511,0.559,0.695,0.591,0.508,0.664,0.491,-0.174,0.519,0.48,0.21,0.395,0.357,0.449,-0.205,0.515,0.375,0.581,0.315,0.439,0.155,0.295,0.603,0.29,0.176,-0.065,-0.499,0.654,0.693,-0.027,0.353,0.191,0.337,0.543,0.023,0.547,0.346,0.413,0.473,0.028,0.606,0.384,0.283,0.667,0.419,0.31,0.269
BILI,0.56,-0.209,0.415,-0.242,-0.138,0.221,0.481,0.38,-0.51,0.252,-0.367,0.092,0.135,0.446,-0.629,-0.471,-0.194,-0.188,0.525,0.2,0.223,-0.082,-0.605,-0.335,-0.248,0.203,1.0,-0.179,-0.476,-0.359,0.05,0.023,-0.584,0.138,-0.593,-0.624,-0.345,-0.228,0.387,0.082,0.156,-0.522,-0.295,-0.089,-0.097,0.288,0.206,-0.54,0.227,-0.224,-0.387,0.409,-0.602,-0.373,-0.179,-0.392,-0.687,0.328,-0.36,0.009,0.003,-0.445,0.388,0.18,-0.153,-0.608,0.144,0.039,-0.311,-0.351,-0.326,0.073,0.019,0.134,0.02,-0.096,0.203,0.415,-0.432,-0.432,0.181,-0.459,0.022,-0.266,-0.256,0.163,-0.09,-0.636,-0.049,-0.525,-0.252,-0.448,0.52,0.508,0.488,0.004,0.467,-0.502,0.283,0.285,-0.399,-0.373,-0.499,0.407,0.511,0.221,-0.424,0.414,0.392,0.478,-0.351,-0.543,0.278,0.269,-0.057,-0.388,-0.483,0.424,0.45,-0.057,-0.157,-0.163,-0.254,0.303,0.304,-0.395,0.241,-0.647,-0.539,-0.559,-0.59,-0.5,-0.544,-0.151,0.349,-0.282,-0.464,-0.468,0.122,-0.107,-0.034,0.227,-0.221,-0.548,0.035,0.13,-0.27,0.142,-0.332,0.359,0.098,-0.421,0.433,0.072,-0.312,0.154,0.078,0.06,0.064,0.224,-0.581,-0.174,-0.386,0.193,0.025,-0.577,0.148,0.442,-0.021,-0.386,-0.239,-0.253,-0.261,0.14,0.61,0.104,-0.415,0.503,0.534,-0.002,-0.043,0.069,0.512,-0.288,0.156,-0.546,-0.151,-0.38,0.169,0.398,-0.429,0.258,0.505,-0.17,0.286,-0.436,0.344,-0.407,-0.418,-0.58
BKR,-0.085,0.624,-0.492,-0.216,0.649,0.439,-0.387,0.314,0.086,0.17,0.684,0.442,0.395,0.124,0.552,0.386,0.759,0.352,-0.296,-0.088,0.259,0.512,0.247,0.464,0.557,0.534,-0.179,1.0,0.429,0.418,0.371,0.535,0.461,0.645,0.312,0.559,0.539,0.683,0.211,-0.011,-0.028,0.564,0.321,0.683,0.72,-0.12,0.493,-0.042,0.497,0.448,0.776,0.082,0.468,0.486,0.613,0.592,0.099,0.063,0.704,0.634,-0.047,0.474,-0.08,0.118,0.776,0.632,0.273,0.702,0.805,-0.011,0.645,0.474,0.138,0.735,0.42,0.608,0.302,0.05,0.769,0.786,0.351,0.72,0.692,0.542,0.333,0.679,0.382,0.318,0.546,0.506,0.44,0.46,-0.243,0.396,-0.157,-0.206,0.203,0.694,0.548,0.46,0.388,0.725,0.606,-0.084,-0.283,0.661,0.248,0.254,-0.041,-0.025,0.338,0.198,0.033,0.303,0.541,0.662,0.492,0.166,0.167,0.577,0.393,0.526,0.458,-0.292,-0.134,0.432,-0.016,0.534,0.664,0.056,0.382,0.604,0.368,0.573,0.086,0.601,0.036,0.535,0.588,0.166,0.546,-0.46,0.512,0.643,0.424,0.786,0.677,0.432,0.727,0.123,0.562,0.543,0.227,0.229,0.614,0.441,0.52,0.148,0.552,0.208,0.272,0.738,0.287,-0.106,0.642,0.42,0.333,-0.224,0.399,0.643,0.336,0.161,0.833,-0.151,0.099,0.602,0.649,-0.054,-0.235,-0.406,0.555,0.692,-0.259,0.516,-0.326,0.385,0.521,0.125,0.407,0.171,0.418,0.321,-0.098,0.452,0.3,0.636,0.389,0.713,0.293,0.468
BLDP,-0.447,0.599,-0.449,0.275,0.45,0.093,-0.638,-0.22,0.712,0.007,0.687,0.327,0.122,-0.197,0.602,0.738,0.373,0.584,-0.466,0.001,-0.24,0.393,0.47,0.43,0.215,0.333,-0.476,0.429,1.0,0.708,0.577,0.289,0.697,0.253,0.63,0.764,0.655,0.371,-0.167,-0.048,-0.386,0.546,0.452,0.336,0.415,-0.063,-0.052,0.278,0.028,0.377,0.628,-0.246,0.64,0.27,0.488,0.672,0.617,-0.215,0.703,0.406,0.223,0.512,-0.399,-0.047,0.375,0.716,0.032,0.207,0.679,0.389,0.464,0.273,-0.048,0.244,0.105,0.461,-0.069,-0.284,0.665,0.625,0.245,0.74,0.134,0.804,0.39,0.185,0.482,0.766,0.29,0.666,0.629,0.592,-0.474,-0.163,-0.511,-0.117,-0.368,0.793,0.194,-0.189,0.732,0.591,0.762,-0.415,-0.639,0.156,0.64,-0.147,-0.522,-0.372,0.58,0.614,-0.045,0.011,0.6,0.647,0.814,-0.255,-0.47,0.231,0.598,0.61,0.606,-0.478,-0.277,0.605,-0.181,0.732,0.766,0.732,0.628,0.735,0.508,0.328,-0.213,0.285,0.51,0.674,0.138,0.351,0.191,-0.331,0.641,0.768,0.328,0.164,0.59,0.246,0.752,-0.019,0.18,0.844,-0.042,0.302,0.682,0.266,0.331,0.196,0.307,0.1,0.619,0.337,0.591,-0.117,0.107,0.672,0.184,-0.67,0.265,0.602,0.427,0.222,0.609,-0.27,-0.409,0.14,0.716,-0.417,-0.469,0.144,0.377,0.314,-0.517,0.432,0.086,0.715,0.284,0.591,0.116,-0.26,0.568,-0.167,-0.526,0.353,-0.187,0.605,0.029,0.664,0.64,0.621
BLNK,-0.427,0.393,-0.533,-0.213,0.596,0.202,-0.442,-0.055,0.584,0.184,0.8,0.672,0.228,0.056,0.417,0.597,0.278,0.677,-0.521,0.226,-0.13,0.562,0.203,0.348,0.233,0.597,-0.359,0.418,0.708,1.0,0.681,0.389,0.634,0.399,0.629,0.642,0.673,0.34,0.02,0.137,-0.266,0.444,0.506,0.495,0.564,-0.156,-0.071,0.231,0.261,0.54,0.627,-0.055,0.65,0.075,0.662,0.655,0.337,0.022,0.686,0.329,0.28,0.364,-0.195,0.19,0.436,0.484,0.227,0.261,0.614,0.131,0.263,0.544,-0.194,0.232,0.219,0.53,0.126,-0.123,0.706,0.651,0.408,0.593,0.068,0.811,0.423,0.346,0.761,0.525,0.406,0.547,0.66,0.481,-0.425,0.067,-0.413,-0.273,-0.152,0.781,0.298,-0.031,0.733,0.621,0.73,-0.222,-0.517,0.324,0.511,0.09,-0.241,-0.224,0.583,0.344,0.167,0.27,0.662,0.408,0.716,-0.109,-0.365,0.484,0.685,0.757,0.644,-0.519,-0.192,0.888,-0.072,0.525,0.62,0.511,0.68,0.684,0.448,0.521,-0.028,0.416,0.321,0.709,0.408,0.499,0.356,-0.311,0.764,0.633,0.407,0.221,0.695,0.487,0.691,0.182,0.319,0.8,0.24,0.502,0.744,0.402,0.411,0.488,0.436,0.198,0.229,0.402,0.813,0.149,0.179,0.689,0.403,-0.483,0.41,0.504,0.726,0.408,0.505,-0.007,-0.176,0.313,0.575,-0.291,-0.392,-0.152,0.56,0.367,-0.251,0.442,0.174,0.789,0.394,0.354,0.342,-0.076,0.713,0.124,-0.403,0.61,-0.008,0.443,0.165,0.525,0.597,0.632
BYND,-0.007,0.344,-0.196,-0.355,0.432,0.511,-0.155,0.233,0.421,0.393,0.614,0.655,0.351,0.378,0.173,0.458,0.187,0.701,-0.187,0.4,0.133,0.61,-0.094,0.114,0.175,0.665,0.05,0.371,0.577,0.681,1.0,0.523,0.35,0.529,0.356,0.37,0.577,0.336,0.332,0.2,-0.14,0.203,0.463,0.475,0.596,0.034,0.042,-0.083,0.437,0.459,0.459,0.275,0.379,0.022,0.629,0.491,0.034,0.295,0.493,0.457,0.168,0.241,0.069,0.365,0.388,0.254,0.425,0.361,0.533,0.073,0.123,0.506,-0.292,0.247,0.243,0.472,0.298,0.176,0.552,0.498,0.661,0.38,0.201,0.742,0.184,0.531,0.792,0.31,0.437,0.352,0.521,0.267,0.012,0.201,-0.147,-0.199,0.133,0.535,0.481,0.221,0.605,0.57,0.515,0.138,-0.171,0.562,0.394,0.408,-0.129,0.105,0.414,0.105,0.275,0.493,0.729,0.273,0.47,0.275,-0.059,0.452,0.665,0.655,0.371,-0.391,0.015,0.581,0.206,0.248,0.367,0.195,0.362,0.416,0.141,0.483,0.308,0.304,0.103,0.64,0.458,0.449,0.446,-0.113,0.76,0.414,0.463,0.361,0.561,0.631,0.6,0.462,0.455,0.683,0.542,0.655,0.593,0.594,0.589,0.363,0.553,0.375,-0.052,0.409,0.549,0.379,0.214,0.4,0.584,-0.504,0.546,0.348,0.627,0.26,0.439,0.096,0.262,0.514,0.341,0.114,0.05,-0.214,0.575,0.567,-0.01,0.34,0.362,0.58,0.455,0.124,0.458,0.214,0.502,0.288,-0.041,0.571,0.297,0.253,0.452,0.436,0.291,0.33
