,AAL,AAPL,ABUS,ADBE,ADI,ADMA,AEP,AGNC,AKBA,ALT,AMAT,AMD,AMGN,AMZN,APA,APPS,ARCC,ARDX,ATER,ATOS,AUPH,AVGO,AZN,BCRX,BGC,BIDU,BILI,BKR,BLDP,BLNK,BYND,CAN,CELH,CG,CGC,CHRD,CLNE,CMCSA,COMM,COST,CPB,CPRT,CRON,CRWD,CSCO,CSGP,CSX,CTSH,CZR,DBX,DDOG,DKNG,DLTR,DOCU,DVAX,DXCM,EA,EBAY,ENPH,ERIC,ESPR,ETSY,EXC,EXEL,EXPE,FANG,FAST,FITB,FLEX,FOLD,FOXA,FSLR,FTNT,FUTU,GEN,GERN,GEVO,GILD,GOOG,GOOGL,GPRO,GT,HBAN,HIVE,HON,HST,HUT,IBRX,INTC,IOVA,IQ,IRWD,JBLU,JD,KDP,KHC,LBTYK,LRCX,LYFT,MAR,MARA,MAT,MCHP,MCRB,MDLZ,META,MGNI,MLCO,MNKD,MNST,MOMO,MRNA,MRVL,MSFT,MSTR,MTCH,MU,MVIS,NDAQ,NFLX,NKTR,NNDM,NTES,NTNX,NVAX,NVDA,NWL,NWSA,NXPI,OCGN,OKTA,ON,OPK,PAA,PACB,PAGP,PANW,PARA,PCAR,PDD,PENN,PEP,PLUG,PTEN,PTON,PYPL,QCOM,QUBT,QVCGA,RDFN,REAL,RIOT,ROKU,ROST,RUN,SABR,SAVA,SBUX,SFIX,SGMO,SIRI,SLM,SMCI,SNDL,SONO,STNE,STX,TCOM,TGTX,TIGR,TLRY,TMUS,TRIP,TSCO,TSLA,TTD,TXN,UAL,UNIT,VERU,VKTX,VLY,VOD,VTRS,VXRT,WBA,WBD,WDAY,WDC,WEN,WW,WYNN,XEL,XP,XRAY,XRX,Z,ZION,ZM,ZS
AAL,1.0,0.322,0.022,0.285,0.35,0.392,0.489,0.58,-0.099,0.127,0.15,-0.237,0.413,0.221,-0.266,0.568,0.468,0.349,0.381,0.105,0.018,0.05,0.368,0.521,0.532,0.29,0.396,0.223,0.222,0.303,0.288,-0.365,0.399,-0.251,-0.011,-0.104,0.149,0.254,0.36,0.419,0.445,0.075,0.125,0.326,0.181,0.134,0.174,-0.051,-0.329,0.02,-0.518,-0.064,-0.212,0.15,-0.242,-0.113,-0.067,-0.115,0.252,0.629,0.374,-0.396,0.411,-0.315,-0.528,0.011,-0.466,0.507,0.221,-0.374,0.53,0.51,-0.548,0.367,0.214,0.052,0.495,-0.067,0.312,0.323,-0.198,0.335,0.5,-0.239,0.57,-0.502,0.36,0.177,-0.274,0.027,0.249,-0.362,0.037,0.404,0.466,-0.235,0.325,-0.102,-0.002,-0.244,0.486,0.571,0.239,0.136,0.361,0.187,0.199,0.32,0.356,0.248,0.504,0.308,0.086,0.268,0.219,-0.283,0.233,-0.197,0.443,0.18,0.222,-0.259,0.379,0.339,0.354,0.182,0.355,0.312,0.252,0.339,0.394,0.213,0.206,0.506,0.255,0.353,0.452,0.445,-0.321,0.438,-0.144,0.601,0.091,-0.042,0.403,-0.197,0.269,-0.068,-0.391,0.357,0.308,0.257,0.256,0.265,0.338,0.046,-0.208,-0.327,0.032,-0.048,0.152,0.555,-0.312,0.262,0.161,0.46,0.611,0.458,0.344,0.334,0.011,0.286,-0.506,0.354,0.041,0.228,0.393,0.713,-0.519,0.087,0.117,0.59,0.424,-0.014,-0.217,-0.05,0.066,-0.357,0.191,-0.17,0.41,0.063,0.744,0.181,-0.58,-0.154,-0.114,0.477,0.243,-0.143
AAPL,0.322,1.0,0.426,0.737,0.598,0.571,0.649,0.691,-0.093,0.14,0.588,-0.008,0.934,0.676,-0.516,0.699,0.543,0.878,0.673,0.513,0.434,0.426,0.659,0.627,0.692,0.764,0.704,-0.121,0.645,0.805,0.745,-0.209,0.705,-0.467,0.289,-0.221,0.551,-0.272,0.435,0.864,0.366,0.607,0.553,0.856,-0.209,0.391,-0.172,-0.039,-0.559,0.189,-0.443,0.656,-0.341,0.593,-0.245,-0.456,0.251,-0.158,0.336,0.447,0.603,-0.494,0.46,-0.514,-0.508,0.064,-0.14,0.586,0.402,-0.574,0.638,0.812,-0.596,0.71,0.24,0.305,0.506,-0.453,0.566,0.58,0.085,0.748,0.599,-0.508,0.506,-0.415,-0.143,0.594,-0.644,0.479,0.663,-0.39,-0.527,0.725,0.522,-0.531,0.407,0.217,0.352,-0.279,0.405,0.274,0.597,0.524,0.283,-0.214,0.542,0.769,0.627,0.719,0.64,0.805,0.571,0.325,0.069,-0.422,0.544,0.158,0.147,0.383,0.654,0.03,0.78,0.691,0.468,0.638,0.585,0.298,0.694,0.54,0.73,0.623,0.471,0.185,0.652,0.126,0.654,0.668,-0.476,0.731,-0.442,0.428,0.297,-0.399,0.782,0.235,0.826,0.277,-0.495,0.796,0.737,-0.018,0.184,0.122,0.711,0.36,0.272,-0.627,0.384,0.344,0.044,0.354,-0.061,0.687,0.001,0.707,0.596,0.79,0.669,0.782,0.469,0.226,-0.539,0.472,0.451,0.674,0.627,0.169,-0.502,0.442,0.652,0.217,0.297,0.312,-0.139,-0.392,-0.232,-0.317,0.545,-0.157,0.814,0.08,0.272,0.646,-0.655,-0.561,-0.047,0.703,0.485,0.135
ABUS,0.022,0.426,1.0,0.448,0.368,0.379,0.28,0.333,-0.031,0.319,0.711,0.528,0.359,0.587,-0.066,0.436,0.062,0.34,0.375,0.336,0.077,0.614,0.055,0.537,0.294,0.137,0.1,0.026,0.508,0.222,0.174,0.388,0.519,0.014,-0.085,0.273,0.471,-0.125,0.437,0.509,-0.193,0.347,0.34,0.52,0.218,0.062,0.415,0.252,0.094,-0.142,-0.375,0.584,0.16,0.291,-0.339,-0.075,-0.158,-0.01,0.169,0.098,0.203,-0.082,-0.059,-0.187,-0.484,0.296,0.053,0.164,0.418,-0.398,0.255,0.405,-0.395,0.093,0.352,-0.033,0.242,-0.047,0.088,0.084,-0.221,0.564,0.265,-0.377,0.312,-0.108,-0.303,0.07,-0.133,0.099,-0.054,-0.473,-0.052,0.132,-0.067,-0.373,0.275,0.604,0.472,0.271,0.078,0.057,0.21,0.1,-0.083,0.154,0.196,0.538,0.067,0.587,0.17,0.214,0.526,0.578,0.311,-0.361,0.718,-0.104,-0.057,0.711,0.406,-0.19,0.089,0.699,0.341,0.56,0.206,0.249,0.395,0.598,0.406,0.271,-0.037,0.061,0.233,0.017,0.247,-0.034,0.146,0.151,-0.194,0.016,0.396,0.075,0.497,-0.077,0.443,0.268,-0.316,0.478,0.232,-0.303,-0.08,0.492,0.461,0.03,-0.164,-0.176,0.304,0.296,0.16,-0.102,0.477,0.319,-0.102,0.281,0.372,0.233,0.338,0.122,0.165,-0.297,-0.563,-0.068,0.049,0.188,0.345,-0.231,-0.505,0.059,0.229,0.017,-0.018,-0.171,0.219,-0.363,0.085,-0.093,0.442,-0.502,0.231,0.354,0.03,0.441,-0.295,0.043,0.318,0.279,0.073,0.023
ADBE,0.285,0.737,0.448,1.0,0.507,0.434,0.599,0.579,0.18,0.329,0.613,0.151,0.67,0.76,-0.534,0.59,0.358,0.757,0.596,0.507,0.256,0.441,0.408,0.581,0.675,0.631,0.485,-0.112,0.57,0.659,0.605,-0.073,0.502,-0.364,0.135,-0.073,0.483,-0.201,0.331,0.741,0.17,0.611,0.412,0.704,-0.089,0.345,-0.027,0.079,-0.333,0.136,-0.475,0.497,-0.05,0.674,-0.04,-0.182,0.292,-0.338,0.426,0.419,0.526,-0.543,0.241,-0.411,-0.641,0.213,-0.364,0.536,0.42,-0.335,0.547,0.722,-0.659,0.504,0.074,0.193,0.457,-0.311,0.542,0.548,0.164,0.555,0.604,-0.47,0.396,-0.362,-0.021,0.432,-0.362,0.588,0.38,-0.177,-0.409,0.583,0.344,-0.533,0.481,0.32,0.413,-0.178,0.442,0.284,0.45,0.374,0.151,0.025,0.487,0.618,0.601,0.573,0.588,0.606,0.646,0.574,0.312,-0.338,0.602,0.328,0.302,0.571,0.537,0.066,0.528,0.67,0.312,0.704,0.417,0.266,0.583,0.443,0.713,0.514,0.34,0.136,0.494,0.083,0.615,0.51,-0.236,0.577,-0.483,0.304,0.368,-0.29,0.57,0.176,0.672,0.354,-0.232,0.578,0.5,0.011,0.245,0.249,0.663,0.024,0.226,-0.57,0.386,0.242,0.31,0.304,0.168,0.601,0.076,0.722,0.518,0.664,0.562,0.557,0.342,-0.035,-0.475,0.293,0.366,0.569,0.559,0.12,-0.676,0.423,0.54,0.312,0.268,0.355,0.006,-0.398,-0.078,-0.161,0.578,-0.222,0.587,0.27,0.259,0.643,-0.632,-0.382,-0.085,0.646,0.323,0.193
ADI,0.35,0.598,0.368,0.507,1.0,0.542,0.722,0.74,-0.275,0.003,0.693,0.161,0.551,0.498,-0.459,0.57,0.506,0.446,0.661,0.516,0.249,0.629,0.694,0.45,0.699,0.602,0.774,0.401,0.402,0.498,0.433,-0.084,0.616,-0.257,0.341,-0.114,0.618,-0.391,0.268,0.586,0.568,0.689,0.611,0.657,-0.154,0.825,-0.146,-0.275,-0.524,0.343,-0.256,0.304,-0.472,0.447,-0.353,-0.394,0.14,0.058,0.446,0.437,0.562,-0.375,0.433,-0.264,-0.488,0.217,-0.065,0.632,0.454,-0.538,0.537,0.614,-0.593,0.731,0.201,0.292,0.509,-0.405,0.63,0.619,-0.013,0.494,0.706,-0.357,0.556,-0.304,0.173,0.563,-0.582,0.266,0.684,-0.322,-0.545,0.71,0.729,-0.29,0.122,0.44,0.091,0.004,0.514,0.599,0.816,0.551,0.699,-0.294,0.549,0.584,0.591,0.425,0.635,0.602,0.656,0.254,-0.028,-0.513,0.541,0.065,0.034,0.306,0.541,-0.085,0.484,0.647,0.406,0.729,0.694,0.218,0.813,0.392,0.487,0.831,0.347,0.261,0.404,0.288,0.714,0.397,-0.467,0.676,-0.205,0.702,-0.024,-0.38,0.55,0.334,0.612,0.349,-0.657,0.525,0.624,0.378,0.295,-0.021,0.543,0.395,0.234,-0.471,0.139,0.229,-0.042,0.592,0.048,0.591,0.055,0.732,0.835,0.534,0.478,0.595,0.404,0.397,-0.439,0.685,0.678,0.724,0.961,0.287,-0.462,0.182,0.604,0.232,0.445,0.367,-0.402,-0.412,-0.361,-0.604,0.65,0.001,0.44,-0.075,0.381,0.274,-0.603,-0.539,0.098,0.719,0.655,0.292
ADMA,0.392,0.571,0.379,0.434,0.542,1.0,0.647,0.633,-0.355,0.171,0.406,-0.172,0.586,0.407,-0.47,0.611,0.664,0.387,0.738,0.255,0.196,0.32,0.439,0.564,0.495,0.473,0.553,0.111,0.516,0.632,0.44,-0.159,0.721,-0.352,0.235,-0.15,0.813,-0.125,0.286,0.694,0.441,0.298,0.561,0.641,-0.029,0.239,-0.043,-0.072,-0.387,0.327,-0.381,0.217,-0.281,0.327,-0.406,-0.45,0.026,0.014,0.037,0.445,0.511,-0.389,0.642,-0.49,-0.484,0.014,-0.207,0.573,0.199,-0.644,0.632,0.547,-0.589,0.521,0.788,0.152,0.466,-0.197,0.379,0.4,-0.102,0.61,0.572,-0.433,0.669,-0.391,-0.005,0.363,-0.533,0.225,0.428,-0.394,-0.383,0.554,0.403,-0.358,0.24,0.04,0.09,-0.168,0.298,0.315,0.306,0.409,0.346,-0.162,0.391,0.559,0.431,0.43,0.487,0.541,0.326,0.22,-0.001,-0.373,0.409,-0.161,0.081,0.284,0.658,-0.16,0.484,0.636,0.934,0.393,0.478,0.541,0.472,0.432,0.559,0.393,0.214,0.147,0.43,0.156,0.462,0.41,-0.42,0.51,-0.295,0.521,0.201,-0.306,0.622,-0.001,0.52,0.088,-0.54,0.723,0.614,0.003,0.091,0.114,0.514,0.44,-0.117,-0.423,0.116,0.627,-0.115,0.272,-0.218,0.46,0.004,0.515,0.686,0.607,0.502,0.557,0.293,0.279,-0.535,0.393,0.198,0.488,0.587,0.286,-0.525,0.117,0.425,0.256,0.542,0.063,-0.164,-0.212,0.01,-0.508,0.305,-0.126,0.539,0.03,0.415,0.166,-0.45,-0.463,-0.053,0.553,0.394,0.045
AEP,0.489,0.649,0.28,0.599,0.722,0.647,1.0,0.825,-0.3,0.124,0.43,-0.155,0.682,0.6,-0.554,0.679,0.664,0.524,0.684,0.361,0.434,0.333,0.744,0.504,0.784,0.672,0.67,0.253,0.407,0.569,0.426,-0.4,0.567,-0.357,0.591,-0.222,0.508,-0.262,0.286,0.739,0.736,0.534,0.73,0.603,-0.119,0.546,-0.212,-0.262,-0.508,0.31,-0.427,0.139,-0.561,0.417,-0.2,-0.478,0.131,0.006,0.134,0.632,0.603,-0.521,0.717,-0.38,-0.532,0.082,-0.259,0.84,0.288,-0.567,0.692,0.656,-0.68,0.669,0.254,0.447,0.667,-0.437,0.644,0.636,-0.039,0.585,0.858,-0.42,0.75,-0.472,0.261,0.587,-0.65,0.324,0.629,-0.295,-0.575,0.728,0.704,-0.237,0.203,-0.023,-0.048,-0.286,0.524,0.499,0.656,0.577,0.718,-0.315,0.502,0.618,0.695,0.401,0.783,0.658,0.454,0.167,0.019,-0.554,0.324,-0.028,0.126,0.184,0.617,-0.175,0.607,0.668,0.474,0.531,0.657,0.258,0.82,0.252,0.486,0.689,0.354,0.368,0.512,0.236,0.782,0.68,-0.492,0.696,-0.324,0.753,-0.068,-0.463,0.59,0.38,0.63,0.046,-0.684,0.595,0.69,0.337,0.326,0.015,0.528,0.451,0.219,-0.5,0.03,0.23,-0.022,0.59,-0.249,0.746,-0.021,0.7,0.725,0.53,0.708,0.646,0.579,0.577,-0.561,0.693,0.498,0.582,0.808,0.501,-0.538,0.419,0.674,0.455,0.519,0.425,-0.493,-0.346,-0.178,-0.597,0.436,0.081,0.54,-0.182,0.623,0.223,-0.734,-0.608,-0.15,0.769,0.569,0.037
AGNC,0.58,0.691,0.333,0.579,0.74,0.633,0.825,1.0,-0.227,0.167,0.544,-0.12,0.711,0.616,-0.555,0.71,0.62,0.62,0.623,0.416,0.396,0.374,0.752,0.57,0.737,0.677,0.719,0.136,0.525,0.626,0.536,-0.272,0.623,-0.419,0.374,-0.293,0.563,-0.186,0.414,0.696,0.645,0.551,0.578,0.674,-0.15,0.583,-0.152,-0.21,-0.53,0.198,-0.499,0.288,-0.467,0.441,-0.282,-0.416,0.151,-0.12,0.353,0.664,0.639,-0.564,0.56,-0.458,-0.627,0.024,-0.299,0.71,0.32,-0.477,0.647,0.701,-0.763,0.74,0.206,0.356,0.625,-0.375,0.672,0.685,0.028,0.62,0.788,-0.485,0.708,-0.471,0.242,0.614,-0.627,0.376,0.647,-0.317,-0.409,0.754,0.721,-0.435,0.337,0.133,0.084,-0.329,0.539,0.549,0.616,0.567,0.624,-0.132,0.549,0.59,0.621,0.461,0.766,0.678,0.493,0.326,0.022,-0.518,0.436,0.041,0.3,0.265,0.58,-0.156,0.608,0.71,0.479,0.582,0.739,0.261,0.736,0.398,0.524,0.685,0.442,0.38,0.59,0.293,0.734,0.613,-0.601,0.752,-0.375,0.728,0.061,-0.464,0.637,0.205,0.682,0.185,-0.656,0.64,0.675,0.318,0.343,0.037,0.638,0.381,0.144,-0.59,0.114,0.312,0.08,0.682,-0.21,0.644,0.06,0.764,0.805,0.646,0.711,0.677,0.449,0.479,-0.572,0.707,0.506,0.652,0.785,0.409,-0.613,0.424,0.626,0.508,0.507,0.292,-0.39,-0.438,-0.279,-0.575,0.575,-0.022,0.6,-0.11,0.546,0.408,-0.752,-0.504,-0.121,0.798,0.616,0.079
AKBA,-0.099,-0.093,-0.031,0.18,-0.275,-0.355,-0.3,-0.227,1.0,0.183,-0.083,0.198,-0.119,0.024,0.047,-0.15,-0.295,0.157,-0.293,0.091,-0.184,-0.179,-0.355,-0.031,-0.125,-0.214,-0.26,-0.243,-0.018,-0.019,0.132,0.03,-0.153,0.133,-0.229,0.145,-0.241,0.158,-0.083,-0.135,-0.429,0.014,-0.328,-0.119,-0.039,-0.224,0.097,0.172,0.216,0.025,0.023,0.053,0.369,0.186,0.511,0.245,0.462,-0.28,0.314,-0.076,0.032,-0.031,-0.343,0.186,0.037,0.113,-0.175,-0.269,0.154,0.581,-0.123,-0.043,0.11,-0.227,-0.314,-0.338,-0.237,0.126,-0.23,-0.242,0.292,-0.135,-0.23,0.133,-0.344,0.331,0.09,-0.275,0.309,0.209,-0.249,0.566,0.176,-0.279,-0.347,-0.038,0.329,0.063,0.212,0.141,0.044,-0.096,-0.182,0.017,-0.395,0.205,-0.04,-0.174,0.013,-0.062,-0.242,-0.164,0.079,0.173,0.395,0.402,-0.034,0.381,0.32,0.02,-0.302,0.367,-0.15,-0.18,-0.345,-0.068,-0.354,0.311,-0.267,-0.161,0.015,-0.322,0.036,-0.046,-0.004,-0.062,-0.076,-0.097,0.169,-0.214,-0.087,-0.395,0.457,0.27,-0.164,-0.057,-0.13,0.04,0.579,-0.087,-0.218,-0.098,0.003,0.1,0.131,-0.417,-0.071,0.121,0.243,-0.115,0.436,-0.154,0.118,-0.015,0.411,-0.074,-0.309,-0.054,-0.168,-0.228,-0.147,-0.387,0.316,-0.366,-0.242,0.035,-0.302,-0.149,-0.02,0.165,-0.206,0.035,-0.202,0.268,0.244,0.116,0.333,0.434,-0.108,-0.078,-0.093,0.419,-0.17,0.327,0.182,0.21,0.038,-0.208,-0.269,0.203
ALT,0.127,0.14,0.319,0.329,0.003,0.171,0.124,0.167,0.183,1.0,0.163,0.003,0.246,0.375,-0.261,0.281,-0.028,0.236,0.281,0.229,0.169,-0.037,-0.105,0.326,0.151,0.131,0.033,-0.148,0.371,0.151,0.14,0.193,0.268,-0.106,-0.111,0.119,0.099,0.134,0.402,0.235,-0.11,0.003,0.078,0.208,0.081,-0.182,0.401,0.351,0.182,-0.079,-0.265,0.171,0.409,0.207,0.11,0.161,0.134,-0.363,0.165,0.319,0.189,-0.286,-0.026,-0.217,-0.369,0.034,-0.171,0.145,0.076,0.061,0.291,0.26,-0.324,0.045,0.078,-0.186,0.165,0.05,-0.012,-0.02,0.053,0.329,0.272,-0.171,0.277,0.016,0.156,-0.062,0.101,0.189,-0.12,0.015,-0.012,0.071,-0.154,-0.36,0.425,0.094,0.516,0.126,0.123,0.209,-0.108,0.173,-0.176,0.341,0.227,0.294,0.164,0.24,0.171,0.164,0.145,0.432,0.412,0.013,0.273,-0.004,0.298,0.362,0.281,0.029,0.052,0.414,0.164,0.152,-0.043,0.379,0.068,0.223,0.357,-0.023,0.181,0.038,0.14,-0.028,0.065,0.152,0.085,0.164,-0.126,-0.117,0.498,0.028,0.212,-0.272,0.248,-0.139,0.056,0.302,0.099,-0.021,0.24,0.377,0.379,-0.058,-0.283,-0.184,0.293,0.304,0.296,0.078,-0.054,0.16,0.235,0.136,0.252,0.34,0.336,0.111,0.029,-0.142,-0.185,-0.215,-0.192,0.189,0.071,-0.049,-0.379,0.206,-0.085,0.531,0.15,-0.125,0.077,-0.133,0.247,0.222,0.229,-0.149,0.076,0.52,0.091,0.24,-0.25,0.034,-0.056,0.246,-0.105,0.064
AMAT,0.15,0.588,0.711,0.613,0.693,0.406,0.43,0.544,-0.083,0.163,1.0,0.548,0.489,0.662,-0.361,0.53,0.192,0.512,0.471,0.619,0.214,0.81,0.367,0.532,0.508,0.426,0.406,0.033,0.486,0.449,0.416,0.273,0.517,-0.18,0.06,0.047,0.61,-0.319,0.323,0.587,0.092,0.671,0.482,0.667,-0.036,0.49,0.182,-0.048,-0.269,0.032,-0.351,0.663,-0.166,0.562,-0.257,-0.221,0.07,-0.118,0.436,0.254,0.34,-0.337,0.027,-0.238,-0.599,0.287,0.083,0.403,0.47,-0.43,0.294,0.647,-0.603,0.375,0.126,0.161,0.336,-0.283,0.432,0.445,0.069,0.527,0.531,-0.493,0.356,-0.246,-0.152,0.356,-0.383,0.321,0.3,-0.371,-0.309,0.485,0.38,-0.453,0.256,0.81,0.435,0.183,0.248,0.211,0.536,0.306,0.185,-0.049,0.368,0.601,0.403,0.608,0.55,0.447,0.785,0.571,0.234,-0.414,0.881,0.119,0.045,0.68,0.622,-0.04,0.353,0.705,0.316,0.884,0.502,0.098,0.64,0.613,0.532,0.622,0.275,0.088,0.483,0.104,0.468,0.155,-0.209,0.438,-0.386,0.298,0.217,-0.275,0.491,0.157,0.654,0.491,-0.499,0.515,0.407,-0.041,0.064,0.173,0.599,0.099,0.17,-0.438,0.327,0.314,0.151,0.255,0.458,0.482,-0.072,0.678,0.581,0.41,0.443,0.381,0.333,-0.041,-0.476,0.372,0.426,0.474,0.657,0.001,-0.597,0.249,0.48,0.02,0.204,0.119,0.006,-0.448,-0.281,-0.35,0.702,-0.287,0.447,0.194,0.034,0.567,-0.563,-0.327,0.109,0.61,0.364,0.207
AMD,-0.237,-0.008,0.528,0.151,0.161,-0.172,-0.155,-0.12,0.198,0.003,0.548,1.0,-0.149,0.227,0.385,-0.124,-0.237,-0.027,-0.148,0.224,-0.199,0.678,-0.181,0.005,-0.031,-0.17,-0.257,0.195,-0.028,-0.199,-0.191,0.474,-0.055,0.553,-0.224,0.538,0.137,-0.102,0.019,-0.019,-0.38,0.38,-0.045,0.139,0.24,0.099,0.344,0.219,0.391,-0.066,0.096,0.438,0.213,0.076,-0.127,0.207,-0.154,0.274,0.384,-0.162,-0.214,0.32,-0.474,0.491,0.016,0.621,0.261,-0.204,0.578,-0.006,-0.292,0.07,0.046,-0.229,-0.024,-0.097,-0.148,0.124,-0.019,-0.019,-0.099,-0.026,-0.127,0.105,-0.126,0.359,-0.137,-0.13,0.214,-0.077,-0.209,-0.133,0.045,-0.199,-0.171,0.192,-0.022,0.746,0.234,0.626,-0.101,-0.108,0.197,-0.229,-0.152,0.164,-0.095,0.032,-0.19,0.229,-0.116,-0.189,0.473,0.436,0.452,-0.026,0.496,0.0,0.003,0.379,-0.082,0.001,-0.275,0.152,-0.164,0.426,-0.023,-0.079,0.064,0.107,-0.016,0.078,-0.13,0.047,-0.047,0.023,-0.027,-0.348,0.437,-0.204,0.172,-0.287,0.139,0.313,-0.053,0.11,0.036,0.346,0.032,-0.093,-0.199,-0.108,-0.08,0.389,-0.002,-0.181,0.07,0.349,0.135,-0.12,0.279,-0.143,0.786,-0.04,-0.008,0.015,-0.041,-0.199,-0.178,-0.249,-0.045,-0.435,-0.029,-0.061,0.056,-0.132,0.044,-0.261,-0.072,-0.203,0.035,-0.256,-0.197,-0.109,0.281,-0.037,0.099,0.214,0.355,-0.169,-0.145,0.319,-0.246,0.18,0.134,0.193,0.536,-0.141,-0.127,0.241
AMGN,0.413,0.934,0.359,0.67,0.551,0.586,0.682,0.711,-0.119,0.246,0.489,-0.149,1.0,0.625,-0.572,0.704,0.517,0.903,0.647,0.476,0.454,0.265,0.614,0.65,0.655,0.7,0.654,-0.14,0.625,0.751,0.72,-0.268,0.675,-0.514,0.303,-0.287,0.489,-0.134,0.474,0.853,0.42,0.481,0.522,0.791,-0.188,0.323,-0.138,-0.051,-0.562,0.146,-0.502,0.537,-0.358,0.525,-0.163,-0.437,0.235,-0.237,0.313,0.495,0.592,-0.554,0.506,-0.566,-0.522,-0.011,-0.215,0.637,0.319,-0.53,0.692,0.809,-0.624,0.678,0.223,0.282,0.572,-0.437,0.513,0.521,0.042,0.726,0.657,-0.525,0.545,-0.488,-0.016,0.559,-0.621,0.466,0.605,-0.34,-0.477,0.689,0.483,-0.554,0.423,0.092,0.347,-0.351,0.46,0.355,0.528,0.548,0.318,-0.153,0.549,0.701,0.639,0.707,0.643,0.765,0.438,0.261,0.081,-0.411,0.461,0.125,0.201,0.342,0.618,-0.106,0.774,0.683,0.445,0.562,0.525,0.321,0.659,0.505,0.699,0.557,0.445,0.265,0.597,0.177,0.636,0.728,-0.519,0.73,-0.446,0.47,0.293,-0.416,0.726,0.156,0.75,0.144,-0.508,0.766,0.705,0.057,0.224,0.143,0.736,0.293,0.167,-0.629,0.271,0.325,0.025,0.42,-0.197,0.677,0.053,0.669,0.63,0.787,0.69,0.724,0.446,0.342,-0.538,0.442,0.35,0.658,0.607,0.269,-0.478,0.475,0.604,0.366,0.336,0.277,-0.228,-0.372,-0.21,-0.33,0.489,-0.108,0.768,0.052,0.346,0.573,-0.686,-0.539,-0.15,0.752,0.451,0.09
AMZN,0.221,0.676,0.587,0.76,0.498,0.407,0.6,0.616,0.024,0.375,0.662,0.227,0.625,1.0,-0.49,0.564,0.301,0.661,0.556,0.443,0.446,0.461,0.437,0.653,0.636,0.611,0.472,-0.209,0.685,0.642,0.572,-0.054,0.543,-0.383,0.312,-0.134,0.537,-0.157,0.479,0.666,0.125,0.466,0.611,0.656,-0.195,0.273,0.062,0.029,-0.228,-0.066,-0.454,0.612,-0.144,0.552,-0.119,-0.343,0.137,-0.221,0.43,0.239,0.397,-0.459,0.171,-0.442,-0.664,0.073,-0.142,0.378,0.352,-0.336,0.481,0.667,-0.647,0.485,0.098,0.432,0.457,-0.321,0.582,0.578,0.111,0.691,0.501,-0.657,0.492,-0.338,-0.154,0.537,-0.395,0.493,0.336,-0.291,-0.311,0.536,0.257,-0.546,0.521,0.345,0.487,-0.178,0.216,0.181,0.415,0.487,0.122,0.106,0.506,0.749,0.617,0.648,0.616,0.65,0.634,0.603,0.164,-0.395,0.613,0.207,0.282,0.556,0.587,-0.121,0.411,0.723,0.311,0.744,0.579,0.222,0.691,0.58,0.691,0.589,0.449,-0.092,0.539,-0.132,0.476,0.37,-0.206,0.513,-0.514,0.19,0.418,-0.355,0.619,0.297,0.756,0.303,-0.395,0.628,0.575,-0.147,0.093,0.207,0.697,0.191,0.171,-0.535,0.312,0.376,0.304,0.179,0.257,0.721,-0.025,0.633,0.506,0.483,0.772,0.589,0.557,0.086,-0.522,0.368,0.402,0.578,0.562,-0.038,-0.638,0.435,0.662,0.202,0.111,0.283,0.06,-0.447,-0.133,-0.196,0.715,-0.184,0.591,0.196,0.167,0.591,-0.664,-0.309,-0.087,0.55,0.297,0.059
APA,-0.266,-0.516,-0.066,-0.534,-0.459,-0.47,-0.554,-0.555,0.047,-0.261,-0.361,0.385,-0.572,-0.49,1.0,-0.668,-0.291,-0.544,-0.548,-0.474,-0.372,0.038,-0.41,-0.505,-0.441,-0.645,-0.608,0.318,-0.517,-0.696,-0.699,0.247,-0.481,0.803,-0.4,0.631,-0.425,0.254,-0.102,-0.473,-0.38,-0.261,-0.527,-0.364,0.545,-0.366,0.273,0.421,0.679,-0.114,0.345,-0.166,0.292,-0.618,-0.131,0.377,-0.415,0.594,-0.123,-0.346,-0.606,0.84,-0.418,0.685,0.624,0.42,0.163,-0.509,0.183,0.222,-0.54,-0.477,0.637,-0.54,0.044,-0.346,-0.368,0.445,-0.481,-0.467,-0.476,-0.458,-0.601,0.599,-0.343,0.576,-0.009,-0.595,0.546,-0.602,-0.46,-0.068,0.425,-0.562,-0.478,0.659,-0.236,0.013,-0.221,0.489,-0.325,-0.28,-0.32,-0.676,-0.289,0.246,-0.503,-0.506,-0.692,-0.313,-0.663,-0.564,-0.271,-0.065,0.246,0.301,-0.346,-0.345,-0.111,-0.23,-0.678,-0.149,-0.576,-0.473,-0.377,-0.497,-0.459,-0.17,-0.589,-0.415,-0.595,-0.581,-0.411,0.137,-0.64,0.168,-0.48,-0.398,0.7,-0.517,0.802,-0.42,-0.14,0.795,-0.332,-0.24,-0.513,-0.252,0.344,-0.564,-0.588,-0.031,-0.265,0.374,-0.616,-0.148,-0.202,0.809,-0.196,-0.465,0.021,-0.305,0.265,-0.659,-0.064,-0.649,-0.534,-0.549,-0.605,-0.6,-0.54,-0.388,0.273,-0.361,-0.472,-0.657,-0.536,-0.224,0.492,-0.555,-0.533,-0.228,-0.306,-0.439,0.227,0.331,0.438,0.487,-0.407,0.027,-0.564,0.115,-0.144,-0.417,0.746,0.56,0.645,-0.637,-0.442,-0.072
APPS,0.568,0.699,0.436,0.59,0.57,0.611,0.679,0.71,-0.15,0.281,0.53,-0.124,0.704,0.564,-0.668,1.0,0.474,0.601,0.672,0.513,0.332,0.227,0.476,0.698,0.601,0.634,0.6,-0.038,0.64,0.65,0.59,-0.185,0.712,-0.572,0.247,-0.358,0.525,-0.163,0.423,0.701,0.395,0.388,0.552,0.618,-0.228,0.324,0.082,-0.204,-0.604,0.088,-0.573,0.333,-0.308,0.514,-0.21,-0.451,0.106,-0.266,0.219,0.67,0.613,-0.617,0.454,-0.638,-0.743,-0.159,-0.216,0.687,0.158,-0.534,0.676,0.726,-0.76,0.558,0.223,0.301,0.597,-0.463,0.424,0.419,0.104,0.669,0.717,-0.499,0.556,-0.545,0.012,0.501,-0.681,0.401,0.421,-0.392,-0.322,0.583,0.519,-0.614,0.313,0.118,0.217,-0.324,0.449,0.427,0.379,0.517,0.369,-0.123,0.491,0.692,0.53,0.538,0.745,0.616,0.372,0.253,0.1,-0.511,0.573,0.032,0.144,0.443,0.709,-0.061,0.658,0.741,0.525,0.554,0.536,0.293,0.645,0.579,0.688,0.544,0.339,0.311,0.727,0.082,0.71,0.493,-0.575,0.606,-0.516,0.536,0.233,-0.435,0.661,0.085,0.634,0.268,-0.612,0.714,0.612,0.01,0.201,0.023,0.733,0.259,0.034,-0.729,0.279,0.353,0.007,0.337,-0.157,0.638,0.04,0.696,0.724,0.653,0.599,0.607,0.427,0.212,-0.646,0.368,0.367,0.56,0.612,0.456,-0.687,0.465,0.448,0.286,0.388,0.192,-0.201,-0.368,-0.226,-0.543,0.416,-0.302,0.698,0.026,0.388,0.553,-0.779,-0.474,-0.213,0.703,0.494,0.01
ARCC,0.468,0.543,0.062,0.358,0.506,0.664,0.664,0.62,-0.295,-0.028,0.192,-0.237,0.517,0.301,-0.291,0.474,1.0,0.369,0.611,0.193,0.362,0.204,0.619,0.462,0.645,0.585,0.624,0.198,0.292,0.608,0.455,-0.461,0.579,-0.166,0.415,-0.04,0.477,-0.12,0.144,0.614,0.592,0.361,0.503,0.605,-0.092,0.398,-0.372,-0.149,-0.382,0.478,-0.239,0.088,-0.512,0.234,-0.307,-0.51,0.208,0.257,0.008,0.558,0.589,-0.198,0.809,-0.208,-0.262,0.196,-0.237,0.68,0.386,-0.541,0.656,0.528,-0.39,0.661,0.486,0.302,0.599,-0.355,0.504,0.512,-0.062,0.54,0.6,-0.15,0.642,-0.183,0.298,0.464,-0.607,0.203,0.686,-0.288,-0.576,0.665,0.522,-0.015,0.294,-0.198,-0.128,-0.284,0.569,0.42,0.531,0.436,0.549,-0.377,0.443,0.499,0.532,0.268,0.507,0.625,0.181,-0.001,0.004,-0.304,0.107,-0.089,0.147,-0.092,0.467,-0.051,0.606,0.488,0.565,0.233,0.545,0.422,0.474,0.273,0.5,0.411,0.333,0.349,0.388,0.381,0.612,0.624,-0.502,0.643,0.004,0.555,-0.079,-0.197,0.664,0.23,0.519,0.006,-0.466,0.577,0.778,0.318,0.215,0.03,0.277,0.625,0.129,-0.259,0.001,0.268,-0.078,0.551,-0.421,0.518,0.233,0.498,0.517,0.58,0.526,0.705,0.318,0.53,-0.339,0.566,0.327,0.483,0.531,0.484,-0.361,0.163,0.465,0.267,0.628,0.322,-0.506,-0.083,-0.107,-0.455,0.243,0.26,0.515,-0.047,0.573,0.015,-0.337,-0.658,0.126,0.577,0.5,0.076
ARDX,0.349,0.878,0.34,0.757,0.446,0.387,0.524,0.62,0.157,0.236,0.512,-0.027,0.903,0.661,-0.544,0.601,0.369,1.0,0.489,0.569,0.402,0.246,0.494,0.659,0.624,0.619,0.547,-0.294,0.567,0.756,0.799,-0.262,0.522,-0.507,0.218,-0.26,0.344,-0.124,0.343,0.769,0.242,0.512,0.373,0.722,-0.246,0.272,-0.128,0.024,-0.489,0.055,-0.549,0.594,-0.24,0.566,0.015,-0.304,0.373,-0.385,0.47,0.393,0.576,-0.542,0.31,-0.506,-0.533,0.042,-0.349,0.468,0.368,-0.322,0.551,0.793,-0.592,0.6,0.002,0.184,0.447,-0.384,0.48,0.492,0.185,0.612,0.511,-0.555,0.364,-0.395,-0.06,0.459,-0.495,0.612,0.503,-0.164,-0.377,0.584,0.361,-0.618,0.532,0.183,0.443,-0.343,0.447,0.278,0.462,0.474,0.147,-0.032,0.51,0.631,0.64,0.677,0.559,0.702,0.459,0.349,0.155,-0.305,0.497,0.342,0.306,0.395,0.493,-0.043,0.664,0.578,0.25,0.579,0.413,0.232,0.571,0.522,0.736,0.467,0.444,0.154,0.604,0.079,0.555,0.616,-0.469,0.631,-0.508,0.321,0.396,-0.364,0.648,0.151,0.711,0.201,-0.277,0.679,0.586,-0.018,0.203,0.138,0.72,0.074,0.184,-0.629,0.339,0.263,0.191,0.317,-0.077,0.686,0.125,0.633,0.498,0.728,0.666,0.645,0.421,0.118,-0.429,0.329,0.303,0.643,0.498,0.146,-0.503,0.559,0.591,0.302,0.142,0.367,-0.062,-0.397,-0.244,-0.192,0.499,-0.174,0.748,0.14,0.204,0.693,-0.646,-0.434,-0.162,0.647,0.335,0.105
ATER,0.381,0.673,0.375,0.596,0.661,0.738,0.684,0.623,-0.293,0.281,0.471,-0.148,0.647,0.556,-0.548,0.672,0.611,0.489,1.0,0.415,0.298,0.418,0.584,0.596,0.692,0.646,0.635,0.122,0.65,0.647,0.6,-0.237,0.727,-0.481,0.23,-0.13,0.662,-0.225,0.424,0.795,0.373,0.453,0.567,0.687,-0.134,0.357,-0.101,-0.061,-0.511,0.275,-0.477,0.296,-0.294,0.372,-0.304,-0.421,0.1,-0.122,0.134,0.427,0.578,-0.454,0.581,-0.573,-0.617,0.011,-0.267,0.665,0.271,-0.664,0.785,0.618,-0.666,0.629,0.422,0.273,0.638,-0.331,0.575,0.583,-0.119,0.685,0.682,-0.592,0.658,-0.476,-0.155,0.506,-0.548,0.349,0.507,-0.416,-0.574,0.682,0.541,-0.501,0.268,0.11,0.275,-0.265,0.364,0.357,0.458,0.481,0.355,-0.156,0.617,0.734,0.599,0.503,0.561,0.667,0.483,0.301,-0.097,-0.509,0.491,0.027,0.033,0.415,0.725,-0.17,0.505,0.734,0.664,0.577,0.666,0.397,0.597,0.594,0.654,0.61,0.208,0.081,0.444,0.137,0.588,0.451,-0.446,0.617,-0.301,0.514,0.184,-0.382,0.735,0.092,0.657,0.089,-0.541,0.785,0.723,-0.036,0.176,0.091,0.642,0.402,0.151,-0.585,0.131,0.405,-0.114,0.329,-0.131,0.547,-0.011,0.681,0.677,0.677,0.59,0.691,0.296,0.322,-0.562,0.474,0.39,0.667,0.733,0.217,-0.647,0.192,0.56,0.24,0.376,0.235,-0.228,-0.383,-0.229,-0.526,0.469,-0.138,0.585,0.068,0.434,0.264,-0.641,-0.605,-0.062,0.625,0.425,0.045
ATOS,0.105,0.513,0.336,0.507,0.516,0.255,0.361,0.416,0.091,0.229,0.619,0.224,0.476,0.443,-0.474,0.513,0.193,0.569,0.415,1.0,0.347,0.34,0.389,0.378,0.513,0.511,0.433,-0.05,0.31,0.521,0.521,-0.11,0.347,-0.394,0.223,-0.1,0.416,-0.45,0.095,0.43,0.135,0.615,0.333,0.499,-0.444,0.484,-0.069,-0.175,-0.436,0.261,-0.302,0.425,-0.306,0.335,-0.009,-0.259,0.343,-0.323,0.419,0.356,0.429,-0.397,0.173,-0.268,-0.471,0.21,-0.123,0.404,0.286,-0.199,0.335,0.594,-0.54,0.498,-0.165,0.114,0.234,-0.527,0.438,0.432,0.378,0.29,0.459,-0.366,0.129,-0.097,0.002,0.344,-0.497,0.699,0.388,0.01,-0.496,0.431,0.425,-0.496,0.168,0.418,0.287,-0.013,0.462,0.301,0.448,0.415,0.208,-0.255,0.517,0.52,0.555,0.321,0.551,0.508,0.481,0.18,0.199,-0.352,0.498,0.53,0.006,0.234,0.49,0.028,0.419,0.485,0.105,0.544,0.383,-0.017,0.528,0.383,0.546,0.471,0.284,0.146,0.56,0.059,0.447,0.26,-0.453,0.443,-0.359,0.235,0.051,-0.4,0.365,0.254,0.516,0.261,-0.223,0.382,0.4,0.154,0.202,-0.139,0.522,0.003,0.239,-0.561,0.185,0.236,0.045,0.302,-0.033,0.579,0.128,0.537,0.443,0.472,0.393,0.448,0.374,0.054,-0.245,0.33,0.45,0.57,0.525,0.182,-0.465,0.484,0.536,0.01,0.149,0.48,-0.23,-0.469,-0.435,-0.33,0.47,0.042,0.462,0.092,-0.027,0.457,-0.482,-0.509,-0.104,0.485,0.32,0.151
AUPH,0.018,0.434,0.077,0.256,0.249,0.196,0.434,0.396,-0.184,0.169,0.214,-0.199,0.454,0.446,-0.372,0.332,0.362,0.402,0.298,0.347,1.0,0.046,0.488,0.213,0.333,0.561,0.455,-0.287,0.234,0.492,0.363,-0.177,0.194,-0.378,0.525,-0.404,0.202,-0.175,0.284,0.392,0.397,0.255,0.474,0.418,-0.442,0.279,-0.309,-0.009,-0.305,0.085,-0.159,0.351,-0.475,0.255,0.225,-0.41,0.232,-0.076,0.054,0.198,0.367,-0.269,0.364,-0.3,-0.174,-0.29,-0.001,0.438,-0.047,-0.075,0.203,0.439,-0.259,0.51,-0.137,0.462,0.449,-0.315,0.346,0.354,0.304,0.386,0.462,-0.373,0.316,-0.033,0.037,0.459,-0.477,0.434,0.46,0.065,-0.412,0.562,0.291,-0.253,0.218,-0.071,0.084,-0.284,0.172,0.174,0.31,0.435,0.297,-0.211,0.337,0.437,0.439,0.283,0.535,0.688,0.202,-0.018,-0.163,-0.31,0.163,0.24,0.14,0.0,0.594,0.024,0.458,0.332,0.084,0.274,0.425,-0.083,0.519,0.18,0.348,0.428,0.507,-0.13,0.44,-0.167,0.388,0.575,-0.44,0.559,-0.169,0.179,-0.082,-0.411,0.404,0.456,0.643,0.065,-0.331,0.269,0.466,0.126,0.206,-0.3,0.351,0.49,0.281,-0.467,0.081,0.316,0.067,0.214,-0.243,0.513,0.001,0.344,0.203,0.286,0.577,0.61,0.551,0.396,-0.162,0.416,0.357,0.423,0.363,0.11,-0.151,0.615,0.497,0.148,0.131,0.362,-0.236,-0.241,-0.378,-0.166,0.317,0.271,0.423,-0.196,0.023,0.171,-0.33,-0.508,-0.198,0.481,0.412,0.006
AVGO,0.05,0.426,0.614,0.441,0.629,0.32,0.333,0.374,-0.179,-0.037,0.81,0.678,0.265,0.461,0.038,0.227,0.204,0.246,0.418,0.34,0.046,1.0,0.384,0.267,0.419,0.247,0.267,0.3,0.227,0.195,0.159,0.296,0.347,0.153,0.01,0.287,0.53,-0.318,0.22,0.475,0.092,0.705,0.374,0.587,0.186,0.445,0.093,0.038,-0.109,0.129,-0.132,0.551,-0.147,0.371,-0.393,-0.126,-0.115,0.276,0.374,0.073,0.107,0.034,-0.034,0.046,-0.28,0.503,0.169,0.292,0.587,-0.484,0.127,0.431,-0.332,0.279,0.249,0.112,0.22,-0.082,0.427,0.452,-0.218,0.323,0.373,-0.248,0.309,-0.059,-0.197,0.237,-0.216,0.018,0.271,-0.434,-0.322,0.389,0.368,-0.093,0.022,0.747,0.205,0.332,0.1,0.076,0.57,0.096,0.232,-0.074,0.242,0.385,0.162,0.464,0.305,0.265,0.807,0.55,0.163,-0.347,0.743,-0.055,-0.024,0.547,0.387,-0.086,0.148,0.532,0.266,0.758,0.495,0.069,0.488,0.4,0.267,0.528,0.071,0.093,0.177,0.128,0.368,0.028,0.062,0.31,-0.015,0.242,0.057,-0.042,0.363,0.192,0.463,0.407,-0.456,0.349,0.256,-0.004,0.012,0.298,0.324,0.212,0.29,-0.107,0.22,0.146,0.041,0.188,0.596,0.241,-0.143,0.502,0.426,0.23,0.199,0.245,0.164,-0.051,-0.354,0.429,0.37,0.288,0.579,-0.056,-0.357,-0.09,0.4,-0.079,0.129,0.026,0.045,-0.309,-0.146,-0.236,0.633,-0.193,0.238,0.107,0.073,0.301,-0.275,-0.24,0.416,0.362,0.293,0.287
AZN,0.368,0.659,0.055,0.408,0.694,0.439,0.744,0.752,-0.355,-0.105,0.367,-0.181,0.614,0.437,-0.41,0.476,0.619,0.494,0.584,0.389,0.488,0.384,1.0,0.282,0.798,0.751,0.725,0.244,0.301,0.527,0.484,-0.373,0.465,-0.403,0.584,-0.286,0.446,-0.389,0.248,0.61,0.737,0.61,0.647,0.604,-0.317,0.697,-0.487,-0.388,-0.657,0.365,-0.225,0.235,-0.646,0.291,-0.303,-0.503,0.169,0.104,0.189,0.42,0.528,-0.351,0.555,-0.353,-0.311,0.046,-0.09,0.638,0.269,-0.519,0.538,0.527,-0.487,0.791,0.069,0.525,0.533,-0.471,0.765,0.78,-0.004,0.441,0.658,-0.332,0.507,-0.357,0.112,0.712,-0.687,0.3,0.775,-0.242,-0.694,0.79,0.868,-0.232,0.029,0.031,-0.138,-0.368,0.481,0.39,0.78,0.605,0.707,-0.43,0.526,0.558,0.625,0.289,0.715,0.707,0.504,0.058,-0.226,-0.502,0.21,0.067,0.09,-0.045,0.472,-0.119,0.599,0.473,0.29,0.456,0.809,0.088,0.77,0.22,0.364,0.775,0.426,0.224,0.429,0.234,0.677,0.624,-0.573,0.755,-0.171,0.679,-0.284,-0.5,0.541,0.533,0.621,0.14,-0.658,0.469,0.693,0.411,0.339,-0.191,0.375,0.552,0.473,-0.543,-0.015,0.143,-0.148,0.669,-0.299,0.637,-0.049,0.608,0.585,0.532,0.546,0.718,0.546,0.634,-0.347,0.876,0.718,0.637,0.76,0.371,-0.311,0.345,0.735,0.231,0.431,0.514,-0.567,-0.451,-0.443,-0.589,0.521,0.214,0.549,-0.316,0.459,0.165,-0.577,-0.719,-0.063,0.665,0.633,0.122
BCRX,0.521,0.627,0.537,0.581,0.45,0.564,0.504,0.57,-0.031,0.326,0.532,0.005,0.65,0.653,-0.505,0.698,0.462,0.659,0.596,0.378,0.213,0.267,0.282,1.0,0.563,0.395,0.45,-0.187,0.69,0.642,0.617,-0.098,0.768,-0.437,0.034,-0.141,0.438,0.085,0.371,0.719,0.092,0.242,0.349,0.667,-0.045,0.058,0.183,0.059,-0.305,-0.116,-0.541,0.461,-0.078,0.483,-0.194,-0.286,0.152,-0.353,0.257,0.354,0.599,-0.502,0.349,-0.556,-0.718,-0.004,-0.196,0.433,0.287,-0.498,0.612,0.678,-0.581,0.42,0.337,0.095,0.537,-0.182,0.294,0.299,0.0,0.773,0.479,-0.583,0.544,-0.499,-0.122,0.287,-0.402,0.346,0.233,-0.453,-0.156,0.386,0.172,-0.617,0.597,0.201,0.541,-0.242,0.419,0.28,0.327,0.359,0.03,0.167,0.359,0.723,0.48,0.724,0.418,0.515,0.316,0.481,0.119,-0.332,0.639,-0.022,0.26,0.618,0.58,-0.168,0.446,0.689,0.508,0.575,0.346,0.396,0.455,0.82,0.81,0.361,0.298,0.039,0.513,0.005,0.477,0.309,-0.326,0.411,-0.493,0.318,0.464,-0.24,0.749,-0.157,0.616,0.133,-0.426,0.714,0.606,-0.226,0.011,0.309,0.597,0.056,-0.132,-0.531,0.239,0.398,0.149,0.192,0.045,0.57,0.114,0.501,0.615,0.542,0.673,0.493,0.264,0.063,-0.615,0.127,0.104,0.516,0.5,0.102,-0.655,0.283,0.433,0.298,0.112,0.004,0.022,-0.323,-0.108,-0.313,0.448,-0.417,0.554,0.288,0.328,0.529,-0.634,-0.244,-0.099,0.526,0.161,-0.093
BGC,0.532,0.692,0.294,0.675,0.699,0.495,0.784,0.737,-0.125,0.151,0.508,-0.031,0.655,0.636,-0.441,0.601,0.645,0.624,0.692,0.513,0.333,0.419,0.798,0.563,1.0,0.686,0.659,0.227,0.423,0.591,0.579,-0.349,0.567,-0.349,0.42,-0.017,0.458,-0.263,0.351,0.728,0.56,0.61,0.612,0.649,-0.101,0.583,-0.177,-0.154,-0.483,0.296,-0.498,0.257,-0.37,0.359,-0.323,-0.382,0.206,-0.056,0.288,0.555,0.568,-0.443,0.51,-0.365,-0.588,0.286,-0.312,0.657,0.486,-0.539,0.709,0.657,-0.674,0.699,0.163,0.337,0.576,-0.43,0.664,0.667,-0.081,0.574,0.705,-0.392,0.627,-0.38,0.161,0.517,-0.585,0.382,0.57,-0.314,-0.602,0.703,0.69,-0.316,0.34,0.167,0.135,-0.222,0.607,0.534,0.692,0.529,0.542,-0.197,0.576,0.7,0.711,0.425,0.73,0.695,0.572,0.33,0.146,-0.483,0.39,0.104,0.207,0.22,0.474,-0.194,0.553,0.632,0.351,0.524,0.648,0.291,0.762,0.455,0.647,0.656,0.384,0.344,0.444,0.324,0.673,0.59,-0.388,0.697,-0.241,0.644,0.021,-0.281,0.65,0.323,0.663,0.13,-0.511,0.59,0.687,0.317,0.28,0.149,0.495,0.312,0.201,-0.518,0.117,0.11,0.095,0.652,-0.191,0.742,0.074,0.669,0.671,0.638,0.636,0.651,0.475,0.365,-0.508,0.633,0.545,0.653,0.774,0.368,-0.617,0.352,0.633,0.375,0.459,0.512,-0.427,-0.431,-0.174,-0.461,0.522,-0.007,0.554,0.055,0.599,0.325,-0.684,-0.594,-0.027,0.699,0.468,0.063
BIDU,0.29,0.764,0.137,0.631,0.602,0.473,0.672,0.677,-0.214,0.131,0.426,-0.17,0.7,0.611,-0.645,0.634,0.585,0.619,0.646,0.511,0.561,0.247,0.751,0.395,0.686,1.0,0.807,-0.06,0.506,0.755,0.671,-0.335,0.518,-0.549,0.509,-0.389,0.518,-0.45,0.253,0.622,0.509,0.481,0.64,0.649,-0.519,0.559,-0.38,-0.265,-0.637,0.277,-0.308,0.377,-0.436,0.483,-0.18,-0.487,0.291,-0.089,0.251,0.449,0.56,-0.512,0.479,-0.478,-0.492,-0.051,-0.154,0.619,0.224,-0.468,0.563,0.659,-0.635,0.824,0.041,0.609,0.469,-0.589,0.749,0.732,0.239,0.544,0.629,-0.492,0.454,-0.342,0.028,0.863,-0.67,0.527,0.755,-0.173,-0.621,0.855,0.678,-0.433,0.287,0.069,0.071,-0.413,0.418,0.312,0.619,0.662,0.488,-0.419,0.567,0.72,0.727,0.329,0.785,0.847,0.501,0.091,-0.103,-0.44,0.326,0.263,0.132,0.084,0.645,0.066,0.753,0.591,0.365,0.548,0.756,0.129,0.771,0.34,0.578,0.793,0.573,0.104,0.629,0.072,0.655,0.687,-0.647,0.813,-0.433,0.49,-0.002,-0.556,0.596,0.483,0.791,0.286,-0.471,0.54,0.75,0.202,0.353,-0.181,0.579,0.491,0.393,-0.684,0.201,0.307,0.004,0.469,-0.239,0.696,0.04,0.696,0.568,0.716,0.646,0.896,0.575,0.432,-0.366,0.661,0.755,0.665,0.631,0.318,-0.497,0.541,0.683,0.203,0.435,0.499,-0.398,-0.402,-0.429,-0.44,0.588,0.168,0.698,-0.129,0.261,0.395,-0.675,-0.68,-0.226,0.701,0.652,0.129
BILI,0.396,0.704,0.1,0.485,0.774,0.553,0.67,0.719,-0.26,0.033,0.406,-0.257,0.654,0.472,-0.608,0.6,0.624,0.547,0.635,0.433,0.455,0.267,0.725,0.45,0.659,0.807,1.0,0.098,0.425,0.763,0.656,-0.308,0.636,-0.521,0.438,-0.364,0.525,-0.384,0.286,0.555,0.617,0.465,0.593,0.657,-0.373,0.665,-0.327,-0.281,-0.68,0.368,-0.211,0.264,-0.514,0.538,-0.257,-0.518,0.304,-0.077,0.325,0.445,0.603,-0.518,0.59,-0.443,-0.447,-0.09,-0.102,0.603,0.226,-0.438,0.582,0.625,-0.554,0.939,0.187,0.371,0.411,-0.523,0.641,0.629,0.193,0.533,0.618,-0.387,0.525,-0.362,0.189,0.683,-0.671,0.406,0.857,-0.216,-0.49,0.87,0.698,-0.363,0.32,0.078,0.074,-0.308,0.503,0.517,0.664,0.666,0.607,-0.39,0.6,0.633,0.681,0.345,0.688,0.838,0.47,0.074,-0.158,-0.376,0.31,0.188,0.093,0.067,0.586,0.129,0.784,0.535,0.464,0.499,0.67,0.247,0.74,0.357,0.591,0.719,0.537,0.141,0.516,0.164,0.658,0.637,-0.658,0.856,-0.353,0.67,0.078,-0.479,0.595,0.334,0.738,0.265,-0.486,0.591,0.753,0.345,0.302,-0.201,0.566,0.525,0.24,-0.622,0.301,0.369,-0.063,0.561,-0.29,0.64,0.114,0.714,0.722,0.724,0.594,0.884,0.472,0.485,-0.349,0.632,0.642,0.78,0.768,0.318,-0.388,0.399,0.57,0.316,0.484,0.455,-0.372,-0.25,-0.33,-0.459,0.499,0.155,0.626,-0.108,0.366,0.345,-0.617,-0.566,-0.185,0.708,0.734,0.199
BKR,0.223,-0.121,0.026,-0.112,0.401,0.111,0.253,0.136,-0.243,-0.148,0.033,0.195,-0.14,-0.209,0.318,-0.038,0.198,-0.294,0.122,-0.05,-0.287,0.3,0.244,-0.187,0.227,-0.06,0.098,1.0,-0.212,-0.306,-0.363,0.021,0.079,0.418,0.029,0.442,0.135,-0.02,0.016,-0.006,0.338,0.207,0.082,0.013,0.371,0.386,0.113,-0.089,0.114,0.315,0.167,-0.283,-0.166,-0.25,-0.402,0.123,-0.202,0.493,0.131,0.255,0.038,0.226,0.209,0.332,0.107,0.5,0.013,0.215,0.359,-0.312,0.164,-0.065,0.014,0.118,0.246,-0.112,0.142,0.074,0.143,0.123,-0.416,-0.073,0.177,0.379,0.217,0.115,0.373,-0.047,0.078,-0.38,0.136,-0.253,-0.155,0.086,0.339,0.409,-0.235,0.157,-0.335,0.38,0.29,0.467,0.358,-0.059,0.504,-0.081,-0.028,-0.068,-0.07,-0.128,0.02,-0.152,0.12,0.04,0.209,-0.107,-0.056,-0.389,-0.02,-0.129,-0.224,-0.146,-0.079,-0.002,0.096,-0.026,0.183,0.158,0.129,-0.238,-0.181,0.174,-0.174,0.528,-0.272,0.567,0.209,0.026,0.197,0.074,0.49,0.39,-0.31,0.325,0.003,0.09,-0.182,-0.055,-0.273,-0.11,-0.027,0.514,0.294,0.206,-0.198,0.119,-0.08,0.282,-0.183,-0.261,-0.021,0.439,-0.047,-0.091,0.121,0.065,0.317,-0.019,-0.264,-0.105,-0.137,0.234,-0.061,0.293,0.158,-0.036,0.331,0.298,0.044,-0.384,-0.044,0.221,0.379,-0.019,-0.351,0.06,0.22,-0.213,0.062,0.11,-0.194,0.038,0.515,-0.345,0.051,-0.022,0.465,0.071,0.197,0.208
BLDP,0.222,0.645,0.508,0.57,0.402,0.516,0.407,0.525,-0.018,0.371,0.486,-0.028,0.625,0.685,-0.517,0.64,0.292,0.567,0.65,0.31,0.234,0.227,0.301,0.69,0.423,0.506,0.425,-0.212,1.0,0.647,0.58,-0.047,0.77,-0.487,0.035,-0.227,0.57,-0.002,0.541,0.651,-0.04,0.236,0.435,0.608,-0.148,0.098,0.086,-0.014,-0.312,-0.062,-0.393,0.478,-0.046,0.451,-0.183,-0.371,0.144,-0.365,0.246,0.24,0.498,-0.485,0.279,-0.617,-0.66,-0.146,-0.139,0.338,0.153,-0.366,0.655,0.591,-0.58,0.373,0.275,0.241,0.555,-0.283,0.346,0.357,0.062,0.787,0.402,-0.643,0.451,-0.467,-0.302,0.416,-0.429,0.417,0.276,-0.392,-0.22,0.401,0.186,-0.68,0.484,0.172,0.56,-0.372,0.226,0.121,0.19,0.437,-0.067,0.108,0.525,0.75,0.492,0.625,0.386,0.55,0.373,0.407,0.001,-0.319,0.474,0.11,0.119,0.551,0.561,-0.06,0.411,0.684,0.49,0.579,0.456,0.371,0.393,0.636,0.622,0.407,0.305,-0.107,0.509,0.008,0.401,0.26,-0.385,0.401,-0.488,0.18,0.532,-0.32,0.736,-0.06,0.616,0.185,-0.359,0.744,0.64,-0.32,-0.023,0.177,0.77,0.135,0.015,-0.542,0.3,0.462,0.052,0.069,0.098,0.464,-0.007,0.52,0.474,0.555,0.591,0.505,0.275,0.039,-0.537,0.176,0.212,0.58,0.428,-0.076,-0.642,0.233,0.468,0.126,0.14,0.039,0.051,-0.395,-0.158,-0.318,0.463,-0.351,0.588,0.223,0.132,0.564,-0.538,-0.294,-0.104,0.492,0.12,-0.064
BLNK,0.303,0.805,0.222,0.659,0.498,0.632,0.569,0.626,-0.019,0.151,0.449,-0.199,0.751,0.642,-0.696,0.65,0.608,0.756,0.647,0.521,0.492,0.195,0.527,0.642,0.591,0.755,0.763,-0.306,0.647,1.0,0.86,-0.343,0.668,-0.621,0.391,-0.387,0.602,-0.289,0.258,0.709,0.302,0.436,0.576,0.709,-0.452,0.332,-0.319,-0.21,-0.595,0.246,-0.377,0.438,-0.399,0.639,-0.09,-0.519,0.415,-0.303,0.283,0.346,0.633,-0.563,0.553,-0.559,-0.55,-0.1,-0.241,0.512,0.226,-0.379,0.62,0.737,-0.611,0.756,0.238,0.324,0.427,-0.517,0.533,0.548,0.376,0.67,0.526,-0.612,0.459,-0.387,-0.064,0.581,-0.648,0.706,0.679,-0.154,-0.484,0.724,0.426,-0.557,0.504,0.04,0.303,-0.469,0.405,0.243,0.432,0.629,0.202,-0.258,0.616,0.707,0.711,0.497,0.616,0.855,0.41,0.182,-0.069,-0.285,0.408,0.393,0.164,0.243,0.685,0.171,0.761,0.581,0.554,0.533,0.536,0.31,0.599,0.534,0.8,0.518,0.516,-0.055,0.671,-0.019,0.541,0.57,-0.662,0.698,-0.563,0.358,0.362,-0.505,0.698,0.25,0.789,0.304,-0.281,0.77,0.818,-0.055,0.165,-0.141,0.722,0.374,0.213,-0.672,0.417,0.529,0.035,0.274,-0.187,0.736,0.186,0.687,0.524,0.736,0.736,0.871,0.546,0.252,-0.369,0.418,0.412,0.748,0.541,0.176,-0.548,0.524,0.679,0.144,0.302,0.453,-0.092,-0.272,-0.301,-0.346,0.472,0.035,0.816,0.027,0.168,0.506,-0.601,-0.612,-0.273,0.618,0.453,0.085
BYND,0.288,0.745,0.174,0.605,0.433,0.44,0.426,0.536,0.132,0.14,0.416,-0.191,0.72,0.572,-0.699,0.59,0.455,0.799,0.6,0.521,0.363,0.159,0.484,0.617,0.579,0.671,0.656,-0.363,0.58,0.86,1.0,-0.362,0.548,-0.665,0.288,-0.369,0.426,-0.238,0.177,0.63,0.187,0.405,0.437,0.588,-0.469,0.29,-0.308,-0.197,-0.654,0.177,-0.449,0.419,-0.278,0.597,0.034,-0.469,0.509,-0.392,0.357,0.231,0.567,-0.59,0.382,-0.576,-0.552,-0.14,-0.26,0.398,0.219,-0.281,0.581,0.636,-0.581,0.666,0.047,0.324,0.351,-0.486,0.513,0.522,0.328,0.563,0.43,-0.649,0.317,-0.398,-0.155,0.59,-0.571,0.639,0.557,-0.024,-0.423,0.606,0.402,-0.618,0.505,0.08,0.386,-0.481,0.344,0.184,0.396,0.649,0.149,-0.212,0.571,0.632,0.676,0.505,0.534,0.713,0.398,0.166,-0.147,-0.212,0.403,0.412,0.191,0.236,0.567,0.078,0.67,0.53,0.368,0.512,0.512,0.293,0.55,0.619,0.75,0.495,0.428,-0.089,0.625,-0.042,0.494,0.457,-0.64,0.603,-0.625,0.311,0.394,-0.533,0.581,0.235,0.664,0.274,-0.224,0.754,0.721,-0.111,0.122,-0.152,0.705,0.209,0.246,-0.689,0.335,0.441,0.058,0.249,-0.169,0.703,0.194,0.651,0.432,0.692,0.641,0.75,0.463,0.215,-0.24,0.373,0.435,0.739,0.471,0.105,-0.512,0.523,0.589,0.111,0.164,0.53,-0.093,-0.292,-0.36,-0.334,0.455,-0.062,0.779,0.077,0.123,0.579,-0.63,-0.54,-0.335,0.534,0.445,0.148
CAN,-0.365,-0.209,0.388,-0.073,-0.084,-0.159,-0.4,-0.272,0.03,0.193,0.273,0.474,-0.268,-0.054,0.247,-0.185,-0.461,-0.262,-0.237,-0.11,-0.177,0.296,-0.373,-0.098,-0.349,-0.335,-0.308,0.021,-0.047,-0.343,-0.362,1.0,-0.072,0.331,-0.457,0.32,0.03,0.096,0.16,-0.214,-0.383,-0.013,-0.208,-0.042,0.304,-0.098,0.425,0.325,0.436,-0.215,0.245,0.25,0.461,0.054,-0.081,0.362,-0.268,-0.009,0.072,-0.303,-0.28,0.195,-0.547,0.193,0.114,0.106,0.405,-0.379,0.015,0.132,-0.403,-0.255,0.249,-0.354,0.061,-0.295,-0.231,0.41,-0.342,-0.329,-0.088,-0.09,-0.229,0.213,-0.252,0.253,-0.146,-0.286,0.415,-0.253,-0.401,-0.09,0.287,-0.302,-0.405,-0.012,-0.117,0.565,0.302,0.506,-0.263,-0.1,-0.154,-0.299,-0.32,0.328,-0.29,-0.196,-0.525,0.115,-0.329,-0.336,0.152,0.373,0.26,0.127,0.356,-0.182,-0.067,0.427,-0.06,0.178,-0.356,0.011,-0.064,0.123,-0.303,-0.026,-0.175,0.094,-0.115,-0.125,-0.193,-0.196,-0.255,-0.113,-0.31,-0.433,0.532,-0.253,0.134,-0.366,0.164,0.264,-0.242,-0.191,-0.148,0.366,0.113,-0.239,-0.371,-0.118,0.005,0.25,-0.143,-0.194,-0.176,0.2,0.217,0.095,0.261,-0.259,0.579,-0.387,-0.047,-0.222,-0.082,-0.217,-0.366,-0.401,-0.281,-0.473,0.052,-0.418,-0.146,-0.283,-0.151,-0.512,0.153,-0.294,-0.339,-0.11,-0.108,-0.468,0.466,0.023,0.213,0.343,0.136,-0.323,-0.372,0.387,-0.365,0.035,0.276,0.41,0.252,-0.151,-0.149,0.193
CELH,0.399,0.705,0.519,0.502,0.616,0.721,0.567,0.623,-0.153,0.268,0.517,-0.055,0.675,0.543,-0.481,0.712,0.579,0.522,0.727,0.347,0.194,0.347,0.465,0.768,0.567,0.518,0.636,0.079,0.77,0.668,0.548,-0.072,1.0,-0.37,0.118,-0.073,0.654,-0.088,0.483,0.756,0.215,0.346,0.51,0.776,-0.082,0.251,0.034,-0.097,-0.43,0.22,-0.244,0.424,-0.215,0.502,-0.434,-0.466,0.168,-0.125,0.186,0.416,0.694,-0.452,0.528,-0.515,-0.562,0.012,-0.0,0.516,0.332,-0.601,0.784,0.611,-0.499,0.58,0.534,0.106,0.544,-0.328,0.393,0.391,-0.054,0.865,0.538,-0.405,0.54,-0.423,-0.066,0.394,-0.558,0.233,0.484,-0.491,-0.387,0.529,0.35,-0.516,0.413,0.195,0.419,-0.191,0.487,0.355,0.478,0.53,0.199,-0.11,0.554,0.787,0.497,0.636,0.45,0.594,0.431,0.368,0.056,-0.315,0.517,-0.1,0.103,0.429,0.619,0.004,0.605,0.731,0.665,0.546,0.5,0.57,0.52,0.635,0.672,0.468,0.319,0.142,0.472,0.238,0.61,0.381,-0.414,0.545,-0.355,0.402,0.346,-0.251,0.83,-0.036,0.636,0.147,-0.528,0.819,0.78,-0.058,0.066,0.184,0.631,0.339,0.005,-0.488,0.238,0.483,-0.069,0.304,-0.096,0.523,0.151,0.549,0.672,0.66,0.542,0.599,0.267,0.21,-0.553,0.273,0.254,0.665,0.609,0.158,-0.547,0.169,0.461,0.224,0.399,0.065,-0.2,-0.351,-0.066,-0.425,0.439,-0.261,0.565,0.276,0.371,0.441,-0.529,-0.437,0.061,0.591,0.368,0.13
CG,-0.251,-0.467,0.014,-0.364,-0.257,-0.352,-0.357,-0.419,0.133,-0.106,-0.18,0.553,-0.514,-0.383,0.803,-0.572,-0.166,-0.507,-0.481,-0.394,-0.378,0.153,-0.403,-0.437,-0.349,-0.549,-0.521,0.418,-0.487,-0.621,-0.665,0.331,-0.37,1.0,-0.305,0.764,-0.296,0.194,-0.134,-0.377,-0.269,-0.055,-0.405,-0.291,0.538,-0.192,0.247,0.368,0.719,0.119,0.433,-0.167,0.306,-0.394,-0.052,0.35,-0.246,0.624,-0.014,-0.155,-0.408,0.677,-0.293,0.894,0.571,0.619,0.215,-0.338,0.407,0.235,-0.446,-0.403,0.564,-0.507,0.091,-0.323,-0.287,0.414,-0.382,-0.376,-0.343,-0.334,-0.38,0.681,-0.216,0.611,0.276,-0.502,0.483,-0.524,-0.35,0.073,0.229,-0.493,-0.399,0.8,-0.198,0.155,-0.182,0.656,-0.121,-0.085,-0.083,-0.539,-0.112,0.135,-0.388,-0.473,-0.524,-0.248,-0.521,-0.544,-0.122,0.021,0.437,0.314,-0.214,-0.327,-0.042,-0.189,-0.55,0.047,-0.478,-0.337,-0.3,-0.314,-0.425,0.017,-0.42,-0.46,-0.519,-0.42,-0.302,0.263,-0.574,0.322,-0.277,-0.324,0.664,-0.458,0.708,-0.344,-0.104,0.727,-0.36,-0.1,-0.463,-0.149,0.324,-0.476,-0.457,0.175,-0.086,0.409,-0.535,-0.087,-0.138,0.912,-0.149,-0.373,0.141,-0.07,0.318,-0.519,0.126,-0.477,-0.416,-0.51,-0.518,-0.563,-0.438,-0.289,0.301,-0.278,-0.352,-0.543,-0.366,-0.112,0.427,-0.51,-0.435,-0.071,-0.032,-0.321,0.062,0.441,0.493,0.46,-0.288,0.192,-0.594,0.259,-0.068,-0.435,0.639,0.385,0.69,-0.454,-0.268,0.159
CGC,-0.011,0.289,-0.085,0.135,0.341,0.235,0.591,0.374,-0.229,-0.111,0.06,-0.224,0.303,0.312,-0.4,0.247,0.415,0.218,0.23,0.223,0.525,0.01,0.584,0.034,0.42,0.509,0.438,0.029,0.035,0.391,0.288,-0.457,0.118,-0.305,1.0,-0.349,0.203,-0.428,-0.142,0.258,0.591,0.262,0.789,0.17,-0.492,0.443,-0.575,-0.521,-0.441,0.269,-0.028,-0.061,-0.615,0.194,0.009,-0.469,0.209,0.148,-0.106,0.162,0.31,-0.19,0.479,-0.159,-0.066,-0.072,-0.018,0.423,0.025,-0.214,0.261,0.216,-0.243,0.505,-0.061,0.557,0.233,-0.539,0.468,0.44,0.211,0.193,0.418,-0.221,0.258,-0.099,0.195,0.536,-0.527,0.288,0.554,0.091,-0.574,0.478,0.457,0.027,-0.088,-0.24,-0.34,-0.335,0.221,0.161,0.486,0.632,0.58,-0.56,0.323,0.307,0.499,-0.064,0.522,0.479,0.163,-0.304,-0.293,-0.253,-0.103,0.126,-0.091,-0.322,0.315,-0.006,0.392,0.203,0.107,0.169,0.465,-0.047,0.647,-0.086,0.164,0.509,0.311,-0.01,0.326,-0.076,0.418,0.411,-0.464,0.433,-0.204,0.346,-0.321,-0.48,0.18,0.713,0.348,0.047,-0.379,0.232,0.524,0.303,0.212,-0.422,0.166,0.521,0.381,-0.297,-0.063,0.114,-0.185,0.307,-0.315,0.736,0.025,0.279,0.206,0.151,0.5,0.502,0.892,0.588,-0.022,0.569,0.523,0.395,0.408,0.28,-0.059,0.471,0.607,0.005,0.248,0.603,-0.509,-0.238,-0.361,-0.432,0.262,0.451,0.333,-0.46,0.164,-0.089,-0.312,-0.585,-0.219,0.361,0.44,0.058
CHRD,-0.104,-0.221,0.273,-0.073,-0.114,-0.15,-0.222,-0.293,0.145,0.119,0.047,0.538,-0.287,-0.134,0.631,-0.358,-0.04,-0.26,-0.13,-0.1,-0.404,0.287,-0.286,-0.141,-0.017,-0.389,-0.364,0.442,-0.227,-0.387,-0.369,0.32,-0.073,0.764,-0.349,1.0,-0.087,0.154,0.056,-0.083,-0.333,0.053,-0.261,-0.045,0.602,-0.175,0.395,0.477,0.631,0.192,0.198,-0.024,0.372,-0.276,-0.275,0.322,-0.158,0.405,0.013,-0.068,-0.216,0.409,-0.159,0.649,0.261,0.743,0.057,-0.259,0.571,-0.003,-0.056,-0.23,0.32,-0.328,0.228,-0.4,-0.175,0.31,-0.221,-0.229,-0.42,-0.037,-0.244,0.448,-0.076,0.43,0.13,-0.447,0.421,-0.364,-0.287,-0.126,0.074,-0.337,-0.345,0.479,-0.008,0.317,0.174,0.632,0.052,0.06,-0.014,-0.413,-0.191,0.152,-0.153,-0.094,-0.283,-0.05,-0.372,-0.365,0.066,0.268,0.595,0.186,0.016,-0.258,-0.084,0.051,-0.369,-0.036,-0.337,-0.048,-0.104,-0.157,-0.29,0.209,-0.26,-0.074,-0.178,-0.33,-0.331,0.296,-0.473,0.441,-0.178,-0.276,0.665,-0.291,0.516,-0.272,0.054,0.674,-0.072,-0.172,-0.255,-0.144,0.276,-0.126,-0.208,0.071,-0.038,0.573,-0.325,-0.16,-0.185,0.671,-0.053,-0.262,0.254,-0.006,0.274,-0.273,0.165,-0.275,-0.219,-0.176,-0.33,-0.382,-0.381,-0.351,0.087,-0.311,-0.341,-0.329,-0.2,-0.132,0.099,-0.466,-0.309,-0.008,0.066,-0.205,0.085,0.22,0.554,0.389,-0.128,0.021,-0.378,0.609,0.104,-0.206,0.38,0.281,0.622,-0.287,-0.235,0.171
CLNE,0.149,0.551,0.471,0.483,0.618,0.813,0.508,0.563,-0.241,0.099,0.61,0.137,0.489,0.537,-0.425,0.525,0.477,0.344,0.662,0.416,0.202,0.53,0.446,0.438,0.458,0.518,0.525,0.135,0.57,0.602,0.426,0.03,0.654,-0.296,0.203,-0.087,1.0,-0.285,0.275,0.58,0.243,0.495,0.578,0.637,-0.2,0.422,-0.046,-0.192,-0.331,0.376,-0.211,0.439,-0.269,0.383,-0.401,-0.424,0.076,0.041,0.262,0.242,0.371,-0.334,0.389,-0.363,-0.466,0.123,0.035,0.4,0.275,-0.53,0.485,0.492,-0.554,0.526,0.577,0.278,0.345,-0.273,0.521,0.527,0.047,0.549,0.456,-0.43,0.456,-0.273,-0.163,0.512,-0.478,0.364,0.436,-0.313,-0.437,0.535,0.415,-0.395,0.158,0.366,0.157,-0.047,0.236,0.196,0.402,0.46,0.257,-0.21,0.482,0.545,0.44,0.432,0.455,0.515,0.574,0.319,0.018,-0.37,0.529,0.061,-0.0,0.33,0.581,-0.062,0.402,0.614,0.744,0.586,0.619,0.384,0.536,0.429,0.504,0.549,0.249,-0.01,0.428,0.05,0.397,0.23,-0.335,0.446,-0.325,0.349,0.189,-0.336,0.525,0.228,0.53,0.368,-0.502,0.619,0.556,-0.036,0.068,0.035,0.589,0.371,0.09,-0.425,0.193,0.608,-0.031,0.213,0.091,0.456,0.01,0.598,0.604,0.508,0.384,0.541,0.329,0.218,-0.408,0.466,0.426,0.553,0.61,0.066,-0.476,0.082,0.574,-0.01,0.411,0.185,-0.087,-0.311,-0.105,-0.448,0.564,-0.047,0.486,0.071,0.167,0.315,-0.391,-0.45,0.046,0.472,0.439,0.215
CMCSA,0.254,-0.272,-0.125,-0.201,-0.391,-0.125,-0.262,-0.186,0.158,0.134,-0.319,-0.102,-0.134,-0.157,0.254,-0.163,-0.12,-0.124,-0.225,-0.45,-0.175,-0.318,-0.389,0.085,-0.263,-0.45,-0.384,-0.02,-0.002,-0.289,-0.238,0.096,-0.088,0.194,-0.428,0.154,-0.285,1.0,0.27,-0.118,-0.202,-0.495,-0.46,-0.208,0.546,-0.509,0.441,0.452,0.415,-0.356,-0.019,-0.189,0.295,-0.292,0.209,0.335,-0.163,-0.073,-0.001,0.022,-0.081,0.077,-0.133,0.009,0.028,-0.117,-0.17,-0.186,-0.139,0.211,0.002,-0.173,0.21,-0.395,0.139,-0.381,0.168,0.657,-0.385,-0.365,-0.294,-0.005,-0.207,0.154,0.119,0.017,0.103,-0.405,0.473,-0.367,-0.452,-0.057,0.489,-0.35,-0.43,0.088,0.247,-0.198,0.177,0.065,-0.074,0.132,-0.438,-0.436,-0.324,0.705,-0.278,-0.228,-0.258,0.12,-0.321,-0.319,-0.443,0.247,0.299,0.198,-0.132,-0.342,0.499,0.072,-0.265,-0.133,-0.259,-0.282,-0.033,-0.313,-0.317,0.23,-0.501,-0.005,-0.083,-0.489,-0.177,0.072,-0.203,0.136,-0.253,-0.078,0.341,-0.271,0.21,-0.203,0.235,0.394,-0.093,-0.457,-0.312,-0.386,0.204,-0.111,-0.289,-0.113,-0.012,0.376,-0.187,-0.403,-0.481,0.262,-0.123,-0.111,0.431,-0.074,-0.096,-0.355,0.083,-0.232,-0.166,-0.155,-0.196,-0.35,-0.389,-0.061,-0.062,-0.367,-0.611,-0.387,-0.361,-0.039,0.069,-0.239,-0.433,0.348,-0.06,-0.418,0.325,0.426,0.474,0.347,-0.276,-0.271,-0.201,0.336,0.291,-0.095,0.163,0.409,0.084,-0.181,-0.402,-0.228
COMM,0.36,0.435,0.437,0.331,0.268,0.286,0.286,0.414,-0.083,0.402,0.323,0.019,0.474,0.479,-0.102,0.423,0.144,0.343,0.424,0.095,0.284,0.22,0.248,0.371,0.351,0.253,0.286,0.016,0.541,0.258,0.177,0.16,0.483,-0.134,-0.142,0.056,0.275,0.27,1.0,0.496,0.086,0.128,0.183,0.475,0.239,0.053,0.313,0.303,-0.032,-0.097,-0.371,0.334,0.046,0.164,-0.23,-0.028,-0.195,-0.123,0.182,0.323,0.22,-0.241,0.117,-0.287,-0.431,-0.006,-0.132,0.261,0.268,-0.209,0.445,0.432,-0.362,0.27,0.237,-0.03,0.464,0.026,0.152,0.174,-0.29,0.552,0.347,-0.309,0.49,-0.252,-0.042,0.099,-0.125,0.072,0.119,-0.38,-0.046,0.356,0.117,-0.327,0.348,0.166,0.402,-0.018,0.198,0.401,0.103,0.077,0.016,0.367,0.371,0.466,0.172,0.52,0.291,0.445,0.319,0.504,0.284,-0.382,0.352,-0.097,0.25,0.436,0.32,-0.205,0.265,0.502,0.262,0.297,0.289,0.323,0.223,0.34,0.355,0.187,0.111,0.227,0.126,0.253,0.268,0.375,-0.016,0.439,-0.007,0.161,0.346,0.113,0.522,-0.184,0.487,-0.006,-0.253,0.421,0.252,-0.029,0.203,0.357,0.504,0.119,-0.19,-0.237,0.209,0.077,0.205,0.248,0.023,0.162,-0.068,0.353,0.395,0.435,0.359,0.308,0.003,0.049,-0.557,0.084,-0.059,0.273,0.313,0.04,-0.408,0.079,0.107,0.41,0.174,-0.168,0.047,-0.212,0.168,0.075,0.299,-0.216,0.29,0.289,0.374,0.287,-0.363,-0.075,0.139,0.412,0.114,-0.083
COST,0.419,0.864,0.509,0.741,0.586,0.694,0.739,0.696,-0.135,0.235,0.587,-0.019,0.853,0.666,-0.473,0.701,0.614,0.769,0.795,0.43,0.392,0.475,0.61,0.719,0.728,0.622,0.555,-0.006,0.651,0.709,0.63,-0.214,0.756,-0.377,0.258,-0.083,0.58,-0.118,0.496,1.0,0.36,0.559,0.569,0.867,-0.047,0.277,-0.073,0.038,-0.464,0.188,-0.53,0.515,-0.296,0.498,-0.251,-0.402,0.152,-0.114,0.199,0.486,0.657,-0.468,0.541,-0.51,-0.569,0.142,-0.277,0.705,0.432,-0.658,0.746,0.793,-0.623,0.587,0.387,0.212,0.685,-0.32,0.533,0.557,-0.141,0.811,0.707,-0.565,0.642,-0.482,-0.108,0.444,-0.577,0.371,0.516,-0.435,-0.554,0.678,0.465,-0.505,0.397,0.189,0.331,-0.251,0.468,0.324,0.553,0.437,0.271,-0.101,0.546,0.769,0.596,0.716,0.599,0.709,0.55,0.433,0.121,-0.501,0.6,0.011,0.177,0.511,0.703,-0.16,0.655,0.766,0.559,0.646,0.578,0.417,0.639,0.579,0.694,0.551,0.299,0.231,0.512,0.235,0.704,0.622,-0.393,0.664,-0.354,0.462,0.265,-0.279,0.846,0.103,0.765,0.09,-0.562,0.821,0.725,-0.058,0.152,0.254,0.69,0.316,0.169,-0.553,0.188,0.355,0.01,0.371,-0.078,0.648,-0.013,0.691,0.619,0.705,0.687,0.67,0.384,0.257,-0.656,0.43,0.268,0.61,0.668,0.254,-0.624,0.36,0.633,0.297,0.34,0.198,-0.2,-0.435,-0.151,-0.392,0.492,-0.198,0.7,0.122,0.446,0.451,-0.664,-0.601,0.029,0.733,0.388,0.053
CPB,0.445,0.366,-0.193,0.17,0.568,0.441,0.736,0.645,-0.429,-0.11,0.092,-0.38,0.42,0.125,-0.38,0.395,0.592,0.242,0.373,0.135,0.397,0.092,0.737,0.092,0.56,0.509,0.617,0.338,-0.04,0.302,0.187,-0.383,0.215,-0.269,0.591,-0.333,0.243,-0.202,0.086,0.36,1.0,0.337,0.541,0.296,-0.132,0.616,-0.359,-0.325,-0.499,0.368,-0.225,-0.124,-0.643,0.126,-0.169,-0.357,0.032,0.177,0.027,0.586,0.396,-0.331,0.652,-0.227,-0.138,-0.069,-0.208,0.661,0.046,-0.393,0.381,0.338,-0.383,0.615,0.149,0.343,0.442,-0.276,0.5,0.499,-0.071,0.188,0.653,-0.064,0.579,-0.306,0.461,0.46,-0.55,0.059,0.662,-0.122,-0.482,0.656,0.78,0.045,-0.109,-0.215,-0.415,-0.242,0.398,0.566,0.539,0.414,0.875,-0.385,0.276,0.204,0.454,0.043,0.65,0.484,0.151,-0.176,-0.147,-0.448,-0.015,-0.144,0.115,-0.23,0.346,-0.115,0.472,0.235,0.321,0.154,0.52,0.104,0.601,-0.086,0.173,0.539,0.31,0.393,0.314,0.252,0.54,0.624,-0.507,0.637,-0.037,0.809,-0.385,-0.398,0.246,0.39,0.341,-0.035,-0.607,0.248,0.434,0.625,0.4,-0.221,0.145,0.562,0.189,-0.356,-0.094,0.071,-0.138,0.675,-0.51,0.467,-0.04,0.457,0.604,0.397,0.4,0.506,0.451,0.699,-0.29,0.736,0.469,0.372,0.635,0.58,-0.12,0.251,0.402,0.431,0.598,0.365,-0.58,-0.12,-0.232,-0.536,0.194,0.294,0.308,-0.432,0.59,-0.107,-0.466,-0.559,-0.174,0.623,0.607,0.034
CPRT,0.075,0.607,0.347,0.611,0.689,0.298,0.534,0.551,0.014,0.003,0.671,0.38,0.481,0.466,-0.261,0.388,0.361,0.512,0.453,0.615,0.255,0.705,0.61,0.242,0.61,0.481,0.465,0.207,0.236,0.436,0.405,-0.013,0.346,-0.055,0.262,0.053,0.495,-0.495,0.128,0.559,0.337,1.0,0.422,0.624,-0.168,0.695,-0.278,-0.205,-0.39,0.484,-0.166,0.467,-0.335,0.485,-0.1,-0.294,0.29,0.065,0.446,0.338,0.401,-0.236,0.246,-0.011,-0.226,0.456,0.001,0.521,0.527,-0.285,0.28,0.565,-0.391,0.52,-0.021,0.237,0.354,-0.374,0.569,0.603,0.172,0.278,0.577,-0.166,0.27,-0.038,0.082,0.428,-0.512,0.467,0.581,-0.069,-0.64,0.517,0.616,-0.165,0.03,0.463,0.049,0.103,0.455,0.271,0.75,0.41,0.464,-0.336,0.519,0.354,0.478,0.405,0.493,0.463,0.716,0.302,0.139,-0.354,0.502,0.316,0.035,0.249,0.417,0.129,0.423,0.524,0.141,0.662,0.507,0.054,0.625,0.207,0.367,0.619,0.26,0.251,0.388,0.179,0.619,0.366,-0.263,0.498,-0.139,0.384,-0.021,-0.31,0.361,0.451,0.493,0.419,-0.377,0.42,0.433,0.316,0.248,0.029,0.47,0.27,0.461,-0.332,0.245,0.16,0.063,0.468,0.201,0.489,0.085,0.654,0.448,0.395,0.336,0.438,0.335,0.19,-0.214,0.604,0.588,0.569,0.693,0.14,-0.29,0.224,0.638,0.074,0.27,0.481,-0.246,-0.362,-0.313,-0.328,0.56,0.119,0.402,-0.034,0.122,0.357,-0.378,-0.559,0.191,0.539,0.498,0.435
CRON,0.125,0.553,0.34,0.412,0.611,0.561,0.73,0.578,-0.328,0.078,0.482,-0.045,0.522,0.611,-0.527,0.552,0.503,0.373,0.567,0.333,0.474,0.374,0.647,0.349,0.612,0.64,0.593,0.082,0.435,0.576,0.437,-0.208,0.51,-0.405,0.789,-0.261,0.578,-0.46,0.183,0.569,0.541,0.422,1.0,0.506,-0.325,0.52,-0.315,-0.422,-0.479,0.236,-0.247,0.247,-0.517,0.446,-0.301,-0.56,0.092,0.095,0.02,0.259,0.396,-0.345,0.484,-0.397,-0.391,-0.014,0.02,0.543,0.169,-0.525,0.5,0.476,-0.534,0.591,0.257,0.558,0.409,-0.549,0.569,0.548,0.053,0.538,0.605,-0.468,0.505,-0.299,-0.001,0.609,-0.644,0.27,0.586,-0.277,-0.606,0.649,0.53,-0.271,0.074,0.106,-0.054,-0.246,0.224,0.233,0.561,0.708,0.529,-0.447,0.503,0.631,0.589,0.285,0.695,0.639,0.506,0.062,-0.162,-0.437,0.332,0.007,-0.09,0.14,0.603,-0.069,0.499,0.592,0.459,0.532,0.652,0.211,0.83,0.303,0.442,0.699,0.348,-0.01,0.471,-0.031,0.539,0.403,-0.45,0.584,-0.35,0.454,-0.015,-0.487,0.501,0.559,0.616,0.259,-0.63,0.58,0.707,0.123,0.151,-0.172,0.505,0.618,0.282,-0.485,0.182,0.358,-0.152,0.298,-0.065,0.808,-0.052,0.538,0.534,0.418,0.638,0.63,0.844,0.454,-0.363,0.597,0.584,0.587,0.667,0.229,-0.395,0.371,0.672,0.021,0.4,0.435,-0.359,-0.418,-0.286,-0.56,0.534,0.118,0.547,-0.232,0.241,0.168,-0.532,-0.63,-0.131,0.608,0.522,0.117
CRWD,0.326,0.856,0.52,0.704,0.657,0.641,0.603,0.674,-0.119,0.208,0.667,0.139,0.791,0.656,-0.364,0.618,0.605,0.722,0.687,0.499,0.418,0.587,0.604,0.667,0.649,0.649,0.657,0.013,0.608,0.709,0.588,-0.042,0.776,-0.291,0.17,-0.045,0.637,-0.208,0.475,0.867,0.296,0.624,0.506,1.0,-0.1,0.394,-0.086,0.064,-0.432,0.273,-0.309,0.667,-0.318,0.581,-0.303,-0.444,0.172,-0.047,0.37,0.415,0.618,-0.363,0.438,-0.394,-0.446,0.203,-0.105,0.609,0.52,-0.559,0.602,0.811,-0.502,0.699,0.37,0.198,0.572,-0.375,0.545,0.566,-0.014,0.752,0.629,-0.417,0.489,-0.298,-0.03,0.485,-0.586,0.372,0.628,-0.409,-0.518,0.721,0.424,-0.474,0.442,0.32,0.371,-0.121,0.515,0.312,0.624,0.46,0.279,-0.139,0.536,0.752,0.539,0.705,0.561,0.76,0.64,0.457,0.171,-0.415,0.624,0.067,0.173,0.488,0.669,-0.045,0.67,0.789,0.508,0.713,0.569,0.391,0.612,0.553,0.692,0.561,0.423,0.201,0.478,0.238,0.718,0.599,-0.372,0.748,-0.26,0.384,0.273,-0.241,0.832,0.145,0.822,0.303,-0.521,0.728,0.712,0.06,0.165,0.214,0.654,0.413,0.226,-0.512,0.278,0.399,0.04,0.378,0.057,0.567,0.087,0.671,0.648,0.737,0.597,0.723,0.313,0.18,-0.534,0.439,0.366,0.678,0.669,0.193,-0.495,0.3,0.585,0.218,0.373,0.181,-0.18,-0.453,-0.169,-0.291,0.61,-0.109,0.67,0.212,0.281,0.517,-0.506,-0.536,0.174,0.721,0.499,0.263
CSCO,0.181,-0.209,0.218,-0.089,-0.154,-0.029,-0.119,-0.15,-0.039,0.081,-0.036,0.24,-0.188,-0.195,0.545,-0.228,-0.092,-0.246,-0.134,-0.444,-0.442,0.186,-0.317,-0.045,-0.101,-0.519,-0.373,0.371,-0.148,-0.452,-0.469,0.304,-0.082,0.538,-0.492,0.602,-0.2,0.546,0.239,-0.047,-0.132,-0.168,-0.325,-0.1,1.0,-0.3,0.578,0.562,0.57,-0.195,-0.076,-0.162,0.392,-0.238,-0.198,0.433,-0.419,0.244,-0.096,0.077,-0.268,0.293,-0.118,0.295,0.075,0.378,-0.095,-0.101,0.203,-0.063,-0.063,-0.136,0.161,-0.423,0.363,-0.519,0.022,0.612,-0.392,-0.367,-0.61,-0.076,-0.093,0.311,0.234,0.115,0.129,-0.57,0.501,-0.594,-0.411,-0.369,0.412,-0.296,-0.293,0.349,0.062,0.116,0.082,0.454,-0.103,0.105,-0.245,-0.604,-0.148,0.491,-0.383,-0.221,-0.403,0.07,-0.328,-0.402,-0.108,0.341,0.487,0.063,0.028,-0.537,0.108,0.258,-0.29,-0.16,-0.339,-0.076,0.076,-0.183,-0.364,0.207,-0.367,-0.05,-0.2,-0.415,-0.389,0.345,-0.419,0.378,-0.217,-0.14,0.648,-0.242,0.443,-0.016,0.159,0.621,-0.073,-0.525,-0.285,-0.278,0.104,-0.113,-0.365,0.015,-0.053,0.698,-0.275,-0.248,-0.463,0.504,0.081,-0.281,0.279,-0.009,0.211,-0.435,-0.121,-0.188,-0.042,-0.137,-0.273,-0.457,-0.499,-0.269,-0.211,-0.326,-0.571,-0.502,-0.176,-0.052,0.002,-0.524,-0.53,0.323,0.08,-0.534,0.299,0.348,0.645,0.32,-0.259,-0.351,-0.319,0.368,0.371,-0.151,0.236,0.498,0.408,-0.119,-0.357,-0.128
CSGP,0.134,0.391,0.062,0.345,0.825,0.239,0.546,0.583,-0.224,-0.182,0.49,0.099,0.323,0.273,-0.366,0.324,0.398,0.272,0.357,0.484,0.279,0.445,0.697,0.058,0.583,0.559,0.665,0.386,0.098,0.332,0.29,-0.098,0.251,-0.192,0.443,-0.175,0.422,-0.509,0.053,0.277,0.616,0.695,0.52,0.394,-0.3,1.0,-0.417,-0.45,-0.498,0.436,-0.072,0.127,-0.527,0.319,-0.196,-0.315,0.217,0.107,0.362,0.349,0.388,-0.249,0.317,-0.067,-0.22,0.219,0.011,0.497,0.304,-0.254,0.271,0.378,-0.395,0.67,-0.109,0.36,0.324,-0.473,0.606,0.595,0.174,0.136,0.573,-0.083,0.281,-0.102,0.314,0.556,-0.526,0.317,0.701,-0.036,-0.589,0.64,0.751,-0.081,-0.105,0.31,-0.212,-0.02,0.489,0.553,0.768,0.511,0.753,-0.452,0.466,0.269,0.48,0.111,0.567,0.489,0.509,0.003,-0.097,-0.411,0.233,0.235,-0.033,-0.041,0.29,0.057,0.405,0.367,0.094,0.492,0.591,-0.041,0.704,0.054,0.244,0.759,0.309,0.257,0.303,0.268,0.568,0.354,-0.46,0.613,-0.073,0.625,-0.315,-0.403,0.221,0.552,0.405,0.433,-0.473,0.196,0.445,0.613,0.375,-0.284,0.285,0.381,0.401,-0.383,0.074,0.034,-0.058,0.652,-0.051,0.482,0.064,0.594,0.588,0.373,0.266,0.491,0.414,0.463,-0.135,0.722,0.792,0.59,0.786,0.263,-0.201,0.194,0.536,0.102,0.446,0.55,-0.52,-0.358,-0.467,-0.509,0.538,0.288,0.267,-0.277,0.235,0.112,-0.38,-0.557,0.058,0.604,0.66,0.356
CSX,0.174,-0.172,0.415,-0.027,-0.146,-0.043,-0.212,-0.152,0.097,0.401,0.182,0.344,-0.138,0.062,0.273,0.082,-0.372,-0.128,-0.101,-0.069,-0.309,0.093,-0.487,0.183,-0.177,-0.38,-0.327,0.113,0.086,-0.319,-0.308,0.425,0.034,0.247,-0.575,0.395,-0.046,0.441,0.313,-0.073,-0.359,-0.278,-0.315,-0.086,0.578,-0.417,1.0,0.567,0.492,-0.43,-0.246,0.104,0.535,-0.191,-0.132,0.365,-0.378,-0.042,0.17,0.103,-0.246,0.059,-0.376,0.017,-0.264,0.104,-0.02,-0.22,0.059,-0.008,-0.086,-0.024,-0.107,-0.413,0.194,-0.435,-0.084,0.429,-0.397,-0.408,-0.382,0.063,-0.169,0.023,0.109,0.018,-0.067,-0.44,0.424,-0.344,-0.588,-0.325,0.608,-0.345,-0.392,-0.108,0.239,0.398,0.409,0.462,-0.205,0.059,-0.414,-0.459,-0.371,0.629,-0.313,0.017,-0.336,0.18,-0.178,-0.33,-0.025,0.458,0.574,0.001,0.339,-0.34,0.147,0.498,-0.09,-0.229,-0.304,0.056,0.068,0.004,-0.303,0.157,-0.254,0.235,0.018,-0.331,-0.19,0.155,-0.107,0.067,-0.264,-0.304,0.514,-0.292,0.072,-0.164,0.429,0.479,-0.003,-0.575,-0.134,-0.162,0.054,-0.055,-0.415,-0.262,-0.172,0.605,0.021,-0.455,-0.618,0.169,0.124,0.014,0.354,-0.237,0.29,-0.305,-0.113,-0.129,0.087,-0.098,-0.169,-0.406,-0.399,-0.52,-0.321,-0.482,-0.5,-0.385,-0.189,-0.127,-0.239,-0.209,-0.481,0.217,-0.11,-0.59,0.477,0.171,0.509,0.287,-0.097,-0.58,-0.211,0.537,0.086,0.189,-0.022,0.608,0.178,-0.141,-0.321,-0.22
CTSH,-0.051,-0.039,0.252,0.079,-0.275,-0.072,-0.262,-0.21,0.172,0.351,-0.048,0.219,-0.051,0.029,0.421,-0.204,-0.149,0.024,-0.061,-0.175,-0.009,0.038,-0.388,0.059,-0.154,-0.265,-0.281,-0.089,-0.014,-0.21,-0.197,0.325,-0.097,0.368,-0.521,0.477,-0.192,0.452,0.303,0.038,-0.325,-0.205,-0.422,0.064,0.562,-0.45,0.567,1.0,0.594,-0.247,-0.16,0.186,0.549,-0.222,0.074,0.335,-0.226,0.035,0.086,-0.035,-0.152,0.193,-0.236,0.161,0.058,0.182,-0.205,-0.236,0.176,0.112,-0.155,-0.019,0.162,-0.295,0.201,-0.403,-0.035,0.561,-0.362,-0.345,-0.352,0.054,-0.232,0.096,0.08,0.297,-0.097,-0.419,0.454,-0.233,-0.405,-0.117,0.375,-0.231,-0.504,0.063,0.317,0.134,0.412,0.393,-0.201,-0.007,-0.344,-0.542,-0.397,0.557,-0.267,-0.008,-0.277,0.199,-0.316,-0.114,-0.078,0.372,0.476,0.074,0.127,-0.184,0.215,0.308,-0.103,-0.107,-0.274,-0.02,0.018,-0.148,-0.37,0.188,-0.342,0.09,0.032,-0.389,-0.129,-0.001,-0.238,0.03,-0.235,-0.035,0.551,-0.155,0.308,-0.31,0.394,0.531,0.096,-0.474,0.009,-0.272,0.31,-0.059,-0.326,-0.227,-0.125,0.604,-0.116,-0.224,-0.41,0.309,0.111,0.012,0.432,-0.257,0.168,-0.321,-0.103,-0.247,-0.157,-0.01,-0.086,-0.218,-0.432,-0.504,-0.156,-0.476,-0.509,-0.336,-0.26,-0.293,-0.022,-0.171,-0.406,0.236,-0.152,-0.428,0.474,0.243,0.501,0.57,-0.179,-0.306,-0.181,0.547,0.004,0.072,0.24,0.46,0.319,-0.183,-0.32,-0.138
CZR,-0.329,-0.559,0.094,-0.333,-0.524,-0.387,-0.508,-0.53,0.216,0.182,-0.269,0.391,-0.562,-0.228,0.679,-0.604,-0.382,-0.489,-0.511,-0.436,-0.305,-0.109,-0.657,-0.305,-0.483,-0.637,-0.68,0.114,-0.312,-0.595,-0.654,0.436,-0.43,0.719,-0.441,0.631,-0.331,0.415,-0.032,-0.464,-0.499,-0.39,-0.479,-0.432,0.57,-0.498,0.492,0.594,1.0,-0.241,0.229,-0.136,0.583,-0.464,0.042,0.638,-0.336,0.243,-0.119,-0.32,-0.492,0.527,-0.451,0.595,0.389,0.322,0.095,-0.605,0.054,0.362,-0.466,-0.502,0.493,-0.668,0.083,-0.43,-0.387,0.648,-0.543,-0.555,-0.285,-0.298,-0.565,0.427,-0.19,0.561,0.019,-0.629,0.793,-0.426,-0.626,0.082,0.472,-0.64,-0.711,0.462,-0.032,0.094,0.076,0.592,-0.384,-0.206,-0.481,-0.646,-0.498,0.506,-0.495,-0.426,-0.535,-0.198,-0.642,-0.591,-0.29,0.189,0.42,0.306,-0.209,-0.286,0.04,0.001,-0.545,-0.011,-0.699,-0.392,-0.254,-0.423,-0.571,0.021,-0.574,-0.303,-0.404,-0.569,-0.374,-0.076,-0.566,-0.014,-0.63,-0.481,0.823,-0.62,0.518,-0.602,0.16,0.693,-0.364,-0.341,-0.471,-0.221,0.511,-0.473,-0.589,-0.167,-0.043,0.479,-0.498,-0.298,-0.444,0.747,-0.029,-0.236,0.403,-0.368,0.332,-0.529,0.003,-0.605,-0.476,-0.496,-0.392,-0.633,-0.458,-0.44,0.184,-0.601,-0.586,-0.635,-0.557,-0.434,0.308,-0.485,-0.538,-0.009,-0.288,-0.481,0.415,0.365,0.621,0.697,-0.268,-0.05,-0.618,0.412,-0.134,-0.331,0.603,0.645,0.42,-0.587,-0.583,-0.121
DBX,0.02,0.189,-0.142,0.136,0.343,0.327,0.31,0.198,0.025,-0.079,0.032,-0.066,0.146,-0.066,-0.114,0.088,0.478,0.055,0.275,0.261,0.085,0.129,0.365,-0.116,0.296,0.277,0.368,0.315,-0.062,0.246,0.177,-0.215,0.22,0.119,0.269,0.192,0.376,-0.356,-0.097,0.188,0.368,0.484,0.236,0.273,-0.195,0.436,-0.43,-0.247,-0.241,1.0,0.24,-0.041,-0.343,0.154,-0.026,-0.373,0.343,0.279,0.071,0.248,0.296,-0.085,0.53,0.233,0.227,0.302,-0.011,0.348,0.286,-0.023,0.279,0.082,0.037,0.387,0.221,0.128,0.142,-0.282,0.364,0.366,0.141,0.033,0.291,0.244,0.062,0.165,0.389,0.277,-0.39,0.231,0.545,0.302,-0.582,0.315,0.395,0.231,-0.136,-0.075,-0.314,0.07,0.501,0.247,0.451,0.367,0.465,-0.592,0.448,0.049,0.367,-0.15,0.186,0.227,0.253,-0.212,0.082,-0.014,-0.151,0.2,-0.115,-0.396,0.102,0.265,0.322,0.144,0.23,0.026,0.245,0.291,0.229,-0.215,-0.001,0.226,0.082,0.26,0.014,0.343,0.392,0.332,-0.246,0.307,0.132,0.288,-0.203,-0.122,0.076,0.408,0.061,0.056,-0.032,0.189,0.347,0.529,0.261,-0.195,0.121,0.43,0.266,0.037,-0.002,0.133,-0.109,0.407,-0.339,0.205,0.351,0.251,0.149,0.232,-0.019,0.294,0.071,0.356,0.175,0.391,0.34,0.387,0.317,0.346,0.127,-0.015,0.296,0.028,0.548,0.522,-0.493,0.09,0.032,-0.217,0.014,0.55,0.086,-0.001,0.212,-0.175,0.079,-0.528,0.149,0.238,0.509,0.434
DDOG,-0.518,-0.443,-0.375,-0.475,-0.256,-0.381,-0.427,-0.499,0.023,-0.265,-0.351,0.096,-0.502,-0.454,0.345,-0.573,-0.239,-0.549,-0.477,-0.302,-0.159,-0.132,-0.225,-0.541,-0.498,-0.308,-0.211,0.167,-0.393,-0.377,-0.449,0.245,-0.244,0.433,-0.028,0.198,-0.211,-0.019,-0.371,-0.53,-0.225,-0.166,-0.247,-0.309,-0.076,-0.072,-0.246,-0.16,0.229,0.24,1.0,-0.165,-0.006,-0.115,0.086,0.043,0.073,0.309,-0.149,-0.445,-0.26,0.371,-0.18,0.515,0.678,0.025,0.595,-0.391,-0.142,0.328,-0.41,-0.552,0.74,-0.229,-0.125,-0.084,-0.43,0.119,-0.187,-0.198,0.203,-0.342,-0.428,0.603,-0.542,0.416,0.117,-0.159,0.24,-0.295,-0.038,0.312,0.002,-0.343,-0.263,0.507,-0.368,-0.071,-0.17,0.256,-0.134,-0.255,-0.001,-0.119,-0.119,-0.21,-0.2,-0.415,-0.32,-0.383,-0.415,-0.391,-0.2,-0.278,-0.148,0.49,-0.407,-0.052,-0.214,-0.454,-0.357,0.451,-0.182,-0.506,-0.327,-0.299,-0.266,-0.164,-0.339,-0.504,-0.49,-0.236,-0.056,-0.223,-0.396,-0.025,-0.239,-0.308,0.264,-0.353,0.312,-0.402,-0.301,0.127,-0.473,0.172,-0.429,-0.004,0.298,-0.448,-0.203,0.155,-0.075,-0.311,-0.537,0.045,0.273,0.49,-0.153,-0.114,-0.159,-0.145,0.085,-0.404,0.138,-0.432,-0.491,-0.455,-0.504,-0.303,-0.174,0.028,0.629,-0.158,-0.022,-0.207,-0.349,-0.217,0.709,-0.277,-0.207,-0.334,-0.075,-0.044,-0.065,0.301,0.085,0.274,-0.219,0.4,-0.446,0.01,-0.397,-0.368,0.598,0.105,0.192,-0.447,-0.043,0.362
DKNG,-0.064,0.656,0.584,0.497,0.304,0.217,0.139,0.288,0.053,0.171,0.663,0.438,0.537,0.612,-0.166,0.333,0.088,0.594,0.296,0.425,0.351,0.551,0.235,0.461,0.257,0.377,0.264,-0.283,0.478,0.438,0.419,0.25,0.424,-0.167,-0.061,-0.024,0.439,-0.189,0.334,0.515,-0.124,0.467,0.247,0.667,-0.162,0.127,0.104,0.186,-0.136,-0.041,-0.165,1.0,-0.034,0.447,-0.138,-0.238,0.114,-0.104,0.402,-0.012,0.204,-0.173,-0.087,-0.246,-0.236,0.092,0.215,0.105,0.325,-0.293,0.126,0.509,-0.218,0.284,0.08,0.189,0.174,-0.146,0.32,0.336,0.114,0.548,0.151,-0.365,0.1,-0.112,-0.406,0.343,-0.273,0.286,0.241,-0.297,-0.205,0.305,0.081,-0.471,0.339,0.572,0.514,0.116,0.021,-0.098,0.339,0.225,-0.16,0.053,0.271,0.513,0.24,0.69,0.274,0.417,0.587,0.488,0.133,-0.166,0.667,0.145,0.138,0.513,0.462,0.047,0.343,0.479,0.185,0.636,0.349,0.083,0.387,0.546,0.491,0.394,0.386,-0.165,0.439,-0.191,0.248,0.219,-0.049,0.275,-0.332,-0.101,0.374,-0.177,0.486,0.155,0.605,0.378,-0.283,0.48,0.318,-0.307,-0.087,0.22,0.485,0.179,0.197,-0.348,0.365,0.325,0.161,-0.066,0.409,0.321,-0.047,0.382,0.243,0.361,0.352,0.388,0.208,-0.149,-0.278,0.154,0.267,0.393,0.289,-0.264,-0.199,0.261,0.432,-0.117,-0.099,-0.023,0.255,-0.351,-0.169,-0.001,0.576,-0.297,0.491,0.24,-0.239,0.635,-0.285,-0.178,0.152,0.303,0.224,0.199
DLTR,-0.212,-0.341,0.16,-0.05,-0.472,-0.281,-0.561,-0.467,0.369,0.409,-0.166,0.213,-0.358,-0.144,0.292,-0.308,-0.512,-0.24,-0.294,-0.306,-0.475,-0.147,-0.646,-0.078,-0.37,-0.436,-0.514,-0.166,-0.046,-0.399,-0.278,0.461,-0.215,0.306,-0.615,0.372,-0.269,0.295,0.046,-0.296,-0.643,-0.335,-0.517,-0.318,0.392,-0.527,0.535,0.549,0.583,-0.343,-0.006,-0.034,1.0,-0.157,0.04,0.586,-0.102,-0.155,-0.037,-0.275,-0.304,0.17,-0.602,0.171,0.058,0.138,0.026,-0.556,-0.061,0.314,-0.313,-0.356,0.235,-0.569,0.045,-0.465,-0.42,0.547,-0.511,-0.511,-0.167,-0.203,-0.493,0.197,-0.253,0.288,-0.198,-0.485,0.648,-0.281,-0.671,0.095,0.5,-0.575,-0.617,-0.002,0.122,0.17,0.315,0.412,-0.352,-0.224,-0.504,-0.436,-0.637,0.541,-0.361,-0.241,-0.464,-0.057,-0.555,-0.492,-0.137,0.322,0.298,0.352,0.026,-0.133,0.129,0.246,-0.367,0.081,-0.507,-0.185,-0.134,-0.268,-0.563,0.151,-0.516,-0.004,-0.147,-0.474,-0.262,-0.183,-0.378,-0.153,-0.51,-0.459,0.631,-0.514,0.101,-0.528,0.431,0.501,-0.276,-0.526,-0.358,-0.088,0.536,-0.246,-0.537,-0.373,-0.17,0.522,-0.201,-0.513,-0.497,0.326,0.17,-0.04,0.324,-0.388,0.303,-0.48,-0.022,-0.435,-0.322,-0.204,-0.351,-0.522,-0.494,-0.672,0.115,-0.71,-0.47,-0.424,-0.5,-0.472,0.031,-0.329,-0.596,0.067,-0.312,-0.47,0.518,0.185,0.49,0.612,-0.201,-0.416,-0.404,0.504,-0.226,0.026,0.339,0.645,0.147,-0.461,-0.54,-0.041
DOCU,0.15,0.593,0.291,0.674,0.447,0.327,0.417,0.441,0.186,0.207,0.562,0.076,0.525,0.552,-0.618,0.514,0.234,0.566,0.372,0.335,0.255,0.371,0.291,0.483,0.359,0.483,0.538,-0.25,0.451,0.639,0.597,0.054,0.502,-0.394,0.194,-0.276,0.383,-0.292,0.164,0.498,0.126,0.485,0.446,0.581,-0.238,0.319,-0.191,-0.222,-0.464,0.154,-0.115,0.447,-0.157,1.0,0.095,-0.304,0.462,-0.34,0.319,0.232,0.49,-0.549,0.188,-0.329,-0.448,-0.068,0.105,0.423,0.212,-0.154,0.343,0.579,-0.411,0.478,-0.003,0.177,0.219,-0.363,0.369,0.372,0.472,0.478,0.532,-0.362,0.179,-0.302,0.018,0.396,-0.391,0.437,0.455,-0.035,-0.326,0.526,0.282,-0.423,0.409,0.267,0.37,-0.188,0.291,0.112,0.444,0.559,0.134,-0.199,0.428,0.45,0.493,0.478,0.52,0.539,0.606,0.354,0.053,-0.027,0.561,0.284,0.168,0.467,0.576,0.457,0.597,0.536,0.253,0.682,0.301,0.245,0.506,0.371,0.587,0.452,0.456,-0.075,0.515,-0.107,0.566,0.391,-0.364,0.52,-0.573,0.228,0.365,-0.449,0.365,0.218,0.607,0.52,-0.209,0.542,0.505,-0.012,0.163,-0.12,0.629,0.188,0.364,-0.518,0.567,0.34,0.122,0.221,0.232,0.508,0.208,0.651,0.399,0.495,0.484,0.531,0.403,0.083,-0.128,0.247,0.352,0.623,0.452,0.093,-0.395,0.439,0.384,0.162,0.247,0.318,-0.01,-0.22,-0.162,-0.149,0.499,-0.105,0.527,0.179,-0.001,0.635,-0.492,-0.382,-0.217,0.582,0.418,0.433
DVAX,-0.242,-0.245,-0.339,-0.04,-0.353,-0.406,-0.2,-0.282,0.511,0.11,-0.257,-0.127,-0.163,-0.119,-0.131,-0.21,-0.307,0.015,-0.304,-0.009,0.225,-0.393,-0.303,-0.194,-0.323,-0.18,-0.257,-0.402,-0.183,-0.09,0.034,-0.081,-0.434,-0.052,0.009,-0.275,-0.401,0.209,-0.23,-0.251,-0.169,-0.1,-0.301,-0.303,-0.198,-0.196,-0.132,0.074,0.042,-0.026,0.086,-0.138,0.04,0.095,1.0,0.055,0.397,-0.328,0.054,-0.116,-0.028,-0.067,-0.134,0.085,0.149,-0.273,-0.114,-0.019,-0.316,0.708,-0.318,-0.084,0.191,-0.25,-0.532,-0.053,0.03,0.121,-0.239,-0.224,0.484,-0.333,-0.03,0.038,-0.288,0.213,0.155,-0.122,0.165,0.282,-0.205,0.719,0.129,-0.189,-0.256,0.062,0.13,-0.253,0.004,-0.121,-0.056,-0.194,-0.277,-0.031,-0.162,0.059,-0.139,-0.346,0.034,-0.181,-0.142,-0.114,-0.235,-0.215,0.004,0.251,-0.219,0.391,0.169,-0.139,-0.047,0.292,-0.118,-0.286,-0.423,-0.126,-0.342,-0.161,-0.259,-0.293,-0.139,-0.262,0.044,-0.26,0.044,-0.296,-0.078,0.07,-0.051,-0.151,-0.096,-0.261,0.073,-0.119,-0.378,0.099,-0.173,-0.132,0.42,-0.277,-0.278,0.035,0.008,-0.303,-0.004,-0.294,0.084,-0.01,0.032,-0.018,0.246,-0.179,-0.083,-0.063,0.161,-0.062,-0.406,-0.289,-0.066,-0.172,-0.013,-0.026,0.402,-0.192,-0.185,-0.112,-0.293,-0.073,0.193,0.302,-0.135,0.077,-0.219,0.272,0.121,0.325,-0.061,0.249,-0.284,0.19,-0.159,-0.05,-0.269,0.031,0.151,0.061,-0.27,-0.08,-0.175,-0.003
DXCM,-0.113,-0.456,-0.075,-0.182,-0.394,-0.45,-0.478,-0.416,0.245,0.161,-0.221,0.207,-0.437,-0.343,0.377,-0.451,-0.51,-0.304,-0.421,-0.259,-0.41,-0.126,-0.503,-0.286,-0.382,-0.487,-0.518,0.123,-0.371,-0.519,-0.469,0.362,-0.466,0.35,-0.469,0.322,-0.424,0.335,-0.028,-0.402,-0.357,-0.294,-0.56,-0.444,0.433,-0.315,0.365,0.335,0.638,-0.373,0.043,-0.238,0.586,-0.304,0.055,1.0,-0.234,-0.124,-0.063,-0.186,-0.321,0.242,-0.531,0.333,0.157,0.198,-0.08,-0.482,-0.045,0.274,-0.374,-0.392,0.268,-0.469,-0.175,-0.594,-0.436,0.608,-0.401,-0.417,-0.189,-0.422,-0.41,0.275,-0.215,0.281,-0.037,-0.557,0.842,-0.295,-0.511,0.122,0.388,-0.443,-0.397,0.175,-0.132,0.149,0.039,0.441,-0.268,-0.019,-0.361,-0.584,-0.424,0.527,-0.452,-0.445,-0.452,-0.225,-0.508,-0.522,-0.198,0.238,0.256,0.189,-0.082,-0.15,0.145,0.089,-0.502,0.054,-0.563,-0.431,-0.327,-0.31,-0.461,-0.117,-0.503,-0.28,-0.307,-0.383,-0.428,0.02,-0.466,0.016,-0.534,-0.394,0.58,-0.435,0.31,-0.374,0.034,0.494,-0.419,-0.432,-0.419,-0.135,0.502,-0.473,-0.642,-0.107,0.329,0.303,-0.411,-0.546,-0.367,0.379,0.053,-0.415,0.35,-0.157,0.236,-0.483,-0.023,-0.378,-0.266,-0.228,-0.407,-0.522,-0.442,-0.347,0.125,-0.505,-0.464,-0.504,-0.415,-0.302,0.136,-0.35,-0.531,0.181,-0.353,-0.403,0.352,0.145,0.346,0.619,-0.113,-0.19,-0.504,0.257,0.004,-0.173,0.286,0.536,0.15,-0.422,-0.542,-0.1
EA,-0.067,0.251,-0.158,0.292,0.14,0.026,0.131,0.151,0.462,0.134,0.07,-0.154,0.235,0.137,-0.415,0.106,0.208,0.373,0.1,0.343,0.232,-0.115,0.169,0.152,0.206,0.291,0.304,-0.202,0.144,0.415,0.509,-0.268,0.168,-0.246,0.209,-0.158,0.076,-0.163,-0.195,0.152,0.032,0.29,0.092,0.172,-0.419,0.217,-0.378,-0.226,-0.336,0.343,0.073,0.114,-0.102,0.462,0.397,-0.234,1.0,-0.284,0.204,0.13,0.502,-0.347,0.242,-0.063,-0.093,-0.043,0.037,0.196,0.12,0.247,0.246,0.225,-0.102,0.322,-0.224,0.078,0.062,-0.268,0.162,0.152,0.64,0.174,0.229,-0.086,-0.062,0.169,0.144,0.251,-0.231,0.471,0.327,0.455,-0.326,0.219,0.156,-0.147,0.385,-0.045,0.18,-0.162,0.29,0.092,0.261,0.588,0.071,-0.332,0.381,0.181,0.467,0.086,0.201,0.294,0.178,-0.093,-0.008,0.39,-0.012,0.469,0.268,-0.172,0.201,0.44,0.363,0.07,-0.059,0.128,0.085,0.285,0.188,0.018,0.299,0.138,0.526,-0.074,0.377,0.008,0.296,0.29,-0.382,0.22,-0.307,0.063,0.174,-0.295,0.123,0.324,0.25,0.082,0.149,0.27,0.361,0.111,0.089,-0.33,0.289,0.052,0.298,-0.252,0.209,0.263,0.152,0.208,-0.248,0.343,0.55,0.272,-0.003,0.236,0.204,0.323,0.235,0.19,0.426,0.164,0.245,0.516,0.13,0.037,-0.095,0.518,0.218,0.1,0.174,0.607,-0.24,-0.014,-0.128,-0.082,0.057,0.24,0.302,0.213,-0.079,0.333,-0.122,-0.364,-0.206,0.227,0.255,0.451
EBAY,-0.115,-0.158,-0.01,-0.338,0.058,0.014,0.006,-0.12,-0.28,-0.363,-0.118,0.274,-0.237,-0.221,0.594,-0.266,0.257,-0.385,-0.122,-0.323,-0.076,0.276,0.104,-0.353,-0.056,-0.089,-0.077,0.493,-0.365,-0.303,-0.392,-0.009,-0.125,0.624,0.148,0.405,0.041,-0.073,-0.123,-0.114,0.177,0.065,0.095,-0.047,0.244,0.107,-0.042,0.035,0.243,0.279,0.309,-0.104,-0.155,-0.34,-0.328,-0.124,-0.284,1.0,-0.07,-0.033,-0.244,0.688,0.06,0.508,0.454,0.416,0.253,-0.027,0.327,-0.215,-0.202,-0.2,0.325,-0.045,0.332,0.142,-0.067,0.101,0.017,0.009,-0.438,-0.146,-0.128,0.42,0.056,0.446,0.145,0.002,0.009,-0.519,0.097,-0.169,-0.087,-0.023,0.046,0.665,-0.285,0.022,-0.478,0.344,-0.099,-0.022,0.2,-0.164,0.303,-0.247,-0.167,-0.16,-0.258,-0.208,-0.136,-0.134,0.007,-0.179,0.075,0.005,-0.175,-0.409,-0.109,-0.347,-0.235,-0.078,-0.114,-0.147,0.049,-0.186,0.109,0.061,0.014,-0.295,-0.357,0.008,-0.108,0.231,-0.277,0.24,0.003,-0.042,0.26,-0.059,0.652,0.031,-0.3,0.429,-0.052,0.256,-0.163,-0.119,-0.149,-0.198,-0.044,0.225,-0.069,0.136,-0.373,0.416,0.064,0.524,-0.171,-0.154,-0.138,0.052,0.029,-0.184,-0.007,-0.228,-0.122,-0.246,-0.232,-0.074,-0.061,0.11,0.108,0.217,0.082,-0.273,-0.033,0.128,0.32,-0.35,-0.078,-0.202,0.191,-0.085,-0.197,0.282,0.194,-0.016,-0.09,0.252,-0.215,-0.137,0.111,-0.464,0.416,-0.029,0.671,-0.188,0.191,0.155
ENPH,0.252,0.336,0.169,0.426,0.446,0.037,0.134,0.353,0.314,0.165,0.436,0.384,0.313,0.43,-0.123,0.219,0.008,0.47,0.134,0.419,0.054,0.374,0.189,0.257,0.288,0.251,0.325,0.131,0.246,0.283,0.357,0.072,0.186,-0.014,-0.106,0.013,0.262,-0.001,0.182,0.199,0.027,0.446,0.02,0.37,-0.096,0.362,0.17,0.086,-0.119,0.071,-0.149,0.402,-0.037,0.319,0.054,-0.063,0.204,-0.07,1.0,0.205,0.19,-0.127,-0.131,-0.032,-0.301,0.263,-0.166,0.095,0.457,0.026,0.099,0.462,-0.331,0.361,-0.136,0.041,0.167,-0.08,0.395,0.399,0.143,0.151,0.178,-0.15,0.078,0.021,0.197,0.25,-0.099,0.329,0.241,-0.001,-0.007,0.274,0.211,-0.264,0.381,0.469,0.316,0.085,0.299,0.378,0.35,0.193,0.144,0.254,0.253,0.182,0.266,0.365,0.26,0.262,0.445,0.485,0.344,-0.029,0.42,0.283,0.489,0.296,0.031,0.046,0.197,0.236,-0.006,0.499,0.317,0.148,0.283,0.231,0.396,0.316,0.35,0.129,0.245,0.125,0.302,0.141,-0.099,0.318,-0.102,0.143,0.403,-0.008,0.203,0.127,0.279,0.331,-0.067,0.185,0.134,0.232,0.17,0.197,0.459,-0.133,0.091,-0.222,0.306,0.118,0.394,0.301,0.247,0.229,0.322,0.452,0.413,0.33,0.157,0.248,0.054,-0.118,-0.084,0.28,0.301,0.397,0.375,0.06,-0.261,0.139,0.278,0.252,0.104,0.203,0.125,-0.088,-0.072,-0.004,0.549,-0.081,0.314,0.271,0.063,0.465,-0.273,-0.023,0.215,0.289,0.271,0.344
ERIC,0.629,0.447,0.098,0.419,0.437,0.445,0.632,0.664,-0.076,0.319,0.254,-0.162,0.495,0.239,-0.346,0.67,0.558,0.393,0.427,0.356,0.198,0.073,0.42,0.354,0.555,0.449,0.445,0.255,0.24,0.346,0.231,-0.303,0.416,-0.155,0.162,-0.068,0.242,0.022,0.323,0.486,0.586,0.338,0.259,0.415,0.077,0.349,0.103,-0.035,-0.32,0.248,-0.445,-0.012,-0.275,0.232,-0.116,-0.186,0.13,-0.033,0.205,1.0,0.545,-0.388,0.525,-0.239,-0.473,0.149,-0.364,0.737,0.289,-0.324,0.591,0.575,-0.586,0.457,0.175,-0.011,0.555,-0.274,0.328,0.325,-0.019,0.389,0.731,-0.01,0.591,-0.237,0.531,0.207,-0.449,0.175,0.406,-0.212,-0.305,0.525,0.535,-0.145,0.292,-0.071,-0.04,-0.12,0.611,0.634,0.324,0.253,0.519,-0.088,0.331,0.344,0.417,0.209,0.639,0.434,0.17,0.162,0.428,-0.335,0.216,-0.113,0.334,0.098,0.385,-0.003,0.54,0.461,0.338,0.221,0.332,0.309,0.376,0.088,0.407,0.273,0.321,0.731,0.54,0.507,0.63,0.621,-0.421,0.583,-0.067,0.598,-0.01,-0.111,0.445,-0.042,0.396,-0.077,-0.406,0.402,0.388,0.478,0.393,0.14,0.377,0.209,-0.055,-0.349,0.09,0.073,0.104,0.659,-0.431,0.367,0.19,0.559,0.616,0.603,0.404,0.418,0.154,0.312,-0.45,0.387,0.131,0.32,0.455,0.664,-0.52,0.34,0.144,0.626,0.672,0.158,-0.452,-0.096,0.04,-0.32,0.138,0.004,0.367,0.078,0.64,0.28,-0.531,-0.417,0.01,0.677,0.38,0.017
ESPR,0.374,0.603,0.203,0.526,0.562,0.511,0.603,0.639,0.032,0.189,0.34,-0.214,0.592,0.397,-0.606,0.613,0.589,0.576,0.578,0.429,0.367,0.107,0.528,0.599,0.568,0.56,0.603,0.038,0.498,0.633,0.567,-0.28,0.694,-0.408,0.31,-0.216,0.371,-0.081,0.22,0.657,0.396,0.401,0.396,0.618,-0.268,0.388,-0.246,-0.152,-0.492,0.296,-0.26,0.204,-0.304,0.49,-0.028,-0.321,0.502,-0.244,0.19,0.545,1.0,-0.542,0.607,-0.401,-0.463,-0.048,-0.244,0.601,0.275,-0.317,0.697,0.569,-0.428,0.614,0.152,0.107,0.593,-0.295,0.434,0.431,0.268,0.661,0.636,-0.327,0.435,-0.271,0.181,0.411,-0.508,0.416,0.568,-0.074,-0.533,0.556,0.441,-0.423,0.356,0.003,0.226,-0.282,0.639,0.517,0.556,0.575,0.382,-0.182,0.504,0.628,0.636,0.432,0.506,0.596,0.264,0.186,0.0,-0.238,0.313,0.121,0.283,0.196,0.555,0.143,0.552,0.526,0.39,0.411,0.431,0.417,0.515,0.366,0.603,0.488,0.427,0.184,0.508,0.272,0.731,0.522,-0.567,0.584,-0.326,0.447,0.073,-0.375,0.672,0.184,0.57,0.086,-0.341,0.622,0.713,0.184,0.367,-0.115,0.462,0.268,0.163,-0.546,0.111,0.341,0.094,0.506,-0.336,0.606,0.321,0.538,0.551,0.591,0.573,0.601,0.374,0.334,-0.292,0.364,0.323,0.676,0.588,0.309,-0.464,0.437,0.485,0.365,0.402,0.373,-0.393,-0.316,-0.255,-0.412,0.327,-0.028,0.541,0.152,0.419,0.318,-0.52,-0.597,-0.04,0.639,0.449,0.234
ETSY,-0.396,-0.494,-0.082,-0.543,-0.375,-0.389,-0.521,-0.564,-0.031,-0.286,-0.337,0.32,-0.554,-0.459,0.84,-0.617,-0.198,-0.542,-0.454,-0.397,-0.269,0.034,-0.351,-0.502,-0.443,-0.512,-0.518,0.226,-0.485,-0.563,-0.59,0.195,-0.452,0.677,-0.19,0.409,-0.334,0.077,-0.241,-0.468,-0.331,-0.236,-0.345,-0.363,0.293,-0.249,0.059,0.193,0.527,-0.085,0.371,-0.173,0.17,-0.549,-0.067,0.242,-0.347,0.688,-0.127,-0.388,-0.542,1.0,-0.379,0.573,0.586,0.342,0.2,-0.436,0.127,0.175,-0.54,-0.431,0.586,-0.439,0.052,-0.206,-0.342,0.294,-0.415,-0.41,-0.34,-0.457,-0.547,0.498,-0.346,0.628,-0.042,-0.448,0.402,-0.482,-0.348,0.006,0.243,-0.458,-0.431,0.614,-0.276,-0.018,-0.308,0.354,-0.334,-0.319,-0.255,-0.504,-0.211,0.071,-0.423,-0.462,-0.631,-0.358,-0.607,-0.444,-0.272,-0.205,0.049,0.263,-0.332,-0.249,-0.173,-0.29,-0.543,-0.095,-0.534,-0.427,-0.302,-0.432,-0.355,-0.196,-0.468,-0.368,-0.496,-0.439,-0.363,-0.037,-0.543,0.022,-0.443,-0.408,0.507,-0.448,0.801,-0.425,-0.189,0.664,-0.312,-0.085,-0.459,-0.144,0.307,-0.521,-0.438,-0.04,-0.243,0.153,-0.568,-0.001,-0.095,0.678,-0.155,-0.35,-0.127,-0.353,0.217,-0.531,-0.007,-0.617,-0.489,-0.534,-0.499,-0.455,-0.35,-0.312,0.323,-0.278,-0.302,-0.545,-0.466,-0.242,0.468,-0.48,-0.41,-0.38,-0.275,-0.312,0.141,0.288,0.2,0.33,-0.303,0.091,-0.494,-0.056,-0.27,-0.513,0.768,0.348,0.703,-0.579,-0.362,-0.06
EXC,0.411,0.46,-0.059,0.241,0.433,0.642,0.717,0.56,-0.343,-0.026,0.027,-0.474,0.506,0.171,-0.418,0.454,0.809,0.31,0.581,0.173,0.364,-0.034,0.555,0.349,0.51,0.479,0.59,0.209,0.279,0.553,0.382,-0.547,0.528,-0.293,0.479,-0.159,0.389,-0.133,0.117,0.541,0.652,0.246,0.484,0.438,-0.118,0.317,-0.376,-0.236,-0.451,0.53,-0.18,-0.087,-0.602,0.188,-0.134,-0.531,0.242,0.06,-0.131,0.525,0.607,-0.379,1.0,-0.259,-0.211,-0.032,-0.257,0.7,0.13,-0.413,0.684,0.429,-0.332,0.585,0.392,0.273,0.589,-0.386,0.426,0.428,0.025,0.469,0.624,-0.192,0.586,-0.318,0.322,0.396,-0.606,0.26,0.658,-0.163,-0.526,0.576,0.526,-0.032,0.158,-0.402,-0.155,-0.399,0.55,0.409,0.4,0.456,0.578,-0.462,0.434,0.424,0.572,0.167,0.475,0.534,0.004,-0.225,-0.115,-0.299,-0.091,-0.028,-0.016,-0.187,0.454,-0.067,0.581,0.394,0.533,0.102,0.428,0.326,0.413,0.109,0.357,0.316,0.229,0.308,0.323,0.354,0.576,0.627,-0.553,0.562,-0.115,0.644,-0.159,-0.362,0.54,0.216,0.378,-0.183,-0.428,0.545,0.714,0.341,0.211,-0.148,0.284,0.548,0.117,-0.288,-0.076,0.279,-0.224,0.487,-0.583,0.494,0.148,0.446,0.469,0.472,0.507,0.601,0.329,0.637,-0.283,0.508,0.214,0.449,0.486,0.535,-0.245,0.202,0.467,0.322,0.602,0.359,-0.543,-0.034,-0.122,-0.531,0.016,0.328,0.474,-0.161,0.582,-0.064,-0.37,-0.62,-0.126,0.557,0.453,-0.014
EXEL,-0.315,-0.514,-0.187,-0.411,-0.264,-0.49,-0.38,-0.458,0.186,-0.217,-0.238,0.491,-0.566,-0.442,0.685,-0.638,-0.208,-0.506,-0.573,-0.268,-0.3,0.046,-0.353,-0.556,-0.365,-0.478,-0.443,0.332,-0.617,-0.559,-0.576,0.193,-0.515,0.894,-0.159,0.649,-0.363,0.009,-0.287,-0.51,-0.227,-0.011,-0.397,-0.394,0.295,-0.067,0.017,0.161,0.595,0.233,0.515,-0.246,0.171,-0.329,0.085,0.333,-0.063,0.508,-0.032,-0.239,-0.401,0.573,-0.259,1.0,0.638,0.554,0.242,-0.38,0.359,0.401,-0.533,-0.437,0.6,-0.414,-0.155,-0.206,-0.426,0.243,-0.315,-0.32,-0.066,-0.488,-0.407,0.658,-0.354,0.639,0.325,-0.394,0.434,-0.33,-0.22,0.306,0.133,-0.451,-0.302,0.848,-0.275,0.074,-0.275,0.571,-0.097,-0.107,-0.022,-0.42,-0.033,-0.071,-0.325,-0.531,-0.395,-0.4,-0.466,-0.488,-0.136,-0.196,0.302,0.343,-0.345,-0.073,-0.152,-0.385,-0.58,0.146,-0.448,-0.445,-0.465,-0.347,-0.411,-0.16,-0.377,-0.579,-0.57,-0.367,-0.254,0.18,-0.563,0.23,-0.277,-0.3,0.513,-0.424,0.611,-0.329,-0.249,0.546,-0.507,0.103,-0.467,-0.073,0.437,-0.564,-0.443,0.261,-0.003,0.118,-0.56,-0.065,0.049,0.876,-0.163,-0.463,0.095,-0.024,0.265,-0.429,0.17,-0.45,-0.503,-0.557,-0.505,-0.485,-0.332,-0.167,0.495,-0.187,-0.214,-0.463,-0.377,-0.049,0.522,-0.378,-0.348,-0.168,-0.102,-0.063,-0.058,0.423,0.316,0.455,-0.295,0.447,-0.563,0.133,-0.164,-0.47,0.62,0.28,0.503,-0.488,-0.18,0.236
EXPE,-0.528,-0.508,-0.484,-0.641,-0.488,-0.484,-0.532,-0.627,0.037,-0.369,-0.599,0.016,-0.522,-0.664,0.624,-0.743,-0.262,-0.533,-0.617,-0.471,-0.174,-0.28,-0.311,-0.718,-0.588,-0.492,-0.447,0.107,-0.66,-0.55,-0.552,0.114,-0.562,0.571,-0.066,0.261,-0.466,0.028,-0.431,-0.569,-0.138,-0.226,-0.391,-0.446,0.075,-0.22,-0.264,0.058,0.389,0.227,0.678,-0.236,0.058,-0.448,0.149,0.157,-0.093,0.454,-0.301,-0.473,-0.463,0.586,-0.211,0.638,1.0,0.093,0.327,-0.488,-0.161,0.397,-0.593,-0.65,0.899,-0.403,-0.124,-0.15,-0.481,0.262,-0.394,-0.386,-0.053,-0.57,-0.591,0.698,-0.563,0.564,0.108,-0.351,0.333,-0.426,-0.134,0.378,0.093,-0.493,-0.362,0.675,-0.49,-0.284,-0.448,0.31,-0.306,-0.334,-0.187,-0.327,-0.112,-0.177,-0.371,-0.668,-0.495,-0.491,-0.61,-0.5,-0.433,-0.498,-0.141,0.438,-0.635,-0.123,-0.259,-0.619,-0.587,0.207,-0.384,-0.671,-0.427,-0.613,-0.481,-0.22,-0.502,-0.665,-0.691,-0.451,-0.241,-0.095,-0.576,-0.04,-0.436,-0.246,0.404,-0.465,0.552,-0.451,-0.339,0.336,-0.567,0.128,-0.592,-0.17,0.407,-0.58,-0.445,0.141,-0.117,-0.151,-0.676,0.125,0.088,0.676,-0.255,-0.317,-0.177,-0.27,-0.045,-0.532,0.06,-0.677,-0.66,-0.543,-0.611,-0.456,-0.311,-0.036,0.647,-0.253,-0.225,-0.442,-0.532,-0.198,0.933,-0.381,-0.355,-0.358,-0.212,-0.111,0.015,0.374,0.187,0.408,-0.487,0.42,-0.521,-0.181,-0.371,-0.584,0.804,0.221,0.248,-0.601,-0.169,0.207
FANG,0.011,0.064,0.296,0.213,0.217,0.014,0.082,0.024,0.113,0.034,0.287,0.621,-0.011,0.073,0.42,-0.159,0.196,0.042,0.011,0.21,-0.29,0.503,0.046,-0.004,0.286,-0.051,-0.09,0.5,-0.146,-0.1,-0.14,0.106,0.012,0.619,-0.072,0.743,0.123,-0.117,-0.006,0.142,-0.069,0.456,-0.014,0.203,0.378,0.219,0.104,0.182,0.322,0.302,0.025,0.092,0.138,-0.068,-0.273,0.198,-0.043,0.416,0.263,0.149,-0.048,0.342,-0.032,0.554,0.093,1.0,-0.059,0.079,0.75,-0.156,0.024,0.146,0.017,0.003,0.174,-0.216,0.009,0.019,0.092,0.095,-0.28,-0.016,0.062,0.323,0.089,0.35,0.266,-0.153,0.113,-0.045,0.048,-0.128,-0.232,-0.014,0.027,0.411,0.031,0.389,-0.01,0.501,0.334,0.204,0.359,-0.176,0.116,-0.051,0.048,0.02,-0.018,0.052,-0.083,-0.06,0.318,0.266,0.573,-0.021,0.157,-0.029,0.023,0.049,-0.225,-0.056,-0.073,0.154,-0.044,0.147,-0.027,0.132,0.058,-0.068,0.041,0.01,-0.145,0.466,-0.203,0.507,0.118,0.003,0.347,0.021,0.415,0.005,-0.02,0.474,0.067,0.05,-0.003,0.047,0.099,-0.037,0.004,0.304,0.113,0.534,-0.096,-0.052,-0.012,0.434,0.038,-0.262,0.179,0.281,0.278,0.031,0.202,0.047,0.068,0.052,-0.078,-0.088,-0.104,-0.168,-0.042,0.07,0.022,-0.066,0.133,0.059,-0.085,-0.287,0.056,0.068,0.191,0.064,-0.14,0.021,0.252,0.166,0.164,0.157,-0.134,0.311,0.184,-0.084,0.168,-0.029,0.633,0.026,-0.063,0.221
FAST,-0.466,-0.14,0.053,-0.364,-0.065,-0.207,-0.259,-0.299,-0.175,-0.171,0.083,0.261,-0.215,-0.142,0.163,-0.216,-0.237,-0.349,-0.267,-0.123,-0.001,0.169,-0.09,-0.196,-0.312,-0.154,-0.102,0.013,-0.139,-0.241,-0.26,0.405,-0.0,0.215,-0.018,0.057,0.035,-0.17,-0.132,-0.277,-0.208,0.001,0.02,-0.105,-0.095,0.011,-0.02,-0.205,0.095,-0.011,0.595,0.215,0.026,0.105,-0.114,-0.08,0.037,0.253,-0.166,-0.364,-0.244,0.2,-0.257,0.242,0.327,-0.059,1.0,-0.264,-0.137,-0.007,-0.334,-0.296,0.421,-0.158,-0.013,0.101,-0.352,0.01,-0.167,-0.183,0.162,-0.033,-0.225,0.29,-0.291,0.229,-0.243,0.027,0.062,-0.297,-0.077,-0.075,-0.011,-0.21,-0.119,0.231,-0.278,0.256,0.025,0.328,-0.311,-0.345,0.105,0.074,-0.142,-0.242,-0.143,-0.1,-0.259,0.059,-0.181,-0.204,0.096,-0.098,-0.19,0.301,0.06,-0.201,-0.247,-0.088,-0.011,0.328,-0.035,-0.171,-0.136,0.021,-0.073,-0.129,-0.02,-0.059,-0.234,0.047,0.121,-0.259,-0.041,-0.234,-0.203,-0.302,0.215,-0.265,0.034,-0.271,-0.148,-0.059,-0.227,0.191,-0.09,0.193,-0.111,-0.174,-0.096,-0.135,-0.24,-0.186,-0.242,0.153,0.228,0.212,0.076,0.103,-0.178,-0.173,0.3,-0.208,-0.063,-0.225,-0.253,-0.347,-0.273,-0.165,0.02,0.087,0.352,-0.054,0.136,-0.094,-0.134,-0.35,0.439,-0.123,-0.073,-0.382,-0.149,-0.162,0.003,0.126,-0.018,0.12,0.035,0.085,-0.225,0.005,-0.422,-0.006,0.279,0.061,0.099,-0.242,0.015,0.277
FITB,0.507,0.586,0.164,0.536,0.632,0.573,0.84,0.71,-0.269,0.145,0.403,-0.204,0.637,0.378,-0.509,0.687,0.68,0.468,0.665,0.404,0.438,0.292,0.638,0.433,0.657,0.619,0.603,0.215,0.338,0.512,0.398,-0.379,0.516,-0.338,0.423,-0.259,0.4,-0.186,0.261,0.705,0.661,0.521,0.543,0.609,-0.101,0.497,-0.22,-0.236,-0.605,0.348,-0.391,0.105,-0.556,0.423,-0.019,-0.482,0.196,-0.027,0.095,0.737,0.601,-0.436,0.7,-0.38,-0.488,0.079,-0.264,1.0,0.232,-0.479,0.655,0.723,-0.629,0.61,0.167,0.309,0.775,-0.468,0.527,0.54,0.017,0.485,0.928,-0.291,0.639,-0.413,0.357,0.477,-0.683,0.303,0.599,-0.241,-0.561,0.74,0.691,-0.215,0.224,-0.057,-0.085,-0.294,0.621,0.475,0.56,0.477,0.665,-0.347,0.476,0.498,0.59,0.338,0.747,0.621,0.353,0.073,0.078,-0.453,0.316,-0.005,0.154,0.162,0.671,-0.088,0.686,0.646,0.395,0.495,0.552,0.204,0.62,0.22,0.457,0.544,0.34,0.485,0.522,0.36,0.833,0.752,-0.577,0.734,-0.199,0.73,-0.134,-0.398,0.558,0.215,0.581,0.022,-0.624,0.522,0.62,0.409,0.262,-0.023,0.519,0.395,0.225,-0.521,0.036,0.183,-0.125,0.62,-0.326,0.547,0.084,0.74,0.656,0.551,0.551,0.613,0.379,0.538,-0.461,0.628,0.386,0.506,0.7,0.64,-0.528,0.416,0.478,0.453,0.619,0.329,-0.557,-0.234,-0.269,-0.605,0.294,0.116,0.517,-0.18,0.559,0.217,-0.634,-0.672,-0.094,0.844,0.526,0.05
FLEX,0.221,0.402,0.418,0.42,0.454,0.199,0.288,0.32,0.154,0.076,0.47,0.578,0.319,0.352,0.183,0.158,0.386,0.368,0.271,0.286,-0.047,0.587,0.269,0.287,0.486,0.224,0.226,0.359,0.153,0.226,0.219,0.015,0.332,0.407,0.025,0.571,0.275,-0.139,0.268,0.432,0.046,0.527,0.169,0.52,0.203,0.304,0.059,0.176,0.054,0.286,-0.142,0.325,-0.061,0.212,-0.316,-0.045,0.12,0.327,0.457,0.289,0.275,0.127,0.13,0.359,-0.161,0.75,-0.137,0.232,1.0,-0.299,0.306,0.44,-0.205,0.322,0.21,-0.047,0.211,-0.165,0.288,0.286,-0.187,0.361,0.26,0.021,0.252,0.152,0.205,0.107,-0.125,0.108,0.283,-0.239,-0.314,0.284,0.164,0.176,0.318,0.424,0.242,0.279,0.439,0.345,0.54,0.12,0.231,-0.051,0.264,0.359,0.201,0.352,0.181,0.299,0.508,0.374,0.504,-0.108,0.371,0.008,0.169,0.232,0.051,-0.088,0.201,0.438,0.109,0.411,0.248,0.328,0.325,0.211,0.35,0.241,0.125,0.463,0.041,0.526,0.434,0.242,0.062,0.338,0.214,0.154,0.165,0.319,0.42,0.177,0.37,0.21,-0.101,0.312,0.335,0.214,0.201,0.422,0.238,0.142,0.132,0.199,0.116,-0.13,0.21,0.374,0.275,0.305,0.347,0.312,0.296,0.331,0.194,0.257,0.077,-0.082,-0.165,0.24,0.158,0.284,0.349,0.155,-0.304,-0.007,0.247,0.134,0.253,0.178,-0.176,-0.119,0.138,0.025,0.387,0.073,0.223,0.426,0.277,0.187,-0.129,-0.213,0.605,0.261,0.23,0.376
FOLD,-0.374,-0.574,-0.398,-0.335,-0.538,-0.644,-0.567,-0.477,0.581,0.061,-0.43,-0.006,-0.53,-0.336,0.222,-0.534,-0.541,-0.322,-0.664,-0.199,-0.075,-0.484,-0.519,-0.498,-0.539,-0.468,-0.438,-0.312,-0.366,-0.379,-0.281,0.132,-0.601,0.235,-0.214,-0.003,-0.53,0.211,-0.209,-0.658,-0.393,-0.285,-0.525,-0.559,-0.063,-0.254,-0.008,0.112,0.362,-0.023,0.328,-0.293,0.314,-0.154,0.708,0.274,0.247,-0.215,0.026,-0.324,-0.317,0.175,-0.413,0.401,0.397,-0.156,-0.007,-0.479,-0.299,1.0,-0.539,-0.462,0.446,-0.444,-0.553,-0.23,-0.375,0.233,-0.444,-0.439,0.367,-0.584,-0.436,0.341,-0.543,0.488,0.241,-0.368,0.42,0.064,-0.368,0.801,0.396,-0.492,-0.47,0.258,-0.014,-0.205,-0.08,0.093,-0.18,-0.233,-0.481,-0.207,-0.319,0.163,-0.198,-0.595,-0.256,-0.471,-0.456,-0.407,-0.328,-0.237,0.092,0.444,-0.476,0.394,0.075,-0.347,-0.49,0.271,-0.44,-0.501,-0.625,-0.431,-0.554,-0.21,-0.542,-0.522,-0.467,-0.537,-0.122,-0.246,-0.32,-0.194,-0.412,-0.282,0.223,-0.396,0.156,-0.475,0.041,0.177,-0.623,-0.038,-0.474,-0.1,0.703,-0.566,-0.534,0.101,-0.058,-0.223,-0.25,-0.373,-0.102,0.337,-0.049,-0.177,0.25,-0.258,0.013,-0.378,0.183,-0.405,-0.586,-0.482,-0.383,-0.472,-0.272,-0.265,0.585,-0.409,-0.317,-0.294,-0.558,-0.239,0.413,-0.012,-0.426,-0.05,-0.278,0.124,0.196,0.329,0.149,0.506,-0.4,0.266,-0.486,0.057,-0.395,-0.139,0.515,0.411,-0.103,-0.423,-0.323,0.041
FOXA,0.53,0.638,0.255,0.547,0.537,0.632,0.692,0.647,-0.123,0.291,0.294,-0.292,0.692,0.481,-0.54,0.676,0.656,0.551,0.785,0.335,0.203,0.127,0.538,0.612,0.709,0.563,0.582,0.164,0.655,0.62,0.581,-0.403,0.784,-0.446,0.261,-0.056,0.485,0.002,0.445,0.746,0.381,0.28,0.5,0.602,-0.063,0.271,-0.086,-0.155,-0.466,0.279,-0.41,0.126,-0.313,0.343,-0.318,-0.374,0.246,-0.202,0.099,0.591,0.697,-0.54,0.684,-0.533,-0.593,0.024,-0.334,0.655,0.306,-0.539,1.0,0.567,-0.6,0.594,0.355,0.146,0.663,-0.39,0.502,0.483,-0.109,0.764,0.657,-0.403,0.622,-0.499,0.107,0.407,-0.514,0.288,0.511,-0.353,-0.511,0.587,0.471,-0.446,0.378,-0.078,0.281,-0.381,0.587,0.503,0.41,0.548,0.336,-0.143,0.651,0.711,0.655,0.445,0.544,0.581,0.286,0.239,0.083,-0.331,0.256,-0.02,0.175,0.215,0.498,-0.151,0.603,0.643,0.518,0.37,0.545,0.509,0.505,0.459,0.622,0.428,0.255,0.348,0.444,0.418,0.64,0.538,-0.48,0.597,-0.301,0.511,0.17,-0.294,0.745,0.039,0.528,-0.061,-0.446,0.782,0.782,0.109,0.259,0.126,0.596,0.259,0.033,-0.504,0.031,0.253,-0.025,0.486,-0.378,0.599,0.214,0.613,0.633,0.726,0.566,0.607,0.307,0.409,-0.495,0.373,0.228,0.649,0.581,0.383,-0.614,0.253,0.465,0.397,0.523,0.295,-0.407,-0.334,-0.047,-0.462,0.333,-0.08,0.569,0.209,0.635,0.327,-0.634,-0.559,-0.1,0.645,0.333,0.043
FSLR,0.51,0.812,0.405,0.722,0.614,0.547,0.656,0.701,-0.043,0.26,0.647,0.07,0.809,0.667,-0.477,0.726,0.528,0.793,0.618,0.594,0.439,0.431,0.527,0.678,0.657,0.659,0.625,-0.065,0.591,0.737,0.636,-0.255,0.611,-0.403,0.216,-0.23,0.492,-0.173,0.432,0.793,0.338,0.565,0.476,0.811,-0.136,0.378,-0.024,-0.019,-0.502,0.082,-0.552,0.509,-0.356,0.579,-0.084,-0.392,0.225,-0.2,0.462,0.575,0.569,-0.431,0.429,-0.437,-0.65,0.146,-0.296,0.723,0.44,-0.462,0.567,1.0,-0.726,0.645,0.166,0.248,0.615,-0.461,0.488,0.509,0.144,0.633,0.724,-0.552,0.577,-0.361,0.081,0.447,-0.596,0.509,0.552,-0.365,-0.386,0.711,0.497,-0.492,0.533,0.227,0.341,-0.217,0.475,0.378,0.502,0.44,0.315,-0.064,0.477,0.717,0.642,0.657,0.717,0.776,0.514,0.37,0.224,-0.419,0.594,0.156,0.282,0.47,0.681,-0.084,0.669,0.735,0.416,0.694,0.512,0.264,0.608,0.5,0.745,0.521,0.507,0.292,0.62,0.172,0.709,0.671,-0.5,0.739,-0.329,0.485,0.328,-0.297,0.753,0.088,0.818,0.234,-0.498,0.677,0.63,0.071,0.152,0.167,0.766,0.262,0.139,-0.595,0.373,0.295,0.097,0.42,-0.004,0.631,0.084,0.763,0.683,0.706,0.708,0.712,0.388,0.181,-0.554,0.478,0.319,0.611,0.647,0.415,-0.678,0.464,0.526,0.35,0.327,0.238,-0.18,-0.365,-0.244,-0.365,0.538,-0.114,0.798,0.098,0.328,0.58,-0.683,-0.505,-0.002,0.774,0.37,0.085
FTNT,-0.548,-0.596,-0.395,-0.659,-0.593,-0.589,-0.68,-0.763,0.11,-0.324,-0.603,0.046,-0.624,-0.647,0.637,-0.76,-0.39,-0.592,-0.666,-0.54,-0.259,-0.332,-0.487,-0.581,-0.674,-0.635,-0.554,0.014,-0.58,-0.611,-0.581,0.249,-0.499,0.564,-0.243,0.32,-0.554,0.21,-0.362,-0.623,-0.383,-0.391,-0.534,-0.502,0.161,-0.395,-0.107,0.162,0.493,0.037,0.74,-0.218,0.235,-0.411,0.191,0.268,-0.102,0.325,-0.331,-0.586,-0.428,0.586,-0.332,0.6,0.899,0.017,0.421,-0.629,-0.205,0.446,-0.6,-0.726,1.0,-0.536,-0.154,-0.29,-0.503,0.401,-0.521,-0.52,-0.033,-0.492,-0.705,0.686,-0.652,0.523,-0.023,-0.49,0.49,-0.476,-0.338,0.319,0.245,-0.644,-0.578,0.597,-0.387,-0.232,-0.218,0.318,-0.325,-0.378,-0.3,-0.446,-0.352,0.015,-0.453,-0.626,-0.583,-0.414,-0.748,-0.597,-0.503,-0.363,-0.12,0.524,-0.56,-0.161,-0.236,-0.453,-0.62,0.257,-0.48,-0.707,-0.485,-0.614,-0.605,-0.215,-0.636,-0.511,-0.616,-0.566,-0.297,-0.241,-0.631,-0.107,-0.511,-0.411,0.531,-0.607,0.504,-0.609,-0.242,0.42,-0.549,-0.037,-0.64,-0.184,0.519,-0.601,-0.499,-0.043,-0.2,-0.104,-0.742,-0.077,0.013,0.69,-0.212,-0.342,-0.103,-0.402,0.073,-0.613,0.07,-0.762,-0.751,-0.634,-0.641,-0.564,-0.416,-0.191,0.643,-0.489,-0.383,-0.515,-0.647,-0.359,0.897,-0.43,-0.47,-0.39,-0.369,-0.252,0.165,0.413,0.244,0.53,-0.522,0.233,-0.606,0.015,-0.423,-0.51,0.833,0.374,0.276,-0.707,-0.334,0.151
FUTU,0.367,0.71,0.093,0.504,0.731,0.521,0.669,0.74,-0.227,0.045,0.375,-0.229,0.678,0.485,-0.54,0.558,0.661,0.6,0.629,0.498,0.51,0.279,0.791,0.42,0.699,0.824,0.939,0.118,0.373,0.756,0.666,-0.354,0.58,-0.507,0.505,-0.328,0.526,-0.395,0.27,0.587,0.615,0.52,0.591,0.699,-0.423,0.67,-0.413,-0.295,-0.668,0.387,-0.229,0.284,-0.569,0.478,-0.25,-0.469,0.322,-0.045,0.361,0.457,0.614,-0.439,0.585,-0.414,-0.403,0.003,-0.158,0.61,0.322,-0.444,0.594,0.645,-0.536,1.0,0.13,0.371,0.436,-0.554,0.717,0.702,0.181,0.503,0.629,-0.369,0.476,-0.292,0.198,0.709,-0.647,0.476,0.88,-0.187,-0.592,0.898,0.696,-0.362,0.323,0.042,0.036,-0.356,0.576,0.508,0.7,0.693,0.616,-0.4,0.626,0.612,0.672,0.322,0.674,0.861,0.474,0.082,-0.128,-0.384,0.277,0.232,0.146,0.024,0.524,0.048,0.765,0.548,0.39,0.484,0.723,0.21,0.737,0.321,0.598,0.707,0.514,0.201,0.505,0.207,0.686,0.682,-0.66,0.901,-0.267,0.616,-0.001,-0.445,0.614,0.417,0.743,0.265,-0.467,0.56,0.764,0.39,0.4,-0.2,0.546,0.53,0.315,-0.621,0.219,0.305,-0.05,0.601,-0.315,0.685,0.206,0.703,0.689,0.757,0.598,0.916,0.509,0.528,-0.299,0.681,0.643,0.788,0.736,0.322,-0.373,0.445,0.645,0.312,0.452,0.52,-0.435,-0.355,-0.374,-0.428,0.571,0.247,0.638,-0.114,0.381,0.323,-0.579,-0.631,-0.104,0.699,0.728,0.259
GEN,0.214,0.24,0.352,0.074,0.201,0.788,0.254,0.206,-0.314,0.078,0.126,-0.024,0.223,0.098,0.044,0.223,0.486,0.002,0.422,-0.165,-0.137,0.249,0.069,0.337,0.163,0.041,0.187,0.246,0.275,0.238,0.047,0.061,0.534,0.091,-0.061,0.228,0.577,0.139,0.237,0.387,0.149,-0.021,0.257,0.37,0.363,-0.109,0.194,0.201,0.083,0.221,-0.125,0.08,0.045,-0.003,-0.532,-0.175,-0.224,0.332,-0.136,0.175,0.152,0.052,0.392,-0.155,-0.124,0.174,-0.013,0.167,0.21,-0.553,0.355,0.166,-0.154,0.13,1.0,-0.139,0.17,0.186,-0.003,0.014,-0.418,0.41,0.121,-0.062,0.507,-0.082,-0.082,-0.036,-0.12,-0.249,0.088,-0.471,-0.076,0.149,-0.003,0.014,0.133,0.012,0.024,0.162,0.015,0.121,0.023,0.006,0.052,0.04,0.034,0.278,-0.008,0.28,0.005,0.143,0.085,0.217,0.124,-0.118,0.2,-0.498,0.018,0.171,0.256,-0.144,0.134,0.306,0.86,0.032,0.125,0.625,0.06,0.262,0.263,-0.006,-0.059,0.117,0.029,0.187,0.057,0.083,0.071,0.121,0.092,0.187,0.268,0.189,0.416,-0.242,0.16,-0.085,-0.286,0.463,0.282,-0.14,-0.086,0.39,0.114,0.346,-0.383,0.079,0.102,0.467,-0.064,-0.002,-0.087,0.05,-0.023,0.071,0.357,0.316,0.122,0.177,-0.051,0.028,-0.387,0.02,-0.177,0.06,0.192,0.048,-0.206,-0.321,0.004,0.123,0.383,-0.29,0.079,0.124,0.425,-0.128,0.017,-0.21,0.189,0.208,0.357,-0.091,0.009,-0.07,0.276,0.11,0.063,-0.019
GERN,0.052,0.305,-0.033,0.193,0.292,0.152,0.447,0.356,-0.338,-0.186,0.161,-0.097,0.282,0.432,-0.346,0.301,0.302,0.184,0.273,0.114,0.462,0.112,0.525,0.095,0.337,0.609,0.371,-0.112,0.241,0.324,0.324,-0.295,0.106,-0.323,0.557,-0.4,0.278,-0.381,-0.03,0.212,0.343,0.237,0.558,0.198,-0.519,0.36,-0.435,-0.403,-0.43,0.128,-0.084,0.189,-0.465,0.177,-0.053,-0.594,0.078,0.142,0.041,-0.011,0.107,-0.206,0.273,-0.206,-0.15,-0.216,0.101,0.309,-0.047,-0.23,0.146,0.248,-0.29,0.371,-0.139,1.0,0.306,-0.499,0.549,0.535,0.189,0.208,0.302,-0.397,0.189,-0.226,-0.083,0.802,-0.554,0.255,0.424,-0.068,-0.336,0.403,0.447,-0.114,-0.05,-0.101,-0.198,-0.429,0.003,-0.067,0.378,0.52,0.438,-0.425,0.288,0.356,0.439,0.112,0.54,0.407,0.215,-0.205,-0.385,-0.28,0.018,0.118,-0.056,-0.143,0.36,-0.179,0.317,0.3,0.065,0.311,0.606,-0.21,0.583,0.133,0.113,0.599,0.37,-0.162,0.321,-0.235,0.374,0.293,-0.398,0.331,-0.295,0.297,-0.236,-0.562,0.197,0.658,0.363,0.256,-0.489,0.189,0.461,0.046,-0.041,-0.319,0.263,0.49,0.476,-0.342,-0.135,0.156,-0.13,0.153,-0.014,0.453,-0.16,0.307,0.161,0.048,0.412,0.469,0.531,0.457,-0.079,0.62,0.703,0.305,0.337,0.218,-0.114,0.339,0.602,-0.166,0.13,0.412,-0.326,-0.265,-0.466,-0.494,0.362,0.287,0.428,-0.426,-0.003,0.06,-0.373,-0.412,-0.261,0.283,0.486,0.035
GEVO,0.495,0.506,0.242,0.457,0.509,0.466,0.667,0.625,-0.237,0.165,0.336,-0.148,0.572,0.457,-0.368,0.597,0.599,0.447,0.638,0.234,0.449,0.22,0.533,0.537,0.576,0.469,0.411,0.142,0.555,0.427,0.351,-0.231,0.544,-0.287,0.233,-0.175,0.345,0.168,0.464,0.685,0.442,0.354,0.409,0.572,0.022,0.324,-0.084,-0.035,-0.387,0.142,-0.43,0.174,-0.42,0.219,0.03,-0.436,0.062,-0.067,0.167,0.555,0.593,-0.342,0.589,-0.426,-0.481,0.009,-0.352,0.775,0.211,-0.375,0.663,0.615,-0.503,0.436,0.17,0.306,1.0,-0.206,0.444,0.471,-0.13,0.582,0.752,-0.359,0.63,-0.398,0.207,0.407,-0.531,0.253,0.409,-0.325,-0.397,0.561,0.447,-0.307,0.303,-0.06,0.098,-0.378,0.569,0.469,0.4,0.332,0.451,-0.012,0.44,0.518,0.485,0.456,0.528,0.522,0.187,0.217,0.082,-0.477,0.293,-0.062,0.269,0.296,0.546,-0.265,0.452,0.614,0.338,0.458,0.524,0.224,0.454,0.393,0.466,0.438,0.248,0.297,0.402,0.33,0.681,0.574,-0.429,0.593,-0.097,0.519,-0.011,-0.264,0.647,0.138,0.487,-0.015,-0.568,0.502,0.601,0.245,0.197,0.145,0.494,0.271,0.085,-0.457,-0.076,0.193,0.075,0.472,-0.212,0.443,0.098,0.597,0.549,0.441,0.513,0.483,0.252,0.419,-0.524,0.485,0.241,0.411,0.585,0.396,-0.511,0.212,0.471,0.4,0.459,0.163,-0.33,-0.22,-0.247,-0.525,0.313,-0.041,0.449,-0.041,0.549,0.165,-0.523,-0.508,0.037,0.726,0.311,-0.089
GILD,-0.067,-0.453,-0.047,-0.311,-0.405,-0.197,-0.437,-0.375,0.126,0.05,-0.283,0.124,-0.437,-0.321,0.445,-0.463,-0.355,-0.384,-0.331,-0.527,-0.315,-0.082,-0.471,-0.182,-0.43,-0.589,-0.523,0.074,-0.283,-0.517,-0.486,0.41,-0.328,0.414,-0.539,0.31,-0.273,0.657,0.026,-0.32,-0.276,-0.374,-0.549,-0.375,0.612,-0.473,0.429,0.561,0.648,-0.282,0.119,-0.146,0.547,-0.363,0.121,0.608,-0.268,0.101,-0.08,-0.274,-0.295,0.294,-0.386,0.243,0.262,0.019,0.01,-0.468,-0.165,0.233,-0.39,-0.461,0.401,-0.554,0.186,-0.499,-0.206,1.0,-0.445,-0.42,-0.333,-0.288,-0.431,0.254,-0.018,0.3,-0.122,-0.519,0.744,-0.516,-0.58,0.02,0.496,-0.501,-0.458,0.247,-0.078,0.057,0.027,0.425,-0.409,-0.083,-0.423,-0.605,-0.379,0.624,-0.491,-0.444,-0.5,-0.065,-0.564,-0.547,-0.265,0.286,0.167,0.26,-0.058,-0.37,0.325,0.082,-0.358,0.053,-0.601,-0.449,-0.023,-0.352,-0.409,0.124,-0.551,-0.136,-0.334,-0.44,-0.326,-0.178,-0.41,-0.114,-0.534,-0.384,0.638,-0.517,0.34,-0.338,0.147,0.473,-0.36,-0.418,-0.455,-0.299,0.339,-0.341,-0.58,-0.204,0.02,0.395,-0.431,-0.365,-0.491,0.442,-0.005,-0.069,0.465,-0.277,0.152,-0.578,-0.055,-0.442,-0.284,-0.377,-0.422,-0.546,-0.512,-0.293,0.101,-0.423,-0.531,-0.557,-0.385,-0.371,0.257,-0.469,-0.519,0.181,-0.246,-0.519,0.555,0.453,0.5,0.477,-0.258,-0.327,-0.488,0.271,0.053,-0.276,0.402,0.57,0.205,-0.459,-0.467,-0.123
GOOG,0.312,0.566,0.088,0.542,0.63,0.379,0.644,0.672,-0.23,-0.012,0.432,-0.019,0.513,0.582,-0.481,0.424,0.504,0.48,0.575,0.438,0.346,0.427,0.765,0.294,0.664,0.749,0.641,0.143,0.346,0.533,0.513,-0.342,0.393,-0.382,0.468,-0.221,0.521,-0.385,0.152,0.533,0.5,0.569,0.569,0.545,-0.392,0.606,-0.397,-0.362,-0.543,0.364,-0.187,0.32,-0.511,0.369,-0.239,-0.401,0.162,0.017,0.395,0.328,0.434,-0.415,0.426,-0.315,-0.394,0.092,-0.167,0.527,0.288,-0.444,0.502,0.488,-0.521,0.717,-0.003,0.549,0.444,-0.445,1.0,0.991,0.052,0.388,0.557,-0.416,0.364,-0.4,0.065,0.77,-0.546,0.394,0.703,-0.166,-0.608,0.753,0.725,-0.331,0.096,0.148,-0.05,-0.338,0.455,0.283,0.679,0.524,0.517,-0.306,0.561,0.506,0.683,0.246,0.67,0.576,0.565,0.279,-0.136,-0.424,0.31,0.214,0.17,0.059,0.405,-0.099,0.529,0.48,0.247,0.598,0.888,0.04,0.684,0.265,0.389,0.78,0.352,0.095,0.417,0.131,0.591,0.454,-0.492,0.653,-0.336,0.493,-0.165,-0.53,0.444,0.517,0.533,0.208,-0.505,0.439,0.616,0.305,0.326,-0.132,0.436,0.357,0.493,-0.527,0.005,0.199,-0.052,0.548,-0.097,0.598,0.009,0.723,0.541,0.546,0.507,0.691,0.462,0.501,-0.307,0.797,0.686,0.604,0.66,0.309,-0.387,0.276,0.779,0.165,0.377,0.473,-0.396,-0.417,-0.441,-0.502,0.692,0.234,0.525,-0.218,0.349,0.262,-0.619,-0.623,-0.092,0.596,0.593,0.173
GOOGL,0.323,0.58,0.084,0.548,0.619,0.4,0.636,0.685,-0.242,-0.02,0.445,-0.019,0.521,0.578,-0.467,0.419,0.512,0.492,0.583,0.432,0.354,0.452,0.78,0.299,0.667,0.732,0.629,0.123,0.357,0.548,0.522,-0.329,0.391,-0.376,0.44,-0.229,0.527,-0.365,0.174,0.557,0.499,0.603,0.548,0.566,-0.367,0.595,-0.408,-0.345,-0.555,0.366,-0.198,0.336,-0.511,0.372,-0.224,-0.417,0.152,0.009,0.399,0.325,0.431,-0.41,0.428,-0.32,-0.386,0.095,-0.183,0.54,0.286,-0.439,0.483,0.509,-0.52,0.702,0.014,0.535,0.471,-0.42,0.991,1.0,0.056,0.383,0.565,-0.426,0.374,-0.411,0.057,0.747,-0.564,0.413,0.696,-0.173,-0.603,0.751,0.735,-0.333,0.101,0.147,-0.048,-0.347,0.451,0.268,0.671,0.494,0.504,-0.272,0.558,0.488,0.664,0.27,0.669,0.581,0.564,0.305,-0.14,-0.422,0.323,0.224,0.19,0.079,0.427,-0.095,0.532,0.481,0.269,0.605,0.88,0.034,0.658,0.278,0.395,0.76,0.354,0.089,0.417,0.137,0.587,0.465,-0.494,0.653,-0.329,0.495,-0.15,-0.533,0.449,0.493,0.536,0.211,-0.503,0.453,0.61,0.3,0.306,-0.12,0.441,0.355,0.495,-0.528,0.019,0.22,-0.058,0.555,-0.09,0.57,-0.002,0.732,0.53,0.54,0.508,0.685,0.438,0.481,-0.314,0.812,0.667,0.596,0.662,0.302,-0.388,0.266,0.785,0.174,0.377,0.447,-0.362,-0.4,-0.452,-0.509,0.676,0.223,0.545,-0.233,0.339,0.251,-0.609,-0.632,-0.089,0.603,0.581,0.165
GPRO,-0.198,0.085,-0.221,0.164,-0.013,-0.102,-0.039,0.028,0.292,0.053,0.069,-0.099,0.042,0.111,-0.476,0.104,-0.062,0.185,-0.119,0.378,0.304,-0.218,-0.004,0.0,-0.081,0.239,0.193,-0.416,0.062,0.376,0.328,-0.088,-0.054,-0.343,0.211,-0.42,0.047,-0.294,-0.29,-0.141,-0.071,0.172,0.053,-0.014,-0.61,0.174,-0.382,-0.352,-0.285,0.141,0.203,0.114,-0.167,0.472,0.484,-0.189,0.64,-0.438,0.143,-0.019,0.268,-0.34,0.025,-0.066,-0.053,-0.28,0.162,0.017,-0.187,0.367,-0.109,0.144,-0.033,0.181,-0.418,0.189,-0.13,-0.333,0.052,0.056,1.0,-0.043,0.088,-0.092,-0.293,0.102,0.069,0.225,-0.197,0.642,0.204,0.47,-0.155,0.082,0.044,-0.193,0.141,-0.044,0.129,-0.197,0.073,-0.074,0.071,0.408,-0.043,-0.253,0.184,0.023,0.301,-0.044,0.238,0.232,0.021,-0.187,-0.132,0.318,-0.014,0.599,0.086,-0.127,0.246,0.582,0.239,-0.065,-0.137,0.123,-0.045,-0.151,0.103,-0.053,0.232,0.111,0.488,-0.287,0.411,-0.329,0.114,0.105,-0.389,0.072,-0.438,-0.144,0.058,-0.494,-0.143,0.345,0.169,0.399,0.226,0.022,0.152,0.02,0.119,-0.605,0.182,0.01,0.348,-0.313,0.314,0.223,0.134,0.004,-0.036,0.243,0.362,0.165,-0.122,0.017,0.16,0.232,0.312,0.048,0.452,0.066,0.279,0.339,-0.011,-0.007,0.032,0.513,0.208,-0.133,-0.034,0.443,-0.011,0.012,-0.311,-0.025,0.077,0.287,0.269,0.004,-0.431,0.275,-0.074,-0.246,-0.415,0.071,0.176,0.349
GT,0.335,0.748,0.564,0.555,0.494,0.61,0.585,0.62,-0.135,0.329,0.527,-0.026,0.726,0.691,-0.458,0.669,0.54,0.612,0.685,0.29,0.386,0.323,0.441,0.773,0.574,0.544,0.533,-0.073,0.787,0.67,0.563,-0.09,0.865,-0.334,0.193,-0.037,0.549,-0.005,0.552,0.811,0.188,0.278,0.538,0.752,-0.076,0.136,0.063,0.054,-0.298,0.033,-0.342,0.548,-0.203,0.478,-0.333,-0.422,0.174,-0.146,0.151,0.389,0.661,-0.457,0.469,-0.488,-0.57,-0.016,-0.033,0.485,0.361,-0.584,0.764,0.633,-0.492,0.503,0.41,0.208,0.582,-0.288,0.388,0.383,-0.043,1.0,0.528,-0.508,0.587,-0.442,-0.15,0.398,-0.486,0.242,0.414,-0.497,-0.373,0.525,0.246,-0.5,0.494,0.199,0.546,-0.223,0.343,0.297,0.426,0.477,0.107,-0.012,0.496,0.845,0.522,0.732,0.502,0.639,0.411,0.434,0.083,-0.314,0.545,-0.126,0.171,0.491,0.661,-0.055,0.578,0.718,0.549,0.552,0.51,0.481,0.561,0.668,0.706,0.471,0.438,0.089,0.512,0.176,0.564,0.441,-0.333,0.513,-0.396,0.277,0.374,-0.237,0.859,0.034,0.747,0.098,-0.515,0.832,0.777,-0.202,0.048,0.221,0.629,0.355,0.071,-0.452,0.224,0.421,0.057,0.258,-0.039,0.596,0.098,0.533,0.542,0.599,0.702,0.618,0.386,0.199,-0.558,0.244,0.199,0.6,0.526,0.072,-0.554,0.337,0.505,0.234,0.288,0.045,-0.138,-0.36,-0.058,-0.302,0.469,-0.251,0.616,0.318,0.321,0.505,-0.594,-0.431,0.031,0.588,0.315,0.051
HBAN,0.5,0.599,0.265,0.604,0.706,0.572,0.858,0.788,-0.23,0.272,0.531,-0.127,0.657,0.501,-0.601,0.717,0.6,0.511,0.682,0.459,0.462,0.373,0.658,0.479,0.705,0.629,0.618,0.177,0.402,0.526,0.43,-0.229,0.538,-0.38,0.418,-0.244,0.456,-0.207,0.347,0.707,0.653,0.577,0.605,0.629,-0.093,0.573,-0.169,-0.232,-0.565,0.291,-0.428,0.151,-0.493,0.532,-0.03,-0.41,0.229,-0.128,0.178,0.731,0.636,-0.547,0.624,-0.407,-0.591,0.062,-0.225,0.928,0.26,-0.436,0.657,0.724,-0.705,0.629,0.121,0.302,0.752,-0.431,0.557,0.565,0.088,0.528,1.0,-0.37,0.659,-0.412,0.346,0.494,-0.629,0.364,0.579,-0.224,-0.562,0.759,0.689,-0.313,0.235,0.073,0.056,-0.252,0.601,0.548,0.6,0.546,0.659,-0.274,0.523,0.542,0.633,0.396,0.805,0.64,0.47,0.209,0.111,-0.478,0.444,0.045,0.193,0.31,0.716,-0.057,0.633,0.726,0.39,0.607,0.587,0.229,0.705,0.298,0.524,0.626,0.389,0.428,0.545,0.318,0.814,0.678,-0.547,0.763,-0.28,0.725,-0.071,-0.468,0.54,0.242,0.639,0.135,-0.641,0.554,0.63,0.411,0.365,-0.024,0.594,0.374,0.244,-0.583,0.122,0.23,-0.01,0.658,-0.213,0.61,0.107,0.792,0.733,0.591,0.627,0.609,0.444,0.514,-0.468,0.631,0.433,0.581,0.777,0.556,-0.601,0.436,0.509,0.505,0.626,0.361,-0.506,-0.336,-0.281,-0.576,0.447,0.077,0.506,-0.083,0.534,0.303,-0.707,-0.654,-0.136,0.909,0.555,0.159
HIVE,-0.239,-0.508,-0.377,-0.47,-0.357,-0.433,-0.42,-0.485,0.133,-0.171,-0.493,0.105,-0.525,-0.657,0.599,-0.499,-0.15,-0.555,-0.592,-0.366,-0.373,-0.248,-0.332,-0.583,-0.392,-0.492,-0.387,0.379,-0.643,-0.612,-0.649,0.213,-0.405,0.681,-0.221,0.448,-0.43,0.154,-0.309,-0.565,-0.064,-0.166,-0.468,-0.417,0.311,-0.083,0.023,0.096,0.427,0.244,0.603,-0.365,0.197,-0.362,0.038,0.275,-0.086,0.42,-0.15,-0.01,-0.327,0.498,-0.192,0.658,0.698,0.323,0.29,-0.291,0.021,0.341,-0.403,-0.552,0.686,-0.369,-0.062,-0.397,-0.359,0.254,-0.416,-0.426,-0.092,-0.508,-0.37,1.0,-0.431,0.532,0.455,-0.476,0.344,-0.467,-0.219,0.235,0.157,-0.459,-0.282,0.714,-0.343,-0.186,-0.389,0.43,0.048,0.023,-0.149,-0.397,-0.008,-0.066,-0.396,-0.647,-0.54,-0.468,-0.473,-0.542,-0.387,-0.283,0.3,0.433,-0.511,-0.243,-0.07,-0.505,-0.638,0.295,-0.27,-0.542,-0.382,-0.584,-0.543,-0.045,-0.499,-0.651,-0.509,-0.503,-0.221,0.33,-0.454,0.277,-0.256,-0.196,0.456,-0.37,0.619,-0.261,-0.321,0.521,-0.526,-0.06,-0.624,-0.113,0.368,-0.589,-0.473,0.441,0.021,0.081,-0.685,-0.09,-0.074,0.657,-0.147,-0.408,0.001,0.036,-0.097,-0.54,0.232,-0.518,-0.418,-0.375,-0.687,-0.518,-0.423,-0.128,0.49,-0.311,-0.279,-0.481,-0.448,0.019,0.655,-0.422,-0.551,-0.031,0.13,-0.169,-0.11,0.482,0.427,0.416,-0.483,0.288,-0.616,0.111,-0.069,-0.403,0.686,0.297,0.402,-0.417,-0.176,0.222
HON,0.57,0.506,0.312,0.396,0.556,0.669,0.75,0.708,-0.344,0.277,0.356,-0.126,0.545,0.492,-0.343,0.556,0.642,0.364,0.658,0.129,0.316,0.309,0.507,0.544,0.627,0.454,0.525,0.217,0.451,0.459,0.317,-0.252,0.54,-0.216,0.258,-0.076,0.456,0.119,0.49,0.642,0.579,0.27,0.505,0.489,0.234,0.281,0.109,0.08,-0.19,0.062,-0.542,0.1,-0.253,0.179,-0.288,-0.215,-0.062,0.056,0.078,0.591,0.435,-0.346,0.586,-0.354,-0.563,0.089,-0.291,0.639,0.252,-0.543,0.622,0.577,-0.652,0.476,0.507,0.189,0.63,-0.018,0.364,0.374,-0.293,0.587,0.659,-0.431,1.0,-0.35,0.158,0.327,-0.349,0.054,0.404,-0.465,-0.293,0.581,0.508,-0.176,0.324,0.022,0.083,-0.114,0.263,0.514,0.352,0.284,0.475,0.052,0.34,0.555,0.478,0.461,0.547,0.537,0.29,0.308,0.104,-0.517,0.352,-0.289,0.267,0.273,0.549,-0.258,0.378,0.564,0.634,0.364,0.52,0.421,0.527,0.361,0.462,0.447,0.23,0.306,0.393,0.235,0.45,0.504,-0.284,0.549,-0.109,0.62,0.179,-0.167,0.609,-0.024,0.561,-0.144,-0.579,0.613,0.542,0.131,0.253,0.313,0.448,0.39,-0.183,-0.312,0.132,0.322,0.169,0.487,-0.218,0.483,-0.097,0.558,0.699,0.514,0.647,0.53,0.309,0.451,-0.67,0.486,0.163,0.355,0.632,0.322,-0.594,0.142,0.354,0.586,0.446,0.052,-0.198,-0.089,0.059,-0.364,0.338,-0.106,0.445,-0.003,0.716,0.121,-0.605,-0.357,-0.019,0.605,0.271,-0.204
HST,-0.502,-0.415,-0.108,-0.362,-0.304,-0.391,-0.472,-0.471,0.331,0.016,-0.246,0.359,-0.488,-0.338,0.576,-0.545,-0.183,-0.395,-0.476,-0.097,-0.033,-0.059,-0.357,-0.499,-0.38,-0.342,-0.362,0.115,-0.467,-0.387,-0.398,0.253,-0.423,0.611,-0.099,0.43,-0.273,0.017,-0.252,-0.482,-0.306,-0.038,-0.299,-0.298,0.115,-0.102,0.018,0.297,0.561,0.165,0.416,-0.112,0.288,-0.302,0.213,0.281,0.169,0.446,0.021,-0.237,-0.271,0.628,-0.318,0.639,0.564,0.35,0.229,-0.413,0.152,0.488,-0.499,-0.361,0.523,-0.292,-0.082,-0.226,-0.398,0.3,-0.4,-0.411,0.102,-0.442,-0.412,0.532,-0.35,1.0,0.161,-0.336,0.409,-0.199,-0.213,0.413,0.099,-0.386,-0.413,0.53,-0.083,0.057,-0.168,0.562,-0.213,-0.138,-0.156,-0.196,-0.155,-0.027,-0.249,-0.382,-0.349,-0.346,-0.456,-0.302,-0.139,-0.168,0.281,0.421,-0.302,0.04,0.065,-0.394,-0.392,0.3,-0.421,-0.373,-0.327,-0.396,-0.401,0.029,-0.348,-0.461,-0.369,-0.365,-0.076,-0.047,-0.298,-0.02,-0.331,-0.252,0.443,-0.323,0.62,-0.491,-0.024,0.489,-0.35,0.115,-0.312,-0.065,0.486,-0.434,-0.357,0.129,0.019,0.04,-0.408,0.035,-0.122,0.569,0.058,-0.106,0.284,-0.216,0.089,-0.315,0.289,-0.492,-0.462,-0.366,-0.419,-0.33,-0.194,-0.272,0.55,-0.281,-0.163,-0.307,-0.391,-0.268,0.431,-0.183,-0.383,-0.178,-0.105,0.058,0.1,0.322,0.301,0.481,-0.226,0.288,-0.41,0.241,-0.307,-0.306,0.716,0.248,0.5,-0.458,-0.187,0.301
HUT,0.36,-0.143,-0.303,-0.021,0.173,-0.005,0.261,0.242,0.09,0.156,-0.152,-0.137,-0.016,-0.154,-0.009,0.012,0.298,-0.06,-0.155,0.002,0.037,-0.197,0.112,-0.122,0.161,0.028,0.189,0.373,-0.302,-0.064,-0.155,-0.146,-0.066,0.276,0.195,0.13,-0.163,0.103,-0.042,-0.108,0.461,0.082,-0.001,-0.03,0.129,0.314,-0.067,-0.097,0.019,0.389,0.117,-0.406,-0.198,0.018,0.155,-0.037,0.144,0.145,0.197,0.531,0.181,-0.042,0.322,0.325,0.108,0.266,-0.243,0.357,0.205,0.241,0.107,0.081,-0.023,0.198,-0.082,-0.083,0.207,-0.122,0.065,0.057,0.069,-0.15,0.346,0.455,0.158,0.161,1.0,-0.033,-0.088,-0.02,0.267,0.271,-0.068,0.175,0.197,0.382,0.118,-0.231,-0.317,0.066,0.587,0.583,0.223,0.122,0.538,-0.112,0.057,-0.231,0.124,-0.286,0.214,0.026,-0.151,-0.139,0.409,0.099,-0.289,-0.043,0.271,-0.353,-0.156,0.102,0.183,0.002,-0.109,-0.154,-0.075,0.151,0.059,-0.394,-0.064,-0.051,0.165,0.587,-0.1,0.537,0.317,0.372,-0.114,0.303,0.272,0.352,-0.202,0.127,-0.143,0.095,-0.118,-0.086,0.036,-0.182,0.061,0.86,0.386,0.028,-0.099,0.123,-0.09,0.18,-0.091,-0.19,0.148,0.646,-0.399,0.057,0.465,0.125,0.226,0.093,0.009,0.028,-0.015,0.314,0.134,0.192,0.016,0.036,0.139,0.572,0.071,0.066,-0.128,0.567,0.618,0.201,-0.497,0.247,0.171,-0.039,-0.098,0.491,-0.152,0.037,0.425,-0.259,0.011,-0.101,0.088,0.328,0.28,0.208
IBRX,0.177,0.594,0.07,0.432,0.563,0.363,0.587,0.614,-0.275,-0.062,0.356,-0.13,0.559,0.537,-0.595,0.501,0.464,0.459,0.506,0.344,0.459,0.237,0.712,0.287,0.517,0.863,0.683,-0.047,0.416,0.581,0.59,-0.286,0.394,-0.502,0.536,-0.447,0.512,-0.405,0.099,0.444,0.46,0.428,0.609,0.485,-0.57,0.556,-0.44,-0.419,-0.629,0.277,-0.159,0.343,-0.485,0.396,-0.122,-0.557,0.251,0.002,0.25,0.207,0.411,-0.448,0.396,-0.394,-0.351,-0.153,0.027,0.477,0.107,-0.368,0.407,0.447,-0.49,0.709,-0.036,0.802,0.407,-0.519,0.77,0.747,0.225,0.398,0.494,-0.476,0.327,-0.336,-0.033,1.0,-0.622,0.406,0.685,-0.095,-0.526,0.698,0.65,-0.352,0.129,0.062,-0.064,-0.448,0.288,0.151,0.608,0.7,0.537,-0.471,0.497,0.542,0.632,0.252,0.65,0.631,0.435,-0.028,-0.301,-0.378,0.231,0.224,0.073,-0.034,0.509,-0.028,0.593,0.488,0.258,0.523,0.81,0.006,0.74,0.293,0.348,0.815,0.476,-0.041,0.53,-0.059,0.576,0.499,-0.603,0.639,-0.456,0.453,-0.124,-0.673,0.394,0.633,0.575,0.327,-0.53,0.426,0.661,0.176,0.251,-0.281,0.487,0.472,0.451,-0.59,0.021,0.299,-0.031,0.386,-0.139,0.615,0.007,0.61,0.46,0.453,0.504,0.746,0.566,0.553,-0.211,0.729,0.837,0.568,0.565,0.232,-0.29,0.416,0.727,0.049,0.321,0.5,-0.384,-0.337,-0.511,-0.534,0.598,0.229,0.587,-0.277,0.166,0.289,-0.584,-0.574,-0.256,0.55,0.699,0.18
INTC,-0.274,-0.644,-0.133,-0.362,-0.582,-0.533,-0.65,-0.627,0.309,0.101,-0.383,0.214,-0.621,-0.395,0.546,-0.681,-0.607,-0.495,-0.548,-0.497,-0.477,-0.216,-0.687,-0.402,-0.585,-0.67,-0.671,0.078,-0.429,-0.648,-0.571,0.415,-0.558,0.483,-0.527,0.421,-0.478,0.473,-0.125,-0.577,-0.55,-0.512,-0.644,-0.586,0.501,-0.526,0.424,0.454,0.793,-0.39,0.24,-0.273,0.648,-0.391,0.165,0.842,-0.231,0.009,-0.099,-0.449,-0.508,0.402,-0.606,0.434,0.333,0.113,0.062,-0.683,-0.125,0.42,-0.514,-0.596,0.49,-0.647,-0.12,-0.554,-0.531,0.744,-0.546,-0.564,-0.197,-0.486,-0.629,0.344,-0.349,0.409,-0.088,-0.622,1.0,-0.444,-0.687,0.169,0.582,-0.627,-0.655,0.317,-0.078,0.074,0.069,0.471,-0.471,-0.229,-0.536,-0.627,-0.572,0.578,-0.573,-0.559,-0.586,-0.305,-0.709,-0.677,-0.31,0.168,0.233,0.459,-0.225,-0.213,0.146,0.004,-0.625,0.09,-0.704,-0.585,-0.359,-0.444,-0.59,-0.06,-0.667,-0.327,-0.451,-0.559,-0.412,-0.185,-0.614,-0.099,-0.71,-0.53,0.771,-0.635,0.368,-0.581,0.132,0.588,-0.553,-0.405,-0.574,-0.213,0.622,-0.57,-0.734,-0.224,0.074,0.311,-0.524,-0.541,-0.398,0.581,0.013,-0.35,0.417,-0.377,0.291,-0.638,0.04,-0.568,-0.509,-0.48,-0.55,-0.659,-0.533,-0.414,0.353,-0.636,-0.576,-0.638,-0.613,-0.457,0.323,-0.435,-0.648,0.037,-0.43,-0.47,0.513,0.369,0.529,0.705,-0.27,-0.162,-0.624,0.361,-0.146,-0.284,0.512,0.728,0.182,-0.646,-0.615,-0.069
IOVA,0.027,0.479,0.099,0.588,0.266,0.225,0.324,0.376,0.209,0.189,0.321,-0.077,0.466,0.493,-0.602,0.401,0.203,0.612,0.349,0.699,0.434,0.018,0.3,0.346,0.382,0.527,0.406,-0.38,0.417,0.706,0.639,-0.253,0.233,-0.524,0.288,-0.364,0.364,-0.367,0.072,0.371,0.059,0.467,0.27,0.372,-0.594,0.317,-0.344,-0.233,-0.426,0.231,-0.295,0.286,-0.281,0.437,0.282,-0.295,0.471,-0.519,0.329,0.175,0.416,-0.482,0.26,-0.33,-0.426,-0.045,-0.297,0.303,0.108,0.064,0.288,0.509,-0.476,0.476,-0.249,0.255,0.253,-0.516,0.394,0.413,0.642,0.242,0.364,-0.467,0.054,-0.199,-0.02,0.406,-0.444,1.0,0.379,0.247,-0.402,0.403,0.255,-0.494,0.29,0.037,0.251,-0.419,0.402,0.126,0.243,0.447,0.063,-0.194,0.529,0.366,0.564,0.237,0.427,0.578,0.278,0.054,-0.005,-0.209,0.225,0.797,0.064,0.145,0.414,0.14,0.428,0.362,0.076,0.397,0.273,-0.063,0.381,0.261,0.56,0.334,0.317,-0.117,0.483,-0.137,0.34,0.333,-0.533,0.408,-0.502,0.112,0.189,-0.503,0.289,0.314,0.471,0.342,0.046,0.34,0.43,0.04,0.21,-0.298,0.57,-0.017,0.314,-0.565,0.253,0.294,0.098,0.16,-0.079,0.559,0.222,0.489,0.217,0.399,0.484,0.519,0.408,0.072,-0.097,0.252,0.372,0.57,0.329,0.042,-0.398,0.547,0.625,0.014,0.033,0.572,-0.072,-0.311,-0.428,-0.197,0.343,0.217,0.492,-0.023,-0.133,0.402,-0.398,-0.459,-0.34,0.384,0.24,0.083
IQ,0.249,0.663,-0.054,0.38,0.684,0.428,0.629,0.647,-0.249,-0.12,0.3,-0.209,0.605,0.336,-0.46,0.421,0.686,0.503,0.507,0.388,0.46,0.271,0.775,0.233,0.57,0.755,0.857,0.136,0.276,0.679,0.557,-0.401,0.484,-0.35,0.554,-0.287,0.436,-0.452,0.119,0.516,0.662,0.581,0.586,0.628,-0.411,0.701,-0.588,-0.405,-0.626,0.545,-0.038,0.241,-0.671,0.455,-0.205,-0.511,0.327,0.097,0.241,0.406,0.568,-0.348,0.658,-0.22,-0.134,0.048,-0.077,0.599,0.283,-0.368,0.511,0.552,-0.338,0.88,0.088,0.424,0.409,-0.58,0.703,0.696,0.204,0.414,0.579,-0.219,0.404,-0.213,0.267,0.685,-0.687,0.379,1.0,-0.087,-0.695,0.828,0.731,-0.159,0.102,-0.04,-0.137,-0.315,0.534,0.404,0.745,0.645,0.665,-0.58,0.608,0.474,0.679,0.221,0.603,0.745,0.393,-0.095,-0.202,-0.352,0.119,0.201,-0.005,-0.152,0.453,0.162,0.733,0.425,0.301,0.42,0.676,0.143,0.662,0.118,0.382,0.682,0.46,0.204,0.422,0.241,0.669,0.651,-0.659,0.81,-0.173,0.57,-0.146,-0.485,0.517,0.499,0.615,0.248,-0.452,0.508,0.77,0.45,0.375,-0.294,0.428,0.661,0.464,-0.452,0.163,0.227,-0.168,0.596,-0.31,0.606,0.155,0.647,0.55,0.642,0.526,0.838,0.487,0.625,-0.186,0.734,0.642,0.715,0.667,0.385,-0.152,0.308,0.655,0.166,0.491,0.546,-0.532,-0.273,-0.426,-0.439,0.471,0.426,0.587,-0.261,0.316,0.183,-0.439,-0.734,-0.047,0.657,0.718,0.299
IRWD,-0.362,-0.39,-0.473,-0.177,-0.322,-0.394,-0.295,-0.317,0.566,0.015,-0.371,-0.133,-0.34,-0.291,-0.068,-0.392,-0.288,-0.164,-0.416,0.01,0.065,-0.434,-0.242,-0.453,-0.314,-0.173,-0.216,-0.253,-0.392,-0.154,-0.024,-0.09,-0.491,0.073,0.091,-0.126,-0.313,-0.057,-0.38,-0.435,-0.122,-0.069,-0.277,-0.409,-0.369,-0.036,-0.325,-0.117,0.082,0.302,0.312,-0.297,0.095,-0.035,0.719,0.122,0.455,-0.169,-0.001,-0.212,-0.074,0.006,-0.163,0.306,0.378,-0.128,-0.075,-0.241,-0.239,0.801,-0.353,-0.365,0.319,-0.187,-0.471,-0.068,-0.325,0.02,-0.166,-0.173,0.47,-0.497,-0.224,0.235,-0.465,0.413,0.271,-0.095,0.169,0.247,-0.087,1.0,-0.026,-0.244,-0.186,0.206,-0.109,-0.235,-0.219,0.012,-0.006,-0.139,-0.181,0.078,-0.069,-0.174,-0.038,-0.464,0.024,-0.498,-0.233,-0.203,-0.167,-0.353,-0.059,0.307,-0.429,0.498,0.02,-0.48,-0.277,0.32,-0.22,-0.409,-0.448,-0.323,-0.312,-0.083,-0.253,-0.526,-0.35,-0.241,-0.039,-0.229,-0.17,-0.175,-0.172,-0.076,-0.062,-0.209,-0.004,-0.298,-0.109,-0.065,-0.54,0.23,-0.329,-0.074,0.574,-0.401,-0.289,0.216,0.148,-0.465,-0.166,-0.176,0.116,0.152,-0.153,-0.054,0.115,-0.078,-0.209,-0.09,0.239,-0.225,-0.448,-0.289,-0.234,-0.223,-0.034,0.001,0.592,-0.15,-0.026,-0.025,-0.313,-0.063,0.369,0.185,-0.135,-0.068,-0.113,0.471,-0.114,0.181,-0.018,0.29,-0.276,0.449,-0.336,-0.089,-0.312,-0.179,0.346,-0.009,-0.216,-0.25,-0.019,0.197
JBLU,0.037,-0.527,-0.052,-0.409,-0.545,-0.383,-0.575,-0.409,0.176,-0.012,-0.309,0.045,-0.477,-0.311,0.425,-0.322,-0.576,-0.377,-0.574,-0.496,-0.412,-0.322,-0.694,-0.156,-0.602,-0.621,-0.49,-0.155,-0.22,-0.484,-0.423,0.287,-0.387,0.229,-0.574,0.074,-0.437,0.489,-0.046,-0.554,-0.482,-0.64,-0.606,-0.518,0.412,-0.589,0.608,0.375,0.472,-0.582,0.002,-0.205,0.5,-0.326,0.129,0.388,-0.326,-0.087,-0.007,-0.305,-0.533,0.243,-0.526,0.133,0.093,-0.232,-0.011,-0.561,-0.314,0.396,-0.511,-0.386,0.245,-0.592,-0.076,-0.336,-0.397,0.496,-0.608,-0.603,-0.155,-0.373,-0.562,0.157,-0.293,0.099,-0.068,-0.526,0.582,-0.402,-0.695,-0.026,1.0,-0.593,-0.597,0.095,0.106,-0.027,0.082,0.166,-0.473,-0.264,-0.705,-0.567,-0.495,0.592,-0.603,-0.453,-0.614,-0.188,-0.499,-0.572,-0.443,0.052,0.146,0.358,-0.154,-0.227,0.142,0.092,-0.461,-0.102,-0.473,-0.403,-0.22,-0.4,-0.556,-0.143,-0.603,-0.083,-0.35,-0.622,-0.249,-0.12,-0.337,-0.182,-0.581,-0.471,0.46,-0.541,0.091,-0.307,0.272,0.437,-0.408,-0.552,-0.475,-0.163,0.36,-0.44,-0.668,-0.307,-0.365,0.278,-0.283,-0.523,-0.557,0.345,0.043,-0.157,0.224,-0.469,0.222,-0.602,-0.105,-0.47,-0.335,-0.462,-0.421,-0.595,-0.506,-0.526,0.108,-0.598,-0.585,-0.624,-0.595,-0.231,0.161,-0.269,-0.675,0.02,-0.385,-0.602,0.6,0.392,0.404,0.371,-0.414,-0.413,-0.38,0.159,-0.207,-0.009,0.319,0.912,-0.042,-0.51,-0.468,-0.311
JD,0.404,0.725,0.132,0.583,0.71,0.554,0.728,0.754,-0.279,0.071,0.485,-0.199,0.689,0.536,-0.562,0.583,0.665,0.584,0.682,0.431,0.562,0.389,0.79,0.386,0.703,0.855,0.87,0.086,0.401,0.724,0.606,-0.302,0.529,-0.493,0.478,-0.337,0.535,-0.35,0.356,0.678,0.656,0.517,0.649,0.721,-0.296,0.64,-0.345,-0.231,-0.64,0.315,-0.343,0.305,-0.575,0.526,-0.189,-0.443,0.219,-0.023,0.274,0.525,0.556,-0.458,0.576,-0.451,-0.493,-0.014,-0.21,0.74,0.284,-0.492,0.587,0.711,-0.644,0.898,0.149,0.403,0.561,-0.501,0.753,0.751,0.082,0.525,0.759,-0.459,0.581,-0.386,0.175,0.698,-0.627,0.403,0.828,-0.244,-0.593,1.0,0.738,-0.356,0.317,0.099,0.008,-0.366,0.5,0.439,0.642,0.58,0.597,-0.371,0.568,0.62,0.683,0.332,0.78,0.872,0.565,0.174,-0.059,-0.476,0.385,0.161,0.157,0.161,0.654,0.011,0.777,0.6,0.43,0.594,0.78,0.188,0.738,0.318,0.558,0.744,0.493,0.211,0.531,0.24,0.692,0.743,-0.64,0.948,-0.288,0.657,-0.034,-0.445,0.627,0.373,0.813,0.235,-0.548,0.559,0.724,0.355,0.39,-0.154,0.586,0.537,0.35,-0.647,0.224,0.29,-0.038,0.606,-0.247,0.634,0.046,0.824,0.685,0.766,0.633,0.906,0.489,0.535,-0.42,0.732,0.59,0.681,0.74,0.397,-0.506,0.448,0.607,0.34,0.561,0.429,-0.42,-0.342,-0.366,-0.455,0.581,0.2,0.647,-0.154,0.44,0.33,-0.661,-0.69,-0.119,0.845,0.693,0.14
KDP,0.466,0.522,-0.067,0.344,0.729,0.403,0.704,0.721,-0.347,-0.154,0.38,-0.171,0.483,0.257,-0.478,0.519,0.522,0.361,0.541,0.425,0.291,0.368,0.868,0.172,0.69,0.678,0.698,0.339,0.186,0.426,0.402,-0.405,0.35,-0.399,0.457,-0.345,0.415,-0.43,0.117,0.465,0.78,0.616,0.53,0.424,-0.293,0.751,-0.392,-0.504,-0.711,0.395,-0.263,0.081,-0.617,0.282,-0.256,-0.397,0.156,0.046,0.211,0.535,0.441,-0.431,0.526,-0.302,-0.362,0.027,-0.119,0.691,0.164,-0.47,0.471,0.497,-0.578,0.696,-0.003,0.447,0.447,-0.458,0.725,0.735,0.044,0.246,0.689,-0.282,0.508,-0.413,0.197,0.65,-0.655,0.255,0.731,-0.186,-0.597,0.738,1.0,-0.186,-0.103,0.08,-0.274,-0.283,0.441,0.439,0.696,0.513,0.771,-0.464,0.477,0.39,0.601,0.146,0.742,0.544,0.469,-0.025,-0.219,-0.5,0.224,0.085,0.056,-0.072,0.443,-0.068,0.552,0.378,0.279,0.449,0.768,0.003,0.685,0.118,0.246,0.757,0.341,0.339,0.46,0.25,0.641,0.531,-0.636,0.662,-0.217,0.805,-0.338,-0.545,0.354,0.411,0.466,0.15,-0.652,0.381,0.529,0.469,0.343,-0.254,0.378,0.427,0.4,-0.539,-0.007,0.084,-0.197,0.708,-0.296,0.498,-0.085,0.7,0.651,0.484,0.396,0.601,0.408,0.63,-0.326,0.895,0.711,0.553,0.763,0.546,-0.354,0.272,0.595,0.258,0.489,0.465,-0.576,-0.329,-0.478,-0.682,0.433,0.199,0.481,-0.414,0.487,0.154,-0.643,-0.675,-0.18,0.657,0.624,0.095
KHC,-0.235,-0.531,-0.373,-0.533,-0.29,-0.358,-0.237,-0.435,-0.038,-0.36,-0.453,0.192,-0.554,-0.546,0.659,-0.614,-0.015,-0.618,-0.501,-0.496,-0.253,-0.093,-0.232,-0.617,-0.316,-0.433,-0.363,0.409,-0.68,-0.557,-0.618,-0.012,-0.516,0.8,0.027,0.479,-0.395,0.088,-0.327,-0.505,0.045,-0.165,-0.271,-0.474,0.349,-0.081,-0.108,0.063,0.462,0.231,0.507,-0.471,-0.002,-0.423,0.062,0.175,-0.147,0.665,-0.264,-0.145,-0.423,0.614,-0.032,0.848,0.675,0.411,0.231,-0.215,0.176,0.258,-0.446,-0.492,0.597,-0.362,0.014,-0.114,-0.307,0.247,-0.331,-0.333,-0.193,-0.5,-0.313,0.714,-0.176,0.53,0.382,-0.352,0.317,-0.494,-0.159,0.206,0.095,-0.356,-0.186,1.0,-0.342,-0.234,-0.508,0.384,-0.142,-0.084,-0.069,-0.391,0.156,-0.188,-0.385,-0.563,-0.406,-0.493,-0.395,-0.428,-0.31,-0.408,0.134,0.312,-0.544,-0.265,-0.162,-0.572,-0.538,0.102,-0.346,-0.523,-0.313,-0.508,-0.371,-0.119,-0.357,-0.669,-0.598,-0.384,-0.248,0.231,-0.521,0.249,-0.26,-0.161,0.412,-0.351,0.672,-0.127,-0.397,0.493,-0.503,0.134,-0.493,-0.243,0.294,-0.554,-0.366,0.339,-0.06,0.03,-0.676,0.111,0.017,0.847,-0.253,-0.449,-0.07,0.018,0.003,-0.416,0.078,-0.479,-0.474,-0.552,-0.468,-0.412,-0.239,0.061,0.458,-0.067,-0.217,-0.53,-0.365,0.084,0.569,-0.398,-0.382,-0.102,0.065,-0.045,-0.174,0.592,0.347,0.311,-0.486,0.489,-0.551,-0.102,0.023,-0.637,0.617,0.191,0.407,-0.441,-0.153,0.071
LBTYK,0.325,0.407,0.275,0.481,0.122,0.24,0.203,0.337,0.329,0.425,0.256,-0.022,0.423,0.521,-0.236,0.313,0.294,0.532,0.268,0.168,0.218,0.022,0.029,0.597,0.34,0.287,0.32,-0.235,0.484,0.504,0.505,-0.117,0.413,-0.198,-0.088,-0.008,0.158,0.247,0.348,0.397,-0.109,0.03,0.074,0.442,0.062,-0.105,0.239,0.317,-0.032,-0.136,-0.368,0.339,0.122,0.409,0.13,-0.132,0.385,-0.285,0.381,0.292,0.356,-0.276,0.158,-0.275,-0.49,0.031,-0.278,0.224,0.318,-0.014,0.378,0.533,-0.387,0.323,0.133,-0.05,0.303,-0.078,0.096,0.101,0.141,0.494,0.235,-0.343,0.324,-0.083,0.118,0.129,-0.078,0.29,0.102,-0.109,0.106,0.317,-0.103,-0.342,1.0,0.077,0.521,-0.156,0.282,0.174,0.035,0.266,-0.149,0.287,0.252,0.439,0.349,0.411,0.239,0.461,0.215,0.411,0.384,0.153,0.28,0.141,0.489,0.355,0.278,0.046,0.379,0.388,0.219,0.288,0.094,0.425,0.139,0.439,0.612,0.018,0.478,0.066,0.366,0.132,0.251,0.437,-0.135,0.378,-0.268,0.066,0.648,0.105,0.502,-0.177,0.514,0.023,0.076,0.445,0.352,-0.1,0.01,0.306,0.495,-0.039,-0.242,-0.241,0.359,0.268,0.41,0.144,-0.025,0.308,0.364,0.363,0.252,0.447,0.467,0.41,0.059,-0.089,-0.172,-0.047,-0.092,0.365,0.126,-0.003,-0.49,0.415,0.056,0.442,0.164,0.057,0.138,0.001,0.235,0.125,0.193,-0.202,0.426,0.51,0.203,0.501,-0.308,0.02,-0.032,0.352,0.09,0.048
LRCX,-0.102,0.217,0.604,0.32,0.44,0.04,-0.023,0.133,0.063,0.094,0.81,0.746,0.092,0.345,0.013,0.118,-0.198,0.183,0.11,0.418,-0.071,0.747,0.031,0.201,0.167,0.069,0.078,0.157,0.172,0.04,0.08,0.565,0.195,0.155,-0.24,0.317,0.366,-0.198,0.166,0.189,-0.215,0.463,0.106,0.32,0.116,0.31,0.398,0.134,0.094,-0.075,-0.071,0.572,0.17,0.267,-0.253,0.149,-0.045,0.022,0.469,-0.071,0.003,-0.018,-0.402,0.074,-0.284,0.389,0.256,-0.057,0.424,-0.205,-0.078,0.227,-0.232,0.042,0.012,-0.101,-0.06,0.057,0.148,0.147,-0.044,0.199,0.073,-0.186,0.022,0.057,-0.231,0.062,0.074,0.037,-0.04,-0.235,-0.027,0.099,0.08,-0.234,0.077,1.0,0.42,0.528,-0.019,0.093,0.335,-0.013,-0.083,0.148,0.087,0.258,0.02,0.365,0.125,0.035,0.666,0.578,0.31,-0.134,0.756,0.05,0.015,0.577,0.211,0.044,-0.023,0.297,0.043,0.622,0.207,-0.003,0.316,0.414,0.203,0.376,0.078,-0.021,0.116,0.063,0.067,-0.226,0.198,0.041,-0.125,-0.038,0.214,0.079,0.127,0.025,0.281,0.437,-0.176,0.122,-0.028,-0.109,0.015,0.265,0.255,-0.18,0.016,-0.089,0.284,0.125,0.287,0.049,0.629,0.082,-0.041,0.3,0.267,0.087,-0.014,-0.015,0.019,-0.328,-0.186,0.058,0.26,0.158,0.345,-0.289,-0.279,-0.011,0.14,-0.123,-0.051,-0.094,0.247,-0.252,-0.073,-0.006,0.545,-0.356,0.05,0.347,-0.184,0.385,-0.196,0.05,0.282,0.176,0.145,0.259
LYFT,-0.002,0.352,0.472,0.413,0.091,0.09,-0.048,0.084,0.212,0.516,0.435,0.234,0.347,0.487,-0.221,0.217,-0.128,0.443,0.275,0.287,0.084,0.205,-0.138,0.541,0.135,0.071,0.074,-0.335,0.56,0.303,0.386,0.302,0.419,-0.182,-0.34,0.174,0.157,0.177,0.402,0.331,-0.415,0.049,-0.054,0.371,0.082,-0.212,0.409,0.412,0.076,-0.314,-0.17,0.514,0.315,0.37,0.004,0.039,0.18,-0.478,0.316,-0.04,0.226,-0.308,-0.155,-0.275,-0.448,-0.01,0.025,-0.085,0.242,-0.08,0.281,0.341,-0.218,0.036,0.024,-0.198,0.098,0.027,-0.05,-0.048,0.129,0.546,0.056,-0.389,0.083,-0.168,-0.317,-0.064,0.069,0.251,-0.137,-0.219,0.082,0.008,-0.274,-0.508,0.521,0.42,1.0,0.06,-0.007,0.028,-0.036,0.054,-0.442,0.406,0.172,0.497,0.156,0.613,0.053,0.219,0.258,0.553,0.237,0.032,0.533,0.114,0.146,0.651,0.332,0.054,0.098,0.389,0.112,0.415,-0.04,0.226,0.069,0.609,0.547,0.011,0.193,-0.217,0.2,-0.074,0.042,-0.041,0.089,0.066,-0.338,-0.223,0.597,-0.035,0.39,-0.308,0.397,0.11,0.046,0.447,0.225,-0.433,-0.123,0.294,0.405,-0.261,-0.051,-0.224,0.312,0.272,0.292,-0.143,0.337,0.166,0.051,0.177,0.15,0.298,0.334,0.125,-0.012,-0.357,-0.213,-0.295,-0.161,0.283,0.084,-0.372,-0.386,0.16,0.054,0.099,-0.183,-0.145,0.355,-0.205,0.061,0.2,0.299,-0.442,0.254,0.678,-0.172,0.578,-0.287,0.095,-0.03,0.146,-0.162,0.08
MAR,-0.244,-0.279,0.271,-0.178,0.004,-0.168,-0.286,-0.329,0.141,0.126,0.183,0.626,-0.351,-0.178,0.489,-0.324,-0.284,-0.343,-0.265,-0.013,-0.284,0.332,-0.368,-0.242,-0.222,-0.413,-0.308,0.38,-0.372,-0.469,-0.481,0.506,-0.191,0.656,-0.335,0.632,-0.047,0.065,-0.018,-0.251,-0.242,0.103,-0.246,-0.121,0.454,-0.02,0.462,0.393,0.592,0.07,0.256,0.116,0.412,-0.188,-0.121,0.441,-0.162,0.344,0.085,-0.12,-0.282,0.354,-0.399,0.571,0.31,0.501,0.328,-0.294,0.279,0.093,-0.381,-0.217,0.318,-0.356,0.162,-0.429,-0.378,0.425,-0.338,-0.347,-0.197,-0.223,-0.252,0.43,-0.114,0.562,0.066,-0.448,0.471,-0.419,-0.315,0.012,0.166,-0.366,-0.283,0.384,-0.156,0.528,0.06,1.0,-0.22,0.075,0.005,-0.363,-0.135,0.235,-0.296,-0.225,-0.318,-0.003,-0.312,-0.403,0.142,0.273,0.447,0.177,0.18,-0.283,-0.004,0.087,-0.203,0.15,-0.408,-0.158,-0.088,-0.062,-0.339,0.146,-0.174,-0.174,-0.239,-0.167,-0.16,0.132,-0.331,0.088,-0.273,-0.324,0.661,-0.364,0.408,-0.295,0.092,0.511,-0.281,-0.139,-0.232,0.011,0.17,-0.257,-0.458,0.043,0.024,0.386,-0.299,-0.118,-0.323,0.524,0.144,-0.11,0.296,-0.101,0.381,-0.318,0.026,-0.263,-0.105,-0.27,-0.396,-0.435,-0.304,-0.336,0.142,-0.292,-0.199,-0.291,-0.078,-0.227,0.246,-0.368,-0.408,-0.02,-0.083,-0.278,0.229,0.22,0.461,0.402,-0.023,-0.109,-0.401,0.396,-0.117,-0.155,0.362,0.354,0.484,-0.301,-0.145,0.292
MARA,0.486,0.405,0.078,0.442,0.514,0.298,0.524,0.539,0.044,0.123,0.248,-0.101,0.46,0.216,-0.325,0.449,0.569,0.447,0.364,0.462,0.172,0.1,0.481,0.419,0.607,0.418,0.503,0.29,0.226,0.405,0.344,-0.263,0.487,-0.121,0.221,0.052,0.236,-0.074,0.198,0.468,0.398,0.455,0.224,0.515,-0.103,0.489,-0.205,-0.201,-0.384,0.501,-0.134,0.021,-0.352,0.291,-0.056,-0.268,0.29,-0.099,0.299,0.611,0.639,-0.334,0.55,-0.097,-0.306,0.334,-0.311,0.621,0.439,-0.18,0.587,0.475,-0.325,0.576,0.015,0.003,0.569,-0.409,0.455,0.451,0.073,0.343,0.601,0.048,0.263,-0.213,0.587,0.288,-0.471,0.402,0.534,-0.006,-0.473,0.5,0.441,-0.142,0.282,-0.019,-0.007,-0.22,1.0,0.616,0.582,0.361,0.481,-0.248,0.485,0.333,0.49,0.16,0.419,0.436,0.218,0.103,0.316,-0.263,0.125,0.222,0.178,0.006,0.185,-0.012,0.546,0.448,0.105,0.289,0.314,0.231,0.378,0.166,0.422,0.324,0.185,0.55,0.221,0.604,0.695,0.547,-0.434,0.602,-0.047,0.496,-0.126,-0.099,0.434,0.153,0.303,0.087,-0.2,0.283,0.524,0.643,0.415,0.058,0.306,0.086,0.13,-0.293,-0.042,-0.036,0.021,0.716,-0.351,0.44,0.43,0.499,0.499,0.513,0.299,0.425,0.142,0.343,-0.258,0.358,0.278,0.487,0.5,0.516,-0.316,0.216,0.392,0.425,0.569,0.393,-0.585,-0.197,-0.157,-0.32,0.253,0.264,0.244,0.117,0.517,0.141,-0.342,-0.489,0.12,0.635,0.43,0.183
MAT,0.571,0.274,0.057,0.284,0.599,0.315,0.499,0.549,-0.096,0.209,0.211,-0.108,0.355,0.181,-0.28,0.427,0.42,0.278,0.357,0.301,0.174,0.076,0.39,0.28,0.534,0.312,0.517,0.467,0.121,0.243,0.184,-0.1,0.355,-0.085,0.161,0.06,0.196,0.132,0.401,0.324,0.566,0.271,0.233,0.312,0.105,0.553,0.059,-0.007,-0.206,0.247,-0.255,-0.098,-0.224,0.112,-0.194,-0.019,0.092,-0.022,0.378,0.634,0.517,-0.319,0.409,-0.107,-0.334,0.204,-0.345,0.475,0.345,-0.233,0.503,0.378,-0.378,0.508,0.121,-0.067,0.469,-0.083,0.283,0.268,-0.074,0.297,0.548,0.023,0.514,-0.138,0.583,0.151,-0.229,0.126,0.404,-0.139,-0.264,0.439,0.439,-0.084,0.174,0.093,0.028,0.075,0.616,1.0,0.457,0.255,0.585,0.1,0.339,0.259,0.347,0.204,0.455,0.369,0.119,0.212,0.301,-0.299,0.167,-0.054,0.361,0.06,0.185,-0.059,0.332,0.303,0.23,0.166,0.285,0.326,0.417,0.122,0.397,0.356,0.226,0.551,0.151,0.523,0.509,0.429,-0.252,0.526,0.082,0.571,-0.006,-0.001,0.307,0.05,0.262,0.044,-0.296,0.254,0.335,0.605,0.533,0.105,0.241,0.13,-0.169,-0.24,0.063,-0.04,0.275,0.726,-0.351,0.347,0.332,0.423,0.667,0.473,0.28,0.333,0.151,0.335,-0.306,0.324,0.242,0.402,0.597,0.461,-0.311,0.141,0.151,0.618,0.544,0.211,-0.371,-0.101,0.011,-0.236,0.28,0.069,0.206,0.158,0.632,0.013,-0.406,-0.29,0.09,0.548,0.434,0.19
MCHP,0.239,0.597,0.21,0.45,0.816,0.306,0.656,0.616,-0.182,-0.108,0.536,0.197,0.528,0.415,-0.32,0.379,0.531,0.462,0.458,0.448,0.31,0.57,0.78,0.327,0.692,0.619,0.664,0.358,0.19,0.432,0.396,-0.154,0.478,-0.083,0.486,-0.014,0.402,-0.438,0.103,0.553,0.539,0.75,0.561,0.624,-0.245,0.768,-0.414,-0.344,-0.481,0.451,-0.001,0.339,-0.504,0.444,-0.277,-0.361,0.261,0.2,0.35,0.324,0.556,-0.255,0.4,-0.022,-0.187,0.359,0.105,0.56,0.54,-0.481,0.41,0.502,-0.3,0.7,0.023,0.378,0.4,-0.423,0.679,0.671,0.071,0.426,0.6,-0.149,0.352,-0.156,0.223,0.608,-0.536,0.243,0.745,-0.181,-0.705,0.642,0.696,-0.069,0.035,0.335,-0.036,0.005,0.582,0.457,1.0,0.567,0.665,-0.445,0.495,0.49,0.572,0.344,0.563,0.551,0.62,0.158,-0.035,-0.335,0.379,0.08,0.062,0.07,0.384,0.085,0.541,0.467,0.153,0.609,0.647,0.12,0.789,0.227,0.364,0.815,0.405,0.274,0.3,0.299,0.726,0.48,-0.375,0.615,-0.118,0.524,-0.207,-0.336,0.444,0.555,0.549,0.303,-0.522,0.383,0.634,0.455,0.379,-0.066,0.312,0.451,0.493,-0.301,0.087,0.024,-0.038,0.665,0.006,0.602,0.179,0.574,0.548,0.409,0.425,0.583,0.47,0.495,-0.196,0.709,0.739,0.643,0.796,0.289,-0.185,0.259,0.688,0.162,0.36,0.483,-0.539,-0.37,-0.378,-0.432,0.619,0.238,0.391,-0.111,0.314,0.17,-0.457,-0.641,0.167,0.596,0.664,0.425
MCRB,0.136,0.524,0.1,0.374,0.551,0.409,0.577,0.567,0.017,0.173,0.306,-0.229,0.548,0.487,-0.676,0.517,0.436,0.474,0.481,0.415,0.435,0.096,0.605,0.359,0.529,0.662,0.666,-0.059,0.437,0.629,0.649,-0.299,0.53,-0.539,0.632,-0.413,0.46,-0.436,0.077,0.437,0.414,0.41,0.708,0.46,-0.604,0.511,-0.459,-0.542,-0.646,0.367,-0.119,0.225,-0.436,0.559,-0.031,-0.584,0.588,-0.164,0.193,0.253,0.575,-0.504,0.456,-0.42,-0.327,-0.176,0.074,0.477,0.12,-0.207,0.548,0.44,-0.446,0.693,0.006,0.52,0.332,-0.605,0.524,0.494,0.408,0.477,0.546,-0.397,0.284,-0.196,0.122,0.7,-0.627,0.447,0.645,0.078,-0.567,0.58,0.513,-0.391,0.266,-0.013,0.054,-0.363,0.361,0.255,0.567,1.0,0.48,-0.504,0.655,0.54,0.672,0.245,0.598,0.615,0.419,-0.072,-0.231,-0.064,0.17,0.248,0.115,-0.053,0.505,0.139,0.588,0.512,0.27,0.429,0.568,0.336,0.712,0.254,0.456,0.623,0.584,-0.022,0.541,-0.033,0.59,0.464,-0.628,0.581,-0.471,0.395,0.092,-0.606,0.41,0.568,0.546,0.278,-0.416,0.563,0.732,0.195,0.226,-0.359,0.597,0.5,0.32,-0.575,0.16,0.416,-0.067,0.384,-0.258,0.739,0.37,0.515,0.467,0.466,0.538,0.658,0.668,0.521,0.031,0.547,0.647,0.815,0.575,0.213,-0.281,0.555,0.599,0.127,0.368,0.632,-0.456,-0.396,-0.33,-0.508,0.466,0.22,0.561,-0.079,0.128,0.314,-0.493,-0.607,-0.305,0.544,0.599,0.412
MDLZ,0.361,0.283,-0.083,0.151,0.699,0.346,0.718,0.624,-0.395,-0.176,0.185,-0.152,0.318,0.122,-0.289,0.369,0.549,0.147,0.355,0.208,0.297,0.232,0.707,0.03,0.542,0.488,0.607,0.504,-0.067,0.202,0.149,-0.32,0.199,-0.112,0.58,-0.191,0.257,-0.324,0.016,0.271,0.875,0.464,0.529,0.279,-0.148,0.753,-0.371,-0.397,-0.498,0.465,-0.119,-0.16,-0.637,0.134,-0.162,-0.424,0.071,0.303,0.144,0.519,0.382,-0.211,0.578,-0.033,-0.112,0.116,-0.142,0.665,0.231,-0.319,0.336,0.315,-0.352,0.616,0.052,0.438,0.451,-0.379,0.517,0.504,-0.043,0.107,0.659,-0.008,0.475,-0.155,0.538,0.537,-0.572,0.063,0.665,-0.069,-0.495,0.597,0.771,0.156,-0.149,-0.083,-0.442,-0.135,0.481,0.585,0.665,0.48,1.0,-0.493,0.332,0.19,0.423,-0.007,0.597,0.409,0.235,-0.224,-0.121,-0.427,0.003,-0.067,0.024,-0.241,0.283,-0.135,0.396,0.333,0.19,0.249,0.548,0.032,0.663,-0.097,0.088,0.605,0.241,0.461,0.236,0.346,0.655,0.516,-0.476,0.613,0.051,0.798,-0.449,-0.362,0.182,0.529,0.277,0.097,-0.592,0.174,0.436,0.723,0.378,-0.22,0.16,0.548,0.258,-0.246,-0.164,-0.008,-0.145,0.693,-0.339,0.458,0.072,0.464,0.595,0.277,0.3,0.441,0.416,0.652,-0.184,0.771,0.616,0.394,0.695,0.585,-0.108,0.187,0.414,0.324,0.589,0.471,-0.665,-0.137,-0.308,-0.608,0.256,0.369,0.231,-0.408,0.518,-0.148,-0.392,-0.516,-0.004,0.583,0.71,0.219
META,0.187,-0.214,0.154,0.025,-0.294,-0.162,-0.315,-0.132,0.205,0.341,-0.049,0.164,-0.153,0.106,0.246,-0.123,-0.377,-0.032,-0.156,-0.255,-0.211,-0.074,-0.43,0.167,-0.197,-0.419,-0.39,-0.081,0.108,-0.258,-0.212,0.328,-0.11,0.135,-0.56,0.152,-0.21,0.705,0.367,-0.101,-0.385,-0.336,-0.447,-0.139,0.491,-0.452,0.629,0.557,0.506,-0.592,-0.21,0.053,0.541,-0.199,0.059,0.527,-0.332,-0.247,0.254,-0.088,-0.182,0.071,-0.462,-0.071,-0.177,-0.051,-0.242,-0.347,-0.051,0.163,-0.143,-0.064,0.015,-0.4,0.04,-0.425,-0.012,0.624,-0.306,-0.272,-0.253,-0.012,-0.274,-0.066,0.052,-0.027,-0.112,-0.471,0.578,-0.194,-0.58,-0.174,0.592,-0.371,-0.464,-0.188,0.287,0.148,0.406,0.235,-0.248,0.1,-0.445,-0.504,-0.493,1.0,-0.302,-0.142,-0.331,0.25,-0.286,-0.299,-0.183,0.615,0.308,0.111,0.173,-0.222,0.506,0.447,-0.218,-0.189,-0.422,-0.134,-0.043,-0.076,-0.293,0.095,-0.401,0.174,0.077,-0.362,-0.147,-0.082,-0.223,-0.073,-0.356,-0.267,0.497,-0.317,0.1,-0.321,0.474,0.413,-0.055,-0.566,-0.184,-0.133,0.23,-0.111,-0.428,-0.304,-0.012,0.514,-0.049,-0.524,-0.523,0.125,0.113,-0.074,0.491,-0.193,0.275,-0.342,-0.045,-0.184,-0.038,-0.112,-0.094,-0.377,-0.386,-0.445,-0.198,-0.443,-0.521,-0.299,-0.243,-0.291,-0.135,-0.211,-0.373,0.318,-0.338,-0.564,0.62,0.115,0.385,0.432,0.018,-0.538,-0.161,0.395,0.074,0.076,0.035,0.586,0.101,-0.239,-0.479,-0.216
MGNI,0.199,0.542,0.196,0.487,0.549,0.391,0.502,0.549,-0.04,0.227,0.368,-0.095,0.549,0.506,-0.503,0.491,0.443,0.51,0.617,0.517,0.337,0.242,0.526,0.359,0.576,0.567,0.6,-0.028,0.525,0.616,0.571,-0.29,0.554,-0.388,0.323,-0.153,0.482,-0.278,0.371,0.546,0.276,0.519,0.503,0.536,-0.383,0.466,-0.313,-0.267,-0.495,0.448,-0.2,0.271,-0.361,0.428,-0.139,-0.452,0.381,-0.167,0.253,0.331,0.504,-0.423,0.434,-0.325,-0.371,0.048,-0.143,0.476,0.264,-0.198,0.651,0.477,-0.453,0.626,0.034,0.288,0.44,-0.491,0.561,0.558,0.184,0.496,0.523,-0.396,0.34,-0.249,0.057,0.497,-0.573,0.529,0.608,-0.038,-0.603,0.568,0.477,-0.385,0.252,0.087,0.172,-0.296,0.485,0.339,0.495,0.655,0.332,-0.302,1.0,0.528,0.701,0.289,0.511,0.622,0.499,0.131,-0.024,-0.237,0.251,0.448,0.052,0.094,0.435,0.014,0.54,0.524,0.223,0.471,0.57,0.244,0.526,0.312,0.454,0.512,0.331,0.09,0.413,0.146,0.547,0.415,-0.526,0.557,-0.277,0.329,0.14,-0.394,0.491,0.294,0.532,0.139,-0.239,0.589,0.657,0.163,0.193,-0.148,0.669,0.332,0.292,-0.456,0.106,0.284,-0.084,0.388,-0.158,0.555,0.25,0.581,0.438,0.526,0.493,0.619,0.358,0.369,-0.188,0.473,0.457,0.801,0.587,0.211,-0.386,0.359,0.597,0.121,0.34,0.512,-0.361,-0.393,-0.297,-0.334,0.427,0.207,0.47,0.03,0.209,0.282,-0.442,-0.633,-0.106,0.525,0.475,0.27
MLCO,0.32,0.769,0.538,0.618,0.584,0.559,0.618,0.59,-0.174,0.294,0.601,0.032,0.701,0.749,-0.506,0.692,0.499,0.631,0.734,0.52,0.437,0.385,0.558,0.723,0.7,0.72,0.633,-0.068,0.75,0.707,0.632,-0.196,0.787,-0.473,0.307,-0.094,0.545,-0.228,0.466,0.769,0.204,0.354,0.631,0.752,-0.221,0.269,0.017,-0.008,-0.426,0.049,-0.415,0.513,-0.241,0.45,-0.346,-0.445,0.181,-0.16,0.182,0.344,0.628,-0.462,0.424,-0.531,-0.668,0.02,-0.1,0.498,0.359,-0.595,0.711,0.717,-0.626,0.612,0.278,0.356,0.518,-0.444,0.506,0.488,0.023,0.845,0.542,-0.647,0.555,-0.382,-0.231,0.542,-0.559,0.366,0.474,-0.464,-0.453,0.62,0.39,-0.563,0.439,0.258,0.497,-0.225,0.333,0.259,0.49,0.54,0.19,-0.142,0.528,1.0,0.674,0.626,0.632,0.757,0.525,0.356,0.039,-0.45,0.561,0.044,0.079,0.438,0.71,-0.123,0.558,0.755,0.489,0.624,0.605,0.336,0.694,0.672,0.718,0.609,0.438,0.016,0.562,0.077,0.591,0.441,-0.416,0.609,-0.419,0.354,0.264,-0.345,0.856,0.186,0.84,0.124,-0.516,0.76,0.779,-0.173,0.088,0.118,0.64,0.338,0.137,-0.59,0.23,0.382,0.036,0.233,-0.026,0.72,-0.039,0.561,0.586,0.64,0.733,0.717,0.509,0.163,-0.583,0.368,0.404,0.642,0.61,0.143,-0.68,0.404,0.587,0.134,0.227,0.254,-0.189,-0.488,-0.221,-0.397,0.547,-0.22,0.701,0.228,0.284,0.505,-0.673,-0.491,-0.038,0.599,0.338,-0.011
MNKD,0.356,0.627,0.067,0.601,0.591,0.431,0.695,0.621,0.013,0.164,0.403,-0.19,0.639,0.617,-0.692,0.53,0.532,0.64,0.599,0.555,0.439,0.162,0.625,0.48,0.711,0.727,0.681,-0.07,0.492,0.711,0.676,-0.525,0.497,-0.524,0.499,-0.283,0.44,-0.258,0.172,0.596,0.454,0.478,0.589,0.539,-0.403,0.48,-0.336,-0.277,-0.535,0.367,-0.32,0.24,-0.464,0.493,0.034,-0.452,0.467,-0.258,0.266,0.417,0.636,-0.631,0.572,-0.395,-0.495,-0.018,-0.259,0.59,0.201,-0.256,0.655,0.642,-0.583,0.672,-0.008,0.439,0.485,-0.5,0.683,0.664,0.301,0.522,0.633,-0.54,0.478,-0.349,0.124,0.632,-0.586,0.564,0.679,0.024,-0.614,0.683,0.601,-0.406,0.349,0.02,0.156,-0.318,0.49,0.347,0.572,0.672,0.423,-0.331,0.701,0.674,1.0,0.315,0.721,0.709,0.447,0.112,-0.027,-0.328,0.247,0.358,0.157,0.063,0.555,0.022,0.59,0.478,0.283,0.522,0.621,0.262,0.669,0.305,0.554,0.647,0.53,0.051,0.542,0.084,0.615,0.594,-0.598,0.627,-0.48,0.472,0.091,-0.566,0.533,0.4,0.647,0.058,-0.34,0.594,0.714,0.191,0.279,-0.189,0.618,0.309,0.288,-0.581,0.138,0.286,0.078,0.487,-0.27,0.774,0.12,0.701,0.509,0.584,0.703,0.725,0.543,0.505,-0.278,0.609,0.531,0.759,0.656,0.38,-0.484,0.493,0.685,0.26,0.375,0.66,-0.425,-0.339,-0.306,-0.43,0.467,0.214,0.636,-0.027,0.36,0.363,-0.668,-0.682,-0.31,0.661,0.467,0.127
MNST,0.248,0.719,0.587,0.573,0.425,0.43,0.401,0.461,-0.062,0.24,0.608,0.229,0.707,0.648,-0.313,0.538,0.268,0.677,0.503,0.321,0.283,0.464,0.289,0.724,0.425,0.329,0.345,-0.128,0.625,0.497,0.505,0.115,0.636,-0.248,-0.064,-0.05,0.432,0.12,0.52,0.716,0.043,0.405,0.285,0.705,0.07,0.111,0.18,0.199,-0.198,-0.15,-0.383,0.69,-0.057,0.478,-0.181,-0.225,0.086,-0.208,0.365,0.209,0.432,-0.358,0.167,-0.4,-0.491,0.052,0.059,0.338,0.352,-0.471,0.445,0.657,-0.414,0.322,0.28,0.112,0.456,-0.065,0.246,0.27,-0.044,0.732,0.396,-0.468,0.461,-0.346,-0.286,0.252,-0.305,0.237,0.221,-0.498,-0.188,0.332,0.146,-0.493,0.411,0.365,0.613,-0.003,0.16,0.204,0.344,0.245,-0.007,0.25,0.289,0.626,0.315,1.0,0.352,0.465,0.423,0.578,0.129,-0.303,0.689,-0.087,0.306,0.655,0.553,-0.103,0.41,0.617,0.382,0.62,0.315,0.321,0.435,0.66,0.674,0.371,0.289,0.034,0.442,-0.005,0.407,0.3,-0.102,0.359,-0.345,0.189,0.467,-0.194,0.657,-0.023,0.615,0.235,-0.469,0.682,0.463,-0.279,-0.018,0.371,0.572,0.104,0.037,-0.404,0.314,0.364,0.208,0.117,0.259,0.421,-0.055,0.471,0.491,0.475,0.517,0.398,0.225,0.031,-0.531,0.163,0.122,0.442,0.465,-0.104,-0.421,0.186,0.414,0.19,0.015,-0.065,0.173,-0.269,-0.061,-0.126,0.519,-0.424,0.58,0.312,0.165,0.589,-0.505,-0.202,0.092,0.458,0.154,0.12
MOMO,0.504,0.64,0.17,0.588,0.635,0.487,0.783,0.766,-0.242,0.171,0.55,-0.116,0.643,0.616,-0.663,0.745,0.507,0.559,0.561,0.551,0.535,0.305,0.715,0.418,0.73,0.785,0.688,0.02,0.386,0.616,0.534,-0.329,0.45,-0.521,0.522,-0.372,0.455,-0.321,0.291,0.599,0.65,0.493,0.695,0.561,-0.328,0.567,-0.178,-0.316,-0.642,0.186,-0.415,0.274,-0.555,0.52,-0.142,-0.508,0.201,-0.136,0.26,0.639,0.506,-0.607,0.475,-0.466,-0.61,-0.083,-0.181,0.747,0.181,-0.456,0.544,0.717,-0.748,0.674,0.005,0.54,0.528,-0.564,0.67,0.669,0.238,0.502,0.805,-0.473,0.547,-0.456,0.214,0.65,-0.709,0.427,0.603,-0.233,-0.499,0.78,0.742,-0.395,0.239,0.125,0.053,-0.312,0.419,0.455,0.563,0.598,0.597,-0.286,0.511,0.632,0.721,0.352,1.0,0.725,0.5,0.183,0.063,-0.455,0.43,0.137,0.22,0.193,0.706,-0.039,0.694,0.596,0.348,0.593,0.696,0.099,0.798,0.327,0.559,0.707,0.576,0.292,0.689,0.13,0.722,0.651,-0.616,0.744,-0.466,0.64,-0.051,-0.581,0.487,0.403,0.713,0.239,-0.638,0.531,0.623,0.303,0.286,-0.188,0.581,0.4,0.334,-0.68,0.17,0.239,0.023,0.581,-0.216,0.715,0.002,0.766,0.659,0.587,0.678,0.702,0.615,0.455,-0.427,0.714,0.607,0.599,0.706,0.573,-0.582,0.616,0.588,0.327,0.538,0.442,-0.425,-0.378,-0.355,-0.576,0.515,0.083,0.684,-0.139,0.38,0.408,-0.807,-0.654,-0.316,0.804,0.636,0.118
MRNA,0.308,0.805,0.214,0.606,0.602,0.541,0.658,0.678,-0.164,0.164,0.447,-0.189,0.765,0.65,-0.564,0.616,0.625,0.702,0.667,0.508,0.688,0.265,0.707,0.515,0.695,0.847,0.838,-0.152,0.55,0.855,0.713,-0.336,0.594,-0.544,0.479,-0.365,0.515,-0.319,0.445,0.709,0.484,0.463,0.639,0.76,-0.402,0.489,-0.33,-0.114,-0.591,0.227,-0.391,0.417,-0.492,0.539,-0.114,-0.522,0.294,-0.134,0.262,0.434,0.596,-0.444,0.534,-0.488,-0.5,-0.06,-0.204,0.621,0.299,-0.407,0.581,0.776,-0.597,0.861,0.143,0.407,0.522,-0.547,0.576,0.581,0.232,0.639,0.64,-0.542,0.537,-0.302,0.026,0.631,-0.677,0.578,0.745,-0.203,-0.572,0.872,0.544,-0.428,0.461,0.035,0.219,-0.403,0.436,0.369,0.551,0.615,0.409,-0.299,0.622,0.757,0.709,0.465,0.725,1.0,0.501,0.138,-0.049,-0.442,0.363,0.305,0.139,0.19,0.693,0.038,0.754,0.619,0.416,0.538,0.624,0.224,0.71,0.409,0.704,0.634,0.573,0.071,0.597,0.078,0.641,0.748,-0.641,0.874,-0.331,0.469,0.17,-0.416,0.731,0.351,0.915,0.233,-0.408,0.637,0.776,0.143,0.259,-0.154,0.666,0.525,0.294,-0.645,0.312,0.349,0.002,0.418,-0.224,0.726,0.066,0.671,0.572,0.736,0.76,0.931,0.57,0.38,-0.418,0.562,0.514,0.755,0.658,0.254,-0.506,0.571,0.64,0.24,0.355,0.474,-0.298,-0.362,-0.331,-0.314,0.503,0.146,0.73,-0.049,0.267,0.414,-0.591,-0.664,-0.141,0.723,0.557,0.085
MRVL,0.086,0.571,0.526,0.646,0.656,0.326,0.454,0.493,0.079,0.145,0.785,0.473,0.438,0.634,-0.271,0.372,0.181,0.459,0.483,0.481,0.202,0.807,0.504,0.316,0.572,0.501,0.47,0.12,0.373,0.41,0.398,0.152,0.431,-0.122,0.163,0.066,0.574,-0.443,0.319,0.55,0.151,0.716,0.506,0.64,-0.108,0.509,-0.025,-0.078,-0.29,0.253,-0.2,0.587,-0.137,0.606,-0.235,-0.198,0.178,0.007,0.445,0.17,0.264,-0.272,0.004,-0.136,-0.433,0.318,0.096,0.353,0.508,-0.328,0.286,0.514,-0.503,0.474,0.085,0.215,0.187,-0.265,0.565,0.564,0.021,0.411,0.47,-0.387,0.29,-0.139,-0.151,0.435,-0.31,0.278,0.393,-0.167,-0.443,0.565,0.469,-0.31,0.215,0.666,0.258,0.142,0.218,0.119,0.62,0.419,0.235,-0.183,0.499,0.525,0.447,0.423,0.5,0.501,1.0,0.539,0.178,-0.292,0.701,0.225,0.083,0.475,0.458,0.074,0.356,0.577,0.221,0.801,0.581,0.191,0.643,0.341,0.376,0.661,0.298,0.039,0.359,0.056,0.483,0.265,-0.142,0.483,-0.285,0.275,0.201,-0.2,0.401,0.317,0.648,0.409,-0.354,0.435,0.366,0.044,0.166,0.119,0.587,0.21,0.356,-0.351,0.33,0.205,0.132,0.282,0.409,0.459,-0.036,0.636,0.464,0.419,0.348,0.445,0.333,0.039,-0.299,0.479,0.528,0.583,0.645,-0.004,-0.471,0.259,0.506,0.06,0.197,0.323,-0.081,-0.441,-0.118,-0.185,0.694,-0.105,0.357,0.157,0.097,0.516,-0.451,-0.372,0.127,0.497,0.432,0.35
MSFT,0.268,0.325,0.578,0.574,0.254,0.22,0.167,0.326,0.173,0.432,0.571,0.436,0.261,0.603,-0.065,0.253,-0.001,0.349,0.301,0.18,-0.018,0.55,0.058,0.481,0.33,0.091,0.074,0.04,0.407,0.182,0.166,0.373,0.368,0.021,-0.304,0.268,0.319,0.247,0.504,0.433,-0.176,0.302,0.062,0.457,0.341,0.003,0.458,0.372,0.189,-0.212,-0.278,0.488,0.322,0.354,-0.215,0.238,-0.093,-0.179,0.485,0.162,0.186,-0.205,-0.225,-0.196,-0.498,0.266,-0.098,0.073,0.374,-0.237,0.239,0.37,-0.363,0.082,0.217,-0.205,0.217,0.286,0.279,0.305,-0.187,0.434,0.209,-0.283,0.308,-0.168,-0.139,-0.028,0.168,0.054,-0.095,-0.353,0.052,0.174,-0.025,-0.408,0.411,0.578,0.553,0.273,0.103,0.212,0.158,-0.072,-0.224,0.615,0.131,0.356,0.112,0.578,0.183,0.138,0.539,1.0,0.439,-0.127,0.695,-0.101,0.495,0.722,0.239,-0.01,0.044,0.423,0.243,0.536,0.242,0.316,0.179,0.485,0.447,0.201,0.111,0.031,0.154,0.071,0.148,0.009,0.287,0.158,-0.178,-0.048,0.495,0.142,0.358,-0.221,0.349,0.204,-0.137,0.35,0.075,-0.175,0.149,0.57,0.359,-0.235,-0.148,-0.197,0.349,0.204,0.514,0.134,0.436,0.133,0.021,0.388,0.365,0.338,0.248,0.097,-0.037,-0.287,-0.444,-0.005,-0.057,0.184,0.286,-0.195,-0.511,-0.017,0.133,0.354,0.024,-0.232,0.386,-0.213,0.25,0.162,0.568,-0.497,0.198,0.527,0.223,0.471,-0.357,0.11,0.216,0.259,-0.044,0.114
MSTR,0.219,0.069,0.311,0.312,-0.028,-0.001,0.019,0.022,0.395,0.412,0.234,0.452,0.081,0.164,0.246,0.1,0.004,0.155,-0.097,0.199,-0.163,0.163,-0.226,0.119,0.146,-0.103,-0.158,0.209,0.001,-0.069,-0.147,0.26,0.056,0.437,-0.293,0.595,0.018,0.299,0.284,0.121,-0.147,0.139,-0.162,0.171,0.487,-0.097,0.574,0.476,0.42,0.082,-0.148,0.133,0.298,0.053,0.004,0.256,-0.008,0.075,0.344,0.428,0.0,0.049,-0.115,0.302,-0.141,0.573,-0.19,0.078,0.504,0.092,0.083,0.224,-0.12,-0.128,0.124,-0.385,0.082,0.167,-0.136,-0.14,-0.132,0.083,0.111,0.3,0.104,0.281,0.409,-0.301,0.233,-0.005,-0.202,-0.059,0.146,-0.059,-0.219,0.134,0.384,0.31,0.237,0.447,0.316,0.301,-0.035,-0.231,-0.121,0.308,-0.024,0.039,-0.027,0.129,0.063,-0.049,0.178,0.439,1.0,0.099,0.229,-0.034,0.341,0.237,-0.115,0.067,0.036,0.148,-0.015,0.066,-0.239,0.328,-0.094,-0.033,0.176,-0.247,0.008,0.528,0.024,0.432,0.089,0.146,0.392,0.055,0.199,-0.099,0.325,0.517,0.06,-0.196,0.033,-0.015,0.219,-0.005,-0.153,0.241,0.172,0.591,0.087,-0.287,-0.311,0.248,0.235,-0.133,0.552,0.183,0.13,-0.021,0.315,0.089,0.077,0.176,-0.087,-0.15,-0.207,-0.347,-0.142,-0.242,-0.309,-0.162,-0.08,0.172,-0.245,0.003,-0.254,0.375,0.323,-0.096,0.127,0.198,0.594,0.368,0.003,-0.098,-0.057,0.665,0.25,0.231,0.034,0.202,0.365,0.143,-0.114,0.132
MTCH,-0.283,-0.422,-0.361,-0.338,-0.513,-0.373,-0.554,-0.518,0.402,0.013,-0.414,-0.026,-0.411,-0.395,0.301,-0.511,-0.304,-0.305,-0.509,-0.352,-0.31,-0.347,-0.502,-0.332,-0.483,-0.44,-0.376,-0.107,-0.319,-0.285,-0.212,0.127,-0.315,0.314,-0.253,0.186,-0.37,0.198,-0.382,-0.501,-0.448,-0.354,-0.437,-0.415,0.063,-0.411,0.001,0.074,0.306,-0.014,0.49,-0.166,0.352,-0.027,0.251,0.189,0.39,0.005,-0.029,-0.335,-0.238,0.263,-0.299,0.343,0.438,-0.021,0.301,-0.453,-0.108,0.444,-0.331,-0.419,0.524,-0.384,-0.118,-0.28,-0.477,0.26,-0.424,-0.422,0.318,-0.314,-0.478,0.433,-0.517,0.421,0.099,-0.378,0.459,-0.209,-0.352,0.307,0.358,-0.476,-0.5,0.312,0.153,-0.134,0.032,0.177,-0.263,-0.299,-0.335,-0.064,-0.427,0.111,-0.237,-0.45,-0.328,-0.303,-0.455,-0.442,-0.292,-0.127,0.099,1.0,-0.37,0.012,0.221,-0.304,-0.431,0.417,-0.21,-0.53,-0.27,-0.428,-0.514,0.099,-0.535,-0.314,-0.246,-0.527,0.19,-0.151,-0.256,-0.045,-0.408,-0.262,0.322,-0.473,0.145,-0.475,0.18,0.291,-0.437,-0.119,-0.429,-0.077,0.566,-0.317,-0.334,-0.095,-0.195,-0.048,-0.329,-0.222,-0.107,0.437,0.113,-0.062,0.141,-0.24,0.012,-0.449,0.529,-0.444,-0.552,-0.363,-0.454,-0.385,-0.307,-0.253,0.812,-0.41,-0.332,-0.221,-0.569,-0.219,0.432,-0.04,-0.485,-0.081,-0.103,-0.14,0.226,0.435,0.383,0.403,-0.395,0.105,-0.26,0.328,-0.371,-0.109,0.534,0.368,0.0,-0.486,-0.293,0.34
MU,0.233,0.544,0.718,0.602,0.541,0.409,0.324,0.436,-0.034,0.273,0.881,0.496,0.461,0.613,-0.346,0.573,0.107,0.497,0.491,0.498,0.163,0.743,0.21,0.639,0.39,0.326,0.31,-0.056,0.474,0.408,0.403,0.356,0.517,-0.214,-0.103,0.016,0.529,-0.132,0.352,0.6,-0.015,0.502,0.332,0.624,0.028,0.233,0.339,0.127,-0.209,-0.151,-0.407,0.667,0.026,0.561,-0.219,-0.082,-0.012,-0.175,0.42,0.216,0.313,-0.332,-0.091,-0.345,-0.635,0.157,0.06,0.316,0.371,-0.476,0.256,0.594,-0.56,0.277,0.2,0.018,0.293,-0.058,0.31,0.323,-0.014,0.545,0.444,-0.511,0.352,-0.302,-0.289,0.231,-0.225,0.225,0.119,-0.429,-0.154,0.385,0.224,-0.544,0.28,0.756,0.533,0.18,0.125,0.167,0.379,0.17,0.003,0.173,0.251,0.561,0.247,0.689,0.43,0.363,0.701,0.695,0.229,-0.37,1.0,0.007,0.171,0.832,0.624,-0.016,0.293,0.642,0.379,0.826,0.403,0.172,0.506,0.72,0.599,0.503,0.197,-0.018,0.466,-0.085,0.38,0.068,-0.1,0.336,-0.404,0.184,0.363,-0.179,0.475,-0.034,0.601,0.43,-0.449,0.518,0.289,-0.245,0.051,0.284,0.573,-0.018,0.062,-0.465,0.376,0.359,0.219,0.093,0.491,0.374,-0.075,0.59,0.558,0.41,0.385,0.325,0.222,-0.176,-0.533,0.176,0.239,0.368,0.536,-0.056,-0.609,0.203,0.347,0.076,0.053,-0.084,0.232,-0.362,-0.179,-0.217,0.674,-0.504,0.407,0.294,0.036,0.601,-0.564,-0.189,0.089,0.488,0.241,0.149
MVIS,-0.197,0.158,-0.104,0.328,0.065,-0.161,-0.028,0.041,0.381,-0.004,0.119,0.0,0.125,0.207,-0.345,0.032,-0.089,0.342,0.027,0.53,0.24,-0.055,0.067,-0.022,0.104,0.263,0.188,-0.389,0.11,0.393,0.412,-0.182,-0.1,-0.327,0.126,-0.258,0.061,-0.342,-0.097,0.011,-0.144,0.316,0.007,0.067,-0.537,0.235,-0.34,-0.184,-0.286,0.2,-0.052,0.145,-0.133,0.284,0.391,-0.15,0.469,-0.409,0.283,-0.113,0.121,-0.249,-0.028,-0.073,-0.123,-0.029,-0.201,-0.005,0.008,0.394,-0.02,0.156,-0.161,0.232,-0.498,0.118,-0.062,-0.37,0.214,0.224,0.599,-0.126,0.045,-0.243,-0.289,0.04,-0.043,0.224,-0.213,0.797,0.201,0.498,-0.227,0.161,0.085,-0.265,0.141,0.05,0.114,-0.283,0.222,-0.054,0.08,0.248,-0.067,-0.222,0.448,0.044,0.358,-0.087,0.137,0.305,0.225,-0.101,-0.034,0.012,0.007,1.0,-0.044,-0.061,0.08,0.213,0.173,0.019,-0.298,0.194,0.065,-0.234,0.111,0.011,0.198,0.123,0.145,-0.217,0.224,-0.167,0.088,0.1,-0.355,0.158,-0.333,-0.088,0.09,-0.329,-0.057,0.286,0.175,0.258,0.372,-0.003,0.114,0.05,0.071,-0.381,0.332,-0.186,0.318,-0.303,0.135,0.053,0.052,-0.02,0.009,0.252,0.189,0.234,-0.107,0.115,0.127,0.235,0.176,-0.084,0.203,0.091,0.282,0.377,0.077,-0.079,-0.108,0.386,0.363,-0.198,-0.125,0.582,0.019,-0.164,-0.375,0.011,0.119,0.285,0.178,-0.072,-0.348,0.256,-0.061,-0.252,-0.287,0.093,0.13,0.129
NDAQ,0.443,0.147,-0.057,0.302,0.034,0.081,0.126,0.3,0.32,0.298,0.045,0.003,0.201,0.282,-0.111,0.144,0.147,0.306,0.033,0.006,0.14,-0.024,0.09,0.26,0.207,0.132,0.093,-0.02,0.119,0.164,0.191,-0.067,0.103,-0.042,-0.091,-0.084,-0.0,0.499,0.25,0.177,0.115,0.035,-0.09,0.173,0.108,-0.033,0.147,0.215,0.04,-0.115,-0.214,0.138,0.129,0.168,0.169,0.145,0.268,-0.109,0.489,0.334,0.283,-0.173,-0.016,-0.152,-0.259,0.023,-0.247,0.154,0.169,0.075,0.175,0.282,-0.236,0.146,0.018,-0.056,0.269,0.325,0.17,0.19,0.086,0.171,0.193,-0.07,0.267,0.065,0.271,0.073,0.146,0.064,-0.005,0.02,0.142,0.157,0.056,-0.162,0.489,0.015,0.146,-0.004,0.178,0.361,0.062,0.115,0.024,0.506,0.052,0.079,0.157,0.306,0.22,0.139,0.083,0.495,0.341,0.221,0.171,-0.044,1.0,0.099,0.055,0.091,0.126,0.044,0.097,0.105,0.146,0.362,0.031,0.099,0.315,0.032,0.411,0.16,0.255,0.118,0.174,0.293,-0.002,0.194,-0.051,0.088,0.314,0.077,0.146,-0.013,0.162,-0.071,0.005,0.129,0.056,0.145,0.289,0.281,0.192,-0.12,-0.206,-0.166,0.18,0.113,0.607,0.32,-0.139,0.098,0.415,0.229,0.232,0.247,0.158,0.138,0.02,0.058,-0.019,0.154,-0.033,0.134,0.074,0.168,-0.263,0.216,0.016,0.571,0.215,0.014,0.137,0.132,0.227,0.101,0.256,-0.147,0.246,0.305,0.356,0.24,-0.213,0.045,0.029,0.217,0.026,0.154
NFLX,0.18,0.383,0.711,0.571,0.306,0.284,0.184,0.265,0.02,0.362,0.68,0.379,0.342,0.556,-0.23,0.443,-0.092,0.395,0.415,0.234,0.0,0.547,-0.045,0.618,0.22,0.084,0.067,-0.129,0.551,0.243,0.236,0.427,0.429,-0.189,-0.322,0.051,0.33,0.072,0.436,0.511,-0.23,0.249,0.14,0.488,0.258,-0.041,0.498,0.308,0.001,-0.396,-0.454,0.513,0.246,0.467,-0.139,0.089,-0.172,-0.347,0.296,0.098,0.196,-0.29,-0.187,-0.385,-0.619,0.049,-0.088,0.162,0.232,-0.347,0.215,0.47,-0.453,0.024,0.171,-0.143,0.296,0.082,0.059,0.079,-0.127,0.491,0.31,-0.505,0.273,-0.394,-0.353,-0.034,0.004,0.145,-0.152,-0.48,0.092,0.161,-0.072,-0.572,0.355,0.577,0.651,0.087,0.006,0.06,0.07,-0.053,-0.241,0.447,0.094,0.438,0.063,0.655,0.193,0.19,0.475,0.722,0.237,-0.304,0.832,-0.061,0.099,1.0,0.457,-0.13,0.073,0.578,0.284,0.683,0.121,0.144,0.236,0.671,0.522,0.224,0.018,-0.082,0.228,-0.09,0.206,-0.049,0.113,0.153,-0.353,0.034,0.508,-0.017,0.436,-0.321,0.435,0.338,-0.267,0.414,0.111,-0.414,-0.052,0.425,0.503,-0.207,-0.082,-0.355,0.353,0.228,0.211,-0.117,0.59,0.155,-0.163,0.4,0.403,0.29,0.323,0.097,-0.007,-0.376,-0.558,-0.138,-0.069,0.197,0.331,-0.209,-0.587,0.062,0.124,0.118,-0.122,-0.325,0.422,-0.357,-0.008,-0.03,0.46,-0.668,0.258,0.375,0.007,0.538,-0.442,0.083,0.057,0.346,-0.044,0.004
NKTR,0.222,0.654,0.406,0.537,0.541,0.658,0.617,0.58,-0.302,0.281,0.622,-0.082,0.618,0.587,-0.678,0.709,0.467,0.493,0.725,0.49,0.594,0.387,0.472,0.58,0.474,0.645,0.586,-0.224,0.561,0.685,0.567,-0.06,0.619,-0.55,0.315,-0.369,0.581,-0.265,0.32,0.703,0.346,0.417,0.603,0.669,-0.29,0.29,-0.09,-0.103,-0.545,0.102,-0.357,0.462,-0.367,0.576,-0.047,-0.502,0.201,-0.235,0.031,0.385,0.555,-0.543,0.454,-0.58,-0.587,-0.225,-0.011,0.671,0.051,-0.49,0.498,0.681,-0.62,0.524,0.256,0.36,0.546,-0.358,0.405,0.427,0.246,0.661,0.716,-0.638,0.549,-0.392,-0.156,0.509,-0.625,0.414,0.453,-0.277,-0.461,0.654,0.443,-0.538,0.278,0.211,0.332,-0.203,0.185,0.185,0.384,0.505,0.283,-0.218,0.435,0.71,0.555,0.553,0.706,0.693,0.458,0.239,-0.115,-0.431,0.624,0.08,0.055,0.457,1.0,0.057,0.593,0.707,0.576,0.653,0.54,0.189,0.638,0.576,0.628,0.583,0.443,-0.077,0.673,-0.114,0.575,0.474,-0.528,0.593,-0.515,0.394,0.142,-0.595,0.604,0.177,0.779,0.212,-0.591,0.697,0.652,-0.124,0.091,-0.151,0.625,0.434,0.206,-0.682,0.24,0.579,-0.045,0.193,-0.053,0.575,-0.094,0.659,0.559,0.527,0.675,0.672,0.485,0.274,-0.468,0.417,0.383,0.566,0.619,0.197,-0.571,0.496,0.509,0.142,0.32,0.189,-0.134,-0.35,-0.367,-0.502,0.442,-0.14,0.642,-0.008,0.116,0.402,-0.661,-0.601,-0.274,0.691,0.472,0.069
NNDM,-0.259,0.03,-0.19,0.066,-0.085,-0.16,-0.175,-0.156,0.367,0.029,-0.04,0.001,-0.106,-0.121,-0.149,-0.061,-0.051,-0.043,-0.17,0.028,0.024,-0.086,-0.119,-0.168,-0.194,0.066,0.129,-0.146,-0.06,0.171,0.078,0.178,0.004,0.047,-0.006,-0.036,-0.062,-0.133,-0.205,-0.16,-0.115,0.129,-0.069,-0.045,-0.16,0.057,-0.229,-0.107,-0.011,0.265,0.451,0.047,0.081,0.457,0.292,0.054,0.44,-0.078,0.046,-0.003,0.143,-0.095,-0.067,0.146,0.207,-0.056,0.328,-0.088,-0.088,0.271,-0.151,-0.084,0.257,0.048,-0.144,-0.179,-0.265,0.053,-0.099,-0.095,0.582,-0.055,-0.057,0.295,-0.258,0.3,0.102,-0.028,0.09,0.14,0.162,0.32,-0.102,0.011,-0.068,0.102,0.046,0.044,0.054,0.15,-0.012,-0.059,0.085,0.139,-0.135,-0.189,0.014,-0.123,0.022,-0.103,-0.039,0.038,0.074,-0.01,0.067,0.417,-0.016,0.213,0.091,-0.13,0.057,1.0,0.207,-0.228,-0.047,-0.026,-0.19,0.13,-0.077,-0.195,0.032,-0.022,0.259,-0.16,0.19,-0.123,0.0,0.039,-0.012,-0.011,-0.119,-0.249,0.175,-0.076,-0.188,0.136,0.026,0.246,0.345,-0.013,0.041,0.062,0.188,-0.275,-0.022,0.062,0.203,0.009,0.559,0.101,0.239,-0.007,-0.002,-0.044,0.341,0.032,-0.222,0.041,-0.127,0.098,0.045,-0.07,0.414,-0.139,0.082,0.112,-0.125,-0.144,0.208,0.153,-0.112,-0.032,0.089,0.186,0.147,0.34,0.111,0.272,-0.05,0.125,0.009,0.195,-0.267,0.165,0.172,-0.098,-0.077,-0.054,0.095,0.384
NTES,0.379,0.78,0.089,0.528,0.484,0.484,0.607,0.608,-0.15,0.052,0.353,-0.275,0.774,0.411,-0.576,0.658,0.606,0.664,0.505,0.419,0.458,0.148,0.599,0.446,0.553,0.753,0.784,-0.079,0.411,0.761,0.67,-0.356,0.605,-0.478,0.392,-0.337,0.402,-0.259,0.265,0.655,0.472,0.423,0.499,0.67,-0.339,0.405,-0.304,-0.274,-0.699,0.322,-0.182,0.343,-0.507,0.597,-0.118,-0.563,0.363,-0.114,0.197,0.54,0.552,-0.534,0.581,-0.448,-0.384,-0.073,-0.035,0.686,0.201,-0.44,0.603,0.669,-0.48,0.765,0.134,0.317,0.452,-0.601,0.529,0.532,0.239,0.578,0.633,-0.27,0.378,-0.421,0.183,0.593,-0.704,0.428,0.733,-0.22,-0.473,0.777,0.552,-0.346,0.379,-0.023,0.098,-0.408,0.546,0.332,0.541,0.588,0.396,-0.422,0.54,0.558,0.59,0.41,0.694,0.754,0.356,0.044,0.036,-0.21,0.293,0.173,0.126,0.073,0.593,0.207,1.0,0.497,0.368,0.43,0.517,0.217,0.594,0.316,0.59,0.507,0.534,0.319,0.632,0.26,0.686,0.759,-0.642,0.784,-0.438,0.501,0.102,-0.431,0.57,0.264,0.681,0.187,-0.425,0.614,0.718,0.247,0.201,-0.145,0.566,0.385,0.312,-0.588,0.289,0.303,-0.095,0.497,-0.357,0.581,0.183,0.699,0.485,0.723,0.527,0.804,0.434,0.435,-0.291,0.481,0.438,0.614,0.5,0.421,-0.345,0.558,0.501,0.28,0.516,0.37,-0.375,-0.16,-0.239,-0.355,0.319,0.142,0.704,-0.041,0.294,0.481,-0.592,-0.611,-0.234,0.724,0.638,0.194
NTNX,0.339,0.691,0.699,0.67,0.647,0.636,0.668,0.71,-0.18,0.414,0.705,0.152,0.683,0.723,-0.473,0.741,0.488,0.578,0.734,0.485,0.332,0.532,0.473,0.689,0.632,0.591,0.535,-0.002,0.684,0.581,0.53,0.011,0.731,-0.337,0.203,-0.048,0.614,-0.282,0.502,0.766,0.235,0.524,0.592,0.789,-0.076,0.367,0.056,-0.02,-0.392,0.144,-0.506,0.479,-0.185,0.536,-0.286,-0.431,0.07,-0.147,0.236,0.461,0.526,-0.427,0.394,-0.445,-0.671,0.154,-0.171,0.646,0.438,-0.501,0.643,0.735,-0.707,0.548,0.306,0.3,0.614,-0.449,0.48,0.481,-0.065,0.718,0.726,-0.542,0.564,-0.373,0.002,0.488,-0.585,0.362,0.425,-0.409,-0.403,0.6,0.378,-0.523,0.388,0.297,0.389,-0.158,0.448,0.303,0.467,0.512,0.333,-0.134,0.524,0.755,0.478,0.617,0.596,0.619,0.577,0.423,0.148,-0.53,0.642,0.019,0.044,0.578,0.707,-0.228,0.497,1.0,0.492,0.719,0.548,0.321,0.666,0.627,0.638,0.553,0.237,0.225,0.483,0.168,0.683,0.425,-0.365,0.652,-0.349,0.438,0.248,-0.331,0.73,0.103,0.719,0.31,-0.581,0.724,0.666,0.024,0.128,0.253,0.727,0.337,0.097,-0.531,0.193,0.4,-0.011,0.309,0.124,0.609,0.019,0.659,0.713,0.625,0.665,0.577,0.371,0.131,-0.629,0.364,0.357,0.581,0.661,0.202,-0.706,0.28,0.505,0.257,0.375,0.149,-0.22,-0.52,-0.209,-0.451,0.597,-0.2,0.549,0.172,0.289,0.481,-0.63,-0.411,0.063,0.725,0.423,0.127
NVAX,0.354,0.468,0.341,0.312,0.406,0.934,0.474,0.479,-0.345,0.164,0.316,-0.164,0.445,0.311,-0.377,0.525,0.565,0.25,0.664,0.105,0.084,0.266,0.29,0.508,0.351,0.365,0.464,0.096,0.49,0.554,0.368,-0.064,0.665,-0.3,0.107,-0.104,0.744,-0.033,0.262,0.559,0.321,0.141,0.459,0.508,0.076,0.094,0.068,0.018,-0.254,0.23,-0.327,0.185,-0.134,0.253,-0.423,-0.327,-0.059,0.049,-0.006,0.338,0.39,-0.302,0.533,-0.465,-0.427,-0.044,-0.136,0.395,0.109,-0.625,0.518,0.416,-0.485,0.39,0.86,0.065,0.338,-0.023,0.247,0.269,-0.137,0.549,0.39,-0.382,0.634,-0.327,-0.109,0.258,-0.359,0.076,0.301,-0.448,-0.22,0.43,0.279,-0.313,0.219,0.043,0.112,-0.088,0.105,0.23,0.153,0.27,0.19,-0.043,0.223,0.489,0.283,0.382,0.348,0.416,0.221,0.243,-0.015,-0.27,0.379,-0.298,0.097,0.284,0.576,-0.047,0.368,0.492,1.0,0.283,0.38,0.568,0.323,0.448,0.508,0.285,0.152,0.035,0.368,0.068,0.266,0.259,-0.28,0.369,-0.254,0.395,0.295,-0.206,0.544,-0.108,0.418,0.065,-0.437,0.68,0.504,-0.13,0.053,0.169,0.398,0.407,-0.225,-0.335,0.244,0.631,-0.043,0.131,-0.17,0.319,-0.025,0.396,0.586,0.54,0.394,0.471,0.195,0.164,-0.491,0.252,0.089,0.332,0.435,0.165,-0.464,-0.015,0.262,0.213,0.458,-0.091,0.038,-0.035,0.125,-0.389,0.228,-0.241,0.488,0.093,0.37,0.126,-0.355,-0.304,-0.032,0.385,0.266,-0.025
NVDA,0.182,0.638,0.56,0.704,0.729,0.393,0.531,0.582,-0.068,0.152,0.884,0.426,0.562,0.744,-0.497,0.554,0.233,0.579,0.577,0.544,0.274,0.758,0.456,0.575,0.524,0.548,0.499,-0.026,0.579,0.533,0.512,0.123,0.546,-0.314,0.169,-0.157,0.586,-0.313,0.297,0.646,0.154,0.662,0.532,0.713,-0.183,0.492,0.004,-0.148,-0.423,0.026,-0.299,0.636,-0.268,0.682,-0.126,-0.31,0.128,-0.186,0.499,0.221,0.411,-0.432,0.102,-0.347,-0.613,0.147,0.021,0.495,0.411,-0.431,0.37,0.694,-0.614,0.484,0.032,0.311,0.458,-0.352,0.598,0.605,0.123,0.552,0.607,-0.584,0.364,-0.396,-0.154,0.523,-0.444,0.397,0.42,-0.323,-0.4,0.594,0.449,-0.508,0.288,0.622,0.415,-0.062,0.289,0.166,0.609,0.429,0.249,-0.076,0.471,0.624,0.522,0.62,0.593,0.538,0.801,0.536,0.066,-0.428,0.826,0.194,0.105,0.683,0.653,-0.026,0.43,0.719,0.283,1.0,0.619,0.084,0.684,0.579,0.576,0.726,0.338,-0.031,0.52,-0.011,0.594,0.26,-0.329,0.531,-0.488,0.331,0.221,-0.433,0.524,0.256,0.701,0.492,-0.526,0.547,0.515,-0.041,0.107,0.077,0.673,0.155,0.378,-0.536,0.272,0.296,0.069,0.257,0.473,0.553,-0.055,0.768,0.604,0.457,0.529,0.511,0.403,0.099,-0.448,0.483,0.518,0.607,0.717,0.051,-0.585,0.302,0.627,0.055,0.159,0.208,-0.04,-0.477,-0.399,-0.396,0.784,-0.208,0.51,0.073,0.057,0.58,-0.653,-0.428,-0.004,0.657,0.405,0.239
NWL,0.355,0.585,0.206,0.417,0.694,0.478,0.657,0.739,-0.354,-0.043,0.502,-0.023,0.525,0.579,-0.459,0.536,0.545,0.413,0.666,0.383,0.425,0.495,0.809,0.346,0.648,0.756,0.67,0.183,0.456,0.536,0.512,-0.303,0.5,-0.425,0.465,-0.29,0.619,-0.317,0.289,0.578,0.52,0.507,0.652,0.569,-0.364,0.591,-0.303,-0.37,-0.571,0.245,-0.266,0.349,-0.563,0.301,-0.342,-0.461,0.085,0.109,0.317,0.332,0.431,-0.355,0.428,-0.411,-0.481,-0.027,-0.073,0.552,0.248,-0.554,0.545,0.512,-0.605,0.723,0.125,0.606,0.524,-0.409,0.888,0.88,-0.045,0.51,0.587,-0.543,0.52,-0.401,-0.075,0.81,-0.59,0.273,0.676,-0.312,-0.556,0.78,0.768,-0.371,0.094,0.207,-0.04,-0.339,0.314,0.285,0.647,0.568,0.548,-0.293,0.57,0.605,0.621,0.315,0.696,0.624,0.581,0.242,-0.239,-0.514,0.403,0.065,0.146,0.121,0.54,-0.19,0.517,0.548,0.38,0.619,1.0,0.09,0.736,0.393,0.377,0.835,0.369,0.072,0.498,0.111,0.593,0.416,-0.558,0.663,-0.297,0.547,-0.14,-0.518,0.555,0.473,0.622,0.204,-0.688,0.542,0.674,0.163,0.267,-0.157,0.525,0.483,0.412,-0.568,-0.015,0.28,-0.086,0.492,-0.094,0.588,-0.057,0.733,0.612,0.516,0.542,0.728,0.495,0.563,-0.412,0.844,0.704,0.608,0.715,0.293,-0.471,0.279,0.747,0.114,0.362,0.373,-0.389,-0.445,-0.477,-0.621,0.705,0.115,0.579,-0.253,0.384,0.268,-0.657,-0.631,-0.046,0.606,0.632,0.099
NWSA,0.312,0.298,0.249,0.266,0.218,0.541,0.258,0.261,0.311,0.379,0.098,-0.079,0.321,0.222,-0.17,0.293,0.422,0.232,0.397,-0.017,-0.083,0.069,0.088,0.396,0.291,0.129,0.247,0.158,0.371,0.31,0.293,-0.026,0.57,0.017,-0.047,0.209,0.384,0.23,0.323,0.417,0.104,0.054,0.211,0.391,0.207,-0.041,0.157,0.188,0.021,0.291,-0.164,0.083,0.151,0.245,-0.161,-0.117,0.285,0.061,0.148,0.309,0.417,-0.196,0.326,-0.16,-0.22,0.132,-0.129,0.204,0.328,-0.21,0.509,0.264,-0.215,0.21,0.625,-0.21,0.224,0.124,0.04,0.034,-0.151,0.481,0.229,-0.045,0.421,0.029,0.151,0.006,-0.06,-0.063,0.143,-0.083,-0.143,0.188,0.003,-0.119,0.425,-0.003,0.226,0.146,0.231,0.326,0.12,0.336,0.032,0.095,0.244,0.336,0.262,0.321,0.099,0.224,0.191,0.316,0.328,0.099,0.172,-0.234,0.362,0.144,0.189,0.13,0.217,0.321,0.568,0.084,0.09,1.0,0.107,0.203,0.385,0.016,0.197,0.164,0.122,0.254,0.246,0.237,-0.018,0.225,-0.034,0.134,0.544,0.184,0.434,-0.133,0.227,-0.096,-0.076,0.536,0.359,0.0,0.131,0.343,0.342,0.212,-0.314,-0.032,0.285,0.394,0.239,0.194,-0.21,0.233,0.407,0.193,0.345,0.442,0.18,0.227,0.001,0.065,-0.155,-0.01,-0.124,0.343,0.214,0.126,-0.301,-0.043,-0.03,0.365,0.441,0.065,-0.036,0.092,0.518,-0.006,0.095,-0.151,0.265,0.519,0.419,0.149,-0.105,-0.151,0.197,0.24,0.113,0.253
NXPI,0.252,0.694,0.395,0.583,0.813,0.472,0.82,0.736,-0.267,0.068,0.64,0.064,0.659,0.691,-0.589,0.645,0.474,0.571,0.597,0.528,0.519,0.488,0.77,0.455,0.762,0.771,0.74,0.129,0.393,0.599,0.55,-0.175,0.52,-0.42,0.647,-0.26,0.536,-0.501,0.223,0.639,0.601,0.625,0.83,0.612,-0.367,0.704,-0.254,-0.342,-0.574,0.229,-0.339,0.387,-0.516,0.506,-0.259,-0.503,0.188,0.014,0.283,0.376,0.515,-0.468,0.413,-0.377,-0.502,0.058,-0.02,0.62,0.325,-0.542,0.505,0.608,-0.636,0.737,0.06,0.583,0.454,-0.551,0.684,0.658,0.103,0.561,0.705,-0.499,0.527,-0.348,0.059,0.74,-0.667,0.381,0.662,-0.253,-0.603,0.738,0.685,-0.357,0.139,0.316,0.069,-0.174,0.378,0.417,0.789,0.712,0.663,-0.401,0.526,0.694,0.669,0.435,0.798,0.71,0.643,0.179,-0.094,-0.535,0.506,0.111,0.031,0.236,0.638,-0.077,0.594,0.666,0.323,0.684,0.736,0.107,1.0,0.411,0.53,0.891,0.464,0.136,0.551,0.041,0.703,0.509,-0.491,0.699,-0.419,0.596,-0.046,-0.542,0.528,0.601,0.729,0.345,-0.68,0.549,0.692,0.247,0.292,-0.121,0.561,0.483,0.356,-0.6,0.171,0.265,0.004,0.484,-0.025,0.838,-0.021,0.681,0.682,0.498,0.673,0.698,0.742,0.448,-0.431,0.691,0.774,0.683,0.846,0.255,-0.456,0.511,0.755,0.172,0.345,0.53,-0.393,-0.488,-0.401,-0.564,0.677,0.038,0.575,-0.178,0.29,0.349,-0.728,-0.604,-0.136,0.712,0.702,0.199
OCGN,0.339,0.54,0.598,0.443,0.392,0.432,0.252,0.398,-0.161,0.223,0.613,0.107,0.505,0.58,-0.415,0.579,0.273,0.522,0.594,0.383,0.18,0.4,0.22,0.82,0.455,0.34,0.357,-0.238,0.636,0.534,0.619,0.094,0.635,-0.46,-0.086,-0.074,0.429,-0.005,0.34,0.579,-0.086,0.207,0.303,0.553,-0.05,0.054,0.235,0.09,-0.303,-0.215,-0.504,0.546,-0.004,0.371,-0.293,-0.28,0.018,-0.295,0.231,0.088,0.366,-0.368,0.109,-0.579,-0.665,-0.068,-0.059,0.22,0.211,-0.522,0.459,0.5,-0.511,0.321,0.262,0.133,0.393,-0.136,0.265,0.278,-0.053,0.668,0.298,-0.651,0.361,-0.461,-0.394,0.293,-0.327,0.261,0.118,-0.526,-0.083,0.318,0.118,-0.669,0.439,0.414,0.609,-0.174,0.166,0.122,0.227,0.254,-0.097,0.174,0.312,0.672,0.305,0.66,0.327,0.409,0.341,0.485,-0.033,-0.314,0.72,0.011,0.099,0.671,0.576,-0.195,0.316,0.627,0.448,0.579,0.393,0.203,0.411,1.0,0.725,0.383,0.188,-0.156,0.422,-0.091,0.261,0.05,-0.232,0.301,-0.476,0.172,0.404,-0.251,0.621,-0.128,0.541,0.276,-0.39,0.653,0.506,-0.385,-0.111,0.242,0.524,0.028,-0.074,-0.542,0.256,0.398,0.093,0.019,0.199,0.421,0.006,0.443,0.479,0.443,0.501,0.415,0.191,-0.087,-0.524,0.08,0.184,0.412,0.416,-0.112,-0.593,0.164,0.363,0.007,-0.008,-0.068,0.203,-0.329,-0.257,-0.33,0.493,-0.523,0.509,0.277,0.091,0.495,-0.556,-0.175,-0.078,0.389,0.181,-0.078
OKTA,0.394,0.73,0.406,0.713,0.487,0.559,0.486,0.524,0.015,0.357,0.532,-0.016,0.699,0.691,-0.595,0.688,0.5,0.736,0.654,0.546,0.348,0.267,0.364,0.81,0.647,0.578,0.591,-0.181,0.622,0.8,0.75,-0.115,0.672,-0.519,0.164,-0.178,0.504,-0.083,0.355,0.694,0.173,0.367,0.442,0.692,-0.2,0.244,0.018,0.032,-0.404,-0.001,-0.49,0.491,-0.147,0.587,-0.139,-0.307,0.299,-0.357,0.396,0.407,0.603,-0.496,0.357,-0.57,-0.691,0.041,-0.234,0.457,0.35,-0.467,0.622,0.745,-0.616,0.598,0.263,0.113,0.466,-0.334,0.389,0.395,0.232,0.706,0.524,-0.509,0.462,-0.369,-0.064,0.348,-0.451,0.56,0.382,-0.35,-0.35,0.558,0.246,-0.598,0.612,0.203,0.547,-0.239,0.422,0.397,0.364,0.456,0.088,0.077,0.454,0.718,0.554,0.674,0.559,0.704,0.376,0.447,0.176,-0.246,0.599,0.198,0.315,0.522,0.628,0.032,0.59,0.638,0.508,0.576,0.377,0.385,0.53,0.725,1.0,0.416,0.459,0.033,0.608,0.011,0.489,0.437,-0.372,0.581,-0.46,0.28,0.471,-0.293,0.703,0.049,0.709,0.323,-0.296,0.73,0.66,-0.09,0.157,0.141,0.623,0.15,0.024,-0.636,0.442,0.425,0.193,0.258,-0.017,0.669,0.248,0.616,0.613,0.724,0.67,0.675,0.407,0.03,-0.439,0.2,0.258,0.641,0.533,0.098,-0.64,0.404,0.474,0.267,0.259,0.237,0.045,-0.273,-0.143,-0.229,0.525,-0.254,0.707,0.333,0.236,0.571,-0.612,-0.417,-0.103,0.589,0.273,0.115
ON,0.213,0.623,0.271,0.514,0.831,0.393,0.689,0.685,-0.322,-0.023,0.622,0.078,0.557,0.589,-0.581,0.544,0.411,0.467,0.61,0.471,0.428,0.528,0.775,0.361,0.656,0.793,0.719,0.174,0.407,0.518,0.495,-0.125,0.468,-0.42,0.509,-0.33,0.549,-0.489,0.187,0.551,0.539,0.619,0.699,0.561,-0.415,0.759,-0.331,-0.389,-0.569,0.226,-0.236,0.394,-0.474,0.452,-0.262,-0.383,0.138,0.008,0.316,0.273,0.488,-0.439,0.316,-0.367,-0.451,0.01,0.047,0.544,0.241,-0.537,0.428,0.521,-0.566,0.707,-0.006,0.599,0.438,-0.44,0.78,0.76,0.111,0.471,0.626,-0.503,0.447,-0.365,-0.051,0.815,-0.559,0.334,0.682,-0.241,-0.622,0.744,0.757,-0.384,0.018,0.376,0.011,-0.167,0.324,0.356,0.815,0.623,0.605,-0.362,0.512,0.609,0.647,0.371,0.707,0.634,0.661,0.201,-0.247,-0.527,0.503,0.123,0.032,0.224,0.583,-0.022,0.507,0.553,0.285,0.726,0.835,0.016,0.891,0.383,0.416,1.0,0.433,0.022,0.481,0.015,0.623,0.416,-0.505,0.638,-0.391,0.544,-0.133,-0.586,0.462,0.554,0.661,0.396,-0.658,0.448,0.621,0.218,0.367,-0.192,0.503,0.444,0.435,-0.601,0.124,0.212,-0.019,0.496,0.047,0.656,-0.076,0.7,0.65,0.467,0.544,0.682,0.584,0.498,-0.372,0.756,0.871,0.668,0.846,0.188,-0.394,0.357,0.754,0.098,0.284,0.431,-0.388,-0.5,-0.54,-0.57,0.762,0.062,0.503,-0.254,0.238,0.287,-0.686,-0.621,-0.114,0.654,0.681,0.215
OPK,0.206,0.471,-0.037,0.34,0.347,0.214,0.354,0.442,0.036,0.181,0.275,-0.13,0.445,0.449,-0.411,0.339,0.333,0.444,0.208,0.284,0.507,0.071,0.426,0.298,0.384,0.573,0.537,-0.174,0.305,0.516,0.428,-0.193,0.319,-0.302,0.311,-0.331,0.249,-0.177,0.111,0.299,0.31,0.26,0.348,0.423,-0.389,0.309,-0.19,-0.129,-0.374,0.082,-0.056,0.386,-0.262,0.456,0.044,-0.428,0.526,-0.108,0.35,0.321,0.427,-0.363,0.229,-0.254,-0.241,-0.145,0.121,0.34,0.125,-0.122,0.255,0.507,-0.297,0.514,-0.059,0.37,0.248,-0.326,0.352,0.354,0.488,0.438,0.389,-0.221,0.23,-0.076,0.165,0.476,-0.412,0.317,0.46,-0.039,-0.249,0.493,0.341,-0.248,0.478,0.078,0.193,-0.16,0.185,0.226,0.405,0.584,0.241,-0.147,0.331,0.438,0.53,0.289,0.576,0.573,0.298,0.111,0.008,0.19,0.197,0.145,0.411,0.018,0.443,0.259,0.534,0.237,0.152,0.338,0.369,0.197,0.464,0.188,0.459,0.433,1.0,0.013,0.548,-0.021,0.409,0.523,-0.411,0.466,-0.334,0.215,0.192,-0.345,0.363,0.326,0.597,0.214,-0.281,0.314,0.462,0.133,0.082,-0.182,0.397,0.372,0.222,-0.403,0.288,0.316,0.166,0.35,-0.161,0.411,0.35,0.411,0.307,0.359,0.485,0.569,0.402,0.265,0.103,0.424,0.442,0.547,0.362,0.206,-0.193,0.6,0.337,0.235,0.304,0.285,-0.206,-0.144,-0.164,-0.187,0.357,0.143,0.532,0.088,-0.005,0.409,-0.382,-0.369,-0.2,0.453,0.439,0.324
PAA,0.506,0.185,0.061,0.136,0.261,0.147,0.368,0.38,-0.046,0.038,0.088,0.047,0.265,-0.092,0.137,0.311,0.349,0.154,0.081,0.146,-0.13,0.093,0.224,0.039,0.344,0.104,0.141,0.528,-0.107,-0.055,-0.089,-0.196,0.142,0.263,-0.01,0.296,-0.01,0.072,0.227,0.231,0.393,0.251,-0.01,0.201,0.345,0.257,0.155,-0.001,-0.076,0.26,-0.223,-0.165,-0.183,-0.075,-0.26,0.02,-0.074,0.231,0.129,0.731,0.184,-0.037,0.308,0.18,-0.095,0.466,-0.259,0.485,0.463,-0.246,0.348,0.292,-0.241,0.201,0.117,-0.162,0.297,-0.178,0.095,0.089,-0.287,0.089,0.428,0.33,0.306,-0.047,0.587,-0.041,-0.185,-0.117,0.204,-0.229,-0.12,0.211,0.339,0.231,0.066,-0.021,-0.217,0.132,0.55,0.551,0.274,-0.022,0.461,-0.082,0.09,0.016,0.051,0.034,0.292,0.071,0.039,0.031,0.528,-0.151,-0.018,-0.217,0.16,-0.082,-0.077,-0.16,0.319,0.225,0.035,-0.031,0.072,0.164,0.136,-0.156,0.033,0.022,0.013,1.0,0.09,0.788,0.436,0.435,-0.077,0.317,0.262,0.451,-0.162,0.261,0.163,-0.096,0.037,-0.091,-0.226,0.072,0.078,0.557,0.314,0.327,0.069,0.037,-0.127,0.107,-0.086,-0.336,0.047,0.603,-0.288,0.052,0.229,0.245,0.345,0.311,-0.004,0.048,-0.119,0.19,-0.245,0.213,-0.015,-0.004,0.212,0.617,-0.178,0.048,-0.096,0.472,0.529,0.009,-0.45,0.03,0.236,-0.135,-0.072,0.101,0.077,0.084,0.585,0.035,-0.188,-0.125,0.256,0.364,0.252,0.11
PACB,0.255,0.652,0.233,0.494,0.404,0.43,0.512,0.59,-0.004,0.14,0.483,-0.047,0.597,0.539,-0.64,0.727,0.388,0.604,0.444,0.56,0.44,0.177,0.429,0.513,0.444,0.629,0.516,-0.272,0.509,0.671,0.625,-0.255,0.472,-0.574,0.326,-0.473,0.428,-0.203,0.126,0.512,0.314,0.388,0.471,0.478,-0.419,0.303,-0.107,-0.238,-0.566,0.014,-0.396,0.439,-0.378,0.515,0.044,-0.466,0.377,-0.277,0.245,0.54,0.508,-0.543,0.323,-0.563,-0.576,-0.203,-0.041,0.522,0.041,-0.32,0.444,0.62,-0.631,0.505,0.029,0.321,0.402,-0.41,0.417,0.417,0.411,0.512,0.545,-0.454,0.393,-0.298,-0.1,0.53,-0.614,0.483,0.422,-0.17,-0.337,0.531,0.46,-0.521,0.366,0.116,0.2,-0.331,0.221,0.151,0.3,0.541,0.236,-0.223,0.413,0.562,0.542,0.442,0.689,0.597,0.359,0.154,0.024,-0.256,0.466,0.224,0.255,0.228,0.673,0.19,0.632,0.483,0.368,0.52,0.498,0.122,0.551,0.422,0.608,0.481,0.548,0.09,1.0,-0.119,0.503,0.446,-0.629,0.491,-0.602,0.326,0.189,-0.585,0.479,0.257,0.635,0.24,-0.453,0.608,0.55,-0.069,0.091,-0.201,0.598,0.221,0.204,-0.685,0.271,0.443,0.102,0.19,-0.142,0.625,0.045,0.621,0.46,0.544,0.565,0.607,0.535,0.225,-0.322,0.426,0.409,0.529,0.432,0.221,-0.531,0.634,0.485,0.127,0.255,0.342,-0.093,-0.238,-0.317,-0.434,0.369,-0.178,0.681,-0.051,0.097,0.655,-0.642,-0.495,-0.329,0.554,0.373,0.029
PAGP,0.353,0.126,0.017,0.083,0.288,0.156,0.236,0.293,-0.062,-0.028,0.104,0.023,0.177,-0.132,0.168,0.082,0.381,0.079,0.137,0.059,-0.167,0.128,0.234,0.005,0.324,0.072,0.164,0.567,0.008,-0.019,-0.042,-0.113,0.238,0.322,-0.076,0.441,0.05,0.136,0.253,0.235,0.252,0.179,-0.031,0.238,0.378,0.268,0.067,0.03,-0.014,0.343,-0.025,-0.191,-0.153,-0.107,-0.296,0.016,0.008,0.24,0.125,0.507,0.272,0.022,0.354,0.23,-0.04,0.507,-0.234,0.36,0.526,-0.194,0.418,0.172,-0.107,0.207,0.187,-0.235,0.33,-0.114,0.131,0.137,-0.329,0.176,0.318,0.277,0.235,-0.02,0.537,-0.059,-0.099,-0.137,0.241,-0.175,-0.182,0.24,0.25,0.249,0.132,0.063,-0.074,0.088,0.604,0.523,0.299,-0.033,0.346,-0.073,0.146,0.077,0.084,-0.005,0.13,0.078,0.056,0.071,0.432,-0.045,-0.085,-0.167,0.118,-0.09,-0.114,-0.123,0.26,0.168,0.068,-0.011,0.111,0.254,0.041,-0.091,0.011,0.015,-0.021,0.788,-0.119,1.0,0.347,0.327,-0.071,0.316,0.319,0.378,-0.157,0.326,0.248,-0.115,0.033,-0.151,-0.092,0.091,0.209,0.546,0.283,0.277,0.006,0.037,-0.094,0.199,-0.158,-0.269,0.002,0.626,-0.283,-0.033,0.285,0.211,0.246,0.3,-0.052,0.058,-0.218,0.186,-0.128,0.187,-0.034,0.072,0.203,0.417,-0.148,-0.104,-0.068,0.377,0.593,0.017,-0.479,0.041,0.188,-0.121,-0.069,0.191,0.013,0.215,0.544,-0.113,-0.046,-0.186,0.362,0.363,0.218,0.137
PANW,0.452,0.654,0.247,0.615,0.714,0.462,0.782,0.734,-0.076,0.065,0.468,-0.027,0.636,0.476,-0.48,0.71,0.612,0.555,0.588,0.447,0.388,0.368,0.677,0.477,0.673,0.655,0.658,0.209,0.401,0.541,0.494,-0.31,0.61,-0.277,0.418,-0.178,0.397,-0.253,0.268,0.704,0.54,0.619,0.539,0.718,-0.217,0.568,-0.264,-0.235,-0.63,0.392,-0.239,0.248,-0.51,0.566,-0.078,-0.534,0.296,0.003,0.302,0.63,0.731,-0.443,0.576,-0.277,-0.436,0.118,-0.203,0.833,0.434,-0.412,0.64,0.709,-0.511,0.686,0.057,0.374,0.681,-0.534,0.591,0.587,0.114,0.564,0.814,-0.256,0.45,-0.331,0.317,0.576,-0.71,0.34,0.669,-0.172,-0.581,0.692,0.641,-0.26,0.251,0.067,0.042,-0.273,0.695,0.509,0.726,0.59,0.655,-0.356,0.547,0.591,0.615,0.407,0.722,0.641,0.483,0.148,0.089,-0.408,0.38,0.088,0.174,0.206,0.575,0.0,0.686,0.683,0.266,0.594,0.593,0.246,0.703,0.261,0.489,0.623,0.409,0.436,0.503,0.347,1.0,0.676,-0.565,0.738,-0.24,0.624,-0.058,-0.38,0.615,0.363,0.617,0.225,-0.572,0.555,0.687,0.377,0.286,-0.072,0.555,0.388,0.388,-0.501,0.062,0.13,-0.042,0.603,-0.162,0.636,0.195,0.715,0.627,0.54,0.54,0.632,0.432,0.408,-0.374,0.607,0.525,0.648,0.723,0.574,-0.461,0.462,0.565,0.322,0.506,0.446,-0.543,-0.371,-0.302,-0.544,0.436,0.086,0.564,-0.03,0.45,0.363,-0.605,-0.646,0.047,0.77,0.67,0.32
PARA,0.445,0.668,-0.034,0.51,0.397,0.41,0.68,0.613,-0.097,0.152,0.155,-0.348,0.728,0.37,-0.398,0.493,0.624,0.616,0.451,0.26,0.575,0.028,0.624,0.309,0.59,0.687,0.637,0.026,0.26,0.57,0.457,-0.433,0.381,-0.324,0.411,-0.276,0.23,-0.078,0.375,0.622,0.624,0.366,0.403,0.599,-0.14,0.354,-0.304,-0.035,-0.481,0.332,-0.308,0.219,-0.459,0.391,0.07,-0.394,0.29,-0.042,0.141,0.621,0.522,-0.408,0.627,-0.3,-0.246,0.003,-0.302,0.752,0.242,-0.282,0.538,0.671,-0.411,0.682,0.083,0.293,0.574,-0.384,0.454,0.465,0.105,0.441,0.678,-0.196,0.504,-0.252,0.372,0.499,-0.53,0.333,0.651,-0.076,-0.471,0.743,0.531,-0.161,0.437,-0.226,-0.041,-0.324,0.547,0.429,0.48,0.464,0.516,-0.267,0.415,0.441,0.594,0.3,0.651,0.748,0.265,0.009,0.146,-0.262,0.068,0.1,0.293,-0.049,0.474,0.039,0.759,0.425,0.259,0.26,0.416,0.237,0.509,0.05,0.437,0.416,0.523,0.435,0.446,0.327,0.676,1.0,-0.483,0.789,-0.155,0.522,0.011,-0.255,0.511,0.27,0.634,-0.032,-0.334,0.434,0.55,0.416,0.381,-0.018,0.459,0.44,0.175,-0.429,0.149,0.069,0.082,0.584,-0.467,0.509,0.161,0.574,0.44,0.634,0.541,0.711,0.347,0.506,-0.284,0.518,0.327,0.496,0.473,0.523,-0.266,0.544,0.385,0.541,0.524,0.372,-0.449,-0.134,-0.057,-0.218,0.205,0.24,0.579,-0.068,0.493,0.257,-0.479,-0.549,-0.141,0.715,0.541,0.123
PCAR,-0.321,-0.476,0.146,-0.236,-0.467,-0.42,-0.492,-0.601,0.169,0.085,-0.209,0.437,-0.519,-0.206,0.7,-0.575,-0.502,-0.469,-0.446,-0.453,-0.44,0.062,-0.573,-0.326,-0.388,-0.647,-0.658,0.197,-0.385,-0.662,-0.64,0.532,-0.414,0.664,-0.464,0.665,-0.335,0.341,-0.016,-0.393,-0.507,-0.263,-0.45,-0.372,0.648,-0.46,0.514,0.551,0.823,-0.246,0.264,-0.049,0.631,-0.364,-0.051,0.58,-0.382,0.26,-0.099,-0.421,-0.567,0.507,-0.553,0.513,0.404,0.347,0.215,-0.577,0.062,0.223,-0.48,-0.5,0.531,-0.66,0.071,-0.398,-0.429,0.638,-0.492,-0.494,-0.389,-0.333,-0.547,0.456,-0.284,0.443,-0.114,-0.603,0.771,-0.533,-0.659,-0.062,0.46,-0.64,-0.636,0.412,-0.135,0.198,0.089,0.661,-0.434,-0.252,-0.375,-0.628,-0.476,0.497,-0.526,-0.416,-0.598,-0.102,-0.616,-0.641,-0.142,0.287,0.392,0.322,-0.1,-0.355,-0.002,0.113,-0.528,-0.012,-0.642,-0.365,-0.28,-0.329,-0.558,-0.018,-0.491,-0.232,-0.372,-0.505,-0.411,-0.077,-0.629,-0.071,-0.565,-0.483,1.0,-0.617,0.457,-0.553,0.138,0.668,-0.415,-0.278,-0.499,-0.121,0.411,-0.449,-0.649,-0.201,-0.167,0.552,-0.515,-0.351,-0.329,0.657,0.047,-0.301,0.343,-0.399,0.461,-0.539,-0.102,-0.556,-0.457,-0.502,-0.512,-0.67,-0.458,-0.515,0.182,-0.587,-0.491,-0.64,-0.484,-0.456,0.365,-0.533,-0.533,-0.068,-0.336,-0.48,0.518,0.323,0.653,0.65,-0.233,-0.221,-0.567,0.421,-0.136,-0.244,0.539,0.694,0.407,-0.596,-0.516,0.015
PDD,0.438,0.731,0.151,0.577,0.676,0.51,0.696,0.752,-0.214,0.164,0.438,-0.204,0.73,0.513,-0.517,0.606,0.643,0.631,0.617,0.443,0.559,0.31,0.755,0.411,0.697,0.813,0.856,0.074,0.401,0.698,0.603,-0.253,0.545,-0.458,0.433,-0.291,0.446,-0.271,0.439,0.664,0.637,0.498,0.584,0.748,-0.242,0.613,-0.292,-0.155,-0.62,0.307,-0.353,0.275,-0.514,0.52,-0.151,-0.435,0.22,-0.059,0.318,0.583,0.584,-0.448,0.562,-0.424,-0.465,0.021,-0.265,0.734,0.338,-0.396,0.597,0.739,-0.607,0.901,0.121,0.331,0.593,-0.517,0.653,0.653,0.072,0.513,0.763,-0.37,0.549,-0.323,0.303,0.639,-0.635,0.408,0.81,-0.209,-0.541,0.948,0.662,-0.351,0.378,0.041,0.066,-0.364,0.602,0.526,0.615,0.581,0.613,-0.317,0.557,0.609,0.627,0.359,0.744,0.874,0.483,0.158,0.055,-0.473,0.336,0.158,0.194,0.153,0.593,-0.011,0.784,0.652,0.369,0.531,0.663,0.225,0.699,0.301,0.581,0.638,0.466,0.317,0.491,0.316,0.738,0.789,-0.617,1.0,-0.219,0.643,0.012,-0.379,0.634,0.329,0.787,0.231,-0.492,0.543,0.712,0.448,0.425,-0.077,0.59,0.502,0.271,-0.623,0.23,0.254,0.005,0.64,-0.289,0.633,0.125,0.761,0.701,0.806,0.621,0.868,0.455,0.473,-0.424,0.639,0.516,0.662,0.694,0.425,-0.477,0.444,0.523,0.432,0.583,0.424,-0.433,-0.333,-0.313,-0.38,0.533,0.196,0.63,-0.068,0.461,0.346,-0.614,-0.621,-0.071,0.865,0.674,0.18
PENN,-0.144,-0.442,-0.194,-0.483,-0.205,-0.295,-0.324,-0.375,-0.087,-0.126,-0.386,0.172,-0.446,-0.514,0.802,-0.516,0.004,-0.508,-0.301,-0.359,-0.169,-0.015,-0.171,-0.493,-0.241,-0.433,-0.353,0.49,-0.488,-0.563,-0.625,0.134,-0.355,0.708,-0.204,0.516,-0.325,0.21,-0.007,-0.354,-0.037,-0.139,-0.35,-0.26,0.443,-0.073,0.072,0.308,0.518,0.132,0.312,-0.332,0.101,-0.573,-0.096,0.31,-0.307,0.652,-0.102,-0.067,-0.326,0.801,-0.115,0.611,0.552,0.415,0.034,-0.199,0.214,0.156,-0.301,-0.329,0.504,-0.267,0.092,-0.295,-0.097,0.34,-0.336,-0.329,-0.438,-0.396,-0.28,0.619,-0.109,0.62,0.272,-0.456,0.368,-0.502,-0.173,-0.004,0.091,-0.288,-0.217,0.672,-0.268,-0.125,-0.338,0.408,-0.047,0.082,-0.118,-0.471,0.051,0.1,-0.277,-0.419,-0.48,-0.345,-0.466,-0.331,-0.285,-0.178,0.199,0.145,-0.404,-0.333,-0.051,-0.353,-0.515,-0.119,-0.438,-0.349,-0.254,-0.488,-0.297,-0.034,-0.419,-0.476,-0.46,-0.391,-0.334,0.262,-0.602,0.319,-0.24,-0.155,0.457,-0.219,1.0,-0.158,-0.276,0.7,-0.2,-0.139,-0.407,-0.289,0.218,-0.469,-0.355,0.303,0.042,0.236,-0.528,0.089,-0.167,0.662,-0.192,-0.411,-0.036,0.022,-0.034,-0.51,0.096,-0.483,-0.268,-0.338,-0.458,-0.363,-0.43,-0.094,0.229,-0.139,-0.307,-0.433,-0.263,0.014,0.408,-0.525,-0.44,-0.009,0.015,-0.252,-0.1,0.315,0.296,0.311,-0.316,0.25,-0.5,0.048,0.098,-0.605,0.664,0.213,0.718,-0.35,-0.247,0.012
PEP,0.601,0.428,0.016,0.304,0.702,0.521,0.753,0.728,-0.395,-0.117,0.298,-0.287,0.47,0.19,-0.42,0.536,0.555,0.321,0.514,0.235,0.179,0.242,0.679,0.318,0.644,0.49,0.67,0.39,0.18,0.358,0.311,-0.366,0.402,-0.344,0.346,-0.272,0.349,-0.203,0.161,0.462,0.809,0.384,0.454,0.384,-0.016,0.625,-0.164,-0.31,-0.602,0.288,-0.402,-0.101,-0.528,0.228,-0.261,-0.374,0.063,0.031,0.143,0.598,0.447,-0.425,0.644,-0.329,-0.451,0.005,-0.271,0.73,0.154,-0.475,0.511,0.485,-0.609,0.616,0.187,0.297,0.519,-0.338,0.493,0.495,-0.144,0.277,0.725,-0.261,0.62,-0.491,0.352,0.453,-0.581,0.112,0.57,-0.298,-0.307,0.657,0.805,-0.127,0.066,-0.038,-0.223,-0.295,0.496,0.571,0.524,0.395,0.798,-0.321,0.329,0.354,0.472,0.189,0.64,0.469,0.275,-0.048,-0.099,-0.475,0.184,-0.088,0.088,0.034,0.394,-0.249,0.501,0.438,0.395,0.331,0.547,0.134,0.596,0.172,0.28,0.544,0.215,0.451,0.326,0.378,0.624,0.522,-0.553,0.643,-0.158,1.0,-0.239,-0.365,0.39,0.169,0.394,-0.005,-0.642,0.367,0.47,0.497,0.22,-0.065,0.338,0.325,0.083,-0.442,-0.046,0.079,-0.183,0.664,-0.355,0.421,-0.066,0.601,0.75,0.446,0.402,0.48,0.274,0.54,-0.445,0.69,0.446,0.422,0.724,0.591,-0.429,0.197,0.377,0.443,0.576,0.296,-0.519,-0.201,-0.265,-0.692,0.217,0.041,0.372,-0.309,0.642,0.096,-0.603,-0.42,-0.158,0.702,0.551,-0.038
PLUG,0.091,0.297,0.396,0.368,-0.024,0.201,-0.068,0.061,0.457,0.498,0.217,0.139,0.293,0.418,-0.14,0.233,-0.079,0.396,0.184,0.051,-0.082,0.057,-0.284,0.464,0.021,-0.002,0.078,-0.31,0.532,0.362,0.394,0.164,0.346,-0.104,-0.321,0.054,0.189,0.235,0.346,0.265,-0.385,-0.021,-0.015,0.273,0.159,-0.315,0.429,0.394,0.16,-0.203,-0.301,0.374,0.431,0.365,0.073,0.034,0.174,-0.3,0.403,-0.01,0.073,-0.189,-0.159,-0.249,-0.339,-0.02,-0.148,-0.134,0.165,0.041,0.17,0.328,-0.242,-0.001,0.268,-0.236,-0.011,0.147,-0.165,-0.15,0.058,0.374,-0.071,-0.321,0.179,-0.024,-0.202,-0.124,0.132,0.189,-0.146,-0.109,0.272,-0.034,-0.338,-0.397,0.648,0.214,0.597,0.092,-0.126,-0.006,-0.207,0.092,-0.449,0.474,0.14,0.264,0.091,0.467,-0.051,0.17,0.201,0.495,0.325,0.18,0.363,0.09,0.314,0.508,0.142,0.175,0.102,0.248,0.295,0.221,-0.14,0.544,-0.046,0.404,0.471,-0.133,0.192,-0.162,0.189,-0.157,-0.058,0.011,0.138,0.012,-0.276,-0.239,1.0,0.193,0.309,-0.37,0.262,0.1,0.201,0.456,0.091,-0.439,-0.139,0.437,0.536,-0.163,-0.378,-0.108,0.626,0.392,0.389,-0.246,0.24,0.11,0.22,0.15,0.131,0.3,0.24,0.118,-0.07,-0.418,-0.176,-0.349,-0.26,0.229,-0.018,-0.291,-0.333,0.104,-0.089,0.216,-0.127,-0.16,0.561,0.106,0.403,0.314,0.153,-0.437,0.313,0.555,-0.071,0.49,-0.136,0.246,-0.003,0.024,-0.152,0.071
PTEN,-0.042,-0.399,0.075,-0.29,-0.38,-0.306,-0.463,-0.464,0.27,0.028,-0.275,0.313,-0.416,-0.355,0.795,-0.435,-0.197,-0.364,-0.382,-0.4,-0.411,-0.042,-0.5,-0.24,-0.281,-0.556,-0.479,0.325,-0.32,-0.505,-0.533,0.264,-0.251,0.727,-0.48,0.674,-0.336,0.394,0.113,-0.279,-0.398,-0.31,-0.487,-0.241,0.621,-0.403,0.479,0.531,0.693,-0.122,0.127,-0.177,0.501,-0.449,-0.119,0.494,-0.295,0.429,-0.008,-0.111,-0.375,0.664,-0.362,0.546,0.336,0.474,-0.059,-0.398,0.319,0.177,-0.294,-0.297,0.42,-0.445,0.189,-0.562,-0.264,0.473,-0.53,-0.533,-0.494,-0.237,-0.468,0.521,-0.167,0.489,0.127,-0.673,0.588,-0.503,-0.485,-0.065,0.437,-0.445,-0.545,0.493,0.105,0.079,-0.035,0.511,-0.099,-0.001,-0.336,-0.606,-0.362,0.413,-0.394,-0.345,-0.566,-0.194,-0.581,-0.416,-0.2,0.142,0.517,0.291,-0.179,-0.329,0.077,-0.017,-0.595,-0.076,-0.431,-0.331,-0.206,-0.433,-0.518,0.184,-0.542,-0.251,-0.293,-0.586,-0.345,0.261,-0.585,0.326,-0.38,-0.255,0.668,-0.379,0.7,-0.365,0.193,1.0,-0.152,-0.434,-0.372,-0.248,0.447,-0.392,-0.494,-0.024,-0.112,0.555,-0.386,-0.273,-0.468,0.695,0.015,-0.397,0.211,-0.181,0.167,-0.533,0.149,-0.497,-0.341,-0.285,-0.476,-0.486,-0.563,-0.486,0.099,-0.534,-0.588,-0.513,-0.458,-0.141,0.206,-0.441,-0.629,0.044,-0.13,-0.443,0.25,0.359,0.652,0.588,-0.364,-0.123,-0.482,0.415,0.067,-0.286,0.586,0.54,0.658,-0.449,-0.42,-0.065
PTON,0.403,0.782,0.497,0.57,0.55,0.622,0.59,0.637,-0.164,0.212,0.491,-0.053,0.726,0.619,-0.332,0.661,0.664,0.648,0.735,0.365,0.404,0.363,0.541,0.749,0.65,0.596,0.595,0.003,0.736,0.698,0.581,-0.242,0.83,-0.36,0.18,-0.072,0.525,-0.093,0.522,0.846,0.246,0.361,0.501,0.832,-0.073,0.221,-0.003,0.096,-0.364,0.076,-0.473,0.486,-0.276,0.365,-0.378,-0.419,0.123,-0.052,0.203,0.445,0.672,-0.312,0.54,-0.507,-0.567,0.067,-0.227,0.558,0.42,-0.623,0.745,0.753,-0.549,0.614,0.416,0.197,0.647,-0.36,0.444,0.449,-0.143,0.859,0.54,-0.526,0.609,-0.35,-0.143,0.394,-0.553,0.289,0.517,-0.54,-0.408,0.627,0.354,-0.503,0.502,0.127,0.39,-0.281,0.434,0.307,0.444,0.41,0.182,-0.055,0.491,0.856,0.533,0.657,0.487,0.731,0.401,0.358,0.06,-0.437,0.475,-0.057,0.146,0.436,0.604,-0.188,0.57,0.73,0.544,0.524,0.555,0.434,0.528,0.621,0.703,0.462,0.363,0.163,0.479,0.248,0.615,0.511,-0.415,0.634,-0.2,0.39,0.309,-0.152,1.0,-0.007,0.78,0.057,-0.523,0.785,0.775,-0.127,0.053,0.238,0.618,0.401,0.051,-0.498,0.204,0.362,-0.037,0.276,-0.1,0.571,0.034,0.549,0.605,0.691,0.683,0.698,0.305,0.168,-0.634,0.339,0.214,0.606,0.576,0.179,-0.625,0.277,0.519,0.21,0.272,0.096,-0.191,-0.434,-0.154,-0.361,0.439,-0.222,0.688,0.184,0.399,0.444,-0.532,-0.476,0.162,0.614,0.296,-0.052
PYPL,-0.197,0.235,-0.077,0.176,0.334,-0.001,0.38,0.205,-0.057,-0.272,0.157,0.11,0.156,0.297,-0.24,0.085,0.23,0.151,0.092,0.254,0.456,0.192,0.533,-0.157,0.323,0.483,0.334,0.09,-0.06,0.25,0.235,-0.191,-0.036,-0.1,0.713,-0.172,0.228,-0.457,-0.184,0.103,0.39,0.451,0.559,0.145,-0.525,0.552,-0.575,-0.474,-0.341,0.408,0.172,0.155,-0.526,0.218,0.099,-0.432,0.324,0.256,0.127,-0.042,0.184,-0.085,0.216,0.103,0.128,0.05,0.191,0.215,0.177,-0.038,0.039,0.088,-0.037,0.417,-0.242,0.658,0.138,-0.418,0.517,0.493,0.345,0.034,0.242,-0.06,-0.024,0.115,0.095,0.633,-0.405,0.314,0.499,0.23,-0.552,0.373,0.411,0.134,-0.177,0.025,-0.308,-0.139,0.153,0.05,0.555,0.568,0.529,-0.566,0.294,0.186,0.4,-0.023,0.403,0.351,0.317,-0.221,-0.196,-0.119,-0.034,0.286,-0.013,-0.321,0.177,0.136,0.264,0.103,-0.108,0.256,0.473,-0.133,0.601,-0.128,0.049,0.554,0.326,-0.096,0.257,-0.115,0.363,0.27,-0.278,0.329,-0.139,0.169,-0.37,-0.434,-0.007,1.0,0.253,0.335,-0.243,0.047,0.366,0.329,0.244,-0.431,0.089,0.463,0.581,-0.18,-0.048,0.039,0.018,0.224,-0.023,0.542,0.144,0.257,0.033,0.015,0.176,0.388,0.654,0.437,0.228,0.595,0.7,0.344,0.331,0.109,0.131,0.336,0.604,-0.225,0.173,0.713,-0.344,-0.144,-0.347,-0.304,0.356,0.472,0.262,-0.308,-0.043,-0.034,-0.145,-0.5,-0.052,0.213,0.53,0.378
QCOM,0.269,0.826,0.443,0.672,0.612,0.52,0.63,0.682,-0.13,0.248,0.654,0.036,0.75,0.756,-0.513,0.634,0.519,0.711,0.657,0.516,0.643,0.463,0.621,0.616,0.663,0.791,0.738,-0.182,0.616,0.789,0.664,-0.148,0.636,-0.463,0.348,-0.255,0.53,-0.312,0.487,0.765,0.341,0.493,0.616,0.822,-0.285,0.405,-0.134,0.009,-0.471,0.061,-0.429,0.605,-0.358,0.607,-0.173,-0.419,0.25,-0.163,0.279,0.396,0.57,-0.459,0.378,-0.467,-0.592,-0.003,-0.09,0.581,0.37,-0.474,0.528,0.818,-0.64,0.743,0.16,0.363,0.487,-0.455,0.533,0.536,0.169,0.747,0.639,-0.624,0.561,-0.312,-0.118,0.575,-0.574,0.471,0.615,-0.329,-0.475,0.813,0.466,-0.493,0.514,0.281,0.397,-0.232,0.303,0.262,0.549,0.546,0.277,-0.184,0.532,0.84,0.647,0.615,0.713,0.915,0.648,0.349,0.033,-0.429,0.601,0.175,0.162,0.435,0.779,0.026,0.681,0.719,0.418,0.701,0.622,0.227,0.729,0.541,0.709,0.661,0.597,0.037,0.635,0.033,0.617,0.634,-0.499,0.787,-0.407,0.394,0.262,-0.372,0.78,0.253,1.0,0.268,-0.481,0.678,0.721,-0.044,0.181,-0.001,0.697,0.465,0.267,-0.617,0.361,0.378,0.081,0.325,0.022,0.687,-0.018,0.688,0.579,0.69,0.786,0.849,0.53,0.237,-0.493,0.485,0.46,0.697,0.654,0.135,-0.607,0.579,0.593,0.219,0.249,0.305,-0.173,-0.457,-0.29,-0.269,0.605,-0.056,0.718,0.085,0.192,0.568,-0.659,-0.55,-0.084,0.718,0.485,0.095
QUBT,-0.068,0.277,0.268,0.354,0.349,0.088,0.046,0.185,0.04,-0.139,0.491,0.346,0.144,0.303,-0.252,0.268,0.006,0.201,0.089,0.261,0.065,0.407,0.14,0.133,0.13,0.286,0.265,-0.055,0.185,0.304,0.274,0.366,0.147,-0.149,0.047,-0.144,0.368,-0.386,-0.006,0.09,-0.035,0.419,0.259,0.303,-0.278,0.433,-0.162,-0.272,-0.221,0.056,-0.004,0.378,-0.088,0.52,-0.132,-0.135,0.082,-0.119,0.331,-0.077,0.086,-0.144,-0.183,-0.073,-0.17,0.047,0.193,0.022,0.21,-0.1,-0.061,0.234,-0.184,0.265,-0.085,0.256,-0.015,-0.299,0.208,0.211,0.399,0.098,0.135,-0.113,-0.144,-0.065,-0.086,0.327,-0.213,0.342,0.248,-0.074,-0.163,0.235,0.15,-0.243,0.023,0.437,0.11,0.011,0.087,0.044,0.303,0.278,0.097,-0.133,0.139,0.124,0.058,0.235,0.239,0.233,0.409,0.204,-0.015,-0.077,0.43,0.258,-0.071,0.338,0.212,0.246,0.187,0.31,0.065,0.492,0.204,-0.096,0.345,0.276,0.323,0.396,0.214,-0.091,0.24,-0.151,0.225,-0.032,-0.121,0.231,-0.289,-0.005,0.1,-0.248,0.057,0.335,0.268,1.0,-0.144,0.117,0.175,0.007,0.136,-0.168,0.278,0.128,0.317,-0.284,0.373,0.13,0.134,0.039,0.504,0.226,0.151,0.349,0.242,0.18,0.046,0.24,0.241,-0.117,0.006,0.162,0.482,0.307,0.275,-0.108,-0.121,0.083,0.275,-0.276,0.061,0.173,0.151,-0.222,-0.256,-0.126,0.521,-0.052,0.261,0.04,-0.27,0.348,-0.16,-0.138,0.007,0.207,0.354,0.416
QVCGA,-0.391,-0.495,-0.316,-0.232,-0.657,-0.54,-0.684,-0.656,0.579,0.056,-0.499,0.032,-0.508,-0.395,0.344,-0.612,-0.466,-0.277,-0.541,-0.223,-0.331,-0.456,-0.658,-0.426,-0.511,-0.471,-0.486,-0.273,-0.359,-0.281,-0.224,0.113,-0.528,0.324,-0.379,0.276,-0.502,0.204,-0.253,-0.562,-0.607,-0.377,-0.63,-0.521,0.104,-0.473,0.054,0.31,0.511,-0.032,0.298,-0.283,0.536,-0.209,0.42,0.502,0.149,-0.149,-0.067,-0.406,-0.341,0.307,-0.428,0.437,0.407,0.099,-0.111,-0.624,-0.101,0.703,-0.446,-0.498,0.519,-0.467,-0.286,-0.489,-0.568,0.339,-0.505,-0.503,0.226,-0.515,-0.641,0.368,-0.579,0.486,0.036,-0.53,0.622,0.046,-0.452,0.574,0.36,-0.548,-0.652,0.294,0.076,-0.176,0.046,0.17,-0.2,-0.296,-0.522,-0.416,-0.592,0.23,-0.239,-0.516,-0.34,-0.469,-0.638,-0.408,-0.354,-0.137,0.219,0.566,-0.449,0.372,0.005,-0.267,-0.591,0.345,-0.425,-0.581,-0.437,-0.526,-0.688,-0.076,-0.68,-0.39,-0.296,-0.658,-0.281,-0.226,-0.453,-0.092,-0.572,-0.334,0.411,-0.492,0.218,-0.642,0.201,0.447,-0.523,-0.243,-0.481,-0.144,1.0,-0.481,-0.514,-0.122,-0.016,0.012,-0.377,-0.472,-0.203,0.484,0.118,-0.289,0.24,-0.384,0.054,-0.456,0.264,-0.529,-0.689,-0.343,-0.449,-0.436,-0.435,-0.511,0.553,-0.655,-0.473,-0.378,-0.692,-0.356,0.356,-0.15,-0.504,-0.129,-0.349,-0.018,0.383,0.426,0.368,0.725,-0.477,0.14,-0.443,0.297,-0.38,-0.207,0.614,0.448,0.039,-0.61,-0.486,0.015
RDFN,0.357,0.796,0.478,0.578,0.525,0.723,0.595,0.64,-0.087,0.302,0.515,-0.093,0.766,0.628,-0.564,0.714,0.577,0.679,0.785,0.382,0.269,0.349,0.469,0.714,0.59,0.54,0.591,-0.11,0.744,0.77,0.754,-0.239,0.819,-0.476,0.232,-0.126,0.619,-0.111,0.421,0.821,0.248,0.42,0.58,0.728,-0.113,0.196,-0.055,-0.059,-0.473,0.189,-0.448,0.48,-0.246,0.542,-0.277,-0.473,0.27,-0.198,0.185,0.402,0.622,-0.521,0.545,-0.564,-0.58,-0.037,-0.174,0.522,0.312,-0.566,0.782,0.677,-0.601,0.56,0.463,0.189,0.502,-0.341,0.439,0.453,0.022,0.832,0.554,-0.589,0.613,-0.434,-0.182,0.426,-0.57,0.34,0.508,-0.401,-0.44,0.559,0.381,-0.554,0.445,0.122,0.447,-0.257,0.283,0.254,0.383,0.563,0.174,-0.111,0.589,0.76,0.594,0.682,0.531,0.637,0.435,0.35,-0.005,-0.317,0.518,-0.003,0.129,0.414,0.697,-0.013,0.614,0.724,0.68,0.547,0.542,0.536,0.549,0.653,0.73,0.448,0.314,0.072,0.608,0.091,0.555,0.434,-0.449,0.543,-0.469,0.367,0.456,-0.392,0.785,0.047,0.678,0.117,-0.481,1.0,0.788,-0.205,0.055,0.132,0.734,0.382,0.078,-0.543,0.342,0.536,-0.008,0.228,-0.109,0.657,0.073,0.648,0.59,0.711,0.69,0.667,0.414,0.232,-0.508,0.339,0.217,0.681,0.566,0.144,-0.589,0.303,0.522,0.212,0.315,0.206,-0.073,-0.304,-0.094,-0.407,0.433,-0.244,0.772,0.22,0.331,0.519,-0.63,-0.516,-0.082,0.579,0.36,0.124
REAL,0.308,0.737,0.232,0.5,0.624,0.614,0.69,0.675,-0.218,0.099,0.407,-0.199,0.705,0.575,-0.588,0.612,0.778,0.586,0.723,0.4,0.466,0.256,0.693,0.606,0.687,0.75,0.753,-0.027,0.64,0.818,0.721,-0.371,0.78,-0.457,0.524,-0.208,0.556,-0.289,0.252,0.725,0.434,0.433,0.707,0.712,-0.365,0.445,-0.415,-0.326,-0.589,0.347,-0.203,0.318,-0.537,0.505,-0.278,-0.642,0.361,-0.044,0.134,0.388,0.713,-0.438,0.714,-0.443,-0.445,0.004,-0.096,0.62,0.335,-0.534,0.782,0.63,-0.499,0.764,0.282,0.461,0.601,-0.58,0.616,0.61,0.152,0.777,0.63,-0.473,0.542,-0.357,0.061,0.661,-0.734,0.43,0.77,-0.289,-0.668,0.724,0.529,-0.366,0.352,-0.028,0.225,-0.458,0.524,0.335,0.634,0.732,0.436,-0.428,0.657,0.779,0.714,0.463,0.623,0.776,0.366,0.075,-0.153,-0.334,0.289,0.114,0.056,0.111,0.652,0.041,0.718,0.666,0.504,0.515,0.674,0.359,0.692,0.506,0.66,0.621,0.462,0.078,0.55,0.209,0.687,0.55,-0.649,0.712,-0.355,0.47,0.091,-0.494,0.775,0.366,0.721,0.175,-0.514,0.788,1.0,0.115,0.174,-0.125,0.568,0.587,0.342,-0.525,0.138,0.402,-0.132,0.445,-0.258,0.754,0.212,0.617,0.562,0.658,0.729,0.831,0.574,0.5,-0.35,0.564,0.514,0.758,0.641,0.274,-0.465,0.371,0.711,0.13,0.465,0.459,-0.444,-0.357,-0.361,-0.548,0.486,0.154,0.701,0.006,0.333,0.293,-0.565,-0.746,-0.077,0.67,0.534,0.157
RIOT,0.257,-0.018,-0.303,0.011,0.378,0.003,0.337,0.318,-0.098,-0.021,-0.041,-0.108,0.057,-0.147,-0.031,0.01,0.318,-0.018,-0.036,0.154,0.126,-0.004,0.411,-0.226,0.317,0.202,0.345,0.514,-0.32,-0.055,-0.111,-0.118,-0.058,0.175,0.303,0.071,-0.036,-0.113,-0.029,-0.058,0.625,0.316,0.123,0.06,0.015,0.613,-0.262,-0.227,-0.167,0.529,0.155,-0.307,-0.373,-0.012,0.035,-0.107,0.111,0.225,0.232,0.478,0.184,-0.04,0.341,0.261,0.141,0.304,-0.135,0.409,0.214,0.101,0.109,0.071,-0.043,0.39,-0.14,0.046,0.245,-0.204,0.305,0.3,0.02,-0.202,0.411,0.441,0.131,0.129,0.86,0.176,-0.224,0.04,0.45,0.216,-0.307,0.355,0.469,0.339,-0.1,-0.109,-0.433,0.043,0.643,0.605,0.455,0.195,0.723,-0.304,0.163,-0.173,0.191,-0.279,0.303,0.143,0.044,-0.175,0.241,-0.095,-0.245,0.05,0.145,-0.414,-0.124,0.062,0.247,0.024,-0.13,-0.041,0.163,0.0,0.247,-0.385,-0.09,0.218,0.133,0.557,-0.069,0.546,0.377,0.416,-0.201,0.448,0.303,0.497,-0.439,-0.024,-0.127,0.329,-0.044,0.007,-0.122,-0.205,0.115,1.0,0.486,-0.096,-0.111,0.217,0.128,0.035,-0.134,-0.211,0.034,0.754,-0.4,0.121,0.314,0.228,0.31,0.174,-0.047,0.144,0.075,0.452,0.102,0.454,0.325,0.154,0.346,0.498,0.13,0.024,0.083,0.458,0.644,0.364,-0.611,0.095,-0.051,-0.187,0.064,0.548,-0.13,-0.151,0.42,-0.264,-0.03,-0.274,0.121,0.417,0.449,0.258
ROKU,0.256,0.184,-0.08,0.245,0.295,0.091,0.326,0.343,0.003,0.24,0.064,-0.08,0.224,0.093,-0.265,0.201,0.215,0.203,0.176,0.202,0.206,0.012,0.339,0.011,0.28,0.353,0.302,0.294,-0.023,0.165,0.122,0.005,0.066,-0.086,0.212,-0.038,0.068,-0.012,0.203,0.152,0.4,0.248,0.151,0.165,-0.053,0.375,-0.172,-0.125,-0.043,0.261,-0.075,-0.087,-0.17,0.163,0.008,0.329,0.089,-0.069,0.17,0.393,0.367,-0.243,0.211,-0.003,-0.117,0.113,-0.24,0.262,0.201,-0.058,0.259,0.152,-0.2,0.4,-0.086,-0.041,0.197,0.02,0.326,0.306,0.119,0.048,0.365,0.021,0.253,0.019,0.386,0.251,0.074,0.21,0.375,0.148,-0.365,0.39,0.343,-0.06,0.01,0.015,-0.123,0.024,0.415,0.533,0.379,0.226,0.378,-0.012,0.193,0.088,0.279,-0.018,0.286,0.259,0.166,0.149,0.172,-0.195,0.051,0.071,0.289,-0.052,0.091,0.188,0.201,0.128,0.053,0.107,0.267,0.131,0.292,-0.111,0.157,0.367,0.082,0.314,0.091,0.283,0.286,0.381,-0.167,0.425,0.042,0.22,-0.139,-0.112,0.053,0.244,0.181,0.136,-0.016,0.055,0.174,0.486,1.0,-0.095,0.104,0.127,0.048,-0.194,0.131,-0.13,0.351,0.529,-0.24,0.256,0.321,0.295,0.34,0.394,0.171,0.306,0.179,0.364,-0.068,0.278,0.27,0.249,0.309,0.251,-0.118,0.156,0.174,0.492,0.318,0.253,-0.266,-0.108,-0.013,0.032,0.366,0.228,0.109,0.066,0.42,-0.071,-0.268,-0.303,-0.0,0.349,0.346,0.258
ROST,0.265,0.122,0.492,0.249,-0.021,0.114,0.015,0.037,0.1,0.377,0.173,0.389,0.143,0.207,0.374,0.023,0.03,0.138,0.091,-0.139,-0.3,0.298,-0.191,0.309,0.149,-0.181,-0.201,0.206,0.177,-0.141,-0.152,0.25,0.184,0.409,-0.422,0.573,0.035,0.376,0.357,0.254,-0.221,0.029,-0.172,0.214,0.698,-0.284,0.605,0.604,0.479,-0.195,-0.311,0.22,0.522,-0.12,-0.303,0.303,-0.33,0.136,0.197,0.14,-0.115,0.153,-0.148,0.118,-0.151,0.534,-0.186,-0.023,0.422,-0.223,0.126,0.167,-0.104,-0.2,0.39,-0.319,0.145,0.395,-0.132,-0.12,-0.605,0.221,-0.024,0.081,0.313,0.04,0.028,-0.281,0.311,-0.298,-0.294,-0.465,0.278,-0.154,-0.254,0.03,0.306,0.265,0.294,0.386,0.058,0.105,-0.066,-0.359,-0.22,0.514,-0.148,0.118,-0.189,0.371,-0.188,-0.154,0.119,0.57,0.591,-0.048,0.284,-0.381,0.281,0.425,-0.151,-0.275,-0.145,0.253,0.169,0.077,-0.157,0.343,-0.121,0.242,0.141,-0.192,-0.182,0.327,-0.201,0.277,-0.072,-0.018,0.552,-0.077,0.236,-0.065,0.437,0.555,0.238,-0.431,-0.001,-0.168,0.012,0.132,-0.125,-0.096,-0.095,1.0,0.069,-0.223,-0.488,0.283,0.175,-0.059,0.35,0.006,0.282,-0.139,-0.008,-0.033,0.156,0.141,-0.019,-0.192,-0.323,-0.368,-0.42,-0.265,-0.367,-0.255,-0.034,-0.109,-0.243,-0.371,-0.203,0.379,0.037,-0.461,0.322,0.116,0.55,0.299,0.094,-0.417,-0.067,0.483,0.322,0.132,0.006,0.416,0.432,0.001,-0.332,-0.146
RUN,0.338,0.711,0.461,0.663,0.543,0.514,0.528,0.638,0.131,0.379,0.599,-0.002,0.736,0.697,-0.616,0.733,0.277,0.72,0.642,0.522,0.351,0.324,0.375,0.597,0.495,0.579,0.566,-0.198,0.77,0.722,0.705,-0.143,0.631,-0.535,0.166,-0.325,0.589,-0.187,0.504,0.69,0.145,0.47,0.505,0.654,-0.275,0.285,0.021,-0.116,-0.498,0.121,-0.537,0.485,-0.201,0.629,-0.004,-0.411,0.289,-0.373,0.459,0.377,0.462,-0.568,0.284,-0.56,-0.676,-0.096,-0.242,0.519,0.238,-0.25,0.596,0.766,-0.742,0.546,0.114,0.263,0.494,-0.431,0.436,0.441,0.182,0.629,0.594,-0.685,0.448,-0.408,-0.099,0.487,-0.524,0.57,0.428,-0.166,-0.283,0.586,0.378,-0.676,0.495,0.255,0.405,-0.299,0.306,0.241,0.312,0.597,0.16,-0.049,0.669,0.64,0.618,0.572,0.581,0.666,0.587,0.359,0.087,-0.329,0.573,0.332,0.192,0.503,0.625,-0.022,0.566,0.727,0.398,0.673,0.525,0.342,0.561,0.524,0.623,0.503,0.397,0.069,0.598,0.006,0.555,0.459,-0.515,0.59,-0.528,0.338,0.536,-0.386,0.618,0.089,0.697,0.278,-0.377,0.734,0.568,-0.111,0.104,0.069,1.0,0.172,0.073,-0.65,0.401,0.441,0.1,0.21,0.046,0.588,0.122,0.745,0.592,0.634,0.611,0.61,0.376,0.132,-0.458,0.345,0.325,0.718,0.576,0.177,-0.659,0.455,0.51,0.242,0.23,0.283,-0.035,-0.399,-0.195,-0.342,0.54,-0.185,0.687,0.12,0.166,0.657,-0.658,-0.397,-0.197,0.65,0.375,0.133
SABR,0.046,0.36,0.03,0.024,0.395,0.44,0.451,0.381,-0.417,-0.058,0.099,-0.181,0.293,0.191,-0.148,0.259,0.625,0.074,0.402,0.003,0.49,0.212,0.552,0.056,0.312,0.491,0.525,0.119,0.135,0.374,0.209,-0.194,0.339,-0.087,0.521,-0.16,0.371,-0.403,0.119,0.316,0.562,0.27,0.618,0.413,-0.248,0.381,-0.455,-0.224,-0.298,0.43,0.045,0.179,-0.513,0.188,-0.294,-0.546,0.052,0.416,-0.133,0.209,0.268,-0.001,0.548,-0.065,0.125,-0.052,0.153,0.395,0.142,-0.373,0.259,0.262,-0.077,0.53,0.346,0.49,0.271,-0.365,0.357,0.355,0.01,0.355,0.374,-0.09,0.39,0.035,0.123,0.472,-0.541,-0.017,0.661,-0.176,-0.523,0.537,0.427,0.111,-0.039,-0.18,-0.261,-0.118,0.086,0.13,0.451,0.5,0.548,-0.524,0.332,0.338,0.309,0.104,0.4,0.525,0.21,-0.235,-0.287,-0.222,-0.018,-0.186,-0.12,-0.207,0.434,0.062,0.385,0.337,0.407,0.155,0.483,0.212,0.483,0.028,0.15,0.444,0.372,0.037,0.221,0.037,0.388,0.44,-0.351,0.502,0.089,0.325,-0.163,-0.273,0.401,0.463,0.465,0.128,-0.472,0.382,0.587,0.217,0.127,-0.223,0.172,1.0,0.299,-0.13,0.089,0.267,-0.298,0.246,-0.217,0.362,0.045,0.231,0.299,0.297,0.395,0.589,0.403,0.5,-0.069,0.534,0.431,0.412,0.409,0.253,0.063,0.127,0.361,-0.033,0.404,0.242,-0.411,-0.148,-0.181,-0.337,0.218,0.374,0.383,-0.278,0.152,-0.148,-0.105,-0.553,0.103,0.347,0.572,0.251
SAVA,-0.208,0.272,-0.164,0.226,0.234,-0.117,0.219,0.144,-0.071,-0.283,0.17,0.07,0.167,0.171,-0.202,0.034,0.129,0.184,0.151,0.239,0.281,0.29,0.473,-0.132,0.201,0.393,0.24,-0.08,0.015,0.213,0.246,-0.176,0.005,-0.138,0.381,-0.185,0.09,-0.481,-0.19,0.169,0.189,0.461,0.282,0.226,-0.463,0.401,-0.618,-0.41,-0.444,0.266,0.273,0.197,-0.497,0.364,0.084,-0.367,0.298,0.064,0.091,-0.055,0.163,-0.095,0.117,0.049,0.088,-0.012,0.228,0.225,0.132,-0.102,0.033,0.139,0.013,0.315,-0.383,0.476,0.085,-0.491,0.493,0.495,0.348,0.071,0.244,-0.074,-0.183,-0.122,-0.09,0.451,-0.398,0.314,0.464,0.116,-0.557,0.35,0.4,0.017,-0.242,0.016,-0.051,-0.323,0.13,-0.169,0.493,0.32,0.258,-0.523,0.292,0.137,0.288,0.037,0.334,0.294,0.356,-0.148,-0.311,-0.107,0.062,0.318,-0.206,-0.082,0.206,0.203,0.312,0.097,-0.225,0.378,0.412,-0.314,0.356,-0.074,0.024,0.435,0.222,-0.127,0.204,-0.094,0.388,0.175,-0.329,0.271,-0.167,0.083,-0.378,-0.468,0.051,0.581,0.267,0.317,-0.203,0.078,0.342,0.128,0.048,-0.488,0.073,0.299,1.0,-0.193,-0.072,-0.103,-0.302,0.166,0.149,0.267,-0.057,0.298,-0.081,0.05,0.175,0.335,0.341,0.315,0.192,0.493,0.532,0.342,0.24,0.088,0.085,0.282,0.525,-0.33,0.006,0.469,-0.357,-0.285,-0.533,-0.238,0.295,0.387,0.216,-0.28,-0.215,0.146,-0.164,-0.556,-0.049,0.201,0.378,0.326
SBUX,-0.327,-0.627,-0.176,-0.57,-0.471,-0.423,-0.5,-0.59,0.121,-0.184,-0.438,0.349,-0.629,-0.535,0.809,-0.729,-0.259,-0.629,-0.585,-0.561,-0.467,-0.107,-0.543,-0.531,-0.518,-0.684,-0.622,0.282,-0.542,-0.672,-0.689,0.2,-0.488,0.912,-0.297,0.671,-0.425,0.262,-0.237,-0.553,-0.356,-0.332,-0.485,-0.512,0.504,-0.383,0.169,0.309,0.747,0.037,0.49,-0.348,0.326,-0.518,-0.01,0.379,-0.252,0.524,-0.222,-0.349,-0.546,0.678,-0.288,0.876,0.676,0.434,0.212,-0.521,0.199,0.337,-0.504,-0.595,0.69,-0.621,0.079,-0.342,-0.457,0.442,-0.527,-0.528,-0.313,-0.452,-0.583,0.657,-0.312,0.569,0.18,-0.59,0.581,-0.565,-0.452,0.152,0.345,-0.647,-0.539,0.847,-0.241,-0.089,-0.224,0.524,-0.293,-0.24,-0.301,-0.575,-0.246,0.125,-0.456,-0.59,-0.581,-0.404,-0.68,-0.645,-0.351,-0.197,0.248,0.437,-0.465,-0.303,-0.166,-0.355,-0.682,0.009,-0.588,-0.531,-0.335,-0.536,-0.568,-0.032,-0.6,-0.542,-0.636,-0.601,-0.403,0.107,-0.685,0.199,-0.501,-0.429,0.657,-0.623,0.662,-0.442,-0.108,0.695,-0.498,-0.18,-0.617,-0.284,0.484,-0.543,-0.525,0.035,-0.194,0.283,-0.65,-0.13,-0.193,1.0,-0.233,-0.427,0.015,-0.242,0.224,-0.603,0.077,-0.669,-0.6,-0.63,-0.574,-0.648,-0.478,-0.254,0.435,-0.411,-0.494,-0.628,-0.563,-0.185,0.563,-0.555,-0.538,-0.172,-0.182,-0.339,0.109,0.523,0.524,0.522,-0.496,0.248,-0.662,0.166,-0.148,-0.564,0.747,0.482,0.493,-0.661,-0.424,0.029
SFIX,0.032,0.384,0.304,0.386,0.139,0.116,0.03,0.114,0.243,0.293,0.327,0.135,0.271,0.312,-0.196,0.279,0.001,0.339,0.131,0.185,0.081,0.22,-0.015,0.239,0.117,0.201,0.301,-0.183,0.3,0.417,0.335,0.217,0.238,-0.149,-0.063,-0.053,0.193,-0.123,0.209,0.188,-0.094,0.245,0.182,0.278,0.081,0.074,0.124,0.111,-0.029,-0.002,-0.153,0.365,0.17,0.567,0.032,0.053,0.209,-0.171,0.306,0.09,0.111,-0.155,-0.076,-0.163,-0.255,0.038,0.076,0.036,0.116,-0.049,0.031,0.373,-0.212,0.219,0.102,-0.135,-0.076,-0.005,0.005,0.019,0.314,0.224,0.122,-0.147,0.132,0.058,-0.091,0.021,0.013,0.253,0.163,-0.153,0.043,0.224,-0.007,-0.253,0.359,0.284,0.312,0.144,-0.042,0.063,0.087,0.16,-0.164,0.113,0.106,0.23,0.138,0.314,0.17,0.312,0.33,0.349,0.235,0.113,0.376,0.135,0.18,0.353,0.24,0.559,0.289,0.193,0.244,0.272,-0.015,0.285,0.171,0.256,0.442,0.124,0.288,-0.086,0.271,-0.158,0.062,0.149,0.047,0.23,-0.192,-0.046,0.626,0.015,0.204,-0.048,0.361,0.373,0.118,0.342,0.138,-0.134,0.131,0.175,0.401,0.089,-0.072,-0.233,1.0,0.237,0.326,-0.023,0.223,0.2,0.199,0.307,0.175,0.343,0.223,0.303,0.158,-0.25,-0.082,-0.095,0.052,0.231,0.127,-0.159,-0.227,0.161,0.004,0.158,0.034,0.029,0.419,0.167,0.191,0.207,0.257,-0.236,0.388,0.299,-0.081,0.462,-0.154,0.036,0.016,0.203,0.079,0.192
SGMO,-0.048,0.344,0.296,0.242,0.229,0.627,0.23,0.312,-0.115,0.304,0.314,-0.12,0.325,0.376,-0.465,0.353,0.268,0.263,0.405,0.236,0.316,0.146,0.143,0.398,0.11,0.307,0.369,-0.261,0.462,0.529,0.441,0.095,0.483,-0.373,0.114,-0.262,0.608,-0.111,0.077,0.355,0.071,0.16,0.358,0.399,-0.281,0.034,0.014,0.012,-0.236,0.133,-0.114,0.325,-0.04,0.34,-0.018,-0.415,0.263,-0.154,0.118,0.073,0.341,-0.35,0.279,-0.463,-0.317,-0.262,0.103,0.183,-0.13,-0.177,0.253,0.295,-0.342,0.305,0.467,0.156,0.193,-0.069,0.199,0.22,0.223,0.421,0.23,-0.408,0.322,-0.106,-0.19,0.299,-0.35,0.294,0.227,-0.054,-0.157,0.29,0.084,-0.449,0.268,0.125,0.272,-0.11,-0.036,-0.04,0.024,0.416,-0.008,-0.074,0.284,0.382,0.286,0.364,0.239,0.349,0.205,0.204,-0.133,-0.062,0.359,0.053,0.113,0.228,0.579,0.101,0.303,0.4,0.631,0.296,0.28,0.394,0.265,0.398,0.425,0.212,0.316,-0.336,0.443,-0.269,0.13,0.069,-0.301,0.254,-0.411,0.079,0.392,-0.397,0.362,0.039,0.378,0.13,-0.289,0.536,0.402,-0.211,-0.13,-0.059,0.441,0.267,-0.103,-0.427,0.237,1.0,0.038,-0.06,-0.088,0.311,0.018,0.303,0.338,0.35,0.366,0.391,0.276,0.079,-0.178,0.152,0.132,0.386,0.266,-0.169,-0.292,0.188,0.31,0.069,0.239,0.057,0.157,-0.039,-0.071,-0.245,0.255,-0.112,0.392,0.115,-0.082,0.28,-0.24,-0.236,-0.194,0.279,0.232,0.095
SIRI,0.152,0.044,0.16,0.31,-0.042,-0.115,-0.022,0.08,0.436,0.296,0.151,0.279,0.025,0.304,0.021,0.007,-0.078,0.191,-0.114,0.045,0.067,0.041,-0.148,0.149,0.095,0.004,-0.063,-0.021,0.052,0.035,0.058,0.261,-0.069,0.141,-0.185,0.254,-0.031,0.431,0.205,0.01,-0.138,0.063,-0.152,0.04,0.279,-0.058,0.354,0.432,0.403,-0.109,-0.159,0.161,0.324,0.122,0.246,0.35,0.152,-0.138,0.394,0.104,0.094,-0.127,-0.224,0.095,-0.177,0.179,-0.178,-0.125,0.21,0.25,-0.025,0.097,-0.103,-0.05,-0.064,-0.13,0.075,0.465,-0.052,-0.058,0.134,0.057,-0.01,0.001,0.169,0.284,0.148,-0.031,0.417,0.098,-0.168,0.115,0.224,-0.038,-0.197,-0.07,0.41,0.287,0.292,0.296,0.021,0.275,-0.038,-0.067,-0.145,0.491,-0.084,0.036,0.078,0.208,0.023,0.002,0.132,0.514,0.552,0.141,0.219,0.052,0.607,0.211,-0.045,0.239,-0.095,-0.011,-0.043,0.069,-0.086,0.239,0.004,0.093,0.193,-0.019,0.166,0.047,0.102,0.002,-0.042,0.082,0.343,0.005,-0.036,-0.183,0.389,0.211,-0.037,0.018,0.081,0.134,0.24,-0.008,-0.132,0.034,0.351,0.35,0.1,-0.298,-0.302,0.015,0.326,0.038,1.0,0.102,0.147,0.085,0.292,0.113,0.026,0.077,0.036,-0.03,0.001,-0.181,-0.014,-0.133,-0.064,-0.06,-0.032,-0.155,-0.19,0.109,-0.096,0.398,0.03,0.051,0.394,0.219,0.435,0.387,0.216,-0.187,0.035,0.563,0.201,0.261,-0.079,0.276,0.054,0.024,-0.054,0.148
SLM,0.555,0.354,-0.102,0.304,0.592,0.272,0.59,0.682,-0.154,0.078,0.255,-0.143,0.42,0.179,-0.305,0.337,0.551,0.317,0.329,0.302,0.214,0.188,0.669,0.192,0.652,0.469,0.561,0.439,0.069,0.274,0.249,-0.259,0.304,-0.07,0.307,-0.006,0.213,-0.074,0.248,0.371,0.675,0.468,0.298,0.378,-0.009,0.652,-0.237,-0.257,-0.368,0.407,-0.145,-0.066,-0.388,0.221,-0.179,-0.157,0.208,0.052,0.301,0.659,0.506,-0.353,0.487,-0.024,-0.27,0.281,-0.173,0.62,0.374,-0.258,0.486,0.42,-0.402,0.601,-0.002,0.153,0.472,-0.277,0.548,0.555,0.004,0.258,0.658,0.036,0.487,-0.216,0.646,0.386,-0.377,0.16,0.596,-0.078,-0.469,0.606,0.708,0.018,0.144,0.049,-0.143,-0.101,0.716,0.726,0.665,0.384,0.693,-0.193,0.388,0.233,0.487,0.117,0.581,0.418,0.282,0.134,0.183,-0.24,0.093,-0.02,0.32,-0.117,0.193,-0.007,0.497,0.309,0.131,0.257,0.492,0.194,0.484,0.019,0.258,0.496,0.35,0.603,0.19,0.626,0.603,0.584,-0.399,0.64,0.022,0.664,-0.246,-0.181,0.276,0.224,0.325,0.039,-0.384,0.228,0.445,0.754,0.529,0.006,0.21,0.246,0.166,-0.242,-0.023,-0.06,0.102,1.0,-0.392,0.369,0.272,0.563,0.569,0.47,0.33,0.436,0.208,0.606,-0.186,0.649,0.43,0.443,0.606,0.559,-0.267,0.21,0.339,0.612,0.672,0.339,-0.663,-0.127,-0.153,-0.351,0.352,0.352,0.253,-0.039,0.648,0.022,-0.455,-0.507,0.025,0.672,0.532,0.216
SMCI,-0.312,-0.061,0.477,0.168,0.048,-0.218,-0.249,-0.21,0.118,-0.054,0.458,0.786,-0.197,0.257,0.265,-0.157,-0.421,-0.077,-0.131,-0.033,-0.243,0.596,-0.299,0.045,-0.191,-0.239,-0.29,-0.047,0.098,-0.187,-0.169,0.579,-0.096,0.318,-0.315,0.274,0.091,-0.096,0.023,-0.078,-0.51,0.201,-0.065,0.057,0.211,-0.051,0.29,0.168,0.332,-0.339,0.085,0.409,0.303,0.232,-0.083,0.236,-0.248,0.029,0.247,-0.431,-0.336,0.217,-0.583,0.265,-0.045,0.278,0.3,-0.326,0.275,0.013,-0.378,-0.004,0.073,-0.315,-0.087,-0.014,-0.212,0.152,-0.097,-0.09,-0.036,-0.039,-0.213,-0.097,-0.218,0.089,-0.399,-0.139,0.291,-0.079,-0.31,-0.209,0.222,-0.247,-0.296,0.003,-0.025,0.629,0.337,0.381,-0.351,-0.351,0.006,-0.258,-0.339,0.275,-0.158,-0.026,-0.27,0.259,-0.216,-0.224,0.409,0.436,0.13,0.012,0.491,0.009,-0.139,0.59,-0.053,-0.002,-0.357,0.124,-0.17,0.473,-0.094,-0.21,-0.025,0.199,-0.017,0.047,-0.161,-0.288,-0.142,-0.283,-0.162,-0.467,0.461,-0.289,-0.034,-0.355,0.24,0.167,-0.1,-0.023,0.022,0.504,0.054,-0.109,-0.258,-0.4,-0.24,0.282,0.046,-0.217,0.149,0.224,0.223,-0.088,0.147,-0.392,1.0,-0.157,-0.207,-0.014,-0.115,-0.28,-0.142,-0.278,-0.093,-0.503,-0.029,-0.192,-0.002,-0.133,-0.029,-0.457,-0.052,-0.255,-0.01,-0.373,-0.434,-0.272,0.508,-0.123,0.024,0.241,0.342,-0.334,-0.137,0.201,-0.425,0.242,0.1,0.343,0.285,-0.214,-0.226,0.165
SNDL,0.262,0.687,0.319,0.601,0.591,0.46,0.746,0.644,-0.015,0.16,0.482,-0.04,0.677,0.721,-0.659,0.638,0.518,0.686,0.547,0.579,0.513,0.241,0.637,0.57,0.742,0.696,0.64,-0.091,0.464,0.736,0.703,-0.387,0.523,-0.519,0.736,-0.273,0.456,-0.355,0.162,0.648,0.467,0.489,0.808,0.567,-0.435,0.482,-0.305,-0.321,-0.529,0.205,-0.404,0.321,-0.48,0.508,-0.063,-0.483,0.343,-0.184,0.229,0.367,0.606,-0.531,0.494,-0.429,-0.532,0.031,-0.208,0.547,0.305,-0.378,0.599,0.631,-0.613,0.685,0.05,0.453,0.443,-0.578,0.598,0.57,0.243,0.596,0.61,-0.54,0.483,-0.315,0.057,0.615,-0.638,0.559,0.606,-0.09,-0.602,0.634,0.498,-0.416,0.308,0.082,0.166,-0.318,0.44,0.347,0.602,0.739,0.458,-0.342,0.555,0.72,0.774,0.421,0.715,0.726,0.459,0.133,-0.021,-0.449,0.374,0.252,0.098,0.155,0.575,-0.044,0.581,0.609,0.319,0.553,0.588,0.233,0.838,0.421,0.669,0.656,0.411,0.052,0.625,-0.033,0.636,0.509,-0.539,0.633,-0.51,0.421,0.11,-0.533,0.571,0.542,0.687,0.226,-0.456,0.657,0.754,0.121,0.256,-0.139,0.588,0.362,0.267,-0.603,0.2,0.311,0.085,0.369,-0.157,1.0,0.102,0.618,0.548,0.552,0.772,0.708,0.86,0.395,-0.383,0.521,0.539,0.696,0.653,0.246,-0.503,0.574,0.759,0.162,0.261,0.65,-0.326,-0.42,-0.318,-0.447,0.561,0.083,0.662,-0.059,0.301,0.41,-0.681,-0.622,-0.225,0.622,0.47,0.096
SONO,0.161,0.001,-0.102,0.076,0.055,0.004,-0.021,0.06,0.411,0.235,-0.072,-0.008,0.053,-0.025,-0.064,0.04,0.233,0.125,-0.011,0.128,0.001,-0.143,-0.049,0.114,0.074,0.04,0.114,0.121,-0.007,0.186,0.194,-0.047,0.151,0.126,0.025,0.165,0.01,0.083,-0.068,-0.013,-0.04,0.085,-0.052,0.087,-0.121,0.064,-0.113,-0.103,0.003,0.351,0.138,-0.047,-0.022,0.208,0.161,-0.023,0.55,-0.007,0.322,0.19,0.321,-0.007,0.148,0.17,0.06,0.202,-0.063,0.084,0.347,0.183,0.214,0.084,0.07,0.206,-0.023,-0.16,0.098,-0.055,0.009,-0.002,0.362,0.098,0.107,0.232,-0.097,0.289,0.465,0.007,0.04,0.222,0.155,0.239,-0.105,0.046,-0.085,0.078,0.364,-0.041,0.051,0.026,0.43,0.332,0.179,0.37,0.072,-0.045,0.25,-0.039,0.12,-0.055,0.002,0.066,-0.036,0.021,0.315,0.529,-0.075,0.189,0.415,-0.163,-0.094,0.341,0.183,0.019,-0.025,-0.055,-0.057,0.407,-0.021,0.006,0.248,-0.076,0.35,0.229,0.045,0.285,0.195,0.161,-0.102,0.125,0.096,-0.066,0.22,0.149,0.034,0.144,-0.018,0.151,0.264,0.073,0.212,0.314,0.321,-0.008,0.122,0.045,-0.057,0.077,0.199,0.018,0.292,0.272,-0.207,0.102,1.0,0.069,0.045,0.148,-0.048,0.13,-0.017,0.048,0.455,-0.033,0.019,0.273,-0.005,0.173,0.024,0.169,-0.027,0.229,0.309,0.238,-0.138,0.202,0.166,0.059,0.058,0.276,0.076,0.419,0.082,0.002,0.11,-0.122,0.148,0.081,0.184,0.535
STNE,0.46,0.707,0.281,0.722,0.732,0.515,0.7,0.764,-0.074,0.136,0.678,0.015,0.669,0.633,-0.649,0.696,0.498,0.633,0.681,0.537,0.344,0.502,0.608,0.501,0.669,0.696,0.714,0.065,0.52,0.687,0.651,-0.222,0.549,-0.477,0.279,-0.275,0.598,-0.232,0.353,0.691,0.457,0.654,0.538,0.671,-0.188,0.594,-0.129,-0.247,-0.605,0.251,-0.432,0.382,-0.435,0.651,-0.062,-0.378,0.272,-0.228,0.452,0.559,0.538,-0.617,0.446,-0.45,-0.677,0.047,-0.225,0.74,0.312,-0.405,0.613,0.763,-0.762,0.703,0.071,0.307,0.597,-0.442,0.723,0.732,0.165,0.533,0.792,-0.518,0.558,-0.492,0.125,0.61,-0.568,0.489,0.647,-0.225,-0.47,0.824,0.7,-0.479,0.363,0.3,0.177,-0.263,0.499,0.423,0.574,0.515,0.464,-0.184,0.581,0.561,0.701,0.471,0.766,0.671,0.636,0.388,0.089,-0.444,0.59,0.234,0.229,0.4,0.659,0.032,0.699,0.659,0.396,0.768,0.733,0.193,0.681,0.443,0.616,0.7,0.411,0.245,0.621,0.211,0.715,0.574,-0.556,0.761,-0.483,0.601,0.15,-0.497,0.549,0.257,0.688,0.349,-0.529,0.648,0.617,0.228,0.295,-0.033,0.745,0.231,0.298,-0.669,0.307,0.303,0.113,0.563,-0.014,0.618,0.069,1.0,0.706,0.69,0.577,0.715,0.403,0.391,-0.466,0.651,0.512,0.663,0.75,0.369,-0.649,0.4,0.603,0.345,0.482,0.395,-0.238,-0.301,-0.318,-0.488,0.639,-0.004,0.661,-0.02,0.414,0.558,-0.787,-0.578,-0.172,0.833,0.584,0.177
STX,0.611,0.596,0.372,0.518,0.835,0.686,0.725,0.805,-0.309,0.252,0.581,-0.041,0.63,0.506,-0.534,0.724,0.517,0.498,0.677,0.443,0.203,0.426,0.585,0.615,0.671,0.568,0.722,0.317,0.474,0.524,0.432,-0.082,0.672,-0.416,0.206,-0.219,0.604,-0.166,0.395,0.619,0.604,0.448,0.534,0.648,-0.042,0.588,0.087,-0.157,-0.476,0.149,-0.491,0.243,-0.322,0.399,-0.406,-0.266,-0.003,-0.122,0.413,0.616,0.551,-0.489,0.469,-0.503,-0.66,0.068,-0.253,0.656,0.296,-0.586,0.633,0.683,-0.751,0.689,0.357,0.161,0.549,-0.284,0.541,0.53,-0.122,0.542,0.733,-0.418,0.699,-0.462,0.226,0.46,-0.509,0.217,0.55,-0.448,-0.335,0.685,0.651,-0.474,0.252,0.267,0.15,-0.105,0.499,0.667,0.548,0.467,0.595,-0.038,0.438,0.586,0.509,0.491,0.659,0.572,0.464,0.365,0.077,-0.552,0.558,-0.107,0.232,0.403,0.559,-0.222,0.485,0.713,0.586,0.604,0.612,0.345,0.682,0.479,0.613,0.65,0.307,0.345,0.46,0.246,0.627,0.44,-0.457,0.701,-0.268,0.75,0.131,-0.341,0.605,0.033,0.579,0.242,-0.689,0.59,0.562,0.31,0.34,0.156,0.592,0.299,-0.081,-0.6,0.175,0.338,0.026,0.569,-0.115,0.548,0.045,0.706,1.0,0.693,0.549,0.58,0.322,0.341,-0.644,0.541,0.434,0.6,0.838,0.402,-0.617,0.159,0.442,0.488,0.521,0.129,-0.277,-0.394,-0.21,-0.562,0.615,-0.194,0.5,0.006,0.56,0.338,-0.713,-0.385,-0.035,0.762,0.502,0.084
TCOM,0.458,0.79,0.233,0.664,0.534,0.607,0.53,0.646,-0.054,0.34,0.41,-0.199,0.787,0.483,-0.549,0.653,0.58,0.728,0.677,0.472,0.286,0.23,0.532,0.542,0.638,0.716,0.724,-0.019,0.555,0.736,0.692,-0.217,0.66,-0.51,0.151,-0.176,0.508,-0.155,0.435,0.705,0.397,0.395,0.418,0.737,-0.137,0.373,-0.098,-0.01,-0.496,0.232,-0.455,0.361,-0.204,0.495,-0.289,-0.228,0.236,-0.246,0.33,0.603,0.591,-0.534,0.472,-0.557,-0.543,0.052,-0.347,0.551,0.331,-0.482,0.726,0.706,-0.634,0.757,0.316,0.048,0.441,-0.377,0.546,0.54,0.017,0.599,0.591,-0.375,0.514,-0.366,0.093,0.453,-0.48,0.399,0.642,-0.289,-0.462,0.766,0.484,-0.552,0.447,0.087,0.298,-0.27,0.513,0.473,0.409,0.466,0.277,-0.112,0.526,0.64,0.584,0.475,0.587,0.736,0.419,0.338,0.176,-0.363,0.41,0.115,0.247,0.29,0.527,0.041,0.723,0.625,0.54,0.457,0.516,0.442,0.498,0.443,0.724,0.467,0.359,0.311,0.544,0.3,0.54,0.634,-0.502,0.806,-0.338,0.446,0.3,-0.285,0.691,0.015,0.69,0.18,-0.343,0.711,0.658,0.174,0.394,0.141,0.634,0.297,0.05,-0.63,0.343,0.35,0.077,0.47,-0.28,0.552,0.148,0.69,0.693,1.0,0.539,0.767,0.274,0.229,-0.49,0.361,0.292,0.648,0.543,0.283,-0.566,0.304,0.379,0.426,0.512,0.255,-0.204,-0.341,-0.103,-0.224,0.493,-0.096,0.682,0.196,0.438,0.526,-0.601,-0.505,-0.097,0.718,0.434,0.164
TGTX,0.344,0.669,0.338,0.562,0.478,0.502,0.708,0.711,-0.168,0.336,0.443,-0.178,0.69,0.772,-0.605,0.599,0.526,0.666,0.59,0.393,0.577,0.199,0.546,0.673,0.636,0.646,0.594,-0.264,0.591,0.736,0.641,-0.366,0.542,-0.518,0.5,-0.33,0.384,-0.196,0.359,0.687,0.4,0.336,0.638,0.597,-0.273,0.266,-0.169,-0.086,-0.392,-0.019,-0.504,0.352,-0.351,0.484,-0.066,-0.407,0.204,-0.232,0.157,0.404,0.573,-0.499,0.507,-0.505,-0.611,-0.078,-0.273,0.551,0.194,-0.383,0.566,0.708,-0.641,0.598,0.122,0.412,0.513,-0.422,0.507,0.508,0.16,0.702,0.627,-0.687,0.647,-0.419,0.009,0.504,-0.55,0.484,0.526,-0.234,-0.421,0.633,0.396,-0.468,0.467,-0.014,0.334,-0.396,0.299,0.28,0.425,0.538,0.3,-0.094,0.493,0.733,0.703,0.517,0.678,0.76,0.348,0.248,-0.087,-0.454,0.385,0.127,0.158,0.323,0.675,-0.127,0.527,0.665,0.394,0.529,0.542,0.18,0.673,0.501,0.67,0.544,0.485,-0.004,0.565,-0.052,0.54,0.541,-0.512,0.621,-0.458,0.402,0.24,-0.476,0.683,0.176,0.786,0.046,-0.449,0.69,0.729,-0.047,0.171,-0.019,0.611,0.395,0.175,-0.574,0.223,0.366,0.036,0.33,-0.142,0.772,-0.048,0.577,0.549,0.539,1.0,0.723,0.624,0.359,-0.519,0.442,0.323,0.609,0.578,0.197,-0.587,0.552,0.636,0.328,0.185,0.308,-0.231,-0.415,-0.318,-0.335,0.491,0.002,0.646,-0.055,0.284,0.387,-0.703,-0.512,-0.224,0.641,0.346,-0.103
TIGR,0.334,0.782,0.122,0.557,0.595,0.557,0.646,0.677,-0.228,0.111,0.381,-0.249,0.724,0.589,-0.6,0.607,0.705,0.645,0.691,0.448,0.61,0.245,0.718,0.493,0.651,0.896,0.884,-0.105,0.505,0.871,0.75,-0.401,0.599,-0.563,0.502,-0.382,0.541,-0.35,0.308,0.67,0.506,0.438,0.63,0.723,-0.457,0.491,-0.406,-0.218,-0.633,0.294,-0.303,0.388,-0.522,0.531,-0.172,-0.522,0.323,-0.074,0.248,0.418,0.601,-0.455,0.601,-0.485,-0.456,-0.088,-0.165,0.613,0.257,-0.472,0.607,0.712,-0.564,0.916,0.177,0.469,0.483,-0.546,0.691,0.685,0.232,0.618,0.609,-0.518,0.53,-0.33,0.028,0.746,-0.659,0.519,0.838,-0.223,-0.595,0.906,0.601,-0.412,0.41,-0.015,0.125,-0.435,0.425,0.333,0.583,0.658,0.441,-0.377,0.619,0.717,0.725,0.398,0.702,0.931,0.445,0.097,-0.15,-0.385,0.325,0.235,0.138,0.097,0.672,0.098,0.804,0.577,0.471,0.511,0.728,0.227,0.698,0.415,0.675,0.682,0.569,0.048,0.607,0.058,0.632,0.711,-0.67,0.868,-0.363,0.48,0.118,-0.486,0.698,0.388,0.849,0.24,-0.436,0.667,0.831,0.144,0.306,-0.192,0.61,0.589,0.335,-0.648,0.303,0.391,-0.03,0.436,-0.278,0.708,0.13,0.715,0.58,0.767,0.723,1.0,0.553,0.482,-0.351,0.619,0.574,0.735,0.627,0.288,-0.453,0.504,0.663,0.221,0.393,0.466,-0.317,-0.301,-0.374,-0.374,0.551,0.204,0.765,-0.091,0.302,0.372,-0.615,-0.688,-0.162,0.684,0.639,0.138
TLRY,0.011,0.469,0.165,0.342,0.404,0.293,0.579,0.449,-0.147,0.029,0.333,-0.045,0.446,0.557,-0.54,0.427,0.318,0.421,0.296,0.374,0.551,0.164,0.546,0.264,0.475,0.575,0.472,-0.137,0.275,0.546,0.463,-0.281,0.267,-0.438,0.892,-0.381,0.329,-0.389,0.003,0.384,0.451,0.335,0.844,0.313,-0.499,0.414,-0.399,-0.432,-0.458,0.071,-0.174,0.208,-0.494,0.403,-0.013,-0.442,0.235,-0.061,0.054,0.154,0.374,-0.35,0.329,-0.332,-0.311,-0.104,0.02,0.379,0.077,-0.272,0.307,0.388,-0.416,0.509,-0.051,0.531,0.252,-0.512,0.462,0.438,0.312,0.386,0.444,-0.423,0.309,-0.194,-0.015,0.566,-0.533,0.408,0.487,-0.034,-0.506,0.489,0.408,-0.239,0.059,0.019,-0.012,-0.304,0.142,0.151,0.47,0.668,0.416,-0.386,0.358,0.509,0.543,0.225,0.615,0.57,0.333,-0.037,-0.207,-0.307,0.222,0.176,0.02,-0.007,0.485,0.045,0.434,0.371,0.195,0.403,0.495,0.001,0.742,0.191,0.407,0.584,0.402,-0.119,0.535,-0.218,0.432,0.347,-0.458,0.455,-0.43,0.274,-0.07,-0.563,0.305,0.654,0.53,0.241,-0.435,0.414,0.574,0.075,0.179,-0.323,0.376,0.403,0.341,-0.478,0.158,0.276,0.001,0.208,-0.093,0.86,-0.017,0.403,0.322,0.274,0.624,0.553,1.0,0.401,-0.172,0.5,0.541,0.483,0.466,0.129,-0.268,0.546,0.67,-0.011,0.152,0.548,-0.261,-0.33,-0.377,-0.402,0.471,0.171,0.507,-0.271,0.065,0.238,-0.489,-0.531,-0.275,0.432,0.383,0.07
TMUS,0.286,0.226,-0.297,-0.035,0.397,0.279,0.577,0.479,-0.387,-0.142,-0.041,-0.435,0.342,0.086,-0.388,0.212,0.53,0.118,0.322,0.054,0.396,-0.051,0.634,0.063,0.365,0.432,0.485,0.234,0.039,0.252,0.215,-0.473,0.21,-0.289,0.588,-0.351,0.218,-0.061,0.049,0.257,0.699,0.19,0.454,0.18,-0.269,0.463,-0.52,-0.504,-0.44,0.356,0.028,-0.149,-0.672,0.083,-0.026,-0.347,0.19,0.11,-0.118,0.312,0.334,-0.312,0.637,-0.167,-0.036,-0.168,0.087,0.538,-0.082,-0.265,0.409,0.181,-0.191,0.528,0.028,0.457,0.419,-0.293,0.501,0.481,0.048,0.199,0.514,-0.128,0.451,-0.272,0.314,0.553,-0.414,0.072,0.625,0.001,-0.526,0.535,0.63,0.061,-0.089,-0.328,-0.357,-0.336,0.343,0.335,0.495,0.521,0.652,-0.445,0.369,0.163,0.505,0.031,0.455,0.38,0.039,-0.287,-0.347,-0.253,-0.176,-0.084,0.058,-0.376,0.274,-0.07,0.435,0.131,0.164,0.099,0.563,0.065,0.448,-0.087,0.03,0.498,0.265,0.19,0.225,0.186,0.408,0.506,-0.515,0.473,-0.094,0.54,-0.418,-0.486,0.168,0.437,0.237,-0.117,-0.511,0.232,0.5,0.452,0.364,-0.368,0.132,0.5,0.315,-0.254,-0.25,0.079,-0.181,0.606,-0.503,0.395,0.048,0.391,0.341,0.229,0.359,0.482,0.401,1.0,-0.053,0.695,0.429,0.39,0.46,0.426,0.032,0.207,0.469,0.282,0.425,0.395,-0.67,-0.081,-0.305,-0.461,0.223,0.515,0.237,-0.43,0.479,-0.182,-0.36,-0.598,-0.256,0.455,0.487,0.055
TRIP,-0.506,-0.539,-0.563,-0.475,-0.439,-0.535,-0.561,-0.572,0.316,-0.185,-0.476,-0.029,-0.538,-0.522,0.273,-0.646,-0.339,-0.429,-0.562,-0.245,-0.162,-0.354,-0.347,-0.615,-0.508,-0.366,-0.349,-0.061,-0.537,-0.369,-0.24,0.052,-0.553,0.301,-0.022,0.087,-0.408,-0.062,-0.557,-0.656,-0.29,-0.214,-0.363,-0.534,-0.211,-0.135,-0.321,-0.156,0.184,0.175,0.629,-0.278,0.115,-0.128,0.402,0.125,0.426,0.108,-0.084,-0.45,-0.292,0.323,-0.283,0.495,0.647,-0.042,0.352,-0.461,-0.165,0.585,-0.495,-0.554,0.643,-0.299,-0.387,-0.079,-0.524,0.101,-0.307,-0.314,0.452,-0.558,-0.468,0.49,-0.67,0.55,0.134,-0.211,0.353,-0.097,-0.186,0.592,0.108,-0.42,-0.326,0.458,-0.172,-0.186,-0.213,0.142,-0.258,-0.306,-0.196,0.031,-0.184,-0.198,-0.188,-0.583,-0.278,-0.531,-0.427,-0.418,-0.299,-0.444,-0.142,0.812,-0.533,0.203,-0.019,-0.558,-0.468,0.414,-0.291,-0.629,-0.491,-0.448,-0.412,-0.155,-0.431,-0.524,-0.439,-0.372,0.103,-0.245,-0.322,-0.128,-0.374,-0.284,0.182,-0.424,0.229,-0.445,-0.176,0.099,-0.634,0.228,-0.493,0.006,0.553,-0.508,-0.35,0.102,-0.068,-0.42,-0.458,-0.069,0.192,0.435,-0.082,-0.178,-0.014,-0.186,-0.029,-0.383,0.455,-0.466,-0.644,-0.49,-0.519,-0.351,-0.172,-0.053,1.0,-0.206,-0.065,-0.177,-0.498,-0.203,0.647,-0.024,-0.335,-0.295,-0.16,0.164,-0.008,0.35,0.065,0.306,-0.362,0.446,-0.368,0.034,-0.505,-0.321,0.614,0.155,-0.029,-0.514,-0.112,0.452
TSCO,0.354,0.472,-0.068,0.293,0.685,0.393,0.693,0.707,-0.366,-0.215,0.372,-0.061,0.442,0.368,-0.361,0.368,0.566,0.329,0.474,0.33,0.416,0.429,0.876,0.127,0.633,0.661,0.632,0.293,0.176,0.418,0.373,-0.418,0.273,-0.278,0.569,-0.311,0.466,-0.367,0.084,0.43,0.736,0.604,0.597,0.439,-0.326,0.722,-0.482,-0.476,-0.601,0.391,-0.158,0.154,-0.71,0.247,-0.192,-0.505,0.164,0.217,0.28,0.387,0.364,-0.278,0.508,-0.187,-0.253,0.07,-0.054,0.628,0.24,-0.409,0.373,0.478,-0.489,0.681,0.02,0.62,0.485,-0.423,0.797,0.812,0.066,0.244,0.631,-0.311,0.486,-0.281,0.192,0.729,-0.636,0.252,0.734,-0.15,-0.598,0.732,0.895,-0.067,-0.047,0.058,-0.295,-0.292,0.358,0.324,0.709,0.547,0.771,-0.443,0.473,0.368,0.609,0.163,0.714,0.562,0.479,-0.005,-0.242,-0.41,0.176,0.091,0.154,-0.138,0.417,-0.139,0.481,0.364,0.252,0.483,0.844,-0.01,0.691,0.08,0.2,0.756,0.424,0.213,0.426,0.187,0.607,0.518,-0.587,0.639,-0.139,0.69,-0.349,-0.534,0.339,0.595,0.485,0.162,-0.655,0.339,0.564,0.454,0.278,-0.265,0.345,0.534,0.493,-0.411,-0.095,0.152,-0.133,0.649,-0.192,0.521,-0.033,0.651,0.541,0.361,0.442,0.619,0.5,0.695,-0.206,1.0,0.733,0.538,0.717,0.469,-0.268,0.265,0.7,0.174,0.462,0.505,-0.55,-0.283,-0.476,-0.657,0.514,0.348,0.487,-0.439,0.394,0.072,-0.523,-0.678,-0.07,0.598,0.635,0.165
TSLA,0.041,0.451,0.049,0.366,0.678,0.198,0.498,0.506,-0.242,-0.192,0.426,0.056,0.35,0.402,-0.472,0.367,0.327,0.303,0.39,0.45,0.357,0.37,0.718,0.104,0.545,0.755,0.642,0.158,0.212,0.412,0.435,-0.146,0.254,-0.352,0.523,-0.341,0.426,-0.611,-0.059,0.268,0.469,0.588,0.584,0.366,-0.571,0.792,-0.5,-0.509,-0.586,0.34,-0.022,0.267,-0.47,0.352,-0.185,-0.464,0.245,0.082,0.301,0.131,0.323,-0.302,0.214,-0.214,-0.225,0.022,0.136,0.386,0.158,-0.317,0.228,0.319,-0.383,0.643,-0.177,0.703,0.241,-0.531,0.686,0.667,0.279,0.199,0.433,-0.279,0.163,-0.163,0.016,0.837,-0.576,0.372,0.642,-0.026,-0.585,0.59,0.711,-0.217,-0.092,0.26,-0.161,-0.199,0.278,0.242,0.739,0.647,0.616,-0.521,0.457,0.404,0.531,0.122,0.607,0.514,0.528,-0.057,-0.309,-0.332,0.239,0.282,-0.033,-0.069,0.383,0.082,0.438,0.357,0.089,0.518,0.704,-0.124,0.774,0.184,0.258,0.871,0.442,-0.015,0.409,-0.034,0.525,0.327,-0.491,0.516,-0.307,0.446,-0.26,-0.588,0.214,0.7,0.46,0.482,-0.473,0.217,0.514,0.325,0.27,-0.367,0.325,0.431,0.532,-0.494,0.052,0.132,-0.064,0.43,-0.002,0.539,0.019,0.512,0.434,0.292,0.323,0.574,0.541,0.429,-0.065,0.733,1.0,0.586,0.666,0.161,-0.179,0.342,0.673,-0.084,0.269,0.581,-0.427,-0.407,-0.572,-0.545,0.602,0.228,0.387,-0.329,0.035,0.183,-0.452,-0.564,-0.148,0.455,0.701,0.318
TTD,0.228,0.674,0.188,0.569,0.724,0.488,0.582,0.652,0.035,0.189,0.474,-0.132,0.658,0.578,-0.657,0.56,0.483,0.643,0.667,0.57,0.423,0.288,0.637,0.516,0.653,0.665,0.78,-0.036,0.58,0.748,0.739,-0.283,0.665,-0.543,0.395,-0.329,0.553,-0.387,0.273,0.61,0.372,0.569,0.587,0.678,-0.502,0.59,-0.385,-0.336,-0.635,0.387,-0.207,0.393,-0.424,0.623,-0.112,-0.504,0.516,-0.273,0.397,0.32,0.676,-0.545,0.449,-0.463,-0.442,-0.066,-0.094,0.506,0.284,-0.294,0.649,0.611,-0.515,0.788,0.06,0.305,0.411,-0.557,0.604,0.596,0.339,0.6,0.581,-0.481,0.355,-0.307,0.036,0.568,-0.638,0.57,0.715,-0.025,-0.624,0.681,0.553,-0.53,0.365,0.158,0.283,-0.291,0.487,0.402,0.643,0.815,0.394,-0.299,0.801,0.642,0.759,0.442,0.599,0.755,0.583,0.184,-0.162,-0.221,0.368,0.377,0.134,0.197,0.566,0.112,0.614,0.581,0.332,0.607,0.608,0.343,0.683,0.412,0.641,0.668,0.547,-0.004,0.529,0.072,0.648,0.496,-0.64,0.662,-0.433,0.422,0.229,-0.513,0.606,0.344,0.697,0.307,-0.378,0.681,0.758,0.154,0.249,-0.255,0.718,0.412,0.342,-0.628,0.231,0.386,-0.06,0.443,-0.133,0.696,0.273,0.663,0.6,0.648,0.609,0.735,0.483,0.39,-0.177,0.538,0.586,1.0,0.755,0.158,-0.403,0.475,0.659,0.164,0.296,0.562,-0.362,-0.505,-0.361,-0.423,0.568,0.095,0.608,0.033,0.164,0.44,-0.551,-0.663,-0.176,0.624,0.58,0.396
TXN,0.393,0.627,0.345,0.559,0.961,0.587,0.808,0.785,-0.302,0.071,0.657,0.044,0.607,0.562,-0.536,0.612,0.531,0.498,0.733,0.525,0.363,0.579,0.76,0.5,0.774,0.631,0.768,0.331,0.428,0.541,0.471,-0.151,0.609,-0.366,0.408,-0.2,0.61,-0.361,0.313,0.668,0.635,0.693,0.667,0.669,-0.176,0.786,-0.189,-0.26,-0.557,0.317,-0.349,0.289,-0.5,0.452,-0.293,-0.415,0.13,-0.033,0.375,0.455,0.588,-0.466,0.486,-0.377,-0.532,0.133,-0.134,0.7,0.349,-0.558,0.581,0.647,-0.647,0.736,0.192,0.337,0.585,-0.385,0.66,0.662,-0.011,0.526,0.777,-0.448,0.632,-0.391,0.139,0.565,-0.613,0.329,0.667,-0.313,-0.595,0.74,0.763,-0.365,0.126,0.345,0.084,-0.078,0.5,0.597,0.796,0.575,0.695,-0.243,0.587,0.61,0.656,0.465,0.706,0.658,0.645,0.286,-0.08,-0.569,0.536,0.077,0.074,0.331,0.619,-0.125,0.5,0.661,0.435,0.717,0.715,0.214,0.846,0.416,0.533,0.846,0.362,0.212,0.432,0.203,0.723,0.473,-0.484,0.694,-0.263,0.724,-0.018,-0.458,0.576,0.331,0.654,0.275,-0.692,0.566,0.641,0.346,0.309,-0.034,0.576,0.409,0.24,-0.563,0.127,0.266,-0.032,0.606,-0.029,0.653,-0.005,0.75,0.838,0.543,0.578,0.627,0.466,0.46,-0.498,0.717,0.666,0.755,1.0,0.3,-0.5,0.266,0.672,0.305,0.417,0.393,-0.399,-0.461,-0.372,-0.621,0.643,-0.007,0.48,-0.132,0.434,0.256,-0.678,-0.601,-0.028,0.756,0.629,0.215
UAL,0.713,0.169,-0.231,0.12,0.287,0.286,0.501,0.409,-0.149,-0.049,0.001,-0.261,0.269,-0.038,-0.224,0.456,0.484,0.146,0.217,0.182,0.11,-0.056,0.371,0.102,0.368,0.318,0.318,0.298,-0.076,0.176,0.105,-0.512,0.158,-0.112,0.28,-0.132,0.066,-0.039,0.04,0.254,0.58,0.14,0.229,0.193,-0.052,0.263,-0.127,-0.293,-0.434,0.346,-0.217,-0.264,-0.472,0.093,-0.073,-0.302,0.037,0.128,0.06,0.664,0.309,-0.242,0.535,-0.049,-0.198,0.059,-0.35,0.64,0.155,-0.239,0.383,0.415,-0.359,0.322,0.048,0.218,0.396,-0.371,0.309,0.302,-0.007,0.072,0.556,0.019,0.322,-0.268,0.572,0.232,-0.457,0.042,0.385,-0.063,-0.231,0.397,0.546,0.084,-0.003,-0.289,-0.372,-0.227,0.516,0.461,0.289,0.213,0.585,-0.291,0.211,0.143,0.38,-0.104,0.573,0.254,-0.004,-0.195,0.172,-0.219,-0.056,-0.079,0.168,-0.209,0.197,-0.144,0.421,0.202,0.165,0.051,0.293,0.126,0.255,-0.112,0.098,0.188,0.206,0.617,0.221,0.417,0.574,0.523,-0.456,0.425,0.014,0.591,-0.291,-0.141,0.179,0.109,0.135,-0.108,-0.356,0.144,0.274,0.498,0.251,-0.109,0.177,0.253,0.088,-0.185,-0.159,-0.169,-0.155,0.559,-0.457,0.246,0.173,0.369,0.402,0.283,0.197,0.288,0.129,0.426,-0.203,0.469,0.161,0.158,0.3,1.0,-0.258,0.204,0.114,0.339,0.585,0.233,-0.587,-0.012,-0.079,-0.45,-0.023,0.271,0.336,-0.193,0.56,-0.069,-0.37,-0.426,-0.079,0.467,0.395,0.032
UNIT,-0.519,-0.502,-0.505,-0.676,-0.462,-0.525,-0.538,-0.613,-0.02,-0.379,-0.597,-0.072,-0.478,-0.638,0.492,-0.687,-0.361,-0.503,-0.647,-0.465,-0.151,-0.357,-0.311,-0.655,-0.617,-0.497,-0.388,0.044,-0.642,-0.548,-0.512,0.153,-0.547,0.427,-0.059,0.099,-0.476,0.069,-0.408,-0.624,-0.12,-0.29,-0.395,-0.495,0.002,-0.201,-0.239,-0.022,0.308,0.127,0.709,-0.199,0.031,-0.395,0.193,0.136,-0.095,0.32,-0.261,-0.52,-0.464,0.468,-0.245,0.522,0.933,-0.085,0.439,-0.528,-0.304,0.413,-0.614,-0.678,0.897,-0.373,-0.206,-0.114,-0.511,0.257,-0.387,-0.388,0.032,-0.554,-0.601,0.655,-0.594,0.431,0.071,-0.29,0.323,-0.398,-0.152,0.369,0.161,-0.506,-0.354,0.569,-0.49,-0.279,-0.386,0.246,-0.316,-0.311,-0.185,-0.281,-0.108,-0.135,-0.386,-0.68,-0.484,-0.421,-0.582,-0.506,-0.471,-0.511,-0.245,0.432,-0.609,-0.108,-0.263,-0.587,-0.571,0.208,-0.345,-0.706,-0.464,-0.585,-0.471,-0.301,-0.456,-0.593,-0.64,-0.394,-0.193,-0.178,-0.531,-0.148,-0.461,-0.266,0.365,-0.477,0.408,-0.429,-0.333,0.206,-0.625,0.131,-0.607,-0.121,0.356,-0.589,-0.465,0.13,-0.118,-0.243,-0.659,0.063,0.085,0.563,-0.227,-0.292,-0.19,-0.267,-0.052,-0.503,0.024,-0.649,-0.617,-0.566,-0.587,-0.453,-0.268,0.032,0.647,-0.268,-0.179,-0.403,-0.5,-0.258,1.0,-0.327,-0.331,-0.334,-0.283,-0.129,0.047,0.387,0.117,0.39,-0.448,0.376,-0.512,-0.225,-0.41,-0.509,0.717,0.274,0.107,-0.588,-0.116,0.195
VERU,0.087,0.442,0.059,0.423,0.182,0.117,0.419,0.424,0.165,0.206,0.249,-0.203,0.475,0.435,-0.555,0.465,0.163,0.559,0.192,0.484,0.615,-0.09,0.345,0.283,0.352,0.541,0.399,-0.384,0.233,0.524,0.523,-0.294,0.169,-0.51,0.471,-0.466,0.082,-0.239,0.079,0.36,0.251,0.224,0.371,0.3,-0.524,0.194,-0.209,-0.171,-0.485,-0.015,-0.277,0.261,-0.329,0.439,0.302,-0.35,0.518,-0.35,0.139,0.34,0.437,-0.48,0.202,-0.378,-0.381,-0.287,-0.123,0.416,-0.007,-0.012,0.253,0.464,-0.43,0.445,-0.321,0.339,0.212,-0.469,0.276,0.266,0.513,0.337,0.436,-0.422,0.142,-0.183,0.066,0.416,-0.435,0.547,0.308,0.185,-0.269,0.448,0.272,-0.398,0.415,-0.011,0.16,-0.368,0.216,0.141,0.259,0.555,0.187,-0.211,0.359,0.404,0.493,0.186,0.616,0.571,0.259,-0.017,0.003,-0.04,0.203,0.386,0.216,0.062,0.496,0.153,0.558,0.28,-0.015,0.302,0.279,-0.043,0.511,0.164,0.404,0.357,0.6,0.048,0.634,-0.104,0.462,0.544,-0.533,0.444,-0.525,0.197,0.104,-0.441,0.277,0.336,0.579,0.083,-0.15,0.303,0.371,0.024,0.156,-0.371,0.455,0.127,0.282,-0.555,0.161,0.188,0.109,0.21,-0.255,0.574,0.169,0.4,0.159,0.304,0.552,0.504,0.546,0.207,-0.024,0.265,0.342,0.475,0.266,0.204,-0.327,1.0,0.382,0.201,0.071,0.469,-0.223,-0.316,-0.301,-0.192,0.19,0.065,0.495,-0.074,-0.037,0.457,-0.518,-0.409,-0.451,0.448,0.417,0.093
VKTX,0.117,0.652,0.229,0.54,0.604,0.425,0.674,0.626,-0.206,-0.085,0.48,0.035,0.604,0.662,-0.533,0.448,0.465,0.591,0.56,0.536,0.497,0.4,0.735,0.433,0.633,0.683,0.57,-0.044,0.468,0.679,0.589,-0.339,0.461,-0.435,0.607,-0.309,0.574,-0.433,0.107,0.633,0.402,0.638,0.672,0.585,-0.53,0.536,-0.481,-0.406,-0.538,0.296,-0.207,0.432,-0.596,0.384,-0.135,-0.531,0.218,-0.078,0.278,0.144,0.485,-0.41,0.467,-0.348,-0.355,0.056,-0.073,0.478,0.247,-0.426,0.465,0.526,-0.47,0.645,0.004,0.602,0.471,-0.519,0.779,0.785,0.208,0.505,0.509,-0.551,0.354,-0.383,-0.128,0.727,-0.648,0.625,0.655,-0.135,-0.675,0.607,0.595,-0.382,0.056,0.14,0.054,-0.408,0.392,0.151,0.688,0.599,0.414,-0.373,0.597,0.587,0.685,0.414,0.588,0.64,0.506,0.133,-0.254,-0.485,0.347,0.363,0.016,0.124,0.509,-0.112,0.501,0.505,0.262,0.627,0.747,-0.03,0.755,0.363,0.474,0.754,0.337,-0.096,0.485,-0.068,0.565,0.385,-0.533,0.523,-0.44,0.377,-0.089,-0.629,0.519,0.604,0.593,0.275,-0.504,0.522,0.711,0.083,0.174,-0.203,0.51,0.361,0.525,-0.538,0.004,0.31,-0.096,0.339,-0.01,0.759,-0.027,0.603,0.442,0.379,0.636,0.663,0.67,0.469,-0.335,0.7,0.673,0.659,0.672,0.114,-0.331,0.382,1.0,-0.049,0.131,0.547,-0.301,-0.474,-0.555,-0.53,0.64,0.218,0.571,-0.292,0.14,0.266,-0.567,-0.681,-0.152,0.512,0.465,0.071
VLY,0.59,0.217,0.017,0.312,0.232,0.256,0.455,0.508,0.035,0.531,0.02,-0.256,0.366,0.202,-0.228,0.286,0.267,0.302,0.24,0.01,0.148,-0.079,0.231,0.298,0.375,0.203,0.316,0.221,0.126,0.144,0.111,-0.11,0.224,-0.071,0.005,-0.008,-0.01,0.348,0.41,0.297,0.431,0.074,0.021,0.218,0.323,0.102,0.217,0.236,-0.009,0.028,-0.334,-0.117,0.067,0.162,0.077,0.181,0.1,-0.202,0.252,0.626,0.365,-0.38,0.322,-0.168,-0.358,0.068,-0.382,0.453,0.134,-0.05,0.397,0.35,-0.39,0.312,0.123,-0.166,0.4,0.181,0.165,0.174,-0.133,0.234,0.505,-0.031,0.586,-0.178,0.567,0.049,0.037,0.014,0.166,-0.068,0.02,0.34,0.258,-0.102,0.442,-0.123,0.099,-0.02,0.425,0.618,0.162,0.127,0.324,0.318,0.121,0.134,0.26,0.19,0.327,0.24,0.06,0.354,0.375,-0.081,0.076,-0.198,0.571,0.118,0.142,-0.032,0.28,0.257,0.213,0.055,0.114,0.365,0.172,0.007,0.267,0.098,0.235,0.472,0.127,0.377,0.322,0.541,-0.068,0.432,-0.009,0.443,0.216,0.044,0.21,-0.225,0.219,-0.276,-0.129,0.212,0.13,0.458,0.492,0.379,0.242,-0.033,-0.33,-0.172,0.158,0.069,0.398,0.612,-0.373,0.162,0.229,0.345,0.488,0.426,0.328,0.221,-0.011,0.282,-0.295,0.174,-0.084,0.164,0.305,0.339,-0.334,0.201,-0.049,1.0,0.445,-0.033,-0.171,0.099,0.301,0.038,0.129,-0.029,0.122,0.225,0.677,0.12,-0.409,0.008,-0.104,0.479,0.144,-0.025
VOD,0.424,0.297,-0.018,0.268,0.445,0.542,0.519,0.507,-0.202,0.15,0.204,-0.197,0.336,0.111,-0.306,0.388,0.628,0.142,0.376,0.149,0.131,0.129,0.431,0.112,0.459,0.435,0.484,0.379,0.14,0.302,0.164,-0.108,0.399,-0.032,0.248,0.066,0.411,-0.06,0.174,0.34,0.598,0.27,0.4,0.373,0.08,0.446,-0.11,-0.152,-0.288,0.548,-0.075,-0.099,-0.312,0.247,-0.219,-0.353,0.174,0.191,0.104,0.672,0.402,-0.275,0.602,-0.102,-0.212,0.191,-0.149,0.619,0.253,-0.278,0.523,0.327,-0.369,0.452,0.383,0.13,0.459,-0.246,0.377,0.377,-0.034,0.288,0.626,0.13,0.446,-0.105,0.618,0.321,-0.43,0.033,0.491,-0.113,-0.385,0.561,0.489,0.065,0.164,-0.051,-0.183,-0.083,0.569,0.544,0.36,0.368,0.589,-0.338,0.34,0.227,0.375,0.015,0.538,0.355,0.197,0.024,0.323,-0.103,0.053,-0.125,0.215,-0.122,0.32,0.089,0.516,0.375,0.458,0.159,0.362,0.441,0.345,-0.008,0.259,0.284,0.304,0.529,0.255,0.593,0.506,0.524,-0.336,0.583,0.015,0.576,-0.127,-0.13,0.272,0.173,0.249,0.061,-0.349,0.315,0.465,0.644,0.318,0.037,0.23,0.404,0.006,-0.182,0.034,0.239,0.03,0.672,-0.434,0.261,0.309,0.482,0.521,0.512,0.185,0.393,0.152,0.425,-0.16,0.462,0.269,0.296,0.417,0.585,-0.283,0.071,0.131,0.445,1.0,0.232,-0.513,0.078,0.108,-0.39,0.143,0.279,0.257,0.112,0.549,-0.008,-0.255,-0.468,0.054,0.658,0.514,0.244
VTRS,-0.014,0.312,-0.171,0.355,0.367,0.063,0.425,0.292,0.268,-0.125,0.119,-0.109,0.277,0.283,-0.439,0.192,0.322,0.367,0.235,0.48,0.362,0.026,0.514,0.004,0.512,0.499,0.455,-0.019,0.039,0.453,0.53,-0.468,0.065,-0.321,0.603,-0.205,0.185,-0.418,-0.168,0.198,0.365,0.481,0.435,0.181,-0.534,0.55,-0.59,-0.428,-0.481,0.522,-0.044,-0.023,-0.47,0.318,0.272,-0.403,0.607,-0.085,0.203,0.158,0.373,-0.312,0.359,-0.063,-0.111,0.064,-0.162,0.329,0.178,0.124,0.295,0.238,-0.252,0.52,-0.29,0.412,0.163,-0.519,0.473,0.447,0.443,0.045,0.361,-0.169,0.052,0.058,0.201,0.5,-0.47,0.572,0.546,0.471,-0.602,0.429,0.465,-0.045,0.057,-0.094,-0.145,-0.278,0.393,0.211,0.483,0.632,0.471,-0.564,0.512,0.254,0.66,-0.065,0.442,0.474,0.323,-0.232,-0.096,-0.14,-0.084,0.582,0.014,-0.325,0.189,0.186,0.37,0.149,-0.091,0.208,0.373,0.065,0.53,-0.068,0.237,0.431,0.285,0.009,0.342,0.017,0.446,0.372,-0.48,0.424,-0.252,0.296,-0.16,-0.443,0.096,0.713,0.305,0.173,-0.018,0.206,0.459,0.364,0.253,-0.461,0.283,0.242,0.469,-0.339,0.029,0.057,0.051,0.339,-0.272,0.65,0.238,0.395,0.129,0.255,0.308,0.466,0.548,0.395,0.164,0.505,0.581,0.562,0.393,0.233,-0.129,0.469,0.547,-0.033,0.232,1.0,-0.44,-0.181,-0.299,-0.275,0.221,0.439,0.327,-0.176,0.112,0.156,-0.262,-0.586,-0.229,0.32,0.454,0.276
VXRT,-0.217,-0.139,0.219,0.006,-0.402,-0.164,-0.493,-0.39,0.244,0.077,0.006,0.281,-0.228,0.06,0.227,-0.201,-0.506,-0.062,-0.228,-0.23,-0.236,0.045,-0.567,0.022,-0.427,-0.398,-0.372,-0.351,0.051,-0.092,-0.093,0.466,-0.2,0.062,-0.509,0.085,-0.087,0.325,0.047,-0.2,-0.58,-0.246,-0.359,-0.18,0.299,-0.52,0.477,0.474,0.415,-0.493,-0.065,0.255,0.518,-0.01,0.121,0.352,-0.24,-0.197,0.125,-0.452,-0.393,0.141,-0.543,-0.058,0.015,-0.14,0.003,-0.557,-0.176,0.196,-0.407,-0.18,0.165,-0.435,0.079,-0.326,-0.33,0.555,-0.396,-0.362,-0.011,-0.138,-0.506,-0.11,-0.198,0.1,-0.497,-0.384,0.513,-0.072,-0.532,-0.114,0.6,-0.42,-0.576,-0.174,0.138,0.247,0.355,0.229,-0.585,-0.371,-0.539,-0.456,-0.665,0.62,-0.361,-0.189,-0.425,0.173,-0.425,-0.298,-0.081,0.386,0.127,0.226,0.232,0.019,0.137,0.422,-0.134,0.147,-0.375,-0.22,0.038,-0.04,-0.389,-0.036,-0.393,0.203,0.045,-0.388,-0.206,-0.45,-0.093,-0.479,-0.543,-0.449,0.518,-0.433,-0.1,-0.519,0.561,0.25,-0.191,-0.344,-0.173,0.151,0.383,-0.073,-0.444,-0.611,-0.266,0.322,-0.035,-0.411,-0.357,0.109,0.419,0.157,0.394,-0.663,0.508,-0.326,-0.138,-0.238,-0.277,-0.204,-0.231,-0.317,-0.261,-0.67,-0.008,-0.55,-0.427,-0.362,-0.399,-0.587,0.047,-0.223,-0.301,-0.171,-0.513,-0.44,1.0,0.289,0.331,0.461,-0.061,-0.562,-0.064,0.29,-0.378,0.201,0.212,0.624,-0.016,-0.449,-0.459,-0.144
WBA,-0.05,-0.392,-0.363,-0.398,-0.412,-0.212,-0.346,-0.438,0.116,-0.133,-0.448,-0.037,-0.372,-0.447,0.331,-0.368,-0.083,-0.397,-0.383,-0.469,-0.241,-0.309,-0.451,-0.323,-0.431,-0.402,-0.25,0.06,-0.395,-0.272,-0.292,0.023,-0.351,0.441,-0.238,0.22,-0.311,0.426,-0.212,-0.435,-0.12,-0.362,-0.418,-0.453,0.348,-0.358,0.171,0.243,0.365,0.09,0.301,-0.351,0.185,-0.22,0.325,0.145,-0.014,0.282,-0.088,-0.096,-0.316,0.288,-0.034,0.423,0.374,0.021,0.126,-0.234,-0.119,0.329,-0.334,-0.365,0.413,-0.355,0.124,-0.265,-0.22,0.453,-0.417,-0.4,0.012,-0.36,-0.336,0.482,-0.089,0.322,0.247,-0.337,0.369,-0.311,-0.273,0.181,0.392,-0.342,-0.329,0.592,0.001,-0.252,-0.205,0.22,-0.197,-0.101,-0.37,-0.396,-0.137,0.115,-0.393,-0.488,-0.339,-0.269,-0.378,-0.362,-0.441,-0.213,0.198,0.435,-0.362,-0.164,0.132,-0.357,-0.35,0.34,-0.16,-0.52,-0.035,-0.477,-0.445,0.092,-0.488,-0.329,-0.273,-0.5,-0.144,0.03,-0.238,0.041,-0.371,-0.134,0.323,-0.333,0.315,-0.201,0.106,0.359,-0.434,-0.144,-0.457,-0.222,0.426,-0.304,-0.357,0.095,-0.108,0.116,-0.399,-0.148,-0.285,0.523,0.167,-0.039,0.219,-0.127,-0.123,-0.42,0.202,-0.301,-0.394,-0.341,-0.415,-0.301,-0.33,-0.081,0.35,-0.283,-0.407,-0.505,-0.461,-0.012,0.387,-0.316,-0.474,0.099,0.078,-0.181,0.289,1.0,0.474,0.366,-0.529,0.185,-0.3,0.133,0.022,-0.321,0.432,0.345,0.1,-0.375,-0.22,-0.081
WBD,0.066,-0.232,0.085,-0.078,-0.361,0.01,-0.178,-0.279,0.333,0.247,-0.281,0.099,-0.21,-0.133,0.438,-0.226,-0.107,-0.244,-0.229,-0.435,-0.378,-0.146,-0.443,-0.108,-0.174,-0.429,-0.33,0.22,-0.158,-0.301,-0.36,0.213,-0.066,0.493,-0.361,0.554,-0.105,0.474,0.168,-0.151,-0.232,-0.313,-0.286,-0.169,0.645,-0.467,0.509,0.501,0.621,0.032,0.085,-0.169,0.49,-0.162,-0.061,0.346,-0.128,0.194,-0.072,0.04,-0.255,0.2,-0.122,0.316,0.187,0.252,-0.018,-0.269,0.138,0.149,-0.047,-0.244,0.244,-0.374,0.425,-0.466,-0.247,0.5,-0.441,-0.452,-0.311,-0.058,-0.281,0.427,0.059,0.301,0.171,-0.511,0.529,-0.428,-0.426,-0.018,0.404,-0.366,-0.478,0.347,0.235,-0.073,0.061,0.461,-0.157,0.011,-0.378,-0.33,-0.308,0.385,-0.297,-0.221,-0.306,-0.061,-0.355,-0.331,-0.118,0.25,0.594,0.383,-0.179,-0.375,0.227,-0.008,-0.367,0.111,-0.239,-0.209,0.125,-0.399,-0.477,0.518,-0.401,-0.257,-0.143,-0.54,-0.164,0.236,-0.317,0.188,-0.302,-0.057,0.653,-0.313,0.296,-0.265,0.403,0.652,-0.154,-0.347,-0.29,-0.256,0.368,-0.094,-0.361,-0.051,-0.013,0.55,-0.195,-0.181,-0.533,0.524,0.191,-0.071,0.435,-0.153,0.024,-0.318,0.166,-0.318,-0.21,-0.103,-0.318,-0.374,-0.377,-0.305,0.065,-0.476,-0.572,-0.361,-0.372,-0.079,0.117,-0.301,-0.555,0.301,0.108,-0.299,0.331,0.474,1.0,0.562,-0.365,-0.179,-0.271,0.574,0.249,-0.075,0.348,0.511,0.251,-0.324,-0.312,0.047
WDAY,-0.357,-0.317,-0.093,-0.161,-0.604,-0.508,-0.597,-0.575,0.434,0.222,-0.35,0.214,-0.33,-0.196,0.487,-0.543,-0.455,-0.192,-0.526,-0.33,-0.166,-0.236,-0.589,-0.313,-0.461,-0.44,-0.459,-0.213,-0.318,-0.346,-0.334,0.343,-0.425,0.46,-0.432,0.389,-0.448,0.347,0.075,-0.392,-0.536,-0.328,-0.56,-0.291,0.32,-0.509,0.287,0.57,0.697,-0.217,0.274,-0.001,0.612,-0.149,0.249,0.619,-0.082,-0.016,-0.004,-0.32,-0.412,0.33,-0.531,0.455,0.408,0.166,0.12,-0.605,0.025,0.506,-0.462,-0.365,0.53,-0.428,-0.128,-0.494,-0.525,0.477,-0.502,-0.509,-0.025,-0.302,-0.576,0.416,-0.364,0.481,-0.039,-0.534,0.705,-0.197,-0.439,0.29,0.371,-0.455,-0.682,0.311,0.125,-0.006,0.2,0.402,-0.32,-0.236,-0.432,-0.508,-0.608,0.432,-0.334,-0.397,-0.43,-0.126,-0.576,-0.314,-0.185,0.162,0.368,0.403,-0.217,0.011,0.101,-0.03,-0.502,0.272,-0.355,-0.451,-0.389,-0.396,-0.621,-0.006,-0.564,-0.33,-0.229,-0.57,-0.187,-0.135,-0.434,-0.121,-0.544,-0.218,0.65,-0.38,0.311,-0.692,0.314,0.588,-0.361,-0.304,-0.269,-0.126,0.725,-0.407,-0.548,-0.187,0.032,0.299,-0.342,-0.337,-0.238,0.522,0.207,-0.245,0.387,-0.351,0.241,-0.447,0.059,-0.488,-0.562,-0.224,-0.335,-0.374,-0.402,-0.461,0.306,-0.657,-0.545,-0.423,-0.621,-0.45,0.39,-0.192,-0.53,0.038,-0.39,-0.275,0.461,0.366,0.562,1.0,-0.264,0.016,-0.419,0.424,-0.263,-0.041,0.524,0.529,0.208,-0.528,-0.468,0.038
WDC,0.191,0.545,0.442,0.578,0.65,0.305,0.436,0.575,-0.108,0.229,0.702,0.355,0.489,0.715,-0.407,0.416,0.243,0.499,0.469,0.47,0.317,0.633,0.521,0.448,0.522,0.588,0.499,0.062,0.463,0.472,0.455,0.136,0.439,-0.288,0.262,-0.128,0.564,-0.276,0.299,0.492,0.194,0.56,0.534,0.61,-0.259,0.538,-0.097,-0.179,-0.268,0.014,-0.219,0.576,-0.201,0.499,-0.284,-0.113,0.057,-0.09,0.549,0.138,0.327,-0.303,0.016,-0.295,-0.487,0.164,0.035,0.294,0.387,-0.4,0.333,0.538,-0.522,0.571,0.017,0.362,0.313,-0.258,0.692,0.676,0.077,0.469,0.447,-0.483,0.338,-0.226,-0.098,0.598,-0.27,0.343,0.471,-0.276,-0.414,0.581,0.433,-0.486,0.193,0.545,0.299,-0.023,0.253,0.28,0.619,0.466,0.256,0.018,0.427,0.547,0.467,0.519,0.515,0.503,0.694,0.568,0.003,-0.395,0.674,0.119,0.256,0.46,0.442,-0.05,0.319,0.597,0.228,0.784,0.705,0.095,0.677,0.493,0.525,0.762,0.357,-0.072,0.369,-0.069,0.436,0.205,-0.233,0.533,-0.316,0.217,0.153,-0.364,0.439,0.356,0.605,0.521,-0.477,0.433,0.486,0.064,0.366,0.094,0.54,0.218,0.295,-0.496,0.257,0.255,0.216,0.352,0.342,0.561,0.058,0.639,0.615,0.493,0.491,0.551,0.471,0.223,-0.362,0.514,0.602,0.568,0.643,-0.023,-0.448,0.19,0.64,0.129,0.143,0.221,-0.061,-0.529,-0.365,-0.264,1.0,-0.072,0.446,0.069,0.124,0.434,-0.557,-0.364,0.078,0.524,0.401,0.281
WEN,-0.17,-0.157,-0.502,-0.222,0.001,-0.126,0.081,-0.022,-0.078,-0.149,-0.287,-0.169,-0.108,-0.184,0.027,-0.302,0.26,-0.174,-0.138,0.042,0.271,-0.193,0.214,-0.417,-0.007,0.168,0.155,0.11,-0.351,0.035,-0.062,-0.323,-0.261,0.192,0.451,0.021,-0.047,-0.271,-0.216,-0.198,0.294,0.119,0.118,-0.109,-0.351,0.288,-0.58,-0.306,-0.05,0.55,0.4,-0.297,-0.416,-0.105,0.19,-0.19,0.24,0.252,-0.081,0.004,-0.028,0.091,0.328,0.447,0.42,0.157,0.085,0.116,0.073,0.266,-0.08,-0.114,0.233,0.247,-0.21,0.287,-0.041,-0.327,0.234,0.223,0.287,-0.251,0.077,0.288,-0.106,0.288,0.491,0.229,-0.162,0.217,0.426,0.449,-0.413,0.2,0.199,0.489,-0.202,-0.356,-0.442,-0.109,0.264,0.069,0.238,0.22,0.369,-0.538,0.207,-0.22,0.214,-0.424,0.083,0.146,-0.105,-0.497,-0.098,0.105,-0.504,0.285,-0.147,-0.668,-0.14,0.125,0.142,-0.2,-0.241,-0.208,0.115,-0.151,0.038,-0.523,-0.254,0.062,0.143,0.101,-0.178,0.191,0.086,0.24,-0.221,0.196,0.25,0.041,-0.437,-0.123,-0.222,0.472,-0.056,-0.052,0.14,-0.244,0.154,0.548,0.228,-0.417,-0.185,0.374,0.387,0.248,-0.236,-0.112,-0.187,0.352,-0.334,0.083,0.276,-0.004,-0.194,-0.096,0.002,0.204,0.171,0.515,0.446,0.348,0.228,0.095,-0.007,0.271,0.376,0.065,0.218,-0.029,0.279,0.439,-0.562,0.185,-0.179,0.016,-0.072,1.0,-0.111,-0.263,-0.009,-0.438,0.221,-0.392,-0.014,0.032,0.265,0.227
WW,0.41,0.814,0.231,0.587,0.44,0.539,0.54,0.6,-0.093,0.076,0.447,-0.145,0.768,0.591,-0.564,0.698,0.515,0.748,0.585,0.462,0.423,0.238,0.549,0.554,0.554,0.698,0.626,-0.194,0.588,0.816,0.779,-0.372,0.565,-0.594,0.333,-0.378,0.486,-0.201,0.29,0.7,0.308,0.402,0.547,0.67,-0.319,0.267,-0.211,-0.181,-0.618,0.086,-0.446,0.491,-0.404,0.527,-0.159,-0.504,0.302,-0.215,0.314,0.367,0.541,-0.494,0.474,-0.563,-0.521,-0.134,-0.225,0.517,0.223,-0.486,0.569,0.798,-0.606,0.638,0.189,0.428,0.449,-0.488,0.525,0.545,0.269,0.616,0.506,-0.616,0.445,-0.41,-0.152,0.587,-0.624,0.492,0.587,-0.336,-0.38,0.647,0.481,-0.551,0.426,0.05,0.254,-0.401,0.244,0.206,0.391,0.561,0.231,-0.161,0.47,0.701,0.636,0.58,0.684,0.73,0.357,0.198,-0.057,-0.26,0.407,0.178,0.246,0.258,0.642,0.009,0.704,0.549,0.488,0.51,0.579,0.265,0.575,0.509,0.707,0.503,0.532,0.077,0.681,0.013,0.564,0.579,-0.567,0.63,-0.5,0.372,0.313,-0.482,0.688,0.262,0.718,0.261,-0.443,0.772,0.701,-0.13,0.109,-0.067,0.687,0.383,0.216,-0.662,0.388,0.392,0.035,0.253,-0.137,0.662,0.076,0.661,0.5,0.682,0.646,0.765,0.507,0.237,-0.368,0.487,0.387,0.608,0.48,0.336,-0.512,0.495,0.571,0.122,0.257,0.327,-0.064,-0.3,-0.271,-0.419,0.446,-0.111,1.0,0.001,0.225,0.534,-0.646,-0.54,-0.205,0.581,0.441,0.13
WYNN,0.063,0.08,0.354,0.27,-0.075,0.03,-0.182,-0.11,0.419,0.52,0.194,0.319,0.052,0.196,0.115,0.026,-0.047,0.14,0.068,0.092,-0.196,0.107,-0.316,0.288,0.055,-0.129,-0.108,0.038,0.223,0.027,0.077,0.387,0.276,0.259,-0.46,0.609,0.071,0.336,0.289,0.122,-0.432,-0.034,-0.232,0.212,0.368,-0.277,0.537,0.547,0.412,-0.001,0.01,0.24,0.504,0.179,-0.05,0.257,0.213,-0.137,0.271,0.078,0.152,-0.056,-0.161,0.133,-0.181,0.311,0.005,-0.18,0.426,0.057,0.209,0.098,0.015,-0.114,0.208,-0.426,-0.041,0.271,-0.218,-0.233,0.004,0.318,-0.083,0.111,-0.003,0.241,0.037,-0.277,0.361,-0.023,-0.261,-0.089,0.159,-0.154,-0.414,-0.102,0.51,0.347,0.678,0.396,0.117,0.158,-0.111,-0.079,-0.408,0.395,0.03,0.228,-0.027,0.312,-0.139,-0.049,0.157,0.527,0.665,0.328,0.294,-0.072,0.305,0.375,-0.008,0.195,-0.041,0.172,0.093,0.073,-0.253,0.519,-0.178,0.277,0.333,-0.254,0.088,0.084,-0.051,0.215,-0.03,-0.068,0.421,-0.068,0.048,-0.309,0.555,0.415,0.184,-0.308,0.085,0.04,0.297,0.22,0.006,-0.151,0.066,0.483,0.12,-0.278,-0.28,0.166,0.299,0.115,0.563,-0.039,0.201,-0.059,0.419,-0.02,0.006,0.196,-0.055,-0.091,-0.271,-0.43,0.034,-0.439,-0.329,0.033,-0.132,-0.193,-0.225,-0.074,-0.292,0.225,0.112,-0.176,0.29,0.133,0.574,0.424,0.069,-0.263,0.001,1.0,0.066,0.308,0.057,0.247,0.293,-0.037,-0.163,0.324
XEL,0.744,0.272,0.03,0.259,0.381,0.415,0.623,0.546,-0.17,0.091,0.034,-0.246,0.346,0.167,-0.144,0.388,0.573,0.204,0.434,-0.027,0.023,0.073,0.459,0.328,0.599,0.261,0.366,0.515,0.132,0.168,0.123,-0.365,0.371,-0.068,0.164,0.104,0.167,0.291,0.374,0.446,0.59,0.122,0.241,0.281,0.371,0.235,0.086,0.004,-0.134,0.212,-0.397,-0.239,-0.226,-0.001,-0.269,0.004,-0.079,0.111,0.063,0.64,0.419,-0.27,0.582,-0.164,-0.371,0.184,-0.422,0.559,0.277,-0.395,0.635,0.328,-0.423,0.381,0.357,-0.003,0.549,0.053,0.349,0.339,-0.431,0.321,0.534,-0.069,0.716,-0.307,0.425,0.166,-0.146,-0.133,0.316,-0.312,-0.207,0.44,0.487,0.023,0.203,-0.184,-0.172,-0.117,0.517,0.632,0.314,0.128,0.518,0.074,0.209,0.284,0.36,0.165,0.38,0.267,0.097,0.223,0.25,-0.371,0.036,-0.348,0.356,0.007,0.116,-0.267,0.294,0.289,0.37,0.057,0.384,0.419,0.29,0.091,0.236,0.238,-0.005,0.585,0.097,0.544,0.45,0.493,-0.136,0.461,0.098,0.642,-0.071,0.067,0.399,-0.043,0.192,-0.27,-0.38,0.331,0.333,0.42,0.42,0.322,0.166,0.152,-0.215,-0.148,-0.081,-0.082,0.201,0.648,-0.425,0.301,0.082,0.414,0.56,0.438,0.284,0.302,0.065,0.479,-0.505,0.394,0.035,0.164,0.434,0.56,-0.41,-0.037,0.14,0.677,0.549,0.112,-0.378,0.022,0.249,-0.263,0.124,-0.009,0.225,0.066,1.0,-0.05,-0.446,-0.234,0.069,0.475,0.231,-0.139
XP,0.181,0.646,0.441,0.643,0.274,0.166,0.223,0.408,0.327,0.24,0.567,0.18,0.573,0.591,-0.417,0.553,0.015,0.693,0.264,0.457,0.171,0.301,0.165,0.529,0.325,0.395,0.345,-0.345,0.564,0.506,0.579,0.035,0.441,-0.435,-0.089,-0.206,0.315,-0.095,0.287,0.451,-0.107,0.357,0.168,0.517,-0.151,0.112,0.189,0.072,-0.331,-0.175,-0.368,0.635,0.026,0.635,0.031,-0.173,0.333,-0.464,0.465,0.28,0.318,-0.513,-0.064,-0.47,-0.584,-0.084,-0.006,0.217,0.187,-0.139,0.327,0.58,-0.51,0.323,-0.091,0.06,0.165,-0.276,0.262,0.251,0.275,0.505,0.303,-0.403,0.121,-0.306,-0.259,0.289,-0.284,0.402,0.183,-0.179,-0.009,0.33,0.154,-0.637,0.501,0.385,0.578,-0.155,0.141,0.013,0.17,0.314,-0.148,0.076,0.282,0.505,0.363,0.589,0.408,0.414,0.516,0.471,0.231,-0.109,0.601,0.256,0.24,0.538,0.402,0.165,0.481,0.481,0.126,0.58,0.268,0.149,0.349,0.495,0.571,0.287,0.409,0.035,0.655,-0.113,0.363,0.257,-0.244,0.346,-0.605,0.096,0.49,-0.286,0.444,-0.034,0.568,0.348,-0.207,0.519,0.293,-0.264,-0.071,0.132,0.657,-0.148,0.146,-0.564,0.462,0.28,0.261,0.022,0.242,0.41,0.002,0.558,0.338,0.526,0.387,0.372,0.238,-0.182,-0.321,0.072,0.183,0.44,0.256,-0.069,-0.509,0.457,0.266,0.12,-0.008,0.156,0.201,-0.321,-0.075,-0.041,0.434,-0.438,0.534,0.308,-0.05,1.0,-0.532,-0.061,-0.186,0.411,0.158,0.128
XRAY,-0.58,-0.655,-0.295,-0.632,-0.603,-0.45,-0.734,-0.752,0.182,-0.25,-0.563,0.134,-0.686,-0.664,0.746,-0.779,-0.337,-0.646,-0.641,-0.482,-0.33,-0.275,-0.577,-0.634,-0.684,-0.675,-0.617,0.051,-0.538,-0.601,-0.63,0.276,-0.529,0.639,-0.312,0.38,-0.391,0.163,-0.363,-0.664,-0.466,-0.378,-0.532,-0.506,0.236,-0.38,-0.022,0.24,0.603,0.079,0.598,-0.285,0.339,-0.492,0.151,0.286,-0.122,0.416,-0.273,-0.531,-0.52,0.768,-0.37,0.62,0.804,0.168,0.279,-0.634,-0.129,0.515,-0.634,-0.683,0.833,-0.579,0.009,-0.373,-0.523,0.402,-0.619,-0.609,-0.074,-0.594,-0.707,0.686,-0.605,0.716,0.011,-0.584,0.512,-0.398,-0.439,0.346,0.319,-0.661,-0.643,0.617,-0.308,-0.196,-0.287,0.362,-0.342,-0.406,-0.457,-0.493,-0.392,0.035,-0.442,-0.673,-0.668,-0.505,-0.807,-0.591,-0.451,-0.357,0.034,0.534,-0.564,-0.061,-0.213,-0.442,-0.661,0.172,-0.592,-0.63,-0.355,-0.653,-0.657,-0.105,-0.728,-0.556,-0.612,-0.686,-0.382,-0.188,-0.642,-0.046,-0.605,-0.479,0.539,-0.614,0.664,-0.603,-0.136,0.586,-0.532,-0.145,-0.659,-0.16,0.614,-0.63,-0.565,-0.03,-0.268,0.006,-0.658,-0.105,-0.164,0.747,-0.154,-0.24,-0.079,-0.455,0.1,-0.681,0.11,-0.787,-0.713,-0.601,-0.703,-0.615,-0.489,-0.36,0.614,-0.523,-0.452,-0.551,-0.678,-0.37,0.717,-0.518,-0.567,-0.409,-0.255,-0.262,0.212,0.432,0.348,0.524,-0.557,0.221,-0.646,0.057,-0.446,-0.532,1.0,0.442,0.443,-0.717,-0.437,0.095
XRX,-0.154,-0.561,0.043,-0.382,-0.539,-0.463,-0.608,-0.504,0.21,0.034,-0.327,0.193,-0.539,-0.309,0.56,-0.474,-0.658,-0.434,-0.605,-0.509,-0.508,-0.24,-0.719,-0.244,-0.594,-0.68,-0.566,-0.022,-0.294,-0.612,-0.54,0.41,-0.437,0.385,-0.585,0.281,-0.45,0.409,-0.075,-0.601,-0.559,-0.559,-0.63,-0.536,0.498,-0.557,0.608,0.46,0.645,-0.528,0.105,-0.178,0.645,-0.382,0.061,0.536,-0.364,-0.029,-0.023,-0.417,-0.597,0.348,-0.62,0.28,0.221,-0.029,0.061,-0.672,-0.213,0.411,-0.559,-0.505,0.374,-0.631,-0.07,-0.412,-0.508,0.57,-0.623,-0.632,-0.246,-0.431,-0.654,0.297,-0.357,0.248,-0.101,-0.574,0.728,-0.459,-0.734,-0.009,0.912,-0.69,-0.675,0.191,0.02,0.05,0.095,0.354,-0.489,-0.29,-0.641,-0.607,-0.516,0.586,-0.633,-0.491,-0.682,-0.202,-0.654,-0.664,-0.372,0.11,0.202,0.368,-0.189,-0.252,0.045,0.083,-0.601,-0.098,-0.611,-0.411,-0.304,-0.428,-0.631,-0.151,-0.604,-0.175,-0.417,-0.621,-0.369,-0.125,-0.495,-0.186,-0.646,-0.549,0.694,-0.621,0.213,-0.42,0.246,0.54,-0.476,-0.5,-0.55,-0.138,0.448,-0.516,-0.746,-0.274,-0.303,0.416,-0.397,-0.553,-0.556,0.482,0.036,-0.236,0.276,-0.507,0.343,-0.622,-0.122,-0.578,-0.385,-0.505,-0.512,-0.688,-0.531,-0.598,0.155,-0.678,-0.564,-0.663,-0.601,-0.426,0.274,-0.409,-0.681,0.008,-0.468,-0.586,0.624,0.345,0.511,0.529,-0.364,-0.392,-0.54,0.247,-0.234,-0.061,0.442,1.0,0.101,-0.627,-0.545,-0.222
Z,-0.114,-0.047,0.318,-0.085,0.098,-0.053,-0.15,-0.121,0.038,-0.056,0.109,0.536,-0.15,-0.087,0.645,-0.213,0.126,-0.162,-0.062,-0.104,-0.198,0.416,-0.063,-0.099,-0.027,-0.226,-0.185,0.465,-0.104,-0.273,-0.335,0.252,0.061,0.69,-0.219,0.622,0.046,0.084,0.139,0.029,-0.174,0.191,-0.131,0.174,0.408,0.058,0.178,0.319,0.42,0.149,0.192,0.152,0.147,-0.217,-0.27,0.15,-0.206,0.671,0.215,0.01,-0.04,0.703,-0.126,0.503,0.248,0.633,0.099,-0.094,0.605,-0.103,-0.1,-0.002,0.276,-0.104,0.276,-0.261,0.037,0.205,-0.092,-0.089,-0.415,0.031,-0.136,0.402,-0.019,0.5,0.088,-0.256,0.182,-0.34,-0.047,-0.216,-0.042,-0.119,-0.18,0.407,-0.032,0.282,-0.03,0.484,0.12,0.09,0.167,-0.305,-0.004,0.101,-0.106,-0.038,-0.31,0.092,-0.316,-0.141,0.127,0.216,0.365,0.0,0.089,-0.287,0.029,0.057,-0.274,-0.077,-0.234,0.063,-0.032,-0.004,-0.046,0.197,-0.136,-0.078,-0.103,-0.114,-0.2,0.256,-0.329,0.362,0.047,-0.141,0.407,-0.071,0.718,-0.158,-0.003,0.658,0.162,-0.052,-0.084,0.007,0.039,-0.082,-0.077,0.121,-0.0,0.432,-0.197,0.103,-0.049,0.493,0.016,-0.194,0.054,0.025,0.285,-0.225,0.148,-0.172,-0.035,-0.097,-0.224,-0.162,-0.275,-0.256,-0.029,-0.07,-0.148,-0.176,-0.028,-0.079,0.107,-0.451,-0.152,-0.104,0.054,-0.229,-0.016,0.1,0.251,0.208,0.078,-0.014,-0.205,0.293,0.069,-0.186,0.443,0.101,1.0,-0.133,-0.076,0.209
ZION,0.477,0.703,0.279,0.646,0.719,0.553,0.769,0.798,-0.208,0.246,0.61,-0.141,0.752,0.55,-0.637,0.703,0.577,0.647,0.625,0.485,0.481,0.362,0.665,0.526,0.699,0.701,0.708,0.071,0.492,0.618,0.534,-0.151,0.591,-0.454,0.361,-0.287,0.472,-0.181,0.412,0.733,0.623,0.539,0.608,0.721,-0.119,0.604,-0.141,-0.183,-0.587,0.238,-0.447,0.303,-0.461,0.582,-0.08,-0.422,0.227,-0.188,0.289,0.677,0.639,-0.579,0.557,-0.488,-0.601,0.026,-0.242,0.844,0.261,-0.423,0.645,0.774,-0.707,0.699,0.11,0.283,0.726,-0.459,0.596,0.603,0.071,0.588,0.909,-0.417,0.605,-0.458,0.328,0.55,-0.646,0.384,0.657,-0.25,-0.51,0.845,0.657,-0.441,0.352,0.176,0.146,-0.301,0.635,0.548,0.596,0.544,0.583,-0.239,0.525,0.599,0.661,0.458,0.804,0.723,0.497,0.259,0.143,-0.486,0.488,0.093,0.217,0.346,0.691,-0.054,0.724,0.725,0.385,0.657,0.606,0.24,0.712,0.389,0.589,0.654,0.453,0.364,0.554,0.363,0.77,0.715,-0.596,0.865,-0.35,0.702,0.024,-0.449,0.614,0.213,0.718,0.207,-0.61,0.579,0.67,0.417,0.349,0.001,0.65,0.347,0.201,-0.661,0.203,0.279,0.024,0.672,-0.214,0.622,0.081,0.833,0.762,0.718,0.641,0.684,0.432,0.455,-0.514,0.598,0.455,0.624,0.756,0.467,-0.588,0.448,0.512,0.479,0.658,0.32,-0.449,-0.375,-0.324,-0.528,0.524,0.032,0.581,-0.037,0.475,0.411,-0.717,-0.627,-0.133,1.0,0.592,0.123
ZM,0.243,0.485,0.073,0.323,0.655,0.394,0.569,0.616,-0.269,-0.105,0.364,-0.127,0.451,0.297,-0.442,0.494,0.5,0.335,0.425,0.32,0.412,0.293,0.633,0.161,0.468,0.652,0.734,0.197,0.12,0.453,0.445,-0.149,0.368,-0.268,0.44,-0.235,0.439,-0.402,0.114,0.388,0.607,0.498,0.522,0.499,-0.357,0.66,-0.321,-0.32,-0.583,0.509,-0.043,0.224,-0.54,0.418,-0.175,-0.542,0.255,0.191,0.271,0.38,0.449,-0.362,0.453,-0.18,-0.169,-0.063,0.015,0.526,0.23,-0.323,0.333,0.37,-0.334,0.728,0.063,0.486,0.311,-0.467,0.593,0.581,0.176,0.315,0.555,-0.176,0.271,-0.187,0.28,0.699,-0.615,0.24,0.718,-0.019,-0.468,0.693,0.624,-0.153,0.09,0.145,-0.162,-0.145,0.43,0.434,0.664,0.599,0.71,-0.479,0.475,0.338,0.467,0.154,0.636,0.557,0.432,-0.044,-0.114,-0.293,0.241,0.13,0.026,-0.044,0.472,0.095,0.638,0.423,0.266,0.405,0.632,0.113,0.702,0.181,0.273,0.681,0.439,0.252,0.373,0.218,0.67,0.541,-0.516,0.674,-0.247,0.551,-0.152,-0.42,0.296,0.53,0.485,0.354,-0.486,0.36,0.534,0.449,0.346,-0.332,0.375,0.572,0.378,-0.424,0.079,0.232,-0.054,0.532,-0.226,0.47,0.184,0.584,0.502,0.434,0.346,0.639,0.383,0.487,-0.112,0.635,0.701,0.58,0.629,0.395,-0.116,0.417,0.465,0.144,0.514,0.454,-0.459,-0.22,-0.312,-0.468,0.401,0.265,0.441,-0.163,0.231,0.158,-0.437,-0.545,-0.076,0.592,1.0,0.479
ZS,-0.143,0.135,0.023,0.193,0.292,0.045,0.037,0.079,0.203,0.064,0.207,0.241,0.09,0.059,-0.072,0.01,0.076,0.105,0.045,0.151,0.006,0.287,0.122,-0.093,0.063,0.129,0.199,0.208,-0.064,0.085,0.148,0.193,0.13,0.159,0.058,0.171,0.215,-0.228,-0.083,0.053,0.034,0.435,0.117,0.263,-0.128,0.356,-0.22,-0.138,-0.121,0.434,0.362,0.199,-0.041,0.433,-0.003,-0.1,0.451,0.155,0.344,0.017,0.234,-0.06,-0.014,0.236,0.207,0.221,0.277,0.05,0.376,0.041,0.043,0.085,0.151,0.259,-0.019,0.035,-0.089,-0.123,0.173,0.165,0.349,0.051,0.159,0.222,-0.204,0.301,0.208,0.18,-0.069,0.083,0.299,0.197,-0.311,0.14,0.095,0.071,0.048,0.259,0.08,0.292,0.183,0.19,0.425,0.412,0.219,-0.216,0.27,-0.011,0.127,0.12,0.118,0.085,0.35,0.114,0.132,0.34,0.149,0.129,0.154,0.004,0.069,0.384,0.194,0.127,-0.025,0.239,0.099,0.253,0.199,-0.078,0.115,0.215,0.324,0.11,0.029,0.137,0.32,0.123,0.015,0.18,0.012,-0.038,0.071,-0.065,-0.052,0.378,0.095,0.416,0.015,0.124,0.157,0.258,0.258,-0.146,0.133,0.251,0.326,0.029,0.192,0.095,0.148,0.216,0.165,0.096,0.535,0.177,0.084,0.164,-0.103,0.138,0.07,0.055,0.452,0.165,0.318,0.396,0.215,0.032,0.195,0.093,0.071,-0.025,0.244,0.276,-0.144,-0.081,0.047,0.038,0.281,0.227,0.13,0.324,-0.139,0.128,0.095,-0.222,0.209,0.123,0.479,1.0
