,AAL,AAPL,ABUS,ADBE,ADI,ADMA,AEP,AGNC,AKBA,ALT,AMAT,AMD,AMGN,AMZN,APA,APPS,ARCC,ARDX,ATER,ATOS,AUPH,AVGO,AZN,BCRX,BGC,BIDU,BILI,BKR,BLDP,BLNK,BYND,CAN,CELH,CG,CGC,CHRD,CLNE,CMCSA,COMM,COST,CPB,CPRT,CRON,CRWD,CSCO,CSGP,CSX,CTSH,CZR,DBX,DDOG,DKNG,DLTR,DOCU,DVAX,DXCM,EA,EBAY,ENPH,ERIC,ESPR,ETSY,EXC,EXEL,EXPE,FANG,FAST,FITB,FLEX,FOLD,FOXA,FSLR,FTNT,FUTU,GEN,GERN,GEVO,GILD,GOOG,GOOGL,GPRO,GT,HBAN,HIVE,HON,HST,HUT,IBRX,INTC,IOVA,IQ,IRWD,JBLU,JD,KDP,KHC,LBTYK,LRCX,LYFT,MAR,MARA,MAT,MCHP,MCRB,MDLZ,META,MGNI,MLCO,MNKD,MNST,MOMO,MRNA,MRVL,MSFT,MSTR,MTCH,MU,MVIS,NDAQ,NFLX,NKTR,NNDM,NTES,NTNX,NVAX,NVDA,NWL,NWSA,NXPI,OCGN,OKTA,ON,OPK,PAA,PACB,PAGP,PANW,PARA,PCAR,PDD,PENN,PEP,PLUG,PTEN,PTON,PYPL,QCOM,QUBT,QVCGA,RDFN,REAL,RIOT,ROKU,ROST,RUN,SABR,SAVA,SBUX,SFIX,SGMO,SIRI,SLM,SMCI,SNDL,SONO,STNE,STX,TCOM,TGTX,TIGR,TLRY,TMUS,TRIP,TSCO,TSLA,TTD,TXN,UAL,UNIT,VERU,VKTX,VLY,VOD,VTRS,VXRT,WBA,WBD,WDAY,WDC,WEN,WW,WYNN,XEL,XP,XRAY,XRX,Z,ZION,ZM,ZS
AAL,1.0,0.648,0.385,0.675,0.196,-0.455,-0.037,0.375,0.292,0.368,-0.181,-0.305,-0.441,0.672,-0.313,0.301,0.559,0.354,-0.229,-0.31,0.544,0.428,0.522,0.452,-0.604,0.471,0.315,-0.602,0.78,0.25,-0.637,0.755,0.44,0.224,-0.378,-0.703,-0.078,-0.51,0.618,0.601,-0.332,0.301,-0.254,0.292,0.414,0.2,-0.387,0.224,-0.204,0.507,0.543,0.241,0.502,0.777,0.063,0.409,0.303,0.366,0.486,0.682,0.65,0.598,-0.503,0.15,0.656,-0.639,-0.453,-0.082,-0.027,-0.049,0.169,0.34,0.423,0.153,0.405,0.116,0.05,0.265,0.213,0.197,-0.014,0.353,-0.196,-0.087,-0.356,0.62,0.587,-0.323,-0.612,-0.058,0.481,-0.252,0.279,0.561,0.303,0.018,-0.037,0.387,-0.408,0.571,0.218,0.47,-0.44,0.307,-0.587,0.584,0.499,0.596,-0.259,-0.401,0.422,0.431,0.667,0.714,0.033,0.52,0.152,-0.328,0.114,0.551,-0.246,0.635,0.658,-0.369,0.394,-0.228,0.702,0.202,-0.212,-0.431,0.558,-0.18,-0.173,0.345,0.374,0.335,0.298,0.084,0.23,-0.25,-0.138,-0.131,0.853,-0.502,0.378,0.661,-0.047,0.533,-0.348,0.408,0.678,-0.128,0.563,0.508,0.158,0.361,-0.486,-0.014,0.469,-0.304,0.409,0.289,0.509,-0.526,0.454,-0.358,-0.112,0.639,0.138,0.608,-0.286,0.055,0.13,0.394,0.726,0.462,-0.578,0.641,0.073,0.417,-0.372,0.203,0.573,-0.243,-0.059,0.252,0.558,0.286,0.347,-0.392,0.596,0.482,-0.087,-0.582,0.372,0.134,0.257,-0.238,0.249,0.131
AAPL,0.648,1.0,0.277,0.606,0.596,-0.407,0.328,0.566,0.641,0.412,0.005,-0.143,-0.515,0.658,-0.099,0.431,0.739,0.686,-0.103,-0.347,0.641,0.284,0.715,0.316,-0.64,0.484,0.187,-0.339,0.73,0.182,-0.526,0.702,0.669,0.449,-0.437,-0.415,0.19,-0.447,0.865,0.894,-0.076,0.648,-0.291,0.327,0.718,0.467,-0.108,0.323,-0.078,0.674,0.731,0.505,0.767,0.544,0.121,0.803,0.547,0.665,0.847,0.706,0.744,0.871,-0.296,0.343,0.764,-0.593,-0.157,0.145,0.089,-0.109,0.231,0.724,0.497,-0.018,0.695,0.315,0.264,0.34,0.043,0.035,-0.071,0.668,0.012,-0.425,-0.347,0.794,0.52,-0.279,-0.642,0.109,0.626,-0.36,0.026,0.596,0.33,0.246,0.096,0.654,-0.433,0.725,0.446,0.482,-0.248,0.62,-0.491,0.718,0.7,0.627,-0.455,-0.191,0.272,0.596,0.676,0.818,0.068,0.844,0.245,-0.459,0.405,0.811,-0.358,0.588,0.684,-0.356,0.556,-0.295,0.773,0.522,0.205,-0.4,0.644,0.09,-0.379,0.584,0.29,0.622,0.241,0.161,0.488,-0.506,0.177,0.005,0.742,-0.269,0.649,0.636,0.008,0.74,-0.189,0.654,0.763,-0.255,0.511,0.761,0.524,0.513,-0.53,0.341,0.653,-0.204,0.501,0.632,0.778,-0.549,0.474,-0.316,0.187,0.618,0.376,0.515,-0.427,0.428,0.387,0.679,0.708,0.709,-0.514,0.699,0.368,0.619,-0.383,0.477,0.698,0.148,-0.271,0.375,0.802,0.026,0.741,-0.265,0.727,0.703,0.28,-0.78,0.719,0.47,0.624,0.024,0.367,-0.016
ABUS,0.385,0.277,1.0,0.598,0.007,-0.191,-0.43,-0.114,0.058,0.354,0.245,-0.055,0.103,0.599,-0.311,0.169,-0.092,-0.075,0.127,0.365,0.106,0.697,0.134,0.628,0.137,0.335,0.436,-0.393,0.17,0.56,-0.173,0.234,0.063,-0.167,-0.23,-0.274,-0.078,-0.175,0.353,0.199,-0.381,-0.092,0.097,-0.049,0.264,-0.186,-0.191,0.308,0.084,0.279,-0.015,-0.075,0.109,0.355,0.492,0.08,-0.097,0.077,0.072,0.193,0.222,0.402,-0.481,0.105,0.388,-0.253,-0.176,-0.171,-0.346,0.368,0.272,0.116,0.635,0.378,0.195,-0.125,-0.02,0.367,0.604,0.6,0.472,-0.074,-0.308,0.366,0.033,0.275,0.212,-0.252,-0.324,0.206,0.525,0.405,0.638,0.271,0.557,0.205,0.108,0.364,0.058,0.349,-0.108,0.488,-0.393,-0.261,-0.217,0.493,0.27,0.377,0.417,0.047,0.397,0.3,0.376,0.535,-0.292,0.127,0.235,-0.042,-0.321,0.095,0.234,0.268,0.141,0.047,-0.031,0.366,0.355,0.071,-0.33,0.133,0.378,-0.315,0.245,-0.279,0.639,-0.243,0.476,0.6,0.28,0.224,-0.121,0.208,0.279,-0.305,-0.064,0.567,0.314,0.013,0.044,0.217,0.157,0.208,0.611,0.004,-0.138,0.191,0.153,-0.326,-0.114,0.132,0.351,-0.164,-0.015,-0.278,0.516,0.039,-0.25,0.153,-0.148,0.318,0.035,-0.132,0.505,0.146,0.312,0.251,0.078,-0.028,-0.114,0.019,0.135,-0.194,-0.117,-0.387,0.463,0.116,0.075,0.401,-0.127,-0.131,0.074,0.004,-0.483,-0.127,-0.156,-0.256,-0.191,-0.201,0.326,0.107
ADBE,0.675,0.606,0.598,1.0,0.372,-0.206,-0.069,0.286,0.487,0.731,0.207,-0.044,-0.182,0.849,-0.252,0.559,0.411,0.414,0.113,0.082,0.485,0.631,0.646,0.589,-0.436,0.463,0.478,-0.512,0.603,0.546,-0.419,0.647,0.531,0.237,-0.191,-0.594,0.139,-0.288,0.69,0.583,-0.149,0.31,0.191,0.283,0.618,0.265,-0.105,0.56,0.179,0.661,0.513,0.29,0.549,0.712,0.557,0.448,0.22,0.53,0.54,0.512,0.565,0.719,-0.518,0.41,0.767,-0.559,-0.149,0.059,-0.099,0.343,0.46,0.368,0.73,0.271,0.548,0.228,0.272,0.524,0.292,0.296,0.318,0.327,-0.081,0.032,-0.028,0.703,0.511,-0.174,-0.602,0.328,0.537,-0.026,0.426,0.633,0.698,0.338,0.147,0.545,-0.16,0.705,0.193,0.56,-0.338,0.253,-0.325,0.785,0.692,0.572,-0.018,0.075,0.409,0.667,0.646,0.807,-0.284,0.623,0.385,-0.097,0.145,0.384,0.029,0.64,0.465,-0.16,0.513,-0.101,0.692,0.324,0.022,-0.099,0.629,-0.047,-0.067,0.203,0.682,0.147,0.459,0.427,0.629,-0.243,0.166,0.291,0.651,-0.32,0.371,0.799,0.079,0.462,-0.076,0.592,0.63,0.038,0.626,0.47,0.365,0.358,-0.461,0.031,0.42,0.098,0.635,0.25,0.332,-0.372,0.714,-0.053,-0.003,0.533,0.321,0.611,0.036,0.282,0.552,0.472,0.661,0.573,-0.351,0.466,0.083,0.524,0.067,0.336,0.437,-0.2,0.297,0.336,0.578,0.479,0.353,-0.095,0.583,0.394,-0.009,-0.534,0.327,0.126,0.252,-0.019,0.486,0.315
ADI,0.196,0.596,0.007,0.372,1.0,0.097,0.311,0.454,0.72,0.419,0.401,0.215,-0.003,0.309,0.072,0.521,0.489,0.473,0.349,0.071,0.45,0.159,0.579,0.342,-0.266,0.114,0.141,0.069,0.338,0.317,-0.062,0.371,0.613,0.628,0.088,-0.001,0.519,-0.072,0.677,0.652,0.355,0.649,0.227,0.33,0.718,0.661,0.376,0.602,0.38,0.643,0.47,0.387,0.456,0.279,0.373,0.491,0.302,0.665,0.675,0.412,0.428,0.714,-0.039,0.628,0.545,-0.208,0.36,0.536,0.323,0.199,0.361,0.395,0.45,-0.129,0.674,0.592,0.655,0.523,-0.145,-0.157,0.251,0.638,0.331,-0.282,0.127,0.683,0.192,0.026,-0.207,0.594,0.287,-0.173,-0.202,0.33,0.482,0.568,0.429,0.608,0.061,0.682,0.631,0.346,0.315,0.608,0.026,0.422,0.472,0.356,-0.221,0.324,-0.087,0.694,0.27,0.468,-0.069,0.667,0.52,0.114,0.493,0.428,0.101,0.441,0.137,0.062,0.674,-0.282,0.421,0.581,0.709,0.038,0.374,0.585,-0.312,0.402,0.331,0.34,0.126,0.434,0.649,-0.589,0.365,0.426,0.369,0.245,0.604,0.405,0.014,0.53,0.209,0.74,0.392,-0.065,0.144,0.578,0.593,0.259,-0.443,0.505,0.572,0.27,0.472,0.687,0.532,-0.036,0.473,0.269,0.588,0.295,0.529,0.201,0.111,0.49,0.498,0.682,0.313,0.641,0.017,0.469,0.565,0.661,0.231,0.61,0.375,0.473,0.012,0.48,0.533,0.016,0.683,0.231,0.585,0.283,0.39,-0.439,0.5,0.682,0.613,0.424,0.658,0.161
ADMA,-0.455,-0.407,-0.191,-0.206,0.097,1.0,0.056,-0.101,-0.057,0.018,0.308,0.26,0.473,-0.378,0.053,0.103,-0.289,-0.211,0.203,0.294,-0.155,-0.207,-0.228,0.178,0.338,-0.423,-0.041,0.45,-0.456,0.104,0.525,-0.403,-0.06,0.307,0.604,0.449,0.332,0.391,-0.146,-0.189,0.363,-0.102,0.552,0.08,-0.045,0.11,0.435,0.172,0.494,-0.058,-0.285,-0.003,-0.402,-0.278,0.247,-0.421,-0.114,0.051,-0.225,-0.378,-0.329,-0.208,0.323,0.34,-0.163,0.378,0.577,0.31,0.287,0.218,0.112,-0.439,-0.06,-0.151,-0.028,0.351,0.295,0.102,-0.166,-0.162,0.183,-0.195,0.295,0.108,0.431,-0.129,-0.328,0.519,0.465,0.361,-0.397,0.068,-0.382,-0.287,0.146,0.254,0.209,-0.071,0.277,-0.021,0.218,-0.305,0.415,-0.025,0.552,-0.295,-0.177,-0.357,0.281,0.588,-0.389,-0.023,-0.425,-0.397,0.001,-0.237,0.286,0.575,0.244,-0.324,0.314,-0.198,-0.532,0.568,0.077,0.114,-0.366,0.131,0.336,0.359,-0.378,0.31,0.136,-0.307,0.056,-0.183,-0.135,0.122,0.048,-0.003,0.098,0.312,-0.403,0.427,-0.062,-0.221,-0.263,-0.244,0.134,-0.039,-0.384,0.206,-0.43,-0.258,-0.015,-0.328,0.237,0.038,-0.107,0.28,-0.138,-0.049,-0.236,0.623,-0.112,0.606,0.276,-0.373,0.191,-0.308,0.517,0.056,-0.02,-0.119,-0.342,-0.067,0.369,-0.338,0.294,-0.016,0.641,0.132,-0.211,0.328,0.305,-0.055,-0.279,-0.015,-0.2,0.449,-0.253,-0.423,0.16,0.461,-0.256,0.081,-0.021,0.366,0.178,0.308
AEP,-0.037,0.328,-0.43,-0.069,0.311,0.056,1.0,0.541,0.285,-0.077,-0.105,0.049,-0.344,-0.069,0.408,0.245,0.4,0.713,-0.167,-0.314,0.201,-0.531,0.377,-0.17,-0.377,-0.174,-0.372,0.347,0.155,-0.366,0.017,0.05,0.344,0.459,0.194,0.193,0.251,0.005,0.238,0.43,0.534,0.491,-0.112,0.195,0.311,0.6,0.337,0.045,0.028,0.121,0.434,0.513,0.523,-0.101,-0.15,0.518,0.331,0.486,0.506,0.191,0.091,0.129,0.655,0.353,0.369,0.079,0.338,0.49,0.399,-0.363,0.139,0.325,-0.14,-0.468,0.252,0.499,0.299,0.026,-0.593,-0.595,-0.42,0.343,0.641,-0.634,-0.015,0.3,0.176,0.297,0.014,0.137,-0.26,-0.55,-0.577,0.084,-0.143,0.167,0.073,-0.015,-0.147,0.295,0.38,-0.093,0.362,0.56,0.002,-0.008,0.223,-0.124,-0.5,0.113,-0.399,0.268,-0.028,0.043,0.302,0.398,-0.068,-0.089,0.734,0.442,-0.298,0.008,0.27,-0.119,0.485,-0.431,0.029,0.311,0.519,-0.108,-0.085,0.419,-0.403,0.547,-0.236,0.501,-0.343,-0.362,0.174,-0.545,0.23,0.056,0.138,0.311,0.459,0.002,-0.335,0.457,-0.047,0.227,0.139,-0.288,-0.334,0.457,0.601,0.297,-0.377,0.694,0.464,-0.16,-0.025,0.531,0.354,0.092,-0.228,-0.205,0.445,0.013,0.447,-0.15,-0.162,0.47,-0.06,0.269,0.152,0.145,-0.208,0.42,0.486,0.451,-0.105,0.608,0.562,0.684,-0.392,0.063,0.452,-0.517,0.507,0.158,0.265,0.446,0.888,-0.383,0.694,0.515,0.643,0.46,-0.03,-0.024
AGNC,0.375,0.566,-0.114,0.286,0.454,-0.101,0.541,1.0,0.465,0.132,-0.3,-0.26,-0.183,0.182,0.036,0.396,0.592,0.593,-0.329,-0.381,0.493,-0.118,0.494,0.129,-0.571,0.151,0.033,-0.096,0.497,-0.016,-0.34,0.485,0.706,0.55,0.065,-0.175,0.114,-0.307,0.556,0.582,0.12,0.513,-0.105,0.445,0.291,0.443,-0.133,0.097,-0.154,0.409,0.577,0.436,0.449,0.465,-0.163,0.41,0.517,0.544,0.599,0.452,0.39,0.447,0.128,0.249,0.568,-0.257,-0.088,0.276,0.35,-0.3,0.149,0.256,0.05,-0.134,0.343,0.442,0.35,-0.007,-0.338,-0.342,-0.235,0.416,0.157,-0.563,-0.199,0.551,0.36,0.318,-0.334,0.094,0.127,-0.454,-0.311,0.426,0.087,0.143,0.043,0.121,-0.54,0.455,0.392,0.106,0.003,0.617,-0.392,0.281,0.433,0.244,-0.366,-0.194,0.071,0.414,0.234,0.292,0.285,0.568,0.236,-0.03,0.528,0.642,-0.494,0.511,0.486,-0.18,0.66,-0.448,0.481,0.266,0.308,-0.392,0.135,0.206,-0.214,0.538,0.012,0.509,-0.187,-0.102,0.19,-0.477,-0.04,-0.113,0.492,-0.059,0.57,0.345,-0.31,0.58,-0.285,0.419,0.559,-0.337,0.045,0.545,0.426,0.289,-0.384,0.505,0.575,-0.254,0.184,0.593,0.596,-0.111,0.117,-0.28,0.34,0.517,0.419,0.339,-0.26,0.22,0.018,0.381,0.596,0.311,-0.468,0.547,0.409,0.445,-0.18,0.647,0.692,0.465,-0.206,0.222,0.611,-0.011,0.615,-0.212,0.534,0.51,0.526,-0.498,0.681,0.534,0.615,0.164,0.349,0.23
AKBA,0.292,0.641,0.058,0.487,0.72,-0.057,0.285,0.465,1.0,0.485,0.282,0.052,-0.107,0.509,-0.103,0.417,0.553,0.555,0.313,-0.031,0.518,0.136,0.634,0.33,-0.435,0.31,0.283,-0.223,0.542,0.248,-0.25,0.47,0.482,0.538,-0.096,-0.325,0.585,-0.201,0.672,0.62,0.259,0.624,0.125,0.179,0.724,0.526,0.281,0.548,0.394,0.667,0.508,0.329,0.631,0.308,0.451,0.579,0.189,0.619,0.674,0.495,0.579,0.73,-0.176,0.591,0.591,-0.471,0.182,0.392,0.081,0.238,0.381,0.539,0.482,-0.024,0.727,0.409,0.509,0.565,-0.078,-0.078,0.113,0.826,0.164,-0.246,0.101,0.772,0.373,-0.078,-0.354,0.499,0.401,-0.208,-0.142,0.496,0.408,0.505,0.285,0.625,-0.164,0.684,0.534,0.442,0.082,0.548,-0.076,0.595,0.524,0.473,-0.263,0.229,0.126,0.697,0.437,0.574,-0.22,0.712,0.321,-0.145,0.548,0.351,0.083,0.395,0.212,-0.3,0.559,-0.441,0.531,0.434,0.459,-0.064,0.532,0.409,-0.374,0.539,0.356,0.571,0.186,0.217,0.695,-0.594,0.507,0.289,0.502,0.008,0.695,0.434,0.012,0.505,0.155,0.732,0.53,-0.041,0.293,0.648,0.574,0.517,-0.607,0.354,0.677,0.298,0.609,0.654,0.576,-0.303,0.465,0.043,0.466,0.394,0.488,0.357,-0.05,0.615,0.563,0.711,0.351,0.617,-0.276,0.491,0.414,0.759,0.112,0.589,0.511,0.204,-0.056,0.489,0.514,-0.109,0.806,0.149,0.611,0.41,0.376,-0.532,0.524,0.629,0.537,0.225,0.523,0.198
ALT,0.368,0.412,0.354,0.731,0.419,0.018,-0.077,0.132,0.485,1.0,0.381,0.115,0.025,0.565,-0.229,0.674,0.292,0.347,0.366,0.097,0.412,0.429,0.656,0.464,-0.341,0.175,0.34,-0.209,0.309,0.375,-0.256,0.476,0.512,0.335,0.004,-0.392,0.25,-0.171,0.548,0.476,-0.01,0.32,0.418,0.279,0.576,0.401,0.146,0.624,0.342,0.66,0.453,0.417,0.418,0.345,0.594,0.34,0.307,0.343,0.463,0.354,0.489,0.655,-0.503,0.404,0.584,-0.405,0.034,0.085,0.12,0.331,0.435,0.224,0.686,0.044,0.591,0.432,0.275,0.575,0.121,0.133,0.352,0.394,-0.017,0.106,0.207,0.577,0.409,-0.072,-0.399,0.36,0.283,-0.136,0.309,0.409,0.568,0.326,0.141,0.573,-0.047,0.579,0.436,0.527,-0.07,0.275,-0.153,0.654,0.699,0.439,0.014,0.259,0.099,0.544,0.575,0.566,-0.113,0.529,0.5,0.043,0.148,0.297,0.176,0.337,0.179,-0.122,0.497,0.033,0.449,0.542,0.247,-0.006,0.673,0.206,-0.191,0.264,0.629,0.231,0.435,0.423,0.762,-0.398,0.397,0.332,0.399,-0.087,0.433,0.622,-0.005,0.349,-0.004,0.575,0.388,0.194,0.487,0.402,0.37,0.279,-0.472,0.12,0.38,0.308,0.584,0.244,0.289,-0.168,0.727,0.051,0.16,0.367,0.541,0.346,0.176,0.294,0.521,0.418,0.44,0.622,-0.208,0.413,0.25,0.567,0.293,0.409,0.359,0.064,0.166,0.313,0.495,0.299,0.361,0.058,0.473,0.202,0.143,-0.456,0.283,0.243,0.368,0.065,0.464,0.351
AMAT,-0.181,0.005,0.245,0.207,0.401,0.308,-0.105,-0.3,0.282,0.381,1.0,0.583,0.369,0.266,-0.053,0.385,-0.07,0.037,0.654,0.468,0.058,0.324,0.194,0.366,0.287,-0.13,0.267,0.218,-0.117,0.444,0.223,-0.11,0.071,0.128,0.117,0.192,0.495,0.363,0.065,0.133,0.265,-0.002,0.405,-0.141,0.399,0.257,0.484,0.604,0.619,0.286,-0.112,0.121,0.108,-0.167,0.734,0.0,-0.064,0.077,0.092,-0.063,0.084,0.223,-0.077,0.44,0.144,0.108,0.472,0.166,-0.043,0.543,0.514,0.166,0.414,0.039,0.308,0.287,0.22,0.647,0.171,0.162,0.582,0.16,0.095,0.314,0.356,0.249,-0.143,-0.025,0.164,0.545,0.081,0.273,0.107,0.017,0.481,0.528,0.445,0.617,0.427,0.289,0.169,0.143,0.314,-0.016,0.46,0.279,0.172,0.152,0.377,0.71,-0.099,0.425,0.032,0.179,-0.331,0.128,0.394,0.307,0.079,-0.116,0.58,-0.086,-0.272,0.133,0.097,0.302,-0.056,0.4,0.441,0.519,0.221,0.382,-0.022,-0.004,0.492,-0.069,0.234,0.534,0.53,-0.154,0.424,0.614,-0.124,0.286,0.073,0.057,0.321,-0.057,0.446,0.237,-0.14,0.372,0.159,-0.032,0.211,-0.003,-0.027,0.132,0.034,0.572,0.41,-0.076,-0.069,0.07,0.452,0.367,0.219,-0.129,0.29,-0.049,0.401,0.32,0.559,0.303,-0.097,0.418,0.387,-0.125,0.191,0.178,0.567,-0.037,-0.281,0.144,0.432,0.252,0.029,0.029,-0.037,0.401,0.019,-0.148,-0.022,-0.073,-0.112,0.121,0.03,0.173,0.283,0.075
AMD,-0.305,-0.143,-0.055,-0.044,0.215,0.26,0.049,-0.26,0.052,0.115,0.583,1.0,0.274,-0.056,-0.079,0.015,-0.065,0.02,0.423,0.244,-0.241,0.096,-0.041,0.013,0.268,-0.193,-0.004,0.411,-0.184,0.144,0.291,-0.214,-0.043,0.06,0.27,0.289,0.204,0.694,-0.104,-0.061,0.142,-0.085,0.299,0.041,0.217,0.085,0.384,0.2,0.479,0.016,-0.097,0.32,-0.046,-0.289,0.257,-0.075,-0.078,0.01,-0.117,-0.131,-0.009,0.026,0.136,0.233,-0.075,0.312,0.539,0.217,0.084,0.333,0.143,-0.02,0.162,-0.048,0.194,0.16,0.14,0.339,-0.036,-0.058,0.285,0.027,0.265,0.364,0.313,-0.065,-0.125,0.092,0.257,0.264,-0.146,0.143,-0.092,-0.212,0.081,0.094,0.408,0.232,0.329,0.146,0.079,0.069,0.231,-0.01,0.585,0.069,0.093,-0.082,0.259,0.436,-0.26,0.122,-0.004,-0.11,-0.068,-0.026,0.285,0.295,0.046,-0.156,0.3,-0.325,-0.375,0.269,-0.021,0.346,-0.237,0.219,0.306,0.28,0.031,0.201,0.001,0.048,0.122,-0.126,0.212,0.119,0.322,-0.067,0.58,0.301,-0.316,0.467,-0.127,-0.117,0.41,-0.232,0.221,0.07,-0.256,0.635,0.001,-0.147,-0.044,-0.18,0.042,0.193,-0.061,0.306,0.21,-0.109,-0.132,0.217,0.03,0.311,0.175,-0.225,0.109,-0.164,0.37,0.415,0.294,0.149,-0.181,0.252,0.382,-0.018,0.273,0.083,0.398,-0.022,-0.125,0.285,0.068,-0.045,-0.073,-0.051,-0.011,0.373,-0.178,-0.244,0.135,0.105,-0.115,0.034,-0.088,0.189,0.062,0.007
AMGN,-0.441,-0.515,0.103,-0.182,-0.003,0.473,-0.344,-0.183,-0.107,0.025,0.369,0.274,1.0,-0.275,-0.006,0.032,-0.484,-0.49,0.389,0.503,-0.326,0.063,-0.351,0.242,0.537,-0.347,0.121,0.356,-0.511,0.256,0.452,-0.427,-0.112,-0.105,0.444,0.455,0.042,0.384,-0.337,-0.418,0.115,-0.345,0.492,-0.049,-0.248,-0.166,0.247,0.114,0.326,-0.193,-0.499,-0.254,-0.537,-0.302,0.329,-0.576,-0.294,-0.337,-0.444,-0.467,-0.394,-0.222,0.04,-0.009,-0.299,0.509,0.33,0.124,0.048,0.366,0.166,-0.5,-0.008,0.078,-0.214,0.027,0.066,0.127,0.068,0.067,0.425,-0.26,-0.06,0.408,0.475,-0.228,-0.424,0.274,0.442,0.236,-0.243,0.478,0.08,-0.29,0.199,0.169,0.217,-0.149,0.392,-0.178,-0.072,-0.138,0.293,-0.378,0.49,-0.258,-0.251,-0.302,0.762,0.461,-0.195,-0.13,-0.382,-0.359,-0.097,-0.399,0.285,0.722,-0.258,-0.465,0.494,-0.296,-0.6,0.483,-0.226,0.393,-0.359,-0.064,0.111,0.435,-0.268,0.114,0.301,-0.431,0.154,-0.48,-0.01,0.395,0.061,0.218,-0.038,0.321,-0.465,0.38,-0.27,-0.252,0.075,-0.455,0.202,-0.122,-0.463,0.348,-0.192,-0.466,-0.27,-0.33,0.506,-0.171,-0.399,0.449,-0.141,-0.293,-0.499,0.479,-0.014,0.446,0.092,-0.364,-0.067,-0.261,0.507,-0.215,0.114,-0.232,-0.402,-0.195,0.488,-0.431,-0.007,-0.186,0.617,-0.155,-0.538,0.087,0.454,-0.116,-0.441,0.183,-0.301,0.266,-0.419,-0.573,-0.195,0.478,-0.561,-0.089,-0.304,0.116,0.308,0.161
AMZN,0.672,0.658,0.599,0.849,0.309,-0.378,-0.069,0.182,0.509,0.565,0.266,-0.056,-0.275,1.0,-0.374,0.452,0.435,0.412,0.15,0.038,0.453,0.663,0.606,0.5,-0.428,0.643,0.519,-0.63,0.64,0.491,-0.564,0.669,0.376,0.154,-0.456,-0.7,0.083,-0.399,0.591,0.578,-0.265,0.242,-0.091,0.097,0.549,0.168,-0.221,0.521,0.058,0.554,0.435,0.28,0.649,0.62,0.529,0.505,0.167,0.356,0.505,0.567,0.642,0.67,-0.516,0.262,0.668,-0.64,-0.334,-0.16,-0.269,0.271,0.333,0.509,0.66,0.336,0.438,0.09,0.065,0.47,0.474,0.464,0.308,0.353,-0.217,0.076,-0.194,0.636,0.508,-0.336,-0.68,0.241,0.661,0.035,0.396,0.669,0.555,0.272,0.147,0.654,-0.245,0.633,0.154,0.565,-0.443,0.246,-0.424,0.857,0.568,0.67,0.007,-0.033,0.515,0.618,0.679,0.864,-0.182,0.568,0.2,-0.342,0.116,0.436,-0.009,0.583,0.508,-0.442,0.383,-0.013,0.731,0.274,-0.09,-0.186,0.69,-0.13,-0.098,0.275,0.656,0.275,0.511,0.291,0.468,-0.11,0.065,0.158,0.64,-0.499,0.415,0.664,0.27,0.412,-0.097,0.471,0.613,0.031,0.755,0.453,0.249,0.329,-0.473,-0.102,0.348,0.068,0.574,0.147,0.402,-0.584,0.654,-0.285,-0.142,0.564,0.172,0.648,-0.194,0.193,0.505,0.424,0.628,0.616,-0.365,0.439,-0.047,0.476,-0.073,0.112,0.331,-0.324,0.289,0.296,0.55,0.285,0.334,-0.238,0.505,0.415,-0.138,-0.614,0.293,0.021,0.226,-0.245,0.264,0.051
APA,-0.313,-0.099,-0.311,-0.252,0.072,0.053,0.408,0.036,-0.103,-0.229,-0.053,-0.079,-0.006,-0.374,1.0,0.07,-0.0,0.123,0.04,-0.002,-0.001,-0.447,-0.017,-0.269,0.075,-0.276,-0.285,0.463,-0.191,-0.167,0.354,-0.262,0.088,0.105,0.263,0.509,0.168,0.088,-0.148,-0.006,0.537,0.23,0.023,-0.143,-0.067,0.321,0.442,-0.078,0.045,-0.108,0.087,-0.137,0.002,-0.3,-0.126,0.11,-0.106,0.162,0.117,-0.193,-0.331,-0.19,0.437,0.052,-0.064,0.403,0.349,0.382,0.313,-0.001,0.058,0.07,-0.336,-0.189,-0.1,0.141,0.224,-0.12,-0.393,-0.385,-0.129,0.074,0.461,-0.314,0.152,-0.085,-0.292,0.131,0.36,0.055,-0.266,0.008,-0.152,-0.168,0.006,0.33,-0.017,-0.189,0.35,-0.197,0.01,-0.152,0.47,0.07,0.274,-0.345,-0.12,-0.244,-0.203,0.207,-0.276,-0.045,-0.346,-0.255,-0.065,0.094,-0.142,0.187,0.158,-0.111,0.053,-0.097,0.044,0.125,0.008,-0.363,-0.161,0.048,0.41,0.215,-0.29,0.32,-0.126,-0.056,-0.304,-0.088,-0.457,0.004,0.037,-0.114,0.02,0.33,-0.154,0.585,0.041,-0.158,-0.214,0.093,0.309,0.014,-0.066,-0.298,-0.453,0.163,0.39,0.166,-0.026,0.5,0.017,-0.061,-0.211,0.304,-0.077,0.321,-0.238,0.213,0.271,-0.252,0.118,-0.258,0.184,0.099,-0.014,0.12,-0.234,-0.223,0.178,-0.048,0.171,-0.007,-0.07,0.283,-0.006,0.366,-0.159,0.072,0.038,-0.216,-0.021,0.444,-0.027,0.101,0.419,0.081,0.148,0.35,0.194,0.491,-0.0,-0.107
APPS,0.301,0.431,0.169,0.559,0.521,0.103,0.245,0.396,0.417,0.674,0.385,0.015,0.032,0.452,0.07,1.0,0.4,0.526,0.23,-0.056,0.505,0.185,0.675,0.412,-0.365,0.051,0.214,0.013,0.253,0.264,-0.19,0.419,0.675,0.527,0.019,-0.172,0.259,-0.05,0.529,0.597,0.155,0.506,0.211,0.357,0.586,0.666,0.144,0.733,0.278,0.679,0.555,0.407,0.462,0.327,0.501,0.314,0.431,0.502,0.589,0.315,0.342,0.535,-0.157,0.49,0.677,-0.261,0.132,0.28,0.42,0.158,0.572,0.215,0.511,-0.074,0.507,0.662,0.348,0.42,-0.141,-0.158,0.276,0.326,0.171,-0.254,0.055,0.624,0.323,0.035,-0.36,0.388,0.139,-0.28,0.083,0.383,0.62,0.495,0.179,0.508,-0.094,0.603,0.577,0.403,0.022,0.515,-0.122,0.471,0.672,0.351,-0.037,0.268,-0.053,0.607,0.316,0.473,0.07,0.592,0.462,0.084,0.344,0.524,-0.028,0.442,0.319,-0.029,0.566,-0.05,0.414,0.675,0.407,0.024,0.397,0.264,-0.278,0.366,0.429,0.332,0.289,0.413,0.601,-0.472,0.184,0.435,0.319,0.033,0.599,0.523,-0.216,0.591,0.064,0.536,0.412,-0.06,0.218,0.537,0.551,0.25,-0.45,0.424,0.458,0.14,0.47,0.416,0.401,-0.097,0.655,0.012,0.227,0.389,0.724,0.284,0.092,0.312,0.443,0.426,0.465,0.665,-0.248,0.486,0.376,0.48,0.218,0.53,0.354,0.401,0.136,0.278,0.72,0.231,0.345,0.081,0.477,0.362,0.32,-0.547,0.432,0.412,0.626,0.262,0.511,0.311
ARCC,0.559,0.739,-0.092,0.411,0.489,-0.289,0.4,0.592,0.553,0.292,-0.07,-0.065,-0.484,0.435,-0.0,0.4,1.0,0.665,-0.084,-0.502,0.746,0.175,0.634,0.137,-0.689,0.378,0.143,-0.23,0.795,0.031,-0.458,0.696,0.67,0.661,-0.326,-0.415,0.244,-0.246,0.653,0.78,0.128,0.704,-0.31,0.47,0.509,0.558,0.007,0.285,-0.037,0.562,0.861,0.516,0.676,0.515,-0.039,0.546,0.448,0.644,0.661,0.67,0.795,0.616,-0.141,0.344,0.6,-0.458,-0.087,0.229,0.339,-0.148,0.201,0.531,0.18,-0.046,0.641,0.391,0.23,0.178,-0.111,-0.121,-0.185,0.612,0.168,-0.411,-0.359,0.646,0.48,-0.122,-0.467,0.04,0.366,-0.49,-0.185,0.52,0.167,0.246,0.039,0.493,-0.473,0.563,0.527,0.415,-0.097,0.729,-0.342,0.485,0.574,0.487,-0.531,-0.238,0.216,0.51,0.605,0.536,0.21,0.749,0.224,-0.339,0.534,0.716,-0.356,0.566,0.603,-0.395,0.531,-0.39,0.72,0.477,0.213,-0.382,0.576,0.236,-0.48,0.75,0.177,0.677,0.124,-0.104,0.322,-0.53,0.286,0.0,0.638,-0.128,0.736,0.493,-0.143,0.712,-0.142,0.529,0.765,-0.185,0.332,0.757,0.484,0.42,-0.701,0.48,0.869,-0.318,0.531,0.685,0.803,-0.45,0.286,-0.357,0.353,0.69,0.43,0.511,-0.351,0.479,0.136,0.615,0.576,0.638,-0.568,0.712,0.443,0.584,-0.402,0.513,0.685,0.222,-0.354,0.444,0.765,0.063,0.701,-0.173,0.765,0.62,0.382,-0.683,0.677,0.534,0.708,0.126,0.28,0.131
ARDX,0.354,0.686,-0.075,0.414,0.473,-0.211,0.713,0.593,0.555,0.347,0.037,0.02,-0.49,0.412,0.123,0.526,0.665,1.0,-0.075,-0.352,0.504,-0.114,0.759,0.054,-0.612,0.167,-0.015,-0.111,0.516,-0.097,-0.437,0.457,0.551,0.551,-0.175,-0.327,0.387,-0.169,0.605,0.726,0.205,0.645,-0.177,0.301,0.653,0.678,0.118,0.361,0.004,0.56,0.71,0.629,0.817,0.261,0.137,0.747,0.463,0.654,0.849,0.561,0.532,0.55,0.072,0.55,0.734,-0.49,0.08,0.293,0.268,-0.186,0.305,0.681,0.342,-0.221,0.538,0.609,0.373,0.328,-0.375,-0.376,-0.134,0.58,0.361,-0.549,-0.143,0.657,0.552,0.043,-0.507,0.279,0.152,-0.606,-0.242,0.513,0.169,0.24,0.232,0.402,-0.303,0.649,0.521,0.357,-0.06,0.693,-0.321,0.488,0.644,0.43,-0.508,-0.008,-0.048,0.595,0.439,0.548,0.138,0.732,0.091,-0.361,0.644,0.669,-0.351,0.288,0.613,-0.409,0.688,-0.465,0.42,0.555,0.371,-0.192,0.395,0.258,-0.422,0.742,0.185,0.705,0.022,-0.12,0.479,-0.699,0.311,0.068,0.475,-0.074,0.662,0.445,-0.195,0.747,-0.056,0.557,0.537,-0.184,0.185,0.722,0.715,0.491,-0.727,0.624,0.674,-0.096,0.386,0.618,0.663,-0.363,0.335,-0.292,0.254,0.438,0.585,0.285,-0.36,0.602,0.318,0.529,0.593,0.552,-0.486,0.685,0.455,0.691,-0.185,0.688,0.753,0.412,-0.327,0.273,0.778,-0.241,0.711,-0.056,0.603,0.746,0.686,-0.789,0.856,0.54,0.731,0.227,0.204,0.006
ATER,-0.229,-0.103,0.127,0.113,0.349,0.203,-0.167,-0.329,0.313,0.366,0.654,0.423,0.389,0.15,0.04,0.23,-0.084,-0.075,1.0,0.57,0.046,0.257,0.227,0.329,0.254,0.044,0.2,0.198,-0.144,0.365,0.256,-0.054,-0.018,0.174,0.243,0.167,0.479,0.335,0.044,0.038,0.318,0.206,0.555,-0.18,0.327,0.23,0.595,0.631,0.571,0.251,-0.069,-0.107,-0.042,-0.173,0.637,-0.102,-0.402,0.105,0.008,-0.113,-0.086,0.143,-0.046,0.348,0.005,0.13,0.427,0.389,-0.03,0.623,0.416,-0.002,0.35,0.104,0.285,0.197,0.393,0.567,0.227,0.21,0.645,0.218,0.328,0.386,0.537,0.113,-0.064,-0.058,0.171,0.559,0.123,0.406,0.146,-0.032,0.44,0.572,0.339,0.407,0.507,0.172,0.353,0.358,0.33,-0.008,0.53,0.127,0.136,0.078,0.285,0.605,-0.068,0.353,-0.05,0.06,-0.277,0.166,0.259,0.289,-0.025,-0.236,0.677,-0.074,-0.433,0.121,0.01,0.241,0.04,0.242,0.349,0.514,0.208,0.411,-0.111,-0.072,0.345,-0.106,0.32,0.53,0.532,0.031,0.442,0.664,-0.131,0.374,0.2,0.067,0.3,-0.056,0.593,0.397,-0.136,0.498,0.052,0.113,0.196,0.051,-0.102,0.085,0.04,0.598,0.366,0.074,-0.139,0.258,0.367,0.458,0.287,-0.19,0.274,-0.073,0.579,0.297,0.577,0.325,-0.299,0.278,0.507,-0.097,0.179,0.226,0.535,0.098,-0.248,0.071,0.326,0.29,-0.046,-0.017,0.035,0.566,0.021,-0.299,-0.037,0.042,-0.25,0.279,0.125,0.338,0.43,0.114
ATOS,-0.31,-0.347,0.365,0.082,0.071,0.294,-0.314,-0.381,-0.031,0.097,0.468,0.244,0.503,0.038,-0.002,-0.056,-0.502,-0.352,0.57,1.0,-0.253,0.332,-0.126,0.415,0.611,-0.014,0.316,0.196,-0.363,0.557,0.437,-0.327,-0.323,-0.225,0.417,0.262,0.282,0.243,-0.13,-0.31,0.234,-0.224,0.648,-0.445,0.028,-0.098,0.418,0.318,0.438,-0.08,-0.44,-0.351,-0.314,-0.198,0.537,-0.295,-0.537,-0.101,-0.269,-0.295,-0.379,-0.089,0.014,0.238,-0.157,0.257,0.369,0.117,-0.296,0.625,0.201,-0.174,0.287,0.321,-0.097,0.009,0.363,0.438,0.411,0.42,0.693,-0.253,0.146,0.526,0.638,-0.122,-0.25,0.229,0.309,0.588,0.064,0.653,0.258,-0.062,0.359,0.441,0.414,0.023,0.592,-0.074,-0.16,0.05,0.332,-0.325,0.449,-0.022,-0.201,-0.09,0.476,0.58,0.036,0.179,-0.279,-0.066,-0.433,-0.222,0.129,0.475,-0.297,-0.547,0.776,-0.15,-0.475,0.287,-0.063,0.305,-0.185,-0.089,0.142,0.696,-0.133,0.256,0.262,-0.518,0.434,-0.587,0.125,0.5,0.21,0.365,0.069,0.512,-0.211,0.234,-0.27,-0.004,0.412,-0.38,0.566,0.083,-0.381,0.421,0.065,-0.303,-0.05,-0.131,0.286,-0.169,-0.361,0.714,0.083,-0.337,-0.5,0.367,0.168,0.578,0.162,-0.333,-0.154,-0.1,0.636,-0.07,0.392,-0.042,-0.289,-0.112,0.77,-0.47,-0.089,-0.103,0.706,-0.161,-0.482,-0.114,0.679,0.143,-0.395,0.021,-0.343,0.505,-0.235,-0.48,-0.273,0.374,-0.405,-0.106,-0.287,0.202,0.214,0.079
AUPH,0.544,0.641,0.106,0.485,0.45,-0.155,0.201,0.493,0.518,0.412,0.058,-0.241,-0.326,0.453,-0.001,0.505,0.746,0.504,0.046,-0.253,1.0,0.234,0.613,0.375,-0.59,0.306,0.254,-0.251,0.713,0.273,-0.453,0.624,0.684,0.592,-0.239,-0.412,0.34,-0.401,0.641,0.702,0.102,0.585,-0.072,0.238,0.46,0.474,-0.016,0.423,0.046,0.648,0.689,0.25,0.526,0.503,0.213,0.442,0.316,0.564,0.633,0.5,0.663,0.572,-0.27,0.345,0.654,-0.516,-0.113,0.19,0.234,0.077,0.335,0.456,0.322,-0.01,0.573,0.436,0.28,0.332,0.154,0.148,0.073,0.487,0.059,-0.391,-0.145,0.679,0.282,-0.147,-0.483,0.171,0.352,-0.289,-0.02,0.524,0.376,0.415,0.132,0.55,-0.372,0.508,0.453,0.369,-0.098,0.595,-0.345,0.516,0.494,0.518,-0.39,-0.068,0.336,0.547,0.449,0.521,-0.014,0.745,0.369,-0.204,0.356,0.545,-0.211,0.628,0.475,-0.359,0.525,-0.356,0.727,0.481,0.202,-0.215,0.471,0.188,-0.464,0.589,0.42,0.499,0.072,0.208,0.411,-0.452,0.173,0.146,0.567,-0.147,0.63,0.454,-0.193,0.621,-0.014,0.517,0.743,-0.217,0.283,0.667,0.461,0.436,-0.603,0.321,0.824,-0.134,0.531,0.529,0.618,-0.363,0.428,-0.2,0.285,0.579,0.462,0.484,-0.171,0.307,0.207,0.558,0.628,0.602,-0.465,0.485,0.386,0.527,-0.196,0.457,0.492,0.111,-0.096,0.722,0.688,0.127,0.507,-0.116,0.864,0.475,0.225,-0.643,0.539,0.535,0.604,0.113,0.368,0.107
AVGO,0.428,0.284,0.697,0.631,0.159,-0.207,-0.531,-0.118,0.136,0.429,0.324,0.096,0.063,0.663,-0.447,0.185,0.175,-0.114,0.257,0.332,0.234,1.0,0.218,0.566,-0.006,0.453,0.574,-0.409,0.354,0.605,-0.213,0.497,0.136,-0.03,-0.282,-0.392,-0.078,-0.128,0.318,0.255,-0.317,-0.061,0.106,0.057,0.267,-0.147,-0.15,0.357,0.111,0.363,0.143,0.036,0.099,0.601,0.421,-0.014,-0.051,0.085,0.025,0.235,0.458,0.454,-0.617,0.045,0.292,-0.264,-0.195,-0.249,-0.299,0.447,0.184,0.119,0.582,0.502,0.282,-0.147,-0.042,0.366,0.644,0.648,0.556,0.001,-0.353,0.484,-0.076,0.283,0.174,-0.277,-0.354,0.18,0.588,0.406,0.563,0.382,0.493,0.203,0.186,0.514,-0.048,0.326,-0.059,0.439,-0.329,-0.155,-0.177,0.644,0.267,0.505,0.278,-0.036,0.525,0.364,0.556,0.553,-0.323,0.231,0.399,0.049,-0.272,0.089,0.257,0.468,0.154,-0.016,0.091,0.344,0.519,0.128,-0.229,0.029,0.596,-0.121,0.107,-0.121,0.668,-0.177,0.553,0.525,0.286,0.211,0.007,0.217,0.34,-0.309,0.079,0.56,0.396,0.012,-0.009,0.299,0.283,0.231,0.751,0.07,-0.167,-0.006,-0.021,-0.326,0.076,0.132,0.563,-0.159,0.116,-0.309,0.55,0.036,-0.064,0.411,-0.125,0.528,0.079,-0.092,0.375,0.216,0.345,0.392,0.046,-0.01,-0.108,0.096,0.085,-0.262,-0.106,-0.471,0.48,0.212,0.086,0.564,-0.052,-0.182,0.26,-0.044,-0.518,-0.116,-0.23,-0.206,-0.12,-0.307,0.334,0.165
AZN,0.522,0.715,0.134,0.646,0.579,-0.228,0.377,0.494,0.634,0.656,0.194,-0.041,-0.351,0.606,-0.017,0.675,0.634,0.759,0.227,-0.126,0.613,0.218,1.0,0.372,-0.578,0.365,0.242,-0.238,0.581,0.22,-0.476,0.607,0.634,0.549,-0.117,-0.442,0.369,-0.294,0.725,0.787,0.152,0.701,0.106,0.271,0.741,0.691,0.143,0.621,0.116,0.77,0.719,0.552,0.702,0.48,0.39,0.644,0.378,0.632,0.849,0.64,0.548,0.707,-0.221,0.55,0.797,-0.539,0.026,0.289,0.205,0.109,0.454,0.57,0.578,-0.024,0.645,0.589,0.449,0.516,-0.056,-0.063,0.207,0.604,0.242,-0.333,-0.012,0.774,0.557,-0.006,-0.594,0.41,0.361,-0.346,-0.024,0.629,0.482,0.442,0.196,0.578,-0.232,0.739,0.592,0.553,-0.092,0.612,-0.324,0.672,0.742,0.619,-0.381,0.127,0.122,0.781,0.496,0.731,0.001,0.831,0.288,-0.274,0.482,0.652,-0.102,0.518,0.544,-0.378,0.762,-0.297,0.627,0.598,0.324,-0.149,0.564,0.288,-0.44,0.575,0.42,0.544,0.272,0.193,0.658,-0.555,0.337,0.296,0.626,-0.087,0.735,0.614,-0.06,0.755,0.048,0.757,0.621,-0.092,0.368,0.818,0.688,0.487,-0.739,0.426,0.665,0.1,0.591,0.577,0.651,-0.346,0.656,-0.153,0.27,0.549,0.652,0.442,-0.079,0.487,0.48,0.622,0.66,0.671,-0.375,0.669,0.387,0.752,-0.031,0.648,0.682,0.264,-0.043,0.415,0.784,0.002,0.675,0.032,0.718,0.614,0.423,-0.796,0.673,0.526,0.716,0.166,0.439,0.14
BCRX,0.452,0.316,0.628,0.589,0.342,0.178,-0.17,0.129,0.33,0.464,0.366,0.013,0.242,0.5,-0.269,0.412,0.137,0.054,0.329,0.415,0.375,0.566,0.372,1.0,0.03,0.206,0.48,-0.116,0.276,0.65,-0.118,0.316,0.356,0.25,0.091,-0.139,0.265,-0.085,0.533,0.453,0.022,0.212,0.372,0.114,0.478,0.264,0.113,0.594,0.357,0.505,0.187,0.157,0.129,0.447,0.619,0.014,0.007,0.315,0.226,0.306,0.241,0.533,-0.308,0.491,0.546,-0.167,0.138,0.202,0.057,0.491,0.51,0.006,0.635,0.224,0.414,0.362,0.333,0.675,0.397,0.385,0.552,0.152,0.007,0.248,0.219,0.575,0.189,0.018,-0.244,0.512,0.369,0.207,0.178,0.339,0.731,0.529,0.367,0.439,0.046,0.556,0.309,0.457,-0.036,0.116,0.01,0.485,0.366,0.347,0.277,0.327,0.192,0.582,0.305,0.505,-0.17,0.327,0.455,0.271,0.096,0.226,0.423,0.406,0.019,0.155,0.337,0.232,0.424,0.37,0.019,0.22,0.366,0.135,-0.113,-0.094,0.734,-0.044,0.397,0.636,0.476,-0.08,-0.006,0.478,0.423,0.021,0.302,0.537,0.006,0.191,0.109,0.535,0.237,0.249,0.392,0.264,0.081,0.197,-0.041,-0.066,0.237,0.29,0.425,0.124,0.154,-0.029,0.513,0.267,0.212,0.269,0.196,0.335,0.288,0.095,0.441,0.384,0.348,0.461,0.09,0.149,0.321,0.354,0.413,0.118,0.077,-0.004,0.515,0.34,0.224,0.265,0.119,0.128,0.299,-0.066,-0.167,-0.216,-0.021,0.213,0.196,0.064,0.574,0.316
BGC,-0.604,-0.64,0.137,-0.436,-0.266,0.338,-0.377,-0.571,-0.435,-0.341,0.287,0.268,0.537,-0.428,0.075,-0.365,-0.689,-0.612,0.254,0.611,-0.59,-0.006,-0.578,0.03,1.0,-0.28,-0.006,0.416,-0.713,0.142,0.591,-0.727,-0.557,-0.471,0.306,0.552,-0.019,0.498,-0.509,-0.602,0.041,-0.495,0.353,-0.455,-0.343,-0.395,0.252,-0.096,0.207,-0.422,-0.657,-0.397,-0.676,-0.518,0.114,-0.519,-0.461,-0.47,-0.628,-0.435,-0.645,-0.463,0.222,-0.122,-0.55,0.57,0.346,-0.042,-0.194,0.329,-0.087,-0.464,-0.088,0.218,-0.397,-0.203,-0.085,0.014,0.238,0.251,0.359,-0.547,0.008,0.494,0.403,-0.534,-0.474,0.147,0.507,0.212,-0.231,0.621,0.11,-0.448,-0.033,0.053,0.167,-0.342,0.57,-0.473,-0.373,-0.235,0.248,-0.571,0.546,-0.467,-0.519,-0.441,0.526,0.325,-0.182,-0.3,-0.587,-0.493,-0.173,-0.614,-0.13,0.354,-0.448,-0.611,0.545,-0.503,-0.655,0.443,-0.484,0.511,-0.627,-0.271,-0.168,0.624,-0.498,-0.058,0.399,-0.66,-0.041,-0.719,0.003,0.272,-0.213,0.517,-0.075,0.243,-0.652,0.317,-0.607,-0.389,0.207,-0.677,0.468,-0.334,-0.699,0.38,-0.301,-0.589,-0.433,-0.364,0.691,-0.254,-0.644,0.457,-0.299,-0.488,-0.619,0.478,-0.268,0.503,-0.084,-0.565,-0.411,-0.413,0.441,-0.2,0.018,-0.404,-0.575,-0.45,0.787,-0.618,-0.211,-0.547,0.522,-0.451,-0.702,-0.064,0.429,-0.215,-0.676,-0.103,-0.592,0.418,-0.637,-0.682,-0.376,0.578,-0.608,-0.353,-0.515,0.106,-0.101,-0.148
BIDU,0.471,0.484,0.335,0.463,0.114,-0.423,-0.174,0.151,0.31,0.175,-0.13,-0.193,-0.347,0.643,-0.276,0.051,0.378,0.167,0.044,-0.014,0.306,0.453,0.365,0.206,-0.28,1.0,0.636,-0.549,0.599,0.445,-0.495,0.524,0.178,0.036,-0.394,-0.598,-0.005,-0.382,0.382,0.32,-0.352,0.171,-0.162,-0.117,0.202,-0.058,-0.373,0.112,-0.251,0.264,0.285,0.025,0.264,0.465,0.087,0.313,-0.031,0.222,0.346,0.432,0.404,0.401,-0.452,-0.058,0.274,-0.598,-0.471,-0.272,-0.314,0.156,-0.099,0.365,0.325,0.69,0.169,-0.079,0.017,0.118,0.577,0.563,0.234,0.225,-0.258,0.062,-0.225,0.296,0.37,-0.193,-0.614,0.067,0.833,0.205,0.181,0.713,0.219,0.102,0.035,0.337,-0.238,0.209,0.024,0.362,-0.449,0.272,-0.366,0.497,0.239,0.608,-0.171,-0.28,0.785,0.328,0.358,0.538,-0.009,0.454,-0.053,-0.457,-0.104,0.295,-0.137,0.52,0.487,-0.486,0.189,-0.079,0.708,-0.022,-0.317,-0.245,0.347,-0.269,-0.096,0.134,0.318,0.168,0.366,0.061,0.063,0.333,-0.056,-0.128,0.528,-0.54,0.19,0.422,0.298,0.211,-0.064,0.264,0.649,0.083,0.484,0.355,0.097,0.094,-0.3,-0.256,0.234,-0.038,0.372,0.059,0.306,-0.43,0.297,-0.293,-0.195,0.603,-0.14,0.804,-0.19,0.047,0.204,0.209,0.5,0.28,-0.266,0.23,-0.212,0.238,-0.258,0.011,0.266,-0.4,0.167,0.228,0.344,0.246,0.262,-0.217,0.435,0.303,-0.298,-0.438,0.176,-0.023,0.091,-0.359,0.069,-0.196
BILI,0.315,0.187,0.436,0.478,0.141,-0.041,-0.372,0.033,0.283,0.34,0.267,-0.004,0.121,0.519,-0.285,0.214,0.143,-0.015,0.2,0.316,0.254,0.574,0.242,0.48,-0.006,0.636,1.0,-0.32,0.45,0.794,-0.268,0.352,0.176,-0.006,-0.084,-0.414,0.28,-0.119,0.211,0.145,-0.137,-0.096,0.209,-0.229,0.197,-0.028,-0.12,0.306,0.091,0.302,0.008,-0.048,0.019,0.402,0.399,-0.054,-0.214,0.095,0.147,0.177,0.296,0.356,-0.462,0.184,0.189,-0.406,-0.099,-0.223,-0.3,0.583,0.144,0.142,0.474,0.804,0.131,0.125,0.077,0.399,0.531,0.52,0.641,0.102,-0.322,0.386,0.044,0.352,0.136,-0.032,-0.328,0.327,0.628,0.407,0.253,0.745,0.467,0.349,0.295,0.355,-0.006,0.222,-0.054,0.172,-0.183,0.134,-0.032,0.45,0.099,0.616,0.155,0.137,0.746,0.401,0.249,0.396,-0.299,0.25,0.216,0.012,-0.099,-0.019,0.273,0.443,0.272,-0.268,0.229,0.004,0.517,0.046,-0.126,0.175,0.298,-0.013,0.048,-0.087,0.628,-0.084,0.25,0.368,0.201,0.253,-0.034,0.191,0.431,-0.265,0.045,0.421,0.203,-0.003,0.109,0.179,0.496,0.29,0.43,0.05,0.024,0.067,-0.139,-0.299,0.144,0.315,0.424,-0.18,0.091,-0.255,0.479,0.069,0.003,0.576,-0.028,0.798,0.192,0.005,0.254,0.195,0.401,0.254,-0.069,-0.064,-0.12,0.137,0.199,-0.098,-0.069,-0.33,0.62,0.301,0.14,0.406,-0.01,-0.068,0.328,0.057,-0.373,-0.227,-0.079,-0.014,-0.112,-0.325,0.23,0.085
BKR,-0.602,-0.339,-0.393,-0.512,0.069,0.45,0.347,-0.096,-0.223,-0.209,0.218,0.411,0.356,-0.63,0.463,0.013,-0.23,-0.111,0.198,0.196,-0.251,-0.409,-0.238,-0.116,0.416,-0.549,-0.32,1.0,-0.54,-0.203,0.671,-0.472,-0.047,0.035,0.521,0.852,0.15,0.579,-0.29,-0.169,0.5,-0.023,0.309,-0.101,-0.069,0.223,0.578,-0.088,0.237,-0.274,-0.15,0.099,-0.368,-0.525,-0.113,-0.221,0.016,-0.057,-0.203,-0.482,-0.489,-0.304,0.582,0.052,-0.292,0.761,0.691,0.393,0.411,0.042,0.083,-0.256,-0.271,-0.308,-0.04,0.252,0.15,0.001,-0.393,-0.38,-0.03,-0.139,0.487,0.005,0.339,-0.279,-0.393,0.332,0.59,0.059,-0.471,0.065,-0.389,-0.416,-0.187,0.113,0.159,-0.232,0.324,-0.262,0.123,-0.334,0.616,0.044,0.657,-0.481,-0.162,-0.513,0.094,0.399,-0.549,-0.216,-0.507,-0.527,0.208,-0.17,0.031,0.496,0.148,-0.15,0.235,-0.398,-0.408,0.469,-0.102,0.236,-0.494,0.171,0.433,0.374,-0.426,0.39,-0.197,-0.074,-0.334,-0.193,-0.252,0.049,0.019,-0.056,0.238,0.261,-0.516,0.762,-0.124,-0.445,-0.16,-0.167,0.249,-0.114,-0.488,0.202,-0.591,-0.153,0.105,-0.168,0.394,0.361,-0.115,0.227,-0.223,0.004,-0.331,0.646,-0.354,0.354,0.443,-0.488,0.182,-0.52,0.374,0.183,-0.157,-0.122,-0.457,-0.174,0.473,-0.204,0.309,-0.153,0.315,0.094,-0.203,0.605,-0.111,-0.134,-0.169,-0.348,-0.142,0.466,-0.28,-0.286,0.419,0.283,-0.099,0.22,0.129,0.503,-0.029,-0.043
BLDP,0.78,0.73,0.17,0.603,0.338,-0.456,0.155,0.497,0.542,0.309,-0.117,-0.184,-0.511,0.64,-0.191,0.253,0.795,0.516,-0.144,-0.363,0.713,0.354,0.581,0.276,-0.713,0.599,0.45,-0.54,1.0,0.329,-0.596,0.791,0.537,0.365,-0.416,-0.665,0.213,-0.422,0.618,0.646,-0.077,0.433,-0.277,0.191,0.447,0.315,-0.235,0.204,-0.121,0.509,0.627,0.301,0.651,0.696,0.074,0.504,0.215,0.527,0.595,0.623,0.79,0.637,-0.377,0.222,0.607,-0.671,-0.3,0.018,-0.071,0.066,0.196,0.537,0.312,0.255,0.528,0.18,0.111,0.288,0.149,0.13,-0.04,0.575,-0.134,-0.201,-0.38,0.684,0.505,-0.277,-0.595,0.037,0.609,-0.251,0.071,0.726,0.27,0.2,0.039,0.492,-0.427,0.547,0.245,0.363,-0.273,0.56,-0.431,0.628,0.427,0.7,-0.476,-0.293,0.593,0.526,0.661,0.648,-0.1,0.693,0.131,-0.403,0.335,0.535,-0.268,0.703,0.666,-0.552,0.458,-0.461,0.844,0.196,-0.008,-0.345,0.59,0.031,-0.351,0.572,0.365,0.524,0.116,0.004,0.296,-0.339,0.136,-0.039,0.858,-0.373,0.5,0.581,0.015,0.528,-0.187,0.443,0.893,-0.136,0.51,0.598,0.354,0.414,-0.645,0.136,0.734,-0.251,0.55,0.41,0.63,-0.623,0.358,-0.421,0.126,0.783,0.173,0.764,-0.293,0.327,0.173,0.585,0.681,0.517,-0.635,0.537,0.132,0.515,-0.431,0.291,0.604,-0.16,-0.107,0.494,0.634,0.212,0.556,-0.297,0.804,0.566,0.093,-0.661,0.517,0.303,0.363,-0.19,0.228,0.048
BLNK,0.25,0.182,0.56,0.546,0.317,0.104,-0.366,-0.016,0.248,0.375,0.444,0.144,0.256,0.491,-0.167,0.264,0.031,-0.097,0.365,0.557,0.273,0.605,0.22,0.65,0.142,0.445,0.794,-0.203,0.329,1.0,-0.065,0.235,0.266,0.039,0.081,-0.188,0.336,-0.032,0.301,0.169,-0.018,-0.016,0.445,-0.203,0.278,0.065,0.058,0.453,0.283,0.312,-0.045,-0.103,0.003,0.343,0.598,-0.045,-0.267,0.221,0.143,0.119,0.171,0.394,-0.37,0.313,0.275,-0.227,0.101,0.025,-0.27,0.731,0.327,0.072,0.534,0.637,0.232,0.189,0.299,0.543,0.588,0.571,0.757,0.061,-0.14,0.407,0.26,0.37,0.022,0.0,-0.187,0.534,0.561,0.553,0.325,0.51,0.695,0.577,0.384,0.424,0.257,0.312,-0.001,0.215,0.002,0.079,0.142,0.406,0.131,0.456,0.262,0.387,0.547,0.519,0.129,0.365,-0.429,0.26,0.367,0.216,-0.115,-0.081,0.45,0.454,0.018,0.012,0.243,0.11,0.465,0.087,0.072,0.373,0.201,0.082,0.081,-0.225,0.72,-0.291,0.236,0.642,0.384,0.207,0.037,0.483,0.35,-0.04,-0.018,0.403,0.334,-0.054,0.336,0.316,0.377,0.367,0.373,0.051,0.089,0.019,-0.028,-0.178,0.087,0.42,0.407,-0.108,-0.057,-0.063,0.494,0.326,0.079,0.301,-0.018,0.564,0.458,0.07,0.457,0.331,0.297,0.3,0.217,-0.124,-0.026,0.136,0.395,-0.012,-0.142,-0.196,0.738,0.45,0.11,0.425,-0.056,0.187,0.319,-0.138,-0.349,-0.127,-0.118,0.037,-0.115,-0.04,0.443,0.106
BYND,-0.637,-0.526,-0.173,-0.419,-0.062,0.525,0.017,-0.34,-0.25,-0.256,0.223,0.291,0.452,-0.564,0.354,-0.19,-0.458,-0.437,0.256,0.437,-0.453,-0.213,-0.476,-0.118,0.591,-0.495,-0.268,0.671,-0.596,-0.065,1.0,-0.643,-0.37,-0.172,0.524,0.755,0.095,0.579,-0.413,-0.469,0.525,-0.254,0.42,-0.282,-0.202,-0.053,0.61,-0.089,0.458,-0.341,-0.437,-0.283,-0.501,-0.509,0.072,-0.388,-0.299,-0.133,-0.445,-0.623,-0.532,-0.401,0.469,-0.024,-0.486,0.771,0.672,0.395,0.043,0.199,0.123,-0.406,-0.222,-0.142,-0.12,-0.114,0.099,-0.009,-0.177,-0.174,0.004,-0.301,0.321,0.177,0.423,-0.441,-0.503,0.276,0.808,0.14,-0.361,0.327,-0.009,-0.564,-0.032,0.181,-0.045,-0.288,0.576,-0.318,-0.148,-0.382,0.646,-0.301,0.781,-0.515,-0.387,-0.542,0.259,0.517,-0.421,-0.283,-0.542,-0.543,-0.19,-0.396,-0.053,0.538,-0.108,-0.542,0.504,-0.383,-0.604,0.58,-0.363,0.186,-0.57,-0.191,0.324,0.589,-0.457,0.351,0.172,-0.423,-0.265,-0.534,-0.23,0.153,-0.044,0.187,0.244,0.396,-0.505,0.575,-0.362,-0.359,-0.03,-0.465,0.398,-0.214,-0.618,0.129,-0.48,-0.434,0.006,-0.248,0.516,0.085,-0.316,0.359,-0.154,-0.183,-0.529,0.67,-0.334,0.462,0.3,-0.66,-0.092,-0.55,0.59,0.075,0.02,-0.219,-0.696,-0.37,0.679,-0.485,0.004,-0.31,0.416,-0.122,-0.422,0.218,0.149,-0.103,-0.483,-0.196,-0.373,0.609,-0.402,-0.486,0.073,0.634,-0.423,-0.067,-0.286,0.466,0.0,0.115
