,AAL,AAPL,ABUS,ADBE,ADI,ADMA,AEP,AGNC,AKBA,ALT,AMAT,AMD,AMGN,AMZN,APA,APPS,ARCC,ARDX,ATER,ATOS,AUPH,AVGO,AZN,BCRX,BGC,BIDU,BILI,BKR,BLDP,BLNK,BYND,CAN,CELH,CG,CGC,CHRD,CLNE,CMCSA,COMM,COST,CPB,CPRT,CRON,CRWD,CSCO,CSGP,CSX,CTSH,CZR,DBX,DDOG,DKNG,DLTR,DOCU,DVAX,DXCM,EA,EBAY,ENPH,ERIC,ESPR,ETSY,EXC,EXEL,EXPE,FANG,FAST,FITB,FLEX,FOLD,FOXA,FSLR,FTNT,FUTU,GEN,GERN,GEVO,GILD,GOOG,GOOGL,GPRO,GT,HBAN,HIVE,HON,HST,HUT,IBRX,INTC,IOVA,IQ,IRWD,JBLU,JD,KDP,KHC,LBTYK,LRCX,LYFT,MAR,MARA,MAT,MCHP,MCRB,MDLZ,META,MGNI,MLCO,MNKD,MNST,MOMO,MRNA,MRVL,MSFT,MSTR,MTCH,MU,MVIS,NDAQ,NFLX,NKTR,NNDM,NTES,NTNX,NVAX,NVDA,NWL,NWSA,NXPI,OCGN,OKTA,ON,OPK,PAA,PACB,PAGP,PANW,PARA,PCAR,PDD,PENN,PEP,PLUG,PTEN,PTON,PYPL,QCOM,QUBT,QVCGA,RDFN,REAL,RIOT,ROKU,ROST,RUN,SABR,SAVA,SBUX,SFIX,SGMO,SIRI,SLM,SMCI,SNDL,SONO,STNE,STX,TCOM,TGTX,TIGR,TLRY,TMUS,TRIP,TSCO,TSLA,TTD,TXN,UAL,UNIT,VERU,VKTX,VLY,VOD,VTRS,VXRT,WBA,WBD,WDAY,WDC,WEN,WW,WYNN,XEL,XP,XRAY,XRX,Z,ZION,ZM,ZS
AAL,1.0,-0.295,-0.514,0.641,-0.445,-0.252,0.506,0.465,0.351,0.411,-0.252,-0.33,0.461,0.536,0.476,0.798,-0.283,0.497,0.401,0.572,-0.022,0.063,0.076,-0.254,0.397,0.588,0.358,0.171,-0.126,0.11,0.238,-0.094,0.316,0.071,0.456,-0.301,-0.468,0.49,-0.397,-0.283,0.784,0.671,0.538,0.011,0.623,0.815,0.442,0.459,0.612,0.681,0.037,0.749,0.451,0.631,-0.411,0.537,-0.437,-0.216,-0.597,-0.413,0.165,0.397,0.573,0.269,0.368,0.234,0.642,0.692,-0.634,-0.11,-0.422,-0.645,0.294,-0.16,-0.132,0.668,0.277,0.652,-0.161,-0.15,0.357,0.597,0.645,-0.463,0.319,0.698,-0.176,0.455,0.306,0.392,0.537,0.277,0.767,0.656,0.157,0.746,0.614,-0.221,0.47,0.659,-0.239,0.684,-0.227,-0.064,0.719,0.037,-0.498,0.125,-0.096,0.761,0.564,-0.379,-0.378,-0.063,-0.36,0.382,-0.231,0.239,0.488,-0.374,0.741,-0.3,0.618,0.393,-0.274,-0.589,0.722,-0.396,-0.215,0.24,0.641,0.14,-0.438,0.504,0.318,0.602,0.207,0.382,0.182,-0.417,0.373,0.753,-0.066,0.495,0.478,0.416,-0.396,0.466,0.159,0.506,0.029,-0.031,0.565,-0.5,-0.634,-0.117,0.034,-0.419,0.184,0.029,0.601,0.35,0.154,0.535,0.546,0.39,0.194,0.513,0.285,0.004,0.535,-0.624,0.092,-0.373,-0.2,-0.375,-0.168,0.712,0.424,0.693,0.389,0.901,-0.135,0.393,0.08,0.773,0.268,0.669,-0.339,0.569,0.491,0.733,0.525,0.552,0.482,0.056,0.634,0.614,0.462,0.577
AAPL,-0.295,1.0,0.533,-0.417,0.576,0.706,0.307,0.496,-0.643,0.186,0.652,0.659,0.353,-0.592,0.109,0.141,0.713,-0.443,0.08,-0.458,0.552,0.675,0.487,0.718,0.144,-0.524,0.306,0.373,0.567,0.453,-0.384,0.688,0.518,0.659,-0.011,0.503,0.528,0.125,0.684,0.739,0.087,-0.462,0.046,0.698,-0.185,-0.613,-0.507,0.384,-0.414,-0.19,0.205,-0.212,-0.66,-0.046,0.054,-0.109,0.248,0.72,0.479,0.717,0.4,0.296,0.143,-0.484,-0.163,-0.492,-0.444,-0.19,0.565,-0.388,0.337,0.419,0.522,0.667,0.74,-0.392,-0.133,0.213,0.759,0.782,-0.622,-0.101,-0.044,0.683,0.513,-0.388,0.554,-0.401,0.386,-0.739,-0.203,-0.655,-0.15,-0.182,0.261,-0.229,-0.188,0.577,-0.588,-0.081,0.424,-0.52,0.653,-0.236,-0.14,0.367,0.613,0.554,0.515,-0.493,-0.445,0.543,0.593,0.647,0.754,-0.284,0.71,-0.693,0.274,0.676,-0.146,0.664,-0.177,0.209,0.712,0.499,-0.021,0.748,0.804,0.47,0.019,0.616,0.58,-0.404,0.229,-0.232,0.356,-0.458,0.149,0.51,0.155,-0.021,0.54,0.268,-0.313,-0.357,0.689,-0.268,-0.655,0.077,0.408,0.193,-0.204,0.323,0.398,0.803,0.362,0.742,0.365,0.51,-0.531,-0.648,0.48,-0.192,-0.504,-0.764,0.552,0.138,0.138,0.602,-0.372,0.429,-0.452,0.702,0.07,0.624,0.674,0.063,-0.311,-0.453,-0.643,-0.168,0.696,-0.728,0.617,-0.27,0.067,-0.277,0.612,-0.681,-0.445,-0.318,0.141,-0.51,-0.229,0.809,0.01,0.071,0.243,-0.078
ABUS,-0.514,0.533,1.0,-0.474,0.881,0.562,-0.151,0.064,-0.681,-0.308,0.675,0.691,-0.236,-0.707,-0.177,-0.229,0.526,-0.671,-0.307,-0.6,0.189,0.451,0.382,0.566,-0.134,-0.788,-0.191,-0.003,0.324,0.037,-0.523,0.309,0.196,0.505,-0.495,0.601,0.509,-0.297,0.579,0.666,-0.286,-0.651,-0.437,0.523,-0.566,-0.597,-0.41,-0.014,-0.607,-0.572,0.074,-0.563,-0.637,-0.419,0.314,-0.236,0.668,0.596,0.685,0.737,0.065,-0.189,-0.371,-0.644,-0.61,-0.522,-0.634,-0.629,0.776,-0.29,0.407,0.857,0.084,0.359,0.492,-0.655,-0.242,-0.219,0.542,0.493,-0.721,-0.533,-0.423,0.618,0.056,-0.608,0.603,-0.791,-0.061,-0.638,-0.524,-0.638,-0.614,-0.429,0.121,-0.508,-0.564,0.7,-0.758,-0.444,0.506,-0.68,0.805,-0.276,-0.613,0.136,0.579,0.254,0.601,-0.66,-0.606,0.886,0.669,0.612,0.648,-0.657,0.564,-0.658,-0.052,0.665,-0.364,0.37,-0.554,0.247,0.569,0.791,-0.38,0.553,0.693,0.054,-0.092,0.375,0.441,-0.608,-0.315,-0.479,0.256,-0.695,0.17,0.834,-0.124,-0.291,0.257,-0.084,-0.51,-0.591,0.814,-0.646,-0.642,-0.503,-0.036,0.23,-0.668,0.54,0.578,0.253,-0.118,0.717,-0.136,0.34,-0.715,-0.549,0.276,-0.665,-0.74,-0.664,0.298,-0.253,-0.194,0.184,-0.774,0.578,-0.486,0.673,0.112,0.494,0.761,-0.46,-0.702,-0.645,-0.761,-0.573,0.443,-0.737,0.219,-0.591,-0.26,-0.431,0.569,-0.686,-0.793,-0.641,-0.231,-0.598,-0.625,0.282,-0.568,-0.456,-0.029,-0.402
ADBE,0.641,-0.417,-0.474,1.0,-0.383,-0.41,0.309,0.084,0.379,0.201,-0.144,-0.315,0.23,0.702,0.306,0.39,-0.468,0.564,0.028,0.595,-0.13,0.036,-0.101,-0.371,0.173,0.532,0.051,-0.06,-0.406,-0.101,0.21,-0.224,0.038,-0.055,0.338,-0.312,-0.55,0.052,-0.406,-0.268,0.547,0.709,0.266,0.113,0.416,0.814,0.42,0.399,0.534,0.652,0.246,0.59,0.357,0.7,-0.137,0.823,-0.192,-0.43,-0.523,-0.479,0.016,0.175,0.341,0.387,0.31,0.337,0.584,0.517,-0.524,0.149,-0.488,-0.52,0.25,-0.212,-0.231,0.554,0.143,0.51,-0.008,-0.049,0.466,0.247,0.421,-0.388,-0.024,0.678,0.005,0.366,0.257,0.549,0.382,0.424,0.4,0.391,-0.017,0.616,0.488,-0.077,0.39,0.575,-0.101,0.46,-0.25,0.022,0.54,0.078,-0.464,-0.072,-0.098,0.721,0.374,-0.351,-0.155,0.101,-0.196,0.228,-0.193,0.447,0.538,-0.369,0.636,-0.362,0.477,0.547,-0.407,-0.504,0.387,-0.494,-0.194,-0.0,0.652,-0.093,-0.421,0.44,0.039,0.442,0.209,0.469,0.122,-0.423,0.165,0.602,-0.268,0.259,0.206,0.429,-0.374,0.306,0.317,0.191,-0.337,0.214,0.348,-0.496,-0.59,-0.353,-0.108,-0.522,-0.087,-0.052,0.581,0.397,0.156,0.327,0.422,0.522,-0.076,0.238,0.044,-0.181,0.395,-0.579,0.234,-0.394,-0.027,-0.264,-0.225,0.237,0.369,0.612,0.429,0.623,-0.214,0.468,-0.089,0.48,0.007,0.666,-0.287,0.599,0.424,0.463,0.279,0.424,0.345,-0.118,0.408,0.324,0.311,0.456
ADI,-0.445,0.576,0.881,-0.383,1.0,0.596,0.008,0.145,-0.7,-0.119,0.779,0.711,-0.135,-0.63,-0.13,-0.095,0.538,-0.682,-0.198,-0.584,0.2,0.625,0.395,0.659,-0.089,-0.721,-0.084,0.08,0.433,0.226,-0.449,0.375,0.276,0.677,-0.461,0.548,0.587,-0.181,0.628,0.723,-0.145,-0.598,-0.305,0.563,-0.372,-0.59,-0.27,0.087,-0.509,-0.427,0.146,-0.517,-0.654,-0.28,0.28,-0.206,0.734,0.705,0.753,0.776,0.135,-0.087,-0.209,-0.634,-0.599,-0.562,-0.513,-0.507,0.776,-0.299,0.415,0.868,0.221,0.367,0.632,-0.608,-0.198,-0.025,0.598,0.555,-0.635,-0.442,-0.319,0.607,0.205,-0.513,0.662,-0.762,0.119,-0.659,-0.459,-0.641,-0.445,-0.364,0.295,-0.364,-0.44,0.748,-0.728,-0.329,0.437,-0.634,0.867,-0.288,-0.513,0.276,0.633,0.306,0.625,-0.642,-0.632,0.927,0.736,0.706,0.682,-0.56,0.66,-0.607,0.092,0.666,-0.284,0.486,-0.5,0.223,0.642,0.776,-0.241,0.63,0.825,0.205,-0.124,0.56,0.485,-0.636,-0.091,-0.506,0.34,-0.719,0.36,0.84,-0.002,-0.135,0.401,-0.088,-0.481,-0.582,0.856,-0.563,-0.588,-0.344,0.022,0.135,-0.554,0.56,0.597,0.409,0.026,0.748,0.076,0.423,-0.606,-0.561,0.434,-0.543,-0.668,-0.674,0.425,-0.195,-0.03,0.258,-0.684,0.522,-0.474,0.651,0.083,0.507,0.84,-0.365,-0.7,-0.639,-0.731,-0.487,0.575,-0.753,0.41,-0.487,-0.129,-0.343,0.616,-0.766,-0.749,-0.569,-0.127,-0.568,-0.558,0.444,-0.395,-0.295,0.088,-0.276
ADMA,-0.252,0.706,0.562,-0.41,0.596,1.0,0.302,0.458,-0.702,0.196,0.628,0.547,0.115,-0.608,-0.017,0.133,0.782,-0.658,0.296,-0.365,0.382,0.646,0.39,0.675,0.08,-0.543,0.24,0.299,0.624,0.493,-0.362,0.65,0.539,0.544,-0.161,0.491,0.667,0.063,0.563,0.681,0.055,-0.522,0.135,0.624,-0.175,-0.574,-0.403,0.322,-0.436,-0.2,0.091,-0.333,-0.55,-0.17,-0.046,-0.174,0.224,0.632,0.358,0.669,0.294,0.212,0.145,-0.724,-0.433,-0.546,-0.507,-0.237,0.426,-0.496,0.358,0.407,0.266,0.55,0.875,-0.559,-0.158,0.217,0.604,0.645,-0.588,-0.071,-0.058,0.491,0.558,-0.363,0.415,-0.585,0.243,-0.58,-0.279,-0.618,-0.111,-0.155,0.324,-0.271,-0.294,0.5,-0.636,-0.085,0.314,-0.515,0.507,-0.297,-0.229,0.335,0.536,0.544,0.506,-0.553,-0.476,0.543,0.522,0.605,0.654,-0.351,0.691,-0.649,0.151,0.641,0.026,0.565,-0.337,0.269,0.963,0.433,0.014,0.747,0.623,0.456,0.038,0.464,0.37,-0.508,0.234,-0.32,0.363,-0.663,0.188,0.509,0.106,0.031,0.557,0.132,-0.291,-0.63,0.574,-0.27,-0.631,0.093,0.336,-0.03,-0.222,0.327,0.363,0.681,0.185,0.681,0.263,0.732,-0.574,-0.725,0.383,-0.227,-0.484,-0.704,0.68,0.124,0.107,0.521,-0.416,0.273,-0.538,0.707,-0.087,0.507,0.7,-0.029,-0.595,-0.572,-0.654,-0.245,0.716,-0.653,0.609,-0.283,0.105,-0.291,0.516,-0.612,-0.52,-0.326,0.095,-0.584,-0.28,0.656,-0.128,-0.061,0.256,-0.161
AEP,0.506,0.307,-0.151,0.309,0.008,0.302,1.0,0.727,-0.167,0.583,0.228,0.111,0.71,0.174,0.789,0.73,0.238,0.09,0.533,0.181,0.434,0.511,0.428,0.265,0.616,0.241,0.552,0.708,0.32,0.279,-0.119,0.406,0.598,0.477,0.37,0.159,0.085,0.623,0.332,0.314,0.789,0.378,0.596,0.393,0.565,0.256,0.277,0.654,0.541,0.592,0.017,0.523,0.061,0.524,-0.43,0.444,-0.325,0.225,-0.319,0.069,0.545,0.745,0.854,0.041,0.137,0.048,0.412,0.69,-0.305,-0.368,0.03,-0.349,0.475,0.254,0.514,0.43,0.36,0.83,0.35,0.347,-0.061,0.605,0.737,-0.097,0.762,0.308,0.226,0.065,0.6,-0.154,0.326,-0.152,0.573,0.557,0.45,0.509,0.619,0.107,0.081,0.595,0.028,0.332,0.028,-0.256,0.659,0.326,-0.077,0.663,0.111,0.416,0.354,-0.088,0.02,0.36,0.21,0.118,0.22,-0.195,0.596,0.116,0.557,0.131,0.497,0.351,0.257,-0.292,0.717,0.183,0.236,0.547,0.483,0.486,-0.097,0.251,0.286,0.451,0.364,0.017,0.298,-0.147,0.696,0.775,0.22,0.705,0.42,0.159,-0.011,0.266,-0.26,0.615,0.351,-0.041,0.364,-0.23,-0.297,0.42,0.203,0.174,0.391,0.366,0.357,0.009,0.417,0.346,0.084,-0.087,0.54,0.615,0.29,0.437,0.207,-0.223,-0.372,0.204,-0.268,0.038,0.348,0.615,0.081,0.134,-0.0,0.617,0.405,-0.039,0.416,0.568,0.51,0.529,-0.094,0.01,0.199,0.49,0.874,0.257,0.396,0.564,0.696,0.656,0.582,0.601
AGNC,0.465,0.496,0.064,0.084,0.145,0.458,0.727,1.0,-0.27,0.589,0.302,0.355,0.586,-0.05,0.583,0.765,0.462,-0.06,0.516,0.099,0.498,0.592,0.382,0.505,0.579,0.048,0.584,0.61,0.407,0.499,-0.123,0.529,0.664,0.595,0.348,0.266,0.199,0.507,0.279,0.383,0.646,0.128,0.508,0.528,0.425,0.1,-0.029,0.619,0.202,0.311,-0.072,0.41,-0.091,0.391,-0.322,0.299,-0.211,0.369,-0.073,0.356,0.582,0.667,0.629,-0.2,0.022,-0.151,0.051,0.451,-0.068,-0.403,0.015,-0.176,0.43,0.422,0.515,0.25,0.165,0.655,0.439,0.454,-0.267,0.391,0.629,0.108,0.764,0.185,0.354,-0.11,0.564,-0.303,0.316,-0.319,0.469,0.426,0.332,0.205,0.393,0.2,-0.124,0.478,0.146,0.198,0.287,-0.242,0.441,0.309,0.175,0.586,0.286,0.163,0.214,0.085,0.118,0.406,0.32,0.097,0.352,-0.362,0.52,0.266,0.427,0.275,0.325,0.385,0.417,-0.039,0.596,0.336,0.401,0.674,0.496,0.645,0.082,0.046,0.474,0.276,0.404,-0.17,0.128,0.047,0.488,0.584,0.434,0.563,0.233,0.02,0.245,0.196,-0.454,0.508,0.465,0.006,0.372,-0.093,-0.065,0.512,0.318,0.239,0.369,0.463,0.061,-0.211,0.603,0.344,0.0,-0.255,0.669,0.587,0.279,0.45,0.103,-0.132,-0.382,0.259,-0.152,0.24,0.482,0.629,-0.109,0.087,-0.179,0.529,0.588,-0.278,0.602,0.367,0.382,0.326,0.21,-0.121,0.025,0.32,0.59,0.09,0.239,0.714,0.6,0.638,0.505,0.426
AKBA,0.351,-0.643,-0.681,0.379,-0.7,-0.702,-0.167,-0.27,1.0,0.023,-0.688,-0.653,-0.064,0.626,-0.003,-0.041,-0.633,0.708,-0.054,0.526,-0.359,-0.65,-0.36,-0.605,-0.044,0.562,-0.096,-0.246,-0.446,-0.239,0.538,-0.547,-0.33,-0.515,0.315,-0.576,-0.542,0.108,-0.58,-0.703,0.046,0.566,0.105,-0.612,0.221,0.553,0.337,-0.203,0.467,0.346,-0.114,0.385,0.642,0.223,0.141,0.106,-0.297,-0.666,-0.477,-0.739,-0.134,-0.141,0.028,0.642,0.586,0.515,0.496,0.337,-0.614,0.648,-0.4,-0.61,-0.199,-0.541,-0.704,0.464,0.122,-0.01,-0.621,-0.628,0.628,0.233,0.156,-0.494,-0.394,0.608,-0.487,0.636,-0.118,0.666,0.309,0.881,0.274,0.21,-0.232,0.324,0.389,-0.599,0.63,0.258,-0.346,0.499,-0.607,0.551,0.348,-0.401,-0.593,-0.434,-0.412,0.5,0.485,-0.661,-0.592,-0.622,-0.648,0.506,-0.705,0.666,-0.037,-0.684,0.107,-0.493,0.269,-0.292,-0.719,-0.606,0.128,-0.471,-0.674,-0.374,-0.002,-0.428,-0.422,0.526,-0.03,0.412,-0.332,0.641,-0.282,-0.678,-0.049,0.035,-0.391,0.047,0.381,0.613,-0.734,0.301,0.727,0.175,-0.172,-0.056,0.347,-0.513,-0.344,-0.489,-0.124,-0.63,-0.118,-0.493,0.573,0.568,-0.444,0.431,0.635,0.637,-0.543,0.005,-0.039,-0.475,0.523,-0.422,0.62,-0.671,0.129,-0.38,-0.695,0.138,0.586,0.639,0.649,0.372,-0.646,0.83,-0.461,0.351,0.185,0.27,-0.578,0.654,0.603,0.517,0.028,0.545,0.573,-0.509,0.245,0.167,-0.152,0.265
ALT,0.411,0.186,-0.308,0.201,-0.119,0.196,0.583,0.589,0.023,1.0,0.152,0.092,0.585,0.158,0.388,0.663,0.197,0.05,0.625,0.287,0.524,0.398,0.046,0.281,0.442,0.366,0.569,0.536,0.395,0.554,0.018,0.526,0.493,0.348,0.632,-0.102,0.018,0.355,0.159,0.028,0.521,0.324,0.771,0.218,0.624,0.173,0.073,0.62,0.292,0.453,0.022,0.44,0.21,0.467,-0.227,0.379,-0.21,0.026,-0.303,0.006,0.473,0.533,0.649,-0.059,0.214,-0.198,0.242,0.487,-0.363,-0.09,-0.166,-0.449,0.392,0.3,0.301,0.397,0.028,0.545,0.183,0.204,0.078,0.579,0.65,-0.039,0.564,0.437,0.171,0.108,0.609,-0.092,0.522,0.002,0.535,0.504,0.252,0.28,0.488,0.009,0.211,0.454,-0.013,0.232,-0.092,0.028,0.548,0.169,0.141,0.447,0.18,0.174,0.283,-0.198,-0.048,0.159,0.144,0.385,0.11,-0.018,0.493,-0.065,0.486,0.212,0.372,0.217,0.173,-0.351,0.573,0.235,0.108,0.626,0.377,0.401,-0.067,0.133,0.514,0.275,0.33,-0.012,0.015,-0.196,0.373,0.55,0.351,0.386,0.225,0.13,-0.142,0.548,-0.104,0.585,0.416,-0.015,0.513,-0.355,-0.171,0.408,0.444,0.019,0.398,0.406,0.219,-0.133,0.505,0.599,0.334,-0.089,0.477,0.557,0.382,0.458,0.46,-0.37,0.018,0.089,-0.101,0.234,0.168,0.583,0.095,0.237,0.146,0.522,0.474,0.18,0.609,0.421,0.386,0.362,0.066,0.077,0.136,0.477,0.503,0.211,0.368,0.512,0.621,0.648,0.475,0.533
AMAT,-0.252,0.652,0.675,-0.144,0.779,0.628,0.228,0.302,-0.688,0.152,1.0,0.844,0.023,-0.477,0.073,0.149,0.64,-0.619,-0.107,-0.433,0.48,0.867,0.352,0.701,0.149,-0.509,0.011,0.331,0.384,0.279,-0.505,0.638,0.417,0.761,-0.195,0.594,0.494,-0.164,0.658,0.836,0.049,-0.302,-0.07,0.761,-0.165,-0.414,-0.339,0.353,-0.364,-0.184,0.225,-0.316,-0.611,-0.044,0.138,0.109,0.548,0.67,0.504,0.741,0.252,0.053,-0.036,-0.584,-0.531,-0.465,-0.415,-0.272,0.598,-0.349,0.347,0.579,0.379,0.573,0.751,-0.444,-0.178,0.154,0.8,0.789,-0.569,-0.288,-0.079,0.561,0.383,-0.294,0.793,-0.73,0.381,-0.637,-0.229,-0.671,-0.286,-0.235,0.31,-0.258,-0.185,0.884,-0.713,-0.109,0.559,-0.613,0.766,-0.355,-0.301,0.49,0.698,0.418,0.728,-0.494,-0.518,0.722,0.868,0.889,0.874,-0.518,0.838,-0.581,0.416,0.772,-0.114,0.557,-0.339,0.44,0.629,0.651,-0.066,0.611,0.844,0.39,0.142,0.505,0.53,-0.469,-0.014,-0.329,0.543,-0.681,0.293,0.684,0.124,0.124,0.347,0.173,-0.513,-0.538,0.814,-0.286,-0.633,-0.288,0.073,0.286,-0.44,0.411,0.359,0.482,0.107,0.578,0.129,0.588,-0.48,-0.592,0.677,-0.363,-0.604,-0.683,0.625,-0.007,-0.06,0.497,-0.498,0.371,-0.493,0.769,0.003,0.665,0.853,-0.127,-0.667,-0.494,-0.597,-0.263,0.69,-0.637,0.523,-0.336,-0.176,-0.227,0.751,-0.695,-0.745,-0.442,0.062,-0.571,-0.491,0.604,-0.225,-0.118,0.215,-0.064
AMD,-0.33,0.659,0.691,-0.315,0.711,0.547,0.111,0.355,-0.653,0.092,0.844,1.0,-0.019,-0.595,0.035,0.114,0.571,-0.551,-0.193,-0.414,0.564,0.709,0.211,0.672,0.245,-0.479,0.133,0.344,0.337,0.238,-0.527,0.611,0.348,0.61,-0.092,0.543,0.421,-0.216,0.584,0.739,-0.064,-0.417,-0.119,0.641,-0.293,-0.503,-0.519,0.267,-0.463,-0.329,0.123,-0.306,-0.615,-0.158,0.204,0.031,0.498,0.647,0.561,0.752,0.329,0.03,-0.163,-0.573,-0.46,-0.465,-0.571,-0.395,0.649,-0.253,0.25,0.599,0.28,0.736,0.573,-0.401,-0.258,-0.01,0.706,0.728,-0.6,-0.352,-0.126,0.564,0.34,-0.404,0.755,-0.733,0.386,-0.642,-0.144,-0.63,-0.352,-0.196,0.083,-0.439,-0.226,0.739,-0.718,-0.176,0.578,-0.579,0.726,-0.322,-0.398,0.355,0.788,0.348,0.644,-0.585,-0.457,0.679,0.792,0.685,0.799,-0.506,0.76,-0.627,0.288,0.658,-0.265,0.542,-0.208,0.281,0.553,0.731,-0.256,0.612,0.737,0.343,0.093,0.538,0.508,-0.491,-0.021,-0.39,0.455,-0.672,0.019,0.735,-0.034,-0.002,0.292,0.162,-0.556,-0.46,0.817,-0.193,-0.571,-0.374,0.038,0.294,-0.436,0.45,0.411,0.393,0.115,0.568,0.037,0.595,-0.557,-0.632,0.698,-0.325,-0.64,-0.705,0.503,0.077,-0.208,0.538,-0.503,0.389,-0.457,0.738,0.028,0.715,0.781,-0.15,-0.625,-0.485,-0.58,-0.349,0.605,-0.648,0.511,-0.373,-0.253,-0.219,0.644,-0.682,-0.763,-0.476,-0.073,-0.488,-0.447,0.512,-0.262,-0.078,0.137,-0.166
AMGN,0.461,0.353,-0.236,0.23,-0.135,0.115,0.71,0.586,-0.064,0.585,0.023,-0.019,1.0,0.172,0.564,0.59,0.045,0.296,0.36,0.275,0.457,0.283,0.396,0.127,0.373,0.329,0.564,0.453,0.181,0.259,-0.157,0.383,0.505,0.395,0.576,-0.143,-0.114,0.512,0.205,0.029,0.687,0.349,0.554,0.259,0.463,0.248,0.095,0.63,0.391,0.477,0.19,0.632,0.024,0.489,-0.333,0.366,-0.335,0.109,-0.336,-0.07,0.358,0.66,0.67,0.119,0.489,-0.058,0.48,0.55,-0.31,-0.201,-0.214,-0.414,0.591,0.203,0.244,0.533,0.051,0.655,0.186,0.196,-0.013,0.536,0.595,0.099,0.521,0.304,0.143,0.345,0.474,-0.074,0.382,-0.048,0.489,0.551,0.273,0.526,0.48,0.002,0.193,0.538,-0.039,0.293,0.01,-0.031,0.655,0.092,-0.113,0.435,0.05,0.402,0.377,-0.113,-0.134,0.144,0.12,0.269,0.026,-0.17,0.507,-0.092,0.496,0.013,0.6,0.251,0.071,-0.381,0.537,0.05,0.193,0.407,0.397,0.46,-0.104,0.406,0.321,0.5,0.214,0.264,0.226,-0.135,0.482,0.574,0.124,0.547,0.28,0.353,-0.103,0.331,-0.204,0.537,0.25,0.184,0.391,-0.345,-0.331,0.4,0.338,0.171,0.335,0.225,0.252,0.042,0.356,0.323,0.166,-0.038,0.28,0.587,0.287,0.319,0.327,-0.263,-0.092,0.065,-0.047,0.028,0.124,0.524,0.487,0.323,0.09,0.622,0.248,0.006,0.376,0.501,0.423,0.533,-0.119,0.174,0.314,0.469,0.604,0.334,0.466,0.528,0.616,0.702,0.511,0.555
AMZN,0.536,-0.592,-0.707,0.702,-0.63,-0.608,0.174,-0.05,0.626,0.158,-0.477,-0.595,0.172,1.0,0.32,0.223,-0.542,0.631,0.147,0.579,-0.245,-0.297,-0.233,-0.479,0.075,0.698,-0.041,-0.073,-0.429,-0.256,0.293,-0.385,-0.237,-0.33,0.272,-0.48,-0.573,0.103,-0.526,-0.522,0.336,0.709,0.301,-0.353,0.58,0.736,0.592,0.03,0.661,0.571,-0.065,0.568,0.571,0.437,-0.347,0.459,-0.505,-0.689,-0.621,-0.687,-0.157,0.101,0.283,0.558,0.415,0.587,0.65,0.593,-0.679,0.199,-0.392,-0.681,-0.13,-0.523,-0.471,0.6,0.387,0.272,-0.382,-0.418,0.58,0.414,0.394,-0.54,-0.151,0.591,-0.336,0.614,-0.03,0.647,0.444,0.569,0.376,0.436,-0.106,0.472,0.504,-0.438,0.64,0.478,-0.33,0.635,-0.602,0.153,0.56,0.013,-0.591,-0.256,-0.492,0.726,0.512,-0.681,-0.492,-0.324,-0.47,0.349,-0.472,0.623,0.147,-0.453,0.365,-0.572,0.434,0.056,-0.639,-0.656,0.403,-0.673,-0.491,-0.087,0.256,-0.243,-0.521,0.644,0.019,0.497,-0.103,0.645,0.025,-0.724,0.166,0.378,-0.389,0.136,0.53,0.551,-0.645,0.454,0.49,0.286,-0.142,-0.031,0.489,-0.557,-0.562,-0.408,-0.185,-0.703,-0.138,-0.393,0.731,0.615,-0.102,0.43,0.568,0.713,-0.202,0.197,0.113,-0.376,0.516,-0.572,0.281,-0.635,-0.081,-0.463,-0.513,0.304,0.546,0.545,0.76,0.529,-0.458,0.656,-0.332,0.499,0.178,0.449,-0.423,0.628,0.633,0.493,0.241,0.585,0.44,-0.356,0.509,0.399,0.049,0.322
APA,0.476,0.109,-0.177,0.306,-0.13,-0.017,0.789,0.583,-0.003,0.388,0.073,0.035,0.564,0.32,1.0,0.579,0.061,0.282,0.392,0.325,0.349,0.295,0.305,0.113,0.699,0.254,0.328,0.684,0.073,-0.003,-0.121,0.184,0.283,0.282,0.264,0.234,-0.033,0.517,0.234,0.196,0.618,0.476,0.352,0.168,0.467,0.346,0.337,0.434,0.624,0.501,-0.246,0.484,0.156,0.368,-0.367,0.42,-0.399,-0.017,-0.337,-0.087,0.372,0.695,0.703,0.307,0.149,0.442,0.399,0.703,-0.277,-0.233,0.081,-0.38,0.236,0.086,0.203,0.545,0.514,0.58,0.237,0.22,0.02,0.479,0.708,-0.231,0.528,0.313,0.149,0.11,0.451,0.026,0.3,-0.024,0.411,0.475,0.227,0.366,0.671,-0.025,0.225,0.504,0.075,0.427,-0.071,-0.199,0.62,0.325,-0.18,0.466,-0.032,0.485,0.425,-0.217,-0.115,0.161,0.063,0.125,0.045,-0.057,0.426,0.048,0.357,-0.122,0.444,0.215,-0.07,-0.311,0.606,-0.055,0.06,0.431,0.359,0.265,-0.134,0.439,0.049,0.569,0.213,0.145,0.208,-0.272,0.679,0.596,-0.064,0.761,0.501,0.329,-0.139,0.282,-0.124,0.461,0.265,0.048,0.319,-0.297,-0.319,0.178,0.069,0.008,0.189,0.036,0.451,0.262,0.282,0.281,0.164,0.08,0.292,0.509,0.148,0.19,0.118,-0.154,-0.259,0.016,-0.26,-0.059,0.153,0.58,0.127,0.187,0.171,0.556,0.169,0.101,0.139,0.525,0.37,0.43,-0.155,0.17,0.282,0.504,0.791,0.382,0.409,0.322,0.628,0.601,0.289,0.535
APPS,0.798,0.141,-0.229,0.39,-0.095,0.133,0.73,0.765,-0.041,0.663,0.149,0.114,0.59,0.223,0.579,1.0,0.077,0.14,0.521,0.312,0.343,0.491,0.192,0.178,0.543,0.339,0.567,0.501,0.247,0.397,0.026,0.303,0.594,0.405,0.453,-0.001,-0.078,0.533,0.035,0.12,0.836,0.405,0.629,0.346,0.627,0.486,0.239,0.615,0.465,0.609,0.019,0.66,0.201,0.618,-0.361,0.498,-0.288,0.173,-0.3,0.054,0.419,0.562,0.711,-0.032,0.15,-0.05,0.385,0.622,-0.363,-0.307,-0.242,-0.403,0.456,0.273,0.314,0.545,0.214,0.752,0.222,0.229,0.061,0.55,0.723,-0.196,0.677,0.484,0.175,0.135,0.593,-0.027,0.497,-0.086,0.739,0.635,0.318,0.544,0.594,0.095,0.144,0.581,-0.051,0.502,0.043,-0.245,0.642,0.196,-0.107,0.426,0.164,0.469,0.45,-0.088,-0.018,0.264,0.051,0.239,0.165,-0.09,0.578,-0.053,0.667,0.126,0.578,0.439,0.123,-0.256,0.785,0.033,0.171,0.533,0.621,0.506,-0.125,0.162,0.479,0.376,0.435,0.031,0.197,-0.141,0.489,0.801,0.273,0.576,0.327,0.206,0.007,0.439,-0.15,0.556,0.251,0.004,0.532,-0.315,-0.339,0.286,0.244,-0.103,0.434,0.36,0.393,-0.003,0.53,0.494,0.269,-0.014,0.61,0.633,0.349,0.446,0.352,-0.374,-0.191,0.023,-0.235,-0.057,0.284,0.744,0.122,0.411,0.054,0.779,0.357,0.033,0.47,0.712,0.391,0.575,0.001,0.193,0.212,0.547,0.642,0.342,0.358,0.483,0.677,0.693,0.606,0.63
ARCC,-0.283,0.713,0.526,-0.468,0.538,0.782,0.238,0.462,-0.633,0.197,0.64,0.571,0.045,-0.542,0.061,0.077,1.0,-0.629,0.287,-0.473,0.528,0.605,0.425,0.835,0.201,-0.457,0.262,0.441,0.59,0.505,-0.247,0.706,0.487,0.604,-0.116,0.556,0.562,0.139,0.593,0.643,-0.01,-0.448,0.139,0.553,-0.081,-0.607,-0.407,0.264,-0.416,-0.314,-0.034,-0.37,-0.569,-0.21,-0.112,-0.206,0.178,0.57,0.302,0.729,0.377,0.245,0.129,-0.58,-0.447,-0.442,-0.513,-0.185,0.42,-0.501,0.408,0.343,0.223,0.551,0.741,-0.53,-0.068,0.122,0.626,0.637,-0.615,-0.014,-0.031,0.555,0.518,-0.403,0.492,-0.529,0.234,-0.726,-0.153,-0.712,-0.114,-0.157,0.359,-0.303,-0.216,0.468,-0.581,-0.061,0.418,-0.517,0.532,-0.287,-0.213,0.4,0.605,0.564,0.526,-0.558,-0.447,0.442,0.455,0.584,0.696,-0.312,0.686,-0.609,0.197,0.787,-0.119,0.636,-0.347,0.175,0.771,0.368,0.068,0.66,0.618,0.62,-0.023,0.467,0.396,-0.354,0.269,-0.203,0.339,-0.63,0.091,0.446,0.198,0.008,0.586,0.201,-0.203,-0.571,0.549,-0.22,-0.725,0.08,0.499,-0.014,-0.166,0.287,0.342,0.633,0.272,0.632,0.253,0.576,-0.532,-0.585,0.394,-0.083,-0.431,-0.625,0.585,0.099,0.166,0.525,-0.304,0.31,-0.524,0.714,0.02,0.588,0.632,0.113,-0.612,-0.587,-0.561,-0.261,0.734,-0.584,0.598,-0.317,0.042,-0.378,0.578,-0.726,-0.477,-0.301,0.174,-0.573,-0.36,0.654,-0.033,-0.006,0.206,-0.157
ARDX,0.497,-0.443,-0.671,0.564,-0.682,-0.658,0.09,-0.06,0.708,0.05,-0.619,-0.551,0.296,0.631,0.282,0.14,-0.629,1.0,-0.057,0.718,-0.166,-0.487,-0.105,-0.559,0.176,0.621,0.081,-0.212,-0.51,-0.17,0.452,-0.421,-0.225,-0.367,0.399,-0.596,-0.682,0.196,-0.553,-0.644,0.318,0.705,0.131,-0.427,0.285,0.655,0.285,0.132,0.555,0.462,-0.088,0.652,0.454,0.374,-0.044,0.355,-0.407,-0.589,-0.53,-0.707,0.008,0.263,0.239,0.73,0.73,0.537,0.562,0.465,-0.576,0.421,-0.602,-0.666,0.074,-0.373,-0.634,0.668,0.168,0.261,-0.393,-0.38,0.595,0.303,0.291,-0.428,-0.284,0.637,-0.388,0.759,0.032,0.686,0.369,0.7,0.396,0.386,-0.193,0.503,0.483,-0.504,0.654,0.404,-0.209,0.58,-0.477,0.29,0.606,-0.243,-0.674,-0.264,-0.415,0.673,0.553,-0.599,-0.619,-0.504,-0.532,0.473,-0.572,0.574,0.168,-0.644,0.273,-0.564,0.58,-0.116,-0.683,-0.695,0.183,-0.64,-0.541,-0.227,0.218,-0.229,-0.492,0.726,0.087,0.578,-0.213,0.782,-0.157,-0.622,0.11,0.267,-0.416,0.216,0.408,0.769,-0.694,0.441,0.585,0.263,-0.237,0.188,0.47,-0.585,-0.586,-0.441,0.012,-0.548,-0.09,-0.409,0.624,0.538,-0.223,0.475,0.577,0.614,-0.491,0.227,0.137,-0.358,0.543,-0.582,0.517,-0.588,0.138,-0.451,-0.64,0.31,0.78,0.771,0.641,0.532,-0.592,0.693,-0.275,0.47,0.084,0.576,-0.605,0.695,0.745,0.593,0.207,0.647,0.664,-0.335,0.439,0.42,0.089,0.407
ATER,0.401,0.08,-0.307,0.028,-0.198,0.296,0.533,0.516,-0.054,0.625,-0.107,-0.193,0.36,0.147,0.392,0.521,0.287,-0.057,1.0,0.141,0.18,0.224,0.16,0.174,0.409,0.253,0.481,0.412,0.459,0.425,0.151,0.29,0.437,0.118,0.288,0.011,0.084,0.459,0.003,0.013,0.418,0.096,0.721,0.057,0.618,0.065,0.28,0.386,0.24,0.32,-0.262,0.299,0.228,0.2,-0.564,0.051,-0.529,0.013,-0.364,-0.022,0.272,0.55,0.628,-0.152,-0.037,-0.079,0.099,0.5,-0.365,-0.437,0.094,-0.434,0.094,0.054,0.299,0.175,0.419,0.419,-0.001,0.032,-0.038,0.668,0.476,-0.298,0.597,0.172,-0.259,0.173,0.176,-0.134,0.318,-0.134,0.496,0.427,0.314,0.196,0.256,-0.261,0.275,0.366,-0.223,0.363,-0.262,-0.231,0.467,0.362,-0.059,0.5,-0.094,0.195,0.21,-0.304,-0.28,-0.034,-0.145,0.218,0.073,-0.091,0.093,-0.017,0.48,0.078,0.222,0.108,0.276,-0.411,0.652,0.143,-0.079,0.621,0.164,0.26,-0.312,0.166,0.47,0.271,0.221,-0.024,0.177,-0.284,0.369,0.409,0.409,0.275,0.573,-0.126,-0.26,0.341,-0.169,0.808,0.584,-0.474,0.55,-0.194,-0.184,0.412,0.24,0.005,0.357,0.237,0.166,-0.084,0.153,0.544,0.314,0.039,0.445,0.482,0.564,0.261,0.362,-0.383,-0.306,-0.073,-0.459,-0.108,0.061,0.568,-0.022,0.011,0.156,0.388,0.306,0.08,0.441,0.379,0.416,0.156,-0.122,0.033,0.293,0.405,0.49,0.159,0.191,0.319,0.582,0.514,0.362,0.221
ATOS,0.572,-0.458,-0.6,0.595,-0.584,-0.365,0.181,0.099,0.526,0.287,-0.433,-0.414,0.275,0.579,0.325,0.312,-0.473,0.718,0.141,1.0,-0.059,-0.29,-0.114,-0.405,0.312,0.56,0.106,-0.057,-0.33,-0.03,0.286,-0.178,0.015,-0.201,0.452,-0.497,-0.557,0.086,-0.536,-0.551,0.362,0.687,0.242,-0.274,0.284,0.673,0.207,0.252,0.51,0.51,-0.016,0.614,0.35,0.384,-0.069,0.483,-0.366,-0.604,-0.582,-0.602,0.064,0.228,0.39,0.483,0.449,0.448,0.456,0.47,-0.63,0.381,-0.593,-0.643,0.096,-0.213,-0.418,0.562,0.145,0.32,-0.214,-0.182,0.579,0.276,0.435,-0.364,-0.126,0.637,-0.203,0.466,0.202,0.795,0.387,0.644,0.397,0.414,-0.197,0.446,0.466,-0.385,0.567,0.483,-0.004,0.563,-0.47,0.136,0.509,-0.119,-0.504,-0.126,-0.236,0.535,0.459,-0.479,-0.507,-0.331,-0.397,0.377,-0.451,0.552,0.275,-0.527,0.47,-0.476,0.466,0.104,-0.385,-0.666,0.289,-0.491,-0.479,0.025,0.331,-0.173,-0.553,0.616,0.116,0.616,-0.031,0.462,-0.148,-0.534,0.165,0.402,-0.331,0.297,0.272,0.561,-0.64,0.478,0.558,0.257,-0.178,0.287,0.47,-0.616,-0.584,-0.389,0.07,-0.506,-0.118,-0.116,0.499,0.345,0.02,0.479,0.568,0.553,-0.25,0.327,0.09,-0.258,0.449,-0.674,0.402,-0.493,0.101,-0.277,-0.406,0.301,0.492,0.694,0.583,0.508,-0.344,0.624,-0.083,0.467,-0.041,0.525,-0.502,0.706,0.533,0.612,0.231,0.548,0.63,-0.227,0.42,0.429,0.113,0.371
AUPH,-0.022,0.552,0.189,-0.13,0.2,0.382,0.434,0.498,-0.359,0.524,0.48,0.564,0.457,-0.245,0.349,0.343,0.528,-0.166,0.18,-0.059,1.0,0.505,0.213,0.522,0.339,0.057,0.532,0.627,0.263,0.419,-0.315,0.822,0.388,0.469,0.518,0.124,0.17,0.085,0.553,0.33,0.317,-0.015,0.347,0.4,0.129,-0.214,-0.432,0.546,-0.079,0.086,0.128,0.079,-0.324,0.163,0.007,0.268,-0.032,0.192,-0.032,0.415,0.609,0.402,0.378,-0.188,0.093,-0.349,-0.153,0.041,-0.003,-0.104,-0.105,-0.053,0.507,0.618,0.462,0.01,-0.236,0.336,0.6,0.616,-0.258,0.115,0.255,0.42,0.479,0.018,0.614,-0.226,0.617,-0.406,0.428,-0.309,0.097,0.314,0.11,-0.046,0.242,0.312,-0.293,0.211,0.402,-0.26,0.274,-0.207,0.137,0.091,0.534,0.55,0.503,-0.237,-0.029,0.181,0.352,0.391,0.624,-0.07,0.4,-0.349,0.513,0.358,0.036,0.498,0.218,0.176,0.37,0.002,0.133,0.358,0.353,0.526,0.262,0.44,0.222,-0.102,0.228,0.045,0.441,-0.293,-0.233,0.226,0.208,0.32,0.279,0.436,-0.176,-0.052,0.267,0.278,-0.4,0.084,0.207,0.361,0.103,-0.163,-0.038,0.388,0.415,0.345,0.186,0.561,-0.165,-0.385,0.577,0.181,-0.262,-0.406,0.382,0.442,-0.052,0.627,0.046,-0.012,-0.23,0.591,0.14,0.654,0.412,0.337,-0.13,-0.182,-0.238,0.069,0.651,-0.171,0.66,0.088,0.019,0.134,0.225,-0.341,-0.294,-0.015,0.33,-0.119,0.04,0.536,0.223,0.328,0.455,0.25
AVGO,0.063,0.675,0.451,0.036,0.625,0.646,0.511,0.592,-0.65,0.398,0.867,0.709,0.283,-0.297,0.295,0.491,0.605,-0.487,0.224,-0.29,0.505,1.0,0.338,0.687,0.323,-0.332,0.277,0.483,0.47,0.449,-0.394,0.658,0.585,0.779,-0.014,0.536,0.454,0.123,0.577,0.801,0.379,-0.182,0.209,0.836,0.166,-0.225,-0.182,0.557,-0.149,0.134,0.195,-0.031,-0.43,0.265,-0.124,0.288,0.276,0.641,0.345,0.651,0.369,0.327,0.288,-0.549,-0.404,-0.4,-0.235,0.045,0.407,-0.503,0.27,0.327,0.502,0.581,0.84,-0.203,-0.01,0.481,0.788,0.777,-0.463,-0.006,0.226,0.386,0.652,-0.08,0.686,-0.525,0.547,-0.607,-0.027,-0.642,0.053,0.037,0.389,-0.028,0.076,0.733,-0.516,0.127,0.388,-0.3,0.642,-0.445,0.038,0.607,0.545,0.576,0.612,-0.229,-0.31,0.549,0.735,0.884,0.771,-0.309,0.85,-0.551,0.551,0.649,0.194,0.562,-0.073,0.552,0.646,0.458,0.295,0.584,0.818,0.619,0.345,0.634,0.422,-0.379,0.284,-0.188,0.657,-0.562,0.362,0.488,0.285,0.388,0.481,0.336,-0.241,-0.39,0.699,-0.076,-0.607,0.112,0.267,0.152,-0.099,0.248,0.192,0.643,0.248,0.47,0.356,0.612,-0.23,-0.518,0.791,-0.083,-0.378,-0.616,0.814,0.294,0.169,0.609,-0.283,0.178,-0.548,0.621,-0.153,0.507,0.837,0.207,-0.512,-0.337,-0.501,0.078,0.784,-0.584,0.669,-0.006,0.092,-0.016,0.656,-0.546,-0.493,-0.173,0.321,-0.332,-0.299,0.761,0.148,0.207,0.434,0.165
AZN,0.076,0.487,0.382,-0.101,0.395,0.39,0.428,0.382,-0.36,0.046,0.352,0.211,0.396,-0.233,0.305,0.192,0.425,-0.105,0.16,-0.114,0.213,0.338,1.0,0.43,0.244,-0.328,0.073,0.163,0.28,0.089,-0.228,0.338,0.542,0.617,-0.112,0.248,0.096,0.293,0.387,0.418,0.325,-0.09,0.039,0.403,-0.052,-0.168,-0.031,0.425,-0.047,-0.137,0.116,0.079,-0.427,-0.149,-0.085,-0.068,0.165,0.451,0.008,0.359,0.302,0.37,0.258,-0.179,-0.126,-0.309,-0.013,0.079,0.255,-0.364,0.192,0.164,0.457,0.104,0.395,-0.107,0.174,0.353,0.402,0.381,-0.487,0.121,0.105,0.332,0.283,-0.168,0.28,-0.222,0.094,-0.37,-0.182,-0.399,-0.05,0.024,0.541,0.199,-0.164,0.446,-0.256,0.15,0.32,-0.214,0.477,-0.286,0.075,0.234,0.12,0.543,0.403,-0.071,-0.167,0.403,0.18,0.449,0.331,-0.326,0.28,-0.482,0.33,0.46,0.11,0.047,-0.06,0.281,0.362,0.076,0.204,0.275,0.484,0.319,0.116,0.465,-0.01,0.123,-0.078,0.298,0.28,-0.195,0.474,0.314,0.455,0.294,0.204,0.314,0.077,-0.282,0.327,-0.37,-0.58,0.09,0.15,0.134,-0.193,0.099,-0.021,0.334,0.07,0.578,0.012,0.226,-0.317,-0.234,0.251,-0.185,-0.336,-0.306,0.235,0.084,0.271,0.026,-0.295,0.089,-0.428,0.414,0.056,0.202,0.459,0.069,-0.122,-0.09,-0.372,0.055,0.238,-0.411,0.248,-0.057,0.032,0.112,0.162,-0.32,-0.158,0.036,0.332,-0.308,-0.067,0.435,0.073,0.179,0.354,0.081
BCRX,-0.254,0.718,0.566,-0.371,0.659,0.675,0.265,0.505,-0.605,0.281,0.701,0.672,0.127,-0.479,0.113,0.178,0.835,-0.559,0.174,-0.405,0.522,0.687,0.43,1.0,0.323,-0.497,0.233,0.401,0.556,0.463,-0.388,0.705,0.54,0.722,-0.068,0.489,0.5,0.136,0.614,0.7,0.017,-0.465,0.066,0.634,-0.064,-0.571,-0.393,0.323,-0.435,-0.279,0.062,-0.27,-0.579,-0.132,0.012,-0.084,0.332,0.619,0.384,0.697,0.502,0.288,0.096,-0.556,-0.475,-0.496,-0.477,-0.178,0.509,-0.425,0.338,0.421,0.352,0.564,0.7,-0.426,-0.036,0.198,0.676,0.665,-0.668,-0.055,-0.005,0.641,0.502,-0.4,0.613,-0.568,0.281,-0.707,-0.118,-0.677,-0.157,-0.152,0.3,-0.302,-0.202,0.574,-0.556,-0.167,0.588,-0.479,0.677,-0.267,-0.205,0.43,0.68,0.585,0.534,-0.541,-0.409,0.543,0.545,0.665,0.751,-0.343,0.713,-0.677,0.294,0.783,-0.139,0.549,-0.264,0.226,0.678,0.472,0.001,0.697,0.733,0.706,0.062,0.594,0.408,-0.42,0.225,-0.235,0.408,-0.663,0.112,0.505,0.119,0.07,0.5,0.211,-0.247,-0.491,0.627,-0.201,-0.703,-0.002,0.464,0.121,-0.251,0.275,0.346,0.578,0.264,0.653,0.158,0.521,-0.544,-0.596,0.593,-0.121,-0.406,-0.73,0.616,0.059,0.196,0.486,-0.399,0.354,-0.512,0.627,0.037,0.656,0.723,0.094,-0.594,-0.541,-0.547,-0.243,0.716,-0.656,0.636,-0.318,-0.013,-0.249,0.647,-0.713,-0.569,-0.29,0.153,-0.524,-0.328,0.666,0.031,0.056,0.186,-0.092
BGC,0.397,0.144,-0.134,0.173,-0.089,0.08,0.616,0.579,-0.044,0.442,0.149,0.245,0.373,0.075,0.699,0.543,0.201,0.176,0.409,0.312,0.339,0.323,0.244,0.323,1.0,0.17,0.36,0.553,0.156,0.139,-0.093,0.29,0.514,0.303,0.32,0.172,-0.124,0.424,0.121,0.218,0.472,0.291,0.366,0.237,0.325,0.154,0.051,0.491,0.284,0.305,-0.244,0.479,0.013,0.244,-0.279,0.341,-0.24,0.145,-0.271,0.022,0.487,0.659,0.496,0.024,-0.047,0.173,0.089,0.477,-0.142,-0.239,0.03,-0.289,0.265,0.371,0.167,0.369,0.397,0.476,0.226,0.262,-0.158,0.413,0.547,-0.143,0.538,0.148,0.156,-0.073,0.426,-0.101,0.286,-0.124,0.348,0.373,0.164,0.194,0.443,0.033,0.109,0.375,0.305,0.332,0.01,-0.227,0.468,0.391,0.061,0.494,0.065,0.227,0.355,-0.116,-0.041,0.165,0.107,0.061,0.178,-0.203,0.451,0.121,0.336,-0.034,0.421,0.239,0.063,-0.184,0.443,0.14,0.09,0.65,0.383,0.29,-0.189,0.334,0.158,0.46,0.29,-0.113,0.05,-0.069,0.457,0.564,0.027,0.668,0.294,0.13,-0.074,0.313,-0.129,0.373,0.314,0.008,0.191,-0.108,-0.276,0.168,0.109,0.068,0.078,0.204,0.167,-0.049,0.414,0.367,0.194,-0.095,0.321,0.474,0.22,0.34,0.097,-0.219,-0.257,0.078,-0.273,0.14,0.238,0.521,-0.07,0.188,0.078,0.376,0.164,0.013,0.305,0.347,0.119,0.386,-0.111,0.029,0.105,0.441,0.583,0.219,0.224,0.281,0.481,0.493,0.257,0.382
BIDU,0.588,-0.524,-0.788,0.532,-0.721,-0.543,0.241,0.048,0.562,0.366,-0.509,-0.479,0.329,0.698,0.254,0.339,-0.457,0.621,0.253,0.56,0.057,-0.332,-0.328,-0.497,0.17,1.0,0.359,0.143,-0.331,0.006,0.359,-0.161,-0.125,-0.309,0.665,-0.598,-0.589,0.214,-0.551,-0.654,0.446,0.747,0.585,-0.439,0.704,0.686,0.42,0.237,0.625,0.61,-0.026,0.663,0.601,0.514,-0.423,0.408,-0.573,-0.586,-0.689,-0.657,0.042,0.181,0.412,0.529,0.601,0.39,0.654,0.612,-0.833,0.164,-0.531,-0.78,-0.027,-0.236,-0.458,0.676,0.115,0.317,-0.431,-0.403,0.656,0.574,0.462,-0.538,0.006,0.624,-0.36,0.708,0.158,0.56,0.778,0.499,0.552,0.711,-0.09,0.546,0.62,-0.535,0.646,0.528,-0.457,0.631,-0.645,0.154,0.662,-0.148,-0.455,-0.18,-0.421,0.655,0.67,-0.702,-0.581,-0.473,-0.518,0.521,-0.514,0.55,0.233,-0.653,0.484,-0.366,0.684,-0.057,-0.527,-0.771,0.388,-0.64,-0.609,-0.012,0.31,-0.173,-0.536,0.671,0.256,0.483,-0.092,0.638,-0.19,-0.616,0.115,0.509,-0.277,0.157,0.514,0.631,-0.717,0.743,0.496,0.4,-0.051,-0.083,0.622,-0.597,-0.627,-0.356,0.01,-0.661,0.067,-0.153,0.732,0.543,-0.09,0.641,0.612,0.635,-0.201,0.448,0.11,-0.06,0.843,-0.721,0.355,-0.513,-0.035,-0.384,-0.56,0.513,0.644,0.588,0.834,0.63,-0.354,0.7,-0.032,0.664,0.244,0.546,-0.597,0.624,0.662,0.602,0.3,0.718,0.539,-0.268,0.553,0.535,0.204,0.455
BILI,0.358,0.306,-0.191,0.051,-0.084,0.24,0.552,0.584,-0.096,0.569,0.011,0.133,0.564,-0.041,0.328,0.567,0.262,0.081,0.481,0.106,0.532,0.277,0.073,0.233,0.36,0.359,1.0,0.493,0.314,0.601,0.054,0.43,0.487,0.211,0.603,-0.15,-0.025,0.473,0.136,-0.039,0.518,0.114,0.653,0.154,0.441,0.058,-0.065,0.482,0.237,0.412,0.157,0.41,0.096,0.501,-0.303,0.3,-0.304,0.06,-0.285,0.062,0.576,0.563,0.648,-0.039,0.314,-0.241,0.206,0.407,-0.304,-0.156,-0.241,-0.387,0.456,0.455,0.307,0.294,-0.044,0.599,0.192,0.225,0.108,0.509,0.486,0.079,0.657,0.271,0.182,0.224,0.65,-0.192,0.49,-0.058,0.583,0.635,0.162,0.342,0.465,-0.063,0.135,0.433,-0.018,0.294,0.007,-0.038,0.445,0.017,0.016,0.543,0.114,0.128,0.285,-0.118,-0.107,0.095,0.088,0.356,0.2,-0.179,0.415,-0.143,0.46,0.346,0.629,0.118,0.285,-0.3,0.473,0.199,0.108,0.487,0.388,0.575,-0.081,0.095,0.595,0.232,0.274,-0.002,-0.162,-0.063,0.277,0.479,0.34,0.464,0.252,0.164,-0.076,0.505,-0.073,0.607,0.46,0.024,0.52,-0.349,-0.235,0.4,0.401,0.133,0.502,0.473,0.217,-0.101,0.387,0.51,0.222,-0.111,0.315,0.779,0.289,0.554,0.419,-0.369,-0.072,0.139,0.064,0.13,0.127,0.597,0.195,0.115,0.003,0.467,0.39,0.059,0.608,0.518,0.427,0.414,-0.165,0.026,0.231,0.434,0.562,0.317,0.386,0.468,0.564,0.688,0.609,0.415
BKR,0.171,0.373,-0.003,-0.06,0.08,0.299,0.708,0.61,-0.246,0.536,0.331,0.344,0.453,-0.073,0.684,0.501,0.441,-0.212,0.412,-0.057,0.627,0.483,0.163,0.401,0.553,0.143,0.493,1.0,0.34,0.248,-0.241,0.523,0.418,0.442,0.374,0.402,0.283,0.453,0.454,0.399,0.439,0.123,0.443,0.329,0.404,-0.042,0.009,0.433,0.325,0.325,-0.08,0.169,-0.009,0.303,-0.331,0.231,-0.221,0.26,-0.112,0.233,0.529,0.492,0.603,-0.024,-0.025,0.069,0.12,0.443,-0.105,-0.303,0.245,-0.159,0.254,0.411,0.485,0.225,0.184,0.454,0.396,0.395,-0.121,0.367,0.59,0.076,0.673,0.089,0.348,-0.16,0.612,-0.348,0.336,-0.31,0.282,0.37,0.281,0.125,0.555,0.117,-0.065,0.313,0.134,0.107,0.077,-0.159,0.337,0.3,0.305,0.583,0.213,0.068,0.216,-0.04,0.172,0.314,0.37,0.118,0.282,-0.322,0.431,0.275,0.208,0.353,0.266,0.154,0.276,-0.055,0.465,0.352,0.226,0.553,0.226,0.356,0.194,0.04,0.196,0.244,0.346,-0.237,0.013,-0.004,0.557,0.461,0.229,0.635,0.226,0.066,0.153,0.253,-0.311,0.382,0.478,-0.04,0.179,-0.08,-0.034,0.457,0.24,0.231,0.389,0.349,0.178,-0.031,0.407,0.217,-0.012,-0.287,0.464,0.502,-0.013,0.546,0.089,0.059,-0.304,0.343,-0.192,0.333,0.367,0.484,-0.173,-0.156,-0.065,0.318,0.53,-0.143,0.405,0.341,0.384,0.147,0.059,-0.184,-0.042,0.297,0.649,0.123,0.183,0.52,0.467,0.441,0.34,0.438
BLDP,-0.126,0.567,0.324,-0.406,0.433,0.624,0.32,0.407,-0.446,0.395,0.384,0.337,0.181,-0.429,0.073,0.247,0.59,-0.51,0.459,-0.33,0.263,0.47,0.28,0.556,0.156,-0.331,0.314,0.34,1.0,0.643,-0.069,0.466,0.53,0.457,-0.028,0.427,0.602,0.273,0.526,0.461,0.032,-0.372,0.393,0.411,0.045,-0.481,-0.092,0.211,-0.222,-0.057,0.019,-0.208,-0.319,-0.079,-0.122,-0.251,0.126,0.523,0.386,0.546,0.289,0.271,0.294,-0.514,-0.3,-0.402,-0.301,-0.01,0.297,-0.406,0.456,0.259,0.236,0.44,0.624,-0.336,0.235,0.169,0.403,0.41,-0.394,0.297,0.096,0.279,0.488,-0.268,0.18,-0.275,0.235,-0.562,-0.155,-0.519,0.129,-0.11,0.366,-0.205,-0.153,0.23,-0.27,-0.047,0.169,-0.248,0.35,-0.173,-0.053,0.337,0.357,0.558,0.329,-0.376,-0.324,0.343,0.265,0.36,0.367,-0.068,0.443,-0.354,0.0,0.43,-0.025,0.632,-0.23,0.084,0.636,0.289,0.265,0.662,0.505,0.462,-0.067,0.55,0.302,-0.366,0.441,-0.203,0.17,-0.441,0.256,0.29,0.283,-0.012,0.778,0.151,0.045,-0.364,0.345,-0.158,-0.455,0.375,0.557,-0.183,0.113,0.28,0.5,0.665,0.433,0.585,0.521,0.47,-0.312,-0.492,0.261,0.17,-0.148,-0.515,0.592,0.134,0.485,0.532,-0.039,0.208,-0.418,0.431,-0.092,0.277,0.532,0.14,-0.376,-0.373,-0.4,-0.054,0.61,-0.439,0.527,-0.141,0.329,-0.295,0.434,-0.511,-0.287,-0.086,0.209,-0.32,-0.139,0.657,0.227,0.144,0.138,-0.062
BLNK,0.11,0.453,0.037,-0.101,0.226,0.493,0.279,0.499,-0.239,0.554,0.279,0.238,0.259,-0.256,-0.003,0.397,0.505,-0.17,0.425,-0.03,0.419,0.449,0.089,0.463,0.139,0.006,0.601,0.248,0.643,1.0,0.247,0.53,0.497,0.417,0.338,0.036,0.384,0.242,0.258,0.169,0.287,-0.085,0.491,0.349,0.242,-0.198,-0.171,0.382,-0.124,0.162,0.13,0.078,-0.172,0.289,-0.04,0.046,0.06,0.307,0.199,0.444,0.403,0.391,0.434,-0.302,0.051,-0.395,-0.128,0.125,0.009,-0.176,-0.073,-0.008,0.4,0.512,0.52,-0.128,-0.122,0.412,0.383,0.405,-0.035,0.256,0.213,0.261,0.477,0.139,0.289,-0.003,0.508,-0.299,0.21,-0.247,0.44,0.21,0.316,0.07,0.14,0.179,-0.167,0.175,0.107,-0.065,0.27,-0.034,0.165,0.138,0.255,0.391,0.324,-0.202,-0.075,0.209,0.159,0.295,0.305,0.255,0.402,-0.101,0.329,0.123,0.229,0.695,0.118,0.082,0.562,-0.012,0.329,0.421,0.349,0.528,0.162,0.53,0.237,-0.259,0.811,-0.125,0.319,-0.219,-0.01,0.161,0.164,0.216,0.773,0.107,0.008,-0.106,0.178,0.247,-0.199,0.464,0.456,0.051,0.475,-0.031,0.226,0.528,0.599,0.259,0.648,0.528,-0.065,-0.361,0.388,0.476,0.11,-0.285,0.52,0.359,0.447,0.59,0.315,-0.133,-0.075,0.328,0.242,0.265,0.327,0.416,-0.147,-0.052,-0.245,0.19,0.679,-0.18,0.798,0.171,0.302,0.014,0.314,-0.255,-0.019,0.081,0.214,-0.098,0.109,0.664,0.359,0.369,0.422,0.225
BYND,0.238,-0.384,-0.523,0.21,-0.449,-0.362,-0.119,-0.123,0.538,0.018,-0.505,-0.527,-0.157,0.293,-0.121,0.026,-0.247,0.452,0.151,0.286,-0.315,-0.394,-0.228,-0.388,-0.093,0.359,0.054,-0.241,-0.069,0.247,1.0,-0.368,-0.242,-0.373,0.127,-0.32,-0.152,0.233,-0.399,-0.53,0.097,0.357,0.163,-0.437,0.263,0.318,0.299,-0.162,0.308,0.288,-0.225,0.194,0.406,0.224,0.052,-0.086,-0.276,-0.352,-0.17,-0.243,-0.168,0.062,0.157,0.426,0.31,0.343,0.278,0.234,-0.399,0.339,-0.279,-0.396,-0.172,-0.341,-0.343,0.257,0.115,0.066,-0.393,-0.397,0.549,0.13,0.101,-0.482,-0.205,0.386,-0.426,0.52,-0.057,0.389,0.16,0.507,0.436,0.099,0.034,0.292,0.249,-0.509,0.398,0.237,-0.438,0.394,-0.431,0.203,0.299,-0.312,-0.497,-0.323,-0.315,0.335,0.31,-0.434,-0.49,-0.474,-0.508,0.457,-0.392,0.656,-0.135,-0.45,0.059,-0.044,0.131,-0.326,-0.297,-0.437,0.248,-0.336,-0.429,-0.182,-0.086,-0.211,-0.239,0.235,0.433,0.112,-0.321,0.443,-0.195,-0.481,0.088,0.023,0.267,-0.165,0.309,0.395,-0.492,0.197,0.503,0.353,-0.007,-0.229,0.609,-0.256,-0.086,-0.22,0.235,-0.459,0.313,-0.325,0.485,0.375,-0.362,0.634,0.482,0.527,-0.291,0.017,0.276,-0.226,0.629,-0.292,0.412,-0.439,0.196,-0.455,-0.496,0.264,0.345,0.46,0.355,0.283,-0.222,0.552,-0.12,0.316,0.267,0.13,-0.32,0.356,0.571,0.306,0.062,0.339,0.344,-0.185,0.305,0.135,-0.02,0.177
