,AAL,AAPL,ABUS,ADBE,ADI,ADMA,AEP,AGNC,AKBA,ALT,AMAT,AMD,AMGN,AMZN,APA,APPS,ARCC,ARDX,ATER,ATOS,AUPH,AVGO,AZN,BCRX,BGC,BIDU,BILI,BKR,BLDP,BLNK,BYND,CAN,CELH,CG,CGC,CHRD,CLNE,CMCSA,COMM,COST,CPB,CPRT,CRON,CRWD,CSCO,CSGP,CSX,CTSH,CZR,DBX,DDOG,DKNG,DLTR,DOCU,DVAX,DXCM,EA,EBAY,ENPH,ERIC,ESPR,ETSY,EXC,EXEL,EXPE,FANG,FAST,FITB,FLEX,FOLD,FOXA,FSLR,FTNT,FUTU,GEN,GERN,GEVO,GILD,GOOG,GOOGL,GPRO,GT,HBAN,HIVE,HON,HST,HUT,IBRX,INTC,IOVA,IQ,IRWD,JBLU,JD,KDP,KHC,LBTYK,LRCX,LYFT,MAR,MARA,MAT,MCHP,MCRB,MDLZ,META,MGNI,MLCO,MNKD,MNST,MOMO,MRNA,MRVL,MSFT,MSTR,MTCH,MU,MVIS,NDAQ,NFLX,NKTR,NNDM,NTES,NTNX,NVAX,NVDA,NWL,NWSA,NXPI,OCGN,OKTA,ON,OPK,PAA,PACB,PAGP,PANW,PARA,PCAR,PDD,PENN,PEP,PLUG,PTEN,PTON,PYPL,QCOM,QUBT,QVCGA,RDFN,REAL,RIOT,ROKU,ROST,RUN,SABR,SAVA,SBUX,SFIX,SGMO,SIRI,SLM,SMCI,SNDL,SONO,STNE,STX,TCOM,TGTX,TIGR,TLRY,TMUS,TRIP,TSCO,TSLA,TTD,TXN,UAL,UNIT,VERU,VKTX,VLY,VOD,VTRS,VXRT,WBA,WBD,WDAY,WDC,WEN,WW,WYNN,XEL,XP,XRAY,XRX,Z,ZION,ZM,ZS
AAL,1.0,-0.419,-0.224,-0.574,0.483,0.144,-0.428,-0.563,0.232,0.444,0.586,0.435,-0.556,-0.124,0.371,-0.56,0.097,-0.486,0.117,0.332,-0.047,0.167,-0.641,-0.543,-0.01,-0.668,-0.446,-0.091,0.416,0.634,0.386,0.543,0.627,0.439,0.326,0.578,-0.429,0.31,0.412,-0.579,0.222,-0.533,-0.081,-0.632,-0.387,-0.092,0.173,-0.682,-0.576,-0.487,0.007,-0.534,0.137,0.085,-0.087,0.002,0.511,-0.432,0.025,0.515,0.688,-0.335,-0.501,0.479,-0.216,0.58,0.393,0.322,0.237,-0.322,-0.613,0.783,-0.601,-0.659,-0.163,0.403,0.535,-0.659,0.315,0.339,0.497,0.399,0.223,0.542,0.422,0.556,0.588,-0.37,-0.111,0.386,-0.683,0.459,0.406,-0.411,-0.07,0.14,0.577,-0.007,-0.037,-0.38,0.568,-0.516,0.423,-0.153,-0.443,-0.664,-0.519,-0.076,0.571,0.225,-0.452,0.266,0.495,0.485,0.709,-0.443,0.522,0.308,-0.319,-0.497,0.188,-0.434,-0.562,-0.359,0.357,0.254,0.395,-0.634,0.009,0.289,-0.588,0.535,-0.539,0.334,0.466,0.302,-0.468,-0.366,0.416,-0.668,-0.496,0.219,0.648,0.192,-0.281,0.463,-0.418,0.562,-0.173,-0.431,0.505,0.585,-0.465,0.464,0.353,-0.313,0.558,-0.615,-0.056,-0.223,-0.534,-0.196,-0.387,-0.235,0.356,-0.57,0.267,-0.205,-0.199,-0.657,0.612,-0.595,-0.447,0.014,0.525,0.503,0.669,0.702,0.449,0.5,0.417,-0.238,-0.015,0.416,0.295,0.532,-0.172,-0.213,-0.04,-0.125,0.55,0.247,-0.221,-0.633,0.149,0.46,-0.182,0.621,-0.368,-0.624
AAPL,-0.419,1.0,0.171,0.624,-0.266,-0.045,0.451,0.584,-0.103,-0.252,-0.41,-0.348,0.383,0.046,-0.039,0.279,-0.108,0.474,0.063,-0.334,0.252,-0.187,0.365,0.351,-0.066,0.611,0.379,-0.011,-0.122,-0.339,0.054,-0.246,-0.261,-0.286,-0.371,-0.33,0.305,-0.254,-0.375,0.453,0.192,0.55,0.035,0.556,0.181,0.099,0.122,0.381,0.623,0.568,-0.067,0.473,0.264,0.137,0.205,-0.107,-0.18,0.639,-0.113,-0.312,-0.337,0.629,0.444,-0.117,0.107,-0.4,-0.162,0.118,-0.204,0.15,0.463,-0.348,0.334,0.493,0.183,-0.532,-0.234,0.571,-0.254,-0.238,-0.473,-0.135,0.036,-0.242,-0.412,-0.347,-0.343,0.47,0.11,-0.073,0.492,-0.381,-0.419,0.336,0.269,0.03,-0.343,0.063,-0.249,0.253,-0.257,0.28,-0.267,0.093,0.347,0.564,0.233,0.442,-0.139,0.197,0.313,-0.152,-0.443,-0.244,-0.334,0.368,-0.32,-0.316,0.121,0.392,-0.106,0.229,0.433,0.459,-0.139,-0.207,-0.332,0.346,0.186,-0.211,0.58,-0.311,0.35,-0.113,-0.253,-0.145,0.323,0.34,-0.123,0.593,0.435,-0.045,-0.261,-0.331,0.154,-0.301,0.249,-0.362,0.181,0.532,-0.32,-0.289,0.41,-0.116,-0.039,0.227,-0.367,0.471,0.155,0.088,0.31,0.161,0.063,0.184,-0.293,0.517,-0.168,0.206,0.463,0.392,-0.452,0.453,0.383,-0.033,-0.321,-0.457,-0.358,-0.178,-0.181,-0.453,-0.293,0.315,0.095,0.017,-0.24,-0.154,0.442,0.202,-0.121,0.315,-0.321,0.033,0.301,0.639,0.024,-0.41,0.054,-0.256,0.58,0.537
ABUS,-0.224,0.171,1.0,-0.038,-0.259,0.355,0.259,0.295,0.004,0.164,-0.438,-0.318,0.649,0.4,-0.32,0.211,-0.099,0.561,0.008,-0.19,0.519,-0.208,0.415,0.447,0.107,0.21,0.062,0.087,-0.305,-0.353,-0.029,-0.363,-0.337,-0.205,0.426,-0.362,0.601,-0.151,-0.38,0.372,-0.177,0.239,0.335,0.275,0.064,0.518,-0.111,0.34,0.186,0.454,0.242,0.024,0.484,0.365,0.453,0.315,-0.175,0.354,0.509,-0.454,-0.321,0.36,0.13,-0.465,-0.073,-0.292,-0.25,0.117,-0.001,0.552,0.387,-0.399,0.309,0.064,0.201,0.175,-0.23,0.129,-0.126,-0.128,0.082,-0.263,0.208,-0.385,-0.093,-0.176,-0.371,0.088,-0.459,0.148,0.304,-0.208,-0.381,0.183,-0.217,-0.065,0.042,-0.133,0.079,0.475,-0.296,0.46,-0.213,-0.045,0.062,0.397,0.322,-0.115,-0.133,-0.453,0.001,-0.017,-0.194,-0.195,-0.37,0.39,-0.394,0.155,0.526,0.361,-0.433,0.484,0.165,0.289,0.085,-0.298,-0.043,0.432,0.08,0.008,0.393,-0.202,0.392,0.038,-0.08,0.02,0.153,0.381,-0.295,0.268,0.102,-0.021,-0.317,-0.259,0.055,-0.266,0.401,-0.144,0.321,0.334,-0.264,-0.355,0.021,-0.085,0.027,0.303,-0.374,0.385,-0.309,0.5,0.302,0.344,-0.1,0.459,0.348,0.286,-0.244,0.135,0.533,0.106,-0.052,0.19,0.512,-0.161,-0.345,-0.099,-0.396,-0.015,-0.401,-0.304,0.097,0.652,-0.006,-0.129,-0.006,-0.212,0.384,0.778,-0.434,0.185,-0.208,-0.233,0.114,0.367,0.164,-0.236,0.417,-0.023,0.397,0.231
ADBE,-0.574,0.624,-0.038,1.0,-0.299,-0.229,0.684,0.688,-0.219,-0.604,-0.22,-0.368,0.421,-0.179,-0.021,0.602,-0.314,0.35,-0.007,-0.374,-0.194,0.243,0.545,0.515,-0.238,0.579,0.451,0.179,-0.047,-0.486,-0.246,-0.452,-0.564,-0.599,-0.551,-0.342,0.158,-0.179,-0.069,0.682,-0.065,0.716,0.196,0.747,0.526,-0.224,0.148,0.596,0.547,0.379,-0.162,0.599,-0.091,-0.317,-0.118,-0.336,0.015,0.563,-0.293,-0.152,-0.359,0.195,0.767,-0.061,0.455,-0.564,-0.126,-0.259,0.092,0.001,0.489,-0.46,0.561,0.679,0.318,-0.644,-0.345,0.678,-0.522,-0.523,-0.702,-0.422,-0.398,-0.369,-0.656,-0.39,-0.289,0.361,0.432,-0.508,0.584,-0.48,-0.17,0.196,0.045,-0.286,-0.576,0.359,-0.085,0.115,-0.489,0.513,-0.28,0.044,0.584,0.615,0.456,0.037,-0.404,0.122,0.503,-0.501,-0.333,-0.347,-0.424,0.013,-0.073,-0.387,-0.067,0.5,-0.17,0.385,0.55,0.533,-0.438,0.179,-0.637,0.597,0.282,-0.421,0.658,-0.444,0.559,-0.34,-0.465,-0.345,0.589,0.007,-0.444,0.645,0.673,-0.342,-0.437,0.099,0.424,-0.567,0.259,-0.601,0.142,0.491,-0.54,-0.308,0.467,-0.515,-0.449,0.418,-0.365,0.508,0.466,-0.103,0.512,0.256,0.558,0.267,-0.56,0.469,-0.002,-0.201,0.128,0.588,-0.65,0.638,0.322,0.065,-0.611,-0.569,-0.345,-0.444,-0.089,-0.263,-0.634,0.079,0.004,-0.424,-0.115,-0.389,0.027,0.022,0.419,-0.157,-0.605,-0.335,0.364,0.536,-0.462,-0.435,-0.108,-0.573,0.336,0.703
ADI,0.483,-0.266,-0.259,-0.299,1.0,-0.064,-0.424,-0.522,0.479,0.448,0.6,0.782,-0.557,-0.123,0.541,-0.498,0.369,-0.398,0.388,0.56,-0.057,0.406,-0.56,-0.517,0.104,-0.501,-0.308,-0.149,0.486,0.666,0.546,0.657,0.598,0.513,0.298,0.764,-0.55,0.536,0.68,-0.491,0.491,-0.344,-0.029,-0.563,-0.123,-0.338,0.401,-0.571,-0.423,-0.522,-0.347,-0.22,-0.049,-0.062,-0.271,0.05,0.097,-0.578,-0.079,0.719,0.696,-0.213,-0.412,0.294,-0.282,0.692,0.582,0.235,0.331,-0.292,-0.578,0.513,-0.576,-0.462,-0.121,0.427,0.305,-0.463,0.461,0.474,0.511,0.675,0.258,0.663,0.461,0.745,0.764,-0.229,0.255,0.43,-0.509,0.598,0.672,-0.402,0.03,0.286,0.605,-0.008,-0.282,-0.594,0.7,-0.472,0.847,0.197,-0.194,-0.589,-0.582,0.199,0.564,0.554,-0.305,0.447,0.659,0.637,0.727,-0.365,0.772,0.41,-0.354,-0.445,0.562,-0.464,-0.569,-0.588,0.524,0.647,0.462,-0.502,0.447,0.539,-0.59,0.697,-0.5,0.361,0.597,0.517,-0.342,-0.098,0.512,-0.381,-0.42,0.47,0.662,0.33,-0.016,0.629,0.047,0.6,0.206,-0.349,0.464,0.683,-0.14,0.45,0.407,-0.1,0.742,-0.703,0.045,-0.17,-0.54,-0.008,-0.199,-0.198,0.162,-0.569,0.612,-0.049,-0.476,-0.462,0.618,-0.639,-0.492,0.377,0.562,0.142,0.819,0.15,0.764,0.827,0.504,-0.381,-0.004,0.51,0.521,0.694,-0.021,-0.412,0.167,-0.313,0.561,0.51,-0.065,-0.637,0.144,0.671,-0.472,0.543,-0.636,-0.595
ADMA,0.144,-0.045,0.355,-0.229,-0.064,1.0,-0.244,0.087,0.048,0.232,0.043,-0.156,0.244,0.329,-0.175,-0.202,-0.023,0.192,0.033,0.055,0.402,0.121,-0.181,-0.023,0.109,-0.234,-0.159,0.33,-0.122,0.021,0.108,0.173,-0.126,-0.054,0.374,-0.108,0.388,-0.216,0.063,0.158,-0.344,0.022,0.078,0.114,-0.013,0.543,-0.069,-0.076,-0.091,0.162,0.15,-0.291,0.415,0.517,0.428,0.269,0.02,0.024,0.529,-0.102,0.049,0.203,-0.107,-0.03,-0.2,-0.009,-0.018,0.098,0.235,0.307,0.175,0.17,0.007,-0.229,0.057,0.228,0.253,-0.141,0.102,0.089,0.147,-0.142,0.192,0.148,0.077,0.012,0.164,0.046,-0.501,0.167,-0.144,-0.18,-0.073,0.162,-0.311,-0.147,0.009,0.145,0.335,0.389,0.123,-0.02,-0.247,-0.167,-0.425,0.108,-0.053,-0.319,0.044,-0.387,-0.413,-0.066,0.263,0.03,0.185,0.0,0.045,0.256,0.415,0.072,-0.423,0.411,-0.144,0.336,0.046,-0.06,-0.005,-0.072,-0.254,0.26,0.194,-0.078,0.124,0.221,-0.072,0.167,-0.195,-0.05,0.157,-0.172,-0.036,-0.162,0.218,-0.216,-0.368,-0.081,0.027,0.286,0.036,-0.108,0.09,0.133,-0.261,0.21,0.012,0.171,0.014,0.115,-0.231,0.338,0.059,0.103,-0.29,0.151,0.528,0.074,-0.14,-0.015,0.474,-0.218,0.061,-0.054,0.077,-0.343,0.076,0.068,0.017,0.35,-0.093,0.021,0.173,0.325,-0.293,-0.019,-0.076,0.095,0.067,0.423,-0.244,0.283,-0.07,-0.172,-0.029,0.138,0.143,-0.04,0.496,0.214,0.375,0.016
AEP,-0.428,0.451,0.259,0.684,-0.424,-0.244,1.0,0.637,-0.334,-0.449,-0.344,-0.592,0.457,-0.206,-0.083,0.644,-0.484,0.511,-0.146,-0.398,-0.05,0.006,0.581,0.629,-0.308,0.583,0.492,0.082,-0.109,-0.58,-0.221,-0.595,-0.585,-0.585,-0.421,-0.46,0.191,-0.052,-0.24,0.607,-0.042,0.615,0.162,0.623,0.48,-0.044,0.188,0.571,0.494,0.44,0.099,0.513,-0.047,-0.388,-0.066,-0.093,0.025,0.643,-0.134,-0.277,-0.307,0.171,0.776,-0.112,0.477,-0.571,-0.122,-0.141,-0.079,0.156,0.435,-0.521,0.529,0.586,0.398,-0.527,-0.389,0.528,-0.71,-0.691,-0.641,-0.425,-0.404,-0.536,-0.707,-0.318,-0.433,0.237,0.3,-0.435,0.634,-0.422,-0.219,0.127,-0.126,-0.216,-0.452,0.156,0.093,0.261,-0.625,0.553,-0.367,-0.027,0.545,0.588,0.585,-0.107,-0.418,-0.126,0.572,-0.452,-0.452,-0.317,-0.53,0.037,-0.208,-0.402,0.061,0.499,-0.282,0.362,0.557,0.42,-0.328,0.002,-0.633,0.629,0.272,-0.536,0.578,-0.492,0.514,-0.489,-0.363,-0.615,0.689,0.089,-0.633,0.534,0.529,-0.336,-0.536,0.051,0.454,-0.641,0.105,-0.718,0.18,0.614,-0.65,-0.357,0.404,-0.665,-0.348,0.386,-0.488,0.481,0.279,-0.122,0.529,0.308,0.519,0.312,-0.457,0.444,-0.095,-0.271,0.164,0.534,-0.653,0.6,0.498,0.109,-0.667,-0.356,-0.421,-0.357,-0.241,-0.36,-0.643,0.302,0.106,-0.396,-0.118,-0.413,0.112,0.255,0.175,-0.123,-0.598,-0.426,0.411,0.49,-0.452,-0.449,0.064,-0.52,0.276,0.593
AGNC,-0.563,0.584,0.295,0.688,-0.522,0.087,0.637,1.0,-0.456,-0.514,-0.383,-0.621,0.712,-0.016,-0.435,0.584,-0.362,0.51,-0.033,-0.44,-0.092,0.148,0.6,0.68,-0.046,0.723,0.571,0.48,-0.146,-0.66,-0.479,-0.569,-0.801,-0.703,-0.277,-0.615,0.605,-0.409,-0.297,0.811,-0.353,0.796,0.319,0.821,0.559,0.246,-0.061,0.743,0.632,0.669,0.006,0.581,0.089,-0.051,0.23,-0.084,0.074,0.743,0.109,-0.405,-0.549,0.461,0.752,-0.17,0.364,-0.741,-0.417,-0.356,0.105,0.311,0.75,-0.584,0.72,0.615,0.302,-0.542,-0.397,0.678,-0.492,-0.47,-0.649,-0.535,-0.39,-0.406,-0.753,-0.609,-0.465,0.496,0.08,-0.531,0.665,-0.731,-0.444,0.345,-0.085,-0.335,-0.715,0.519,0.097,0.42,-0.699,0.669,-0.601,-0.148,0.401,0.904,0.603,-0.086,-0.659,-0.359,0.411,-0.568,-0.318,-0.524,-0.607,0.238,-0.301,-0.46,0.364,0.587,-0.447,0.635,0.59,0.834,-0.486,-0.099,-0.674,0.683,0.129,-0.465,0.815,-0.656,0.763,-0.217,-0.455,-0.422,0.517,0.076,-0.486,0.688,0.62,-0.537,-0.601,-0.175,0.231,-0.718,0.192,-0.684,-0.043,0.479,-0.631,-0.38,0.478,-0.575,-0.62,0.435,-0.568,0.783,0.172,0.283,0.861,0.383,0.429,0.493,-0.309,0.769,-0.42,-0.09,0.402,0.629,-0.714,0.737,0.463,-0.264,-0.67,-0.525,-0.53,-0.282,-0.377,-0.515,-0.706,0.43,-0.071,-0.526,-0.338,-0.612,0.142,0.393,0.178,0.168,-0.8,-0.363,0.413,0.713,-0.296,-0.674,0.278,-0.608,0.555,0.76
AKBA,0.232,-0.103,0.004,-0.219,0.479,0.048,-0.334,-0.456,1.0,0.461,0.191,0.393,-0.384,0.311,0.276,-0.467,0.367,-0.014,0.024,0.612,0.358,-0.089,-0.34,-0.317,0.049,-0.335,-0.441,-0.41,-0.207,0.274,0.469,0.592,0.39,0.541,0.119,0.298,-0.241,0.352,0.228,-0.409,0.358,-0.256,-0.394,-0.349,-0.269,-0.121,0.245,-0.452,-0.2,-0.137,-0.028,-0.216,0.292,0.206,0.056,0.333,-0.394,-0.434,-0.155,0.183,0.316,-0.048,-0.464,-0.227,-0.473,0.414,0.501,0.589,0.039,0.007,-0.398,0.054,-0.449,-0.203,-0.163,0.419,-0.118,-0.328,0.365,0.345,0.375,0.408,0.558,0.264,0.38,0.453,0.307,-0.013,-0.034,0.626,-0.342,0.449,0.342,0.131,0.011,0.315,0.466,-0.288,-0.211,-0.15,0.658,-0.471,0.433,0.482,-0.362,-0.413,-0.376,0.274,0.701,0.344,-0.231,0.609,0.184,0.557,0.401,-0.054,0.222,0.771,-0.043,0.024,0.28,-0.383,-0.19,-0.487,0.612,0.155,0.432,-0.416,0.047,0.669,-0.33,0.498,-0.434,0.489,0.375,0.619,-0.134,0.335,0.396,-0.236,-0.306,0.508,0.241,-0.173,-0.193,0.449,0.317,0.72,0.53,-0.17,0.447,0.229,-0.103,0.525,0.482,0.094,0.241,-0.422,-0.234,0.033,-0.587,-0.06,-0.383,-0.398,0.252,-0.337,0.713,0.238,-0.005,-0.352,0.353,-0.467,-0.049,0.519,0.467,0.173,0.382,0.266,0.197,0.407,0.612,0.098,0.037,0.447,0.408,0.44,0.425,-0.16,0.056,-0.205,0.371,0.433,-0.149,-0.261,0.476,0.521,-0.134,0.627,-0.146,-0.414
ALT,0.444,-0.252,0.164,-0.604,0.448,0.232,-0.449,-0.514,0.461,1.0,0.278,0.368,-0.424,0.154,0.298,-0.618,0.203,-0.217,0.124,0.406,0.409,-0.074,-0.529,-0.385,0.158,-0.332,-0.361,-0.331,0.028,0.446,0.564,0.46,0.433,0.666,0.517,0.373,-0.089,0.302,0.208,-0.571,0.324,-0.442,-0.131,-0.534,-0.347,0.169,0.136,-0.637,-0.321,-0.132,0.198,-0.387,0.404,0.341,0.274,0.442,-0.221,-0.476,0.111,0.229,0.445,-0.053,-0.523,0.036,-0.539,0.58,0.246,0.468,0.14,0.17,-0.574,0.356,-0.572,-0.567,-0.09,0.698,0.159,-0.566,0.298,0.301,0.691,0.577,0.615,0.445,0.47,0.592,0.36,-0.139,-0.208,0.768,-0.368,0.463,0.282,-0.01,-0.162,0.357,0.635,-0.292,0.079,-0.059,0.543,-0.446,0.386,0.072,-0.566,-0.424,-0.451,0.107,0.544,0.015,-0.381,0.606,0.39,0.538,0.397,-0.113,0.26,0.49,0.171,-0.418,0.248,-0.252,-0.436,-0.436,0.603,0.136,0.579,-0.577,-0.02,0.631,-0.449,0.562,-0.523,0.511,0.576,0.472,-0.307,0.289,0.552,-0.433,-0.562,0.386,0.464,-0.094,-0.259,0.453,-0.0,0.55,0.199,-0.101,0.574,0.311,-0.246,0.579,0.534,-0.243,0.33,-0.373,-0.207,0.114,-0.574,-0.015,-0.406,-0.185,0.519,-0.318,0.246,0.185,0.097,-0.486,0.621,-0.484,-0.197,0.102,0.617,0.456,0.332,0.423,0.275,0.432,0.571,0.116,0.001,0.589,0.366,0.555,0.285,0.088,-0.2,0.109,0.477,0.451,-0.364,-0.471,0.527,0.583,0.163,0.666,-0.155,-0.446
AMAT,0.586,-0.41,-0.438,-0.22,0.6,0.043,-0.344,-0.383,0.191,0.278,1.0,0.462,-0.496,-0.248,0.392,-0.297,-0.087,-0.502,0.136,0.3,-0.304,0.65,-0.433,-0.269,0.095,-0.472,-0.214,0.14,0.407,0.511,0.281,0.541,0.344,0.273,0.168,0.486,-0.501,0.163,0.733,-0.319,0.006,-0.182,0.088,-0.367,0.151,-0.238,0.165,-0.432,-0.394,-0.599,-0.049,-0.21,-0.199,-0.223,-0.332,-0.037,0.407,-0.459,-0.224,0.589,0.523,-0.397,-0.213,0.518,-0.015,0.546,0.407,-0.003,0.561,-0.461,-0.529,0.586,-0.353,-0.309,-0.148,0.327,0.462,-0.419,0.172,0.177,0.274,0.348,-0.029,0.602,0.207,0.441,0.755,-0.157,0.319,0.088,-0.454,0.251,0.516,-0.423,-0.157,-0.058,0.214,0.38,-0.013,-0.353,0.508,-0.341,0.39,-0.102,-0.251,-0.479,-0.304,-0.175,0.348,0.248,-0.234,0.075,0.783,0.396,0.66,-0.683,0.786,0.219,-0.364,-0.402,0.229,-0.229,-0.28,-0.27,0.057,0.641,0.124,-0.486,0.185,0.273,-0.343,0.354,-0.362,0.178,0.36,0.203,-0.098,-0.5,0.325,-0.438,-0.212,-0.011,0.552,0.4,0.036,0.255,-0.265,0.43,-0.216,-0.38,0.293,0.643,-0.208,0.287,-0.026,-0.106,0.583,-0.478,0.258,-0.193,-0.366,-0.049,0.034,-0.095,0.112,-0.423,0.384,-0.315,-0.468,-0.319,0.363,-0.345,-0.522,-0.016,0.386,0.406,0.655,0.37,0.673,0.731,0.15,-0.49,-0.07,0.139,0.298,0.428,-0.378,-0.415,0.38,-0.213,0.3,0.208,-0.222,-0.537,-0.108,0.356,-0.242,0.417,-0.521,-0.327
AMD,0.435,-0.348,-0.318,-0.368,0.782,-0.156,-0.592,-0.621,0.393,0.368,0.462,1.0,-0.561,0.043,0.438,-0.529,0.655,-0.565,0.291,0.493,-0.163,0.216,-0.55,-0.623,0.113,-0.497,-0.456,-0.234,0.347,0.668,0.363,0.569,0.697,0.594,0.293,0.752,-0.553,0.43,0.498,-0.611,0.478,-0.548,-0.077,-0.622,-0.305,-0.294,0.137,-0.562,-0.507,-0.551,-0.243,-0.35,-0.128,0.052,-0.272,-0.14,0.035,-0.595,-0.06,0.547,0.544,-0.372,-0.601,0.148,-0.358,0.682,0.421,0.128,0.204,-0.364,-0.608,0.478,-0.62,-0.562,-0.215,0.388,0.232,-0.517,0.751,0.752,0.547,0.569,0.324,0.586,0.606,0.579,0.611,-0.32,0.137,0.341,-0.614,0.633,0.511,-0.321,0.176,0.358,0.61,-0.135,-0.281,-0.638,0.672,-0.484,0.77,0.185,-0.138,-0.649,-0.625,0.236,0.514,0.533,-0.393,0.447,0.525,0.54,0.6,-0.069,0.531,0.347,-0.347,-0.541,0.567,-0.499,-0.611,-0.613,0.482,0.426,0.567,-0.498,0.169,0.435,-0.655,0.594,-0.58,0.413,0.432,0.579,-0.494,-0.162,0.569,-0.46,-0.53,0.545,0.582,0.305,-0.14,0.756,0.1,0.583,0.031,-0.45,0.559,0.527,-0.284,0.477,0.389,-0.325,0.675,-0.622,-0.019,-0.219,-0.562,-0.262,-0.322,-0.266,0.115,-0.627,0.449,0.102,-0.478,-0.552,0.72,-0.652,-0.573,0.33,0.598,0.243,0.603,0.116,0.524,0.682,0.566,-0.504,-0.043,0.548,0.402,0.619,-0.067,-0.423,0.09,-0.278,0.752,0.544,-0.234,-0.685,0.205,0.626,-0.477,0.455,-0.585,-0.615
AMGN,-0.556,0.383,0.649,0.421,-0.557,0.244,0.457,0.712,-0.384,-0.424,-0.496,-0.561,1.0,0.148,-0.532,0.628,-0.264,0.54,-0.068,-0.517,0.149,0.017,0.774,0.725,-0.065,0.443,0.388,0.496,-0.225,-0.654,-0.478,-0.581,-0.666,-0.643,0.103,-0.576,0.652,-0.462,-0.397,0.834,-0.491,0.634,0.582,0.675,0.416,0.4,-0.229,0.777,0.454,0.477,0.031,0.36,0.211,0.068,0.27,-0.037,0.046,0.68,0.396,-0.503,-0.586,0.415,0.574,-0.315,0.326,-0.682,-0.399,-0.282,0.059,0.426,0.796,-0.528,0.713,0.446,0.26,-0.338,-0.239,0.614,-0.369,-0.369,-0.387,-0.615,-0.266,-0.539,-0.529,-0.62,-0.525,0.315,-0.181,-0.396,0.531,-0.671,-0.556,0.245,-0.08,-0.344,-0.55,0.298,0.109,0.565,-0.684,0.822,-0.563,-0.136,0.487,0.717,0.591,-0.221,-0.608,-0.508,0.268,-0.582,-0.338,-0.647,-0.598,0.337,-0.46,-0.327,0.467,0.604,-0.587,0.731,0.488,0.681,-0.543,-0.283,-0.535,0.762,0.117,-0.374,0.699,-0.641,0.822,-0.304,-0.475,-0.342,0.34,0.058,-0.601,0.585,0.495,-0.439,-0.602,-0.092,0.253,-0.643,0.269,-0.54,0.008,0.378,-0.666,-0.521,0.239,-0.491,-0.479,0.483,-0.539,0.703,0.003,0.419,0.779,0.382,0.335,0.701,-0.009,0.581,-0.439,-0.031,0.383,0.451,-0.457,0.601,0.422,-0.383,-0.651,-0.451,-0.586,-0.222,-0.466,-0.582,-0.433,0.432,-0.026,-0.556,-0.226,-0.579,0.11,0.678,-0.119,0.167,-0.623,-0.506,0.357,0.711,-0.303,-0.709,0.354,-0.465,0.453,0.597
AMZN,-0.124,0.046,0.4,-0.179,-0.123,0.329,-0.206,-0.016,0.311,0.154,-0.248,0.043,0.148,1.0,-0.354,-0.208,0.399,0.108,-0.241,0.25,0.341,-0.286,-0.007,-0.099,0.256,0.003,-0.324,-0.064,-0.587,-0.042,-0.056,0.032,-0.015,0.199,0.327,-0.207,0.27,-0.223,-0.195,-0.009,-0.126,-0.064,-0.235,0.016,-0.246,0.482,-0.114,-0.027,-0.006,0.395,0.4,-0.242,0.357,0.716,0.397,0.28,-0.473,-0.087,0.246,-0.357,-0.34,0.28,-0.267,-0.523,-0.424,-0.001,-0.265,0.149,-0.139,0.447,0.064,-0.3,0.074,-0.151,-0.282,0.225,-0.342,-0.057,0.491,0.482,0.317,-0.092,0.337,-0.086,0.418,-0.027,-0.208,-0.026,-0.57,0.251,-0.094,0.142,-0.348,0.262,0.126,0.107,0.102,-0.248,0.014,0.222,0.059,-0.173,-0.007,0.233,-0.404,0.137,0.048,0.072,0.039,-0.291,-0.37,0.302,0.013,0.124,-0.134,0.519,-0.316,0.303,0.333,0.146,-0.165,0.07,-0.133,0.058,0.268,-0.341,0.46,-0.003,-0.418,0.285,0.1,0.055,-0.133,0.48,-0.079,0.481,-0.201,0.353,0.213,-0.115,-0.281,0.224,-0.153,-0.516,-0.386,0.08,0.492,0.293,0.245,-0.028,0.251,-0.251,-0.18,0.418,0.143,-0.17,-0.267,0.102,-0.57,0.536,-0.131,-0.192,-0.473,-0.204,0.421,0.047,-0.117,0.431,0.42,-0.189,0.056,-0.148,0.144,-0.011,0.086,0.137,-0.196,0.132,-0.425,-0.083,0.353,0.467,-0.205,0.121,-0.036,-0.143,0.443,0.336,-0.407,0.341,0.087,0.116,-0.026,0.107,0.432,0.073,0.337,0.137,0.413,0.027
APA,0.371,-0.039,-0.32,-0.021,0.541,-0.175,-0.083,-0.435,0.276,0.298,0.392,0.438,-0.532,-0.354,1.0,-0.294,0.019,-0.187,0.332,0.317,0.021,0.158,-0.463,-0.341,-0.263,-0.351,-0.187,-0.171,0.433,0.426,0.587,0.383,0.474,0.318,-0.035,0.746,-0.563,0.584,0.34,-0.469,0.598,-0.322,-0.084,-0.446,-0.224,-0.422,0.479,-0.457,-0.372,-0.508,-0.17,-0.137,-0.058,-0.225,-0.481,-0.042,0.142,-0.376,-0.265,0.561,0.705,-0.364,-0.271,0.327,-0.035,0.704,0.611,0.282,0.039,-0.426,-0.5,0.386,-0.442,-0.242,0.273,0.174,0.315,-0.386,0.025,0.031,0.26,0.546,0.134,0.451,0.215,0.515,0.517,-0.28,0.387,0.281,-0.32,0.538,0.483,-0.217,-0.169,0.172,0.489,-0.14,-0.101,-0.518,0.546,-0.366,0.585,0.001,-0.054,-0.563,-0.406,0.067,0.652,0.537,-0.059,0.199,0.228,0.536,0.573,-0.432,0.473,0.229,-0.618,-0.455,0.376,-0.422,-0.298,-0.404,0.314,0.439,0.228,-0.337,0.291,0.159,-0.465,0.384,-0.365,0.152,0.349,0.254,-0.122,-0.171,0.214,-0.25,-0.164,0.26,0.492,0.513,0.133,0.411,-0.157,0.28,0.155,-0.145,0.326,0.431,-0.109,0.208,0.351,-0.141,0.531,-0.593,0.234,-0.451,-0.449,-0.063,-0.002,-0.213,-0.06,-0.389,0.485,-0.237,-0.408,-0.288,0.369,-0.452,-0.304,0.464,0.417,0.211,0.463,0.047,0.632,0.44,0.301,-0.347,0.071,0.498,0.378,0.767,-0.126,-0.455,0.24,-0.372,0.401,0.256,-0.099,-0.489,-0.071,0.468,-0.348,0.328,-0.473,-0.469
APPS,-0.56,0.279,0.211,0.602,-0.498,-0.202,0.644,0.584,-0.467,-0.618,-0.297,-0.529,0.628,-0.208,-0.294,1.0,-0.502,0.437,-0.031,-0.526,-0.218,0.135,0.854,0.723,-0.152,0.503,0.623,0.248,-0.022,-0.592,-0.456,-0.612,-0.627,-0.633,-0.243,-0.509,0.274,-0.239,-0.154,0.723,-0.38,0.637,0.486,0.668,0.585,-0.122,-0.097,0.878,0.522,0.268,-0.156,0.604,-0.223,-0.382,-0.096,-0.235,0.171,0.539,-0.055,-0.261,-0.495,0.095,0.698,-0.09,0.738,-0.652,-0.204,-0.397,0.156,0.18,0.573,-0.48,0.815,0.685,0.45,-0.597,-0.161,0.563,-0.649,-0.661,-0.589,-0.507,-0.444,-0.484,-0.6,-0.481,-0.459,0.335,0.287,-0.68,0.745,-0.511,-0.298,0.085,-0.046,-0.374,-0.633,0.366,0.131,0.381,-0.673,0.778,-0.37,-0.127,0.68,0.562,0.745,-0.131,-0.626,-0.226,0.753,-0.657,-0.379,-0.583,-0.547,0.03,-0.226,-0.497,0.148,0.525,-0.309,0.538,0.547,0.463,-0.625,0.036,-0.716,0.887,0.313,-0.576,0.614,-0.542,0.726,-0.506,-0.403,-0.524,0.615,-0.055,-0.726,0.61,0.695,-0.576,-0.641,0.329,0.765,-0.671,0.126,-0.72,-0.061,0.537,-0.767,-0.413,0.487,-0.706,-0.542,0.502,-0.457,0.571,0.442,0.136,0.72,0.443,0.716,0.618,-0.235,0.453,-0.204,-0.237,0.009,0.721,-0.601,0.688,0.374,-0.086,-0.692,-0.522,-0.446,-0.412,-0.286,-0.44,-0.543,0.067,0.091,-0.664,-0.131,-0.599,-0.116,0.257,0.231,-0.175,-0.647,-0.493,0.386,0.538,-0.547,-0.631,0.067,-0.584,0.183,0.655
ARCC,0.097,-0.108,-0.099,-0.314,0.369,-0.023,-0.484,-0.362,0.367,0.203,-0.087,0.655,-0.264,0.399,0.019,-0.502,1.0,-0.304,0.042,0.425,0.091,-0.239,-0.378,-0.502,0.272,-0.189,-0.362,-0.221,-0.066,0.341,0.124,0.34,0.491,0.513,0.193,0.324,-0.251,0.112,0.01,-0.435,0.403,-0.495,-0.289,-0.413,-0.423,0.034,-0.051,-0.376,-0.236,-0.103,-0.115,-0.243,0.104,0.398,0.048,0.011,-0.324,-0.284,0.172,0.063,0.149,0.03,-0.494,-0.195,-0.591,0.383,0.087,0.194,-0.255,0.018,-0.241,0.113,-0.488,-0.43,-0.393,0.291,-0.133,-0.213,0.798,0.795,0.379,0.378,0.37,0.207,0.618,0.236,0.145,-0.137,-0.139,0.366,-0.432,0.359,0.112,0.037,0.432,0.404,0.393,-0.373,-0.24,-0.366,0.424,-0.42,0.369,0.314,-0.22,-0.333,-0.577,0.399,0.295,0.295,-0.38,0.478,0.048,0.272,0.253,0.442,0.006,0.305,-0.021,-0.253,0.446,-0.404,-0.434,-0.394,0.453,-0.129,0.517,-0.328,-0.186,0.383,-0.395,0.312,-0.459,0.358,0.244,0.475,-0.499,0.181,0.493,-0.319,-0.53,0.521,0.225,-0.237,-0.385,0.56,0.364,0.461,0.131,-0.346,0.53,0.157,-0.175,0.427,0.409,-0.293,0.307,-0.308,-0.36,-0.01,-0.398,-0.378,-0.511,-0.389,0.053,-0.318,0.153,0.488,-0.117,-0.443,0.465,-0.473,-0.296,0.285,0.466,0.033,0.203,-0.014,0.043,0.2,0.503,-0.168,-0.224,0.518,0.083,0.274,0.253,-0.167,-0.254,0.074,0.565,0.569,0.036,-0.276,0.459,0.353,-0.236,0.252,-0.133,-0.407
ARDX,-0.486,0.474,0.561,0.35,-0.398,0.192,0.511,0.51,-0.014,-0.217,-0.502,-0.565,0.54,0.108,-0.187,0.437,-0.304,1.0,-0.046,-0.172,0.392,-0.163,0.541,0.586,-0.048,0.427,0.443,0.018,-0.311,-0.525,-0.034,-0.4,-0.472,-0.441,-0.116,-0.602,0.458,-0.215,-0.341,0.467,-0.194,0.491,0.106,0.536,0.326,0.18,0.035,0.526,0.504,0.491,-0.02,0.421,0.114,-0.068,0.287,0.305,-0.248,0.606,0.285,-0.475,-0.361,0.415,0.371,-0.337,0.238,-0.507,-0.149,0.062,-0.11,0.485,0.55,-0.492,0.501,0.585,0.305,-0.314,-0.282,0.411,-0.429,-0.428,-0.439,-0.283,-0.094,-0.45,-0.472,-0.391,-0.395,0.37,-0.091,-0.098,0.585,-0.409,-0.371,0.416,-0.284,-0.195,-0.297,0.012,0.052,0.509,-0.307,0.482,-0.423,0.267,0.286,0.526,0.516,0.071,-0.242,-0.248,0.395,-0.163,-0.423,-0.297,-0.407,0.268,-0.386,0.077,0.335,0.712,-0.351,0.441,0.479,0.431,-0.057,-0.242,-0.414,0.528,0.123,-0.086,0.521,-0.378,0.449,-0.193,-0.212,-0.249,0.425,0.522,-0.455,0.522,0.499,-0.301,-0.44,-0.243,0.221,-0.527,0.37,-0.311,0.422,0.5,-0.526,-0.241,0.419,-0.344,-0.023,0.64,-0.467,0.471,0.001,0.335,0.408,0.574,0.214,0.347,-0.062,0.559,-0.009,0.113,0.438,0.528,-0.505,0.463,0.808,-0.039,-0.552,-0.457,-0.39,-0.235,-0.348,-0.424,-0.214,0.548,-0.117,-0.313,-0.051,-0.322,0.408,0.475,-0.083,0.156,-0.537,-0.269,0.28,0.708,0.013,-0.413,0.285,-0.196,0.498,0.432
ATER,0.117,0.063,0.008,-0.007,0.388,0.033,-0.146,-0.033,0.024,0.124,0.136,0.291,-0.068,-0.241,0.332,-0.031,0.042,-0.046,1.0,0.085,0.087,0.237,-0.087,-0.038,0.11,0.009,0.189,0.104,0.511,0.215,0.223,0.153,0.228,0.056,0.195,0.345,-0.005,0.256,0.208,-0.024,0.163,0.025,0.329,-0.077,0.125,-0.187,0.214,-0.059,0.025,-0.152,-0.337,0.168,0.179,-0.094,-0.16,-0.063,0.194,-0.097,0.2,0.286,0.331,-0.027,-0.016,0.239,0.054,0.201,0.225,0.089,0.26,-0.035,0.092,0.194,-0.078,-0.005,0.194,0.121,0.351,-0.01,0.021,0.017,0.2,0.342,0.063,0.281,0.01,0.157,0.269,-0.07,0.268,0.085,-0.025,0.157,0.252,-0.108,-0.071,-0.007,0.219,0.053,-0.156,-0.278,0.179,0.038,0.331,-0.063,0.071,-0.177,-0.17,0.127,0.162,0.269,0.155,0.066,0.165,0.094,0.268,-0.14,0.288,0.072,-0.14,-0.129,0.269,0.054,-0.175,-0.08,0.076,0.311,0.076,0.015,0.431,0.096,-0.136,0.191,0.157,0.099,0.268,0.216,-0.044,-0.076,0.062,0.156,0.101,0.074,0.289,0.347,0.245,0.228,-0.028,0.061,0.136,0.02,0.044,0.302,0.129,0.032,0.109,0.208,0.329,-0.16,0.235,-0.016,0.044,0.245,0.121,0.304,0.141,0.041,0.186,-0.097,-0.203,0.091,0.24,-0.118,-0.208,0.12,0.166,-0.19,0.222,0.034,0.437,0.186,0.156,-0.169,0.033,0.116,0.251,0.256,-0.103,-0.175,0.067,-0.123,0.127,0.188,0.063,-0.16,-0.069,0.153,-0.198,0.195,-0.304,-0.125
ATOS,0.332,-0.334,-0.19,-0.374,0.56,0.055,-0.398,-0.44,0.612,0.406,0.3,0.493,-0.517,0.25,0.317,-0.526,0.425,-0.172,0.085,1.0,0.097,0.114,-0.516,-0.524,0.068,-0.443,-0.436,-0.149,0.04,0.376,0.316,0.569,0.399,0.486,0.274,0.372,-0.359,0.546,0.435,-0.53,0.28,-0.373,-0.275,-0.529,-0.261,-0.315,0.245,-0.506,-0.345,-0.223,-0.082,-0.344,-0.011,0.108,-0.129,0.209,-0.25,-0.59,-0.05,0.321,0.51,-0.305,-0.56,-0.068,-0.47,0.478,0.369,0.233,0.08,-0.061,-0.494,0.174,-0.524,-0.411,-0.169,0.44,-0.021,-0.46,0.417,0.413,0.461,0.467,0.269,0.544,0.481,0.529,0.487,-0.162,0.045,0.463,-0.513,0.597,0.433,-0.086,-0.137,0.139,0.418,-0.095,-0.165,-0.424,0.645,-0.591,0.511,0.49,-0.467,-0.453,-0.507,0.073,0.508,0.213,-0.366,0.486,0.368,0.761,0.494,-0.216,0.39,0.526,-0.158,-0.207,0.381,-0.529,-0.487,-0.515,0.681,0.306,0.51,-0.468,0.015,0.566,-0.583,0.529,-0.573,0.626,0.408,0.558,-0.377,0.083,0.411,-0.515,-0.484,0.308,0.391,0.003,-0.242,0.445,0.187,0.622,0.309,-0.41,0.507,0.487,-0.248,0.48,0.372,-0.186,0.411,-0.547,-0.213,0.136,-0.448,-0.129,-0.366,-0.426,0.229,-0.359,0.611,0.046,-0.3,-0.454,0.458,-0.574,-0.313,0.577,0.611,0.151,0.503,0.154,0.301,0.545,0.532,-0.117,-0.306,0.414,0.436,0.473,0.16,-0.344,0.204,-0.2,0.359,0.396,-0.128,-0.459,0.369,0.593,-0.268,0.465,-0.406,-0.619
AUPH,-0.047,0.252,0.519,-0.194,-0.057,0.402,-0.05,-0.092,0.358,0.409,-0.304,-0.163,0.149,0.341,0.021,-0.218,0.091,0.392,0.087,0.097,1.0,-0.414,0.01,0.068,0.079,0.058,-0.005,-0.269,-0.16,0.073,0.431,0.153,0.128,0.282,0.313,-0.124,0.219,0.098,-0.379,-0.071,0.165,0.027,-0.021,-0.05,-0.207,0.343,-0.038,-0.089,0.166,0.303,0.125,-0.089,0.57,0.407,0.42,0.407,-0.404,0.096,0.314,-0.323,0.003,0.374,-0.115,-0.193,-0.274,0.065,0.148,0.602,-0.3,0.505,0.062,-0.117,-0.087,0.036,0.105,0.352,0.09,0.036,0.048,0.026,0.305,0.166,0.444,-0.078,0.142,0.046,-0.151,-0.009,-0.264,0.538,0.062,0.167,-0.175,0.369,-0.157,0.292,0.271,-0.45,0.125,0.37,0.211,-0.05,0.008,0.047,-0.169,-0.025,-0.103,0.182,0.358,-0.086,-0.119,0.286,-0.211,0.175,0.013,0.269,-0.264,0.363,0.253,0.089,-0.013,0.15,0.039,-0.099,0.345,-0.351,0.27,-0.084,-0.015,0.374,0.118,0.181,-0.072,0.196,0.154,0.194,-0.041,0.452,0.094,0.073,-0.086,0.272,0.084,-0.362,-0.135,0.092,0.15,0.254,0.386,0.293,0.221,-0.148,-0.031,0.257,0.434,0.109,-0.046,-0.066,-0.3,0.252,-0.205,0.058,-0.3,0.065,0.422,0.12,0.069,0.424,0.461,0.002,0.181,-0.169,0.282,0.072,0.233,-0.031,-0.182,0.138,-0.107,-0.181,0.358,0.401,-0.021,0.266,0.093,0.199,0.422,0.433,-0.48,0.328,0.114,0.155,-0.001,0.211,0.461,0.091,0.38,0.312,0.338,-0.07
AVGO,0.167,-0.187,-0.208,0.243,0.406,0.121,0.006,0.148,-0.089,-0.074,0.65,0.216,0.017,-0.286,0.158,0.135,-0.239,-0.163,0.237,0.114,-0.414,1.0,-0.064,0.039,-0.048,-0.267,0.037,0.553,0.469,0.196,-0.061,0.181,-0.153,-0.27,0.146,0.205,-0.15,0.038,0.79,0.242,-0.232,0.292,0.465,0.114,0.524,-0.347,0.142,0.016,-0.073,-0.304,-0.279,0.047,-0.258,-0.331,-0.253,-0.225,0.507,-0.103,-0.011,0.503,0.345,-0.299,0.207,0.401,0.295,0.017,0.206,-0.339,0.837,-0.247,-0.083,0.331,0.094,-0.029,0.09,-0.072,0.313,-0.018,-0.108,-0.094,-0.069,-0.058,-0.318,0.468,-0.22,0.199,0.646,0.019,0.342,-0.251,-0.094,-0.109,0.416,-0.355,-0.34,-0.446,-0.166,0.739,-0.04,-0.24,0.132,0.141,0.184,-0.108,0.083,0.026,0.039,-0.408,-0.17,0.021,-0.067,-0.405,0.736,0.098,0.383,-0.644,0.769,0.023,-0.116,-0.032,-0.05,0.177,-0.112,0.187,-0.193,0.822,-0.263,0.043,0.36,0.079,0.016,0.05,0.159,0.037,0.013,0.037,0.036,-0.486,-0.062,-0.08,0.187,-0.407,0.315,0.524,0.24,-0.19,-0.038,0.057,-0.084,-0.177,-0.144,0.583,-0.022,-0.114,-0.333,0.301,0.373,-0.04,0.484,0.052,0.207,0.341,0.361,0.297,0.004,-0.125,0.264,-0.553,-0.358,0.007,0.053,0.065,-0.283,-0.086,-0.043,-0.126,0.44,0.044,0.556,0.63,-0.221,-0.278,-0.255,-0.242,0.339,0.118,-0.397,-0.202,0.613,-0.363,-0.18,-0.203,0.108,-0.179,-0.477,0.084,-0.253,0.004,-0.344,0.031
AZN,-0.641,0.365,0.415,0.545,-0.56,-0.181,0.581,0.6,-0.34,-0.529,-0.433,-0.55,0.774,-0.007,-0.463,0.854,-0.378,0.541,-0.087,-0.516,0.01,-0.064,1.0,0.799,-0.048,0.615,0.592,0.154,-0.215,-0.699,-0.421,-0.624,-0.573,-0.527,-0.117,-0.636,0.432,-0.355,-0.381,0.744,-0.418,0.688,0.487,0.66,0.528,0.104,-0.194,0.905,0.604,0.433,-0.021,0.614,-0.05,-0.26,0.072,-0.066,-0.053,0.631,0.045,-0.508,-0.68,0.292,0.664,-0.261,0.533,-0.705,-0.318,-0.27,-0.026,0.336,0.674,-0.633,0.79,0.727,0.335,-0.444,-0.298,0.668,-0.519,-0.535,-0.487,-0.506,-0.333,-0.635,-0.56,-0.59,-0.636,0.367,0.133,-0.49,0.729,-0.566,-0.523,0.249,0.034,-0.194,-0.564,0.223,0.089,0.525,-0.703,0.843,-0.463,0.024,0.684,0.626,0.745,0.032,-0.577,-0.273,0.658,-0.491,-0.496,-0.628,-0.699,0.268,-0.46,-0.4,0.275,0.663,-0.301,0.582,0.657,0.441,-0.568,-0.227,-0.582,0.848,0.262,-0.441,0.662,-0.521,0.727,-0.411,-0.36,-0.425,0.602,0.157,-0.688,0.695,0.643,-0.379,-0.737,0.06,0.613,-0.621,0.253,-0.644,0.031,0.594,-0.696,-0.61,0.514,-0.611,-0.466,0.484,-0.594,0.61,0.214,0.288,0.685,0.437,0.606,0.653,-0.194,0.586,-0.233,0.035,0.177,0.709,-0.544,0.667,0.474,-0.198,-0.698,-0.462,-0.598,-0.337,-0.425,-0.59,-0.47,0.229,0.148,-0.634,-0.161,-0.687,0.125,0.481,0.071,0.039,-0.606,-0.37,0.304,0.677,-0.315,-0.729,0.213,-0.495,0.318,0.672
BCRX,-0.543,0.351,0.447,0.515,-0.517,-0.023,0.629,0.68,-0.317,-0.385,-0.269,-0.623,0.725,-0.099,-0.341,0.723,-0.502,0.586,-0.038,-0.524,0.068,0.039,0.799,1.0,-0.092,0.634,0.678,0.207,-0.237,-0.687,-0.357,-0.604,-0.719,-0.556,-0.14,-0.629,0.438,-0.357,-0.408,0.722,-0.496,0.68,0.465,0.702,0.6,0.24,-0.104,0.809,0.601,0.403,0.101,0.7,0.011,-0.298,0.115,0.131,0.052,0.707,0.091,-0.457,-0.61,0.348,0.703,-0.182,0.47,-0.606,-0.27,-0.154,0.031,0.341,0.655,-0.612,0.741,0.748,0.299,-0.375,-0.288,0.568,-0.626,-0.636,-0.537,-0.401,-0.329,-0.629,-0.675,-0.648,-0.528,0.41,0.23,-0.484,0.677,-0.642,-0.504,0.329,-0.203,-0.318,-0.618,0.233,0.16,0.549,-0.641,0.834,-0.559,-0.175,0.533,0.663,0.713,-0.084,-0.515,-0.342,0.643,-0.474,-0.378,-0.579,-0.561,0.169,-0.344,-0.287,0.253,0.605,-0.381,0.696,0.705,0.55,-0.545,-0.153,-0.685,0.741,0.239,-0.41,0.762,-0.637,0.715,-0.448,-0.25,-0.505,0.725,0.164,-0.721,0.73,0.678,-0.508,-0.679,0.001,0.502,-0.701,0.194,-0.629,0.039,0.547,-0.728,-0.502,0.578,-0.637,-0.568,0.534,-0.469,0.609,0.2,0.162,0.667,0.523,0.633,0.641,-0.208,0.67,-0.269,-0.063,0.219,0.722,-0.619,0.689,0.528,-0.245,-0.692,-0.343,-0.556,-0.235,-0.284,-0.502,-0.544,0.257,0.038,-0.679,-0.216,-0.648,0.004,0.506,0.07,0.085,-0.685,-0.351,0.306,0.674,-0.345,-0.735,0.299,-0.437,0.334,0.708
BGC,-0.01,-0.066,0.107,-0.238,0.104,0.109,-0.308,-0.046,0.049,0.158,0.095,0.113,-0.065,0.256,-0.263,-0.152,0.272,-0.048,0.11,0.068,0.079,-0.048,-0.048,-0.092,1.0,0.139,0.067,0.024,-0.051,0.109,-0.018,0.131,0.086,0.25,0.184,-0.135,0.021,-0.268,0.025,-0.101,-0.012,-0.017,-0.121,-0.151,0.003,0.184,-0.187,-0.025,0.09,0.033,-0.074,0.038,0.009,0.315,0.232,0.119,-0.184,-0.148,0.187,-0.127,-0.11,0.128,-0.119,-0.071,-0.225,0.1,-0.136,-0.011,-0.033,0.304,0.046,-0.042,-0.045,-0.053,-0.333,0.314,0.047,0.048,0.326,0.32,0.211,0.233,0.136,0.175,0.332,0.014,0.042,0.088,-0.1,0.253,0.023,-0.005,-0.111,-0.028,0.234,0.036,0.147,-0.047,-0.126,0.128,0.12,-0.184,0.034,0.052,-0.281,-0.019,-0.126,0.246,0.012,-0.114,-0.089,0.23,0.126,-0.07,0.056,0.223,-0.074,0.139,0.254,-0.061,0.236,-0.131,-0.075,-0.06,0.057,-0.178,0.284,-0.075,-0.12,0.287,-0.035,0.224,-0.127,0.187,0.322,0.259,-0.14,0.184,0.131,-0.063,-0.142,0.096,0.111,-0.294,-0.14,0.136,0.112,0.239,0.012,-0.081,0.308,0.049,0.062,0.252,0.048,0.016,-0.03,0.002,-0.277,0.364,-0.057,0.05,-0.207,-0.128,0.287,0.012,-0.184,0.47,0.017,0.041,0.101,-0.132,-0.071,-0.132,0.204,-0.032,0.012,0.088,-0.036,0.054,0.282,0.029,-0.163,0.163,-0.068,-0.025,0.202,-0.074,-0.297,0.315,0.057,0.384,0.132,-0.041,0.335,0.009,0.006,0.136,0.037,-0.069
BIDU,-0.668,0.611,0.21,0.579,-0.501,-0.234,0.583,0.723,-0.335,-0.332,-0.472,-0.497,0.443,0.003,-0.351,0.503,-0.189,0.427,0.009,-0.443,0.058,-0.267,0.615,0.634,0.139,1.0,0.713,-0.02,-0.239,-0.616,-0.295,-0.57,-0.523,-0.335,-0.413,-0.596,0.428,-0.325,-0.547,0.531,-0.095,0.608,0.045,0.635,0.421,0.233,-0.119,0.655,0.737,0.681,0.087,0.743,0.093,-0.08,0.223,0.042,-0.293,0.641,-0.087,-0.557,-0.651,0.505,0.657,-0.242,0.245,-0.556,-0.404,-0.164,-0.267,0.366,0.617,-0.715,0.579,0.735,0.23,-0.384,-0.499,0.68,-0.398,-0.392,-0.524,-0.213,-0.2,-0.527,-0.532,-0.579,-0.669,0.493,0.228,-0.308,0.772,-0.505,-0.527,0.492,0.165,0.001,-0.503,0.053,0.062,0.415,-0.635,0.505,-0.473,-0.015,0.392,0.717,0.53,0.339,-0.472,-0.136,0.648,-0.183,-0.591,-0.469,-0.713,0.483,-0.511,-0.466,0.251,0.472,-0.055,0.389,0.664,0.452,-0.349,-0.323,-0.437,0.589,0.093,-0.39,0.675,-0.494,0.522,-0.263,-0.251,-0.372,0.634,0.391,-0.38,0.78,0.528,-0.213,-0.647,-0.306,0.315,-0.479,0.237,-0.668,0.046,0.65,-0.446,-0.571,0.695,-0.487,-0.35,0.246,-0.615,0.65,0.121,0.111,0.564,0.231,0.414,0.278,-0.402,0.741,-0.377,0.344,0.336,0.749,-0.639,0.656,0.465,-0.062,-0.501,-0.397,-0.689,-0.354,-0.415,-0.614,-0.502,0.301,0.103,-0.303,-0.38,-0.557,0.315,0.257,-0.048,0.324,-0.536,0.025,0.309,0.635,-0.04,-0.583,0.235,-0.513,0.482,0.738
BILI,-0.446,0.379,0.062,0.451,-0.308,-0.159,0.492,0.571,-0.441,-0.361,-0.214,-0.456,0.388,-0.324,-0.187,0.623,-0.362,0.443,0.189,-0.436,-0.005,0.037,0.592,0.678,0.067,0.713,1.0,0.142,0.142,-0.386,-0.229,-0.495,-0.403,-0.406,-0.216,-0.464,0.141,-0.256,-0.247,0.497,-0.231,0.584,0.367,0.559,0.622,0.015,-0.012,0.645,0.708,0.337,-0.239,0.866,-0.139,-0.404,-0.012,0.074,0.118,0.583,0.068,-0.238,-0.378,0.376,0.685,0.227,0.532,-0.431,-0.105,-0.139,-0.032,0.321,0.573,-0.362,0.628,0.786,0.33,-0.386,-0.047,0.642,-0.551,-0.553,-0.452,0.001,-0.398,-0.345,-0.571,-0.475,-0.361,0.459,0.5,-0.417,0.717,-0.441,-0.286,0.301,-0.005,-0.179,-0.529,0.209,0.081,0.273,-0.483,0.583,-0.323,-0.158,0.519,0.474,0.531,0.197,-0.491,-0.082,0.792,-0.411,-0.358,-0.504,-0.373,0.051,-0.126,-0.508,0.105,0.378,0.102,0.45,0.524,0.361,-0.513,-0.038,-0.542,0.621,0.365,-0.36,0.534,-0.354,0.536,-0.396,0.022,-0.449,0.564,0.206,-0.471,0.684,0.674,-0.501,-0.392,0.111,0.613,-0.545,-0.069,-0.605,-0.033,0.595,-0.509,-0.215,0.812,-0.598,-0.345,0.453,-0.227,0.452,0.429,0.051,0.569,0.526,0.681,0.504,-0.285,0.624,-0.228,0.143,0.002,0.867,-0.52,0.629,0.282,-0.129,-0.463,-0.519,-0.37,-0.262,-0.001,-0.415,-0.541,-0.055,-0.076,-0.432,-0.086,-0.461,-0.06,0.12,0.07,0.242,-0.587,0.003,0.482,0.493,-0.308,-0.535,0.089,-0.412,0.165,0.594
BKR,-0.091,-0.011,0.087,0.179,-0.149,0.33,0.082,0.48,-0.41,-0.331,0.14,-0.234,0.496,-0.064,-0.171,0.248,-0.221,0.018,0.104,-0.149,-0.269,0.553,0.154,0.207,0.024,-0.02,0.142,1.0,0.186,-0.202,-0.422,-0.115,-0.412,-0.544,0.156,-0.116,0.309,-0.359,0.217,0.505,-0.427,0.373,0.486,0.265,0.384,0.137,-0.078,0.3,0.064,-0.004,-0.091,0.044,-0.046,0.014,-0.069,-0.148,0.471,0.209,0.348,0.034,-0.029,0.008,0.285,0.174,0.217,-0.213,-0.187,-0.466,0.403,-0.014,0.435,0.013,0.352,0.028,0.025,-0.177,0.158,0.272,-0.142,-0.123,-0.179,-0.374,-0.433,0.141,-0.297,-0.295,0.159,0.144,-0.039,-0.38,0.077,-0.485,-0.059,-0.091,-0.205,-0.537,-0.448,0.687,0.103,0.073,-0.268,0.319,-0.327,-0.3,0.044,0.325,0.199,-0.537,-0.466,-0.433,-0.098,-0.655,0.292,-0.361,-0.005,-0.237,0.144,-0.22,0.19,0.115,-0.401,0.356,0.101,0.571,-0.511,0.154,-0.359,0.303,0.001,-0.209,0.249,-0.415,0.531,-0.082,-0.305,-0.135,-0.07,-0.472,-0.276,0.08,0.25,-0.577,-0.05,0.195,0.025,-0.422,-0.104,-0.184,-0.277,-0.211,-0.289,0.147,-0.039,-0.278,-0.514,0.28,-0.041,0.353,0.119,0.356,0.63,0.193,0.221,0.391,0.073,0.263,-0.351,-0.352,-0.073,0.106,-0.196,0.274,-0.132,-0.369,-0.219,-0.181,-0.031,0.011,0.045,-0.046,-0.368,0.065,-0.273,-0.313,-0.111,-0.188,-0.297,0.078,0.224,0.018,-0.444,-0.366,0.334,0.193,-0.431,-0.355,0.114,-0.288,0.011,0.166
BLDP,0.416,-0.122,-0.305,-0.047,0.486,-0.122,-0.109,-0.146,-0.207,0.028,0.407,0.347,-0.225,-0.587,0.433,-0.022,-0.066,-0.311,0.511,0.04,-0.16,0.469,-0.215,-0.237,-0.051,-0.239,0.142,0.186,1.0,0.507,0.237,0.221,0.358,0.084,0.148,0.548,-0.427,0.383,0.454,-0.143,0.236,-0.031,0.383,-0.29,0.122,-0.452,0.135,-0.163,-0.2,-0.456,-0.508,0.003,-0.127,-0.354,-0.311,-0.372,0.584,-0.125,0.069,0.534,0.604,-0.251,0.056,0.631,0.308,0.291,0.352,-0.094,0.339,-0.288,-0.169,0.555,-0.161,-0.17,0.189,0.086,0.607,-0.063,-0.024,-0.004,0.203,0.341,-0.237,0.504,-0.018,0.329,0.523,-0.192,0.422,-0.021,-0.181,0.264,0.438,-0.453,-0.062,-0.015,0.257,0.268,-0.031,-0.396,0.236,-0.033,0.461,-0.265,0.192,-0.349,-0.268,-0.071,0.141,0.303,0.038,-0.198,0.358,0.165,0.473,-0.486,0.598,-0.147,-0.412,-0.399,0.359,-0.174,-0.3,-0.195,-0.055,0.526,0.023,-0.115,0.533,-0.004,-0.355,0.343,-0.004,-0.059,0.278,-0.036,-0.169,-0.46,0.053,-0.115,-0.042,-0.061,0.468,0.6,0.312,0.193,-0.38,-0.0,-0.202,-0.057,0.093,0.552,-0.03,-0.033,0.063,0.049,0.504,-0.395,0.461,-0.293,-0.023,0.106,0.259,0.24,-0.023,-0.238,0.171,-0.256,-0.534,-0.03,0.368,-0.233,-0.38,0.086,0.28,-0.146,0.457,0.018,0.621,0.408,-0.019,-0.472,0.011,0.116,0.368,0.394,-0.404,-0.331,0.266,-0.268,0.174,0.073,0.075,-0.386,-0.274,0.206,-0.374,0.053,-0.523,-0.299
BLNK,0.634,-0.339,-0.353,-0.486,0.666,0.021,-0.58,-0.66,0.274,0.446,0.511,0.668,-0.654,-0.042,0.426,-0.592,0.341,-0.525,0.215,0.376,0.073,0.196,-0.699,-0.687,0.109,-0.616,-0.386,-0.202,0.507,1.0,0.505,0.654,0.729,0.601,0.371,0.635,-0.587,0.303,0.481,-0.687,0.401,-0.485,-0.091,-0.653,-0.322,-0.275,0.166,-0.699,-0.434,-0.529,-0.263,-0.464,-0.015,0.103,-0.096,-0.041,0.229,-0.557,-0.004,0.549,0.619,-0.261,-0.536,0.397,-0.212,0.667,0.414,0.313,0.177,-0.192,-0.713,0.736,-0.569,-0.588,-0.302,0.394,0.593,-0.513,0.543,0.546,0.666,0.588,0.287,0.694,0.61,0.585,0.678,-0.336,0.057,0.473,-0.649,0.69,0.586,-0.399,0.106,0.285,0.562,-0.164,-0.162,-0.478,0.715,-0.609,0.691,-0.085,-0.324,-0.726,-0.605,0.062,0.485,0.4,-0.494,0.299,0.595,0.47,0.746,-0.342,0.618,0.291,-0.308,-0.705,0.543,-0.482,-0.674,-0.583,0.399,0.334,0.662,-0.643,0.026,0.517,-0.637,0.736,-0.691,0.366,0.49,0.455,-0.574,-0.23,0.622,-0.635,-0.531,0.384,0.765,0.212,-0.204,0.613,-0.255,0.564,-0.114,-0.408,0.667,0.695,-0.389,0.618,0.49,-0.37,0.727,-0.651,0.045,-0.146,-0.685,-0.316,-0.363,-0.308,0.353,-0.632,0.255,0.028,-0.356,-0.519,0.752,-0.64,-0.542,0.143,0.692,0.266,0.674,0.265,0.575,0.649,0.499,-0.42,-0.109,0.549,0.449,0.654,-0.204,-0.424,-0.065,-0.013,0.664,0.427,-0.162,-0.649,0.244,0.731,-0.33,0.52,-0.442,-0.604
