,AAL,AAPL,AGNC,AMAT,AMD,AMZN,APA,ARDX,AVGO,AZN,BIDU,BILI,BKR,CAN,CHRD,CMCSA,CPRT,CRWD,CSCO,CSX,DKNG,EBAY,ERIC,EXC,FITB,FLEX,FTNT,GEN,GERN,GEVO,GILD,GOOG,GOOGL,GT,HBAN,HST,INTC,IOVA,IQ,JBLU,JD,KDP,KHC,LRCX,LYFT,MARA,MCHP,MDLZ,META,MNST,MRNA,MRVL,MSFT,MSTR,MU,MVIS,NFLX,NNDM,NVAX,NVDA,NWL,OCGN,ON,OPK,PAA,PACB,PANW,PARA,PDD,PENN,PEP,PLUG,PTEN,PTON,PYPL,QCOM,QVCGA,RIOT,ROKU,RUN,SABR,SBUX,SMCI,SNDL,STNE,TCOM,TLRY,TMUS,TSCO,TSLA,TTD,TXN,UAL,VOD,VTRS,VXRT,WBA,WBD,WDC,ZM
AAL,1.0,-0.014,-0.154,-0.299,-0.49,-0.348,-0.165,0.318,0.194,-0.047,0.132,0.229,-0.121,-0.42,0.642,-0.264,-0.195,-0.217,-0.331,-0.028,-0.195,0.015,-0.379,-0.078,0.031,-0.107,-0.126,-0.336,0.329,-0.01,0.291,-0.293,-0.328,0.027,-0.098,0.717,0.237,0.143,0.477,0.768,-0.094,-0.442,-0.304,-0.478,0.443,-0.356,0.327,-0.291,0.197,-0.442,-0.102,-0.011,0.09,-0.058,-0.034,-0.094,0.13,-0.284,-0.416,-0.461,-0.247,-0.394,-0.159,-0.527,0.397,0.281,-0.518,0.081,0.254,0.024,-0.309,0.514,-0.253,-0.404,-0.349,-0.247,-0.023,-0.259,-0.284,-0.359,0.752,-0.153,-0.117,0.389,-0.279,0.009,0.122,0.18,-0.317,-0.257,0.115,-0.219,0.866,0.141,0.248,-0.046,0.441,0.52,0.174,-0.02
AAPL,-0.014,1.0,0.056,0.507,-0.102,0.588,0.05,0.027,0.317,0.322,0.229,0.01,-0.202,-0.022,-0.202,0.095,0.009,0.132,0.191,0.223,0.026,0.529,-0.013,0.205,-0.07,0.24,-0.073,-0.056,0.096,0.163,0.378,0.644,0.615,0.179,-0.108,0.194,0.411,0.595,0.243,0.185,0.31,-0.043,0.121,0.413,-0.186,-0.169,0.517,-0.004,0.567,0.045,0.432,0.565,0.435,0.179,0.247,0.23,0.433,-0.26,0.14,0.622,-0.157,-0.203,0.61,0.005,-0.124,0.621,0.421,0.17,0.01,0.134,0.015,0.056,-0.148,0.278,-0.005,0.203,-0.262,-0.188,0.451,0.252,0.093,-0.099,0.161,0.407,-0.065,-0.042,0.21,0.051,0.253,0.686,0.279,0.598,-0.023,0.228,0.488,0.54,-0.261,0.056,0.225,0.2
AGNC,-0.154,0.056,1.0,0.177,0.6,-0.196,0.588,-0.296,-0.541,0.532,-0.69,-0.724,0.397,0.638,0.032,0.763,0.746,-0.398,0.308,0.771,0.606,-0.295,0.636,0.546,0.586,0.764,-0.375,0.548,-0.758,-0.318,-0.312,0.392,0.272,0.827,0.672,-0.131,-0.406,-0.192,-0.677,0.063,-0.44,0.702,0.735,0.678,-0.212,0.56,-0.454,0.832,-0.486,0.691,0.63,-0.473,-0.571,0.464,0.344,0.525,-0.367,0.518,0.64,0.309,0.659,0.586,0.486,0.639,-0.479,0.18,0.375,0.677,-0.659,0.787,0.608,-0.52,0.704,0.153,0.096,0.097,0.392,0.396,0.5,0.662,-0.246,0.73,0.366,-0.365,0.672,0.416,-0.107,-0.432,0.66,0.376,-0.484,0.302,0.206,0.194,0.272,0.402,-0.006,0.505,0.406,-0.552
AMAT,-0.299,0.507,0.177,1.0,0.222,0.48,0.22,0.098,0.286,0.193,0.183,0.087,-0.005,0.314,-0.143,0.189,0.25,0.29,0.32,0.205,0.282,0.075,0.265,0.134,-0.048,0.164,0.146,0.218,-0.104,0.194,0.104,0.544,0.581,0.085,0.033,-0.036,0.308,0.333,0.135,-0.149,0.336,0.116,0.067,0.534,0.128,0.169,0.174,0.109,0.275,0.293,0.135,0.242,0.365,0.459,0.489,0.083,-0.032,0.216,0.216,0.55,0.084,0.147,0.294,0.312,-0.06,0.263,0.447,0.046,0.086,0.174,0.065,0.089,0.135,0.31,0.4,0.394,-0.026,0.187,0.202,0.117,-0.059,0.226,0.388,-0.059,0.287,0.209,0.182,0.247,0.271,0.449,0.365,0.392,-0.234,0.3,0.189,0.049,0.004,-0.109,0.259,0.292
AMD,-0.49,-0.102,0.6,0.222,1.0,-0.126,0.405,-0.65,-0.479,0.177,-0.6,-0.547,0.372,0.71,-0.341,0.706,0.736,-0.076,0.276,0.382,0.377,-0.447,0.476,0.271,0.527,0.458,-0.142,0.66,-0.74,-0.369,-0.648,0.089,0.049,0.456,0.487,-0.362,-0.541,-0.404,-0.669,-0.466,-0.228,0.668,0.504,0.641,-0.334,0.828,-0.584,0.707,-0.662,0.608,0.264,-0.421,-0.423,0.347,0.223,0.13,-0.383,0.5,0.477,0.388,0.681,0.762,0.107,0.621,-0.607,-0.254,0.349,0.315,-0.437,0.451,0.594,-0.698,0.73,0.275,0.392,0.34,0.631,0.617,0.294,0.448,-0.572,0.614,0.341,-0.591,0.703,0.325,-0.025,-0.264,0.607,0.156,-0.494,0.122,-0.208,-0.201,-0.041,-0.086,-0.229,-0.061,0.12,-0.447
AMZN,-0.348,0.588,-0.196,0.48,-0.126,1.0,-0.107,0.039,0.423,0.068,0.408,0.299,-0.294,0.073,-0.29,-0.147,-0.188,0.579,0.351,-0.16,-0.075,0.456,0.058,-0.237,-0.33,-0.097,0.445,-0.065,0.115,0.251,0.162,0.657,0.687,-0.06,-0.285,-0.286,0.132,0.401,0.136,-0.279,0.622,-0.043,-0.094,0.226,0.013,-0.204,0.36,-0.194,0.609,0.023,0.049,0.643,0.578,-0.01,0.259,-0.069,0.511,-0.158,0.044,0.68,-0.24,-0.159,0.436,0.097,0.033,0.101,0.646,-0.193,0.214,-0.169,0.042,0.118,-0.193,0.658,0.182,0.136,-0.415,-0.11,0.435,0.073,-0.089,-0.164,0.073,-0.004,-0.002,-0.086,0.168,0.276,0.039,0.546,0.583,0.378,-0.408,-0.148,-0.093,0.109,-0.353,-0.333,-0.104,0.672
APA,-0.165,0.05,0.588,0.22,0.405,-0.107,1.0,-0.216,-0.33,0.403,-0.477,-0.498,0.493,0.497,0.241,0.619,0.569,-0.346,0.19,0.551,0.463,-0.446,0.539,0.454,0.594,0.793,-0.378,0.421,-0.433,-0.233,-0.218,0.303,0.288,0.529,0.555,0.046,-0.296,-0.244,-0.442,0.012,-0.429,0.541,0.643,0.71,-0.095,0.257,-0.333,0.627,-0.316,0.542,0.334,-0.401,-0.441,0.429,0.349,0.351,-0.45,0.443,0.469,0.097,0.696,0.305,0.308,0.574,-0.357,0.074,0.268,0.607,-0.467,0.624,0.368,-0.325,0.485,-0.004,0.326,0.55,0.316,0.043,0.23,0.413,-0.118,0.523,0.38,-0.381,0.516,0.083,-0.335,-0.316,0.455,0.159,-0.364,0.216,0.116,0.288,0.223,0.244,0.051,0.463,0.35,-0.364
ARDX,0.318,0.027,-0.296,0.098,-0.65,0.039,-0.216,1.0,0.604,-0.129,0.548,0.442,-0.045,-0.449,0.369,-0.488,-0.375,0.066,0.009,-0.066,-0.049,0.278,-0.235,-0.16,-0.344,-0.312,0.286,-0.506,0.618,0.26,0.585,-0.047,0.045,-0.386,-0.254,0.181,0.539,0.452,0.572,0.476,0.297,-0.4,-0.412,-0.4,0.663,-0.606,0.531,-0.462,0.499,-0.358,-0.308,0.31,0.371,-0.065,0.065,-0.069,-0.065,-0.041,-0.377,-0.275,-0.413,-0.518,-0.092,-0.361,0.67,0.237,-0.229,-0.182,0.349,-0.237,-0.541,0.732,-0.43,-0.342,-0.129,-0.28,-0.569,-0.339,-0.357,-0.356,0.461,-0.214,-0.115,0.368,-0.365,-0.037,-0.129,0.384,-0.47,-0.246,0.603,-0.022,0.198,0.402,0.003,-0.056,0.536,0.132,0.115,0.369
AVGO,0.194,0.317,-0.541,0.286,-0.479,0.423,-0.33,0.604,1.0,-0.333,0.78,0.681,-0.354,-0.416,0.049,-0.624,-0.442,0.531,0.037,-0.32,-0.239,0.432,-0.509,-0.403,-0.528,-0.443,0.607,-0.473,0.657,0.144,0.461,0.028,0.131,-0.54,-0.556,0.21,0.518,0.547,0.718,0.218,0.684,-0.459,-0.604,-0.281,0.501,-0.414,0.737,-0.614,0.645,-0.522,-0.474,0.661,0.731,-0.086,0.105,-0.419,0.268,-0.356,-0.58,0.088,-0.551,-0.452,-0.088,-0.492,0.56,0.069,0.003,-0.488,0.6,-0.416,-0.505,0.657,-0.484,0.076,0.236,0.109,-0.391,-0.145,-0.228,-0.517,0.395,-0.326,-0.008,0.424,-0.311,-0.097,0.076,0.668,-0.476,-0.136,0.789,-0.033,-0.055,0.097,-0.137,-0.282,0.235,-0.273,-0.085,0.7
AZN,-0.047,0.322,0.532,0.193,0.177,0.068,0.403,-0.129,-0.333,1.0,-0.434,-0.492,0.083,0.422,-0.007,0.425,0.338,-0.314,0.283,0.557,0.474,-0.04,0.637,0.629,0.235,0.594,-0.463,0.24,-0.324,-0.203,0.041,0.403,0.334,0.548,0.251,0.082,-0.076,0.254,-0.369,0.095,-0.187,0.374,0.608,0.429,-0.268,0.112,-0.061,0.454,-0.024,0.527,0.803,-0.121,-0.229,0.282,0.162,0.801,-0.13,0.397,0.642,0.239,0.319,0.177,0.534,0.496,-0.397,0.555,0.247,0.61,-0.484,0.557,0.145,-0.294,0.14,0.058,-0.064,0.087,0.131,-0.019,0.347,0.506,-0.129,0.311,0.351,-0.019,0.223,0.135,-0.203,-0.317,0.523,0.39,-0.245,0.631,0.181,0.328,0.494,0.526,-0.108,0.406,0.314,-0.307
BIDU,0.132,0.229,-0.69,0.183,-0.6,0.408,-0.477,0.548,0.78,-0.434,1.0,0.783,-0.427,-0.564,0.02,-0.671,-0.648,0.549,-0.172,-0.519,-0.439,0.55,-0.585,-0.454,-0.597,-0.652,0.491,-0.53,0.745,0.489,0.456,-0.072,0.036,-0.651,-0.581,0.176,0.516,0.41,0.778,0.187,0.657,-0.608,-0.697,-0.416,0.37,-0.536,0.611,-0.718,0.66,-0.618,-0.55,0.674,0.677,-0.125,-0.177,-0.49,0.378,-0.554,-0.64,-0.053,-0.618,-0.586,-0.225,-0.561,0.627,0.019,-0.121,-0.602,0.687,-0.579,-0.52,0.7,-0.531,0.018,0.085,-0.013,-0.421,-0.334,-0.272,-0.593,0.4,-0.427,-0.113,0.485,-0.521,-0.141,0.343,0.523,-0.604,-0.101,0.774,-0.094,-0.162,0.03,-0.071,-0.246,0.201,-0.317,-0.263,0.702
BILI,0.229,0.01,-0.724,0.087,-0.547,0.299,-0.498,0.442,0.681,-0.492,0.783,1.0,-0.411,-0.487,0.225,-0.711,-0.589,0.593,-0.22,-0.6,-0.388,0.251,-0.512,-0.537,-0.558,-0.691,0.587,-0.485,0.659,0.244,0.262,-0.212,-0.109,-0.632,-0.575,0.152,0.353,0.283,0.794,0.058,0.631,-0.623,-0.718,-0.556,0.504,-0.424,0.429,-0.73,0.534,-0.583,-0.639,0.468,0.629,-0.184,-0.158,-0.559,0.298,-0.405,-0.639,-0.139,-0.559,-0.465,-0.348,-0.559,0.676,-0.159,-0.207,-0.625,0.866,-0.535,-0.461,0.674,-0.483,0.018,0.16,-0.021,-0.326,-0.206,-0.403,-0.662,0.45,-0.447,-0.04,0.234,-0.407,-0.128,0.199,0.608,-0.646,-0.287,0.774,-0.285,-0.062,-0.097,-0.252,-0.427,0.162,-0.35,-0.301,0.769
BKR,-0.121,-0.202,0.397,-0.005,0.372,-0.294,0.493,-0.045,-0.354,0.083,-0.427,-0.411,1.0,0.398,0.258,0.529,0.572,-0.491,0.401,0.545,0.411,-0.397,0.475,0.415,0.63,0.393,-0.317,0.496,-0.298,-0.156,-0.166,0.085,0.104,0.31,0.634,-0.177,-0.131,-0.398,-0.345,0.102,-0.488,0.413,0.432,0.335,0.03,0.168,-0.397,0.512,-0.421,0.374,0.149,-0.47,-0.3,0.181,0.498,0.15,-0.555,0.414,0.315,-0.107,0.582,0.297,0.067,0.487,-0.266,-0.035,0.105,0.346,-0.465,0.357,0.325,-0.196,0.6,-0.23,-0.12,-0.177,0.056,0.141,0.03,0.407,-0.203,0.516,-0.08,-0.282,0.353,0.121,-0.33,-0.292,0.496,0.025,-0.366,0.161,0.13,0.241,0.009,0.114,-0.007,0.267,0.603,-0.36
CAN,-0.42,-0.022,0.638,0.314,0.71,0.073,0.497,-0.449,-0.416,0.422,-0.564,-0.487,0.398,1.0,-0.11,0.664,0.688,-0.135,0.358,0.465,0.623,-0.334,0.698,0.355,0.47,0.488,-0.147,0.516,-0.707,-0.345,-0.518,0.288,0.252,0.529,0.487,-0.365,-0.46,-0.182,-0.604,-0.429,-0.167,0.641,0.524,0.642,-0.215,0.711,-0.481,0.654,-0.488,0.697,0.404,-0.396,-0.267,0.4,0.381,0.246,-0.418,0.545,0.595,0.305,0.734,0.821,0.245,0.89,-0.459,-0.058,0.441,0.338,-0.458,0.567,0.557,-0.558,0.687,0.297,0.268,0.224,0.468,0.606,0.291,0.492,-0.526,0.677,0.348,-0.52,0.703,0.384,-0.151,-0.209,0.671,0.275,-0.336,0.344,-0.127,0.021,-0.021,0.042,-0.193,0.027,0.227,-0.288
CHRD,0.642,-0.202,0.032,-0.143,-0.341,-0.29,0.241,0.369,0.049,-0.007,0.02,0.225,0.258,-0.11,1.0,-0.026,-0.021,-0.255,-0.129,0.169,0.165,-0.234,-0.015,0.129,0.274,0.046,-0.1,-0.14,0.176,-0.124,0.187,-0.135,-0.133,0.131,0.189,0.488,0.147,-0.087,0.271,0.569,-0.223,-0.219,-0.072,-0.22,0.532,-0.334,0.077,-0.063,0.038,-0.16,-0.117,-0.238,-0.051,0.146,0.182,0.009,-0.135,0.075,-0.228,-0.439,0.098,-0.261,-0.042,-0.1,0.426,0.108,-0.326,0.21,0.117,0.26,-0.128,0.489,-0.079,-0.321,-0.173,-0.198,-0.036,-0.283,-0.198,-0.239,0.68,0.147,0.004,0.091,-0.054,-0.06,-0.236,0.117,-0.136,-0.244,0.103,-0.124,0.664,0.351,0.122,-0.041,0.446,0.581,0.291,0.011
CMCSA,-0.264,0.095,0.763,0.189,0.706,-0.147,0.619,-0.488,-0.624,0.425,-0.671,-0.711,0.529,0.664,-0.026,1.0,0.812,-0.361,0.302,0.656,0.533,-0.273,0.651,0.542,0.764,0.748,-0.497,0.66,-0.74,-0.256,-0.385,0.348,0.315,0.729,0.778,-0.2,-0.424,-0.215,-0.656,-0.091,-0.469,0.695,0.739,0.79,-0.37,0.547,-0.536,0.869,-0.482,0.706,0.554,-0.491,-0.552,0.469,0.374,0.443,-0.375,0.46,0.679,0.33,0.774,0.597,0.406,0.735,-0.567,0.1,0.36,0.634,-0.604,0.712,0.647,-0.574,0.718,0.114,0.118,0.177,0.465,0.315,0.483,0.694,-0.369,0.662,0.356,-0.456,0.699,0.248,-0.082,-0.398,0.743,0.418,-0.538,0.363,0.077,0.072,0.354,0.365,-0.19,0.323,0.446,-0.59
CPRT,-0.195,0.009,0.746,0.25,0.736,-0.188,0.569,-0.375,-0.442,0.338,-0.648,-0.589,0.572,0.688,-0.021,0.812,1.0,-0.266,0.428,0.725,0.582,-0.483,0.676,0.472,0.7,0.701,-0.213,0.735,-0.69,-0.268,-0.509,0.256,0.239,0.614,0.691,-0.23,-0.472,-0.194,-0.559,-0.132,-0.356,0.663,0.631,0.68,-0.073,0.604,-0.516,0.767,-0.498,0.744,0.414,-0.549,-0.341,0.466,0.541,0.334,-0.539,0.633,0.631,0.282,0.726,0.601,0.264,0.668,-0.412,0.092,0.374,0.574,-0.503,0.658,0.626,-0.482,0.78,0.123,0.254,0.199,0.468,0.46,0.264,0.62,-0.386,0.71,0.394,-0.528,0.812,0.338,-0.157,-0.2,0.754,0.287,-0.379,0.274,0.137,0.023,0.194,0.172,-0.035,0.284,0.537,-0.472
CRWD,-0.217,0.132,-0.398,0.29,-0.076,0.579,-0.346,0.066,0.531,-0.314,0.549,0.593,-0.491,-0.135,-0.255,-0.361,-0.266,1.0,0.006,-0.524,-0.269,0.218,-0.242,-0.502,-0.395,-0.42,0.753,-0.09,0.194,0.099,-0.14,0.077,0.209,-0.376,-0.389,-0.212,-0.071,0.304,0.279,-0.348,0.76,-0.17,-0.449,-0.088,0.202,0.04,0.232,-0.325,0.415,-0.165,-0.354,0.508,0.487,0.08,-0.139,-0.455,0.337,-0.23,-0.291,0.391,-0.38,-0.085,-0.112,-0.203,0.35,-0.265,0.326,-0.447,0.637,-0.304,-0.093,0.195,-0.207,0.584,0.524,0.281,-0.005,0.161,-0.009,-0.342,0.087,-0.167,0.31,-0.156,0.055,0.062,0.31,0.537,-0.369,-0.005,0.685,-0.174,-0.421,-0.337,-0.205,-0.378,-0.113,-0.55,-0.472,0.679
CSCO,-0.331,0.191,0.308,0.32,0.276,0.351,0.19,0.009,0.037,0.283,-0.172,-0.22,0.401,0.358,-0.129,0.302,0.428,0.006,1.0,0.488,0.445,-0.011,0.562,0.432,0.187,0.293,0.123,0.52,-0.297,-0.121,-0.111,0.488,0.557,0.286,0.318,-0.389,-0.06,0.058,-0.278,-0.135,0.124,0.415,0.338,0.352,0.007,0.058,0.035,0.272,0.03,0.467,0.292,0.098,0.167,0.132,0.636,0.344,-0.134,0.463,0.406,0.506,0.272,0.155,0.531,0.502,-0.297,0.256,0.641,0.288,-0.36,0.249,0.282,-0.178,0.336,0.294,-0.037,-0.157,-0.221,0.089,0.448,0.445,-0.269,0.284,0.173,-0.198,0.342,0.121,-0.28,0.035,0.562,0.401,0.033,0.569,-0.101,0.106,-0.03,0.208,-0.273,0.017,0.512,0.023
CSX,-0.028,0.223,0.771,0.205,0.382,-0.16,0.551,-0.066,-0.32,0.557,-0.519,-0.6,0.545,0.465,0.169,0.656,0.725,-0.524,0.488,1.0,0.622,-0.227,0.642,0.723,0.628,0.705,-0.4,0.492,-0.494,-0.194,-0.031,0.395,0.338,0.676,0.625,0.033,-0.105,-0.032,-0.373,0.258,-0.414,0.493,0.663,0.581,-0.054,0.196,-0.124,0.658,-0.28,0.565,0.6,-0.362,-0.271,0.448,0.532,0.588,-0.427,0.544,0.562,0.241,0.526,0.252,0.563,0.522,-0.351,0.467,0.328,0.689,-0.641,0.729,0.418,-0.263,0.498,-0.099,-0.08,-0.052,0.12,0.062,0.385,0.628,-0.167,0.612,0.262,-0.115,0.513,0.195,-0.327,-0.271,0.708,0.413,-0.345,0.54,0.344,0.383,0.433,0.524,0.103,0.578,0.664,-0.471
DKNG,-0.195,0.026,0.606,0.282,0.377,-0.075,0.463,-0.049,-0.239,0.474,-0.439,-0.388,0.411,0.623,0.165,0.533,0.582,-0.269,0.445,0.622,1.0,-0.31,0.621,0.538,0.405,0.519,-0.213,0.386,-0.507,-0.328,-0.184,0.302,0.271,0.456,0.578,-0.125,-0.064,-0.017,-0.396,-0.025,-0.186,0.431,0.56,0.479,0.025,0.361,-0.265,0.509,-0.28,0.582,0.427,-0.309,-0.271,0.445,0.464,0.541,-0.41,0.628,0.537,0.167,0.495,0.484,0.361,0.634,-0.224,0.208,0.291,0.46,-0.476,0.703,0.268,-0.242,0.424,-0.004,0.081,-0.028,0.182,0.312,0.22,0.508,-0.196,0.517,0.264,-0.151,0.435,0.195,-0.361,-0.054,0.655,0.229,-0.179,0.384,0.058,0.315,0.115,0.321,-0.054,0.275,0.534,-0.328
EBAY,0.015,0.529,-0.295,0.075,-0.447,0.456,-0.446,0.278,0.432,-0.04,0.55,0.251,-0.397,-0.334,-0.234,-0.273,-0.483,0.218,-0.011,-0.227,-0.31,1.0,-0.362,-0.16,-0.442,-0.304,0.151,-0.354,0.426,0.316,0.408,0.203,0.253,-0.163,-0.433,0.045,0.359,0.523,0.314,0.201,0.524,-0.205,-0.322,-0.127,-0.186,-0.423,0.558,-0.372,0.614,-0.332,0.018,0.77,0.432,-0.237,-0.169,-0.03,0.57,-0.583,-0.193,0.312,-0.405,-0.345,0.332,-0.213,0.208,0.34,0.174,-0.28,0.199,-0.294,-0.227,0.297,-0.37,0.166,-0.231,-0.183,-0.44,-0.28,0.322,-0.022,0.145,-0.357,-0.11,0.497,-0.357,-0.134,0.343,0.01,-0.171,0.322,0.358,0.325,-0.145,-0.079,0.24,0.228,-0.153,-0.207,-0.108,0.291
ERIC,-0.379,-0.013,0.636,0.265,0.476,0.058,0.539,-0.235,-0.509,0.637,-0.585,-0.512,0.475,0.698,-0.015,0.651,0.676,-0.242,0.562,0.642,0.621,-0.362,1.0,0.588,0.488,0.619,-0.284,0.619,-0.631,-0.15,-0.337,0.424,0.454,0.586,0.603,-0.338,-0.403,-0.147,-0.569,-0.264,-0.295,0.665,0.708,0.574,-0.177,0.365,-0.434,0.661,-0.33,0.892,0.622,-0.388,-0.34,0.365,0.451,0.652,-0.42,0.791,0.816,0.261,0.651,0.468,0.456,0.815,-0.462,0.183,0.482,0.662,-0.539,0.61,0.501,-0.434,0.574,0.22,0.068,0.032,0.207,0.234,0.372,0.667,-0.384,0.565,0.37,-0.524,0.546,0.21,-0.275,-0.321,0.706,0.38,-0.307,0.494,-0.064,0.174,0.239,0.323,-0.158,0.269,0.395,-0.281
EXC,-0.078,0.205,0.546,0.134,0.271,-0.237,0.454,-0.16,-0.403,0.629,-0.454,-0.537,0.415,0.355,0.129,0.542,0.472,-0.502,0.432,0.723,0.538,-0.16,0.588,1.0,0.526,0.577,-0.547,0.518,-0.373,-0.258,0.028,0.248,0.238,0.521,0.551,0.097,0.039,-0.017,-0.327,0.183,-0.457,0.352,0.605,0.442,-0.283,0.146,-0.094,0.52,-0.259,0.505,0.674,-0.28,-0.291,0.364,0.306,0.706,-0.282,0.453,0.56,0.115,0.484,0.188,0.487,0.507,-0.441,0.517,0.204,0.673,-0.564,0.556,0.326,-0.32,0.271,-0.114,-0.218,-0.064,0.17,-0.058,0.312,0.519,-0.094,0.42,0.29,0.079,0.211,0.078,-0.283,-0.35,0.641,0.396,-0.443,0.625,0.228,0.498,0.457,0.597,-0.032,0.489,0.509,-0.495
FITB,0.031,-0.07,0.586,-0.048,0.527,-0.33,0.594,-0.344,-0.528,0.235,-0.597,-0.558,0.63,0.47,0.274,0.764,0.7,-0.395,0.187,0.628,0.405,-0.442,0.488,0.526,1.0,0.669,-0.428,0.589,-0.517,-0.32,-0.285,0.133,0.136,0.632,0.775,0.062,-0.413,-0.297,-0.454,0.104,-0.519,0.516,0.569,0.523,-0.104,0.383,-0.383,0.676,-0.458,0.493,0.343,-0.518,-0.52,0.401,0.399,0.282,-0.416,0.433,0.462,0.04,0.701,0.422,0.269,0.501,-0.371,0.02,0.207,0.649,-0.428,0.635,0.598,-0.338,0.602,-0.01,0.015,0.065,0.441,0.189,0.273,0.506,-0.103,0.617,0.323,-0.394,0.588,0.245,-0.199,-0.305,0.487,0.263,-0.502,0.174,0.382,0.092,0.306,0.269,0.021,0.522,0.45,-0.513
FLEX,-0.107,0.24,0.764,0.164,0.458,-0.097,0.793,-0.312,-0.443,0.594,-0.652,-0.691,0.393,0.488,0.046,0.748,0.701,-0.42,0.293,0.705,0.519,-0.304,0.619,0.577,0.669,1.0,-0.474,0.532,-0.537,-0.268,-0.188,0.436,0.379,0.79,0.627,0.073,-0.361,-0.083,-0.566,0.083,-0.467,0.686,0.839,0.766,-0.228,0.36,-0.317,0.792,-0.296,0.678,0.648,-0.361,-0.539,0.424,0.385,0.594,-0.324,0.446,0.695,0.265,0.675,0.39,0.562,0.564,-0.513,0.288,0.366,0.786,-0.586,0.758,0.526,-0.459,0.52,0.086,0.145,0.34,0.325,0.164,0.454,0.693,-0.17,0.541,0.415,-0.325,0.57,0.225,-0.207,-0.43,0.596,0.408,-0.478,0.376,0.218,0.24,0.41,0.515,-0.102,0.553,0.451,-0.48
FTNT,-0.126,-0.073,-0.375,0.146,-0.142,0.445,-0.378,0.286,0.607,-0.463,0.491,0.587,-0.317,-0.147,-0.1,-0.497,-0.213,0.753,0.123,-0.4,-0.213,0.151,-0.284,-0.547,-0.428,-0.474,1.0,-0.17,0.333,0.035,-0.116,-0.069,-0.008,-0.428,-0.441,-0.276,-0.046,0.135,0.246,-0.248,0.71,-0.251,-0.529,-0.266,0.523,-0.119,0.211,-0.382,0.301,-0.229,-0.527,0.421,0.562,-0.095,0.015,-0.521,0.174,-0.097,-0.398,0.254,-0.389,-0.171,-0.197,-0.237,0.563,-0.306,0.246,-0.524,0.484,-0.355,-0.077,0.292,-0.239,0.437,0.434,0.073,-0.194,0.098,-0.174,-0.345,0.074,-0.148,0.052,-0.173,0.083,-0.019,0.048,0.58,-0.368,-0.182,0.662,-0.295,-0.279,-0.342,-0.511,-0.471,0.009,-0.478,-0.311,0.676
GEN,-0.336,-0.056,0.548,0.218,0.66,-0.065,0.421,-0.506,-0.473,0.24,-0.53,-0.485,0.496,0.516,-0.14,0.66,0.735,-0.09,0.52,0.492,0.386,-0.354,0.619,0.518,0.589,0.532,-0.17,1.0,-0.628,-0.209,-0.499,0.253,0.31,0.531,0.599,-0.314,-0.457,-0.294,-0.549,-0.264,-0.257,0.601,0.497,0.551,-0.251,0.504,-0.517,0.623,-0.406,0.624,0.35,-0.343,-0.309,0.335,0.415,0.297,-0.336,0.502,0.553,0.355,0.597,0.457,0.288,0.599,-0.534,0.044,0.492,0.448,-0.397,0.473,0.603,-0.524,0.649,0.243,0.151,0.129,0.356,0.325,0.389,0.531,-0.364,0.546,0.398,-0.492,0.638,0.208,-0.128,-0.272,0.671,0.362,-0.352,0.302,-0.056,-0.1,0.105,0.128,-0.255,0.14,0.372,-0.328
GERN,0.329,0.096,-0.758,-0.104,-0.74,0.115,-0.433,0.618,0.657,-0.324,0.745,0.659,-0.298,-0.707,0.176,-0.74,-0.69,0.194,-0.297,-0.494,-0.507,0.426,-0.631,-0.373,-0.517,-0.537,0.333,-0.628,1.0,0.349,0.582,-0.296,-0.213,-0.635,-0.685,0.384,0.553,0.41,0.727,0.319,0.387,-0.65,-0.633,-0.611,0.416,-0.724,0.575,-0.73,0.619,-0.688,-0.505,0.499,0.565,-0.324,-0.265,-0.35,0.273,-0.526,-0.574,-0.328,-0.663,-0.728,-0.311,-0.68,0.659,0.103,-0.401,-0.53,0.582,-0.601,-0.662,0.715,-0.732,-0.252,-0.097,-0.112,-0.487,-0.507,-0.503,-0.536,0.457,-0.555,-0.262,0.556,-0.648,-0.327,0.081,0.383,-0.682,-0.311,0.553,-0.129,0.057,0.12,-0.069,-0.183,0.216,-0.173,-0.198,0.558
GEVO,-0.01,0.163,-0.318,0.194,-0.369,0.251,-0.233,0.26,0.144,-0.203,0.489,0.244,-0.156,-0.345,-0.124,-0.256,-0.268,0.099,-0.121,-0.194,-0.328,0.316,-0.15,-0.258,-0.32,-0.268,0.035,-0.209,0.349,1.0,0.211,0.098,0.2,-0.274,-0.223,0.128,0.234,0.182,0.343,0.079,0.173,-0.207,-0.294,-0.192,0.132,-0.366,0.249,-0.363,0.477,-0.148,-0.206,0.317,0.299,-0.042,-0.128,-0.173,0.181,-0.259,-0.026,-0.006,-0.329,-0.4,-0.035,-0.26,0.315,0.099,-0.008,-0.22,0.227,-0.324,-0.221,0.405,-0.211,-0.072,-0.17,-0.099,-0.407,-0.298,-0.073,-0.036,0.107,-0.23,-0.174,0.171,-0.324,-0.142,0.478,0.093,-0.255,0.187,0.323,0.038,-0.158,-0.056,0.144,0.042,0.158,-0.061,-0.116,0.268
GILD,0.291,0.378,-0.312,0.104,-0.648,0.162,-0.218,0.585,0.461,0.041,0.456,0.262,-0.166,-0.518,0.187,-0.385,-0.509,-0.14,-0.111,-0.031,-0.184,0.408,-0.337,0.028,-0.285,-0.188,-0.116,-0.499,0.582,0.211,1.0,0.208,0.149,-0.228,-0.31,0.364,0.779,0.44,0.577,0.511,0.053,-0.528,-0.213,-0.215,0.157,-0.655,0.627,-0.393,0.543,-0.443,-0.026,0.376,0.337,-0.095,0.1,0.068,0.332,-0.309,-0.341,-0.152,-0.52,-0.594,0.107,-0.432,0.229,0.39,-0.202,-0.135,0.168,-0.258,-0.437,0.487,-0.577,-0.243,-0.283,-0.235,-0.559,-0.527,-0.091,-0.27,0.364,-0.388,-0.342,0.698,-0.565,-0.266,0.0,0.2,-0.32,0.158,0.355,0.172,0.181,0.509,0.192,0.287,0.173,0.134,0.169,0.34
GOOG,-0.293,0.644,0.392,0.544,0.089,0.657,0.303,-0.047,0.028,0.403,-0.072,-0.212,0.085,0.288,-0.135,0.348,0.256,0.077,0.488,0.395,0.302,0.203,0.424,0.248,0.133,0.436,-0.069,0.253,-0.296,0.098,0.208,1.0,0.923,0.398,0.237,-0.192,0.129,0.322,-0.15,-0.015,0.088,0.303,0.424,0.595,-0.152,0.001,0.133,0.291,0.357,0.401,0.459,0.243,0.169,0.263,0.587,0.359,0.222,0.169,0.449,0.668,0.112,0.047,0.7,0.381,-0.294,0.323,0.694,0.29,-0.264,0.32,0.292,-0.111,0.207,0.49,0.05,0.097,-0.293,-0.034,0.655,0.468,-0.135,0.235,0.153,-0.035,0.258,0.108,0.045,-0.03,0.463,0.791,0.2,0.566,-0.129,0.259,0.199,0.462,-0.3,0.119,0.344,0.208
GOOGL,-0.328,0.615,0.272,0.581,0.049,0.687,0.288,0.045,0.131,0.334,0.036,-0.109,0.104,0.252,-0.133,0.315,0.239,0.209,0.557,0.338,0.271,0.253,0.454,0.238,0.136,0.379,-0.008,0.31,-0.213,0.2,0.149,0.923,1.0,0.325,0.234,-0.187,0.096,0.424,-0.063,-0.061,0.199,0.356,0.308,0.558,-0.1,-0.039,0.21,0.204,0.458,0.408,0.377,0.333,0.229,0.278,0.545,0.302,0.153,0.178,0.465,0.671,0.107,0.012,0.705,0.383,-0.212,0.327,0.757,0.288,-0.12,0.285,0.232,0.006,0.184,0.486,0.074,0.11,-0.323,-0.051,0.632,0.458,-0.08,0.207,0.288,-0.083,0.251,0.075,0.038,0.033,0.382,0.751,0.309,0.608,-0.195,0.192,0.251,0.411,-0.239,0.078,0.296,0.274
GT,0.027,0.179,0.827,0.085,0.456,-0.06,0.529,-0.386,-0.54,0.548,-0.651,-0.632,0.31,0.529,0.131,0.729,0.614,-0.376,0.286,0.676,0.456,-0.163,0.586,0.521,0.632,0.79,-0.428,0.531,-0.635,-0.274,-0.228,0.398,0.325,1.0,0.583,0.058,-0.446,-0.155,-0.585,0.12,-0.393,0.63,0.716,0.614,-0.252,0.396,-0.331,0.77,-0.349,0.616,0.698,-0.324,-0.527,0.365,0.279,0.542,-0.113,0.335,0.61,0.335,0.614,0.458,0.623,0.548,-0.499,0.289,0.401,0.755,-0.535,0.768,0.658,-0.43,0.556,0.214,-0.068,0.04,0.354,0.24,0.624,0.665,-0.089,0.558,0.333,-0.317,0.554,0.295,-0.031,-0.423,0.577,0.508,-0.463,0.39,0.363,0.051,0.403,0.506,-0.087,0.595,0.337,-0.449
HBAN,-0.098,-0.108,0.672,0.033,0.487,-0.285,0.555,-0.254,-0.556,0.251,-0.581,-0.575,0.634,0.487,0.189,0.778,0.691,-0.389,0.318,0.625,0.578,-0.433,0.603,0.551,0.775,0.627,-0.441,0.599,-0.685,-0.223,-0.31,0.237,0.234,0.583,1.0,-0.159,-0.338,-0.335,-0.519,0.089,-0.539,0.553,0.63,0.547,-0.104,0.397,-0.445,0.694,-0.494,0.58,0.412,-0.534,-0.618,0.389,0.448,0.347,-0.445,0.513,0.519,0.095,0.73,0.462,0.328,0.567,-0.414,-0.01,0.249,0.662,-0.516,0.609,0.603,-0.369,0.689,-0.011,-0.097,-0.104,0.277,0.226,0.38,0.591,-0.142,0.588,0.25,-0.406,0.532,0.243,-0.21,-0.321,0.579,0.286,-0.462,0.132,0.217,0.132,0.198,0.401,-0.008,0.499,0.522,-0.531
HST,0.717,0.194,-0.131,-0.036,-0.362,-0.286,0.046,0.181,0.21,0.082,0.176,0.152,-0.177,-0.365,0.488,-0.2,-0.23,-0.212,-0.389,0.033,-0.125,0.045,-0.338,0.097,0.062,0.073,-0.276,-0.314,0.384,0.128,0.364,-0.192,-0.187,0.058,-0.159,1.0,0.373,0.211,0.453,0.656,-0.105,-0.277,-0.173,-0.212,0.25,-0.287,0.424,-0.199,0.247,-0.349,-0.001,0.124,0.041,0.199,-0.103,-0.009,0.108,-0.289,-0.209,-0.323,-0.212,-0.389,0.006,-0.439,0.296,0.378,-0.402,0.14,0.197,0.177,-0.34,0.446,-0.334,-0.342,-0.158,0.081,0.075,-0.307,-0.195,-0.2,0.719,-0.081,0.049,0.463,-0.303,-0.067,0.156,0.057,-0.27,-0.11,0.014,-0.065,0.602,0.343,0.479,0.078,0.374,0.503,0.104,-0.031
INTC,0.237,0.411,-0.406,0.308,-0.541,0.132,-0.296,0.539,0.518,-0.076,0.516,0.353,-0.131,-0.46,0.147,-0.424,-0.472,-0.071,-0.06,-0.105,-0.064,0.359,-0.403,0.039,-0.413,-0.361,-0.046,-0.457,0.553,0.234,0.779,0.129,0.096,-0.446,-0.338,0.373,1.0,0.439,0.665,0.436,0.142,-0.611,-0.385,-0.244,0.207,-0.566,0.61,-0.508,0.525,-0.506,-0.129,0.412,0.516,-0.061,0.152,-0.049,0.228,-0.311,-0.382,-0.123,-0.57,-0.551,-0.031,-0.418,0.294,0.432,-0.257,-0.292,0.193,-0.276,-0.6,0.5,-0.56,-0.323,-0.283,-0.213,-0.537,-0.461,-0.22,-0.328,0.384,-0.406,-0.367,0.791,-0.628,-0.289,0.007,0.269,-0.195,0.064,0.385,0.16,0.045,0.561,0.121,0.144,0.095,-0.046,0.257,0.299
IOVA,0.143,0.595,-0.192,0.333,-0.404,0.401,-0.244,0.452,0.547,0.254,0.41,0.283,-0.398,-0.182,-0.087,-0.215,-0.194,0.304,0.058,-0.032,-0.017,0.523,-0.147,-0.017,-0.297,-0.083,0.135,-0.294,0.41,0.182,0.44,0.322,0.424,-0.155,-0.335,0.211,0.439,1.0,0.471,0.214,0.498,-0.198,-0.256,-0.057,0.155,-0.29,0.621,-0.335,0.725,-0.191,0.075,0.507,0.53,0.094,0.047,0.077,0.197,-0.243,0.001,0.269,-0.423,-0.284,0.264,-0.18,0.295,0.519,0.148,-0.14,0.369,-0.084,-0.38,0.423,-0.381,0.069,0.008,0.022,-0.369,-0.149,0.023,-0.037,0.2,-0.201,0.286,0.435,-0.156,0.016,0.13,0.424,-0.166,0.279,0.59,0.435,0.047,0.242,0.321,0.224,0.089,-0.074,0.03,0.374
IQ,0.477,0.243,-0.677,0.135,-0.669,0.136,-0.442,0.572,0.718,-0.369,0.778,0.794,-0.345,-0.604,0.271,-0.656,-0.559,0.279,-0.278,-0.373,-0.396,0.314,-0.569,-0.327,-0.454,-0.566,0.246,-0.549,0.727,0.343,0.577,-0.15,-0.063,-0.585,-0.519,0.453,0.665,0.471,1.0,0.391,0.417,-0.733,-0.696,-0.523,0.449,-0.554,0.67,-0.744,0.617,-0.682,-0.482,0.468,0.647,-0.131,-0.068,-0.429,0.224,-0.478,-0.668,-0.27,-0.626,-0.613,-0.29,-0.678,0.579,0.215,-0.372,-0.466,0.719,-0.454,-0.637,0.772,-0.542,-0.294,-0.096,-0.081,-0.414,-0.369,-0.446,-0.66,0.557,-0.493,-0.135,0.591,-0.572,-0.148,0.203,0.539,-0.573,-0.18,0.672,-0.098,0.182,0.214,0.064,-0.204,0.316,-0.098,-0.066,0.579
JBLU,0.768,0.185,0.063,-0.149,-0.466,-0.279,0.012,0.476,0.218,0.095,0.187,0.058,0.102,-0.429,0.569,-0.091,-0.132,-0.348,-0.135,0.258,-0.025,0.201,-0.264,0.183,0.104,0.083,-0.248,-0.264,0.319,0.079,0.511,-0.015,-0.061,0.12,0.089,0.656,0.436,0.214,0.391,1.0,-0.186,-0.291,-0.08,-0.205,0.367,-0.473,0.418,-0.093,0.256,-0.358,0.052,0.094,0.016,0.149,0.139,0.099,0.08,-0.244,-0.269,-0.291,-0.196,-0.475,0.113,-0.406,0.32,0.461,-0.322,0.21,-0.01,0.184,-0.277,0.494,-0.16,-0.419,-0.357,-0.282,-0.209,-0.408,-0.06,-0.076,0.707,0.05,-0.129,0.508,-0.275,-0.003,0.071,0.019,-0.144,-0.025,0.105,0.019,0.739,0.441,0.421,0.271,0.414,0.642,0.438,-0.077
JD,-0.094,0.31,-0.44,0.336,-0.228,0.622,-0.429,0.297,0.684,-0.187,0.657,0.631,-0.488,-0.167,-0.223,-0.469,-0.356,0.76,0.124,-0.414,-0.186,0.524,-0.295,-0.457,-0.519,-0.467,0.71,-0.257,0.387,0.173,0.053,0.088,0.199,-0.393,-0.539,-0.105,0.142,0.498,0.417,-0.186,1.0,-0.248,-0.522,-0.2,0.282,-0.182,0.474,-0.519,0.612,-0.282,-0.362,0.767,0.668,-0.082,-0.063,-0.324,0.336,-0.28,-0.327,0.426,-0.411,-0.217,0.057,-0.197,0.428,0.031,0.308,-0.481,0.579,-0.34,-0.25,0.383,-0.301,0.379,0.302,0.117,-0.292,0.04,0.018,-0.303,0.113,-0.293,0.233,0.064,-0.046,0.054,0.22,0.519,-0.315,0.046,0.731,0.075,-0.269,-0.293,-0.126,-0.291,-0.04,-0.461,-0.258,0.642
KDP,-0.442,-0.043,0.702,0.116,0.668,-0.043,0.541,-0.4,-0.459,0.374,-0.608,-0.623,0.413,0.641,-0.219,0.695,0.663,-0.17,0.415,0.493,0.431,-0.205,0.665,0.352,0.516,0.686,-0.251,0.601,-0.65,-0.207,-0.528,0.303,0.356,0.63,0.553,-0.277,-0.611,-0.198,-0.733,-0.291,-0.248,1.0,0.709,0.671,-0.347,0.619,-0.445,0.758,-0.402,0.738,0.445,-0.292,-0.54,0.336,0.257,0.357,-0.389,0.486,0.762,0.378,0.75,0.645,0.458,0.724,-0.548,-0.09,0.554,0.536,-0.536,0.589,0.596,-0.559,0.721,0.327,0.224,0.207,0.362,0.492,0.522,0.729,-0.44,0.648,0.443,-0.627,0.683,0.306,-0.089,-0.476,0.591,0.297,-0.476,0.267,-0.146,-0.041,0.186,0.201,-0.172,0.18,0.18,-0.402
KHC,-0.304,0.121,0.735,0.067,0.504,-0.094,0.643,-0.412,-0.604,0.608,-0.697,-0.718,0.432,0.524,-0.072,0.739,0.631,-0.449,0.338,0.663,0.56,-0.322,0.708,0.605,0.569,0.839,-0.529,0.497,-0.633,-0.294,-0.213,0.424,0.308,0.716,0.63,-0.173,-0.385,-0.256,-0.696,-0.08,-0.522,0.709,1.0,0.698,-0.4,0.411,-0.452,0.832,-0.427,0.752,0.688,-0.444,-0.582,0.367,0.313,0.696,-0.232,0.515,0.753,0.243,0.695,0.452,0.506,0.647,-0.642,0.142,0.339,0.705,-0.708,0.628,0.56,-0.594,0.552,0.147,0.067,0.14,0.295,0.228,0.457,0.718,-0.394,0.538,0.243,-0.373,0.487,0.182,-0.197,-0.507,0.699,0.395,-0.575,0.395,0.044,0.274,0.319,0.524,-0.212,0.374,0.375,-0.486
LRCX,-0.478,0.413,0.678,0.534,0.641,0.226,0.71,-0.4,-0.281,0.429,-0.416,-0.556,0.335,0.642,-0.22,0.79,0.68,-0.088,0.352,0.581,0.479,-0.127,0.574,0.442,0.523,0.766,-0.266,0.551,-0.611,-0.192,-0.215,0.595,0.558,0.614,0.547,-0.212,-0.244,-0.057,-0.523,-0.205,-0.2,0.671,0.698,1.0,-0.358,0.498,-0.288,0.769,-0.241,0.673,0.541,-0.176,-0.297,0.537,0.457,0.36,-0.218,0.361,0.619,0.579,0.642,0.515,0.537,0.704,-0.559,0.141,0.614,0.532,-0.483,0.622,0.599,-0.541,0.578,0.363,0.413,0.514,0.351,0.296,0.567,0.633,-0.394,0.574,0.434,-0.375,0.652,0.216,-0.055,-0.296,0.672,0.58,-0.284,0.412,-0.195,0.17,0.33,0.4,-0.261,0.159,0.346,-0.274
LYFT,0.443,-0.186,-0.212,0.128,-0.334,0.013,-0.095,0.663,0.501,-0.268,0.37,0.504,0.03,-0.215,0.532,-0.37,-0.073,0.202,0.007,-0.054,0.025,-0.186,-0.177,-0.283,-0.104,-0.228,0.523,-0.251,0.416,0.132,0.157,-0.152,-0.1,-0.252,-0.104,0.25,0.207,0.155,0.449,0.367,0.282,-0.347,-0.4,-0.358,1.0,-0.315,0.238,-0.311,0.253,-0.272,-0.492,0.042,0.357,0.106,0.248,-0.317,-0.174,0.13,-0.374,-0.238,-0.22,-0.321,-0.266,-0.316,0.728,-0.046,-0.201,-0.192,0.43,-0.106,-0.269,0.663,-0.207,-0.152,0.146,-0.102,-0.231,-0.079,-0.466,-0.365,0.519,0.045,0.037,-0.025,0.003,0.113,-0.114,0.58,-0.401,-0.341,0.588,-0.296,0.381,0.153,-0.226,-0.368,0.578,0.176,0.141,0.448
MARA,-0.356,-0.169,0.56,0.169,0.828,-0.204,0.257,-0.606,-0.414,0.112,-0.536,-0.424,0.168,0.711,-0.334,0.547,0.604,0.04,0.058,0.196,0.361,-0.423,0.365,0.146,0.383,0.36,-0.119,0.504,-0.724,-0.366,-0.655,0.001,-0.039,0.396,0.397,-0.287,-0.566,-0.29,-0.554,-0.473,-0.182,0.619,0.411,0.498,-0.315,1.0,-0.574,0.614,-0.633,0.543,0.231,-0.455,-0.438,0.333,0.055,0.036,-0.343,0.365,0.408,0.216,0.6,0.912,-0.052,0.528,-0.496,-0.344,0.204,0.183,-0.237,0.381,0.525,-0.626,0.705,0.28,0.412,0.345,0.738,0.892,0.135,0.296,-0.497,0.573,0.408,-0.52,0.639,0.541,0.163,-0.156,0.417,0.064,-0.419,-0.039,-0.175,-0.159,-0.063,-0.165,-0.137,-0.132,-0.092,-0.373
MCHP,0.327,0.517,-0.454,0.174,-0.584,0.36,-0.333,0.531,0.737,-0.061,0.611,0.429,-0.397,-0.481,0.077,-0.536,-0.516,0.232,0.035,-0.124,-0.265,0.558,-0.434,-0.094,-0.383,-0.317,0.211,-0.517,0.575,0.249,0.627,0.133,0.21,-0.331,-0.445,0.424,0.61,0.621,0.67,0.418,0.474,-0.445,-0.452,-0.288,0.238,-0.574,1.0,-0.585,0.717,-0.504,-0.134,0.708,0.599,-0.06,0.044,-0.127,0.424,-0.4,-0.406,0.111,-0.56,-0.579,0.24,-0.48,0.356,0.415,0.025,-0.191,0.35,-0.265,-0.489,0.586,-0.585,-0.042,-0.191,-0.103,-0.491,-0.425,0.029,-0.295,0.45,-0.371,-0.048,0.608,-0.481,-0.187,0.078,0.41,-0.356,0.127,0.528,0.25,0.153,0.223,0.239,0.134,0.195,0.019,-0.012,0.424
MDLZ,-0.291,-0.004,0.832,0.109,0.707,-0.194,0.627,-0.462,-0.614,0.454,-0.718,-0.73,0.512,0.654,-0.063,0.869,0.767,-0.325,0.272,0.658,0.509,-0.372,0.661,0.52,0.676,0.792,-0.382,0.623,-0.73,-0.363,-0.393,0.291,0.204,0.77,0.694,-0.199,-0.508,-0.335,-0.744,-0.093,-0.519,0.758,0.832,0.769,-0.311,0.614,-0.585,1.0,-0.6,0.733,0.602,-0.557,-0.639,0.52,0.284,0.451,-0.397,0.502,0.671,0.27,0.746,0.629,0.343,0.688,-0.547,0.016,0.335,0.638,-0.635,0.742,0.681,-0.675,0.711,0.158,0.239,0.218,0.544,0.411,0.393,0.676,-0.399,0.747,0.338,-0.519,0.709,0.317,-0.124,-0.445,0.672,0.294,-0.575,0.227,0.045,0.156,0.279,0.334,-0.16,0.313,0.309,-0.536
META,0.197,0.567,-0.486,0.275,-0.662,0.609,-0.316,0.499,0.645,-0.024,0.66,0.534,-0.421,-0.488,0.038,-0.482,-0.498,0.415,0.03,-0.28,-0.28,0.614,-0.33,-0.259,-0.458,-0.296,0.301,-0.406,0.619,0.477,0.543,0.357,0.458,-0.349,-0.494,0.247,0.525,0.725,0.617,0.256,0.612,-0.402,-0.427,-0.241,0.253,-0.633,0.717,-0.6,1.0,-0.386,-0.158,0.769,0.682,-0.089,0.035,-0.099,0.493,-0.413,-0.237,0.256,-0.61,-0.643,0.246,-0.404,0.47,0.374,0.178,-0.289,0.465,-0.312,-0.448,0.614,-0.571,0.146,-0.068,-0.039,-0.643,-0.451,0.055,-0.215,0.426,-0.448,0.035,0.432,-0.377,-0.233,0.229,0.39,-0.355,0.267,0.725,0.254,-0.004,0.096,0.19,0.108,0.019,-0.107,-0.035,0.626
MNST,-0.442,0.045,0.691,0.293,0.608,0.023,0.542,-0.358,-0.522,0.527,-0.618,-0.583,0.374,0.697,-0.16,0.706,0.744,-0.165,0.467,0.565,0.582,-0.332,0.892,0.505,0.493,0.678,-0.229,0.624,-0.688,-0.148,-0.443,0.401,0.408,0.616,0.58,-0.349,-0.506,-0.191,-0.682,-0.358,-0.282,0.738,0.752,0.673,-0.272,0.543,-0.504,0.733,-0.386,1.0,0.626,-0.377,-0.382,0.386,0.361,0.611,-0.282,0.752,0.832,0.356,0.676,0.597,0.429,0.799,-0.469,0.081,0.497,0.661,-0.538,0.59,0.622,-0.547,0.62,0.357,0.234,0.209,0.384,0.401,0.405,0.697,-0.44,0.582,0.403,-0.555,0.628,0.277,-0.076,-0.324,0.695,0.394,-0.374,0.403,-0.139,0.061,0.236,0.285,-0.199,0.166,0.278,-0.359
MRNA,-0.102,0.432,0.63,0.135,0.264,0.049,0.334,-0.308,-0.474,0.803,-0.55,-0.639,0.149,0.404,-0.117,0.554,0.414,-0.354,0.292,0.6,0.427,0.018,0.622,0.674,0.343,0.648,-0.527,0.35,-0.505,-0.206,-0.026,0.459,0.377,0.698,0.412,-0.001,-0.129,0.075,-0.482,0.052,-0.362,0.445,0.688,0.541,-0.492,0.231,-0.134,0.602,-0.158,0.626,1.0,-0.155,-0.352,0.224,0.157,0.803,0.029,0.321,0.684,0.342,0.346,0.279,0.642,0.485,-0.555,0.521,0.334,0.747,-0.582,0.607,0.393,-0.483,0.244,0.164,-0.214,-0.029,0.196,0.058,0.564,0.655,-0.175,0.293,0.195,0.01,0.205,0.097,-0.077,-0.498,0.641,0.563,-0.426,0.573,0.104,0.224,0.534,0.718,-0.303,0.409,0.295,-0.456
MRVL,-0.011,0.565,-0.473,0.242,-0.421,0.643,-0.401,0.31,0.661,-0.121,0.674,0.468,-0.47,-0.396,-0.238,-0.491,-0.549,0.508,0.098,-0.362,-0.309,0.77,-0.388,-0.28,-0.518,-0.361,0.421,-0.343,0.499,0.317,0.376,0.243,0.333,-0.324,-0.534,0.124,0.412,0.507,0.468,0.094,0.767,-0.292,-0.444,-0.176,0.042,-0.455,0.708,-0.557,0.769,-0.377,-0.155,1.0,0.604,-0.178,-0.058,-0.165,0.586,-0.482,-0.307,0.424,-0.517,-0.475,0.307,-0.327,0.278,0.278,0.318,-0.319,0.373,-0.33,-0.318,0.414,-0.462,0.294,-0.048,-0.007,-0.521,-0.3,0.248,-0.17,0.28,-0.46,-0.026,0.398,-0.382,-0.211,0.279,0.238,-0.282,0.267,0.572,0.233,-0.22,-0.129,0.07,0.052,-0.146,-0.249,-0.143,0.55
MSFT,0.09,0.435,-0.571,0.365,-0.423,0.578,-0.441,0.371,0.731,-0.229,0.677,0.629,-0.3,-0.267,-0.051,-0.552,-0.341,0.487,0.167,-0.271,-0.271,0.432,-0.34,-0.291,-0.52,-0.539,0.562,-0.309,0.565,0.299,0.337,0.169,0.229,-0.527,-0.618,0.041,0.516,0.53,0.647,0.016,0.668,-0.54,-0.582,-0.297,0.357,-0.438,0.599,-0.639,0.682,-0.382,-0.352,0.604,1.0,-0.108,0.168,-0.346,0.389,-0.312,-0.405,0.223,-0.581,-0.453,-0.053,-0.318,0.45,0.232,0.116,-0.545,0.49,-0.486,-0.429,0.496,-0.463,0.194,0.077,-0.016,-0.471,-0.225,-0.202,-0.397,0.187,-0.342,-0.112,0.403,-0.28,-0.136,0.152,0.596,-0.223,0.089,0.743,0.203,-0.122,0.048,-0.109,-0.227,-0.031,-0.44,-0.021,0.713
MSTR,-0.058,0.179,0.464,0.459,0.347,-0.01,0.429,-0.065,-0.086,0.282,-0.125,-0.184,0.181,0.4,0.146,0.469,0.466,0.08,0.132,0.448,0.445,-0.237,0.365,0.364,0.401,0.424,-0.095,0.335,-0.324,-0.042,-0.095,0.263,0.278,0.365,0.389,0.199,-0.061,0.094,-0.131,0.149,-0.082,0.336,0.367,0.537,0.106,0.333,-0.06,0.52,-0.089,0.386,0.224,-0.178,-0.108,1.0,0.316,0.151,-0.263,0.291,0.332,0.226,0.351,0.245,0.223,0.402,-0.054,0.193,0.303,0.324,-0.167,0.618,0.23,-0.164,0.354,0.151,0.441,0.323,0.371,0.209,0.108,0.29,0.035,0.701,0.533,-0.224,0.517,0.254,0.094,0.084,0.336,0.245,0.003,0.221,0.115,0.452,0.439,0.167,0.077,0.24,0.269,-0.058
MU,-0.034,0.247,0.344,0.489,0.223,0.259,0.349,0.065,0.105,0.162,-0.177,-0.158,0.498,0.381,0.182,0.374,0.541,-0.139,0.636,0.532,0.464,-0.169,0.451,0.306,0.399,0.385,0.015,0.415,-0.265,-0.128,0.1,0.587,0.545,0.279,0.448,-0.103,0.152,0.047,-0.068,0.139,-0.063,0.257,0.313,0.457,0.248,0.055,0.044,0.284,0.035,0.361,0.157,-0.058,0.168,0.316,1.0,0.168,-0.175,0.437,0.307,0.305,0.333,0.154,0.387,0.431,-0.179,0.2,0.469,0.302,-0.275,0.331,0.314,0.01,0.413,0.213,0.045,-0.048,-0.13,0.098,0.307,0.373,-0.044,0.417,0.08,-0.157,0.404,0.164,-0.185,0.11,0.546,0.454,0.09,0.342,0.17,0.315,0.03,0.157,-0.06,0.23,0.782,0.101
MVIS,-0.094,0.23,0.525,0.083,0.13,-0.069,0.351,-0.069,-0.419,0.801,-0.49,-0.559,0.15,0.246,0.009,0.443,0.334,-0.455,0.344,0.588,0.541,-0.03,0.652,0.706,0.282,0.594,-0.521,0.297,-0.35,-0.173,0.068,0.359,0.302,0.542,0.347,-0.009,-0.049,0.077,-0.429,0.099,-0.324,0.357,0.696,0.36,-0.317,0.036,-0.127,0.451,-0.099,0.611,0.803,-0.165,-0.346,0.151,0.168,1.0,-0.069,0.528,0.659,0.159,0.312,0.11,0.559,0.431,-0.4,0.518,0.18,0.721,-0.578,0.517,0.182,-0.297,0.108,-0.035,-0.217,-0.09,0.058,-0.093,0.38,0.549,-0.14,0.203,0.194,0.032,0.108,0.012,-0.254,-0.398,0.558,0.374,-0.367,0.601,0.146,0.333,0.476,0.606,-0.107,0.448,0.361,-0.458
NFLX,0.13,0.433,-0.367,-0.032,-0.383,0.511,-0.45,-0.065,0.268,-0.13,0.378,0.298,-0.555,-0.418,-0.135,-0.375,-0.539,0.337,-0.134,-0.427,-0.41,0.57,-0.42,-0.282,-0.416,-0.324,0.174,-0.336,0.273,0.181,0.332,0.222,0.153,-0.113,-0.445,0.108,0.228,0.197,0.224,0.08,0.336,-0.389,-0.232,-0.218,-0.174,-0.343,0.424,-0.397,0.493,-0.282,0.029,0.586,0.389,-0.263,-0.175,-0.069,1.0,-0.501,-0.286,0.277,-0.503,-0.364,0.21,-0.393,0.081,0.063,0.085,-0.226,0.252,-0.388,-0.111,0.182,-0.491,0.442,-0.159,-0.087,-0.249,-0.269,0.309,-0.172,0.271,-0.438,-0.252,0.389,-0.442,-0.223,0.439,0.128,-0.248,0.3,0.286,0.055,-0.071,-0.217,0.04,0.107,-0.29,-0.207,-0.297,0.407
NNDM,-0.284,-0.26,0.518,0.216,0.5,-0.158,0.443,-0.041,-0.356,0.397,-0.554,-0.405,0.414,0.545,0.075,0.46,0.633,-0.23,0.463,0.544,0.628,-0.583,0.791,0.453,0.433,0.446,-0.097,0.502,-0.526,-0.259,-0.309,0.169,0.178,0.335,0.513,-0.289,-0.311,-0.243,-0.478,-0.244,-0.28,0.486,0.515,0.361,0.13,0.365,-0.4,0.502,-0.413,0.752,0.321,-0.482,-0.312,0.291,0.437,0.528,-0.501,1.0,0.578,0.085,0.527,0.411,0.167,0.594,-0.235,-0.027,0.223,0.519,-0.443,0.476,0.322,-0.296,0.423,0.059,0.205,0.064,0.247,0.278,0.073,0.398,-0.305,0.509,0.288,-0.519,0.515,0.188,-0.408,-0.098,0.519,0.04,-0.24,0.209,0.008,0.171,-0.006,-0.008,0.12,0.223,0.334,-0.292
NVAX,-0.416,0.14,0.64,0.216,0.477,0.044,0.469,-0.377,-0.58,0.642,-0.64,-0.639,0.315,0.595,-0.228,0.679,0.631,-0.291,0.406,0.562,0.537,-0.193,0.816,0.56,0.462,0.695,-0.398,0.553,-0.574,-0.026,-0.341,0.449,0.465,0.61,0.519,-0.209,-0.382,0.001,-0.668,-0.269,-0.327,0.762,0.753,0.619,-0.374,0.408,-0.406,0.671,-0.237,0.832,0.684,-0.307,-0.405,0.332,0.307,0.659,-0.286,0.578,1.0,0.372,0.569,0.466,0.549,0.733,-0.52,0.208,0.517,0.642,-0.571,0.582,0.541,-0.523,0.49,0.265,0.014,0.08,0.21,0.232,0.475,0.88,-0.446,0.48,0.358,-0.432,0.489,0.147,-0.111,-0.447,0.691,0.53,-0.437,0.485,-0.128,0.098,0.324,0.51,-0.265,0.244,0.307,-0.393
NVDA,-0.461,0.622,0.309,0.55,0.388,0.68,0.097,-0.275,0.088,0.239,-0.053,-0.139,-0.107,0.305,-0.439,0.33,0.282,0.391,0.506,0.241,0.167,0.312,0.261,0.115,0.04,0.265,0.254,0.355,-0.328,-0.006,-0.152,0.668,0.671,0.335,0.095,-0.323,-0.123,0.269,-0.27,-0.291,0.426,0.378,0.243,0.579,-0.238,0.216,0.111,0.27,0.256,0.356,0.342,0.424,0.223,0.226,0.305,0.159,0.277,0.085,0.372,1.0,0.106,0.176,0.683,0.341,-0.303,0.181,0.827,0.144,-0.137,0.23,0.41,-0.271,0.212,0.677,0.274,0.237,-0.101,0.156,0.727,0.47,-0.278,0.17,0.368,-0.236,0.446,0.083,0.135,0.021,0.434,0.68,0.181,0.478,-0.312,-0.205,0.112,0.293,-0.417,-0.163,0.088,0.172
NWL,-0.247,-0.157,0.659,0.084,0.681,-0.24,0.696,-0.413,-0.551,0.319,-0.618,-0.559,0.582,0.734,0.098,0.774,0.726,-0.38,0.272,0.526,0.495,-0.405,0.651,0.484,0.701,0.675,-0.389,0.597,-0.663,-0.329,-0.52,0.112,0.107,0.614,0.73,-0.212,-0.57,-0.423,-0.626,-0.196,-0.411,0.75,0.695,0.642,-0.22,0.6,-0.56,0.746,-0.61,0.676,0.346,-0.517,-0.581,0.351,0.333,0.312,-0.503,0.527,0.569,0.106,1.0,0.685,0.251,0.788,-0.514,-0.129,0.266,0.579,-0.499,0.557,0.654,-0.499,0.78,0.081,0.165,0.231,0.508,0.437,0.305,0.517,-0.347,0.678,0.411,-0.6,0.672,0.33,-0.172,-0.412,0.608,0.161,-0.558,0.211,0.094,0.047,0.134,0.137,0.007,0.34,0.321,-0.507
OCGN,-0.394,-0.203,0.586,0.147,0.762,-0.159,0.305,-0.518,-0.452,0.177,-0.586,-0.465,0.297,0.821,-0.261,0.597,0.601,-0.085,0.155,0.252,0.484,-0.345,0.468,0.188,0.422,0.39,-0.171,0.457,-0.728,-0.4,-0.594,0.047,0.012,0.458,0.462,-0.389,-0.551,-0.284,-0.613,-0.475,-0.217,0.645,0.452,0.515,-0.321,0.912,-0.579,0.629,-0.643,0.597,0.279,-0.475,-0.453,0.245,0.154,0.11,-0.364,0.411,0.466,0.176,0.685,1.0,0.029,0.689,-0.513,-0.308,0.235,0.213,-0.327,0.403,0.564,-0.611,0.734,0.248,0.284,0.218,0.64,0.849,0.199,0.382,-0.548,0.565,0.332,-0.519,0.629,0.565,0.063,-0.209,0.464,0.107,-0.447,0.065,-0.174,-0.142,-0.09,-0.084,-0.18,-0.119,0.018,-0.391
