,AAL,AAPL,AGNC,AMAT,AMD,AMZN,APA,ARDX,AVGO,AZN,BIDU,BILI,BKR,CAN,CHRD,CMCSA,CPRT,CRWD,CSCO,CSX,DKNG,EBAY,ERIC,EXC,FITB,FLEX,FTNT,GEN,GERN,GEVO,GILD,GOOG,GOOGL,GT,HBAN,HST,INTC,IOVA,IQ,JBLU,JD,KDP,KHC,LRCX,LYFT,MARA,MCHP,MDLZ,META,MNST,MRNA,MRVL,MSFT,MSTR,MU,MVIS,NFLX,NNDM,NVAX,NVDA,NWL,OCGN,ON,OPK,PAA,PACB,PANW,PARA,PDD,PENN,PEP,PLUG,PTEN,PTON,PYPL,QCOM,QVCGA,RIOT,ROKU,RUN,SABR,SBUX,SMCI,SNDL,STNE,TCOM,TLRY,TMUS,TSCO,TSLA,TTD,TXN,UAL,VOD,VTRS,VXRT,WBA,WBD,WDC,ZM
AAL,1.0,0.137,0.171,0.721,0.281,-0.38,0.745,0.151,0.274,0.121,0.112,0.46,0.829,-0.525,0.699,0.299,0.074,0.264,0.551,0.066,-0.158,-0.161,-0.071,-0.007,0.681,-0.055,0.073,0.326,-0.294,-0.294,0.094,0.05,0.03,0.194,0.398,0.332,0.413,0.526,-0.07,0.1,-0.421,-0.112,0.512,0.784,0.611,-0.19,0.675,0.04,-0.023,0.465,0.38,-0.427,-0.156,-0.345,0.696,-0.086,0.301,0.013,-0.238,-0.079,-0.243,-0.187,0.53,0.36,0.69,0.292,0.035,0.188,0.587,0.066,0.5,-0.005,0.669,-0.057,-0.015,0.425,-0.345,0.106,0.251,-0.442,0.38,0.636,0.616,-0.273,0.022,0.276,-0.235,-0.232,-0.155,0.396,0.323,0.373,0.626,0.718,0.583,0.173,0.76,0.521,0.716,-0.419
AAPL,0.137,1.0,0.242,0.316,0.533,0.385,0.27,0.591,0.817,-0.526,0.759,0.637,0.321,-0.231,0.476,-0.173,0.804,0.767,0.736,-0.319,0.449,0.503,-0.416,0.546,0.504,0.839,0.863,0.834,-0.577,0.567,-0.4,-0.333,-0.326,-0.27,-0.164,-0.274,-0.134,0.616,-0.628,-0.614,-0.31,0.612,0.742,0.277,0.62,0.801,0.22,-0.031,-0.276,0.745,-0.251,0.503,0.787,0.396,0.482,0.802,0.684,0.584,-0.017,-0.026,-0.063,0.503,0.662,0.095,0.254,0.754,0.826,0.06,0.094,0.781,0.373,0.765,0.521,0.877,0.844,-0.013,0.159,0.846,0.744,0.514,-0.131,0.465,0.431,-0.132,0.791,-0.217,0.261,0.12,0.76,0.668,0.774,0.206,-0.364,0.164,0.637,-0.08,0.074,0.077,0.564,-0.406
AGNC,0.171,0.242,1.0,0.154,-0.105,0.08,0.118,-0.07,0.218,0.12,0.026,0.069,0.306,0.11,0.221,0.3,0.184,0.193,0.185,0.443,0.11,0.045,0.28,0.152,0.493,0.253,0.268,0.22,0.07,0.121,0.011,0.225,0.211,0.397,0.33,0.385,0.061,0.103,-0.072,0.227,0.356,0.454,0.277,0.182,0.093,0.116,0.145,0.203,0.041,0.168,0.009,-0.044,0.232,0.121,0.118,0.084,-0.022,0.348,-0.028,0.001,0.334,0.36,0.189,0.01,0.444,0.302,0.179,0.417,0.33,0.203,0.294,0.279,0.103,0.182,0.219,0.339,0.182,0.231,0.082,0.331,0.437,0.029,0.583,-0.076,0.121,-0.004,0.157,0.389,0.098,0.229,0.13,0.22,0.123,0.291,0.44,-0.097,0.192,0.091,0.09,0.046
AMAT,0.721,0.316,0.154,1.0,0.566,-0.088,0.662,0.276,0.41,0.226,0.201,0.358,0.815,-0.548,0.732,0.501,0.152,0.205,0.706,0.092,-0.206,0.044,0.029,0.134,0.652,0.136,0.181,0.392,-0.118,-0.338,0.38,0.355,0.346,0.327,0.508,0.476,0.69,0.583,0.113,0.001,-0.483,-0.077,0.609,0.935,0.545,-0.068,0.912,0.301,0.232,0.629,0.456,-0.233,0.048,-0.07,0.83,-0.069,0.429,-0.109,-0.111,0.238,-0.061,-0.25,0.465,0.565,0.615,0.283,0.121,0.391,0.421,0.165,0.651,-0.019,0.664,0.04,0.129,0.541,-0.316,0.169,0.256,-0.367,0.258,0.675,0.668,-0.1,0.165,0.347,-0.165,-0.002,-0.027,0.482,0.368,0.615,0.504,0.776,0.58,0.393,0.756,0.604,0.8,-0.434
AMD,0.281,0.533,-0.105,0.566,1.0,0.404,0.374,0.401,0.418,-0.132,0.396,0.298,0.317,-0.284,0.388,0.324,0.482,0.18,0.66,-0.124,0.202,0.553,-0.139,0.517,0.25,0.336,0.262,0.48,-0.231,-0.062,0.146,0.037,0.032,0.107,-0.021,0.1,0.42,0.3,-0.209,-0.311,-0.397,0.146,0.476,0.498,0.485,0.265,0.504,0.22,0.171,0.627,0.211,0.253,0.265,0.222,0.674,0.129,0.67,-0.053,0.255,0.452,-0.213,-0.171,0.377,0.421,0.313,0.134,0.205,0.245,0.161,0.293,0.466,0.086,0.445,0.226,0.453,0.177,0.098,0.298,0.296,-0.137,-0.027,0.424,0.241,0.212,0.317,0.408,0.279,-0.056,0.367,0.395,0.563,0.465,0.098,0.392,0.467,0.457,0.35,0.39,0.679,-0.189
AMZN,-0.38,0.385,0.08,-0.088,0.404,1.0,-0.196,0.322,0.347,-0.277,0.332,0.053,-0.335,0.443,-0.17,0.145,0.474,0.169,0.163,0.008,0.635,0.775,0.003,0.62,-0.195,0.544,0.362,0.28,0.081,0.244,-0.114,0.061,0.059,0.105,-0.308,-0.148,-0.018,-0.116,-0.299,-0.236,0.19,0.407,0.16,-0.16,-0.017,0.451,-0.111,0.249,0.173,0.217,-0.343,0.748,0.686,0.395,0.005,0.227,0.489,0.114,0.216,0.513,0.114,0.002,0.039,-0.178,-0.13,-0.091,0.335,0.087,-0.251,0.443,0.139,0.224,-0.04,0.342,0.566,-0.177,0.501,0.179,0.137,0.531,-0.05,-0.111,-0.102,0.1,0.409,0.115,0.528,0.179,0.537,0.245,0.231,0.125,-0.364,-0.18,0.098,0.008,-0.273,-0.158,0.052,0.284
APA,0.745,0.27,0.118,0.662,0.374,-0.196,1.0,0.431,0.378,-0.105,0.363,0.564,0.821,-0.406,0.662,0.201,0.35,0.372,0.609,-0.123,0.105,0.099,-0.303,0.32,0.675,0.152,0.244,0.476,-0.346,-0.119,-0.062,-0.171,-0.185,0.168,0.173,0.109,0.312,0.649,-0.248,-0.17,-0.433,0.114,0.654,0.592,0.683,-0.001,0.493,-0.154,-0.239,0.594,0.191,-0.207,0.032,-0.342,0.665,0.075,0.434,-0.078,-0.161,-0.205,-0.427,-0.095,0.581,0.18,0.476,0.298,0.233,0.004,0.39,0.328,0.486,0.204,0.875,0.149,0.234,0.122,-0.159,0.138,0.453,-0.243,0.078,0.857,0.479,-0.405,0.299,0.137,-0.149,-0.383,0.12,0.498,0.523,0.124,0.292,0.617,0.58,0.118,0.508,0.477,0.775,-0.338
ARDX,0.151,0.591,-0.07,0.276,0.401,0.322,0.431,1.0,0.648,-0.462,0.744,0.721,0.28,-0.141,0.425,-0.182,0.749,0.58,0.495,-0.497,0.478,0.485,-0.569,0.537,0.23,0.659,0.648,0.639,-0.483,0.44,-0.379,-0.45,-0.458,-0.235,-0.223,-0.44,-0.139,0.638,-0.494,-0.603,-0.383,0.399,0.649,0.149,0.516,0.555,0.114,-0.347,-0.476,0.597,-0.308,0.447,0.588,0.043,0.315,0.577,0.698,0.215,0.106,-0.131,-0.352,0.225,0.515,-0.151,0.097,0.44,0.648,-0.258,-0.084,0.745,0.226,0.502,0.576,0.644,0.652,-0.246,0.107,0.48,0.672,0.355,-0.371,0.534,0.218,-0.394,0.723,-0.189,0.138,-0.217,0.67,0.633,0.661,-0.07,-0.405,0.153,0.441,0.011,-0.021,0.031,0.479,-0.325
AVGO,0.274,0.817,0.218,0.41,0.418,0.347,0.378,0.648,1.0,-0.433,0.749,0.78,0.415,-0.232,0.598,-0.156,0.736,0.821,0.763,-0.281,0.422,0.476,-0.367,0.481,0.514,0.8,0.862,0.84,-0.568,0.459,-0.409,-0.346,-0.345,-0.222,-0.097,-0.268,-0.146,0.698,-0.652,-0.6,-0.405,0.574,0.841,0.39,0.682,0.673,0.305,0.028,-0.284,0.775,-0.277,0.507,0.791,0.244,0.53,0.676,0.801,0.472,-0.182,-0.04,-0.103,0.326,0.758,0.075,0.312,0.652,0.834,0.039,0.164,0.84,0.575,0.693,0.636,0.768,0.793,0.177,-0.021,0.676,0.737,0.412,-0.015,0.559,0.533,-0.375,0.814,-0.205,0.16,0.095,0.685,0.816,0.699,0.359,-0.357,0.291,0.677,-0.155,0.134,0.009,0.638,-0.447
AZN,0.121,-0.526,0.12,0.226,-0.132,-0.277,-0.105,-0.462,-0.433,1.0,-0.6,-0.553,0.121,-0.038,0.022,0.483,-0.629,-0.635,-0.267,0.492,-0.567,-0.321,0.64,-0.419,-0.087,-0.582,-0.59,-0.572,0.609,-0.697,0.768,0.72,0.711,0.454,0.676,0.705,0.534,-0.262,0.65,0.575,0.181,-0.453,-0.375,0.199,-0.427,-0.628,0.301,0.381,0.659,-0.348,0.531,-0.543,-0.588,-0.069,-0.077,-0.653,-0.414,-0.543,-0.037,0.244,0.352,-0.469,-0.475,0.318,0.18,-0.403,-0.636,0.513,0.184,-0.551,0.051,-0.636,-0.272,-0.625,-0.585,0.501,-0.234,-0.504,-0.602,-0.468,0.456,-0.227,0.138,0.243,-0.645,0.384,-0.123,0.334,-0.654,-0.394,-0.501,0.397,0.583,0.3,-0.175,0.369,0.284,0.177,-0.153,0.191
BIDU,0.112,0.759,0.026,0.201,0.396,0.332,0.363,0.744,0.749,-0.6,1.0,0.716,0.254,-0.135,0.444,-0.281,0.782,0.691,0.629,-0.582,0.582,0.62,-0.639,0.676,0.318,0.708,0.742,0.762,-0.663,0.574,-0.559,-0.581,-0.595,-0.356,-0.288,-0.514,-0.279,0.637,-0.567,-0.7,-0.501,0.458,0.73,0.145,0.661,0.8,0.088,-0.317,-0.509,0.663,-0.407,0.455,0.688,0.109,0.339,0.703,0.705,0.335,-0.105,-0.257,-0.433,0.313,0.623,-0.143,0.049,0.521,0.777,-0.196,-0.005,0.83,0.32,0.696,0.613,0.749,0.791,-0.279,0.048,0.66,0.763,0.444,-0.371,0.565,0.302,-0.435,0.759,-0.226,0.328,-0.277,0.713,0.651,0.721,-0.099,-0.499,0.161,0.552,-0.251,-0.04,-0.042,0.507,-0.428
BILI,0.46,0.637,0.069,0.358,0.298,0.053,0.564,0.721,0.78,-0.553,0.716,1.0,0.513,-0.306,0.569,-0.252,0.702,0.737,0.647,-0.47,0.397,0.265,-0.53,0.377,0.512,0.588,0.707,0.786,-0.694,0.469,-0.508,-0.567,-0.584,-0.351,-0.185,-0.413,-0.226,0.759,-0.635,-0.63,-0.464,0.405,0.77,0.345,0.734,0.531,0.179,-0.346,-0.556,0.669,-0.243,0.273,0.564,-0.086,0.466,0.598,0.719,0.445,-0.18,-0.283,-0.394,0.248,0.768,-0.034,0.277,0.631,0.711,-0.266,0.242,0.709,0.379,0.612,0.695,0.617,0.614,-0.01,-0.108,0.517,0.8,0.241,-0.144,0.646,0.41,-0.501,0.681,-0.238,-0.059,-0.29,0.612,0.733,0.742,0.013,-0.299,0.285,0.574,-0.169,0.109,0.039,0.623,-0.445
BKR,0.829,0.321,0.306,0.815,0.317,-0.335,0.821,0.28,0.415,0.121,0.254,0.513,1.0,-0.503,0.84,0.261,0.255,0.377,0.688,0.042,-0.121,-0.076,-0.167,0.103,0.857,0.123,0.279,0.503,-0.299,-0.186,0.131,0.056,0.035,0.159,0.457,0.343,0.401,0.693,-0.074,-0.03,-0.415,0.083,0.695,0.797,0.659,-0.004,0.694,-0.001,-0.117,0.625,0.325,-0.294,0.022,-0.213,0.735,0.061,0.344,0.061,-0.278,-0.177,-0.147,-0.07,0.594,0.423,0.631,0.432,0.23,0.207,0.525,0.266,0.589,0.178,0.737,0.146,0.183,0.406,-0.319,0.256,0.399,-0.252,0.284,0.741,0.717,-0.263,0.245,0.155,-0.242,-0.096,0.056,0.488,0.429,0.343,0.447,0.732,0.68,0.177,0.724,0.525,0.774,-0.472
CAN,-0.525,-0.231,0.11,-0.548,-0.284,0.443,-0.406,-0.141,-0.232,-0.038,-0.135,-0.306,-0.503,1.0,-0.487,0.039,0.009,-0.176,-0.432,0.299,0.367,0.315,0.244,0.259,-0.491,-0.013,-0.077,-0.188,0.387,0.048,-0.042,-0.007,-0.01,0.239,-0.39,-0.113,-0.275,-0.49,0.071,0.227,0.453,0.177,-0.369,-0.56,-0.452,0.113,-0.491,-0.055,0.048,-0.389,-0.227,0.367,0.166,0.026,-0.571,-0.074,-0.208,-0.04,0.181,0.141,0.089,-0.11,-0.399,-0.338,-0.463,-0.458,-0.074,-0.287,-0.254,-0.055,-0.24,-0.008,-0.494,-0.07,0.081,-0.351,0.441,-0.211,-0.181,0.51,0.035,-0.517,-0.285,-0.007,-0.002,0.09,0.262,0.113,0.231,-0.14,-0.201,-0.275,-0.306,-0.452,-0.27,-0.044,-0.459,-0.524,-0.455,0.734
CHRD,0.699,0.476,0.221,0.732,0.388,-0.17,0.662,0.425,0.598,0.022,0.444,0.569,0.84,-0.487,1.0,0.029,0.357,0.521,0.757,-0.129,-0.032,0.108,-0.314,0.143,0.763,0.345,0.455,0.652,-0.461,0.008,-0.054,-0.105,-0.1,-0.072,0.394,0.121,0.209,0.746,-0.263,-0.212,-0.505,0.188,0.766,0.706,0.753,0.287,0.629,0.01,-0.202,0.708,0.221,-0.09,0.23,-0.041,0.753,0.305,0.567,0.258,-0.235,-0.141,-0.195,0.093,0.662,0.427,0.593,0.576,0.422,0.252,0.462,0.474,0.633,0.308,0.68,0.371,0.435,0.333,-0.279,0.498,0.52,-0.153,0.211,0.661,0.727,-0.285,0.444,0.109,-0.048,-0.065,0.235,0.585,0.548,0.397,0.226,0.606,0.742,0.1,0.646,0.396,0.772,-0.528
CMCSA,0.299,-0.173,0.3,0.501,0.324,0.145,0.201,-0.182,-0.156,0.483,-0.281,-0.252,0.261,0.039,0.029,1.0,-0.167,-0.377,0.132,0.576,-0.208,0.114,0.584,0.188,0.14,-0.223,-0.305,-0.171,0.462,-0.568,0.65,0.673,0.649,0.785,0.428,0.725,0.737,-0.158,0.433,0.443,0.134,-0.174,-0.026,0.455,-0.129,-0.434,0.515,0.508,0.582,0.051,0.33,-0.287,-0.24,-0.168,0.267,-0.5,-0.083,-0.423,0.066,0.511,0.147,-0.475,-0.168,0.24,0.372,-0.358,-0.383,0.409,0.259,-0.302,0.325,-0.427,0.095,-0.42,-0.266,0.439,0.021,-0.347,-0.358,-0.294,0.422,0.099,0.324,0.097,-0.343,0.624,0.003,0.072,-0.314,-0.01,-0.142,0.428,0.56,0.495,0.152,0.389,0.491,0.359,0.238,0.189
CPRT,0.074,0.804,0.184,0.152,0.482,0.474,0.35,0.749,0.736,-0.629,0.782,0.702,0.255,0.009,0.357,-0.167,1.0,0.731,0.63,-0.392,0.614,0.606,-0.573,0.741,0.353,0.804,0.82,0.837,-0.555,0.601,-0.508,-0.516,-0.531,-0.222,-0.38,-0.444,-0.242,0.577,-0.694,-0.646,-0.253,0.69,0.726,0.07,0.539,0.733,-0.007,-0.264,-0.499,0.709,-0.393,0.642,0.783,0.168,0.311,0.664,0.746,0.487,0.056,-0.134,-0.268,0.368,0.619,-0.18,0.099,0.516,0.79,-0.209,-0.032,0.835,0.306,0.706,0.528,0.758,0.873,-0.285,0.325,0.608,0.72,0.572,-0.303,0.462,0.244,-0.251,0.844,-0.191,0.238,-0.069,0.893,0.661,0.765,-0.066,-0.478,0.053,0.551,-0.105,-0.068,-0.018,0.484,-0.207
CRWD,0.264,0.767,0.193,0.205,0.18,0.169,0.372,0.58,0.821,-0.635,0.691,0.737,0.377,-0.176,0.521,-0.377,0.731,1.0,0.662,-0.343,0.422,0.284,-0.58,0.35,0.555,0.799,0.91,0.851,-0.632,0.614,-0.578,-0.494,-0.476,-0.336,-0.184,-0.371,-0.305,0.673,-0.703,-0.51,-0.337,0.587,0.772,0.237,0.687,0.686,0.141,-0.144,-0.536,0.668,-0.36,0.489,0.746,0.162,0.393,0.767,0.578,0.683,-0.183,-0.265,-0.139,0.526,0.689,0.016,0.275,0.749,0.914,-0.186,0.097,0.78,0.371,0.772,0.567,0.843,0.771,-0.121,0.094,0.722,0.775,0.509,-0.081,0.557,0.398,-0.348,0.876,-0.324,0.072,0.003,0.675,0.754,0.695,0.039,-0.316,0.107,0.598,-0.275,0.133,-0.025,0.504,-0.409
CSCO,0.551,0.736,0.185,0.706,0.66,0.163,0.609,0.495,0.763,-0.267,0.629,0.647,0.688,-0.432,0.757,0.132,0.63,0.662,1.0,-0.188,0.233,0.4,-0.36,0.483,0.716,0.585,0.663,0.829,-0.54,0.151,-0.087,-0.144,-0.14,-0.042,0.128,0.043,0.255,0.697,-0.434,-0.427,-0.556,0.349,0.865,0.664,0.77,0.461,0.593,0.167,-0.14,0.912,0.083,0.21,0.49,0.109,0.806,0.424,0.719,0.297,-0.104,0.003,-0.214,0.079,0.696,0.411,0.488,0.545,0.605,0.196,0.369,0.605,0.742,0.444,0.735,0.526,0.644,0.243,-0.057,0.555,0.648,0.022,0.062,0.735,0.617,-0.149,0.621,0.156,0.098,-0.045,0.502,0.708,0.706,0.439,0.047,0.564,0.756,0.131,0.54,0.373,0.867,-0.524
CSX,0.066,-0.319,0.443,0.092,-0.124,0.008,-0.123,-0.497,-0.281,0.492,-0.582,-0.47,0.042,0.299,-0.129,0.576,-0.392,-0.343,-0.188,1.0,-0.308,-0.159,0.697,-0.131,0.036,-0.305,-0.349,-0.339,0.594,-0.49,0.541,0.648,0.639,0.667,0.401,0.7,0.344,-0.382,0.398,0.663,0.474,-0.097,-0.297,0.141,-0.336,-0.432,0.234,0.563,0.579,-0.291,0.33,-0.196,-0.253,-0.021,-0.038,-0.423,-0.382,-0.161,0.037,0.424,0.502,-0.209,-0.303,0.189,0.242,-0.311,-0.416,0.415,0.154,-0.456,0.16,-0.355,-0.298,-0.417,-0.342,0.411,0.087,-0.318,-0.528,-0.06,0.613,-0.344,0.217,0.237,-0.403,0.33,-0.055,0.417,-0.379,-0.21,-0.364,0.406,0.514,0.14,-0.069,0.241,0.281,0.064,-0.111,0.4
DKNG,-0.158,0.449,0.11,-0.206,0.202,0.635,0.105,0.478,0.422,-0.567,0.582,0.397,-0.121,0.367,-0.032,-0.208,0.614,0.422,0.233,-0.308,1.0,0.653,-0.403,0.626,0.005,0.575,0.541,0.479,-0.232,0.459,-0.498,-0.46,-0.467,-0.16,-0.527,-0.477,-0.354,0.099,-0.551,-0.466,0.062,0.574,0.394,-0.247,0.253,0.589,-0.297,-0.21,-0.359,0.321,-0.446,0.627,0.645,0.23,-0.045,0.446,0.488,0.284,0.195,-0.011,-0.201,0.234,0.373,-0.317,-0.169,0.13,0.543,-0.273,-0.037,0.682,0.081,0.596,0.22,0.527,0.66,-0.449,0.478,0.318,0.52,0.578,-0.247,0.111,-0.073,-0.209,0.583,-0.166,0.45,-0.122,0.687,0.431,0.474,-0.248,-0.506,-0.185,0.198,-0.169,-0.334,-0.263,0.122,0.098
EBAY,-0.161,0.503,0.045,0.044,0.553,0.775,0.099,0.485,0.476,-0.321,0.62,0.265,-0.076,0.315,0.108,0.114,0.606,0.284,0.4,-0.159,0.653,1.0,-0.19,0.837,-0.007,0.537,0.438,0.495,-0.176,0.259,-0.231,-0.216,-0.219,0.077,-0.323,-0.225,-0.049,0.068,-0.443,-0.373,-0.055,0.381,0.373,-0.047,0.31,0.57,-0.04,0.003,-0.065,0.412,-0.383,0.602,0.609,0.242,0.187,0.371,0.608,0.058,0.053,0.268,-0.22,0.011,0.239,-0.082,-0.036,0.014,0.427,-0.007,-0.075,0.589,0.274,0.354,0.228,0.453,0.668,-0.202,0.358,0.325,0.289,0.438,-0.116,0.144,0.07,-0.128,0.509,0.244,0.624,-0.134,0.613,0.363,0.439,0.061,-0.404,0.02,0.385,-0.016,-0.121,-0.101,0.319,0.113
ERIC,-0.071,-0.416,0.28,0.029,-0.139,0.003,-0.303,-0.569,-0.367,0.64,-0.639,-0.53,-0.167,0.244,-0.314,0.584,-0.573,-0.58,-0.36,0.697,-0.403,-0.19,1.0,-0.269,-0.205,-0.438,-0.527,-0.571,0.644,-0.573,0.623,0.689,0.684,0.587,0.382,0.655,0.409,-0.492,0.54,0.683,0.433,-0.311,-0.493,0.08,-0.467,-0.518,0.156,0.529,0.74,-0.42,0.346,-0.335,-0.365,0.028,-0.165,-0.532,-0.449,-0.392,0.024,0.465,0.459,-0.308,-0.488,0.207,0.104,-0.411,-0.583,0.494,0.092,-0.58,0.007,-0.522,-0.418,-0.541,-0.524,0.619,-0.062,-0.443,-0.595,-0.217,0.566,-0.392,0.022,0.275,-0.632,0.387,-0.037,0.377,-0.537,-0.4,-0.489,0.399,0.417,0.201,-0.181,0.253,0.084,0.071,-0.289,0.386
EXC,-0.007,0.546,0.152,0.134,0.517,0.62,0.32,0.537,0.481,-0.419,0.676,0.377,0.103,0.259,0.143,0.188,0.741,0.35,0.483,-0.131,0.626,0.837,-0.269,1.0,0.123,0.55,0.471,0.545,-0.255,0.28,-0.282,-0.286,-0.306,0.15,-0.35,-0.244,-0.013,0.248,-0.444,-0.411,-0.155,0.449,0.48,0.018,0.356,0.517,0.005,-0.127,-0.171,0.529,-0.358,0.53,0.554,-0.015,0.212,0.37,0.589,0.04,0.02,0.054,-0.378,0.058,0.365,-0.223,-0.041,0.073,0.465,-0.121,-0.027,0.621,0.32,0.443,0.435,0.441,0.638,-0.28,0.353,0.296,0.406,0.467,-0.229,0.331,0.166,-0.316,0.549,0.114,0.4,-0.202,0.642,0.475,0.522,-0.053,-0.364,0.139,0.43,-0.089,-0.094,-0.002,0.411,0.018
FITB,0.681,0.504,0.493,0.652,0.25,-0.195,0.675,0.23,0.514,-0.087,0.318,0.512,0.857,-0.491,0.763,0.14,0.353,0.555,0.716,0.036,0.005,-0.007,-0.205,0.123,1.0,0.358,0.478,0.629,-0.392,0.082,-0.057,0.0,-0.001,0.081,0.438,0.285,0.239,0.655,-0.267,-0.085,-0.264,0.309,0.739,0.685,0.699,0.188,0.538,0.073,-0.19,0.665,0.113,-0.157,0.248,0.001,0.699,0.261,0.361,0.347,-0.281,-0.177,-0.008,0.217,0.662,0.33,0.686,0.643,0.435,0.293,0.485,0.401,0.564,0.405,0.683,0.374,0.356,0.363,-0.171,0.445,0.497,-0.053,0.299,0.637,0.728,-0.209,0.383,-0.008,-0.126,0.018,0.178,0.519,0.447,0.298,0.294,0.623,0.738,-0.031,0.623,0.525,0.695,-0.515
FLEX,-0.055,0.839,0.253,0.136,0.336,0.544,0.152,0.659,0.8,-0.582,0.708,0.588,0.123,-0.013,0.345,-0.223,0.804,0.799,0.585,-0.305,0.575,0.537,-0.438,0.55,0.358,1.0,0.922,0.781,-0.462,0.649,-0.488,-0.339,-0.32,-0.241,-0.175,-0.349,-0.271,0.509,-0.645,-0.57,-0.149,0.691,0.672,0.075,0.484,0.791,0.037,0.003,-0.346,0.62,-0.494,0.686,0.898,0.391,0.263,0.771,0.662,0.645,0.013,0.039,0.021,0.546,0.537,-0.115,0.194,0.627,0.895,-0.068,-0.084,0.867,0.294,0.76,0.405,0.871,0.88,-0.158,0.278,0.7,0.729,0.672,-0.175,0.36,0.311,-0.238,0.889,-0.327,0.229,0.134,0.793,0.686,0.662,0.101,-0.505,0.023,0.501,-0.233,-0.077,-0.087,0.362,-0.272
FTNT,0.073,0.863,0.268,0.181,0.262,0.362,0.244,0.648,0.862,-0.59,0.742,0.707,0.279,-0.077,0.455,-0.305,0.82,0.91,0.663,-0.349,0.541,0.438,-0.527,0.471,0.478,0.922,1.0,0.885,-0.545,0.665,-0.515,-0.434,-0.42,-0.341,-0.182,-0.371,-0.329,0.628,-0.691,-0.622,-0.235,0.712,0.766,0.143,0.558,0.795,0.07,-0.095,-0.459,0.68,-0.4,0.589,0.867,0.338,0.3,0.822,0.646,0.698,-0.056,-0.138,-0.01,0.551,0.651,-0.026,0.217,0.736,0.959,-0.152,0.058,0.889,0.356,0.851,0.481,0.917,0.878,-0.15,0.202,0.754,0.797,0.648,-0.171,0.442,0.418,-0.297,0.926,-0.359,0.156,0.119,0.82,0.78,0.734,0.071,-0.481,0.031,0.564,-0.214,0.013,-0.12,0.436,-0.312
GEN,0.326,0.834,0.22,0.392,0.48,0.28,0.476,0.639,0.84,-0.572,0.762,0.786,0.503,-0.188,0.652,-0.171,0.837,0.851,0.829,-0.339,0.479,0.495,-0.571,0.545,0.629,0.781,0.885,1.0,-0.629,0.502,-0.46,-0.437,-0.433,-0.258,-0.152,-0.281,-0.144,0.695,-0.681,-0.583,-0.348,0.637,0.872,0.362,0.764,0.707,0.24,-0.12,-0.472,0.829,-0.216,0.449,0.738,0.216,0.563,0.668,0.775,0.595,-0.053,-0.119,-0.187,0.344,0.781,0.147,0.34,0.67,0.831,-0.078,0.233,0.817,0.516,0.726,0.643,0.779,0.862,-0.061,0.157,0.702,0.77,0.381,-0.103,0.584,0.518,-0.267,0.849,-0.103,0.175,-0.071,0.784,0.798,0.799,0.134,-0.294,0.221,0.719,-0.079,0.243,0.131,0.67,-0.361
GERN,-0.294,-0.577,0.07,-0.118,-0.231,0.081,-0.346,-0.483,-0.568,0.609,-0.663,-0.694,-0.299,0.387,-0.461,0.462,-0.555,-0.632,-0.54,0.594,-0.232,-0.176,0.644,-0.255,-0.392,-0.462,-0.545,-0.629,1.0,-0.57,0.699,0.69,0.679,0.61,0.253,0.487,0.415,-0.572,0.6,0.582,0.499,-0.271,-0.523,-0.169,-0.688,-0.599,0.002,0.384,0.641,-0.506,0.273,-0.131,-0.409,0.047,-0.429,-0.6,-0.528,-0.469,0.233,0.448,0.508,-0.344,-0.6,0.078,-0.145,-0.57,-0.542,0.2,-0.202,-0.541,-0.122,-0.509,-0.518,-0.552,-0.558,0.109,0.104,-0.628,-0.723,-0.097,0.239,-0.47,-0.226,0.304,-0.504,0.27,-0.07,0.322,-0.489,-0.409,-0.582,0.076,0.341,-0.085,-0.544,0.349,-0.073,-0.04,-0.433,0.533
GEVO,-0.294,0.567,0.121,-0.338,-0.062,0.244,-0.119,0.44,0.459,-0.697,0.574,0.469,-0.186,0.048,0.008,-0.568,0.601,0.614,0.151,-0.49,0.459,0.259,-0.573,0.28,0.082,0.649,0.665,0.502,-0.57,1.0,-0.745,-0.642,-0.621,-0.535,-0.417,-0.619,-0.644,0.255,-0.645,-0.568,-0.019,0.61,0.33,-0.342,0.241,0.703,-0.393,-0.378,-0.645,0.233,-0.61,0.507,0.652,0.197,-0.117,0.732,0.305,0.613,-0.012,-0.342,-0.15,0.612,0.34,-0.403,-0.128,0.534,0.707,-0.34,-0.035,0.631,-0.1,0.702,0.098,0.737,0.621,-0.43,0.247,0.569,0.566,0.627,-0.357,0.044,0.018,-0.289,0.648,-0.489,0.15,-0.054,0.619,0.396,0.421,-0.372,-0.724,-0.327,0.177,-0.451,-0.403,-0.33,-0.033,-0.171
GILD,0.094,-0.4,0.011,0.38,0.146,-0.114,-0.062,-0.379,-0.409,0.768,-0.559,-0.508,0.131,-0.042,-0.054,0.65,-0.508,-0.578,-0.087,0.541,-0.498,-0.231,0.623,-0.282,-0.057,-0.488,-0.515,-0.46,0.699,-0.745,1.0,0.82,0.81,0.579,0.57,0.747,0.758,-0.231,0.736,0.512,0.056,-0.464,-0.284,0.328,-0.417,-0.597,0.469,0.543,0.763,-0.169,0.625,-0.367,-0.5,-0.023,0.062,-0.635,-0.346,-0.554,0.203,0.446,0.357,-0.544,-0.466,0.48,0.111,-0.413,-0.565,0.467,0.081,-0.588,0.197,-0.663,-0.221,-0.56,-0.526,0.435,-0.151,-0.481,-0.541,-0.458,0.346,-0.109,0.044,0.443,-0.532,0.482,-0.172,0.303,-0.507,-0.285,-0.418,0.41,0.633,0.316,-0.241,0.645,0.405,0.319,0.002,0.16
GOOG,0.05,-0.333,0.225,0.355,0.037,0.061,-0.171,-0.45,-0.346,0.72,-0.581,-0.567,0.056,-0.007,-0.105,0.673,-0.516,-0.494,-0.144,0.648,-0.46,-0.216,0.689,-0.286,0.0,-0.339,-0.434,-0.437,0.69,-0.642,0.82,1.0,0.992,0.608,0.651,0.851,0.712,-0.291,0.695,0.643,0.308,-0.348,-0.292,0.366,-0.385,-0.534,0.45,0.71,0.832,-0.24,0.458,-0.273,-0.306,0.158,0.081,-0.628,-0.345,-0.358,0.082,0.607,0.611,-0.397,-0.445,0.4,0.268,-0.358,-0.501,0.609,0.054,-0.517,0.122,-0.594,-0.262,-0.521,-0.458,0.515,-0.029,-0.398,-0.565,-0.296,0.531,-0.208,0.173,0.449,-0.505,0.397,-0.027,0.498,-0.537,-0.279,-0.49,0.522,0.654,0.294,-0.145,0.39,0.378,0.338,-0.088,0.193
GOOGL,0.03,-0.326,0.211,0.346,0.032,0.059,-0.185,-0.458,-0.345,0.711,-0.595,-0.584,0.035,-0.01,-0.1,0.649,-0.531,-0.476,-0.14,0.639,-0.467,-0.219,0.684,-0.306,-0.001,-0.32,-0.42,-0.433,0.679,-0.621,0.81,0.992,1.0,0.596,0.653,0.841,0.701,-0.294,0.679,0.645,0.309,-0.349,-0.298,0.36,-0.375,-0.527,0.442,0.722,0.836,-0.238,0.458,-0.272,-0.301,0.178,0.084,-0.604,-0.348,-0.345,0.08,0.616,0.61,-0.366,-0.448,0.418,0.261,-0.331,-0.484,0.614,0.058,-0.508,0.122,-0.58,-0.272,-0.496,-0.447,0.505,-0.028,-0.383,-0.551,-0.3,0.513,-0.218,0.159,0.449,-0.486,0.399,-0.037,0.515,-0.539,-0.27,-0.485,0.528,0.632,0.279,-0.148,0.382,0.372,0.342,-0.095,0.193
GT,0.194,-0.27,0.397,0.327,0.107,0.105,0.168,-0.235,-0.222,0.454,-0.356,-0.351,0.159,0.239,-0.072,0.785,-0.222,-0.336,-0.042,0.667,-0.16,0.077,0.587,0.15,0.081,-0.241,-0.341,-0.258,0.61,-0.535,0.579,0.608,0.596,1.0,0.306,0.632,0.673,-0.256,0.387,0.572,0.222,-0.147,-0.06,0.291,-0.175,-0.495,0.387,0.397,0.499,-0.044,0.272,-0.214,-0.257,-0.195,0.134,-0.501,-0.217,-0.422,0.041,0.408,0.192,-0.351,-0.206,0.13,0.255,-0.38,-0.368,0.324,0.09,-0.321,0.266,-0.365,0.022,-0.404,-0.31,0.351,0.069,-0.408,-0.451,-0.134,0.41,-0.007,0.22,0.025,-0.29,0.548,0.019,0.108,-0.351,-0.046,-0.262,0.314,0.491,0.392,0.084,0.353,0.321,0.288,0.14,0.288
HBAN,0.398,-0.164,0.33,0.508,-0.021,-0.308,0.173,-0.223,-0.097,0.676,-0.288,-0.185,0.457,-0.39,0.394,0.428,-0.38,-0.184,0.128,0.401,-0.527,-0.323,0.382,-0.35,0.438,-0.175,-0.182,-0.152,0.253,-0.417,0.57,0.651,0.653,0.306,1.0,0.77,0.506,0.149,0.468,0.498,0.044,-0.281,0.049,0.528,0.024,-0.374,0.524,0.468,0.453,-0.017,0.399,-0.493,-0.303,-0.028,0.283,-0.341,-0.172,-0.143,-0.189,0.196,0.394,-0.182,-0.112,0.437,0.588,0.065,-0.227,0.584,0.364,-0.229,0.262,-0.313,0.1,-0.273,-0.293,0.549,-0.327,-0.146,-0.195,-0.405,0.518,0.141,0.501,0.11,-0.302,0.226,-0.212,0.23,-0.511,-0.018,-0.199,0.478,0.643,0.554,0.193,0.18,0.617,0.411,0.162,-0.208
HST,0.332,-0.274,0.385,0.476,0.1,-0.148,0.109,-0.44,-0.268,0.705,-0.514,-0.413,0.343,-0.113,0.121,0.725,-0.444,-0.371,0.043,0.7,-0.477,-0.225,0.655,-0.244,0.285,-0.349,-0.371,-0.281,0.487,-0.619,0.747,0.851,0.841,0.632,0.77,1.0,0.697,-0.175,0.593,0.697,0.258,-0.249,-0.135,0.513,-0.152,-0.518,0.548,0.66,0.685,-0.12,0.528,-0.465,-0.376,0.05,0.262,-0.6,-0.326,-0.295,0.022,0.447,0.483,-0.373,-0.282,0.502,0.532,-0.252,-0.471,0.665,0.377,-0.476,0.253,-0.518,-0.072,-0.497,-0.389,0.629,-0.071,-0.305,-0.421,-0.414,0.704,-0.015,0.411,0.355,-0.48,0.51,-0.034,0.348,-0.537,-0.164,-0.305,0.564,0.792,0.497,0.136,0.401,0.624,0.424,0.107,0.12
INTC,0.413,-0.134,0.061,0.69,0.42,-0.018,0.312,-0.139,-0.146,0.534,-0.279,-0.226,0.401,-0.275,0.209,0.737,-0.242,-0.305,0.255,0.344,-0.354,-0.049,0.409,-0.013,0.239,-0.271,-0.329,-0.144,0.415,-0.644,0.758,0.712,0.701,0.673,0.506,0.697,1.0,0.031,0.497,0.381,-0.126,-0.352,0.102,0.626,-0.004,-0.48,0.704,0.475,0.567,0.209,0.535,-0.321,-0.331,-0.09,0.473,-0.52,-0.039,-0.464,0.075,0.414,0.128,-0.472,-0.116,0.499,0.357,-0.216,-0.361,0.514,0.16,-0.342,0.391,-0.51,0.212,-0.402,-0.317,0.5,-0.104,-0.279,-0.309,-0.518,0.341,0.286,0.238,0.257,-0.317,0.605,-0.048,0.076,-0.398,-0.025,-0.167,0.47,0.693,0.629,0.137,0.543,0.597,0.642,0.386,-0.103
IOVA,0.526,0.616,0.103,0.583,0.3,-0.116,0.649,0.638,0.698,-0.262,0.637,0.759,0.693,-0.49,0.746,-0.158,0.577,0.673,0.697,-0.382,0.099,0.068,-0.492,0.248,0.655,0.509,0.628,0.695,-0.572,0.255,-0.231,-0.291,-0.294,-0.256,0.149,-0.175,0.031,1.0,-0.31,-0.492,-0.579,0.297,0.8,0.54,0.7,0.433,0.428,-0.199,-0.366,0.716,-0.021,0.053,0.404,-0.049,0.559,0.499,0.619,0.319,-0.234,-0.311,-0.252,0.266,0.711,0.123,0.349,0.73,0.632,-0.01,0.151,0.618,0.467,0.517,0.814,0.561,0.523,0.055,-0.217,0.559,0.739,0.084,-0.188,0.788,0.529,-0.413,0.584,-0.298,-0.22,-0.072,0.441,0.682,0.619,0.152,-0.068,0.477,0.612,-0.074,0.306,0.332,0.665,-0.635
IQ,-0.07,-0.628,-0.072,0.113,-0.209,-0.299,-0.248,-0.494,-0.652,0.65,-0.567,-0.635,-0.074,0.071,-0.263,0.433,-0.694,-0.703,-0.434,0.398,-0.551,-0.443,0.54,-0.444,-0.267,-0.645,-0.691,-0.681,0.6,-0.645,0.736,0.695,0.679,0.387,0.468,0.593,0.497,-0.31,1.0,0.619,0.152,-0.597,-0.526,0.136,-0.528,-0.562,0.254,0.327,0.532,-0.514,0.465,-0.532,-0.628,-0.07,-0.202,-0.697,-0.6,-0.529,0.107,0.28,0.308,-0.449,-0.578,0.216,-0.044,-0.494,-0.686,0.302,-0.103,-0.716,-0.175,-0.699,-0.376,-0.697,-0.678,0.238,-0.224,-0.485,-0.555,-0.432,0.176,-0.252,-0.129,0.348,-0.724,0.251,-0.205,0.18,-0.651,-0.516,-0.627,0.118,0.552,0.152,-0.379,0.343,0.206,0.203,-0.352,0.166
JBLU,0.1,-0.614,0.227,0.001,-0.311,-0.236,-0.17,-0.603,-0.6,0.575,-0.7,-0.63,-0.03,0.227,-0.212,0.443,-0.646,-0.51,-0.427,0.663,-0.466,-0.373,0.683,-0.411,-0.085,-0.57,-0.622,-0.583,0.582,-0.568,0.512,0.643,0.645,0.572,0.498,0.697,0.381,-0.492,0.619,1.0,0.459,-0.419,-0.476,0.111,-0.326,-0.644,0.148,0.398,0.514,-0.523,0.371,-0.441,-0.532,-0.142,-0.144,-0.665,-0.624,-0.334,-0.013,0.282,0.418,-0.333,-0.521,0.255,0.199,-0.487,-0.65,0.332,0.132,-0.665,-0.094,-0.594,-0.388,-0.65,-0.617,0.359,-0.064,-0.519,-0.622,-0.34,0.606,-0.339,0.015,0.286,-0.635,0.44,-0.093,0.192,-0.688,-0.454,-0.577,0.202,0.659,0.191,-0.158,0.207,0.322,0.161,-0.301,0.324
JD,-0.421,-0.31,0.356,-0.483,-0.397,0.19,-0.433,-0.383,-0.405,0.181,-0.501,-0.464,-0.415,0.453,-0.505,0.134,-0.253,-0.337,-0.556,0.474,0.062,-0.055,0.433,-0.155,-0.264,-0.149,-0.235,-0.348,0.499,-0.019,0.056,0.308,0.309,0.222,0.044,0.258,-0.126,-0.579,0.152,0.459,1.0,0.194,-0.468,-0.462,-0.529,-0.196,-0.44,0.232,0.199,-0.534,-0.187,0.035,-0.056,0.274,-0.514,-0.25,-0.455,0.078,0.149,0.227,0.603,0.167,-0.406,-0.244,-0.039,-0.288,-0.302,0.202,-0.075,-0.252,-0.332,-0.156,-0.551,-0.238,-0.2,-0.011,0.431,-0.243,-0.45,0.224,0.287,-0.592,-0.191,0.272,-0.319,0.029,0.182,0.341,-0.17,-0.421,-0.4,-0.112,0.016,-0.367,-0.324,-0.129,-0.272,-0.176,-0.622,0.509
KDP,-0.112,0.612,0.454,-0.077,0.146,0.407,0.114,0.399,0.574,-0.453,0.458,0.405,0.083,0.177,0.188,-0.174,0.69,0.587,0.349,-0.097,0.574,0.381,-0.311,0.449,0.309,0.691,0.712,0.637,-0.271,0.61,-0.464,-0.348,-0.349,-0.147,-0.281,-0.249,-0.352,0.297,-0.597,-0.419,0.194,1.0,0.501,-0.127,0.263,0.609,-0.156,-0.014,-0.355,0.459,-0.401,0.531,0.693,0.381,0.033,0.546,0.419,0.564,0.182,-0.104,0.128,0.52,0.434,-0.256,0.136,0.437,0.64,0.015,0.069,0.671,0.309,0.651,0.239,0.656,0.741,-0.151,0.499,0.525,0.528,0.603,-0.049,0.145,0.32,-0.184,0.658,-0.303,0.252,0.277,0.728,0.517,0.496,0.008,-0.459,-0.095,0.387,-0.224,-0.174,-0.111,0.143,-0.071
KHC,0.512,0.742,0.277,0.609,0.476,0.16,0.654,0.649,0.841,-0.375,0.73,0.77,0.695,-0.369,0.766,-0.026,0.726,0.772,0.865,-0.297,0.394,0.373,-0.493,0.48,0.739,0.672,0.766,0.872,-0.523,0.33,-0.284,-0.292,-0.298,-0.06,0.049,-0.135,0.102,0.8,-0.526,-0.476,-0.468,0.501,1.0,0.569,0.807,0.521,0.463,-0.036,-0.37,0.898,-0.109,0.297,0.596,0.072,0.689,0.529,0.745,0.384,-0.149,-0.153,-0.2,0.246,0.838,0.181,0.456,0.657,0.754,0.049,0.298,0.789,0.674,0.644,0.814,0.658,0.702,0.11,-0.025,0.598,0.745,0.205,-0.034,0.749,0.612,-0.378,0.762,-0.058,0.078,-0.075,0.575,0.817,0.71,0.25,-0.107,0.511,0.762,-0.031,0.39,0.306,0.805,-0.557
LRCX,0.784,0.277,0.182,0.935,0.498,-0.16,0.592,0.149,0.39,0.199,0.145,0.345,0.797,-0.56,0.706,0.455,0.07,0.237,0.664,0.141,-0.247,-0.047,0.08,0.018,0.685,0.075,0.143,0.362,-0.169,-0.342,0.328,0.366,0.36,0.291,0.528,0.513,0.626,0.54,0.136,0.111,-0.462,-0.127,0.569,1.0,0.613,-0.101,0.917,0.362,0.256,0.564,0.459,-0.284,0.018,-0.047,0.844,-0.107,0.376,-0.049,-0.187,0.261,-0.011,-0.234,0.494,0.603,0.698,0.307,0.101,0.429,0.47,0.09,0.636,-0.032,0.613,0.002,0.071,0.61,-0.368,0.185,0.243,-0.394,0.376,0.612,0.67,-0.052,0.088,0.323,-0.148,0.053,-0.112,0.439,0.298,0.656,0.588,0.806,0.623,0.3,0.794,0.634,0.763,-0.466
LYFT,0.611,0.62,0.093,0.545,0.485,-0.017,0.683,0.516,0.682,-0.427,0.661,0.734,0.659,-0.452,0.753,-0.129,0.539,0.687,0.77,-0.336,0.253,0.31,-0.467,0.356,0.699,0.484,0.558,0.764,-0.688,0.241,-0.417,-0.385,-0.375,-0.175,0.024,-0.152,-0.004,0.7,-0.528,-0.326,-0.529,0.263,0.807,0.613,1.0,0.424,0.433,-0.13,-0.363,0.741,-0.057,0.092,0.409,-0.034,0.755,0.453,0.674,0.309,-0.272,-0.145,-0.381,0.198,0.782,0.287,0.493,0.59,0.569,0.015,0.336,0.597,0.526,0.506,0.779,0.511,0.563,0.132,-0.18,0.541,0.687,-0.015,0.031,0.709,0.514,-0.35,0.573,0.01,0.07,-0.273,0.377,0.634,0.694,0.221,-0.002,0.533,0.796,-0.13,0.412,0.372,0.787,-0.555
MARA,-0.19,0.801,0.116,-0.068,0.265,0.451,-0.001,0.555,0.673,-0.628,0.8,0.531,-0.004,0.113,0.287,-0.434,0.733,0.686,0.461,-0.432,0.589,0.57,-0.518,0.517,0.188,0.791,0.795,0.707,-0.599,0.703,-0.597,-0.534,-0.527,-0.495,-0.374,-0.518,-0.48,0.433,-0.562,-0.644,-0.196,0.609,0.521,-0.101,0.424,1.0,-0.133,-0.185,-0.481,0.458,-0.457,0.614,0.819,0.451,0.143,0.836,0.573,0.647,0.012,-0.135,-0.132,0.52,0.469,-0.134,-0.028,0.586,0.807,-0.126,-0.109,0.765,0.135,0.75,0.241,0.84,0.889,-0.301,0.257,0.846,0.741,0.647,-0.247,0.218,0.188,-0.155,0.763,-0.31,0.44,0.026,0.844,0.478,0.647,-0.068,-0.608,-0.157,0.42,-0.256,-0.202,-0.26,0.226,-0.216
MCHP,0.675,0.22,0.145,0.912,0.504,-0.111,0.493,0.114,0.305,0.301,0.088,0.179,0.694,-0.491,0.629,0.515,-0.007,0.141,0.593,0.234,-0.297,-0.04,0.156,0.005,0.538,0.037,0.07,0.24,0.002,-0.393,0.469,0.45,0.442,0.387,0.524,0.548,0.704,0.428,0.254,0.148,-0.44,-0.156,0.463,0.917,0.433,-0.133,1.0,0.45,0.358,0.487,0.539,-0.276,-0.035,-0.0,0.763,-0.142,0.284,-0.15,-0.057,0.356,0.055,-0.26,0.346,0.587,0.644,0.216,0.029,0.483,0.364,-0.003,0.64,-0.13,0.494,-0.046,0.027,0.605,-0.356,0.153,0.106,-0.373,0.359,0.548,0.614,0.01,0.037,0.395,-0.136,0.092,-0.175,0.367,0.25,0.693,0.618,0.744,0.5,0.447,0.794,0.555,0.691,-0.374
MDLZ,0.04,-0.031,0.203,0.301,0.22,0.249,-0.154,-0.347,0.028,0.381,-0.317,-0.346,-0.001,-0.055,0.01,0.508,-0.264,-0.144,0.167,0.563,-0.21,0.003,0.529,-0.127,0.073,0.003,-0.095,-0.12,0.384,-0.378,0.543,0.71,0.722,0.397,0.468,0.66,0.475,-0.199,0.327,0.398,0.232,-0.014,-0.036,0.362,-0.13,-0.185,0.45,1.0,0.711,0.025,0.297,0.013,0.017,0.373,0.253,-0.298,-0.037,-0.063,0.125,0.65,0.604,-0.213,-0.173,0.399,0.394,-0.164,-0.167,0.658,0.15,-0.229,0.445,-0.307,-0.128,-0.218,-0.077,0.536,0.101,-0.091,-0.266,-0.196,0.563,-0.071,0.238,0.425,-0.193,0.361,0.137,0.507,-0.244,-0.035,-0.199,0.728,0.454,0.268,0.042,0.275,0.411,0.21,0.089,0.023
META,-0.023,-0.276,0.041,0.232,0.171,0.173,-0.239,-0.476,-0.284,0.659,-0.509,-0.556,-0.117,0.048,-0.202,0.582,-0.499,-0.536,-0.14,0.579,-0.359,-0.065,0.74,-0.171,-0.19,-0.346,-0.459,-0.472,0.641,-0.645,0.763,0.832,0.836,0.499,0.453,0.685,0.567,-0.366,0.532,0.514,0.199,-0.355,-0.37,0.256,-0.363,-0.481,0.358,0.711,1.0,-0.225,0.459,-0.184,-0.287,0.139,0.024,-0.561,-0.222,-0.491,0.091,0.654,0.44,-0.441,-0.439,0.355,0.093,-0.428,-0.513,0.573,0.054,-0.493,0.159,-0.565,-0.298,-0.494,-0.404,0.485,-0.089,-0.422,-0.534,-0.301,0.421,-0.274,0.032,0.415,-0.51,0.391,0.002,0.46,-0.486,-0.276,-0.387,0.569,0.499,0.211,-0.219,0.36,0.187,0.205,-0.081,0.232
MNST,0.465,0.745,0.168,0.629,0.627,0.217,0.594,0.597,0.775,-0.348,0.663,0.669,0.625,-0.389,0.708,0.051,0.709,0.668,0.912,-0.291,0.321,0.412,-0.42,0.529,0.665,0.62,0.68,0.829,-0.506,0.233,-0.169,-0.24,-0.238,-0.044,-0.017,-0.12,0.209,0.716,-0.514,-0.523,-0.534,0.459,0.898,0.564,0.741,0.458,0.487,0.025,-0.225,1.0,-0.005,0.309,0.53,0.052,0.731,0.452,0.756,0.253,-0.059,-0.104,-0.288,0.167,0.752,0.235,0.341,0.566,0.648,0.118,0.281,0.689,0.727,0.522,0.75,0.58,0.663,0.17,0.017,0.53,0.661,0.091,-0.107,0.7,0.531,-0.236,0.693,0.04,0.064,-0.047,0.576,0.734,0.676,0.293,-0.104,0.497,0.712,0.051,0.378,0.442,0.825,-0.549
MRNA,0.38,-0.251,0.009,0.456,0.211,-0.343,0.191,-0.308,-0.277,0.531,-0.407,-0.243,0.325,-0.227,0.221,0.33,-0.393,-0.36,0.083,0.33,-0.446,-0.383,0.346,-0.358,0.113,-0.494,-0.4,-0.216,0.273,-0.61,0.625,0.458,0.458,0.272,0.399,0.528,0.535,-0.021,0.465,0.371,-0.187,-0.401,-0.109,0.459,-0.057,-0.457,0.539,0.297,0.459,-0.005,1.0,-0.501,-0.507,-0.04,0.358,-0.503,-0.125,-0.345,0.377,0.223,0.075,-0.422,-0.104,0.617,0.204,-0.148,-0.473,0.396,0.33,-0.482,0.197,-0.435,-0.027,-0.465,-0.353,0.42,-0.161,-0.258,-0.259,-0.606,0.298,0.027,0.198,0.437,-0.41,0.422,-0.167,0.129,-0.407,-0.092,-0.053,0.403,0.64,0.313,-0.02,0.721,0.515,0.373,0.249,0.137
MRVL,-0.427,0.503,-0.044,-0.233,0.253,0.748,-0.207,0.447,0.507,-0.543,0.455,0.273,-0.294,0.367,-0.09,-0.287,0.642,0.489,0.21,-0.196,0.627,0.602,-0.335,0.53,-0.157,0.686,0.589,0.449,-0.131,0.507,-0.367,-0.273,-0.272,-0.214,-0.493,-0.465,-0.321,0.053,-0.532,-0.441,0.035,0.531,0.297,-0.284,0.092,0.614,-0.276,0.013,-0.184,0.309,-0.501,1.0,0.766,0.363,-0.06,0.501,0.497,0.38,0.17,0.152,0.036,0.247,0.182,-0.206,-0.292,0.116,0.614,-0.238,-0.334,0.602,0.104,0.459,-0.025,0.58,0.667,-0.337,0.48,0.344,0.349,0.689,-0.199,-0.048,-0.154,0.029,0.71,-0.191,0.389,0.186,0.739,0.395,0.322,-0.053,-0.586,-0.338,0.046,-0.127,-0.379,-0.344,0.055,0.075
MSFT,-0.156,0.787,0.232,0.048,0.265,0.686,0.032,0.588,0.791,-0.588,0.688,0.564,0.022,0.166,0.23,-0.24,0.783,0.746,0.49,-0.253,0.645,0.609,-0.365,0.554,0.248,0.898,0.867,0.738,-0.409,0.652,-0.5,-0.306,-0.301,-0.257,-0.303,-0.376,-0.331,0.404,-0.628,-0.532,-0.056,0.693,0.596,0.018,0.409,0.819,-0.035,0.017,-0.287,0.53,-0.507,0.766,1.0,0.43,0.182,0.708,0.654,0.604,-0.026,0.096,0.07,0.417,0.49,-0.151,0.061,0.513,0.843,-0.076,-0.11,0.823,0.274,0.72,0.29,0.814,0.883,-0.163,0.3,0.651,0.656,0.745,-0.109,0.229,0.229,-0.188,0.833,-0.297,0.33,0.196,0.831,0.605,0.588,0.094,-0.557,-0.1,0.433,-0.255,-0.188,-0.205,0.273,-0.125
MSTR,-0.345,0.396,0.121,-0.07,0.222,0.395,-0.342,0.043,0.244,-0.069,0.109,-0.086,-0.213,0.026,-0.041,-0.168,0.168,0.162,0.109,-0.021,0.23,0.242,0.028,-0.015,0.001,0.391,0.338,0.216,0.047,0.197,-0.023,0.158,0.178,-0.195,-0.028,0.05,-0.09,-0.049,-0.07,-0.142,0.274,0.381,0.072,-0.047,-0.034,0.451,-0.0,0.373,0.139,0.052,-0.04,0.363,0.43,1.0,0.013,0.239,0.167,0.377,0.341,0.41,0.591,0.292,0.065,0.192,0.13,0.241,0.266,0.374,-0.19,0.224,0.007,0.237,-0.199,0.336,0.396,0.078,0.315,0.459,0.163,0.28,0.101,-0.179,0.034,0.503,0.224,-0.097,0.495,0.534,0.335,0.034,0.142,0.32,-0.164,-0.179,0.047,0.18,-0.102,-0.071,-0.119,0.016
MU,0.696,0.482,0.118,0.83,0.674,0.005,0.665,0.315,0.53,-0.077,0.339,0.466,0.735,-0.571,0.753,0.267,0.311,0.393,0.806,-0.038,-0.045,0.187,-0.165,0.212,0.699,0.263,0.3,0.563,-0.429,-0.117,0.062,0.081,0.084,0.134,0.283,0.262,0.473,0.559,-0.202,-0.144,-0.514,0.033,0.689,0.844,0.755,0.143,0.763,0.253,0.024,0.731,0.358,-0.06,0.182,0.013,1.0,0.125,0.603,0.089,-0.093,0.169,-0.196,-0.089,0.613,0.534,0.621,0.412,0.263,0.358,0.421,0.28,0.623,0.135,0.68,0.209,0.34,0.482,-0.18,0.386,0.386,-0.322,0.263,0.666,0.606,-0.015,0.312,0.338,0.069,-0.12,0.132,0.501,0.502,0.558,0.367,0.67,0.725,0.277,0.722,0.611,0.912,-0.456
MVIS,-0.086,0.802,0.084,-0.069,0.129,0.227,0.075,0.577,0.676,-0.653,0.703,0.598,0.061,-0.074,0.305,-0.5,0.664,0.767,0.424,-0.423,0.446,0.371,-0.532,0.37,0.261,0.771,0.822,0.668,-0.6,0.732,-0.635,-0.628,-0.604,-0.501,-0.341,-0.6,-0.52,0.499,-0.697,-0.665,-0.25,0.546,0.529,-0.107,0.453,0.836,-0.142,-0.298,-0.561,0.452,-0.503,0.501,0.708,0.239,0.125,1.0,0.484,0.685,-0.128,-0.285,-0.163,0.691,0.527,-0.164,0.018,0.767,0.862,-0.287,-0.103,0.754,0.099,0.842,0.31,0.934,0.735,-0.295,0.094,0.834,0.709,0.637,-0.312,0.269,0.181,-0.35,0.785,-0.459,0.149,-0.059,0.722,0.52,0.646,-0.141,-0.616,-0.144,0.382,-0.324,-0.196,-0.274,0.258,-0.333
NFLX,0.301,0.684,-0.022,0.429,0.67,0.489,0.434,0.698,0.801,-0.414,0.705,0.719,0.344,-0.208,0.567,-0.083,0.746,0.578,0.719,-0.382,0.488,0.608,-0.449,0.589,0.361,0.662,0.646,0.775,-0.528,0.305,-0.346,-0.345,-0.348,-0.217,-0.172,-0.326,-0.039,0.619,-0.6,-0.624,-0.455,0.419,0.745,0.376,0.674,0.573,0.284,-0.037,-0.222,0.756,-0.125,0.497,0.654,0.167,0.603,0.484,1.0,0.286,0.005,0.159,-0.323,0.063,0.736,0.063,0.266,0.446,0.633,0.017,0.127,0.757,0.508,0.506,0.624,0.565,0.766,0.006,0.086,0.498,0.645,0.187,-0.158,0.51,0.338,-0.261,0.697,0.001,0.195,-0.117,0.671,0.712,0.727,0.294,-0.273,0.271,0.579,0.034,0.127,0.16,0.698,-0.297
NNDM,0.013,0.584,0.348,-0.109,-0.053,0.114,-0.078,0.215,0.472,-0.543,0.335,0.445,0.061,-0.04,0.258,-0.423,0.487,0.683,0.297,-0.161,0.284,0.058,-0.392,0.04,0.347,0.645,0.698,0.595,-0.469,0.613,-0.554,-0.358,-0.345,-0.422,-0.143,-0.295,-0.464,0.319,-0.529,-0.334,0.078,0.564,0.384,-0.049,0.309,0.647,-0.15,-0.063,-0.491,0.253,-0.345,0.38,0.604,0.377,0.089,0.685,0.286,1.0,0.003,-0.135,0.203,0.685,0.424,-0.036,0.255,0.688,0.66,-0.092,0.024,0.492,0.026,0.634,0.076,0.667,0.596,-0.141,0.234,0.704,0.511,0.521,0.031,0.058,0.255,-0.014,0.575,-0.411,0.128,0.175,0.565,0.363,0.44,-0.012,-0.292,-0.221,0.318,-0.282,-0.021,-0.227,0.07,-0.182
NVAX,-0.238,-0.017,-0.028,-0.111,0.255,0.216,-0.161,0.106,-0.182,-0.037,-0.105,-0.18,-0.278,0.181,-0.235,0.066,0.056,-0.183,-0.104,0.037,0.195,0.053,0.024,0.02,-0.281,0.013,-0.056,-0.053,0.233,-0.012,0.203,0.082,0.08,0.041,-0.189,0.022,0.075,-0.234,0.107,-0.013,0.149,0.182,-0.149,-0.187,-0.272,0.012,-0.057,0.125,0.091,-0.059,0.377,0.17,-0.026,0.341,-0.093,-0.128,0.005,0.003,1.0,0.277,0.101,-0.028,-0.2,0.118,-0.142,-0.187,-0.142,0.084,-0.043,-0.12,-0.104,-0.131,-0.254,-0.039,0.085,-0.164,0.516,-0.049,-0.057,-0.008,-0.1,-0.217,-0.187,0.521,-0.006,0.109,0.268,0.155,0.18,-0.004,0.094,-0.019,-0.008,-0.237,-0.224,0.607,-0.065,-0.029,-0.115,0.321
NVDA,-0.079,-0.026,0.001,0.238,0.452,0.513,-0.205,-0.131,-0.04,0.244,-0.257,-0.283,-0.177,0.141,-0.141,0.511,-0.134,-0.265,0.003,0.424,-0.011,0.268,0.465,0.054,-0.177,0.039,-0.138,-0.119,0.448,-0.342,0.446,0.607,0.616,0.408,0.196,0.447,0.414,-0.311,0.28,0.282,0.227,-0.104,-0.153,0.261,-0.145,-0.135,0.356,0.65,0.654,-0.104,0.223,0.152,0.096,0.41,0.169,-0.285,0.159,-0.135,0.277,1.0,0.434,-0.334,-0.163,0.333,0.284,-0.272,-0.196,0.374,-0.045,-0.176,0.126,-0.297,-0.203,-0.202,-0.009,0.29,0.107,-0.143,-0.293,-0.056,0.321,-0.204,-0.0,0.416,-0.15,0.425,0.196,0.321,-0.104,-0.041,-0.057,0.573,0.301,0.089,-0.046,0.44,0.181,0.113,0.035,0.35
NWL,-0.243,-0.063,0.334,-0.061,-0.213,0.114,-0.427,-0.352,-0.103,0.352,-0.433,-0.394,-0.147,0.089,-0.195,0.147,-0.268,-0.139,-0.214,0.502,-0.201,-0.22,0.459,-0.378,-0.008,0.021,-0.01,-0.187,0.508,-0.15,0.357,0.611,0.61,0.192,0.394,0.483,0.128,-0.252,0.308,0.418,0.603,0.128,-0.2,-0.011,-0.381,-0.132,0.055,0.604,0.44,-0.288,0.075,0.036,0.07,0.591,-0.196,-0.163,-0.323,0.203,0.101,0.434,1.0,0.11,-0.29,0.194,0.236,-0.014,-0.114,0.418,-0.132,-0.208,-0.017,-0.125,-0.398,-0.086,-0.134,0.327,0.16,-0.025,-0.329,0.152,0.433,-0.358,0.115,0.464,-0.183,-0.048,0.062,0.7,-0.174,-0.213,-0.34,0.389,0.224,-0.096,-0.16,0.128,0.073,-0.042,-0.346,0.165
OCGN,-0.187,0.503,0.36,-0.25,-0.171,0.002,-0.095,0.225,0.326,-0.469,0.313,0.248,-0.07,-0.11,0.093,-0.475,0.368,0.526,0.079,-0.209,0.234,0.011,-0.308,0.058,0.217,0.546,0.551,0.344,-0.344,0.612,-0.544,-0.397,-0.366,-0.351,-0.182,-0.373,-0.472,0.266,-0.449,-0.333,0.167,0.52,0.246,-0.234,0.198,0.52,-0.26,-0.213,-0.441,0.167,-0.422,0.247,0.417,0.292,-0.089,0.691,0.063,0.685,-0.028,-0.334,0.11,1.0,0.286,-0.272,0.057,0.711,0.562,-0.013,-0.181,0.454,-0.093,0.62,0.039,0.661,0.43,-0.174,0.158,0.662,0.411,0.54,-0.238,0.01,0.1,-0.157,0.457,-0.578,0.1,0.177,0.383,0.196,0.316,-0.245,-0.435,-0.191,0.227,-0.424,-0.259,-0.125,-0.099,-0.262
