,AAL,AAPL,AGNC,AMAT,AMD,AMZN,APA,ARDX,AVGO,AZN,BIDU,BILI,BKR,CAN,CHRD,CMCSA,CPRT,CRWD,CSCO,CSX,DKNG,EBAY,ERIC,EXC,FITB,FLEX,FTNT,GEN,GERN,GEVO,GILD,GOOG,GOOGL,GT,HBAN,HST,INTC,IOVA,IQ,JBLU,JD,KDP,KHC,LRCX,LYFT,MARA,MCHP,MDLZ,META,MNST,MRNA,MRVL,MSFT,MSTR,MU,MVIS,NFLX,NNDM,NVAX,NVDA,NWL,OCGN,ON,OPK,PAA,PACB,PANW,PARA,PDD,PENN,PEP,PLUG,PTEN,PTON,PYPL,QCOM,QVCGA,RIOT,ROKU,RUN,SABR,SBUX,SMCI,SNDL,STNE,TCOM,TLRY,TMUS,TSCO,TSLA,TTD,TXN,UAL,VOD,VTRS,VXRT,WBA,WBD,WDC,ZM
AAL,1.0,-0.419,-0.171,0.306,-0.083,-0.336,-0.301,-0.308,-0.027,-0.532,0.326,-0.112,-0.107,-0.365,-0.367,0.539,-0.179,-0.682,0.152,0.022,-0.657,-0.607,-0.055,0.708,0.046,0.016,-0.231,-0.476,-0.368,-0.059,-0.137,-0.317,-0.306,0.709,0.233,0.544,0.149,-0.106,0.236,0.852,-0.003,0.258,-0.073,0.448,0.227,-0.307,0.065,0.481,-0.426,0.287,-0.678,-0.272,-0.461,0.31,0.398,-0.47,-0.528,0.443,-0.207,-0.462,0.614,0.141,0.04,-0.586,-0.401,-0.432,-0.536,0.267,-0.595,-0.02,0.45,-0.105,-0.166,-0.48,-0.601,-0.14,-0.037,-0.349,-0.557,-0.327,0.085,0.025,-0.059,0.185,-0.146,0.252,-0.217,-0.318,-0.571,-0.244,-0.51,-0.21,0.893,0.329,-0.033,-0.431,0.6,0.432,0.601,-0.427
AAPL,-0.419,1.0,0.399,0.089,-0.011,0.445,0.512,0.498,0.547,0.635,-0.26,-0.081,0.253,0.649,0.36,-0.112,0.515,0.443,0.144,0.353,0.554,0.628,0.216,-0.426,0.16,0.448,0.417,0.552,0.715,0.448,0.244,0.772,0.758,-0.256,0.055,0.016,0.267,-0.202,-0.293,-0.163,0.05,0.005,0.413,-0.217,-0.203,0.411,0.504,-0.31,0.729,0.309,0.398,0.33,0.838,-0.208,0.374,0.603,0.385,-0.216,-0.32,0.65,-0.252,-0.037,0.496,0.453,0.578,0.372,0.65,0.093,0.213,0.523,-0.123,0.17,0.408,0.564,0.605,0.793,0.39,0.477,0.424,0.457,0.465,0.071,0.449,0.016,0.474,0.275,0.292,0.195,0.51,0.679,0.682,0.438,-0.475,0.338,0.534,0.137,-0.233,-0.014,0.095,0.118
AGNC,-0.171,0.399,1.0,0.07,-0.165,0.131,0.812,0.398,0.547,0.586,-0.216,-0.058,0.615,0.334,0.519,-0.03,0.611,0.467,0.273,0.6,0.458,0.553,0.155,-0.013,0.66,0.57,0.095,0.503,0.296,0.638,0.298,0.567,0.568,0.033,0.608,0.348,0.183,-0.25,-0.318,0.014,-0.206,-0.006,0.64,-0.211,0.213,0.292,0.773,-0.539,0.588,-0.113,0.337,0.467,0.438,0.102,0.35,0.335,-0.112,-0.564,-0.031,0.404,0.126,-0.481,0.735,0.529,0.698,0.652,0.552,0.51,0.34,0.654,-0.218,0.102,0.685,0.081,0.517,0.516,0.767,0.28,0.183,0.707,0.517,0.431,0.595,-0.132,0.503,0.597,0.515,0.071,0.596,0.338,0.577,0.515,-0.312,0.458,0.666,0.405,-0.069,0.312,0.163,0.035
AMAT,0.306,0.089,0.07,1.0,0.482,0.323,-0.07,0.501,0.411,-0.03,0.645,0.485,0.011,0.016,-0.13,0.436,-0.034,-0.111,0.626,0.215,-0.173,0.019,0.299,0.406,-0.038,-0.04,0.171,-0.049,0.07,-0.1,0.212,0.047,0.025,0.484,0.056,0.191,0.65,0.373,0.448,0.177,0.607,0.361,0.264,0.875,0.247,0.144,0.26,0.446,-0.076,0.458,-0.064,0.39,0.19,0.554,0.417,-0.311,0.012,0.291,0.133,0.293,0.352,0.17,0.159,-0.201,-0.116,-0.044,0.089,0.123,0.067,0.056,0.568,0.567,-0.158,-0.032,-0.104,0.433,0.027,0.223,0.096,0.059,-0.138,0.485,0.074,-0.31,-0.044,0.135,0.021,0.388,-0.137,0.304,-0.044,0.357,0.24,0.326,0.052,-0.027,0.527,0.283,0.504,0.26
AMD,-0.083,-0.011,-0.165,0.482,1.0,0.675,-0.201,0.584,0.127,0.133,0.651,0.513,-0.182,0.049,-0.169,0.178,-0.304,0.284,0.525,-0.178,-0.116,0.209,0.424,0.099,-0.166,-0.323,0.051,0.146,0.178,-0.152,0.333,0.071,0.063,-0.026,-0.352,-0.127,0.399,0.696,0.577,-0.234,0.819,0.062,0.285,0.479,0.016,-0.235,-0.036,0.385,-0.175,0.217,0.372,0.494,0.306,0.473,-0.106,-0.355,0.599,0.151,0.586,0.501,-0.095,0.31,-0.103,0.156,0.034,0.078,0.183,-0.284,0.449,-0.203,0.528,0.747,-0.289,-0.066,-0.128,0.157,-0.165,0.149,0.568,-0.012,-0.409,0.468,-0.107,-0.484,-0.37,-0.225,0.018,0.504,-0.022,0.409,-0.187,0.304,-0.11,-0.311,-0.326,0.346,0.196,-0.165,-0.164,0.625
AMZN,-0.336,0.445,0.131,0.323,0.675,1.0,0.207,0.704,0.246,0.565,0.393,0.364,0.074,0.462,0.189,-0.04,0.029,0.464,0.429,0.115,0.293,0.562,0.465,-0.339,-0.039,-0.064,0.109,0.431,0.376,0.212,0.527,0.446,0.419,-0.227,-0.232,-0.188,0.296,0.436,0.261,-0.337,0.572,-0.188,0.545,0.202,-0.001,-0.045,0.192,-0.021,0.284,0.178,0.64,0.638,0.629,0.201,-0.107,-0.026,0.727,-0.053,0.395,0.679,-0.246,0.237,0.153,0.453,0.423,0.417,0.506,-0.134,0.61,0.149,0.127,0.724,0.101,0.163,0.247,0.469,0.032,0.328,0.816,0.345,-0.074,0.403,0.17,-0.399,-0.176,-0.082,0.218,0.499,0.255,0.771,0.24,0.474,-0.388,-0.167,-0.043,0.475,-0.047,-0.169,-0.192,0.566
APA,-0.301,0.512,0.812,-0.07,-0.201,0.207,1.0,0.389,0.586,0.649,-0.359,-0.117,0.717,0.436,0.768,-0.131,0.656,0.56,0.183,0.583,0.576,0.652,0.038,-0.229,0.597,0.523,0.057,0.628,0.339,0.655,0.314,0.645,0.648,-0.136,0.542,0.272,0.179,-0.262,-0.422,-0.063,-0.327,-0.144,0.618,-0.318,0.177,0.319,0.753,-0.656,0.746,-0.147,0.362,0.488,0.504,-0.04,0.33,0.401,0.023,-0.586,-0.111,0.428,0.033,-0.525,0.763,0.633,0.811,0.662,0.574,0.457,0.364,0.677,-0.377,-0.021,0.867,0.137,0.608,0.587,0.735,0.415,0.185,0.779,0.555,0.372,0.599,-0.113,0.537,0.59,0.612,0.063,0.767,0.397,0.754,0.539,-0.385,0.369,0.604,0.45,-0.234,0.183,0.054,0.163
ARDX,-0.308,0.498,0.398,0.501,0.584,0.704,0.389,1.0,0.52,0.525,0.181,0.25,0.302,0.367,0.337,0.164,0.267,0.574,0.649,0.394,0.36,0.596,0.279,-0.077,0.292,0.174,0.132,0.517,0.459,0.256,0.395,0.437,0.429,0.026,0.092,0.033,0.383,0.401,0.069,-0.266,0.522,0.102,0.639,0.282,0.194,0.195,0.517,-0.135,0.33,0.182,0.56,0.755,0.576,0.329,0.136,0.057,0.438,-0.244,0.321,0.742,0.063,-0.086,0.443,0.519,0.544,0.492,0.575,0.159,0.612,0.34,0.227,0.679,0.242,0.159,0.354,0.592,0.346,0.459,0.6,0.555,0.026,0.507,0.368,-0.501,0.053,0.182,0.504,0.469,0.475,0.746,0.354,0.652,-0.399,0.179,0.234,0.626,0.196,0.117,0.094,0.598
AVGO,-0.027,0.547,0.547,0.411,0.127,0.246,0.586,0.52,1.0,0.403,-0.069,-0.106,0.646,0.35,0.413,0.303,0.586,0.345,0.653,0.646,0.24,0.377,0.355,0.145,0.63,0.595,0.239,0.496,0.386,0.448,0.338,0.57,0.568,0.234,0.569,0.514,0.559,-0.142,-0.275,0.179,0.151,0.276,0.6,0.21,0.315,0.326,0.782,-0.246,0.516,0.304,0.189,0.564,0.532,0.324,0.684,0.131,0.065,-0.305,-0.127,0.638,0.307,-0.335,0.795,0.33,0.578,0.418,0.519,0.482,0.214,0.612,0.12,0.351,0.495,0.135,0.443,0.726,0.655,0.429,0.191,0.592,0.498,0.514,0.572,-0.349,0.563,0.622,0.506,0.213,0.525,0.48,0.513,0.807,-0.041,0.591,0.626,0.248,0.19,0.415,0.475,0.115
AZN,-0.532,0.635,0.586,-0.03,0.133,0.565,0.649,0.525,0.403,1.0,-0.125,0.009,0.324,0.698,0.444,-0.248,0.403,0.631,0.149,0.327,0.643,0.806,0.26,-0.465,0.198,0.237,0.21,0.583,0.632,0.592,0.413,0.71,0.709,-0.376,0.008,-0.09,0.133,0.07,-0.184,-0.333,0.022,-0.236,0.626,-0.301,-0.015,0.31,0.475,-0.5,0.661,0.016,0.569,0.541,0.719,-0.021,0.058,0.489,0.46,-0.419,0.065,0.615,-0.377,-0.162,0.472,0.694,0.73,0.666,0.736,0.118,0.546,0.471,-0.177,0.309,0.478,0.385,0.62,0.634,0.459,0.45,0.578,0.614,0.297,0.381,0.498,-0.253,0.271,0.188,0.395,0.284,0.624,0.688,0.713,0.491,-0.589,-0.001,0.468,0.477,-0.287,0.098,-0.259,0.318
BIDU,0.326,-0.26,-0.216,0.645,0.651,0.393,-0.359,0.181,-0.069,-0.125,1.0,0.593,-0.371,-0.164,-0.439,0.324,-0.453,-0.245,0.381,-0.201,-0.421,-0.107,0.392,0.329,-0.358,-0.449,-0.02,-0.285,-0.077,-0.277,0.29,-0.154,-0.177,0.284,-0.243,-0.021,0.331,0.574,0.803,0.059,0.642,0.012,0.117,0.689,0.039,-0.314,-0.165,0.678,-0.341,0.299,-0.017,0.151,0.04,0.503,-0.016,-0.561,0.215,0.504,0.444,0.035,0.127,0.44,-0.272,-0.293,-0.295,-0.2,-0.114,-0.248,0.106,-0.294,0.562,0.535,-0.423,-0.268,-0.422,0.021,-0.318,-0.121,0.175,-0.286,-0.45,0.414,-0.332,-0.112,-0.498,-0.179,-0.275,0.295,-0.434,0.08,-0.403,0.017,0.283,-0.142,-0.327,-0.078,0.349,-0.058,0.057,0.242
BILI,-0.112,-0.081,-0.058,0.485,0.513,0.364,-0.117,0.25,-0.106,0.009,0.593,1.0,-0.251,-0.01,-0.236,-0.112,-0.315,0.077,0.149,-0.325,-0.038,0.088,0.293,0.02,-0.352,-0.496,0.232,-0.11,0.071,-0.292,0.217,-0.109,-0.119,-0.228,-0.344,-0.437,0.383,0.547,0.696,-0.348,0.514,-0.073,0.007,0.437,-0.111,-0.072,-0.16,0.275,-0.257,0.141,0.234,0.235,0.159,0.125,-0.174,-0.181,0.357,0.192,0.446,0.205,-0.176,0.404,-0.223,-0.042,-0.171,0.081,0.178,-0.356,0.376,-0.244,0.231,0.503,-0.331,0.064,-0.094,0.038,-0.196,0.074,0.352,-0.09,-0.364,0.264,-0.245,-0.28,-0.307,-0.35,-0.173,0.479,-0.084,0.127,-0.156,0.072,-0.13,-0.329,-0.298,0.033,-0.087,-0.311,-0.172,0.363
BKR,-0.107,0.253,0.615,0.011,-0.182,0.074,0.717,0.302,0.646,0.324,-0.371,-0.251,1.0,0.224,0.716,0.064,0.671,0.364,0.325,0.646,0.297,0.366,0.145,-0.041,0.721,0.534,-0.018,0.458,0.006,0.546,0.274,0.418,0.413,0.144,0.649,0.402,0.143,-0.307,-0.52,0.147,-0.252,0.026,0.424,-0.087,0.336,0.219,0.621,-0.516,0.515,-0.17,0.225,0.423,0.195,0.109,0.315,0.155,-0.047,-0.45,-0.064,0.342,0.29,-0.468,0.724,0.421,0.604,0.515,0.292,0.575,0.251,0.556,-0.23,0.006,0.761,-0.048,0.446,0.353,0.616,0.283,0.067,0.636,0.483,0.352,0.575,-0.317,0.573,0.614,0.527,0.033,0.607,0.257,0.534,0.62,-0.037,0.466,0.475,0.399,-0.054,0.364,0.249,0.074
CAN,-0.365,0.649,0.334,0.016,0.049,0.462,0.436,0.367,0.35,0.698,-0.164,-0.01,0.224,1.0,0.317,-0.193,0.395,0.487,0.092,0.162,0.611,0.619,0.276,-0.382,0.069,0.324,0.566,0.499,0.683,0.48,0.336,0.653,0.661,-0.236,-0.037,-0.007,0.278,-0.003,-0.14,-0.085,0.027,-0.032,0.418,-0.25,0.134,0.457,0.443,-0.331,0.53,0.337,0.435,0.36,0.63,-0.019,0.169,0.386,0.397,-0.2,-0.149,0.554,-0.306,-0.035,0.391,0.536,0.539,0.591,0.706,0.304,0.248,0.64,0.015,0.289,0.312,0.652,0.72,0.656,0.336,0.658,0.55,0.494,0.371,0.28,0.609,-0.172,0.397,0.222,0.25,0.489,0.436,0.656,0.676,0.386,-0.378,0.068,0.512,0.183,-0.199,0.134,-0.098,0.24
CHRD,-0.367,0.36,0.519,-0.13,-0.169,0.189,0.768,0.337,0.413,0.444,-0.439,-0.236,0.716,0.317,1.0,-0.148,0.704,0.535,0.104,0.567,0.554,0.602,-0.021,-0.309,0.497,0.438,-0.091,0.617,0.126,0.556,0.281,0.483,0.484,-0.126,0.402,0.215,0.092,-0.228,-0.569,-0.119,-0.312,-0.067,0.405,-0.259,0.174,0.302,0.509,-0.57,0.639,-0.256,0.318,0.457,0.268,0.017,0.113,0.301,0.014,-0.571,-0.151,0.327,0.101,-0.508,0.562,0.541,0.6,0.43,0.318,0.364,0.285,0.451,-0.323,-0.126,0.866,0.051,0.494,0.341,0.484,0.429,0.142,0.651,0.371,0.276,0.536,-0.228,0.473,0.478,0.592,0.015,0.765,0.304,0.675,0.463,-0.381,0.313,0.346,0.458,-0.231,0.132,0.032,0.354
CMCSA,0.539,-0.112,-0.03,0.436,0.178,-0.04,-0.131,0.164,0.303,-0.248,0.324,-0.112,0.064,-0.193,-0.148,1.0,0.095,-0.34,0.621,0.396,-0.414,-0.227,0.107,0.684,0.252,0.187,-0.145,-0.072,-0.107,-0.138,0.17,-0.185,-0.196,0.779,0.376,0.534,0.295,0.032,0.165,0.473,0.246,0.362,0.351,0.49,0.325,-0.254,0.264,0.52,-0.24,0.28,-0.329,-0.009,-0.12,0.472,0.369,-0.429,-0.304,0.38,-0.038,0.025,0.634,0.04,0.15,-0.324,-0.102,-0.181,-0.178,0.354,-0.323,0.098,0.635,0.276,-0.096,-0.417,-0.369,0.151,0.215,-0.137,-0.253,-0.126,0.071,0.294,0.15,0.045,-0.049,0.241,0.146,-0.043,-0.211,0.05,-0.297,0.182,0.484,0.467,0.103,-0.052,0.688,0.588,0.517,-0.092
CPRT,-0.179,0.515,0.611,-0.034,-0.304,0.029,0.656,0.267,0.586,0.403,-0.453,-0.315,0.671,0.395,0.704,0.095,1.0,0.382,0.2,0.701,0.463,0.528,0.138,-0.15,0.635,0.748,0.23,0.652,0.33,0.673,0.275,0.633,0.63,0.117,0.608,0.461,0.262,-0.478,-0.629,0.181,-0.302,0.186,0.489,-0.282,0.145,0.427,0.693,-0.424,0.67,0.068,0.179,0.375,0.418,0.042,0.484,0.335,-0.103,-0.398,-0.353,0.457,0.227,-0.452,0.711,0.419,0.542,0.426,0.383,0.553,0.085,0.661,-0.089,-0.098,0.77,0.202,0.535,0.545,0.685,0.458,0.097,0.63,0.664,0.25,0.669,-0.129,0.791,0.69,0.585,-0.057,0.691,0.328,0.68,0.547,-0.202,0.606,0.682,0.234,-0.19,0.399,0.309,-0.022
CRWD,-0.682,0.443,0.467,-0.111,0.284,0.464,0.56,0.574,0.345,0.631,-0.245,0.077,0.364,0.487,0.535,-0.34,0.382,1.0,0.193,0.247,0.791,0.783,0.249,-0.476,0.311,0.26,0.23,0.767,0.454,0.418,0.34,0.573,0.584,-0.461,0.085,-0.078,0.142,0.192,-0.28,-0.505,0.095,-0.168,0.501,-0.323,0.126,0.351,0.382,-0.61,0.566,-0.153,0.776,0.651,0.565,0.069,-0.138,0.37,0.444,-0.613,0.313,0.659,-0.28,-0.231,0.381,0.806,0.685,0.692,0.688,0.145,0.694,0.379,-0.233,0.277,0.418,0.391,0.719,0.351,0.372,0.61,0.676,0.651,0.142,0.354,0.436,-0.429,0.297,0.205,0.598,0.43,0.792,0.493,0.597,0.574,-0.706,-0.061,0.288,0.686,-0.398,-0.073,-0.317,0.574
CSCO,0.152,0.144,0.273,0.626,0.525,0.429,0.183,0.649,0.653,0.149,0.381,0.149,0.325,0.092,0.104,0.621,0.2,0.193,1.0,0.515,-0.066,0.144,0.349,0.484,0.483,0.315,0.064,0.23,0.154,0.129,0.416,0.153,0.143,0.499,0.427,0.432,0.475,0.295,0.126,0.165,0.494,0.334,0.585,0.57,0.528,-0.017,0.539,0.184,0.013,0.292,0.23,0.577,0.258,0.621,0.419,-0.351,0.049,-0.055,0.354,0.518,0.497,-0.195,0.411,0.187,0.328,0.304,0.3,0.422,0.295,0.353,0.492,0.669,0.088,-0.215,0.071,0.421,0.403,0.202,0.259,0.393,0.106,0.603,0.359,-0.44,0.09,0.336,0.44,0.337,0.117,0.435,0.048,0.663,0.099,0.409,0.235,0.399,0.592,0.453,0.454,0.23
CSX,0.022,0.353,0.6,0.215,-0.178,0.115,0.583,0.394,0.646,0.327,-0.201,-0.325,0.646,0.162,0.567,0.396,0.701,0.247,0.515,1.0,0.324,0.378,0.14,0.122,0.651,0.658,-0.097,0.502,0.12,0.553,0.349,0.426,0.427,0.402,0.732,0.591,0.208,-0.225,-0.513,0.228,-0.195,0.278,0.649,0.117,0.45,0.225,0.758,-0.307,0.538,-0.033,0.159,0.5,0.224,0.353,0.453,0.077,-0.297,-0.365,-0.135,0.365,0.532,-0.44,0.707,0.309,0.515,0.387,0.315,0.633,0.114,0.644,-0.005,0.082,0.629,-0.141,0.322,0.457,0.634,0.292,-0.037,0.572,0.486,0.449,0.627,-0.132,0.473,0.675,0.732,-0.069,0.515,0.361,0.464,0.609,-0.033,0.714,0.549,0.436,0.245,0.598,0.543,-0.017
DKNG,-0.657,0.554,0.458,-0.173,-0.116,0.293,0.576,0.36,0.24,0.643,-0.421,-0.038,0.297,0.611,0.554,-0.414,0.463,0.791,-0.066,0.324,1.0,0.742,0.078,-0.595,0.14,0.315,0.374,0.751,0.462,0.475,0.219,0.579,0.597,-0.469,0.065,-0.155,0.037,-0.08,-0.42,-0.405,-0.171,-0.069,0.402,-0.417,0.114,0.601,0.399,-0.659,0.682,-0.141,0.626,0.461,0.519,-0.119,-0.117,0.613,0.255,-0.516,-0.076,0.505,-0.362,-0.162,0.382,0.635,0.551,0.657,0.726,0.231,0.411,0.518,-0.35,0.021,0.45,0.639,0.856,0.425,0.38,0.714,0.505,0.566,0.213,0.174,0.562,-0.162,0.377,0.188,0.559,0.378,0.76,0.427,0.752,0.357,-0.674,0.053,0.496,0.467,-0.454,0.022,-0.251,0.364
EBAY,-0.607,0.628,0.553,0.019,0.209,0.562,0.652,0.596,0.377,0.806,-0.107,0.088,0.366,0.619,0.602,-0.227,0.528,0.783,0.144,0.378,0.742,1.0,0.233,-0.535,0.18,0.192,0.222,0.721,0.575,0.554,0.5,0.762,0.755,-0.328,0.056,-0.033,0.215,0.109,-0.243,-0.38,0.028,-0.162,0.617,-0.288,-0.018,0.347,0.481,-0.415,0.739,-0.031,0.67,0.568,0.712,0.088,-0.017,0.417,0.436,-0.428,0.113,0.62,-0.277,-0.202,0.429,0.729,0.701,0.659,0.682,0.139,0.583,0.459,-0.102,0.263,0.579,0.388,0.67,0.589,0.383,0.61,0.587,0.61,0.217,0.458,0.495,-0.263,0.338,0.279,0.535,0.34,0.789,0.627,0.72,0.496,-0.694,0.094,0.352,0.547,-0.402,-0.029,-0.239,0.555
ERIC,-0.055,0.216,0.155,0.299,0.424,0.465,0.038,0.279,0.355,0.26,0.392,0.293,0.145,0.276,-0.021,0.107,0.138,0.249,0.349,0.14,0.078,0.233,1.0,0.005,0.082,0.089,0.226,0.292,0.217,0.298,0.672,0.384,0.38,-0.072,-0.007,0.111,0.516,0.175,0.247,0.048,0.442,-0.056,0.364,0.248,-0.066,-0.102,0.161,0.111,0.194,0.288,0.441,0.398,0.476,0.209,0.111,-0.073,0.469,0.064,0.269,0.515,-0.005,0.375,0.161,0.226,0.279,0.244,0.3,-0.034,0.319,0.144,0.226,0.472,0.05,0.066,0.129,0.308,0.119,0.158,0.482,0.162,0.064,0.413,0.22,-0.246,0.187,0.114,0.01,0.318,0.144,0.398,0.115,0.519,0.034,0.04,0.12,0.177,-0.027,0.128,-0.0,0.108
EXC,0.708,-0.426,-0.013,0.406,0.099,-0.339,-0.229,-0.077,0.145,-0.465,0.329,0.02,-0.041,-0.382,-0.309,0.684,-0.15,-0.476,0.484,0.122,-0.595,-0.535,0.005,1.0,0.274,0.114,-0.109,-0.396,-0.302,-0.204,-0.088,-0.432,-0.424,0.726,0.356,0.505,0.248,0.016,0.284,0.55,0.189,0.403,0.021,0.526,0.427,-0.257,0.17,0.456,-0.534,0.186,-0.487,-0.139,-0.415,0.428,0.389,-0.544,-0.515,0.233,0.016,-0.235,0.673,-0.101,0.062,-0.474,-0.276,-0.276,-0.322,0.347,-0.387,-0.006,0.52,0.126,-0.224,-0.455,-0.448,-0.141,0.134,-0.307,-0.463,-0.206,-0.016,0.217,0.028,0.006,-0.087,0.164,-0.084,-0.09,-0.445,-0.27,-0.488,-0.025,0.645,0.339,0.022,-0.192,0.727,0.474,0.561,-0.256
FITB,0.046,0.16,0.66,-0.038,-0.166,-0.039,0.597,0.292,0.63,0.198,-0.358,-0.352,0.721,0.069,0.497,0.252,0.635,0.311,0.483,0.651,0.14,0.18,0.082,0.274,1.0,0.747,-0.072,0.391,0.027,0.448,0.206,0.266,0.278,0.306,0.818,0.631,0.112,-0.292,-0.521,0.252,-0.211,0.107,0.494,-0.138,0.465,0.131,0.677,-0.453,0.305,-0.106,0.139,0.376,0.125,0.213,0.431,-0.022,-0.264,-0.57,-0.012,0.286,0.447,-0.649,0.704,0.362,0.568,0.48,0.263,0.672,0.164,0.561,-0.143,0.043,0.626,-0.206,0.288,0.259,0.757,0.113,-0.012,0.65,0.582,0.327,0.495,-0.243,0.5,0.671,0.572,-0.118,0.447,0.165,0.321,0.554,-0.037,0.568,0.525,0.41,0.141,0.479,0.383,-0.109
FLEX,0.016,0.448,0.57,-0.04,-0.323,-0.064,0.523,0.174,0.595,0.237,-0.449,-0.496,0.534,0.324,0.438,0.187,0.748,0.26,0.315,0.658,0.315,0.192,0.089,0.114,0.747,1.0,0.211,0.524,0.241,0.559,0.098,0.488,0.489,0.292,0.699,0.632,0.151,-0.539,-0.616,0.332,-0.292,0.259,0.442,-0.219,0.332,0.378,0.698,-0.424,0.516,0.063,0.072,0.309,0.314,0.082,0.621,0.249,-0.262,-0.417,-0.384,0.394,0.29,-0.499,0.674,0.294,0.453,0.359,0.326,0.686,-0.081,0.716,-0.148,-0.115,0.566,0.145,0.463,0.468,0.662,0.311,0.012,0.567,0.695,0.142,0.626,-0.019,0.702,0.721,0.489,-0.12,0.399,0.234,0.527,0.457,-0.043,0.666,0.731,0.201,0.079,0.515,0.47,-0.285
FTNT,-0.231,0.417,0.095,0.171,0.051,0.109,0.057,0.132,0.239,0.21,-0.02,0.232,-0.018,0.566,-0.091,-0.145,0.23,0.23,0.064,-0.097,0.374,0.222,0.226,-0.109,-0.072,0.211,1.0,0.234,0.485,0.127,0.015,0.332,0.329,-0.154,-0.126,-0.146,0.326,-0.141,0.079,-0.044,0.214,0.158,0.04,-0.059,0.063,0.587,0.199,-0.025,0.179,0.432,0.276,0.092,0.46,-0.096,0.279,0.227,0.312,0.112,-0.149,0.46,-0.283,0.128,0.144,0.05,0.086,0.277,0.549,0.163,0.037,0.35,0.128,0.192,-0.056,0.778,0.591,0.422,0.182,0.596,0.363,0.154,0.173,0.049,0.304,-0.073,0.394,0.02,-0.027,0.565,0.167,0.221,0.341,0.21,-0.211,0.016,0.44,-0.11,-0.274,0.01,-0.007,0.06
GEN,-0.476,0.552,0.503,-0.049,0.146,0.431,0.628,0.517,0.496,0.583,-0.285,-0.11,0.458,0.499,0.617,-0.072,0.652,0.767,0.23,0.502,0.751,0.721,0.292,-0.396,0.391,0.524,0.234,1.0,0.458,0.558,0.388,0.714,0.721,-0.236,0.264,0.195,0.279,-0.117,-0.376,-0.188,0.01,0.058,0.654,-0.279,0.084,0.383,0.59,-0.504,0.748,0.006,0.551,0.642,0.657,0.125,0.157,0.382,0.316,-0.434,-0.074,0.737,-0.171,-0.196,0.577,0.643,0.623,0.615,0.659,0.298,0.379,0.58,-0.126,0.188,0.575,0.375,0.665,0.59,0.54,0.674,0.525,0.587,0.41,0.365,0.619,-0.265,0.501,0.461,0.685,0.282,0.813,0.562,0.666,0.597,-0.504,0.215,0.485,0.579,-0.316,0.135,-0.075,0.402
GERN,-0.368,0.715,0.296,0.07,0.178,0.376,0.339,0.459,0.386,0.632,-0.077,0.071,0.006,0.683,0.126,-0.107,0.33,0.454,0.154,0.12,0.462,0.575,0.217,-0.302,0.027,0.241,0.485,0.458,1.0,0.344,0.181,0.67,0.673,-0.28,-0.099,-0.041,0.296,0.092,-0.037,-0.171,0.159,0.083,0.369,-0.226,-0.161,0.348,0.42,-0.178,0.491,0.509,0.332,0.373,0.748,-0.046,0.274,0.515,0.393,-0.141,-0.13,0.623,-0.324,-0.033,0.361,0.495,0.491,0.387,0.652,0.046,0.272,0.487,0.157,0.289,0.181,0.554,0.523,0.684,0.372,0.468,0.459,0.389,0.359,0.19,0.412,-0.066,0.327,0.137,0.314,0.366,0.444,0.648,0.531,0.371,-0.439,0.071,0.479,0.134,-0.111,-0.028,-0.07,0.218
GEVO,-0.059,0.448,0.638,-0.1,-0.152,0.212,0.655,0.256,0.448,0.592,-0.277,-0.292,0.546,0.48,0.556,-0.138,0.673,0.418,0.129,0.553,0.475,0.554,0.298,-0.204,0.448,0.559,0.127,0.558,0.344,1.0,0.432,0.731,0.755,-0.056,0.406,0.408,0.206,-0.311,-0.444,0.268,-0.293,0.0,0.546,-0.281,0.113,0.227,0.682,-0.463,0.682,0.048,0.312,0.437,0.452,0.052,0.368,0.347,0.052,-0.409,-0.178,0.383,0.091,-0.296,0.683,0.554,0.646,0.51,0.406,0.469,0.194,0.685,-0.143,-0.077,0.753,0.13,0.483,0.497,0.571,0.349,0.192,0.587,0.576,0.292,0.703,-0.119,0.572,0.627,0.492,-0.09,0.562,0.459,0.627,0.495,-0.126,0.396,0.621,0.355,-0.168,0.365,0.178,-0.046
GILD,-0.137,0.244,0.298,0.212,0.333,0.527,0.314,0.395,0.338,0.413,0.29,0.217,0.274,0.336,0.281,0.17,0.275,0.34,0.416,0.349,0.219,0.5,0.672,-0.088,0.206,0.098,0.015,0.388,0.181,0.432,1.0,0.417,0.429,0.021,0.118,0.247,0.348,0.21,0.025,0.01,0.178,-0.243,0.552,0.124,0.126,-0.078,0.315,-0.022,0.32,0.039,0.549,0.408,0.451,0.32,0.01,-0.015,0.294,-0.166,0.303,0.399,0.074,0.104,0.232,0.439,0.499,0.487,0.367,0.185,0.397,0.309,0.142,0.436,0.321,-0.085,0.191,0.343,0.24,0.24,0.433,0.368,0.089,0.599,0.359,-0.298,0.126,0.294,0.239,0.229,0.296,0.466,0.308,0.454,-0.187,0.179,0.152,0.369,-0.002,0.225,0.012,0.217
GOOG,-0.317,0.772,0.567,0.047,0.071,0.446,0.645,0.437,0.57,0.71,-0.154,-0.109,0.418,0.653,0.483,-0.185,0.633,0.573,0.153,0.426,0.579,0.762,0.384,-0.432,0.266,0.488,0.332,0.714,0.67,0.731,0.417,1.0,0.992,-0.215,0.18,0.213,0.332,-0.167,-0.288,-0.0,-0.027,-0.033,0.545,-0.261,-0.121,0.389,0.629,-0.381,0.867,0.241,0.443,0.532,0.834,0.019,0.387,0.494,0.369,-0.325,-0.214,0.675,-0.233,-0.166,0.638,0.611,0.665,0.53,0.629,0.225,0.314,0.639,-0.078,0.121,0.622,0.406,0.647,0.768,0.493,0.556,0.455,0.579,0.526,0.327,0.588,-0.095,0.588,0.526,0.423,0.205,0.652,0.634,0.753,0.56,-0.373,0.324,0.577,0.283,-0.319,0.059,0.014,0.172
GOOGL,-0.306,0.758,0.568,0.025,0.063,0.419,0.648,0.429,0.568,0.709,-0.177,-0.119,0.413,0.661,0.484,-0.196,0.63,0.584,0.143,0.427,0.597,0.755,0.38,-0.424,0.278,0.489,0.329,0.721,0.673,0.755,0.429,0.992,1.0,-0.232,0.185,0.24,0.332,-0.143,-0.301,0.022,-0.046,-0.013,0.546,-0.279,-0.096,0.403,0.647,-0.398,0.854,0.24,0.438,0.531,0.816,0.034,0.38,0.492,0.342,-0.365,-0.224,0.663,-0.227,-0.18,0.646,0.617,0.673,0.554,0.65,0.24,0.299,0.663,-0.077,0.108,0.625,0.407,0.649,0.752,0.51,0.574,0.44,0.579,0.533,0.338,0.609,-0.114,0.583,0.541,0.447,0.197,0.66,0.62,0.753,0.546,-0.375,0.317,0.593,0.289,-0.315,0.081,0.014,0.17
GT,0.709,-0.256,0.033,0.484,-0.026,-0.227,-0.136,0.026,0.234,-0.376,0.284,-0.228,0.144,-0.236,-0.126,0.779,0.117,-0.461,0.499,0.402,-0.469,-0.328,-0.072,0.726,0.306,0.292,-0.154,-0.236,-0.28,-0.056,0.021,-0.215,-0.232,1.0,0.502,0.676,0.172,-0.109,0.008,0.672,0.036,0.407,0.188,0.535,0.501,-0.067,0.291,0.424,-0.233,0.189,-0.471,-0.039,-0.332,0.529,0.473,-0.458,-0.577,0.292,-0.1,-0.208,0.77,-0.137,0.176,-0.396,-0.216,-0.207,-0.333,0.572,-0.41,0.192,0.517,0.089,-0.023,-0.41,-0.334,0.047,0.154,-0.105,-0.434,-0.047,0.097,0.299,0.176,0.017,0.052,0.429,0.065,-0.143,-0.331,-0.096,-0.234,0.045,0.633,0.625,0.156,-0.154,0.737,0.666,0.73,-0.214
HBAN,0.233,0.055,0.608,0.056,-0.352,-0.232,0.542,0.092,0.569,0.008,-0.243,-0.344,0.649,-0.037,0.402,0.376,0.608,0.085,0.427,0.732,0.065,0.056,-0.007,0.356,0.818,0.699,-0.126,0.264,-0.099,0.406,0.118,0.18,0.185,0.502,1.0,0.675,0.153,-0.369,-0.435,0.404,-0.397,0.282,0.453,-0.001,0.497,0.095,0.707,-0.285,0.297,-0.061,-0.112,0.262,-0.053,0.244,0.51,-0.121,-0.519,-0.342,-0.124,0.082,0.673,-0.597,0.671,0.148,0.364,0.28,0.109,0.735,-0.058,0.587,-0.072,-0.109,0.555,-0.288,0.172,0.221,0.652,0.043,-0.277,0.467,0.52,0.279,0.449,-0.042,0.504,0.734,0.579,-0.253,0.341,-0.008,0.246,0.437,0.218,0.719,0.56,0.206,0.25,0.559,0.558,-0.224
HST,0.544,0.016,0.348,0.191,-0.127,-0.188,0.272,0.033,0.514,-0.09,-0.021,-0.437,0.402,-0.007,0.215,0.534,0.461,-0.078,0.432,0.591,-0.155,-0.033,0.111,0.505,0.631,0.632,-0.146,0.195,-0.041,0.408,0.247,0.213,0.24,0.676,0.675,1.0,0.248,-0.255,-0.334,0.702,-0.146,0.318,0.41,0.143,0.462,0.059,0.595,0.006,0.167,0.21,-0.257,0.127,-0.014,0.505,0.647,-0.203,-0.525,-0.145,-0.239,0.025,0.659,-0.375,0.515,0.017,0.252,0.123,-0.047,0.691,-0.281,0.528,0.252,-0.037,0.409,-0.307,-0.04,0.26,0.512,0.113,-0.291,0.291,0.556,0.395,0.455,-0.06,0.408,0.818,0.351,-0.234,0.066,0.034,0.105,0.309,0.393,0.691,0.422,0.011,0.438,0.671,0.678,-0.265
INTC,0.149,0.267,0.183,0.65,0.399,0.296,0.179,0.383,0.559,0.133,0.331,0.383,0.143,0.278,0.092,0.295,0.262,0.142,0.475,0.208,0.037,0.215,0.516,0.248,0.112,0.151,0.326,0.279,0.296,0.206,0.348,0.332,0.332,0.172,0.153,0.248,1.0,0.143,0.317,0.196,0.408,0.38,0.378,0.444,0.085,0.105,0.434,0.251,0.165,0.578,0.014,0.418,0.403,0.299,0.532,-0.158,0.161,0.108,-0.031,0.489,0.243,0.047,0.35,0.018,0.141,0.065,0.271,0.129,0.066,0.278,0.424,0.437,0.138,0.148,0.09,0.586,0.227,0.322,0.152,0.147,0.153,0.396,0.312,-0.296,0.317,0.249,0.223,0.334,0.243,0.39,0.132,0.481,0.114,0.273,0.223,-0.015,0.193,0.229,0.337,0.298
IOVA,-0.106,-0.202,-0.25,0.373,0.696,0.436,-0.262,0.401,-0.142,0.07,0.574,0.547,-0.307,-0.003,-0.228,0.032,-0.478,0.192,0.295,-0.225,-0.08,0.109,0.175,0.016,-0.292,-0.539,-0.141,-0.117,0.092,-0.311,0.21,-0.167,-0.143,-0.109,-0.369,-0.255,0.143,1.0,0.552,-0.321,0.558,0.004,0.062,0.422,0.145,-0.186,-0.213,0.318,-0.299,0.134,0.244,0.335,0.002,0.449,-0.37,-0.394,0.332,0.069,0.606,0.129,-0.08,0.204,-0.284,0.137,-0.063,0.085,0.081,-0.297,0.438,-0.271,0.407,0.524,-0.391,-0.136,-0.182,-0.072,-0.3,0.061,0.349,-0.055,-0.505,0.385,-0.263,-0.426,-0.567,-0.348,0.029,0.433,-0.117,0.197,-0.218,0.085,-0.12,-0.441,-0.458,0.302,0.221,-0.173,-0.252,0.523
IQ,0.236,-0.293,-0.318,0.448,0.577,0.261,-0.422,0.069,-0.275,-0.184,0.803,0.696,-0.52,-0.14,-0.569,0.165,-0.629,-0.28,0.126,-0.513,-0.42,-0.243,0.247,0.284,-0.521,-0.616,0.079,-0.376,-0.037,-0.444,0.025,-0.288,-0.301,0.008,-0.435,-0.334,0.317,0.552,1.0,-0.072,0.601,-0.01,-0.101,0.492,-0.192,-0.375,-0.321,0.634,-0.504,0.333,-0.118,-0.046,-0.006,0.143,-0.161,-0.472,0.299,0.577,0.328,-0.019,-0.104,0.528,-0.418,-0.371,-0.394,-0.271,-0.103,-0.447,-0.001,-0.415,0.459,0.457,-0.585,-0.118,-0.444,-0.085,-0.372,-0.227,0.134,-0.478,-0.47,0.088,-0.431,-0.003,-0.546,-0.485,-0.426,0.329,-0.47,-0.016,-0.542,-0.186,0.238,-0.408,-0.413,-0.226,0.205,-0.28,-0.193,0.243
JBLU,0.852,-0.163,0.014,0.177,-0.234,-0.337,-0.063,-0.266,0.179,-0.333,0.059,-0.348,0.147,-0.085,-0.119,0.473,0.181,-0.505,0.165,0.228,-0.405,-0.38,0.048,0.55,0.252,0.332,-0.044,-0.188,-0.171,0.268,0.01,-0.0,0.022,0.672,0.404,0.702,0.196,-0.321,-0.072,1.0,-0.179,0.321,0.035,0.221,0.231,-0.104,0.297,0.297,-0.088,0.335,-0.553,-0.183,-0.234,0.238,0.569,-0.266,-0.498,0.319,-0.381,-0.287,0.58,-0.033,0.259,-0.343,-0.146,-0.198,-0.351,0.499,-0.612,0.316,0.392,-0.208,0.145,-0.27,-0.29,0.102,0.24,-0.099,-0.499,-0.071,0.398,0.051,0.259,0.179,0.256,0.512,-0.033,-0.31,-0.317,-0.089,-0.153,-0.056,0.778,0.533,0.253,-0.358,0.462,0.59,0.649,-0.489
JD,-0.003,0.05,-0.206,0.607,0.819,0.572,-0.327,0.522,0.151,0.022,0.642,0.514,-0.252,0.027,-0.312,0.246,-0.302,0.095,0.494,-0.195,-0.171,0.028,0.442,0.189,-0.211,-0.292,0.214,0.01,0.159,-0.293,0.178,-0.027,-0.046,0.036,-0.397,-0.146,0.408,0.558,0.601,-0.179,1.0,0.147,0.145,0.556,0.0,-0.08,-0.101,0.457,-0.296,0.376,0.264,0.315,0.294,0.361,-0.014,-0.302,0.528,0.29,0.4,0.476,-0.075,0.418,-0.133,-0.063,-0.063,-0.022,0.195,-0.31,0.328,-0.257,0.537,0.782,-0.429,0.118,-0.099,0.193,-0.177,0.16,0.541,-0.071,-0.371,0.335,-0.135,-0.417,-0.329,-0.305,-0.173,0.606,-0.204,0.32,-0.262,0.266,-0.019,-0.25,-0.227,0.084,0.276,-0.147,-0.059,0.448
KDP,0.258,0.005,-0.006,0.361,0.062,-0.188,-0.144,0.102,0.276,-0.236,0.012,-0.073,0.026,-0.032,-0.067,0.362,0.186,-0.168,0.334,0.278,-0.069,-0.162,-0.056,0.403,0.107,0.259,0.158,0.058,0.083,0.0,-0.243,-0.033,-0.013,0.407,0.282,0.318,0.38,0.004,-0.01,0.321,0.147,1.0,0.048,0.312,0.279,0.194,0.316,0.321,-0.093,0.438,-0.301,0.109,-0.091,0.346,0.425,-0.194,-0.312,0.11,-0.246,0.152,0.402,-0.21,0.2,-0.215,-0.179,-0.153,0.016,0.264,-0.262,0.249,0.472,0.058,-0.091,0.069,-0.004,0.2,0.114,0.184,-0.243,-0.066,0.092,0.113,0.275,-0.133,0.242,0.183,0.237,0.089,-0.015,-0.041,-0.078,0.127,0.292,0.309,0.216,-0.103,0.435,0.31,0.453,-0.027
KHC,-0.073,0.413,0.64,0.264,0.285,0.545,0.618,0.639,0.6,0.626,0.117,0.007,0.424,0.418,0.405,0.351,0.489,0.501,0.585,0.649,0.402,0.617,0.364,0.021,0.494,0.442,0.04,0.654,0.369,0.546,0.552,0.545,0.546,0.188,0.453,0.41,0.378,0.062,-0.101,0.035,0.145,0.048,1.0,0.059,0.363,0.109,0.758,-0.242,0.481,0.105,0.43,0.681,0.537,0.412,0.284,0.054,0.144,-0.284,0.163,0.632,0.214,-0.174,0.648,0.512,0.665,0.606,0.599,0.475,0.417,0.598,0.153,0.484,0.494,0.007,0.368,0.625,0.633,0.41,0.453,0.625,0.333,0.673,0.619,-0.288,0.208,0.497,0.626,0.216,0.559,0.631,0.441,0.67,-0.224,0.35,0.532,0.566,0.146,0.468,0.167,0.315
LRCX,0.448,-0.217,-0.211,0.875,0.479,0.202,-0.318,0.282,0.21,-0.301,0.689,0.437,-0.087,-0.25,-0.259,0.49,-0.282,-0.323,0.57,0.117,-0.417,-0.288,0.248,0.526,-0.138,-0.219,-0.059,-0.279,-0.226,-0.281,0.124,-0.261,-0.279,0.535,-0.001,0.143,0.444,0.422,0.492,0.221,0.556,0.312,0.059,1.0,0.288,-0.108,0.018,0.542,-0.34,0.297,-0.192,0.262,-0.153,0.578,0.244,-0.515,-0.071,0.4,0.252,0.039,0.468,0.292,-0.037,-0.362,-0.346,-0.269,-0.199,0.03,-0.041,-0.165,0.561,0.475,-0.351,-0.312,-0.384,0.079,-0.18,-0.023,-0.077,-0.175,-0.305,0.378,-0.122,-0.261,-0.275,-0.007,-0.103,0.233,-0.369,0.116,-0.319,0.23,0.465,0.221,-0.23,-0.048,0.621,0.255,0.525,0.155
LYFT,0.227,-0.203,0.213,0.247,0.016,-0.001,0.177,0.194,0.315,-0.015,0.039,-0.111,0.336,0.134,0.174,0.325,0.145,0.126,0.528,0.45,0.114,-0.018,-0.066,0.427,0.465,0.332,0.063,0.084,-0.161,0.113,0.126,-0.121,-0.096,0.501,0.497,0.462,0.085,0.145,-0.192,0.231,0.0,0.279,0.363,0.288,1.0,0.267,0.44,-0.149,-0.099,-0.049,0.084,0.342,-0.262,0.615,0.162,-0.348,-0.368,-0.294,0.193,0.062,0.51,-0.389,0.367,0.09,0.158,0.391,0.212,0.751,0.111,0.463,0.148,0.231,0.119,-0.075,0.258,0.033,0.299,0.332,0.009,0.383,0.059,0.531,0.447,-0.378,0.009,0.385,0.435,0.293,0.071,0.052,0.121,0.324,0.18,0.271,0.297,0.349,0.465,0.573,0.399,0.065
MARA,-0.307,0.411,0.292,0.144,-0.235,-0.045,0.319,0.195,0.326,0.31,-0.314,-0.072,0.219,0.457,0.302,-0.254,0.427,0.351,-0.017,0.225,0.601,0.347,-0.102,-0.257,0.131,0.378,0.587,0.383,0.348,0.227,-0.078,0.389,0.403,-0.067,0.095,0.059,0.105,-0.186,-0.375,-0.104,-0.08,0.194,0.109,-0.108,0.267,1.0,0.339,-0.396,0.427,0.143,0.186,0.24,0.31,0.043,0.262,0.411,-0.031,-0.306,-0.29,0.324,-0.17,-0.251,0.335,0.203,0.191,0.375,0.541,0.372,0.104,0.448,-0.168,-0.046,0.23,0.694,0.718,0.423,0.273,0.766,0.188,0.431,0.223,0.153,0.421,-0.184,0.473,0.329,0.226,0.377,0.397,0.131,0.645,0.229,-0.334,0.242,0.562,0.035,-0.223,0.172,0.108,0.102
MCHP,0.065,0.504,0.773,0.26,-0.036,0.192,0.753,0.517,0.782,0.475,-0.165,-0.16,0.621,0.443,0.509,0.264,0.693,0.382,0.539,0.758,0.399,0.481,0.161,0.17,0.677,0.698,0.199,0.59,0.42,0.682,0.315,0.629,0.647,0.291,0.707,0.595,0.434,-0.213,-0.321,0.297,-0.101,0.316,0.758,0.018,0.44,0.339,1.0,-0.364,0.576,0.203,0.188,0.597,0.453,0.324,0.646,0.174,-0.156,-0.423,-0.187,0.538,0.387,-0.455,0.914,0.436,0.655,0.578,0.588,0.711,0.163,0.866,0.095,0.221,0.659,0.112,0.504,0.709,0.81,0.469,0.126,0.69,0.613,0.532,0.787,-0.206,0.549,0.756,0.703,0.134,0.59,0.508,0.57,0.659,-0.067,0.652,0.776,0.364,0.206,0.521,0.495,0.081
MDLZ,0.481,-0.31,-0.539,0.446,0.385,-0.021,-0.656,-0.135,-0.246,-0.5,0.678,0.275,-0.516,-0.331,-0.57,0.52,-0.424,-0.61,0.184,-0.307,-0.659,-0.415,0.111,0.456,-0.453,-0.424,-0.025,-0.504,-0.178,-0.463,-0.022,-0.381,-0.398,0.424,-0.285,0.006,0.251,0.318,0.634,0.297,0.457,0.321,-0.242,0.542,-0.149,-0.396,-0.364,1.0,-0.525,0.438,-0.413,-0.338,-0.206,0.27,0.054,-0.547,-0.021,0.774,0.088,-0.242,0.209,0.385,-0.491,-0.606,-0.581,-0.614,-0.463,-0.316,-0.372,-0.444,0.706,0.163,-0.532,-0.278,-0.638,-0.123,-0.444,-0.332,-0.239,-0.614,-0.409,-0.014,-0.409,0.206,-0.378,-0.311,-0.451,0.011,-0.639,-0.208,-0.6,-0.339,0.481,-0.075,-0.418,-0.431,0.431,-0.026,0.127,-0.022
META,-0.426,0.729,0.588,-0.076,-0.175,0.284,0.746,0.33,0.516,0.661,-0.341,-0.257,0.515,0.53,0.639,-0.24,0.67,0.566,0.013,0.538,0.682,0.739,0.194,-0.534,0.305,0.516,0.179,0.748,0.491,0.682,0.32,0.867,0.854,-0.233,0.297,0.167,0.165,-0.299,-0.504,-0.088,-0.296,-0.093,0.481,-0.34,-0.099,0.427,0.576,-0.525,1.0,0.01,0.388,0.44,0.7,-0.075,0.29,0.58,0.204,-0.385,-0.276,0.499,-0.205,-0.298,0.624,0.583,0.637,0.479,0.518,0.253,0.242,0.604,-0.318,-0.131,0.743,0.358,0.666,0.687,0.487,0.513,0.259,0.57,0.516,0.225,0.521,0.051,0.607,0.541,0.523,0.041,0.745,0.525,0.835,0.484,-0.44,0.389,0.559,0.355,-0.383,0.07,0.014,0.139
MNST,0.287,0.309,-0.113,0.458,0.217,0.178,-0.147,0.182,0.304,0.016,0.299,0.141,-0.17,0.337,-0.256,0.28,0.068,-0.153,0.292,-0.033,-0.141,-0.031,0.288,0.186,-0.106,0.063,0.432,0.006,0.509,0.048,0.039,0.241,0.24,0.189,-0.061,0.21,0.578,0.134,0.333,0.335,0.376,0.438,0.105,0.297,-0.049,0.143,0.203,0.438,0.01,1.0,-0.217,0.031,0.368,0.173,0.492,-0.11,0.128,0.44,-0.237,0.276,0.087,0.162,0.119,-0.159,-0.016,-0.119,0.145,0.049,-0.207,0.22,0.553,0.281,-0.146,0.255,-0.01,0.514,0.068,0.21,0.062,-0.083,0.279,0.054,0.147,-0.039,0.193,0.112,-0.036,0.256,-0.113,0.341,-0.06,0.22,0.243,0.154,0.197,-0.325,0.273,0.118,0.294,-0.002
MRNA,-0.678,0.398,0.337,-0.064,0.372,0.64,0.362,0.56,0.189,0.569,-0.017,0.234,0.225,0.435,0.318,-0.329,0.179,0.776,0.23,0.159,0.626,0.67,0.441,-0.487,0.139,0.072,0.276,0.551,0.332,0.312,0.549,0.443,0.438,-0.471,-0.112,-0.257,0.014,0.244,-0.118,-0.553,0.264,-0.301,0.43,-0.192,0.084,0.186,0.188,-0.413,0.388,-0.217,1.0,0.565,0.554,0.035,-0.287,0.256,0.617,-0.444,0.521,0.626,-0.339,0.022,0.168,0.737,0.634,0.685,0.67,-0.01,0.813,0.248,-0.238,0.442,0.232,0.342,0.617,0.246,0.182,0.458,0.805,0.567,-0.06,0.36,0.288,-0.352,0.077,-0.025,0.327,0.498,0.514,0.488,0.461,0.485,-0.675,-0.207,0.124,0.682,-0.376,-0.196,-0.397,0.424
MRVL,-0.272,0.33,0.467,0.39,0.494,0.638,0.488,0.755,0.564,0.541,0.151,0.235,0.423,0.36,0.457,-0.009,0.375,0.651,0.577,0.5,0.461,0.568,0.398,-0.139,0.376,0.309,0.092,0.642,0.373,0.437,0.408,0.532,0.531,-0.039,0.262,0.127,0.418,0.335,-0.046,-0.183,0.315,0.109,0.681,0.262,0.342,0.24,0.597,-0.338,0.44,0.031,0.565,1.0,0.476,0.441,0.184,0.024,0.341,-0.431,0.347,0.745,0.101,-0.163,0.588,0.617,0.519,0.561,0.577,0.277,0.656,0.465,0.098,0.558,0.371,0.087,0.438,0.515,0.433,0.522,0.588,0.68,0.116,0.633,0.477,-0.574,0.161,0.345,0.653,0.433,0.605,0.666,0.487,0.777,-0.295,0.174,0.3,0.692,0.064,0.187,0.131,0.508
MSFT,-0.461,0.838,0.438,0.19,0.306,0.629,0.504,0.576,0.532,0.719,0.04,0.159,0.195,0.63,0.268,-0.12,0.418,0.565,0.258,0.224,0.519,0.712,0.476,-0.415,0.125,0.314,0.46,0.657,0.748,0.452,0.451,0.834,0.816,-0.332,-0.053,-0.014,0.403,0.002,-0.006,-0.234,0.294,-0.091,0.537,-0.153,-0.262,0.31,0.453,-0.206,0.7,0.368,0.554,0.476,1.0,-0.055,0.299,0.462,0.596,-0.157,-0.067,0.811,-0.411,0.035,0.42,0.533,0.618,0.501,0.717,-0.02,0.401,0.437,0.003,0.392,0.358,0.502,0.576,0.815,0.405,0.499,0.644,0.464,0.378,0.288,0.384,-0.118,0.405,0.225,0.255,0.397,0.523,0.709,0.611,0.541,-0.53,0.125,0.447,0.252,-0.299,-0.098,-0.137,0.266
MSTR,0.31,-0.208,0.102,0.554,0.473,0.201,-0.04,0.329,0.324,-0.021,0.503,0.125,0.109,-0.019,0.017,0.472,0.042,0.069,0.621,0.353,-0.119,0.088,0.209,0.428,0.213,0.082,-0.096,0.125,-0.046,0.052,0.32,0.019,0.034,0.529,0.244,0.505,0.299,0.449,0.143,0.238,0.361,0.346,0.412,0.578,0.615,0.043,0.324,0.27,-0.075,0.173,0.035,0.441,-0.055,1.0,0.22,-0.456,-0.157,-0.045,0.326,0.172,0.452,-0.109,0.247,0.051,0.019,0.182,0.073,0.388,0.137,0.202,0.558,0.436,-0.026,-0.291,-0.071,0.145,0.136,0.253,0.085,0.159,-0.057,0.745,0.214,-0.409,-0.11,0.391,0.292,0.254,-0.019,0.175,-0.045,0.379,0.217,0.233,0.046,0.298,0.501,0.416,0.398,0.274
MU,0.398,0.374,0.35,0.417,-0.106,-0.107,0.33,0.136,0.684,0.058,-0.016,-0.174,0.315,0.169,0.113,0.369,0.484,-0.138,0.419,0.453,-0.117,-0.017,0.111,0.389,0.431,0.621,0.279,0.157,0.274,0.368,0.01,0.387,0.38,0.473,0.51,0.647,0.532,-0.37,-0.161,0.569,-0.014,0.425,0.284,0.244,0.162,0.262,0.646,0.054,0.29,0.492,-0.287,0.184,0.299,0.22,1.0,0.006,-0.264,0.009,-0.392,0.273,0.441,-0.289,0.596,-0.038,0.215,0.016,0.137,0.467,-0.247,0.533,0.227,0.033,0.335,0.048,0.102,0.611,0.507,0.193,-0.249,0.293,0.636,0.181,0.384,0.012,0.619,0.674,0.216,-0.108,0.091,0.197,0.265,0.404,0.314,0.66,0.53,-0.172,0.281,0.45,0.736,-0.293
MVIS,-0.47,0.603,0.335,-0.311,-0.355,-0.026,0.401,0.057,0.131,0.489,-0.561,-0.181,0.155,0.386,0.301,-0.429,0.335,0.37,-0.351,0.077,0.613,0.417,-0.073,-0.544,-0.022,0.249,0.227,0.382,0.515,0.347,-0.015,0.494,0.492,-0.458,-0.121,-0.203,-0.158,-0.394,-0.472,-0.266,-0.302,-0.194,0.054,-0.515,-0.348,0.411,0.174,-0.547,0.58,-0.11,0.256,0.024,0.462,-0.456,0.006,1.0,0.137,-0.327,-0.355,0.242,-0.472,-0.009,0.25,0.421,0.373,0.274,0.382,-0.022,0.118,0.287,-0.393,-0.241,0.315,0.539,0.552,0.34,0.294,0.273,0.202,0.309,0.306,-0.176,0.369,0.144,0.382,0.084,0.116,0.01,0.454,0.273,0.636,0.057,-0.484,0.101,0.476,0.004,-0.361,-0.054,-0.187,-0.093
NFLX,-0.528,0.385,-0.112,0.012,0.599,0.727,0.023,0.438,0.065,0.46,0.215,0.357,-0.047,0.397,0.014,-0.304,-0.103,0.444,0.049,-0.297,0.255,0.436,0.469,-0.515,-0.264,-0.262,0.312,0.316,0.393,0.052,0.294,0.369,0.342,-0.577,-0.519,-0.525,0.161,0.332,0.299,-0.498,0.528,-0.312,0.144,-0.071,-0.368,-0.031,-0.156,-0.021,0.204,0.128,0.617,0.341,0.596,-0.157,-0.264,0.137,1.0,0.085,0.351,0.604,-0.579,0.403,-0.067,0.385,0.269,0.233,0.407,-0.476,0.577,-0.131,-0.006,0.465,-0.067,0.382,0.27,0.276,-0.176,0.25,0.772,0.099,-0.218,0.067,-0.084,-0.284,-0.101,-0.344,-0.088,0.445,0.24,0.504,0.189,0.3,-0.407,-0.483,-0.147,0.323,-0.422,-0.459,-0.549,0.469
NNDM,0.443,-0.216,-0.564,0.291,0.151,-0.053,-0.586,-0.244,-0.305,-0.419,0.504,0.192,-0.45,-0.2,-0.571,0.38,-0.398,-0.613,-0.055,-0.365,-0.516,-0.428,0.064,0.233,-0.57,-0.417,0.112,-0.434,-0.141,-0.409,-0.166,-0.325,-0.365,0.292,-0.342,-0.145,0.108,0.069,0.577,0.319,0.29,0.11,-0.284,0.4,-0.294,-0.306,-0.423,0.774,-0.385,0.44,-0.444,-0.431,-0.157,-0.045,0.009,-0.327,0.085,1.0,-0.088,-0.271,0.067,0.619,-0.475,-0.618,-0.582,-0.602,-0.463,-0.3,-0.472,-0.393,0.509,0.021,-0.508,-0.063,-0.508,-0.074,-0.422,-0.242,-0.209,-0.632,-0.258,-0.255,-0.375,0.344,-0.278,-0.337,-0.512,-0.019,-0.58,-0.125,-0.497,-0.345,0.541,-0.106,-0.311,-0.498,0.229,-0.013,0.071,-0.131
NVAX,-0.207,-0.32,-0.031,0.133,0.586,0.395,-0.111,0.321,-0.127,0.065,0.444,0.446,-0.064,-0.149,-0.151,-0.038,-0.353,0.313,0.354,-0.135,-0.076,0.113,0.269,0.016,-0.012,-0.384,-0.149,-0.074,-0.13,-0.178,0.303,-0.214,-0.224,-0.1,-0.124,-0.239,-0.031,0.606,0.328,-0.381,0.4,-0.246,0.163,0.252,0.193,-0.29,-0.187,0.088,-0.276,-0.237,0.521,0.347,-0.067,0.326,-0.392,-0.355,0.351,-0.088,1.0,0.122,0.054,0.072,-0.236,0.346,0.161,0.205,0.08,-0.19,0.703,-0.235,0.064,0.488,-0.231,-0.271,-0.107,-0.255,-0.147,-0.08,0.412,0.163,-0.466,0.343,-0.229,-0.382,-0.387,-0.221,0.076,0.263,-0.033,0.097,-0.198,0.215,-0.179,-0.349,-0.38,0.521,0.046,-0.141,-0.272,0.368
NVDA,-0.462,0.65,0.404,0.293,0.501,0.679,0.428,0.742,0.638,0.615,0.035,0.205,0.342,0.554,0.327,0.025,0.457,0.659,0.518,0.365,0.505,0.62,0.515,-0.235,0.286,0.394,0.46,0.737,0.623,0.383,0.399,0.675,0.663,-0.208,0.082,0.025,0.489,0.129,-0.019,-0.287,0.476,0.152,0.632,0.039,0.062,0.324,0.538,-0.242,0.499,0.276,0.626,0.745,0.811,0.172,0.273,0.242,0.604,-0.271,0.122,1.0,-0.191,-0.02,0.514,0.552,0.579,0.557,0.767,0.12,0.557,0.46,0.113,0.616,0.275,0.435,0.59,0.698,0.436,0.581,0.753,0.548,0.243,0.443,0.499,-0.462,0.359,0.214,0.459,0.552,0.6,0.712,0.523,0.753,-0.455,0.088,0.43,0.488,-0.121,0.05,-0.04,0.429
NWL,0.614,-0.252,0.126,0.352,-0.095,-0.246,0.033,0.063,0.307,-0.377,0.127,-0.176,0.29,-0.306,0.101,0.634,0.227,-0.28,0.497,0.532,-0.362,-0.277,-0.005,0.673,0.447,0.29,-0.283,-0.171,-0.324,0.091,0.074,-0.233,-0.227,0.77,0.673,0.659,0.243,-0.08,-0.104,0.58,-0.075,0.402,0.214,0.468,0.51,-0.17,0.387,0.209,-0.205,0.087,-0.339,0.101,-0.411,0.452,0.441,-0.472,-0.579,0.067,0.054,-0.191,1.0,-0.242,0.298,-0.195,-0.016,-0.181,-0.299,0.526,-0.212,0.231,0.325,0.035,0.153,-0.523,-0.321,-0.046,0.243,-0.141,-0.457,0.112,0.153,0.239,0.195,-0.083,0.125,0.492,0.32,-0.276,-0.097,-0.102,-0.218,0.229,0.586,0.627,0.137,0.019,0.632,0.598,0.779,-0.174
OCGN,0.141,-0.037,-0.481,0.17,0.31,0.237,-0.525,-0.086,-0.335,-0.162,0.44,0.404,-0.468,-0.035,-0.508,0.04,-0.452,-0.231,-0.195,-0.44,-0.162,-0.202,0.375,-0.101,-0.649,-0.499,0.128,-0.196,-0.033,-0.296,0.104,-0.166,-0.18,-0.137,-0.597,-0.375,0.047,0.204,0.528,-0.033,0.418,-0.21,-0.174,0.292,-0.389,-0.251,-0.455,0.385,-0.298,0.162,0.022,-0.163,0.035,-0.109,-0.289,-0.009,0.403,0.619,0.072,-0.02,-0.242,1.0,-0.417,-0.301,-0.4,-0.293,-0.136,-0.455,-0.114,-0.406,0.288,0.253,-0.566,0.132,-0.293,-0.12,-0.449,-0.08,0.249,-0.486,-0.364,-0.131,-0.298,0.105,-0.413,-0.46,-0.514,0.181,-0.39,0.101,-0.338,-0.216,0.21,-0.322,-0.33,-0.294,-0.046,-0.172,-0.144,0.038
ON,0.04,0.496,0.735,0.159,-0.103,0.153,0.763,0.443,0.795,0.472,-0.272,-0.223,0.724,0.391,0.562,0.15,0.711,0.381,0.411,0.707,0.382,0.429,0.161,0.062,0.704,0.674,0.144,0.577,0.361,0.683,0.232,0.638,0.646,0.176,0.671,0.515,0.35,-0.284,-0.418,0.259,-0.133,0.2,0.648,-0.037,0.367,0.335,0.914,-0.491,0.624,0.119,0.168,0.588,0.42,0.247,0.596,0.25,-0.067,-0.475,-0.236,0.514,0.298,-0.417,1.0,0.443,0.633,0.538,0.518,0.635,0.186,0.769,-0.024,0.121,0.7,0.104,0.515,0.661,0.782,0.418,0.125,0.685,0.621,0.465,0.7,-0.217,0.551,0.734,0.635,0.089,0.625,0.492,0.595,0.71,-0.025,0.591,0.741,0.353,0.08,0.423,0.439,0.035
