,AAL,AAPL,AGNC,AMAT,AMD,AMZN,APA,ARDX,AVGO,AZN,BIDU,BILI,BKR,CAN,CHRD,CMCSA,CPRT,CRWD,CSCO,CSX,DKNG,EBAY,ERIC,EXC,FITB,FLEX,FTNT,GEN,GERN,GEVO,GILD,GOOG,GOOGL,GT,HBAN,HST,INTC,IOVA,IQ,JBLU,JD,KDP,KHC,LRCX,LYFT,MARA,MCHP,MDLZ,META,MNST,MRNA,MRVL,MSFT,MSTR,MU,MVIS,NFLX,NNDM,NVAX,NVDA,NWL,OCGN,ON,OPK,PAA,PACB,PANW,PARA,PDD,PENN,PEP,PLUG,PTEN,PTON,PYPL,QCOM,QVCGA,RIOT,ROKU,RUN,SABR,SBUX,SMCI,SNDL,STNE,TCOM,TLRY,TMUS,TSCO,TSLA,TTD,TXN,UAL,VOD,VTRS,VXRT,WBA,WBD,WDC,ZM
AAL,1.0,-0.116,-0.172,-0.25,-0.514,-0.34,-0.267,0.338,0.106,0.031,0.213,0.137,-0.114,-0.43,0.597,-0.247,-0.224,-0.251,-0.283,0.02,-0.206,0.247,-0.357,-0.087,-0.083,-0.18,-0.185,-0.365,0.348,0.249,0.357,-0.148,-0.159,0.097,-0.132,0.663,0.293,0.196,0.461,0.784,-0.056,-0.447,-0.256,-0.466,0.385,-0.425,0.409,-0.286,-0.004,-0.421,0.014,0.099,0.152,-0.119,0.002,-0.023,0.259,-0.34,-0.359,-0.42,-0.269,-0.421,-0.009,-0.496,0.369,0.45,-0.477,0.034,0.117,-0.029,-0.293,0.536,-0.234,-0.409,-0.475,-0.362,-0.166,-0.298,-0.193,-0.278,0.727,-0.17,-0.266,0.455,-0.327,0.11,0.298,0.037,-0.252,-0.07,0.073,-0.014,0.859,0.162,0.41,0.105,0.411,0.489,0.223,-0.005
AAPL,-0.116,1.0,0.204,0.465,0.131,0.601,0.289,-0.153,0.387,0.213,0.014,0.063,-0.096,0.097,-0.222,0.143,0.117,0.165,0.116,0.175,0.038,0.146,0.037,0.295,0.199,0.452,-0.05,0.158,-0.122,-0.149,-0.022,0.335,0.309,0.117,0.016,0.267,0.083,0.389,0.112,0.045,0.23,0.145,0.149,0.499,-0.208,0.189,0.177,0.091,0.793,0.159,0.242,0.371,0.235,0.333,0.087,0.149,0.177,-0.107,0.122,0.54,0.116,-0.034,0.321,0.038,-0.172,0.254,0.328,0.27,0.235,0.223,0.059,-0.171,-0.066,0.365,0.36,0.524,0.101,-0.003,0.333,0.212,0.059,-0.001,0.453,0.075,0.18,-0.135,0.02,0.212,0.163,0.347,0.291,0.268,-0.137,0.075,0.191,0.207,-0.15,0.061,0.078,0.044
AGNC,-0.172,0.204,1.0,0.178,0.587,-0.154,0.617,-0.276,-0.452,0.502,-0.732,-0.713,0.494,0.629,0.074,0.807,0.726,-0.367,0.287,0.763,0.612,-0.464,0.634,0.598,0.699,0.807,-0.38,0.568,-0.729,-0.506,-0.275,0.327,0.252,0.806,0.721,-0.048,-0.432,-0.193,-0.665,0.025,-0.456,0.747,0.772,0.691,-0.211,0.583,-0.51,0.843,-0.187,0.689,0.578,-0.544,-0.562,0.491,0.314,0.495,-0.473,0.526,0.642,0.292,0.765,0.58,0.41,0.652,-0.488,0.082,0.348,0.68,-0.537,0.8,0.589,-0.536,0.703,0.166,0.214,0.215,0.422,0.415,0.472,0.726,-0.251,0.707,0.41,-0.412,0.664,0.344,-0.237,-0.341,0.654,0.289,-0.427,0.241,0.182,0.167,0.186,0.303,0.031,0.507,0.374,-0.579
AMAT,-0.25,0.465,0.178,1.0,0.281,0.456,0.314,0.018,0.37,0.139,0.11,0.198,-0.044,0.332,-0.047,0.149,0.289,0.331,0.265,0.144,0.287,-0.133,0.246,0.149,0.042,0.229,0.207,0.25,-0.145,-0.034,-0.104,0.347,0.371,0.003,0.046,0.011,0.226,0.286,0.166,-0.14,0.305,0.113,0.012,0.528,0.227,0.253,0.1,0.097,0.364,0.279,0.037,0.157,0.296,0.504,0.462,0.027,-0.144,0.279,0.162,0.505,0.107,0.181,0.17,0.271,-0.026,0.127,0.4,0.1,0.233,0.224,0.051,0.043,0.115,0.315,0.503,0.457,0.133,0.225,0.094,-0.001,0.031,0.253,0.477,-0.138,0.341,0.133,0.05,0.401,0.201,0.299,0.409,0.202,-0.192,0.266,0.072,-0.088,0.052,-0.056,0.226,0.286
AMD,-0.514,0.131,0.587,0.281,1.0,-0.039,0.491,-0.682,-0.383,0.138,-0.62,-0.511,0.269,0.705,-0.387,0.697,0.756,0.017,0.246,0.289,0.336,-0.599,0.468,0.278,0.583,0.52,-0.104,0.716,-0.759,-0.549,-0.688,-0.067,-0.109,0.375,0.489,-0.354,-0.559,-0.406,-0.657,-0.473,-0.215,0.67,0.457,0.694,-0.337,0.837,-0.611,0.687,-0.267,0.62,0.207,-0.445,-0.46,0.41,0.173,0.102,-0.45,0.518,0.474,0.426,0.644,0.759,0.019,0.59,-0.625,-0.353,0.369,0.374,-0.279,0.47,0.57,-0.713,0.706,0.324,0.509,0.483,0.703,0.626,0.287,0.397,-0.566,0.605,0.463,-0.612,0.725,0.255,-0.104,-0.105,0.567,0.046,-0.409,-0.056,-0.234,-0.265,-0.131,-0.192,-0.203,-0.028,0.084,-0.451
AMZN,-0.34,0.601,-0.154,0.456,-0.039,1.0,0.033,-0.026,0.546,-0.007,0.316,0.433,-0.259,0.099,-0.253,-0.191,-0.145,0.584,0.274,-0.194,-0.067,0.257,0.02,-0.174,-0.195,0.014,0.495,-0.022,0.06,0.005,0.001,0.454,0.464,-0.14,-0.264,-0.181,0.045,0.339,0.168,-0.286,0.595,-0.024,-0.138,0.246,0.071,-0.05,0.259,-0.19,0.677,0.012,-0.081,0.58,0.522,0.077,0.208,-0.141,0.396,-0.097,-0.038,0.651,-0.148,-0.112,0.284,0.046,0.049,-0.06,0.575,-0.134,0.375,-0.108,0.029,0.03,-0.209,0.667,0.357,0.308,-0.201,-0.054,0.335,-0.021,-0.033,-0.136,0.237,-0.093,0.087,-0.189,0.029,0.405,-0.04,0.372,0.628,0.195,-0.413,-0.156,-0.249,-0.054,-0.305,-0.311,-0.156,0.639
APA,-0.267,0.289,0.617,0.314,0.491,0.033,1.0,-0.344,-0.251,0.385,-0.494,-0.494,0.378,0.543,0.117,0.618,0.597,-0.245,0.178,0.488,0.414,-0.529,0.556,0.462,0.611,0.806,-0.311,0.473,-0.49,-0.338,-0.388,0.157,0.118,0.482,0.527,0.018,-0.392,-0.287,-0.483,-0.067,-0.369,0.592,0.63,0.793,-0.145,0.376,-0.387,0.642,-0.022,0.615,0.315,-0.372,-0.452,0.487,0.281,0.338,-0.462,0.46,0.517,0.2,0.657,0.359,0.276,0.588,-0.412,-0.025,0.329,0.63,-0.356,0.621,0.408,-0.423,0.497,0.14,0.489,0.676,0.427,0.12,0.273,0.448,-0.181,0.532,0.483,-0.458,0.582,0.05,-0.345,-0.21,0.463,0.132,-0.307,0.097,0.016,0.158,0.134,0.157,0.033,0.434,0.281,-0.365
ARDX,0.338,-0.153,-0.276,0.018,-0.682,-0.026,-0.344,1.0,0.509,-0.106,0.566,0.386,0.079,-0.483,0.418,-0.448,-0.457,-0.057,0.024,0.044,-0.029,0.431,-0.267,-0.142,-0.372,-0.355,0.201,-0.584,0.669,0.427,0.718,0.213,0.286,-0.272,-0.245,0.252,0.59,0.465,0.569,0.472,0.266,-0.401,-0.326,-0.463,0.626,-0.639,0.552,-0.441,0.192,-0.41,-0.257,0.33,0.443,-0.169,0.095,-0.06,0.022,-0.139,-0.394,-0.315,-0.357,-0.546,-0.023,-0.335,0.669,0.335,-0.276,-0.271,0.193,-0.274,-0.525,0.731,-0.418,-0.398,-0.308,-0.439,-0.671,-0.37,-0.356,-0.248,0.438,-0.256,-0.311,0.442,-0.465,0.008,-0.057,0.188,-0.416,-0.145,0.5,0.2,0.209,0.471,0.085,0.046,0.488,0.07,0.135,0.346
AVGO,0.106,0.387,-0.452,0.37,-0.383,0.546,-0.251,0.509,1.0,-0.308,0.737,0.674,-0.298,-0.366,-0.046,-0.563,-0.396,0.521,0.076,-0.272,-0.229,0.474,-0.473,-0.336,-0.441,-0.304,0.572,-0.378,0.553,0.202,0.356,0.155,0.235,-0.495,-0.513,0.233,0.44,0.573,0.671,0.161,0.717,-0.383,-0.541,-0.169,0.445,-0.291,0.657,-0.554,0.657,-0.447,-0.467,0.724,0.744,-0.028,0.097,-0.394,0.288,-0.36,-0.553,0.191,-0.453,-0.415,-0.079,-0.447,0.507,0.081,0.054,-0.435,0.618,-0.382,-0.47,0.54,-0.45,0.146,0.25,0.165,-0.335,-0.108,-0.195,-0.465,0.348,-0.311,0.048,0.355,-0.226,-0.077,0.116,0.645,-0.448,-0.112,0.808,0.04,-0.148,0.078,-0.142,-0.29,0.211,-0.316,-0.092,0.653
AZN,0.031,0.213,0.502,0.139,0.138,-0.007,0.385,-0.106,-0.308,1.0,-0.45,-0.471,0.077,0.393,0.109,0.408,0.316,-0.302,0.247,0.525,0.482,-0.135,0.614,0.614,0.255,0.537,-0.452,0.207,-0.283,-0.347,0.001,0.328,0.274,0.523,0.249,0.113,-0.074,0.24,-0.334,0.128,-0.228,0.339,0.575,0.358,-0.216,0.089,-0.068,0.426,-0.013,0.476,0.797,-0.191,-0.257,0.254,0.153,0.793,-0.188,0.41,0.62,0.176,0.31,0.161,0.519,0.467,-0.36,0.515,0.192,0.587,-0.444,0.561,0.105,-0.252,0.109,0.012,-0.036,0.074,0.155,-0.03,0.31,0.473,-0.06,0.3,0.3,-0.03,0.193,0.1,-0.297,-0.261,0.495,0.364,-0.238,0.585,0.259,0.336,0.469,0.493,-0.077,0.451,0.306,-0.304
BIDU,0.213,0.014,-0.732,0.11,-0.62,0.316,-0.494,0.566,0.737,-0.45,1.0,0.841,-0.418,-0.597,0.112,-0.721,-0.663,0.501,-0.191,-0.521,-0.434,0.599,-0.624,-0.481,-0.622,-0.671,0.478,-0.558,0.757,0.553,0.425,-0.051,0.041,-0.663,-0.594,0.202,0.535,0.424,0.822,0.23,0.63,-0.665,-0.74,-0.49,0.432,-0.554,0.627,-0.753,0.401,-0.682,-0.581,0.673,0.673,-0.18,-0.161,-0.51,0.394,-0.566,-0.714,-0.137,-0.673,-0.606,-0.249,-0.609,0.678,0.051,-0.19,-0.62,0.66,-0.593,-0.553,0.732,-0.564,-0.064,-0.029,-0.145,-0.445,-0.364,-0.35,-0.694,0.475,-0.446,-0.172,0.506,-0.541,-0.139,0.352,0.479,-0.66,-0.141,0.749,-0.074,-0.099,0.082,-0.05,-0.227,0.211,-0.314,-0.246,0.711
BILI,0.137,0.063,-0.713,0.198,-0.511,0.433,-0.494,0.386,0.674,-0.471,0.841,1.0,-0.426,-0.47,0.081,-0.693,-0.566,0.646,-0.149,-0.59,-0.416,0.431,-0.493,-0.557,-0.592,-0.638,0.585,-0.425,0.6,0.457,0.234,-0.07,0.027,-0.62,-0.597,0.103,0.335,0.357,0.774,0.011,0.731,-0.593,-0.715,-0.47,0.44,-0.399,0.453,-0.724,0.445,-0.532,-0.606,0.616,0.683,-0.173,-0.145,-0.541,0.41,-0.453,-0.609,-0.001,-0.6,-0.464,-0.273,-0.532,0.647,-0.074,-0.092,-0.617,0.852,-0.561,-0.443,0.649,-0.47,0.088,0.084,-0.06,-0.37,-0.201,-0.325,-0.653,0.398,-0.458,-0.041,0.232,-0.372,-0.061,0.35,0.57,-0.625,-0.17,0.818,-0.166,-0.168,-0.128,-0.186,-0.375,0.106,-0.426,-0.299,0.793
BKR,-0.114,-0.096,0.494,-0.044,0.269,-0.259,0.378,0.079,-0.298,0.077,-0.418,-0.426,1.0,0.346,0.309,0.529,0.445,-0.552,0.392,0.64,0.446,-0.394,0.444,0.45,0.608,0.393,-0.327,0.377,-0.233,-0.16,0.089,0.301,0.282,0.395,0.656,-0.046,-0.084,-0.375,-0.335,0.105,-0.476,0.431,0.521,0.278,0.043,0.138,-0.372,0.508,-0.267,0.348,0.151,-0.474,-0.232,0.149,0.483,0.157,-0.52,0.362,0.305,-0.118,0.619,0.245,0.093,0.491,-0.229,-0.038,0.083,0.298,-0.464,0.342,0.331,-0.177,0.575,-0.21,-0.127,-0.163,-0.039,0.133,0.062,0.571,-0.21,0.453,-0.127,-0.229,0.254,0.111,-0.363,-0.318,0.508,0.044,-0.343,0.206,0.127,0.273,-0.039,0.138,0.051,0.267,0.569,-0.371
CAN,-0.43,0.097,0.629,0.332,0.705,0.099,0.543,-0.483,-0.366,0.393,-0.597,-0.47,0.346,1.0,-0.105,0.67,0.701,-0.067,0.326,0.393,0.6,-0.48,0.697,0.352,0.522,0.513,-0.118,0.554,-0.715,-0.522,-0.534,0.181,0.144,0.476,0.5,-0.371,-0.494,-0.199,-0.607,-0.442,-0.177,0.646,0.497,0.657,-0.205,0.71,-0.519,0.648,-0.241,0.7,0.366,-0.451,-0.321,0.426,0.342,0.222,-0.489,0.566,0.603,0.319,0.663,0.829,0.182,0.882,-0.475,-0.152,0.454,0.375,-0.352,0.584,0.548,-0.572,0.682,0.317,0.341,0.316,0.544,0.616,0.282,0.467,-0.526,0.677,0.414,-0.547,0.706,0.337,-0.231,-0.102,0.652,0.202,-0.292,0.206,-0.129,-0.039,-0.096,-0.046,-0.173,0.058,0.192,-0.299
CHRD,0.597,-0.222,0.074,-0.047,-0.387,-0.253,0.117,0.418,-0.046,0.109,0.112,0.081,0.309,-0.105,1.0,0.051,-0.053,-0.331,-0.042,0.306,0.203,0.028,0.052,0.16,0.177,0.01,-0.187,-0.184,0.213,0.181,0.336,0.165,0.162,0.276,0.19,0.484,0.227,-0.04,0.235,0.591,-0.187,-0.185,0.041,-0.183,0.47,-0.432,0.173,-0.022,-0.133,-0.104,0.041,-0.117,0.042,0.08,0.268,0.116,-0.002,0.017,-0.12,-0.355,0.085,-0.302,0.183,-0.0,0.398,0.329,-0.239,0.172,-0.077,0.239,-0.09,0.537,-0.028,-0.329,-0.355,-0.342,-0.217,-0.336,-0.046,-0.042,0.631,0.145,-0.187,0.183,-0.13,0.061,-0.071,-0.078,0.011,0.04,0.051,0.175,0.644,0.409,0.32,0.157,0.42,0.566,0.39,0.011
CMCSA,-0.247,0.143,0.807,0.149,0.697,-0.191,0.618,-0.448,-0.563,0.408,-0.721,-0.693,0.529,0.67,0.051,1.0,0.786,-0.397,0.254,0.678,0.563,-0.445,0.643,0.594,0.805,0.757,-0.477,0.614,-0.694,-0.474,-0.324,0.263,0.203,0.733,0.794,-0.098,-0.42,-0.279,-0.648,-0.085,-0.52,0.715,0.777,0.758,-0.334,0.56,-0.575,0.886,-0.307,0.697,0.517,-0.593,-0.568,0.496,0.352,0.42,-0.47,0.498,0.672,0.279,0.823,0.608,0.341,0.741,-0.551,0.004,0.296,0.629,-0.546,0.743,0.656,-0.586,0.72,0.104,0.221,0.238,0.509,0.341,0.443,0.743,-0.358,0.678,0.363,-0.467,0.673,0.191,-0.207,-0.339,0.749,0.329,-0.544,0.265,0.109,0.091,0.262,0.287,-0.143,0.364,0.427,-0.615
CPRT,-0.224,0.117,0.726,0.289,0.756,-0.145,0.597,-0.457,-0.396,0.316,-0.663,-0.566,0.445,0.701,-0.053,0.786,1.0,-0.179,0.396,0.621,0.544,-0.611,0.681,0.458,0.691,0.681,-0.157,0.757,-0.707,-0.423,-0.578,0.061,0.026,0.541,0.665,-0.252,-0.511,-0.227,-0.568,-0.155,-0.343,0.66,0.595,0.704,-0.068,0.625,-0.537,0.753,-0.264,0.767,0.384,-0.578,-0.39,0.502,0.487,0.317,-0.581,0.66,0.654,0.309,0.68,0.62,0.212,0.657,-0.433,-0.004,0.399,0.603,-0.396,0.661,0.637,-0.519,0.769,0.188,0.368,0.33,0.557,0.481,0.261,0.583,-0.395,0.715,0.466,-0.555,0.816,0.291,-0.216,-0.079,0.742,0.212,-0.335,0.114,0.112,-0.063,0.117,0.091,-0.031,0.306,0.488,-0.461
CRWD,-0.251,0.165,-0.367,0.331,0.017,0.584,-0.245,-0.057,0.521,-0.302,0.501,0.646,-0.552,-0.067,-0.331,-0.397,-0.179,1.0,-0.003,-0.544,-0.259,0.168,-0.196,-0.473,-0.382,-0.341,0.798,-0.053,0.099,0.047,-0.277,-0.1,-0.022,-0.416,-0.392,-0.227,-0.136,0.23,0.243,-0.348,0.767,-0.154,-0.464,-0.029,0.221,0.107,0.198,-0.303,0.342,-0.088,-0.363,0.519,0.412,0.15,-0.152,-0.44,0.326,-0.146,-0.262,0.453,-0.346,-0.023,-0.128,-0.196,0.324,-0.307,0.368,-0.342,0.65,-0.253,-0.025,0.115,-0.181,0.628,0.53,0.285,0.114,0.195,-0.015,-0.407,0.084,-0.096,0.375,-0.204,0.121,0.056,0.327,0.572,-0.368,-0.052,0.662,-0.278,-0.433,-0.372,-0.232,-0.396,-0.126,-0.506,-0.468,0.667
CSCO,-0.283,0.116,0.287,0.265,0.246,0.274,0.178,0.024,0.076,0.247,-0.191,-0.149,0.392,0.326,-0.042,0.254,0.396,-0.003,1.0,0.465,0.449,-0.115,0.535,0.422,0.191,0.253,0.158,0.48,-0.252,-0.282,-0.075,0.427,0.451,0.23,0.305,-0.337,-0.054,0.023,-0.236,-0.103,0.096,0.368,0.312,0.277,0.085,0.056,0.021,0.247,0.016,0.42,0.235,0.035,0.145,0.126,0.627,0.31,-0.199,0.481,0.36,0.455,0.241,0.14,0.484,0.473,-0.256,0.192,0.614,0.269,-0.295,0.241,0.258,-0.157,0.306,0.246,-0.001,-0.102,-0.16,0.089,0.398,0.41,-0.23,0.279,0.17,-0.192,0.301,0.076,-0.403,0.114,0.534,0.334,0.048,0.481,-0.055,0.111,-0.106,0.146,-0.244,0.04,0.508,0.035
CSX,0.02,0.175,0.763,0.144,0.289,-0.194,0.488,0.044,-0.272,0.525,-0.521,-0.59,0.64,0.393,0.306,0.678,0.621,-0.544,0.465,1.0,0.636,-0.32,0.595,0.734,0.673,0.67,-0.441,0.438,-0.398,-0.307,0.106,0.479,0.44,0.677,0.66,0.148,-0.068,0.001,-0.326,0.268,-0.453,0.491,0.697,0.499,-0.025,0.163,-0.15,0.639,-0.146,0.49,0.555,-0.434,-0.248,0.407,0.511,0.556,-0.496,0.494,0.517,0.147,0.59,0.2,0.508,0.511,-0.306,0.414,0.252,0.622,-0.568,0.704,0.357,-0.208,0.461,-0.157,-0.062,-0.052,0.062,0.05,0.334,0.676,-0.12,0.554,0.2,-0.102,0.42,0.152,-0.448,-0.233,0.676,0.36,-0.307,0.546,0.364,0.425,0.378,0.47,0.15,0.578,0.638,-0.486
DKNG,-0.206,0.038,0.612,0.287,0.336,-0.067,0.414,-0.029,-0.229,0.482,-0.434,-0.416,0.446,0.6,0.203,0.563,0.544,-0.259,0.449,0.636,1.0,-0.337,0.622,0.537,0.418,0.497,-0.223,0.359,-0.467,-0.381,-0.108,0.391,0.355,0.481,0.587,-0.11,-0.056,-0.004,-0.396,-0.033,-0.195,0.446,0.585,0.46,0.028,0.328,-0.264,0.513,-0.185,0.568,0.441,-0.33,-0.261,0.413,0.463,0.545,-0.432,0.603,0.559,0.182,0.502,0.465,0.389,0.656,-0.224,0.203,0.305,0.431,-0.467,0.691,0.256,-0.225,0.426,-0.017,0.064,-0.02,0.165,0.304,0.248,0.574,-0.208,0.495,0.203,-0.139,0.381,0.193,-0.404,-0.047,0.685,0.267,-0.169,0.415,0.059,0.308,0.11,0.314,-0.045,0.273,0.527,-0.332
EBAY,0.247,0.146,-0.464,-0.133,-0.599,0.257,-0.529,0.431,0.474,-0.135,0.599,0.431,-0.394,-0.48,0.028,-0.445,-0.611,0.168,-0.115,-0.32,-0.337,1.0,-0.524,-0.247,-0.515,-0.461,0.183,-0.51,0.586,0.237,0.472,0.136,0.18,-0.281,-0.511,0.132,0.468,0.556,0.488,0.327,0.476,-0.403,-0.474,-0.382,-0.027,-0.543,0.628,-0.526,0.359,-0.564,-0.103,0.728,0.463,-0.35,-0.183,-0.127,0.566,-0.636,-0.411,0.086,-0.556,-0.455,0.225,-0.393,0.381,0.318,-0.037,-0.394,0.263,-0.369,-0.376,0.459,-0.518,-0.025,-0.318,-0.33,-0.49,-0.371,0.142,-0.251,0.362,-0.449,-0.216,0.586,-0.48,-0.217,0.257,0.052,-0.35,0.183,0.377,0.258,0.025,0.034,0.197,0.181,-0.094,-0.186,-0.121,0.364
ERIC,-0.357,0.037,0.634,0.246,0.468,0.02,0.556,-0.267,-0.473,0.614,-0.624,-0.493,0.444,0.697,0.052,0.643,0.681,-0.196,0.535,0.595,0.622,-0.524,1.0,0.581,0.525,0.6,-0.249,0.618,-0.619,-0.344,-0.366,0.297,0.288,0.539,0.611,-0.331,-0.433,-0.189,-0.564,-0.256,-0.329,0.653,0.684,0.548,-0.132,0.373,-0.466,0.655,-0.215,0.884,0.589,-0.477,-0.397,0.38,0.43,0.632,-0.504,0.829,0.82,0.23,0.621,0.482,0.403,0.807,-0.455,0.09,0.471,0.677,-0.459,0.629,0.494,-0.429,0.568,0.22,0.154,0.12,0.292,0.252,0.342,0.641,-0.362,0.58,0.414,-0.552,0.54,0.166,-0.392,-0.221,0.693,0.315,-0.284,0.366,-0.024,0.136,0.162,0.247,-0.132,0.316,0.375,-0.288
EXC,-0.087,0.295,0.598,0.149,0.278,-0.174,0.462,-0.142,-0.336,0.614,-0.481,-0.557,0.45,0.352,0.16,0.594,0.458,-0.473,0.422,0.734,0.537,-0.247,0.581,1.0,0.598,0.628,-0.559,0.539,-0.371,-0.358,0.045,0.343,0.312,0.542,0.595,0.193,-0.006,-0.001,-0.329,0.165,-0.461,0.407,0.657,0.473,-0.304,0.197,-0.145,0.547,-0.036,0.506,0.664,-0.309,-0.294,0.381,0.29,0.693,-0.338,0.435,0.57,0.129,0.527,0.191,0.478,0.515,-0.454,0.461,0.206,0.663,-0.49,0.573,0.321,-0.341,0.284,-0.078,-0.096,0.047,0.192,-0.031,0.343,0.599,-0.084,0.407,0.317,0.023,0.237,0.041,-0.353,-0.299,0.649,0.408,-0.396,0.6,0.212,0.46,0.41,0.55,-0.003,0.501,0.485,-0.517
FITB,-0.083,0.199,0.699,0.042,0.583,-0.195,0.611,-0.372,-0.441,0.255,-0.622,-0.592,0.608,0.522,0.177,0.805,0.691,-0.382,0.191,0.673,0.418,-0.515,0.525,0.598,1.0,0.751,-0.417,0.607,-0.545,-0.41,-0.267,0.161,0.118,0.667,0.783,0.134,-0.448,-0.324,-0.503,0.03,-0.484,0.616,0.669,0.621,-0.174,0.473,-0.438,0.732,-0.167,0.578,0.354,-0.506,-0.492,0.466,0.353,0.298,-0.442,0.445,0.521,0.12,0.802,0.458,0.261,0.559,-0.433,-0.038,0.236,0.659,-0.375,0.656,0.64,-0.438,0.638,0.101,0.182,0.243,0.473,0.252,0.331,0.64,-0.188,0.626,0.386,-0.433,0.61,0.222,-0.224,-0.274,0.547,0.252,-0.468,0.151,0.269,0.051,0.233,0.215,0.031,0.492,0.405,-0.546
FLEX,-0.18,0.452,0.807,0.229,0.52,0.014,0.806,-0.355,-0.304,0.537,-0.671,-0.638,0.393,0.513,0.01,0.757,0.681,-0.341,0.253,0.67,0.497,-0.461,0.6,0.628,0.751,1.0,-0.421,0.563,-0.566,-0.455,-0.269,0.307,0.249,0.735,0.638,0.137,-0.422,-0.123,-0.558,0.005,-0.424,0.73,0.813,0.802,-0.251,0.479,-0.395,0.78,0.058,0.694,0.56,-0.38,-0.506,0.493,0.309,0.529,-0.402,0.454,0.668,0.301,0.775,0.419,0.446,0.57,-0.52,0.137,0.343,0.768,-0.41,0.758,0.523,-0.521,0.521,0.179,0.351,0.515,0.429,0.234,0.438,0.717,-0.194,0.527,0.517,-0.406,0.608,0.149,-0.287,-0.285,0.577,0.307,-0.387,0.253,0.123,0.158,0.262,0.351,-0.059,0.512,0.368,-0.509
FTNT,-0.185,-0.05,-0.38,0.207,-0.104,0.495,-0.311,0.201,0.572,-0.452,0.478,0.585,-0.327,-0.118,-0.187,-0.477,-0.157,0.798,0.158,-0.441,-0.223,0.183,-0.249,-0.559,-0.417,-0.421,1.0,-0.098,0.254,0.082,-0.159,-0.087,-0.019,-0.445,-0.43,-0.349,-0.086,0.158,0.21,-0.277,0.739,-0.226,-0.542,-0.197,0.503,-0.095,0.195,-0.364,0.241,-0.181,-0.525,0.465,0.527,-0.072,0.021,-0.509,0.192,-0.085,-0.368,0.34,-0.383,-0.144,-0.19,-0.213,0.523,-0.295,0.328,-0.461,0.489,-0.337,-0.05,0.255,-0.213,0.465,0.363,0.068,-0.158,0.106,-0.144,-0.398,0.036,-0.13,0.094,-0.196,0.124,0.01,0.094,0.575,-0.36,-0.179,0.676,-0.302,-0.33,-0.377,-0.498,-0.471,-0.022,-0.493,-0.309,0.67
GEN,-0.365,0.158,0.568,0.25,0.716,-0.022,0.473,-0.584,-0.378,0.207,-0.558,-0.425,0.377,0.554,-0.184,0.614,0.757,-0.053,0.48,0.438,0.359,-0.51,0.618,0.539,0.607,0.563,-0.098,1.0,-0.639,-0.395,-0.557,0.05,0.041,0.447,0.563,-0.272,-0.509,-0.363,-0.543,-0.275,-0.244,0.6,0.473,0.576,-0.233,0.574,-0.552,0.612,-0.143,0.66,0.293,-0.378,-0.337,0.41,0.344,0.269,-0.397,0.55,0.556,0.379,0.6,0.492,0.205,0.575,-0.54,-0.067,0.487,0.484,-0.278,0.49,0.618,-0.58,0.643,0.309,0.32,0.305,0.495,0.369,0.357,0.511,-0.371,0.577,0.519,-0.517,0.667,0.146,-0.197,-0.129,0.66,0.258,-0.317,0.123,-0.075,-0.171,-0.003,0.022,-0.233,0.17,0.324,-0.33
GERN,0.348,-0.122,-0.729,-0.145,-0.759,0.06,-0.49,0.669,0.553,-0.283,0.757,0.6,-0.233,-0.715,0.213,-0.694,-0.707,0.099,-0.252,-0.398,-0.467,0.586,-0.619,-0.371,-0.545,-0.566,0.254,-0.639,1.0,0.542,0.649,-0.044,0.037,-0.53,-0.652,0.359,0.589,0.452,0.714,0.326,0.363,-0.64,-0.579,-0.635,0.396,-0.757,0.599,-0.703,0.283,-0.705,-0.442,0.53,0.597,-0.396,-0.203,-0.316,0.334,-0.565,-0.571,-0.348,-0.64,-0.739,-0.222,-0.643,0.656,0.222,-0.407,-0.566,0.432,-0.608,-0.653,0.735,-0.706,-0.318,-0.278,-0.293,-0.604,-0.537,-0.481,-0.494,0.448,-0.566,-0.399,0.589,-0.677,-0.255,0.16,0.208,-0.642,-0.2,0.478,0.068,0.076,0.2,0.037,-0.066,0.189,-0.204,-0.148,0.539
GEVO,0.249,-0.149,-0.506,-0.034,-0.549,0.005,-0.338,0.427,0.202,-0.347,0.553,0.457,-0.16,-0.522,0.181,-0.474,-0.423,0.047,-0.282,-0.307,-0.381,0.237,-0.344,-0.358,-0.41,-0.455,0.082,-0.395,0.542,1.0,0.315,-0.089,-0.013,-0.448,-0.325,0.205,0.368,0.185,0.552,0.221,0.093,-0.444,-0.494,-0.483,0.36,-0.509,0.33,-0.549,0.236,-0.414,-0.399,0.219,0.33,-0.166,-0.167,-0.315,0.142,-0.309,-0.284,-0.344,-0.462,-0.536,-0.255,-0.48,0.534,0.036,-0.3,-0.355,0.331,-0.421,-0.405,0.585,-0.389,-0.291,-0.254,-0.25,-0.457,-0.413,-0.379,-0.348,0.34,-0.333,-0.269,0.283,-0.479,-0.265,0.386,0.163,-0.49,-0.07,0.359,-0.129,0.028,0.058,0.066,-0.054,0.276,-0.031,-0.151,0.347
GILD,0.357,-0.022,-0.275,-0.104,-0.688,0.001,-0.388,0.718,0.356,0.001,0.425,0.234,0.089,-0.534,0.336,-0.324,-0.578,-0.277,-0.075,0.106,-0.108,0.472,-0.366,0.045,-0.267,-0.269,-0.159,-0.557,0.649,0.315,1.0,0.465,0.481,-0.104,-0.243,0.453,0.738,0.427,0.559,0.459,0.017,-0.462,-0.14,-0.403,0.187,-0.648,0.555,-0.373,0.176,-0.524,-0.053,0.297,0.434,-0.247,0.098,0.01,0.287,-0.379,-0.386,-0.28,-0.315,-0.588,0.085,-0.375,0.317,0.424,-0.321,-0.291,0.04,-0.283,-0.459,0.527,-0.507,-0.386,-0.47,-0.474,-0.675,-0.494,-0.166,-0.119,0.357,-0.412,-0.521,0.672,-0.635,-0.182,-0.008,-0.005,-0.267,0.155,0.244,0.396,0.218,0.554,0.196,0.272,0.187,0.035,0.148,0.257
GOOG,-0.148,0.335,0.327,0.347,-0.067,0.454,0.157,0.213,0.155,0.328,-0.051,-0.07,0.301,0.181,0.165,0.263,0.061,-0.1,0.427,0.479,0.391,0.136,0.297,0.343,0.161,0.307,-0.087,0.05,-0.044,-0.089,0.465,1.0,0.976,0.371,0.205,0.078,0.294,0.32,0.012,0.075,0.012,0.22,0.383,0.331,-0.015,-0.105,0.188,0.202,0.235,0.192,0.326,0.156,0.289,0.188,0.57,0.27,0.12,0.122,0.267,0.437,0.235,-0.048,0.579,0.328,-0.117,0.295,0.457,0.131,-0.242,0.301,0.13,0.02,0.083,0.251,-0.041,-0.084,-0.351,-0.093,0.447,0.469,0.004,0.176,-0.015,0.106,0.045,-0.02,-0.171,-0.032,0.401,0.659,0.173,0.646,-0.028,0.469,0.139,0.368,-0.216,0.087,0.34,0.2
GOOGL,-0.159,0.309,0.252,0.371,-0.109,0.464,0.118,0.286,0.235,0.274,0.041,0.027,0.282,0.144,0.162,0.203,0.026,-0.022,0.451,0.44,0.355,0.18,0.288,0.312,0.118,0.249,-0.019,0.041,0.037,-0.013,0.481,0.976,1.0,0.308,0.167,0.094,0.296,0.382,0.089,0.054,0.098,0.218,0.302,0.283,0.046,-0.144,0.249,0.129,0.257,0.176,0.256,0.222,0.356,0.187,0.543,0.215,0.097,0.113,0.249,0.433,0.202,-0.084,0.566,0.306,-0.037,0.297,0.477,0.096,-0.143,0.253,0.089,0.103,0.052,0.248,-0.026,-0.092,-0.386,-0.103,0.404,0.439,0.044,0.148,0.036,0.096,0.02,-0.03,-0.157,0.011,0.33,0.621,0.252,0.657,-0.067,0.443,0.156,0.327,-0.17,0.046,0.303,0.269
GT,0.097,0.117,0.806,0.003,0.375,-0.14,0.482,-0.272,-0.495,0.523,-0.663,-0.62,0.395,0.476,0.276,0.733,0.541,-0.416,0.23,0.677,0.481,-0.281,0.539,0.542,0.667,0.735,-0.445,0.447,-0.53,-0.448,-0.104,0.371,0.308,1.0,0.599,0.145,-0.391,-0.168,-0.536,0.143,-0.455,0.618,0.73,0.521,-0.21,0.338,-0.338,0.746,-0.26,0.538,0.659,-0.419,-0.511,0.325,0.274,0.502,-0.188,0.322,0.56,0.234,0.7,0.419,0.565,0.531,-0.453,0.229,0.293,0.694,-0.495,0.767,0.606,-0.365,0.528,0.135,-0.04,0.028,0.309,0.225,0.569,0.69,-0.031,0.524,0.267,-0.289,0.469,0.25,-0.134,-0.397,0.554,0.456,-0.465,0.358,0.42,0.123,0.352,0.448,-0.045,0.611,0.323,-0.468
HBAN,-0.132,0.016,0.721,0.046,0.489,-0.264,0.527,-0.245,-0.513,0.249,-0.594,-0.597,0.656,0.5,0.19,0.794,0.665,-0.392,0.305,0.66,0.587,-0.511,0.611,0.595,0.783,0.638,-0.43,0.563,-0.652,-0.325,-0.243,0.205,0.167,0.599,1.0,-0.08,-0.335,-0.36,-0.53,0.071,-0.544,0.587,0.685,0.561,-0.114,0.418,-0.464,0.72,-0.321,0.601,0.41,-0.568,-0.599,0.415,0.426,0.347,-0.484,0.522,0.546,0.098,0.755,0.472,0.315,0.593,-0.43,-0.054,0.241,0.644,-0.481,0.614,0.623,-0.401,0.704,0.024,0.011,0.01,0.299,0.251,0.396,0.688,-0.178,0.595,0.276,-0.405,0.514,0.218,-0.266,-0.296,0.616,0.269,-0.449,0.103,0.196,0.119,0.149,0.366,0.012,0.502,0.506,-0.547
HST,0.663,0.267,-0.048,0.011,-0.354,-0.181,0.018,0.252,0.233,0.113,0.202,0.103,-0.046,-0.371,0.484,-0.098,-0.252,-0.227,-0.337,0.148,-0.11,0.132,-0.331,0.193,0.134,0.137,-0.349,-0.272,0.359,0.205,0.453,0.078,0.094,0.145,-0.08,1.0,0.365,0.279,0.436,0.612,-0.082,-0.219,-0.062,-0.142,0.164,-0.254,0.394,-0.153,0.288,-0.325,0.04,0.166,0.134,0.183,-0.091,0.025,0.148,-0.347,-0.225,-0.283,-0.045,-0.406,0.045,-0.385,0.264,0.429,-0.401,0.114,0.188,0.146,-0.327,0.406,-0.308,-0.304,-0.171,0.028,-0.032,-0.31,-0.135,-0.113,0.693,-0.109,-0.006,0.447,-0.294,-0.032,0.205,-0.001,-0.229,-0.025,0.049,0.12,0.532,0.382,0.515,0.124,0.384,0.442,0.101,-0.075
INTC,0.293,0.083,-0.432,0.226,-0.559,0.045,-0.392,0.59,0.44,-0.074,0.535,0.335,-0.084,-0.494,0.227,-0.42,-0.511,-0.136,-0.054,-0.068,-0.056,0.468,-0.433,-0.006,-0.448,-0.422,-0.086,-0.509,0.589,0.368,0.738,0.294,0.296,-0.391,-0.335,0.365,1.0,0.461,0.678,0.448,0.119,-0.63,-0.374,-0.335,0.223,-0.585,0.623,-0.518,0.245,-0.567,-0.108,0.415,0.535,-0.164,0.175,-0.054,0.267,-0.357,-0.419,-0.183,-0.557,-0.562,0.018,-0.425,0.327,0.495,-0.297,-0.366,0.098,-0.318,-0.62,0.537,-0.559,-0.406,-0.405,-0.358,-0.592,-0.474,-0.233,-0.312,0.411,-0.436,-0.493,0.807,-0.664,-0.239,0.049,0.158,-0.198,0.153,0.324,0.293,0.091,0.589,0.183,0.206,0.091,-0.076,0.269,0.301
IOVA,0.196,0.389,-0.193,0.286,-0.406,0.339,-0.287,0.465,0.573,0.24,0.424,0.357,-0.375,-0.199,-0.04,-0.279,-0.227,0.23,0.023,0.001,-0.004,0.556,-0.189,-0.001,-0.324,-0.123,0.158,-0.363,0.452,0.185,0.427,0.32,0.382,-0.168,-0.36,0.279,0.461,1.0,0.526,0.253,0.495,-0.239,-0.261,-0.126,0.22,-0.286,0.637,-0.362,0.518,-0.239,0.049,0.521,0.561,0.064,0.055,0.052,0.199,-0.245,-0.043,0.228,-0.389,-0.297,0.265,-0.219,0.355,0.53,0.079,-0.178,0.359,-0.105,-0.382,0.425,-0.409,0.025,-0.034,-0.062,-0.359,-0.159,-0.043,-0.057,0.246,-0.207,0.177,0.455,-0.191,0.003,0.123,0.4,-0.192,0.277,0.568,0.471,0.088,0.285,0.315,0.236,0.119,-0.071,0.044,0.391
IQ,0.461,0.112,-0.665,0.166,-0.657,0.168,-0.483,0.569,0.671,-0.334,0.822,0.774,-0.335,-0.607,0.235,-0.648,-0.568,0.243,-0.236,-0.326,-0.396,0.488,-0.564,-0.329,-0.503,-0.558,0.21,-0.543,0.714,0.552,0.559,0.012,0.089,-0.536,-0.53,0.436,0.678,0.526,1.0,0.391,0.452,-0.725,-0.666,-0.508,0.42,-0.558,0.704,-0.74,0.41,-0.674,-0.434,0.563,0.693,-0.168,-0.038,-0.398,0.314,-0.522,-0.662,-0.236,-0.635,-0.628,-0.208,-0.665,0.575,0.325,-0.346,-0.488,0.635,-0.479,-0.634,0.768,-0.539,-0.296,-0.202,-0.189,-0.486,-0.389,-0.414,-0.633,0.547,-0.509,-0.215,0.617,-0.575,-0.092,0.316,0.44,-0.55,-0.062,0.655,0.058,0.153,0.238,0.155,-0.113,0.289,-0.14,-0.038,0.587
JBLU,0.784,0.045,0.025,-0.14,-0.473,-0.286,-0.067,0.472,0.161,0.128,0.23,0.011,0.105,-0.442,0.591,-0.085,-0.155,-0.348,-0.103,0.268,-0.033,0.327,-0.256,0.165,0.03,0.005,-0.277,-0.275,0.326,0.221,0.459,0.075,0.054,0.143,0.071,0.612,0.448,0.253,0.391,1.0,-0.169,-0.309,-0.064,-0.218,0.346,-0.487,0.452,-0.101,0.104,-0.363,0.113,0.146,0.054,0.093,0.16,0.133,0.141,-0.276,-0.248,-0.292,-0.217,-0.488,0.203,-0.395,0.312,0.551,-0.305,0.158,-0.079,0.14,-0.278,0.497,-0.158,-0.426,-0.394,-0.318,-0.276,-0.428,-0.012,-0.042,0.716,0.03,-0.207,0.52,-0.291,0.043,0.142,-0.053,-0.116,0.091,0.092,0.148,0.742,0.434,0.502,0.355,0.398,0.616,0.461,-0.06
JD,-0.056,0.23,-0.456,0.305,-0.215,0.595,-0.369,0.266,0.717,-0.228,0.63,0.731,-0.476,-0.177,-0.187,-0.52,-0.343,0.767,0.096,-0.453,-0.195,0.476,-0.329,-0.461,-0.484,-0.424,0.739,-0.244,0.363,0.093,0.017,0.012,0.098,-0.455,-0.544,-0.082,0.119,0.495,0.452,-0.169,1.0,-0.278,-0.571,-0.221,0.343,-0.152,0.446,-0.542,0.506,-0.316,-0.436,0.76,0.638,-0.068,-0.081,-0.365,0.306,-0.265,-0.397,0.405,-0.426,-0.216,-0.019,-0.248,0.461,-0.022,0.27,-0.455,0.657,-0.333,-0.273,0.371,-0.33,0.353,0.28,0.095,-0.234,0.042,-0.058,-0.421,0.173,-0.294,0.245,0.039,-0.03,0.023,0.18,0.576,-0.387,-0.069,0.759,-0.008,-0.248,-0.284,-0.182,-0.358,-0.019,-0.452,-0.276,0.646
KDP,-0.447,0.145,0.747,0.113,0.67,-0.024,0.592,-0.401,-0.383,0.339,-0.665,-0.593,0.431,0.646,-0.185,0.715,0.66,-0.154,0.368,0.491,0.446,-0.403,0.653,0.407,0.616,0.73,-0.226,0.6,-0.64,-0.444,-0.462,0.22,0.218,0.618,0.587,-0.219,-0.63,-0.239,-0.725,-0.309,-0.278,1.0,0.725,0.68,-0.326,0.651,-0.512,0.774,-0.159,0.736,0.39,-0.385,-0.553,0.386,0.223,0.321,-0.487,0.515,0.742,0.366,0.797,0.654,0.358,0.722,-0.547,-0.209,0.51,0.557,-0.418,0.628,0.595,-0.583,0.717,0.342,0.355,0.341,0.44,0.521,0.484,0.74,-0.438,0.648,0.509,-0.659,0.685,0.235,-0.211,-0.366,0.58,0.191,-0.436,0.138,-0.143,-0.054,0.065,0.09,-0.139,0.206,0.146,-0.435
KHC,-0.256,0.149,0.772,0.012,0.457,-0.138,0.63,-0.326,-0.541,0.575,-0.74,-0.715,0.521,0.497,0.041,0.777,0.595,-0.464,0.312,0.697,0.585,-0.474,0.684,0.657,0.669,0.813,-0.542,0.473,-0.579,-0.494,-0.14,0.383,0.302,0.73,0.685,-0.062,-0.374,-0.261,-0.666,-0.064,-0.571,0.725,1.0,0.648,-0.373,0.406,-0.487,0.835,-0.241,0.704,0.65,-0.543,-0.584,0.369,0.3,0.663,-0.344,0.516,0.728,0.182,0.749,0.437,0.446,0.644,-0.619,0.069,0.282,0.688,-0.628,0.656,0.533,-0.566,0.547,0.107,0.133,0.186,0.297,0.237,0.431,0.77,-0.354,0.524,0.25,-0.381,0.456,0.126,-0.332,-0.441,0.69,0.331,-0.547,0.351,0.097,0.285,0.244,0.451,-0.151,0.417,0.363,-0.526
LRCX,-0.466,0.499,0.691,0.528,0.694,0.246,0.793,-0.463,-0.169,0.358,-0.49,-0.47,0.278,0.657,-0.183,0.758,0.704,-0.029,0.277,0.499,0.46,-0.382,0.548,0.473,0.621,0.802,-0.197,0.576,-0.635,-0.483,-0.403,0.331,0.283,0.521,0.561,-0.142,-0.335,-0.126,-0.508,-0.218,-0.221,0.68,0.648,1.0,-0.309,0.596,-0.379,0.757,0.057,0.672,0.435,-0.267,-0.359,0.607,0.384,0.296,-0.344,0.419,0.579,0.553,0.654,0.549,0.39,0.659,-0.545,-0.044,0.562,0.58,-0.297,0.659,0.592,-0.596,0.561,0.405,0.609,0.663,0.521,0.351,0.494,0.57,-0.347,0.591,0.568,-0.461,0.708,0.113,-0.206,-0.114,0.608,0.407,-0.221,0.173,-0.187,0.095,0.162,0.226,-0.206,0.208,0.281,-0.298
LYFT,0.385,-0.208,-0.211,0.227,-0.337,0.071,-0.145,0.626,0.445,-0.216,0.432,0.44,0.043,-0.205,0.47,-0.334,-0.068,0.221,0.085,-0.025,0.028,-0.027,-0.132,-0.304,-0.174,-0.251,0.503,-0.233,0.396,0.36,0.187,-0.015,0.046,-0.21,-0.114,0.164,0.223,0.22,0.42,0.346,0.343,-0.326,-0.373,-0.309,1.0,-0.348,0.283,-0.299,0.113,-0.225,-0.438,0.136,0.407,0.071,0.299,-0.272,-0.095,0.101,-0.315,-0.165,-0.236,-0.328,-0.178,-0.259,0.711,0.069,-0.116,-0.208,0.346,-0.135,-0.254,0.666,-0.172,-0.128,0.016,-0.177,-0.318,-0.09,-0.421,-0.332,0.464,0.046,-0.046,0.005,-0.016,0.217,0.011,0.502,-0.344,-0.221,0.6,-0.143,0.33,0.145,-0.13,-0.293,0.56,0.126,0.181,0.469
MARA,-0.425,0.189,0.583,0.253,0.837,-0.05,0.376,-0.639,-0.291,0.089,-0.554,-0.399,0.138,0.71,-0.432,0.56,0.625,0.107,0.056,0.163,0.328,-0.543,0.373,0.197,0.473,0.479,-0.095,0.574,-0.757,-0.509,-0.648,-0.105,-0.144,0.338,0.418,-0.254,-0.585,-0.286,-0.558,-0.487,-0.152,0.651,0.406,0.596,-0.348,1.0,-0.606,0.615,-0.166,0.586,0.185,-0.44,-0.449,0.42,0.009,0.029,-0.394,0.378,0.424,0.292,0.609,0.886,-0.118,0.516,-0.532,-0.424,0.253,0.264,-0.09,0.41,0.515,-0.675,0.685,0.36,0.533,0.502,0.775,0.874,0.158,0.306,-0.521,0.562,0.518,-0.542,0.666,0.449,0.092,-0.013,0.399,-0.025,-0.321,-0.172,-0.245,-0.23,-0.155,-0.249,-0.121,-0.104,-0.116,-0.391
MCHP,0.409,0.177,-0.51,0.1,-0.611,0.259,-0.387,0.552,0.657,-0.068,0.627,0.453,-0.372,-0.519,0.173,-0.575,-0.537,0.198,0.021,-0.15,-0.264,0.628,-0.466,-0.145,-0.438,-0.395,0.195,-0.552,0.599,0.33,0.555,0.188,0.249,-0.338,-0.464,0.394,0.623,0.637,0.704,0.452,0.446,-0.512,-0.487,-0.379,0.283,-0.606,1.0,-0.62,0.396,-0.569,-0.132,0.706,0.592,-0.144,0.061,-0.136,0.45,-0.416,-0.458,0.04,-0.597,-0.598,0.261,-0.517,0.402,0.458,-0.032,-0.241,0.297,-0.3,-0.522,0.625,-0.61,-0.127,-0.29,-0.238,-0.526,-0.456,-0.008,-0.377,0.517,-0.396,-0.153,0.619,-0.506,-0.165,0.101,0.345,-0.392,0.169,0.492,0.307,0.219,0.257,0.281,0.174,0.195,0.015,0.006,0.442
MDLZ,-0.286,0.091,0.843,0.097,0.687,-0.19,0.642,-0.441,-0.554,0.426,-0.753,-0.724,0.508,0.648,-0.022,0.886,0.753,-0.303,0.247,0.639,0.513,-0.526,0.655,0.547,0.732,0.78,-0.364,0.612,-0.703,-0.549,-0.373,0.202,0.129,0.746,0.72,-0.153,-0.518,-0.362,-0.74,-0.101,-0.542,0.774,0.835,0.757,-0.299,0.615,-0.62,1.0,-0.35,0.727,0.566,-0.634,-0.653,0.543,0.259,0.426,-0.479,0.522,0.672,0.253,0.775,0.63,0.281,0.69,-0.547,-0.077,0.318,0.643,-0.552,0.76,0.677,-0.675,0.711,0.17,0.331,0.296,0.573,0.432,0.378,0.699,-0.393,0.749,0.368,-0.538,0.694,0.268,-0.225,-0.356,0.668,0.224,-0.544,0.135,0.059,0.129,0.195,0.252,-0.126,0.343,0.282,-0.554
META,-0.004,0.793,-0.187,0.364,-0.267,0.677,-0.022,0.192,0.657,-0.013,0.401,0.445,-0.267,-0.241,-0.133,-0.307,-0.264,0.342,0.016,-0.146,-0.185,0.359,-0.215,-0.036,-0.167,0.058,0.241,-0.143,0.283,0.236,0.176,0.235,0.257,-0.26,-0.321,0.288,0.245,0.518,0.41,0.104,0.506,-0.159,-0.241,0.057,0.113,-0.166,0.396,-0.35,1.0,-0.155,-0.158,0.627,0.514,0.125,-0.03,-0.07,0.313,-0.258,-0.159,0.325,-0.232,-0.374,0.108,-0.263,0.265,0.18,0.161,-0.102,0.492,-0.137,-0.281,0.223,-0.387,0.283,0.264,0.335,-0.219,-0.219,0.052,-0.11,0.261,-0.27,0.289,0.182,-0.08,-0.244,0.132,0.396,-0.244,0.121,0.619,0.133,-0.168,0.02,0.022,-0.036,0.029,-0.114,-0.076,0.393
MNST,-0.421,0.159,0.689,0.279,0.62,0.012,0.615,-0.41,-0.447,0.476,-0.682,-0.532,0.348,0.7,-0.104,0.697,0.767,-0.088,0.42,0.49,0.568,-0.564,0.884,0.506,0.578,0.694,-0.181,0.66,-0.705,-0.414,-0.524,0.192,0.176,0.538,0.601,-0.325,-0.567,-0.239,-0.674,-0.363,-0.316,0.736,0.704,0.672,-0.225,0.586,-0.569,0.727,-0.155,1.0,0.552,-0.485,-0.456,0.435,0.314,0.567,-0.399,0.802,0.816,0.322,0.673,0.619,0.313,0.773,-0.466,-0.069,0.474,0.707,-0.382,0.623,0.61,-0.569,0.608,0.379,0.376,0.349,0.511,0.434,0.35,0.628,-0.402,0.596,0.51,-0.618,0.656,0.201,-0.221,-0.16,0.648,0.248,-0.32,0.194,-0.111,-0.004,0.111,0.149,-0.158,0.219,0.232,-0.375
MRNA,0.014,0.242,0.578,0.037,0.207,-0.081,0.315,-0.257,-0.467,0.797,-0.581,-0.606,0.151,0.366,0.041,0.517,0.384,-0.363,0.235,0.555,0.441,-0.103,0.589,0.664,0.354,0.56,-0.525,0.293,-0.442,-0.399,-0.053,0.326,0.256,0.659,0.41,0.04,-0.108,0.049,-0.434,0.113,-0.436,0.39,0.65,0.435,-0.438,0.185,-0.132,0.566,-0.158,0.552,1.0,-0.257,-0.403,0.194,0.147,0.796,-0.043,0.347,0.651,0.243,0.338,0.261,0.625,0.438,-0.517,0.474,0.253,0.726,-0.545,0.616,0.349,-0.427,0.204,0.084,-0.172,-0.036,0.225,0.037,0.528,0.609,-0.081,0.284,0.164,0.017,0.163,0.041,-0.2,-0.444,0.608,0.533,-0.438,0.496,0.224,0.25,0.508,0.696,-0.27,0.481,0.295,-0.454
MRVL,0.099,0.371,-0.544,0.157,-0.445,0.58,-0.372,0.33,0.724,-0.191,0.673,0.616,-0.474,-0.451,-0.117,-0.593,-0.578,0.519,0.035,-0.434,-0.33,0.728,-0.477,-0.309,-0.506,-0.38,0.465,-0.378,0.53,0.219,0.297,0.156,0.222,-0.419,-0.568,0.166,0.415,0.521,0.563,0.146,0.76,-0.385,-0.543,-0.267,0.136,-0.44,0.706,-0.634,0.627,-0.485,-0.257,1.0,0.601,-0.196,-0.081,-0.236,0.567,-0.489,-0.445,0.341,-0.56,-0.508,0.219,-0.438,0.363,0.221,0.219,-0.339,0.476,-0.346,-0.393,0.451,-0.543,0.229,-0.027,-0.011,-0.46,-0.324,0.147,-0.341,0.421,-0.498,0.003,0.39,-0.382,-0.286,0.212,0.315,-0.405,0.152,0.618,0.14,-0.151,-0.096,0.002,-0.023,-0.113,-0.236,-0.169,0.586
MSFT,0.152,0.235,-0.562,0.296,-0.46,0.522,-0.452,0.443,0.744,-0.257,0.673,0.683,-0.232,-0.321,0.042,-0.568,-0.39,0.412,0.145,-0.248,-0.261,0.463,-0.397,-0.294,-0.492,-0.506,0.527,-0.337,0.597,0.33,0.434,0.289,0.356,-0.511,-0.599,0.134,0.535,0.561,0.693,0.054,0.638,-0.553,-0.584,-0.359,0.407,-0.449,0.592,-0.653,0.514,-0.456,-0.403,0.601,1.0,-0.156,0.169,-0.38,0.384,-0.355,-0.492,0.158,-0.532,-0.491,-0.09,-0.359,0.507,0.24,0.044,-0.568,0.487,-0.49,-0.472,0.523,-0.496,0.102,-0.03,-0.126,-0.5,-0.252,-0.274,-0.441,0.256,-0.379,-0.179,0.426,-0.322,-0.145,0.135,0.553,-0.277,0.054,0.731,0.24,-0.089,0.122,-0.112,-0.233,0.0,-0.444,-0.022,0.699
MSTR,-0.119,0.333,0.491,0.504,0.41,0.077,0.487,-0.169,-0.028,0.254,-0.18,-0.173,0.149,0.426,0.08,0.496,0.502,0.15,0.126,0.407,0.413,-0.35,0.38,0.381,0.466,0.493,-0.072,0.41,-0.396,-0.166,-0.247,0.188,0.187,0.325,0.415,0.183,-0.164,0.064,-0.168,0.093,-0.068,0.386,0.369,0.607,0.071,0.42,-0.144,0.543,0.125,0.435,0.194,-0.196,-0.156,1.0,0.26,0.136,-0.318,0.31,0.358,0.285,0.376,0.289,0.172,0.41,-0.109,0.091,0.35,0.373,-0.047,0.626,0.262,-0.261,0.373,0.226,0.535,0.42,0.457,0.258,0.125,0.286,0.001,0.697,0.588,-0.307,0.571,0.208,0.037,0.181,0.329,0.194,0.051,0.115,0.054,0.319,0.346,0.084,0.079,0.241,0.223,-0.094
MU,0.002,0.087,0.314,0.462,0.173,0.208,0.281,0.095,0.097,0.153,-0.161,-0.145,0.483,0.342,0.268,0.352,0.487,-0.152,0.627,0.511,0.463,-0.183,0.43,0.29,0.353,0.309,0.021,0.344,-0.203,-0.167,0.098,0.57,0.543,0.274,0.426,-0.091,0.175,0.055,-0.038,0.16,-0.081,0.223,0.3,0.384,0.299,0.009,0.061,0.259,-0.03,0.314,0.147,-0.081,0.169,0.26,1.0,0.155,-0.185,0.419,0.289,0.274,0.297,0.126,0.399,0.422,-0.147,0.2,0.454,0.257,-0.277,0.308,0.289,0.046,0.392,0.16,0.004,-0.068,-0.139,0.075,0.299,0.376,-0.015,0.389,0.014,-0.12,0.331,0.159,-0.223,0.109,0.548,0.493,0.086,0.349,0.205,0.326,0.023,0.153,-0.046,0.234,0.781,0.113
MVIS,-0.023,0.149,0.495,0.027,0.102,-0.141,0.338,-0.06,-0.394,0.793,-0.51,-0.541,0.157,0.222,0.116,0.42,0.317,-0.44,0.31,0.556,0.545,-0.127,0.632,0.693,0.298,0.529,-0.509,0.269,-0.316,-0.315,0.01,0.27,0.215,0.502,0.347,0.025,-0.054,0.052,-0.398,0.133,-0.365,0.321,0.663,0.296,-0.272,0.029,-0.136,0.426,-0.07,0.567,0.796,-0.236,-0.38,0.136,0.155,1.0,-0.131,0.547,0.643,0.091,0.301,0.101,0.543,0.398,-0.373,0.474,0.125,0.702,-0.535,0.516,0.148,-0.268,0.08,-0.07,-0.152,-0.046,0.101,-0.1,0.35,0.523,-0.076,0.197,0.177,0.017,0.091,-0.03,-0.357,-0.336,0.535,0.344,-0.359,0.543,0.22,0.326,0.443,0.576,-0.074,0.497,0.356,-0.453
NFLX,0.259,0.177,-0.473,-0.144,-0.45,0.396,-0.462,0.022,0.288,-0.188,0.394,0.41,-0.52,-0.489,-0.002,-0.47,-0.581,0.326,-0.199,-0.496,-0.432,0.566,-0.504,-0.338,-0.442,-0.402,0.192,-0.397,0.334,0.142,0.287,0.12,0.097,-0.188,-0.484,0.148,0.267,0.199,0.314,0.141,0.306,-0.487,-0.344,-0.344,-0.095,-0.394,0.45,-0.479,0.313,-0.399,-0.043,0.567,0.384,-0.318,-0.185,-0.131,1.0,-0.514,-0.41,0.167,-0.53,-0.411,0.15,-0.498,0.165,0.043,-0.018,-0.272,0.296,-0.422,-0.189,0.258,-0.565,0.332,-0.199,-0.169,-0.264,-0.314,0.231,-0.327,0.399,-0.482,-0.286,0.412,-0.476,-0.267,0.416,0.154,-0.36,0.244,0.296,-0.002,0.021,-0.168,0.02,0.073,-0.259,-0.196,-0.308,0.448
NNDM,-0.34,-0.107,0.526,0.279,0.518,-0.097,0.46,-0.139,-0.36,0.41,-0.566,-0.453,0.362,0.566,0.017,0.498,0.66,-0.146,0.481,0.494,0.603,-0.636,0.829,0.435,0.445,0.454,-0.085,0.55,-0.565,-0.309,-0.379,0.122,0.113,0.322,0.522,-0.347,-0.357,-0.245,-0.522,-0.276,-0.265,0.515,0.516,0.419,0.101,0.378,-0.416,0.522,-0.258,0.802,0.347,-0.489,-0.355,0.31,0.419,0.547,-0.514,1.0,0.648,0.154,0.503,0.436,0.186,0.628,-0.288,-0.056,0.303,0.556,-0.408,0.486,0.347,-0.329,0.45,0.125,0.237,0.146,0.299,0.298,0.128,0.423,-0.352,0.521,0.332,-0.542,0.528,0.198,-0.42,-0.047,0.556,0.068,-0.218,0.161,-0.024,0.085,-0.016,-0.024,0.099,0.237,0.317,-0.298
NVAX,-0.359,0.122,0.642,0.162,0.474,-0.038,0.517,-0.394,-0.553,0.62,-0.714,-0.609,0.305,0.603,-0.12,0.672,0.654,-0.262,0.36,0.517,0.559,-0.411,0.82,0.57,0.521,0.668,-0.368,0.556,-0.571,-0.284,-0.386,0.267,0.249,0.56,0.546,-0.225,-0.419,-0.043,-0.662,-0.248,-0.397,0.742,0.728,0.579,-0.315,0.424,-0.458,0.672,-0.159,0.816,0.651,-0.445,-0.492,0.358,0.289,0.643,-0.41,0.648,1.0,0.306,0.57,0.493,0.477,0.719,-0.509,0.093,0.475,0.674,-0.485,0.628,0.532,-0.518,0.485,0.242,0.123,0.164,0.317,0.254,0.424,0.81,-0.395,0.51,0.422,-0.479,0.503,0.081,-0.266,-0.333,0.669,0.435,-0.43,0.328,-0.048,0.081,0.234,0.426,-0.229,0.322,0.292,-0.408
NVDA,-0.42,0.54,0.292,0.505,0.426,0.651,0.2,-0.315,0.191,0.176,-0.137,-0.001,-0.118,0.319,-0.355,0.279,0.309,0.453,0.455,0.147,0.182,0.086,0.23,0.129,0.12,0.301,0.34,0.379,-0.348,-0.344,-0.28,0.437,0.433,0.234,0.098,-0.283,-0.183,0.228,-0.236,-0.292,0.405,0.366,0.182,0.553,-0.165,0.292,0.04,0.253,0.325,0.322,0.243,0.341,0.158,0.285,0.274,0.091,0.167,0.154,0.306,1.0,0.148,0.209,0.572,0.294,-0.278,0.009,0.803,0.184,0.032,0.286,0.397,-0.306,0.18,0.691,0.421,0.341,0.063,0.199,0.665,0.351,-0.191,0.196,0.488,-0.313,0.5,-0.03,-0.043,0.198,0.367,0.529,0.242,0.272,-0.281,-0.224,-0.045,0.141,-0.408,-0.127,0.038,0.186
NWL,-0.269,0.116,0.765,0.107,0.644,-0.148,0.657,-0.357,-0.453,0.31,-0.673,-0.6,0.619,0.663,0.085,0.823,0.68,-0.346,0.241,0.59,0.502,-0.556,0.621,0.527,0.802,0.775,-0.383,0.6,-0.64,-0.462,-0.315,0.235,0.202,0.7,0.755,-0.045,-0.557,-0.389,-0.635,-0.217,-0.426,0.797,0.749,0.654,-0.236,0.609,-0.597,0.775,-0.232,0.673,0.338,-0.56,-0.532,0.376,0.297,0.301,-0.53,0.503,0.57,0.148,1.0,0.626,0.187,0.742,-0.506,-0.184,0.241,0.582,-0.405,0.614,0.634,-0.51,0.746,0.131,0.25,0.304,0.479,0.446,0.311,0.657,-0.359,0.613,0.418,-0.599,0.633,0.269,-0.239,-0.336,0.602,0.128,-0.49,0.152,0.049,0.041,0.057,0.073,0.024,0.331,0.268,-0.555
OCGN,-0.421,-0.034,0.58,0.181,0.759,-0.112,0.359,-0.546,-0.415,0.161,-0.606,-0.464,0.245,0.829,-0.302,0.608,0.62,-0.023,0.14,0.2,0.465,-0.455,0.482,0.191,0.458,0.419,-0.144,0.492,-0.739,-0.536,-0.588,-0.048,-0.084,0.419,0.472,-0.406,-0.562,-0.297,-0.628,-0.488,-0.216,0.654,0.437,0.549,-0.328,0.886,-0.598,0.63,-0.374,0.619,0.261,-0.508,-0.491,0.289,0.126,0.101,-0.411,0.436,0.493,0.209,0.626,1.0,-0.011,0.691,-0.537,-0.377,0.267,0.256,-0.249,0.423,0.564,-0.623,0.737,0.28,0.346,0.298,0.676,0.851,0.212,0.377,-0.568,0.576,0.384,-0.529,0.631,0.532,0.019,-0.12,0.459,0.054,-0.41,-0.048,-0.186,-0.192,-0.142,-0.146,-0.173,-0.09,-0.005,-0.394
