,AAL,AAPL,AGNC,AMAT,AMD,AMZN,APA,ARDX,AVGO,AZN,BIDU,BILI,BKR,CAN,CHRD,CMCSA,CPRT,CRWD,CSCO,CSX,DKNG,EBAY,ERIC,EXC,FITB,FLEX,FTNT,GEN,GERN,GEVO,GILD,GOOG,GOOGL,GT,HBAN,HST,INTC,IOVA,IQ,JBLU,JD,KDP,KHC,LRCX,LYFT,MARA,MCHP,MDLZ,META,MNST,MRNA,MRVL,MSFT,MSTR,MU,MVIS,NFLX,NNDM,NVAX,NVDA,NWL,OCGN,ON,OPK,PAA,PACB,PANW,PARA,PDD,PENN,PEP,PLUG,PTEN,PTON,PYPL,QCOM,QVCGA,RIOT,ROKU,RUN,SABR,SBUX,SMCI,SNDL,STNE,TCOM,TLRY,TMUS,TSCO,TSLA,TTD,TXN,UAL,VOD,VTRS,VXRT,WBA,WBD,WDC,ZM
AAL,1.0,0.604,0.737,0.643,-0.057,0.471,0.777,-0.451,0.854,-0.332,0.528,0.392,0.738,-0.548,0.801,0.574,0.351,0.619,0.495,0.568,0.416,0.826,0.577,0.67,0.796,0.691,-0.449,0.26,-0.328,0.645,0.478,0.513,0.474,0.862,0.832,0.823,0.405,-0.579,0.369,0.962,0.592,0.613,0.835,0.745,0.864,0.631,0.681,0.667,0.239,0.311,-0.446,0.582,0.475,0.271,0.815,0.468,-0.393,0.078,-0.348,0.215,0.87,-0.251,0.839,0.053,0.753,0.636,0.014,0.805,0.489,0.475,0.033,0.855,0.771,0.16,0.491,0.721,0.818,0.469,-0.298,0.646,0.82,0.506,0.783,0.465,0.689,0.688,0.191,0.517,0.476,0.571,0.705,0.776,0.958,0.625,0.611,-0.663,0.629,0.812,0.76,0.568
AAPL,0.604,1.0,0.539,0.67,0.389,0.878,0.588,-0.383,0.72,-0.253,0.562,0.515,0.562,-0.566,0.624,0.602,0.3,0.55,0.563,0.517,0.378,0.633,0.448,0.734,0.631,0.569,-0.393,0.25,-0.103,0.366,0.253,0.755,0.703,0.653,0.673,0.568,0.421,-0.487,0.3,0.544,0.688,0.582,0.664,0.737,0.699,0.61,0.536,0.552,0.464,0.296,-0.282,0.526,0.88,0.212,0.615,0.635,-0.121,0.143,-0.233,0.591,0.625,-0.319,0.653,0.148,0.638,0.381,0.008,0.722,0.58,0.277,0.158,0.778,0.574,0.307,0.702,0.763,0.624,0.55,-0.204,0.529,0.525,0.386,0.731,0.539,0.599,0.587,0.113,0.671,0.469,0.829,0.672,0.718,0.638,0.575,0.547,-0.621,0.567,0.563,0.542,0.565
AGNC,0.737,0.539,1.0,0.712,-0.075,0.355,0.852,-0.09,0.751,-0.145,0.542,0.539,0.864,-0.551,0.595,0.708,0.669,0.556,0.722,0.726,0.469,0.694,0.582,0.706,0.791,0.868,-0.327,0.384,-0.272,0.638,0.484,0.628,0.599,0.748,0.814,0.812,0.672,-0.23,0.227,0.775,0.515,0.708,0.718,0.736,0.718,0.42,0.743,0.557,0.456,0.498,-0.442,0.724,0.385,0.524,0.707,0.413,-0.502,0.3,-0.23,0.276,0.84,-0.204,0.758,-0.105,0.805,0.63,0.203,0.768,0.405,0.591,-0.018,0.619,0.884,0.006,0.51,0.636,0.846,0.387,-0.424,0.663,0.855,0.656,0.792,0.495,0.678,0.815,0.429,0.451,0.529,0.451,0.64,0.73,0.776,0.655,0.698,-0.517,0.725,0.747,0.777,0.428
AMAT,0.643,0.67,0.712,1.0,0.172,0.581,0.69,-0.208,0.735,-0.088,0.671,0.569,0.676,-0.624,0.532,0.884,0.608,0.522,0.758,0.718,0.527,0.675,0.589,0.812,0.661,0.746,-0.194,0.358,-0.124,0.551,0.445,0.689,0.696,0.628,0.669,0.766,0.627,-0.452,0.361,0.649,0.837,0.621,0.694,0.935,0.699,0.509,0.695,0.568,0.512,0.591,-0.277,0.604,0.582,0.641,0.767,0.604,-0.246,0.389,-0.049,0.555,0.651,-0.381,0.7,0.013,0.695,0.588,0.212,0.698,0.454,0.611,0.225,0.567,0.757,0.273,0.653,0.897,0.68,0.586,-0.278,0.747,0.667,0.564,0.677,0.457,0.667,0.771,0.288,0.624,0.604,0.51,0.636,0.833,0.657,0.72,0.641,-0.379,0.845,0.66,0.764,0.476
AMD,-0.057,0.389,-0.075,0.172,1.0,0.598,0.035,0.297,-0.028,0.148,0.136,0.254,-0.148,0.242,0.084,-0.058,-0.237,-0.074,0.022,-0.159,-0.318,-0.069,-0.199,0.01,-0.102,0.064,0.343,0.034,0.383,-0.163,-0.084,0.147,0.089,-0.119,-0.089,-0.065,0.114,0.214,0.132,-0.125,0.152,-0.108,-0.045,0.077,-0.012,0.215,-0.107,-0.04,0.207,-0.28,0.437,-0.189,0.616,-0.276,0.088,0.437,0.654,0.032,0.257,0.659,-0.088,0.161,-0.054,0.578,0.006,0.102,0.06,-0.002,0.061,-0.303,0.269,0.247,-0.048,0.275,0.208,0.126,-0.155,0.296,0.46,-0.068,-0.143,-0.006,0.01,-0.115,-0.097,-0.059,-0.318,0.156,-0.207,0.242,0.125,-0.018,-0.055,-0.089,-0.045,0.178,-0.132,-0.098,0.017,-0.026
AMZN,0.471,0.878,0.355,0.581,0.598,1.0,0.458,-0.297,0.533,-0.067,0.595,0.517,0.373,-0.455,0.578,0.479,0.197,0.45,0.413,0.304,0.191,0.507,0.31,0.565,0.467,0.446,-0.177,0.237,0.002,0.253,0.165,0.605,0.566,0.523,0.456,0.412,0.302,-0.471,0.359,0.417,0.653,0.435,0.535,0.577,0.561,0.586,0.387,0.444,0.503,0.094,-0.051,0.356,0.856,0.031,0.503,0.727,0.182,0.188,-0.155,0.683,0.489,-0.298,0.535,0.367,0.541,0.298,0.07,0.637,0.512,0.192,0.147,0.694,0.408,0.397,0.619,0.636,0.429,0.59,-0.016,0.503,0.372,0.261,0.622,0.395,0.471,0.446,-0.011,0.653,0.313,0.822,0.592,0.549,0.508,0.491,0.459,-0.435,0.384,0.431,0.412,0.498
APA,0.777,0.588,0.852,0.69,0.035,0.458,1.0,-0.156,0.706,-0.244,0.588,0.561,0.801,-0.461,0.818,0.642,0.498,0.501,0.632,0.574,0.335,0.63,0.428,0.653,0.736,0.887,-0.292,0.297,-0.181,0.628,0.564,0.541,0.525,0.778,0.755,0.81,0.52,-0.235,0.385,0.759,0.598,0.594,0.821,0.748,0.75,0.451,0.645,0.605,0.334,0.285,-0.302,0.595,0.522,0.337,0.73,0.474,-0.298,0.124,-0.225,0.305,0.842,-0.056,0.783,0.179,0.81,0.611,0.085,0.754,0.464,0.38,0.145,0.671,0.907,0.153,0.456,0.693,0.782,0.393,-0.258,0.622,0.849,0.582,0.791,0.462,0.63,0.782,0.229,0.503,0.415,0.54,0.692,0.728,0.758,0.594,0.634,-0.568,0.685,0.803,0.725,0.442
ARDX,-0.451,-0.383,-0.09,-0.208,0.297,-0.297,-0.156,1.0,-0.39,0.313,-0.154,-0.055,-0.226,0.511,-0.365,-0.196,-0.072,-0.51,-0.055,-0.192,-0.525,-0.49,-0.392,-0.314,-0.407,-0.149,0.464,-0.093,0.342,-0.181,-0.162,-0.153,-0.138,-0.474,-0.415,-0.289,0.277,0.78,-0.274,-0.389,-0.393,-0.453,-0.396,-0.408,-0.414,-0.484,-0.419,-0.359,0.046,-0.15,0.418,-0.428,-0.188,-0.037,-0.386,-0.185,0.318,0.18,0.426,-0.028,-0.384,0.465,-0.467,0.182,-0.23,0.068,0.309,-0.362,-0.473,-0.235,0.042,-0.419,-0.257,-0.348,-0.323,-0.416,-0.415,-0.224,0.347,-0.322,-0.297,0.138,-0.406,-0.403,-0.526,-0.251,-0.052,-0.388,-0.513,-0.533,-0.468,-0.412,-0.39,-0.288,-0.248,0.654,-0.286,-0.317,-0.114,-0.592
AVGO,0.854,0.72,0.751,0.735,-0.028,0.533,0.706,-0.39,1.0,-0.162,0.517,0.427,0.838,-0.629,0.664,0.743,0.554,0.774,0.734,0.735,0.621,0.813,0.806,0.819,0.822,0.727,-0.362,0.398,-0.345,0.709,0.456,0.743,0.711,0.85,0.849,0.808,0.58,-0.583,0.291,0.864,0.657,0.731,0.865,0.81,0.881,0.621,0.788,0.792,0.37,0.555,-0.498,0.753,0.566,0.457,0.809,0.463,-0.471,0.195,-0.308,0.29,0.831,-0.435,0.857,-0.102,0.803,0.714,0.166,0.817,0.522,0.532,0.09,0.741,0.751,0.247,0.69,0.797,0.872,0.585,-0.385,0.732,0.775,0.647,0.873,0.498,0.744,0.777,0.31,0.592,0.623,0.658,0.765,0.918,0.896,0.755,0.747,-0.611,0.749,0.808,0.832,0.711
AZN,-0.332,-0.253,-0.145,-0.088,0.148,-0.067,-0.244,0.313,-0.162,1.0,-0.196,-0.167,-0.097,0.071,-0.365,-0.039,0.273,-0.059,0.089,-0.054,-0.055,-0.198,0.094,-0.174,-0.222,-0.136,0.49,0.205,0.093,0.072,-0.14,0.018,0.054,-0.243,-0.28,-0.232,0.225,0.231,-0.244,-0.291,-0.225,-0.026,-0.25,-0.211,-0.325,-0.203,-0.139,-0.063,0.263,0.191,0.215,-0.011,-0.12,0.119,-0.226,-0.166,0.225,0.192,0.221,0.173,-0.231,-0.07,-0.221,-0.046,-0.058,0.001,0.468,-0.232,-0.224,0.156,0.009,-0.353,-0.188,0.038,0.032,-0.23,-0.15,0.045,0.101,-0.081,-0.216,0.091,-0.204,-0.256,-0.245,-0.174,0.165,-0.212,-0.112,-0.211,-0.183,-0.175,-0.288,-0.091,-0.023,0.403,-0.138,-0.266,-0.118,-0.144
BIDU,0.528,0.562,0.542,0.671,0.136,0.595,0.588,-0.154,0.517,-0.196,1.0,0.774,0.444,-0.55,0.546,0.648,0.446,0.378,0.428,0.459,0.243,0.531,0.327,0.496,0.492,0.615,-0.188,0.099,0.13,0.388,0.204,0.447,0.457,0.576,0.487,0.591,0.379,-0.441,0.548,0.518,0.773,0.497,0.631,0.596,0.606,0.482,0.495,0.427,0.504,0.203,-0.011,0.47,0.471,0.327,0.504,0.736,-0.128,0.477,0.065,0.537,0.599,-0.256,0.576,0.15,0.557,0.353,0.156,0.623,0.591,0.482,-0.01,0.52,0.555,0.143,0.468,0.596,0.464,0.473,-0.147,0.665,0.544,0.317,0.591,0.415,0.517,0.683,0.175,0.695,0.307,0.502,0.548,0.6,0.562,0.639,0.396,-0.313,0.481,0.472,0.501,0.419
BILI,0.392,0.515,0.539,0.569,0.254,0.517,0.561,-0.055,0.427,-0.167,0.774,1.0,0.408,-0.394,0.422,0.506,0.333,0.428,0.386,0.376,0.216,0.476,0.253,0.393,0.367,0.622,0.01,0.15,0.112,0.288,0.11,0.375,0.356,0.444,0.423,0.472,0.318,-0.154,0.566,0.364,0.655,0.504,0.5,0.532,0.455,0.441,0.435,0.331,0.397,0.174,0.089,0.486,0.483,0.141,0.404,0.604,-0.057,0.447,0.087,0.569,0.521,-0.319,0.472,0.177,0.464,0.227,0.096,0.475,0.601,0.297,0.039,0.42,0.522,0.241,0.509,0.517,0.455,0.4,-0.13,0.536,0.472,0.178,0.563,0.259,0.421,0.637,0.042,0.608,0.27,0.473,0.555,0.515,0.411,0.44,0.267,-0.207,0.37,0.345,0.369,0.452
BKR,0.738,0.562,0.864,0.676,-0.148,0.373,0.801,-0.226,0.838,-0.097,0.444,0.408,1.0,-0.607,0.658,0.749,0.696,0.651,0.816,0.8,0.635,0.741,0.747,0.831,0.867,0.82,-0.341,0.551,-0.388,0.779,0.558,0.715,0.711,0.822,0.859,0.825,0.669,-0.39,0.186,0.801,0.517,0.737,0.824,0.732,0.72,0.425,0.778,0.773,0.388,0.661,-0.58,0.756,0.392,0.543,0.723,0.357,-0.563,0.237,-0.352,0.165,0.856,-0.32,0.818,-0.121,0.853,0.645,0.252,0.825,0.37,0.576,0.095,0.597,0.833,0.059,0.6,0.677,0.931,0.442,-0.43,0.714,0.874,0.7,0.856,0.51,0.725,0.764,0.445,0.528,0.665,0.529,0.612,0.784,0.798,0.769,0.857,-0.577,0.823,0.842,0.798,0.499
CAN,-0.548,-0.566,-0.551,-0.624,0.242,-0.455,-0.461,0.511,-0.629,0.071,-0.55,-0.394,-0.607,1.0,-0.399,-0.736,-0.638,-0.569,-0.632,-0.739,-0.634,-0.668,-0.575,-0.664,-0.646,-0.482,0.351,-0.331,0.342,-0.531,-0.31,-0.703,-0.721,-0.664,-0.629,-0.618,-0.408,0.687,-0.244,-0.583,-0.634,-0.742,-0.61,-0.699,-0.614,-0.318,-0.67,-0.609,-0.54,-0.642,0.432,-0.683,-0.309,-0.497,-0.588,-0.339,0.491,-0.335,0.276,-0.359,-0.629,0.521,-0.615,0.353,-0.593,-0.241,-0.27,-0.675,-0.589,-0.779,0.081,-0.448,-0.539,-0.064,-0.683,-0.585,-0.644,-0.288,0.508,-0.736,-0.588,-0.357,-0.627,-0.647,-0.781,-0.653,-0.545,-0.6,-0.79,-0.523,-0.533,-0.602,-0.62,-0.745,-0.619,0.577,-0.71,-0.557,-0.589,-0.461
CHRD,0.801,0.624,0.595,0.532,0.084,0.578,0.818,-0.365,0.664,-0.365,0.546,0.422,0.658,-0.399,1.0,0.484,0.274,0.467,0.403,0.393,0.229,0.562,0.403,0.588,0.699,0.613,-0.378,0.222,-0.141,0.593,0.437,0.436,0.44,0.799,0.669,0.69,0.287,-0.458,0.364,0.765,0.573,0.422,0.84,0.609,0.772,0.516,0.486,0.625,0.2,0.091,-0.284,0.405,0.58,0.099,0.644,0.487,-0.186,0.031,-0.297,0.248,0.743,-0.055,0.811,0.401,0.722,0.498,0.013,0.789,0.463,0.22,0.081,0.768,0.661,0.192,0.381,0.656,0.68,0.413,-0.066,0.502,0.735,0.467,0.775,0.481,0.521,0.553,0.063,0.532,0.279,0.643,0.623,0.673,0.764,0.542,0.583,-0.595,0.527,0.796,0.572,0.47
CMCSA,0.574,0.602,0.708,0.884,-0.058,0.479,0.642,-0.196,0.743,-0.039,0.648,0.506,0.749,-0.736,0.484,1.0,0.761,0.507,0.82,0.867,0.626,0.618,0.661,0.851,0.729,0.676,-0.22,0.349,-0.272,0.649,0.39,0.774,0.81,0.704,0.705,0.79,0.687,-0.472,0.212,0.645,0.742,0.615,0.731,0.832,0.676,0.379,0.727,0.651,0.607,0.72,-0.368,0.67,0.446,0.75,0.694,0.513,-0.424,0.482,-0.07,0.415,0.666,-0.454,0.705,-0.168,0.764,0.565,0.319,0.757,0.411,0.757,0.116,0.457,0.685,0.178,0.673,0.8,0.718,0.524,-0.468,0.845,0.689,0.648,0.678,0.511,0.724,0.735,0.514,0.621,0.701,0.474,0.548,0.817,0.66,0.865,0.744,-0.397,0.901,0.694,0.794,0.439
CPRT,0.351,0.3,0.669,0.608,-0.237,0.197,0.498,-0.072,0.554,0.273,0.446,0.333,0.696,-0.638,0.274,0.761,1.0,0.42,0.695,0.757,0.568,0.421,0.635,0.583,0.624,0.552,-0.16,0.433,-0.269,0.671,0.301,0.628,0.681,0.572,0.547,0.617,0.742,-0.28,-0.043,0.466,0.426,0.655,0.519,0.559,0.446,0.167,0.62,0.51,0.637,0.718,-0.448,0.673,0.127,0.739,0.444,0.202,-0.559,0.51,-0.096,0.273,0.545,-0.333,0.561,-0.369,0.696,0.422,0.494,0.558,0.31,0.801,-0.12,0.206,0.581,-0.135,0.436,0.439,0.599,0.341,-0.475,0.624,0.625,0.603,0.548,0.476,0.567,0.589,0.688,0.32,0.573,0.281,0.387,0.591,0.446,0.676,0.634,-0.254,0.685,0.53,0.638,0.273
CRWD,0.619,0.55,0.556,0.522,-0.074,0.45,0.501,-0.51,0.774,-0.059,0.378,0.428,0.651,-0.569,0.467,0.507,0.42,1.0,0.539,0.468,0.728,0.775,0.788,0.584,0.598,0.617,-0.221,0.512,-0.381,0.487,0.41,0.544,0.493,0.596,0.647,0.543,0.259,-0.541,0.32,0.641,0.539,0.742,0.644,0.641,0.706,0.621,0.731,0.663,0.284,0.498,-0.402,0.847,0.443,0.238,0.641,0.383,-0.421,0.13,-0.306,0.251,0.713,-0.573,0.713,-0.056,0.523,0.378,0.192,0.535,0.562,0.409,0.064,0.566,0.613,0.432,0.722,0.664,0.732,0.544,-0.25,0.664,0.555,0.287,0.777,0.409,0.657,0.65,0.152,0.55,0.642,0.676,0.828,0.755,0.656,0.567,0.507,-0.542,0.536,0.492,0.494,0.932
CSCO,0.495,0.563,0.722,0.758,0.022,0.413,0.632,-0.055,0.734,0.089,0.428,0.386,0.816,-0.632,0.403,0.82,0.695,0.539,1.0,0.774,0.63,0.603,0.666,0.835,0.702,0.742,-0.108,0.652,-0.23,0.644,0.606,0.775,0.774,0.6,0.688,0.688,0.725,-0.344,0.228,0.554,0.595,0.675,0.665,0.741,0.573,0.333,0.693,0.742,0.415,0.727,-0.321,0.667,0.466,0.628,0.661,0.319,-0.355,0.242,-0.149,0.341,0.631,-0.402,0.601,-0.158,0.72,0.603,0.306,0.678,0.334,0.568,0.336,0.425,0.728,0.133,0.701,0.683,0.735,0.464,-0.375,0.679,0.621,0.714,0.682,0.399,0.658,0.774,0.401,0.598,0.701,0.456,0.529,0.712,0.589,0.78,0.816,-0.415,0.844,0.674,0.738,0.402
CSX,0.568,0.517,0.726,0.718,-0.159,0.304,0.574,-0.192,0.735,-0.054,0.459,0.376,0.8,-0.739,0.393,0.867,0.757,0.468,0.774,1.0,0.626,0.589,0.66,0.787,0.764,0.614,-0.246,0.339,-0.409,0.673,0.33,0.796,0.803,0.726,0.768,0.764,0.719,-0.396,0.037,0.661,0.524,0.664,0.661,0.738,0.627,0.285,0.81,0.656,0.552,0.784,-0.525,0.716,0.319,0.714,0.705,0.292,-0.544,0.425,-0.186,0.275,0.699,-0.37,0.702,-0.38,0.744,0.536,0.273,0.727,0.337,0.773,-0.024,0.421,0.634,-0.05,0.65,0.621,0.765,0.37,-0.574,0.756,0.76,0.626,0.646,0.475,0.794,0.675,0.62,0.452,0.743,0.323,0.463,0.707,0.673,0.77,0.76,-0.405,0.842,0.709,0.832,0.322
DKNG,0.416,0.378,0.469,0.527,-0.318,0.191,0.335,-0.525,0.621,-0.055,0.243,0.216,0.635,-0.634,0.229,0.626,0.568,0.728,0.63,0.626,1.0,0.618,0.745,0.642,0.574,0.485,-0.217,0.522,-0.391,0.557,0.439,0.556,0.548,0.504,0.599,0.565,0.269,-0.548,0.093,0.485,0.482,0.648,0.554,0.614,0.49,0.372,0.69,0.657,0.25,0.778,-0.519,0.767,0.196,0.573,0.58,0.193,-0.567,0.135,-0.166,0.134,0.522,-0.568,0.551,-0.358,0.432,0.237,0.156,0.441,0.35,0.577,0.104,0.316,0.5,0.274,0.632,0.598,0.684,0.384,-0.444,0.69,0.47,0.301,0.581,0.445,0.705,0.555,0.388,0.466,0.851,0.462,0.511,0.644,0.459,0.61,0.612,-0.519,0.727,0.464,0.486,0.661
EBAY,0.826,0.633,0.694,0.675,-0.069,0.507,0.63,-0.49,0.813,-0.198,0.531,0.476,0.741,-0.668,0.562,0.618,0.421,0.775,0.603,0.589,0.618,1.0,0.678,0.706,0.714,0.705,-0.406,0.424,-0.337,0.517,0.519,0.605,0.553,0.717,0.769,0.716,0.39,-0.6,0.438,0.819,0.644,0.775,0.736,0.775,0.73,0.638,0.722,0.7,0.323,0.533,-0.44,0.738,0.497,0.366,0.747,0.51,-0.424,0.155,-0.392,0.32,0.831,-0.488,0.73,-0.09,0.623,0.452,0.114,0.694,0.586,0.558,0.134,0.754,0.742,0.305,0.703,0.76,0.818,0.52,-0.369,0.711,0.708,0.348,0.785,0.526,0.718,0.732,0.241,0.659,0.675,0.631,0.767,0.773,0.814,0.651,0.578,-0.658,0.656,0.614,0.641,0.712
ERIC,0.577,0.448,0.582,0.589,-0.199,0.31,0.428,-0.392,0.806,0.094,0.327,0.253,0.747,-0.575,0.403,0.661,0.635,0.788,0.666,0.66,0.745,0.678,1.0,0.728,0.719,0.562,-0.207,0.432,-0.367,0.654,0.369,0.595,0.617,0.654,0.673,0.614,0.462,-0.565,0.149,0.673,0.492,0.635,0.649,0.634,0.716,0.525,0.749,0.661,0.311,0.668,-0.51,0.776,0.296,0.553,0.611,0.307,-0.529,0.224,-0.228,0.162,0.655,-0.582,0.766,-0.182,0.618,0.592,0.319,0.636,0.362,0.562,0.096,0.444,0.556,0.276,0.596,0.655,0.749,0.531,-0.349,0.663,0.65,0.57,0.72,0.43,0.615,0.6,0.396,0.46,0.651,0.495,0.626,0.78,0.671,0.715,0.696,-0.428,0.685,0.611,0.642,0.68
EXC,0.67,0.734,0.706,0.812,0.01,0.565,0.653,-0.314,0.819,-0.174,0.496,0.393,0.831,-0.664,0.588,0.851,0.583,0.584,0.835,0.787,0.642,0.706,0.728,1.0,0.834,0.717,-0.314,0.452,-0.277,0.664,0.441,0.791,0.782,0.743,0.824,0.785,0.591,-0.54,0.215,0.725,0.707,0.647,0.748,0.822,0.732,0.512,0.749,0.726,0.41,0.66,-0.487,0.642,0.567,0.618,0.75,0.428,-0.388,0.195,-0.226,0.334,0.713,-0.465,0.741,-0.097,0.792,0.641,0.199,0.83,0.415,0.562,0.261,0.635,0.726,0.168,0.684,0.836,0.805,0.543,-0.378,0.731,0.715,0.717,0.749,0.541,0.73,0.727,0.392,0.634,0.711,0.63,0.583,0.794,0.751,0.821,0.87,-0.589,0.902,0.786,0.791,0.493
FITB,0.796,0.631,0.791,0.661,-0.102,0.467,0.736,-0.407,0.822,-0.222,0.492,0.367,0.867,-0.646,0.699,0.729,0.624,0.598,0.702,0.764,0.574,0.714,0.719,0.834,1.0,0.743,-0.412,0.396,-0.366,0.681,0.502,0.67,0.66,0.907,0.951,0.871,0.541,-0.553,0.226,0.861,0.57,0.697,0.811,0.737,0.809,0.639,0.79,0.716,0.361,0.493,-0.546,0.698,0.455,0.489,0.762,0.415,-0.513,0.169,-0.354,0.212,0.836,-0.359,0.863,-0.085,0.865,0.669,0.118,0.888,0.429,0.579,0.071,0.756,0.769,0.085,0.544,0.7,0.838,0.56,-0.456,0.694,0.853,0.696,0.803,0.539,0.778,0.742,0.426,0.56,0.63,0.631,0.64,0.767,0.866,0.828,0.838,-0.664,0.778,0.819,0.796,0.51
FLEX,0.691,0.569,0.868,0.746,0.064,0.446,0.887,-0.149,0.727,-0.136,0.615,0.622,0.82,-0.482,0.613,0.676,0.552,0.617,0.742,0.614,0.485,0.705,0.562,0.717,0.743,1.0,-0.163,0.441,-0.143,0.598,0.57,0.565,0.521,0.699,0.785,0.777,0.545,-0.251,0.484,0.699,0.648,0.72,0.736,0.77,0.701,0.56,0.766,0.602,0.36,0.408,-0.276,0.741,0.475,0.428,0.745,0.524,-0.315,0.164,-0.168,0.36,0.828,-0.267,0.742,0.058,0.773,0.651,0.132,0.705,0.495,0.436,0.227,0.607,0.932,0.221,0.571,0.708,0.798,0.52,-0.29,0.671,0.807,0.589,0.778,0.409,0.676,0.9,0.25,0.593,0.511,0.546,0.731,0.741,0.711,0.659,0.681,-0.52,0.712,0.718,0.698,0.547
FTNT,-0.449,-0.393,-0.327,-0.194,0.343,-0.177,-0.292,0.464,-0.362,0.49,-0.188,0.01,-0.341,0.351,-0.378,-0.22,-0.16,-0.221,-0.108,-0.246,-0.217,-0.406,-0.207,-0.314,-0.412,-0.163,1.0,0.02,0.407,-0.098,-0.198,-0.179,-0.175,-0.434,-0.451,-0.254,-0.093,0.438,0.033,-0.423,-0.13,-0.303,-0.317,-0.312,-0.43,-0.219,-0.251,-0.136,-0.071,-0.085,0.675,-0.266,-0.101,-0.175,-0.258,-0.198,0.576,-0.05,0.592,0.227,-0.462,0.008,-0.405,0.282,-0.281,-0.079,0.24,-0.39,-0.191,-0.217,0.258,-0.459,-0.344,0.288,0.001,-0.292,-0.343,-0.017,0.393,-0.166,-0.34,-0.123,-0.386,-0.466,-0.321,-0.183,-0.19,-0.273,-0.23,-0.34,-0.273,-0.354,-0.438,-0.26,-0.157,0.667,-0.248,-0.347,-0.198,-0.225
GEN,0.26,0.25,0.384,0.358,0.034,0.237,0.297,-0.093,0.398,0.205,0.099,0.15,0.551,-0.331,0.222,0.349,0.433,0.512,0.652,0.339,0.522,0.424,0.432,0.452,0.396,0.441,0.02,1.0,-0.297,0.449,0.6,0.413,0.391,0.262,0.405,0.316,0.447,-0.258,0.106,0.29,0.25,0.514,0.332,0.364,0.204,0.222,0.401,0.557,0.181,0.512,-0.205,0.489,0.219,0.206,0.355,0.102,-0.297,0.12,-0.252,0.13,0.365,-0.338,0.297,-0.073,0.425,0.216,0.179,0.34,0.156,0.316,0.237,0.256,0.444,0.077,0.524,0.323,0.496,0.35,-0.173,0.389,0.315,0.316,0.425,0.126,0.352,0.42,0.064,0.383,0.473,0.336,0.326,0.351,0.291,0.47,0.51,-0.226,0.415,0.317,0.299,0.371
GERN,-0.328,-0.103,-0.272,-0.124,0.383,0.002,-0.181,0.342,-0.345,0.093,0.13,0.112,-0.388,0.342,-0.141,-0.272,-0.269,-0.381,-0.23,-0.409,-0.391,-0.337,-0.367,-0.277,-0.366,-0.143,0.407,-0.297,1.0,-0.225,-0.264,-0.248,-0.236,-0.345,-0.418,-0.2,-0.202,0.291,0.161,-0.387,0.051,-0.261,-0.175,-0.24,-0.264,-0.084,-0.424,-0.234,-0.182,-0.359,0.603,-0.444,0.092,-0.197,-0.309,0.048,0.558,-0.123,0.639,0.335,-0.397,0.274,-0.342,0.485,-0.342,-0.198,0.067,-0.303,-0.023,-0.389,0.195,-0.182,-0.257,0.027,-0.232,-0.176,-0.419,-0.102,0.624,-0.39,-0.353,-0.203,-0.302,-0.125,-0.405,-0.131,-0.27,-0.012,-0.411,-0.156,-0.262,-0.278,-0.375,-0.303,-0.251,0.342,-0.273,-0.291,-0.307,-0.307
GEVO,0.645,0.366,0.638,0.551,-0.163,0.253,0.628,-0.181,0.709,0.072,0.388,0.288,0.779,-0.531,0.593,0.649,0.671,0.487,0.644,0.673,0.557,0.517,0.654,0.664,0.681,0.598,-0.098,0.449,-0.225,1.0,0.351,0.577,0.63,0.713,0.632,0.753,0.572,-0.39,0.046,0.689,0.449,0.567,0.751,0.544,0.606,0.275,0.561,0.723,0.35,0.601,-0.418,0.539,0.229,0.468,0.563,0.266,-0.437,0.285,-0.013,0.186,0.639,-0.213,0.677,-0.061,0.733,0.585,0.388,0.667,0.294,0.578,0.005,0.439,0.581,0.006,0.463,0.506,0.758,0.374,-0.22,0.624,0.715,0.651,0.654,0.401,0.535,0.559,0.417,0.366,0.486,0.353,0.378,0.626,0.675,0.678,0.756,-0.353,0.701,0.74,0.698,0.361
GILD,0.478,0.253,0.484,0.445,-0.084,0.165,0.564,-0.162,0.456,-0.14,0.204,0.11,0.558,-0.31,0.437,0.39,0.301,0.41,0.606,0.33,0.439,0.519,0.369,0.441,0.502,0.57,-0.198,0.6,-0.264,0.351,1.0,0.304,0.285,0.396,0.499,0.469,0.302,-0.299,0.419,0.474,0.375,0.393,0.518,0.53,0.444,0.348,0.466,0.597,-0.05,0.302,-0.161,0.446,0.274,0.249,0.567,0.196,-0.243,-0.178,-0.321,-0.007,0.527,-0.139,0.447,0.057,0.417,0.384,-0.106,0.416,0.213,0.232,0.483,0.441,0.64,0.194,0.363,0.488,0.508,0.313,-0.196,0.405,0.485,0.325,0.48,0.209,0.459,0.55,0.036,0.454,0.468,0.317,0.495,0.487,0.439,0.469,0.478,-0.429,0.506,0.497,0.448,0.34
GOOG,0.513,0.755,0.628,0.689,0.147,0.605,0.541,-0.153,0.743,0.018,0.447,0.375,0.715,-0.703,0.436,0.774,0.628,0.544,0.775,0.796,0.556,0.605,0.595,0.791,0.67,0.565,-0.179,0.413,-0.248,0.577,0.304,1.0,0.966,0.669,0.669,0.681,0.695,-0.361,0.038,0.57,0.574,0.636,0.652,0.704,0.618,0.317,0.645,0.689,0.68,0.691,-0.423,0.656,0.619,0.534,0.612,0.403,-0.314,0.319,-0.159,0.504,0.602,-0.352,0.604,-0.127,0.709,0.492,0.423,0.71,0.465,0.608,0.07,0.529,0.556,0.145,0.813,0.658,0.671,0.468,-0.327,0.669,0.602,0.598,0.663,0.589,0.683,0.65,0.542,0.485,0.647,0.567,0.533,0.685,0.623,0.699,0.722,-0.441,0.751,0.608,0.734,0.412
GOOGL,0.474,0.703,0.599,0.696,0.089,0.566,0.525,-0.138,0.711,0.054,0.457,0.356,0.711,-0.721,0.44,0.81,0.681,0.493,0.774,0.803,0.548,0.553,0.617,0.782,0.66,0.521,-0.175,0.391,-0.236,0.63,0.285,0.966,1.0,0.673,0.616,0.684,0.695,-0.377,0.016,0.542,0.583,0.593,0.671,0.686,0.601,0.259,0.596,0.678,0.688,0.715,-0.414,0.615,0.553,0.579,0.542,0.422,-0.348,0.374,-0.112,0.472,0.57,-0.337,0.607,-0.109,0.708,0.467,0.456,0.693,0.421,0.64,0.062,0.457,0.503,0.136,0.775,0.644,0.651,0.431,-0.316,0.676,0.612,0.597,0.64,0.595,0.626,0.614,0.574,0.478,0.624,0.507,0.476,0.682,0.585,0.741,0.717,-0.377,0.772,0.601,0.71,0.366
GT,0.862,0.653,0.748,0.628,-0.119,0.523,0.778,-0.474,0.85,-0.243,0.576,0.444,0.822,-0.664,0.799,0.704,0.572,0.596,0.6,0.726,0.504,0.717,0.654,0.743,0.907,0.699,-0.434,0.262,-0.345,0.713,0.396,0.669,0.673,1.0,0.87,0.876,0.483,-0.601,0.28,0.883,0.603,0.692,0.907,0.727,0.858,0.565,0.753,0.743,0.4,0.412,-0.51,0.681,0.463,0.383,0.744,0.495,-0.448,0.192,-0.339,0.234,0.885,-0.323,0.909,-0.024,0.878,0.604,0.114,0.906,0.515,0.563,-0.045,0.743,0.732,0.129,0.56,0.678,0.841,0.473,-0.415,0.71,0.884,0.583,0.835,0.56,0.779,0.742,0.411,0.561,0.556,0.626,0.678,0.807,0.901,0.766,0.756,-0.673,0.718,0.878,0.774,0.537
HBAN,0.832,0.673,0.814,0.669,-0.089,0.456,0.755,-0.415,0.849,-0.28,0.487,0.423,0.859,-0.629,0.669,0.705,0.547,0.647,0.688,0.768,0.599,0.769,0.673,0.824,0.951,0.785,-0.451,0.405,-0.418,0.632,0.499,0.669,0.616,0.87,1.0,0.851,0.529,-0.496,0.255,0.864,0.556,0.721,0.781,0.78,0.81,0.657,0.829,0.695,0.347,0.494,-0.555,0.754,0.487,0.449,0.825,0.402,-0.54,0.146,-0.401,0.211,0.873,-0.374,0.843,-0.153,0.841,0.657,0.038,0.839,0.445,0.559,0.058,0.789,0.822,0.075,0.593,0.725,0.866,0.549,-0.493,0.704,0.831,0.649,0.795,0.494,0.806,0.773,0.352,0.563,0.639,0.62,0.696,0.783,0.878,0.776,0.764,-0.707,0.747,0.785,0.784,0.564
HST,0.823,0.568,0.812,0.766,-0.065,0.412,0.81,-0.289,0.808,-0.232,0.591,0.472,0.825,-0.618,0.69,0.79,0.617,0.543,0.688,0.764,0.565,0.716,0.614,0.785,0.871,0.777,-0.254,0.316,-0.2,0.753,0.469,0.681,0.684,0.876,0.851,1.0,0.562,-0.452,0.239,0.869,0.663,0.655,0.878,0.811,0.799,0.5,0.756,0.736,0.39,0.532,-0.394,0.641,0.436,0.547,0.803,0.474,-0.412,0.228,-0.098,0.327,0.816,-0.258,0.811,-0.006,0.835,0.661,0.199,0.806,0.421,0.613,0.063,0.677,0.791,0.137,0.576,0.745,0.811,0.475,-0.324,0.768,0.848,0.629,0.732,0.509,0.772,0.804,0.405,0.505,0.622,0.485,0.635,0.798,0.851,0.78,0.774,-0.531,0.839,0.812,0.868,0.459
INTC,0.405,0.421,0.672,0.627,0.114,0.302,0.52,0.277,0.58,0.225,0.379,0.318,0.669,-0.408,0.287,0.687,0.742,0.259,0.725,0.719,0.269,0.39,0.462,0.591,0.541,0.545,-0.093,0.447,-0.202,0.572,0.302,0.695,0.695,0.483,0.529,0.562,1.0,-0.036,-0.118,0.48,0.315,0.473,0.45,0.522,0.441,0.132,0.486,0.417,0.629,0.605,-0.331,0.461,0.322,0.583,0.466,0.261,-0.37,0.53,-0.065,0.326,0.502,-0.113,0.467,-0.163,0.699,0.592,0.448,0.577,0.11,0.598,-0.033,0.33,0.551,-0.231,0.427,0.419,0.546,0.361,-0.355,0.499,0.583,0.717,0.48,0.271,0.396,0.513,0.468,0.237,0.337,0.216,0.257,0.533,0.493,0.577,0.584,-0.124,0.589,0.532,0.72,0.086
IOVA,-0.579,-0.487,-0.23,-0.452,0.214,-0.471,-0.235,0.78,-0.583,0.231,-0.441,-0.154,-0.39,0.687,-0.458,-0.472,-0.28,-0.541,-0.344,-0.396,-0.548,-0.6,-0.565,-0.54,-0.553,-0.251,0.438,-0.258,0.291,-0.39,-0.299,-0.361,-0.377,-0.601,-0.496,-0.452,-0.036,1.0,-0.381,-0.56,-0.622,-0.519,-0.575,-0.543,-0.597,-0.54,-0.515,-0.576,-0.126,-0.322,0.372,-0.444,-0.296,-0.223,-0.506,-0.368,0.3,-0.055,0.321,-0.122,-0.499,0.547,-0.584,0.147,-0.413,-0.193,0.104,-0.592,-0.459,-0.435,-0.068,-0.521,-0.337,-0.247,-0.446,-0.571,-0.506,-0.414,0.284,-0.553,-0.399,-0.15,-0.536,-0.417,-0.606,-0.427,-0.125,-0.622,-0.592,-0.567,-0.486,-0.581,-0.586,-0.598,-0.49,0.547,-0.489,-0.5,-0.386,-0.57
IQ,0.369,0.3,0.227,0.361,0.132,0.359,0.385,-0.274,0.291,-0.244,0.548,0.566,0.186,-0.244,0.364,0.212,-0.043,0.32,0.228,0.037,0.093,0.438,0.149,0.215,0.226,0.484,0.033,0.106,0.161,0.046,0.419,0.038,0.016,0.28,0.255,0.239,-0.118,-0.381,1.0,0.258,0.654,0.332,0.395,0.413,0.334,0.537,0.287,0.346,-0.081,-0.094,0.281,0.28,0.362,-0.108,0.326,0.433,0.183,-0.166,-0.057,0.274,0.363,-0.395,0.312,0.268,0.21,0.166,-0.223,0.306,0.59,0.021,0.487,0.351,0.415,0.476,0.327,0.442,0.288,0.359,0.055,0.282,0.281,-0.05,0.369,0.107,0.272,0.547,-0.261,0.646,0.184,0.36,0.528,0.385,0.29,0.281,0.13,-0.2,0.175,0.266,0.118,0.418
JBLU,0.962,0.544,0.775,0.649,-0.125,0.417,0.759,-0.389,0.864,-0.291,0.518,0.364,0.801,-0.583,0.765,0.645,0.466,0.641,0.554,0.661,0.485,0.819,0.673,0.725,0.861,0.699,-0.423,0.29,-0.387,0.689,0.474,0.57,0.542,0.883,0.864,0.869,0.48,-0.56,0.258,1.0,0.55,0.611,0.83,0.729,0.883,0.58,0.754,0.681,0.316,0.408,-0.514,0.639,0.399,0.398,0.83,0.443,-0.484,0.168,-0.342,0.176,0.885,-0.257,0.871,-0.01,0.789,0.698,0.134,0.834,0.424,0.571,-0.036,0.805,0.76,0.093,0.497,0.702,0.825,0.47,-0.353,0.723,0.865,0.613,0.793,0.5,0.736,0.701,0.333,0.479,0.536,0.539,0.686,0.776,0.978,0.706,0.696,-0.64,0.694,0.832,0.839,0.555
JD,0.592,0.688,0.515,0.837,0.152,0.653,0.598,-0.393,0.657,-0.225,0.773,0.655,0.517,-0.634,0.573,0.742,0.426,0.539,0.595,0.524,0.482,0.644,0.492,0.707,0.57,0.648,-0.13,0.25,0.051,0.449,0.375,0.574,0.583,0.603,0.556,0.663,0.315,-0.622,0.654,0.55,1.0,0.58,0.718,0.822,0.651,0.616,0.587,0.619,0.358,0.4,-0.083,0.542,0.637,0.394,0.637,0.591,-0.078,0.149,0.041,0.58,0.567,-0.503,0.633,0.15,0.583,0.382,0.061,0.643,0.701,0.449,0.343,0.569,0.622,0.448,0.661,0.871,0.593,0.585,-0.132,0.672,0.548,0.318,0.656,0.461,0.613,0.76,0.115,0.749,0.557,0.629,0.666,0.778,0.574,0.645,0.535,-0.387,0.715,0.569,0.568,0.585
KDP,0.613,0.582,0.708,0.621,-0.108,0.435,0.594,-0.453,0.731,-0.026,0.497,0.504,0.737,-0.742,0.422,0.615,0.655,0.742,0.675,0.664,0.648,0.775,0.635,0.647,0.697,0.72,-0.303,0.514,-0.261,0.567,0.393,0.636,0.593,0.692,0.721,0.655,0.473,-0.519,0.332,0.611,0.58,1.0,0.662,0.716,0.6,0.499,0.754,0.679,0.411,0.599,-0.438,0.813,0.401,0.409,0.641,0.355,-0.449,0.257,-0.301,0.377,0.766,-0.52,0.661,-0.272,0.648,0.335,0.241,0.639,0.644,0.616,0.029,0.547,0.741,0.123,0.693,0.594,0.775,0.446,-0.411,0.625,0.674,0.342,0.755,0.535,0.758,0.769,0.395,0.624,0.719,0.585,0.698,0.687,0.641,0.633,0.631,-0.59,0.641,0.596,0.573,0.625
KHC,0.835,0.664,0.718,0.694,-0.045,0.535,0.821,-0.396,0.865,-0.25,0.631,0.5,0.824,-0.61,0.84,0.731,0.519,0.644,0.665,0.661,0.554,0.736,0.649,0.748,0.811,0.736,-0.317,0.332,-0.175,0.751,0.518,0.652,0.671,0.907,0.781,0.878,0.45,-0.575,0.395,0.83,0.718,0.662,1.0,0.772,0.846,0.558,0.692,0.859,0.302,0.435,-0.352,0.644,0.561,0.383,0.757,0.539,-0.351,0.139,-0.198,0.304,0.843,-0.282,0.875,0.146,0.81,0.568,0.137,0.833,0.538,0.459,0.163,0.721,0.747,0.281,0.615,0.78,0.848,0.499,-0.238,0.731,0.811,0.527,0.856,0.544,0.721,0.764,0.263,0.671,0.584,0.64,0.716,0.87,0.837,0.751,0.753,-0.602,0.765,0.851,0.755,0.611
LRCX,0.745,0.737,0.736,0.935,0.077,0.577,0.748,-0.408,0.81,-0.211,0.596,0.532,0.732,-0.699,0.609,0.832,0.559,0.641,0.741,0.738,0.614,0.775,0.634,0.822,0.737,0.77,-0.312,0.364,-0.24,0.544,0.53,0.704,0.686,0.727,0.78,0.811,0.522,-0.543,0.413,0.729,0.822,0.716,0.772,1.0,0.789,0.564,0.8,0.667,0.406,0.575,-0.354,0.711,0.616,0.55,0.863,0.532,-0.313,0.205,-0.201,0.482,0.768,-0.451,0.796,-0.047,0.724,0.547,0.079,0.737,0.537,0.576,0.237,0.652,0.831,0.315,0.716,0.921,0.775,0.522,-0.34,0.744,0.739,0.488,0.751,0.518,0.797,0.818,0.263,0.649,0.72,0.577,0.783,0.893,0.74,0.713,0.657,-0.565,0.847,0.73,0.77,0.586
LYFT,0.864,0.699,0.718,0.699,-0.012,0.561,0.75,-0.414,0.881,-0.325,0.606,0.455,0.72,-0.614,0.772,0.676,0.446,0.706,0.573,0.627,0.49,0.73,0.716,0.732,0.809,0.701,-0.43,0.204,-0.264,0.606,0.444,0.618,0.601,0.858,0.81,0.799,0.441,-0.597,0.334,0.883,0.651,0.6,0.846,0.789,1.0,0.631,0.768,0.646,0.336,0.325,-0.415,0.683,0.541,0.356,0.822,0.556,-0.397,0.172,-0.25,0.281,0.857,-0.289,0.925,0.079,0.753,0.672,0.098,0.828,0.499,0.458,0.016,0.779,0.733,0.188,0.552,0.772,0.752,0.5,-0.25,0.708,0.795,0.58,0.822,0.533,0.736,0.747,0.25,0.579,0.512,0.652,0.791,0.86,0.912,0.721,0.651,-0.645,0.674,0.806,0.788,0.652
MARA,0.631,0.61,0.42,0.509,0.215,0.586,0.451,-0.484,0.621,-0.203,0.482,0.441,0.425,-0.318,0.516,0.379,0.167,0.621,0.333,0.285,0.372,0.638,0.525,0.512,0.639,0.56,-0.219,0.222,-0.084,0.275,0.348,0.317,0.259,0.565,0.657,0.5,0.132,-0.54,0.537,0.58,0.616,0.499,0.558,0.564,0.631,1.0,0.526,0.472,0.13,0.103,-0.179,0.505,0.619,0.079,0.573,0.532,-0.112,-0.009,-0.252,0.352,0.567,-0.422,0.611,0.194,0.5,0.423,-0.148,0.538,0.509,0.19,0.27,0.783,0.533,0.467,0.456,0.676,0.534,0.817,-0.126,0.458,0.453,0.254,0.596,0.247,0.472,0.546,-0.102,0.614,0.323,0.713,0.664,0.634,0.602,0.491,0.386,-0.447,0.371,0.401,0.399,0.708
MCHP,0.681,0.536,0.743,0.695,-0.107,0.387,0.645,-0.419,0.788,-0.139,0.495,0.435,0.778,-0.67,0.486,0.727,0.62,0.731,0.693,0.81,0.69,0.722,0.749,0.749,0.79,0.766,-0.251,0.401,-0.424,0.561,0.466,0.645,0.596,0.753,0.829,0.756,0.486,-0.515,0.287,0.754,0.587,0.754,0.692,0.8,0.768,0.526,1.0,0.671,0.423,0.572,-0.466,0.892,0.371,0.525,0.878,0.379,-0.463,0.212,-0.308,0.282,0.847,-0.471,0.826,-0.256,0.728,0.563,0.12,0.712,0.475,0.645,0.028,0.553,0.791,0.16,0.687,0.696,0.799,0.459,-0.478,0.795,0.805,0.515,0.751,0.471,0.92,0.794,0.423,0.545,0.777,0.478,0.784,0.783,0.759,0.72,0.718,-0.578,0.746,0.727,0.791,0.624
MDLZ,0.667,0.552,0.557,0.568,-0.04,0.444,0.605,-0.359,0.792,-0.063,0.427,0.331,0.773,-0.609,0.625,0.651,0.51,0.663,0.742,0.656,0.657,0.7,0.661,0.726,0.716,0.602,-0.136,0.557,-0.234,0.723,0.597,0.689,0.678,0.743,0.695,0.736,0.417,-0.576,0.346,0.681,0.619,0.679,0.859,0.667,0.646,0.472,0.671,1.0,0.225,0.583,-0.314,0.635,0.516,0.354,0.699,0.303,-0.266,0.018,-0.224,0.251,0.708,-0.422,0.693,0.004,0.693,0.476,0.205,0.687,0.479,0.452,0.363,0.584,0.622,0.286,0.718,0.671,0.79,0.497,-0.185,0.674,0.629,0.471,0.735,0.438,0.708,0.667,0.263,0.643,0.714,0.551,0.635,0.744,0.685,0.708,0.781,-0.494,0.73,0.728,0.674,0.582
META,0.239,0.464,0.456,0.512,0.207,0.503,0.334,0.046,0.37,0.263,0.504,0.397,0.388,-0.54,0.2,0.607,0.637,0.284,0.415,0.552,0.25,0.323,0.311,0.41,0.361,0.36,-0.071,0.181,-0.182,0.35,-0.05,0.68,0.688,0.4,0.347,0.39,0.629,-0.126,-0.081,0.316,0.358,0.411,0.302,0.406,0.336,0.13,0.423,0.225,1.0,0.451,-0.262,0.494,0.322,0.439,0.33,0.502,-0.254,0.657,-0.083,0.579,0.379,-0.17,0.35,-0.154,0.545,0.282,0.594,0.446,0.366,0.718,-0.309,0.263,0.324,-0.01,0.52,0.349,0.338,0.384,-0.295,0.604,0.404,0.422,0.38,0.537,0.431,0.362,0.623,0.247,0.34,0.333,0.319,0.365,0.343,0.506,0.354,-0.123,0.395,0.26,0.479,0.197
MNST,0.311,0.296,0.498,0.591,-0.28,0.094,0.285,-0.15,0.555,0.191,0.203,0.174,0.661,-0.642,0.091,0.72,0.718,0.498,0.727,0.784,0.778,0.533,0.668,0.66,0.493,0.408,-0.085,0.512,-0.359,0.601,0.302,0.691,0.715,0.412,0.494,0.532,0.605,-0.322,-0.094,0.408,0.4,0.599,0.435,0.575,0.325,0.103,0.572,0.583,0.451,1.0,-0.494,0.625,0.141,0.743,0.443,0.076,-0.537,0.368,-0.071,0.187,0.415,-0.499,0.412,-0.455,0.456,0.307,0.439,0.418,0.208,0.73,0.086,0.141,0.425,0.042,0.633,0.509,0.627,0.283,-0.453,0.608,0.466,0.456,0.447,0.366,0.548,0.48,0.559,0.305,0.752,0.189,0.27,0.548,0.383,0.59,0.597,-0.223,0.762,0.425,0.559,0.328
MRNA,-0.446,-0.282,-0.442,-0.277,0.437,-0.051,-0.302,0.418,-0.498,0.215,-0.011,0.089,-0.58,0.432,-0.284,-0.368,-0.448,-0.402,-0.321,-0.525,-0.519,-0.44,-0.51,-0.487,-0.546,-0.276,0.675,-0.205,0.603,-0.418,-0.161,-0.423,-0.414,-0.51,-0.555,-0.394,-0.331,0.372,0.281,-0.514,-0.083,-0.438,-0.352,-0.354,-0.415,-0.179,-0.466,-0.314,-0.262,-0.494,1.0,-0.479,0.024,-0.426,-0.352,-0.022,0.742,-0.186,0.591,0.258,-0.49,0.122,-0.48,0.483,-0.46,-0.274,-0.101,-0.447,-0.109,-0.444,0.259,-0.335,-0.396,0.237,-0.147,-0.305,-0.555,-0.149,0.506,-0.343,-0.497,-0.363,-0.455,-0.51,-0.466,-0.256,-0.519,-0.056,-0.476,-0.306,-0.217,-0.406,-0.484,-0.349,-0.446,0.534,-0.493,-0.475,-0.424,-0.283
MRVL,0.582,0.526,0.724,0.604,-0.189,0.356,0.595,-0.428,0.753,-0.011,0.47,0.486,0.756,-0.683,0.405,0.67,0.673,0.847,0.667,0.716,0.767,0.738,0.776,0.642,0.698,0.741,-0.266,0.489,-0.444,0.539,0.446,0.656,0.615,0.681,0.754,0.641,0.461,-0.444,0.28,0.639,0.542,0.813,0.644,0.711,0.683,0.505,0.892,0.635,0.494,0.625,-0.479,1.0,0.341,0.479,0.705,0.367,-0.568,0.265,-0.313,0.29,0.797,-0.532,0.755,-0.288,0.661,0.419,0.218,0.613,0.59,0.659,-0.045,0.481,0.739,0.236,0.741,0.644,0.795,0.465,-0.503,0.749,0.724,0.403,0.77,0.514,0.802,0.78,0.442,0.529,0.734,0.537,0.796,0.769,0.649,0.662,0.594,-0.565,0.652,0.57,0.614,0.747
MSFT,0.475,0.88,0.385,0.582,0.616,0.856,0.522,-0.188,0.566,-0.12,0.471,0.483,0.392,-0.309,0.58,0.446,0.127,0.443,0.466,0.319,0.196,0.497,0.296,0.567,0.455,0.475,-0.101,0.219,0.092,0.229,0.274,0.619,0.553,0.463,0.487,0.436,0.322,-0.296,0.362,0.399,0.637,0.401,0.561,0.616,0.541,0.619,0.371,0.516,0.322,0.141,0.024,0.341,1.0,0.061,0.544,0.548,0.211,-0.002,-0.064,0.688,0.459,-0.209,0.501,0.42,0.475,0.347,0.003,0.537,0.491,0.062,0.38,0.726,0.463,0.455,0.647,0.707,0.455,0.6,0.056,0.381,0.356,0.293,0.602,0.324,0.414,0.456,-0.109,0.61,0.3,0.735,0.622,0.595,0.47,0.385,0.41,-0.398,0.414,0.416,0.436,0.495
MSTR,0.271,0.212,0.524,0.641,-0.276,0.031,0.337,-0.037,0.457,0.119,0.327,0.141,0.543,-0.497,0.099,0.75,0.739,0.238,0.628,0.714,0.573,0.366,0.553,0.618,0.489,0.428,-0.175,0.206,-0.197,0.468,0.249,0.534,0.579,0.383,0.449,0.547,0.583,-0.223,-0.108,0.398,0.394,0.409,0.383,0.55,0.356,0.079,0.525,0.354,0.439,0.743,-0.426,0.479,0.061,1.0,0.436,0.157,-0.508,0.385,0.021,0.199,0.369,-0.219,0.403,-0.418,0.47,0.412,0.385,0.4,0.133,0.705,0.033,0.111,0.452,-0.116,0.32,0.488,0.445,0.203,-0.482,0.542,0.451,0.588,0.316,0.426,0.474,0.468,0.671,0.248,0.561,0.109,0.227,0.51,0.354,0.557,0.528,-0.238,0.741,0.425,0.599,0.129
MU,0.815,0.615,0.707,0.767,0.088,0.503,0.73,-0.386,0.809,-0.226,0.504,0.404,0.723,-0.588,0.644,0.694,0.444,0.641,0.661,0.705,0.58,0.747,0.611,0.75,0.762,0.745,-0.258,0.355,-0.309,0.563,0.567,0.612,0.542,0.744,0.825,0.803,0.466,-0.506,0.326,0.83,0.637,0.641,0.757,0.863,0.822,0.573,0.878,0.699,0.33,0.443,-0.352,0.705,0.544,0.436,1.0,0.432,-0.276,0.099,-0.27,0.381,0.823,-0.31,0.813,-0.031,0.713,0.648,0.056,0.731,0.433,0.538,0.143,0.727,0.811,0.205,0.639,0.793,0.76,0.494,-0.325,0.767,0.755,0.542,0.741,0.443,0.875,0.744,0.254,0.563,0.7,0.54,0.777,0.786,0.824,0.664,0.709,-0.627,0.744,0.784,0.855,0.569
MVIS,0.468,0.635,0.413,0.604,0.437,0.727,0.474,-0.185,0.463,-0.166,0.736,0.604,0.357,-0.339,0.487,0.513,0.202,0.383,0.319,0.292,0.193,0.51,0.307,0.428,0.415,0.524,-0.198,0.102,0.048,0.266,0.196,0.403,0.422,0.495,0.402,0.474,0.261,-0.368,0.433,0.443,0.591,0.355,0.539,0.532,0.556,0.532,0.379,0.303,0.502,0.076,-0.022,0.367,0.548,0.157,0.432,1.0,-0.014,0.445,-0.022,0.556,0.517,-0.148,0.524,0.327,0.449,0.333,0.092,0.529,0.416,0.275,0.031,0.561,0.41,0.393,0.471,0.561,0.384,0.547,-0.037,0.578,0.437,0.205,0.529,0.367,0.395,0.469,0.047,0.633,0.212,0.558,0.532,0.539,0.502,0.554,0.303,-0.296,0.349,0.347,0.37,0.454
NFLX,-0.393,-0.121,-0.502,-0.246,0.654,0.182,-0.298,0.318,-0.471,0.225,-0.128,-0.057,-0.563,0.491,-0.186,-0.424,-0.559,-0.421,-0.355,-0.544,-0.567,-0.424,-0.529,-0.388,-0.513,-0.315,0.576,-0.297,0.558,-0.437,-0.243,-0.314,-0.348,-0.448,-0.54,-0.412,-0.37,0.3,0.183,-0.484,-0.078,-0.449,-0.351,-0.313,-0.397,-0.112,-0.463,-0.266,-0.254,-0.537,0.742,-0.568,0.211,-0.508,-0.276,-0.014,1.0,-0.317,0.443,0.26,-0.461,0.171,-0.431,0.597,-0.411,-0.209,-0.121,-0.366,-0.183,-0.575,0.359,-0.212,-0.394,0.288,-0.173,-0.228,-0.527,-0.059,0.67,-0.424,-0.503,-0.36,-0.409,-0.469,-0.421,-0.342,-0.531,-0.136,-0.458,-0.167,-0.224,-0.395,-0.449,-0.486,-0.333,0.463,-0.442,-0.357,-0.381,-0.311
NNDM,0.078,0.143,0.3,0.389,0.032,0.188,0.124,0.18,0.195,0.192,0.477,0.447,0.237,-0.335,0.031,0.482,0.51,0.13,0.242,0.425,0.135,0.155,0.224,0.195,0.169,0.164,-0.05,0.12,-0.123,0.285,-0.178,0.319,0.374,0.192,0.146,0.228,0.53,-0.055,-0.166,0.168,0.149,0.257,0.139,0.205,0.172,-0.009,0.212,0.018,0.657,0.368,-0.186,0.265,-0.002,0.385,0.099,0.445,-0.317,1.0,0.048,0.297,0.205,-0.078,0.194,-0.214,0.277,0.15,0.466,0.262,0.073,0.555,-0.462,0.032,0.128,-0.171,0.228,0.139,0.165,0.242,-0.275,0.442,0.231,0.259,0.212,0.203,0.18,0.182,0.392,0.177,0.134,0.046,0.045,0.219,0.187,0.411,0.153,0.121,0.222,0.092,0.294,0.063
NVAX,-0.348,-0.233,-0.23,-0.049,0.257,-0.155,-0.225,0.426,-0.308,0.221,0.065,0.087,-0.352,0.276,-0.297,-0.07,-0.096,-0.306,-0.149,-0.186,-0.166,-0.392,-0.228,-0.226,-0.354,-0.168,0.592,-0.252,0.639,-0.013,-0.321,-0.159,-0.112,-0.339,-0.401,-0.098,-0.065,0.321,-0.057,-0.342,0.041,-0.301,-0.198,-0.201,-0.25,-0.252,-0.308,-0.224,-0.083,-0.071,0.591,-0.313,-0.064,0.021,-0.27,-0.022,0.443,0.048,1.0,0.267,-0.391,0.133,-0.295,0.313,-0.329,-0.124,0.185,-0.328,-0.157,-0.168,0.11,-0.355,-0.317,0.059,-0.112,-0.159,-0.35,-0.15,0.483,-0.193,-0.301,-0.131,-0.353,-0.326,-0.339,-0.144,-0.161,-0.161,-0.282,-0.343,-0.305,-0.206,-0.333,-0.205,-0.211,0.506,-0.112,-0.289,-0.175,-0.273
NVDA,0.215,0.591,0.276,0.555,0.659,0.683,0.305,-0.028,0.29,0.173,0.537,0.569,0.165,-0.359,0.248,0.415,0.273,0.251,0.341,0.275,0.134,0.32,0.162,0.334,0.212,0.36,0.227,0.13,0.335,0.186,-0.007,0.504,0.472,0.234,0.211,0.327,0.326,-0.122,0.274,0.176,0.58,0.377,0.304,0.482,0.281,0.352,0.282,0.251,0.579,0.187,0.258,0.29,0.688,0.199,0.381,0.556,0.26,0.297,0.267,1.0,0.227,-0.173,0.264,0.287,0.299,0.154,0.367,0.3,0.57,0.31,0.106,0.385,0.288,0.336,0.6,0.477,0.201,0.408,0.089,0.371,0.215,0.163,0.333,0.391,0.336,0.368,0.16,0.462,0.262,0.449,0.433,0.342,0.228,0.304,0.225,-0.137,0.304,0.164,0.321,0.254
NWL,0.87,0.625,0.84,0.651,-0.088,0.489,0.842,-0.384,0.831,-0.231,0.599,0.521,0.856,-0.629,0.743,0.666,0.545,0.713,0.631,0.699,0.522,0.831,0.655,0.713,0.836,0.828,-0.462,0.365,-0.397,0.639,0.527,0.602,0.57,0.885,0.873,0.816,0.502,-0.499,0.363,0.885,0.567,0.766,0.843,0.768,0.857,0.567,0.847,0.708,0.379,0.415,-0.49,0.797,0.459,0.369,0.823,0.517,-0.461,0.205,-0.391,0.227,1.0,-0.302,0.905,-0.032,0.817,0.578,0.106,0.825,0.508,0.55,0.01,0.754,0.873,0.096,0.594,0.694,0.881,0.439,-0.382,0.737,0.9,0.505,0.863,0.515,0.808,0.792,0.328,0.613,0.601,0.584,0.811,0.808,0.897,0.707,0.681,-0.695,0.685,0.82,0.756,0.614
OCGN,-0.251,-0.319,-0.204,-0.381,0.161,-0.298,-0.056,0.465,-0.435,-0.07,-0.256,-0.319,-0.32,0.521,-0.055,-0.454,-0.333,-0.573,-0.402,-0.37,-0.568,-0.488,-0.582,-0.465,-0.359,-0.267,0.008,-0.338,0.274,-0.213,-0.139,-0.352,-0.337,-0.323,-0.374,-0.258,-0.113,0.547,-0.395,-0.257,-0.503,-0.52,-0.282,-0.451,-0.289,-0.422,-0.471,-0.422,-0.17,-0.499,0.122,-0.532,-0.209,-0.219,-0.31,-0.148,0.171,-0.078,0.133,-0.173,-0.302,1.0,-0.347,0.247,-0.298,-0.152,-0.055,-0.364,-0.417,-0.416,-0.207,-0.168,-0.273,-0.428,-0.585,-0.464,-0.424,-0.432,0.329,-0.453,-0.233,-0.099,-0.386,-0.12,-0.451,-0.426,-0.099,-0.477,-0.569,-0.382,-0.442,-0.483,-0.297,-0.494,-0.355,0.215,-0.391,-0.251,-0.206,-0.563
ON,0.839,0.653,0.758,0.7,-0.054,0.535,0.783,-0.467,0.857,-0.221,0.576,0.472,0.818,-0.615,0.811,0.705,0.561,0.713,0.601,0.702,0.551,0.73,0.766,0.741,0.863,0.742,-0.405,0.297,-0.342,0.677,0.447,0.604,0.607,0.909,0.843,0.811,0.467,-0.584,0.312,0.871,0.633,0.661,0.875,0.796,0.925,0.611,0.826,0.693,0.35,0.412,-0.48,0.755,0.501,0.403,0.813,0.524,-0.431,0.194,-0.295,0.264,0.905,-0.347,1.0,0.079,0.816,0.614,0.099,0.864,0.482,0.502,0.006,0.723,0.771,0.202,0.565,0.764,0.851,0.493,-0.324,0.716,0.886,0.556,0.883,0.512,0.772,0.734,0.29,0.581,0.57,0.636,0.788,0.88,0.879,0.724,0.716,-0.642,0.72,0.855,0.756,0.65
OPK,0.053,0.148,-0.105,0.013,0.578,0.367,0.179,0.182,-0.102,-0.046,0.15,0.177,-0.121,0.353,0.401,-0.168,-0.369,-0.056,-0.158,-0.38,-0.358,-0.09,-0.182,-0.097,-0.085,0.058,0.282,-0.073,0.485,-0.061,0.057,-0.127,-0.109,-0.024,-0.153,-0.006,-0.163,0.147,0.268,-0.01,0.15,-0.272,0.146,-0.047,0.079,0.194,-0.256,0.004,-0.154,-0.455,0.483,-0.288,0.42,-0.418,-0.031,0.327,0.597,-0.214,0.313,0.287,-0.032,0.247,0.079,1.0,-0.041,0.037,-0.017,0.039,-0.01,-0.48,0.29,0.237,-0.038,0.348,-0.039,0.125,-0.114,0.196,0.667,-0.15,-0.022,-0.096,0.078,-0.142,-0.261,-0.061,-0.489,0.111,-0.393,0.205,0.087,0.002,-0.011,-0.141,-0.059,0.14,-0.142,0.026,-0.132,0.037
