,AAL,AAPL,AGNC,AMAT,AMD,AMZN,APA,ARDX,AVGO,AZN,BIDU,BILI,BKR,CAN,CHRD,CMCSA,CPRT,CRWD,CSCO,CSX,DKNG,EBAY,ERIC,EXC,FITB,FLEX,FTNT,GEN,GERN,GEVO,GILD,GOOG,GOOGL,GT,HBAN,HST,INTC,IOVA,IQ,JBLU,JD,KDP,KHC,LRCX,LYFT,MARA,MCHP,MDLZ,META,MNST,MRNA,MRVL,MSFT,MSTR,MU,MVIS,NFLX,NNDM,NVAX,NVDA,NWL,OCGN,ON,OPK,PAA,PACB,PANW,PARA,PDD,PENN,PEP,PLUG,PTEN,PTON,PYPL,QCOM,QVCGA,RIOT,ROKU,RUN,SABR,SBUX,SMCI,SNDL,STNE,TCOM,TLRY,TMUS,TSCO,TSLA,TTD,TXN,UAL,VOD,VTRS,VXRT,WBA,WBD,WDC,ZM
AAL,1.0,0.27,0.503,0.217,-0.092,0.17,0.549,-0.008,0.613,-0.297,0.324,0.112,0.553,-0.543,0.271,0.613,0.404,0.108,0.291,0.756,0.34,0.284,0.427,0.513,0.725,0.371,-0.079,-0.218,0.066,0.486,-0.097,0.479,0.447,0.783,0.783,0.661,0.445,0.025,-0.519,0.812,0.112,0.353,0.646,0.399,0.559,-0.123,0.642,0.352,0.378,0.277,-0.264,0.497,0.002,0.55,0.482,-0.036,-0.431,0.342,0.081,0.13,0.782,0.224,0.611,-0.272,0.604,0.184,0.129,0.512,0.037,0.394,-0.368,0.291,0.543,-0.281,0.047,0.056,0.52,0.009,-0.407,0.502,0.701,0.554,0.348,0.509,0.666,0.549,0.568,0.098,0.423,0.199,-0.174,0.569,0.85,0.4,0.325,-0.251,0.643,0.645,0.689,-0.069
AAPL,0.27,1.0,0.5,0.847,0.611,0.807,0.262,0.699,0.756,0.379,0.509,0.653,0.682,-0.375,-0.275,0.544,0.635,0.707,0.79,0.615,0.675,0.807,0.643,0.681,0.32,0.666,0.621,-0.29,0.515,0.407,-0.449,0.839,0.862,0.563,0.206,0.254,0.683,0.582,-0.148,0.416,0.682,0.638,0.557,0.882,0.467,0.568,0.596,-0.052,0.573,0.775,0.404,0.581,0.711,0.193,0.341,0.111,0.163,0.48,0.687,0.643,0.513,-0.324,0.49,0.361,0.6,0.692,0.64,0.636,0.6,0.543,0.108,0.461,0.58,0.576,0.709,0.57,0.209,0.645,-0.285,0.716,0.314,0.746,0.667,0.278,0.141,0.41,0.43,0.606,0.595,0.884,0.329,0.619,0.194,0.779,0.046,0.342,0.085,0.028,0.703,0.788
AGNC,0.503,0.5,1.0,0.557,0.237,0.452,0.629,0.463,0.744,0.091,0.638,0.639,0.797,-0.512,0.099,0.721,0.76,0.603,0.621,0.727,0.569,0.659,0.606,0.577,0.724,0.703,0.225,-0.051,0.481,0.564,-0.472,0.659,0.625,0.636,0.634,0.743,0.845,0.461,-0.343,0.647,0.48,0.744,0.667,0.566,0.431,0.136,0.712,0.115,0.68,0.545,0.093,0.822,0.426,0.44,0.365,0.164,-0.233,0.602,0.343,0.566,0.72,-0.04,0.626,0.077,0.731,0.429,0.489,0.631,0.426,0.651,-0.184,0.296,0.79,0.04,0.372,0.295,0.653,0.348,-0.494,0.634,0.766,0.64,0.602,0.587,0.515,0.766,0.642,0.425,0.588,0.379,0.146,0.687,0.617,0.533,0.214,-0.075,0.43,0.545,0.663,0.361
AMAT,0.217,0.847,0.557,1.0,0.611,0.784,0.226,0.648,0.713,0.355,0.637,0.724,0.647,-0.363,-0.292,0.631,0.722,0.679,0.814,0.612,0.709,0.778,0.661,0.706,0.325,0.674,0.611,-0.242,0.631,0.355,-0.569,0.773,0.805,0.473,0.176,0.336,0.746,0.53,-0.075,0.443,0.848,0.63,0.554,0.903,0.425,0.604,0.613,-0.061,0.631,0.819,0.442,0.551,0.691,0.322,0.351,0.027,0.225,0.602,0.628,0.77,0.384,-0.413,0.474,0.402,0.517,0.635,0.709,0.617,0.613,0.617,0.194,0.389,0.599,0.517,0.672,0.692,0.194,0.736,-0.365,0.725,0.301,0.67,0.655,0.318,0.163,0.481,0.446,0.706,0.656,0.723,0.178,0.693,0.257,0.701,0.019,0.341,0.153,0.099,0.645,0.715
AMD,-0.092,0.611,0.237,0.611,1.0,0.736,0.087,0.703,0.33,0.466,0.374,0.55,0.217,0.002,-0.17,0.247,0.292,0.555,0.509,0.169,0.284,0.392,0.222,0.284,-0.084,0.464,0.589,-0.102,0.476,0.075,-0.357,0.476,0.426,0.062,-0.203,0.009,0.403,0.605,0.215,0.118,0.532,0.35,0.171,0.516,0.097,0.406,0.27,-0.159,0.388,0.378,0.656,0.204,0.741,-0.129,0.254,0.197,0.639,0.319,0.525,0.649,0.037,-0.249,0.168,0.657,0.224,0.509,0.469,0.275,0.445,0.248,0.286,0.347,0.251,0.499,0.473,0.443,-0.124,0.469,-0.024,0.38,-0.042,0.322,0.397,-0.103,-0.129,0.192,0.059,0.45,0.274,0.636,0.308,0.247,-0.052,0.395,-0.097,0.575,-0.173,-0.197,0.264,0.702
AMZN,0.17,0.807,0.452,0.784,0.736,1.0,0.154,0.683,0.573,0.495,0.648,0.719,0.463,-0.369,-0.126,0.504,0.577,0.633,0.636,0.511,0.476,0.603,0.481,0.432,0.11,0.569,0.606,-0.28,0.616,0.337,-0.492,0.708,0.71,0.425,0.002,0.204,0.649,0.533,-0.049,0.35,0.691,0.532,0.472,0.785,0.318,0.477,0.472,-0.12,0.687,0.579,0.59,0.494,0.648,0.042,0.212,0.089,0.431,0.599,0.615,0.728,0.38,-0.315,0.318,0.446,0.542,0.59,0.684,0.544,0.58,0.54,0.047,0.264,0.469,0.491,0.621,0.464,-0.035,0.626,-0.294,0.634,0.157,0.609,0.516,0.184,-0.036,0.421,0.368,0.603,0.41,0.795,0.204,0.533,0.156,0.699,-0.167,0.5,-0.124,-0.09,0.615,0.796
APA,0.549,0.262,0.629,0.226,0.087,0.154,1.0,0.352,0.549,-0.052,0.285,0.193,0.519,-0.117,0.479,0.37,0.428,0.188,0.176,0.486,0.081,0.267,0.334,0.325,0.532,0.568,-0.054,0.044,0.065,0.426,-0.022,0.435,0.412,0.481,0.629,0.535,0.527,0.37,-0.227,0.416,0.024,0.345,0.448,0.294,0.458,-0.122,0.409,0.212,0.343,0.18,-0.151,0.403,0.344,0.588,0.464,0.192,-0.27,0.206,-0.074,0.092,0.539,0.296,0.589,-0.153,0.487,0.188,0.036,0.298,-0.038,0.185,-0.107,0.505,0.483,-0.182,0.036,0.283,0.678,-0.109,-0.005,0.346,0.691,0.503,0.402,0.276,0.447,0.575,0.337,0.096,0.161,0.257,0.249,0.603,0.559,0.119,0.467,-0.244,0.599,0.464,0.578,-0.034
ARDX,-0.008,0.699,0.463,0.648,0.703,0.683,0.352,1.0,0.512,0.425,0.589,0.72,0.494,-0.101,-0.18,0.3,0.548,0.627,0.552,0.341,0.334,0.624,0.389,0.378,0.058,0.694,0.621,-0.126,0.503,0.189,-0.396,0.617,0.61,0.274,-0.033,0.087,0.667,0.747,0.191,0.203,0.553,0.535,0.321,0.57,0.286,0.467,0.414,-0.163,0.562,0.566,0.605,0.451,0.668,0.059,0.193,0.2,0.264,0.499,0.556,0.593,0.235,-0.192,0.365,0.423,0.392,0.655,0.563,0.462,0.569,0.426,0.187,0.406,0.423,0.505,0.575,0.478,0.097,0.505,-0.092,0.507,0.289,0.444,0.644,0.062,-0.034,0.4,0.276,0.617,0.326,0.696,0.377,0.432,0.084,0.502,-0.001,0.476,-0.151,-0.168,0.458,0.7
AVGO,0.613,0.756,0.744,0.713,0.33,0.573,0.549,0.512,1.0,0.18,0.562,0.54,0.81,-0.525,0.019,0.694,0.732,0.65,0.694,0.855,0.673,0.784,0.739,0.707,0.697,0.699,0.361,-0.062,0.446,0.587,-0.32,0.874,0.884,0.731,0.595,0.647,0.804,0.384,-0.322,0.685,0.526,0.739,0.787,0.786,0.582,0.239,0.815,0.298,0.639,0.686,0.153,0.783,0.546,0.489,0.565,0.081,-0.193,0.536,0.427,0.565,0.722,-0.087,0.69,0.004,0.714,0.505,0.522,0.692,0.451,0.619,-0.104,0.484,0.717,0.199,0.506,0.557,0.566,0.357,-0.419,0.72,0.676,0.745,0.684,0.53,0.572,0.692,0.632,0.507,0.727,0.621,0.226,0.855,0.607,0.689,0.377,-0.013,0.485,0.405,0.838,0.497
AZN,-0.297,0.379,0.091,0.355,0.466,0.495,-0.052,0.425,0.18,1.0,0.236,0.374,0.113,-0.048,-0.36,0.058,0.402,0.482,0.29,0.03,0.215,0.294,0.191,0.05,-0.17,0.193,0.379,0.087,0.308,0.089,-0.311,0.313,0.297,-0.059,-0.306,-0.188,0.328,0.32,0.074,-0.115,0.323,0.371,0.034,0.282,-0.097,0.227,0.151,-0.138,0.464,0.305,0.433,0.29,0.407,-0.112,-0.007,0.135,0.373,0.271,0.309,0.468,-0.079,-0.218,-0.066,0.321,0.184,0.271,0.492,0.146,0.404,0.321,0.047,0.102,0.162,0.389,0.371,0.345,-0.123,0.317,-0.093,0.194,-0.145,0.233,0.246,-0.026,-0.187,-0.005,0.166,0.267,0.191,0.396,0.305,0.168,-0.143,0.276,-0.144,0.306,-0.315,-0.389,0.048,0.472
BIDU,0.324,0.509,0.638,0.637,0.374,0.648,0.285,0.589,0.562,0.236,1.0,0.791,0.552,-0.566,0.028,0.697,0.729,0.453,0.599,0.592,0.511,0.541,0.585,0.507,0.417,0.65,0.43,-0.334,0.759,0.512,-0.653,0.554,0.578,0.532,0.223,0.542,0.731,0.389,-0.012,0.553,0.753,0.618,0.693,0.525,0.402,0.321,0.56,0.024,0.749,0.559,0.526,0.59,0.367,0.284,0.15,0.032,0.06,0.818,0.594,0.733,0.529,-0.248,0.418,0.311,0.592,0.527,0.701,0.667,0.627,0.744,-0.069,0.186,0.63,0.203,0.442,0.322,0.183,0.545,-0.478,0.64,0.46,0.507,0.566,0.451,0.19,0.696,0.565,0.678,0.465,0.426,-0.045,0.586,0.503,0.695,-0.05,0.334,0.107,0.214,0.538,0.428
BILI,0.112,0.653,0.639,0.724,0.55,0.719,0.193,0.72,0.54,0.374,0.791,1.0,0.616,-0.323,-0.307,0.558,0.682,0.712,0.736,0.5,0.617,0.725,0.475,0.492,0.253,0.704,0.604,-0.307,0.737,0.338,-0.651,0.586,0.579,0.4,0.077,0.324,0.719,0.658,0.103,0.386,0.796,0.677,0.541,0.615,0.256,0.48,0.552,-0.168,0.672,0.665,0.646,0.64,0.458,-0.029,0.026,0.055,0.195,0.717,0.693,0.805,0.431,-0.411,0.243,0.452,0.562,0.589,0.736,0.625,0.775,0.655,0.102,0.162,0.657,0.441,0.601,0.322,0.083,0.667,-0.524,0.585,0.346,0.47,0.606,0.298,0.013,0.536,0.446,0.737,0.547,0.579,0.065,0.446,0.246,0.721,-0.267,0.435,-0.158,-0.037,0.432,0.738
BKR,0.553,0.682,0.797,0.647,0.217,0.463,0.519,0.494,0.81,0.113,0.552,0.616,1.0,-0.49,-0.166,0.667,0.785,0.743,0.776,0.77,0.738,0.827,0.773,0.816,0.671,0.782,0.426,-0.113,0.439,0.582,-0.404,0.717,0.708,0.749,0.607,0.568,0.79,0.48,-0.354,0.679,0.534,0.763,0.694,0.7,0.586,0.363,0.823,0.175,0.583,0.791,0.149,0.829,0.371,0.413,0.362,0.048,-0.34,0.57,0.499,0.545,0.747,-0.214,0.614,0.055,0.786,0.609,0.53,0.794,0.505,0.666,-0.078,0.35,0.888,0.252,0.576,0.342,0.629,0.506,-0.472,0.761,0.701,0.756,0.837,0.538,0.494,0.649,0.628,0.597,0.729,0.545,0.153,0.692,0.571,0.678,0.212,-0.005,0.379,0.401,0.692,0.512
CAN,-0.543,-0.375,-0.512,-0.363,0.002,-0.369,-0.117,-0.101,-0.525,-0.048,-0.566,-0.323,-0.49,1.0,-0.088,-0.739,-0.558,-0.249,-0.491,-0.623,-0.488,-0.396,-0.605,-0.49,-0.572,-0.167,-0.057,0.37,-0.404,-0.581,0.456,-0.42,-0.492,-0.64,-0.381,-0.577,-0.52,0.086,0.553,-0.667,-0.445,-0.444,-0.646,-0.404,-0.326,-0.046,-0.47,-0.002,-0.6,-0.398,0.013,-0.551,0.001,-0.329,-0.046,-0.227,0.357,-0.647,-0.437,-0.397,-0.645,0.031,-0.437,-0.1,-0.704,-0.329,-0.481,-0.574,-0.369,-0.682,0.456,0.084,-0.503,0.047,-0.22,0.041,-0.292,-0.345,0.607,-0.64,-0.467,-0.512,-0.297,-0.698,-0.341,-0.375,-0.675,-0.242,-0.48,-0.311,0.131,-0.454,-0.576,-0.678,0.02,-0.052,-0.344,-0.539,-0.53,-0.128
CHRD,0.271,-0.275,0.099,-0.292,-0.17,-0.126,0.479,-0.18,0.019,-0.36,0.028,-0.307,-0.166,-0.088,1.0,0.091,-0.205,-0.473,-0.357,0.015,-0.415,-0.403,-0.046,-0.142,0.165,-0.092,-0.5,0.125,-0.117,0.328,0.316,-0.133,-0.089,0.079,0.271,0.411,-0.07,-0.263,-0.14,0.062,-0.336,-0.28,0.205,-0.216,0.018,-0.475,-0.212,0.252,-0.147,-0.443,-0.237,-0.182,-0.059,0.316,0.126,0.221,-0.129,-0.093,-0.342,-0.344,0.121,0.458,0.254,-0.141,0.008,-0.318,-0.468,-0.211,-0.517,-0.26,-0.219,0.032,-0.131,-0.558,-0.499,-0.078,0.278,-0.484,0.225,-0.123,0.233,-0.061,-0.234,-0.016,0.11,0.267,-0.145,-0.371,-0.407,-0.205,-0.034,0.191,0.265,-0.218,0.322,-0.2,0.462,0.381,0.146,-0.449
CMCSA,0.613,0.544,0.721,0.631,0.247,0.504,0.37,0.3,0.694,0.058,0.697,0.558,0.667,-0.739,0.091,1.0,0.705,0.411,0.691,0.801,0.655,0.565,0.663,0.747,0.736,0.53,0.182,-0.29,0.486,0.655,-0.522,0.615,0.643,0.685,0.559,0.8,0.751,0.227,-0.483,0.758,0.633,0.57,0.76,0.567,0.486,0.115,0.634,0.068,0.678,0.592,0.132,0.656,0.301,0.499,0.272,0.018,-0.236,0.745,0.503,0.595,0.769,-0.147,0.599,0.149,0.711,0.435,0.499,0.697,0.37,0.754,-0.237,0.162,0.722,-0.012,0.322,0.291,0.443,0.428,-0.656,0.697,0.618,0.631,0.469,0.599,0.412,0.605,0.633,0.434,0.605,0.333,-0.179,0.702,0.713,0.737,0.104,0.125,0.516,0.524,0.64,0.313
CPRT,0.404,0.635,0.76,0.722,0.292,0.577,0.428,0.548,0.732,0.402,0.729,0.682,0.785,-0.558,-0.205,0.705,1.0,0.691,0.746,0.682,0.696,0.713,0.758,0.678,0.627,0.726,0.465,-0.119,0.565,0.597,-0.587,0.734,0.727,0.683,0.436,0.563,0.872,0.433,-0.246,0.632,0.689,0.827,0.659,0.674,0.551,0.336,0.767,0.112,0.811,0.718,0.275,0.806,0.423,0.487,0.349,-0.043,-0.155,0.694,0.525,0.718,0.637,-0.239,0.602,0.1,0.7,0.588,0.751,0.76,0.629,0.839,-0.107,0.343,0.784,0.265,0.566,0.465,0.442,0.549,-0.475,0.71,0.64,0.705,0.739,0.609,0.445,0.667,0.739,0.609,0.685,0.522,0.163,0.732,0.578,0.68,0.187,0.117,0.29,0.276,0.665,0.479
CRWD,0.108,0.707,0.603,0.679,0.555,0.633,0.188,0.627,0.65,0.482,0.453,0.712,0.743,-0.249,-0.473,0.411,0.691,1.0,0.757,0.484,0.687,0.824,0.578,0.535,0.299,0.662,0.677,0.057,0.483,0.289,-0.454,0.696,0.648,0.386,0.16,0.205,0.689,0.612,-0.084,0.37,0.603,0.736,0.409,0.642,0.37,0.481,0.646,0.032,0.589,0.732,0.457,0.732,0.576,0.039,0.236,0.074,0.101,0.495,0.564,0.712,0.371,-0.366,0.294,0.277,0.572,0.627,0.675,0.636,0.679,0.578,0.106,0.319,0.641,0.587,0.768,0.402,0.282,0.593,-0.338,0.603,0.313,0.593,0.729,0.302,0.202,0.416,0.442,0.663,0.672,0.642,0.376,0.46,0.19,0.597,0.014,0.226,-0.058,-0.028,0.442,0.821
CSCO,0.291,0.79,0.621,0.814,0.509,0.636,0.176,0.552,0.694,0.29,0.599,0.736,0.776,-0.491,-0.357,0.691,0.746,0.757,1.0,0.604,0.814,0.813,0.676,0.777,0.508,0.695,0.575,-0.233,0.618,0.46,-0.558,0.707,0.712,0.593,0.306,0.44,0.738,0.495,-0.156,0.568,0.796,0.739,0.636,0.76,0.409,0.569,0.677,0.009,0.559,0.8,0.436,0.693,0.523,0.192,0.241,-0.039,0.051,0.576,0.729,0.752,0.564,-0.487,0.469,0.473,0.605,0.651,0.687,0.719,0.677,0.692,0.1,0.308,0.771,0.438,0.647,0.4,0.299,0.769,-0.52,0.733,0.417,0.639,0.701,0.404,0.23,0.508,0.508,0.676,0.713,0.63,0.087,0.557,0.384,0.805,-0.016,0.312,0.169,0.238,0.514,0.712
CSX,0.756,0.615,0.727,0.612,0.169,0.511,0.486,0.341,0.855,0.03,0.592,0.5,0.77,-0.623,0.015,0.801,0.682,0.484,0.604,1.0,0.656,0.665,0.675,0.704,0.743,0.586,0.187,-0.19,0.351,0.595,-0.324,0.766,0.757,0.759,0.726,0.685,0.772,0.291,-0.474,0.8,0.472,0.634,0.716,0.706,0.531,0.087,0.843,0.27,0.719,0.625,0.013,0.8,0.303,0.524,0.481,-0.018,-0.324,0.643,0.35,0.509,0.844,0.036,0.61,-0.12,0.728,0.382,0.461,0.687,0.368,0.708,-0.258,0.327,0.745,-0.034,0.341,0.358,0.555,0.309,-0.622,0.7,0.742,0.654,0.541,0.621,0.62,0.641,0.71,0.407,0.707,0.426,-0.075,0.773,0.75,0.697,0.194,-0.021,0.532,0.487,0.846,0.315
DKNG,0.34,0.675,0.569,0.709,0.284,0.476,0.081,0.334,0.673,0.215,0.511,0.617,0.738,-0.488,-0.415,0.655,0.696,0.687,0.814,0.656,1.0,0.779,0.722,0.788,0.585,0.536,0.53,-0.215,0.568,0.535,-0.569,0.673,0.672,0.569,0.416,0.501,0.607,0.312,-0.261,0.585,0.721,0.727,0.637,0.648,0.42,0.38,0.759,0.129,0.536,0.839,0.303,0.72,0.405,0.287,0.316,-0.032,-0.111,0.509,0.689,0.731,0.55,-0.418,0.404,0.217,0.565,0.576,0.624,0.718,0.604,0.758,0.071,0.263,0.716,0.416,0.635,0.417,0.348,0.578,-0.569,0.633,0.444,0.545,0.581,0.527,0.44,0.465,0.609,0.618,0.876,0.479,0.047,0.562,0.397,0.752,0.077,0.096,0.249,0.24,0.489,0.557
EBAY,0.284,0.807,0.659,0.778,0.392,0.603,0.267,0.624,0.784,0.294,0.541,0.725,0.827,-0.396,-0.403,0.565,0.713,0.824,0.813,0.665,0.779,1.0,0.649,0.693,0.429,0.7,0.564,-0.087,0.508,0.347,-0.423,0.752,0.746,0.529,0.355,0.307,0.727,0.519,-0.138,0.44,0.631,0.787,0.569,0.779,0.476,0.475,0.712,0.091,0.568,0.804,0.302,0.753,0.525,0.252,0.307,0.054,-0.103,0.557,0.549,0.643,0.564,-0.317,0.457,0.149,0.598,0.629,0.671,0.692,0.637,0.625,0.114,0.37,0.71,0.484,0.728,0.483,0.399,0.573,-0.439,0.692,0.409,0.674,0.722,0.451,0.301,0.481,0.538,0.745,0.776,0.697,0.258,0.602,0.287,0.734,0.119,0.083,0.133,0.144,0.633,0.739
ERIC,0.427,0.643,0.606,0.661,0.222,0.481,0.334,0.389,0.739,0.191,0.585,0.475,0.773,-0.605,-0.046,0.663,0.758,0.578,0.676,0.675,0.722,0.649,1.0,0.803,0.591,0.581,0.387,-0.151,0.544,0.714,-0.453,0.685,0.737,0.66,0.415,0.597,0.692,0.282,-0.351,0.645,0.608,0.675,0.718,0.665,0.511,0.307,0.691,0.248,0.592,0.761,0.214,0.701,0.402,0.566,0.363,-0.004,-0.276,0.576,0.553,0.619,0.586,-0.19,0.622,0.082,0.624,0.542,0.566,0.68,0.499,0.71,-0.057,0.296,0.681,0.222,0.47,0.438,0.472,0.48,-0.381,0.738,0.587,0.647,0.701,0.667,0.437,0.576,0.66,0.511,0.7,0.516,0.22,0.695,0.538,0.695,0.244,0.063,0.399,0.334,0.651,0.4
EXC,0.513,0.681,0.577,0.706,0.284,0.432,0.325,0.378,0.707,0.05,0.507,0.492,0.816,-0.49,-0.142,0.747,0.678,0.535,0.777,0.704,0.788,0.693,0.803,1.0,0.612,0.656,0.428,-0.237,0.476,0.63,-0.447,0.663,0.68,0.673,0.489,0.589,0.64,0.341,-0.337,0.67,0.652,0.621,0.691,0.694,0.551,0.402,0.741,0.2,0.463,0.838,0.199,0.631,0.383,0.498,0.384,-0.026,-0.237,0.505,0.605,0.583,0.634,-0.319,0.605,0.163,0.632,0.571,0.482,0.748,0.466,0.66,0.074,0.327,0.767,0.243,0.511,0.484,0.509,0.541,-0.44,0.711,0.55,0.669,0.738,0.498,0.415,0.534,0.556,0.554,0.724,0.498,0.023,0.668,0.526,0.67,0.209,0.137,0.462,0.36,0.611,0.411
FITB,0.725,0.32,0.724,0.325,-0.084,0.11,0.532,0.058,0.697,-0.17,0.417,0.253,0.671,-0.572,0.165,0.736,0.627,0.299,0.508,0.743,0.585,0.429,0.591,0.612,1.0,0.466,-0.028,-0.031,0.199,0.628,-0.246,0.549,0.529,0.769,0.866,0.864,0.613,0.037,-0.462,0.801,0.287,0.598,0.687,0.394,0.518,-0.058,0.717,0.362,0.454,0.386,-0.185,0.668,0.172,0.605,0.553,-0.054,-0.488,0.404,0.189,0.314,0.832,0.043,0.709,-0.208,0.566,0.252,0.254,0.589,0.168,0.606,-0.27,0.406,0.664,-0.222,0.139,0.212,0.704,0.13,-0.448,0.524,0.819,0.5,0.428,0.619,0.815,0.67,0.649,0.226,0.61,0.136,-0.041,0.651,0.833,0.498,0.484,-0.326,0.744,0.708,0.618,0.011
FLEX,0.371,0.666,0.703,0.674,0.464,0.569,0.568,0.694,0.699,0.193,0.65,0.704,0.782,-0.167,-0.092,0.53,0.726,0.662,0.695,0.586,0.536,0.7,0.581,0.656,0.466,1.0,0.573,-0.15,0.589,0.441,-0.445,0.677,0.637,0.588,0.393,0.459,0.729,0.704,0.047,0.476,0.596,0.713,0.616,0.657,0.616,0.498,0.667,0.15,0.543,0.672,0.434,0.621,0.565,0.33,0.413,-0.132,0.067,0.483,0.493,0.633,0.547,-0.281,0.552,0.209,0.562,0.634,0.589,0.677,0.554,0.52,0.185,0.501,0.767,0.344,0.583,0.486,0.417,0.521,-0.265,0.607,0.53,0.701,0.829,0.303,0.274,0.735,0.447,0.698,0.5,0.564,0.168,0.635,0.405,0.514,0.212,0.192,0.183,0.215,0.609,0.569
FTNT,-0.079,0.621,0.225,0.611,0.589,0.606,-0.054,0.621,0.361,0.379,0.43,0.604,0.426,-0.057,-0.5,0.182,0.465,0.677,0.575,0.187,0.53,0.564,0.387,0.428,-0.028,0.573,1.0,-0.305,0.577,0.057,-0.588,0.5,0.485,0.309,-0.165,-0.011,0.373,0.589,0.16,0.25,0.632,0.451,0.285,0.512,0.504,0.741,0.417,-0.139,0.4,0.634,0.719,0.325,0.508,-0.119,0.095,-0.092,0.389,0.338,0.641,0.673,0.056,-0.587,0.156,0.477,0.361,0.82,0.696,0.664,0.648,0.439,0.281,0.273,0.333,0.881,0.916,0.378,-0.094,0.75,-0.084,0.553,0.007,0.52,0.654,0.066,-0.079,0.192,0.254,0.725,0.44,0.604,0.324,0.197,-0.068,0.459,-0.071,0.448,-0.362,-0.213,0.259,0.74
GEN,-0.218,-0.29,-0.051,-0.242,-0.102,-0.28,0.044,-0.126,-0.062,0.087,-0.334,-0.307,-0.113,0.37,0.125,-0.29,-0.119,0.057,-0.233,-0.19,-0.215,-0.087,-0.151,-0.237,-0.031,-0.15,-0.305,1.0,-0.449,-0.119,0.584,-0.089,-0.154,-0.34,0.11,-0.138,-0.028,-0.257,0.208,-0.305,-0.411,-0.036,-0.265,-0.197,-0.217,-0.346,-0.079,0.515,-0.243,-0.264,-0.238,-0.022,0.084,0.12,0.298,-0.009,-0.117,-0.284,-0.538,-0.338,-0.232,0.24,-0.028,-0.368,-0.359,-0.433,-0.418,-0.347,-0.426,-0.303,0.153,0.177,-0.211,-0.262,-0.229,0.214,0.287,-0.446,0.399,-0.32,-0.073,-0.277,-0.123,-0.292,0.195,0.025,-0.366,-0.178,-0.107,-0.264,0.279,0.068,-0.097,-0.386,0.417,-0.3,0.198,-0.104,-0.171,-0.114
GERN,0.066,0.515,0.481,0.631,0.476,0.616,0.065,0.503,0.446,0.308,0.759,0.737,0.439,-0.404,-0.117,0.486,0.565,0.483,0.618,0.351,0.568,0.508,0.544,0.476,0.199,0.589,0.577,-0.449,1.0,0.41,-0.68,0.461,0.486,0.339,-0.06,0.375,0.481,0.471,0.135,0.309,0.826,0.576,0.601,0.488,0.228,0.431,0.4,-0.088,0.54,0.578,0.686,0.436,0.4,0.04,-0.024,0.028,0.293,0.515,0.72,0.84,0.253,-0.39,0.162,0.551,0.441,0.55,0.76,0.537,0.767,0.589,0.189,0.006,0.573,0.405,0.498,0.288,-0.033,0.596,-0.436,0.445,0.211,0.407,0.495,0.443,-0.053,0.52,0.476,0.634,0.466,0.45,-0.057,0.373,0.163,0.593,-0.221,0.418,-0.112,0.049,0.299,0.536
GEVO,0.486,0.407,0.564,0.355,0.075,0.337,0.426,0.189,0.587,0.089,0.512,0.338,0.582,-0.581,0.328,0.655,0.597,0.289,0.46,0.595,0.535,0.347,0.714,0.63,0.628,0.441,0.057,-0.119,0.41,1.0,-0.328,0.491,0.527,0.611,0.531,0.726,0.521,0.114,-0.421,0.548,0.367,0.503,0.69,0.379,0.38,-0.075,0.523,0.238,0.483,0.448,0.052,0.595,0.203,0.495,0.265,0.137,-0.313,0.498,0.459,0.397,0.638,0.025,0.529,0.07,0.599,0.286,0.285,0.51,0.261,0.591,-0.285,0.189,0.607,-0.099,0.148,0.244,0.469,0.158,-0.389,0.475,0.641,0.461,0.415,0.553,0.418,0.625,0.551,0.226,0.396,0.275,-0.021,0.629,0.584,0.548,0.227,0.057,0.511,0.439,0.537,0.1
GILD,-0.097,-0.449,-0.472,-0.569,-0.357,-0.492,-0.022,-0.396,-0.32,-0.311,-0.653,-0.651,-0.404,0.456,0.316,-0.522,-0.587,-0.454,-0.558,-0.324,-0.569,-0.423,-0.453,-0.447,-0.246,-0.445,-0.588,0.584,-0.68,-0.328,1.0,-0.387,-0.4,-0.373,0.005,-0.359,-0.494,-0.439,0.233,-0.457,-0.71,-0.489,-0.385,-0.383,-0.335,-0.537,-0.428,0.439,-0.643,-0.6,-0.424,-0.468,-0.285,-0.071,0.055,-0.077,-0.136,-0.64,-0.678,-0.764,-0.262,0.478,-0.284,-0.451,-0.538,-0.651,-0.768,-0.59,-0.687,-0.702,0.183,-0.054,-0.468,-0.472,-0.59,-0.184,-0.018,-0.741,0.451,-0.618,-0.255,-0.502,-0.464,-0.444,-0.038,-0.3,-0.568,-0.498,-0.426,-0.361,-0.04,-0.245,-0.243,-0.511,0.197,-0.298,0.139,-0.163,-0.25,-0.372
GOOG,0.479,0.839,0.659,0.773,0.476,0.708,0.435,0.617,0.874,0.313,0.554,0.586,0.717,-0.42,-0.133,0.615,0.734,0.696,0.707,0.766,0.673,0.752,0.685,0.663,0.549,0.677,0.5,-0.089,0.461,0.491,-0.387,1.0,0.971,0.677,0.439,0.482,0.801,0.519,-0.203,0.612,0.617,0.706,0.63,0.826,0.507,0.339,0.774,0.195,0.726,0.748,0.292,0.761,0.698,0.431,0.527,0.035,0.004,0.51,0.482,0.662,0.607,-0.133,0.619,0.119,0.624,0.559,0.619,0.663,0.56,0.67,0.02,0.567,0.623,0.338,0.598,0.603,0.408,0.473,-0.332,0.685,0.575,0.716,0.675,0.452,0.437,0.609,0.628,0.545,0.693,0.722,0.302,0.788,0.497,0.689,0.232,0.133,0.309,0.132,0.801,0.622
GOOGL,0.447,0.862,0.625,0.805,0.426,0.71,0.412,0.61,0.884,0.297,0.578,0.579,0.708,-0.492,-0.089,0.643,0.727,0.648,0.712,0.757,0.672,0.746,0.737,0.68,0.529,0.637,0.485,-0.154,0.486,0.527,-0.4,0.971,1.0,0.682,0.395,0.487,0.789,0.479,-0.229,0.591,0.65,0.657,0.676,0.84,0.513,0.364,0.698,0.139,0.71,0.765,0.295,0.71,0.671,0.439,0.449,0.061,-0.035,0.544,0.526,0.635,0.584,-0.179,0.605,0.153,0.646,0.572,0.616,0.663,0.546,0.665,0.008,0.493,0.594,0.365,0.597,0.606,0.368,0.504,-0.349,0.717,0.54,0.728,0.655,0.458,0.362,0.572,0.609,0.552,0.658,0.734,0.287,0.803,0.459,0.731,0.188,0.171,0.309,0.152,0.795,0.607
GT,0.783,0.563,0.636,0.473,0.062,0.425,0.481,0.274,0.731,-0.059,0.532,0.4,0.749,-0.64,0.079,0.685,0.683,0.386,0.593,0.759,0.569,0.529,0.66,0.673,0.769,0.588,0.309,-0.34,0.339,0.611,-0.373,0.677,0.682,1.0,0.678,0.684,0.629,0.23,-0.449,0.852,0.404,0.599,0.755,0.618,0.716,0.269,0.737,0.203,0.555,0.529,0.039,0.659,0.201,0.498,0.419,-0.05,-0.321,0.515,0.385,0.393,0.836,-0.063,0.736,-0.05,0.737,0.557,0.46,0.805,0.346,0.642,-0.306,0.406,0.662,0.089,0.431,0.198,0.493,0.408,-0.399,0.754,0.728,0.74,0.652,0.56,0.582,0.656,0.704,0.411,0.537,0.473,0.03,0.647,0.751,0.652,0.289,-0.086,0.469,0.536,0.79,0.257
HBAN,0.783,0.206,0.634,0.176,-0.203,0.002,0.629,-0.033,0.595,-0.306,0.223,0.077,0.607,-0.381,0.271,0.559,0.436,0.16,0.306,0.726,0.416,0.355,0.415,0.489,0.866,0.393,-0.165,0.11,-0.06,0.531,0.005,0.439,0.395,0.678,1.0,0.718,0.488,0.017,-0.497,0.69,-0.001,0.418,0.521,0.33,0.531,-0.203,0.645,0.439,0.312,0.235,-0.399,0.587,0.074,0.64,0.602,-0.068,-0.574,0.247,-0.071,0.046,0.776,0.218,0.66,-0.37,0.471,0.107,0.001,0.436,-0.106,0.39,-0.31,0.427,0.548,-0.335,0.036,0.153,0.771,-0.071,-0.32,0.426,0.785,0.46,0.308,0.485,0.812,0.587,0.491,0.072,0.44,0.052,-0.049,0.577,0.779,0.3,0.529,-0.452,0.78,0.736,0.633,-0.137
HST,0.661,0.254,0.743,0.336,0.009,0.204,0.535,0.087,0.647,-0.188,0.542,0.324,0.568,-0.577,0.411,0.8,0.563,0.205,0.44,0.685,0.501,0.307,0.597,0.589,0.864,0.459,-0.011,-0.138,0.375,0.726,-0.359,0.482,0.487,0.684,0.718,1.0,0.601,0.071,-0.479,0.768,0.363,0.483,0.755,0.321,0.449,-0.1,0.607,0.29,0.466,0.35,-0.027,0.604,0.183,0.582,0.402,-0.012,-0.343,0.471,0.268,0.398,0.729,0.015,0.691,-0.054,0.578,0.259,0.218,0.538,0.146,0.583,-0.308,0.218,0.626,-0.264,0.074,0.196,0.596,0.141,-0.476,0.507,0.787,0.455,0.355,0.581,0.637,0.733,0.581,0.172,0.484,0.075,-0.121,0.654,0.799,0.453,0.393,-0.169,0.677,0.699,0.564,0.012
INTC,0.445,0.683,0.845,0.746,0.403,0.649,0.527,0.667,0.804,0.328,0.731,0.719,0.79,-0.52,-0.07,0.751,0.872,0.689,0.738,0.772,0.607,0.727,0.692,0.64,0.613,0.729,0.373,-0.028,0.481,0.521,-0.494,0.801,0.789,0.629,0.488,0.601,1.0,0.512,-0.267,0.649,0.631,0.766,0.661,0.727,0.464,0.293,0.769,0.099,0.828,0.705,0.266,0.846,0.545,0.455,0.416,0.058,-0.133,0.736,0.455,0.661,0.671,-0.159,0.658,0.137,0.714,0.533,0.61,0.688,0.518,0.759,-0.138,0.38,0.753,0.172,0.492,0.516,0.519,0.526,-0.457,0.75,0.693,0.689,0.687,0.483,0.425,0.699,0.621,0.537,0.631,0.538,0.203,0.805,0.599,0.673,0.173,0.169,0.332,0.304,0.72,0.529
IOVA,0.025,0.582,0.461,0.53,0.605,0.533,0.37,0.747,0.384,0.32,0.389,0.658,0.48,0.086,-0.263,0.227,0.433,0.612,0.495,0.291,0.312,0.519,0.282,0.341,0.037,0.704,0.589,-0.257,0.471,0.114,-0.439,0.519,0.479,0.23,0.017,0.071,0.512,1.0,0.106,0.178,0.445,0.416,0.214,0.474,0.273,0.434,0.339,-0.284,0.49,0.525,0.521,0.436,0.531,-0.043,0.099,-0.007,0.249,0.333,0.473,0.59,0.182,-0.23,0.177,0.403,0.387,0.553,0.534,0.39,0.581,0.342,0.181,0.26,0.466,0.489,0.526,0.278,0.054,0.455,-0.217,0.371,0.27,0.44,0.579,0.134,-0.117,0.286,0.296,0.47,0.26,0.524,0.249,0.233,0.054,0.325,-0.211,0.364,-0.225,-0.17,0.312,0.604
IQ,-0.519,-0.148,-0.343,-0.075,0.215,-0.049,-0.227,0.191,-0.322,0.074,-0.012,0.103,-0.354,0.553,-0.14,-0.483,-0.246,-0.084,-0.156,-0.474,-0.261,-0.138,-0.351,-0.337,-0.462,0.047,0.16,0.208,0.135,-0.421,0.233,-0.203,-0.229,-0.449,-0.497,-0.479,-0.267,0.106,1.0,-0.532,0.081,-0.133,-0.238,-0.157,-0.289,0.144,-0.323,0.124,-0.309,-0.196,0.473,-0.403,0.167,-0.349,-0.074,-0.178,0.526,-0.319,-0.069,-0.012,-0.487,-0.14,-0.409,0.197,-0.52,-0.154,-0.031,-0.302,0.12,-0.353,0.726,0.097,-0.291,0.186,-0.047,0.129,-0.372,-0.077,0.399,-0.428,-0.467,-0.396,-0.113,-0.469,-0.385,-0.04,-0.45,0.233,-0.222,-0.001,0.106,-0.251,-0.491,-0.25,-0.142,0.234,-0.414,-0.53,-0.366,0.126
JBLU,0.812,0.416,0.647,0.443,0.118,0.35,0.416,0.203,0.685,-0.115,0.553,0.386,0.679,-0.667,0.062,0.758,0.632,0.37,0.568,0.8,0.585,0.44,0.645,0.67,0.801,0.476,0.25,-0.305,0.309,0.548,-0.457,0.612,0.591,0.852,0.69,0.768,0.649,0.178,-0.532,1.0,0.417,0.52,0.688,0.511,0.589,0.152,0.8,0.197,0.613,0.501,0.041,0.694,0.145,0.49,0.433,-0.056,-0.346,0.595,0.372,0.481,0.776,-0.044,0.7,-0.014,0.684,0.475,0.429,0.749,0.324,0.71,-0.371,0.319,0.649,-0.031,0.33,0.135,0.509,0.387,-0.534,0.749,0.777,0.597,0.559,0.617,0.682,0.591,0.741,0.337,0.62,0.3,-0.061,0.574,0.897,0.621,0.252,-0.081,0.508,0.607,0.695,0.162
JD,0.112,0.682,0.48,0.848,0.532,0.691,0.024,0.553,0.526,0.323,0.753,0.796,0.534,-0.445,-0.336,0.633,0.689,0.603,0.796,0.472,0.721,0.631,0.608,0.652,0.287,0.596,0.632,-0.411,0.826,0.367,-0.71,0.617,0.65,0.404,-0.001,0.363,0.631,0.445,0.081,0.417,1.0,0.591,0.589,0.669,0.294,0.571,0.512,-0.106,0.604,0.768,0.625,0.49,0.52,0.138,0.072,-0.032,0.284,0.584,0.783,0.862,0.323,-0.528,0.259,0.541,0.492,0.601,0.779,0.624,0.792,0.685,0.263,0.154,0.595,0.49,0.61,0.468,0.018,0.767,-0.482,0.594,0.219,0.504,0.554,0.368,0.012,0.494,0.463,0.712,0.616,0.567,-0.019,0.512,0.221,0.718,-0.204,0.477,0.007,0.03,0.407,0.648
KDP,0.353,0.638,0.744,0.63,0.35,0.532,0.345,0.535,0.739,0.371,0.618,0.677,0.763,-0.444,-0.28,0.57,0.827,0.736,0.739,0.634,0.727,0.787,0.675,0.621,0.598,0.713,0.451,-0.036,0.576,0.503,-0.489,0.706,0.657,0.599,0.418,0.483,0.766,0.416,-0.133,0.52,0.591,1.0,0.638,0.637,0.431,0.302,0.776,0.181,0.65,0.683,0.277,0.808,0.455,0.328,0.401,0.03,-0.108,0.586,0.515,0.695,0.649,-0.223,0.508,0.13,0.604,0.569,0.716,0.709,0.658,0.729,-0.04,0.387,0.786,0.276,0.551,0.442,0.447,0.477,-0.405,0.611,0.568,0.596,0.717,0.55,0.462,0.642,0.658,0.59,0.73,0.533,0.217,0.635,0.462,0.663,0.222,0.093,0.232,0.251,0.566,0.548
KHC,0.646,0.557,0.667,0.554,0.171,0.472,0.448,0.321,0.787,0.034,0.693,0.541,0.694,-0.646,0.205,0.76,0.659,0.409,0.636,0.716,0.637,0.569,0.718,0.691,0.687,0.616,0.285,-0.265,0.601,0.69,-0.385,0.63,0.676,0.755,0.521,0.755,0.661,0.214,-0.238,0.688,0.589,0.638,1.0,0.586,0.548,0.188,0.659,0.366,0.506,0.573,0.285,0.62,0.342,0.446,0.347,0.037,-0.146,0.53,0.504,0.527,0.706,-0.191,0.564,0.145,0.719,0.431,0.451,0.711,0.42,0.58,-0.045,0.228,0.704,0.117,0.377,0.338,0.456,0.357,-0.479,0.663,0.586,0.653,0.545,0.531,0.429,0.719,0.543,0.505,0.608,0.435,0.019,0.749,0.64,0.698,0.219,0.037,0.451,0.498,0.646,0.336
LRCX,0.399,0.882,0.566,0.903,0.516,0.785,0.294,0.57,0.786,0.282,0.525,0.615,0.7,-0.404,-0.216,0.567,0.674,0.642,0.76,0.706,0.648,0.779,0.665,0.694,0.394,0.657,0.512,-0.197,0.488,0.379,-0.383,0.826,0.84,0.618,0.33,0.321,0.727,0.474,-0.157,0.511,0.669,0.637,0.586,1.0,0.464,0.56,0.694,0.078,0.601,0.745,0.291,0.61,0.619,0.319,0.487,0.035,0.116,0.51,0.505,0.619,0.533,-0.275,0.553,0.224,0.579,0.555,0.619,0.614,0.526,0.55,0.092,0.464,0.606,0.413,0.609,0.632,0.288,0.633,-0.33,0.746,0.369,0.739,0.663,0.341,0.28,0.504,0.473,0.612,0.645,0.806,0.238,0.715,0.323,0.715,0.086,0.218,0.204,0.17,0.801,0.677
LYFT,0.559,0.467,0.431,0.425,0.097,0.318,0.458,0.286,0.582,-0.097,0.402,0.256,0.586,-0.326,0.018,0.486,0.551,0.37,0.409,0.531,0.42,0.476,0.511,0.551,0.518,0.616,0.504,-0.217,0.228,0.38,-0.335,0.507,0.513,0.716,0.531,0.449,0.464,0.273,-0.289,0.589,0.294,0.431,0.548,0.464,1.0,0.354,0.537,0.186,0.385,0.46,0.059,0.399,0.27,0.518,0.47,-0.222,-0.219,0.382,0.255,0.284,0.538,-0.193,0.631,-0.114,0.547,0.612,0.408,0.747,0.208,0.44,-0.112,0.471,0.429,0.359,0.63,0.344,0.418,0.359,-0.073,0.652,0.46,0.772,0.613,0.378,0.419,0.479,0.444,0.494,0.371,0.383,0.196,0.537,0.478,0.375,0.44,-0.066,0.342,0.425,0.632,0.219
MARA,-0.123,0.568,0.136,0.604,0.406,0.477,-0.122,0.467,0.239,0.227,0.321,0.48,0.363,-0.046,-0.475,0.115,0.336,0.481,0.569,0.087,0.38,0.475,0.307,0.402,-0.058,0.498,0.741,-0.346,0.431,-0.075,-0.537,0.339,0.364,0.269,-0.203,-0.1,0.293,0.434,0.144,0.152,0.571,0.302,0.188,0.56,0.354,1.0,0.277,-0.215,0.203,0.57,0.503,0.17,0.416,-0.105,0.06,-0.093,0.384,0.244,0.481,0.461,-0.006,-0.668,0.211,0.415,0.233,0.61,0.537,0.437,0.519,0.25,0.294,0.278,0.237,0.71,0.713,0.36,-0.059,0.862,-0.011,0.558,-0.122,0.49,0.592,-0.059,-0.154,0.116,0.084,0.643,0.29,0.553,0.256,0.147,-0.152,0.339,-0.085,0.304,-0.334,-0.097,0.213,0.591
MCHP,0.642,0.596,0.712,0.613,0.27,0.472,0.409,0.414,0.815,0.151,0.56,0.552,0.823,-0.47,-0.212,0.634,0.767,0.646,0.677,0.843,0.759,0.712,0.691,0.741,0.717,0.667,0.417,-0.079,0.4,0.523,-0.428,0.774,0.698,0.737,0.645,0.607,0.769,0.339,-0.323,0.8,0.512,0.776,0.659,0.694,0.537,0.277,1.0,0.336,0.677,0.718,0.158,0.859,0.37,0.449,0.594,-0.032,-0.226,0.559,0.411,0.625,0.733,-0.133,0.649,-0.073,0.667,0.499,0.552,0.755,0.498,0.745,-0.135,0.473,0.787,0.148,0.501,0.427,0.578,0.429,-0.486,0.713,0.724,0.633,0.721,0.552,0.726,0.661,0.712,0.528,0.842,0.467,0.111,0.713,0.701,0.638,0.325,-0.049,0.405,0.374,0.739,0.411
MDLZ,0.352,-0.052,0.115,-0.061,-0.159,-0.12,0.212,-0.163,0.298,-0.138,0.024,-0.168,0.175,-0.002,0.252,0.068,0.112,0.032,0.009,0.27,0.129,0.091,0.248,0.2,0.362,0.15,-0.139,0.515,-0.088,0.238,0.439,0.195,0.139,0.203,0.439,0.29,0.099,-0.284,0.124,0.197,-0.106,0.181,0.366,0.078,0.186,-0.215,0.336,1.0,-0.097,-0.003,-0.071,0.198,0.11,0.406,0.534,-0.236,-0.125,-0.176,-0.264,-0.099,0.221,0.157,0.234,-0.418,-0.024,-0.236,-0.22,0.062,-0.191,-0.028,0.287,0.299,0.142,-0.279,-0.111,0.258,0.43,-0.298,0.073,0.002,0.203,0.053,0.088,0.069,0.522,0.377,0.002,0.088,0.29,-0.083,0.063,0.362,0.334,-0.027,0.559,-0.376,0.459,0.228,0.232,-0.105
META,0.378,0.573,0.68,0.631,0.388,0.687,0.343,0.562,0.639,0.464,0.749,0.672,0.583,-0.6,-0.147,0.678,0.811,0.589,0.559,0.719,0.536,0.568,0.592,0.463,0.454,0.543,0.4,-0.243,0.54,0.483,-0.643,0.726,0.71,0.555,0.312,0.466,0.828,0.49,-0.309,0.613,0.604,0.65,0.506,0.601,0.385,0.203,0.677,-0.097,1.0,0.606,0.321,0.779,0.392,0.32,0.248,0.067,-0.066,0.807,0.472,0.751,0.57,-0.098,0.443,0.127,0.705,0.5,0.771,0.642,0.621,0.873,-0.29,0.226,0.619,0.189,0.477,0.332,0.259,0.489,-0.56,0.674,0.556,0.602,0.535,0.6,0.31,0.505,0.772,0.486,0.564,0.487,0.08,0.605,0.542,0.656,-0.063,0.252,0.109,0.156,0.651,0.421
MNST,0.277,0.775,0.545,0.819,0.378,0.579,0.18,0.566,0.686,0.305,0.559,0.665,0.791,-0.398,-0.443,0.592,0.718,0.732,0.8,0.625,0.839,0.804,0.761,0.838,0.386,0.672,0.634,-0.264,0.578,0.448,-0.6,0.748,0.765,0.529,0.235,0.35,0.705,0.525,-0.196,0.501,0.768,0.683,0.573,0.745,0.46,0.57,0.718,-0.003,0.606,1.0,0.388,0.689,0.505,0.316,0.262,-0.02,-0.07,0.576,0.717,0.737,0.454,-0.469,0.427,0.248,0.618,0.663,0.683,0.725,0.692,0.73,0.147,0.279,0.716,0.516,0.707,0.536,0.305,0.702,-0.466,0.703,0.406,0.657,0.77,0.434,0.238,0.44,0.571,0.685,0.772,0.607,0.133,0.619,0.3,0.684,-0.009,0.271,0.126,0.063,0.53,0.635
MRNA,-0.264,0.404,0.093,0.442,0.656,0.59,-0.151,0.605,0.153,0.433,0.526,0.646,0.149,0.013,-0.237,0.132,0.275,0.457,0.436,0.013,0.303,0.302,0.214,0.199,-0.185,0.434,0.719,-0.238,0.686,0.052,-0.424,0.292,0.295,0.039,-0.399,-0.027,0.266,0.521,0.473,0.041,0.625,0.277,0.285,0.291,0.059,0.503,0.158,-0.071,0.321,0.388,1.0,0.154,0.439,-0.311,-0.095,-0.082,0.601,0.308,0.623,0.677,-0.088,-0.528,-0.1,0.627,0.134,0.487,0.549,0.346,0.617,0.318,0.437,0.049,0.228,0.574,0.519,0.249,-0.324,0.551,-0.158,0.246,-0.142,0.132,0.37,-0.098,-0.323,0.171,0.064,0.644,0.228,0.416,0.1,0.074,-0.137,0.417,-0.319,0.606,-0.49,-0.402,0.015,0.663
MRVL,0.497,0.581,0.822,0.551,0.204,0.494,0.403,0.451,0.783,0.29,0.59,0.64,0.829,-0.551,-0.182,0.656,0.806,0.732,0.693,0.8,0.72,0.753,0.701,0.631,0.668,0.621,0.325,-0.022,0.436,0.595,-0.468,0.761,0.71,0.659,0.587,0.604,0.846,0.436,-0.403,0.694,0.49,0.808,0.62,0.61,0.399,0.17,0.859,0.198,0.779,0.689,0.154,1.0,0.334,0.364,0.347,0.02,-0.316,0.639,0.444,0.639,0.731,-0.1,0.554,-0.017,0.72,0.457,0.601,0.679,0.582,0.809,-0.266,0.275,0.795,0.103,0.471,0.296,0.558,0.413,-0.604,0.664,0.743,0.602,0.641,0.656,0.54,0.638,0.771,0.446,0.735,0.436,0.142,0.646,0.636,0.662,0.138,-0.026,0.288,0.327,0.659,0.454
MSFT,0.002,0.711,0.426,0.691,0.741,0.648,0.344,0.668,0.546,0.407,0.367,0.458,0.371,0.001,-0.059,0.301,0.423,0.576,0.523,0.303,0.405,0.525,0.402,0.383,0.172,0.565,0.508,0.084,0.4,0.203,-0.285,0.698,0.671,0.201,0.074,0.183,0.545,0.531,0.167,0.145,0.52,0.455,0.342,0.619,0.27,0.416,0.37,0.11,0.392,0.505,0.439,0.334,1.0,0.264,0.495,0.176,0.478,0.203,0.364,0.556,0.147,-0.216,0.401,0.382,0.267,0.461,0.397,0.295,0.34,0.257,0.414,0.629,0.289,0.496,0.527,0.707,0.228,0.4,0.106,0.448,0.124,0.517,0.452,0.004,0.125,0.399,0.126,0.488,0.403,0.672,0.568,0.555,0.032,0.348,0.258,0.193,0.131,-0.031,0.451,0.622
MSTR,0.55,0.193,0.44,0.322,-0.129,0.042,0.588,0.059,0.489,-0.112,0.284,-0.029,0.413,-0.329,0.316,0.499,0.487,0.039,0.192,0.524,0.287,0.252,0.566,0.498,0.605,0.33,-0.119,0.12,0.04,0.495,-0.071,0.431,0.439,0.498,0.64,0.582,0.455,-0.043,-0.349,0.49,0.138,0.328,0.446,0.319,0.518,-0.105,0.449,0.406,0.32,0.316,-0.311,0.364,0.264,1.0,0.576,-0.062,-0.409,0.265,-0.1,0.133,0.452,0.261,0.697,-0.353,0.26,0.105,0.11,0.309,-0.083,0.359,-0.11,0.475,0.328,-0.249,0.03,0.466,0.653,-0.049,-0.025,0.393,0.595,0.456,0.337,0.504,0.625,0.519,0.472,0.13,0.35,0.085,0.155,0.7,0.643,0.129,0.617,-0.41,0.793,0.516,0.583,-0.199
MU,0.482,0.341,0.365,0.351,0.254,0.212,0.464,0.193,0.565,-0.007,0.15,0.026,0.362,-0.046,0.126,0.272,0.349,0.236,0.241,0.481,0.316,0.307,0.363,0.384,0.553,0.413,0.095,0.298,-0.024,0.265,0.055,0.527,0.449,0.419,0.602,0.402,0.416,0.099,-0.074,0.433,0.072,0.401,0.347,0.487,0.47,0.06,0.594,0.534,0.248,0.262,-0.095,0.347,0.495,0.576,1.0,-0.08,-0.028,0.068,-0.062,0.188,0.406,0.091,0.668,-0.262,0.174,0.149,0.083,0.269,-0.06,0.234,0.088,0.748,0.266,-0.04,0.164,0.624,0.524,-0.022,0.115,0.354,0.419,0.399,0.366,0.144,0.739,0.481,0.243,0.22,0.456,0.303,0.326,0.61,0.455,0.152,0.716,-0.278,0.566,0.347,0.614,0.082
MVIS,-0.036,0.111,0.164,0.027,0.197,0.089,0.192,0.2,0.081,0.135,0.032,0.055,0.048,-0.227,0.221,0.018,-0.043,0.074,-0.039,-0.018,-0.032,0.054,-0.004,-0.026,-0.054,-0.132,-0.092,-0.009,0.028,0.137,-0.077,0.035,0.061,-0.05,-0.068,-0.012,0.058,-0.007,-0.178,-0.056,-0.032,0.03,0.037,0.035,-0.222,-0.093,-0.032,-0.236,0.067,-0.02,-0.082,0.02,0.176,-0.062,-0.08,1.0,0.012,0.113,0.085,-0.032,-0.019,0.291,0.022,0.265,0.263,0.069,-0.058,-0.039,-0.03,-0.058,-0.174,0.032,-0.029,0.057,-0.008,0.013,0.188,-0.069,0.1,0.117,0.02,0.07,0.012,-0.023,-0.014,-0.04,-0.019,-0.092,-0.015,0.26,0.277,0.077,-0.079,0.056,-0.003,0.051,0.096,0.128,0.066,0.019
NFLX,-0.431,0.163,-0.233,0.225,0.639,0.431,-0.27,0.264,-0.193,0.373,0.06,0.195,-0.34,0.357,-0.129,-0.236,-0.155,0.101,0.051,-0.324,-0.111,-0.103,-0.276,-0.237,-0.488,0.067,0.389,-0.117,0.293,-0.313,-0.136,0.004,-0.035,-0.321,-0.574,-0.343,-0.133,0.249,0.526,-0.346,0.284,-0.108,-0.146,0.116,-0.219,0.384,-0.226,-0.125,-0.066,-0.07,0.601,-0.316,0.478,-0.409,-0.028,0.012,1.0,-0.175,0.185,0.284,-0.442,-0.293,-0.293,0.558,-0.242,0.116,0.149,-0.175,0.165,-0.227,0.503,0.091,-0.231,0.43,0.196,0.223,-0.504,0.275,0.245,-0.103,-0.558,-0.068,-0.097,-0.501,-0.442,-0.106,-0.373,0.198,-0.147,0.261,0.144,-0.158,-0.474,-0.084,-0.241,0.416,-0.483,-0.408,-0.184,0.41
NNDM,0.342,0.48,0.602,0.602,0.319,0.599,0.206,0.499,0.536,0.271,0.818,0.717,0.57,-0.647,-0.093,0.745,0.694,0.495,0.576,0.643,0.509,0.557,0.576,0.505,0.404,0.483,0.338,-0.284,0.515,0.498,-0.64,0.51,0.544,0.515,0.247,0.471,0.736,0.333,-0.319,0.595,0.584,0.586,0.53,0.51,0.382,0.244,0.559,-0.176,0.807,0.576,0.308,0.639,0.203,0.265,0.068,0.113,-0.175,1.0,0.522,0.642,0.558,-0.172,0.411,0.199,0.638,0.495,0.664,0.677,0.518,0.797,-0.368,0.087,0.587,0.158,0.429,0.215,0.221,0.541,-0.575,0.701,0.487,0.495,0.547,0.501,0.206,0.454,0.613,0.566,0.471,0.36,-0.083,0.528,0.537,0.711,-0.131,0.334,0.096,0.208,0.515,0.4
NVAX,0.081,0.687,0.343,0.628,0.525,0.615,-0.074,0.556,0.427,0.309,0.594,0.693,0.499,-0.437,-0.342,0.503,0.525,0.564,0.729,0.35,0.689,0.549,0.553,0.605,0.189,0.493,0.641,-0.538,0.72,0.459,-0.678,0.482,0.526,0.385,-0.071,0.268,0.455,0.473,-0.069,0.372,0.783,0.515,0.504,0.505,0.255,0.481,0.411,-0.264,0.472,0.717,0.623,0.444,0.364,-0.1,-0.062,0.085,0.185,0.522,1.0,0.744,0.332,-0.516,0.201,0.636,0.503,0.688,0.668,0.596,0.755,0.634,0.083,0.024,0.554,0.557,0.588,0.215,-0.118,0.677,-0.499,0.506,0.21,0.413,0.514,0.286,-0.083,0.295,0.425,0.568,0.485,0.573,-0.018,0.262,0.117,0.763,-0.301,0.608,-0.175,-0.022,0.287,0.643
NVDA,0.13,0.643,0.566,0.77,0.649,0.728,0.092,0.593,0.565,0.468,0.733,0.805,0.545,-0.397,-0.344,0.595,0.718,0.712,0.752,0.509,0.731,0.643,0.619,0.583,0.314,0.633,0.673,-0.338,0.84,0.397,-0.764,0.662,0.635,0.393,0.046,0.398,0.661,0.59,-0.012,0.481,0.862,0.695,0.527,0.619,0.284,0.461,0.625,-0.099,0.751,0.737,0.677,0.639,0.556,0.133,0.188,-0.032,0.284,0.642,0.744,1.0,0.354,-0.425,0.284,0.477,0.51,0.623,0.874,0.63,0.835,0.786,0.127,0.201,0.646,0.462,0.626,0.425,0.059,0.677,-0.529,0.588,0.317,0.49,0.602,0.489,0.142,0.48,0.629,0.688,0.689,0.544,0.075,0.466,0.306,0.677,-0.155,0.389,-0.054,0.002,0.422,0.667
NWL,0.782,0.513,0.72,0.384,0.037,0.38,0.539,0.235,0.722,-0.079,0.529,0.431,0.747,-0.645,0.121,0.769,0.637,0.371,0.564,0.844,0.55,0.564,0.586,0.634,0.832,0.547,0.056,-0.232,0.253,0.638,-0.262,0.607,0.584,0.836,0.776,0.729,0.671,0.182,-0.487,0.776,0.323,0.649,0.706,0.533,0.538,-0.006,0.733,0.221,0.57,0.454,-0.088,0.731,0.147,0.452,0.406,-0.019,-0.442,0.558,0.332,0.354,1.0,0.047,0.654,-0.156,0.733,0.37,0.363,0.681,0.294,0.652,-0.351,0.322,0.767,-0.151,0.217,0.11,0.58,0.212,-0.548,0.616,0.779,0.609,0.492,0.608,0.617,0.642,0.687,0.3,0.575,0.382,-0.078,0.628,0.768,0.692,0.248,-0.1,0.55,0.556,0.756,0.226
OCGN,0.224,-0.324,-0.04,-0.413,-0.249,-0.315,0.296,-0.192,-0.087,-0.218,-0.248,-0.411,-0.214,0.031,0.458,-0.147,-0.239,-0.366,-0.487,0.036,-0.418,-0.317,-0.19,-0.319,0.043,-0.281,-0.587,0.24,-0.39,0.025,0.478,-0.133,-0.179,-0.063,0.218,0.015,-0.159,-0.23,-0.14,-0.044,-0.528,-0.223,-0.191,-0.275,-0.193,-0.668,-0.133,0.157,-0.098,-0.469,-0.528,-0.1,-0.216,0.261,0.091,0.291,-0.293,-0.172,-0.516,-0.425,0.047,1.0,0.032,-0.401,-0.172,-0.381,-0.402,-0.321,-0.431,-0.28,-0.343,0.045,-0.231,-0.579,-0.538,-0.201,0.203,-0.681,0.239,-0.308,0.235,-0.252,-0.305,0.119,0.217,0.022,0.01,-0.519,-0.28,-0.273,-0.005,0.0,0.208,-0.328,0.192,-0.33,0.368,0.134,0.098,-0.474
ON,0.611,0.49,0.626,0.474,0.168,0.318,0.589,0.365,0.69,-0.066,0.418,0.243,0.614,-0.437,0.254,0.599,0.602,0.294,0.469,0.61,0.404,0.457,0.622,0.605,0.709,0.552,0.156,-0.028,0.162,0.529,-0.284,0.619,0.605,0.736,0.66,0.691,0.658,0.177,-0.409,0.7,0.259,0.508,0.564,0.553,0.631,0.211,0.649,0.234,0.443,0.427,-0.1,0.554,0.401,0.697,0.668,0.022,-0.293,0.411,0.201,0.284,0.654,0.032,1.0,-0.12,0.47,0.45,0.262,0.529,0.098,0.491,-0.265,0.621,0.477,-0.036,0.272,0.456,0.642,0.268,-0.095,0.666,0.723,0.638,0.571,0.412,0.663,0.642,0.517,0.284,0.427,0.43,0.292,0.707,0.681,0.427,0.655,-0.206,0.6,0.564,0.771,0.151
OPK,-0.272,0.361,0.077,0.402,0.657,0.446,-0.153,0.423,0.004,0.321,0.311,0.452,0.055,-0.1,-0.141,0.149,0.1,0.277,0.473,-0.12,0.217,0.149,0.082,0.163,-0.208,0.209,0.477,-0.368,0.551,0.07,-0.451,0.119,0.153,-0.05,-0.37,-0.054,0.137,0.403,0.197,-0.014,0.541,0.13,0.145,0.224,-0.114,0.415,-0.073,-0.418,0.127,0.248,0.627,-0.017,0.382,-0.353,-0.262,0.265,0.558,0.199,0.636,0.477,-0.156,-0.401,-0.12,1.0,0.148,0.449,0.361,0.182,0.422,0.138,0.218,-0.074,0.146,0.489,0.34,0.072,-0.298,0.572,-0.122,0.235,-0.185,0.121,0.165,-0.133,-0.447,-0.006,-0.074,0.283,0.011,0.363,0.023,-0.071,-0.205,0.345,-0.434,0.672,-0.307,-0.096,-0.121,0.46
