,AAL,AAPL,AGNC,AMAT,AMD,AMZN,APA,ARDX,AVGO,AZN,BIDU,BILI,BKR,CAN,CHRD,CMCSA,CPRT,CRWD,CSCO,CSX,DKNG,EBAY,ERIC,EXC,FITB,FLEX,FTNT,GEN,GERN,GEVO,GILD,GOOG,GOOGL,GT,HBAN,HST,INTC,IOVA,IQ,JBLU,JD,KDP,KHC,LRCX,LYFT,MARA,MCHP,MDLZ,META,MNST,MRNA,MRVL,MSFT,MSTR,MU,MVIS,NFLX,NNDM,NVAX,NVDA,NWL,OCGN,ON,OPK,PAA,PACB,PANW,PARA,PDD,PENN,PEP,PLUG,PTEN,PTON,PYPL,QCOM,QVCGA,RIOT,ROKU,RUN,SABR,SBUX,SMCI,SNDL,STNE,TCOM,TLRY,TMUS,TSCO,TSLA,TTD,TXN,UAL,VOD,VTRS,VXRT,WBA,WBD,WDC,ZM
AAL,1.0,-0.506,0.702,-0.258,0.659,-0.566,0.683,0.062,-0.215,0.068,-0.318,-0.665,0.708,0.488,0.849,0.389,0.647,-0.506,0.253,0.574,0.604,-0.545,-0.282,0.695,0.729,0.658,-0.063,0.524,-0.651,0.496,-0.222,0.015,-0.035,0.482,0.644,0.705,0.59,0.54,-0.293,0.837,-0.333,0.05,0.542,-0.396,0.81,0.143,0.06,0.484,0.129,0.042,0.173,0.087,-0.511,0.574,0.409,-0.47,-0.571,0.725,-0.754,-0.422,0.205,0.797,0.267,-0.508,0.735,0.416,0.136,0.585,-0.64,0.324,0.097,-0.585,0.714,-0.651,-0.625,-0.203,-0.103,0.382,-0.488,-0.355,0.71,0.744,0.366,0.758,-0.312,0.341,0.557,-0.41,-0.604,-0.444,-0.654,0.309,0.829,0.532,0.493,-0.643,0.329,0.753,0.56,-0.636
AAPL,-0.506,1.0,-0.359,0.756,-0.139,0.776,-0.266,0.387,0.715,0.509,0.648,0.668,-0.302,-0.403,-0.506,-0.068,-0.195,0.748,0.136,-0.128,-0.344,0.76,0.436,-0.258,-0.355,-0.313,0.55,-0.124,0.725,-0.637,0.543,0.451,0.442,-0.193,-0.373,-0.529,-0.218,-0.229,0.552,-0.416,0.581,0.427,0.067,0.803,-0.523,0.064,0.463,-0.007,0.264,0.45,-0.147,0.413,0.913,-0.192,0.006,0.626,0.735,-0.375,0.674,0.878,0.271,-0.482,0.104,0.565,-0.542,0.261,0.382,-0.108,0.646,0.23,0.465,0.702,-0.516,0.793,0.873,0.725,0.494,0.03,0.603,0.52,-0.32,-0.25,-0.103,-0.58,0.745,-0.108,-0.476,0.572,0.892,0.516,0.711,0.168,-0.372,-0.096,-0.189,0.508,0.02,-0.439,-0.123,0.755
AGNC,0.702,-0.359,1.0,-0.142,0.601,-0.4,0.722,0.292,0.057,0.02,-0.252,-0.581,0.726,0.543,0.826,0.586,0.688,-0.466,0.48,0.749,0.379,-0.218,-0.004,0.772,0.75,0.7,-0.03,0.522,-0.422,0.302,0.049,0.173,0.1,0.69,0.597,0.809,0.703,0.532,-0.372,0.89,-0.078,-0.012,0.443,-0.233,0.73,0.151,0.326,0.546,0.113,0.242,-0.068,0.33,-0.31,0.747,0.566,-0.453,-0.503,0.622,-0.601,-0.249,0.416,0.581,0.346,-0.161,0.732,0.535,0.286,0.726,-0.613,0.111,0.326,-0.483,0.651,-0.566,-0.434,0.081,0.09,0.436,-0.482,-0.224,0.775,0.864,0.166,0.761,-0.203,0.561,0.556,-0.472,-0.456,-0.202,-0.518,0.551,0.861,0.76,0.707,-0.374,0.46,0.724,0.673,-0.567
AMAT,-0.258,0.756,-0.142,1.0,0.137,0.683,0.093,0.708,0.817,0.532,0.733,0.535,-0.013,-0.185,-0.23,0.258,0.141,0.762,0.428,0.199,-0.074,0.63,0.604,0.071,-0.059,-0.009,0.632,0.242,0.569,-0.396,0.658,0.7,0.678,0.084,-0.085,-0.22,0.087,0.167,0.595,-0.121,0.655,0.53,0.443,0.902,-0.196,-0.037,0.77,0.477,0.524,0.715,-0.167,0.64,0.815,0.083,0.327,0.551,0.687,-0.165,0.471,0.797,0.535,-0.338,0.399,0.424,-0.182,0.516,0.71,0.214,0.527,0.277,0.639,0.438,-0.095,0.57,0.705,0.82,0.635,0.132,0.677,0.579,-0.02,0.117,0.136,-0.335,0.822,0.22,-0.151,0.457,0.697,0.517,0.717,0.477,-0.084,0.171,0.154,0.292,0.397,-0.069,0.195,0.564
AMD,0.659,-0.139,0.601,0.137,1.0,-0.19,0.57,0.371,0.096,0.246,-0.121,-0.514,0.567,0.659,0.68,0.468,0.735,-0.156,0.321,0.678,0.515,-0.245,-0.016,0.8,0.653,0.624,0.268,0.8,-0.376,0.275,0.11,0.464,0.39,0.453,0.575,0.563,0.728,0.711,-0.219,0.693,-0.002,0.441,0.61,-0.058,0.694,0.425,0.384,0.678,0.505,0.412,0.098,0.482,-0.088,0.556,0.483,-0.132,-0.216,0.657,-0.587,0.082,0.316,0.559,0.252,-0.283,0.665,0.535,0.374,0.552,-0.51,0.256,0.47,-0.476,0.649,-0.488,-0.335,0.133,0.122,0.657,-0.202,-0.117,0.658,0.74,0.341,0.683,0.009,0.45,0.533,-0.233,-0.389,-0.094,-0.379,0.556,0.638,0.644,0.577,-0.574,0.43,0.686,0.64,-0.365
AMZN,-0.566,0.776,-0.4,0.683,-0.19,1.0,-0.23,0.355,0.566,0.397,0.614,0.64,-0.288,-0.4,-0.522,0.063,-0.138,0.686,0.145,-0.111,-0.517,0.78,0.638,-0.233,-0.455,-0.376,0.41,-0.139,0.622,-0.547,0.496,0.534,0.611,-0.093,-0.438,-0.535,-0.297,-0.15,0.36,-0.419,0.544,0.347,-0.091,0.724,-0.532,-0.041,0.462,-0.024,0.383,0.443,-0.312,0.485,0.858,-0.209,-0.002,0.518,0.9,-0.506,0.64,0.809,0.261,-0.566,-0.027,0.756,-0.585,0.242,0.449,-0.168,0.665,-0.01,0.424,0.782,-0.474,0.644,0.751,0.642,0.564,0.003,0.589,0.639,-0.244,-0.246,-0.295,-0.551,0.636,0.069,-0.432,0.407,0.668,0.809,0.845,0.228,-0.402,-0.045,-0.165,0.519,0.071,-0.421,-0.208,0.64
APA,0.683,-0.266,0.722,0.093,0.57,-0.23,1.0,0.497,0.207,0.207,-0.095,-0.425,0.775,0.553,0.795,0.542,0.625,-0.254,0.495,0.686,0.49,-0.192,0.042,0.732,0.813,0.764,0.224,0.638,-0.306,0.405,0.239,0.251,0.193,0.572,0.705,0.668,0.675,0.58,-0.16,0.818,-0.096,0.107,0.613,-0.107,0.7,0.203,0.439,0.662,0.282,0.351,0.023,0.331,-0.212,0.701,0.621,-0.194,-0.221,0.678,-0.534,-0.171,0.546,0.567,0.523,-0.162,0.698,0.572,0.447,0.796,-0.426,0.382,0.353,-0.419,0.657,-0.47,-0.304,0.205,0.184,0.492,-0.127,-0.139,0.802,0.801,0.311,0.682,0.055,0.583,0.569,-0.279,-0.302,-0.231,-0.313,0.589,0.872,0.736,0.726,-0.471,0.724,0.758,0.795,-0.499
ARDX,0.062,0.387,0.292,0.708,0.371,0.355,0.497,1.0,0.704,0.471,0.274,0.127,0.435,0.235,0.185,0.605,0.464,0.43,0.628,0.586,0.248,0.408,0.514,0.481,0.451,0.415,0.618,0.613,0.279,-0.048,0.718,0.737,0.694,0.452,0.399,0.275,0.54,0.552,0.124,0.269,0.388,0.343,0.641,0.555,0.201,0.195,0.748,0.668,0.628,0.717,-0.251,0.614,0.434,0.461,0.54,0.303,0.322,0.249,0.135,0.428,0.724,0.085,0.462,0.267,0.199,0.683,0.796,0.505,0.095,0.377,0.654,0.096,0.354,0.162,0.351,0.698,0.445,0.45,0.383,0.333,0.346,0.495,0.289,0.113,0.644,0.423,0.237,0.21,0.353,0.169,0.31,0.748,0.303,0.532,0.538,0.066,0.745,0.304,0.615,0.061
AVGO,-0.215,0.715,0.057,0.817,0.096,0.566,0.207,0.704,1.0,0.499,0.588,0.525,0.144,-0.091,-0.134,0.261,0.121,0.578,0.505,0.255,-0.079,0.662,0.54,0.125,0.078,0.068,0.655,0.162,0.67,-0.454,0.689,0.528,0.5,0.084,-0.063,-0.095,0.18,0.033,0.503,0.015,0.722,0.405,0.405,0.782,-0.165,0.02,0.773,0.459,0.301,0.664,-0.266,0.672,0.738,0.239,0.44,0.531,0.553,-0.112,0.383,0.69,0.642,-0.315,0.434,0.502,-0.099,0.539,0.677,0.327,0.482,0.259,0.746,0.373,-0.159,0.485,0.728,0.903,0.696,0.221,0.607,0.451,0.095,0.201,0.001,-0.215,0.684,0.225,-0.156,0.291,0.697,0.441,0.562,0.497,0.114,0.346,0.283,0.302,0.389,-0.044,0.3,0.454
AZN,0.068,0.509,0.02,0.532,0.246,0.397,0.207,0.471,0.499,1.0,0.443,0.206,0.274,-0.034,-0.036,0.313,0.273,0.394,0.448,0.284,0.028,0.4,0.453,0.198,0.107,0.131,0.617,0.296,0.17,-0.209,0.44,0.494,0.504,0.12,0.049,0.023,0.221,0.268,0.344,0.036,0.473,0.41,0.339,0.463,-0.002,0.176,0.481,0.362,0.373,0.53,-0.165,0.478,0.429,0.314,0.307,0.25,0.365,0.149,0.117,0.433,0.455,0.121,0.311,0.262,-0.005,0.585,0.525,0.17,0.217,0.376,0.523,0.322,0.025,0.307,0.366,0.581,0.348,0.35,0.329,0.303,0.188,0.185,0.082,-0.049,0.503,0.19,-0.023,0.196,0.385,0.289,0.366,0.425,0.075,0.321,0.089,0.091,0.337,-0.049,0.281,0.221
BIDU,-0.318,0.648,-0.252,0.733,-0.121,0.614,-0.095,0.274,0.588,0.443,1.0,0.642,-0.247,-0.406,-0.358,-0.131,-0.133,0.681,0.101,-0.169,-0.219,0.483,0.523,-0.261,-0.267,-0.266,0.414,-0.17,0.465,-0.349,0.317,0.389,0.4,-0.2,-0.287,-0.417,-0.313,-0.216,0.841,-0.264,0.691,0.423,0.153,0.713,-0.368,-0.129,0.487,0.163,0.251,0.475,-0.059,0.501,0.69,-0.113,0.032,0.461,0.632,-0.418,0.472,0.677,0.224,-0.475,0.372,0.337,-0.229,0.321,0.316,0.011,0.686,0.115,0.35,0.446,-0.352,0.539,0.62,0.636,0.516,-0.118,0.697,0.624,-0.141,-0.126,0.032,-0.421,0.587,0.129,-0.3,0.365,0.57,0.601,0.676,0.054,-0.193,-0.083,-0.178,0.252,0.013,-0.244,-0.169,0.645
BILI,-0.665,0.668,-0.581,0.535,-0.514,0.64,-0.425,0.127,0.525,0.206,0.642,1.0,-0.473,-0.595,-0.661,-0.371,-0.49,0.646,-0.118,-0.47,-0.305,0.564,0.37,-0.559,-0.485,-0.518,0.382,-0.418,0.748,-0.448,0.347,0.081,0.12,-0.451,-0.454,-0.653,-0.488,-0.524,0.685,-0.611,0.504,0.199,-0.076,0.622,-0.668,-0.239,0.231,-0.2,0.018,0.243,-0.077,0.202,0.649,-0.353,-0.142,0.606,0.668,-0.625,0.697,0.539,0.131,-0.695,0.086,0.468,-0.63,-0.12,0.107,-0.255,0.94,0.102,0.169,0.625,-0.625,0.677,0.82,0.481,0.418,-0.339,0.67,0.467,-0.486,-0.515,-0.089,-0.728,0.492,-0.278,-0.542,0.466,0.744,0.477,0.779,-0.199,-0.512,-0.396,-0.433,0.488,-0.132,-0.57,-0.334,0.761
BKR,0.708,-0.302,0.726,-0.013,0.567,-0.288,0.775,0.435,0.144,0.274,-0.247,-0.473,1.0,0.608,0.73,0.747,0.728,-0.313,0.544,0.794,0.538,-0.045,-0.005,0.82,0.808,0.685,0.278,0.655,-0.299,0.295,0.217,0.309,0.257,0.633,0.587,0.826,0.802,0.645,-0.319,0.767,0.012,0.007,0.579,-0.183,0.67,0.127,0.375,0.616,0.232,0.401,-0.181,0.422,-0.319,0.877,0.588,-0.304,-0.33,0.748,-0.554,-0.272,0.64,0.661,0.348,-0.093,0.731,0.626,0.472,0.752,-0.451,0.235,0.345,-0.396,0.664,-0.475,-0.323,0.209,0.119,0.484,-0.216,-0.151,0.746,0.73,0.186,0.688,-0.119,0.593,0.532,-0.457,-0.309,-0.231,-0.397,0.696,0.779,0.699,0.682,-0.466,0.668,0.671,0.806,-0.616
CAN,0.488,-0.403,0.543,-0.185,0.659,-0.4,0.553,0.235,-0.091,-0.034,-0.406,-0.595,0.608,1.0,0.651,0.414,0.403,-0.423,0.199,0.548,0.363,-0.297,-0.127,0.622,0.645,0.707,0.089,0.643,-0.448,0.436,0.046,0.131,0.061,0.453,0.486,0.623,0.672,0.56,-0.525,0.631,-0.199,-0.06,0.299,-0.432,0.661,0.521,0.116,0.326,0.122,0.163,-0.227,0.195,-0.416,0.502,0.297,-0.132,-0.389,0.779,-0.625,-0.266,0.293,0.598,0.183,-0.343,0.718,0.295,0.133,0.476,-0.635,0.068,0.102,-0.557,0.614,-0.559,-0.481,-0.117,-0.172,0.654,-0.299,-0.336,0.643,0.539,0.064,0.793,-0.203,0.563,0.724,-0.394,-0.48,-0.318,-0.562,0.465,0.527,0.618,0.714,-0.585,0.464,0.665,0.617,-0.616
CHRD,0.849,-0.506,0.826,-0.23,0.68,-0.522,0.795,0.185,-0.134,-0.036,-0.358,-0.661,0.73,0.651,1.0,0.466,0.671,-0.492,0.323,0.67,0.56,-0.431,-0.233,0.809,0.852,0.716,-0.048,0.66,-0.567,0.501,-0.091,0.083,-0.003,0.574,0.722,0.784,0.695,0.622,-0.378,0.931,-0.306,0.08,0.528,-0.388,0.826,0.208,0.199,0.567,0.11,0.123,0.082,0.159,-0.457,0.669,0.397,-0.418,-0.555,0.755,-0.755,-0.367,0.312,0.681,0.273,-0.427,0.807,0.405,0.18,0.721,-0.665,0.211,0.175,-0.678,0.781,-0.692,-0.574,-0.123,-0.033,0.436,-0.45,-0.365,0.803,0.817,0.352,0.865,-0.278,0.445,0.636,-0.482,-0.585,-0.415,-0.647,0.422,0.887,0.665,0.693,-0.61,0.463,0.813,0.662,-0.62
CMCSA,0.389,-0.068,0.586,0.258,0.468,0.063,0.542,0.605,0.261,0.313,-0.131,-0.371,0.747,0.414,0.466,1.0,0.751,-0.062,0.797,0.882,0.178,0.256,0.315,0.74,0.5,0.512,0.251,0.654,-0.133,0.017,0.445,0.573,0.553,0.799,0.343,0.65,0.744,0.755,-0.336,0.569,0.114,0.093,0.398,0.143,0.503,0.071,0.532,0.634,0.39,0.495,-0.387,0.518,0.042,0.731,0.553,-0.275,-0.095,0.488,-0.234,0.036,0.657,0.408,0.239,0.218,0.5,0.663,0.677,0.609,-0.368,0.069,0.536,-0.073,0.603,-0.169,-0.136,0.356,0.251,0.465,-0.176,0.071,0.581,0.679,-0.006,0.428,0.179,0.658,0.394,-0.292,-0.12,0.104,-0.059,0.865,0.489,0.678,0.646,-0.05,0.649,0.534,0.642,-0.379
CPRT,0.647,-0.195,0.688,0.141,0.735,-0.138,0.625,0.464,0.121,0.273,-0.133,-0.49,0.728,0.403,0.671,0.751,1.0,-0.16,0.577,0.854,0.502,-0.054,0.103,0.87,0.681,0.616,0.272,0.77,-0.301,0.236,0.142,0.564,0.511,0.656,0.628,0.738,0.787,0.808,-0.201,0.701,0.035,0.361,0.611,0.047,0.659,0.111,0.499,0.8,0.526,0.505,-0.048,0.52,-0.099,0.764,0.613,-0.375,-0.248,0.51,-0.468,-0.057,0.502,0.529,0.287,-0.04,0.66,0.558,0.564,0.631,-0.452,0.18,0.502,-0.316,0.721,-0.436,-0.295,0.226,0.214,0.446,-0.219,-0.017,0.674,0.769,0.308,0.559,0.007,0.473,0.363,-0.316,-0.343,-0.034,-0.258,0.704,0.664,0.612,0.522,-0.347,0.545,0.642,0.687,-0.472
CRWD,-0.506,0.748,-0.466,0.762,-0.156,0.686,-0.254,0.43,0.578,0.394,0.681,0.646,-0.313,-0.423,-0.492,-0.062,-0.16,1.0,0.052,-0.149,-0.125,0.551,0.433,-0.26,-0.295,-0.439,0.542,-0.015,0.59,-0.482,0.396,0.574,0.587,-0.164,-0.23,-0.473,-0.258,-0.04,0.607,-0.485,0.608,0.486,0.147,0.788,-0.457,0.015,0.387,0.109,0.469,0.368,-0.008,0.365,0.774,-0.246,-0.127,0.591,0.728,-0.4,0.577,0.736,0.124,-0.541,0.104,0.364,-0.445,0.223,0.39,-0.085,0.68,0.225,0.285,0.472,-0.293,0.706,0.744,0.549,0.439,-0.071,0.754,0.517,-0.367,-0.241,0.206,-0.57,0.801,-0.131,-0.392,0.568,0.729,0.44,0.801,0.074,-0.412,-0.179,-0.251,0.38,-0.015,-0.357,-0.196,0.792
CSCO,0.253,0.136,0.48,0.428,0.321,0.145,0.495,0.628,0.505,0.448,0.101,-0.118,0.544,0.199,0.323,0.797,0.577,0.052,1.0,0.775,0.031,0.315,0.492,0.505,0.363,0.427,0.285,0.482,0.062,-0.076,0.497,0.432,0.442,0.701,0.221,0.432,0.565,0.499,-0.015,0.45,0.303,0.141,0.36,0.375,0.341,-0.005,0.671,0.625,0.233,0.49,-0.347,0.53,0.234,0.644,0.604,-0.118,0.011,0.28,-0.029,0.173,0.65,0.191,0.446,0.275,0.322,0.587,0.675,0.515,-0.15,0.116,0.676,0.064,0.456,0.059,0.079,0.536,0.427,0.368,-0.062,0.148,0.514,0.588,0.003,0.266,0.352,0.459,0.229,-0.161,0.114,0.122,0.141,0.778,0.426,0.656,0.545,0.221,0.575,0.359,0.538,-0.108
CSX,0.574,-0.128,0.749,0.199,0.678,-0.111,0.686,0.586,0.255,0.284,-0.169,-0.47,0.794,0.548,0.67,0.882,0.854,-0.149,0.775,1.0,0.372,0.063,0.209,0.864,0.708,0.643,0.249,0.774,-0.248,0.189,0.319,0.551,0.5,0.855,0.56,0.757,0.88,0.777,-0.318,0.739,0.083,0.149,0.532,0.066,0.702,0.211,0.552,0.737,0.392,0.484,-0.211,0.563,-0.039,0.834,0.635,-0.354,-0.245,0.628,-0.423,-0.019,0.61,0.506,0.36,0.028,0.672,0.657,0.598,0.715,-0.468,0.144,0.576,-0.288,0.747,-0.352,-0.259,0.326,0.227,0.562,-0.302,-0.075,0.718,0.823,0.193,0.608,0.097,0.643,0.482,-0.363,-0.247,-0.056,-0.24,0.864,0.691,0.776,0.719,-0.248,0.655,0.707,0.779,-0.429
DKNG,0.604,-0.344,0.379,-0.074,0.515,-0.517,0.49,0.248,-0.079,0.028,-0.219,-0.305,0.538,0.363,0.56,0.178,0.502,-0.125,0.031,0.372,1.0,-0.461,-0.372,0.531,0.768,0.451,0.242,0.581,-0.354,0.537,-0.075,0.153,0.047,0.154,0.805,0.57,0.566,0.518,-0.031,0.418,-0.192,0.16,0.722,-0.2,0.557,0.104,0.056,0.5,0.34,0.173,0.423,0.08,-0.422,0.497,0.27,-0.134,-0.41,0.524,-0.508,-0.368,0.133,0.528,0.235,-0.564,0.547,0.208,0.136,0.491,-0.263,0.437,-0.002,-0.687,0.656,-0.478,-0.338,-0.119,-0.157,0.19,-0.062,-0.285,0.344,0.434,0.818,0.471,-0.133,0.021,0.375,-0.136,-0.326,-0.601,-0.449,0.176,0.526,0.142,0.235,-0.611,0.356,0.541,0.568,-0.379
EBAY,-0.545,0.76,-0.218,0.63,-0.245,0.78,-0.192,0.408,0.662,0.4,0.483,0.564,-0.045,-0.297,-0.431,0.256,-0.054,0.551,0.315,0.063,-0.461,1.0,0.545,-0.093,-0.32,-0.281,0.481,-0.102,0.77,-0.696,0.633,0.471,0.47,0.054,-0.461,-0.269,-0.08,-0.139,0.281,-0.306,0.607,0.206,-0.084,0.685,-0.476,-0.13,0.517,0.018,0.135,0.518,-0.485,0.526,0.762,0.072,0.086,0.449,0.65,-0.371,0.651,0.712,0.503,-0.522,-0.021,0.831,-0.405,0.294,0.499,0.008,0.567,-0.16,0.486,0.707,-0.469,0.688,0.758,0.748,0.558,-0.044,0.504,0.558,-0.243,-0.203,-0.408,-0.506,0.534,0.158,-0.453,0.263,0.772,0.676,0.699,0.367,-0.279,0.024,-0.038,0.598,0.172,-0.424,-0.028,0.51
ERIC,-0.282,0.436,-0.004,0.604,-0.016,0.638,0.042,0.514,0.54,0.453,0.523,0.37,-0.005,-0.127,-0.233,0.315,0.103,0.433,0.492,0.209,-0.372,0.545,1.0,0.029,-0.16,-0.009,0.345,0.064,0.346,-0.248,0.465,0.471,0.548,0.253,-0.219,-0.151,-0.018,0.076,0.199,-0.077,0.573,0.218,0.033,0.561,-0.153,0.018,0.565,0.21,0.277,0.533,-0.43,0.528,0.56,0.14,0.273,0.248,0.504,-0.223,0.383,0.524,0.409,-0.264,0.217,0.521,-0.201,0.412,0.557,0.06,0.365,-0.039,0.514,0.521,-0.093,0.375,0.435,0.602,0.445,0.213,0.295,0.511,0.072,0.108,-0.255,-0.218,0.526,0.373,0.002,0.285,0.346,0.652,0.61,0.445,-0.096,0.316,0.179,0.472,0.345,-0.125,0.056,0.317
EXC,0.695,-0.258,0.772,0.071,0.8,-0.233,0.732,0.481,0.125,0.198,-0.261,-0.559,0.82,0.622,0.809,0.74,0.87,-0.26,0.505,0.864,0.531,-0.093,0.029,1.0,0.796,0.691,0.242,0.826,-0.342,0.272,0.22,0.469,0.387,0.672,0.629,0.783,0.872,0.8,-0.364,0.824,-0.051,0.246,0.629,-0.117,0.761,0.217,0.447,0.753,0.381,0.446,-0.042,0.457,-0.185,0.795,0.566,-0.327,-0.314,0.714,-0.589,-0.116,0.552,0.607,0.219,-0.148,0.732,0.635,0.488,0.759,-0.54,0.191,0.476,-0.456,0.728,-0.538,-0.349,0.203,0.17,0.557,-0.295,-0.162,0.757,0.849,0.256,0.723,-0.074,0.59,0.545,-0.379,-0.379,-0.138,-0.419,0.718,0.783,0.749,0.729,-0.498,0.641,0.775,0.799,-0.532
FITB,0.729,-0.355,0.75,-0.059,0.653,-0.455,0.813,0.451,0.078,0.107,-0.267,-0.485,0.808,0.645,0.852,0.5,0.681,-0.295,0.363,0.708,0.768,-0.32,-0.16,0.796,1.0,0.758,0.219,0.751,-0.403,0.557,0.112,0.249,0.15,0.496,0.893,0.816,0.814,0.659,-0.257,0.802,-0.14,0.122,0.721,-0.242,0.758,0.289,0.304,0.662,0.274,0.332,0.108,0.274,-0.38,0.775,0.511,-0.286,-0.481,0.78,-0.615,-0.313,0.442,0.661,0.399,-0.404,0.776,0.495,0.337,0.765,-0.47,0.38,0.253,-0.646,0.788,-0.622,-0.414,0.084,-0.061,0.515,-0.229,-0.25,0.698,0.779,0.551,0.748,-0.123,0.428,0.637,-0.327,-0.399,-0.444,-0.546,0.548,0.814,0.63,0.696,-0.623,0.645,0.74,0.824,-0.568
FLEX,0.658,-0.313,0.7,-0.009,0.624,-0.376,0.764,0.415,0.068,0.131,-0.266,-0.518,0.685,0.707,0.716,0.512,0.616,-0.439,0.427,0.643,0.451,-0.281,-0.009,0.691,0.758,1.0,0.169,0.639,-0.39,0.421,0.195,0.174,0.096,0.522,0.652,0.698,0.719,0.582,-0.296,0.78,-0.167,0.019,0.562,-0.212,0.712,0.263,0.374,0.559,0.21,0.313,-0.117,0.207,-0.331,0.619,0.615,-0.181,-0.414,0.726,-0.495,-0.243,0.496,0.722,0.461,-0.282,0.733,0.462,0.353,0.682,-0.555,0.364,0.292,-0.363,0.629,-0.469,-0.376,0.085,-0.007,0.569,-0.287,-0.184,0.767,0.73,0.204,0.718,-0.065,0.532,0.621,-0.143,-0.347,-0.302,-0.474,0.563,0.703,0.693,0.747,-0.493,0.649,0.705,0.759,-0.633
FTNT,-0.063,0.55,-0.03,0.632,0.268,0.41,0.224,0.618,0.655,0.617,0.414,0.382,0.278,0.089,-0.048,0.251,0.272,0.542,0.285,0.249,0.242,0.481,0.345,0.242,0.219,0.169,1.0,0.413,0.415,-0.251,0.58,0.585,0.535,0.033,0.136,0.01,0.308,0.25,0.387,0.001,0.448,0.535,0.533,0.532,-0.015,0.267,0.594,0.41,0.508,0.7,-0.128,0.63,0.518,0.331,0.407,0.556,0.448,0.125,0.222,0.537,0.582,-0.072,0.373,0.328,0.059,0.454,0.661,0.344,0.36,0.403,0.509,0.248,-0.017,0.347,0.521,0.673,0.461,0.401,0.549,0.382,0.097,0.163,0.162,-0.142,0.57,0.2,-0.119,0.261,0.528,0.277,0.392,0.439,0.089,0.251,0.154,-0.006,0.452,0.039,0.463,0.29
GEN,0.524,-0.124,0.522,0.242,0.8,-0.139,0.638,0.613,0.162,0.296,-0.17,-0.418,0.655,0.643,0.66,0.654,0.77,-0.015,0.482,0.774,0.581,-0.102,0.064,0.826,0.751,0.639,0.413,1.0,-0.284,0.332,0.328,0.574,0.493,0.561,0.705,0.623,0.849,0.864,-0.233,0.612,-0.061,0.388,0.704,0.04,0.649,0.362,0.479,0.774,0.541,0.517,-0.019,0.45,-0.067,0.659,0.538,-0.077,-0.187,0.682,-0.479,0.021,0.512,0.496,0.285,-0.205,0.629,0.523,0.579,0.619,-0.403,0.294,0.445,-0.452,0.772,-0.421,-0.247,0.218,0.08,0.619,-0.08,-0.111,0.609,0.699,0.439,0.595,0.151,0.487,0.546,-0.192,-0.256,-0.169,-0.261,0.716,0.544,0.624,0.653,-0.463,0.717,0.683,0.792,-0.404
GERN,-0.651,0.725,-0.422,0.569,-0.376,0.622,-0.306,0.279,0.67,0.17,0.465,0.748,-0.299,-0.448,-0.567,-0.133,-0.301,0.59,0.062,-0.248,-0.354,0.77,0.346,-0.342,-0.403,-0.39,0.415,-0.284,1.0,-0.684,0.534,0.2,0.192,-0.27,-0.45,-0.46,-0.283,-0.401,0.491,-0.468,0.569,0.268,-0.083,0.665,-0.661,-0.162,0.376,-0.054,0.053,0.34,-0.209,0.275,0.707,-0.19,0.006,0.635,0.629,-0.53,0.701,0.633,0.297,-0.694,0.022,0.666,-0.536,-0.024,0.287,-0.118,0.7,-0.041,0.371,0.626,-0.61,0.681,0.847,0.611,0.548,-0.211,0.691,0.457,-0.439,-0.409,-0.25,-0.654,0.515,-0.204,-0.555,0.461,0.822,0.472,0.684,0.018,-0.377,-0.213,-0.238,0.569,-0.008,-0.557,-0.18,0.617
GEVO,0.496,-0.637,0.302,-0.396,0.275,-0.547,0.405,-0.048,-0.454,-0.209,-0.349,-0.448,0.295,0.436,0.501,0.017,0.236,-0.482,-0.076,0.189,0.537,-0.696,-0.248,0.272,0.557,0.421,-0.251,0.332,-0.684,1.0,-0.383,-0.186,-0.191,0.112,0.656,0.439,0.321,0.351,-0.341,0.371,-0.465,-0.168,0.286,-0.582,0.564,0.169,-0.266,0.179,0.016,-0.039,0.249,-0.24,-0.646,0.277,0.093,-0.449,-0.503,0.486,-0.493,-0.638,-0.182,0.549,0.107,-0.684,0.476,-0.051,-0.144,0.156,-0.42,0.108,-0.29,-0.65,0.649,-0.712,-0.632,-0.46,-0.57,0.198,-0.383,-0.237,0.314,0.332,0.459,0.539,-0.411,0.135,0.704,-0.29,-0.67,-0.499,-0.578,0.053,0.337,0.121,0.314,-0.579,0.289,0.482,0.335,-0.574
GILD,-0.222,0.543,0.049,0.658,0.11,0.496,0.239,0.718,0.689,0.44,0.317,0.347,0.217,0.046,-0.091,0.445,0.142,0.396,0.497,0.319,-0.075,0.633,0.465,0.22,0.112,0.195,0.58,0.328,0.534,-0.383,1.0,0.462,0.415,0.205,0.012,0.002,0.309,0.159,0.195,0.038,0.357,0.195,0.343,0.567,-0.134,0.088,0.635,0.357,0.296,0.576,-0.284,0.511,0.575,0.268,0.454,0.465,0.434,0.067,0.324,0.549,0.687,-0.199,0.255,0.528,-0.059,0.411,0.629,0.33,0.282,0.156,0.62,0.371,-0.064,0.375,0.535,0.742,0.48,0.3,0.446,0.322,0.113,0.17,-0.108,-0.162,0.518,0.342,-0.047,0.275,0.575,0.332,0.413,0.559,0.041,0.342,0.333,0.279,0.605,0.029,0.451,0.241
GOOG,0.015,0.451,0.173,0.7,0.464,0.534,0.251,0.737,0.528,0.494,0.389,0.081,0.309,0.131,0.083,0.573,0.564,0.574,0.432,0.551,0.153,0.471,0.471,0.469,0.249,0.174,0.585,0.574,0.2,-0.186,0.462,1.0,0.972,0.432,0.241,0.203,0.432,0.611,0.133,0.144,0.521,0.518,0.493,0.6,0.125,0.176,0.676,0.599,0.837,0.717,-0.244,0.742,0.539,0.36,0.361,0.204,0.469,0.1,0.117,0.572,0.521,0.01,0.249,0.352,0.135,0.681,0.758,0.345,0.136,0.223,0.58,0.188,0.273,0.171,0.322,0.627,0.476,0.393,0.392,0.457,0.234,0.405,0.235,0.036,0.602,0.419,0.071,0.142,0.27,0.447,0.407,0.686,0.138,0.409,0.308,-0.022,0.453,0.205,0.392,0.17
GOOGL,-0.035,0.442,0.1,0.678,0.39,0.611,0.193,0.694,0.5,0.504,0.4,0.12,0.257,0.061,-0.003,0.553,0.511,0.587,0.442,0.5,0.047,0.47,0.548,0.387,0.15,0.096,0.535,0.493,0.192,-0.191,0.415,0.972,1.0,0.423,0.156,0.118,0.329,0.564,0.128,0.081,0.536,0.488,0.407,0.601,0.06,0.145,0.656,0.532,0.838,0.674,-0.266,0.728,0.551,0.294,0.331,0.192,0.529,0.028,0.169,0.564,0.474,-0.025,0.237,0.405,0.042,0.654,0.738,0.256,0.183,0.21,0.551,0.279,0.222,0.19,0.326,0.606,0.491,0.365,0.382,0.515,0.216,0.351,0.162,-0.004,0.614,0.387,0.04,0.126,0.26,0.522,0.481,0.648,0.067,0.388,0.244,0.046,0.403,0.138,0.3,0.199
GT,0.482,-0.193,0.69,0.084,0.453,-0.093,0.572,0.452,0.084,0.12,-0.2,-0.451,0.633,0.453,0.574,0.799,0.656,-0.164,0.701,0.855,0.154,0.054,0.253,0.672,0.496,0.522,0.033,0.561,-0.27,0.112,0.205,0.432,0.423,1.0,0.377,0.65,0.621,0.657,-0.408,0.66,-0.02,-0.057,0.309,0.0,0.595,0.158,0.423,0.47,0.314,0.262,-0.333,0.395,-0.086,0.634,0.452,-0.326,-0.239,0.504,-0.312,-0.07,0.514,0.439,0.306,0.083,0.526,0.536,0.458,0.605,-0.472,0.049,0.339,-0.154,0.651,-0.239,-0.303,0.138,0.22,0.397,-0.383,-0.034,0.658,0.71,0.053,0.546,0.142,0.596,0.412,-0.352,-0.263,-0.028,-0.159,0.686,0.596,0.71,0.587,-0.063,0.507,0.608,0.566,-0.381
HBAN,0.644,-0.373,0.597,-0.085,0.575,-0.438,0.705,0.399,-0.063,0.049,-0.287,-0.454,0.587,0.486,0.722,0.343,0.628,-0.23,0.221,0.56,0.805,-0.461,-0.219,0.629,0.893,0.652,0.136,0.705,-0.45,0.656,0.012,0.241,0.156,0.377,1.0,0.706,0.681,0.651,-0.224,0.63,-0.283,0.127,0.687,-0.213,0.659,0.269,0.174,0.591,0.413,0.216,0.226,0.123,-0.389,0.569,0.458,-0.296,-0.442,0.636,-0.583,-0.354,0.241,0.603,0.342,-0.463,0.618,0.314,0.258,0.565,-0.453,0.44,0.095,-0.631,0.806,-0.625,-0.439,-0.077,-0.176,0.401,-0.191,-0.293,0.535,0.647,0.708,0.611,-0.082,0.235,0.573,-0.206,-0.427,-0.511,-0.472,0.4,0.647,0.429,0.503,-0.574,0.546,0.64,0.7,-0.512
HST,0.705,-0.529,0.809,-0.22,0.563,-0.535,0.668,0.275,-0.095,0.023,-0.417,-0.653,0.826,0.623,0.784,0.65,0.738,-0.473,0.432,0.757,0.57,-0.269,-0.151,0.783,0.816,0.698,0.01,0.623,-0.46,0.439,0.002,0.203,0.118,0.65,0.706,1.0,0.785,0.68,-0.448,0.783,-0.143,-0.068,0.485,-0.319,0.71,0.161,0.202,0.571,0.171,0.194,-0.132,0.231,-0.494,0.764,0.541,-0.486,-0.586,0.722,-0.639,-0.453,0.403,0.692,0.246,-0.237,0.789,0.443,0.301,0.634,-0.649,0.094,0.16,-0.569,0.772,-0.631,-0.545,-0.053,-0.089,0.418,-0.406,-0.281,0.688,0.733,0.275,0.748,-0.289,0.466,0.619,-0.507,-0.525,-0.355,-0.582,0.548,0.74,0.645,0.648,-0.491,0.478,0.651,0.719,-0.715
INTC,0.59,-0.218,0.703,0.087,0.728,-0.297,0.675,0.54,0.18,0.221,-0.313,-0.488,0.802,0.672,0.695,0.744,0.787,-0.258,0.565,0.88,0.566,-0.08,-0.018,0.872,0.814,0.719,0.308,0.849,-0.283,0.321,0.309,0.432,0.329,0.621,0.681,0.785,1.0,0.745,-0.362,0.707,-0.046,0.121,0.609,-0.097,0.732,0.269,0.402,0.722,0.324,0.464,-0.076,0.43,-0.208,0.82,0.64,-0.309,-0.382,0.731,-0.543,-0.161,0.564,0.584,0.26,-0.165,0.74,0.525,0.5,0.691,-0.51,0.196,0.477,-0.474,0.75,-0.501,-0.312,0.238,0.001,0.59,-0.281,-0.232,0.645,0.764,0.292,0.652,-0.078,0.563,0.577,-0.333,-0.306,-0.248,-0.426,0.778,0.669,0.681,0.742,-0.46,0.693,0.723,0.878,-0.56
IOVA,0.54,-0.229,0.532,0.167,0.711,-0.15,0.58,0.552,0.033,0.268,-0.216,-0.524,0.645,0.56,0.622,0.755,0.808,-0.04,0.499,0.777,0.518,-0.139,0.076,0.8,0.659,0.582,0.25,0.864,-0.401,0.351,0.159,0.611,0.564,0.657,0.651,0.68,0.745,1.0,-0.333,0.591,-0.078,0.317,0.591,-0.008,0.674,0.275,0.375,0.698,0.614,0.425,-0.09,0.373,-0.133,0.594,0.415,-0.243,-0.193,0.615,-0.449,-0.085,0.41,0.584,0.255,-0.2,0.605,0.576,0.541,0.56,-0.509,0.289,0.309,-0.407,0.825,-0.389,-0.337,0.08,0.059,0.551,-0.155,-0.045,0.584,0.717,0.402,0.58,0.177,0.487,0.567,-0.259,-0.347,-0.149,-0.229,0.678,0.514,0.58,0.584,-0.395,0.586,0.665,0.642,-0.428
IQ,-0.293,0.552,-0.372,0.595,-0.219,0.36,-0.16,0.124,0.503,0.344,0.841,0.685,-0.319,-0.525,-0.378,-0.336,-0.201,0.607,-0.015,-0.318,-0.031,0.281,0.199,-0.364,-0.257,-0.296,0.387,-0.233,0.491,-0.341,0.195,0.133,0.128,-0.408,-0.224,-0.448,-0.362,-0.333,1.0,-0.347,0.528,0.427,0.205,0.657,-0.424,-0.255,0.36,0.15,0.115,0.265,0.184,0.262,0.539,-0.205,0.01,0.476,0.48,-0.447,0.447,0.49,0.122,-0.474,0.409,0.163,-0.251,0.059,0.128,-0.055,0.703,0.255,0.221,0.316,-0.393,0.526,0.589,0.486,0.453,-0.315,0.69,0.416,-0.223,-0.273,0.21,-0.492,0.48,-0.225,-0.465,0.376,0.585,0.291,0.563,-0.19,-0.229,-0.293,-0.365,0.214,-0.131,-0.298,-0.203,0.637
JBLU,0.837,-0.416,0.89,-0.121,0.693,-0.419,0.818,0.269,0.015,0.036,-0.264,-0.611,0.767,0.631,0.931,0.569,0.701,-0.485,0.45,0.739,0.418,-0.306,-0.077,0.824,0.802,0.78,0.001,0.612,-0.468,0.371,0.038,0.144,0.081,0.66,0.63,0.783,0.707,0.591,-0.347,1.0,-0.169,0.063,0.521,-0.286,0.818,0.2,0.342,0.612,0.131,0.23,-0.05,0.293,-0.342,0.705,0.55,-0.412,-0.493,0.753,-0.684,-0.259,0.456,0.669,0.388,-0.282,0.811,0.54,0.299,0.772,-0.643,0.231,0.325,-0.505,0.699,-0.624,-0.503,0.033,0.099,0.516,-0.427,-0.252,0.859,0.905,0.179,0.835,-0.193,0.596,0.632,-0.471,-0.502,-0.237,-0.55,0.531,0.929,0.802,0.774,-0.534,0.526,0.808,0.698,-0.584
JD,-0.333,0.581,-0.078,0.655,-0.002,0.544,-0.096,0.388,0.722,0.473,0.691,0.504,0.012,-0.199,-0.306,0.114,0.035,0.608,0.303,0.083,-0.192,0.607,0.573,-0.051,-0.14,-0.167,0.448,-0.061,0.569,-0.465,0.357,0.521,0.536,-0.02,-0.283,-0.143,-0.046,-0.078,0.528,-0.169,1.0,0.292,0.113,0.65,-0.307,-0.096,0.573,0.257,0.251,0.515,-0.269,0.63,0.597,0.128,0.142,0.358,0.538,-0.289,0.381,0.589,0.364,-0.362,0.303,0.453,-0.128,0.437,0.432,0.093,0.533,0.03,0.49,0.411,-0.269,0.459,0.631,0.732,0.606,0.036,0.61,0.528,-0.043,0.011,-0.066,-0.251,0.499,0.162,-0.232,0.217,0.542,0.568,0.593,0.28,-0.096,0.167,0.008,0.241,0.049,-0.251,-0.037,0.502
KDP,0.05,0.427,-0.012,0.53,0.441,0.347,0.107,0.343,0.405,0.41,0.423,0.199,0.007,-0.06,0.08,0.093,0.361,0.486,0.141,0.149,0.16,0.206,0.218,0.246,0.122,0.019,0.535,0.388,0.268,-0.168,0.195,0.518,0.488,-0.057,0.127,-0.068,0.121,0.317,0.427,0.063,0.292,1.0,0.445,0.51,-0.006,0.208,0.501,0.487,0.545,0.568,0.136,0.471,0.496,0.103,0.196,0.337,0.366,-0.021,0.131,0.572,0.191,-0.142,0.246,0.132,0.008,0.33,0.456,0.217,0.225,0.309,0.543,0.063,0.052,0.141,0.315,0.402,0.436,0.274,0.401,0.415,0.088,0.173,0.27,-0.071,0.475,-0.031,-0.068,0.242,0.233,0.34,0.278,0.249,0.069,0.137,0.021,-0.027,0.125,0.048,0.113,0.289
KHC,0.542,0.067,0.443,0.443,0.61,-0.091,0.613,0.641,0.405,0.339,0.153,-0.076,0.579,0.299,0.528,0.398,0.611,0.147,0.36,0.532,0.722,-0.084,0.033,0.629,0.721,0.562,0.533,0.704,-0.083,0.286,0.343,0.493,0.407,0.309,0.687,0.485,0.609,0.591,0.205,0.521,0.113,0.445,1.0,0.274,0.463,0.085,0.591,0.791,0.554,0.608,0.161,0.491,0.064,0.548,0.61,0.17,-0.021,0.496,-0.254,0.104,0.57,0.371,0.525,-0.203,0.457,0.581,0.612,0.651,-0.067,0.534,0.459,-0.34,0.563,-0.212,0.024,0.392,0.294,0.346,0.207,0.128,0.503,0.636,0.653,0.385,0.286,0.255,0.357,0.022,0.033,-0.18,-0.111,0.522,0.569,0.453,0.494,-0.436,0.659,0.569,0.733,-0.156
LRCX,-0.396,0.803,-0.233,0.902,-0.058,0.724,-0.107,0.555,0.782,0.463,0.713,0.622,-0.183,-0.432,-0.388,0.143,0.047,0.788,0.375,0.066,-0.2,0.685,0.561,-0.117,-0.242,-0.212,0.532,0.04,0.665,-0.582,0.567,0.6,0.601,0.0,-0.213,-0.319,-0.097,-0.008,0.657,-0.286,0.65,0.51,0.274,1.0,-0.385,-0.188,0.71,0.326,0.436,0.547,-0.154,0.573,0.869,-0.053,0.276,0.53,0.7,-0.416,0.601,0.807,0.411,-0.517,0.317,0.584,-0.378,0.349,0.623,0.047,0.622,0.185,0.581,0.546,-0.269,0.69,0.76,0.784,0.689,-0.081,0.642,0.578,-0.167,-0.064,0.072,-0.505,0.793,-0.033,-0.434,0.448,0.766,0.57,0.794,0.324,-0.22,0.01,-0.079,0.511,0.146,-0.278,-0.011,0.666
LYFT,0.81,-0.523,0.73,-0.196,0.694,-0.532,0.7,0.201,-0.165,-0.002,-0.368,-0.668,0.67,0.661,0.826,0.503,0.659,-0.457,0.341,0.702,0.557,-0.476,-0.153,0.761,0.758,0.712,-0.015,0.649,-0.661,0.564,-0.134,0.125,0.06,0.595,0.659,0.71,0.732,0.674,-0.424,0.818,-0.307,-0.006,0.463,-0.385,1.0,0.243,0.129,0.532,0.144,0.149,0.108,0.141,-0.462,0.63,0.39,-0.525,-0.594,0.751,-0.694,-0.409,0.231,0.722,0.248,-0.521,0.822,0.384,0.191,0.623,-0.669,0.201,0.163,-0.659,0.795,-0.643,-0.65,-0.153,-0.169,0.485,-0.543,-0.335,0.697,0.803,0.334,0.777,-0.228,0.51,0.65,-0.444,-0.623,-0.37,-0.594,0.476,0.799,0.598,0.654,-0.617,0.454,0.84,0.653,-0.597
MARA,0.143,0.064,0.151,-0.037,0.425,-0.041,0.203,0.195,0.02,0.176,-0.129,-0.239,0.127,0.521,0.208,0.071,0.111,0.015,-0.005,0.211,0.104,-0.13,0.018,0.217,0.289,0.263,0.267,0.362,-0.162,0.169,0.088,0.176,0.145,0.158,0.269,0.161,0.269,0.275,-0.255,0.2,-0.096,0.208,0.085,-0.188,0.243,1.0,-0.042,0.051,0.209,0.062,-0.068,0.087,0.055,0.077,0.022,0.105,-0.054,0.462,-0.25,0.164,-0.001,0.293,0.071,-0.135,0.223,0.169,0.055,0.08,-0.267,0.23,0.082,-0.104,0.207,-0.14,-0.125,-0.003,-0.19,0.8,-0.078,-0.142,0.199,0.219,0.039,0.254,0.135,0.228,0.347,0.021,-0.132,-0.086,-0.191,0.18,0.126,0.368,0.246,-0.259,0.163,0.177,0.266,-0.076
MCHP,0.06,0.463,0.326,0.77,0.384,0.462,0.439,0.748,0.773,0.481,0.487,0.231,0.375,0.116,0.199,0.532,0.499,0.387,0.671,0.552,0.056,0.517,0.565,0.447,0.304,0.374,0.594,0.479,0.376,-0.266,0.635,0.676,0.656,0.423,0.174,0.202,0.402,0.375,0.36,0.342,0.573,0.501,0.591,0.71,0.129,-0.042,1.0,0.708,0.505,0.777,-0.273,0.814,0.561,0.478,0.648,0.326,0.382,0.097,0.189,0.565,0.78,-0.071,0.601,0.444,0.188,0.651,0.815,0.561,0.214,0.268,0.782,0.218,0.163,0.218,0.42,0.816,0.77,0.283,0.389,0.479,0.457,0.476,0.097,0.129,0.597,0.413,0.022,0.083,0.405,0.441,0.397,0.712,0.348,0.553,0.463,0.105,0.59,0.258,0.497,0.18
MDLZ,0.484,-0.007,0.546,0.477,0.678,-0.024,0.662,0.668,0.459,0.362,0.163,-0.2,0.616,0.326,0.567,0.634,0.8,0.109,0.625,0.737,0.5,0.018,0.21,0.753,0.662,0.559,0.41,0.774,-0.054,0.179,0.357,0.599,0.532,0.47,0.591,0.571,0.722,0.698,0.15,0.612,0.257,0.487,0.791,0.326,0.532,0.051,0.708,1.0,0.515,0.659,0.034,0.585,0.129,0.666,0.682,-0.071,-0.045,0.429,-0.319,0.142,0.613,0.294,0.467,-0.067,0.584,0.615,0.715,0.648,-0.168,0.27,0.682,-0.326,0.63,-0.286,-0.03,0.474,0.373,0.406,0.143,0.108,0.596,0.745,0.432,0.427,0.254,0.449,0.375,-0.141,-0.085,0.034,-0.038,0.708,0.608,0.614,0.613,-0.322,0.663,0.579,0.711,-0.213
META,0.129,0.264,0.113,0.524,0.505,0.383,0.282,0.628,0.301,0.373,0.251,0.018,0.232,0.122,0.11,0.39,0.526,0.469,0.233,0.392,0.34,0.135,0.277,0.381,0.274,0.21,0.508,0.541,0.053,0.016,0.296,0.837,0.838,0.314,0.413,0.171,0.324,0.614,0.115,0.131,0.251,0.545,0.554,0.436,0.144,0.209,0.505,0.515,1.0,0.547,-0.023,0.539,0.337,0.203,0.335,0.22,0.406,0.13,0.029,0.396,0.321,0.125,0.304,0.151,0.125,0.508,0.582,0.279,0.026,0.427,0.391,0.065,0.345,0.029,0.156,0.345,0.366,0.337,0.367,0.389,0.255,0.359,0.443,0.096,0.537,0.196,0.119,0.192,0.098,0.234,0.29,0.454,0.156,0.278,0.15,-0.142,0.36,0.246,0.338,0.078
MNST,0.042,0.45,0.242,0.715,0.412,0.443,0.351,0.717,0.664,0.53,0.475,0.243,0.401,0.163,0.123,0.495,0.505,0.368,0.49,0.484,0.173,0.518,0.533,0.446,0.332,0.313,0.7,0.517,0.34,-0.039,0.576,0.717,0.674,0.262,0.216,0.194,0.464,0.425,0.265,0.23,0.515,0.568,0.608,0.547,0.149,0.062,0.777,0.659,0.547,1.0,-0.217,0.782,0.489,0.544,0.553,0.287,0.369,0.148,0.188,0.51,0.696,-0.041,0.403,0.323,0.202,0.61,0.809,0.454,0.258,0.162,0.731,0.143,0.188,0.105,0.395,0.746,0.462,0.363,0.422,0.587,0.242,0.408,0.114,0.035,0.474,0.472,0.167,0.098,0.336,0.465,0.33,0.721,0.241,0.408,0.422,-0.027,0.671,0.199,0.543,0.09
MRNA,0.173,-0.147,-0.068,-0.167,0.098,-0.312,0.023,-0.251,-0.266,-0.165,-0.059,-0.077,-0.181,-0.227,0.082,-0.387,-0.048,-0.008,-0.347,-0.211,0.423,-0.485,-0.43,-0.042,0.108,-0.117,-0.128,-0.019,-0.209,0.249,-0.284,-0.244,-0.266,-0.333,0.226,-0.132,-0.076,-0.09,0.184,-0.05,-0.269,0.136,0.161,-0.154,0.108,-0.068,-0.273,0.034,-0.023,-0.217,1.0,-0.318,-0.184,-0.144,-0.152,-0.128,-0.201,-0.031,-0.191,-0.186,-0.471,0.053,-0.079,-0.46,-0.008,-0.256,-0.304,-0.064,0.005,0.19,-0.214,-0.37,0.045,-0.194,-0.162,-0.27,-0.273,-0.211,-0.097,-0.217,-0.154,-0.029,0.529,-0.015,-0.18,-0.41,-0.08,0.073,-0.177,-0.37,-0.206,-0.385,0.065,-0.33,-0.308,-0.33,-0.181,0.048,-0.063,0.075
MRVL,0.087,0.413,0.33,0.64,0.482,0.485,0.331,0.614,0.672,0.478,0.501,0.202,0.422,0.195,0.159,0.518,0.52,0.365,0.53,0.563,0.08,0.526,0.528,0.457,0.274,0.207,0.63,0.45,0.275,-0.24,0.511,0.742,0.728,0.395,0.123,0.231,0.43,0.373,0.262,0.293,0.63,0.471,0.491,0.573,0.141,0.087,0.814,0.585,0.539,0.782,-0.318,1.0,0.508,0.537,0.559,0.246,0.391,0.099,0.041,0.551,0.692,-0.086,0.437,0.487,0.239,0.664,0.726,0.477,0.212,0.092,0.701,0.155,0.168,0.105,0.343,0.758,0.682,0.374,0.332,0.453,0.389,0.438,0.002,0.137,0.423,0.539,0.051,-0.135,0.255,0.545,0.346,0.705,0.319,0.52,0.381,-0.022,0.461,0.274,0.465,0.142
MSFT,-0.511,0.913,-0.31,0.815,-0.088,0.858,-0.212,0.434,0.738,0.429,0.69,0.649,-0.319,-0.416,-0.457,0.042,-0.099,0.774,0.234,-0.039,-0.422,0.762,0.56,-0.185,-0.38,-0.331,0.518,-0.067,0.707,-0.646,0.575,0.539,0.551,-0.086,-0.389,-0.494,-0.208,-0.133,0.539,-0.342,0.597,0.496,0.064,0.869,-0.462,0.055,0.561,0.129,0.337,0.489,-0.184,0.508,1.0,-0.19,0.087,0.576,0.802,-0.435,0.657,0.939,0.295,-0.579,0.119,0.652,-0.493,0.283,0.5,-0.08,0.639,0.105,0.563,0.689,-0.447,0.747,0.832,0.756,0.613,0.079,0.61,0.593,-0.253,-0.139,-0.162,-0.578,0.77,0.007,-0.463,0.473,0.8,0.691,0.793,0.233,-0.323,0.007,-0.114,0.535,0.05,-0.363,-0.112,0.782
MSTR,0.574,-0.192,0.747,0.083,0.556,-0.209,0.701,0.461,0.239,0.314,-0.113,-0.353,0.877,0.502,0.669,0.731,0.764,-0.246,0.644,0.834,0.497,0.072,0.14,0.795,0.775,0.619,0.331,0.659,-0.19,0.277,0.268,0.36,0.294,0.634,0.569,0.764,0.82,0.594,-0.205,0.705,0.128,0.103,0.548,-0.053,0.63,0.077,0.478,0.666,0.203,0.544,-0.144,0.537,-0.19,1.0,0.613,-0.305,-0.323,0.594,-0.415,-0.155,0.645,0.471,0.357,-0.019,0.703,0.591,0.533,0.764,-0.323,0.069,0.475,-0.371,0.64,-0.42,-0.242,0.325,0.164,0.422,-0.23,-0.025,0.648,0.726,0.208,0.582,-0.096,0.578,0.449,-0.432,-0.235,-0.092,-0.297,0.742,0.734,0.668,0.648,-0.329,0.676,0.609,0.8,-0.488
MU,0.409,0.006,0.566,0.327,0.483,-0.002,0.621,0.54,0.44,0.307,0.032,-0.142,0.588,0.297,0.397,0.553,0.613,-0.127,0.604,0.635,0.27,0.086,0.273,0.566,0.511,0.615,0.407,0.538,0.006,0.093,0.454,0.361,0.331,0.452,0.458,0.541,0.64,0.415,0.01,0.55,0.142,0.196,0.61,0.276,0.39,0.022,0.648,0.682,0.335,0.553,-0.152,0.559,0.087,0.613,1.0,-0.048,-0.05,0.389,-0.232,0.078,0.668,0.286,0.542,0.212,0.42,0.505,0.682,0.562,-0.175,0.248,0.58,-0.085,0.391,-0.265,-0.034,0.488,0.357,0.414,-0.024,0.083,0.563,0.625,0.077,0.341,0.125,0.466,0.297,-0.18,-0.038,0.107,-0.069,0.682,0.552,0.651,0.57,-0.181,0.667,0.471,0.779,-0.338
MVIS,-0.47,0.626,-0.453,0.551,-0.132,0.518,-0.194,0.303,0.531,0.25,0.461,0.606,-0.304,-0.132,-0.418,-0.275,-0.375,0.591,-0.118,-0.354,-0.134,0.449,0.248,-0.327,-0.286,-0.181,0.556,-0.077,0.635,-0.449,0.465,0.204,0.192,-0.326,-0.296,-0.486,-0.309,-0.243,0.476,-0.412,0.358,0.337,0.17,0.53,-0.525,0.105,0.326,-0.071,0.22,0.287,-0.128,0.246,0.576,-0.305,-0.048,1.0,0.652,-0.307,0.511,0.616,0.216,-0.463,0.1,0.355,-0.452,0.023,0.264,-0.113,0.575,0.184,0.184,0.406,-0.447,0.627,0.712,0.41,0.434,0.003,0.736,0.389,-0.272,-0.34,-0.011,-0.413,0.598,-0.2,-0.338,0.541,0.695,0.268,0.552,-0.093,-0.343,-0.143,-0.163,0.271,0.065,-0.358,-0.096,0.558
NFLX,-0.571,0.735,-0.503,0.687,-0.216,0.9,-0.221,0.322,0.553,0.365,0.632,0.668,-0.33,-0.389,-0.555,-0.095,-0.248,0.728,0.011,-0.245,-0.41,0.65,0.504,-0.314,-0.481,-0.414,0.448,-0.187,0.629,-0.503,0.434,0.469,0.529,-0.239,-0.442,-0.586,-0.382,-0.193,0.48,-0.493,0.538,0.366,-0.021,0.7,-0.594,-0.054,0.382,-0.045,0.406,0.369,-0.201,0.391,0.802,-0.323,-0.05,0.652,1.0,-0.51,0.612,0.761,0.183,-0.59,0.071,0.651,-0.591,0.178,0.363,-0.219,0.674,0.074,0.324,0.68,-0.502,0.673,0.772,0.571,0.582,-0.044,0.742,0.589,-0.277,-0.318,-0.176,-0.57,0.648,-0.049,-0.43,0.441,0.687,0.66,0.834,0.067,-0.424,-0.128,-0.236,0.416,0.015,-0.404,-0.233,0.686
NNDM,0.725,-0.375,0.622,-0.165,0.657,-0.506,0.678,0.249,-0.112,0.149,-0.418,-0.625,0.748,0.779,0.755,0.488,0.51,-0.4,0.28,0.628,0.524,-0.371,-0.223,0.714,0.78,0.726,0.125,0.682,-0.53,0.486,0.067,0.1,0.028,0.504,0.636,0.722,0.731,0.615,-0.447,0.753,-0.289,-0.021,0.496,-0.416,0.751,0.462,0.097,0.429,0.13,0.148,-0.031,0.099,-0.435,0.594,0.389,-0.307,-0.51,1.0,-0.661,-0.334,0.33,0.795,0.271,-0.457,0.744,0.441,0.174,0.609,-0.666,0.36,0.119,-0.53,0.698,-0.567,-0.512,-0.108,-0.228,0.633,-0.399,-0.352,0.678,0.684,0.263,0.77,-0.161,0.486,0.741,-0.347,-0.437,-0.456,-0.624,0.468,0.665,0.65,0.691,-0.626,0.537,0.713,0.728,-0.605
NVAX,-0.754,0.674,-0.601,0.471,-0.587,0.64,-0.534,0.135,0.383,0.117,0.472,0.697,-0.554,-0.625,-0.755,-0.234,-0.468,0.577,-0.029,-0.423,-0.508,0.651,0.383,-0.589,-0.615,-0.495,0.222,-0.479,0.701,-0.493,0.324,0.117,0.169,-0.312,-0.583,-0.639,-0.543,-0.449,0.447,-0.684,0.381,0.131,-0.254,0.601,-0.694,-0.25,0.189,-0.319,0.029,0.188,-0.191,0.041,0.657,-0.415,-0.232,0.511,0.612,-0.661,1.0,0.571,0.013,-0.669,-0.017,0.533,-0.688,-0.144,0.13,-0.365,0.695,-0.089,0.104,0.721,-0.671,0.803,0.689,0.403,0.287,-0.376,0.497,0.721,-0.591,-0.552,-0.237,-0.771,0.524,-0.36,-0.6,0.559,0.77,0.508,0.679,-0.149,-0.642,-0.442,-0.431,0.719,-0.199,-0.674,-0.436,0.674
NVDA,-0.422,0.878,-0.249,0.797,0.082,0.809,-0.171,0.428,0.69,0.433,0.677,0.539,-0.272,-0.266,-0.367,0.036,-0.057,0.736,0.173,-0.019,-0.368,0.712,0.524,-0.116,-0.313,-0.243,0.537,0.021,0.633,-0.638,0.549,0.572,0.564,-0.07,-0.354,-0.453,-0.161,-0.085,0.49,-0.259,0.589,0.572,0.104,0.807,-0.409,0.164,0.565,0.142,0.396,0.51,-0.186,0.551,0.939,-0.155,0.078,0.616,0.761,-0.334,0.571,1.0,0.286,-0.512,0.144,0.576,-0.382,0.332,0.48,-0.015,0.544,0.091,0.571,0.598,-0.409,0.672,0.737,0.719,0.598,0.167,0.585,0.587,-0.186,-0.087,-0.143,-0.462,0.733,0.079,-0.391,0.488,0.716,0.685,0.697,0.24,-0.261,0.064,-0.069,0.434,0.062,-0.293,-0.084,0.709
NWL,0.205,0.271,0.416,0.535,0.316,0.261,0.546,0.724,0.642,0.455,0.224,0.131,0.64,0.293,0.312,0.657,0.502,0.124,0.65,0.61,0.133,0.503,0.409,0.552,0.442,0.496,0.582,0.512,0.297,-0.182,0.687,0.521,0.474,0.514,0.241,0.403,0.564,0.41,0.122,0.456,0.364,0.191,0.57,0.411,0.231,-0.001,0.78,0.613,0.321,0.696,-0.471,0.692,0.295,0.645,0.668,0.216,0.183,0.33,0.013,0.286,1.0,0.138,0.501,0.384,0.337,0.648,0.736,0.644,0.078,0.235,0.63,0.152,0.23,0.069,0.271,0.71,0.57,0.352,0.263,0.259,0.518,0.504,-0.061,0.208,0.363,0.581,0.158,-0.102,0.304,0.248,0.19,0.75,0.456,0.625,0.591,-0.013,0.747,0.353,0.692,-0.112
OCGN,0.797,-0.482,0.581,-0.338,0.559,-0.566,0.567,0.085,-0.315,0.121,-0.475,-0.695,0.661,0.598,0.681,0.408,0.529,-0.541,0.191,0.506,0.528,-0.522,-0.264,0.607,0.661,0.722,-0.072,0.496,-0.694,0.549,-0.199,0.01,-0.025,0.439,0.603,0.692,0.584,0.584,-0.474,0.669,-0.362,-0.142,0.371,-0.517,0.722,0.293,-0.071,0.294,0.125,-0.041,0.053,-0.086,-0.579,0.471,0.286,-0.463,-0.59,0.795,-0.669,-0.512,0.138,1.0,0.173,-0.528,0.65,0.373,0.027,0.43,-0.708,0.431,-0.07,-0.451,0.668,-0.57,-0.596,-0.288,-0.34,0.48,-0.521,-0.403,0.658,0.586,0.283,0.753,-0.252,0.314,0.662,-0.282,-0.572,-0.538,-0.66,0.294,0.598,0.475,0.464,-0.594,0.325,0.612,0.526,-0.697
ON,0.267,0.104,0.346,0.399,0.252,-0.027,0.523,0.462,0.434,0.311,0.372,0.086,0.348,0.183,0.273,0.239,0.287,0.104,0.446,0.36,0.235,-0.021,0.217,0.219,0.399,0.461,0.373,0.285,0.022,0.107,0.255,0.249,0.237,0.306,0.342,0.246,0.26,0.255,0.409,0.388,0.303,0.246,0.525,0.317,0.248,0.071,0.601,0.467,0.304,0.403,-0.079,0.437,0.119,0.357,0.542,0.1,0.071,0.271,-0.017,0.144,0.501,0.173,1.0,0.003,0.392,0.457,0.382,0.539,0.011,0.493,0.324,-0.062,0.259,-0.023,0.024,0.416,0.452,0.252,0.223,0.251,0.487,0.443,0.252,0.242,0.373,0.329,0.172,-0.073,0.099,0.017,0.064,0.348,0.437,0.418,0.31,-0.174,0.417,0.392,0.428,-0.026
