,AAL,AAPL,AGNC,AMAT,AMD,AMZN,APA,ARDX,AVGO,AZN,BIDU,BILI,BKR,CAN,CHRD,CMCSA,CPRT,CRWD,CSCO,CSX,DKNG,EBAY,ERIC,EXC,FITB,FLEX,FTNT,GEN,GERN,GEVO,GILD,GOOG,GOOGL,GT,HBAN,HST,INTC,IOVA,IQ,JBLU,JD,KDP,KHC,LRCX,LYFT,MARA,MCHP,MDLZ,META,MNST,MRNA,MRVL,MSFT,MSTR,MU,MVIS,NFLX,NNDM,NVAX,NVDA,NWL,OCGN,ON,OPK,PAA,PACB,PANW,PARA,PDD,PENN,PEP,PLUG,PTEN,PTON,PYPL,QCOM,QVCGA,RIOT,ROKU,RUN,SABR,SBUX,SMCI,SNDL,STNE,TCOM,TLRY,TMUS,TSCO,TSLA,TTD,TXN,UAL,VOD,VTRS,VXRT,WBA,WBD,WDC,ZM
AAL,1.0,-0.239,-0.144,-0.363,-0.526,-0.334,-0.347,0.319,-0.092,0.095,0.161,-0.015,-0.097,-0.481,0.595,-0.187,-0.252,-0.329,-0.303,0.031,-0.135,0.353,-0.365,-0.056,-0.16,-0.207,-0.275,-0.426,0.336,0.351,0.387,0.01,-0.008,0.229,-0.147,0.653,0.334,0.162,0.411,0.769,-0.135,-0.382,-0.205,-0.478,0.295,-0.454,0.382,-0.264,-0.093,-0.417,0.156,0.065,-0.017,-0.223,-0.034,0.052,0.342,-0.402,-0.304,-0.401,-0.228,-0.427,0.114,-0.457,0.299,0.493,-0.453,0.001,-0.109,-0.016,-0.262,0.438,-0.248,-0.424,-0.558,-0.463,-0.276,-0.405,-0.127,-0.154,0.701,-0.205,-0.392,0.499,-0.386,-0.044,0.416,-0.214,-0.21,0.097,-0.09,0.116,0.852,0.189,0.468,0.305,0.296,0.426,0.209,-0.118
AAPL,-0.239,1.0,0.238,0.574,0.291,0.517,0.455,-0.248,0.556,0.142,-0.059,0.257,-0.079,0.306,-0.4,0.125,0.265,0.276,0.202,0.152,-0.084,-0.022,0.121,0.22,0.324,0.519,0.052,0.438,-0.175,-0.273,-0.215,0.042,0.036,-0.099,0.11,0.112,-0.132,0.385,0.082,-0.049,0.295,0.135,0.166,0.599,-0.246,0.649,0.088,0.156,0.792,0.275,0.106,0.382,0.438,0.47,0.068,0.081,0.041,0.04,0.182,0.643,0.066,0.07,0.188,0.059,-0.122,0.128,0.38,0.343,0.501,0.217,0.107,-0.055,0.069,0.55,0.552,0.702,0.316,0.433,0.373,0.154,0.001,0.072,0.655,-0.137,0.411,0.05,-0.11,0.505,0.226,0.135,0.483,0.066,-0.207,-0.136,0.041,-0.044,-0.04,0.139,0.098,0.153
AGNC,-0.144,0.238,1.0,0.248,0.572,-0.16,0.622,-0.269,-0.328,0.478,-0.697,-0.643,0.493,0.616,0.082,0.8,0.712,-0.287,0.295,0.757,0.567,-0.525,0.644,0.58,0.72,0.792,-0.34,0.549,-0.715,-0.564,-0.278,0.201,0.149,0.695,0.738,-0.029,-0.447,-0.177,-0.632,0.033,-0.39,0.706,0.762,0.657,-0.145,0.425,-0.494,0.834,-0.102,0.68,0.542,-0.514,-0.456,0.519,0.336,0.465,-0.521,0.554,0.647,0.272,0.747,0.576,0.376,0.639,-0.451,0.058,0.332,0.678,-0.359,0.805,0.576,-0.466,0.731,0.193,0.275,0.261,0.451,0.419,0.46,0.737,-0.206,0.721,0.419,-0.435,0.64,0.469,-0.262,-0.159,0.639,0.224,-0.261,0.174,0.224,0.14,0.175,0.205,0.152,0.564,0.391,-0.501
AMAT,-0.363,0.574,0.248,1.0,0.423,0.478,0.394,-0.143,0.452,0.164,0.011,0.221,-0.052,0.42,-0.253,0.203,0.394,0.369,0.329,0.164,0.221,-0.165,0.271,0.178,0.166,0.334,0.225,0.372,-0.246,-0.174,-0.238,0.187,0.213,-0.107,0.103,-0.075,0.104,0.315,0.095,-0.228,0.336,0.144,0.074,0.637,0.125,0.421,0.071,0.189,0.449,0.369,0.063,0.208,0.368,0.547,0.426,0.052,-0.144,0.327,0.279,0.664,0.087,0.254,0.202,0.316,-0.084,0.09,0.504,0.199,0.354,0.266,0.128,-0.019,0.158,0.452,0.57,0.549,0.274,0.379,0.223,0.077,-0.069,0.279,0.525,-0.218,0.452,0.168,-0.05,0.514,0.301,0.281,0.458,0.141,-0.271,0.114,0.008,-0.143,0.036,-0.022,0.234,0.27
AMD,-0.526,0.291,0.572,0.423,1.0,-0.0,0.522,-0.708,-0.194,0.115,-0.558,-0.388,0.24,0.69,-0.458,0.678,0.772,0.124,0.298,0.284,0.253,-0.633,0.485,0.263,0.635,0.54,-0.044,0.719,-0.772,-0.607,-0.708,-0.229,-0.247,0.193,0.508,-0.362,-0.569,-0.353,-0.587,-0.486,-0.109,0.599,0.434,0.718,-0.318,0.65,-0.576,0.681,-0.096,0.641,0.143,-0.354,-0.306,0.502,0.182,0.071,-0.468,0.55,0.487,0.474,0.575,0.75,-0.016,0.567,-0.6,-0.367,0.411,0.413,-0.044,0.472,0.568,-0.661,0.732,0.379,0.584,0.548,0.748,0.623,0.315,0.373,-0.556,0.611,0.524,-0.629,0.721,0.368,-0.141,0.151,0.551,-0.037,-0.206,-0.14,-0.242,-0.312,-0.145,-0.322,-0.115,0.033,0.108,-0.349
AMZN,-0.334,0.517,-0.16,0.478,-0.0,1.0,0.068,-0.053,0.646,-0.028,0.339,0.554,-0.265,0.119,-0.246,-0.217,-0.095,0.608,0.295,-0.18,-0.094,0.209,0.013,-0.164,-0.108,0.055,0.553,0.021,0.039,-0.098,-0.036,0.339,0.363,-0.22,-0.249,-0.156,0.011,0.338,0.225,-0.29,0.628,-0.1,-0.164,0.27,0.135,0.089,0.301,-0.177,0.672,0.018,-0.147,0.585,0.542,0.132,0.238,-0.17,0.372,-0.052,-0.075,0.641,-0.17,-0.098,0.247,0.026,0.063,-0.089,0.579,-0.095,0.508,-0.103,0.019,0.077,-0.221,0.629,0.393,0.339,-0.106,0.044,0.322,-0.099,-0.024,-0.103,0.267,-0.127,0.142,-0.117,-0.087,0.518,-0.064,0.308,0.702,0.127,-0.406,-0.163,-0.293,-0.153,-0.274,-0.277,-0.143,0.696
APA,-0.347,0.455,0.622,0.394,0.522,0.068,1.0,-0.376,-0.094,0.364,-0.532,-0.393,0.323,0.631,-0.041,0.59,0.603,-0.136,0.214,0.443,0.321,-0.553,0.562,0.427,0.603,0.809,-0.25,0.582,-0.494,-0.41,-0.437,0.051,0.009,0.35,0.518,-0.05,-0.447,-0.172,-0.54,-0.094,-0.271,0.613,0.624,0.8,-0.221,0.536,-0.391,0.626,0.12,0.64,0.289,-0.265,-0.216,0.523,0.25,0.315,-0.472,0.471,0.583,0.33,0.586,0.381,0.242,0.58,-0.376,-0.04,0.382,0.639,-0.191,0.602,0.408,-0.39,0.501,0.292,0.557,0.722,0.479,0.343,0.351,0.478,-0.19,0.518,0.57,-0.497,0.639,0.128,-0.397,-0.006,0.527,0.082,-0.145,0.028,-0.049,0.031,0.078,0.059,0.059,0.449,0.277,-0.264
ARDX,0.319,-0.248,-0.269,-0.143,-0.708,-0.053,-0.376,1.0,0.304,-0.072,0.502,0.262,0.085,-0.462,0.445,-0.442,-0.514,-0.168,-0.05,0.016,0.033,0.496,-0.301,-0.139,-0.478,-0.394,0.114,-0.576,0.707,0.495,0.751,0.396,0.438,-0.087,-0.291,0.224,0.618,0.444,0.489,0.483,0.155,-0.308,-0.296,-0.502,0.573,-0.509,0.504,-0.459,0.05,-0.449,-0.171,0.273,0.328,-0.308,0.056,-0.019,0.068,-0.219,-0.372,-0.333,-0.313,-0.553,0.029,-0.31,0.647,0.372,-0.313,-0.33,-0.04,-0.294,-0.536,0.681,-0.452,-0.43,-0.425,-0.502,-0.743,-0.405,-0.356,-0.185,0.423,-0.308,-0.398,0.494,-0.501,-0.137,0.011,-0.115,-0.36,-0.031,0.299,0.309,0.184,0.489,0.105,0.205,0.359,-0.008,0.109,0.241
AVGO,-0.092,0.556,-0.328,0.452,-0.194,0.646,-0.094,0.304,1.0,-0.231,0.64,0.705,-0.313,-0.173,-0.278,-0.475,-0.233,0.569,0.168,-0.25,-0.244,0.473,-0.361,-0.295,-0.344,-0.132,0.556,-0.115,0.406,0.17,0.166,0.125,0.203,-0.504,-0.437,0.078,0.284,0.621,0.592,0.035,0.738,-0.314,-0.437,0.066,0.263,0.131,0.576,-0.43,0.746,-0.261,-0.392,0.787,0.776,0.092,0.057,-0.323,0.308,-0.293,-0.379,0.462,-0.438,-0.309,0.02,-0.343,0.425,0.08,0.249,-0.296,0.667,-0.293,-0.361,0.477,-0.341,0.362,0.371,0.336,-0.183,0.133,0.015,-0.363,0.227,-0.263,0.237,0.218,-0.023,-0.113,0.114,0.636,-0.286,-0.028,0.84,0.066,-0.306,-0.072,-0.157,-0.27,0.075,-0.299,-0.078,0.65
AZN,0.095,0.142,0.478,0.164,0.115,-0.028,0.364,-0.072,-0.231,1.0,-0.413,-0.426,0.078,0.346,0.151,0.396,0.299,-0.259,0.242,0.531,0.467,-0.174,0.622,0.611,0.277,0.504,-0.431,0.175,-0.266,-0.384,-0.0,0.248,0.208,0.457,0.255,0.169,-0.072,0.228,-0.282,0.164,-0.192,0.295,0.557,0.305,-0.13,0.07,-0.03,0.407,0.001,0.446,0.793,-0.19,-0.225,0.259,0.185,0.787,-0.225,0.43,0.601,0.109,0.299,0.146,0.512,0.444,-0.329,0.508,0.151,0.57,-0.35,0.559,0.075,-0.185,0.101,0.006,-0.003,0.08,0.176,-0.0,0.269,0.458,-0.01,0.312,0.257,-0.039,0.166,0.198,-0.351,-0.146,0.457,0.335,-0.159,0.557,0.331,0.347,0.475,0.447,0.037,0.494,0.319,-0.243
BIDU,0.161,-0.059,-0.697,0.011,-0.558,0.339,-0.532,0.502,0.64,-0.413,1.0,0.717,-0.417,-0.602,0.046,-0.687,-0.615,0.44,-0.17,-0.487,-0.38,0.71,-0.681,-0.425,-0.603,-0.638,0.475,-0.571,0.706,0.533,0.406,0.028,0.109,-0.603,-0.611,0.166,0.549,0.427,0.766,0.183,0.583,-0.69,-0.719,-0.414,0.378,-0.44,0.666,-0.7,0.323,-0.675,-0.515,0.659,0.556,-0.212,-0.173,-0.472,0.471,-0.597,-0.689,-0.062,-0.667,-0.581,-0.156,-0.57,0.635,0.07,-0.117,-0.613,0.487,-0.577,-0.509,0.623,-0.604,-0.046,-0.072,-0.19,-0.438,-0.38,-0.3,-0.648,0.378,-0.429,-0.243,0.54,-0.504,-0.272,0.34,0.3,-0.624,-0.039,0.599,0.005,-0.155,0.101,-0.052,-0.096,0.105,-0.391,-0.259,0.606
BILI,-0.015,0.257,-0.643,0.221,-0.388,0.554,-0.393,0.262,0.705,-0.426,0.717,1.0,-0.473,-0.321,-0.142,-0.656,-0.439,0.665,-0.037,-0.564,-0.419,0.499,-0.496,-0.523,-0.529,-0.512,0.665,-0.263,0.526,0.402,0.103,-0.037,0.038,-0.629,-0.588,-0.022,0.241,0.492,0.614,-0.086,0.785,-0.51,-0.663,-0.293,0.339,-0.028,0.497,-0.663,0.538,-0.443,-0.567,0.703,0.778,-0.114,-0.147,-0.503,0.49,-0.43,-0.462,0.3,-0.62,-0.423,-0.155,-0.459,0.632,-0.036,0.109,-0.528,0.787,-0.542,-0.337,0.588,-0.521,0.289,0.118,0.042,-0.315,-0.031,-0.163,-0.541,0.271,-0.444,0.094,0.143,-0.182,-0.14,0.259,0.581,-0.486,-0.078,0.795,-0.125,-0.287,-0.264,-0.233,-0.304,-0.007,-0.466,-0.296,0.747
BKR,-0.097,-0.079,0.493,-0.052,0.24,-0.265,0.323,0.085,-0.313,0.078,-0.417,-0.473,1.0,0.301,0.305,0.538,0.404,-0.547,0.375,0.637,0.452,-0.384,0.432,0.449,0.563,0.362,-0.335,0.297,-0.238,-0.152,0.111,0.301,0.29,0.393,0.641,-0.048,-0.062,-0.374,-0.351,0.11,-0.473,0.422,0.53,0.237,0.076,0.017,-0.373,0.5,-0.246,0.326,0.173,-0.474,-0.261,0.118,0.486,0.162,-0.514,0.344,0.325,-0.135,0.622,0.233,0.119,0.502,-0.229,-0.031,0.075,0.269,-0.467,0.339,0.335,-0.197,0.566,-0.21,-0.121,-0.141,-0.056,0.067,0.063,0.651,-0.217,0.439,-0.131,-0.202,0.198,0.11,-0.37,-0.322,0.519,0.07,-0.341,0.218,0.147,0.28,-0.026,0.164,0.06,0.257,0.565,-0.388
CAN,-0.481,0.306,0.616,0.42,0.69,0.119,0.631,-0.462,-0.173,0.346,-0.602,-0.321,0.301,1.0,-0.192,0.615,0.681,0.028,0.338,0.351,0.482,-0.535,0.696,0.306,0.528,0.537,-0.06,0.641,-0.657,-0.592,-0.55,0.067,0.028,0.346,0.495,-0.394,-0.536,-0.107,-0.611,-0.419,-0.091,0.701,0.49,0.661,-0.214,0.688,-0.511,0.618,-0.079,0.701,0.294,-0.344,-0.111,0.477,0.318,0.182,-0.517,0.575,0.631,0.394,0.596,0.795,0.133,0.83,-0.411,-0.171,0.471,0.406,-0.153,0.558,0.52,-0.49,0.68,0.398,0.424,0.437,0.58,0.689,0.326,0.459,-0.485,0.652,0.529,-0.579,0.733,0.437,-0.282,0.11,0.667,0.108,-0.107,0.105,-0.164,-0.131,-0.137,-0.172,-0.11,0.119,0.194,-0.185
CHRD,0.595,-0.4,0.082,-0.253,-0.458,-0.246,-0.041,0.445,-0.278,0.151,0.046,-0.142,0.305,-0.192,1.0,0.085,-0.156,-0.45,-0.099,0.287,0.284,0.163,-0.01,0.163,0.011,-0.086,-0.255,-0.338,0.239,0.26,0.425,0.368,0.341,0.441,0.108,0.454,0.305,-0.059,0.086,0.577,-0.278,-0.088,0.073,-0.288,0.408,-0.545,0.15,-0.035,-0.26,-0.166,0.185,-0.161,-0.128,-0.135,0.225,0.181,0.097,-0.084,-0.075,-0.374,0.116,-0.328,0.306,0.041,0.351,0.386,-0.254,0.069,-0.411,0.212,-0.08,0.405,-0.117,-0.406,-0.527,-0.518,-0.386,-0.497,-0.012,0.109,0.582,0.073,-0.417,0.28,-0.259,-0.125,0.002,-0.41,0.056,0.223,-0.188,0.319,0.628,0.449,0.358,0.374,0.273,0.442,0.338,-0.132
CMCSA,-0.187,0.125,0.8,0.203,0.678,-0.217,0.59,-0.442,-0.475,0.396,-0.687,-0.656,0.538,0.615,0.085,1.0,0.777,-0.344,0.268,0.698,0.547,-0.517,0.651,0.601,0.841,0.737,-0.442,0.541,-0.712,-0.537,-0.321,0.14,0.102,0.638,0.816,-0.052,-0.42,-0.307,-0.608,-0.074,-0.477,0.663,0.772,0.705,-0.249,0.328,-0.548,0.888,-0.255,0.684,0.495,-0.599,-0.539,0.52,0.394,0.405,-0.518,0.542,0.671,0.213,0.82,0.609,0.317,0.736,-0.548,-0.023,0.273,0.633,-0.404,0.756,0.656,-0.561,0.74,0.085,0.26,0.242,0.532,0.291,0.412,0.759,-0.332,0.709,0.332,-0.477,0.629,0.314,-0.26,-0.174,0.719,0.274,-0.435,0.204,0.184,0.103,0.26,0.206,-0.02,0.421,0.444,-0.582
CPRT,-0.252,0.265,0.712,0.394,0.772,-0.095,0.603,-0.514,-0.233,0.299,-0.615,-0.439,0.404,0.681,-0.156,0.777,1.0,-0.055,0.438,0.605,0.459,-0.635,0.694,0.441,0.73,0.691,-0.096,0.739,-0.738,-0.457,-0.62,-0.095,-0.107,0.364,0.672,-0.27,-0.54,-0.198,-0.506,-0.195,-0.235,0.608,0.581,0.723,-0.051,0.518,-0.511,0.756,-0.1,0.787,0.346,-0.487,-0.283,0.567,0.479,0.293,-0.582,0.679,0.688,0.375,0.616,0.621,0.192,0.646,-0.433,-0.033,0.451,0.627,-0.169,0.661,0.645,-0.484,0.788,0.283,0.456,0.413,0.614,0.493,0.301,0.598,-0.404,0.716,0.512,-0.582,0.805,0.383,-0.246,0.153,0.734,0.15,-0.14,0.037,0.09,-0.136,0.096,-0.02,0.054,0.343,0.485,-0.363
CRWD,-0.329,0.276,-0.287,0.369,0.124,0.608,-0.136,-0.168,0.569,-0.259,0.44,0.665,-0.547,0.028,-0.45,-0.344,-0.055,1.0,0.076,-0.484,-0.269,0.14,-0.145,-0.418,-0.254,-0.216,0.815,0.062,0.001,-0.042,-0.364,-0.182,-0.111,-0.468,-0.327,-0.286,-0.207,0.255,0.17,-0.398,0.764,-0.147,-0.411,0.108,0.167,0.25,0.204,-0.208,0.396,0.01,-0.345,0.532,0.45,0.242,-0.142,-0.402,0.321,-0.07,-0.181,0.572,-0.352,0.037,-0.102,-0.15,0.276,-0.305,0.468,-0.22,0.687,-0.193,0.042,0.066,-0.155,0.681,0.552,0.34,0.215,0.276,0.073,-0.386,0.007,-0.034,0.427,-0.262,0.231,0.09,0.251,0.631,-0.297,-0.065,0.685,-0.306,-0.478,-0.423,-0.246,-0.429,-0.14,-0.457,-0.434,0.653
CSCO,-0.303,0.202,0.295,0.329,0.298,0.295,0.214,-0.05,0.168,0.242,-0.17,-0.037,0.375,0.338,-0.099,0.268,0.438,0.076,1.0,0.464,0.403,-0.153,0.562,0.424,0.26,0.289,0.192,0.487,-0.301,-0.32,-0.159,0.294,0.336,0.124,0.333,-0.353,-0.113,0.027,-0.199,-0.134,0.152,0.32,0.314,0.321,0.115,0.162,0.026,0.273,0.101,0.454,0.213,0.066,0.164,0.198,0.626,0.3,-0.216,0.513,0.39,0.486,0.22,0.165,0.485,0.48,-0.264,0.16,0.65,0.311,-0.123,0.265,0.281,-0.123,0.338,0.297,0.105,0.038,-0.04,0.165,0.439,0.435,-0.24,0.303,0.259,-0.243,0.337,0.148,-0.463,0.25,0.542,0.312,0.166,0.424,-0.064,0.05,-0.119,0.071,-0.227,0.081,0.509,0.09
CSX,0.031,0.152,0.757,0.164,0.284,-0.18,0.443,0.016,-0.25,0.531,-0.487,-0.564,0.637,0.351,0.287,0.698,0.605,-0.484,0.464,1.0,0.624,-0.334,0.612,0.736,0.668,0.645,-0.434,0.382,-0.42,-0.3,0.076,0.421,0.407,0.623,0.673,0.156,-0.08,-0.028,-0.282,0.256,-0.415,0.461,0.707,0.467,0.008,0.078,-0.155,0.641,-0.098,0.493,0.584,-0.42,-0.275,0.4,0.519,0.565,-0.506,0.496,0.551,0.134,0.589,0.198,0.54,0.524,-0.329,0.397,0.265,0.612,-0.475,0.712,0.369,-0.198,0.491,-0.121,-0.015,-0.019,0.078,0.029,0.354,0.748,-0.111,0.556,0.189,-0.118,0.383,0.184,-0.456,-0.159,0.674,0.391,-0.223,0.54,0.381,0.397,0.388,0.472,0.192,0.596,0.638,-0.461
DKNG,-0.135,-0.084,0.567,0.221,0.253,-0.094,0.321,0.033,-0.244,0.467,-0.38,-0.419,0.452,0.482,0.284,0.547,0.459,-0.269,0.403,0.624,1.0,-0.332,0.583,0.52,0.367,0.411,-0.225,0.224,-0.412,-0.347,-0.038,0.387,0.36,0.475,0.561,-0.06,-0.001,-0.042,-0.355,0.011,-0.201,0.432,0.558,0.333,0.141,0.035,-0.239,0.469,-0.22,0.492,0.441,-0.353,-0.295,0.328,0.48,0.534,-0.435,0.566,0.528,0.062,0.499,0.423,0.394,0.637,-0.2,0.205,0.242,0.367,-0.453,0.66,0.222,-0.201,0.394,-0.113,-0.012,-0.105,0.106,0.141,0.195,0.597,-0.169,0.471,0.066,-0.085,0.253,0.22,-0.387,-0.063,0.641,0.283,-0.174,0.426,0.124,0.352,0.132,0.321,0.009,0.268,0.518,-0.338
EBAY,0.353,-0.022,-0.525,-0.165,-0.633,0.209,-0.553,0.496,0.473,-0.174,0.71,0.499,-0.384,-0.535,0.163,-0.517,-0.635,0.14,-0.153,-0.334,-0.332,1.0,-0.57,-0.272,-0.515,-0.507,0.193,-0.532,0.641,0.274,0.497,0.127,0.175,-0.273,-0.533,0.212,0.499,0.515,0.637,0.381,0.463,-0.535,-0.548,-0.431,0.083,-0.418,0.69,-0.584,0.26,-0.632,-0.165,0.685,0.415,-0.352,-0.164,-0.168,0.564,-0.64,-0.549,-0.035,-0.569,-0.495,0.18,-0.468,0.441,0.319,-0.135,-0.433,0.276,-0.409,-0.446,0.596,-0.544,-0.119,-0.326,-0.339,-0.48,-0.363,0.035,-0.39,0.444,-0.463,-0.237,0.603,-0.491,-0.199,0.274,0.03,-0.452,0.143,0.362,0.245,0.101,0.1,0.207,0.162,-0.044,-0.182,-0.123,0.38
ERIC,-0.365,0.121,0.644,0.271,0.485,0.013,0.562,-0.301,-0.361,0.622,-0.681,-0.496,0.432,0.696,-0.01,0.651,0.694,-0.145,0.562,0.612,0.583,-0.57,1.0,0.604,0.572,0.611,-0.194,0.585,-0.639,-0.458,-0.394,0.176,0.168,0.425,0.604,-0.326,-0.452,-0.161,-0.64,-0.273,-0.29,0.641,0.696,0.536,-0.106,0.337,-0.433,0.679,-0.131,0.887,0.597,-0.458,-0.305,0.4,0.452,0.639,-0.522,0.865,0.876,0.247,0.591,0.496,0.391,0.823,-0.45,0.072,0.484,0.693,-0.373,0.633,0.5,-0.46,0.526,0.274,0.213,0.19,0.367,0.287,0.347,0.702,-0.393,0.606,0.401,-0.559,0.547,0.244,-0.528,-0.058,0.726,0.262,-0.217,0.309,-0.009,0.104,0.124,0.171,-0.061,0.336,0.383,-0.269
EXC,-0.056,0.22,0.58,0.178,0.263,-0.164,0.427,-0.139,-0.295,0.611,-0.425,-0.523,0.449,0.306,0.163,0.601,0.441,-0.418,0.424,0.736,0.52,-0.272,0.604,1.0,0.594,0.593,-0.55,0.474,-0.379,-0.343,0.026,0.287,0.277,0.489,0.61,0.22,-0.016,-0.027,-0.28,0.176,-0.421,0.374,0.653,0.425,-0.273,0.102,-0.14,0.534,-0.005,0.503,0.679,-0.298,-0.3,0.378,0.305,0.693,-0.359,0.442,0.581,0.093,0.525,0.183,0.495,0.512,-0.466,0.449,0.202,0.646,-0.396,0.571,0.322,-0.319,0.312,-0.068,-0.058,0.048,0.197,-0.025,0.348,0.633,-0.055,0.413,0.296,0.008,0.204,0.095,-0.35,-0.202,0.63,0.43,-0.317,0.589,0.246,0.443,0.425,0.536,0.059,0.526,0.487,-0.488
FITB,-0.16,0.324,0.72,0.166,0.635,-0.108,0.603,-0.478,-0.344,0.277,-0.603,-0.529,0.563,0.528,0.011,0.841,0.73,-0.254,0.26,0.668,0.367,-0.515,0.572,0.594,1.0,0.777,-0.373,0.615,-0.638,-0.414,-0.351,0.053,0.039,0.527,0.798,0.065,-0.494,-0.299,-0.52,-0.052,-0.381,0.586,0.697,0.679,-0.245,0.404,-0.456,0.769,-0.002,0.651,0.387,-0.418,-0.419,0.539,0.337,0.316,-0.425,0.472,0.622,0.251,0.759,0.487,0.309,0.596,-0.496,-0.058,0.352,0.69,-0.199,0.679,0.691,-0.484,0.684,0.236,0.299,0.333,0.514,0.292,0.445,0.741,-0.245,0.637,0.449,-0.485,0.63,0.259,-0.227,-0.095,0.586,0.278,-0.305,0.12,0.202,-0.043,0.222,0.176,0.028,0.499,0.397,-0.484
FLEX,-0.207,0.519,0.792,0.334,0.54,0.055,0.809,-0.394,-0.132,0.504,-0.638,-0.512,0.362,0.537,-0.086,0.737,0.691,-0.216,0.289,0.645,0.411,-0.507,0.611,0.593,0.777,1.0,-0.35,0.591,-0.586,-0.497,-0.322,0.151,0.12,0.565,0.645,0.12,-0.468,-0.088,-0.525,-0.024,-0.317,0.663,0.798,0.808,-0.247,0.474,-0.383,0.773,0.195,0.711,0.513,-0.3,-0.347,0.555,0.308,0.491,-0.427,0.481,0.692,0.357,0.719,0.424,0.41,0.553,-0.5,0.096,0.379,0.773,-0.168,0.745,0.522,-0.468,0.544,0.285,0.464,0.591,0.487,0.337,0.47,0.722,-0.183,0.534,0.566,-0.458,0.632,0.254,-0.341,-0.041,0.571,0.24,-0.177,0.166,0.103,0.077,0.219,0.228,0.025,0.547,0.365,-0.389
FTNT,-0.275,0.052,-0.34,0.225,-0.044,0.553,-0.25,0.114,0.556,-0.431,0.475,0.665,-0.335,-0.06,-0.255,-0.442,-0.096,0.815,0.192,-0.434,-0.225,0.193,-0.194,-0.55,-0.373,-0.35,1.0,-0.017,0.187,0.102,-0.213,-0.084,-0.014,-0.439,-0.396,-0.425,-0.137,0.164,0.19,-0.338,0.75,-0.192,-0.516,-0.103,0.462,0.041,0.154,-0.319,0.277,-0.103,-0.528,0.493,0.504,-0.022,0.002,-0.492,0.206,-0.067,-0.315,0.437,-0.377,-0.108,-0.169,-0.171,0.477,-0.299,0.416,-0.393,0.525,-0.302,-0.003,0.236,-0.168,0.489,0.352,0.098,-0.115,0.128,-0.067,-0.389,-0.009,-0.115,0.156,-0.239,0.17,-0.019,0.113,0.538,-0.316,-0.157,0.7,-0.291,-0.414,-0.427,-0.497,-0.479,-0.11,-0.489,-0.307,0.696
GEN,-0.426,0.438,0.549,0.372,0.719,0.021,0.582,-0.576,-0.115,0.175,-0.571,-0.263,0.297,0.641,-0.338,0.541,0.739,0.062,0.487,0.382,0.224,-0.532,0.585,0.474,0.615,0.591,-0.017,1.0,-0.592,-0.485,-0.592,-0.108,-0.124,0.239,0.523,-0.304,-0.547,-0.208,-0.545,-0.279,-0.121,0.599,0.447,0.619,-0.274,0.704,-0.495,0.579,0.07,0.656,0.214,-0.236,-0.065,0.492,0.3,0.218,-0.403,0.55,0.578,0.495,0.484,0.488,0.136,0.528,-0.454,-0.087,0.51,0.502,-0.04,0.455,0.567,-0.491,0.603,0.449,0.452,0.487,0.576,0.567,0.404,0.479,-0.36,0.55,0.647,-0.537,0.728,0.256,-0.281,0.166,0.674,0.125,-0.092,0.007,-0.13,-0.271,-0.072,-0.135,-0.151,0.213,0.306,-0.21
GERN,0.336,-0.175,-0.715,-0.246,-0.772,0.039,-0.494,0.707,0.406,-0.266,0.706,0.526,-0.238,-0.657,0.239,-0.712,-0.738,0.001,-0.301,-0.42,-0.412,0.641,-0.639,-0.379,-0.638,-0.586,0.187,-0.592,1.0,0.621,0.67,0.128,0.172,-0.37,-0.676,0.331,0.609,0.455,0.672,0.358,0.276,-0.566,-0.57,-0.639,0.334,-0.485,0.568,-0.729,0.162,-0.724,-0.394,0.491,0.518,-0.475,-0.238,-0.289,0.374,-0.614,-0.592,-0.342,-0.614,-0.74,-0.198,-0.642,0.663,0.261,-0.441,-0.596,0.237,-0.625,-0.675,0.727,-0.728,-0.34,-0.364,-0.34,-0.658,-0.468,-0.475,-0.508,0.453,-0.606,-0.416,0.622,-0.66,-0.365,0.228,-0.025,-0.6,-0.132,0.314,0.146,0.051,0.219,0.047,0.047,0.091,-0.258,-0.165,0.47
GEVO,0.351,-0.273,-0.564,-0.174,-0.607,-0.098,-0.41,0.495,0.17,-0.384,0.533,0.402,-0.152,-0.592,0.26,-0.537,-0.457,-0.042,-0.32,-0.3,-0.347,0.274,-0.458,-0.343,-0.414,-0.497,0.102,-0.485,0.621,1.0,0.377,-0.057,0.011,-0.409,-0.391,0.303,0.433,0.203,0.581,0.268,0.037,-0.525,-0.557,-0.564,0.489,-0.466,0.425,-0.597,0.11,-0.516,-0.443,0.164,0.262,-0.262,-0.14,-0.34,0.154,-0.335,-0.334,-0.435,-0.482,-0.591,-0.281,-0.547,0.595,0.042,-0.387,-0.403,0.249,-0.462,-0.457,0.631,-0.521,-0.362,-0.339,-0.33,-0.491,-0.461,-0.518,-0.393,0.38,-0.36,-0.345,0.354,-0.507,-0.326,0.255,0.078,-0.565,-0.116,0.231,-0.144,0.096,0.133,0.037,-0.002,0.342,-0.065,-0.154,0.289
GILD,0.387,-0.215,-0.278,-0.238,-0.708,-0.036,-0.437,0.751,0.166,-0.0,0.406,0.103,0.111,-0.55,0.425,-0.321,-0.62,-0.364,-0.159,0.076,-0.038,0.497,-0.394,0.026,-0.351,-0.322,-0.213,-0.592,0.67,0.377,1.0,0.584,0.591,0.063,-0.268,0.461,0.743,0.35,0.544,0.472,-0.071,-0.406,-0.14,-0.465,0.198,-0.591,0.508,-0.396,0.021,-0.564,-0.007,0.207,0.25,-0.364,0.075,0.016,0.298,-0.425,-0.419,-0.369,-0.243,-0.588,0.11,-0.366,0.318,0.419,-0.39,-0.357,-0.146,-0.298,-0.467,0.489,-0.511,-0.462,-0.536,-0.531,-0.726,-0.53,-0.212,-0.102,0.364,-0.436,-0.588,0.684,-0.661,-0.275,0.07,-0.26,-0.278,0.24,0.069,0.456,0.236,0.583,0.213,0.382,0.111,-0.032,0.109,0.164
GOOG,0.01,0.042,0.201,0.187,-0.229,0.339,0.051,0.396,0.125,0.248,0.028,-0.037,0.301,0.067,0.368,0.14,-0.095,-0.182,0.294,0.421,0.387,0.127,0.176,0.287,0.053,0.151,-0.084,-0.108,0.128,-0.057,0.584,1.0,0.976,0.409,0.124,0.208,0.389,0.269,0.138,0.212,-0.036,0.165,0.275,0.095,0.171,-0.252,0.248,0.064,0.078,0.01,0.24,0.089,0.225,0.035,0.577,0.197,0.089,0.049,0.092,0.161,0.216,-0.142,0.483,0.222,-0.006,0.293,0.251,0.004,-0.254,0.195,-0.001,0.142,-0.016,-0.005,-0.177,-0.22,-0.433,-0.206,0.261,0.337,0.14,0.115,-0.163,0.209,-0.1,0.006,-0.167,-0.107,0.272,0.605,0.117,0.624,0.095,0.569,0.135,0.345,-0.142,0.074,0.314,0.199
GOOGL,-0.008,0.036,0.149,0.213,-0.247,0.363,0.009,0.438,0.203,0.208,0.109,0.038,0.29,0.028,0.341,0.102,-0.107,-0.111,0.336,0.407,0.36,0.175,0.168,0.277,0.039,0.12,-0.014,-0.124,0.172,0.011,0.591,0.976,1.0,0.342,0.095,0.224,0.387,0.326,0.202,0.173,0.046,0.136,0.212,0.076,0.228,-0.281,0.315,0.02,0.116,0.01,0.186,0.148,0.273,0.046,0.56,0.154,0.077,0.05,0.091,0.18,0.191,-0.167,0.487,0.214,0.053,0.296,0.292,-0.017,-0.162,0.161,-0.022,0.202,-0.049,0.012,-0.153,-0.219,-0.453,-0.221,0.232,0.333,0.151,0.099,-0.121,0.195,-0.111,-0.009,-0.175,-0.063,0.213,0.581,0.184,0.642,0.052,0.545,0.149,0.312,-0.099,0.029,0.28,0.248
GT,0.229,-0.099,0.695,-0.107,0.193,-0.22,0.35,-0.087,-0.504,0.457,-0.603,-0.629,0.393,0.346,0.441,0.638,0.364,-0.468,0.124,0.623,0.475,-0.273,0.425,0.489,0.527,0.565,-0.439,0.239,-0.37,-0.409,0.063,0.409,0.342,1.0,0.511,0.254,-0.259,-0.188,-0.488,0.252,-0.478,0.604,0.646,0.286,-0.095,0.004,-0.283,0.616,-0.344,0.362,0.612,-0.455,-0.505,0.169,0.284,0.443,-0.203,0.244,0.435,0.011,0.675,0.319,0.484,0.447,-0.365,0.233,0.118,0.544,-0.526,0.661,0.49,-0.293,0.417,-0.069,-0.168,-0.131,0.149,0.032,0.423,0.633,0.08,0.454,0.053,-0.168,0.283,0.271,-0.12,-0.431,0.451,0.414,-0.471,0.35,0.523,0.226,0.349,0.439,0.029,0.581,0.297,-0.456
HBAN,-0.147,0.11,0.738,0.103,0.508,-0.249,0.518,-0.291,-0.437,0.255,-0.611,-0.588,0.641,0.495,0.108,0.816,0.672,-0.327,0.333,0.673,0.561,-0.533,0.604,0.61,0.798,0.645,-0.396,0.523,-0.676,-0.391,-0.268,0.124,0.095,0.511,1.0,-0.088,-0.346,-0.345,-0.576,0.046,-0.498,0.582,0.706,0.566,-0.123,0.305,-0.454,0.746,-0.224,0.612,0.429,-0.539,-0.526,0.444,0.437,0.354,-0.491,0.541,0.602,0.141,0.737,0.49,0.327,0.614,-0.454,-0.069,0.275,0.648,-0.375,0.625,0.645,-0.447,0.7,0.091,0.092,0.086,0.338,0.255,0.434,0.777,-0.21,0.614,0.298,-0.413,0.517,0.267,-0.321,-0.157,0.647,0.256,-0.354,0.069,0.2,0.089,0.129,0.33,0.052,0.511,0.508,-0.542
HST,0.653,0.112,-0.029,-0.075,-0.362,-0.156,-0.05,0.224,0.078,0.169,0.166,-0.022,-0.048,-0.394,0.454,-0.052,-0.27,-0.286,-0.353,0.156,-0.06,0.212,-0.326,0.22,0.065,0.12,-0.425,-0.304,0.331,0.303,0.461,0.208,0.224,0.254,-0.088,1.0,0.385,0.251,0.404,0.603,-0.138,-0.191,-0.015,-0.152,0.065,-0.297,0.359,-0.138,0.222,-0.309,0.166,0.152,0.011,0.09,-0.125,0.093,0.21,-0.397,-0.168,-0.256,-0.014,-0.413,0.159,-0.352,0.189,0.466,-0.365,0.098,0.038,0.158,-0.294,0.321,-0.307,-0.312,-0.244,-0.084,-0.125,-0.377,-0.06,-0.017,0.684,-0.136,-0.111,0.47,-0.33,-0.169,0.295,-0.19,-0.192,0.133,-0.075,0.227,0.514,0.387,0.567,0.293,0.281,0.401,0.083,-0.166
INTC,0.334,-0.132,-0.447,0.104,-0.569,0.011,-0.447,0.618,0.284,-0.072,0.549,0.241,-0.062,-0.536,0.305,-0.42,-0.54,-0.207,-0.113,-0.08,-0.001,0.499,-0.452,-0.016,-0.494,-0.468,-0.137,-0.547,0.609,0.433,0.743,0.389,0.387,-0.259,-0.346,0.385,1.0,0.388,0.737,0.463,0.048,-0.601,-0.38,-0.39,0.258,-0.545,0.597,-0.534,0.088,-0.596,-0.074,0.339,0.366,-0.259,0.161,-0.045,0.283,-0.393,-0.461,-0.268,-0.505,-0.564,0.052,-0.426,0.322,0.494,-0.348,-0.41,-0.041,-0.329,-0.625,0.524,-0.549,-0.483,-0.471,-0.432,-0.622,-0.504,-0.274,-0.32,0.423,-0.456,-0.554,0.815,-0.692,-0.317,0.133,-0.044,-0.225,0.234,0.166,0.352,0.116,0.615,0.209,0.304,0.039,-0.123,0.242,0.219
IOVA,0.162,0.385,-0.177,0.315,-0.353,0.338,-0.172,0.444,0.621,0.228,0.427,0.492,-0.374,-0.107,-0.059,-0.307,-0.198,0.255,0.027,-0.028,-0.042,0.515,-0.161,-0.027,-0.299,-0.088,0.164,-0.208,0.455,0.203,0.35,0.269,0.326,-0.188,-0.345,0.251,0.388,1.0,0.599,0.251,0.507,-0.232,-0.259,-0.071,0.216,0.014,0.624,-0.363,0.512,-0.207,0.022,0.537,0.611,0.094,0.035,0.038,0.176,-0.219,-0.047,0.273,-0.398,-0.279,0.243,-0.229,0.404,0.516,0.076,-0.148,0.47,-0.102,-0.403,0.548,-0.373,0.097,0.029,0.041,-0.278,0.027,-0.032,-0.115,0.275,-0.204,0.25,0.385,-0.102,0.052,0.137,0.421,-0.169,0.237,0.63,0.439,0.064,0.222,0.293,0.178,0.156,-0.042,0.051,0.453
IQ,0.411,0.082,-0.632,0.095,-0.587,0.225,-0.54,0.489,0.592,-0.282,0.766,0.614,-0.351,-0.611,0.086,-0.608,-0.506,0.17,-0.199,-0.282,-0.355,0.637,-0.64,-0.28,-0.52,-0.525,0.19,-0.545,0.672,0.581,0.544,0.138,0.202,-0.488,-0.576,0.404,0.737,0.599,1.0,0.342,0.425,-0.731,-0.648,-0.427,0.306,-0.429,0.778,-0.707,0.393,-0.67,-0.319,0.599,0.624,-0.223,-0.034,-0.348,0.422,-0.579,-0.597,-0.081,-0.662,-0.622,-0.064,-0.639,0.517,0.419,-0.244,-0.497,0.432,-0.468,-0.6,0.643,-0.589,-0.247,-0.255,-0.225,-0.517,-0.389,-0.327,-0.527,0.431,-0.545,-0.301,0.687,-0.533,-0.27,0.341,0.271,-0.453,0.122,0.501,0.194,0.089,0.232,0.183,0.067,0.143,-0.246,-0.02,0.452
JBLU,0.769,-0.049,0.033,-0.228,-0.486,-0.29,-0.094,0.483,0.035,0.164,0.183,-0.086,0.11,-0.419,0.577,-0.074,-0.195,-0.398,-0.134,0.256,0.011,0.381,-0.273,0.176,-0.052,-0.024,-0.338,-0.279,0.358,0.268,0.472,0.212,0.173,0.252,0.046,0.603,0.463,0.251,0.342,1.0,-0.226,-0.226,-0.03,-0.24,0.281,-0.359,0.419,-0.112,0.024,-0.371,0.204,0.128,0.005,-0.003,0.131,0.181,0.176,-0.324,-0.213,-0.279,-0.187,-0.494,0.275,-0.372,0.279,0.578,-0.308,0.118,-0.243,0.126,-0.28,0.456,-0.17,-0.414,-0.427,-0.35,-0.338,-0.406,0.03,0.044,0.723,-0.009,-0.249,0.541,-0.304,-0.069,0.207,-0.226,-0.068,0.196,-0.017,0.236,0.724,0.435,0.514,0.492,0.316,0.569,0.445,-0.131
JD,-0.135,0.295,-0.39,0.336,-0.109,0.628,-0.271,0.155,0.738,-0.192,0.583,0.785,-0.473,-0.091,-0.278,-0.477,-0.235,0.764,0.152,-0.415,-0.201,0.463,-0.29,-0.421,-0.381,-0.317,0.75,-0.121,0.276,0.037,-0.071,-0.036,0.046,-0.478,-0.498,-0.138,0.048,0.507,0.425,-0.226,1.0,-0.271,-0.53,-0.091,0.294,0.066,0.443,-0.466,0.535,-0.232,-0.422,0.773,0.632,0.012,-0.079,-0.337,0.311,-0.211,-0.333,0.517,-0.421,-0.161,0.014,-0.202,0.425,-0.022,0.361,-0.363,0.69,-0.283,-0.218,0.35,-0.298,0.418,0.31,0.167,-0.138,0.134,0.022,-0.407,0.103,-0.25,0.294,-0.026,0.078,0.03,0.123,0.587,-0.321,-0.064,0.763,-0.014,-0.304,-0.336,-0.199,-0.378,-0.061,-0.429,-0.258,0.63
KDP,-0.382,0.135,0.706,0.144,0.599,-0.1,0.613,-0.308,-0.314,0.295,-0.69,-0.51,0.422,0.701,-0.088,0.663,0.608,-0.147,0.32,0.461,0.432,-0.535,0.641,0.374,0.586,0.663,-0.192,0.599,-0.566,-0.525,-0.406,0.165,0.136,0.604,0.582,-0.191,-0.601,-0.232,-0.731,-0.226,-0.271,1.0,0.689,0.565,-0.236,0.499,-0.53,0.711,-0.189,0.672,0.326,-0.422,-0.403,0.369,0.27,0.275,-0.568,0.539,0.682,0.258,0.784,0.644,0.225,0.688,-0.472,-0.215,0.393,0.522,-0.319,0.588,0.55,-0.504,0.701,0.249,0.317,0.311,0.433,0.512,0.386,0.656,-0.355,0.649,0.485,-0.634,0.654,0.389,-0.265,-0.214,0.583,0.081,-0.352,0.057,-0.053,-0.037,0.024,-0.025,-0.057,0.26,0.176,-0.374
KHC,-0.205,0.166,0.762,0.074,0.434,-0.164,0.624,-0.296,-0.437,0.557,-0.719,-0.663,0.53,0.49,0.073,0.772,0.581,-0.411,0.314,0.707,0.558,-0.548,0.696,0.653,0.697,0.798,-0.516,0.447,-0.57,-0.557,-0.14,0.275,0.212,0.646,0.706,-0.015,-0.38,-0.259,-0.648,-0.03,-0.53,0.689,1.0,0.605,-0.301,0.305,-0.47,0.826,-0.182,0.686,0.623,-0.541,-0.502,0.401,0.337,0.644,-0.406,0.55,0.724,0.125,0.745,0.431,0.409,0.631,-0.588,0.05,0.243,0.686,-0.491,0.659,0.518,-0.515,0.559,0.106,0.199,0.241,0.329,0.254,0.399,0.779,-0.312,0.548,0.267,-0.398,0.437,0.251,-0.395,-0.27,0.671,0.272,-0.424,0.294,0.166,0.289,0.24,0.368,-0.024,0.478,0.385,-0.461
LRCX,-0.478,0.599,0.657,0.637,0.718,0.27,0.8,-0.502,0.066,0.305,-0.414,-0.293,0.237,0.661,-0.288,0.705,0.723,0.108,0.321,0.467,0.333,-0.431,0.536,0.425,0.679,0.808,-0.103,0.619,-0.639,-0.564,-0.465,0.095,0.076,0.286,0.566,-0.152,-0.39,-0.071,-0.427,-0.24,-0.091,0.565,0.605,1.0,-0.281,0.605,-0.338,0.738,0.22,0.678,0.338,-0.166,-0.15,0.689,0.372,0.236,-0.369,0.452,0.57,0.602,0.559,0.543,0.319,0.607,-0.496,-0.091,0.582,0.6,0.006,0.63,0.571,-0.5,0.574,0.496,0.722,0.748,0.614,0.481,0.508,0.518,-0.329,0.592,0.639,-0.509,0.74,0.248,-0.277,0.202,0.575,0.283,0.032,0.044,-0.199,-0.007,0.103,0.047,-0.09,0.264,0.284,-0.155
LYFT,0.295,-0.246,-0.145,0.125,-0.318,0.135,-0.221,0.573,0.263,-0.13,0.378,0.339,0.076,-0.214,0.408,-0.249,-0.051,0.167,0.115,0.008,0.141,0.083,-0.106,-0.273,-0.245,-0.247,0.462,-0.274,0.334,0.489,0.198,0.171,0.228,-0.095,-0.123,0.065,0.258,0.216,0.306,0.281,0.294,-0.236,-0.301,-0.281,1.0,-0.361,0.22,-0.245,0.07,-0.167,-0.319,0.125,0.275,-0.011,0.298,-0.18,-0.017,0.074,-0.182,-0.064,-0.198,-0.311,-0.045,-0.15,0.657,0.106,-0.008,-0.229,0.148,-0.098,-0.2,0.547,-0.169,-0.11,-0.087,-0.284,-0.417,-0.207,-0.338,-0.153,0.372,0.047,-0.176,0.033,-0.053,0.052,0.082,0.243,-0.24,-0.037,0.478,0.011,0.246,0.157,-0.111,-0.126,0.426,0.033,0.195,0.398
MARA,-0.454,0.649,0.425,0.421,0.65,0.089,0.536,-0.509,0.131,0.07,-0.44,-0.028,0.017,0.688,-0.545,0.328,0.518,0.25,0.162,0.078,0.035,-0.418,0.337,0.102,0.404,0.474,0.041,0.704,-0.485,-0.466,-0.591,-0.252,-0.281,0.004,0.305,-0.297,-0.545,0.014,-0.429,-0.359,0.066,0.499,0.305,0.605,-0.361,1.0,-0.399,0.428,0.227,0.521,0.063,-0.067,0.129,0.481,-0.021,0.018,-0.286,0.331,0.414,0.516,0.285,0.583,-0.084,0.346,-0.288,-0.271,0.341,0.332,0.263,0.291,0.365,-0.331,0.487,0.576,0.609,0.686,0.664,0.888,0.294,0.211,-0.339,0.378,0.713,-0.506,0.675,0.387,-0.064,0.363,0.389,-0.127,0.115,-0.225,-0.286,-0.376,-0.179,-0.331,-0.041,0.057,-0.03,-0.071
MCHP,0.382,0.088,-0.494,0.071,-0.576,0.301,-0.391,0.504,0.576,-0.03,0.666,0.497,-0.373,-0.511,0.15,-0.548,-0.511,0.204,0.026,-0.155,-0.239,0.69,-0.433,-0.14,-0.456,-0.383,0.154,-0.495,0.568,0.425,0.508,0.248,0.315,-0.283,-0.454,0.359,0.597,0.624,0.778,0.419,0.443,-0.53,-0.47,-0.338,0.22,-0.399,1.0,-0.608,0.356,-0.531,-0.064,0.719,0.501,-0.159,0.038,-0.098,0.499,-0.431,-0.432,0.095,-0.587,-0.593,0.361,-0.5,0.374,0.484,0.017,-0.229,0.276,-0.275,-0.503,0.654,-0.579,-0.095,-0.286,-0.238,-0.53,-0.4,0.073,-0.348,0.516,-0.416,-0.144,0.591,-0.479,-0.246,0.166,0.217,-0.371,0.298,0.47,0.386,0.181,0.231,0.322,0.277,0.096,-0.003,0.004,0.446
MDLZ,-0.264,0.156,0.834,0.189,0.681,-0.177,0.626,-0.459,-0.43,0.407,-0.7,-0.663,0.5,0.618,-0.035,0.888,0.756,-0.208,0.273,0.641,0.469,-0.584,0.679,0.534,0.769,0.773,-0.319,0.579,-0.729,-0.597,-0.396,0.064,0.02,0.616,0.746,-0.138,-0.534,-0.363,-0.707,-0.112,-0.466,0.711,0.826,0.738,-0.245,0.428,-0.608,1.0,-0.241,0.735,0.532,-0.597,-0.556,0.595,0.285,0.401,-0.518,0.558,0.685,0.241,0.753,0.631,0.255,0.684,-0.545,-0.107,0.327,0.655,-0.375,0.767,0.685,-0.646,0.746,0.195,0.403,0.345,0.609,0.406,0.377,0.711,-0.369,0.77,0.388,-0.565,0.668,0.388,-0.253,-0.154,0.643,0.173,-0.38,0.067,0.092,0.101,0.192,0.153,-0.02,0.397,0.296,-0.473
META,-0.093,0.792,-0.102,0.449,-0.096,0.672,0.12,0.05,0.746,0.001,0.323,0.538,-0.246,-0.079,-0.26,-0.255,-0.1,0.396,0.101,-0.098,-0.22,0.26,-0.131,-0.005,-0.002,0.195,0.277,0.07,0.162,0.11,0.021,0.078,0.116,-0.344,-0.224,0.222,0.088,0.512,0.393,0.024,0.535,-0.189,-0.182,0.22,0.07,0.227,0.356,-0.241,1.0,-0.027,-0.179,0.627,0.567,0.26,-0.016,-0.063,0.249,-0.146,-0.083,0.46,-0.213,-0.272,0.097,-0.212,0.226,0.127,0.257,0.019,0.655,-0.07,-0.202,0.244,-0.285,0.432,0.407,0.475,-0.025,0.085,0.133,-0.109,0.199,-0.186,0.439,0.03,0.115,-0.146,0.007,0.544,-0.167,0.056,0.697,0.049,-0.215,-0.091,-0.034,-0.138,0.074,-0.046,-0.044,0.416
MNST,-0.417,0.275,0.68,0.369,0.641,0.018,0.64,-0.449,-0.261,0.446,-0.675,-0.443,0.326,0.701,-0.166,0.684,0.787,0.01,0.454,0.493,0.492,-0.632,0.887,0.503,0.651,0.711,-0.103,0.656,-0.724,-0.516,-0.564,0.01,0.01,0.362,0.612,-0.309,-0.596,-0.207,-0.67,-0.371,-0.232,0.672,0.686,0.678,-0.167,0.521,-0.531,0.735,-0.027,1.0,0.491,-0.434,-0.312,0.507,0.335,0.53,-0.439,0.841,0.828,0.343,0.62,0.628,0.256,0.754,-0.443,-0.107,0.489,0.732,-0.169,0.624,0.605,-0.534,0.597,0.437,0.47,0.439,0.6,0.479,0.342,0.617,-0.398,0.624,0.547,-0.644,0.672,0.333,-0.325,0.099,0.635,0.141,-0.155,0.087,-0.092,-0.053,0.067,0.002,-0.027,0.272,0.246,-0.295
MRNA,0.156,0.106,0.542,0.063,0.143,-0.147,0.289,-0.171,-0.392,0.793,-0.515,-0.567,0.173,0.294,0.185,0.495,0.346,-0.345,0.213,0.584,0.441,-0.165,0.597,0.679,0.387,0.513,-0.528,0.214,-0.394,-0.443,-0.007,0.24,0.186,0.612,0.429,0.166,-0.074,0.022,-0.319,0.204,-0.422,0.326,0.623,0.338,-0.319,0.063,-0.064,0.532,-0.179,0.491,1.0,-0.292,-0.391,0.204,0.206,0.789,-0.106,0.376,0.584,0.089,0.341,0.228,0.605,0.389,-0.478,0.486,0.151,0.712,-0.435,0.618,0.295,-0.313,0.192,-0.003,-0.152,-0.049,0.233,0.016,0.449,0.564,0.03,0.304,0.124,0.036,0.104,0.183,-0.242,-0.312,0.536,0.491,-0.348,0.467,0.375,0.324,0.553,0.652,-0.115,0.57,0.33,-0.4
MRVL,0.065,0.382,-0.514,0.208,-0.354,0.585,-0.265,0.273,0.787,-0.19,0.659,0.703,-0.474,-0.344,-0.161,-0.599,-0.487,0.532,0.066,-0.42,-0.353,0.685,-0.458,-0.298,-0.418,-0.3,0.493,-0.236,0.491,0.164,0.207,0.089,0.148,-0.455,-0.539,0.152,0.339,0.537,0.599,0.128,0.773,-0.422,-0.541,-0.166,0.125,-0.067,0.719,-0.597,0.627,-0.434,-0.292,1.0,0.645,-0.109,-0.073,-0.243,0.543,-0.431,-0.452,0.4,-0.567,-0.466,0.199,-0.439,0.377,0.205,0.248,-0.278,0.555,-0.327,-0.383,0.515,-0.519,0.287,0.064,0.105,-0.335,-0.113,0.173,-0.403,0.415,-0.456,0.118,0.316,-0.243,-0.245,0.15,0.381,-0.383,0.11,0.655,0.1,-0.172,-0.135,-0.033,-0.085,-0.11,-0.204,-0.155,0.607
MSFT,-0.017,0.438,-0.456,0.368,-0.306,0.542,-0.216,0.328,0.776,-0.225,0.556,0.778,-0.261,-0.111,-0.128,-0.539,-0.283,0.45,0.164,-0.275,-0.295,0.415,-0.305,-0.3,-0.419,-0.347,0.504,-0.065,0.518,0.262,0.25,0.225,0.273,-0.505,-0.526,0.011,0.366,0.611,0.624,0.005,0.632,-0.403,-0.502,-0.15,0.275,0.129,0.501,-0.556,0.567,-0.312,-0.391,0.645,1.0,-0.026,0.097,-0.348,0.353,-0.294,-0.377,0.352,-0.525,-0.388,-0.07,-0.306,0.493,0.198,0.149,-0.434,0.563,-0.415,-0.418,0.544,-0.401,0.287,0.126,0.118,-0.311,0.096,-0.13,-0.426,0.216,-0.326,0.091,0.282,-0.107,-0.114,0.116,0.562,-0.171,0.035,0.762,0.174,-0.224,-0.012,-0.147,-0.267,-0.066,-0.385,-0.03,0.718
MSTR,-0.223,0.47,0.519,0.547,0.502,0.132,0.523,-0.308,0.092,0.259,-0.212,-0.114,0.118,0.477,-0.135,0.52,0.567,0.242,0.198,0.4,0.328,-0.352,0.4,0.378,0.539,0.555,-0.022,0.492,-0.475,-0.262,-0.364,0.035,0.046,0.169,0.444,0.09,-0.259,0.094,-0.223,-0.003,0.012,0.369,0.401,0.689,-0.011,0.481,-0.159,0.595,0.26,0.507,0.204,-0.109,-0.026,1.0,0.23,0.149,-0.304,0.342,0.454,0.433,0.328,0.342,0.194,0.436,-0.164,0.045,0.46,0.433,0.109,0.634,0.325,-0.316,0.412,0.374,0.627,0.515,0.557,0.378,0.241,0.353,-0.085,0.694,0.631,-0.377,0.639,0.253,-0.032,0.34,0.39,0.173,0.164,0.047,-0.033,0.162,0.286,0.012,0.082,0.249,0.219,-0.064
MU,-0.034,0.068,0.336,0.426,0.182,0.238,0.25,0.056,0.057,0.185,-0.173,-0.147,0.486,0.318,0.225,0.394,0.479,-0.142,0.626,0.519,0.48,-0.164,0.452,0.305,0.337,0.308,0.002,0.3,-0.238,-0.14,0.075,0.577,0.56,0.284,0.437,-0.125,0.161,0.035,-0.034,0.131,-0.079,0.27,0.337,0.372,0.298,-0.021,0.038,0.285,-0.016,0.335,0.206,-0.073,0.097,0.23,1.0,0.191,-0.168,0.41,0.359,0.298,0.313,0.138,0.476,0.47,-0.189,0.203,0.503,0.261,-0.268,0.332,0.324,0.007,0.419,0.152,-0.001,-0.063,-0.135,0.034,0.378,0.492,-0.047,0.387,-0.008,-0.125,0.298,0.138,-0.202,0.064,0.6,0.594,0.086,0.391,0.181,0.302,0.039,0.205,-0.113,0.228,0.78,0.106
MVIS,0.052,0.081,0.465,0.052,0.071,-0.17,0.315,-0.019,-0.323,0.787,-0.472,-0.503,0.162,0.182,0.181,0.405,0.293,-0.402,0.3,0.565,0.534,-0.168,0.639,0.693,0.316,0.491,-0.492,0.218,-0.289,-0.34,0.016,0.197,0.154,0.443,0.354,0.093,-0.045,0.038,-0.348,0.181,-0.337,0.275,0.644,0.236,-0.18,0.018,-0.098,0.401,-0.063,0.53,0.789,-0.243,-0.348,0.149,0.191,1.0,-0.173,0.565,0.616,0.005,0.292,0.08,0.528,0.368,-0.342,0.469,0.07,0.681,-0.447,0.51,0.112,-0.196,0.067,-0.08,-0.111,-0.027,0.121,-0.071,0.299,0.507,-0.016,0.208,0.15,0.015,0.06,0.058,-0.404,-0.219,0.49,0.311,-0.288,0.515,0.301,0.348,0.455,0.536,0.049,0.545,0.372,-0.411
NFLX,0.342,0.041,-0.521,-0.144,-0.468,0.372,-0.472,0.068,0.308,-0.225,0.471,0.49,-0.514,-0.517,0.097,-0.518,-0.582,0.321,-0.216,-0.506,-0.435,0.564,-0.522,-0.359,-0.425,-0.427,0.206,-0.403,0.374,0.154,0.298,0.089,0.077,-0.203,-0.491,0.21,0.283,0.176,0.422,0.176,0.311,-0.568,-0.406,-0.369,-0.017,-0.286,0.499,-0.518,0.249,-0.439,-0.106,0.543,0.353,-0.304,-0.168,-0.173,1.0,-0.507,-0.526,0.082,-0.543,-0.438,0.115,-0.56,0.206,0.037,-0.079,-0.289,0.333,-0.444,-0.233,0.357,-0.586,0.238,-0.193,-0.18,-0.255,-0.284,0.169,-0.455,0.47,-0.487,-0.276,0.413,-0.475,-0.24,0.435,0.161,-0.448,0.218,0.315,-0.023,0.077,-0.121,0.028,0.037,-0.228,-0.185,-0.307,0.492
NNDM,-0.402,0.04,0.554,0.327,0.55,-0.052,0.471,-0.219,-0.293,0.43,-0.597,-0.43,0.344,0.575,-0.084,0.542,0.679,-0.07,0.513,0.496,0.566,-0.64,0.865,0.442,0.472,0.481,-0.067,0.55,-0.614,-0.335,-0.425,0.049,0.05,0.244,0.541,-0.397,-0.393,-0.219,-0.579,-0.324,-0.211,0.539,0.55,0.452,0.074,0.331,-0.431,0.558,-0.146,0.841,0.376,-0.431,-0.294,0.342,0.41,0.565,-0.507,1.0,0.743,0.239,0.487,0.46,0.219,0.666,-0.321,-0.067,0.376,0.586,-0.311,0.515,0.392,-0.368,0.471,0.219,0.281,0.204,0.341,0.314,0.207,0.518,-0.396,0.529,0.349,-0.567,0.524,0.232,-0.452,0.048,0.608,0.087,-0.138,0.143,-0.067,0.016,-0.021,-0.052,0.11,0.253,0.32,-0.265
NVAX,-0.304,0.182,0.647,0.279,0.487,-0.075,0.583,-0.372,-0.379,0.601,-0.689,-0.462,0.325,0.631,-0.075,0.671,0.688,-0.181,0.39,0.551,0.528,-0.549,0.876,0.581,0.622,0.692,-0.315,0.578,-0.592,-0.334,-0.419,0.092,0.091,0.435,0.602,-0.168,-0.461,-0.047,-0.597,-0.213,-0.333,0.682,0.724,0.57,-0.182,0.414,-0.432,0.685,-0.083,0.828,0.584,-0.452,-0.377,0.454,0.359,0.616,-0.526,0.743,1.0,0.245,0.572,0.513,0.4,0.712,-0.466,0.06,0.438,0.715,-0.229,0.657,0.518,-0.389,0.522,0.257,0.234,0.268,0.419,0.348,0.361,0.773,-0.34,0.578,0.5,-0.54,0.535,0.294,-0.369,-0.062,0.644,0.313,-0.25,0.226,0.042,0.082,0.222,0.266,-0.021,0.432,0.338,-0.299
NVDA,-0.401,0.643,0.272,0.664,0.474,0.641,0.33,-0.333,0.462,0.109,-0.062,0.3,-0.135,0.394,-0.374,0.213,0.375,0.572,0.486,0.134,0.062,-0.035,0.247,0.093,0.251,0.357,0.437,0.495,-0.342,-0.435,-0.369,0.161,0.18,0.011,0.141,-0.256,-0.268,0.273,-0.081,-0.279,0.517,0.258,0.125,0.602,-0.064,0.516,0.095,0.241,0.46,0.343,0.089,0.4,0.352,0.433,0.298,0.005,0.082,0.239,0.245,1.0,0.082,0.219,0.448,0.229,-0.182,-0.04,0.781,0.251,0.415,0.281,0.359,-0.093,0.214,0.735,0.574,0.519,0.233,0.434,0.631,0.203,-0.12,0.237,0.655,-0.403,0.602,0.186,-0.139,0.541,0.319,0.343,0.525,0.103,-0.247,-0.295,-0.099,-0.107,-0.234,-0.012,0.069,0.359
NWL,-0.228,0.066,0.747,0.087,0.575,-0.17,0.586,-0.313,-0.438,0.299,-0.667,-0.62,0.622,0.596,0.116,0.82,0.616,-0.352,0.22,0.589,0.499,-0.569,0.591,0.525,0.759,0.719,-0.377,0.484,-0.614,-0.482,-0.243,0.216,0.191,0.675,0.737,-0.014,-0.505,-0.398,-0.662,-0.187,-0.421,0.784,0.745,0.559,-0.198,0.285,-0.587,0.753,-0.213,0.62,0.341,-0.567,-0.525,0.328,0.313,0.292,-0.543,0.487,0.572,0.082,1.0,0.603,0.17,0.739,-0.496,-0.186,0.202,0.537,-0.377,0.597,0.621,-0.535,0.721,0.068,0.198,0.221,0.411,0.307,0.283,0.701,-0.348,0.604,0.3,-0.55,0.537,0.31,-0.261,-0.303,0.591,0.117,-0.459,0.142,0.096,0.076,0.059,0.056,0.074,0.334,0.267,-0.565
OCGN,-0.427,0.07,0.576,0.254,0.75,-0.098,0.381,-0.553,-0.309,0.146,-0.581,-0.423,0.233,0.795,-0.328,0.609,0.621,0.037,0.165,0.198,0.423,-0.495,0.496,0.183,0.487,0.424,-0.108,0.488,-0.74,-0.591,-0.588,-0.142,-0.167,0.319,0.49,-0.413,-0.564,-0.279,-0.622,-0.494,-0.161,0.644,0.431,0.543,-0.311,0.583,-0.593,0.631,-0.272,0.628,0.228,-0.466,-0.388,0.342,0.138,0.08,-0.438,0.46,0.513,0.219,0.603,1.0,-0.037,0.691,-0.529,-0.395,0.286,0.277,-0.12,0.43,0.572,-0.621,0.761,0.283,0.377,0.327,0.69,0.733,0.225,0.383,-0.57,0.588,0.393,-0.534,0.605,0.625,0.01,0.034,0.455,0.001,-0.301,-0.104,-0.181,-0.215,-0.153,-0.237,-0.115,-0.051,0.008,-0.349
