,AAL,AAPL,AGNC,AMAT,AMD,AMZN,APA,ARDX,AVGO,AZN,BIDU,BILI,BKR,CAN,CHRD,CMCSA,CPRT,CRWD,CSCO,CSX,DKNG,EBAY,ERIC,EXC,FITB,FLEX,FTNT,GEN,GERN,GEVO,GILD,GOOG,GOOGL,GT,HBAN,HST,INTC,IOVA,IQ,JBLU,JD,KDP,KHC,LRCX,LYFT,MARA,MCHP,MDLZ,META,MNST,MRNA,MRVL,MSFT,MSTR,MU,MVIS,NFLX,NNDM,NVAX,NVDA,NWL,OCGN,ON,OPK,PAA,PACB,PANW,PARA,PDD,PENN,PEP,PLUG,PTEN,PTON,PYPL,QCOM,QVCGA,RIOT,ROKU,RUN,SABR,SBUX,SMCI,SNDL,STNE,TCOM,TLRY,TMUS,TSCO,TSLA,TTD,TXN,UAL,VOD,VTRS,VXRT,WBA,WBD,WDC,ZM
AAL,1.0,0.538,0.643,0.744,0.643,0.135,0.815,0.619,0.799,-0.326,0.404,0.689,0.797,0.059,0.569,0.661,-0.303,0.854,0.712,-0.062,0.34,0.31,0.355,-0.646,0.729,0.354,0.813,0.324,-0.642,0.475,0.221,0.433,0.451,0.32,0.817,0.59,0.801,0.779,-0.525,0.556,-0.574,0.532,0.798,0.846,0.728,0.552,0.727,0.186,0.389,0.676,0.683,0.015,0.076,0.631,0.792,0.832,0.654,0.725,0.519,-0.188,0.609,-0.013,0.766,0.651,0.768,0.734,0.627,0.649,0.438,0.645,0.63,0.461,0.761,0.57,0.691,0.589,0.602,0.688,0.711,0.055,0.826,0.733,0.496,0.471,0.649,0.024,0.485,0.488,0.473,0.754,0.643,0.77,0.901,0.772,0.452,0.575,0.423,0.711,0.842,-0.225
AAPL,0.538,1.0,0.28,0.543,0.748,0.404,0.405,0.367,0.589,0.098,0.592,0.335,0.548,-0.384,0.21,0.385,0.127,0.469,0.659,-0.224,0.124,0.134,0.346,-0.312,0.509,0.127,0.724,0.598,-0.342,0.023,0.739,0.732,0.748,-0.127,0.551,0.361,0.725,0.628,-0.053,0.068,-0.547,0.281,0.485,0.672,0.574,0.405,0.56,0.496,0.714,0.743,0.704,-0.039,0.429,0.601,0.677,0.515,0.774,0.495,0.623,0.311,0.42,0.286,0.576,0.714,0.446,0.762,0.259,0.533,0.392,0.23,0.711,0.021,0.372,0.549,0.525,0.696,0.393,0.544,0.458,-0.278,0.424,0.499,0.492,0.669,0.278,0.324,0.557,0.752,0.456,0.423,0.476,0.69,0.571,0.536,0.275,0.557,0.535,0.446,0.674,-0.304
AGNC,0.643,0.28,1.0,0.762,0.603,0.387,0.759,0.453,0.546,-0.493,0.054,0.574,0.643,0.52,0.679,0.862,-0.316,0.467,0.634,0.244,0.567,0.666,0.575,-0.401,0.684,0.645,0.679,-0.048,-0.538,0.767,0.193,0.355,0.342,0.72,0.793,0.782,0.556,0.348,-0.576,0.654,-0.254,0.685,0.744,0.488,0.382,0.771,0.531,0.091,0.278,0.493,0.545,0.196,0.036,0.634,0.621,0.62,0.436,0.595,0.561,-0.133,0.717,0.152,0.518,0.496,0.697,0.275,0.672,0.755,0.307,0.645,0.353,0.585,0.7,0.557,0.799,0.369,0.805,0.658,0.635,0.577,0.805,0.476,0.406,0.45,0.755,-0.005,0.539,0.5,0.643,0.724,0.748,0.507,0.7,0.522,0.49,0.746,0.08,0.676,0.638,0.237
AMAT,0.744,0.543,0.762,1.0,0.756,0.343,0.819,0.556,0.742,-0.49,0.346,0.809,0.756,0.132,0.794,0.747,-0.294,0.657,0.845,-0.141,0.6,0.671,0.575,-0.642,0.737,0.566,0.788,0.157,-0.697,0.633,0.317,0.584,0.556,0.423,0.757,0.799,0.754,0.615,-0.556,0.465,-0.461,0.691,0.889,0.758,0.686,0.735,0.781,0.158,0.46,0.702,0.683,0.134,0.061,0.657,0.811,0.804,0.689,0.646,0.593,0.075,0.651,0.238,0.734,0.689,0.72,0.553,0.723,0.804,0.55,0.706,0.545,0.506,0.814,0.825,0.829,0.573,0.729,0.793,0.831,0.28,0.813,0.678,0.501,0.526,0.803,0.037,0.55,0.62,0.612,0.767,0.859,0.653,0.81,0.71,0.616,0.779,0.323,0.747,0.826,0.004
AMD,0.643,0.748,0.603,0.756,1.0,0.528,0.62,0.53,0.735,-0.346,0.271,0.614,0.642,0.113,0.59,0.64,-0.247,0.635,0.749,-0.162,0.481,0.581,0.513,-0.569,0.598,0.454,0.777,0.254,-0.562,0.474,0.54,0.67,0.715,0.184,0.762,0.628,0.851,0.624,-0.465,0.43,-0.498,0.647,0.694,0.79,0.576,0.757,0.753,0.294,0.646,0.716,0.844,0.334,0.219,0.845,0.809,0.711,0.741,0.766,0.811,0.174,0.717,0.447,0.588,0.865,0.57,0.625,0.531,0.826,0.334,0.5,0.592,0.246,0.571,0.754,0.823,0.54,0.771,0.758,0.737,0.154,0.698,0.52,0.338,0.843,0.664,0.108,0.721,0.776,0.707,0.724,0.789,0.806,0.733,0.612,0.502,0.859,0.295,0.774,0.778,0.062
AMZN,0.135,0.404,0.387,0.343,0.528,1.0,0.184,0.247,0.257,-0.377,-0.142,0.019,0.049,0.361,0.291,0.489,-0.053,0.009,0.39,0.035,0.442,0.59,0.553,-0.171,0.115,0.372,0.358,-0.191,-0.096,0.391,0.323,0.665,0.656,0.228,0.336,0.29,0.409,-0.003,-0.152,0.288,0.085,0.364,0.261,0.21,-0.039,0.508,0.283,0.394,0.695,0.227,0.403,0.547,0.605,0.559,0.315,0.19,0.447,0.368,0.573,0.47,0.546,0.358,0.138,0.318,0.166,0.052,0.183,0.493,-0.063,0.11,0.22,-0.018,0.11,0.337,0.584,0.155,0.546,0.298,0.214,0.43,0.367,0.029,-0.11,0.531,0.301,0.093,0.583,0.632,0.564,0.308,0.414,0.391,0.357,0.136,0.107,0.486,-0.005,0.361,0.292,0.421
APA,0.815,0.405,0.759,0.819,0.62,0.184,1.0,0.593,0.718,-0.42,0.385,0.717,0.827,0.198,0.662,0.731,-0.343,0.743,0.691,-0.009,0.442,0.447,0.354,-0.548,0.762,0.427,0.741,0.151,-0.641,0.645,0.108,0.355,0.381,0.467,0.832,0.698,0.69,0.686,-0.562,0.531,-0.466,0.643,0.829,0.691,0.658,0.642,0.65,0.099,0.313,0.594,0.613,0.016,-0.007,0.598,0.763,0.804,0.535,0.549,0.475,-0.25,0.596,0.057,0.697,0.573,0.727,0.555,0.714,0.704,0.408,0.695,0.517,0.628,0.895,0.631,0.749,0.438,0.674,0.691,0.783,0.257,0.798,0.811,0.415,0.391,0.753,-0.091,0.466,0.464,0.513,0.778,0.769,0.647,0.798,0.672,0.516,0.627,0.296,0.704,0.811,-0.055
ARDX,0.619,0.367,0.453,0.556,0.53,0.247,0.593,1.0,0.641,-0.346,0.346,0.576,0.5,0.113,0.459,0.513,-0.145,0.561,0.5,-0.188,0.328,0.318,0.282,-0.587,0.404,0.274,0.609,0.093,-0.468,0.493,0.178,0.383,0.344,0.145,0.596,0.37,0.56,0.602,-0.277,0.392,-0.322,0.484,0.54,0.58,0.406,0.49,0.55,0.024,0.325,0.448,0.574,0.194,0.17,0.557,0.538,0.681,0.476,0.515,0.626,-0.118,0.532,0.219,0.483,0.492,0.436,0.483,0.43,0.484,0.227,0.43,0.317,0.315,0.513,0.484,0.562,0.398,0.539,0.481,0.605,0.181,0.58,0.498,0.187,0.477,0.536,-0.086,0.5,0.42,0.582,0.559,0.543,0.559,0.566,0.512,0.259,0.554,0.228,0.588,0.567,-0.02
AVGO,0.799,0.589,0.546,0.742,0.735,0.257,0.718,0.641,1.0,-0.399,0.356,0.723,0.68,-0.027,0.575,0.623,-0.344,0.799,0.684,-0.11,0.399,0.378,0.589,-0.684,0.603,0.417,0.782,0.187,-0.631,0.401,0.358,0.538,0.553,0.223,0.737,0.563,0.79,0.826,-0.537,0.426,-0.606,0.596,0.726,0.874,0.64,0.561,0.81,0.273,0.559,0.693,0.728,0.159,0.174,0.701,0.786,0.813,0.729,0.706,0.584,-0.039,0.655,0.251,0.736,0.67,0.596,0.751,0.596,0.74,0.384,0.638,0.628,0.354,0.719,0.619,0.647,0.746,0.551,0.709,0.74,0.037,0.711,0.718,0.377,0.547,0.587,-0.038,0.448,0.612,0.486,0.78,0.668,0.858,0.71,0.745,0.495,0.627,0.306,0.754,0.781,-0.165
AZN,-0.326,0.098,-0.493,-0.49,-0.346,-0.377,-0.42,-0.346,-0.399,1.0,0.207,-0.397,-0.211,-0.495,-0.591,-0.523,0.436,-0.318,-0.354,0.042,-0.698,-0.715,-0.471,0.461,-0.233,-0.528,-0.254,0.493,0.397,-0.537,0.132,-0.172,-0.183,-0.493,-0.401,-0.468,-0.312,-0.134,0.63,-0.588,0.066,-0.532,-0.43,-0.335,-0.216,-0.489,-0.334,0.101,-0.162,-0.164,-0.25,-0.536,0.066,-0.428,-0.326,-0.383,-0.159,-0.464,-0.278,0.043,-0.575,-0.272,-0.195,-0.263,-0.216,0.04,-0.558,-0.507,0.096,-0.444,-0.026,-0.225,-0.429,-0.391,-0.459,-0.07,-0.446,-0.397,-0.411,-0.518,-0.53,-0.321,0.174,-0.283,-0.529,0.262,-0.253,-0.238,-0.366,-0.516,-0.504,-0.227,-0.439,-0.339,-0.417,-0.419,0.232,-0.559,-0.281,-0.299
BIDU,0.404,0.592,0.054,0.346,0.271,-0.142,0.385,0.346,0.356,0.207,1.0,0.408,0.567,-0.486,0.078,0.135,0.259,0.381,0.431,-0.427,-0.055,-0.166,-0.084,-0.163,0.442,-0.123,0.518,0.655,-0.263,-0.108,0.365,0.282,0.226,-0.264,0.311,0.136,0.321,0.59,0.146,-0.112,-0.5,0.118,0.397,0.443,0.591,0.047,0.366,0.151,0.271,0.565,0.357,-0.538,0.109,0.174,0.345,0.358,0.363,0.163,0.245,-0.035,0.008,-0.077,0.498,0.377,0.304,0.575,0.213,0.181,0.395,0.231,0.538,0.185,0.438,0.33,0.201,0.442,0.099,0.269,0.443,-0.403,0.128,0.598,0.384,0.144,0.123,0.127,0.105,0.3,0.17,0.272,0.308,0.279,0.307,0.467,0.178,0.157,0.583,0.188,0.373,-0.53
BILI,0.689,0.335,0.574,0.809,0.614,0.019,0.717,0.576,0.723,-0.397,0.408,1.0,0.743,0.128,0.711,0.522,-0.309,0.723,0.63,-0.231,0.487,0.477,0.422,-0.65,0.597,0.373,0.649,0.159,-0.72,0.563,0.055,0.296,0.241,0.253,0.577,0.648,0.582,0.685,-0.557,0.373,-0.515,0.62,0.773,0.686,0.649,0.519,0.725,-0.133,0.191,0.593,0.589,-0.02,-0.182,0.461,0.641,0.778,0.516,0.609,0.45,-0.15,0.454,0.173,0.697,0.564,0.584,0.539,0.689,0.647,0.529,0.722,0.423,0.6,0.823,0.68,0.635,0.462,0.589,0.658,0.914,0.215,0.625,0.628,0.446,0.304,0.692,-0.117,0.288,0.384,0.474,0.745,0.788,0.514,0.615,0.663,0.661,0.624,0.246,0.669,0.654,-0.064
BKR,0.797,0.548,0.643,0.756,0.642,0.049,0.827,0.5,0.68,-0.211,0.567,0.743,1.0,0.018,0.562,0.642,-0.139,0.744,0.73,-0.071,0.295,0.305,0.261,-0.44,0.859,0.282,0.756,0.508,-0.626,0.401,0.317,0.388,0.353,0.325,0.757,0.692,0.697,0.702,-0.353,0.432,-0.541,0.586,0.831,0.749,0.775,0.562,0.696,0.13,0.28,0.771,0.619,-0.147,-0.01,0.486,0.783,0.781,0.58,0.579,0.427,-0.174,0.462,-0.011,0.775,0.635,0.759,0.664,0.708,0.639,0.535,0.611,0.641,0.576,0.799,0.59,0.656,0.579,0.574,0.766,0.747,0.057,0.721,0.778,0.622,0.384,0.658,0.131,0.4,0.45,0.473,0.676,0.736,0.581,0.771,0.759,0.583,0.613,0.575,0.628,0.813,-0.267
CAN,0.059,-0.384,0.52,0.132,0.113,0.361,0.198,0.113,-0.027,-0.495,-0.486,0.128,0.018,1.0,0.454,0.408,-0.269,-0.023,0.032,0.292,0.361,0.563,0.244,-0.082,0.057,0.349,0.008,-0.474,-0.14,0.608,-0.362,-0.119,-0.122,0.621,0.176,0.283,-0.007,-0.244,-0.354,0.476,0.339,0.397,0.215,-0.106,-0.195,0.401,0.066,-0.307,-0.084,-0.16,0.088,0.438,-0.082,0.175,0.035,0.078,-0.088,0.18,0.183,-0.188,0.344,0.09,-0.099,-0.068,0.056,-0.393,0.328,0.366,-0.156,0.201,-0.247,0.346,0.131,0.14,0.416,-0.323,0.532,0.111,0.149,0.783,0.341,-0.095,-0.178,0.035,0.442,-0.254,0.14,0.069,0.421,0.23,0.329,-0.003,0.165,0.025,0.19,0.328,-0.395,0.28,0.011,0.677
CHRD,0.569,0.21,0.679,0.794,0.59,0.291,0.662,0.459,0.575,-0.591,0.078,0.711,0.562,0.454,1.0,0.63,-0.428,0.557,0.705,-0.172,0.649,0.751,0.479,-0.683,0.549,0.539,0.563,-0.063,-0.683,0.626,-0.037,0.298,0.332,0.41,0.576,0.752,0.586,0.418,-0.523,0.477,-0.167,0.765,0.729,0.557,0.484,0.688,0.63,-0.136,0.223,0.54,0.611,0.278,-0.152,0.549,0.662,0.636,0.504,0.517,0.529,-0.099,0.613,0.184,0.558,0.533,0.464,0.335,0.818,0.759,0.506,0.67,0.244,0.595,0.661,0.773,0.696,0.277,0.726,0.707,0.693,0.401,0.728,0.565,0.254,0.413,0.74,-0.135,0.409,0.46,0.598,0.661,0.814,0.509,0.669,0.672,0.639,0.739,0.143,0.68,0.645,0.2
CMCSA,0.661,0.385,0.862,0.747,0.64,0.489,0.731,0.513,0.623,-0.523,0.135,0.522,0.642,0.408,0.63,1.0,-0.271,0.495,0.707,0.225,0.497,0.685,0.608,-0.359,0.707,0.663,0.748,0.065,-0.531,0.663,0.299,0.565,0.578,0.636,0.849,0.744,0.629,0.393,-0.429,0.653,-0.215,0.687,0.753,0.577,0.411,0.733,0.622,0.316,0.5,0.507,0.542,0.22,0.309,0.688,0.615,0.57,0.461,0.625,0.568,-0.011,0.801,0.112,0.511,0.519,0.681,0.315,0.603,0.74,0.315,0.575,0.496,0.441,0.644,0.538,0.809,0.412,0.762,0.654,0.606,0.502,0.806,0.525,0.38,0.507,0.656,0.068,0.575,0.605,0.639,0.704,0.718,0.644,0.748,0.578,0.469,0.686,0.263,0.664,0.622,0.163
CPRT,-0.303,0.127,-0.316,-0.294,-0.247,-0.053,-0.343,-0.145,-0.344,0.436,0.259,-0.309,-0.139,-0.269,-0.428,-0.271,1.0,-0.332,-0.131,-0.017,-0.329,-0.372,-0.286,0.554,-0.144,-0.464,-0.145,0.357,0.464,-0.443,0.213,-0.079,-0.098,-0.377,-0.326,-0.413,-0.226,-0.154,0.539,-0.383,0.249,-0.266,-0.285,-0.287,-0.256,-0.34,-0.361,0.084,-0.058,-0.036,-0.166,-0.154,0.361,-0.32,-0.316,-0.363,-0.201,-0.361,-0.099,0.158,-0.397,-0.056,-0.142,-0.196,-0.348,-0.092,-0.417,-0.395,-0.021,-0.366,0.127,-0.214,-0.381,-0.251,-0.273,-0.163,-0.305,-0.36,-0.329,-0.199,-0.363,-0.247,-0.035,-0.109,-0.379,0.25,-0.078,-0.052,0.02,-0.41,-0.311,-0.313,-0.254,-0.289,-0.402,-0.256,0.227,-0.436,-0.272,-0.059
CRWD,0.854,0.469,0.467,0.657,0.635,0.009,0.743,0.561,0.799,-0.318,0.381,0.723,0.744,-0.023,0.557,0.495,-0.332,1.0,0.65,-0.169,0.358,0.241,0.301,-0.653,0.628,0.324,0.756,0.297,-0.714,0.351,0.135,0.33,0.39,0.2,0.709,0.559,0.741,0.808,-0.554,0.518,-0.599,0.533,0.671,0.831,0.732,0.469,0.746,0.087,0.286,0.676,0.675,0.014,-0.089,0.529,0.748,0.722,0.562,0.672,0.461,-0.243,0.442,0.103,0.661,0.689,0.64,0.719,0.651,0.614,0.465,0.638,0.549,0.454,0.73,0.613,0.572,0.53,0.51,0.687,0.732,-0.018,0.67,0.777,0.433,0.45,0.629,0.029,0.365,0.43,0.331,0.722,0.661,0.721,0.773,0.719,0.546,0.557,0.398,0.696,0.776,-0.18
CSCO,0.712,0.659,0.634,0.845,0.749,0.39,0.691,0.5,0.684,-0.354,0.431,0.63,0.73,0.032,0.705,0.707,-0.131,0.65,1.0,-0.145,0.466,0.538,0.518,-0.558,0.786,0.43,0.799,0.349,-0.652,0.388,0.471,0.62,0.675,0.237,0.758,0.7,0.812,0.632,-0.359,0.442,-0.428,0.582,0.756,0.743,0.673,0.609,0.72,0.319,0.525,0.815,0.764,0.071,0.175,0.653,0.791,0.658,0.63,0.616,0.669,0.056,0.591,0.091,0.715,0.782,0.597,0.628,0.66,0.73,0.562,0.534,0.657,0.407,0.656,0.732,0.751,0.563,0.665,0.7,0.679,0.061,0.753,0.707,0.442,0.621,0.592,0.229,0.566,0.683,0.622,0.589,0.732,0.694,0.827,0.795,0.434,0.745,0.513,0.663,0.834,-0.121
CSX,-0.062,-0.224,0.244,-0.141,-0.162,0.035,-0.009,-0.188,-0.11,0.042,-0.427,-0.231,-0.071,0.292,-0.172,0.225,-0.017,-0.169,-0.145,1.0,-0.25,0.035,0.172,0.484,0.123,0.32,-0.122,-0.187,0.28,0.084,-0.011,-0.044,0.018,0.511,0.145,0.164,-0.127,-0.308,0.027,0.33,0.3,-0.136,-0.111,-0.124,-0.176,-0.056,-0.158,0.35,-0.061,-0.195,-0.253,0.076,0.223,-0.167,-0.061,-0.16,-0.271,-0.166,-0.268,0.081,0.105,-0.139,-0.158,-0.206,0.203,-0.26,-0.042,-0.051,-0.171,-0.094,0.067,0.029,-0.093,-0.334,-0.093,-0.052,-0.064,-0.165,-0.256,0.282,0.059,-0.215,0.14,-0.201,-0.085,0.269,-0.119,-0.135,-0.12,-0.137,-0.195,-0.008,-0.054,-0.095,-0.135,-0.135,-0.086,-0.094,-0.066,0.165
DKNG,0.34,0.124,0.567,0.6,0.481,0.442,0.442,0.328,0.399,-0.698,-0.055,0.487,0.295,0.361,0.649,0.497,-0.329,0.358,0.466,-0.25,1.0,0.692,0.445,-0.526,0.241,0.514,0.484,-0.336,-0.475,0.544,-0.02,0.227,0.238,0.371,0.379,0.531,0.348,0.189,-0.638,0.355,-0.172,0.675,0.468,0.329,0.2,0.59,0.388,-0.21,0.16,0.267,0.405,0.378,-0.134,0.573,0.331,0.362,0.338,0.527,0.483,0.022,0.534,0.409,0.324,0.353,0.28,0.119,0.608,0.551,0.213,0.659,0.014,0.448,0.452,0.615,0.562,0.085,0.546,0.543,0.576,0.572,0.483,0.32,0.044,0.398,0.612,-0.264,0.363,0.447,0.473,0.652,0.697,0.257,0.448,0.271,0.556,0.626,-0.182,0.488,0.349,0.412
EBAY,0.31,0.134,0.666,0.671,0.581,0.59,0.447,0.318,0.378,-0.715,-0.166,0.477,0.305,0.563,0.751,0.685,-0.372,0.241,0.538,0.035,0.692,1.0,0.63,-0.406,0.4,0.669,0.412,-0.29,-0.393,0.68,0.114,0.456,0.455,0.566,0.499,0.709,0.464,0.105,-0.447,0.563,0.028,0.707,0.57,0.367,0.238,0.707,0.473,0.045,0.371,0.324,0.44,0.531,0.111,0.562,0.467,0.408,0.351,0.514,0.525,0.215,0.702,0.375,0.293,0.442,0.376,0.03,0.579,0.698,0.219,0.499,0.178,0.367,0.46,0.578,0.674,0.132,0.726,0.546,0.502,0.616,0.619,0.258,0.077,0.476,0.649,-0.042,0.486,0.495,0.633,0.574,0.69,0.376,0.524,0.406,0.51,0.676,-0.017,0.613,0.424,0.448
ERIC,0.355,0.346,0.575,0.575,0.513,0.553,0.354,0.282,0.589,-0.471,-0.084,0.422,0.261,0.244,0.479,0.608,-0.286,0.301,0.518,0.172,0.445,0.63,1.0,-0.369,0.34,0.524,0.47,-0.159,-0.358,0.436,0.255,0.537,0.536,0.421,0.496,0.574,0.468,0.235,-0.365,0.544,-0.188,0.505,0.417,0.458,0.263,0.477,0.468,0.315,0.539,0.361,0.442,0.321,0.326,0.497,0.455,0.392,0.43,0.464,0.469,0.287,0.601,0.272,0.359,0.473,0.397,0.238,0.391,0.564,0.282,0.364,0.385,0.231,0.394,0.391,0.519,0.593,0.472,0.444,0.419,0.353,0.579,0.263,0.239,0.384,0.362,0.21,0.418,0.538,0.434,0.508,0.51,0.531,0.423,0.489,0.377,0.526,0.094,0.485,0.439,0.219
EXC,-0.646,-0.312,-0.401,-0.642,-0.569,-0.171,-0.548,-0.587,-0.684,0.461,-0.163,-0.65,-0.44,-0.082,-0.683,-0.359,0.554,-0.653,-0.558,0.484,-0.526,-0.406,-0.369,1.0,-0.326,-0.227,-0.543,0.018,0.687,-0.485,-0.048,-0.338,-0.31,-0.121,-0.459,-0.451,-0.602,-0.597,0.562,-0.33,0.532,-0.544,-0.622,-0.632,-0.542,-0.523,-0.676,0.116,-0.272,-0.461,-0.633,-0.213,0.228,-0.616,-0.627,-0.733,-0.611,-0.68,-0.564,0.121,-0.519,-0.204,-0.558,-0.579,-0.401,-0.527,-0.573,-0.605,-0.311,-0.512,-0.22,-0.331,-0.58,-0.665,-0.597,-0.437,-0.548,-0.633,-0.658,-0.028,-0.625,-0.542,-0.175,-0.484,-0.632,0.217,-0.466,-0.437,-0.419,-0.62,-0.616,-0.593,-0.624,-0.6,-0.49,-0.594,-0.116,-0.655,-0.615,0.096
FITB,0.729,0.509,0.684,0.737,0.598,0.115,0.762,0.404,0.603,-0.233,0.442,0.597,0.859,0.057,0.549,0.707,-0.144,0.628,0.786,0.123,0.241,0.4,0.34,-0.326,1.0,0.402,0.696,0.452,-0.488,0.381,0.349,0.463,0.473,0.435,0.837,0.704,0.684,0.618,-0.337,0.547,-0.36,0.476,0.798,0.721,0.738,0.493,0.66,0.248,0.314,0.752,0.584,-0.093,0.043,0.493,0.766,0.683,0.519,0.516,0.412,-0.171,0.533,-0.102,0.762,0.641,0.739,0.634,0.629,0.648,0.554,0.634,0.638,0.542,0.703,0.56,0.61,0.499,0.572,0.611,0.595,0.05,0.696,0.686,0.597,0.393,0.582,0.236,0.4,0.401,0.425,0.544,0.592,0.554,0.747,0.786,0.406,0.575,0.521,0.685,0.815,-0.216
FLEX,0.354,0.127,0.645,0.566,0.454,0.372,0.427,0.274,0.417,-0.528,-0.123,0.373,0.282,0.349,0.539,0.663,-0.464,0.324,0.43,0.32,0.514,0.669,0.524,-0.227,0.402,1.0,0.472,-0.289,-0.383,0.495,0.174,0.355,0.41,0.604,0.593,0.727,0.382,0.09,-0.46,0.558,-0.096,0.507,0.425,0.379,0.208,0.585,0.442,0.304,0.322,0.293,0.285,0.309,0.069,0.47,0.419,0.286,0.251,0.393,0.316,0.162,0.634,0.306,0.198,0.284,0.587,0.058,0.571,0.599,0.158,0.498,0.168,0.232,0.46,0.402,0.493,0.247,0.486,0.507,0.448,0.506,0.524,0.325,0.235,0.321,0.531,0.047,0.248,0.356,0.269,0.551,0.561,0.419,0.476,0.352,0.445,0.493,-0.019,0.486,0.372,0.204
FTNT,0.813,0.724,0.679,0.788,0.777,0.358,0.741,0.609,0.782,-0.254,0.518,0.649,0.756,0.008,0.563,0.748,-0.145,0.756,0.799,-0.122,0.484,0.412,0.47,-0.543,0.696,0.472,1.0,0.387,-0.589,0.441,0.472,0.623,0.632,0.277,0.811,0.653,0.769,0.69,-0.406,0.414,-0.552,0.638,0.786,0.786,0.637,0.657,0.787,0.333,0.53,0.757,0.764,-0.025,0.233,0.78,0.748,0.678,0.704,0.736,0.711,0.052,0.682,0.195,0.723,0.729,0.739,0.698,0.63,0.756,0.499,0.643,0.674,0.421,0.699,0.727,0.79,0.62,0.696,0.76,0.749,0.146,0.725,0.713,0.566,0.626,0.669,0.154,0.6,0.769,0.608,0.781,0.777,0.788,0.816,0.673,0.533,0.762,0.464,0.689,0.76,-0.067
GEN,0.324,0.598,-0.048,0.157,0.254,-0.191,0.151,0.093,0.187,0.493,0.655,0.159,0.508,-0.474,-0.063,0.065,0.357,0.297,0.349,-0.187,-0.336,-0.29,-0.159,0.018,0.452,-0.289,0.387,1.0,-0.107,-0.319,0.43,0.29,0.295,-0.267,0.234,0.082,0.339,0.46,0.337,-0.111,-0.263,0.018,0.255,0.375,0.504,-0.045,0.289,0.245,0.201,0.499,0.338,-0.559,0.162,0.087,0.327,0.214,0.372,0.153,0.174,0.086,-0.051,-0.192,0.452,0.377,0.304,0.608,0.017,0.085,0.499,0.013,0.524,0.059,0.141,0.193,0.114,0.397,0.018,0.243,0.118,-0.552,0.108,0.313,0.587,0.162,-0.041,0.414,0.109,0.199,0.055,0.056,0.092,0.286,0.26,0.368,0.077,0.123,0.747,0.078,0.345,-0.457
GERN,-0.642,-0.342,-0.538,-0.697,-0.562,-0.096,-0.641,-0.468,-0.631,0.397,-0.263,-0.72,-0.626,-0.14,-0.683,-0.531,0.464,-0.714,-0.652,0.28,-0.475,-0.393,-0.358,0.687,-0.488,-0.383,-0.589,-0.107,1.0,-0.478,-0.081,-0.327,-0.307,-0.267,-0.566,-0.632,-0.59,-0.608,0.547,-0.368,0.541,-0.528,-0.619,-0.589,-0.588,-0.551,-0.665,0.125,-0.241,-0.563,-0.559,-0.026,0.255,-0.41,-0.626,-0.65,-0.511,-0.593,-0.427,0.299,-0.371,-0.139,-0.441,-0.533,-0.471,-0.451,-0.651,-0.646,-0.419,-0.542,-0.251,-0.404,-0.684,-0.634,-0.614,-0.452,-0.575,-0.682,-0.746,-0.178,-0.616,-0.642,-0.379,-0.371,-0.598,0.158,-0.298,-0.425,-0.371,-0.601,-0.717,-0.52,-0.622,-0.603,-0.645,-0.6,-0.185,-0.613,-0.647,0.111
GEVO,0.475,0.023,0.767,0.633,0.474,0.391,0.645,0.493,0.401,-0.537,-0.108,0.563,0.401,0.608,0.626,0.663,-0.443,0.351,0.388,0.084,0.544,0.68,0.436,-0.485,0.381,0.495,0.441,-0.319,-0.478,1.0,-0.102,0.271,0.178,0.621,0.567,0.587,0.388,0.205,-0.535,0.545,-0.134,0.6,0.652,0.313,0.194,0.761,0.492,-0.111,0.214,0.204,0.349,0.391,-0.037,0.524,0.405,0.581,0.304,0.524,0.457,-0.153,0.616,0.201,0.337,0.331,0.49,0.05,0.485,0.622,0.136,0.538,0.088,0.568,0.597,0.508,0.752,0.069,0.803,0.516,0.658,0.72,0.624,0.245,0.062,0.362,0.767,-0.244,0.517,0.357,0.636,0.623,0.671,0.371,0.518,0.255,0.415,0.627,-0.128,0.623,0.416,0.354
GILD,0.221,0.739,0.193,0.317,0.54,0.323,0.108,0.178,0.358,0.132,0.365,0.055,0.317,-0.362,-0.037,0.299,0.213,0.135,0.471,-0.011,-0.02,0.114,0.255,-0.048,0.349,0.174,0.472,0.43,-0.081,-0.102,1.0,0.624,0.605,-0.022,0.358,0.241,0.507,0.315,0.106,0.004,-0.382,0.097,0.292,0.393,0.293,0.32,0.358,0.659,0.581,0.536,0.427,0.011,0.441,0.436,0.418,0.245,0.456,0.348,0.449,0.402,0.351,0.313,0.264,0.511,0.304,0.417,0.052,0.356,0.087,-0.083,0.596,-0.258,0.133,0.265,0.333,0.551,0.233,0.364,0.152,-0.276,0.23,0.265,0.309,0.599,0.126,0.422,0.453,0.589,0.341,0.171,0.212,0.458,0.329,0.276,0.041,0.396,0.417,0.237,0.379,-0.306
GOOG,0.433,0.732,0.355,0.584,0.67,0.665,0.355,0.383,0.538,-0.172,0.282,0.296,0.388,-0.119,0.298,0.565,-0.079,0.33,0.62,-0.044,0.227,0.456,0.537,-0.338,0.463,0.355,0.623,0.29,-0.327,0.271,0.624,1.0,0.909,0.157,0.543,0.464,0.671,0.417,-0.052,0.302,-0.299,0.337,0.539,0.597,0.448,0.496,0.682,0.604,0.833,0.529,0.558,0.217,0.565,0.572,0.604,0.49,0.713,0.592,0.59,0.467,0.558,0.254,0.424,0.6,0.47,0.476,0.236,0.586,0.309,0.204,0.594,-0.039,0.332,0.516,0.615,0.534,0.534,0.529,0.407,0.032,0.479,0.337,0.357,0.613,0.372,0.335,0.662,0.727,0.47,0.385,0.471,0.646,0.565,0.452,0.282,0.538,0.473,0.519,0.575,-0.046
GOOGL,0.451,0.748,0.342,0.556,0.715,0.656,0.381,0.344,0.553,-0.183,0.226,0.241,0.353,-0.122,0.332,0.578,-0.098,0.39,0.675,0.018,0.238,0.455,0.536,-0.31,0.473,0.41,0.632,0.295,-0.307,0.178,0.605,0.909,1.0,0.11,0.615,0.473,0.737,0.437,-0.12,0.359,-0.259,0.35,0.459,0.652,0.467,0.452,0.607,0.674,0.847,0.549,0.656,0.222,0.585,0.634,0.661,0.406,0.66,0.531,0.616,0.451,0.591,0.277,0.413,0.676,0.43,0.541,0.26,0.592,0.321,0.237,0.63,-0.03,0.306,0.513,0.583,0.506,0.483,0.488,0.361,-0.054,0.513,0.382,0.316,0.676,0.31,0.364,0.636,0.729,0.426,0.409,0.46,0.751,0.6,0.52,0.244,0.534,0.467,0.522,0.62,-0.005
GT,0.32,-0.127,0.72,0.423,0.184,0.228,0.467,0.145,0.223,-0.493,-0.264,0.253,0.325,0.621,0.41,0.636,-0.377,0.2,0.237,0.511,0.371,0.566,0.421,-0.121,0.435,0.604,0.277,-0.267,-0.267,0.621,-0.022,0.157,0.11,1.0,0.459,0.627,0.185,-0.028,-0.455,0.654,0.007,0.418,0.501,0.183,0.221,0.472,0.323,0.068,0.071,0.114,0.11,0.161,-0.065,0.229,0.314,0.314,0.136,0.316,0.086,-0.087,0.499,0.098,0.184,0.084,0.53,-0.108,0.531,0.512,0.006,0.372,0.099,0.422,0.459,0.246,0.483,0.104,0.483,0.376,0.275,0.608,0.501,0.235,0.282,0.033,0.602,-0.011,0.166,0.186,0.262,0.396,0.434,0.181,0.396,0.264,0.423,0.361,-0.129,0.434,0.302,0.297
HBAN,0.817,0.551,0.793,0.757,0.762,0.336,0.832,0.596,0.737,-0.401,0.311,0.577,0.757,0.176,0.576,0.849,-0.326,0.709,0.758,0.145,0.379,0.499,0.496,-0.459,0.837,0.593,0.811,0.234,-0.566,0.567,0.358,0.543,0.615,0.459,1.0,0.728,0.784,0.624,-0.486,0.702,-0.411,0.598,0.764,0.785,0.633,0.677,0.687,0.355,0.503,0.663,0.681,0.146,0.2,0.75,0.789,0.709,0.552,0.661,0.608,-0.112,0.764,0.1,0.651,0.733,0.783,0.591,0.6,0.749,0.395,0.642,0.609,0.443,0.723,0.579,0.763,0.533,0.713,0.674,0.678,0.216,0.838,0.667,0.421,0.619,0.652,0.13,0.606,0.549,0.546,0.742,0.688,0.777,0.837,0.724,0.416,0.68,0.375,0.784,0.802,-0.083
HST,0.59,0.361,0.782,0.799,0.628,0.29,0.698,0.37,0.563,-0.468,0.136,0.648,0.692,0.283,0.752,0.744,-0.413,0.559,0.7,0.164,0.531,0.709,0.574,-0.451,0.704,0.727,0.653,0.082,-0.632,0.587,0.241,0.464,0.473,0.627,0.728,1.0,0.612,0.366,-0.455,0.614,-0.262,0.676,0.709,0.588,0.581,0.694,0.618,0.214,0.303,0.584,0.522,0.117,-0.077,0.516,0.719,0.597,0.469,0.569,0.437,0.082,0.678,0.182,0.511,0.56,0.774,0.345,0.814,0.788,0.455,0.582,0.374,0.502,0.735,0.644,0.671,0.452,0.657,0.772,0.668,0.351,0.762,0.618,0.549,0.403,0.695,0.169,0.413,0.495,0.449,0.665,0.803,0.533,0.725,0.672,0.711,0.713,0.305,0.628,0.688,0.033
INTC,0.801,0.725,0.556,0.754,0.851,0.409,0.69,0.56,0.79,-0.312,0.321,0.582,0.697,-0.007,0.586,0.629,-0.226,0.741,0.812,-0.127,0.348,0.464,0.468,-0.602,0.684,0.382,0.769,0.339,-0.59,0.388,0.507,0.671,0.737,0.185,0.784,0.612,1.0,0.765,-0.379,0.502,-0.505,0.578,0.723,0.845,0.641,0.671,0.757,0.391,0.602,0.796,0.863,0.228,0.257,0.732,0.897,0.779,0.744,0.758,0.726,0.042,0.682,0.293,0.659,0.823,0.601,0.774,0.551,0.764,0.386,0.462,0.715,0.251,0.623,0.631,0.73,0.613,0.693,0.757,0.648,-0.031,0.761,0.667,0.378,0.783,0.573,0.199,0.674,0.674,0.604,0.668,0.676,0.852,0.851,0.738,0.43,0.745,0.504,0.783,0.895,-0.111
IOVA,0.779,0.628,0.348,0.615,0.624,-0.003,0.686,0.602,0.826,-0.134,0.59,0.685,0.702,-0.244,0.418,0.393,-0.154,0.808,0.632,-0.308,0.189,0.105,0.235,-0.597,0.618,0.09,0.69,0.46,-0.608,0.205,0.315,0.417,0.437,-0.028,0.624,0.366,0.765,1.0,-0.368,0.251,-0.661,0.42,0.628,0.802,0.706,0.377,0.686,0.11,0.393,0.724,0.714,-0.13,0.011,0.51,0.715,0.79,0.68,0.612,0.516,-0.245,0.377,0.097,0.727,0.667,0.455,0.878,0.454,0.549,0.445,0.529,0.641,0.326,0.696,0.548,0.489,0.591,0.447,0.588,0.661,-0.253,0.517,0.758,0.423,0.464,0.428,-0.016,0.34,0.473,0.391,0.644,0.514,0.702,0.625,0.682,0.349,0.498,0.426,0.666,0.77,-0.351
IQ,-0.525,-0.053,-0.576,-0.556,-0.465,-0.152,-0.562,-0.277,-0.537,0.63,0.146,-0.557,-0.353,-0.354,-0.523,-0.429,0.539,-0.554,-0.359,0.027,-0.638,-0.447,-0.365,0.562,-0.337,-0.46,-0.406,0.337,0.547,-0.535,0.106,-0.052,-0.12,-0.455,-0.486,-0.455,-0.379,-0.368,1.0,-0.456,0.383,-0.381,-0.499,-0.482,-0.372,-0.405,-0.438,0.18,-0.055,-0.268,-0.396,-0.289,0.346,-0.482,-0.472,-0.519,-0.324,-0.507,-0.277,0.263,-0.444,-0.24,-0.373,-0.356,-0.394,-0.237,-0.559,-0.593,-0.03,-0.653,-0.09,-0.329,-0.568,-0.489,-0.516,-0.202,-0.462,-0.391,-0.567,-0.364,-0.553,-0.395,-0.132,-0.257,-0.659,0.312,-0.193,-0.265,-0.245,-0.609,-0.528,-0.35,-0.494,-0.37,-0.436,-0.462,0.385,-0.626,-0.482,-0.216
JBLU,0.556,0.068,0.654,0.465,0.43,0.288,0.531,0.392,0.426,-0.588,-0.112,0.373,0.432,0.476,0.477,0.653,-0.383,0.518,0.442,0.33,0.355,0.563,0.544,-0.33,0.547,0.558,0.414,-0.111,-0.368,0.545,0.004,0.302,0.359,0.654,0.702,0.614,0.502,0.251,-0.456,1.0,-0.101,0.475,0.5,0.516,0.428,0.499,0.462,0.184,0.249,0.295,0.413,0.321,0.075,0.428,0.513,0.445,0.202,0.544,0.364,-0.109,0.596,0.098,0.304,0.499,0.567,0.182,0.515,0.519,0.152,0.424,0.331,0.356,0.476,0.294,0.517,0.254,0.553,0.453,0.384,0.373,0.699,0.378,0.162,0.353,0.541,0.258,0.422,0.23,0.34,0.528,0.475,0.458,0.622,0.554,0.339,0.453,0.176,0.626,0.5,0.176
JD,-0.574,-0.547,-0.254,-0.461,-0.498,0.085,-0.466,-0.322,-0.606,0.066,-0.5,-0.515,-0.541,0.339,-0.167,-0.215,0.249,-0.599,-0.428,0.3,-0.172,0.028,-0.188,0.532,-0.36,-0.096,-0.552,-0.263,0.541,-0.134,-0.382,-0.299,-0.259,0.007,-0.411,-0.262,-0.505,-0.661,0.383,-0.101,1.0,-0.257,-0.474,-0.591,-0.602,-0.333,-0.57,-0.121,-0.32,-0.559,-0.519,0.151,0.12,-0.424,-0.537,-0.567,-0.531,-0.522,-0.33,0.144,-0.198,-0.199,-0.508,-0.527,-0.404,-0.609,-0.367,-0.394,-0.154,-0.34,-0.508,-0.139,-0.541,-0.349,-0.388,-0.603,-0.281,-0.538,-0.544,0.231,-0.351,-0.549,-0.342,-0.372,-0.396,0.054,-0.243,-0.47,-0.203,-0.511,-0.413,-0.506,-0.463,-0.446,-0.43,-0.368,-0.277,-0.465,-0.54,0.443
KDP,0.532,0.281,0.685,0.691,0.647,0.364,0.643,0.484,0.596,-0.532,0.118,0.62,0.586,0.397,0.765,0.687,-0.266,0.533,0.582,-0.136,0.675,0.707,0.505,-0.544,0.476,0.507,0.638,0.018,-0.528,0.6,0.097,0.337,0.35,0.418,0.598,0.676,0.578,0.42,-0.381,0.475,-0.257,1.0,0.651,0.508,0.344,0.784,0.583,-0.029,0.334,0.497,0.606,0.306,0.045,0.679,0.555,0.571,0.501,0.627,0.634,-0.009,0.672,0.353,0.506,0.508,0.484,0.334,0.682,0.688,0.37,0.604,0.361,0.559,0.614,0.605,0.714,0.289,0.737,0.788,0.667,0.481,0.68,0.498,0.242,0.517,0.694,-0.128,0.516,0.561,0.693,0.795,0.833,0.564,0.622,0.489,0.656,0.744,0.256,0.624,0.541,0.256
KHC,0.798,0.485,0.744,0.889,0.694,0.261,0.829,0.54,0.726,-0.43,0.397,0.773,0.831,0.215,0.729,0.753,-0.285,0.671,0.756,-0.111,0.468,0.57,0.417,-0.622,0.798,0.425,0.786,0.255,-0.619,0.652,0.292,0.539,0.459,0.501,0.764,0.709,0.723,0.628,-0.499,0.5,-0.474,0.651,1.0,0.753,0.719,0.704,0.835,0.132,0.414,0.69,0.651,0.07,0.056,0.65,0.789,0.836,0.682,0.681,0.521,-0.074,0.677,0.126,0.796,0.636,0.733,0.568,0.715,0.804,0.482,0.704,0.59,0.582,0.826,0.763,0.842,0.505,0.759,0.77,0.798,0.248,0.786,0.679,0.471,0.473,0.846,0.002,0.535,0.579,0.609,0.749,0.799,0.645,0.819,0.724,0.593,0.717,0.375,0.799,0.787,-0.076
LRCX,0.846,0.672,0.488,0.758,0.79,0.21,0.691,0.58,0.874,-0.335,0.443,0.686,0.749,-0.106,0.557,0.577,-0.287,0.831,0.743,-0.124,0.329,0.367,0.458,-0.632,0.721,0.379,0.786,0.375,-0.589,0.313,0.393,0.597,0.652,0.183,0.785,0.588,0.845,0.802,-0.482,0.516,-0.591,0.508,0.753,1.0,0.851,0.511,0.846,0.314,0.562,0.77,0.771,0.094,0.159,0.655,0.878,0.816,0.745,0.717,0.564,0.014,0.591,0.168,0.757,0.823,0.675,0.818,0.592,0.707,0.484,0.628,0.714,0.319,0.648,0.686,0.624,0.698,0.525,0.707,0.714,-0.091,0.712,0.699,0.487,0.589,0.597,0.14,0.499,0.574,0.434,0.702,0.657,0.843,0.782,0.841,0.489,0.621,0.461,0.773,0.87,-0.221
LYFT,0.728,0.574,0.382,0.686,0.576,-0.039,0.658,0.406,0.64,-0.216,0.591,0.649,0.775,-0.195,0.484,0.411,-0.256,0.732,0.673,-0.176,0.2,0.238,0.263,-0.542,0.738,0.208,0.637,0.504,-0.588,0.194,0.293,0.448,0.467,0.221,0.633,0.581,0.641,0.706,-0.372,0.428,-0.602,0.344,0.719,0.851,1.0,0.316,0.728,0.174,0.355,0.723,0.602,-0.243,-0.083,0.38,0.792,0.725,0.623,0.506,0.312,-0.033,0.341,0.014,0.712,0.724,0.646,0.726,0.615,0.568,0.52,0.523,0.635,0.373,0.683,0.642,0.483,0.627,0.352,0.607,0.624,-0.251,0.572,0.742,0.599,0.313,0.537,0.192,0.272,0.395,0.216,0.527,0.576,0.581,0.671,0.842,0.535,0.45,0.512,0.635,0.786,-0.389
MARA,0.552,0.405,0.771,0.735,0.757,0.508,0.642,0.49,0.561,-0.489,0.047,0.519,0.562,0.401,0.688,0.733,-0.34,0.469,0.609,-0.056,0.59,0.707,0.477,-0.523,0.493,0.585,0.657,-0.045,-0.551,0.761,0.32,0.496,0.452,0.472,0.677,0.694,0.671,0.377,-0.405,0.499,-0.333,0.784,0.704,0.511,0.316,1.0,0.638,0.136,0.469,0.527,0.627,0.442,0.102,0.763,0.628,0.638,0.57,0.689,0.704,0.027,0.748,0.414,0.441,0.597,0.559,0.31,0.604,0.773,0.217,0.495,0.339,0.406,0.586,0.658,0.841,0.323,0.874,0.858,0.67,0.524,0.701,0.414,0.186,0.711,0.772,-0.026,0.702,0.654,0.786,0.752,0.818,0.604,0.672,0.398,0.538,0.857,0.168,0.701,0.601,0.219
MCHP,0.727,0.56,0.531,0.781,0.753,0.283,0.65,0.55,0.81,-0.334,0.366,0.725,0.696,0.066,0.63,0.622,-0.361,0.746,0.72,-0.158,0.388,0.473,0.468,-0.676,0.66,0.442,0.787,0.289,-0.665,0.492,0.358,0.682,0.607,0.323,0.687,0.618,0.757,0.686,-0.438,0.462,-0.57,0.583,0.835,0.846,0.728,0.638,1.0,0.234,0.551,0.688,0.718,0.125,0.083,0.644,0.785,0.782,0.76,0.768,0.586,0.017,0.589,0.262,0.683,0.712,0.644,0.646,0.608,0.79,0.48,0.6,0.601,0.36,0.645,0.76,0.755,0.587,0.69,0.777,0.768,0.129,0.655,0.62,0.48,0.556,0.746,0.083,0.522,0.648,0.513,0.671,0.737,0.769,0.718,0.705,0.595,0.71,0.411,0.803,0.759,-0.076
MDLZ,0.186,0.496,0.091,0.158,0.294,0.394,0.099,0.024,0.273,0.101,0.151,-0.133,0.13,-0.307,-0.136,0.316,0.084,0.087,0.319,0.35,-0.21,0.045,0.315,0.116,0.248,0.304,0.333,0.245,0.125,-0.111,0.659,0.604,0.674,0.068,0.355,0.214,0.391,0.11,0.18,0.184,-0.121,-0.029,0.132,0.314,0.174,0.136,0.234,1.0,0.634,0.302,0.19,0.018,0.667,0.296,0.304,0.069,0.245,0.151,0.182,0.536,0.35,0.065,0.153,0.287,0.386,0.257,-0.022,0.188,-0.038,-0.171,0.62,-0.314,0.085,-0.009,0.187,0.433,0.049,0.173,-0.02,-0.248,0.207,0.197,0.159,0.333,-0.061,0.527,0.317,0.385,0.059,0.07,0.033,0.483,0.303,0.213,-0.083,0.075,0.45,0.085,0.25,-0.287
META,0.389,0.714,0.278,0.46,0.646,0.695,0.313,0.325,0.559,-0.162,0.271,0.191,0.28,-0.084,0.223,0.5,-0.058,0.286,0.525,-0.061,0.16,0.371,0.539,-0.272,0.314,0.322,0.53,0.201,-0.241,0.214,0.581,0.833,0.847,0.071,0.503,0.303,0.602,0.393,-0.055,0.249,-0.32,0.334,0.414,0.562,0.355,0.469,0.551,0.634,1.0,0.472,0.538,0.278,0.683,0.591,0.515,0.395,0.69,0.439,0.546,0.454,0.506,0.303,0.385,0.542,0.335,0.446,0.157,0.509,0.159,0.154,0.593,-0.054,0.288,0.412,0.565,0.519,0.435,0.446,0.363,0.015,0.394,0.291,0.097,0.578,0.271,0.166,0.562,0.713,0.464,0.43,0.43,0.714,0.473,0.398,0.156,0.408,0.348,0.436,0.483,-0.074
MNST,0.676,0.743,0.493,0.702,0.716,0.227,0.594,0.448,0.693,-0.164,0.565,0.593,0.771,-0.16,0.54,0.507,-0.036,0.676,0.815,-0.195,0.267,0.324,0.361,-0.461,0.752,0.293,0.757,0.499,-0.563,0.204,0.536,0.529,0.549,0.114,0.663,0.584,0.796,0.724,-0.268,0.295,-0.559,0.497,0.69,0.77,0.723,0.527,0.688,0.302,0.472,1.0,0.768,-0.047,0.134,0.544,0.828,0.684,0.708,0.551,0.585,0.003,0.459,0.171,0.741,0.755,0.566,0.795,0.64,0.674,0.468,0.503,0.749,0.348,0.62,0.627,0.576,0.687,0.535,0.725,0.618,-0.15,0.555,0.705,0.509,0.584,0.501,0.238,0.426,0.619,0.518,0.55,0.652,0.64,0.693,0.769,0.479,0.661,0.55,0.696,0.828,-0.304
MRNA,0.683,0.704,0.545,0.683,0.844,0.403,0.613,0.574,0.728,-0.25,0.357,0.589,0.619,0.088,0.611,0.542,-0.166,0.675,0.764,-0.253,0.405,0.44,0.442,-0.633,0.584,0.285,0.764,0.338,-0.559,0.349,0.427,0.558,0.656,0.11,0.681,0.522,0.863,0.714,-0.396,0.413,-0.519,0.606,0.651,0.771,0.602,0.627,0.718,0.19,0.538,0.768,1.0,0.171,0.167,0.768,0.85,0.688,0.749,0.725,0.871,0.008,0.601,0.381,0.645,0.827,0.44,0.757,0.572,0.779,0.387,0.502,0.587,0.338,0.536,0.694,0.73,0.545,0.714,0.699,0.646,-0.016,0.671,0.598,0.361,0.785,0.592,0.111,0.659,0.712,0.677,0.657,0.721,0.784,0.733,0.72,0.44,0.826,0.376,0.759,0.819,0.065
MRVL,0.015,-0.039,0.196,0.134,0.334,0.547,0.016,0.194,0.159,-0.536,-0.538,-0.02,-0.147,0.438,0.278,0.22,-0.154,0.014,0.071,0.076,0.378,0.531,0.321,-0.213,-0.093,0.309,-0.025,-0.559,-0.026,0.391,0.011,0.217,0.222,0.161,0.146,0.117,0.228,-0.13,-0.289,0.321,0.151,0.306,0.07,0.094,-0.243,0.442,0.125,0.018,0.278,-0.047,0.171,1.0,0.217,0.363,0.139,0.125,0.115,0.274,0.328,0.111,0.398,0.451,-0.11,0.154,-0.107,-0.19,0.07,0.282,-0.235,0.076,-0.094,-0.084,-0.105,0.15,0.29,-0.118,0.371,0.165,0.075,0.5,0.291,-0.175,-0.427,0.488,0.305,-0.158,0.446,0.268,0.442,0.153,0.184,0.21,0.201,-0.05,0.027,0.324,-0.304,0.291,0.096,0.415
MSFT,0.076,0.429,0.036,0.061,0.219,0.605,-0.007,0.17,0.174,0.066,0.109,-0.182,-0.01,-0.082,-0.152,0.309,0.361,-0.089,0.175,0.223,-0.134,0.111,0.326,0.228,0.043,0.069,0.233,0.162,0.255,-0.037,0.441,0.565,0.585,-0.065,0.2,-0.077,0.257,0.011,0.346,0.075,0.12,0.045,0.056,0.159,-0.083,0.102,0.083,0.667,0.683,0.134,0.167,0.217,1.0,0.247,0.111,-0.008,0.241,0.054,0.277,0.528,0.251,0.125,0.096,0.135,0.072,0.118,-0.211,0.044,-0.016,-0.149,0.478,-0.194,-0.114,-0.073,0.203,0.267,0.093,0.0,-0.08,0.03,0.129,-0.068,-0.07,0.299,-0.127,0.286,0.365,0.394,0.293,0.047,0.0,0.376,0.158,0.042,-0.196,0.041,0.339,-0.009,0.092,0.053
MSTR,0.631,0.601,0.634,0.657,0.845,0.559,0.598,0.557,0.701,-0.428,0.174,0.461,0.486,0.175,0.549,0.688,-0.32,0.529,0.653,-0.167,0.573,0.562,0.497,-0.616,0.493,0.47,0.78,0.087,-0.41,0.524,0.436,0.572,0.634,0.229,0.75,0.516,0.732,0.51,-0.482,0.428,-0.424,0.679,0.65,0.655,0.38,0.763,0.644,0.296,0.591,0.544,0.768,0.363,0.247,1.0,0.653,0.611,0.66,0.747,0.83,0.11,0.861,0.399,0.58,0.708,0.53,0.543,0.48,0.753,0.188,0.534,0.47,0.254,0.512,0.635,0.799,0.431,0.749,0.685,0.62,0.227,0.694,0.456,0.162,0.818,0.62,-0.016,0.756,0.733,0.697,0.765,0.69,0.773,0.708,0.506,0.377,0.795,0.168,0.726,0.627,0.118
MU,0.792,0.677,0.621,0.811,0.809,0.315,0.763,0.538,0.786,-0.326,0.345,0.641,0.783,0.035,0.662,0.615,-0.316,0.748,0.791,-0.061,0.331,0.467,0.455,-0.627,0.766,0.419,0.748,0.327,-0.626,0.405,0.418,0.604,0.661,0.314,0.789,0.719,0.897,0.715,-0.472,0.513,-0.537,0.555,0.789,0.878,0.792,0.628,0.785,0.304,0.515,0.828,0.85,0.139,0.111,0.653,1.0,0.83,0.779,0.666,0.624,0.023,0.625,0.236,0.718,0.792,0.682,0.764,0.707,0.827,0.426,0.554,0.65,0.367,0.695,0.707,0.718,0.686,0.648,0.779,0.672,-0.034,0.792,0.736,0.536,0.641,0.688,0.161,0.575,0.612,0.516,0.646,0.731,0.79,0.84,0.846,0.555,0.743,0.446,0.81,0.958,-0.13
MVIS,0.832,0.515,0.62,0.804,0.711,0.19,0.804,0.681,0.813,-0.383,0.358,0.778,0.781,0.078,0.636,0.57,-0.363,0.722,0.658,-0.16,0.362,0.408,0.392,-0.733,0.683,0.286,0.678,0.214,-0.65,0.581,0.245,0.49,0.406,0.314,0.709,0.597,0.779,0.79,-0.519,0.445,-0.567,0.571,0.836,0.816,0.725,0.638,0.782,0.069,0.395,0.684,0.688,0.125,-0.008,0.611,0.83,1.0,0.757,0.714,0.56,-0.151,0.607,0.151,0.762,0.661,0.667,0.712,0.641,0.717,0.365,0.589,0.551,0.456,0.778,0.661,0.707,0.593,0.661,0.745,0.791,0.093,0.73,0.674,0.429,0.49,0.715,-0.083,0.524,0.484,0.564,0.714,0.711,0.687,0.747,0.721,0.494,0.677,0.292,0.787,0.861,-0.181
NFLX,0.654,0.774,0.436,0.689,0.741,0.447,0.535,0.476,0.729,-0.159,0.363,0.516,0.58,-0.088,0.504,0.461,-0.201,0.562,0.63,-0.271,0.338,0.351,0.43,-0.611,0.519,0.251,0.704,0.372,-0.511,0.304,0.456,0.713,0.66,0.136,0.552,0.469,0.744,0.68,-0.324,0.202,-0.531,0.501,0.682,0.745,0.623,0.57,0.76,0.245,0.69,0.708,0.749,0.115,0.241,0.66,0.779,0.757,1.0,0.634,0.622,0.198,0.532,0.309,0.732,0.632,0.521,0.768,0.503,0.714,0.425,0.477,0.558,0.257,0.536,0.695,0.664,0.641,0.571,0.726,0.585,-0.038,0.546,0.517,0.467,0.561,0.564,0.029,0.525,0.713,0.521,0.612,0.637,0.723,0.641,0.606,0.468,0.645,0.352,0.678,0.773,-0.126
NNDM,0.725,0.495,0.595,0.646,0.766,0.368,0.549,0.515,0.706,-0.464,0.163,0.609,0.579,0.18,0.517,0.625,-0.361,0.672,0.616,-0.166,0.527,0.514,0.464,-0.68,0.516,0.393,0.736,0.153,-0.593,0.524,0.348,0.592,0.531,0.316,0.661,0.569,0.758,0.612,-0.507,0.544,-0.522,0.627,0.681,0.717,0.506,0.689,0.768,0.151,0.439,0.551,0.725,0.274,0.054,0.747,0.666,0.714,0.634,1.0,0.739,-0.012,0.699,0.295,0.538,0.696,0.566,0.549,0.523,0.734,0.25,0.501,0.455,0.256,0.55,0.597,0.737,0.433,0.743,0.737,0.665,0.208,0.688,0.487,0.349,0.701,0.651,0.013,0.663,0.622,0.607,0.724,0.674,0.692,0.736,0.54,0.523,0.762,0.252,0.741,0.646,0.054
NVAX,0.519,0.623,0.561,0.593,0.811,0.573,0.475,0.626,0.584,-0.278,0.245,0.45,0.427,0.183,0.529,0.568,-0.099,0.461,0.669,-0.268,0.483,0.525,0.469,-0.564,0.412,0.316,0.711,0.174,-0.427,0.457,0.449,0.59,0.616,0.086,0.608,0.437,0.726,0.516,-0.277,0.364,-0.33,0.634,0.521,0.564,0.312,0.704,0.586,0.182,0.546,0.585,0.871,0.328,0.277,0.83,0.624,0.56,0.622,0.739,1.0,0.109,0.661,0.433,0.454,0.74,0.351,0.522,0.397,0.685,0.256,0.37,0.424,0.221,0.378,0.62,0.746,0.384,0.784,0.611,0.575,0.187,0.596,0.392,0.177,0.86,0.535,0.071,0.807,0.731,0.815,0.605,0.673,0.673,0.619,0.477,0.292,0.851,0.239,0.634,0.612,0.226
NVDA,-0.188,0.311,-0.133,0.075,0.174,0.47,-0.25,-0.118,-0.039,0.043,-0.035,-0.15,-0.174,-0.188,-0.099,-0.011,0.158,-0.243,0.056,0.081,0.022,0.215,0.287,0.121,-0.171,0.162,0.052,0.086,0.299,-0.153,0.402,0.467,0.451,-0.087,-0.112,0.082,0.042,-0.245,0.263,-0.109,0.144,-0.009,-0.074,0.014,-0.033,0.027,0.017,0.536,0.454,0.003,0.008,0.111,0.528,0.11,0.023,-0.151,0.198,-0.012,0.109,1.0,0.134,0.279,-0.011,0.081,0.109,-0.065,-0.123,0.013,-0.024,-0.257,0.189,-0.33,-0.15,0.091,0.075,0.207,-0.08,0.05,-0.133,-0.086,-0.019,-0.184,0.06,0.144,-0.091,0.367,0.168,0.267,0.029,-0.04,0.022,0.101,0.004,-0.073,0.021,0.027,0.212,-0.152,-0.075,0.087
NWL,0.609,0.42,0.717,0.651,0.717,0.546,0.596,0.532,0.655,-0.575,0.008,0.454,0.462,0.344,0.613,0.801,-0.397,0.442,0.591,0.105,0.534,0.702,0.601,-0.519,0.533,0.634,0.682,-0.051,-0.371,0.616,0.351,0.558,0.591,0.499,0.764,0.678,0.682,0.377,-0.444,0.596,-0.198,0.672,0.677,0.591,0.341,0.748,0.589,0.35,0.506,0.459,0.601,0.398,0.251,0.861,0.625,0.607,0.532,0.699,0.661,0.134,1.0,0.309,0.49,0.559,0.615,0.391,0.565,0.776,0.14,0.496,0.415,0.291,0.554,0.555,0.742,0.402,0.724,0.652,0.561,0.358,0.743,0.448,0.204,0.661,0.6,0.035,0.652,0.603,0.63,0.707,0.659,0.7,0.704,0.548,0.419,0.732,0.138,0.72,0.578,0.143
OCGN,-0.013,0.286,0.152,0.238,0.447,0.358,0.057,0.219,0.251,-0.272,-0.077,0.173,-0.011,0.09,0.184,0.112,-0.056,0.103,0.091,-0.139,0.409,0.375,0.272,-0.204,-0.102,0.306,0.195,-0.192,-0.139,0.201,0.313,0.254,0.277,0.098,0.1,0.182,0.293,0.097,-0.24,0.098,-0.199,0.353,0.126,0.168,0.014,0.414,0.262,0.065,0.303,0.171,0.381,0.451,0.125,0.399,0.236,0.151,0.309,0.295,0.433,0.279,0.309,1.0,-0.021,0.266,-0.033,0.093,0.145,0.389,-0.13,0.102,0.109,-0.088,0.071,0.324,0.315,0.163,0.292,0.33,0.258,0.21,0.119,0.045,-0.071,0.517,0.333,-0.063,0.284,0.429,0.343,0.311,0.369,0.262,0.1,-0.007,0.355,0.463,-0.183,0.32,0.124,0.25
ON,0.766,0.576,0.518,0.734,0.588,0.138,0.697,0.483,0.736,-0.195,0.498,0.697,0.775,-0.099,0.558,0.511,-0.142,0.661,0.715,-0.158,0.324,0.293,0.359,-0.558,0.762,0.198,0.723,0.452,-0.441,0.337,0.264,0.424,0.413,0.184,0.651,0.511,0.659,0.727,-0.373,0.304,-0.508,0.506,0.796,0.757,0.712,0.441,0.683,0.153,0.385,0.741,0.645,-0.11,0.096,0.58,0.718,0.762,0.732,0.538,0.454,-0.011,0.49,-0.021,1.0,0.602,0.648,0.792,0.617,0.579,0.591,0.705,0.639,0.602,0.727,0.608,0.593,0.584,0.485,0.644,0.65,-0.068,0.618,0.627,0.483,0.351,0.561,0.059,0.342,0.466,0.452,0.678,0.596,0.625,0.693,0.725,0.417,0.527,0.482,0.646,0.768,-0.284
OPK,0.651,0.714,0.496,0.689,0.865,0.318,0.573,0.492,0.67,-0.263,0.377,0.564,0.635,-0.068,0.533,0.519,-0.196,0.689,0.782,-0.206,0.353,0.442,0.473,-0.579,0.641,0.284,0.729,0.377,-0.533,0.331,0.511,0.6,0.676,0.084,0.733,0.56,0.823,0.667,-0.356,0.499,-0.527,0.508,0.636,0.823,0.724,0.597,0.712,0.287,0.542,0.755,0.827,0.154,0.135,0.708,0.792,0.661,0.632,0.696,0.74,0.081,0.559,0.266,0.602,1.0,0.518,0.694,0.471,0.662,0.469,0.443,0.653,0.263,0.525,0.701,0.662,0.57,0.629,0.679,0.629,-0.076,0.651,0.56,0.358,0.799,0.535,0.28,0.702,0.658,0.569,0.604,0.65,0.744,0.706,0.707,0.392,0.746,0.456,0.727,0.777,-0.093
