,AAL,AAPL,AGNC,AMAT,AMD,AMZN,APA,ARDX,AVGO,AZN,BIDU,BILI,BKR,CAN,CHRD,CMCSA,CPRT,CRWD,CSCO,CSX,DKNG,EBAY,ERIC,EXC,FITB,FLEX,FTNT,GEN,GERN,GEVO,GILD,GOOG,GOOGL,GT,HBAN,HST,INTC,IOVA,IQ,JBLU,JD,KDP,KHC,LRCX,LYFT,MARA,MCHP,MDLZ,META,MNST,MRNA,MRVL,MSFT,MSTR,MU,MVIS,NFLX,NNDM,NVAX,NVDA,NWL,OCGN,ON,OPK,PAA,PACB,PANW,PARA,PDD,PENN,PEP,PLUG,PTEN,PTON,PYPL,QCOM,QVCGA,RIOT,ROKU,RUN,SABR,SBUX,SMCI,SNDL,STNE,TCOM,TLRY,TMUS,TSCO,TSLA,TTD,TXN,UAL,VOD,VTRS,VXRT,WBA,WBD,WDC,ZM
AAL,1.0,-0.519,0.46,-0.329,0.078,-0.646,0.688,0.285,-0.325,-0.092,-0.486,-0.57,0.6,0.306,0.835,-0.202,0.511,-0.47,-0.258,0.321,0.747,-0.618,-0.455,0.382,0.732,0.677,-0.197,0.315,-0.529,0.523,-0.378,-0.332,-0.366,-0.142,0.669,0.766,0.595,0.164,0.508,0.828,-0.487,-0.084,0.496,-0.427,0.725,-0.02,-0.193,0.391,-0.071,-0.255,-0.032,-0.433,-0.585,0.45,0.376,-0.308,-0.572,0.619,-0.682,-0.56,0.028,0.753,-0.219,-0.624,0.667,-0.107,-0.416,0.385,-0.516,0.628,-0.282,-0.565,0.724,-0.64,-0.594,-0.405,-0.048,0.017,-0.472,-0.506,0.684,0.653,0.673,0.651,-0.281,-0.342,0.408,-0.027,-0.569,-0.612,-0.629,-0.322,0.823,0.334,0.261,-0.58,0.406,0.712,0.557,-0.658
AAPL,-0.519,1.0,-0.059,0.73,0.382,0.789,-0.375,-0.182,0.628,0.594,0.61,0.372,0.003,-0.192,-0.481,0.735,0.071,0.654,0.575,0.242,-0.473,0.885,0.544,0.251,-0.42,-0.255,0.31,0.207,0.494,-0.678,0.553,0.782,0.752,0.616,-0.461,-0.351,-0.098,0.296,-0.23,-0.278,0.569,0.579,0.14,0.844,-0.551,0.113,0.577,0.164,0.473,0.722,0.409,0.711,0.856,0.005,-0.02,0.602,0.732,-0.545,0.735,0.866,0.452,-0.497,0.51,0.734,-0.495,0.749,0.762,0.156,0.443,-0.207,0.715,0.644,-0.457,0.82,0.649,0.781,0.402,0.191,0.648,0.712,-0.204,-0.109,-0.444,-0.266,0.532,0.518,-0.326,0.032,0.918,0.717,0.686,0.839,-0.451,-0.007,0.234,0.641,-0.467,-0.457,-0.104,0.658
AGNC,0.46,-0.059,1.0,-0.055,0.179,-0.228,0.513,0.261,0.067,0.332,-0.172,-0.404,0.595,0.197,0.481,0.233,0.623,-0.337,0.133,0.661,0.292,-0.104,0.059,0.465,0.457,0.542,-0.181,0.191,-0.175,0.09,-0.115,0.022,-0.043,0.319,0.373,0.638,0.469,0.175,0.294,0.702,-0.085,0.158,0.439,0.061,0.352,-0.17,0.224,0.579,0.003,0.188,0.261,-0.033,-0.158,0.647,0.403,-0.066,-0.135,0.078,-0.263,-0.088,0.353,0.172,0.175,-0.095,0.418,0.212,-0.036,0.558,-0.31,0.246,0.234,-0.288,0.405,-0.315,-0.214,0.087,0.241,-0.052,-0.104,-0.031,0.576,0.647,0.281,0.53,-0.101,0.114,0.09,-0.259,-0.159,-0.08,-0.284,0.148,0.661,0.549,0.507,-0.036,0.281,0.548,0.454,-0.471
AMAT,-0.329,0.73,-0.055,1.0,0.577,0.694,-0.185,0.203,0.736,0.405,0.755,0.399,0.184,-0.027,-0.219,0.701,0.37,0.776,0.59,0.397,-0.214,0.731,0.54,0.444,-0.258,-0.209,0.43,0.492,0.487,-0.517,0.507,0.86,0.837,0.511,-0.299,-0.11,0.156,0.606,0.225,-0.107,0.641,0.681,0.239,0.854,-0.277,0.071,0.701,0.359,0.696,0.791,0.098,0.69,0.837,0.174,0.197,0.454,0.607,-0.318,0.484,0.801,0.463,-0.385,0.391,0.578,-0.168,0.701,0.716,0.187,0.515,-0.239,0.64,0.471,-0.118,0.614,0.627,0.804,0.516,0.289,0.576,0.481,-0.043,0.217,-0.156,-0.234,0.698,0.625,-0.146,0.095,0.646,0.584,0.763,0.831,-0.279,0.121,0.285,0.307,-0.162,-0.302,0.099,0.659
AMD,0.078,0.382,0.179,0.577,1.0,0.402,-0.016,0.01,0.428,0.308,0.453,-0.036,0.232,0.215,0.122,0.383,0.452,0.51,0.369,0.349,0.136,0.331,0.123,0.583,0.09,0.121,0.477,0.639,-0.058,-0.169,0.113,0.63,0.599,0.31,0.055,0.177,0.439,0.658,0.203,0.211,0.439,0.674,0.461,0.505,0.029,0.04,0.676,0.461,0.653,0.521,0.293,0.623,0.395,0.247,0.353,0.229,0.472,-0.13,0.017,0.601,0.229,0.036,0.635,0.179,0.17,0.468,0.661,0.232,-0.041,0.078,0.46,-0.027,0.232,0.229,0.184,0.392,0.207,0.249,0.615,0.371,0.22,0.463,0.157,0.255,0.319,0.29,0.096,-0.086,0.232,0.357,0.249,0.583,0.021,0.042,0.235,-0.017,-0.087,0.088,0.295,0.182
AMZN,-0.646,0.789,-0.228,0.694,0.402,1.0,-0.491,-0.234,0.56,0.455,0.782,0.502,-0.167,-0.288,-0.62,0.604,-0.012,0.703,0.541,0.087,-0.638,0.814,0.63,0.118,-0.602,-0.517,0.428,0.095,0.423,-0.571,0.437,0.749,0.801,0.444,-0.583,-0.523,-0.268,0.257,-0.277,-0.474,0.609,0.47,-0.083,0.772,-0.566,-0.065,0.593,0.056,0.527,0.645,0.263,0.779,0.861,-0.106,-0.047,0.401,0.873,-0.678,0.633,0.865,0.274,-0.624,0.472,0.795,-0.56,0.574,0.811,-0.125,0.572,-0.452,0.684,0.677,-0.52,0.723,0.677,0.707,0.386,0.135,0.725,0.738,-0.217,-0.221,-0.575,-0.445,0.456,0.638,-0.371,-0.061,0.681,0.884,0.833,0.749,-0.578,-0.144,-0.004,0.553,-0.41,-0.51,-0.304,0.668
APA,0.688,-0.375,0.513,-0.185,-0.016,-0.491,1.0,0.46,-0.156,-0.007,-0.414,-0.437,0.642,0.39,0.789,-0.069,0.516,-0.435,-0.255,0.45,0.66,-0.434,-0.268,0.453,0.79,0.737,-0.256,0.405,-0.289,0.477,-0.071,-0.208,-0.255,0.001,0.77,0.663,0.62,0.187,0.498,0.757,-0.486,0.018,0.555,-0.289,0.578,0.083,-0.036,0.532,-0.005,-0.085,0.055,-0.399,-0.426,0.483,0.389,-0.071,-0.457,0.535,-0.56,-0.457,0.269,0.481,-0.15,-0.391,0.544,-0.106,-0.347,0.625,-0.354,0.559,-0.145,-0.491,0.672,-0.594,-0.418,-0.241,0.072,0.086,-0.294,-0.421,0.648,0.581,0.63,0.544,-0.092,-0.131,0.355,0.009,-0.417,-0.489,-0.431,-0.162,0.828,0.517,0.429,-0.434,0.59,0.722,0.701,-0.591
ARDX,0.285,-0.182,0.261,0.203,0.01,-0.234,0.46,1.0,0.233,-0.112,-0.027,0.055,0.348,0.392,0.456,-0.082,0.513,0.092,-0.09,0.399,0.535,-0.162,-0.095,0.254,0.459,0.174,0.27,0.347,0.113,0.174,0.062,0.03,0.001,-0.115,0.447,0.323,0.442,0.38,0.419,0.376,-0.075,0.038,0.117,-0.102,0.588,0.31,0.038,0.173,0.23,0.089,-0.463,-0.169,0.07,0.385,0.192,-0.152,-0.373,0.564,-0.324,-0.157,0.157,0.312,-0.422,-0.203,0.483,-0.003,-0.22,0.186,0.062,0.306,-0.162,-0.179,0.45,-0.268,0.177,0.114,0.128,0.435,-0.4,-0.459,0.328,0.55,0.534,0.048,0.457,0.102,0.145,0.243,-0.236,-0.412,0.003,-0.04,0.403,0.436,0.115,-0.407,0.604,0.386,0.498,-0.027
AVGO,-0.325,0.628,0.067,0.736,0.428,0.56,-0.156,0.233,1.0,0.303,0.635,0.531,0.304,0.02,-0.178,0.544,0.321,0.682,0.664,0.394,-0.158,0.732,0.387,0.347,-0.18,-0.276,0.597,0.265,0.662,-0.587,0.399,0.64,0.611,0.358,-0.334,-0.012,0.221,0.362,0.23,-0.033,0.748,0.493,0.03,0.661,-0.241,0.103,0.674,0.209,0.415,0.668,-0.104,0.706,0.75,0.356,0.301,0.319,0.458,-0.225,0.335,0.638,0.492,-0.339,0.313,0.622,-0.041,0.543,0.638,0.158,0.521,-0.257,0.591,0.418,-0.25,0.548,0.757,0.853,0.558,0.346,0.464,0.322,0.049,0.171,-0.259,-0.201,0.567,0.523,-0.318,-0.08,0.616,0.449,0.647,0.725,-0.117,0.213,0.202,0.211,-0.181,-0.326,0.131,0.574
AZN,-0.092,0.594,0.332,0.405,0.308,0.455,-0.007,-0.112,0.303,1.0,0.308,0.007,0.254,0.088,-0.195,0.587,0.276,0.236,0.401,0.371,-0.28,0.466,0.551,0.33,-0.201,0.086,0.074,0.218,0.1,-0.381,0.262,0.476,0.462,0.584,-0.236,0.006,-0.046,0.368,-0.063,0.106,0.329,0.464,0.254,0.516,-0.244,0.036,0.441,0.409,0.312,0.549,0.607,0.423,0.434,0.254,0.045,0.524,0.478,-0.386,0.345,0.498,0.447,-0.237,0.489,0.411,-0.189,0.726,0.427,0.287,0.112,0.097,0.433,0.308,-0.15,0.327,0.234,0.453,0.422,0.138,0.437,0.591,0.191,0.158,-0.274,0.078,0.375,0.541,-0.144,-0.149,0.538,0.486,0.347,0.549,-0.012,0.316,0.397,0.401,-0.232,-0.081,0.112,0.17
BIDU,-0.486,0.61,-0.172,0.755,0.453,0.782,-0.414,-0.027,0.635,0.308,1.0,0.534,-0.016,-0.055,-0.413,0.408,0.081,0.727,0.449,0.062,-0.376,0.668,0.581,0.146,-0.409,-0.414,0.551,0.162,0.364,-0.35,0.26,0.639,0.668,0.222,-0.477,-0.307,-0.132,0.327,0.102,-0.308,0.776,0.44,-0.051,0.62,-0.322,0.022,0.566,0.034,0.453,0.724,0.003,0.761,0.724,0.07,0.018,0.278,0.651,-0.417,0.422,0.703,0.228,-0.43,0.405,0.558,-0.196,0.537,0.708,-0.111,0.645,-0.46,0.526,0.486,-0.311,0.561,0.658,0.703,0.289,0.293,0.603,0.541,-0.157,-0.041,-0.378,-0.262,0.451,0.752,-0.073,0.025,0.484,0.704,0.783,0.664,-0.475,-0.115,0.123,0.218,-0.21,-0.428,-0.184,0.645
BILI,-0.57,0.372,-0.404,0.399,-0.036,0.502,-0.437,0.055,0.531,0.007,0.534,1.0,-0.194,-0.181,-0.492,0.144,-0.231,0.485,0.283,-0.156,-0.35,0.505,0.283,-0.181,-0.478,-0.515,0.463,-0.136,0.667,-0.428,0.404,0.221,0.248,0.029,-0.514,-0.485,-0.229,-0.091,0.044,-0.434,0.462,0.048,-0.368,0.3,-0.316,0.028,0.215,-0.306,0.09,0.308,-0.285,0.387,0.557,-0.119,0.002,0.188,0.347,-0.205,0.352,0.382,0.228,-0.412,0.009,0.488,-0.318,0.071,0.293,-0.234,0.825,-0.303,0.252,0.562,-0.539,0.48,0.752,0.485,0.288,0.157,0.234,0.172,-0.212,-0.35,-0.473,-0.601,0.393,0.413,-0.369,0.095,0.437,0.362,0.655,0.272,-0.462,-0.141,-0.291,0.178,-0.152,-0.463,-0.155,0.648
BKR,0.6,0.003,0.595,0.184,0.232,-0.167,0.642,0.348,0.304,0.254,-0.016,-0.194,1.0,0.168,0.626,0.39,0.755,-0.086,0.218,0.692,0.462,0.013,0.01,0.74,0.567,0.472,-0.022,0.491,0.002,0.019,0.073,0.169,0.132,0.247,0.39,0.744,0.666,0.391,0.666,0.739,0.046,0.314,0.613,0.152,0.337,-0.076,0.346,0.683,0.209,0.34,0.063,0.093,-0.047,0.747,0.515,0.017,-0.173,0.266,-0.277,-0.091,0.636,0.257,0.091,-0.016,0.552,0.379,0.059,0.688,-0.047,0.287,0.286,-0.225,0.449,-0.269,-0.107,0.297,0.492,0.144,-0.045,-0.082,0.65,0.672,0.33,0.513,0.012,0.141,0.041,-0.309,-0.075,-0.119,-0.099,0.292,0.683,0.611,0.539,-0.238,0.27,0.421,0.61,-0.315
CAN,0.306,-0.192,0.197,-0.027,0.215,-0.288,0.39,0.392,0.02,0.088,-0.055,-0.181,0.168,1.0,0.39,-0.295,0.183,-0.008,-0.331,0.115,0.525,-0.315,-0.259,0.145,0.491,0.411,0.317,0.387,-0.272,0.385,-0.229,-0.078,-0.137,-0.207,0.416,0.267,0.406,0.295,0.279,0.332,-0.021,-0.013,0.241,-0.292,0.486,0.587,-0.062,0.165,0.122,0.059,0.015,-0.084,-0.185,0.213,0.087,0.15,-0.19,0.471,-0.452,-0.176,-0.103,0.409,0.065,-0.429,0.577,-0.019,-0.16,0.181,-0.251,0.47,-0.269,-0.476,0.445,-0.339,-0.081,-0.165,-0.146,0.548,-0.078,-0.227,0.279,0.381,0.476,0.455,0.199,0.113,0.457,0.026,-0.243,-0.326,-0.273,-0.165,0.351,0.241,0.227,-0.562,0.331,0.453,0.512,-0.168
CHRD,0.835,-0.481,0.481,-0.219,0.122,-0.62,0.789,0.456,-0.178,-0.195,-0.413,-0.492,0.626,0.39,1.0,-0.166,0.579,-0.335,-0.197,0.372,0.866,-0.484,-0.472,0.507,0.898,0.661,-0.104,0.492,-0.421,0.56,-0.273,-0.209,-0.292,-0.156,0.822,0.824,0.727,0.3,0.572,0.827,-0.387,-0.006,0.543,-0.363,0.756,-0.005,-0.123,0.479,-0.021,-0.131,-0.111,-0.385,-0.486,0.569,0.346,-0.304,-0.582,0.631,-0.67,-0.479,0.085,0.671,-0.247,-0.581,0.775,-0.158,-0.351,0.473,-0.45,0.499,-0.213,-0.698,0.839,-0.62,-0.473,-0.286,-0.059,0.021,-0.406,-0.547,0.638,0.724,0.824,0.66,-0.199,-0.34,0.444,-0.036,-0.529,-0.64,-0.556,-0.211,0.843,0.351,0.331,-0.58,0.456,0.683,0.68,-0.552
CMCSA,-0.202,0.735,0.233,0.701,0.383,0.604,-0.069,-0.082,0.544,0.587,0.408,0.144,0.39,-0.295,-0.166,1.0,0.439,0.446,0.712,0.59,-0.32,0.705,0.573,0.567,-0.196,-0.04,-0.024,0.372,0.382,-0.613,0.554,0.79,0.776,0.822,-0.247,0.082,0.167,0.471,0.052,0.069,0.4,0.667,0.389,0.877,-0.359,-0.201,0.69,0.574,0.527,0.679,0.407,0.585,0.683,0.297,0.199,0.444,0.577,-0.503,0.551,0.679,0.692,-0.445,0.466,0.637,-0.29,0.748,0.639,0.481,0.28,-0.147,0.783,0.44,-0.123,0.553,0.345,0.704,0.701,-0.023,0.539,0.599,0.133,0.248,-0.256,-0.066,0.412,0.463,-0.328,-0.208,0.668,0.618,0.555,0.854,-0.074,0.273,0.438,0.578,-0.292,-0.146,0.043,0.395
CPRT,0.511,0.071,0.623,0.37,0.452,-0.012,0.516,0.513,0.321,0.276,0.081,-0.231,0.755,0.183,0.579,0.439,1.0,0.066,0.309,0.775,0.419,0.04,0.107,0.803,0.45,0.467,0.121,0.621,-0.022,0.007,0.022,0.382,0.35,0.35,0.41,0.679,0.679,0.68,0.541,0.715,0.073,0.478,0.567,0.3,0.461,-0.102,0.471,0.725,0.504,0.454,0.046,0.178,0.168,0.706,0.549,-0.064,-0.068,0.141,-0.189,0.092,0.507,0.252,0.093,0.039,0.551,0.394,0.185,0.554,-0.093,0.256,0.345,-0.125,0.526,-0.189,-0.014,0.343,0.515,0.198,-0.06,-0.005,0.653,0.875,0.386,0.387,0.254,0.221,0.034,-0.168,-0.095,-0.007,0.067,0.391,0.576,0.566,0.461,-0.151,0.28,0.442,0.596,-0.192
CRWD,-0.47,0.654,-0.337,0.776,0.51,0.703,-0.435,0.092,0.682,0.236,0.727,0.485,-0.086,-0.008,-0.335,0.446,0.066,1.0,0.511,0.038,-0.21,0.657,0.368,0.164,-0.349,-0.505,0.628,0.36,0.422,-0.477,0.295,0.767,0.782,0.296,-0.355,-0.31,-0.049,0.513,-0.089,-0.398,0.753,0.525,-0.047,0.672,-0.327,0.24,0.462,0.012,0.654,0.554,-0.041,0.707,0.8,-0.074,-0.063,0.322,0.588,-0.331,0.427,0.76,0.089,-0.333,0.304,0.521,-0.228,0.521,0.72,-0.17,0.509,-0.298,0.434,0.387,-0.177,0.675,0.687,0.643,0.253,0.373,0.565,0.413,-0.218,-0.019,-0.141,-0.29,0.692,0.405,-0.118,0.171,0.594,0.488,0.769,0.664,-0.509,-0.123,-0.002,0.258,-0.388,-0.504,-0.13,0.816
CSCO,-0.258,0.575,0.133,0.59,0.369,0.541,-0.255,-0.09,0.664,0.401,0.449,0.283,0.218,-0.331,-0.197,0.712,0.309,0.511,1.0,0.453,-0.363,0.652,0.49,0.271,-0.348,-0.271,0.229,0.155,0.425,-0.573,0.283,0.573,0.593,0.624,-0.4,-0.006,0.048,0.3,0.027,-0.028,0.565,0.488,-0.002,0.729,-0.275,-0.253,0.66,0.269,0.282,0.49,0.112,0.615,0.668,0.336,0.27,0.123,0.425,-0.443,0.427,0.623,0.426,-0.404,0.438,0.606,-0.271,0.474,0.643,0.099,0.278,-0.343,0.6,0.425,-0.173,0.589,0.439,0.64,0.553,-0.061,0.375,0.413,0.07,0.145,-0.327,-0.211,0.377,0.316,-0.44,-0.323,0.57,0.482,0.581,0.732,-0.172,0.133,0.15,0.534,-0.37,-0.336,-0.055,0.475
CSX,0.321,0.242,0.661,0.397,0.349,0.087,0.45,0.399,0.394,0.371,0.062,-0.156,0.692,0.115,0.372,0.59,0.775,0.038,0.453,1.0,0.194,0.185,0.28,0.725,0.372,0.407,-0.055,0.489,0.084,-0.147,0.226,0.428,0.402,0.638,0.279,0.553,0.642,0.457,0.411,0.602,0.084,0.384,0.552,0.441,0.295,-0.108,0.595,0.725,0.366,0.414,0.22,0.245,0.264,0.686,0.505,0.068,0.048,0.049,-0.037,0.197,0.647,0.016,0.267,0.161,0.302,0.469,0.225,0.682,-0.024,0.203,0.498,-0.014,0.374,-0.054,0.024,0.422,0.611,0.097,0.032,0.109,0.564,0.733,0.24,0.332,0.254,0.32,-0.117,-0.28,0.104,0.109,0.084,0.505,0.503,0.684,0.557,0.089,0.253,0.456,0.533,-0.11
DKNG,0.747,-0.473,0.292,-0.214,0.136,-0.638,0.66,0.535,-0.158,-0.28,-0.376,-0.35,0.462,0.525,0.866,-0.32,0.419,-0.21,-0.363,0.194,1.0,-0.523,-0.593,0.375,0.883,0.57,0.061,0.49,-0.373,0.568,-0.235,-0.232,-0.319,-0.307,0.834,0.691,0.69,0.285,0.517,0.657,-0.335,-0.063,0.506,-0.427,0.735,0.182,-0.204,0.299,0.043,-0.166,-0.169,-0.355,-0.472,0.41,0.28,-0.199,-0.591,0.704,-0.664,-0.47,-0.045,0.688,-0.276,-0.631,0.754,-0.214,-0.362,0.37,-0.346,0.583,-0.352,-0.749,0.787,-0.606,-0.392,-0.314,-0.173,0.168,-0.398,-0.57,0.453,0.612,0.893,0.606,-0.112,-0.353,0.502,0.118,-0.508,-0.699,-0.554,-0.294,0.698,0.208,0.218,-0.666,0.425,0.645,0.69,-0.441
EBAY,-0.618,0.885,-0.104,0.731,0.331,0.814,-0.434,-0.162,0.732,0.466,0.668,0.505,0.013,-0.315,-0.484,0.705,0.04,0.657,0.652,0.185,-0.523,1.0,0.541,0.22,-0.477,-0.462,0.366,0.111,0.668,-0.727,0.579,0.751,0.721,0.511,-0.57,-0.335,-0.16,0.215,-0.165,-0.328,0.693,0.531,-0.032,0.82,-0.633,-0.093,0.616,0.106,0.381,0.728,0.211,0.781,0.856,0.082,-0.008,0.483,0.715,-0.606,0.734,0.849,0.493,-0.656,0.42,0.846,-0.479,0.67,0.775,0.069,0.58,-0.471,0.714,0.644,-0.545,0.783,0.701,0.877,0.467,0.057,0.699,0.669,-0.261,-0.195,-0.541,-0.404,0.43,0.55,-0.471,-0.108,0.887,0.729,0.725,0.831,-0.432,-0.091,0.151,0.586,-0.419,-0.571,-0.167,0.666
ERIC,-0.455,0.544,0.059,0.54,0.123,0.63,-0.268,-0.095,0.387,0.551,0.581,0.283,0.01,-0.259,-0.472,0.573,0.107,0.368,0.49,0.28,-0.593,0.541,1.0,0.143,-0.485,-0.289,0.022,0.001,0.303,-0.418,0.336,0.502,0.563,0.57,-0.475,-0.277,-0.26,0.152,-0.089,-0.26,0.398,0.396,-0.056,0.626,-0.386,-0.102,0.509,0.181,0.286,0.539,0.257,0.501,0.595,0.08,-0.019,0.32,0.508,-0.578,0.532,0.528,0.372,-0.579,0.284,0.576,-0.439,0.539,0.464,0.058,0.423,-0.382,0.525,0.567,-0.331,0.462,0.377,0.534,0.417,0.047,0.367,0.578,-0.103,-0.065,-0.495,-0.368,0.353,0.643,-0.255,-0.037,0.466,0.658,0.643,0.573,-0.363,0.214,0.261,0.612,-0.175,-0.318,-0.242,0.438
EXC,0.382,0.251,0.465,0.444,0.583,0.118,0.453,0.254,0.347,0.33,0.146,-0.181,0.74,0.145,0.507,0.567,0.803,0.164,0.271,0.725,0.375,0.22,0.143,1.0,0.48,0.436,0.088,0.752,-0.009,-0.101,0.234,0.53,0.461,0.459,0.361,0.614,0.715,0.646,0.531,0.6,0.13,0.614,0.778,0.433,0.228,-0.1,0.586,0.833,0.519,0.525,0.3,0.326,0.213,0.607,0.451,0.186,0.152,0.031,-0.083,0.259,0.65,0.111,0.29,0.109,0.401,0.548,0.35,0.739,-0.021,0.218,0.529,-0.159,0.416,-0.073,-0.021,0.417,0.539,0.115,0.25,0.196,0.521,0.728,0.329,0.435,0.146,0.254,0.012,-0.192,0.105,0.16,0.054,0.515,0.474,0.493,0.562,-0.054,0.119,0.384,0.577,-0.13
FITB,0.732,-0.42,0.457,-0.258,0.09,-0.602,0.79,0.459,-0.18,-0.201,-0.409,-0.478,0.567,0.491,0.898,-0.196,0.45,-0.349,-0.348,0.372,0.883,-0.477,-0.485,0.48,1.0,0.704,-0.133,0.512,-0.444,0.603,-0.162,-0.186,-0.277,-0.147,0.91,0.769,0.771,0.206,0.494,0.748,-0.412,-0.056,0.628,-0.377,0.685,0.102,-0.103,0.467,-0.012,-0.107,-0.024,-0.349,-0.502,0.519,0.327,-0.2,-0.53,0.656,-0.632,-0.477,0.112,0.61,-0.17,-0.593,0.732,-0.148,-0.35,0.562,-0.421,0.566,-0.191,-0.751,0.796,-0.665,-0.481,-0.276,-0.131,0.072,-0.338,-0.471,0.535,0.663,0.847,0.716,-0.221,-0.272,0.515,-0.008,-0.498,-0.588,-0.629,-0.202,0.791,0.352,0.423,-0.588,0.48,0.735,0.724,-0.572
FLEX,0.677,-0.255,0.542,-0.209,0.121,-0.517,0.737,0.174,-0.276,0.086,-0.414,-0.515,0.472,0.411,0.661,-0.04,0.467,-0.505,-0.271,0.407,0.57,-0.462,-0.289,0.436,0.704,1.0,-0.344,0.392,-0.424,0.417,-0.087,-0.189,-0.269,0.094,0.683,0.642,0.598,0.148,0.446,0.772,-0.465,0.032,0.63,-0.235,0.55,0.036,0.033,0.527,-0.03,-0.055,0.293,-0.354,-0.438,0.385,0.402,0.035,-0.386,0.42,-0.408,-0.377,0.213,0.537,0.092,-0.474,0.544,-0.057,-0.29,0.654,-0.454,0.662,-0.11,-0.436,0.578,-0.489,-0.497,-0.296,-0.008,0.01,-0.246,-0.236,0.593,0.606,0.542,0.647,-0.18,-0.135,0.367,0.073,-0.324,-0.377,-0.533,-0.137,0.684,0.396,0.492,-0.348,0.358,0.701,0.654,-0.591
FTNT,-0.197,0.31,-0.181,0.43,0.477,0.428,-0.256,0.27,0.597,0.074,0.551,0.463,-0.022,0.317,-0.104,-0.024,0.121,0.628,0.229,-0.055,0.061,0.366,0.022,0.088,-0.133,-0.344,1.0,0.238,0.296,-0.236,0.084,0.32,0.299,-0.193,-0.217,-0.207,0.104,0.33,0.109,-0.122,0.546,0.212,-0.109,0.217,0.077,0.315,0.331,-0.112,0.345,0.415,-0.25,0.525,0.521,0.112,0.159,0.115,0.33,0.049,0.008,0.47,0.01,-0.007,0.133,0.255,0.155,0.185,0.481,-0.271,0.33,-0.135,0.211,0.164,-0.158,0.328,0.654,0.456,0.117,0.524,0.262,0.126,-0.041,0.079,-0.084,-0.203,0.441,0.327,-0.13,0.066,0.245,0.236,0.412,0.291,-0.194,-0.094,-0.238,-0.181,-0.029,-0.234,0.129,0.45
GEN,0.315,0.207,0.191,0.492,0.639,0.095,0.405,0.347,0.265,0.218,0.162,-0.136,0.491,0.387,0.492,0.372,0.621,0.36,0.155,0.489,0.49,0.111,0.001,0.752,0.512,0.392,0.238,1.0,-0.128,0.097,0.247,0.559,0.498,0.305,0.486,0.455,0.707,0.775,0.43,0.411,0.107,0.589,0.712,0.355,0.276,0.218,0.436,0.67,0.657,0.474,0.187,0.301,0.228,0.41,0.425,0.275,0.128,0.18,-0.136,0.261,0.384,0.202,0.271,-0.038,0.39,0.378,0.363,0.492,-0.029,0.304,0.301,-0.278,0.572,-0.072,-0.027,0.276,0.249,0.347,0.254,0.091,0.362,0.658,0.534,0.387,0.365,0.166,0.281,-0.039,0.06,0.039,0.078,0.446,0.299,0.302,0.438,-0.203,0.167,0.329,0.678,0.034
GERN,-0.529,0.494,-0.175,0.487,-0.058,0.423,-0.289,0.113,0.662,0.1,0.364,0.667,0.002,-0.272,-0.421,0.382,-0.022,0.422,0.425,0.084,-0.373,0.668,0.303,-0.009,-0.444,-0.424,0.296,-0.128,1.0,-0.684,0.539,0.327,0.302,0.249,-0.521,-0.315,-0.155,-0.038,0.024,-0.254,0.486,0.213,-0.273,0.468,-0.448,-0.076,0.331,-0.097,0.124,0.419,-0.16,0.376,0.597,0.062,0.071,0.344,0.331,-0.302,0.523,0.419,0.414,-0.566,0.012,0.645,-0.28,0.239,0.333,0.028,0.589,-0.408,0.4,0.582,-0.565,0.556,0.716,0.636,0.508,0.008,0.296,0.23,-0.28,-0.263,-0.51,-0.539,0.398,0.336,-0.517,0.053,0.626,0.363,0.604,0.408,-0.254,-0.002,-0.066,0.348,-0.172,-0.485,-0.105,0.55
GEVO,0.523,-0.678,0.09,-0.517,-0.169,-0.571,0.477,0.174,-0.587,-0.381,-0.35,-0.428,0.019,0.385,0.56,-0.613,0.007,-0.477,-0.573,-0.147,0.568,-0.727,-0.418,-0.101,0.603,0.417,-0.236,0.097,-0.684,1.0,-0.537,-0.509,-0.489,-0.465,0.665,0.354,0.224,-0.05,0.151,0.306,-0.528,-0.312,0.185,-0.685,0.603,0.089,-0.454,0.001,-0.228,-0.349,-0.116,-0.502,-0.669,0.067,-0.009,-0.436,-0.573,0.52,-0.54,-0.661,-0.439,0.558,-0.276,-0.718,0.473,-0.489,-0.507,-0.021,-0.406,0.343,-0.552,-0.672,0.665,-0.748,-0.63,-0.665,-0.588,0.001,-0.473,-0.39,0.233,0.232,0.64,0.462,-0.387,-0.378,0.737,0.036,-0.755,-0.553,-0.62,-0.522,0.369,-0.064,0.104,-0.573,0.414,0.527,0.276,-0.567
GILD,-0.378,0.553,-0.115,0.507,0.113,0.437,-0.071,0.062,0.399,0.262,0.26,0.404,0.073,-0.229,-0.273,0.554,0.022,0.295,0.283,0.226,-0.235,0.579,0.336,0.234,-0.162,-0.087,0.084,0.247,0.539,-0.537,1.0,0.457,0.392,0.426,-0.199,-0.197,0.079,0.076,0.032,-0.149,0.149,0.264,0.205,0.55,-0.395,-0.016,0.437,0.19,0.254,0.439,0.165,0.35,0.521,0.061,0.17,0.568,0.444,-0.218,0.448,0.473,0.598,-0.498,0.169,0.521,-0.36,0.288,0.374,0.332,0.394,-0.163,0.505,0.427,-0.338,0.472,0.432,0.541,0.466,-0.002,0.412,0.296,-0.155,-0.097,-0.27,-0.346,0.289,0.317,-0.355,0.085,0.605,0.422,0.419,0.5,-0.156,0.104,0.093,0.394,-0.009,-0.172,0.16,0.426
GOOG,-0.332,0.782,0.022,0.86,0.63,0.749,-0.208,0.03,0.64,0.476,0.639,0.221,0.169,-0.078,-0.209,0.79,0.382,0.767,0.573,0.428,-0.232,0.751,0.502,0.53,-0.186,-0.189,0.32,0.559,0.327,-0.509,0.457,1.0,0.973,0.663,-0.199,-0.043,0.193,0.652,-0.013,-0.121,0.611,0.729,0.331,0.89,-0.369,0.039,0.692,0.443,0.821,0.76,0.281,0.759,0.811,0.145,0.137,0.454,0.722,-0.492,0.518,0.829,0.441,-0.408,0.503,0.629,-0.214,0.763,0.793,0.23,0.368,-0.205,0.731,0.394,-0.076,0.6,0.484,0.766,0.511,0.23,0.691,0.61,-0.003,0.247,-0.117,-0.082,0.589,0.527,-0.145,-0.02,0.655,0.669,0.672,0.886,-0.256,0.115,0.337,0.399,-0.346,-0.25,0.053,0.597
GOOGL,-0.366,0.752,-0.043,0.837,0.599,0.801,-0.255,0.001,0.611,0.462,0.668,0.248,0.132,-0.137,-0.292,0.776,0.35,0.782,0.593,0.402,-0.319,0.721,0.563,0.461,-0.277,-0.269,0.299,0.498,0.302,-0.489,0.392,0.973,1.0,0.656,-0.26,-0.119,0.109,0.634,-0.064,-0.199,0.613,0.714,0.244,0.876,-0.393,0.025,0.687,0.379,0.828,0.72,0.252,0.77,0.816,0.092,0.109,0.394,0.718,-0.523,0.534,0.81,0.399,-0.429,0.497,0.65,-0.283,0.743,0.8,0.146,0.403,-0.236,0.693,0.458,-0.104,0.589,0.47,0.735,0.494,0.24,0.672,0.637,-0.012,0.194,-0.179,-0.14,0.594,0.543,-0.174,-0.059,0.611,0.701,0.732,0.87,-0.341,0.097,0.282,0.422,-0.343,-0.288,-0.028,0.602
GT,-0.142,0.616,0.319,0.511,0.31,0.444,0.001,-0.115,0.358,0.584,0.222,0.029,0.247,-0.207,-0.156,0.822,0.35,0.296,0.624,0.638,-0.307,0.511,0.57,0.459,-0.147,0.094,-0.193,0.305,0.249,-0.465,0.426,0.663,0.656,1.0,-0.158,0.09,0.163,0.311,-0.031,0.117,0.238,0.526,0.374,0.736,-0.267,-0.133,0.604,0.53,0.429,0.488,0.483,0.449,0.526,0.256,0.216,0.423,0.483,-0.453,0.472,0.539,0.603,-0.42,0.511,0.486,-0.299,0.593,0.497,0.495,0.14,-0.055,0.672,0.365,-0.032,0.46,0.158,0.489,0.608,-0.083,0.423,0.521,0.2,0.276,-0.171,-0.001,0.349,0.379,-0.262,-0.162,0.561,0.502,0.411,0.688,-0.0,0.363,0.447,0.6,-0.21,0.034,0.112,0.302
HBAN,0.669,-0.461,0.373,-0.299,0.055,-0.583,0.77,0.447,-0.334,-0.236,-0.477,-0.514,0.39,0.416,0.822,-0.247,0.41,-0.355,-0.4,0.279,0.834,-0.57,-0.475,0.361,0.91,0.683,-0.217,0.486,-0.521,0.665,-0.199,-0.199,-0.26,-0.158,1.0,0.672,0.672,0.226,0.33,0.648,-0.539,-0.097,0.574,-0.385,0.654,0.098,-0.19,0.404,0.077,-0.21,-0.022,-0.434,-0.509,0.35,0.301,-0.264,-0.552,0.597,-0.632,-0.496,-0.02,0.604,-0.208,-0.577,0.607,-0.256,-0.396,0.428,-0.492,0.584,-0.289,-0.712,0.837,-0.689,-0.54,-0.418,-0.238,0.034,-0.388,-0.502,0.469,0.613,0.875,0.613,-0.181,-0.343,0.537,0.079,-0.55,-0.619,-0.578,-0.261,0.668,0.304,0.327,-0.503,0.468,0.682,0.65,-0.558
HST,0.766,-0.351,0.638,-0.11,0.177,-0.523,0.663,0.323,-0.012,0.006,-0.307,-0.485,0.744,0.267,0.824,0.082,0.679,-0.31,-0.006,0.553,0.691,-0.335,-0.277,0.614,0.769,0.642,-0.207,0.455,-0.315,0.354,-0.197,-0.043,-0.119,0.09,0.672,1.0,0.737,0.329,0.589,0.823,-0.168,0.108,0.581,-0.13,0.536,-0.155,0.103,0.604,0.069,0.017,-0.007,-0.168,-0.381,0.677,0.532,-0.235,-0.445,0.431,-0.506,-0.399,0.28,0.494,-0.04,-0.333,0.715,0.095,-0.193,0.581,-0.376,0.396,-0.034,-0.56,0.712,-0.551,-0.462,-0.076,0.208,-0.037,-0.271,-0.325,0.669,0.797,0.629,0.718,-0.218,-0.166,0.333,-0.229,-0.394,-0.405,-0.458,-0.009,0.811,0.52,0.51,-0.441,0.301,0.6,0.636,-0.531
INTC,0.595,-0.098,0.469,0.156,0.439,-0.268,0.62,0.442,0.221,-0.046,-0.132,-0.229,0.666,0.406,0.727,0.167,0.679,-0.049,0.048,0.642,0.69,-0.16,-0.26,0.715,0.771,0.598,0.104,0.707,-0.155,0.224,0.079,0.193,0.109,0.163,0.672,0.737,1.0,0.438,0.583,0.748,-0.101,0.231,0.69,0.049,0.555,0.04,0.319,0.643,0.302,0.215,0.005,0.023,-0.096,0.638,0.655,-0.07,-0.203,0.471,-0.449,-0.105,0.414,0.441,0.079,-0.251,0.656,0.08,-0.005,0.622,-0.237,0.447,0.179,-0.432,0.635,-0.362,-0.171,0.124,0.26,0.172,-0.11,-0.262,0.625,0.813,0.631,0.565,0.025,-0.052,0.27,-0.114,-0.209,-0.263,-0.264,0.186,0.683,0.513,0.422,-0.422,0.362,0.602,0.802,-0.28
IOVA,0.164,0.296,0.175,0.606,0.658,0.257,0.187,0.38,0.362,0.368,0.327,-0.091,0.391,0.295,0.3,0.471,0.68,0.513,0.3,0.457,0.285,0.215,0.152,0.646,0.206,0.148,0.33,0.775,-0.038,-0.05,0.076,0.652,0.634,0.311,0.226,0.329,0.438,1.0,0.275,0.252,0.32,0.698,0.46,0.454,0.209,0.221,0.458,0.524,0.768,0.54,0.104,0.401,0.415,0.308,0.191,0.185,0.232,0.002,0.023,0.402,0.254,0.175,0.27,0.114,0.294,0.547,0.447,0.274,0.014,0.215,0.296,-0.067,0.465,0.116,0.162,0.368,0.298,0.465,0.28,0.22,0.296,0.616,0.365,0.259,0.604,0.268,0.222,-0.026,0.124,0.163,0.309,0.523,0.105,0.234,0.326,-0.079,0.035,0.157,0.356,0.202
IQ,0.508,-0.23,0.294,0.225,0.203,-0.277,0.498,0.419,0.23,-0.063,0.102,0.044,0.666,0.279,0.572,0.052,0.541,-0.089,0.027,0.411,0.517,-0.165,-0.089,0.531,0.494,0.446,0.109,0.43,0.024,0.151,0.032,-0.013,-0.064,-0.031,0.33,0.589,0.583,0.275,1.0,0.627,0.022,0.132,0.442,-0.031,0.454,-0.078,0.274,0.495,0.064,0.213,-0.202,-0.032,-0.141,0.58,0.485,-0.026,-0.267,0.437,-0.401,-0.182,0.432,0.284,-0.026,-0.252,0.635,0.084,-0.088,0.499,0.111,0.217,0.072,-0.281,0.421,-0.337,-0.065,0.122,0.359,0.113,-0.142,-0.288,0.464,0.582,0.36,0.337,0.002,0.208,0.128,-0.086,-0.235,-0.216,-0.077,0.04,0.546,0.398,0.326,-0.461,0.419,0.414,0.545,-0.214
JBLU,0.828,-0.278,0.702,-0.107,0.211,-0.474,0.757,0.376,-0.033,0.106,-0.308,-0.434,0.739,0.332,0.827,0.069,0.715,-0.398,-0.028,0.602,0.657,-0.328,-0.26,0.6,0.748,0.772,-0.122,0.411,-0.254,0.306,-0.149,-0.121,-0.199,0.117,0.648,0.823,0.748,0.252,0.627,1.0,-0.289,0.072,0.58,-0.174,0.689,-0.158,0.144,0.637,0.0,0.058,0.079,-0.222,-0.353,0.701,0.526,-0.188,-0.423,0.49,-0.546,-0.34,0.37,0.554,-0.027,-0.399,0.716,0.048,-0.233,0.656,-0.405,0.541,0.025,-0.437,0.655,-0.516,-0.373,-0.104,0.236,-0.032,-0.289,-0.348,0.778,0.811,0.565,0.65,-0.147,-0.058,0.249,-0.105,-0.34,-0.414,-0.443,-0.036,0.901,0.508,0.462,-0.424,0.475,0.725,0.683,-0.567
JD,-0.487,0.569,-0.085,0.641,0.439,0.609,-0.486,-0.075,0.748,0.329,0.776,0.462,0.046,-0.021,-0.387,0.4,0.073,0.753,0.565,0.084,-0.335,0.693,0.398,0.13,-0.412,-0.465,0.546,0.107,0.486,-0.528,0.149,0.611,0.613,0.238,-0.539,-0.168,-0.101,0.32,0.022,-0.289,1.0,0.407,-0.175,0.58,-0.425,0.01,0.53,-0.0,0.387,0.593,-0.024,0.78,0.646,0.113,-0.006,0.236,0.556,-0.431,0.405,0.644,0.187,-0.395,0.422,0.574,-0.085,0.543,0.68,-0.143,0.511,-0.453,0.441,0.385,-0.345,0.562,0.65,0.724,0.323,0.26,0.59,0.492,-0.181,-0.055,-0.371,-0.139,0.433,0.542,-0.216,-0.122,0.545,0.569,0.651,0.626,-0.399,-0.066,0.104,0.202,-0.424,-0.556,-0.186,0.611
KDP,-0.084,0.579,0.158,0.681,0.674,0.47,0.018,0.038,0.493,0.464,0.44,0.048,0.314,-0.013,-0.006,0.667,0.478,0.525,0.488,0.384,-0.063,0.531,0.396,0.614,-0.056,0.032,0.212,0.589,0.213,-0.312,0.264,0.729,0.714,0.526,-0.097,0.108,0.231,0.698,0.132,0.072,0.407,1.0,0.433,0.691,-0.199,0.103,0.654,0.517,0.693,0.698,0.357,0.622,0.572,0.189,0.184,0.413,0.467,-0.356,0.412,0.635,0.417,-0.219,0.519,0.431,-0.07,0.672,0.689,0.383,0.133,-0.005,0.577,0.179,0.104,0.378,0.239,0.533,0.369,0.272,0.571,0.578,0.099,0.315,-0.017,0.044,0.485,0.339,-0.0,-0.04,0.465,0.461,0.407,0.726,-0.081,0.061,0.425,0.319,-0.214,-0.069,0.172,0.264
KHC,0.496,0.14,0.439,0.239,0.461,-0.083,0.555,0.117,0.03,0.254,-0.051,-0.368,0.613,0.241,0.543,0.389,0.567,-0.047,-0.002,0.552,0.506,-0.032,-0.056,0.778,0.628,0.63,-0.109,0.712,-0.273,0.185,0.205,0.331,0.244,0.374,0.574,0.581,0.69,0.46,0.442,0.58,-0.175,0.433,1.0,0.253,0.261,-0.002,0.335,0.815,0.367,0.387,0.466,0.089,-0.042,0.451,0.424,0.315,0.065,0.151,-0.156,0.107,0.476,0.18,0.295,-0.153,0.368,0.337,0.192,0.751,-0.194,0.347,0.394,-0.396,0.564,-0.2,-0.261,0.1,0.205,0.023,0.181,0.16,0.375,0.632,0.509,0.569,-0.038,0.055,0.31,-0.08,-0.001,0.028,-0.213,0.327,0.484,0.386,0.622,-0.079,0.17,0.518,0.646,-0.291
LRCX,-0.427,0.844,0.061,0.854,0.505,0.772,-0.289,-0.102,0.661,0.516,0.62,0.3,0.152,-0.292,-0.363,0.877,0.3,0.672,0.729,0.441,-0.427,0.82,0.626,0.433,-0.377,-0.235,0.217,0.355,0.468,-0.685,0.55,0.89,0.876,0.736,-0.385,-0.13,0.049,0.454,-0.031,-0.174,0.58,0.691,0.253,1.0,-0.493,-0.124,0.738,0.42,0.615,0.739,0.362,0.748,0.856,0.116,0.216,0.483,0.717,-0.615,0.639,0.866,0.522,-0.578,0.537,0.762,-0.392,0.745,0.819,0.238,0.43,-0.338,0.82,0.525,-0.258,0.707,0.534,0.799,0.6,0.048,0.65,0.671,-0.096,0.106,-0.339,-0.228,0.513,0.533,-0.355,-0.096,0.758,0.753,0.734,0.912,-0.341,0.113,0.306,0.642,-0.395,-0.363,-0.046,0.592
LYFT,0.725,-0.551,0.352,-0.277,0.029,-0.566,0.578,0.588,-0.241,-0.244,-0.322,-0.316,0.337,0.486,0.756,-0.359,0.461,-0.327,-0.275,0.295,0.735,-0.633,-0.386,0.228,0.685,0.55,0.077,0.276,-0.448,0.603,-0.395,-0.369,-0.393,-0.267,0.654,0.536,0.555,0.209,0.454,0.689,-0.425,-0.199,0.261,-0.493,1.0,0.116,-0.177,0.236,-0.104,-0.234,-0.257,-0.45,-0.407,0.391,0.229,-0.424,-0.613,0.711,-0.665,-0.497,-0.115,0.719,-0.359,-0.695,0.742,-0.319,-0.458,0.219,-0.36,0.536,-0.348,-0.554,0.72,-0.588,-0.329,-0.408,-0.115,0.178,-0.611,-0.57,0.601,0.674,0.715,0.45,-0.029,-0.206,0.403,0.123,-0.65,-0.639,-0.474,-0.386,0.647,0.316,0.092,-0.612,0.622,0.738,0.512,-0.448
MARA,-0.02,0.113,-0.17,0.071,0.04,-0.065,0.083,0.31,0.103,0.036,0.022,0.028,-0.076,0.587,-0.005,-0.201,-0.102,0.24,-0.253,-0.108,0.182,-0.093,-0.102,-0.1,0.102,0.036,0.315,0.218,-0.076,0.089,-0.016,0.039,0.025,-0.133,0.098,-0.155,0.04,0.221,-0.078,-0.158,0.01,0.103,-0.002,-0.124,0.116,1.0,-0.172,-0.25,0.201,-0.016,-0.165,0.007,0.111,-0.198,-0.178,0.33,-0.024,0.315,-0.074,0.029,-0.136,0.227,-0.015,-0.103,0.071,0.065,-0.037,-0.098,-0.067,0.337,-0.267,-0.009,0.093,0.121,0.173,-0.041,-0.2,0.836,-0.03,-0.129,-0.041,-0.003,0.175,-0.013,0.449,0.027,0.228,0.263,0.075,-0.201,0.009,-0.074,-0.111,0.094,0.007,-0.239,0.105,0.059,0.185,0.204
MCHP,-0.193,0.577,0.224,0.701,0.676,0.593,-0.036,0.038,0.674,0.441,0.566,0.215,0.346,-0.062,-0.123,0.69,0.471,0.462,0.66,0.595,-0.204,0.616,0.509,0.586,-0.103,0.033,0.331,0.436,0.331,-0.454,0.437,0.692,0.687,0.604,-0.19,0.103,0.319,0.458,0.274,0.144,0.53,0.654,0.335,0.738,-0.177,-0.172,1.0,0.534,0.527,0.703,0.269,0.772,0.652,0.431,0.456,0.293,0.524,-0.327,0.328,0.677,0.619,-0.36,0.621,0.568,-0.064,0.592,0.762,0.411,0.282,-0.159,0.71,0.308,-0.077,0.373,0.396,0.706,0.584,0.139,0.565,0.551,0.162,0.364,-0.201,-0.049,0.368,0.568,-0.299,-0.237,0.476,0.597,0.491,0.814,-0.043,0.249,0.392,0.302,-0.06,-0.064,0.22,0.274
MDLZ,0.391,0.164,0.579,0.359,0.461,0.056,0.532,0.173,0.209,0.409,0.034,-0.306,0.683,0.165,0.479,0.574,0.725,0.012,0.269,0.725,0.299,0.106,0.181,0.833,0.467,0.527,-0.112,0.67,-0.097,0.001,0.19,0.443,0.379,0.53,0.404,0.604,0.643,0.524,0.495,0.637,-0.0,0.517,0.815,0.42,0.236,-0.25,0.534,1.0,0.395,0.488,0.488,0.199,0.102,0.568,0.453,0.225,0.125,-0.048,-0.091,0.186,0.584,-0.009,0.315,0.013,0.377,0.434,0.273,0.766,-0.116,0.184,0.548,-0.283,0.502,-0.176,-0.161,0.248,0.491,-0.096,0.226,0.242,0.471,0.71,0.35,0.501,0.066,0.23,0.12,-0.234,0.056,0.165,-0.017,0.468,0.515,0.523,0.667,0.059,0.167,0.465,0.522,-0.251
META,-0.071,0.473,0.003,0.696,0.653,0.527,-0.005,0.23,0.415,0.312,0.453,0.09,0.209,0.122,-0.021,0.527,0.504,0.654,0.282,0.366,0.043,0.381,0.286,0.519,-0.012,-0.03,0.345,0.657,0.124,-0.228,0.254,0.821,0.828,0.429,0.077,0.069,0.302,0.768,0.064,0.0,0.387,0.693,0.367,0.615,-0.104,0.201,0.527,0.395,1.0,0.58,0.135,0.571,0.587,0.081,0.218,0.286,0.493,-0.226,0.245,0.566,0.251,-0.114,0.377,0.387,0.032,0.565,0.585,0.187,0.156,0.077,0.46,0.202,0.185,0.287,0.289,0.481,0.373,0.418,0.47,0.391,0.163,0.392,0.152,0.013,0.606,0.359,0.057,0.111,0.306,0.404,0.494,0.616,-0.104,0.12,0.23,0.095,-0.146,-0.028,0.215,0.39
MNST,-0.255,0.722,0.188,0.791,0.521,0.645,-0.085,0.089,0.668,0.549,0.724,0.308,0.34,0.059,-0.131,0.679,0.454,0.554,0.49,0.414,-0.166,0.728,0.539,0.525,-0.107,-0.055,0.415,0.474,0.419,-0.349,0.439,0.76,0.72,0.488,-0.21,0.017,0.215,0.54,0.213,0.058,0.593,0.698,0.387,0.739,-0.234,-0.016,0.703,0.488,0.58,1.0,0.292,0.737,0.715,0.395,0.266,0.474,0.592,-0.388,0.506,0.699,0.58,-0.412,0.471,0.566,-0.003,0.699,0.721,0.321,0.465,-0.259,0.749,0.328,-0.11,0.436,0.526,0.804,0.477,0.246,0.57,0.669,0.016,0.265,-0.204,-0.053,0.455,0.662,-0.049,-0.125,0.587,0.664,0.589,0.841,-0.125,0.127,0.463,0.295,-0.115,-0.192,0.221,0.408
MRNA,-0.032,0.409,0.261,0.098,0.293,0.263,0.055,-0.463,-0.104,0.607,0.003,-0.285,0.063,0.015,-0.111,0.407,0.046,-0.041,0.112,0.22,-0.169,0.211,0.257,0.3,-0.024,0.293,-0.25,0.187,-0.16,-0.116,0.165,0.281,0.252,0.483,-0.022,-0.007,0.005,0.104,-0.202,0.079,-0.024,0.357,0.466,0.362,-0.257,-0.165,0.269,0.488,0.135,0.292,1.0,0.225,0.09,-0.015,-0.004,0.488,0.374,-0.485,0.282,0.314,0.189,-0.262,0.563,0.164,-0.201,0.41,0.33,0.426,-0.154,0.101,0.407,-0.053,-0.02,0.106,-0.185,0.07,0.14,-0.253,0.447,0.602,0.004,0.01,-0.11,0.325,-0.125,0.158,0.025,-0.207,0.333,0.408,-0.012,0.358,-0.01,0.019,0.415,0.457,-0.323,0.135,0.055,-0.15
MRVL,-0.433,0.711,-0.033,0.69,0.623,0.779,-0.399,-0.169,0.706,0.423,0.761,0.387,0.093,-0.084,-0.385,0.585,0.178,0.707,0.615,0.245,-0.355,0.781,0.501,0.326,-0.349,-0.354,0.525,0.301,0.376,-0.502,0.35,0.759,0.77,0.449,-0.434,-0.168,0.023,0.401,-0.032,-0.222,0.78,0.622,0.089,0.748,-0.45,0.007,0.772,0.199,0.571,0.737,0.225,1.0,0.762,0.162,0.185,0.371,0.698,-0.548,0.481,0.794,0.381,-0.508,0.63,0.737,-0.238,0.639,0.908,0.053,0.442,-0.376,0.667,0.41,-0.276,0.565,0.539,0.769,0.407,0.294,0.722,0.697,-0.108,0.027,-0.379,-0.191,0.37,0.582,-0.271,-0.239,0.609,0.734,0.633,0.821,-0.371,-0.106,0.231,0.357,-0.354,-0.36,-0.044,0.518
MSFT,-0.585,0.856,-0.158,0.837,0.395,0.861,-0.426,0.07,0.75,0.434,0.724,0.557,-0.047,-0.185,-0.486,0.683,0.168,0.8,0.668,0.264,-0.472,0.856,0.595,0.213,-0.502,-0.438,0.521,0.228,0.597,-0.669,0.521,0.811,0.816,0.526,-0.509,-0.381,-0.096,0.415,-0.141,-0.353,0.646,0.572,-0.042,0.856,-0.407,0.111,0.652,0.102,0.587,0.715,0.09,0.762,1.0,0.029,0.057,0.437,0.704,-0.502,0.675,0.884,0.386,-0.532,0.357,0.793,-0.426,0.631,0.791,-0.021,0.582,-0.352,0.67,0.681,-0.413,0.81,0.804,0.827,0.498,0.308,0.546,0.605,-0.167,-0.029,-0.426,-0.49,0.708,0.584,-0.419,0.044,0.779,0.705,0.856,0.815,-0.496,0.013,0.073,0.536,-0.336,-0.482,-0.115,0.787
MSTR,0.45,0.005,0.647,0.174,0.247,-0.106,0.483,0.385,0.356,0.254,0.07,-0.119,0.747,0.213,0.569,0.297,0.706,-0.074,0.336,0.686,0.41,0.082,0.08,0.607,0.519,0.385,0.112,0.41,0.062,0.067,0.061,0.145,0.092,0.256,0.35,0.677,0.638,0.308,0.58,0.701,0.113,0.189,0.451,0.116,0.391,-0.198,0.431,0.568,0.081,0.395,-0.015,0.162,0.029,1.0,0.561,-0.046,-0.13,0.24,-0.239,-0.019,0.579,0.155,0.084,0.002,0.517,0.248,0.109,0.52,-0.007,0.094,0.267,-0.24,0.383,-0.242,-0.004,0.334,0.403,0.028,-0.079,-0.07,0.55,0.7,0.276,0.373,-0.001,0.22,0.04,-0.366,-0.07,-0.064,-0.07,0.303,0.648,0.55,0.505,-0.213,0.321,0.369,0.63,-0.243
MU,0.376,-0.02,0.403,0.197,0.353,-0.047,0.389,0.192,0.301,0.045,0.018,0.002,0.515,0.087,0.346,0.199,0.549,-0.063,0.27,0.505,0.28,-0.008,-0.019,0.451,0.327,0.402,0.159,0.425,0.071,-0.009,0.17,0.137,0.109,0.216,0.301,0.532,0.655,0.191,0.485,0.526,-0.006,0.184,0.424,0.216,0.229,-0.178,0.456,0.453,0.218,0.266,-0.004,0.185,0.057,0.561,1.0,-0.013,-0.022,0.169,-0.235,0.01,0.442,0.132,0.225,0.134,0.325,0.054,0.201,0.372,-0.01,0.132,0.275,-0.082,0.246,-0.188,-0.018,0.249,0.389,0.04,-0.027,-0.079,0.473,0.543,0.159,0.213,-0.0,0.109,-0.039,-0.22,-0.088,0.041,-0.015,0.253,0.46,0.406,0.212,-0.187,0.253,0.282,0.684,-0.209
MVIS,-0.308,0.602,-0.066,0.454,0.229,0.401,-0.071,-0.152,0.319,0.524,0.278,0.188,0.017,0.15,-0.304,0.444,-0.064,0.322,0.123,0.068,-0.199,0.483,0.32,0.186,-0.2,0.035,0.115,0.275,0.344,-0.436,0.568,0.454,0.394,0.423,-0.264,-0.235,-0.07,0.185,-0.026,-0.188,0.236,0.413,0.315,0.483,-0.424,0.33,0.293,0.225,0.286,0.474,0.488,0.371,0.437,-0.046,-0.013,1.0,0.534,-0.347,0.455,0.502,0.409,-0.439,0.348,0.38,-0.299,0.462,0.451,0.327,0.278,-0.049,0.4,0.261,-0.27,0.513,0.347,0.373,0.308,0.233,0.608,0.497,-0.219,-0.125,-0.262,-0.093,0.351,0.384,-0.123,0.111,0.645,0.459,0.366,0.421,-0.204,0.088,0.32,0.372,-0.198,-0.119,0.152,0.364
NFLX,-0.572,0.732,-0.135,0.607,0.472,0.873,-0.457,-0.373,0.458,0.478,0.651,0.347,-0.173,-0.19,-0.582,0.577,-0.068,0.588,0.425,0.048,-0.591,0.715,0.508,0.152,-0.53,-0.386,0.33,0.128,0.331,-0.573,0.444,0.722,0.718,0.483,-0.552,-0.445,-0.203,0.232,-0.267,-0.423,0.556,0.467,0.065,0.717,-0.613,-0.024,0.524,0.125,0.493,0.592,0.374,0.698,0.704,-0.13,-0.022,0.534,1.0,-0.668,0.563,0.842,0.261,-0.587,0.614,0.663,-0.507,0.531,0.763,-0.05,0.4,-0.387,0.721,0.525,-0.5,0.719,0.577,0.59,0.35,0.091,0.836,0.749,-0.232,-0.21,-0.543,-0.276,0.373,0.55,-0.243,-0.066,0.637,0.905,0.654,0.651,-0.458,-0.147,0.019,0.518,-0.46,-0.421,-0.269,0.592
NNDM,0.619,-0.545,0.078,-0.318,-0.13,-0.678,0.535,0.564,-0.225,-0.386,-0.417,-0.205,0.266,0.471,0.631,-0.503,0.141,-0.331,-0.443,0.049,0.704,-0.606,-0.578,0.031,0.656,0.42,0.049,0.18,-0.302,0.52,-0.218,-0.492,-0.523,-0.453,0.597,0.431,0.471,0.002,0.437,0.49,-0.431,-0.356,0.151,-0.615,0.711,0.315,-0.327,-0.048,-0.226,-0.388,-0.485,-0.548,-0.502,0.24,0.169,-0.347,-0.668,1.0,-0.672,-0.599,-0.098,0.758,-0.443,-0.695,0.587,-0.361,-0.577,0.119,-0.331,0.604,-0.54,-0.458,0.523,-0.541,-0.275,-0.417,-0.275,0.25,-0.593,-0.732,0.385,0.397,0.651,0.339,-0.039,-0.349,0.41,0.203,-0.531,-0.772,-0.529,-0.507,0.531,0.283,-0.036,-0.741,0.645,0.514,0.508,-0.376
NVAX,-0.682,0.735,-0.263,0.484,0.017,0.633,-0.56,-0.324,0.335,0.345,0.422,0.352,-0.277,-0.452,-0.67,0.551,-0.189,0.427,0.427,-0.037,-0.664,0.734,0.532,-0.083,-0.632,-0.408,0.008,-0.136,0.523,-0.54,0.448,0.518,0.534,0.472,-0.632,-0.506,-0.449,0.023,-0.401,-0.546,0.405,0.412,-0.156,0.639,-0.665,-0.074,0.328,-0.091,0.245,0.506,0.282,0.481,0.675,-0.239,-0.235,0.455,0.563,-0.672,1.0,0.647,0.217,-0.679,0.333,0.664,-0.618,0.443,0.526,-0.066,0.453,-0.472,0.493,0.654,-0.61,0.728,0.433,0.547,0.25,-0.091,0.462,0.774,-0.477,-0.415,-0.595,-0.508,0.314,0.28,-0.395,0.053,0.762,0.662,0.556,0.567,-0.638,-0.286,0.057,0.728,-0.515,-0.605,-0.395,0.587
NVDA,-0.56,0.866,-0.088,0.801,0.601,0.865,-0.457,-0.157,0.638,0.498,0.703,0.382,-0.091,-0.176,-0.479,0.679,0.092,0.76,0.623,0.197,-0.47,0.849,0.528,0.259,-0.477,-0.377,0.47,0.261,0.419,-0.661,0.473,0.829,0.81,0.539,-0.496,-0.399,-0.105,0.402,-0.182,-0.34,0.644,0.635,0.107,0.866,-0.497,0.029,0.677,0.186,0.566,0.699,0.314,0.794,0.884,-0.019,0.01,0.502,0.842,-0.599,0.647,1.0,0.331,-0.556,0.597,0.705,-0.451,0.645,0.863,0.015,0.437,-0.372,0.726,0.536,-0.392,0.801,0.66,0.75,0.356,0.164,0.761,0.727,-0.236,-0.065,-0.404,-0.359,0.557,0.542,-0.365,0.005,0.785,0.768,0.717,0.82,-0.492,-0.133,0.099,0.571,-0.413,-0.466,-0.156,0.683
NWL,0.028,0.452,0.353,0.463,0.229,0.274,0.269,0.157,0.492,0.447,0.228,0.228,0.636,-0.103,0.085,0.692,0.507,0.089,0.426,0.647,-0.045,0.493,0.372,0.65,0.112,0.213,0.01,0.384,0.414,-0.439,0.598,0.441,0.399,0.603,-0.02,0.28,0.414,0.254,0.432,0.37,0.187,0.417,0.476,0.522,-0.115,-0.136,0.619,0.584,0.251,0.58,0.189,0.381,0.386,0.579,0.442,0.409,0.261,-0.098,0.217,0.331,1.0,-0.279,0.27,0.433,0.013,0.503,0.335,0.671,0.328,0.004,0.597,0.3,-0.07,0.2,0.259,0.618,0.706,0.066,0.295,0.28,0.327,0.353,-0.168,0.01,0.182,0.481,-0.363,-0.277,0.44,0.334,0.303,0.568,0.259,0.534,0.462,0.206,0.162,0.127,0.435,0.093
OCGN,0.753,-0.497,0.172,-0.385,0.036,-0.624,0.481,0.312,-0.339,-0.237,-0.43,-0.412,0.257,0.409,0.671,-0.445,0.252,-0.333,-0.404,0.016,0.688,-0.656,-0.579,0.111,0.61,0.537,-0.007,0.202,-0.566,0.558,-0.498,-0.408,-0.429,-0.42,0.604,0.494,0.441,0.175,0.284,0.554,-0.395,-0.219,0.18,-0.578,0.719,0.227,-0.36,-0.009,-0.114,-0.412,-0.262,-0.508,-0.532,0.155,0.132,-0.439,-0.587,0.758,-0.679,-0.556,-0.279,1.0,-0.301,-0.706,0.571,-0.231,-0.479,0.062,-0.508,0.754,-0.537,-0.446,0.582,-0.519,-0.405,-0.488,-0.352,0.244,-0.533,-0.611,0.529,0.447,0.647,0.55,-0.079,-0.414,0.497,0.184,-0.577,-0.686,-0.567,-0.464,0.524,0.165,-0.044,-0.689,0.315,0.498,0.384,-0.448
ON,-0.219,0.51,0.175,0.391,0.635,0.472,-0.15,-0.422,0.313,0.489,0.405,0.009,0.091,0.065,-0.247,0.466,0.093,0.304,0.438,0.267,-0.276,0.42,0.284,0.29,-0.17,0.092,0.133,0.271,0.012,-0.276,0.169,0.503,0.497,0.511,-0.208,-0.04,0.079,0.27,-0.026,-0.027,0.422,0.519,0.295,0.537,-0.359,-0.015,0.621,0.315,0.377,0.471,0.563,0.63,0.357,0.084,0.225,0.348,0.614,-0.443,0.333,0.597,0.27,-0.301,1.0,0.391,-0.166,0.454,0.627,0.234,0.023,-0.069,0.523,0.141,-0.118,0.336,0.09,0.372,0.262,0.062,0.698,0.659,0.036,0.055,-0.253,0.149,0.147,0.39,-0.097,-0.348,0.419,0.577,0.244,0.587,-0.16,-0.101,0.254,0.302,-0.348,-0.093,0.045,0.175
