,AAL,AAPL,AGNC,AMAT,AMD,AMZN,APA,ARDX,AVGO,AZN,BIDU,BILI,BKR,CAN,CHRD,CMCSA,CPRT,CRWD,CSCO,CSX,DKNG,EBAY,ERIC,EXC,FITB,FLEX,FTNT,GEN,GERN,GEVO,GILD,GOOG,GOOGL,GT,HBAN,HST,INTC,IOVA,IQ,JBLU,JD,KDP,KHC,LRCX,LYFT,MARA,MCHP,MDLZ,META,MNST,MRNA,MRVL,MSFT,MSTR,MU,MVIS,NFLX,NNDM,NVAX,NVDA,NWL,OCGN,ON,OPK,PAA,PACB,PANW,PARA,PDD,PENN,PEP,PLUG,PTEN,PTON,PYPL,QCOM,QVCGA,RIOT,ROKU,RUN,SABR,SBUX,SMCI,SNDL,STNE,TCOM,TLRY,TMUS,TSCO,TSLA,TTD,TXN,UAL,VOD,VTRS,VXRT,WBA,WBD,WDC,ZM
AAL,1.0,0.432,0.373,0.268,0.354,0.159,0.203,-0.222,0.561,-0.342,0.378,-0.208,0.714,-0.504,0.532,0.06,0.689,-0.504,-0.158,0.69,-0.151,-0.015,0.339,0.117,0.663,0.175,-0.554,0.641,-0.361,-0.026,-0.429,0.065,0.038,0.322,0.631,0.627,0.384,-0.265,0.035,0.859,-0.053,-0.434,0.234,-0.018,0.103,0.506,-0.114,-0.037,0.53,0.666,-0.448,-0.248,0.121,0.43,-0.293,-0.36,-0.325,-0.333,0.161,0.229,0.14,0.122,0.635,-0.329,0.326,0.385,0.397,0.586,-0.081,0.577,-0.163,0.577,0.535,-0.3,0.073,0.332,0.171,0.544,-0.257,0.592,0.298,0.54,-0.193,-0.244,0.416,0.472,-0.181,0.637,0.254,-0.015,0.416,0.608,0.954,0.142,0.12,0.024,0.562,0.636,-0.432,-0.178
AAPL,0.432,1.0,0.612,0.305,0.543,0.782,0.194,-0.253,0.771,0.033,0.388,0.502,0.327,-0.541,-0.111,-0.076,0.681,-0.1,-0.459,0.611,0.111,0.477,0.165,-0.248,0.354,-0.087,-0.308,0.707,-0.05,0.428,-0.64,0.493,0.522,-0.119,0.293,0.17,0.35,0.076,-0.28,0.471,0.499,-0.722,0.123,0.089,-0.203,0.436,0.315,0.288,0.814,0.634,-0.744,-0.208,0.716,0.559,-0.618,-0.473,0.044,-0.563,-0.163,0.761,-0.362,-0.474,0.375,-0.562,-0.187,0.619,0.79,0.636,0.301,0.647,-0.111,0.707,0.02,0.284,0.493,0.699,-0.227,0.554,-0.179,0.728,-0.147,0.307,-0.4,-0.565,0.595,0.131,-0.488,0.657,0.737,0.556,0.609,0.744,0.36,-0.338,-0.263,-0.613,0.123,0.572,-0.606,0.387
AGNC,0.373,0.612,1.0,0.091,0.316,0.572,-0.03,0.063,0.541,0.203,0.198,0.269,0.325,-0.564,-0.146,0.322,0.538,-0.123,-0.538,0.693,0.3,0.56,-0.006,-0.302,0.428,-0.336,-0.419,0.439,0.064,0.47,-0.491,0.681,0.701,0.225,0.399,0.193,0.562,-0.162,-0.443,0.5,0.526,-0.566,0.202,-0.25,-0.295,0.091,0.382,0.576,0.494,0.438,-0.562,-0.571,0.318,0.639,-0.665,-0.573,-0.092,-0.649,-0.309,0.59,-0.062,-0.16,0.26,-0.355,-0.32,0.602,0.506,0.411,-0.105,0.586,0.028,0.517,0.145,0.055,0.206,0.382,-0.285,0.402,-0.47,0.715,-0.285,0.552,-0.471,-0.673,0.416,0.364,-0.494,0.515,0.69,0.594,0.158,0.758,0.396,-0.065,-0.115,-0.395,0.176,0.463,-0.66,0.316
AMAT,0.268,0.305,0.091,1.0,0.165,0.092,0.3,-0.405,0.33,-0.039,0.29,-0.068,0.394,-0.343,0.271,0.239,0.333,-0.32,-0.229,0.352,0.119,0.057,0.415,0.045,0.392,0.106,-0.413,0.406,-0.124,-0.235,-0.273,-0.101,-0.113,0.045,0.435,0.201,0.07,-0.262,-0.016,0.367,-0.054,-0.232,0.327,0.502,-0.321,0.268,0.001,-0.066,0.256,0.316,-0.415,-0.065,0.038,0.5,-0.187,-0.281,-0.374,-0.244,-0.018,0.311,-0.01,-0.154,0.606,-0.446,0.067,0.31,0.182,0.592,0.252,0.342,0.232,0.279,0.4,-0.173,0.085,0.418,-0.123,0.211,-0.209,0.19,0.311,0.365,-0.334,0.003,0.346,0.152,-0.21,0.412,0.186,0.142,0.28,0.282,0.289,0.199,-0.127,-0.098,0.372,0.395,-0.25,-0.204
AMD,0.354,0.543,0.316,0.165,1.0,0.518,0.416,-0.452,0.761,-0.126,0.517,0.296,0.326,-0.206,0.158,-0.107,0.709,0.08,-0.208,0.371,-0.094,0.281,0.263,0.016,0.229,0.184,-0.108,0.568,-0.234,0.163,-0.524,0.077,0.114,-0.33,0.179,0.351,0.234,0.302,0.027,0.399,0.132,-0.57,0.165,0.304,0.045,0.536,-0.041,0.116,0.564,0.678,-0.345,-0.048,0.615,0.266,-0.329,-0.056,0.37,-0.048,0.26,0.404,-0.3,-0.372,0.232,-0.205,0.125,0.326,0.492,0.525,0.259,0.427,-0.191,0.361,0.261,0.341,0.763,0.664,0.146,0.579,0.127,0.574,0.002,0.29,-0.062,-0.357,0.457,0.026,0.095,0.45,0.513,0.159,0.69,0.45,0.234,-0.113,-0.006,-0.42,0.114,0.445,-0.39,0.21
AMZN,0.159,0.782,0.572,0.092,0.518,1.0,0.177,-0.112,0.69,0.272,0.247,0.577,0.159,-0.443,-0.223,-0.076,0.53,0.08,-0.547,0.439,0.314,0.538,0.041,-0.374,0.145,-0.067,-0.136,0.476,0.191,0.441,-0.57,0.661,0.659,-0.168,0.047,-0.018,0.245,0.142,-0.412,0.22,0.62,-0.565,0.145,0.01,-0.291,0.236,0.456,0.443,0.719,0.568,-0.638,-0.322,0.642,0.441,-0.629,-0.352,0.239,-0.495,-0.196,0.657,-0.319,-0.56,0.101,-0.36,-0.393,0.554,0.728,0.496,0.248,0.551,-0.106,0.557,-0.15,0.43,0.563,0.651,-0.32,0.439,-0.139,0.663,-0.37,0.226,-0.408,-0.662,0.521,-0.075,-0.441,0.481,0.688,0.558,0.474,0.643,0.063,-0.333,-0.247,-0.564,-0.08,0.399,-0.552,0.547
APA,0.203,0.194,-0.03,0.3,0.416,0.177,1.0,-0.489,0.423,-0.089,0.369,0.04,0.396,0.217,0.369,-0.074,0.217,-0.115,0.201,0.095,-0.465,-0.245,0.481,0.284,0.383,0.697,-0.051,0.201,-0.182,-0.297,-0.14,-0.341,-0.33,-0.204,0.329,0.38,-0.138,0.207,0.333,0.325,-0.294,-0.167,0.014,0.746,0.153,0.563,-0.27,-0.389,0.223,0.272,-0.09,0.322,0.247,-0.09,0.147,0.153,0.082,0.229,0.316,-0.07,0.143,-0.075,0.329,0.071,0.476,-0.149,0.034,0.275,0.341,-0.032,-0.212,-0.027,0.4,0.213,0.6,0.635,0.399,0.335,0.26,0.111,0.386,0.032,0.265,0.045,0.168,-0.086,0.13,0.138,0.004,-0.377,0.382,0.033,0.192,0.036,0.165,-0.08,0.424,0.231,0.027,-0.167
ARDX,-0.222,-0.253,0.063,-0.405,-0.452,-0.112,-0.489,1.0,-0.234,0.306,-0.4,0.071,-0.208,0.138,-0.117,0.205,-0.328,0.141,-0.151,-0.153,0.287,0.271,-0.277,-0.203,-0.297,-0.345,0.108,-0.316,0.54,0.078,0.386,0.371,0.362,0.188,-0.264,-0.298,0.216,0.018,-0.291,-0.246,0.082,0.09,0.118,-0.503,-0.259,-0.295,0.261,0.266,-0.332,-0.21,0.272,-0.202,-0.073,-0.162,-0.055,0.147,0.124,0.018,-0.106,-0.173,0.118,0.273,-0.291,0.288,-0.141,-0.057,-0.175,-0.43,-0.295,-0.151,0.24,-0.152,-0.248,-0.073,-0.437,-0.474,-0.423,-0.093,-0.027,-0.023,-0.437,-0.1,-0.133,-0.123,-0.391,0.119,0.019,-0.228,0.051,0.079,-0.341,-0.012,-0.169,0.019,-0.097,0.276,-0.196,-0.233,0.133,0.165
AVGO,0.561,0.771,0.541,0.33,0.761,0.69,0.423,-0.234,1.0,-0.02,0.506,0.34,0.6,-0.422,0.263,-0.03,0.818,-0.182,-0.365,0.665,-0.063,0.442,0.451,-0.089,0.501,0.156,-0.362,0.713,-0.095,0.168,-0.566,0.324,0.333,-0.102,0.429,0.428,0.441,0.128,-0.135,0.644,0.239,-0.709,0.319,0.224,-0.152,0.614,0.193,0.18,0.714,0.843,-0.577,-0.22,0.676,0.511,-0.511,-0.251,0.125,-0.299,0.064,0.533,-0.234,-0.347,0.546,-0.438,0.131,0.55,0.597,0.675,0.243,0.608,-0.09,0.558,0.38,0.233,0.583,0.806,-0.122,0.717,-0.059,0.801,0.009,0.495,-0.287,-0.484,0.605,0.289,-0.24,0.664,0.684,0.273,0.665,0.772,0.499,-0.086,-0.106,-0.383,0.321,0.701,-0.566,0.186
AZN,-0.342,0.033,0.203,-0.039,-0.126,0.272,-0.089,0.306,-0.02,1.0,-0.23,0.261,-0.261,-0.055,-0.298,0.455,-0.157,0.249,-0.343,0.018,0.431,0.333,0.026,-0.178,-0.115,-0.157,0.128,-0.261,0.504,0.084,0.076,0.443,0.476,0.1,-0.139,-0.337,0.044,-0.055,-0.415,-0.195,0.248,0.017,0.157,-0.056,-0.472,-0.441,0.386,0.491,-0.134,-0.159,0.028,-0.18,-0.029,0.107,-0.212,-0.114,0.068,-0.221,-0.479,0.099,0.057,-0.191,-0.17,0.065,-0.5,0.181,0.07,-0.17,-0.112,-0.005,0.437,-0.103,-0.248,-0.039,0.009,0.131,-0.454,-0.285,-0.213,-0.051,-0.364,0.164,-0.288,-0.237,-0.052,-0.005,-0.265,-0.117,0.201,0.342,-0.304,0.098,-0.271,0.227,-0.166,-0.122,-0.319,-0.092,-0.03,0.192
BIDU,0.378,0.388,0.198,0.29,0.517,0.247,0.369,-0.4,0.506,-0.23,1.0,0.124,0.394,-0.265,0.272,-0.251,0.449,-0.196,0.157,0.348,-0.046,-0.03,0.467,0.026,0.333,0.171,-0.234,0.437,-0.243,0.039,-0.419,-0.115,-0.102,-0.194,0.265,0.403,0.157,0.175,0.519,0.358,0.158,-0.454,0.039,0.261,0.271,0.471,-0.041,-0.132,0.388,0.45,-0.348,0.183,0.317,0.297,-0.099,-0.146,-0.054,-0.104,0.218,0.302,-0.148,-0.169,0.351,-0.293,0.28,0.195,0.333,0.462,0.328,0.297,-0.33,0.305,0.282,0.219,0.395,0.429,0.292,0.494,0.043,0.38,0.217,0.157,0.035,0.05,0.483,0.141,-0.032,0.357,0.24,0.07,0.459,0.28,0.297,-0.066,0.188,-0.25,0.325,0.334,-0.289,0.052
BILI,-0.208,0.502,0.269,-0.068,0.296,0.577,0.04,0.071,0.34,0.261,0.124,1.0,-0.284,0.072,-0.346,-0.236,0.141,0.647,-0.276,-0.052,0.143,0.522,-0.085,-0.369,-0.334,-0.186,0.49,0.234,0.485,0.309,-0.255,0.325,0.339,-0.54,-0.367,-0.389,0.079,0.636,-0.242,-0.148,0.574,-0.418,-0.116,-0.045,-0.249,0.192,0.443,0.175,0.343,0.136,-0.243,0.134,0.73,0.086,-0.275,0.14,0.56,-0.064,-0.013,0.384,-0.638,-0.583,-0.138,-0.176,-0.269,0.183,0.456,0.257,0.423,0.143,-0.078,0.217,-0.383,0.713,0.424,0.301,-0.208,0.337,0.374,0.254,-0.433,-0.207,-0.09,-0.452,0.227,-0.245,-0.031,0.113,0.474,0.354,0.489,0.165,-0.272,-0.456,-0.072,-0.454,-0.372,0.249,-0.012,0.655
BKR,0.714,0.327,0.325,0.394,0.326,0.159,0.396,-0.208,0.6,-0.261,0.394,-0.284,1.0,-0.324,0.624,0.166,0.544,-0.615,-0.046,0.707,-0.186,-0.024,0.59,0.346,0.848,0.433,-0.587,0.422,-0.271,-0.258,-0.149,-0.019,-0.009,0.323,0.809,0.685,0.433,-0.189,0.168,0.766,-0.267,-0.253,0.528,0.344,0.1,0.542,-0.292,-0.079,0.408,0.576,-0.313,-0.15,0.093,0.29,-0.152,-0.285,-0.24,-0.218,0.088,0.106,0.411,0.23,0.717,-0.131,0.413,0.198,0.138,0.404,0.059,0.392,0.029,0.26,0.809,-0.236,0.151,0.409,0.097,0.487,-0.203,0.642,0.47,0.537,-0.201,-0.048,0.269,0.494,-0.118,0.53,0.204,-0.169,0.367,0.582,0.703,0.398,0.1,0.123,0.789,0.426,-0.378,-0.371
CAN,-0.504,-0.541,-0.564,-0.343,-0.206,-0.443,0.217,0.138,-0.422,-0.055,-0.265,0.072,-0.324,1.0,0.0,-0.236,-0.644,0.372,0.563,-0.696,-0.387,-0.387,0.058,0.353,-0.399,0.403,0.615,-0.527,0.128,-0.458,0.611,-0.511,-0.498,-0.293,-0.335,-0.173,-0.454,0.545,0.446,-0.46,-0.535,0.502,-0.241,0.214,0.258,0.099,-0.462,-0.553,-0.535,-0.519,0.737,0.677,-0.02,-0.769,0.667,0.683,0.437,0.77,0.42,-0.707,0.177,0.216,-0.476,0.689,0.374,-0.771,-0.632,-0.542,0.065,-0.777,-0.046,-0.713,-0.094,0.302,-0.053,-0.374,0.362,-0.168,0.613,-0.559,0.114,-0.573,0.658,0.493,-0.561,-0.286,0.683,-0.653,-0.496,-0.669,-0.114,-0.703,-0.467,0.032,0.144,0.358,-0.073,-0.517,0.695,-0.205
CHRD,0.532,-0.111,-0.146,0.271,0.158,-0.223,0.369,-0.117,0.263,-0.298,0.272,-0.346,0.624,0.0,1.0,0.086,0.237,-0.374,0.175,0.172,-0.329,-0.339,0.446,0.374,0.409,0.497,-0.235,0.154,-0.299,-0.399,0.082,-0.322,-0.365,0.246,0.441,0.51,0.117,-0.125,0.323,0.433,-0.444,0.093,0.222,0.298,0.251,0.425,-0.308,-0.374,-0.053,0.396,0.024,0.09,-0.136,-0.043,0.166,0.258,-0.229,0.243,0.361,-0.201,0.357,0.202,0.525,-0.026,0.693,-0.121,-0.051,0.155,0.099,0.018,0.028,-0.041,0.681,-0.284,-0.066,0.075,0.229,0.315,0.096,0.15,0.578,0.241,0.084,0.23,-0.007,0.284,0.233,0.137,-0.154,-0.422,0.166,0.134,0.533,0.399,0.371,0.37,0.555,0.352,0.057,-0.471
CMCSA,0.06,-0.076,0.322,0.239,-0.107,-0.076,-0.074,0.205,-0.03,0.455,-0.251,-0.236,0.166,-0.236,0.086,1.0,0.04,-0.111,-0.375,0.338,0.385,0.162,0.02,0.097,0.285,-0.164,-0.319,-0.059,0.128,-0.07,0.104,0.331,0.36,0.472,0.301,0.107,0.198,-0.472,-0.392,0.217,-0.074,0.013,0.447,-0.038,-0.456,-0.308,0.125,0.463,-0.15,-0.034,-0.105,-0.425,-0.302,0.3,-0.251,-0.244,-0.32,-0.27,-0.394,-0.014,0.409,0.105,0.195,0.038,-0.164,0.147,-0.116,0.041,-0.397,0.19,0.51,-0.065,0.2,-0.46,-0.161,-0.006,-0.327,-0.199,-0.468,0.088,-0.107,0.509,-0.422,-0.244,-0.083,0.195,-0.217,0.104,0.146,0.128,-0.344,0.283,0.171,0.523,-0.093,0.069,0.158,0.186,-0.174,-0.209
CPRT,0.689,0.681,0.538,0.333,0.709,0.53,0.217,-0.328,0.818,-0.157,0.449,0.141,0.544,-0.644,0.237,0.04,1.0,-0.216,-0.496,0.795,0.036,0.363,0.267,-0.11,0.501,-0.073,-0.452,0.788,-0.184,0.275,-0.67,0.288,0.304,0.066,0.468,0.47,0.468,-0.133,-0.274,0.722,0.324,-0.709,0.288,0.071,-0.123,0.455,0.197,0.248,0.714,0.799,-0.698,-0.472,0.473,0.648,-0.651,-0.44,-0.049,-0.449,-0.01,0.648,-0.23,-0.262,0.628,-0.557,-0.012,0.645,0.648,0.711,0.149,0.702,-0.103,0.679,0.404,-0.05,0.427,0.655,-0.081,0.611,-0.301,0.719,0.065,0.633,-0.439,-0.583,0.649,0.326,-0.28,0.798,0.643,0.363,0.566,0.812,0.599,-0.039,-0.066,-0.27,0.249,0.74,-0.711,0.218
CRWD,-0.504,-0.1,-0.123,-0.32,0.08,0.08,-0.115,0.141,-0.182,0.249,-0.196,0.647,-0.615,0.372,-0.374,-0.111,-0.216,1.0,-0.028,-0.417,0.133,0.305,-0.264,-0.219,-0.635,-0.174,0.827,-0.272,0.362,0.184,0.092,-0.003,0.04,-0.588,-0.671,-0.626,-0.185,0.569,-0.116,-0.488,0.26,-0.034,-0.337,-0.117,-0.087,-0.223,0.199,0.038,-0.147,-0.273,0.268,0.27,0.275,-0.202,0.092,0.464,0.681,0.267,0.093,-0.077,-0.495,-0.361,-0.411,0.194,-0.27,-0.22,-0.025,-0.118,0.183,-0.256,-0.001,-0.291,-0.524,0.502,0.292,-0.069,0.028,-0.14,0.479,-0.277,-0.446,-0.437,0.197,-0.162,-0.119,-0.422,0.328,-0.35,-0.003,0.044,0.156,-0.311,-0.542,-0.242,0.022,-0.047,-0.6,-0.107,0.384,0.542
CSCO,-0.158,-0.459,-0.538,-0.229,-0.208,-0.547,0.201,-0.151,-0.365,-0.343,0.157,-0.276,-0.046,0.563,0.175,-0.375,-0.496,-0.028,1.0,-0.45,-0.516,-0.633,0.182,0.417,-0.08,0.463,0.283,-0.335,-0.301,-0.412,0.437,-0.679,-0.669,-0.173,-0.117,0.111,-0.398,0.24,0.747,-0.261,-0.562,0.406,-0.334,0.189,0.656,0.071,-0.525,-0.689,-0.382,-0.364,0.595,0.738,-0.253,-0.623,0.875,0.48,0.061,0.653,0.465,-0.63,0.272,0.278,-0.165,0.466,0.564,-0.66,-0.545,-0.402,0.046,-0.536,-0.295,-0.521,0.031,0.206,-0.071,-0.349,0.619,-0.218,0.45,-0.464,0.37,-0.523,0.761,0.74,-0.19,-0.138,0.493,-0.493,-0.661,-0.625,-0.108,-0.617,-0.136,0.034,0.303,0.343,0.252,-0.414,0.568,-0.387
CSX,0.69,0.611,0.693,0.352,0.371,0.439,0.095,-0.153,0.665,0.018,0.348,-0.052,0.707,-0.696,0.172,0.338,0.795,-0.417,-0.45,1.0,0.179,0.314,0.343,-0.024,0.774,-0.083,-0.625,0.615,-0.124,0.175,-0.474,0.441,0.47,0.395,0.707,0.535,0.512,-0.367,-0.286,0.783,0.234,-0.556,0.436,-0.022,-0.207,0.266,0.133,0.395,0.633,0.615,-0.653,-0.556,0.219,0.728,-0.604,-0.677,-0.322,-0.653,-0.252,0.51,0.136,-0.049,0.669,-0.432,-0.1,0.626,0.451,0.574,-0.095,0.716,0.087,0.585,0.467,-0.259,0.175,0.507,-0.165,0.419,-0.548,0.727,0.069,0.779,-0.515,-0.499,0.574,0.48,-0.508,0.782,0.571,0.345,0.299,0.879,0.675,0.204,-0.102,-0.122,0.485,0.608,-0.723,0.008
DKNG,-0.151,0.111,0.3,0.119,-0.094,0.314,-0.465,0.287,-0.063,0.431,-0.046,0.143,-0.186,-0.387,-0.329,0.385,0.036,0.133,-0.516,0.179,1.0,0.453,-0.197,-0.414,-0.225,-0.56,-0.14,0.043,0.378,0.241,-0.165,0.611,0.615,0.149,-0.208,-0.368,0.143,-0.199,-0.423,-0.101,0.44,-0.113,0.254,-0.422,-0.481,-0.4,0.362,0.565,0.068,0.017,-0.257,-0.46,-0.034,0.395,-0.461,-0.401,-0.062,-0.549,-0.408,0.314,-0.055,-0.146,-0.129,-0.148,-0.677,0.423,0.213,0.102,-0.205,0.387,0.306,0.248,-0.307,-0.074,-0.131,-0.068,-0.535,-0.12,-0.433,0.172,-0.558,0.166,-0.545,-0.271,0.174,0.014,-0.339,0.161,0.343,0.558,-0.115,0.285,-0.154,0.097,-0.268,-0.135,-0.359,-0.051,-0.362,0.306
EBAY,-0.015,0.477,0.56,0.057,0.281,0.538,-0.245,0.271,0.442,0.333,-0.03,0.522,-0.024,-0.387,-0.339,0.162,0.363,0.305,-0.633,0.314,0.453,1.0,-0.097,-0.537,-0.063,-0.504,-0.055,0.249,0.391,0.451,-0.395,0.562,0.6,-0.135,-0.074,-0.362,0.56,0.097,-0.583,0.156,0.564,-0.542,0.193,-0.21,-0.507,-0.005,0.487,0.62,0.323,0.317,-0.36,-0.441,0.464,0.496,-0.568,-0.258,0.31,-0.486,-0.335,0.554,-0.519,-0.28,0.01,-0.344,-0.54,0.523,0.479,0.299,0.064,0.493,0.185,0.4,-0.122,0.228,0.29,0.331,-0.553,0.325,-0.157,0.527,-0.511,0.289,-0.537,-0.61,0.283,0.189,-0.331,0.303,0.718,0.638,0.253,0.475,-0.003,-0.193,-0.194,-0.332,-0.377,0.282,-0.359,0.546
ERIC,0.339,0.165,-0.006,0.415,0.263,0.041,0.481,-0.277,0.451,0.026,0.467,-0.085,0.59,0.058,0.446,0.02,0.267,-0.264,0.182,0.343,-0.197,-0.097,1.0,0.408,0.564,0.51,-0.239,0.188,-0.145,-0.425,-0.022,-0.279,-0.253,-0.03,0.53,0.422,0.072,0.073,0.45,0.466,-0.366,-0.049,0.27,0.526,0.121,0.429,-0.219,-0.287,0.16,0.247,-0.007,0.266,0.183,0.132,0.135,-0.016,-0.015,0.096,0.126,-0.1,0.218,0.123,0.497,-0.066,0.48,-0.04,-0.069,0.207,0.234,0.016,0.132,-0.063,0.567,-0.023,0.167,0.402,0.267,0.24,0.099,0.183,0.441,0.338,0.108,0.289,0.28,0.35,0.082,0.186,0.044,-0.305,0.297,0.196,0.377,0.451,0.098,0.181,0.537,0.244,-0.049,-0.339
EXC,0.117,-0.248,-0.302,0.045,0.016,-0.374,0.284,-0.203,-0.089,-0.178,0.026,-0.369,0.346,0.353,0.374,0.097,-0.11,-0.219,0.417,-0.024,-0.414,-0.537,0.408,1.0,0.345,0.563,-0.008,-0.073,-0.372,-0.582,0.399,-0.482,-0.452,0.069,0.378,0.502,-0.221,-0.003,0.45,0.129,-0.614,0.32,0.123,0.38,0.216,0.114,-0.494,-0.437,-0.114,-0.104,0.317,0.409,-0.224,-0.392,0.437,0.293,-0.088,0.469,0.184,-0.475,0.532,0.451,0.175,0.333,0.529,-0.452,-0.476,-0.217,-0.03,-0.353,0.235,-0.457,0.431,-0.25,-0.103,-0.12,0.456,-0.175,0.246,-0.165,0.433,0.004,0.326,0.424,-0.276,0.099,0.441,-0.08,-0.433,-0.619,0.031,-0.188,0.125,0.485,-0.051,0.266,0.518,-0.107,0.311,-0.599
FITB,0.663,0.354,0.428,0.392,0.229,0.145,0.383,-0.297,0.501,-0.115,0.333,-0.334,0.848,-0.399,0.409,0.285,0.501,-0.635,-0.08,0.774,-0.225,-0.063,0.564,0.345,1.0,0.368,-0.653,0.398,-0.342,-0.164,-0.242,0.023,0.035,0.399,0.935,0.713,0.319,-0.369,0.073,0.781,-0.203,-0.242,0.37,0.327,0.014,0.372,-0.184,0.027,0.421,0.432,-0.359,-0.222,-0.03,0.403,-0.218,-0.466,-0.438,-0.349,-0.099,0.126,0.431,0.228,0.655,-0.203,0.31,0.256,0.154,0.375,-0.06,0.387,0.031,0.249,0.704,-0.332,0.12,0.428,0.13,0.296,-0.367,0.495,0.435,0.667,-0.19,-0.1,0.339,0.473,-0.336,0.543,0.195,-0.073,0.171,0.54,0.696,0.367,0.087,0.036,0.772,0.422,-0.434,-0.401
FLEX,0.175,-0.087,-0.336,0.106,0.184,-0.067,0.697,-0.345,0.156,-0.157,0.171,-0.186,0.433,0.403,0.497,-0.164,-0.073,-0.174,0.463,-0.083,-0.56,-0.504,0.51,0.563,0.368,1.0,0.086,-0.046,-0.359,-0.549,0.24,-0.489,-0.494,-0.124,0.325,0.366,-0.298,0.235,0.562,0.157,-0.617,0.207,0.019,0.661,0.335,0.449,-0.52,-0.606,0.07,0.111,0.229,0.577,0.003,-0.442,0.471,0.356,0.059,0.46,0.372,-0.451,0.427,0.153,0.202,0.368,0.652,-0.491,-0.243,-0.002,0.191,-0.271,-0.155,-0.345,0.426,0.089,0.315,0.238,0.488,0.11,0.421,-0.04,0.531,-0.119,0.441,0.383,-0.135,-0.032,0.288,-0.094,-0.404,-0.709,0.3,-0.191,0.136,0.222,0.218,0.164,0.507,-0.053,0.328,-0.484
FTNT,-0.554,-0.308,-0.419,-0.413,-0.108,-0.136,-0.051,0.108,-0.362,0.128,-0.234,0.49,-0.587,0.615,-0.235,-0.319,-0.452,0.827,0.283,-0.625,-0.14,-0.055,-0.239,-0.008,-0.653,0.086,1.0,-0.379,0.306,-0.03,0.356,-0.245,-0.221,-0.484,-0.654,-0.505,-0.335,0.653,0.154,-0.631,0.003,0.245,-0.409,-0.028,0.165,-0.184,-0.058,-0.259,-0.246,-0.415,0.477,0.553,0.113,-0.526,0.404,0.641,0.633,0.52,0.221,-0.341,-0.286,-0.188,-0.444,0.381,-0.042,-0.467,-0.242,-0.304,0.178,-0.493,-0.017,-0.457,-0.468,0.425,0.105,-0.26,0.175,-0.241,0.666,-0.465,-0.163,-0.64,0.431,0.152,-0.343,-0.445,0.476,-0.468,-0.327,-0.255,0.087,-0.577,-0.585,-0.226,0.12,0.109,-0.478,-0.29,0.639,0.283
GEN,0.641,0.707,0.439,0.406,0.568,0.476,0.201,-0.316,0.713,-0.261,0.437,0.234,0.422,-0.527,0.154,-0.059,0.788,-0.272,-0.335,0.615,0.043,0.249,0.188,-0.073,0.398,-0.046,-0.379,1.0,-0.18,0.188,-0.631,0.27,0.245,0.041,0.39,0.442,0.274,-0.017,-0.177,0.596,0.28,-0.654,0.197,0.028,-0.158,0.546,0.17,0.112,0.819,0.741,-0.712,-0.232,0.494,0.505,-0.505,-0.41,-0.138,-0.396,0.043,0.556,-0.253,-0.232,0.55,-0.568,0.088,0.58,0.607,0.714,0.08,0.751,-0.132,0.711,0.22,0.092,0.342,0.543,-0.062,0.632,-0.129,0.635,0.004,0.447,-0.368,-0.441,0.638,0.219,-0.316,0.881,0.552,0.295,0.67,0.641,0.566,-0.167,-0.169,-0.413,0.262,0.688,-0.587,0.14
GERN,-0.361,-0.05,0.064,-0.124,-0.234,0.191,-0.182,0.54,-0.095,0.504,-0.243,0.485,-0.271,0.128,-0.299,0.128,-0.184,0.362,-0.301,-0.124,0.378,0.391,-0.145,-0.372,-0.342,-0.359,0.306,-0.18,1.0,0.008,0.149,0.3,0.32,-0.047,-0.329,-0.463,0.107,0.267,-0.414,-0.311,0.329,-0.037,0.311,-0.154,-0.444,-0.172,0.381,0.348,-0.173,-0.18,0.071,-0.16,0.164,-0.017,-0.154,0.044,0.347,-0.103,-0.09,0.107,-0.126,-0.15,-0.21,0.212,-0.41,0.091,0.09,-0.173,0.159,-0.044,0.282,0.061,-0.292,0.267,-0.089,-0.103,-0.416,0.013,0.05,0.007,-0.408,-0.121,-0.214,-0.28,-0.096,-0.178,-0.005,-0.096,0.289,0.27,-0.09,-0.009,-0.329,-0.008,0.061,0.121,-0.323,-0.148,0.063,0.492
GEVO,-0.026,0.428,0.47,-0.235,0.163,0.441,-0.297,0.078,0.168,0.084,0.039,0.309,-0.258,-0.458,-0.399,-0.07,0.275,0.184,-0.412,0.175,0.241,0.451,-0.425,-0.582,-0.164,-0.549,-0.03,0.188,0.008,1.0,-0.485,0.582,0.579,-0.043,-0.218,-0.198,0.403,-0.085,-0.401,-0.052,0.695,-0.383,-0.236,-0.394,0.103,-0.15,0.402,0.469,0.325,0.152,-0.447,-0.412,0.342,0.374,-0.501,-0.336,0.129,-0.472,-0.333,0.615,-0.45,-0.371,-0.174,-0.423,-0.46,0.459,0.546,0.187,0.008,0.339,-0.247,0.428,-0.404,0.112,0.18,0.157,-0.284,0.113,-0.247,0.275,-0.38,0.015,-0.321,-0.542,0.229,-0.042,-0.435,0.19,0.47,0.667,0.032,0.323,-0.065,-0.494,-0.142,-0.513,-0.448,0.192,-0.404,0.635
GILD,-0.429,-0.64,-0.491,-0.273,-0.524,-0.57,-0.14,0.386,-0.566,0.076,-0.419,-0.255,-0.149,0.611,0.082,0.104,-0.67,0.092,0.437,-0.474,-0.165,-0.395,-0.022,0.399,-0.242,0.24,0.356,-0.631,0.149,-0.485,1.0,-0.327,-0.292,0.215,-0.17,-0.166,-0.289,0.121,0.298,-0.462,-0.517,0.646,0.015,0.042,0.112,-0.312,-0.277,-0.271,-0.644,-0.627,0.682,0.394,-0.36,-0.608,0.615,0.506,0.105,0.573,0.126,-0.639,0.449,0.336,-0.267,0.639,0.267,-0.663,-0.679,-0.647,-0.149,-0.688,0.346,-0.673,-0.051,-0.149,-0.406,-0.581,0.128,-0.499,0.303,-0.458,0.282,-0.398,0.379,0.535,-0.679,-0.132,0.448,-0.633,-0.594,-0.566,-0.381,-0.493,-0.331,0.291,0.114,0.508,0.097,-0.555,0.626,-0.384
GOOG,0.065,0.493,0.681,-0.101,0.077,0.661,-0.341,0.371,0.324,0.443,-0.115,0.325,-0.019,-0.511,-0.322,0.331,0.288,-0.003,-0.679,0.441,0.611,0.562,-0.279,-0.482,0.023,-0.489,-0.245,0.27,0.3,0.582,-0.327,1.0,0.98,0.261,-0.015,-0.093,0.346,-0.2,-0.665,0.095,0.657,-0.356,0.196,-0.489,-0.412,-0.181,0.574,0.742,0.392,0.31,-0.535,-0.64,0.303,0.483,-0.678,-0.494,-0.066,-0.636,-0.521,0.547,-0.083,-0.306,-0.049,-0.294,-0.574,0.598,0.474,0.222,-0.25,0.555,0.147,0.485,-0.283,0.037,0.009,0.18,-0.611,0.146,-0.444,0.518,-0.576,0.349,-0.609,-0.68,0.27,0.117,-0.604,0.37,0.638,0.682,-0.021,0.659,0.051,-0.159,-0.321,-0.425,-0.203,0.258,-0.541,0.434
GOOGL,0.038,0.522,0.701,-0.113,0.114,0.659,-0.33,0.362,0.333,0.476,-0.102,0.339,-0.009,-0.498,-0.365,0.36,0.304,0.04,-0.669,0.47,0.615,0.6,-0.253,-0.452,0.035,-0.494,-0.221,0.245,0.32,0.579,-0.292,0.98,1.0,0.232,-0.003,-0.105,0.373,-0.161,-0.645,0.092,0.639,-0.396,0.216,-0.443,-0.414,-0.204,0.542,0.765,0.386,0.284,-0.515,-0.607,0.332,0.48,-0.679,-0.497,0.005,-0.636,-0.521,0.556,-0.08,-0.308,-0.049,-0.246,-0.61,0.574,0.48,0.195,-0.205,0.525,0.186,0.459,-0.284,0.048,0.067,0.204,-0.596,0.117,-0.447,0.539,-0.582,0.344,-0.598,-0.684,0.26,0.104,-0.577,0.356,0.654,0.683,-0.007,0.67,0.028,-0.133,-0.318,-0.416,-0.198,0.225,-0.545,0.454
GT,0.322,-0.119,0.225,0.045,-0.33,-0.168,-0.204,0.188,-0.102,0.1,-0.194,-0.54,0.323,-0.293,0.246,0.472,0.066,-0.588,-0.173,0.395,0.149,-0.135,-0.03,0.069,0.399,-0.124,-0.484,0.041,-0.047,-0.043,0.215,0.261,0.232,1.0,0.467,0.352,0.238,-0.651,-0.237,0.337,-0.118,0.239,0.309,-0.262,-0.081,-0.208,-0.062,0.252,-0.091,-0.023,-0.161,-0.462,-0.453,0.218,-0.128,-0.409,-0.605,-0.324,-0.337,0.008,0.592,0.336,0.263,-0.061,-0.035,0.159,-0.096,-0.073,-0.497,0.186,0.281,0.141,0.299,-0.674,-0.5,-0.224,-0.221,-0.134,-0.597,0.115,0.325,0.491,-0.351,-0.031,-0.107,0.368,-0.304,0.181,-0.015,0.028,-0.43,0.319,0.449,0.408,0.041,0.264,0.307,0.035,-0.254,-0.379
HBAN,0.631,0.293,0.399,0.435,0.179,0.047,0.329,-0.264,0.429,-0.139,0.265,-0.367,0.809,-0.335,0.441,0.301,0.468,-0.671,-0.117,0.707,-0.208,-0.074,0.53,0.378,0.935,0.325,-0.654,0.39,-0.329,-0.218,-0.17,-0.015,-0.003,0.467,1.0,0.692,0.362,-0.364,0.058,0.775,-0.282,-0.208,0.381,0.329,-0.018,0.39,-0.208,-0.015,0.343,0.355,-0.306,-0.235,-0.068,0.326,-0.236,-0.449,-0.455,-0.321,-0.105,0.107,0.449,0.347,0.646,-0.206,0.311,0.217,0.12,0.303,-0.024,0.31,0.124,0.22,0.793,-0.399,-0.016,0.306,0.045,0.321,-0.375,0.445,0.51,0.689,-0.223,-0.084,0.231,0.566,-0.266,0.531,0.186,-0.095,0.122,0.51,0.697,0.414,0.078,0.081,0.774,0.382,-0.427,-0.503
HST,0.627,0.17,0.193,0.201,0.351,-0.018,0.38,-0.298,0.428,-0.337,0.403,-0.389,0.685,-0.173,0.51,0.107,0.47,-0.626,0.111,0.535,-0.368,-0.362,0.422,0.502,0.713,0.366,-0.505,0.442,-0.463,-0.198,-0.166,-0.093,-0.105,0.352,0.692,1.0,0.156,-0.274,0.273,0.65,-0.341,-0.132,0.198,0.191,0.231,0.376,-0.31,-0.168,0.307,0.394,-0.256,-0.066,-0.042,0.133,-0.041,-0.167,-0.374,0.059,0.126,-0.076,0.463,0.29,0.523,-0.122,0.523,0.075,-0.041,0.261,-0.142,0.227,-0.134,0.147,0.632,-0.296,-0.006,0.23,0.274,0.255,-0.152,0.327,0.408,0.503,0.002,0.017,0.177,0.362,0.048,0.444,-0.008,-0.302,0.151,0.391,0.625,0.309,0.082,0.031,0.724,0.404,-0.265,-0.511
INTC,0.384,0.35,0.562,0.07,0.234,0.245,-0.138,0.216,0.441,0.044,0.157,0.079,0.433,-0.454,0.117,0.198,0.468,-0.185,-0.398,0.512,0.143,0.56,0.072,-0.221,0.319,-0.298,-0.335,0.274,0.107,0.403,-0.289,0.346,0.373,0.238,0.362,0.156,1.0,-0.079,-0.278,0.496,0.236,-0.409,0.336,-0.152,-0.054,0.152,0.141,0.402,0.276,0.336,-0.314,-0.446,0.236,0.407,-0.461,-0.329,0.102,-0.442,-0.17,0.425,-0.079,0.156,0.355,-0.291,-0.14,0.43,0.38,0.228,0.01,0.404,0.127,0.384,0.4,-0.157,0.011,0.18,-0.313,0.425,-0.311,0.619,0.0,0.423,-0.461,-0.432,0.126,0.554,-0.178,0.426,0.513,0.382,0.154,0.567,0.436,0.123,-0.085,-0.075,0.122,0.366,-0.444,0.197
IOVA,-0.265,0.076,-0.162,-0.262,0.302,0.142,0.207,0.018,0.128,-0.055,0.175,0.636,-0.189,0.545,-0.125,-0.472,-0.133,0.569,0.24,-0.367,-0.199,0.097,0.073,-0.003,-0.369,0.235,0.653,-0.017,0.267,-0.085,0.121,-0.2,-0.161,-0.651,-0.364,-0.274,-0.079,1.0,0.311,-0.308,0.021,-0.131,-0.144,0.198,0.175,0.357,-0.118,-0.273,0.108,-0.036,0.311,0.574,0.549,-0.4,0.204,0.47,0.77,0.388,0.427,-0.111,-0.329,-0.228,-0.256,0.354,0.162,-0.255,0.018,-0.024,0.418,-0.257,-0.163,-0.145,-0.195,0.669,0.412,0.085,0.217,0.301,0.727,0.042,-0.108,-0.527,0.435,0.041,-0.078,-0.276,0.423,-0.144,0.081,-0.187,0.518,-0.268,-0.352,-0.278,0.087,-0.074,-0.191,-0.09,0.334,0.317
IQ,0.035,-0.28,-0.443,-0.016,0.027,-0.412,0.333,-0.291,-0.135,-0.415,0.519,-0.242,0.168,0.446,0.323,-0.392,-0.274,-0.116,0.747,-0.286,-0.423,-0.583,0.45,0.45,0.073,0.562,0.154,-0.177,-0.414,-0.401,0.298,-0.665,-0.645,-0.237,0.058,0.273,-0.278,0.311,1.0,-0.063,-0.517,0.262,-0.244,0.336,0.629,0.28,-0.562,-0.681,-0.193,-0.17,0.393,0.758,-0.092,-0.412,0.618,0.365,0.07,0.535,0.469,-0.489,0.208,0.259,-0.032,0.306,0.638,-0.573,-0.388,-0.147,0.161,-0.456,-0.322,-0.42,0.204,0.095,0.036,-0.126,0.668,-0.011,0.434,-0.24,0.469,-0.372,0.618,0.711,-0.186,-0.015,0.47,-0.313,-0.54,-0.65,0.122,-0.447,0.014,0.085,0.311,0.2,0.341,-0.251,0.394,-0.405
JBLU,0.859,0.471,0.5,0.367,0.399,0.22,0.325,-0.246,0.644,-0.195,0.358,-0.148,0.766,-0.46,0.433,0.217,0.722,-0.488,-0.261,0.783,-0.101,0.156,0.466,0.129,0.781,0.157,-0.631,0.596,-0.311,-0.052,-0.462,0.095,0.092,0.337,0.775,0.65,0.496,-0.308,-0.063,1.0,-0.086,-0.441,0.322,0.112,-0.05,0.495,-0.083,0.063,0.496,0.572,-0.499,-0.328,0.165,0.485,-0.39,-0.446,-0.316,-0.399,-0.049,0.251,0.14,0.174,0.708,-0.418,0.233,0.39,0.318,0.541,-0.078,0.558,-0.068,0.46,0.692,-0.283,0.156,0.464,0.011,0.534,-0.38,0.597,0.284,0.745,-0.327,-0.312,0.401,0.58,-0.235,0.659,0.36,0.011,0.333,0.688,0.883,0.267,0.011,-0.037,0.569,0.63,-0.523,-0.24
JD,-0.053,0.499,0.526,-0.054,0.132,0.62,-0.294,0.082,0.239,0.248,0.158,0.574,-0.267,-0.535,-0.444,-0.074,0.324,0.26,-0.562,0.234,0.44,0.564,-0.366,-0.614,-0.203,-0.617,0.003,0.28,0.329,0.695,-0.517,0.657,0.639,-0.118,-0.282,-0.341,0.236,0.021,-0.517,-0.086,1.0,-0.457,-0.059,-0.368,-0.254,-0.144,0.695,0.58,0.385,0.264,-0.594,-0.469,0.403,0.553,-0.626,-0.378,0.064,-0.57,-0.383,0.773,-0.556,-0.584,-0.094,-0.466,-0.612,0.584,0.656,0.354,0.146,0.438,-0.086,0.546,-0.46,0.256,0.194,0.249,-0.343,0.201,-0.246,0.364,-0.492,0.068,-0.472,-0.647,0.402,-0.134,-0.516,0.29,0.601,0.808,0.124,0.408,-0.137,-0.486,-0.153,-0.547,-0.447,0.279,-0.453,0.79
KDP,-0.434,-0.722,-0.566,-0.232,-0.57,-0.565,-0.167,0.09,-0.709,0.017,-0.454,-0.418,-0.253,0.502,0.093,0.013,-0.709,-0.034,0.406,-0.556,-0.113,-0.542,-0.049,0.32,-0.242,0.207,0.245,-0.654,-0.037,-0.383,0.646,-0.356,-0.396,0.239,-0.208,-0.132,-0.409,-0.131,0.262,-0.441,-0.457,1.0,-0.109,-0.016,0.229,-0.405,-0.297,-0.272,-0.662,-0.659,0.574,0.268,-0.572,-0.533,0.585,0.32,-0.119,0.433,-0.037,-0.609,0.438,0.34,-0.322,0.411,0.175,-0.604,-0.657,-0.66,-0.222,-0.628,0.203,-0.651,-0.027,-0.252,-0.51,-0.594,0.225,-0.618,0.104,-0.637,0.27,-0.33,0.287,0.625,-0.612,-0.127,0.313,-0.635,-0.697,-0.486,-0.564,-0.616,-0.338,0.331,0.152,0.406,-0.079,-0.609,0.535,-0.428
KHC,0.234,0.123,0.202,0.327,0.165,0.145,0.014,0.118,0.319,0.157,0.039,-0.116,0.528,-0.241,0.222,0.447,0.288,-0.337,-0.334,0.436,0.254,0.193,0.27,0.123,0.37,0.019,-0.409,0.197,0.311,-0.236,0.015,0.196,0.216,0.309,0.381,0.198,0.336,-0.144,-0.244,0.322,-0.059,-0.109,1.0,0.164,-0.347,0.193,-0.063,0.325,0.117,0.344,-0.202,-0.337,0.079,0.243,-0.249,-0.259,-0.074,-0.275,-0.105,0.192,0.263,0.037,0.387,0.021,-0.079,0.255,0.089,0.201,-0.014,0.311,0.412,0.193,0.459,-0.196,0.021,0.213,-0.336,0.283,-0.296,0.42,0.089,0.444,-0.459,-0.179,0.089,0.231,-0.097,0.331,0.329,0.116,0.135,0.446,0.258,0.534,-0.142,0.084,0.314,0.155,-0.319,-0.039
LRCX,-0.018,0.089,-0.25,0.502,0.304,0.01,0.746,-0.503,0.224,-0.056,0.261,-0.045,0.344,0.214,0.298,-0.038,0.071,-0.117,0.189,-0.022,-0.422,-0.21,0.526,0.38,0.327,0.661,-0.028,0.028,-0.154,-0.394,0.042,-0.489,-0.443,-0.262,0.329,0.191,-0.152,0.198,0.336,0.112,-0.368,-0.016,0.164,1.0,0.111,0.407,-0.322,-0.361,0.088,0.082,0.009,0.403,0.137,-0.157,0.269,0.183,0.098,0.27,0.198,-0.026,0.123,-0.067,0.313,0.093,0.392,-0.253,-0.045,0.17,0.524,-0.156,0.09,-0.153,0.429,0.108,0.46,0.455,0.274,0.127,0.31,-0.021,0.558,-0.003,0.175,0.25,0.02,-0.128,0.148,0.019,-0.066,-0.323,0.327,-0.13,-0.032,0.189,0.132,-0.007,0.364,0.027,0.196,-0.248
LYFT,0.103,-0.203,-0.295,-0.321,0.045,-0.291,0.153,-0.259,-0.152,-0.472,0.271,-0.249,0.1,0.258,0.251,-0.456,-0.123,-0.087,0.656,-0.207,-0.481,-0.507,0.121,0.216,0.014,0.335,0.165,-0.158,-0.444,0.103,0.112,-0.412,-0.414,-0.081,-0.018,0.231,-0.054,0.175,0.629,-0.05,-0.254,0.229,-0.347,0.111,1.0,0.185,-0.471,-0.49,-0.095,-0.129,0.265,0.444,-0.032,-0.409,0.509,0.25,0.159,0.365,0.312,-0.24,0.147,0.15,-0.086,0.198,0.467,-0.403,-0.173,-0.172,0.077,-0.319,-0.49,-0.207,0.11,0.073,0.03,-0.183,0.543,-0.0,0.29,-0.167,0.454,-0.364,0.521,0.423,-0.117,-0.035,0.314,-0.27,-0.399,-0.382,0.022,-0.299,0.066,-0.072,0.356,0.13,0.144,-0.181,0.249,-0.125
MARA,0.506,0.436,0.091,0.268,0.536,0.236,0.563,-0.295,0.614,-0.441,0.471,0.192,0.542,0.099,0.425,-0.308,0.455,-0.223,0.071,0.266,-0.4,-0.005,0.429,0.114,0.372,0.449,-0.184,0.546,-0.172,-0.15,-0.312,-0.181,-0.204,-0.208,0.39,0.376,0.152,0.357,0.28,0.495,-0.144,-0.405,0.193,0.407,0.185,1.0,-0.274,-0.344,0.465,0.589,-0.23,0.182,0.604,0.045,-0.076,-0.01,0.155,0.029,0.469,0.162,-0.097,-0.055,0.353,-0.088,0.527,0.063,0.306,0.453,0.382,0.243,-0.341,0.331,0.477,0.336,0.455,0.464,0.259,0.87,0.243,0.457,0.324,0.111,0.105,-0.098,0.309,0.164,0.111,0.407,0.327,-0.196,0.695,0.274,0.426,-0.146,0.12,-0.108,0.447,0.377,-0.213,-0.029
MCHP,-0.114,0.315,0.382,0.001,-0.041,0.456,-0.27,0.261,0.193,0.386,-0.041,0.443,-0.292,-0.462,-0.308,0.125,0.197,0.199,-0.525,0.133,0.362,0.487,-0.219,-0.494,-0.184,-0.52,-0.058,0.17,0.381,0.402,-0.277,0.574,0.542,-0.062,-0.208,-0.31,0.141,-0.118,-0.562,-0.083,0.695,-0.297,-0.063,-0.322,-0.471,-0.274,1.0,0.581,0.169,0.081,-0.401,-0.472,0.215,0.406,-0.519,-0.182,-0.044,-0.364,-0.4,0.507,-0.447,-0.418,0.053,-0.466,-0.383,0.45,0.427,0.162,0.081,0.303,0.115,0.36,-0.373,0.161,-0.015,0.143,-0.446,-0.004,-0.192,0.171,-0.478,0.195,-0.408,-0.559,0.299,-0.072,-0.459,0.177,0.464,0.574,-0.106,0.354,-0.092,-0.26,-0.121,-0.398,-0.311,0.343,-0.286,0.478
MDLZ,-0.037,0.288,0.576,-0.066,0.116,0.443,-0.389,0.266,0.18,0.491,-0.132,0.175,-0.079,-0.553,-0.374,0.463,0.248,0.038,-0.689,0.395,0.565,0.62,-0.287,-0.437,0.027,-0.606,-0.259,0.112,0.348,0.469,-0.271,0.742,0.765,0.252,-0.015,-0.168,0.402,-0.273,-0.681,0.063,0.58,-0.272,0.325,-0.361,-0.49,-0.344,0.581,1.0,0.21,0.138,-0.38,-0.709,0.109,0.521,-0.643,-0.487,-0.047,-0.633,-0.545,0.522,-0.177,-0.258,-0.038,-0.276,-0.653,0.596,0.371,0.113,-0.236,0.5,0.358,0.409,-0.208,-0.109,0.049,0.153,-0.537,-0.018,-0.475,0.369,-0.502,0.46,-0.576,-0.621,0.196,0.087,-0.56,0.301,0.599,0.667,-0.16,0.495,-0.012,0.051,-0.196,-0.375,-0.285,0.158,-0.452,0.376
META,0.53,0.814,0.494,0.256,0.564,0.719,0.223,-0.332,0.714,-0.134,0.388,0.343,0.408,-0.535,-0.053,-0.15,0.714,-0.147,-0.382,0.633,0.068,0.323,0.16,-0.114,0.421,0.07,-0.246,0.819,-0.173,0.325,-0.644,0.392,0.386,-0.091,0.343,0.307,0.276,0.108,-0.193,0.496,0.385,-0.662,0.117,0.088,-0.095,0.465,0.169,0.21,1.0,0.661,-0.692,-0.205,0.57,0.468,-0.536,-0.455,0.023,-0.501,-0.074,0.574,-0.249,-0.316,0.423,-0.465,-0.103,0.583,0.646,0.705,0.166,0.753,-0.188,0.708,0.078,0.179,0.49,0.634,-0.09,0.546,-0.061,0.689,-0.095,0.329,-0.331,-0.539,0.615,0.109,-0.458,0.835,0.57,0.335,0.726,0.642,0.411,-0.26,-0.25,-0.501,0.195,0.591,-0.532,0.247
MNST,0.666,0.634,0.438,0.316,0.678,0.568,0.272,-0.21,0.843,-0.159,0.45,0.136,0.576,-0.519,0.396,-0.034,0.799,-0.273,-0.364,0.615,0.017,0.317,0.247,-0.104,0.432,0.111,-0.415,0.741,-0.18,0.152,-0.627,0.31,0.284,-0.023,0.355,0.394,0.336,-0.036,-0.17,0.572,0.264,-0.659,0.344,0.082,-0.129,0.589,0.081,0.138,0.661,1.0,-0.598,-0.315,0.476,0.532,-0.51,-0.28,-0.042,-0.348,0.168,0.523,-0.168,-0.296,0.475,-0.393,0.114,0.57,0.633,0.69,0.131,0.675,-0.127,0.611,0.338,0.098,0.478,0.648,-0.054,0.734,-0.154,0.755,-0.014,0.455,-0.324,-0.433,0.603,0.237,-0.259,0.683,0.578,0.306,0.614,0.689,0.539,-0.112,-0.058,-0.282,0.286,0.641,-0.606,0.193
MRNA,-0.448,-0.744,-0.562,-0.415,-0.345,-0.638,-0.09,0.272,-0.577,0.028,-0.348,-0.243,-0.313,0.737,0.024,-0.105,-0.698,0.268,0.595,-0.653,-0.257,-0.36,-0.007,0.317,-0.359,0.229,0.477,-0.712,0.071,-0.447,0.682,-0.535,-0.515,-0.161,-0.306,-0.256,-0.314,0.311,0.393,-0.499,-0.594,0.574,-0.202,0.009,0.265,-0.23,-0.401,-0.38,-0.692,-0.598,1.0,0.474,-0.372,-0.69,0.687,0.614,0.321,0.657,0.4,-0.758,0.272,0.398,-0.477,0.737,0.272,-0.589,-0.711,-0.65,-0.112,-0.727,0.139,-0.693,-0.081,0.014,-0.276,-0.562,0.308,-0.413,0.478,-0.595,0.077,-0.523,0.703,0.594,-0.555,-0.151,0.633,-0.717,-0.565,-0.537,-0.343,-0.736,-0.394,0.208,0.23,0.556,-0.078,-0.598,0.692,-0.322
MRVL,-0.248,-0.208,-0.571,-0.065,-0.048,-0.322,0.322,-0.202,-0.22,-0.18,0.183,0.134,-0.15,0.677,0.09,-0.425,-0.472,0.27,0.738,-0.556,-0.46,-0.441,0.266,0.409,-0.222,0.577,0.553,-0.232,-0.16,-0.412,0.394,-0.64,-0.607,-0.462,-0.235,-0.066,-0.446,0.574,0.758,-0.328,-0.469,0.268,-0.337,0.403,0.444,0.182,-0.472,-0.709,-0.205,-0.315,0.474,1.0,0.058,-0.636,0.739,0.614,0.339,0.686,0.433,-0.521,0.011,0.047,-0.191,0.385,0.486,-0.694,-0.367,-0.223,0.243,-0.569,-0.197,-0.536,-0.098,0.365,0.138,-0.121,0.51,-0.129,0.712,-0.402,0.282,-0.624,0.656,0.628,-0.288,-0.261,0.539,-0.439,-0.557,-0.614,0.222,-0.615,-0.261,-0.057,0.154,0.116,0.058,-0.31,0.677,-0.207
MSFT,0.121,0.716,0.318,0.038,0.615,0.642,0.247,-0.073,0.676,-0.029,0.317,0.73,0.093,-0.02,-0.136,-0.302,0.473,0.275,-0.253,0.219,-0.034,0.464,0.183,-0.224,-0.03,0.003,0.113,0.494,0.164,0.342,-0.36,0.303,0.332,-0.453,-0.068,-0.042,0.236,0.549,-0.092,0.165,0.403,-0.572,0.079,0.137,-0.032,0.604,0.215,0.109,0.57,0.476,-0.372,0.058,1.0,0.186,-0.342,-0.027,0.536,-0.114,0.136,0.523,-0.518,-0.503,0.079,-0.226,-0.002,0.289,0.556,0.41,0.444,0.3,-0.17,0.424,-0.081,0.631,0.61,0.559,-0.069,0.651,0.285,0.529,-0.196,-0.041,-0.093,-0.438,0.378,-0.045,-0.063,0.33,0.645,0.286,0.723,0.434,0.028,-0.423,-0.159,-0.495,-0.085,0.363,-0.276,0.544
MSTR,0.43,0.559,0.639,0.5,0.266,0.441,-0.09,-0.162,0.511,0.107,0.297,0.086,0.29,-0.769,-0.043,0.3,0.648,-0.202,-0.623,0.728,0.395,0.496,0.132,-0.392,0.403,-0.442,-0.526,0.505,-0.017,0.374,-0.608,0.483,0.48,0.218,0.326,0.133,0.407,-0.4,-0.412,0.485,0.553,-0.533,0.243,-0.157,-0.409,0.045,0.406,0.521,0.468,0.532,-0.69,-0.636,0.186,1.0,-0.715,-0.678,-0.338,-0.738,-0.315,0.692,-0.25,-0.355,0.442,-0.643,-0.358,0.781,0.551,0.673,-0.052,0.688,0.105,0.638,0.104,-0.212,0.128,0.492,-0.25,0.293,-0.604,0.533,-0.135,0.619,-0.578,-0.513,0.622,0.274,-0.614,0.608,0.633,0.662,0.156,0.69,0.424,-0.049,-0.172,-0.272,0.089,0.595,-0.717,0.291
MU,-0.293,-0.618,-0.665,-0.187,-0.329,-0.629,0.147,-0.055,-0.511,-0.212,-0.099,-0.275,-0.152,0.667,0.166,-0.251,-0.651,0.092,0.875,-0.604,-0.461,-0.568,0.135,0.437,-0.218,0.471,0.404,-0.505,-0.154,-0.501,0.615,-0.678,-0.679,-0.128,-0.236,-0.041,-0.461,0.204,0.618,-0.39,-0.626,0.585,-0.249,0.269,0.509,-0.076,-0.519,-0.643,-0.536,-0.51,0.687,0.739,-0.342,-0.715,1.0,0.632,0.108,0.767,0.381,-0.722,0.298,0.302,-0.235,0.55,0.494,-0.78,-0.694,-0.465,0.01,-0.603,-0.091,-0.625,-0.002,0.118,-0.169,-0.445,0.497,-0.374,0.559,-0.598,0.381,-0.55,0.674,0.77,-0.389,-0.205,0.584,-0.647,-0.748,-0.691,-0.164,-0.73,-0.241,0.161,0.292,0.442,0.12,-0.487,0.827,-0.408
MVIS,-0.36,-0.473,-0.573,-0.281,-0.056,-0.352,0.153,0.147,-0.251,-0.114,-0.146,0.14,-0.285,0.683,0.258,-0.244,-0.44,0.464,0.48,-0.677,-0.401,-0.258,-0.016,0.293,-0.466,0.356,0.641,-0.41,0.044,-0.336,0.506,-0.494,-0.497,-0.409,-0.449,-0.167,-0.329,0.47,0.365,-0.446,-0.378,0.32,-0.259,0.183,0.25,-0.01,-0.182,-0.487,-0.455,-0.28,0.614,0.614,-0.027,-0.678,0.632,1.0,0.473,0.884,0.514,-0.571,-0.05,0.015,-0.301,0.475,0.455,-0.653,-0.418,-0.328,0.194,-0.622,-0.023,-0.592,-0.109,0.291,0.007,-0.315,0.278,-0.167,0.79,-0.44,0.073,-0.569,0.586,0.368,-0.445,-0.353,0.744,-0.594,-0.503,-0.577,0.036,-0.584,-0.369,-0.047,0.218,0.303,-0.117,-0.178,0.796,-0.105
NFLX,-0.325,0.044,-0.092,-0.374,0.37,0.239,0.082,0.124,0.125,0.068,-0.054,0.56,-0.24,0.437,-0.229,-0.32,-0.049,0.681,0.061,-0.322,-0.062,0.31,-0.015,-0.088,-0.438,0.059,0.633,-0.138,0.347,0.129,0.105,-0.066,0.005,-0.605,-0.455,-0.374,0.102,0.77,0.07,-0.316,0.064,-0.119,-0.074,0.098,0.159,0.155,-0.044,-0.047,0.023,-0.042,0.321,0.339,0.536,-0.338,0.108,0.473,1.0,0.348,0.362,-0.036,-0.373,-0.213,-0.365,0.367,-0.04,-0.228,0.088,-0.121,0.312,-0.27,-0.067,-0.195,-0.232,0.62,0.465,0.084,0.114,0.182,0.58,0.068,-0.252,-0.448,0.295,-0.133,-0.133,-0.275,0.493,-0.241,0.126,-0.061,0.398,-0.181,-0.387,-0.227,0.016,-0.02,-0.348,-0.138,0.244,0.515
NNDM,-0.333,-0.563,-0.649,-0.244,-0.048,-0.495,0.229,0.018,-0.299,-0.221,-0.104,-0.064,-0.218,0.77,0.243,-0.27,-0.449,0.267,0.653,-0.653,-0.549,-0.486,0.096,0.469,-0.349,0.46,0.52,-0.396,-0.103,-0.472,0.573,-0.636,-0.636,-0.324,-0.321,0.059,-0.442,0.388,0.535,-0.399,-0.57,0.433,-0.275,0.27,0.365,0.029,-0.364,-0.633,-0.501,-0.348,0.657,0.686,-0.114,-0.738,0.767,0.884,0.348,1.0,0.535,-0.694,0.125,0.159,-0.282,0.532,0.602,-0.772,-0.597,-0.407,0.105,-0.704,-0.101,-0.682,0.008,0.218,-0.049,-0.351,0.452,-0.231,0.724,-0.516,0.241,-0.509,0.66,0.532,-0.473,-0.29,0.803,-0.608,-0.622,-0.737,-0.042,-0.644,-0.327,0.034,0.255,0.351,0.05,-0.286,0.77,-0.308
NVAX,0.161,-0.163,-0.309,-0.018,0.26,-0.196,0.316,-0.106,0.064,-0.479,0.218,-0.013,0.088,0.42,0.361,-0.394,-0.01,0.093,0.465,-0.252,-0.408,-0.335,0.126,0.184,-0.099,0.372,0.221,0.043,-0.09,-0.333,0.126,-0.521,-0.521,-0.337,-0.105,0.126,-0.17,0.427,0.469,-0.049,-0.383,-0.037,-0.105,0.198,0.312,0.469,-0.4,-0.545,-0.074,0.168,0.4,0.433,0.136,-0.315,0.381,0.514,0.362,0.535,1.0,-0.291,0.036,0.037,-0.07,0.448,0.539,-0.282,-0.09,0.065,0.264,-0.254,-0.279,-0.084,0.105,0.32,0.215,-0.087,0.579,0.322,0.492,-0.018,0.187,-0.408,0.671,0.259,0.016,-0.277,0.636,-0.147,-0.188,-0.43,0.365,-0.292,0.066,-0.177,0.34,0.371,0.287,-0.016,0.261,-0.032
NVDA,0.229,0.761,0.59,0.311,0.404,0.657,-0.07,-0.173,0.533,0.099,0.302,0.384,0.106,-0.707,-0.201,-0.014,0.648,-0.077,-0.63,0.51,0.314,0.554,-0.1,-0.475,0.126,-0.451,-0.341,0.556,0.107,0.615,-0.639,0.547,0.556,0.008,0.107,-0.076,0.425,-0.111,-0.489,0.251,0.773,-0.609,0.192,-0.026,-0.24,0.162,0.507,0.522,0.574,0.523,-0.758,-0.521,0.523,0.692,-0.722,-0.571,-0.036,-0.694,-0.291,1.0,-0.465,-0.531,0.279,-0.641,-0.457,0.753,0.804,0.562,0.281,0.617,0.03,0.751,-0.069,0.109,0.34,0.53,-0.354,0.429,-0.389,0.6,-0.142,0.308,-0.563,-0.626,0.561,0.068,-0.566,0.565,0.795,0.837,0.343,0.662,0.152,-0.343,-0.201,-0.565,-0.154,0.443,-0.691,0.605
NWL,0.14,-0.362,-0.062,-0.01,-0.3,-0.319,0.143,0.118,-0.234,0.057,-0.148,-0.638,0.411,0.177,0.357,0.409,-0.23,-0.495,0.272,0.136,-0.055,-0.519,0.218,0.532,0.431,0.427,-0.286,-0.253,-0.126,-0.45,0.449,-0.083,-0.08,0.592,0.449,0.463,-0.079,-0.329,0.208,0.14,-0.556,0.438,0.263,0.123,0.147,-0.097,-0.447,-0.177,-0.249,-0.168,0.272,0.011,-0.518,-0.25,0.298,-0.05,-0.373,0.125,0.036,-0.465,1.0,0.546,0.12,0.516,0.297,-0.305,-0.487,-0.307,-0.31,-0.202,0.205,-0.302,0.401,-0.457,-0.363,-0.289,0.172,-0.249,-0.22,-0.07,0.338,0.137,0.125,0.313,-0.307,0.153,0.114,-0.113,-0.354,-0.435,-0.366,-0.029,0.199,0.586,0.14,0.473,0.577,-0.264,0.088,-0.61
OCGN,0.122,-0.474,-0.16,-0.154,-0.372,-0.56,-0.075,0.273,-0.347,-0.191,-0.169,-0.583,0.23,0.216,0.202,0.105,-0.262,-0.361,0.278,-0.049,-0.146,-0.28,0.123,0.451,0.228,0.153,-0.188,-0.232,-0.15,-0.371,0.336,-0.306,-0.308,0.336,0.347,0.29,0.156,-0.228,0.259,0.174,-0.584,0.34,0.037,-0.067,0.15,-0.055,-0.418,-0.258,-0.316,-0.296,0.398,0.047,-0.503,-0.355,0.302,0.015,-0.213,0.159,0.037,-0.531,0.546,1.0,0.044,0.302,0.282,-0.331,-0.535,-0.463,-0.346,-0.246,0.115,-0.324,0.424,-0.417,-0.491,-0.446,0.146,-0.139,-0.078,-0.202,0.216,0.075,0.129,0.367,-0.422,0.479,0.273,-0.104,-0.419,-0.447,-0.327,-0.223,0.221,0.448,0.035,0.46,0.324,-0.324,0.178,-0.563
