,AAL,AAPL,AGNC,AMAT,AMD,AMZN,APA,ARDX,AVGO,AZN,BIDU,BILI,BKR,CAN,CHRD,CMCSA,CPRT,CRWD,CSCO,CSX,DKNG,EBAY,ERIC,EXC,FITB,FLEX,FTNT,GEN,GERN,GEVO,GILD,GOOG,GOOGL,GT,HBAN,HST,INTC,IOVA,IQ,JBLU,JD,KDP,KHC,LRCX,LYFT,MARA,MCHP,MDLZ,META,MNST,MRNA,MRVL,MSFT,MSTR,MU,MVIS,NFLX,NNDM,NVAX,NVDA,NWL,OCGN,ON,OPK,PAA,PACB,PANW,PARA,PDD,PENN,PEP,PLUG,PTEN,PTON,PYPL,QCOM,QVCGA,RIOT,ROKU,RUN,SABR,SBUX,SMCI,SNDL,STNE,TCOM,TLRY,TMUS,TSCO,TSLA,TTD,TXN,UAL,VOD,VTRS,VXRT,WBA,WBD,WDC,ZM
AAL,1.0,0.473,0.6,0.606,0.256,0.441,0.761,-0.368,0.76,-0.286,0.557,0.274,0.405,-0.537,0.795,0.334,-0.017,0.457,0.217,0.173,0.124,0.719,0.298,0.41,0.694,0.595,-0.266,-0.027,0.047,0.339,0.381,0.277,0.242,0.827,0.767,0.632,-0.008,-0.514,0.352,0.914,0.6,0.517,0.775,0.655,0.811,0.594,0.608,0.517,0.192,-0.193,0.13,0.499,0.445,-0.076,0.766,0.317,0.164,-0.33,0.031,0.345,0.776,-0.105,0.785,0.499,0.498,0.527,-0.126,0.753,0.351,0.375,0.265,0.774,0.686,0.288,0.315,0.705,0.769,0.365,0.11,0.556,0.748,0.242,0.545,0.393,0.662,0.535,-0.318,0.417,0.259,0.474,0.558,0.728,0.953,0.437,0.187,-0.548,0.373,0.64,0.454,0.441
AAPL,0.473,1.0,0.049,0.693,0.639,0.937,0.438,-0.289,0.684,-0.217,0.757,0.737,-0.001,-0.574,0.551,0.012,-0.362,0.553,0.073,-0.248,0.284,0.627,-0.041,0.156,0.404,0.231,-0.116,-0.071,0.631,-0.26,0.185,0.621,0.52,0.356,0.573,0.007,-0.255,-0.513,0.711,0.228,0.703,0.588,0.671,0.772,0.431,0.457,0.348,0.474,0.637,-0.296,0.51,0.375,0.931,-0.324,0.463,0.667,0.708,-0.645,0.409,0.752,0.628,-0.275,0.558,0.633,0.079,0.167,-0.205,0.604,0.805,-0.181,0.418,0.774,0.223,0.614,0.751,0.788,0.521,0.179,0.597,0.656,0.162,-0.155,0.832,0.369,0.538,0.106,-0.663,0.843,0.478,0.793,0.699,0.541,0.486,0.033,-0.148,-0.486,0.081,0.1,0.087,0.6
AGNC,0.6,0.049,1.0,0.393,0.1,-0.007,0.752,0.14,0.434,0.003,0.209,-0.004,0.722,-0.114,0.484,0.628,0.52,0.097,0.585,0.596,-0.057,0.398,0.332,0.633,0.685,0.802,-0.079,0.215,-0.266,0.482,0.452,0.224,0.252,0.679,0.623,0.772,0.434,0.146,-0.071,0.73,0.248,0.262,0.364,0.317,0.606,0.313,0.543,0.27,0.053,0.097,-0.139,0.459,0.04,0.397,0.543,-0.158,-0.282,0.155,-0.34,0.003,0.575,0.135,0.465,0.275,0.674,0.654,0.045,0.58,-0.071,0.482,0.369,0.278,0.84,-0.149,-0.05,0.387,0.577,0.356,-0.329,0.23,0.795,0.607,0.127,0.36,0.371,0.76,0.22,0.119,-0.002,0.059,0.19,0.572,0.646,0.598,0.505,-0.323,0.567,0.691,0.609,0.0
AMAT,0.606,0.693,0.393,1.0,0.465,0.661,0.666,-0.045,0.826,-0.02,0.761,0.666,0.322,-0.541,0.488,0.362,0.057,0.589,0.444,0.166,0.351,0.683,0.316,0.4,0.614,0.62,0.088,0.159,0.454,0.097,0.552,0.643,0.559,0.476,0.741,0.33,0.073,-0.322,0.661,0.517,0.678,0.703,0.743,0.938,0.559,0.379,0.744,0.679,0.596,0.086,0.388,0.624,0.741,-0.014,0.786,0.492,0.569,-0.322,0.424,0.664,0.768,-0.318,0.706,0.408,0.357,0.528,0.072,0.679,0.647,0.369,0.621,0.628,0.597,0.5,0.701,0.828,0.712,0.275,0.486,0.775,0.512,0.182,0.7,0.172,0.734,0.525,-0.305,0.735,0.648,0.548,0.771,0.717,0.639,0.324,0.192,-0.297,0.515,0.43,0.499,0.511
AMD,0.256,0.639,0.1,0.465,1.0,0.73,0.294,-0.05,0.357,0.04,0.391,0.311,0.005,-0.223,0.316,0.043,-0.114,0.278,0.185,-0.081,0.032,0.347,0.032,0.208,0.191,0.249,0.11,0.11,0.337,-0.116,0.177,0.616,0.584,0.235,0.265,0.073,-0.01,-0.15,0.287,0.16,0.426,0.351,0.35,0.45,0.317,0.383,0.244,0.363,0.724,-0.191,0.481,0.272,0.678,-0.212,0.409,0.402,0.591,-0.237,0.17,0.798,0.278,-0.032,0.294,0.576,0.135,0.185,0.096,0.298,0.364,-0.092,0.491,0.552,0.167,0.345,0.476,0.447,0.24,0.344,0.26,0.334,0.136,0.007,0.338,0.478,0.361,0.134,-0.215,0.48,0.272,0.601,0.453,0.329,0.288,0.199,0.046,-0.216,0.071,0.077,0.145,0.286
AMZN,0.441,0.937,-0.007,0.661,0.73,1.0,0.399,-0.31,0.628,-0.142,0.691,0.674,-0.055,-0.578,0.544,-0.04,-0.371,0.553,0.037,-0.28,0.275,0.599,0.039,0.157,0.35,0.217,-0.035,-0.015,0.61,-0.229,0.207,0.602,0.515,0.348,0.502,-0.046,-0.301,-0.543,0.633,0.243,0.65,0.577,0.659,0.72,0.412,0.462,0.374,0.508,0.698,-0.273,0.566,0.376,0.924,-0.392,0.492,0.705,0.81,-0.618,0.43,0.824,0.563,-0.296,0.531,0.671,0.013,0.132,-0.113,0.577,0.732,-0.131,0.433,0.78,0.169,0.634,0.753,0.725,0.519,0.218,0.574,0.651,0.164,-0.158,0.759,0.404,0.574,0.067,-0.598,0.823,0.544,0.849,0.689,0.499,0.474,0.099,-0.049,-0.42,0.1,0.11,0.071,0.601
APA,0.761,0.438,0.752,0.666,0.294,0.399,1.0,-0.079,0.65,-0.174,0.584,0.378,0.569,-0.374,0.809,0.465,0.205,0.373,0.421,0.301,0.03,0.56,0.208,0.508,0.72,0.843,-0.145,0.108,0.117,0.394,0.553,0.402,0.382,0.803,0.765,0.654,0.159,-0.125,0.288,0.764,0.527,0.52,0.762,0.652,0.742,0.416,0.643,0.523,0.346,-0.105,0.109,0.538,0.445,0.034,0.734,0.252,0.133,-0.144,0.02,0.36,0.798,0.111,0.725,0.553,0.584,0.541,-0.014,0.751,0.332,0.288,0.443,0.592,0.868,0.212,0.293,0.658,0.752,0.316,0.081,0.544,0.841,0.379,0.489,0.509,0.641,0.688,-0.131,0.482,0.245,0.446,0.549,0.709,0.768,0.485,0.335,-0.485,0.562,0.709,0.557,0.335
ARDX,-0.368,-0.289,0.14,-0.045,-0.05,-0.31,-0.079,1.0,-0.156,0.315,-0.377,-0.174,0.337,0.591,-0.307,0.342,0.53,-0.442,0.38,0.445,-0.158,-0.287,-0.056,0.276,0.06,0.019,0.439,0.301,0.061,0.235,0.149,0.285,0.319,-0.219,-0.08,0.156,0.721,0.756,-0.326,-0.161,-0.402,-0.413,-0.267,-0.238,-0.271,-0.468,-0.214,-0.082,0.133,0.52,-0.379,-0.326,-0.24,0.628,-0.193,-0.261,-0.217,0.517,-0.065,-0.266,-0.131,0.355,-0.404,-0.089,0.142,0.313,0.624,-0.131,-0.284,0.143,0.192,-0.411,-0.056,-0.455,-0.211,-0.205,-0.311,-0.088,-0.037,-0.194,-0.076,0.472,-0.298,-0.13,-0.433,0.003,0.59,-0.305,-0.219,-0.512,-0.435,-0.161,-0.241,0.042,0.339,0.53,0.394,0.047,0.45,-0.592
AVGO,0.76,0.684,0.434,0.826,0.357,0.628,0.65,-0.156,1.0,-0.049,0.609,0.499,0.484,-0.561,0.636,0.491,0.093,0.669,0.456,0.239,0.442,0.825,0.499,0.545,0.763,0.599,0.07,0.163,0.349,0.255,0.455,0.627,0.568,0.664,0.832,0.502,0.126,-0.507,0.501,0.674,0.777,0.647,0.825,0.801,0.695,0.582,0.71,0.722,0.397,0.099,0.247,0.676,0.657,0.079,0.742,0.469,0.363,-0.3,0.216,0.474,0.838,-0.392,0.732,0.535,0.47,0.632,0.04,0.783,0.577,0.32,0.573,0.669,0.596,0.522,0.633,0.91,0.771,0.473,0.368,0.764,0.551,0.28,0.749,0.181,0.667,0.533,-0.383,0.688,0.531,0.565,0.689,0.894,0.803,0.476,0.279,-0.296,0.52,0.496,0.537,0.594
AZN,-0.286,-0.217,0.003,-0.02,0.04,-0.142,-0.174,0.315,-0.049,1.0,-0.177,-0.134,0.195,0.036,-0.281,0.166,0.529,0.019,0.436,0.336,0.287,-0.045,0.473,0.154,-0.05,0.008,0.636,0.499,-0.154,0.307,0.236,0.227,0.312,-0.187,-0.154,-0.066,0.341,0.187,-0.096,-0.19,-0.188,0.101,-0.123,-0.084,-0.244,-0.146,0.061,0.253,0.026,0.657,0.1,0.199,-0.102,0.369,-0.088,-0.273,-0.022,0.272,-0.013,-0.008,-0.177,-0.115,-0.169,-0.127,-0.005,0.11,0.471,-0.16,-0.166,0.339,0.416,-0.299,-0.081,-0.039,0.027,-0.107,0.028,0.102,-0.118,-0.009,-0.045,0.177,-0.193,-0.225,-0.175,0.023,0.281,-0.11,0.214,-0.19,-0.158,-0.019,-0.225,0.202,0.293,0.44,0.212,-0.078,0.129,-0.131
BIDU,0.557,0.757,0.209,0.761,0.391,0.691,0.584,-0.377,0.609,-0.177,1.0,0.743,-0.01,-0.613,0.555,-0.021,-0.258,0.622,0.083,-0.221,0.247,0.538,0.041,0.018,0.35,0.372,-0.167,-0.156,0.449,-0.167,0.26,0.427,0.344,0.378,0.523,0.064,-0.394,-0.468,0.892,0.363,0.687,0.656,0.713,0.834,0.453,0.374,0.504,0.517,0.536,-0.278,0.53,0.51,0.786,-0.349,0.541,0.524,0.598,-0.521,0.487,0.676,0.608,-0.224,0.714,0.451,0.158,0.18,-0.191,0.546,0.775,0.056,0.35,0.705,0.376,0.65,0.667,0.717,0.637,0.077,0.55,0.733,0.38,-0.154,0.742,0.351,0.66,0.283,-0.54,0.712,0.502,0.722,0.781,0.478,0.517,0.018,-0.212,-0.471,0.086,0.224,0.057,0.668
BILI,0.274,0.737,-0.004,0.666,0.311,0.674,0.378,-0.174,0.499,-0.134,0.743,1.0,-0.112,-0.49,0.299,-0.19,-0.358,0.594,-0.051,-0.37,0.413,0.466,-0.117,-0.161,0.208,0.204,0.034,-0.084,0.735,-0.357,0.186,0.384,0.277,0.083,0.42,-0.15,-0.38,-0.278,0.792,0.031,0.589,0.631,0.58,0.749,0.134,0.172,0.332,0.375,0.581,-0.161,0.575,0.382,0.739,-0.367,0.32,0.658,0.669,-0.57,0.669,0.663,0.463,-0.346,0.418,0.354,-0.144,-0.053,-0.136,0.369,0.899,-0.054,0.318,0.529,0.174,0.659,0.792,0.576,0.542,-0.135,0.711,0.67,0.068,-0.349,0.812,0.05,0.477,-0.004,-0.647,0.77,0.609,0.573,0.749,0.307,0.249,-0.235,-0.339,-0.186,0.007,-0.105,-0.068,0.609
BKR,0.405,-0.001,0.722,0.322,0.005,-0.055,0.569,0.337,0.484,0.195,-0.01,-0.112,1.0,-0.058,0.422,0.868,0.678,0.069,0.798,0.762,0.228,0.405,0.5,0.865,0.789,0.716,0.231,0.496,-0.192,0.687,0.506,0.437,0.453,0.617,0.616,0.839,0.697,0.104,-0.154,0.584,0.233,0.164,0.356,0.194,0.475,0.221,0.471,0.451,-0.016,0.466,-0.361,0.385,-0.054,0.65,0.426,-0.158,-0.315,0.286,-0.429,-0.171,0.57,-0.025,0.379,0.279,0.816,0.727,0.3,0.624,-0.128,0.43,0.475,0.055,0.713,-0.162,-0.044,0.391,0.454,0.473,-0.205,0.27,0.634,0.714,0.157,0.204,0.252,0.707,0.314,0.125,0.091,-0.068,-0.011,0.605,0.501,0.715,0.768,-0.113,0.799,0.727,0.77,-0.143
CAN,-0.537,-0.574,-0.114,-0.541,-0.223,-0.578,-0.374,0.591,-0.561,0.036,-0.613,-0.49,-0.058,1.0,-0.463,-0.07,0.245,-0.621,-0.171,0.088,-0.496,-0.606,-0.211,-0.155,-0.363,-0.285,0.043,-0.087,-0.245,-0.03,-0.261,-0.279,-0.232,-0.393,-0.487,-0.124,0.362,0.728,-0.537,-0.368,-0.648,-0.703,-0.573,-0.651,-0.441,-0.392,-0.517,-0.56,-0.192,0.073,-0.558,-0.549,-0.56,0.344,-0.538,-0.317,-0.476,0.698,-0.308,-0.538,-0.516,0.491,-0.569,-0.342,-0.096,-0.089,0.195,-0.523,-0.582,-0.211,-0.282,-0.565,-0.316,-0.479,-0.635,-0.579,-0.604,-0.131,-0.317,-0.606,-0.266,0.141,-0.631,-0.185,-0.717,-0.317,0.48,-0.662,-0.651,-0.585,-0.603,-0.448,-0.534,-0.241,-0.05,0.498,-0.189,-0.236,-0.006,-0.564
CHRD,0.795,0.551,0.484,0.488,0.316,0.544,0.809,-0.307,0.636,-0.281,0.555,0.299,0.422,-0.463,1.0,0.308,-0.026,0.386,0.197,0.071,0.041,0.549,0.162,0.416,0.644,0.522,-0.283,0.014,0.153,0.334,0.358,0.371,0.358,0.825,0.676,0.53,-0.045,-0.442,0.325,0.736,0.587,0.392,0.83,0.554,0.752,0.468,0.454,0.556,0.259,-0.296,0.141,0.377,0.518,-0.153,0.62,0.334,0.222,-0.333,-0.001,0.35,0.742,0.046,0.792,0.728,0.501,0.386,-0.1,0.785,0.366,0.067,0.249,0.708,0.59,0.29,0.294,0.674,0.684,0.287,0.196,0.504,0.677,0.238,0.583,0.66,0.562,0.408,-0.332,0.501,0.169,0.586,0.509,0.666,0.781,0.413,0.243,-0.592,0.356,0.652,0.353,0.404
CMCSA,0.334,0.012,0.628,0.362,0.043,-0.04,0.465,0.342,0.491,0.166,-0.021,-0.19,0.868,-0.07,0.308,1.0,0.65,0.025,0.777,0.835,0.198,0.382,0.473,0.887,0.757,0.653,0.299,0.407,-0.228,0.6,0.464,0.456,0.44,0.584,0.599,0.791,0.737,0.102,-0.191,0.533,0.234,0.083,0.27,0.197,0.485,0.25,0.517,0.396,0.059,0.45,-0.264,0.398,-0.03,0.657,0.474,-0.188,-0.265,0.363,-0.354,-0.093,0.554,-0.101,0.332,0.239,0.787,0.744,0.267,0.594,-0.106,0.451,0.451,0.006,0.632,-0.099,-0.022,0.433,0.306,0.536,-0.252,0.27,0.566,0.701,0.12,0.169,0.287,0.745,0.418,0.122,0.074,-0.091,-0.028,0.647,0.454,0.699,0.752,-0.094,0.844,0.712,0.82,-0.144
CPRT,-0.017,-0.362,0.52,0.057,-0.114,-0.371,0.205,0.53,0.093,0.529,-0.258,-0.358,0.678,0.245,-0.026,0.65,1.0,-0.188,0.708,0.807,0.076,-0.034,0.469,0.611,0.4,0.411,0.403,0.553,-0.382,0.643,0.4,0.219,0.304,0.212,0.207,0.519,0.753,0.427,-0.352,0.246,-0.2,-0.005,-0.061,-0.065,0.086,-0.088,0.279,0.246,-0.154,0.681,-0.366,0.211,-0.283,0.75,0.172,-0.529,-0.454,0.573,-0.389,-0.3,0.106,0.127,-0.037,-0.076,0.493,0.579,0.434,0.123,-0.399,0.558,0.454,-0.295,0.406,-0.415,-0.251,0.004,0.107,0.327,-0.413,-0.088,0.414,0.692,-0.317,-0.078,-0.065,0.446,0.592,-0.23,-0.052,-0.356,-0.276,0.249,0.079,0.584,0.654,0.271,0.584,0.464,0.578,-0.354
CRWD,0.457,0.553,0.097,0.589,0.278,0.553,0.373,-0.442,0.669,0.019,0.622,0.594,0.069,-0.621,0.386,0.025,-0.188,1.0,0.111,-0.258,0.601,0.677,0.466,0.089,0.3,0.368,0.128,0.132,0.389,-0.039,0.287,0.368,0.277,0.269,0.429,0.053,-0.361,-0.562,0.581,0.315,0.674,0.734,0.625,0.658,0.445,0.549,0.538,0.57,0.305,-0.012,0.54,0.742,0.558,-0.323,0.468,0.504,0.442,-0.388,0.425,0.522,0.52,-0.568,0.583,0.472,0.039,0.124,0.053,0.388,0.62,0.072,0.404,0.528,0.326,0.716,0.672,0.694,0.606,0.318,0.492,0.683,0.185,-0.21,0.679,0.039,0.551,0.3,-0.619,0.653,0.617,0.648,0.834,0.605,0.443,0.145,-0.133,-0.204,0.108,0.045,-0.004,0.913
CSCO,0.217,0.073,0.585,0.444,0.185,0.037,0.421,0.38,0.456,0.436,0.083,-0.051,0.798,-0.171,0.197,0.777,0.708,0.111,1.0,0.714,0.284,0.33,0.522,0.8,0.608,0.635,0.357,0.669,-0.125,0.577,0.591,0.567,0.605,0.372,0.473,0.591,0.692,0.116,-0.023,0.369,0.241,0.286,0.251,0.274,0.325,0.123,0.471,0.565,0.109,0.594,-0.103,0.429,0.104,0.58,0.425,-0.204,-0.139,0.219,-0.289,0.029,0.4,-0.095,0.241,0.165,0.668,0.687,0.378,0.454,-0.063,0.487,0.701,0.025,0.609,-0.119,0.131,0.372,0.374,0.455,-0.135,0.262,0.443,0.711,0.099,0.104,0.261,0.689,0.302,0.219,0.26,0.007,0.043,0.506,0.333,0.719,0.734,-0.03,0.748,0.555,0.66,-0.1
CSX,0.173,-0.248,0.596,0.166,-0.081,-0.28,0.301,0.445,0.239,0.336,-0.221,-0.37,0.762,0.088,0.071,0.835,0.807,-0.258,0.714,1.0,0.017,0.132,0.44,0.759,0.579,0.503,0.316,0.355,-0.413,0.593,0.339,0.263,0.329,0.469,0.416,0.694,0.782,0.308,-0.377,0.429,-0.09,-0.015,0.034,0.037,0.286,0.061,0.449,0.231,-0.089,0.601,-0.399,0.254,-0.226,0.793,0.357,-0.442,-0.4,0.48,-0.441,-0.243,0.308,0.071,0.105,-0.053,0.62,0.687,0.306,0.333,-0.36,0.594,0.371,-0.186,0.494,-0.4,-0.207,0.141,0.163,0.394,-0.495,0.024,0.551,0.722,-0.21,0.032,0.165,0.621,0.663,-0.155,-0.005,-0.365,-0.255,0.41,0.297,0.662,0.735,0.111,0.748,0.619,0.763,-0.412
DKNG,0.124,0.284,-0.057,0.351,0.032,0.275,0.03,-0.158,0.442,0.287,0.247,0.413,0.228,-0.496,0.041,0.198,0.076,0.601,0.284,0.017,1.0,0.454,0.421,0.194,0.332,0.175,0.433,0.401,0.291,0.159,0.315,0.341,0.261,0.05,0.345,0.055,-0.089,-0.426,0.358,0.039,0.399,0.492,0.341,0.368,0.069,0.247,0.352,0.509,0.194,0.439,0.283,0.52,0.236,0.068,0.239,0.319,0.255,-0.213,0.357,0.231,0.315,-0.601,0.224,0.203,0.018,0.136,0.148,0.291,0.453,0.316,0.374,0.131,0.103,0.532,0.527,0.441,0.424,0.297,0.363,0.583,-0.037,-0.094,0.527,-0.169,0.373,0.129,-0.302,0.465,0.694,0.26,0.352,0.367,0.141,0.191,0.115,0.055,0.297,-0.004,0.074,0.499
EBAY,0.719,0.627,0.398,0.683,0.347,0.599,0.56,-0.287,0.825,-0.045,0.538,0.466,0.405,-0.606,0.549,0.382,-0.034,0.677,0.33,0.132,0.454,1.0,0.398,0.467,0.676,0.585,0.033,0.234,0.293,0.109,0.489,0.523,0.413,0.582,0.762,0.448,0.037,-0.518,0.414,0.633,0.69,0.659,0.68,0.705,0.608,0.64,0.649,0.597,0.323,0.063,0.32,0.7,0.554,0.004,0.685,0.461,0.338,-0.361,0.107,0.487,0.832,-0.42,0.636,0.563,0.337,0.408,-0.058,0.705,0.537,0.268,0.467,0.677,0.572,0.501,0.601,0.842,0.704,0.46,0.273,0.695,0.477,0.036,0.708,0.23,0.643,0.538,-0.416,0.673,0.533,0.546,0.655,0.817,0.727,0.351,0.182,-0.434,0.421,0.326,0.402,0.596
ERIC,0.298,-0.041,0.332,0.316,0.032,0.039,0.208,-0.056,0.499,0.473,0.041,-0.117,0.5,-0.211,0.162,0.473,0.469,0.466,0.522,0.44,0.421,0.398,1.0,0.533,0.432,0.476,0.349,0.374,-0.221,0.5,0.336,0.264,0.316,0.384,0.349,0.331,0.243,-0.253,-0.008,0.437,0.228,0.346,0.295,0.233,0.414,0.451,0.593,0.483,-0.025,0.488,-0.049,0.657,0.036,0.297,0.387,0.006,-0.067,0.224,-0.116,-0.002,0.305,-0.465,0.415,0.099,0.389,0.55,0.345,0.301,-0.117,0.518,0.499,0.09,0.389,0.177,0.125,0.365,0.458,0.615,-0.1,0.289,0.423,0.454,0.079,-0.127,0.279,0.497,0.102,0.15,0.313,0.127,0.253,0.564,0.382,0.678,0.505,0.131,0.461,0.383,0.388,0.312
EXC,0.41,0.156,0.633,0.4,0.208,0.157,0.508,0.276,0.545,0.154,0.018,-0.161,0.865,-0.155,0.416,0.887,0.611,0.089,0.8,0.759,0.194,0.467,0.533,1.0,0.799,0.683,0.252,0.507,-0.163,0.595,0.475,0.557,0.564,0.644,0.666,0.752,0.672,-0.004,-0.163,0.607,0.262,0.2,0.325,0.257,0.559,0.341,0.547,0.485,0.14,0.438,-0.229,0.42,0.116,0.596,0.531,-0.11,-0.157,0.221,-0.404,0.005,0.597,-0.112,0.359,0.368,0.765,0.787,0.307,0.674,-0.115,0.436,0.566,0.189,0.651,-0.148,0.063,0.494,0.4,0.612,-0.223,0.304,0.6,0.766,0.155,0.276,0.335,0.723,0.307,0.228,0.136,0.102,0.029,0.671,0.56,0.837,0.82,-0.199,0.812,0.721,0.785,-0.08
FITB,0.694,0.404,0.685,0.614,0.191,0.35,0.72,0.06,0.763,-0.05,0.35,0.208,0.789,-0.363,0.644,0.757,0.4,0.3,0.608,0.579,0.332,0.676,0.432,0.799,1.0,0.738,0.06,0.284,0.09,0.451,0.563,0.526,0.472,0.804,0.942,0.8,0.439,-0.261,0.185,0.774,0.522,0.406,0.63,0.557,0.714,0.527,0.708,0.537,0.243,0.191,-0.1,0.533,0.327,0.439,0.726,0.214,0.022,-0.062,-0.088,0.18,0.872,-0.142,0.662,0.492,0.721,0.772,0.06,0.887,0.256,0.483,0.486,0.503,0.761,0.153,0.257,0.734,0.643,0.538,0.055,0.603,0.732,0.572,0.542,0.324,0.608,0.665,-0.008,0.453,0.333,0.296,0.349,0.813,0.792,0.693,0.58,-0.376,0.761,0.716,0.782,0.196
FLEX,0.595,0.231,0.802,0.62,0.249,0.217,0.843,0.019,0.599,0.008,0.372,0.204,0.716,-0.285,0.522,0.653,0.411,0.368,0.635,0.503,0.175,0.585,0.476,0.683,0.738,1.0,0.083,0.336,-0.051,0.477,0.612,0.409,0.387,0.699,0.731,0.708,0.349,0.001,0.103,0.692,0.442,0.511,0.54,0.525,0.662,0.48,0.744,0.474,0.27,0.175,-0.005,0.695,0.23,0.249,0.691,0.155,-0.028,0.072,-0.141,0.239,0.719,-0.088,0.601,0.365,0.673,0.631,0.098,0.638,0.137,0.446,0.57,0.363,0.925,0.131,0.213,0.561,0.68,0.53,-0.099,0.447,0.809,0.499,0.304,0.287,0.587,0.882,0.08,0.39,0.27,0.287,0.431,0.722,0.64,0.668,0.525,-0.346,0.698,0.67,0.637,0.252
FTNT,-0.266,-0.116,-0.079,0.088,0.11,-0.035,-0.145,0.439,0.07,0.636,-0.167,0.034,0.231,0.043,-0.283,0.299,0.403,0.128,0.357,0.316,0.433,0.033,0.349,0.252,0.06,0.083,1.0,0.466,0.027,0.311,0.113,0.395,0.407,-0.152,-0.022,0.041,0.356,0.255,-0.064,-0.16,-0.048,0.068,-0.077,-0.03,-0.204,-0.074,0.128,0.224,0.306,0.677,0.17,0.233,-0.024,0.362,-0.015,-0.016,0.131,0.342,0.202,0.159,-0.078,-0.292,-0.185,0.014,0.086,0.165,0.617,-0.054,0.049,0.347,0.336,-0.299,-0.094,0.174,0.247,0.003,-0.008,0.235,0.055,0.206,-0.092,0.173,-0.031,-0.292,-0.06,0.078,0.302,-0.029,0.316,-0.16,-0.087,0.044,-0.168,0.194,0.298,0.541,0.359,-0.049,0.29,-0.053
GEN,-0.027,-0.071,0.215,0.159,0.11,-0.015,0.108,0.301,0.163,0.499,-0.156,-0.084,0.496,-0.087,0.014,0.407,0.553,0.132,0.669,0.355,0.401,0.234,0.374,0.507,0.284,0.336,0.466,1.0,-0.059,0.486,0.624,0.327,0.323,0.054,0.194,0.257,0.519,0.088,-0.178,0.096,-0.038,0.232,0.05,0.046,-0.022,0.04,0.173,0.428,-0.045,0.637,0.006,0.28,-0.035,0.368,0.168,-0.123,-0.146,0.2,-0.214,0.027,0.151,-0.144,-0.082,0.131,0.279,0.225,0.399,0.149,-0.112,0.364,0.485,-0.087,0.307,-0.143,0.104,0.133,0.154,0.328,-0.081,0.059,0.107,0.335,-0.048,-0.094,0.024,0.389,0.177,0.176,0.28,-0.041,-0.071,0.242,0.027,0.477,0.547,0.092,0.529,0.223,0.359,-0.074
GERN,0.047,0.631,-0.266,0.454,0.337,0.61,0.117,0.061,0.349,-0.154,0.449,0.735,-0.192,-0.245,0.153,-0.228,-0.382,0.389,-0.125,-0.413,0.291,0.293,-0.221,-0.163,0.09,-0.051,0.027,-0.059,1.0,-0.404,0.123,0.453,0.347,-0.135,0.23,-0.218,-0.229,-0.197,0.558,-0.137,0.44,0.373,0.398,0.46,-0.055,0.038,0.038,0.316,0.561,-0.096,0.347,0.043,0.623,-0.281,0.117,0.651,0.645,-0.482,0.657,0.52,0.274,-0.132,0.134,0.397,-0.258,-0.146,0.105,0.215,0.695,-0.224,0.279,0.422,-0.094,0.428,0.683,0.387,0.21,-0.138,0.839,0.453,-0.206,-0.353,0.604,0.086,0.212,-0.246,-0.43,0.639,0.452,0.453,0.475,0.126,0.05,-0.296,-0.245,0.06,-0.02,-0.262,-0.088,0.363
GEVO,0.339,-0.26,0.482,0.097,-0.116,-0.229,0.394,0.235,0.255,0.307,-0.167,-0.357,0.687,-0.03,0.334,0.6,0.643,-0.039,0.577,0.593,0.159,0.109,0.5,0.595,0.451,0.477,0.311,0.486,-0.404,1.0,0.407,0.188,0.292,0.475,0.293,0.647,0.531,0.078,-0.284,0.498,-0.009,0.029,0.258,-0.012,0.311,0.089,0.235,0.418,-0.149,0.494,-0.353,0.193,-0.208,0.392,0.276,-0.257,-0.338,0.314,-0.303,-0.24,0.233,0.07,0.22,0.1,0.612,0.547,0.391,0.304,-0.338,0.519,0.299,-0.049,0.462,-0.223,-0.179,0.09,0.342,0.406,-0.25,0.063,0.532,0.649,-0.156,0.072,0.078,0.479,0.387,-0.163,-0.018,-0.19,-0.188,0.314,0.354,0.679,0.694,0.066,0.632,0.66,0.56,-0.195
GILD,0.381,0.185,0.452,0.552,0.177,0.207,0.553,0.149,0.455,0.236,0.26,0.186,0.506,-0.261,0.358,0.464,0.4,0.287,0.591,0.339,0.315,0.489,0.336,0.475,0.563,0.612,0.113,0.624,0.123,0.407,1.0,0.366,0.316,0.369,0.543,0.412,0.398,-0.073,0.092,0.455,0.219,0.423,0.46,0.45,0.369,0.274,0.509,0.543,0.192,0.357,0.077,0.445,0.245,0.256,0.619,0.191,0.081,0.051,0.037,0.23,0.552,0.037,0.338,0.289,0.329,0.403,0.216,0.454,0.154,0.489,0.535,0.337,0.647,0.084,0.254,0.474,0.446,0.373,0.103,0.36,0.477,0.335,0.254,0.173,0.441,0.549,0.053,0.411,0.417,0.158,0.317,0.53,0.391,0.47,0.441,-0.184,0.678,0.454,0.591,0.162
GOOG,0.277,0.621,0.224,0.643,0.616,0.602,0.402,0.285,0.627,0.227,0.427,0.384,0.437,-0.279,0.371,0.456,0.219,0.368,0.567,0.263,0.341,0.523,0.264,0.557,0.526,0.409,0.395,0.327,0.453,0.188,0.366,1.0,0.96,0.321,0.517,0.334,0.325,-0.082,0.364,0.253,0.534,0.4,0.526,0.555,0.328,0.255,0.393,0.679,0.688,0.3,0.221,0.407,0.632,0.217,0.453,0.333,0.502,-0.101,0.22,0.558,0.54,-0.154,0.363,0.61,0.362,0.479,0.445,0.516,0.458,0.144,0.713,0.411,0.319,0.328,0.618,0.66,0.406,0.411,0.436,0.552,0.23,0.289,0.506,0.378,0.355,0.316,-0.048,0.537,0.439,0.409,0.388,0.561,0.367,0.364,0.344,-0.072,0.511,0.261,0.48,0.233
GOOGL,0.242,0.52,0.252,0.559,0.584,0.515,0.382,0.319,0.568,0.312,0.344,0.277,0.453,-0.232,0.358,0.44,0.304,0.277,0.605,0.329,0.261,0.413,0.316,0.564,0.472,0.387,0.407,0.323,0.347,0.292,0.316,0.96,1.0,0.328,0.435,0.339,0.35,-0.019,0.275,0.246,0.479,0.35,0.493,0.464,0.293,0.189,0.358,0.677,0.643,0.35,0.177,0.374,0.559,0.247,0.396,0.236,0.439,-0.045,0.168,0.48,0.439,-0.086,0.32,0.557,0.365,0.502,0.489,0.446,0.342,0.19,0.714,0.343,0.289,0.225,0.555,0.56,0.403,0.393,0.346,0.453,0.269,0.373,0.385,0.396,0.283,0.295,0.057,0.432,0.363,0.325,0.302,0.498,0.338,0.437,0.401,0.025,0.496,0.29,0.457,0.148
GT,0.827,0.356,0.679,0.476,0.235,0.348,0.803,-0.219,0.664,-0.187,0.378,0.083,0.617,-0.393,0.825,0.584,0.212,0.269,0.372,0.469,0.05,0.582,0.384,0.644,0.804,0.699,-0.152,0.054,-0.135,0.475,0.369,0.321,0.328,1.0,0.791,0.75,0.201,-0.339,0.088,0.869,0.465,0.382,0.704,0.492,0.851,0.586,0.648,0.485,0.172,-0.061,-0.042,0.507,0.322,0.127,0.701,0.166,0.005,-0.078,-0.171,0.206,0.78,-0.047,0.737,0.527,0.663,0.62,-0.051,0.815,0.169,0.345,0.316,0.573,0.732,0.153,0.143,0.639,0.678,0.51,-0.139,0.444,0.848,0.462,0.404,0.518,0.628,0.666,-0.022,0.352,0.145,0.372,0.377,0.788,0.873,0.662,0.459,-0.483,0.585,0.806,0.597,0.251
HBAN,0.767,0.573,0.623,0.741,0.265,0.502,0.765,-0.08,0.832,-0.154,0.523,0.42,0.616,-0.487,0.676,0.599,0.207,0.429,0.473,0.416,0.345,0.762,0.349,0.666,0.942,0.731,-0.022,0.194,0.23,0.293,0.543,0.517,0.435,0.791,1.0,0.686,0.248,-0.342,0.356,0.767,0.616,0.541,0.719,0.732,0.729,0.59,0.757,0.551,0.349,0.071,0.07,0.601,0.502,0.246,0.798,0.351,0.173,-0.226,0.064,0.36,0.93,-0.22,0.719,0.503,0.589,0.674,-0.054,0.886,0.437,0.432,0.465,0.662,0.753,0.275,0.422,0.834,0.724,0.469,0.183,0.706,0.713,0.406,0.669,0.298,0.716,0.636,-0.202,0.605,0.436,0.445,0.536,0.84,0.834,0.583,0.397,-0.457,0.663,0.615,0.683,0.366
HST,0.632,0.007,0.772,0.33,0.073,-0.046,0.654,0.156,0.502,-0.066,0.064,-0.15,0.839,-0.124,0.53,0.791,0.519,0.053,0.591,0.694,0.055,0.448,0.331,0.752,0.8,0.708,0.041,0.257,-0.218,0.647,0.412,0.334,0.339,0.75,0.686,1.0,0.558,0.007,-0.149,0.785,0.337,0.156,0.415,0.246,0.601,0.344,0.521,0.407,0.017,0.21,-0.281,0.345,-0.04,0.495,0.578,-0.136,-0.289,0.207,-0.365,-0.061,0.633,0.09,0.457,0.313,0.81,0.7,0.173,0.631,-0.09,0.466,0.298,0.251,0.752,-0.154,-0.052,0.412,0.452,0.463,-0.218,0.296,0.736,0.619,0.158,0.334,0.397,0.703,0.292,0.048,0.028,-0.038,0.084,0.608,0.682,0.69,0.629,-0.227,0.699,0.737,0.76,-0.09
INTC,-0.008,-0.255,0.434,0.073,-0.01,-0.301,0.159,0.721,0.126,0.341,-0.394,-0.38,0.697,0.362,-0.045,0.737,0.753,-0.361,0.692,0.782,-0.089,0.037,0.243,0.672,0.439,0.349,0.356,0.519,-0.229,0.531,0.398,0.325,0.35,0.201,0.248,0.558,1.0,0.487,-0.445,0.216,-0.187,-0.209,-0.127,-0.127,0.12,-0.095,0.094,0.089,-0.099,0.565,-0.485,-0.04,-0.269,0.79,0.13,-0.385,-0.433,0.523,-0.439,-0.306,0.171,0.198,-0.124,-0.008,0.572,0.586,0.426,0.195,-0.383,0.354,0.352,-0.267,0.352,-0.497,-0.303,0.021,-0.091,0.289,-0.345,-0.155,0.288,0.694,-0.248,-0.066,-0.185,0.413,0.583,-0.228,-0.209,-0.412,-0.397,0.242,0.097,0.448,0.653,0.203,0.648,0.436,0.744,-0.556
IOVA,-0.514,-0.513,0.146,-0.322,-0.15,-0.543,-0.125,0.756,-0.507,0.187,-0.468,-0.278,0.104,0.728,-0.442,0.102,0.427,-0.562,0.116,0.308,-0.426,-0.518,-0.253,-0.004,-0.261,0.001,0.255,0.088,-0.197,0.078,-0.073,-0.082,-0.019,-0.339,-0.342,0.007,0.487,1.0,-0.49,-0.322,-0.59,-0.469,-0.504,-0.441,-0.413,-0.504,-0.337,-0.402,-0.022,0.294,-0.354,-0.337,-0.444,0.407,-0.363,-0.458,-0.4,0.616,-0.238,-0.342,-0.397,0.454,-0.549,-0.286,-0.022,-0.006,0.366,-0.434,-0.456,0.004,-0.04,-0.563,-0.075,-0.558,-0.427,-0.495,-0.426,-0.2,-0.345,-0.488,-0.1,0.248,-0.583,-0.149,-0.546,-0.025,0.61,-0.507,-0.454,-0.59,-0.516,-0.39,-0.48,-0.137,0.093,0.452,0.074,-0.113,0.131,-0.61
IQ,0.352,0.711,-0.071,0.661,0.287,0.633,0.288,-0.326,0.501,-0.096,0.892,0.792,-0.154,-0.537,0.325,-0.191,-0.352,0.581,-0.023,-0.377,0.358,0.414,-0.008,-0.163,0.185,0.103,-0.064,-0.178,0.558,-0.284,0.092,0.364,0.275,0.088,0.356,-0.149,-0.445,-0.49,1.0,0.11,0.616,0.57,0.566,0.744,0.203,0.207,0.322,0.427,0.472,-0.235,0.497,0.337,0.719,-0.367,0.325,0.569,0.642,-0.586,0.6,0.591,0.42,-0.336,0.57,0.277,0.018,0.045,-0.186,0.377,0.793,-0.013,0.255,0.563,0.095,0.684,0.671,0.58,0.499,-0.093,0.724,0.703,0.098,-0.29,0.751,0.088,0.467,-0.009,-0.645,0.633,0.533,0.626,0.682,0.264,0.299,-0.181,-0.335,-0.293,-0.086,-0.017,-0.097,0.611
JBLU,0.914,0.228,0.73,0.517,0.16,0.243,0.764,-0.161,0.674,-0.19,0.363,0.031,0.584,-0.368,0.736,0.533,0.246,0.315,0.369,0.429,0.039,0.633,0.437,0.607,0.774,0.692,-0.16,0.096,-0.137,0.498,0.455,0.253,0.246,0.869,0.767,0.785,0.216,-0.322,0.11,1.0,0.435,0.36,0.645,0.501,0.818,0.534,0.672,0.479,0.112,-0.02,-0.048,0.49,0.233,0.177,0.78,0.117,-0.034,-0.054,-0.142,0.165,0.746,-0.008,0.71,0.443,0.624,0.683,0.052,0.741,0.085,0.524,0.277,0.608,0.755,0.073,0.12,0.608,0.666,0.456,-0.093,0.465,0.858,0.495,0.334,0.402,0.603,0.67,-0.007,0.238,0.163,0.291,0.389,0.727,0.939,0.637,0.433,-0.428,0.558,0.761,0.64,0.258
JD,0.6,0.703,0.248,0.678,0.426,0.65,0.527,-0.402,0.777,-0.188,0.687,0.589,0.233,-0.648,0.587,0.234,-0.2,0.674,0.241,-0.09,0.399,0.69,0.228,0.262,0.522,0.442,-0.048,-0.038,0.44,-0.009,0.219,0.534,0.479,0.465,0.616,0.337,-0.187,-0.59,0.616,0.435,1.0,0.598,0.701,0.684,0.524,0.513,0.55,0.574,0.453,-0.204,0.454,0.592,0.632,-0.215,0.563,0.515,0.482,-0.471,0.312,0.586,0.658,-0.415,0.7,0.542,0.341,0.276,-0.171,0.634,0.714,0.042,0.365,0.632,0.438,0.636,0.69,0.758,0.644,0.289,0.49,0.722,0.366,-0.045,0.814,0.339,0.652,0.35,-0.505,0.692,0.476,0.67,0.729,0.647,0.595,0.251,0.01,-0.381,0.199,0.236,0.183,0.65
KDP,0.517,0.588,0.262,0.703,0.351,0.577,0.52,-0.413,0.647,0.101,0.656,0.631,0.164,-0.703,0.392,0.083,-0.005,0.734,0.286,-0.015,0.492,0.659,0.346,0.2,0.406,0.511,0.068,0.232,0.373,0.029,0.423,0.4,0.35,0.382,0.541,0.156,-0.209,-0.469,0.57,0.36,0.598,1.0,0.656,0.765,0.382,0.473,0.636,0.666,0.346,0.121,0.509,0.709,0.648,-0.238,0.589,0.423,0.497,-0.464,0.345,0.613,0.553,-0.48,0.55,0.369,0.103,0.181,-0.032,0.471,0.606,0.306,0.63,0.597,0.5,0.519,0.71,0.635,0.759,0.322,0.346,0.591,0.377,-0.121,0.582,0.059,0.699,0.398,-0.451,0.748,0.735,0.601,0.742,0.575,0.481,0.281,0.053,-0.282,0.242,0.218,0.091,0.66
KHC,0.775,0.671,0.364,0.743,0.35,0.659,0.762,-0.267,0.825,-0.123,0.713,0.58,0.356,-0.573,0.83,0.27,-0.061,0.625,0.251,0.034,0.341,0.68,0.295,0.325,0.63,0.54,-0.077,0.05,0.398,0.258,0.46,0.526,0.493,0.704,0.719,0.415,-0.127,-0.504,0.566,0.645,0.701,0.656,1.0,0.788,0.644,0.474,0.608,0.781,0.455,-0.078,0.29,0.559,0.696,-0.186,0.708,0.561,0.487,-0.384,0.34,0.526,0.787,-0.162,0.806,0.653,0.34,0.394,0.032,0.742,0.616,0.207,0.465,0.748,0.551,0.571,0.614,0.815,0.848,0.314,0.472,0.736,0.578,0.101,0.747,0.425,0.701,0.383,-0.421,0.693,0.542,0.625,0.724,0.752,0.746,0.343,0.171,-0.368,0.439,0.521,0.36,0.618
LRCX,0.655,0.772,0.317,0.938,0.45,0.72,0.652,-0.238,0.801,-0.084,0.834,0.749,0.194,-0.651,0.554,0.197,-0.065,0.658,0.274,0.037,0.368,0.705,0.233,0.257,0.557,0.525,-0.03,0.046,0.46,-0.012,0.45,0.555,0.464,0.492,0.732,0.246,-0.127,-0.441,0.744,0.501,0.684,0.765,0.788,1.0,0.581,0.404,0.735,0.658,0.548,-0.051,0.478,0.643,0.796,-0.159,0.784,0.512,0.61,-0.482,0.462,0.705,0.776,-0.33,0.748,0.448,0.237,0.397,-0.06,0.654,0.728,0.284,0.534,0.704,0.541,0.559,0.743,0.85,0.745,0.178,0.509,0.791,0.487,0.011,0.767,0.215,0.78,0.413,-0.481,0.764,0.678,0.617,0.856,0.698,0.657,0.218,0.021,-0.407,0.346,0.356,0.332,0.617
LYFT,0.811,0.431,0.606,0.559,0.317,0.412,0.742,-0.271,0.695,-0.244,0.453,0.134,0.475,-0.441,0.752,0.485,0.086,0.445,0.325,0.286,0.069,0.608,0.414,0.559,0.714,0.662,-0.204,-0.022,-0.055,0.311,0.369,0.328,0.293,0.851,0.729,0.601,0.12,-0.413,0.203,0.818,0.524,0.382,0.644,0.581,1.0,0.612,0.649,0.414,0.176,-0.212,0.076,0.536,0.379,0.047,0.742,0.204,0.063,-0.186,-0.063,0.267,0.757,-0.082,0.778,0.529,0.615,0.602,-0.073,0.759,0.218,0.249,0.318,0.6,0.7,0.246,0.162,0.696,0.583,0.473,-0.035,0.497,0.715,0.407,0.465,0.468,0.628,0.635,-0.193,0.36,0.149,0.499,0.537,0.788,0.87,0.55,0.309,-0.574,0.442,0.695,0.528,0.406
MARA,0.594,0.457,0.313,0.379,0.383,0.462,0.416,-0.468,0.582,-0.146,0.374,0.172,0.221,-0.392,0.468,0.25,-0.088,0.549,0.123,0.061,0.247,0.64,0.451,0.341,0.527,0.48,-0.074,0.04,0.038,0.089,0.274,0.255,0.189,0.586,0.59,0.344,-0.095,-0.504,0.207,0.534,0.513,0.473,0.474,0.404,0.612,1.0,0.508,0.321,0.184,-0.18,0.167,0.597,0.443,-0.153,0.514,0.385,0.152,-0.181,-0.059,0.396,0.54,-0.342,0.571,0.456,0.324,0.302,-0.202,0.492,0.277,0.121,0.294,0.671,0.466,0.433,0.283,0.606,0.481,0.778,0.021,0.384,0.416,0.074,0.409,0.217,0.524,0.453,-0.327,0.476,0.25,0.584,0.496,0.642,0.585,0.461,0.109,-0.434,0.2,0.254,0.24,0.579
MCHP,0.608,0.348,0.543,0.744,0.244,0.374,0.643,-0.214,0.71,0.061,0.504,0.332,0.471,-0.517,0.454,0.517,0.279,0.538,0.471,0.449,0.352,0.649,0.593,0.547,0.708,0.744,0.128,0.173,0.038,0.235,0.509,0.393,0.358,0.648,0.757,0.521,0.094,-0.337,0.322,0.672,0.55,0.636,0.608,0.735,0.649,0.508,1.0,0.579,0.338,0.175,0.25,0.831,0.383,0.183,0.866,0.27,0.263,-0.089,0.13,0.422,0.749,-0.338,0.71,0.296,0.438,0.572,0.026,0.635,0.316,0.581,0.508,0.435,0.731,0.352,0.469,0.697,0.703,0.439,0.068,0.667,0.728,0.299,0.461,0.192,0.84,0.691,-0.065,0.501,0.597,0.331,0.657,0.78,0.676,0.603,0.369,-0.274,0.586,0.55,0.555,0.455
MDLZ,0.517,0.474,0.27,0.679,0.363,0.508,0.523,-0.082,0.722,0.253,0.517,0.375,0.451,-0.56,0.556,0.396,0.246,0.57,0.565,0.231,0.509,0.597,0.483,0.485,0.537,0.474,0.224,0.428,0.316,0.418,0.543,0.679,0.677,0.485,0.551,0.407,0.089,-0.402,0.427,0.479,0.574,0.666,0.781,0.658,0.414,0.321,0.579,1.0,0.388,0.361,0.288,0.566,0.581,0.001,0.625,0.261,0.428,-0.204,0.204,0.465,0.576,-0.287,0.544,0.497,0.355,0.425,0.342,0.557,0.409,0.37,0.739,0.513,0.461,0.412,0.636,0.678,0.719,0.424,0.402,0.638,0.401,0.235,0.502,0.285,0.597,0.41,-0.161,0.606,0.667,0.471,0.54,0.645,0.53,0.535,0.432,-0.102,0.547,0.443,0.356,0.452
META,0.192,0.637,0.053,0.596,0.724,0.698,0.346,0.133,0.397,0.026,0.536,0.581,-0.016,-0.192,0.259,0.059,-0.154,0.305,0.109,-0.089,0.194,0.323,-0.025,0.14,0.243,0.27,0.306,-0.045,0.561,-0.149,0.192,0.688,0.643,0.172,0.349,0.017,-0.099,-0.022,0.472,0.112,0.453,0.346,0.455,0.548,0.176,0.184,0.338,0.388,1.0,-0.022,0.521,0.315,0.691,-0.146,0.407,0.599,0.746,-0.153,0.572,0.792,0.356,-0.073,0.293,0.512,0.001,0.208,0.261,0.346,0.594,0.1,0.455,0.478,0.121,0.521,0.696,0.503,0.343,0.168,0.517,0.585,0.156,-0.013,0.507,0.414,0.403,0.052,-0.134,0.525,0.43,0.469,0.503,0.296,0.248,0.069,-0.041,0.005,0.202,0.024,0.204,0.334
MNST,-0.193,-0.296,0.097,0.086,-0.191,-0.273,-0.105,0.52,0.099,0.657,-0.278,-0.161,0.466,0.073,-0.296,0.45,0.681,-0.012,0.594,0.601,0.439,0.063,0.488,0.438,0.191,0.175,0.677,0.637,-0.096,0.494,0.357,0.3,0.35,-0.061,0.071,0.21,0.565,0.294,-0.235,-0.02,-0.204,0.121,-0.078,-0.051,-0.212,-0.18,0.175,0.361,-0.022,1.0,-0.185,0.216,-0.205,0.588,0.04,-0.283,-0.159,0.424,-0.062,-0.187,-0.016,-0.235,-0.238,-0.183,0.123,0.34,0.645,-0.034,-0.194,0.57,0.466,-0.357,0.078,-0.205,0.082,-0.012,0.073,0.24,-0.116,0.038,0.049,0.381,-0.205,-0.362,-0.072,0.249,0.483,-0.075,0.295,-0.385,-0.252,0.124,-0.108,0.38,0.517,0.532,0.559,0.134,0.396,-0.233
MRNA,0.13,0.51,-0.139,0.388,0.481,0.566,0.109,-0.379,0.247,0.1,0.53,0.575,-0.361,-0.558,0.141,-0.264,-0.366,0.54,-0.103,-0.399,0.283,0.32,-0.049,-0.229,-0.1,-0.005,0.17,0.006,0.347,-0.353,0.077,0.221,0.177,-0.042,0.07,-0.281,-0.485,-0.354,0.497,-0.048,0.454,0.509,0.29,0.478,0.076,0.167,0.25,0.288,0.521,-0.185,1.0,0.417,0.589,-0.476,0.265,0.345,0.622,-0.395,0.525,0.777,0.129,-0.351,0.212,0.282,-0.283,-0.205,-0.101,0.103,0.65,0.024,0.206,0.39,-0.032,0.626,0.699,0.378,0.261,-0.071,0.339,0.456,-0.084,-0.386,0.475,0.153,0.389,-0.034,-0.478,0.543,0.471,0.511,0.624,0.148,0.117,-0.143,-0.372,-0.148,-0.221,-0.233,-0.28,0.593
MRVL,0.499,0.375,0.459,0.624,0.272,0.376,0.538,-0.326,0.676,0.199,0.51,0.382,0.385,-0.549,0.377,0.398,0.211,0.742,0.429,0.254,0.52,0.7,0.657,0.42,0.533,0.695,0.233,0.28,0.043,0.193,0.445,0.407,0.374,0.507,0.601,0.345,-0.04,-0.337,0.337,0.49,0.592,0.709,0.559,0.643,0.536,0.597,0.831,0.566,0.315,0.216,0.417,1.0,0.395,0.019,0.661,0.271,0.227,-0.063,0.15,0.469,0.621,-0.496,0.611,0.376,0.297,0.386,0.04,0.489,0.413,0.448,0.536,0.383,0.625,0.517,0.558,0.704,0.71,0.512,0.063,0.601,0.547,0.106,0.474,0.139,0.667,0.668,-0.224,0.558,0.565,0.431,0.682,0.776,0.521,0.489,0.199,-0.229,0.405,0.328,0.297,0.659
MSFT,0.445,0.931,0.04,0.741,0.678,0.924,0.445,-0.24,0.657,-0.102,0.786,0.739,-0.054,-0.56,0.518,-0.03,-0.283,0.558,0.104,-0.226,0.236,0.554,0.036,0.116,0.327,0.23,-0.024,-0.035,0.623,-0.208,0.245,0.632,0.559,0.322,0.502,-0.04,-0.269,-0.444,0.719,0.233,0.632,0.648,0.696,0.796,0.379,0.443,0.383,0.581,0.691,-0.205,0.589,0.395,1.0,-0.379,0.507,0.619,0.794,-0.556,0.472,0.841,0.534,-0.269,0.531,0.583,0.025,0.176,-0.055,0.52,0.779,-0.058,0.517,0.793,0.215,0.632,0.799,0.748,0.546,0.234,0.602,0.636,0.182,-0.108,0.724,0.33,0.562,0.109,-0.561,0.845,0.555,0.797,0.732,0.493,0.452,0.088,-0.094,-0.359,0.104,0.115,0.09,0.604
MSTR,-0.076,-0.324,0.397,-0.014,-0.212,-0.392,0.034,0.628,0.079,0.369,-0.349,-0.367,0.65,0.344,-0.153,0.657,0.75,-0.323,0.58,0.793,0.068,0.004,0.297,0.596,0.439,0.249,0.362,0.368,-0.281,0.392,0.256,0.217,0.247,0.127,0.246,0.495,0.79,0.407,-0.367,0.177,-0.215,-0.238,-0.186,-0.159,0.047,-0.153,0.183,0.001,-0.146,0.588,-0.476,0.019,-0.379,1.0,0.077,-0.395,-0.496,0.514,-0.379,-0.423,0.146,0.18,-0.119,-0.141,0.479,0.565,0.325,0.171,-0.371,0.431,0.203,-0.354,0.239,-0.438,-0.32,-0.02,-0.103,0.181,-0.373,-0.036,0.232,0.64,-0.209,-0.116,-0.133,0.328,0.577,-0.294,-0.133,-0.479,-0.38,0.185,0.06,0.396,0.533,0.27,0.543,0.322,0.653,-0.467
MU,0.766,0.463,0.543,0.786,0.409,0.492,0.734,-0.193,0.742,-0.088,0.541,0.32,0.426,-0.538,0.62,0.474,0.172,0.468,0.425,0.357,0.239,0.685,0.387,0.531,0.726,0.691,-0.015,0.168,0.117,0.276,0.619,0.453,0.396,0.701,0.798,0.578,0.13,-0.363,0.325,0.78,0.563,0.589,0.708,0.784,0.742,0.514,0.866,0.625,0.407,0.04,0.265,0.661,0.507,0.077,1.0,0.309,0.344,-0.183,0.123,0.53,0.795,-0.14,0.715,0.456,0.446,0.586,0.029,0.701,0.332,0.542,0.457,0.639,0.742,0.307,0.465,0.761,0.681,0.431,0.137,0.68,0.716,0.302,0.493,0.357,0.864,0.624,-0.14,0.511,0.568,0.426,0.642,0.773,0.786,0.567,0.36,-0.428,0.583,0.62,0.635,0.416
MVIS,0.317,0.667,-0.158,0.492,0.402,0.705,0.252,-0.261,0.469,-0.273,0.524,0.658,-0.158,-0.317,0.334,-0.188,-0.529,0.504,-0.204,-0.442,0.319,0.461,0.006,-0.11,0.214,0.155,-0.016,-0.123,0.651,-0.257,0.191,0.333,0.236,0.166,0.351,-0.136,-0.385,-0.458,0.569,0.117,0.515,0.423,0.561,0.512,0.204,0.385,0.27,0.261,0.599,-0.283,0.345,0.271,0.619,-0.395,0.309,1.0,0.699,-0.496,0.602,0.577,0.436,-0.248,0.418,0.455,-0.125,-0.055,-0.105,0.348,0.673,-0.122,0.149,0.565,0.07,0.685,0.645,0.489,0.397,0.118,0.709,0.547,0.061,-0.335,0.664,0.169,0.432,-0.077,-0.538,0.644,0.469,0.527,0.612,0.304,0.285,-0.11,-0.234,-0.159,0.029,-0.049,0.015,0.558
NFLX,0.164,0.708,-0.282,0.569,0.591,0.81,0.133,-0.217,0.363,-0.022,0.598,0.669,-0.315,-0.476,0.222,-0.265,-0.454,0.442,-0.139,-0.4,0.255,0.338,-0.067,-0.157,0.022,-0.028,0.131,-0.146,0.645,-0.338,0.081,0.502,0.439,0.005,0.173,-0.289,-0.433,-0.4,0.642,-0.034,0.482,0.497,0.487,0.61,0.063,0.152,0.263,0.428,0.746,-0.159,0.622,0.227,0.794,-0.496,0.344,0.699,1.0,-0.536,0.688,0.817,0.263,-0.305,0.332,0.405,-0.283,-0.1,0.079,0.235,0.698,-0.073,0.307,0.523,-0.093,0.656,0.799,0.448,0.339,-0.015,0.712,0.543,-0.066,-0.369,0.569,0.226,0.484,-0.185,-0.432,0.635,0.655,0.583,0.617,0.166,0.161,-0.141,-0.192,-0.116,-0.037,-0.124,-0.102,0.478
NNDM,-0.33,-0.645,0.155,-0.322,-0.237,-0.618,-0.144,0.517,-0.3,0.272,-0.521,-0.57,0.286,0.698,-0.333,0.363,0.573,-0.388,0.219,0.48,-0.213,-0.361,0.224,0.221,-0.062,0.072,0.342,0.2,-0.482,0.314,0.051,-0.101,-0.045,-0.078,-0.226,0.207,0.523,0.616,-0.586,-0.054,-0.471,-0.464,-0.384,-0.482,-0.186,-0.181,-0.089,-0.204,-0.153,0.424,-0.395,-0.063,-0.556,0.514,-0.183,-0.496,-0.536,1.0,-0.36,-0.434,-0.295,0.225,-0.368,-0.297,0.185,0.221,0.414,-0.284,-0.571,0.247,-0.022,-0.541,0.033,-0.365,-0.488,-0.313,-0.347,0.232,-0.515,-0.371,0.045,0.418,-0.595,-0.148,-0.392,0.153,0.698,-0.556,-0.39,-0.554,-0.474,-0.08,-0.281,0.218,0.293,0.513,0.228,0.085,0.3,-0.424
NVAX,0.031,0.409,-0.34,0.424,0.17,0.43,0.02,-0.065,0.216,-0.013,0.487,0.669,-0.429,-0.308,-0.001,-0.354,-0.389,0.425,-0.289,-0.441,0.357,0.107,-0.116,-0.404,-0.088,-0.141,0.202,-0.214,0.657,-0.303,0.037,0.22,0.168,-0.171,0.064,-0.365,-0.439,-0.238,0.6,-0.142,0.312,0.345,0.34,0.462,-0.063,-0.059,0.13,0.204,0.572,-0.062,0.525,0.15,0.472,-0.379,0.123,0.602,0.688,-0.36,1.0,0.533,0.108,-0.208,0.177,0.161,-0.427,-0.177,0.15,0.033,0.702,0.07,0.092,0.261,-0.224,0.582,0.638,0.26,0.189,-0.24,0.726,0.466,-0.171,-0.416,0.495,-0.061,0.254,-0.286,-0.332,0.392,0.501,0.281,0.524,0.009,0.027,-0.357,-0.44,0.198,-0.094,-0.288,-0.177,0.458
NVDA,0.345,0.752,0.003,0.664,0.798,0.824,0.36,-0.266,0.474,-0.008,0.676,0.663,-0.171,-0.538,0.35,-0.093,-0.3,0.522,0.029,-0.243,0.231,0.487,-0.002,0.005,0.18,0.239,0.159,0.027,0.52,-0.24,0.23,0.558,0.48,0.206,0.36,-0.061,-0.306,-0.342,0.591,0.165,0.586,0.613,0.526,0.705,0.267,0.396,0.422,0.465,0.792,-0.187,0.777,0.469,0.841,-0.423,0.53,0.577,0.817,-0.434,0.533,1.0,0.392,-0.266,0.425,0.526,-0.062,0.036,0.001,0.35,0.717,0.063,0.421,0.659,0.178,0.635,0.8,0.591,0.436,0.195,0.484,0.588,0.146,-0.245,0.583,0.334,0.592,0.128,-0.416,0.713,0.581,0.688,0.715,0.365,0.334,0.037,-0.159,-0.263,0.048,0.001,0.034,0.548
NWL,0.776,0.628,0.575,0.768,0.278,0.563,0.798,-0.131,0.838,-0.177,0.608,0.463,0.57,-0.516,0.742,0.554,0.106,0.52,0.4,0.308,0.315,0.832,0.305,0.597,0.872,0.719,-0.078,0.151,0.274,0.233,0.552,0.54,0.439,0.78,0.93,0.633,0.171,-0.397,0.42,0.746,0.658,0.553,0.787,0.776,0.757,0.54,0.749,0.576,0.356,-0.016,0.129,0.621,0.534,0.146,0.795,0.436,0.263,-0.295,0.108,0.392,1.0,-0.192,0.78,0.612,0.544,0.569,-0.062,0.882,0.502,0.288,0.428,0.654,0.745,0.366,0.469,0.884,0.728,0.373,0.274,0.738,0.705,0.245,0.731,0.393,0.729,0.629,-0.284,0.642,0.444,0.477,0.627,0.875,0.822,0.447,0.318,-0.521,0.628,0.611,0.628,0.446
OCGN,-0.105,-0.275,0.135,-0.318,-0.032,-0.296,0.111,0.355,-0.392,-0.115,-0.224,-0.346,-0.025,0.491,0.046,-0.101,0.127,-0.568,-0.095,0.071,-0.601,-0.42,-0.465,-0.112,-0.142,-0.088,-0.292,-0.144,-0.132,0.07,0.037,-0.154,-0.086,-0.047,-0.22,0.09,0.198,0.454,-0.336,-0.008,-0.415,-0.48,-0.162,-0.33,-0.082,-0.342,-0.338,-0.287,-0.073,-0.235,-0.351,-0.496,-0.269,0.18,-0.14,-0.248,-0.305,0.225,-0.208,-0.266,-0.192,1.0,-0.253,-0.017,-0.018,-0.04,0.033,-0.209,-0.387,-0.155,-0.232,-0.123,-0.034,-0.49,-0.48,-0.354,-0.318,-0.272,-0.238,-0.369,0.056,0.165,-0.398,0.357,-0.323,-0.157,0.337,-0.446,-0.509,-0.307,-0.39,-0.312,-0.135,-0.156,-0.027,-0.017,-0.074,0.032,0.089,-0.471
ON,0.785,0.558,0.465,0.706,0.294,0.531,0.725,-0.404,0.732,-0.169,0.714,0.418,0.379,-0.569,0.792,0.332,-0.037,0.583,0.241,0.105,0.224,0.636,0.415,0.359,0.662,0.601,-0.185,-0.082,0.134,0.22,0.338,0.363,0.32,0.737,0.719,0.457,-0.124,-0.549,0.57,0.71,0.7,0.55,0.806,0.748,0.778,0.571,0.71,0.544,0.293,-0.238,0.212,0.611,0.531,-0.119,0.715,0.418,0.332,-0.368,0.177,0.425,0.78,-0.253,1.0,0.533,0.527,0.47,-0.153,0.772,0.454,0.224,0.316,0.661,0.622,0.477,0.381,0.748,0.76,0.328,0.293,0.661,0.698,0.171,0.672,0.408,0.719,0.511,-0.385,0.544,0.374,0.589,0.708,0.728,0.774,0.386,0.147,-0.565,0.351,0.595,0.354,0.56
OPK,0.499,0.633,0.275,0.408,0.576,0.671,0.553,-0.089,0.535,-0.127,0.451,0.354,0.279,-0.342,0.728,0.239,-0.076,0.472,0.165,-0.053,0.203,0.563,0.099,0.368,0.492,0.365,0.014,0.131,0.397,0.1,0.289,0.61,0.557,0.527,0.503,0.313,-0.008,-0.286,0.277,0.443,0.542,0.369,0.653,0.448,0.529,0.456,0.296,0.497,0.512,-0.183,0.282,0.376,0.583,-0.141,0.456,0.455,0.405,-0.297,0.161,0.526,0.612,-0.017,0.533,1.0,0.262,0.222,0.17,0.611,0.448,-0.097,0.366,0.63,0.342,0.373,0.459,0.666,0.472,0.361,0.335,0.48,0.364,0.025,0.582,0.698,0.403,0.242,-0.315,0.546,0.252,0.617,0.478,0.582,0.529,0.235,0.143,-0.391,0.295,0.336,0.239,0.444
