,AAL,AAPL,AGNC,AMAT,AMD,AMZN,APA,ARDX,AVGO,AZN,BIDU,BILI,BKR,CAN,CHRD,CMCSA,CPRT,CRWD,CSCO,CSX,DKNG,EBAY,ERIC,EXC,FITB,FLEX,FTNT,GEN,GERN,GEVO,GILD,GOOG,GOOGL,GT,HBAN,HST,INTC,IOVA,IQ,JBLU,JD,KDP,KHC,LRCX,LYFT,MARA,MCHP,MDLZ,META,MNST,MRNA,MRVL,MSFT,MSTR,MU,MVIS,NFLX,NNDM,NVAX,NVDA,NWL,OCGN,ON,OPK,PAA,PACB,PANW,PARA,PDD,PENN,PEP,PLUG,PTEN,PTON,PYPL,QCOM,QVCGA,RIOT,ROKU,RUN,SABR,SBUX,SMCI,SNDL,STNE,TCOM,TLRY,TMUS,TSCO,TSLA,TTD,TXN,UAL,VOD,VTRS,VXRT,WBA,WBD,WDC,ZM
AAL,1.0,0.488,0.669,0.738,0.68,0.353,0.817,0.763,0.855,-0.431,0.192,0.683,0.804,0.272,0.609,0.725,-0.434,0.865,0.67,0.327,0.441,0.463,0.619,-0.651,0.699,0.534,0.819,0.028,-0.596,0.558,0.328,0.588,0.595,0.501,0.82,0.639,0.798,0.783,-0.565,0.662,-0.337,0.58,0.789,0.853,0.691,0.636,0.747,0.442,0.509,0.651,0.696,0.332,0.155,0.696,0.804,0.834,0.619,0.778,0.563,0.007,0.725,0.087,0.761,0.669,0.814,0.628,0.605,0.692,0.394,0.646,0.653,0.447,0.768,0.534,0.726,0.65,0.641,0.722,0.701,0.242,0.86,0.743,0.538,0.5,0.677,-0.028,0.521,0.575,0.504,0.789,0.648,0.849,0.917,0.753,0.503,0.59,0.317,0.726,0.847,-0.088
AAPL,0.488,1.0,0.268,0.485,0.704,0.518,0.363,0.427,0.581,0.037,0.638,0.277,0.494,-0.305,0.247,0.362,0.076,0.436,0.527,-0.094,0.109,0.185,0.476,-0.274,0.445,0.177,0.674,0.488,-0.306,0.031,0.72,0.762,0.798,-0.028,0.496,0.317,0.696,0.675,-0.06,0.077,-0.411,0.265,0.437,0.631,0.576,0.373,0.517,0.631,0.784,0.728,0.657,0.08,0.534,0.562,0.6,0.464,0.774,0.436,0.599,0.519,0.415,0.295,0.55,0.669,0.391,0.769,0.181,0.468,0.309,0.188,0.703,0.008,0.3,0.533,0.499,0.778,0.37,0.472,0.416,-0.213,0.369,0.485,0.454,0.659,0.231,0.331,0.566,0.671,0.429,0.359,0.429,0.676,0.508,0.464,0.226,0.467,0.479,0.359,0.615,-0.241
AGNC,0.669,0.268,1.0,0.8,0.656,0.47,0.867,0.595,0.579,-0.593,-0.085,0.657,0.718,0.605,0.712,0.883,-0.474,0.533,0.745,0.568,0.655,0.75,0.727,-0.428,0.691,0.747,0.726,-0.292,-0.516,0.767,0.341,0.438,0.438,0.809,0.818,0.825,0.532,0.367,-0.649,0.677,-0.012,0.692,0.785,0.536,0.528,0.774,0.563,0.266,0.283,0.535,0.575,0.457,-0.051,0.655,0.672,0.649,0.385,0.606,0.595,-0.106,0.771,0.197,0.546,0.552,0.736,0.277,0.736,0.793,0.469,0.697,0.427,0.637,0.793,0.513,0.785,0.431,0.835,0.681,0.706,0.615,0.818,0.701,0.576,0.409,0.802,-0.147,0.456,0.683,0.614,0.731,0.788,0.561,0.727,0.626,0.569,0.726,-0.04,0.709,0.677,0.253
AMAT,0.738,0.485,0.8,1.0,0.759,0.528,0.871,0.655,0.772,-0.634,0.127,0.831,0.769,0.319,0.766,0.805,-0.454,0.669,0.847,0.249,0.675,0.802,0.865,-0.629,0.715,0.728,0.793,-0.167,-0.664,0.685,0.41,0.672,0.653,0.618,0.764,0.839,0.727,0.595,-0.632,0.561,-0.169,0.706,0.888,0.75,0.702,0.753,0.774,0.356,0.512,0.685,0.67,0.436,0.068,0.671,0.8,0.799,0.643,0.648,0.612,0.215,0.738,0.284,0.718,0.686,0.737,0.51,0.726,0.812,0.591,0.732,0.557,0.547,0.845,0.747,0.818,0.672,0.745,0.775,0.849,0.46,0.826,0.795,0.581,0.493,0.813,-0.053,0.506,0.709,0.598,0.76,0.855,0.677,0.803,0.742,0.652,0.791,0.163,0.736,0.814,0.131
AMD,0.68,0.704,0.656,0.759,1.0,0.637,0.688,0.684,0.808,-0.453,0.171,0.675,0.698,0.278,0.659,0.702,-0.373,0.698,0.735,0.137,0.535,0.647,0.738,-0.582,0.595,0.578,0.803,0.014,-0.563,0.531,0.579,0.725,0.765,0.35,0.786,0.657,0.833,0.694,-0.535,0.524,-0.276,0.671,0.71,0.817,0.612,0.771,0.765,0.46,0.682,0.747,0.852,0.537,0.219,0.849,0.819,0.745,0.686,0.77,0.826,0.262,0.764,0.473,0.6,0.877,0.618,0.585,0.552,0.833,0.405,0.552,0.635,0.312,0.633,0.71,0.819,0.643,0.786,0.757,0.787,0.279,0.723,0.642,0.443,0.809,0.68,-0.004,0.675,0.797,0.702,0.749,0.797,0.845,0.727,0.669,0.547,0.783,0.173,0.786,0.793,0.131
AMZN,0.353,0.518,0.47,0.528,0.637,1.0,0.49,0.522,0.445,-0.48,0.054,0.285,0.302,0.348,0.503,0.541,-0.191,0.274,0.564,-0.045,0.479,0.604,0.655,-0.336,0.292,0.386,0.546,-0.166,-0.313,0.458,0.318,0.646,0.668,0.27,0.481,0.372,0.56,0.286,-0.338,0.311,0.067,0.484,0.481,0.395,0.263,0.543,0.439,0.368,0.683,0.484,0.56,0.524,0.499,0.62,0.464,0.409,0.571,0.433,0.673,0.372,0.573,0.307,0.348,0.472,0.262,0.275,0.369,0.573,0.242,0.316,0.387,0.231,0.365,0.523,0.689,0.318,0.652,0.403,0.488,0.448,0.459,0.451,0.061,0.563,0.449,0.001,0.576,0.685,0.635,0.427,0.592,0.482,0.504,0.381,0.232,0.631,-0.01,0.483,0.477,0.373
APA,0.817,0.363,0.867,0.871,0.688,0.49,1.0,0.753,0.756,-0.598,0.017,0.729,0.84,0.454,0.743,0.856,-0.519,0.691,0.725,0.478,0.571,0.689,0.768,-0.543,0.76,0.665,0.76,-0.19,-0.586,0.76,0.266,0.536,0.551,0.729,0.867,0.809,0.696,0.539,-0.637,0.687,-0.125,0.705,0.867,0.709,0.654,0.745,0.68,0.349,0.423,0.587,0.625,0.425,0.088,0.673,0.799,0.817,0.543,0.616,0.548,-0.005,0.786,0.144,0.7,0.602,0.812,0.447,0.721,0.765,0.478,0.729,0.533,0.66,0.857,0.588,0.804,0.619,0.746,0.738,0.792,0.545,0.883,0.793,0.543,0.424,0.798,-0.097,0.521,0.613,0.563,0.77,0.807,0.703,0.836,0.722,0.595,0.732,0.154,0.725,0.825,0.167
ARDX,0.763,0.427,0.595,0.655,0.684,0.522,0.753,1.0,0.744,-0.376,0.058,0.566,0.647,0.326,0.563,0.625,-0.335,0.627,0.55,0.18,0.397,0.477,0.593,-0.646,0.565,0.366,0.671,-0.108,-0.417,0.669,0.323,0.618,0.556,0.402,0.707,0.498,0.723,0.633,-0.425,0.554,-0.282,0.582,0.693,0.676,0.441,0.689,0.67,0.346,0.54,0.491,0.676,0.532,0.262,0.733,0.702,0.817,0.579,0.709,0.7,0.042,0.69,0.228,0.62,0.626,0.62,0.468,0.434,0.623,0.222,0.464,0.495,0.372,0.603,0.509,0.759,0.523,0.7,0.628,0.644,0.337,0.767,0.56,0.295,0.628,0.687,-0.064,0.763,0.554,0.707,0.654,0.61,0.747,0.763,0.553,0.329,0.608,0.217,0.658,0.759,0.111
AVGO,0.855,0.581,0.579,0.772,0.808,0.445,0.756,0.744,1.0,-0.485,0.202,0.765,0.787,0.176,0.659,0.651,-0.421,0.826,0.681,0.203,0.527,0.531,0.68,-0.663,0.658,0.539,0.801,0.001,-0.56,0.482,0.434,0.655,0.66,0.39,0.737,0.6,0.829,0.847,-0.601,0.506,-0.375,0.638,0.806,0.916,0.703,0.652,0.853,0.439,0.6,0.749,0.776,0.459,0.18,0.76,0.841,0.87,0.742,0.775,0.622,0.13,0.738,0.321,0.817,0.709,0.686,0.709,0.624,0.764,0.405,0.704,0.686,0.432,0.719,0.644,0.709,0.716,0.632,0.77,0.797,0.229,0.733,0.737,0.481,0.585,0.688,-0.079,0.496,0.651,0.54,0.789,0.727,0.863,0.781,0.749,0.559,0.676,0.24,0.787,0.853,-0.019
AZN,-0.431,0.037,-0.593,-0.634,-0.453,-0.48,-0.598,-0.376,-0.485,1.0,0.357,-0.556,-0.387,-0.559,-0.659,-0.62,0.579,-0.448,-0.586,-0.253,-0.747,-0.799,-0.661,0.518,-0.359,-0.636,-0.384,0.61,0.418,-0.574,-0.025,-0.276,-0.307,-0.633,-0.488,-0.6,-0.376,-0.161,0.725,-0.632,-0.153,-0.588,-0.595,-0.447,-0.377,-0.534,-0.454,-0.045,-0.172,-0.296,-0.356,-0.686,0.161,-0.475,-0.469,-0.493,-0.233,-0.511,-0.349,-0.004,-0.639,-0.233,-0.339,-0.394,-0.367,-0.033,-0.706,-0.587,-0.347,-0.588,-0.188,-0.434,-0.581,-0.453,-0.507,-0.126,-0.534,-0.5,-0.556,-0.643,-0.614,-0.587,-0.109,-0.261,-0.646,0.324,-0.204,-0.452,-0.372,-0.561,-0.623,-0.319,-0.554,-0.547,-0.531,-0.639,0.266,-0.619,-0.421,-0.341
BIDU,0.192,0.638,-0.085,0.127,0.171,0.054,0.017,0.058,0.202,0.357,1.0,0.07,0.324,-0.503,-0.215,0.045,0.383,0.096,0.182,-0.18,-0.167,-0.166,0.054,0.043,0.249,-0.09,0.349,0.655,0.057,-0.258,0.485,0.477,0.402,-0.255,0.113,0.048,0.228,0.378,0.397,-0.152,-0.349,-0.025,0.167,0.303,0.338,-0.029,0.226,0.514,0.504,0.409,0.232,-0.423,0.476,0.107,0.199,0.109,0.316,0.092,0.165,0.473,-0.018,-0.062,0.362,0.278,0.217,0.482,-0.058,0.041,0.164,-0.05,0.54,-0.096,0.112,0.077,0.092,0.506,-0.061,0.145,0.096,-0.51,0.012,0.198,0.306,0.162,-0.094,0.39,0.194,0.245,0.077,0.081,0.048,0.265,0.15,0.234,0.014,-0.067,0.699,-0.033,0.196,-0.504
BILI,0.683,0.277,0.657,0.831,0.675,0.285,0.729,0.566,0.765,-0.556,0.07,1.0,0.742,0.376,0.717,0.646,-0.486,0.721,0.662,0.23,0.62,0.691,0.761,-0.65,0.564,0.618,0.663,-0.196,-0.647,0.66,0.191,0.474,0.413,0.5,0.594,0.749,0.577,0.613,-0.632,0.522,-0.202,0.684,0.789,0.697,0.621,0.626,0.752,0.145,0.315,0.559,0.604,0.363,-0.122,0.547,0.675,0.771,0.487,0.682,0.503,0.074,0.617,0.259,0.686,0.595,0.663,0.439,0.704,0.722,0.547,0.737,0.465,0.615,0.852,0.62,0.683,0.497,0.658,0.711,0.907,0.434,0.698,0.642,0.523,0.323,0.743,-0.17,0.309,0.539,0.496,0.787,0.806,0.596,0.643,0.679,0.724,0.671,0.099,0.699,0.661,0.119
BKR,0.804,0.494,0.718,0.769,0.698,0.302,0.84,0.647,0.787,-0.387,0.324,0.742,1.0,0.267,0.544,0.779,-0.322,0.756,0.711,0.409,0.441,0.512,0.631,-0.457,0.826,0.562,0.784,0.141,-0.571,0.513,0.458,0.587,0.535,0.564,0.798,0.796,0.704,0.681,-0.423,0.602,-0.266,0.656,0.817,0.771,0.71,0.672,0.729,0.442,0.439,0.725,0.634,0.237,0.098,0.581,0.811,0.79,0.54,0.662,0.492,0.055,0.655,0.101,0.754,0.656,0.831,0.552,0.706,0.726,0.503,0.629,0.659,0.549,0.83,0.494,0.699,0.726,0.622,0.813,0.729,0.263,0.807,0.809,0.678,0.417,0.695,0.064,0.435,0.592,0.507,0.745,0.727,0.704,0.796,0.762,0.649,0.602,0.448,0.671,0.82,-0.128
CAN,0.272,-0.305,0.605,0.319,0.278,0.348,0.454,0.326,0.176,-0.559,-0.503,0.376,0.267,1.0,0.474,0.549,-0.398,0.224,0.307,0.376,0.479,0.588,0.353,-0.269,0.211,0.459,0.228,-0.529,-0.284,0.672,-0.208,-0.008,-0.036,0.635,0.353,0.446,0.129,-0.064,-0.481,0.55,0.326,0.514,0.401,0.105,-0.034,0.511,0.249,-0.226,-0.048,0.029,0.277,0.489,-0.206,0.321,0.267,0.3,-0.046,0.345,0.32,-0.343,0.462,0.128,0.067,0.127,0.251,-0.308,0.538,0.548,0.138,0.378,-0.067,0.478,0.428,0.182,0.529,-0.209,0.631,0.307,0.368,0.743,0.506,0.251,0.067,0.091,0.597,-0.407,0.125,0.303,0.501,0.437,0.474,0.183,0.348,0.29,0.377,0.402,-0.39,0.493,0.224,0.579
CHRD,0.609,0.247,0.712,0.766,0.659,0.503,0.743,0.563,0.659,-0.659,-0.215,0.717,0.544,0.474,1.0,0.631,-0.623,0.621,0.657,0.202,0.569,0.768,0.746,-0.643,0.529,0.576,0.601,-0.279,-0.682,0.667,0.104,0.402,0.487,0.57,0.663,0.667,0.597,0.458,-0.675,0.554,-0.04,0.692,0.764,0.615,0.644,0.654,0.684,0.07,0.319,0.527,0.589,0.552,-0.089,0.599,0.617,0.655,0.591,0.559,0.568,-0.035,0.677,0.218,0.563,0.565,0.493,0.48,0.66,0.7,0.481,0.692,0.336,0.612,0.622,0.806,0.706,0.38,0.789,0.627,0.79,0.589,0.675,0.663,0.321,0.439,0.732,-0.126,0.446,0.568,0.527,0.628,0.83,0.589,0.644,0.66,0.561,0.846,-0.047,0.657,0.617,0.346
CMCSA,0.725,0.362,0.883,0.805,0.702,0.541,0.856,0.625,0.651,-0.62,0.045,0.646,0.779,0.549,0.631,1.0,-0.421,0.597,0.801,0.492,0.645,0.749,0.743,-0.427,0.745,0.771,0.812,-0.177,-0.523,0.707,0.398,0.606,0.601,0.736,0.858,0.813,0.635,0.435,-0.542,0.684,0.002,0.722,0.812,0.622,0.503,0.782,0.664,0.416,0.463,0.562,0.607,0.44,0.147,0.723,0.695,0.656,0.416,0.675,0.614,-0.005,0.843,0.16,0.567,0.596,0.748,0.281,0.716,0.803,0.519,0.675,0.535,0.553,0.776,0.485,0.821,0.439,0.793,0.725,0.701,0.581,0.841,0.735,0.559,0.479,0.752,-0.12,0.496,0.744,0.647,0.754,0.76,0.672,0.802,0.672,0.599,0.701,0.143,0.731,0.697,0.188
CPRT,-0.434,0.076,-0.474,-0.454,-0.373,-0.191,-0.519,-0.335,-0.421,0.579,0.383,-0.486,-0.322,-0.398,-0.623,-0.421,1.0,-0.457,-0.373,-0.277,-0.496,-0.501,-0.436,0.631,-0.276,-0.56,-0.297,0.508,0.523,-0.536,0.045,-0.196,-0.216,-0.541,-0.451,-0.509,-0.309,-0.2,0.653,-0.505,0.07,-0.377,-0.453,-0.405,-0.446,-0.437,-0.475,-0.004,-0.072,-0.173,-0.304,-0.382,0.428,-0.418,-0.454,-0.508,-0.269,-0.463,-0.246,0.16,-0.51,-0.097,-0.283,-0.324,-0.468,-0.137,-0.575,-0.495,-0.291,-0.524,-0.005,-0.392,-0.531,-0.363,-0.372,-0.169,-0.444,-0.472,-0.504,-0.414,-0.481,-0.457,-0.213,-0.143,-0.532,0.351,-0.09,-0.281,-0.086,-0.499,-0.475,-0.385,-0.407,-0.472,-0.51,-0.518,0.272,-0.556,-0.418,-0.117
CRWD,0.865,0.436,0.533,0.669,0.698,0.274,0.691,0.627,0.826,-0.448,0.096,0.721,0.756,0.224,0.621,0.597,-0.457,1.0,0.639,0.227,0.472,0.44,0.617,-0.664,0.595,0.527,0.766,0.021,-0.653,0.451,0.243,0.504,0.541,0.408,0.707,0.625,0.752,0.735,-0.589,0.653,-0.311,0.592,0.684,0.853,0.691,0.579,0.78,0.328,0.401,0.677,0.704,0.37,0.014,0.609,0.78,0.733,0.57,0.751,0.528,0.02,0.588,0.192,0.667,0.728,0.72,0.621,0.633,0.659,0.464,0.646,0.581,0.463,0.675,0.598,0.622,0.601,0.572,0.745,0.725,0.228,0.736,0.704,0.509,0.499,0.667,0.022,0.427,0.53,0.378,0.74,0.68,0.785,0.805,0.726,0.607,0.626,0.303,0.717,0.789,0.013
CSCO,0.67,0.527,0.745,0.847,0.735,0.564,0.725,0.55,0.681,-0.586,0.182,0.662,0.711,0.307,0.657,0.801,-0.373,0.639,1.0,0.34,0.649,0.733,0.819,-0.528,0.719,0.723,0.78,-0.095,-0.569,0.478,0.523,0.663,0.723,0.533,0.75,0.807,0.718,0.531,-0.512,0.579,-0.024,0.613,0.736,0.702,0.667,0.639,0.687,0.491,0.504,0.748,0.711,0.459,0.11,0.645,0.765,0.625,0.522,0.609,0.662,0.187,0.709,0.154,0.645,0.738,0.633,0.496,0.748,0.772,0.659,0.604,0.608,0.485,0.684,0.604,0.709,0.56,0.691,0.683,0.688,0.342,0.782,0.822,0.565,0.528,0.641,0.043,0.448,0.784,0.572,0.601,0.741,0.682,0.795,0.823,0.522,0.757,0.253,0.674,0.788,0.047
CSX,0.327,-0.094,0.568,0.249,0.137,-0.045,0.478,0.18,0.203,-0.253,-0.18,0.23,0.409,0.376,0.202,0.492,-0.277,0.227,0.34,1.0,0.12,0.249,0.258,0.165,0.525,0.488,0.232,-0.215,-0.041,0.313,0.149,0.021,0.077,0.654,0.504,0.461,0.132,0.043,-0.318,0.554,0.124,0.135,0.292,0.206,0.256,0.199,0.157,0.297,-0.113,0.161,0.071,0.163,-0.113,0.083,0.306,0.234,-0.127,0.131,-0.019,-0.293,0.341,-0.113,0.184,0.131,0.477,-0.035,0.396,0.296,0.183,0.3,0.298,0.363,0.387,-0.122,0.163,0.142,0.256,0.17,0.174,0.346,0.386,0.374,0.44,-0.087,0.287,0.036,-0.076,0.191,0.07,0.193,0.18,0.206,0.313,0.348,0.2,0.172,-0.031,0.308,0.325,-0.001
DKNG,0.441,0.109,0.655,0.675,0.535,0.479,0.571,0.397,0.527,-0.747,-0.167,0.62,0.441,0.479,0.569,0.645,-0.496,0.472,0.649,0.12,1.0,0.74,0.663,-0.576,0.314,0.715,0.581,-0.537,-0.457,0.587,0.132,0.342,0.321,0.509,0.477,0.658,0.369,0.234,-0.67,0.477,0.038,0.712,0.551,0.442,0.292,0.647,0.484,0.028,0.203,0.359,0.472,0.553,-0.19,0.625,0.463,0.464,0.267,0.588,0.518,0.031,0.637,0.392,0.405,0.444,0.454,0.086,0.733,0.647,0.46,0.739,0.169,0.529,0.63,0.487,0.566,0.179,0.576,0.637,0.654,0.583,0.597,0.549,0.277,0.347,0.66,-0.381,0.26,0.598,0.462,0.733,0.713,0.389,0.514,0.47,0.645,0.612,-0.224,0.609,0.452,0.351
EBAY,0.463,0.185,0.75,0.802,0.647,0.604,0.689,0.477,0.531,-0.799,-0.166,0.691,0.512,0.588,0.768,0.749,-0.501,0.44,0.733,0.249,0.74,1.0,0.804,-0.488,0.535,0.746,0.567,-0.408,-0.518,0.694,0.229,0.485,0.504,0.661,0.622,0.798,0.521,0.277,-0.589,0.616,0.141,0.754,0.723,0.513,0.47,0.705,0.585,0.151,0.347,0.502,0.537,0.617,-0.019,0.587,0.595,0.554,0.387,0.546,0.576,0.124,0.741,0.345,0.44,0.549,0.492,0.18,0.75,0.772,0.477,0.653,0.333,0.546,0.69,0.609,0.699,0.281,0.776,0.619,0.701,0.649,0.684,0.665,0.323,0.427,0.741,-0.171,0.381,0.632,0.628,0.651,0.809,0.461,0.616,0.646,0.626,0.747,-0.079,0.706,0.562,0.392
ERIC,0.619,0.476,0.727,0.865,0.738,0.655,0.768,0.593,0.68,-0.661,0.054,0.761,0.631,0.353,0.746,0.743,-0.436,0.617,0.819,0.258,0.663,0.804,1.0,-0.556,0.613,0.659,0.725,-0.227,-0.583,0.607,0.336,0.625,0.665,0.579,0.692,0.75,0.672,0.536,-0.621,0.605,-0.088,0.685,0.739,0.663,0.65,0.631,0.675,0.301,0.517,0.635,0.681,0.454,0.123,0.638,0.688,0.685,0.62,0.601,0.659,0.227,0.7,0.298,0.647,0.693,0.578,0.472,0.686,0.724,0.611,0.662,0.551,0.579,0.739,0.677,0.732,0.549,0.716,0.642,0.787,0.538,0.702,0.72,0.462,0.462,0.673,0.017,0.457,0.736,0.593,0.685,0.812,0.614,0.693,0.721,0.573,0.838,0.073,0.68,0.729,0.257
EXC,-0.651,-0.274,-0.428,-0.629,-0.582,-0.336,-0.543,-0.646,-0.663,0.518,0.043,-0.65,-0.457,-0.269,-0.643,-0.427,0.631,-0.664,-0.528,0.165,-0.576,-0.488,-0.556,1.0,-0.293,-0.365,-0.545,0.264,0.632,-0.543,-0.124,-0.459,-0.412,-0.291,-0.449,-0.479,-0.591,-0.573,0.575,-0.413,0.304,-0.559,-0.615,-0.632,-0.506,-0.583,-0.68,-0.06,-0.347,-0.437,-0.648,-0.441,0.199,-0.655,-0.64,-0.743,-0.571,-0.714,-0.59,-0.048,-0.571,-0.273,-0.552,-0.593,-0.463,-0.454,-0.563,-0.612,-0.344,-0.518,-0.253,-0.342,-0.592,-0.646,-0.615,-0.398,-0.562,-0.661,-0.656,-0.206,-0.643,-0.524,-0.237,-0.493,-0.65,0.284,-0.472,-0.474,-0.437,-0.656,-0.613,-0.625,-0.633,-0.585,-0.531,-0.628,-0.023,-0.661,-0.623,-0.034
FITB,0.699,0.445,0.691,0.715,0.595,0.292,0.76,0.565,0.658,-0.359,0.249,0.564,0.826,0.211,0.529,0.745,-0.276,0.595,0.719,0.525,0.314,0.535,0.613,-0.293,1.0,0.554,0.68,0.15,-0.467,0.429,0.487,0.577,0.599,0.613,0.863,0.736,0.669,0.608,-0.387,0.653,-0.18,0.479,0.743,0.692,0.694,0.514,0.639,0.46,0.402,0.678,0.546,0.202,0.101,0.517,0.726,0.655,0.481,0.521,0.431,-0.059,0.647,-0.005,0.716,0.615,0.724,0.534,0.567,0.66,0.426,0.622,0.589,0.482,0.679,0.447,0.589,0.603,0.566,0.575,0.559,0.25,0.702,0.724,0.595,0.403,0.553,0.195,0.407,0.461,0.427,0.535,0.557,0.595,0.73,0.753,0.417,0.535,0.405,0.653,0.786,-0.123
FLEX,0.534,0.177,0.747,0.728,0.578,0.386,0.665,0.366,0.539,-0.636,-0.09,0.618,0.562,0.459,0.576,0.771,-0.56,0.527,0.723,0.488,0.715,0.746,0.659,-0.365,0.554,1.0,0.649,-0.422,-0.445,0.57,0.312,0.41,0.438,0.661,0.682,0.813,0.474,0.228,-0.604,0.619,0.034,0.624,0.608,0.525,0.42,0.667,0.571,0.377,0.277,0.483,0.465,0.471,-0.121,0.57,0.599,0.474,0.254,0.529,0.448,0.047,0.699,0.283,0.386,0.471,0.697,0.117,0.765,0.722,0.512,0.689,0.348,0.458,0.707,0.385,0.571,0.326,0.6,0.648,0.645,0.558,0.66,0.685,0.48,0.324,0.679,-0.172,0.195,0.597,0.368,0.673,0.682,0.512,0.631,0.598,0.616,0.609,-0.043,0.651,0.565,0.148
FTNT,0.819,0.674,0.726,0.793,0.803,0.546,0.76,0.671,0.801,-0.384,0.349,0.663,0.784,0.228,0.601,0.812,-0.297,0.766,0.78,0.232,0.581,0.567,0.725,-0.545,0.68,0.649,1.0,0.104,-0.542,0.526,0.544,0.73,0.729,0.47,0.81,0.707,0.762,0.672,-0.472,0.517,-0.295,0.683,0.796,0.79,0.655,0.727,0.798,0.546,0.606,0.757,0.771,0.276,0.265,0.819,0.759,0.688,0.666,0.769,0.739,0.232,0.779,0.257,0.726,0.745,0.781,0.623,0.631,0.787,0.511,0.669,0.698,0.455,0.715,0.66,0.82,0.665,0.738,0.784,0.757,0.299,0.76,0.758,0.635,0.63,0.706,0.078,0.606,0.827,0.63,0.793,0.779,0.83,0.827,0.681,0.586,0.724,0.342,0.705,0.767,0.058
GEN,0.028,0.488,-0.292,-0.167,0.014,-0.166,-0.19,-0.108,0.001,0.61,0.655,-0.196,0.141,-0.529,-0.279,-0.177,0.508,0.021,-0.095,-0.215,-0.537,-0.408,-0.227,0.264,0.15,-0.422,0.104,1.0,0.096,-0.473,0.285,0.186,0.218,-0.391,-0.026,-0.194,0.122,0.32,0.543,-0.279,-0.199,-0.172,-0.07,0.118,0.215,-0.237,0.029,0.297,0.236,0.242,0.067,-0.576,0.417,-0.109,-0.001,-0.103,0.241,-0.098,-0.026,0.305,-0.217,-0.193,0.179,0.102,0.005,0.497,-0.339,-0.167,0.005,-0.295,0.328,-0.222,-0.221,0.023,-0.084,0.32,-0.198,-0.053,-0.197,-0.635,-0.165,-0.048,0.264,0.073,-0.32,0.574,0.08,-0.054,-0.098,-0.192,-0.181,0.128,-0.053,-0.002,-0.191,-0.216,0.686,-0.23,0.019,-0.381
GERN,-0.596,-0.306,-0.516,-0.664,-0.563,-0.313,-0.586,-0.417,-0.56,0.418,0.057,-0.647,-0.571,-0.284,-0.682,-0.523,0.523,-0.653,-0.569,-0.041,-0.457,-0.518,-0.583,0.632,-0.467,-0.445,-0.542,0.096,1.0,-0.509,-0.176,-0.449,-0.451,-0.426,-0.54,-0.632,-0.585,-0.526,0.537,-0.44,0.376,-0.526,-0.585,-0.549,-0.584,-0.577,-0.645,-0.041,-0.344,-0.499,-0.523,-0.27,0.183,-0.426,-0.582,-0.595,-0.539,-0.592,-0.425,0.111,-0.428,-0.217,-0.405,-0.512,-0.469,-0.428,-0.534,-0.608,-0.32,-0.493,-0.22,-0.364,-0.596,-0.64,-0.635,-0.448,-0.589,-0.654,-0.701,-0.346,-0.593,-0.569,-0.376,-0.401,-0.572,0.078,-0.363,-0.441,-0.377,-0.559,-0.696,-0.529,-0.613,-0.531,-0.629,-0.59,-0.105,-0.543,-0.615,-0.06
GEVO,0.558,0.031,0.767,0.685,0.531,0.458,0.76,0.669,0.482,-0.574,-0.258,0.66,0.513,0.672,0.667,0.707,-0.536,0.451,0.478,0.313,0.587,0.694,0.607,-0.543,0.429,0.57,0.526,-0.473,-0.509,1.0,0.021,0.367,0.259,0.679,0.62,0.638,0.424,0.263,-0.587,0.589,-0.015,0.631,0.71,0.396,0.267,0.787,0.555,0.036,0.261,0.274,0.417,0.523,-0.08,0.58,0.493,0.661,0.284,0.585,0.502,-0.159,0.668,0.243,0.398,0.407,0.58,0.054,0.541,0.675,0.269,0.593,0.181,0.605,0.728,0.481,0.782,0.179,0.812,0.585,0.737,0.717,0.675,0.408,0.226,0.364,0.806,-0.322,0.492,0.488,0.646,0.689,0.703,0.456,0.578,0.368,0.508,0.615,-0.184,0.682,0.496,0.362
GILD,0.328,0.72,0.341,0.41,0.579,0.318,0.266,0.323,0.434,-0.025,0.485,0.191,0.458,-0.208,0.104,0.398,0.045,0.243,0.523,0.149,0.132,0.229,0.336,-0.124,0.487,0.312,0.544,0.285,-0.176,0.021,1.0,0.622,0.608,0.175,0.471,0.362,0.564,0.462,-0.054,0.166,-0.381,0.188,0.381,0.448,0.432,0.385,0.421,0.677,0.55,0.59,0.486,0.118,0.296,0.474,0.48,0.349,0.449,0.414,0.486,0.329,0.418,0.341,0.34,0.567,0.381,0.456,0.193,0.438,0.172,0.076,0.602,-0.132,0.289,0.268,0.394,0.607,0.327,0.424,0.263,-0.155,0.329,0.46,0.395,0.6,0.242,0.295,0.442,0.575,0.386,0.268,0.297,0.488,0.425,0.367,0.167,0.385,0.383,0.342,0.479,-0.336
GOOG,0.588,0.762,0.438,0.672,0.725,0.646,0.536,0.618,0.655,-0.276,0.477,0.474,0.587,-0.008,0.402,0.606,-0.196,0.504,0.663,0.021,0.342,0.485,0.625,-0.459,0.577,0.41,0.73,0.186,-0.449,0.367,0.622,1.0,0.897,0.255,0.622,0.513,0.747,0.653,-0.189,0.37,-0.293,0.415,0.653,0.703,0.586,0.565,0.768,0.64,0.828,0.67,0.659,0.284,0.456,0.628,0.695,0.645,0.714,0.659,0.649,0.421,0.583,0.271,0.549,0.695,0.55,0.587,0.365,0.654,0.366,0.343,0.673,0.099,0.514,0.536,0.682,0.65,0.604,0.615,0.568,0.056,0.547,0.588,0.472,0.631,0.489,0.165,0.647,0.722,0.528,0.501,0.564,0.698,0.646,0.574,0.402,0.531,0.452,0.626,0.699,-0.102
GOOGL,0.595,0.798,0.438,0.653,0.765,0.668,0.551,0.556,0.66,-0.307,0.402,0.413,0.535,-0.036,0.487,0.601,-0.216,0.541,0.723,0.077,0.321,0.504,0.665,-0.412,0.599,0.438,0.729,0.218,-0.451,0.259,0.608,0.897,1.0,0.223,0.7,0.509,0.81,0.648,-0.259,0.422,-0.241,0.412,0.584,0.754,0.663,0.489,0.688,0.689,0.832,0.709,0.741,0.293,0.495,0.662,0.731,0.548,0.717,0.568,0.673,0.422,0.612,0.27,0.544,0.763,0.487,0.689,0.371,0.633,0.383,0.373,0.703,0.124,0.433,0.593,0.639,0.652,0.558,0.542,0.535,0.029,0.562,0.64,0.432,0.69,0.403,0.248,0.626,0.71,0.474,0.466,0.578,0.778,0.672,0.663,0.341,0.584,0.444,0.596,0.73,-0.032
GT,0.501,-0.028,0.809,0.618,0.35,0.27,0.729,0.402,0.39,-0.633,-0.255,0.5,0.564,0.635,0.57,0.736,-0.541,0.408,0.533,0.654,0.509,0.661,0.579,-0.291,0.613,0.661,0.47,-0.391,-0.426,0.679,0.175,0.255,0.223,1.0,0.631,0.731,0.317,0.147,-0.607,0.715,0.049,0.509,0.685,0.361,0.464,0.55,0.481,0.13,0.083,0.301,0.286,0.337,-0.228,0.353,0.495,0.508,0.216,0.431,0.244,-0.23,0.608,0.128,0.358,0.284,0.619,0.05,0.691,0.649,0.307,0.56,0.24,0.571,0.693,0.32,0.569,0.255,0.613,0.504,0.508,0.652,0.629,0.633,0.471,0.092,0.732,-0.166,0.156,0.449,0.34,0.511,0.597,0.313,0.567,0.527,0.562,0.551,-0.148,0.595,0.493,0.222
HBAN,0.82,0.496,0.818,0.764,0.786,0.481,0.867,0.707,0.737,-0.488,0.113,0.594,0.798,0.353,0.663,0.858,-0.451,0.707,0.75,0.504,0.477,0.622,0.692,-0.449,0.863,0.682,0.81,-0.026,-0.54,0.62,0.471,0.622,0.7,0.631,1.0,0.759,0.77,0.599,-0.562,0.775,-0.217,0.62,0.776,0.778,0.664,0.714,0.69,0.525,0.534,0.656,0.683,0.419,0.168,0.771,0.792,0.712,0.519,0.687,0.628,-0.021,0.822,0.171,0.66,0.752,0.805,0.51,0.601,0.763,0.388,0.671,0.615,0.472,0.733,0.533,0.775,0.578,0.746,0.686,0.693,0.382,0.845,0.732,0.506,0.617,0.686,0.061,0.608,0.626,0.562,0.732,0.706,0.792,0.854,0.733,0.48,0.667,0.265,0.775,0.818,0.02
HST,0.639,0.317,0.825,0.839,0.657,0.372,0.809,0.498,0.6,-0.6,0.048,0.749,0.796,0.446,0.667,0.813,-0.509,0.625,0.807,0.461,0.658,0.798,0.75,-0.479,0.736,0.813,0.707,-0.194,-0.632,0.638,0.362,0.513,0.509,0.731,0.759,1.0,0.598,0.4,-0.537,0.674,-0.051,0.717,0.752,0.617,0.639,0.725,0.638,0.338,0.296,0.629,0.564,0.378,-0.158,0.554,0.752,0.655,0.402,0.597,0.495,0.056,0.738,0.224,0.548,0.607,0.784,0.319,0.87,0.82,0.553,0.655,0.429,0.583,0.847,0.539,0.673,0.503,0.697,0.785,0.746,0.473,0.793,0.847,0.647,0.372,0.74,-0.043,0.339,0.634,0.49,0.699,0.825,0.561,0.756,0.764,0.769,0.696,0.181,0.688,0.733,0.059
INTC,0.798,0.696,0.532,0.727,0.833,0.56,0.696,0.723,0.829,-0.376,0.228,0.577,0.704,0.129,0.597,0.635,-0.309,0.752,0.718,0.132,0.369,0.521,0.672,-0.591,0.669,0.474,0.762,0.122,-0.585,0.424,0.564,0.747,0.81,0.317,0.77,0.598,1.0,0.832,-0.405,0.553,-0.334,0.579,0.688,0.824,0.628,0.674,0.741,0.55,0.67,0.778,0.849,0.42,0.306,0.734,0.862,0.784,0.726,0.744,0.736,0.187,0.715,0.348,0.648,0.805,0.596,0.688,0.493,0.728,0.35,0.459,0.695,0.244,0.613,0.609,0.718,0.71,0.668,0.726,0.647,0.149,0.739,0.707,0.395,0.79,0.543,0.143,0.679,0.645,0.618,0.655,0.644,0.865,0.837,0.706,0.44,0.699,0.418,0.739,0.884,-0.029
IOVA,0.783,0.675,0.367,0.595,0.694,0.286,0.539,0.633,0.847,-0.161,0.378,0.613,0.681,-0.064,0.458,0.435,-0.2,0.735,0.531,0.043,0.234,0.277,0.536,-0.573,0.608,0.228,0.672,0.32,-0.526,0.263,0.462,0.653,0.648,0.147,0.599,0.4,0.832,1.0,-0.331,0.372,-0.502,0.451,0.611,0.831,0.663,0.481,0.723,0.385,0.597,0.734,0.754,0.173,0.224,0.593,0.737,0.793,0.763,0.712,0.584,0.11,0.508,0.209,0.764,0.711,0.518,0.828,0.342,0.561,0.322,0.475,0.689,0.243,0.55,0.536,0.548,0.724,0.488,0.639,0.589,-0.068,0.556,0.528,0.471,0.585,0.407,0.119,0.501,0.49,0.469,0.63,0.492,0.778,0.643,0.624,0.369,0.499,0.44,0.649,0.793,-0.188
IQ,-0.565,-0.06,-0.649,-0.632,-0.535,-0.338,-0.637,-0.425,-0.601,0.725,0.397,-0.632,-0.423,-0.481,-0.675,-0.542,0.653,-0.589,-0.512,-0.318,-0.67,-0.589,-0.621,0.575,-0.387,-0.604,-0.472,0.543,0.537,-0.587,-0.054,-0.189,-0.259,-0.607,-0.562,-0.537,-0.405,-0.331,1.0,-0.571,0.111,-0.427,-0.577,-0.534,-0.462,-0.456,-0.497,0.01,-0.106,-0.323,-0.444,-0.552,0.334,-0.53,-0.538,-0.568,-0.346,-0.542,-0.361,0.166,-0.573,-0.265,-0.422,-0.424,-0.481,-0.206,-0.593,-0.631,-0.281,-0.707,-0.165,-0.421,-0.61,-0.508,-0.547,-0.282,-0.534,-0.435,-0.64,-0.569,-0.626,-0.51,-0.281,-0.263,-0.698,0.33,-0.19,-0.424,-0.275,-0.61,-0.595,-0.414,-0.561,-0.507,-0.48,-0.627,0.458,-0.657,-0.536,-0.316
JBLU,0.662,0.077,0.677,0.561,0.524,0.311,0.687,0.554,0.506,-0.632,-0.152,0.522,0.602,0.55,0.554,0.684,-0.505,0.653,0.579,0.554,0.477,0.616,0.605,-0.413,0.653,0.619,0.517,-0.279,-0.44,0.589,0.166,0.37,0.422,0.715,0.775,0.674,0.553,0.372,-0.571,1.0,-0.049,0.534,0.596,0.609,0.508,0.561,0.551,0.284,0.243,0.399,0.51,0.484,-0.071,0.5,0.626,0.566,0.206,0.618,0.429,-0.195,0.635,0.164,0.406,0.611,0.641,0.191,0.624,0.608,0.269,0.54,0.415,0.436,0.645,0.3,0.557,0.274,0.611,0.549,0.515,0.455,0.742,0.618,0.309,0.373,0.643,0.049,0.385,0.387,0.39,0.62,0.562,0.538,0.712,0.671,0.473,0.518,0.118,0.725,0.627,0.13
JD,-0.337,-0.411,-0.012,-0.169,-0.276,0.067,-0.125,-0.282,-0.375,-0.153,-0.349,-0.202,-0.266,0.326,-0.04,0.002,0.07,-0.311,-0.024,0.124,0.038,0.141,-0.088,0.304,-0.18,0.034,-0.295,-0.199,0.376,-0.015,-0.381,-0.293,-0.241,0.049,-0.217,-0.051,-0.334,-0.502,0.111,-0.049,1.0,-0.057,-0.168,-0.355,-0.338,-0.187,-0.343,-0.199,-0.347,-0.294,-0.297,0.119,-0.022,-0.269,-0.272,-0.316,-0.384,-0.352,-0.165,-0.01,-0.058,-0.294,-0.282,-0.303,-0.225,-0.424,0.023,-0.141,0.299,-0.066,-0.281,0.171,-0.213,-0.159,-0.211,-0.51,-0.067,-0.309,-0.238,0.256,-0.13,-0.132,-0.118,-0.34,-0.136,-0.079,-0.262,-0.138,-0.12,-0.287,-0.142,-0.351,-0.236,-0.1,-0.221,-0.052,-0.273,-0.212,-0.302,0.403
KDP,0.58,0.265,0.692,0.706,0.671,0.484,0.705,0.582,0.638,-0.588,-0.025,0.684,0.656,0.514,0.692,0.722,-0.377,0.592,0.613,0.135,0.712,0.754,0.685,-0.559,0.479,0.624,0.683,-0.172,-0.526,0.631,0.188,0.415,0.412,0.509,0.62,0.717,0.579,0.451,-0.427,0.534,-0.057,1.0,0.678,0.555,0.401,0.811,0.612,0.128,0.374,0.551,0.634,0.495,0.045,0.701,0.6,0.618,0.467,0.651,0.658,0.067,0.721,0.389,0.535,0.545,0.553,0.308,0.718,0.706,0.446,0.641,0.414,0.605,0.686,0.569,0.719,0.367,0.743,0.815,0.721,0.551,0.703,0.634,0.365,0.503,0.712,-0.176,0.483,0.625,0.698,0.814,0.836,0.607,0.639,0.557,0.711,0.7,0.165,0.66,0.576,0.313
KHC,0.789,0.437,0.785,0.888,0.71,0.481,0.867,0.693,0.806,-0.595,0.167,0.789,0.817,0.401,0.764,0.812,-0.453,0.684,0.736,0.292,0.551,0.723,0.739,-0.615,0.743,0.608,0.796,-0.07,-0.585,0.71,0.381,0.653,0.584,0.685,0.776,0.752,0.688,0.611,-0.577,0.596,-0.168,0.678,1.0,0.765,0.72,0.733,0.841,0.368,0.504,0.679,0.634,0.405,0.122,0.677,0.78,0.824,0.643,0.683,0.547,0.097,0.787,0.196,0.775,0.628,0.754,0.538,0.71,0.829,0.504,0.719,0.615,0.602,0.843,0.711,0.846,0.628,0.788,0.757,0.819,0.419,0.808,0.785,0.552,0.45,0.867,-0.061,0.508,0.689,0.595,0.753,0.816,0.703,0.801,0.757,0.63,0.738,0.204,0.789,0.761,0.071
LRCX,0.853,0.631,0.536,0.75,0.817,0.395,0.709,0.676,0.916,-0.447,0.303,0.697,0.771,0.105,0.615,0.622,-0.405,0.853,0.702,0.206,0.442,0.513,0.663,-0.632,0.692,0.525,0.79,0.118,-0.549,0.396,0.448,0.703,0.754,0.361,0.778,0.617,0.824,0.831,-0.534,0.609,-0.355,0.555,0.765,1.0,0.81,0.583,0.855,0.524,0.642,0.78,0.78,0.385,0.204,0.697,0.88,0.817,0.709,0.746,0.594,0.196,0.671,0.238,0.765,0.836,0.713,0.752,0.595,0.73,0.445,0.642,0.744,0.353,0.658,0.661,0.657,0.74,0.583,0.732,0.731,0.083,0.733,0.749,0.541,0.596,0.649,0.079,0.518,0.63,0.456,0.729,0.687,0.887,0.786,0.833,0.535,0.621,0.352,0.776,0.873,-0.099
LYFT,0.691,0.576,0.528,0.702,0.612,0.263,0.654,0.441,0.703,-0.377,0.338,0.621,0.71,-0.034,0.644,0.503,-0.446,0.691,0.667,0.256,0.292,0.47,0.65,-0.506,0.694,0.42,0.655,0.215,-0.584,0.267,0.432,0.586,0.663,0.464,0.664,0.639,0.628,0.663,-0.462,0.508,-0.338,0.401,0.72,0.81,1.0,0.375,0.72,0.449,0.467,0.718,0.579,0.121,0.042,0.438,0.736,0.653,0.689,0.518,0.387,0.245,0.502,0.063,0.711,0.687,0.653,0.807,0.573,0.585,0.492,0.532,0.648,0.41,0.615,0.667,0.514,0.765,0.463,0.592,0.632,0.02,0.596,0.795,0.648,0.334,0.536,0.231,0.316,0.53,0.206,0.502,0.642,0.647,0.657,0.823,0.518,0.614,0.376,0.556,0.734,-0.195
MARA,0.636,0.373,0.774,0.753,0.771,0.543,0.745,0.689,0.652,-0.534,-0.029,0.626,0.672,0.511,0.654,0.782,-0.437,0.579,0.639,0.199,0.647,0.705,0.631,-0.583,0.514,0.667,0.727,-0.237,-0.577,0.787,0.385,0.565,0.489,0.55,0.714,0.725,0.674,0.481,-0.456,0.561,-0.187,0.811,0.733,0.583,0.375,1.0,0.682,0.283,0.492,0.584,0.675,0.571,0.057,0.788,0.69,0.72,0.494,0.734,0.729,0.018,0.773,0.451,0.484,0.642,0.642,0.281,0.655,0.802,0.326,0.564,0.413,0.455,0.721,0.583,0.839,0.439,0.862,0.89,0.743,0.522,0.743,0.59,0.345,0.68,0.796,-0.182,0.637,0.712,0.789,0.822,0.816,0.677,0.698,0.492,0.629,0.73,0.093,0.767,0.662,0.206
MCHP,0.747,0.517,0.563,0.774,0.765,0.439,0.68,0.67,0.853,-0.454,0.226,0.752,0.729,0.249,0.684,0.664,-0.475,0.78,0.687,0.157,0.484,0.585,0.675,-0.68,0.639,0.571,0.798,0.029,-0.645,0.555,0.421,0.768,0.688,0.481,0.69,0.638,0.741,0.723,-0.497,0.551,-0.343,0.612,0.841,0.855,0.72,0.682,1.0,0.414,0.611,0.698,0.725,0.388,0.103,0.675,0.786,0.797,0.71,0.785,0.611,0.148,0.658,0.324,0.685,0.721,0.675,0.613,0.605,0.801,0.455,0.623,0.622,0.389,0.671,0.706,0.769,0.625,0.718,0.784,0.794,0.266,0.672,0.694,0.543,0.551,0.779,0.003,0.513,0.693,0.524,0.7,0.749,0.8,0.717,0.716,0.636,0.687,0.293,0.806,0.763,0.022
MDLZ,0.442,0.631,0.266,0.356,0.46,0.368,0.349,0.346,0.439,-0.045,0.514,0.145,0.442,-0.226,0.07,0.416,-0.004,0.328,0.491,0.297,0.028,0.151,0.301,-0.06,0.46,0.377,0.546,0.297,-0.041,0.036,0.677,0.64,0.689,0.13,0.525,0.338,0.55,0.385,0.01,0.284,-0.199,0.128,0.368,0.524,0.449,0.283,0.414,1.0,0.626,0.588,0.394,0.061,0.558,0.424,0.506,0.321,0.353,0.306,0.332,0.474,0.44,0.094,0.382,0.477,0.551,0.467,0.23,0.344,0.144,0.059,0.765,-0.096,0.325,0.136,0.352,0.581,0.231,0.362,0.243,-0.239,0.363,0.522,0.359,0.422,0.18,0.403,0.38,0.463,0.198,0.248,0.254,0.578,0.499,0.438,0.115,0.211,0.533,0.317,0.482,-0.403
META,0.509,0.784,0.283,0.512,0.682,0.683,0.423,0.54,0.6,-0.172,0.504,0.315,0.439,-0.048,0.319,0.463,-0.072,0.401,0.504,-0.113,0.203,0.347,0.517,-0.347,0.402,0.277,0.606,0.236,-0.344,0.261,0.55,0.828,0.832,0.083,0.534,0.296,0.67,0.597,-0.106,0.243,-0.347,0.374,0.504,0.642,0.467,0.492,0.611,0.626,1.0,0.622,0.621,0.256,0.651,0.609,0.57,0.52,0.74,0.469,0.593,0.457,0.47,0.308,0.505,0.609,0.383,0.577,0.219,0.507,0.19,0.237,0.657,0.049,0.375,0.484,0.622,0.599,0.475,0.492,0.494,0.003,0.398,0.434,0.183,0.613,0.347,0.099,0.586,0.633,0.529,0.465,0.501,0.713,0.526,0.46,0.225,0.413,0.386,0.485,0.578,-0.117
MNST,0.651,0.728,0.535,0.685,0.747,0.484,0.587,0.491,0.749,-0.296,0.409,0.559,0.725,0.029,0.527,0.562,-0.173,0.677,0.748,0.161,0.359,0.502,0.635,-0.437,0.678,0.483,0.757,0.242,-0.499,0.274,0.59,0.67,0.709,0.301,0.656,0.629,0.778,0.734,-0.323,0.399,-0.294,0.551,0.679,0.78,0.718,0.584,0.698,0.588,0.622,1.0,0.758,0.281,0.284,0.588,0.812,0.648,0.705,0.566,0.615,0.283,0.574,0.251,0.724,0.75,0.588,0.749,0.615,0.701,0.432,0.494,0.79,0.353,0.6,0.61,0.608,0.776,0.589,0.722,0.605,0.013,0.58,0.748,0.542,0.601,0.534,0.248,0.467,0.693,0.521,0.575,0.667,0.723,0.678,0.744,0.491,0.613,0.426,0.67,0.803,-0.162
MRNA,0.696,0.657,0.575,0.67,0.852,0.56,0.625,0.676,0.776,-0.356,0.232,0.604,0.634,0.277,0.589,0.607,-0.304,0.704,0.711,0.071,0.472,0.537,0.681,-0.648,0.546,0.465,0.771,0.067,-0.523,0.417,0.486,0.659,0.741,0.286,0.683,0.564,0.849,0.754,-0.444,0.51,-0.297,0.634,0.634,0.78,0.579,0.675,0.725,0.394,0.621,0.758,1.0,0.417,0.212,0.798,0.854,0.704,0.691,0.75,0.89,0.164,0.678,0.447,0.633,0.831,0.492,0.651,0.568,0.796,0.391,0.518,0.608,0.343,0.561,0.636,0.736,0.622,0.72,0.713,0.654,0.159,0.697,0.641,0.425,0.783,0.599,0.024,0.65,0.728,0.685,0.697,0.707,0.839,0.724,0.724,0.489,0.735,0.261,0.766,0.819,0.157
MRVL,0.332,0.08,0.457,0.436,0.537,0.524,0.425,0.532,0.459,-0.686,-0.423,0.363,0.237,0.489,0.552,0.44,-0.382,0.37,0.459,0.163,0.553,0.617,0.454,-0.441,0.202,0.471,0.276,-0.576,-0.27,0.523,0.118,0.284,0.293,0.337,0.419,0.378,0.42,0.173,-0.552,0.484,0.119,0.495,0.405,0.385,0.121,0.571,0.388,0.061,0.256,0.281,0.417,1.0,0.002,0.512,0.445,0.437,0.233,0.466,0.481,-0.094,0.532,0.416,0.184,0.411,0.185,0.014,0.454,0.518,0.196,0.391,0.168,0.237,0.304,0.352,0.46,0.086,0.571,0.414,0.434,0.541,0.531,0.36,-0.058,0.521,0.572,-0.325,0.427,0.475,0.537,0.408,0.473,0.398,0.471,0.361,0.294,0.552,-0.281,0.568,0.412,0.315
MSFT,0.155,0.534,-0.051,0.068,0.219,0.499,0.088,0.262,0.18,0.161,0.476,-0.122,0.098,-0.206,-0.089,0.147,0.428,0.014,0.11,-0.113,-0.19,-0.019,0.123,0.199,0.101,-0.121,0.265,0.417,0.183,-0.08,0.296,0.456,0.495,-0.228,0.168,-0.158,0.306,0.224,0.334,-0.071,-0.022,0.045,0.122,0.204,0.042,0.057,0.103,0.558,0.651,0.284,0.212,0.002,1.0,0.204,0.119,0.049,0.311,0.011,0.257,0.489,0.105,0.043,0.207,0.168,0.033,0.304,-0.194,-0.009,-0.021,-0.124,0.54,-0.104,-0.065,0.063,0.235,0.312,0.094,-0.001,0.009,-0.156,0.058,0.071,-0.062,0.305,-0.084,0.333,0.397,0.26,0.303,0.032,0.045,0.334,0.173,0.048,-0.202,-0.007,0.446,-0.03,0.145,-0.033
MSTR,0.696,0.562,0.655,0.671,0.849,0.62,0.673,0.733,0.76,-0.475,0.107,0.547,0.581,0.321,0.599,0.723,-0.418,0.609,0.645,0.083,0.625,0.587,0.638,-0.655,0.517,0.57,0.819,-0.109,-0.426,0.58,0.474,0.628,0.662,0.353,0.771,0.554,0.734,0.593,-0.53,0.5,-0.269,0.701,0.677,0.697,0.438,0.788,0.675,0.424,0.609,0.588,0.798,0.512,0.204,1.0,0.696,0.68,0.601,0.777,0.841,0.153,0.874,0.44,0.619,0.736,0.605,0.475,0.525,0.767,0.283,0.599,0.512,0.318,0.607,0.595,0.807,0.477,0.751,0.721,0.682,0.314,0.721,0.565,0.288,0.794,0.656,-0.137,0.714,0.73,0.71,0.808,0.701,0.81,0.728,0.562,0.46,0.715,0.091,0.769,0.676,0.144
MU,0.804,0.6,0.672,0.8,0.819,0.464,0.799,0.702,0.841,-0.469,0.199,0.675,0.811,0.267,0.617,0.695,-0.454,0.78,0.765,0.306,0.463,0.595,0.688,-0.64,0.726,0.599,0.759,-0.001,-0.582,0.493,0.48,0.695,0.731,0.495,0.792,0.752,0.862,0.737,-0.538,0.626,-0.272,0.6,0.78,0.88,0.736,0.69,0.786,0.506,0.57,0.812,0.854,0.445,0.119,0.696,1.0,0.845,0.682,0.704,0.656,0.147,0.718,0.312,0.7,0.796,0.724,0.638,0.723,0.856,0.442,0.588,0.662,0.395,0.741,0.612,0.724,0.777,0.678,0.796,0.689,0.163,0.826,0.825,0.602,0.623,0.726,0.016,0.545,0.677,0.531,0.701,0.73,0.837,0.837,0.857,0.613,0.686,0.299,0.836,0.957,-0.036
MVIS,0.834,0.464,0.649,0.799,0.745,0.409,0.817,0.817,0.87,-0.493,0.109,0.771,0.79,0.3,0.655,0.656,-0.508,0.733,0.625,0.234,0.464,0.554,0.685,-0.743,0.655,0.474,0.688,-0.103,-0.595,0.661,0.349,0.645,0.548,0.508,0.712,0.655,0.784,0.793,-0.568,0.566,-0.316,0.618,0.824,0.817,0.653,0.72,0.797,0.321,0.52,0.648,0.704,0.437,0.049,0.68,0.845,1.0,0.702,0.773,0.601,0.05,0.723,0.243,0.751,0.683,0.72,0.577,0.619,0.758,0.382,0.598,0.573,0.449,0.803,0.608,0.74,0.682,0.69,0.781,0.777,0.294,0.778,0.685,0.481,0.516,0.736,-0.137,0.554,0.572,0.589,0.763,0.702,0.765,0.765,0.709,0.552,0.679,0.174,0.793,0.87,-0.038
NFLX,0.619,0.774,0.385,0.643,0.686,0.571,0.543,0.579,0.742,-0.233,0.316,0.487,0.54,-0.046,0.591,0.416,-0.269,0.57,0.522,-0.127,0.267,0.387,0.62,-0.571,0.481,0.254,0.666,0.241,-0.539,0.284,0.449,0.714,0.717,0.216,0.519,0.402,0.726,0.763,-0.346,0.206,-0.384,0.467,0.643,0.709,0.689,0.494,0.71,0.353,0.74,0.705,0.691,0.233,0.311,0.601,0.682,0.702,1.0,0.543,0.59,0.36,0.512,0.301,0.716,0.592,0.437,0.811,0.388,0.608,0.37,0.44,0.555,0.265,0.48,0.753,0.622,0.749,0.532,0.615,0.588,0.08,0.477,0.592,0.418,0.538,0.488,0.084,0.513,0.633,0.472,0.523,0.611,0.699,0.583,0.571,0.399,0.645,0.27,0.546,0.708,-0.038
NNDM,0.778,0.436,0.606,0.648,0.77,0.433,0.616,0.709,0.775,-0.511,0.092,0.682,0.662,0.345,0.559,0.675,-0.463,0.751,0.609,0.131,0.588,0.546,0.601,-0.714,0.521,0.529,0.769,-0.098,-0.592,0.585,0.414,0.659,0.568,0.431,0.687,0.597,0.744,0.712,-0.542,0.618,-0.352,0.651,0.683,0.746,0.518,0.734,0.785,0.306,0.469,0.566,0.75,0.466,0.011,0.777,0.704,0.773,0.543,1.0,0.753,0.015,0.741,0.366,0.553,0.717,0.633,0.459,0.556,0.759,0.293,0.551,0.484,0.286,0.655,0.528,0.735,0.442,0.74,0.771,0.709,0.302,0.717,0.593,0.437,0.678,0.681,-0.143,0.611,0.646,0.624,0.794,0.671,0.747,0.747,0.582,0.591,0.663,0.157,0.795,0.687,0.067
NVAX,0.563,0.599,0.595,0.612,0.826,0.673,0.548,0.7,0.622,-0.349,0.165,0.503,0.492,0.32,0.568,0.614,-0.246,0.528,0.662,-0.019,0.518,0.576,0.659,-0.59,0.431,0.448,0.739,-0.026,-0.425,0.502,0.486,0.649,0.673,0.244,0.628,0.495,0.736,0.584,-0.361,0.429,-0.165,0.658,0.547,0.594,0.387,0.729,0.611,0.332,0.593,0.615,0.89,0.481,0.257,0.841,0.656,0.601,0.59,0.753,1.0,0.194,0.69,0.45,0.482,0.766,0.414,0.481,0.441,0.71,0.343,0.427,0.477,0.284,0.455,0.605,0.76,0.434,0.794,0.639,0.621,0.294,0.621,0.501,0.285,0.841,0.558,-0.019,0.779,0.745,0.809,0.647,0.684,0.719,0.634,0.525,0.363,0.761,0.148,0.652,0.649,0.287
NVDA,0.007,0.519,-0.106,0.215,0.262,0.372,-0.005,0.042,0.13,-0.004,0.473,0.074,0.055,-0.343,-0.035,-0.005,0.16,0.02,0.187,-0.293,0.031,0.124,0.227,-0.048,-0.059,0.047,0.232,0.305,0.111,-0.159,0.329,0.421,0.422,-0.23,-0.021,0.056,0.187,0.11,0.166,-0.195,-0.01,0.067,0.097,0.196,0.245,0.018,0.148,0.474,0.457,0.283,0.164,-0.094,0.489,0.153,0.147,0.05,0.36,0.015,0.194,1.0,0.078,0.203,0.191,0.226,0.135,0.297,0.019,0.064,0.165,-0.116,0.38,-0.166,0.076,0.293,0.151,0.391,-0.02,0.122,0.098,-0.264,0.024,0.205,0.134,0.178,0.003,0.296,0.147,0.279,0.073,0.055,0.16,0.172,0.105,0.12,0.076,0.142,0.318,-0.042,0.081,-0.095
NWL,0.725,0.415,0.771,0.738,0.764,0.573,0.786,0.69,0.738,-0.639,-0.018,0.617,0.655,0.462,0.677,0.843,-0.51,0.588,0.709,0.341,0.637,0.741,0.7,-0.571,0.647,0.699,0.779,-0.217,-0.428,0.668,0.418,0.583,0.612,0.608,0.822,0.738,0.715,0.508,-0.573,0.635,-0.058,0.721,0.787,0.671,0.502,0.773,0.658,0.44,0.47,0.574,0.678,0.532,0.105,0.874,0.718,0.723,0.512,0.741,0.69,0.078,1.0,0.305,0.612,0.638,0.7,0.383,0.694,0.827,0.37,0.643,0.511,0.463,0.741,0.555,0.773,0.423,0.772,0.716,0.702,0.459,0.785,0.726,0.397,0.619,0.696,-0.147,0.571,0.697,0.655,0.774,0.736,0.741,0.785,0.68,0.543,0.748,0.059,0.792,0.694,0.133
OCGN,0.087,0.295,0.197,0.284,0.473,0.307,0.144,0.228,0.321,-0.233,-0.062,0.259,0.101,0.128,0.218,0.16,-0.097,0.192,0.154,-0.113,0.392,0.345,0.298,-0.273,-0.005,0.283,0.257,-0.193,-0.217,0.243,0.341,0.271,0.27,0.128,0.171,0.224,0.348,0.209,-0.265,0.164,-0.294,0.389,0.196,0.238,0.063,0.451,0.324,0.094,0.308,0.251,0.447,0.416,0.043,0.44,0.312,0.243,0.301,0.366,0.45,0.203,0.305,1.0,0.06,0.343,0.061,0.096,0.195,0.422,-0.078,0.165,0.18,-0.042,0.193,0.312,0.362,0.244,0.324,0.396,0.326,0.162,0.187,0.153,0.011,0.548,0.373,-0.116,0.301,0.386,0.392,0.384,0.393,0.316,0.17,0.08,0.415,0.357,-0.151,0.393,0.22,0.167
ON,0.761,0.55,0.546,0.718,0.6,0.348,0.7,0.62,0.817,-0.339,0.362,0.686,0.754,0.067,0.563,0.567,-0.283,0.667,0.645,0.184,0.405,0.44,0.647,-0.552,0.716,0.386,0.726,0.179,-0.405,0.398,0.34,0.549,0.544,0.358,0.66,0.548,0.648,0.764,-0.422,0.406,-0.282,0.535,0.775,0.765,0.711,0.484,0.685,0.382,0.505,0.724,0.633,0.184,0.207,0.619,0.7,0.751,0.716,0.553,0.482,0.191,0.612,0.06,1.0,0.592,0.661,0.747,0.579,0.6,0.504,0.703,0.649,0.585,0.721,0.579,0.599,0.694,0.503,0.635,0.645,0.116,0.639,0.662,0.496,0.359,0.558,0.041,0.354,0.515,0.454,0.687,0.595,0.687,0.675,0.715,0.435,0.55,0.367,0.633,0.744,-0.164
OPK,0.669,0.669,0.552,0.686,0.877,0.472,0.602,0.626,0.709,-0.394,0.278,0.595,0.656,0.127,0.565,0.596,-0.324,0.728,0.738,0.131,0.444,0.549,0.693,-0.593,0.615,0.471,0.745,0.102,-0.512,0.407,0.567,0.695,0.763,0.284,0.752,0.607,0.805,0.711,-0.424,0.611,-0.303,0.545,0.628,0.836,0.687,0.642,0.721,0.477,0.609,0.75,0.831,0.411,0.168,0.736,0.796,0.683,0.592,0.717,0.766,0.226,0.638,0.343,0.592,1.0,0.567,0.635,0.495,0.687,0.45,0.478,0.666,0.283,0.559,0.653,0.67,0.622,0.652,0.689,0.654,0.098,0.678,0.611,0.425,0.792,0.566,0.169,0.688,0.686,0.582,0.649,0.661,0.792,0.702,0.718,0.449,0.693,0.335,0.745,0.782,-0.001
