,AAL,AAPL,AGNC,AMAT,AMD,AMZN,APA,ARDX,AVGO,AZN,BIDU,BILI,BKR,CAN,CHRD,CMCSA,CPRT,CRWD,CSCO,CSX,DKNG,EBAY,ERIC,EXC,FITB,FLEX,FTNT,GEN,GERN,GEVO,GILD,GOOG,GOOGL,GT,HBAN,HST,INTC,IOVA,IQ,JBLU,JD,KDP,KHC,LRCX,LYFT,MARA,MCHP,MDLZ,META,MNST,MRNA,MRVL,MSFT,MSTR,MU,MVIS,NFLX,NNDM,NVAX,NVDA,NWL,OCGN,ON,OPK,PAA,PACB,PANW,PARA,PDD,PENN,PEP,PLUG,PTEN,PTON,PYPL,QCOM,QVCGA,RIOT,ROKU,RUN,SABR,SBUX,SMCI,SNDL,STNE,TCOM,TLRY,TMUS,TSCO,TSLA,TTD,TXN,UAL,VOD,VTRS,VXRT,WBA,WBD,WDC,ZM
AAL,1.0,0.308,0.472,0.178,-0.279,0.331,0.6,-0.368,0.206,0.211,-0.151,-0.155,0.184,-0.091,0.835,0.324,0.332,0.362,0.165,0.373,0.312,0.385,-0.138,0.227,0.246,-0.041,-0.103,0.069,0.289,0.527,0.054,0.336,0.129,0.294,0.099,0.718,-0.134,0.092,-0.113,0.745,-0.347,0.176,0.139,0.171,0.421,0.136,0.042,0.128,0.422,0.243,0.047,0.171,0.383,0.161,-0.098,0.319,-0.117,0.333,-0.131,0.228,0.445,0.156,-0.2,0.339,0.695,0.392,0.133,0.66,-0.228,0.673,0.273,0.412,0.427,0.344,0.275,-0.067,0.252,0.168,0.35,0.239,0.768,0.468,-0.053,0.327,0.254,-0.01,0.143,0.085,0.275,-0.277,0.193,-0.018,0.952,0.309,0.147,0.065,0.276,0.416,0.024,0.08
AAPL,0.308,1.0,0.442,0.174,0.161,-0.046,0.184,-0.38,0.534,0.464,-0.345,-0.337,0.344,0.212,0.337,0.512,0.268,0.139,0.649,0.662,0.388,0.079,0.151,0.466,0.416,0.302,0.355,0.005,-0.036,-0.128,0.341,0.678,0.488,0.244,0.325,0.147,-0.104,-0.068,-0.481,0.546,-0.251,-0.116,-0.316,0.16,0.014,0.229,0.46,0.012,0.513,0.294,0.283,0.468,0.77,0.308,-0.077,-0.021,-0.36,-0.17,0.227,0.476,-0.009,0.102,0.193,0.233,0.454,0.224,-0.149,-0.069,-0.257,0.243,0.039,-0.101,-0.068,-0.038,-0.017,0.279,-0.182,0.251,-0.04,0.089,0.087,0.306,0.101,-0.155,0.082,-0.338,-0.127,-0.085,0.625,0.322,0.356,0.109,0.376,0.582,0.182,0.234,0.378,0.209,-0.011,0.119
AGNC,0.472,0.442,1.0,-0.229,-0.168,0.061,0.351,-0.207,0.179,0.368,0.072,0.072,0.344,0.19,0.496,0.393,-0.185,-0.249,0.193,0.544,0.379,0.114,0.32,0.398,0.583,0.214,0.085,0.274,0.27,0.185,0.383,0.325,0.207,0.518,0.357,0.617,0.276,0.107,-0.231,0.822,0.225,0.016,-0.09,-0.259,0.282,0.218,0.255,0.029,0.196,0.444,0.055,0.092,0.386,0.191,-0.459,0.411,-0.226,0.308,0.257,0.181,0.305,0.327,-0.066,0.424,0.547,0.131,-0.467,0.217,0.161,0.494,-0.009,0.209,0.297,-0.039,0.091,0.115,-0.289,0.21,-0.152,-0.065,0.207,-0.017,-0.036,0.281,0.156,0.149,0.183,0.229,0.477,0.151,0.059,-0.021,0.508,0.37,0.426,0.258,0.524,0.363,-0.17,-0.232
AMAT,0.178,0.174,-0.229,1.0,0.402,-0.147,0.112,-0.37,0.609,-0.083,-0.085,-0.356,0.123,0.152,0.122,0.17,0.785,0.563,0.323,0.001,0.131,-0.141,-0.15,0.142,0.065,0.362,0.363,-0.567,-0.154,0.299,-0.208,0.25,0.3,-0.134,0.157,-0.064,-0.118,0.172,0.09,-0.025,-0.15,-0.328,-0.375,0.878,0.035,0.115,0.457,-0.305,0.196,-0.151,0.394,0.628,0.295,0.19,0.824,-0.109,-0.204,-0.005,-0.248,0.535,-0.256,-0.044,0.465,0.066,-0.046,0.586,0.482,0.022,-0.286,-0.053,-0.198,0.198,-0.175,0.154,-0.208,0.433,0.179,0.174,0.082,0.504,0.286,0.188,0.499,0.022,0.509,-0.342,0.21,-0.496,0.009,0.367,0.386,0.5,0.175,0.259,-0.042,0.172,-0.067,0.101,0.643,0.61
AMD,-0.279,0.161,-0.168,0.402,1.0,-0.633,0.208,-0.4,0.583,-0.145,-0.521,-0.673,0.474,0.656,-0.148,0.435,0.289,-0.048,0.628,0.184,0.48,-0.433,-0.258,0.555,0.417,0.779,0.772,-0.508,-0.585,-0.271,0.314,0.403,0.634,0.269,0.663,-0.036,-0.264,0.139,-0.53,-0.234,-0.176,-0.655,-0.547,0.235,-0.029,0.558,0.695,-0.623,0.254,0.223,0.563,0.733,0.376,0.58,0.398,0.093,-0.33,-0.427,0.292,0.603,-0.632,0.197,0.841,0.182,-0.239,0.42,-0.175,-0.182,-0.52,-0.064,-0.367,0.003,-0.455,-0.469,-0.583,0.722,-0.236,0.541,-0.37,0.224,-0.231,-0.216,0.735,-0.282,-0.084,-0.681,0.282,-0.462,0.339,0.761,0.576,0.506,-0.166,0.55,0.464,0.513,0.368,0.238,0.484,0.588
AMZN,0.331,-0.046,0.061,-0.147,-0.633,1.0,-0.136,0.225,-0.424,0.13,0.335,0.496,-0.504,-0.686,0.269,-0.18,0.014,0.344,-0.455,-0.307,-0.46,0.593,0.091,-0.54,-0.423,-0.547,-0.492,0.303,0.736,0.211,-0.119,-0.141,-0.418,-0.426,-0.546,-0.036,-0.032,-0.076,0.416,0.247,-0.021,0.725,0.584,0.084,0.144,-0.594,-0.668,0.653,0.093,-0.284,-0.602,-0.466,-0.192,-0.55,-0.231,-0.209,0.099,0.218,-0.421,-0.486,0.909,-0.414,-0.672,0.229,0.295,-0.243,0.341,0.313,0.343,0.117,0.414,-0.081,0.491,0.538,0.876,-0.447,0.436,-0.572,0.598,-0.021,0.415,0.513,-0.72,0.223,0.227,0.594,-0.104,0.412,-0.303,-0.6,-0.389,-0.524,0.279,-0.412,-0.506,-0.36,-0.377,-0.094,-0.509,-0.268
APA,0.6,0.184,0.351,0.112,0.208,-0.136,1.0,-0.424,0.359,0.071,-0.379,-0.412,0.529,0.255,0.657,0.511,0.21,-0.074,0.375,0.436,0.463,0.274,-0.261,0.468,0.373,0.374,0.136,-0.04,-0.242,0.318,0.274,0.423,0.416,0.45,0.386,0.666,-0.325,-0.127,-0.341,0.412,-0.35,-0.165,0.004,-0.006,0.605,0.398,0.316,-0.137,0.375,0.313,0.175,0.395,0.387,0.399,-0.12,0.192,-0.409,0.163,-0.021,0.263,0.017,0.069,0.153,0.213,0.572,0.299,-0.208,0.453,-0.445,0.437,0.198,0.385,0.337,-0.1,-0.22,0.32,0.098,0.489,0.109,0.225,0.486,0.185,0.299,0.198,0.037,-0.288,0.352,0.059,0.306,0.114,0.483,0.112,0.668,0.452,0.455,0.204,0.472,0.531,0.069,0.163
ARDX,-0.368,-0.38,-0.207,-0.37,-0.4,0.225,-0.424,1.0,-0.387,-0.114,0.277,0.299,-0.295,-0.352,-0.349,-0.28,-0.302,-0.236,-0.395,-0.348,-0.538,-0.111,0.328,-0.333,-0.256,-0.269,-0.334,0.188,0.176,-0.252,-0.103,-0.454,-0.45,-0.282,-0.359,-0.324,0.106,-0.102,0.232,-0.295,0.225,0.256,0.178,-0.31,-0.257,-0.419,-0.351,0.232,-0.435,-0.295,-0.183,-0.467,-0.419,-0.421,-0.198,-0.233,0.489,-0.009,-0.12,-0.36,0.161,-0.148,-0.298,-0.157,-0.268,-0.351,-0.045,-0.202,0.397,-0.422,0.147,-0.319,0.118,0.011,0.148,-0.386,-0.067,-0.451,-0.124,-0.372,-0.269,-0.237,-0.328,-0.092,-0.129,0.418,-0.197,0.419,-0.264,-0.297,-0.54,-0.285,-0.369,-0.33,-0.307,-0.351,-0.243,-0.369,-0.272,-0.241
AVGO,0.206,0.534,0.179,0.609,0.583,-0.424,0.359,-0.387,1.0,0.272,-0.457,-0.606,0.641,0.427,0.279,0.629,0.642,0.228,0.776,0.488,0.438,-0.223,-0.046,0.622,0.537,0.72,0.614,-0.494,-0.361,-0.065,0.224,0.583,0.659,0.286,0.471,0.165,-0.158,0.011,-0.519,0.203,-0.216,-0.508,-0.547,0.44,0.133,0.425,0.768,-0.471,0.443,0.202,0.629,0.876,0.704,0.507,0.339,-0.004,-0.296,-0.262,0.087,0.8,-0.413,0.108,0.66,0.212,0.234,0.716,0.021,-0.045,-0.484,0.056,-0.047,0.023,-0.159,-0.075,-0.476,0.706,-0.15,0.469,-0.119,0.416,0.179,0.073,0.545,-0.177,0.251,-0.544,0.193,-0.279,0.469,0.669,0.609,0.64,0.323,0.741,0.311,0.36,0.434,0.297,0.396,0.609
AZN,0.211,0.464,0.368,-0.083,-0.145,0.13,0.071,-0.114,0.272,1.0,-0.045,0.05,0.012,-0.235,0.345,0.193,0.2,0.064,0.169,0.309,0.035,0.339,0.252,0.132,0.094,-0.014,-0.071,0.213,0.292,0.005,0.312,0.011,-0.034,-0.068,0.004,0.069,0.062,-0.144,-0.069,0.336,0.04,0.104,0.042,-0.055,0.213,-0.255,0.086,0.168,0.011,-0.263,-0.078,0.172,0.249,-0.233,-0.232,-0.221,-0.214,-0.004,0.2,0.217,0.15,-0.164,-0.155,0.096,0.462,0.161,0.172,-0.106,0.015,0.094,0.233,-0.26,0.179,0.398,0.063,0.093,0.214,-0.233,0.003,0.326,0.144,0.152,-0.214,0.084,0.097,0.12,-0.068,0.209,0.161,-0.043,-0.04,0.003,0.296,0.167,-0.094,-0.112,0.062,-0.103,-0.36,-0.038
BIDU,-0.151,-0.345,0.072,-0.085,-0.521,0.335,-0.379,0.277,-0.457,-0.045,1.0,0.882,-0.57,-0.41,-0.167,-0.654,-0.146,0.014,-0.682,-0.493,-0.53,0.004,0.45,-0.633,-0.477,-0.514,-0.55,0.059,0.573,0.361,-0.447,-0.506,-0.518,-0.396,-0.572,-0.208,0.67,0.382,0.805,0.022,0.818,0.326,0.286,0.053,-0.027,-0.482,-0.475,0.298,-0.467,-0.357,-0.412,-0.466,-0.485,-0.529,0.085,0.001,0.178,0.605,-0.182,-0.404,0.255,-0.101,-0.467,-0.102,-0.195,-0.221,0.169,-0.014,0.923,-0.14,-0.162,0.12,0.145,0.339,0.351,-0.411,0.177,-0.532,0.187,0.018,-0.039,-0.096,-0.439,0.537,0.469,0.777,0.109,0.046,-0.524,-0.355,-0.525,-0.225,-0.268,-0.627,-0.442,-0.34,-0.58,-0.215,-0.095,-0.316
BILI,-0.155,-0.337,0.072,-0.356,-0.673,0.496,-0.412,0.299,-0.606,0.05,0.882,1.0,-0.607,-0.584,-0.107,-0.683,-0.307,-0.038,-0.744,-0.484,-0.624,0.175,0.418,-0.739,-0.563,-0.707,-0.678,0.243,0.649,0.266,-0.427,-0.54,-0.611,-0.452,-0.707,-0.205,0.63,0.156,0.751,-0.01,0.678,0.52,0.515,-0.165,0.037,-0.629,-0.687,0.475,-0.432,-0.393,-0.664,-0.66,-0.557,-0.657,-0.186,-0.101,0.179,0.506,-0.249,-0.626,0.427,-0.265,-0.652,-0.166,-0.09,-0.408,0.151,0.022,0.875,-0.12,0.045,-0.034,0.295,0.396,0.491,-0.555,0.242,-0.648,0.339,-0.083,-0.008,0.058,-0.729,0.465,0.28,0.853,-0.023,0.25,-0.607,-0.528,-0.581,-0.36,-0.248,-0.731,-0.542,-0.491,-0.611,-0.276,-0.401,-0.525
BKR,0.184,0.344,0.344,0.123,0.474,-0.504,0.529,-0.295,0.641,0.012,-0.57,-0.607,1.0,0.646,0.223,0.733,0.124,-0.212,0.694,0.586,0.601,-0.211,-0.191,0.725,0.784,0.707,0.534,-0.314,-0.542,-0.147,0.42,0.614,0.749,0.566,0.537,0.326,-0.187,-0.123,-0.663,0.176,-0.237,-0.6,-0.536,-0.065,0.083,0.641,0.618,-0.502,0.449,0.466,0.532,0.547,0.624,0.684,-0.107,0.176,-0.119,-0.251,0.114,0.548,-0.352,0.229,0.52,0.286,0.163,0.379,-0.405,-0.046,-0.522,0.128,-0.023,0.153,-0.168,-0.408,-0.605,0.59,-0.43,0.705,-0.286,0.097,0.045,-0.124,0.508,-0.093,-0.131,-0.52,0.351,-0.094,0.539,0.606,0.628,0.474,0.33,0.72,0.597,0.408,0.728,0.46,0.24,0.315
CAN,-0.091,0.212,0.19,0.152,0.656,-0.686,0.255,-0.352,0.427,-0.235,-0.41,-0.584,0.646,1.0,-0.115,0.451,-0.033,-0.24,0.525,0.45,0.743,-0.491,-0.169,0.631,0.704,0.663,0.695,-0.332,-0.57,-0.146,0.322,0.474,0.623,0.675,0.702,0.168,-0.058,0.269,-0.6,0.074,-0.034,-0.604,-0.668,-0.058,-0.196,0.921,0.678,-0.683,0.238,0.621,0.698,0.422,0.458,0.892,0.085,0.454,-0.229,-0.245,0.455,0.55,-0.565,0.555,0.683,0.32,-0.208,0.313,-0.518,-0.163,-0.381,0.184,-0.531,0.306,-0.519,-0.589,-0.62,0.461,-0.518,0.903,-0.53,-0.022,-0.324,-0.405,0.711,-0.169,-0.209,-0.661,0.22,-0.373,0.535,0.687,0.514,0.389,-0.019,0.623,0.777,0.696,0.585,0.329,0.457,0.266
CHRD,0.835,0.337,0.496,0.122,-0.148,0.269,0.657,-0.349,0.279,0.345,-0.167,-0.107,0.223,-0.115,1.0,0.389,0.358,0.23,0.185,0.376,0.246,0.338,0.041,0.214,0.24,0.083,-0.13,0.073,0.249,0.558,0.164,0.287,0.147,0.27,0.131,0.737,-0.083,0.011,-0.116,0.698,-0.25,0.206,0.221,0.159,0.592,0.021,0.089,0.199,0.365,0.111,-0.014,0.256,0.32,0.053,-0.138,0.149,-0.266,0.328,-0.091,0.185,0.383,0.02,-0.176,0.25,0.79,0.343,0.125,0.539,-0.17,0.493,0.346,0.349,0.575,0.362,0.228,0.096,0.35,0.118,0.299,0.346,0.727,0.51,-0.062,0.382,0.286,0.036,0.271,0.186,0.193,-0.214,0.242,0.021,0.9,0.29,0.189,0.028,0.27,0.396,-0.102,0.1
CMCSA,0.324,0.512,0.393,0.17,0.435,-0.18,0.511,-0.28,0.629,0.193,-0.654,-0.683,0.733,0.451,0.389,1.0,0.212,-0.077,0.725,0.629,0.568,-0.013,-0.13,0.72,0.695,0.748,0.512,-0.104,-0.306,-0.208,0.508,0.683,0.677,0.492,0.607,0.406,-0.408,-0.238,-0.701,0.343,-0.416,-0.376,-0.421,0.097,0.176,0.486,0.558,-0.251,0.608,0.43,0.39,0.565,0.706,0.539,-0.147,0.12,-0.316,-0.358,0.055,0.529,-0.08,0.106,0.41,0.423,0.406,0.351,-0.319,0.138,-0.58,0.262,0.123,0.001,-0.016,-0.29,-0.242,0.658,-0.257,0.552,-0.178,0.086,0.229,0.155,0.418,-0.193,-0.032,-0.458,0.224,0.074,0.617,0.526,0.528,0.296,0.47,0.799,0.509,0.423,0.695,0.525,0.078,0.345
CPRT,0.332,0.268,-0.185,0.785,0.289,0.014,0.21,-0.302,0.642,0.2,-0.146,-0.307,0.124,-0.033,0.358,0.212,1.0,0.579,0.379,-0.008,0.084,0.018,-0.154,0.168,-0.024,0.279,0.162,-0.61,-0.045,0.332,-0.143,0.275,0.298,-0.118,-0.002,0.048,-0.225,0.173,0.006,0.055,-0.226,-0.128,-0.136,0.715,0.174,0.012,0.31,-0.122,0.263,-0.172,0.305,0.626,0.375,0.122,0.63,-0.221,-0.195,-0.016,-0.275,0.5,-0.1,-0.158,0.275,0.074,0.161,0.656,0.605,0.155,-0.292,-0.02,0.125,0.152,0.045,0.419,-0.111,0.352,0.427,0.051,0.32,0.697,0.486,0.428,0.269,0.092,0.552,-0.216,0.217,-0.277,-0.017,0.183,0.403,0.366,0.386,0.296,-0.12,-0.006,-0.108,0.171,0.374,0.641
CRWD,0.362,0.139,-0.249,0.563,-0.048,0.344,-0.074,-0.236,0.228,0.064,0.014,-0.038,-0.212,-0.24,0.23,-0.077,0.579,1.0,0.048,-0.046,-0.048,0.192,-0.201,-0.179,-0.255,-0.172,-0.043,-0.286,0.207,0.315,-0.232,0.195,0.084,-0.338,-0.212,-0.145,-0.127,0.124,0.172,0.053,-0.209,0.105,-0.026,0.609,-0.008,-0.153,-0.107,0.074,0.373,-0.199,0.136,0.203,0.243,-0.093,0.505,-0.122,-0.016,0.057,-0.275,0.244,0.146,-0.13,-0.126,0.119,0.082,0.413,0.692,0.211,-0.103,0.073,0.049,0.167,-0.071,0.379,0.262,-0.005,0.341,-0.102,0.499,0.363,0.431,0.561,-0.029,0.053,0.318,-0.018,0.054,-0.339,-0.136,-0.218,0.259,0.133,0.293,0.004,-0.279,-0.025,-0.323,0.025,0.179,0.474
CSCO,0.165,0.649,0.193,0.323,0.628,-0.455,0.375,-0.395,0.776,0.169,-0.682,-0.744,0.694,0.525,0.185,0.725,0.379,0.048,1.0,0.639,0.601,-0.19,-0.127,0.796,0.631,0.697,0.655,-0.289,-0.518,-0.293,0.433,0.761,0.807,0.467,0.636,0.209,-0.334,-0.129,-0.74,0.183,-0.395,-0.545,-0.543,0.138,0.047,0.54,0.739,-0.391,0.551,0.436,0.576,0.758,0.807,0.608,0.096,0.035,-0.344,-0.426,0.197,0.73,-0.418,0.219,0.617,0.261,0.214,0.425,-0.188,-0.079,-0.625,0.103,0.01,-0.013,-0.208,-0.298,-0.495,0.618,-0.289,0.55,-0.224,0.262,0.06,0.108,0.535,-0.294,-0.066,-0.639,0.169,-0.168,0.663,0.613,0.624,0.431,0.292,0.856,0.46,0.407,0.604,0.37,0.248,0.436
CSX,0.373,0.662,0.544,0.001,0.184,-0.307,0.436,-0.348,0.488,0.309,-0.493,-0.484,0.586,0.45,0.376,0.629,-0.008,-0.046,0.639,1.0,0.594,0.009,0.001,0.662,0.705,0.412,0.408,0.26,-0.259,-0.108,0.506,0.617,0.523,0.56,0.587,0.424,-0.082,-0.25,-0.651,0.526,-0.239,-0.363,-0.405,-0.097,0.141,0.481,0.511,-0.185,0.452,0.49,0.421,0.367,0.682,0.485,-0.29,0.195,-0.439,-0.107,0.402,0.472,-0.153,0.346,0.224,0.243,0.398,0.207,-0.41,-0.064,-0.41,0.334,-0.038,0.128,-0.034,-0.34,-0.284,0.313,-0.428,0.551,-0.291,-0.069,0.001,0.08,0.315,-0.205,-0.193,-0.475,-0.032,-0.031,0.722,0.31,0.45,0.13,0.437,0.714,0.51,0.377,0.756,0.308,0.015,0.018
DKNG,0.312,0.388,0.379,0.131,0.48,-0.46,0.463,-0.538,0.438,0.035,-0.53,-0.624,0.601,0.743,0.246,0.568,0.084,-0.048,0.601,0.594,1.0,-0.091,-0.207,0.658,0.679,0.573,0.541,-0.161,-0.378,0.05,0.402,0.545,0.599,0.813,0.729,0.475,-0.211,0.195,-0.604,0.363,-0.266,-0.494,-0.498,-0.02,0.027,0.818,0.593,-0.541,0.418,0.728,0.581,0.444,0.601,0.735,-0.01,0.538,-0.351,-0.113,0.488,0.568,-0.311,0.569,0.453,0.431,0.199,0.387,-0.332,0.097,-0.53,0.527,-0.364,0.453,-0.337,-0.41,-0.402,0.409,-0.292,0.77,-0.311,0.165,0.004,-0.094,0.602,-0.099,-0.153,-0.651,0.197,-0.268,0.59,0.425,0.597,0.237,0.37,0.672,0.774,0.647,0.669,0.386,0.368,0.183
EBAY,0.385,0.079,0.114,-0.141,-0.433,0.593,0.274,-0.111,-0.223,0.339,0.004,0.175,-0.211,-0.491,0.338,-0.013,0.018,0.192,-0.19,0.009,-0.091,1.0,-0.182,-0.254,-0.3,-0.382,-0.413,0.436,0.375,0.219,0.111,0.027,-0.172,-0.194,-0.296,0.092,-0.329,-0.425,0.175,0.201,-0.27,0.447,0.526,-0.079,0.355,-0.329,-0.483,0.543,0.153,-0.128,-0.515,-0.282,0.009,-0.338,-0.319,-0.236,-0.215,0.142,-0.209,-0.399,0.633,-0.452,-0.565,0.034,0.483,-0.239,0.308,0.253,-0.065,0.266,0.474,-0.037,0.399,0.268,0.455,-0.226,0.438,-0.261,0.565,0.063,0.385,0.486,-0.451,0.07,0.014,0.227,-0.087,0.319,-0.217,-0.518,-0.064,-0.485,0.358,-0.264,-0.266,-0.42,-0.102,0.002,-0.474,-0.327
ERIC,-0.138,0.151,0.32,-0.15,-0.258,0.091,-0.261,0.328,-0.046,0.252,0.45,0.418,-0.191,-0.169,0.041,-0.13,-0.154,-0.201,-0.127,0.001,-0.207,-0.182,1.0,-0.142,0.023,-0.101,-0.185,0.175,0.338,0.036,-0.094,-0.251,-0.312,-0.003,-0.118,0.009,0.498,0.167,0.214,0.238,0.534,0.16,0.109,-0.052,0.063,-0.278,0.004,0.213,-0.346,-0.095,-0.147,-0.131,-0.13,-0.342,-0.129,-0.006,-0.048,0.342,0.157,-0.013,0.067,0.134,-0.139,-0.079,0.145,-0.198,-0.101,-0.264,0.582,-0.192,-0.034,0.001,0.237,0.164,0.147,-0.088,0.008,-0.304,-0.216,0.019,-0.143,-0.117,-0.238,0.184,0.32,0.389,-0.094,0.382,0.062,-0.021,-0.404,-0.054,-0.13,-0.049,-0.067,-0.013,-0.058,-0.245,-0.158,-0.237
EXC,0.227,0.466,0.398,0.142,0.555,-0.54,0.468,-0.333,0.622,0.132,-0.633,-0.739,0.725,0.631,0.214,0.72,0.168,-0.179,0.796,0.662,0.658,-0.254,-0.142,1.0,0.782,0.734,0.67,-0.177,-0.515,-0.262,0.59,0.611,0.703,0.609,0.798,0.428,-0.306,-0.08,-0.724,0.281,-0.286,-0.578,-0.545,-0.106,0.083,0.637,0.791,-0.453,0.39,0.498,0.6,0.667,0.667,0.685,-0.04,0.231,-0.249,-0.334,0.349,0.706,-0.381,0.448,0.617,0.33,0.218,0.377,-0.437,0.018,-0.577,0.261,-0.047,0.041,-0.156,-0.414,-0.558,0.585,-0.397,0.644,-0.411,0.023,0.076,-0.172,0.638,-0.245,-0.153,-0.548,0.205,-0.084,0.798,0.641,0.57,0.339,0.333,0.854,0.659,0.507,0.773,0.435,0.26,0.397
FITB,0.246,0.416,0.583,0.065,0.417,-0.423,0.373,-0.256,0.537,0.094,-0.477,-0.563,0.784,0.704,0.24,0.695,-0.024,-0.255,0.631,0.705,0.679,-0.3,0.023,0.782,1.0,0.666,0.689,-0.083,-0.313,-0.157,0.549,0.491,0.549,0.721,0.766,0.449,0.004,0.06,-0.707,0.431,-0.105,-0.522,-0.624,-0.143,-0.045,0.668,0.718,-0.541,0.302,0.563,0.562,0.438,0.563,0.656,-0.185,0.396,-0.188,-0.125,0.4,0.621,-0.203,0.538,0.562,0.513,0.17,0.36,-0.567,-0.064,-0.405,0.294,-0.289,0.174,-0.176,-0.421,-0.444,0.452,-0.578,0.657,-0.581,-0.047,-0.054,-0.302,0.541,-0.126,-0.157,-0.498,0.184,-0.092,0.77,0.621,0.4,0.379,0.338,0.791,0.688,0.611,0.858,0.347,0.219,0.164
FLEX,-0.041,0.302,0.214,0.362,0.779,-0.547,0.374,-0.269,0.72,-0.014,-0.514,-0.707,0.707,0.663,0.083,0.748,0.279,-0.172,0.697,0.412,0.573,-0.382,-0.101,0.734,0.666,1.0,0.715,-0.399,-0.51,-0.173,0.446,0.523,0.704,0.502,0.751,0.21,-0.236,0.053,-0.617,0.09,-0.16,-0.652,-0.604,0.208,0.05,0.588,0.788,-0.531,0.35,0.403,0.677,0.756,0.528,0.596,0.165,0.211,-0.321,-0.289,0.245,0.656,-0.482,0.306,0.751,0.313,-0.012,0.469,-0.331,-0.112,-0.489,0.059,-0.212,0.113,-0.239,-0.387,-0.549,0.814,-0.361,0.61,-0.416,0.193,-0.083,-0.233,0.771,-0.166,0.051,-0.578,0.355,-0.198,0.552,0.824,0.598,0.476,0.097,0.755,0.658,0.602,0.627,0.367,0.396,0.528
FTNT,-0.103,0.355,0.085,0.363,0.772,-0.492,0.136,-0.334,0.614,-0.071,-0.55,-0.678,0.534,0.695,-0.13,0.512,0.162,-0.043,0.655,0.408,0.541,-0.413,-0.185,0.67,0.689,0.715,1.0,-0.329,-0.469,-0.401,0.43,0.475,0.569,0.402,0.775,0.014,-0.157,0.095,-0.626,0.039,-0.217,-0.568,-0.679,0.122,-0.203,0.617,0.817,-0.699,0.315,0.387,0.654,0.643,0.475,0.656,0.225,0.244,-0.264,-0.438,0.404,0.67,-0.402,0.408,0.897,0.451,-0.17,0.411,-0.405,-0.21,-0.54,0.112,-0.458,-0.066,-0.483,-0.491,-0.467,0.546,-0.508,0.577,-0.493,-0.039,-0.263,-0.349,0.657,-0.426,-0.211,-0.717,0.036,-0.354,0.647,0.803,0.48,0.427,-0.036,0.71,0.513,0.691,0.569,0.148,0.433,0.389
GEN,0.069,0.005,0.274,-0.567,-0.508,0.303,-0.04,0.188,-0.494,0.213,0.059,0.243,-0.314,-0.332,0.073,-0.104,-0.61,-0.286,-0.289,0.26,-0.161,0.436,0.175,-0.177,-0.083,-0.399,-0.329,1.0,0.31,-0.124,0.315,-0.224,-0.409,0.02,-0.022,0.132,0.009,-0.432,0.074,0.254,-0.034,0.381,0.397,-0.47,0.106,-0.309,-0.371,0.504,-0.183,0.001,-0.427,-0.52,-0.287,-0.389,-0.611,-0.037,-0.072,0.101,0.228,-0.535,0.409,-0.06,-0.509,-0.105,0.246,-0.587,-0.205,-0.044,0.148,0.134,0.223,-0.161,0.319,-0.02,0.367,-0.408,-0.053,-0.27,-0.048,-0.422,-0.152,-0.019,-0.371,-0.099,-0.356,0.215,-0.354,0.452,0.061,-0.464,-0.417,-0.531,0.014,-0.261,-0.069,-0.228,0.169,-0.229,-0.502,-0.698
GERN,0.289,-0.036,0.27,-0.154,-0.585,0.736,-0.242,0.176,-0.361,0.292,0.573,0.649,-0.542,-0.57,0.249,-0.306,-0.045,0.207,-0.518,-0.259,-0.378,0.375,0.338,-0.515,-0.313,-0.51,-0.469,0.31,1.0,0.294,-0.132,-0.336,-0.536,-0.323,-0.458,0.029,0.338,0.228,0.47,0.39,0.302,0.564,0.48,0.037,0.121,-0.531,-0.528,0.499,-0.197,-0.305,-0.515,-0.41,-0.258,-0.548,-0.15,0.001,0.127,0.388,-0.151,-0.344,0.696,-0.195,-0.598,0.216,0.231,-0.081,0.291,0.256,0.559,0.223,0.141,-0.053,0.377,0.569,0.674,-0.492,0.395,-0.58,0.378,0.04,0.274,0.206,-0.593,0.36,0.362,0.605,-0.117,0.298,-0.266,-0.492,-0.494,-0.314,0.192,-0.435,-0.435,-0.367,-0.31,-0.194,-0.317,-0.334
GEVO,0.527,-0.128,0.185,0.299,-0.271,0.211,0.318,-0.252,-0.065,0.005,0.361,0.266,-0.147,-0.146,0.558,-0.208,0.332,0.315,-0.293,-0.108,0.05,0.219,0.036,-0.262,-0.157,-0.173,-0.401,-0.124,0.294,1.0,-0.281,-0.106,-0.131,0.065,-0.182,0.429,0.193,0.373,0.415,0.366,0.155,0.192,0.256,0.332,0.396,-0.093,-0.179,0.143,-0.087,-0.073,-0.046,-0.045,-0.105,-0.137,0.229,0.26,-0.117,0.769,-0.201,-0.067,0.23,0.108,-0.287,0.034,0.253,0.257,0.384,0.438,0.229,0.301,0.011,0.658,0.345,0.445,0.187,-0.131,0.408,-0.023,0.309,0.444,0.526,0.328,-0.013,0.721,0.523,0.247,0.432,-0.091,-0.326,-0.364,0.058,-0.006,0.474,-0.202,0.069,-0.05,-0.188,0.215,0.18,-0.015
GILD,0.054,0.341,0.383,-0.208,0.314,-0.119,0.274,-0.103,0.224,0.312,-0.447,-0.427,0.42,0.322,0.164,0.508,-0.143,-0.232,0.433,0.506,0.402,0.111,-0.094,0.59,0.549,0.446,0.43,0.315,-0.132,-0.281,1.0,0.378,0.42,0.368,0.62,0.198,-0.297,-0.221,-0.505,0.27,-0.175,-0.247,-0.252,-0.298,0.014,0.25,0.343,-0.099,0.25,0.239,0.298,0.301,0.362,0.252,-0.32,-0.018,-0.176,-0.299,0.458,0.219,0.017,0.171,0.235,0.471,0.17,-0.02,-0.354,-0.17,-0.332,0.14,0.026,-0.153,-0.094,-0.305,-0.178,0.308,-0.3,0.295,-0.329,-0.128,-0.171,-0.181,0.294,-0.215,-0.378,-0.291,0.152,0.157,0.589,0.285,0.339,-0.07,0.194,0.444,0.482,0.329,0.675,0.12,-0.122,-0.012
GOOG,0.336,0.678,0.325,0.25,0.403,-0.141,0.423,-0.454,0.583,0.011,-0.506,-0.54,0.614,0.474,0.287,0.683,0.275,0.195,0.761,0.617,0.545,0.027,-0.251,0.611,0.491,0.523,0.475,-0.224,-0.336,-0.106,0.378,1.0,0.899,0.354,0.444,0.223,-0.364,-0.098,-0.604,0.391,-0.366,-0.298,-0.424,0.184,0.069,0.527,0.466,-0.167,0.846,0.526,0.431,0.564,0.89,0.641,-0.021,0.112,-0.36,-0.273,0.048,0.488,-0.089,0.117,0.342,0.399,0.297,0.338,-0.256,0.12,-0.456,0.297,0.059,0.114,-0.148,-0.308,-0.141,0.478,-0.292,0.599,0.112,0.037,0.173,0.378,0.297,-0.102,0.001,-0.454,0.273,-0.195,0.577,0.423,0.728,0.206,0.429,0.705,0.401,0.368,0.487,0.544,0.115,0.314
GOOGL,0.129,0.488,0.207,0.3,0.634,-0.418,0.416,-0.45,0.659,-0.034,-0.518,-0.611,0.749,0.623,0.147,0.677,0.298,0.084,0.807,0.523,0.599,-0.172,-0.312,0.703,0.549,0.704,0.569,-0.409,-0.536,-0.131,0.42,0.899,1.0,0.382,0.54,0.162,-0.332,-0.024,-0.603,0.159,-0.236,-0.568,-0.577,0.178,0.044,0.601,0.593,-0.399,0.724,0.44,0.55,0.691,0.821,0.705,0.113,0.113,-0.307,-0.329,0.072,0.598,-0.378,0.157,0.535,0.369,0.092,0.432,-0.256,0.007,-0.483,0.165,-0.07,0.125,-0.299,-0.402,-0.429,0.674,-0.337,0.67,-0.058,0.159,0.062,0.17,0.511,-0.042,-0.007,-0.502,0.502,-0.303,0.498,0.595,0.809,0.403,0.265,0.729,0.499,0.423,0.498,0.555,0.273,0.466
GT,0.294,0.244,0.518,-0.134,0.269,-0.426,0.45,-0.282,0.286,-0.068,-0.396,-0.452,0.566,0.675,0.27,0.492,-0.118,-0.338,0.467,0.56,0.813,-0.194,-0.003,0.609,0.721,0.502,0.402,0.02,-0.323,0.065,0.368,0.354,0.382,1.0,0.684,0.644,-0.033,0.229,-0.589,0.448,-0.137,-0.316,-0.286,-0.308,0.103,0.756,0.518,-0.393,0.189,0.85,0.497,0.218,0.368,0.638,-0.268,0.662,-0.229,0.053,0.482,0.35,-0.206,0.69,0.357,0.348,0.206,0.206,-0.542,0.163,-0.331,0.471,-0.251,0.488,-0.078,-0.364,-0.361,0.243,-0.388,0.677,-0.408,-0.009,-0.024,-0.233,0.478,-0.038,-0.191,-0.462,0.137,0.012,0.596,0.328,0.309,0.134,0.332,0.614,0.836,0.595,0.73,0.373,0.236,-0.074
HBAN,0.099,0.325,0.357,0.157,0.663,-0.546,0.386,-0.359,0.471,0.004,-0.572,-0.707,0.537,0.702,0.131,0.607,-0.002,-0.212,0.636,0.587,0.729,-0.296,-0.118,0.798,0.766,0.751,0.775,-0.022,-0.458,-0.182,0.62,0.444,0.54,0.684,1.0,0.417,-0.203,0.05,-0.652,0.261,-0.229,-0.558,-0.57,-0.07,0.008,0.668,0.77,-0.561,0.257,0.551,0.638,0.571,0.43,0.62,0.027,0.423,-0.389,-0.237,0.541,0.578,-0.369,0.556,0.697,0.364,0.075,0.283,-0.487,-0.008,-0.546,0.308,-0.397,0.166,-0.243,-0.532,-0.465,0.552,-0.457,0.655,-0.582,-0.02,-0.136,-0.329,0.75,-0.269,-0.224,-0.644,0.152,-0.242,0.718,0.625,0.462,0.279,0.173,0.731,0.759,0.699,0.756,0.332,0.364,0.228
HST,0.718,0.147,0.617,-0.064,-0.036,-0.036,0.666,-0.324,0.165,0.069,-0.208,-0.205,0.326,0.168,0.737,0.406,0.048,-0.145,0.209,0.424,0.475,0.092,0.009,0.428,0.449,0.21,0.014,0.132,0.029,0.429,0.198,0.223,0.162,0.644,0.417,1.0,-0.031,0.129,-0.249,0.677,-0.162,0.002,0.124,-0.14,0.58,0.312,0.233,-0.004,0.192,0.457,0.077,0.188,0.226,0.277,-0.255,0.508,-0.223,0.323,0.094,0.189,0.21,0.377,0.022,0.249,0.664,0.28,-0.249,0.622,-0.189,0.619,0.143,0.453,0.502,-0.004,0.029,0.14,0.034,0.311,-0.028,0.117,0.56,0.181,0.15,0.312,0.131,-0.048,0.271,0.155,0.326,-0.05,0.137,0.0,0.749,0.375,0.486,0.232,0.516,0.542,0.061,-0.045
INTC,-0.134,-0.104,0.276,-0.118,-0.264,-0.032,-0.325,0.106,-0.158,0.062,0.67,0.63,-0.187,-0.058,-0.083,-0.408,-0.225,-0.127,-0.334,-0.082,-0.211,-0.329,0.498,-0.306,0.004,-0.236,-0.157,0.009,0.338,0.193,-0.297,-0.364,-0.332,-0.033,-0.203,-0.031,1.0,0.394,0.404,0.139,0.71,-0.011,-0.025,-0.073,-0.14,-0.166,-0.066,-0.062,-0.379,-0.125,-0.101,-0.241,-0.272,-0.228,0.01,0.226,0.101,0.442,0.145,-0.044,-0.02,0.229,-0.131,-0.006,-0.198,-0.058,-0.138,-0.159,0.661,-0.056,-0.394,0.113,-0.01,0.154,0.014,-0.247,-0.176,-0.236,-0.2,-0.009,-0.196,-0.301,-0.198,0.356,0.18,0.423,0.017,-0.043,-0.144,-0.034,-0.366,0.126,-0.2,-0.224,-0.129,-0.018,-0.188,-0.163,0.042,-0.226
IOVA,0.092,-0.068,0.107,0.172,0.139,-0.076,-0.127,-0.102,0.011,-0.144,0.382,0.156,-0.123,0.269,0.011,-0.238,0.173,0.124,-0.129,-0.25,0.195,-0.425,0.167,-0.08,0.06,0.053,0.095,-0.432,0.228,0.373,-0.221,-0.098,-0.024,0.229,0.05,0.129,0.394,1.0,0.158,0.245,0.426,-0.048,-0.14,0.172,-0.091,0.239,0.154,-0.287,-0.131,0.16,0.309,0.099,-0.013,0.184,0.326,0.553,0.182,0.379,0.216,0.264,-0.088,0.484,0.176,0.325,-0.204,0.419,0.004,0.219,0.361,0.268,-0.509,0.454,-0.233,0.174,0.039,-0.072,0.001,0.072,-0.133,0.231,0.006,-0.179,0.17,0.443,0.365,0.069,0.289,-0.338,-0.001,0.058,-0.12,0.187,0.015,0.021,0.209,0.339,-0.149,0.093,0.456,0.161
IQ,-0.113,-0.481,-0.231,0.09,-0.53,0.416,-0.341,0.232,-0.519,-0.069,0.805,0.751,-0.663,-0.6,-0.116,-0.701,0.006,0.172,-0.74,-0.651,-0.604,0.175,0.214,-0.724,-0.707,-0.617,-0.626,0.074,0.47,0.415,-0.505,-0.604,-0.603,-0.589,-0.652,-0.249,0.404,0.158,1.0,-0.186,0.499,0.39,0.461,0.204,0.066,-0.662,-0.548,0.384,-0.485,-0.578,-0.527,-0.427,-0.639,-0.665,0.293,-0.216,0.208,0.438,-0.369,-0.52,0.295,-0.339,-0.518,-0.274,-0.155,-0.286,0.477,0.031,0.679,-0.224,0.034,0.063,0.226,0.457,0.369,-0.434,0.447,-0.649,0.356,0.122,0.107,0.075,-0.444,0.456,0.382,0.7,0.088,0.059,-0.733,-0.528,-0.496,-0.244,-0.206,-0.782,-0.568,-0.502,-0.714,-0.287,-0.02,-0.235
JBLU,0.745,0.546,0.822,-0.025,-0.234,0.247,0.412,-0.295,0.203,0.336,0.022,-0.01,0.176,0.074,0.698,0.343,0.055,0.053,0.183,0.526,0.363,0.201,0.238,0.281,0.431,0.09,0.039,0.254,0.39,0.366,0.27,0.391,0.159,0.448,0.261,0.677,0.139,0.245,-0.186,1.0,0.003,0.214,0.02,-0.004,0.322,0.167,0.209,0.149,0.322,0.403,0.091,0.141,0.433,0.168,-0.299,0.428,-0.218,0.38,0.221,0.222,0.429,0.335,-0.118,0.446,0.683,0.274,-0.238,0.399,0.086,0.633,0.064,0.335,0.36,0.196,0.319,-0.017,-0.042,0.154,0.048,0.037,0.413,0.245,-0.068,0.332,0.253,0.05,0.109,0.135,0.5,-0.043,0.072,-0.086,0.738,0.365,0.311,0.256,0.422,0.339,-0.07,-0.148
JD,-0.347,-0.251,0.225,-0.15,-0.176,-0.021,-0.35,0.225,-0.216,0.04,0.818,0.678,-0.237,-0.034,-0.25,-0.416,-0.226,-0.209,-0.395,-0.239,-0.266,-0.27,0.534,-0.286,-0.105,-0.16,-0.217,-0.034,0.302,0.155,-0.175,-0.366,-0.236,-0.137,-0.229,-0.162,0.71,0.426,0.499,0.003,1.0,0.006,-0.019,-0.107,-0.027,-0.21,-0.134,-0.03,-0.451,-0.182,-0.149,-0.234,-0.295,-0.259,-0.007,0.103,0.056,0.439,0.093,-0.129,-0.044,0.103,-0.132,0.014,-0.257,-0.094,-0.12,-0.222,0.856,-0.192,-0.33,0.124,-0.027,0.043,0.018,-0.082,-0.098,-0.261,-0.168,0.035,-0.263,-0.328,-0.193,0.424,0.39,0.596,0.275,0.004,-0.281,0.015,-0.357,-0.046,-0.374,-0.312,-0.098,-0.077,-0.259,-0.115,-0.046,-0.215
KDP,0.176,-0.116,0.016,-0.328,-0.655,0.725,-0.165,0.256,-0.508,0.104,0.326,0.52,-0.6,-0.604,0.206,-0.376,-0.128,0.105,-0.545,-0.363,-0.494,0.447,0.16,-0.578,-0.522,-0.652,-0.568,0.381,0.564,0.192,-0.247,-0.298,-0.568,-0.316,-0.558,0.002,-0.011,-0.048,0.39,0.214,0.006,1.0,0.718,-0.173,0.17,-0.542,-0.636,0.671,-0.15,-0.172,-0.626,-0.593,-0.385,-0.531,-0.353,-0.169,0.084,0.227,-0.255,-0.636,0.727,-0.355,-0.621,-0.136,0.331,-0.343,0.204,0.243,0.408,0.02,0.448,-0.058,0.533,0.488,0.77,-0.55,0.476,-0.541,0.514,-0.11,0.274,0.403,-0.721,0.148,0.124,0.519,-0.288,0.427,-0.332,-0.64,-0.499,-0.626,0.126,-0.51,-0.414,-0.386,-0.452,-0.236,-0.572,-0.442
KHC,0.139,-0.316,-0.09,-0.375,-0.547,0.584,0.004,0.178,-0.547,0.042,0.286,0.515,-0.536,-0.668,0.221,-0.421,-0.136,-0.026,-0.543,-0.405,-0.498,0.526,0.109,-0.545,-0.624,-0.604,-0.679,0.397,0.48,0.256,-0.252,-0.424,-0.577,-0.286,-0.57,0.124,-0.025,-0.14,0.461,0.02,-0.019,0.718,1.0,-0.238,0.51,-0.571,-0.688,0.766,-0.267,-0.247,-0.703,-0.502,-0.527,-0.586,-0.319,-0.142,0.02,0.228,-0.293,-0.716,0.588,-0.373,-0.67,-0.303,0.291,-0.393,0.285,0.293,0.317,0.054,0.632,-0.023,0.685,0.467,0.554,-0.493,0.622,-0.56,0.601,0.009,0.297,0.376,-0.665,0.232,0.087,0.517,-0.159,0.546,-0.515,-0.721,-0.483,-0.551,0.087,-0.587,-0.336,-0.565,-0.389,-0.192,-0.492,-0.428
LRCX,0.171,0.16,-0.259,0.878,0.235,0.084,-0.006,-0.31,0.44,-0.055,0.053,-0.165,-0.065,-0.058,0.159,0.097,0.715,0.609,0.138,-0.097,-0.02,-0.079,-0.052,-0.106,-0.143,0.208,0.122,-0.47,0.037,0.332,-0.298,0.184,0.178,-0.308,-0.07,-0.14,-0.073,0.172,0.204,-0.004,-0.107,-0.173,-0.238,1.0,0.034,-0.076,0.188,-0.08,0.288,-0.277,0.199,0.469,0.231,-0.007,0.745,-0.205,-0.15,0.045,-0.361,0.356,-0.106,-0.199,0.209,0.036,-0.011,0.47,0.557,0.021,-0.133,-0.064,-0.127,0.141,-0.104,0.287,0.109,0.342,0.28,-0.012,0.231,0.479,0.284,0.349,0.244,0.109,0.563,-0.148,0.161,-0.418,-0.122,0.182,0.269,0.375,0.166,0.091,-0.247,0.099,-0.267,0.032,0.493,0.543
LYFT,0.421,0.014,0.282,0.035,-0.029,0.144,0.605,-0.257,0.133,0.213,-0.027,0.037,0.083,-0.196,0.592,0.176,0.174,-0.008,0.047,0.141,0.027,0.355,0.063,0.083,-0.045,0.05,-0.203,0.106,0.121,0.396,0.014,0.069,0.044,0.103,0.008,0.58,-0.14,-0.091,0.066,0.322,-0.027,0.17,0.51,0.034,1.0,-0.126,-0.037,0.308,0.096,-0.031,-0.262,0.181,0.044,-0.106,-0.161,0.038,-0.416,0.25,-0.236,-0.076,0.241,-0.206,-0.139,-0.026,0.627,0.195,0.084,0.484,-0.015,0.322,0.473,0.21,0.706,0.171,0.126,0.201,0.402,-0.041,0.35,0.311,0.561,0.401,-0.144,0.352,0.358,0.177,0.315,0.31,-0.144,-0.18,0.025,-0.126,0.472,0.062,0.129,-0.159,0.101,0.334,-0.16,-0.045
MARA,0.136,0.229,0.218,0.115,0.558,-0.594,0.398,-0.419,0.425,-0.255,-0.482,-0.629,0.641,0.921,0.021,0.486,0.012,-0.153,0.54,0.481,0.818,-0.329,-0.278,0.637,0.668,0.588,0.617,-0.309,-0.531,-0.093,0.25,0.527,0.601,0.756,0.668,0.312,-0.166,0.239,-0.662,0.167,-0.21,-0.542,-0.571,-0.076,-0.126,1.0,0.6,-0.653,0.359,0.751,0.676,0.402,0.513,0.955,0.03,0.566,-0.207,-0.204,0.424,0.533,-0.471,0.583,0.587,0.326,-0.06,0.378,-0.476,0.056,-0.497,0.385,-0.443,0.375,-0.451,-0.556,-0.53,0.379,-0.451,0.948,-0.361,-0.011,-0.149,-0.295,0.641,-0.203,-0.228,-0.701,0.131,-0.36,0.558,0.568,0.536,0.349,0.162,0.64,0.748,0.665,0.603,0.438,0.443,0.273
MCHP,0.042,0.46,0.255,0.457,0.695,-0.668,0.316,-0.351,0.768,0.086,-0.475,-0.687,0.618,0.678,0.089,0.558,0.31,-0.107,0.739,0.511,0.593,-0.483,0.004,0.791,0.718,0.788,0.817,-0.371,-0.528,-0.179,0.343,0.466,0.593,0.518,0.77,0.233,-0.066,0.154,-0.548,0.209,-0.134,-0.636,-0.688,0.188,-0.037,0.6,1.0,-0.656,0.222,0.375,0.733,0.793,0.554,0.63,0.315,0.245,-0.248,-0.241,0.408,0.813,-0.565,0.478,0.842,0.266,0.041,0.514,-0.353,-0.156,-0.463,0.097,-0.357,0.087,-0.333,-0.35,-0.638,0.61,-0.433,0.579,-0.561,0.128,-0.098,-0.31,0.759,-0.228,-0.019,-0.648,0.16,-0.324,0.678,0.799,0.494,0.601,0.13,0.782,0.596,0.618,0.583,0.229,0.556,0.468
MDLZ,0.128,0.012,0.029,-0.305,-0.623,0.653,-0.137,0.232,-0.471,0.168,0.298,0.475,-0.502,-0.683,0.199,-0.251,-0.122,0.074,-0.391,-0.185,-0.541,0.543,0.213,-0.453,-0.541,-0.531,-0.699,0.504,0.499,0.143,-0.099,-0.167,-0.399,-0.393,-0.561,-0.004,-0.062,-0.287,0.384,0.149,-0.03,0.671,0.766,-0.08,0.308,-0.653,-0.656,1.0,-0.048,-0.287,-0.644,-0.465,-0.265,-0.619,-0.361,-0.359,0.019,0.166,-0.325,-0.622,0.617,-0.449,-0.763,-0.267,0.341,-0.463,0.304,0.1,0.358,-0.058,0.666,-0.168,0.627,0.45,0.658,-0.407,0.451,-0.588,0.529,-0.091,0.235,0.528,-0.66,0.202,0.128,0.569,-0.185,0.519,-0.329,-0.655,-0.422,-0.602,0.108,-0.475,-0.431,-0.575,-0.35,-0.177,-0.598,-0.382
META,0.422,0.513,0.196,0.196,0.254,0.093,0.375,-0.435,0.443,0.011,-0.467,-0.432,0.449,0.238,0.365,0.608,0.263,0.373,0.551,0.452,0.418,0.153,-0.346,0.39,0.302,0.35,0.315,-0.183,-0.197,-0.087,0.25,0.846,0.724,0.189,0.257,0.192,-0.379,-0.131,-0.485,0.322,-0.451,-0.15,-0.267,0.288,0.096,0.359,0.222,-0.048,1.0,0.375,0.257,0.425,0.756,0.465,-0.052,0.073,-0.255,-0.291,-0.105,0.357,0.095,-0.029,0.147,0.416,0.35,0.322,-0.114,0.254,-0.467,0.359,0.127,0.048,-0.075,-0.16,0.153,0.386,-0.153,0.428,0.309,0.033,0.313,0.53,0.09,-0.085,-0.038,-0.305,0.211,-0.161,0.423,0.19,0.63,0.126,0.488,0.566,0.19,0.315,0.269,0.491,-0.004,0.346
MNST,0.243,0.294,0.444,-0.151,0.223,-0.284,0.313,-0.295,0.202,-0.263,-0.357,-0.393,0.466,0.621,0.111,0.43,-0.172,-0.199,0.436,0.49,0.728,-0.128,-0.095,0.498,0.563,0.403,0.387,0.001,-0.305,-0.073,0.239,0.526,0.44,0.85,0.551,0.457,-0.125,0.16,-0.578,0.403,-0.182,-0.172,-0.247,-0.277,-0.031,0.751,0.375,-0.287,0.375,1.0,0.437,0.136,0.442,0.652,-0.281,0.655,-0.237,-0.035,0.408,0.234,-0.107,0.617,0.273,0.307,0.135,0.098,-0.559,0.138,-0.279,0.442,-0.188,0.446,-0.155,-0.469,-0.186,0.16,-0.452,0.657,-0.187,-0.178,-0.084,-0.086,0.341,-0.205,-0.187,-0.444,-0.017,-0.058,0.573,0.296,0.369,-0.015,0.228,0.542,0.73,0.555,0.626,0.356,0.168,-0.085
MRNA,0.047,0.283,0.055,0.394,0.563,-0.602,0.175,-0.183,0.629,-0.078,-0.412,-0.664,0.532,0.698,-0.014,0.39,0.305,0.136,0.576,0.421,0.581,-0.515,-0.147,0.6,0.562,0.677,0.654,-0.427,-0.515,-0.046,0.298,0.431,0.55,0.497,0.638,0.077,-0.101,0.309,-0.527,0.091,-0.149,-0.626,-0.703,0.199,-0.262,0.676,0.733,-0.644,0.257,0.437,1.0,0.631,0.492,0.656,0.333,0.355,-0.044,-0.146,0.472,0.728,-0.587,0.607,0.66,0.254,-0.201,0.54,-0.193,-0.158,-0.424,0.078,-0.417,0.303,-0.491,-0.293,-0.583,0.387,-0.45,0.657,-0.464,0.13,-0.218,-0.327,0.762,-0.209,-0.113,-0.66,0.129,-0.421,0.562,0.556,0.54,0.471,0.088,0.657,0.637,0.663,0.486,0.174,0.571,0.493
MRVL,0.171,0.468,0.092,0.628,0.733,-0.466,0.395,-0.467,0.876,0.172,-0.466,-0.66,0.547,0.422,0.256,0.565,0.626,0.203,0.758,0.367,0.444,-0.282,-0.131,0.667,0.438,0.756,0.643,-0.52,-0.41,-0.045,0.301,0.564,0.691,0.218,0.571,0.188,-0.241,0.099,-0.427,0.141,-0.234,-0.593,-0.502,0.469,0.181,0.402,0.793,-0.465,0.425,0.136,0.631,1.0,0.636,0.496,0.477,0.042,-0.304,-0.293,0.133,0.806,-0.472,0.154,0.704,0.203,0.177,0.677,0.028,0.001,-0.501,0.089,-0.075,0.021,-0.184,-0.125,-0.476,0.736,-0.091,0.434,-0.135,0.423,0.168,0.036,0.631,-0.105,0.22,-0.544,0.304,-0.356,0.454,0.65,0.623,0.592,0.287,0.684,0.358,0.389,0.396,0.33,0.507,0.707
MSFT,0.383,0.77,0.386,0.295,0.376,-0.192,0.387,-0.419,0.704,0.249,-0.485,-0.557,0.624,0.458,0.32,0.706,0.375,0.243,0.807,0.682,0.601,0.009,-0.13,0.667,0.563,0.528,0.475,-0.287,-0.258,-0.105,0.362,0.89,0.821,0.368,0.43,0.226,-0.272,-0.013,-0.639,0.433,-0.295,-0.385,-0.527,0.231,0.044,0.513,0.554,-0.265,0.756,0.442,0.492,0.636,1.0,0.605,0.036,0.103,-0.301,-0.266,0.099,0.702,-0.159,0.166,0.346,0.435,0.36,0.492,-0.185,0.071,-0.435,0.32,0.015,0.047,-0.214,-0.239,-0.209,0.498,-0.29,0.54,-0.009,0.135,0.201,0.314,0.315,-0.123,0.076,-0.436,0.192,-0.202,0.629,0.442,0.649,0.295,0.474,0.788,0.369,0.373,0.488,0.438,0.176,0.394
MSTR,0.161,0.308,0.191,0.19,0.58,-0.55,0.399,-0.421,0.507,-0.233,-0.529,-0.657,0.684,0.892,0.053,0.539,0.122,-0.093,0.608,0.485,0.735,-0.338,-0.342,0.685,0.656,0.596,0.656,-0.389,-0.548,-0.137,0.252,0.641,0.705,0.638,0.62,0.277,-0.228,0.184,-0.665,0.168,-0.259,-0.531,-0.586,-0.007,-0.106,0.955,0.63,-0.619,0.465,0.652,0.656,0.496,0.605,1.0,0.078,0.451,-0.187,-0.313,0.298,0.576,-0.439,0.464,0.624,0.351,-0.017,0.451,-0.441,0.085,-0.532,0.363,-0.348,0.251,-0.416,-0.521,-0.508,0.424,-0.428,0.934,-0.271,-0.01,-0.069,-0.186,0.585,-0.196,-0.197,-0.683,0.183,-0.366,0.554,0.607,0.581,0.401,0.218,0.679,0.652,0.596,0.563,0.518,0.422,0.367
MU,-0.098,-0.077,-0.459,0.824,0.398,-0.231,-0.12,-0.198,0.339,-0.232,0.085,-0.186,-0.107,0.085,-0.138,-0.147,0.63,0.505,0.096,-0.29,-0.01,-0.319,-0.129,-0.04,-0.185,0.165,0.225,-0.611,-0.15,0.229,-0.32,-0.021,0.113,-0.268,0.027,-0.255,0.01,0.326,0.293,-0.299,-0.007,-0.353,-0.319,0.745,-0.161,0.03,0.315,-0.361,-0.052,-0.281,0.333,0.477,0.036,0.078,1.0,-0.11,0.04,-0.028,-0.178,0.389,-0.408,-0.016,0.376,-0.081,-0.346,0.419,0.507,-0.039,-0.116,-0.22,-0.348,0.109,-0.378,0.078,-0.275,0.223,0.178,0.024,0.009,0.367,0.07,0.019,0.446,-0.004,0.36,-0.234,0.162,-0.602,-0.204,0.238,0.235,0.541,-0.132,-0.014,-0.16,0.062,-0.321,-0.029,0.78,0.591
MVIS,0.319,-0.021,0.411,-0.109,0.093,-0.209,0.192,-0.233,-0.004,-0.221,0.001,-0.101,0.176,0.454,0.149,0.12,-0.221,-0.122,0.035,0.195,0.538,-0.236,-0.006,0.231,0.396,0.211,0.244,-0.037,0.001,0.26,-0.018,0.112,0.113,0.662,0.423,0.508,0.226,0.553,-0.216,0.428,0.103,-0.169,-0.142,-0.205,0.038,0.566,0.245,-0.359,0.073,0.655,0.355,0.042,0.103,0.451,-0.11,1.0,-0.044,0.323,0.409,0.218,-0.058,0.76,0.2,0.36,0.021,0.292,-0.421,0.362,0.006,0.631,-0.406,0.529,-0.127,-0.224,-0.066,-0.014,-0.306,0.427,-0.221,-0.094,0.028,-0.254,0.266,0.24,-0.003,-0.185,0.17,-0.152,0.29,0.095,0.041,0.088,0.217,0.281,0.601,0.512,0.355,0.319,0.327,-0.075
NFLX,-0.117,-0.36,-0.226,-0.204,-0.33,0.099,-0.409,0.489,-0.296,-0.214,0.178,0.179,-0.119,-0.229,-0.266,-0.316,-0.195,-0.016,-0.344,-0.439,-0.351,-0.215,-0.048,-0.249,-0.188,-0.321,-0.264,-0.072,0.127,-0.117,-0.176,-0.36,-0.307,-0.229,-0.389,-0.223,0.101,0.182,0.208,-0.218,0.056,0.084,0.02,-0.15,-0.416,-0.207,-0.248,0.019,-0.255,-0.237,-0.044,-0.304,-0.301,-0.187,0.04,-0.044,1.0,-0.049,-0.146,-0.169,0.035,0.012,-0.199,-0.07,-0.274,-0.053,0.137,0.035,0.199,-0.206,0.07,-0.226,-0.177,0.154,0.067,-0.414,-0.106,-0.288,-0.082,-0.285,-0.057,-0.254,-0.2,0.014,-0.181,0.26,-0.083,0.052,-0.196,-0.253,-0.385,0.093,-0.172,-0.372,-0.299,-0.235,-0.253,-0.24,0.092,-0.015
NNDM,0.333,-0.17,0.308,-0.005,-0.427,0.218,0.163,-0.009,-0.262,-0.004,0.605,0.506,-0.251,-0.245,0.328,-0.358,-0.016,0.057,-0.426,-0.107,-0.113,0.142,0.342,-0.334,-0.125,-0.289,-0.438,0.101,0.388,0.769,-0.299,-0.273,-0.329,0.053,-0.237,0.323,0.442,0.379,0.438,0.38,0.439,0.227,0.228,0.045,0.25,-0.204,-0.241,0.166,-0.291,-0.035,-0.146,-0.293,-0.266,-0.313,-0.028,0.323,-0.049,1.0,0.01,-0.176,0.254,0.253,-0.348,0.02,0.14,0.003,0.084,0.264,0.524,0.185,-0.123,0.58,0.323,0.334,0.227,-0.31,0.147,-0.211,0.084,0.18,0.266,0.053,-0.145,0.697,0.432,0.428,0.284,0.041,-0.217,-0.355,-0.193,-0.148,0.219,-0.277,-0.016,-0.051,-0.156,0.067,-0.005,-0.262
NVAX,-0.131,0.227,0.257,-0.248,0.292,-0.421,-0.021,-0.12,0.087,0.2,-0.182,-0.249,0.114,0.455,-0.091,0.055,-0.275,-0.275,0.197,0.402,0.488,-0.209,0.157,0.349,0.4,0.245,0.404,0.228,-0.151,-0.201,0.458,0.048,0.072,0.482,0.541,0.094,0.145,0.216,-0.369,0.221,0.093,-0.255,-0.293,-0.361,-0.236,0.424,0.408,-0.325,-0.105,0.408,0.472,0.133,0.099,0.298,-0.178,0.409,-0.146,0.01,1.0,0.277,-0.29,0.647,0.285,0.168,-0.087,0.011,-0.417,-0.324,-0.087,0.149,-0.441,0.132,-0.35,-0.319,-0.284,-0.023,-0.371,0.317,-0.574,-0.132,-0.505,-0.483,0.354,-0.25,-0.411,-0.42,-0.203,-0.125,0.533,0.242,0.117,-0.015,-0.126,0.267,0.526,0.472,0.488,-0.137,0.092,-0.094
NVDA,0.228,0.476,0.181,0.535,0.603,-0.486,0.263,-0.36,0.8,0.217,-0.404,-0.626,0.548,0.55,0.185,0.529,0.5,0.244,0.73,0.472,0.568,-0.399,-0.013,0.706,0.621,0.656,0.67,-0.535,-0.344,-0.067,0.219,0.488,0.598,0.35,0.578,0.189,-0.044,0.264,-0.52,0.222,-0.129,-0.636,-0.716,0.356,-0.076,0.533,0.813,-0.622,0.357,0.234,0.728,0.806,0.702,0.576,0.389,0.218,-0.169,-0.176,0.277,1.0,-0.488,0.438,0.676,0.363,0.102,0.701,-0.08,-0.045,-0.421,0.158,-0.301,0.109,-0.356,-0.139,-0.501,0.572,-0.259,0.497,-0.369,0.328,0.124,-0.108,0.641,-0.103,0.14,-0.52,0.205,-0.398,0.615,0.635,0.523,0.609,0.296,0.792,0.406,0.539,0.435,0.275,0.499,0.673
NWL,0.445,-0.009,0.305,-0.256,-0.632,0.909,0.017,0.161,-0.413,0.15,0.255,0.427,-0.352,-0.565,0.383,-0.08,-0.1,0.146,-0.418,-0.153,-0.311,0.633,0.067,-0.381,-0.203,-0.482,-0.402,0.409,0.696,0.23,0.017,-0.089,-0.378,-0.206,-0.369,0.21,-0.02,-0.088,0.295,0.429,-0.044,0.727,0.588,-0.106,0.241,-0.471,-0.565,0.617,0.095,-0.107,-0.587,-0.472,-0.159,-0.439,-0.408,-0.058,0.035,0.254,-0.29,-0.488,1.0,-0.29,-0.621,0.298,0.434,-0.245,0.122,0.385,0.277,0.26,0.403,-0.042,0.584,0.412,0.825,-0.44,0.314,-0.46,0.48,-0.124,0.43,0.441,-0.665,0.232,0.14,0.534,-0.091,0.457,-0.163,-0.569,-0.379,-0.565,0.41,-0.317,-0.315,-0.296,-0.149,0.013,-0.538,-0.403
OCGN,0.156,0.102,0.327,-0.044,0.197,-0.414,0.069,-0.148,0.108,-0.164,-0.101,-0.265,0.229,0.555,0.02,0.106,-0.158,-0.13,0.219,0.346,0.569,-0.452,0.134,0.448,0.538,0.306,0.408,-0.06,-0.195,0.108,0.171,0.117,0.157,0.69,0.556,0.377,0.229,0.484,-0.339,0.335,0.103,-0.355,-0.373,-0.199,-0.206,0.583,0.478,-0.449,-0.029,0.617,0.607,0.154,0.166,0.464,-0.016,0.76,0.012,0.253,0.647,0.438,-0.29,1.0,0.355,0.312,-0.134,0.2,-0.443,-0.013,-0.069,0.374,-0.474,0.478,-0.279,-0.245,-0.294,-0.007,-0.441,0.453,-0.519,-0.118,-0.196,-0.436,0.488,0.023,-0.172,-0.337,0.042,-0.196,0.567,0.261,0.163,0.153,0.088,0.431,0.662,0.641,0.483,0.099,0.386,0.049
