,AAL,AAPL,AGNC,AMAT,AMD,AMZN,APA,ARDX,AVGO,AZN,BIDU,BILI,BKR,CAN,CHRD,CMCSA,CPRT,CRWD,CSCO,CSX,DKNG,EBAY,ERIC,EXC,FITB,FLEX,FTNT,GEN,GERN,GEVO,GILD,GOOG,GOOGL,GT,HBAN,HST,INTC,IOVA,IQ,JBLU,JD,KDP,KHC,LRCX,LYFT,MARA,MCHP,MDLZ,META,MNST,MRNA,MRVL,MSFT,MSTR,MU,MVIS,NFLX,NNDM,NVAX,NVDA,NWL,OCGN,ON,OPK,PAA,PACB,PANW,PARA,PDD,PENN,PEP,PLUG,PTEN,PTON,PYPL,QCOM,QVCGA,RIOT,ROKU,RUN,SABR,SBUX,SMCI,SNDL,STNE,TCOM,TLRY,TMUS,TSCO,TSLA,TTD,TXN,UAL,VOD,VTRS,VXRT,WBA,WBD,WDC,ZM
AAL,1.0,-0.445,-0.058,0.154,-0.574,0.604,0.662,0.408,-0.261,-0.383,0.416,0.46,-0.377,-0.325,0.752,-0.352,0.297,0.55,-0.491,-0.204,-0.154,0.094,0.125,-0.503,-0.27,-0.597,-0.461,0.103,0.385,0.616,-0.501,-0.039,-0.405,0.099,-0.336,0.628,0.127,0.352,0.444,0.589,0.122,0.452,0.496,0.23,0.538,-0.13,-0.456,0.162,0.277,-0.025,-0.202,-0.269,-0.429,-0.091,0.144,0.38,0.016,0.545,-0.291,-0.18,0.614,0.134,-0.484,0.201,0.492,0.395,0.4,0.696,0.301,0.73,-0.065,0.46,0.589,0.463,0.512,-0.422,0.458,-0.071,0.598,0.304,0.703,0.497,-0.197,0.482,0.368,0.368,0.178,0.471,-0.297,-0.483,0.11,-0.111,0.918,-0.353,-0.248,-0.101,-0.252,0.372,0.219,0.169
AAPL,-0.445,1.0,0.443,-0.395,-0.02,-0.15,-0.541,-0.439,0.088,0.523,-0.388,-0.277,0.207,0.056,-0.365,0.421,-0.428,-0.398,0.466,0.56,0.19,0.296,-0.077,0.445,0.265,0.119,0.247,0.357,0.04,-0.552,0.531,0.491,0.26,0.008,0.196,-0.415,-0.13,-0.404,-0.505,0.111,-0.3,0.049,-0.214,-0.401,-0.482,0.052,0.198,0.245,0.177,0.254,-0.044,-0.135,0.775,0.049,-0.436,-0.24,0.011,-0.447,0.326,0.035,-0.068,-0.116,0.002,0.035,0.033,-0.49,-0.476,-0.453,-0.233,-0.249,0.258,-0.483,-0.425,-0.376,-0.055,-0.088,-0.479,-0.014,-0.337,-0.523,-0.488,-0.11,-0.244,-0.462,-0.372,-0.274,-0.471,-0.308,0.476,0.038,-0.301,-0.172,-0.402,0.352,0.098,-0.051,0.325,-0.244,-0.436,-0.537
AGNC,-0.058,0.443,1.0,-0.661,-0.174,-0.087,-0.127,-0.236,-0.198,0.434,-0.196,-0.06,0.437,0.252,-0.077,0.513,-0.671,-0.521,0.148,0.693,0.476,0.257,0.039,0.442,0.576,0.213,0.152,0.514,0.119,-0.325,0.477,0.387,0.264,0.383,0.386,0.082,0.092,-0.259,-0.442,0.521,0.049,0.021,-0.14,-0.61,-0.126,0.286,0.152,0.103,0.117,0.55,-0.061,-0.362,0.585,0.215,-0.659,0.245,-0.036,-0.242,0.37,-0.091,0.155,0.187,-0.102,0.332,0.267,-0.318,-0.689,-0.109,0.039,0.148,0.168,-0.178,-0.108,-0.481,-0.02,-0.027,-0.597,0.229,-0.325,-0.557,-0.308,-0.247,-0.208,-0.211,-0.312,0.116,-0.099,-0.101,0.574,0.04,-0.239,-0.296,0.012,0.462,0.479,0.199,0.608,0.17,-0.425,-0.529
AMAT,0.154,-0.395,-0.661,1.0,0.099,0.195,0.18,0.49,0.41,-0.581,0.564,0.279,-0.433,-0.156,0.103,-0.527,0.789,0.678,-0.216,-0.667,-0.456,-0.384,0.255,-0.455,-0.401,-0.096,-0.055,-0.57,0.042,0.51,-0.562,-0.314,-0.243,-0.314,-0.325,0.003,0.23,0.461,0.69,-0.127,0.345,-0.073,-0.066,0.877,0.201,-0.263,0.072,-0.229,-0.176,-0.505,0.144,0.516,-0.525,-0.166,0.884,-0.081,0.0,0.464,-0.436,0.284,-0.021,-0.082,0.189,-0.1,-0.217,0.567,0.686,0.154,0.338,-0.038,-0.433,0.326,0.187,0.434,0.083,0.169,0.465,-0.185,0.291,0.575,0.399,0.183,0.379,0.392,0.666,0.06,0.282,0.184,-0.521,0.225,0.233,0.443,0.033,-0.447,-0.484,-0.046,-0.578,-0.011,0.719,0.611
AMD,-0.574,-0.02,-0.174,0.099,1.0,-0.628,-0.159,-0.302,0.476,-0.101,-0.325,-0.57,0.383,0.59,-0.413,0.235,-0.047,-0.297,0.583,-0.062,0.288,-0.488,-0.046,0.417,0.377,0.765,0.714,-0.359,-0.54,-0.362,0.237,0.036,0.519,0.159,0.59,-0.198,-0.081,0.134,-0.356,-0.424,-0.031,-0.619,-0.499,-0.038,-0.215,0.421,0.72,-0.536,-0.259,0.082,0.529,0.718,0.094,0.445,0.232,0.02,0.067,-0.325,0.376,0.57,-0.647,0.266,0.844,0.027,-0.44,0.132,-0.215,-0.346,-0.31,-0.346,-0.232,-0.212,-0.343,-0.42,-0.595,0.618,-0.274,0.368,-0.533,-0.044,-0.418,-0.56,0.683,-0.227,-0.191,-0.567,0.111,-0.302,0.326,0.694,0.307,0.514,-0.513,0.45,0.383,0.4,0.288,-0.08,0.315,0.354
AMZN,0.604,-0.15,-0.087,0.195,-0.628,1.0,0.264,0.637,-0.263,-0.19,0.417,0.58,-0.531,-0.649,0.561,-0.228,0.381,0.538,-0.522,-0.367,-0.495,0.31,0.253,-0.606,-0.429,-0.587,-0.509,0.068,0.656,0.388,-0.29,-0.027,-0.48,-0.326,-0.594,0.209,0.008,0.166,0.463,0.443,0.123,0.687,0.567,0.401,0.382,-0.571,-0.68,0.501,0.385,-0.306,-0.589,-0.318,-0.267,-0.498,0.047,-0.106,-0.091,0.353,-0.508,-0.357,0.904,-0.357,-0.638,0.327,0.464,0.166,0.465,0.422,0.406,0.344,0.202,0.157,0.596,0.643,0.875,-0.351,0.511,-0.516,0.674,0.322,0.615,0.699,-0.578,0.381,0.461,0.614,0.129,0.555,-0.283,-0.481,-0.135,-0.361,0.634,-0.49,-0.549,-0.265,-0.405,0.132,-0.158,0.132
APA,0.662,-0.541,-0.127,0.18,-0.159,0.264,1.0,0.309,0.001,-0.515,0.467,0.351,-0.072,-0.069,0.714,-0.258,0.335,0.287,-0.237,-0.299,-0.102,-0.134,0.259,-0.345,-0.152,-0.18,-0.326,-0.08,-0.021,0.603,-0.47,-0.096,-0.157,0.254,-0.15,0.697,0.121,0.394,0.454,0.394,0.29,0.15,0.39,0.202,0.73,-0.003,-0.131,-0.048,0.04,-0.091,-0.118,0.116,-0.573,0.029,0.186,0.252,-0.235,0.64,-0.229,-0.063,0.287,0.089,-0.169,0.057,0.49,0.389,0.234,0.55,0.297,0.5,-0.137,0.497,0.659,0.301,0.142,0.019,0.478,0.139,0.392,0.459,0.587,0.21,0.149,0.62,0.452,0.221,0.43,0.606,-0.328,-0.056,0.388,0.086,0.662,-0.292,-0.05,0.024,-0.198,0.435,0.305,0.325
ARDX,0.408,-0.439,-0.236,0.49,-0.302,0.637,0.309,1.0,0.027,-0.247,0.639,0.697,-0.405,-0.48,0.454,-0.399,0.577,0.545,-0.538,-0.547,-0.56,-0.09,0.401,-0.663,-0.376,-0.35,-0.448,-0.322,0.45,0.556,-0.547,-0.483,-0.473,-0.358,-0.582,0.176,0.339,0.385,0.658,0.161,0.536,0.299,0.361,0.575,0.508,-0.57,-0.42,0.121,-0.125,-0.544,-0.431,0.021,-0.542,-0.51,0.373,-0.077,-0.105,0.476,-0.603,-0.043,0.499,-0.288,-0.339,0.123,0.207,0.505,0.593,0.329,0.632,0.174,-0.053,0.274,0.58,0.65,0.454,0.034,0.539,-0.509,0.536,0.585,0.581,0.481,-0.201,0.59,0.67,0.676,0.447,0.488,-0.565,-0.162,-0.044,0.053,0.413,-0.519,-0.543,-0.304,-0.529,0.163,0.167,0.414
AVGO,-0.261,0.088,-0.198,0.41,0.476,-0.263,0.001,0.027,1.0,-0.197,0.133,-0.084,0.208,0.235,-0.149,0.029,0.389,0.128,0.47,-0.139,-0.066,-0.402,0.293,0.152,0.213,0.431,0.411,-0.382,-0.324,-0.144,-0.153,0.071,0.288,0.074,0.132,-0.036,0.236,0.128,0.049,-0.111,0.236,-0.317,-0.302,0.248,0.02,0.132,0.577,-0.423,-0.066,-0.084,0.208,0.716,0.016,0.207,0.337,-0.065,0.063,0.071,-0.011,0.648,-0.299,0.006,0.546,-0.071,-0.127,0.434,0.117,-0.247,0.043,-0.2,-0.157,-0.133,-0.046,-0.085,-0.322,0.631,0.005,0.198,-0.104,0.214,-0.029,-0.209,0.403,-0.045,0.276,-0.272,0.055,0.025,0.055,0.637,0.289,0.721,-0.247,0.171,-0.057,0.094,-0.03,-0.083,0.366,0.401
AZN,-0.383,0.523,0.434,-0.581,-0.101,-0.19,-0.515,-0.247,-0.197,1.0,-0.493,-0.213,0.203,-0.13,-0.36,0.38,-0.56,-0.472,0.129,0.538,0.076,0.473,-0.207,0.304,0.161,-0.023,0.046,0.438,0.144,-0.559,0.517,-0.014,0.023,-0.252,0.061,-0.53,-0.175,-0.597,-0.486,-0.174,-0.303,0.005,-0.114,-0.532,-0.383,-0.149,-0.0,0.204,-0.136,-0.043,-0.206,-0.346,0.545,-0.217,-0.506,-0.361,0.156,-0.564,0.272,-0.092,-0.134,-0.305,-0.151,-0.058,-0.012,-0.489,-0.368,-0.414,-0.281,-0.369,0.372,-0.586,-0.424,-0.19,-0.181,-0.112,-0.409,-0.255,-0.351,-0.508,-0.489,-0.169,-0.427,-0.519,-0.612,-0.007,-0.373,-0.392,0.298,-0.175,-0.441,-0.166,-0.326,0.275,0.057,-0.214,0.253,-0.314,-0.605,-0.497
BIDU,0.416,-0.388,-0.196,0.564,-0.325,0.417,0.467,0.639,0.133,-0.493,1.0,0.857,-0.457,-0.234,0.389,-0.616,0.619,0.603,-0.462,-0.488,-0.4,-0.295,0.603,-0.607,-0.417,-0.367,-0.439,-0.364,0.349,0.678,-0.657,-0.271,-0.347,-0.138,-0.527,0.311,0.605,0.634,0.833,0.366,0.842,0.12,0.156,0.631,0.487,-0.29,-0.282,-0.036,-0.062,-0.354,-0.157,0.179,-0.491,-0.244,0.489,0.152,-0.224,0.775,-0.379,0.108,0.264,-0.001,-0.26,0.083,0.149,0.54,0.5,0.342,0.891,0.328,-0.395,0.512,0.445,0.493,0.346,-0.005,0.517,-0.225,0.548,0.652,0.503,0.318,-0.029,0.784,0.857,0.597,0.486,0.466,-0.566,0.007,0.149,0.091,0.304,-0.531,-0.474,-0.084,-0.61,0.257,0.419,0.419
BILI,0.46,-0.277,-0.06,0.279,-0.57,0.58,0.351,0.697,-0.084,-0.213,0.857,1.0,-0.485,-0.476,0.495,-0.592,0.452,0.527,-0.583,-0.356,-0.5,-0.048,0.594,-0.695,-0.506,-0.596,-0.621,-0.17,0.531,0.604,-0.597,-0.32,-0.496,-0.256,-0.703,0.252,0.595,0.423,0.724,0.386,0.722,0.373,0.403,0.433,0.515,-0.511,-0.534,0.232,-0.015,-0.381,-0.448,-0.132,-0.414,-0.477,0.209,0.023,-0.225,0.632,-0.431,-0.135,0.448,-0.182,-0.519,0.057,0.331,0.345,0.452,0.339,0.875,0.303,-0.1,0.37,0.534,0.603,0.511,-0.197,0.506,-0.447,0.67,0.525,0.538,0.529,-0.437,0.693,0.672,0.801,0.363,0.49,-0.575,-0.295,-0.049,-0.148,0.414,-0.584,-0.55,-0.271,-0.61,0.164,0.058,0.175
BKR,-0.377,0.207,0.437,-0.433,0.383,-0.531,-0.072,-0.405,0.208,0.203,-0.457,-0.485,1.0,0.6,-0.325,0.658,-0.492,-0.579,0.551,0.462,0.498,-0.089,-0.218,0.606,0.742,0.673,0.468,-0.002,-0.499,-0.465,0.425,0.445,0.741,0.436,0.501,-0.127,-0.084,-0.296,-0.597,-0.15,-0.172,-0.491,-0.426,-0.561,-0.315,0.567,0.487,-0.3,0.069,0.476,0.314,0.092,0.453,0.567,-0.41,0.089,0.275,-0.399,0.25,0.143,-0.374,0.191,0.408,0.12,-0.244,-0.262,-0.645,-0.311,-0.404,-0.239,0.109,-0.177,-0.337,-0.555,-0.628,0.367,-0.617,0.599,-0.471,-0.43,-0.413,-0.496,0.315,-0.294,-0.452,-0.377,0.08,-0.199,0.505,0.462,0.305,0.286,-0.267,0.673,0.608,0.271,0.659,0.174,-0.155,-0.19
CAN,-0.325,0.056,0.252,-0.156,0.59,-0.649,-0.069,-0.48,0.235,-0.13,-0.234,-0.476,0.6,1.0,-0.377,0.308,-0.341,-0.399,0.48,0.331,0.721,-0.47,-0.024,0.501,0.719,0.645,0.672,-0.141,-0.535,-0.244,0.207,0.32,0.588,0.649,0.685,-0.004,0.122,0.21,-0.43,-0.015,0.086,-0.548,-0.623,-0.302,-0.346,0.911,0.7,-0.587,-0.091,0.589,0.717,0.257,0.289,0.883,-0.068,0.448,0.05,-0.222,0.537,0.435,-0.537,0.655,0.658,0.229,-0.411,0.006,-0.515,-0.306,-0.192,-0.001,-0.443,0.099,-0.45,-0.578,-0.589,0.311,-0.512,0.887,-0.609,-0.23,-0.515,-0.67,0.651,-0.151,-0.266,-0.566,0.048,-0.281,0.506,0.617,0.282,0.334,-0.288,0.639,0.756,0.68,0.511,0.09,0.276,0.021
CHRD,0.752,-0.365,-0.077,0.103,-0.413,0.561,0.714,0.454,-0.149,-0.36,0.389,0.495,-0.325,-0.377,1.0,-0.26,0.335,0.48,-0.422,-0.215,-0.254,0.007,0.31,-0.465,-0.297,-0.462,-0.53,0.08,0.31,0.668,-0.393,-0.12,-0.378,0.074,-0.339,0.688,0.148,0.316,0.43,0.535,0.206,0.494,0.593,0.23,0.693,-0.304,-0.436,0.244,0.199,-0.194,-0.305,-0.141,-0.483,-0.262,0.084,0.17,-0.191,0.588,-0.265,-0.208,0.558,-0.019,-0.489,0.108,0.641,0.342,0.373,0.608,0.37,0.514,0.055,0.45,0.73,0.492,0.493,-0.201,0.563,-0.159,0.532,0.39,0.696,0.579,-0.213,0.556,0.434,0.412,0.339,0.617,-0.377,-0.408,0.181,-0.104,0.835,-0.403,-0.215,-0.135,-0.268,0.361,0.087,0.234
CMCSA,-0.352,0.421,0.513,-0.527,0.235,-0.228,-0.258,-0.399,0.029,0.38,-0.616,-0.592,0.658,0.308,-0.26,1.0,-0.583,-0.608,0.487,0.511,0.414,0.174,-0.257,0.636,0.632,0.615,0.383,0.355,-0.169,-0.628,0.649,0.44,0.487,0.306,0.533,-0.109,-0.391,-0.49,-0.679,-0.007,-0.428,-0.199,-0.268,-0.525,-0.343,0.324,0.307,0.025,0.202,0.416,0.013,-0.087,0.548,0.301,-0.558,-0.015,0.19,-0.561,0.219,-0.053,-0.075,-0.023,0.197,0.218,-0.001,-0.433,-0.627,-0.198,-0.514,-0.173,0.313,-0.427,-0.295,-0.508,-0.234,0.299,-0.542,0.314,-0.489,-0.555,-0.353,-0.307,0.07,-0.478,-0.476,-0.314,-0.148,-0.136,0.64,0.279,-0.058,0.006,-0.218,0.647,0.482,0.193,0.69,0.133,-0.378,-0.328
CPRT,0.297,-0.428,-0.671,0.789,-0.047,0.381,0.335,0.577,0.389,-0.56,0.619,0.452,-0.492,-0.341,0.335,-0.583,1.0,0.692,-0.255,-0.736,-0.517,-0.303,0.324,-0.521,-0.503,-0.305,-0.279,-0.589,0.167,0.574,-0.636,-0.325,-0.333,-0.26,-0.528,0.242,0.181,0.516,0.713,-0.03,0.38,0.147,0.23,0.723,0.398,-0.373,-0.164,-0.114,-0.106,-0.515,-0.121,0.406,-0.583,-0.257,0.729,-0.121,-0.062,0.605,-0.476,0.188,0.195,-0.162,-0.033,-0.08,0.018,0.654,0.774,0.325,0.413,0.085,-0.224,0.353,0.427,0.602,0.23,0.063,0.714,-0.316,0.532,0.752,0.597,0.414,0.092,0.488,0.756,0.222,0.321,0.404,-0.649,0.057,0.256,0.305,0.272,-0.544,-0.592,-0.238,-0.647,0.099,0.529,0.609
CRWD,0.55,-0.398,-0.521,0.678,-0.297,0.538,0.287,0.545,0.128,-0.472,0.603,0.527,-0.579,-0.399,0.48,-0.608,0.692,1.0,-0.387,-0.515,-0.437,-0.194,0.32,-0.628,-0.503,-0.513,-0.359,-0.317,0.326,0.613,-0.58,-0.179,-0.364,-0.296,-0.513,0.195,0.242,0.47,0.664,0.165,0.325,0.234,0.201,0.708,0.346,-0.392,-0.367,0.037,0.19,-0.445,0.022,0.194,-0.472,-0.304,0.617,0.009,0.074,0.567,-0.398,0.137,0.319,-0.049,-0.298,0.04,0.101,0.583,0.814,0.369,0.438,0.259,-0.265,0.412,0.376,0.663,0.431,-0.152,0.585,-0.299,0.607,0.625,0.62,0.556,-0.016,0.505,0.623,0.301,0.255,0.379,-0.547,-0.204,0.278,0.197,0.464,-0.539,-0.563,-0.105,-0.626,0.085,0.423,0.584
CSCO,-0.491,0.466,0.148,-0.216,0.583,-0.522,-0.237,-0.538,0.47,0.129,-0.462,-0.583,0.551,0.48,-0.422,0.487,-0.255,-0.387,1.0,0.379,0.398,-0.195,-0.041,0.637,0.555,0.557,0.627,0.065,-0.544,-0.603,0.394,0.504,0.671,0.356,0.58,-0.184,-0.164,-0.246,-0.557,-0.183,-0.239,-0.458,-0.424,-0.368,-0.336,0.423,0.628,-0.263,0.076,0.364,0.3,0.397,0.508,0.461,-0.181,-0.073,0.124,-0.402,0.357,0.446,-0.456,0.178,0.568,0.029,-0.205,-0.18,-0.38,-0.408,-0.461,-0.268,0.047,-0.381,-0.362,-0.475,-0.535,0.381,-0.459,0.404,-0.491,-0.2,-0.454,-0.397,0.336,-0.392,-0.314,-0.601,-0.139,-0.171,0.526,0.543,0.214,0.373,-0.429,0.657,0.374,0.231,0.499,-0.081,-0.029,-0.129
CSX,-0.204,0.56,0.693,-0.667,-0.062,-0.367,-0.299,-0.547,-0.139,0.538,-0.488,-0.356,0.462,0.331,-0.215,0.511,-0.736,-0.515,0.379,1.0,0.491,0.196,-0.103,0.543,0.638,0.199,0.298,0.717,-0.131,-0.489,0.582,0.376,0.259,0.371,0.528,-0.086,-0.006,-0.514,-0.627,0.24,-0.251,-0.171,-0.266,-0.656,-0.34,0.342,0.276,0.094,0.033,0.496,0.175,-0.354,0.569,0.256,-0.638,0.068,-0.055,-0.382,0.571,-0.058,-0.155,0.254,0.013,0.034,0.013,-0.518,-0.645,-0.385,-0.311,-0.069,0.124,-0.301,-0.325,-0.586,-0.269,-0.112,-0.692,0.327,-0.562,-0.662,-0.574,-0.336,-0.061,-0.485,-0.616,-0.314,-0.406,-0.319,0.669,0.023,-0.207,-0.182,-0.16,0.57,0.497,0.178,0.738,-0.119,-0.408,-0.622
DKNG,-0.154,0.19,0.476,-0.456,0.288,-0.495,-0.102,-0.56,-0.066,0.076,-0.4,-0.5,0.498,0.721,-0.254,0.414,-0.517,-0.437,0.398,0.491,1.0,-0.07,-0.161,0.554,0.676,0.461,0.478,0.19,-0.322,-0.27,0.389,0.341,0.464,0.787,0.726,0.148,-0.071,0.048,-0.51,0.15,-0.151,-0.386,-0.452,-0.533,-0.349,0.788,0.485,-0.41,0.052,0.756,0.523,-0.072,0.426,0.656,-0.316,0.537,0.085,-0.238,0.673,0.191,-0.31,0.67,0.324,0.325,-0.165,-0.18,-0.533,-0.159,-0.324,0.238,-0.324,0.107,-0.487,-0.598,-0.397,0.067,-0.508,0.671,-0.577,-0.327,-0.466,-0.544,0.41,-0.282,-0.438,-0.476,-0.094,-0.271,0.534,0.254,0.133,0.002,-0.137,0.599,0.804,0.582,0.639,0.053,0.075,-0.296
EBAY,0.094,0.296,0.257,-0.384,-0.488,0.31,-0.134,-0.09,-0.402,0.473,-0.295,-0.048,-0.089,-0.47,0.007,0.174,-0.303,-0.194,-0.195,0.196,-0.07,1.0,-0.378,0.058,-0.181,-0.314,-0.346,0.559,0.306,-0.152,0.387,0.059,-0.184,-0.216,-0.194,-0.194,-0.438,-0.573,-0.171,0.026,-0.445,0.416,0.422,-0.357,-0.053,-0.332,-0.451,0.621,0.133,-0.013,-0.517,-0.551,0.27,-0.401,-0.48,-0.335,-0.04,-0.248,-0.005,-0.597,0.442,-0.459,-0.568,-0.035,0.323,-0.532,-0.024,-0.093,-0.263,-0.01,0.557,-0.283,-0.027,0.004,0.256,-0.331,-0.004,-0.342,0.132,-0.299,0.002,0.216,-0.534,-0.294,-0.328,0.191,-0.328,-0.047,-0.005,-0.585,-0.386,-0.564,0.078,-0.258,-0.123,-0.498,0.145,-0.217,-0.586,-0.566
ERIC,0.125,-0.077,0.039,0.255,-0.046,0.253,0.259,0.401,0.293,-0.207,0.603,0.594,-0.218,-0.024,0.31,-0.257,0.324,0.32,-0.041,-0.103,-0.161,-0.378,1.0,-0.425,-0.081,-0.065,-0.106,-0.119,0.171,0.314,-0.449,-0.108,-0.215,0.093,-0.19,0.223,0.569,0.457,0.383,0.395,0.694,0.064,0.085,0.416,0.424,-0.148,0.023,-0.037,-0.078,-0.091,-0.091,0.233,-0.256,-0.156,0.225,0.132,-0.41,0.482,-0.026,0.211,0.113,0.141,-0.011,0.061,0.231,0.317,0.224,0.04,0.697,0.139,-0.305,0.282,0.394,0.29,0.259,0.223,0.236,-0.088,0.201,0.465,0.166,0.23,-0.032,0.452,0.565,0.316,0.243,0.463,-0.112,0.242,0.087,0.155,0.122,-0.055,-0.168,0.213,-0.257,0.098,0.234,0.276
EXC,-0.503,0.445,0.442,-0.455,0.417,-0.606,-0.345,-0.663,0.152,0.304,-0.607,-0.695,0.606,0.501,-0.465,0.636,-0.521,-0.628,0.637,0.543,0.554,0.058,-0.425,1.0,0.668,0.61,0.59,0.235,-0.405,-0.643,0.746,0.378,0.603,0.395,0.734,-0.094,-0.32,-0.39,-0.684,-0.158,-0.334,-0.454,-0.439,-0.674,-0.398,0.51,0.558,-0.256,-0.042,0.434,0.33,0.128,0.59,0.497,-0.442,0.055,0.155,-0.53,0.484,0.226,-0.404,0.218,0.455,0.112,-0.237,-0.326,-0.69,-0.311,-0.568,-0.167,0.147,-0.365,-0.475,-0.693,-0.561,0.234,-0.614,0.457,-0.667,-0.546,-0.466,-0.634,0.273,-0.55,-0.499,-0.507,-0.202,-0.336,0.629,0.404,-0.023,0.051,-0.425,0.676,0.591,0.231,0.725,-0.017,-0.22,-0.379
FITB,-0.27,0.265,0.576,-0.401,0.377,-0.429,-0.152,-0.376,0.213,0.161,-0.417,-0.506,0.742,0.719,-0.297,0.632,-0.503,-0.503,0.555,0.638,0.676,-0.181,-0.081,0.668,1.0,0.643,0.711,0.207,-0.334,-0.479,0.498,0.377,0.53,0.628,0.768,0.027,0.064,-0.15,-0.64,0.144,-0.073,-0.443,-0.582,-0.536,-0.367,0.669,0.631,-0.447,0.009,0.576,0.415,0.026,0.452,0.628,-0.431,0.313,0.113,-0.299,0.503,0.364,-0.213,0.481,0.51,0.405,-0.226,-0.128,-0.689,-0.308,-0.32,-0.013,-0.187,-0.153,-0.329,-0.618,-0.442,0.259,-0.696,0.633,-0.711,-0.456,-0.462,-0.631,0.382,-0.352,-0.401,-0.459,-0.08,-0.187,0.76,0.53,0.083,0.184,-0.182,0.835,0.684,0.543,0.807,0.063,-0.094,-0.256
FLEX,-0.597,0.119,0.213,-0.096,0.765,-0.587,-0.18,-0.35,0.431,-0.023,-0.367,-0.596,0.673,0.645,-0.462,0.615,-0.305,-0.513,0.557,0.199,0.461,-0.314,-0.065,0.61,0.643,1.0,0.676,-0.137,-0.501,-0.453,0.427,0.226,0.638,0.373,0.694,-0.129,-0.104,-0.084,-0.482,-0.233,-0.055,-0.628,-0.553,-0.207,-0.271,0.527,0.718,-0.445,-0.146,0.345,0.445,0.495,0.268,0.497,-0.094,0.141,0.055,-0.352,0.342,0.356,-0.519,0.271,0.715,0.112,-0.398,-0.074,-0.507,-0.39,-0.326,-0.289,-0.105,-0.183,-0.36,-0.591,-0.566,0.696,-0.496,0.519,-0.624,-0.265,-0.478,-0.664,0.645,-0.297,-0.222,-0.506,0.098,-0.228,0.525,0.761,0.229,0.387,-0.527,0.606,0.601,0.47,0.578,0.025,0.132,0.091
FTNT,-0.461,0.247,0.152,-0.055,0.714,-0.509,-0.326,-0.448,0.411,0.046,-0.439,-0.621,0.468,0.672,-0.53,0.383,-0.279,-0.359,0.627,0.298,0.478,-0.346,-0.106,0.59,0.711,0.676,1.0,-0.078,-0.43,-0.593,0.397,0.273,0.489,0.306,0.757,-0.254,-0.018,-0.045,-0.52,-0.152,-0.15,-0.506,-0.653,-0.244,-0.456,0.564,0.838,-0.586,-0.073,0.346,0.579,0.437,0.349,0.591,-0.022,0.171,0.136,-0.444,0.526,0.584,-0.409,0.445,0.866,0.326,-0.424,0.004,-0.513,-0.431,-0.407,-0.179,-0.296,-0.345,-0.475,-0.572,-0.471,0.336,-0.594,0.478,-0.67,-0.394,-0.521,-0.707,0.52,-0.479,-0.378,-0.665,-0.22,-0.331,0.722,0.693,0.132,0.337,-0.44,0.729,0.483,0.614,0.545,-0.215,0.165,0.007
GEN,0.103,0.357,0.514,-0.57,-0.359,0.068,-0.08,-0.322,-0.382,0.438,-0.364,-0.17,-0.002,-0.141,0.08,0.355,-0.589,-0.317,0.065,0.717,0.19,0.559,-0.119,0.235,0.207,-0.137,-0.078,1.0,0.153,-0.284,0.502,0.169,-0.123,0.146,0.285,0.075,-0.227,-0.576,-0.312,0.329,-0.344,0.236,0.213,-0.467,-0.023,-0.083,-0.137,0.47,0.101,0.239,-0.239,-0.508,0.24,-0.18,-0.616,-0.067,-0.307,-0.24,0.344,-0.445,0.255,-0.054,-0.361,-0.004,0.358,-0.565,-0.309,-0.155,-0.249,0.124,0.325,-0.247,0.022,-0.255,0.169,-0.258,-0.257,-0.047,-0.206,-0.436,-0.251,-0.007,-0.31,-0.339,-0.436,-0.041,-0.395,-0.013,0.389,-0.381,-0.373,-0.516,0.117,0.141,0.204,-0.111,0.507,-0.17,-0.506,-0.648
GERN,0.385,0.04,0.119,0.042,-0.54,0.656,-0.021,0.45,-0.324,0.144,0.349,0.531,-0.499,-0.535,0.31,-0.169,0.167,0.326,-0.544,-0.131,-0.322,0.306,0.171,-0.405,-0.334,-0.501,-0.43,0.153,1.0,0.218,-0.029,-0.198,-0.535,-0.326,-0.458,0.056,0.12,0.177,0.275,0.4,0.155,0.462,0.359,0.183,0.178,-0.482,-0.561,0.378,0.074,-0.29,-0.418,-0.338,-0.057,-0.502,-0.029,-0.044,-0.015,0.208,-0.193,-0.277,0.572,-0.272,-0.566,0.296,0.274,0.106,0.255,0.352,0.419,0.266,0.121,0.066,0.278,0.484,0.615,-0.462,0.366,-0.567,0.426,0.127,0.355,0.383,-0.525,0.188,0.283,0.488,-0.014,0.257,-0.22,-0.449,-0.388,-0.394,0.365,-0.359,-0.442,-0.311,-0.252,0.002,-0.176,-0.101
GEVO,0.616,-0.552,-0.325,0.51,-0.362,0.388,0.603,0.556,-0.144,-0.559,0.678,0.604,-0.465,-0.244,0.668,-0.628,0.574,0.613,-0.603,-0.489,-0.27,-0.152,0.314,-0.643,-0.479,-0.453,-0.593,-0.284,0.218,1.0,-0.626,-0.325,-0.396,-0.008,-0.464,0.512,0.296,0.561,0.727,0.291,0.452,0.252,0.357,0.544,0.554,-0.24,-0.407,0.033,-0.115,-0.289,-0.06,-0.045,-0.628,-0.239,0.493,0.25,-0.214,0.834,-0.367,-0.133,0.285,0.116,-0.371,-0.027,0.197,0.452,0.607,0.523,0.58,0.383,-0.313,0.745,0.502,0.505,0.304,-0.162,0.614,-0.116,0.508,0.603,0.621,0.469,0.082,0.772,0.65,0.436,0.537,0.399,-0.706,-0.312,0.24,-0.007,0.561,-0.614,-0.24,-0.091,-0.534,0.321,0.463,0.347
GILD,-0.501,0.531,0.477,-0.562,0.237,-0.29,-0.47,-0.547,-0.153,0.517,-0.657,-0.597,0.425,0.207,-0.393,0.649,-0.636,-0.58,0.394,0.582,0.389,0.387,-0.449,0.746,0.498,0.427,0.397,0.502,-0.029,-0.626,1.0,0.316,0.415,0.102,0.585,-0.298,-0.431,-0.564,-0.658,-0.121,-0.444,-0.211,-0.263,-0.629,-0.464,0.168,0.214,0.103,0.014,0.254,0.142,-0.125,0.613,0.099,-0.553,-0.208,0.034,-0.601,0.475,-0.122,-0.134,-0.041,0.127,0.224,-0.167,-0.602,-0.581,-0.398,-0.513,-0.305,0.322,-0.44,-0.451,-0.579,-0.263,0.054,-0.524,0.12,-0.568,-0.633,-0.544,-0.435,0.008,-0.61,-0.622,-0.323,-0.239,-0.375,0.604,0.055,-0.166,-0.307,-0.375,0.478,0.473,0.079,0.718,-0.209,-0.49,-0.52
GOOG,-0.039,0.491,0.387,-0.314,0.036,-0.027,-0.096,-0.483,0.071,-0.014,-0.271,-0.32,0.445,0.32,-0.12,0.44,-0.325,-0.179,0.504,0.376,0.341,0.059,-0.108,0.378,0.377,0.226,0.273,0.169,-0.198,-0.325,0.316,1.0,0.715,0.275,0.266,-0.06,-0.259,-0.146,-0.422,0.32,-0.263,0.01,-0.202,-0.288,-0.282,0.404,0.197,0.124,0.703,0.54,0.179,0.001,0.65,0.497,-0.322,0.105,0.272,-0.248,0.175,0.012,0.074,0.162,0.071,0.257,0.05,-0.249,-0.42,-0.101,-0.244,0.058,0.191,-0.165,-0.194,-0.369,0.025,-0.017,-0.437,0.443,-0.061,-0.42,-0.206,0.023,-0.013,-0.139,-0.235,-0.283,-0.034,-0.096,0.54,0.131,0.318,0.021,0.023,0.448,0.303,0.219,0.372,0.21,-0.163,-0.19
GOOGL,-0.405,0.26,0.264,-0.243,0.519,-0.48,-0.157,-0.473,0.288,0.023,-0.347,-0.496,0.741,0.588,-0.378,0.487,-0.333,-0.364,0.671,0.259,0.464,-0.184,-0.215,0.603,0.53,0.638,0.489,-0.123,-0.535,-0.396,0.415,0.715,1.0,0.297,0.487,-0.186,-0.219,-0.119,-0.468,-0.118,-0.111,-0.492,-0.504,-0.332,-0.354,0.534,0.501,-0.27,0.337,0.404,0.398,0.348,0.571,0.616,-0.164,0.064,0.367,-0.365,0.225,0.287,-0.409,0.216,0.458,0.211,-0.311,-0.137,-0.457,-0.295,-0.325,-0.206,0.045,-0.192,-0.421,-0.544,-0.485,0.418,-0.536,0.573,-0.342,-0.331,-0.391,-0.345,0.382,-0.129,-0.296,-0.364,0.278,-0.287,0.459,0.463,0.501,0.361,-0.31,0.572,0.495,0.295,0.442,0.198,0.011,0.004
GT,0.099,0.008,0.383,-0.314,0.159,-0.326,0.254,-0.358,0.074,-0.252,-0.138,-0.256,0.436,0.649,0.074,0.306,-0.26,-0.296,0.356,0.371,0.787,-0.216,0.093,0.395,0.628,0.373,0.306,0.146,-0.326,-0.008,0.102,0.275,0.297,1.0,0.586,0.544,0.113,0.227,-0.311,0.338,0.037,-0.216,-0.163,-0.414,0.033,0.744,0.397,-0.349,0.019,0.787,0.36,-0.055,0.111,0.624,-0.287,0.662,-0.146,0.095,0.451,0.155,-0.132,0.704,0.256,0.265,0.051,0.001,-0.423,0.059,-0.105,0.389,-0.276,0.381,-0.053,-0.375,-0.269,0.124,-0.258,0.699,-0.355,-0.047,-0.136,-0.364,0.403,-0.02,-0.112,-0.358,0.038,0.126,0.363,0.252,0.149,0.051,0.123,0.513,0.718,0.54,0.546,0.242,0.168,-0.208
HBAN,-0.336,0.196,0.386,-0.325,0.59,-0.594,-0.15,-0.582,0.132,0.061,-0.527,-0.703,0.501,0.685,-0.339,0.533,-0.528,-0.513,0.58,0.528,0.726,-0.194,-0.19,0.734,0.768,0.694,0.757,0.285,-0.458,-0.464,0.585,0.266,0.487,0.586,1.0,0.088,-0.149,-0.15,-0.576,-0.006,-0.221,-0.51,-0.543,-0.472,-0.319,0.643,0.705,-0.467,-0.124,0.529,0.568,0.226,0.309,0.561,-0.236,0.335,-0.073,-0.368,0.658,0.325,-0.401,0.547,0.637,0.21,-0.219,-0.218,-0.601,-0.255,-0.47,-0.014,-0.255,-0.16,-0.375,-0.738,-0.488,0.337,-0.592,0.589,-0.78,-0.428,-0.493,-0.717,0.586,-0.441,-0.459,-0.614,-0.135,-0.322,0.721,0.485,0.077,0.104,-0.292,0.71,0.742,0.594,0.763,0.004,0.079,-0.213
HST,0.628,-0.415,0.082,0.003,-0.198,0.209,0.697,0.176,-0.036,-0.53,0.311,0.252,-0.127,-0.004,0.688,-0.109,0.242,0.195,-0.184,-0.086,0.148,-0.194,0.223,-0.094,0.027,-0.129,-0.254,0.075,0.056,0.512,-0.298,-0.06,-0.186,0.544,0.088,1.0,0.16,0.409,0.279,0.556,0.23,0.185,0.387,0.009,0.671,0.115,-0.095,-0.04,0.054,0.194,-0.097,-0.031,-0.433,0.104,0.004,0.529,-0.265,0.57,-0.073,-0.05,0.337,0.343,-0.155,0.12,0.525,0.384,0.103,0.665,0.254,0.658,-0.107,0.516,0.647,0.115,0.248,-0.007,0.363,0.171,0.228,0.33,0.576,0.222,0.085,0.462,0.38,0.209,0.336,0.497,-0.179,-0.112,0.113,-0.075,0.685,-0.1,0.153,0.122,0.016,0.524,0.247,0.124
INTC,0.127,-0.13,0.092,0.23,-0.081,0.008,0.121,0.339,0.236,-0.175,0.605,0.595,-0.084,0.122,0.148,-0.391,0.181,0.242,-0.164,-0.006,-0.071,-0.438,0.569,-0.32,0.064,-0.104,-0.018,-0.227,0.12,0.296,-0.431,-0.259,-0.219,0.113,-0.149,0.16,1.0,0.45,0.388,0.277,0.702,-0.151,-0.143,0.253,0.144,0.024,0.105,-0.292,-0.219,-0.077,0.079,0.126,-0.213,0.012,0.234,0.303,-0.111,0.412,0.031,0.368,-0.042,0.279,0.055,0.112,-0.072,0.363,0.074,-0.021,0.658,0.158,-0.467,0.282,0.115,0.15,0.002,0.045,0.007,0.02,0.049,0.287,0.053,-0.064,0.063,0.405,0.35,0.29,0.203,0.151,-0.153,0.177,-0.049,0.269,0.059,-0.067,-0.123,0.184,-0.207,0.07,0.315,0.202
IOVA,0.352,-0.404,-0.259,0.461,0.134,0.166,0.394,0.385,0.128,-0.597,0.634,0.423,-0.296,0.21,0.316,-0.49,0.516,0.47,-0.246,-0.514,0.048,-0.573,0.457,-0.39,-0.15,-0.084,-0.045,-0.576,0.177,0.561,-0.564,-0.146,-0.119,0.227,-0.15,0.409,0.45,1.0,0.464,0.334,0.615,-0.015,-0.015,0.461,0.352,0.177,0.047,-0.349,-0.036,-0.023,0.257,0.342,-0.364,0.206,0.519,0.535,-0.032,0.568,-0.038,0.377,0.046,0.435,0.126,0.294,-0.025,0.691,0.306,0.411,0.609,0.461,-0.572,0.621,0.234,0.352,0.191,0.027,0.397,0.111,0.264,0.585,0.363,0.127,0.289,0.666,0.623,0.159,0.48,0.295,-0.319,0.149,0.205,0.24,0.302,-0.144,-0.053,0.33,-0.414,0.305,0.629,0.532
IQ,0.444,-0.505,-0.442,0.69,-0.356,0.463,0.454,0.658,0.049,-0.486,0.833,0.724,-0.597,-0.43,0.43,-0.679,0.713,0.664,-0.557,-0.627,-0.51,-0.171,0.383,-0.684,-0.64,-0.482,-0.52,-0.312,0.275,0.727,-0.658,-0.422,-0.468,-0.311,-0.576,0.279,0.388,0.464,1.0,0.156,0.577,0.198,0.326,0.728,0.525,-0.494,-0.333,0.051,-0.114,-0.541,-0.208,0.178,-0.674,-0.426,0.66,-0.022,-0.226,0.674,-0.49,-0.073,0.298,-0.177,-0.317,-0.072,0.176,0.45,0.708,0.364,0.677,0.242,-0.286,0.467,0.474,0.57,0.356,-0.056,0.672,-0.388,0.606,0.676,0.553,0.43,-0.05,0.687,0.739,0.564,0.446,0.422,-0.748,-0.195,0.127,0.057,0.359,-0.736,-0.548,-0.243,-0.711,0.153,0.489,0.431
JBLU,0.589,0.111,0.521,-0.127,-0.424,0.443,0.394,0.161,-0.111,-0.174,0.366,0.386,-0.15,-0.015,0.535,-0.007,-0.03,0.165,-0.183,0.24,0.15,0.026,0.395,-0.158,0.144,-0.233,-0.152,0.329,0.4,0.291,-0.121,0.32,-0.118,0.338,-0.006,0.556,0.277,0.334,0.156,1.0,0.315,0.436,0.217,0.001,0.364,0.056,-0.094,0.196,0.322,0.303,-0.164,-0.233,0.062,0.076,-0.189,0.441,-0.21,0.394,0.097,-0.062,0.57,0.258,-0.312,0.406,0.583,0.231,-0.112,0.353,0.481,0.637,-0.079,0.29,0.415,0.081,0.525,-0.226,0.055,0.067,0.224,-0.002,0.27,0.28,-0.222,0.364,0.313,0.287,0.124,0.359,0.187,-0.147,-0.052,-0.244,0.62,0.021,0.068,0.176,0.103,0.318,0.013,-0.108
JD,0.122,-0.3,0.049,0.345,-0.031,0.123,0.29,0.536,0.236,-0.303,0.842,0.722,-0.172,0.086,0.206,-0.428,0.38,0.325,-0.239,-0.251,-0.151,-0.445,0.694,-0.334,-0.073,-0.055,-0.15,-0.344,0.155,0.452,-0.444,-0.263,-0.111,0.037,-0.221,0.23,0.702,0.615,0.577,0.315,1.0,-0.112,-0.082,0.375,0.384,-0.079,0.013,-0.247,-0.229,-0.194,0.016,0.277,-0.316,-0.058,0.315,0.224,-0.26,0.576,-0.101,0.306,0.024,0.173,0.01,0.158,0.028,0.495,0.214,0.108,0.894,0.188,-0.446,0.413,0.281,0.226,0.08,0.243,0.237,-0.037,0.213,0.513,0.214,0.035,0.089,0.657,0.691,0.526,0.549,0.328,-0.308,0.261,0.132,0.178,0.091,-0.201,-0.151,0.123,-0.335,0.235,0.327,0.35
KDP,0.452,0.049,0.021,-0.073,-0.619,0.687,0.15,0.299,-0.317,0.005,0.12,0.373,-0.491,-0.548,0.494,-0.199,0.147,0.234,-0.458,-0.171,-0.386,0.416,0.064,-0.454,-0.443,-0.628,-0.506,0.236,0.462,0.252,-0.211,0.01,-0.492,-0.216,-0.51,0.185,-0.151,-0.015,0.198,0.436,-0.112,1.0,0.679,0.069,0.32,-0.445,-0.585,0.6,0.288,-0.067,-0.595,-0.504,-0.141,-0.429,-0.206,-0.132,-0.253,0.132,-0.303,-0.524,0.728,-0.365,-0.59,-0.01,0.649,-0.019,0.226,0.289,0.228,0.216,0.427,0.073,0.491,0.478,0.757,-0.417,0.421,-0.423,0.564,0.101,0.448,0.655,-0.655,0.133,0.184,0.412,-0.158,0.321,-0.172,-0.598,-0.3,-0.545,0.53,-0.426,-0.352,-0.309,-0.321,-0.028,-0.38,-0.162
KHC,0.496,-0.214,-0.14,-0.066,-0.499,0.567,0.39,0.361,-0.302,-0.114,0.156,0.403,-0.426,-0.623,0.593,-0.268,0.23,0.201,-0.424,-0.266,-0.452,0.422,0.085,-0.439,-0.582,-0.553,-0.653,0.213,0.359,0.357,-0.263,-0.202,-0.504,-0.163,-0.543,0.387,-0.143,-0.015,0.326,0.217,-0.082,0.679,1.0,0.054,0.69,-0.513,-0.637,0.695,0.077,-0.18,-0.627,-0.319,-0.392,-0.509,-0.123,-0.104,-0.323,0.212,-0.365,-0.608,0.594,-0.358,-0.629,-0.19,0.622,0.012,0.366,0.381,0.184,0.282,0.599,0.151,0.699,0.492,0.534,-0.287,0.613,-0.45,0.68,0.277,0.506,0.645,-0.559,0.254,0.209,0.457,0.014,0.51,-0.449,-0.653,-0.223,-0.443,0.547,-0.549,-0.29,-0.506,-0.286,0.049,-0.238,-0.056
LRCX,0.23,-0.401,-0.61,0.877,-0.038,0.401,0.202,0.575,0.248,-0.532,0.631,0.433,-0.561,-0.302,0.23,-0.525,0.723,0.708,-0.368,-0.656,-0.533,-0.357,0.416,-0.674,-0.536,-0.207,-0.244,-0.467,0.183,0.544,-0.629,-0.288,-0.332,-0.414,-0.472,0.009,0.253,0.461,0.728,0.001,0.375,0.069,0.054,1.0,0.259,-0.393,-0.148,-0.01,0.033,-0.539,-0.037,0.369,-0.529,-0.299,0.814,-0.129,-0.049,0.481,-0.504,0.132,0.133,-0.158,-0.034,-0.067,-0.082,0.493,0.717,0.171,0.453,0.03,-0.38,0.293,0.283,0.517,0.377,0.126,0.51,-0.311,0.427,0.561,0.392,0.395,0.174,0.477,0.677,0.25,0.287,0.238,-0.508,0.073,0.204,0.323,0.122,-0.53,-0.599,-0.038,-0.696,0.013,0.609,0.666
LYFT,0.538,-0.482,-0.126,0.201,-0.215,0.382,0.73,0.508,0.02,-0.383,0.487,0.515,-0.315,-0.346,0.693,-0.343,0.398,0.346,-0.336,-0.34,-0.349,-0.053,0.424,-0.398,-0.367,-0.271,-0.456,-0.023,0.178,0.554,-0.464,-0.282,-0.354,0.033,-0.319,0.671,0.144,0.352,0.525,0.364,0.384,0.32,0.69,0.259,1.0,-0.351,-0.262,0.266,-0.069,-0.268,-0.372,0.118,-0.6,-0.309,0.15,0.125,-0.391,0.544,-0.338,-0.172,0.384,-0.113,-0.291,-0.091,0.617,0.424,0.371,0.538,0.463,0.429,0.162,0.339,0.863,0.402,0.334,0.094,0.589,-0.233,0.515,0.5,0.655,0.445,-0.141,0.601,0.533,0.488,0.402,0.657,-0.46,-0.187,0.037,-0.074,0.581,-0.419,-0.193,-0.211,-0.316,0.328,0.154,0.283
MARA,-0.13,0.052,0.286,-0.263,0.421,-0.571,-0.003,-0.57,0.132,-0.149,-0.29,-0.511,0.567,0.911,-0.304,0.324,-0.373,-0.392,0.423,0.342,0.788,-0.332,-0.148,0.51,0.669,0.527,0.564,-0.083,-0.482,-0.24,0.168,0.404,0.534,0.744,0.643,0.115,0.024,0.177,-0.494,0.056,-0.079,-0.445,-0.513,-0.393,-0.351,1.0,0.573,-0.535,0.064,0.742,0.672,0.105,0.323,0.944,-0.156,0.583,0.179,-0.202,0.53,0.349,-0.441,0.718,0.518,0.225,-0.308,-0.001,-0.53,-0.13,-0.297,0.171,-0.368,0.144,-0.433,-0.567,-0.495,0.136,-0.501,0.93,-0.501,-0.282,-0.401,-0.62,0.555,-0.223,-0.325,-0.584,-0.078,-0.277,0.527,0.456,0.238,0.262,-0.154,0.617,0.742,0.641,0.528,0.181,0.237,-0.03
MCHP,-0.456,0.198,0.152,0.072,0.72,-0.68,-0.131,-0.42,0.577,-0.0,-0.282,-0.534,0.487,0.7,-0.436,0.307,-0.164,-0.367,0.628,0.276,0.485,-0.451,0.023,0.558,0.631,0.718,0.838,-0.137,-0.561,-0.407,0.214,0.197,0.501,0.397,0.705,-0.095,0.105,0.047,-0.333,-0.094,0.013,-0.585,-0.637,-0.148,-0.262,0.573,1.0,-0.641,-0.216,0.314,0.584,0.592,0.256,0.595,0.142,0.198,0.083,-0.272,0.489,0.636,-0.585,0.436,0.864,0.098,-0.308,0.108,-0.459,-0.389,-0.263,-0.176,-0.354,-0.192,-0.408,-0.578,-0.625,0.476,-0.528,0.531,-0.682,-0.266,-0.469,-0.679,0.642,-0.311,-0.247,-0.618,-0.073,-0.319,0.517,0.761,0.186,0.548,-0.433,0.616,0.502,0.535,0.43,-0.105,0.376,0.062
MDLZ,0.162,0.245,0.103,-0.229,-0.536,0.501,-0.048,0.121,-0.423,0.204,-0.036,0.232,-0.3,-0.587,0.244,0.025,-0.114,0.037,-0.263,0.094,-0.41,0.621,-0.037,-0.256,-0.447,-0.445,-0.586,0.47,0.378,0.033,0.103,0.124,-0.27,-0.349,-0.467,-0.04,-0.292,-0.349,0.051,0.196,-0.247,0.6,0.695,-0.01,0.266,-0.535,-0.641,1.0,0.29,-0.122,-0.623,-0.477,0.078,-0.514,-0.338,-0.389,-0.234,-0.119,-0.268,-0.722,0.522,-0.528,-0.711,-0.185,0.479,-0.377,0.167,0.02,0.051,0.001,0.697,-0.168,0.362,0.223,0.559,-0.299,0.203,-0.472,0.446,-0.101,0.132,0.652,-0.655,0.029,-0.035,0.393,-0.167,0.168,-0.177,-0.642,-0.335,-0.591,0.209,-0.407,-0.313,-0.537,-0.119,-0.065,-0.526,-0.294
META,0.277,0.177,0.117,-0.176,-0.259,0.385,0.04,-0.125,-0.066,-0.136,-0.062,-0.015,0.069,-0.091,0.199,0.202,-0.106,0.19,0.076,0.033,0.052,0.133,-0.078,-0.042,0.009,-0.146,-0.073,0.101,0.074,-0.115,0.014,0.703,0.337,0.019,-0.124,0.054,-0.219,-0.036,-0.114,0.322,-0.229,0.288,0.077,0.033,-0.069,0.064,-0.216,0.29,1.0,0.236,-0.125,-0.143,0.352,0.18,-0.201,0.06,0.384,-0.089,-0.143,-0.116,0.412,-0.052,-0.276,0.312,0.264,-0.044,-0.075,0.17,-0.107,0.259,0.214,-0.121,0.061,0.006,0.493,-0.179,-0.11,0.109,0.314,-0.203,0.155,0.405,-0.298,0.056,-0.066,0.079,0.007,0.107,0.238,-0.222,0.24,-0.052,0.308,0.096,-0.099,0.06,-0.044,0.219,-0.178,0.054
MNST,-0.025,0.254,0.55,-0.505,0.082,-0.306,-0.091,-0.544,-0.084,-0.043,-0.354,-0.381,0.476,0.589,-0.194,0.416,-0.515,-0.445,0.364,0.496,0.756,-0.013,-0.091,0.434,0.576,0.345,0.346,0.239,-0.29,-0.289,0.254,0.54,0.404,0.787,0.529,0.194,-0.077,-0.023,-0.541,0.303,-0.194,-0.067,-0.18,-0.539,-0.268,0.742,0.314,-0.122,0.236,1.0,0.351,-0.233,0.448,0.625,-0.454,0.571,0.024,-0.24,0.487,-0.01,-0.096,0.617,0.179,0.209,0.004,-0.254,-0.595,-0.111,-0.232,0.212,0.001,0.141,-0.256,-0.539,-0.174,-0.047,-0.531,0.636,-0.323,-0.409,-0.36,-0.314,0.171,-0.331,-0.365,-0.372,-0.242,-0.181,0.583,0.115,0.048,-0.135,-0.036,0.573,0.726,0.482,0.635,0.11,-0.073,-0.386
MRNA,-0.202,-0.044,-0.061,0.144,0.529,-0.589,-0.118,-0.431,0.208,-0.206,-0.157,-0.448,0.314,0.717,-0.305,0.013,-0.121,0.022,0.3,0.175,0.523,-0.517,-0.091,0.33,0.415,0.445,0.579,-0.239,-0.418,-0.06,0.142,0.179,0.398,0.36,0.568,-0.097,0.079,0.257,-0.208,-0.164,0.016,-0.595,-0.627,-0.037,-0.372,0.672,0.584,-0.623,-0.125,0.351,1.0,0.382,0.111,0.625,0.294,0.392,0.187,-0.071,0.541,0.488,-0.608,0.681,0.573,0.075,-0.558,0.126,-0.176,-0.212,-0.196,-0.08,-0.54,0.264,-0.486,-0.421,-0.564,0.109,-0.351,0.648,-0.48,-0.122,-0.402,-0.574,0.73,-0.188,-0.207,-0.623,-0.016,-0.385,0.292,0.433,0.39,0.377,-0.264,0.399,0.559,0.624,0.315,-0.036,0.493,0.207
MRVL,-0.269,-0.135,-0.362,0.516,0.718,-0.318,0.116,0.021,0.716,-0.346,0.179,-0.132,0.092,0.257,-0.141,-0.087,0.406,0.194,0.397,-0.354,-0.072,-0.551,0.233,0.128,0.026,0.495,0.437,-0.508,-0.338,-0.045,-0.125,0.001,0.348,-0.055,0.226,-0.031,0.126,0.342,0.178,-0.233,0.277,-0.504,-0.319,0.369,0.118,0.105,0.592,-0.477,-0.143,-0.233,0.382,1.0,-0.138,0.228,0.593,-0.014,0.054,0.048,0.052,0.62,-0.447,0.091,0.633,-0.062,-0.237,0.457,0.164,-0.106,0.054,-0.16,-0.285,-0.075,-0.038,-0.095,-0.365,0.63,0.079,0.145,-0.079,0.298,0.001,-0.245,0.584,0.125,0.303,-0.284,0.274,0.02,-0.037,0.666,0.442,0.685,-0.27,0.09,-0.038,0.174,-0.12,0.04,0.584,0.627
MSFT,-0.429,0.775,0.585,-0.525,0.094,-0.267,-0.573,-0.542,0.016,0.545,-0.491,-0.414,0.453,0.289,-0.483,0.548,-0.583,-0.472,0.508,0.569,0.426,0.27,-0.256,0.59,0.452,0.268,0.349,0.24,-0.057,-0.628,0.613,0.65,0.571,0.111,0.309,-0.433,-0.213,-0.364,-0.674,0.062,-0.316,-0.141,-0.392,-0.529,-0.6,0.323,0.256,0.078,0.352,0.448,0.111,-0.138,1.0,0.326,-0.477,-0.07,0.398,-0.576,0.333,0.138,-0.151,0.012,0.082,0.227,-0.125,-0.42,-0.603,-0.368,-0.331,-0.189,0.246,-0.511,-0.601,-0.557,-0.178,-0.04,-0.697,0.212,-0.408,-0.681,-0.54,-0.224,-0.172,-0.494,-0.525,-0.239,-0.302,-0.484,0.598,0.094,-0.155,-0.046,-0.381,0.55,0.325,0.088,0.456,-0.126,-0.386,-0.474
MSTR,-0.091,0.049,0.215,-0.166,0.445,-0.498,0.029,-0.51,0.207,-0.217,-0.244,-0.477,0.567,0.883,-0.262,0.301,-0.257,-0.304,0.461,0.256,0.656,-0.401,-0.156,0.497,0.628,0.497,0.591,-0.18,-0.502,-0.239,0.099,0.497,0.616,0.624,0.561,0.104,0.012,0.206,-0.426,0.076,-0.058,-0.429,-0.509,-0.299,-0.309,0.944,0.595,-0.514,0.18,0.625,0.625,0.228,0.326,1.0,-0.066,0.502,0.27,-0.219,0.405,0.409,-0.387,0.628,0.552,0.259,-0.274,0.108,-0.476,-0.087,-0.285,0.19,-0.332,0.054,-0.359,-0.511,-0.448,0.165,-0.466,0.913,-0.396,-0.261,-0.304,-0.518,0.515,-0.138,-0.249,-0.55,0.002,-0.228,0.5,0.515,0.331,0.363,-0.084,0.588,0.609,0.583,0.435,0.275,0.277,0.102
MU,0.144,-0.436,-0.659,0.884,0.232,0.047,0.186,0.373,0.337,-0.506,0.489,0.209,-0.41,-0.068,0.084,-0.558,0.729,0.617,-0.181,-0.638,-0.316,-0.48,0.225,-0.442,-0.431,-0.094,-0.022,-0.616,-0.029,0.493,-0.553,-0.322,-0.164,-0.287,-0.236,0.004,0.234,0.519,0.66,-0.189,0.315,-0.206,-0.123,0.814,0.15,-0.156,0.142,-0.338,-0.201,-0.454,0.294,0.593,-0.477,-0.066,1.0,-0.02,0.093,0.375,-0.296,0.362,-0.189,0.046,0.232,-0.108,-0.267,0.551,0.654,0.173,0.283,-0.043,-0.503,0.294,0.056,0.307,-0.044,0.141,0.407,-0.13,0.233,0.513,0.292,0.135,0.438,0.349,0.504,0.007,0.297,-0.003,-0.502,0.182,0.321,0.534,0.034,-0.408,-0.391,0.014,-0.581,0.039,0.848,0.675
MVIS,0.38,-0.24,0.245,-0.081,0.02,-0.106,0.252,-0.077,-0.065,-0.361,0.152,0.023,0.089,0.448,0.17,-0.015,-0.121,0.009,-0.073,0.068,0.537,-0.335,0.132,0.055,0.313,0.141,0.171,-0.067,-0.044,0.25,-0.208,0.105,0.064,0.662,0.335,0.529,0.303,0.535,-0.022,0.441,0.224,-0.132,-0.104,-0.129,0.125,0.583,0.198,-0.389,0.06,0.571,0.392,-0.014,-0.07,0.502,-0.02,1.0,0.052,0.306,0.31,0.251,-0.01,0.801,0.164,0.331,-0.003,0.357,-0.221,0.36,0.19,0.622,-0.405,0.487,0.023,-0.158,0.001,-0.065,-0.113,0.484,-0.083,0.031,0.082,-0.222,0.293,0.257,0.105,-0.09,0.188,0.087,0.154,0.083,0.047,0.064,0.287,0.282,0.496,0.537,0.205,0.34,0.377,0.054
NFLX,0.016,0.011,-0.036,0.0,0.067,-0.091,-0.235,-0.105,0.063,0.156,-0.224,-0.225,0.275,0.05,-0.191,0.19,-0.062,0.074,0.124,-0.055,0.085,-0.04,-0.41,0.155,0.113,0.055,0.136,-0.307,-0.015,-0.214,0.034,0.272,0.367,-0.146,-0.073,-0.265,-0.111,-0.032,-0.226,-0.21,-0.26,-0.253,-0.323,-0.049,-0.391,0.179,0.083,-0.234,0.384,0.024,0.187,0.054,0.398,0.27,0.093,0.052,1.0,-0.247,-0.143,0.312,-0.155,-0.003,0.095,0.208,-0.295,0.179,-0.067,0.159,-0.293,-0.019,0.045,-0.187,-0.394,-0.039,-0.148,-0.136,-0.27,0.096,-0.017,-0.269,0.021,-0.033,-0.031,-0.175,-0.264,-0.08,0.054,-0.337,0.088,0.017,0.128,0.395,-0.02,0.227,-0.05,-0.016,-0.028,0.131,0.093,0.14
NNDM,0.545,-0.447,-0.242,0.464,-0.325,0.353,0.64,0.476,0.071,-0.564,0.775,0.632,-0.399,-0.222,0.588,-0.561,0.605,0.567,-0.402,-0.382,-0.238,-0.248,0.482,-0.53,-0.299,-0.352,-0.444,-0.24,0.208,0.834,-0.601,-0.248,-0.365,0.095,-0.368,0.57,0.412,0.568,0.674,0.394,0.576,0.132,0.212,0.481,0.544,-0.202,-0.272,-0.119,-0.089,-0.24,-0.071,0.048,-0.576,-0.219,0.375,0.306,-0.247,1.0,-0.264,0.087,0.272,0.183,-0.248,0.041,0.198,0.521,0.477,0.495,0.64,0.415,-0.404,0.687,0.513,0.449,0.28,-0.097,0.545,-0.108,0.401,0.635,0.569,0.305,0.077,0.752,0.739,0.373,0.488,0.507,-0.541,-0.08,0.235,0.043,0.457,-0.44,-0.257,0.009,-0.44,0.292,0.411,0.313
NVAX,-0.291,0.326,0.37,-0.436,0.376,-0.508,-0.229,-0.603,-0.011,0.272,-0.379,-0.431,0.25,0.537,-0.265,0.219,-0.476,-0.398,0.357,0.571,0.673,-0.005,-0.026,0.484,0.503,0.342,0.526,0.344,-0.193,-0.367,0.475,0.175,0.225,0.451,0.658,-0.073,0.031,-0.038,-0.49,0.097,-0.101,-0.303,-0.365,-0.504,-0.338,0.53,0.489,-0.268,-0.143,0.487,0.541,0.052,0.333,0.405,-0.296,0.31,-0.143,-0.264,1.0,0.222,-0.354,0.579,0.33,0.138,-0.154,-0.227,-0.469,-0.419,-0.245,-0.006,-0.242,-0.059,-0.449,-0.522,-0.361,-0.044,-0.444,0.41,-0.606,-0.319,-0.622,-0.569,0.291,-0.401,-0.486,-0.55,-0.338,-0.317,0.558,0.211,-0.002,-0.098,-0.289,0.453,0.6,0.459,0.609,-0.247,-0.061,-0.272
NVDA,-0.18,0.035,-0.091,0.284,0.57,-0.357,-0.063,-0.043,0.648,-0.092,0.108,-0.135,0.143,0.435,-0.208,-0.053,0.188,0.137,0.446,-0.058,0.191,-0.597,0.211,0.226,0.364,0.356,0.584,-0.445,-0.277,-0.133,-0.122,0.012,0.287,0.155,0.325,-0.05,0.368,0.377,-0.073,-0.062,0.306,-0.524,-0.608,0.132,-0.172,0.349,0.636,-0.722,-0.116,-0.01,0.488,0.62,0.138,0.409,0.362,0.251,0.312,0.087,0.222,1.0,-0.428,0.379,0.647,0.239,-0.321,0.533,-0.042,-0.112,0.063,-0.022,-0.507,-0.074,-0.28,-0.143,-0.381,0.349,-0.227,0.274,-0.373,0.113,-0.125,-0.422,0.455,0.022,0.125,-0.284,0.111,-0.151,0.205,0.622,0.201,0.714,-0.226,0.391,0.09,0.421,-0.006,-0.002,0.455,0.419
NWL,0.614,-0.068,0.155,-0.021,-0.647,0.904,0.287,0.499,-0.299,-0.134,0.264,0.448,-0.374,-0.537,0.558,-0.075,0.195,0.319,-0.456,-0.155,-0.31,0.442,0.113,-0.404,-0.213,-0.519,-0.409,0.255,0.572,0.285,-0.134,0.074,-0.409,-0.132,-0.401,0.337,-0.042,0.046,0.298,0.57,0.024,0.728,0.594,0.133,0.384,-0.441,-0.585,0.522,0.412,-0.096,-0.608,-0.447,-0.151,-0.387,-0.189,-0.01,-0.155,0.272,-0.354,-0.428,1.0,-0.276,-0.619,0.376,0.581,0.059,0.233,0.402,0.285,0.414,0.287,0.085,0.6,0.42,0.826,-0.366,0.35,-0.397,0.537,0.124,0.534,0.605,-0.586,0.27,0.297,0.548,0.048,0.507,-0.111,-0.508,-0.209,-0.482,0.682,-0.354,-0.338,-0.236,-0.159,0.175,-0.282,-0.083
