,AAL,AAPL,AGNC,AMAT,AMD,AMZN,APA,ARDX,AVGO,AZN,BIDU,BILI,BKR,CAN,CHRD,CMCSA,CPRT,CRWD,CSCO,CSX,DKNG,EBAY,ERIC,EXC,FITB,FLEX,FTNT,GEN,GERN,GEVO,GILD,GOOG,GOOGL,GT,HBAN,HST,INTC,IOVA,IQ,JBLU,JD,KDP,KHC,LRCX,LYFT,MARA,MCHP,MDLZ,META,MNST,MRNA,MRVL,MSFT,MSTR,MU,MVIS,NFLX,NNDM,NVAX,NVDA,NWL,OCGN,ON,OPK,PAA,PACB,PANW,PARA,PDD,PENN,PEP,PLUG,PTEN,PTON,PYPL,QCOM,QVCGA,RIOT,ROKU,RUN,SABR,SBUX,SMCI,SNDL,STNE,TCOM,TLRY,TMUS,TSCO,TSLA,TTD,TXN,UAL,VOD,VTRS,VXRT,WBA,WBD,WDC,ZM
AAL,1.0,-0.197,-0.062,0.107,0.15,-0.204,0.292,-0.043,0.148,-0.209,0.294,0.622,0.428,0.608,-0.389,0.03,-0.169,-0.098,-0.001,-0.066,0.342,0.058,-0.269,-0.171,0.338,0.248,-0.096,0.239,0.531,0.665,0.176,-0.083,-0.097,0.348,0.235,0.294,0.308,0.438,0.126,0.505,0.69,-0.26,0.042,0.032,0.337,0.325,0.281,0.074,0.144,-0.189,-0.355,0.354,-0.188,0.206,0.389,0.487,0.007,0.501,0.019,-0.278,0.406,0.213,0.343,0.349,0.331,0.472,-0.265,0.113,0.705,0.488,-0.084,0.519,0.538,-0.045,-0.196,0.221,0.123,0.502,-0.151,0.497,0.748,-0.079,0.194,0.526,-0.11,0.55,0.518,0.078,0.076,-0.019,-0.08,0.144,0.867,0.34,0.345,0.549,0.331,0.138,0.464,0.069
AAPL,-0.197,1.0,0.834,0.502,0.559,0.922,-0.344,0.639,0.754,0.151,-0.254,0.066,-0.595,-0.581,0.896,-0.376,0.929,0.885,0.595,0.715,-0.395,0.775,0.705,0.893,0.637,0.586,0.826,0.425,-0.36,-0.386,0.338,0.866,0.847,0.651,0.703,0.376,0.51,0.056,-0.488,0.471,-0.449,0.82,0.6,0.707,-0.226,0.363,0.721,0.364,0.817,0.802,0.546,0.451,0.931,0.498,0.512,-0.322,0.75,-0.587,-0.015,0.76,0.55,-0.4,0.648,-0.275,0.113,0.335,0.934,-0.508,0.09,-0.237,0.556,-0.529,-0.343,0.79,0.895,0.69,0.347,-0.051,0.673,-0.43,0.206,0.906,0.757,-0.585,0.599,-0.564,-0.702,0.848,0.531,0.739,0.433,0.686,0.048,0.214,-0.661,-0.422,0.524,-0.502,0.499,0.513
AGNC,-0.062,0.834,1.0,0.666,0.506,0.769,-0.326,0.602,0.686,0.171,-0.42,0.19,-0.584,-0.586,0.763,-0.463,0.838,0.635,0.774,0.835,-0.539,0.84,0.622,0.838,0.724,0.724,0.845,0.434,-0.438,-0.398,0.518,0.797,0.808,0.792,0.763,0.267,0.48,0.105,-0.612,0.546,-0.329,0.798,0.737,0.774,-0.199,0.367,0.717,0.469,0.751,0.785,0.396,0.574,0.849,0.377,0.532,-0.405,0.709,-0.567,-0.148,0.69,0.653,-0.596,0.708,-0.404,0.148,0.281,0.819,-0.648,0.214,-0.382,0.668,-0.565,-0.322,0.678,0.81,0.724,0.186,-0.109,0.511,-0.311,0.285,0.907,0.691,-0.65,0.405,-0.54,-0.69,0.799,0.664,0.692,0.287,0.806,0.172,0.36,-0.706,-0.474,0.589,-0.647,0.483,0.346
AMAT,0.107,0.502,0.666,1.0,0.498,0.486,-0.423,0.432,0.581,-0.14,-0.365,0.462,-0.5,-0.371,0.323,-0.518,0.537,0.285,0.654,0.663,-0.551,0.713,0.352,0.587,0.514,0.727,0.628,0.475,-0.454,-0.145,0.527,0.683,0.722,0.631,0.502,0.002,0.578,0.299,-0.595,0.574,-0.005,0.483,0.486,0.918,-0.216,0.58,0.746,0.456,0.689,0.597,-0.056,0.822,0.628,0.117,0.656,-0.049,0.609,-0.542,-0.505,0.43,0.633,-0.553,0.802,-0.42,0.012,0.471,0.509,-0.598,0.483,-0.35,0.599,-0.354,-0.44,0.571,0.48,0.738,-0.133,-0.132,0.39,-0.053,0.316,0.596,0.668,-0.566,0.191,-0.254,-0.422,0.649,0.599,0.406,-0.098,0.805,0.26,0.327,-0.53,-0.474,0.78,-0.622,0.59,0.208
AMD,0.15,0.559,0.506,0.498,1.0,0.576,-0.25,0.815,0.609,0.139,0.055,0.445,-0.443,-0.059,0.376,-0.28,0.617,0.551,0.343,0.363,-0.092,0.555,0.517,0.594,0.395,0.76,0.59,0.521,-0.116,-0.074,0.335,0.638,0.598,0.499,0.433,0.407,0.652,0.438,-0.218,0.464,0.043,0.399,0.441,0.594,0.008,0.515,0.679,0.185,0.614,0.522,0.354,0.675,0.585,0.338,0.62,0.094,0.636,-0.204,0.028,0.667,0.44,-0.268,0.651,-0.086,0.372,0.515,0.536,-0.276,0.485,-0.077,0.214,-0.058,-0.252,0.563,0.605,0.759,0.135,0.119,0.524,-0.058,0.398,0.516,0.693,-0.337,0.462,0.08,-0.267,0.637,0.406,0.473,0.349,0.61,0.4,0.443,-0.444,-0.117,0.544,-0.26,0.647,0.421
AMZN,-0.204,0.922,0.769,0.486,0.576,1.0,-0.384,0.646,0.686,0.067,-0.235,0.083,-0.62,-0.562,0.811,-0.408,0.887,0.799,0.525,0.602,-0.421,0.694,0.716,0.811,0.56,0.587,0.742,0.437,-0.406,-0.448,0.28,0.832,0.808,0.602,0.621,0.346,0.511,0.005,-0.473,0.437,-0.415,0.732,0.552,0.693,-0.238,0.412,0.68,0.282,0.795,0.76,0.505,0.478,0.881,0.488,0.55,-0.332,0.799,-0.619,-0.006,0.763,0.508,-0.388,0.606,-0.354,0.042,0.277,0.848,-0.533,0.124,-0.305,0.501,-0.531,-0.416,0.762,0.851,0.68,0.197,-0.022,0.645,-0.408,0.16,0.815,0.73,-0.621,0.532,-0.522,-0.68,0.783,0.523,0.681,0.365,0.645,0.08,0.285,-0.69,-0.455,0.48,-0.505,0.521,0.545
APA,0.292,-0.344,-0.326,-0.423,-0.25,-0.384,1.0,-0.245,-0.109,-0.079,0.486,0.059,0.683,0.472,-0.209,0.604,-0.277,-0.13,-0.424,-0.383,0.648,-0.245,-0.413,-0.436,-0.086,-0.256,-0.381,-0.347,0.781,0.503,-0.073,-0.356,-0.377,-0.254,-0.106,0.234,-0.223,0.295,0.564,-0.216,0.419,-0.413,-0.469,-0.38,0.513,-0.412,-0.192,-0.364,-0.345,-0.495,-0.015,-0.313,-0.376,0.001,-0.177,0.357,-0.369,0.641,0.515,-0.44,-0.279,0.508,-0.201,0.763,0.377,0.126,-0.309,0.592,0.138,0.725,-0.471,0.454,0.832,-0.35,-0.314,-0.196,0.388,0.206,-0.222,0.325,0.2,-0.316,-0.224,0.576,0.077,0.424,0.477,-0.25,-0.41,-0.125,0.228,-0.408,0.218,0.019,0.527,0.735,-0.282,0.607,-0.013,0.057
ARDX,-0.043,0.639,0.602,0.432,0.815,0.646,-0.245,1.0,0.545,0.234,-0.07,0.268,-0.534,-0.371,0.548,-0.284,0.761,0.656,0.32,0.424,-0.3,0.626,0.637,0.699,0.435,0.662,0.659,0.416,-0.231,-0.326,0.335,0.675,0.678,0.464,0.49,0.435,0.425,0.305,-0.292,0.506,-0.266,0.55,0.459,0.569,0.012,0.443,0.579,0.102,0.597,0.58,0.582,0.484,0.646,0.398,0.466,-0.113,0.599,-0.355,0.091,0.722,0.37,-0.33,0.574,-0.152,0.359,0.443,0.637,-0.334,0.256,-0.176,0.225,-0.261,-0.298,0.539,0.658,0.666,0.229,0.074,0.624,-0.228,0.278,0.643,0.566,-0.512,0.477,-0.211,-0.475,0.708,0.439,0.595,0.406,0.511,0.213,0.397,-0.515,-0.307,0.502,-0.337,0.511,0.47
AVGO,0.148,0.754,0.686,0.581,0.609,0.686,-0.109,0.545,1.0,0.075,-0.119,0.326,-0.288,-0.301,0.61,-0.264,0.725,0.66,0.615,0.672,-0.15,0.74,0.562,0.691,0.669,0.618,0.721,0.654,-0.082,-0.015,0.472,0.74,0.714,0.662,0.686,0.371,0.677,0.255,-0.326,0.518,-0.084,0.664,0.587,0.728,-0.032,0.477,0.876,0.484,0.802,0.675,0.298,0.627,0.742,0.448,0.696,-0.052,0.647,-0.322,-0.099,0.522,0.692,-0.303,0.772,-0.013,0.273,0.515,0.66,-0.365,0.416,0.033,0.542,-0.214,-0.102,0.634,0.705,0.841,0.235,0.13,0.5,-0.144,0.407,0.728,0.824,-0.393,0.51,-0.242,-0.457,0.795,0.583,0.576,0.341,0.748,0.34,0.385,-0.424,-0.152,0.616,-0.37,0.736,0.46
AZN,-0.209,0.151,0.171,-0.14,0.139,0.067,-0.079,0.234,0.075,1.0,-0.188,-0.17,-0.143,-0.268,0.281,-0.072,0.221,0.102,0.235,0.272,-0.194,0.144,0.241,0.19,0.018,0.072,0.272,-0.076,-0.104,-0.276,0.184,-0.016,-0.034,0.125,0.114,0.128,-0.04,-0.16,-0.185,-0.079,-0.122,0.281,0.329,-0.106,0.225,-0.168,0.019,0.201,-0.07,0.309,0.413,-0.092,0.041,0.083,-0.149,-0.311,-0.07,-0.107,0.165,0.248,0.033,-0.158,-0.024,-0.054,0.166,-0.161,0.169,-0.159,-0.225,-0.196,0.151,-0.159,-0.086,0.038,0.138,-0.04,0.215,-0.098,0.033,-0.103,-0.154,0.194,-0.059,-0.107,-0.08,-0.151,-0.186,-0.005,0.338,0.058,0.066,0.098,-0.141,-0.135,-0.044,-0.085,-0.2,-0.182,-0.149,-0.038
BIDU,0.294,-0.254,-0.42,-0.365,0.055,-0.235,0.486,-0.07,-0.119,-0.188,1.0,0.386,0.306,0.576,-0.292,0.459,-0.248,0.006,-0.555,-0.587,0.702,-0.195,-0.257,-0.472,-0.299,-0.109,-0.222,-0.212,0.607,0.399,-0.243,-0.283,-0.298,-0.24,-0.28,0.262,0.068,0.452,0.878,-0.178,0.496,-0.43,-0.35,-0.299,0.109,-0.153,-0.143,-0.437,-0.159,-0.396,0.026,-0.072,-0.29,0.175,0.024,0.524,-0.095,0.596,0.61,-0.258,-0.363,0.57,-0.137,0.555,0.224,0.271,-0.267,0.835,0.352,0.616,-0.581,0.451,0.46,-0.156,-0.156,-0.086,0.34,0.357,0.13,0.264,0.168,-0.381,-0.104,0.51,0.304,0.556,0.397,-0.141,-0.451,-0.04,0.451,-0.33,0.204,-0.038,0.364,0.61,-0.133,0.861,0.08,0.251
BILI,0.622,0.066,0.19,0.462,0.445,0.083,0.059,0.268,0.326,-0.17,0.386,1.0,-0.02,0.349,-0.177,-0.136,0.131,0.13,0.115,0.084,0.143,0.416,0.027,0.037,0.275,0.565,0.287,0.241,0.228,0.346,0.359,0.186,0.185,0.455,0.22,0.236,0.49,0.676,0.138,0.507,0.601,-0.052,0.247,0.386,0.113,0.458,0.479,0.095,0.413,0.127,-0.079,0.686,0.099,0.296,0.581,0.405,0.326,0.174,0.032,0.066,0.392,0.013,0.543,0.109,0.264,0.636,0.019,0.1,0.897,0.251,0.015,0.222,0.124,0.309,0.161,0.497,0.199,0.385,0.25,0.345,0.563,0.14,0.458,0.089,0.241,0.446,0.14,0.326,0.253,0.224,0.194,0.391,0.614,0.276,-0.016,0.228,0.546,0.07,0.58,0.361
BKR,0.428,-0.595,-0.584,-0.5,-0.443,-0.62,0.683,-0.534,-0.288,-0.143,0.306,-0.02,1.0,0.59,-0.536,0.639,-0.576,-0.476,-0.355,-0.437,0.638,-0.53,-0.627,-0.568,-0.246,-0.486,-0.652,-0.193,0.768,0.706,-0.004,-0.624,-0.655,-0.347,-0.321,0.082,-0.252,0.052,0.442,-0.337,0.551,-0.477,-0.465,-0.584,0.487,-0.345,-0.321,-0.083,-0.5,-0.659,-0.479,-0.392,-0.67,-0.286,-0.363,0.379,-0.568,0.649,0.162,-0.727,-0.197,0.476,-0.387,0.688,0.164,-0.043,-0.627,0.436,0.055,0.652,-0.282,0.672,0.732,-0.533,-0.594,-0.394,0.081,0.164,-0.605,0.53,0.075,-0.527,-0.398,0.732,-0.407,0.585,0.728,-0.514,-0.379,-0.578,-0.237,-0.456,0.229,-0.163,0.759,0.742,-0.298,0.45,-0.226,-0.283
CAN,0.608,-0.581,-0.586,-0.371,-0.059,-0.562,0.472,-0.371,-0.301,-0.268,0.576,0.349,0.59,1.0,-0.654,0.323,-0.595,-0.365,-0.552,-0.631,0.713,-0.411,-0.576,-0.643,-0.254,-0.19,-0.576,-0.137,0.684,0.666,-0.238,-0.517,-0.558,-0.278,-0.318,0.112,0.046,0.326,0.566,-0.094,0.741,-0.689,-0.427,-0.439,0.414,0.014,-0.276,-0.315,-0.42,-0.62,-0.322,-0.065,-0.588,0.034,-0.03,0.611,-0.42,0.741,0.302,-0.401,-0.169,0.512,-0.252,0.555,0.204,0.173,-0.61,0.563,0.367,0.622,-0.596,0.724,0.589,-0.423,-0.523,-0.207,0.122,0.5,-0.392,0.447,0.314,-0.602,-0.208,0.713,-0.14,0.849,0.821,-0.432,-0.428,-0.321,-0.013,-0.407,0.465,-0.066,0.588,0.72,-0.179,0.573,0.014,-0.076
CHRD,-0.389,0.896,0.763,0.323,0.376,0.811,-0.209,0.548,0.61,0.281,-0.292,-0.177,-0.536,-0.654,1.0,-0.256,0.854,0.772,0.52,0.661,-0.353,0.651,0.686,0.784,0.504,0.402,0.735,0.272,-0.348,-0.48,0.261,0.74,0.707,0.474,0.618,0.3,0.364,-0.065,-0.406,0.26,-0.589,0.775,0.503,0.544,-0.245,0.113,0.54,0.291,0.636,0.725,0.616,0.216,0.801,0.377,0.287,-0.488,0.602,-0.576,0.073,0.68,0.354,-0.36,0.423,-0.238,0.033,0.117,0.869,-0.422,-0.155,-0.232,0.493,-0.574,-0.321,0.627,0.791,0.532,0.331,-0.205,0.607,-0.498,0.015,0.815,0.562,-0.625,0.545,-0.631,-0.736,0.713,0.411,0.67,0.42,0.516,-0.144,0.137,-0.635,-0.427,0.254,-0.421,0.296,0.409
CMCSA,0.03,-0.376,-0.463,-0.518,-0.28,-0.408,0.604,-0.284,-0.264,-0.072,0.459,-0.136,0.639,0.323,-0.256,1.0,-0.353,-0.268,-0.301,-0.403,0.683,-0.399,-0.542,-0.409,-0.388,-0.436,-0.426,-0.253,0.678,0.434,0.03,-0.445,-0.465,-0.472,-0.38,0.085,-0.292,0.164,0.627,-0.528,0.302,-0.295,-0.413,-0.496,0.298,-0.594,-0.308,-0.109,-0.441,-0.478,-0.162,-0.461,-0.408,-0.35,-0.46,0.27,-0.459,0.513,0.392,-0.506,-0.45,0.407,-0.39,0.75,0.152,-0.029,-0.353,0.621,-0.076,0.572,-0.254,0.475,0.539,-0.539,-0.446,-0.364,0.105,-0.129,-0.383,0.386,-0.153,-0.38,-0.432,0.528,-0.124,0.44,0.499,-0.298,-0.41,-0.372,0.016,-0.392,-0.103,0.016,0.575,0.647,-0.389,0.637,-0.301,-0.079
CPRT,-0.169,0.929,0.838,0.537,0.617,0.887,-0.277,0.761,0.725,0.221,-0.248,0.131,-0.576,-0.595,0.854,-0.353,1.0,0.84,0.577,0.708,-0.45,0.805,0.724,0.873,0.66,0.681,0.826,0.436,-0.332,-0.379,0.428,0.816,0.82,0.65,0.729,0.362,0.482,0.152,-0.483,0.465,-0.4,0.795,0.606,0.713,-0.169,0.394,0.728,0.306,0.762,0.804,0.623,0.495,0.879,0.499,0.555,-0.276,0.741,-0.547,0.011,0.751,0.564,-0.423,0.666,-0.265,0.183,0.38,0.887,-0.513,0.149,-0.227,0.497,-0.484,-0.336,0.723,0.857,0.724,0.34,-0.022,0.664,-0.34,0.207,0.886,0.721,-0.605,0.591,-0.519,-0.685,0.858,0.59,0.724,0.404,0.7,0.048,0.274,-0.645,-0.416,0.561,-0.502,0.564,0.497
CRWD,-0.098,0.885,0.635,0.285,0.551,0.799,-0.13,0.656,0.66,0.102,0.006,0.13,-0.476,-0.365,0.772,-0.268,0.84,1.0,0.28,0.464,-0.172,0.642,0.653,0.744,0.54,0.499,0.677,0.273,-0.15,-0.277,0.184,0.735,0.715,0.483,0.605,0.488,0.423,0.198,-0.248,0.465,-0.357,0.62,0.412,0.522,-0.121,0.302,0.601,0.084,0.688,0.639,0.69,0.354,0.781,0.663,0.501,-0.164,0.676,-0.357,0.275,0.722,0.402,-0.216,0.533,-0.084,0.205,0.429,0.837,-0.253,0.149,0.004,0.243,-0.373,-0.168,0.771,0.811,0.593,0.509,0.153,0.742,-0.382,0.311,0.755,0.672,-0.372,0.725,-0.442,-0.544,0.787,0.346,0.797,0.636,0.444,0.091,0.189,-0.535,-0.213,0.397,-0.252,0.507,0.678
CSCO,-0.001,0.595,0.774,0.654,0.343,0.525,-0.424,0.32,0.615,0.235,-0.555,0.115,-0.355,-0.552,0.52,-0.301,0.577,0.28,1.0,0.898,-0.529,0.656,0.375,0.714,0.563,0.574,0.729,0.554,-0.432,-0.196,0.69,0.622,0.606,0.699,0.565,-0.035,0.414,0.006,-0.691,0.402,-0.176,0.779,0.759,0.661,-0.21,0.256,0.697,0.804,0.624,0.738,-0.017,0.504,0.629,-0.029,0.344,-0.441,0.497,-0.57,-0.473,0.393,0.692,-0.722,0.622,-0.405,-0.046,0.101,0.562,-0.73,0.175,-0.444,0.933,-0.42,-0.397,0.425,0.491,0.595,-0.181,-0.352,0.117,-0.045,0.122,0.742,0.548,-0.542,-0.034,-0.418,-0.541,0.619,0.777,0.311,-0.19,0.875,0.113,0.313,-0.516,-0.441,0.524,-0.721,0.31,0.039
CSX,-0.066,0.715,0.835,0.663,0.363,0.602,-0.383,0.424,0.672,0.272,-0.587,0.084,-0.437,-0.631,0.661,-0.403,0.708,0.464,0.898,1.0,-0.54,0.746,0.448,0.801,0.668,0.602,0.795,0.476,-0.456,-0.269,0.602,0.707,0.679,0.702,0.688,0.059,0.381,0.014,-0.726,0.493,-0.328,0.787,0.747,0.697,-0.16,0.31,0.729,0.656,0.672,0.779,0.196,0.489,0.707,0.149,0.385,-0.451,0.529,-0.624,-0.403,0.535,0.708,-0.697,0.664,-0.398,-0.025,0.184,0.706,-0.742,0.118,-0.41,0.851,-0.504,-0.398,0.508,0.604,0.62,-0.035,-0.253,0.255,-0.189,0.158,0.82,0.644,-0.59,0.124,-0.525,-0.627,0.699,0.749,0.493,-0.037,0.84,0.054,0.226,-0.599,-0.478,0.536,-0.743,0.343,0.137
DKNG,0.342,-0.395,-0.539,-0.551,-0.092,-0.421,0.648,-0.3,-0.15,-0.194,0.702,0.143,0.638,0.713,-0.353,0.683,-0.45,-0.172,-0.529,-0.54,1.0,-0.426,-0.512,-0.548,-0.297,-0.334,-0.478,-0.229,0.831,0.651,-0.276,-0.44,-0.515,-0.375,-0.297,0.249,-0.018,0.306,0.782,-0.293,0.508,-0.555,-0.527,-0.509,0.33,-0.349,-0.226,-0.351,-0.351,-0.568,-0.134,-0.245,-0.464,-0.055,-0.223,0.524,-0.358,0.759,0.53,-0.441,-0.387,0.644,-0.295,0.822,0.183,0.174,-0.406,0.767,0.18,0.824,-0.539,0.702,0.673,-0.394,-0.403,-0.244,0.256,0.265,-0.255,0.43,0.159,-0.496,-0.183,0.736,0.072,0.694,0.663,-0.322,-0.506,-0.269,0.293,-0.454,0.23,-0.023,0.572,0.868,-0.348,0.761,-0.082,0.076
EBAY,0.058,0.775,0.84,0.713,0.555,0.694,-0.245,0.626,0.74,0.144,-0.195,0.416,-0.53,-0.411,0.651,-0.399,0.805,0.642,0.656,0.746,-0.426,1.0,0.559,0.73,0.643,0.751,0.837,0.513,-0.278,-0.23,0.556,0.759,0.76,0.725,0.671,0.227,0.536,0.318,-0.428,0.612,-0.141,0.676,0.712,0.787,-0.08,0.556,0.808,0.4,0.787,0.753,0.422,0.652,0.792,0.535,0.623,-0.125,0.7,-0.485,-0.046,0.675,0.675,-0.464,0.804,-0.234,0.153,0.53,0.744,-0.481,0.394,-0.202,0.572,-0.413,-0.302,0.669,0.765,0.799,0.268,0.12,0.562,-0.173,0.299,0.817,0.767,-0.564,0.451,-0.318,-0.551,0.83,0.677,0.783,0.321,0.79,0.22,0.284,-0.544,-0.356,0.691,-0.472,0.579,0.492
ERIC,-0.269,0.705,0.622,0.352,0.517,0.716,-0.413,0.637,0.562,0.241,-0.257,0.027,-0.627,-0.576,0.686,-0.542,0.724,0.653,0.375,0.448,-0.512,0.559,1.0,0.674,0.416,0.467,0.645,0.441,-0.517,-0.528,0.159,0.672,0.685,0.484,0.472,0.231,0.401,-0.011,-0.398,0.373,-0.505,0.633,0.533,0.534,-0.372,0.409,0.49,0.213,0.668,0.723,0.562,0.369,0.681,0.437,0.502,-0.331,0.678,-0.515,-0.019,0.621,0.372,-0.276,0.453,-0.454,0.078,0.109,0.625,-0.45,0.024,-0.362,0.346,-0.515,-0.49,0.728,0.779,0.581,0.188,0.006,0.711,-0.477,0.066,0.668,0.497,-0.659,0.576,-0.552,-0.763,0.631,0.46,0.595,0.382,0.451,-0.033,0.214,-0.611,-0.578,0.355,-0.445,0.471,0.378
EXC,-0.171,0.893,0.838,0.587,0.594,0.811,-0.436,0.699,0.691,0.19,-0.472,0.037,-0.568,-0.643,0.784,-0.409,0.873,0.744,0.714,0.801,-0.548,0.73,0.674,1.0,0.675,0.6,0.826,0.489,-0.459,-0.406,0.503,0.861,0.844,0.671,0.722,0.312,0.413,0.021,-0.678,0.522,-0.483,0.861,0.667,0.734,-0.169,0.383,0.709,0.479,0.765,0.836,0.433,0.465,0.871,0.308,0.454,-0.413,0.665,-0.68,-0.239,0.749,0.641,-0.567,0.654,-0.377,0.131,0.25,0.85,-0.687,0.064,-0.397,0.69,-0.532,-0.436,0.71,0.811,0.665,0.17,-0.198,0.537,-0.364,0.223,0.918,0.709,-0.672,0.388,-0.544,-0.699,0.821,0.647,0.605,0.167,0.76,0.082,0.323,-0.651,-0.528,0.588,-0.687,0.459,0.339
FITB,0.338,0.637,0.724,0.514,0.395,0.56,-0.086,0.435,0.669,0.018,-0.299,0.275,-0.246,-0.254,0.504,-0.388,0.66,0.54,0.563,0.668,-0.297,0.643,0.416,0.675,1.0,0.643,0.661,0.445,-0.141,-0.056,0.366,0.658,0.637,0.819,0.963,0.409,0.41,0.14,-0.487,0.694,-0.085,0.58,0.6,0.634,0.065,0.464,0.67,0.373,0.642,0.592,0.224,0.512,0.603,0.408,0.597,-0.175,0.433,-0.312,-0.207,0.448,0.819,-0.298,0.685,-0.158,0.261,0.333,0.582,-0.467,0.369,-0.027,0.46,-0.245,0.055,0.485,0.594,0.64,0.336,0.172,0.357,-0.16,0.595,0.766,0.69,-0.295,0.382,-0.252,-0.415,0.689,0.594,0.503,0.121,0.672,0.478,0.406,-0.414,-0.188,0.623,-0.457,0.624,0.164
FLEX,0.248,0.586,0.724,0.727,0.76,0.587,-0.256,0.662,0.618,0.072,-0.109,0.565,-0.486,-0.19,0.402,-0.436,0.681,0.499,0.574,0.602,-0.334,0.751,0.467,0.6,0.643,1.0,0.734,0.474,-0.247,-0.068,0.491,0.68,0.662,0.753,0.628,0.223,0.601,0.484,-0.409,0.6,0.129,0.489,0.642,0.754,-0.064,0.582,0.777,0.325,0.672,0.628,0.251,0.826,0.62,0.364,0.711,0.003,0.643,-0.311,-0.152,0.628,0.676,-0.473,0.793,-0.274,0.209,0.522,0.587,-0.453,0.589,-0.199,0.434,-0.197,-0.268,0.59,0.62,0.819,0.099,0.13,0.463,0.027,0.417,0.675,0.77,-0.457,0.386,-0.068,-0.406,0.732,0.644,0.601,0.204,0.804,0.417,0.41,-0.581,-0.247,0.733,-0.43,0.666,0.348
FTNT,-0.096,0.826,0.845,0.628,0.59,0.742,-0.381,0.659,0.721,0.272,-0.222,0.287,-0.652,-0.576,0.735,-0.426,0.826,0.677,0.729,0.795,-0.478,0.837,0.645,0.826,0.661,0.734,1.0,0.45,-0.463,-0.411,0.486,0.832,0.802,0.771,0.707,0.252,0.469,0.169,-0.467,0.555,-0.297,0.828,0.804,0.774,-0.266,0.364,0.747,0.502,0.79,0.884,0.44,0.577,0.805,0.374,0.552,-0.397,0.678,-0.598,-0.149,0.72,0.631,-0.556,0.734,-0.418,0.091,0.295,0.833,-0.492,0.271,-0.356,0.648,-0.554,-0.418,0.673,0.796,0.731,0.188,-0.11,0.637,-0.298,0.245,0.894,0.718,-0.628,0.453,-0.473,-0.751,0.837,0.699,0.654,0.274,0.833,0.108,0.312,-0.724,-0.49,0.56,-0.493,0.51,0.371
GEN,0.239,0.425,0.434,0.475,0.521,0.437,-0.347,0.416,0.654,-0.076,-0.212,0.241,-0.193,-0.137,0.272,-0.253,0.436,0.273,0.554,0.476,-0.229,0.513,0.441,0.489,0.445,0.474,0.45,1.0,-0.177,0.072,0.448,0.518,0.521,0.517,0.453,0.089,0.577,0.117,-0.337,0.423,-0.003,0.476,0.567,0.549,-0.204,0.667,0.67,0.541,0.619,0.53,-0.004,0.522,0.496,0.223,0.562,0.027,0.501,-0.296,-0.293,0.322,0.68,-0.363,0.57,-0.166,0.077,0.296,0.271,-0.449,0.313,-0.124,0.548,0.004,-0.261,0.346,0.421,0.703,-0.15,0.163,0.154,0.037,0.227,0.447,0.544,-0.352,0.142,-0.069,-0.281,0.564,0.5,0.289,-0.066,0.656,0.299,0.31,-0.286,-0.245,0.571,-0.402,0.57,0.113
GERN,0.531,-0.36,-0.438,-0.454,-0.116,-0.406,0.781,-0.231,-0.082,-0.104,0.607,0.228,0.768,0.684,-0.348,0.678,-0.332,-0.15,-0.432,-0.456,0.831,-0.278,-0.517,-0.459,-0.141,-0.247,-0.463,-0.177,1.0,0.754,-0.044,-0.441,-0.474,-0.234,-0.168,0.319,-0.018,0.377,0.655,-0.194,0.613,-0.462,-0.439,-0.443,0.531,-0.273,-0.106,-0.273,-0.297,-0.558,-0.141,-0.19,-0.432,0.031,-0.128,0.589,-0.343,0.783,0.489,-0.497,-0.185,0.612,-0.174,0.93,0.348,0.309,-0.406,0.668,0.285,0.877,-0.464,0.712,0.848,-0.336,-0.386,-0.174,0.402,0.338,-0.28,0.505,0.286,-0.391,-0.146,0.744,0.006,0.691,0.733,-0.243,-0.39,-0.229,0.2,-0.367,0.408,0.061,0.707,0.953,-0.187,0.659,0.063,0.124
GEVO,0.665,-0.386,-0.398,-0.145,-0.074,-0.448,0.503,-0.326,-0.015,-0.276,0.399,0.346,0.706,0.666,-0.48,0.434,-0.379,-0.277,-0.196,-0.269,0.651,-0.23,-0.528,-0.406,-0.056,-0.068,-0.411,0.072,0.754,1.0,0.07,-0.355,-0.366,-0.114,-0.144,-0.019,0.079,0.428,0.384,-0.061,0.727,-0.475,-0.341,-0.246,0.295,0.048,0.084,-0.046,-0.147,-0.466,-0.463,0.03,-0.39,-0.105,0.014,0.728,-0.271,0.694,0.079,-0.558,0.028,0.439,0.025,0.687,0.171,0.397,-0.475,0.367,0.367,0.731,-0.182,0.865,0.627,-0.279,-0.421,-0.018,0.069,0.319,-0.424,0.786,0.246,-0.387,-0.019,0.654,-0.137,0.68,0.685,-0.202,-0.202,-0.276,-0.119,-0.105,0.404,-0.045,0.595,0.769,0.115,0.385,0.149,-0.02
GILD,0.176,0.338,0.518,0.527,0.335,0.28,-0.073,0.335,0.472,0.184,-0.243,0.359,-0.004,-0.238,0.261,0.03,0.428,0.184,0.69,0.602,-0.276,0.556,0.159,0.503,0.366,0.491,0.486,0.448,-0.044,0.07,1.0,0.417,0.437,0.499,0.371,0.137,0.299,0.373,-0.423,0.318,0.114,0.544,0.541,0.511,0.162,0.209,0.615,0.635,0.46,0.477,0.002,0.455,0.403,-0.002,0.34,-0.12,0.347,-0.307,-0.2,0.23,0.56,-0.542,0.572,-0.024,0.181,0.333,0.313,-0.45,0.377,-0.172,0.664,-0.138,-0.133,0.241,0.294,0.531,0.026,-0.192,0.03,0.196,0.194,0.532,0.429,-0.336,-0.024,-0.024,-0.246,0.522,0.621,0.234,-0.152,0.665,0.243,0.324,-0.155,-0.134,0.522,-0.471,0.366,0.093
GOOG,-0.083,0.866,0.797,0.683,0.638,0.832,-0.356,0.675,0.74,-0.016,-0.283,0.186,-0.624,-0.517,0.74,-0.445,0.816,0.735,0.622,0.707,-0.44,0.759,0.672,0.861,0.658,0.68,0.832,0.518,-0.441,-0.355,0.417,1.0,0.962,0.667,0.692,0.296,0.548,0.173,-0.549,0.647,-0.372,0.771,0.572,0.872,-0.25,0.467,0.791,0.413,0.893,0.802,0.327,0.596,0.924,0.343,0.641,-0.295,0.78,-0.614,-0.207,0.727,0.597,-0.514,0.79,-0.349,0.058,0.342,0.86,-0.573,0.26,-0.306,0.586,-0.525,-0.411,0.737,0.782,0.822,0.151,-0.115,0.612,-0.385,0.33,0.874,0.797,-0.623,0.522,-0.485,-0.702,0.888,0.55,0.694,0.225,0.762,0.202,0.388,-0.732,-0.49,0.626,-0.56,0.629,0.392
GOOGL,-0.097,0.847,0.808,0.722,0.598,0.808,-0.377,0.678,0.714,-0.034,-0.298,0.185,-0.655,-0.558,0.707,-0.465,0.82,0.715,0.606,0.679,-0.515,0.76,0.685,0.844,0.637,0.662,0.802,0.521,-0.474,-0.366,0.437,0.962,1.0,0.667,0.68,0.27,0.516,0.216,-0.557,0.621,-0.387,0.752,0.548,0.902,-0.287,0.501,0.772,0.374,0.875,0.792,0.357,0.606,0.946,0.342,0.657,-0.231,0.789,-0.634,-0.204,0.676,0.585,-0.532,0.811,-0.36,0.116,0.398,0.817,-0.565,0.239,-0.328,0.563,-0.529,-0.41,0.731,0.772,0.801,0.163,-0.118,0.637,-0.356,0.31,0.856,0.746,-0.659,0.561,-0.531,-0.731,0.889,0.559,0.69,0.251,0.752,0.166,0.384,-0.712,-0.531,0.697,-0.568,0.646,0.373
GT,0.348,0.651,0.792,0.631,0.499,0.602,-0.254,0.464,0.662,0.125,-0.24,0.455,-0.347,-0.278,0.474,-0.472,0.65,0.483,0.699,0.702,-0.375,0.725,0.484,0.671,0.819,0.753,0.771,0.517,-0.234,-0.114,0.499,0.667,0.667,1.0,0.81,0.347,0.556,0.207,-0.501,0.684,0.043,0.632,0.738,0.708,-0.083,0.508,0.743,0.516,0.739,0.713,0.174,0.716,0.64,0.384,0.644,-0.192,0.599,-0.368,-0.213,0.472,0.82,-0.412,0.775,-0.288,0.211,0.38,0.58,-0.526,0.496,-0.18,0.596,-0.291,-0.12,0.614,0.647,0.703,0.241,0.112,0.422,-0.067,0.544,0.794,0.711,-0.367,0.298,-0.219,-0.459,0.708,0.739,0.492,0.139,0.817,0.52,0.367,-0.47,-0.247,0.695,-0.521,0.632,0.233
HBAN,0.235,0.703,0.763,0.502,0.433,0.621,-0.106,0.49,0.686,0.114,-0.28,0.22,-0.321,-0.318,0.618,-0.38,0.729,0.605,0.565,0.688,-0.297,0.671,0.472,0.722,0.963,0.628,0.707,0.453,-0.168,-0.144,0.371,0.692,0.68,0.81,1.0,0.451,0.466,0.138,-0.464,0.643,-0.159,0.621,0.603,0.649,0.014,0.426,0.673,0.36,0.657,0.666,0.345,0.516,0.667,0.443,0.571,-0.221,0.486,-0.366,-0.118,0.518,0.763,-0.324,0.67,-0.159,0.254,0.31,0.648,-0.449,0.293,-0.052,0.458,-0.296,0.008,0.523,0.656,0.653,0.395,0.136,0.425,-0.219,0.546,0.797,0.7,-0.348,0.449,-0.311,-0.487,0.72,0.603,0.552,0.21,0.679,0.409,0.389,-0.468,-0.213,0.584,-0.446,0.606,0.191
HST,0.294,0.376,0.267,0.002,0.407,0.346,0.234,0.435,0.371,0.128,0.262,0.236,0.082,0.112,0.3,0.085,0.362,0.488,-0.035,0.059,0.249,0.227,0.231,0.312,0.409,0.223,0.252,0.089,0.319,-0.019,0.137,0.296,0.27,0.347,0.451,1.0,0.37,0.239,0.078,0.332,0.049,0.229,0.131,0.181,0.379,0.046,0.302,-0.036,0.314,0.149,0.337,0.197,0.27,0.368,0.318,0.042,0.226,0.053,0.387,0.255,0.24,0.17,0.323,0.319,0.58,0.354,0.342,0.114,0.308,0.337,-0.111,-0.038,0.37,0.307,0.363,0.295,0.611,0.203,0.427,-0.188,0.593,0.368,0.36,0.12,0.411,0.125,-0.007,0.373,0.055,0.238,0.496,0.099,0.533,0.375,0.033,0.251,0.155,0.079,0.431,0.318
INTC,0.308,0.51,0.48,0.578,0.652,0.511,-0.223,0.425,0.677,-0.04,0.068,0.49,-0.252,0.046,0.364,-0.292,0.482,0.423,0.414,0.381,-0.018,0.536,0.401,0.413,0.41,0.601,0.469,0.577,-0.018,0.079,0.299,0.548,0.516,0.556,0.466,0.37,1.0,0.302,-0.157,0.442,0.198,0.374,0.399,0.632,-0.156,0.472,0.717,0.395,0.649,0.465,0.051,0.766,0.515,0.314,0.695,0.12,0.633,-0.136,-0.08,0.376,0.505,-0.209,0.627,-0.034,0.207,0.444,0.419,-0.23,0.555,0.061,0.34,-0.041,-0.111,0.582,0.457,0.767,0.189,0.16,0.391,-0.023,0.438,0.452,0.674,-0.192,0.382,0.015,-0.142,0.56,0.398,0.34,0.262,0.611,0.472,0.302,-0.334,-0.038,0.525,-0.241,0.7,0.383
IOVA,0.438,0.056,0.105,0.299,0.438,0.005,0.295,0.305,0.255,-0.16,0.452,0.676,0.052,0.326,-0.065,0.164,0.152,0.198,0.006,0.014,0.306,0.318,-0.011,0.021,0.14,0.484,0.169,0.117,0.377,0.428,0.373,0.173,0.216,0.207,0.138,0.239,0.302,1.0,0.238,0.312,0.466,-0.111,0.043,0.294,0.21,0.237,0.43,-0.068,0.269,0.037,0.099,0.479,0.126,0.199,0.404,0.512,0.255,0.236,0.253,0.045,0.171,0.026,0.472,0.379,0.367,0.728,0.059,0.243,0.648,0.414,-0.107,0.275,0.203,0.164,0.097,0.421,0.219,0.206,0.259,0.369,0.433,0.099,0.372,0.078,0.404,0.448,0.12,0.395,0.117,0.327,0.309,0.257,0.429,0.331,0.042,0.344,0.488,0.219,0.471,0.341
IQ,0.126,-0.488,-0.612,-0.595,-0.218,-0.473,0.564,-0.292,-0.326,-0.185,0.878,0.138,0.442,0.566,-0.406,0.627,-0.483,-0.248,-0.691,-0.726,0.782,-0.428,-0.398,-0.678,-0.487,-0.409,-0.467,-0.337,0.655,0.384,-0.423,-0.549,-0.557,-0.501,-0.464,0.078,-0.157,0.238,1.0,-0.451,0.403,-0.594,-0.497,-0.555,0.096,-0.367,-0.43,-0.508,-0.448,-0.594,-0.036,-0.355,-0.526,-0.019,-0.264,0.486,-0.359,0.677,0.59,-0.475,-0.579,0.67,-0.448,0.633,0.122,0.022,-0.491,0.955,0.095,0.638,-0.685,0.508,0.524,-0.414,-0.378,-0.357,0.236,0.275,-0.099,0.253,-0.072,-0.613,-0.398,0.591,0.155,0.548,0.495,-0.422,-0.63,-0.269,0.352,-0.583,-0.023,-0.145,0.496,0.66,-0.412,0.973,-0.187,0.043
JBLU,0.505,0.471,0.546,0.574,0.464,0.437,-0.216,0.506,0.518,-0.079,-0.178,0.507,-0.337,-0.094,0.26,-0.528,0.465,0.465,0.402,0.493,-0.293,0.612,0.373,0.522,0.694,0.6,0.555,0.423,-0.194,-0.061,0.318,0.647,0.621,0.684,0.643,0.332,0.442,0.312,-0.451,1.0,-0.011,0.363,0.493,0.616,0.066,0.609,0.636,0.267,0.683,0.523,0.133,0.611,0.514,0.435,0.625,-0.044,0.525,-0.291,-0.213,0.403,0.655,-0.33,0.737,-0.264,0.21,0.484,0.446,-0.47,0.558,-0.106,0.318,-0.249,-0.116,0.483,0.395,0.601,0.107,0.265,0.364,-0.134,0.742,0.569,0.606,-0.2,0.22,-0.137,-0.283,0.643,0.514,0.549,0.045,0.568,0.629,0.468,-0.415,-0.226,0.623,-0.448,0.627,0.283
JD,0.69,-0.449,-0.329,-0.005,0.043,-0.415,0.419,-0.266,-0.084,-0.122,0.496,0.601,0.551,0.741,-0.589,0.302,-0.4,-0.357,-0.176,-0.328,0.508,-0.141,-0.505,-0.483,-0.085,0.129,-0.297,-0.003,0.613,0.727,0.114,-0.372,-0.387,0.043,-0.159,0.049,0.198,0.466,0.403,-0.011,1.0,-0.482,-0.184,-0.152,0.348,0.098,0.037,-0.012,-0.203,-0.369,-0.428,0.275,-0.442,0.007,0.133,0.605,-0.227,0.625,0.172,-0.39,0.063,0.318,0.06,0.483,0.188,0.359,-0.48,0.37,0.635,0.543,-0.23,0.708,0.52,-0.218,-0.368,0.042,0.066,0.407,-0.314,0.693,0.329,-0.365,-0.042,0.592,-0.207,0.78,0.686,-0.232,-0.051,-0.256,-0.103,-0.014,0.543,0.021,0.483,0.678,0.114,0.386,0.165,0.023
KDP,-0.26,0.82,0.798,0.483,0.399,0.732,-0.413,0.55,0.664,0.281,-0.43,-0.052,-0.477,-0.689,0.775,-0.295,0.795,0.62,0.779,0.787,-0.555,0.676,0.633,0.861,0.58,0.489,0.828,0.476,-0.462,-0.475,0.544,0.771,0.752,0.632,0.621,0.229,0.374,-0.111,-0.594,0.363,-0.482,1.0,0.747,0.654,-0.241,0.195,0.626,0.67,0.688,0.799,0.323,0.345,0.788,0.179,0.364,-0.569,0.587,-0.671,-0.272,0.622,0.595,-0.608,0.542,-0.391,0.051,0.063,0.81,-0.603,-0.008,-0.422,0.772,-0.617,-0.415,0.597,0.72,0.602,0.162,-0.307,0.462,-0.411,0.063,0.898,0.568,-0.662,0.295,-0.623,-0.736,0.74,0.633,0.463,0.119,0.719,-0.032,0.241,-0.626,-0.549,0.431,-0.621,0.348,0.226
KHC,0.042,0.6,0.737,0.486,0.441,0.552,-0.469,0.459,0.587,0.329,-0.35,0.247,-0.465,-0.427,0.503,-0.413,0.606,0.412,0.759,0.747,-0.527,0.712,0.533,0.667,0.6,0.642,0.804,0.567,-0.439,-0.341,0.541,0.572,0.548,0.738,0.603,0.131,0.399,0.043,-0.497,0.493,-0.184,0.747,1.0,0.565,-0.174,0.426,0.605,0.692,0.606,0.769,0.268,0.487,0.564,0.299,0.447,-0.42,0.495,-0.564,-0.282,0.569,0.727,-0.633,0.558,-0.479,0.097,0.119,0.55,-0.571,0.232,-0.461,0.712,-0.476,-0.407,0.462,0.597,0.586,-0.003,-0.017,0.311,-0.233,0.18,0.726,0.533,-0.563,0.145,-0.339,-0.598,0.624,0.73,0.462,0.011,0.773,0.165,0.268,-0.596,-0.485,0.484,-0.538,0.37,0.121
LRCX,0.032,0.707,0.774,0.918,0.594,0.693,-0.38,0.569,0.728,-0.106,-0.299,0.386,-0.584,-0.439,0.544,-0.496,0.713,0.522,0.661,0.697,-0.509,0.787,0.534,0.734,0.634,0.754,0.774,0.549,-0.443,-0.246,0.511,0.872,0.902,0.708,0.649,0.181,0.632,0.294,-0.555,0.616,-0.152,0.654,0.565,1.0,-0.25,0.566,0.837,0.452,0.831,0.738,0.151,0.788,0.825,0.256,0.768,-0.129,0.748,-0.605,-0.363,0.59,0.688,-0.557,0.875,-0.374,0.095,0.485,0.692,-0.566,0.436,-0.304,0.607,-0.449,-0.408,0.691,0.66,0.86,0.042,-0.115,0.55,-0.201,0.359,0.766,0.783,-0.638,0.439,-0.367,-0.582,0.821,0.613,0.561,0.095,0.84,0.266,0.407,-0.664,-0.488,0.777,-0.588,0.723,0.338
LYFT,0.337,-0.226,-0.199,-0.216,0.008,-0.238,0.513,0.012,-0.032,0.225,0.109,0.113,0.487,0.414,-0.245,0.298,-0.169,-0.121,-0.21,-0.16,0.33,-0.08,-0.372,-0.169,0.065,-0.064,-0.266,-0.204,0.531,0.295,0.162,-0.25,-0.287,-0.083,0.014,0.379,-0.156,0.21,0.096,0.066,0.348,-0.241,-0.174,-0.25,1.0,-0.077,-0.063,-0.162,-0.3,-0.357,0.016,-0.162,-0.286,0.084,-0.096,0.244,-0.396,0.347,0.258,-0.081,0.041,0.222,-0.043,0.536,0.483,0.254,-0.196,0.167,0.201,0.375,-0.274,0.305,0.553,-0.307,-0.22,-0.131,0.297,0.285,-0.261,0.145,0.314,-0.151,-0.055,0.361,-0.161,0.497,0.484,-0.182,-0.053,-0.098,-0.03,-0.225,0.405,0.108,0.509,0.465,-0.067,0.147,-0.012,-0.011
MARA,0.325,0.363,0.367,0.58,0.515,0.412,-0.412,0.443,0.477,-0.168,-0.153,0.458,-0.345,0.014,0.113,-0.594,0.394,0.302,0.256,0.31,-0.349,0.556,0.409,0.383,0.464,0.582,0.364,0.667,-0.273,0.048,0.209,0.467,0.501,0.508,0.426,0.046,0.472,0.237,-0.367,0.609,0.098,0.195,0.426,0.566,-0.077,1.0,0.551,0.167,0.562,0.415,0.106,0.638,0.425,0.536,0.647,0.248,0.486,-0.271,-0.246,0.449,0.642,-0.216,0.607,-0.301,0.026,0.513,0.234,-0.456,0.428,-0.152,0.242,0.041,-0.303,0.436,0.449,0.631,-0.037,0.551,0.302,0.032,0.33,0.345,0.605,-0.345,0.218,0.039,-0.213,0.486,0.465,0.459,-0.004,0.525,0.379,0.094,-0.32,-0.302,0.745,-0.407,0.578,0.216
MCHP,0.281,0.721,0.717,0.746,0.679,0.68,-0.192,0.579,0.876,0.019,-0.143,0.479,-0.321,-0.276,0.54,-0.308,0.728,0.601,0.697,0.729,-0.226,0.808,0.49,0.709,0.67,0.777,0.747,0.67,-0.106,0.084,0.615,0.791,0.772,0.743,0.673,0.302,0.717,0.43,-0.43,0.636,0.037,0.626,0.605,0.837,-0.063,0.551,1.0,0.505,0.872,0.691,0.165,0.767,0.756,0.344,0.768,0.02,0.745,-0.371,-0.181,0.506,0.774,-0.432,0.92,-0.072,0.214,0.632,0.643,-0.478,0.548,-0.019,0.634,-0.179,-0.177,0.683,0.651,0.91,0.146,0.032,0.457,0.047,0.453,0.746,0.877,-0.411,0.418,-0.165,-0.411,0.852,0.663,0.582,0.19,0.874,0.436,0.446,-0.451,-0.161,0.763,-0.473,0.785,0.459
MDLZ,0.074,0.364,0.469,0.456,0.185,0.282,-0.364,0.102,0.484,0.201,-0.437,0.095,-0.083,-0.315,0.291,-0.109,0.306,0.084,0.804,0.656,-0.351,0.4,0.213,0.479,0.373,0.325,0.502,0.541,-0.273,-0.046,0.635,0.413,0.374,0.516,0.36,-0.036,0.395,-0.068,-0.508,0.267,-0.012,0.67,0.692,0.452,-0.162,0.167,0.505,1.0,0.46,0.544,-0.226,0.363,0.371,-0.144,0.236,-0.326,0.251,-0.398,-0.513,0.164,0.573,-0.518,0.405,-0.271,-0.011,0.003,0.315,-0.548,0.16,-0.322,0.834,-0.243,-0.276,0.229,0.238,0.439,-0.165,-0.289,-0.065,-0.028,0.059,0.515,0.32,-0.322,-0.179,-0.234,-0.314,0.402,0.583,0.036,-0.345,0.672,0.124,0.179,-0.272,-0.313,0.361,-0.552,0.23,-0.117
META,0.144,0.817,0.751,0.689,0.614,0.795,-0.345,0.597,0.802,-0.07,-0.159,0.413,-0.5,-0.42,0.636,-0.441,0.762,0.688,0.624,0.672,-0.351,0.787,0.668,0.765,0.642,0.672,0.79,0.619,-0.297,-0.147,0.46,0.893,0.875,0.739,0.657,0.314,0.649,0.269,-0.448,0.683,-0.203,0.688,0.606,0.831,-0.3,0.562,0.872,0.46,1.0,0.749,0.218,0.688,0.847,0.405,0.729,-0.125,0.833,-0.486,-0.185,0.552,0.668,-0.372,0.85,-0.269,0.089,0.475,0.733,-0.496,0.431,-0.166,0.593,-0.382,-0.319,0.789,0.76,0.849,0.175,0.022,0.624,-0.209,0.4,0.805,0.838,-0.498,0.501,-0.366,-0.604,0.878,0.554,0.653,0.276,0.778,0.338,0.382,-0.57,-0.35,0.7,-0.491,0.733,0.464
MNST,-0.189,0.802,0.785,0.597,0.522,0.76,-0.495,0.58,0.675,0.309,-0.396,0.127,-0.659,-0.62,0.725,-0.478,0.804,0.639,0.738,0.779,-0.568,0.753,0.723,0.836,0.592,0.628,0.884,0.53,-0.558,-0.466,0.477,0.802,0.792,0.713,0.666,0.149,0.465,0.037,-0.594,0.523,-0.369,0.799,0.769,0.738,-0.357,0.415,0.691,0.544,0.749,1.0,0.483,0.586,0.81,0.349,0.496,-0.433,0.681,-0.709,-0.196,0.694,0.607,-0.603,0.659,-0.498,-0.024,0.178,0.742,-0.644,0.123,-0.464,0.692,-0.562,-0.556,0.658,0.72,0.66,0.067,-0.144,0.509,-0.292,0.158,0.845,0.641,-0.667,0.363,-0.532,-0.776,0.785,0.808,0.611,0.129,0.809,0.018,0.273,-0.731,-0.578,0.522,-0.633,0.466,0.304
MRNA,-0.355,0.546,0.396,-0.056,0.354,0.505,-0.015,0.582,0.298,0.413,0.026,-0.079,-0.479,-0.322,0.616,-0.162,0.623,0.69,-0.017,0.196,-0.134,0.422,0.562,0.433,0.224,0.251,0.44,-0.004,-0.141,-0.463,0.002,0.327,0.357,0.174,0.345,0.337,0.051,0.099,-0.036,0.133,-0.428,0.323,0.268,0.151,0.016,0.106,0.165,-0.226,0.218,0.483,1.0,0.054,0.459,0.609,0.162,-0.16,0.316,-0.251,0.547,0.64,0.044,-0.076,0.15,-0.047,0.241,0.198,0.521,-0.04,-0.158,-0.08,-0.109,-0.334,-0.159,0.354,0.562,0.207,0.48,0.184,0.569,-0.384,-0.003,0.432,0.259,-0.363,0.605,-0.319,-0.476,0.427,0.243,0.657,0.659,0.097,-0.19,0.065,-0.37,-0.2,0.047,-0.052,0.169,0.47
MRVL,0.354,0.451,0.574,0.822,0.675,0.478,-0.313,0.484,0.627,-0.092,-0.072,0.686,-0.392,-0.065,0.216,-0.461,0.495,0.354,0.504,0.489,-0.245,0.652,0.369,0.465,0.512,0.826,0.577,0.522,-0.19,0.03,0.455,0.596,0.606,0.716,0.516,0.197,0.766,0.479,-0.355,0.611,0.275,0.345,0.487,0.788,-0.162,0.638,0.767,0.363,0.688,0.586,0.054,1.0,0.539,0.316,0.758,0.129,0.661,-0.277,-0.228,0.445,0.632,-0.371,0.803,-0.227,0.119,0.577,0.408,-0.398,0.698,-0.131,0.408,-0.109,-0.278,0.6,0.463,0.787,0.018,0.152,0.414,0.11,0.496,0.523,0.752,-0.343,0.3,0.042,-0.249,0.65,0.628,0.446,0.133,0.773,0.513,0.384,-0.432,-0.172,0.767,-0.421,0.724,0.355
MSFT,-0.188,0.931,0.849,0.628,0.585,0.881,-0.376,0.646,0.742,0.041,-0.29,0.099,-0.67,-0.588,0.801,-0.408,0.879,0.781,0.629,0.707,-0.464,0.792,0.681,0.871,0.603,0.62,0.805,0.496,-0.432,-0.39,0.403,0.924,0.946,0.64,0.667,0.27,0.515,0.126,-0.526,0.514,-0.442,0.788,0.564,0.825,-0.286,0.425,0.756,0.371,0.847,0.81,0.459,0.539,1.0,0.397,0.597,-0.244,0.815,-0.608,-0.098,0.735,0.536,-0.492,0.753,-0.316,0.125,0.37,0.884,-0.553,0.141,-0.328,0.578,-0.543,-0.395,0.749,0.833,0.749,0.222,-0.115,0.612,-0.375,0.219,0.873,0.757,-0.641,0.587,-0.565,-0.717,0.865,0.558,0.731,0.356,0.744,0.072,0.333,-0.693,-0.484,0.622,-0.549,0.581,0.452
MSTR,0.206,0.498,0.377,0.117,0.338,0.488,0.001,0.398,0.448,0.083,0.175,0.296,-0.286,0.034,0.377,-0.35,0.499,0.663,-0.029,0.149,-0.055,0.535,0.437,0.308,0.408,0.364,0.374,0.223,0.031,-0.105,-0.002,0.343,0.342,0.384,0.443,0.368,0.314,0.199,-0.019,0.435,0.007,0.179,0.299,0.256,0.084,0.536,0.344,-0.144,0.405,0.349,0.609,0.316,0.397,1.0,0.496,0.114,0.439,-0.002,0.468,0.557,0.354,0.069,0.354,-0.01,0.11,0.474,0.419,-0.069,0.278,0.144,-0.086,-0.071,0.027,0.5,0.59,0.427,0.488,0.742,0.554,-0.205,0.368,0.385,0.464,-0.102,0.526,-0.112,-0.185,0.472,0.25,0.755,0.581,0.202,0.278,0.002,-0.236,0.011,0.302,-0.043,0.439,0.641
MU,0.389,0.512,0.532,0.656,0.62,0.55,-0.177,0.466,0.696,-0.149,0.024,0.581,-0.363,-0.03,0.287,-0.46,0.555,0.501,0.344,0.385,-0.223,0.623,0.502,0.454,0.597,0.711,0.552,0.562,-0.128,0.014,0.34,0.641,0.657,0.644,0.571,0.318,0.695,0.404,-0.264,0.625,0.133,0.364,0.447,0.768,-0.096,0.647,0.768,0.236,0.729,0.496,0.162,0.758,0.597,0.496,1.0,0.199,0.713,-0.177,-0.089,0.461,0.686,-0.228,0.825,-0.166,0.273,0.606,0.465,-0.296,0.678,-0.004,0.252,-0.159,-0.098,0.643,0.557,0.819,0.2,0.307,0.539,-0.081,0.566,0.521,0.742,-0.271,0.542,-0.077,-0.27,0.676,0.428,0.523,0.267,0.619,0.52,0.459,-0.398,-0.161,0.674,-0.296,0.93,0.435
MVIS,0.487,-0.322,-0.405,-0.049,0.094,-0.332,0.357,-0.113,-0.052,-0.311,0.524,0.405,0.379,0.611,-0.488,0.27,-0.276,-0.164,-0.441,-0.451,0.524,-0.125,-0.331,-0.413,-0.175,0.003,-0.397,0.027,0.589,0.728,-0.12,-0.295,-0.231,-0.192,-0.221,0.042,0.12,0.512,0.486,-0.044,0.605,-0.569,-0.42,-0.129,0.244,0.248,0.02,-0.326,-0.125,-0.433,-0.16,0.129,-0.244,0.114,0.199,1.0,-0.109,0.63,0.255,-0.352,-0.123,0.545,0.11,0.579,0.323,0.573,-0.393,0.462,0.385,0.595,-0.457,0.72,0.473,-0.15,-0.269,0.012,0.182,0.498,-0.116,0.574,0.203,-0.424,-0.003,0.536,0.134,0.626,0.592,-0.174,-0.274,-0.092,0.142,-0.209,0.301,-0.023,0.501,0.6,0.225,0.478,0.28,0.122
NFLX,0.007,0.75,0.709,0.609,0.636,0.799,-0.369,0.599,0.647,-0.07,-0.095,0.326,-0.568,-0.42,0.602,-0.459,0.741,0.676,0.497,0.529,-0.358,0.7,0.678,0.665,0.433,0.643,0.678,0.501,-0.343,-0.271,0.347,0.78,0.789,0.599,0.486,0.226,0.633,0.255,-0.359,0.525,-0.227,0.587,0.495,0.748,-0.396,0.486,0.745,0.251,0.833,0.681,0.316,0.661,0.815,0.439,0.713,-0.109,1.0,-0.453,-0.038,0.605,0.473,-0.441,0.745,-0.344,0.014,0.446,0.729,-0.458,0.373,-0.232,0.467,-0.412,-0.409,0.847,0.744,0.754,0.097,0.021,0.664,-0.188,0.299,0.676,0.744,-0.487,0.524,-0.408,-0.553,0.764,0.495,0.645,0.388,0.667,0.205,0.365,-0.682,-0.344,0.578,-0.434,0.66,0.576
NNDM,0.501,-0.587,-0.567,-0.542,-0.204,-0.619,0.641,-0.355,-0.322,-0.107,0.596,0.174,0.649,0.741,-0.576,0.513,-0.547,-0.357,-0.57,-0.624,0.759,-0.485,-0.515,-0.68,-0.312,-0.311,-0.598,-0.296,0.783,0.694,-0.307,-0.614,-0.634,-0.368,-0.366,0.053,-0.136,0.236,0.677,-0.291,0.625,-0.671,-0.564,-0.605,0.347,-0.271,-0.371,-0.398,-0.486,-0.709,-0.251,-0.277,-0.608,-0.002,-0.177,0.63,-0.453,1.0,0.464,-0.561,-0.401,0.714,-0.344,0.709,0.218,0.125,-0.572,0.684,0.212,0.724,-0.631,0.789,0.758,-0.456,-0.511,-0.329,0.221,0.448,-0.354,0.525,0.166,-0.606,-0.391,0.837,-0.08,0.644,0.793,-0.482,-0.513,-0.322,0.159,-0.533,0.277,-0.095,0.714,0.845,-0.332,0.684,-0.076,-0.006
NVAX,0.019,-0.015,-0.148,-0.505,0.028,-0.006,0.515,0.091,-0.099,0.165,0.61,0.032,0.162,0.302,0.073,0.392,0.011,0.275,-0.473,-0.403,0.53,-0.046,-0.019,-0.239,-0.207,-0.152,-0.149,-0.293,0.489,0.079,-0.2,-0.207,-0.204,-0.213,-0.118,0.387,-0.08,0.253,0.59,-0.213,0.172,-0.272,-0.282,-0.363,0.258,-0.246,-0.181,-0.513,-0.185,-0.196,0.547,-0.228,-0.098,0.468,-0.089,0.255,-0.038,0.464,1.0,0.075,-0.373,0.448,-0.189,0.524,0.249,0.194,-0.014,0.559,0.012,0.48,-0.541,0.236,0.427,-0.041,0.087,-0.124,0.544,0.388,0.21,0.048,0.043,-0.143,-0.129,0.351,0.374,0.232,0.202,-0.034,-0.277,0.302,0.71,-0.382,0.015,-0.057,0.275,0.495,-0.318,0.567,-0.066,0.412
NVDA,-0.278,0.76,0.69,0.43,0.667,0.763,-0.44,0.722,0.522,0.248,-0.258,0.066,-0.727,-0.401,0.68,-0.506,0.751,0.722,0.393,0.535,-0.441,0.675,0.621,0.749,0.448,0.628,0.72,0.322,-0.497,-0.558,0.23,0.727,0.676,0.472,0.518,0.255,0.376,0.045,-0.475,0.403,-0.39,0.622,0.569,0.59,-0.081,0.449,0.506,0.164,0.552,0.694,0.64,0.445,0.735,0.557,0.461,-0.352,0.605,-0.561,0.075,1.0,0.439,-0.475,0.481,-0.422,0.059,0.233,0.789,-0.505,0.057,-0.43,0.337,-0.5,-0.515,0.626,0.796,0.603,0.189,0.088,0.6,-0.473,0.092,0.713,0.646,-0.669,0.456,-0.378,-0.593,0.67,0.501,0.745,0.385,0.548,0.009,0.162,-0.697,-0.515,0.388,-0.501,0.341,0.469
NWL,0.406,0.55,0.653,0.633,0.44,0.508,-0.279,0.37,0.692,0.033,-0.363,0.392,-0.197,-0.169,0.354,-0.45,0.564,0.402,0.692,0.708,-0.387,0.675,0.372,0.641,0.819,0.676,0.631,0.68,-0.185,0.028,0.56,0.597,0.585,0.82,0.763,0.24,0.505,0.171,-0.579,0.655,0.063,0.595,0.727,0.688,0.041,0.642,0.774,0.573,0.668,0.607,0.044,0.632,0.536,0.354,0.686,-0.123,0.473,-0.401,-0.373,0.439,1.0,-0.473,0.735,-0.249,0.16,0.385,0.448,-0.592,0.456,-0.135,0.632,-0.186,-0.123,0.485,0.524,0.721,0.099,0.178,0.237,-0.021,0.486,0.692,0.736,-0.376,0.153,-0.133,-0.326,0.665,0.692,0.402,-0.09,0.786,0.502,0.353,-0.365,-0.243,0.719,-0.589,0.645,0.141
OCGN,0.213,-0.4,-0.596,-0.553,-0.268,-0.388,0.508,-0.33,-0.303,-0.158,0.57,0.013,0.476,0.512,-0.36,0.407,-0.423,-0.216,-0.722,-0.697,0.644,-0.464,-0.276,-0.567,-0.298,-0.473,-0.556,-0.363,0.612,0.439,-0.542,-0.514,-0.532,-0.412,-0.324,0.17,-0.209,0.026,0.67,-0.33,0.318,-0.608,-0.633,-0.557,0.222,-0.216,-0.432,-0.518,-0.372,-0.603,-0.076,-0.371,-0.492,0.069,-0.228,0.545,-0.441,0.714,0.448,-0.475,-0.473,1.0,-0.41,0.592,0.178,0.064,-0.454,0.703,-0.017,0.661,-0.699,0.585,0.591,-0.315,-0.328,-0.409,0.345,0.385,-0.067,0.218,0.015,-0.529,-0.359,0.627,0.112,0.485,0.557,-0.449,-0.589,-0.275,0.235,-0.635,0.1,-0.184,0.682,0.617,-0.345,0.692,-0.102,0.06
ON,0.343,0.648,0.708,0.802,0.651,0.606,-0.201,0.574,0.772,-0.024,-0.137,0.543,-0.387,-0.252,0.423,-0.39,0.666,0.533,0.622,0.664,-0.295,0.804,0.453,0.654,0.685,0.793,0.734,0.57,-0.174,0.025,0.572,0.79,0.811,0.775,0.67,0.323,0.627,0.472,-0.448,0.737,0.06,0.542,0.558,0.875,-0.043,0.607,0.92,0.405,0.85,0.659,0.15,0.803,0.753,0.354,0.825,0.11,0.745,-0.344,-0.189,0.481,0.735,-0.41,1.0,-0.142,0.269,0.687,0.625,-0.474,0.619,-0.079,0.532,-0.219,-0.15,0.654,0.606,0.853,0.16,0.091,0.497,0.041,0.56,0.723,0.831,-0.354,0.419,-0.152,-0.399,0.822,0.651,0.591,0.187,0.83,0.502,0.496,-0.453,-0.198,0.823,-0.47,0.82,0.387
