,AAL,AAPL,AGNC,AMAT,AMD,AMZN,APA,ARDX,AVGO,AZN,BIDU,BILI,BKR,CAN,CHRD,CMCSA,CPRT,CRWD,CSCO,CSX,DKNG,EBAY,ERIC,EXC,FITB,FLEX,FTNT,GEN,GERN,GEVO,GILD,GOOG,GOOGL,GT,HBAN,HST,INTC,IOVA,IQ,JBLU,JD,KDP,KHC,LRCX,LYFT,MARA,MCHP,MDLZ,META,MNST,MRNA,MRVL,MSFT,MSTR,MU,MVIS,NFLX,NNDM,NVAX,NVDA,NWL,OCGN,ON,OPK,PAA,PACB,PANW,PARA,PDD,PENN,PEP,PLUG,PTEN,PTON,PYPL,QCOM,QVCGA,RIOT,ROKU,RUN,SABR,SBUX,SMCI,SNDL,STNE,TCOM,TLRY,TMUS,TSCO,TSLA,TTD,TXN,UAL,VOD,VTRS,VXRT,WBA,WBD,WDC,ZM
AAL,1.0,0.061,-0.151,0.531,0.449,0.421,0.659,0.403,0.463,0.315,-0.369,0.094,-0.13,0.412,0.295,0.35,0.045,0.139,0.448,-0.386,-0.183,-0.347,-0.032,0.396,-0.242,-0.087,0.576,-0.335,0.583,0.42,-0.092,0.392,0.411,0.77,-0.36,0.815,0.715,0.103,-0.25,0.869,-0.339,0.43,0.614,0.512,0.741,0.645,0.603,0.481,0.423,0.671,-0.465,0.492,0.384,0.72,0.486,0.421,-0.412,0.15,0.313,0.59,0.613,-0.107,0.454,0.406,0.459,0.579,0.112,-0.297,-0.488,-0.461,0.609,0.312,0.235,-0.433,-0.451,0.452,-0.201,0.499,-0.403,0.269,-0.189,0.28,0.709,0.14,-0.327,0.549,0.346,0.631,0.362,0.201,0.204,-0.008,0.929,-0.15,0.666,-0.042,0.579,0.395,0.119,-0.381
AAPL,0.061,1.0,-0.154,0.438,0.377,0.638,0.108,-0.305,0.419,-0.347,-0.27,-0.137,-0.161,0.129,0.35,0.08,0.458,-0.333,-0.119,0.083,-0.442,-0.076,-0.095,0.306,-0.089,0.307,0.247,-0.368,0.021,-0.078,0.31,0.44,0.401,0.216,0.038,0.203,0.192,-0.431,-0.521,0.141,0.314,0.225,0.001,0.437,0.05,-0.06,0.306,0.355,0.417,0.263,-0.304,0.416,0.449,0.1,0.373,0.23,0.219,-0.279,0.385,0.428,0.203,-0.208,0.497,0.554,0.001,0.173,0.241,-0.363,-0.333,-0.419,0.352,0.283,-0.299,-0.329,-0.336,0.469,-0.332,0.111,-0.453,-0.034,-0.461,0.28,0.311,0.151,-0.477,-0.064,0.114,0.143,0.543,0.156,0.299,0.059,0.133,0.145,-0.109,0.299,0.046,0.17,0.214,-0.203
AGNC,-0.151,-0.154,1.0,-0.377,-0.399,-0.169,0.032,-0.049,-0.444,0.125,0.453,0.069,0.038,-0.427,-0.576,0.514,-0.281,0.269,-0.178,-0.052,0.321,0.806,0.553,-0.508,0.521,0.396,-0.16,0.501,-0.202,-0.227,0.273,-0.509,-0.55,-0.307,0.542,-0.251,-0.149,0.388,0.495,0.028,-0.046,-0.469,-0.034,-0.32,-0.112,-0.199,-0.337,-0.397,-0.171,-0.344,0.237,-0.504,-0.561,-0.115,-0.407,0.365,-0.362,0.025,-0.549,-0.492,-0.168,-0.111,-0.429,-0.467,0.322,-0.284,-0.341,0.388,0.364,0.352,-0.403,-0.467,0.545,0.282,0.435,-0.404,0.048,-0.356,0.41,-0.322,0.521,0.49,-0.345,-0.314,0.528,0.085,-0.23,-0.122,-0.39,-0.368,-0.392,0.588,-0.159,0.213,0.015,-0.186,0.217,-0.236,0.176,0.205
AMAT,0.531,0.438,-0.377,1.0,0.782,0.774,0.689,-0.174,0.818,-0.391,-0.311,0.344,-0.346,0.642,0.659,0.306,0.442,-0.223,0.259,-0.363,-0.618,-0.411,-0.241,0.594,-0.076,0.219,0.608,-0.547,0.189,0.157,0.095,0.667,0.627,0.778,-0.069,0.589,0.771,-0.628,-0.416,0.542,0.26,0.375,0.436,0.883,0.537,0.388,0.786,0.664,0.709,0.747,-0.708,0.819,0.655,0.425,0.799,0.317,0.029,-0.354,0.448,0.858,0.543,-0.4,0.673,0.562,0.309,0.351,0.621,-0.503,-0.25,-0.687,0.573,0.535,-0.293,-0.736,-0.672,0.824,-0.235,0.68,-0.697,0.247,-0.658,0.104,0.742,0.524,-0.61,0.438,0.64,0.321,0.724,0.016,0.667,-0.003,0.609,0.258,0.43,-0.026,0.499,0.627,0.339,-0.592
AMD,0.449,0.377,-0.399,0.782,1.0,0.717,0.608,-0.345,0.846,-0.481,-0.425,0.177,-0.367,0.809,0.654,0.281,0.458,-0.228,0.093,-0.455,-0.687,-0.45,-0.229,0.599,-0.145,0.278,0.662,-0.504,0.199,0.139,0.136,0.594,0.542,0.721,-0.016,0.5,0.553,-0.604,-0.51,0.504,0.218,0.378,0.255,0.763,0.602,0.376,0.882,0.621,0.567,0.748,-0.685,0.844,0.66,0.461,0.798,0.312,-0.067,-0.37,0.48,0.822,0.463,-0.421,0.668,0.584,0.26,0.325,0.542,-0.596,-0.438,-0.702,0.625,0.632,-0.328,-0.686,-0.626,0.813,-0.24,0.742,-0.733,0.246,-0.589,0.158,0.698,0.525,-0.691,0.46,0.661,0.268,0.684,0.083,0.833,0.015,0.597,0.319,0.546,-0.115,0.463,0.723,0.299,-0.551
AMZN,0.421,0.638,-0.169,0.774,0.717,1.0,0.594,-0.301,0.691,-0.478,-0.284,0.17,-0.48,0.523,0.553,0.402,0.377,-0.179,0.078,-0.29,-0.646,-0.251,-0.044,0.539,-0.082,0.4,0.574,-0.471,0.103,0.012,0.378,0.596,0.536,0.626,0.084,0.489,0.498,-0.563,-0.48,0.491,0.22,0.291,0.27,0.821,0.553,0.204,0.665,0.558,0.567,0.72,-0.634,0.724,0.557,0.371,0.682,0.45,-0.072,-0.485,0.294,0.773,0.437,-0.54,0.602,0.532,0.172,0.218,0.416,-0.625,-0.403,-0.648,0.54,0.46,-0.273,-0.711,-0.634,0.768,-0.314,0.53,-0.663,0.09,-0.48,0.399,0.681,0.422,-0.624,0.484,0.511,0.248,0.657,-0.114,0.61,-0.006,0.543,0.436,0.292,-0.161,0.423,0.593,0.455,-0.635
APA,0.659,0.108,0.032,0.689,0.608,0.594,1.0,0.108,0.55,-0.107,-0.111,0.35,-0.12,0.534,0.347,0.531,0.221,-0.01,0.376,-0.457,-0.301,-0.113,0.057,0.416,0.213,0.253,0.626,-0.253,0.425,0.28,0.114,0.378,0.353,0.738,0.009,0.649,0.674,-0.227,-0.089,0.729,-0.07,0.229,0.587,0.623,0.7,0.486,0.714,0.529,0.513,0.633,-0.533,0.582,0.35,0.573,0.566,0.542,-0.333,-0.062,0.157,0.692,0.504,-0.353,0.427,0.357,0.501,0.49,0.32,-0.214,-0.257,-0.393,0.476,0.269,0.203,-0.533,-0.312,0.649,-0.21,0.573,-0.307,0.253,-0.279,0.378,0.76,0.23,-0.201,0.631,0.466,0.534,0.406,0.009,0.354,0.259,0.727,0.337,0.579,-0.18,0.783,0.527,0.352,-0.466
ARDX,0.403,-0.305,-0.049,-0.174,-0.345,-0.301,0.108,1.0,-0.274,0.68,-0.115,-0.159,0.428,-0.268,-0.204,-0.202,-0.261,0.167,0.443,0.209,0.604,-0.058,-0.146,-0.021,-0.236,-0.586,-0.066,0.095,0.561,0.397,-0.494,0.009,0.092,0.066,-0.523,0.253,0.028,0.518,0.132,0.233,-0.593,0.292,0.356,-0.174,0.031,0.23,-0.087,-0.089,-0.158,-0.09,0.381,-0.234,-0.043,0.239,-0.301,-0.076,-0.125,0.694,0.092,-0.024,0.123,0.472,-0.136,-0.065,-0.045,0.455,-0.353,0.431,-0.135,0.363,0.142,-0.116,0.4,0.376,0.227,-0.274,0.111,-0.229,0.418,0.387,0.228,-0.205,0.105,-0.471,0.335,-0.077,-0.37,0.381,-0.309,0.364,-0.554,-0.14,0.269,-0.589,0.076,0.308,0.051,-0.402,-0.426,0.335
AVGO,0.463,0.419,-0.444,0.818,0.846,0.691,0.55,-0.274,1.0,-0.5,-0.426,0.113,-0.234,0.675,0.73,0.278,0.457,-0.283,0.104,-0.38,-0.641,-0.484,-0.295,0.61,-0.22,0.238,0.642,-0.628,0.276,0.184,0.122,0.749,0.736,0.748,-0.092,0.484,0.641,-0.663,-0.57,0.566,0.153,0.421,0.307,0.776,0.56,0.301,0.817,0.626,0.736,0.796,-0.674,0.854,0.802,0.428,0.725,0.296,0.056,-0.308,0.557,0.788,0.531,-0.239,0.718,0.606,0.299,0.384,0.508,-0.624,-0.436,-0.742,0.633,0.624,-0.239,-0.737,-0.694,0.744,-0.292,0.6,-0.782,0.349,-0.626,0.151,0.711,0.481,-0.725,0.389,0.519,0.305,0.727,0.218,0.665,0.003,0.604,0.242,0.368,-0.047,0.431,0.706,0.287,-0.528
AZN,0.315,-0.347,0.125,-0.391,-0.481,-0.478,-0.107,0.68,-0.5,1.0,-0.039,-0.141,0.293,-0.399,-0.414,-0.156,-0.365,0.413,0.43,0.176,0.553,0.052,0.049,-0.204,-0.111,-0.576,-0.272,0.283,0.385,0.264,-0.319,-0.282,-0.228,-0.225,-0.435,0.241,-0.104,0.853,0.273,0.087,-0.555,0.069,0.291,-0.489,-0.036,0.358,-0.332,-0.19,-0.404,-0.315,0.28,-0.429,-0.274,0.259,-0.385,-0.035,-0.397,0.63,-0.166,-0.278,0.011,0.392,-0.315,-0.238,0.064,0.226,-0.482,0.452,-0.082,0.369,-0.014,-0.333,0.529,0.392,0.34,-0.46,0.128,-0.15,0.454,0.028,0.389,-0.007,-0.15,-0.429,0.453,-0.21,-0.304,0.256,-0.509,0.224,-0.583,-0.088,0.095,-0.595,0.168,0.138,-0.11,-0.476,-0.32,0.296
BIDU,-0.369,-0.27,0.453,-0.311,-0.425,-0.284,-0.111,-0.115,-0.426,-0.039,1.0,0.61,-0.01,-0.237,-0.351,0.19,-0.078,0.012,0.067,-0.142,0.247,0.426,0.412,-0.277,0.59,0.254,-0.222,0.464,-0.328,-0.208,0.361,-0.552,-0.565,-0.328,0.553,-0.375,-0.229,0.083,0.825,-0.226,0.384,-0.492,0.064,-0.357,-0.223,-0.318,-0.392,-0.219,-0.23,-0.213,0.286,-0.383,-0.546,-0.302,-0.325,0.119,0.045,-0.009,-0.411,-0.45,-0.219,-0.13,-0.393,-0.346,0.154,-0.412,0.059,0.34,0.713,0.343,-0.482,-0.397,0.127,0.344,0.341,-0.313,0.145,-0.188,0.508,-0.299,0.369,0.129,-0.401,0.056,0.665,0.095,0.065,-0.314,-0.272,-0.533,-0.175,0.265,-0.3,0.266,-0.076,-0.115,0.186,-0.099,0.398,0.226
BILI,0.094,-0.137,0.069,0.344,0.177,0.17,0.35,-0.159,0.113,-0.141,0.61,1.0,-0.202,0.332,0.18,0.327,0.242,-0.136,0.533,-0.445,-0.261,0.004,0.08,0.24,0.378,0.313,0.089,0.001,-0.052,0.107,0.296,-0.032,-0.094,0.216,0.426,0.109,0.285,-0.295,0.459,0.161,0.491,-0.059,0.576,0.218,0.253,0.162,0.18,0.358,0.201,0.357,-0.321,0.16,-0.009,0.148,0.288,0.313,-0.084,-0.074,-0.031,0.154,0.313,-0.279,0.126,0.08,0.374,-0.038,0.488,-0.037,0.431,-0.21,0.024,0.171,-0.078,-0.233,-0.209,0.209,0.061,0.44,-0.056,0.047,-0.151,0.042,0.146,0.442,0.199,0.436,0.599,0.012,0.163,-0.405,0.311,0.047,0.185,0.288,0.379,-0.155,0.427,0.424,0.528,-0.268
BKR,-0.13,-0.161,0.038,-0.346,-0.367,-0.48,-0.12,0.428,-0.234,0.293,-0.01,-0.202,1.0,-0.212,-0.015,-0.289,-0.051,-0.134,0.202,0.302,0.494,0.182,-0.159,-0.107,-0.062,-0.313,-0.308,0.038,0.323,0.332,-0.363,-0.064,0.007,-0.241,-0.333,-0.159,-0.124,0.234,0.054,-0.131,-0.402,0.15,0.094,-0.324,-0.345,-0.064,-0.286,-0.196,-0.04,-0.347,0.393,-0.285,-0.038,-0.036,-0.29,-0.121,0.251,0.624,0.059,-0.281,-0.033,0.666,-0.172,-0.106,-0.023,0.281,-0.167,0.417,0.022,0.402,-0.001,-0.074,0.407,0.38,0.352,-0.39,0.191,-0.394,0.428,0.231,0.131,-0.229,-0.194,-0.453,0.304,-0.306,-0.453,0.137,-0.17,0.526,-0.433,-0.097,-0.185,-0.302,-0.232,0.433,-0.242,-0.495,-0.392,0.463
CAN,0.412,0.129,-0.427,0.642,0.809,0.523,0.534,-0.268,0.675,-0.399,-0.237,0.332,-0.212,1.0,0.638,0.191,0.33,-0.178,0.188,-0.462,-0.603,-0.475,-0.138,0.558,-0.119,0.236,0.578,-0.443,0.171,0.274,0.134,0.433,0.395,0.696,-0.047,0.435,0.526,-0.568,-0.377,0.424,0.186,0.27,0.267,0.674,0.582,0.464,0.71,0.522,0.532,0.701,-0.614,0.797,0.481,0.543,0.749,0.332,0.045,-0.283,0.436,0.672,0.508,-0.287,0.61,0.53,0.276,0.267,0.557,-0.57,-0.314,-0.621,0.446,0.673,-0.314,-0.622,-0.631,0.701,-0.117,0.777,-0.651,0.284,-0.381,0.047,0.593,0.557,-0.607,0.53,0.702,0.222,0.624,0.072,0.763,-0.139,0.545,0.295,0.531,-0.111,0.402,0.723,0.308,-0.572
CHRD,0.295,0.35,-0.576,0.659,0.654,0.553,0.347,-0.204,0.73,-0.414,-0.351,0.18,-0.015,0.638,1.0,-0.039,0.486,-0.383,0.182,-0.283,-0.554,-0.543,-0.517,0.669,-0.337,0.076,0.415,-0.596,0.144,0.353,0.033,0.593,0.579,0.557,-0.232,0.453,0.438,-0.652,-0.469,0.303,0.221,0.449,0.271,0.703,0.274,0.308,0.593,0.616,0.637,0.686,-0.549,0.716,0.657,0.246,0.725,0.101,0.256,-0.28,0.49,0.723,0.427,-0.137,0.614,0.553,0.03,0.191,0.579,-0.597,-0.359,-0.604,0.564,0.666,-0.359,-0.58,-0.675,0.688,-0.094,0.56,-0.629,0.328,-0.721,-0.103,0.575,0.535,-0.618,0.301,0.506,0.141,0.748,0.271,0.646,-0.39,0.409,0.157,0.267,0.008,0.184,0.493,0.238,-0.486
CMCSA,0.35,0.08,0.514,0.306,0.281,0.402,0.531,-0.202,0.278,-0.156,0.19,0.327,-0.289,0.191,-0.039,1.0,0.031,0.147,0.036,-0.474,-0.308,0.377,0.391,0.112,0.497,0.595,0.386,-0.022,0.042,0.058,0.516,-0.011,-0.069,0.397,0.487,0.301,0.466,-0.093,0.134,0.593,0.107,-0.021,0.33,0.309,0.502,0.156,0.365,0.255,0.321,0.388,-0.383,0.215,0.036,0.355,0.197,0.628,-0.402,-0.243,-0.054,0.171,0.442,-0.388,0.228,0.176,0.64,0.062,0.007,-0.056,0.059,-0.269,0.184,0.044,0.308,-0.372,-0.208,0.25,-0.11,0.252,-0.215,-0.091,-0.002,0.664,0.329,0.096,-0.074,0.532,0.263,0.232,0.217,-0.316,0.153,0.581,0.443,0.377,0.496,-0.279,0.665,0.471,0.523,-0.333
CPRT,0.045,0.458,-0.281,0.442,0.458,0.377,0.221,-0.261,0.457,-0.365,-0.078,0.242,-0.051,0.33,0.486,0.031,1.0,-0.492,0.136,-0.21,-0.52,-0.078,-0.421,0.514,0.072,0.332,0.205,-0.326,-0.03,0.094,0.085,0.396,0.345,0.28,0.141,0.334,0.222,-0.493,-0.283,0.174,0.398,0.354,0.193,0.399,0.083,0.056,0.411,0.469,0.497,0.399,-0.414,0.372,0.508,0.064,0.435,0.033,0.32,-0.23,0.346,0.365,0.314,-0.189,0.516,0.428,0.061,0.26,0.418,-0.293,-0.195,-0.468,0.422,0.445,-0.437,-0.261,-0.303,0.518,-0.284,0.391,-0.43,0.294,-0.478,-0.07,0.311,0.506,-0.278,-0.032,0.476,0.052,0.644,0.074,0.512,-0.031,0.177,0.18,0.06,0.066,0.155,0.359,0.238,-0.142
CRWD,0.139,-0.333,0.269,-0.223,-0.228,-0.179,-0.01,0.167,-0.283,0.413,0.012,-0.136,-0.134,-0.178,-0.383,0.147,-0.492,1.0,-0.005,0.157,0.305,0.086,0.461,-0.457,-0.0,-0.237,0.089,0.54,0.082,-0.14,-0.005,-0.333,-0.313,-0.118,-0.077,0.015,-0.092,0.537,0.238,0.071,-0.353,-0.321,-0.041,-0.312,0.113,0.39,-0.262,-0.297,-0.408,-0.151,0.079,-0.276,-0.412,0.071,-0.333,0.043,-0.547,0.136,-0.453,-0.193,-0.164,-0.142,-0.373,-0.343,0.065,-0.097,-0.369,0.103,0.024,0.173,-0.251,-0.429,0.507,0.129,0.159,-0.246,-0.065,-0.019,0.219,-0.3,0.4,0.166,-0.157,-0.259,0.262,-0.043,-0.082,0.049,-0.44,-0.141,-0.275,0.173,0.012,-0.11,0.233,-0.319,0.027,-0.23,-0.136,0.021
CSCO,0.448,-0.119,-0.178,0.259,0.093,0.078,0.376,0.443,0.104,0.43,0.067,0.533,0.202,0.188,0.182,0.036,0.136,-0.005,1.0,-0.124,0.016,-0.271,-0.17,0.387,-0.137,-0.273,0.009,-0.164,0.554,0.447,-0.151,0.243,0.251,0.258,-0.272,0.449,0.314,0.065,0.154,0.354,-0.228,0.344,0.866,0.11,0.351,0.498,0.189,0.46,0.101,0.319,-0.245,0.142,0.254,0.505,0.133,0.23,-0.28,0.467,0.199,0.268,0.459,0.163,0.203,0.232,0.247,0.469,0.123,0.015,-0.145,-0.15,0.41,0.232,0.211,-0.164,-0.186,0.101,-0.031,0.358,0.05,0.357,-0.124,-0.012,0.328,0.023,0.188,0.197,0.241,0.442,0.03,0.157,-0.04,-0.292,0.429,-0.243,0.374,0.083,0.272,0.133,0.053,-0.15
CSX,-0.386,0.083,-0.052,-0.363,-0.455,-0.29,-0.457,0.209,-0.38,0.176,-0.142,-0.445,0.302,-0.462,-0.283,-0.474,-0.21,0.157,-0.124,1.0,0.381,0.119,-0.084,-0.375,-0.226,-0.448,-0.391,0.233,-0.071,-0.194,-0.209,-0.079,-0.032,-0.498,-0.273,-0.422,-0.462,0.208,-0.084,-0.475,-0.207,-0.151,-0.304,-0.444,-0.523,-0.306,-0.564,-0.387,-0.451,-0.515,0.443,-0.386,-0.212,-0.398,-0.437,-0.526,0.152,0.221,-0.195,-0.328,-0.462,0.254,-0.4,-0.307,-0.541,-0.218,-0.282,0.232,-0.026,0.361,-0.234,-0.379,0.075,0.382,0.382,-0.431,0.052,-0.538,0.363,-0.112,0.263,-0.287,-0.499,-0.473,0.262,-0.586,-0.539,-0.259,-0.345,0.17,-0.395,-0.157,-0.439,-0.247,-0.531,0.315,-0.543,-0.637,-0.548,0.292
DKNG,-0.183,-0.442,0.321,-0.618,-0.687,-0.646,-0.301,0.604,-0.641,0.553,0.247,-0.261,0.494,-0.603,-0.554,-0.308,-0.52,0.305,0.016,0.381,1.0,0.303,0.127,-0.588,0.088,-0.44,-0.366,0.603,0.113,-0.113,-0.316,-0.54,-0.453,-0.461,-0.191,-0.35,-0.461,0.703,0.403,-0.258,-0.39,-0.292,-0.133,-0.653,-0.415,-0.221,-0.537,-0.633,-0.574,-0.585,0.859,-0.589,-0.585,-0.278,-0.725,-0.254,0.0,0.626,-0.322,-0.492,-0.474,0.514,-0.648,-0.546,-0.262,-0.052,-0.42,0.752,0.346,0.872,-0.452,-0.632,0.505,0.826,0.671,-0.618,0.441,-0.609,0.833,-0.092,0.575,-0.123,-0.438,-0.612,0.64,-0.367,-0.582,-0.089,-0.693,0.053,-0.68,0.064,-0.305,-0.298,-0.27,0.337,-0.246,-0.729,-0.448,0.716
EBAY,-0.347,-0.076,0.806,-0.411,-0.45,-0.251,-0.113,-0.058,-0.484,0.052,0.426,0.004,0.182,-0.475,-0.543,0.377,-0.078,0.086,-0.271,0.119,0.303,1.0,0.338,-0.47,0.55,0.377,-0.232,0.437,-0.283,-0.162,0.19,-0.504,-0.54,-0.39,0.515,-0.364,-0.197,0.282,0.399,-0.154,0.059,-0.331,-0.172,-0.387,-0.319,-0.37,-0.397,-0.461,-0.164,-0.47,0.323,-0.535,-0.523,-0.265,-0.451,0.13,-0.042,0.042,-0.496,-0.549,-0.188,0.026,-0.397,-0.412,0.16,-0.252,-0.296,0.447,0.455,0.402,-0.36,-0.434,0.373,0.395,0.55,-0.461,0.021,-0.451,0.421,-0.263,0.414,0.279,-0.412,-0.357,0.468,-0.162,-0.316,-0.164,-0.282,-0.237,-0.381,0.523,-0.335,0.128,-0.209,-0.02,0.044,-0.342,0.084,0.359
ERIC,-0.032,-0.095,0.553,-0.241,-0.229,-0.044,0.057,-0.146,-0.295,0.049,0.412,0.08,-0.159,-0.138,-0.517,0.391,-0.421,0.461,-0.17,-0.084,0.127,0.338,1.0,-0.47,0.411,0.217,0.093,0.378,-0.117,-0.274,0.265,-0.354,-0.362,-0.134,0.352,-0.204,0.005,0.238,0.342,0.062,-0.102,-0.476,-0.066,-0.215,0.12,-0.055,-0.237,-0.28,-0.155,-0.163,0.051,-0.27,-0.451,-0.004,-0.26,0.287,-0.4,-0.055,-0.417,-0.337,-0.075,-0.259,-0.292,-0.212,0.334,-0.196,-0.146,0.155,0.19,0.178,-0.311,-0.453,0.378,0.056,0.211,-0.206,-0.043,-0.176,0.206,-0.443,0.506,0.407,-0.179,-0.241,0.284,0.344,-0.079,0.065,-0.266,-0.355,-0.22,0.517,-0.065,0.203,0.132,-0.273,0.237,-0.08,0.127,-0.002
EXC,0.396,0.306,-0.508,0.594,0.599,0.539,0.416,-0.021,0.61,-0.204,-0.277,0.24,-0.107,0.558,0.669,0.112,0.514,-0.457,0.387,-0.375,-0.588,-0.47,-0.47,1.0,-0.182,0.091,0.313,-0.759,0.379,0.461,0.067,0.625,0.595,0.588,-0.225,0.607,0.426,-0.507,-0.299,0.398,0.095,0.656,0.436,0.644,0.466,0.356,0.665,0.794,0.541,0.633,-0.569,0.676,0.739,0.507,0.617,0.241,0.15,-0.1,0.679,0.692,0.688,0.021,0.804,0.736,0.174,0.449,0.357,-0.475,-0.463,-0.555,0.711,0.799,-0.398,-0.602,-0.645,0.615,-0.111,0.567,-0.484,0.523,-0.542,-0.039,0.68,0.461,-0.466,0.293,0.405,0.33,0.611,0.282,0.464,-0.363,0.538,0.09,0.306,0.026,0.319,0.569,0.302,-0.567
FITB,-0.242,-0.089,0.521,-0.076,-0.145,-0.082,0.213,-0.236,-0.22,-0.111,0.59,0.378,-0.062,-0.119,-0.337,0.497,0.072,-0.0,-0.137,-0.226,0.088,0.55,0.411,-0.182,1.0,0.482,0.017,0.37,-0.211,-0.211,0.393,-0.494,-0.537,-0.089,0.683,-0.136,-0.035,0.073,0.474,-0.029,0.353,-0.345,-0.016,-0.167,-0.024,-0.227,-0.043,-0.101,-0.034,-0.179,0.122,-0.149,-0.428,-0.147,-0.158,0.199,-0.025,-0.087,-0.292,-0.195,-0.072,-0.17,-0.123,-0.139,0.313,-0.144,0.045,0.463,0.546,0.323,-0.334,-0.338,0.185,0.139,0.331,-0.017,0.266,-0.06,0.327,-0.301,0.231,0.299,-0.096,-0.001,0.376,0.096,0.089,-0.084,-0.176,-0.411,-0.065,0.617,-0.163,0.457,0.036,-0.033,0.351,0.096,0.298,0.148
FLEX,-0.087,0.307,0.396,0.219,0.278,0.4,0.253,-0.586,0.238,-0.576,0.254,0.313,-0.313,0.236,0.076,0.595,0.332,-0.237,-0.273,-0.448,-0.44,0.377,0.217,0.091,0.482,1.0,0.168,-0.042,-0.31,-0.255,0.616,-0.05,-0.13,0.234,0.728,-0.016,0.133,-0.395,-0.022,0.174,0.529,-0.234,-0.021,0.324,0.218,-0.188,0.249,0.176,0.378,0.275,-0.284,0.188,-0.017,-0.029,0.276,0.443,0.101,-0.425,0.007,0.078,0.132,-0.391,0.242,0.189,0.292,-0.096,0.191,-0.187,0.219,-0.262,-0.025,0.129,-0.177,-0.31,-0.179,0.317,-0.167,0.195,-0.283,-0.149,-0.153,0.446,0.195,0.434,-0.207,0.333,0.396,0.021,0.276,-0.377,0.358,0.366,0.061,0.609,0.015,-0.136,0.382,0.497,0.611,-0.195
FTNT,0.576,0.247,-0.16,0.608,0.662,0.574,0.626,-0.066,0.642,-0.272,-0.222,0.089,-0.308,0.578,0.415,0.386,0.205,0.089,0.009,-0.391,-0.366,-0.232,0.093,0.313,0.017,0.168,1.0,-0.214,0.34,0.246,-0.022,0.365,0.354,0.742,-0.073,0.51,0.628,-0.308,-0.285,0.662,-0.023,0.31,0.235,0.599,0.625,0.423,0.74,0.385,0.592,0.678,-0.465,0.672,0.39,0.479,0.537,0.338,-0.212,-0.198,0.263,0.665,0.477,-0.313,0.526,0.444,0.412,0.367,0.494,-0.444,-0.362,-0.487,0.413,0.344,-0.005,-0.498,-0.43,0.627,-0.198,0.519,-0.505,0.129,-0.228,0.275,0.648,0.249,-0.451,0.582,0.45,0.319,0.571,0.08,0.474,0.288,0.693,0.173,0.586,-0.153,0.628,0.515,0.206,-0.393
GEN,-0.335,-0.368,0.501,-0.547,-0.504,-0.471,-0.253,0.095,-0.628,0.283,0.464,0.001,0.038,-0.443,-0.596,-0.022,-0.326,0.54,-0.164,0.233,0.603,0.437,0.378,-0.759,0.37,-0.042,-0.214,1.0,-0.286,-0.383,0.076,-0.738,-0.725,-0.472,0.311,-0.373,-0.489,0.573,0.512,-0.284,-0.021,-0.597,-0.229,-0.605,-0.312,-0.15,-0.535,-0.628,-0.583,-0.464,0.571,-0.599,-0.775,-0.353,-0.573,-0.083,-0.179,0.127,-0.648,-0.554,-0.601,-0.093,-0.715,-0.665,-0.167,-0.404,-0.306,0.525,0.507,0.588,-0.612,-0.729,0.341,0.628,0.634,-0.495,0.214,-0.312,0.598,-0.432,0.568,0.155,-0.575,-0.257,0.633,-0.244,-0.132,-0.304,-0.614,-0.403,-0.319,0.324,-0.386,0.045,-0.081,-0.054,-0.122,-0.478,-0.068,0.543
GERN,0.583,0.021,-0.202,0.189,0.199,0.103,0.425,0.561,0.276,0.385,-0.328,-0.052,0.323,0.171,0.144,0.042,-0.03,0.082,0.554,-0.071,0.113,-0.283,-0.117,0.379,-0.211,-0.31,0.34,-0.286,1.0,0.624,-0.312,0.377,0.428,0.414,-0.489,0.506,0.351,0.158,-0.126,0.552,-0.506,0.604,0.567,0.107,0.503,0.572,0.404,0.391,0.248,0.299,-0.178,0.279,0.399,0.643,0.073,0.275,-0.342,0.681,0.404,0.397,0.549,0.446,0.398,0.418,0.326,0.822,0.015,-0.014,-0.513,-0.108,0.459,0.327,0.377,-0.203,-0.174,0.126,-0.052,0.216,0.005,0.492,-0.008,0.054,0.538,-0.269,-0.025,0.224,-0.08,0.674,0.052,0.577,-0.197,-0.073,0.577,-0.337,0.357,0.251,0.335,0.135,-0.185,-0.092
GEVO,0.42,-0.078,-0.227,0.157,0.139,0.012,0.28,0.397,0.184,0.264,-0.208,0.107,0.332,0.274,0.353,0.058,0.094,-0.14,0.447,-0.194,-0.113,-0.162,-0.274,0.461,-0.211,-0.255,0.246,-0.383,0.624,1.0,-0.313,0.316,0.331,0.335,-0.375,0.477,0.437,-0.015,-0.015,0.41,-0.273,0.658,0.483,0.164,0.29,0.578,0.316,0.358,0.364,0.251,-0.293,0.211,0.38,0.556,0.243,0.29,-0.142,0.416,0.325,0.241,0.684,0.364,0.416,0.342,0.366,0.528,0.099,-0.071,-0.331,-0.223,0.397,0.534,0.142,-0.246,-0.177,0.024,-0.008,0.298,-0.152,0.626,-0.142,-0.049,0.346,-0.044,-0.078,0.299,0.043,0.423,0.26,0.537,-0.089,-0.152,0.436,-0.473,0.412,0.108,0.236,0.175,0.069,-0.177
GILD,-0.092,0.31,0.273,0.095,0.136,0.378,0.114,-0.494,0.122,-0.319,0.361,0.296,-0.363,0.134,0.033,0.516,0.085,-0.005,-0.151,-0.209,-0.316,0.19,0.265,0.067,0.393,0.616,-0.022,0.076,-0.312,-0.313,1.0,-0.179,-0.23,0.077,0.586,0.007,-0.048,-0.198,0.119,0.093,0.507,-0.339,0.009,0.12,0.197,-0.132,0.034,0.21,-0.006,0.214,-0.177,0.135,-0.138,0.021,0.165,0.43,-0.016,-0.421,-0.088,0.043,-0.013,-0.453,0.043,0.159,0.183,-0.293,-0.039,-0.17,0.223,-0.196,-0.016,-0.098,-0.044,-0.185,-0.174,0.204,-0.089,0.191,-0.134,-0.353,-0.102,0.582,0.078,0.34,-0.077,0.175,0.288,-0.018,0.101,-0.439,0.258,0.201,0.004,0.557,0.009,-0.106,0.297,0.38,0.683,-0.24
GOOG,0.392,0.44,-0.509,0.667,0.594,0.596,0.378,0.009,0.749,-0.282,-0.552,-0.032,-0.064,0.433,0.593,-0.011,0.396,-0.333,0.243,-0.079,-0.54,-0.504,-0.354,0.625,-0.494,-0.05,0.365,-0.738,0.377,0.316,-0.179,1.0,0.986,0.489,-0.363,0.429,0.497,-0.531,-0.613,0.377,-0.1,0.571,0.323,0.677,0.318,0.266,0.578,0.544,0.612,0.536,-0.572,0.635,0.929,0.364,0.568,0.145,0.098,-0.101,0.576,0.641,0.558,-0.059,0.671,0.536,0.097,0.468,0.343,-0.51,-0.574,-0.613,0.625,0.654,-0.271,-0.644,-0.631,0.524,-0.338,0.354,-0.634,0.608,-0.552,-0.093,0.574,0.265,-0.597,0.221,0.23,0.298,0.613,0.388,0.35,-0.222,0.453,-0.065,0.154,0.033,0.125,0.364,0.037,-0.504
GOOGL,0.411,0.401,-0.55,0.627,0.542,0.536,0.353,0.092,0.736,-0.228,-0.565,-0.094,0.007,0.395,0.579,-0.069,0.345,-0.313,0.251,-0.032,-0.453,-0.54,-0.362,0.595,-0.537,-0.13,0.354,-0.725,0.428,0.331,-0.23,0.986,1.0,0.494,-0.436,0.423,0.489,-0.484,-0.618,0.382,-0.167,0.568,0.32,0.632,0.314,0.259,0.546,0.505,0.579,0.526,-0.503,0.616,0.916,0.36,0.515,0.097,0.121,-0.027,0.593,0.625,0.525,0.016,0.634,0.529,0.078,0.501,0.304,-0.474,-0.591,-0.559,0.624,0.601,-0.228,-0.597,-0.605,0.485,-0.314,0.298,-0.582,0.608,-0.515,-0.113,0.574,0.204,-0.576,0.191,0.167,0.341,0.57,0.439,0.286,-0.25,0.461,-0.113,0.12,0.079,0.109,0.32,-0.023,-0.439
GT,0.77,0.216,-0.307,0.778,0.721,0.626,0.738,0.066,0.748,-0.225,-0.328,0.216,-0.241,0.696,0.557,0.397,0.28,-0.118,0.258,-0.498,-0.461,-0.39,-0.134,0.588,-0.089,0.234,0.742,-0.472,0.414,0.335,0.077,0.489,0.494,1.0,-0.13,0.714,0.785,-0.417,-0.37,0.817,0.005,0.436,0.492,0.786,0.799,0.523,0.864,0.629,0.668,0.872,-0.584,0.767,0.518,0.643,0.679,0.427,-0.103,-0.141,0.514,0.787,0.635,-0.21,0.698,0.644,0.455,0.543,0.39,-0.481,-0.384,-0.613,0.663,0.529,-0.126,-0.624,-0.601,0.739,-0.191,0.661,-0.613,0.277,-0.427,0.254,0.86,0.375,-0.576,0.611,0.542,0.598,0.624,0.165,0.533,0.024,0.869,0.151,0.574,-0.026,0.699,0.702,0.3,-0.473
HBAN,-0.36,0.038,0.542,-0.069,-0.016,0.084,0.009,-0.523,-0.092,-0.435,0.553,0.426,-0.333,-0.047,-0.232,0.487,0.141,-0.077,-0.272,-0.273,-0.191,0.515,0.352,-0.225,0.683,0.728,-0.073,0.311,-0.489,-0.375,0.586,-0.363,-0.436,-0.13,1.0,-0.328,-0.129,-0.186,0.335,-0.111,0.627,-0.5,-0.105,-0.036,-0.032,-0.376,-0.074,-0.136,-0.005,-0.046,-0.013,-0.151,-0.343,-0.255,-0.065,0.277,0.025,-0.393,-0.31,-0.261,-0.139,-0.407,-0.146,-0.176,0.219,-0.407,0.053,0.148,0.557,0.044,-0.335,-0.166,-0.021,-0.016,0.09,-0.056,0.049,-0.051,0.026,-0.287,0.087,0.332,-0.21,0.233,0.182,0.144,0.237,-0.265,-0.103,-0.637,0.137,0.501,-0.233,0.524,-0.044,-0.188,0.254,0.32,0.521,0.036
HST,0.815,0.203,-0.251,0.589,0.5,0.489,0.649,0.253,0.484,0.241,-0.375,0.109,-0.159,0.435,0.453,0.301,0.334,0.015,0.449,-0.422,-0.35,-0.364,-0.204,0.607,-0.136,-0.016,0.51,-0.373,0.506,0.477,0.007,0.429,0.423,0.714,-0.328,1.0,0.638,-0.023,-0.259,0.778,-0.186,0.506,0.584,0.549,0.677,0.731,0.653,0.647,0.482,0.651,-0.591,0.569,0.492,0.73,0.524,0.415,-0.31,0.011,0.368,0.67,0.656,-0.148,0.603,0.553,0.413,0.585,0.134,-0.322,-0.54,-0.502,0.676,0.401,0.024,-0.489,-0.509,0.614,-0.233,0.653,-0.441,0.317,-0.329,0.312,0.777,0.297,-0.36,0.426,0.435,0.62,0.488,0.207,0.283,-0.099,0.804,-0.038,0.588,-0.073,0.528,0.453,0.259,-0.456
INTC,0.715,0.192,-0.149,0.771,0.553,0.498,0.674,0.028,0.641,-0.104,-0.229,0.285,-0.124,0.526,0.438,0.466,0.222,-0.092,0.314,-0.462,-0.461,-0.197,0.005,0.426,-0.035,0.133,0.628,-0.489,0.351,0.437,-0.048,0.497,0.489,0.785,-0.129,0.638,1.0,-0.353,-0.232,0.737,-0.054,0.396,0.52,0.693,0.628,0.508,0.67,0.529,0.738,0.641,-0.686,0.592,0.488,0.605,0.619,0.479,-0.177,-0.126,0.322,0.578,0.707,-0.198,0.572,0.486,0.645,0.463,0.439,-0.376,-0.249,-0.629,0.567,0.435,0.07,-0.66,-0.523,0.536,-0.268,0.535,-0.577,0.222,-0.409,0.237,0.676,0.248,-0.434,0.575,0.45,0.534,0.642,0.142,0.377,0.156,0.718,0.007,0.581,-0.069,0.632,0.542,0.288,-0.479
IOVA,0.103,-0.431,0.388,-0.628,-0.604,-0.563,-0.227,0.518,-0.663,0.853,0.083,-0.295,0.234,-0.568,-0.652,-0.093,-0.493,0.537,0.065,0.208,0.703,0.282,0.238,-0.507,0.073,-0.395,-0.308,0.573,0.158,-0.015,-0.198,-0.531,-0.484,-0.417,-0.186,-0.023,-0.353,1.0,0.357,-0.075,-0.503,-0.216,-0.044,-0.664,-0.176,0.098,-0.488,-0.508,-0.581,-0.52,0.501,-0.593,-0.541,-0.017,-0.556,-0.072,-0.379,0.509,-0.444,-0.497,-0.298,0.29,-0.561,-0.525,-0.056,0.003,-0.615,0.583,0.11,0.597,-0.316,-0.582,0.596,0.561,0.553,-0.606,0.203,-0.374,0.608,-0.169,0.606,0.114,-0.368,-0.462,0.556,-0.266,-0.413,0.032,-0.713,0.018,-0.643,0.124,-0.113,-0.369,0.001,0.036,-0.194,-0.576,-0.287,0.467
IQ,-0.25,-0.521,0.495,-0.416,-0.51,-0.48,-0.089,0.132,-0.57,0.273,0.825,0.459,0.054,-0.377,-0.469,0.134,-0.283,0.238,0.154,-0.084,0.403,0.399,0.342,-0.299,0.474,-0.022,-0.285,0.512,-0.126,-0.015,0.119,-0.613,-0.618,-0.37,0.335,-0.259,-0.232,0.357,1.0,-0.178,0.094,-0.388,0.107,-0.481,-0.175,-0.045,-0.409,-0.2,-0.398,-0.347,0.315,-0.545,-0.623,-0.184,-0.432,0.079,-0.223,0.193,-0.477,-0.51,-0.203,0.008,-0.499,-0.465,0.181,-0.329,-0.15,0.475,0.62,0.446,-0.466,-0.439,0.303,0.405,0.453,-0.472,0.213,-0.158,0.683,-0.228,0.44,0.034,-0.426,-0.117,0.854,0.07,-0.078,-0.227,-0.484,-0.433,-0.356,0.241,-0.248,0.008,0.084,-0.178,0.213,-0.239,0.239,0.26
JBLU,0.869,0.141,0.028,0.542,0.504,0.491,0.729,0.233,0.566,0.087,-0.226,0.161,-0.131,0.424,0.303,0.593,0.174,0.071,0.354,-0.475,-0.258,-0.154,0.062,0.398,-0.029,0.174,0.662,-0.284,0.552,0.41,0.093,0.377,0.382,0.817,-0.111,0.778,0.737,-0.075,-0.178,1.0,-0.235,0.406,0.631,0.535,0.797,0.582,0.698,0.51,0.542,0.753,-0.498,0.5,0.405,0.723,0.39,0.591,-0.441,0.07,0.313,0.547,0.683,-0.146,0.527,0.473,0.638,0.579,0.135,-0.285,-0.45,-0.484,0.629,0.313,0.27,-0.442,-0.435,0.502,-0.224,0.488,-0.406,0.271,-0.152,0.504,0.739,0.093,-0.29,0.626,0.35,0.649,0.474,0.138,0.235,0.235,0.932,0.02,0.701,-0.104,0.764,0.519,0.289,-0.376
JD,-0.339,0.314,-0.046,0.26,0.218,0.22,-0.07,-0.593,0.153,-0.555,0.384,0.491,-0.402,0.186,0.221,0.107,0.398,-0.353,-0.228,-0.207,-0.39,0.059,-0.102,0.095,0.353,0.529,-0.023,-0.021,-0.506,-0.273,0.507,-0.1,-0.167,0.005,0.627,-0.186,-0.054,-0.503,0.094,-0.235,1.0,-0.251,-0.106,0.168,-0.143,-0.287,0.096,0.155,0.134,0.12,-0.158,0.219,-0.044,-0.306,0.29,0.002,0.326,-0.475,0.047,0.117,-0.087,-0.382,0.126,0.11,-0.027,-0.38,0.421,-0.118,0.476,-0.196,-0.173,0.098,-0.49,-0.115,-0.186,0.274,-0.016,0.204,-0.244,-0.187,-0.354,-0.012,-0.056,0.557,-0.14,0.024,0.423,-0.317,0.247,-0.423,0.429,0.127,-0.232,0.435,-0.123,0.088,0.066,0.397,0.495,-0.105
KDP,0.43,0.225,-0.469,0.375,0.378,0.291,0.229,0.292,0.421,0.069,-0.492,-0.059,0.15,0.27,0.449,-0.021,0.354,-0.321,0.344,-0.151,-0.292,-0.331,-0.476,0.656,-0.345,-0.234,0.31,-0.597,0.604,0.658,-0.339,0.571,0.568,0.436,-0.5,0.506,0.396,-0.216,-0.388,0.406,-0.251,1.0,0.377,0.375,0.327,0.376,0.536,0.524,0.441,0.402,-0.369,0.409,0.674,0.49,0.339,0.074,-0.003,0.259,0.556,0.49,0.651,0.287,0.624,0.568,0.091,0.675,0.182,-0.276,-0.551,-0.386,0.651,0.659,-0.172,-0.336,-0.345,0.288,-0.123,0.324,-0.375,0.569,-0.325,-0.192,0.508,-0.007,-0.391,0.134,0.052,0.405,0.447,0.587,0.141,-0.272,0.473,-0.356,0.279,0.135,0.094,0.227,-0.126,-0.192
KHC,0.614,0.001,-0.034,0.436,0.255,0.27,0.587,0.356,0.307,0.291,0.064,0.576,0.094,0.267,0.271,0.33,0.193,-0.041,0.866,-0.304,-0.133,-0.172,-0.066,0.436,-0.016,-0.021,0.235,-0.229,0.567,0.483,0.009,0.323,0.32,0.492,-0.105,0.584,0.52,-0.044,0.107,0.631,-0.106,0.377,1.0,0.306,0.52,0.525,0.405,0.552,0.356,0.543,-0.417,0.275,0.332,0.584,0.301,0.45,-0.397,0.342,0.222,0.4,0.612,0.015,0.33,0.315,0.477,0.505,0.181,-0.073,-0.18,-0.317,0.563,0.274,0.289,-0.331,-0.271,0.241,-0.169,0.435,-0.137,0.368,-0.195,0.227,0.505,0.11,0.072,0.445,0.352,0.564,0.19,0.142,0.054,-0.038,0.642,-0.137,0.534,-0.003,0.552,0.328,0.263,-0.268
LRCX,0.512,0.437,-0.32,0.883,0.763,0.821,0.623,-0.174,0.776,-0.489,-0.357,0.218,-0.324,0.674,0.703,0.309,0.399,-0.312,0.11,-0.444,-0.653,-0.387,-0.215,0.644,-0.167,0.324,0.599,-0.605,0.107,0.164,0.12,0.677,0.632,0.786,-0.036,0.549,0.693,-0.664,-0.481,0.535,0.168,0.375,0.306,1.0,0.534,0.298,0.782,0.609,0.762,0.777,-0.636,0.778,0.654,0.422,0.824,0.383,0.145,-0.477,0.497,0.798,0.546,-0.408,0.697,0.585,0.25,0.273,0.528,-0.583,-0.322,-0.686,0.603,0.651,-0.371,-0.729,-0.724,0.801,-0.207,0.601,-0.734,0.275,-0.634,0.133,0.737,0.541,-0.696,0.533,0.596,0.277,0.763,0.001,0.687,-0.081,0.617,0.284,0.402,-0.078,0.468,0.624,0.371,-0.593
LYFT,0.741,0.05,-0.112,0.537,0.602,0.553,0.7,0.031,0.56,-0.036,-0.223,0.253,-0.345,0.582,0.274,0.502,0.083,0.113,0.351,-0.523,-0.415,-0.319,0.12,0.466,-0.024,0.218,0.625,-0.312,0.503,0.29,0.197,0.318,0.314,0.799,-0.032,0.677,0.628,-0.176,-0.175,0.797,-0.143,0.327,0.52,0.534,1.0,0.609,0.699,0.625,0.4,0.762,-0.598,0.572,0.358,0.774,0.47,0.52,-0.453,-0.025,0.307,0.602,0.6,-0.212,0.501,0.54,0.549,0.526,0.22,-0.458,-0.457,-0.554,0.515,0.366,0.062,-0.618,-0.542,0.561,-0.165,0.67,-0.462,0.136,-0.132,0.394,0.776,0.252,-0.363,0.689,0.486,0.655,0.358,-0.033,0.388,0.067,0.814,0.19,0.658,-0.231,0.692,0.733,0.33,-0.548
MARA,0.645,-0.06,-0.199,0.388,0.376,0.204,0.486,0.23,0.301,0.358,-0.318,0.162,-0.064,0.464,0.308,0.156,0.056,0.39,0.498,-0.306,-0.221,-0.37,-0.055,0.356,-0.227,-0.188,0.423,-0.15,0.572,0.578,-0.132,0.266,0.259,0.523,-0.376,0.731,0.508,0.098,-0.045,0.582,-0.287,0.376,0.525,0.298,0.609,1.0,0.447,0.474,0.264,0.45,-0.527,0.361,0.298,0.766,0.358,0.384,-0.48,0.213,0.238,0.445,0.591,-0.021,0.402,0.357,0.451,0.505,0.125,-0.289,-0.44,-0.415,0.392,0.376,0.169,-0.406,-0.384,0.33,-0.15,0.708,-0.304,0.289,-0.142,0.137,0.509,0.175,-0.167,0.36,0.403,0.509,0.222,0.25,0.183,-0.113,0.608,-0.244,0.699,-0.12,0.397,0.323,0.14,-0.398
MCHP,0.603,0.306,-0.337,0.786,0.882,0.665,0.714,-0.087,0.817,-0.332,-0.392,0.18,-0.286,0.71,0.593,0.365,0.411,-0.262,0.189,-0.564,-0.537,-0.397,-0.237,0.665,-0.043,0.249,0.74,-0.535,0.404,0.316,0.034,0.578,0.546,0.864,-0.074,0.653,0.67,-0.488,-0.409,0.698,0.096,0.536,0.405,0.782,0.699,0.447,1.0,0.667,0.667,0.779,-0.613,0.837,0.648,0.577,0.706,0.406,-0.105,-0.194,0.547,0.84,0.607,-0.24,0.761,0.643,0.376,0.547,0.437,-0.425,-0.408,-0.584,0.696,0.636,-0.215,-0.622,-0.579,0.793,-0.181,0.687,-0.622,0.366,-0.524,0.221,0.849,0.395,-0.608,0.539,0.534,0.483,0.637,0.192,0.626,0.108,0.75,0.194,0.584,-0.05,0.638,0.729,0.3,-0.446
MDLZ,0.481,0.355,-0.397,0.664,0.621,0.558,0.529,-0.089,0.626,-0.19,-0.219,0.358,-0.196,0.522,0.616,0.255,0.469,-0.297,0.46,-0.387,-0.633,-0.461,-0.28,0.794,-0.101,0.176,0.385,-0.628,0.391,0.358,0.21,0.544,0.505,0.629,-0.136,0.647,0.529,-0.508,-0.2,0.51,0.155,0.524,0.552,0.609,0.625,0.474,0.667,1.0,0.506,0.689,-0.673,0.627,0.627,0.521,0.627,0.264,-0.082,-0.082,0.576,0.702,0.627,-0.15,0.714,0.771,0.315,0.463,0.388,-0.514,-0.429,-0.664,0.636,0.579,-0.287,-0.636,-0.666,0.695,-0.22,0.665,-0.487,0.273,-0.623,0.051,0.739,0.437,-0.377,0.401,0.46,0.504,0.599,0.159,0.46,-0.193,0.577,0.113,0.416,-0.01,0.513,0.631,0.313,-0.579
META,0.423,0.417,-0.171,0.709,0.567,0.567,0.513,-0.158,0.736,-0.404,-0.23,0.201,-0.04,0.532,0.637,0.321,0.497,-0.408,0.101,-0.451,-0.574,-0.164,-0.155,0.541,-0.034,0.378,0.592,-0.583,0.248,0.364,-0.006,0.612,0.579,0.668,-0.005,0.482,0.738,-0.581,-0.398,0.542,0.134,0.441,0.356,0.762,0.4,0.264,0.667,0.506,1.0,0.633,-0.647,0.627,0.631,0.406,0.685,0.424,0.13,-0.243,0.406,0.572,0.643,-0.106,0.677,0.528,0.473,0.389,0.544,-0.468,-0.277,-0.653,0.546,0.619,-0.146,-0.668,-0.544,0.567,-0.321,0.462,-0.678,0.354,-0.498,0.126,0.61,0.427,-0.546,0.476,0.461,0.327,0.75,0.253,0.45,0.138,0.515,0.107,0.306,-0.004,0.458,0.54,0.309,-0.425
MNST,0.671,0.263,-0.344,0.747,0.748,0.72,0.633,-0.09,0.796,-0.315,-0.213,0.357,-0.347,0.701,0.686,0.388,0.399,-0.151,0.319,-0.515,-0.585,-0.47,-0.163,0.633,-0.179,0.275,0.678,-0.464,0.299,0.251,0.214,0.536,0.526,0.872,-0.046,0.651,0.641,-0.52,-0.347,0.753,0.12,0.402,0.543,0.777,0.762,0.45,0.779,0.689,0.633,1.0,-0.646,0.748,0.592,0.549,0.694,0.392,-0.136,-0.26,0.465,0.777,0.608,-0.335,0.656,0.617,0.376,0.369,0.488,-0.645,-0.437,-0.73,0.671,0.549,-0.207,-0.664,-0.717,0.756,-0.237,0.699,-0.677,0.237,-0.462,0.251,0.782,0.515,-0.553,0.646,0.67,0.42,0.695,0.019,0.649,-0.083,0.819,0.247,0.593,-0.186,0.62,0.743,0.409,-0.579
MRNA,-0.465,-0.304,0.237,-0.708,-0.685,-0.634,-0.533,0.381,-0.674,0.28,0.286,-0.321,0.393,-0.614,-0.549,-0.383,-0.414,0.079,-0.245,0.443,0.859,0.323,0.051,-0.569,0.122,-0.284,-0.465,0.571,-0.178,-0.293,-0.177,-0.572,-0.503,-0.584,-0.013,-0.591,-0.686,0.501,0.315,-0.498,-0.158,-0.369,-0.417,-0.636,-0.598,-0.527,-0.613,-0.673,-0.647,-0.646,1.0,-0.624,-0.58,-0.512,-0.722,-0.412,0.31,0.396,-0.195,-0.584,-0.623,0.443,-0.618,-0.49,-0.463,-0.27,-0.395,0.707,0.426,0.876,-0.555,-0.582,0.163,0.901,0.662,-0.616,0.528,-0.726,0.786,-0.164,0.476,-0.224,-0.586,-0.512,0.535,-0.509,-0.601,-0.327,-0.625,-0.06,-0.555,0.025,-0.518,-0.195,-0.467,0.422,-0.416,-0.726,-0.429,0.786
MRVL,0.492,0.416,-0.504,0.819,0.844,0.724,0.582,-0.234,0.854,-0.429,-0.383,0.16,-0.285,0.797,0.716,0.215,0.372,-0.276,0.142,-0.386,-0.589,-0.535,-0.27,0.676,-0.149,0.188,0.672,-0.599,0.279,0.211,0.135,0.635,0.616,0.767,-0.151,0.569,0.592,-0.593,-0.545,0.5,0.219,0.409,0.275,0.778,0.572,0.361,0.837,0.627,0.627,0.748,-0.624,1.0,0.684,0.504,0.763,0.269,0.093,-0.31,0.563,0.897,0.534,-0.26,0.763,0.658,0.192,0.374,0.555,-0.578,-0.406,-0.614,0.572,0.638,-0.338,-0.697,-0.741,0.85,-0.169,0.664,-0.694,0.296,-0.521,0.147,0.77,0.507,-0.732,0.445,0.537,0.299,0.7,0.151,0.681,-0.111,0.624,0.354,0.369,0.015,0.411,0.718,0.303,-0.595
MSFT,0.384,0.449,-0.561,0.655,0.66,0.557,0.35,-0.043,0.802,-0.274,-0.546,-0.009,-0.038,0.481,0.657,0.036,0.508,-0.412,0.254,-0.212,-0.585,-0.523,-0.451,0.739,-0.428,-0.017,0.39,-0.775,0.399,0.38,-0.138,0.929,0.916,0.518,-0.343,0.492,0.488,-0.541,-0.623,0.405,-0.044,0.674,0.332,0.654,0.358,0.298,0.648,0.627,0.631,0.592,-0.58,0.684,1.0,0.427,0.583,0.141,0.129,-0.082,0.703,0.671,0.634,0.03,0.756,0.656,0.175,0.525,0.389,-0.516,-0.612,-0.632,0.677,0.739,-0.315,-0.629,-0.668,0.57,-0.258,0.422,-0.668,0.625,-0.601,-0.081,0.62,0.316,-0.65,0.191,0.272,0.306,0.675,0.437,0.409,-0.227,0.474,-0.057,0.239,0.064,0.135,0.448,0.08,-0.487
MSTR,0.72,0.1,-0.115,0.425,0.461,0.371,0.573,0.239,0.428,0.259,-0.302,0.148,-0.036,0.543,0.246,0.355,0.064,0.071,0.505,-0.398,-0.278,-0.265,-0.004,0.507,-0.147,-0.029,0.479,-0.353,0.643,0.556,0.021,0.364,0.36,0.643,-0.255,0.73,0.605,-0.017,-0.184,0.723,-0.306,0.49,0.584,0.422,0.774,0.766,0.577,0.521,0.406,0.549,-0.512,0.504,0.427,1.0,0.388,0.587,-0.378,0.187,0.433,0.505,0.765,0.049,0.533,0.577,0.571,0.616,0.108,-0.306,-0.527,-0.463,0.56,0.501,0.183,-0.475,-0.451,0.36,-0.139,0.632,-0.385,0.352,-0.058,0.314,0.63,0.09,-0.294,0.47,0.326,0.611,0.317,0.24,0.199,-0.016,0.747,-0.124,0.666,0.023,0.524,0.492,0.203,-0.425
MU,0.486,0.373,-0.407,0.799,0.798,0.682,0.566,-0.301,0.725,-0.385,-0.325,0.288,-0.29,0.749,0.725,0.197,0.435,-0.333,0.133,-0.437,-0.725,-0.451,-0.26,0.617,-0.158,0.276,0.537,-0.573,0.073,0.243,0.165,0.568,0.515,0.679,-0.065,0.524,0.619,-0.556,-0.432,0.39,0.29,0.339,0.301,0.824,0.47,0.358,0.706,0.627,0.685,0.694,-0.722,0.763,0.583,0.388,1.0,0.305,0.103,-0.442,0.379,0.754,0.465,-0.44,0.592,0.497,0.228,0.188,0.586,-0.605,-0.28,-0.741,0.549,0.613,-0.38,-0.761,-0.611,0.721,-0.246,0.745,-0.761,0.204,-0.669,0.055,0.604,0.726,-0.651,0.5,0.735,0.196,0.689,0.057,0.778,-0.099,0.527,0.23,0.432,-0.081,0.377,0.631,0.419,-0.589
MVIS,0.421,0.23,0.365,0.317,0.312,0.45,0.542,-0.076,0.296,-0.035,0.119,0.313,-0.121,0.332,0.101,0.628,0.033,0.043,0.23,-0.526,-0.254,0.13,0.287,0.241,0.199,0.443,0.338,-0.083,0.275,0.29,0.43,0.145,0.097,0.427,0.277,0.415,0.479,-0.072,0.079,0.591,0.002,0.074,0.45,0.383,0.52,0.384,0.406,0.264,0.424,0.392,-0.412,0.269,0.141,0.587,0.305,1.0,-0.354,-0.047,0.063,0.228,0.508,-0.206,0.332,0.23,0.644,0.272,0.042,-0.136,-0.073,-0.317,0.286,0.287,0.299,-0.402,-0.214,0.209,-0.196,0.381,-0.24,0.162,-0.041,0.728,0.391,0.171,-0.097,0.517,0.348,0.371,0.227,-0.071,0.158,0.297,0.495,0.192,0.484,-0.14,0.586,0.426,0.679,-0.317
NFLX,-0.412,0.219,-0.362,0.029,-0.067,-0.072,-0.333,-0.125,0.056,-0.397,0.045,-0.084,0.251,0.045,0.256,-0.402,0.32,-0.547,-0.28,0.152,0.0,-0.042,-0.4,0.15,-0.025,0.101,-0.212,-0.179,-0.342,-0.142,-0.016,0.098,0.121,-0.103,0.025,-0.31,-0.177,-0.379,-0.223,-0.441,0.326,-0.003,-0.397,0.145,-0.453,-0.48,-0.105,-0.082,0.13,-0.136,0.31,0.093,0.129,-0.378,0.103,-0.354,1.0,-0.166,0.342,-0.024,-0.184,0.181,0.107,0.146,-0.434,-0.147,0.218,0.062,0.287,0.13,-0.107,0.18,-0.555,0.17,-0.041,0.053,0.248,-0.187,-0.017,0.14,-0.285,-0.448,-0.141,0.266,-0.212,-0.388,-0.006,-0.306,0.222,0.057,0.189,-0.297,-0.36,0.075,-0.525,0.476,-0.352,-0.114,-0.049,0.271
NNDM,0.15,-0.279,0.025,-0.354,-0.37,-0.485,-0.062,0.694,-0.308,0.63,-0.009,-0.074,0.624,-0.283,-0.28,-0.243,-0.23,0.136,0.467,0.221,0.626,0.042,-0.055,-0.1,-0.087,-0.425,-0.198,0.127,0.681,0.416,-0.421,-0.101,-0.027,-0.141,-0.393,0.011,-0.126,0.509,0.193,0.07,-0.475,0.259,0.342,-0.477,-0.025,0.213,-0.194,-0.082,-0.243,-0.26,0.396,-0.31,-0.082,0.187,-0.442,-0.047,-0.166,1.0,0.135,-0.193,0.125,0.759,-0.117,-0.043,0.072,0.556,-0.224,0.495,-0.063,0.452,-0.021,-0.115,0.476,0.412,0.329,-0.427,0.229,-0.25,0.535,0.342,0.315,-0.193,-0.028,-0.526,0.429,-0.184,-0.404,0.388,-0.421,0.481,-0.59,-0.093,0.06,-0.53,-0.007,0.441,-0.075,-0.391,-0.42,0.435
NVAX,0.313,0.385,-0.549,0.448,0.48,0.294,0.157,0.092,0.557,-0.166,-0.411,-0.031,0.059,0.436,0.49,-0.054,0.346,-0.453,0.199,-0.195,-0.322,-0.496,-0.417,0.679,-0.292,0.007,0.263,-0.648,0.404,0.325,-0.088,0.576,0.593,0.514,-0.31,0.368,0.322,-0.444,-0.477,0.313,0.047,0.556,0.222,0.497,0.307,0.238,0.547,0.576,0.406,0.465,-0.195,0.563,0.703,0.433,0.379,0.063,0.342,0.135,1.0,0.544,0.556,0.278,0.779,0.805,0.13,0.527,0.307,-0.27,-0.434,-0.368,0.498,0.682,-0.426,-0.284,-0.556,0.482,0.084,0.306,-0.41,0.496,-0.485,-0.156,0.538,0.197,-0.54,0.056,0.162,0.35,0.506,0.436,0.311,-0.308,0.425,-0.128,0.19,0.503,0.135,0.359,-0.05,-0.169
NVDA,0.59,0.428,-0.492,0.858,0.822,0.773,0.692,-0.024,0.788,-0.278,-0.45,0.154,-0.281,0.672,0.723,0.171,0.365,-0.193,0.268,-0.328,-0.492,-0.549,-0.337,0.692,-0.195,0.078,0.665,-0.554,0.397,0.241,0.043,0.641,0.625,0.787,-0.261,0.67,0.578,-0.497,-0.51,0.547,0.117,0.49,0.4,0.798,0.602,0.445,0.84,0.702,0.572,0.777,-0.584,0.897,0.671,0.505,0.754,0.228,-0.024,-0.193,0.544,1.0,0.508,-0.272,0.708,0.671,0.133,0.472,0.513,-0.53,-0.486,-0.581,0.637,0.571,-0.263,-0.649,-0.658,0.872,-0.176,0.666,-0.605,0.301,-0.602,0.088,0.852,0.414,-0.632,0.413,0.514,0.41,0.634,0.209,0.603,-0.16,0.685,0.249,0.428,0.028,0.46,0.596,0.192,-0.551
NWL,0.613,0.203,-0.168,0.543,0.463,0.437,0.504,0.123,0.531,0.011,-0.219,0.313,-0.033,0.508,0.427,0.442,0.314,-0.164,0.459,-0.462,-0.474,-0.188,-0.075,0.688,-0.072,0.132,0.477,-0.601,0.549,0.684,-0.013,0.558,0.525,0.635,-0.139,0.656,0.707,-0.298,-0.203,0.683,-0.087,0.651,0.612,0.546,0.6,0.591,0.607,0.627,0.643,0.608,-0.623,0.534,0.634,0.765,0.465,0.508,-0.184,0.125,0.556,0.508,1.0,0.089,0.757,0.664,0.613,0.59,0.319,-0.321,-0.426,-0.544,0.615,0.696,0.006,-0.578,-0.593,0.409,-0.134,0.533,-0.494,0.543,-0.258,0.154,0.641,0.206,-0.371,0.528,0.346,0.512,0.573,0.283,0.225,0.006,0.69,-0.117,0.584,0.018,0.489,0.53,0.283,-0.527
OCGN,-0.107,-0.208,-0.111,-0.4,-0.421,-0.54,-0.353,0.472,-0.239,0.392,-0.13,-0.279,0.666,-0.287,-0.137,-0.388,-0.189,-0.142,0.163,0.254,0.514,0.026,-0.259,0.021,-0.17,-0.391,-0.313,-0.093,0.446,0.364,-0.453,-0.059,0.016,-0.21,-0.407,-0.148,-0.198,0.29,0.008,-0.146,-0.382,0.287,0.015,-0.408,-0.212,-0.021,-0.24,-0.15,-0.106,-0.335,0.443,-0.26,0.03,0.049,-0.44,-0.206,0.181,0.759,0.278,-0.272,0.089,1.0,-0.027,0.023,-0.03,0.367,-0.16,0.379,-0.066,0.44,-0.044,0.055,0.208,0.377,0.226,-0.455,0.369,-0.385,0.401,0.338,0.222,-0.346,-0.125,-0.459,0.197,-0.328,-0.545,0.174,-0.27,0.554,-0.535,-0.209,-0.155,-0.491,-0.251,0.484,-0.335,-0.382,-0.461,0.365
