,AAL,AAPL,AGNC,AMAT,AMD,AMZN,APA,ARDX,AVGO,AZN,BIDU,BILI,BKR,CAN,CHRD,CMCSA,CPRT,CRWD,CSCO,CSX,DKNG,EBAY,ERIC,EXC,FITB,FLEX,FTNT,GEN,GERN,GEVO,GILD,GOOG,GOOGL,GT,HBAN,HST,INTC,IOVA,IQ,JBLU,JD,KDP,KHC,LRCX,LYFT,MARA,MCHP,MDLZ,META,MNST,MRNA,MRVL,MSFT,MSTR,MU,MVIS,NFLX,NNDM,NVAX,NVDA,NWL,OCGN,ON,OPK,PAA,PACB,PANW,PARA,PDD,PENN,PEP,PLUG,PTEN,PTON,PYPL,QCOM,QVCGA,RIOT,ROKU,RUN,SABR,SBUX,SMCI,SNDL,STNE,TCOM,TLRY,TMUS,TSCO,TSLA,TTD,TXN,UAL,VOD,VTRS,VXRT,WBA,WBD,WDC,ZM
AAL,1.0,0.07,-0.171,-0.361,0.289,0.415,-0.199,0.198,-0.432,0.195,-0.587,-0.621,-0.228,-0.55,-0.453,0.328,0.288,-0.515,-0.156,-0.35,0.224,-0.213,0.04,0.487,-0.465,-0.546,-0.39,-0.401,0.37,-0.637,-0.311,0.111,0.116,-0.218,-0.414,-0.018,-0.2,-0.108,-0.024,0.132,-0.642,-0.418,0.489,-0.233,0.361,-0.634,-0.285,-0.126,0.601,-0.448,0.666,-0.472,0.232,-0.64,-0.462,-0.237,0.47,-0.574,0.27,-0.113,-0.548,-0.591,-0.575,0.213,-0.168,-0.608,-0.433,-0.472,-0.595,-0.239,0.478,-0.547,-0.254,-0.392,-0.214,-0.358,-0.461,-0.638,-0.467,-0.527,-0.343,0.104,-0.505,-0.562,0.072,0.286,-0.468,-0.228,-0.173,-0.545,0.567,-0.409,0.887,-0.082,-0.41,0.579,-0.449,-0.546,0.155,0.551
AAPL,0.07,1.0,0.631,-0.128,-0.357,0.632,-0.284,-0.143,0.381,-0.112,0.05,-0.086,-0.127,-0.054,-0.156,0.246,0.785,0.428,0.081,0.071,-0.212,-0.297,0.037,0.047,0.049,0.283,0.591,0.421,-0.391,0.203,-0.213,0.351,0.42,-0.122,-0.013,0.24,-0.138,0.253,-0.407,0.342,0.127,0.66,0.351,-0.186,0.24,0.019,-0.145,0.486,0.282,0.244,-0.397,0.183,0.757,0.112,-0.177,0.587,0.199,0.384,-0.212,-0.271,0.17,0.34,0.011,-0.419,-0.025,0.232,0.548,0.034,0.039,0.139,0.53,-0.028,-0.172,0.606,0.417,0.111,0.124,0.205,0.038,0.105,0.306,0.448,0.129,-0.15,0.531,-0.499,-0.195,0.611,0.064,0.055,-0.097,0.009,-0.107,-0.129,0.105,-0.319,-0.185,-0.039,-0.329,-0.338
AGNC,-0.171,0.631,1.0,0.272,-0.273,0.212,0.152,-0.058,0.596,0.067,0.414,0.297,0.244,0.214,0.265,0.183,0.546,0.582,0.331,0.371,-0.076,0.069,-0.042,0.12,0.391,0.476,0.552,0.423,-0.265,0.44,0.143,0.362,0.372,0.342,0.386,0.511,0.224,0.349,-0.14,0.497,0.415,0.695,-0.061,0.213,0.205,0.288,0.205,0.407,-0.213,0.507,-0.437,0.467,0.341,0.428,0.197,0.299,-0.198,0.533,-0.122,-0.045,0.501,0.533,0.38,-0.326,0.354,0.474,0.554,0.455,0.307,0.354,0.186,0.274,0.199,0.561,0.418,0.484,0.503,0.432,0.308,0.4,0.524,0.407,0.492,0.192,0.208,-0.392,0.239,0.484,0.186,0.398,-0.299,0.337,-0.146,0.197,0.479,-0.416,0.18,0.325,-0.261,-0.515
AMAT,-0.361,-0.128,0.272,1.0,0.416,-0.423,0.856,0.436,0.688,0.483,0.653,0.787,0.92,0.455,0.85,0.197,-0.238,0.447,0.792,0.858,0.307,0.782,0.087,0.247,0.884,0.613,0.225,0.309,0.299,0.355,0.853,0.481,0.388,0.879,0.892,0.548,0.749,0.461,0.465,0.34,0.485,0.31,-0.584,0.924,-0.083,0.749,0.941,0.042,-0.535,0.763,-0.111,0.782,-0.33,0.761,0.821,-0.144,-0.53,0.24,0.102,0.664,0.813,0.188,0.859,0.359,0.746,0.593,0.26,0.792,0.358,0.538,-0.439,0.754,0.836,0.146,0.211,0.863,0.701,0.637,0.725,0.836,0.691,0.154,0.752,0.772,-0.388,0.14,0.765,0.062,0.547,0.854,-0.425,0.93,-0.101,0.672,0.558,0.012,0.925,0.815,0.119,-0.36
AMD,0.289,-0.357,-0.273,0.416,1.0,-0.208,0.413,0.556,0.032,0.393,0.0,0.013,0.415,-0.134,0.175,0.456,-0.16,-0.23,0.425,0.359,0.418,0.469,0.13,0.433,0.209,-0.009,-0.241,-0.213,0.639,-0.345,0.392,0.391,0.334,0.388,0.206,0.112,0.31,0.192,0.373,0.023,-0.231,-0.297,-0.042,0.431,0.109,0.085,0.438,-0.191,0.133,0.218,0.414,0.141,-0.224,-0.041,0.232,-0.441,0.066,-0.424,0.137,0.676,0.042,-0.439,0.219,0.436,0.28,-0.129,-0.321,0.11,-0.256,0.102,-0.067,0.202,0.342,-0.401,-0.089,0.266,-0.004,-0.142,0.17,0.125,0.116,0.043,-0.014,0.199,-0.365,0.521,0.187,-0.118,0.24,0.105,0.212,0.354,0.401,0.286,-0.042,0.466,0.358,0.124,0.324,0.343
AMZN,0.415,0.632,0.212,-0.423,-0.208,1.0,-0.506,-0.236,-0.075,0.045,-0.233,-0.462,-0.457,-0.278,-0.528,0.408,0.708,-0.13,-0.183,-0.379,-0.184,-0.377,0.164,0.183,-0.394,-0.231,0.138,0.054,-0.245,-0.181,-0.482,0.205,0.307,-0.365,-0.401,0.094,-0.23,-0.18,-0.375,0.192,-0.226,0.268,0.634,-0.429,0.352,-0.395,-0.429,0.457,0.719,-0.099,-0.106,-0.216,0.701,-0.26,-0.441,0.037,0.682,-0.065,-0.183,-0.328,-0.336,-0.207,-0.391,-0.335,-0.434,-0.364,0.022,-0.322,-0.121,-0.198,0.833,-0.434,-0.459,0.001,0.098,-0.247,-0.21,-0.286,-0.379,-0.401,-0.048,0.507,-0.28,-0.545,0.452,-0.06,-0.466,0.337,-0.243,-0.331,0.24,-0.371,0.18,-0.302,-0.228,-0.145,-0.5,-0.383,-0.148,0.079
APA,-0.199,-0.284,0.152,0.856,0.413,-0.506,1.0,0.339,0.453,0.499,0.442,0.675,0.903,0.414,0.877,0.041,-0.396,0.251,0.629,0.704,0.371,0.823,0.145,0.275,0.78,0.51,-0.011,0.151,0.313,0.264,0.8,0.304,0.191,0.79,0.787,0.515,0.704,0.233,0.435,0.336,0.511,0.071,-0.538,0.881,0.005,0.603,0.847,-0.082,-0.516,0.603,0.019,0.546,-0.51,0.602,0.767,-0.236,-0.495,0.065,0.2,0.558,0.682,0.135,0.759,0.412,0.789,0.396,0.055,0.748,0.314,0.438,-0.523,0.621,0.908,-0.025,0.048,0.728,0.694,0.459,0.554,0.694,0.567,-0.026,0.618,0.689,-0.505,0.24,0.753,-0.145,0.414,0.661,-0.35,0.767,0.073,0.715,0.477,0.134,0.806,0.741,0.207,-0.192
ARDX,0.198,-0.143,-0.058,0.436,0.556,-0.236,0.339,1.0,0.315,0.125,0.076,0.037,0.461,-0.37,0.344,0.135,-0.078,0.209,0.618,0.45,0.743,0.543,-0.356,0.46,0.278,0.093,0.171,0.191,0.623,-0.222,0.299,0.352,0.268,0.361,0.299,0.01,0.176,0.619,0.234,0.101,-0.271,-0.135,-0.11,0.42,0.264,0.251,0.443,-0.407,-0.159,0.132,0.511,0.383,0.055,-0.026,0.034,0.06,-0.239,-0.151,0.395,0.451,0.182,-0.383,0.217,0.577,0.439,0.117,0.144,0.155,-0.47,0.577,-0.151,0.345,0.295,0.126,0.361,0.215,0.006,0.011,0.489,0.3,0.112,-0.192,0.049,0.157,-0.029,0.079,0.296,-0.11,0.695,0.213,0.311,0.413,0.329,0.152,-0.13,0.548,0.371,0.052,-0.153,0.277
AVGO,-0.432,0.381,0.596,0.688,0.032,-0.075,0.453,0.315,1.0,0.155,0.688,0.623,0.604,0.386,0.68,0.136,0.256,0.827,0.746,0.768,0.175,0.525,-0.146,0.18,0.739,0.722,0.74,0.741,-0.062,0.528,0.53,0.388,0.346,0.58,0.75,0.477,0.446,0.581,0.006,0.34,0.474,0.684,-0.379,0.596,0.124,0.7,0.627,0.295,-0.46,0.763,-0.347,0.934,0.221,0.689,0.509,0.384,-0.353,0.593,-0.036,0.333,0.831,0.406,0.74,0.044,0.608,0.654,0.783,0.718,0.308,0.674,-0.1,0.707,0.533,0.672,0.649,0.767,0.646,0.673,0.749,0.774,0.751,0.279,0.759,0.523,0.17,-0.282,0.599,0.421,0.666,0.799,-0.449,0.806,-0.322,0.38,0.593,-0.276,0.64,0.627,-0.184,-0.484
AZN,0.195,-0.112,0.067,0.483,0.393,0.045,0.499,0.125,0.155,1.0,0.311,0.232,0.507,0.273,0.36,0.429,-0.125,-0.184,0.375,0.327,-0.04,0.482,0.507,0.47,0.309,0.037,-0.344,-0.225,0.295,0.034,0.558,0.443,0.407,0.454,0.422,0.597,0.636,-0.13,0.488,0.358,0.173,0.049,-0.248,0.497,-0.155,0.137,0.517,0.238,0.013,0.375,0.118,0.197,-0.325,0.293,0.453,-0.49,-0.116,-0.251,-0.004,0.292,0.294,-0.025,0.261,0.208,0.282,0.023,-0.291,0.373,0.277,-0.072,-0.049,0.099,0.547,-0.329,-0.206,0.527,0.289,0.191,0.021,0.281,0.371,0.442,0.417,0.216,-0.485,0.43,0.352,-0.084,-0.07,0.41,-0.304,0.419,0.341,0.666,0.41,0.13,0.383,0.369,0.353,-0.208
BIDU,-0.587,0.05,0.414,0.653,0.0,-0.233,0.442,0.076,0.688,0.311,1.0,0.756,0.504,0.603,0.594,0.046,-0.058,0.448,0.472,0.585,-0.086,0.558,0.073,0.01,0.613,0.493,0.354,0.33,-0.159,0.544,0.513,0.193,0.153,0.618,0.63,0.412,0.499,0.24,0.212,0.23,0.588,0.466,-0.556,0.56,-0.063,0.692,0.594,0.276,-0.512,0.69,-0.495,0.673,-0.185,0.72,0.669,0.029,-0.385,0.447,-0.209,0.321,0.712,0.419,0.724,-0.17,0.414,0.598,0.358,0.71,0.575,0.337,-0.3,0.635,0.53,0.343,0.27,0.663,0.544,0.749,0.521,0.661,0.658,0.263,0.724,0.58,-0.237,-0.068,0.686,0.2,0.263,0.754,-0.645,0.686,-0.429,0.41,0.718,-0.484,0.608,0.653,0.006,-0.608
BILI,-0.621,-0.086,0.297,0.787,0.013,-0.462,0.675,0.037,0.623,0.232,0.756,1.0,0.663,0.735,0.759,-0.06,-0.273,0.489,0.524,0.687,0.03,0.559,0.079,-0.107,0.784,0.63,0.227,0.357,-0.02,0.518,0.734,0.214,0.137,0.721,0.767,0.396,0.513,0.247,0.214,0.16,0.716,0.377,-0.666,0.692,-0.297,0.776,0.697,0.119,-0.673,0.693,-0.428,0.68,-0.353,0.839,0.834,0.026,-0.55,0.455,-0.071,0.441,0.74,0.424,0.782,0.1,0.602,0.707,0.356,0.733,0.645,0.346,-0.539,0.644,0.656,0.243,0.185,0.742,0.702,0.768,0.621,0.768,0.708,0.093,0.733,0.8,-0.367,0.013,0.672,0.091,0.324,0.803,-0.581,0.768,-0.429,0.548,0.632,-0.314,0.775,0.814,0.147,-0.546
BKR,-0.228,-0.127,0.244,0.92,0.415,-0.457,0.903,0.461,0.604,0.507,0.504,0.663,1.0,0.358,0.878,0.112,-0.281,0.42,0.706,0.785,0.348,0.781,0.09,0.285,0.844,0.622,0.155,0.275,0.338,0.294,0.837,0.441,0.332,0.781,0.875,0.557,0.732,0.47,0.522,0.369,0.451,0.2,-0.539,0.914,-0.033,0.672,0.925,-0.054,-0.511,0.64,0.006,0.684,-0.36,0.658,0.747,-0.086,-0.561,0.201,0.167,0.565,0.783,0.179,0.775,0.448,0.812,0.511,0.236,0.77,0.265,0.511,-0.489,0.677,0.905,0.159,0.188,0.809,0.661,0.549,0.644,0.814,0.625,0.105,0.697,0.706,-0.383,0.125,0.746,0.017,0.538,0.777,-0.385,0.844,0.062,0.726,0.55,0.149,0.84,0.752,0.125,-0.282
CAN,-0.55,-0.054,0.214,0.455,-0.134,-0.278,0.414,-0.37,0.386,0.273,0.603,0.735,0.358,1.0,0.477,-0.048,-0.222,0.25,0.132,0.364,-0.331,0.241,0.395,-0.176,0.502,0.496,0.038,0.199,-0.152,0.418,0.567,0.05,0.027,0.442,0.494,0.381,0.357,-0.19,0.099,0.056,0.611,0.364,-0.444,0.42,-0.418,0.494,0.418,0.376,-0.394,0.526,-0.528,0.402,-0.322,0.713,0.735,-0.06,-0.205,0.319,-0.25,0.12,0.542,0.518,0.558,-0.071,0.214,0.453,0.191,0.516,0.716,-0.048,-0.353,0.308,0.49,0.105,0.01,0.572,0.529,0.631,0.219,0.517,0.52,0.217,0.691,0.517,-0.26,0.095,0.419,0.232,-0.081,0.617,-0.656,0.47,-0.471,0.511,0.752,-0.413,0.465,0.611,0.536,-0.568
CHRD,-0.453,-0.156,0.265,0.85,0.175,-0.528,0.877,0.344,0.68,0.36,0.594,0.759,0.878,0.477,1.0,-0.085,-0.331,0.526,0.662,0.769,0.305,0.798,0.004,0.136,0.827,0.641,0.267,0.407,0.168,0.414,0.798,0.251,0.147,0.712,0.861,0.464,0.622,0.383,0.371,0.274,0.616,0.274,-0.622,0.82,-0.076,0.769,0.837,-0.027,-0.697,0.651,-0.114,0.727,-0.353,0.735,0.742,0.055,-0.625,0.319,0.128,0.483,0.814,0.347,0.8,0.322,0.764,0.574,0.362,0.842,0.351,0.564,-0.557,0.711,0.843,0.285,0.294,0.787,0.701,0.652,0.712,0.823,0.628,-0.018,0.742,0.741,-0.312,0.001,0.828,-0.0,0.551,0.787,-0.493,0.839,-0.177,0.628,0.576,-0.039,0.842,0.796,-0.002,-0.376
CMCSA,0.328,0.246,0.183,0.197,0.456,0.408,0.041,0.135,0.136,0.429,0.046,-0.06,0.112,-0.048,-0.085,1.0,0.495,-0.176,0.317,0.255,-0.061,0.047,0.339,0.513,0.113,0.011,-0.018,-0.192,0.188,-0.232,0.18,0.673,0.713,0.305,0.1,0.527,0.185,0.128,0.201,0.383,-0.057,0.272,0.322,0.132,0.043,-0.053,0.192,0.462,0.435,0.41,-0.028,0.072,0.252,0.049,0.13,-0.344,0.345,-0.26,-0.107,0.222,-0.009,-0.174,0.067,-0.144,-0.057,-0.099,-0.178,0.098,-0.031,-0.148,0.55,-0.053,0.027,-0.237,-0.167,0.332,0.037,-0.027,-0.031,0.036,0.286,0.782,0.078,-0.002,-0.133,0.274,-0.126,0.444,-0.084,0.106,-0.053,0.225,0.32,0.18,0.145,-0.042,0.083,0.119,0.213,-0.118
CPRT,0.288,0.785,0.546,-0.238,-0.16,0.708,-0.396,-0.078,0.256,-0.125,-0.058,-0.273,-0.281,-0.222,-0.331,0.495,1.0,0.206,0.048,-0.079,-0.163,-0.366,-0.075,0.184,-0.186,-0.006,0.512,0.242,-0.285,-0.055,-0.371,0.308,0.392,-0.14,-0.189,0.218,-0.249,0.208,-0.377,0.293,-0.07,0.487,0.522,-0.278,0.38,-0.233,-0.298,0.5,0.412,0.151,-0.233,0.065,0.807,-0.141,-0.331,0.278,0.451,0.141,-0.302,-0.186,-0.072,0.017,-0.193,-0.449,-0.183,-0.112,0.355,-0.138,-0.14,0.031,0.765,-0.206,-0.361,0.307,0.282,-0.008,-0.037,-0.131,-0.105,-0.169,0.138,0.577,-0.068,-0.355,0.56,-0.298,-0.39,0.535,-0.042,-0.142,0.116,-0.08,0.082,-0.282,-0.003,-0.281,-0.338,-0.224,-0.275,-0.118
CRWD,-0.515,0.428,0.582,0.447,-0.23,-0.13,0.251,0.209,0.827,-0.184,0.448,0.489,0.42,0.25,0.526,-0.176,0.206,1.0,0.527,0.578,0.149,0.26,-0.285,-0.138,0.613,0.714,0.839,0.858,-0.153,0.544,0.366,0.135,0.107,0.32,0.602,0.179,0.216,0.613,-0.171,0.1,0.427,0.625,-0.288,0.371,0.059,0.565,0.379,0.139,-0.488,0.5,-0.366,0.798,0.277,0.532,0.276,0.638,-0.419,0.724,-0.025,0.111,0.728,0.52,0.554,0.076,0.537,0.738,0.938,0.517,0.247,0.691,-0.175,0.571,0.351,0.854,0.715,0.509,0.576,0.562,0.663,0.686,0.567,0.051,0.56,0.434,0.399,-0.482,0.392,0.42,0.653,0.641,-0.317,0.539,-0.455,0.166,0.417,-0.212,0.424,0.44,-0.341,-0.407
CSCO,-0.156,0.081,0.331,0.792,0.425,-0.183,0.629,0.618,0.746,0.375,0.472,0.524,0.706,0.132,0.662,0.317,0.048,0.527,1.0,0.843,0.469,0.698,-0.111,0.468,0.721,0.515,0.424,0.483,0.255,0.311,0.631,0.529,0.467,0.719,0.716,0.453,0.575,0.584,0.233,0.38,0.2,0.341,-0.343,0.74,0.155,0.603,0.73,0.098,-0.367,0.689,-0.018,0.787,-0.007,0.495,0.489,0.058,-0.368,0.202,0.147,0.566,0.683,0.031,0.67,0.309,0.703,0.491,0.413,0.639,0.041,0.71,-0.152,0.688,0.621,0.268,0.407,0.695,0.571,0.447,0.718,0.672,0.652,0.183,0.544,0.537,-0.149,-0.005,0.616,0.125,0.741,0.673,-0.213,0.817,0.031,0.493,0.324,0.072,0.752,0.587,-0.092,-0.194
CSX,-0.35,0.071,0.371,0.858,0.359,-0.379,0.704,0.45,0.768,0.327,0.585,0.687,0.785,0.364,0.769,0.255,-0.079,0.578,0.843,1.0,0.308,0.663,-0.013,0.297,0.863,0.717,0.384,0.414,0.211,0.382,0.758,0.52,0.44,0.795,0.841,0.533,0.63,0.586,0.302,0.395,0.415,0.422,-0.505,0.77,-0.072,0.76,0.812,0.125,-0.498,0.819,-0.147,0.791,-0.167,0.688,0.673,0.136,-0.512,0.375,0.18,0.527,0.796,0.334,0.817,0.245,0.736,0.708,0.433,0.788,0.278,0.581,-0.323,0.804,0.715,0.357,0.35,0.829,0.649,0.674,0.769,0.827,0.734,0.209,0.69,0.727,-0.292,-0.073,0.714,0.22,0.664,0.782,-0.431,0.884,-0.114,0.572,0.497,-0.047,0.856,0.774,0.013,-0.359
DKNG,0.224,-0.212,-0.076,0.307,0.418,-0.184,0.371,0.743,0.175,-0.04,-0.086,0.03,0.348,-0.331,0.305,-0.061,-0.163,0.149,0.469,0.308,1.0,0.493,-0.388,0.418,0.241,0.107,0.07,0.206,0.492,-0.241,0.147,0.103,0.003,0.285,0.226,-0.164,0.066,0.458,0.077,0.093,-0.183,-0.238,-0.088,0.298,0.378,0.214,0.297,-0.43,-0.156,0.015,0.513,0.253,0.012,-0.061,-0.027,0.03,-0.108,-0.149,0.47,0.424,0.047,-0.426,0.172,0.56,0.446,-0.016,0.078,0.186,-0.434,0.695,-0.166,0.247,0.252,0.05,0.444,0.093,0.127,-0.074,0.445,0.231,0.105,-0.379,-0.08,0.133,0.017,0.167,0.36,-0.258,0.659,0.022,0.464,0.28,0.33,0.096,-0.227,0.513,0.309,0.028,-0.141,0.401
EBAY,-0.213,-0.297,0.069,0.782,0.469,-0.377,0.823,0.543,0.525,0.482,0.558,0.559,0.781,0.241,0.798,0.047,-0.366,0.26,0.698,0.663,0.493,1.0,-0.011,0.423,0.679,0.409,0.075,0.264,0.323,0.201,0.699,0.265,0.154,0.671,0.694,0.369,0.637,0.272,0.346,0.196,0.329,0.024,-0.498,0.763,0.139,0.618,0.784,-0.136,-0.447,0.524,0.082,0.572,-0.361,0.504,0.583,-0.165,-0.4,0.036,0.143,0.564,0.612,-0.027,0.693,0.431,0.699,0.307,0.099,0.694,0.158,0.55,-0.43,0.638,0.772,0.05,0.25,0.614,0.495,0.42,0.574,0.639,0.503,-0.068,0.519,0.568,-0.424,0.252,0.811,-0.158,0.575,0.599,-0.225,0.727,0.032,0.562,0.404,0.156,0.754,0.597,0.05,-0.063
ERIC,0.04,0.037,-0.042,0.087,0.13,0.164,0.145,-0.356,-0.146,0.507,0.073,0.079,0.09,0.395,0.004,0.339,-0.075,-0.285,-0.111,-0.013,-0.388,-0.011,1.0,0.096,0.116,0.095,-0.302,-0.207,0.067,-0.098,0.254,0.221,0.266,0.073,0.079,0.374,0.17,-0.442,0.15,0.109,0.253,0.189,0.15,0.063,-0.237,0.076,0.19,0.503,0.342,0.234,-0.224,-0.131,-0.178,0.281,0.344,-0.32,0.168,-0.224,-0.118,-0.019,0.034,0.207,0.112,-0.157,-0.126,0.002,-0.293,0.09,0.305,-0.373,0.124,-0.14,0.209,-0.306,-0.341,0.234,0.179,0.204,-0.211,0.083,0.239,0.414,0.204,0.173,-0.236,0.351,-0.021,0.232,-0.435,0.142,-0.317,0.053,0.028,0.454,0.262,-0.131,0.064,0.252,0.452,-0.27
EXC,0.487,0.047,0.12,0.247,0.433,0.183,0.275,0.46,0.18,0.47,0.01,-0.107,0.285,-0.176,0.136,0.513,0.184,-0.138,0.468,0.297,0.418,0.423,0.096,1.0,0.171,0.061,-0.1,-0.022,0.354,-0.24,0.173,0.452,0.41,0.31,0.185,0.461,0.277,0.186,0.141,0.414,-0.24,0.039,0.17,0.256,0.332,0.038,0.321,0.135,0.223,0.185,0.301,0.136,0.082,-0.022,0.058,-0.206,0.162,-0.35,0.25,0.144,0.053,-0.344,0.091,0.235,0.262,-0.186,-0.152,0.192,-0.289,0.254,0.267,0.074,0.269,-0.151,0.118,0.261,0.113,-0.093,0.099,0.103,0.212,0.258,0.129,-0.036,-0.16,0.273,0.234,0.038,0.308,0.072,0.125,0.282,0.55,0.388,0.079,0.29,0.179,0.078,0.15,0.146
FITB,-0.465,0.049,0.391,0.884,0.209,-0.394,0.78,0.278,0.739,0.309,0.613,0.784,0.844,0.502,0.827,0.113,-0.186,0.613,0.721,0.863,0.241,0.679,0.116,0.171,1.0,0.828,0.36,0.465,0.096,0.517,0.812,0.448,0.363,0.733,0.951,0.579,0.638,0.476,0.311,0.377,0.576,0.474,-0.543,0.799,-0.116,0.836,0.88,0.148,-0.519,0.794,-0.289,0.769,-0.239,0.844,0.759,0.089,-0.566,0.418,0.108,0.471,0.854,0.422,0.906,0.213,0.801,0.732,0.449,0.876,0.413,0.568,-0.453,0.777,0.801,0.36,0.296,0.837,0.772,0.758,0.766,0.955,0.8,0.147,0.801,0.886,-0.291,-0.053,0.79,0.252,0.546,0.86,-0.542,0.868,-0.233,0.681,0.605,-0.147,0.883,0.885,0.033,-0.486
FLEX,-0.546,0.283,0.476,0.613,-0.009,-0.231,0.51,0.093,0.722,0.037,0.493,0.63,0.622,0.496,0.641,0.011,-0.006,0.714,0.515,0.717,0.107,0.409,0.095,0.061,0.828,1.0,0.546,0.656,-0.089,0.485,0.567,0.355,0.303,0.447,0.76,0.469,0.392,0.454,0.023,0.308,0.576,0.64,-0.272,0.517,-0.098,0.753,0.624,0.303,-0.364,0.715,-0.474,0.705,0.037,0.759,0.569,0.356,-0.39,0.578,0.037,0.165,0.787,0.554,0.766,0.059,0.588,0.691,0.641,0.722,0.416,0.505,-0.269,0.662,0.606,0.57,0.479,0.689,0.721,0.68,0.643,0.832,0.741,0.158,0.722,0.706,0.028,-0.268,0.594,0.534,0.517,0.732,-0.521,0.669,-0.421,0.505,0.567,-0.28,0.615,0.727,0.005,-0.47
FTNT,-0.39,0.591,0.552,0.225,-0.241,0.138,-0.011,0.171,0.74,-0.344,0.354,0.227,0.155,0.038,0.267,-0.018,0.512,0.839,0.424,0.384,0.07,0.075,-0.302,-0.1,0.36,0.546,1.0,0.817,-0.287,0.384,0.033,0.095,0.129,0.128,0.312,0.09,0.0,0.564,-0.364,0.098,0.267,0.67,0.054,0.129,0.295,0.38,0.135,0.299,-0.193,0.425,-0.406,0.639,0.564,0.321,0.034,0.674,-0.092,0.62,-0.165,0.022,0.538,0.395,0.382,-0.195,0.24,0.473,0.899,0.306,0.015,0.624,0.181,0.462,0.055,0.816,0.682,0.282,0.358,0.378,0.506,0.427,0.4,0.133,0.351,0.172,0.621,-0.575,0.163,0.522,0.548,0.407,-0.194,0.365,-0.462,-0.133,0.235,-0.327,0.211,0.225,-0.489,-0.291
GEN,-0.401,0.421,0.423,0.309,-0.213,0.054,0.151,0.191,0.741,-0.225,0.33,0.357,0.275,0.199,0.407,-0.192,0.242,0.858,0.483,0.414,0.206,0.264,-0.207,-0.022,0.465,0.656,0.817,1.0,-0.133,0.354,0.221,0.052,0.034,0.131,0.436,0.055,0.049,0.445,-0.375,-0.027,0.296,0.588,-0.046,0.223,0.163,0.486,0.258,0.207,-0.246,0.389,-0.31,0.693,0.42,0.435,0.154,0.608,-0.172,0.561,-0.047,0.047,0.579,0.329,0.417,0.105,0.373,0.48,0.883,0.372,0.091,0.68,-0.006,0.427,0.248,0.736,0.765,0.341,0.472,0.399,0.515,0.54,0.473,-0.006,0.447,0.288,0.543,-0.366,0.315,0.427,0.638,0.482,-0.147,0.419,-0.445,0.094,0.271,-0.172,0.304,0.303,-0.274,-0.209
GERN,0.37,-0.391,-0.265,0.299,0.639,-0.245,0.313,0.623,-0.062,0.295,-0.159,-0.02,0.338,-0.152,0.168,0.188,-0.285,-0.153,0.255,0.211,0.492,0.323,0.067,0.354,0.096,-0.089,-0.287,-0.133,1.0,-0.506,0.401,0.311,0.232,0.278,0.148,-0.05,0.184,0.201,0.278,-0.178,-0.321,-0.292,-0.02,0.281,-0.101,-0.041,0.35,-0.305,0.08,-0.007,0.676,0.086,-0.19,-0.122,0.122,-0.308,-0.004,-0.391,0.507,0.417,-0.064,-0.384,-0.002,0.743,0.222,-0.061,-0.202,-0.082,-0.377,0.098,-0.113,0.011,0.251,-0.255,0.052,0.149,-0.142,-0.207,0.102,0.088,-0.125,-0.17,-0.039,0.055,-0.136,0.48,0.029,-0.196,0.26,0.117,0.382,0.194,0.462,0.282,-0.163,0.758,0.237,-0.044,0.362,0.45
GEVO,-0.637,0.203,0.44,0.355,-0.345,-0.181,0.264,-0.222,0.528,0.034,0.544,0.518,0.294,0.418,0.414,-0.232,-0.055,0.544,0.311,0.382,-0.241,0.201,-0.098,-0.24,0.517,0.485,0.384,0.354,-0.506,1.0,0.234,0.029,0.024,0.317,0.492,0.331,0.479,0.125,0.016,0.294,0.528,0.471,-0.588,0.345,-0.085,0.508,0.309,0.148,-0.58,0.493,-0.612,0.519,-0.196,0.546,0.38,0.24,-0.517,0.68,-0.146,-0.019,0.625,0.587,0.575,-0.298,0.442,0.619,0.456,0.582,0.574,0.289,-0.394,0.623,0.348,0.458,0.184,0.414,0.575,0.599,0.434,0.513,0.479,0.042,0.572,0.464,-0.145,-0.427,0.505,0.092,0.177,0.556,-0.6,0.4,-0.494,0.232,0.432,-0.577,0.414,0.579,-0.286,-0.578
GILD,-0.311,-0.213,0.143,0.853,0.392,-0.482,0.8,0.299,0.53,0.558,0.513,0.734,0.837,0.567,0.798,0.18,-0.371,0.366,0.631,0.758,0.147,0.699,0.254,0.173,0.812,0.567,0.033,0.221,0.401,0.234,1.0,0.439,0.354,0.719,0.838,0.53,0.653,0.279,0.501,0.169,0.442,0.214,-0.535,0.808,-0.38,0.606,0.857,0.088,-0.451,0.645,-0.022,0.623,-0.41,0.684,0.784,-0.17,-0.492,0.128,0.119,0.55,0.732,0.261,0.709,0.45,0.655,0.539,0.186,0.673,0.378,0.293,-0.457,0.514,0.832,0.085,0.085,0.816,0.573,0.567,0.545,0.777,0.624,0.178,0.682,0.732,-0.427,0.276,0.613,0.105,0.389,0.825,-0.475,0.789,-0.059,0.753,0.611,0.157,0.813,0.724,0.352,-0.338
GOOG,0.111,0.351,0.362,0.481,0.391,0.205,0.304,0.352,0.388,0.443,0.193,0.214,0.441,0.05,0.251,0.673,0.308,0.135,0.529,0.52,0.103,0.265,0.221,0.452,0.448,0.355,0.095,0.052,0.311,0.029,0.439,1.0,0.978,0.442,0.434,0.612,0.361,0.406,0.341,0.547,0.075,0.409,0.036,0.406,-0.063,0.334,0.511,0.286,0.153,0.572,-0.065,0.349,0.236,0.366,0.326,-0.155,-0.087,-0.032,0.116,0.292,0.298,0.029,0.342,0.083,0.358,0.284,0.107,0.353,0.03,0.101,0.195,0.236,0.324,0.036,0.146,0.563,0.224,0.277,0.352,0.409,0.474,0.514,0.351,0.314,-0.198,0.056,0.184,0.453,0.223,0.41,-0.143,0.485,0.226,0.448,0.187,0.037,0.373,0.367,0.088,-0.25
GOOGL,0.116,0.42,0.372,0.388,0.334,0.307,0.191,0.268,0.346,0.407,0.153,0.137,0.332,0.027,0.147,0.713,0.392,0.107,0.467,0.44,0.003,0.154,0.266,0.41,0.363,0.303,0.129,0.034,0.232,0.024,0.354,0.978,1.0,0.361,0.338,0.606,0.305,0.348,0.294,0.542,0.051,0.441,0.132,0.314,-0.047,0.252,0.412,0.369,0.254,0.541,-0.119,0.296,0.318,0.307,0.25,-0.137,0.006,-0.028,0.061,0.24,0.246,0.057,0.262,-0.028,0.239,0.229,0.105,0.271,0.013,0.042,0.306,0.161,0.226,0.044,0.107,0.505,0.187,0.24,0.27,0.318,0.433,0.577,0.282,0.224,-0.122,0.04,0.079,0.505,0.146,0.359,-0.165,0.399,0.204,0.361,0.159,-0.021,0.281,0.294,0.059,-0.263
GT,-0.218,-0.122,0.342,0.879,0.388,-0.365,0.79,0.361,0.58,0.454,0.618,0.721,0.781,0.442,0.712,0.305,-0.14,0.32,0.719,0.795,0.285,0.671,0.073,0.31,0.733,0.447,0.128,0.131,0.278,0.317,0.719,0.442,0.361,1.0,0.72,0.556,0.719,0.347,0.39,0.391,0.445,0.231,-0.554,0.831,0.007,0.606,0.797,0.048,-0.516,0.741,-0.124,0.663,-0.371,0.636,0.818,-0.218,-0.44,0.197,0.143,0.582,0.669,0.152,0.754,0.249,0.651,0.559,0.141,0.703,0.363,0.43,-0.333,0.688,0.718,0.075,0.112,0.801,0.641,0.57,0.61,0.659,0.632,0.244,0.621,0.612,-0.45,0.203,0.653,-0.013,0.41,0.721,-0.339,0.818,0.023,0.576,0.514,0.001,0.796,0.729,0.206,-0.317
HBAN,-0.414,-0.013,0.386,0.892,0.206,-0.401,0.787,0.299,0.75,0.422,0.63,0.767,0.875,0.494,0.861,0.1,-0.189,0.602,0.716,0.841,0.226,0.694,0.079,0.185,0.951,0.76,0.312,0.436,0.148,0.492,0.838,0.434,0.338,0.72,1.0,0.602,0.689,0.485,0.413,0.409,0.559,0.443,-0.619,0.828,-0.155,0.782,0.871,0.125,-0.569,0.755,-0.176,0.795,-0.269,0.806,0.729,0.025,-0.596,0.418,0.095,0.458,0.865,0.39,0.85,0.278,0.828,0.678,0.447,0.881,0.411,0.549,-0.474,0.734,0.838,0.317,0.303,0.863,0.758,0.696,0.755,0.929,0.78,0.182,0.848,0.836,-0.298,-0.044,0.791,0.191,0.544,0.891,-0.554,0.883,-0.151,0.743,0.661,-0.124,0.856,0.862,0.035,-0.461
HST,-0.018,0.24,0.511,0.548,0.112,0.094,0.515,0.01,0.477,0.597,0.412,0.396,0.557,0.381,0.464,0.527,0.218,0.179,0.453,0.533,-0.164,0.369,0.374,0.461,0.579,0.469,0.09,0.055,-0.05,0.331,0.53,0.612,0.606,0.556,0.602,1.0,0.601,0.146,0.358,0.719,0.395,0.516,-0.131,0.57,-0.026,0.384,0.59,0.498,-0.085,0.67,-0.285,0.403,-0.056,0.565,0.531,-0.215,-0.21,0.131,0.044,0.094,0.559,0.29,0.507,-0.127,0.435,0.284,0.103,0.618,0.395,0.058,0.075,0.337,0.571,0.052,-0.08,0.728,0.576,0.451,0.284,0.476,0.641,0.628,0.627,0.407,-0.344,0.013,0.398,0.356,0.092,0.584,-0.566,0.559,0.162,0.676,0.612,-0.24,0.45,0.622,0.139,-0.51
INTC,-0.2,-0.138,0.224,0.749,0.31,-0.23,0.704,0.176,0.446,0.636,0.499,0.513,0.732,0.357,0.622,0.185,-0.249,0.216,0.575,0.63,0.066,0.637,0.17,0.277,0.638,0.392,0.0,0.049,0.184,0.479,0.653,0.361,0.305,0.719,0.689,0.601,1.0,0.151,0.458,0.37,0.355,0.19,-0.564,0.769,-0.028,0.431,0.724,0.081,-0.419,0.611,-0.098,0.512,-0.435,0.507,0.644,-0.283,-0.345,0.246,0.088,0.42,0.648,0.171,0.645,0.277,0.622,0.413,0.049,0.671,0.42,0.25,-0.323,0.645,0.715,0.027,0.024,0.695,0.56,0.416,0.41,0.543,0.47,0.21,0.613,0.494,-0.489,0.138,0.65,-0.122,0.313,0.67,-0.44,0.64,0.078,0.657,0.514,0.005,0.705,0.692,0.15,-0.21
IOVA,-0.108,0.253,0.349,0.461,0.192,-0.18,0.233,0.619,0.581,-0.13,0.24,0.247,0.47,-0.19,0.383,0.128,0.208,0.613,0.584,0.586,0.458,0.272,-0.442,0.186,0.476,0.454,0.564,0.445,0.201,0.125,0.279,0.406,0.348,0.347,0.485,0.146,0.151,1.0,0.256,0.301,0.016,0.285,-0.164,0.422,0.137,0.444,0.439,-0.147,-0.296,0.312,0.1,0.567,0.26,0.257,0.114,0.396,-0.342,0.351,0.229,0.333,0.449,0.086,0.396,0.239,0.55,0.499,0.571,0.373,-0.232,0.638,-0.11,0.485,0.264,0.531,0.547,0.389,0.262,0.314,0.688,0.512,0.342,0.039,0.257,0.339,0.156,-0.338,0.307,0.271,0.741,0.381,-0.0,0.531,0.043,0.15,0.144,0.1,0.395,0.249,-0.401,-0.122
IQ,-0.024,-0.407,-0.14,0.465,0.373,-0.375,0.435,0.234,0.006,0.488,0.212,0.214,0.522,0.099,0.371,0.201,-0.377,-0.171,0.233,0.302,0.077,0.346,0.15,0.141,0.311,0.023,-0.364,-0.375,0.278,0.016,0.501,0.341,0.294,0.39,0.413,0.358,0.458,0.256,1.0,0.375,0.056,-0.225,-0.407,0.557,-0.289,0.258,0.542,-0.129,-0.256,0.176,0.23,0.1,-0.492,0.24,0.381,-0.453,-0.382,-0.167,0.158,0.383,0.232,-0.065,0.282,0.253,0.334,0.098,-0.301,0.363,0.045,-0.063,-0.351,0.195,0.492,-0.319,-0.318,0.394,0.13,0.215,0.256,0.281,0.127,0.173,0.217,0.364,-0.602,0.235,0.363,-0.167,0.044,0.317,-0.261,0.372,0.345,0.508,0.274,0.16,0.42,0.344,0.129,-0.151
JBLU,0.132,0.342,0.497,0.34,0.023,0.192,0.336,0.101,0.34,0.358,0.23,0.16,0.369,0.056,0.274,0.383,0.293,0.1,0.38,0.395,0.093,0.196,0.109,0.414,0.377,0.308,0.098,-0.027,-0.178,0.294,0.169,0.547,0.542,0.391,0.409,0.719,0.37,0.301,0.375,1.0,0.199,0.38,-0.108,0.405,0.226,0.305,0.348,0.303,-0.038,0.459,-0.124,0.263,0.07,0.32,0.212,-0.08,-0.197,0.13,0.182,-0.006,0.339,0.165,0.355,-0.223,0.398,0.176,0.074,0.502,0.141,0.197,0.103,0.293,0.368,0.07,0.009,0.454,0.432,0.328,0.354,0.301,0.512,0.439,0.382,0.207,-0.257,-0.242,0.328,0.221,0.161,0.287,-0.339,0.387,0.312,0.436,0.306,-0.249,0.259,0.386,-0.149,-0.382
JD,-0.642,0.127,0.415,0.485,-0.231,-0.226,0.511,-0.271,0.474,0.173,0.588,0.716,0.451,0.611,0.616,-0.057,-0.07,0.427,0.2,0.415,-0.183,0.329,0.253,-0.24,0.576,0.576,0.267,0.296,-0.321,0.528,0.442,0.075,0.051,0.445,0.559,0.395,0.355,0.016,0.056,0.199,1.0,0.516,-0.426,0.377,-0.225,0.585,0.421,0.295,-0.514,0.644,-0.647,0.462,-0.224,0.724,0.641,0.107,-0.41,0.483,-0.278,0.191,0.598,0.626,0.618,-0.26,0.36,0.545,0.32,0.658,0.747,0.205,-0.31,0.432,0.497,0.299,0.118,0.636,0.705,0.661,0.377,0.602,0.613,0.241,0.628,0.597,-0.176,-0.066,0.513,0.27,0.005,0.592,-0.63,0.517,-0.524,0.39,0.608,-0.568,0.474,0.714,-0.06,-0.67
KDP,-0.418,0.66,0.695,0.31,-0.297,0.268,0.071,-0.135,0.684,0.049,0.466,0.377,0.2,0.364,0.274,0.272,0.487,0.625,0.341,0.422,-0.238,0.024,0.189,0.039,0.474,0.64,0.67,0.588,-0.292,0.471,0.214,0.409,0.441,0.231,0.443,0.516,0.19,0.285,-0.225,0.38,0.516,1.0,0.043,0.174,-0.058,0.45,0.26,0.673,-0.079,0.67,-0.633,0.581,0.423,0.594,0.292,0.358,-0.118,0.513,-0.145,-0.098,0.57,0.57,0.459,-0.407,0.178,0.513,0.662,0.464,0.402,0.301,0.24,0.367,0.206,0.597,0.427,0.55,0.534,0.543,0.387,0.511,0.619,0.473,0.637,0.307,0.305,-0.432,0.218,0.729,0.215,0.567,-0.519,0.446,-0.465,0.252,0.49,-0.565,0.277,0.481,-0.195,-0.667
KHC,0.489,0.351,-0.061,-0.584,-0.042,0.634,-0.538,-0.11,-0.379,-0.248,-0.556,-0.666,-0.539,-0.444,-0.622,0.322,0.522,-0.288,-0.343,-0.505,-0.088,-0.498,0.15,0.17,-0.543,-0.272,0.054,-0.046,-0.02,-0.588,-0.535,0.036,0.132,-0.554,-0.619,-0.131,-0.564,-0.164,-0.407,-0.108,-0.426,0.043,1.0,-0.556,0.265,-0.555,-0.522,0.323,0.821,-0.352,0.057,-0.468,0.64,-0.515,-0.564,0.018,0.719,-0.43,-0.083,-0.393,-0.522,-0.339,-0.567,-0.23,-0.6,-0.574,-0.133,-0.578,-0.456,-0.274,0.806,-0.615,-0.529,-0.14,-0.073,-0.487,-0.412,-0.58,-0.551,-0.557,-0.352,0.208,-0.53,-0.595,0.518,0.02,-0.666,0.373,-0.267,-0.56,0.394,-0.558,0.209,-0.395,-0.41,0.129,-0.629,-0.584,0.015,0.312
LRCX,-0.233,-0.186,0.213,0.924,0.431,-0.429,0.881,0.42,0.596,0.497,0.56,0.692,0.914,0.42,0.82,0.132,-0.278,0.371,0.74,0.77,0.298,0.763,0.063,0.256,0.799,0.517,0.129,0.223,0.281,0.345,0.808,0.406,0.314,0.831,0.828,0.57,0.769,0.422,0.557,0.405,0.377,0.174,-0.556,1.0,0.019,0.643,0.897,-0.013,-0.531,0.643,-0.029,0.683,-0.371,0.638,0.769,-0.197,-0.494,0.16,0.152,0.589,0.774,0.109,0.798,0.38,0.785,0.49,0.193,0.764,0.268,0.469,-0.449,0.702,0.887,0.079,0.118,0.792,0.661,0.527,0.64,0.722,0.608,0.113,0.683,0.676,-0.448,0.106,0.74,-0.034,0.526,0.764,-0.419,0.832,0.072,0.73,0.558,0.092,0.843,0.746,0.169,-0.259
LYFT,0.361,0.24,0.205,-0.083,0.109,0.352,0.005,0.264,0.124,-0.155,-0.063,-0.297,-0.033,-0.418,-0.076,0.043,0.38,0.059,0.155,-0.072,0.378,0.139,-0.237,0.332,-0.116,-0.098,0.295,0.163,-0.101,-0.085,-0.38,-0.063,-0.047,0.007,-0.155,-0.026,-0.028,0.137,-0.289,0.226,-0.225,-0.058,0.265,0.019,1.0,-0.118,-0.09,-0.047,0.186,-0.084,0.133,0.034,0.355,-0.25,-0.284,0.133,0.324,0.001,0.022,0.049,-0.074,-0.288,-0.01,-0.062,0.106,-0.234,0.096,-0.026,-0.346,0.364,0.33,0.094,-0.091,0.138,0.266,-0.164,-0.009,-0.21,0.041,-0.175,-0.013,-0.046,-0.169,-0.268,0.291,-0.127,0.032,-0.065,0.267,-0.255,0.314,-0.076,0.304,-0.219,-0.199,0.077,-0.151,-0.213,-0.303,0.316
MARA,-0.634,0.019,0.288,0.749,0.085,-0.395,0.603,0.251,0.7,0.137,0.692,0.776,0.672,0.494,0.769,-0.053,-0.233,0.565,0.603,0.76,0.214,0.618,0.076,0.038,0.836,0.753,0.38,0.486,-0.041,0.508,0.606,0.334,0.252,0.606,0.782,0.384,0.431,0.444,0.258,0.305,0.585,0.45,-0.555,0.643,-0.118,1.0,0.752,0.095,-0.564,0.707,-0.384,0.719,-0.205,0.882,0.707,0.203,-0.597,0.486,0.093,0.389,0.722,0.415,0.832,0.058,0.639,0.733,0.466,0.799,0.408,0.533,-0.512,0.809,0.625,0.388,0.39,0.705,0.657,0.877,0.831,0.858,0.74,0.017,0.726,0.842,-0.269,-0.192,0.806,0.228,0.537,0.735,-0.487,0.806,-0.409,0.512,0.506,-0.318,0.813,0.837,-0.088,-0.523
MCHP,-0.285,-0.145,0.205,0.941,0.438,-0.429,0.847,0.443,0.627,0.517,0.594,0.697,0.925,0.418,0.837,0.192,-0.298,0.379,0.73,0.812,0.297,0.784,0.19,0.321,0.88,0.624,0.135,0.258,0.35,0.309,0.857,0.511,0.412,0.797,0.871,0.59,0.724,0.439,0.542,0.348,0.421,0.26,-0.522,0.897,-0.09,0.752,1.0,0.048,-0.455,0.703,-0.06,0.703,-0.352,0.741,0.805,-0.149,-0.516,0.156,0.198,0.603,0.767,0.174,0.834,0.378,0.746,0.548,0.195,0.787,0.292,0.463,-0.442,0.706,0.864,0.122,0.169,0.841,0.629,0.635,0.665,0.835,0.658,0.152,0.733,0.787,-0.419,0.174,0.783,0.081,0.5,0.814,-0.44,0.881,0.003,0.751,0.545,0.09,0.894,0.798,0.176,-0.353
MDLZ,-0.126,0.486,0.407,0.042,-0.191,0.457,-0.082,-0.407,0.295,0.238,0.276,0.119,-0.054,0.376,-0.027,0.462,0.5,0.139,0.098,0.125,-0.43,-0.136,0.503,0.135,0.148,0.303,0.299,0.207,-0.305,0.148,0.088,0.286,0.369,0.048,0.125,0.498,0.081,-0.147,-0.129,0.303,0.295,0.673,0.323,-0.013,-0.047,0.095,0.048,1.0,0.281,0.488,-0.545,0.198,0.352,0.332,0.183,0.029,0.314,0.125,-0.314,-0.156,0.243,0.33,0.189,-0.467,-0.181,0.079,0.225,0.206,0.361,-0.115,0.553,-0.013,0.039,0.132,0.058,0.315,0.293,0.241,-0.063,0.138,0.425,0.692,0.341,0.058,0.209,-0.063,-0.038,0.639,-0.186,0.279,-0.45,0.152,-0.227,0.232,0.385,-0.463,0.019,0.244,0.139,-0.449
META,0.601,0.282,-0.213,-0.535,0.133,0.719,-0.516,-0.159,-0.46,0.013,-0.512,-0.673,-0.511,-0.394,-0.697,0.435,0.412,-0.488,-0.367,-0.498,-0.156,-0.447,0.342,0.223,-0.519,-0.364,-0.193,-0.246,0.08,-0.58,-0.451,0.153,0.254,-0.516,-0.569,-0.085,-0.419,-0.296,-0.256,-0.038,-0.514,-0.079,0.821,-0.531,0.186,-0.564,-0.455,0.281,1.0,-0.337,0.193,-0.52,0.471,-0.503,-0.509,-0.183,0.768,-0.491,-0.01,-0.291,-0.59,-0.4,-0.575,-0.166,-0.584,-0.609,-0.341,-0.596,-0.377,-0.423,0.732,-0.625,-0.481,-0.34,-0.232,-0.467,-0.461,-0.533,-0.591,-0.55,-0.311,0.283,-0.506,-0.576,0.312,0.197,-0.642,0.25,-0.395,-0.526,0.378,-0.529,0.346,-0.3,-0.421,0.178,-0.587,-0.577,0.182,0.33
MNST,-0.448,0.244,0.507,0.763,0.218,-0.099,0.603,0.132,0.763,0.375,0.69,0.693,0.64,0.526,0.651,0.41,0.151,0.5,0.689,0.819,0.015,0.524,0.234,0.185,0.794,0.715,0.425,0.389,-0.007,0.493,0.645,0.572,0.541,0.741,0.755,0.67,0.611,0.312,0.176,0.459,0.644,0.67,-0.352,0.643,-0.084,0.707,0.703,0.488,-0.337,1.0,-0.499,0.746,-0.036,0.771,0.721,0.011,-0.306,0.393,-0.071,0.393,0.761,0.434,0.818,-0.107,0.527,0.619,0.412,0.794,0.529,0.371,-0.082,0.703,0.63,0.308,0.263,0.864,0.724,0.694,0.612,0.756,0.823,0.479,0.747,0.673,-0.214,-0.032,0.61,0.434,0.346,0.808,-0.598,0.812,-0.29,0.542,0.608,-0.378,0.729,0.823,0.05,-0.556
MRNA,0.666,-0.397,-0.437,-0.111,0.414,-0.106,0.019,0.511,-0.347,0.118,-0.495,-0.428,0.006,-0.528,-0.114,-0.028,-0.233,-0.366,-0.018,-0.147,0.513,0.082,-0.224,0.301,-0.289,-0.474,-0.406,-0.31,0.676,-0.612,-0.022,-0.065,-0.119,-0.124,-0.176,-0.285,-0.098,0.1,0.23,-0.124,-0.647,-0.633,0.057,-0.029,0.133,-0.384,-0.06,-0.545,0.193,-0.499,1.0,-0.262,-0.118,-0.538,-0.37,-0.212,0.105,-0.471,0.551,0.162,-0.386,-0.583,-0.397,0.643,0.036,-0.447,-0.359,-0.367,-0.646,0.026,-0.035,-0.278,-0.064,-0.339,-0.089,-0.297,-0.43,-0.515,-0.118,-0.306,-0.444,-0.349,-0.397,-0.323,-0.029,0.289,-0.193,-0.501,0.171,-0.338,0.617,-0.186,0.709,-0.069,-0.459,0.819,-0.134,-0.45,0.075,0.688
MRVL,-0.472,0.183,0.467,0.782,0.141,-0.216,0.546,0.383,0.934,0.197,0.673,0.68,0.684,0.402,0.727,0.072,0.065,0.798,0.787,0.791,0.253,0.572,-0.131,0.136,0.769,0.705,0.639,0.693,0.086,0.519,0.623,0.349,0.296,0.663,0.795,0.403,0.512,0.567,0.1,0.263,0.462,0.581,-0.468,0.683,0.034,0.719,0.703,0.198,-0.52,0.746,-0.262,1.0,0.05,0.694,0.592,0.26,-0.44,0.524,0.07,0.436,0.837,0.332,0.764,0.183,0.633,0.662,0.703,0.696,0.332,0.713,-0.235,0.745,0.617,0.552,0.588,0.779,0.717,0.638,0.79,0.797,0.748,0.175,0.747,0.576,0.104,-0.152,0.622,0.295,0.692,0.865,-0.43,0.848,-0.325,0.428,0.536,-0.162,0.717,0.651,-0.096,-0.437
MSFT,0.232,0.757,0.341,-0.33,-0.224,0.701,-0.51,0.055,0.221,-0.325,-0.185,-0.353,-0.36,-0.322,-0.353,0.252,0.807,0.277,-0.007,-0.167,0.012,-0.361,-0.178,0.082,-0.239,0.037,0.564,0.42,-0.19,-0.196,-0.41,0.236,0.318,-0.371,-0.269,-0.056,-0.435,0.26,-0.492,0.07,-0.224,0.423,0.64,-0.371,0.355,-0.205,-0.352,0.352,0.471,-0.036,-0.118,0.05,1.0,-0.212,-0.465,0.46,0.494,0.098,-0.167,-0.238,-0.136,-0.072,-0.279,-0.269,-0.264,-0.14,0.464,-0.255,-0.342,0.139,0.732,-0.27,-0.44,0.432,0.516,-0.16,-0.195,-0.198,-0.057,-0.191,0.025,0.298,-0.198,-0.39,0.75,-0.325,-0.411,0.547,0.155,-0.209,0.225,-0.196,-0.012,-0.383,-0.175,-0.098,-0.401,-0.37,-0.32,0.056
MSTR,-0.64,0.112,0.428,0.761,-0.041,-0.26,0.602,-0.026,0.689,0.293,0.72,0.839,0.658,0.713,0.735,0.049,-0.141,0.532,0.495,0.688,-0.061,0.504,0.281,-0.022,0.844,0.759,0.321,0.435,-0.122,0.546,0.684,0.366,0.307,0.636,0.806,0.565,0.507,0.257,0.24,0.32,0.724,0.594,-0.515,0.638,-0.25,0.882,0.741,0.332,-0.503,0.771,-0.538,0.694,-0.212,1.0,0.83,0.069,-0.516,0.5,-0.075,0.339,0.782,0.542,0.838,-0.026,0.528,0.725,0.421,0.8,0.629,0.342,-0.385,0.665,0.638,0.319,0.251,0.803,0.729,0.888,0.663,0.845,0.775,0.248,0.841,0.824,-0.264,-0.08,0.711,0.338,0.295,0.815,-0.622,0.786,-0.469,0.599,0.676,-0.419,0.782,0.892,0.073,-0.683
MU,-0.462,-0.177,0.197,0.821,0.232,-0.441,0.767,0.034,0.509,0.453,0.669,0.834,0.747,0.735,0.742,0.13,-0.331,0.276,0.489,0.673,-0.027,0.583,0.344,0.058,0.759,0.569,0.034,0.154,0.122,0.38,0.784,0.326,0.25,0.818,0.729,0.531,0.644,0.114,0.381,0.212,0.641,0.292,-0.564,0.769,-0.284,0.707,0.805,0.183,-0.509,0.721,-0.37,0.592,-0.465,0.83,1.0,-0.218,-0.451,0.225,-0.019,0.482,0.699,0.348,0.793,0.147,0.515,0.597,0.118,0.726,0.583,0.194,-0.45,0.619,0.745,0.032,0.02,0.803,0.655,0.697,0.513,0.714,0.648,0.215,0.736,0.753,-0.481,0.237,0.672,0.079,0.189,0.769,-0.575,0.773,-0.264,0.673,0.665,-0.175,0.793,0.847,0.404,-0.498
MVIS,-0.237,0.587,0.299,-0.144,-0.441,0.037,-0.236,0.06,0.384,-0.49,0.029,0.026,-0.086,-0.06,0.055,-0.344,0.278,0.638,0.058,0.136,0.03,-0.165,-0.32,-0.206,0.089,0.356,0.674,0.608,-0.308,0.24,-0.17,-0.155,-0.137,-0.218,0.025,-0.215,-0.283,0.396,-0.453,-0.08,0.107,0.358,0.018,-0.197,0.133,0.203,-0.149,0.029,-0.183,0.011,-0.212,0.26,0.46,0.069,-0.218,1.0,-0.15,0.588,-0.012,-0.244,0.22,0.451,0.059,-0.107,0.109,0.409,0.741,0.028,-0.099,0.385,-0.012,0.191,-0.144,0.835,0.59,-0.027,0.057,0.298,0.268,0.215,0.13,-0.147,0.068,-0.008,0.551,-0.623,-0.023,0.32,0.395,0.061,-0.039,0.009,-0.326,-0.251,0.028,-0.148,-0.084,-0.053,-0.454,-0.151
NFLX,0.47,0.199,-0.198,-0.53,0.066,0.682,-0.495,-0.239,-0.353,-0.116,-0.385,-0.55,-0.561,-0.205,-0.625,0.345,0.451,-0.419,-0.368,-0.512,-0.108,-0.4,0.168,0.162,-0.566,-0.39,-0.092,-0.172,-0.004,-0.517,-0.492,-0.087,0.006,-0.44,-0.596,-0.21,-0.345,-0.342,-0.382,-0.197,-0.41,-0.118,0.719,-0.494,0.324,-0.597,-0.516,0.314,0.768,-0.306,0.105,-0.44,0.494,-0.516,-0.451,-0.15,1.0,-0.343,-0.226,-0.172,-0.552,-0.449,-0.485,-0.138,-0.59,-0.643,-0.253,-0.521,-0.285,-0.363,0.769,-0.545,-0.52,-0.272,-0.051,-0.446,-0.441,-0.587,-0.57,-0.606,-0.358,0.257,-0.471,-0.605,0.404,0.252,-0.566,0.165,-0.327,-0.536,0.391,-0.492,0.204,-0.403,-0.302,0.077,-0.554,-0.545,0.261,0.45
NNDM,-0.574,0.384,0.533,0.24,-0.424,-0.065,0.065,-0.151,0.593,-0.251,0.447,0.455,0.201,0.319,0.319,-0.26,0.141,0.724,0.202,0.375,-0.149,0.036,-0.224,-0.35,0.418,0.578,0.62,0.561,-0.391,0.68,0.128,-0.032,-0.028,0.197,0.418,0.131,0.246,0.351,-0.167,0.13,0.483,0.513,-0.43,0.16,0.001,0.486,0.156,0.125,-0.491,0.393,-0.471,0.524,0.098,0.5,0.225,0.588,-0.343,1.0,-0.111,0.011,0.556,0.645,0.464,-0.141,0.363,0.688,0.729,0.427,0.397,0.352,-0.234,0.561,0.134,0.731,0.497,0.367,0.417,0.589,0.491,0.463,0.408,0.07,0.463,0.376,0.214,-0.533,0.315,0.269,0.349,0.448,-0.317,0.324,-0.493,0.016,0.373,-0.472,0.288,0.436,-0.361,-0.354
NVAX,0.27,-0.212,-0.122,0.102,0.137,-0.183,0.2,0.395,-0.036,-0.004,-0.209,-0.071,0.167,-0.25,0.128,-0.107,-0.302,-0.025,0.147,0.18,0.47,0.143,-0.118,0.25,0.108,0.037,-0.165,-0.047,0.507,-0.146,0.119,0.116,0.061,0.143,0.095,0.044,0.088,0.229,0.158,0.182,-0.278,-0.145,-0.083,0.152,0.022,0.093,0.198,-0.314,-0.01,-0.071,0.551,0.07,-0.167,-0.075,-0.019,-0.012,-0.226,-0.111,1.0,-0.03,-0.065,-0.122,-0.019,0.423,0.245,0.054,-0.046,0.015,-0.271,0.207,-0.175,0.127,0.145,0.015,0.064,0.017,0.046,0.005,0.235,0.063,-0.051,-0.338,-0.069,-0.004,-0.081,-0.008,0.109,-0.23,0.341,0.045,0.22,0.044,0.405,0.153,-0.26,0.502,0.127,-0.024,-0.008,0.25
NVDA,-0.113,-0.271,-0.045,0.664,0.676,-0.328,0.558,0.451,0.333,0.292,0.321,0.441,0.565,0.12,0.483,0.222,-0.186,0.111,0.566,0.527,0.424,0.564,-0.019,0.144,0.471,0.165,0.022,0.047,0.417,-0.019,0.55,0.292,0.24,0.582,0.458,0.094,0.42,0.333,0.383,-0.006,0.191,-0.098,-0.393,0.589,0.049,0.389,0.603,-0.156,-0.291,0.393,0.162,0.436,-0.238,0.339,0.482,-0.244,-0.172,0.011,-0.03,1.0,0.342,-0.165,0.492,0.387,0.459,0.208,-0.029,0.376,0.002,0.376,-0.258,0.425,0.424,-0.113,0.15,0.506,0.248,0.229,0.487,0.399,0.322,0.011,0.223,0.508,-0.28,0.449,0.454,-0.157,0.382,0.361,0.038,0.619,0.058,0.267,0.141,0.21,0.653,0.416,0.082,0.062
NWL,-0.548,0.17,0.501,0.813,0.042,-0.336,0.682,0.182,0.831,0.294,0.712,0.74,0.783,0.542,0.814,-0.009,-0.072,0.728,0.683,0.796,0.047,0.612,0.034,0.053,0.854,0.787,0.538,0.579,-0.064,0.625,0.732,0.298,0.246,0.669,0.865,0.559,0.648,0.449,0.232,0.339,0.598,0.57,-0.522,0.774,-0.074,0.722,0.767,0.243,-0.59,0.761,-0.386,0.837,-0.136,0.782,0.699,0.22,-0.552,0.556,-0.065,0.342,1.0,0.539,0.865,0.105,0.702,0.713,0.602,0.814,0.433,0.578,-0.369,0.77,0.793,0.526,0.382,0.827,0.755,0.716,0.68,0.851,0.729,0.19,0.841,0.693,-0.113,-0.205,0.712,0.284,0.555,0.9,-0.633,0.83,-0.347,0.588,0.711,-0.242,0.768,0.784,-0.059,-0.52
OCGN,-0.591,0.34,0.533,0.188,-0.439,-0.207,0.135,-0.383,0.406,-0.025,0.419,0.424,0.179,0.518,0.347,-0.174,0.017,0.52,0.031,0.334,-0.426,-0.027,0.207,-0.344,0.422,0.554,0.395,0.329,-0.384,0.587,0.261,0.029,0.057,0.152,0.39,0.29,0.171,0.086,-0.065,0.165,0.626,0.57,-0.339,0.109,-0.288,0.415,0.174,0.33,-0.4,0.434,-0.583,0.332,-0.072,0.542,0.348,0.451,-0.449,0.645,-0.122,-0.165,0.539,1.0,0.428,-0.366,0.223,0.672,0.492,0.472,0.507,0.09,-0.262,0.346,0.221,0.569,0.177,0.42,0.445,0.659,0.248,0.484,0.392,0.153,0.531,0.393,0.024,-0.427,0.284,0.384,-0.03,0.468,-0.65,0.24,-0.527,0.237,0.545,-0.558,0.228,0.461,-0.144,-0.647
ON,-0.575,0.011,0.38,0.859,0.219,-0.391,0.759,0.217,0.74,0.261,0.724,0.782,0.775,0.558,0.8,0.067,-0.193,0.554,0.67,0.817,0.172,0.693,0.112,0.091,0.906,0.766,0.382,0.417,-0.002,0.575,0.709,0.342,0.262,0.754,0.85,0.507,0.645,0.396,0.282,0.355,0.618,0.459,-0.567,0.798,-0.01,0.832,0.834,0.189,-0.575,0.818,-0.397,0.764,-0.279,0.838,0.793,0.059,-0.485,0.464,-0.019,0.492,0.865,0.428,1.0,0.1,0.71,0.705,0.405,0.878,0.47,0.523,-0.427,0.866,0.76,0.326,0.29,0.804,0.735,0.757,0.743,0.862,0.732,0.13,0.796,0.831,-0.305,-0.075,0.813,0.216,0.495,0.814,-0.54,0.857,-0.36,0.585,0.607,-0.273,0.857,0.871,0.023,-0.461
