,AAL,AAPL,AGNC,AMAT,AMD,AMZN,APA,ARDX,AVGO,AZN,BIDU,BILI,BKR,CAN,CHRD,CMCSA,CPRT,CRWD,CSCO,CSX,DKNG,EBAY,ERIC,EXC,FITB,FLEX,FTNT,GEN,GERN,GEVO,GILD,GOOG,GOOGL,GT,HBAN,HST,INTC,IOVA,IQ,JBLU,JD,KDP,KHC,LRCX,LYFT,MARA,MCHP,MDLZ,META,MNST,MRNA,MRVL,MSFT,MSTR,MU,MVIS,NFLX,NNDM,NVAX,NVDA,NWL,OCGN,ON,OPK,PAA,PACB,PANW,PARA,PDD,PENN,PEP,PLUG,PTEN,PTON,PYPL,QCOM,QVCGA,RIOT,ROKU,RUN,SABR,SBUX,SMCI,SNDL,STNE,TCOM,TLRY,TMUS,TSCO,TSLA,TTD,TXN,UAL,VOD,VTRS,VXRT,WBA,WBD,WDC,ZM
AAL,1.0,-0.337,0.027,0.543,0.444,0.338,0.677,0.734,0.174,-0.601,0.671,0.596,0.09,0.525,0.755,-0.391,0.519,0.206,-0.186,-0.329,0.028,-0.41,0.274,-0.511,0.249,0.198,0.107,-0.171,-0.079,0.506,-0.607,-0.151,-0.154,0.595,0.149,0.63,0.584,0.546,0.627,0.804,0.319,-0.259,0.316,0.569,0.706,0.087,0.187,-0.43,0.034,0.181,0.5,0.071,-0.478,0.573,0.537,0.722,-0.282,0.61,-0.048,-0.021,0.547,0.71,0.686,0.287,0.502,0.643,0.09,0.457,0.353,0.333,-0.678,0.689,0.644,0.23,0.205,0.492,0.658,0.444,0.678,0.576,0.671,0.488,0.633,0.748,0.504,-0.132,0.667,0.239,-0.44,0.296,0.737,0.466,0.846,-0.062,-0.069,0.62,-0.105,0.646,0.674,0.374
AAPL,-0.337,1.0,0.587,-0.134,0.145,0.513,0.163,-0.285,0.549,0.357,-0.076,0.074,0.493,-0.009,-0.086,0.76,0.046,0.257,0.525,0.099,0.406,0.602,0.35,0.622,0.393,0.52,0.5,0.43,0.538,0.077,0.593,0.681,0.64,-0.112,0.374,0.26,0.131,0.018,-0.313,0.0,0.323,0.65,-0.274,-0.208,-0.4,0.327,0.428,0.084,0.731,0.064,-0.431,0.225,0.585,-0.343,-0.296,-0.18,0.584,0.023,0.301,0.476,0.241,-0.293,-0.008,0.375,-0.099,-0.052,0.348,0.003,0.283,0.3,0.374,-0.164,0.128,-0.57,0.593,0.212,-0.088,0.073,-0.383,-0.226,-0.048,0.006,-0.286,-0.243,-0.422,0.58,-0.252,-0.353,0.298,0.408,-0.209,0.104,-0.085,0.434,0.015,-0.096,0.543,-0.241,-0.388,-0.518
AGNC,0.027,0.587,1.0,-0.238,0.028,0.352,0.393,-0.325,0.421,0.199,-0.042,0.119,0.778,0.331,0.221,0.609,-0.033,0.31,0.662,0.329,0.601,0.452,0.527,0.561,0.848,0.519,0.48,0.639,0.479,0.306,0.458,0.676,0.65,0.135,0.737,0.565,0.279,0.104,-0.325,0.41,0.456,0.492,-0.199,-0.326,-0.148,0.478,0.548,-0.114,0.576,0.28,-0.345,0.3,0.507,-0.116,-0.393,0.131,0.516,0.004,0.326,0.569,0.413,-0.015,0.123,0.512,0.116,-0.111,0.424,0.107,0.389,0.521,0.115,0.004,0.351,-0.378,0.325,0.227,-0.11,0.393,-0.425,-0.272,0.195,-0.185,-0.254,-0.12,-0.269,0.583,-0.15,-0.312,0.384,0.273,-0.118,0.031,0.349,0.692,0.228,0.262,0.688,-0.029,-0.23,-0.416
AMAT,0.543,-0.134,-0.238,1.0,0.484,0.536,0.426,0.681,0.389,-0.564,0.723,0.55,0.043,0.257,0.371,-0.306,0.782,0.421,-0.07,-0.682,-0.084,-0.342,0.223,-0.388,-0.081,0.164,0.189,-0.376,0.142,0.499,-0.545,0.056,0.091,0.2,-0.145,0.318,0.638,0.555,0.743,0.276,0.367,-0.238,-0.188,0.95,0.32,0.088,0.342,-0.543,0.199,-0.219,0.468,0.317,-0.139,0.305,0.851,0.411,0.01,0.554,-0.404,0.24,0.297,0.34,0.659,0.317,0.01,0.653,0.225,0.334,0.369,0.142,-0.588,0.461,0.405,0.182,0.35,0.34,0.536,0.188,0.586,0.545,0.665,0.51,0.495,0.539,0.418,0.076,0.504,-0.031,-0.653,0.431,0.477,0.743,0.367,-0.274,-0.441,0.34,-0.446,0.35,0.648,0.348
AMD,0.444,0.145,0.028,0.484,1.0,0.523,0.476,0.557,0.536,-0.093,0.333,0.341,0.283,0.347,0.437,-0.009,0.554,0.403,0.1,-0.538,0.309,0.085,0.475,-0.194,0.121,0.417,0.45,-0.067,0.364,0.415,-0.268,0.195,0.238,0.277,0.106,0.411,0.481,0.641,0.276,0.383,0.347,0.224,-0.01,0.504,0.132,0.266,0.375,-0.387,0.38,-0.089,0.12,0.362,-0.05,0.234,0.472,0.439,0.112,0.373,0.151,0.314,0.353,0.272,0.68,0.502,0.208,0.668,0.363,0.335,0.32,0.46,-0.403,0.343,0.469,-0.087,0.538,0.44,0.709,0.246,0.493,0.44,0.403,0.539,0.234,0.35,0.088,0.126,0.257,-0.109,-0.371,0.483,0.483,0.569,0.488,0.097,-0.459,0.36,-0.11,0.197,0.322,0.073
AMZN,0.338,0.513,0.352,0.536,0.523,1.0,0.646,0.281,0.805,-0.329,0.632,0.702,0.521,0.374,0.421,0.446,0.685,0.627,0.347,-0.431,0.356,0.057,0.573,0.103,0.374,0.573,0.626,0.046,0.57,0.553,-0.093,0.632,0.614,0.286,0.256,0.697,0.747,0.629,0.329,0.411,0.721,0.389,-0.244,0.459,0.152,0.465,0.615,-0.507,0.82,-0.005,0.035,0.392,0.22,0.092,0.316,0.392,0.464,0.574,0.011,0.564,0.598,0.212,0.623,0.624,-0.009,0.64,0.526,0.426,0.692,0.495,-0.214,0.367,0.626,-0.263,0.816,0.568,0.538,0.342,0.288,0.438,0.662,0.46,0.289,0.437,0.102,0.534,0.364,-0.268,-0.207,0.761,0.282,0.703,0.419,0.252,-0.195,0.325,0.27,0.248,0.2,-0.035
APA,0.677,0.163,0.393,0.426,0.476,0.646,1.0,0.343,0.538,-0.367,0.69,0.694,0.579,0.646,0.689,0.173,0.508,0.434,0.198,-0.304,0.375,-0.032,0.563,-0.122,0.519,0.584,0.465,0.081,0.387,0.639,-0.328,0.371,0.377,0.533,0.395,0.767,0.723,0.668,0.428,0.686,0.654,0.185,-0.044,0.408,0.435,0.514,0.575,-0.542,0.49,0.217,0.123,0.269,-0.023,0.392,0.277,0.622,0.163,0.707,0.139,0.397,0.628,0.478,0.685,0.614,0.346,0.502,0.393,0.464,0.626,0.542,-0.492,0.565,0.76,-0.167,0.495,0.59,0.585,0.623,0.307,0.437,0.654,0.298,0.404,0.703,0.206,0.314,0.522,-0.058,-0.168,0.677,0.562,0.535,0.675,0.277,0.002,0.613,0.252,0.406,0.375,-0.01
ARDX,0.734,-0.285,-0.325,0.681,0.557,0.281,0.343,1.0,0.095,-0.519,0.556,0.412,-0.212,0.272,0.578,-0.499,0.53,0.126,-0.412,-0.497,-0.188,-0.454,0.073,-0.624,-0.188,0.008,-0.032,-0.434,-0.18,0.278,-0.578,-0.297,-0.312,0.424,-0.229,0.229,0.424,0.492,0.699,0.472,0.058,-0.339,0.302,0.738,0.51,-0.152,-0.011,-0.285,-0.088,-0.08,0.649,0.048,-0.556,0.452,0.737,0.501,-0.43,0.48,-0.143,-0.211,0.329,0.559,0.55,0.177,0.443,0.717,-0.084,0.284,0.11,0.046,-0.654,0.617,0.424,0.359,0.17,0.364,0.691,0.169,0.83,0.707,0.481,0.679,0.706,0.63,0.55,-0.359,0.599,0.383,-0.632,0.261,0.73,0.486,0.525,-0.341,-0.284,0.443,-0.405,0.576,0.648,0.52
AVGO,0.174,0.549,0.421,0.389,0.536,0.805,0.538,0.095,1.0,-0.213,0.418,0.454,0.574,0.368,0.358,0.397,0.601,0.635,0.404,-0.305,0.425,0.169,0.605,0.175,0.453,0.612,0.722,0.142,0.614,0.558,-0.016,0.709,0.688,0.237,0.374,0.65,0.651,0.485,0.122,0.393,0.641,0.393,-0.285,0.341,0.004,0.477,0.74,-0.47,0.857,0.007,-0.197,0.539,0.264,0.009,0.181,0.301,0.433,0.438,-0.015,0.608,0.631,0.054,0.588,0.626,-0.01,0.481,0.554,0.202,0.566,0.54,-0.169,0.164,0.636,-0.258,0.804,0.574,0.407,0.36,0.071,0.235,0.5,0.25,0.11,0.201,0.026,0.434,0.183,-0.366,-0.076,0.691,0.177,0.655,0.347,0.316,-0.252,0.212,0.215,0.003,0.135,-0.079
AZN,-0.601,0.357,0.199,-0.564,-0.093,-0.329,-0.367,-0.519,-0.213,1.0,-0.725,-0.649,0.118,-0.356,-0.488,0.393,-0.576,-0.191,0.304,0.385,0.269,0.731,-0.091,0.596,0.048,0.127,0.075,0.558,0.279,-0.353,0.743,0.176,0.149,-0.539,0.182,-0.425,-0.607,-0.366,-0.639,-0.414,-0.227,0.479,-0.269,-0.578,-0.633,0.013,-0.036,0.386,-0.032,-0.127,-0.419,-0.075,0.432,-0.528,-0.502,-0.493,0.315,-0.549,0.378,0.111,-0.418,-0.535,-0.424,-0.137,-0.281,-0.536,0.07,-0.154,-0.284,0.09,0.47,-0.513,-0.45,-0.439,-0.213,-0.461,-0.408,-0.283,-0.608,-0.667,-0.654,-0.455,-0.704,-0.662,-0.721,0.275,-0.635,-0.409,0.443,-0.263,-0.544,-0.544,-0.407,0.391,-0.039,-0.341,0.309,-0.601,-0.62,-0.583
BIDU,0.671,-0.076,-0.042,0.723,0.333,0.632,0.69,0.556,0.418,-0.725,1.0,0.9,0.155,0.409,0.558,-0.141,0.722,0.467,-0.062,-0.527,-0.014,-0.417,0.364,-0.433,0.125,0.248,0.252,-0.32,0.072,0.585,-0.615,0.085,0.092,0.427,0.056,0.595,0.746,0.578,0.8,0.527,0.616,-0.275,-0.014,0.679,0.575,0.136,0.326,-0.621,0.31,-0.051,0.366,0.267,-0.273,0.385,0.6,0.554,-0.031,0.768,-0.191,0.169,0.577,0.457,0.669,0.361,0.295,0.652,0.307,0.385,0.66,0.214,-0.592,0.571,0.592,0.23,0.385,0.58,0.621,0.353,0.595,0.733,0.772,0.444,0.578,0.846,0.547,0.126,0.71,0.142,-0.533,0.607,0.563,0.692,0.536,-0.18,-0.156,0.445,-0.194,0.537,0.623,0.363
BILI,0.596,0.074,0.119,0.55,0.341,0.702,0.694,0.412,0.454,-0.649,0.9,1.0,0.288,0.453,0.564,0.069,0.701,0.529,0.14,-0.456,0.153,-0.336,0.535,-0.26,0.263,0.282,0.307,-0.234,0.199,0.617,-0.485,0.264,0.266,0.381,0.182,0.691,0.747,0.645,0.627,0.563,0.715,-0.053,-0.061,0.501,0.476,0.298,0.348,-0.628,0.451,0.007,0.311,0.375,-0.074,0.377,0.445,0.576,0.151,0.761,-0.002,0.322,0.539,0.502,0.62,0.475,0.217,0.641,0.409,0.455,0.767,0.326,-0.467,0.553,0.587,0.156,0.517,0.536,0.585,0.425,0.51,0.65,0.73,0.439,0.462,0.779,0.466,0.298,0.633,0.1,-0.386,0.656,0.538,0.627,0.587,0.012,-0.073,0.522,-0.008,0.524,0.491,0.231
BKR,0.09,0.493,0.778,0.043,0.283,0.521,0.579,-0.212,0.574,0.118,0.155,0.288,1.0,0.455,0.265,0.529,0.225,0.529,0.677,-0.043,0.708,0.464,0.734,0.464,0.764,0.707,0.555,0.481,0.708,0.553,0.264,0.766,0.819,0.19,0.668,0.607,0.52,0.448,-0.223,0.369,0.711,0.562,-0.403,-0.074,-0.121,0.696,0.699,-0.394,0.652,0.221,-0.281,0.43,0.573,-0.021,-0.208,0.272,0.562,0.211,0.209,0.744,0.401,0.029,0.358,0.696,-0.109,0.076,0.681,0.22,0.621,0.648,-0.083,0.171,0.423,-0.402,0.421,0.237,0.129,0.498,-0.281,-0.141,0.384,-0.117,-0.251,0.081,-0.29,0.656,-0.046,-0.46,0.148,0.452,-0.037,0.237,0.377,0.656,-0.019,0.395,0.469,-0.077,-0.124,-0.423
CAN,0.525,-0.009,0.331,0.257,0.347,0.374,0.646,0.272,0.368,-0.356,0.409,0.453,0.455,1.0,0.545,0.095,0.32,0.396,0.167,-0.132,0.508,-0.058,0.547,-0.09,0.513,0.555,0.435,0.125,0.265,0.553,-0.283,0.306,0.327,0.584,0.428,0.574,0.543,0.633,0.242,0.599,0.476,0.182,-0.007,0.232,0.25,0.686,0.466,-0.472,0.352,0.58,0.344,0.287,-0.015,0.743,0.169,0.728,0.074,0.473,0.186,0.287,0.414,0.652,0.461,0.519,0.232,0.339,0.307,0.278,0.489,0.508,-0.478,0.643,0.569,-0.119,0.382,0.296,0.339,0.924,0.247,0.364,0.36,0.13,0.266,0.452,0.156,0.154,0.296,0.024,-0.117,0.492,0.445,0.319,0.629,0.367,0.366,0.82,0.167,0.22,0.357,-0.001
CHRD,0.755,-0.086,0.221,0.371,0.437,0.421,0.689,0.578,0.358,-0.488,0.558,0.564,0.265,0.545,1.0,-0.11,0.484,0.296,-0.108,-0.105,0.131,-0.358,0.433,-0.297,0.371,0.302,0.273,-0.095,0.046,0.519,-0.385,0.105,0.064,0.62,0.231,0.63,0.63,0.537,0.454,0.783,0.378,-0.052,0.289,0.398,0.589,0.146,0.304,-0.428,0.195,0.165,0.31,0.184,-0.327,0.443,0.342,0.595,-0.234,0.596,0.089,0.048,0.708,0.586,0.574,0.41,0.586,0.562,0.129,0.353,0.381,0.31,-0.543,0.604,0.767,0.227,0.238,0.503,0.678,0.518,0.488,0.561,0.618,0.501,0.558,0.683,0.52,-0.101,0.622,0.254,-0.235,0.416,0.754,0.533,0.779,0.141,0.039,0.583,0.094,0.575,0.518,0.394
CMCSA,-0.391,0.76,0.609,-0.306,-0.009,0.446,0.173,-0.499,0.397,0.393,-0.141,0.069,0.529,0.095,-0.11,1.0,-0.137,0.218,0.553,0.235,0.476,0.533,0.309,0.72,0.416,0.435,0.458,0.526,0.583,0.051,0.64,0.736,0.695,-0.109,0.418,0.227,0.073,0.055,-0.381,-0.05,0.371,0.733,-0.297,-0.388,-0.398,0.514,0.364,0.058,0.662,0.143,-0.47,0.239,0.641,-0.236,-0.467,-0.136,0.64,-0.056,0.346,0.477,0.158,-0.251,-0.131,0.433,-0.236,-0.134,0.358,0.153,0.343,0.319,0.481,-0.208,0.109,-0.517,0.453,0.091,-0.169,0.176,-0.477,-0.268,-0.078,-0.136,-0.307,-0.265,-0.441,0.646,-0.27,-0.367,0.487,0.347,-0.362,-0.034,-0.112,0.628,0.222,-0.081,0.743,-0.2,-0.489,-0.564
CPRT,0.519,0.046,-0.033,0.782,0.554,0.685,0.508,0.53,0.601,-0.576,0.722,0.701,0.225,0.32,0.484,-0.137,1.0,0.609,0.109,-0.646,0.167,-0.324,0.476,-0.238,0.153,0.267,0.324,-0.324,0.257,0.542,-0.52,0.201,0.248,0.311,0.085,0.589,0.705,0.674,0.566,0.372,0.509,-0.038,-0.14,0.723,0.343,0.195,0.501,-0.69,0.435,-0.17,0.241,0.383,-0.035,0.252,0.689,0.475,0.115,0.62,-0.258,0.384,0.497,0.337,0.731,0.441,0.045,0.719,0.357,0.414,0.516,0.353,-0.555,0.448,0.49,0.108,0.575,0.44,0.666,0.245,0.532,0.591,0.752,0.519,0.422,0.555,0.434,0.172,0.54,-0.051,-0.545,0.58,0.468,0.793,0.515,-0.132,-0.442,0.374,-0.247,0.379,0.66,0.347
CRWD,0.206,0.257,0.31,0.421,0.403,0.627,0.434,0.126,0.635,-0.191,0.467,0.529,0.529,0.396,0.296,0.218,0.609,1.0,0.507,-0.34,0.659,0.139,0.723,0.163,0.392,0.403,0.697,0.182,0.568,0.765,-0.082,0.618,0.583,-0.045,0.579,0.546,0.537,0.609,0.126,0.261,0.798,0.341,-0.588,0.324,-0.144,0.52,0.697,-0.655,0.665,-0.138,0.008,0.666,0.315,0.038,0.349,0.393,0.52,0.394,-0.061,0.664,0.349,0.161,0.564,0.53,-0.296,0.358,0.854,0.346,0.805,0.703,-0.35,0.221,0.363,-0.159,0.593,0.185,0.349,0.429,0.112,0.178,0.444,0.078,-0.039,0.324,0.06,0.565,0.112,-0.471,-0.16,0.535,0.133,0.572,0.41,0.287,-0.296,0.38,0.063,-0.086,0.362,-0.056
CSCO,-0.186,0.525,0.662,-0.07,0.1,0.347,0.198,-0.412,0.404,0.304,-0.062,0.14,0.677,0.167,-0.108,0.553,0.109,0.507,1.0,0.092,0.639,0.507,0.583,0.699,0.695,0.376,0.501,0.573,0.631,0.307,0.435,0.755,0.753,-0.296,0.647,0.383,0.246,0.18,-0.358,0.058,0.568,0.599,-0.636,-0.235,-0.459,0.606,0.52,-0.233,0.595,0.025,-0.395,0.585,0.862,-0.136,-0.259,0.009,0.853,-0.022,0.187,0.891,0.055,-0.137,0.117,0.56,-0.357,-0.087,0.668,0.189,0.494,0.544,0.227,-0.2,0.067,-0.421,0.349,-0.045,-0.143,0.274,-0.43,-0.359,0.037,-0.366,-0.551,-0.252,-0.322,0.885,-0.307,-0.461,0.35,0.285,-0.336,0.071,0.126,0.655,-0.125,0.096,0.386,-0.272,-0.262,-0.499
CSX,-0.329,0.099,0.329,-0.682,-0.538,-0.431,-0.304,-0.497,-0.305,0.385,-0.527,-0.456,-0.043,-0.132,-0.105,0.235,-0.646,-0.34,0.092,1.0,-0.039,0.262,-0.238,0.448,0.252,-0.106,-0.017,0.559,-0.2,-0.411,0.583,0.027,-0.095,-0.149,0.255,-0.223,-0.373,-0.65,-0.527,-0.089,-0.325,0.077,0.139,-0.665,-0.175,-0.151,-0.205,0.584,-0.238,0.235,-0.302,-0.263,0.157,-0.222,-0.678,-0.41,-0.05,-0.426,0.399,-0.189,-0.071,-0.219,-0.568,-0.277,0.108,-0.616,-0.246,-0.403,-0.329,-0.223,0.491,-0.395,-0.177,-0.163,-0.407,-0.204,-0.486,-0.033,-0.579,-0.453,-0.534,-0.459,-0.301,-0.457,-0.158,-0.045,-0.437,0.045,0.686,-0.372,-0.295,-0.503,-0.196,0.273,0.528,-0.256,0.531,-0.253,-0.51,-0.118
DKNG,0.028,0.406,0.601,-0.084,0.309,0.356,0.375,-0.188,0.425,0.269,-0.014,0.153,0.708,0.508,0.131,0.476,0.167,0.659,0.639,-0.039,1.0,0.534,0.783,0.455,0.631,0.617,0.596,0.544,0.641,0.563,0.23,0.679,0.663,0.093,0.784,0.495,0.225,0.495,-0.281,0.241,0.606,0.678,-0.458,-0.133,-0.361,0.74,0.676,-0.374,0.59,0.306,-0.211,0.473,0.46,0.059,-0.083,0.336,0.553,0.117,0.328,0.612,0.166,0.14,0.296,0.493,-0.238,-0.009,0.74,0.271,0.591,0.792,-0.143,0.184,0.225,-0.452,0.462,-0.038,0.063,0.535,-0.261,-0.166,0.096,-0.13,-0.307,-0.022,-0.396,0.606,-0.231,-0.538,0.176,0.39,-0.048,0.089,0.344,0.662,-0.004,0.457,0.444,-0.196,0.021,-0.502
EBAY,-0.41,0.602,0.452,-0.342,0.085,0.057,-0.032,-0.454,0.169,0.731,-0.417,-0.336,0.464,-0.058,-0.358,0.533,-0.324,0.139,0.507,0.262,0.534,1.0,0.234,0.689,0.348,0.51,0.393,0.719,0.524,0.005,0.71,0.514,0.484,-0.354,0.443,-0.067,-0.24,-0.12,-0.609,-0.208,0.141,0.639,-0.405,-0.393,-0.618,0.326,0.313,0.25,0.362,0.1,-0.502,0.116,0.569,-0.421,-0.442,-0.275,0.526,-0.256,0.402,0.382,-0.111,-0.381,-0.161,0.13,-0.326,-0.393,0.384,-0.135,0.076,0.399,0.324,-0.306,-0.2,-0.663,0.187,-0.232,-0.36,0.011,-0.601,-0.583,-0.377,-0.351,-0.589,-0.459,-0.749,0.537,-0.621,-0.607,0.388,0.063,-0.44,-0.319,-0.217,0.503,-0.061,-0.172,0.506,-0.569,-0.524,-0.705
ERIC,0.274,0.35,0.527,0.223,0.475,0.573,0.563,0.073,0.605,-0.091,0.364,0.535,0.734,0.547,0.433,0.309,0.476,0.723,0.583,-0.238,0.783,0.234,1.0,0.197,0.639,0.622,0.578,0.319,0.655,0.738,-0.031,0.657,0.683,0.274,0.679,0.714,0.602,0.665,0.057,0.498,0.817,0.45,-0.387,0.163,-0.025,0.669,0.715,-0.588,0.635,0.19,-0.038,0.593,0.333,0.151,0.155,0.469,0.455,0.432,0.291,0.68,0.376,0.316,0.509,0.657,-0.015,0.29,0.789,0.309,0.774,0.7,-0.352,0.381,0.524,-0.24,0.541,0.245,0.324,0.57,0.002,0.166,0.444,0.157,-0.111,0.259,-0.139,0.569,0.088,-0.382,-0.041,0.574,0.253,0.415,0.548,0.51,-0.147,0.573,0.26,0.082,0.232,-0.303
EXC,-0.511,0.622,0.561,-0.388,-0.194,0.103,-0.122,-0.624,0.175,0.596,-0.433,-0.26,0.464,-0.09,-0.297,0.72,-0.238,0.163,0.699,0.448,0.455,0.689,0.197,1.0,0.47,0.345,0.378,0.707,0.521,-0.104,0.8,0.634,0.624,-0.36,0.515,0.032,-0.136,-0.164,-0.643,-0.199,0.196,0.647,-0.432,-0.539,-0.519,0.394,0.352,0.189,0.436,0.087,-0.58,0.21,0.831,-0.328,-0.593,-0.306,0.651,-0.316,0.308,0.544,-0.054,-0.381,-0.26,0.276,-0.444,-0.373,0.328,-0.008,0.116,0.35,0.55,-0.441,-0.165,-0.605,0.158,-0.233,-0.414,0.036,-0.665,-0.614,-0.293,-0.49,-0.652,-0.537,-0.537,0.638,-0.565,-0.407,0.627,0.094,-0.589,-0.248,-0.23,0.653,0.097,-0.233,0.599,-0.463,-0.573,-0.608
FITB,0.249,0.393,0.848,-0.081,0.121,0.374,0.519,-0.188,0.453,0.048,0.125,0.263,0.764,0.513,0.371,0.416,0.153,0.392,0.695,0.252,0.631,0.348,0.639,0.47,1.0,0.617,0.498,0.601,0.483,0.412,0.282,0.614,0.59,0.276,0.791,0.707,0.428,0.267,-0.229,0.537,0.545,0.424,-0.228,-0.202,-0.005,0.548,0.584,-0.286,0.544,0.369,-0.239,0.347,0.444,0.106,-0.292,0.305,0.482,0.221,0.277,0.62,0.502,0.177,0.257,0.547,0.146,0.031,0.463,0.219,0.457,0.605,-0.076,0.177,0.496,-0.344,0.298,0.255,0.051,0.571,-0.288,-0.118,0.298,-0.187,-0.213,0.037,-0.16,0.573,-0.019,-0.243,0.262,0.365,0.038,0.116,0.536,0.698,0.163,0.409,0.56,0.033,-0.045,-0.347
FLEX,0.198,0.52,0.519,0.164,0.417,0.573,0.584,0.008,0.612,0.127,0.248,0.282,0.707,0.555,0.302,0.435,0.267,0.403,0.376,-0.106,0.617,0.51,0.622,0.345,0.617,1.0,0.665,0.435,0.645,0.457,0.193,0.617,0.622,0.384,0.53,0.571,0.475,0.5,-0.058,0.412,0.569,0.525,-0.182,0.079,-0.009,0.603,0.69,-0.291,0.672,0.411,-0.132,0.241,0.265,0.143,-0.066,0.414,0.371,0.342,0.301,0.467,0.492,0.184,0.46,0.526,0.048,0.21,0.481,0.171,0.489,0.646,-0.164,0.339,0.546,-0.536,0.52,0.343,0.249,0.555,-0.062,0.066,0.277,0.062,-0.086,0.17,-0.338,0.444,-0.005,-0.376,0.019,0.567,0.122,0.285,0.361,0.585,0.06,0.434,0.427,-0.061,-0.009,-0.423
FTNT,0.107,0.5,0.48,0.189,0.45,0.626,0.465,-0.032,0.722,0.075,0.252,0.307,0.555,0.435,0.273,0.458,0.324,0.697,0.501,-0.017,0.596,0.393,0.578,0.378,0.498,0.665,1.0,0.441,0.606,0.469,0.186,0.677,0.653,0.066,0.589,0.506,0.448,0.419,-0.034,0.276,0.617,0.481,-0.363,0.103,-0.127,0.556,0.767,-0.367,0.736,0.118,-0.206,0.521,0.374,0.075,0.039,0.312,0.56,0.221,0.238,0.613,0.472,0.104,0.518,0.58,-0.083,0.291,0.634,0.149,0.558,0.723,-0.05,0.029,0.475,-0.452,0.592,0.376,0.245,0.463,0.011,0.079,0.216,-0.001,-0.127,0.11,-0.176,0.549,-0.086,-0.495,0.145,0.523,0.047,0.518,0.288,0.512,-0.031,0.267,0.363,-0.196,0.052,-0.226
GEN,-0.171,0.43,0.639,-0.376,-0.067,0.046,0.081,-0.434,0.142,0.558,-0.32,-0.234,0.481,0.125,-0.095,0.526,-0.324,0.182,0.573,0.559,0.544,0.719,0.319,0.707,0.601,0.435,0.441,1.0,0.492,0.077,0.714,0.53,0.478,-0.21,0.749,0.161,-0.05,-0.165,-0.476,0.137,0.265,0.518,-0.351,-0.429,-0.368,0.378,0.393,0.157,0.3,0.191,-0.408,0.197,0.512,-0.277,-0.474,-0.128,0.434,-0.207,0.51,0.413,0.055,-0.18,-0.142,0.213,-0.186,-0.373,0.415,-0.074,0.2,0.451,0.226,-0.256,0.041,-0.552,0.105,-0.112,-0.335,0.228,-0.625,-0.535,-0.238,-0.447,-0.485,-0.394,-0.584,0.52,-0.52,-0.483,0.601,0.053,-0.317,-0.271,0.074,0.635,0.126,0.002,0.68,-0.418,-0.419,-0.633
GERN,-0.079,0.538,0.479,0.142,0.364,0.57,0.387,-0.18,0.614,0.279,0.072,0.199,0.708,0.265,0.046,0.583,0.257,0.568,0.631,-0.2,0.641,0.524,0.655,0.521,0.483,0.645,0.606,0.492,1.0,0.44,0.378,0.795,0.848,-0.11,0.521,0.388,0.371,0.505,-0.206,0.164,0.645,0.592,-0.624,0.044,-0.289,0.716,0.671,-0.393,0.753,-0.044,-0.266,0.532,0.608,-0.157,-0.045,0.146,0.688,0.154,0.163,0.797,0.102,-0.085,0.261,0.706,-0.346,0.151,0.698,0.326,0.525,0.682,-0.05,0.021,0.353,-0.516,0.589,0.055,0.072,0.293,-0.218,-0.172,0.227,-0.112,-0.382,-0.111,-0.506,0.692,-0.219,-0.622,0.189,0.505,-0.169,0.208,0.17,0.624,-0.28,0.18,0.319,-0.274,-0.135,-0.582
GEVO,0.506,0.077,0.306,0.499,0.415,0.553,0.639,0.278,0.558,-0.353,0.585,0.617,0.553,0.553,0.519,0.051,0.542,0.765,0.307,-0.411,0.563,0.005,0.738,-0.104,0.412,0.457,0.469,0.077,0.44,1.0,-0.308,0.504,0.486,0.243,0.5,0.678,0.6,0.64,0.297,0.542,0.8,0.194,-0.403,0.481,0.078,0.525,0.575,-0.674,0.512,0.051,0.198,0.539,0.071,0.229,0.413,0.571,0.282,0.611,-0.072,0.499,0.424,0.419,0.648,0.498,-0.104,0.4,0.752,0.418,0.814,0.616,-0.562,0.511,0.551,-0.021,0.492,0.236,0.401,0.573,0.188,0.228,0.601,0.202,0.201,0.531,0.134,0.406,0.334,-0.366,-0.328,0.495,0.427,0.493,0.616,0.284,-0.209,0.607,0.016,0.16,0.435,-0.042
GILD,-0.607,0.593,0.458,-0.545,-0.268,-0.093,-0.328,-0.578,-0.016,0.743,-0.615,-0.485,0.264,-0.283,-0.385,0.64,-0.52,-0.082,0.435,0.583,0.23,0.71,-0.031,0.8,0.282,0.193,0.186,0.714,0.378,-0.308,1.0,0.443,0.355,-0.482,0.344,-0.21,-0.359,-0.401,-0.694,-0.274,-0.078,0.541,-0.304,-0.608,-0.634,0.097,0.06,0.452,0.215,-0.022,-0.466,0.01,0.601,-0.544,-0.637,-0.524,0.429,-0.425,0.356,0.225,-0.18,-0.498,-0.49,0.028,-0.311,-0.489,0.111,-0.143,-0.14,0.083,0.606,-0.482,-0.284,-0.513,-0.005,-0.303,-0.477,-0.167,-0.699,-0.676,-0.521,-0.417,-0.598,-0.672,-0.636,0.396,-0.592,-0.343,0.636,-0.113,-0.557,-0.436,-0.356,0.504,0.132,-0.372,0.605,-0.497,-0.691,-0.612
GOOG,-0.151,0.681,0.676,0.056,0.195,0.632,0.371,-0.297,0.709,0.176,0.085,0.264,0.766,0.306,0.105,0.736,0.201,0.618,0.755,0.027,0.679,0.514,0.657,0.634,0.614,0.617,0.677,0.53,0.795,0.504,0.443,1.0,0.915,-0.095,0.598,0.481,0.426,0.359,-0.239,0.19,0.692,0.694,-0.584,-0.035,-0.391,0.695,0.696,-0.287,0.846,0.085,-0.309,0.641,0.701,-0.141,-0.164,0.122,0.741,0.189,0.193,0.787,0.299,-0.056,0.259,0.652,-0.354,0.074,0.695,0.227,0.62,0.61,0.121,-0.011,0.356,-0.419,0.626,0.147,0.02,0.383,-0.351,-0.215,0.182,-0.128,-0.254,-0.091,-0.276,0.769,-0.183,-0.531,0.302,0.561,-0.162,0.254,0.147,0.707,-0.066,0.194,0.529,-0.195,-0.224,-0.441
GOOGL,-0.154,0.64,0.65,0.091,0.238,0.614,0.377,-0.312,0.688,0.149,0.092,0.266,0.819,0.327,0.064,0.695,0.248,0.583,0.753,-0.095,0.663,0.484,0.683,0.624,0.59,0.622,0.653,0.478,0.848,0.486,0.355,0.915,1.0,-0.028,0.557,0.455,0.449,0.409,-0.235,0.168,0.707,0.625,-0.59,-0.043,-0.303,0.775,0.721,-0.407,0.821,0.089,-0.355,0.628,0.754,-0.08,-0.195,0.143,0.766,0.14,0.184,0.859,0.23,-0.064,0.25,0.735,-0.359,0.109,0.704,0.198,0.611,0.627,0.068,-0.015,0.35,-0.421,0.605,0.115,-0.034,0.409,-0.318,-0.177,0.285,-0.181,-0.366,-0.121,-0.38,0.766,-0.214,-0.556,0.248,0.517,-0.185,0.259,0.155,0.678,-0.082,0.204,0.398,-0.224,-0.248,-0.513
GT,0.595,-0.112,0.135,0.2,0.277,0.286,0.533,0.424,0.237,-0.539,0.427,0.381,0.19,0.584,0.62,-0.109,0.311,-0.045,-0.296,-0.149,0.093,-0.354,0.274,-0.36,0.276,0.384,0.066,-0.21,-0.11,0.243,-0.482,-0.095,-0.028,1.0,0.052,0.552,0.491,0.418,0.351,0.577,0.162,-0.137,0.558,0.23,0.668,0.184,0.201,-0.208,0.095,0.622,0.215,-0.193,-0.452,0.572,0.124,0.593,-0.37,0.416,0.084,-0.196,0.593,0.565,0.396,0.234,0.586,0.416,-0.142,0.117,0.157,0.117,-0.386,0.639,0.68,0.096,0.151,0.546,0.444,0.48,0.418,0.592,0.515,0.456,0.532,0.498,0.3,-0.311,0.483,0.343,-0.267,0.295,0.538,0.306,0.506,0.056,0.325,0.523,0.122,0.596,0.351,0.214
HBAN,0.149,0.374,0.737,-0.145,0.106,0.256,0.395,-0.229,0.374,0.182,0.056,0.182,0.668,0.428,0.231,0.418,0.085,0.579,0.647,0.255,0.784,0.443,0.679,0.515,0.791,0.53,0.589,0.749,0.521,0.5,0.344,0.598,0.557,0.052,1.0,0.587,0.28,0.224,-0.249,0.452,0.619,0.473,-0.357,-0.225,-0.146,0.557,0.651,-0.257,0.507,0.251,-0.27,0.43,0.418,-0.0,-0.198,0.288,0.428,0.103,0.361,0.572,0.345,0.119,0.238,0.453,-0.074,-0.105,0.692,0.171,0.585,0.731,-0.092,0.035,0.293,-0.416,0.327,0.131,-0.012,0.516,-0.362,-0.272,0.138,-0.27,-0.295,0.008,-0.289,0.559,-0.197,-0.406,0.371,0.306,-0.049,0.075,0.449,0.622,0.074,0.359,0.562,-0.156,0.042,-0.464
HST,0.63,0.26,0.565,0.318,0.411,0.697,0.767,0.229,0.65,-0.425,0.595,0.691,0.607,0.574,0.63,0.227,0.589,0.546,0.383,-0.223,0.495,-0.067,0.714,0.032,0.707,0.571,0.506,0.161,0.388,0.678,-0.21,0.481,0.455,0.552,0.587,1.0,0.734,0.598,0.259,0.761,0.727,0.243,-0.032,0.261,0.358,0.483,0.613,-0.547,0.64,0.288,0.011,0.337,0.07,0.313,0.191,0.626,0.279,0.619,0.089,0.485,0.734,0.472,0.685,0.597,0.248,0.527,0.513,0.507,0.699,0.63,-0.365,0.497,0.751,-0.191,0.608,0.603,0.525,0.557,0.23,0.328,0.689,0.317,0.267,0.504,0.181,0.408,0.454,-0.114,-0.111,0.616,0.418,0.551,0.752,0.405,-0.017,0.557,0.358,0.445,0.376,-0.049
INTC,0.584,0.131,0.279,0.638,0.481,0.747,0.723,0.424,0.651,-0.607,0.746,0.747,0.52,0.543,0.63,0.073,0.705,0.537,0.246,-0.373,0.225,-0.24,0.602,-0.136,0.428,0.475,0.448,-0.05,0.371,0.6,-0.359,0.426,0.449,0.491,0.28,0.734,1.0,0.669,0.51,0.627,0.696,0.038,-0.069,0.564,0.443,0.441,0.556,-0.574,0.528,0.112,0.183,0.451,0.065,0.393,0.422,0.598,0.16,0.636,-0.057,0.477,0.642,0.441,0.707,0.662,0.216,0.646,0.446,0.35,0.673,0.383,-0.446,0.491,0.736,0.033,0.564,0.664,0.6,0.516,0.42,0.551,0.785,0.429,0.397,0.614,0.396,0.291,0.511,0.018,-0.22,0.656,0.466,0.778,0.613,0.169,-0.109,0.509,0.06,0.481,0.455,0.188
IOVA,0.546,0.018,0.104,0.555,0.641,0.629,0.668,0.492,0.485,-0.366,0.578,0.645,0.448,0.633,0.537,0.055,0.674,0.609,0.18,-0.65,0.495,-0.12,0.665,-0.164,0.267,0.5,0.419,-0.165,0.505,0.64,-0.401,0.359,0.409,0.418,0.224,0.598,0.669,1.0,0.413,0.48,0.625,0.24,-0.162,0.511,0.237,0.598,0.547,-0.718,0.489,0.13,0.328,0.483,0.013,0.504,0.503,0.741,0.211,0.615,0.003,0.437,0.358,0.563,0.744,0.676,0.041,0.709,0.473,0.6,0.614,0.651,-0.575,0.657,0.574,-0.012,0.558,0.321,0.643,0.556,0.572,0.541,0.599,0.421,0.307,0.594,0.181,0.25,0.454,-0.057,-0.365,0.651,0.46,0.574,0.582,0.282,-0.209,0.695,-0.065,0.384,0.531,0.04
IQ,0.627,-0.313,-0.325,0.743,0.276,0.329,0.428,0.699,0.122,-0.639,0.8,0.627,-0.223,0.242,0.454,-0.381,0.566,0.126,-0.358,-0.527,-0.281,-0.609,0.057,-0.643,-0.229,-0.058,-0.034,-0.476,-0.206,0.297,-0.694,-0.239,-0.235,0.351,-0.249,0.259,0.51,0.413,1.0,0.417,0.232,-0.481,0.169,0.785,0.584,-0.128,0.099,-0.46,-0.074,-0.134,0.589,0.145,-0.501,0.426,0.79,0.439,-0.332,0.583,-0.218,-0.137,0.338,0.475,0.541,0.118,0.4,0.597,-0.039,0.273,0.297,-0.087,-0.621,0.523,0.392,0.447,0.129,0.447,0.559,0.155,0.688,0.728,0.555,0.536,0.687,0.693,0.599,-0.193,0.694,0.317,-0.585,0.369,0.611,0.594,0.398,-0.429,-0.167,0.38,-0.417,0.598,0.69,0.495
JBLU,0.804,0.0,0.41,0.276,0.383,0.411,0.686,0.472,0.393,-0.414,0.527,0.563,0.369,0.599,0.783,-0.05,0.372,0.261,0.058,-0.089,0.241,-0.208,0.498,-0.199,0.537,0.412,0.276,0.137,0.164,0.542,-0.274,0.19,0.168,0.577,0.452,0.761,0.627,0.48,0.417,1.0,0.493,-0.039,0.206,0.293,0.572,0.253,0.381,-0.44,0.293,0.248,0.293,0.26,-0.251,0.441,0.235,0.654,-0.144,0.537,0.184,0.167,0.656,0.601,0.567,0.46,0.551,0.491,0.264,0.375,0.48,0.451,-0.563,0.585,0.736,0.098,0.354,0.535,0.551,0.552,0.364,0.384,0.608,0.311,0.397,0.558,0.33,0.043,0.499,0.173,-0.15,0.466,0.639,0.388,0.907,0.24,0.053,0.643,0.166,0.504,0.402,0.143
JD,0.319,0.323,0.456,0.367,0.347,0.721,0.654,0.058,0.641,-0.227,0.616,0.715,0.711,0.476,0.378,0.371,0.509,0.798,0.568,-0.325,0.606,0.141,0.817,0.196,0.545,0.569,0.617,0.265,0.645,0.8,-0.078,0.692,0.707,0.162,0.619,0.727,0.696,0.625,0.232,0.493,1.0,0.342,-0.481,0.249,0.09,0.635,0.682,-0.647,0.72,0.028,-0.043,0.62,0.344,0.124,0.18,0.461,0.508,0.513,0.081,0.713,0.478,0.226,0.569,0.677,-0.135,0.371,0.878,0.401,0.962,0.671,-0.312,0.313,0.542,-0.181,0.573,0.367,0.365,0.51,0.056,0.202,0.578,0.073,-0.029,0.447,-0.007,0.677,0.221,-0.375,-0.081,0.665,0.159,0.504,0.492,0.43,-0.182,0.456,0.223,0.096,0.216,-0.233
KDP,-0.259,0.65,0.492,-0.238,0.224,0.389,0.185,-0.339,0.393,0.479,-0.275,-0.053,0.562,0.182,-0.052,0.733,-0.038,0.341,0.599,0.077,0.678,0.639,0.45,0.647,0.424,0.525,0.481,0.518,0.592,0.194,0.541,0.694,0.625,-0.137,0.473,0.243,0.038,0.24,-0.481,-0.039,0.342,1.0,-0.335,-0.29,-0.54,0.582,0.448,0.026,0.6,0.218,-0.367,0.232,0.602,-0.174,-0.312,-0.01,0.638,-0.033,0.355,0.522,0.079,-0.135,0.069,0.344,-0.386,-0.09,0.459,0.154,0.31,0.514,0.382,-0.047,0.038,-0.63,0.469,-0.041,-0.033,0.274,-0.375,-0.337,-0.181,-0.051,-0.312,-0.246,-0.51,0.623,-0.319,-0.48,0.418,0.257,-0.249,0.002,0.008,0.607,0.043,0.084,0.638,-0.328,-0.354,-0.6
KHC,0.316,-0.274,-0.199,-0.188,-0.01,-0.244,-0.044,0.302,-0.285,-0.269,-0.014,-0.061,-0.403,-0.007,0.289,-0.297,-0.14,-0.588,-0.636,0.139,-0.458,-0.405,-0.387,-0.432,-0.228,-0.182,-0.363,-0.351,-0.624,-0.403,-0.304,-0.584,-0.59,0.558,-0.357,-0.032,-0.069,-0.162,0.169,0.206,-0.481,-0.335,1.0,-0.096,0.603,-0.437,-0.425,0.406,-0.393,0.368,0.165,-0.549,-0.652,0.305,-0.062,0.177,-0.702,-0.061,0.084,-0.71,0.278,0.266,-0.014,-0.299,0.654,0.131,-0.665,-0.168,-0.416,-0.354,0.072,0.185,0.124,0.325,-0.255,0.363,0.199,-0.081,0.388,0.319,0.003,0.412,0.484,0.218,0.368,-0.688,0.322,0.62,-0.059,-0.279,0.281,-0.066,0.094,-0.296,0.38,-0.01,0.038,0.502,0.165,0.426
LRCX,0.569,-0.208,-0.326,0.95,0.504,0.459,0.408,0.738,0.341,-0.578,0.679,0.501,-0.074,0.232,0.398,-0.388,0.723,0.324,-0.235,-0.665,-0.133,-0.393,0.163,-0.539,-0.202,0.079,0.103,-0.429,0.044,0.481,-0.608,-0.035,-0.043,0.23,-0.225,0.261,0.564,0.511,0.785,0.293,0.249,-0.29,-0.096,1.0,0.328,0.0,0.265,-0.471,0.088,-0.223,0.524,0.241,-0.304,0.299,0.914,0.383,-0.148,0.569,-0.377,0.076,0.255,0.372,0.638,0.198,0.083,0.638,0.127,0.288,0.275,0.057,-0.642,0.477,0.38,0.24,0.332,0.344,0.56,0.136,0.621,0.561,0.607,0.609,0.631,0.557,0.453,-0.083,0.52,0.005,-0.659,0.39,0.585,0.71,0.359,-0.382,-0.447,0.339,-0.464,0.38,0.675,0.414
LYFT,0.706,-0.4,-0.148,0.32,0.132,0.152,0.435,0.51,0.004,-0.633,0.575,0.476,-0.121,0.25,0.589,-0.398,0.343,-0.144,-0.459,-0.175,-0.361,-0.618,-0.025,-0.519,-0.005,-0.009,-0.127,-0.368,-0.289,0.078,-0.634,-0.391,-0.303,0.668,-0.146,0.358,0.443,0.237,0.584,0.572,0.09,-0.54,0.603,0.328,1.0,-0.192,-0.025,-0.211,-0.155,0.14,0.324,-0.203,-0.585,0.456,0.271,0.474,-0.547,0.353,-0.069,-0.288,0.484,0.466,0.361,0.075,0.617,0.45,-0.252,0.118,0.084,-0.056,-0.418,0.402,0.521,0.385,-0.07,0.562,0.478,0.154,0.577,0.593,0.601,0.391,0.558,0.644,0.546,-0.423,0.584,0.484,-0.321,0.15,0.521,0.336,0.486,-0.297,0.108,0.29,-0.182,0.606,0.49,0.5
MARA,0.087,0.327,0.478,0.088,0.266,0.465,0.514,-0.152,0.477,0.013,0.136,0.298,0.696,0.686,0.146,0.514,0.195,0.52,0.606,-0.151,0.74,0.326,0.669,0.394,0.548,0.603,0.556,0.378,0.716,0.525,0.097,0.695,0.775,0.184,0.557,0.483,0.441,0.598,-0.128,0.253,0.635,0.582,-0.437,0.0,-0.192,1.0,0.608,-0.41,0.639,0.411,-0.077,0.482,0.553,0.401,-0.086,0.454,0.602,0.264,0.215,0.712,0.125,0.31,0.31,0.725,-0.265,0.172,0.611,0.339,0.598,0.677,-0.091,0.259,0.374,-0.461,0.546,0.098,0.044,0.748,-0.1,-0.038,0.19,-0.132,-0.19,0.073,-0.305,0.617,-0.088,-0.393,0.251,0.469,-0.019,0.183,0.289,0.664,0.169,0.515,0.357,-0.098,-0.039,-0.479
MCHP,0.187,0.428,0.548,0.342,0.375,0.615,0.575,-0.011,0.74,-0.036,0.326,0.348,0.699,0.466,0.304,0.364,0.501,0.697,0.52,-0.205,0.676,0.313,0.715,0.352,0.584,0.69,0.767,0.393,0.671,0.575,0.06,0.696,0.721,0.201,0.651,0.613,0.556,0.547,0.099,0.381,0.682,0.448,-0.425,0.265,-0.025,0.608,1.0,-0.549,0.692,0.128,-0.21,0.541,0.379,0.071,0.195,0.362,0.485,0.301,0.095,0.686,0.477,0.123,0.592,0.605,-0.114,0.244,0.642,0.202,0.589,0.755,-0.264,0.15,0.48,-0.401,0.567,0.352,0.22,0.481,-0.07,0.033,0.444,0.034,-0.068,0.139,-0.177,0.529,-0.011,-0.498,0.043,0.6,0.084,0.574,0.378,0.437,-0.161,0.365,0.287,-0.096,0.229,-0.281
MDLZ,-0.43,0.084,-0.114,-0.543,-0.387,-0.507,-0.542,-0.285,-0.47,0.386,-0.621,-0.628,-0.394,-0.472,-0.428,0.058,-0.69,-0.655,-0.233,0.584,-0.374,0.25,-0.588,0.189,-0.286,-0.291,-0.367,0.157,-0.393,-0.674,0.452,-0.287,-0.407,-0.208,-0.257,-0.547,-0.574,-0.718,-0.46,-0.44,-0.647,0.026,0.406,-0.471,-0.211,-0.41,-0.549,1.0,-0.395,0.15,-0.216,-0.564,-0.042,-0.276,-0.478,-0.568,-0.251,-0.574,0.211,-0.493,-0.308,-0.374,-0.643,-0.515,0.034,-0.534,-0.527,-0.532,-0.628,-0.531,0.707,-0.445,-0.445,-0.144,-0.417,-0.148,-0.46,-0.414,-0.361,-0.423,-0.672,-0.092,-0.107,-0.485,-0.213,-0.305,-0.461,0.17,0.462,-0.566,-0.381,-0.572,-0.583,-0.154,0.291,-0.55,0.292,-0.225,-0.484,-0.125
META,0.034,0.731,0.576,0.199,0.38,0.82,0.49,-0.088,0.857,-0.032,0.31,0.451,0.652,0.352,0.195,0.662,0.435,0.665,0.595,-0.238,0.59,0.362,0.635,0.436,0.544,0.672,0.736,0.3,0.753,0.512,0.215,0.846,0.821,0.095,0.507,0.64,0.528,0.489,-0.074,0.293,0.72,0.6,-0.393,0.088,-0.155,0.639,0.692,-0.395,1.0,0.072,-0.27,0.545,0.491,-0.029,-0.021,0.285,0.675,0.327,0.093,0.715,0.487,0.015,0.432,0.682,-0.169,0.349,0.646,0.325,0.661,0.664,0.022,0.107,0.509,-0.433,0.855,0.407,0.225,0.392,-0.065,0.056,0.376,0.103,-0.094,0.109,-0.194,0.671,0.016,-0.431,0.102,0.681,-0.03,0.445,0.266,0.541,-0.117,0.204,0.412,-0.071,-0.025,-0.353
MNST,0.181,0.064,0.28,-0.219,-0.089,-0.005,0.217,-0.08,0.007,-0.127,-0.051,0.007,0.221,0.58,0.165,0.143,-0.17,-0.138,0.025,0.235,0.306,0.1,0.19,0.087,0.369,0.411,0.118,0.191,-0.044,0.051,-0.022,0.085,0.089,0.622,0.251,0.288,0.112,0.13,-0.134,0.248,0.028,0.218,0.368,-0.223,0.14,0.411,0.128,0.15,0.072,1.0,0.088,-0.242,-0.05,0.501,-0.277,0.438,-0.061,0.096,0.234,-0.092,0.205,0.485,0.042,0.09,0.189,-0.086,-0.098,-0.065,0.055,0.177,0.076,0.41,0.255,-0.274,0.044,0.128,-0.112,0.548,-0.035,0.011,-0.083,-0.002,0.089,0.031,-0.119,-0.027,0.018,0.094,0.201,0.01,0.093,-0.15,0.168,0.342,0.681,0.44,0.422,0.167,-0.036,-0.203
MRNA,0.5,-0.431,-0.345,0.468,0.12,0.035,0.123,0.649,-0.197,-0.419,0.366,0.311,-0.281,0.344,0.31,-0.47,0.241,0.008,-0.395,-0.302,-0.211,-0.502,-0.038,-0.58,-0.239,-0.132,-0.206,-0.408,-0.266,0.198,-0.466,-0.309,-0.355,0.215,-0.27,0.011,0.183,0.328,0.589,0.293,-0.043,-0.367,0.165,0.524,0.324,-0.077,-0.21,-0.216,-0.27,0.088,1.0,-0.041,-0.468,0.488,0.56,0.465,-0.375,0.409,-0.024,-0.263,-0.048,0.663,0.24,-0.043,0.2,0.408,-0.179,0.234,0.058,-0.12,-0.519,0.687,0.178,0.363,-0.051,0.004,0.344,0.261,0.598,0.489,0.178,0.35,0.529,0.451,0.437,-0.312,0.527,0.338,-0.505,0.08,0.595,0.129,0.342,-0.306,0.147,0.602,-0.366,0.421,0.481,0.419
MRVL,0.071,0.225,0.3,0.317,0.362,0.392,0.269,0.048,0.539,-0.075,0.267,0.375,0.43,0.287,0.184,0.239,0.383,0.666,0.585,-0.263,0.473,0.116,0.593,0.21,0.347,0.241,0.521,0.197,0.532,0.539,0.01,0.641,0.628,-0.193,0.43,0.337,0.451,0.483,0.145,0.26,0.62,0.232,-0.549,0.241,-0.203,0.482,0.541,-0.564,0.545,-0.242,-0.041,1.0,0.449,0.103,0.226,0.276,0.474,0.231,0.033,0.682,0.186,0.112,0.416,0.639,-0.218,0.294,0.644,0.263,0.575,0.542,-0.256,0.003,0.29,0.164,0.462,0.112,0.192,0.339,0.026,0.059,0.28,-0.085,-0.125,0.104,0.103,0.482,-0.01,-0.236,-0.033,0.489,0.069,0.389,0.298,0.401,-0.36,0.279,-0.064,-0.033,0.195,-0.068
MSFT,-0.478,0.585,0.507,-0.139,-0.05,0.22,-0.023,-0.556,0.264,0.432,-0.273,-0.074,0.573,-0.015,-0.327,0.641,-0.035,0.315,0.862,0.157,0.46,0.569,0.333,0.831,0.444,0.265,0.374,0.512,0.608,0.071,0.601,0.701,0.754,-0.452,0.418,0.07,0.065,0.013,-0.501,-0.251,0.344,0.602,-0.652,-0.304,-0.585,0.553,0.379,-0.042,0.491,-0.05,-0.468,0.449,1.0,-0.226,-0.379,-0.246,0.828,-0.188,0.136,0.793,-0.169,-0.334,-0.13,0.454,-0.556,-0.225,0.482,0.082,0.273,0.335,0.439,-0.391,-0.172,-0.484,0.271,-0.202,-0.345,0.117,-0.551,-0.523,-0.138,-0.422,-0.632,-0.45,-0.451,0.796,-0.467,-0.47,0.463,0.162,-0.508,-0.053,-0.193,0.579,-0.059,-0.121,0.354,-0.433,-0.468,-0.556
MSTR,0.573,-0.343,-0.116,0.305,0.234,0.092,0.392,0.452,0.009,-0.528,0.385,0.377,-0.021,0.743,0.443,-0.236,0.252,0.038,-0.136,-0.222,0.059,-0.421,0.151,-0.328,0.106,0.143,0.075,-0.277,-0.157,0.229,-0.544,-0.141,-0.08,0.572,-0.0,0.313,0.393,0.504,0.426,0.441,0.124,-0.174,0.305,0.299,0.456,0.401,0.071,-0.276,-0.029,0.501,0.488,0.103,-0.226,1.0,0.287,0.685,-0.212,0.38,0.023,-0.038,0.233,0.751,0.379,0.316,0.329,0.458,-0.09,0.258,0.177,0.178,-0.379,0.555,0.364,0.162,0.109,0.297,0.341,0.698,0.566,0.495,0.252,0.243,0.434,0.495,0.419,-0.187,0.407,0.423,-0.172,0.225,0.473,0.273,0.453,0.049,0.356,0.645,-0.161,0.444,0.456,0.275
MU,0.537,-0.296,-0.393,0.851,0.472,0.316,0.277,0.737,0.181,-0.502,0.6,0.445,-0.208,0.169,0.342,-0.467,0.689,0.349,-0.259,-0.678,-0.083,-0.442,0.155,-0.593,-0.292,-0.066,0.039,-0.474,-0.045,0.413,-0.637,-0.164,-0.195,0.124,-0.198,0.191,0.422,0.503,0.79,0.235,0.18,-0.312,-0.062,0.914,0.271,-0.086,0.195,-0.478,-0.021,-0.277,0.56,0.226,-0.379,0.287,1.0,0.4,-0.19,0.462,-0.38,-0.002,0.14,0.38,0.606,0.095,0.096,0.577,0.127,0.332,0.242,0.072,-0.653,0.445,0.22,0.288,0.252,0.233,0.55,0.058,0.661,0.529,0.479,0.609,0.562,0.521,0.456,-0.124,0.497,0.028,-0.66,0.276,0.534,0.663,0.354,-0.436,-0.461,0.333,-0.528,0.387,0.81,0.434
MVIS,0.722,-0.18,0.131,0.411,0.439,0.392,0.622,0.501,0.301,-0.493,0.554,0.576,0.272,0.728,0.595,-0.136,0.475,0.393,0.009,-0.41,0.336,-0.275,0.469,-0.306,0.305,0.414,0.312,-0.128,0.146,0.571,-0.524,0.122,0.143,0.593,0.288,0.626,0.598,0.741,0.439,0.654,0.461,-0.01,0.177,0.383,0.474,0.454,0.362,-0.568,0.285,0.438,0.465,0.276,-0.246,0.685,0.4,1.0,-0.061,0.604,0.03,0.161,0.452,0.821,0.745,0.475,0.245,0.622,0.258,0.511,0.505,0.569,-0.582,0.696,0.621,0.087,0.376,0.405,0.526,0.648,0.591,0.501,0.525,0.314,0.41,0.652,0.34,0.032,0.576,0.158,-0.312,0.457,0.538,0.411,0.689,0.24,0.15,0.794,-0.008,0.531,0.589,0.169
NFLX,-0.282,0.584,0.516,0.01,0.112,0.464,0.163,-0.43,0.433,0.315,-0.031,0.151,0.562,0.074,-0.234,0.64,0.115,0.52,0.853,-0.05,0.553,0.526,0.455,0.651,0.482,0.371,0.56,0.434,0.688,0.282,0.429,0.741,0.766,-0.37,0.428,0.279,0.16,0.211,-0.332,-0.144,0.508,0.638,-0.702,-0.148,-0.547,0.602,0.485,-0.251,0.675,-0.061,-0.375,0.474,0.828,-0.212,-0.19,-0.061,1.0,0.005,0.089,0.842,-0.052,-0.213,0.114,0.471,-0.501,-0.006,0.607,0.269,0.453,0.52,0.312,-0.198,0.042,-0.543,0.458,-0.078,-0.196,0.189,-0.336,-0.31,0.029,-0.284,-0.532,-0.293,-0.453,0.917,-0.31,-0.624,0.27,0.275,-0.391,0.133,-0.031,0.584,-0.107,-0.015,0.336,-0.356,-0.318,-0.57
NNDM,0.61,0.023,0.004,0.554,0.373,0.574,0.707,0.48,0.438,-0.549,0.768,0.761,0.211,0.473,0.596,-0.056,0.62,0.394,-0.022,-0.426,0.117,-0.256,0.432,-0.316,0.221,0.342,0.221,-0.207,0.154,0.611,-0.425,0.189,0.14,0.416,0.103,0.619,0.636,0.615,0.583,0.537,0.513,-0.033,-0.061,0.569,0.353,0.264,0.301,-0.574,0.327,0.096,0.409,0.231,-0.188,0.38,0.462,0.604,0.005,1.0,0.016,0.177,0.508,0.621,0.637,0.37,0.216,0.67,0.244,0.571,0.551,0.292,-0.582,0.679,0.619,0.023,0.473,0.436,0.592,0.444,0.48,0.6,0.575,0.441,0.525,0.746,0.39,0.151,0.779,0.131,-0.383,0.703,0.672,0.496,0.537,0.038,-0.049,0.569,0.004,0.534,0.476,0.164
NVAX,-0.048,0.301,0.326,-0.404,0.151,0.011,0.139,-0.143,-0.015,0.378,-0.191,-0.002,0.209,0.186,0.089,0.346,-0.258,-0.061,0.187,0.399,0.328,0.402,0.291,0.308,0.277,0.301,0.238,0.51,0.163,-0.072,0.356,0.193,0.184,0.084,0.361,0.089,-0.057,0.003,-0.218,0.184,0.081,0.355,0.084,-0.377,-0.069,0.215,0.095,0.211,0.093,0.234,-0.024,0.033,0.136,0.023,-0.38,0.03,0.089,0.016,1.0,0.062,0.025,0.175,-0.116,0.117,0.21,-0.102,0.079,-0.129,0.076,0.191,0.149,0.068,0.135,-0.292,0.069,0.028,0.005,0.245,-0.211,0.0,-0.272,-0.074,-0.164,-0.088,-0.31,0.129,-0.212,0.012,0.406,0.179,0.153,-0.269,0.105,0.335,0.31,0.233,0.532,-0.027,-0.313,-0.357
NVDA,-0.021,0.476,0.569,0.24,0.314,0.564,0.397,-0.211,0.608,0.111,0.169,0.322,0.744,0.287,0.048,0.477,0.384,0.664,0.891,-0.189,0.612,0.382,0.68,0.544,0.62,0.467,0.613,0.413,0.797,0.499,0.225,0.787,0.859,-0.196,0.572,0.485,0.477,0.437,-0.137,0.167,0.713,0.522,-0.71,0.076,-0.288,0.712,0.686,-0.493,0.715,-0.092,-0.263,0.682,0.793,-0.038,-0.002,0.161,0.842,0.177,0.062,1.0,0.142,-0.036,0.349,0.741,-0.362,0.174,0.758,0.306,0.613,0.645,-0.013,-0.05,0.268,-0.407,0.531,0.105,0.05,0.361,-0.213,-0.163,0.308,-0.194,-0.406,-0.063,-0.258,0.863,-0.146,-0.54,0.161,0.468,-0.165,0.343,0.252,0.563,-0.272,0.222,0.214,-0.221,-0.065,-0.418
NWL,0.547,0.241,0.413,0.297,0.353,0.598,0.628,0.329,0.631,-0.418,0.577,0.539,0.401,0.414,0.708,0.158,0.497,0.349,0.055,-0.071,0.166,-0.111,0.376,-0.054,0.502,0.492,0.472,0.055,0.102,0.424,-0.18,0.299,0.23,0.593,0.345,0.734,0.642,0.358,0.338,0.656,0.478,0.079,0.278,0.255,0.484,0.125,0.477,-0.308,0.487,0.205,-0.048,0.186,-0.169,0.233,0.14,0.452,-0.052,0.508,0.025,0.142,1.0,0.277,0.604,0.413,0.484,0.52,0.219,0.19,0.457,0.357,-0.274,0.351,0.732,0.043,0.415,0.768,0.556,0.403,0.281,0.451,0.603,0.429,0.456,0.544,0.372,0.078,0.508,0.079,-0.14,0.496,0.393,0.596,0.568,0.196,0.031,0.317,0.323,0.437,0.354,0.244
OCGN,0.71,-0.293,-0.015,0.34,0.272,0.212,0.478,0.559,0.054,-0.535,0.457,0.502,0.029,0.652,0.586,-0.251,0.337,0.161,-0.137,-0.219,0.14,-0.381,0.316,-0.381,0.177,0.184,0.104,-0.18,-0.085,0.419,-0.498,-0.056,-0.064,0.565,0.119,0.472,0.441,0.563,0.475,0.601,0.226,-0.135,0.266,0.372,0.466,0.31,0.123,-0.374,0.015,0.485,0.663,0.112,-0.334,0.751,0.38,0.821,-0.213,0.621,0.175,-0.036,0.277,1.0,0.504,0.301,0.328,0.538,0.015,0.413,0.301,0.301,-0.535,0.764,0.507,0.148,0.196,0.239,0.44,0.606,0.599,0.517,0.346,0.337,0.513,0.575,0.401,-0.125,0.575,0.315,-0.268,0.304,0.699,0.252,0.625,0.079,0.289,0.79,-0.016,0.614,0.511,0.254
ON,0.686,-0.008,0.123,0.659,0.68,0.623,0.685,0.55,0.588,-0.424,0.669,0.62,0.358,0.461,0.574,-0.131,0.731,0.564,0.117,-0.568,0.296,-0.161,0.509,-0.26,0.257,0.46,0.518,-0.142,0.261,0.648,-0.49,0.259,0.25,0.396,0.238,0.685,0.707,0.744,0.541,0.567,0.569,0.069,-0.014,0.638,0.361,0.31,0.592,-0.643,0.432,0.042,0.24,0.416,-0.13,0.379,0.606,0.745,0.114,0.637,-0.116,0.349,0.604,0.504,1.0,0.508,0.153,0.768,0.42,0.507,0.566,0.614,-0.554,0.489,0.619,0.018,0.522,0.59,0.711,0.393,0.615,0.49,0.656,0.463,0.43,0.64,0.349,0.194,0.571,-0.088,-0.411,0.57,0.504,0.758,0.624,0.138,-0.304,0.537,-0.087,0.423,0.602,0.231
