,AAL,AAPL,AGNC,AMAT,AMD,AMZN,APA,ARDX,AVGO,AZN,BIDU,BILI,BKR,CAN,CHRD,CMCSA,CPRT,CRWD,CSCO,CSX,DKNG,EBAY,ERIC,EXC,FITB,FLEX,FTNT,GEN,GERN,GEVO,GILD,GOOG,GOOGL,GT,HBAN,HST,INTC,IOVA,IQ,JBLU,JD,KDP,KHC,LRCX,LYFT,MARA,MCHP,MDLZ,META,MNST,MRNA,MRVL,MSFT,MSTR,MU,MVIS,NFLX,NNDM,NVAX,NVDA,NWL,OCGN,ON,OPK,PAA,PACB,PANW,PARA,PDD,PENN,PEP,PLUG,PTEN,PTON,PYPL,QCOM,QVCGA,RIOT,ROKU,RUN,SABR,SBUX,SMCI,SNDL,STNE,TCOM,TLRY,TMUS,TSCO,TSLA,TTD,TXN,UAL,VOD,VTRS,VXRT,WBA,WBD,WDC,ZM
AAL,1.0,0.382,0.523,0.198,0.396,0.395,-0.227,0.377,0.529,0.386,0.013,-0.173,-0.123,0.333,0.145,0.379,0.474,0.139,0.302,0.097,0.47,0.474,0.717,0.533,0.577,0.433,0.488,0.348,0.033,0.571,0.158,-0.032,0.012,-0.152,0.274,0.776,0.545,-0.102,-0.082,0.697,-0.276,0.389,0.325,0.117,0.632,0.65,0.449,0.433,0.46,0.324,0.507,0.66,0.237,0.452,0.471,0.616,0.156,0.597,0.649,0.517,0.585,0.122,0.546,0.654,-0.035,0.505,-0.207,0.263,-0.137,0.337,0.113,-0.048,-0.094,0.002,0.248,0.365,0.429,0.625,0.034,0.207,0.396,0.578,0.565,0.699,-0.273,0.559,0.601,0.261,0.451,0.423,0.372,0.371,0.971,0.651,0.743,0.494,0.746,0.211,0.345,-0.057
AAPL,0.382,1.0,0.155,0.231,0.796,0.654,0.134,0.524,0.634,0.212,0.332,0.335,0.252,0.215,0.288,0.498,0.679,0.574,0.127,-0.018,0.448,0.324,0.387,0.292,0.151,0.63,0.516,0.226,0.241,0.562,0.026,0.457,0.494,0.058,0.068,0.392,0.416,0.332,0.101,0.24,0.153,0.13,0.038,0.382,0.192,0.399,0.625,0.203,0.284,0.308,0.625,0.586,0.6,0.52,0.588,0.533,0.664,0.526,0.484,0.829,0.125,0.332,0.659,0.552,0.195,0.667,0.411,0.18,0.348,0.518,0.056,0.343,0.115,0.489,0.745,0.807,0.402,0.396,0.496,0.52,0.306,0.552,0.267,0.472,0.236,0.474,0.451,0.211,0.151,0.654,0.63,0.335,0.36,0.256,0.454,0.6,0.362,0.168,0.453,0.51
AGNC,0.523,0.155,1.0,0.664,-0.056,0.528,-0.418,-0.148,0.519,0.631,-0.512,-0.509,-0.435,-0.171,0.46,0.329,0.183,-0.308,0.824,0.685,0.179,0.783,0.654,0.823,0.452,0.087,0.427,0.659,-0.308,0.485,0.673,-0.146,-0.059,-0.413,-0.028,0.643,0.649,-0.417,-0.446,0.333,-0.502,0.762,0.743,0.523,0.294,0.444,0.565,0.846,0.767,0.741,0.024,0.648,0.526,0.087,0.04,0.199,0.021,0.279,0.392,0.387,0.733,-0.444,0.381,0.467,-0.406,0.245,-0.474,-0.221,-0.568,-0.128,0.751,-0.394,-0.268,0.039,-0.03,0.241,0.17,0.242,-0.38,0.134,-0.023,0.456,0.734,0.023,-0.576,-0.008,-0.011,0.304,0.794,0.153,0.069,0.809,0.535,0.548,0.523,0.079,0.646,-0.292,-0.05,-0.377
AMAT,0.198,0.231,0.664,1.0,-0.037,0.401,-0.561,-0.13,0.598,0.45,-0.369,-0.184,-0.49,-0.274,0.499,0.078,0.14,-0.305,0.713,0.667,-0.049,0.684,0.393,0.51,0.118,0.133,0.297,0.355,-0.495,0.202,0.468,-0.134,-0.082,-0.447,-0.248,0.332,0.647,-0.338,-0.447,-0.009,-0.379,0.588,0.599,0.768,-0.105,0.238,0.62,0.642,0.615,0.652,-0.096,0.532,0.399,-0.115,-0.002,-0.027,0.132,-0.063,0.116,0.44,0.448,-0.49,0.429,0.127,-0.555,0.001,-0.358,-0.347,-0.329,-0.246,0.698,-0.415,-0.486,-0.012,-0.009,0.388,-0.14,0.008,-0.415,0.156,-0.358,0.427,0.554,-0.179,-0.528,-0.264,-0.201,-0.111,0.571,0.027,-0.146,0.855,0.218,0.319,0.234,-0.169,0.395,-0.391,-0.227,-0.311
AMD,0.396,0.796,-0.056,-0.037,1.0,0.489,0.352,0.679,0.321,-0.017,0.615,0.552,0.456,0.499,-0.073,0.441,0.696,0.764,-0.191,-0.301,0.548,0.041,0.248,0.073,0.167,0.806,0.513,0.102,0.366,0.559,-0.353,0.416,0.457,0.291,0.25,0.287,0.249,0.597,0.357,0.315,0.361,-0.218,-0.215,0.091,0.3,0.447,0.344,-0.127,-0.058,0.03,0.653,0.544,0.334,0.766,0.685,0.652,0.577,0.731,0.485,0.741,-0.114,0.613,0.538,0.452,0.473,0.769,0.574,0.42,0.641,0.648,-0.34,0.606,0.32,0.578,0.888,0.672,0.511,0.558,0.768,0.601,0.599,0.339,-0.013,0.641,0.41,0.662,0.662,0.199,-0.099,0.78,0.806,0.035,0.346,0.185,0.42,0.756,0.187,0.405,0.625,0.708
AMZN,0.395,0.654,0.528,0.401,0.489,1.0,-0.084,0.31,0.486,0.44,0.139,-0.145,-0.078,0.203,0.4,0.631,0.623,0.322,0.466,0.265,0.569,0.626,0.552,0.599,0.254,0.422,0.553,0.578,0.129,0.724,0.25,0.321,0.377,-0.275,-0.085,0.521,0.682,0.14,0.141,0.266,-0.185,0.483,0.359,0.363,0.152,0.544,0.646,0.507,0.586,0.589,0.426,0.691,0.841,0.532,0.377,0.51,0.619,0.558,0.565,0.764,0.297,0.023,0.496,0.631,-0.116,0.716,0.111,0.201,-0.074,0.313,0.385,0.116,0.023,0.569,0.498,0.571,0.454,0.47,0.291,0.554,0.176,0.396,0.551,0.317,-0.186,0.304,0.272,0.435,0.516,0.666,0.606,0.562,0.383,0.497,0.571,0.531,0.479,0.159,0.258,0.293
APA,-0.227,0.134,-0.418,-0.561,0.352,-0.084,1.0,0.334,-0.406,-0.361,0.402,0.307,0.853,0.308,-0.298,0.286,0.23,0.454,-0.405,-0.332,0.046,-0.513,-0.434,-0.313,0.171,0.165,0.084,-0.122,0.676,0.014,-0.3,0.616,0.578,0.745,0.598,-0.209,-0.259,0.583,0.391,0.058,0.536,-0.429,-0.375,-0.394,0.186,-0.156,-0.338,-0.401,-0.48,-0.286,0.043,-0.29,0.003,0.406,0.286,0.038,-0.025,0.215,-0.143,-0.166,-0.3,0.396,-0.173,-0.023,0.78,0.268,0.707,0.26,0.562,0.512,-0.424,0.614,0.903,0.41,0.349,-0.037,0.381,0.036,0.585,0.154,0.601,-0.059,-0.428,0.211,0.597,0.333,0.22,0.355,-0.433,0.221,0.371,-0.508,-0.248,-0.326,-0.186,0.357,-0.294,0.288,0.51,0.494
ARDX,0.377,0.524,-0.148,-0.13,0.679,0.31,0.334,1.0,0.309,-0.287,0.625,0.44,0.448,0.493,0.021,0.339,0.685,0.596,-0.161,-0.302,0.549,-0.009,0.171,-0.075,0.311,0.567,0.225,-0.036,0.545,0.478,-0.328,0.324,0.328,0.246,0.432,0.379,0.361,0.561,0.56,0.256,0.294,-0.133,-0.295,-0.11,0.276,0.328,0.307,-0.137,0.06,-0.162,0.592,0.324,0.148,0.689,0.62,0.68,0.487,0.533,0.549,0.413,-0.023,0.557,0.376,0.516,0.407,0.625,0.357,0.648,0.473,0.706,-0.367,0.494,0.343,0.378,0.565,0.529,0.518,0.462,0.607,0.502,0.431,0.25,0.169,0.498,0.39,0.582,0.545,0.201,-0.051,0.524,0.62,-0.096,0.351,0.115,0.362,0.652,0.278,0.593,0.614,0.507
AVGO,0.529,0.634,0.519,0.598,0.321,0.486,-0.406,0.309,1.0,0.351,-0.058,-0.017,-0.226,-0.136,0.566,0.229,0.43,0.088,0.54,0.364,0.322,0.717,0.567,0.512,0.325,0.335,0.31,0.282,-0.129,0.496,0.367,-0.039,-0.008,-0.345,-0.039,0.583,0.585,-0.198,-0.208,0.157,-0.288,0.558,0.399,0.659,0.197,0.419,0.875,0.586,0.695,0.482,0.432,0.606,0.408,0.18,0.357,0.36,0.353,0.23,0.484,0.663,0.542,-0.053,0.738,0.614,-0.327,0.314,-0.218,-0.018,-0.202,0.161,0.489,-0.203,-0.369,-0.013,0.278,0.722,0.122,0.247,-0.082,0.284,-0.128,0.576,0.721,0.194,-0.203,0.138,0.112,-0.023,0.489,0.269,0.189,0.728,0.54,0.405,0.561,0.232,0.596,-0.031,0.169,-0.069
AZN,0.386,0.212,0.631,0.45,-0.017,0.44,-0.361,-0.287,0.351,1.0,-0.395,-0.471,-0.455,-0.005,0.213,0.358,0.125,-0.221,0.583,0.462,0.107,0.664,0.559,0.718,0.253,0.051,0.512,0.655,-0.172,0.367,0.605,-0.085,-0.03,-0.415,-0.196,0.477,0.575,-0.43,-0.336,0.327,-0.449,0.654,0.697,0.372,0.364,0.42,0.455,0.678,0.589,0.66,0.241,0.525,0.512,-0.001,0.24,0.083,-0.066,0.289,0.242,0.39,0.655,-0.392,0.459,0.387,-0.277,0.229,-0.388,-0.126,-0.426,-0.205,0.546,-0.331,-0.237,0.047,-0.069,0.265,0.229,0.273,-0.273,-0.003,0.081,0.463,0.526,0.193,-0.607,0.109,0.047,0.373,0.617,0.159,0.103,0.606,0.414,0.587,0.574,0.237,0.462,-0.166,0.095,-0.297
BIDU,0.013,0.332,-0.512,-0.369,0.615,0.139,0.402,0.625,-0.058,-0.395,1.0,0.615,0.456,0.509,-0.335,0.166,0.424,0.671,-0.52,-0.585,0.428,-0.287,-0.193,-0.454,-0.093,0.429,0.065,-0.28,0.535,0.156,-0.555,0.286,0.243,0.355,0.194,-0.04,-0.066,0.749,0.848,0.024,0.566,-0.468,-0.4,-0.253,-0.032,0.11,-0.045,-0.521,-0.339,-0.398,0.429,0.025,-0.088,0.554,0.458,0.436,0.392,0.339,0.305,0.285,-0.429,0.633,0.119,0.188,0.431,0.435,0.497,0.728,0.649,0.512,-0.669,0.566,0.318,0.351,0.574,0.322,0.336,0.288,0.786,0.336,0.349,-0.074,-0.252,0.392,0.606,0.512,0.416,0.063,-0.437,0.466,0.556,-0.361,-0.008,-0.155,0.043,0.487,-0.138,0.763,0.459,0.61
BILI,-0.173,0.335,-0.509,-0.184,0.552,-0.145,0.307,0.44,-0.017,-0.471,0.615,1.0,0.459,0.172,-0.385,-0.231,0.107,0.537,-0.614,-0.57,0.096,-0.347,-0.334,-0.54,-0.343,0.456,-0.141,-0.461,0.255,-0.086,-0.474,0.152,0.151,0.532,0.064,-0.308,-0.284,0.525,0.38,-0.157,0.689,-0.683,-0.507,0.034,-0.174,-0.028,-0.061,-0.6,-0.472,-0.469,0.199,-0.009,-0.336,0.345,0.345,0.205,0.339,0.114,-0.01,0.277,-0.555,0.552,0.193,-0.102,0.399,0.19,0.439,0.171,0.732,0.219,-0.581,0.465,0.165,0.297,0.602,0.405,0.059,0.044,0.663,0.252,0.219,-0.154,-0.518,0.109,0.72,0.26,0.215,-0.328,-0.583,0.281,0.303,-0.297,-0.195,-0.39,-0.2,0.218,-0.419,0.201,0.379,0.588
BKR,-0.123,0.252,-0.435,-0.49,0.456,-0.078,0.853,0.448,-0.226,-0.455,0.456,0.459,1.0,0.365,-0.269,0.191,0.398,0.636,-0.427,-0.274,0.141,-0.472,-0.368,-0.366,0.229,0.343,0.131,-0.174,0.658,0.111,-0.438,0.511,0.459,0.812,0.679,-0.122,-0.246,0.657,0.312,0.136,0.629,-0.44,-0.449,-0.331,0.133,-0.017,-0.17,-0.455,-0.482,-0.289,0.101,-0.204,-0.056,0.548,0.35,0.129,0.109,0.268,-0.138,-0.042,-0.263,0.601,-0.04,0.002,0.806,0.32,0.781,0.17,0.679,0.683,-0.48,0.733,0.808,0.477,0.529,0.15,0.493,0.152,0.641,0.326,0.603,0.095,-0.384,0.306,0.692,0.32,0.373,0.253,-0.397,0.307,0.404,-0.459,-0.145,-0.352,-0.128,0.404,-0.249,0.164,0.531,0.634
CAN,0.333,0.215,-0.171,-0.274,0.499,0.203,0.308,0.493,-0.136,-0.005,0.509,0.172,0.365,1.0,-0.316,0.487,0.563,0.472,-0.214,-0.281,0.515,-0.148,0.299,0.057,0.368,0.548,0.478,0.203,0.387,0.466,-0.483,0.251,0.224,0.16,0.424,0.283,0.205,0.568,0.447,0.469,0.231,-0.096,-0.13,-0.439,0.343,0.594,-0.078,-0.25,-0.202,-0.031,0.398,0.348,0.1,0.673,0.379,0.569,0.091,0.717,0.309,0.302,-0.013,0.494,0.101,0.202,0.388,0.587,0.396,0.571,0.444,0.611,-0.474,0.559,0.4,0.413,0.459,0.18,0.643,0.822,0.485,0.476,0.666,0.225,-0.038,0.654,0.27,0.742,0.71,0.419,0.075,0.652,0.543,-0.205,0.276,0.394,0.295,0.599,0.286,0.513,0.36,0.424
CHRD,0.145,0.288,0.46,0.499,-0.073,0.4,-0.298,0.021,0.566,0.213,-0.335,-0.385,-0.269,-0.316,1.0,0.285,0.204,-0.205,0.6,0.529,0.162,0.485,0.38,0.474,0.198,-0.004,0.183,0.27,-0.277,0.318,0.346,-0.034,-0.021,-0.421,-0.1,0.323,0.398,-0.295,-0.236,-0.128,-0.465,0.572,0.322,0.404,-0.048,0.032,0.56,0.565,0.585,0.452,0.036,0.262,0.49,-0.158,-0.2,0.073,0.216,-0.055,0.22,0.249,0.364,-0.308,0.207,0.332,-0.353,0.053,-0.203,-0.135,-0.425,0.059,0.642,-0.236,-0.272,-0.086,-0.074,0.24,-0.105,-0.073,-0.326,0.23,-0.365,0.253,0.592,-0.188,-0.329,-0.194,-0.167,0.034,0.502,0.043,-0.082,0.562,0.142,0.246,0.167,-0.07,0.459,-0.146,-0.282,-0.196
CMCSA,0.379,0.498,0.329,0.078,0.441,0.631,0.286,0.339,0.229,0.358,0.166,-0.231,0.191,0.487,0.285,1.0,0.696,0.252,0.403,0.193,0.508,0.312,0.478,0.622,0.587,0.385,0.699,0.636,0.265,0.635,0.075,0.476,0.468,-0.122,0.362,0.584,0.529,0.256,0.24,0.458,-0.187,0.469,0.279,-0.101,0.414,0.397,0.269,0.416,0.317,0.465,0.425,0.482,0.69,0.472,0.291,0.419,0.185,0.652,0.446,0.457,0.391,0.091,0.207,0.512,0.183,0.615,0.291,0.463,0.065,0.584,0.193,0.262,0.416,0.364,0.33,0.293,0.663,0.515,0.253,0.418,0.499,0.529,0.472,0.465,-0.093,0.576,0.421,0.693,0.461,0.588,0.567,0.281,0.363,0.567,0.494,0.614,0.601,0.423,0.258,0.207
CPRT,0.474,0.679,0.183,0.14,0.696,0.623,0.23,0.685,0.43,0.125,0.424,0.107,0.398,0.563,0.204,0.696,1.0,0.595,0.234,0.148,0.625,0.302,0.408,0.353,0.555,0.661,0.665,0.413,0.374,0.719,-0.149,0.37,0.369,0.07,0.471,0.563,0.573,0.489,0.314,0.439,0.048,0.279,0.109,0.062,0.338,0.582,0.492,0.21,0.261,0.337,0.547,0.57,0.567,0.753,0.57,0.592,0.438,0.684,0.49,0.62,0.323,0.374,0.427,0.568,0.286,0.755,0.437,0.474,0.361,0.786,-0.018,0.505,0.331,0.531,0.632,0.6,0.721,0.639,0.463,0.633,0.493,0.615,0.447,0.586,0.11,0.543,0.58,0.43,0.349,0.69,0.672,0.261,0.447,0.421,0.544,0.69,0.512,0.387,0.496,0.464
CRWD,0.139,0.574,-0.308,-0.305,0.764,0.322,0.454,0.596,0.088,-0.221,0.671,0.537,0.636,0.472,-0.205,0.252,0.595,1.0,-0.422,-0.374,0.49,-0.186,-0.036,-0.221,0.07,0.615,0.227,-0.105,0.612,0.416,-0.502,0.328,0.311,0.401,0.287,0.044,0.037,0.69,0.498,0.181,0.514,-0.352,-0.401,-0.127,0.04,0.329,0.142,-0.368,-0.234,-0.166,0.577,0.179,0.142,0.729,0.59,0.512,0.414,0.521,0.255,0.406,-0.299,0.663,0.332,0.359,0.504,0.663,0.681,0.421,0.756,0.713,-0.528,0.827,0.41,0.604,0.761,0.452,0.562,0.462,0.792,0.486,0.516,0.202,-0.156,0.591,0.594,0.477,0.594,0.145,-0.298,0.678,0.72,-0.288,0.121,-0.027,0.172,0.678,-0.055,0.412,0.583,0.717
CSCO,0.302,0.127,0.824,0.713,-0.191,0.466,-0.405,-0.161,0.54,0.583,-0.52,-0.614,-0.427,-0.214,0.6,0.403,0.234,-0.422,1.0,0.841,-0.004,0.729,0.552,0.808,0.474,-0.025,0.403,0.719,-0.379,0.367,0.648,-0.042,0.003,-0.532,-0.017,0.553,0.673,-0.395,-0.442,0.245,-0.64,0.921,0.767,0.459,0.15,0.288,0.565,0.882,0.793,0.805,-0.1,0.434,0.604,-0.084,-0.091,-0.037,-0.057,0.058,0.167,0.256,0.771,-0.606,0.251,0.294,-0.486,0.066,-0.383,-0.203,-0.565,-0.084,0.883,-0.438,-0.207,-0.043,-0.215,0.164,0.082,0.072,-0.545,0.108,-0.202,0.539,0.815,-0.126,-0.697,-0.195,-0.208,0.333,0.81,0.007,-0.106,0.829,0.333,0.518,0.367,-0.087,0.642,-0.275,-0.201,-0.483
CSX,0.097,-0.018,0.685,0.667,-0.301,0.265,-0.332,-0.302,0.364,0.462,-0.585,-0.57,-0.274,-0.281,0.529,0.193,0.148,-0.374,0.841,1.0,-0.072,0.557,0.332,0.583,0.394,-0.082,0.35,0.546,-0.35,0.277,0.528,-0.09,-0.084,-0.35,0.061,0.315,0.462,-0.307,-0.508,0.117,-0.493,0.752,0.687,0.459,-0.002,0.178,0.47,0.702,0.596,0.726,-0.272,0.276,0.451,-0.15,-0.211,-0.21,-0.171,-0.092,-0.1,0.059,0.662,-0.533,0.122,0.116,-0.424,-0.052,-0.244,-0.376,-0.461,-0.051,0.809,-0.279,-0.18,0.03,-0.214,0.056,0.017,-0.057,-0.572,0.101,-0.266,0.437,0.628,-0.221,-0.557,-0.394,-0.242,0.225,0.696,-0.103,-0.227,0.691,0.106,0.237,0.131,-0.206,0.408,-0.468,-0.244,-0.412
DKNG,0.47,0.448,0.179,-0.049,0.548,0.569,0.046,0.549,0.322,0.107,0.428,0.096,0.141,0.515,0.162,0.508,0.625,0.49,-0.004,-0.072,1.0,0.325,0.444,0.276,0.301,0.597,0.422,0.199,0.358,0.754,-0.222,0.091,0.082,-0.044,0.166,0.486,0.345,0.37,0.478,0.254,0.035,0.139,-0.01,-0.008,0.276,0.557,0.402,0.088,0.218,0.142,0.592,0.576,0.349,0.7,0.386,0.74,0.44,0.704,0.655,0.578,0.129,0.471,0.34,0.703,0.088,0.769,0.167,0.531,0.101,0.565,-0.11,0.355,0.097,0.439,0.582,0.496,0.615,0.673,0.519,0.622,0.342,0.176,0.34,0.535,0.162,0.53,0.563,0.283,0.279,0.737,0.703,0.117,0.39,0.376,0.527,0.702,0.389,0.496,0.417,0.451
EBAY,0.474,0.324,0.783,0.684,0.041,0.626,-0.513,-0.009,0.717,0.664,-0.287,-0.347,-0.472,-0.148,0.485,0.312,0.302,-0.186,0.729,0.557,0.325,1.0,0.564,0.753,0.358,0.141,0.412,0.583,-0.255,0.535,0.623,-0.163,-0.104,-0.482,-0.159,0.623,0.73,-0.393,-0.255,0.188,-0.518,0.762,0.694,0.664,0.315,0.522,0.767,0.824,0.823,0.687,0.24,0.689,0.534,0.134,0.216,0.209,0.202,0.233,0.44,0.571,0.715,-0.268,0.528,0.602,-0.468,0.29,-0.444,-0.082,-0.498,-0.12,0.731,-0.392,-0.433,0.073,0.052,0.528,0.193,0.258,-0.213,0.172,-0.125,0.438,0.811,0.023,-0.558,0.043,-0.104,0.15,0.738,0.196,0.136,0.863,0.483,0.506,0.693,0.193,0.563,-0.12,0.071,-0.196
ERIC,0.717,0.387,0.654,0.393,0.248,0.552,-0.434,0.171,0.567,0.559,-0.193,-0.334,-0.368,0.299,0.38,0.478,0.408,-0.036,0.552,0.332,0.444,0.564,1.0,0.759,0.446,0.39,0.56,0.605,-0.195,0.645,0.251,-0.029,0.031,-0.502,-0.032,0.707,0.608,-0.197,-0.19,0.485,-0.423,0.618,0.424,0.168,0.379,0.645,0.552,0.592,0.601,0.571,0.459,0.754,0.523,0.267,0.168,0.53,0.198,0.606,0.604,0.585,0.577,-0.079,0.51,0.529,-0.263,0.487,-0.36,0.126,-0.319,0.194,0.368,-0.132,-0.237,0.076,0.191,0.368,0.351,0.604,-0.163,0.356,0.143,0.516,0.651,0.433,-0.379,0.389,0.473,0.402,0.709,0.45,0.327,0.577,0.708,0.784,0.637,0.371,0.862,0.05,0.043,-0.156
EXC,0.533,0.292,0.823,0.51,0.073,0.599,-0.313,-0.075,0.512,0.718,-0.454,-0.54,-0.366,0.057,0.474,0.622,0.353,-0.221,0.808,0.583,0.276,0.753,0.759,1.0,0.561,0.179,0.597,0.841,-0.266,0.606,0.559,0.033,0.092,-0.509,0.026,0.689,0.675,-0.372,-0.368,0.451,-0.644,0.846,0.675,0.336,0.426,0.541,0.518,0.862,0.732,0.773,0.202,0.666,0.655,0.14,0.079,0.215,0.003,0.449,0.38,0.469,0.769,-0.376,0.363,0.493,-0.325,0.349,-0.327,-0.067,-0.486,0.042,0.712,-0.3,-0.137,0.071,-0.005,0.263,0.347,0.392,-0.312,0.202,0.146,0.542,0.77,0.196,-0.618,0.176,0.113,0.461,0.825,0.302,0.186,0.733,0.525,0.737,0.615,0.249,0.749,-0.123,-0.004,-0.289
FITB,0.577,0.151,0.452,0.118,0.167,0.254,0.171,0.311,0.325,0.253,-0.093,-0.343,0.229,0.368,0.198,0.587,0.555,0.07,0.474,0.394,0.301,0.358,0.446,0.561,1.0,0.276,0.525,0.504,0.203,0.511,0.155,0.22,0.216,0.019,0.758,0.676,0.492,0.016,-0.082,0.584,-0.273,0.524,0.375,-0.037,0.625,0.495,0.282,0.484,0.368,0.383,0.254,0.362,0.28,0.408,0.329,0.253,-0.192,0.481,0.301,0.173,0.702,0.053,0.288,0.447,0.168,0.375,-0.004,0.219,-0.095,0.493,0.248,0.086,0.344,0.073,0.086,0.169,0.636,0.496,-0.063,0.204,0.481,0.636,0.61,0.435,-0.215,0.387,0.34,0.531,0.531,0.259,0.259,0.318,0.579,0.522,0.543,0.417,0.644,0.153,0.332,-0.116
FLEX,0.433,0.63,0.087,0.133,0.806,0.422,0.165,0.567,0.335,0.051,0.429,0.456,0.343,0.548,-0.004,0.385,0.661,0.615,-0.025,-0.082,0.597,0.141,0.39,0.179,0.276,1.0,0.569,0.126,0.188,0.587,-0.367,0.27,0.313,0.218,0.27,0.322,0.293,0.509,0.173,0.294,0.269,-0.041,-0.046,0.12,0.243,0.596,0.413,-0.032,0.008,0.206,0.517,0.6,0.268,0.739,0.541,0.6,0.427,0.685,0.357,0.705,0.046,0.482,0.513,0.346,0.295,0.74,0.409,0.253,0.527,0.596,-0.16,0.552,0.194,0.523,0.785,0.635,0.532,0.654,0.572,0.725,0.477,0.458,0.09,0.532,0.276,0.55,0.618,0.153,0.116,0.779,0.638,0.172,0.364,0.318,0.369,0.638,0.316,0.209,0.468,0.553
FTNT,0.488,0.516,0.427,0.297,0.513,0.553,0.084,0.225,0.31,0.512,0.065,-0.141,0.131,0.478,0.183,0.699,0.665,0.227,0.403,0.35,0.422,0.412,0.56,0.597,0.525,0.569,1.0,0.596,0.035,0.653,0.075,0.326,0.364,-0.006,0.293,0.57,0.525,0.192,-0.043,0.458,-0.14,0.416,0.459,0.149,0.459,0.593,0.421,0.441,0.324,0.605,0.4,0.701,0.611,0.492,0.391,0.356,0.215,0.66,0.347,0.593,0.503,0.112,0.373,0.359,0.202,0.581,0.208,0.181,0.137,0.494,0.241,0.28,0.167,0.4,0.475,0.462,0.591,0.575,0.161,0.539,0.467,0.676,0.389,0.471,-0.181,0.526,0.511,0.451,0.541,0.534,0.463,0.456,0.423,0.507,0.551,0.546,0.601,0.093,0.257,0.255
GEN,0.348,0.226,0.659,0.355,0.102,0.578,-0.122,-0.036,0.282,0.655,-0.28,-0.461,-0.174,0.203,0.27,0.636,0.413,-0.105,0.719,0.546,0.199,0.583,0.605,0.841,0.504,0.126,0.596,1.0,-0.093,0.59,0.46,0.115,0.166,-0.357,0.123,0.533,0.62,-0.098,-0.171,0.511,-0.478,0.725,0.597,0.154,0.404,0.491,0.384,0.667,0.525,0.691,0.147,0.524,0.664,0.23,0.109,0.162,-0.036,0.472,0.265,0.371,0.656,-0.282,0.223,0.405,-0.101,0.389,-0.12,0.075,-0.289,0.148,0.543,-0.081,0.122,0.319,0.053,0.222,0.488,0.376,-0.156,0.22,0.261,0.465,0.602,0.193,-0.477,0.181,0.136,0.637,0.715,0.324,0.311,0.552,0.368,0.593,0.53,0.288,0.595,-0.03,0.11,-0.122
GERN,0.033,0.241,-0.308,-0.495,0.366,0.129,0.676,0.545,-0.129,-0.172,0.535,0.255,0.658,0.387,-0.277,0.265,0.374,0.612,-0.379,-0.35,0.358,-0.255,-0.195,-0.266,0.203,0.188,0.035,-0.093,1.0,0.274,-0.191,0.442,0.387,0.512,0.468,0.038,0.024,0.558,0.596,0.118,0.592,-0.256,-0.255,-0.299,0.169,0.065,-0.036,-0.296,-0.182,-0.226,0.369,-0.103,0.048,0.576,0.54,0.382,0.14,0.343,0.216,0.019,-0.128,0.47,0.088,0.38,0.59,0.478,0.456,0.485,0.442,0.582,-0.469,0.564,0.679,0.498,0.394,0.211,0.605,0.258,0.651,0.239,0.495,0.035,-0.143,0.421,0.581,0.42,0.419,0.416,-0.223,0.375,0.518,-0.413,0.038,-0.159,0.117,0.617,-0.092,0.477,0.669,0.495
GEVO,0.571,0.562,0.485,0.202,0.559,0.724,0.014,0.478,0.496,0.367,0.156,-0.086,0.111,0.466,0.318,0.635,0.719,0.416,0.367,0.277,0.754,0.535,0.645,0.606,0.511,0.587,0.653,0.59,0.274,1.0,0.076,0.173,0.19,-0.115,0.265,0.616,0.596,0.291,0.171,0.464,-0.136,0.445,0.296,0.155,0.412,0.741,0.62,0.424,0.488,0.497,0.532,0.771,0.586,0.72,0.42,0.726,0.352,0.792,0.629,0.682,0.438,0.242,0.501,0.751,0.056,0.824,0.139,0.351,0.046,0.598,0.22,0.354,0.147,0.579,0.567,0.572,0.666,0.696,0.349,0.682,0.394,0.445,0.564,0.521,-0.024,0.53,0.534,0.508,0.582,0.776,0.692,0.437,0.497,0.503,0.66,0.719,0.616,0.267,0.435,0.334
GILD,0.158,0.026,0.673,0.468,-0.353,0.25,-0.3,-0.328,0.367,0.605,-0.555,-0.474,-0.438,-0.483,0.346,0.075,-0.149,-0.502,0.648,0.528,-0.222,0.623,0.251,0.559,0.155,-0.367,0.075,0.46,-0.191,0.076,1.0,-0.029,0.02,-0.315,-0.168,0.349,0.414,-0.576,-0.461,0.045,-0.393,0.65,0.712,0.54,0.137,0.062,0.388,0.747,0.697,0.509,-0.186,0.24,0.339,-0.296,-0.016,-0.183,-0.083,-0.165,0.126,0.085,0.628,-0.625,0.232,0.272,-0.444,-0.152,-0.534,-0.353,-0.645,-0.449,0.748,-0.6,-0.273,-0.164,-0.331,0.123,-0.099,-0.207,-0.496,-0.299,-0.234,0.233,0.541,-0.284,-0.503,-0.21,-0.391,0.224,0.534,-0.275,-0.27,0.63,0.212,0.212,0.29,-0.205,0.321,-0.365,-0.058,-0.557
GOOG,-0.032,0.457,-0.146,-0.134,0.416,0.321,0.616,0.324,-0.039,-0.085,0.286,0.152,0.511,0.251,-0.034,0.476,0.37,0.328,-0.042,-0.09,0.091,-0.163,-0.029,0.033,0.22,0.27,0.326,0.115,0.442,0.173,-0.029,1.0,0.971,0.324,0.344,0.057,0.081,0.4,0.172,0.15,0.285,-0.077,-0.091,-0.064,0.171,0.021,0.046,0.03,-0.011,0.125,0.2,0.036,0.423,0.332,0.324,0.142,0.346,0.259,0.126,0.236,-0.105,0.203,0.14,0.043,0.471,0.388,0.515,0.138,0.366,0.425,-0.055,0.378,0.598,0.446,0.412,0.252,0.333,0.107,0.403,0.284,0.38,0.23,-0.097,0.215,0.334,0.341,0.231,0.433,-0.07,0.308,0.37,-0.077,-0.067,-0.039,0.03,0.359,0.042,0.159,0.324,0.428
GOOGL,0.012,0.494,-0.059,-0.082,0.457,0.377,0.578,0.328,-0.008,-0.03,0.243,0.151,0.459,0.224,-0.021,0.468,0.369,0.311,0.003,-0.084,0.082,-0.104,0.031,0.092,0.216,0.313,0.364,0.166,0.387,0.19,0.02,0.971,1.0,0.31,0.307,0.083,0.122,0.386,0.115,0.142,0.249,-0.065,-0.049,0.004,0.208,0.081,0.086,0.074,0.026,0.162,0.241,0.108,0.478,0.354,0.356,0.149,0.387,0.295,0.167,0.298,-0.071,0.186,0.187,0.07,0.478,0.425,0.473,0.103,0.329,0.375,-0.017,0.344,0.566,0.455,0.446,0.292,0.338,0.131,0.407,0.308,0.394,0.261,-0.081,0.198,0.295,0.348,0.223,0.427,-0.044,0.332,0.403,-0.012,-0.02,-0.007,0.098,0.379,0.085,0.107,0.341,0.425
GT,-0.152,0.058,-0.413,-0.447,0.291,-0.275,0.745,0.246,-0.345,-0.415,0.355,0.532,0.812,0.16,-0.421,-0.122,0.07,0.401,-0.532,-0.35,-0.044,-0.482,-0.502,-0.509,0.019,0.218,-0.006,-0.357,0.512,-0.115,-0.315,0.324,0.31,1.0,0.552,-0.279,-0.413,0.488,0.183,-0.035,0.678,-0.59,-0.356,-0.236,0.082,-0.153,-0.287,-0.519,-0.57,-0.43,-0.088,-0.277,-0.287,0.366,0.277,-0.055,0.002,0.064,-0.25,-0.154,-0.318,0.489,-0.095,-0.142,0.717,0.09,0.561,-0.025,0.59,0.355,-0.47,0.531,0.639,0.317,0.424,0.06,0.257,-0.061,0.549,0.132,0.473,-0.055,-0.581,0.12,0.65,0.204,0.192,0.006,-0.512,0.08,0.181,-0.436,-0.18,-0.485,-0.239,0.209,-0.413,-0.011,0.477,0.507
HBAN,0.274,0.068,-0.028,-0.248,0.25,-0.085,0.598,0.432,-0.039,-0.196,0.194,0.064,0.679,0.424,-0.1,0.362,0.471,0.287,-0.017,0.061,0.166,-0.159,-0.032,0.026,0.758,0.27,0.293,0.123,0.468,0.265,-0.168,0.344,0.307,0.552,1.0,0.29,0.079,0.388,0.14,0.441,0.182,-0.014,-0.029,-0.283,0.481,0.194,-0.058,-0.047,-0.152,-0.059,0.109,0.006,-0.065,0.469,0.342,0.174,-0.211,0.362,0.066,-0.072,0.272,0.347,0.06,0.191,0.557,0.276,0.38,0.27,0.318,0.64,-0.199,0.425,0.672,0.194,0.24,0.053,0.597,0.305,0.243,0.188,0.617,0.379,0.086,0.397,0.281,0.407,0.39,0.398,0.034,0.202,0.277,-0.15,0.26,0.053,0.149,0.388,0.209,0.218,0.486,0.176
HST,0.776,0.392,0.643,0.332,0.287,0.521,-0.209,0.379,0.583,0.477,-0.04,-0.308,-0.122,0.283,0.323,0.584,0.563,0.044,0.553,0.315,0.486,0.623,0.707,0.689,0.676,0.322,0.57,0.533,0.038,0.616,0.349,0.057,0.083,-0.279,0.29,1.0,0.721,-0.148,-0.054,0.604,-0.368,0.617,0.423,0.184,0.559,0.549,0.556,0.631,0.677,0.407,0.476,0.702,0.449,0.393,0.448,0.529,0.181,0.595,0.701,0.504,0.699,0.013,0.531,0.71,-0.113,0.48,-0.251,0.279,-0.234,0.326,0.308,-0.112,-0.067,0.022,0.158,0.412,0.521,0.553,-0.057,0.26,0.369,0.64,0.767,0.506,-0.401,0.471,0.432,0.41,0.641,0.37,0.353,0.536,0.803,0.71,0.776,0.507,0.79,0.226,0.298,-0.15
INTC,0.545,0.416,0.649,0.647,0.249,0.682,-0.259,0.361,0.585,0.575,-0.066,-0.284,-0.246,0.205,0.398,0.529,0.573,0.037,0.673,0.462,0.345,0.73,0.608,0.675,0.492,0.293,0.525,0.62,0.024,0.596,0.414,0.081,0.122,-0.413,0.079,0.721,1.0,-0.095,0.001,0.425,-0.354,0.685,0.526,0.416,0.34,0.561,0.673,0.685,0.725,0.633,0.358,0.698,0.625,0.357,0.434,0.435,0.241,0.438,0.526,0.564,0.623,-0.218,0.537,0.617,-0.243,0.492,-0.209,0.231,-0.208,0.202,0.467,-0.126,-0.097,0.246,0.138,0.514,0.436,0.467,-0.074,0.297,0.147,0.592,0.771,0.315,-0.494,0.251,0.215,0.431,0.666,0.386,0.341,0.669,0.572,0.609,0.669,0.397,0.687,0.146,0.259,-0.116
IOVA,-0.102,0.332,-0.417,-0.338,0.597,0.14,0.583,0.561,-0.198,-0.43,0.749,0.525,0.657,0.568,-0.295,0.256,0.489,0.69,-0.395,-0.307,0.37,-0.393,-0.197,-0.372,0.016,0.509,0.192,-0.098,0.558,0.291,-0.576,0.4,0.386,0.488,0.388,-0.148,-0.095,1.0,0.636,0.123,0.561,-0.43,-0.355,-0.319,-0.05,0.164,-0.105,-0.503,-0.43,-0.228,0.278,0.021,0.038,0.637,0.299,0.373,0.253,0.394,0.078,0.199,-0.386,0.58,-0.032,0.104,0.577,0.52,0.735,0.544,0.693,0.681,-0.568,0.765,0.576,0.597,0.638,0.21,0.455,0.293,0.771,0.496,0.445,0.033,-0.319,0.337,0.682,0.409,0.429,0.245,-0.355,0.573,0.606,-0.374,-0.163,-0.25,-0.07,0.477,-0.122,0.493,0.434,0.682
IQ,-0.082,0.101,-0.446,-0.447,0.357,0.141,0.391,0.56,-0.208,-0.336,0.848,0.38,0.312,0.447,-0.236,0.24,0.314,0.498,-0.442,-0.508,0.478,-0.255,-0.19,-0.368,-0.082,0.173,-0.043,-0.171,0.596,0.171,-0.461,0.172,0.115,0.183,0.14,-0.054,0.001,0.636,1.0,-0.02,0.402,-0.349,-0.346,-0.403,-0.041,0.02,-0.152,-0.435,-0.248,-0.381,0.37,-0.087,-0.051,0.448,0.277,0.404,0.224,0.28,0.326,0.079,-0.385,0.451,-0.089,0.264,0.34,0.398,0.314,0.865,0.417,0.438,-0.587,0.46,0.352,0.308,0.314,0.112,0.349,0.221,0.656,0.211,0.249,-0.254,-0.152,0.28,0.47,0.412,0.28,0.191,-0.355,0.372,0.508,-0.421,-0.092,-0.134,0.007,0.45,-0.126,0.879,0.369,0.444
JBLU,0.697,0.24,0.333,-0.009,0.315,0.266,0.058,0.256,0.157,0.327,0.024,-0.157,0.136,0.469,-0.128,0.458,0.439,0.181,0.245,0.117,0.254,0.188,0.485,0.451,0.584,0.294,0.458,0.511,0.118,0.464,0.045,0.15,0.142,-0.035,0.441,0.604,0.425,0.123,-0.02,1.0,-0.188,0.275,0.21,-0.191,0.61,0.522,0.152,0.281,0.212,0.274,0.331,0.416,0.216,0.451,0.39,0.451,-0.061,0.604,0.341,0.294,0.45,0.113,0.316,0.42,0.221,0.464,0.075,0.291,0.01,0.414,-0.036,0.1,0.258,0.173,0.176,0.102,0.546,0.529,0.091,0.116,0.649,0.522,0.335,0.681,-0.208,0.495,0.565,0.552,0.3,0.404,0.432,0.107,0.679,0.481,0.52,0.466,0.492,0.22,0.406,-0.004
JD,-0.276,0.153,-0.502,-0.379,0.361,-0.185,0.536,0.294,-0.288,-0.449,0.566,0.689,0.629,0.231,-0.465,-0.187,0.048,0.514,-0.64,-0.493,0.035,-0.518,-0.423,-0.644,-0.273,0.269,-0.14,-0.478,0.592,-0.136,-0.393,0.285,0.249,0.678,0.182,-0.368,-0.354,0.561,0.402,-0.188,1.0,-0.672,-0.459,-0.15,-0.214,-0.153,-0.195,-0.659,-0.552,-0.436,-0.016,-0.198,-0.288,0.352,0.276,0.14,0.245,0.077,-0.087,0.009,-0.542,0.542,-0.025,-0.157,0.545,0.174,0.526,0.105,0.68,0.274,-0.625,0.545,0.425,0.442,0.507,0.226,0.166,0.038,0.64,0.184,0.284,-0.191,-0.627,0.1,0.813,0.211,0.277,-0.007,-0.511,0.201,0.237,-0.465,-0.27,-0.514,-0.327,0.211,-0.455,0.146,0.363,0.582
KDP,0.389,0.13,0.762,0.588,-0.218,0.483,-0.429,-0.133,0.558,0.654,-0.468,-0.683,-0.44,-0.096,0.572,0.469,0.279,-0.352,0.921,0.752,0.139,0.762,0.618,0.846,0.524,-0.041,0.416,0.725,-0.256,0.445,0.65,-0.077,-0.065,-0.59,-0.014,0.617,0.685,-0.43,-0.349,0.275,-0.672,1.0,0.766,0.383,0.196,0.398,0.573,0.876,0.824,0.784,0.021,0.443,0.583,-0.057,-0.041,0.027,-0.083,0.122,0.226,0.255,0.851,-0.56,0.274,0.417,-0.534,0.118,-0.423,-0.095,-0.598,-0.016,0.828,-0.411,-0.238,-0.074,-0.249,0.179,0.203,0.21,-0.53,0.103,-0.164,0.562,0.889,0.017,-0.698,-0.094,-0.103,0.383,0.852,0.058,-0.09,0.765,0.415,0.623,0.451,0.009,0.73,-0.156,-0.164,-0.494
KHC,0.325,0.038,0.743,0.599,-0.215,0.359,-0.375,-0.295,0.399,0.697,-0.4,-0.507,-0.449,-0.13,0.322,0.279,0.109,-0.401,0.767,0.687,-0.01,0.694,0.424,0.675,0.375,-0.046,0.459,0.597,-0.255,0.296,0.712,-0.091,-0.049,-0.356,-0.029,0.423,0.526,-0.355,-0.346,0.21,-0.459,0.766,1.0,0.478,0.187,0.378,0.45,0.776,0.695,0.764,-0.125,0.424,0.392,-0.059,0.035,-0.053,-0.179,0.04,0.133,0.256,0.758,-0.597,0.26,0.247,-0.415,0.045,-0.445,-0.164,-0.542,-0.219,0.744,-0.446,-0.27,-0.063,-0.168,0.163,0.08,0.105,-0.449,-0.019,-0.138,0.464,0.648,-0.094,-0.559,-0.05,-0.193,0.238,0.71,-0.009,-0.163,0.772,0.319,0.444,0.37,-0.079,0.499,-0.228,-0.091,-0.475
LRCX,0.117,0.382,0.523,0.768,0.091,0.363,-0.394,-0.11,0.659,0.372,-0.253,0.034,-0.331,-0.439,0.404,-0.101,0.062,-0.127,0.459,0.459,-0.008,0.664,0.168,0.336,-0.037,0.12,0.149,0.154,-0.299,0.155,0.54,-0.064,0.004,-0.236,-0.283,0.184,0.416,-0.319,-0.403,-0.191,-0.15,0.383,0.478,1.0,-0.079,0.192,0.711,0.489,0.529,0.503,-0.027,0.456,0.337,-0.081,0.213,-0.036,0.324,-0.102,0.135,0.495,0.36,-0.285,0.542,0.231,-0.427,0.04,-0.203,-0.434,-0.237,-0.291,0.602,-0.346,-0.465,0.077,0.171,0.578,-0.191,-0.059,-0.193,0.154,-0.32,0.284,0.409,-0.201,-0.247,-0.253,-0.251,-0.237,0.365,0.016,-0.089,0.731,0.121,0.07,0.206,-0.106,0.141,-0.422,0.018,-0.109
LYFT,0.632,0.192,0.294,-0.105,0.3,0.152,0.186,0.276,0.197,0.364,-0.032,-0.174,0.133,0.343,-0.048,0.414,0.338,0.04,0.15,-0.002,0.276,0.315,0.379,0.426,0.625,0.243,0.459,0.404,0.169,0.412,0.137,0.171,0.208,0.082,0.481,0.559,0.34,-0.05,-0.041,0.61,-0.214,0.196,0.187,-0.079,1.0,0.428,0.193,0.333,0.196,0.187,0.442,0.412,0.152,0.374,0.493,0.378,-0.077,0.559,0.434,0.249,0.517,0.245,0.327,0.468,0.387,0.409,-0.057,0.275,-0.065,0.266,0.029,0.034,0.251,0.045,0.132,0.218,0.474,0.451,0.141,0.02,0.602,0.332,0.326,0.49,-0.151,0.593,0.381,0.411,0.289,0.222,0.387,0.109,0.613,0.406,0.717,0.527,0.432,0.243,0.523,0.064
MARA,0.65,0.399,0.444,0.238,0.447,0.544,-0.156,0.328,0.419,0.42,0.11,-0.028,-0.017,0.594,0.032,0.397,0.582,0.329,0.288,0.178,0.557,0.522,0.645,0.541,0.495,0.596,0.593,0.491,0.065,0.741,0.062,0.021,0.081,-0.153,0.194,0.549,0.561,0.164,0.02,0.522,-0.153,0.398,0.378,0.192,0.428,1.0,0.487,0.347,0.432,0.467,0.433,0.741,0.359,0.669,0.437,0.569,0.185,0.695,0.466,0.658,0.479,0.137,0.545,0.517,-0.028,0.684,-0.011,0.216,0.029,0.359,0.142,0.218,-0.028,0.369,0.444,0.504,0.57,0.866,0.213,0.503,0.416,0.487,0.493,0.551,-0.127,0.525,0.485,0.331,0.49,0.678,0.473,0.439,0.587,0.588,0.656,0.523,0.587,0.137,0.334,0.149
MCHP,0.449,0.625,0.565,0.62,0.344,0.646,-0.338,0.307,0.875,0.455,-0.045,-0.061,-0.17,-0.078,0.56,0.269,0.492,0.142,0.565,0.47,0.402,0.767,0.552,0.518,0.282,0.413,0.421,0.384,-0.036,0.62,0.388,0.046,0.086,-0.287,-0.058,0.556,0.673,-0.105,-0.152,0.152,-0.195,0.573,0.45,0.711,0.193,0.487,1.0,0.588,0.712,0.594,0.379,0.678,0.57,0.298,0.44,0.401,0.494,0.306,0.481,0.714,0.546,-0.014,0.765,0.64,-0.263,0.465,-0.112,-0.038,-0.176,0.186,0.544,-0.09,-0.282,0.265,0.371,0.788,0.226,0.306,0.029,0.474,-0.073,0.542,0.693,0.159,-0.213,0.121,0.129,0.145,0.573,0.373,0.286,0.756,0.449,0.361,0.568,0.331,0.52,-0.075,0.279,0.076
MDLZ,0.433,0.203,0.846,0.642,-0.127,0.507,-0.401,-0.137,0.586,0.678,-0.521,-0.6,-0.455,-0.25,0.565,0.416,0.21,-0.368,0.882,0.702,0.088,0.824,0.592,0.862,0.484,-0.032,0.441,0.667,-0.296,0.424,0.747,0.03,0.074,-0.519,-0.047,0.631,0.685,-0.503,-0.435,0.281,-0.659,0.876,0.776,0.489,0.333,0.347,0.588,1.0,0.892,0.8,0.093,0.522,0.596,-0.054,0.033,0.084,-0.016,0.149,0.339,0.345,0.787,-0.536,0.366,0.433,-0.426,0.147,-0.499,-0.173,-0.618,-0.136,0.86,-0.481,-0.289,-0.093,-0.182,0.238,0.12,0.093,-0.462,0.007,-0.121,0.497,0.824,-0.032,-0.686,-0.04,-0.149,0.315,0.777,0.032,-0.041,0.817,0.431,0.515,0.551,0.051,0.661,-0.217,-0.089,-0.447
META,0.46,0.284,0.767,0.615,-0.058,0.586,-0.48,0.06,0.695,0.589,-0.339,-0.472,-0.482,-0.202,0.585,0.317,0.261,-0.234,0.793,0.596,0.218,0.823,0.601,0.732,0.368,0.008,0.324,0.525,-0.182,0.488,0.697,-0.011,0.026,-0.57,-0.152,0.677,0.725,-0.43,-0.248,0.212,-0.552,0.824,0.695,0.529,0.196,0.432,0.712,0.892,1.0,0.676,0.198,0.552,0.564,0.053,0.147,0.249,0.175,0.157,0.494,0.437,0.691,-0.477,0.497,0.553,-0.505,0.24,-0.523,-0.043,-0.555,-0.089,0.754,-0.416,-0.384,-0.052,-0.105,0.371,0.09,0.184,-0.362,0.111,-0.191,0.439,0.871,0.022,-0.593,-0.016,-0.104,0.211,0.721,0.124,0.004,0.807,0.468,0.506,0.553,0.112,0.638,-0.08,-0.031,-0.397
MNST,0.324,0.308,0.741,0.652,0.03,0.589,-0.286,-0.162,0.482,0.66,-0.398,-0.469,-0.289,-0.031,0.452,0.465,0.337,-0.166,0.805,0.726,0.142,0.687,0.571,0.773,0.383,0.206,0.605,0.691,-0.226,0.497,0.509,0.125,0.162,-0.43,-0.059,0.407,0.633,-0.228,-0.381,0.274,-0.436,0.784,0.764,0.503,0.187,0.467,0.594,0.8,0.676,1.0,0.042,0.56,0.696,0.108,0.069,0.141,0.09,0.24,0.189,0.464,0.663,-0.446,0.349,0.275,-0.316,0.315,-0.17,-0.205,-0.38,0.035,0.77,-0.218,-0.127,0.232,0.071,0.313,0.216,0.27,-0.305,0.298,-0.085,0.555,0.651,0.064,-0.489,-0.012,0.015,0.379,0.759,0.264,0.106,0.75,0.283,0.461,0.391,0.099,0.568,-0.286,-0.079,-0.183
MRNA,0.507,0.625,0.024,-0.096,0.653,0.426,0.043,0.592,0.432,0.241,0.429,0.199,0.101,0.398,0.036,0.425,0.547,0.577,-0.1,-0.272,0.592,0.24,0.459,0.202,0.254,0.517,0.4,0.147,0.369,0.532,-0.186,0.2,0.241,-0.088,0.109,0.476,0.358,0.278,0.37,0.331,-0.016,0.021,-0.125,-0.027,0.442,0.433,0.379,0.093,0.198,0.042,1.0,0.484,0.318,0.519,0.638,0.645,0.383,0.638,0.655,0.571,0.116,0.499,0.581,0.661,0.282,0.665,0.1,0.574,0.258,0.502,-0.266,0.35,0.047,0.22,0.496,0.526,0.532,0.516,0.498,0.349,0.399,0.378,0.273,0.645,0.151,0.64,0.582,0.226,0.054,0.563,0.721,0.037,0.501,0.371,0.662,0.808,0.411,0.541,0.529,0.398
MRVL,0.66,0.586,0.648,0.532,0.544,0.691,-0.29,0.324,0.606,0.525,0.025,-0.009,-0.204,0.348,0.262,0.482,0.57,0.179,0.434,0.276,0.576,0.689,0.754,0.666,0.362,0.6,0.701,0.524,-0.103,0.771,0.24,0.036,0.108,-0.277,0.006,0.702,0.698,0.021,-0.087,0.416,-0.198,0.443,0.424,0.456,0.412,0.741,0.678,0.522,0.552,0.56,0.484,1.0,0.543,0.523,0.461,0.648,0.437,0.72,0.675,0.839,0.481,0.116,0.657,0.612,-0.161,0.658,-0.107,0.143,-0.06,0.24,0.31,0.034,-0.216,0.354,0.518,0.66,0.421,0.657,0.159,0.534,0.284,0.499,0.56,0.423,-0.216,0.514,0.465,0.272,0.646,0.624,0.526,0.668,0.613,0.621,0.729,0.541,0.65,0.079,0.311,0.152
MSFT,0.237,0.6,0.526,0.399,0.334,0.841,0.003,0.148,0.408,0.512,-0.088,-0.336,-0.056,0.1,0.49,0.69,0.567,0.142,0.604,0.451,0.349,0.534,0.523,0.655,0.28,0.268,0.611,0.664,0.048,0.586,0.339,0.423,0.478,-0.287,-0.065,0.449,0.625,0.038,-0.051,0.216,-0.288,0.583,0.392,0.337,0.152,0.359,0.57,0.596,0.564,0.696,0.318,0.543,1.0,0.305,0.227,0.281,0.474,0.43,0.374,0.565,0.38,-0.133,0.338,0.464,-0.078,0.541,0.149,0.049,-0.141,0.286,0.518,0.074,0.114,0.467,0.337,0.434,0.375,0.301,0.073,0.473,0.131,0.48,0.523,0.185,-0.282,0.163,0.153,0.536,0.557,0.461,0.443,0.549,0.228,0.449,0.434,0.391,0.497,-0.016,0.128,0.172
MSTR,0.452,0.52,0.087,-0.115,0.766,0.532,0.406,0.689,0.18,-0.001,0.554,0.345,0.548,0.673,-0.158,0.472,0.753,0.729,-0.084,-0.15,0.7,0.134,0.267,0.14,0.408,0.739,0.492,0.23,0.576,0.72,-0.296,0.332,0.354,0.366,0.469,0.393,0.357,0.637,0.448,0.451,0.352,-0.057,-0.059,-0.081,0.374,0.669,0.298,-0.054,0.053,0.108,0.519,0.523,0.305,1.0,0.656,0.72,0.402,0.796,0.494,0.582,0.056,0.565,0.416,0.546,0.485,0.869,0.465,0.476,0.481,0.725,-0.278,0.638,0.488,0.697,0.788,0.538,0.764,0.742,0.75,0.663,0.69,0.311,0.128,0.645,0.363,0.659,0.654,0.412,0.1,0.835,0.821,0.039,0.396,0.245,0.487,0.816,0.249,0.419,0.705,0.633
MU,0.471,0.588,0.04,-0.002,0.685,0.377,0.286,0.62,0.357,0.24,0.458,0.345,0.35,0.379,-0.2,0.291,0.57,0.59,-0.091,-0.211,0.386,0.216,0.168,0.079,0.329,0.541,0.391,0.109,0.54,0.42,-0.016,0.324,0.356,0.277,0.342,0.448,0.434,0.299,0.277,0.39,0.276,-0.041,0.035,0.213,0.493,0.437,0.44,0.033,0.147,0.069,0.638,0.461,0.227,0.656,1.0,0.545,0.388,0.559,0.505,0.547,0.207,0.424,0.694,0.546,0.405,0.626,0.278,0.371,0.409,0.427,-0.225,0.333,0.286,0.394,0.576,0.645,0.563,0.495,0.548,0.321,0.574,0.449,0.183,0.606,0.193,0.595,0.505,0.242,0.044,0.486,0.627,0.088,0.487,0.267,0.584,0.734,0.168,0.358,0.872,0.393
MVIS,0.616,0.533,0.199,-0.027,0.652,0.51,0.038,0.68,0.36,0.083,0.436,0.205,0.129,0.569,0.073,0.419,0.592,0.512,-0.037,-0.21,0.74,0.209,0.53,0.215,0.253,0.6,0.356,0.162,0.382,0.726,-0.183,0.142,0.149,-0.055,0.174,0.529,0.435,0.373,0.404,0.451,0.14,0.027,-0.053,-0.036,0.378,0.569,0.401,0.084,0.249,0.141,0.645,0.648,0.281,0.72,0.545,1.0,0.478,0.777,0.818,0.637,0.07,0.439,0.497,0.656,0.181,0.796,0.122,0.558,0.204,0.529,-0.226,0.356,0.093,0.422,0.594,0.506,0.492,0.706,0.527,0.543,0.419,0.207,0.271,0.637,0.231,0.714,0.697,0.308,0.225,0.759,0.721,0.085,0.545,0.399,0.557,0.723,0.436,0.511,0.494,0.402
NFLX,0.156,0.664,0.021,0.132,0.577,0.619,-0.025,0.487,0.353,-0.066,0.392,0.339,0.109,0.091,0.216,0.185,0.438,0.414,-0.057,-0.171,0.44,0.202,0.198,0.003,-0.192,0.427,0.215,-0.036,0.14,0.352,-0.083,0.346,0.387,0.002,-0.211,0.181,0.241,0.253,0.224,-0.061,0.245,-0.083,-0.179,0.324,-0.077,0.185,0.494,-0.016,0.175,0.09,0.383,0.437,0.474,0.402,0.388,0.478,1.0,0.316,0.487,0.639,-0.176,0.418,0.394,0.323,0.059,0.488,0.305,0.128,0.24,0.278,-0.03,0.233,-0.074,0.495,0.629,0.619,0.133,0.217,0.48,0.574,0.027,0.089,0.078,0.161,0.244,0.26,0.294,0.024,0.08,0.441,0.48,0.178,0.127,0.028,0.223,0.377,0.082,0.13,0.26,0.596
NNDM,0.597,0.526,0.279,-0.063,0.731,0.558,0.215,0.533,0.23,0.289,0.339,0.114,0.268,0.717,-0.055,0.652,0.684,0.521,0.058,-0.092,0.704,0.233,0.606,0.449,0.481,0.685,0.66,0.472,0.343,0.792,-0.165,0.259,0.295,0.064,0.362,0.595,0.438,0.394,0.28,0.604,0.077,0.122,0.04,-0.102,0.559,0.695,0.306,0.149,0.157,0.24,0.638,0.72,0.43,0.796,0.559,0.777,0.316,1.0,0.636,0.642,0.228,0.48,0.444,0.612,0.349,0.86,0.253,0.475,0.266,0.615,-0.177,0.455,0.314,0.537,0.664,0.463,0.744,0.828,0.532,0.596,0.749,0.359,0.247,0.737,0.132,0.777,0.792,0.557,0.307,0.831,0.809,0.135,0.544,0.525,0.63,0.843,0.502,0.416,0.562,0.446
NVAX,0.649,0.484,0.392,0.116,0.485,0.565,-0.143,0.549,0.484,0.242,0.305,-0.01,-0.138,0.309,0.22,0.446,0.49,0.255,0.167,-0.1,0.655,0.44,0.604,0.38,0.301,0.357,0.347,0.265,0.216,0.629,0.126,0.126,0.167,-0.25,0.066,0.701,0.526,0.078,0.326,0.341,-0.087,0.226,0.133,0.135,0.434,0.466,0.481,0.339,0.494,0.189,0.655,0.675,0.374,0.494,0.505,0.818,0.487,0.636,1.0,0.628,0.258,0.266,0.557,0.719,0.004,0.636,-0.178,0.522,-0.074,0.296,0.002,0.038,-0.081,0.191,0.395,0.516,0.387,0.54,0.297,0.314,0.23,0.249,0.489,0.49,-0.014,0.615,0.486,0.283,0.373,0.507,0.6,0.299,0.634,0.478,0.69,0.63,0.566,0.507,0.392,0.146
NVDA,0.517,0.829,0.387,0.44,0.741,0.764,-0.166,0.413,0.663,0.39,0.285,0.277,-0.042,0.302,0.249,0.457,0.62,0.406,0.256,0.059,0.578,0.571,0.585,0.469,0.173,0.705,0.593,0.371,0.019,0.682,0.085,0.236,0.298,-0.154,-0.072,0.504,0.564,0.199,0.079,0.294,0.009,0.255,0.256,0.495,0.249,0.658,0.714,0.345,0.437,0.464,0.571,0.839,0.565,0.582,0.547,0.637,0.639,0.642,0.628,1.0,0.23,0.231,0.761,0.566,-0.025,0.73,0.127,0.177,0.16,0.31,0.181,0.159,-0.122,0.478,0.724,0.842,0.387,0.586,0.418,0.599,0.246,0.474,0.394,0.44,0.025,0.502,0.428,0.177,0.358,0.74,0.633,0.567,0.475,0.452,0.612,0.579,0.448,0.157,0.371,0.398
NWL,0.585,0.125,0.733,0.448,-0.114,0.297,-0.3,-0.023,0.542,0.655,-0.429,-0.555,-0.263,-0.013,0.364,0.391,0.323,-0.299,0.771,0.662,0.129,0.715,0.577,0.769,0.702,0.046,0.503,0.656,-0.128,0.438,0.628,-0.105,-0.071,-0.318,0.272,0.699,0.623,-0.386,-0.385,0.45,-0.542,0.851,0.758,0.36,0.517,0.479,0.546,0.787,0.691,0.663,0.116,0.481,0.38,0.056,0.207,0.07,-0.176,0.228,0.258,0.23,1.0,-0.349,0.371,0.475,-0.26,0.148,-0.389,-0.061,-0.496,0.072,0.654,-0.352,-0.127,-0.112,-0.169,0.237,0.344,0.295,-0.432,0.044,0.089,0.663,0.82,0.183,-0.58,0.092,0.066,0.378,0.793,0.009,-0.037,0.663,0.605,0.572,0.605,0.145,0.73,-0.142,0.121,-0.427
OCGN,0.122,0.332,-0.444,-0.49,0.613,0.023,0.396,0.557,-0.053,-0.392,0.633,0.552,0.601,0.494,-0.308,0.091,0.374,0.663,-0.606,-0.533,0.471,-0.268,-0.079,-0.376,0.053,0.482,0.112,-0.282,0.47,0.242,-0.625,0.203,0.186,0.489,0.347,0.013,-0.218,0.58,0.451,0.113,0.542,-0.56,-0.597,-0.285,0.245,0.137,-0.014,-0.536,-0.477,-0.446,0.499,0.116,-0.133,0.565,0.424,0.439,0.418,0.48,0.266,0.231,-0.349,1.0,0.125,0.216,0.598,0.429,0.556,0.39,0.595,0.576,-0.675,0.621,0.323,0.39,0.655,0.326,0.425,0.357,0.758,0.374,0.501,-0.066,-0.338,0.451,0.664,0.549,0.578,0.07,-0.342,0.412,0.591,-0.43,0.089,-0.197,0.181,0.592,-0.14,0.399,0.524,0.779
ON,0.546,0.659,0.381,0.429,0.538,0.496,-0.173,0.376,0.738,0.459,0.119,0.193,-0.04,0.101,0.207,0.207,0.427,0.332,0.251,0.122,0.34,0.528,0.51,0.363,0.288,0.513,0.373,0.223,0.088,0.501,0.232,0.14,0.187,-0.095,0.06,0.531,0.537,-0.032,-0.089,0.316,-0.025,0.274,0.26,0.542,0.327,0.545,0.765,0.366,0.497,0.349,0.581,0.657,0.338,0.416,0.694,0.497,0.394,0.444,0.557,0.761,0.371,0.125,1.0,0.575,-0.015,0.53,-0.067,0.056,0.056,0.189,0.194,0.017,-0.132,0.21,0.491,0.768,0.292,0.443,0.217,0.346,0.197,0.552,0.458,0.435,-0.033,0.381,0.326,0.124,0.288,0.456,0.452,0.535,0.57,0.417,0.611,0.517,0.401,0.057,0.51,0.114
OPK,0.654,0.552,0.467,0.127,0.452,0.631,-0.023,0.516,0.614,0.387,0.188,-0.102,0.002,0.202,0.332,0.512,0.568,0.359,0.294,0.116,0.703,0.602,0.529,0.493,0.447,0.346,0.359,0.405,0.38,0.751,0.272,0.043,0.07,-0.142,0.191,0.71,0.617,0.104,0.264,0.42,-0.157,0.417,0.247,0.231,0.468,0.517,0.64,0.433,0.553,0.275,0.661,0.612,0.464,0.546,0.546,0.656,0.323,0.612,0.719,0.566,0.475,0.216,0.575,1.0,-0.013,0.688,-0.05,0.455,-0.114,0.436,0.162,0.107,0.039,0.288,0.372,0.565,0.575,0.499,0.313,0.33,0.34,0.405,0.637,0.531,-0.071,0.474,0.415,0.412,0.4,0.554,0.614,0.364,0.658,0.461,0.75,0.692,0.574,0.414,0.543,0.157
