,AAL,AAPL,AGNC,AMAT,AMD,AMZN,APA,ARDX,AVGO,AZN,BIDU,BILI,BKR,CAN,CHRD,CMCSA,CPRT,CRWD,CSCO,CSX,DKNG,EBAY,ERIC,EXC,FITB,FLEX,FTNT,GEN,GERN,GEVO,GILD,GOOG,GOOGL,GT,HBAN,HST,INTC,IOVA,IQ,JBLU,JD,KDP,KHC,LRCX,LYFT,MARA,MCHP,MDLZ,META,MNST,MRNA,MRVL,MSFT,MSTR,MU,MVIS,NFLX,NNDM,NVAX,NVDA,NWL,OCGN,ON,OPK,PAA,PACB,PANW,PARA,PDD,PENN,PEP,PLUG,PTEN,PTON,PYPL,QCOM,QVCGA,RIOT,ROKU,RUN,SABR,SBUX,SMCI,SNDL,STNE,TCOM,TLRY,TMUS,TSCO,TSLA,TTD,TXN,UAL,VOD,VTRS,VXRT,WBA,WBD,WDC,ZM
AAL,1.0,-0.258,-0.083,0.249,0.126,-0.242,0.118,-0.156,0.203,-0.295,0.228,0.583,0.344,0.625,-0.481,-0.073,-0.275,-0.214,0.078,0.015,0.292,0.021,-0.293,-0.241,0.3,0.251,-0.129,0.269,0.508,0.672,0.116,-0.126,-0.132,0.308,0.149,0.131,0.391,0.432,0.075,0.496,0.695,-0.333,0.051,0.08,0.252,0.42,0.404,0.149,0.179,-0.222,-0.477,0.472,-0.215,0.185,0.407,0.515,0.02,0.464,-0.183,-0.295,0.418,0.188,0.391,0.223,0.227,0.506,-0.311,0.032,0.691,0.43,0.007,0.511,0.501,0.005,-0.236,0.25,-0.139,0.516,-0.174,0.554,0.639,-0.137,0.21,0.447,-0.228,0.508,0.511,0.034,0.009,-0.044,-0.178,0.254,0.851,0.152,0.297,0.514,0.368,0.067,0.423,0.067
AAPL,-0.258,1.0,0.736,0.442,0.574,0.862,-0.459,0.651,0.562,0.241,-0.198,0.108,-0.738,-0.579,0.729,-0.434,0.826,0.864,0.488,0.625,-0.468,0.697,0.673,0.819,0.536,0.524,0.723,0.296,-0.504,-0.512,0.206,0.785,0.791,0.529,0.567,0.474,0.376,-0.003,-0.468,0.508,-0.501,0.674,0.532,0.62,-0.169,0.281,0.564,0.198,0.699,0.733,0.612,0.339,0.891,0.448,0.443,-0.286,0.717,-0.635,0.147,0.771,0.357,-0.434,0.566,-0.354,0.246,0.235,0.874,-0.487,0.08,-0.442,0.475,-0.623,-0.47,0.642,0.789,0.499,0.403,-0.076,0.657,-0.573,0.302,0.784,0.59,-0.579,0.568,-0.542,-0.672,0.712,0.472,0.691,0.474,0.528,0.005,0.31,-0.668,-0.534,0.414,-0.475,0.407,0.433
AGNC,-0.083,0.736,1.0,0.608,0.523,0.693,-0.3,0.639,0.508,0.245,-0.344,0.283,-0.701,-0.56,0.651,-0.506,0.764,0.583,0.734,0.767,-0.587,0.811,0.623,0.699,0.713,0.711,0.786,0.327,-0.479,-0.53,0.454,0.72,0.756,0.763,0.717,0.367,0.374,0.094,-0.555,0.567,-0.345,0.66,0.694,0.702,-0.154,0.26,0.563,0.303,0.652,0.725,0.507,0.49,0.797,0.372,0.506,-0.397,0.686,-0.56,0.062,0.696,0.49,-0.613,0.63,-0.456,0.27,0.172,0.748,-0.595,0.252,-0.487,0.556,-0.634,-0.342,0.526,0.753,0.635,0.303,-0.096,0.537,-0.436,0.419,0.848,0.541,-0.67,0.453,-0.503,-0.672,0.726,0.609,0.677,0.388,0.692,0.188,0.478,-0.721,-0.515,0.481,-0.602,0.458,0.297
AMAT,0.249,0.442,0.608,1.0,0.509,0.419,-0.338,0.4,0.589,-0.196,-0.265,0.573,-0.46,-0.216,0.192,-0.508,0.489,0.277,0.578,0.603,-0.486,0.678,0.337,0.508,0.612,0.721,0.566,0.43,-0.358,-0.107,0.482,0.65,0.691,0.647,0.575,0.157,0.564,0.353,-0.539,0.685,0.077,0.393,0.429,0.91,-0.097,0.594,0.753,0.38,0.679,0.512,-0.024,0.82,0.577,0.224,0.713,0.036,0.566,-0.441,-0.423,0.389,0.626,-0.447,0.814,-0.318,0.16,0.504,0.456,-0.554,0.598,-0.188,0.515,-0.29,-0.318,0.528,0.441,0.747,0.042,0.042,0.407,-0.088,0.56,0.582,0.669,-0.478,0.262,-0.134,-0.336,0.621,0.491,0.384,-0.038,0.802,0.432,0.36,-0.475,-0.393,0.802,-0.569,0.688,0.19
AMD,0.126,0.574,0.523,0.509,1.0,0.591,-0.247,0.793,0.586,0.18,0.083,0.466,-0.473,-0.073,0.336,-0.255,0.632,0.564,0.393,0.4,-0.104,0.558,0.524,0.635,0.426,0.768,0.605,0.528,-0.116,-0.09,0.343,0.649,0.603,0.508,0.448,0.49,0.62,0.419,-0.222,0.464,0.015,0.44,0.455,0.602,0.031,0.436,0.677,0.177,0.599,0.537,0.384,0.634,0.602,0.324,0.598,0.058,0.648,-0.241,0.103,0.674,0.413,-0.296,0.643,-0.057,0.431,0.455,0.561,-0.282,0.487,-0.136,0.237,-0.077,-0.289,0.523,0.62,0.77,0.21,0.081,0.534,-0.092,0.476,0.513,0.702,-0.391,0.491,0.062,-0.286,0.622,0.425,0.474,0.381,0.647,0.404,0.461,-0.46,-0.114,0.524,-0.271,0.645,0.419
AMZN,-0.242,0.862,0.693,0.419,0.591,1.0,-0.4,0.663,0.444,0.141,-0.167,0.139,-0.689,-0.551,0.696,-0.452,0.821,0.751,0.42,0.476,-0.486,0.622,0.692,0.715,0.459,0.56,0.675,0.348,-0.491,-0.62,0.166,0.767,0.75,0.543,0.484,0.455,0.402,-0.04,-0.434,0.453,-0.437,0.622,0.498,0.61,-0.185,0.317,0.535,0.098,0.702,0.713,0.575,0.385,0.826,0.466,0.512,-0.337,0.763,-0.66,0.152,0.772,0.383,-0.391,0.519,-0.442,0.132,0.155,0.776,-0.495,0.137,-0.472,0.387,-0.595,-0.504,0.599,0.798,0.563,0.256,-0.031,0.663,-0.523,0.238,0.699,0.606,-0.675,0.538,-0.521,-0.667,0.665,0.485,0.631,0.413,0.498,0.076,0.366,-0.705,-0.53,0.37,-0.471,0.486,0.512
APA,0.118,-0.459,-0.3,-0.338,-0.247,-0.4,1.0,-0.239,-0.186,-0.001,0.421,0.017,0.508,0.355,-0.197,0.499,-0.354,-0.281,-0.389,-0.37,0.496,-0.222,-0.421,-0.546,-0.272,-0.222,-0.356,-0.382,0.578,0.3,-0.04,-0.356,-0.37,-0.325,-0.317,0.002,-0.232,0.284,0.533,-0.308,0.342,-0.427,-0.462,-0.375,0.42,-0.425,-0.175,-0.387,-0.369,-0.454,-0.054,-0.268,-0.371,-0.151,-0.216,0.295,-0.331,0.503,0.442,-0.4,-0.429,0.361,-0.192,0.585,0.268,0.058,-0.328,0.56,0.071,0.466,-0.498,0.295,0.694,-0.415,-0.342,-0.191,0.117,0.013,-0.221,0.312,-0.038,-0.335,-0.301,0.421,-0.031,0.318,0.387,-0.269,-0.357,-0.115,0.155,-0.433,0.035,-0.033,0.426,0.555,-0.327,0.568,-0.121,0.05
ARDX,-0.156,0.651,0.639,0.4,0.793,0.663,-0.239,1.0,0.401,0.378,-0.088,0.256,-0.587,-0.475,0.587,-0.254,0.82,0.678,0.389,0.482,-0.378,0.635,0.639,0.759,0.434,0.65,0.683,0.416,-0.334,-0.404,0.374,0.684,0.689,0.441,0.473,0.476,0.316,0.229,-0.331,0.436,-0.349,0.655,0.484,0.548,0.007,0.277,0.492,0.077,0.549,0.626,0.641,0.364,0.665,0.298,0.377,-0.22,0.609,-0.442,0.217,0.736,0.301,-0.439,0.509,-0.181,0.377,0.29,0.66,-0.367,0.195,-0.302,0.294,-0.326,-0.414,0.441,0.652,0.626,0.297,-0.082,0.597,-0.283,0.309,0.658,0.469,-0.595,0.48,-0.234,-0.526,0.703,0.525,0.583,0.41,0.484,0.123,0.479,-0.543,-0.386,0.422,-0.382,0.449,0.433
AVGO,0.203,0.562,0.508,0.589,0.586,0.444,-0.186,0.401,1.0,-0.016,0.054,0.427,-0.444,-0.134,0.32,-0.335,0.465,0.499,0.464,0.583,-0.098,0.619,0.489,0.46,0.63,0.575,0.607,0.494,-0.118,-0.005,0.292,0.62,0.607,0.501,0.594,0.317,0.624,0.33,-0.173,0.602,-0.037,0.425,0.516,0.702,-0.032,0.478,0.819,0.363,0.683,0.516,0.232,0.63,0.614,0.439,0.725,0.085,0.575,-0.215,-0.118,0.453,0.538,-0.26,0.743,-0.068,0.385,0.488,0.497,-0.217,0.497,0.001,0.382,-0.238,-0.123,0.579,0.504,0.735,0.201,0.241,0.459,-0.212,0.523,0.488,0.733,-0.308,0.524,-0.149,-0.389,0.608,0.355,0.517,0.356,0.696,0.377,0.346,-0.456,-0.162,0.555,-0.212,0.711,0.334
AZN,-0.295,0.241,0.245,-0.196,0.18,0.141,-0.001,0.378,-0.016,1.0,-0.169,-0.131,-0.161,-0.346,0.413,-0.016,0.371,0.239,0.298,0.297,-0.224,0.208,0.311,0.31,0.084,0.098,0.334,-0.065,-0.141,-0.367,0.268,0.061,0.044,0.164,0.22,0.213,-0.129,-0.176,-0.201,-0.094,-0.218,0.377,0.356,-0.085,0.238,-0.272,-0.063,0.194,-0.083,0.399,0.546,-0.185,0.105,0.03,-0.17,-0.397,-0.003,-0.153,0.344,0.309,0.007,-0.253,-0.053,-0.069,0.22,-0.245,0.244,-0.154,-0.23,-0.267,0.232,-0.242,-0.139,0.006,0.171,-0.063,0.35,-0.222,0.065,-0.179,-0.047,0.286,-0.104,-0.101,0.013,-0.116,-0.239,0.083,0.471,0.119,0.12,0.068,-0.179,0.114,-0.065,-0.114,-0.239,-0.19,-0.131,-0.026
BIDU,0.228,-0.198,-0.344,-0.265,0.083,-0.167,0.421,-0.088,0.054,-0.169,1.0,0.349,0.219,0.5,-0.232,0.496,-0.223,-0.023,-0.438,-0.506,0.686,-0.12,-0.22,-0.433,-0.305,-0.057,-0.14,-0.139,0.592,0.404,-0.156,-0.225,-0.243,-0.212,-0.3,0.15,0.175,0.467,0.858,-0.235,0.471,-0.331,-0.291,-0.221,-0.008,-0.109,0.032,-0.328,-0.063,-0.322,-0.052,0.026,-0.215,0.129,0.035,0.499,0.001,0.527,0.506,-0.222,-0.344,0.505,-0.054,0.539,0.104,0.321,-0.201,0.804,0.319,0.572,-0.481,0.426,0.386,-0.054,-0.096,0.015,0.216,0.256,0.139,0.347,0.008,-0.317,-0.012,0.416,0.267,0.492,0.334,-0.063,-0.37,0.006,0.417,-0.186,0.12,-0.12,0.303,0.585,-0.067,0.83,0.061,0.321
BILI,0.583,0.108,0.283,0.573,0.466,0.139,0.017,0.256,0.427,-0.131,0.349,1.0,-0.085,0.299,-0.132,-0.126,0.162,0.127,0.288,0.246,0.099,0.485,0.055,0.078,0.34,0.619,0.362,0.297,0.234,0.305,0.454,0.239,0.236,0.518,0.256,0.219,0.539,0.674,0.071,0.502,0.555,0.022,0.317,0.461,0.079,0.437,0.617,0.214,0.505,0.193,-0.085,0.732,0.165,0.266,0.586,0.353,0.392,0.09,-0.013,0.099,0.415,-0.07,0.612,0.101,0.234,0.626,0.079,0.015,0.893,0.223,0.187,0.169,0.077,0.334,0.215,0.576,0.18,0.304,0.262,0.352,0.561,0.218,0.529,-0.01,0.235,0.403,0.083,0.386,0.309,0.255,0.175,0.538,0.595,0.245,-0.073,0.202,0.597,-0.016,0.59,0.393
BKR,0.344,-0.738,-0.701,-0.46,-0.473,-0.689,0.508,-0.587,-0.444,-0.161,0.219,-0.085,1.0,0.597,-0.651,0.447,-0.717,-0.621,-0.483,-0.546,0.538,-0.651,-0.63,-0.682,-0.548,-0.538,-0.772,-0.255,0.589,0.538,-0.104,-0.736,-0.757,-0.501,-0.581,-0.125,-0.244,-0.004,0.407,-0.382,0.512,-0.61,-0.519,-0.639,0.427,-0.239,-0.42,-0.149,-0.593,-0.725,-0.554,-0.333,-0.799,-0.353,-0.38,0.381,-0.576,0.591,0.0,-0.729,-0.299,0.429,-0.442,0.442,0.02,-0.078,-0.729,0.38,-0.002,0.468,-0.364,0.59,0.585,-0.541,-0.662,-0.485,-0.251,0.148,-0.626,0.514,-0.137,-0.717,-0.477,0.708,-0.583,0.549,0.73,-0.701,-0.432,-0.652,-0.355,-0.576,0.122,-0.311,0.724,0.603,-0.359,0.403,-0.36,-0.34
CAN,0.625,-0.579,-0.56,-0.216,-0.073,-0.551,0.355,-0.475,-0.134,-0.346,0.5,0.299,0.597,1.0,-0.653,0.307,-0.658,-0.462,-0.44,-0.529,0.729,-0.388,-0.603,-0.641,-0.324,-0.153,-0.563,-0.025,0.732,0.792,-0.182,-0.506,-0.557,-0.278,-0.376,-0.088,0.201,0.354,0.509,-0.146,0.791,-0.714,-0.383,-0.358,0.308,0.126,-0.092,-0.137,-0.352,-0.607,-0.506,0.088,-0.567,-0.022,-0.006,0.648,-0.376,0.716,0.052,-0.437,-0.058,0.475,-0.156,0.569,0.042,0.276,-0.607,0.48,0.355,0.613,-0.494,0.786,0.563,-0.298,-0.519,-0.092,-0.137,0.455,-0.447,0.618,0.129,-0.632,-0.073,0.669,-0.266,0.796,0.822,-0.421,-0.405,-0.331,-0.143,-0.231,0.437,-0.249,0.568,0.751,-0.078,0.501,-0.009,-0.042
CHRD,-0.481,0.729,0.651,0.192,0.336,0.696,-0.197,0.587,0.32,0.413,-0.232,-0.132,-0.651,-0.653,1.0,-0.38,0.737,0.673,0.312,0.515,-0.445,0.619,0.713,0.576,0.347,0.329,0.643,0.155,-0.522,-0.721,0.077,0.627,0.601,0.332,0.463,0.334,0.168,-0.13,-0.331,0.304,-0.668,0.59,0.473,0.408,-0.21,0.056,0.247,0.063,0.478,0.682,0.766,0.057,0.654,0.374,0.195,-0.52,0.531,-0.632,0.288,0.679,0.151,-0.372,0.26,-0.425,0.091,-0.061,0.742,-0.356,-0.194,-0.376,0.263,-0.702,-0.497,0.43,0.654,0.348,0.377,-0.174,0.617,-0.69,0.074,0.638,0.316,-0.65,0.518,-0.59,-0.753,0.572,0.374,0.665,0.458,0.244,-0.216,0.256,-0.675,-0.591,0.042,-0.346,0.193,0.296
CMCSA,-0.073,-0.434,-0.506,-0.508,-0.255,-0.452,0.499,-0.254,-0.335,-0.016,0.496,-0.126,0.447,0.307,-0.38,1.0,-0.391,-0.382,-0.366,-0.522,0.615,-0.43,-0.538,-0.485,-0.493,-0.43,-0.42,-0.34,0.535,0.279,-0.019,-0.499,-0.499,-0.549,-0.472,-0.049,-0.324,0.138,0.686,-0.569,0.282,-0.361,-0.426,-0.517,0.244,-0.555,-0.381,-0.145,-0.539,-0.476,-0.152,-0.43,-0.449,-0.425,-0.472,0.277,-0.488,0.475,0.353,-0.468,-0.603,0.361,-0.416,0.65,0.114,-0.056,-0.395,0.689,-0.095,0.395,-0.366,0.383,0.434,-0.569,-0.511,-0.438,-0.087,-0.176,-0.381,0.367,-0.301,-0.429,-0.55,0.524,-0.192,0.438,0.482,-0.371,-0.403,-0.413,-0.032,-0.43,-0.221,-0.01,0.528,0.543,-0.433,0.708,-0.388,-0.133
CPRT,-0.275,0.826,0.764,0.489,0.632,0.821,-0.354,0.82,0.465,0.371,-0.223,0.162,-0.717,-0.658,0.737,-0.391,1.0,0.762,0.49,0.623,-0.587,0.733,0.733,0.781,0.559,0.66,0.747,0.334,-0.506,-0.536,0.369,0.7,0.747,0.526,0.601,0.372,0.337,0.094,-0.467,0.43,-0.454,0.697,0.565,0.633,-0.161,0.295,0.534,0.14,0.597,0.773,0.722,0.391,0.795,0.431,0.485,-0.273,0.714,-0.589,0.161,0.75,0.351,-0.479,0.553,-0.407,0.267,0.246,0.79,-0.507,0.118,-0.439,0.398,-0.546,-0.518,0.564,0.746,0.578,0.345,-0.07,0.653,-0.418,0.231,0.733,0.471,-0.66,0.568,-0.511,-0.687,0.731,0.604,0.661,0.41,0.567,-0.057,0.363,-0.68,-0.562,0.444,-0.495,0.497,0.428
CRWD,-0.214,0.864,0.583,0.277,0.564,0.751,-0.281,0.678,0.499,0.239,-0.023,0.127,-0.621,-0.462,0.673,-0.382,0.762,1.0,0.265,0.485,-0.319,0.587,0.664,0.742,0.452,0.478,0.641,0.223,-0.377,-0.407,0.146,0.698,0.694,0.378,0.471,0.466,0.315,0.129,-0.303,0.455,-0.456,0.595,0.416,0.483,-0.168,0.211,0.514,0.011,0.606,0.655,0.718,0.274,0.749,0.559,0.427,-0.237,0.686,-0.482,0.351,0.759,0.307,-0.367,0.459,-0.268,0.211,0.282,0.791,-0.306,0.092,-0.242,0.273,-0.496,-0.416,0.64,0.731,0.478,0.452,0.016,0.723,-0.487,0.308,0.67,0.525,-0.488,0.655,-0.494,-0.595,0.736,0.387,0.771,0.61,0.348,-0.03,0.257,-0.616,-0.4,0.296,-0.311,0.4,0.623
CSCO,0.078,0.488,0.734,0.578,0.393,0.42,-0.389,0.389,0.464,0.298,-0.438,0.288,-0.483,-0.44,0.312,-0.366,0.49,0.265,1.0,0.814,-0.555,0.6,0.363,0.575,0.66,0.587,0.714,0.42,-0.469,-0.341,0.581,0.556,0.549,0.75,0.59,0.113,0.299,0.029,-0.613,0.545,-0.146,0.656,0.742,0.567,-0.114,0.158,0.552,0.685,0.526,0.706,0.134,0.45,0.555,-0.006,0.36,-0.429,0.449,-0.521,-0.262,0.39,0.539,-0.725,0.572,-0.497,0.157,-0.017,0.494,-0.652,0.308,-0.545,0.86,-0.517,-0.362,0.246,0.402,0.466,-0.095,-0.273,0.152,-0.197,0.392,0.717,0.402,-0.454,0.011,-0.338,-0.498,0.557,0.733,0.266,-0.094,0.784,0.234,0.506,-0.519,-0.441,0.419,-0.642,0.336,-0.058
CSX,0.015,0.625,0.767,0.603,0.4,0.476,-0.37,0.482,0.583,0.297,-0.506,0.246,-0.546,-0.529,0.515,-0.522,0.623,0.485,0.814,1.0,-0.562,0.709,0.441,0.692,0.783,0.601,0.778,0.344,-0.525,-0.376,0.467,0.653,0.622,0.696,0.723,0.227,0.279,0.034,-0.669,0.694,-0.343,0.665,0.734,0.614,-0.042,0.267,0.602,0.531,0.601,0.745,0.346,0.439,0.622,0.225,0.415,-0.416,0.465,-0.594,-0.232,0.544,0.59,-0.679,0.625,-0.503,0.174,0.106,0.653,-0.683,0.23,-0.45,0.729,-0.594,-0.394,0.36,0.519,0.497,0.109,-0.121,0.306,-0.371,0.433,0.757,0.532,-0.526,0.189,-0.483,-0.598,0.64,0.673,0.477,0.071,0.713,0.15,0.349,-0.621,-0.523,0.44,-0.688,0.375,0.047
DKNG,0.292,-0.468,-0.587,-0.486,-0.104,-0.486,0.496,-0.378,-0.098,-0.224,0.686,0.099,0.538,0.729,-0.445,0.615,-0.587,-0.319,-0.555,-0.562,1.0,-0.486,-0.5,-0.631,-0.431,-0.345,-0.515,-0.251,0.779,0.619,-0.345,-0.493,-0.568,-0.452,-0.391,0.059,0.036,0.301,0.792,-0.337,0.506,-0.653,-0.542,-0.49,0.222,-0.246,-0.211,-0.315,-0.388,-0.598,-0.255,-0.149,-0.523,-0.103,-0.225,0.529,-0.349,0.751,0.358,-0.437,-0.44,0.628,-0.296,0.736,0.058,0.187,-0.462,0.775,0.143,0.75,-0.613,0.676,0.581,-0.304,-0.47,-0.258,0.009,0.252,-0.292,0.479,-0.006,-0.582,-0.16,0.729,-0.05,0.678,0.661,-0.424,-0.541,-0.296,0.204,-0.42,0.16,-0.149,0.528,0.841,-0.358,0.772,-0.171,0.05
EBAY,0.021,0.697,0.811,0.678,0.558,0.622,-0.222,0.635,0.619,0.208,-0.12,0.485,-0.651,-0.388,0.619,-0.43,0.733,0.587,0.6,0.709,-0.486,1.0,0.55,0.622,0.628,0.728,0.802,0.44,-0.329,-0.369,0.479,0.704,0.716,0.678,0.616,0.296,0.433,0.292,-0.376,0.631,-0.177,0.573,0.687,0.727,-0.031,0.46,0.696,0.282,0.715,0.717,0.51,0.566,0.75,0.522,0.59,-0.127,0.665,-0.507,0.112,0.678,0.554,-0.475,0.74,-0.271,0.25,0.425,0.689,-0.431,0.411,-0.287,0.498,-0.492,-0.358,0.53,0.714,0.717,0.386,0.113,0.59,-0.301,0.399,0.747,0.634,-0.602,0.486,-0.297,-0.541,0.778,0.624,0.765,0.382,0.694,0.208,0.366,-0.552,-0.429,0.602,-0.429,0.554,0.446
ERIC,-0.293,0.673,0.623,0.337,0.524,0.692,-0.421,0.639,0.489,0.311,-0.22,0.055,-0.63,-0.603,0.713,-0.538,0.733,0.664,0.363,0.441,-0.5,0.55,1.0,0.677,0.423,0.456,0.624,0.395,-0.559,-0.534,0.183,0.659,0.687,0.455,0.512,0.318,0.343,-0.02,-0.397,0.368,-0.51,0.584,0.534,0.576,-0.354,0.33,0.419,0.153,0.635,0.715,0.601,0.319,0.661,0.444,0.483,-0.358,0.699,-0.492,0.099,0.641,0.339,-0.307,0.421,-0.496,0.147,0.066,0.592,-0.444,0.031,-0.378,0.377,-0.515,-0.565,0.744,0.74,0.554,0.316,-0.007,0.695,-0.509,0.194,0.614,0.437,-0.633,0.616,-0.47,-0.762,0.589,0.476,0.615,0.429,0.443,-0.015,0.324,-0.626,-0.588,0.3,-0.445,0.474,0.369
EXC,-0.241,0.819,0.699,0.508,0.635,0.715,-0.546,0.759,0.46,0.31,-0.433,0.078,-0.682,-0.641,0.576,-0.485,0.781,0.742,0.575,0.692,-0.631,0.622,0.677,1.0,0.57,0.532,0.732,0.391,-0.616,-0.519,0.396,0.78,0.78,0.534,0.613,0.393,0.258,-0.046,-0.664,0.533,-0.549,0.756,0.583,0.639,-0.113,0.307,0.513,0.294,0.625,0.786,0.547,0.342,0.8,0.274,0.392,-0.388,0.613,-0.702,-0.073,0.78,0.482,-0.584,0.541,-0.445,0.244,0.125,0.755,-0.668,0.036,-0.579,0.622,-0.561,-0.59,0.552,0.727,0.496,0.255,-0.2,0.548,-0.477,0.315,0.771,0.545,-0.694,0.394,-0.508,-0.67,0.681,0.613,0.54,0.201,0.59,0.034,0.397,-0.639,-0.638,0.475,-0.678,0.394,0.274
FITB,0.3,0.536,0.713,0.612,0.426,0.459,-0.272,0.434,0.63,0.084,-0.305,0.34,-0.548,-0.324,0.347,-0.493,0.559,0.452,0.66,0.783,-0.431,0.628,0.423,0.57,1.0,0.696,0.687,0.393,-0.36,-0.134,0.335,0.64,0.647,0.747,0.89,0.262,0.372,0.166,-0.505,0.765,-0.123,0.49,0.652,0.68,-0.08,0.423,0.7,0.374,0.616,0.617,0.234,0.553,0.602,0.348,0.625,-0.155,0.489,-0.357,-0.206,0.463,0.675,-0.459,0.722,-0.371,0.268,0.264,0.515,-0.524,0.4,-0.279,0.561,-0.352,-0.132,0.435,0.473,0.616,0.138,0.117,0.329,-0.187,0.631,0.676,0.556,-0.377,0.343,-0.335,-0.483,0.653,0.573,0.533,0.097,0.749,0.406,0.429,-0.581,-0.342,0.578,-0.496,0.595,0.119
FLEX,0.251,0.524,0.711,0.721,0.768,0.56,-0.222,0.65,0.575,0.098,-0.057,0.619,-0.538,-0.153,0.329,-0.43,0.66,0.478,0.587,0.601,-0.345,0.728,0.456,0.532,0.696,1.0,0.718,0.438,-0.245,-0.117,0.46,0.656,0.637,0.751,0.622,0.314,0.553,0.481,-0.389,0.626,0.121,0.455,0.627,0.727,-0.01,0.508,0.747,0.267,0.625,0.602,0.301,0.78,0.593,0.37,0.697,0.003,0.623,-0.321,-0.05,0.625,0.599,-0.468,0.765,-0.286,0.293,0.457,0.567,-0.437,0.619,-0.248,0.388,-0.218,-0.276,0.521,0.603,0.81,0.177,0.141,0.484,-0.038,0.531,0.632,0.73,-0.483,0.424,-0.053,-0.393,0.702,0.606,0.583,0.252,0.804,0.45,0.437,-0.582,-0.248,0.695,-0.418,0.673,0.33
FTNT,-0.129,0.723,0.786,0.566,0.605,0.675,-0.356,0.683,0.607,0.334,-0.14,0.362,-0.772,-0.563,0.643,-0.42,0.747,0.641,0.714,0.778,-0.515,0.802,0.624,0.732,0.687,0.718,1.0,0.366,-0.555,-0.53,0.409,0.788,0.756,0.747,0.668,0.352,0.35,0.154,-0.41,0.575,-0.323,0.799,0.78,0.697,-0.219,0.243,0.64,0.413,0.716,0.863,0.531,0.479,0.748,0.346,0.51,-0.405,0.633,-0.63,0.023,0.722,0.495,-0.568,0.663,-0.487,0.193,0.179,0.792,-0.433,0.295,-0.418,0.623,-0.614,-0.486,0.519,0.749,0.639,0.286,-0.131,0.671,-0.406,0.352,0.859,0.598,-0.675,0.497,-0.464,-0.75,0.809,0.665,0.616,0.341,0.748,0.096,0.402,-0.738,-0.546,0.457,-0.444,0.482,0.325
GEN,0.269,0.296,0.327,0.43,0.528,0.348,-0.382,0.416,0.494,-0.065,-0.139,0.297,-0.255,-0.025,0.155,-0.34,0.334,0.223,0.42,0.344,-0.251,0.44,0.395,0.391,0.393,0.438,0.366,1.0,-0.232,0.005,0.295,0.432,0.449,0.442,0.373,0.134,0.503,0.109,-0.268,0.474,0.003,0.32,0.517,0.466,-0.16,0.663,0.532,0.393,0.528,0.456,0.072,0.475,0.414,0.257,0.553,0.079,0.438,-0.275,-0.204,0.316,0.623,-0.315,0.498,-0.22,0.168,0.235,0.152,-0.395,0.343,-0.221,0.415,0.009,-0.294,0.237,0.363,0.633,-0.167,0.26,0.163,-0.036,0.312,0.285,0.424,-0.342,0.141,-0.025,-0.23,0.466,0.403,0.249,-0.031,0.545,0.338,0.304,-0.263,-0.295,0.514,-0.343,0.557,0.06
GERN,0.508,-0.504,-0.479,-0.358,-0.116,-0.491,0.578,-0.334,-0.118,-0.141,0.592,0.234,0.589,0.732,-0.522,0.535,-0.506,-0.377,-0.469,-0.525,0.779,-0.329,-0.559,-0.616,-0.36,-0.245,-0.555,-0.232,1.0,0.655,-0.145,-0.576,-0.59,-0.335,-0.356,0.07,0.083,0.362,0.68,-0.243,0.639,-0.652,-0.447,-0.448,0.424,-0.176,-0.097,-0.32,-0.377,-0.63,-0.279,-0.04,-0.515,-0.031,-0.115,0.624,-0.298,0.784,0.315,-0.494,-0.274,0.553,-0.182,0.805,0.229,0.318,-0.528,0.676,0.285,0.697,-0.571,0.646,0.752,-0.299,-0.513,-0.228,0.074,0.322,-0.339,0.566,0.114,-0.592,-0.178,0.726,-0.185,0.695,0.797,-0.422,-0.444,-0.27,0.108,-0.349,0.366,-0.039,0.653,0.931,-0.225,0.667,-0.03,0.143
GEVO,0.672,-0.512,-0.53,-0.107,-0.09,-0.62,0.3,-0.404,-0.005,-0.367,0.404,0.305,0.538,0.792,-0.721,0.279,-0.536,-0.407,-0.341,-0.376,0.619,-0.369,-0.534,-0.519,-0.134,-0.117,-0.53,0.005,0.655,1.0,-0.09,-0.454,-0.436,-0.27,-0.253,-0.231,0.084,0.444,0.407,-0.016,0.695,-0.65,-0.413,-0.275,0.212,0.194,0.044,-0.107,-0.241,-0.575,-0.532,0.105,-0.47,-0.088,0.036,0.807,-0.321,0.774,-0.105,-0.564,-0.089,0.486,0.001,0.568,0.148,0.409,-0.601,0.39,0.339,0.601,-0.377,0.841,0.588,-0.222,-0.557,-0.094,-0.177,0.436,-0.472,0.757,0.17,-0.558,-0.106,0.728,-0.224,0.691,0.728,-0.346,-0.369,-0.309,-0.192,-0.128,0.371,-0.199,0.575,0.699,0.126,0.42,0.082,-0.109
GILD,0.116,0.206,0.454,0.482,0.343,0.166,-0.04,0.374,0.292,0.268,-0.156,0.454,-0.104,-0.182,0.077,-0.019,0.369,0.146,0.581,0.467,-0.345,0.479,0.183,0.396,0.335,0.46,0.409,0.295,-0.145,-0.09,1.0,0.341,0.405,0.42,0.322,0.177,0.173,0.388,-0.358,0.328,0.075,0.409,0.462,0.456,0.224,0.121,0.466,0.485,0.324,0.44,0.16,0.39,0.347,-0.028,0.355,-0.082,0.315,-0.283,-0.023,0.231,0.382,-0.57,0.508,-0.073,0.32,0.235,0.211,-0.377,0.413,-0.309,0.557,-0.236,-0.17,0.098,0.205,0.42,0.118,-0.187,0.052,0.073,0.303,0.448,0.249,-0.305,0.063,0.044,-0.232,0.434,0.584,0.195,-0.087,0.532,0.212,0.417,-0.149,-0.213,0.441,-0.413,0.373,0.012
GOOG,-0.126,0.785,0.72,0.65,0.649,0.767,-0.356,0.684,0.62,0.061,-0.225,0.239,-0.736,-0.506,0.627,-0.499,0.7,0.698,0.556,0.653,-0.493,0.704,0.659,0.78,0.64,0.656,0.788,0.432,-0.576,-0.454,0.341,1.0,0.949,0.593,0.605,0.371,0.441,0.152,-0.522,0.678,-0.403,0.721,0.511,0.826,-0.214,0.369,0.725,0.309,0.845,0.761,0.387,0.512,0.897,0.308,0.611,-0.296,0.751,-0.646,-0.069,0.735,0.45,-0.536,0.74,-0.388,0.138,0.228,0.821,-0.543,0.275,-0.411,0.55,-0.588,-0.5,0.595,0.711,0.761,0.222,-0.135,0.63,-0.502,0.432,0.86,0.706,-0.671,0.547,-0.471,-0.702,0.836,0.501,0.664,0.265,0.655,0.195,0.456,-0.758,-0.578,0.53,-0.537,0.611,0.338
GOOGL,-0.132,0.791,0.756,0.691,0.603,0.75,-0.37,0.689,0.607,0.044,-0.243,0.236,-0.757,-0.557,0.601,-0.499,0.747,0.694,0.549,0.622,-0.568,0.716,0.687,0.78,0.647,0.637,0.756,0.449,-0.59,-0.436,0.405,0.949,1.0,0.613,0.643,0.356,0.412,0.205,-0.531,0.643,-0.416,0.715,0.496,0.868,-0.254,0.412,0.712,0.253,0.83,0.756,0.428,0.526,0.935,0.325,0.632,-0.228,0.769,-0.654,-0.061,0.677,0.464,-0.547,0.768,-0.358,0.209,0.311,0.771,-0.537,0.252,-0.398,0.528,-0.577,-0.467,0.617,0.713,0.744,0.275,-0.127,0.658,-0.454,0.424,0.863,0.642,-0.697,0.607,-0.5,-0.734,0.861,0.522,0.669,0.305,0.666,0.163,0.458,-0.727,-0.61,0.632,-0.548,0.642,0.327
GT,0.308,0.529,0.763,0.647,0.508,0.543,-0.325,0.441,0.501,0.164,-0.212,0.518,-0.501,-0.278,0.332,-0.549,0.526,0.378,0.75,0.696,-0.452,0.678,0.455,0.534,0.747,0.751,0.747,0.442,-0.335,-0.27,0.42,0.593,0.613,1.0,0.722,0.36,0.493,0.198,-0.482,0.691,0.032,0.505,0.723,0.66,-0.109,0.423,0.659,0.435,0.68,0.696,0.218,0.703,0.591,0.345,0.611,-0.196,0.595,-0.423,-0.12,0.469,0.663,-0.454,0.733,-0.417,0.245,0.276,0.508,-0.526,0.522,-0.344,0.621,-0.372,-0.207,0.482,0.6,0.614,0.202,0.08,0.45,-0.136,0.598,0.727,0.602,-0.448,0.276,-0.242,-0.473,0.631,0.706,0.454,0.177,0.794,0.505,0.395,-0.516,-0.311,0.616,-0.526,0.579,0.197
HBAN,0.149,0.567,0.717,0.575,0.448,0.484,-0.317,0.473,0.594,0.22,-0.3,0.256,-0.581,-0.376,0.463,-0.472,0.601,0.471,0.59,0.723,-0.391,0.616,0.512,0.613,0.89,0.622,0.668,0.373,-0.356,-0.253,0.322,0.605,0.643,0.722,1.0,0.333,0.416,0.121,-0.471,0.648,-0.174,0.441,0.614,0.689,-0.116,0.419,0.596,0.306,0.555,0.692,0.393,0.571,0.607,0.416,0.542,-0.207,0.514,-0.397,-0.08,0.535,0.603,-0.448,0.642,-0.325,0.23,0.23,0.51,-0.489,0.272,-0.248,0.507,-0.343,-0.199,0.527,0.513,0.572,0.284,0.13,0.388,-0.21,0.566,0.66,0.551,-0.398,0.387,-0.304,-0.536,0.595,0.616,0.546,0.199,0.731,0.332,0.396,-0.592,-0.322,0.507,-0.481,0.526,0.112
HST,0.131,0.474,0.367,0.157,0.49,0.455,0.002,0.476,0.317,0.213,0.15,0.219,-0.125,-0.088,0.334,-0.049,0.372,0.466,0.113,0.227,0.059,0.296,0.318,0.393,0.262,0.314,0.352,0.134,0.07,-0.231,0.177,0.371,0.356,0.36,0.333,1.0,0.427,0.201,-0.061,0.32,-0.075,0.308,0.235,0.286,0.267,0.052,0.377,0.024,0.391,0.273,0.331,0.282,0.372,0.276,0.323,-0.06,0.352,-0.181,0.322,0.376,0.207,-0.035,0.395,0.128,0.534,0.311,0.438,-0.037,0.259,0.076,0.06,-0.205,0.119,0.305,0.438,0.333,0.495,0.015,0.498,-0.252,0.495,0.427,0.402,-0.162,0.36,-0.033,-0.169,0.4,0.171,0.286,0.474,0.185,0.415,0.353,-0.141,0.03,0.173,-0.089,0.378,0.35
INTC,0.391,0.376,0.374,0.564,0.62,0.402,-0.232,0.316,0.624,-0.129,0.175,0.539,-0.244,0.201,0.168,-0.324,0.337,0.315,0.299,0.279,0.036,0.433,0.343,0.258,0.372,0.553,0.35,0.503,0.083,0.084,0.173,0.441,0.412,0.493,0.416,0.427,1.0,0.316,-0.066,0.479,0.271,0.189,0.308,0.576,-0.111,0.48,0.678,0.314,0.571,0.337,0.005,0.771,0.406,0.358,0.702,0.206,0.562,-0.049,-0.068,0.312,0.431,-0.1,0.582,-0.002,0.276,0.438,0.312,-0.145,0.612,0.123,0.181,0.006,-0.047,0.508,0.361,0.722,0.232,0.289,0.376,-0.037,0.522,0.312,0.638,-0.134,0.364,0.075,-0.047,0.425,0.246,0.272,0.279,0.563,0.56,0.23,-0.288,0.034,0.484,-0.154,0.701,0.349
IOVA,0.432,-0.003,0.094,0.353,0.419,-0.04,0.284,0.229,0.33,-0.176,0.467,0.674,-0.004,0.354,-0.13,0.138,0.094,0.129,0.029,0.034,0.301,0.292,-0.02,-0.046,0.166,0.481,0.154,0.109,0.362,0.444,0.388,0.152,0.205,0.198,0.121,0.201,0.316,1.0,0.242,0.309,0.459,-0.131,0.038,0.312,0.201,0.255,0.49,-0.059,0.268,0.015,0.04,0.511,0.11,0.192,0.405,0.509,0.264,0.229,0.199,0.032,0.143,0.026,0.488,0.372,0.361,0.718,0.031,0.242,0.647,0.415,-0.142,0.258,0.194,0.197,0.072,0.439,0.185,0.213,0.245,0.368,0.44,0.081,0.372,0.072,0.376,0.466,0.122,0.386,0.082,0.316,0.284,0.314,0.427,0.256,0.028,0.33,0.509,0.22,0.461,0.324
IQ,0.075,-0.468,-0.555,-0.539,-0.222,-0.434,0.533,-0.331,-0.173,-0.201,0.858,0.071,0.407,0.509,-0.331,0.686,-0.467,-0.303,-0.613,-0.669,0.792,-0.376,-0.397,-0.664,-0.505,-0.389,-0.41,-0.268,0.68,0.407,-0.358,-0.522,-0.531,-0.482,-0.471,-0.061,-0.066,0.242,1.0,-0.524,0.394,-0.516,-0.46,-0.515,-0.012,-0.318,-0.313,-0.409,-0.385,-0.548,-0.139,-0.28,-0.482,-0.073,-0.268,0.472,-0.306,0.639,0.457,-0.472,-0.553,0.641,-0.395,0.645,-0.006,0.072,-0.453,0.953,0.047,0.632,-0.642,0.507,0.499,-0.323,-0.335,-0.28,0.103,0.191,-0.117,0.349,-0.263,-0.583,-0.33,0.548,0.101,0.481,0.46,-0.377,-0.583,-0.251,0.298,-0.483,-0.11,-0.247,0.467,0.664,-0.359,0.972,-0.222,0.087
JBLU,0.496,0.508,0.567,0.685,0.464,0.453,-0.308,0.436,0.602,-0.094,-0.235,0.502,-0.382,-0.146,0.304,-0.569,0.43,0.455,0.545,0.694,-0.337,0.631,0.368,0.533,0.765,0.626,0.575,0.474,-0.243,-0.016,0.328,0.678,0.643,0.691,0.648,0.32,0.479,0.309,-0.524,1.0,-0.019,0.391,0.532,0.681,0.034,0.603,0.78,0.375,0.769,0.542,0.082,0.656,0.55,0.421,0.63,-0.048,0.563,-0.358,-0.273,0.403,0.686,-0.385,0.791,-0.322,0.187,0.483,0.467,-0.573,0.558,-0.124,0.544,-0.25,-0.188,0.499,0.402,0.649,0.046,0.236,0.363,-0.117,0.757,0.612,0.646,-0.331,0.194,-0.172,-0.325,0.676,0.503,0.555,0.019,0.681,0.632,0.39,-0.473,-0.27,0.655,-0.548,0.629,0.293
JD,0.695,-0.501,-0.345,0.077,0.015,-0.437,0.342,-0.349,-0.037,-0.218,0.471,0.555,0.512,0.791,-0.668,0.282,-0.454,-0.456,-0.146,-0.343,0.506,-0.177,-0.51,-0.549,-0.123,0.121,-0.323,0.003,0.639,0.695,0.075,-0.403,-0.416,0.032,-0.174,-0.075,0.271,0.459,0.394,-0.019,1.0,-0.557,-0.191,-0.125,0.299,0.183,0.106,0.052,-0.209,-0.399,-0.515,0.362,-0.468,0.01,0.151,0.623,-0.232,0.631,0.009,-0.407,0.058,0.338,0.088,0.441,0.112,0.392,-0.504,0.348,0.618,0.515,-0.238,0.703,0.542,-0.148,-0.386,0.078,-0.104,0.441,-0.332,0.73,0.237,-0.396,-0.013,0.594,-0.283,0.751,0.695,-0.277,-0.114,-0.277,-0.172,0.085,0.54,-0.119,0.47,0.695,0.149,0.371,0.138,0.015
KDP,-0.333,0.674,0.66,0.393,0.44,0.622,-0.427,0.655,0.425,0.377,-0.331,0.022,-0.61,-0.714,0.59,-0.361,0.697,0.595,0.656,0.665,-0.653,0.573,0.584,0.756,0.49,0.455,0.799,0.32,-0.652,-0.65,0.409,0.721,0.715,0.505,0.441,0.308,0.189,-0.131,-0.516,0.391,-0.557,1.0,0.66,0.541,-0.198,0.038,0.445,0.455,0.559,0.727,0.423,0.185,0.705,0.064,0.312,-0.553,0.546,-0.722,-0.107,0.609,0.365,-0.672,0.457,-0.505,0.164,-0.066,0.776,-0.506,0.005,-0.535,0.679,-0.715,-0.534,0.349,0.609,0.446,0.216,-0.387,0.535,-0.537,0.145,0.802,0.38,-0.686,0.325,-0.647,-0.734,0.659,0.575,0.356,0.17,0.491,-0.105,0.375,-0.675,-0.679,0.282,-0.542,0.307,0.149
KHC,0.051,0.532,0.694,0.429,0.455,0.498,-0.462,0.484,0.516,0.356,-0.291,0.317,-0.519,-0.383,0.473,-0.426,0.565,0.416,0.742,0.734,-0.542,0.687,0.534,0.583,0.652,0.627,0.78,0.517,-0.447,-0.413,0.462,0.511,0.496,0.723,0.614,0.235,0.308,0.038,-0.46,0.532,-0.191,0.66,1.0,0.51,-0.106,0.357,0.497,0.623,0.527,0.739,0.369,0.413,0.499,0.323,0.432,-0.413,0.457,-0.558,-0.137,0.574,0.689,-0.627,0.492,-0.553,0.208,0.041,0.49,-0.539,0.267,-0.517,0.711,-0.504,-0.439,0.388,0.561,0.509,0.078,0.027,0.337,-0.328,0.313,0.614,0.439,-0.564,0.192,-0.3,-0.582,0.573,0.685,0.445,0.072,0.716,0.201,0.346,-0.593,-0.504,0.408,-0.51,0.365,0.084
LRCX,0.08,0.62,0.702,0.91,0.602,0.61,-0.375,0.548,0.702,-0.085,-0.221,0.461,-0.639,-0.358,0.408,-0.517,0.633,0.483,0.567,0.614,-0.49,0.727,0.576,0.639,0.68,0.727,0.697,0.466,-0.448,-0.275,0.456,0.826,0.868,0.66,0.689,0.286,0.576,0.312,-0.515,0.681,-0.125,0.541,0.51,1.0,-0.189,0.556,0.809,0.342,0.78,0.661,0.204,0.761,0.762,0.33,0.792,-0.087,0.729,-0.533,-0.259,0.578,0.634,-0.5,0.848,-0.342,0.209,0.464,0.613,-0.534,0.494,-0.241,0.536,-0.434,-0.402,0.687,0.585,0.833,0.169,0.006,0.567,-0.266,0.552,0.716,0.73,-0.587,0.493,-0.257,-0.541,0.751,0.526,0.549,0.153,0.815,0.358,0.459,-0.652,-0.481,0.738,-0.552,0.769,0.306
LYFT,0.252,-0.169,-0.154,-0.097,0.031,-0.185,0.42,0.007,-0.032,0.238,-0.008,0.079,0.427,0.308,-0.21,0.244,-0.161,-0.168,-0.114,-0.042,0.222,-0.031,-0.354,-0.113,-0.08,-0.01,-0.219,-0.16,0.424,0.212,0.224,-0.214,-0.254,-0.109,-0.116,0.267,-0.111,0.201,-0.012,0.034,0.299,-0.198,-0.106,-0.189,1.0,-0.044,0.009,-0.075,-0.28,-0.292,-0.033,-0.089,-0.234,0.01,-0.106,0.194,-0.357,0.239,0.144,-0.034,0.065,0.084,0.015,0.476,0.417,0.261,-0.148,0.054,0.167,0.202,-0.171,0.237,0.456,-0.289,-0.192,-0.09,0.139,0.17,-0.266,0.168,0.19,-0.166,-0.0,0.224,-0.248,0.403,0.414,-0.186,0.022,-0.075,-0.109,-0.147,0.328,0.043,0.449,0.358,-0.026,0.024,-0.067,0.001
MARA,0.42,0.281,0.26,0.594,0.436,0.317,-0.425,0.277,0.478,-0.272,-0.109,0.437,-0.239,0.126,0.056,-0.555,0.295,0.211,0.158,0.267,-0.246,0.46,0.33,0.307,0.423,0.508,0.243,0.663,-0.176,0.194,0.121,0.369,0.412,0.423,0.419,0.052,0.48,0.255,-0.318,0.603,0.183,0.038,0.357,0.556,-0.044,1.0,0.529,0.122,0.518,0.285,-0.0,0.644,0.334,0.589,0.637,0.331,0.425,-0.146,-0.3,0.343,0.669,-0.093,0.582,-0.219,0.037,0.551,0.117,-0.431,0.446,-0.047,0.191,0.179,-0.228,0.504,0.378,0.619,-0.026,0.673,0.24,0.105,0.387,0.168,0.584,-0.254,0.184,0.106,-0.124,0.357,0.304,0.404,-0.018,0.549,0.461,-0.019,-0.252,-0.207,0.745,-0.367,0.575,0.192
MCHP,0.404,0.564,0.563,0.753,0.677,0.535,-0.175,0.492,0.819,-0.063,0.032,0.617,-0.42,-0.092,0.247,-0.381,0.534,0.514,0.552,0.602,-0.211,0.696,0.419,0.513,0.7,0.747,0.64,0.532,-0.097,0.044,0.466,0.725,0.712,0.659,0.596,0.377,0.678,0.49,-0.313,0.78,0.106,0.445,0.497,0.809,0.009,0.529,1.0,0.351,0.816,0.558,0.139,0.772,0.673,0.381,0.858,0.15,0.713,-0.272,-0.112,0.442,0.654,-0.363,0.936,-0.101,0.375,0.615,0.524,-0.362,0.692,-0.027,0.479,-0.219,-0.109,0.584,0.494,0.84,0.186,0.163,0.465,-0.039,0.674,0.609,0.785,-0.308,0.446,-0.091,-0.309,0.735,0.475,0.528,0.226,0.791,0.567,0.481,-0.445,-0.139,0.705,-0.349,0.859,0.414
MDLZ,0.149,0.198,0.303,0.38,0.177,0.098,-0.387,0.077,0.363,0.194,-0.328,0.214,-0.149,-0.137,0.063,-0.145,0.14,0.011,0.685,0.531,-0.315,0.282,0.153,0.294,0.374,0.267,0.413,0.393,-0.32,-0.107,0.485,0.309,0.253,0.435,0.306,0.024,0.314,-0.059,-0.409,0.375,0.052,0.455,0.623,0.342,-0.075,0.122,0.351,1.0,0.326,0.458,-0.152,0.327,0.217,-0.132,0.239,-0.253,0.116,-0.305,-0.412,0.123,0.405,-0.443,0.321,-0.342,0.115,-0.069,0.194,-0.446,0.257,-0.353,0.735,-0.267,-0.283,0.075,0.064,0.292,-0.158,-0.171,-0.083,-0.143,0.214,0.394,0.154,-0.186,-0.191,-0.124,-0.209,0.287,0.463,-0.049,-0.338,0.544,0.2,0.23,-0.22,-0.319,0.233,-0.451,0.216,-0.23
META,0.179,0.699,0.652,0.679,0.599,0.702,-0.369,0.549,0.683,-0.083,-0.063,0.505,-0.593,-0.352,0.478,-0.539,0.597,0.606,0.526,0.601,-0.388,0.715,0.635,0.625,0.616,0.625,0.716,0.528,-0.377,-0.241,0.324,0.845,0.83,0.68,0.555,0.391,0.571,0.268,-0.385,0.769,-0.209,0.559,0.527,0.78,-0.28,0.518,0.816,0.326,1.0,0.663,0.229,0.648,0.786,0.415,0.735,-0.077,0.8,-0.476,-0.099,0.508,0.519,-0.317,0.823,-0.342,0.179,0.402,0.638,-0.437,0.49,-0.216,0.512,-0.438,-0.345,0.665,0.681,0.766,0.236,0.083,0.659,-0.318,0.527,0.742,0.739,-0.51,0.517,-0.346,-0.58,0.788,0.424,0.611,0.326,0.662,0.39,0.402,-0.569,-0.408,0.628,-0.436,0.736,0.419
MNST,-0.222,0.733,0.725,0.512,0.537,0.713,-0.454,0.626,0.516,0.399,-0.322,0.193,-0.725,-0.607,0.682,-0.476,0.773,0.655,0.706,0.745,-0.598,0.717,0.715,0.786,0.617,0.602,0.863,0.456,-0.63,-0.575,0.44,0.761,0.756,0.696,0.692,0.273,0.337,0.015,-0.548,0.542,-0.399,0.727,0.739,0.661,-0.292,0.285,0.558,0.458,0.663,1.0,0.616,0.471,0.765,0.336,0.451,-0.449,0.641,-0.724,0.013,0.702,0.496,-0.611,0.577,-0.539,0.091,0.058,0.688,-0.594,0.139,-0.545,0.687,-0.611,-0.635,0.511,0.668,0.55,0.205,-0.158,0.536,-0.399,0.292,0.808,0.508,-0.688,0.423,-0.5,-0.769,0.758,0.809,0.587,0.205,0.71,0.016,0.393,-0.726,-0.619,0.414,-0.592,0.451,0.263
MRNA,-0.477,0.612,0.507,-0.024,0.384,0.575,-0.054,0.641,0.232,0.546,-0.052,-0.085,-0.554,-0.506,0.766,-0.152,0.722,0.718,0.134,0.346,-0.255,0.51,0.601,0.547,0.234,0.301,0.531,0.072,-0.279,-0.532,0.16,0.387,0.428,0.218,0.393,0.331,0.005,0.04,-0.139,0.082,-0.515,0.423,0.369,0.204,-0.033,-0.0,0.139,-0.152,0.229,0.616,1.0,0.005,0.537,0.478,0.111,-0.291,0.39,-0.396,0.599,0.688,0.083,-0.262,0.153,-0.129,0.215,0.089,0.565,-0.138,-0.208,-0.258,0.039,-0.419,-0.353,0.331,0.596,0.216,0.51,-0.037,0.549,-0.401,-0.025,0.473,0.214,-0.511,0.592,-0.386,-0.58,0.507,0.433,0.677,0.625,0.151,-0.297,0.195,-0.449,-0.329,0.034,-0.163,0.132,0.451
MRVL,0.472,0.339,0.49,0.82,0.634,0.385,-0.268,0.364,0.63,-0.185,0.026,0.732,-0.333,0.088,0.057,-0.43,0.391,0.274,0.45,0.439,-0.149,0.566,0.319,0.342,0.553,0.78,0.479,0.475,-0.04,0.105,0.39,0.512,0.526,0.703,0.571,0.282,0.771,0.511,-0.28,0.656,0.362,0.185,0.413,0.761,-0.089,0.644,0.772,0.327,0.648,0.471,0.005,1.0,0.452,0.39,0.777,0.22,0.599,-0.162,-0.213,0.364,0.599,-0.242,0.789,-0.13,0.205,0.599,0.312,-0.337,0.762,0.011,0.327,-0.012,-0.163,0.578,0.391,0.776,0.113,0.305,0.392,0.133,0.635,0.44,0.75,-0.26,0.313,0.129,-0.152,0.557,0.483,0.395,0.158,0.798,0.638,0.314,-0.363,-0.042,0.764,-0.352,0.764,0.334
MSFT,-0.215,0.891,0.797,0.577,0.602,0.826,-0.371,0.665,0.614,0.105,-0.215,0.165,-0.799,-0.567,0.654,-0.449,0.795,0.749,0.555,0.622,-0.523,0.75,0.661,0.8,0.602,0.593,0.748,0.414,-0.515,-0.47,0.347,0.897,0.935,0.591,0.607,0.372,0.406,0.11,-0.482,0.55,-0.468,0.705,0.499,0.762,-0.234,0.334,0.673,0.217,0.786,0.765,0.537,0.452,1.0,0.375,0.575,-0.217,0.784,-0.633,0.069,0.739,0.392,-0.498,0.708,-0.295,0.246,0.279,0.832,-0.502,0.161,-0.456,0.494,-0.601,-0.436,0.586,0.772,0.659,0.352,-0.12,0.635,-0.488,0.329,0.848,0.646,-0.682,0.636,-0.555,-0.704,0.813,0.512,0.7,0.426,0.627,0.074,0.423,-0.702,-0.555,0.552,-0.506,0.577,0.401
MSTR,0.185,0.448,0.372,0.224,0.324,0.466,-0.151,0.298,0.439,0.03,0.129,0.266,-0.353,-0.022,0.374,-0.425,0.431,0.559,-0.006,0.225,-0.103,0.522,0.444,0.274,0.348,0.37,0.346,0.257,-0.031,-0.088,-0.028,0.308,0.325,0.345,0.416,0.276,0.358,0.192,-0.073,0.421,0.01,0.064,0.323,0.33,0.01,0.589,0.381,-0.132,0.415,0.336,0.478,0.39,0.375,1.0,0.507,0.122,0.481,-0.038,0.352,0.548,0.41,0.033,0.381,-0.137,0.031,0.489,0.357,-0.145,0.258,0.071,-0.044,-0.052,-0.1,0.602,0.569,0.459,0.396,0.737,0.531,-0.157,0.308,0.274,0.455,-0.194,0.458,-0.154,-0.225,0.419,0.223,0.76,0.532,0.293,0.249,-0.078,-0.303,-0.046,0.325,-0.115,0.41,0.643
MU,0.407,0.443,0.506,0.713,0.598,0.512,-0.216,0.377,0.725,-0.17,0.035,0.586,-0.38,-0.006,0.195,-0.472,0.485,0.427,0.36,0.415,-0.225,0.59,0.483,0.392,0.625,0.697,0.51,0.553,-0.115,0.036,0.355,0.611,0.632,0.611,0.542,0.323,0.702,0.405,-0.268,0.63,0.151,0.312,0.432,0.792,-0.106,0.637,0.858,0.239,0.735,0.451,0.111,0.777,0.575,0.507,1.0,0.22,0.712,-0.169,-0.113,0.431,0.703,-0.212,0.842,-0.175,0.279,0.604,0.424,-0.319,0.687,0.014,0.293,-0.139,-0.101,0.637,0.522,0.845,0.199,0.337,0.523,-0.067,0.606,0.476,0.74,-0.305,0.528,-0.063,-0.26,0.64,0.366,0.504,0.26,0.678,0.547,0.387,-0.408,-0.159,0.676,-0.315,0.942,0.429
MVIS,0.515,-0.286,-0.397,0.036,0.058,-0.337,0.295,-0.22,0.085,-0.397,0.499,0.353,0.381,0.648,-0.52,0.277,-0.273,-0.237,-0.429,-0.416,0.529,-0.127,-0.358,-0.388,-0.155,0.003,-0.405,0.079,0.624,0.807,-0.082,-0.296,-0.228,-0.196,-0.207,-0.06,0.206,0.509,0.472,-0.048,0.623,-0.553,-0.413,-0.087,0.194,0.331,0.15,-0.253,-0.077,-0.449,-0.291,0.22,-0.217,0.122,0.22,1.0,-0.106,0.638,0.072,-0.381,-0.08,0.573,0.172,0.646,0.245,0.633,-0.391,0.44,0.374,0.604,-0.465,0.741,0.53,-0.062,-0.26,0.072,0.101,0.524,-0.146,0.641,0.115,-0.412,0.054,0.538,0.068,0.593,0.597,-0.183,-0.32,-0.108,0.07,-0.103,0.307,-0.175,0.493,0.613,0.309,0.464,0.279,0.121
NFLX,0.02,0.717,0.686,0.566,0.648,0.763,-0.331,0.609,0.575,-0.003,0.001,0.392,-0.576,-0.376,0.531,-0.488,0.714,0.686,0.449,0.465,-0.349,0.665,0.699,0.613,0.489,0.623,0.633,0.438,-0.298,-0.321,0.315,0.751,0.769,0.595,0.514,0.352,0.562,0.264,-0.306,0.563,-0.232,0.546,0.457,0.729,-0.357,0.425,0.713,0.116,0.8,0.641,0.39,0.599,0.784,0.481,0.712,-0.106,1.0,-0.423,0.108,0.608,0.423,-0.407,0.707,-0.349,0.118,0.388,0.697,-0.405,0.409,-0.218,0.431,-0.432,-0.403,0.765,0.708,0.712,0.248,0.073,0.688,-0.268,0.461,0.664,0.693,-0.469,0.587,-0.326,-0.536,0.71,0.455,0.644,0.464,0.61,0.257,0.448,-0.68,-0.318,0.52,-0.384,0.693,0.561
NNDM,0.464,-0.635,-0.56,-0.441,-0.241,-0.66,0.503,-0.442,-0.215,-0.153,0.527,0.09,0.591,0.716,-0.632,0.475,-0.589,-0.482,-0.521,-0.594,0.751,-0.507,-0.492,-0.702,-0.357,-0.321,-0.63,-0.275,0.784,0.774,-0.283,-0.646,-0.654,-0.423,-0.397,-0.181,-0.049,0.229,0.639,-0.358,0.631,-0.722,-0.558,-0.533,0.239,-0.146,-0.272,-0.305,-0.476,-0.724,-0.396,-0.162,-0.633,-0.038,-0.169,0.638,-0.423,1.0,0.245,-0.576,-0.411,0.691,-0.302,0.658,0.059,0.192,-0.611,0.638,0.154,0.693,-0.619,0.811,0.728,-0.292,-0.559,-0.278,-0.023,0.432,-0.41,0.646,-0.024,-0.627,-0.365,0.841,-0.205,0.639,0.78,-0.527,-0.515,-0.324,0.037,-0.418,0.213,-0.237,0.689,0.851,-0.291,0.645,-0.13,-0.004
NVAX,-0.183,0.147,0.062,-0.423,0.103,0.152,0.442,0.217,-0.118,0.344,0.506,-0.013,0.0,0.052,0.288,0.353,0.161,0.351,-0.262,-0.232,0.358,0.112,0.099,-0.073,-0.206,-0.05,0.023,-0.204,0.315,-0.105,-0.023,-0.069,-0.061,-0.12,-0.08,0.322,-0.068,0.199,0.457,-0.273,0.009,-0.107,-0.137,-0.259,0.144,-0.3,-0.112,-0.412,-0.099,0.013,0.599,-0.213,0.069,0.352,-0.113,0.072,0.108,0.245,1.0,0.216,-0.329,0.21,-0.129,0.39,0.163,0.118,0.139,0.44,-0.076,0.229,-0.377,0.05,0.227,-0.001,0.21,-0.045,0.504,0.116,0.255,-0.004,-0.086,0.057,-0.106,0.137,0.369,0.089,0.016,0.126,-0.035,0.402,0.692,-0.278,-0.157,0.041,0.125,0.323,-0.299,0.43,-0.11,0.457
NVDA,-0.295,0.771,0.696,0.389,0.674,0.772,-0.4,0.736,0.453,0.309,-0.222,0.099,-0.729,-0.437,0.679,-0.468,0.75,0.759,0.39,0.544,-0.437,0.678,0.641,0.78,0.463,0.625,0.722,0.316,-0.494,-0.564,0.231,0.735,0.677,0.469,0.535,0.376,0.312,0.032,-0.472,0.403,-0.407,0.609,0.574,0.578,-0.034,0.343,0.442,0.123,0.508,0.702,0.688,0.364,0.739,0.548,0.431,-0.381,0.608,-0.576,0.216,1.0,0.458,-0.498,0.444,-0.385,0.139,0.165,0.797,-0.498,0.064,-0.466,0.334,-0.497,-0.562,0.581,0.8,0.594,0.34,0.051,0.607,-0.522,0.199,0.681,0.633,-0.701,0.51,-0.382,-0.606,0.662,0.523,0.749,0.443,0.527,0.02,0.263,-0.699,-0.51,0.338,-0.502,0.347,0.463
NWL,0.418,0.357,0.49,0.626,0.413,0.383,-0.429,0.301,0.538,0.007,-0.344,0.415,-0.299,-0.058,0.151,-0.603,0.351,0.307,0.539,0.59,-0.44,0.554,0.339,0.482,0.675,0.599,0.495,0.623,-0.274,-0.089,0.382,0.45,0.464,0.663,0.603,0.207,0.431,0.143,-0.553,0.686,0.058,0.365,0.689,0.634,0.065,0.669,0.654,0.405,0.519,0.496,0.083,0.599,0.392,0.41,0.703,-0.08,0.423,-0.411,-0.329,0.458,1.0,-0.496,0.64,-0.408,0.193,0.332,0.267,-0.592,0.456,-0.249,0.546,-0.214,-0.243,0.414,0.405,0.612,-0.018,0.283,0.228,-0.106,0.539,0.408,0.619,-0.411,0.099,-0.094,-0.265,0.498,0.554,0.367,-0.101,0.683,0.519,0.312,-0.391,-0.334,0.619,-0.585,0.597,0.119
OCGN,0.188,-0.434,-0.613,-0.447,-0.296,-0.391,0.361,-0.439,-0.26,-0.253,0.505,-0.07,0.429,0.475,-0.372,0.361,-0.479,-0.367,-0.725,-0.679,0.628,-0.475,-0.307,-0.584,-0.459,-0.468,-0.568,-0.315,0.553,0.486,-0.57,-0.536,-0.547,-0.454,-0.448,-0.035,-0.1,0.026,0.641,-0.385,0.338,-0.672,-0.627,-0.5,0.084,-0.093,-0.363,-0.443,-0.317,-0.611,-0.262,-0.242,-0.498,0.033,-0.212,0.573,-0.407,0.691,0.21,-0.498,-0.496,1.0,-0.357,0.534,0.021,0.142,-0.486,0.662,-0.064,0.609,-0.715,0.619,0.526,-0.19,-0.332,-0.371,0.128,0.363,-0.106,0.342,-0.202,-0.593,-0.317,0.582,-0.004,0.406,0.536,-0.504,-0.606,-0.285,0.134,-0.555,0.027,-0.365,0.638,0.577,-0.278,0.657,-0.15,0.081
ON,0.391,0.566,0.63,0.814,0.643,0.519,-0.192,0.509,0.743,-0.053,-0.054,0.612,-0.442,-0.156,0.26,-0.416,0.553,0.459,0.572,0.625,-0.296,0.74,0.421,0.541,0.722,0.765,0.663,0.498,-0.182,0.001,0.508,0.74,0.768,0.733,0.642,0.395,0.582,0.488,-0.395,0.791,0.088,0.457,0.492,0.848,0.015,0.582,0.936,0.321,0.823,0.577,0.153,0.789,0.708,0.381,0.842,0.172,0.707,-0.302,-0.129,0.444,0.64,-0.357,1.0,-0.124,0.365,0.664,0.56,-0.428,0.677,-0.057,0.492,-0.223,-0.102,0.57,0.532,0.81,0.232,0.172,0.511,-0.009,0.691,0.701,0.771,-0.343,0.439,-0.094,-0.348,0.761,0.54,0.548,0.222,0.8,0.569,0.483,-0.436,-0.192,0.792,-0.425,0.846,0.35
