,AAL,AAPL,AGNC,AMAT,AMD,AMZN,APA,ARDX,AVGO,AZN,BIDU,BILI,BKR,CAN,CHRD,CMCSA,CPRT,CRWD,CSCO,CSX,DKNG,EBAY,ERIC,EXC,FITB,FLEX,FTNT,GEN,GERN,GEVO,GILD,GOOG,GOOGL,GT,HBAN,HST,INTC,IOVA,IQ,JBLU,JD,KDP,KHC,LRCX,LYFT,MARA,MCHP,MDLZ,META,MNST,MRNA,MRVL,MSFT,MSTR,MU,MVIS,NFLX,NNDM,NVAX,NVDA,NWL,OCGN,ON,OPK,PAA,PACB,PANW,PARA,PDD,PENN,PEP,PLUG,PTEN,PTON,PYPL,QCOM,QVCGA,RIOT,ROKU,RUN,SABR,SBUX,SMCI,SNDL,STNE,TCOM,TLRY,TMUS,TSCO,TSLA,TTD,TXN,UAL,VOD,VTRS,VXRT,WBA,WBD,WDC,ZM
AAL,1.0,-0.131,0.243,-0.009,-0.23,-0.081,0.159,0.037,0.235,-0.471,0.218,0.224,0.099,0.256,0.341,0.661,0.253,0.203,0.398,-0.018,0.532,0.418,0.579,0.029,0.353,0.325,0.206,0.32,0.337,0.273,-0.251,0.378,0.399,0.249,0.17,0.26,0.262,0.079,0.506,0.417,0.11,0.3,0.313,-0.118,0.268,0.378,0.021,-0.322,-0.031,0.338,0.615,-0.398,0.671,0.34,0.119,0.301,-0.35,0.165,0.486,0.18,0.055,0.296,0.261,0.647,-0.175,0.153,0.296,0.633,0.288,0.406,-0.184,-0.046,0.199,-0.533,0.273,-0.503,0.621,0.276,0.188,-0.3,0.08,0.052,-0.446,0.424,0.327,0.29,0.261,-0.417,0.137,-0.332,0.354,0.201,0.393,0.304,0.409,0.04,0.562,0.666,0.555,0.229
AAPL,-0.131,1.0,0.11,-0.142,0.449,0.224,-0.285,0.437,-0.147,0.51,-0.268,-0.063,-0.206,-0.395,-0.344,-0.116,-0.127,-0.316,-0.098,-0.314,-0.162,-0.094,0.002,0.266,-0.213,0.152,-0.275,-0.284,-0.267,0.261,0.255,-0.148,-0.126,-0.325,-0.238,-0.332,-0.319,-0.083,-0.237,-0.184,0.007,0.481,-0.104,0.047,-0.342,-0.348,-0.313,0.472,0.676,-0.237,0.039,0.117,0.043,-0.28,-0.242,-0.375,0.005,0.465,-0.202,-0.262,0.273,-0.295,-0.276,0.026,-0.078,-0.355,-0.288,0.085,-0.161,-0.22,0.37,0.567,-0.381,0.153,-0.324,0.083,0.123,-0.404,-0.184,0.1,-0.159,0.058,0.308,-0.31,-0.266,-0.245,-0.273,0.207,0.022,0.599,-0.167,-0.204,-0.24,-0.099,-0.269,-0.032,0.166,0.003,-0.266,-0.252
AGNC,0.243,0.11,1.0,0.542,0.508,0.278,0.643,0.698,0.729,-0.219,0.614,0.733,0.595,0.46,0.727,0.724,0.697,0.727,0.506,0.294,0.634,0.642,0.668,0.517,0.782,0.644,0.647,0.248,0.445,0.624,0.241,0.755,0.781,0.63,0.497,0.454,0.571,0.564,0.623,0.634,0.748,-0.044,0.352,0.406,0.645,0.545,0.537,-0.392,0.317,0.74,0.595,-0.176,0.678,0.53,0.599,0.575,0.157,0.551,0.581,0.637,0.358,0.554,0.736,0.407,-0.106,0.557,0.792,0.646,0.752,0.588,-0.208,0.078,-0.009,-0.133,0.654,-0.603,0.501,0.483,0.73,0.303,0.411,0.755,0.157,0.541,0.75,0.683,0.452,-0.385,0.493,-0.067,0.747,0.753,0.449,0.711,0.705,-0.18,0.217,0.604,0.654,0.686
AMAT,-0.009,-0.142,0.542,1.0,0.535,-0.16,0.63,0.281,0.68,0.194,0.62,0.485,0.644,0.671,0.56,0.33,0.487,0.716,0.123,0.51,0.043,0.285,0.203,0.044,0.61,0.577,0.543,-0.045,-0.087,0.388,0.112,0.359,0.372,0.566,0.637,0.72,0.601,0.34,0.461,0.509,0.713,-0.398,0.544,0.877,0.549,0.532,0.731,-0.273,0.355,0.518,0.09,0.338,0.129,0.331,0.839,0.602,0.47,0.033,0.1,0.698,-0.173,0.382,0.717,-0.023,0.076,0.669,0.439,0.32,0.43,0.214,-0.295,-0.367,0.038,0.101,0.634,-0.27,0.122,0.635,0.604,0.547,0.135,0.556,0.147,0.437,0.662,0.678,0.266,-0.321,0.668,-0.298,0.39,0.759,0.544,0.31,0.412,-0.397,-0.069,0.375,0.469,0.562
AMD,-0.23,0.449,0.508,0.535,1.0,-0.039,0.346,0.613,0.38,0.495,0.351,0.383,0.427,0.119,0.295,0.176,0.416,0.38,0.063,0.273,-0.077,0.104,0.118,0.323,0.316,0.594,0.28,-0.209,-0.225,0.438,0.341,0.146,0.174,0.311,0.378,0.248,0.324,0.331,0.12,0.259,0.48,-0.101,0.115,0.624,0.254,0.227,0.402,0.071,0.703,0.207,0.026,0.326,0.048,0.147,0.496,0.155,0.481,0.374,-0.103,0.428,0.047,0.218,0.388,-0.088,0.1,0.383,0.226,0.203,0.171,0.053,0.023,0.195,-0.198,0.271,0.229,-0.119,0.004,0.183,0.441,0.615,0.039,0.562,0.511,0.141,0.333,0.388,0.117,-0.081,0.555,0.123,0.13,0.497,0.281,0.144,0.178,-0.368,-0.051,0.18,0.083,0.296
AMZN,-0.081,0.224,0.278,-0.16,-0.039,1.0,0.09,0.229,0.313,-0.156,-0.098,0.11,-0.071,-0.216,-0.051,0.082,0.139,-0.031,0.119,0.031,0.335,0.131,0.159,0.434,0.126,0.068,0.06,0.208,0.506,0.082,0.083,0.425,0.425,-0.103,-0.116,-0.148,0.005,0.239,-0.027,-0.026,0.187,0.026,-0.229,-0.169,-0.05,-0.131,-0.076,-0.036,0.084,0.292,0.062,-0.057,0.262,-0.042,0.011,-0.103,0.104,0.226,0.269,-0.068,0.37,0.023,0.048,0.104,0.005,-0.207,0.361,0.032,0.21,0.207,0.152,0.213,0.076,0.011,-0.018,0.088,0.035,-0.223,-0.038,-0.035,0.241,0.222,0.142,-0.096,0.048,-0.027,-0.038,0.276,-0.247,0.41,0.382,0.159,-0.185,0.297,0.237,0.436,-0.157,-0.046,0.005,0.002
APA,0.159,-0.285,0.643,0.63,0.346,0.09,1.0,0.419,0.727,-0.183,0.635,0.66,0.771,0.583,0.696,0.495,0.708,0.717,0.397,0.627,0.434,0.534,0.405,0.336,0.854,0.583,0.683,0.122,0.362,0.247,0.241,0.621,0.645,0.618,0.782,0.683,0.677,0.64,0.483,0.727,0.702,-0.285,0.238,0.545,0.656,0.574,0.739,-0.274,0.166,0.731,0.287,-0.007,0.273,0.486,0.687,0.579,0.333,0.104,0.409,0.634,0.065,0.626,0.758,0.099,0.264,0.562,0.766,0.4,0.605,0.507,-0.205,-0.302,0.293,-0.058,0.661,-0.402,0.286,0.583,0.667,0.435,0.43,0.733,0.126,0.429,0.752,0.785,0.391,-0.312,0.67,-0.246,0.639,0.753,0.782,0.566,0.69,-0.289,0.037,0.392,0.573,0.612
ARDX,0.037,0.437,0.698,0.281,0.613,0.229,0.419,1.0,0.399,0.055,0.418,0.511,0.44,0.165,0.484,0.371,0.554,0.318,0.444,0.058,0.345,0.46,0.44,0.613,0.471,0.567,0.42,0.01,0.266,0.605,0.478,0.472,0.496,0.386,0.252,0.097,0.29,0.563,0.31,0.403,0.514,0.112,0.14,0.216,0.388,0.327,0.333,-0.047,0.413,0.416,0.412,-0.061,0.362,0.453,0.293,0.278,0.157,0.718,0.288,0.433,0.492,0.453,0.381,0.21,0.123,0.27,0.429,0.403,0.488,0.436,0.157,0.375,-0.081,0.053,0.399,-0.387,0.336,0.253,0.501,0.332,0.319,0.618,0.411,0.21,0.452,0.365,0.333,-0.152,0.419,0.261,0.472,0.387,0.294,0.449,0.44,-0.225,0.137,0.304,0.28,0.462
AVGO,0.235,-0.147,0.729,0.68,0.38,0.313,0.727,0.399,1.0,-0.262,0.631,0.686,0.554,0.585,0.624,0.66,0.664,0.732,0.437,0.524,0.489,0.547,0.554,0.35,0.766,0.632,0.716,0.354,0.473,0.442,0.078,0.73,0.749,0.656,0.601,0.577,0.691,0.469,0.618,0.629,0.712,-0.318,0.393,0.543,0.652,0.637,0.645,-0.405,0.176,0.761,0.464,0.003,0.527,0.552,0.771,0.617,0.217,0.22,0.618,0.741,0.084,0.559,0.778,0.275,-0.031,0.594,0.8,0.535,0.645,0.564,-0.323,-0.254,0.223,-0.109,0.723,-0.397,0.379,0.581,0.638,0.29,0.274,0.642,0.033,0.572,0.723,0.698,0.396,-0.335,0.485,-0.234,0.698,0.871,0.512,0.641,0.721,0.004,0.084,0.551,0.759,0.593
AZN,-0.471,0.51,-0.219,0.194,0.495,-0.156,-0.183,0.055,-0.262,1.0,-0.305,-0.317,-0.072,-0.268,-0.409,-0.482,-0.279,-0.194,-0.563,0.003,-0.678,-0.541,-0.493,-0.171,-0.309,0.088,-0.447,-0.581,-0.723,-0.101,0.094,-0.491,-0.477,-0.418,-0.053,-0.067,-0.235,-0.203,-0.532,-0.41,0.014,0.029,-0.08,0.4,-0.415,-0.4,-0.141,0.489,0.587,-0.356,-0.457,0.573,-0.502,-0.569,-0.004,-0.432,0.339,-0.066,-0.692,-0.256,-0.291,-0.469,-0.222,-0.395,0.203,-0.219,-0.481,-0.287,-0.476,-0.606,0.284,0.167,-0.282,0.343,-0.431,0.361,-0.349,-0.29,-0.291,0.359,-0.364,-0.059,0.295,-0.478,-0.299,-0.142,-0.466,0.267,0.143,0.328,-0.498,-0.152,-0.108,-0.493,-0.435,-0.258,-0.225,-0.291,-0.503,-0.34
BIDU,0.218,-0.268,0.614,0.62,0.351,-0.098,0.635,0.418,0.631,-0.305,1.0,0.774,0.707,0.703,0.765,0.634,0.627,0.659,0.601,0.312,0.404,0.575,0.475,0.219,0.703,0.521,0.779,0.331,0.288,0.636,0.197,0.63,0.629,0.883,0.604,0.518,0.633,0.485,0.767,0.7,0.722,-0.3,0.458,0.397,0.897,0.774,0.676,-0.414,0.132,0.628,0.406,-0.139,0.437,0.791,0.641,0.716,0.324,0.278,0.437,0.842,0.006,0.67,0.776,0.217,0.011,0.851,0.62,0.521,0.695,0.503,-0.349,-0.243,0.074,-0.156,0.719,-0.584,0.352,0.743,0.84,0.32,0.221,0.59,0.01,0.684,0.814,0.742,0.66,-0.558,0.582,-0.368,0.63,0.644,0.589,0.541,0.698,-0.352,0.212,0.526,0.614,0.849
BILI,0.224,-0.063,0.733,0.485,0.383,0.11,0.66,0.511,0.686,-0.317,0.774,1.0,0.658,0.469,0.666,0.663,0.658,0.682,0.658,0.344,0.558,0.73,0.561,0.448,0.783,0.563,0.769,0.329,0.449,0.571,0.236,0.729,0.74,0.752,0.585,0.455,0.572,0.494,0.638,0.73,0.684,-0.258,0.305,0.373,0.811,0.558,0.58,-0.311,0.201,0.687,0.501,-0.227,0.496,0.617,0.584,0.593,0.201,0.349,0.587,0.673,0.198,0.561,0.743,0.23,0.052,0.674,0.724,0.519,0.8,0.577,-0.239,-0.065,0.216,-0.061,0.724,-0.509,0.366,0.468,0.732,0.324,0.36,0.667,0.089,0.661,0.714,0.667,0.526,-0.366,0.487,-0.131,0.694,0.66,0.531,0.704,0.731,-0.241,0.173,0.482,0.602,0.702
BKR,0.099,-0.206,0.595,0.644,0.427,-0.071,0.771,0.44,0.554,-0.072,0.707,0.658,1.0,0.49,0.692,0.452,0.71,0.741,0.385,0.607,0.288,0.474,0.291,0.369,0.776,0.6,0.599,-0.001,0.109,0.34,0.32,0.543,0.563,0.563,0.844,0.655,0.811,0.672,0.465,0.704,0.631,-0.31,0.202,0.539,0.647,0.543,0.649,-0.281,0.178,0.629,0.222,-0.001,0.196,0.445,0.735,0.503,0.545,0.102,0.25,0.617,0.025,0.452,0.691,-0.096,0.349,0.627,0.557,0.311,0.58,0.456,-0.107,-0.161,0.162,0.024,0.662,-0.431,0.135,0.535,0.671,0.637,0.452,0.71,0.144,0.358,0.765,0.688,0.369,-0.365,0.548,-0.259,0.591,0.623,0.801,0.449,0.632,-0.532,-0.032,0.265,0.459,0.63
CAN,0.256,-0.395,0.46,0.671,0.119,-0.216,0.583,0.165,0.585,-0.268,0.703,0.469,0.49,1.0,0.626,0.458,0.305,0.584,0.287,0.193,0.227,0.445,0.324,-0.206,0.508,0.398,0.659,0.132,0.225,0.354,-0.208,0.425,0.414,0.682,0.479,0.654,0.505,0.115,0.64,0.552,0.629,-0.367,0.704,0.474,0.684,0.755,0.661,-0.444,0.016,0.459,0.321,-0.128,0.315,0.617,0.479,0.792,-0.045,0.134,0.339,0.76,-0.131,0.533,0.524,0.204,-0.19,0.656,0.43,0.478,0.55,0.328,-0.532,-0.576,0.036,-0.273,0.722,-0.498,0.381,0.93,0.543,0.045,0.114,0.274,-0.182,0.578,0.548,0.586,0.482,-0.621,0.58,-0.547,0.394,0.513,0.505,0.429,0.442,-0.229,0.118,0.546,0.687,0.593
CHRD,0.341,-0.344,0.727,0.56,0.295,-0.051,0.696,0.484,0.624,-0.409,0.765,0.666,0.692,0.626,1.0,0.668,0.747,0.773,0.587,0.361,0.611,0.671,0.599,0.296,0.735,0.487,0.766,0.336,0.405,0.527,0.15,0.692,0.693,0.809,0.628,0.564,0.711,0.549,0.656,0.726,0.654,-0.137,0.473,0.337,0.779,0.747,0.668,-0.584,-0.02,0.718,0.517,-0.201,0.536,0.696,0.649,0.781,0.128,0.279,0.485,0.766,0.114,0.786,0.744,0.368,0.032,0.705,0.739,0.617,0.763,0.704,-0.397,-0.257,0.127,-0.185,0.754,-0.653,0.438,0.715,0.773,0.25,0.363,0.631,-0.006,0.609,0.85,0.748,0.571,-0.526,0.544,-0.382,0.678,0.717,0.635,0.648,0.74,-0.278,0.225,0.603,0.664,0.819
CMCSA,0.661,-0.116,0.724,0.33,0.176,0.082,0.495,0.371,0.66,-0.482,0.634,0.663,0.452,0.458,0.668,1.0,0.57,0.581,0.605,0.159,0.746,0.73,0.764,0.305,0.695,0.493,0.65,0.527,0.531,0.602,-0.015,0.74,0.762,0.657,0.436,0.359,0.582,0.332,0.759,0.705,0.515,0.074,0.476,0.167,0.651,0.705,0.386,-0.468,0.099,0.63,0.825,-0.351,0.85,0.643,0.484,0.622,-0.091,0.383,0.752,0.585,0.158,0.612,0.669,0.662,-0.246,0.553,0.723,0.82,0.654,0.58,-0.354,-0.044,0.106,-0.481,0.642,-0.67,0.67,0.524,0.609,-0.003,0.15,0.474,-0.235,0.686,0.701,0.666,0.52,-0.57,0.354,-0.375,0.657,0.629,0.562,0.672,0.77,-0.002,0.53,0.804,0.814,0.669
CPRT,0.253,-0.127,0.697,0.487,0.416,0.139,0.708,0.554,0.664,-0.279,0.627,0.658,0.71,0.305,0.747,0.57,1.0,0.679,0.61,0.549,0.57,0.563,0.527,0.657,0.828,0.612,0.668,0.23,0.338,0.357,0.523,0.658,0.682,0.66,0.739,0.486,0.705,0.783,0.51,0.695,0.55,-0.119,0.129,0.399,0.649,0.483,0.606,-0.308,0.138,0.762,0.396,-0.111,0.406,0.543,0.717,0.479,0.384,0.205,0.502,0.556,0.303,0.656,0.764,0.152,0.265,0.527,0.751,0.407,0.558,0.719,-0.001,-0.052,0.167,0.05,0.596,-0.503,0.302,0.38,0.713,0.406,0.551,0.851,0.207,0.439,0.839,0.714,0.44,-0.26,0.582,-0.106,0.712,0.737,0.603,0.576,0.69,-0.305,0.103,0.388,0.554,0.718
CRWD,0.203,-0.316,0.727,0.716,0.38,-0.031,0.717,0.318,0.732,-0.194,0.659,0.682,0.741,0.584,0.773,0.581,0.679,1.0,0.34,0.577,0.432,0.471,0.468,0.275,0.79,0.596,0.635,0.176,0.25,0.336,0.114,0.595,0.617,0.641,0.692,0.757,0.731,0.525,0.575,0.643,0.699,-0.342,0.355,0.589,0.709,0.529,0.695,-0.456,0.052,0.718,0.356,0.106,0.388,0.42,0.836,0.623,0.315,0.083,0.405,0.694,-0.017,0.463,0.783,0.191,0.075,0.746,0.765,0.432,0.665,0.511,-0.365,-0.274,0.225,0.018,0.719,-0.425,0.237,0.56,0.71,0.479,0.375,0.64,-0.001,0.564,0.786,0.735,0.397,-0.388,0.513,-0.321,0.648,0.847,0.593,0.506,0.648,-0.254,0.035,0.477,0.635,0.641
CSCO,0.398,-0.098,0.506,0.123,0.063,0.119,0.397,0.444,0.437,-0.563,0.601,0.658,0.385,0.287,0.587,0.605,0.61,0.34,1.0,0.015,0.681,0.694,0.61,0.509,0.545,0.348,0.622,0.315,0.511,0.424,0.356,0.593,0.599,0.677,0.281,0.124,0.336,0.464,0.6,0.594,0.229,0.172,0.267,-0.036,0.711,0.485,0.286,-0.147,-0.066,0.578,0.569,-0.455,0.557,0.743,0.244,0.52,-0.085,0.313,0.626,0.555,0.442,0.681,0.531,0.359,0.166,0.467,0.543,0.519,0.536,0.739,0.088,0.065,0.165,-0.246,0.571,-0.59,0.577,0.331,0.548,-0.063,0.426,0.519,-0.053,0.539,0.563,0.439,0.547,-0.397,0.273,-0.023,0.553,0.339,0.337,0.575,0.55,-0.163,0.427,0.461,0.551,0.59
CSX,-0.018,-0.314,0.294,0.51,0.273,0.031,0.627,0.058,0.524,0.003,0.312,0.344,0.607,0.193,0.361,0.159,0.549,0.577,0.015,1.0,0.099,0.046,0.065,0.325,0.581,0.416,0.262,0.111,0.021,-0.108,0.16,0.248,0.287,0.27,0.763,0.661,0.685,0.564,0.134,0.317,0.449,-0.389,-0.145,0.501,0.3,0.215,0.482,-0.106,0.102,0.586,-0.134,0.283,-0.033,0.062,0.68,0.104,0.599,-0.254,0.088,0.285,-0.145,0.101,0.51,-0.247,0.443,0.325,0.478,-0.047,0.252,0.268,-0.036,-0.209,0.443,0.204,0.27,0.011,-0.177,0.215,0.431,0.52,0.383,0.544,0.105,0.107,0.505,0.383,0.008,0.116,0.349,-0.075,0.383,0.61,0.543,0.193,0.353,-0.286,-0.293,-0.014,0.244,0.224
DKNG,0.532,-0.162,0.634,0.043,-0.077,0.335,0.434,0.345,0.489,-0.678,0.404,0.558,0.288,0.227,0.611,0.746,0.57,0.432,0.681,0.099,1.0,0.745,0.708,0.469,0.616,0.256,0.572,0.531,0.708,0.427,0.112,0.74,0.754,0.531,0.274,0.162,0.383,0.439,0.57,0.59,0.315,0.177,0.253,-0.098,0.559,0.481,0.205,-0.456,-0.132,0.652,0.689,-0.516,0.741,0.57,0.245,0.528,-0.167,0.342,0.755,0.381,0.447,0.658,0.513,0.564,-0.092,0.324,0.768,0.58,0.65,0.776,-0.134,0.108,0.178,-0.331,0.553,-0.608,0.583,0.276,0.469,-0.153,0.419,0.457,-0.138,0.535,0.575,0.45,0.52,-0.347,0.138,-0.133,0.659,0.419,0.317,0.716,0.667,0.079,0.376,0.544,0.63,0.542
EBAY,0.418,-0.094,0.642,0.285,0.104,0.131,0.534,0.46,0.547,-0.541,0.575,0.73,0.474,0.445,0.671,0.73,0.563,0.471,0.694,0.046,0.745,1.0,0.684,0.369,0.688,0.341,0.799,0.396,0.61,0.556,0.162,0.764,0.764,0.629,0.378,0.304,0.439,0.327,0.671,0.822,0.441,0.068,0.455,0.141,0.643,0.574,0.485,-0.435,0.047,0.593,0.673,-0.356,0.653,0.611,0.353,0.703,-0.11,0.372,0.674,0.515,0.34,0.703,0.59,0.487,-0.17,0.407,0.644,0.697,0.744,0.715,-0.278,-0.05,0.134,-0.249,0.795,-0.547,0.643,0.458,0.524,0.026,0.327,0.537,-0.029,0.549,0.631,0.594,0.491,-0.433,0.345,-0.274,0.584,0.463,0.454,0.784,0.696,-0.086,0.36,0.639,0.656,0.632
ERIC,0.579,0.002,0.668,0.203,0.118,0.159,0.405,0.44,0.554,-0.493,0.475,0.561,0.291,0.324,0.599,0.764,0.527,0.468,0.61,0.065,0.708,0.684,1.0,0.373,0.585,0.281,0.509,0.47,0.583,0.597,0.053,0.664,0.688,0.525,0.278,0.227,0.376,0.351,0.715,0.532,0.418,0.222,0.372,0.032,0.517,0.495,0.235,-0.429,0.033,0.575,0.797,-0.344,0.837,0.57,0.324,0.494,-0.206,0.47,0.749,0.464,0.372,0.506,0.529,0.756,-0.263,0.397,0.623,0.818,0.599,0.569,-0.211,0.098,0.184,-0.423,0.524,-0.61,0.759,0.362,0.539,-0.125,0.215,0.428,-0.169,0.58,0.579,0.504,0.48,-0.434,0.252,-0.14,0.579,0.484,0.288,0.62,0.651,0.078,0.656,0.821,0.768,0.524
EXC,0.029,0.266,0.517,0.044,0.323,0.434,0.336,0.613,0.35,-0.171,0.219,0.448,0.369,-0.206,0.296,0.305,0.657,0.275,0.509,0.325,0.469,0.369,0.373,1.0,0.517,0.369,0.308,0.139,0.351,0.201,0.638,0.446,0.472,0.26,0.33,0.045,0.236,0.719,0.13,0.389,0.245,0.175,-0.266,0.1,0.309,0.038,0.196,0.174,0.217,0.533,0.236,-0.106,0.261,0.268,0.316,0.037,0.37,0.274,0.379,0.166,0.665,0.269,0.381,0.019,0.378,0.117,0.493,0.096,0.354,0.548,0.495,0.403,0.113,0.143,0.24,-0.197,0.151,-0.137,0.398,0.268,0.628,0.686,0.4,0.138,0.397,0.199,0.275,0.174,0.196,0.433,0.483,0.356,0.199,0.436,0.409,-0.085,0.035,0.024,0.163,0.259
FITB,0.353,-0.213,0.782,0.61,0.316,0.126,0.854,0.471,0.766,-0.309,0.703,0.783,0.776,0.508,0.735,0.695,0.828,0.79,0.545,0.581,0.616,0.688,0.585,0.517,1.0,0.644,0.732,0.252,0.437,0.393,0.285,0.774,0.807,0.67,0.761,0.696,0.702,0.699,0.664,0.836,0.732,-0.156,0.284,0.498,0.743,0.55,0.708,-0.367,0.197,0.872,0.452,-0.105,0.52,0.518,0.76,0.596,0.343,0.191,0.554,0.629,0.215,0.583,0.873,0.25,0.148,0.605,0.853,0.54,0.707,0.662,-0.146,-0.112,0.252,-0.112,0.747,-0.528,0.435,0.508,0.728,0.404,0.534,0.844,0.054,0.555,0.883,0.824,0.463,-0.339,0.613,-0.248,0.772,0.813,0.696,0.673,0.812,-0.309,0.161,0.532,0.674,0.68
FLEX,0.325,0.152,0.644,0.577,0.594,0.068,0.583,0.567,0.632,0.088,0.521,0.563,0.6,0.398,0.487,0.493,0.612,0.596,0.348,0.416,0.256,0.341,0.281,0.369,0.644,1.0,0.465,-0.048,0.039,0.369,0.233,0.431,0.471,0.489,0.544,0.584,0.572,0.476,0.367,0.572,0.623,-0.185,0.191,0.577,0.502,0.457,0.563,-0.146,0.508,0.567,0.263,0.072,0.293,0.349,0.632,0.345,0.337,0.284,0.221,0.555,0.018,0.404,0.625,0.056,0.194,0.441,0.515,0.39,0.413,0.457,-0.073,-0.036,0.031,0.116,0.466,-0.33,0.231,0.419,0.556,0.493,0.281,0.646,0.179,0.307,0.612,0.578,0.182,-0.238,0.628,-0.09,0.505,0.665,0.606,0.345,0.469,-0.358,-0.079,0.381,0.411,0.458
FTNT,0.206,-0.275,0.647,0.543,0.28,0.06,0.683,0.42,0.716,-0.447,0.779,0.769,0.599,0.659,0.766,0.65,0.668,0.635,0.622,0.262,0.572,0.799,0.509,0.308,0.732,0.465,1.0,0.423,0.489,0.475,0.245,0.712,0.695,0.842,0.544,0.496,0.569,0.377,0.668,0.811,0.603,-0.255,0.497,0.382,0.795,0.692,0.773,-0.455,0.054,0.664,0.458,-0.19,0.444,0.706,0.558,0.814,0.134,0.231,0.566,0.74,0.172,0.786,0.701,0.208,-0.14,0.644,0.72,0.532,0.709,0.697,-0.394,-0.32,0.133,-0.005,0.86,-0.425,0.401,0.664,0.686,0.208,0.346,0.649,0.089,0.617,0.765,0.738,0.566,-0.358,0.574,-0.418,0.615,0.665,0.524,0.751,0.69,-0.18,0.133,0.518,0.666,0.815
GEN,0.32,-0.284,0.248,-0.045,-0.209,0.208,0.122,0.01,0.354,-0.581,0.331,0.329,-0.001,0.132,0.336,0.527,0.23,0.176,0.315,0.111,0.531,0.396,0.47,0.139,0.252,-0.048,0.423,1.0,0.535,0.262,-0.154,0.408,0.402,0.445,0.021,-0.011,0.219,0.031,0.42,0.204,0.158,-0.014,0.114,-0.264,0.355,0.341,0.112,-0.461,-0.247,0.346,0.405,-0.312,0.534,0.429,0.071,0.312,-0.189,0.162,0.545,0.231,0.111,0.305,0.283,0.456,-0.309,0.242,0.464,0.371,0.362,0.383,-0.301,-0.04,0.315,-0.192,0.31,-0.158,0.283,0.184,0.369,-0.28,-0.001,0.102,-0.235,0.47,0.326,0.199,0.443,-0.06,-0.112,-0.252,0.371,0.264,0.042,0.426,0.49,0.311,0.266,0.354,0.407,0.425
GERN,0.337,-0.267,0.445,-0.087,-0.225,0.506,0.362,0.266,0.473,-0.723,0.288,0.449,0.109,0.225,0.405,0.531,0.338,0.25,0.511,0.021,0.708,0.61,0.583,0.351,0.437,0.039,0.489,0.535,1.0,0.302,-0.063,0.746,0.725,0.364,0.079,0.05,0.207,0.338,0.501,0.419,0.221,-0.0,0.108,-0.24,0.416,0.367,0.179,-0.382,-0.315,0.466,0.523,-0.417,0.594,0.546,0.13,0.439,-0.268,0.339,0.743,0.304,0.461,0.471,0.335,0.449,-0.132,0.201,0.647,0.369,0.6,0.532,-0.191,0.041,0.342,-0.362,0.495,-0.338,0.396,0.248,0.323,-0.227,0.416,0.231,-0.022,0.428,0.33,0.269,0.491,-0.219,-0.062,-0.073,0.629,0.304,0.13,0.709,0.656,0.389,0.214,0.343,0.512,0.343
GEVO,0.273,0.261,0.624,0.388,0.438,0.082,0.247,0.605,0.442,-0.101,0.636,0.571,0.34,0.354,0.527,0.602,0.357,0.336,0.424,-0.108,0.427,0.556,0.597,0.201,0.393,0.369,0.475,0.262,0.302,1.0,0.077,0.589,0.589,0.509,0.22,0.07,0.327,0.252,0.654,0.441,0.579,0.074,0.483,0.179,0.487,0.591,0.204,-0.407,0.306,0.356,0.606,-0.162,0.638,0.583,0.356,0.505,0.052,0.734,0.421,0.56,0.213,0.499,0.478,0.53,-0.289,0.495,0.386,0.675,0.639,0.319,-0.304,0.205,-0.155,-0.296,0.477,-0.608,0.517,0.444,0.564,0.106,-0.014,0.328,0.134,0.498,0.503,0.471,0.485,-0.544,0.248,-0.111,0.461,0.379,0.251,0.491,0.546,-0.075,0.429,0.628,0.478,0.6
GILD,-0.251,0.255,0.241,0.112,0.341,0.083,0.241,0.478,0.078,0.094,0.197,0.236,0.32,-0.208,0.15,-0.015,0.523,0.114,0.356,0.16,0.112,0.162,0.053,0.638,0.285,0.233,0.245,-0.154,-0.063,0.077,1.0,0.125,0.131,0.198,0.214,-0.08,0.037,0.546,0.009,0.258,0.104,0.145,-0.192,0.203,0.158,-0.081,0.234,0.291,0.233,0.209,-0.022,0.091,-0.146,0.139,0.205,0.002,0.46,0.111,0.058,0.057,0.394,0.263,0.229,-0.249,0.377,0.109,0.178,-0.099,0.086,0.331,0.465,0.293,-0.099,0.437,0.077,-0.034,-0.067,-0.167,0.266,0.447,0.391,0.579,0.433,-0.055,0.318,0.219,0.073,0.239,0.317,0.321,0.237,0.163,0.152,0.179,0.108,-0.297,-0.048,-0.157,-0.075,0.329
GOOG,0.378,-0.148,0.755,0.359,0.146,0.425,0.621,0.472,0.73,-0.491,0.63,0.729,0.543,0.425,0.692,0.74,0.658,0.595,0.593,0.248,0.74,0.764,0.664,0.446,0.774,0.431,0.712,0.408,0.746,0.589,0.125,1.0,0.993,0.621,0.48,0.385,0.588,0.535,0.721,0.743,0.623,-0.099,0.309,0.184,0.659,0.587,0.459,-0.533,0.041,0.754,0.615,-0.307,0.697,0.601,0.564,0.663,0.11,0.394,0.686,0.595,0.332,0.635,0.682,0.402,-0.104,0.481,0.817,0.613,0.834,0.674,-0.3,-0.01,0.116,-0.281,0.721,-0.605,0.497,0.458,0.617,0.188,0.434,0.622,0.075,0.557,0.729,0.713,0.511,-0.416,0.294,-0.24,0.867,0.64,0.487,0.892,0.907,-0.022,0.245,0.568,0.65,0.676
GOOGL,0.399,-0.126,0.781,0.372,0.174,0.425,0.645,0.496,0.749,-0.477,0.629,0.74,0.563,0.414,0.693,0.762,0.682,0.617,0.599,0.287,0.754,0.764,0.688,0.472,0.807,0.471,0.695,0.402,0.725,0.589,0.131,0.993,1.0,0.617,0.5,0.41,0.613,0.565,0.733,0.752,0.643,-0.086,0.3,0.202,0.661,0.589,0.457,-0.525,0.073,0.779,0.629,-0.298,0.72,0.591,0.582,0.634,0.125,0.407,0.693,0.599,0.335,0.627,0.701,0.423,-0.09,0.481,0.844,0.638,0.826,0.681,-0.28,0.009,0.133,-0.292,0.716,-0.613,0.515,0.451,0.632,0.204,0.438,0.653,0.065,0.558,0.747,0.721,0.499,-0.418,0.313,-0.226,0.871,0.664,0.507,0.867,0.909,-0.047,0.26,0.591,0.666,0.662
GT,0.249,-0.325,0.63,0.566,0.311,-0.103,0.618,0.386,0.656,-0.418,0.883,0.752,0.563,0.682,0.809,0.657,0.66,0.641,0.677,0.27,0.531,0.629,0.525,0.26,0.67,0.489,0.842,0.445,0.364,0.509,0.198,0.621,0.617,1.0,0.527,0.456,0.591,0.393,0.706,0.717,0.59,-0.269,0.514,0.385,0.923,0.793,0.688,-0.434,0.064,0.614,0.452,-0.272,0.445,0.826,0.589,0.805,0.156,0.202,0.523,0.861,0.086,0.793,0.769,0.256,-0.044,0.805,0.693,0.531,0.655,0.626,-0.359,-0.323,0.081,-0.134,0.766,-0.592,0.383,0.732,0.85,0.185,0.251,0.6,0.021,0.783,0.774,0.731,0.719,-0.518,0.623,-0.428,0.588,0.658,0.525,0.637,0.689,-0.289,0.232,0.552,0.654,0.847
HBAN,0.17,-0.238,0.497,0.637,0.378,-0.116,0.782,0.252,0.601,-0.053,0.604,0.585,0.844,0.479,0.628,0.436,0.739,0.692,0.281,0.763,0.274,0.378,0.278,0.33,0.761,0.544,0.544,0.021,0.079,0.22,0.214,0.48,0.5,0.527,1.0,0.711,0.822,0.598,0.366,0.645,0.619,-0.315,0.189,0.595,0.566,0.516,0.61,-0.211,0.194,0.63,0.227,-0.005,0.175,0.357,0.769,0.436,0.494,-0.041,0.288,0.512,-0.078,0.418,0.679,-0.064,0.326,0.519,0.538,0.288,0.493,0.394,-0.172,-0.317,0.185,-0.061,0.537,-0.423,0.15,0.508,0.617,0.476,0.378,0.66,0.072,0.323,0.713,0.677,0.262,-0.358,0.625,-0.26,0.513,0.662,0.805,0.423,0.555,-0.454,-0.01,0.294,0.516,0.542
HST,0.26,-0.332,0.454,0.72,0.248,-0.148,0.683,0.097,0.577,-0.067,0.518,0.455,0.655,0.654,0.564,0.359,0.486,0.757,0.124,0.661,0.162,0.304,0.227,0.045,0.696,0.584,0.496,-0.011,0.05,0.07,-0.08,0.385,0.41,0.456,0.711,1.0,0.65,0.37,0.442,0.587,0.657,-0.338,0.357,0.653,0.514,0.425,0.744,-0.3,0.193,0.617,0.045,0.21,0.185,0.209,0.712,0.488,0.339,-0.153,0.088,0.528,-0.244,0.259,0.608,-0.012,0.126,0.515,0.509,0.303,0.42,0.344,-0.331,-0.445,0.29,0.015,0.581,-0.204,0.17,0.584,0.494,0.433,0.293,0.541,-0.112,0.32,0.65,0.627,0.142,-0.24,0.63,-0.376,0.432,0.692,0.621,0.3,0.416,-0.4,-0.096,0.385,0.465,0.389
INTC,0.262,-0.319,0.571,0.601,0.324,0.005,0.677,0.29,0.691,-0.235,0.633,0.572,0.811,0.505,0.711,0.582,0.705,0.731,0.336,0.685,0.383,0.439,0.376,0.236,0.702,0.572,0.569,0.219,0.207,0.327,0.037,0.588,0.613,0.591,0.822,0.65,1.0,0.539,0.517,0.613,0.564,-0.417,0.262,0.428,0.599,0.654,0.576,-0.499,0.023,0.637,0.355,-0.071,0.354,0.469,0.767,0.506,0.377,0.061,0.396,0.641,-0.129,0.495,0.684,0.083,0.138,0.585,0.643,0.401,0.556,0.493,-0.377,-0.309,0.179,-0.113,0.634,-0.475,0.165,0.599,0.631,0.453,0.292,0.568,-0.044,0.433,0.743,0.668,0.307,-0.43,0.416,-0.42,0.64,0.708,0.735,0.471,0.669,-0.307,-0.02,0.384,0.607,0.595
IOVA,0.079,-0.083,0.564,0.34,0.331,0.239,0.64,0.563,0.469,-0.203,0.485,0.494,0.672,0.115,0.549,0.332,0.783,0.525,0.464,0.564,0.439,0.327,0.351,0.719,0.699,0.476,0.377,0.031,0.338,0.252,0.546,0.535,0.565,0.393,0.598,0.37,0.539,1.0,0.331,0.495,0.461,-0.107,-0.159,0.284,0.457,0.335,0.45,-0.086,0.088,0.654,0.185,-0.013,0.216,0.456,0.597,0.201,0.553,0.175,0.353,0.392,0.394,0.44,0.603,-0.057,0.51,0.39,0.637,0.104,0.446,0.557,0.221,0.193,0.19,0.092,0.384,-0.377,0.066,0.249,0.626,0.521,0.672,0.745,0.299,0.21,0.684,0.459,0.327,-0.07,0.401,0.167,0.693,0.551,0.54,0.4,0.561,-0.331,-0.051,0.072,0.315,0.468
IQ,0.506,-0.237,0.623,0.461,0.12,-0.027,0.483,0.31,0.618,-0.532,0.767,0.638,0.465,0.64,0.656,0.759,0.51,0.575,0.6,0.134,0.57,0.671,0.715,0.13,0.664,0.367,0.668,0.42,0.501,0.654,0.009,0.721,0.733,0.706,0.366,0.442,0.517,0.331,1.0,0.695,0.547,-0.037,0.551,0.19,0.726,0.682,0.453,-0.566,-0.008,0.596,0.609,-0.278,0.723,0.733,0.482,0.725,-0.012,0.412,0.613,0.716,0.181,0.592,0.632,0.534,-0.318,0.697,0.64,0.714,0.707,0.529,-0.41,-0.096,0.06,-0.379,0.74,-0.67,0.611,0.632,0.661,0.083,0.251,0.43,-0.133,0.737,0.681,0.666,0.634,-0.6,0.352,-0.471,0.683,0.563,0.402,0.608,0.718,-0.101,0.49,0.738,0.759,0.675
JBLU,0.417,-0.184,0.634,0.509,0.259,-0.026,0.727,0.403,0.629,-0.41,0.7,0.73,0.704,0.552,0.726,0.705,0.695,0.643,0.594,0.317,0.59,0.822,0.532,0.389,0.836,0.572,0.811,0.204,0.419,0.441,0.258,0.743,0.752,0.717,0.645,0.587,0.613,0.495,0.695,1.0,0.569,-0.072,0.407,0.439,0.734,0.649,0.708,-0.369,0.189,0.643,0.477,-0.205,0.464,0.599,0.616,0.733,0.224,0.18,0.497,0.645,0.171,0.708,0.73,0.241,0.007,0.572,0.702,0.58,0.709,0.675,-0.267,-0.214,0.092,-0.151,0.823,-0.531,0.453,0.574,0.66,0.354,0.429,0.691,0.081,0.596,0.752,0.77,0.522,-0.465,0.624,-0.414,0.665,0.635,0.727,0.71,0.745,-0.32,0.224,0.564,0.606,0.652
JD,0.11,0.007,0.748,0.713,0.48,0.187,0.702,0.514,0.712,0.014,0.722,0.684,0.631,0.629,0.654,0.515,0.55,0.699,0.229,0.449,0.315,0.441,0.418,0.245,0.732,0.623,0.603,0.158,0.221,0.579,0.104,0.623,0.643,0.59,0.619,0.657,0.564,0.461,0.547,0.569,1.0,-0.271,0.417,0.598,0.607,0.558,0.669,-0.355,0.429,0.694,0.301,0.102,0.415,0.391,0.69,0.531,0.363,0.366,0.283,0.626,-0.025,0.416,0.686,0.222,-0.033,0.57,0.654,0.526,0.714,0.346,-0.363,-0.182,0.056,-0.061,0.546,-0.405,0.31,0.615,0.68,0.404,0.173,0.647,0.078,0.408,0.742,0.705,0.304,-0.327,0.631,-0.134,0.603,0.757,0.523,0.503,0.615,-0.243,0.033,0.53,0.514,0.659
KDP,0.3,0.481,-0.044,-0.398,-0.101,0.026,-0.285,0.112,-0.318,0.029,-0.3,-0.258,-0.31,-0.367,-0.137,0.074,-0.119,-0.342,0.172,-0.389,0.177,0.068,0.222,0.175,-0.156,-0.185,-0.255,-0.014,-0.0,0.074,0.145,-0.099,-0.086,-0.269,-0.315,-0.338,-0.417,-0.107,-0.037,-0.072,-0.271,1.0,0.038,-0.323,-0.242,-0.305,-0.414,0.361,0.224,-0.105,0.19,-0.143,0.283,-0.155,-0.419,-0.188,-0.342,0.237,-0.057,-0.333,0.358,-0.123,-0.251,0.418,-0.065,-0.317,-0.207,0.301,-0.177,0.0,0.42,0.504,-0.132,-0.267,-0.264,-0.126,0.489,-0.372,-0.224,-0.349,-0.034,-0.033,-0.102,-0.164,-0.193,-0.181,-0.057,0.026,-0.131,0.32,-0.191,-0.314,-0.185,-0.057,-0.163,0.082,0.606,0.243,-0.117,-0.216
KHC,0.313,-0.104,0.352,0.544,0.115,-0.229,0.238,0.14,0.393,-0.08,0.458,0.305,0.202,0.704,0.473,0.476,0.129,0.355,0.267,-0.145,0.253,0.455,0.372,-0.266,0.284,0.191,0.497,0.114,0.108,0.483,-0.192,0.309,0.3,0.514,0.189,0.357,0.262,-0.159,0.551,0.407,0.417,0.038,1.0,0.403,0.48,0.559,0.385,-0.319,0.148,0.202,0.422,-0.101,0.401,0.423,0.294,0.714,-0.232,0.214,0.241,0.577,-0.1,0.455,0.354,0.442,-0.354,0.513,0.253,0.636,0.352,0.171,-0.419,-0.396,-0.072,-0.422,0.599,-0.463,0.535,0.66,0.282,-0.112,-0.183,0.137,-0.266,0.548,0.382,0.49,0.383,-0.614,0.447,-0.44,0.147,0.336,0.252,0.3,0.276,-0.102,0.419,0.678,0.581,0.461
LRCX,-0.118,0.047,0.406,0.877,0.624,-0.169,0.545,0.216,0.543,0.4,0.397,0.373,0.539,0.474,0.337,0.167,0.399,0.589,-0.036,0.501,-0.098,0.141,0.032,0.1,0.498,0.577,0.382,-0.264,-0.24,0.179,0.203,0.184,0.202,0.385,0.595,0.653,0.428,0.284,0.19,0.439,0.598,-0.323,0.403,1.0,0.354,0.325,0.671,0.019,0.553,0.349,-0.098,0.48,-0.099,0.085,0.761,0.397,0.529,-0.121,-0.078,0.499,-0.154,0.218,0.548,-0.217,0.199,0.49,0.307,0.151,0.204,0.06,-0.105,-0.315,0.02,0.243,0.437,-0.071,-0.034,0.426,0.421,0.63,0.125,0.539,0.301,0.261,0.483,0.541,0.083,-0.133,0.742,-0.113,0.192,0.647,0.507,0.201,0.224,-0.426,-0.174,0.213,0.274,0.338
LYFT,0.268,-0.342,0.645,0.549,0.254,-0.05,0.656,0.388,0.652,-0.415,0.897,0.811,0.647,0.684,0.779,0.651,0.649,0.709,0.711,0.3,0.559,0.643,0.517,0.309,0.743,0.502,0.795,0.355,0.416,0.487,0.158,0.659,0.661,0.923,0.566,0.514,0.599,0.457,0.726,0.734,0.607,-0.242,0.48,0.354,1.0,0.696,0.64,-0.354,0.033,0.681,0.444,-0.277,0.453,0.787,0.589,0.767,0.174,0.217,0.52,0.853,0.148,0.699,0.796,0.248,0.077,0.862,0.716,0.503,0.72,0.611,-0.237,-0.26,0.168,-0.194,0.802,-0.612,0.392,0.674,0.804,0.2,0.373,0.611,-0.013,0.791,0.747,0.706,0.767,-0.558,0.544,-0.323,0.641,0.635,0.543,0.622,0.713,-0.313,0.222,0.511,0.647,0.774
MARA,0.378,-0.348,0.545,0.532,0.227,-0.131,0.574,0.327,0.637,-0.4,0.774,0.558,0.543,0.755,0.747,0.705,0.483,0.529,0.485,0.215,0.481,0.574,0.495,0.038,0.55,0.457,0.692,0.341,0.367,0.591,-0.081,0.587,0.589,0.793,0.516,0.425,0.654,0.335,0.682,0.649,0.558,-0.305,0.559,0.325,0.696,1.0,0.545,-0.578,-0.003,0.49,0.562,-0.314,0.511,0.836,0.542,0.766,0.044,0.276,0.564,0.811,-0.049,0.777,0.644,0.329,-0.115,0.658,0.568,0.585,0.603,0.537,-0.509,-0.353,0.019,-0.39,0.711,-0.67,0.405,0.893,0.693,0.083,0.09,0.352,-0.093,0.645,0.682,0.632,0.578,-0.703,0.511,-0.55,0.512,0.553,0.639,0.551,0.654,-0.19,0.227,0.602,0.748,0.709
MCHP,0.021,-0.313,0.537,0.731,0.402,-0.076,0.739,0.333,0.645,-0.141,0.676,0.58,0.649,0.661,0.668,0.386,0.606,0.695,0.286,0.482,0.205,0.485,0.235,0.196,0.708,0.563,0.773,0.112,0.179,0.204,0.234,0.459,0.457,0.688,0.61,0.744,0.576,0.45,0.453,0.708,0.669,-0.414,0.385,0.671,0.64,0.545,1.0,-0.298,0.197,0.562,0.064,0.229,0.114,0.45,0.718,0.641,0.4,-0.06,0.192,0.649,-0.11,0.549,0.717,-0.041,0.077,0.609,0.618,0.279,0.468,0.439,-0.365,-0.445,0.162,0.205,0.707,-0.171,0.122,0.672,0.656,0.521,0.285,0.69,0.118,0.437,0.742,0.728,0.323,-0.182,0.759,-0.391,0.493,0.77,0.574,0.445,0.511,-0.321,-0.157,0.328,0.439,0.633
MDLZ,-0.322,0.472,-0.392,-0.273,0.071,-0.036,-0.274,-0.047,-0.405,0.489,-0.414,-0.311,-0.281,-0.444,-0.584,-0.468,-0.308,-0.456,-0.147,-0.106,-0.456,-0.435,-0.429,0.174,-0.367,-0.146,-0.455,-0.461,-0.382,-0.407,0.291,-0.533,-0.525,-0.434,-0.211,-0.3,-0.499,-0.086,-0.566,-0.369,-0.355,0.361,-0.319,0.019,-0.354,-0.578,-0.298,1.0,0.325,-0.358,-0.426,0.275,-0.504,-0.413,-0.359,-0.576,0.101,-0.209,-0.439,-0.439,0.142,-0.483,-0.413,-0.403,0.418,-0.375,-0.48,-0.445,-0.538,-0.429,0.693,0.275,-0.029,0.225,-0.51,0.409,-0.248,-0.503,-0.357,0.014,-0.01,-0.113,0.196,-0.45,-0.497,-0.463,-0.333,0.438,-0.037,0.649,-0.448,-0.415,-0.197,-0.43,-0.55,-0.08,-0.062,-0.463,-0.52,-0.515
META,-0.031,0.676,0.317,0.355,0.703,0.084,0.166,0.413,0.176,0.587,0.132,0.201,0.178,0.016,-0.02,0.099,0.138,0.052,-0.066,0.102,-0.132,0.047,0.033,0.217,0.197,0.508,0.054,-0.247,-0.315,0.306,0.233,0.041,0.073,0.064,0.194,0.193,0.023,0.088,-0.008,0.189,0.429,0.224,0.148,0.553,0.033,-0.003,0.197,0.325,1.0,0.11,-0.073,0.276,0.054,-0.133,0.211,-0.031,0.373,0.268,-0.259,0.11,0.028,-0.054,0.175,-0.041,0.036,0.059,0.011,0.251,0.004,-0.125,0.191,0.233,-0.239,0.136,-0.008,-0.001,0.129,0.0,0.173,0.396,-0.094,0.426,0.327,-0.014,0.138,0.233,-0.08,0.069,0.523,0.267,-0.02,0.227,0.202,0.055,0.011,-0.361,0.075,0.214,-0.087,0.069
MNST,0.338,-0.237,0.74,0.518,0.207,0.292,0.731,0.416,0.761,-0.356,0.628,0.687,0.629,0.459,0.718,0.63,0.762,0.718,0.578,0.586,0.652,0.593,0.575,0.533,0.872,0.567,0.664,0.346,0.466,0.356,0.209,0.754,0.779,0.614,0.63,0.617,0.637,0.654,0.596,0.643,0.694,-0.105,0.202,0.349,0.681,0.49,0.562,-0.358,0.11,1.0,0.409,-0.092,0.57,0.477,0.66,0.518,0.262,0.182,0.538,0.583,0.277,0.528,0.764,0.258,0.154,0.508,0.814,0.506,0.699,0.737,-0.092,-0.059,0.283,-0.072,0.617,-0.484,0.452,0.453,0.65,0.229,0.564,0.766,0.009,0.441,0.823,0.668,0.37,-0.192,0.42,-0.101,0.757,0.754,0.547,0.675,0.746,-0.201,0.13,0.494,0.633,0.634
MRNA,0.615,0.039,0.595,0.09,0.026,0.062,0.287,0.412,0.464,-0.457,0.406,0.501,0.222,0.321,0.517,0.825,0.396,0.356,0.569,-0.134,0.689,0.673,0.797,0.236,0.452,0.263,0.458,0.405,0.523,0.606,-0.022,0.615,0.629,0.452,0.227,0.045,0.355,0.185,0.609,0.477,0.301,0.19,0.422,-0.098,0.444,0.562,0.064,-0.426,-0.073,0.409,1.0,-0.531,0.834,0.588,0.205,0.478,-0.383,0.531,0.83,0.404,0.274,0.543,0.419,0.745,-0.353,0.296,0.491,0.788,0.584,0.505,-0.3,0.051,-0.048,-0.569,0.477,-0.722,0.746,0.375,0.393,-0.258,0.046,0.224,-0.271,0.517,0.458,0.437,0.412,-0.614,0.15,-0.235,0.508,0.331,0.331,0.586,0.599,0.122,0.648,0.751,0.787,0.5
MRVL,-0.398,0.117,-0.176,0.338,0.326,-0.057,-0.007,-0.061,0.003,0.573,-0.139,-0.227,-0.001,-0.128,-0.201,-0.351,-0.111,0.106,-0.455,0.283,-0.516,-0.356,-0.344,-0.106,-0.105,0.072,-0.19,-0.312,-0.417,-0.162,0.091,-0.307,-0.298,-0.272,-0.005,0.21,-0.071,-0.013,-0.278,-0.205,0.102,-0.143,-0.101,0.48,-0.277,-0.314,0.229,0.275,0.276,-0.092,-0.531,1.0,-0.435,-0.462,0.291,-0.229,0.423,-0.319,-0.545,-0.135,-0.31,-0.329,-0.043,-0.289,0.225,-0.034,-0.154,-0.285,-0.302,-0.395,0.062,-0.012,0.194,0.503,-0.197,0.594,-0.353,-0.182,-0.124,0.482,-0.195,0.039,0.234,-0.341,-0.056,-0.038,-0.427,0.42,0.086,0.22,-0.251,0.186,-0.046,-0.357,-0.258,0.015,-0.333,-0.221,-0.342,-0.176
MSFT,0.671,0.043,0.678,0.129,0.048,0.262,0.273,0.362,0.527,-0.502,0.437,0.496,0.196,0.315,0.536,0.85,0.406,0.388,0.557,-0.033,0.741,0.653,0.837,0.261,0.52,0.293,0.444,0.534,0.594,0.638,-0.146,0.697,0.72,0.445,0.175,0.185,0.354,0.216,0.723,0.464,0.415,0.283,0.401,-0.099,0.453,0.511,0.114,-0.504,0.054,0.57,0.834,-0.435,1.0,0.525,0.245,0.469,-0.294,0.546,0.734,0.406,0.278,0.442,0.478,0.822,-0.401,0.318,0.582,0.845,0.603,0.533,-0.296,0.142,0.058,-0.563,0.464,-0.661,0.797,0.348,0.448,-0.251,0.11,0.324,-0.299,0.532,0.53,0.452,0.405,-0.494,0.102,-0.211,0.572,0.444,0.23,0.603,0.645,0.152,0.645,0.827,0.729,0.479
MSTR,0.34,-0.28,0.53,0.331,0.147,-0.042,0.486,0.453,0.552,-0.569,0.791,0.617,0.445,0.617,0.696,0.643,0.543,0.42,0.743,0.062,0.57,0.611,0.57,0.268,0.518,0.349,0.706,0.429,0.546,0.583,0.139,0.601,0.591,0.826,0.357,0.209,0.469,0.456,0.733,0.599,0.391,-0.155,0.423,0.085,0.787,0.836,0.45,-0.413,-0.133,0.477,0.588,-0.462,0.525,1.0,0.37,0.717,-0.023,0.401,0.675,0.784,0.274,0.796,0.597,0.335,-0.027,0.679,0.569,0.483,0.614,0.627,-0.243,-0.129,0.049,-0.331,0.712,-0.681,0.442,0.725,0.729,-0.004,0.297,0.389,-0.006,0.711,0.617,0.506,0.776,-0.601,0.407,-0.323,0.595,0.431,0.436,0.585,0.642,-0.144,0.329,0.482,0.699,0.711
MU,0.119,-0.242,0.599,0.839,0.496,0.011,0.687,0.293,0.771,-0.004,0.641,0.584,0.735,0.479,0.649,0.484,0.717,0.836,0.244,0.68,0.245,0.353,0.324,0.316,0.76,0.632,0.558,0.071,0.13,0.356,0.205,0.564,0.582,0.589,0.769,0.712,0.767,0.597,0.482,0.616,0.69,-0.419,0.294,0.761,0.589,0.542,0.718,-0.359,0.211,0.66,0.205,0.291,0.245,0.37,1.0,0.539,0.576,-0.03,0.294,0.659,-0.103,0.444,0.828,0.034,0.209,0.668,0.653,0.312,0.518,0.396,-0.262,-0.265,0.174,0.065,0.625,-0.325,0.095,0.513,0.679,0.624,0.283,0.673,0.145,0.46,0.795,0.749,0.285,-0.308,0.579,-0.275,0.591,0.886,0.638,0.433,0.633,-0.266,-0.076,0.366,0.529,0.603
MVIS,0.301,-0.375,0.575,0.602,0.155,-0.103,0.579,0.278,0.617,-0.432,0.716,0.593,0.503,0.792,0.781,0.622,0.479,0.623,0.52,0.104,0.528,0.703,0.494,0.037,0.596,0.345,0.814,0.312,0.439,0.505,0.002,0.663,0.634,0.805,0.436,0.488,0.506,0.201,0.725,0.733,0.531,-0.188,0.714,0.397,0.767,0.766,0.641,-0.576,-0.031,0.518,0.478,-0.229,0.469,0.717,0.539,1.0,-0.039,0.235,0.477,0.795,0.063,0.775,0.638,0.349,-0.17,0.711,0.595,0.587,0.707,0.559,-0.465,-0.388,0.055,-0.266,0.88,-0.57,0.48,0.757,0.608,0.101,0.183,0.422,-0.055,0.73,0.653,0.716,0.642,-0.605,0.505,-0.556,0.522,0.591,0.485,0.702,0.642,-0.133,0.252,0.61,0.685,0.759
NFLX,-0.35,0.005,0.157,0.47,0.481,0.104,0.333,0.157,0.217,0.339,0.324,0.201,0.545,-0.045,0.128,-0.091,0.384,0.315,-0.085,0.599,-0.167,-0.11,-0.206,0.37,0.343,0.337,0.134,-0.189,-0.268,0.052,0.46,0.11,0.125,0.156,0.494,0.339,0.377,0.553,-0.012,0.224,0.363,-0.342,-0.232,0.529,0.174,0.044,0.4,0.101,0.373,0.262,-0.383,0.423,-0.294,-0.023,0.576,-0.039,1.0,-0.21,-0.244,0.198,-0.06,0.021,0.398,-0.504,0.43,0.295,0.195,-0.285,0.051,0.02,0.184,0.03,-0.011,0.447,0.096,0.127,-0.44,0.025,0.359,0.769,0.277,0.546,0.44,-0.021,0.387,0.298,0.022,0.23,0.327,0.072,0.241,0.374,0.326,-0.009,0.17,-0.443,-0.396,-0.28,-0.172,0.207
NNDM,0.165,0.465,0.551,0.033,0.374,0.226,0.104,0.718,0.22,-0.066,0.278,0.349,0.102,0.134,0.279,0.383,0.205,0.083,0.313,-0.254,0.342,0.372,0.47,0.274,0.191,0.284,0.231,0.162,0.339,0.734,0.111,0.394,0.407,0.202,-0.041,-0.153,0.061,0.175,0.412,0.18,0.366,0.237,0.214,-0.121,0.217,0.276,-0.06,-0.209,0.268,0.182,0.531,-0.319,0.546,0.401,-0.03,0.235,-0.21,1.0,0.333,0.273,0.421,0.299,0.124,0.47,-0.262,0.14,0.235,0.496,0.484,0.237,-0.052,0.446,-0.208,-0.255,0.241,-0.437,0.451,0.166,0.278,-0.063,0.069,0.194,0.179,0.2,0.159,0.141,0.319,-0.312,0.059,0.17,0.325,0.116,-0.016,0.363,0.291,0.046,0.316,0.402,0.269,0.312
NVAX,0.486,-0.202,0.581,0.1,-0.103,0.269,0.409,0.288,0.618,-0.692,0.437,0.587,0.25,0.339,0.485,0.752,0.502,0.405,0.626,0.088,0.755,0.674,0.749,0.379,0.554,0.221,0.566,0.545,0.743,0.421,0.058,0.686,0.693,0.523,0.288,0.088,0.396,0.353,0.613,0.497,0.283,-0.057,0.241,-0.078,0.52,0.564,0.192,-0.439,-0.259,0.538,0.83,-0.545,0.734,0.675,0.294,0.477,-0.244,0.333,1.0,0.439,0.401,0.57,0.518,0.553,-0.227,0.347,0.657,0.553,0.608,0.617,-0.237,-0.053,0.172,-0.427,0.55,-0.591,0.55,0.38,0.464,-0.236,0.328,0.308,-0.164,0.59,0.51,0.392,0.499,-0.429,0.102,-0.194,0.647,0.436,0.293,0.675,0.663,0.242,0.389,0.54,0.835,0.508
NVDA,0.18,-0.262,0.637,0.698,0.428,-0.068,0.634,0.433,0.741,-0.256,0.842,0.673,0.617,0.76,0.766,0.585,0.556,0.694,0.555,0.285,0.381,0.515,0.464,0.166,0.629,0.555,0.74,0.231,0.304,0.56,0.057,0.595,0.599,0.861,0.512,0.528,0.641,0.392,0.716,0.645,0.626,-0.333,0.577,0.499,0.853,0.811,0.649,-0.439,0.11,0.583,0.404,-0.135,0.406,0.784,0.659,0.795,0.198,0.273,0.439,1.0,0.092,0.72,0.735,0.197,-0.019,0.874,0.632,0.518,0.623,0.52,-0.329,-0.33,0.04,-0.194,0.804,-0.582,0.342,0.8,0.722,0.291,0.261,0.534,0.132,0.762,0.699,0.694,0.695,-0.582,0.57,-0.394,0.573,0.683,0.529,0.546,0.646,-0.29,0.174,0.524,0.681,0.696
NWL,0.055,0.273,0.358,-0.173,0.047,0.37,0.065,0.492,0.084,-0.291,0.006,0.198,0.025,-0.131,0.114,0.158,0.303,-0.017,0.442,-0.145,0.447,0.34,0.372,0.665,0.215,0.018,0.172,0.111,0.461,0.213,0.394,0.332,0.335,0.086,-0.078,-0.244,-0.129,0.394,0.181,0.171,-0.025,0.358,-0.1,-0.154,0.148,-0.049,-0.11,0.142,0.028,0.277,0.274,-0.31,0.278,0.274,-0.103,0.063,-0.06,0.421,0.401,0.092,1.0,0.216,0.044,0.122,0.058,0.005,0.251,0.102,0.232,0.379,0.509,0.47,-0.022,-0.046,0.18,-0.257,0.26,-0.125,0.119,-0.135,0.674,0.333,0.502,0.177,0.086,-0.061,0.403,0.099,-0.043,0.429,0.329,-0.029,-0.092,0.416,0.208,0.01,0.193,0.014,0.166,0.098
OCGN,0.296,-0.295,0.554,0.382,0.218,0.023,0.626,0.453,0.559,-0.469,0.67,0.561,0.452,0.533,0.786,0.612,0.656,0.463,0.681,0.101,0.658,0.703,0.506,0.269,0.583,0.404,0.786,0.305,0.471,0.499,0.263,0.635,0.627,0.793,0.418,0.259,0.495,0.44,0.592,0.708,0.416,-0.123,0.455,0.218,0.699,0.777,0.549,-0.483,-0.054,0.528,0.543,-0.329,0.442,0.796,0.444,0.775,0.021,0.299,0.57,0.72,0.216,1.0,0.643,0.339,-0.011,0.574,0.669,0.526,0.592,0.71,-0.302,-0.256,0.032,-0.199,0.7,-0.61,0.429,0.636,0.61,0.082,0.27,0.516,0.115,0.59,0.685,0.677,0.604,-0.518,0.519,-0.365,0.553,0.532,0.523,0.633,0.634,-0.141,0.231,0.506,0.611,0.758
ON,0.261,-0.276,0.736,0.717,0.388,0.048,0.758,0.381,0.778,-0.222,0.776,0.743,0.691,0.524,0.744,0.669,0.764,0.783,0.531,0.51,0.513,0.59,0.529,0.381,0.873,0.625,0.701,0.283,0.335,0.478,0.229,0.682,0.701,0.769,0.679,0.608,0.684,0.603,0.632,0.73,0.686,-0.251,0.354,0.548,0.796,0.644,0.717,-0.413,0.175,0.764,0.419,-0.043,0.478,0.597,0.828,0.638,0.398,0.124,0.518,0.735,0.044,0.643,1.0,0.277,0.135,0.74,0.785,0.504,0.624,0.581,-0.237,-0.203,0.184,-0.099,0.718,-0.528,0.353,0.57,0.802,0.391,0.341,0.761,0.046,0.655,0.881,0.839,0.524,-0.438,0.598,-0.302,0.685,0.848,0.617,0.576,0.761,-0.283,0.137,0.531,0.643,0.727
OPK,0.647,0.026,0.407,-0.023,-0.088,0.104,0.099,0.21,0.275,-0.395,0.217,0.23,-0.096,0.204,0.368,0.662,0.152,0.191,0.359,-0.247,0.564,0.487,0.756,0.019,0.25,0.056,0.208,0.456,0.449,0.53,-0.249,0.402,0.423,0.256,-0.064,-0.012,0.083,-0.057,0.534,0.241,0.222,0.418,0.442,-0.217,0.248,0.329,-0.041,-0.403,-0.041,0.258,0.745,-0.289,0.822,0.335,0.034,0.349,-0.504,0.47,0.553,0.197,0.122,0.339,0.277,1.0,-0.447,0.178,0.367,0.804,0.38,0.252,-0.319,0.079,0.104,-0.628,0.238,-0.501,0.796,0.21,0.228,-0.45,-0.197,0.03,-0.426,0.454,0.264,0.293,0.314,-0.49,-0.01,-0.182,0.26,0.254,0.038,0.31,0.39,0.361,0.727,0.817,0.555,0.3
