,AAL,AAPL,AGNC,AMAT,AMD,AMZN,APA,ARDX,AVGO,AZN,BIDU,BILI,BKR,CAN,CHRD,CMCSA,CPRT,CRWD,CSCO,CSX,DKNG,EBAY,ERIC,EXC,FITB,FLEX,FTNT,GEN,GERN,GEVO,GILD,GOOG,GOOGL,GT,HBAN,HST,INTC,IOVA,IQ,JBLU,JD,KDP,KHC,LRCX,LYFT,MARA,MCHP,MDLZ,META,MNST,MRNA,MRVL,MSFT,MSTR,MU,MVIS,NFLX,NNDM,NVAX,NVDA,NWL,OCGN,ON,OPK,PAA,PACB,PANW,PARA,PDD,PENN,PEP,PLUG,PTEN,PTON,PYPL,QCOM,QVCGA,RIOT,ROKU,RUN,SABR,SBUX,SMCI,SNDL,STNE,TCOM,TLRY,TMUS,TSCO,TSLA,TTD,TXN,UAL,VOD,VTRS,VXRT,WBA,WBD,WDC,ZM
AAL,1.0,-0.577,0.119,0.006,-0.547,-0.543,0.691,-0.449,-0.451,-0.511,-0.305,-0.467,0.673,0.472,0.867,0.535,-0.566,-0.512,0.131,0.644,0.516,-0.613,-0.33,-0.24,0.759,-0.518,0.608,-0.15,-0.421,-0.548,-0.53,-0.423,-0.449,0.865,0.763,0.66,0.117,-0.618,0.232,0.868,-0.554,0.184,0.426,-0.391,0.452,-0.386,-0.54,-0.063,-0.322,-0.507,-0.563,-0.48,-0.516,-0.551,0.3,-0.51,-0.373,-0.609,-0.589,-0.544,0.313,-0.264,-0.317,-0.577,0.585,-0.571,-0.484,0.648,-0.585,0.367,-0.317,-0.474,0.744,-0.601,-0.534,-0.534,-0.363,-0.316,-0.531,-0.547,0.72,0.396,0.642,-0.611,-0.52,0.707,-0.588,0.223,-0.082,-0.489,-0.445,-0.374,0.965,-0.329,-0.571,-0.414,0.003,0.719,0.354,-0.627
AAPL,-0.577,1.0,0.246,0.406,0.941,0.875,-0.564,0.768,0.82,0.582,0.741,0.837,-0.351,-0.486,-0.639,-0.305,0.788,0.887,0.017,-0.395,-0.142,0.828,0.564,0.406,-0.523,0.787,-0.21,0.224,0.505,0.826,0.522,0.675,0.679,-0.642,-0.567,-0.495,0.331,0.911,-0.148,-0.58,0.752,-0.142,-0.582,0.775,-0.465,0.477,0.77,0.062,0.573,0.738,0.876,0.825,0.848,0.785,0.208,0.635,0.783,0.787,0.731,0.875,-0.529,0.456,0.786,0.794,-0.528,0.891,0.812,-0.567,0.895,0.178,0.356,0.912,-0.534,0.895,0.906,0.909,0.522,0.299,0.858,0.861,-0.717,-0.081,-0.462,0.57,0.741,-0.404,0.532,-0.108,0.126,0.878,0.78,0.858,-0.55,0.488,0.785,0.751,0.167,-0.595,-0.099,0.811
AGNC,0.119,0.246,1.0,0.203,0.276,0.366,0.11,0.216,0.128,0.435,0.268,-0.013,0.132,0.114,-0.093,0.225,0.25,0.276,0.475,0.418,0.145,0.33,0.399,0.505,0.219,0.211,0.385,0.446,0.375,0.427,0.299,0.182,0.197,-0.131,0.179,0.276,0.588,0.336,0.126,0.272,0.113,0.439,0.113,0.155,0.075,0.194,0.203,0.472,0.382,0.415,0.189,0.356,0.321,0.325,0.09,0.258,0.149,0.378,0.284,0.302,0.176,-0.086,0.158,0.224,-0.039,0.379,0.191,0.206,0.19,0.427,0.386,0.322,0.098,0.322,0.237,0.187,0.609,0.229,0.23,0.22,0.107,0.005,0.117,0.205,0.047,0.3,0.204,0.341,0.389,0.356,0.382,0.404,0.139,0.471,0.164,0.278,0.581,-0.025,0.074,0.098
AMAT,0.006,0.406,0.203,1.0,0.478,0.462,-0.304,0.296,0.62,0.062,0.577,0.464,0.187,0.031,-0.171,-0.193,0.4,0.483,-0.059,0.217,0.138,0.365,0.396,-0.078,-0.13,0.531,0.16,-0.137,0.322,0.451,-0.209,0.251,0.288,-0.241,-0.08,0.252,0.534,0.349,-0.049,-0.136,0.352,-0.252,-0.151,0.66,-0.355,0.288,0.485,-0.238,0.217,0.311,0.338,0.521,0.333,0.4,0.689,0.446,0.537,0.302,0.387,0.49,-0.314,0.273,0.676,0.328,-0.348,0.305,0.401,-0.29,0.47,0.447,-0.142,0.486,-0.298,0.333,0.44,0.464,0.165,0.33,0.481,0.423,-0.007,0.115,-0.094,0.304,0.419,0.122,0.27,-0.149,0.199,0.455,0.593,0.638,0.102,0.057,0.206,0.46,0.063,-0.315,0.403,0.375
AMD,-0.547,0.941,0.276,0.478,1.0,0.877,-0.604,0.768,0.878,0.596,0.77,0.861,-0.281,-0.532,-0.639,-0.389,0.732,0.937,-0.048,-0.333,-0.193,0.859,0.566,0.329,-0.543,0.87,-0.2,0.093,0.491,0.87,0.389,0.589,0.617,-0.681,-0.586,-0.4,0.353,0.925,-0.208,-0.555,0.757,-0.209,-0.608,0.853,-0.524,0.45,0.799,0.003,0.464,0.699,0.862,0.905,0.813,0.756,0.289,0.686,0.871,0.825,0.788,0.937,-0.571,0.466,0.785,0.743,-0.655,0.874,0.802,-0.602,0.935,0.192,0.276,0.88,-0.596,0.912,0.922,0.944,0.502,0.3,0.85,0.837,-0.668,-0.164,-0.462,0.591,0.801,-0.351,0.605,-0.193,0.134,0.912,0.828,0.87,-0.522,0.449,0.759,0.792,0.167,-0.683,-0.04,0.803
AMZN,-0.543,0.875,0.366,0.462,0.877,1.0,-0.554,0.74,0.756,0.686,0.768,0.684,-0.372,-0.325,-0.67,-0.33,0.843,0.886,0.105,-0.273,-0.235,0.879,0.62,0.5,-0.502,0.805,-0.087,0.274,0.704,0.848,0.445,0.68,0.713,-0.693,-0.543,-0.257,0.44,0.906,-0.233,-0.512,0.737,-0.047,-0.353,0.727,-0.414,0.575,0.787,0.238,0.624,0.835,0.838,0.828,0.874,0.811,0.16,0.677,0.717,0.834,0.761,0.882,-0.488,0.353,0.701,0.852,-0.646,0.878,0.847,-0.516,0.842,0.223,0.474,0.842,-0.541,0.885,0.893,0.873,0.603,0.547,0.899,0.801,-0.563,-0.201,-0.477,0.554,0.677,-0.29,0.567,-0.09,0.384,0.895,0.879,0.833,-0.523,0.563,0.829,0.738,0.246,-0.623,-0.065,0.752
APA,0.691,-0.564,0.11,-0.304,-0.604,-0.554,1.0,-0.454,-0.622,-0.376,-0.57,-0.568,0.545,0.403,0.757,0.659,-0.629,-0.608,0.358,0.551,0.323,-0.63,-0.427,-0.052,0.776,-0.586,0.444,0.062,-0.456,-0.57,-0.103,-0.148,-0.174,0.7,0.808,0.387,0.089,-0.601,0.437,0.734,-0.639,0.366,0.492,-0.508,0.672,-0.328,-0.607,0.303,-0.11,-0.449,-0.623,-0.625,-0.417,-0.534,0.022,-0.563,-0.583,-0.536,-0.677,-0.602,0.523,-0.423,-0.515,-0.571,0.737,-0.489,-0.658,0.641,-0.622,0.083,0.058,-0.521,0.846,-0.579,-0.571,-0.626,-0.291,-0.416,-0.656,-0.605,0.63,0.368,0.604,-0.558,-0.678,0.446,-0.585,0.447,-0.175,-0.556,-0.614,-0.489,0.676,-0.249,-0.62,-0.451,0.01,0.71,0.333,-0.689
ARDX,-0.449,0.768,0.216,0.296,0.768,0.74,-0.454,1.0,0.699,0.341,0.634,0.67,-0.292,-0.235,-0.524,-0.261,0.671,0.757,0.039,-0.365,-0.054,0.643,0.613,0.377,-0.436,0.8,-0.126,0.139,0.443,0.742,0.396,0.632,0.674,-0.522,-0.464,-0.336,0.201,0.779,-0.14,-0.497,0.662,-0.114,-0.511,0.585,-0.266,0.494,0.703,0.134,0.552,0.539,0.638,0.761,0.696,0.685,0.046,0.664,0.658,0.759,0.681,0.676,-0.433,0.476,0.613,0.694,-0.467,0.761,0.624,-0.413,0.785,0.232,0.347,0.731,-0.49,0.773,0.76,0.766,0.39,0.407,0.718,0.753,-0.552,-0.238,-0.42,0.488,0.666,-0.231,0.552,-0.184,0.207,0.753,0.665,0.676,-0.47,0.529,0.64,0.557,0.254,-0.471,-0.12,0.645
AVGO,-0.451,0.82,0.128,0.62,0.878,0.756,-0.622,0.699,1.0,0.383,0.774,0.873,-0.068,-0.453,-0.538,-0.436,0.613,0.871,-0.203,-0.322,-0.104,0.751,0.427,0.074,-0.482,0.818,-0.256,-0.133,0.432,0.743,0.16,0.471,0.501,-0.587,-0.516,-0.316,0.289,0.81,-0.336,-0.497,0.77,-0.368,-0.576,0.86,-0.563,0.325,0.773,-0.211,0.294,0.518,0.727,0.845,0.635,0.588,0.459,0.666,0.86,0.664,0.745,0.833,-0.684,0.465,0.873,0.58,-0.619,0.672,0.689,-0.609,0.914,0.218,0.061,0.723,-0.589,0.779,0.805,0.852,0.309,0.278,0.799,0.708,-0.561,-0.199,-0.519,0.395,0.869,-0.211,0.448,-0.324,0.065,0.796,0.827,0.822,-0.396,0.259,0.595,0.597,-0.011,-0.609,0.144,0.792
AZN,-0.511,0.582,0.435,0.062,0.596,0.686,-0.376,0.341,0.383,1.0,0.403,0.329,-0.347,-0.236,-0.548,-0.151,0.591,0.556,0.24,-0.191,-0.271,0.728,0.417,0.584,-0.364,0.473,-0.013,0.464,0.535,0.643,0.546,0.427,0.434,-0.596,-0.487,-0.292,0.426,0.661,-0.146,-0.335,0.476,0.283,-0.189,0.415,-0.258,0.463,0.463,0.386,0.492,0.682,0.61,0.614,0.689,0.574,-0.071,0.412,0.414,0.666,0.547,0.618,-0.169,0.072,0.33,0.586,-0.464,0.651,0.622,-0.273,0.54,0.003,0.566,0.5,-0.33,0.694,0.593,0.615,0.66,0.384,0.582,0.508,-0.509,-0.219,-0.292,0.464,0.381,-0.273,0.477,0.126,0.363,0.696,0.535,0.614,-0.525,0.629,0.685,0.532,0.29,-0.418,-0.182,0.584
BIDU,-0.305,0.741,0.268,0.577,0.77,0.768,-0.57,0.634,0.774,0.403,1.0,0.702,-0.17,-0.368,-0.509,-0.535,0.724,0.773,-0.273,-0.163,-0.235,0.751,0.419,0.086,-0.481,0.716,-0.168,-0.042,0.63,0.736,0.136,0.337,0.377,-0.439,-0.465,-0.036,0.242,0.745,-0.407,-0.421,0.692,-0.34,-0.489,0.744,-0.578,0.29,0.736,-0.21,0.242,0.517,0.742,0.781,0.558,0.628,0.289,0.627,0.738,0.666,0.675,0.784,-0.669,0.303,0.748,0.694,-0.655,0.651,0.846,-0.62,0.793,0.184,0.016,0.747,-0.593,0.683,0.778,0.795,0.408,0.411,0.882,0.702,-0.401,-0.337,-0.581,0.405,0.689,-0.113,0.388,-0.441,0.169,0.707,0.806,0.741,-0.309,0.314,0.704,0.616,-0.013,-0.608,-0.053,0.682
BILI,-0.467,0.837,-0.013,0.464,0.861,0.684,-0.568,0.67,0.873,0.329,0.702,1.0,-0.205,-0.55,-0.493,-0.457,0.589,0.787,-0.262,-0.434,-0.191,0.655,0.409,0.077,-0.544,0.747,-0.367,-0.119,0.298,0.628,0.231,0.458,0.48,-0.543,-0.56,-0.47,0.111,0.75,-0.295,-0.565,0.733,-0.42,-0.631,0.84,-0.566,0.321,0.696,-0.313,0.234,0.46,0.754,0.707,0.612,0.564,0.297,0.552,0.798,0.607,0.615,0.832,-0.704,0.447,0.742,0.604,-0.552,0.662,0.677,-0.626,0.873,0.032,-0.002,0.708,-0.594,0.703,0.783,0.835,0.222,0.166,0.731,0.678,-0.647,-0.145,-0.553,0.431,0.798,-0.377,0.424,-0.262,-0.097,0.723,0.642,0.724,-0.415,0.23,0.624,0.655,-0.111,-0.599,-0.035,0.702
BKR,0.673,-0.351,0.132,0.187,-0.281,-0.372,0.545,-0.292,-0.068,-0.347,-0.17,-0.205,1.0,0.158,0.603,0.366,-0.499,-0.26,-0.024,0.522,0.491,-0.294,-0.404,-0.361,0.689,-0.227,0.394,-0.279,-0.382,-0.36,-0.452,-0.251,-0.266,0.555,0.68,0.455,0.224,-0.363,0.081,0.586,-0.287,0.004,0.191,-0.069,0.238,-0.417,-0.251,-0.136,-0.25,-0.378,-0.372,-0.21,-0.38,-0.475,0.565,-0.298,-0.026,-0.442,-0.305,-0.314,0.114,-0.126,-0.047,-0.529,0.484,-0.452,-0.43,0.321,-0.271,0.365,-0.282,-0.335,0.475,-0.398,-0.368,-0.32,-0.217,-0.374,-0.356,-0.414,0.466,0.333,0.393,-0.554,-0.18,0.572,-0.472,0.085,-0.141,-0.31,-0.229,-0.103,0.724,-0.435,-0.505,-0.305,-0.037,0.367,0.609,-0.226
CAN,0.472,-0.486,0.114,0.031,-0.532,-0.325,0.403,-0.235,-0.453,-0.236,-0.368,-0.55,0.158,1.0,0.403,0.548,-0.236,-0.435,0.438,0.491,0.574,-0.47,0.079,0.153,0.508,-0.282,0.678,0.229,-0.145,-0.349,-0.286,-0.122,-0.117,0.384,0.473,0.518,0.326,-0.457,0.436,0.451,-0.426,0.513,0.588,-0.463,0.516,0.262,-0.381,0.257,0.115,-0.161,-0.496,-0.369,-0.21,-0.201,-0.081,-0.146,-0.556,-0.266,-0.459,-0.495,0.611,-0.086,-0.32,-0.323,0.415,-0.351,-0.429,0.666,-0.479,0.455,0.086,-0.338,0.479,-0.423,-0.402,-0.498,0.022,0.33,-0.423,-0.292,0.581,0.325,0.56,-0.193,-0.573,0.502,-0.09,0.386,0.368,-0.284,-0.299,-0.25,0.429,0.162,-0.423,-0.341,0.34,0.649,0.146,-0.454
CHRD,0.867,-0.639,-0.093,-0.171,-0.639,-0.67,0.757,-0.524,-0.538,-0.548,-0.509,-0.493,0.603,0.403,1.0,0.54,-0.677,-0.638,0.093,0.539,0.406,-0.721,-0.448,-0.281,0.702,-0.64,0.463,-0.153,-0.564,-0.68,-0.511,-0.425,-0.47,0.857,0.698,0.501,-0.032,-0.734,0.268,0.762,-0.63,0.146,0.446,-0.486,0.442,-0.352,-0.564,-0.049,-0.371,-0.629,-0.664,-0.633,-0.592,-0.622,0.128,-0.616,-0.538,-0.733,-0.719,-0.624,0.374,-0.341,-0.436,-0.694,0.698,-0.669,-0.631,0.596,-0.65,0.169,-0.328,-0.622,0.781,-0.673,-0.625,-0.618,-0.515,-0.353,-0.689,-0.686,0.642,0.419,0.631,-0.627,-0.6,0.494,-0.585,0.239,-0.157,-0.623,-0.64,-0.473,0.839,-0.412,-0.652,-0.508,-0.133,0.704,0.337,-0.67
CMCSA,0.535,-0.305,0.225,-0.193,-0.389,-0.33,0.659,-0.261,-0.436,-0.151,-0.535,-0.457,0.366,0.548,0.54,1.0,-0.397,-0.428,0.72,0.429,0.694,-0.387,-0.034,0.406,0.819,-0.386,0.74,0.38,-0.462,-0.341,0.033,0.055,0.013,0.533,0.677,0.112,0.371,-0.376,0.643,0.631,-0.523,0.731,0.508,-0.465,0.73,-0.132,-0.545,0.525,0.254,-0.125,-0.5,-0.358,-0.075,-0.409,0.088,-0.541,-0.421,-0.391,-0.545,-0.459,0.613,-0.127,-0.363,-0.407,0.718,-0.312,-0.562,0.825,-0.436,0.384,0.383,-0.283,0.782,-0.346,-0.45,-0.439,-0.063,-0.269,-0.519,-0.308,0.49,0.608,0.731,-0.411,-0.571,0.472,-0.419,0.686,0.048,-0.277,-0.382,-0.211,0.535,0.143,-0.471,-0.391,0.385,0.783,0.193,-0.471
CPRT,-0.566,0.788,0.25,0.4,0.732,0.843,-0.629,0.671,0.613,0.591,0.724,0.589,-0.499,-0.236,-0.677,-0.397,1.0,0.726,0.049,-0.339,-0.209,0.774,0.622,0.485,-0.571,0.705,-0.182,0.373,0.613,0.739,0.389,0.568,0.592,-0.651,-0.632,-0.282,0.316,0.757,-0.249,-0.605,0.621,-0.084,-0.413,0.604,-0.449,0.573,0.66,0.101,0.58,0.769,0.839,0.707,0.782,0.792,-0.005,0.611,0.562,0.742,0.675,0.761,-0.413,0.386,0.629,0.886,-0.523,0.813,0.842,-0.544,0.713,0.169,0.39,0.801,-0.575,0.741,0.803,0.763,0.612,0.564,0.84,0.772,-0.584,-0.17,-0.497,0.652,0.518,-0.429,0.605,-0.184,0.333,0.75,0.76,0.719,-0.54,0.56,0.865,0.664,0.233,-0.591,-0.219,0.719
CRWD,-0.512,0.887,0.276,0.483,0.937,0.886,-0.608,0.757,0.871,0.556,0.773,0.787,-0.26,-0.435,-0.638,-0.428,0.726,1.0,-0.058,-0.331,-0.144,0.828,0.53,0.28,-0.563,0.888,-0.191,0.067,0.574,0.847,0.343,0.56,0.595,-0.663,-0.583,-0.327,0.349,0.917,-0.21,-0.514,0.8,-0.24,-0.531,0.805,-0.503,0.541,0.82,0.011,0.439,0.706,0.824,0.88,0.782,0.806,0.292,0.775,0.813,0.818,0.79,0.866,-0.535,0.491,0.811,0.755,-0.653,0.887,0.801,-0.611,0.896,0.281,0.262,0.859,-0.57,0.912,0.937,0.897,0.515,0.423,0.865,0.816,-0.625,-0.164,-0.441,0.582,0.801,-0.339,0.635,-0.231,0.198,0.922,0.882,0.817,-0.501,0.418,0.738,0.735,0.138,-0.665,0.053,0.793
CSCO,0.131,0.017,0.475,-0.059,-0.048,0.105,0.358,0.039,-0.203,0.24,-0.273,-0.262,-0.024,0.438,0.093,0.72,0.049,-0.058,1.0,0.382,0.366,-0.054,0.404,0.721,0.418,-0.026,0.561,0.75,-0.09,0.096,0.363,0.33,0.332,0.11,0.261,-0.005,0.61,-0.001,0.618,0.38,-0.266,0.809,0.361,-0.262,0.498,0.197,-0.233,0.775,0.578,0.301,-0.141,-0.03,0.35,0.052,-0.074,-0.161,-0.238,0.105,-0.153,-0.113,0.553,-0.109,-0.151,0.074,0.327,0.148,-0.164,0.55,-0.119,0.339,0.713,0.087,0.547,0.098,-0.059,-0.105,0.32,0.063,-0.124,0.058,0.224,0.384,0.513,0.072,-0.374,0.149,0.011,0.784,0.262,0.121,0.053,0.081,0.143,0.475,-0.039,0.014,0.622,0.419,0.059,-0.206
CSX,0.644,-0.395,0.418,0.217,-0.333,-0.273,0.551,-0.365,-0.322,-0.191,-0.163,-0.434,0.522,0.491,0.539,0.429,-0.339,-0.331,0.382,1.0,0.368,-0.36,-0.04,-0.049,0.6,-0.301,0.666,0.085,-0.136,-0.262,-0.289,-0.244,-0.236,0.501,0.628,0.76,0.499,-0.391,0.394,0.683,-0.428,0.348,0.483,-0.213,0.272,-0.122,-0.272,0.2,-0.082,-0.195,-0.393,-0.238,-0.22,-0.24,0.272,-0.223,-0.303,-0.237,-0.369,-0.3,0.495,-0.293,-0.189,-0.372,0.301,-0.334,-0.345,0.51,-0.388,0.482,-0.051,-0.237,0.564,-0.345,-0.301,-0.371,0.043,-0.039,-0.362,-0.334,0.667,0.359,0.597,-0.282,-0.485,0.528,-0.244,0.422,0.258,-0.315,-0.153,-0.104,0.653,-0.134,-0.43,-0.099,0.288,0.432,0.453,-0.468
DKNG,0.516,-0.142,0.145,0.138,-0.193,-0.235,0.323,-0.054,-0.104,-0.271,-0.235,-0.191,0.491,0.574,0.406,0.694,-0.209,-0.144,0.366,0.368,1.0,-0.27,0.044,0.116,0.632,-0.054,0.731,0.084,-0.399,-0.213,-0.268,-0.019,-0.051,0.422,0.482,0.19,0.386,-0.23,0.514,0.399,-0.292,0.374,0.263,-0.16,0.417,0.049,-0.268,0.122,0.125,-0.098,-0.255,-0.103,-0.055,-0.203,0.385,-0.203,-0.115,-0.275,-0.313,-0.301,0.395,0.255,-0.012,-0.303,0.545,-0.178,-0.377,0.549,-0.238,0.754,0.04,-0.055,0.477,-0.236,-0.224,-0.274,0.042,-0.081,-0.288,-0.076,0.358,0.663,0.619,-0.273,-0.295,0.458,-0.183,0.386,0.099,-0.087,-0.134,0.003,0.516,0.027,-0.386,-0.21,0.348,0.564,0.388,-0.139
EBAY,-0.613,0.828,0.33,0.365,0.859,0.879,-0.63,0.643,0.751,0.728,0.751,0.655,-0.294,-0.47,-0.721,-0.387,0.774,0.828,-0.054,-0.36,-0.27,1.0,0.471,0.44,-0.473,0.761,-0.197,0.203,0.602,0.808,0.418,0.528,0.552,-0.729,-0.553,-0.339,0.343,0.886,-0.348,-0.562,0.709,-0.073,-0.489,0.711,-0.441,0.4,0.752,0.11,0.453,0.76,0.826,0.844,0.767,0.681,0.144,0.624,0.754,0.776,0.771,0.885,-0.503,0.378,0.641,0.716,-0.621,0.787,0.808,-0.573,0.852,0.102,0.401,0.747,-0.657,0.837,0.795,0.856,0.631,0.381,0.838,0.703,-0.646,-0.325,-0.57,0.511,0.703,-0.291,0.536,-0.255,0.295,0.816,0.805,0.793,-0.574,0.549,0.801,0.64,0.194,-0.705,-0.101,0.838
ERIC,-0.33,0.564,0.399,0.396,0.566,0.62,-0.427,0.613,0.427,0.417,0.419,0.409,-0.404,0.079,-0.448,-0.034,0.622,0.53,0.404,-0.04,0.044,0.471,1.0,0.535,-0.301,0.63,0.166,0.396,0.386,0.652,0.261,0.46,0.499,-0.512,-0.399,-0.183,0.452,0.539,0.171,-0.338,0.422,0.187,-0.177,0.312,-0.244,0.586,0.507,0.274,0.649,0.612,0.502,0.603,0.669,0.666,0.016,0.553,0.454,0.679,0.524,0.526,-0.19,0.306,0.391,0.647,-0.388,0.609,0.488,-0.109,0.529,0.308,0.357,0.673,-0.334,0.58,0.548,0.54,0.521,0.533,0.532,0.721,-0.38,0.034,-0.169,0.62,0.373,-0.155,0.598,0.273,0.458,0.648,0.606,0.652,-0.298,0.632,0.502,0.661,0.59,-0.269,-0.2,0.427
EXC,-0.24,0.406,0.505,-0.078,0.329,0.5,-0.052,0.377,0.074,0.584,0.086,0.077,-0.361,0.153,-0.281,0.406,0.485,0.28,0.721,-0.049,0.116,0.44,0.535,1.0,0.074,0.273,0.328,0.801,0.242,0.37,0.573,0.566,0.552,-0.294,-0.105,-0.23,0.522,0.443,0.25,-0.039,0.167,0.709,0.084,0.05,0.225,0.415,0.134,0.712,0.717,0.685,0.299,0.296,0.673,0.363,-0.248,0.12,0.047,0.441,0.201,0.347,0.209,0.098,0.052,0.411,0.01,0.512,0.293,0.247,0.281,0.211,0.846,0.384,0.067,0.436,0.292,0.296,0.594,0.309,0.259,0.329,-0.219,0.115,0.051,0.26,-0.018,-0.073,0.276,0.465,0.434,0.47,0.281,0.372,-0.228,0.821,0.445,0.196,0.652,0.053,-0.267,0.197
FITB,0.759,-0.523,0.219,-0.13,-0.543,-0.502,0.776,-0.436,-0.482,-0.364,-0.481,-0.544,0.689,0.508,0.702,0.819,-0.571,-0.563,0.418,0.6,0.632,-0.473,-0.301,0.074,1.0,-0.54,0.708,0.108,-0.488,-0.537,-0.261,-0.164,-0.212,0.672,0.899,0.448,0.271,-0.552,0.403,0.774,-0.585,0.483,0.55,-0.484,0.691,-0.381,-0.588,0.291,-0.072,-0.345,-0.575,-0.489,-0.37,-0.608,0.233,-0.603,-0.434,-0.571,-0.607,-0.55,0.51,-0.203,-0.412,-0.642,0.784,-0.546,-0.644,0.79,-0.565,0.367,0.054,-0.468,0.776,-0.586,-0.619,-0.591,-0.172,-0.359,-0.62,-0.552,0.68,0.477,0.664,-0.665,-0.605,0.698,-0.619,0.484,0.011,-0.497,-0.481,-0.335,0.786,-0.152,-0.615,-0.523,0.251,0.782,0.369,-0.57
FLEX,-0.518,0.787,0.211,0.531,0.87,0.805,-0.586,0.8,0.818,0.473,0.716,0.747,-0.227,-0.282,-0.64,-0.386,0.705,0.888,-0.026,-0.301,-0.054,0.761,0.63,0.273,-0.54,1.0,-0.158,0.041,0.442,0.816,0.192,0.511,0.575,-0.664,-0.587,-0.306,0.362,0.833,-0.145,-0.581,0.68,-0.174,-0.529,0.764,-0.48,0.581,0.79,-0.041,0.455,0.663,0.727,0.848,0.736,0.746,0.248,0.777,0.77,0.804,0.709,0.813,-0.483,0.479,0.728,0.726,-0.642,0.808,0.708,-0.59,0.856,0.284,0.255,0.816,-0.606,0.81,0.836,0.819,0.508,0.477,0.797,0.834,-0.574,-0.144,-0.437,0.644,0.716,-0.313,0.689,-0.23,0.195,0.873,0.812,0.78,-0.499,0.458,0.653,0.715,0.203,-0.653,0.019,0.765
FTNT,0.608,-0.21,0.385,0.16,-0.2,-0.087,0.444,-0.126,-0.256,-0.013,-0.168,-0.367,0.394,0.678,0.463,0.74,-0.182,-0.191,0.561,0.666,0.731,-0.197,0.166,0.328,0.708,-0.158,1.0,0.264,-0.142,-0.14,-0.197,0.03,0.017,0.428,0.576,0.516,0.603,-0.228,0.533,0.574,-0.33,0.576,0.519,-0.224,0.492,0.096,-0.28,0.45,0.243,0.018,-0.266,-0.073,0.05,-0.147,0.299,-0.228,-0.19,-0.16,-0.279,-0.243,0.463,0.002,-0.171,-0.248,0.403,-0.17,-0.276,0.698,-0.281,0.71,0.218,-0.088,0.568,-0.197,-0.199,-0.235,0.166,0.102,-0.244,-0.141,0.531,0.529,0.666,-0.303,-0.43,0.631,-0.197,0.521,0.409,-0.062,-0.09,0.058,0.574,0.192,-0.265,-0.103,0.512,0.586,0.319,-0.268
GEN,-0.15,0.224,0.446,-0.137,0.093,0.274,0.062,0.139,-0.133,0.464,-0.042,-0.119,-0.279,0.229,-0.153,0.38,0.373,0.067,0.75,0.085,0.084,0.203,0.396,0.801,0.108,0.041,0.264,1.0,0.092,0.233,0.515,0.397,0.366,-0.108,-0.017,-0.139,0.454,0.189,0.334,0.068,-0.06,0.679,0.15,-0.178,0.267,0.334,-0.009,0.646,0.595,0.507,0.154,0.063,0.458,0.287,-0.319,-0.002,-0.161,0.268,0.008,0.076,0.362,0.01,-0.08,0.325,0.21,0.318,0.181,0.246,0.043,0.125,0.704,0.244,0.245,0.262,0.122,0.105,0.588,0.258,0.117,0.212,-0.118,0.223,0.172,0.271,-0.244,-0.126,0.212,0.499,0.334,0.25,0.125,0.21,-0.149,0.6,0.331,0.128,0.578,0.121,-0.218,0.058
GERN,-0.421,0.505,0.375,0.322,0.491,0.704,-0.456,0.443,0.432,0.535,0.63,0.298,-0.382,-0.145,-0.564,-0.462,0.613,0.574,-0.09,-0.136,-0.399,0.602,0.386,0.242,-0.488,0.442,-0.142,0.092,1.0,0.6,0.398,0.413,0.441,-0.582,-0.426,0.055,0.226,0.644,-0.376,-0.389,0.635,-0.103,-0.103,0.486,-0.376,0.411,0.594,0.167,0.334,0.562,0.55,0.555,0.513,0.634,-0.012,0.609,0.379,0.617,0.678,0.577,-0.315,0.018,0.428,0.604,-0.631,0.572,0.663,-0.377,0.502,0.044,0.24,0.499,-0.511,0.596,0.572,0.549,0.432,0.599,0.684,0.467,-0.304,-0.477,-0.529,0.376,0.523,-0.19,0.405,-0.191,0.505,0.556,0.673,0.475,-0.424,0.395,0.591,0.462,0.121,-0.507,-0.122,0.479
GEVO,-0.548,0.826,0.427,0.451,0.87,0.848,-0.57,0.742,0.743,0.643,0.736,0.628,-0.36,-0.349,-0.68,-0.341,0.739,0.847,0.096,-0.262,-0.213,0.808,0.652,0.37,-0.537,0.816,-0.14,0.233,0.6,1.0,0.452,0.504,0.538,-0.691,-0.554,-0.304,0.375,0.872,-0.126,-0.508,0.637,-0.071,-0.455,0.669,-0.411,0.485,0.737,0.183,0.507,0.65,0.719,0.919,0.741,0.783,0.166,0.723,0.716,0.847,0.801,0.802,-0.425,0.337,0.671,0.775,-0.67,0.835,0.745,-0.512,0.822,0.171,0.369,0.831,-0.547,0.912,0.841,0.853,0.554,0.426,0.828,0.851,-0.544,-0.286,-0.436,0.682,0.699,-0.263,0.637,-0.173,0.281,0.883,0.859,0.806,-0.558,0.564,0.706,0.742,0.27,-0.628,-0.076,0.704
GILD,-0.53,0.522,0.299,-0.209,0.389,0.445,-0.103,0.396,0.16,0.546,0.136,0.231,-0.452,-0.286,-0.511,0.033,0.389,0.343,0.363,-0.289,-0.268,0.418,0.261,0.573,-0.261,0.192,-0.197,0.515,0.398,0.452,1.0,0.576,0.568,-0.407,-0.244,-0.509,0.135,0.524,0.155,-0.279,0.376,0.287,-0.156,0.176,0.068,0.185,0.19,0.514,0.532,0.456,0.342,0.334,0.57,0.417,-0.263,0.222,0.173,0.533,0.404,0.318,0.035,0.042,0.125,0.479,-0.165,0.533,0.317,-0.083,0.368,-0.211,0.656,0.411,-0.164,0.539,0.386,0.391,0.37,0.011,0.347,0.37,-0.414,-0.184,-0.252,0.313,0.257,-0.388,0.232,0.25,0.086,0.408,0.257,0.283,-0.528,0.501,0.452,0.28,0.24,-0.187,-0.242,0.277
GOOG,-0.423,0.675,0.182,0.251,0.589,0.68,-0.148,0.632,0.471,0.427,0.337,0.458,-0.251,-0.122,-0.425,0.055,0.568,0.56,0.33,-0.244,-0.019,0.528,0.46,0.566,-0.164,0.511,0.03,0.397,0.413,0.504,0.576,1.0,0.981,-0.456,-0.231,-0.383,0.431,0.627,0.041,-0.389,0.536,0.143,-0.202,0.476,0.014,0.471,0.444,0.427,0.778,0.688,0.557,0.478,0.797,0.521,0.136,0.417,0.453,0.549,0.477,0.54,-0.176,0.344,0.467,0.575,-0.16,0.665,0.472,-0.13,0.549,0.167,0.643,0.616,-0.162,0.613,0.594,0.56,0.384,0.323,0.527,0.558,-0.462,0.052,-0.177,0.34,0.442,-0.282,0.389,0.237,0.263,0.607,0.473,0.568,-0.381,0.496,0.576,0.451,0.293,-0.202,-0.003,0.492
GOOGL,-0.449,0.679,0.197,0.288,0.617,0.713,-0.174,0.674,0.501,0.434,0.377,0.48,-0.266,-0.117,-0.47,0.013,0.592,0.595,0.332,-0.236,-0.051,0.552,0.499,0.552,-0.212,0.575,0.017,0.366,0.441,0.538,0.568,0.981,1.0,-0.48,-0.266,-0.367,0.435,0.638,0.04,-0.41,0.542,0.099,-0.225,0.515,0.009,0.489,0.462,0.42,0.78,0.683,0.562,0.508,0.815,0.551,0.133,0.474,0.481,0.608,0.521,0.563,-0.181,0.349,0.48,0.63,-0.222,0.69,0.485,-0.178,0.583,0.166,0.639,0.635,-0.211,0.633,0.633,0.585,0.393,0.353,0.581,0.575,-0.434,-0.003,-0.204,0.396,0.451,-0.288,0.444,0.21,0.23,0.623,0.526,0.579,-0.408,0.483,0.592,0.497,0.261,-0.264,0.003,0.53
GT,0.865,-0.642,-0.131,-0.241,-0.681,-0.693,0.7,-0.522,-0.587,-0.596,-0.439,-0.543,0.555,0.384,0.857,0.533,-0.651,-0.663,0.11,0.501,0.422,-0.729,-0.512,-0.294,0.672,-0.664,0.428,-0.108,-0.582,-0.691,-0.407,-0.456,-0.48,1.0,0.682,0.431,-0.1,-0.745,0.289,0.764,-0.656,0.166,0.382,-0.544,0.511,-0.516,-0.69,-0.069,-0.369,-0.635,-0.672,-0.647,-0.589,-0.689,0.097,-0.672,-0.531,-0.729,-0.704,-0.714,0.384,-0.305,-0.452,-0.61,0.681,-0.676,-0.589,0.605,-0.699,0.123,-0.282,-0.584,0.785,-0.691,-0.642,-0.656,-0.521,-0.471,-0.61,-0.64,0.674,0.362,0.616,-0.645,-0.63,0.521,-0.663,0.199,-0.321,-0.662,-0.634,-0.559,0.803,-0.447,-0.586,-0.564,-0.183,0.747,0.219,-0.66
HBAN,0.763,-0.567,0.179,-0.08,-0.586,-0.543,0.808,-0.464,-0.516,-0.487,-0.465,-0.56,0.68,0.473,0.698,0.677,-0.632,-0.583,0.261,0.628,0.482,-0.553,-0.399,-0.105,0.899,-0.587,0.576,-0.017,-0.426,-0.554,-0.244,-0.231,-0.266,0.682,1.0,0.556,0.135,-0.582,0.38,0.776,-0.565,0.324,0.541,-0.483,0.608,-0.402,-0.593,0.183,-0.167,-0.418,-0.657,-0.543,-0.497,-0.571,0.198,-0.488,-0.47,-0.55,-0.58,-0.589,0.494,-0.289,-0.408,-0.654,0.694,-0.592,-0.646,0.728,-0.572,0.284,-0.068,-0.493,0.713,-0.641,-0.599,-0.624,-0.232,-0.357,-0.65,-0.587,0.699,0.398,0.635,-0.64,-0.57,0.718,-0.596,0.316,-0.019,-0.561,-0.528,-0.386,0.773,-0.264,-0.69,-0.532,0.148,0.732,0.375,-0.653
HST,0.66,-0.495,0.276,0.252,-0.4,-0.257,0.387,-0.336,-0.316,-0.292,-0.036,-0.47,0.455,0.518,0.501,0.112,-0.282,-0.327,-0.005,0.76,0.19,-0.339,-0.183,-0.23,0.448,-0.306,0.516,-0.139,0.055,-0.304,-0.509,-0.383,-0.367,0.431,0.556,1.0,0.257,-0.397,0.041,0.595,-0.327,0.091,0.453,-0.21,0.159,-0.104,-0.18,-0.018,-0.284,-0.269,-0.367,-0.257,-0.379,-0.205,0.203,-0.114,-0.308,-0.254,-0.274,-0.298,0.274,-0.251,-0.201,-0.378,0.13,-0.407,-0.215,0.353,-0.388,0.376,-0.303,-0.327,0.322,-0.411,-0.321,-0.356,-0.022,0.15,-0.282,-0.412,0.68,0.092,0.345,-0.365,-0.4,0.602,-0.259,-0.001,0.372,-0.339,-0.143,-0.193,0.642,-0.198,-0.365,-0.206,0.141,0.3,0.375,-0.432
INTC,0.117,0.331,0.588,0.534,0.353,0.44,0.089,0.201,0.289,0.426,0.242,0.111,0.224,0.326,-0.032,0.371,0.316,0.349,0.61,0.499,0.386,0.343,0.452,0.522,0.271,0.362,0.603,0.454,0.226,0.375,0.135,0.431,0.435,-0.1,0.135,0.257,1.0,0.326,0.329,0.186,0.145,0.5,0.117,0.355,0.092,0.4,0.265,0.435,0.571,0.54,0.26,0.409,0.572,0.324,0.449,0.253,0.252,0.348,0.197,0.35,0.221,0.116,0.367,0.236,-0.009,0.385,0.225,0.199,0.259,0.644,0.47,0.417,0.194,0.375,0.315,0.293,0.519,0.296,0.265,0.303,0.088,0.361,0.3,0.204,0.039,0.219,0.244,0.488,0.449,0.476,0.436,0.58,0.174,0.435,0.219,0.388,0.573,0.053,0.363,0.23
IOVA,-0.618,0.911,0.336,0.349,0.925,0.906,-0.601,0.779,0.81,0.661,0.745,0.75,-0.363,-0.457,-0.734,-0.376,0.757,0.917,-0.001,-0.391,-0.23,0.886,0.539,0.443,-0.552,0.833,-0.228,0.189,0.644,0.872,0.524,0.627,0.638,-0.745,-0.582,-0.397,0.326,1.0,-0.27,-0.559,0.815,-0.053,-0.523,0.754,-0.476,0.481,0.799,0.117,0.501,0.779,0.823,0.887,0.827,0.769,0.145,0.714,0.762,0.861,0.807,0.892,-0.533,0.391,0.713,0.747,-0.688,0.881,0.827,-0.531,0.917,0.133,0.421,0.836,-0.599,0.934,0.875,0.899,0.592,0.401,0.843,0.828,-0.702,-0.262,-0.551,0.521,0.799,-0.338,0.559,-0.184,0.306,0.921,0.836,0.798,-0.608,0.598,0.786,0.664,0.245,-0.63,-0.112,0.769
IQ,0.232,-0.148,0.126,-0.049,-0.208,-0.233,0.437,-0.14,-0.336,-0.146,-0.407,-0.295,0.081,0.436,0.268,0.643,-0.249,-0.21,0.618,0.394,0.514,-0.348,0.171,0.25,0.403,-0.145,0.533,0.334,-0.376,-0.126,0.155,0.041,0.04,0.289,0.38,0.041,0.329,-0.27,1.0,0.316,-0.353,0.483,0.377,-0.354,0.441,0.097,-0.349,0.445,0.295,-0.043,-0.349,-0.208,0.038,-0.055,0.01,-0.2,-0.316,-0.079,-0.335,-0.353,0.57,-0.001,-0.267,-0.198,0.447,-0.089,-0.44,0.471,-0.28,0.325,0.263,-0.004,0.491,-0.159,-0.197,-0.3,0.073,-0.138,-0.362,-0.039,0.328,0.601,0.593,-0.01,-0.456,0.121,-0.049,0.557,0.012,-0.12,-0.267,-0.094,0.218,0.078,-0.354,-0.043,0.412,0.435,0.163,-0.352
JBLU,0.868,-0.58,0.272,-0.136,-0.555,-0.512,0.734,-0.497,-0.497,-0.335,-0.421,-0.565,0.586,0.451,0.762,0.631,-0.605,-0.514,0.38,0.683,0.399,-0.562,-0.338,-0.039,0.774,-0.581,0.574,0.068,-0.389,-0.508,-0.279,-0.389,-0.41,0.764,0.776,0.595,0.186,-0.559,0.316,1.0,-0.556,0.425,0.482,-0.5,0.541,-0.403,-0.588,0.175,-0.238,-0.438,-0.625,-0.496,-0.456,-0.558,0.158,-0.546,-0.465,-0.509,-0.598,-0.559,0.465,-0.375,-0.378,-0.601,0.569,-0.531,-0.518,0.721,-0.555,0.28,-0.072,-0.522,0.822,-0.519,-0.552,-0.548,-0.228,-0.35,-0.589,-0.588,0.72,0.309,0.688,-0.615,-0.574,0.668,-0.592,0.388,-0.026,-0.468,-0.424,-0.416,0.848,-0.178,-0.594,-0.487,0.107,0.736,0.327,-0.681
JD,-0.554,0.752,0.113,0.352,0.757,0.737,-0.639,0.662,0.77,0.476,0.692,0.733,-0.287,-0.426,-0.63,-0.523,0.621,0.8,-0.266,-0.428,-0.292,0.709,0.422,0.167,-0.585,0.68,-0.33,-0.06,0.635,0.637,0.376,0.536,0.542,-0.656,-0.565,-0.327,0.145,0.815,-0.353,-0.556,1.0,-0.297,-0.501,0.687,-0.547,0.401,0.765,-0.125,0.383,0.603,0.716,0.75,0.657,0.609,0.169,0.718,0.743,0.725,0.774,0.736,-0.657,0.427,0.678,0.629,-0.642,0.654,0.722,-0.52,0.824,0.012,0.128,0.665,-0.679,0.751,0.751,0.783,0.385,0.419,0.736,0.655,-0.686,-0.292,-0.649,0.374,0.89,-0.332,0.503,-0.269,0.281,0.74,0.675,0.669,-0.514,0.365,0.708,0.527,0.057,-0.579,-0.112,0.71
KDP,0.184,-0.142,0.439,-0.252,-0.209,-0.047,0.366,-0.114,-0.368,0.283,-0.34,-0.42,0.004,0.513,0.146,0.731,-0.084,-0.24,0.809,0.348,0.374,-0.073,0.187,0.709,0.483,-0.174,0.576,0.679,-0.103,-0.071,0.287,0.143,0.099,0.166,0.324,0.091,0.5,-0.053,0.483,0.425,-0.297,1.0,0.429,-0.397,0.473,0.102,-0.304,0.674,0.402,0.251,-0.261,-0.13,0.172,-0.119,-0.226,-0.284,-0.375,-0.02,-0.296,-0.192,0.58,-0.232,-0.33,-0.167,0.323,-0.034,-0.208,0.659,-0.225,0.247,0.659,-0.117,0.51,-0.046,-0.265,-0.234,0.357,0.052,-0.296,-0.09,0.231,0.292,0.454,-0.148,-0.443,0.28,-0.135,0.643,0.391,0.015,-0.168,-0.062,0.154,0.585,-0.132,-0.226,0.66,0.517,-0.114,-0.314
KHC,0.426,-0.582,0.113,-0.151,-0.608,-0.353,0.492,-0.511,-0.576,-0.189,-0.489,-0.631,0.191,0.588,0.446,0.508,-0.413,-0.531,0.361,0.483,0.263,-0.489,-0.177,0.084,0.55,-0.529,0.519,0.15,-0.103,-0.455,-0.156,-0.202,-0.225,0.382,0.541,0.453,0.117,-0.523,0.377,0.482,-0.501,0.429,1.0,-0.535,0.52,-0.063,-0.498,0.404,-0.09,-0.273,-0.625,-0.53,-0.365,-0.404,-0.041,-0.472,-0.646,-0.469,-0.539,-0.558,0.558,-0.398,-0.569,-0.448,0.461,-0.496,-0.544,0.61,-0.621,0.134,0.082,-0.52,0.524,-0.549,-0.562,-0.63,-0.215,0.149,-0.516,-0.496,0.724,0.222,0.45,-0.455,-0.629,0.366,-0.36,0.44,0.301,-0.456,-0.416,-0.425,0.404,-0.104,-0.508,-0.467,0.146,0.557,0.284,-0.633
LRCX,-0.391,0.775,0.155,0.66,0.853,0.727,-0.508,0.585,0.86,0.415,0.744,0.84,-0.069,-0.463,-0.486,-0.465,0.604,0.805,-0.262,-0.213,-0.16,0.711,0.312,0.05,-0.484,0.764,-0.224,-0.178,0.486,0.669,0.176,0.476,0.515,-0.544,-0.483,-0.21,0.355,0.754,-0.354,-0.5,0.687,-0.397,-0.535,1.0,-0.545,0.352,0.729,-0.246,0.247,0.502,0.735,0.777,0.625,0.572,0.508,0.617,0.81,0.59,0.669,0.862,-0.555,0.373,0.799,0.594,-0.604,0.68,0.682,-0.616,0.804,0.187,0.026,0.688,-0.58,0.706,0.788,0.811,0.268,0.24,0.754,0.611,-0.473,-0.162,-0.449,0.464,0.755,-0.276,0.48,-0.28,0.021,0.728,0.724,0.765,-0.329,0.176,0.588,0.677,-0.118,-0.655,0.197,0.725
LYFT,0.452,-0.465,0.075,-0.355,-0.524,-0.414,0.672,-0.266,-0.563,-0.258,-0.578,-0.566,0.238,0.516,0.442,0.73,-0.449,-0.503,0.498,0.272,0.417,-0.441,-0.244,0.225,0.691,-0.48,0.492,0.267,-0.376,-0.411,0.068,0.014,0.009,0.511,0.608,0.159,0.092,-0.476,0.441,0.541,-0.547,0.473,0.52,-0.545,1.0,-0.164,-0.569,0.493,0.032,-0.316,-0.553,-0.498,-0.217,-0.434,-0.073,-0.507,-0.536,-0.418,-0.537,-0.583,0.655,-0.018,-0.515,-0.4,0.7,-0.378,-0.594,0.706,-0.564,0.099,0.305,-0.448,0.681,-0.406,-0.511,-0.502,-0.203,-0.221,-0.49,-0.473,0.564,0.272,0.578,-0.397,-0.61,0.379,-0.392,0.496,-0.062,-0.448,-0.453,-0.474,0.425,-0.011,-0.409,-0.476,0.11,0.669,0.205,-0.506
MARA,-0.386,0.477,0.194,0.288,0.45,0.575,-0.328,0.494,0.325,0.463,0.29,0.321,-0.417,0.262,-0.352,-0.132,0.573,0.541,0.197,-0.122,0.049,0.4,0.586,0.415,-0.381,0.581,0.096,0.334,0.411,0.485,0.185,0.471,0.489,-0.516,-0.402,-0.104,0.4,0.481,0.097,-0.403,0.401,0.102,-0.063,0.352,-0.164,1.0,0.582,0.208,0.517,0.575,0.466,0.42,0.587,0.762,-0.098,0.649,0.197,0.579,0.312,0.458,0.042,0.377,0.419,0.553,-0.297,0.631,0.459,-0.235,0.427,0.346,0.336,0.54,-0.29,0.528,0.609,0.459,0.491,0.816,0.44,0.567,-0.368,0.108,-0.05,0.633,0.24,-0.309,0.745,0.118,0.479,0.606,0.446,0.535,-0.407,0.525,0.468,0.535,0.302,-0.282,0.009,0.42
MCHP,-0.54,0.77,0.203,0.485,0.799,0.787,-0.607,0.703,0.773,0.463,0.736,0.696,-0.251,-0.381,-0.564,-0.545,0.66,0.82,-0.233,-0.272,-0.268,0.752,0.507,0.134,-0.588,0.79,-0.28,-0.009,0.594,0.737,0.19,0.444,0.462,-0.69,-0.593,-0.18,0.265,0.799,-0.349,-0.588,0.765,-0.304,-0.498,0.729,-0.569,0.582,1.0,-0.104,0.333,0.588,0.761,0.765,0.642,0.786,0.204,0.739,0.715,0.726,0.675,0.799,-0.551,0.455,0.736,0.659,-0.642,0.721,0.74,-0.691,0.801,0.148,0.082,0.743,-0.677,0.796,0.788,0.827,0.462,0.539,0.767,0.747,-0.615,-0.194,-0.575,0.537,0.743,-0.35,0.599,-0.268,0.331,0.751,0.762,0.767,-0.5,0.321,0.658,0.701,0.097,-0.745,0.05,0.745
MDLZ,-0.063,0.062,0.472,-0.238,0.003,0.238,0.303,0.134,-0.211,0.386,-0.21,-0.313,-0.136,0.257,-0.049,0.525,0.101,0.011,0.775,0.2,0.122,0.11,0.274,0.712,0.291,-0.041,0.45,0.646,0.167,0.183,0.514,0.427,0.42,-0.069,0.183,-0.018,0.435,0.117,0.445,0.175,-0.125,0.674,0.404,-0.246,0.493,0.208,-0.104,1.0,0.6,0.359,-0.037,0.039,0.374,0.144,-0.223,-0.051,-0.202,0.203,0.043,-0.038,0.451,-0.154,-0.237,0.124,0.207,0.241,-0.089,0.398,-0.078,0.19,0.82,0.07,0.36,0.197,0.03,-0.035,0.349,0.153,-0.022,0.043,0.114,0.109,0.289,0.037,-0.265,0.113,0.047,0.588,0.385,0.149,0.058,0.062,-0.104,0.49,0.1,0.015,0.568,0.21,-0.018,-0.083
META,-0.322,0.573,0.382,0.217,0.464,0.624,-0.11,0.552,0.294,0.492,0.242,0.234,-0.25,0.115,-0.371,0.254,0.58,0.439,0.578,-0.082,0.125,0.453,0.649,0.717,-0.072,0.455,0.243,0.595,0.334,0.507,0.532,0.778,0.78,-0.369,-0.167,-0.284,0.571,0.501,0.295,-0.238,0.383,0.402,-0.09,0.247,0.032,0.517,0.333,0.6,1.0,0.734,0.444,0.453,0.764,0.519,0.005,0.367,0.323,0.557,0.388,0.403,-0.003,0.233,0.35,0.598,-0.068,0.621,0.362,0.016,0.419,0.312,0.718,0.603,-0.069,0.531,0.496,0.417,0.534,0.375,0.424,0.576,-0.332,0.203,-0.008,0.439,0.233,-0.114,0.419,0.392,0.337,0.576,0.416,0.568,-0.292,0.609,0.477,0.434,0.547,-0.094,-0.13,0.389
MNST,-0.507,0.738,0.415,0.311,0.699,0.835,-0.449,0.539,0.518,0.682,0.517,0.46,-0.378,-0.161,-0.629,-0.125,0.769,0.706,0.301,-0.195,-0.098,0.76,0.612,0.685,-0.345,0.663,0.018,0.507,0.562,0.65,0.456,0.688,0.683,-0.635,-0.418,-0.269,0.54,0.779,-0.043,-0.438,0.603,0.251,-0.273,0.502,-0.316,0.575,0.588,0.359,0.734,1.0,0.736,0.635,0.859,0.709,0.006,0.587,0.501,0.719,0.608,0.732,-0.226,0.323,0.526,0.714,-0.439,0.796,0.701,-0.27,0.64,0.254,0.623,0.756,-0.375,0.731,0.703,0.645,0.766,0.504,0.668,0.69,-0.579,0.046,-0.294,0.551,0.468,-0.274,0.565,0.115,0.456,0.78,0.674,0.703,-0.472,0.661,0.739,0.584,0.505,-0.421,-0.214,0.606
MRNA,-0.563,0.876,0.189,0.338,0.862,0.838,-0.623,0.638,0.727,0.61,0.742,0.754,-0.372,-0.496,-0.664,-0.5,0.839,0.824,-0.141,-0.393,-0.255,0.826,0.502,0.299,-0.575,0.727,-0.266,0.154,0.55,0.719,0.342,0.557,0.562,-0.672,-0.657,-0.367,0.26,0.823,-0.349,-0.625,0.716,-0.261,-0.625,0.735,-0.553,0.466,0.761,-0.037,0.444,0.736,1.0,0.743,0.781,0.776,0.136,0.624,0.771,0.753,0.74,0.868,-0.586,0.469,0.707,0.79,-0.581,0.852,0.866,-0.658,0.786,0.131,0.229,0.845,-0.611,0.807,0.873,0.857,0.587,0.343,0.857,0.783,-0.739,-0.15,-0.535,0.573,0.681,-0.44,0.55,-0.188,0.17,0.795,0.755,0.765,-0.531,0.377,0.87,0.81,0.142,-0.685,-0.172,0.832
MRVL,-0.48,0.825,0.356,0.521,0.905,0.828,-0.625,0.761,0.845,0.614,0.781,0.707,-0.21,-0.369,-0.633,-0.358,0.707,0.88,-0.03,-0.238,-0.103,0.844,0.603,0.296,-0.489,0.848,-0.073,0.063,0.555,0.919,0.334,0.478,0.508,-0.647,-0.543,-0.257,0.409,0.887,-0.208,-0.496,0.75,-0.13,-0.53,0.777,-0.498,0.42,0.765,0.039,0.453,0.635,0.743,1.0,0.75,0.698,0.335,0.723,0.842,0.813,0.842,0.836,-0.533,0.433,0.748,0.703,-0.699,0.768,0.749,-0.486,0.884,0.258,0.261,0.801,-0.606,0.887,0.836,0.886,0.509,0.37,0.818,0.807,-0.572,-0.237,-0.462,0.554,0.806,-0.182,0.59,-0.229,0.302,0.887,0.863,0.859,-0.47,0.511,0.701,0.695,0.246,-0.607,0.024,0.776
MSFT,-0.516,0.848,0.321,0.333,0.813,0.874,-0.417,0.696,0.635,0.689,0.558,0.612,-0.38,-0.21,-0.592,-0.075,0.782,0.782,0.35,-0.22,-0.055,0.767,0.669,0.673,-0.37,0.736,0.05,0.458,0.513,0.741,0.57,0.797,0.815,-0.589,-0.497,-0.379,0.572,0.827,0.038,-0.456,0.657,0.172,-0.365,0.625,-0.217,0.587,0.642,0.374,0.764,0.859,0.781,0.75,1.0,0.737,0.14,0.565,0.62,0.803,0.656,0.767,-0.281,0.435,0.599,0.792,-0.444,0.845,0.708,-0.298,0.752,0.241,0.633,0.833,-0.352,0.852,0.805,0.798,0.622,0.412,0.755,0.765,-0.584,0.056,-0.307,0.541,0.541,-0.359,0.557,0.188,0.351,0.842,0.739,0.778,-0.478,0.635,0.806,0.709,0.393,-0.421,-0.065,0.697
MSTR,-0.551,0.785,0.325,0.4,0.756,0.811,-0.534,0.685,0.588,0.574,0.628,0.564,-0.475,-0.201,-0.622,-0.409,0.792,0.806,0.052,-0.24,-0.203,0.681,0.666,0.363,-0.608,0.746,-0.147,0.287,0.634,0.783,0.417,0.521,0.551,-0.689,-0.571,-0.205,0.324,0.769,-0.055,-0.558,0.609,-0.119,-0.404,0.572,-0.434,0.762,0.786,0.144,0.519,0.709,0.776,0.698,0.737,1.0,-0.006,0.779,0.54,0.83,0.679,0.72,-0.295,0.411,0.643,0.796,-0.581,0.87,0.769,-0.556,0.701,0.244,0.311,0.838,-0.539,0.812,0.858,0.776,0.627,0.599,0.775,0.817,-0.595,-0.079,-0.35,0.74,0.532,-0.417,0.71,-0.107,0.36,0.803,0.747,0.746,-0.558,0.507,0.717,0.796,0.297,-0.612,-0.099,0.668
MU,0.3,0.208,0.09,0.689,0.289,0.16,0.022,0.046,0.459,-0.071,0.289,0.297,0.565,-0.081,0.128,0.088,-0.005,0.292,-0.074,0.272,0.385,0.144,0.016,-0.248,0.233,0.248,0.299,-0.319,-0.012,0.166,-0.263,0.136,0.133,0.097,0.198,0.203,0.449,0.145,0.01,0.158,0.169,-0.226,-0.041,0.508,-0.073,-0.098,0.204,-0.223,0.005,0.006,0.136,0.335,0.14,-0.006,1.0,0.065,0.485,-0.023,0.167,0.195,-0.256,0.291,0.497,-0.01,-0.023,0.037,0.103,-0.04,0.222,0.45,-0.213,0.245,0.054,0.122,0.175,0.23,-0.109,-0.132,0.199,0.168,0.145,0.331,0.139,-0.139,0.307,0.282,-0.116,0.034,-0.028,0.222,0.332,0.387,0.384,-0.265,-0.044,0.215,-0.087,-0.003,0.722,0.225
MVIS,-0.51,0.635,0.258,0.446,0.686,0.677,-0.563,0.664,0.666,0.412,0.627,0.552,-0.298,-0.146,-0.616,-0.541,0.611,0.775,-0.161,-0.223,-0.203,0.624,0.553,0.12,-0.603,0.777,-0.228,-0.002,0.609,0.723,0.222,0.417,0.474,-0.672,-0.488,-0.114,0.253,0.714,-0.2,-0.546,0.718,-0.284,-0.472,0.617,-0.507,0.649,0.739,-0.051,0.367,0.587,0.624,0.723,0.565,0.779,0.065,1.0,0.597,0.804,0.782,0.678,-0.37,0.373,0.638,0.644,-0.66,0.713,0.647,-0.508,0.719,0.207,0.121,0.685,-0.635,0.709,0.783,0.667,0.529,0.605,0.697,0.675,-0.578,-0.282,-0.433,0.674,0.698,-0.246,0.796,-0.292,0.348,0.73,0.705,0.668,-0.515,0.398,0.584,0.658,0.194,-0.611,-0.042,0.686
NFLX,-0.373,0.783,0.149,0.537,0.871,0.717,-0.583,0.658,0.86,0.414,0.738,0.798,-0.026,-0.556,-0.538,-0.421,0.562,0.813,-0.238,-0.303,-0.115,0.754,0.454,0.047,-0.434,0.77,-0.19,-0.161,0.379,0.716,0.173,0.453,0.481,-0.531,-0.47,-0.308,0.252,0.762,-0.316,-0.465,0.743,-0.375,-0.646,0.81,-0.536,0.197,0.715,-0.202,0.323,0.501,0.771,0.842,0.62,0.54,0.485,0.597,1.0,0.66,0.76,0.791,-0.707,0.482,0.744,0.605,-0.597,0.648,0.691,-0.573,0.83,0.192,0.026,0.73,-0.606,0.735,0.761,0.848,0.335,0.125,0.758,0.723,-0.609,-0.177,-0.458,0.41,0.86,-0.18,0.435,-0.269,0.053,0.757,0.746,0.781,-0.323,0.196,0.625,0.714,0.052,-0.637,0.054,0.784
NNDM,-0.609,0.787,0.378,0.302,0.825,0.834,-0.536,0.759,0.664,0.666,0.666,0.607,-0.442,-0.266,-0.733,-0.391,0.742,0.818,0.105,-0.237,-0.275,0.776,0.679,0.441,-0.571,0.804,-0.16,0.268,0.617,0.847,0.533,0.549,0.608,-0.729,-0.55,-0.254,0.348,0.861,-0.079,-0.509,0.725,-0.02,-0.469,0.59,-0.418,0.579,0.726,0.203,0.557,0.719,0.753,0.813,0.803,0.83,-0.023,0.804,0.66,1.0,0.8,0.779,-0.385,0.363,0.581,0.772,-0.696,0.843,0.756,-0.476,0.835,0.141,0.417,0.816,-0.591,0.861,0.854,0.814,0.693,0.5,0.783,0.812,-0.61,-0.288,-0.476,0.63,0.649,-0.332,0.697,-0.111,0.369,0.854,0.771,0.75,-0.616,0.615,0.753,0.76,0.37,-0.605,-0.166,0.695
NVAX,-0.589,0.731,0.284,0.387,0.788,0.761,-0.677,0.681,0.745,0.547,0.675,0.615,-0.305,-0.459,-0.719,-0.545,0.675,0.79,-0.153,-0.369,-0.313,0.771,0.524,0.201,-0.607,0.709,-0.279,0.008,0.678,0.801,0.404,0.477,0.521,-0.704,-0.58,-0.274,0.197,0.807,-0.335,-0.598,0.774,-0.296,-0.539,0.669,-0.537,0.312,0.675,0.043,0.388,0.608,0.74,0.842,0.656,0.679,0.167,0.782,0.76,0.8,1.0,0.751,-0.552,0.345,0.628,0.688,-0.73,0.713,0.726,-0.525,0.779,0.057,0.21,0.71,-0.695,0.796,0.764,0.768,0.476,0.346,0.807,0.668,-0.65,-0.414,-0.592,0.532,0.828,-0.274,0.591,-0.298,0.291,0.759,0.786,0.71,-0.57,0.374,0.736,0.66,0.204,-0.683,-0.112,0.801
NVDA,-0.544,0.875,0.302,0.49,0.937,0.882,-0.602,0.676,0.833,0.618,0.784,0.832,-0.314,-0.495,-0.624,-0.459,0.761,0.866,-0.113,-0.3,-0.301,0.885,0.526,0.347,-0.55,0.813,-0.243,0.076,0.577,0.802,0.318,0.54,0.563,-0.714,-0.589,-0.298,0.35,0.892,-0.353,-0.559,0.736,-0.192,-0.558,0.862,-0.583,0.458,0.799,-0.038,0.403,0.732,0.868,0.836,0.767,0.72,0.195,0.678,0.791,0.779,0.751,1.0,-0.585,0.348,0.736,0.709,-0.692,0.832,0.818,-0.609,0.901,0.117,0.253,0.797,-0.644,0.843,0.871,0.899,0.532,0.366,0.829,0.725,-0.643,-0.262,-0.553,0.566,0.759,-0.332,0.582,-0.241,0.209,0.855,0.798,0.835,-0.495,0.488,0.764,0.757,0.138,-0.717,-0.11,0.763
NWL,0.313,-0.529,0.176,-0.314,-0.571,-0.488,0.523,-0.433,-0.684,-0.169,-0.669,-0.704,0.114,0.611,0.374,0.613,-0.413,-0.535,0.553,0.495,0.395,-0.503,-0.19,0.209,0.51,-0.483,0.463,0.362,-0.315,-0.425,0.035,-0.176,-0.181,0.384,0.494,0.274,0.221,-0.533,0.57,0.465,-0.657,0.58,0.558,-0.555,0.655,0.042,-0.551,0.451,-0.003,-0.226,-0.586,-0.533,-0.281,-0.295,-0.256,-0.37,-0.707,-0.385,-0.552,-0.585,1.0,-0.228,-0.514,-0.433,0.584,-0.334,-0.611,0.623,-0.658,0.227,0.267,-0.435,0.596,-0.443,-0.512,-0.622,-0.023,-0.067,-0.619,-0.479,0.558,0.347,0.746,-0.093,-0.754,0.185,-0.086,0.527,0.081,-0.467,-0.492,-0.467,0.28,0.011,-0.517,-0.388,0.288,0.536,0.143,-0.559
OCGN,-0.264,0.456,-0.086,0.273,0.466,0.353,-0.423,0.476,0.465,0.072,0.303,0.447,-0.126,-0.086,-0.341,-0.127,0.386,0.491,-0.109,-0.293,0.255,0.378,0.306,0.098,-0.203,0.479,0.002,0.01,0.018,0.337,0.042,0.344,0.349,-0.305,-0.289,-0.251,0.116,0.391,-0.001,-0.375,0.427,-0.232,-0.398,0.373,-0.018,0.377,0.455,-0.154,0.233,0.323,0.469,0.433,0.435,0.411,0.291,0.373,0.482,0.363,0.345,0.348,-0.228,1.0,0.493,0.365,-0.155,0.379,0.311,-0.239,0.424,0.306,0.013,0.503,-0.361,0.419,0.452,0.455,0.267,0.221,0.395,0.479,-0.372,0.246,-0.125,0.324,0.413,-0.206,0.426,-0.107,0.075,0.39,0.398,0.404,-0.23,0.11,0.387,0.36,0.1,-0.26,0.125,0.494
