,AAL,AAPL,AGNC,AMAT,AMD,AMZN,APA,ARDX,AVGO,AZN,BIDU,BILI,BKR,CAN,CHRD,CMCSA,CPRT,CRWD,CSCO,CSX,DKNG,EBAY,ERIC,EXC,FITB,FLEX,FTNT,GEN,GERN,GEVO,GILD,GOOG,GOOGL,GT,HBAN,HST,INTC,IOVA,IQ,JBLU,JD,KDP,KHC,LRCX,LYFT,MARA,MCHP,MDLZ,META,MNST,MRNA,MRVL,MSFT,MSTR,MU,MVIS,NFLX,NNDM,NVAX,NVDA,NWL,OCGN,ON,OPK,PAA,PACB,PANW,PARA,PDD,PENN,PEP,PLUG,PTEN,PTON,PYPL,QCOM,QVCGA,RIOT,ROKU,RUN,SABR,SBUX,SMCI,SNDL,STNE,TCOM,TLRY,TMUS,TSCO,TSLA,TTD,TXN,UAL,VOD,VTRS,VXRT,WBA,WBD,WDC,ZM
AAL,1.0,-0.748,0.719,-0.029,-0.569,-0.741,0.729,-0.615,-0.356,-0.707,-0.282,-0.659,0.776,0.611,-0.613,-0.085,-0.65,-0.726,0.48,0.72,0.113,-0.403,0.64,0.355,0.69,0.577,-0.734,0.569,-0.17,0.338,-0.385,-0.613,-0.615,0.688,0.622,0.545,0.343,-0.743,-0.609,0.899,-0.221,0.544,0.714,0.228,-0.546,-0.713,0.469,0.558,-0.507,0.624,-0.472,-0.756,-0.733,-0.678,0.113,0.448,-0.638,-0.437,-0.218,-0.653,0.653,0.274,0.117,-0.508,0.323,-0.674,-0.672,-0.24,0.352,0.563,0.171,-0.271,0.122,-0.577,-0.73,-0.593,0.567,-0.672,-0.71,-0.74,0.659,-0.067,0.523,0.764,-0.585,0.728,0.628,-0.268,-0.009,-0.64,-0.61,-0.189,0.942,0.548,0.64,-0.482,0.625,0.469,0.737,-0.75
AAPL,-0.748,1.0,-0.649,0.255,0.738,0.823,-0.525,0.671,0.563,0.703,0.457,0.758,-0.587,-0.635,0.629,-0.011,0.822,0.813,-0.378,-0.634,-0.139,0.547,-0.543,-0.325,-0.525,-0.416,0.868,-0.558,0.238,-0.346,0.395,0.709,0.749,-0.716,-0.493,-0.372,-0.266,0.685,0.621,-0.761,0.45,-0.406,-0.606,-0.017,0.676,0.607,-0.303,-0.448,0.686,-0.605,0.436,0.849,0.927,0.634,0.009,-0.535,0.76,0.501,0.212,0.876,-0.548,-0.216,0.03,0.586,-0.192,0.678,0.765,0.405,-0.185,-0.567,-0.116,0.305,0.086,0.633,0.903,0.761,-0.416,0.616,0.747,0.828,-0.579,0.172,-0.557,-0.637,0.667,-0.674,-0.592,0.317,0.317,0.707,0.655,0.411,-0.722,-0.463,-0.532,0.381,-0.525,-0.358,-0.554,0.758
AGNC,0.719,-0.649,1.0,0.163,-0.471,-0.699,0.72,-0.413,-0.256,-0.467,-0.171,-0.525,0.781,0.594,-0.654,-0.138,-0.632,-0.718,0.631,0.674,0.423,-0.155,0.727,0.43,0.777,0.717,-0.626,0.662,-0.235,0.387,-0.148,-0.506,-0.496,0.708,0.693,0.428,0.418,-0.623,-0.421,0.813,-0.008,0.637,0.838,0.411,-0.539,-0.63,0.528,0.641,-0.407,0.607,-0.263,-0.649,-0.638,-0.676,0.246,0.433,-0.475,-0.276,0.066,-0.592,0.731,0.429,0.357,-0.269,0.398,-0.51,-0.658,-0.139,0.329,0.643,0.246,-0.091,0.109,-0.465,-0.619,-0.382,0.564,-0.535,-0.566,-0.654,0.353,0.043,0.644,0.629,-0.611,0.614,0.677,-0.103,0.212,-0.589,-0.469,0.009,0.632,0.38,0.689,-0.286,0.676,0.536,0.763,-0.608
AMAT,-0.029,0.255,0.163,1.0,0.353,-0.064,0.188,0.406,0.708,0.394,0.659,0.377,0.146,0.026,-0.071,-0.06,0.154,0.05,0.288,0.282,0.197,0.693,0.299,0.267,0.372,0.596,0.15,0.237,-0.429,-0.082,0.386,0.076,0.25,0.215,0.421,-0.097,0.509,0.031,0.328,0.038,0.629,0.406,0.252,0.902,0.116,0.19,0.656,0.449,0.503,0.163,0.277,0.288,0.294,0.127,0.815,-0.001,0.381,0.31,0.285,0.304,0.352,0.22,0.773,0.381,0.084,0.336,0.188,0.629,0.448,0.161,0.571,0.291,0.114,0.302,0.227,0.686,0.257,0.294,0.208,0.146,-0.402,0.539,0.37,0.192,-0.039,-0.051,0.176,-0.034,0.756,0.303,0.372,0.927,-0.157,-0.088,0.285,0.044,0.398,0.57,0.397,0.134
AMD,-0.569,0.738,-0.471,0.353,1.0,0.54,-0.505,0.595,0.589,0.526,0.633,0.696,-0.596,-0.628,0.321,-0.166,0.733,0.612,-0.408,-0.416,-0.001,0.605,-0.49,-0.468,-0.402,-0.229,0.72,-0.534,0.1,-0.45,0.223,0.362,0.473,-0.538,-0.291,-0.525,-0.295,0.49,0.439,-0.534,0.687,-0.131,-0.476,0.077,0.54,0.412,-0.179,-0.351,0.697,-0.433,0.489,0.634,0.732,0.483,0.334,-0.582,0.71,0.504,0.139,0.824,-0.269,0.016,0.14,0.655,-0.441,0.698,0.669,0.541,0.235,-0.495,-0.085,0.418,-0.228,0.61,0.747,0.723,-0.416,0.422,0.756,0.746,-0.619,0.165,-0.399,-0.449,0.555,-0.637,-0.431,0.03,0.392,0.69,0.743,0.444,-0.65,-0.643,-0.426,0.231,-0.419,-0.153,-0.365,0.578
AMZN,-0.741,0.823,-0.699,-0.064,0.54,1.0,-0.541,0.574,0.276,0.662,0.139,0.643,-0.624,-0.698,0.713,0.159,0.684,0.768,-0.336,-0.677,-0.293,0.242,-0.545,-0.238,-0.607,-0.58,0.851,-0.481,0.449,-0.287,0.358,0.793,0.743,-0.727,-0.686,-0.168,-0.292,0.693,0.412,-0.718,0.127,-0.564,-0.642,-0.303,0.524,0.588,-0.437,-0.496,0.423,-0.572,0.134,0.759,0.824,0.629,-0.303,-0.467,0.519,0.276,0.039,0.703,-0.659,-0.475,-0.311,0.343,-0.067,0.54,0.766,0.102,-0.407,-0.549,-0.143,0.08,0.111,0.454,0.848,0.493,-0.418,0.493,0.591,0.803,-0.28,0.002,-0.611,-0.777,0.662,-0.534,-0.703,0.431,-0.026,0.561,0.485,0.069,-0.616,-0.23,-0.461,0.452,-0.504,-0.527,-0.574,0.706
APA,0.729,-0.525,0.72,0.188,-0.505,-0.541,1.0,-0.441,-0.129,-0.475,-0.216,-0.547,0.798,0.486,-0.348,0.03,-0.533,-0.62,0.63,0.667,0.26,-0.198,0.672,0.4,0.805,0.69,-0.572,0.702,-0.278,0.458,-0.09,-0.399,-0.355,0.731,0.731,0.568,0.404,-0.62,-0.423,0.699,-0.117,0.562,0.753,0.378,-0.359,-0.576,0.555,0.679,-0.418,0.623,-0.231,-0.558,-0.501,-0.68,0.217,0.444,-0.474,-0.265,0.059,-0.556,0.682,0.321,0.306,-0.382,0.528,-0.464,-0.576,-0.17,0.159,0.71,0.325,-0.128,0.423,-0.443,-0.548,-0.363,0.668,-0.543,-0.551,-0.543,0.535,0.209,0.671,0.587,-0.456,0.666,0.533,-0.141,0.222,-0.476,-0.441,0.054,0.721,0.596,0.749,-0.439,0.677,0.637,0.793,-0.644
ARDX,-0.615,0.671,-0.413,0.406,0.595,0.574,-0.441,1.0,0.474,0.846,0.695,0.907,-0.448,-0.585,0.526,-0.155,0.693,0.602,-0.136,-0.416,0.129,0.74,-0.309,-0.124,-0.281,-0.066,0.759,-0.223,0.07,-0.045,0.52,0.698,0.744,-0.506,-0.302,-0.206,0.009,0.7,0.691,-0.55,0.532,-0.328,-0.434,0.201,0.556,0.602,-0.001,-0.207,0.705,-0.338,0.447,0.75,0.747,0.513,0.201,-0.379,0.728,0.599,0.376,0.68,-0.264,-0.132,0.3,0.626,-0.103,0.841,0.79,0.652,0.038,-0.233,0.005,0.399,0.151,0.71,0.786,0.783,-0.192,0.595,0.701,0.732,-0.492,0.529,-0.08,-0.473,0.502,-0.531,-0.314,0.284,0.407,0.732,0.733,0.538,-0.608,-0.377,-0.266,0.631,-0.246,-0.103,-0.353,0.649
AVGO,-0.356,0.563,-0.256,0.708,0.589,0.276,-0.129,0.474,1.0,0.53,0.648,0.551,-0.218,-0.278,0.244,-0.083,0.509,0.457,-0.033,-0.143,-0.049,0.676,-0.097,-0.082,-0.071,0.176,0.432,-0.099,-0.185,-0.301,0.368,0.294,0.47,-0.18,-0.011,-0.399,0.119,0.328,0.487,-0.349,0.581,0.092,-0.182,0.552,0.366,0.311,0.244,0.087,0.61,-0.116,0.463,0.494,0.606,0.278,0.446,-0.223,0.584,0.43,0.268,0.628,-0.067,0.013,0.527,0.45,-0.154,0.525,0.464,0.542,0.222,-0.158,0.309,0.373,0.013,0.497,0.521,0.742,-0.146,0.386,0.47,0.434,-0.516,0.478,-0.055,-0.107,0.372,-0.283,-0.196,0.008,0.621,0.521,0.477,0.783,-0.417,-0.296,-0.105,0.214,-0.01,0.197,-0.046,0.503
AZN,-0.707,0.703,-0.467,0.394,0.526,0.662,-0.475,0.846,0.53,1.0,0.567,0.813,-0.445,-0.531,0.535,0.056,0.624,0.637,-0.011,-0.447,-0.015,0.726,-0.246,0.049,-0.37,-0.134,0.748,-0.183,0.119,-0.231,0.749,0.774,0.8,-0.515,-0.436,-0.239,0.093,0.766,0.72,-0.605,0.369,-0.352,-0.424,0.2,0.395,0.695,-0.018,-0.165,0.632,-0.4,0.42,0.807,0.794,0.631,0.094,-0.285,0.619,0.363,0.393,0.669,-0.36,-0.346,0.233,0.568,0.016,0.742,0.739,0.537,-0.181,-0.323,0.18,0.209,0.105,0.55,0.777,0.766,-0.244,0.709,0.594,0.638,-0.525,0.419,-0.216,-0.594,0.451,-0.541,-0.359,0.442,0.387,0.587,0.572,0.549,-0.689,-0.285,-0.242,0.595,-0.147,-0.195,-0.391,0.736
BIDU,-0.282,0.457,-0.171,0.659,0.633,0.139,-0.216,0.695,0.648,0.567,1.0,0.732,-0.29,-0.409,0.173,-0.333,0.594,0.397,-0.136,-0.14,0.231,0.765,-0.163,-0.278,-0.048,0.24,0.446,-0.172,-0.167,-0.157,0.31,0.211,0.365,-0.16,0.109,-0.43,-0.033,0.371,0.544,-0.306,0.848,0.152,-0.241,0.455,0.459,0.286,0.158,-0.006,0.722,-0.05,0.548,0.483,0.53,0.213,0.542,-0.391,0.716,0.571,0.29,0.597,0.037,0.265,0.573,0.659,-0.387,0.751,0.526,0.802,0.477,-0.127,0.067,0.573,-0.016,0.698,0.547,0.749,-0.167,0.372,0.587,0.539,-0.537,0.547,0.043,-0.003,0.419,-0.366,0.006,-0.079,0.616,0.677,0.724,0.723,-0.37,-0.471,-0.22,0.203,-0.099,0.253,-0.131,0.401
BILI,-0.659,0.758,-0.525,0.377,0.696,0.643,-0.547,0.907,0.551,0.813,0.732,1.0,-0.556,-0.589,0.509,-0.136,0.789,0.715,-0.294,-0.477,-0.045,0.67,-0.413,-0.265,-0.367,-0.148,0.793,-0.391,0.205,-0.262,0.385,0.625,0.672,-0.568,-0.337,-0.407,-0.123,0.695,0.656,-0.652,0.627,-0.238,-0.529,0.131,0.633,0.612,-0.103,-0.27,0.67,-0.353,0.417,0.791,0.804,0.594,0.185,-0.483,0.84,0.575,0.204,0.786,-0.361,-0.114,0.25,0.608,-0.292,0.812,0.848,0.59,0.152,-0.429,-0.041,0.365,0.001,0.727,0.869,0.805,-0.361,0.601,0.751,0.784,-0.574,0.364,-0.253,-0.472,0.658,-0.54,-0.435,0.188,0.329,0.793,0.768,0.52,-0.662,-0.519,-0.401,0.514,-0.357,-0.109,-0.426,0.675
BKR,0.776,-0.587,0.781,0.146,-0.596,-0.624,0.798,-0.448,-0.218,-0.445,-0.29,-0.556,1.0,0.685,-0.508,0.139,-0.655,-0.722,0.755,0.704,0.25,-0.16,0.858,0.639,0.807,0.738,-0.618,0.792,-0.159,0.428,-0.109,-0.404,-0.408,0.716,0.584,0.642,0.566,-0.714,-0.422,0.835,-0.204,0.486,0.895,0.426,-0.55,-0.57,0.643,0.729,-0.538,0.669,-0.334,-0.654,-0.591,-0.638,0.143,0.553,-0.564,-0.363,0.067,-0.618,0.746,0.147,0.334,-0.358,0.622,-0.599,-0.644,-0.242,0.211,0.705,0.4,-0.253,0.329,-0.619,-0.614,-0.402,0.712,-0.495,-0.628,-0.718,0.595,0.117,0.677,0.669,-0.624,0.698,0.656,-0.058,0.196,-0.62,-0.622,0.034,0.755,0.663,0.815,-0.388,0.803,0.512,0.788,-0.667
CAN,0.611,-0.635,0.594,0.026,-0.628,-0.698,0.486,-0.585,-0.278,-0.531,-0.409,-0.589,0.685,1.0,-0.562,0.124,-0.731,-0.744,0.371,0.64,-0.025,-0.359,0.582,0.521,0.54,0.459,-0.777,0.562,-0.306,0.213,-0.288,-0.634,-0.641,0.668,0.469,0.278,0.439,-0.633,-0.364,0.59,-0.334,0.427,0.729,0.294,-0.491,-0.251,0.466,0.525,-0.572,0.548,-0.42,-0.646,-0.765,-0.301,0.085,0.496,-0.575,-0.48,-0.065,-0.694,0.517,0.122,0.22,-0.452,0.312,-0.691,-0.671,-0.337,0.225,0.458,0.358,-0.413,-0.083,-0.639,-0.76,-0.486,0.482,-0.191,-0.72,-0.757,0.394,-0.178,0.509,0.591,-0.662,0.673,0.507,-0.249,-0.103,-0.701,-0.652,-0.105,0.522,0.381,0.567,-0.38,0.558,0.374,0.592,-0.654
CHRD,-0.613,0.629,-0.654,-0.071,0.321,0.713,-0.348,0.526,0.244,0.535,0.173,0.509,-0.508,-0.562,1.0,0.133,0.654,0.589,-0.383,-0.534,-0.331,0.207,-0.559,-0.323,-0.508,-0.511,0.653,-0.339,0.274,-0.118,0.243,0.652,0.636,-0.51,-0.538,-0.103,-0.354,0.608,0.409,-0.597,0.095,-0.541,-0.629,-0.251,0.698,0.568,-0.397,-0.52,0.333,-0.478,0.186,0.58,0.627,0.487,-0.219,-0.468,0.48,0.198,0.1,0.478,-0.493,-0.383,-0.159,0.261,-0.057,0.543,0.644,0.1,-0.381,-0.314,-0.187,0.149,0.35,0.439,0.651,0.414,-0.337,0.461,0.522,0.635,-0.099,0.236,-0.381,-0.629,0.69,-0.335,-0.651,0.208,-0.046,0.494,0.362,0.084,-0.445,-0.009,-0.489,0.357,-0.488,-0.44,-0.576,0.595
CMCSA,-0.085,-0.011,-0.138,-0.06,-0.166,0.159,0.03,-0.155,-0.083,0.056,-0.333,-0.136,0.139,0.124,0.133,1.0,-0.094,-0.125,0.185,0.172,-0.386,-0.175,0.234,0.353,-0.001,-0.056,0.031,0.133,0.177,-0.129,0.119,0.123,0.078,-0.023,-0.206,0.167,0.306,-0.111,-0.258,0.025,-0.237,-0.091,0.116,-0.003,-0.176,0.065,0.116,0.187,-0.185,0.161,-0.193,-0.015,-0.015,0.18,-0.124,0.136,-0.231,-0.333,-0.167,-0.128,0.011,-0.376,-0.217,-0.021,0.295,-0.224,-0.043,-0.217,-0.198,-0.046,0.521,-0.353,-0.076,-0.307,-0.054,-0.058,0.06,-0.013,-0.138,-0.11,0.196,-0.189,-0.002,-0.262,-0.148,0.119,-0.323,0.099,-0.196,-0.246,-0.27,-0.026,0.025,0.378,0.163,-0.139,0.161,-0.074,0.094,-0.033
CPRT,-0.65,0.822,-0.632,0.154,0.733,0.684,-0.533,0.693,0.509,0.624,0.594,0.789,-0.655,-0.731,0.654,-0.094,1.0,0.775,-0.439,-0.533,-0.147,0.485,-0.565,-0.509,-0.477,-0.368,0.869,-0.583,0.31,-0.301,0.188,0.625,0.688,-0.639,-0.448,-0.416,-0.387,0.639,0.471,-0.691,0.568,-0.309,-0.686,-0.094,0.716,0.457,-0.366,-0.425,0.711,-0.497,0.46,0.728,0.847,0.534,0.046,-0.641,0.81,0.512,0.069,0.853,-0.46,-0.055,0.02,0.647,-0.387,0.743,0.768,0.457,0.02,-0.522,-0.232,0.427,0.025,0.678,0.889,0.651,-0.568,0.438,0.796,0.833,-0.496,0.227,-0.483,-0.579,0.829,-0.586,-0.615,0.124,0.249,0.718,0.659,0.341,-0.604,-0.449,-0.606,0.33,-0.533,-0.311,-0.597,0.667
CRWD,-0.726,0.813,-0.718,0.05,0.612,0.768,-0.62,0.602,0.457,0.637,0.397,0.715,-0.722,-0.744,0.589,-0.125,0.775,1.0,-0.456,-0.768,-0.219,0.398,-0.649,-0.442,-0.587,-0.491,0.765,-0.654,0.226,-0.356,0.284,0.639,0.649,-0.717,-0.584,-0.426,-0.418,0.743,0.601,-0.804,0.323,-0.465,-0.774,-0.207,0.571,0.545,-0.439,-0.527,0.581,-0.665,0.41,0.73,0.854,0.594,-0.128,-0.478,0.771,0.506,0.061,0.833,-0.715,-0.198,-0.08,0.422,-0.326,0.633,0.741,0.29,-0.242,-0.629,-0.274,0.345,-0.031,0.693,0.822,0.545,-0.556,0.531,0.714,0.754,-0.578,0.123,-0.629,-0.577,0.723,-0.638,-0.573,0.168,0.127,0.674,0.598,0.228,-0.688,-0.517,-0.604,0.456,-0.579,-0.407,-0.674,0.763
CSCO,0.48,-0.378,0.631,0.288,-0.408,-0.336,0.63,-0.136,-0.033,-0.011,-0.136,-0.294,0.755,0.371,-0.383,0.185,-0.439,-0.456,1.0,0.55,0.341,0.154,0.846,0.786,0.673,0.745,-0.286,0.834,-0.141,0.453,0.375,0.023,0.046,0.464,0.39,0.64,0.728,-0.339,-0.209,0.624,-0.167,0.317,0.711,0.525,-0.562,-0.349,0.715,0.777,-0.271,0.545,-0.073,-0.32,-0.227,-0.429,0.164,0.631,-0.382,-0.265,0.34,-0.396,0.64,0.035,0.373,-0.153,0.764,-0.276,-0.372,-0.09,-0.002,0.691,0.549,-0.092,0.363,-0.385,-0.335,-0.138,0.611,-0.284,-0.425,-0.515,0.375,0.356,0.672,0.332,-0.506,0.431,0.541,0.299,0.404,-0.419,-0.404,0.266,0.467,0.604,0.827,-0.105,0.873,0.415,0.699,-0.407
CSX,0.72,-0.634,0.674,0.282,-0.416,-0.677,0.667,-0.416,-0.143,-0.447,-0.14,-0.477,0.704,0.64,-0.534,0.172,-0.533,-0.768,0.55,1.0,0.092,-0.16,0.773,0.532,0.775,0.714,-0.583,0.62,-0.286,0.203,-0.177,-0.528,-0.485,0.734,0.715,0.405,0.655,-0.704,-0.583,0.774,0.003,0.685,0.769,0.487,-0.572,-0.481,0.672,0.782,-0.358,0.707,-0.379,-0.57,-0.622,-0.43,0.473,0.364,-0.534,-0.473,-0.155,-0.625,0.83,0.26,0.33,-0.234,0.38,-0.549,-0.619,-0.088,0.494,0.528,0.546,-0.27,0.031,-0.579,-0.608,-0.273,0.616,-0.456,-0.577,-0.679,0.415,0.079,0.651,0.578,-0.59,0.652,0.471,-0.26,0.161,-0.592,-0.476,0.123,0.648,0.482,0.727,-0.465,0.775,0.65,0.828,-0.726
DKNG,0.113,-0.139,0.423,0.197,-0.001,-0.293,0.26,0.129,-0.049,-0.015,0.231,-0.045,0.25,-0.025,-0.331,-0.386,-0.147,-0.219,0.341,0.092,1.0,0.307,0.255,0.095,0.297,0.422,-0.107,0.345,-0.206,0.483,0.191,-0.065,0.01,0.112,0.328,0.187,0.107,-0.12,0.043,0.183,0.2,0.178,0.268,0.248,-0.123,-0.215,0.23,0.18,0.143,0.222,0.421,-0.109,-0.063,-0.368,0.21,0.208,0.027,0.325,0.614,-0.124,0.41,0.49,0.374,0.298,0.141,0.213,-0.165,0.259,0.082,0.538,-0.095,0.523,0.195,0.167,-0.108,0.059,0.268,-0.14,0.093,-0.041,-0.071,0.324,0.435,0.235,-0.187,-0.057,0.517,0.117,0.44,0.082,0.153,0.197,0.068,-0.076,0.264,-0.029,0.179,0.231,0.177,-0.194
EBAY,-0.403,0.547,-0.155,0.693,0.605,0.242,-0.198,0.74,0.676,0.726,0.765,0.67,-0.16,-0.359,0.207,-0.175,0.485,0.398,0.154,-0.16,0.307,1.0,-0.013,0.072,0.003,0.29,0.52,0.037,-0.234,-0.053,0.617,0.453,0.588,-0.258,-0.007,-0.22,0.242,0.453,0.655,-0.301,0.631,-0.045,-0.149,0.577,0.265,0.437,0.322,0.062,0.651,-0.148,0.625,0.579,0.643,0.301,0.469,-0.061,0.601,0.513,0.567,0.595,0.073,0.024,0.599,0.695,0.007,0.727,0.498,0.672,0.184,0.02,0.274,0.496,0.13,0.547,0.521,0.832,-0.003,0.525,0.49,0.46,-0.564,0.626,0.15,-0.192,0.2,-0.443,0.013,0.259,0.749,0.556,0.596,0.817,-0.469,-0.346,-0.007,0.323,0.069,0.111,-0.046,0.505
ERIC,0.64,-0.543,0.727,0.299,-0.49,-0.545,0.672,-0.309,-0.097,-0.246,-0.163,-0.413,0.858,0.582,-0.559,0.234,-0.565,-0.649,0.846,0.773,0.255,-0.013,1.0,0.765,0.803,0.825,-0.501,0.808,-0.138,0.377,0.112,-0.289,-0.278,0.693,0.542,0.538,0.754,-0.615,-0.397,0.758,-0.114,0.509,0.877,0.554,-0.677,-0.475,0.784,0.865,-0.392,0.713,-0.3,-0.5,-0.459,-0.479,0.276,0.573,-0.496,-0.402,0.091,-0.537,0.762,0.125,0.387,-0.199,0.634,-0.49,-0.549,-0.136,0.242,0.662,0.612,-0.229,0.149,-0.549,-0.505,-0.238,0.691,-0.417,-0.58,-0.656,0.422,0.165,0.728,0.543,-0.625,0.578,0.608,0.018,0.308,-0.581,-0.511,0.216,0.605,0.56,0.877,-0.293,0.895,0.555,0.823,-0.596
EXC,0.355,-0.325,0.43,0.267,-0.468,-0.238,0.4,-0.124,-0.082,0.049,-0.278,-0.265,0.639,0.521,-0.323,0.353,-0.509,-0.442,0.786,0.532,0.095,0.072,0.765,1.0,0.525,0.555,-0.301,0.704,-0.117,0.288,0.394,0.041,0.007,0.377,0.183,0.562,0.827,-0.276,-0.13,0.499,-0.327,0.124,0.651,0.486,-0.613,-0.088,0.689,0.695,-0.322,0.429,-0.349,-0.241,-0.242,-0.133,0.087,0.613,-0.46,-0.418,0.177,-0.388,0.424,-0.232,0.219,-0.25,0.72,-0.391,-0.31,-0.162,-0.092,0.475,0.697,-0.425,0.201,-0.514,-0.344,-0.137,0.676,-0.077,-0.525,-0.512,0.293,0.159,0.551,0.265,-0.603,0.344,0.409,0.356,0.201,-0.508,-0.499,0.208,0.334,0.554,0.775,0.01,0.78,0.274,0.605,-0.318
FITB,0.69,-0.525,0.777,0.372,-0.402,-0.607,0.805,-0.281,-0.071,-0.37,-0.048,-0.367,0.807,0.54,-0.508,-0.001,-0.477,-0.587,0.673,0.775,0.297,0.003,0.803,0.525,1.0,0.867,-0.548,0.709,-0.327,0.346,-0.09,-0.447,-0.387,0.752,0.776,0.453,0.571,-0.7,-0.381,0.716,0.097,0.662,0.819,0.592,-0.483,-0.487,0.748,0.816,-0.375,0.697,-0.262,-0.56,-0.48,-0.508,0.456,0.427,-0.292,-0.251,0.054,-0.489,0.812,0.356,0.528,-0.199,0.463,-0.411,-0.548,-0.033,0.428,0.673,0.462,-0.071,0.197,-0.396,-0.5,-0.222,0.672,-0.432,-0.458,-0.534,0.339,0.252,0.779,0.638,-0.545,0.65,0.586,-0.19,0.334,-0.458,-0.386,0.261,0.632,0.429,0.806,-0.414,0.803,0.755,0.867,-0.694
FLEX,0.577,-0.416,0.717,0.596,-0.229,-0.58,0.69,-0.066,0.176,-0.134,0.24,-0.148,0.738,0.459,-0.511,-0.056,-0.368,-0.491,0.745,0.714,0.422,0.29,0.825,0.555,0.867,1.0,-0.403,0.754,-0.331,0.363,0.118,-0.316,-0.199,0.675,0.71,0.35,0.659,-0.524,-0.207,0.634,0.281,0.667,0.78,0.784,-0.404,-0.384,0.871,0.858,-0.12,0.739,-0.019,-0.393,-0.305,-0.457,0.575,0.475,-0.153,-0.052,0.25,-0.319,0.819,0.38,0.696,-0.003,0.412,-0.181,-0.356,0.162,0.512,0.711,0.565,0.115,0.181,-0.195,-0.358,0.015,0.601,-0.301,-0.334,-0.443,0.21,0.424,0.842,0.609,-0.449,0.529,0.607,-0.15,0.544,-0.286,-0.197,0.511,0.489,0.341,0.8,-0.261,0.833,0.747,0.832,-0.485
FTNT,-0.734,0.868,-0.626,0.15,0.72,0.851,-0.572,0.759,0.432,0.748,0.446,0.793,-0.618,-0.777,0.653,0.031,0.869,0.765,-0.286,-0.583,-0.107,0.52,-0.501,-0.301,-0.548,-0.403,1.0,-0.488,0.401,-0.204,0.384,0.845,0.854,-0.731,-0.553,-0.244,-0.199,0.725,0.501,-0.655,0.414,-0.449,-0.648,-0.102,0.616,0.545,-0.317,-0.416,0.704,-0.558,0.397,0.84,0.914,0.59,-0.021,-0.501,0.689,0.53,0.153,0.846,-0.5,-0.269,-0.08,0.594,-0.145,0.747,0.843,0.396,-0.179,-0.5,-0.138,0.334,0.147,0.593,0.929,0.692,-0.469,0.503,0.763,0.832,-0.445,0.216,-0.488,-0.733,0.725,-0.645,-0.622,0.411,0.233,0.676,0.62,0.31,-0.671,-0.336,-0.49,0.483,-0.48,-0.413,-0.561,0.756
GEN,0.569,-0.558,0.662,0.237,-0.534,-0.481,0.702,-0.223,-0.099,-0.183,-0.172,-0.391,0.792,0.562,-0.339,0.133,-0.583,-0.654,0.834,0.62,0.345,0.037,0.808,0.704,0.709,0.754,-0.488,1.0,-0.221,0.599,0.19,-0.194,-0.155,0.626,0.477,0.615,0.659,-0.475,-0.284,0.676,-0.214,0.346,0.746,0.516,-0.493,-0.288,0.724,0.702,-0.393,0.698,-0.146,-0.483,-0.444,-0.478,0.149,0.688,-0.483,-0.296,0.38,-0.601,0.746,0.085,0.419,-0.208,0.675,-0.28,-0.446,-0.147,0.102,0.892,0.507,-0.056,0.342,-0.431,-0.528,-0.242,0.681,-0.264,-0.559,-0.547,0.552,0.338,0.84,0.485,-0.532,0.655,0.62,0.12,0.279,-0.47,-0.482,0.178,0.614,0.664,0.851,-0.212,0.819,0.462,0.736,-0.538
GERN,-0.17,0.238,-0.235,-0.429,0.1,0.449,-0.278,0.07,-0.185,0.119,-0.167,0.205,-0.159,-0.306,0.274,0.177,0.31,0.226,-0.141,-0.286,-0.206,-0.234,-0.138,-0.117,-0.327,-0.331,0.401,-0.221,1.0,-0.01,-0.075,0.396,0.254,-0.35,-0.454,0.063,-0.28,0.176,-0.167,-0.144,-0.059,-0.216,-0.225,-0.467,0.171,-0.099,-0.412,-0.235,-0.055,-0.124,-0.131,0.218,0.285,0.093,-0.461,-0.164,0.044,-0.088,-0.254,0.254,-0.324,-0.231,-0.524,0.086,-0.022,0.013,0.265,-0.334,-0.136,-0.303,-0.239,-0.168,0.032,-0.087,0.391,-0.081,-0.34,-0.184,0.138,0.199,0.183,-0.423,-0.402,-0.345,0.471,-0.072,-0.367,0.304,-0.339,0.035,-0.082,-0.372,-0.036,0.036,-0.25,0.105,-0.277,-0.435,-0.335,0.215
GEVO,0.338,-0.346,0.387,-0.082,-0.45,-0.287,0.458,-0.045,-0.301,-0.231,-0.157,-0.262,0.428,0.213,-0.118,-0.129,-0.301,-0.356,0.453,0.203,0.483,-0.053,0.377,0.288,0.346,0.363,-0.204,0.599,-0.01,1.0,0.029,0.046,0.023,0.284,0.263,0.579,0.276,-0.153,-0.158,0.388,-0.238,-0.045,0.311,0.12,-0.139,-0.267,0.266,0.251,-0.16,0.363,0.094,-0.26,-0.239,-0.481,-0.11,0.526,-0.288,0.109,0.371,-0.384,0.374,0.258,0.078,-0.05,0.481,-0.017,-0.234,-0.179,-0.117,0.748,-0.011,0.251,0.481,-0.104,-0.334,-0.266,0.426,-0.272,-0.31,-0.249,0.466,0.263,0.585,0.314,-0.206,0.327,0.513,0.218,0.084,-0.199,-0.256,-0.087,0.433,0.405,0.414,-0.027,0.268,0.097,0.295,-0.329
GILD,-0.385,0.395,-0.148,0.386,0.223,0.358,-0.09,0.52,0.368,0.749,0.31,0.385,-0.109,-0.288,0.243,0.119,0.188,0.284,0.375,-0.177,0.191,0.617,0.112,0.394,-0.09,0.118,0.384,0.19,-0.075,0.029,1.0,0.6,0.63,-0.245,-0.242,0.061,0.336,0.486,0.551,-0.272,0.091,-0.292,-0.086,0.314,-0.014,0.413,0.256,0.138,0.388,-0.134,0.35,0.481,0.521,0.301,0.064,0.129,0.202,0.112,0.571,0.291,-0.085,-0.299,0.225,0.316,0.344,0.448,0.34,0.36,-0.328,0.032,0.368,0.065,0.212,0.245,0.379,0.501,0.142,0.447,0.217,0.261,-0.314,0.466,0.094,-0.358,-0.009,-0.361,0.011,0.601,0.434,0.244,0.265,0.485,-0.376,-0.036,0.141,0.355,0.176,-0.077,-0.059,0.394
GOOG,-0.613,0.709,-0.506,0.076,0.362,0.793,-0.399,0.698,0.294,0.774,0.211,0.625,-0.404,-0.634,0.652,0.123,0.625,0.639,0.023,-0.528,-0.065,0.453,-0.289,0.041,-0.447,-0.316,0.845,-0.194,0.396,0.046,0.6,1.0,0.953,-0.64,-0.591,0.101,0.03,0.742,0.531,-0.523,0.068,-0.582,-0.506,-0.057,0.423,0.505,-0.193,-0.271,0.526,-0.485,0.287,0.763,0.812,0.478,-0.213,-0.147,0.44,0.355,0.284,0.616,-0.497,-0.402,-0.124,0.375,0.211,0.588,0.696,0.213,-0.455,-0.277,-0.013,0.132,0.37,0.403,0.764,0.533,-0.263,0.456,0.495,0.604,-0.23,0.285,-0.318,-0.714,0.525,-0.492,-0.482,0.675,0.163,0.473,0.369,0.244,-0.498,-0.018,-0.27,0.561,-0.258,-0.469,-0.466,0.701
GOOGL,-0.615,0.749,-0.496,0.25,0.473,0.743,-0.355,0.744,0.47,0.8,0.365,0.672,-0.408,-0.641,0.636,0.078,0.688,0.649,0.046,-0.485,0.01,0.588,-0.278,0.007,-0.387,-0.199,0.854,-0.155,0.254,0.023,0.63,0.953,1.0,-0.618,-0.501,0.009,0.061,0.706,0.573,-0.536,0.207,-0.485,-0.481,0.112,0.485,0.536,-0.075,-0.193,0.648,-0.421,0.411,0.769,0.861,0.483,-0.05,-0.181,0.54,0.456,0.415,0.677,-0.389,-0.335,0.054,0.463,0.179,0.69,0.735,0.358,-0.366,-0.195,0.06,0.295,0.343,0.535,0.79,0.655,-0.264,0.511,0.593,0.655,-0.287,0.442,-0.235,-0.669,0.531,-0.515,-0.462,0.574,0.342,0.565,0.475,0.429,-0.522,-0.049,-0.242,0.551,-0.21,-0.345,-0.401,0.708
GT,0.688,-0.716,0.708,0.215,-0.538,-0.727,0.731,-0.506,-0.18,-0.515,-0.16,-0.568,0.716,0.668,-0.51,-0.023,-0.639,-0.717,0.464,0.734,0.112,-0.258,0.693,0.377,0.752,0.675,-0.731,0.626,-0.35,0.284,-0.245,-0.64,-0.618,1.0,0.714,0.36,0.385,-0.704,-0.425,0.716,-0.082,0.655,0.786,0.393,-0.455,-0.477,0.535,0.673,-0.505,0.655,-0.386,-0.659,-0.714,-0.554,0.367,0.375,-0.5,-0.399,-0.127,-0.653,0.661,0.329,0.333,-0.419,0.252,-0.559,-0.668,-0.215,0.365,0.582,0.365,-0.257,0.096,-0.561,-0.677,-0.405,0.544,-0.42,-0.669,-0.68,0.42,0.062,0.653,0.701,-0.528,0.735,0.638,-0.325,0.058,-0.61,-0.492,0.036,0.61,0.42,0.643,-0.444,0.706,0.648,0.719,-0.701
HBAN,0.622,-0.493,0.693,0.421,-0.291,-0.686,0.731,-0.302,-0.011,-0.436,0.109,-0.337,0.584,0.469,-0.538,-0.206,-0.448,-0.584,0.39,0.715,0.328,-0.007,0.542,0.183,0.776,0.71,-0.553,0.477,-0.454,0.263,-0.242,-0.591,-0.501,0.714,1.0,0.177,0.39,-0.576,-0.341,0.593,0.239,0.83,0.626,0.516,-0.271,-0.468,0.521,0.603,-0.224,0.556,-0.048,-0.391,-0.511,-0.545,0.593,0.256,-0.243,-0.08,0.007,-0.461,0.736,0.551,0.525,-0.143,0.161,-0.291,-0.527,0.099,0.527,0.52,0.282,0.087,0.137,-0.241,-0.515,-0.085,0.526,-0.376,-0.392,-0.488,0.138,0.22,0.617,0.693,-0.424,0.508,0.594,-0.309,0.331,-0.277,-0.169,0.244,0.501,0.167,0.517,-0.418,0.552,0.857,0.749,-0.608
HST,0.545,-0.372,0.428,-0.097,-0.525,-0.168,0.568,-0.206,-0.399,-0.239,-0.43,-0.407,0.642,0.278,-0.103,0.167,-0.416,-0.426,0.64,0.405,0.187,-0.22,0.538,0.562,0.453,0.35,-0.244,0.615,0.063,0.579,0.061,0.101,0.009,0.36,0.177,1.0,0.439,-0.276,-0.358,0.589,-0.411,0.011,0.485,0.102,-0.356,-0.339,0.338,0.381,-0.353,0.316,-0.353,-0.327,-0.309,-0.383,-0.138,0.492,-0.551,-0.326,0.042,-0.459,0.368,-0.065,-0.075,-0.315,0.733,-0.415,-0.356,-0.327,-0.138,0.545,0.198,-0.293,0.531,-0.506,-0.339,-0.38,0.565,-0.368,-0.517,-0.431,0.691,0.084,0.413,0.202,-0.358,0.514,0.335,0.272,-0.021,-0.475,-0.504,-0.182,0.627,0.737,0.627,-0.155,0.567,0.089,0.461,-0.41
INTC,0.343,-0.266,0.418,0.509,-0.295,-0.292,0.404,0.009,0.119,0.093,-0.033,-0.123,0.566,0.439,-0.354,0.306,-0.387,-0.418,0.728,0.655,0.107,0.242,0.754,0.827,0.571,0.659,-0.199,0.659,-0.28,0.276,0.336,0.03,0.061,0.385,0.39,0.439,1.0,-0.253,-0.105,0.492,-0.093,0.291,0.612,0.686,-0.511,-0.031,0.825,0.765,-0.067,0.437,-0.206,-0.116,-0.185,-0.09,0.398,0.557,-0.324,-0.214,0.173,-0.304,0.559,-0.088,0.456,-0.07,0.629,-0.222,-0.204,0.112,0.12,0.464,0.766,-0.228,0.143,-0.335,-0.281,0.09,0.64,0.005,-0.4,-0.428,0.174,0.339,0.623,0.252,-0.547,0.301,0.372,0.178,0.379,-0.343,-0.282,0.446,0.293,0.44,0.755,0.025,0.779,0.468,0.676,-0.269
IOVA,-0.743,0.685,-0.623,0.031,0.49,0.693,-0.62,0.7,0.328,0.766,0.371,0.695,-0.714,-0.633,0.608,-0.111,0.639,0.743,-0.339,-0.704,-0.12,0.453,-0.615,-0.276,-0.7,-0.524,0.725,-0.475,0.176,-0.153,0.486,0.742,0.706,-0.704,-0.576,-0.276,-0.253,1.0,0.686,-0.73,0.181,-0.564,-0.722,-0.176,0.561,0.624,-0.438,-0.554,0.574,-0.664,0.461,0.828,0.739,0.532,-0.187,-0.303,0.541,0.387,0.2,0.661,-0.682,-0.229,-0.126,0.434,-0.223,0.703,0.746,0.306,-0.351,-0.489,-0.182,0.19,0.019,0.591,0.699,0.555,-0.446,0.6,0.514,0.658,-0.524,0.179,-0.484,-0.65,0.609,-0.65,-0.474,0.406,0.076,0.626,0.577,0.183,-0.716,-0.447,-0.555,0.656,-0.518,-0.486,-0.677,0.855
IQ,-0.609,0.621,-0.421,0.328,0.439,0.412,-0.423,0.691,0.487,0.72,0.544,0.656,-0.422,-0.364,0.409,-0.258,0.471,0.601,-0.209,-0.583,0.043,0.655,-0.397,-0.13,-0.381,-0.207,0.501,-0.284,-0.167,-0.158,0.551,0.531,0.573,-0.425,-0.341,-0.358,-0.105,0.686,1.0,-0.61,0.254,-0.436,-0.442,0.134,0.47,0.66,-0.107,-0.299,0.55,-0.534,0.472,0.641,0.613,0.469,0.044,-0.224,0.618,0.561,0.422,0.609,-0.465,-0.169,0.285,0.355,-0.15,0.655,0.55,0.541,-0.205,-0.327,-0.08,0.248,0.112,0.579,0.569,0.649,-0.213,0.741,0.52,0.532,-0.629,0.439,-0.228,-0.343,0.317,-0.632,-0.113,0.32,0.358,0.624,0.59,0.469,-0.654,-0.448,-0.345,0.524,-0.317,-0.185,-0.472,0.652
JBLU,0.899,-0.761,0.813,0.038,-0.534,-0.718,0.699,-0.55,-0.349,-0.605,-0.306,-0.652,0.835,0.59,-0.597,0.025,-0.691,-0.804,0.624,0.774,0.183,-0.301,0.758,0.499,0.716,0.634,-0.655,0.676,-0.144,0.388,-0.272,-0.523,-0.536,0.716,0.593,0.589,0.492,-0.73,-0.61,1.0,-0.21,0.528,0.809,0.315,-0.621,-0.697,0.555,0.62,-0.526,0.641,-0.465,-0.745,-0.709,-0.694,0.203,0.477,-0.669,-0.473,-0.131,-0.679,0.76,0.229,0.174,-0.44,0.456,-0.634,-0.669,-0.249,0.306,0.637,0.285,-0.27,0.168,-0.645,-0.708,-0.517,0.64,-0.654,-0.677,-0.774,0.632,-0.0,0.605,0.696,-0.642,0.675,0.655,-0.155,0.076,-0.679,-0.636,-0.117,0.846,0.608,0.732,-0.369,0.73,0.468,0.785,-0.703
JD,-0.221,0.45,-0.008,0.629,0.687,0.127,-0.117,0.532,0.581,0.369,0.848,0.627,-0.204,-0.334,0.095,-0.237,0.568,0.323,-0.167,0.003,0.2,0.631,-0.114,-0.327,0.097,0.281,0.414,-0.214,-0.059,-0.238,0.091,0.068,0.207,-0.082,0.239,-0.411,-0.093,0.181,0.254,-0.21,1.0,0.378,-0.114,0.441,0.445,0.103,0.13,0.054,0.575,0.05,0.443,0.373,0.461,0.125,0.64,-0.459,0.695,0.463,0.099,0.557,0.145,0.419,0.525,0.683,-0.423,0.577,0.415,0.598,0.649,-0.163,0.104,0.52,-0.109,0.534,0.508,0.665,-0.177,0.169,0.541,0.492,-0.515,0.344,0.023,0.016,0.444,-0.201,-0.093,-0.173,0.547,0.528,0.62,0.647,-0.326,-0.504,-0.176,0.008,-0.089,0.324,-0.003,0.266
KDP,0.544,-0.406,0.637,0.406,-0.131,-0.564,0.562,-0.328,0.092,-0.352,0.152,-0.238,0.486,0.427,-0.541,-0.091,-0.309,-0.465,0.317,0.685,0.178,-0.045,0.509,0.124,0.662,0.667,-0.449,0.346,-0.216,-0.045,-0.292,-0.582,-0.485,0.655,0.83,0.011,0.291,-0.564,-0.436,0.528,0.378,1.0,0.596,0.482,-0.231,-0.452,0.43,0.609,-0.195,0.581,-0.116,-0.368,-0.417,-0.407,0.596,0.094,-0.133,-0.186,-0.12,-0.311,0.651,0.518,0.483,-0.085,-0.016,-0.322,-0.418,0.042,0.627,0.319,0.353,0.014,-0.121,-0.245,-0.353,-0.058,0.277,-0.363,-0.306,-0.423,0.097,0.053,0.416,0.567,-0.249,0.537,0.373,-0.408,0.289,-0.312,-0.183,0.256,0.406,0.101,0.418,-0.396,0.544,0.792,0.664,-0.488
KHC,0.714,-0.606,0.838,0.252,-0.476,-0.642,0.753,-0.434,-0.182,-0.424,-0.241,-0.529,0.895,0.729,-0.629,0.116,-0.686,-0.774,0.711,0.769,0.268,-0.149,0.877,0.651,0.819,0.78,-0.648,0.746,-0.225,0.311,-0.086,-0.506,-0.481,0.786,0.626,0.485,0.612,-0.722,-0.442,0.809,-0.114,0.596,1.0,0.501,-0.595,-0.514,0.726,0.818,-0.485,0.715,-0.405,-0.63,-0.63,-0.546,0.298,0.479,-0.544,-0.427,0.043,-0.604,0.767,0.224,0.377,-0.32,0.529,-0.602,-0.632,-0.183,0.3,0.652,0.523,-0.306,0.068,-0.592,-0.613,-0.352,0.707,-0.447,-0.621,-0.694,0.464,0.054,0.712,0.618,-0.683,0.647,0.63,-0.166,0.216,-0.641,-0.517,0.108,0.62,0.504,0.856,-0.335,0.832,0.59,0.851,-0.668
LRCX,0.228,-0.017,0.411,0.902,0.077,-0.303,0.378,0.201,0.552,0.2,0.455,0.131,0.426,0.294,-0.251,-0.003,-0.094,-0.207,0.525,0.487,0.248,0.577,0.554,0.486,0.592,0.784,-0.102,0.516,-0.467,0.12,0.314,-0.057,0.112,0.393,0.516,0.102,0.686,-0.176,0.134,0.315,0.441,0.482,0.501,1.0,-0.12,0.002,0.831,0.648,0.255,0.406,0.143,0.006,0.044,-0.086,0.744,0.292,0.134,0.11,0.329,0.028,0.567,0.246,0.814,0.225,0.282,0.106,-0.035,0.425,0.432,0.447,0.68,0.194,0.131,0.079,-0.06,0.44,0.423,0.111,-0.076,-0.137,-0.145,0.518,0.609,0.363,-0.282,0.222,0.345,-0.043,0.7,0.021,0.076,0.843,0.12,0.147,0.527,-0.024,0.629,0.61,0.612,-0.065
LYFT,-0.546,0.676,-0.539,0.116,0.54,0.524,-0.359,0.556,0.366,0.395,0.459,0.633,-0.55,-0.491,0.698,-0.176,0.716,0.571,-0.562,-0.572,-0.123,0.265,-0.677,-0.613,-0.483,-0.404,0.616,-0.493,0.171,-0.139,-0.014,0.423,0.485,-0.455,-0.271,-0.356,-0.511,0.561,0.47,-0.621,0.445,-0.231,-0.595,-0.12,1.0,0.464,-0.422,-0.523,0.513,-0.42,0.404,0.591,0.588,0.363,0.08,-0.589,0.727,0.557,0.137,0.591,-0.442,0.054,0.077,0.367,-0.449,0.668,0.704,0.324,-0.028,-0.358,-0.33,0.375,0.137,0.631,0.666,0.52,-0.492,0.438,0.666,0.72,-0.316,0.243,-0.353,-0.416,0.783,-0.372,-0.542,-0.031,0.059,0.69,0.588,0.216,-0.516,-0.381,-0.637,0.293,-0.605,-0.197,-0.555,0.555
MARA,-0.713,0.607,-0.63,0.19,0.412,0.588,-0.576,0.602,0.311,0.695,0.286,0.612,-0.57,-0.251,0.568,0.065,0.457,0.545,-0.349,-0.481,-0.215,0.437,-0.475,-0.088,-0.487,-0.384,0.545,-0.288,-0.099,-0.267,0.413,0.505,0.536,-0.477,-0.468,-0.339,-0.031,0.624,0.66,-0.697,0.103,-0.452,-0.514,0.002,0.464,1.0,-0.136,-0.387,0.459,-0.51,0.217,0.667,0.543,0.872,0.002,-0.294,0.516,0.289,0.313,0.478,-0.448,-0.426,0.113,0.365,-0.097,0.579,0.649,0.357,-0.28,-0.368,0.057,0.119,-0.062,0.464,0.542,0.574,-0.236,0.96,0.461,0.58,-0.449,0.221,-0.277,-0.593,0.339,-0.479,-0.431,0.213,0.116,0.443,0.452,0.328,-0.693,-0.327,-0.348,0.465,-0.353,-0.285,-0.479,0.569
MCHP,0.469,-0.303,0.528,0.656,-0.179,-0.437,0.555,-0.001,0.244,-0.018,0.158,-0.103,0.643,0.466,-0.397,0.116,-0.366,-0.439,0.715,0.672,0.23,0.322,0.784,0.689,0.748,0.871,-0.317,0.724,-0.412,0.266,0.256,-0.193,-0.075,0.535,0.521,0.338,0.825,-0.438,-0.107,0.555,0.13,0.43,0.726,0.831,-0.422,-0.136,1.0,0.817,-0.051,0.605,-0.126,-0.287,-0.221,-0.202,0.572,0.479,-0.161,-0.125,0.256,-0.276,0.73,0.124,0.676,-0.035,0.524,-0.161,-0.229,0.223,0.359,0.617,0.706,-0.018,0.137,-0.188,-0.305,0.103,0.664,-0.088,-0.296,-0.387,0.174,0.459,0.798,0.448,-0.528,0.395,0.479,-0.083,0.536,-0.249,-0.165,0.6,0.385,0.382,0.823,-0.143,0.809,0.629,0.801,-0.401
MDLZ,0.558,-0.448,0.641,0.449,-0.351,-0.496,0.679,-0.207,0.087,-0.165,-0.006,-0.27,0.729,0.525,-0.52,0.187,-0.425,-0.527,0.777,0.782,0.18,0.062,0.865,0.695,0.816,0.858,-0.416,0.702,-0.235,0.251,0.138,-0.271,-0.193,0.673,0.603,0.381,0.765,-0.554,-0.299,0.62,0.054,0.609,0.818,0.648,-0.523,-0.387,0.817,1.0,-0.262,0.731,-0.251,-0.412,-0.361,-0.399,0.45,0.468,-0.32,-0.27,0.063,-0.401,0.7,0.181,0.495,-0.186,0.485,-0.381,-0.408,-0.011,0.321,0.557,0.724,-0.204,0.084,-0.411,-0.391,-0.133,0.602,-0.331,-0.446,-0.535,0.289,0.297,0.724,0.491,-0.504,0.535,0.486,-0.062,0.334,-0.455,-0.355,0.36,0.469,0.448,0.829,-0.252,0.887,0.694,0.811,-0.545
META,-0.507,0.686,-0.407,0.503,0.697,0.423,-0.418,0.705,0.61,0.632,0.722,0.67,-0.538,-0.572,0.333,-0.185,0.711,0.581,-0.271,-0.358,0.143,0.651,-0.392,-0.322,-0.375,-0.12,0.704,-0.393,-0.055,-0.16,0.388,0.526,0.648,-0.505,-0.224,-0.353,-0.067,0.574,0.55,-0.526,0.575,-0.195,-0.485,0.255,0.513,0.459,-0.051,-0.262,1.0,-0.439,0.581,0.709,0.715,0.517,0.318,-0.42,0.67,0.659,0.292,0.764,-0.279,0.065,0.251,0.701,-0.242,0.741,0.619,0.774,0.099,-0.334,-0.041,0.561,0.015,0.748,0.689,0.764,-0.365,0.517,0.702,0.671,-0.597,0.334,-0.272,-0.421,0.463,-0.594,-0.325,0.111,0.508,0.661,0.701,0.587,-0.546,-0.417,-0.41,0.35,-0.355,-0.143,-0.369,0.644
MNST,0.624,-0.605,0.607,0.163,-0.433,-0.572,0.623,-0.338,-0.116,-0.4,-0.05,-0.353,0.669,0.548,-0.478,0.161,-0.497,-0.665,0.545,0.707,0.222,-0.148,0.713,0.429,0.697,0.739,-0.558,0.698,-0.124,0.363,-0.134,-0.485,-0.421,0.655,0.556,0.316,0.437,-0.664,-0.534,0.641,0.05,0.581,0.715,0.406,-0.42,-0.51,0.605,0.731,-0.439,1.0,-0.266,-0.611,-0.54,-0.565,0.26,0.436,-0.387,-0.325,0.046,-0.593,0.732,0.288,0.342,-0.197,0.243,-0.347,-0.426,-0.191,0.397,0.678,0.476,-0.09,0.01,-0.401,-0.538,-0.339,0.498,-0.515,-0.491,-0.495,0.518,0.133,0.739,0.572,-0.408,0.718,0.452,-0.25,0.046,-0.451,-0.398,0.089,0.616,0.414,0.669,-0.426,0.655,0.557,0.699,-0.655
MRNA,-0.472,0.436,-0.263,0.277,0.489,0.134,-0.231,0.447,0.463,0.42,0.548,0.417,-0.334,-0.42,0.186,-0.193,0.46,0.41,-0.073,-0.379,0.421,0.625,-0.3,-0.349,-0.262,-0.019,0.397,-0.146,-0.131,0.094,0.35,0.287,0.411,-0.386,-0.048,-0.353,-0.206,0.461,0.472,-0.465,0.443,-0.116,-0.405,0.143,0.404,0.217,-0.126,-0.251,0.581,-0.266,1.0,0.445,0.511,0.097,0.18,-0.087,0.541,0.632,0.603,0.46,-0.08,0.279,0.302,0.656,-0.219,0.685,0.299,0.455,0.034,0.001,-0.176,0.754,0.083,0.627,0.375,0.542,-0.336,0.318,0.561,0.397,-0.549,0.393,-0.065,-0.208,0.364,-0.489,-0.028,0.137,0.491,0.61,0.56,0.42,-0.481,-0.447,-0.343,0.143,-0.287,-0.051,-0.337,0.399
MRVL,-0.756,0.849,-0.649,0.288,0.634,0.759,-0.558,0.75,0.494,0.807,0.483,0.791,-0.654,-0.646,0.58,-0.015,0.728,0.73,-0.32,-0.57,-0.109,0.579,-0.5,-0.241,-0.56,-0.393,0.84,-0.483,0.218,-0.26,0.481,0.763,0.769,-0.659,-0.391,-0.327,-0.116,0.828,0.641,-0.745,0.373,-0.368,-0.63,0.006,0.591,0.667,-0.287,-0.412,0.709,-0.611,0.445,1.0,0.85,0.671,0.059,-0.406,0.638,0.454,0.189,0.792,-0.567,-0.242,-0.004,0.582,-0.149,0.728,0.775,0.448,-0.198,-0.541,-0.005,0.238,0.072,0.602,0.825,0.8,-0.393,0.657,0.619,0.733,-0.602,0.187,-0.467,-0.674,0.615,-0.666,-0.527,0.425,0.251,0.673,0.659,0.41,-0.745,-0.455,-0.506,0.506,-0.463,-0.288,-0.54,0.81
MSFT,-0.733,0.927,-0.638,0.294,0.732,0.824,-0.501,0.747,0.606,0.794,0.53,0.804,-0.591,-0.765,0.627,-0.015,0.847,0.854,-0.227,-0.622,-0.063,0.643,-0.459,-0.242,-0.48,-0.305,0.914,-0.444,0.285,-0.239,0.521,0.812,0.861,-0.714,-0.511,-0.309,-0.185,0.739,0.613,-0.709,0.461,-0.417,-0.63,0.044,0.588,0.543,-0.221,-0.361,0.715,-0.54,0.511,0.85,1.0,0.561,0.024,-0.417,0.765,0.525,0.269,0.898,-0.503,-0.217,0.048,0.617,-0.136,0.771,0.809,0.425,-0.187,-0.454,-0.059,0.392,0.151,0.678,0.929,0.768,-0.41,0.534,0.755,0.823,-0.556,0.294,-0.449,-0.622,0.696,-0.678,-0.531,0.407,0.385,0.744,0.663,0.471,-0.683,-0.393,-0.446,0.446,-0.417,-0.332,-0.513,0.785
MSTR,-0.678,0.634,-0.676,0.127,0.483,0.629,-0.68,0.513,0.278,0.631,0.213,0.594,-0.638,-0.301,0.487,0.18,0.534,0.594,-0.429,-0.43,-0.368,0.301,-0.479,-0.133,-0.508,-0.457,0.59,-0.478,0.093,-0.481,0.301,0.478,0.483,-0.554,-0.545,-0.383,-0.09,0.532,0.469,-0.694,0.125,-0.407,-0.546,-0.086,0.363,0.872,-0.202,-0.399,0.517,-0.565,0.097,0.671,0.561,1.0,-0.009,-0.423,0.507,0.179,0.044,0.577,-0.52,-0.456,-0.077,0.38,-0.142,0.426,0.596,0.332,-0.165,-0.598,0.04,0.017,-0.227,0.407,0.599,0.531,-0.391,0.822,0.507,0.557,-0.489,-0.059,-0.47,-0.68,0.346,-0.491,-0.605,0.145,0.024,0.361,0.388,0.247,-0.67,-0.35,-0.427,0.354,-0.405,-0.359,-0.49,0.551
MU,0.113,0.009,0.246,0.815,0.334,-0.303,0.217,0.201,0.446,0.094,0.542,0.185,0.143,0.085,-0.219,-0.124,0.046,-0.128,0.164,0.473,0.21,0.469,0.276,0.087,0.456,0.575,-0.021,0.149,-0.461,-0.11,0.064,-0.213,-0.05,0.367,0.593,-0.138,0.398,-0.187,0.044,0.203,0.64,0.596,0.298,0.744,0.08,0.002,0.572,0.45,0.318,0.26,0.18,0.059,0.024,-0.009,1.0,-0.079,0.28,0.177,0.079,0.078,0.502,0.432,0.718,0.3,-0.097,0.194,0.016,0.498,0.613,0.156,0.465,0.244,-0.081,0.126,0.014,0.457,0.235,0.076,0.148,-0.026,-0.318,0.416,0.411,0.283,-0.086,0.066,0.188,-0.307,0.55,0.14,0.26,0.714,-0.066,-0.16,0.262,-0.159,0.38,0.673,0.441,-0.142
MVIS,0.448,-0.535,0.433,-0.001,-0.582,-0.467,0.444,-0.379,-0.223,-0.285,-0.391,-0.483,0.553,0.496,-0.468,0.136,-0.641,-0.478,0.631,0.364,0.208,-0.061,0.573,0.613,0.427,0.475,-0.501,0.688,-0.164,0.526,0.129,-0.147,-0.181,0.375,0.256,0.492,0.557,-0.303,-0.224,0.477,-0.459,0.094,0.479,0.292,-0.589,-0.294,0.479,0.468,-0.42,0.436,-0.087,-0.406,-0.417,-0.423,-0.079,1.0,-0.564,-0.232,0.168,-0.534,0.36,0.068,0.09,-0.315,0.488,-0.394,-0.467,-0.374,-0.126,0.624,0.344,-0.203,0.128,-0.485,-0.615,-0.395,0.43,-0.293,-0.671,-0.602,0.368,-0.009,0.587,0.348,-0.578,0.435,0.475,0.201,-0.044,-0.484,-0.52,-0.042,0.484,0.443,0.608,-0.217,0.545,0.131,0.473,-0.359
NFLX,-0.638,0.76,-0.475,0.381,0.71,0.519,-0.474,0.728,0.584,0.619,0.716,0.84,-0.564,-0.575,0.48,-0.231,0.81,0.771,-0.382,-0.534,0.027,0.601,-0.496,-0.46,-0.292,-0.153,0.689,-0.483,0.044,-0.288,0.202,0.44,0.54,-0.5,-0.243,-0.551,-0.324,0.541,0.618,-0.669,0.695,-0.133,-0.544,0.134,0.727,0.516,-0.161,-0.32,0.67,-0.387,0.541,0.638,0.765,0.507,0.28,-0.564,1.0,0.665,0.244,0.788,-0.343,0.153,0.362,0.605,-0.431,0.784,0.722,0.58,0.153,-0.4,-0.175,0.588,-0.029,0.818,0.803,0.728,-0.468,0.551,0.853,0.769,-0.674,0.366,-0.281,-0.366,0.695,-0.538,-0.407,-0.016,0.398,0.795,0.76,0.553,-0.668,-0.597,-0.511,0.336,-0.441,-0.047,-0.459,0.571
NNDM,-0.437,0.501,-0.276,0.31,0.504,0.276,-0.265,0.599,0.43,0.363,0.571,0.575,-0.363,-0.48,0.198,-0.333,0.512,0.506,-0.265,-0.473,0.325,0.513,-0.402,-0.418,-0.251,-0.052,0.53,-0.296,-0.088,0.109,0.112,0.355,0.456,-0.399,-0.08,-0.326,-0.214,0.387,0.561,-0.473,0.463,-0.186,-0.427,0.11,0.557,0.289,-0.125,-0.27,0.659,-0.325,0.632,0.454,0.525,0.179,0.177,-0.232,0.665,1.0,0.361,0.598,-0.235,0.187,0.258,0.433,-0.291,0.675,0.512,0.599,0.063,-0.127,-0.31,0.697,0.158,0.716,0.514,0.541,-0.332,0.344,0.676,0.609,-0.495,0.36,-0.102,-0.184,0.394,-0.508,-0.13,0.043,0.37,0.707,0.65,0.375,-0.447,-0.436,-0.358,0.324,-0.416,-0.008,-0.308,0.451
NVAX,-0.218,0.212,0.066,0.285,0.139,0.039,0.059,0.376,0.268,0.393,0.29,0.204,0.067,-0.065,0.1,-0.167,0.069,0.061,0.34,-0.155,0.614,0.567,0.091,0.177,0.054,0.25,0.153,0.38,-0.254,0.371,0.571,0.284,0.415,-0.127,0.007,0.042,0.173,0.2,0.422,-0.131,0.099,-0.12,0.043,0.329,0.137,0.313,0.256,0.063,0.292,0.046,0.603,0.189,0.269,0.044,0.079,0.168,0.244,0.361,1.0,0.086,0.233,0.025,0.469,0.35,0.301,0.482,0.15,0.344,-0.223,0.467,0.075,0.545,0.272,0.384,0.144,0.382,0.17,0.402,0.266,0.171,-0.149,0.596,0.332,-0.096,-0.067,-0.209,0.254,0.319,0.581,0.254,0.239,0.425,-0.199,-0.03,0.153,0.286,0.131,0.064,0.022,0.145
NVDA,-0.653,0.876,-0.592,0.304,0.824,0.703,-0.556,0.68,0.628,0.669,0.597,0.786,-0.618,-0.694,0.478,-0.128,0.853,0.833,-0.396,-0.625,-0.124,0.595,-0.537,-0.388,-0.489,-0.319,0.846,-0.601,0.254,-0.384,0.291,0.616,0.677,-0.653,-0.461,-0.459,-0.304,0.661,0.609,-0.679,0.557,-0.311,-0.604,0.028,0.591,0.478,-0.276,-0.401,0.764,-0.593,0.46,0.792,0.898,0.577,0.078,-0.534,0.788,0.598,0.086,1.0,-0.556,-0.142,0.021,0.593,-0.331,0.694,0.77,0.507,0.005,-0.593,-0.134,0.378,-0.026,0.696,0.886,0.729,-0.523,0.501,0.754,0.803,-0.636,0.141,-0.537,-0.528,0.675,-0.682,-0.511,0.213,0.357,0.719,0.685,0.438,-0.677,-0.531,-0.533,0.414,-0.502,-0.3,-0.52,0.797
NWL,0.653,-0.548,0.731,0.352,-0.269,-0.659,0.682,-0.264,-0.067,-0.36,0.037,-0.361,0.746,0.517,-0.493,0.011,-0.46,-0.715,0.64,0.83,0.41,0.073,0.762,0.424,0.812,0.819,-0.5,0.746,-0.324,0.374,-0.085,-0.497,-0.389,0.661,0.736,0.368,0.559,-0.682,-0.465,0.76,0.145,0.651,0.767,0.567,-0.442,-0.448,0.73,0.7,-0.279,0.732,-0.08,-0.567,-0.503,-0.52,0.502,0.36,-0.343,-0.235,0.233,-0.556,1.0,0.358,0.555,-0.039,0.409,-0.28,-0.521,0.054,0.491,0.761,0.402,0.117,0.15,-0.338,-0.517,-0.139,0.638,-0.385,-0.363,-0.534,0.386,0.305,0.785,0.613,-0.531,0.56,0.609,-0.246,0.419,-0.379,-0.297,0.256,0.607,0.408,0.741,-0.403,0.752,0.672,0.827,-0.694
OCGN,0.274,-0.216,0.429,0.22,0.016,-0.475,0.321,-0.132,0.013,-0.346,0.265,-0.114,0.147,0.122,-0.383,-0.376,-0.055,-0.198,0.035,0.26,0.49,0.024,0.125,-0.232,0.356,0.38,-0.269,0.085,-0.231,0.258,-0.299,-0.402,-0.335,0.329,0.551,-0.065,-0.088,-0.229,-0.169,0.229,0.419,0.518,0.224,0.246,0.054,-0.426,0.124,0.181,0.065,0.288,0.279,-0.242,-0.217,-0.456,0.432,0.068,0.153,0.187,0.025,-0.142,0.358,1.0,0.389,0.189,-0.278,0.021,-0.29,0.157,0.491,0.282,-0.117,0.395,-0.074,0.105,-0.195,-0.06,0.044,-0.346,-0.005,-0.14,-0.172,0.032,0.303,0.451,0.039,0.16,0.365,-0.351,0.225,0.054,0.156,0.172,0.17,-0.238,0.066,-0.326,0.088,0.418,0.2,-0.323
