,AAL,AAPL,AGNC,AMAT,AMD,AMZN,APA,ARDX,AVGO,AZN,BIDU,BILI,BKR,CAN,CHRD,CMCSA,CPRT,CRWD,CSCO,CSX,DKNG,EBAY,ERIC,EXC,FITB,FLEX,FTNT,GEN,GERN,GEVO,GILD,GOOG,GOOGL,GT,HBAN,HST,INTC,IOVA,IQ,JBLU,JD,KDP,KHC,LRCX,LYFT,MARA,MCHP,MDLZ,META,MNST,MRNA,MRVL,MSFT,MSTR,MU,MVIS,NFLX,NNDM,NVAX,NVDA,NWL,OCGN,ON,OPK,PAA,PACB,PANW,PARA,PDD,PENN,PEP,PLUG,PTEN,PTON,PYPL,QCOM,QVCGA,RIOT,ROKU,RUN,SABR,SBUX,SMCI,SNDL,STNE,TCOM,TLRY,TMUS,TSCO,TSLA,TTD,TXN,UAL,VOD,VTRS,VXRT,WBA,WBD,WDC,ZM
AAL,1.0,-0.562,-0.025,0.396,-0.21,0.595,0.781,0.577,0.242,-0.701,0.613,0.609,0.069,-0.032,0.767,-0.448,0.497,0.51,-0.424,-0.398,-0.087,-0.283,0.339,-0.555,-0.065,-0.213,-0.297,-0.236,-0.013,0.722,-0.569,-0.236,-0.24,0.523,-0.106,0.788,0.408,0.535,0.592,0.633,0.464,0.042,0.538,0.371,0.673,-0.127,-0.14,-0.265,0.24,-0.021,0.054,0.001,-0.58,0.087,0.414,0.558,-0.368,0.643,-0.264,-0.207,0.648,0.318,-0.099,0.259,0.583,0.63,0.301,0.612,0.521,0.679,-0.397,0.652,0.668,0.483,0.477,0.245,0.579,0.207,0.635,0.523,0.741,0.513,0.492,0.641,0.566,0.048,0.589,0.502,-0.458,-0.125,0.637,0.362,0.912,-0.377,-0.116,0.162,-0.172,0.562,0.605,0.504
AAPL,-0.562,1.0,0.525,-0.405,0.197,-0.411,-0.442,-0.464,0.069,0.524,-0.427,-0.421,0.433,0.254,-0.396,0.575,-0.424,-0.407,0.577,0.573,0.39,0.325,-0.052,0.649,0.512,0.357,0.474,0.389,0.134,-0.529,0.654,0.632,0.654,-0.122,0.453,-0.318,-0.044,-0.341,-0.526,-0.029,-0.207,-0.006,-0.421,-0.465,-0.517,0.265,0.398,0.161,0.164,0.248,0.074,0.097,0.623,0.161,-0.444,-0.206,0.346,-0.44,0.452,0.369,-0.272,0.006,0.181,0.184,-0.138,-0.419,-0.244,-0.465,-0.3,-0.177,0.275,-0.435,-0.43,-0.538,-0.289,-0.09,-0.526,0.123,-0.591,-0.461,-0.527,-0.405,-0.254,-0.431,-0.357,-0.045,-0.412,-0.319,0.503,0.153,-0.349,-0.165,-0.422,0.558,0.277,0.051,0.481,-0.256,-0.44,-0.528
AGNC,-0.025,0.525,1.0,-0.549,-0.152,-0.064,-0.036,-0.236,-0.139,0.298,-0.319,-0.253,0.74,0.352,-0.015,0.708,-0.505,-0.381,0.356,0.605,0.557,0.292,0.074,0.502,0.78,0.394,0.298,0.55,0.187,-0.281,0.522,0.638,0.622,0.227,0.617,0.192,-0.005,-0.215,-0.446,0.493,-0.043,0.125,-0.142,-0.532,-0.145,0.363,0.227,0.151,0.414,0.518,-0.017,-0.182,0.403,0.307,-0.609,0.224,0.231,-0.279,0.367,0.174,0.249,0.215,-0.058,0.457,0.26,-0.26,-0.304,-0.005,-0.111,0.242,0.211,-0.172,-0.003,-0.508,0.061,0.019,-0.516,0.36,-0.42,-0.446,-0.176,-0.222,-0.216,-0.206,-0.269,0.196,-0.093,-0.045,0.557,0.025,-0.188,-0.29,0.145,0.628,0.599,0.314,0.747,0.24,-0.398,-0.397
AMAT,0.396,-0.405,-0.549,1.0,0.186,0.388,0.406,0.634,0.559,-0.706,0.741,0.578,-0.203,-0.148,0.325,-0.6,0.858,0.627,-0.304,-0.676,-0.543,-0.547,0.369,-0.584,-0.409,-0.099,-0.159,-0.636,-0.069,0.569,-0.668,-0.393,-0.38,0.083,-0.469,0.258,0.572,0.5,0.799,0.075,0.509,-0.282,0.153,0.89,0.419,-0.327,0.137,-0.401,-0.115,-0.504,0.138,0.425,-0.425,-0.171,0.854,0.026,-0.277,0.558,-0.534,0.06,0.175,-0.05,0.277,-0.029,0.097,0.625,0.474,0.158,0.51,0.049,-0.514,0.427,0.388,0.586,0.161,0.406,0.529,-0.127,0.456,0.621,0.622,0.427,0.593,0.506,0.715,-0.065,0.437,0.317,-0.633,0.319,0.488,0.729,0.26,-0.571,-0.593,0.001,-0.652,0.178,0.731,0.665
AMD,-0.21,0.197,-0.152,0.186,1.0,-0.268,-0.036,0.049,0.438,-0.011,-0.012,-0.144,0.009,0.365,-0.038,-0.044,0.145,0.058,0.066,-0.099,-0.05,-0.413,0.393,-0.129,0.07,0.457,0.555,-0.291,-0.155,-0.176,-0.122,-0.029,-0.001,0.001,0.146,-0.144,0.328,0.322,-0.066,0.01,0.141,-0.375,-0.152,0.241,0.007,0.064,0.577,-0.327,-0.155,-0.056,0.379,0.536,-0.107,0.231,0.318,0.002,-0.152,-0.08,0.28,0.22,-0.299,0.185,0.755,-0.004,-0.001,0.272,0.038,-0.268,0.048,-0.12,-0.304,-0.101,0.013,-0.056,-0.284,0.385,0.017,0.07,-0.118,0.127,-0.217,-0.11,0.387,-0.034,0.038,-0.406,-0.12,-0.056,0.132,0.64,0.166,0.46,-0.184,0.243,-0.105,0.302,-0.055,-0.063,0.263,0.402
AMZN,0.595,-0.411,-0.064,0.388,-0.268,1.0,0.474,0.77,0.215,-0.428,0.516,0.664,0.005,-0.385,0.574,-0.228,0.523,0.513,-0.357,-0.559,-0.37,-0.054,0.35,-0.534,-0.264,-0.315,-0.364,-0.318,0.239,0.494,-0.308,-0.1,-0.109,0.106,-0.446,0.381,0.222,0.348,0.554,0.374,0.414,0.312,0.488,0.478,0.465,-0.445,-0.425,0.039,0.442,-0.356,-0.332,0.045,-0.368,-0.309,0.306,0.056,-0.24,0.438,-0.55,-0.189,0.847,-0.178,-0.33,0.49,0.414,0.448,0.391,0.379,0.456,0.3,-0.118,0.341,0.613,0.623,0.804,0.279,0.527,-0.235,0.676,0.516,0.64,0.666,0.049,0.549,0.554,0.408,0.666,0.61,-0.4,-0.135,0.488,0.215,0.652,-0.446,-0.411,-0.011,-0.349,0.418,0.227,0.507
APA,0.781,-0.442,-0.036,0.406,-0.036,0.474,1.0,0.534,0.429,-0.677,0.716,0.676,0.241,0.01,0.812,-0.395,0.536,0.449,-0.318,-0.458,-0.166,-0.357,0.55,-0.572,-0.102,-0.051,-0.313,-0.289,-0.013,0.717,-0.616,-0.204,-0.189,0.521,-0.17,0.78,0.528,0.576,0.664,0.582,0.608,-0.01,0.562,0.402,0.801,-0.107,0.031,-0.255,0.125,-0.144,-0.047,0.24,-0.537,-0.0,0.393,0.385,-0.411,0.731,-0.254,-0.095,0.516,0.161,-0.024,0.168,0.716,0.568,0.355,0.469,0.623,0.525,-0.384,0.621,0.777,0.516,0.32,0.433,0.632,0.226,0.527,0.613,0.717,0.447,0.494,0.718,0.617,0.049,0.598,0.618,-0.495,0.103,0.656,0.465,0.748,-0.409,-0.119,0.166,-0.259,0.519,0.539,0.523
ARDX,0.577,-0.464,-0.236,0.634,0.049,0.77,0.534,1.0,0.431,-0.545,0.627,0.684,0.016,-0.316,0.62,-0.348,0.691,0.563,-0.49,-0.682,-0.512,-0.32,0.493,-0.731,-0.362,-0.069,-0.357,-0.559,0.048,0.609,-0.567,-0.329,-0.313,0.156,-0.521,0.401,0.38,0.501,0.681,0.356,0.528,0.103,0.538,0.694,0.595,-0.538,-0.237,-0.075,0.127,-0.443,-0.214,0.209,-0.58,-0.328,0.565,0.083,-0.441,0.536,-0.646,-0.265,0.652,-0.161,-0.067,0.192,0.471,0.661,0.456,0.364,0.551,0.228,-0.286,0.458,0.726,0.672,0.52,0.554,0.653,-0.25,0.73,0.68,0.673,0.763,0.398,0.668,0.716,0.177,0.721,0.609,-0.592,0.135,0.599,0.462,0.59,-0.511,-0.516,-0.074,-0.46,0.493,0.489,0.718
AVGO,0.242,0.069,-0.139,0.559,0.438,0.215,0.429,0.431,1.0,-0.495,0.51,0.399,0.196,0.102,0.399,-0.192,0.62,0.384,-0.022,-0.333,-0.268,-0.447,0.605,-0.317,0.041,0.325,0.193,-0.389,-0.044,0.285,-0.417,-0.073,-0.048,0.307,-0.084,0.425,0.683,0.409,0.462,0.35,0.504,-0.175,0.187,0.479,0.414,-0.088,0.494,-0.352,0.063,-0.213,0.049,0.59,-0.288,0.032,0.442,0.117,-0.261,0.438,-0.168,0.24,0.244,0.039,0.465,0.134,0.446,0.622,0.344,-0.025,0.427,0.154,-0.293,0.22,0.507,0.351,0.097,0.684,0.439,0.126,0.229,0.526,0.39,0.27,0.459,0.322,0.589,-0.168,0.236,0.353,-0.259,0.563,0.369,0.772,0.264,-0.156,-0.297,0.13,-0.231,0.162,0.453,0.507
AZN,-0.701,0.524,0.298,-0.706,-0.011,-0.428,-0.677,-0.545,-0.495,1.0,-0.777,-0.693,-0.008,-0.064,-0.582,0.578,-0.736,-0.634,0.272,0.528,0.252,0.613,-0.508,0.55,0.121,0.078,0.18,0.508,0.142,-0.724,0.754,0.271,0.291,-0.517,0.202,-0.685,-0.682,-0.622,-0.654,-0.39,-0.635,0.226,-0.322,-0.598,-0.634,0.028,-0.104,0.464,-0.066,0.074,-0.153,-0.269,0.485,-0.123,-0.578,-0.408,0.327,-0.708,0.369,-0.029,-0.362,-0.293,-0.176,-0.102,-0.326,-0.647,-0.419,-0.364,-0.654,-0.374,0.488,-0.649,-0.619,-0.586,-0.264,-0.325,-0.523,-0.234,-0.47,-0.665,-0.748,-0.392,-0.582,-0.611,-0.745,0.072,-0.47,-0.496,0.508,-0.208,-0.557,-0.618,-0.57,0.424,0.252,-0.189,0.376,-0.391,-0.676,-0.573
BIDU,0.613,-0.427,-0.319,0.741,-0.012,0.516,0.716,0.627,0.51,-0.777,1.0,0.876,0.009,-0.102,0.558,-0.55,0.752,0.725,-0.336,-0.615,-0.367,-0.542,0.572,-0.667,-0.296,-0.095,-0.343,-0.52,-0.075,0.814,-0.721,-0.237,-0.219,0.344,-0.334,0.625,0.72,0.612,0.862,0.415,0.837,-0.276,0.305,0.719,0.639,-0.274,-0.019,-0.346,0.127,-0.387,-0.006,0.348,-0.51,-0.122,0.64,0.256,-0.398,0.804,-0.485,-0.047,0.396,0.051,0.049,0.097,0.373,0.593,0.572,0.318,0.83,0.336,-0.535,0.609,0.575,0.706,0.32,0.509,0.654,0.023,0.546,0.739,0.752,0.513,0.545,0.855,0.88,0.072,0.731,0.514,-0.684,0.22,0.625,0.633,0.494,-0.555,-0.447,0.082,-0.578,0.492,0.693,0.636
BILI,0.609,-0.421,-0.253,0.578,-0.144,0.664,0.676,0.684,0.399,-0.693,0.876,1.0,0.04,-0.276,0.628,-0.48,0.715,0.69,-0.262,-0.626,-0.413,-0.402,0.598,-0.646,-0.367,-0.256,-0.49,-0.497,0.058,0.8,-0.655,-0.147,-0.132,0.244,-0.452,0.628,0.591,0.561,0.758,0.398,0.799,-0.009,0.448,0.584,0.643,-0.384,-0.245,-0.131,0.19,-0.428,-0.242,0.288,-0.411,-0.251,0.482,0.154,-0.285,0.738,-0.576,-0.066,0.495,-0.072,-0.137,0.15,0.43,0.534,0.605,0.411,0.808,0.333,-0.289,0.547,0.657,0.752,0.472,0.458,0.689,-0.097,0.696,0.712,0.783,0.704,0.266,0.854,0.845,0.331,0.813,0.6,-0.69,0.038,0.622,0.5,0.596,-0.566,-0.466,-0.036,-0.584,0.548,0.477,0.538
BKR,0.069,0.433,0.74,-0.203,0.009,0.005,0.241,0.016,0.196,-0.008,0.009,0.04,1.0,0.395,0.161,0.522,-0.128,-0.096,0.272,0.301,0.422,0.084,0.382,0.23,0.626,0.47,0.223,0.237,0.243,0.036,0.215,0.532,0.567,0.383,0.415,0.31,0.358,0.082,-0.172,0.508,0.296,0.028,-0.029,-0.268,0.048,0.358,0.329,-0.054,0.251,0.361,0.037,0.055,0.255,0.258,-0.361,0.255,0.063,0.014,0.227,0.258,0.24,0.207,0.1,0.432,0.297,-0.035,0.054,-0.044,0.252,0.251,0.001,0.118,0.182,-0.148,-0.024,0.23,-0.169,0.43,-0.245,-0.095,0.075,-0.109,0.022,0.042,0.019,0.089,0.06,0.095,0.249,0.214,0.042,-0.015,0.24,0.418,0.45,0.31,0.521,0.218,-0.158,-0.218
CAN,-0.032,0.254,0.352,-0.148,0.365,-0.385,0.01,-0.316,0.102,-0.064,-0.102,-0.276,0.395,1.0,-0.07,0.216,-0.255,-0.107,0.203,0.365,0.66,-0.313,0.234,0.193,0.641,0.507,0.618,0.094,-0.123,-0.094,0.039,0.435,0.421,0.477,0.573,0.077,0.377,0.34,-0.261,0.388,0.124,-0.3,-0.39,-0.164,-0.193,0.799,0.662,-0.438,0.177,0.683,0.662,0.081,0.161,0.894,-0.115,0.556,-0.007,-0.028,0.567,0.297,-0.19,0.731,0.526,0.312,-0.073,0.028,-0.242,-0.179,0.048,0.293,-0.407,0.198,-0.19,-0.345,-0.22,-0.004,-0.321,0.872,-0.419,-0.132,-0.311,-0.423,0.377,-0.05,-0.161,-0.406,-0.165,-0.082,0.436,0.467,0.107,0.058,-0.001,0.611,0.686,0.718,0.408,-0.001,0.15,-0.094
CHRD,0.767,-0.396,-0.015,0.325,-0.038,0.574,0.812,0.62,0.399,-0.582,0.558,0.628,0.161,-0.07,1.0,-0.325,0.506,0.445,-0.445,-0.364,-0.205,-0.346,0.559,-0.547,-0.139,-0.072,-0.36,-0.272,0.024,0.695,-0.476,-0.203,-0.186,0.495,-0.22,0.738,0.44,0.541,0.562,0.65,0.527,0.134,0.635,0.391,0.751,-0.238,-0.106,-0.123,0.242,-0.153,-0.042,0.134,-0.576,-0.067,0.361,0.345,-0.499,0.661,-0.247,-0.24,0.614,0.165,-0.14,0.209,0.751,0.605,0.296,0.482,0.539,0.48,-0.315,0.626,0.803,0.538,0.458,0.426,0.649,0.148,0.596,0.582,0.687,0.659,0.424,0.678,0.57,0.04,0.656,0.624,-0.468,-0.009,0.746,0.429,0.83,-0.373,-0.125,0.132,-0.208,0.567,0.464,0.584
CMCSA,-0.448,0.575,0.708,-0.6,-0.044,-0.228,-0.395,-0.348,-0.192,0.578,-0.55,-0.48,0.522,0.216,-0.325,1.0,-0.62,-0.478,0.479,0.597,0.468,0.406,-0.081,0.655,0.594,0.479,0.334,0.575,0.359,-0.559,0.716,0.554,0.551,-0.123,0.516,-0.239,-0.253,-0.413,-0.626,0.032,-0.267,0.142,-0.366,-0.549,-0.468,0.352,0.171,0.226,0.204,0.36,-0.129,-0.079,0.592,0.139,-0.669,-0.054,0.408,-0.515,0.337,0.268,-0.081,-0.024,-0.056,0.355,-0.125,-0.47,-0.292,-0.155,-0.31,-0.049,0.384,-0.471,-0.331,-0.551,-0.116,-0.068,-0.574,0.161,-0.563,-0.567,-0.449,-0.423,-0.404,-0.503,-0.445,0.226,-0.354,-0.158,0.68,0.108,-0.482,-0.374,-0.271,0.678,0.47,0.125,0.675,-0.067,-0.598,-0.529
CPRT,0.497,-0.424,-0.505,0.858,0.145,0.523,0.536,0.691,0.62,-0.736,0.752,0.715,-0.128,-0.255,0.506,-0.62,1.0,0.61,-0.3,-0.739,-0.535,-0.532,0.462,-0.597,-0.402,-0.182,-0.3,-0.678,-0.024,0.611,-0.706,-0.407,-0.376,0.242,-0.551,0.47,0.591,0.579,0.783,0.169,0.552,-0.129,0.385,0.757,0.575,-0.384,0.016,-0.365,-0.058,-0.479,-0.052,0.378,-0.436,-0.212,0.737,0.055,-0.308,0.665,-0.515,0.026,0.347,-0.063,0.142,0.032,0.279,0.74,0.486,0.269,0.551,0.15,-0.399,0.485,0.556,0.683,0.276,0.448,0.712,-0.181,0.62,0.768,0.756,0.585,0.466,0.586,0.77,-0.009,0.55,0.483,-0.714,0.21,0.569,0.725,0.443,-0.598,-0.595,-0.069,-0.642,0.298,0.648,0.705
CRWD,0.51,-0.407,-0.381,0.627,0.058,0.513,0.449,0.563,0.384,-0.634,0.725,0.69,-0.096,-0.107,0.445,-0.478,0.61,1.0,-0.135,-0.535,-0.174,-0.416,0.5,-0.555,-0.359,-0.299,-0.177,-0.472,0.166,0.77,-0.541,-0.07,-0.048,0.023,-0.214,0.412,0.513,0.564,0.664,0.266,0.745,-0.074,0.113,0.609,0.347,-0.153,-0.117,-0.377,0.198,-0.425,0.154,0.526,-0.311,-0.064,0.638,0.192,-0.114,0.602,-0.336,0.206,0.284,0.101,0.037,0.204,0.142,0.606,0.862,0.346,0.81,0.355,-0.426,0.455,0.381,0.684,0.405,0.276,0.6,0.022,0.518,0.587,0.533,0.433,0.345,0.61,0.717,0.249,0.507,0.352,-0.517,0.158,0.557,0.534,0.483,-0.491,-0.426,0.118,-0.557,0.29,0.557,0.598
CSCO,-0.424,0.577,0.356,-0.304,0.066,-0.357,-0.318,-0.49,-0.022,0.272,-0.336,-0.262,0.272,0.203,-0.445,0.479,-0.3,-0.135,1.0,0.438,0.396,0.187,-0.036,0.638,0.455,0.048,0.359,0.375,0.293,-0.387,0.457,0.64,0.634,-0.308,0.441,-0.163,-0.018,-0.271,-0.447,-0.189,-0.068,0.095,-0.503,-0.427,-0.531,0.476,0.26,0.024,0.073,0.185,0.001,0.339,0.839,0.216,-0.396,-0.157,0.84,-0.337,0.332,0.808,-0.388,0.049,0.112,0.167,-0.349,-0.335,0.076,-0.202,-0.115,-0.027,0.412,-0.444,-0.401,-0.455,-0.228,-0.242,-0.434,0.206,-0.48,-0.401,-0.4,-0.501,-0.409,-0.468,-0.196,0.388,-0.441,-0.212,0.491,0.123,-0.433,-0.126,-0.317,0.47,0.244,0.012,0.347,-0.309,-0.444,-0.509
CSX,-0.398,0.573,0.605,-0.676,-0.099,-0.559,-0.458,-0.682,-0.333,0.528,-0.615,-0.626,0.301,0.365,-0.364,0.597,-0.739,-0.535,0.438,1.0,0.567,0.36,-0.271,0.702,0.65,0.275,0.403,0.82,0.017,-0.521,0.742,0.514,0.469,-0.043,0.722,-0.232,-0.263,-0.563,-0.674,0.066,-0.396,-0.038,-0.423,-0.676,-0.487,0.431,0.245,0.269,0.023,0.495,0.189,-0.253,0.505,0.269,-0.641,-0.06,0.283,-0.474,0.657,0.138,-0.306,0.217,-0.03,0.027,-0.227,-0.596,-0.466,-0.367,-0.446,-0.107,0.3,-0.394,-0.442,-0.732,-0.384,-0.343,-0.701,0.32,-0.719,-0.684,-0.636,-0.556,-0.258,-0.564,-0.631,-0.128,-0.534,-0.421,0.714,-0.063,-0.397,-0.508,-0.305,0.634,0.627,0.099,0.83,-0.286,-0.495,-0.684
DKNG,-0.087,0.39,0.557,-0.543,-0.05,-0.37,-0.166,-0.512,-0.268,0.252,-0.367,-0.413,0.422,0.66,-0.205,0.468,-0.535,-0.174,0.396,0.567,1.0,0.199,-0.02,0.476,0.648,0.266,0.396,0.434,0.131,-0.194,0.364,0.556,0.569,0.321,0.693,0.044,-0.046,-0.002,-0.467,0.227,-0.1,-0.06,-0.417,-0.534,-0.427,0.769,0.316,-0.201,0.264,0.734,0.38,-0.106,0.407,0.663,-0.421,0.451,0.289,-0.206,0.669,0.313,-0.172,0.592,0.068,0.327,-0.12,-0.273,-0.162,-0.038,-0.108,0.397,-0.123,0.017,-0.418,-0.495,-0.142,-0.3,-0.417,0.657,-0.483,-0.351,-0.422,-0.496,-0.041,-0.297,-0.389,-0.071,-0.34,-0.224,0.517,0.068,-0.129,-0.312,-0.018,0.607,0.733,0.467,0.596,-0.042,-0.17,-0.455
EBAY,-0.283,0.325,0.292,-0.547,-0.413,-0.054,-0.357,-0.32,-0.447,0.613,-0.542,-0.402,0.084,-0.313,-0.346,0.406,-0.532,-0.416,0.187,0.36,0.199,1.0,-0.519,0.441,0.038,-0.166,-0.127,0.575,0.211,-0.408,0.63,0.202,0.22,-0.358,0.048,-0.414,-0.673,-0.649,-0.445,-0.325,-0.55,0.454,0.027,-0.56,-0.4,-0.074,-0.364,0.622,0.027,0.079,-0.402,-0.367,0.372,-0.281,-0.554,-0.37,0.292,-0.452,0.197,-0.115,0.064,-0.362,-0.53,-0.009,-0.12,-0.58,-0.193,-0.22,-0.487,-0.145,0.568,-0.42,-0.369,-0.374,-0.003,-0.373,-0.324,-0.232,-0.183,-0.47,-0.393,-0.172,-0.564,-0.475,-0.544,0.276,-0.38,-0.243,0.238,-0.504,-0.437,-0.68,-0.235,0.041,0.128,-0.415,0.381,-0.335,-0.612,-0.61
ERIC,0.339,-0.052,0.074,0.369,0.393,0.35,0.55,0.493,0.605,-0.508,0.572,0.598,0.382,0.234,0.559,-0.081,0.462,0.5,-0.036,-0.271,-0.02,-0.519,1.0,-0.441,0.059,0.349,0.067,-0.292,0.016,0.498,-0.431,0.141,0.166,0.416,0.045,0.546,0.717,0.574,0.436,0.536,0.765,-0.197,0.231,0.49,0.47,-0.021,0.292,-0.271,0.232,-0.061,0.096,0.523,-0.301,0.086,0.37,0.283,-0.329,0.522,-0.082,0.141,0.294,0.27,0.335,0.288,0.486,0.476,0.467,0.126,0.705,0.314,-0.421,0.442,0.606,0.411,0.273,0.669,0.419,0.269,0.279,0.578,0.397,0.402,0.449,0.564,0.617,0.061,0.507,0.535,-0.204,0.562,0.627,0.58,0.433,-0.037,-0.085,0.437,-0.148,0.451,0.439,0.547
EXC,-0.555,0.649,0.502,-0.584,-0.129,-0.534,-0.572,-0.731,-0.317,0.55,-0.667,-0.646,0.23,0.193,-0.547,0.655,-0.597,-0.555,0.638,0.702,0.476,0.441,-0.441,1.0,0.539,0.174,0.402,0.621,0.2,-0.695,0.783,0.518,0.509,-0.205,0.557,-0.347,-0.339,-0.52,-0.726,-0.207,-0.482,0.067,-0.489,-0.732,-0.568,0.47,0.255,0.148,0.012,0.382,0.013,-0.093,0.795,0.25,-0.692,-0.129,0.578,-0.58,0.507,0.412,-0.37,0.053,-0.014,0.092,-0.411,-0.534,-0.424,-0.242,-0.534,-0.101,0.467,-0.567,-0.579,-0.701,-0.353,-0.451,-0.702,0.145,-0.685,-0.703,-0.54,-0.678,-0.517,-0.708,-0.6,0.064,-0.644,-0.381,0.693,-0.038,-0.676,-0.437,-0.469,0.649,0.469,-0.023,0.62,-0.354,-0.64,-0.744
FITB,-0.065,0.512,0.78,-0.409,0.07,-0.264,-0.102,-0.362,0.041,0.121,-0.296,-0.367,0.626,0.641,-0.139,0.594,-0.402,-0.359,0.455,0.65,0.648,0.038,0.059,0.539,1.0,0.535,0.618,0.438,0.021,-0.349,0.441,0.551,0.505,0.36,0.77,0.161,0.159,-0.125,-0.516,0.425,-0.072,-0.127,-0.407,-0.479,-0.29,0.604,0.535,-0.209,0.253,0.654,0.287,-0.106,0.399,0.579,-0.519,0.327,0.267,-0.197,0.536,0.339,0.044,0.471,0.307,0.429,0.027,-0.172,-0.405,-0.155,-0.17,0.224,-0.013,-0.13,-0.162,-0.571,-0.163,-0.048,-0.549,0.581,-0.601,-0.412,-0.284,-0.518,0.031,-0.321,-0.229,-0.155,-0.31,-0.095,0.692,0.319,-0.16,-0.164,0.025,0.783,0.646,0.482,0.803,0.002,-0.248,-0.387
FLEX,-0.213,0.357,0.394,-0.099,0.457,-0.315,-0.051,-0.069,0.325,0.078,-0.095,-0.256,0.47,0.507,-0.072,0.479,-0.182,-0.299,0.048,0.275,0.266,-0.166,0.349,0.174,0.535,1.0,0.482,0.1,-0.239,-0.23,0.131,0.142,0.156,0.328,0.454,0.041,0.268,0.031,-0.245,0.256,0.085,-0.362,-0.174,-0.035,-0.023,0.286,0.619,-0.138,-0.031,0.397,0.247,0.138,-0.005,0.321,-0.166,0.257,-0.195,-0.107,0.3,0.036,-0.103,0.274,0.512,0.071,0.097,-0.021,-0.279,-0.297,-0.011,-0.002,-0.15,-0.042,0.01,-0.33,-0.305,0.474,-0.285,0.385,-0.403,-0.133,-0.23,-0.285,0.342,-0.113,-0.048,-0.365,-0.166,0.023,0.386,0.615,-0.061,0.168,-0.184,0.522,0.394,0.438,0.446,0.057,0.04,0.032
FTNT,-0.297,0.474,0.298,-0.159,0.555,-0.364,-0.313,-0.357,0.193,0.18,-0.343,-0.49,0.223,0.618,-0.36,0.334,-0.3,-0.177,0.359,0.403,0.396,-0.127,0.067,0.402,0.618,0.482,1.0,0.154,-0.03,-0.483,0.307,0.39,0.346,0.01,0.654,-0.255,0.119,-0.036,-0.434,0.124,-0.132,-0.286,-0.544,-0.216,-0.393,0.497,0.761,-0.385,0.073,0.366,0.483,0.267,0.279,0.58,-0.14,0.148,0.163,-0.359,0.559,0.402,-0.213,0.424,0.76,0.353,-0.227,-0.044,-0.248,-0.376,-0.217,0.015,-0.163,-0.364,-0.313,-0.449,-0.267,-0.052,-0.511,0.373,-0.553,-0.4,-0.496,-0.625,0.101,-0.432,-0.307,-0.397,-0.502,-0.24,0.717,0.588,-0.174,0.071,-0.272,0.713,0.322,0.536,0.461,-0.315,-0.053,-0.161
GEN,-0.236,0.389,0.55,-0.636,-0.291,-0.318,-0.289,-0.559,-0.389,0.508,-0.52,-0.497,0.237,0.094,-0.272,0.575,-0.678,-0.472,0.375,0.82,0.434,0.575,-0.292,0.621,0.438,0.1,0.154,1.0,0.128,-0.453,0.716,0.407,0.384,-0.111,0.596,-0.175,-0.378,-0.649,-0.492,0.013,-0.369,0.169,-0.184,-0.608,-0.347,0.248,0.009,0.418,0.076,0.323,-0.108,-0.248,0.41,0.03,-0.646,-0.137,0.243,-0.445,0.496,0.042,-0.117,0.005,-0.277,0.032,-0.099,-0.606,-0.311,-0.266,-0.384,0.017,0.38,-0.404,-0.309,-0.566,-0.161,-0.29,-0.507,0.178,-0.475,-0.573,-0.459,-0.45,-0.348,-0.499,-0.574,0.084,-0.452,-0.234,0.568,-0.242,-0.388,-0.566,-0.173,0.393,0.454,-0.068,0.727,-0.264,-0.54,-0.647
GERN,-0.013,0.134,0.187,-0.069,-0.155,0.239,-0.013,0.048,-0.044,0.142,-0.075,0.058,0.243,-0.123,0.024,0.359,-0.024,0.166,0.293,0.017,0.131,0.211,0.016,0.2,0.021,-0.239,-0.03,0.128,1.0,-0.052,0.346,0.368,0.373,-0.278,-0.037,-0.07,-0.012,0.107,-0.05,0.003,0.038,0.168,-0.153,-0.082,-0.186,0.165,-0.172,0.002,0.279,-0.218,-0.094,0.275,0.389,-0.078,-0.09,-0.07,0.427,-0.067,0.013,0.446,0.099,-0.112,-0.246,0.532,-0.082,0.025,0.272,0.264,0.052,0.187,0.123,-0.132,-0.029,0.081,0.277,-0.209,0.032,-0.081,0.049,-0.06,0.04,-0.022,-0.299,-0.109,-0.058,0.424,0.022,0.036,0.111,-0.117,-0.109,-0.064,0.099,0.111,-0.076,-0.066,0.057,0.058,-0.214,-0.128
GEVO,0.722,-0.529,-0.281,0.569,-0.176,0.494,0.717,0.609,0.285,-0.724,0.814,0.8,0.036,-0.094,0.695,-0.559,0.611,0.77,-0.387,-0.521,-0.194,-0.408,0.498,-0.695,-0.349,-0.23,-0.483,-0.453,-0.052,1.0,-0.69,-0.233,-0.206,0.342,-0.308,0.661,0.52,0.566,0.757,0.423,0.735,-0.041,0.408,0.568,0.596,-0.207,-0.22,-0.25,0.077,-0.26,0.052,0.184,-0.531,-0.1,0.583,0.344,-0.373,0.813,-0.423,-0.131,0.403,0.165,-0.135,0.052,0.372,0.541,0.652,0.452,0.825,0.405,-0.448,0.737,0.557,0.665,0.325,0.335,0.674,0.133,0.595,0.631,0.699,0.598,0.487,0.812,0.745,0.157,0.712,0.435,-0.71,-0.046,0.706,0.455,0.663,-0.58,-0.235,0.079,-0.484,0.499,0.654,0.537
GILD,-0.569,0.654,0.522,-0.668,-0.122,-0.308,-0.616,-0.567,-0.417,0.754,-0.721,-0.655,0.215,0.039,-0.476,0.716,-0.706,-0.541,0.457,0.742,0.364,0.63,-0.431,0.783,0.441,0.131,0.307,0.716,0.346,-0.69,1.0,0.502,0.48,-0.387,0.45,-0.503,-0.503,-0.619,-0.716,-0.199,-0.544,0.178,-0.395,-0.659,-0.636,0.2,-0.019,0.4,0.09,0.208,-0.011,-0.188,0.646,-0.029,-0.676,-0.329,0.451,-0.619,0.471,0.173,-0.203,-0.117,-0.209,0.183,-0.353,-0.647,-0.406,-0.332,-0.563,-0.246,0.506,-0.559,-0.529,-0.643,-0.183,-0.426,-0.628,-0.042,-0.594,-0.71,-0.664,-0.511,-0.533,-0.687,-0.674,0.116,-0.527,-0.378,0.672,-0.185,-0.545,-0.611,-0.418,0.567,0.386,-0.08,0.675,-0.376,-0.715,-0.665
GOOG,-0.236,0.632,0.638,-0.393,-0.029,-0.1,-0.204,-0.329,-0.073,0.271,-0.237,-0.147,0.532,0.435,-0.203,0.554,-0.407,-0.07,0.64,0.514,0.556,0.202,0.141,0.518,0.551,0.142,0.39,0.407,0.368,-0.233,0.502,1.0,0.972,-0.091,0.48,-0.074,0.169,-0.008,-0.386,0.309,0.126,0.187,-0.432,-0.383,-0.423,0.544,0.26,0.041,0.576,0.377,0.147,0.212,0.691,0.442,-0.422,0.144,0.512,-0.185,0.388,0.551,-0.014,0.3,0.03,0.523,-0.127,-0.24,0.013,-0.086,0.063,0.227,0.15,-0.201,-0.22,-0.441,0.168,-0.208,-0.492,0.429,-0.382,-0.402,-0.365,-0.264,-0.31,-0.151,-0.225,0.376,-0.095,-0.126,0.542,0.108,-0.144,-0.196,-0.043,0.575,0.421,0.305,0.434,0.045,-0.374,-0.435
GOOGL,-0.24,0.654,0.622,-0.38,-0.001,-0.109,-0.189,-0.313,-0.048,0.291,-0.219,-0.132,0.567,0.421,-0.186,0.551,-0.376,-0.048,0.634,0.469,0.569,0.22,0.166,0.509,0.505,0.156,0.346,0.384,0.373,-0.206,0.48,0.972,1.0,-0.079,0.452,-0.073,0.19,0.018,-0.361,0.291,0.156,0.191,-0.402,-0.367,-0.402,0.542,0.253,0.049,0.574,0.355,0.13,0.235,0.706,0.427,-0.406,0.151,0.5,-0.191,0.389,0.58,-0.036,0.284,0.009,0.518,-0.106,-0.213,0.065,-0.111,0.099,0.235,0.15,-0.182,-0.243,-0.414,0.156,-0.143,-0.453,0.425,-0.353,-0.366,-0.335,-0.231,-0.303,-0.119,-0.221,0.393,-0.061,-0.158,0.491,0.075,-0.133,-0.158,-0.051,0.531,0.419,0.292,0.387,0.053,-0.359,-0.395
GT,0.523,-0.122,0.227,0.083,0.001,0.106,0.521,0.156,0.307,-0.517,0.344,0.244,0.383,0.477,0.495,-0.123,0.242,0.023,-0.308,-0.043,0.321,-0.358,0.416,-0.205,0.36,0.328,0.01,-0.111,-0.278,0.342,-0.387,-0.091,-0.079,1.0,0.198,0.677,0.508,0.451,0.209,0.595,0.318,-0.212,0.342,0.044,0.486,0.286,0.297,-0.317,0.124,0.555,0.205,-0.194,-0.415,0.453,0.047,0.65,-0.526,0.401,0.134,-0.23,0.346,0.547,0.151,0.184,0.51,0.327,-0.141,0.16,0.279,0.459,-0.441,0.62,0.41,0.185,0.042,0.316,0.259,0.549,0.138,0.437,0.401,0.149,0.52,0.374,0.278,-0.43,0.274,0.38,-0.152,0.174,0.412,0.243,0.488,0.092,0.372,0.424,0.193,0.406,0.402,0.211
HBAN,-0.106,0.453,0.617,-0.469,0.146,-0.446,-0.17,-0.521,-0.084,0.202,-0.334,-0.452,0.415,0.573,-0.22,0.516,-0.551,-0.214,0.441,0.722,0.693,0.048,0.045,0.557,0.77,0.454,0.654,0.596,-0.037,-0.308,0.45,0.48,0.452,0.198,1.0,0.081,0.035,-0.241,-0.486,0.273,-0.074,-0.21,-0.465,-0.495,-0.329,0.598,0.521,-0.21,0.126,0.576,0.376,0.043,0.337,0.527,-0.409,0.295,0.193,-0.308,0.651,0.312,-0.17,0.483,0.34,0.224,-0.075,-0.306,-0.224,-0.168,-0.111,0.213,-0.049,-0.242,-0.284,-0.581,-0.285,-0.079,-0.544,0.55,-0.644,-0.496,-0.413,-0.638,0.045,-0.398,-0.343,-0.192,-0.462,-0.262,0.722,0.261,-0.222,-0.137,-0.073,0.705,0.608,0.471,0.728,-0.066,-0.158,-0.403
HST,0.788,-0.318,0.192,0.258,-0.144,0.381,0.78,0.401,0.425,-0.685,0.625,0.628,0.31,0.077,0.738,-0.239,0.47,0.412,-0.163,-0.232,0.044,-0.414,0.546,-0.347,0.161,0.041,-0.255,-0.175,-0.07,0.661,-0.503,-0.074,-0.073,0.677,0.081,1.0,0.576,0.49,0.49,0.709,0.604,-0.044,0.485,0.224,0.699,-0.001,0.064,-0.263,0.234,0.105,-0.031,0.13,-0.406,0.136,0.23,0.546,-0.279,0.657,-0.191,-0.036,0.52,0.332,-0.013,0.192,0.682,0.564,0.284,0.545,0.605,0.62,-0.278,0.597,0.705,0.36,0.32,0.435,0.513,0.313,0.418,0.503,0.702,0.43,0.404,0.598,0.639,0.09,0.546,0.535,-0.377,0.073,0.516,0.467,0.797,-0.176,0.041,0.225,-0.047,0.641,0.493,0.402
INTC,0.408,-0.044,-0.005,0.572,0.328,0.222,0.528,0.38,0.683,-0.682,0.72,0.591,0.358,0.377,0.44,-0.253,0.591,0.513,-0.018,-0.263,-0.046,-0.673,0.717,-0.339,0.159,0.268,0.119,-0.378,-0.012,0.52,-0.503,0.169,0.19,0.508,0.035,0.576,1.0,0.697,0.514,0.592,0.797,-0.347,0.049,0.508,0.447,0.164,0.455,-0.488,0.226,-0.015,0.268,0.521,-0.2,0.306,0.454,0.419,-0.243,0.563,-0.106,0.295,0.22,0.366,0.406,0.284,0.29,0.567,0.392,0.113,0.704,0.336,-0.539,0.482,0.461,0.374,0.144,0.536,0.328,0.379,0.21,0.552,0.518,0.276,0.572,0.615,0.653,-0.088,0.501,0.334,-0.277,0.49,0.512,0.727,0.405,-0.054,-0.091,0.367,-0.22,0.443,0.578,0.491
IOVA,0.535,-0.341,-0.215,0.5,0.322,0.348,0.576,0.501,0.409,-0.622,0.612,0.561,0.082,0.34,0.541,-0.413,0.579,0.564,-0.271,-0.563,-0.002,-0.649,0.574,-0.52,-0.125,0.031,-0.036,-0.649,0.107,0.566,-0.619,-0.008,0.018,0.451,-0.241,0.49,0.697,1.0,0.521,0.497,0.634,-0.202,0.192,0.52,0.461,0.162,0.191,-0.548,0.254,-0.01,0.363,0.437,-0.358,0.391,0.568,0.586,-0.278,0.614,-0.135,0.134,0.244,0.47,0.284,0.345,0.298,0.744,0.337,0.442,0.603,0.534,-0.628,0.669,0.461,0.49,0.333,0.319,0.519,0.325,0.511,0.656,0.476,0.411,0.568,0.69,0.581,-0.074,0.607,0.454,-0.399,0.341,0.628,0.577,0.518,-0.127,-0.111,0.423,-0.417,0.53,0.656,0.658
IQ,0.592,-0.526,-0.446,0.799,-0.066,0.554,0.664,0.681,0.462,-0.654,0.862,0.758,-0.172,-0.261,0.562,-0.626,0.783,0.664,-0.447,-0.674,-0.467,-0.445,0.436,-0.726,-0.516,-0.245,-0.434,-0.492,-0.05,0.757,-0.716,-0.386,-0.361,0.209,-0.486,0.49,0.514,0.521,1.0,0.28,0.643,-0.128,0.424,0.788,0.631,-0.422,-0.077,-0.25,0.008,-0.5,-0.04,0.336,-0.601,-0.275,0.8,0.12,-0.441,0.704,-0.548,-0.154,0.394,-0.075,-0.045,-0.011,0.398,0.573,0.546,0.315,0.666,0.245,-0.487,0.571,0.575,0.699,0.334,0.445,0.72,-0.133,0.649,0.734,0.704,0.607,0.5,0.735,0.75,0.084,0.685,0.47,-0.768,0.08,0.62,0.633,0.495,-0.719,-0.512,-0.052,-0.662,0.394,0.749,0.655
JBLU,0.633,-0.029,0.493,0.075,0.01,0.374,0.582,0.356,0.35,-0.39,0.415,0.398,0.508,0.388,0.65,0.032,0.169,0.266,-0.189,0.066,0.227,-0.325,0.536,-0.207,0.425,0.256,0.124,0.013,0.003,0.423,-0.199,0.309,0.291,0.595,0.273,0.709,0.592,0.497,0.28,1.0,0.567,0.001,0.266,0.131,0.501,0.132,0.286,-0.203,0.529,0.247,0.146,0.113,-0.285,0.389,0.069,0.586,-0.336,0.426,0.065,-0.061,0.612,0.454,0.127,0.508,0.636,0.484,0.1,0.317,0.511,0.646,-0.346,0.446,0.587,0.151,0.429,0.386,0.187,0.459,0.231,0.233,0.393,0.33,0.378,0.555,0.381,0.002,0.539,0.429,0.007,0.221,0.549,0.306,0.744,0.161,0.238,0.463,0.215,0.602,0.343,0.32
JD,0.464,-0.207,-0.043,0.509,0.141,0.414,0.608,0.528,0.504,-0.635,0.837,0.799,0.296,0.124,0.527,-0.267,0.552,0.745,-0.068,-0.396,-0.1,-0.55,0.765,-0.482,-0.072,0.085,-0.132,-0.369,0.038,0.735,-0.544,0.126,0.156,0.318,-0.074,0.604,0.797,0.634,0.643,0.567,1.0,-0.209,0.157,0.514,0.511,-0.051,0.134,-0.363,0.252,-0.233,0.055,0.52,-0.279,0.055,0.432,0.323,-0.241,0.663,-0.28,0.178,0.328,0.173,0.165,0.245,0.35,0.534,0.702,0.267,0.959,0.403,-0.46,0.514,0.543,0.594,0.295,0.547,0.498,0.21,0.394,0.601,0.572,0.416,0.39,0.779,0.781,0.221,0.682,0.485,-0.416,0.383,0.583,0.581,0.496,-0.239,-0.21,0.249,-0.367,0.523,0.489,0.524
KDP,0.042,-0.006,0.125,-0.282,-0.375,0.312,-0.01,0.103,-0.175,0.226,-0.276,-0.009,0.028,-0.3,0.134,0.142,-0.129,-0.074,0.095,-0.038,-0.06,0.454,-0.197,0.067,-0.127,-0.362,-0.286,0.169,0.168,-0.041,0.178,0.187,0.191,-0.212,-0.21,-0.044,-0.347,-0.202,-0.128,0.001,-0.209,1.0,0.319,-0.256,-0.055,-0.143,-0.439,0.438,0.263,-0.001,-0.447,-0.195,0.139,-0.187,-0.304,-0.198,0.197,-0.144,-0.158,-0.083,0.333,-0.293,-0.474,0.096,0.179,-0.087,0.051,0.086,-0.11,-0.004,0.521,-0.094,0.12,0.036,0.452,-0.151,0.072,-0.141,0.261,-0.089,-0.01,0.263,-0.454,-0.081,-0.141,0.48,0.06,0.137,0.042,-0.454,-0.07,-0.343,0.23,-0.11,-0.006,-0.229,-0.004,-0.025,-0.42,-0.161
KHC,0.538,-0.421,-0.142,0.153,-0.152,0.488,0.562,0.538,0.187,-0.322,0.305,0.448,-0.029,-0.39,0.635,-0.366,0.385,0.113,-0.503,-0.423,-0.417,0.027,0.231,-0.489,-0.407,-0.174,-0.544,-0.184,-0.153,0.408,-0.395,-0.432,-0.402,0.342,-0.465,0.485,0.049,0.192,0.424,0.266,0.157,0.319,1.0,0.195,0.775,-0.511,-0.366,0.399,-0.048,-0.151,-0.415,-0.132,-0.598,-0.348,0.172,0.083,-0.529,0.318,-0.382,-0.563,0.545,-0.186,-0.329,-0.123,0.648,0.368,0.13,0.264,0.223,0.204,0.18,0.382,0.723,0.481,0.323,0.341,0.641,-0.228,0.732,0.5,0.523,0.677,0.103,0.456,0.324,0.053,0.473,0.554,-0.563,-0.313,0.355,0.127,0.559,-0.506,-0.171,-0.269,-0.216,0.31,0.236,0.396
LRCX,0.371,-0.465,-0.532,0.89,0.241,0.478,0.402,0.694,0.479,-0.598,0.719,0.584,-0.268,-0.164,0.391,-0.549,0.757,0.609,-0.427,-0.676,-0.534,-0.56,0.49,-0.732,-0.479,-0.035,-0.216,-0.608,-0.082,0.568,-0.659,-0.383,-0.367,0.044,-0.495,0.224,0.508,0.52,0.788,0.131,0.514,-0.256,0.195,1.0,0.424,-0.404,0.028,-0.279,0.064,-0.513,0.093,0.382,-0.526,-0.223,0.858,0.012,-0.389,0.547,-0.541,-0.079,0.232,-0.053,0.208,-0.001,0.168,0.58,0.449,0.132,0.51,0.059,-0.56,0.424,0.43,0.578,0.361,0.51,0.536,-0.164,0.501,0.617,0.537,0.544,0.598,0.578,0.674,-0.02,0.537,0.333,-0.581,0.311,0.589,0.681,0.262,-0.573,-0.613,0.102,-0.683,0.247,0.729,0.797
LYFT,0.673,-0.517,-0.145,0.419,0.007,0.465,0.801,0.595,0.414,-0.634,0.639,0.643,0.048,-0.193,0.751,-0.468,0.575,0.347,-0.531,-0.487,-0.427,-0.4,0.47,-0.568,-0.29,-0.023,-0.393,-0.347,-0.186,0.596,-0.636,-0.423,-0.402,0.486,-0.329,0.699,0.447,0.461,0.631,0.501,0.511,-0.055,0.775,0.424,1.0,-0.379,-0.041,-0.019,-0.001,-0.235,-0.196,0.136,-0.668,-0.174,0.385,0.267,-0.604,0.557,-0.389,-0.36,0.503,-0.018,-0.054,-0.051,0.706,0.596,0.253,0.403,0.515,0.334,-0.189,0.475,0.866,0.575,0.271,0.519,0.625,-0.063,0.62,0.608,0.769,0.605,0.368,0.687,0.555,-0.035,0.611,0.588,-0.569,0.042,0.504,0.483,0.646,-0.488,-0.218,-0.03,-0.334,0.52,0.489,0.617
MARA,-0.127,0.265,0.363,-0.327,0.064,-0.445,-0.107,-0.538,-0.088,0.028,-0.274,-0.384,0.358,0.799,-0.238,0.352,-0.384,-0.153,0.476,0.431,0.769,-0.074,-0.021,0.47,0.604,0.286,0.497,0.248,0.165,-0.207,0.2,0.544,0.542,0.286,0.598,-0.001,0.164,0.162,-0.422,0.132,-0.051,-0.143,-0.511,-0.404,-0.379,1.0,0.482,-0.386,0.209,0.709,0.5,0.077,0.494,0.849,-0.326,0.509,0.383,-0.156,0.589,0.554,-0.307,0.663,0.261,0.328,-0.275,-0.138,-0.188,-0.065,-0.077,0.324,-0.14,0.007,-0.381,-0.439,-0.205,-0.294,-0.454,0.82,-0.496,-0.318,-0.356,-0.617,0.036,-0.301,-0.339,-0.142,-0.384,-0.241,0.56,0.194,-0.21,-0.11,-0.132,0.619,0.705,0.532,0.444,-0.118,-0.106,-0.357
MCHP,-0.14,0.398,0.227,0.137,0.577,-0.425,0.031,-0.237,0.494,-0.104,-0.019,-0.245,0.329,0.662,-0.106,0.171,0.016,-0.117,0.26,0.245,0.316,-0.364,0.292,0.255,0.535,0.619,0.761,0.009,-0.172,-0.22,-0.019,0.26,0.253,0.297,0.521,0.064,0.455,0.191,-0.077,0.286,0.134,-0.439,-0.366,0.028,-0.041,0.482,1.0,-0.492,-0.015,0.322,0.475,0.437,0.121,0.588,0.117,0.256,-0.019,-0.073,0.449,0.394,-0.239,0.444,0.802,0.151,0.045,0.151,-0.16,-0.271,0.015,0.111,-0.349,-0.092,-0.074,-0.337,-0.363,0.235,-0.301,0.498,-0.452,-0.132,-0.18,-0.422,0.383,-0.163,-0.062,-0.451,-0.292,-0.115,0.395,0.71,0.016,0.456,-0.129,0.477,0.29,0.499,0.275,-0.093,0.256,0.015
MDLZ,-0.265,0.161,0.151,-0.401,-0.327,0.039,-0.255,-0.075,-0.352,0.464,-0.346,-0.131,-0.054,-0.438,-0.123,0.226,-0.365,-0.377,0.024,0.269,-0.201,0.622,-0.271,0.148,-0.209,-0.138,-0.385,0.418,0.002,-0.25,0.4,0.041,0.049,-0.317,-0.21,-0.263,-0.488,-0.548,-0.25,-0.203,-0.363,0.438,0.399,-0.279,-0.019,-0.386,-0.492,1.0,-0.004,-0.076,-0.55,-0.359,0.14,-0.462,-0.412,-0.484,0.033,-0.388,-0.117,-0.374,0.075,-0.514,-0.58,-0.221,0.067,-0.447,-0.178,-0.254,-0.318,-0.311,0.738,-0.319,-0.009,-0.154,0.077,-0.078,-0.133,-0.392,0.068,-0.256,-0.236,0.236,-0.494,-0.159,-0.321,0.316,-0.038,-0.045,0.004,-0.543,-0.314,-0.512,-0.178,-0.147,-0.002,-0.51,0.157,-0.159,-0.491,-0.304
META,0.24,0.164,0.414,-0.115,-0.155,0.442,0.125,0.127,0.063,-0.066,0.127,0.19,0.251,0.177,0.242,0.204,-0.058,0.198,0.073,0.023,0.264,0.027,0.232,0.012,0.253,-0.031,0.073,0.076,0.279,0.077,0.09,0.576,0.574,0.124,0.126,0.234,0.226,0.254,0.008,0.529,0.252,0.263,-0.048,0.064,-0.001,0.209,-0.015,-0.004,1.0,0.187,-0.015,0.049,0.178,0.33,-0.124,0.306,0.112,0.081,0.038,0.174,0.489,0.219,-0.167,0.629,0.274,0.182,0.086,0.181,0.219,0.451,-0.08,0.048,0.153,-0.015,0.787,0.023,-0.096,0.274,0.099,-0.032,0.11,0.209,-0.119,0.247,0.085,0.342,0.297,0.141,0.199,-0.068,0.181,0.05,0.351,0.139,0.068,0.334,0.049,0.322,-0.052,0.124
MNST,-0.021,0.248,0.518,-0.504,-0.056,-0.356,-0.144,-0.443,-0.213,0.074,-0.387,-0.428,0.361,0.683,-0.153,0.36,-0.479,-0.425,0.185,0.495,0.734,0.079,-0.061,0.382,0.654,0.397,0.366,0.323,-0.218,-0.26,0.208,0.377,0.355,0.555,0.576,0.105,-0.015,-0.01,-0.5,0.247,-0.233,-0.001,-0.151,-0.513,-0.235,0.709,0.322,-0.076,0.187,1.0,0.347,-0.358,0.209,0.721,-0.463,0.573,0.061,-0.21,0.535,0.017,-0.062,0.659,0.127,0.181,-0.017,-0.231,-0.495,-0.089,-0.235,0.246,0.008,0.127,-0.214,-0.507,-0.141,-0.21,-0.466,0.673,-0.392,-0.303,-0.351,-0.393,0.046,-0.289,-0.392,-0.259,-0.291,-0.144,0.507,0.006,-0.167,-0.312,-0.017,0.613,0.804,0.48,0.639,0.033,-0.141,-0.377
MRNA,0.054,0.074,-0.017,0.138,0.379,-0.332,-0.047,-0.214,0.049,-0.153,-0.006,-0.242,0.037,0.662,-0.042,-0.129,-0.052,0.154,0.001,0.189,0.38,-0.402,0.096,0.013,0.287,0.247,0.483,-0.108,-0.094,0.052,-0.011,0.147,0.13,0.205,0.376,-0.031,0.268,0.363,-0.04,0.146,0.055,-0.447,-0.415,0.093,-0.196,0.5,0.475,-0.55,-0.015,0.347,1.0,0.175,-0.037,0.586,0.281,0.462,-0.024,0.114,0.517,0.231,-0.331,0.717,0.48,0.104,-0.228,0.164,-0.114,-0.067,0.047,0.135,-0.534,0.35,-0.221,-0.208,-0.261,-0.169,-0.162,0.556,-0.273,-0.031,-0.245,-0.351,0.527,-0.062,-0.084,-0.477,-0.147,-0.218,0.177,0.325,0.233,0.173,-0.016,0.289,0.402,0.629,0.159,-0.045,0.38,0.14
MRVL,0.001,0.097,-0.182,0.425,0.536,0.045,0.24,0.209,0.59,-0.269,0.348,0.288,0.055,0.081,0.134,-0.079,0.378,0.526,0.339,-0.253,-0.106,-0.367,0.523,-0.093,-0.106,0.138,0.267,-0.248,0.275,0.184,-0.188,0.212,0.235,-0.194,0.043,0.13,0.521,0.437,0.336,0.113,0.52,-0.195,-0.132,0.382,0.136,0.077,0.437,-0.359,0.049,-0.358,0.175,1.0,0.095,0.06,0.463,0.034,0.184,0.23,0.009,0.609,-0.131,0.071,0.418,0.152,0.055,0.413,0.556,0.066,0.459,0.183,-0.2,-0.025,0.212,0.173,0.035,0.363,0.235,0.046,0.13,0.27,0.104,0.045,0.211,0.187,0.401,0.179,0.101,0.197,-0.082,0.548,0.202,0.648,0.052,-0.037,-0.294,0.126,-0.29,0.072,0.334,0.379
MSFT,-0.58,0.623,0.403,-0.425,-0.107,-0.368,-0.537,-0.58,-0.288,0.485,-0.51,-0.411,0.255,0.161,-0.576,0.592,-0.436,-0.311,0.839,0.505,0.407,0.372,-0.301,0.795,0.399,-0.005,0.279,0.41,0.389,-0.531,0.646,0.691,0.706,-0.415,0.337,-0.406,-0.2,-0.358,-0.601,-0.285,-0.279,0.139,-0.598,-0.526,-0.668,0.494,0.121,0.14,0.178,0.209,-0.037,0.095,1.0,0.223,-0.541,-0.222,0.843,-0.496,0.315,0.691,-0.384,-0.04,-0.094,0.214,-0.527,-0.486,-0.127,-0.212,-0.319,-0.133,0.478,-0.557,-0.607,-0.581,-0.173,-0.432,-0.643,0.129,-0.575,-0.62,-0.478,-0.508,-0.587,-0.55,-0.453,0.401,-0.459,-0.406,0.554,-0.086,-0.582,-0.322,-0.456,0.499,0.311,-0.059,0.351,-0.321,-0.616,-0.648
MSTR,0.087,0.161,0.307,-0.171,0.231,-0.309,-0.0,-0.328,0.032,-0.123,-0.122,-0.251,0.258,0.894,-0.067,0.139,-0.212,-0.064,0.216,0.269,0.663,-0.281,0.086,0.25,0.579,0.321,0.58,0.03,-0.078,-0.1,-0.029,0.442,0.427,0.453,0.527,0.136,0.306,0.391,-0.275,0.389,0.055,-0.187,-0.348,-0.223,-0.174,0.849,0.588,-0.462,0.33,0.721,0.586,0.06,0.223,1.0,-0.129,0.665,0.11,-0.049,0.534,0.338,-0.115,0.78,0.444,0.378,-0.077,0.147,-0.252,0.008,0.006,0.455,-0.323,0.146,-0.203,-0.341,-0.053,-0.144,-0.324,0.836,-0.289,-0.167,-0.232,-0.389,0.255,-0.052,-0.174,-0.31,-0.163,-0.09,0.437,0.3,0.039,0.066,0.077,0.568,0.615,0.653,0.326,0.057,0.154,-0.088
MU,0.414,-0.444,-0.609,0.854,0.318,0.306,0.393,0.565,0.442,-0.578,0.64,0.482,-0.361,-0.115,0.361,-0.669,0.737,0.638,-0.396,-0.641,-0.421,-0.554,0.37,-0.692,-0.519,-0.166,-0.14,-0.646,-0.09,0.583,-0.676,-0.422,-0.406,0.047,-0.409,0.23,0.454,0.568,0.8,0.069,0.432,-0.304,0.172,0.858,0.385,-0.326,0.117,-0.412,-0.124,-0.463,0.281,0.463,-0.541,-0.129,1.0,0.09,-0.343,0.514,-0.387,-0.032,0.085,0.068,0.283,-0.084,0.141,0.589,0.462,0.224,0.459,0.079,-0.598,0.444,0.329,0.498,0.144,0.324,0.545,-0.144,0.468,0.582,0.457,0.469,0.637,0.494,0.57,-0.129,0.426,0.178,-0.623,0.227,0.566,0.743,0.289,-0.57,-0.549,0.054,-0.672,0.223,0.867,0.714
MVIS,0.558,-0.206,0.224,0.026,0.002,0.056,0.385,0.083,0.117,-0.408,0.256,0.154,0.255,0.556,0.345,-0.054,0.055,0.192,-0.157,-0.06,0.451,-0.37,0.283,-0.129,0.327,0.257,0.148,-0.137,-0.07,0.344,-0.329,0.144,0.151,0.65,0.295,0.546,0.419,0.586,0.12,0.586,0.323,-0.198,0.083,0.012,0.267,0.509,0.256,-0.484,0.306,0.573,0.462,0.034,-0.222,0.665,0.09,1.0,-0.166,0.389,0.213,0.052,0.201,0.801,0.213,0.331,0.245,0.448,-0.025,0.435,0.328,0.705,-0.444,0.532,0.225,0.013,0.176,0.098,0.104,0.64,0.176,0.194,0.227,0.004,0.43,0.346,0.224,-0.169,0.273,0.226,0.008,0.161,0.312,0.206,0.48,0.248,0.453,0.575,0.156,0.48,0.429,0.222
NFLX,-0.368,0.346,0.231,-0.277,-0.152,-0.24,-0.411,-0.441,-0.261,0.327,-0.398,-0.285,0.063,-0.007,-0.499,0.408,-0.308,-0.114,0.84,0.283,0.289,0.292,-0.329,0.578,0.267,-0.195,0.163,0.243,0.427,-0.373,0.451,0.512,0.5,-0.526,0.193,-0.279,-0.243,-0.278,-0.441,-0.336,-0.241,0.197,-0.529,-0.389,-0.604,0.383,-0.019,0.033,0.112,0.061,-0.024,0.184,0.843,0.11,-0.343,-0.166,1.0,-0.365,0.158,0.741,-0.374,-0.053,-0.098,0.152,-0.496,-0.311,0.04,0.028,-0.236,-0.044,0.472,-0.445,-0.505,-0.437,-0.078,-0.477,-0.447,0.019,-0.365,-0.514,-0.34,-0.429,-0.558,-0.505,-0.264,0.552,-0.398,-0.339,0.394,-0.131,-0.528,-0.228,-0.298,0.33,0.142,-0.115,0.19,-0.29,-0.462,-0.493
NNDM,0.643,-0.44,-0.279,0.558,-0.08,0.438,0.731,0.536,0.438,-0.708,0.804,0.738,0.014,-0.028,0.661,-0.515,0.665,0.602,-0.337,-0.474,-0.206,-0.452,0.522,-0.58,-0.197,-0.107,-0.359,-0.445,-0.067,0.813,-0.619,-0.185,-0.191,0.401,-0.308,0.657,0.563,0.614,0.704,0.426,0.663,-0.144,0.318,0.547,0.557,-0.156,-0.073,-0.388,0.081,-0.21,0.114,0.23,-0.496,-0.049,0.514,0.389,-0.365,1.0,-0.316,-0.066,0.376,0.269,0.002,0.1,0.39,0.624,0.403,0.481,0.677,0.43,-0.545,0.738,0.584,0.512,0.298,0.349,0.637,0.164,0.51,0.684,0.62,0.474,0.541,0.764,0.764,0.048,0.692,0.561,-0.605,0.198,0.725,0.44,0.564,-0.428,-0.235,0.169,-0.395,0.507,0.606,0.53
NVAX,-0.264,0.452,0.367,-0.534,0.28,-0.55,-0.254,-0.646,-0.168,0.369,-0.485,-0.576,0.227,0.567,-0.247,0.337,-0.515,-0.336,0.332,0.657,0.669,0.197,-0.082,0.507,0.536,0.3,0.559,0.496,0.013,-0.423,0.471,0.388,0.389,0.134,0.651,-0.191,-0.106,-0.135,-0.548,0.065,-0.28,-0.158,-0.382,-0.541,-0.389,0.589,0.449,-0.117,0.038,0.535,0.517,0.009,0.315,0.534,-0.387,0.213,0.158,-0.316,1.0,0.249,-0.35,0.524,0.228,0.117,-0.166,-0.288,-0.352,-0.372,-0.328,0.061,-0.032,-0.154,-0.428,-0.535,-0.364,-0.325,-0.44,0.474,-0.551,-0.375,-0.598,-0.606,0.004,-0.451,-0.548,-0.411,-0.538,-0.299,0.589,0.142,-0.109,-0.27,-0.226,0.549,0.596,0.371,0.641,-0.292,-0.219,-0.346
NVDA,-0.207,0.369,0.174,0.06,0.22,-0.189,-0.095,-0.265,0.24,-0.029,-0.047,-0.066,0.258,0.297,-0.24,0.268,0.026,0.206,0.808,0.138,0.313,-0.115,0.141,0.412,0.339,0.036,0.402,0.042,0.446,-0.131,0.173,0.551,0.58,-0.23,0.312,-0.036,0.295,0.134,-0.154,-0.061,0.178,-0.083,-0.563,-0.079,-0.36,0.554,0.394,-0.374,0.174,0.017,0.231,0.609,0.691,0.338,-0.032,0.052,0.741,-0.066,0.249,1.0,-0.31,0.202,0.279,0.351,-0.31,0.054,0.287,-0.034,0.117,0.143,0.03,-0.232,-0.273,-0.226,-0.085,-0.092,-0.236,0.301,-0.324,-0.169,-0.131,-0.396,-0.128,-0.241,0.036,0.311,-0.259,-0.156,0.321,0.309,-0.186,0.25,-0.148,0.326,0.097,0.201,0.076,-0.161,-0.096,-0.144
NWL,0.648,-0.272,0.249,0.175,-0.299,0.847,0.516,0.652,0.244,-0.362,0.396,0.495,0.24,-0.19,0.614,-0.081,0.347,0.284,-0.388,-0.306,-0.172,0.064,0.294,-0.37,0.044,-0.103,-0.213,-0.117,0.099,0.403,-0.203,-0.014,-0.036,0.346,-0.17,0.52,0.22,0.244,0.394,0.612,0.328,0.333,0.545,0.232,0.503,-0.307,-0.239,0.075,0.489,-0.062,-0.331,-0.131,-0.384,-0.115,0.085,0.201,-0.374,0.376,-0.35,-0.31,1.0,-0.048,-0.279,0.511,0.601,0.396,0.163,0.32,0.35,0.389,-0.094,0.306,0.652,0.401,0.722,0.322,0.371,-0.037,0.51,0.359,0.557,0.567,0.101,0.477,0.408,0.224,0.569,0.567,-0.218,-0.126,0.438,0.125,0.726,-0.243,-0.147,0.063,-0.022,0.486,0.172,0.354
OCGN,0.318,0.006,0.215,-0.05,0.185,-0.178,0.161,-0.161,0.039,-0.293,0.051,-0.072,0.207,0.731,0.165,-0.024,-0.063,0.101,0.049,0.217,0.592,-0.362,0.27,0.053,0.471,0.274,0.424,0.005,-0.112,0.165,-0.117,0.3,0.284,0.547,0.483,0.332,0.366,0.47,-0.075,0.454,0.173,-0.293,-0.186,-0.053,-0.018,0.663,0.444,-0.514,0.219,0.659,0.717,0.071,-0.04,0.78,0.068,0.801,-0.053,0.269,0.524,0.202,-0.048,1.0,0.385,0.331,0.005,0.248,-0.149,0.132,0.154,0.552,-0.491,0.446,-0.016,-0.214,-0.018,-0.093,-0.111,0.742,-0.095,0.026,-0.096,-0.239,0.462,0.095,0.004,-0.34,0.015,0.037,0.245,0.271,0.342,0.107,0.259,0.426,0.546,0.717,0.318,0.201,0.363,0.088
