,AAL,AAPL,AGNC,AMAT,AMD,AMZN,APA,ARDX,AVGO,AZN,BIDU,BILI,BKR,CAN,CHRD,CMCSA,CPRT,CRWD,CSCO,CSX,DKNG,EBAY,ERIC,EXC,FITB,FLEX,FTNT,GEN,GERN,GEVO,GILD,GOOG,GOOGL,GT,HBAN,HST,INTC,IOVA,IQ,JBLU,JD,KDP,KHC,LRCX,LYFT,MARA,MCHP,MDLZ,META,MNST,MRNA,MRVL,MSFT,MSTR,MU,MVIS,NFLX,NNDM,NVAX,NVDA,NWL,OCGN,ON,OPK,PAA,PACB,PANW,PARA,PDD,PENN,PEP,PLUG,PTEN,PTON,PYPL,QCOM,QVCGA,RIOT,ROKU,RUN,SABR,SBUX,SMCI,SNDL,STNE,TCOM,TLRY,TMUS,TSCO,TSLA,TTD,TXN,UAL,VOD,VTRS,VXRT,WBA,WBD,WDC,ZM
AAL,1.0,-0.354,-0.037,0.277,-0.491,0.62,0.724,0.46,0.027,-0.556,0.518,0.577,-0.225,-0.25,0.758,-0.362,0.433,0.578,-0.394,-0.297,-0.148,0.004,0.265,-0.542,-0.223,-0.521,-0.41,0.006,0.39,0.673,-0.53,0.116,-0.359,0.252,-0.272,0.714,0.198,0.428,0.527,0.626,0.236,0.425,0.552,0.309,0.607,-0.088,-0.374,0.131,0.422,0.014,-0.15,-0.091,-0.466,-0.013,0.247,0.422,-0.159,0.585,-0.285,-0.108,0.647,0.175,-0.394,0.284,0.576,0.482,0.482,0.68,0.415,0.762,-0.091,0.523,0.649,0.477,0.526,-0.164,0.547,0.06,0.641,0.401,0.761,0.516,0.007,0.531,0.486,0.337,0.262,0.514,-0.339,-0.386,0.371,0.036,0.921,-0.39,-0.238,-0.022,-0.224,0.443,0.36,0.309
AAPL,-0.354,1.0,0.458,-0.313,-0.042,-0.1,-0.376,-0.371,0.136,0.445,-0.265,-0.243,0.219,0.045,-0.238,0.411,-0.291,-0.329,0.439,0.507,0.166,0.266,0.031,0.391,0.27,0.105,0.239,0.333,0.087,-0.445,0.462,0.554,0.268,0.04,0.19,-0.265,-0.078,-0.317,-0.397,0.168,-0.213,0.08,-0.157,-0.323,-0.364,0.038,0.195,0.257,0.186,0.248,-0.069,-0.123,0.69,0.036,-0.38,-0.204,-0.054,-0.355,0.306,0.044,-0.009,-0.104,-0.01,0.069,0.097,-0.37,-0.384,-0.432,-0.162,-0.19,0.237,-0.392,-0.295,-0.307,-0.011,-0.05,-0.373,-0.015,-0.278,-0.388,-0.367,-0.067,-0.233,-0.341,-0.237,-0.287,-0.397,-0.227,0.429,0.025,-0.314,-0.127,-0.309,0.333,0.072,-0.047,0.307,-0.208,-0.355,-0.448
AGNC,-0.037,0.458,1.0,-0.588,-0.136,-0.103,-0.058,-0.279,-0.103,0.403,-0.185,-0.146,0.56,0.293,-0.063,0.599,-0.542,-0.486,0.216,0.651,0.509,0.233,0.053,0.48,0.625,0.285,0.193,0.477,0.055,-0.31,0.475,0.546,0.445,0.396,0.451,0.136,0.016,-0.24,-0.427,0.489,0.036,-0.011,-0.146,-0.559,-0.097,0.344,0.195,0.083,0.189,0.598,-0.023,-0.317,0.566,0.284,-0.611,0.235,-0.024,-0.244,0.363,-0.074,0.142,0.187,-0.059,0.336,0.266,-0.256,-0.624,-0.106,-0.006,0.144,0.168,-0.158,-0.078,-0.5,-0.054,0.048,-0.543,0.309,-0.295,-0.484,-0.228,-0.226,-0.147,-0.197,-0.246,0.034,-0.071,-0.086,0.582,0.069,-0.166,-0.209,0.034,0.54,0.516,0.222,0.665,0.202,-0.356,-0.435
AMAT,0.277,-0.313,-0.588,1.0,0.102,0.269,0.321,0.589,0.515,-0.655,0.655,0.442,-0.349,-0.144,0.244,-0.576,0.804,0.709,-0.181,-0.661,-0.468,-0.409,0.361,-0.538,-0.363,-0.095,-0.065,-0.563,0.084,0.585,-0.607,-0.308,-0.287,-0.153,-0.324,0.181,0.403,0.493,0.759,0.032,0.449,-0.05,0.029,0.879,0.305,-0.27,0.11,-0.225,-0.083,-0.499,0.133,0.578,-0.543,-0.148,0.882,-0.016,-0.124,0.541,-0.444,0.342,0.094,-0.046,0.198,0.009,0.003,0.603,0.722,0.163,0.483,0.065,-0.428,0.392,0.306,0.511,0.137,0.285,0.515,-0.126,0.331,0.613,0.483,0.255,0.462,0.465,0.712,0.07,0.341,0.277,-0.565,0.242,0.384,0.533,0.17,-0.496,-0.508,0.003,-0.588,0.067,0.748,0.636
AMD,-0.491,-0.042,-0.136,0.102,1.0,-0.577,-0.125,-0.131,0.365,-0.076,-0.194,-0.431,0.294,0.56,-0.271,0.114,-0.041,-0.243,0.416,-0.042,0.23,-0.502,0.083,0.284,0.34,0.729,0.689,-0.329,-0.464,-0.26,0.137,-0.23,0.438,0.122,0.534,-0.181,0.236,0.219,-0.251,-0.317,0.134,-0.609,-0.445,0.009,-0.123,0.35,0.72,-0.557,-0.468,-0.023,0.488,0.658,-0.013,0.367,0.241,0.072,-0.039,-0.216,0.395,0.565,-0.581,0.296,0.829,0.052,-0.335,0.185,-0.171,-0.357,-0.125,-0.286,-0.342,-0.149,-0.229,-0.287,-0.556,0.525,-0.215,0.277,-0.531,0.029,-0.398,-0.532,0.614,-0.116,-0.144,-0.517,0.117,-0.252,0.252,0.68,0.14,0.454,-0.428,0.4,0.314,0.402,0.203,-0.126,0.292,0.323
AMZN,0.62,-0.1,-0.103,0.269,-0.577,1.0,0.348,0.64,-0.022,-0.299,0.419,0.609,-0.398,-0.594,0.558,-0.189,0.444,0.566,-0.444,-0.419,-0.476,0.248,0.314,-0.605,-0.414,-0.54,-0.472,-0.001,0.644,0.397,-0.301,0.178,-0.441,-0.18,-0.56,0.289,-0.07,0.199,0.463,0.462,0.123,0.662,0.573,0.443,0.408,-0.526,-0.614,0.47,0.592,-0.256,-0.538,-0.171,-0.268,-0.418,0.123,-0.08,-0.146,0.366,-0.533,-0.304,0.905,-0.325,-0.585,0.385,0.484,0.245,0.498,0.424,0.401,0.365,0.19,0.191,0.604,0.657,0.873,-0.145,0.522,-0.401,0.694,0.361,0.637,0.724,-0.415,0.398,0.489,0.553,0.206,0.592,-0.285,-0.41,0.135,-0.181,0.65,-0.461,-0.536,-0.202,-0.384,0.228,-0.026,0.262
APA,0.724,-0.376,-0.058,0.321,-0.125,0.348,1.0,0.451,0.268,-0.614,0.63,0.566,0.056,-0.039,0.767,-0.317,0.488,0.37,-0.187,-0.388,-0.137,-0.2,0.454,-0.472,-0.114,-0.153,-0.303,-0.159,0.058,0.698,-0.551,-0.034,-0.162,0.383,-0.143,0.78,0.346,0.505,0.585,0.515,0.467,0.168,0.485,0.326,0.794,-0.018,-0.068,-0.051,0.154,-0.093,-0.111,0.237,-0.602,0.047,0.296,0.317,-0.376,0.706,-0.227,0.024,0.399,0.127,-0.124,0.189,0.643,0.511,0.364,0.51,0.514,0.567,-0.183,0.569,0.736,0.402,0.223,0.217,0.584,0.211,0.446,0.559,0.677,0.295,0.286,0.693,0.581,0.226,0.474,0.636,-0.405,-0.012,0.562,0.24,0.717,-0.367,-0.105,0.1,-0.225,0.471,0.436,0.45
ARDX,0.46,-0.371,-0.279,0.589,-0.131,0.64,0.451,1.0,0.325,-0.431,0.65,0.696,-0.173,-0.358,0.517,-0.329,0.669,0.612,-0.448,-0.649,-0.512,-0.166,0.479,-0.652,-0.378,-0.184,-0.352,-0.441,0.354,0.573,-0.543,-0.262,-0.282,-0.138,-0.509,0.296,0.258,0.454,0.674,0.235,0.548,0.252,0.398,0.65,0.562,-0.474,-0.296,0.082,0.158,-0.45,-0.309,0.278,-0.565,-0.35,0.484,-0.035,-0.275,0.496,-0.624,-0.042,0.538,-0.234,-0.203,0.238,0.321,0.595,0.645,0.344,0.639,0.24,-0.087,0.341,0.638,0.643,0.437,0.331,0.594,-0.3,0.622,0.637,0.628,0.56,0.078,0.624,0.71,0.525,0.557,0.576,-0.557,-0.003,0.415,0.29,0.486,-0.469,-0.506,-0.19,-0.485,0.325,0.337,0.603
AVGO,0.027,0.136,-0.103,0.515,0.365,-0.022,0.268,0.325,1.0,-0.338,0.467,0.291,0.194,0.162,0.189,-0.142,0.569,0.292,0.286,-0.24,-0.167,-0.424,0.555,-0.118,0.141,0.326,0.292,-0.392,-0.129,0.147,-0.333,-0.018,0.157,0.213,0.036,0.273,0.625,0.324,0.341,0.189,0.532,-0.167,-0.039,0.388,0.287,0.026,0.495,-0.341,-0.032,-0.138,0.1,0.697,-0.178,0.125,0.404,0.067,-0.253,0.328,-0.067,0.554,-0.004,0.05,0.445,0.105,0.217,0.593,0.3,-0.142,0.426,0.037,-0.224,0.098,0.281,0.168,-0.1,0.663,0.257,0.175,0.089,0.427,0.223,-0.011,0.41,0.233,0.52,-0.127,0.192,0.24,-0.131,0.553,0.353,0.757,0.045,-0.024,-0.178,0.122,-0.14,0.027,0.446,0.483
AZN,-0.556,0.445,0.403,-0.655,-0.076,-0.299,-0.614,-0.431,-0.338,1.0,-0.517,-0.353,0.168,-0.045,-0.541,0.453,-0.63,-0.586,0.11,0.52,0.124,0.462,-0.356,0.459,0.096,0.04,0.062,0.364,0.067,-0.671,0.614,0.064,0.164,-0.369,0.053,-0.64,-0.386,-0.622,-0.536,-0.299,-0.336,-0.035,-0.24,-0.582,-0.518,-0.052,-0.073,0.232,-0.136,0.04,-0.158,-0.37,0.621,-0.127,-0.558,-0.413,0.188,-0.674,0.274,-0.246,-0.26,-0.335,-0.143,-0.158,-0.227,-0.586,-0.515,-0.417,-0.379,-0.439,0.386,-0.65,-0.552,-0.444,-0.247,-0.18,-0.502,-0.214,-0.296,-0.62,-0.602,-0.276,-0.499,-0.565,-0.619,0.025,-0.397,-0.491,0.394,-0.111,-0.47,-0.316,-0.502,0.292,0.122,-0.257,0.292,-0.293,-0.669,-0.528
BIDU,0.518,-0.265,-0.185,0.655,-0.194,0.419,0.63,0.65,0.467,-0.517,1.0,0.873,-0.162,-0.125,0.476,-0.538,0.718,0.664,-0.263,-0.527,-0.366,-0.377,0.67,-0.612,-0.299,-0.228,-0.345,-0.449,0.241,0.695,-0.694,-0.015,-0.142,0.086,-0.451,0.461,0.614,0.643,0.832,0.445,0.846,0.048,0.193,0.686,0.55,-0.191,-0.119,-0.095,0.225,-0.276,-0.056,0.413,-0.473,-0.076,0.579,0.185,-0.282,0.788,-0.423,0.214,0.298,0.039,-0.134,0.195,0.316,0.632,0.576,0.321,0.901,0.376,-0.374,0.549,0.509,0.536,0.295,0.293,0.554,-0.003,0.598,0.696,0.606,0.407,0.227,0.804,0.881,0.421,0.582,0.545,-0.564,0.144,0.581,0.493,0.42,-0.439,-0.452,0.015,-0.563,0.406,0.574,0.596
BILI,0.577,-0.243,-0.146,0.442,-0.431,0.609,0.566,0.696,0.291,-0.353,0.873,1.0,-0.225,-0.386,0.583,-0.522,0.631,0.652,-0.381,-0.497,-0.488,-0.152,0.651,-0.706,-0.458,-0.469,-0.556,-0.321,0.403,0.655,-0.661,-0.002,-0.276,-0.044,-0.659,0.414,0.448,0.479,0.759,0.432,0.704,0.321,0.447,0.551,0.607,-0.427,-0.408,0.18,0.352,-0.308,-0.338,0.171,-0.435,-0.316,0.367,0.037,-0.272,0.681,-0.531,-0.061,0.477,-0.164,-0.397,0.155,0.452,0.487,0.582,0.383,0.853,0.357,-0.078,0.447,0.612,0.649,0.479,0.139,0.599,-0.225,0.799,0.626,0.679,0.66,-0.147,0.751,0.768,0.648,0.524,0.621,-0.607,-0.151,0.497,0.286,0.541,-0.52,-0.54,-0.182,-0.601,0.361,0.28,0.435
BKR,-0.225,0.219,0.56,-0.349,0.294,-0.398,0.056,-0.173,0.194,0.168,-0.162,-0.225,1.0,0.566,-0.111,0.537,-0.334,-0.485,0.341,0.423,0.446,-0.115,0.05,0.422,0.703,0.627,0.387,0.002,-0.369,-0.243,0.291,0.267,0.684,0.482,0.461,0.098,0.291,-0.109,-0.357,0.058,0.128,-0.422,-0.279,-0.448,-0.114,0.494,0.434,-0.279,-0.091,0.415,0.23,0.008,0.259,0.481,-0.369,0.207,-0.029,-0.199,0.266,0.145,-0.197,0.245,0.342,0.219,-0.027,-0.118,-0.521,-0.266,-0.084,-0.081,-0.019,-0.004,-0.107,-0.403,-0.501,0.352,-0.439,0.553,-0.384,-0.236,-0.241,-0.422,0.277,-0.077,-0.236,-0.243,0.151,-0.083,0.372,0.413,0.168,0.226,-0.114,0.542,0.549,0.307,0.615,0.192,-0.104,-0.153
CAN,-0.25,0.045,0.293,-0.144,0.56,-0.594,-0.039,-0.358,0.162,-0.045,-0.125,-0.386,0.566,1.0,-0.25,0.241,-0.299,-0.339,0.388,0.35,0.702,-0.466,0.073,0.404,0.693,0.627,0.659,-0.11,-0.493,-0.156,0.125,0.232,0.623,0.608,0.656,0.014,0.381,0.274,-0.336,0.067,0.211,-0.526,-0.563,-0.25,-0.26,0.902,0.699,-0.591,-0.198,0.558,0.703,0.19,0.197,0.883,-0.06,0.497,-0.037,-0.132,0.55,0.452,-0.462,0.685,0.635,0.248,-0.307,0.052,-0.46,-0.301,-0.049,0.057,-0.513,0.153,-0.342,-0.469,-0.544,0.24,-0.431,0.875,-0.574,-0.148,-0.459,-0.62,0.602,-0.057,-0.213,-0.555,0.056,-0.225,0.458,0.601,0.178,0.284,-0.21,0.632,0.725,0.686,0.465,0.07,0.253,0.013
CHRD,0.758,-0.238,-0.063,0.244,-0.271,0.558,0.767,0.517,0.189,-0.541,0.476,0.583,-0.111,-0.25,1.0,-0.245,0.467,0.543,-0.342,-0.297,-0.224,-0.095,0.474,-0.503,-0.25,-0.33,-0.425,-0.039,0.293,0.714,-0.424,0.066,-0.267,0.269,-0.26,0.722,0.24,0.433,0.494,0.593,0.319,0.44,0.63,0.34,0.739,-0.227,-0.297,0.185,0.382,-0.126,-0.201,0.08,-0.521,-0.136,0.221,0.241,-0.386,0.628,-0.241,-0.161,0.587,0.062,-0.356,0.23,0.704,0.48,0.452,0.559,0.476,0.559,-0.03,0.53,0.771,0.529,0.49,0.092,0.635,0.023,0.566,0.488,0.705,0.614,0.051,0.613,0.517,0.296,0.423,0.653,-0.391,-0.26,0.518,0.125,0.842,-0.386,-0.192,-0.005,-0.239,0.44,0.281,0.425
CMCSA,-0.362,0.411,0.599,-0.576,0.114,-0.189,-0.317,-0.329,-0.142,0.453,-0.538,-0.522,0.537,0.241,-0.245,1.0,-0.604,-0.631,0.305,0.563,0.399,0.239,-0.201,0.593,0.577,0.546,0.308,0.447,-0.031,-0.581,0.652,0.276,0.351,0.213,0.502,-0.111,-0.261,-0.456,-0.623,0.031,-0.341,-0.126,-0.231,-0.541,-0.322,0.253,0.212,0.082,0.006,0.375,-0.093,-0.273,0.489,0.185,-0.624,0.012,0.111,-0.522,0.267,-0.133,-0.02,-0.028,0.089,0.206,-0.013,-0.445,-0.644,-0.187,-0.42,-0.147,0.266,-0.411,-0.259,-0.479,-0.16,0.142,-0.524,0.188,-0.51,-0.532,-0.363,-0.33,-0.097,-0.43,-0.456,-0.184,-0.197,-0.156,0.619,0.177,-0.373,-0.23,-0.232,0.593,0.464,0.151,0.683,0.061,-0.464,-0.426
CPRT,0.433,-0.291,-0.542,0.804,-0.041,0.444,0.488,0.669,0.569,-0.63,0.718,0.631,-0.334,-0.299,0.467,-0.604,1.0,0.707,-0.21,-0.705,-0.503,-0.348,0.478,-0.598,-0.404,-0.285,-0.267,-0.58,0.21,0.651,-0.683,-0.275,-0.363,-0.03,-0.49,0.428,0.369,0.554,0.768,0.16,0.503,0.149,0.318,0.726,0.501,-0.355,-0.09,-0.124,0.026,-0.476,-0.122,0.48,-0.579,-0.219,0.725,-0.026,-0.193,0.677,-0.467,0.264,0.306,-0.099,-0.01,0.064,0.253,0.705,0.798,0.314,0.572,0.201,-0.233,0.437,0.538,0.672,0.273,0.236,0.74,-0.212,0.541,0.776,0.682,0.469,0.212,0.558,0.807,0.223,0.386,0.48,-0.674,0.085,0.441,0.475,0.415,-0.56,-0.586,-0.146,-0.619,0.194,0.596,0.648
CRWD,0.578,-0.329,-0.486,0.709,-0.243,0.566,0.37,0.612,0.292,-0.586,0.664,0.652,-0.485,-0.339,0.543,-0.631,0.707,1.0,-0.402,-0.528,-0.423,-0.234,0.409,-0.668,-0.495,-0.464,-0.329,-0.348,0.363,0.658,-0.583,-0.091,-0.373,-0.125,-0.481,0.299,0.34,0.519,0.714,0.259,0.41,0.236,0.274,0.731,0.415,-0.365,-0.312,0.036,0.319,-0.403,0.06,0.312,-0.519,-0.244,0.653,0.072,-0.151,0.614,-0.384,0.117,0.384,0.004,-0.249,0.128,0.221,0.611,0.821,0.373,0.549,0.325,-0.298,0.476,0.453,0.691,0.47,0.028,0.626,-0.199,0.644,0.655,0.628,0.587,0.14,0.556,0.653,0.272,0.326,0.44,-0.567,-0.132,0.506,0.318,0.505,-0.579,-0.556,-0.039,-0.612,0.174,0.5,0.639
CSCO,-0.394,0.439,0.216,-0.181,0.416,-0.444,-0.187,-0.448,0.286,0.11,-0.263,-0.381,0.341,0.388,-0.342,0.305,-0.21,-0.402,1.0,0.382,0.309,-0.186,-0.001,0.513,0.579,0.41,0.524,0.13,-0.405,-0.441,0.292,0.217,0.42,0.231,0.524,-0.056,0.133,-0.234,-0.399,-0.132,-0.09,-0.364,-0.361,-0.324,-0.267,0.339,0.528,-0.209,-0.203,0.252,0.178,0.248,0.499,0.31,-0.217,-0.048,0.258,-0.308,0.378,0.557,-0.384,0.155,0.454,-0.026,-0.158,-0.21,-0.325,-0.436,-0.278,-0.211,0.099,-0.331,-0.278,-0.434,-0.441,0.206,-0.369,0.282,-0.505,-0.198,-0.316,-0.47,0.17,-0.334,-0.159,-0.352,-0.223,-0.189,0.442,0.395,-0.129,0.167,-0.371,0.461,0.321,0.171,0.419,-0.243,-0.097,-0.228
CSX,-0.297,0.507,0.651,-0.661,-0.042,-0.419,-0.388,-0.649,-0.24,0.52,-0.527,-0.497,0.423,0.35,-0.297,0.563,-0.705,-0.528,0.382,1.0,0.518,0.221,-0.222,0.636,0.606,0.234,0.321,0.714,-0.184,-0.523,0.667,0.45,0.373,0.244,0.569,-0.166,-0.136,-0.541,-0.642,0.118,-0.311,-0.184,-0.313,-0.658,-0.398,0.373,0.235,0.133,-0.012,0.523,0.212,-0.386,0.584,0.279,-0.636,0.011,0.024,-0.446,0.595,-0.128,-0.215,0.226,0.018,-0.037,-0.12,-0.555,-0.644,-0.384,-0.407,-0.137,0.152,-0.336,-0.377,-0.712,-0.304,-0.18,-0.689,0.326,-0.547,-0.674,-0.587,-0.369,-0.097,-0.523,-0.606,-0.35,-0.424,-0.389,0.703,0.015,-0.278,-0.314,-0.249,0.588,0.541,0.128,0.792,-0.152,-0.443,-0.63
DKNG,-0.148,0.166,0.509,-0.468,0.23,-0.476,-0.137,-0.512,-0.167,0.124,-0.366,-0.488,0.446,0.702,-0.224,0.399,-0.503,-0.423,0.309,0.518,1.0,-0.041,-0.135,0.519,0.674,0.428,0.458,0.238,-0.276,-0.241,0.357,0.296,0.503,0.692,0.712,0.084,0.042,0.054,-0.476,0.145,-0.113,-0.367,-0.432,-0.517,-0.331,0.78,0.457,-0.402,-0.049,0.739,0.496,-0.176,0.382,0.64,-0.334,0.543,0.086,-0.208,0.689,0.215,-0.291,0.67,0.278,0.291,-0.171,-0.189,-0.516,-0.16,-0.28,0.234,-0.342,0.109,-0.453,-0.538,-0.375,-0.041,-0.469,0.631,-0.576,-0.29,-0.45,-0.534,0.321,-0.253,-0.427,-0.439,-0.123,-0.268,0.522,0.21,-0.022,-0.114,-0.136,0.613,0.795,0.554,0.621,0.002,0.025,-0.333
EBAY,0.004,0.266,0.233,-0.409,-0.502,0.248,-0.2,-0.166,-0.424,0.462,-0.377,-0.152,-0.115,-0.466,-0.095,0.239,-0.348,-0.234,-0.186,0.221,-0.041,1.0,-0.419,0.131,-0.191,-0.317,-0.336,0.572,0.305,-0.22,0.436,0.104,-0.184,-0.253,-0.182,-0.266,-0.615,-0.586,-0.244,-0.061,-0.529,0.404,0.344,-0.381,-0.135,-0.323,-0.465,0.617,0.126,0.007,-0.514,-0.584,0.292,-0.414,-0.49,-0.359,0.024,-0.303,0.019,-0.592,0.356,-0.459,-0.583,-0.082,0.154,-0.535,-0.093,-0.109,-0.38,-0.066,0.557,-0.321,-0.122,-0.06,0.221,-0.37,-0.076,-0.367,0.077,-0.335,-0.097,0.146,-0.559,-0.34,-0.387,0.205,-0.354,-0.101,0.052,-0.591,-0.448,-0.646,-0.021,-0.232,-0.089,-0.503,0.173,-0.243,-0.577,-0.565
ERIC,0.265,0.031,0.053,0.361,0.083,0.314,0.454,0.479,0.555,-0.356,0.67,0.651,0.05,0.073,0.474,-0.201,0.478,0.409,-0.001,-0.222,-0.135,-0.419,1.0,-0.466,-0.051,0.077,-0.035,-0.236,0.134,0.401,-0.48,0.141,-0.019,0.303,-0.131,0.399,0.631,0.539,0.457,0.503,0.742,0.059,0.2,0.505,0.517,-0.067,0.121,-0.041,0.205,-0.003,-0.019,0.428,-0.308,0.0,0.333,0.19,-0.535,0.52,-0.076,0.191,0.243,0.176,0.082,0.227,0.434,0.461,0.336,0.066,0.768,0.247,-0.303,0.376,0.527,0.359,0.292,0.498,0.358,0.118,0.333,0.559,0.32,0.363,0.21,0.544,0.637,0.163,0.381,0.54,-0.151,0.338,0.497,0.44,0.293,-0.037,-0.165,0.288,-0.225,0.281,0.388,0.494
EXC,-0.542,0.391,0.48,-0.538,0.284,-0.605,-0.472,-0.652,-0.118,0.459,-0.612,-0.706,0.422,0.404,-0.503,0.593,-0.598,-0.668,0.513,0.636,0.519,0.131,-0.466,1.0,0.643,0.494,0.518,0.342,-0.337,-0.658,0.753,0.161,0.508,0.196,0.678,-0.218,-0.238,-0.441,-0.695,-0.208,-0.334,-0.413,-0.468,-0.726,-0.45,0.433,0.46,-0.223,-0.301,0.355,0.229,-0.091,0.597,0.368,-0.536,0.019,0.257,-0.54,0.507,0.159,-0.426,0.175,0.344,0.013,-0.327,-0.404,-0.73,-0.325,-0.567,-0.218,0.156,-0.419,-0.513,-0.672,-0.549,-0.035,-0.653,0.281,-0.733,-0.585,-0.546,-0.686,0.028,-0.576,-0.542,-0.373,-0.307,-0.399,0.628,0.277,-0.418,-0.17,-0.481,0.659,0.561,0.137,0.692,-0.16,-0.371,-0.538
FITB,-0.223,0.27,0.625,-0.363,0.34,-0.414,-0.114,-0.378,0.141,0.096,-0.299,-0.458,0.703,0.693,-0.25,0.577,-0.404,-0.495,0.579,0.606,0.674,-0.191,-0.051,0.643,1.0,0.625,0.676,0.212,-0.333,-0.392,0.461,0.327,0.587,0.572,0.798,0.138,0.201,-0.123,-0.541,0.16,0.013,-0.436,-0.534,-0.508,-0.298,0.667,0.608,-0.434,-0.097,0.562,0.385,-0.023,0.431,0.605,-0.426,0.334,0.148,-0.246,0.522,0.426,-0.191,0.481,0.494,0.371,-0.149,-0.131,-0.618,-0.285,-0.23,0.019,-0.172,-0.115,-0.259,-0.607,-0.423,0.2,-0.606,0.609,-0.686,-0.389,-0.341,-0.629,0.325,-0.299,-0.273,-0.4,-0.093,-0.188,0.7,0.471,-0.055,0.052,-0.152,0.799,0.684,0.514,0.801,0.027,-0.106,-0.286
FLEX,-0.521,0.105,0.285,-0.095,0.729,-0.54,-0.153,-0.184,0.326,0.04,-0.228,-0.469,0.627,0.627,-0.33,0.546,-0.285,-0.464,0.41,0.234,0.428,-0.317,0.077,0.494,0.625,1.0,0.646,-0.087,-0.441,-0.352,0.343,0.001,0.604,0.335,0.659,-0.092,0.213,-0.002,-0.376,-0.123,0.12,-0.618,-0.504,-0.161,-0.185,0.479,0.72,-0.463,-0.356,0.274,0.396,0.405,0.158,0.434,-0.1,0.206,-0.054,-0.241,0.367,0.364,-0.448,0.308,0.684,0.141,-0.302,-0.014,-0.468,-0.405,-0.14,-0.227,-0.212,-0.121,-0.253,-0.465,-0.531,0.609,-0.438,0.456,-0.632,-0.183,-0.448,-0.643,0.572,-0.185,-0.171,-0.446,0.102,-0.176,0.464,0.744,0.033,0.321,-0.451,0.58,0.564,0.48,0.528,-0.022,0.108,0.062
FTNT,-0.41,0.239,0.193,-0.065,0.689,-0.472,-0.303,-0.352,0.292,0.062,-0.345,-0.556,0.387,0.659,-0.425,0.308,-0.267,-0.329,0.524,0.321,0.458,-0.336,-0.035,0.518,0.676,0.646,1.0,-0.035,-0.368,-0.521,0.343,0.146,0.474,0.249,0.736,-0.235,0.213,0.002,-0.443,-0.088,-0.044,-0.485,-0.614,-0.218,-0.388,0.539,0.831,-0.586,-0.222,0.302,0.557,0.359,0.286,0.559,-0.035,0.209,0.056,-0.37,0.556,0.549,-0.354,0.469,0.849,0.328,-0.352,0.027,-0.484,-0.44,-0.292,-0.139,-0.359,-0.305,-0.382,-0.496,-0.431,0.232,-0.542,0.422,-0.662,-0.336,-0.522,-0.692,0.438,-0.401,-0.332,-0.65,-0.232,-0.299,0.69,0.667,-0.036,0.249,-0.389,0.727,0.449,0.604,0.505,-0.265,0.122,-0.038
GEN,0.006,0.333,0.477,-0.563,-0.329,-0.001,-0.159,-0.441,-0.392,0.364,-0.449,-0.321,0.002,-0.11,-0.039,0.447,-0.58,-0.348,0.13,0.714,0.238,0.572,-0.236,0.342,0.212,-0.087,-0.035,1.0,0.101,-0.35,0.588,0.287,-0.044,0.088,0.35,-0.018,-0.424,-0.601,-0.373,0.207,-0.446,0.213,0.145,-0.477,-0.105,-0.038,-0.135,0.478,0.118,0.291,-0.205,-0.501,0.284,-0.146,-0.609,-0.105,-0.162,-0.318,0.372,-0.459,0.174,-0.065,-0.338,-0.052,0.196,-0.574,-0.341,-0.168,-0.389,0.061,0.352,-0.287,-0.073,-0.37,0.125,-0.262,-0.29,-0.024,-0.233,-0.463,-0.294,-0.069,-0.295,-0.4,-0.462,-0.092,-0.411,-0.088,0.453,-0.365,-0.389,-0.621,0.013,0.189,0.265,-0.12,0.573,-0.19,-0.495,-0.623
GERN,0.39,0.087,0.055,0.084,-0.464,0.644,0.058,0.354,-0.129,0.067,0.241,0.403,-0.369,-0.493,0.293,-0.031,0.21,0.363,-0.405,-0.184,-0.276,0.305,0.134,-0.337,-0.333,-0.441,-0.368,0.101,1.0,0.155,0.029,0.088,-0.401,-0.238,-0.421,0.049,-0.161,0.146,0.197,0.363,0.015,0.45,0.338,0.205,0.159,-0.419,-0.507,0.379,0.367,-0.215,-0.343,-0.193,0.011,-0.398,0.029,-0.086,-0.013,0.145,-0.23,-0.287,0.551,-0.299,-0.515,0.33,0.271,0.138,0.273,0.375,0.27,0.247,0.167,0.041,0.246,0.452,0.593,-0.298,0.361,-0.462,0.474,0.12,0.351,0.447,-0.394,0.138,0.246,0.348,0.032,0.286,-0.167,-0.395,-0.1,-0.23,0.38,-0.252,-0.419,-0.281,-0.214,0.103,-0.086,0.025
GEVO,0.673,-0.445,-0.31,0.585,-0.26,0.397,0.698,0.573,0.147,-0.671,0.695,0.655,-0.243,-0.156,0.714,-0.581,0.651,0.658,-0.441,-0.523,-0.241,-0.22,0.401,-0.658,-0.392,-0.352,-0.521,-0.35,0.155,1.0,-0.648,-0.135,-0.262,0.177,-0.403,0.588,0.318,0.588,0.738,0.363,0.482,0.204,0.389,0.592,0.597,-0.169,-0.284,-0.011,0.109,-0.228,0.016,0.142,-0.617,-0.114,0.569,0.28,-0.273,0.842,-0.381,-0.015,0.319,0.152,-0.273,0.075,0.331,0.525,0.661,0.504,0.618,0.43,-0.31,0.768,0.539,0.527,0.283,0.087,0.653,0.056,0.539,0.64,0.682,0.532,0.297,0.777,0.679,0.33,0.598,0.459,-0.705,-0.199,0.584,0.213,0.63,-0.577,-0.223,0.003,-0.497,0.423,0.589,0.486
GILD,-0.53,0.462,0.475,-0.607,0.137,-0.301,-0.551,-0.543,-0.333,0.614,-0.694,-0.661,0.291,0.125,-0.424,0.652,-0.683,-0.583,0.292,0.667,0.357,0.436,-0.48,0.753,0.461,0.343,0.343,0.588,0.029,-0.648,1.0,0.179,0.359,-0.063,0.533,-0.404,-0.46,-0.602,-0.689,-0.183,-0.489,-0.199,-0.313,-0.643,-0.506,0.1,0.141,0.121,-0.162,0.18,0.078,-0.29,0.601,-0.008,-0.601,-0.248,0.161,-0.609,0.473,-0.147,-0.178,-0.077,0.033,0.126,-0.29,-0.621,-0.607,-0.41,-0.572,-0.357,0.311,-0.483,-0.489,-0.55,-0.269,-0.15,-0.57,-0.025,-0.627,-0.65,-0.605,-0.471,-0.169,-0.627,-0.664,-0.255,-0.312,-0.418,0.611,-0.037,-0.458,-0.46,-0.419,0.5,0.447,0.006,0.69,-0.308,-0.568,-0.6
GOOG,0.116,0.554,0.546,-0.308,-0.23,0.178,-0.034,-0.262,-0.018,0.064,-0.015,-0.002,0.267,0.232,0.066,0.276,-0.275,-0.091,0.217,0.45,0.296,0.104,0.141,0.161,0.327,0.001,0.146,0.287,0.088,-0.135,0.179,1.0,0.493,0.293,0.16,0.081,0.152,0.006,-0.23,0.567,-0.014,0.197,-0.051,-0.221,-0.139,0.32,0.073,0.215,0.643,0.521,0.044,-0.217,0.519,0.392,-0.353,0.252,0.025,-0.05,0.224,-0.045,0.301,0.24,-0.127,0.361,0.208,-0.152,-0.358,-0.056,0.082,0.238,0.073,-0.032,-0.015,-0.192,0.281,-0.178,-0.335,0.353,-0.001,-0.292,-0.112,0.1,-0.198,0.05,-0.11,-0.096,-0.033,0.005,0.473,-0.03,0.053,-0.091,0.162,0.304,0.217,0.243,0.287,0.18,-0.182,-0.237
GOOGL,-0.359,0.268,0.445,-0.287,0.438,-0.441,-0.162,-0.282,0.157,0.164,-0.142,-0.276,0.684,0.623,-0.267,0.351,-0.363,-0.373,0.42,0.373,0.503,-0.184,-0.019,0.508,0.587,0.604,0.474,-0.044,-0.401,-0.262,0.359,0.493,1.0,0.319,0.499,-0.096,0.258,0.011,-0.337,0.042,0.18,-0.492,-0.48,-0.343,-0.279,0.529,0.502,-0.326,0.062,0.36,0.355,0.188,0.465,0.573,-0.217,0.222,0.156,-0.222,0.345,0.325,-0.328,0.342,0.41,0.319,-0.235,-0.074,-0.479,-0.338,-0.035,-0.098,-0.12,-0.088,-0.331,-0.465,-0.431,0.294,-0.528,0.537,-0.419,-0.254,-0.389,-0.433,0.284,0.025,-0.242,-0.198,0.316,-0.273,0.423,0.421,0.212,0.277,-0.266,0.497,0.52,0.363,0.43,0.121,-0.027,-0.084
GT,0.252,0.04,0.396,-0.153,0.122,-0.18,0.383,-0.138,0.213,-0.369,0.086,-0.044,0.482,0.608,0.269,0.213,-0.03,-0.125,0.231,0.244,0.692,-0.253,0.303,0.196,0.572,0.335,0.249,0.088,-0.238,0.177,-0.063,0.293,0.319,1.0,0.514,0.616,0.369,0.368,-0.094,0.456,0.233,-0.15,-0.003,-0.231,0.207,0.68,0.382,-0.327,0.061,0.719,0.312,-0.01,-0.051,0.602,-0.155,0.695,-0.297,0.256,0.387,0.193,0.026,0.694,0.223,0.339,0.243,0.175,-0.211,0.098,0.129,0.482,-0.334,0.499,0.148,-0.137,-0.153,0.21,-0.026,0.708,-0.203,0.177,0.044,-0.199,0.448,0.164,0.081,-0.32,0.134,0.255,0.215,0.239,0.24,0.111,0.278,0.426,0.605,0.542,0.447,0.295,0.273,-0.042
HBAN,-0.272,0.19,0.451,-0.324,0.534,-0.56,-0.143,-0.509,0.036,0.053,-0.451,-0.659,0.461,0.656,-0.26,0.502,-0.49,-0.481,0.524,0.569,0.712,-0.182,-0.131,0.678,0.798,0.659,0.736,0.35,-0.421,-0.403,0.533,0.16,0.499,0.514,1.0,0.08,0.038,-0.13,-0.515,0.037,-0.141,-0.498,-0.515,-0.449,-0.267,0.619,0.696,-0.472,-0.267,0.487,0.524,0.123,0.271,0.522,-0.255,0.358,-0.023,-0.311,0.672,0.352,-0.359,0.554,0.599,0.201,-0.169,-0.194,-0.56,-0.259,-0.387,0.012,-0.281,-0.138,-0.307,-0.666,-0.467,0.23,-0.545,0.538,-0.793,-0.373,-0.457,-0.702,0.494,-0.386,-0.408,-0.576,-0.157,-0.304,0.693,0.435,-0.113,-0.01,-0.236,0.727,0.723,0.577,0.747,-0.049,0.038,-0.251
HST,0.714,-0.265,0.136,0.181,-0.181,0.289,0.78,0.296,0.273,-0.64,0.461,0.414,0.098,0.014,0.722,-0.111,0.428,0.299,-0.056,-0.166,0.084,-0.266,0.399,-0.218,0.138,-0.092,-0.235,-0.018,0.049,0.588,-0.404,0.081,-0.096,0.616,0.08,1.0,0.319,0.443,0.395,0.616,0.363,0.146,0.42,0.153,0.711,0.104,-0.012,-0.07,0.224,0.158,-0.098,0.11,-0.412,0.14,0.126,0.505,-0.239,0.617,-0.149,0.114,0.408,0.308,-0.107,0.231,0.64,0.49,0.266,0.587,0.4,0.661,-0.111,0.553,0.693,0.25,0.256,0.221,0.448,0.266,0.285,0.444,0.698,0.309,0.228,0.53,0.531,0.198,0.409,0.547,-0.257,-0.05,0.353,0.177,0.752,-0.105,0.076,0.171,-0.006,0.563,0.382,0.291
INTC,0.198,-0.078,0.016,0.403,0.236,-0.07,0.346,0.258,0.625,-0.386,0.614,0.448,0.291,0.381,0.24,-0.261,0.369,0.34,0.133,-0.136,0.042,-0.615,0.631,-0.238,0.201,0.213,0.213,-0.424,-0.161,0.318,-0.46,0.152,0.258,0.369,0.038,0.319,1.0,0.539,0.397,0.316,0.704,-0.313,-0.173,0.37,0.225,0.274,0.381,-0.434,0.12,0.097,0.34,0.527,-0.217,0.365,0.413,0.373,-0.204,0.442,0.02,0.483,-0.078,0.391,0.35,0.221,0.042,0.509,0.163,-0.024,0.598,0.208,-0.514,0.368,0.193,0.101,-0.134,0.437,0.087,0.405,0.139,0.391,0.16,-0.007,0.484,0.456,0.458,-0.059,0.365,0.262,-0.098,0.47,0.557,0.749,0.146,0.133,-0.015,0.355,-0.11,0.282,0.571,0.479
IOVA,0.428,-0.317,-0.24,0.493,0.219,0.199,0.505,0.454,0.324,-0.622,0.643,0.479,-0.109,0.274,0.433,-0.456,0.554,0.519,-0.234,-0.541,0.054,-0.586,0.539,-0.441,-0.123,-0.002,0.002,-0.601,0.146,0.588,-0.602,0.006,0.011,0.368,-0.13,0.443,0.539,1.0,0.482,0.417,0.646,-0.031,0.075,0.501,0.44,0.223,0.143,-0.358,0.151,0.019,0.311,0.475,-0.409,0.314,0.563,0.557,-0.208,0.597,-0.064,0.368,0.117,0.454,0.188,0.364,0.154,0.73,0.363,0.396,0.666,0.505,-0.581,0.653,0.337,0.449,0.194,0.218,0.462,0.251,0.33,0.634,0.399,0.236,0.445,0.704,0.61,0.031,0.543,0.39,-0.336,0.234,0.499,0.438,0.406,-0.086,-0.06,0.384,-0.406,0.406,0.69,0.633
IQ,0.527,-0.397,-0.427,0.759,-0.251,0.463,0.585,0.674,0.341,-0.536,0.832,0.759,-0.357,-0.336,0.494,-0.623,0.768,0.714,-0.399,-0.642,-0.476,-0.244,0.457,-0.695,-0.541,-0.376,-0.443,-0.373,0.197,0.738,-0.689,-0.23,-0.337,-0.094,-0.515,0.395,0.397,0.482,1.0,0.243,0.586,0.135,0.346,0.77,0.568,-0.417,-0.189,-0.008,0.131,-0.477,-0.12,0.38,-0.655,-0.293,0.739,0.021,-0.283,0.693,-0.516,0.043,0.324,-0.127,-0.214,0.036,0.309,0.532,0.75,0.345,0.692,0.295,-0.287,0.505,0.51,0.592,0.315,0.2,0.683,-0.204,0.632,0.699,0.622,0.495,0.182,0.703,0.747,0.431,0.525,0.485,-0.741,-0.074,0.505,0.403,0.451,-0.679,-0.529,-0.143,-0.677,0.282,0.635,0.575
JBLU,0.626,0.168,0.489,0.032,-0.317,0.462,0.515,0.235,0.189,-0.299,0.445,0.432,0.058,0.067,0.593,0.031,0.16,0.259,-0.132,0.118,0.145,-0.061,0.503,-0.208,0.16,-0.123,-0.088,0.207,0.363,0.363,-0.183,0.567,0.042,0.456,0.037,0.616,0.316,0.417,0.243,1.0,0.39,0.395,0.277,0.133,0.455,0.114,0.012,0.158,0.524,0.34,-0.089,-0.028,-0.027,0.198,-0.037,0.46,-0.337,0.444,0.051,-0.037,0.601,0.283,-0.214,0.481,0.647,0.379,0.024,0.345,0.545,0.659,-0.119,0.362,0.506,0.159,0.519,0.046,0.179,0.229,0.316,0.149,0.369,0.363,0.0,0.449,0.415,0.16,0.25,0.437,0.132,-0.032,0.28,0.008,0.669,0.055,0.06,0.246,0.108,0.426,0.191,0.121
JD,0.236,-0.213,0.036,0.449,0.134,0.123,0.467,0.548,0.532,-0.336,0.846,0.704,0.128,0.211,0.319,-0.341,0.503,0.41,-0.09,-0.311,-0.113,-0.529,0.742,-0.334,0.013,0.12,-0.044,-0.446,0.015,0.482,-0.489,-0.014,0.18,0.233,-0.141,0.363,0.704,0.646,0.586,0.39,1.0,-0.193,-0.043,0.456,0.457,0.035,0.18,-0.31,0.044,-0.113,0.141,0.521,-0.332,0.129,0.424,0.259,-0.323,0.602,-0.149,0.361,0.061,0.217,0.156,0.262,0.192,0.599,0.305,0.107,0.898,0.244,-0.45,0.464,0.367,0.279,0.02,0.52,0.301,0.197,0.298,0.576,0.325,0.143,0.35,0.698,0.726,0.322,0.654,0.422,-0.308,0.419,0.581,0.569,0.225,-0.08,-0.123,0.221,-0.293,0.401,0.49,0.545
KDP,0.425,0.08,-0.011,-0.05,-0.609,0.662,0.168,0.252,-0.167,-0.035,0.048,0.321,-0.422,-0.526,0.44,-0.126,0.149,0.236,-0.364,-0.184,-0.367,0.404,0.059,-0.413,-0.436,-0.618,-0.485,0.213,0.45,0.204,-0.199,0.197,-0.492,-0.15,-0.498,0.146,-0.313,-0.031,0.135,0.395,-0.193,1.0,0.648,0.074,0.283,-0.416,-0.551,0.594,0.45,-0.014,-0.574,-0.43,-0.096,-0.387,-0.173,-0.147,-0.18,0.097,-0.323,-0.514,0.688,-0.365,-0.579,0.001,0.569,0.022,0.217,0.276,0.137,0.192,0.448,0.052,0.434,0.473,0.743,-0.31,0.384,-0.365,0.554,0.092,0.394,0.653,-0.58,0.103,0.147,0.365,-0.127,0.321,-0.133,-0.573,-0.153,-0.43,0.501,-0.373,-0.333,-0.288,-0.301,0.017,-0.308,-0.082
KHC,0.552,-0.157,-0.146,0.029,-0.445,0.573,0.485,0.398,-0.039,-0.24,0.193,0.447,-0.279,-0.563,0.63,-0.231,0.318,0.274,-0.361,-0.313,-0.432,0.344,0.2,-0.468,-0.534,-0.504,-0.614,0.145,0.338,0.389,-0.313,-0.051,-0.48,-0.003,-0.515,0.42,-0.173,0.075,0.346,0.277,-0.043,0.648,1.0,0.128,0.713,-0.472,-0.551,0.642,0.252,-0.137,-0.58,-0.171,-0.407,-0.441,-0.022,-0.051,-0.348,0.259,-0.375,-0.535,0.602,-0.304,-0.576,-0.092,0.641,0.162,0.417,0.377,0.207,0.337,0.53,0.212,0.705,0.542,0.527,-0.092,0.638,-0.336,0.698,0.35,0.532,0.678,-0.389,0.307,0.257,0.4,0.1,0.559,-0.456,-0.574,0.027,-0.223,0.6,-0.52,-0.282,-0.418,-0.277,0.143,-0.069,0.117
LRCX,0.309,-0.323,-0.559,0.879,0.009,0.443,0.326,0.65,0.388,-0.582,0.686,0.551,-0.448,-0.25,0.34,-0.541,0.726,0.731,-0.324,-0.658,-0.517,-0.381,0.505,-0.726,-0.508,-0.161,-0.218,-0.477,0.205,0.592,-0.643,-0.221,-0.343,-0.231,-0.449,0.153,0.37,0.501,0.77,0.133,0.456,0.074,0.128,1.0,0.342,-0.369,-0.086,-0.016,0.166,-0.501,-0.008,0.471,-0.555,-0.24,0.829,-0.06,-0.211,0.538,-0.496,0.169,0.22,-0.104,0.005,0.044,0.093,0.535,0.73,0.171,0.56,0.118,-0.398,0.357,0.37,0.552,0.413,0.291,0.54,-0.211,0.463,0.59,0.451,0.451,0.31,0.537,0.69,0.202,0.363,0.317,-0.525,0.132,0.426,0.454,0.218,-0.552,-0.597,0.033,-0.686,0.111,0.665,0.721
LYFT,0.607,-0.364,-0.097,0.305,-0.123,0.408,0.794,0.562,0.287,-0.518,0.55,0.607,-0.114,-0.26,0.739,-0.322,0.501,0.415,-0.267,-0.398,-0.331,-0.135,0.517,-0.45,-0.298,-0.185,-0.388,-0.105,0.159,0.597,-0.506,-0.139,-0.279,0.207,-0.267,0.711,0.225,0.44,0.568,0.455,0.457,0.283,0.713,0.342,1.0,-0.294,-0.149,0.212,0.119,-0.22,-0.299,0.288,-0.611,-0.21,0.258,0.189,-0.46,0.581,-0.33,-0.116,0.435,-0.045,-0.201,0.048,0.698,0.539,0.439,0.515,0.551,0.488,0.086,0.406,0.881,0.455,0.342,0.301,0.629,-0.084,0.546,0.558,0.688,0.499,0.063,0.643,0.578,0.401,0.468,0.684,-0.473,-0.09,0.33,0.167,0.652,-0.397,-0.194,-0.095,-0.295,0.422,0.314,0.447
MARA,-0.088,0.038,0.344,-0.27,0.35,-0.526,-0.018,-0.474,0.026,-0.052,-0.191,-0.427,0.494,0.902,-0.227,0.253,-0.355,-0.365,0.339,0.373,0.78,-0.323,-0.067,0.433,0.667,0.479,0.539,-0.038,-0.419,-0.169,0.1,0.32,0.529,0.68,0.619,0.104,0.274,0.223,-0.417,0.114,0.035,-0.416,-0.472,-0.369,-0.294,1.0,0.55,-0.536,-0.067,0.724,0.647,-0.005,0.262,0.938,-0.174,0.636,0.115,-0.129,0.558,0.368,-0.385,0.751,0.472,0.227,-0.25,0.015,-0.501,-0.122,-0.166,0.214,-0.423,0.179,-0.359,-0.485,-0.444,0.024,-0.444,0.904,-0.497,-0.223,-0.374,-0.608,0.468,-0.153,-0.28,-0.532,-0.094,-0.252,0.494,0.412,0.06,0.165,-0.118,0.6,0.724,0.638,0.492,0.132,0.187,-0.078
MCHP,-0.374,0.195,0.195,0.11,0.72,-0.614,-0.068,-0.296,0.495,-0.073,-0.119,-0.408,0.434,0.699,-0.297,0.212,-0.09,-0.312,0.528,0.235,0.457,-0.465,0.121,0.46,0.608,0.72,0.831,-0.135,-0.507,-0.284,0.141,0.073,0.502,0.382,0.696,-0.012,0.381,0.143,-0.189,0.012,0.18,-0.551,-0.551,-0.086,-0.149,0.55,1.0,-0.632,-0.342,0.277,0.562,0.568,0.154,0.572,0.162,0.259,-0.047,-0.161,0.51,0.601,-0.486,0.468,0.87,0.134,-0.176,0.159,-0.388,-0.369,-0.075,-0.096,-0.422,-0.107,-0.262,-0.505,-0.559,0.431,-0.412,0.508,-0.625,-0.166,-0.39,-0.634,0.617,-0.19,-0.13,-0.581,-0.049,-0.253,0.45,0.759,0.088,0.479,-0.347,0.552,0.466,0.54,0.387,-0.119,0.37,0.057
MDLZ,0.131,0.257,0.083,-0.225,-0.557,0.47,-0.051,0.082,-0.341,0.232,-0.095,0.18,-0.279,-0.591,0.185,0.082,-0.124,0.036,-0.209,0.133,-0.402,0.617,-0.041,-0.223,-0.434,-0.463,-0.586,0.478,0.379,-0.011,0.121,0.215,-0.326,-0.327,-0.472,-0.07,-0.434,-0.358,-0.008,0.158,-0.31,0.594,0.642,-0.016,0.212,-0.536,-0.632,1.0,0.358,-0.102,-0.631,-0.461,0.116,-0.523,-0.324,-0.407,-0.139,-0.149,-0.275,-0.661,0.469,-0.532,-0.732,-0.187,0.374,-0.335,0.142,-0.006,-0.036,-0.03,0.7,-0.194,0.284,0.199,0.538,-0.262,0.139,-0.47,0.406,-0.114,0.104,0.627,-0.64,0.004,-0.075,0.384,-0.155,0.146,-0.142,-0.646,-0.307,-0.526,0.171,-0.378,-0.302,-0.53,-0.106,-0.059,-0.478,-0.243
META,0.422,0.186,0.189,-0.083,-0.468,0.592,0.154,0.158,-0.032,-0.136,0.225,0.352,-0.091,-0.198,0.382,0.006,0.026,0.319,-0.203,-0.012,-0.049,0.126,0.205,-0.301,-0.097,-0.356,-0.222,0.118,0.367,0.109,-0.162,0.643,0.062,0.061,-0.267,0.224,0.12,0.151,0.131,0.524,0.044,0.45,0.252,0.166,0.119,-0.067,-0.342,0.358,1.0,0.153,-0.26,-0.241,0.155,0.052,-0.136,0.175,0.047,0.131,-0.167,-0.153,0.622,-0.01,-0.446,0.412,0.418,0.11,0.059,0.242,0.232,0.423,0.086,0.038,0.266,0.223,0.743,-0.201,0.056,0.007,0.427,-0.01,0.295,0.518,-0.382,0.279,0.118,0.289,0.084,0.239,0.085,-0.345,0.134,-0.045,0.441,-0.111,-0.239,0.065,-0.187,0.239,-0.108,0.113
MNST,0.014,0.248,0.598,-0.499,-0.023,-0.256,-0.093,-0.45,-0.138,0.04,-0.276,-0.308,0.415,0.558,-0.126,0.375,-0.476,-0.403,0.252,0.523,0.739,0.007,-0.003,0.355,0.562,0.274,0.302,0.291,-0.215,-0.228,0.18,0.521,0.36,0.719,0.487,0.158,0.097,0.019,-0.477,0.34,-0.113,-0.014,-0.137,-0.501,-0.22,0.724,0.277,-0.102,0.153,1.0,0.303,-0.344,0.392,0.595,-0.457,0.605,-0.01,-0.173,0.495,-0.007,-0.045,0.633,0.102,0.205,0.022,-0.203,-0.552,-0.11,-0.133,0.241,-0.039,0.163,-0.198,-0.433,-0.112,-0.139,-0.472,0.596,-0.308,-0.329,-0.34,-0.286,0.076,-0.26,-0.327,-0.309,-0.248,-0.148,0.554,0.049,-0.114,-0.182,-0.004,0.572,0.7,0.465,0.597,0.066,-0.098,-0.391
MRNA,-0.15,-0.069,-0.023,0.133,0.488,-0.538,-0.111,-0.309,0.1,-0.158,-0.056,-0.338,0.23,0.703,-0.201,-0.093,-0.122,0.06,0.178,0.212,0.496,-0.514,-0.019,0.229,0.385,0.396,0.557,-0.205,-0.343,0.016,0.078,0.044,0.355,0.312,0.524,-0.098,0.34,0.311,-0.12,-0.089,0.141,-0.574,-0.58,-0.008,-0.299,0.647,0.562,-0.631,-0.26,0.303,1.0,0.301,0.025,0.598,0.288,0.444,0.074,0.013,0.565,0.485,-0.545,0.716,0.543,0.088,-0.466,0.141,-0.151,-0.204,-0.041,-0.029,-0.621,0.308,-0.395,-0.332,-0.512,0.011,-0.293,0.6,-0.462,-0.07,-0.384,-0.547,0.667,-0.108,-0.175,-0.59,-0.021,-0.348,0.245,0.408,0.258,0.311,-0.21,0.357,0.522,0.63,0.254,-0.068,0.451,0.162
MRVL,-0.091,-0.123,-0.317,0.578,0.658,-0.171,0.237,0.278,0.697,-0.37,0.413,0.171,0.008,0.19,0.08,-0.273,0.48,0.312,0.248,-0.386,-0.176,-0.584,0.428,-0.091,-0.023,0.405,0.359,-0.501,-0.193,0.142,-0.29,-0.217,0.188,-0.01,0.123,0.11,0.527,0.475,0.38,-0.028,0.521,-0.43,-0.171,0.471,0.288,-0.005,0.568,-0.461,-0.241,-0.344,0.301,1.0,-0.276,0.131,0.643,0.075,-0.125,0.237,0.019,0.614,-0.28,0.122,0.575,0.023,-0.022,0.562,0.279,-0.07,0.362,-0.021,-0.376,0.054,0.164,0.106,-0.237,0.609,0.213,0.069,0.008,0.424,0.116,-0.132,0.552,0.306,0.435,-0.16,0.334,0.151,-0.178,0.632,0.398,0.762,-0.095,-0.054,-0.162,0.182,-0.253,0.055,0.616,0.648
MSFT,-0.466,0.69,0.566,-0.543,-0.013,-0.268,-0.602,-0.565,-0.178,0.621,-0.473,-0.435,0.259,0.197,-0.521,0.489,-0.579,-0.519,0.499,0.584,0.382,0.292,-0.308,0.597,0.431,0.158,0.286,0.284,0.011,-0.617,0.601,0.519,0.465,-0.051,0.271,-0.412,-0.217,-0.409,-0.655,-0.027,-0.332,-0.096,-0.407,-0.555,-0.611,0.262,0.154,0.116,0.155,0.392,0.025,-0.276,1.0,0.214,-0.53,-0.112,0.495,-0.578,0.326,0.149,-0.188,-0.037,-0.0,0.11,-0.22,-0.483,-0.603,-0.359,-0.352,-0.245,0.308,-0.536,-0.595,-0.578,-0.162,-0.229,-0.69,0.066,-0.444,-0.677,-0.502,-0.294,-0.355,-0.511,-0.48,-0.093,-0.365,-0.52,0.575,-0.025,-0.474,-0.208,-0.436,0.487,0.305,-0.013,0.423,-0.241,-0.486,-0.579
MSTR,-0.013,0.036,0.284,-0.148,0.367,-0.418,0.047,-0.35,0.125,-0.127,-0.076,-0.316,0.481,0.883,-0.136,0.185,-0.219,-0.244,0.31,0.279,0.64,-0.414,0.0,0.368,0.605,0.434,0.559,-0.146,-0.398,-0.114,-0.008,0.392,0.573,0.602,0.522,0.14,0.365,0.314,-0.293,0.198,0.129,-0.387,-0.441,-0.24,-0.21,0.938,0.572,-0.523,0.052,0.595,0.598,0.131,0.214,1.0,-0.058,0.601,0.1,-0.088,0.438,0.409,-0.287,0.696,0.502,0.304,-0.175,0.169,-0.425,-0.064,-0.075,0.286,-0.446,0.138,-0.239,-0.394,-0.355,0.069,-0.382,0.897,-0.371,-0.163,-0.263,-0.488,0.447,-0.011,-0.168,-0.486,0.014,-0.169,0.44,0.48,0.171,0.306,-0.012,0.534,0.569,0.609,0.373,0.245,0.264,0.078
MU,0.247,-0.38,-0.611,0.882,0.241,0.123,0.296,0.484,0.404,-0.558,0.579,0.367,-0.369,-0.06,0.221,-0.624,0.725,0.653,-0.217,-0.636,-0.334,-0.49,0.333,-0.536,-0.426,-0.1,-0.035,-0.609,0.029,0.569,-0.601,-0.353,-0.217,-0.155,-0.255,0.126,0.413,0.563,0.739,-0.037,0.424,-0.173,-0.022,0.829,0.258,-0.174,0.162,-0.324,-0.136,-0.457,0.288,0.643,-0.53,-0.058,1.0,0.043,-0.089,0.457,-0.3,0.364,-0.074,0.081,0.234,-0.019,-0.065,0.575,0.682,0.189,0.434,0.058,-0.524,0.368,0.18,0.369,0.023,0.228,0.462,-0.091,0.288,0.55,0.356,0.213,0.508,0.428,0.541,0.014,0.346,0.09,-0.549,0.201,0.45,0.619,0.151,-0.479,-0.424,0.057,-0.609,0.104,0.861,0.688
MVIS,0.422,-0.204,0.235,-0.016,0.072,-0.08,0.317,-0.035,0.067,-0.413,0.185,0.037,0.207,0.497,0.241,0.012,-0.026,0.072,-0.048,0.011,0.543,-0.359,0.19,0.019,0.334,0.206,0.209,-0.105,-0.086,0.28,-0.248,0.252,0.222,0.695,0.358,0.505,0.373,0.557,0.021,0.46,0.259,-0.147,-0.051,-0.06,0.189,0.636,0.259,-0.407,0.175,0.605,0.444,0.075,-0.112,0.601,0.043,1.0,-0.066,0.332,0.287,0.254,0.029,0.806,0.211,0.363,0.091,0.407,-0.14,0.362,0.232,0.642,-0.422,0.505,0.094,-0.087,0.005,0.054,-0.02,0.593,-0.016,0.112,0.128,-0.145,0.393,0.292,0.145,-0.172,0.234,0.15,0.134,0.14,0.22,0.161,0.339,0.334,0.493,0.571,0.207,0.39,0.429,0.157
NFLX,-0.159,-0.054,-0.024,-0.124,-0.039,-0.146,-0.376,-0.275,-0.253,0.188,-0.282,-0.272,-0.029,-0.037,-0.386,0.111,-0.193,-0.151,0.258,0.024,0.086,0.024,-0.535,0.257,0.148,-0.054,0.056,-0.162,-0.013,-0.273,0.161,0.025,0.156,-0.297,-0.023,-0.239,-0.204,-0.208,-0.283,-0.337,-0.323,-0.18,-0.348,-0.211,-0.46,0.115,-0.047,-0.139,0.047,-0.01,0.074,-0.125,0.495,0.1,-0.089,-0.066,1.0,-0.338,-0.077,0.308,-0.246,-0.084,0.016,-0.015,-0.389,-0.146,-0.175,0.095,-0.353,-0.171,0.2,-0.273,-0.456,-0.234,-0.16,-0.349,-0.338,-0.077,-0.173,-0.389,-0.035,-0.215,-0.237,-0.32,-0.245,0.148,-0.125,-0.415,0.12,-0.124,-0.301,-0.008,-0.203,0.101,0.025,-0.122,0.025,-0.094,-0.152,-0.174
NNDM,0.585,-0.355,-0.244,0.541,-0.216,0.366,0.706,0.496,0.328,-0.674,0.788,0.681,-0.199,-0.132,0.628,-0.522,0.677,0.614,-0.308,-0.446,-0.208,-0.303,0.52,-0.54,-0.246,-0.241,-0.37,-0.318,0.145,0.842,-0.609,-0.05,-0.222,0.256,-0.311,0.617,0.442,0.597,0.693,0.444,0.602,0.097,0.259,0.538,0.581,-0.129,-0.161,-0.149,0.131,-0.173,0.013,0.237,-0.578,-0.088,0.457,0.332,-0.338,1.0,-0.28,0.095,0.313,0.215,-0.15,0.136,0.315,0.586,0.537,0.487,0.684,0.458,-0.404,0.713,0.55,0.466,0.27,0.145,0.599,0.066,0.455,0.67,0.613,0.375,0.287,0.759,0.758,0.258,0.557,0.556,-0.544,0.033,0.585,0.244,0.51,-0.409,-0.239,0.091,-0.41,0.398,0.527,0.452
NVAX,-0.285,0.306,0.363,-0.444,0.395,-0.533,-0.227,-0.624,-0.067,0.274,-0.423,-0.531,0.266,0.55,-0.241,0.267,-0.467,-0.384,0.378,0.595,0.689,0.019,-0.076,0.507,0.522,0.367,0.556,0.372,-0.23,-0.381,0.473,0.224,0.345,0.387,0.672,-0.149,0.02,-0.064,-0.516,0.051,-0.149,-0.323,-0.375,-0.496,-0.33,0.558,0.51,-0.275,-0.167,0.495,0.565,0.019,0.326,0.438,-0.3,0.287,-0.077,-0.28,1.0,0.23,-0.379,0.566,0.337,0.097,-0.18,-0.225,-0.463,-0.433,-0.308,-0.034,-0.236,-0.078,-0.437,-0.504,-0.399,-0.096,-0.433,0.419,-0.602,-0.31,-0.622,-0.553,0.262,-0.403,-0.507,-0.634,-0.351,-0.319,0.582,0.214,-0.044,-0.124,-0.281,0.53,0.614,0.438,0.622,-0.262,-0.079,-0.27
NVDA,-0.108,0.044,-0.074,0.342,0.565,-0.304,0.024,-0.042,0.554,-0.246,0.214,-0.061,0.145,0.452,-0.161,-0.133,0.264,0.117,0.557,-0.128,0.215,-0.592,0.191,0.159,0.426,0.364,0.549,-0.459,-0.287,-0.015,-0.147,-0.045,0.325,0.193,0.352,0.114,0.483,0.368,0.043,-0.037,0.361,-0.514,-0.535,0.169,-0.116,0.368,0.601,-0.661,-0.153,-0.007,0.485,0.614,0.149,0.409,0.364,0.254,0.308,0.095,0.23,1.0,-0.362,0.37,0.634,0.228,-0.214,0.417,0.06,-0.152,0.148,0.014,-0.444,0.02,-0.205,-0.158,-0.35,0.36,-0.115,0.305,-0.325,0.151,0.009,-0.394,0.501,0.057,0.26,-0.238,0.114,-0.133,0.116,0.56,0.21,0.612,-0.159,0.274,0.109,0.403,0.008,-0.039,0.451,0.36
NWL,0.647,-0.009,0.142,0.094,-0.581,0.905,0.399,0.538,-0.004,-0.26,0.298,0.477,-0.197,-0.462,0.587,-0.02,0.306,0.384,-0.384,-0.215,-0.291,0.356,0.243,-0.426,-0.191,-0.448,-0.354,0.174,0.551,0.319,-0.178,0.301,-0.328,0.026,-0.359,0.408,-0.078,0.117,0.324,0.601,0.061,0.688,0.602,0.22,0.435,-0.385,-0.486,0.469,0.622,-0.045,-0.545,-0.28,-0.188,-0.287,-0.074,0.029,-0.246,0.313,-0.379,-0.362,1.0,-0.228,-0.549,0.45,0.606,0.199,0.3,0.393,0.301,0.445,0.236,0.145,0.632,0.47,0.816,-0.126,0.391,-0.257,0.564,0.216,0.563,0.645,-0.391,0.324,0.354,0.457,0.15,0.567,-0.122,-0.412,0.083,-0.255,0.714,-0.299,-0.328,-0.151,-0.139,0.277,-0.104,0.104
OCGN,0.175,-0.104,0.187,-0.046,0.296,-0.325,0.127,-0.234,0.05,-0.335,0.039,-0.164,0.245,0.685,0.062,-0.028,-0.099,0.004,0.155,0.226,0.67,-0.459,0.176,0.175,0.481,0.308,0.469,-0.065,-0.299,0.152,-0.077,0.24,0.342,0.694,0.554,0.308,0.391,0.454,-0.127,0.283,0.217,-0.365,-0.304,-0.104,-0.045,0.751,0.468,-0.532,-0.01,0.633,0.716,0.122,-0.037,0.696,0.081,0.806,-0.084,0.215,0.566,0.37,-0.228,1.0,0.422,0.323,-0.169,0.233,-0.217,0.02,0.086,0.428,-0.576,0.45,-0.132,-0.276,-0.232,0.001,-0.204,0.689,-0.281,0.007,-0.186,-0.354,0.551,0.085,-0.051,-0.454,0.082,-0.064,0.309,0.291,0.329,0.164,0.105,0.477,0.595,0.72,0.348,0.142,0.435,0.097
