,AAL,AAPL,AGNC,AMAT,AMD,AMZN,APA,ARDX,AVGO,AZN,BIDU,BILI,BKR,CAN,CHRD,CMCSA,CPRT,CRWD,CSCO,CSX,DKNG,EBAY,ERIC,EXC,FITB,FLEX,FTNT,GEN,GERN,GEVO,GILD,GOOG,GOOGL,GT,HBAN,HST,INTC,IOVA,IQ,JBLU,JD,KDP,KHC,LRCX,LYFT,MARA,MCHP,MDLZ,META,MNST,MRNA,MRVL,MSFT,MSTR,MU,MVIS,NFLX,NNDM,NVAX,NVDA,NWL,OCGN,ON,OPK,PAA,PACB,PANW,PARA,PDD,PENN,PEP,PLUG,PTEN,PTON,PYPL,QCOM,QVCGA,RIOT,ROKU,RUN,SABR,SBUX,SMCI,SNDL,STNE,TCOM,TLRY,TMUS,TSCO,TSLA,TTD,TXN,UAL,VOD,VTRS,VXRT,WBA,WBD,WDC,ZM
AAL,1.0,-0.41,0.071,0.039,-0.641,0.575,0.586,0.357,-0.44,-0.269,0.338,0.361,-0.279,-0.364,0.768,-0.267,0.185,0.439,-0.472,-0.138,-0.129,0.128,0.099,-0.448,-0.209,-0.626,-0.498,0.156,0.435,0.584,-0.418,-0.111,-0.398,0.049,-0.372,0.647,0.06,0.286,0.384,0.599,0.049,0.423,0.437,0.155,0.473,-0.162,-0.516,0.175,0.145,-0.05,-0.212,-0.385,-0.317,-0.147,0.032,0.346,0.198,0.525,-0.297,-0.234,0.6,0.09,-0.521,0.18,0.532,0.327,0.327,0.739,0.252,0.678,0.042,0.423,0.55,0.448,0.503,-0.531,0.399,-0.151,0.514,0.229,0.703,0.429,-0.329,0.465,0.321,0.363,0.168,0.436,-0.243,-0.55,-0.084,-0.203,0.936,-0.314,-0.235,-0.149,-0.163,0.35,0.124,0.01
AAPL,-0.41,1.0,0.351,-0.36,0.045,-0.152,-0.516,-0.453,0.219,0.513,-0.42,-0.295,0.225,0.107,-0.383,0.428,-0.408,-0.353,0.491,0.579,0.223,0.281,-0.106,0.457,0.27,0.165,0.283,0.312,-0.069,-0.577,0.533,0.534,0.341,0.034,0.205,-0.42,-0.164,-0.407,-0.538,0.103,-0.315,0.01,-0.253,-0.373,-0.468,0.108,0.245,0.184,0.283,0.274,0.004,-0.017,0.75,0.132,-0.413,-0.243,-0.09,-0.484,0.315,0.11,-0.088,-0.107,0.05,0.042,0.043,-0.458,-0.47,-0.488,-0.252,-0.231,0.239,-0.491,-0.442,-0.398,-0.066,0.019,-0.509,0.072,-0.314,-0.551,-0.487,-0.051,-0.163,-0.485,-0.411,-0.305,-0.481,-0.308,0.501,0.098,-0.123,-0.161,-0.352,0.369,0.097,-0.006,0.342,-0.211,-0.392,-0.445
AGNC,0.071,0.351,1.0,-0.64,-0.266,0.012,-0.052,-0.002,-0.17,0.383,-0.02,0.144,0.281,0.17,0.081,0.326,-0.665,-0.494,0.001,0.52,0.352,0.197,0.215,0.291,0.53,0.088,0.04,0.507,0.199,-0.16,0.386,0.181,0.072,0.411,0.295,0.254,0.261,-0.14,-0.269,0.65,0.191,0.107,-0.026,-0.572,-0.016,0.183,0.091,0.13,0.013,0.463,-0.16,-0.377,0.318,0.116,-0.626,0.307,-0.08,-0.064,0.317,-0.095,0.277,0.219,-0.168,0.34,0.367,-0.266,-0.621,-0.074,0.216,0.265,0.101,-0.096,0.04,-0.306,0.082,-0.067,-0.496,0.143,-0.279,-0.475,-0.213,-0.235,-0.252,-0.032,-0.2,0.252,-0.049,0.029,0.456,-0.007,-0.287,-0.202,0.129,0.229,0.396,0.151,0.506,0.152,-0.387,-0.535
AMAT,0.039,-0.36,-0.64,1.0,0.139,0.101,0.063,0.318,0.317,-0.527,0.438,0.122,-0.337,-0.132,-0.032,-0.394,0.781,0.642,-0.156,-0.562,-0.392,-0.356,0.118,-0.351,-0.386,-0.039,-0.003,-0.576,0.038,0.401,-0.511,-0.216,-0.146,-0.389,-0.281,-0.141,0.098,0.379,0.574,-0.258,0.244,-0.146,-0.158,0.87,0.092,-0.229,0.084,-0.246,-0.172,-0.485,0.209,0.47,-0.336,-0.15,0.881,-0.135,0.111,0.351,-0.404,0.243,-0.137,-0.119,0.222,-0.134,-0.331,0.532,0.634,0.155,0.206,-0.16,-0.389,0.267,0.053,0.328,-0.003,0.13,0.388,-0.189,0.23,0.521,0.316,0.136,0.36,0.263,0.608,-0.017,0.253,0.043,-0.457,0.231,0.176,0.39,-0.064,-0.293,-0.433,-0.039,-0.522,-0.02,0.689,0.575
AMD,-0.641,0.045,-0.266,0.139,1.0,-0.643,-0.132,-0.437,0.588,-0.146,-0.412,-0.633,0.405,0.605,-0.505,0.331,0.014,-0.257,0.625,0.047,0.341,-0.447,-0.198,0.493,0.353,0.792,0.737,-0.378,-0.598,-0.445,0.294,0.223,0.576,0.168,0.619,-0.272,-0.22,0.058,-0.442,-0.499,-0.116,-0.626,-0.53,-0.036,-0.244,0.462,0.723,-0.546,-0.029,0.145,0.555,0.755,0.24,0.491,0.234,-0.021,-0.003,-0.403,0.366,0.591,-0.677,0.224,0.84,0.042,-0.506,0.151,-0.243,-0.328,-0.407,-0.37,-0.221,-0.228,-0.416,-0.509,-0.612,0.677,-0.308,0.429,-0.506,-0.077,-0.453,-0.474,0.714,-0.339,-0.242,-0.604,0.099,-0.353,0.361,0.714,0.43,0.438,-0.599,0.546,0.418,0.43,0.306,-0.023,0.319,0.44
AMZN,0.575,-0.152,0.012,0.101,-0.643,1.0,0.169,0.605,-0.469,-0.068,0.403,0.549,-0.555,-0.683,0.542,-0.224,0.299,0.488,-0.527,-0.363,-0.506,0.374,0.236,-0.59,-0.457,-0.594,-0.522,0.135,0.708,0.371,-0.244,-0.114,-0.473,-0.386,-0.591,0.161,0.011,0.122,0.455,0.418,0.099,0.696,0.573,0.328,0.333,-0.605,-0.721,0.552,0.226,-0.321,-0.608,-0.446,-0.262,-0.554,-0.018,-0.112,-0.038,0.331,-0.483,-0.491,0.9,-0.379,-0.667,0.295,0.429,0.039,0.43,0.447,0.398,0.309,0.211,0.127,0.579,0.625,0.875,-0.454,0.504,-0.586,0.658,0.265,0.588,0.653,-0.657,0.355,0.425,0.618,0.1,0.518,-0.288,-0.528,-0.274,-0.443,0.586,-0.458,-0.536,-0.305,-0.421,0.093,-0.268,-0.012
APA,0.586,-0.516,-0.052,0.063,-0.132,0.169,1.0,0.12,-0.155,-0.42,0.303,0.168,0.051,-0.049,0.641,-0.099,0.214,0.172,-0.184,-0.147,-0.013,-0.068,0.099,-0.212,-0.092,-0.126,-0.284,-0.025,-0.017,0.491,-0.321,-0.042,-0.075,0.221,-0.08,0.645,-0.043,0.262,0.299,0.295,0.158,0.069,0.295,0.07,0.675,0.034,-0.139,-0.064,0.017,-0.053,-0.054,0.046,-0.363,0.041,0.081,0.208,-0.131,0.548,-0.186,-0.149,0.185,0.051,-0.151,0.03,0.41,0.28,0.101,0.608,0.142,0.42,-0.063,0.451,0.568,0.18,0.044,-0.043,0.382,0.13,0.314,0.351,0.532,0.151,0.108,0.496,0.334,0.135,0.424,0.536,-0.234,-0.065,0.308,-0.043,0.602,-0.122,0.046,0.025,-0.06,0.464,0.209,0.213
ARDX,0.357,-0.453,-0.002,0.318,-0.437,0.605,0.12,1.0,-0.286,-0.056,0.634,0.709,-0.437,-0.542,0.44,-0.422,0.394,0.369,-0.643,-0.555,-0.584,-0.045,0.46,-0.656,-0.336,-0.431,-0.502,-0.181,0.616,0.551,-0.481,-0.607,-0.592,-0.405,-0.575,0.166,0.407,0.344,0.652,0.202,0.527,0.341,0.389,0.434,0.41,-0.633,-0.491,0.209,-0.364,-0.566,-0.504,-0.238,-0.582,-0.617,0.251,-0.042,0.042,0.481,-0.535,-0.237,0.522,-0.269,-0.414,0.075,0.185,0.332,0.505,0.338,0.653,0.122,-0.038,0.219,0.56,0.671,0.46,-0.211,0.487,-0.635,0.411,0.508,0.507,0.307,-0.378,0.589,0.617,0.735,0.381,0.416,-0.539,-0.26,-0.375,0.02,0.349,-0.558,-0.51,-0.368,-0.493,0.06,0.023,0.139
AVGO,-0.44,0.219,-0.17,0.317,0.588,-0.469,-0.155,-0.286,1.0,0.019,-0.209,-0.383,0.446,0.352,-0.408,0.327,0.233,-0.029,0.58,0.15,0.13,-0.312,0.028,0.384,0.325,0.582,0.558,-0.373,-0.404,-0.426,0.092,0.3,0.485,0.03,0.267,-0.273,-0.047,-0.087,-0.294,-0.308,-0.004,-0.485,-0.515,0.119,-0.168,0.274,0.668,-0.498,0.076,0.029,0.378,0.758,0.381,0.34,0.242,-0.171,0.099,-0.264,0.1,0.658,-0.518,-0.039,0.652,-0.094,-0.266,0.325,-0.087,-0.314,-0.239,-0.389,-0.044,-0.301,-0.321,-0.316,-0.505,0.669,-0.255,0.293,-0.266,-0.025,-0.21,-0.278,0.441,-0.352,-0.015,-0.456,-0.033,-0.238,0.285,0.695,0.347,0.617,-0.4,0.466,0.083,0.161,0.204,-0.065,0.302,0.366
AZN,-0.269,0.513,0.383,-0.527,-0.146,-0.068,-0.42,-0.056,0.019,1.0,-0.341,-0.049,0.086,-0.178,-0.2,0.24,-0.452,-0.384,0.101,0.419,-0.002,0.458,-0.039,0.179,0.124,-0.098,-0.015,0.437,0.114,-0.438,0.416,-0.061,-0.051,-0.209,-0.016,-0.387,-0.021,-0.517,-0.325,-0.022,-0.172,0.1,-0.0,-0.455,-0.231,-0.207,-0.006,0.217,-0.103,-0.113,-0.308,-0.261,0.352,-0.24,-0.473,-0.341,-0.068,-0.428,0.229,0.005,0.014,-0.303,-0.191,-0.021,0.172,-0.38,-0.222,-0.474,-0.129,-0.254,0.358,-0.566,-0.272,-0.065,-0.07,-0.018,-0.274,-0.252,-0.262,-0.358,-0.385,-0.09,-0.425,-0.362,-0.484,0.074,-0.358,-0.229,0.21,-0.19,-0.366,-0.076,-0.204,0.091,-0.054,-0.248,0.166,-0.35,-0.572,-0.417
BIDU,0.338,-0.42,-0.02,0.438,-0.412,0.403,0.303,0.634,-0.209,-0.341,1.0,0.865,-0.517,-0.315,0.342,-0.631,0.479,0.492,-0.589,-0.504,-0.441,-0.228,0.599,-0.612,-0.433,-0.423,-0.501,-0.261,0.526,0.669,-0.606,-0.392,-0.44,-0.227,-0.52,0.24,0.62,0.612,0.833,0.336,0.84,0.173,0.197,0.525,0.404,-0.381,-0.375,0.074,-0.268,-0.388,-0.229,-0.067,-0.503,-0.381,0.412,0.159,-0.124,0.779,-0.321,-0.135,0.264,-0.018,-0.344,0.035,0.067,0.376,0.421,0.386,0.9,0.263,-0.402,0.484,0.414,0.507,0.355,-0.224,0.487,-0.384,0.473,0.589,0.434,0.21,-0.182,0.764,0.825,0.674,0.456,0.383,-0.58,-0.089,-0.133,-0.001,0.244,-0.547,-0.448,-0.152,-0.611,0.191,0.284,0.197
BILI,0.361,-0.295,0.144,0.122,-0.633,0.549,0.168,0.709,-0.383,-0.049,0.865,1.0,-0.551,-0.529,0.452,-0.624,0.28,0.369,-0.672,-0.412,-0.54,-0.001,0.616,-0.678,-0.483,-0.623,-0.655,-0.052,0.665,0.595,-0.53,-0.456,-0.572,-0.299,-0.656,0.219,0.656,0.393,0.732,0.384,0.718,0.42,0.445,0.288,0.415,-0.573,-0.583,0.328,-0.255,-0.398,-0.521,-0.368,-0.483,-0.58,0.113,0.057,-0.165,0.653,-0.359,-0.36,0.458,-0.166,-0.572,0.006,0.254,0.147,0.358,0.349,0.883,0.254,-0.127,0.322,0.513,0.607,0.504,-0.397,0.472,-0.568,0.561,0.443,0.445,0.366,-0.561,0.68,0.627,0.849,0.31,0.418,-0.58,-0.358,-0.326,-0.165,0.312,-0.619,-0.506,-0.335,-0.6,0.074,-0.086,-0.08
BKR,-0.279,0.225,0.281,-0.337,0.405,-0.555,0.051,-0.437,0.446,0.086,-0.517,-0.551,1.0,0.613,-0.284,0.664,-0.406,-0.527,0.606,0.5,0.53,-0.147,-0.254,0.626,0.74,0.651,0.483,-0.062,-0.59,-0.465,0.429,0.484,0.707,0.47,0.488,-0.04,-0.175,-0.305,-0.616,-0.15,-0.223,-0.539,-0.475,-0.485,-0.264,0.596,0.52,-0.398,0.201,0.459,0.38,0.26,0.497,0.616,-0.352,0.058,0.234,-0.4,0.206,0.35,-0.402,0.188,0.456,0.117,-0.151,-0.1,-0.574,-0.322,-0.458,-0.215,0.143,-0.165,-0.346,-0.561,-0.643,0.47,-0.608,0.654,-0.473,-0.379,-0.359,-0.449,0.388,-0.306,-0.44,-0.453,0.082,-0.167,0.529,0.48,0.413,0.314,-0.15,0.652,0.581,0.302,0.706,0.18,-0.016,-0.041
CAN,-0.364,0.107,0.17,-0.132,0.605,-0.683,-0.049,-0.542,0.352,-0.178,-0.315,-0.529,0.613,1.0,-0.428,0.372,-0.325,-0.404,0.501,0.392,0.738,-0.469,-0.126,0.557,0.715,0.652,0.677,-0.172,-0.576,-0.303,0.271,0.375,0.584,0.654,0.698,-0.029,0.004,0.158,-0.501,-0.077,0.019,-0.569,-0.65,-0.312,-0.38,0.913,0.701,-0.617,0.03,0.599,0.727,0.314,0.37,0.885,-0.069,0.4,0.064,-0.275,0.526,0.511,-0.574,0.615,0.668,0.232,-0.429,0.051,-0.55,-0.302,-0.271,-0.026,-0.405,0.082,-0.51,-0.618,-0.623,0.372,-0.546,0.897,-0.629,-0.27,-0.546,-0.639,0.668,-0.229,-0.318,-0.586,0.047,-0.321,0.532,0.631,0.356,0.309,-0.341,0.662,0.778,0.68,0.551,0.117,0.298,0.082
CHRD,0.768,-0.383,0.081,-0.032,-0.505,0.542,0.641,0.44,-0.408,-0.2,0.342,0.452,-0.284,-0.428,1.0,-0.229,0.179,0.362,-0.495,-0.174,-0.249,0.08,0.301,-0.455,-0.26,-0.515,-0.577,0.17,0.421,0.647,-0.324,-0.232,-0.425,0.007,-0.368,0.68,0.126,0.257,0.388,0.545,0.16,0.491,0.57,0.132,0.652,-0.346,-0.508,0.292,0.024,-0.22,-0.331,-0.301,-0.435,-0.336,-0.02,0.163,-0.012,0.554,-0.244,-0.348,0.55,-0.045,-0.545,0.067,0.652,0.217,0.299,0.648,0.351,0.474,0.121,0.405,0.712,0.498,0.489,-0.361,0.509,-0.261,0.47,0.316,0.689,0.496,-0.349,0.546,0.364,0.444,0.309,0.579,-0.341,-0.494,-0.049,-0.189,0.83,-0.395,-0.21,-0.197,-0.202,0.328,-0.029,0.043
CMCSA,-0.267,0.428,0.326,-0.394,0.331,-0.224,-0.099,-0.422,0.327,0.24,-0.631,-0.624,0.664,0.372,-0.229,1.0,-0.448,-0.493,0.587,0.536,0.452,0.119,-0.292,0.639,0.613,0.652,0.442,0.24,-0.324,-0.62,0.602,0.55,0.573,0.351,0.523,-0.056,-0.433,-0.472,-0.689,-0.025,-0.432,-0.259,-0.323,-0.414,-0.252,0.393,0.377,-0.088,0.395,0.429,0.102,0.137,0.595,0.408,-0.472,-0.035,0.058,-0.566,0.166,0.156,-0.1,-0.021,0.277,0.251,0.047,-0.272,-0.563,-0.22,-0.54,-0.126,0.303,-0.388,-0.284,-0.523,-0.244,0.479,-0.52,0.431,-0.416,-0.492,-0.286,-0.189,0.2,-0.47,-0.437,-0.393,-0.116,-0.068,0.64,0.357,0.191,0.06,-0.13,0.678,0.457,0.258,0.678,0.194,-0.252,-0.117
CPRT,0.185,-0.408,-0.665,0.781,0.014,0.299,0.214,0.394,0.233,-0.452,0.479,0.28,-0.406,-0.325,0.179,-0.448,1.0,0.678,-0.204,-0.638,-0.465,-0.238,0.171,-0.433,-0.526,-0.239,-0.221,-0.606,0.183,0.449,-0.578,-0.222,-0.211,-0.386,-0.5,0.039,0.018,0.435,0.584,-0.199,0.258,0.074,0.132,0.715,0.285,-0.346,-0.165,-0.104,-0.113,-0.507,-0.043,0.363,-0.374,-0.239,0.738,-0.211,0.037,0.447,-0.447,0.09,0.064,-0.228,-0.001,-0.129,-0.125,0.579,0.738,0.331,0.267,-0.066,-0.176,0.279,0.286,0.505,0.145,0.008,0.646,-0.338,0.504,0.696,0.529,0.4,0.075,0.346,0.678,0.131,0.287,0.254,-0.59,0.056,0.21,0.209,0.152,-0.371,-0.569,-0.246,-0.611,0.097,0.479,0.583
CRWD,0.439,-0.353,-0.494,0.642,-0.257,0.488,0.172,0.369,-0.029,-0.384,0.492,0.369,-0.527,-0.404,0.362,-0.493,0.678,1.0,-0.307,-0.431,-0.394,-0.13,0.17,-0.533,-0.524,-0.468,-0.317,-0.306,0.331,0.511,-0.511,-0.118,-0.262,-0.391,-0.481,0.044,0.097,0.383,0.567,0.039,0.215,0.189,0.131,0.668,0.232,-0.382,-0.389,0.046,0.159,-0.433,0.07,0.113,-0.293,-0.313,0.59,-0.046,0.113,0.477,-0.371,0.048,0.233,-0.104,-0.289,0.016,-0.006,0.519,0.774,0.409,0.312,0.159,-0.229,0.359,0.257,0.567,0.374,-0.221,0.54,-0.331,0.583,0.564,0.558,0.535,-0.064,0.38,0.568,0.229,0.227,0.259,-0.503,-0.218,0.204,0.073,0.341,-0.382,-0.521,-0.115,-0.603,0.079,0.344,0.527
CSCO,-0.472,0.491,0.001,-0.156,0.625,-0.527,-0.184,-0.643,0.58,0.101,-0.589,-0.672,0.606,0.501,-0.495,0.587,-0.204,-0.307,1.0,0.499,0.464,-0.146,-0.224,0.676,0.51,0.59,0.646,-0.014,-0.615,-0.682,0.433,0.653,0.762,0.32,0.555,-0.268,-0.339,-0.306,-0.672,-0.274,-0.341,-0.501,-0.501,-0.325,-0.335,0.477,0.618,-0.314,0.319,0.408,0.379,0.503,0.673,0.537,-0.158,-0.131,0.008,-0.548,0.312,0.505,-0.509,0.121,0.58,0.051,-0.23,-0.118,-0.382,-0.389,-0.557,-0.303,0.104,-0.388,-0.44,-0.539,-0.546,0.473,-0.525,0.466,-0.432,-0.246,-0.436,-0.245,0.388,-0.494,-0.402,-0.641,-0.13,-0.228,0.567,0.54,0.399,0.258,-0.399,0.753,0.372,0.271,0.535,0.015,0.009,0.022
CSX,-0.138,0.579,0.52,-0.562,0.047,-0.363,-0.147,-0.555,0.15,0.419,-0.504,-0.412,0.5,0.392,-0.174,0.536,-0.638,-0.431,0.499,1.0,0.522,0.139,-0.141,0.552,0.639,0.254,0.352,0.611,-0.298,-0.485,0.551,0.482,0.382,0.431,0.522,-0.02,-0.07,-0.499,-0.637,0.233,-0.26,-0.231,-0.312,-0.572,-0.262,0.409,0.346,-0.015,0.225,0.51,0.252,-0.128,0.599,0.368,-0.573,0.052,-0.19,-0.374,0.522,0.146,-0.175,0.259,0.095,0.074,0.086,-0.376,-0.601,-0.407,-0.352,-0.015,0.132,-0.266,-0.308,-0.593,-0.288,0.08,-0.675,0.446,-0.51,-0.616,-0.516,-0.24,0.07,-0.476,-0.587,-0.396,-0.37,-0.244,0.676,0.103,0.062,-0.128,-0.098,0.588,0.479,0.233,0.745,-0.056,-0.294,-0.436
DKNG,-0.129,0.223,0.352,-0.392,0.341,-0.506,-0.013,-0.584,0.13,-0.002,-0.441,-0.54,0.53,0.738,-0.249,0.452,-0.465,-0.394,0.464,0.522,1.0,-0.097,-0.21,0.573,0.678,0.482,0.497,0.127,-0.416,-0.29,0.407,0.391,0.484,0.811,0.718,0.173,-0.145,0.036,-0.544,0.119,-0.183,-0.421,-0.479,-0.494,-0.325,0.802,0.515,-0.465,0.172,0.758,0.555,0.065,0.461,0.687,-0.282,0.496,0.076,-0.253,0.643,0.337,-0.337,0.651,0.365,0.343,-0.127,-0.071,-0.528,-0.173,-0.377,0.257,-0.286,0.118,-0.504,-0.607,-0.42,0.185,-0.513,0.716,-0.56,-0.324,-0.447,-0.481,0.474,-0.308,-0.447,-0.529,-0.076,-0.252,0.544,0.293,0.277,0.03,-0.104,0.602,0.795,0.599,0.659,0.088,0.142,-0.181
EBAY,0.128,0.281,0.197,-0.356,-0.447,0.374,-0.068,-0.045,-0.312,0.458,-0.228,-0.001,-0.147,-0.469,0.08,0.119,-0.238,-0.13,-0.146,0.139,-0.097,1.0,-0.341,0.021,-0.219,-0.307,-0.341,0.54,0.246,-0.097,0.354,0.048,-0.16,-0.191,-0.21,-0.134,-0.381,-0.557,-0.096,0.064,-0.4,0.438,0.456,-0.332,0.025,-0.329,-0.439,0.602,0.146,-0.025,-0.521,-0.492,0.184,-0.378,-0.462,-0.319,-0.135,-0.16,-0.046,-0.544,0.494,-0.46,-0.556,-0.018,0.382,-0.516,0.037,-0.078,-0.209,0.051,0.542,-0.25,0.048,0.032,0.297,-0.267,0.079,-0.307,0.215,-0.256,0.062,0.283,-0.492,-0.242,-0.279,0.18,-0.302,0.034,-0.061,-0.558,-0.285,-0.551,0.142,-0.277,-0.153,-0.493,0.074,-0.198,-0.59,-0.524
ERIC,0.099,-0.106,0.215,0.118,-0.198,0.236,0.099,0.46,0.028,-0.039,0.599,0.616,-0.254,-0.126,0.301,-0.292,0.171,0.17,-0.224,-0.141,-0.21,-0.341,1.0,-0.434,-0.064,-0.175,-0.212,-0.023,0.343,0.325,-0.388,-0.283,-0.352,0.026,-0.224,0.219,0.59,0.421,0.391,0.411,0.683,0.117,0.125,0.304,0.347,-0.247,-0.087,0.042,-0.28,-0.151,-0.186,-0.003,-0.311,-0.294,0.127,0.14,-0.222,0.506,-0.004,0.04,0.143,0.121,-0.113,0.005,0.218,0.188,0.159,0.081,0.711,0.086,-0.274,0.236,0.379,0.34,0.273,-0.004,0.204,-0.248,0.096,0.407,0.112,0.093,-0.215,0.457,0.533,0.429,0.207,0.415,-0.124,0.122,-0.214,0.119,0.099,-0.157,-0.165,0.112,-0.229,0.013,0.116,0.048
EXC,-0.448,0.457,0.291,-0.351,0.493,-0.59,-0.212,-0.656,0.384,0.179,-0.612,-0.678,0.626,0.557,-0.455,0.639,-0.433,-0.533,0.676,0.552,0.573,0.021,-0.434,1.0,0.655,0.653,0.633,0.145,-0.501,-0.647,0.726,0.478,0.636,0.451,0.732,-0.072,-0.348,-0.348,-0.701,-0.157,-0.327,-0.475,-0.459,-0.596,-0.328,0.568,0.621,-0.309,0.151,0.467,0.385,0.322,0.592,0.592,-0.367,0.047,0.045,-0.567,0.456,0.355,-0.414,0.231,0.51,0.153,-0.206,-0.215,-0.658,-0.34,-0.572,-0.117,0.128,-0.336,-0.461,-0.692,-0.556,0.39,-0.613,0.559,-0.601,-0.516,-0.418,-0.524,0.4,-0.544,-0.492,-0.553,-0.176,-0.289,0.641,0.476,0.207,0.099,-0.366,0.673,0.572,0.292,0.714,0.054,-0.11,-0.188
FITB,-0.209,0.27,0.53,-0.386,0.353,-0.457,-0.092,-0.336,0.325,0.124,-0.433,-0.483,0.74,0.715,-0.26,0.613,-0.526,-0.524,0.51,0.639,0.678,-0.219,-0.064,0.655,1.0,0.601,0.678,0.177,-0.348,-0.461,0.523,0.341,0.461,0.662,0.742,0.095,0.045,-0.137,-0.652,0.17,-0.077,-0.465,-0.588,-0.526,-0.351,0.665,0.633,-0.483,0.056,0.566,0.427,0.102,0.428,0.626,-0.416,0.315,0.106,-0.304,0.497,0.457,-0.228,0.498,0.512,0.407,-0.152,-0.062,-0.703,-0.32,-0.318,0.018,-0.167,-0.137,-0.337,-0.585,-0.45,0.295,-0.724,0.637,-0.738,-0.468,-0.45,-0.631,0.399,-0.334,-0.432,-0.445,-0.072,-0.18,0.767,0.518,0.122,0.232,-0.131,0.753,0.674,0.545,0.832,0.073,-0.021,-0.206
FLEX,-0.626,0.165,0.088,-0.039,0.792,-0.594,-0.126,-0.431,0.582,-0.098,-0.423,-0.623,0.651,0.652,-0.515,0.652,-0.239,-0.468,0.59,0.254,0.482,-0.307,-0.175,0.653,0.601,1.0,0.7,-0.181,-0.548,-0.505,0.465,0.349,0.649,0.383,0.709,-0.164,-0.204,-0.128,-0.533,-0.299,-0.109,-0.632,-0.572,-0.19,-0.274,0.545,0.726,-0.472,0.054,0.373,0.469,0.572,0.355,0.527,-0.066,0.099,-0.028,-0.395,0.325,0.425,-0.542,0.237,0.725,0.13,-0.432,-0.025,-0.514,-0.381,-0.39,-0.296,-0.112,-0.184,-0.406,-0.636,-0.576,0.762,-0.505,0.556,-0.593,-0.278,-0.495,-0.581,0.689,-0.371,-0.248,-0.537,0.101,-0.251,0.532,0.785,0.366,0.351,-0.556,0.65,0.612,0.496,0.568,0.07,0.166,0.201
FTNT,-0.498,0.283,0.04,-0.003,0.737,-0.522,-0.284,-0.502,0.558,-0.015,-0.501,-0.655,0.483,0.677,-0.577,0.442,-0.221,-0.317,0.646,0.352,0.497,-0.341,-0.212,0.633,0.678,0.7,1.0,-0.124,-0.498,-0.64,0.438,0.367,0.521,0.318,0.762,-0.288,-0.132,-0.089,-0.576,-0.211,-0.206,-0.522,-0.668,-0.222,-0.467,0.581,0.845,-0.612,0.096,0.371,0.592,0.522,0.411,0.617,0.001,0.131,0.042,-0.505,0.498,0.637,-0.436,0.406,0.874,0.333,-0.45,0.05,-0.521,-0.418,-0.472,-0.19,-0.28,-0.349,-0.518,-0.614,-0.49,0.433,-0.614,0.52,-0.648,-0.416,-0.535,-0.63,0.568,-0.548,-0.419,-0.676,-0.209,-0.356,0.732,0.718,0.269,0.306,-0.494,0.756,0.495,0.627,0.55,-0.157,0.202,0.117
GEN,0.156,0.312,0.507,-0.576,-0.378,0.135,-0.025,-0.181,-0.373,0.437,-0.261,-0.052,-0.062,-0.172,0.17,0.24,-0.606,-0.306,-0.014,0.611,0.127,0.54,-0.023,0.145,0.177,-0.181,-0.124,1.0,0.175,-0.197,0.472,0.052,-0.187,0.169,0.236,0.161,-0.123,-0.523,-0.219,0.406,-0.264,0.283,0.275,-0.46,0.051,-0.123,-0.158,0.484,0.044,0.202,-0.278,-0.495,0.086,-0.211,-0.61,-0.028,-0.319,-0.152,0.319,-0.442,0.327,-0.032,-0.384,0.004,0.429,-0.576,-0.281,-0.142,-0.143,0.196,0.295,-0.205,0.117,-0.164,0.231,-0.256,-0.196,-0.075,-0.16,-0.412,-0.197,0.018,-0.308,-0.246,-0.399,0.028,-0.374,0.083,0.326,-0.389,-0.356,-0.483,0.165,0.022,0.159,-0.126,0.439,-0.174,-0.505,-0.657
GERN,0.435,-0.069,0.199,0.038,-0.598,0.708,-0.017,0.616,-0.404,0.114,0.526,0.665,-0.59,-0.576,0.421,-0.324,0.183,0.331,-0.615,-0.298,-0.416,0.246,0.343,-0.501,-0.348,-0.548,-0.498,0.175,1.0,0.362,-0.148,-0.37,-0.621,-0.3,-0.491,0.179,0.309,0.285,0.446,0.495,0.3,0.516,0.452,0.203,0.246,-0.546,-0.584,0.412,-0.141,-0.344,-0.499,-0.418,-0.3,-0.574,-0.008,0.037,-0.013,0.395,-0.213,-0.352,0.653,-0.213,-0.601,0.262,0.317,0.102,0.317,0.361,0.566,0.336,0.033,0.131,0.408,0.588,0.661,-0.521,0.465,-0.617,0.439,0.23,0.408,0.313,-0.558,0.356,0.427,0.585,0.022,0.357,-0.323,-0.459,-0.499,-0.286,0.392,-0.509,-0.476,-0.351,-0.353,-0.049,-0.174,-0.175
GEVO,0.584,-0.577,-0.16,0.401,-0.445,0.371,0.491,0.551,-0.426,-0.438,0.669,0.595,-0.465,-0.303,0.647,-0.62,0.449,0.511,-0.682,-0.485,-0.29,-0.097,0.325,-0.647,-0.461,-0.505,-0.64,-0.197,0.362,1.0,-0.598,-0.433,-0.473,-0.079,-0.476,0.481,0.312,0.539,0.719,0.289,0.442,0.276,0.371,0.462,0.5,-0.306,-0.477,0.111,-0.301,-0.321,-0.11,-0.236,-0.608,-0.343,0.42,0.256,-0.031,0.849,-0.328,-0.291,0.283,0.108,-0.435,-0.066,0.171,0.339,0.544,0.552,0.582,0.336,-0.272,0.721,0.483,0.52,0.306,-0.342,0.582,-0.241,0.445,0.557,0.589,0.372,-0.055,0.772,0.625,0.483,0.511,0.344,-0.7,-0.396,-0.015,-0.063,0.52,-0.621,-0.224,-0.15,-0.509,0.264,0.355,0.156
GILD,-0.418,0.533,0.386,-0.511,0.294,-0.244,-0.321,-0.481,0.092,0.416,-0.606,-0.53,0.429,0.271,-0.324,0.602,-0.578,-0.511,0.433,0.551,0.407,0.354,-0.388,0.726,0.523,0.465,0.438,0.472,-0.148,-0.598,1.0,0.369,0.435,0.214,0.604,-0.206,-0.372,-0.509,-0.623,-0.037,-0.383,-0.199,-0.241,-0.589,-0.369,0.225,0.294,0.062,0.155,0.29,0.149,0.042,0.52,0.192,-0.518,-0.182,-0.058,-0.574,0.475,0.021,-0.076,0.008,0.173,0.3,-0.069,-0.52,-0.543,-0.476,-0.464,-0.207,0.277,-0.418,-0.393,-0.567,-0.232,0.221,-0.5,0.239,-0.513,-0.584,-0.501,-0.366,0.13,-0.546,-0.601,-0.341,-0.213,-0.273,0.614,0.126,0.041,-0.211,-0.285,0.421,0.464,0.143,0.697,-0.181,-0.408,-0.379
GOOG,-0.111,0.534,0.181,-0.216,0.223,-0.114,-0.042,-0.607,0.3,-0.061,-0.392,-0.456,0.484,0.375,-0.232,0.55,-0.222,-0.118,0.653,0.482,0.391,0.048,-0.283,0.478,0.341,0.349,0.367,0.052,-0.37,-0.433,0.369,1.0,0.82,0.235,0.301,-0.157,-0.396,-0.234,-0.519,0.124,-0.329,-0.135,-0.325,-0.24,-0.285,0.441,0.273,-0.008,0.774,0.519,0.277,0.203,0.787,0.549,-0.268,-0.006,0.09,-0.355,0.137,0.176,-0.077,0.078,0.188,0.239,-0.031,-0.164,-0.413,-0.129,-0.359,-0.024,0.205,-0.197,-0.294,-0.489,-0.094,0.204,-0.466,0.498,-0.049,-0.437,-0.233,0.105,0.116,-0.273,-0.282,-0.384,-0.014,-0.153,0.545,0.236,0.512,-0.045,-0.043,0.595,0.316,0.247,0.4,0.253,-0.114,-0.023
GOOGL,-0.398,0.341,0.072,-0.146,0.576,-0.473,-0.075,-0.592,0.485,-0.051,-0.44,-0.572,0.707,0.584,-0.425,0.573,-0.211,-0.262,0.762,0.382,0.484,-0.16,-0.352,0.636,0.461,0.649,0.521,-0.187,-0.621,-0.473,0.435,0.82,1.0,0.263,0.468,-0.244,-0.353,-0.19,-0.543,-0.212,-0.196,-0.515,-0.548,-0.262,-0.329,0.545,0.502,-0.312,0.537,0.413,0.439,0.475,0.72,0.643,-0.126,-0.027,0.154,-0.438,0.173,0.403,-0.452,0.131,0.48,0.205,-0.309,-0.044,-0.428,-0.282,-0.412,-0.228,0.083,-0.207,-0.469,-0.609,-0.487,0.539,-0.533,0.604,-0.272,-0.331,-0.374,-0.181,0.425,-0.241,-0.318,-0.441,0.247,-0.3,0.472,0.488,0.648,0.243,-0.296,0.671,0.464,0.311,0.448,0.25,0.048,0.161
GT,0.049,0.034,0.411,-0.389,0.168,-0.386,0.221,-0.405,0.03,-0.209,-0.227,-0.299,0.47,0.654,0.007,0.351,-0.386,-0.391,0.32,0.431,0.811,-0.191,0.026,0.451,0.662,0.383,0.318,0.169,-0.3,-0.079,0.214,0.235,0.263,1.0,0.62,0.512,0.04,0.172,-0.409,0.294,-0.023,-0.247,-0.207,-0.51,-0.028,0.742,0.397,-0.354,0.011,0.806,0.378,-0.073,0.164,0.603,-0.345,0.645,-0.075,0.021,0.494,0.137,-0.185,0.7,0.265,0.255,0.015,-0.066,-0.541,0.054,-0.167,0.358,-0.252,0.347,-0.127,-0.416,-0.314,0.1,-0.353,0.668,-0.433,-0.172,-0.203,-0.408,0.384,-0.1,-0.23,-0.365,0.012,0.059,0.42,0.252,0.115,0.008,0.067,0.527,0.772,0.543,0.619,0.239,0.133,-0.269
HBAN,-0.372,0.205,0.295,-0.281,0.619,-0.591,-0.08,-0.575,0.267,-0.016,-0.52,-0.656,0.488,0.698,-0.368,0.523,-0.5,-0.481,0.555,0.522,0.718,-0.21,-0.224,0.732,0.742,0.709,0.762,0.236,-0.491,-0.476,0.604,0.301,0.468,0.62,1.0,0.085,-0.171,-0.14,-0.589,-0.028,-0.21,-0.508,-0.538,-0.459,-0.303,0.649,0.725,-0.481,0.001,0.548,0.569,0.309,0.299,0.577,-0.202,0.329,-0.12,-0.382,0.653,0.372,-0.409,0.547,0.65,0.234,-0.246,-0.178,-0.625,-0.26,-0.468,0.012,-0.287,-0.141,-0.387,-0.74,-0.487,0.418,-0.601,0.618,-0.752,-0.44,-0.506,-0.657,0.645,-0.457,-0.476,-0.599,-0.115,-0.314,0.708,0.529,0.201,0.127,-0.351,0.684,0.747,0.623,0.732,0.046,0.122,-0.116
HST,0.647,-0.42,0.254,-0.141,-0.272,0.161,0.645,0.166,-0.273,-0.387,0.24,0.219,-0.04,-0.029,0.68,-0.056,0.039,0.044,-0.268,-0.02,0.173,-0.134,0.219,-0.072,0.095,-0.164,-0.288,0.161,0.179,0.481,-0.206,-0.157,-0.244,0.512,0.085,1.0,0.139,0.366,0.197,0.568,0.182,0.17,0.357,-0.11,0.63,0.087,-0.144,0.012,-0.093,0.198,-0.101,-0.168,-0.371,0.041,-0.106,0.532,-0.035,0.506,-0.021,-0.173,0.311,0.345,-0.198,0.101,0.53,0.265,-0.024,0.696,0.225,0.631,-0.047,0.482,0.612,0.114,0.226,-0.151,0.263,0.084,0.134,0.208,0.548,0.131,-0.021,0.434,0.273,0.232,0.309,0.443,-0.117,-0.189,-0.082,-0.131,0.694,-0.091,0.192,0.089,0.117,0.504,0.156,-0.058
INTC,0.06,-0.164,0.261,0.098,-0.22,0.011,-0.043,0.407,-0.047,-0.021,0.62,0.656,-0.175,0.004,0.126,-0.433,0.018,0.097,-0.339,-0.07,-0.145,-0.381,0.59,-0.348,0.045,-0.204,-0.132,-0.123,0.309,0.312,-0.372,-0.396,-0.353,0.04,-0.171,0.139,1.0,0.419,0.409,0.282,0.704,-0.068,-0.062,0.14,0.066,-0.102,-0.013,-0.166,-0.385,-0.132,-0.039,-0.112,-0.296,-0.156,0.147,0.307,-0.067,0.433,0.061,0.134,-0.0,0.256,-0.062,0.063,-0.1,0.211,-0.005,0.019,0.688,0.117,-0.455,0.25,0.108,0.216,0.034,-0.17,-0.017,-0.158,-0.032,0.213,-0.01,-0.171,-0.114,0.409,0.297,0.418,0.173,0.081,-0.188,0.063,-0.3,0.234,-0.006,-0.174,-0.121,0.083,-0.211,-0.002,0.185,-0.024
IOVA,0.286,-0.407,-0.14,0.379,0.058,0.122,0.262,0.344,-0.087,-0.517,0.612,0.393,-0.305,0.158,0.257,-0.472,0.435,0.383,-0.306,-0.499,0.036,-0.557,0.421,-0.348,-0.137,-0.128,-0.089,-0.523,0.285,0.539,-0.509,-0.234,-0.19,0.172,-0.14,0.366,0.419,1.0,0.44,0.3,0.596,-0.007,-0.019,0.378,0.255,0.12,-0.018,-0.309,-0.186,-0.046,0.216,0.171,-0.334,0.105,0.464,0.541,0.131,0.578,0.006,0.256,0.019,0.427,0.077,0.265,-0.111,0.627,0.234,0.467,0.587,0.411,-0.582,0.604,0.17,0.34,0.168,-0.129,0.363,-0.003,0.172,0.536,0.297,0.017,0.169,0.634,0.608,0.204,0.468,0.201,-0.314,0.088,-0.019,0.176,0.212,-0.14,-0.013,0.282,-0.387,0.261,0.56,0.381
IQ,0.384,-0.538,-0.269,0.574,-0.442,0.455,0.299,0.652,-0.294,-0.325,0.833,0.732,-0.616,-0.501,0.388,-0.689,0.584,0.567,-0.672,-0.637,-0.544,-0.096,0.391,-0.701,-0.652,-0.533,-0.576,-0.219,0.446,0.719,-0.623,-0.519,-0.543,-0.409,-0.589,0.197,0.409,0.44,1.0,0.134,0.572,0.245,0.358,0.644,0.452,-0.57,-0.419,0.164,-0.308,-0.572,-0.269,-0.047,-0.669,-0.54,0.593,-0.023,-0.067,0.646,-0.444,-0.295,0.297,-0.198,-0.397,-0.122,0.11,0.294,0.652,0.393,0.69,0.171,-0.263,0.43,0.448,0.586,0.367,-0.265,0.644,-0.528,0.553,0.624,0.503,0.338,-0.194,0.676,0.702,0.628,0.414,0.344,-0.754,-0.289,-0.137,-0.029,0.314,-0.743,-0.539,-0.309,-0.712,0.092,0.36,0.228
JBLU,0.599,0.103,0.65,-0.258,-0.499,0.418,0.295,0.202,-0.308,-0.022,0.336,0.384,-0.15,-0.077,0.545,-0.025,-0.199,0.039,-0.274,0.233,0.119,0.064,0.411,-0.157,0.17,-0.299,-0.211,0.406,0.495,0.289,-0.037,0.124,-0.212,0.294,-0.028,0.568,0.282,0.3,0.134,1.0,0.291,0.437,0.222,-0.11,0.302,-0.014,-0.16,0.235,0.114,0.258,-0.203,-0.376,0.016,-0.029,-0.284,0.441,-0.056,0.393,0.13,-0.169,0.568,0.249,-0.361,0.367,0.58,0.112,-0.195,0.377,0.48,0.614,-0.051,0.26,0.394,0.117,0.517,-0.367,0.006,-0.052,0.133,-0.101,0.236,0.177,-0.342,0.353,0.24,0.342,0.089,0.314,0.196,-0.229,-0.256,-0.29,0.613,-0.039,0.078,0.112,0.148,0.257,-0.082,-0.297
JD,0.049,-0.315,0.191,0.244,-0.116,0.099,0.158,0.527,-0.004,-0.172,0.84,0.718,-0.223,0.019,0.16,-0.432,0.258,0.215,-0.341,-0.26,-0.183,-0.4,0.683,-0.327,-0.077,-0.109,-0.206,-0.264,0.3,0.442,-0.383,-0.329,-0.196,-0.023,-0.21,0.182,0.704,0.596,0.572,0.291,1.0,-0.072,-0.051,0.281,0.317,-0.152,-0.06,-0.161,-0.358,-0.22,-0.048,0.085,-0.317,-0.166,0.249,0.23,-0.184,0.579,-0.05,0.124,0.022,0.162,-0.06,0.124,-0.036,0.376,0.137,0.14,0.887,0.135,-0.455,0.391,0.247,0.239,0.081,0.068,0.201,-0.162,0.129,0.467,0.144,-0.066,-0.037,0.639,0.668,0.581,0.527,0.258,-0.315,0.183,-0.089,0.119,0.018,-0.226,-0.124,0.067,-0.323,0.181,0.226,0.171
KDP,0.423,0.01,0.107,-0.146,-0.626,0.696,0.069,0.341,-0.485,0.1,0.173,0.42,-0.539,-0.569,0.491,-0.259,0.074,0.189,-0.501,-0.231,-0.421,0.438,0.117,-0.475,-0.465,-0.632,-0.522,0.283,0.516,0.276,-0.199,-0.135,-0.515,-0.247,-0.508,0.17,-0.068,-0.007,0.245,0.437,-0.072,1.0,0.699,0.01,0.296,-0.482,-0.608,0.634,0.099,-0.097,-0.623,-0.602,-0.238,-0.48,-0.241,-0.107,-0.167,0.16,-0.282,-0.637,0.738,-0.356,-0.606,-0.041,0.59,-0.147,0.211,0.308,0.284,0.206,0.382,0.068,0.51,0.495,0.762,-0.498,0.439,-0.484,0.552,0.065,0.426,0.595,-0.697,0.156,0.175,0.455,-0.165,0.311,-0.211,-0.614,-0.408,-0.568,0.453,-0.45,-0.351,-0.336,-0.36,-0.067,-0.456,-0.284
KHC,0.437,-0.253,-0.026,-0.158,-0.53,0.573,0.295,0.389,-0.515,-0.0,0.197,0.445,-0.475,-0.65,0.57,-0.323,0.132,0.131,-0.501,-0.312,-0.479,0.456,0.125,-0.459,-0.588,-0.572,-0.668,0.275,0.452,0.371,-0.241,-0.325,-0.548,-0.207,-0.538,0.357,-0.062,-0.019,0.358,0.222,-0.051,0.699,1.0,-0.023,0.663,-0.549,-0.669,0.735,-0.098,-0.206,-0.652,-0.451,-0.454,-0.566,-0.174,-0.078,-0.237,0.227,-0.334,-0.74,0.605,-0.349,-0.656,-0.222,0.56,-0.143,0.331,0.401,0.24,0.256,0.549,0.134,0.708,0.506,0.546,-0.411,0.617,-0.527,0.652,0.232,0.477,0.573,-0.626,0.268,0.186,0.499,-0.007,0.492,-0.471,-0.679,-0.375,-0.48,0.454,-0.563,-0.284,-0.533,-0.322,-0.0,-0.337,-0.208
LRCX,0.155,-0.373,-0.572,0.87,-0.036,0.328,0.07,0.434,0.119,-0.455,0.525,0.288,-0.485,-0.312,0.132,-0.414,0.715,0.668,-0.325,-0.572,-0.494,-0.332,0.304,-0.596,-0.526,-0.19,-0.222,-0.46,0.203,0.462,-0.589,-0.24,-0.262,-0.51,-0.459,-0.11,0.14,0.378,0.644,-0.11,0.281,0.01,-0.023,1.0,0.155,-0.393,-0.168,-0.021,-0.016,-0.552,0.007,0.292,-0.365,-0.32,0.801,-0.184,0.108,0.406,-0.493,0.09,0.041,-0.208,-0.025,-0.111,-0.169,0.462,0.687,0.195,0.343,-0.086,-0.323,0.237,0.171,0.444,0.311,0.048,0.46,-0.351,0.367,0.519,0.332,0.341,0.114,0.37,0.642,0.195,0.257,0.119,-0.466,0.05,0.096,0.262,0.074,-0.406,-0.574,-0.059,-0.646,-0.015,0.565,0.595
LYFT,0.473,-0.468,-0.016,0.092,-0.244,0.333,0.675,0.41,-0.168,-0.231,0.404,0.415,-0.264,-0.38,0.652,-0.252,0.285,0.232,-0.335,-0.262,-0.325,0.025,0.347,-0.328,-0.351,-0.274,-0.467,0.051,0.246,0.5,-0.369,-0.285,-0.329,-0.028,-0.303,0.63,0.066,0.255,0.452,0.302,0.317,0.296,0.663,0.155,1.0,-0.377,-0.308,0.306,-0.156,-0.275,-0.366,-0.004,-0.476,-0.36,0.052,0.085,-0.284,0.493,-0.313,-0.299,0.336,-0.162,-0.319,-0.132,0.571,0.298,0.29,0.597,0.389,0.365,0.223,0.298,0.831,0.354,0.291,-0.013,0.552,-0.304,0.463,0.436,0.621,0.393,-0.236,0.532,0.481,0.463,0.392,0.62,-0.432,-0.241,-0.107,-0.184,0.505,-0.332,-0.146,-0.254,-0.251,0.319,0.033,0.123
MARA,-0.162,0.108,0.183,-0.229,0.462,-0.605,0.034,-0.633,0.274,-0.207,-0.381,-0.573,0.596,0.913,-0.346,0.393,-0.346,-0.382,0.477,0.409,0.802,-0.329,-0.247,0.568,0.665,0.545,0.581,-0.123,-0.546,-0.306,0.225,0.441,0.545,0.742,0.649,0.087,-0.102,0.12,-0.57,-0.014,-0.152,-0.482,-0.549,-0.393,-0.377,1.0,0.584,-0.575,0.173,0.745,0.692,0.196,0.409,0.947,-0.151,0.517,0.168,-0.262,0.512,0.447,-0.489,0.668,0.543,0.225,-0.316,0.054,-0.554,-0.136,-0.382,0.144,-0.316,0.122,-0.491,-0.606,-0.537,0.227,-0.531,0.941,-0.51,-0.324,-0.421,-0.574,0.584,-0.305,-0.38,-0.62,-0.08,-0.312,0.554,0.48,0.336,0.235,-0.186,0.65,0.752,0.639,0.571,0.207,0.265,0.051
MCHP,-0.516,0.245,0.091,0.084,0.723,-0.721,-0.139,-0.491,0.668,-0.006,-0.375,-0.583,0.52,0.701,-0.508,0.377,-0.165,-0.389,0.618,0.346,0.515,-0.439,-0.087,0.621,0.633,0.726,0.845,-0.158,-0.584,-0.477,0.294,0.273,0.502,0.397,0.725,-0.144,-0.013,-0.018,-0.419,-0.16,-0.06,-0.608,-0.669,-0.168,-0.308,0.584,1.0,-0.663,-0.085,0.337,0.602,0.626,0.341,0.604,0.136,0.156,0.044,-0.347,0.491,0.665,-0.627,0.404,0.869,0.103,-0.357,0.12,-0.51,-0.385,-0.345,-0.214,-0.324,-0.218,-0.482,-0.625,-0.659,0.511,-0.584,0.544,-0.712,-0.324,-0.518,-0.656,0.654,-0.405,-0.323,-0.632,-0.082,-0.384,0.554,0.768,0.25,0.515,-0.498,0.65,0.533,0.546,0.48,-0.077,0.384,0.108
MDLZ,0.175,0.184,0.13,-0.246,-0.546,0.552,-0.064,0.209,-0.498,0.217,0.074,0.328,-0.398,-0.617,0.292,-0.088,-0.104,0.046,-0.314,-0.015,-0.465,0.602,0.042,-0.309,-0.483,-0.472,-0.612,0.484,0.412,0.111,0.062,-0.008,-0.312,-0.354,-0.481,0.012,-0.166,-0.309,0.164,0.235,-0.161,0.634,0.735,-0.021,0.306,-0.575,-0.663,1.0,0.156,-0.169,-0.659,-0.531,-0.072,-0.558,-0.336,-0.342,-0.209,-0.005,-0.287,-0.761,0.576,-0.511,-0.727,-0.199,0.471,-0.429,0.209,0.056,0.162,0.035,0.617,-0.136,0.436,0.274,0.598,-0.345,0.283,-0.515,0.479,-0.069,0.16,0.632,-0.672,0.104,0.03,0.453,-0.144,0.23,-0.257,-0.639,-0.385,-0.582,0.219,-0.469,-0.336,-0.555,-0.208,-0.087,-0.56,-0.35
META,0.145,0.283,0.013,-0.172,-0.029,0.226,0.017,-0.364,0.076,-0.103,-0.268,-0.255,0.201,0.03,0.024,0.395,-0.113,0.159,0.319,0.225,0.172,0.146,-0.28,0.151,0.056,0.054,0.096,0.044,-0.141,-0.301,0.155,0.774,0.537,0.011,0.001,-0.093,-0.385,-0.186,-0.308,0.114,-0.358,0.099,-0.098,-0.016,-0.156,0.173,-0.085,0.156,1.0,0.291,0.031,0.015,0.571,0.286,-0.222,-0.035,0.225,-0.273,-0.1,0.008,0.203,-0.097,-0.109,0.286,0.133,-0.059,-0.167,0.105,-0.294,0.134,0.246,-0.193,-0.111,-0.201,0.305,0.023,-0.228,0.218,0.244,-0.318,0.046,0.393,-0.158,-0.155,-0.207,-0.114,-0.013,-0.017,0.341,-0.08,0.396,-0.137,0.195,0.357,0.007,0.13,0.083,0.248,-0.188,0.124
MNST,-0.05,0.274,0.463,-0.485,0.145,-0.321,-0.053,-0.566,0.029,-0.113,-0.388,-0.398,0.459,0.599,-0.22,0.429,-0.507,-0.433,0.408,0.51,0.758,-0.025,-0.151,0.467,0.566,0.373,0.371,0.202,-0.344,-0.321,0.29,0.519,0.413,0.806,0.548,0.198,-0.132,-0.046,-0.572,0.258,-0.22,-0.097,-0.206,-0.552,-0.275,0.745,0.337,-0.169,0.291,1.0,0.367,-0.148,0.453,0.633,-0.447,0.547,-0.029,-0.252,0.477,0.062,-0.124,0.601,0.215,0.216,-0.021,-0.238,-0.626,-0.106,-0.268,0.22,-0.013,0.143,-0.283,-0.562,-0.2,0.037,-0.547,0.65,-0.322,-0.458,-0.375,-0.28,0.218,-0.376,-0.399,-0.393,-0.234,-0.189,0.585,0.163,0.152,-0.145,-0.072,0.576,0.743,0.496,0.637,0.136,-0.051,-0.328
MRNA,-0.212,0.004,-0.16,0.209,0.555,-0.608,-0.054,-0.504,0.378,-0.308,-0.229,-0.521,0.38,0.727,-0.331,0.102,-0.043,0.07,0.379,0.252,0.555,-0.521,-0.186,0.385,0.427,0.469,0.592,-0.278,-0.499,-0.11,0.149,0.277,0.439,0.378,0.569,-0.101,-0.039,0.216,-0.269,-0.203,-0.048,-0.623,-0.652,0.007,-0.366,0.692,0.602,-0.659,0.031,0.367,1.0,0.481,0.221,0.656,0.315,0.34,0.181,-0.103,0.511,0.6,-0.634,0.64,0.593,0.086,-0.529,0.233,-0.168,-0.218,-0.287,-0.085,-0.482,0.25,-0.523,-0.467,-0.591,0.217,-0.368,0.694,-0.468,-0.107,-0.394,-0.51,0.766,-0.241,-0.21,-0.662,-0.014,-0.393,0.326,0.458,0.495,0.372,-0.281,0.441,0.562,0.626,0.353,-0.0,0.547,0.317
MRVL,-0.385,-0.017,-0.377,0.47,0.755,-0.446,0.046,-0.238,0.758,-0.261,-0.067,-0.368,0.26,0.314,-0.301,0.137,0.363,0.113,0.503,-0.128,0.065,-0.492,-0.003,0.322,0.102,0.572,0.522,-0.495,-0.418,-0.236,0.042,0.203,0.475,-0.073,0.309,-0.168,-0.112,0.171,-0.047,-0.376,0.085,-0.602,-0.451,0.292,-0.004,0.196,0.626,-0.531,0.015,-0.148,0.481,1.0,0.157,0.308,0.52,-0.094,0.098,-0.146,0.098,0.656,-0.578,0.044,0.68,-0.067,-0.326,0.429,0.051,-0.122,-0.169,-0.278,-0.193,-0.171,-0.221,-0.273,-0.481,0.649,-0.065,0.214,-0.178,0.178,-0.114,-0.269,0.587,-0.095,0.148,-0.416,0.217,-0.133,0.107,0.679,0.468,0.576,-0.359,0.306,0.062,0.209,0.044,0.057,0.537,0.62
MSFT,-0.317,0.75,0.318,-0.336,0.24,-0.262,-0.363,-0.582,0.381,0.352,-0.503,-0.483,0.497,0.37,-0.435,0.595,-0.374,-0.293,0.673,0.599,0.461,0.184,-0.311,0.592,0.428,0.355,0.411,0.086,-0.3,-0.608,0.52,0.787,0.72,0.164,0.299,-0.371,-0.296,-0.334,-0.669,0.016,-0.317,-0.238,-0.454,-0.365,-0.476,0.409,0.341,-0.072,0.571,0.453,0.221,0.157,1.0,0.466,-0.353,-0.104,0.157,-0.555,0.244,0.374,-0.2,0.005,0.192,0.253,-0.076,-0.196,-0.494,-0.376,-0.38,-0.139,0.235,-0.44,-0.568,-0.572,-0.217,0.228,-0.644,0.378,-0.298,-0.571,-0.437,-0.065,0.022,-0.472,-0.448,-0.359,-0.227,-0.393,0.581,0.212,0.225,0.006,-0.252,0.613,0.292,0.165,0.452,-0.014,-0.215,-0.18
MSTR,-0.147,0.132,0.116,-0.15,0.491,-0.554,0.041,-0.617,0.34,-0.24,-0.381,-0.58,0.616,0.885,-0.336,0.408,-0.239,-0.313,0.537,0.368,0.687,-0.378,-0.294,0.592,0.626,0.527,0.617,-0.211,-0.574,-0.343,0.192,0.549,0.643,0.603,0.577,0.041,-0.156,0.105,-0.54,-0.029,-0.166,-0.48,-0.566,-0.32,-0.36,0.947,0.604,-0.558,0.286,0.633,0.656,0.308,0.466,1.0,-0.084,0.411,0.247,-0.322,0.389,0.498,-0.46,0.555,0.581,0.246,-0.301,0.143,-0.516,-0.095,-0.402,0.128,-0.254,0.007,-0.45,-0.584,-0.512,0.256,-0.518,0.921,-0.42,-0.33,-0.344,-0.475,0.531,-0.267,-0.337,-0.602,-0.014,-0.293,0.548,0.533,0.412,0.297,-0.14,0.666,0.633,0.574,0.505,0.294,0.279,0.166
MU,0.032,-0.413,-0.626,0.881,0.234,-0.018,0.081,0.251,0.242,-0.473,0.412,0.113,-0.352,-0.069,-0.02,-0.472,0.738,0.59,-0.158,-0.573,-0.282,-0.462,0.127,-0.367,-0.416,-0.066,0.001,-0.61,-0.008,0.42,-0.518,-0.268,-0.126,-0.345,-0.202,-0.106,0.147,0.464,0.593,-0.284,0.249,-0.241,-0.174,0.801,0.052,-0.151,0.136,-0.336,-0.222,-0.447,0.315,0.52,-0.353,-0.084,1.0,-0.053,0.178,0.317,-0.271,0.309,-0.263,0.018,0.238,-0.135,-0.372,0.528,0.62,0.188,0.198,-0.137,-0.479,0.251,-0.043,0.235,-0.103,0.084,0.363,-0.156,0.18,0.484,0.226,0.082,0.402,0.259,0.477,-0.023,0.278,-0.117,-0.467,0.177,0.232,0.491,-0.076,-0.31,-0.353,0.005,-0.549,0.023,0.817,0.635
MVIS,0.346,-0.243,0.307,-0.135,-0.021,-0.112,0.208,-0.042,-0.171,-0.341,0.159,0.057,0.058,0.4,0.163,-0.035,-0.211,-0.046,-0.131,0.052,0.496,-0.319,0.14,0.047,0.315,0.099,0.131,-0.028,0.037,0.256,-0.182,-0.006,-0.027,0.645,0.329,0.532,0.307,0.541,-0.023,0.441,0.23,-0.107,-0.078,-0.184,0.085,0.517,0.156,-0.342,-0.035,0.547,0.34,-0.094,-0.104,0.411,-0.053,1.0,0.082,0.316,0.337,0.174,-0.004,0.799,0.124,0.322,-0.018,0.311,-0.282,0.376,0.2,0.624,-0.412,0.491,0.011,-0.126,0.008,-0.136,-0.139,0.392,-0.129,-0.024,0.052,-0.269,0.227,0.258,0.08,-0.038,0.181,0.053,0.144,0.043,-0.059,0.05,0.231,0.223,0.507,0.5,0.209,0.318,0.339,-0.031
NFLX,0.198,-0.09,-0.08,0.111,-0.003,-0.038,-0.131,0.042,0.099,-0.068,-0.124,-0.165,0.234,0.064,-0.012,0.058,0.037,0.113,0.008,-0.19,0.076,-0.135,-0.222,0.045,0.106,-0.028,0.042,-0.319,-0.013,-0.031,-0.058,0.09,0.154,-0.075,-0.12,-0.035,-0.067,0.131,-0.067,-0.056,-0.184,-0.167,-0.237,0.108,-0.284,0.168,0.044,-0.209,0.225,-0.029,0.181,0.098,0.157,0.247,0.178,0.082,1.0,-0.135,-0.161,0.343,-0.058,0.049,0.071,0.183,-0.071,0.341,0.122,0.143,-0.181,0.07,0.032,-0.085,-0.263,0.056,-0.055,-0.117,-0.131,0.117,-0.026,-0.093,0.15,-0.06,0.029,0.0,-0.103,-0.062,0.08,-0.222,0.038,-0.036,0.051,0.41,0.212,-0.024,-0.094,-0.01,-0.023,0.083,0.269,0.222
NNDM,0.525,-0.484,-0.064,0.351,-0.403,0.331,0.548,0.481,-0.264,-0.428,0.779,0.653,-0.4,-0.275,0.554,-0.566,0.447,0.477,-0.548,-0.374,-0.253,-0.16,0.506,-0.567,-0.304,-0.395,-0.505,-0.152,0.395,0.849,-0.574,-0.355,-0.438,0.021,-0.382,0.506,0.433,0.578,0.646,0.393,0.579,0.16,0.227,0.406,0.493,-0.262,-0.347,-0.005,-0.273,-0.252,-0.103,-0.146,-0.555,-0.322,0.317,0.316,-0.135,1.0,-0.184,-0.143,0.251,0.194,-0.327,0.002,0.149,0.374,0.392,0.507,0.656,0.371,-0.398,0.691,0.48,0.471,0.286,-0.294,0.484,-0.234,0.347,0.572,0.53,0.228,-0.032,0.764,0.694,0.43,0.463,0.434,-0.536,-0.176,0.007,-0.029,0.436,-0.463,-0.244,-0.036,-0.421,0.257,0.317,0.121
NVAX,-0.297,0.315,0.317,-0.404,0.366,-0.483,-0.186,-0.535,0.1,0.229,-0.321,-0.359,0.206,0.526,-0.244,0.166,-0.447,-0.371,0.312,0.522,0.643,-0.046,-0.004,0.456,0.497,0.325,0.498,0.319,-0.213,-0.328,0.475,0.137,0.173,0.494,0.653,-0.021,0.061,0.006,-0.444,0.13,-0.05,-0.282,-0.334,-0.493,-0.313,0.512,0.491,-0.287,-0.1,0.477,0.511,0.098,0.244,0.389,-0.271,0.337,-0.161,-0.184,1.0,0.283,-0.322,0.602,0.325,0.16,-0.137,-0.178,-0.466,-0.406,-0.2,0.045,-0.294,-0.022,-0.42,-0.487,-0.338,0.006,-0.412,0.414,-0.599,-0.292,-0.62,-0.551,0.321,-0.366,-0.463,-0.499,-0.314,-0.278,0.523,0.235,0.057,-0.057,-0.309,0.376,0.593,0.467,0.57,-0.231,-0.026,-0.22
NVDA,-0.234,0.11,-0.095,0.243,0.591,-0.491,-0.149,-0.237,0.658,0.005,-0.135,-0.36,0.35,0.511,-0.348,0.156,0.09,0.048,0.505,0.146,0.337,-0.544,0.04,0.355,0.457,0.425,0.637,-0.442,-0.352,-0.291,0.021,0.176,0.403,0.137,0.372,-0.173,0.134,0.256,-0.295,-0.169,0.124,-0.637,-0.74,0.09,-0.299,0.447,0.665,-0.761,0.008,0.062,0.6,0.656,0.374,0.498,0.309,0.174,0.343,-0.143,0.283,1.0,-0.56,0.357,0.689,0.223,-0.369,0.52,-0.141,-0.178,-0.147,-0.126,-0.394,-0.163,-0.469,-0.277,-0.49,0.382,-0.401,0.355,-0.485,-0.014,-0.227,-0.459,0.478,-0.15,-0.061,-0.416,0.048,-0.317,0.364,0.617,0.251,0.634,-0.254,0.528,0.171,0.455,0.193,0.0,0.463,0.423
NWL,0.6,-0.088,0.277,-0.137,-0.677,0.9,0.185,0.522,-0.518,0.014,0.264,0.458,-0.402,-0.574,0.55,-0.1,0.064,0.233,-0.509,-0.175,-0.337,0.494,0.143,-0.414,-0.228,-0.542,-0.436,0.327,0.653,0.283,-0.076,-0.077,-0.452,-0.185,-0.409,0.311,-0.0,0.019,0.297,0.568,0.022,0.738,0.605,0.041,0.336,-0.489,-0.627,0.576,0.203,-0.124,-0.634,-0.578,-0.2,-0.46,-0.263,-0.004,-0.058,0.251,-0.322,-0.56,1.0,-0.283,-0.65,0.341,0.555,-0.087,0.179,0.417,0.309,0.386,0.291,0.055,0.595,0.435,0.829,-0.484,0.327,-0.485,0.498,0.043,0.504,0.533,-0.671,0.265,0.237,0.578,0.019,0.469,-0.117,-0.559,-0.372,-0.537,0.645,-0.368,-0.33,-0.28,-0.17,0.124,-0.39,-0.251
