,AAL,AAPL,AGNC,AMAT,AMD,AMZN,APA,ARDX,AVGO,AZN,BIDU,BILI,BKR,CAN,CHRD,CMCSA,CPRT,CRWD,CSCO,CSX,DKNG,EBAY,ERIC,EXC,FITB,FLEX,FTNT,GEN,GERN,GEVO,GILD,GOOG,GOOGL,GT,HBAN,HST,INTC,IOVA,IQ,JBLU,JD,KDP,KHC,LRCX,LYFT,MARA,MCHP,MDLZ,META,MNST,MRNA,MRVL,MSFT,MSTR,MU,MVIS,NFLX,NNDM,NVAX,NVDA,NWL,OCGN,ON,OPK,PAA,PACB,PANW,PARA,PDD,PENN,PEP,PLUG,PTEN,PTON,PYPL,QCOM,QVCGA,RIOT,ROKU,RUN,SABR,SBUX,SMCI,SNDL,STNE,TCOM,TLRY,TMUS,TSCO,TSLA,TTD,TXN,UAL,VOD,VTRS,VXRT,WBA,WBD,WDC,ZM
AAL,1.0,-0.183,-0.446,0.114,-0.582,-0.14,-0.499,0.562,-0.235,-0.228,-0.641,-0.519,-0.399,-0.247,-0.451,0.386,-0.078,-0.489,0.093,-0.612,0.291,-0.611,-0.588,-0.337,-0.032,-0.225,-0.557,0.102,-0.137,0.09,0.33,-0.405,-0.43,-0.082,-0.181,0.525,0.018,-0.311,-0.65,0.772,-0.73,-0.629,-0.154,0.304,0.513,-0.652,0.423,-0.492,0.437,0.461,0.369,-0.596,-0.545,-0.655,0.512,0.415,-0.6,0.252,0.472,-0.208,0.306,-0.575,0.421,-0.304,-0.318,0.2,-0.522,0.397,-0.603,-0.044,-0.723,-0.57,0.126,0.113,0.038,0.18,0.527,-0.258,-0.44,-0.587,0.485,0.068,0.578,0.041,0.165,-0.519,0.493,0.627,0.308,-0.502,-0.442,0.21,0.546,0.617,0.148,0.385,-0.196,0.331,0.54,0.017
AAPL,-0.183,1.0,0.501,0.72,0.581,0.838,0.141,-0.166,0.815,-0.067,0.515,0.713,0.038,0.286,-0.097,-0.058,0.817,0.56,0.732,0.201,0.312,0.406,0.112,0.67,-0.265,0.617,0.616,0.348,0.433,0.221,0.384,0.814,0.787,-0.213,-0.117,0.467,0.54,-0.17,0.23,-0.233,0.405,0.193,-0.166,0.647,-0.055,0.262,0.471,0.476,0.483,0.18,0.515,0.491,0.739,-0.02,0.232,0.219,-0.081,0.541,0.469,0.843,0.513,0.145,0.439,0.61,0.147,0.458,0.193,0.086,0.575,0.409,0.436,0.273,-0.372,0.599,0.77,0.65,0.16,0.626,0.645,0.264,0.016,0.749,-0.076,0.356,0.528,-0.224,0.271,0.003,0.623,0.224,0.711,0.637,-0.47,0.207,0.055,0.303,0.396,-0.139,0.1,0.692
AGNC,-0.446,0.501,1.0,0.238,0.699,0.382,0.567,-0.541,0.505,0.153,0.616,0.597,0.592,0.15,0.446,-0.495,0.533,0.566,0.453,0.618,-0.09,0.566,0.612,0.498,0.146,0.671,0.692,0.227,0.434,0.253,-0.185,0.66,0.646,0.282,0.288,0.157,0.283,0.3,0.54,-0.267,0.64,0.368,-0.024,0.069,-0.45,0.67,-0.209,0.466,-0.127,-0.392,-0.133,0.64,0.7,0.511,-0.314,-0.325,0.381,0.101,-0.186,0.501,0.079,0.579,-0.217,0.329,0.595,-0.151,0.565,-0.228,0.48,0.522,0.698,0.612,0.036,0.074,0.216,0.081,-0.126,0.439,0.621,0.658,-0.067,0.33,-0.414,0.009,-0.001,0.37,-0.209,-0.565,-0.064,0.573,0.644,0.15,-0.278,-0.236,0.026,-0.375,0.286,-0.249,-0.195,0.272
AMAT,0.114,0.72,0.238,1.0,0.296,0.689,-0.087,0.043,0.637,-0.295,0.116,0.451,-0.266,0.13,-0.409,0.107,0.742,0.354,0.706,-0.173,0.582,0.245,-0.092,0.559,-0.509,0.482,0.304,0.153,0.499,0.325,0.599,0.656,0.618,-0.37,-0.365,0.532,0.353,-0.361,-0.022,-0.003,0.189,-0.023,-0.29,0.901,0.237,-0.142,0.776,0.351,0.666,0.376,0.737,0.165,0.461,-0.39,0.6,0.647,-0.478,0.725,0.716,0.73,0.644,0.131,0.743,0.501,-0.102,0.597,-0.091,0.233,0.442,0.241,0.104,0.127,-0.515,0.742,0.878,0.766,0.303,0.376,0.318,0.042,0.194,0.631,0.172,0.43,0.667,-0.543,0.513,0.342,0.716,-0.114,0.587,0.663,-0.468,0.513,-0.097,0.596,0.409,-0.076,0.352,0.72
AMD,-0.582,0.581,0.699,0.296,1.0,0.557,0.705,-0.626,0.541,0.142,0.7,0.7,0.628,0.16,0.579,-0.449,0.606,0.865,0.34,0.661,-0.147,0.654,0.673,0.667,0.247,0.648,0.868,0.18,0.418,0.248,-0.307,0.738,0.701,0.28,0.318,0.107,0.303,0.348,0.497,-0.454,0.764,0.526,0.163,0.1,-0.543,0.668,-0.197,0.474,-0.18,-0.449,-0.114,0.699,0.852,0.461,-0.376,-0.417,0.383,0.059,-0.175,0.634,-0.052,0.561,-0.181,0.405,0.665,-0.161,0.66,-0.269,0.638,0.494,0.753,0.759,0.013,0.101,0.419,0.142,-0.341,0.434,0.689,0.665,0.067,0.272,-0.576,-0.019,0.047,0.417,-0.304,-0.555,0.006,0.722,0.829,0.077,-0.354,-0.318,-0.016,-0.318,0.365,-0.395,-0.341,0.414
AMZN,-0.14,0.838,0.382,0.689,0.557,1.0,0.205,-0.265,0.795,-0.212,0.5,0.695,0.132,0.244,-0.028,-0.132,0.813,0.589,0.642,0.268,0.379,0.386,0.153,0.7,-0.24,0.574,0.555,0.262,0.502,0.273,0.272,0.72,0.718,-0.184,-0.08,0.498,0.466,-0.241,0.23,-0.254,0.406,0.111,-0.209,0.632,-0.033,0.309,0.432,0.48,0.518,0.15,0.537,0.422,0.662,-0.003,0.137,0.187,-0.176,0.525,0.43,0.853,0.45,0.18,0.351,0.572,0.216,0.411,0.278,0.131,0.537,0.485,0.39,0.351,-0.354,0.572,0.771,0.624,0.118,0.658,0.597,0.313,0.096,0.671,-0.044,0.325,0.738,-0.22,0.246,-0.021,0.651,0.319,0.73,0.497,-0.533,0.148,-0.017,0.304,0.425,-0.205,0.048,0.681
APA,-0.499,0.141,0.567,-0.087,0.705,0.205,1.0,-0.716,0.221,0.223,0.599,0.416,0.709,-0.066,0.808,-0.559,0.235,0.504,0.023,0.74,-0.369,0.592,0.749,0.288,0.486,0.543,0.633,0.175,0.207,0.276,-0.607,0.442,0.442,0.666,0.618,0.017,0.11,0.479,0.49,-0.418,0.71,0.5,0.265,-0.342,-0.621,0.638,-0.472,0.237,-0.384,-0.722,-0.458,0.549,0.56,0.668,-0.642,-0.589,0.505,-0.195,-0.48,0.303,-0.476,0.489,-0.563,0.114,0.83,-0.508,0.733,-0.322,0.431,0.44,0.685,0.575,0.227,-0.195,-0.004,-0.318,-0.41,0.162,0.401,0.532,0.062,-0.087,-0.642,-0.11,-0.255,0.57,-0.558,-0.663,-0.309,0.776,0.551,-0.206,-0.085,-0.529,0.067,-0.475,0.167,-0.44,-0.531,-0.028
ARDX,0.562,-0.166,-0.541,0.043,-0.626,-0.265,-0.716,1.0,-0.21,-0.163,-0.597,-0.454,-0.604,-0.122,-0.547,0.481,-0.328,-0.48,-0.056,-0.673,0.24,-0.485,-0.651,-0.399,-0.288,-0.479,-0.598,0.046,-0.339,-0.068,0.456,-0.413,-0.418,-0.359,-0.427,0.113,-0.018,-0.33,-0.516,0.54,-0.641,-0.497,-0.184,0.304,0.664,-0.655,0.492,-0.361,0.257,0.785,0.314,-0.55,-0.537,-0.64,0.586,0.485,-0.5,0.16,0.396,-0.363,0.291,-0.482,0.503,-0.255,-0.692,0.424,-0.714,0.458,-0.371,-0.405,-0.62,-0.513,0.085,0.106,0.015,0.245,0.447,-0.244,-0.509,-0.634,-0.077,0.064,0.719,0.163,0.093,-0.549,0.417,0.648,0.213,-0.729,-0.505,0.259,0.289,0.545,0.084,0.387,-0.108,0.486,0.566,-0.171
AVGO,-0.235,0.815,0.505,0.637,0.541,0.795,0.221,-0.21,1.0,-0.135,0.514,0.673,0.156,0.206,-0.024,-0.116,0.732,0.573,0.705,0.301,0.391,0.478,0.204,0.684,-0.27,0.608,0.568,0.414,0.506,0.254,0.284,0.781,0.802,-0.23,-0.058,0.336,0.647,-0.067,0.273,-0.267,0.454,0.263,-0.123,0.561,0.023,0.399,0.387,0.516,0.425,0.17,0.372,0.52,0.677,0.114,0.175,0.187,-0.049,0.558,0.304,0.788,0.404,0.361,0.324,0.585,0.234,0.277,0.3,0.153,0.538,0.397,0.41,0.421,-0.312,0.485,0.736,0.623,0.082,0.66,0.586,0.357,-0.003,0.611,0.033,0.304,0.571,-0.109,0.201,0.006,0.436,0.208,0.708,0.644,-0.509,0.096,-0.005,0.203,0.557,-0.075,0.171,0.512
AZN,-0.228,-0.067,0.153,-0.295,0.142,-0.212,0.223,-0.163,-0.135,1.0,0.084,0.033,0.117,0.155,0.333,-0.27,-0.051,0.038,-0.009,0.32,-0.324,0.214,0.275,-0.01,0.294,0.151,0.306,0.097,-0.313,-0.14,-0.285,0.089,0.09,0.344,0.292,-0.221,-0.166,0.442,0.171,-0.034,0.077,0.328,0.298,-0.412,-0.187,0.139,-0.449,0.192,-0.473,-0.264,-0.35,0.164,0.197,0.312,-0.323,-0.464,0.453,-0.213,-0.305,-0.027,-0.446,0.051,-0.349,0.01,0.326,-0.232,0.385,-0.201,0.118,-0.128,0.303,0.042,0.083,-0.23,-0.222,-0.458,-0.399,-0.252,0.141,0.068,-0.2,-0.171,-0.191,-0.262,-0.44,0.417,-0.464,-0.359,-0.48,0.198,-0.003,-0.212,0.24,-0.338,-0.05,-0.467,-0.156,-0.114,-0.297,-0.22
BIDU,-0.641,0.515,0.616,0.116,0.7,0.5,0.599,-0.597,0.514,0.084,1.0,0.817,0.505,0.314,0.424,-0.561,0.439,0.63,0.258,0.529,-0.022,0.703,0.604,0.409,-0.008,0.513,0.702,0.239,0.387,0.231,-0.204,0.575,0.589,0.085,0.099,-0.04,0.14,0.256,0.806,-0.618,0.774,0.454,-0.161,-0.014,-0.438,0.766,-0.264,0.405,-0.08,-0.403,-0.109,0.668,0.644,0.606,-0.467,-0.387,0.309,0.185,-0.193,0.528,-0.062,0.479,-0.329,0.518,0.473,-0.059,0.655,-0.22,0.688,0.43,0.627,0.668,-0.196,0.199,0.211,0.003,-0.405,0.583,0.747,0.649,-0.264,0.259,-0.519,0.234,0.115,0.318,-0.171,-0.546,0.096,0.594,0.711,-0.007,-0.509,-0.392,-0.107,-0.236,0.272,-0.381,-0.485,0.279
BILI,-0.519,0.713,0.597,0.451,0.7,0.695,0.416,-0.454,0.673,0.033,0.817,1.0,0.265,0.432,0.181,-0.397,0.613,0.58,0.448,0.429,0.266,0.73,0.45,0.517,-0.134,0.593,0.774,0.213,0.331,0.294,-0.025,0.766,0.745,-0.107,-0.045,0.078,0.291,0.079,0.654,-0.539,0.744,0.32,-0.187,0.328,-0.208,0.567,0.038,0.571,0.148,-0.093,0.134,0.645,0.74,0.363,-0.078,-0.103,0.182,0.455,0.067,0.704,0.127,0.305,0.084,0.66,0.279,0.203,0.504,-0.069,0.844,0.367,0.585,0.489,-0.394,0.475,0.508,0.252,-0.223,0.655,0.787,0.494,-0.286,0.511,-0.238,0.351,0.357,0.115,0.097,-0.382,0.278,0.437,0.754,0.284,-0.576,-0.14,-0.127,-0.056,0.258,-0.235,-0.196,0.453
BKR,-0.399,0.038,0.592,-0.266,0.628,0.132,0.709,-0.604,0.156,0.117,0.505,0.265,1.0,-0.182,0.734,-0.458,0.112,0.477,-0.008,0.731,-0.453,0.329,0.694,0.245,0.555,0.323,0.483,0.082,0.266,0.132,-0.577,0.186,0.207,0.569,0.609,-0.085,0.179,0.441,0.389,-0.173,0.497,0.332,0.367,-0.298,-0.645,0.735,-0.591,0.149,-0.421,-0.656,-0.485,0.437,0.375,0.666,-0.635,-0.686,0.522,-0.383,-0.558,0.104,-0.386,0.517,-0.622,-0.053,0.75,-0.541,0.584,-0.238,0.115,0.526,0.519,0.585,0.464,-0.434,-0.191,-0.281,-0.37,0.215,0.345,0.62,0.148,-0.152,-0.545,-0.301,-0.246,0.646,-0.491,-0.67,-0.328,0.782,0.4,-0.312,0.028,-0.532,0.154,-0.628,0.161,-0.299,-0.333,-0.079
CAN,-0.247,0.286,0.15,0.13,0.16,0.244,-0.066,-0.122,0.206,0.155,0.314,0.432,-0.182,1.0,-0.059,-0.016,0.166,0.28,0.078,0.105,0.335,0.212,-0.01,0.267,-0.351,0.1,0.328,-0.293,0.04,-0.331,-0.041,0.351,0.344,-0.219,-0.348,-0.165,-0.012,0.153,0.257,-0.38,0.109,-0.035,-0.402,0.028,-0.072,0.278,-0.078,0.425,-0.024,0.077,0.12,0.193,0.393,0.206,-0.062,-0.038,0.034,0.194,0.045,0.35,0.018,0.055,0.044,0.478,-0.183,0.345,0.249,-0.372,0.339,-0.079,0.187,0.062,-0.414,0.313,0.238,0.094,-0.305,0.504,0.442,0.122,-0.312,0.261,0.002,0.024,0.342,-0.009,0.03,-0.138,0.02,0.005,0.236,0.102,-0.362,0.043,-0.571,-0.08,-0.098,-0.075,-0.322,0.359
CHRD,-0.451,-0.097,0.446,-0.409,0.579,-0.028,0.808,-0.547,-0.024,0.333,0.424,0.181,0.734,-0.059,1.0,-0.526,-0.009,0.423,-0.205,0.674,-0.592,0.351,0.722,0.117,0.746,0.299,0.456,0.099,0.055,0.218,-0.684,0.147,0.164,0.74,0.633,-0.103,0.052,0.548,0.373,-0.28,0.471,0.409,0.4,-0.545,-0.604,0.578,-0.678,0.051,-0.588,-0.697,-0.633,0.352,0.327,0.592,-0.675,-0.784,0.567,-0.46,-0.661,0.005,-0.587,0.424,-0.643,-0.086,0.753,-0.584,0.686,-0.375,0.157,0.249,0.522,0.5,0.479,-0.445,-0.273,-0.492,-0.404,0.01,0.208,0.469,0.037,-0.308,-0.572,-0.272,-0.429,0.717,-0.671,-0.703,-0.519,0.792,0.247,-0.317,0.128,-0.502,0.163,-0.694,0.08,-0.277,-0.446,-0.232
CMCSA,0.386,-0.058,-0.495,0.107,-0.449,-0.132,-0.559,0.481,-0.116,-0.27,-0.561,-0.397,-0.458,-0.016,-0.526,1.0,-0.208,-0.378,-0.097,-0.496,0.183,-0.555,-0.626,-0.139,-0.255,-0.383,-0.483,-0.154,-0.226,-0.364,0.246,-0.254,-0.26,-0.261,-0.232,0.005,0.332,-0.386,-0.685,0.272,-0.569,-0.549,0.032,0.241,0.454,-0.479,0.44,-0.261,0.354,0.512,0.163,-0.383,-0.345,-0.478,0.538,0.606,-0.303,-0.009,0.217,-0.236,0.205,-0.49,0.504,-0.279,-0.596,0.321,-0.672,0.244,-0.377,-0.146,-0.528,-0.585,0.075,0.026,0.175,0.399,0.537,-0.073,-0.427,-0.553,0.164,0.194,0.444,-0.043,0.295,-0.466,0.388,0.745,0.222,-0.528,-0.402,0.358,0.115,0.474,0.013,0.391,-0.119,0.516,0.512,-0.062
CPRT,-0.078,0.817,0.533,0.742,0.606,0.813,0.235,-0.328,0.732,-0.051,0.439,0.613,0.112,0.166,-0.009,-0.208,1.0,0.576,0.81,0.219,0.301,0.427,0.168,0.771,-0.185,0.739,0.566,0.312,0.505,0.347,0.299,0.775,0.736,-0.088,-0.007,0.606,0.429,-0.15,0.194,-0.127,0.389,0.191,-0.161,0.594,-0.098,0.231,0.389,0.442,0.464,0.011,0.51,0.45,0.684,-0.049,0.172,0.174,-0.146,0.543,0.429,0.852,0.542,0.231,0.35,0.502,0.374,0.326,0.271,0.112,0.471,0.51,0.403,0.355,-0.362,0.574,0.751,0.566,0.151,0.497,0.597,0.317,0.226,0.645,-0.132,0.298,0.54,-0.151,0.224,-0.046,0.603,0.281,0.727,0.495,-0.432,0.206,0.035,0.288,0.519,-0.211,0.094,0.728
CRWD,-0.489,0.56,0.566,0.354,0.865,0.589,0.504,-0.48,0.573,0.038,0.63,0.58,0.477,0.28,0.423,-0.378,0.576,1.0,0.347,0.506,0.05,0.504,0.508,0.769,-0.027,0.503,0.767,0.085,0.508,0.081,-0.155,0.655,0.659,0.089,0.08,0.123,0.241,0.318,0.443,-0.416,0.617,0.454,-0.058,0.196,-0.418,0.62,-0.053,0.475,-0.051,-0.288,0.062,0.593,0.798,0.331,-0.337,-0.309,0.186,0.14,-0.053,0.676,0.024,0.659,-0.11,0.431,0.495,0.021,0.581,-0.361,0.526,0.445,0.626,0.838,-0.048,0.184,0.534,0.323,-0.342,0.509,0.663,0.64,0.124,0.287,-0.498,-0.058,0.221,0.191,-0.233,-0.377,0.092,0.557,0.846,0.095,-0.438,-0.219,-0.287,-0.203,0.454,-0.41,-0.352,0.554
CSCO,0.093,0.732,0.453,0.706,0.34,0.642,0.023,-0.056,0.705,-0.009,0.258,0.448,-0.008,0.078,-0.205,-0.097,0.81,0.347,1.0,0.073,0.416,0.372,0.045,0.575,-0.298,0.691,0.372,0.386,0.404,0.38,0.521,0.651,0.615,-0.206,-0.173,0.607,0.399,-0.141,0.148,0.086,0.215,0.171,-0.208,0.664,0.153,0.061,0.472,0.502,0.5,0.236,0.599,0.412,0.513,-0.105,0.344,0.295,-0.292,0.645,0.566,0.735,0.609,0.175,0.425,0.589,0.153,0.446,0.105,0.364,0.393,0.345,0.303,0.207,-0.361,0.615,0.648,0.591,0.278,0.351,0.479,0.169,0.125,0.659,0.195,0.398,0.481,-0.272,0.358,0.123,0.55,-0.047,0.509,0.578,-0.324,0.34,0.109,0.392,0.52,0.081,0.344,0.583
CSX,-0.612,0.201,0.618,-0.173,0.661,0.268,0.74,-0.673,0.301,0.32,0.529,0.429,0.731,0.105,0.674,-0.496,0.219,0.506,0.073,1.0,-0.372,0.6,0.69,0.427,0.436,0.528,0.723,0.094,0.056,-0.045,-0.598,0.473,0.511,0.586,0.668,-0.159,0.211,0.531,0.464,-0.371,0.641,0.541,0.357,-0.332,-0.575,0.794,-0.546,0.544,-0.434,-0.572,-0.433,0.713,0.655,0.819,-0.685,-0.69,0.739,-0.322,-0.531,0.349,-0.466,0.454,-0.592,0.215,0.703,-0.411,0.731,-0.331,0.391,0.399,0.83,0.524,0.234,-0.311,-0.016,-0.268,-0.453,0.287,0.554,0.51,-0.165,-0.002,-0.539,-0.323,-0.203,0.644,-0.613,-0.799,-0.376,0.746,0.458,-0.206,-0.097,-0.71,0.057,-0.603,0.166,-0.28,-0.466,-0.044
DKNG,0.291,0.312,-0.09,0.582,-0.147,0.379,-0.369,0.24,0.391,-0.324,-0.022,0.266,-0.453,0.335,-0.592,0.183,0.301,0.05,0.416,-0.372,1.0,0.062,-0.303,0.215,-0.682,0.078,0.001,-0.108,0.163,0.05,0.502,0.285,0.246,-0.588,-0.576,0.259,-0.004,-0.232,0.018,0.117,-0.113,-0.233,-0.522,0.6,0.553,-0.206,0.523,0.278,0.536,0.575,0.589,-0.116,0.14,-0.325,0.466,0.572,-0.505,0.747,0.605,0.375,0.469,-0.038,0.517,0.458,-0.407,0.549,-0.231,0.297,0.218,0.043,-0.177,-0.053,-0.603,0.736,0.533,0.444,0.181,0.27,0.194,-0.101,0.006,0.488,0.548,0.375,0.612,-0.525,0.577,0.422,0.483,-0.486,0.213,0.301,-0.239,0.534,-0.346,0.469,0.14,0.131,0.258,0.485
EBAY,-0.611,0.406,0.566,0.245,0.654,0.386,0.592,-0.485,0.478,0.214,0.703,0.73,0.329,0.212,0.351,-0.555,0.427,0.504,0.372,0.6,0.062,1.0,0.591,0.422,-0.016,0.667,0.723,0.182,0.199,0.307,-0.13,0.675,0.67,0.133,0.101,-0.027,0.086,0.426,0.672,-0.424,0.767,0.634,-0.026,0.037,-0.207,0.549,-0.197,0.68,-0.177,-0.273,-0.076,0.817,0.698,0.566,-0.303,-0.278,0.32,0.243,-0.13,0.567,-0.133,0.502,-0.208,0.626,0.416,-0.023,0.653,-0.012,0.797,0.27,0.779,0.577,-0.325,0.286,0.274,-0.054,-0.355,0.282,0.696,0.483,-0.323,0.204,-0.274,0.2,0.005,0.33,-0.244,-0.553,-0.025,0.417,0.611,0.03,-0.406,-0.344,-0.062,-0.196,0.325,-0.202,-0.34,0.164
ERIC,-0.588,0.112,0.612,-0.092,0.673,0.153,0.749,-0.651,0.204,0.275,0.604,0.45,0.694,-0.01,0.722,-0.626,0.168,0.508,0.045,0.69,-0.303,0.591,1.0,0.243,0.441,0.508,0.652,0.108,0.24,0.306,-0.485,0.412,0.423,0.48,0.442,-0.148,-0.033,0.521,0.68,-0.379,0.714,0.532,0.27,-0.251,-0.522,0.702,-0.525,0.42,-0.472,-0.58,-0.457,0.579,0.516,0.707,-0.554,-0.611,0.571,-0.142,-0.456,0.257,-0.367,0.623,-0.512,0.286,0.642,-0.429,0.746,-0.327,0.478,0.277,0.694,0.63,0.136,-0.215,-0.041,-0.328,-0.477,0.176,0.488,0.697,-0.107,-0.087,-0.566,-0.068,-0.298,0.667,-0.438,-0.723,-0.386,0.697,0.486,-0.216,-0.078,-0.536,0.007,-0.559,0.194,-0.327,-0.393,-0.086
EXC,-0.337,0.67,0.498,0.559,0.667,0.7,0.288,-0.399,0.684,-0.01,0.409,0.517,0.245,0.267,0.117,-0.139,0.771,0.769,0.575,0.427,0.215,0.422,0.243,1.0,-0.213,0.529,0.639,0.06,0.446,-0.005,0.115,0.739,0.75,-0.016,0.089,0.253,0.414,0.135,0.223,-0.274,0.458,0.344,0.03,0.382,-0.234,0.379,0.223,0.612,0.249,-0.069,0.34,0.543,0.77,0.128,-0.065,0.004,0.101,0.299,0.195,0.802,0.295,0.459,0.144,0.49,0.371,0.265,0.348,-0.173,0.463,0.447,0.587,0.504,-0.233,0.355,0.707,0.522,-0.05,0.45,0.595,0.435,0.181,0.469,-0.294,-0.004,0.409,0.021,-0.002,-0.152,0.362,0.36,0.75,0.312,-0.445,0.001,-0.213,0.099,0.539,-0.193,-0.114,0.655
FITB,-0.032,-0.265,0.146,-0.509,0.247,-0.24,0.486,-0.288,-0.27,0.294,-0.008,-0.134,0.555,-0.351,0.746,-0.255,-0.185,-0.027,-0.298,0.436,-0.682,-0.016,0.441,-0.213,1.0,0.099,0.139,0.229,-0.179,0.248,-0.597,-0.158,-0.162,0.771,0.755,-0.002,0.112,0.35,-0.038,0.147,0.084,0.128,0.633,-0.506,-0.396,0.198,-0.558,-0.265,-0.474,-0.513,-0.629,0.039,-0.064,0.282,-0.386,-0.619,0.513,-0.523,-0.565,-0.296,-0.496,-0.046,-0.443,-0.38,0.554,-0.657,0.35,-0.074,-0.221,0.117,0.144,0.036,0.641,-0.622,-0.438,-0.543,-0.086,-0.282,-0.088,0.084,0.186,-0.386,-0.307,-0.338,-0.567,0.639,-0.451,-0.469,-0.481,0.589,-0.171,-0.233,0.543,-0.338,0.526,-0.588,-0.158,-0.004,-0.072,-0.44
FLEX,-0.225,0.617,0.671,0.482,0.648,0.574,0.543,-0.479,0.608,0.151,0.513,0.593,0.323,0.1,0.299,-0.383,0.739,0.503,0.691,0.528,0.078,0.667,0.508,0.529,0.099,1.0,0.675,0.352,0.392,0.439,-0.02,0.771,0.735,0.237,0.227,0.487,0.349,0.199,0.386,-0.135,0.608,0.44,-0.023,0.292,-0.198,0.46,0.044,0.543,0.068,-0.264,0.15,0.681,0.721,0.36,-0.084,-0.15,0.114,0.343,0.131,0.714,0.139,0.374,0.037,0.525,0.54,-0.027,0.545,0.019,0.563,0.515,0.615,0.453,-0.197,0.321,0.481,0.2,-0.04,0.391,0.621,0.419,0.1,0.494,-0.237,0.178,0.233,0.126,-0.096,-0.344,0.156,0.409,0.625,0.316,-0.245,-0.121,0.084,-0.02,0.453,-0.217,-0.023,0.41
FTNT,-0.557,0.616,0.692,0.304,0.868,0.555,0.633,-0.598,0.568,0.306,0.702,0.774,0.483,0.328,0.456,-0.483,0.566,0.767,0.372,0.723,0.001,0.723,0.652,0.639,0.139,0.675,1.0,0.213,0.26,0.115,-0.274,0.8,0.78,0.248,0.294,0.021,0.247,0.436,0.533,-0.446,0.708,0.499,0.059,0.101,-0.424,0.693,-0.194,0.627,-0.141,-0.358,-0.097,0.74,0.902,0.533,-0.376,-0.406,0.489,0.147,-0.123,0.705,-0.163,0.48,-0.162,0.529,0.583,-0.064,0.7,-0.306,0.68,0.433,0.802,0.626,-0.112,0.164,0.456,0.071,-0.398,0.478,0.81,0.539,-0.106,0.341,-0.504,-0.063,0.042,0.346,-0.279,-0.593,-0.032,0.623,0.781,0.104,-0.309,-0.378,-0.127,-0.361,0.238,-0.379,-0.39,0.387
GEN,0.102,0.348,0.227,0.153,0.18,0.262,0.175,0.046,0.414,0.097,0.239,0.213,0.082,-0.293,0.099,-0.154,0.312,0.085,0.386,0.094,-0.108,0.182,0.108,0.06,0.229,0.352,0.213,1.0,0.156,0.505,0.073,0.255,0.31,0.163,0.266,0.343,0.425,-0.002,0.091,0.11,0.15,0.168,0.073,0.155,0.119,0.056,0.236,-0.065,0.288,0.063,0.006,0.257,0.108,-0.029,0.093,0.012,-0.009,0.244,0.056,0.238,0.198,-0.012,0.089,0.032,0.3,-0.033,0.237,0.359,0.177,0.191,0.092,0.165,0.167,0.069,0.223,0.19,0.319,0.095,0.246,0.087,-0.054,0.233,0.012,0.246,-0.035,-0.015,0.023,0.055,0.177,0.158,0.212,0.479,0.068,-0.009,0.48,0.025,0.153,0.181,0.295,-0.014
GERN,-0.137,0.433,0.434,0.499,0.418,0.502,0.207,-0.339,0.506,-0.313,0.387,0.331,0.266,0.04,0.055,-0.226,0.505,0.508,0.404,0.056,0.163,0.199,0.24,0.446,-0.179,0.392,0.26,0.156,1.0,0.394,0.245,0.387,0.405,-0.141,-0.13,0.354,0.21,-0.093,0.247,-0.129,0.349,0.231,-0.211,0.389,-0.302,0.281,0.26,0.169,0.289,-0.226,0.334,0.222,0.332,0.005,0.068,0.169,-0.237,0.322,0.247,0.49,0.416,0.595,0.148,0.317,0.264,0.1,0.291,-0.023,0.217,0.45,0.182,0.506,-0.203,0.298,0.38,0.396,0.071,0.387,0.304,0.582,0.317,0.237,-0.257,0.177,0.392,-0.11,0.093,-0.045,0.365,0.332,0.554,0.268,-0.441,0.145,-0.083,0.2,0.352,-0.289,-0.019,0.551
GEVO,0.09,0.221,0.253,0.325,0.248,0.273,0.276,-0.068,0.254,-0.14,0.231,0.294,0.132,-0.331,0.218,-0.364,0.347,0.081,0.38,-0.045,0.05,0.307,0.306,-0.005,0.248,0.439,0.115,0.505,0.394,1.0,0.165,0.241,0.215,0.107,0.064,0.462,0.094,-0.077,0.304,0.119,0.299,0.199,-0.033,0.301,0.073,-0.055,0.204,-0.018,0.21,-0.054,0.148,0.144,0.058,-0.102,0.21,0.088,-0.236,0.412,0.191,0.216,0.26,0.186,0.166,0.181,0.273,0.022,0.216,0.422,0.297,0.22,0.096,0.245,-0.091,0.282,0.156,0.071,0.238,-0.013,0.161,0.299,0.09,0.103,0.082,0.568,0.049,0.025,0.208,-0.059,0.235,0.181,0.257,0.258,-0.051,0.199,0.451,0.164,0.206,0.023,0.281,0.138
GILD,0.33,0.384,-0.185,0.599,-0.307,0.272,-0.607,0.456,0.284,-0.285,-0.204,-0.025,-0.577,-0.041,-0.684,0.246,0.299,-0.155,0.521,-0.598,0.502,-0.13,-0.485,0.115,-0.597,-0.02,-0.274,0.073,0.245,0.165,1.0,0.098,0.089,-0.658,-0.627,0.382,0.098,-0.478,-0.212,0.281,-0.325,-0.112,-0.317,0.711,0.536,-0.534,0.753,0.033,0.661,0.626,0.81,-0.234,-0.107,-0.647,0.727,0.746,-0.633,0.593,0.824,0.258,0.721,-0.136,0.738,0.344,-0.509,0.696,-0.475,0.482,-0.008,-0.119,-0.294,-0.286,-0.534,0.638,0.415,0.579,0.479,-0.007,-0.097,-0.27,0.113,0.365,0.511,0.466,0.458,-0.609,0.62,0.569,0.693,-0.537,-0.018,0.516,-0.218,0.657,0.108,0.75,0.263,0.201,0.506,0.437
GOOG,-0.405,0.814,0.66,0.656,0.738,0.72,0.442,-0.413,0.781,0.089,0.575,0.766,0.186,0.351,0.147,-0.254,0.775,0.655,0.651,0.473,0.285,0.675,0.412,0.739,-0.158,0.771,0.8,0.255,0.387,0.241,0.098,1.0,0.972,0.029,0.075,0.291,0.44,0.177,0.398,-0.337,0.637,0.408,-0.093,0.419,-0.158,0.433,0.218,0.677,0.189,-0.044,0.259,0.644,0.918,0.271,0.017,0.045,0.142,0.419,0.216,0.831,0.257,0.402,0.206,0.645,0.344,0.218,0.477,-0.074,0.748,0.398,0.685,0.455,-0.369,0.487,0.702,0.397,-0.069,0.526,0.691,0.431,-0.054,0.594,-0.216,0.215,0.362,0.096,-0.019,-0.281,0.285,0.371,0.819,0.476,-0.434,0.0,-0.095,0.044,0.403,-0.197,-0.084,0.59
GOOGL,-0.43,0.787,0.646,0.618,0.701,0.718,0.442,-0.418,0.802,0.09,0.589,0.745,0.207,0.344,0.164,-0.26,0.736,0.659,0.615,0.511,0.246,0.67,0.423,0.75,-0.162,0.735,0.78,0.31,0.405,0.215,0.089,0.972,1.0,0.075,0.124,0.26,0.51,0.215,0.42,-0.337,0.643,0.427,-0.072,0.39,-0.15,0.465,0.229,0.671,0.216,-0.037,0.247,0.672,0.885,0.314,-0.004,0.032,0.167,0.373,0.168,0.827,0.206,0.44,0.171,0.618,0.34,0.238,0.53,-0.117,0.728,0.409,0.688,0.466,-0.32,0.427,0.686,0.411,-0.068,0.552,0.696,0.456,-0.069,0.547,-0.237,0.201,0.364,0.107,-0.049,-0.291,0.272,0.42,0.814,0.505,-0.429,-0.062,-0.113,0.028,0.411,-0.165,-0.071,0.563
GT,-0.082,-0.213,0.282,-0.37,0.28,-0.184,0.666,-0.359,-0.23,0.344,0.085,-0.107,0.569,-0.219,0.74,-0.261,-0.088,0.089,-0.206,0.586,-0.588,0.133,0.48,-0.016,0.771,0.237,0.248,0.163,-0.141,0.107,-0.658,0.029,0.075,1.0,0.849,0.059,0.133,0.523,0.063,0.124,0.207,0.147,0.48,-0.499,-0.441,0.31,-0.487,-0.093,-0.446,-0.553,-0.543,0.186,0.124,0.469,-0.518,-0.57,0.52,-0.508,-0.541,-0.12,-0.573,0.1,-0.542,-0.318,0.613,-0.521,0.447,-0.223,-0.103,0.314,0.337,0.124,0.638,-0.567,-0.304,-0.488,-0.12,-0.182,0.026,0.114,0.181,-0.306,-0.425,-0.334,-0.492,0.543,-0.534,-0.517,-0.434,0.637,0.034,-0.249,0.486,-0.402,0.269,-0.526,-0.104,-0.059,-0.238,-0.307
HBAN,-0.181,-0.117,0.288,-0.365,0.318,-0.08,0.618,-0.427,-0.058,0.292,0.099,-0.045,0.609,-0.348,0.633,-0.232,-0.007,0.08,-0.173,0.668,-0.576,0.101,0.442,0.089,0.755,0.227,0.294,0.266,-0.13,0.064,-0.627,0.075,0.124,0.849,1.0,0.0,0.258,0.414,0.053,0.061,0.272,0.24,0.612,-0.467,-0.436,0.365,-0.432,-0.073,-0.394,-0.533,-0.54,0.215,0.161,0.484,-0.505,-0.548,0.668,-0.505,-0.54,-0.095,-0.486,0.065,-0.511,-0.364,0.673,-0.58,0.363,-0.149,-0.101,0.39,0.374,0.135,0.619,-0.617,-0.26,-0.403,-0.088,-0.133,0.073,0.17,0.162,-0.236,-0.444,-0.33,-0.463,0.603,-0.498,-0.514,-0.401,0.629,0.064,-0.226,0.429,-0.537,0.403,-0.492,-0.059,-0.088,-0.17,-0.268
HST,0.525,0.467,0.157,0.532,0.107,0.498,0.017,0.113,0.336,-0.221,-0.04,0.078,-0.085,-0.165,-0.103,0.005,0.606,0.123,0.607,-0.159,0.259,-0.027,-0.148,0.253,-0.002,0.487,0.021,0.343,0.354,0.462,0.382,0.291,0.26,0.059,0.0,1.0,0.332,-0.263,-0.21,0.47,-0.052,-0.166,-0.2,0.541,0.172,-0.192,0.534,-0.062,0.504,0.209,0.565,-0.018,0.141,-0.357,0.371,0.308,-0.475,0.427,0.571,0.409,0.523,-0.121,0.45,0.105,0.115,0.26,-0.076,0.342,-0.031,0.461,-0.088,-0.035,-0.027,0.41,0.461,0.451,0.516,0.173,0.064,-0.061,0.567,0.515,0.199,0.293,0.45,-0.372,0.341,0.246,0.572,0.017,0.219,0.461,0.126,0.491,0.22,0.45,0.269,-0.004,0.377,0.501
INTC,0.018,0.54,0.283,0.353,0.303,0.466,0.11,-0.018,0.647,-0.166,0.14,0.291,0.179,-0.012,0.052,0.332,0.429,0.241,0.399,0.211,-0.004,0.086,-0.033,0.414,0.112,0.349,0.247,0.425,0.21,0.094,0.098,0.44,0.51,0.133,0.258,0.332,1.0,-0.082,-0.205,0.054,0.121,-0.096,0.161,0.384,0.071,0.181,0.362,0.055,0.382,0.189,0.13,0.288,0.315,-0.036,0.304,0.213,0.03,0.133,0.073,0.378,0.202,-0.032,0.384,0.052,0.128,0.158,0.032,0.159,0.093,0.418,0.095,0.004,0.215,0.056,0.5,0.564,0.418,0.453,0.199,-0.005,0.231,0.45,0.092,0.07,0.384,-0.068,0.193,0.178,0.312,0.244,0.279,0.738,-0.089,0.156,0.253,0.114,0.335,0.274,0.487,0.213
IOVA,-0.311,-0.17,0.3,-0.361,0.348,-0.241,0.479,-0.33,-0.067,0.442,0.256,0.079,0.441,0.153,0.548,-0.386,-0.15,0.318,-0.141,0.531,-0.232,0.426,0.521,0.135,0.35,0.199,0.436,-0.002,-0.093,-0.077,-0.478,0.177,0.215,0.523,0.414,-0.263,-0.082,1.0,0.36,-0.002,0.344,0.481,0.205,-0.507,-0.324,0.426,-0.56,0.248,-0.612,-0.447,-0.451,0.397,0.313,0.588,-0.566,-0.631,0.528,-0.313,-0.433,0.002,-0.516,0.451,-0.547,0.119,0.402,-0.36,0.596,-0.36,0.14,0.207,0.471,0.392,0.247,-0.359,-0.211,-0.438,-0.421,-0.126,0.268,0.393,0.036,-0.244,-0.356,-0.353,-0.493,0.603,-0.517,-0.569,-0.57,0.394,0.133,-0.341,0.336,-0.451,-0.165,-0.561,-0.008,-0.087,-0.426,-0.109
IQ,-0.65,0.23,0.54,-0.022,0.497,0.23,0.49,-0.516,0.273,0.171,0.806,0.654,0.389,0.257,0.373,-0.685,0.194,0.443,0.148,0.464,0.018,0.672,0.68,0.223,-0.038,0.386,0.533,0.091,0.247,0.304,-0.212,0.398,0.42,0.063,0.053,-0.21,-0.205,0.36,1.0,-0.551,0.774,0.552,-0.154,-0.139,-0.318,0.62,-0.369,0.47,-0.269,-0.339,-0.153,0.597,0.459,0.638,-0.503,-0.436,0.328,0.161,-0.232,0.324,-0.113,0.564,-0.44,0.528,0.337,-0.052,0.64,-0.226,0.7,0.218,0.63,0.654,-0.255,0.121,-0.016,-0.187,-0.491,0.313,0.612,0.724,-0.415,0.078,-0.406,0.351,-0.094,0.413,-0.143,-0.613,-0.153,0.412,0.528,-0.243,-0.4,-0.497,-0.155,-0.262,0.204,-0.318,-0.478,0.129
JBLU,0.772,-0.233,-0.267,-0.003,-0.454,-0.254,-0.418,0.54,-0.267,-0.034,-0.618,-0.539,-0.173,-0.38,-0.28,0.272,-0.127,-0.416,0.086,-0.371,0.117,-0.424,-0.379,-0.274,0.147,-0.135,-0.446,0.11,-0.129,0.119,0.281,-0.337,-0.337,0.124,0.061,0.47,0.054,-0.002,-0.551,1.0,-0.597,-0.364,0.047,0.181,0.443,-0.49,0.264,-0.377,0.186,0.368,0.218,-0.454,-0.444,-0.437,0.397,0.252,-0.306,0.038,0.302,-0.311,0.172,-0.316,0.293,-0.362,-0.221,0.06,-0.412,0.486,-0.59,0.121,-0.491,-0.421,0.306,-0.09,-0.105,0.01,0.537,-0.371,-0.433,-0.387,0.505,0.011,0.523,-0.113,-0.057,-0.211,0.264,0.342,0.104,-0.336,-0.45,0.108,0.737,0.451,0.267,0.168,-0.16,0.41,0.554,-0.046
JD,-0.73,0.405,0.64,0.189,0.764,0.406,0.71,-0.641,0.454,0.077,0.774,0.744,0.497,0.109,0.471,-0.569,0.389,0.617,0.215,0.641,-0.113,0.767,0.714,0.458,0.084,0.608,0.708,0.15,0.349,0.299,-0.325,0.637,0.643,0.207,0.272,-0.052,0.121,0.344,0.774,-0.597,1.0,0.644,0.07,-0.036,-0.502,0.675,-0.205,0.512,-0.229,-0.466,-0.146,0.743,0.682,0.625,-0.404,-0.393,0.403,0.087,-0.232,0.478,-0.118,0.579,-0.283,0.44,0.5,-0.18,0.655,-0.297,0.788,0.379,0.758,0.718,-0.108,0.091,0.221,0.016,-0.4,0.378,0.585,0.709,-0.194,0.175,-0.591,0.189,-0.011,0.38,-0.264,-0.618,-0.098,0.618,0.709,-0.026,-0.446,-0.488,-0.128,-0.207,0.301,-0.377,-0.405,0.229
KDP,-0.629,0.193,0.368,-0.023,0.526,0.111,0.5,-0.497,0.263,0.328,0.454,0.32,0.332,-0.035,0.409,-0.549,0.191,0.454,0.171,0.541,-0.233,0.634,0.532,0.344,0.128,0.44,0.499,0.168,0.231,0.199,-0.112,0.408,0.427,0.147,0.24,-0.166,-0.096,0.481,0.552,-0.364,0.644,1.0,0.273,-0.235,-0.359,0.386,-0.299,0.465,-0.336,-0.467,-0.135,0.606,0.512,0.498,-0.423,-0.431,0.397,-0.058,-0.191,0.322,-0.196,0.597,-0.378,0.405,0.489,-0.236,0.634,-0.171,0.526,0.077,0.69,0.581,-0.187,0.004,-0.009,-0.198,-0.446,-0.064,0.39,0.582,-0.161,-0.14,-0.464,-0.016,-0.324,0.489,-0.516,-0.549,-0.263,0.403,0.424,-0.178,-0.215,-0.496,0.053,-0.208,0.269,-0.274,-0.425,0.137
KHC,-0.154,-0.166,-0.024,-0.29,0.163,-0.209,0.265,-0.184,-0.123,0.298,-0.161,-0.187,0.367,-0.402,0.4,0.032,-0.161,-0.058,-0.208,0.357,-0.522,-0.026,0.27,0.03,0.633,-0.023,0.059,0.073,-0.211,-0.033,-0.317,-0.093,-0.072,0.48,0.612,-0.2,0.161,0.205,-0.154,0.047,0.07,0.273,1.0,-0.306,-0.294,0.004,-0.304,0.007,-0.313,-0.291,-0.426,0.045,-0.014,0.143,-0.164,-0.335,0.477,-0.42,-0.411,-0.184,-0.337,-0.028,-0.252,-0.242,0.349,-0.4,0.138,-0.012,-0.111,-0.089,0.202,-0.078,0.374,-0.472,-0.222,-0.304,-0.12,-0.406,-0.149,-0.022,0.086,-0.333,-0.223,-0.344,-0.485,0.466,-0.377,-0.207,-0.321,0.37,-0.102,-0.15,0.352,-0.269,0.472,-0.33,0.031,0.075,0.013,-0.387
LRCX,0.304,0.647,0.069,0.901,0.1,0.632,-0.342,0.304,0.561,-0.412,-0.014,0.328,-0.298,0.028,-0.545,0.241,0.594,0.196,0.664,-0.332,0.6,0.037,-0.251,0.382,-0.506,0.292,0.101,0.155,0.389,0.301,0.711,0.419,0.39,-0.499,-0.467,0.541,0.384,-0.507,-0.139,0.181,-0.036,-0.235,-0.306,1.0,0.428,-0.249,0.826,0.198,0.739,0.608,0.788,0.006,0.23,-0.531,0.722,0.697,-0.591,0.723,0.775,0.572,0.701,-0.054,0.831,0.411,-0.296,0.689,-0.316,0.409,0.257,0.187,-0.127,-0.025,-0.408,0.687,0.799,0.819,0.424,0.366,0.199,-0.115,0.197,0.648,0.405,0.469,0.707,-0.65,0.694,0.497,0.781,-0.279,0.385,0.67,-0.355,0.593,0.012,0.639,0.39,0.082,0.577,0.617
LYFT,0.513,-0.055,-0.45,0.237,-0.543,-0.033,-0.621,0.664,0.023,-0.187,-0.438,-0.208,-0.645,-0.072,-0.604,0.454,-0.098,-0.418,0.153,-0.575,0.553,-0.207,-0.522,-0.234,-0.396,-0.198,-0.424,0.119,-0.302,0.073,0.536,-0.158,-0.15,-0.441,-0.436,0.172,0.071,-0.324,-0.318,0.443,-0.502,-0.359,-0.294,0.428,1.0,-0.565,0.502,-0.148,0.423,0.844,0.405,-0.327,-0.35,-0.542,0.603,0.618,-0.536,0.429,0.482,-0.108,0.314,-0.423,0.578,0.037,-0.599,0.474,-0.53,0.573,-0.09,-0.267,-0.507,-0.413,-0.226,0.353,0.231,0.29,0.475,-0.139,-0.255,-0.535,-0.06,0.261,0.81,0.334,0.307,-0.498,0.551,0.681,0.298,-0.748,-0.341,0.33,0.153,0.494,0.038,0.466,0.051,0.515,0.628,-0.019
MARA,-0.652,0.262,0.67,-0.142,0.668,0.309,0.638,-0.655,0.399,0.139,0.766,0.567,0.735,0.278,0.578,-0.479,0.231,0.62,0.061,0.794,-0.206,0.549,0.702,0.379,0.198,0.46,0.693,0.056,0.281,-0.055,-0.534,0.433,0.465,0.31,0.365,-0.192,0.181,0.426,0.62,-0.49,0.675,0.386,0.004,-0.249,-0.565,1.0,-0.528,0.451,-0.368,-0.527,-0.383,0.677,0.608,0.86,-0.67,-0.615,0.594,-0.183,-0.474,0.322,-0.338,0.575,-0.548,0.277,0.558,-0.386,0.67,-0.402,0.401,0.478,0.655,0.683,0.169,-0.221,0.01,-0.147,-0.486,0.635,0.625,0.667,-0.182,0.117,-0.559,-0.205,-0.008,0.509,-0.413,-0.7,-0.276,0.666,0.526,-0.172,-0.287,-0.624,-0.207,-0.537,0.187,-0.365,-0.496,0.057
MCHP,0.423,0.471,-0.209,0.776,-0.197,0.432,-0.472,0.492,0.387,-0.449,-0.264,0.038,-0.591,-0.078,-0.678,0.44,0.389,-0.053,0.472,-0.546,0.523,-0.197,-0.525,0.223,-0.558,0.044,-0.194,0.236,0.26,0.204,0.753,0.218,0.229,-0.487,-0.432,0.534,0.362,-0.56,-0.369,0.264,-0.205,-0.299,-0.304,0.826,0.502,-0.528,1.0,-0.035,0.8,0.663,0.794,-0.206,-0.04,-0.701,0.822,0.85,-0.659,0.612,0.805,0.344,0.707,-0.243,0.877,0.147,-0.483,0.692,-0.511,0.407,0.051,0.036,-0.319,-0.258,-0.318,0.59,0.673,0.822,0.629,0.15,-0.098,-0.328,0.21,0.502,0.435,0.464,0.619,-0.792,0.67,0.694,0.762,-0.452,0.13,0.735,-0.219,0.686,0.028,0.819,0.203,0.235,0.613,0.502
MDLZ,-0.492,0.476,0.466,0.351,0.474,0.48,0.237,-0.361,0.516,0.192,0.405,0.571,0.149,0.425,0.051,-0.261,0.442,0.475,0.502,0.544,0.278,0.68,0.42,0.612,-0.265,0.543,0.627,-0.065,0.169,-0.018,0.033,0.677,0.671,-0.093,-0.073,-0.062,0.055,0.248,0.47,-0.377,0.512,0.465,0.007,0.198,-0.148,0.451,-0.035,1.0,-0.025,-0.022,0.153,0.714,0.715,0.462,-0.137,-0.109,0.257,0.284,0.073,0.648,0.082,0.433,-0.064,0.746,0.14,0.203,0.465,-0.099,0.656,0.082,0.751,0.377,-0.455,0.353,0.402,0.177,-0.3,0.371,0.678,0.396,-0.365,0.363,-0.105,0.074,0.235,0.144,-0.115,-0.37,0.043,0.178,0.531,0.13,-0.454,-0.18,-0.254,-0.058,0.318,-0.072,-0.208,0.289
META,0.437,0.483,-0.127,0.666,-0.18,0.518,-0.384,0.257,0.425,-0.473,-0.08,0.148,-0.421,-0.024,-0.588,0.354,0.464,-0.051,0.5,-0.434,0.536,-0.177,-0.472,0.249,-0.474,0.068,-0.141,0.288,0.289,0.21,0.661,0.189,0.216,-0.446,-0.394,0.504,0.382,-0.612,-0.269,0.186,-0.229,-0.336,-0.313,0.739,0.423,-0.368,0.8,-0.025,1.0,0.517,0.687,-0.114,-0.02,-0.581,0.645,0.707,-0.556,0.679,0.638,0.437,0.621,-0.272,0.682,0.215,-0.284,0.651,-0.324,0.42,0.022,0.164,-0.292,-0.271,-0.343,0.676,0.617,0.717,0.582,0.276,0.07,-0.226,0.223,0.522,0.375,0.409,0.632,-0.656,0.676,0.585,0.805,-0.292,0.186,0.676,-0.251,0.61,0.099,0.65,0.116,0.289,0.5,0.481
MNST,0.461,0.18,-0.392,0.376,-0.449,0.15,-0.722,0.785,0.17,-0.264,-0.403,-0.093,-0.656,0.077,-0.697,0.512,0.011,-0.288,0.236,-0.572,0.575,-0.273,-0.58,-0.069,-0.513,-0.264,-0.358,0.063,-0.226,-0.054,0.626,-0.044,-0.037,-0.553,-0.533,0.209,0.189,-0.447,-0.339,0.368,-0.466,-0.467,-0.291,0.608,0.844,-0.527,0.663,-0.022,0.517,1.0,0.571,-0.312,-0.228,-0.601,0.694,0.677,-0.543,0.463,0.602,0.02,0.507,-0.439,0.714,0.132,-0.731,0.665,-0.612,0.502,-0.039,-0.276,-0.45,-0.429,-0.236,0.42,0.385,0.528,0.496,0.069,-0.203,-0.518,-0.113,0.418,0.803,0.355,0.461,-0.601,0.666,0.694,0.472,-0.706,-0.214,0.492,0.028,0.579,-0.035,0.561,0.086,0.474,0.651,0.112
MRNA,0.369,0.515,-0.133,0.737,-0.114,0.537,-0.458,0.314,0.372,-0.35,-0.109,0.134,-0.485,0.12,-0.633,0.163,0.51,0.062,0.599,-0.433,0.589,-0.076,-0.457,0.34,-0.629,0.15,-0.097,0.006,0.334,0.148,0.81,0.259,0.247,-0.543,-0.54,0.565,0.13,-0.451,-0.153,0.218,-0.146,-0.135,-0.426,0.788,0.405,-0.383,0.794,0.153,0.687,0.571,1.0,-0.106,0.092,-0.549,0.611,0.651,-0.705,0.614,0.942,0.484,0.739,-0.127,0.729,0.432,-0.401,0.728,-0.343,0.317,0.128,0.082,-0.198,-0.141,-0.523,0.681,0.592,0.693,0.369,0.25,0.05,-0.155,0.244,0.524,0.385,0.438,0.679,-0.712,0.629,0.5,0.818,-0.387,0.186,0.471,-0.286,0.582,-0.123,0.841,0.28,0.011,0.364,0.709
MRVL,-0.596,0.491,0.64,0.165,0.699,0.422,0.549,-0.55,0.52,0.164,0.668,0.645,0.437,0.193,0.352,-0.383,0.45,0.593,0.412,0.713,-0.116,0.817,0.579,0.543,0.039,0.681,0.74,0.257,0.222,0.144,-0.234,0.644,0.672,0.186,0.215,-0.018,0.288,0.397,0.597,-0.454,0.743,0.606,0.045,0.006,-0.327,0.677,-0.206,0.714,-0.114,-0.312,-0.106,1.0,0.728,0.651,-0.391,-0.377,0.434,0.104,-0.199,0.611,-0.094,0.48,-0.269,0.568,0.45,-0.052,0.661,-0.183,0.681,0.375,0.833,0.594,-0.108,0.119,0.296,0.127,-0.265,0.443,0.781,0.572,-0.24,0.328,-0.41,0.055,0.001,0.331,-0.235,-0.516,-0.046,0.469,0.594,0.124,-0.388,-0.473,-0.058,-0.223,0.321,-0.121,-0.281,0.186
MSFT,-0.545,0.739,0.7,0.461,0.852,0.662,0.56,-0.537,0.677,0.197,0.644,0.74,0.375,0.393,0.327,-0.345,0.684,0.798,0.513,0.655,0.14,0.698,0.516,0.77,-0.064,0.721,0.902,0.108,0.332,0.058,-0.107,0.918,0.885,0.124,0.161,0.141,0.315,0.313,0.459,-0.444,0.682,0.512,-0.014,0.23,-0.35,0.608,-0.04,0.715,-0.02,-0.228,0.092,0.728,1.0,0.444,-0.265,-0.233,0.323,0.226,0.018,0.809,0.04,0.491,-0.043,0.615,0.497,0.084,0.596,-0.265,0.722,0.424,0.814,0.597,-0.256,0.345,0.585,0.245,-0.3,0.527,0.759,0.533,-0.066,0.48,-0.395,-0.004,0.22,0.241,-0.246,-0.455,0.116,0.509,0.846,0.214,-0.425,-0.219,-0.177,-0.186,0.369,-0.344,-0.34,0.533
MSTR,-0.655,-0.02,0.511,-0.39,0.461,-0.003,0.668,-0.64,0.114,0.312,0.606,0.363,0.666,0.206,0.592,-0.478,-0.049,0.331,-0.105,0.819,-0.325,0.566,0.707,0.128,0.282,0.36,0.533,-0.029,0.005,-0.102,-0.647,0.271,0.314,0.469,0.484,-0.357,-0.036,0.588,0.638,-0.437,0.625,0.498,0.143,-0.531,-0.542,0.86,-0.701,0.462,-0.581,-0.601,-0.549,0.651,0.444,1.0,-0.77,-0.704,0.716,-0.353,-0.606,0.093,-0.555,0.476,-0.758,0.205,0.499,-0.495,0.683,-0.394,0.351,0.291,0.683,0.489,0.173,-0.371,-0.295,-0.458,-0.572,0.318,0.482,0.555,-0.313,-0.133,-0.529,-0.206,-0.294,0.667,-0.562,-0.79,-0.529,0.572,0.289,-0.387,-0.083,-0.761,-0.147,-0.588,0.002,-0.256,-0.579,-0.198
MU,0.512,0.232,-0.314,0.6,-0.376,0.137,-0.642,0.586,0.175,-0.323,-0.467,-0.078,-0.635,-0.062,-0.675,0.538,0.172,-0.337,0.344,-0.685,0.466,-0.303,-0.554,-0.065,-0.386,-0.084,-0.376,0.093,0.068,0.21,0.727,0.017,-0.004,-0.518,-0.505,0.371,0.304,-0.566,-0.503,0.397,-0.404,-0.423,-0.164,0.722,0.603,-0.67,0.822,-0.137,0.645,0.694,0.611,-0.391,-0.265,-0.77,1.0,0.834,-0.644,0.527,0.681,0.057,0.601,-0.407,0.919,0.037,-0.613,0.572,-0.62,0.473,-0.104,-0.223,-0.536,-0.509,-0.313,0.495,0.422,0.59,0.605,-0.039,-0.283,-0.488,0.151,0.313,0.633,0.39,0.463,-0.667,0.681,0.718,0.551,-0.566,-0.176,0.699,-0.042,0.803,0.107,0.663,0.046,0.427,0.802,0.25
MVIS,0.415,0.219,-0.325,0.647,-0.417,0.187,-0.589,0.485,0.187,-0.464,-0.387,-0.103,-0.686,-0.038,-0.784,0.606,0.174,-0.309,0.295,-0.69,0.572,-0.278,-0.611,0.004,-0.619,-0.15,-0.406,0.012,0.169,0.088,0.746,0.045,0.032,-0.57,-0.548,0.308,0.213,-0.631,-0.436,0.252,-0.393,-0.431,-0.335,0.697,0.618,-0.615,0.85,-0.109,0.707,0.677,0.651,-0.377,-0.233,-0.704,0.834,1.0,-0.668,0.528,0.692,0.102,0.64,-0.285,0.829,0.076,-0.641,0.611,-0.652,0.478,-0.06,-0.136,-0.484,-0.439,-0.429,0.526,0.472,0.626,0.646,0.026,-0.267,-0.446,0.103,0.368,0.568,0.432,0.574,-0.732,0.693,0.79,0.647,-0.627,-0.093,0.585,-0.23,0.72,-0.003,0.793,0.116,0.305,0.609,0.29
NFLX,-0.6,-0.081,0.381,-0.478,0.383,-0.176,0.505,-0.5,-0.049,0.453,0.309,0.182,0.522,0.034,0.567,-0.303,-0.146,0.186,-0.292,0.739,-0.505,0.32,0.571,0.101,0.513,0.114,0.489,-0.009,-0.237,-0.236,-0.633,0.142,0.167,0.52,0.668,-0.475,0.03,0.528,0.328,-0.306,0.403,0.397,0.477,-0.591,-0.536,0.594,-0.659,0.257,-0.556,-0.543,-0.705,0.434,0.323,0.716,-0.644,-0.668,1.0,-0.467,-0.708,-0.059,-0.619,0.227,-0.624,-0.073,0.488,-0.495,0.46,-0.367,0.133,0.16,0.587,0.218,0.356,-0.511,-0.316,-0.496,-0.378,0.012,0.309,0.313,-0.252,-0.242,-0.511,-0.396,-0.568,0.774,-0.556,-0.723,-0.601,0.548,0.098,-0.339,0.16,-0.706,0.117,-0.705,-0.16,-0.098,-0.442,-0.34
NNDM,0.252,0.541,0.101,0.725,0.059,0.525,-0.195,0.16,0.558,-0.213,0.185,0.455,-0.383,0.194,-0.46,-0.009,0.543,0.14,0.645,-0.322,0.747,0.243,-0.142,0.299,-0.523,0.343,0.147,0.244,0.322,0.412,0.593,0.419,0.373,-0.508,-0.505,0.427,0.133,-0.313,0.161,0.038,0.087,-0.058,-0.42,0.723,0.429,-0.183,0.612,0.284,0.679,0.463,0.614,0.104,0.226,-0.353,0.527,0.528,-0.467,1.0,0.642,0.594,0.568,-0.048,0.571,0.599,-0.166,0.59,-0.088,0.431,0.395,0.133,-0.045,0.035,-0.595,0.849,0.663,0.544,0.28,0.285,0.369,-0.011,-0.004,0.529,0.405,0.601,0.526,-0.479,0.677,0.362,0.613,-0.322,0.406,0.531,-0.328,0.531,-0.084,0.518,0.242,0.168,0.336,0.494
NVAX,0.472,0.469,-0.186,0.716,-0.175,0.43,-0.48,0.396,0.304,-0.305,-0.193,0.067,-0.558,0.045,-0.661,0.217,0.429,-0.053,0.566,-0.531,0.605,-0.13,-0.456,0.195,-0.565,0.131,-0.123,0.056,0.247,0.191,0.824,0.216,0.168,-0.541,-0.54,0.571,0.073,-0.433,-0.232,0.302,-0.232,-0.191,-0.411,0.775,0.482,-0.474,0.805,0.073,0.638,0.602,0.942,-0.199,0.018,-0.606,0.681,0.692,-0.708,0.642,1.0,0.385,0.725,-0.219,0.776,0.395,-0.448,0.639,-0.427,0.385,0.071,0.011,-0.28,-0.238,-0.5,0.654,0.551,0.629,0.411,0.141,-0.016,-0.274,0.259,0.513,0.436,0.45,0.581,-0.735,0.669,0.565,0.751,-0.495,0.083,0.49,-0.143,0.661,-0.055,0.851,0.196,0.043,0.431,0.621
NVDA,-0.208,0.843,0.501,0.73,0.634,0.853,0.303,-0.363,0.788,-0.027,0.528,0.704,0.104,0.35,0.005,-0.236,0.852,0.676,0.735,0.349,0.375,0.567,0.257,0.802,-0.296,0.714,0.705,0.238,0.49,0.216,0.258,0.831,0.827,-0.12,-0.095,0.409,0.378,0.002,0.324,-0.311,0.478,0.322,-0.184,0.572,-0.108,0.322,0.344,0.648,0.437,0.02,0.484,0.611,0.809,0.093,0.057,0.102,-0.059,0.594,0.385,1.0,0.346,0.322,0.264,0.737,0.334,0.435,0.426,-0.022,0.641,0.421,0.561,0.417,-0.459,0.635,0.82,0.554,-0.039,0.558,0.758,0.37,0.066,0.614,-0.15,0.25,0.517,-0.141,0.146,-0.1,0.524,0.288,0.816,0.456,-0.532,0.065,-0.129,0.21,0.461,-0.22,-0.083,0.705
NWL,0.306,0.513,0.079,0.644,-0.052,0.45,-0.476,0.291,0.404,-0.446,-0.062,0.127,-0.386,0.018,-0.587,0.205,0.542,0.024,0.609,-0.466,0.469,-0.133,-0.367,0.295,-0.496,0.139,-0.163,0.198,0.416,0.26,0.721,0.257,0.206,-0.573,-0.486,0.523,0.202,-0.516,-0.113,0.172,-0.118,-0.196,-0.337,0.701,0.314,-0.338,0.707,0.082,0.621,0.507,0.739,-0.094,0.04,-0.555,0.601,0.64,-0.619,0.568,0.725,0.346,1.0,-0.081,0.653,0.3,-0.34,0.552,-0.369,0.4,0.084,0.079,-0.192,-0.066,-0.417,0.574,0.502,0.707,0.546,0.204,0.051,-0.015,0.137,0.56,0.341,0.491,0.563,-0.536,0.633,0.485,0.74,-0.358,0.168,0.542,-0.307,0.625,0.12,0.688,0.348,0.153,0.474,0.544
OCGN,-0.575,0.145,0.579,0.131,0.561,0.18,0.489,-0.482,0.361,0.051,0.479,0.305,0.517,0.055,0.424,-0.49,0.231,0.659,0.175,0.454,-0.038,0.502,0.623,0.459,-0.046,0.374,0.48,-0.012,0.595,0.186,-0.136,0.402,0.44,0.1,0.065,-0.121,-0.032,0.451,0.564,-0.316,0.579,0.597,-0.028,-0.054,-0.423,0.575,-0.243,0.433,-0.272,-0.439,-0.127,0.48,0.491,0.476,-0.407,-0.285,0.227,-0.048,-0.219,0.322,-0.081,1.0,-0.331,0.308,0.436,-0.202,0.607,-0.3,0.376,0.289,0.581,0.811,-0.066,-0.039,0.118,0.005,-0.38,0.224,0.366,0.79,0.024,-0.028,-0.442,-0.069,-0.018,0.352,-0.382,-0.466,-0.235,0.441,0.561,-0.127,-0.379,-0.34,-0.246,-0.282,0.456,-0.405,-0.36,0.219
ON,0.421,0.439,-0.217,0.743,-0.181,0.351,-0.563,0.503,0.324,-0.349,-0.329,0.084,-0.622,0.044,-0.643,0.504,0.35,-0.11,0.425,-0.592,0.517,-0.208,-0.512,0.144,-0.443,0.037,-0.162,0.089,0.148,0.166,0.738,0.206,0.171,-0.542,-0.511,0.45,0.384,-0.547,-0.44,0.293,-0.283,-0.378,-0.252,0.831,0.578,-0.548,0.877,-0.064,0.682,0.714,0.729,-0.269,-0.043,-0.758,0.919,0.829,-0.624,0.571,0.776,0.264,0.653,-0.331,1.0,0.173,-0.549,0.659,-0.553,0.391,0.043,-0.075,-0.409,-0.365,-0.349,0.572,0.641,0.733,0.589,0.145,-0.146,-0.404,0.223,0.52,0.535,0.375,0.598,-0.711,0.715,0.7,0.67,-0.484,0.004,0.738,-0.156,0.746,0.019,0.712,0.162,0.262,0.695,0.456
