,AAL,AAPL,AGNC,AMAT,AMD,AMZN,APA,ARDX,AVGO,AZN,BIDU,BILI,BKR,CAN,CHRD,CMCSA,CPRT,CRWD,CSCO,CSX,DKNG,EBAY,ERIC,EXC,FITB,FLEX,FTNT,GEN,GERN,GEVO,GILD,GOOG,GOOGL,GT,HBAN,HST,INTC,IOVA,IQ,JBLU,JD,KDP,KHC,LRCX,LYFT,MARA,MCHP,MDLZ,META,MNST,MRNA,MRVL,MSFT,MSTR,MU,MVIS,NFLX,NNDM,NVAX,NVDA,NWL,OCGN,ON,OPK,PAA,PACB,PANW,PARA,PDD,PENN,PEP,PLUG,PTEN,PTON,PYPL,QCOM,QVCGA,RIOT,ROKU,RUN,SABR,SBUX,SMCI,SNDL,STNE,TCOM,TLRY,TMUS,TSCO,TSLA,TTD,TXN,UAL,VOD,VTRS,VXRT,WBA,WBD,WDC,ZM
AAL,1.0,0.179,-0.184,0.698,0.626,0.562,0.561,0.361,0.499,0.288,-0.431,-0.113,-0.08,0.309,0.357,0.123,0.147,0.014,0.443,-0.002,-0.455,-0.241,-0.179,0.295,-0.17,-0.063,0.546,-0.239,0.592,0.461,-0.225,0.453,0.474,0.839,-0.331,0.744,0.215,-0.127,-0.464,0.825,-0.443,0.407,0.703,0.758,0.678,0.566,0.725,0.51,0.501,0.865,-0.607,0.558,0.36,0.674,0.642,0.19,-0.076,0.291,0.377,0.653,0.578,-0.013,0.566,0.595,0.192,0.565,0.155,-0.308,-0.541,-0.619,0.5,0.363,0.265,-0.599,-0.381,0.765,-0.273,0.582,-0.58,0.252,-0.267,0.285,0.778,0.151,-0.545,0.222,0.355,0.586,0.405,0.283,0.444,0.029,0.92,-0.182,0.596,0.104,0.418,0.659,0.098,-0.306
AAPL,0.179,1.0,0.191,0.505,0.523,0.562,0.541,0.48,0.652,0.629,0.086,0.511,-0.493,0.63,0.639,0.062,0.793,0.299,0.575,0.64,-0.567,0.211,-0.607,0.742,0.419,-0.266,0.572,0.134,0.526,0.482,-0.23,0.54,0.485,0.427,0.15,0.591,-0.36,-0.579,-0.21,-0.062,-0.022,0.147,0.077,0.423,-0.199,0.546,0.505,0.501,0.201,0.281,-0.27,0.623,0.676,0.43,0.48,-0.098,0.476,0.364,-0.088,0.526,0.543,0.216,0.604,0.366,-0.067,0.542,-0.285,-0.645,-0.359,-0.435,0.634,0.586,0.247,-0.251,-0.629,0.44,-0.088,0.423,-0.436,0.658,-0.59,0.398,0.37,-0.024,-0.155,-0.573,0.27,0.216,0.737,0.55,0.001,0.078,0.139,-0.094,0.304,-0.2,0.108,0.047,0.313,0.215
AGNC,-0.184,0.191,1.0,-0.178,-0.156,0.211,0.072,-0.403,-0.179,-0.301,0.59,0.458,-0.207,-0.048,-0.286,0.673,0.035,0.366,-0.318,-0.05,0.126,0.637,0.227,-0.219,0.522,0.676,0.083,0.475,-0.335,-0.293,0.321,-0.288,-0.358,-0.145,0.773,-0.204,0.205,0.298,0.529,-0.017,0.504,-0.563,-0.124,-0.198,-0.051,-0.156,-0.128,-0.325,0.232,-0.234,0.074,-0.236,-0.284,-0.118,-0.196,0.468,-0.264,-0.339,-0.547,-0.31,-0.05,-0.41,-0.24,-0.377,0.438,-0.308,-0.076,0.131,0.424,0.244,-0.221,-0.347,0.458,0.129,0.227,-0.193,0.045,-0.054,0.267,-0.218,0.26,0.559,-0.274,0.228,0.545,0.154,0.309,-0.093,-0.119,-0.333,0.051,0.658,-0.226,0.616,0.18,-0.249,0.197,0.123,0.524,0.115
AMAT,0.698,0.505,-0.178,1.0,0.809,0.577,0.799,0.515,0.775,0.564,-0.444,0.095,-0.353,0.52,0.678,-0.01,0.534,0.121,0.707,0.363,-0.619,-0.027,-0.557,0.647,0.076,-0.333,0.664,-0.168,0.733,0.582,-0.423,0.71,0.705,0.839,-0.318,0.785,-0.029,-0.501,-0.521,0.411,-0.47,0.433,0.5,0.808,0.31,0.61,0.85,0.598,0.436,0.667,-0.606,0.801,0.715,0.612,0.791,-0.074,0.235,0.424,0.225,0.869,0.624,0.206,0.721,0.575,0.062,0.749,0.08,-0.481,-0.493,-0.635,0.66,0.596,0.222,-0.594,-0.58,0.845,-0.157,0.586,-0.653,0.542,-0.589,0.218,0.79,0.002,-0.53,-0.248,0.293,0.49,0.646,0.584,0.31,0.089,0.603,-0.181,0.57,-0.027,0.384,0.397,0.09,-0.125
AMD,0.626,0.523,-0.156,0.809,1.0,0.557,0.771,0.483,0.787,0.616,-0.422,0.12,-0.442,0.655,0.721,-0.064,0.673,0.214,0.705,0.383,-0.64,-0.014,-0.581,0.687,0.105,-0.32,0.73,0.028,0.809,0.595,-0.383,0.645,0.616,0.788,-0.251,0.752,-0.257,-0.389,-0.552,0.346,-0.473,0.352,0.41,0.63,0.306,0.722,0.899,0.599,0.265,0.618,-0.564,0.798,0.735,0.679,0.817,-0.124,0.224,0.52,0.172,0.87,0.6,0.185,0.707,0.573,-0.017,0.754,0.0,-0.584,-0.667,-0.65,0.747,0.614,0.246,-0.495,-0.61,0.821,-0.135,0.726,-0.647,0.608,-0.545,0.274,0.726,0.139,-0.516,-0.258,0.445,0.384,0.645,0.664,0.484,0.105,0.582,-0.104,0.722,-0.14,0.276,0.44,0.086,-0.054
AMZN,0.562,0.562,0.211,0.577,0.557,1.0,0.667,0.069,0.489,0.14,-0.08,0.164,-0.271,0.296,0.333,0.306,0.378,0.34,0.395,0.186,-0.427,-0.028,-0.159,0.394,0.132,0.109,0.589,0.008,0.43,0.25,-0.104,0.532,0.499,0.538,0.056,0.647,0.164,-0.157,-0.313,0.431,-0.201,0.06,0.371,0.582,0.412,0.488,0.577,0.344,0.495,0.525,-0.494,0.524,0.408,0.515,0.442,0.304,-0.167,0.034,-0.111,0.578,0.43,-0.254,0.421,0.343,0.247,0.38,0.056,-0.323,-0.436,-0.37,0.455,0.191,0.374,-0.521,-0.291,0.674,-0.269,0.579,-0.316,0.234,-0.163,0.585,0.59,0.106,-0.137,0.098,0.334,0.357,0.387,0.199,0.447,0.228,0.431,0.182,0.446,-0.241,0.289,0.406,0.367,-0.264
APA,0.561,0.541,0.072,0.799,0.771,0.667,1.0,0.416,0.732,0.454,-0.196,0.287,-0.356,0.578,0.574,0.198,0.573,0.359,0.546,0.433,-0.547,0.104,-0.461,0.571,0.418,-0.103,0.71,0.111,0.613,0.371,-0.277,0.491,0.466,0.748,0.061,0.736,-0.145,-0.339,-0.4,0.331,-0.266,0.148,0.32,0.637,0.277,0.645,0.782,0.551,0.293,0.563,-0.472,0.751,0.552,0.552,0.706,-0.098,0.181,0.257,-0.023,0.799,0.423,-0.031,0.541,0.392,0.08,0.641,-0.034,-0.426,-0.415,-0.46,0.531,0.417,0.463,-0.499,-0.476,0.841,-0.116,0.668,-0.449,0.462,-0.51,0.385,0.715,0.038,-0.223,-0.211,0.378,0.433,0.575,0.45,0.323,0.264,0.485,0.12,0.561,-0.169,0.504,0.423,0.224,-0.037
ARDX,0.361,0.48,-0.403,0.515,0.483,0.069,0.416,1.0,0.599,0.74,-0.41,-0.003,-0.382,0.524,0.651,-0.315,0.534,-0.016,0.575,0.481,-0.442,-0.121,-0.683,0.687,0.05,-0.634,0.337,-0.096,0.566,0.488,-0.383,0.445,0.442,0.509,-0.321,0.577,-0.481,-0.51,-0.462,0.068,-0.372,0.562,0.127,0.41,-0.129,0.378,0.526,0.629,-0.074,0.419,-0.188,0.574,0.618,0.289,0.568,-0.486,0.577,0.503,0.249,0.608,0.401,0.428,0.562,0.422,-0.476,0.654,-0.336,-0.556,-0.489,-0.514,0.576,0.77,-0.086,-0.19,-0.712,0.503,-0.093,0.191,-0.566,0.722,-0.694,-0.207,0.489,-0.117,-0.483,-0.557,0.007,0.302,0.577,0.57,-0.18,-0.318,0.352,-0.389,0.145,0.085,0.132,0.024,-0.191,0.201
AVGO,0.499,0.652,-0.179,0.775,0.787,0.489,0.732,0.599,1.0,0.698,-0.358,0.248,-0.42,0.663,0.773,-0.083,0.748,0.261,0.78,0.616,-0.587,-0.035,-0.663,0.767,0.166,-0.473,0.683,-0.052,0.77,0.548,-0.441,0.716,0.711,0.697,-0.111,0.694,-0.334,-0.606,-0.506,0.243,-0.362,0.359,0.376,0.542,0.097,0.695,0.753,0.739,0.225,0.613,-0.457,0.832,0.852,0.576,0.677,-0.315,0.396,0.543,0.127,0.789,0.555,0.357,0.695,0.491,-0.109,0.746,-0.123,-0.672,-0.585,-0.658,0.745,0.678,0.287,-0.472,-0.754,0.687,-0.152,0.586,-0.686,0.767,-0.672,0.197,0.641,-0.085,-0.354,-0.497,0.255,0.334,0.685,0.709,0.169,0.02,0.452,-0.237,0.469,-0.119,0.299,0.268,0.034,0.075
AZN,0.288,0.629,-0.301,0.564,0.616,0.14,0.454,0.74,0.698,1.0,-0.329,0.147,-0.506,0.641,0.728,-0.284,0.705,0.014,0.721,0.557,-0.536,0.047,-0.724,0.815,0.123,-0.563,0.428,-0.012,0.657,0.561,-0.289,0.423,0.414,0.575,-0.223,0.631,-0.562,-0.555,-0.406,0.015,-0.323,0.488,0.115,0.356,-0.019,0.57,0.593,0.662,-0.108,0.397,-0.255,0.698,0.674,0.531,0.584,-0.414,0.587,0.586,0.229,0.634,0.488,0.5,0.671,0.566,-0.387,0.742,-0.364,-0.707,-0.507,-0.581,0.691,0.79,-0.068,-0.201,-0.764,0.499,-0.044,0.407,-0.613,0.695,-0.649,0.044,0.497,-0.117,-0.511,-0.64,0.145,0.332,0.639,0.668,-0.031,-0.281,0.299,-0.348,0.309,0.026,0.163,0.119,-0.005,0.273
BIDU,-0.431,0.086,0.59,-0.444,-0.422,-0.08,-0.196,-0.41,-0.358,-0.329,1.0,0.712,-0.005,0.021,-0.426,0.346,-0.119,0.334,-0.384,0.022,0.316,0.253,0.291,-0.38,0.581,0.355,0.039,0.501,-0.474,-0.406,0.225,-0.464,-0.475,-0.339,0.663,-0.397,0.196,0.133,0.767,-0.313,0.813,-0.677,-0.424,-0.395,-0.297,-0.19,-0.387,-0.504,0.039,-0.422,0.372,-0.335,-0.446,-0.304,-0.423,0.203,-0.03,-0.31,-0.431,-0.485,-0.291,-0.363,-0.399,-0.446,0.325,-0.436,0.09,0.256,0.649,0.494,-0.359,-0.49,0.21,0.433,0.355,-0.401,0.169,-0.099,0.549,-0.357,0.288,0.249,-0.494,0.294,0.7,0.045,0.329,-0.209,-0.091,-0.417,-0.059,0.462,-0.414,0.409,-0.066,-0.091,-0.075,-0.15,0.3,0.338
BILI,-0.113,0.511,0.458,0.095,0.12,0.164,0.287,-0.003,0.248,0.147,0.712,1.0,-0.273,0.524,0.071,0.203,0.347,0.352,0.118,0.449,-0.131,0.243,-0.164,0.153,0.747,0.009,0.456,0.357,0.046,0.071,-0.205,-0.009,-0.047,0.115,0.555,0.062,-0.072,-0.369,0.486,-0.237,0.599,-0.397,-0.24,0.047,-0.263,0.375,0.138,0.093,0.207,-0.036,0.022,0.224,0.108,0.121,0.121,-0.031,0.339,0.133,-0.247,0.049,0.159,-0.058,0.139,-0.055,0.214,0.109,0.093,-0.167,0.313,0.054,0.126,0.057,0.304,0.073,-0.189,0.072,0.177,0.376,0.083,0.247,-0.291,0.27,-0.032,0.284,0.39,-0.307,0.567,0.007,0.41,0.09,0.05,0.398,-0.107,0.155,0.278,-0.16,0.049,0.024,0.253,0.35
BKR,-0.08,-0.493,-0.207,-0.353,-0.442,-0.271,-0.356,-0.382,-0.42,-0.506,-0.005,-0.273,1.0,-0.375,-0.386,-0.007,-0.579,-0.295,-0.304,-0.362,0.302,-0.346,0.425,-0.472,-0.327,0.202,-0.499,-0.445,-0.356,-0.172,0.111,-0.217,-0.172,-0.351,-0.126,-0.278,0.377,0.189,-0.045,0.047,0.168,-0.004,0.151,-0.027,0.013,-0.147,-0.407,-0.25,0.032,-0.098,0.112,-0.35,-0.389,-0.126,-0.26,0.168,-0.19,-0.199,0.424,-0.383,-0.236,-0.047,-0.341,-0.132,0.273,-0.42,0.279,0.498,0.194,0.3,-0.32,-0.315,0.068,0.035,0.53,-0.323,0.012,-0.146,0.296,-0.457,0.313,-0.264,-0.243,-0.126,0.104,0.358,-0.294,-0.012,-0.376,-0.344,-0.005,-0.202,0.004,-0.172,-0.343,0.373,-0.076,-0.092,-0.22,-0.182
CAN,0.309,0.63,-0.048,0.52,0.655,0.296,0.578,0.524,0.663,0.641,0.021,0.524,-0.375,1.0,0.623,-0.238,0.627,0.197,0.55,0.729,-0.58,0.058,-0.666,0.637,0.419,-0.488,0.611,0.121,0.602,0.502,-0.44,0.415,0.386,0.587,-0.006,0.556,-0.473,-0.621,-0.264,-0.071,-0.154,0.091,-0.024,0.449,-0.091,0.782,0.551,0.54,0.05,0.412,-0.348,0.625,0.568,0.558,0.693,-0.29,0.666,0.481,0.147,0.622,0.401,0.24,0.569,0.326,-0.179,0.563,-0.123,-0.681,-0.419,-0.532,0.617,0.557,0.212,-0.295,-0.637,0.524,-0.023,0.638,-0.544,0.63,-0.651,0.14,0.421,0.178,-0.212,-0.541,0.507,0.203,0.774,0.614,0.181,-0.032,0.368,-0.093,0.474,-0.234,0.057,0.162,0.032,0.083
CHRD,0.357,0.639,-0.286,0.678,0.721,0.333,0.574,0.651,0.773,0.728,-0.426,0.071,-0.386,0.623,1.0,-0.327,0.705,0.052,0.664,0.547,-0.483,0.051,-0.767,0.807,0.027,-0.545,0.581,-0.054,0.788,0.717,-0.418,0.646,0.642,0.636,-0.353,0.632,-0.452,-0.588,-0.62,0.032,-0.511,0.419,0.252,0.441,-0.126,0.511,0.645,0.568,0.131,0.381,-0.281,0.71,0.79,0.412,0.706,-0.399,0.528,0.643,0.192,0.803,0.515,0.549,0.682,0.531,-0.309,0.677,-0.139,-0.693,-0.599,-0.519,0.692,0.717,0.105,-0.274,-0.73,0.595,0.058,0.336,-0.588,0.67,-0.686,0.038,0.57,-0.204,-0.555,-0.476,0.031,0.183,0.699,0.852,0.07,-0.204,0.294,-0.29,0.376,-0.047,0.041,0.01,-0.071,0.136
CMCSA,0.123,0.062,0.673,-0.01,-0.064,0.306,0.198,-0.315,-0.083,-0.284,0.346,0.203,-0.007,-0.238,-0.327,1.0,-0.045,0.311,-0.174,-0.304,0.005,0.377,0.374,-0.186,0.391,0.738,0.109,0.206,-0.214,-0.149,0.468,-0.191,-0.233,0.018,0.607,0.069,0.468,0.441,0.356,0.465,0.39,-0.176,0.277,-0.016,0.346,-0.067,0.067,-0.122,0.398,0.086,-0.156,-0.084,-0.204,0.08,-0.15,0.628,-0.563,-0.344,-0.32,-0.2,0.185,-0.451,-0.092,-0.082,0.623,-0.148,0.059,0.338,0.255,0.12,-0.114,-0.287,0.49,-0.146,0.233,0.038,-0.084,0.119,0.16,-0.265,0.325,0.607,0.003,0.212,0.36,0.395,0.273,0.245,-0.159,-0.438,0.212,0.691,0.086,0.487,0.336,-0.009,0.551,0.465,0.585,-0.096
CPRT,0.147,0.793,0.035,0.534,0.673,0.378,0.573,0.534,0.748,0.705,-0.119,0.347,-0.579,0.627,0.705,-0.045,1.0,0.239,0.609,0.692,-0.555,0.3,-0.762,0.824,0.374,-0.318,0.568,0.198,0.625,0.497,-0.348,0.562,0.518,0.487,0.113,0.561,-0.494,-0.52,-0.356,-0.075,-0.174,0.27,0.05,0.293,-0.186,0.485,0.614,0.535,0.047,0.247,-0.218,0.602,0.786,0.362,0.456,-0.364,0.508,0.495,-0.065,0.582,0.497,0.356,0.621,0.374,-0.135,0.671,-0.286,-0.625,-0.447,-0.444,0.712,0.622,0.116,-0.123,-0.617,0.441,-0.019,0.395,-0.477,0.737,-0.576,0.184,0.382,-0.077,-0.114,-0.649,0.188,0.142,0.713,0.666,0.036,0.133,0.103,-0.163,0.384,-0.206,0.143,0.063,0.101,0.345
CRWD,0.014,0.299,0.366,0.121,0.214,0.34,0.359,-0.016,0.261,0.014,0.334,0.352,-0.295,0.197,0.052,0.311,0.239,1.0,0.052,0.253,-0.15,0.127,-0.017,0.066,0.406,0.117,0.46,0.523,0.046,-0.235,-0.024,0.028,0.002,0.061,0.429,0.027,-0.004,-0.01,0.116,-0.069,0.212,-0.338,-0.186,-0.019,-0.001,0.129,0.111,-0.084,0.047,0.054,-0.071,0.267,0.023,-0.042,0.1,-0.018,-0.102,-0.166,-0.527,0.076,-0.049,-0.347,-0.052,-0.261,0.151,0.011,0.001,-0.271,0.089,-0.088,0.0,0.001,0.538,-0.119,-0.087,0.147,-0.167,0.236,-0.001,0.001,0.018,0.317,-0.076,0.284,0.261,-0.161,0.363,0.032,0.13,-0.05,0.336,0.39,-0.081,0.423,0.158,-0.291,0.261,0.099,0.199,0.152
CSCO,0.443,0.575,-0.318,0.707,0.705,0.395,0.546,0.575,0.78,0.721,-0.384,0.118,-0.304,0.55,0.664,-0.174,0.609,0.052,1.0,0.469,-0.439,-0.201,-0.557,0.793,0.082,-0.441,0.487,-0.19,0.788,0.552,-0.341,0.702,0.713,0.663,-0.283,0.701,-0.215,-0.509,-0.514,0.181,-0.35,0.411,0.449,0.523,0.152,0.615,0.715,0.714,0.227,0.495,-0.334,0.796,0.779,0.675,0.569,-0.184,0.363,0.687,0.358,0.767,0.62,0.529,0.753,0.729,-0.064,0.779,-0.123,-0.483,-0.564,-0.472,0.734,0.647,0.062,-0.359,-0.635,0.665,-0.021,0.553,-0.512,0.664,-0.524,0.123,0.665,-0.044,-0.463,-0.439,0.186,0.485,0.545,0.666,0.134,-0.126,0.384,-0.244,0.356,0.248,0.162,0.292,-0.038,0.097
CSX,-0.002,0.64,-0.05,0.363,0.383,0.186,0.433,0.481,0.616,0.557,0.022,0.449,-0.362,0.729,0.547,-0.304,0.692,0.253,0.469,1.0,-0.44,0.143,-0.71,0.583,0.395,-0.494,0.382,0.175,0.388,0.293,-0.456,0.383,0.378,0.296,0.089,0.342,-0.503,-0.686,-0.257,-0.37,-0.111,-0.025,-0.202,0.281,-0.422,0.47,0.271,0.465,-0.172,0.164,-0.082,0.474,0.534,0.201,0.381,-0.542,0.749,0.313,-0.109,0.412,0.154,0.263,0.352,0.068,-0.238,0.367,-0.24,-0.593,-0.233,-0.344,0.531,0.448,0.116,-0.089,-0.498,0.233,0.005,0.298,-0.401,0.61,-0.62,0.006,0.14,0.015,0.087,-0.73,0.144,-0.014,0.735,0.583,-0.102,-0.092,-0.015,-0.14,0.072,-0.214,-0.02,-0.202,-0.033,0.263
DKNG,-0.455,-0.567,0.126,-0.619,-0.64,-0.427,-0.547,-0.442,-0.587,-0.536,0.316,-0.131,0.302,-0.58,-0.483,0.005,-0.555,-0.15,-0.439,-0.44,1.0,-0.045,0.436,-0.573,-0.125,0.297,-0.492,0.253,-0.576,-0.565,0.342,-0.57,-0.522,-0.551,0.173,-0.64,0.275,0.58,0.49,-0.22,0.402,-0.434,-0.268,-0.634,-0.194,-0.697,-0.587,-0.603,-0.219,-0.582,0.799,-0.583,-0.642,-0.597,-0.688,0.126,-0.274,-0.198,-0.128,-0.53,-0.62,-0.044,-0.647,-0.45,-0.034,-0.614,0.154,0.686,0.653,0.828,-0.619,-0.599,-0.206,0.724,0.563,-0.555,0.471,-0.566,0.818,-0.521,0.524,-0.212,-0.523,0.067,0.461,0.315,-0.249,-0.4,-0.678,-0.549,-0.111,-0.013,-0.509,0.301,-0.405,0.447,-0.295,-0.383,-0.119,0.308
EBAY,-0.241,0.211,0.637,-0.027,-0.014,-0.028,0.104,-0.121,-0.035,0.047,0.253,0.243,-0.346,0.058,0.051,0.377,0.3,0.127,-0.201,0.143,-0.045,1.0,-0.172,0.064,0.442,0.418,0.061,0.433,-0.113,-0.01,0.287,-0.241,-0.302,-0.004,0.505,-0.043,-0.179,0.131,0.272,-0.133,0.211,-0.275,-0.191,-0.24,-0.221,-0.168,-0.037,-0.117,-0.06,-0.294,0.065,-0.171,-0.077,-0.125,-0.076,0.062,0.129,-0.121,-0.419,-0.105,0.034,-0.075,-0.036,-0.168,0.065,-0.087,-0.302,-0.065,0.285,0.065,-0.033,-0.148,0.227,0.224,0.028,-0.148,0.043,-0.167,0.042,-0.006,-0.027,0.335,-0.141,-0.096,0.237,-0.173,0.029,-0.212,0.079,0.041,-0.19,0.411,-0.227,0.394,0.104,-0.263,0.108,0.0,0.424,0.271
ERIC,-0.179,-0.607,0.227,-0.557,-0.581,-0.159,-0.461,-0.683,-0.663,-0.724,0.291,-0.164,0.425,-0.666,-0.767,0.374,-0.762,-0.017,-0.557,-0.71,0.436,-0.172,1.0,-0.754,-0.143,0.572,-0.417,-0.118,-0.604,-0.463,0.458,-0.478,-0.467,-0.491,0.234,-0.551,0.602,0.603,0.504,0.147,0.343,-0.332,0.005,-0.365,0.3,-0.38,-0.528,-0.497,0.144,-0.256,0.095,-0.525,-0.697,-0.231,-0.488,0.517,-0.695,-0.532,-0.145,-0.638,-0.294,-0.487,-0.529,-0.29,0.39,-0.585,0.253,0.598,0.409,0.415,-0.678,-0.665,0.005,0.048,0.595,-0.414,-0.075,-0.218,0.48,-0.681,0.742,0.051,-0.391,0.176,0.284,0.766,0.013,-0.078,-0.722,-0.698,0.092,0.21,-0.164,0.253,-0.189,0.11,0.096,0.137,0.114,-0.304
EXC,0.295,0.742,-0.219,0.647,0.687,0.394,0.571,0.687,0.767,0.815,-0.38,0.153,-0.472,0.637,0.807,-0.186,0.824,0.066,0.793,0.583,-0.573,0.064,-0.754,1.0,0.219,-0.467,0.517,-0.087,0.762,0.664,-0.378,0.635,0.598,0.6,-0.164,0.747,-0.528,-0.565,-0.525,0.022,-0.342,0.551,0.193,0.437,-0.047,0.574,0.706,0.728,0.074,0.41,-0.301,0.754,0.827,0.519,0.603,-0.325,0.512,0.627,0.236,0.758,0.634,0.547,0.824,0.613,-0.274,0.794,-0.274,-0.671,-0.599,-0.503,0.757,0.819,-0.01,-0.293,-0.742,0.621,0.023,0.435,-0.565,0.792,-0.623,0.112,0.604,-0.196,-0.454,-0.596,0.083,0.318,0.646,0.739,-0.006,-0.18,0.286,-0.266,0.325,-0.038,0.142,0.123,0.004,0.15
FITB,-0.17,0.419,0.522,0.076,0.105,0.132,0.418,0.05,0.166,0.123,0.581,0.747,-0.327,0.419,0.027,0.391,0.374,0.406,0.082,0.395,-0.125,0.442,-0.143,0.219,1.0,0.194,0.346,0.475,0.036,-0.024,0.024,-0.165,-0.212,0.127,0.698,0.143,-0.165,-0.119,0.38,-0.192,0.514,-0.361,-0.253,-0.073,-0.203,0.206,0.178,0.083,0.035,-0.115,0.059,0.175,0.021,0.067,0.065,-0.014,0.254,0.016,-0.342,0.069,0.121,-0.099,0.11,-0.096,0.189,0.127,-0.096,-0.045,0.293,0.171,0.052,-0.023,0.408,0.098,-0.074,0.133,0.252,0.255,0.164,0.169,-0.144,0.353,0.012,0.17,0.444,-0.282,0.397,0.046,0.264,0.019,-0.047,0.535,-0.132,0.424,0.236,-0.194,0.228,0.168,0.373,0.303
FLEX,-0.063,-0.266,0.676,-0.333,-0.32,0.109,-0.103,-0.634,-0.473,-0.563,0.355,0.009,0.202,-0.488,-0.545,0.738,-0.318,0.117,-0.441,-0.494,0.297,0.418,0.572,-0.467,0.194,1.0,-0.198,0.197,-0.368,-0.371,0.597,-0.434,-0.461,-0.192,0.547,-0.239,0.484,0.697,0.375,0.276,0.395,-0.421,0.137,-0.263,0.323,-0.343,-0.221,-0.384,0.237,-0.214,0.083,-0.445,-0.537,-0.133,-0.425,0.634,-0.624,-0.372,-0.26,-0.437,-0.109,-0.41,-0.323,-0.188,0.61,-0.349,0.066,0.503,0.399,0.386,-0.427,-0.604,0.342,0.115,0.556,-0.224,-0.023,-0.159,0.452,-0.596,0.603,0.49,-0.167,0.121,0.43,0.6,0.038,0.067,-0.478,-0.521,0.081,0.558,-0.114,0.552,0.043,0.074,0.306,0.333,0.495,-0.06
FTNT,0.546,0.572,0.083,0.664,0.73,0.589,0.71,0.337,0.683,0.428,0.039,0.456,-0.499,0.611,0.581,0.109,0.568,0.46,0.487,0.382,-0.492,0.061,-0.417,0.517,0.346,-0.198,1.0,0.298,0.617,0.467,-0.399,0.44,0.426,0.737,0.026,0.613,-0.096,-0.372,-0.187,0.313,-0.127,0.098,0.259,0.515,0.23,0.607,0.751,0.386,0.449,0.554,-0.36,0.731,0.51,0.501,0.61,-0.083,0.177,0.332,-0.089,0.708,0.516,0.044,0.573,0.393,0.13,0.559,0.212,-0.527,-0.368,-0.442,0.543,0.404,0.319,-0.322,-0.488,0.708,-0.033,0.637,-0.414,0.438,-0.378,0.354,0.571,0.201,-0.231,-0.145,0.562,0.287,0.649,0.477,0.43,0.329,0.474,0.032,0.698,-0.197,0.319,0.382,0.147,0.073
GEN,-0.239,0.134,0.475,-0.168,0.028,0.008,0.111,-0.096,-0.052,-0.012,0.501,0.357,-0.445,0.121,-0.054,0.206,0.198,0.523,-0.19,0.175,0.253,0.433,-0.118,-0.087,0.475,0.197,0.298,1.0,-0.195,-0.353,0.19,-0.383,-0.401,-0.044,0.538,-0.168,-0.19,0.278,0.405,-0.225,0.362,-0.575,-0.4,-0.351,-0.199,-0.224,-0.041,-0.353,-0.255,-0.279,0.456,-0.075,-0.24,-0.264,-0.155,-0.038,0.048,-0.207,-0.592,-0.091,-0.348,-0.296,-0.302,-0.405,-0.057,-0.23,-0.093,-0.023,0.383,0.308,-0.14,-0.271,0.207,0.494,0.131,-0.12,0.261,-0.082,0.338,-0.116,0.135,0.327,-0.302,0.265,0.472,-0.127,0.28,-0.323,-0.034,-0.164,0.151,0.448,-0.291,0.544,0.163,-0.174,0.004,-0.127,0.324,0.462
GERN,0.592,0.526,-0.335,0.733,0.809,0.43,0.613,0.566,0.77,0.657,-0.474,0.046,-0.356,0.602,0.788,-0.214,0.625,0.046,0.788,0.388,-0.576,-0.113,-0.604,0.762,0.036,-0.368,0.617,-0.195,1.0,0.711,-0.359,0.693,0.696,0.789,-0.391,0.748,-0.305,-0.461,-0.658,0.322,-0.566,0.487,0.478,0.562,0.278,0.672,0.785,0.708,0.298,0.575,-0.486,0.739,0.789,0.672,0.657,-0.189,0.338,0.77,0.361,0.847,0.689,0.542,0.845,0.778,-0.066,0.889,-0.043,-0.583,-0.746,-0.625,0.674,0.672,0.12,-0.476,-0.698,0.748,-0.055,0.553,-0.632,0.638,-0.539,0.118,0.792,-0.063,-0.608,-0.297,0.181,0.425,0.648,0.811,0.188,-0.117,0.533,-0.244,0.501,0.051,0.122,0.432,-0.062,-0.039
GEVO,0.461,0.482,-0.293,0.582,0.595,0.25,0.371,0.488,0.548,0.561,-0.406,0.071,-0.172,0.502,0.717,-0.149,0.497,-0.235,0.552,0.293,-0.565,-0.01,-0.463,0.664,-0.024,-0.371,0.467,-0.353,0.711,1.0,-0.376,0.59,0.575,0.606,-0.403,0.614,-0.135,-0.526,-0.455,0.246,-0.393,0.615,0.408,0.509,0.099,0.614,0.601,0.609,0.421,0.467,-0.479,0.571,0.668,0.588,0.695,-0.079,0.344,0.667,0.415,0.615,0.803,0.517,0.783,0.722,-0.003,0.657,0.063,-0.487,-0.59,-0.591,0.612,0.702,-0.03,-0.427,-0.531,0.507,-0.003,0.465,-0.629,0.622,-0.519,0.02,0.562,-0.036,-0.609,-0.2,0.187,0.335,0.641,0.756,0.14,-0.128,0.45,-0.468,0.501,0.104,0.065,0.266,-0.051,-0.062
GILD,-0.225,-0.23,0.321,-0.423,-0.383,-0.104,-0.277,-0.383,-0.441,-0.289,0.225,-0.205,0.111,-0.44,-0.418,0.468,-0.348,-0.024,-0.341,-0.456,0.342,0.287,0.458,-0.378,0.024,0.597,-0.399,0.19,-0.359,-0.376,1.0,-0.521,-0.52,-0.301,0.34,-0.252,0.146,0.72,0.363,0.185,0.233,-0.285,0.055,-0.401,0.218,-0.414,-0.379,-0.282,-0.21,-0.239,0.189,-0.439,-0.501,-0.165,-0.431,0.55,-0.395,-0.345,-0.224,-0.424,-0.29,-0.311,-0.371,-0.148,0.187,-0.35,-0.292,0.401,0.299,0.304,-0.352,-0.53,0.178,0.21,0.362,-0.303,-0.035,-0.314,0.358,-0.517,0.442,0.465,-0.202,0.079,0.176,0.359,-0.076,0.012,-0.49,-0.457,-0.112,0.174,-0.158,0.495,-0.158,0.127,0.204,0.208,0.595,-0.055
GOOG,0.453,0.54,-0.288,0.71,0.645,0.532,0.491,0.445,0.716,0.423,-0.464,-0.009,-0.217,0.415,0.646,-0.191,0.562,0.028,0.702,0.383,-0.57,-0.241,-0.478,0.635,-0.165,-0.434,0.44,-0.383,0.693,0.59,-0.521,1.0,0.988,0.525,-0.39,0.57,-0.066,-0.583,-0.648,0.18,-0.514,0.434,0.434,0.608,0.065,0.505,0.61,0.535,0.385,0.453,-0.498,0.632,0.882,0.469,0.578,-0.163,0.234,0.497,0.304,0.668,0.604,0.322,0.684,0.541,-0.025,0.644,-0.028,-0.494,-0.651,-0.577,0.613,0.593,0.024,-0.535,-0.569,0.577,-0.221,0.382,-0.604,0.665,-0.506,0.012,0.562,-0.158,-0.434,-0.296,0.038,0.312,0.547,0.641,0.139,-0.089,0.36,-0.388,0.298,-0.031,0.042,0.126,-0.168,-0.145
GOOGL,0.474,0.485,-0.358,0.705,0.616,0.499,0.466,0.442,0.711,0.414,-0.475,-0.047,-0.172,0.386,0.642,-0.233,0.518,0.002,0.713,0.378,-0.522,-0.302,-0.467,0.598,-0.212,-0.461,0.426,-0.401,0.696,0.575,-0.52,0.988,1.0,0.536,-0.447,0.558,-0.036,-0.583,-0.664,0.198,-0.528,0.431,0.462,0.608,0.085,0.477,0.585,0.525,0.372,0.477,-0.465,0.633,0.865,0.454,0.548,-0.193,0.24,0.514,0.332,0.671,0.568,0.346,0.658,0.552,-0.019,0.64,0.003,-0.468,-0.645,-0.558,0.598,0.56,0.011,-0.514,-0.551,0.575,-0.209,0.354,-0.583,0.629,-0.487,-0.018,0.572,-0.162,-0.44,-0.277,0.006,0.331,0.537,0.639,0.126,-0.125,0.372,-0.402,0.26,0.017,0.027,0.123,-0.198,-0.138
GT,0.839,0.427,-0.145,0.839,0.788,0.538,0.748,0.509,0.697,0.575,-0.339,0.115,-0.351,0.587,0.636,0.018,0.487,0.061,0.663,0.296,-0.551,-0.004,-0.491,0.6,0.127,-0.192,0.737,-0.044,0.789,0.606,-0.301,0.525,0.536,1.0,-0.242,0.835,-0.056,-0.322,-0.474,0.586,-0.429,0.365,0.565,0.692,0.472,0.661,0.878,0.614,0.432,0.743,-0.529,0.723,0.563,0.712,0.753,-0.024,0.217,0.506,0.289,0.841,0.632,0.235,0.746,0.69,0.081,0.778,0.002,-0.5,-0.551,-0.614,0.66,0.492,0.229,-0.477,-0.541,0.849,-0.121,0.636,-0.608,0.443,-0.462,0.325,0.841,0.03,-0.526,-0.097,0.369,0.559,0.614,0.589,0.303,0.105,0.761,-0.137,0.657,0.049,0.399,0.586,0.139,-0.052
HBAN,-0.331,0.15,0.773,-0.318,-0.251,0.056,0.061,-0.321,-0.111,-0.223,0.663,0.555,-0.126,-0.006,-0.353,0.607,0.113,0.429,-0.283,0.089,0.173,0.505,0.234,-0.164,0.698,0.547,0.026,0.538,-0.391,-0.403,0.34,-0.39,-0.447,-0.242,1.0,-0.232,0.059,0.264,0.584,-0.133,0.69,-0.542,-0.276,-0.381,-0.139,-0.131,-0.198,-0.197,-0.025,-0.3,0.247,-0.245,-0.303,-0.169,-0.308,0.241,-0.132,-0.343,-0.503,-0.41,-0.175,-0.369,-0.303,-0.395,0.342,-0.301,-0.129,0.189,0.528,0.349,-0.215,-0.355,0.433,0.274,0.21,-0.279,0.13,-0.017,0.364,-0.17,0.227,0.409,-0.346,0.139,0.738,0.025,0.256,-0.096,-0.188,-0.415,-0.039,0.614,-0.34,0.489,0.06,-0.155,0.289,0.07,0.484,0.314
HST,0.744,0.591,-0.204,0.785,0.752,0.647,0.736,0.577,0.694,0.631,-0.397,0.062,-0.278,0.556,0.632,0.069,0.561,0.027,0.701,0.342,-0.64,-0.043,-0.551,0.747,0.143,-0.239,0.613,-0.168,0.748,0.614,-0.252,0.57,0.558,0.835,-0.232,1.0,-0.174,-0.384,-0.584,0.534,-0.404,0.518,0.508,0.741,0.399,0.689,0.842,0.725,0.322,0.75,-0.569,0.776,0.651,0.75,0.683,-0.024,0.246,0.403,0.336,0.839,0.703,0.196,0.785,0.716,0.0,0.756,-0.093,-0.497,-0.651,-0.613,0.743,0.623,0.214,-0.553,-0.617,0.866,-0.171,0.643,-0.616,0.541,-0.49,0.359,0.86,-0.06,-0.543,-0.205,0.227,0.555,0.659,0.515,0.234,-0.053,0.727,-0.152,0.526,-0.014,0.365,0.52,0.181,-0.148
INTC,0.215,-0.36,0.205,-0.029,-0.257,0.164,-0.145,-0.481,-0.334,-0.562,0.196,-0.072,0.377,-0.473,-0.452,0.468,-0.494,-0.004,-0.215,-0.503,0.275,-0.179,0.602,-0.528,-0.165,0.484,-0.096,-0.19,-0.305,-0.135,0.146,-0.066,-0.036,-0.056,0.059,-0.174,1.0,0.324,0.237,0.398,0.225,-0.144,0.311,0.047,0.371,-0.195,-0.127,-0.366,0.644,-0.01,-0.107,-0.256,-0.38,-0.012,-0.197,0.613,-0.667,-0.285,-0.028,-0.293,0.032,-0.342,-0.262,-0.054,0.695,-0.316,0.535,0.559,0.324,0.217,-0.269,-0.445,0.154,-0.116,0.514,-0.099,-0.093,0.03,0.285,-0.556,0.482,0.122,-0.075,0.268,0.217,0.653,0.133,0.233,-0.315,-0.463,0.341,0.39,0.048,0.109,0.11,0.335,0.206,0.254,0.105,-0.246
IOVA,-0.127,-0.579,0.298,-0.501,-0.389,-0.157,-0.339,-0.51,-0.606,-0.555,0.133,-0.369,0.189,-0.621,-0.588,0.441,-0.52,-0.01,-0.509,-0.686,0.58,0.131,0.603,-0.565,-0.119,0.697,-0.372,0.278,-0.461,-0.526,0.72,-0.583,-0.583,-0.322,0.264,-0.384,0.324,1.0,0.358,0.267,0.186,-0.325,-0.009,-0.455,0.332,-0.558,-0.335,-0.518,-0.15,-0.287,0.332,-0.532,-0.676,-0.308,-0.522,0.494,-0.633,-0.412,-0.204,-0.465,-0.397,-0.391,-0.496,-0.307,0.184,-0.471,0.007,0.611,0.343,0.519,-0.54,-0.646,0.015,0.317,0.568,-0.295,0.148,-0.358,0.558,-0.64,0.74,0.243,-0.278,0.196,0.26,0.638,-0.051,-0.144,-0.718,-0.66,0.161,0.242,-0.108,0.552,-0.069,0.216,0.152,0.193,0.29,-0.11
IQ,-0.464,-0.21,0.529,-0.521,-0.552,-0.313,-0.4,-0.462,-0.506,-0.406,0.767,0.486,-0.045,-0.264,-0.62,0.356,-0.356,0.116,-0.514,-0.257,0.49,0.272,0.504,-0.525,0.38,0.375,-0.187,0.405,-0.658,-0.455,0.363,-0.648,-0.664,-0.474,0.584,-0.584,0.237,0.358,1.0,-0.229,0.791,-0.544,-0.409,-0.508,-0.186,-0.378,-0.495,-0.487,-0.069,-0.446,0.405,-0.461,-0.626,-0.42,-0.482,0.278,-0.19,-0.368,-0.455,-0.62,-0.366,-0.382,-0.517,-0.512,0.169,-0.526,0.081,0.421,0.784,0.542,-0.5,-0.544,-0.007,0.455,0.411,-0.513,0.201,-0.243,0.597,-0.372,0.366,0.127,-0.555,0.356,0.568,0.199,0.339,-0.289,-0.393,-0.596,-0.089,0.369,-0.416,0.392,-0.124,-0.016,-0.053,-0.134,0.288,0.237
JBLU,0.825,-0.062,-0.017,0.411,0.346,0.431,0.331,0.068,0.243,0.015,-0.313,-0.237,0.047,-0.071,0.032,0.465,-0.075,-0.069,0.181,-0.37,-0.22,-0.133,0.147,0.022,-0.192,0.276,0.313,-0.225,0.322,0.246,0.185,0.18,0.198,0.586,-0.133,0.534,0.398,0.267,-0.229,1.0,-0.274,0.35,0.778,0.479,0.803,0.282,0.508,0.302,0.512,0.709,-0.508,0.257,0.104,0.525,0.277,0.484,-0.442,0.034,0.257,0.321,0.455,-0.156,0.322,0.454,0.386,0.304,0.156,0.054,-0.358,-0.396,0.263,0.063,0.289,-0.489,-0.117,0.517,-0.254,0.373,-0.347,-0.036,0.082,0.424,0.595,0.116,-0.36,0.497,0.237,0.519,0.076,-0.053,0.376,0.213,0.798,0.005,0.543,0.155,0.522,0.779,0.286,-0.381
JD,-0.443,-0.022,0.504,-0.47,-0.473,-0.201,-0.266,-0.372,-0.362,-0.323,0.813,0.599,0.168,-0.154,-0.511,0.39,-0.174,0.212,-0.35,-0.111,0.402,0.211,0.343,-0.342,0.514,0.395,-0.127,0.362,-0.566,-0.393,0.233,-0.514,-0.528,-0.429,0.69,-0.404,0.225,0.186,0.791,-0.274,1.0,-0.479,-0.344,-0.424,-0.283,-0.252,-0.352,-0.385,0.015,-0.397,0.416,-0.311,-0.476,-0.334,-0.428,0.207,-0.109,-0.263,-0.307,-0.548,-0.26,-0.272,-0.404,-0.414,0.317,-0.421,0.085,0.387,0.76,0.557,-0.327,-0.38,0.22,0.47,0.415,-0.422,0.185,-0.124,0.608,-0.291,0.253,0.154,-0.475,0.168,0.666,0.029,0.229,-0.099,-0.296,-0.498,-0.102,0.422,-0.413,0.287,-0.17,0.096,0.005,-0.127,0.276,0.439
KDP,0.407,0.147,-0.563,0.433,0.352,0.06,0.148,0.562,0.359,0.488,-0.677,-0.397,-0.004,0.091,0.419,-0.176,0.27,-0.338,0.411,-0.025,-0.434,-0.275,-0.332,0.551,-0.361,-0.421,0.098,-0.575,0.487,0.615,-0.285,0.434,0.431,0.365,-0.542,0.518,-0.144,-0.325,-0.544,0.35,-0.479,1.0,0.419,0.441,0.233,0.314,0.454,0.552,0.173,0.508,-0.422,0.402,0.512,0.378,0.407,-0.122,0.083,0.393,0.499,0.423,0.559,0.445,0.581,0.577,-0.174,0.565,0.004,-0.267,-0.594,-0.52,0.511,0.725,-0.254,-0.4,-0.418,0.394,-0.169,0.206,-0.56,0.449,-0.332,-0.274,0.493,-0.238,-0.66,-0.139,-0.159,0.405,0.295,0.392,-0.001,-0.41,0.441,-0.585,0.174,0.147,0.16,0.204,-0.268,-0.177
KHC,0.703,0.077,-0.124,0.5,0.41,0.371,0.32,0.127,0.376,0.115,-0.424,-0.24,0.151,-0.024,0.252,0.277,0.05,-0.186,0.449,-0.202,-0.268,-0.191,0.005,0.193,-0.253,0.137,0.259,-0.4,0.478,0.408,0.055,0.434,0.462,0.565,-0.276,0.508,0.311,-0.009,-0.409,0.778,-0.344,0.419,1.0,0.554,0.569,0.295,0.536,0.43,0.553,0.654,-0.492,0.33,0.357,0.536,0.36,0.375,-0.271,0.294,0.43,0.423,0.55,0.137,0.443,0.612,0.401,0.403,0.083,-0.021,-0.443,-0.421,0.453,0.183,0.303,-0.461,-0.144,0.489,-0.251,0.309,-0.426,0.115,-0.135,0.331,0.622,-0.073,-0.446,0.314,0.06,0.591,0.16,0.265,0.178,0.121,0.656,-0.204,0.444,0.269,0.394,0.608,0.179,-0.247
LRCX,0.758,0.423,-0.198,0.808,0.63,0.582,0.637,0.41,0.542,0.356,-0.395,0.047,-0.027,0.449,0.441,-0.016,0.293,-0.019,0.523,0.281,-0.634,-0.24,-0.365,0.437,-0.073,-0.263,0.515,-0.351,0.562,0.509,-0.401,0.608,0.608,0.692,-0.381,0.741,0.047,-0.455,-0.508,0.479,-0.424,0.441,0.554,1.0,0.373,0.661,0.684,0.576,0.44,0.795,-0.643,0.675,0.527,0.647,0.714,0.059,0.197,0.241,0.347,0.71,0.576,0.03,0.608,0.525,0.152,0.568,0.188,-0.365,-0.537,-0.628,0.599,0.514,0.198,-0.658,-0.43,0.762,-0.254,0.605,-0.636,0.416,-0.492,0.177,0.72,0.132,-0.505,-0.056,0.307,0.521,0.639,0.392,0.333,-0.063,0.732,-0.256,0.472,-0.017,0.348,0.404,0.057,-0.327
LYFT,0.678,-0.199,-0.051,0.31,0.306,0.412,0.277,-0.129,0.097,-0.019,-0.297,-0.263,0.013,-0.091,-0.126,0.346,-0.186,-0.001,0.152,-0.422,-0.194,-0.221,0.3,-0.047,-0.203,0.323,0.23,-0.199,0.278,0.099,0.218,0.065,0.085,0.472,-0.139,0.399,0.371,0.332,-0.186,0.803,-0.283,0.233,0.569,0.373,1.0,0.293,0.393,0.267,0.384,0.612,-0.505,0.212,-0.03,0.552,0.201,0.487,-0.527,0.009,0.198,0.259,0.31,-0.178,0.213,0.451,0.385,0.306,0.243,0.047,-0.349,-0.324,0.088,-0.035,0.172,-0.526,-0.032,0.485,-0.216,0.451,-0.242,-0.186,0.243,0.36,0.568,0.222,-0.336,0.562,0.298,0.574,-0.087,-0.146,0.488,0.147,0.646,0.12,0.457,0.07,0.462,0.806,0.224,-0.518
MARA,0.566,0.546,-0.156,0.61,0.722,0.488,0.645,0.378,0.695,0.57,-0.19,0.375,-0.147,0.782,0.511,-0.067,0.485,0.129,0.615,0.47,-0.697,-0.168,-0.38,0.574,0.206,-0.343,0.607,-0.224,0.672,0.614,-0.414,0.505,0.477,0.661,-0.131,0.689,-0.195,-0.558,-0.378,0.282,-0.252,0.314,0.295,0.661,0.293,1.0,0.654,0.7,0.314,0.662,-0.639,0.739,0.572,0.842,0.753,-0.072,0.341,0.455,0.31,0.655,0.624,0.179,0.689,0.571,0.059,0.654,0.068,-0.593,-0.602,-0.693,0.621,0.604,0.244,-0.633,-0.6,0.663,-0.189,0.912,-0.661,0.567,-0.535,0.211,0.609,0.181,-0.407,-0.259,0.535,0.417,0.696,0.551,0.402,-0.078,0.613,-0.25,0.576,-0.107,0.263,0.45,0.043,-0.185
MCHP,0.725,0.505,-0.128,0.85,0.899,0.577,0.782,0.526,0.753,0.593,-0.387,0.138,-0.407,0.551,0.645,0.067,0.614,0.111,0.715,0.271,-0.587,-0.037,-0.528,0.706,0.178,-0.221,0.751,-0.041,0.785,0.601,-0.379,0.61,0.585,0.878,-0.198,0.842,-0.127,-0.335,-0.495,0.508,-0.352,0.454,0.536,0.684,0.393,0.654,1.0,0.636,0.425,0.689,-0.535,0.805,0.681,0.676,0.758,-0.044,0.144,0.502,0.247,0.866,0.687,0.226,0.783,0.656,0.074,0.803,0.025,-0.446,-0.58,-0.558,0.751,0.612,0.231,-0.461,-0.558,0.888,-0.086,0.669,-0.573,0.569,-0.493,0.305,0.832,0.026,-0.49,-0.164,0.375,0.544,0.591,0.576,0.368,0.203,0.671,-0.141,0.712,-0.008,0.398,0.552,0.116,-0.006
MDLZ,0.51,0.501,-0.325,0.598,0.599,0.344,0.551,0.629,0.739,0.662,-0.504,0.093,-0.25,0.54,0.568,-0.122,0.535,-0.084,0.714,0.465,-0.603,-0.117,-0.497,0.728,0.083,-0.384,0.386,-0.353,0.708,0.609,-0.282,0.535,0.525,0.614,-0.197,0.725,-0.366,-0.518,-0.487,0.302,-0.385,0.552,0.43,0.576,0.267,0.7,0.636,1.0,0.13,0.651,-0.485,0.663,0.674,0.64,0.61,-0.225,0.39,0.584,0.347,0.668,0.606,0.435,0.717,0.693,-0.159,0.779,-0.207,-0.515,-0.625,-0.641,0.713,0.666,0.048,-0.514,-0.715,0.636,-0.164,0.563,-0.649,0.709,-0.667,0.069,0.75,-0.108,-0.487,-0.343,0.149,0.548,0.571,0.6,-0.02,-0.234,0.514,-0.373,0.312,0.019,0.268,0.382,0.007,-0.074
META,0.501,0.201,0.232,0.436,0.265,0.495,0.293,-0.074,0.225,-0.108,0.039,0.207,0.032,0.05,0.131,0.398,0.047,0.047,0.227,-0.172,-0.219,-0.06,0.144,0.074,0.035,0.237,0.449,-0.255,0.298,0.421,-0.21,0.385,0.372,0.432,-0.025,0.322,0.644,-0.15,-0.069,0.512,0.015,0.173,0.553,0.44,0.384,0.314,0.425,0.13,1.0,0.366,-0.482,0.272,0.207,0.419,0.29,0.482,-0.357,0.153,0.086,0.254,0.584,0.006,0.352,0.393,0.621,0.245,0.447,0.03,-0.142,-0.253,0.237,0.122,0.305,-0.432,-0.038,0.378,-0.177,0.403,-0.21,0.026,0.022,0.258,0.396,0.13,-0.131,0.354,0.302,0.426,0.23,0.148,0.323,0.431,0.344,-0.074,0.489,0.119,0.26,0.488,0.09,-0.212
MNST,0.865,0.281,-0.234,0.667,0.618,0.525,0.563,0.419,0.613,0.397,-0.422,-0.036,-0.098,0.412,0.381,0.086,0.247,0.054,0.495,0.164,-0.582,-0.294,-0.256,0.41,-0.115,-0.214,0.554,-0.279,0.575,0.467,-0.239,0.453,0.477,0.743,-0.3,0.75,-0.01,-0.287,-0.446,0.709,-0.397,0.508,0.654,0.795,0.612,0.662,0.689,0.651,0.366,1.0,-0.674,0.674,0.464,0.683,0.636,0.081,0.039,0.255,0.318,0.66,0.555,0.023,0.57,0.544,0.115,0.599,0.089,-0.446,-0.626,-0.71,0.618,0.487,0.285,-0.683,-0.477,0.754,-0.35,0.626,-0.682,0.387,-0.382,0.29,0.76,0.149,-0.527,0.054,0.368,0.612,0.511,0.326,0.34,-0.059,0.888,-0.207,0.517,-0.094,0.473,0.612,0.112,-0.371
MRNA,-0.607,-0.27,0.074,-0.606,-0.564,-0.494,-0.472,-0.188,-0.457,-0.255,0.372,0.022,0.112,-0.348,-0.281,-0.156,-0.218,-0.071,-0.334,-0.082,0.799,0.065,0.095,-0.301,0.059,0.083,-0.36,0.456,-0.486,-0.479,0.189,-0.498,-0.465,-0.529,0.247,-0.569,-0.107,0.332,0.405,-0.508,0.416,-0.422,-0.492,-0.643,-0.505,-0.639,-0.535,-0.485,-0.482,-0.674,1.0,-0.484,-0.437,-0.636,-0.625,-0.213,0.107,-0.095,-0.143,-0.456,-0.609,0.097,-0.52,-0.434,-0.242,-0.493,-0.041,0.438,0.598,0.799,-0.48,-0.393,-0.316,0.912,0.381,-0.582,0.6,-0.592,0.759,-0.27,0.28,-0.295,-0.579,-0.06,0.524,-0.069,-0.318,-0.499,-0.435,-0.353,-0.268,-0.067,-0.642,0.144,-0.448,0.383,-0.376,-0.622,-0.163,0.604
MRVL,0.558,0.623,-0.236,0.801,0.798,0.524,0.751,0.574,0.832,0.698,-0.335,0.224,-0.35,0.625,0.71,-0.084,0.602,0.267,0.796,0.474,-0.583,-0.171,-0.525,0.754,0.175,-0.445,0.731,-0.075,0.739,0.571,-0.439,0.632,0.633,0.723,-0.245,0.776,-0.256,-0.532,-0.461,0.257,-0.311,0.402,0.33,0.675,0.212,0.739,0.805,0.663,0.272,0.674,-0.484,1.0,0.721,0.649,0.733,-0.244,0.334,0.491,0.162,0.857,0.602,0.29,0.747,0.56,-0.094,0.765,0.012,-0.614,-0.562,-0.568,0.679,0.718,0.225,-0.532,-0.718,0.829,-0.094,0.67,-0.567,0.666,-0.542,0.217,0.713,0.047,-0.507,-0.369,0.348,0.444,0.661,0.607,0.297,-0.052,0.538,-0.132,0.47,-0.036,0.339,0.337,0.024,-0.033
MSFT,0.36,0.676,-0.284,0.715,0.735,0.408,0.552,0.618,0.852,0.674,-0.446,0.108,-0.389,0.568,0.79,-0.204,0.786,0.023,0.779,0.534,-0.642,-0.077,-0.697,0.827,0.021,-0.537,0.51,-0.24,0.789,0.668,-0.501,0.882,0.865,0.563,-0.303,0.651,-0.38,-0.676,-0.626,0.104,-0.476,0.512,0.357,0.527,-0.03,0.572,0.681,0.674,0.207,0.464,-0.437,0.721,1.0,0.508,0.604,-0.332,0.437,0.615,0.287,0.736,0.659,0.49,0.772,0.583,-0.144,0.767,-0.155,-0.635,-0.689,-0.628,0.719,0.762,0.031,-0.442,-0.75,0.585,-0.109,0.41,-0.684,0.838,-0.664,0.038,0.58,-0.204,-0.446,-0.532,0.052,0.265,0.687,0.774,0.032,-0.1,0.33,-0.399,0.37,-0.112,0.064,0.125,-0.102,0.026
MSTR,0.674,0.43,-0.118,0.612,0.679,0.515,0.552,0.289,0.576,0.531,-0.304,0.121,-0.126,0.558,0.412,0.08,0.362,-0.042,0.675,0.201,-0.597,-0.125,-0.231,0.519,0.067,-0.133,0.501,-0.264,0.672,0.588,-0.165,0.469,0.454,0.712,-0.169,0.75,-0.012,-0.308,-0.42,0.525,-0.334,0.378,0.536,0.647,0.552,0.842,0.676,0.64,0.419,0.683,-0.636,0.649,0.508,1.0,0.634,0.21,0.112,0.403,0.419,0.629,0.73,0.185,0.692,0.756,0.222,0.63,0.068,-0.435,-0.635,-0.657,0.571,0.5,0.229,-0.606,-0.507,0.68,-0.183,0.827,-0.642,0.411,-0.279,0.336,0.69,0.147,-0.488,-0.031,0.447,0.515,0.509,0.426,0.43,0.002,0.694,-0.166,0.645,0.091,0.338,0.665,0.174,-0.278
MU,0.642,0.48,-0.196,0.791,0.817,0.442,0.706,0.568,0.677,0.584,-0.423,0.121,-0.26,0.693,0.706,-0.15,0.456,0.1,0.569,0.381,-0.688,-0.076,-0.488,0.603,0.065,-0.425,0.61,-0.155,0.657,0.695,-0.431,0.578,0.548,0.753,-0.308,0.683,-0.197,-0.522,-0.482,0.277,-0.428,0.407,0.36,0.714,0.201,0.753,0.758,0.61,0.29,0.636,-0.625,0.733,0.604,0.634,1.0,-0.127,0.338,0.43,0.27,0.777,0.576,0.151,0.643,0.509,-0.096,0.643,-0.006,-0.64,-0.57,-0.709,0.65,0.657,0.247,-0.596,-0.594,0.75,-0.185,0.673,-0.722,0.565,-0.657,0.148,0.654,0.086,-0.61,-0.223,0.428,0.418,0.631,0.632,0.361,-0.042,0.622,-0.259,0.606,-0.123,0.299,0.332,0.067,-0.142
MVIS,0.19,-0.098,0.468,-0.074,-0.124,0.304,-0.098,-0.486,-0.315,-0.414,0.203,-0.031,0.168,-0.29,-0.399,0.628,-0.364,-0.018,-0.184,-0.542,0.126,0.062,0.517,-0.325,-0.014,0.634,-0.083,-0.038,-0.189,-0.079,0.55,-0.163,-0.193,-0.024,0.241,-0.024,0.613,0.494,0.278,0.484,0.207,-0.122,0.375,0.059,0.487,-0.072,-0.044,-0.225,0.482,0.081,-0.213,-0.244,-0.332,0.21,-0.127,1.0,-0.651,-0.267,-0.019,-0.233,0.144,-0.381,-0.083,0.046,0.637,-0.232,0.192,0.409,0.166,0.073,-0.156,-0.338,0.281,-0.179,0.375,-0.031,-0.128,0.111,0.148,-0.442,0.423,0.581,0.018,0.303,0.083,0.59,0.254,0.278,-0.292,-0.411,0.307,0.385,0.165,0.368,0.289,0.14,0.253,0.47,0.579,-0.344
NFLX,-0.076,0.476,-0.264,0.235,0.224,-0.167,0.181,0.577,0.396,0.587,-0.03,0.339,-0.19,0.666,0.528,-0.563,0.508,-0.102,0.363,0.749,-0.274,0.129,-0.695,0.512,0.254,-0.624,0.177,0.048,0.338,0.344,-0.395,0.234,0.24,0.217,-0.132,0.246,-0.667,-0.633,-0.19,-0.442,-0.109,0.083,-0.271,0.197,-0.527,0.341,0.144,0.39,-0.357,0.039,0.107,0.334,0.437,0.112,0.338,-0.651,1.0,0.444,0.245,0.356,0.125,0.456,0.355,0.171,-0.524,0.355,-0.314,-0.516,-0.148,-0.227,0.364,0.459,-0.141,0.133,-0.515,0.128,0.185,0.086,-0.295,0.606,-0.672,-0.256,0.113,-0.106,-0.16,-0.756,0.021,-0.138,0.615,0.552,-0.306,-0.371,0.024,-0.332,-0.08,-0.024,-0.227,-0.334,-0.188,0.359
NNDM,0.291,0.364,-0.339,0.424,0.52,0.034,0.257,0.503,0.543,0.586,-0.31,0.133,-0.199,0.481,0.643,-0.344,0.495,-0.166,0.687,0.313,-0.198,-0.121,-0.532,0.627,0.016,-0.372,0.332,-0.207,0.77,0.667,-0.345,0.497,0.514,0.506,-0.343,0.403,-0.285,-0.412,-0.368,0.034,-0.263,0.393,0.294,0.241,0.009,0.455,0.502,0.584,0.153,0.255,-0.095,0.491,0.615,0.403,0.43,-0.267,0.444,1.0,0.462,0.567,0.536,0.78,0.682,0.666,-0.137,0.751,-0.035,-0.374,-0.43,-0.3,0.504,0.593,-0.112,-0.084,-0.534,0.396,0.211,0.316,-0.313,0.615,-0.521,-0.152,0.512,0.006,-0.443,-0.369,0.138,0.323,0.438,0.726,0.009,-0.231,0.234,-0.354,0.278,0.362,-0.138,0.136,-0.232,0.273
NVAX,0.377,-0.088,-0.547,0.225,0.172,-0.111,-0.023,0.249,0.127,0.229,-0.431,-0.247,0.424,0.147,0.192,-0.32,-0.065,-0.527,0.358,-0.109,-0.128,-0.419,-0.145,0.236,-0.342,-0.26,-0.089,-0.592,0.361,0.415,-0.224,0.304,0.332,0.289,-0.503,0.336,-0.028,-0.204,-0.455,0.257,-0.307,0.499,0.43,0.347,0.198,0.31,0.247,0.347,0.086,0.318,-0.143,0.162,0.287,0.419,0.27,-0.019,0.245,0.462,1.0,0.267,0.385,0.447,0.45,0.574,-0.032,0.337,0.091,-0.033,-0.347,-0.235,0.207,0.359,-0.214,-0.166,-0.168,0.22,0.071,0.194,-0.268,0.202,-0.225,-0.235,0.369,-0.171,-0.502,-0.011,-0.126,0.283,0.115,0.246,0.013,-0.447,0.468,-0.582,0.104,0.483,-0.052,0.15,-0.259,-0.084
NVDA,0.653,0.526,-0.31,0.869,0.87,0.578,0.799,0.608,0.789,0.634,-0.485,0.049,-0.383,0.622,0.803,-0.2,0.582,0.076,0.767,0.412,-0.53,-0.105,-0.638,0.758,0.069,-0.437,0.708,-0.091,0.847,0.615,-0.424,0.668,0.671,0.841,-0.41,0.839,-0.293,-0.465,-0.62,0.321,-0.548,0.423,0.423,0.71,0.259,0.655,0.866,0.668,0.254,0.66,-0.456,0.857,0.736,0.629,0.777,-0.233,0.356,0.567,0.267,1.0,0.563,0.32,0.759,0.654,-0.184,0.803,-0.022,-0.566,-0.668,-0.56,0.708,0.628,0.132,-0.456,-0.656,0.915,-0.062,0.6,-0.585,0.63,-0.606,0.164,0.859,-0.03,-0.605,-0.289,0.25,0.405,0.655,0.708,0.268,-0.104,0.602,-0.13,0.513,-0.039,0.22,0.328,-0.03,-0.073
NWL,0.578,0.543,-0.05,0.624,0.6,0.43,0.423,0.401,0.555,0.488,-0.291,0.159,-0.236,0.401,0.515,0.185,0.497,-0.049,0.62,0.154,-0.62,0.034,-0.294,0.634,0.121,-0.109,0.516,-0.348,0.689,0.803,-0.29,0.604,0.568,0.632,-0.175,0.703,0.032,-0.397,-0.366,0.455,-0.26,0.559,0.55,0.576,0.31,0.624,0.687,0.606,0.584,0.555,-0.609,0.602,0.659,0.73,0.576,0.144,0.125,0.536,0.385,0.563,1.0,0.361,0.845,0.774,0.26,0.683,0.103,-0.406,-0.554,-0.59,0.57,0.647,0.138,-0.547,-0.558,0.584,-0.09,0.555,-0.618,0.558,-0.345,0.228,0.622,0.044,-0.508,-0.087,0.295,0.466,0.578,0.533,0.22,0.112,0.549,-0.304,0.601,0.092,0.259,0.536,0.113,-0.135
OCGN,-0.013,0.216,-0.41,0.206,0.185,-0.254,-0.031,0.428,0.357,0.5,-0.363,-0.058,-0.047,0.24,0.549,-0.451,0.356,-0.347,0.529,0.263,-0.044,-0.075,-0.487,0.547,-0.099,-0.41,0.044,-0.296,0.542,0.517,-0.311,0.322,0.346,0.235,-0.369,0.196,-0.342,-0.391,-0.382,-0.156,-0.272,0.445,0.137,0.03,-0.178,0.179,0.226,0.435,0.006,0.023,0.097,0.29,0.49,0.185,0.151,-0.381,0.456,0.78,0.447,0.32,0.361,1.0,0.495,0.478,-0.218,0.508,-0.009,-0.286,-0.311,-0.124,0.304,0.534,-0.294,0.049,-0.429,0.077,0.338,-0.02,-0.208,0.454,-0.357,-0.348,0.252,-0.319,-0.377,-0.401,-0.29,0.096,0.284,0.609,-0.264,-0.37,-0.013,-0.434,-0.027,0.359,-0.214,-0.113,-0.335,0.218
