,AAL,AAPL,AGNC,AMAT,AMD,AMZN,APA,ARDX,AVGO,AZN,BIDU,BILI,BKR,CAN,CHRD,CMCSA,CPRT,CRWD,CSCO,CSX,DKNG,EBAY,ERIC,EXC,FITB,FLEX,FTNT,GEN,GERN,GEVO,GILD,GOOG,GOOGL,GT,HBAN,HST,INTC,IOVA,IQ,JBLU,JD,KDP,KHC,LRCX,LYFT,MARA,MCHP,MDLZ,META,MNST,MRNA,MRVL,MSFT,MSTR,MU,MVIS,NFLX,NNDM,NVAX,NVDA,NWL,OCGN,ON,OPK,PAA,PACB,PANW,PARA,PDD,PENN,PEP,PLUG,PTEN,PTON,PYPL,QCOM,QVCGA,RIOT,ROKU,RUN,SABR,SBUX,SMCI,SNDL,STNE,TCOM,TLRY,TMUS,TSCO,TSLA,TTD,TXN,UAL,VOD,VTRS,VXRT,WBA,WBD,WDC,ZM
AAL,1.0,-0.537,0.431,-0.322,-0.421,-0.63,0.623,-0.223,-0.146,0.598,-0.597,-0.646,0.409,-0.727,0.586,-0.6,-0.195,-0.5,-0.639,-0.437,-0.679,-0.458,-0.333,-0.689,0.63,-0.164,-0.377,-0.403,0.004,0.287,-0.262,-0.558,-0.549,0.659,0.407,0.615,-0.201,0.653,-0.693,0.868,-0.655,-0.635,0.283,-0.323,0.669,-0.406,-0.051,-0.584,-0.685,-0.729,-0.442,-0.155,-0.566,-0.515,-0.24,-0.619,0.072,-0.306,-0.414,-0.526,-0.637,-0.257,-0.01,0.164,0.446,-0.701,0.3,-0.047,-0.734,-0.243,-0.694,0.457,0.603,-0.547,-0.656,-0.689,0.151,-0.596,-0.351,-0.314,0.821,-0.558,0.483,-0.583,-0.651,0.03,-0.397,-0.287,0.266,0.552,-0.125,0.296,0.833,-0.485,-0.314,-0.386,-0.53,-0.521,-0.254,-0.655
AAPL,-0.537,1.0,-0.09,0.424,0.712,0.823,-0.482,0.634,0.295,-0.393,0.778,0.719,-0.366,0.618,-0.534,0.708,0.319,0.741,0.795,0.797,0.646,0.667,0.605,0.668,-0.474,0.469,0.752,0.722,0.468,-0.033,0.269,0.839,0.823,-0.568,-0.039,-0.374,0.329,-0.295,0.72,-0.529,0.768,0.558,-0.273,0.375,-0.561,0.689,0.217,0.6,0.709,0.789,0.554,0.369,0.661,0.742,0.353,0.868,0.157,0.667,0.674,0.794,0.786,0.207,-0.041,-0.116,-0.207,0.732,-0.286,0.584,0.768,0.771,0.755,0.005,-0.435,0.51,0.788,0.841,0.386,0.77,0.706,0.682,-0.489,0.724,-0.113,0.681,0.705,0.505,0.823,0.715,-0.159,-0.261,0.449,-0.219,-0.328,0.814,0.779,0.692,0.81,0.733,0.556,0.804
AGNC,0.431,-0.09,1.0,0.155,0.147,-0.114,0.446,0.188,0.303,0.47,-0.057,-0.14,0.377,-0.344,0.401,-0.233,0.174,-0.042,-0.146,0.009,-0.329,0.045,0.016,-0.185,0.417,0.339,0.102,-0.159,0.281,0.162,0.045,0.001,-0.013,0.431,0.38,0.595,0.23,0.387,-0.266,0.443,-0.109,-0.374,0.182,0.244,0.602,-0.009,0.381,-0.014,-0.35,-0.173,-0.057,0.302,-0.057,-0.063,0.271,0.026,0.104,0.118,-0.084,0.003,-0.109,0.031,0.247,0.158,0.409,-0.267,0.177,0.215,-0.164,0.005,-0.083,0.517,0.434,-0.366,-0.05,-0.119,0.495,-0.15,-0.016,0.02,0.428,-0.076,0.78,-0.126,-0.185,0.01,0.02,-0.022,0.344,0.414,0.415,0.452,0.361,-0.089,-0.032,-0.093,-0.164,-0.178,0.165,-0.272
AMAT,-0.322,0.424,0.155,1.0,0.566,0.622,-0.111,0.105,0.822,-0.374,0.482,0.406,-0.08,0.257,-0.319,0.07,0.728,0.525,0.443,0.232,0.288,0.648,0.257,0.668,-0.331,0.57,0.531,0.149,0.261,0.186,0.584,0.735,0.73,-0.279,-0.261,0.055,0.578,-0.243,0.251,-0.292,0.443,0.381,-0.256,0.898,-0.111,0.307,0.843,0.663,0.441,0.57,0.684,0.845,0.771,0.229,0.825,0.584,-0.427,0.471,0.513,0.692,0.484,0.65,0.795,0.382,-0.114,0.394,0.291,0.127,0.49,0.097,0.609,0.228,-0.311,0.54,0.586,0.483,0.078,0.364,0.362,0.286,-0.291,0.372,0.025,0.387,0.505,-0.329,0.345,0.163,0.523,-0.286,0.616,0.539,-0.497,0.283,0.019,0.442,0.418,0.234,0.265,0.403
AMD,-0.421,0.712,0.147,0.566,1.0,0.736,-0.038,0.506,0.394,-0.23,0.58,0.705,-0.226,0.493,-0.346,0.472,0.418,0.66,0.625,0.638,0.448,0.625,0.736,0.458,-0.279,0.656,0.768,0.47,0.415,0.038,0.177,0.746,0.747,-0.313,-0.007,-0.085,0.35,-0.249,0.581,-0.346,0.642,0.386,-0.288,0.505,-0.375,0.592,0.365,0.461,0.549,0.647,0.454,0.502,0.657,0.54,0.607,0.751,0.132,0.691,0.653,0.747,0.592,0.244,0.18,-0.116,-0.058,0.567,-0.142,0.551,0.668,0.523,0.579,0.241,-0.267,0.281,0.763,0.654,0.428,0.593,0.657,0.564,-0.365,0.523,0.043,0.728,0.563,0.307,0.754,0.556,-0.058,-0.058,0.7,0.016,-0.267,0.651,0.563,0.558,0.647,0.529,0.64,0.556
AMZN,-0.63,0.823,-0.114,0.622,0.736,1.0,-0.41,0.485,0.52,-0.478,0.818,0.767,-0.312,0.648,-0.508,0.52,0.514,0.765,0.832,0.735,0.697,0.744,0.628,0.797,-0.466,0.467,0.7,0.658,0.418,0.052,0.441,0.895,0.909,-0.507,-0.178,-0.306,0.447,-0.407,0.793,-0.569,0.758,0.683,-0.226,0.601,-0.556,0.603,0.439,0.775,0.823,0.904,0.698,0.57,0.835,0.644,0.528,0.818,-0.074,0.708,0.707,0.895,0.777,0.339,0.153,0.062,-0.234,0.823,-0.21,0.382,0.83,0.536,0.885,-0.083,-0.456,0.579,0.887,0.861,0.273,0.725,0.663,0.564,-0.664,0.706,-0.172,0.756,0.719,0.13,0.728,0.582,0.006,-0.294,0.525,-0.025,-0.547,0.689,0.588,0.683,0.769,0.648,0.535,0.696
APA,0.623,-0.482,0.446,-0.111,-0.038,-0.41,1.0,-0.237,-0.002,0.408,-0.56,-0.499,0.625,-0.6,0.648,-0.472,-0.044,-0.47,-0.473,-0.229,-0.579,-0.432,0.08,-0.536,0.71,0.162,-0.294,-0.483,-0.087,0.149,-0.301,-0.38,-0.348,0.783,0.541,0.765,0.149,0.389,-0.506,0.653,-0.466,-0.392,0.313,-0.118,0.538,-0.346,0.078,-0.55,-0.421,-0.478,-0.463,0.007,-0.336,-0.406,0.033,-0.497,0.173,-0.21,-0.345,-0.321,-0.522,-0.155,0.175,-0.099,0.626,-0.58,0.391,0.081,-0.518,-0.3,-0.551,0.364,0.702,-0.532,-0.417,-0.518,0.236,-0.525,-0.347,-0.295,0.709,-0.479,0.396,-0.282,-0.624,-0.093,-0.296,-0.382,0.198,0.716,0.003,0.491,0.629,-0.41,-0.254,-0.421,-0.413,-0.434,-0.118,-0.629
ARDX,-0.223,0.634,0.188,0.105,0.506,0.485,-0.237,1.0,0.024,-0.069,0.541,0.578,-0.165,0.377,-0.206,0.633,0.12,0.542,0.529,0.71,0.325,0.446,0.462,0.303,-0.131,0.293,0.619,0.561,0.672,0.003,-0.103,0.46,0.441,-0.161,0.276,-0.201,0.095,0.142,0.572,-0.187,0.577,0.171,-0.069,0.164,-0.24,0.556,0.051,0.332,0.364,0.494,0.274,0.137,0.25,0.653,0.199,0.548,0.406,0.489,0.373,0.419,0.411,-0.048,-0.257,-0.052,-0.013,0.591,-0.352,0.492,0.508,0.722,0.407,0.149,-0.085,0.064,0.522,0.587,0.52,0.521,0.583,0.634,-0.275,0.502,0.254,0.363,0.433,0.597,0.526,0.672,-0.249,0.035,0.467,-0.306,0.019,0.555,0.69,0.421,0.486,0.512,0.56,0.547
AVGO,-0.146,0.295,0.303,0.822,0.394,0.52,-0.002,0.024,1.0,-0.141,0.446,0.189,0.113,0.165,-0.08,-0.077,0.793,0.361,0.434,0.146,0.149,0.619,0.113,0.592,-0.1,0.559,0.381,0.052,0.295,0.159,0.706,0.604,0.606,-0.062,-0.118,0.24,0.601,-0.057,0.137,-0.18,0.263,0.351,-0.146,0.765,0.117,0.21,0.914,0.589,0.326,0.436,0.623,0.895,0.682,0.142,0.684,0.455,-0.418,0.459,0.398,0.582,0.422,0.514,0.753,0.494,0.122,0.213,0.331,0.146,0.317,-0.006,0.494,0.283,-0.16,0.322,0.425,0.401,0.167,0.24,0.254,0.236,-0.168,0.322,0.234,0.249,0.279,-0.37,0.276,0.179,0.626,-0.168,0.521,0.712,-0.357,0.136,-0.03,0.385,0.27,0.164,0.166,0.181
AZN,0.598,-0.393,0.47,-0.374,-0.23,-0.478,0.408,-0.069,-0.141,1.0,-0.399,-0.45,0.194,-0.466,0.449,-0.331,-0.265,-0.372,-0.502,-0.313,-0.612,-0.291,-0.293,-0.597,0.506,-0.127,-0.181,-0.454,-0.034,-0.212,-0.115,-0.459,-0.411,0.518,0.275,0.381,-0.282,0.561,-0.483,0.523,-0.512,-0.53,0.173,-0.411,0.562,-0.329,-0.113,-0.332,-0.605,-0.543,-0.397,-0.14,-0.378,-0.408,-0.25,-0.39,0.269,-0.246,-0.351,-0.386,-0.566,-0.347,-0.078,0.097,0.294,-0.491,0.082,-0.03,-0.523,-0.315,-0.478,0.378,0.409,-0.713,-0.47,-0.481,0.045,-0.474,-0.232,-0.295,0.539,-0.453,0.483,-0.448,-0.541,0.07,-0.275,-0.178,0.062,0.463,0.002,0.219,0.59,-0.371,-0.243,-0.36,-0.45,-0.411,-0.28,-0.536
BIDU,-0.597,0.778,-0.057,0.482,0.58,0.818,-0.56,0.541,0.446,-0.399,1.0,0.802,-0.437,0.69,-0.526,0.567,0.416,0.727,0.741,0.567,0.644,0.783,0.462,0.659,-0.557,0.408,0.635,0.666,0.426,0.068,0.379,0.726,0.74,-0.607,-0.275,-0.428,0.303,-0.379,0.828,-0.65,0.857,0.514,-0.371,0.57,-0.455,0.754,0.34,0.676,0.701,0.73,0.629,0.458,0.638,0.692,0.455,0.852,-0.067,0.773,0.625,0.793,0.697,0.337,0.04,0.084,-0.318,0.735,-0.247,0.427,0.893,0.528,0.724,-0.042,-0.582,0.564,0.807,0.788,0.192,0.86,0.639,0.621,-0.651,0.677,-0.092,0.707,0.769,0.237,0.718,0.658,-0.019,-0.438,0.527,-0.156,-0.569,0.655,0.499,0.664,0.613,0.664,0.551,0.694
BILI,-0.646,0.719,-0.14,0.406,0.705,0.767,-0.499,0.578,0.189,-0.45,0.802,1.0,-0.493,0.705,-0.594,0.625,0.274,0.714,0.743,0.658,0.65,0.641,0.605,0.561,-0.6,0.339,0.678,0.71,0.346,0.038,0.147,0.681,0.674,-0.632,-0.259,-0.493,0.147,-0.444,0.808,-0.624,0.863,0.437,-0.335,0.471,-0.635,0.74,0.108,0.577,0.685,0.698,0.498,0.248,0.558,0.687,0.422,0.797,0.088,0.695,0.631,0.692,0.625,0.203,-0.112,-0.136,-0.349,0.774,-0.449,0.355,0.892,0.597,0.692,-0.115,-0.563,0.512,0.825,0.791,0.21,0.803,0.646,0.54,-0.691,0.678,-0.203,0.67,0.769,0.287,0.659,0.71,-0.269,-0.419,0.549,-0.395,-0.559,0.685,0.579,0.576,0.659,0.566,0.663,0.693
BKR,0.409,-0.366,0.377,-0.08,-0.226,-0.312,0.625,-0.165,0.113,0.194,-0.437,-0.493,1.0,-0.424,0.773,-0.353,0.159,-0.501,-0.179,-0.011,-0.476,-0.383,-0.014,-0.165,0.822,0.121,-0.362,-0.261,-0.071,0.303,-0.228,-0.239,-0.263,0.734,0.761,0.663,0.508,0.3,-0.481,0.464,-0.432,-0.133,0.519,-0.073,0.399,-0.457,0.181,-0.391,-0.312,-0.321,-0.387,0.084,-0.267,-0.153,-0.049,-0.407,0.084,-0.403,-0.567,-0.336,-0.306,-0.17,0.193,-0.068,0.867,-0.476,0.446,-0.009,-0.504,-0.196,-0.304,-0.026,0.829,-0.334,-0.391,-0.198,0.278,-0.515,-0.526,-0.171,0.542,-0.126,0.336,-0.416,-0.568,-0.094,-0.417,-0.317,0.165,0.623,-0.312,0.536,0.399,-0.408,-0.064,-0.418,-0.327,-0.275,-0.044,-0.52
CAN,-0.727,0.618,-0.344,0.257,0.493,0.648,-0.6,0.377,0.165,-0.466,0.69,0.705,-0.424,1.0,-0.571,0.622,0.248,0.575,0.753,0.531,0.657,0.549,0.45,0.651,-0.6,0.273,0.508,0.511,0.142,-0.152,0.158,0.65,0.643,-0.591,-0.36,-0.501,0.165,-0.418,0.808,-0.713,0.623,0.505,-0.483,0.233,-0.68,0.615,0.05,0.591,0.695,0.725,0.456,0.201,0.596,0.676,0.229,0.64,-0.16,0.472,0.486,0.597,0.675,0.296,-0.094,-0.128,-0.394,0.752,-0.212,0.117,0.728,0.375,0.65,-0.324,-0.579,0.538,0.662,0.747,0.006,0.721,0.542,0.52,-0.718,0.689,-0.296,0.64,0.768,0.168,0.522,0.51,-0.379,-0.532,0.216,-0.305,-0.614,0.624,0.427,0.425,0.53,0.642,0.369,0.706
CHRD,0.586,-0.534,0.401,-0.319,-0.346,-0.508,0.648,-0.206,-0.08,0.449,-0.526,-0.594,0.773,-0.571,1.0,-0.474,-0.039,-0.524,-0.43,-0.242,-0.597,-0.393,-0.185,-0.501,0.869,-0.081,-0.496,-0.451,-0.096,0.123,-0.304,-0.528,-0.521,0.815,0.629,0.602,0.138,0.466,-0.615,0.595,-0.542,-0.434,0.479,-0.256,0.613,-0.48,-0.035,-0.547,-0.617,-0.629,-0.593,-0.172,-0.489,-0.329,-0.257,-0.585,0.125,-0.468,-0.657,-0.578,-0.582,-0.294,0.057,0.006,0.748,-0.681,0.324,-0.005,-0.6,-0.313,-0.535,0.116,0.809,-0.618,-0.601,-0.506,0.155,-0.565,-0.627,-0.307,0.67,-0.362,0.387,-0.552,-0.732,-0.011,-0.518,-0.364,0.117,0.711,-0.331,0.405,0.556,-0.486,-0.237,-0.589,-0.456,-0.346,-0.185,-0.703
CMCSA,-0.6,0.708,-0.233,0.07,0.472,0.52,-0.472,0.633,-0.077,-0.331,0.567,0.625,-0.353,0.622,-0.474,1.0,0.028,0.452,0.664,0.656,0.581,0.466,0.481,0.461,-0.406,0.289,0.563,0.642,0.34,-0.097,-0.081,0.491,0.462,-0.479,0.017,-0.555,0.131,-0.258,0.625,-0.54,0.653,0.335,-0.169,0.041,-0.555,0.548,-0.155,0.347,0.564,0.605,0.227,-0.042,0.358,0.649,0.101,0.668,0.263,0.476,0.376,0.433,0.571,0.083,-0.326,-0.268,-0.227,0.604,-0.351,0.516,0.598,0.678,0.506,-0.253,-0.384,0.344,0.552,0.716,0.256,0.593,0.525,0.534,-0.56,0.673,-0.126,0.498,0.591,0.523,0.592,0.679,-0.512,-0.339,0.196,-0.487,-0.322,0.691,0.635,0.418,0.578,0.72,0.499,0.712
CPRT,-0.195,0.319,0.174,0.728,0.418,0.514,-0.044,0.12,0.793,-0.265,0.416,0.274,0.159,0.248,-0.039,0.028,1.0,0.395,0.541,0.295,0.172,0.664,0.198,0.61,-0.062,0.604,0.356,0.157,0.287,0.192,0.545,0.614,0.597,-0.018,-0.046,0.169,0.54,-0.042,0.204,-0.173,0.326,0.406,-0.152,0.706,-0.051,0.317,0.758,0.507,0.338,0.45,0.549,0.748,0.643,0.313,0.583,0.403,-0.367,0.347,0.36,0.462,0.512,0.372,0.636,0.472,0.16,0.218,0.262,0.269,0.33,0.138,0.5,0.092,-0.139,0.336,0.408,0.456,0.271,0.322,0.166,0.196,-0.197,0.359,0.084,0.212,0.312,-0.276,0.216,0.256,0.441,-0.162,0.419,0.537,-0.361,0.172,0.107,0.314,0.379,0.3,0.349,0.198
CRWD,-0.5,0.741,-0.042,0.525,0.66,0.765,-0.47,0.542,0.361,-0.372,0.727,0.714,-0.501,0.575,-0.524,0.452,0.395,1.0,0.64,0.55,0.683,0.733,0.45,0.619,-0.568,0.412,0.814,0.514,0.451,-0.069,0.403,0.754,0.737,-0.539,-0.315,-0.352,0.112,-0.152,0.671,-0.447,0.704,0.47,-0.455,0.589,-0.352,0.749,0.353,0.733,0.578,0.734,0.643,0.456,0.716,0.715,0.41,0.722,-0.053,0.629,0.675,0.763,0.588,0.401,0.118,0.214,-0.442,0.752,-0.158,0.296,0.802,0.557,0.724,0.128,-0.504,0.454,0.777,0.634,0.253,0.807,0.717,0.575,-0.566,0.471,-0.031,0.616,0.725,0.196,0.642,0.546,0.015,-0.344,0.656,-0.126,-0.47,0.697,0.476,0.567,0.683,0.577,0.44,0.679
CSCO,-0.639,0.795,-0.146,0.443,0.625,0.832,-0.473,0.529,0.434,-0.502,0.741,0.743,-0.179,0.753,-0.43,0.664,0.541,0.64,1.0,0.797,0.694,0.725,0.589,0.811,-0.406,0.48,0.636,0.696,0.394,0.036,0.323,0.832,0.805,-0.457,-0.037,-0.319,0.427,-0.335,0.724,-0.57,0.724,0.636,-0.256,0.44,-0.582,0.635,0.323,0.657,0.79,0.836,0.57,0.428,0.707,0.738,0.376,0.795,-0.087,0.59,0.592,0.691,0.837,0.249,0.028,-0.037,-0.067,0.72,-0.255,0.399,0.743,0.641,0.811,-0.229,-0.404,0.531,0.759,0.937,0.363,0.712,0.548,0.561,-0.629,0.863,-0.153,0.597,0.659,0.228,0.658,0.721,-0.19,-0.391,0.328,-0.119,-0.501,0.697,0.679,0.603,0.759,0.719,0.615,0.699
CSX,-0.437,0.797,0.009,0.232,0.638,0.735,-0.229,0.71,0.146,-0.313,0.567,0.658,-0.011,0.531,-0.242,0.656,0.295,0.55,0.797,1.0,0.545,0.491,0.715,0.543,-0.127,0.477,0.634,0.731,0.483,0.022,0.027,0.694,0.681,-0.247,0.347,-0.195,0.429,-0.172,0.669,-0.336,0.641,0.504,-0.013,0.226,-0.53,0.56,0.097,0.432,0.657,0.71,0.31,0.216,0.486,0.763,0.252,0.683,0.283,0.514,0.443,0.609,0.666,-0.013,-0.206,-0.269,0.12,0.652,-0.314,0.586,0.605,0.769,0.639,-0.142,-0.088,0.242,0.687,0.802,0.611,0.593,0.528,0.533,-0.421,0.686,-0.032,0.562,0.481,0.524,0.661,0.656,-0.328,0.055,0.298,-0.22,-0.158,0.729,0.872,0.491,0.736,0.677,0.675,0.589
DKNG,-0.679,0.646,-0.329,0.288,0.448,0.697,-0.579,0.325,0.149,-0.612,0.644,0.65,-0.476,0.657,-0.597,0.581,0.172,0.683,0.694,0.545,1.0,0.501,0.488,0.61,-0.684,0.182,0.477,0.631,0.193,-0.022,0.143,0.63,0.63,-0.727,-0.346,-0.574,0.166,-0.552,0.691,-0.509,0.673,0.607,-0.409,0.356,-0.525,0.599,0.076,0.55,0.782,0.742,0.446,0.124,0.568,0.605,0.285,0.671,-0.098,0.588,0.552,0.629,0.63,0.229,-0.152,-0.19,-0.473,0.695,-0.377,0.176,0.715,0.542,0.671,-0.336,-0.634,0.621,0.716,0.687,0.037,0.686,0.588,0.381,-0.707,0.582,-0.351,0.653,0.684,0.108,0.697,0.488,-0.381,-0.556,0.2,-0.398,-0.574,0.686,0.455,0.516,0.589,0.704,0.428,0.692
EBAY,-0.458,0.667,0.045,0.648,0.625,0.744,-0.432,0.446,0.619,-0.291,0.783,0.641,-0.383,0.549,-0.393,0.466,0.664,0.733,0.725,0.491,0.501,1.0,0.292,0.649,-0.426,0.567,0.683,0.432,0.481,-0.042,0.558,0.749,0.745,-0.392,-0.291,-0.318,0.259,-0.081,0.566,-0.487,0.683,0.391,-0.395,0.638,-0.296,0.664,0.531,0.717,0.521,0.648,0.637,0.566,0.737,0.554,0.561,0.793,-0.264,0.672,0.615,0.671,0.681,0.422,0.333,0.415,-0.278,0.572,-0.136,0.477,0.704,0.431,0.669,0.198,-0.53,0.389,0.702,0.678,0.294,0.705,0.571,0.459,-0.553,0.536,0.047,0.547,0.668,0.071,0.616,0.572,0.162,-0.381,0.614,0.104,-0.52,0.582,0.38,0.552,0.665,0.654,0.538,0.567
ERIC,-0.333,0.605,0.016,0.257,0.736,0.628,0.08,0.462,0.113,-0.293,0.462,0.605,-0.014,0.45,-0.185,0.481,0.198,0.45,0.589,0.715,0.488,0.292,1.0,0.348,-0.126,0.463,0.55,0.584,0.275,0.218,-0.116,0.545,0.568,-0.187,0.236,-0.018,0.424,-0.367,0.614,-0.24,0.589,0.346,-0.117,0.283,-0.428,0.531,0.117,0.226,0.591,0.558,0.225,0.236,0.376,0.528,0.427,0.526,0.209,0.546,0.457,0.61,0.444,0.114,-0.104,-0.477,0.118,0.481,-0.13,0.45,0.568,0.551,0.466,-0.051,-0.03,0.314,0.593,0.612,0.422,0.52,0.523,0.455,-0.277,0.583,-0.07,0.684,0.427,0.413,0.664,0.507,-0.266,0.08,0.338,-0.132,-0.107,0.649,0.608,0.447,0.56,0.456,0.605,0.428
EXC,-0.689,0.668,-0.185,0.668,0.458,0.797,-0.536,0.303,0.592,-0.597,0.659,0.561,-0.165,0.651,-0.501,0.461,0.61,0.619,0.811,0.543,0.61,0.649,0.348,1.0,-0.498,0.377,0.544,0.499,0.249,0.047,0.545,0.849,0.816,-0.508,-0.233,-0.274,0.532,-0.407,0.591,-0.618,0.596,0.704,-0.178,0.608,-0.506,0.451,0.539,0.826,0.742,0.871,0.731,0.61,0.814,0.596,0.465,0.697,-0.302,0.427,0.533,0.719,0.789,0.513,0.347,0.182,-0.192,0.711,-0.003,0.103,0.672,0.369,0.885,-0.237,-0.425,0.699,0.707,0.825,0.097,0.593,0.438,0.476,-0.65,0.723,-0.22,0.508,0.666,-0.111,0.44,0.408,0.12,-0.495,0.291,0.125,-0.681,0.53,0.38,0.547,0.637,0.54,0.32,0.666
FITB,0.63,-0.474,0.417,-0.331,-0.279,-0.466,0.71,-0.131,-0.1,0.506,-0.557,-0.6,0.822,-0.6,0.869,-0.406,-0.062,-0.568,-0.406,-0.127,-0.684,-0.426,-0.126,-0.498,1.0,0.035,-0.422,-0.367,0.028,0.181,-0.324,-0.484,-0.503,0.868,0.783,0.66,0.163,0.53,-0.581,0.632,-0.545,-0.36,0.596,-0.319,0.496,-0.542,-0.028,-0.551,-0.593,-0.572,-0.566,-0.126,-0.5,-0.327,-0.217,-0.546,0.248,-0.44,-0.625,-0.533,-0.501,-0.37,0.017,0.003,0.814,-0.631,0.327,0.109,-0.644,-0.254,-0.547,0.227,0.868,-0.666,-0.556,-0.445,0.346,-0.638,-0.57,-0.237,0.679,-0.367,0.465,-0.488,-0.703,0.073,-0.44,-0.326,0.122,0.814,-0.316,0.411,0.637,-0.472,-0.07,-0.492,-0.388,-0.354,-0.081,-0.683
FLEX,-0.164,0.469,0.339,0.57,0.656,0.467,0.162,0.293,0.559,-0.127,0.408,0.339,0.121,0.273,-0.081,0.289,0.604,0.412,0.48,0.477,0.182,0.567,0.463,0.377,0.035,1.0,0.557,0.293,0.345,0.089,0.274,0.567,0.542,0.008,0.197,0.28,0.566,-0.025,0.279,-0.103,0.433,0.263,-0.188,0.543,-0.069,0.474,0.567,0.301,0.294,0.385,0.364,0.577,0.507,0.444,0.554,0.56,-0.096,0.551,0.427,0.532,0.438,0.328,0.378,0.059,0.24,0.179,0.268,0.629,0.353,0.378,0.318,0.318,0.018,0.104,0.527,0.441,0.588,0.406,0.301,0.33,-0.107,0.318,0.239,0.41,0.394,0.053,0.478,0.381,0.144,0.081,0.515,0.363,-0.122,0.452,0.335,0.351,0.411,0.455,0.597,0.273
FTNT,-0.377,0.752,0.102,0.531,0.768,0.7,-0.294,0.619,0.381,-0.181,0.635,0.678,-0.362,0.508,-0.496,0.563,0.356,0.814,0.636,0.634,0.477,0.683,0.55,0.544,-0.422,0.557,1.0,0.56,0.511,-0.008,0.339,0.74,0.715,-0.41,-0.077,-0.217,0.214,-0.055,0.588,-0.399,0.619,0.305,-0.322,0.484,-0.309,0.665,0.365,0.617,0.531,0.681,0.602,0.498,0.659,0.62,0.473,0.762,0.08,0.669,0.681,0.786,0.554,0.376,0.116,0.085,-0.224,0.662,-0.069,0.431,0.688,0.608,0.624,0.249,-0.335,0.316,0.777,0.665,0.384,0.67,0.771,0.608,-0.452,0.556,0.084,0.568,0.672,0.358,0.673,0.649,0.046,-0.21,0.736,-0.037,-0.289,0.722,0.515,0.616,0.648,0.474,0.508,0.656
GEN,-0.403,0.722,-0.159,0.149,0.47,0.658,-0.483,0.561,0.052,-0.454,0.666,0.71,-0.261,0.511,-0.451,0.642,0.157,0.514,0.696,0.731,0.631,0.432,0.584,0.499,-0.367,0.293,0.56,1.0,0.398,0.291,-0.011,0.537,0.512,-0.511,0.095,-0.426,0.258,-0.393,0.678,-0.396,0.649,0.415,0.001,0.229,-0.595,0.621,-0.008,0.353,0.636,0.585,0.359,0.078,0.307,0.685,0.148,0.685,0.216,0.625,0.48,0.583,0.605,0.033,-0.388,-0.274,-0.064,0.584,-0.351,0.497,0.618,0.793,0.545,-0.246,-0.289,0.476,0.707,0.727,0.42,0.669,0.515,0.524,-0.525,0.697,-0.202,0.54,0.649,0.487,0.664,0.762,-0.333,-0.248,0.254,-0.462,-0.279,0.682,0.721,0.586,0.591,0.629,0.727,0.593
GERN,0.004,0.468,0.281,0.261,0.415,0.418,-0.087,0.672,0.295,-0.034,0.426,0.346,-0.071,0.142,-0.096,0.34,0.287,0.451,0.394,0.483,0.193,0.481,0.275,0.249,0.028,0.345,0.511,0.398,1.0,0.209,0.184,0.4,0.358,-0.065,0.273,0.011,0.119,0.226,0.364,-0.01,0.446,0.203,0.022,0.314,0.022,0.335,0.347,0.327,0.225,0.349,0.398,0.367,0.207,0.336,0.351,0.434,0.189,0.533,0.376,0.384,0.404,0.097,0.02,0.295,0.082,0.397,-0.197,0.528,0.332,0.513,0.286,0.443,-0.046,0.001,0.367,0.393,0.56,0.303,0.497,0.555,-0.156,0.3,0.437,0.324,0.31,0.41,0.469,0.523,0.143,0.077,0.493,0.006,0.038,0.404,0.522,0.497,0.496,0.364,0.449,0.36
GEVO,0.287,-0.033,0.162,0.186,0.038,0.052,0.149,0.003,0.159,-0.212,0.068,0.038,0.303,-0.152,0.123,-0.097,0.192,-0.069,0.036,0.022,-0.022,-0.042,0.218,0.047,0.181,0.089,-0.008,0.291,0.209,1.0,-0.097,0.027,0.008,0.095,0.249,0.218,0.293,-0.028,-0.032,0.284,0.101,-0.022,0.231,0.274,0.071,0.064,0.229,-0.162,0.022,-0.044,0.162,0.191,-0.077,-0.038,0.262,-0.008,-0.057,0.183,0.008,0.034,0.054,0.108,0.12,0.076,0.276,-0.089,0.193,0.096,-0.008,0.175,-0.036,-0.014,0.202,0.26,-0.006,0.048,0.18,0.006,-0.061,0.073,0.133,0.179,0.062,0.01,0.032,0.038,0.048,0.025,0.221,0.132,0.032,0.129,0.117,-0.082,0.011,0.265,0.01,-0.088,0.297,-0.032
GILD,-0.262,0.269,0.045,0.584,0.177,0.441,-0.301,-0.103,0.706,-0.115,0.379,0.147,-0.228,0.158,-0.304,-0.081,0.545,0.403,0.323,0.027,0.143,0.558,-0.116,0.545,-0.324,0.274,0.339,-0.011,0.184,-0.097,1.0,0.47,0.459,-0.273,-0.406,0.007,0.188,-0.059,0.173,-0.355,0.238,0.398,-0.192,0.526,-0.009,0.148,0.649,0.669,0.251,0.394,0.736,0.676,0.6,0.046,0.392,0.335,-0.467,0.245,0.509,0.473,0.435,0.546,0.546,0.617,-0.269,0.281,0.114,-0.016,0.321,-0.107,0.525,0.176,-0.343,0.298,0.29,0.268,-0.066,0.27,0.224,0.073,-0.355,0.13,0.007,0.242,0.277,-0.358,0.166,0.079,0.624,-0.327,0.351,0.43,-0.45,0.207,-0.037,0.489,0.41,0.059,-0.083,0.229
GOOG,-0.558,0.839,0.001,0.735,0.746,0.895,-0.38,0.46,0.604,-0.459,0.726,0.681,-0.239,0.65,-0.528,0.491,0.614,0.754,0.832,0.694,0.63,0.749,0.545,0.849,-0.484,0.567,0.74,0.537,0.4,0.027,0.47,1.0,0.979,-0.502,-0.182,-0.183,0.501,-0.287,0.653,-0.497,0.685,0.627,-0.353,0.65,-0.459,0.605,0.559,0.798,0.769,0.902,0.728,0.665,0.906,0.661,0.595,0.825,-0.165,0.641,0.699,0.864,0.825,0.426,0.337,0.123,-0.205,0.754,-0.088,0.34,0.741,0.535,0.881,0.03,-0.455,0.617,0.839,0.854,0.298,0.683,0.655,0.587,-0.523,0.71,-0.065,0.658,0.72,0.085,0.695,0.514,0.06,-0.353,0.551,0.117,-0.496,0.667,0.552,0.633,0.733,0.602,0.468,0.735
GOOGL,-0.549,0.823,-0.013,0.73,0.747,0.909,-0.348,0.441,0.606,-0.411,0.74,0.674,-0.263,0.643,-0.521,0.462,0.597,0.737,0.805,0.681,0.63,0.745,0.568,0.816,-0.503,0.542,0.715,0.512,0.358,0.008,0.459,0.979,1.0,-0.473,-0.198,-0.188,0.509,-0.303,0.68,-0.472,0.678,0.613,-0.381,0.642,-0.447,0.622,0.552,0.774,0.79,0.898,0.713,0.667,0.907,0.628,0.6,0.818,-0.158,0.654,0.704,0.884,0.792,0.411,0.334,0.087,-0.218,0.76,-0.082,0.332,0.744,0.515,0.861,0.007,-0.457,0.591,0.837,0.832,0.263,0.696,0.675,0.555,-0.513,0.687,-0.098,0.68,0.694,0.072,0.707,0.49,0.073,-0.323,0.572,0.129,-0.466,0.644,0.504,0.632,0.704,0.602,0.448,0.725
GT,0.659,-0.568,0.431,-0.279,-0.313,-0.507,0.783,-0.161,-0.062,0.518,-0.607,-0.632,0.734,-0.591,0.815,-0.479,-0.018,-0.539,-0.457,-0.247,-0.727,-0.392,-0.187,-0.508,0.868,0.008,-0.41,-0.511,-0.065,0.095,-0.273,-0.502,-0.473,1.0,0.627,0.692,0.068,0.65,-0.569,0.69,-0.594,-0.484,0.446,-0.262,0.567,-0.469,0.016,-0.559,-0.59,-0.562,-0.5,-0.096,-0.455,-0.405,-0.208,-0.62,0.135,-0.49,-0.56,-0.538,-0.555,-0.264,0.1,0.113,0.674,-0.589,0.396,-0.023,-0.655,-0.291,-0.589,0.263,0.844,-0.661,-0.585,-0.518,0.255,-0.611,-0.517,-0.315,0.708,-0.445,0.452,-0.532,-0.673,-0.074,-0.548,-0.423,0.234,0.77,-0.179,0.486,0.653,-0.572,-0.266,-0.551,-0.47,-0.409,-0.155,-0.679
HBAN,0.407,-0.039,0.38,-0.261,-0.007,-0.178,0.541,0.276,-0.118,0.275,-0.275,-0.259,0.761,-0.36,0.629,0.017,-0.046,-0.315,-0.037,0.347,-0.346,-0.291,0.236,-0.233,0.783,0.197,-0.077,0.095,0.273,0.249,-0.406,-0.182,-0.198,0.627,1.0,0.5,0.38,0.364,-0.244,0.483,-0.185,-0.145,0.554,-0.246,0.237,-0.195,-0.049,-0.424,-0.215,-0.216,-0.419,-0.087,-0.353,0.077,-0.132,-0.16,0.505,-0.16,-0.379,-0.223,-0.166,-0.33,-0.192,-0.298,0.848,-0.292,0.16,0.395,-0.336,0.271,-0.286,0.095,0.806,-0.468,-0.227,-0.038,0.617,-0.293,-0.227,0.121,0.486,0.019,0.403,-0.226,-0.453,0.448,-0.064,0.082,-0.081,0.743,-0.165,0.18,0.615,-0.052,0.363,-0.18,-0.059,-0.015,0.245,-0.27
HST,0.615,-0.374,0.595,0.055,-0.085,-0.306,0.765,-0.201,0.24,0.381,-0.428,-0.493,0.663,-0.501,0.602,-0.555,0.169,-0.352,-0.319,-0.195,-0.574,-0.318,-0.018,-0.274,0.66,0.28,-0.217,-0.426,0.011,0.218,0.007,-0.183,-0.188,0.692,0.5,1.0,0.324,0.382,-0.474,0.665,-0.405,-0.258,0.279,0.062,0.631,-0.321,0.376,-0.298,-0.405,-0.363,-0.14,0.308,-0.178,-0.291,0.116,-0.418,-0.041,-0.237,-0.207,-0.209,-0.342,0.059,0.374,0.07,0.642,-0.498,0.532,-0.027,-0.479,-0.247,-0.325,0.381,0.722,-0.393,-0.361,-0.361,0.317,-0.451,-0.369,-0.115,0.719,-0.279,0.528,-0.307,-0.506,-0.203,-0.335,-0.335,0.43,0.587,0.011,0.655,0.588,-0.361,-0.232,-0.221,-0.353,-0.45,-0.136,-0.477
INTC,-0.201,0.329,0.23,0.578,0.35,0.447,0.149,0.095,0.601,-0.282,0.303,0.147,0.508,0.165,0.138,0.131,0.54,0.112,0.427,0.429,0.166,0.259,0.424,0.532,0.163,0.566,0.214,0.258,0.119,0.293,0.188,0.501,0.509,0.068,0.38,0.324,1.0,-0.261,0.146,-0.11,0.243,0.38,0.135,0.515,-0.075,0.121,0.588,0.274,0.383,0.4,0.221,0.591,0.456,0.336,0.52,0.395,-0.121,0.256,0.073,0.479,0.345,0.387,0.465,-0.119,0.486,0.136,0.435,0.268,0.227,0.187,0.405,-0.128,0.25,0.334,0.368,0.483,0.342,0.176,0.032,0.308,-0.038,0.476,0.112,0.269,0.153,-0.076,0.24,0.137,0.227,0.111,0.136,0.539,-0.174,0.233,0.208,0.197,0.227,0.284,0.343,0.182
IOVA,0.653,-0.295,0.387,-0.243,-0.249,-0.407,0.389,0.142,-0.057,0.561,-0.379,-0.444,0.3,-0.418,0.466,-0.258,-0.042,-0.152,-0.335,-0.172,-0.552,-0.081,-0.367,-0.407,0.53,-0.025,-0.055,-0.393,0.226,-0.028,-0.059,-0.287,-0.303,0.65,0.364,0.382,-0.261,1.0,-0.449,0.577,-0.443,-0.47,0.133,-0.254,0.517,-0.177,-0.001,-0.253,-0.556,-0.399,-0.25,-0.067,-0.258,-0.177,-0.225,-0.385,0.171,-0.262,-0.293,-0.395,-0.381,-0.193,0.034,0.483,0.26,-0.323,0.151,0.057,-0.476,-0.051,-0.435,0.5,0.458,-0.588,-0.432,-0.411,0.284,-0.338,-0.129,-0.085,0.542,-0.398,0.604,-0.484,-0.429,0.135,-0.296,-0.16,0.176,0.477,0.06,0.258,0.611,-0.33,-0.107,-0.306,-0.255,-0.271,-0.164,-0.362
IQ,-0.693,0.72,-0.266,0.251,0.581,0.793,-0.506,0.572,0.137,-0.483,0.828,0.808,-0.481,0.808,-0.615,0.625,0.204,0.671,0.724,0.669,0.691,0.566,0.614,0.591,-0.581,0.279,0.588,0.678,0.364,-0.032,0.173,0.653,0.68,-0.569,-0.244,-0.474,0.146,-0.449,1.0,-0.671,0.801,0.554,-0.364,0.315,-0.668,0.704,0.055,0.565,0.809,0.794,0.547,0.224,0.535,0.685,0.296,0.701,0.056,0.654,0.611,0.727,0.706,0.192,-0.226,-0.158,-0.399,0.876,-0.372,0.314,0.851,0.547,0.673,-0.204,-0.528,0.508,0.792,0.758,0.189,0.812,0.682,0.577,-0.751,0.614,-0.28,0.821,0.772,0.31,0.665,0.564,-0.254,-0.34,0.391,-0.397,-0.519,0.699,0.588,0.615,0.656,0.656,0.524,0.72
JBLU,0.868,-0.529,0.443,-0.292,-0.346,-0.569,0.653,-0.187,-0.18,0.523,-0.65,-0.624,0.464,-0.713,0.595,-0.54,-0.173,-0.447,-0.57,-0.336,-0.509,-0.487,-0.24,-0.618,0.632,-0.103,-0.399,-0.396,-0.01,0.284,-0.355,-0.497,-0.472,0.69,0.483,0.665,-0.11,0.577,-0.671,1.0,-0.584,-0.507,0.294,-0.258,0.67,-0.382,-0.024,-0.581,-0.629,-0.612,-0.43,-0.167,-0.504,-0.455,-0.177,-0.595,0.144,-0.361,-0.378,-0.54,-0.569,-0.284,0.018,0.052,0.443,-0.634,0.245,-0.065,-0.711,-0.125,-0.62,0.322,0.646,-0.56,-0.594,-0.615,0.221,-0.587,-0.393,-0.322,0.815,-0.509,0.442,-0.563,-0.636,-0.05,-0.363,-0.36,0.14,0.578,-0.169,0.276,0.834,-0.491,-0.287,-0.368,-0.494,-0.427,-0.157,-0.542
JD,-0.655,0.768,-0.109,0.443,0.642,0.758,-0.466,0.577,0.263,-0.512,0.857,0.863,-0.432,0.623,-0.542,0.653,0.326,0.704,0.724,0.641,0.673,0.683,0.589,0.596,-0.545,0.433,0.619,0.649,0.446,0.101,0.238,0.685,0.678,-0.594,-0.185,-0.405,0.243,-0.443,0.801,-0.584,1.0,0.515,-0.307,0.56,-0.498,0.78,0.229,0.543,0.675,0.717,0.592,0.321,0.545,0.681,0.479,0.802,0.062,0.681,0.673,0.673,0.697,0.275,-0.0,-0.082,-0.33,0.715,-0.336,0.475,0.922,0.635,0.679,-0.06,-0.55,0.531,0.761,0.789,0.235,0.846,0.584,0.566,-0.623,0.659,-0.17,0.68,0.754,0.287,0.693,0.593,-0.141,-0.354,0.466,-0.278,-0.539,0.673,0.569,0.674,0.682,0.614,0.611,0.749
KDP,-0.635,0.558,-0.374,0.381,0.386,0.683,-0.392,0.171,0.351,-0.53,0.514,0.437,-0.133,0.505,-0.434,0.335,0.406,0.47,0.636,0.504,0.607,0.391,0.346,0.704,-0.36,0.263,0.305,0.415,0.203,-0.022,0.398,0.627,0.613,-0.484,-0.145,-0.258,0.38,-0.47,0.554,-0.507,0.515,1.0,-0.086,0.364,-0.51,0.309,0.308,0.572,0.702,0.706,0.563,0.437,0.588,0.498,0.306,0.494,-0.077,0.349,0.487,0.595,0.624,0.193,0.128,0.013,-0.167,0.596,-0.153,0.147,0.546,0.283,0.671,-0.311,-0.398,0.511,0.565,0.652,0.077,0.464,0.329,0.354,-0.545,0.455,-0.312,0.543,0.451,-0.06,0.458,0.302,-0.038,-0.335,0.093,-0.031,-0.528,0.397,0.455,0.597,0.564,0.472,0.249,0.548
KHC,0.283,-0.273,0.182,-0.256,-0.288,-0.226,0.313,-0.069,-0.146,0.173,-0.371,-0.335,0.519,-0.483,0.479,-0.169,-0.152,-0.455,-0.256,-0.013,-0.409,-0.395,-0.117,-0.178,0.596,-0.188,-0.322,0.001,0.022,0.231,-0.192,-0.353,-0.381,0.446,0.554,0.279,0.135,0.133,-0.364,0.294,-0.307,-0.086,1.0,-0.218,0.204,-0.439,-0.116,-0.267,-0.331,-0.304,-0.324,-0.159,-0.413,-0.22,-0.195,-0.355,0.402,-0.321,-0.404,-0.346,-0.298,-0.321,-0.138,-0.082,0.547,-0.355,0.074,0.026,-0.359,-0.094,-0.214,-0.084,0.554,-0.345,-0.267,-0.202,0.163,-0.458,-0.436,-0.2,0.31,-0.092,0.152,-0.406,-0.383,0.065,-0.359,-0.166,0.078,0.533,-0.278,0.12,0.301,-0.351,0.01,-0.229,-0.224,-0.334,-0.048,-0.424
LRCX,-0.323,0.375,0.244,0.898,0.505,0.601,-0.118,0.164,0.765,-0.411,0.57,0.471,-0.073,0.233,-0.256,0.041,0.706,0.589,0.44,0.226,0.356,0.638,0.283,0.608,-0.319,0.543,0.484,0.229,0.314,0.274,0.526,0.65,0.642,-0.262,-0.246,0.062,0.515,-0.254,0.315,-0.258,0.56,0.364,-0.218,1.0,-0.01,0.449,0.816,0.634,0.389,0.524,0.676,0.792,0.649,0.332,0.774,0.545,-0.372,0.486,0.525,0.638,0.445,0.588,0.684,0.381,-0.113,0.379,0.224,0.139,0.588,0.152,0.591,0.196,-0.303,0.497,0.606,0.468,0.129,0.488,0.326,0.27,-0.286,0.358,0.093,0.376,0.543,-0.349,0.327,0.184,0.479,-0.277,0.624,0.447,-0.524,0.225,0.03,0.434,0.342,0.21,0.365,0.36
LYFT,0.669,-0.561,0.602,-0.111,-0.375,-0.556,0.538,-0.24,0.117,0.562,-0.455,-0.635,0.399,-0.68,0.613,-0.555,-0.051,-0.352,-0.582,-0.53,-0.525,-0.296,-0.428,-0.506,0.496,-0.069,-0.309,-0.595,0.022,0.071,-0.009,-0.459,-0.447,0.567,0.237,0.631,-0.075,0.517,-0.668,0.67,-0.498,-0.51,0.204,-0.01,1.0,-0.373,0.255,-0.348,-0.651,-0.589,-0.26,0.087,-0.388,-0.467,-0.084,-0.505,-0.066,-0.297,-0.369,-0.447,-0.582,-0.025,0.27,0.281,0.359,-0.637,0.416,-0.148,-0.557,-0.396,-0.502,0.47,0.486,-0.58,-0.537,-0.599,0.001,-0.514,-0.321,-0.275,0.661,-0.504,0.609,-0.566,-0.582,-0.264,-0.445,-0.411,0.44,0.403,0.043,0.522,0.492,-0.539,-0.519,-0.396,-0.604,-0.528,-0.408,-0.584
MARA,-0.406,0.689,-0.009,0.307,0.592,0.603,-0.346,0.556,0.21,-0.329,0.754,0.74,-0.457,0.615,-0.48,0.548,0.317,0.749,0.635,0.56,0.599,0.664,0.531,0.451,-0.542,0.474,0.665,0.621,0.335,0.064,0.148,0.605,0.622,-0.469,-0.195,-0.321,0.121,-0.177,0.704,-0.382,0.78,0.309,-0.439,0.449,-0.373,1.0,0.147,0.46,0.543,0.586,0.467,0.25,0.5,0.792,0.324,0.698,0.089,0.696,0.649,0.619,0.565,0.227,-0.085,-0.035,-0.308,0.567,-0.237,0.481,0.789,0.67,0.522,0.004,-0.49,0.384,0.707,0.61,0.332,0.938,0.619,0.467,-0.439,0.513,-0.069,0.569,0.686,0.308,0.68,0.629,-0.201,-0.311,0.535,-0.271,-0.313,0.641,0.468,0.53,0.517,0.585,0.604,0.618
MCHP,-0.051,0.217,0.381,0.843,0.365,0.439,0.078,0.051,0.914,-0.113,0.34,0.108,0.181,0.05,-0.035,-0.155,0.758,0.353,0.323,0.097,0.076,0.531,0.117,0.539,-0.028,0.567,0.365,-0.008,0.347,0.229,0.649,0.559,0.552,0.016,-0.049,0.376,0.588,-0.001,0.055,-0.024,0.229,0.308,-0.116,0.816,0.255,0.147,1.0,0.554,0.224,0.382,0.635,0.927,0.588,0.1,0.716,0.367,-0.467,0.345,0.38,0.511,0.333,0.585,0.821,0.51,0.149,0.173,0.439,0.079,0.229,-0.035,0.441,0.388,-0.036,0.272,0.346,0.325,0.192,0.158,0.216,0.253,-0.052,0.234,0.327,0.191,0.253,-0.412,0.192,0.074,0.691,-0.101,0.529,0.771,-0.267,0.078,-0.057,0.368,0.212,0.078,0.14,0.158
MDLZ,-0.584,0.6,-0.014,0.663,0.461,0.775,-0.55,0.332,0.589,-0.332,0.676,0.577,-0.391,0.591,-0.547,0.347,0.507,0.733,0.657,0.432,0.55,0.717,0.226,0.826,-0.551,0.301,0.617,0.353,0.327,-0.162,0.669,0.798,0.774,-0.559,-0.424,-0.298,0.274,-0.253,0.565,-0.581,0.543,0.572,-0.267,0.634,-0.348,0.46,0.554,1.0,0.597,0.807,0.756,0.632,0.817,0.522,0.519,0.673,-0.319,0.484,0.612,0.746,0.66,0.52,0.366,0.384,-0.409,0.734,-0.108,0.03,0.68,0.198,0.893,0.012,-0.558,0.531,0.706,0.681,0.044,0.588,0.552,0.392,-0.641,0.527,0.0,0.523,0.676,-0.186,0.462,0.391,0.185,-0.507,0.495,0.125,-0.652,0.513,0.299,0.529,0.585,0.42,0.208,0.595
META,-0.685,0.709,-0.35,0.441,0.549,0.823,-0.421,0.364,0.326,-0.605,0.701,0.685,-0.312,0.695,-0.617,0.564,0.338,0.578,0.79,0.657,0.782,0.521,0.591,0.742,-0.593,0.294,0.531,0.636,0.225,0.022,0.251,0.769,0.79,-0.59,-0.215,-0.405,0.383,-0.556,0.809,-0.629,0.675,0.702,-0.331,0.389,-0.651,0.543,0.224,0.597,1.0,0.869,0.547,0.342,0.684,0.593,0.386,0.709,-0.11,0.635,0.557,0.781,0.715,0.284,-0.033,-0.175,-0.271,0.809,-0.223,0.227,0.73,0.492,0.745,-0.299,-0.521,0.714,0.779,0.807,0.105,0.648,0.602,0.481,-0.693,0.668,-0.367,0.747,0.663,0.111,0.638,0.507,-0.183,-0.422,0.322,-0.18,-0.558,0.656,0.536,0.575,0.648,0.658,0.431,0.679
MNST,-0.729,0.789,-0.173,0.57,0.647,0.904,-0.478,0.494,0.436,-0.543,0.73,0.698,-0.321,0.725,-0.629,0.605,0.45,0.734,0.836,0.71,0.742,0.648,0.558,0.871,-0.572,0.385,0.681,0.585,0.349,-0.044,0.394,0.902,0.898,-0.562,-0.216,-0.363,0.4,-0.399,0.794,-0.612,0.717,0.706,-0.304,0.524,-0.589,0.586,0.382,0.807,0.869,1.0,0.708,0.506,0.843,0.675,0.464,0.78,-0.089,0.579,0.669,0.834,0.84,0.357,0.132,0.027,-0.328,0.89,-0.205,0.226,0.788,0.524,0.913,-0.189,-0.51,0.636,0.833,0.876,0.201,0.706,0.672,0.551,-0.712,0.711,-0.198,0.72,0.729,0.074,0.666,0.487,-0.071,-0.419,0.436,-0.075,-0.589,0.669,0.556,0.634,0.722,0.638,0.41,0.79
MRNA,-0.442,0.554,-0.057,0.684,0.454,0.698,-0.463,0.274,0.623,-0.397,0.629,0.498,-0.387,0.456,-0.593,0.227,0.549,0.643,0.57,0.31,0.446,0.637,0.225,0.731,-0.566,0.364,0.602,0.359,0.398,0.162,0.736,0.728,0.713,-0.5,-0.419,-0.14,0.221,-0.25,0.547,-0.43,0.592,0.563,-0.324,0.676,-0.26,0.467,0.635,0.756,0.547,0.708,1.0,0.72,0.715,0.336,0.541,0.565,-0.355,0.5,0.824,0.71,0.663,0.506,0.423,0.419,-0.411,0.649,-0.045,0.048,0.614,0.284,0.73,0.075,-0.52,0.572,0.615,0.6,0.017,0.571,0.525,0.38,-0.517,0.458,-0.107,0.481,0.653,-0.191,0.435,0.31,0.399,-0.466,0.502,0.144,-0.503,0.391,0.193,0.809,0.541,0.254,0.211,0.661
MRVL,-0.155,0.369,0.302,0.845,0.502,0.57,0.007,0.137,0.895,-0.14,0.458,0.248,0.084,0.201,-0.172,-0.042,0.748,0.456,0.428,0.216,0.124,0.566,0.236,0.61,-0.126,0.577,0.498,0.078,0.367,0.191,0.676,0.665,0.667,-0.096,-0.087,0.308,0.591,-0.067,0.224,-0.167,0.321,0.437,-0.159,0.792,0.087,0.25,0.927,0.632,0.342,0.506,0.72,1.0,0.695,0.228,0.712,0.463,-0.356,0.425,0.508,0.665,0.44,0.582,0.75,0.449,0.084,0.327,0.385,0.126,0.373,0.037,0.555,0.316,-0.116,0.328,0.466,0.445,0.2,0.29,0.361,0.362,-0.151,0.345,0.265,0.337,0.336,-0.289,0.31,0.198,0.651,-0.128,0.607,0.671,-0.301,0.186,0.057,0.513,0.322,0.116,0.179,0.291
MSFT,-0.566,0.661,-0.057,0.771,0.657,0.835,-0.336,0.25,0.682,-0.378,0.638,0.558,-0.267,0.596,-0.489,0.358,0.643,0.716,0.707,0.486,0.568,0.737,0.376,0.814,-0.5,0.507,0.659,0.307,0.207,-0.077,0.6,0.906,0.907,-0.455,-0.353,-0.178,0.456,-0.258,0.535,-0.504,0.545,0.588,-0.413,0.649,-0.388,0.5,0.588,0.817,0.684,0.843,0.715,0.695,1.0,0.513,0.576,0.705,-0.293,0.554,0.638,0.819,0.691,0.494,0.472,0.276,-0.299,0.668,0.013,0.168,0.673,0.294,0.839,-0.034,-0.488,0.587,0.744,0.709,0.086,0.591,0.534,0.39,-0.549,0.555,-0.121,0.566,0.605,-0.153,0.549,0.342,0.162,-0.412,0.526,0.251,-0.571,0.534,0.283,0.511,0.6,0.496,0.266,0.609
MSTR,-0.515,0.742,-0.063,0.229,0.54,0.644,-0.406,0.653,0.142,-0.408,0.692,0.687,-0.153,0.676,-0.329,0.649,0.313,0.715,0.738,0.763,0.605,0.554,0.528,0.596,-0.327,0.444,0.62,0.685,0.336,-0.038,0.046,0.661,0.628,-0.405,0.077,-0.291,0.336,-0.177,0.685,-0.455,0.681,0.498,-0.22,0.332,-0.467,0.792,0.1,0.522,0.593,0.675,0.336,0.228,0.513,1.0,0.167,0.671,0.183,0.5,0.412,0.592,0.593,0.171,-0.169,-0.129,-0.071,0.65,-0.164,0.455,0.715,0.695,0.634,-0.178,-0.255,0.362,0.709,0.748,0.43,0.818,0.52,0.625,-0.465,0.623,-0.02,0.526,0.615,0.382,0.575,0.644,-0.349,-0.197,0.333,-0.265,-0.341,0.67,0.699,0.38,0.547,0.695,0.598,0.619
MU,-0.24,0.353,0.271,0.825,0.607,0.528,0.033,0.199,0.684,-0.25,0.455,0.422,-0.049,0.229,-0.257,0.101,0.583,0.41,0.376,0.252,0.285,0.561,0.427,0.465,-0.217,0.554,0.473,0.148,0.351,0.262,0.392,0.595,0.6,-0.208,-0.132,0.116,0.52,-0.225,0.296,-0.177,0.479,0.306,-0.195,0.774,-0.084,0.324,0.716,0.519,0.386,0.464,0.541,0.712,0.576,0.167,1.0,0.543,-0.241,0.554,0.484,0.623,0.403,0.517,0.662,0.209,-0.08,0.337,0.116,0.204,0.46,0.114,0.459,0.309,-0.259,0.425,0.534,0.434,0.174,0.309,0.375,0.287,-0.215,0.342,0.171,0.481,0.476,-0.183,0.463,0.192,0.377,-0.166,0.581,0.431,-0.338,0.315,0.082,0.494,0.395,0.216,0.423,0.35
MVIS,-0.619,0.868,0.026,0.584,0.751,0.818,-0.497,0.548,0.455,-0.39,0.852,0.797,-0.407,0.64,-0.585,0.668,0.403,0.722,0.795,0.683,0.671,0.793,0.526,0.697,-0.546,0.56,0.762,0.685,0.434,-0.008,0.335,0.825,0.818,-0.62,-0.16,-0.418,0.395,-0.385,0.701,-0.595,0.802,0.494,-0.355,0.545,-0.505,0.698,0.367,0.673,0.709,0.78,0.565,0.463,0.705,0.671,0.543,1.0,-0.007,0.777,0.648,0.817,0.784,0.373,0.1,-0.045,-0.246,0.698,-0.253,0.539,0.818,0.637,0.74,0.049,-0.535,0.511,0.863,0.848,0.351,0.771,0.7,0.623,-0.626,0.726,-0.068,0.717,0.758,0.307,0.841,0.706,-0.075,-0.406,0.589,-0.118,-0.518,0.783,0.604,0.665,0.73,0.737,0.654,0.75
NFLX,0.072,0.157,0.104,-0.427,0.132,-0.074,0.173,0.406,-0.418,0.269,-0.067,0.088,0.084,-0.16,0.125,0.263,-0.367,-0.053,-0.087,0.283,-0.098,-0.264,0.209,-0.302,0.248,-0.096,0.08,0.216,0.189,-0.057,-0.467,-0.165,-0.158,0.135,0.505,-0.041,-0.121,0.171,0.056,0.144,0.062,-0.077,0.402,-0.372,-0.066,0.089,-0.467,-0.319,-0.11,-0.089,-0.355,-0.356,-0.293,0.183,-0.241,-0.007,1.0,0.044,-0.131,-0.096,-0.12,-0.566,-0.521,-0.408,0.243,-0.005,-0.346,0.367,0.007,0.407,-0.187,-0.006,0.25,-0.361,0.034,-0.006,0.346,0.002,0.083,0.173,0.191,-0.011,0.131,-0.057,-0.159,0.636,0.154,0.222,-0.386,0.458,0.029,-0.367,0.389,0.033,0.381,-0.044,0.014,-0.013,0.2,-0.007
NNDM,-0.306,0.667,0.118,0.471,0.691,0.708,-0.21,0.489,0.459,-0.246,0.773,0.695,-0.403,0.472,-0.468,0.476,0.347,0.629,0.59,0.514,0.588,0.672,0.546,0.427,-0.44,0.551,0.669,0.625,0.533,0.183,0.245,0.641,0.654,-0.49,-0.16,-0.237,0.256,-0.262,0.654,-0.361,0.681,0.349,-0.321,0.486,-0.297,0.696,0.345,0.484,0.635,0.579,0.5,0.425,0.554,0.5,0.554,0.777,0.044,1.0,0.635,0.779,0.53,0.241,0.014,0.024,-0.187,0.548,-0.245,0.564,0.676,0.54,0.495,0.222,-0.471,0.41,0.772,0.595,0.357,0.659,0.715,0.513,-0.475,0.493,0.079,0.687,0.635,0.256,0.814,0.692,-0.04,-0.264,0.68,-0.098,-0.309,0.672,0.442,0.628,0.542,0.587,0.61,0.498
NVAX,-0.414,0.674,-0.084,0.513,0.653,0.707,-0.345,0.373,0.398,-0.351,0.625,0.631,-0.567,0.486,-0.657,0.376,0.36,0.675,0.592,0.443,0.552,0.615,0.457,0.533,-0.625,0.427,0.681,0.48,0.376,0.008,0.509,0.699,0.704,-0.56,-0.379,-0.207,0.073,-0.293,0.611,-0.378,0.673,0.487,-0.404,0.525,-0.369,0.649,0.38,0.612,0.557,0.669,0.824,0.508,0.638,0.412,0.484,0.648,-0.131,0.635,1.0,0.731,0.648,0.351,0.165,0.118,-0.456,0.618,-0.282,0.284,0.682,0.476,0.644,0.121,-0.588,0.453,0.692,0.593,0.134,0.691,0.661,0.385,-0.447,0.463,-0.157,0.612,0.667,0.053,0.689,0.512,0.084,-0.433,0.544,-0.122,-0.321,0.578,0.368,0.846,0.611,0.363,0.387,0.725
NVDA,-0.526,0.794,0.003,0.692,0.747,0.895,-0.321,0.419,0.582,-0.386,0.793,0.692,-0.336,0.597,-0.578,0.433,0.462,0.763,0.691,0.609,0.629,0.671,0.61,0.719,-0.533,0.532,0.786,0.583,0.384,0.034,0.473,0.864,0.884,-0.538,-0.223,-0.209,0.479,-0.395,0.727,-0.54,0.673,0.595,-0.346,0.638,-0.447,0.619,0.511,0.746,0.781,0.834,0.71,0.665,0.819,0.592,0.623,0.817,-0.096,0.779,0.731,1.0,0.669,0.468,0.245,0.034,-0.257,0.757,-0.041,0.336,0.774,0.463,0.789,0.061,-0.446,0.608,0.876,0.755,0.238,0.708,0.739,0.574,-0.555,0.606,-0.062,0.781,0.727,0.117,0.757,0.553,0.133,-0.327,0.657,0.084,-0.481,0.702,0.458,0.7,0.652,0.546,0.453,0.673
NWL,-0.637,0.786,-0.109,0.484,0.592,0.777,-0.522,0.411,0.422,-0.566,0.697,0.625,-0.306,0.675,-0.582,0.571,0.512,0.588,0.837,0.666,0.63,0.681,0.444,0.789,-0.501,0.438,0.554,0.605,0.404,0.054,0.435,0.825,0.792,-0.555,-0.166,-0.342,0.345,-0.381,0.706,-0.569,0.697,0.624,-0.298,0.445,-0.582,0.565,0.333,0.66,0.715,0.84,0.663,0.44,0.691,0.593,0.403,0.784,-0.12,0.53,0.648,0.669,1.0,0.293,0.102,0.055,-0.256,0.705,-0.274,0.413,0.69,0.554,0.789,-0.119,-0.512,0.553,0.695,0.806,0.335,0.673,0.578,0.509,-0.642,0.683,-0.192,0.682,0.676,0.185,0.687,0.517,-0.015,-0.414,0.317,-0.115,-0.528,0.655,0.614,0.685,0.805,0.67,0.501,0.74
OCGN,-0.257,0.207,0.031,0.65,0.244,0.339,-0.155,-0.048,0.514,-0.347,0.337,0.203,-0.17,0.296,-0.294,0.083,0.372,0.401,0.249,-0.013,0.229,0.422,0.114,0.513,-0.37,0.328,0.376,0.033,0.097,0.108,0.546,0.426,0.411,-0.264,-0.33,0.059,0.387,-0.193,0.192,-0.284,0.275,0.193,-0.321,0.588,-0.025,0.227,0.585,0.52,0.284,0.357,0.506,0.582,0.494,0.171,0.517,0.373,-0.566,0.241,0.351,0.468,0.293,1.0,0.554,0.304,-0.244,0.282,0.471,-0.078,0.365,-0.058,0.39,0.135,-0.206,0.456,0.312,0.26,-0.124,0.312,0.247,0.313,-0.27,0.243,0.024,0.351,0.426,-0.277,0.16,0.058,0.42,-0.352,0.358,0.39,-0.424,0.328,-0.131,0.315,0.274,0.171,0.052,0.324
ON,-0.01,-0.041,0.247,0.795,0.18,0.153,0.175,-0.257,0.753,-0.078,0.04,-0.112,0.193,-0.094,0.057,-0.326,0.636,0.118,0.028,-0.206,-0.152,0.333,-0.104,0.347,0.017,0.378,0.116,-0.388,0.02,0.12,0.546,0.337,0.334,0.1,-0.192,0.374,0.465,0.034,-0.226,0.018,-0.0,0.128,-0.138,0.684,0.27,-0.085,0.821,0.366,-0.033,0.132,0.423,0.75,0.472,-0.169,0.662,0.1,-0.521,0.014,0.165,0.245,0.102,0.554,1.0,0.521,0.054,-0.066,0.535,-0.151,0.029,-0.344,0.226,0.318,-0.039,0.228,0.078,0.034,-0.109,-0.068,-0.072,-0.034,0.134,-0.001,0.179,-0.035,0.065,-0.575,-0.097,-0.285,0.698,-0.102,0.297,0.818,-0.239,-0.195,-0.39,0.095,0.012,-0.182,-0.147,0.012
