,AAL,AAPL,AGNC,AMAT,AMD,AMZN,APA,ARDX,AVGO,AZN,BIDU,BILI,BKR,CAN,CHRD,CMCSA,CPRT,CRWD,CSCO,CSX,DKNG,EBAY,ERIC,EXC,FITB,FLEX,FTNT,GEN,GERN,GEVO,GILD,GOOG,GOOGL,GT,HBAN,HST,INTC,IOVA,IQ,JBLU,JD,KDP,KHC,LRCX,LYFT,MARA,MCHP,MDLZ,META,MNST,MRNA,MRVL,MSFT,MSTR,MU,MVIS,NFLX,NNDM,NVAX,NVDA,NWL,OCGN,ON,OPK,PAA,PACB,PANW,PARA,PDD,PENN,PEP,PLUG,PTEN,PTON,PYPL,QCOM,QVCGA,RIOT,ROKU,RUN,SABR,SBUX,SMCI,SNDL,STNE,TCOM,TLRY,TMUS,TSCO,TSLA,TTD,TXN,UAL,VOD,VTRS,VXRT,WBA,WBD,WDC,ZM
AAL,1.0,-0.224,0.292,0.533,0.378,0.197,0.546,0.667,0.113,-0.611,0.572,0.42,0.213,0.557,0.516,-0.26,0.465,0.176,-0.049,-0.024,0.075,-0.318,0.268,-0.433,0.526,0.17,0.088,0.029,-0.051,0.498,-0.558,-0.042,-0.06,0.588,0.403,0.645,0.646,0.292,0.593,0.852,0.274,-0.193,0.182,0.568,0.639,0.026,0.248,-0.263,0.004,0.583,0.436,0.105,-0.362,0.441,0.55,0.612,-0.269,0.584,0.177,0.028,0.47,0.758,0.516,0.248,0.505,0.489,0.117,0.208,0.281,0.209,-0.631,0.728,0.573,0.168,0.053,0.462,0.735,0.509,0.51,0.61,0.646,0.367,0.568,0.715,0.398,-0.029,0.629,0.185,-0.39,0.212,0.757,0.464,0.842,0.061,0.135,0.773,0.052,0.622,0.686,0.27
AAPL,-0.224,1.0,0.402,0.261,0.482,0.765,0.443,0.002,0.614,0.316,0.344,0.512,0.574,0.18,0.302,0.802,0.455,0.386,0.52,-0.564,0.544,0.577,0.497,0.684,0.308,0.691,0.6,0.462,0.616,0.264,0.377,0.657,0.622,0.13,0.301,0.383,0.234,0.445,0.138,0.021,0.499,0.619,-0.297,0.161,-0.242,0.499,0.485,-0.32,0.782,-0.13,-0.089,0.282,0.484,-0.224,0.094,0.065,0.702,0.303,0.515,0.525,0.423,-0.198,0.422,0.304,0.05,0.439,0.439,0.455,0.485,0.468,0.323,0.119,0.34,-0.681,0.795,0.283,0.081,-0.108,-0.322,0.098,0.211,0.42,0.108,0.07,-0.529,0.653,-0.03,-0.432,0.388,0.662,-0.253,0.374,0.042,0.362,0.072,-0.05,0.669,-0.067,-0.334,-0.592
AGNC,0.292,0.402,1.0,0.234,0.548,0.496,0.476,0.168,0.5,0.021,0.287,0.324,0.672,0.36,0.404,0.411,0.481,0.492,0.568,-0.089,0.499,0.31,0.582,0.321,0.764,0.362,0.488,0.466,0.429,0.443,0.217,0.559,0.56,0.231,0.67,0.649,0.527,0.367,0.044,0.513,0.503,0.424,-0.135,0.247,0.028,0.405,0.552,-0.265,0.565,0.044,-0.231,0.465,0.359,0.101,0.142,0.337,0.369,0.193,0.18,0.551,0.51,0.079,0.479,0.685,0.216,0.44,0.467,0.326,0.45,0.545,-0.125,0.126,0.478,-0.166,0.426,0.491,0.448,0.399,-0.02,0.153,0.574,0.297,0.03,0.219,-0.04,0.434,0.137,-0.185,0.019,0.407,0.135,0.5,0.544,0.642,-0.197,0.358,0.36,0.237,0.135,-0.177
AMAT,0.533,0.261,0.234,1.0,0.558,0.586,0.642,0.464,0.472,-0.294,0.663,0.56,0.547,0.615,0.416,0.197,0.743,0.514,0.339,-0.59,0.417,0.156,0.492,0.13,0.433,0.598,0.495,0.224,0.474,0.65,-0.317,0.45,0.488,0.381,0.387,0.553,0.696,0.668,0.615,0.43,0.572,0.191,-0.396,0.881,0.181,0.529,0.646,-0.559,0.449,0.338,0.46,0.414,0.202,0.292,0.821,0.575,0.33,0.619,0.225,0.517,0.388,0.502,0.75,0.416,-0.0,0.645,0.466,0.439,0.547,0.517,-0.379,0.687,0.557,-0.312,0.465,0.275,0.492,0.41,0.205,0.413,0.617,0.331,0.36,0.49,-0.12,0.462,0.37,-0.324,-0.171,0.545,0.325,0.69,0.494,0.258,0.004,0.628,0.211,0.224,0.412,-0.214
AMD,0.378,0.482,0.548,0.558,1.0,0.573,0.594,0.323,0.649,0.074,0.363,0.4,0.655,0.562,0.384,0.32,0.579,0.512,0.443,-0.378,0.554,0.545,0.623,0.29,0.625,0.654,0.626,0.532,0.598,0.624,0.095,0.593,0.58,0.326,0.593,0.615,0.598,0.58,0.196,0.504,0.506,0.428,-0.308,0.506,-0.045,0.487,0.652,-0.362,0.575,0.252,0.05,0.478,0.326,0.065,0.418,0.382,0.328,0.535,0.484,0.563,0.47,0.291,0.659,0.548,0.185,0.615,0.549,0.37,0.453,0.583,-0.228,0.433,0.564,-0.465,0.591,0.461,0.534,0.356,-0.0,0.216,0.444,0.477,0.166,0.296,-0.28,0.48,0.132,-0.398,0.014,0.574,0.3,0.652,0.519,0.502,-0.163,0.504,0.387,0.045,0.143,-0.373
AMZN,0.197,0.765,0.496,0.586,0.573,1.0,0.733,0.216,0.765,-0.092,0.684,0.767,0.743,0.553,0.502,0.758,0.726,0.604,0.554,-0.602,0.569,0.358,0.65,0.522,0.542,0.775,0.736,0.46,0.712,0.566,0.047,0.795,0.757,0.409,0.454,0.714,0.646,0.703,0.406,0.346,0.766,0.595,-0.322,0.483,0.074,0.699,0.669,-0.567,0.867,0.131,0.102,0.38,0.396,0.017,0.377,0.392,0.689,0.591,0.478,0.666,0.633,0.157,0.683,0.509,0.042,0.752,0.6,0.604,0.741,0.582,0.034,0.424,0.666,-0.598,0.843,0.488,0.428,0.238,-0.013,0.439,0.63,0.522,0.356,0.436,-0.32,0.739,0.288,-0.472,0.228,0.789,0.002,0.662,0.379,0.459,0.152,0.294,0.73,0.173,-0.058,-0.435
APA,0.546,0.443,0.476,0.642,0.594,0.733,1.0,0.418,0.603,-0.271,0.833,0.791,0.729,0.667,0.676,0.466,0.721,0.494,0.418,-0.542,0.523,0.175,0.674,0.192,0.622,0.695,0.569,0.363,0.554,0.665,-0.309,0.532,0.526,0.562,0.515,0.776,0.729,0.723,0.615,0.542,0.734,0.316,-0.239,0.631,0.364,0.665,0.651,-0.578,0.589,0.287,0.156,0.333,0.143,0.274,0.514,0.623,0.44,0.768,0.488,0.551,0.653,0.396,0.799,0.542,0.341,0.688,0.525,0.562,0.699,0.575,-0.277,0.555,0.773,-0.431,0.578,0.586,0.588,0.41,0.102,0.572,0.716,0.47,0.509,0.735,-0.126,0.56,0.514,-0.315,0.087,0.741,0.295,0.651,0.551,0.348,0.186,0.514,0.575,0.404,0.269,-0.305
ARDX,0.667,0.002,0.168,0.464,0.323,0.216,0.418,1.0,0.258,-0.431,0.442,0.296,0.116,0.514,0.544,-0.106,0.344,0.123,-0.171,-0.105,0.034,-0.236,0.252,-0.304,0.274,0.278,0.102,-0.039,-0.007,0.333,-0.413,0.018,-0.042,0.518,0.172,0.376,0.43,0.359,0.536,0.606,0.173,-0.02,0.223,0.568,0.439,0.113,0.157,-0.178,0.013,0.494,0.543,0.04,-0.369,0.447,0.489,0.561,-0.217,0.491,0.291,-0.054,0.478,0.68,0.383,0.316,0.486,0.476,0.027,0.099,0.197,0.133,-0.503,0.699,0.524,0.088,0.126,0.356,0.549,0.493,0.559,0.617,0.416,0.411,0.609,0.544,0.264,-0.12,0.55,0.166,-0.324,0.267,0.669,0.328,0.551,-0.067,0.263,0.64,0.088,0.522,0.445,0.183
AVGO,0.113,0.614,0.5,0.472,0.649,0.765,0.603,0.258,1.0,-0.084,0.448,0.462,0.653,0.602,0.477,0.539,0.643,0.613,0.482,-0.501,0.557,0.352,0.632,0.41,0.563,0.743,0.73,0.417,0.657,0.557,-0.012,0.798,0.755,0.362,0.492,0.641,0.556,0.646,0.169,0.34,0.636,0.577,-0.264,0.449,-0.053,0.696,0.711,-0.559,0.814,0.106,-0.117,0.465,0.313,0.068,0.298,0.482,0.555,0.44,0.265,0.634,0.669,0.057,0.635,0.58,0.008,0.597,0.578,0.372,0.592,0.608,-0.111,0.237,0.658,-0.478,0.789,0.503,0.387,0.417,0.015,0.277,0.489,0.321,0.185,0.234,-0.245,0.516,0.175,-0.504,0.14,0.676,0.012,0.66,0.346,0.456,-0.054,0.225,0.496,-0.036,0.014,-0.36
AZN,-0.611,0.316,0.021,-0.294,0.074,-0.092,-0.271,-0.431,-0.084,1.0,-0.479,-0.348,0.053,-0.458,-0.406,0.307,-0.285,-0.05,0.274,0.007,0.21,0.692,-0.011,0.552,-0.116,0.11,0.094,0.44,0.295,-0.211,0.746,0.136,0.089,-0.563,0.028,-0.36,-0.496,-0.16,-0.446,-0.495,-0.124,0.357,-0.381,-0.382,-0.641,-0.002,0.004,0.209,0.01,-0.502,-0.327,0.02,0.434,-0.578,-0.318,-0.499,0.271,-0.359,0.098,0.155,-0.313,-0.577,-0.189,-0.057,-0.282,-0.339,0.134,0.063,-0.169,0.072,0.438,-0.474,-0.385,-0.38,-0.042,-0.363,-0.465,-0.485,-0.647,-0.639,-0.474,-0.141,-0.522,-0.582,-0.633,0.292,-0.571,-0.423,0.278,-0.094,-0.595,-0.322,-0.457,0.246,-0.309,-0.415,0.164,-0.497,-0.535,-0.497
BIDU,0.572,0.344,0.287,0.663,0.363,0.684,0.833,0.442,0.448,-0.479,1.0,0.895,0.544,0.654,0.635,0.372,0.692,0.501,0.26,-0.557,0.403,-0.038,0.567,0.039,0.462,0.603,0.494,0.177,0.361,0.63,-0.473,0.369,0.393,0.554,0.413,0.704,0.695,0.648,0.79,0.54,0.76,0.091,-0.176,0.614,0.477,0.514,0.504,-0.623,0.519,0.303,0.344,0.286,-0.03,0.379,0.57,0.634,0.355,0.76,0.413,0.371,0.618,0.451,0.711,0.356,0.324,0.688,0.494,0.511,0.787,0.476,-0.327,0.661,0.674,-0.246,0.5,0.523,0.578,0.411,0.303,0.747,0.713,0.392,0.536,0.825,0.021,0.463,0.606,-0.159,-0.055,0.686,0.319,0.592,0.554,0.175,0.298,0.517,0.402,0.42,0.366,-0.155
BILI,0.42,0.512,0.324,0.56,0.4,0.767,0.791,0.296,0.462,-0.348,0.895,1.0,0.636,0.611,0.618,0.546,0.724,0.553,0.428,-0.63,0.543,0.054,0.688,0.225,0.5,0.599,0.527,0.252,0.478,0.647,-0.32,0.491,0.486,0.484,0.454,0.722,0.645,0.71,0.667,0.467,0.808,0.25,-0.275,0.483,0.338,0.603,0.504,-0.645,0.601,0.191,0.331,0.393,0.18,0.26,0.483,0.551,0.506,0.737,0.56,0.51,0.566,0.404,0.689,0.366,0.243,0.699,0.572,0.603,0.833,0.534,-0.152,0.591,0.606,-0.34,0.649,0.432,0.464,0.269,0.085,0.6,0.666,0.462,0.473,0.705,-0.128,0.616,0.471,-0.26,0.138,0.726,0.206,0.569,0.52,0.273,0.316,0.487,0.546,0.356,0.202,-0.283
BKR,0.213,0.574,0.672,0.547,0.655,0.743,0.729,0.116,0.653,0.053,0.544,0.636,1.0,0.432,0.454,0.592,0.703,0.667,0.713,-0.6,0.69,0.487,0.774,0.535,0.699,0.711,0.652,0.557,0.772,0.695,0.111,0.759,0.803,0.321,0.656,0.705,0.671,0.721,0.221,0.37,0.805,0.499,-0.495,0.413,0.011,0.719,0.764,-0.616,0.724,-0.06,-0.078,0.564,0.557,-0.045,0.336,0.427,0.63,0.475,0.323,0.807,0.536,0.057,0.759,0.649,-0.004,0.604,0.759,0.546,0.729,0.737,-0.077,0.281,0.565,-0.474,0.609,0.398,0.398,0.216,-0.23,0.152,0.682,0.316,0.105,0.374,-0.379,0.732,0.166,-0.532,0.159,0.631,-0.077,0.632,0.44,0.596,-0.135,0.345,0.556,0.092,0.026,-0.473
CAN,0.557,0.18,0.36,0.615,0.562,0.553,0.667,0.514,0.602,-0.458,0.654,0.611,0.432,1.0,0.703,0.215,0.676,0.559,0.254,-0.275,0.446,-0.012,0.611,0.031,0.57,0.522,0.578,0.315,0.419,0.594,-0.39,0.449,0.464,0.488,0.502,0.602,0.667,0.647,0.515,0.593,0.58,0.165,-0.168,0.649,0.334,0.63,0.547,-0.568,0.475,0.394,0.342,0.434,0.019,0.547,0.567,0.675,0.277,0.598,0.466,0.43,0.553,0.583,0.56,0.508,0.266,0.638,0.432,0.315,0.582,0.504,-0.507,0.572,0.723,-0.192,0.535,0.388,0.548,0.739,0.337,0.619,0.576,0.298,0.368,0.534,0.075,0.291,0.37,-0.234,-0.017,0.587,0.476,0.616,0.663,0.31,0.163,0.644,0.272,0.187,0.437,-0.043
CHRD,0.516,0.302,0.404,0.416,0.384,0.502,0.676,0.544,0.477,-0.406,0.635,0.618,0.454,0.703,1.0,0.302,0.551,0.353,0.123,-0.259,0.413,-0.146,0.613,0.045,0.529,0.513,0.406,0.226,0.241,0.501,-0.363,0.318,0.29,0.663,0.394,0.599,0.546,0.54,0.532,0.6,0.538,0.158,0.128,0.532,0.481,0.437,0.395,-0.457,0.384,0.372,0.328,0.195,-0.184,0.446,0.392,0.667,0.229,0.566,0.513,0.21,0.74,0.488,0.564,0.324,0.501,0.588,0.283,0.38,0.537,0.435,-0.351,0.558,0.764,-0.134,0.404,0.442,0.525,0.473,0.244,0.605,0.587,0.44,0.511,0.597,0.117,0.163,0.523,-0.054,0.091,0.554,0.429,0.467,0.612,0.274,0.29,0.493,0.441,0.447,0.338,0.005
CMCSA,-0.26,0.802,0.411,0.197,0.32,0.758,0.466,-0.106,0.539,0.307,0.372,0.546,0.592,0.215,0.302,1.0,0.421,0.419,0.542,-0.466,0.539,0.481,0.529,0.751,0.261,0.583,0.601,0.515,0.667,0.287,0.409,0.686,0.644,0.108,0.29,0.357,0.224,0.482,0.176,-0.038,0.581,0.702,-0.337,0.157,-0.207,0.668,0.45,-0.288,0.723,-0.144,-0.141,0.334,0.516,-0.079,0.046,0.08,0.739,0.292,0.489,0.54,0.397,-0.186,0.375,0.411,-0.067,0.47,0.487,0.544,0.569,0.453,0.464,0.03,0.373,-0.571,0.695,0.264,0.042,-0.016,-0.394,0.134,0.256,0.408,0.175,0.118,-0.511,0.68,0.022,-0.466,0.526,0.616,-0.351,0.313,-0.016,0.45,0.23,-0.116,0.789,0.006,-0.355,-0.589
CPRT,0.465,0.455,0.481,0.743,0.579,0.726,0.721,0.344,0.643,-0.285,0.692,0.724,0.703,0.676,0.551,0.421,1.0,0.693,0.503,-0.584,0.64,0.168,0.723,0.32,0.658,0.655,0.606,0.311,0.568,0.68,-0.25,0.562,0.598,0.491,0.608,0.791,0.709,0.768,0.476,0.489,0.693,0.421,-0.301,0.673,0.214,0.643,0.765,-0.665,0.654,0.349,0.201,0.462,0.308,0.306,0.635,0.694,0.441,0.685,0.304,0.635,0.597,0.434,0.807,0.534,0.051,0.735,0.567,0.565,0.677,0.73,-0.279,0.591,0.613,-0.398,0.683,0.406,0.587,0.464,0.092,0.446,0.72,0.414,0.357,0.544,-0.126,0.54,0.414,-0.338,-0.022,0.682,0.271,0.74,0.607,0.38,0.045,0.594,0.416,0.229,0.419,-0.234
CRWD,0.176,0.386,0.492,0.514,0.512,0.604,0.494,0.123,0.613,-0.05,0.501,0.553,0.667,0.559,0.353,0.419,0.693,1.0,0.638,-0.456,0.846,0.376,0.746,0.423,0.576,0.508,0.769,0.498,0.614,0.775,0.002,0.704,0.679,0.027,0.775,0.601,0.522,0.683,0.159,0.262,0.788,0.499,-0.589,0.409,-0.192,0.659,0.739,-0.644,0.69,-0.065,0.033,0.666,0.435,0.049,0.488,0.581,0.57,0.419,0.234,0.692,0.395,0.185,0.638,0.496,-0.249,0.471,0.871,0.459,0.802,0.872,-0.219,0.286,0.413,-0.377,0.603,0.176,0.378,0.429,-0.062,0.186,0.456,0.122,-0.002,0.357,-0.209,0.634,0.078,-0.543,0.071,0.538,0.003,0.62,0.432,0.517,-0.16,0.425,0.372,-0.14,0.252,-0.317
CSCO,-0.049,0.52,0.568,0.339,0.443,0.554,0.418,-0.171,0.482,0.274,0.26,0.428,0.713,0.254,0.123,0.542,0.503,0.638,1.0,-0.405,0.646,0.51,0.629,0.709,0.651,0.428,0.567,0.607,0.66,0.469,0.318,0.728,0.729,-0.181,0.631,0.485,0.388,0.476,-0.023,0.106,0.651,0.588,-0.667,0.14,-0.368,0.655,0.575,-0.463,0.635,-0.275,-0.195,0.688,0.85,-0.054,0.166,0.208,0.785,0.202,0.197,0.921,0.191,-0.094,0.476,0.579,-0.266,0.337,0.721,0.501,0.592,0.644,0.156,-0.041,0.213,-0.447,0.502,0.095,0.087,0.175,-0.37,-0.154,0.29,-0.032,-0.263,0.019,-0.347,0.873,-0.127,-0.484,0.314,0.444,-0.297,0.398,0.256,0.652,-0.294,0.163,0.394,-0.152,-0.134,-0.506
CSX,-0.024,-0.564,-0.089,-0.59,-0.378,-0.602,-0.542,-0.105,-0.501,0.007,-0.557,-0.63,-0.6,-0.275,-0.259,-0.466,-0.584,-0.456,-0.405,1.0,-0.555,-0.341,-0.561,-0.318,-0.214,-0.632,-0.372,-0.221,-0.624,-0.564,0.176,-0.49,-0.559,-0.216,-0.252,-0.408,-0.323,-0.689,-0.441,-0.063,-0.632,-0.302,0.537,-0.46,0.061,-0.605,-0.544,0.666,-0.568,0.119,-0.224,-0.358,-0.299,0.11,-0.505,-0.386,-0.573,-0.526,-0.295,-0.557,-0.263,-0.073,-0.589,-0.224,0.128,-0.467,-0.557,-0.52,-0.603,-0.572,0.084,-0.402,-0.327,0.492,-0.624,-0.092,-0.046,0.056,0.207,-0.149,-0.445,-0.289,-0.193,-0.299,0.556,-0.6,-0.18,0.532,-0.077,-0.594,0.154,-0.354,-0.106,-0.13,0.014,-0.21,-0.37,0.019,-0.024,0.629
DKNG,0.075,0.544,0.499,0.417,0.554,0.569,0.523,0.034,0.557,0.21,0.403,0.543,0.69,0.446,0.413,0.539,0.64,0.846,0.646,-0.555,1.0,0.539,0.824,0.541,0.548,0.576,0.697,0.65,0.666,0.738,0.103,0.688,0.645,0.012,0.786,0.557,0.343,0.653,0.178,0.202,0.736,0.588,-0.603,0.377,-0.259,0.666,0.756,-0.591,0.666,-0.136,0.003,0.611,0.437,-0.074,0.456,0.484,0.633,0.395,0.467,0.662,0.356,0.102,0.659,0.368,-0.171,0.391,0.831,0.523,0.74,0.932,-0.118,0.221,0.351,-0.524,0.653,0.113,0.203,0.216,-0.329,0.007,0.374,0.249,0.034,0.243,-0.464,0.667,-0.054,-0.667,0.261,0.583,-0.088,0.487,0.351,0.503,-0.195,0.363,0.531,-0.172,0.153,-0.547
EBAY,-0.318,0.577,0.31,0.156,0.545,0.358,0.175,-0.236,0.352,0.692,-0.038,0.054,0.487,-0.012,-0.146,0.481,0.168,0.376,0.51,-0.341,0.539,1.0,0.344,0.645,0.231,0.526,0.483,0.654,0.59,0.239,0.598,0.513,0.495,-0.332,0.359,0.06,-0.024,0.238,-0.264,-0.218,0.295,0.578,-0.557,0.042,-0.586,0.363,0.424,-0.077,0.465,-0.288,-0.333,0.293,0.573,-0.427,0.007,-0.221,0.516,0.005,0.271,0.481,0.04,-0.404,0.231,0.214,-0.29,0.041,0.518,0.169,0.25,0.458,0.233,-0.157,-0.058,-0.632,0.42,-0.058,-0.15,-0.156,-0.549,-0.377,-0.062,0.113,-0.291,-0.215,-0.702,0.574,-0.468,-0.646,0.217,0.294,-0.414,0.141,-0.138,0.372,-0.399,-0.148,0.387,-0.488,-0.354,-0.645
ERIC,0.268,0.497,0.582,0.492,0.623,0.65,0.674,0.252,0.632,-0.011,0.567,0.688,0.774,0.611,0.613,0.529,0.723,0.746,0.629,-0.561,0.824,0.344,1.0,0.413,0.658,0.652,0.628,0.514,0.709,0.772,-0.045,0.668,0.681,0.309,0.708,0.719,0.567,0.794,0.315,0.449,0.848,0.564,-0.449,0.505,0.033,0.775,0.706,-0.621,0.664,0.114,0.083,0.582,0.367,0.203,0.47,0.632,0.595,0.546,0.5,0.705,0.479,0.304,0.688,0.599,0.042,0.583,0.799,0.555,0.808,0.816,-0.184,0.425,0.586,-0.437,0.636,0.305,0.394,0.444,-0.081,0.248,0.584,0.398,0.11,0.401,-0.372,0.64,0.184,-0.513,0.173,0.648,0.13,0.582,0.531,0.534,-0.074,0.523,0.471,0.073,0.201,-0.507
EXC,-0.433,0.684,0.321,0.13,0.29,0.522,0.192,-0.304,0.41,0.552,0.039,0.225,0.535,0.031,0.045,0.751,0.32,0.423,0.709,-0.318,0.541,0.645,0.413,1.0,0.291,0.5,0.524,0.646,0.651,0.156,0.612,0.651,0.655,-0.181,0.375,0.169,0.064,0.346,-0.18,-0.22,0.424,0.688,-0.509,-0.056,-0.449,0.555,0.46,-0.238,0.595,-0.372,-0.321,0.373,0.786,-0.24,-0.106,-0.074,0.743,0.004,0.333,0.657,0.145,-0.383,0.228,0.346,-0.359,0.196,0.502,0.405,0.376,0.487,0.45,-0.235,0.08,-0.64,0.487,-0.049,-0.157,-0.106,-0.545,-0.249,0.031,0.048,-0.248,-0.194,-0.542,0.694,-0.334,-0.488,0.537,0.421,-0.559,0.17,-0.114,0.511,-0.134,-0.216,0.582,-0.312,-0.449,-0.603
FITB,0.526,0.308,0.764,0.433,0.625,0.542,0.622,0.274,0.563,-0.116,0.462,0.5,0.699,0.57,0.529,0.261,0.658,0.576,0.651,-0.214,0.548,0.231,0.658,0.291,1.0,0.527,0.552,0.538,0.479,0.574,-0.031,0.547,0.522,0.357,0.808,0.802,0.676,0.534,0.176,0.646,0.606,0.326,-0.268,0.324,0.174,0.455,0.635,-0.524,0.529,0.109,-0.053,0.555,0.336,0.176,0.27,0.521,0.374,0.446,0.283,0.662,0.631,0.284,0.649,0.626,0.253,0.557,0.538,0.449,0.525,0.659,-0.343,0.321,0.604,-0.214,0.43,0.457,0.553,0.469,0.017,0.28,0.662,0.178,0.086,0.376,-0.031,0.526,0.241,-0.222,0.001,0.52,0.217,0.602,0.732,0.65,-0.193,0.527,0.351,0.24,0.3,-0.17
FLEX,0.17,0.691,0.362,0.598,0.654,0.775,0.695,0.278,0.743,0.11,0.603,0.599,0.711,0.522,0.513,0.583,0.655,0.508,0.428,-0.632,0.576,0.526,0.652,0.5,0.527,1.0,0.699,0.538,0.73,0.542,0.06,0.672,0.651,0.42,0.457,0.581,0.522,0.733,0.354,0.306,0.662,0.48,-0.358,0.499,0.028,0.628,0.696,-0.559,0.716,0.109,0.058,0.324,0.276,-0.008,0.386,0.413,0.571,0.554,0.488,0.56,0.614,0.086,0.693,0.414,0.119,0.595,0.568,0.475,0.61,0.611,-0.117,0.418,0.636,-0.642,0.675,0.383,0.364,0.216,-0.077,0.324,0.491,0.416,0.24,0.368,-0.473,0.592,0.161,-0.54,0.132,0.727,-0.013,0.567,0.331,0.433,0.01,0.272,0.593,0.023,0.017,-0.54
FTNT,0.088,0.6,0.488,0.495,0.626,0.736,0.569,0.102,0.73,0.094,0.494,0.527,0.652,0.578,0.406,0.601,0.606,0.769,0.567,-0.372,0.697,0.483,0.628,0.524,0.552,0.699,1.0,0.606,0.636,0.561,0.137,0.722,0.686,0.181,0.632,0.553,0.515,0.587,0.231,0.228,0.678,0.499,-0.478,0.394,-0.135,0.635,0.79,-0.524,0.735,0.051,-0.049,0.548,0.421,0.043,0.337,0.329,0.616,0.375,0.431,0.647,0.556,0.059,0.666,0.476,0.011,0.545,0.69,0.342,0.65,0.704,-0.003,0.176,0.54,-0.555,0.655,0.396,0.358,0.317,-0.12,0.286,0.362,0.256,0.113,0.26,-0.341,0.643,-0.003,-0.589,0.273,0.615,-0.048,0.737,0.301,0.524,0.047,0.263,0.554,-0.151,0.045,-0.364
GEN,0.029,0.462,0.466,0.224,0.532,0.46,0.363,-0.039,0.417,0.44,0.177,0.252,0.557,0.315,0.226,0.515,0.311,0.498,0.607,-0.221,0.65,0.654,0.514,0.646,0.538,0.538,0.606,1.0,0.635,0.377,0.459,0.557,0.524,-0.096,0.702,0.36,0.249,0.335,0.021,0.187,0.493,0.469,-0.532,0.111,-0.268,0.494,0.554,-0.319,0.47,-0.253,-0.179,0.446,0.472,-0.228,0.102,0.086,0.518,0.126,0.482,0.572,0.289,-0.148,0.391,0.33,-0.078,0.234,0.629,0.351,0.452,0.62,0.015,-0.041,0.263,-0.553,0.453,0.103,0.048,0.059,-0.472,-0.146,0.192,0.107,-0.068,-0.015,-0.546,0.61,-0.271,-0.595,0.412,0.385,-0.259,0.288,0.272,0.544,-0.231,0.089,0.592,-0.253,-0.161,-0.575
GERN,-0.051,0.616,0.429,0.474,0.598,0.712,0.554,-0.007,0.657,0.295,0.361,0.478,0.772,0.419,0.241,0.667,0.568,0.614,0.66,-0.624,0.666,0.59,0.709,0.651,0.479,0.73,0.636,0.635,1.0,0.551,0.312,0.806,0.838,0.092,0.536,0.473,0.45,0.752,0.121,0.158,0.702,0.597,-0.678,0.339,-0.215,0.815,0.701,-0.568,0.761,-0.225,-0.061,0.557,0.605,-0.168,0.304,0.293,0.696,0.369,0.375,0.804,0.238,-0.047,0.499,0.627,-0.211,0.487,0.723,0.551,0.607,0.689,0.008,0.202,0.492,-0.618,0.681,0.146,0.162,0.15,-0.303,0.046,0.411,0.215,-0.066,0.112,-0.633,0.728,-0.076,-0.661,0.294,0.635,-0.244,0.429,0.204,0.605,-0.212,0.209,0.52,-0.181,-0.133,-0.71
GEVO,0.498,0.264,0.443,0.65,0.624,0.566,0.665,0.333,0.557,-0.211,0.63,0.647,0.695,0.594,0.501,0.287,0.68,0.775,0.469,-0.564,0.738,0.239,0.772,0.156,0.574,0.542,0.561,0.377,0.551,1.0,-0.266,0.61,0.606,0.314,0.691,0.738,0.616,0.697,0.397,0.538,0.798,0.342,-0.473,0.611,0.032,0.618,0.645,-0.681,0.577,0.137,0.213,0.584,0.199,0.122,0.639,0.678,0.405,0.651,0.299,0.57,0.444,0.453,0.76,0.463,-0.046,0.588,0.811,0.537,0.807,0.734,-0.416,0.583,0.603,-0.24,0.535,0.242,0.516,0.444,0.052,0.308,0.647,0.309,0.267,0.588,-0.16,0.537,0.33,-0.493,-0.12,0.516,0.294,0.59,0.634,0.467,-0.115,0.646,0.347,0.167,0.353,-0.311
GILD,-0.558,0.377,0.217,-0.317,0.095,0.047,-0.309,-0.413,-0.012,0.746,-0.473,-0.32,0.111,-0.39,-0.363,0.409,-0.25,0.002,0.318,0.176,0.103,0.598,-0.045,0.612,-0.031,0.06,0.137,0.459,0.312,-0.266,1.0,0.266,0.218,-0.489,0.08,-0.231,-0.28,-0.153,-0.543,-0.355,-0.105,0.456,-0.225,-0.398,-0.637,0.017,-0.01,0.31,0.184,-0.428,-0.38,0.079,0.526,-0.453,-0.417,-0.504,0.28,-0.362,0.072,0.166,-0.215,-0.519,-0.264,0.122,-0.307,-0.155,0.095,0.067,-0.141,0.039,0.536,-0.441,-0.274,-0.325,0.09,-0.194,-0.274,-0.307,-0.489,-0.515,-0.389,-0.042,-0.429,-0.539,-0.451,0.239,-0.495,-0.201,0.353,-0.06,-0.496,-0.185,-0.338,0.353,-0.237,-0.417,0.276,-0.347,-0.552,-0.408
GOOG,-0.042,0.657,0.559,0.45,0.593,0.795,0.532,0.018,0.798,0.136,0.369,0.491,0.759,0.449,0.318,0.686,0.562,0.704,0.728,-0.49,0.688,0.513,0.668,0.651,0.547,0.672,0.722,0.557,0.806,0.61,0.266,1.0,0.915,0.089,0.558,0.558,0.53,0.696,0.09,0.208,0.727,0.709,-0.522,0.34,-0.305,0.761,0.707,-0.546,0.876,-0.142,-0.117,0.691,0.635,-0.086,0.287,0.337,0.728,0.359,0.301,0.789,0.42,-0.01,0.579,0.635,-0.262,0.536,0.723,0.534,0.683,0.664,0.025,0.147,0.51,-0.454,0.75,0.264,0.298,0.285,-0.153,0.078,0.41,0.236,0.032,0.167,-0.307,0.732,0.008,-0.549,0.267,0.679,-0.151,0.554,0.258,0.715,-0.216,0.22,0.568,-0.058,-0.124,-0.469
GOOGL,-0.06,0.622,0.56,0.488,0.58,0.757,0.526,-0.042,0.755,0.089,0.393,0.486,0.803,0.464,0.29,0.644,0.598,0.679,0.729,-0.559,0.645,0.495,0.681,0.655,0.522,0.651,0.686,0.524,0.838,0.606,0.218,0.915,1.0,0.163,0.54,0.529,0.542,0.688,0.091,0.184,0.74,0.596,-0.573,0.342,-0.231,0.82,0.739,-0.637,0.874,-0.168,-0.178,0.664,0.691,-0.044,0.261,0.326,0.765,0.321,0.252,0.847,0.329,-0.045,0.525,0.67,-0.283,0.538,0.733,0.481,0.682,0.657,-0.02,0.118,0.499,-0.464,0.706,0.227,0.209,0.328,-0.147,0.095,0.501,0.169,-0.092,0.145,-0.384,0.729,-0.022,-0.57,0.214,0.618,-0.173,0.548,0.262,0.667,-0.237,0.217,0.447,-0.129,-0.13,-0.544
GT,0.588,0.13,0.231,0.381,0.326,0.409,0.562,0.518,0.362,-0.563,0.554,0.484,0.321,0.488,0.663,0.108,0.491,0.027,-0.181,-0.216,0.012,-0.332,0.309,-0.181,0.357,0.42,0.181,-0.096,0.092,0.314,-0.489,0.089,0.163,1.0,0.107,0.581,0.571,0.414,0.518,0.607,0.274,-0.072,0.384,0.428,0.754,0.178,0.32,-0.318,0.244,0.588,0.187,-0.068,-0.333,0.366,0.241,0.521,-0.073,0.52,0.289,0.002,0.656,0.458,0.461,0.214,0.567,0.609,-0.041,0.17,0.235,0.131,-0.294,0.564,0.758,0.013,0.224,0.617,0.578,0.356,0.404,0.71,0.698,0.554,0.608,0.597,0.181,-0.087,0.587,0.141,-0.152,0.363,0.526,0.489,0.521,0.05,0.404,0.427,0.257,0.56,0.33,0.1
HBAN,0.403,0.301,0.67,0.387,0.593,0.454,0.515,0.172,0.492,0.028,0.413,0.454,0.656,0.502,0.394,0.29,0.608,0.775,0.631,-0.252,0.786,0.359,0.708,0.375,0.808,0.457,0.632,0.702,0.536,0.691,0.08,0.558,0.54,0.107,1.0,0.713,0.557,0.518,0.165,0.549,0.686,0.372,-0.454,0.282,-0.016,0.493,0.72,-0.527,0.536,-0.07,-0.079,0.633,0.361,0.045,0.364,0.532,0.353,0.356,0.351,0.628,0.464,0.207,0.615,0.53,0.037,0.405,0.772,0.431,0.663,0.837,-0.328,0.22,0.423,-0.31,0.469,0.316,0.461,0.399,-0.129,0.111,0.512,0.142,0.024,0.349,-0.18,0.538,0.059,-0.39,0.126,0.477,0.103,0.57,0.644,0.588,-0.271,0.499,0.391,0.029,0.35,-0.323
HST,0.645,0.383,0.649,0.553,0.615,0.714,0.776,0.376,0.641,-0.36,0.704,0.722,0.705,0.602,0.599,0.357,0.791,0.601,0.485,-0.408,0.557,0.06,0.719,0.169,0.802,0.581,0.553,0.36,0.473,0.738,-0.231,0.558,0.529,0.581,0.713,1.0,0.782,0.637,0.453,0.751,0.733,0.36,-0.14,0.512,0.332,0.503,0.663,-0.592,0.648,0.319,0.091,0.413,0.151,0.231,0.475,0.692,0.358,0.696,0.349,0.557,0.717,0.458,0.798,0.55,0.271,0.749,0.582,0.587,0.703,0.647,-0.314,0.575,0.754,-0.306,0.61,0.633,0.732,0.477,0.168,0.498,0.795,0.485,0.408,0.64,-0.01,0.514,0.52,-0.234,-0.023,0.639,0.372,0.734,0.777,0.473,0.058,0.621,0.506,0.448,0.39,-0.206
INTC,0.646,0.234,0.527,0.696,0.598,0.646,0.729,0.43,0.556,-0.496,0.695,0.645,0.671,0.667,0.546,0.224,0.709,0.522,0.388,-0.323,0.343,-0.024,0.567,0.064,0.676,0.522,0.515,0.249,0.45,0.616,-0.28,0.53,0.542,0.571,0.557,0.782,1.0,0.657,0.511,0.714,0.658,0.184,-0.141,0.617,0.415,0.509,0.627,-0.525,0.533,0.368,0.165,0.494,0.202,0.355,0.536,0.633,0.212,0.624,0.225,0.535,0.605,0.485,0.726,0.633,0.248,0.728,0.482,0.398,0.623,0.469,-0.373,0.555,0.714,-0.142,0.496,0.647,0.749,0.548,0.317,0.558,0.793,0.401,0.384,0.649,0.152,0.403,0.489,-0.083,-0.021,0.588,0.419,0.839,0.696,0.437,0.085,0.623,0.296,0.441,0.426,-0.035
IOVA,0.292,0.445,0.367,0.668,0.58,0.703,0.723,0.359,0.646,-0.16,0.648,0.71,0.721,0.647,0.54,0.482,0.768,0.683,0.476,-0.689,0.653,0.238,0.794,0.346,0.534,0.733,0.587,0.335,0.752,0.697,-0.153,0.696,0.688,0.414,0.518,0.637,0.657,1.0,0.46,0.38,0.747,0.465,-0.442,0.59,0.08,0.763,0.733,-0.721,0.644,0.142,0.235,0.569,0.32,0.195,0.596,0.693,0.504,0.691,0.43,0.656,0.466,0.398,0.721,0.606,0.008,0.692,0.629,0.598,0.701,0.732,-0.291,0.576,0.636,-0.383,0.614,0.275,0.457,0.407,0.127,0.447,0.611,0.411,0.301,0.532,-0.262,0.559,0.341,-0.385,0.08,0.741,0.168,0.614,0.43,0.482,0.021,0.569,0.454,0.212,0.283,-0.416
IQ,0.593,0.138,0.044,0.615,0.196,0.406,0.615,0.536,0.169,-0.446,0.79,0.667,0.221,0.515,0.532,0.176,0.476,0.159,-0.023,-0.441,0.178,-0.264,0.315,-0.18,0.176,0.354,0.231,0.021,0.121,0.397,-0.543,0.09,0.091,0.518,0.165,0.453,0.511,0.46,1.0,0.534,0.432,-0.128,-0.005,0.623,0.53,0.272,0.332,-0.454,0.177,0.372,0.61,0.182,-0.258,0.432,0.68,0.548,0.06,0.65,0.427,0.085,0.432,0.598,0.58,0.145,0.469,0.572,0.166,0.384,0.474,0.222,-0.359,0.685,0.528,-0.023,0.266,0.406,0.451,0.269,0.353,0.7,0.499,0.444,0.669,0.69,0.095,0.192,0.627,0.014,-0.073,0.483,0.425,0.439,0.467,-0.071,0.451,0.566,0.261,0.548,0.46,-0.03
JBLU,0.852,0.021,0.513,0.43,0.504,0.346,0.542,0.606,0.34,-0.495,0.54,0.467,0.37,0.593,0.6,-0.038,0.489,0.262,0.106,-0.063,0.202,-0.218,0.449,-0.22,0.646,0.306,0.228,0.187,0.158,0.538,-0.355,0.208,0.184,0.607,0.549,0.751,0.714,0.38,0.534,1.0,0.421,-0.046,0.136,0.47,0.563,0.161,0.384,-0.371,0.251,0.419,0.301,0.306,-0.224,0.395,0.443,0.62,-0.141,0.547,0.276,0.175,0.573,0.648,0.532,0.424,0.561,0.582,0.266,0.282,0.398,0.308,-0.581,0.633,0.679,0.107,0.272,0.563,0.771,0.515,0.412,0.571,0.683,0.403,0.46,0.631,0.315,0.064,0.56,0.155,-0.235,0.404,0.672,0.536,0.916,0.263,0.084,0.733,0.162,0.573,0.523,0.149
JD,0.274,0.499,0.503,0.572,0.506,0.766,0.734,0.173,0.636,-0.124,0.76,0.808,0.805,0.58,0.538,0.581,0.693,0.788,0.651,-0.632,0.736,0.295,0.848,0.424,0.606,0.662,0.678,0.493,0.702,0.798,-0.105,0.727,0.74,0.274,0.686,0.733,0.658,0.747,0.432,0.421,1.0,0.453,-0.537,0.478,0.108,0.781,0.685,-0.69,0.744,-0.025,0.073,0.595,0.399,0.147,0.445,0.572,0.636,0.565,0.394,0.737,0.538,0.189,0.71,0.582,-0.054,0.609,0.889,0.595,0.968,0.749,-0.163,0.376,0.594,-0.418,0.648,0.378,0.423,0.373,-0.068,0.323,0.651,0.272,0.136,0.526,-0.292,0.748,0.246,-0.494,0.16,0.721,-0.007,0.608,0.465,0.521,-0.064,0.412,0.49,0.088,0.129,-0.475
KDP,-0.193,0.619,0.424,0.191,0.428,0.595,0.316,-0.02,0.577,0.357,0.091,0.25,0.499,0.165,0.158,0.702,0.421,0.499,0.588,-0.302,0.588,0.578,0.564,0.688,0.326,0.48,0.499,0.469,0.597,0.342,0.456,0.709,0.596,-0.072,0.372,0.36,0.184,0.465,-0.128,-0.046,0.453,1.0,-0.302,0.217,-0.441,0.589,0.469,-0.122,0.635,0.057,-0.271,0.314,0.558,-0.082,0.117,0.162,0.619,0.229,0.261,0.548,0.292,-0.091,0.355,0.47,-0.338,0.338,0.504,0.427,0.433,0.538,0.374,0.033,0.224,-0.57,0.592,0.159,0.107,0.197,-0.237,-0.099,0.131,0.396,0.012,-0.014,-0.419,0.598,-0.075,-0.487,0.329,0.437,-0.229,0.344,0.024,0.473,-0.127,0.005,0.606,-0.108,-0.213,-0.549
KHC,0.182,-0.297,-0.135,-0.396,-0.308,-0.322,-0.239,0.223,-0.264,-0.381,-0.176,-0.275,-0.495,-0.168,0.128,-0.337,-0.301,-0.589,-0.667,0.537,-0.603,-0.557,-0.449,-0.509,-0.268,-0.358,-0.478,-0.532,-0.678,-0.473,-0.225,-0.522,-0.573,0.384,-0.454,-0.14,-0.141,-0.442,-0.005,0.136,-0.537,-0.302,1.0,-0.204,0.493,-0.591,-0.488,0.526,-0.397,0.503,-0.005,-0.61,-0.659,0.218,-0.275,-0.059,-0.61,-0.173,-0.149,-0.723,0.179,0.114,-0.337,-0.332,0.511,-0.146,-0.704,-0.406,-0.475,-0.578,0.057,0.015,-0.009,0.466,-0.371,0.29,0.163,0.032,0.442,0.259,-0.09,0.284,0.358,0.092,0.598,-0.696,0.315,0.635,-0.194,-0.37,0.349,-0.182,0.003,-0.448,0.397,-0.133,-0.118,0.44,0.181,0.618
LRCX,0.568,0.161,0.247,0.881,0.506,0.483,0.631,0.568,0.449,-0.382,0.614,0.483,0.413,0.649,0.532,0.157,0.673,0.409,0.14,-0.46,0.377,0.042,0.505,-0.056,0.324,0.499,0.394,0.111,0.339,0.611,-0.398,0.34,0.342,0.428,0.282,0.512,0.617,0.59,0.623,0.47,0.478,0.217,-0.204,1.0,0.232,0.505,0.54,-0.388,0.351,0.536,0.479,0.274,-0.032,0.488,0.826,0.616,0.197,0.633,0.223,0.308,0.393,0.605,0.694,0.374,0.077,0.623,0.338,0.352,0.474,0.44,-0.395,0.714,0.58,-0.232,0.441,0.331,0.529,0.528,0.309,0.456,0.563,0.429,0.491,0.517,-0.026,0.239,0.44,-0.232,-0.188,0.511,0.504,0.618,0.483,0.148,0.057,0.649,0.166,0.293,0.461,-0.118
LYFT,0.639,-0.242,0.028,0.181,-0.045,0.074,0.364,0.439,-0.053,-0.641,0.477,0.338,0.011,0.334,0.481,-0.207,0.214,-0.192,-0.368,0.061,-0.259,-0.586,0.033,-0.449,0.174,0.028,-0.135,-0.268,-0.215,0.032,-0.637,-0.305,-0.231,0.754,-0.016,0.332,0.415,0.08,0.53,0.563,0.108,-0.441,0.493,0.232,1.0,-0.105,-0.0,-0.083,-0.146,0.478,0.271,-0.25,-0.528,0.421,0.123,0.37,-0.394,0.268,0.123,-0.229,0.414,0.419,0.158,0.029,0.621,0.25,-0.214,-0.074,0.079,-0.139,-0.351,0.391,0.452,0.274,-0.134,0.505,0.458,0.235,0.424,0.623,0.541,0.269,0.481,0.567,0.412,-0.297,0.512,0.394,-0.218,0.118,0.482,0.213,0.441,-0.257,0.393,0.334,-0.039,0.535,0.432,0.386
MARA,0.026,0.499,0.405,0.529,0.487,0.699,0.665,0.113,0.696,-0.002,0.514,0.603,0.719,0.63,0.437,0.668,0.643,0.659,0.655,-0.605,0.666,0.363,0.775,0.555,0.455,0.628,0.635,0.494,0.815,0.618,0.017,0.761,0.82,0.178,0.493,0.503,0.509,0.763,0.272,0.161,0.781,0.589,-0.591,0.505,-0.105,1.0,0.654,-0.588,0.722,-0.033,0.0,0.578,0.561,0.254,0.378,0.471,0.739,0.464,0.397,0.802,0.335,0.137,0.549,0.668,-0.195,0.565,0.72,0.517,0.736,0.663,-0.003,0.218,0.543,-0.523,0.689,0.235,0.177,0.465,-0.149,0.202,0.458,0.223,0.092,0.266,-0.426,0.696,0.074,-0.585,0.366,0.646,-0.095,0.493,0.238,0.503,-0.004,0.28,0.491,-0.081,-0.04,-0.578
MCHP,0.248,0.485,0.552,0.646,0.652,0.669,0.651,0.157,0.711,0.004,0.504,0.504,0.764,0.547,0.395,0.45,0.765,0.739,0.575,-0.544,0.756,0.424,0.706,0.46,0.635,0.696,0.79,0.554,0.701,0.645,-0.01,0.707,0.739,0.32,0.72,0.663,0.627,0.733,0.332,0.384,0.685,0.469,-0.488,0.54,-0.0,0.654,1.0,-0.665,0.699,0.074,-0.07,0.593,0.41,0.05,0.525,0.522,0.511,0.429,0.293,0.708,0.505,0.151,0.803,0.538,-0.028,0.551,0.674,0.4,0.615,0.846,-0.229,0.279,0.543,-0.492,0.614,0.399,0.425,0.341,-0.104,0.219,0.584,0.284,0.142,0.323,-0.326,0.581,0.085,-0.537,0.119,0.646,0.033,0.798,0.436,0.495,-0.154,0.424,0.438,-0.037,0.259,-0.405
MDLZ,-0.263,-0.32,-0.265,-0.559,-0.362,-0.567,-0.578,-0.178,-0.559,0.209,-0.623,-0.645,-0.616,-0.568,-0.457,-0.288,-0.665,-0.644,-0.463,0.666,-0.591,-0.077,-0.621,-0.238,-0.524,-0.559,-0.524,-0.319,-0.568,-0.681,0.31,-0.546,-0.637,-0.318,-0.527,-0.592,-0.525,-0.721,-0.454,-0.371,-0.69,-0.122,0.526,-0.388,-0.083,-0.588,-0.665,1.0,-0.552,0.16,-0.214,-0.561,-0.253,-0.014,-0.513,-0.601,-0.512,-0.577,-0.241,-0.623,-0.384,-0.285,-0.655,-0.362,0.025,-0.53,-0.621,-0.589,-0.675,-0.644,0.505,-0.428,-0.507,0.258,-0.522,-0.079,-0.272,-0.257,-0.019,-0.355,-0.606,-0.022,-0.091,-0.422,0.203,-0.555,-0.331,0.445,0.043,-0.6,-0.051,-0.504,-0.504,-0.398,0.022,-0.482,-0.27,-0.101,-0.245,0.294
META,0.004,0.782,0.565,0.449,0.575,0.867,0.589,0.013,0.814,0.01,0.519,0.601,0.724,0.475,0.384,0.723,0.654,0.69,0.635,-0.568,0.666,0.465,0.664,0.595,0.529,0.716,0.735,0.47,0.761,0.577,0.184,0.876,0.874,0.244,0.536,0.648,0.533,0.644,0.177,0.251,0.744,0.635,-0.397,0.351,-0.146,0.722,0.699,-0.552,1.0,-0.051,-0.123,0.527,0.496,-0.026,0.275,0.389,0.751,0.433,0.343,0.707,0.508,-0.026,0.566,0.54,-0.103,0.627,0.67,0.522,0.714,0.679,0.06,0.231,0.603,-0.552,0.857,0.417,0.331,0.301,-0.102,0.26,0.481,0.352,0.099,0.272,-0.341,0.69,0.101,-0.484,0.25,0.731,-0.112,0.582,0.297,0.572,-0.078,0.181,0.594,-0.053,-0.066,-0.515
MNST,0.583,-0.13,0.044,0.338,0.252,0.131,0.287,0.494,0.106,-0.502,0.303,0.191,-0.06,0.394,0.372,-0.144,0.349,-0.065,-0.275,0.119,-0.136,-0.288,0.114,-0.372,0.109,0.109,0.051,-0.253,-0.225,0.137,-0.428,-0.142,-0.168,0.588,-0.07,0.319,0.368,0.142,0.372,0.419,-0.025,0.057,0.503,0.536,0.478,-0.033,0.074,0.16,-0.051,1.0,0.237,-0.216,-0.376,0.583,0.347,0.345,-0.282,0.395,0.113,-0.222,0.375,0.591,0.274,0.063,0.37,0.39,-0.206,-0.093,0.006,-0.073,-0.128,0.528,0.369,0.096,0.032,0.459,0.56,0.493,0.568,0.523,0.292,0.574,0.561,0.438,0.346,-0.239,0.468,0.24,-0.246,0.055,0.703,0.409,0.363,-0.158,0.315,0.434,0.017,0.429,0.449,0.314
MRNA,0.436,-0.089,-0.231,0.46,0.05,0.102,0.156,0.543,-0.117,-0.327,0.344,0.331,-0.078,0.342,0.328,-0.141,0.201,0.033,-0.195,-0.224,0.003,-0.333,0.083,-0.321,-0.053,0.058,-0.049,-0.179,-0.061,0.213,-0.38,-0.117,-0.178,0.187,-0.079,0.091,0.165,0.235,0.61,0.301,0.073,-0.271,-0.005,0.479,0.271,0.0,-0.07,-0.214,-0.123,0.237,1.0,0.02,-0.314,0.283,0.589,0.359,-0.108,0.428,0.351,-0.107,0.037,0.691,0.208,-0.098,0.233,0.345,-0.045,0.261,0.136,0.007,-0.374,0.699,0.223,0.098,0.057,-0.074,0.245,0.1,0.374,0.411,0.142,0.231,0.461,0.342,0.138,-0.049,0.441,0.086,-0.214,0.151,0.476,0.05,0.333,-0.211,0.338,0.565,0.002,0.357,0.343,0.157
MRVL,0.105,0.282,0.465,0.414,0.478,0.38,0.333,0.04,0.465,0.02,0.286,0.393,0.564,0.434,0.195,0.334,0.462,0.666,0.688,-0.358,0.611,0.293,0.582,0.373,0.555,0.324,0.548,0.446,0.557,0.584,0.079,0.691,0.664,-0.068,0.633,0.413,0.494,0.569,0.182,0.306,0.595,0.314,-0.61,0.274,-0.25,0.578,0.593,-0.561,0.527,-0.216,0.02,1.0,0.575,0.143,0.347,0.359,0.431,0.279,0.196,0.696,0.203,0.164,0.485,0.615,-0.163,0.386,0.649,0.357,0.552,0.618,-0.209,0.124,0.309,0.004,0.453,0.097,0.254,0.353,-0.151,0.054,0.311,-0.058,-0.088,0.158,-0.093,0.524,-0.033,-0.288,0.116,0.48,0.005,0.468,0.358,0.639,-0.258,0.404,0.14,-0.04,0.167,-0.24
MSFT,-0.362,0.484,0.359,0.202,0.326,0.396,0.143,-0.369,0.313,0.434,-0.03,0.18,0.557,0.019,-0.184,0.516,0.308,0.435,0.85,-0.299,0.437,0.573,0.367,0.786,0.336,0.276,0.421,0.472,0.605,0.199,0.526,0.635,0.691,-0.333,0.361,0.151,0.202,0.32,-0.258,-0.224,0.399,0.558,-0.659,-0.032,-0.528,0.561,0.41,-0.253,0.496,-0.376,-0.314,0.575,1.0,-0.17,-0.037,-0.112,0.685,-0.01,0.095,0.81,-0.089,-0.282,0.209,0.504,-0.498,0.168,0.525,0.348,0.342,0.4,0.357,-0.267,-0.067,-0.433,0.395,-0.086,-0.128,-0.002,-0.455,-0.359,0.053,-0.121,-0.422,-0.247,-0.413,0.742,-0.345,-0.426,0.381,0.292,-0.448,0.241,-0.087,0.571,-0.316,-0.068,0.258,-0.31,-0.361,-0.499
MSTR,0.441,-0.224,0.101,0.292,0.065,0.017,0.274,0.447,0.068,-0.578,0.379,0.26,-0.045,0.547,0.446,-0.079,0.306,0.049,-0.054,0.11,-0.074,-0.427,0.203,-0.24,0.176,-0.008,0.043,-0.228,-0.168,0.122,-0.453,-0.086,-0.044,0.366,0.045,0.231,0.355,0.195,0.432,0.395,0.147,-0.082,0.218,0.488,0.421,0.254,0.05,-0.014,-0.026,0.583,0.283,0.143,-0.17,1.0,0.308,0.452,-0.124,0.341,0.136,-0.022,0.257,0.597,0.177,0.317,0.306,0.395,-0.086,-0.014,0.157,0.012,-0.228,0.357,0.341,0.231,-0.002,0.342,0.427,0.745,0.514,0.542,0.216,0.155,0.346,0.431,0.465,-0.183,0.416,0.398,-0.065,0.204,0.583,0.269,0.339,-0.021,0.297,0.444,-0.163,0.369,0.449,0.304
MU,0.55,0.094,0.142,0.821,0.418,0.377,0.514,0.489,0.298,-0.318,0.57,0.483,0.336,0.567,0.392,0.046,0.635,0.488,0.166,-0.505,0.456,0.007,0.47,-0.106,0.27,0.386,0.337,0.102,0.304,0.639,-0.417,0.287,0.261,0.241,0.364,0.475,0.536,0.596,0.68,0.443,0.445,0.117,-0.275,0.826,0.123,0.378,0.525,-0.513,0.275,0.347,0.589,0.347,-0.037,0.308,1.0,0.685,0.16,0.595,0.215,0.293,0.254,0.638,0.673,0.231,0.055,0.501,0.398,0.426,0.488,0.496,-0.485,0.74,0.418,-0.167,0.363,0.153,0.463,0.39,0.274,0.379,0.444,0.371,0.418,0.514,-0.015,0.29,0.439,-0.269,-0.227,0.404,0.423,0.561,0.516,0.103,0.068,0.72,0.148,0.307,0.66,-0.114
MVIS,0.612,0.065,0.337,0.575,0.382,0.392,0.623,0.561,0.482,-0.499,0.634,0.551,0.427,0.675,0.667,0.08,0.694,0.581,0.208,-0.386,0.484,-0.221,0.632,-0.074,0.521,0.413,0.329,0.086,0.293,0.678,-0.504,0.337,0.326,0.521,0.532,0.692,0.633,0.693,0.548,0.62,0.572,0.162,-0.059,0.616,0.37,0.471,0.522,-0.601,0.389,0.345,0.359,0.359,-0.112,0.452,0.685,1.0,0.158,0.676,0.215,0.33,0.536,0.636,0.656,0.415,0.216,0.609,0.436,0.485,0.594,0.605,-0.538,0.654,0.684,-0.054,0.349,0.399,0.626,0.634,0.399,0.564,0.613,0.355,0.412,0.687,0.194,0.199,0.64,-0.086,-0.154,0.488,0.478,0.539,0.683,0.257,0.144,0.704,0.229,0.427,0.676,-0.037
NFLX,-0.269,0.702,0.369,0.33,0.328,0.689,0.44,-0.217,0.555,0.271,0.355,0.506,0.63,0.277,0.229,0.739,0.441,0.57,0.785,-0.573,0.633,0.516,0.595,0.743,0.374,0.571,0.616,0.518,0.696,0.405,0.28,0.728,0.765,-0.073,0.353,0.358,0.212,0.504,0.06,-0.141,0.636,0.619,-0.61,0.197,-0.394,0.739,0.511,-0.512,0.751,-0.282,-0.108,0.431,0.685,-0.124,0.16,0.158,1.0,0.234,0.344,0.783,0.193,-0.199,0.41,0.353,-0.304,0.37,0.628,0.541,0.615,0.583,0.292,0.001,0.304,-0.651,0.632,0.045,-0.127,0.082,-0.341,-0.02,0.227,0.092,-0.162,-0.023,-0.548,0.856,-0.12,-0.657,0.409,0.499,-0.427,0.299,0.036,0.492,-0.053,-0.027,0.558,-0.237,-0.329,-0.671
NNDM,0.584,0.303,0.193,0.619,0.535,0.591,0.768,0.491,0.44,-0.359,0.76,0.737,0.475,0.598,0.566,0.292,0.685,0.419,0.202,-0.526,0.395,0.005,0.546,0.004,0.446,0.554,0.375,0.126,0.369,0.651,-0.362,0.359,0.321,0.52,0.356,0.696,0.624,0.691,0.65,0.547,0.565,0.229,-0.173,0.633,0.268,0.464,0.429,-0.577,0.433,0.395,0.428,0.279,-0.01,0.341,0.595,0.676,0.234,1.0,0.454,0.317,0.524,0.662,0.724,0.366,0.261,0.815,0.377,0.709,0.586,0.45,-0.389,0.793,0.651,-0.29,0.529,0.403,0.666,0.393,0.308,0.668,0.575,0.502,0.577,0.776,-0.012,0.383,0.743,-0.109,-0.077,0.714,0.51,0.525,0.564,0.268,0.27,0.652,0.413,0.502,0.351,-0.196
NVAX,0.177,0.515,0.18,0.225,0.484,0.478,0.488,0.291,0.265,0.098,0.413,0.56,0.323,0.466,0.513,0.489,0.304,0.234,0.197,-0.295,0.467,0.271,0.5,0.333,0.283,0.488,0.431,0.482,0.375,0.299,0.072,0.301,0.252,0.289,0.351,0.349,0.225,0.43,0.427,0.276,0.394,0.261,-0.149,0.223,0.123,0.397,0.293,-0.241,0.343,0.113,0.351,0.196,0.095,0.136,0.215,0.215,0.344,0.454,1.0,0.241,0.349,0.32,0.344,0.175,0.363,0.461,0.299,0.376,0.412,0.375,-0.003,0.362,0.402,-0.462,0.48,0.259,0.194,0.098,-0.057,0.348,0.19,0.522,0.385,0.31,-0.352,0.363,0.097,-0.262,0.398,0.545,0.182,0.236,0.276,0.17,0.342,0.334,0.626,0.163,-0.037,-0.412
NVDA,0.028,0.525,0.551,0.517,0.563,0.666,0.551,-0.054,0.634,0.155,0.371,0.51,0.807,0.43,0.21,0.54,0.635,0.692,0.921,-0.557,0.662,0.481,0.705,0.657,0.662,0.56,0.647,0.572,0.804,0.57,0.166,0.789,0.847,0.002,0.628,0.557,0.535,0.656,0.085,0.175,0.737,0.548,-0.723,0.308,-0.229,0.802,0.708,-0.623,0.707,-0.222,-0.107,0.696,0.81,-0.022,0.293,0.33,0.783,0.317,0.241,1.0,0.255,-0.001,0.578,0.688,-0.256,0.463,0.768,0.524,0.652,0.698,0.008,0.089,0.372,-0.524,0.607,0.172,0.156,0.256,-0.275,-0.025,0.453,0.039,-0.19,0.093,-0.416,0.872,-0.061,-0.585,0.269,0.556,-0.227,0.534,0.308,0.635,-0.266,0.276,0.385,-0.148,-0.07,-0.552
NWL,0.47,0.423,0.51,0.388,0.47,0.633,0.653,0.478,0.669,-0.313,0.618,0.566,0.536,0.553,0.74,0.397,0.597,0.395,0.191,-0.263,0.356,0.04,0.479,0.145,0.631,0.614,0.556,0.289,0.238,0.444,-0.215,0.42,0.329,0.656,0.464,0.717,0.605,0.466,0.432,0.573,0.538,0.292,0.179,0.393,0.414,0.335,0.505,-0.384,0.508,0.375,0.037,0.203,-0.089,0.257,0.254,0.536,0.193,0.524,0.349,0.255,1.0,0.244,0.677,0.383,0.482,0.643,0.319,0.303,0.523,0.435,-0.191,0.407,0.719,-0.191,0.487,0.718,0.61,0.384,0.165,0.567,0.61,0.517,0.529,0.564,0.073,0.26,0.496,-0.117,0.051,0.566,0.239,0.65,0.528,0.301,0.261,0.32,0.557,0.409,0.27,-0.007
OCGN,0.758,-0.198,0.079,0.502,0.291,0.157,0.396,0.68,0.057,-0.577,0.451,0.404,0.057,0.583,0.488,-0.186,0.434,0.185,-0.094,-0.073,0.102,-0.404,0.304,-0.383,0.284,0.086,0.059,-0.148,-0.047,0.453,-0.519,-0.01,-0.045,0.458,0.207,0.458,0.485,0.398,0.598,0.648,0.189,-0.091,0.114,0.605,0.419,0.137,0.151,-0.285,-0.026,0.591,0.691,0.164,-0.282,0.597,0.638,0.636,-0.199,0.662,0.32,-0.001,0.244,1.0,0.393,0.243,0.347,0.55,0.047,0.299,0.239,0.156,-0.562,0.813,0.458,0.162,0.105,0.206,0.634,0.568,0.599,0.62,0.407,0.378,0.571,0.623,0.369,-0.066,0.642,0.202,-0.303,0.252,0.855,0.365,0.668,0.012,0.299,0.86,0.011,0.596,0.61,0.251
ON,0.516,0.422,0.479,0.75,0.659,0.683,0.799,0.383,0.635,-0.189,0.711,0.689,0.759,0.56,0.564,0.375,0.807,0.638,0.476,-0.589,0.659,0.231,0.688,0.228,0.649,0.693,0.666,0.391,0.499,0.76,-0.264,0.579,0.525,0.461,0.615,0.798,0.726,0.721,0.58,0.532,0.71,0.355,-0.337,0.694,0.158,0.549,0.803,-0.655,0.566,0.274,0.208,0.485,0.209,0.177,0.673,0.656,0.41,0.724,0.344,0.578,0.677,0.393,1.0,0.441,0.175,0.723,0.61,0.57,0.688,0.724,-0.295,0.561,0.639,-0.389,0.573,0.524,0.609,0.321,0.045,0.405,0.662,0.451,0.451,0.597,-0.146,0.571,0.451,-0.409,0.029,0.673,0.242,0.803,0.574,0.409,0.062,0.587,0.494,0.303,0.369,-0.249
OPK,0.248,0.304,0.685,0.416,0.548,0.509,0.542,0.316,0.58,-0.057,0.356,0.366,0.649,0.508,0.324,0.411,0.534,0.496,0.579,-0.224,0.368,0.214,0.599,0.346,0.626,0.414,0.476,0.33,0.627,0.463,0.122,0.635,0.67,0.214,0.53,0.55,0.633,0.606,0.145,0.424,0.582,0.47,-0.332,0.374,0.029,0.668,0.538,-0.362,0.54,0.063,-0.098,0.615,0.504,0.317,0.231,0.415,0.353,0.366,0.175,0.688,0.383,0.243,0.441,1.0,0.029,0.554,0.506,0.372,0.495,0.473,-0.168,0.233,0.531,-0.158,0.421,0.401,0.479,0.593,0.134,0.28,0.52,0.173,0.024,0.275,-0.056,0.462,0.215,-0.166,0.012,0.521,0.166,0.524,0.403,0.635,-0.151,0.422,0.215,0.209,0.13,-0.246
