,AAL,AAPL,AGNC,AMAT,AMD,AMZN,APA,ARDX,AVGO,AZN,BIDU,BILI,BKR,CAN,CHRD,CMCSA,CPRT,CRWD,CSCO,CSX,DKNG,EBAY,ERIC,EXC,FITB,FLEX,FTNT,GEN,GERN,GEVO,GILD,GOOG,GOOGL,GT,HBAN,HST,INTC,IOVA,IQ,JBLU,JD,KDP,KHC,LRCX,LYFT,MARA,MCHP,MDLZ,META,MNST,MRNA,MRVL,MSFT,MSTR,MU,MVIS,NFLX,NNDM,NVAX,NVDA,NWL,OCGN,ON,OPK,PAA,PACB,PANW,PARA,PDD,PENN,PEP,PLUG,PTEN,PTON,PYPL,QCOM,QVCGA,RIOT,ROKU,RUN,SABR,SBUX,SMCI,SNDL,STNE,TCOM,TLRY,TMUS,TSCO,TSLA,TTD,TXN,UAL,VOD,VTRS,VXRT,WBA,WBD,WDC,ZM
AAL,1.0,-0.471,0.804,0.591,-0.134,-0.412,0.854,0.306,-0.133,0.422,0.532,0.389,0.745,0.65,0.399,-0.395,-0.637,-0.061,-0.421,0.376,0.604,-0.33,0.309,-0.477,0.671,0.658,-0.647,0.383,0.605,0.696,-0.291,-0.481,-0.423,0.764,0.437,0.883,0.366,0.449,0.662,0.891,0.142,-0.559,0.607,0.659,0.675,0.44,0.781,-0.512,0.1,-0.273,-0.519,0.237,-0.537,0.243,0.486,0.589,-0.308,0.587,0.087,0.21,0.215,0.395,0.472,0.338,0.791,0.486,-0.581,0.39,0.678,0.669,-0.602,0.558,0.779,0.181,-0.431,-0.101,0.818,0.393,0.158,0.455,0.79,-0.495,0.334,0.595,0.749,0.829,0.781,-0.168,-0.047,0.204,-0.086,0.208,0.933,0.841,0.666,0.452,0.616,0.564,0.644,0.436
AAPL,-0.471,1.0,-0.459,-0.299,0.198,0.779,-0.543,-0.076,0.385,-0.024,-0.505,-0.506,-0.487,-0.737,-0.126,0.553,0.766,0.221,0.785,-0.132,-0.594,0.291,0.143,0.649,-0.318,-0.362,0.733,-0.225,-0.784,-0.769,0.344,0.681,0.784,-0.509,-0.188,-0.456,-0.121,-0.481,-0.576,-0.567,-0.173,0.605,-0.584,-0.389,-0.498,-0.565,-0.431,0.683,0.069,0.262,0.472,-0.051,0.913,-0.27,-0.512,-0.794,0.637,-0.811,-0.24,0.171,0.157,-0.656,-0.197,-0.465,-0.483,-0.537,0.72,-0.42,-0.615,-0.658,0.759,-0.743,-0.611,-0.275,0.664,0.525,-0.524,-0.54,-0.326,-0.471,-0.641,0.798,-0.423,-0.655,-0.467,-0.574,-0.581,0.635,0.575,-0.235,0.082,0.148,-0.539,-0.563,-0.409,-0.642,-0.737,-0.543,-0.21,-0.158
AGNC,0.804,-0.459,1.0,0.61,0.092,-0.304,0.813,0.382,-0.14,0.591,0.606,0.445,0.756,0.73,0.48,-0.279,-0.574,0.2,-0.5,0.526,0.731,-0.078,0.319,-0.485,0.73,0.724,-0.619,0.571,0.581,0.683,-0.196,-0.562,-0.473,0.746,0.49,0.812,0.415,0.686,0.748,0.831,0.208,-0.568,0.698,0.658,0.744,0.638,0.795,-0.577,0.312,-0.489,-0.626,0.368,-0.477,0.506,0.57,0.638,-0.235,0.64,0.19,0.395,0.198,0.5,0.584,0.603,0.806,0.681,-0.48,0.525,0.676,0.728,-0.645,0.668,0.728,0.375,-0.314,-0.044,0.804,0.616,0.368,0.64,0.638,-0.508,0.35,0.652,0.809,0.766,0.835,-0.309,0.024,0.306,0.136,0.297,0.857,0.715,0.776,0.425,0.582,0.697,0.658,0.654
AMAT,0.591,-0.299,0.61,1.0,0.389,-0.232,0.742,0.371,0.226,0.725,0.716,0.565,0.652,0.618,0.445,-0.18,-0.398,0.2,-0.276,0.545,0.73,0.309,0.491,-0.328,0.751,0.841,-0.387,0.511,0.243,0.518,0.09,-0.379,-0.234,0.759,0.662,0.645,0.716,0.656,0.684,0.698,0.467,-0.265,0.492,0.869,0.719,0.677,0.852,-0.46,0.547,-0.199,-0.408,0.782,-0.214,0.563,0.809,0.556,0.168,0.587,0.339,0.664,0.448,0.558,0.849,0.511,0.628,0.738,-0.261,0.739,0.681,0.643,-0.497,0.598,0.689,0.465,-0.088,0.387,0.794,0.633,0.657,0.715,0.459,-0.271,0.41,0.539,0.651,0.721,0.653,-0.144,0.338,0.608,0.465,0.76,0.638,0.58,0.682,0.328,0.541,0.756,0.81,0.689
AMD,-0.134,0.198,0.092,0.389,1.0,0.217,0.052,0.179,0.336,0.481,0.128,-0.008,0.091,0.05,0.328,0.329,0.126,0.367,0.135,0.537,0.187,0.713,0.328,-0.003,0.132,0.278,0.18,0.275,-0.273,-0.206,0.447,0.054,0.213,0.082,0.244,-0.0,0.432,0.329,0.018,0.088,0.174,0.136,-0.052,0.18,0.273,0.356,0.184,-0.207,0.659,-0.27,-0.134,0.549,0.323,0.528,0.457,-0.096,0.401,-0.091,0.352,0.688,0.385,0.044,0.409,0.437,0.112,0.283,0.139,0.368,0.049,0.063,-0.051,0.089,-0.072,0.252,0.188,0.557,0.125,0.368,0.557,0.308,-0.227,0.176,-0.006,-0.071,0.089,-0.054,0.132,0.043,0.54,0.356,0.574,0.547,-0.075,-0.191,0.272,-0.216,-0.103,0.337,0.316,0.492
AMZN,-0.412,0.779,-0.304,-0.232,0.217,1.0,-0.375,0.039,0.36,0.046,-0.485,-0.544,-0.187,-0.515,0.204,0.618,0.637,0.581,0.635,-0.044,-0.388,0.153,0.355,0.291,-0.21,-0.262,0.621,0.102,-0.492,-0.509,0.041,0.621,0.713,-0.278,-0.152,-0.226,-0.042,-0.26,-0.437,-0.38,-0.368,0.168,-0.494,-0.397,-0.224,-0.342,-0.329,0.36,0.104,-0.036,0.094,-0.042,0.755,-0.122,-0.407,-0.526,0.435,-0.601,-0.331,0.281,-0.099,-0.513,-0.064,-0.294,-0.28,-0.381,0.711,-0.38,-0.526,-0.387,0.402,-0.509,-0.372,-0.192,0.669,0.252,-0.37,-0.31,-0.206,-0.24,-0.395,0.676,-0.565,-0.43,-0.286,-0.41,-0.473,0.482,0.369,-0.21,0.138,0.062,-0.374,-0.351,-0.327,-0.548,-0.61,-0.417,-0.123,0.033
APA,0.854,-0.543,0.813,0.742,0.052,-0.375,1.0,0.463,-0.127,0.615,0.574,0.406,0.827,0.74,0.589,-0.27,-0.676,0.095,-0.439,0.452,0.82,-0.111,0.435,-0.549,0.72,0.788,-0.632,0.655,0.629,0.764,-0.188,-0.565,-0.461,0.875,0.511,0.853,0.433,0.652,0.728,0.894,0.16,-0.589,0.644,0.733,0.85,0.654,0.864,-0.621,0.221,-0.362,-0.6,0.393,-0.544,0.443,0.618,0.71,-0.208,0.688,0.224,0.421,0.237,0.512,0.675,0.543,0.825,0.709,-0.574,0.502,0.691,0.814,-0.698,0.71,0.869,0.355,-0.422,-0.043,0.9,0.615,0.385,0.678,0.758,-0.481,0.35,0.672,0.886,0.885,0.83,-0.235,0.015,0.315,0.107,0.393,0.901,0.89,0.692,0.426,0.659,0.733,0.78,0.63
ARDX,0.306,-0.076,0.382,0.371,0.179,0.039,0.463,1.0,0.201,0.534,0.219,0.058,0.503,0.299,0.395,0.124,-0.216,0.208,-0.062,0.353,0.291,0.065,0.506,-0.24,0.496,0.64,-0.284,0.391,0.088,0.217,-0.032,-0.125,-0.009,0.499,0.403,0.414,0.349,0.306,0.211,0.418,0.059,-0.273,0.136,0.362,0.45,0.397,0.461,-0.296,0.298,-0.312,-0.322,0.274,-0.028,0.417,0.324,0.186,0.262,0.215,-0.075,0.409,0.107,0.077,0.508,0.292,0.448,0.374,-0.203,0.32,0.282,0.252,-0.306,0.234,0.358,-0.011,-0.009,0.148,0.443,0.403,0.207,0.281,0.182,-0.036,-0.07,0.261,0.371,0.423,0.357,0.348,0.282,0.134,0.226,0.342,0.45,0.386,0.398,-0.034,0.176,0.309,0.51,0.484
AVGO,-0.133,0.385,-0.14,0.226,0.336,0.36,-0.127,0.201,1.0,0.363,-0.062,-0.089,0.063,-0.174,0.244,0.28,0.257,0.294,0.312,0.042,-0.078,0.307,0.403,0.04,0.193,0.201,0.245,0.12,-0.375,-0.201,0.121,0.337,0.429,0.078,0.3,-0.035,0.373,0.023,-0.207,-0.123,0.121,0.14,-0.328,0.249,-0.032,0.009,0.095,-0.025,0.376,0.061,-0.025,0.355,0.388,0.179,0.139,-0.161,0.459,-0.209,-0.184,0.356,0.361,-0.252,0.408,0.082,-0.078,0.021,0.291,0.215,-0.166,-0.072,0.141,-0.187,-0.098,-0.08,0.531,0.554,0.007,-0.023,0.286,0.071,-0.27,0.45,-0.273,-0.146,-0.142,-0.188,-0.117,0.346,0.456,0.361,0.314,0.537,-0.132,-0.173,-0.016,-0.406,-0.117,-0.092,0.315,0.12
AZN,0.422,-0.024,0.591,0.725,0.481,0.046,0.615,0.534,0.363,1.0,0.343,0.171,0.558,0.344,0.554,0.125,-0.175,0.437,-0.072,0.483,0.572,0.389,0.655,-0.218,0.589,0.815,-0.228,0.629,0.067,0.266,0.237,-0.22,-0.023,0.616,0.523,0.495,0.612,0.636,0.36,0.567,0.103,-0.239,0.304,0.693,0.6,0.553,0.739,-0.363,0.607,-0.406,-0.321,0.706,0.033,0.621,0.52,0.284,0.379,0.292,0.245,0.798,0.36,0.3,0.814,0.553,0.543,0.675,-0.087,0.595,0.323,0.431,-0.334,0.362,0.416,0.508,0.11,0.419,0.627,0.547,0.556,0.639,0.195,-0.049,0.135,0.357,0.577,0.464,0.571,0.06,0.457,0.456,0.535,0.787,0.532,0.389,0.614,0.049,0.212,0.536,0.804,0.762
BIDU,0.532,-0.505,0.606,0.716,0.128,-0.485,0.574,0.219,-0.062,0.343,1.0,0.875,0.541,0.669,0.248,-0.436,-0.492,-0.122,-0.534,0.483,0.707,0.139,0.079,-0.456,0.702,0.64,-0.598,0.301,0.354,0.67,0.042,-0.527,-0.439,0.651,0.649,0.605,0.421,0.634,0.887,0.517,0.735,-0.288,0.694,0.708,0.61,0.661,0.66,-0.44,0.329,-0.02,-0.421,0.551,-0.45,0.402,0.675,0.668,-0.129,0.684,0.389,0.188,0.35,0.657,0.566,0.541,0.51,0.704,-0.408,0.718,0.803,0.699,-0.489,0.675,0.724,0.387,-0.288,0.151,0.658,0.606,0.484,0.661,0.529,-0.479,0.609,0.561,0.553,0.689,0.638,-0.413,-0.014,0.567,0.319,0.391,0.564,0.485,0.694,0.562,0.609,0.694,0.466,0.414
BILI,0.389,-0.506,0.445,0.565,-0.008,-0.544,0.406,0.058,-0.089,0.171,0.875,1.0,0.382,0.535,0.089,-0.508,-0.469,-0.19,-0.489,0.267,0.593,0.075,-0.104,-0.362,0.612,0.502,-0.492,0.115,0.372,0.603,0.032,-0.518,-0.489,0.506,0.568,0.396,0.312,0.517,0.786,0.344,0.78,-0.208,0.617,0.577,0.427,0.524,0.545,-0.336,0.139,0.111,-0.287,0.396,-0.453,0.226,0.582,0.632,-0.123,0.655,0.348,-0.015,0.252,0.645,0.428,0.331,0.386,0.567,-0.352,0.557,0.709,0.586,-0.427,0.598,0.61,0.347,-0.202,0.095,0.513,0.459,0.455,0.541,0.442,-0.479,0.68,0.515,0.413,0.527,0.467,-0.442,-0.145,0.602,0.269,0.281,0.368,0.346,0.635,0.589,0.589,0.59,0.345,0.162
BKR,0.745,-0.487,0.756,0.652,0.091,-0.187,0.827,0.503,0.063,0.558,0.541,0.382,1.0,0.633,0.623,-0.124,-0.606,0.163,-0.332,0.43,0.653,-0.166,0.433,-0.577,0.724,0.744,-0.615,0.566,0.581,0.677,-0.241,-0.464,-0.377,0.854,0.496,0.849,0.471,0.548,0.674,0.847,0.172,-0.673,0.61,0.648,0.793,0.566,0.758,-0.636,0.212,-0.399,-0.655,0.289,-0.418,0.38,0.567,0.607,-0.274,0.616,0.108,0.354,0.157,0.386,0.614,0.504,0.814,0.606,-0.476,0.497,0.672,0.727,-0.702,0.597,0.841,0.171,-0.348,-0.1,0.809,0.531,0.352,0.574,0.679,-0.434,0.189,0.628,0.736,0.784,0.666,-0.166,-0.008,0.32,0.037,0.276,0.829,0.801,0.746,0.284,0.642,0.651,0.663,0.6
CAN,0.65,-0.737,0.73,0.618,0.05,-0.515,0.74,0.299,-0.174,0.344,0.669,0.535,0.633,1.0,0.378,-0.366,-0.662,0.128,-0.667,0.497,0.755,-0.099,0.226,-0.656,0.627,0.643,-0.699,0.493,0.755,0.786,-0.368,-0.604,-0.58,0.685,0.452,0.641,0.408,0.627,0.741,0.697,0.299,-0.573,0.558,0.598,0.71,0.81,0.673,-0.725,0.297,-0.37,-0.663,0.34,-0.692,0.609,0.687,0.818,-0.298,0.858,0.245,0.264,0.126,0.641,0.552,0.626,0.681,0.655,-0.663,0.583,0.751,0.78,-0.816,0.892,0.736,0.37,-0.483,-0.121,0.729,0.797,0.492,0.673,0.645,-0.678,0.367,0.742,0.692,0.773,0.736,-0.435,-0.168,0.315,0.105,0.205,0.712,0.664,0.575,0.496,0.696,0.738,0.543,0.502
CHRD,0.399,-0.126,0.48,0.445,0.328,0.204,0.589,0.395,0.244,0.554,0.248,0.089,0.623,0.378,1.0,0.264,-0.207,0.431,-0.002,0.429,0.597,0.187,0.569,-0.419,0.561,0.567,-0.194,0.76,0.345,0.495,-0.002,-0.007,0.086,0.697,0.553,0.582,0.383,0.607,0.326,0.494,0.029,-0.468,0.169,0.38,0.77,0.589,0.474,-0.507,0.398,-0.299,-0.602,0.368,-0.061,0.502,0.302,0.429,0.09,0.289,0.102,0.482,0.309,0.144,0.645,0.583,0.585,0.538,-0.096,0.327,0.186,0.657,-0.381,0.462,0.581,0.226,0.076,0.18,0.568,0.566,0.364,0.609,0.434,0.11,0.087,0.325,0.579,0.44,0.41,0.048,0.242,0.307,0.269,0.436,0.493,0.448,0.495,-0.05,0.129,0.473,0.582,0.553
CMCSA,-0.395,0.553,-0.279,-0.18,0.329,0.618,-0.27,0.124,0.28,0.125,-0.436,-0.508,-0.124,-0.366,0.264,1.0,0.511,0.347,0.642,0.174,-0.28,0.271,0.301,0.431,-0.078,-0.129,0.461,0.065,-0.286,-0.488,0.298,0.544,0.571,-0.224,0.015,-0.249,0.063,-0.192,-0.487,-0.278,-0.298,0.268,-0.45,-0.377,-0.116,-0.146,-0.31,0.291,0.245,0.051,0.157,0.013,0.593,0.108,-0.372,-0.475,0.448,-0.415,-0.108,0.289,0.154,-0.448,0.011,-0.059,-0.163,-0.241,0.396,-0.1,-0.512,-0.347,0.35,-0.322,-0.344,-0.135,0.422,0.347,-0.306,-0.096,-0.002,-0.138,-0.376,0.557,-0.415,-0.355,-0.307,-0.346,-0.423,0.506,0.493,-0.125,0.185,0.137,-0.303,-0.319,-0.209,-0.612,-0.655,-0.096,-0.068,0.113
CPRT,-0.637,0.766,-0.574,-0.398,0.126,0.637,-0.676,-0.216,0.257,-0.175,-0.492,-0.469,-0.606,-0.662,-0.207,0.511,1.0,0.177,0.724,-0.191,-0.601,0.387,-0.134,0.725,-0.414,-0.436,0.845,-0.314,-0.701,-0.663,0.43,0.781,0.803,-0.544,-0.222,-0.541,-0.163,-0.352,-0.682,-0.663,-0.202,0.593,-0.69,-0.51,-0.509,-0.494,-0.563,0.72,0.076,0.354,0.629,-0.021,0.77,-0.284,-0.549,-0.691,0.537,-0.699,-0.052,0.004,-0.017,-0.467,-0.255,-0.366,-0.645,-0.468,0.818,-0.371,-0.633,-0.632,0.663,-0.667,-0.625,-0.169,0.614,0.305,-0.615,-0.457,-0.31,-0.418,-0.65,0.77,-0.346,-0.629,-0.654,-0.669,-0.752,0.504,0.355,-0.243,0.082,-0.005,-0.652,-0.636,-0.508,-0.407,-0.765,-0.617,-0.435,-0.258
CRWD,-0.061,0.221,0.2,0.2,0.367,0.581,0.095,0.208,0.294,0.437,-0.122,-0.19,0.163,0.128,0.431,0.347,0.177,1.0,0.18,0.217,0.198,0.295,0.453,-0.096,0.193,0.267,0.204,0.513,0.045,0.003,-0.057,0.243,0.316,0.098,0.208,0.075,0.293,0.342,-0.03,0.054,-0.228,-0.174,-0.144,0.041,0.264,0.351,0.202,-0.148,0.495,-0.4,-0.324,0.369,0.295,0.522,0.147,0.109,0.387,0.071,-0.048,0.619,-0.111,0.075,0.403,0.173,0.216,0.213,0.385,0.15,-0.101,0.116,-0.192,0.197,0.025,0.401,0.46,0.22,0.099,0.389,0.399,0.364,-0.085,0.227,-0.249,0.111,0.17,-0.009,0.059,0.121,0.293,0.149,0.445,0.361,0.042,-0.022,0.074,-0.165,-0.191,0.148,0.309,0.509
CSCO,-0.421,0.785,-0.5,-0.276,0.135,0.635,-0.439,-0.062,0.312,-0.072,-0.534,-0.489,-0.332,-0.667,-0.002,0.642,0.724,0.18,1.0,-0.17,-0.545,0.302,0.043,0.726,-0.222,-0.279,0.747,-0.23,-0.569,-0.605,0.408,0.739,0.764,-0.389,-0.08,-0.384,-0.024,-0.404,-0.638,-0.455,-0.196,0.52,-0.557,-0.434,-0.374,-0.479,-0.386,0.705,0.011,0.368,0.463,-0.079,0.79,-0.258,-0.469,-0.618,0.532,-0.664,-0.2,0.075,0.206,-0.548,-0.171,-0.414,-0.373,-0.462,0.668,-0.374,-0.558,-0.557,0.611,-0.637,-0.458,-0.312,0.494,0.411,-0.405,-0.463,-0.279,-0.455,-0.524,0.776,-0.315,-0.648,-0.488,-0.517,-0.65,0.638,0.482,-0.247,-0.007,0.072,-0.486,-0.441,-0.337,-0.565,-0.653,-0.457,-0.218,-0.183
CSX,0.376,-0.132,0.526,0.545,0.537,-0.044,0.452,0.353,0.042,0.483,0.483,0.267,0.43,0.497,0.429,0.174,-0.191,0.217,-0.17,1.0,0.469,0.244,0.433,-0.239,0.544,0.529,-0.247,0.429,0.184,0.266,0.128,-0.197,-0.07,0.473,0.448,0.478,0.526,0.464,0.448,0.487,0.18,-0.186,0.301,0.393,0.54,0.534,0.472,-0.401,0.536,-0.289,-0.463,0.449,-0.08,0.527,0.481,0.246,0.082,0.289,0.207,0.549,0.321,0.195,0.512,0.512,0.471,0.431,-0.258,0.504,0.368,0.397,-0.417,0.414,0.378,0.207,-0.179,0.273,0.469,0.552,0.368,0.477,0.359,-0.175,0.208,0.287,0.497,0.512,0.427,0.011,0.345,0.234,0.331,0.43,0.447,0.318,0.52,0.08,0.194,0.597,0.508,0.602
DKNG,0.604,-0.594,0.731,0.73,0.187,-0.388,0.82,0.291,-0.078,0.572,0.707,0.593,0.653,0.755,0.597,-0.28,-0.601,0.198,-0.545,0.469,1.0,0.158,0.304,-0.553,0.668,0.744,-0.583,0.726,0.609,0.839,-0.03,-0.514,-0.427,0.817,0.606,0.66,0.424,0.833,0.795,0.687,0.318,-0.566,0.633,0.715,0.888,0.855,0.78,-0.665,0.36,-0.292,-0.579,0.565,-0.507,0.586,0.673,0.849,-0.128,0.792,0.491,0.405,0.244,0.715,0.743,0.737,0.683,0.91,-0.408,0.63,0.636,0.933,-0.646,0.877,0.821,0.611,-0.307,0.057,0.809,0.813,0.617,0.919,0.66,-0.425,0.599,0.694,0.827,0.754,0.768,-0.449,-0.027,0.532,0.355,0.497,0.707,0.651,0.699,0.575,0.571,0.807,0.645,0.678
EBAY,-0.33,0.291,-0.078,0.309,0.713,0.153,-0.111,0.065,0.307,0.389,0.139,0.075,-0.166,-0.099,0.187,0.271,0.387,0.295,0.302,0.244,0.158,1.0,0.057,0.306,0.071,0.244,0.347,0.178,-0.464,-0.206,0.676,0.239,0.338,-0.035,0.368,-0.244,0.31,0.342,-0.076,-0.171,0.337,0.323,-0.141,0.164,0.141,0.312,0.059,0.156,0.598,0.066,0.182,0.634,0.416,0.434,0.314,-0.083,0.593,-0.127,0.424,0.468,0.429,0.146,0.347,0.378,-0.131,0.366,0.418,0.368,-0.075,-0.0,0.228,0.012,-0.17,0.427,0.392,0.689,0.007,0.327,0.494,0.302,-0.42,0.397,0.213,-0.171,-0.113,-0.249,-0.077,0.085,0.563,0.381,0.674,0.598,-0.269,-0.411,0.143,-0.109,-0.213,0.167,0.1,0.363
ERIC,0.309,0.143,0.319,0.491,0.328,0.355,0.435,0.506,0.403,0.655,0.079,-0.104,0.433,0.226,0.569,0.301,-0.134,0.453,0.043,0.433,0.304,0.057,1.0,-0.246,0.445,0.507,-0.08,0.507,0.027,0.112,-0.156,0.013,0.15,0.474,0.353,0.418,0.584,0.285,0.165,0.42,-0.063,-0.235,0.005,0.389,0.419,0.308,0.442,-0.337,0.434,-0.318,-0.489,0.403,0.154,0.408,0.309,0.088,0.316,0.086,-0.252,0.707,0.247,-0.078,0.586,0.259,0.397,0.242,-0.037,0.29,0.125,0.231,-0.208,0.14,0.259,0.008,0.183,0.285,0.463,0.303,0.234,0.319,0.192,0.143,-0.208,0.169,0.401,0.363,0.368,0.303,0.416,0.138,0.298,0.54,0.366,0.307,0.283,-0.262,0.045,0.337,0.696,0.48
EXC,-0.477,0.649,-0.485,-0.328,-0.003,0.291,-0.549,-0.24,0.04,-0.218,-0.456,-0.362,-0.577,-0.656,-0.419,0.431,0.725,-0.096,0.726,-0.239,-0.553,0.306,-0.246,1.0,-0.334,-0.375,0.677,-0.476,-0.591,-0.64,0.515,0.612,0.581,-0.55,-0.186,-0.556,-0.109,-0.45,-0.608,-0.518,-0.084,0.714,-0.454,-0.414,-0.539,-0.503,-0.422,0.86,-0.058,0.497,0.723,-0.069,0.684,-0.32,-0.5,-0.633,0.451,-0.576,0.001,-0.076,0.165,-0.347,-0.316,-0.457,-0.512,-0.438,0.601,-0.328,-0.476,-0.659,0.727,-0.601,-0.594,-0.171,0.355,0.323,-0.485,-0.484,-0.331,-0.477,-0.599,0.624,-0.114,-0.613,-0.567,-0.545,-0.613,0.524,0.461,-0.223,-0.002,-0.01,-0.531,-0.529,-0.399,-0.303,-0.65,-0.434,-0.385,-0.229
FITB,0.671,-0.318,0.73,0.751,0.132,-0.21,0.72,0.496,0.193,0.589,0.702,0.612,0.724,0.627,0.561,-0.078,-0.414,0.193,-0.222,0.544,0.668,0.071,0.445,-0.334,1.0,0.845,-0.483,0.429,0.432,0.639,-0.048,-0.316,-0.235,0.817,0.823,0.733,0.588,0.593,0.689,0.691,0.473,-0.368,0.5,0.707,0.725,0.66,0.796,-0.405,0.37,-0.152,-0.532,0.528,-0.271,0.497,0.605,0.612,0.088,0.625,0.13,0.436,0.425,0.453,0.759,0.485,0.756,0.65,-0.346,0.618,0.618,0.679,-0.519,0.616,0.773,0.272,-0.048,0.229,0.801,0.606,0.505,0.63,0.572,-0.235,0.381,0.541,0.619,0.751,0.607,-0.04,0.252,0.533,0.321,0.529,0.716,0.611,0.783,0.3,0.473,0.745,0.732,0.541
FLEX,0.658,-0.362,0.724,0.841,0.278,-0.262,0.788,0.64,0.201,0.815,0.64,0.502,0.744,0.643,0.567,-0.129,-0.436,0.267,-0.279,0.529,0.744,0.244,0.507,-0.375,0.845,1.0,-0.512,0.561,0.374,0.617,0.076,-0.379,-0.24,0.856,0.727,0.689,0.643,0.719,0.612,0.761,0.38,-0.395,0.506,0.818,0.789,0.771,0.9,-0.488,0.485,-0.291,-0.451,0.703,-0.256,0.657,0.711,0.624,0.194,0.625,0.293,0.579,0.371,0.555,0.866,0.609,0.758,0.822,-0.328,0.696,0.639,0.69,-0.556,0.659,0.716,0.476,-0.109,0.254,0.849,0.738,0.591,0.732,0.476,-0.28,0.41,0.573,0.684,0.733,0.702,-0.02,0.309,0.524,0.444,0.675,0.756,0.617,0.818,0.348,0.506,0.724,0.82,0.726
FTNT,-0.647,0.733,-0.619,-0.387,0.18,0.621,-0.632,-0.284,0.245,-0.228,-0.598,-0.492,-0.615,-0.699,-0.194,0.461,0.845,0.204,0.747,-0.247,-0.583,0.347,-0.08,0.677,-0.483,-0.512,1.0,-0.273,-0.681,-0.657,0.325,0.753,0.751,-0.565,-0.275,-0.574,-0.071,-0.366,-0.728,-0.633,-0.231,0.579,-0.693,-0.53,-0.522,-0.541,-0.561,0.618,0.058,0.353,0.512,-0.087,0.694,-0.351,-0.425,-0.646,0.497,-0.706,-0.197,0.004,-0.033,-0.533,-0.246,-0.462,-0.678,-0.513,0.814,-0.445,-0.677,-0.628,0.623,-0.687,-0.633,-0.278,0.58,0.27,-0.606,-0.519,-0.276,-0.443,-0.629,0.795,-0.363,-0.62,-0.58,-0.713,-0.692,0.474,0.322,-0.266,0.022,0.003,-0.725,-0.585,-0.573,-0.459,-0.674,-0.595,-0.353,-0.328
GEN,0.383,-0.225,0.571,0.511,0.275,0.102,0.655,0.391,0.12,0.629,0.301,0.115,0.566,0.493,0.76,0.065,-0.314,0.513,-0.23,0.429,0.726,0.178,0.507,-0.476,0.429,0.561,-0.273,1.0,0.38,0.526,-0.087,-0.197,-0.066,0.621,0.409,0.523,0.345,0.704,0.443,0.478,-0.06,-0.502,0.319,0.466,0.733,0.647,0.578,-0.572,0.425,-0.422,-0.612,0.44,-0.189,0.566,0.4,0.527,0.062,0.411,0.177,0.546,0.126,0.313,0.698,0.588,0.507,0.661,-0.116,0.394,0.265,0.673,-0.475,0.569,0.565,0.425,-0.044,0.133,0.564,0.64,0.433,0.734,0.415,-0.081,0.155,0.474,0.728,0.494,0.562,-0.153,0.105,0.285,0.331,0.485,0.509,0.509,0.407,0.128,0.234,0.498,0.626,0.698
GERN,0.605,-0.784,0.581,0.243,-0.273,-0.492,0.629,0.088,-0.375,0.067,0.354,0.372,0.581,0.755,0.345,-0.286,-0.701,0.045,-0.569,0.184,0.609,-0.464,0.027,-0.591,0.432,0.374,-0.681,0.38,1.0,0.779,-0.435,-0.539,-0.607,0.556,0.187,0.549,0.075,0.409,0.557,0.604,-0.006,-0.649,0.534,0.295,0.586,0.554,0.476,-0.627,-0.107,-0.294,-0.562,-0.041,-0.743,0.306,0.309,0.781,-0.539,0.774,0.188,-0.062,-0.147,0.502,0.257,0.387,0.667,0.435,-0.639,0.225,0.5,0.699,-0.733,0.79,0.684,0.227,-0.563,-0.488,0.545,0.532,0.22,0.475,0.711,-0.674,0.333,0.633,0.605,0.653,0.539,-0.469,-0.467,0.087,-0.218,-0.136,0.648,0.673,0.463,0.499,0.557,0.567,0.29,0.239
GEVO,0.696,-0.769,0.683,0.518,-0.206,-0.509,0.764,0.217,-0.201,0.266,0.67,0.603,0.677,0.786,0.495,-0.488,-0.663,0.003,-0.605,0.266,0.839,-0.206,0.112,-0.64,0.639,0.617,-0.657,0.526,0.779,1.0,-0.315,-0.501,-0.506,0.823,0.486,0.716,0.285,0.674,0.753,0.703,0.285,-0.699,0.622,0.593,0.776,0.705,0.685,-0.636,0.038,-0.175,-0.591,0.268,-0.712,0.322,0.543,0.939,-0.405,0.829,0.275,0.01,0.052,0.673,0.533,0.556,0.652,0.746,-0.505,0.433,0.662,0.929,-0.711,0.839,0.888,0.356,-0.453,-0.3,0.78,0.646,0.334,0.717,0.818,-0.52,0.553,0.708,0.734,0.785,0.698,-0.451,-0.347,0.322,-0.004,0.134,0.748,0.752,0.619,0.682,0.696,0.615,0.463,0.381
GILD,-0.291,0.344,-0.196,0.09,0.447,0.041,-0.188,-0.032,0.121,0.237,0.042,0.032,-0.241,-0.368,-0.002,0.298,0.43,-0.057,0.408,0.128,-0.03,0.676,-0.156,0.515,-0.048,0.076,0.325,-0.087,-0.435,-0.315,1.0,0.208,0.307,-0.124,0.17,-0.263,0.017,0.115,-0.161,-0.23,0.187,0.555,-0.035,0.065,-0.034,0.011,-0.081,0.375,0.278,0.265,0.516,0.38,0.431,0.128,-0.075,-0.292,0.462,-0.291,0.528,0.212,0.391,-0.041,0.115,0.14,-0.166,0.17,0.396,0.175,-0.218,-0.162,0.417,-0.171,-0.218,0.273,0.179,0.487,-0.156,0.016,0.157,0.054,-0.38,0.354,0.289,-0.388,-0.172,-0.245,-0.257,0.144,0.461,0.161,0.337,0.433,-0.258,-0.361,0.109,-0.131,-0.383,-0.011,-0.069,0.13
GOOG,-0.481,0.681,-0.562,-0.379,0.054,0.621,-0.565,-0.125,0.337,-0.22,-0.527,-0.518,-0.464,-0.604,-0.007,0.544,0.781,0.243,0.739,-0.197,-0.514,0.239,0.013,0.612,-0.316,-0.379,0.753,-0.197,-0.539,-0.501,0.208,1.0,0.946,-0.425,-0.066,-0.428,0.0,-0.363,-0.698,-0.543,-0.215,0.405,-0.788,-0.52,-0.361,-0.414,-0.488,0.599,0.128,0.448,0.399,-0.052,0.744,-0.268,-0.483,-0.549,0.519,-0.603,-0.208,-0.018,-0.02,-0.498,-0.173,-0.478,-0.498,-0.455,0.762,-0.343,-0.635,-0.518,0.65,-0.571,-0.473,-0.277,0.612,0.329,-0.485,-0.405,-0.285,-0.334,-0.458,0.889,-0.39,-0.575,-0.574,-0.572,-0.633,0.675,0.317,-0.181,0.022,-0.007,-0.534,-0.495,-0.5,-0.482,-0.734,-0.495,-0.349,-0.217
GOOGL,-0.423,0.784,-0.473,-0.234,0.213,0.713,-0.461,-0.009,0.429,-0.023,-0.439,-0.489,-0.377,-0.58,0.086,0.571,0.803,0.316,0.764,-0.07,-0.427,0.338,0.15,0.581,-0.235,-0.24,0.751,-0.066,-0.607,-0.506,0.307,0.946,1.0,-0.322,-0.004,-0.341,0.071,-0.277,-0.618,-0.482,-0.167,0.442,-0.72,-0.394,-0.269,-0.339,-0.357,0.562,0.24,0.389,0.379,0.104,0.837,-0.167,-0.407,-0.561,0.649,-0.631,-0.126,0.17,0.094,-0.498,-0.013,-0.379,-0.439,-0.355,0.786,-0.279,-0.572,-0.454,0.628,-0.546,-0.417,-0.202,0.64,0.457,-0.401,-0.332,-0.219,-0.236,-0.47,0.91,-0.374,-0.568,-0.449,-0.495,-0.548,0.707,0.468,-0.126,0.125,0.174,-0.462,-0.43,-0.389,-0.506,-0.724,-0.445,-0.189,-0.068
GT,0.764,-0.509,0.746,0.759,0.082,-0.278,0.875,0.499,0.078,0.616,0.651,0.506,0.854,0.685,0.697,-0.224,-0.544,0.098,-0.389,0.473,0.817,-0.035,0.474,-0.55,0.817,0.856,-0.565,0.621,0.556,0.823,-0.124,-0.425,-0.322,1.0,0.65,0.848,0.524,0.698,0.711,0.845,0.302,-0.598,0.566,0.769,0.888,0.696,0.828,-0.624,0.244,-0.261,-0.565,0.464,-0.437,0.421,0.63,0.735,-0.117,0.68,0.24,0.364,0.303,0.506,0.783,0.603,0.77,0.778,-0.417,0.536,0.656,0.867,-0.631,0.693,0.906,0.284,-0.266,-0.018,0.906,0.636,0.413,0.725,0.731,-0.324,0.438,0.653,0.791,0.846,0.726,-0.154,0.05,0.433,0.172,0.461,0.839,0.805,0.783,0.439,0.606,0.7,0.749,0.569
HBAN,0.437,-0.188,0.49,0.662,0.244,-0.152,0.511,0.403,0.3,0.523,0.649,0.568,0.496,0.452,0.553,0.015,-0.222,0.208,-0.08,0.448,0.606,0.368,0.353,-0.186,0.823,0.727,-0.275,0.409,0.187,0.486,0.17,-0.066,-0.004,0.65,1.0,0.513,0.622,0.637,0.505,0.42,0.565,-0.204,0.334,0.576,0.627,0.658,0.589,-0.28,0.562,0.043,-0.405,0.636,-0.127,0.523,0.554,0.493,0.311,0.531,0.137,0.386,0.589,0.423,0.726,0.445,0.474,0.645,-0.101,0.736,0.498,0.565,-0.313,0.507,0.584,0.351,0.157,0.492,0.626,0.605,0.628,0.66,0.306,0.013,0.395,0.425,0.381,0.428,0.497,-0.008,0.333,0.715,0.579,0.599,0.44,0.323,0.596,0.214,0.234,0.663,0.609,0.438
HST,0.883,-0.456,0.812,0.645,-0.0,-0.226,0.853,0.414,-0.035,0.495,0.605,0.396,0.849,0.641,0.582,-0.249,-0.541,0.075,-0.384,0.478,0.66,-0.244,0.418,-0.556,0.733,0.689,-0.574,0.523,0.549,0.716,-0.263,-0.428,-0.341,0.848,0.513,1.0,0.433,0.584,0.697,0.88,0.153,-0.621,0.606,0.644,0.786,0.527,0.775,-0.604,0.243,-0.366,-0.636,0.323,-0.475,0.341,0.503,0.607,-0.324,0.581,0.073,0.332,0.196,0.393,0.569,0.468,0.807,0.559,-0.485,0.492,0.694,0.74,-0.681,0.568,0.858,0.167,-0.325,-0.104,0.832,0.487,0.236,0.55,0.83,-0.416,0.235,0.606,0.751,0.842,0.733,-0.176,-0.001,0.269,0.022,0.258,0.919,0.882,0.678,0.39,0.575,0.585,0.687,0.549
INTC,0.366,-0.121,0.415,0.716,0.432,-0.042,0.433,0.349,0.373,0.612,0.421,0.312,0.471,0.408,0.383,0.063,-0.163,0.293,-0.024,0.526,0.424,0.31,0.584,-0.109,0.588,0.643,-0.071,0.345,0.075,0.285,0.017,0.0,0.071,0.524,0.622,0.433,1.0,0.5,0.298,0.511,0.39,-0.191,0.188,0.572,0.443,0.502,0.608,-0.297,0.666,-0.054,-0.387,0.648,-0.002,0.475,0.639,0.338,0.257,0.333,0.002,0.592,0.44,0.281,0.719,0.332,0.408,0.454,-0.045,0.627,0.454,0.344,-0.3,0.326,0.386,0.163,0.09,0.428,0.608,0.465,0.492,0.493,0.237,0.026,0.098,0.255,0.328,0.385,0.49,0.132,0.364,0.464,0.438,0.633,0.367,0.314,0.474,0.06,0.26,0.532,0.673,0.505
IOVA,0.449,-0.481,0.686,0.656,0.329,-0.26,0.652,0.306,0.023,0.636,0.634,0.517,0.548,0.627,0.607,-0.192,-0.352,0.342,-0.404,0.464,0.833,0.342,0.285,-0.45,0.593,0.719,-0.366,0.704,0.409,0.674,0.115,-0.363,-0.277,0.698,0.637,0.584,0.5,1.0,0.608,0.558,0.306,-0.445,0.535,0.623,0.781,0.813,0.688,-0.574,0.524,-0.326,-0.527,0.669,-0.39,0.648,0.629,0.696,0.014,0.638,0.381,0.461,0.26,0.696,0.738,0.744,0.528,0.869,-0.186,0.701,0.568,0.762,-0.61,0.712,0.624,0.633,-0.125,0.151,0.701,0.787,0.647,0.856,0.436,-0.29,0.501,0.57,0.664,0.529,0.664,-0.386,0.044,0.586,0.543,0.512,0.551,0.466,0.627,0.456,0.403,0.663,0.648,0.651
IQ,0.662,-0.576,0.748,0.684,0.018,-0.437,0.728,0.211,-0.207,0.36,0.887,0.786,0.674,0.741,0.326,-0.487,-0.682,-0.03,-0.638,0.448,0.795,-0.076,0.165,-0.608,0.689,0.612,-0.728,0.443,0.557,0.753,-0.161,-0.698,-0.618,0.711,0.505,0.697,0.298,0.608,1.0,0.65,0.492,-0.52,0.806,0.718,0.705,0.639,0.712,-0.578,0.153,-0.254,-0.591,0.359,-0.567,0.354,0.648,0.736,-0.328,0.749,0.326,0.21,0.174,0.644,0.512,0.54,0.668,0.686,-0.534,0.563,0.793,0.794,-0.623,0.745,0.818,0.389,-0.395,-0.035,0.727,0.592,0.412,0.674,0.677,-0.624,0.561,0.683,0.766,0.815,0.732,-0.526,-0.157,0.457,0.171,0.291,0.704,0.636,0.726,0.594,0.721,0.747,0.502,0.475
JBLU,0.891,-0.567,0.831,0.698,0.088,-0.38,0.894,0.418,-0.123,0.567,0.517,0.344,0.847,0.697,0.494,-0.278,-0.663,0.054,-0.455,0.487,0.687,-0.171,0.42,-0.518,0.691,0.761,-0.633,0.478,0.604,0.703,-0.23,-0.543,-0.482,0.845,0.42,0.88,0.511,0.558,0.65,1.0,0.115,-0.645,0.627,0.704,0.78,0.576,0.838,-0.635,0.212,-0.439,-0.57,0.341,-0.531,0.395,0.637,0.645,-0.319,0.626,0.176,0.376,0.165,0.466,0.577,0.506,0.863,0.629,-0.581,0.475,0.699,0.722,-0.7,0.629,0.797,0.247,-0.451,-0.146,0.893,0.543,0.308,0.55,0.79,-0.526,0.3,0.628,0.778,0.867,0.805,-0.191,0.012,0.223,0.015,0.287,0.939,0.85,0.757,0.434,0.661,0.669,0.7,0.616
JD,0.142,-0.173,0.208,0.467,0.174,-0.368,0.16,0.059,0.121,0.103,0.735,0.78,0.172,0.299,0.029,-0.298,-0.202,-0.228,-0.196,0.18,0.318,0.337,-0.063,-0.084,0.473,0.38,-0.231,-0.06,-0.006,0.285,0.187,-0.215,-0.167,0.302,0.565,0.153,0.39,0.306,0.492,0.115,1.0,0.131,0.346,0.444,0.204,0.364,0.335,-0.051,0.23,0.383,-0.077,0.416,-0.102,0.187,0.517,0.339,0.148,0.336,0.237,0.003,0.531,0.366,0.361,0.226,0.157,0.372,-0.136,0.467,0.559,0.314,-0.012,0.316,0.326,0.104,0.025,0.391,0.367,0.294,0.391,0.303,0.089,-0.102,0.472,0.177,0.089,0.234,0.3,-0.136,0.163,0.507,0.29,0.347,0.092,0.062,0.462,0.236,0.354,0.415,0.251,0.044
KDP,-0.559,0.605,-0.568,-0.265,0.136,0.168,-0.589,-0.273,0.14,-0.239,-0.288,-0.208,-0.673,-0.573,-0.468,0.268,0.593,-0.174,0.52,-0.186,-0.566,0.323,-0.235,0.714,-0.368,-0.395,0.579,-0.502,-0.649,-0.699,0.555,0.405,0.442,-0.598,-0.204,-0.621,-0.191,-0.445,-0.52,-0.645,0.131,1.0,-0.415,-0.296,-0.623,-0.429,-0.474,0.675,0.041,0.51,0.681,0.01,0.587,-0.163,-0.392,-0.647,0.532,-0.579,0.026,-0.016,0.281,-0.415,-0.257,-0.393,-0.558,-0.459,0.453,-0.219,-0.466,-0.664,0.707,-0.538,-0.644,-0.168,0.304,0.392,-0.584,-0.411,-0.193,-0.471,-0.712,0.477,-0.104,-0.673,-0.553,-0.563,-0.571,0.326,0.427,-0.144,0.031,0.122,-0.644,-0.595,-0.446,-0.474,-0.561,-0.408,-0.279,-0.378
KHC,0.607,-0.584,0.698,0.492,-0.052,-0.494,0.644,0.136,-0.328,0.304,0.694,0.617,0.61,0.558,0.169,-0.45,-0.69,-0.144,-0.557,0.301,0.633,-0.141,0.005,-0.454,0.5,0.506,-0.693,0.319,0.534,0.622,-0.035,-0.788,-0.72,0.566,0.334,0.606,0.188,0.535,0.806,0.627,0.346,-0.415,1.0,0.621,0.509,0.499,0.642,-0.438,-0.01,-0.249,-0.443,0.227,-0.607,0.287,0.469,0.644,-0.445,0.612,0.265,0.057,0.194,0.614,0.338,0.487,0.618,0.605,-0.533,0.46,0.719,0.641,-0.566,0.621,0.652,0.366,-0.514,-0.17,0.637,0.464,0.281,0.494,0.555,-0.69,0.529,0.524,0.681,0.65,0.7,-0.586,-0.192,0.307,0.087,0.143,0.654,0.591,0.674,0.578,0.634,0.574,0.42,0.376
LRCX,0.659,-0.389,0.658,0.869,0.18,-0.397,0.733,0.362,0.249,0.693,0.708,0.577,0.648,0.598,0.38,-0.377,-0.51,0.041,-0.434,0.393,0.715,0.164,0.389,-0.414,0.707,0.818,-0.53,0.466,0.295,0.593,0.065,-0.52,-0.394,0.769,0.576,0.644,0.572,0.623,0.718,0.704,0.444,-0.296,0.621,1.0,0.656,0.621,0.849,-0.508,0.366,-0.203,-0.398,0.628,-0.375,0.479,0.728,0.601,0.017,0.569,0.302,0.469,0.401,0.504,0.789,0.567,0.659,0.743,-0.379,0.666,0.634,0.682,-0.469,0.598,0.693,0.427,-0.177,0.256,0.781,0.567,0.514,0.677,0.481,-0.351,0.447,0.531,0.714,0.717,0.716,-0.229,0.199,0.544,0.296,0.714,0.702,0.605,0.697,0.384,0.636,0.63,0.773,0.58
LYFT,0.675,-0.498,0.744,0.719,0.273,-0.224,0.85,0.45,-0.032,0.6,0.61,0.427,0.793,0.71,0.77,-0.116,-0.509,0.264,-0.374,0.54,0.888,0.141,0.419,-0.539,0.725,0.789,-0.522,0.733,0.586,0.776,-0.034,-0.361,-0.269,0.888,0.627,0.786,0.443,0.781,0.705,0.78,0.204,-0.623,0.509,0.656,1.0,0.806,0.764,-0.68,0.397,-0.379,-0.641,0.513,-0.391,0.581,0.644,0.728,-0.091,0.7,0.403,0.485,0.21,0.556,0.741,0.714,0.787,0.82,-0.364,0.582,0.588,0.886,-0.651,0.78,0.853,0.434,-0.257,0.049,0.822,0.772,0.527,0.828,0.682,-0.296,0.458,0.667,0.812,0.778,0.697,-0.225,0.095,0.441,0.283,0.461,0.785,0.713,0.745,0.431,0.505,0.794,0.662,0.734
MARA,0.44,-0.565,0.638,0.677,0.356,-0.342,0.654,0.397,0.009,0.553,0.661,0.524,0.566,0.81,0.589,-0.146,-0.494,0.351,-0.479,0.534,0.855,0.312,0.308,-0.503,0.66,0.771,-0.541,0.647,0.554,0.705,0.011,-0.414,-0.339,0.696,0.658,0.527,0.502,0.813,0.639,0.576,0.364,-0.429,0.499,0.621,0.806,1.0,0.701,-0.658,0.562,-0.357,-0.597,0.638,-0.401,0.863,0.682,0.796,0.016,0.769,0.437,0.488,0.295,0.701,0.743,0.791,0.667,0.857,-0.385,0.726,0.607,0.802,-0.663,0.912,0.662,0.619,-0.23,0.145,0.7,0.989,0.721,0.867,0.462,-0.397,0.466,0.612,0.653,0.625,0.67,-0.347,0.126,0.533,0.483,0.501,0.586,0.472,0.647,0.408,0.438,0.779,0.603,0.712
MCHP,0.781,-0.431,0.795,0.852,0.184,-0.329,0.864,0.461,0.095,0.739,0.66,0.545,0.758,0.673,0.474,-0.31,-0.563,0.202,-0.386,0.472,0.78,0.059,0.442,-0.422,0.796,0.9,-0.561,0.578,0.476,0.685,-0.081,-0.488,-0.357,0.828,0.589,0.775,0.608,0.688,0.712,0.838,0.335,-0.474,0.642,0.849,0.764,0.701,1.0,-0.524,0.369,-0.295,-0.534,0.63,-0.375,0.543,0.728,0.706,-0.011,0.65,0.262,0.528,0.293,0.608,0.805,0.527,0.804,0.77,-0.417,0.613,0.731,0.74,-0.633,0.692,0.783,0.475,-0.223,0.149,0.898,0.653,0.512,0.717,0.636,-0.401,0.407,0.62,0.812,0.825,0.807,-0.16,0.178,0.475,0.314,0.594,0.839,0.762,0.79,0.475,0.626,0.708,0.847,0.722
MDLZ,-0.512,0.683,-0.577,-0.46,-0.207,0.36,-0.621,-0.296,-0.025,-0.363,-0.44,-0.336,-0.636,-0.725,-0.507,0.291,0.72,-0.148,0.705,-0.401,-0.665,0.156,-0.337,0.86,-0.405,-0.488,0.618,-0.572,-0.627,-0.636,0.375,0.599,0.562,-0.624,-0.28,-0.604,-0.297,-0.574,-0.578,-0.635,-0.051,0.675,-0.438,-0.508,-0.68,-0.658,-0.524,1.0,-0.298,0.578,0.776,-0.221,0.663,-0.523,-0.621,-0.656,0.383,-0.646,-0.104,-0.281,0.041,-0.373,-0.464,-0.632,-0.603,-0.556,0.628,-0.491,-0.491,-0.712,0.803,-0.698,-0.594,-0.218,0.404,0.221,-0.553,-0.649,-0.469,-0.607,-0.607,0.593,-0.184,-0.664,-0.659,-0.58,-0.671,0.46,0.231,-0.3,-0.088,-0.185,-0.601,-0.583,-0.494,-0.274,-0.639,-0.597,-0.526,-0.437
META,0.1,0.069,0.312,0.547,0.659,0.104,0.221,0.298,0.376,0.607,0.329,0.139,0.212,0.297,0.398,0.245,0.076,0.495,0.011,0.536,0.36,0.598,0.434,-0.058,0.37,0.485,0.058,0.425,-0.107,0.038,0.278,0.128,0.24,0.244,0.562,0.243,0.666,0.524,0.153,0.212,0.23,0.041,-0.01,0.366,0.397,0.562,0.369,-0.298,1.0,-0.23,-0.311,0.751,0.164,0.744,0.474,0.132,0.47,0.196,0.184,0.751,0.364,0.166,0.613,0.458,0.258,0.44,0.105,0.727,0.182,0.215,-0.186,0.298,0.135,0.417,0.269,0.582,0.26,0.586,0.62,0.551,-0.037,0.128,0.005,0.184,0.195,0.117,0.327,0.082,0.52,0.482,0.633,0.678,0.166,0.035,0.3,-0.131,-0.045,0.456,0.487,0.618
MNST,-0.273,0.262,-0.489,-0.199,-0.27,-0.036,-0.362,-0.312,0.061,-0.406,-0.02,0.111,-0.399,-0.37,-0.299,0.051,0.354,-0.4,0.368,-0.289,-0.292,0.066,-0.318,0.497,-0.152,-0.291,0.353,-0.422,-0.294,-0.175,0.265,0.448,0.389,-0.261,0.043,-0.366,-0.054,-0.326,-0.254,-0.439,0.383,0.51,-0.249,-0.203,-0.379,-0.357,-0.295,0.578,-0.23,1.0,0.479,-0.096,0.265,-0.468,-0.265,-0.211,0.231,-0.27,-0.019,-0.435,0.209,-0.176,-0.179,-0.435,-0.449,-0.273,0.333,-0.216,-0.2,-0.271,0.569,-0.307,-0.197,-0.288,0.173,0.219,-0.269,-0.41,-0.281,-0.271,-0.234,0.437,0.116,-0.432,-0.409,-0.296,-0.397,0.274,-0.004,-0.037,-0.131,-0.039,-0.411,-0.273,-0.272,-0.087,-0.257,-0.275,-0.301,-0.49
MRNA,-0.519,0.472,-0.626,-0.408,-0.134,0.094,-0.6,-0.322,-0.025,-0.321,-0.421,-0.287,-0.655,-0.663,-0.602,0.157,0.629,-0.324,0.463,-0.463,-0.579,0.182,-0.489,0.723,-0.532,-0.451,0.512,-0.612,-0.562,-0.591,0.516,0.399,0.379,-0.565,-0.405,-0.636,-0.387,-0.527,-0.591,-0.57,-0.077,0.681,-0.443,-0.398,-0.641,-0.597,-0.534,0.776,-0.311,0.479,1.0,-0.173,0.488,-0.489,-0.534,-0.603,0.313,-0.554,0.237,-0.324,-0.012,-0.284,-0.434,-0.503,-0.63,-0.424,0.487,-0.43,-0.463,-0.64,0.718,-0.603,-0.582,-0.11,0.22,0.119,-0.568,-0.59,-0.361,-0.537,-0.585,0.384,-0.031,-0.593,-0.665,-0.556,-0.65,0.26,0.12,-0.25,-0.146,-0.137,-0.576,-0.553,-0.448,-0.152,-0.535,-0.583,-0.555,-0.464
MRVL,0.237,-0.051,0.368,0.782,0.549,-0.042,0.393,0.274,0.355,0.706,0.551,0.396,0.289,0.34,0.368,0.013,-0.021,0.369,-0.079,0.449,0.565,0.634,0.403,-0.069,0.528,0.703,-0.087,0.44,-0.041,0.268,0.38,-0.052,0.104,0.464,0.636,0.323,0.648,0.669,0.359,0.341,0.416,0.01,0.227,0.628,0.513,0.638,0.63,-0.221,0.751,-0.096,-0.173,1.0,0.083,0.664,0.62,0.362,0.472,0.327,0.423,0.708,0.431,0.503,0.774,0.52,0.329,0.698,0.126,0.742,0.373,0.415,-0.216,0.42,0.324,0.628,0.205,0.545,0.488,0.616,0.665,0.677,0.09,0.029,0.364,0.245,0.339,0.322,0.406,-0.045,0.486,0.597,0.725,0.829,0.311,0.168,0.483,0.213,0.171,0.529,0.603,0.656
MSFT,-0.537,0.913,-0.477,-0.214,0.323,0.755,-0.544,-0.028,0.388,0.033,-0.45,-0.453,-0.418,-0.692,-0.061,0.593,0.77,0.295,0.79,-0.08,-0.507,0.416,0.154,0.684,-0.271,-0.256,0.694,-0.189,-0.743,-0.712,0.431,0.744,0.837,-0.437,-0.127,-0.475,-0.002,-0.39,-0.567,-0.531,-0.102,0.587,-0.607,-0.375,-0.391,-0.401,-0.375,0.663,0.164,0.265,0.488,0.083,1.0,-0.132,-0.438,-0.709,0.671,-0.723,-0.057,0.265,0.157,-0.497,-0.107,-0.373,-0.418,-0.41,0.756,-0.331,-0.544,-0.597,0.729,-0.628,-0.558,-0.174,0.63,0.529,-0.455,-0.377,-0.212,-0.359,-0.638,0.81,-0.336,-0.653,-0.475,-0.524,-0.601,0.651,0.622,-0.133,0.185,0.207,-0.536,-0.579,-0.316,-0.594,-0.748,-0.433,-0.213,-0.015
MSTR,0.243,-0.27,0.506,0.563,0.528,-0.122,0.443,0.417,0.179,0.621,0.402,0.226,0.38,0.609,0.502,0.108,-0.284,0.522,-0.258,0.527,0.586,0.434,0.408,-0.32,0.497,0.657,-0.351,0.566,0.306,0.322,0.128,-0.268,-0.167,0.421,0.523,0.341,0.475,0.648,0.354,0.395,0.187,-0.163,0.287,0.479,0.581,0.863,0.543,-0.523,0.744,-0.468,-0.489,0.664,-0.132,1.0,0.53,0.473,0.229,0.499,0.303,0.691,0.324,0.441,0.653,0.715,0.564,0.645,-0.242,0.703,0.364,0.478,-0.485,0.679,0.329,0.581,-0.047,0.312,0.461,0.896,0.706,0.667,0.147,-0.248,0.184,0.387,0.451,0.376,0.503,-0.181,0.376,0.411,0.553,0.572,0.402,0.232,0.461,0.051,0.168,0.617,0.579,0.733
MU,0.486,-0.512,0.57,0.809,0.457,-0.407,0.618,0.324,0.139,0.52,0.675,0.582,0.567,0.687,0.302,-0.372,-0.549,0.147,-0.469,0.481,0.673,0.314,0.309,-0.5,0.605,0.711,-0.425,0.4,0.309,0.543,-0.075,-0.483,-0.407,0.63,0.554,0.503,0.639,0.629,0.648,0.637,0.517,-0.392,0.469,0.728,0.644,0.682,0.728,-0.621,0.474,-0.265,-0.534,0.62,-0.438,0.53,1.0,0.633,-0.015,0.644,0.25,0.451,0.282,0.558,0.676,0.553,0.526,0.705,-0.378,0.689,0.686,0.62,-0.597,0.628,0.575,0.352,-0.197,0.207,0.708,0.641,0.708,0.638,0.394,-0.404,0.384,0.588,0.545,0.566,0.696,-0.301,0.082,0.548,0.404,0.528,0.502,0.445,0.636,0.41,0.727,0.735,0.636,0.526
MVIS,0.589,-0.794,0.638,0.556,-0.096,-0.526,0.71,0.186,-0.161,0.284,0.668,0.632,0.607,0.818,0.429,-0.475,-0.691,0.109,-0.618,0.246,0.849,-0.083,0.088,-0.633,0.612,0.624,-0.646,0.527,0.781,0.939,-0.292,-0.549,-0.561,0.735,0.493,0.607,0.338,0.696,0.736,0.645,0.339,-0.647,0.644,0.601,0.728,0.796,0.706,-0.656,0.132,-0.211,-0.603,0.362,-0.709,0.473,0.633,1.0,-0.362,0.863,0.298,0.078,0.079,0.759,0.562,0.602,0.652,0.777,-0.504,0.497,0.677,0.902,-0.737,0.907,0.816,0.45,-0.391,-0.223,0.743,0.743,0.485,0.751,0.717,-0.565,0.538,0.695,0.685,0.716,0.701,-0.534,-0.308,0.4,0.136,0.207,0.665,0.668,0.609,0.679,0.706,0.662,0.468,0.426
NFLX,-0.308,0.637,-0.235,0.168,0.401,0.435,-0.208,0.262,0.459,0.379,-0.129,-0.123,-0.274,-0.298,0.09,0.448,0.537,0.387,0.532,0.082,-0.128,0.593,0.316,0.451,0.088,0.194,0.497,0.062,-0.539,-0.405,0.462,0.519,0.649,-0.117,0.311,-0.324,0.257,0.014,-0.328,-0.319,0.148,0.532,-0.445,0.017,-0.091,0.016,-0.011,0.383,0.47,0.231,0.313,0.472,0.671,0.229,-0.015,-0.362,1.0,-0.297,0.059,0.476,0.311,-0.193,0.362,-0.122,-0.235,0.023,0.577,0.12,-0.312,-0.296,0.444,-0.237,-0.302,0.178,0.63,0.711,-0.156,0.024,0.257,0.062,-0.556,0.637,-0.038,-0.27,-0.207,-0.297,-0.233,0.546,0.665,0.229,0.523,0.593,-0.325,-0.394,-0.059,-0.375,-0.518,-0.036,0.206,0.137
NNDM,0.587,-0.811,0.64,0.587,-0.091,-0.601,0.688,0.215,-0.209,0.292,0.684,0.655,0.616,0.858,0.289,-0.415,-0.699,0.071,-0.664,0.289,0.792,-0.127,0.086,-0.576,0.625,0.625,-0.706,0.411,0.774,0.829,-0.291,-0.603,-0.631,0.68,0.531,0.581,0.333,0.638,0.749,0.626,0.336,-0.579,0.612,0.569,0.7,0.769,0.65,-0.646,0.196,-0.27,-0.554,0.327,-0.723,0.499,0.644,0.863,-0.297,1.0,0.302,0.13,0.073,0.766,0.525,0.518,0.608,0.721,-0.578,0.651,0.741,0.775,-0.769,0.896,0.766,0.471,-0.439,-0.2,0.692,0.738,0.608,0.724,0.623,-0.675,0.525,0.862,0.606,0.708,0.7,-0.532,-0.268,0.49,0.184,0.168,0.649,0.629,0.561,0.659,0.666,0.79,0.476,0.414
NVAX,0.087,-0.24,0.19,0.339,0.352,-0.331,0.224,-0.075,-0.184,0.245,0.389,0.348,0.108,0.245,0.102,-0.108,-0.052,-0.048,-0.2,0.207,0.491,0.424,-0.252,0.001,0.13,0.293,-0.197,0.177,0.188,0.275,0.528,-0.208,-0.126,0.24,0.137,0.073,0.002,0.381,0.326,0.176,0.237,0.026,0.265,0.302,0.403,0.437,0.262,-0.104,0.184,-0.019,0.237,0.423,-0.057,0.303,0.25,0.298,0.059,0.302,1.0,0.206,0.157,0.515,0.292,0.469,0.211,0.546,-0.058,0.277,0.246,0.391,-0.105,0.453,0.289,0.578,-0.253,0.146,0.227,0.422,0.361,0.484,0.126,-0.2,0.597,0.148,0.259,0.259,0.145,-0.342,0.086,0.292,0.202,0.323,0.177,0.081,0.401,0.446,0.089,0.372,0.03,0.395
NVDA,0.21,0.171,0.395,0.664,0.688,0.281,0.421,0.409,0.356,0.798,0.188,-0.015,0.354,0.264,0.482,0.289,0.004,0.619,0.075,0.549,0.405,0.468,0.707,-0.076,0.436,0.579,0.004,0.546,-0.062,0.01,0.212,-0.018,0.17,0.364,0.386,0.332,0.592,0.461,0.21,0.376,0.003,-0.016,0.057,0.469,0.485,0.488,0.528,-0.281,0.751,-0.435,-0.324,0.708,0.265,0.691,0.451,0.078,0.476,0.13,0.206,1.0,0.307,0.148,0.687,0.426,0.441,0.42,0.067,0.503,0.167,0.229,-0.227,0.26,0.206,0.422,0.212,0.507,0.413,0.509,0.542,0.496,0.036,0.096,-0.041,0.16,0.418,0.315,0.348,0.133,0.619,0.346,0.553,0.764,0.312,0.198,0.363,-0.173,-0.004,0.491,0.69,0.758
NWL,0.215,0.157,0.198,0.448,0.385,-0.099,0.237,0.107,0.361,0.36,0.35,0.252,0.157,0.126,0.309,0.154,-0.017,-0.111,0.206,0.321,0.244,0.429,0.247,0.165,0.425,0.371,-0.033,0.126,-0.147,0.052,0.391,-0.02,0.094,0.303,0.589,0.196,0.44,0.26,0.174,0.165,0.531,0.281,0.194,0.401,0.21,0.295,0.293,0.041,0.364,0.209,-0.012,0.431,0.157,0.324,0.282,0.079,0.311,0.073,0.157,0.307,1.0,0.08,0.445,0.323,0.169,0.287,-0.067,0.403,0.272,0.199,0.094,0.136,0.178,0.048,0.063,0.662,0.38,0.246,0.366,0.233,-0.037,0.168,0.236,-0.041,0.132,0.138,0.264,0.088,0.565,0.43,0.315,0.533,0.131,0.048,0.324,-0.145,-0.003,0.334,0.459,0.192
OCGN,0.395,-0.656,0.5,0.558,0.044,-0.513,0.512,0.077,-0.252,0.3,0.657,0.645,0.386,0.641,0.144,-0.448,-0.467,0.075,-0.548,0.195,0.715,0.146,-0.078,-0.347,0.453,0.555,-0.533,0.313,0.502,0.673,-0.041,-0.498,-0.498,0.506,0.423,0.393,0.281,0.696,0.644,0.466,0.366,-0.415,0.614,0.504,0.556,0.701,0.608,-0.373,0.166,-0.176,-0.284,0.503,-0.497,0.441,0.558,0.759,-0.193,0.766,0.515,0.148,0.08,1.0,0.442,0.511,0.429,0.735,-0.325,0.556,0.7,0.646,-0.588,0.749,0.572,0.672,-0.307,-0.065,0.599,0.667,0.534,0.679,0.44,-0.556,0.65,0.602,0.483,0.538,0.552,-0.551,-0.167,0.555,0.42,0.208,0.482,0.401,0.527,0.773,0.514,0.619,0.337,0.462
ON,0.472,-0.197,0.584,0.849,0.409,-0.064,0.675,0.508,0.408,0.814,0.566,0.428,0.614,0.552,0.645,0.011,-0.255,0.403,-0.171,0.512,0.743,0.347,0.586,-0.316,0.759,0.866,-0.246,0.698,0.257,0.533,0.115,-0.173,-0.013,0.783,0.726,0.569,0.719,0.738,0.512,0.577,0.361,-0.257,0.338,0.789,0.741,0.743,0.805,-0.464,0.613,-0.179,-0.434,0.774,-0.107,0.653,0.676,0.562,0.362,0.525,0.292,0.687,0.445,0.442,1.0,0.578,0.573,0.781,-0.09,0.672,0.463,0.66,-0.427,0.607,0.649,0.459,0.073,0.418,0.738,0.696,0.671,0.798,0.343,-0.031,0.322,0.474,0.652,0.597,0.601,-0.005,0.367,0.597,0.51,0.835,0.552,0.51,0.634,0.199,0.326,0.667,0.852,0.692
