,AAL,AAPL,AGNC,AMAT,AMD,AMZN,APA,ARDX,AVGO,AZN,BIDU,BILI,BKR,CAN,CHRD,CMCSA,CPRT,CRWD,CSCO,CSX,DKNG,EBAY,ERIC,EXC,FITB,FLEX,FTNT,GEN,GERN,GEVO,GILD,GOOG,GOOGL,GT,HBAN,HST,INTC,IOVA,IQ,JBLU,JD,KDP,KHC,LRCX,LYFT,MARA,MCHP,MDLZ,META,MNST,MRNA,MRVL,MSFT,MSTR,MU,MVIS,NFLX,NNDM,NVAX,NVDA,NWL,OCGN,ON,OPK,PAA,PACB,PANW,PARA,PDD,PENN,PEP,PLUG,PTEN,PTON,PYPL,QCOM,QVCGA,RIOT,ROKU,RUN,SABR,SBUX,SMCI,SNDL,STNE,TCOM,TLRY,TMUS,TSCO,TSLA,TTD,TXN,UAL,VOD,VTRS,VXRT,WBA,WBD,WDC,ZM
AAL,1.0,0.363,0.55,0.176,-0.215,0.279,0.623,-0.334,0.257,0.297,-0.243,-0.218,0.238,-0.029,0.826,0.408,0.324,0.348,0.239,0.484,0.405,0.453,-0.19,0.325,0.314,0.016,-0.036,0.08,0.249,0.546,0.165,0.381,0.184,0.353,0.177,0.7,-0.172,0.065,-0.218,0.766,-0.382,0.111,0.091,0.162,0.412,0.201,0.108,0.1,0.446,0.302,0.1,0.227,0.464,0.219,-0.157,0.331,-0.134,0.285,-0.059,0.266,0.395,0.197,-0.153,0.373,0.703,0.396,0.096,0.647,-0.292,0.718,0.263,0.406,0.354,0.335,0.234,-0.013,0.203,0.231,0.338,0.236,0.762,0.456,-0.007,0.305,0.208,-0.086,0.125,0.011,0.322,-0.219,0.228,-0.003,0.951,0.364,0.22,0.12,0.381,0.419,-0.004,0.065
AAPL,0.363,1.0,0.349,0.293,0.058,0.075,0.209,-0.157,0.484,0.335,-0.124,-0.211,0.271,0.087,0.392,0.413,0.321,0.236,0.518,0.553,0.206,0.011,0.216,0.296,0.326,0.205,0.215,-0.054,0.041,0.035,0.153,0.551,0.358,0.18,0.213,0.17,0.017,0.007,-0.295,0.548,-0.146,0.001,-0.233,0.317,0.037,0.113,0.348,0.054,0.42,0.191,0.18,0.362,0.667,0.182,0.079,-0.052,-0.172,0.05,0.047,0.374,0.072,0.004,0.117,0.167,0.444,0.168,-0.019,0.019,-0.087,0.163,0.041,-0.01,0.052,0.015,0.065,0.189,-0.022,0.129,0.066,0.133,0.188,0.391,0.067,-0.031,0.29,-0.162,-0.077,0.004,0.576,0.203,0.255,0.115,0.422,0.518,0.034,0.091,0.227,0.203,0.109,0.15
AGNC,0.55,0.349,1.0,-0.134,-0.236,0.15,0.401,-0.09,0.118,0.243,0.252,0.183,0.272,0.097,0.541,0.294,-0.095,-0.179,0.07,0.434,0.251,0.123,0.202,0.263,0.523,0.14,-0.036,0.214,0.335,0.428,0.241,0.246,0.12,0.473,0.267,0.628,0.328,0.212,-0.061,0.827,0.279,0.082,-0.024,-0.145,0.313,0.146,0.158,0.071,0.14,0.385,-0.015,0.027,0.28,0.104,-0.379,0.42,-0.139,0.567,0.138,0.081,0.364,0.265,-0.13,0.386,0.512,0.139,-0.39,0.321,0.26,0.459,-0.052,0.353,0.355,0.055,0.167,0.047,-0.188,0.134,-0.057,0.007,0.311,0.049,-0.052,0.505,0.341,0.236,0.264,0.197,0.387,0.052,0.013,-0.022,0.55,0.286,0.342,0.173,0.427,0.382,-0.091,-0.204
AMAT,0.176,0.293,-0.134,1.0,0.514,-0.27,0.124,-0.446,0.731,0.095,-0.321,-0.519,0.234,0.31,0.118,0.348,0.77,0.538,0.515,0.224,0.36,-0.097,-0.208,0.375,0.203,0.496,0.545,-0.558,-0.229,0.199,-0.02,0.388,0.443,-0.026,0.342,-0.069,-0.223,0.127,-0.163,0.037,-0.266,-0.445,-0.491,0.875,0.024,0.26,0.632,-0.384,0.306,-0.031,0.511,0.738,0.482,0.337,0.789,-0.071,-0.312,-0.229,-0.07,0.674,-0.34,0.077,0.569,0.173,-0.013,0.619,0.41,-0.041,-0.444,0.065,-0.179,0.149,-0.269,0.144,-0.31,0.555,0.054,0.322,0.006,0.51,0.254,0.143,0.575,-0.116,0.421,-0.479,0.176,-0.522,0.107,0.524,0.487,0.54,0.184,0.405,0.12,0.318,0.131,0.135,0.574,0.607
AMD,-0.215,0.058,-0.236,0.514,1.0,-0.639,0.21,-0.448,0.576,-0.172,-0.546,-0.668,0.43,0.669,-0.149,0.431,0.431,0.056,0.641,0.178,0.508,-0.421,-0.368,0.582,0.378,0.782,0.786,-0.603,-0.575,-0.193,0.304,0.437,0.65,0.209,0.66,-0.086,-0.318,0.222,-0.561,-0.254,-0.234,-0.672,-0.549,0.382,-0.029,0.578,0.704,-0.62,0.303,0.226,0.575,0.725,0.385,0.602,0.513,0.107,-0.407,-0.481,0.299,0.596,-0.644,0.238,0.843,0.212,-0.308,0.495,-0.099,-0.15,-0.539,-0.024,-0.379,0.084,-0.483,-0.291,-0.572,0.729,-0.227,0.566,-0.293,0.345,-0.167,-0.16,0.742,-0.232,-0.036,-0.689,0.324,-0.496,0.235,0.77,0.602,0.524,-0.156,0.527,0.473,0.555,0.377,0.271,0.482,0.66
AMZN,0.279,0.075,0.15,-0.27,-0.639,1.0,-0.126,0.287,-0.426,0.211,0.334,0.489,-0.451,-0.685,0.26,-0.147,-0.144,0.244,-0.452,-0.271,-0.446,0.678,0.179,-0.544,-0.373,-0.546,-0.492,0.418,0.722,0.132,-0.047,-0.159,-0.425,-0.366,-0.53,-0.0,0.008,-0.18,0.406,0.278,0.022,0.719,0.578,-0.057,0.142,-0.588,-0.67,0.664,0.055,-0.269,-0.614,-0.482,-0.174,-0.557,-0.367,-0.219,0.159,0.217,-0.39,-0.481,0.916,-0.438,-0.679,0.219,0.379,-0.332,0.272,0.277,0.345,0.117,0.415,-0.17,0.5,0.373,0.868,-0.451,0.413,-0.57,0.538,-0.149,0.35,0.461,-0.728,0.16,0.149,0.584,-0.163,0.443,-0.2,-0.6,-0.416,-0.566,0.264,-0.394,-0.501,-0.378,-0.361,-0.128,-0.546,-0.365
APA,0.623,0.209,0.401,0.124,0.21,-0.126,1.0,-0.321,0.391,0.089,-0.397,-0.412,0.572,0.271,0.695,0.571,0.223,-0.054,0.397,0.503,0.461,0.226,-0.18,0.53,0.423,0.395,0.159,-0.049,-0.238,0.341,0.347,0.422,0.414,0.487,0.439,0.687,-0.289,-0.118,-0.361,0.449,-0.327,-0.144,0.026,0.006,0.635,0.4,0.354,-0.14,0.376,0.337,0.184,0.412,0.418,0.416,-0.12,0.206,-0.324,0.098,-0.034,0.281,0.023,0.079,0.163,0.224,0.594,0.305,-0.223,0.48,-0.408,0.447,0.241,0.399,0.35,-0.068,-0.212,0.332,0.122,0.493,0.136,0.218,0.525,0.216,0.272,0.193,0.054,-0.256,0.361,0.05,0.337,0.122,0.444,0.148,0.704,0.5,0.506,0.206,0.536,0.541,0.086,0.189
ARDX,-0.334,-0.157,-0.09,-0.446,-0.448,0.287,-0.321,1.0,-0.36,-0.146,0.439,0.396,-0.145,-0.379,-0.226,-0.245,-0.445,-0.307,-0.431,-0.379,-0.625,-0.091,0.484,-0.387,-0.11,-0.251,-0.388,0.296,0.187,-0.279,-0.132,-0.489,-0.49,-0.173,-0.298,-0.138,0.271,-0.173,0.353,-0.175,0.361,0.317,0.233,-0.411,-0.168,-0.436,-0.366,0.27,-0.471,-0.304,-0.288,-0.53,-0.435,-0.457,-0.226,-0.221,0.639,0.125,-0.196,-0.454,0.254,-0.271,-0.327,-0.206,-0.045,-0.448,-0.105,-0.16,0.513,-0.424,0.105,-0.346,0.292,-0.207,0.194,-0.401,-0.001,-0.469,-0.186,-0.49,-0.298,-0.227,-0.389,-0.084,-0.101,0.538,-0.187,0.678,-0.046,-0.324,-0.591,-0.286,-0.245,-0.269,-0.316,-0.457,-0.274,-0.357,-0.161,-0.283
AVGO,0.257,0.484,0.118,0.731,0.576,-0.426,0.391,-0.36,1.0,0.255,-0.452,-0.612,0.606,0.424,0.286,0.625,0.734,0.3,0.778,0.502,0.457,-0.225,-0.15,0.63,0.497,0.713,0.607,-0.571,-0.353,0.04,0.196,0.574,0.648,0.26,0.467,0.128,-0.177,0.07,-0.542,0.2,-0.257,-0.516,-0.562,0.588,0.129,0.428,0.769,-0.485,0.45,0.19,0.635,0.857,0.712,0.498,0.446,-0.001,-0.296,-0.219,0.071,0.795,-0.422,0.138,0.658,0.238,0.175,0.734,0.1,-0.011,-0.486,0.08,-0.055,0.102,-0.171,0.055,-0.485,0.699,-0.122,0.47,-0.066,0.512,0.256,0.099,0.579,-0.121,0.345,-0.53,0.232,-0.329,0.395,0.668,0.613,0.657,0.336,0.73,0.294,0.369,0.438,0.316,0.412,0.638
AZN,0.297,0.335,0.243,0.095,-0.172,0.211,0.089,-0.146,0.255,1.0,0.046,0.094,-0.154,-0.35,0.387,0.078,0.404,0.227,0.095,0.189,-0.041,0.32,0.086,-0.004,-0.103,-0.1,-0.159,0.082,0.375,0.224,0.161,-0.028,-0.079,-0.222,-0.171,0.022,0.049,-0.022,0.074,0.302,0.019,0.153,0.081,0.16,0.237,-0.352,0.004,0.181,0.004,-0.381,-0.079,0.195,0.178,-0.315,-0.084,-0.254,-0.232,0.177,0.071,0.198,0.175,-0.183,-0.193,0.086,0.363,0.256,0.394,-0.024,0.03,0.065,0.242,-0.149,0.183,0.617,0.117,0.061,0.38,-0.322,0.172,0.513,0.299,0.26,-0.181,0.273,0.331,0.124,0.01,0.044,-0.04,-0.126,-0.015,0.033,0.328,0.075,-0.238,-0.133,-0.095,-0.078,-0.325,0.05
BIDU,-0.243,-0.124,0.252,-0.321,-0.546,0.334,-0.397,0.439,-0.452,0.046,1.0,0.892,-0.425,-0.382,-0.16,-0.583,-0.427,-0.166,-0.665,-0.432,-0.548,-0.0,0.578,-0.594,-0.301,-0.481,-0.536,0.256,0.543,0.168,-0.345,-0.509,-0.52,-0.263,-0.463,-0.106,0.731,0.233,0.805,0.098,0.882,0.356,0.306,-0.21,-0.008,-0.473,-0.45,0.325,-0.492,-0.313,-0.474,-0.524,-0.462,-0.519,-0.088,-0.005,0.335,0.539,-0.101,-0.448,0.296,-0.171,-0.482,-0.133,-0.009,-0.395,-0.009,-0.079,0.953,-0.153,-0.144,-0.044,0.227,0.036,0.352,-0.413,0.118,-0.525,0.034,-0.239,-0.186,-0.178,-0.533,0.413,0.359,0.823,0.024,0.32,-0.296,-0.333,-0.584,-0.27,-0.261,-0.558,-0.384,-0.404,-0.524,-0.253,-0.119,-0.436
BILI,-0.218,-0.211,0.183,-0.519,-0.668,0.489,-0.412,0.396,-0.612,0.094,0.892,1.0,-0.513,-0.569,-0.112,-0.658,-0.491,-0.163,-0.747,-0.489,-0.641,0.202,0.447,-0.747,-0.455,-0.678,-0.674,0.376,0.612,0.159,-0.386,-0.547,-0.614,-0.374,-0.655,-0.139,0.66,0.053,0.779,0.02,0.718,0.521,0.528,-0.349,0.048,-0.615,-0.678,0.495,-0.455,-0.372,-0.694,-0.696,-0.569,-0.647,-0.31,-0.102,0.286,0.489,-0.203,-0.661,0.442,-0.315,-0.65,-0.199,0.034,-0.504,0.044,-0.019,0.875,-0.136,0.025,-0.137,0.329,0.172,0.494,-0.556,0.215,-0.636,0.237,-0.261,-0.119,0.002,-0.773,0.406,0.199,0.846,-0.081,0.394,-0.469,-0.521,-0.607,-0.394,-0.25,-0.708,-0.513,-0.518,-0.601,-0.309,-0.402,-0.597
BKR,0.238,0.271,0.272,0.234,0.43,-0.451,0.572,-0.145,0.606,-0.154,-0.425,-0.513,1.0,0.597,0.256,0.693,0.202,-0.138,0.616,0.5,0.484,-0.268,-0.171,0.653,0.77,0.682,0.456,-0.395,-0.528,-0.004,0.326,0.544,0.678,0.536,0.517,0.336,-0.112,-0.051,-0.553,0.158,-0.17,-0.551,-0.486,0.066,0.112,0.596,0.563,-0.485,0.402,0.416,0.461,0.461,0.544,0.629,0.038,0.173,-0.02,-0.149,-0.014,0.453,-0.319,0.17,0.49,0.247,0.137,0.368,-0.335,0.036,-0.398,0.086,-0.058,0.268,-0.095,-0.339,-0.566,0.549,-0.339,0.658,-0.209,0.156,0.124,-0.064,0.486,0.026,-0.002,-0.402,0.437,-0.035,0.485,0.551,0.566,0.502,0.369,0.683,0.548,0.325,0.675,0.482,0.35,0.383
CAN,-0.029,0.087,0.097,0.31,0.669,-0.685,0.271,-0.379,0.424,-0.35,-0.382,-0.569,0.597,1.0,-0.117,0.415,0.141,-0.127,0.509,0.408,0.722,-0.515,-0.257,0.618,0.661,0.665,0.687,-0.464,-0.567,-0.009,0.252,0.477,0.621,0.62,0.69,0.114,-0.095,0.388,-0.584,0.03,-0.073,-0.617,-0.671,0.122,-0.2,0.923,0.671,-0.695,0.259,0.608,0.697,0.423,0.438,0.892,0.243,0.464,-0.281,-0.212,0.425,0.545,-0.583,0.562,0.694,0.325,-0.304,0.391,-0.444,-0.114,-0.38,0.183,-0.562,0.431,-0.537,-0.422,-0.614,0.466,-0.497,0.901,-0.46,0.121,-0.247,-0.353,0.742,-0.072,-0.125,-0.65,0.291,-0.424,0.433,0.684,0.538,0.431,-0.011,0.593,0.77,0.693,0.568,0.363,0.519,0.363
CHRD,0.826,0.392,0.541,0.118,-0.149,0.26,0.695,-0.226,0.286,0.387,-0.16,-0.112,0.256,-0.117,1.0,0.417,0.311,0.198,0.186,0.422,0.251,0.378,0.043,0.226,0.273,0.088,-0.14,0.098,0.237,0.617,0.21,0.259,0.13,0.309,0.157,0.735,-0.068,-0.025,-0.129,0.707,-0.24,0.195,0.211,0.15,0.586,0.023,0.092,0.198,0.328,0.114,-0.016,0.234,0.339,0.039,-0.172,0.138,-0.176,0.406,-0.094,0.179,0.374,0.01,-0.177,0.238,0.805,0.282,0.118,0.539,-0.162,0.489,0.342,0.348,0.555,0.315,0.209,0.092,0.358,0.115,0.285,0.304,0.733,0.495,-0.041,0.406,0.307,0.037,0.261,0.162,0.229,-0.216,0.214,0.011,0.896,0.304,0.194,0.006,0.304,0.374,-0.098,0.06
CMCSA,0.408,0.413,0.294,0.348,0.431,-0.147,0.571,-0.245,0.625,0.078,-0.583,-0.658,0.693,0.415,0.417,1.0,0.382,0.043,0.695,0.583,0.518,-0.009,-0.234,0.679,0.629,0.737,0.469,-0.236,-0.293,-0.039,0.422,0.664,0.657,0.433,0.559,0.374,-0.408,-0.153,-0.66,0.309,-0.427,-0.371,-0.416,0.299,0.185,0.469,0.523,-0.255,0.608,0.394,0.384,0.551,0.683,0.513,0.003,0.116,-0.304,-0.253,-0.065,0.503,-0.078,0.088,0.405,0.424,0.324,0.412,-0.204,0.224,-0.546,0.243,0.105,0.135,-0.015,-0.143,-0.226,0.654,-0.182,0.537,-0.065,0.226,0.359,0.241,0.465,-0.072,0.113,-0.427,0.312,-0.022,0.516,0.495,0.534,0.334,0.503,0.778,0.459,0.404,0.66,0.574,0.155,0.441
CPRT,0.324,0.321,-0.095,0.77,0.431,-0.144,0.223,-0.445,0.734,0.404,-0.427,-0.491,0.202,0.141,0.311,0.382,1.0,0.548,0.582,0.212,0.358,0.11,-0.375,0.42,0.078,0.416,0.357,-0.605,-0.134,0.24,0.09,0.44,0.465,-0.039,0.164,-0.002,-0.379,0.129,-0.288,0.083,-0.38,-0.291,-0.271,0.699,0.137,0.188,0.484,-0.199,0.386,-0.03,0.457,0.738,0.561,0.294,0.552,-0.172,-0.373,-0.242,-0.051,0.617,-0.218,0.011,0.39,0.191,0.141,0.718,0.536,0.075,-0.499,0.118,0.107,0.104,-0.13,0.445,-0.226,0.479,0.262,0.23,0.256,0.714,0.433,0.371,0.372,-0.043,0.405,-0.426,0.169,-0.395,0.033,0.351,0.531,0.382,0.355,0.414,0.059,0.199,0.109,0.203,0.256,0.63
CRWD,0.348,0.236,-0.179,0.538,0.056,0.244,-0.054,-0.307,0.3,0.227,-0.166,-0.163,-0.138,-0.127,0.198,0.043,0.548,1.0,0.188,0.094,0.137,0.327,-0.278,-0.027,-0.175,-0.075,0.086,-0.261,0.136,0.241,-0.078,0.306,0.199,-0.282,-0.103,-0.177,-0.222,0.065,-0.025,0.071,-0.301,-0.013,-0.123,0.584,-0.033,-0.026,0.004,0.03,0.452,-0.108,0.222,0.272,0.394,0.021,0.448,-0.104,-0.13,-0.086,-0.123,0.323,0.069,-0.054,-0.05,0.188,0.111,0.422,0.662,0.151,-0.247,0.167,0.027,0.109,-0.185,0.336,0.19,0.087,0.234,0.024,0.458,0.344,0.383,0.531,0.039,-0.059,0.209,-0.159,0.004,-0.359,-0.062,-0.107,0.343,0.135,0.275,0.087,-0.173,0.091,-0.203,0.033,0.103,0.457
CSCO,0.239,0.518,0.07,0.515,0.641,-0.452,0.397,-0.431,0.778,0.095,-0.665,-0.747,0.616,0.509,0.186,0.695,0.582,0.188,1.0,0.609,0.598,-0.2,-0.301,0.787,0.534,0.685,0.642,-0.441,-0.503,-0.148,0.369,0.764,0.808,0.384,0.587,0.141,-0.372,-0.019,-0.743,0.138,-0.442,-0.562,-0.555,0.358,0.037,0.537,0.728,-0.408,0.571,0.408,0.599,0.772,0.803,0.601,0.261,0.035,-0.395,-0.367,0.135,0.725,-0.441,0.249,0.625,0.277,0.094,0.523,-0.057,-0.025,-0.629,0.106,-0.006,0.114,-0.248,-0.087,-0.497,0.622,-0.241,0.55,-0.113,0.44,0.172,0.181,0.591,-0.2,0.047,-0.639,0.243,-0.305,0.526,0.603,0.651,0.475,0.3,0.828,0.421,0.424,0.577,0.409,0.291,0.535
CSX,0.484,0.553,0.434,0.224,0.178,-0.271,0.503,-0.379,0.502,0.189,-0.432,-0.489,0.5,0.408,0.422,0.583,0.212,0.094,0.609,1.0,0.563,-0.009,-0.096,0.605,0.6,0.38,0.361,0.11,-0.234,0.112,0.389,0.608,0.509,0.507,0.519,0.395,-0.105,-0.128,-0.609,0.507,-0.283,-0.347,-0.407,0.139,0.153,0.458,0.473,-0.209,0.465,0.465,0.442,0.4,0.674,0.455,-0.143,0.203,-0.449,0.085,0.302,0.502,-0.15,0.351,0.222,0.248,0.285,0.304,-0.297,0.026,-0.408,0.324,-0.037,0.308,-0.042,-0.153,-0.271,0.303,-0.351,0.526,-0.172,0.117,0.16,0.173,0.394,-0.065,-0.013,-0.467,0.054,-0.208,0.61,0.265,0.484,0.173,0.482,0.699,0.447,0.362,0.725,0.363,0.099,0.105
DKNG,0.405,0.206,0.251,0.36,0.508,-0.446,0.461,-0.625,0.457,-0.041,-0.548,-0.641,0.484,0.722,0.251,0.518,0.358,0.137,0.598,0.563,1.0,-0.102,-0.367,0.639,0.553,0.553,0.535,-0.348,-0.351,0.26,0.316,0.562,0.614,0.708,0.658,0.38,-0.291,0.353,-0.596,0.308,-0.355,-0.505,-0.501,0.238,0.019,0.803,0.582,-0.559,0.46,0.698,0.625,0.517,0.596,0.733,0.167,0.536,-0.456,-0.072,0.427,0.619,-0.343,0.607,0.468,0.454,0.044,0.531,-0.179,0.17,-0.575,0.535,-0.347,0.614,-0.394,-0.115,-0.391,0.425,-0.231,0.76,-0.16,0.403,0.158,0.004,0.666,0.04,-0.011,-0.69,0.284,-0.475,0.397,0.414,0.657,0.301,0.38,0.624,0.741,0.677,0.635,0.432,0.404,0.312
EBAY,0.453,0.011,0.123,-0.097,-0.421,0.678,0.226,-0.091,-0.225,0.32,-0.0,0.202,-0.268,-0.515,0.378,-0.009,0.11,0.327,-0.2,-0.009,-0.102,1.0,-0.216,-0.274,-0.341,-0.396,-0.385,0.423,0.448,0.279,0.108,0.046,-0.169,-0.248,-0.339,0.102,-0.306,-0.383,0.247,0.224,-0.248,0.469,0.582,-0.018,0.394,-0.343,-0.486,0.543,0.173,-0.125,-0.477,-0.233,-0.04,-0.31,-0.289,-0.193,-0.227,0.048,-0.273,-0.413,0.669,-0.404,-0.566,0.083,0.452,-0.122,0.404,0.32,-0.055,0.31,0.483,0.024,0.403,0.379,0.523,-0.234,0.539,-0.256,0.733,0.135,0.455,0.583,-0.464,0.103,0.084,0.181,-0.062,0.219,-0.296,-0.54,-0.031,-0.443,0.407,-0.284,-0.261,-0.364,-0.117,0.04,-0.459,-0.248
ERIC,-0.19,0.216,0.202,-0.208,-0.368,0.179,-0.18,0.484,-0.15,0.086,0.578,0.447,-0.171,-0.257,0.043,-0.234,-0.375,-0.278,-0.301,-0.096,-0.367,-0.216,1.0,-0.332,-0.021,-0.233,-0.302,0.291,0.316,0.012,-0.201,-0.408,-0.441,0.043,-0.148,0.093,0.539,0.048,0.397,0.178,0.54,0.305,0.2,-0.177,0.072,-0.362,-0.167,0.19,-0.456,-0.185,-0.288,-0.301,-0.264,-0.434,-0.111,-0.038,0.254,0.535,-0.019,-0.153,0.185,-0.078,-0.219,-0.181,0.17,-0.411,-0.104,-0.182,0.619,-0.243,0.003,-0.049,0.361,-0.138,0.15,-0.233,0.113,-0.393,-0.244,-0.184,-0.162,-0.177,-0.261,0.158,0.326,0.501,-0.101,0.48,0.114,-0.176,-0.498,-0.122,-0.12,-0.114,-0.19,-0.27,-0.187,-0.27,-0.028,-0.37
EXC,0.325,0.296,0.263,0.375,0.582,-0.544,0.53,-0.387,0.63,-0.004,-0.594,-0.747,0.653,0.618,0.226,0.679,0.42,-0.027,0.787,0.605,0.639,-0.274,-0.332,1.0,0.691,0.733,0.652,-0.369,-0.517,-0.064,0.509,0.619,0.711,0.528,0.753,0.372,-0.355,0.06,-0.705,0.225,-0.342,-0.608,-0.567,0.139,0.079,0.642,0.783,-0.483,0.412,0.468,0.632,0.7,0.651,0.684,0.156,0.237,-0.322,-0.21,0.259,0.697,-0.415,0.472,0.64,0.337,0.078,0.499,-0.305,0.098,-0.59,0.251,-0.083,0.211,-0.192,-0.197,-0.573,0.597,-0.343,0.649,-0.299,0.229,0.212,-0.098,0.729,-0.098,-0.013,-0.562,0.314,-0.241,0.66,0.632,0.618,0.397,0.357,0.833,0.623,0.518,0.745,0.495,0.347,0.536
FITB,0.314,0.326,0.523,0.203,0.378,-0.373,0.423,-0.11,0.497,-0.103,-0.301,-0.455,0.77,0.661,0.273,0.629,0.078,-0.175,0.534,0.6,0.553,-0.341,-0.021,0.691,1.0,0.64,0.61,-0.185,-0.294,0.034,0.428,0.415,0.474,0.701,0.75,0.463,0.081,0.182,-0.57,0.415,-0.035,-0.484,-0.585,0.012,-0.026,0.632,0.663,-0.535,0.249,0.52,0.493,0.355,0.469,0.601,-0.016,0.414,-0.082,0.046,0.294,0.513,-0.175,0.481,0.538,0.474,0.124,0.361,-0.51,0.027,-0.284,0.247,-0.367,0.325,-0.111,-0.349,-0.403,0.407,-0.501,0.613,-0.523,0.024,0.017,-0.251,0.538,0.039,-0.009,-0.384,0.28,-0.035,0.72,0.562,0.348,0.418,0.38,0.749,0.638,0.524,0.797,0.373,0.366,0.239
FLEX,0.016,0.205,0.14,0.496,0.782,-0.546,0.395,-0.251,0.713,-0.1,-0.481,-0.678,0.682,0.665,0.088,0.737,0.416,-0.075,0.685,0.38,0.553,-0.396,-0.233,0.733,0.64,1.0,0.707,-0.509,-0.508,-0.056,0.392,0.521,0.696,0.456,0.752,0.169,-0.25,0.142,-0.604,0.061,-0.181,-0.66,-0.601,0.367,0.055,0.597,0.785,-0.538,0.365,0.387,0.668,0.734,0.509,0.598,0.306,0.219,-0.333,-0.274,0.206,0.62,-0.496,0.312,0.756,0.319,-0.082,0.523,-0.257,-0.064,-0.468,0.065,-0.247,0.218,-0.247,-0.245,-0.543,0.814,-0.328,0.619,-0.345,0.307,-0.014,-0.181,0.786,-0.081,0.141,-0.555,0.42,-0.231,0.464,0.821,0.604,0.51,0.111,0.735,0.653,0.601,0.62,0.398,0.449,0.612
FTNT,-0.036,0.215,-0.036,0.545,0.786,-0.492,0.159,-0.388,0.607,-0.159,-0.536,-0.674,0.456,0.687,-0.14,0.469,0.357,0.086,0.642,0.361,0.535,-0.385,-0.302,0.652,0.61,0.707,1.0,-0.474,-0.46,-0.272,0.369,0.481,0.569,0.318,0.743,-0.058,-0.221,0.212,-0.625,-0.017,-0.278,-0.586,-0.688,0.328,-0.212,0.622,0.806,-0.71,0.34,0.361,0.66,0.649,0.46,0.652,0.392,0.247,-0.345,-0.409,0.382,0.662,-0.423,0.422,0.908,0.466,-0.285,0.502,-0.299,-0.165,-0.56,0.119,-0.49,0.054,-0.512,-0.295,-0.465,0.551,-0.481,0.581,-0.408,0.129,-0.176,-0.295,0.706,-0.337,-0.124,-0.722,0.102,-0.44,0.518,0.8,0.514,0.459,-0.038,0.668,0.482,0.7,0.54,0.181,0.474,0.484
GEN,0.08,-0.054,0.214,-0.558,-0.603,0.418,-0.049,0.296,-0.571,0.082,0.256,0.376,-0.395,-0.464,0.098,-0.236,-0.605,-0.261,-0.441,0.11,-0.348,0.423,0.291,-0.369,-0.185,-0.509,-0.474,1.0,0.379,-0.033,0.166,-0.345,-0.528,-0.049,-0.166,0.155,0.112,-0.403,0.286,0.227,0.073,0.488,0.492,-0.458,0.125,-0.432,-0.504,0.559,-0.277,-0.099,-0.514,-0.59,-0.429,-0.51,-0.591,-0.065,0.079,0.29,0.069,-0.616,0.484,-0.157,-0.591,-0.185,0.235,-0.605,-0.148,0.018,0.285,0.042,0.232,-0.117,0.412,-0.018,0.454,-0.505,0.07,-0.394,0.023,-0.426,-0.106,0.026,-0.422,0.013,-0.245,0.34,-0.324,0.437,0.005,-0.592,-0.497,-0.548,0.026,-0.363,-0.206,-0.349,0.016,-0.252,-0.435,-0.698
GERN,0.249,0.041,0.335,-0.229,-0.575,0.722,-0.238,0.187,-0.353,0.375,0.543,0.612,-0.528,-0.567,0.237,-0.293,-0.134,0.136,-0.503,-0.234,-0.351,0.448,0.316,-0.517,-0.294,-0.508,-0.46,0.379,1.0,0.254,-0.096,-0.332,-0.523,-0.288,-0.46,0.041,0.323,0.172,0.458,0.401,0.292,0.544,0.461,-0.054,0.11,-0.523,-0.523,0.496,-0.21,-0.295,-0.498,-0.394,-0.237,-0.546,-0.238,-0.007,0.134,0.425,-0.108,-0.322,0.687,-0.198,-0.594,0.206,0.264,-0.136,0.253,0.223,0.511,0.217,0.145,-0.116,0.358,0.461,0.653,-0.485,0.371,-0.574,0.325,-0.037,0.231,0.162,-0.577,0.339,0.327,0.556,-0.159,0.293,-0.21,-0.485,-0.482,-0.34,0.172,-0.425,-0.434,-0.366,-0.303,-0.216,-0.346,-0.398
GEVO,0.546,0.035,0.428,0.199,-0.193,0.132,0.341,-0.279,0.04,0.224,0.168,0.159,-0.004,-0.009,0.617,-0.039,0.24,0.241,-0.148,0.112,0.26,0.279,0.012,-0.064,0.034,-0.056,-0.272,-0.033,0.254,1.0,-0.062,0.017,-0.007,0.234,0.006,0.508,0.139,0.316,0.244,0.499,0.097,0.116,0.201,0.21,0.444,0.032,-0.034,0.109,0.002,0.063,0.043,0.06,0.052,-0.006,0.073,0.331,-0.162,0.645,-0.02,0.046,0.195,0.206,-0.226,0.13,0.39,0.274,0.261,0.411,0.109,0.445,0.04,0.627,0.3,0.374,0.138,-0.028,0.31,0.11,0.232,0.386,0.496,0.3,0.001,0.679,0.435,0.133,0.415,-0.102,-0.197,-0.257,0.133,0.01,0.535,-0.079,0.276,0.072,0.018,0.251,0.101,-0.077
GILD,0.165,0.153,0.241,-0.02,0.304,-0.047,0.347,-0.132,0.196,0.161,-0.345,-0.386,0.326,0.252,0.21,0.422,0.09,-0.078,0.369,0.389,0.316,0.108,-0.201,0.509,0.428,0.392,0.369,0.166,-0.096,-0.062,1.0,0.357,0.4,0.265,0.523,0.165,-0.319,-0.082,-0.395,0.222,-0.193,-0.215,-0.225,-0.1,0.019,0.199,0.273,-0.108,0.253,0.166,0.293,0.313,0.29,0.204,-0.151,-0.04,-0.208,-0.127,0.327,0.196,0.043,0.149,0.222,0.494,0.036,0.087,-0.208,-0.079,-0.304,0.09,0.011,0.018,-0.089,-0.1,-0.146,0.283,-0.186,0.247,-0.177,0.067,-0.023,-0.085,0.357,-0.018,-0.236,-0.269,0.302,0.005,0.454,0.211,0.379,-0.031,0.244,0.387,0.4,0.309,0.598,0.174,-0.033,0.114
GOOG,0.381,0.551,0.246,0.388,0.437,-0.159,0.422,-0.489,0.574,-0.028,-0.509,-0.547,0.544,0.477,0.259,0.664,0.44,0.306,0.764,0.608,0.562,0.046,-0.408,0.619,0.415,0.521,0.481,-0.345,-0.332,0.017,0.357,1.0,0.906,0.281,0.41,0.135,-0.4,-0.008,-0.634,0.339,-0.399,-0.339,-0.442,0.352,0.051,0.54,0.465,-0.18,0.852,0.514,0.457,0.581,0.887,0.647,0.081,0.114,-0.432,-0.26,0.036,0.493,-0.133,0.156,0.36,0.416,0.179,0.429,-0.162,0.151,-0.469,0.309,0.032,0.213,-0.221,-0.118,-0.148,0.493,-0.277,0.611,0.209,0.19,0.251,0.431,0.346,-0.027,0.054,-0.476,0.322,-0.341,0.452,0.431,0.75,0.235,0.405,0.667,0.389,0.407,0.485,0.563,0.122,0.389
GOOGL,0.184,0.358,0.12,0.443,0.65,-0.425,0.414,-0.49,0.648,-0.079,-0.52,-0.614,0.678,0.621,0.13,0.657,0.465,0.199,0.808,0.509,0.614,-0.169,-0.441,0.711,0.474,0.696,0.569,-0.528,-0.523,-0.007,0.4,0.906,1.0,0.309,0.511,0.081,-0.369,0.071,-0.629,0.118,-0.283,-0.591,-0.587,0.353,0.03,0.61,0.587,-0.404,0.743,0.427,0.567,0.694,0.819,0.707,0.231,0.117,-0.388,-0.319,0.054,0.599,-0.405,0.194,0.542,0.388,-0.017,0.511,-0.158,0.043,-0.492,0.186,-0.088,0.228,-0.355,-0.202,-0.426,0.678,-0.317,0.677,0.038,0.309,0.148,0.227,0.545,0.041,0.058,-0.517,0.552,-0.424,0.367,0.596,0.823,0.427,0.253,0.692,0.486,0.455,0.494,0.578,0.279,0.539
GT,0.353,0.18,0.473,-0.026,0.209,-0.366,0.487,-0.173,0.26,-0.222,-0.263,-0.374,0.536,0.62,0.309,0.433,-0.039,-0.282,0.384,0.507,0.708,-0.248,0.043,0.528,0.701,0.456,0.318,-0.049,-0.288,0.234,0.265,0.281,0.309,1.0,0.655,0.661,0.025,0.321,-0.482,0.445,-0.093,-0.256,-0.243,-0.198,0.122,0.699,0.456,-0.383,0.14,0.817,0.439,0.172,0.3,0.571,-0.166,0.67,-0.141,0.227,0.372,0.311,-0.166,0.643,0.318,0.319,0.168,0.202,-0.507,0.246,-0.237,0.435,-0.259,0.615,-0.009,-0.291,-0.323,0.193,-0.323,0.614,-0.357,0.055,0.066,-0.191,0.475,0.099,-0.055,-0.359,0.21,0.006,0.553,0.26,0.26,0.155,0.368,0.582,0.792,0.503,0.688,0.392,0.334,-0.042
HBAN,0.177,0.213,0.267,0.342,0.66,-0.53,0.439,-0.298,0.467,-0.171,-0.463,-0.655,0.517,0.69,0.157,0.559,0.164,-0.103,0.587,0.519,0.658,-0.339,-0.148,0.753,0.75,0.752,0.743,-0.166,-0.46,0.006,0.523,0.41,0.511,0.655,1.0,0.41,-0.177,0.188,-0.573,0.231,-0.211,-0.556,-0.567,0.127,0.017,0.662,0.753,-0.587,0.242,0.526,0.623,0.549,0.38,0.602,0.22,0.447,-0.35,-0.111,0.456,0.547,-0.374,0.54,0.71,0.35,-0.013,0.34,-0.411,0.073,-0.486,0.277,-0.457,0.329,-0.224,-0.412,-0.457,0.545,-0.4,0.643,-0.517,0.108,-0.044,-0.276,0.799,-0.126,-0.072,-0.589,0.257,-0.268,0.645,0.603,0.461,0.34,0.208,0.713,0.732,0.664,0.723,0.378,0.503,0.338
HST,0.7,0.17,0.628,-0.069,-0.086,-0.0,0.687,-0.138,0.128,0.022,-0.106,-0.139,0.336,0.114,0.735,0.374,-0.002,-0.177,0.141,0.395,0.38,0.102,0.093,0.372,0.463,0.169,-0.058,0.155,0.041,0.508,0.165,0.135,0.081,0.661,0.41,1.0,0.023,0.114,-0.174,0.662,-0.103,0.047,0.162,-0.152,0.578,0.259,0.178,0.027,0.11,0.418,0.01,0.112,0.176,0.204,-0.258,0.48,-0.073,0.458,0.03,0.121,0.236,0.306,-0.018,0.19,0.678,0.181,-0.255,0.641,-0.104,0.564,0.137,0.465,0.536,-0.056,0.049,0.087,0.078,0.248,-0.039,0.068,0.566,0.174,0.123,0.373,0.185,0.032,0.269,0.202,0.349,-0.105,0.053,-0.026,0.741,0.345,0.443,0.129,0.492,0.499,0.104,-0.081
INTC,-0.172,0.017,0.328,-0.223,-0.318,0.008,-0.289,0.271,-0.177,0.049,0.731,0.66,-0.112,-0.095,-0.068,-0.408,-0.379,-0.222,-0.372,-0.105,-0.291,-0.306,0.539,-0.355,0.081,-0.25,-0.221,0.112,0.323,0.139,-0.319,-0.4,-0.369,0.025,-0.177,0.023,1.0,0.294,0.469,0.154,0.728,0.046,0.019,-0.192,-0.12,-0.201,-0.112,-0.017,-0.406,-0.145,-0.197,-0.325,-0.296,-0.275,-0.046,0.181,0.26,0.506,0.128,-0.123,0.036,0.109,-0.18,-0.065,-0.08,-0.209,-0.211,-0.163,0.693,-0.1,-0.371,0.039,0.086,-0.039,0.033,-0.281,-0.158,-0.273,-0.269,-0.16,-0.251,-0.327,-0.263,0.339,0.167,0.499,-0.013,0.177,-0.03,-0.074,-0.407,0.081,-0.181,-0.221,-0.159,-0.145,-0.211,-0.189,0.064,-0.296
IOVA,0.065,0.007,0.212,0.127,0.222,-0.18,-0.118,-0.173,0.07,-0.022,0.233,0.053,-0.051,0.388,-0.025,-0.153,0.129,0.065,-0.019,-0.128,0.353,-0.383,0.048,0.06,0.182,0.142,0.212,-0.403,0.172,0.316,-0.082,-0.008,0.071,0.321,0.188,0.114,0.294,1.0,0.002,0.273,0.335,-0.149,-0.227,0.109,-0.118,0.351,0.263,-0.335,-0.069,0.255,0.375,0.164,0.099,0.282,0.27,0.591,0.07,0.287,0.413,0.335,-0.155,0.55,0.246,0.385,-0.183,0.414,-0.096,0.157,0.225,0.348,-0.553,0.415,-0.32,0.119,-0.034,0.003,-0.137,0.175,-0.248,0.199,-0.071,-0.258,0.218,0.383,0.267,-0.05,0.252,-0.308,0.09,0.165,-0.047,0.19,-0.01,0.096,0.338,0.421,-0.017,0.094,0.412,0.126
IQ,-0.218,-0.295,-0.061,-0.163,-0.561,0.406,-0.361,0.353,-0.542,0.074,0.805,0.779,-0.553,-0.584,-0.129,-0.66,-0.288,-0.025,-0.743,-0.609,-0.596,0.247,0.397,-0.705,-0.57,-0.604,-0.625,0.286,0.458,0.244,-0.395,-0.634,-0.629,-0.482,-0.573,-0.174,0.469,0.002,1.0,-0.124,0.574,0.407,0.479,-0.072,0.079,-0.661,-0.537,0.42,-0.538,-0.557,-0.587,-0.502,-0.635,-0.677,0.09,-0.225,0.322,0.38,-0.271,-0.558,0.329,-0.381,-0.546,-0.294,0.017,-0.458,0.326,-0.052,0.71,-0.217,0.041,-0.107,0.278,0.187,0.368,-0.449,0.389,-0.653,0.203,-0.116,-0.047,-0.032,-0.53,0.349,0.255,0.733,-0.005,0.274,-0.562,-0.516,-0.569,-0.321,-0.229,-0.76,-0.523,-0.541,-0.675,-0.354,-0.094,-0.394
JBLU,0.766,0.548,0.827,0.037,-0.254,0.278,0.449,-0.175,0.2,0.302,0.098,0.02,0.158,0.03,0.707,0.309,0.083,0.071,0.138,0.507,0.308,0.224,0.178,0.225,0.415,0.061,-0.017,0.227,0.401,0.499,0.222,0.339,0.118,0.445,0.231,0.662,0.154,0.273,-0.124,1.0,0.02,0.23,0.034,0.06,0.323,0.132,0.174,0.161,0.275,0.369,0.063,0.129,0.407,0.117,-0.269,0.408,-0.129,0.525,0.177,0.199,0.435,0.29,-0.137,0.421,0.671,0.249,-0.205,0.435,0.118,0.603,0.054,0.389,0.375,0.219,0.331,-0.04,0.009,0.113,0.078,0.06,0.461,0.261,-0.047,0.429,0.341,0.087,0.132,0.099,0.483,-0.081,0.05,-0.083,0.748,0.335,0.265,0.188,0.394,0.325,-0.023,-0.153
JD,-0.382,-0.146,0.279,-0.266,-0.234,0.022,-0.327,0.361,-0.257,0.019,0.882,0.718,-0.17,-0.073,-0.24,-0.427,-0.38,-0.301,-0.442,-0.283,-0.355,-0.248,0.54,-0.342,-0.035,-0.181,-0.278,0.073,0.292,0.097,-0.193,-0.399,-0.283,-0.093,-0.211,-0.103,0.728,0.335,0.574,0.02,1.0,0.065,0.032,-0.231,-0.016,-0.242,-0.186,0.027,-0.478,-0.199,-0.25,-0.337,-0.334,-0.3,-0.063,0.07,0.211,0.498,0.076,-0.229,0.018,-0.011,-0.183,-0.051,-0.143,-0.241,-0.189,-0.228,0.882,-0.229,-0.325,0.049,0.066,-0.142,0.052,-0.133,-0.084,-0.296,-0.233,-0.129,-0.329,-0.349,-0.271,0.41,0.378,0.653,0.231,0.221,-0.175,-0.029,-0.413,-0.098,-0.357,-0.318,-0.129,-0.193,-0.294,-0.144,-0.026,-0.281
KDP,0.111,0.001,0.082,-0.445,-0.672,0.719,-0.144,0.317,-0.516,0.153,0.356,0.521,-0.551,-0.617,0.195,-0.371,-0.291,-0.013,-0.562,-0.347,-0.505,0.469,0.305,-0.608,-0.484,-0.66,-0.586,0.488,0.544,0.116,-0.215,-0.339,-0.591,-0.256,-0.556,0.047,0.046,-0.149,0.407,0.23,0.065,1.0,0.71,-0.323,0.162,-0.555,-0.65,0.67,-0.21,-0.172,-0.642,-0.615,-0.388,-0.556,-0.48,-0.183,0.172,0.285,-0.247,-0.622,0.733,-0.39,-0.629,-0.164,0.402,-0.433,0.131,0.203,0.425,-0.008,0.446,-0.142,0.55,0.299,0.748,-0.566,0.458,-0.56,0.431,-0.24,0.203,0.333,-0.715,0.092,0.068,0.528,-0.339,0.463,-0.226,-0.648,-0.53,-0.664,0.104,-0.498,-0.427,-0.423,-0.457,-0.275,-0.584,-0.54
KHC,0.091,-0.233,-0.024,-0.491,-0.549,0.578,0.026,0.233,-0.562,0.081,0.306,0.528,-0.486,-0.671,0.211,-0.416,-0.271,-0.123,-0.555,-0.407,-0.501,0.582,0.2,-0.567,-0.585,-0.601,-0.688,0.492,0.461,0.201,-0.225,-0.442,-0.587,-0.243,-0.567,0.162,0.019,-0.227,0.479,0.034,0.032,0.71,1.0,-0.372,0.511,-0.568,-0.696,0.774,-0.3,-0.24,-0.708,-0.521,-0.539,-0.589,-0.438,-0.144,0.093,0.245,-0.296,-0.719,0.591,-0.392,-0.673,-0.32,0.361,-0.442,0.225,0.265,0.329,0.048,0.606,-0.091,0.681,0.314,0.551,-0.503,0.614,-0.558,0.553,-0.105,0.229,0.331,-0.673,0.202,0.035,0.501,-0.202,0.533,-0.442,-0.724,-0.499,-0.587,0.072,-0.59,-0.332,-0.569,-0.391,-0.221,-0.511,-0.499
LRCX,0.162,0.317,-0.145,0.875,0.382,-0.057,0.006,-0.411,0.588,0.16,-0.21,-0.349,0.066,0.122,0.15,0.299,0.699,0.584,0.358,0.139,0.238,-0.018,-0.177,0.139,0.012,0.367,0.328,-0.458,-0.054,0.21,-0.1,0.352,0.353,-0.198,0.127,-0.152,-0.192,0.109,-0.072,0.06,-0.231,-0.323,-0.372,1.0,0.025,0.097,0.387,-0.163,0.422,-0.146,0.335,0.607,0.449,0.167,0.698,-0.171,-0.275,-0.218,-0.159,0.517,-0.211,-0.081,0.337,0.149,0.043,0.52,0.484,-0.056,-0.321,0.07,-0.126,0.066,-0.229,0.251,0.002,0.493,0.148,0.166,0.151,0.477,0.234,0.311,0.329,-0.055,0.452,-0.324,0.109,-0.462,-0.006,0.366,0.396,0.424,0.173,0.249,-0.075,0.269,-0.063,0.064,0.423,0.545
LYFT,0.412,0.037,0.313,0.024,-0.029,0.142,0.635,-0.168,0.129,0.237,-0.008,0.048,0.112,-0.2,0.586,0.185,0.137,-0.033,0.037,0.153,0.019,0.394,0.072,0.079,-0.026,0.055,-0.212,0.125,0.11,0.444,0.019,0.051,0.03,0.122,0.017,0.578,-0.12,-0.118,0.079,0.323,-0.016,0.162,0.511,0.025,1.0,-0.124,-0.039,0.313,0.076,-0.032,-0.265,0.157,0.043,-0.112,-0.19,0.034,-0.308,0.287,-0.267,-0.084,0.236,-0.217,-0.14,-0.037,0.642,0.159,0.083,0.489,-0.005,0.322,0.456,0.213,0.679,0.131,0.124,0.195,0.423,-0.041,0.357,0.269,0.561,0.398,-0.141,0.392,0.405,0.168,0.314,0.249,-0.14,-0.183,0.005,-0.134,0.466,0.057,0.132,-0.165,0.111,0.32,-0.153,-0.067
MARA,0.201,0.113,0.146,0.26,0.578,-0.588,0.4,-0.436,0.428,-0.352,-0.473,-0.615,0.596,0.923,0.023,0.469,0.188,-0.026,0.537,0.458,0.803,-0.343,-0.362,0.642,0.632,0.597,0.622,-0.432,-0.523,0.032,0.199,0.54,0.61,0.699,0.662,0.259,-0.201,0.351,-0.661,0.132,-0.242,-0.555,-0.568,0.097,-0.124,1.0,0.603,-0.656,0.389,0.747,0.68,0.418,0.506,0.961,0.169,0.577,-0.268,-0.212,0.398,0.526,-0.487,0.595,0.6,0.338,-0.147,0.464,-0.406,0.108,-0.495,0.39,-0.462,0.488,-0.474,-0.377,-0.512,0.394,-0.434,0.95,-0.273,0.129,-0.069,-0.225,0.657,-0.122,-0.162,-0.692,0.195,-0.408,0.462,0.569,0.56,0.394,0.175,0.619,0.753,0.676,0.602,0.472,0.489,0.377
MCHP,0.108,0.348,0.158,0.632,0.704,-0.67,0.354,-0.366,0.769,0.004,-0.45,-0.678,0.563,0.671,0.092,0.523,0.484,0.004,0.728,0.473,0.582,-0.486,-0.167,0.783,0.663,0.785,0.806,-0.504,-0.523,-0.034,0.273,0.465,0.587,0.456,0.753,0.178,-0.112,0.263,-0.537,0.174,-0.186,-0.65,-0.696,0.387,-0.039,0.603,1.0,-0.667,0.24,0.349,0.735,0.793,0.54,0.623,0.481,0.246,-0.293,-0.175,0.379,0.785,-0.584,0.487,0.85,0.274,-0.049,0.584,-0.257,-0.108,-0.471,0.101,-0.39,0.207,-0.351,-0.175,-0.639,0.613,-0.399,0.58,-0.49,0.276,-0.015,-0.26,0.802,-0.128,0.09,-0.64,0.227,-0.383,0.569,0.796,0.518,0.638,0.142,0.753,0.571,0.617,0.562,0.259,0.612,0.555
MDLZ,0.1,0.054,0.071,-0.384,-0.62,0.664,-0.14,0.27,-0.485,0.181,0.325,0.495,-0.485,-0.695,0.198,-0.255,-0.199,0.03,-0.408,-0.209,-0.559,0.543,0.19,-0.483,-0.535,-0.538,-0.71,0.559,0.496,0.109,-0.108,-0.18,-0.404,-0.383,-0.587,0.027,-0.017,-0.335,0.42,0.161,0.027,0.67,0.774,-0.163,0.313,-0.656,-0.667,1.0,-0.071,-0.289,-0.639,-0.466,-0.292,-0.619,-0.441,-0.356,0.072,0.177,-0.351,-0.641,0.62,-0.456,-0.763,-0.277,0.383,-0.467,0.279,0.094,0.381,-0.069,0.641,-0.208,0.625,0.36,0.672,-0.415,0.465,-0.589,0.528,-0.157,0.197,0.517,-0.668,0.189,0.101,0.559,-0.208,0.485,-0.292,-0.664,-0.428,-0.617,0.103,-0.484,-0.44,-0.562,-0.376,-0.188,-0.605,-0.41
META,0.446,0.42,0.14,0.306,0.303,0.055,0.376,-0.471,0.45,0.004,-0.492,-0.455,0.402,0.259,0.328,0.608,0.386,0.452,0.571,0.465,0.46,0.173,-0.456,0.412,0.249,0.365,0.34,-0.277,-0.21,0.002,0.253,0.852,0.743,0.14,0.242,0.11,-0.406,-0.069,-0.538,0.275,-0.478,-0.21,-0.3,0.422,0.076,0.389,0.24,-0.071,1.0,0.377,0.297,0.458,0.77,0.484,0.015,0.077,-0.34,-0.315,-0.094,0.387,0.035,0.019,0.18,0.434,0.247,0.39,-0.046,0.265,-0.492,0.376,0.098,0.119,-0.159,-0.014,0.127,0.418,-0.158,0.456,0.379,0.156,0.366,0.557,0.151,-0.039,-0.014,-0.35,0.243,-0.302,0.326,0.22,0.656,0.155,0.452,0.542,0.193,0.371,0.285,0.503,-0.009,0.397
MNST,0.302,0.191,0.385,-0.031,0.226,-0.269,0.337,-0.304,0.19,-0.381,-0.313,-0.372,0.416,0.608,0.114,0.394,-0.03,-0.108,0.408,0.465,0.698,-0.125,-0.185,0.468,0.52,0.387,0.361,-0.099,-0.295,0.063,0.166,0.514,0.427,0.817,0.526,0.418,-0.145,0.255,-0.557,0.369,-0.199,-0.172,-0.24,-0.146,-0.032,0.747,0.349,-0.289,0.377,1.0,0.433,0.146,0.416,0.642,-0.194,0.668,-0.266,0.046,0.365,0.228,-0.115,0.615,0.271,0.306,0.055,0.172,-0.515,0.197,-0.269,0.439,-0.212,0.57,-0.17,-0.336,-0.168,0.151,-0.434,0.652,-0.111,-0.057,-0.008,-0.033,0.371,-0.111,-0.115,-0.433,0.038,-0.146,0.496,0.272,0.386,0.008,0.236,0.51,0.721,0.542,0.615,0.385,0.215,-0.019
MRNA,0.1,0.18,-0.015,0.511,0.575,-0.614,0.184,-0.288,0.635,-0.079,-0.474,-0.694,0.461,0.697,-0.016,0.384,0.457,0.222,0.599,0.442,0.625,-0.477,-0.288,0.632,0.493,0.668,0.66,-0.514,-0.498,0.043,0.293,0.457,0.567,0.439,0.623,0.01,-0.197,0.375,-0.587,0.063,-0.25,-0.642,-0.708,0.335,-0.265,0.68,0.735,-0.639,0.297,0.433,1.0,0.662,0.52,0.657,0.416,0.342,-0.178,-0.15,0.498,0.737,-0.602,0.628,0.657,0.279,-0.279,0.605,-0.123,-0.139,-0.491,0.113,-0.392,0.371,-0.522,-0.099,-0.591,0.404,-0.455,0.663,-0.401,0.273,-0.143,-0.286,0.791,-0.169,-0.083,-0.685,0.157,-0.488,0.45,0.56,0.575,0.479,0.088,0.635,0.636,0.671,0.507,0.193,0.536,0.534
MRVL,0.227,0.362,0.027,0.738,0.725,-0.482,0.412,-0.53,0.857,0.195,-0.524,-0.696,0.461,0.423,0.234,0.551,0.738,0.272,0.772,0.4,0.517,-0.233,-0.301,0.7,0.355,0.734,0.649,-0.59,-0.394,0.06,0.313,0.581,0.694,0.172,0.549,0.112,-0.325,0.164,-0.502,0.129,-0.337,-0.615,-0.521,0.607,0.157,0.418,0.793,-0.466,0.458,0.146,0.662,1.0,0.661,0.497,0.542,0.055,-0.394,-0.282,0.167,0.824,-0.489,0.231,0.693,0.252,0.081,0.718,0.103,0.021,-0.56,0.15,-0.063,0.099,-0.245,0.07,-0.484,0.724,-0.104,0.446,-0.076,0.54,0.245,0.052,0.676,-0.055,0.259,-0.582,0.317,-0.489,0.328,0.649,0.645,0.576,0.272,0.646,0.356,0.441,0.424,0.343,0.456,0.708
MSFT,0.464,0.667,0.28,0.482,0.385,-0.174,0.418,-0.435,0.712,0.178,-0.462,-0.569,0.544,0.438,0.339,0.683,0.561,0.394,0.803,0.674,0.596,-0.04,-0.264,0.651,0.469,0.509,0.46,-0.429,-0.237,0.052,0.29,0.887,0.819,0.3,0.38,0.176,-0.296,0.099,-0.635,0.407,-0.334,-0.388,-0.539,0.449,0.043,0.506,0.54,-0.292,0.77,0.416,0.52,0.661,1.0,0.596,0.191,0.106,-0.343,-0.183,0.025,0.71,-0.175,0.193,0.355,0.454,0.251,0.573,-0.057,0.141,-0.435,0.325,0.009,0.177,-0.235,-0.048,-0.204,0.499,-0.231,0.535,0.111,0.307,0.331,0.392,0.376,-0.025,0.209,-0.438,0.266,-0.323,0.511,0.426,0.679,0.341,0.496,0.773,0.329,0.385,0.456,0.484,0.224,0.489
MSTR,0.219,0.182,0.104,0.337,0.602,-0.557,0.416,-0.457,0.498,-0.315,-0.519,-0.647,0.629,0.892,0.039,0.513,0.294,0.021,0.601,0.455,0.733,-0.31,-0.434,0.684,0.601,0.598,0.652,-0.51,-0.546,-0.006,0.204,0.647,0.707,0.571,0.602,0.204,-0.275,0.282,-0.677,0.117,-0.3,-0.556,-0.589,0.167,-0.112,0.961,0.623,-0.619,0.484,0.642,0.657,0.497,0.596,1.0,0.209,0.453,-0.271,-0.307,0.279,0.561,-0.465,0.475,0.632,0.358,-0.115,0.525,-0.358,0.128,-0.539,0.374,-0.378,0.36,-0.458,-0.339,-0.502,0.434,-0.412,0.939,-0.184,0.138,0.007,-0.128,0.614,-0.114,-0.143,-0.686,0.239,-0.437,0.439,0.606,0.604,0.428,0.214,0.639,0.644,0.607,0.557,0.543,0.45,0.452
MU,-0.157,0.079,-0.379,0.789,0.513,-0.367,-0.12,-0.226,0.446,-0.084,-0.088,-0.31,0.038,0.243,-0.172,0.003,0.552,0.448,0.261,-0.143,0.167,-0.289,-0.111,0.156,-0.016,0.306,0.392,-0.591,-0.238,0.073,-0.151,0.081,0.231,-0.166,0.22,-0.258,-0.046,0.27,0.09,-0.269,-0.063,-0.48,-0.438,0.698,-0.19,0.169,0.481,-0.441,0.015,-0.194,0.416,0.542,0.191,0.209,1.0,-0.089,-0.022,-0.237,-0.007,0.49,-0.501,0.053,0.485,-0.014,-0.287,0.402,0.423,-0.133,-0.226,-0.149,-0.383,0.005,-0.461,-0.039,-0.386,0.338,0.051,0.157,-0.127,0.308,-0.033,-0.067,0.502,-0.171,0.246,-0.336,0.114,-0.505,-0.063,0.401,0.3,0.586,-0.156,0.115,-0.023,0.163,-0.176,-0.028,0.763,0.592
MVIS,0.331,-0.052,0.42,-0.071,0.107,-0.219,0.206,-0.221,-0.001,-0.254,-0.005,-0.102,0.173,0.464,0.138,0.116,-0.172,-0.104,0.035,0.203,0.536,-0.193,-0.038,0.237,0.414,0.219,0.247,-0.065,-0.007,0.331,-0.04,0.114,0.117,0.67,0.447,0.48,0.181,0.591,-0.225,0.408,0.07,-0.183,-0.144,-0.171,0.034,0.577,0.246,-0.356,0.077,0.668,0.342,0.055,0.106,0.453,-0.089,1.0,-0.068,0.359,0.439,0.216,-0.072,0.741,0.206,0.353,-0.001,0.294,-0.433,0.377,-0.022,0.632,-0.422,0.576,-0.142,-0.185,-0.069,-0.006,-0.329,0.435,-0.221,-0.056,0.041,-0.25,0.276,0.298,0.014,-0.198,0.184,-0.155,0.276,0.099,0.057,0.091,0.21,0.273,0.624,0.49,0.378,0.319,0.338,-0.06
NFLX,-0.134,-0.172,-0.139,-0.312,-0.407,0.159,-0.324,0.639,-0.296,-0.232,0.335,0.286,-0.02,-0.281,-0.176,-0.304,-0.373,-0.13,-0.395,-0.449,-0.456,-0.227,0.254,-0.322,-0.082,-0.333,-0.345,0.079,0.134,-0.162,-0.208,-0.432,-0.388,-0.141,-0.35,-0.073,0.26,0.07,0.322,-0.129,0.211,0.172,0.093,-0.275,-0.308,-0.268,-0.293,0.072,-0.34,-0.266,-0.178,-0.394,-0.343,-0.271,-0.022,-0.068,1.0,0.082,-0.209,-0.27,0.125,-0.12,-0.254,-0.147,-0.076,-0.222,0.057,0.031,0.349,-0.251,0.064,-0.274,0.041,-0.076,0.107,-0.438,-0.045,-0.344,-0.153,-0.409,-0.111,-0.262,-0.287,0.001,-0.153,0.402,-0.102,0.369,-0.028,-0.303,-0.475,0.028,-0.1,-0.331,-0.33,-0.369,-0.284,-0.259,0.129,-0.118
NNDM,0.285,0.05,0.567,-0.229,-0.481,0.217,0.098,0.125,-0.219,0.177,0.539,0.489,-0.149,-0.212,0.406,-0.253,-0.242,-0.086,-0.367,0.085,-0.072,0.048,0.535,-0.21,0.046,-0.274,-0.409,0.29,0.425,0.645,-0.127,-0.26,-0.319,0.227,-0.111,0.458,0.506,0.287,0.38,0.525,0.498,0.285,0.245,-0.218,0.287,-0.212,-0.175,0.177,-0.315,0.046,-0.15,-0.282,-0.183,-0.307,-0.237,0.359,0.082,1.0,0.148,-0.128,0.302,0.288,-0.376,0.03,0.302,-0.121,-0.097,0.209,0.555,0.205,-0.017,0.474,0.406,0.147,0.217,-0.315,0.069,-0.215,-0.07,-0.023,0.195,-0.007,-0.241,0.602,0.358,0.486,0.22,0.227,0.011,-0.339,-0.252,-0.16,0.262,-0.152,0.112,-0.081,-0.015,0.046,-0.075,-0.39
NVAX,-0.059,0.047,0.138,-0.07,0.299,-0.39,-0.034,-0.196,0.071,0.071,-0.101,-0.203,-0.014,0.425,-0.094,-0.065,-0.051,-0.123,0.135,0.302,0.427,-0.273,-0.019,0.259,0.294,0.206,0.382,0.069,-0.108,-0.02,0.327,0.036,0.054,0.372,0.456,0.03,0.128,0.413,-0.271,0.177,0.076,-0.247,-0.296,-0.159,-0.267,0.398,0.379,-0.351,-0.094,0.365,0.498,0.167,0.025,0.279,-0.007,0.439,-0.209,0.148,1.0,0.271,-0.303,0.683,0.296,0.177,-0.24,0.148,-0.316,-0.274,-0.073,0.114,-0.512,0.3,-0.38,-0.098,-0.245,-0.047,-0.326,0.288,-0.486,0.054,-0.433,-0.429,0.403,-0.086,-0.28,-0.424,-0.117,-0.251,0.394,0.212,0.157,0.038,-0.124,0.198,0.471,0.495,0.407,-0.103,0.173,0.032
NVDA,0.266,0.374,0.081,0.674,0.596,-0.481,0.281,-0.454,0.795,0.198,-0.448,-0.661,0.453,0.545,0.179,0.503,0.617,0.323,0.725,0.502,0.619,-0.413,-0.153,0.697,0.513,0.62,0.662,-0.616,-0.322,0.046,0.196,0.493,0.599,0.311,0.547,0.121,-0.123,0.335,-0.558,0.199,-0.229,-0.622,-0.719,0.517,-0.084,0.526,0.785,-0.641,0.387,0.228,0.737,0.824,0.71,0.561,0.49,0.216,-0.27,-0.128,0.271,1.0,-0.491,0.466,0.661,0.395,-0.012,0.717,0.008,-0.015,-0.476,0.195,-0.265,0.206,-0.38,0.036,-0.512,0.567,-0.238,0.494,-0.295,0.468,0.21,-0.081,0.692,-0.053,0.217,-0.544,0.244,-0.517,0.472,0.625,0.563,0.615,0.281,0.756,0.382,0.545,0.436,0.303,0.48,0.667
NWL,0.395,0.072,0.364,-0.34,-0.644,0.916,0.023,0.254,-0.422,0.175,0.296,0.442,-0.319,-0.583,0.374,-0.078,-0.218,0.069,-0.441,-0.15,-0.343,0.669,0.185,-0.415,-0.175,-0.496,-0.423,0.484,0.687,0.195,0.043,-0.133,-0.405,-0.166,-0.374,0.236,0.036,-0.155,0.329,0.435,0.018,0.733,0.591,-0.211,0.236,-0.487,-0.584,0.62,0.035,-0.115,-0.602,-0.489,-0.175,-0.465,-0.501,-0.072,0.125,0.302,-0.303,-0.491,1.0,-0.326,-0.629,0.263,0.478,-0.316,0.074,0.366,0.309,0.225,0.398,-0.095,0.598,0.273,0.817,-0.455,0.316,-0.479,0.437,-0.22,0.387,0.4,-0.665,0.214,0.112,0.543,-0.123,0.471,-0.088,-0.583,-0.413,-0.588,0.39,-0.314,-0.333,-0.336,-0.161,-0.02,-0.536,-0.466
OCGN,0.197,0.004,0.265,0.077,0.238,-0.438,0.079,-0.271,0.138,-0.183,-0.171,-0.315,0.17,0.562,0.01,0.088,0.011,-0.054,0.249,0.351,0.607,-0.404,-0.078,0.472,0.481,0.312,0.422,-0.157,-0.198,0.206,0.149,0.156,0.194,0.643,0.54,0.306,0.109,0.55,-0.381,0.29,-0.011,-0.39,-0.392,-0.081,-0.217,0.595,0.487,-0.456,0.019,0.615,0.628,0.231,0.193,0.475,0.053,0.741,-0.12,0.288,0.683,0.466,-0.326,1.0,0.372,0.32,-0.213,0.289,-0.393,-0.001,-0.169,0.388,-0.462,0.547,-0.333,-0.088,-0.314,0.029,-0.451,0.468,-0.475,0.022,-0.142,-0.402,0.537,0.078,-0.157,-0.401,0.069,-0.311,0.473,0.272,0.231,0.176,0.083,0.414,0.666,0.642,0.5,0.115,0.38,0.106
