,AAL,AAPL,AGNC,AMAT,AMD,AMZN,APA,ARDX,AVGO,AZN,BIDU,BILI,BKR,CAN,CHRD,CMCSA,CPRT,CRWD,CSCO,CSX,DKNG,EBAY,ERIC,EXC,FITB,FLEX,FTNT,GEN,GERN,GEVO,GILD,GOOG,GOOGL,GT,HBAN,HST,INTC,IOVA,IQ,JBLU,JD,KDP,KHC,LRCX,LYFT,MARA,MCHP,MDLZ,META,MNST,MRNA,MRVL,MSFT,MSTR,MU,MVIS,NFLX,NNDM,NVAX,NVDA,NWL,OCGN,ON,OPK,PAA,PACB,PANW,PARA,PDD,PENN,PEP,PLUG,PTEN,PTON,PYPL,QCOM,QVCGA,RIOT,ROKU,RUN,SABR,SBUX,SMCI,SNDL,STNE,TCOM,TLRY,TMUS,TSCO,TSLA,TTD,TXN,UAL,VOD,VTRS,VXRT,WBA,WBD,WDC,ZM
AAL,1.0,-0.147,0.592,0.769,0.359,-0.209,0.603,-0.009,0.215,0.487,0.291,0.149,0.415,0.49,0.402,0.065,-0.094,0.223,0.131,0.512,0.732,0.419,0.157,0.052,0.58,0.584,-0.135,0.188,0.439,0.573,0.212,0.021,0.044,0.538,0.638,0.595,0.197,0.378,0.308,0.734,0.095,-0.161,0.332,0.779,0.602,0.546,0.653,-0.15,0.503,0.088,-0.005,0.766,-0.025,0.533,0.39,0.398,-0.056,0.44,0.319,0.477,0.599,0.392,0.581,0.369,0.628,0.659,-0.147,0.519,0.237,0.675,-0.24,0.456,0.497,0.47,0.076,0.519,0.593,0.487,0.499,0.615,0.687,0.049,0.461,0.425,0.462,0.293,0.46,-0.15,0.366,0.399,0.572,0.429,0.763,0.637,0.568,0.41,0.349,0.544,0.415,0.446
AAPL,-0.147,1.0,-0.463,-0.289,-0.153,0.768,-0.528,-0.35,0.326,-0.365,-0.666,-0.633,-0.517,-0.696,-0.056,0.641,0.698,0.275,0.725,0.019,-0.476,0.068,-0.145,0.611,-0.395,-0.481,0.672,-0.314,-0.718,-0.702,0.077,0.636,0.686,-0.451,-0.265,-0.393,-0.418,-0.623,-0.657,-0.495,-0.456,0.534,-0.606,-0.289,-0.48,-0.667,-0.461,0.679,0.003,0.498,0.475,-0.175,0.871,-0.51,-0.666,-0.768,-0.032,-0.775,-0.27,-0.179,0.1,-0.639,-0.37,-0.623,-0.434,-0.641,0.715,-0.688,-0.677,-0.485,0.749,-0.713,-0.501,-0.354,0.703,0.357,-0.503,-0.67,-0.26,-0.496,-0.505,0.736,-0.295,-0.625,-0.443,-0.573,-0.598,0.313,0.213,-0.458,-0.248,-0.358,-0.474,-0.423,-0.447,-0.277,-0.706,-0.599,-0.41,-0.412
AGNC,0.592,-0.463,1.0,0.577,0.345,-0.222,0.802,0.449,-0.091,0.732,0.627,0.443,0.683,0.726,0.598,-0.108,-0.513,0.182,-0.45,0.279,0.725,-0.046,0.451,-0.443,0.762,0.78,-0.591,0.632,0.747,0.766,-0.05,-0.5,-0.47,0.767,0.697,0.818,0.467,0.808,0.7,0.822,0.309,-0.574,0.697,0.465,0.79,0.699,0.806,-0.541,0.165,-0.467,-0.557,0.421,-0.474,0.633,0.621,0.661,0.204,0.698,0.212,0.648,0.238,0.599,0.707,0.717,0.814,0.739,-0.48,0.709,0.625,0.774,-0.632,0.765,0.785,0.502,-0.277,0.117,0.81,0.694,0.253,0.815,0.754,-0.48,0.312,0.761,0.811,0.68,0.837,-0.069,0.308,0.61,0.497,0.517,0.856,0.755,0.796,0.173,0.536,0.732,0.649,0.768
AMAT,0.769,-0.289,0.577,1.0,0.532,-0.2,0.658,0.077,0.301,0.569,0.434,0.225,0.446,0.59,0.448,-0.031,-0.196,0.288,0.008,0.542,0.781,0.351,0.315,-0.144,0.595,0.7,-0.171,0.303,0.485,0.643,0.149,-0.165,-0.149,0.687,0.666,0.654,0.262,0.525,0.432,0.795,0.21,-0.179,0.446,0.857,0.671,0.57,0.799,-0.328,0.452,0.008,-0.144,0.871,-0.144,0.523,0.686,0.599,-0.027,0.624,0.349,0.697,0.518,0.576,0.745,0.509,0.667,0.694,-0.207,0.661,0.389,0.723,-0.394,0.601,0.699,0.487,0.038,0.529,0.728,0.51,0.527,0.714,0.772,-0.154,0.442,0.507,0.599,0.413,0.549,-0.226,0.357,0.565,0.604,0.477,0.733,0.765,0.67,0.369,0.636,0.59,0.517,0.527
AMD,0.359,-0.153,0.345,0.532,1.0,0.079,0.391,0.013,0.237,0.364,0.124,-0.077,0.335,0.362,0.557,0.289,-0.117,0.426,0.049,0.598,0.492,0.448,0.225,-0.242,0.236,0.36,-0.009,0.313,0.458,0.309,0.236,0.007,0.044,0.388,0.309,0.376,0.086,0.387,0.167,0.524,-0.068,-0.21,0.157,0.335,0.565,0.485,0.391,-0.438,0.484,-0.15,-0.238,0.473,0.012,0.494,0.509,0.371,-0.06,0.291,0.37,0.637,0.31,0.192,0.438,0.543,0.487,0.389,-0.169,0.323,0.127,0.531,-0.348,0.469,0.383,0.202,-0.002,0.416,0.416,0.446,0.527,0.452,0.494,0.005,0.111,0.227,0.428,0.164,0.333,-0.174,0.337,0.337,0.483,0.281,0.397,0.442,0.481,0.049,0.248,0.46,0.298,0.453
AMZN,-0.209,0.768,-0.222,-0.2,0.079,1.0,-0.292,-0.094,0.33,-0.088,-0.526,-0.594,-0.167,-0.441,0.287,0.708,0.492,0.644,0.499,0.068,-0.34,0.003,0.19,0.211,-0.212,-0.257,0.483,0.043,-0.47,-0.478,-0.205,0.458,0.528,-0.178,-0.168,-0.116,-0.217,-0.291,-0.437,-0.26,-0.524,0.065,-0.441,-0.318,-0.167,-0.372,-0.276,0.294,0.078,0.07,0.076,-0.12,0.677,-0.221,-0.397,-0.505,0.093,-0.525,-0.394,0.155,-0.16,-0.496,-0.14,-0.334,-0.199,-0.441,0.66,-0.456,-0.494,-0.278,0.317,-0.482,-0.248,-0.268,0.603,0.127,-0.282,-0.35,-0.147,-0.279,-0.303,0.518,-0.513,-0.364,-0.203,-0.343,-0.389,0.301,0.223,-0.317,0.017,-0.185,-0.271,-0.205,-0.296,-0.358,-0.539,-0.384,-0.16,-0.067
APA,0.603,-0.528,0.802,0.658,0.391,-0.292,1.0,0.606,-0.041,0.849,0.608,0.447,0.831,0.761,0.626,-0.115,-0.656,0.112,-0.408,0.231,0.769,0.021,0.628,-0.515,0.798,0.866,-0.616,0.749,0.624,0.719,-0.061,-0.544,-0.462,0.86,0.631,0.815,0.531,0.721,0.703,0.862,0.336,-0.591,0.616,0.554,0.885,0.747,0.87,-0.614,0.188,-0.488,-0.546,0.417,-0.508,0.68,0.711,0.629,0.381,0.689,0.177,0.732,0.222,0.47,0.823,0.62,0.84,0.777,-0.602,0.719,0.661,0.749,-0.732,0.683,0.838,0.392,-0.447,0.141,0.872,0.752,0.324,0.743,0.751,-0.443,0.226,0.713,0.844,0.803,0.806,0.093,0.43,0.548,0.481,0.671,0.88,0.882,0.677,0.042,0.601,0.791,0.823,0.818
ARDX,-0.009,-0.35,0.449,0.077,0.013,-0.094,0.606,1.0,-0.076,0.627,0.417,0.347,0.687,0.401,0.39,-0.026,-0.611,-0.1,-0.504,-0.187,0.142,-0.459,0.659,-0.582,0.582,0.69,-0.666,0.623,0.259,0.382,-0.252,-0.539,-0.457,0.664,0.34,0.537,0.501,0.438,0.461,0.445,0.292,-0.562,0.337,0.01,0.532,0.362,0.509,-0.509,-0.218,-0.646,-0.532,-0.16,-0.444,0.317,0.419,0.295,0.727,0.365,-0.113,0.393,-0.221,0.126,0.552,0.33,0.54,0.369,-0.516,0.402,0.525,0.165,-0.551,0.334,0.575,-0.078,-0.477,-0.188,0.543,0.407,-0.17,0.279,0.273,-0.481,-0.161,0.446,0.497,0.711,0.518,0.591,0.361,0.214,0.024,0.447,0.506,0.505,0.407,-0.331,0.287,0.359,0.672,0.6
AVGO,0.215,0.326,-0.091,0.301,0.237,0.33,-0.041,-0.076,1.0,0.166,-0.165,-0.223,0.064,-0.086,0.193,0.289,0.214,0.31,0.337,0.164,-0.005,0.214,0.157,0.044,0.149,0.145,0.217,-0.046,-0.234,-0.061,-0.077,0.332,0.375,0.12,0.288,0.1,0.04,-0.082,-0.232,0.057,-0.069,0.076,-0.256,0.367,-0.034,-0.036,0.14,-0.006,0.343,0.201,0.072,0.352,0.325,0.069,0.074,-0.066,0.032,-0.161,-0.225,0.221,0.367,-0.229,0.288,0.029,0.044,-0.021,0.199,0.082,-0.184,0.037,0.092,-0.157,0.011,-0.142,0.522,0.587,0.08,-0.09,0.309,0.022,0.041,0.371,-0.222,-0.151,-0.082,-0.203,-0.091,0.111,0.297,0.308,0.261,0.214,0.055,0.126,0.031,-0.175,0.056,-0.087,0.156,-0.033
AZN,0.487,-0.365,0.732,0.569,0.364,-0.088,0.849,0.627,0.166,1.0,0.445,0.354,0.752,0.56,0.619,0.001,-0.509,0.254,-0.351,0.183,0.62,-0.017,0.69,-0.513,0.718,0.845,-0.535,0.75,0.477,0.593,-0.112,-0.474,-0.374,0.818,0.538,0.723,0.565,0.675,0.54,0.776,0.225,-0.64,0.447,0.524,0.764,0.568,0.841,-0.589,0.157,-0.562,-0.468,0.375,-0.35,0.534,0.568,0.486,0.42,0.518,0.145,0.773,0.09,0.364,0.824,0.565,0.748,0.733,-0.422,0.588,0.501,0.574,-0.65,0.522,0.713,0.409,-0.266,0.144,0.763,0.579,0.222,0.697,0.619,-0.318,0.053,0.614,0.751,0.71,0.705,0.189,0.371,0.495,0.451,0.688,0.78,0.79,0.651,-0.031,0.427,0.591,0.79,0.765
BIDU,0.291,-0.666,0.627,0.434,0.124,-0.526,0.608,0.417,-0.165,0.445,1.0,0.878,0.61,0.775,0.225,-0.502,-0.635,-0.192,-0.691,0.089,0.453,-0.223,0.328,-0.583,0.668,0.619,-0.736,0.345,0.599,0.671,-0.117,-0.568,-0.522,0.599,0.551,0.605,0.623,0.603,0.923,0.504,0.825,-0.457,0.722,0.326,0.516,0.63,0.593,-0.538,0.014,-0.332,-0.559,0.225,-0.663,0.461,0.64,0.648,0.182,0.72,0.205,0.295,0.117,0.554,0.517,0.502,0.542,0.514,-0.677,0.738,0.934,0.603,-0.679,0.696,0.74,0.236,-0.562,0.033,0.646,0.64,0.238,0.568,0.61,-0.678,0.288,0.677,0.599,0.825,0.66,-0.111,0.073,0.678,0.325,0.454,0.556,0.562,0.614,0.135,0.635,0.74,0.469,0.5
BILI,0.149,-0.633,0.443,0.225,-0.077,-0.594,0.447,0.347,-0.223,0.354,0.878,1.0,0.51,0.556,0.034,-0.619,-0.618,-0.354,-0.694,-0.119,0.288,-0.291,0.205,-0.529,0.559,0.432,-0.645,0.216,0.414,0.484,-0.183,-0.612,-0.55,0.404,0.342,0.389,0.73,0.421,0.827,0.311,0.859,-0.434,0.593,0.219,0.307,0.388,0.436,-0.459,-0.184,-0.345,-0.453,0.008,-0.657,0.181,0.495,0.506,0.196,0.527,0.176,0.069,-0.01,0.429,0.359,0.283,0.339,0.388,-0.603,0.504,0.83,0.385,-0.581,0.463,0.519,0.153,-0.593,-0.109,0.437,0.41,0.072,0.357,0.401,-0.608,0.241,0.542,0.387,0.727,0.478,-0.071,-0.132,0.527,0.087,0.491,0.348,0.341,0.453,0.126,0.523,0.521,0.384,0.278
BKR,0.415,-0.517,0.683,0.446,0.335,-0.167,0.831,0.687,0.064,0.752,0.61,0.51,1.0,0.67,0.638,-0.082,-0.685,0.151,-0.457,0.087,0.542,-0.107,0.631,-0.635,0.827,0.799,-0.676,0.659,0.477,0.588,-0.168,-0.496,-0.379,0.799,0.552,0.771,0.633,0.622,0.729,0.726,0.367,-0.72,0.567,0.403,0.79,0.689,0.712,-0.656,0.154,-0.574,-0.651,0.224,-0.453,0.613,0.63,0.529,0.546,0.535,0.01,0.587,0.069,0.31,0.767,0.523,0.813,0.642,-0.532,0.651,0.667,0.566,-0.754,0.529,0.758,0.143,-0.418,0.04,0.755,0.711,0.291,0.533,0.62,-0.448,0.008,0.612,0.68,0.781,0.647,0.226,0.395,0.541,0.422,0.68,0.782,0.715,0.633,-0.149,0.534,0.684,0.848,0.763
CAN,0.49,-0.696,0.726,0.59,0.362,-0.441,0.761,0.401,-0.086,0.56,0.775,0.556,0.67,1.0,0.365,-0.332,-0.581,0.001,-0.596,0.324,0.682,0.076,0.395,-0.541,0.667,0.706,-0.645,0.48,0.712,0.776,-0.175,-0.495,-0.461,0.682,0.536,0.656,0.477,0.708,0.763,0.704,0.509,-0.57,0.589,0.499,0.705,0.929,0.676,-0.656,0.215,-0.426,-0.547,0.421,-0.62,0.821,0.747,0.726,0.178,0.756,0.196,0.498,0.167,0.591,0.664,0.68,0.656,0.717,-0.669,0.774,0.776,0.785,-0.782,0.813,0.691,0.36,-0.476,0.105,0.748,0.927,0.409,0.692,0.699,-0.624,0.284,0.743,0.718,0.715,0.721,-0.153,0.192,0.612,0.484,0.526,0.734,0.656,0.598,0.199,0.696,0.874,0.595,0.685
CHRD,0.402,-0.056,0.598,0.448,0.557,0.287,0.626,0.39,0.193,0.619,0.225,0.034,0.638,0.365,1.0,0.34,-0.278,0.446,-0.038,0.235,0.421,0.008,0.587,-0.411,0.523,0.584,-0.261,0.636,0.428,0.411,-0.021,-0.214,-0.153,0.648,0.609,0.722,0.339,0.595,0.326,0.636,0.001,-0.461,0.325,0.235,0.7,0.437,0.539,-0.462,0.215,-0.383,-0.543,0.29,-0.102,0.488,0.421,0.347,0.311,0.333,-0.05,0.735,0.289,0.151,0.592,0.535,0.678,0.38,-0.182,0.461,0.296,0.536,-0.469,0.431,0.632,0.208,-0.064,0.275,0.62,0.436,0.163,0.525,0.507,-0.179,-0.104,0.38,0.607,0.397,0.512,0.165,0.483,0.394,0.365,0.411,0.602,0.572,0.564,-0.3,0.229,0.427,0.6,0.599
CMCSA,0.065,0.641,-0.108,-0.031,0.289,0.708,-0.115,-0.026,0.289,0.001,-0.502,-0.619,-0.082,-0.332,0.34,1.0,0.505,0.431,0.586,0.379,-0.177,0.207,0.112,0.357,0.005,-0.077,0.439,-0.022,-0.317,-0.328,0.174,0.504,0.526,-0.026,0.011,0.051,-0.286,-0.228,-0.475,-0.003,-0.531,0.196,-0.452,-0.131,0.032,-0.172,-0.158,0.284,0.233,0.094,0.211,0.035,0.654,-0.0,-0.372,-0.46,0.055,-0.454,-0.127,0.244,0.12,-0.462,-0.015,-0.164,0.059,-0.238,0.414,-0.299,-0.514,-0.182,0.285,-0.333,-0.134,-0.193,0.501,0.281,-0.147,-0.169,-0.036,-0.172,-0.051,0.521,-0.321,-0.354,-0.13,-0.246,-0.35,0.392,0.461,-0.296,0.045,-0.106,-0.021,-0.019,-0.099,-0.325,-0.557,-0.186,-0.067,0.046
CPRT,-0.094,0.698,-0.513,-0.196,-0.117,0.492,-0.656,-0.611,0.214,-0.509,-0.635,-0.618,-0.685,-0.581,-0.278,0.505,1.0,0.257,0.743,0.201,-0.416,0.366,-0.534,0.78,-0.54,-0.56,0.841,-0.609,-0.521,-0.515,0.269,0.758,0.716,-0.545,-0.345,-0.479,-0.557,-0.504,-0.738,-0.485,-0.486,0.607,-0.631,-0.168,-0.52,-0.511,-0.541,0.737,0.172,0.606,0.747,0.074,0.748,-0.415,-0.658,-0.612,-0.459,-0.572,0.078,-0.316,0.079,-0.319,-0.468,-0.475,-0.573,-0.473,0.776,-0.576,-0.675,-0.394,0.638,-0.55,-0.581,-0.099,0.697,0.195,-0.592,-0.545,-0.071,-0.398,-0.45,0.671,-0.191,-0.545,-0.621,-0.725,-0.73,-0.076,-0.122,-0.472,-0.107,-0.539,-0.513,-0.466,-0.479,0.199,-0.611,-0.588,-0.671,-0.526
CRWD,0.223,0.275,0.182,0.288,0.426,0.644,0.112,-0.1,0.31,0.254,-0.192,-0.354,0.151,0.001,0.446,0.431,0.257,1.0,0.385,0.418,0.216,0.436,0.158,0.029,0.027,0.126,0.323,0.283,0.025,0.022,-0.11,0.381,0.431,0.075,0.118,0.157,-0.028,0.181,-0.076,0.186,-0.43,-0.235,-0.037,0.184,0.231,0.14,0.175,-0.004,0.587,0.028,-0.059,0.41,0.38,0.233,0.061,0.042,-0.111,-0.023,-0.073,0.448,-0.068,0.016,0.194,0.079,0.169,0.15,0.46,0.036,-0.174,0.182,-0.122,0.051,0.085,0.211,0.461,0.262,0.094,0.139,0.43,0.241,0.174,0.402,-0.209,0.022,0.152,-0.099,-0.005,-0.051,0.22,-0.022,0.612,0.055,0.16,0.267,0.059,0.067,-0.085,0.005,0.057,0.353
CSCO,0.131,0.725,-0.45,0.008,0.049,0.499,-0.408,-0.504,0.337,-0.351,-0.691,-0.694,-0.457,-0.596,-0.038,0.586,0.743,0.385,1.0,0.264,-0.239,0.516,-0.392,0.765,-0.363,-0.362,0.8,-0.423,-0.542,-0.46,0.35,0.763,0.73,-0.38,-0.151,-0.353,-0.545,-0.526,-0.704,-0.269,-0.586,0.573,-0.489,0.019,-0.333,-0.461,-0.312,0.717,0.324,0.668,0.655,0.163,0.823,-0.338,-0.482,-0.507,-0.355,-0.554,-0.026,-0.173,0.294,-0.369,-0.319,-0.467,-0.314,-0.34,0.707,-0.497,-0.692,-0.309,0.617,-0.565,-0.401,-0.16,0.662,0.408,-0.38,-0.504,0.114,-0.395,-0.294,0.818,-0.016,-0.617,-0.459,-0.663,-0.609,0.029,0.152,-0.393,-0.011,-0.396,-0.323,-0.219,-0.308,0.09,-0.451,-0.474,-0.447,-0.357
CSX,0.512,0.019,0.279,0.542,0.598,0.068,0.231,-0.187,0.164,0.183,0.089,-0.119,0.087,0.324,0.235,0.379,0.201,0.418,0.264,1.0,0.451,0.547,0.01,0.103,0.252,0.231,0.169,0.05,0.281,0.282,0.202,0.225,0.233,0.204,0.324,0.248,-0.029,0.178,0.063,0.375,-0.12,0.017,0.028,0.427,0.325,0.401,0.262,-0.097,0.591,0.112,0.052,0.549,0.212,0.412,0.198,0.18,-0.293,0.212,0.261,0.411,0.351,0.146,0.255,0.298,0.292,0.317,-0.017,0.256,-0.026,0.405,-0.167,0.336,0.207,0.217,0.181,0.438,0.227,0.364,0.477,0.366,0.498,0.176,0.237,0.139,0.246,0.062,0.102,-0.201,0.281,0.103,0.503,0.048,0.351,0.386,0.287,0.29,0.089,0.345,0.078,0.286
DKNG,0.732,-0.476,0.725,0.781,0.492,-0.34,0.769,0.142,-0.005,0.62,0.453,0.288,0.542,0.682,0.421,-0.177,-0.416,0.216,-0.239,0.451,1.0,0.265,0.324,-0.295,0.556,0.64,-0.353,0.49,0.685,0.722,0.133,-0.382,-0.322,0.635,0.526,0.66,0.243,0.653,0.582,0.791,0.146,-0.418,0.569,0.724,0.758,0.698,0.756,-0.503,0.375,-0.252,-0.28,0.698,-0.357,0.628,0.618,0.664,0.011,0.677,0.427,0.666,0.343,0.613,0.697,0.647,0.714,0.826,-0.383,0.636,0.449,0.849,-0.535,0.725,0.66,0.627,-0.186,0.272,0.722,0.671,0.501,0.827,0.796,-0.342,0.503,0.671,0.756,0.492,0.705,-0.345,0.208,0.477,0.635,0.444,0.811,0.729,0.64,0.427,0.599,0.664,0.586,0.636
EBAY,0.419,0.068,-0.046,0.351,0.448,0.003,0.021,-0.459,0.214,-0.017,-0.223,-0.291,-0.107,0.076,0.008,0.207,0.366,0.436,0.516,0.547,0.265,1.0,-0.399,0.384,-0.105,-0.04,0.412,-0.201,-0.024,-0.029,0.328,0.451,0.429,-0.147,-0.014,-0.179,-0.306,-0.114,-0.232,0.125,-0.248,0.17,-0.131,0.442,0.046,0.247,0.02,0.219,0.67,0.374,0.432,0.486,0.328,0.288,0.025,0.01,-0.53,-0.096,0.319,0.024,0.323,0.023,-0.052,0.054,0.025,0.25,0.211,-0.048,-0.243,0.245,0.08,0.002,-0.162,0.232,0.35,0.429,-0.048,0.206,0.651,0.041,0.105,0.484,0.172,-0.153,-0.132,-0.327,-0.202,-0.38,0.082,-0.05,0.46,-0.013,0.047,0.11,0.002,0.413,0.035,0.112,-0.23,0.031
ERIC,0.157,-0.145,0.451,0.315,0.225,0.19,0.628,0.659,0.157,0.69,0.328,0.205,0.631,0.395,0.587,0.112,-0.534,0.158,-0.392,0.01,0.324,-0.399,1.0,-0.565,0.575,0.617,-0.479,0.674,0.251,0.323,-0.388,-0.409,-0.296,0.701,0.433,0.627,0.555,0.451,0.436,0.535,0.176,-0.532,0.239,0.148,0.578,0.35,0.543,-0.559,-0.019,-0.56,-0.648,0.077,-0.249,0.359,0.459,0.274,0.648,0.366,-0.3,0.713,-0.002,0.054,0.65,0.348,0.554,0.258,-0.376,0.414,0.417,0.271,-0.479,0.326,0.571,-0.065,-0.245,0.059,0.637,0.375,-0.038,0.371,0.424,-0.302,-0.19,0.415,0.597,0.656,0.58,0.457,0.475,0.29,0.242,0.531,0.523,0.544,0.385,-0.424,0.232,0.41,0.752,0.574
EXC,0.052,0.611,-0.443,-0.144,-0.242,0.211,-0.515,-0.582,0.044,-0.513,-0.583,-0.529,-0.635,-0.541,-0.411,0.357,0.78,0.029,0.765,0.103,-0.295,0.384,-0.565,1.0,-0.443,-0.481,0.738,-0.644,-0.552,-0.494,0.409,0.716,0.641,-0.499,-0.298,-0.49,-0.561,-0.577,-0.664,-0.364,-0.374,0.716,-0.471,-0.053,-0.485,-0.461,-0.411,0.868,0.121,0.749,0.81,0.049,0.721,-0.399,-0.612,-0.566,-0.444,-0.551,0.12,-0.401,0.237,-0.244,-0.457,-0.569,-0.445,-0.38,0.634,-0.561,-0.572,-0.408,0.726,-0.553,-0.533,-0.102,0.523,0.231,-0.451,-0.499,-0.052,-0.45,-0.378,0.703,0.099,-0.595,-0.515,-0.615,-0.624,-0.001,0.046,-0.422,-0.204,-0.508,-0.404,-0.368,-0.406,0.257,-0.516,-0.442,-0.62,-0.437
FITB,0.58,-0.395,0.762,0.595,0.236,-0.212,0.798,0.582,0.149,0.718,0.668,0.559,0.827,0.667,0.523,0.005,-0.54,0.027,-0.363,0.252,0.556,-0.105,0.575,-0.443,1.0,0.811,-0.594,0.502,0.445,0.659,-0.119,-0.469,-0.404,0.827,0.769,0.832,0.615,0.559,0.699,0.778,0.468,-0.528,0.54,0.525,0.739,0.616,0.788,-0.502,0.107,-0.434,-0.537,0.335,-0.402,0.521,0.624,0.544,0.447,0.577,0.021,0.564,0.296,0.36,0.784,0.488,0.811,0.624,-0.514,0.681,0.634,0.61,-0.625,0.539,0.811,0.157,-0.272,0.207,0.787,0.608,0.211,0.569,0.729,-0.393,0.157,0.629,0.638,0.778,0.644,0.22,0.461,0.612,0.376,0.69,0.825,0.75,0.718,-0.01,0.527,0.69,0.792,0.659
FLEX,0.584,-0.481,0.78,0.7,0.36,-0.257,0.866,0.69,0.145,0.845,0.619,0.432,0.799,0.706,0.584,-0.077,-0.56,0.126,-0.362,0.231,0.64,-0.04,0.617,-0.481,0.811,1.0,-0.611,0.596,0.587,0.751,-0.031,-0.447,-0.382,0.94,0.717,0.823,0.545,0.705,0.635,0.886,0.352,-0.546,0.614,0.59,0.814,0.698,0.909,-0.552,0.216,-0.434,-0.456,0.505,-0.434,0.636,0.73,0.641,0.393,0.686,0.191,0.689,0.243,0.518,0.863,0.633,0.848,0.78,-0.532,0.759,0.659,0.647,-0.67,0.668,0.858,0.369,-0.316,0.209,0.899,0.691,0.332,0.708,0.755,-0.434,0.272,0.7,0.764,0.766,0.77,0.195,0.492,0.588,0.509,0.629,0.888,0.866,0.81,0.078,0.631,0.702,0.77,0.794
FTNT,-0.135,0.672,-0.591,-0.171,-0.009,0.483,-0.616,-0.666,0.217,-0.535,-0.736,-0.645,-0.676,-0.645,-0.261,0.439,0.841,0.323,0.8,0.169,-0.353,0.412,-0.479,0.738,-0.594,-0.611,1.0,-0.513,-0.539,-0.565,0.204,0.734,0.704,-0.59,-0.38,-0.546,-0.508,-0.502,-0.783,-0.48,-0.545,0.615,-0.625,-0.174,-0.533,-0.551,-0.522,0.649,0.229,0.662,0.642,0.059,0.695,-0.464,-0.516,-0.507,-0.405,-0.599,-0.09,-0.29,0.08,-0.393,-0.433,-0.549,-0.606,-0.501,0.798,-0.628,-0.738,-0.426,0.615,-0.579,-0.618,-0.201,0.688,0.207,-0.588,-0.591,0.025,-0.432,-0.461,0.761,-0.148,-0.59,-0.57,-0.789,-0.682,-0.091,-0.094,-0.498,-0.088,-0.491,-0.59,-0.431,-0.529,0.127,-0.531,-0.6,-0.581,-0.571
GEN,0.188,-0.314,0.632,0.303,0.313,0.043,0.749,0.623,-0.046,0.75,0.345,0.216,0.659,0.48,0.636,-0.022,-0.609,0.283,-0.423,0.05,0.49,-0.201,0.674,-0.644,0.502,0.596,-0.513,1.0,0.481,0.466,-0.246,-0.562,-0.463,0.61,0.392,0.618,0.429,0.677,0.494,0.533,0.06,-0.574,0.469,0.176,0.648,0.484,0.641,-0.649,0.028,-0.611,-0.697,0.098,-0.434,0.495,0.504,0.456,0.54,0.471,-0.099,0.682,-0.07,0.232,0.659,0.509,0.576,0.48,-0.4,0.493,0.411,0.457,-0.641,0.538,0.617,0.276,-0.393,-0.028,0.586,0.516,0.046,0.619,0.44,-0.408,-0.051,0.547,0.752,0.602,0.697,0.19,0.329,0.337,0.321,0.583,0.58,0.645,0.414,-0.247,0.323,0.455,0.768,0.71
GERN,0.439,-0.718,0.747,0.485,0.458,-0.47,0.624,0.259,-0.234,0.477,0.599,0.414,0.477,0.712,0.428,-0.317,-0.521,0.025,-0.542,0.281,0.685,-0.024,0.251,-0.552,0.445,0.587,-0.539,0.481,1.0,0.814,0.065,-0.517,-0.552,0.588,0.543,0.664,0.32,0.813,0.612,0.688,0.241,-0.499,0.632,0.326,0.719,0.708,0.604,-0.705,0.189,-0.475,-0.553,0.424,-0.685,0.622,0.678,0.79,-0.003,0.86,0.369,0.511,0.127,0.676,0.491,0.834,0.623,0.668,-0.574,0.771,0.563,0.762,-0.699,0.897,0.662,0.549,-0.453,-0.071,0.621,0.689,0.285,0.82,0.717,-0.645,0.41,0.764,0.678,0.509,0.769,-0.343,0.038,0.544,0.466,0.344,0.68,0.595,0.692,0.325,0.603,0.676,0.444,0.563
GEVO,0.573,-0.702,0.766,0.643,0.309,-0.478,0.719,0.382,-0.061,0.593,0.671,0.484,0.588,0.776,0.411,-0.328,-0.515,0.022,-0.46,0.282,0.722,-0.029,0.323,-0.494,0.659,0.751,-0.565,0.466,0.814,1.0,-0.05,-0.485,-0.523,0.735,0.691,0.757,0.44,0.796,0.632,0.797,0.36,-0.55,0.634,0.484,0.716,0.745,0.774,-0.585,0.151,-0.389,-0.46,0.559,-0.642,0.617,0.749,0.887,0.124,0.899,0.307,0.508,0.24,0.764,0.683,0.721,0.647,0.826,-0.522,0.841,0.67,0.779,-0.725,0.858,0.78,0.555,-0.434,0.013,0.792,0.703,0.307,0.815,0.776,-0.618,0.391,0.791,0.648,0.614,0.805,-0.214,0.083,0.605,0.485,0.436,0.786,0.682,0.705,0.386,0.687,0.67,0.59,0.611
GILD,0.212,0.077,-0.05,0.149,0.236,-0.205,-0.061,-0.252,-0.077,-0.112,-0.117,-0.183,-0.168,-0.175,-0.021,0.174,0.269,-0.11,0.35,0.202,0.133,0.328,-0.388,0.409,-0.119,-0.031,0.204,-0.246,0.065,-0.05,1.0,0.15,0.125,-0.004,0.067,-0.034,-0.439,-0.015,-0.157,0.077,-0.146,0.483,0.118,0.189,0.03,-0.065,-0.038,0.281,0.141,0.37,0.464,0.212,0.179,-0.048,-0.154,-0.119,-0.278,-0.072,0.558,-0.079,0.385,0.04,-0.072,0.046,0.086,0.11,0.15,-0.006,-0.188,0.057,0.263,0.003,0.026,0.221,0.066,0.227,-0.043,-0.096,0.155,0.054,0.115,0.108,0.456,-0.205,-0.009,-0.2,-0.147,-0.227,0.089,0.016,-0.036,-0.197,0.041,0.019,0.212,0.234,-0.093,0.029,-0.206,-0.105
GOOG,0.021,0.636,-0.5,-0.165,0.007,0.458,-0.544,-0.539,0.332,-0.474,-0.568,-0.612,-0.496,-0.495,-0.214,0.504,0.758,0.381,0.763,0.225,-0.382,0.451,-0.409,0.716,-0.469,-0.447,0.734,-0.562,-0.517,-0.485,0.15,1.0,0.949,-0.528,-0.244,-0.438,-0.405,-0.541,-0.669,-0.395,-0.456,0.5,-0.615,-0.146,-0.458,-0.341,-0.47,0.686,0.507,0.719,0.602,0.147,0.777,-0.199,-0.529,-0.532,-0.38,-0.562,-0.1,-0.264,0.11,-0.416,-0.408,-0.555,-0.439,-0.447,0.654,-0.426,-0.584,-0.418,0.6,-0.524,-0.548,-0.231,0.65,0.367,-0.468,-0.376,0.249,-0.415,-0.339,0.832,-0.24,-0.616,-0.581,-0.628,-0.615,0.074,0.051,-0.366,0.118,-0.436,-0.427,-0.347,-0.482,0.012,-0.571,-0.414,-0.587,-0.346
GOOGL,0.044,0.686,-0.47,-0.149,0.044,0.528,-0.462,-0.457,0.375,-0.374,-0.522,-0.55,-0.379,-0.461,-0.153,0.526,0.716,0.431,0.73,0.233,-0.322,0.429,-0.296,0.641,-0.404,-0.382,0.704,-0.463,-0.552,-0.523,0.125,0.949,1.0,-0.453,-0.262,-0.408,-0.323,-0.537,-0.572,-0.391,-0.42,0.45,-0.577,-0.102,-0.42,-0.322,-0.435,0.639,0.544,0.681,0.577,0.138,0.801,-0.184,-0.533,-0.593,-0.258,-0.617,-0.106,-0.201,0.107,-0.5,-0.301,-0.56,-0.405,-0.422,0.632,-0.464,-0.538,-0.374,0.555,-0.554,-0.516,-0.261,0.654,0.417,-0.44,-0.339,0.306,-0.388,-0.342,0.844,-0.271,-0.576,-0.489,-0.54,-0.591,0.137,0.122,-0.369,0.194,-0.342,-0.387,-0.284,-0.458,-0.053,-0.574,-0.379,-0.487,-0.302
GT,0.538,-0.451,0.767,0.687,0.388,-0.178,0.86,0.664,0.12,0.818,0.599,0.404,0.799,0.682,0.648,-0.026,-0.545,0.075,-0.38,0.204,0.635,-0.147,0.701,-0.499,0.827,0.94,-0.59,0.61,0.588,0.735,-0.004,-0.528,-0.453,1.0,0.725,0.879,0.519,0.716,0.629,0.891,0.344,-0.518,0.603,0.527,0.841,0.656,0.865,-0.588,0.089,-0.483,-0.496,0.449,-0.43,0.582,0.718,0.619,0.429,0.692,0.168,0.736,0.292,0.493,0.877,0.657,0.843,0.719,-0.494,0.727,0.641,0.666,-0.656,0.64,0.892,0.3,-0.327,0.132,0.909,0.643,0.22,0.686,0.749,-0.493,0.248,0.691,0.775,0.761,0.766,0.169,0.483,0.609,0.419,0.606,0.865,0.837,0.814,0.027,0.598,0.712,0.806,0.729
HBAN,0.638,-0.265,0.697,0.666,0.309,-0.168,0.631,0.34,0.288,0.538,0.551,0.342,0.552,0.536,0.609,0.011,-0.345,0.118,-0.151,0.324,0.526,-0.014,0.433,-0.298,0.769,0.717,-0.38,0.392,0.543,0.691,0.067,-0.244,-0.262,0.725,1.0,0.806,0.434,0.594,0.486,0.731,0.352,-0.284,0.529,0.507,0.627,0.529,0.712,-0.39,0.277,-0.146,-0.445,0.512,-0.325,0.488,0.609,0.614,0.192,0.637,-0.007,0.54,0.565,0.373,0.664,0.523,0.693,0.518,-0.349,0.774,0.501,0.639,-0.44,0.62,0.784,0.24,-0.081,0.439,0.749,0.474,0.266,0.654,0.724,-0.282,0.236,0.518,0.55,0.483,0.665,0.037,0.445,0.667,0.447,0.479,0.721,0.703,0.727,0.04,0.485,0.571,0.575,0.477
HST,0.595,-0.393,0.818,0.654,0.376,-0.116,0.815,0.537,0.1,0.723,0.605,0.389,0.771,0.656,0.722,0.051,-0.479,0.157,-0.353,0.248,0.66,-0.179,0.627,-0.49,0.832,0.823,-0.546,0.618,0.664,0.757,-0.034,-0.438,-0.408,0.879,0.806,1.0,0.508,0.77,0.634,0.851,0.311,-0.539,0.579,0.459,0.877,0.653,0.817,-0.599,0.148,-0.47,-0.599,0.477,-0.415,0.62,0.638,0.635,0.379,0.727,0.115,0.754,0.303,0.502,0.815,0.649,0.867,0.647,-0.438,0.8,0.617,0.717,-0.657,0.709,0.9,0.34,-0.245,0.193,0.853,0.635,0.182,0.768,0.823,-0.472,0.178,0.725,0.744,0.711,0.757,0.113,0.455,0.626,0.465,0.567,0.889,0.818,0.753,0.02,0.495,0.671,0.789,0.739
INTC,0.197,-0.418,0.467,0.262,0.086,-0.217,0.531,0.501,0.04,0.565,0.623,0.73,0.633,0.477,0.339,-0.286,-0.557,-0.028,-0.545,-0.029,0.243,-0.306,0.555,-0.561,0.615,0.545,-0.508,0.429,0.32,0.44,-0.439,-0.405,-0.323,0.519,0.434,0.508,1.0,0.452,0.63,0.442,0.589,-0.605,0.35,0.196,0.424,0.389,0.506,-0.54,-0.009,-0.472,-0.584,0.053,-0.461,0.285,0.516,0.454,0.436,0.444,-0.099,0.393,-0.055,0.226,0.557,0.264,0.425,0.347,-0.451,0.492,0.66,0.294,-0.593,0.392,0.512,0.032,-0.424,0.004,0.524,0.405,0.053,0.385,0.39,-0.349,-0.124,0.482,0.406,0.711,0.532,0.272,0.1,0.453,0.201,0.639,0.426,0.428,0.375,-0.152,0.335,0.445,0.575,0.456
IOVA,0.378,-0.623,0.808,0.525,0.387,-0.291,0.721,0.438,-0.082,0.675,0.603,0.421,0.622,0.708,0.595,-0.228,-0.504,0.181,-0.526,0.178,0.653,-0.114,0.451,-0.577,0.559,0.705,-0.502,0.677,0.813,0.796,-0.015,-0.541,-0.537,0.716,0.594,0.77,0.452,1.0,0.616,0.727,0.293,-0.562,0.65,0.367,0.727,0.706,0.715,-0.694,0.133,-0.498,-0.605,0.416,-0.641,0.64,0.668,0.752,0.217,0.778,0.19,0.64,0.124,0.66,0.712,0.765,0.659,0.695,-0.463,0.782,0.647,0.672,-0.776,0.844,0.745,0.508,-0.408,-0.003,0.758,0.694,0.236,0.83,0.688,-0.626,0.233,0.733,0.774,0.614,0.791,-0.16,0.149,0.587,0.45,0.441,0.714,0.698,0.664,0.111,0.556,0.631,0.665,0.674
IQ,0.308,-0.657,0.7,0.432,0.167,-0.437,0.703,0.461,-0.232,0.54,0.923,0.827,0.729,0.763,0.326,-0.475,-0.738,-0.076,-0.704,0.063,0.582,-0.232,0.436,-0.664,0.699,0.635,-0.783,0.494,0.612,0.632,-0.157,-0.669,-0.572,0.629,0.486,0.634,0.63,0.616,1.0,0.557,0.666,-0.607,0.789,0.362,0.618,0.625,0.634,-0.612,0.008,-0.478,-0.649,0.185,-0.664,0.468,0.653,0.636,0.266,0.694,0.191,0.404,0.027,0.536,0.566,0.546,0.644,0.565,-0.675,0.679,0.877,0.646,-0.72,0.688,0.761,0.293,-0.565,-0.022,0.675,0.66,0.247,0.601,0.64,-0.68,0.281,0.721,0.719,0.868,0.706,-0.116,0.091,0.619,0.381,0.52,0.636,0.591,0.634,0.101,0.655,0.74,0.579,0.611
JBLU,0.734,-0.495,0.822,0.795,0.524,-0.26,0.862,0.445,0.057,0.776,0.504,0.311,0.726,0.704,0.636,-0.003,-0.485,0.186,-0.269,0.375,0.791,0.125,0.535,-0.364,0.778,0.886,-0.48,0.533,0.688,0.797,0.077,-0.395,-0.391,0.891,0.731,0.851,0.442,0.727,0.557,1.0,0.218,-0.524,0.57,0.649,0.901,0.743,0.891,-0.562,0.271,-0.403,-0.422,0.628,-0.385,0.681,0.749,0.715,0.228,0.731,0.297,0.768,0.347,0.599,0.822,0.693,0.904,0.832,-0.442,0.752,0.541,0.758,-0.624,0.736,0.825,0.483,-0.261,0.215,0.906,0.711,0.361,0.766,0.86,-0.375,0.373,0.691,0.759,0.656,0.775,0.004,0.448,0.558,0.533,0.576,0.938,0.835,0.829,0.217,0.594,0.742,0.726,0.781
JD,0.095,-0.456,0.309,0.21,-0.068,-0.524,0.336,0.292,-0.069,0.225,0.825,0.859,0.367,0.509,0.001,-0.531,-0.486,-0.43,-0.586,-0.12,0.146,-0.248,0.176,-0.374,0.468,0.352,-0.545,0.06,0.241,0.36,-0.146,-0.456,-0.42,0.344,0.352,0.311,0.589,0.293,0.666,0.218,1.0,-0.231,0.406,0.181,0.206,0.324,0.323,-0.332,-0.216,-0.141,-0.34,-0.013,-0.484,0.138,0.431,0.385,0.168,0.395,0.083,0.011,0.166,0.28,0.289,0.188,0.253,0.242,-0.553,0.42,0.818,0.318,-0.372,0.353,0.431,-0.073,-0.437,0.096,0.413,0.322,0.016,0.211,0.262,-0.487,0.116,0.394,0.273,0.61,0.409,0.028,-0.001,0.509,-0.037,0.305,0.23,0.266,0.359,-0.01,0.455,0.481,0.289,0.145
KDP,-0.161,0.534,-0.574,-0.179,-0.21,0.065,-0.591,-0.562,0.076,-0.64,-0.457,-0.434,-0.72,-0.57,-0.461,0.196,0.607,-0.235,0.573,0.017,-0.418,0.17,-0.532,0.716,-0.528,-0.546,0.615,-0.574,-0.499,-0.55,0.483,0.5,0.45,-0.518,-0.284,-0.539,-0.605,-0.562,-0.607,-0.524,-0.231,1.0,-0.37,-0.124,-0.624,-0.556,-0.503,0.705,0.024,0.799,0.682,-0.043,0.516,-0.463,-0.532,-0.555,-0.337,-0.503,0.035,-0.467,0.327,-0.349,-0.47,-0.507,-0.556,-0.538,0.449,-0.466,-0.546,-0.49,0.759,-0.487,-0.503,-0.239,0.377,0.242,-0.544,-0.601,-0.121,-0.451,-0.464,0.497,0.139,-0.655,-0.514,-0.623,-0.57,-0.08,0.005,-0.318,-0.348,-0.472,-0.549,-0.405,-0.419,0.013,-0.412,-0.483,-0.578,-0.651
KHC,0.332,-0.606,0.697,0.446,0.157,-0.441,0.616,0.337,-0.256,0.447,0.722,0.593,0.567,0.589,0.325,-0.452,-0.631,-0.037,-0.489,0.028,0.569,-0.131,0.239,-0.471,0.54,0.614,-0.625,0.469,0.632,0.634,0.118,-0.615,-0.577,0.603,0.529,0.579,0.35,0.65,0.789,0.57,0.406,-0.37,1.0,0.407,0.522,0.551,0.646,-0.423,0.032,-0.301,-0.48,0.258,-0.62,0.441,0.575,0.675,0.062,0.683,0.243,0.307,0.21,0.645,0.495,0.586,0.609,0.607,-0.51,0.663,0.681,0.601,-0.57,0.697,0.74,0.468,-0.49,-0.055,0.658,0.56,0.296,0.607,0.608,-0.577,0.54,0.624,0.694,0.619,0.705,-0.295,0.123,0.606,0.386,0.392,0.606,0.595,0.699,0.256,0.622,0.622,0.46,0.526
LRCX,0.779,-0.289,0.465,0.857,0.335,-0.318,0.554,0.01,0.367,0.524,0.326,0.219,0.403,0.499,0.235,-0.131,-0.168,0.184,0.019,0.427,0.724,0.442,0.148,-0.053,0.525,0.59,-0.174,0.176,0.326,0.484,0.189,-0.146,-0.102,0.527,0.507,0.459,0.196,0.367,0.362,0.649,0.181,-0.124,0.407,1.0,0.502,0.507,0.679,-0.236,0.448,0.062,0.03,0.778,-0.129,0.478,0.491,0.441,-0.075,0.434,0.334,0.472,0.49,0.435,0.657,0.421,0.58,0.714,-0.186,0.53,0.261,0.593,-0.263,0.439,0.483,0.478,0.101,0.5,0.554,0.455,0.553,0.59,0.59,-0.025,0.432,0.393,0.474,0.284,0.422,-0.272,0.248,0.483,0.547,0.483,0.667,0.629,0.523,0.42,0.553,0.48,0.456,0.386
LYFT,0.602,-0.48,0.79,0.671,0.565,-0.167,0.885,0.532,-0.034,0.764,0.516,0.307,0.79,0.705,0.7,0.032,-0.52,0.231,-0.333,0.325,0.758,0.046,0.578,-0.485,0.739,0.814,-0.533,0.648,0.719,0.716,0.03,-0.458,-0.42,0.841,0.627,0.877,0.424,0.727,0.618,0.901,0.206,-0.624,0.522,0.502,1.0,0.724,0.814,-0.661,0.203,-0.551,-0.55,0.48,-0.403,0.671,0.713,0.642,0.329,0.722,0.302,0.811,0.16,0.516,0.766,0.716,0.908,0.747,-0.472,0.707,0.566,0.781,-0.7,0.722,0.835,0.398,-0.32,0.133,0.82,0.72,0.265,0.763,0.787,-0.434,0.21,0.729,0.793,0.7,0.737,0.055,0.431,0.496,0.489,0.564,0.902,0.821,0.75,0.13,0.549,0.738,0.75,0.836
MARA,0.546,-0.667,0.699,0.57,0.485,-0.372,0.747,0.362,-0.036,0.568,0.63,0.388,0.689,0.929,0.437,-0.172,-0.511,0.14,-0.461,0.401,0.698,0.247,0.35,-0.461,0.616,0.698,-0.551,0.484,0.708,0.745,-0.065,-0.341,-0.322,0.656,0.529,0.653,0.389,0.706,0.625,0.743,0.324,-0.556,0.551,0.507,0.724,1.0,0.655,-0.632,0.402,-0.4,-0.475,0.484,-0.509,0.945,0.666,0.695,0.105,0.698,0.219,0.513,0.211,0.535,0.648,0.697,0.696,0.759,-0.59,0.767,0.653,0.753,-0.762,0.8,0.636,0.388,-0.414,0.116,0.723,0.988,0.539,0.679,0.721,-0.477,0.256,0.661,0.663,0.607,0.675,-0.162,0.277,0.556,0.598,0.511,0.763,0.682,0.581,0.206,0.568,0.852,0.572,0.739
MCHP,0.653,-0.461,0.806,0.799,0.391,-0.276,0.87,0.509,0.14,0.841,0.593,0.436,0.712,0.676,0.539,-0.158,-0.541,0.175,-0.312,0.262,0.756,0.02,0.543,-0.411,0.788,0.909,-0.522,0.641,0.604,0.774,-0.038,-0.47,-0.435,0.865,0.712,0.817,0.506,0.715,0.634,0.891,0.323,-0.503,0.646,0.679,0.814,0.655,1.0,-0.534,0.209,-0.357,-0.468,0.598,-0.416,0.576,0.772,0.717,0.302,0.733,0.243,0.736,0.283,0.626,0.872,0.612,0.824,0.802,-0.457,0.755,0.618,0.72,-0.644,0.715,0.866,0.5,-0.276,0.254,0.891,0.63,0.328,0.796,0.806,-0.377,0.358,0.736,0.809,0.714,0.81,0.047,0.423,0.642,0.524,0.666,0.884,0.898,0.794,0.231,0.671,0.683,0.777,0.79
MDLZ,-0.15,0.679,-0.541,-0.328,-0.438,0.294,-0.614,-0.509,-0.006,-0.589,-0.538,-0.459,-0.656,-0.656,-0.462,0.284,0.737,-0.004,0.717,-0.097,-0.503,0.219,-0.559,0.868,-0.502,-0.552,0.649,-0.649,-0.705,-0.585,0.281,0.686,0.639,-0.588,-0.39,-0.599,-0.54,-0.694,-0.612,-0.562,-0.332,0.705,-0.423,-0.236,-0.661,-0.632,-0.534,1.0,-0.011,0.755,0.784,-0.148,0.699,-0.574,-0.702,-0.662,-0.359,-0.647,-0.012,-0.571,0.11,-0.344,-0.574,-0.725,-0.588,-0.528,0.663,-0.652,-0.559,-0.553,0.802,-0.691,-0.567,-0.185,0.492,0.128,-0.545,-0.649,-0.123,-0.601,-0.551,0.673,-0.019,-0.658,-0.638,-0.602,-0.682,0.047,-0.091,-0.479,-0.28,-0.521,-0.569,-0.519,-0.516,0.13,-0.578,-0.577,-0.691,-0.553
META,0.503,0.003,0.165,0.452,0.484,0.078,0.188,-0.218,0.343,0.157,0.014,-0.184,0.154,0.215,0.215,0.233,0.172,0.587,0.324,0.591,0.375,0.67,-0.019,0.121,0.107,0.216,0.229,0.028,0.189,0.151,0.141,0.507,0.544,0.089,0.277,0.148,-0.009,0.133,0.008,0.271,-0.216,0.024,0.032,0.448,0.203,0.402,0.209,-0.011,1.0,0.327,0.094,0.647,0.214,0.498,0.16,0.134,-0.253,0.129,0.087,0.301,0.292,0.037,0.231,0.167,0.228,0.253,0.071,0.311,-0.055,0.293,-0.104,0.227,0.093,0.178,0.339,0.514,0.159,0.367,0.81,0.308,0.362,0.396,0.072,0.04,0.105,-0.069,0.084,-0.186,0.278,0.153,0.804,0.135,0.269,0.393,0.146,0.195,0.086,0.263,0.03,0.261
MNST,0.088,0.498,-0.467,0.008,-0.15,0.07,-0.488,-0.646,0.201,-0.562,-0.332,-0.345,-0.574,-0.426,-0.383,0.094,0.606,0.028,0.668,0.112,-0.252,0.374,-0.56,0.749,-0.434,-0.434,0.662,-0.611,-0.475,-0.389,0.37,0.719,0.681,-0.483,-0.146,-0.47,-0.472,-0.498,-0.478,-0.403,-0.141,0.799,-0.301,0.062,-0.551,-0.4,-0.357,0.755,0.327,1.0,0.67,0.204,0.573,-0.354,-0.39,-0.391,-0.433,-0.431,0.007,-0.423,0.386,-0.234,-0.354,-0.572,-0.481,-0.377,0.531,-0.345,-0.401,-0.317,0.684,-0.427,-0.42,-0.157,0.495,0.442,-0.384,-0.46,0.222,-0.346,-0.314,0.644,0.151,-0.557,-0.455,-0.579,-0.471,-0.154,-0.049,-0.197,-0.03,-0.432,-0.442,-0.282,-0.349,0.161,-0.279,-0.341,-0.556,-0.541
MRNA,-0.005,0.475,-0.557,-0.144,-0.238,0.076,-0.546,-0.532,0.072,-0.468,-0.559,-0.453,-0.651,-0.547,-0.543,0.211,0.747,-0.059,0.655,0.052,-0.28,0.432,-0.648,0.81,-0.537,-0.456,0.642,-0.697,-0.553,-0.46,0.464,0.602,0.577,-0.496,-0.445,-0.599,-0.584,-0.605,-0.649,-0.422,-0.34,0.682,-0.48,0.03,-0.55,-0.475,-0.468,0.784,0.094,0.67,1.0,0.101,0.622,-0.428,-0.612,-0.565,-0.479,-0.548,0.346,-0.49,0.144,-0.22,-0.452,-0.537,-0.529,-0.236,0.586,-0.577,-0.581,-0.414,0.712,-0.578,-0.587,0.009,0.472,0.15,-0.528,-0.511,0.031,-0.446,-0.453,0.583,0.144,-0.596,-0.62,-0.633,-0.667,-0.16,-0.196,-0.482,-0.199,-0.471,-0.451,-0.444,-0.423,0.349,-0.461,-0.512,-0.657,-0.55
MRVL,0.766,-0.175,0.421,0.871,0.473,-0.12,0.417,-0.16,0.352,0.375,0.225,0.008,0.224,0.421,0.29,0.035,0.074,0.41,0.163,0.549,0.698,0.486,0.077,0.049,0.335,0.505,0.059,0.098,0.424,0.559,0.212,0.147,0.138,0.449,0.512,0.477,0.053,0.416,0.185,0.628,-0.013,-0.043,0.258,0.778,0.48,0.484,0.598,-0.148,0.647,0.204,0.101,1.0,0.018,0.499,0.456,0.474,-0.223,0.487,0.405,0.539,0.45,0.519,0.562,0.391,0.455,0.625,0.036,0.554,0.163,0.612,-0.225,0.49,0.443,0.582,0.252,0.506,0.49,0.415,0.631,0.668,0.643,0.037,0.396,0.388,0.375,0.129,0.363,-0.351,0.226,0.405,0.712,0.274,0.59,0.59,0.471,0.505,0.438,0.393,0.26,0.377
MSFT,-0.025,0.871,-0.474,-0.144,0.012,0.677,-0.508,-0.444,0.325,-0.35,-0.663,-0.657,-0.453,-0.62,-0.102,0.654,0.748,0.38,0.823,0.212,-0.357,0.328,-0.249,0.721,-0.402,-0.434,0.695,-0.434,-0.685,-0.642,0.179,0.777,0.801,-0.43,-0.325,-0.415,-0.461,-0.641,-0.664,-0.385,-0.484,0.516,-0.62,-0.129,-0.403,-0.509,-0.416,0.699,0.214,0.573,0.622,0.018,1.0,-0.377,-0.634,-0.725,-0.231,-0.722,-0.053,-0.142,0.118,-0.494,-0.358,-0.583,-0.357,-0.48,0.737,-0.648,-0.652,-0.441,0.716,-0.677,-0.509,-0.293,0.685,0.371,-0.46,-0.526,-0.052,-0.492,-0.412,0.815,-0.209,-0.668,-0.474,-0.581,-0.653,0.202,0.184,-0.452,-0.117,-0.389,-0.396,-0.349,-0.39,-0.089,-0.645,-0.496,-0.47,-0.314
MSTR,0.533,-0.51,0.633,0.523,0.494,-0.221,0.68,0.317,0.069,0.534,0.461,0.181,0.613,0.821,0.488,-0.0,-0.415,0.233,-0.338,0.412,0.628,0.288,0.359,-0.399,0.521,0.636,-0.464,0.495,0.622,0.617,-0.048,-0.199,-0.184,0.582,0.488,0.62,0.285,0.64,0.468,0.681,0.138,-0.463,0.441,0.478,0.671,0.945,0.576,-0.574,0.498,-0.354,-0.428,0.499,-0.377,1.0,0.535,0.564,0.096,0.571,0.124,0.544,0.223,0.395,0.601,0.667,0.671,0.668,-0.501,0.718,0.476,0.665,-0.648,0.712,0.538,0.372,-0.271,0.178,0.63,0.939,0.549,0.638,0.657,-0.337,0.168,0.547,0.609,0.482,0.596,-0.114,0.366,0.481,0.626,0.474,0.725,0.646,0.48,0.083,0.426,0.764,0.528,0.729
MU,0.39,-0.666,0.621,0.686,0.509,-0.397,0.711,0.419,0.074,0.568,0.64,0.495,0.63,0.747,0.421,-0.372,-0.658,0.061,-0.482,0.198,0.618,0.025,0.459,-0.612,0.624,0.73,-0.516,0.504,0.678,0.749,-0.154,-0.529,-0.533,0.718,0.609,0.638,0.516,0.668,0.653,0.749,0.431,-0.532,0.575,0.491,0.713,0.666,0.772,-0.702,0.16,-0.39,-0.612,0.456,-0.634,0.535,1.0,0.867,0.252,0.803,0.139,0.575,0.183,0.581,0.703,0.644,0.651,0.651,-0.565,0.75,0.664,0.688,-0.707,0.761,0.756,0.279,-0.375,0.148,0.78,0.634,0.38,0.647,0.691,-0.532,0.26,0.704,0.648,0.618,0.766,-0.084,0.206,0.638,0.445,0.585,0.648,0.691,0.687,0.161,0.855,0.691,0.659,0.592
MVIS,0.398,-0.768,0.661,0.599,0.371,-0.505,0.629,0.295,-0.066,0.486,0.648,0.506,0.529,0.726,0.347,-0.46,-0.612,0.042,-0.507,0.18,0.664,0.01,0.274,-0.566,0.544,0.641,-0.507,0.456,0.79,0.887,-0.119,-0.532,-0.593,0.619,0.614,0.635,0.454,0.752,0.636,0.715,0.385,-0.555,0.675,0.441,0.642,0.695,0.717,-0.662,0.134,-0.391,-0.565,0.474,-0.725,0.564,0.867,1.0,0.067,0.884,0.211,0.452,0.179,0.746,0.611,0.72,0.588,0.744,-0.524,0.796,0.658,0.724,-0.72,0.857,0.722,0.472,-0.421,-0.013,0.727,0.654,0.354,0.731,0.698,-0.6,0.367,0.756,0.612,0.542,0.797,-0.31,0.018,0.619,0.478,0.428,0.643,0.609,0.659,0.358,0.778,0.624,0.539,0.542
NFLX,-0.056,-0.032,0.204,-0.027,-0.06,0.093,0.381,0.727,0.032,0.42,0.182,0.196,0.546,0.178,0.311,0.055,-0.459,-0.111,-0.355,-0.293,0.011,-0.53,0.648,-0.444,0.447,0.393,-0.405,0.54,-0.003,0.124,-0.278,-0.38,-0.258,0.429,0.192,0.379,0.436,0.217,0.266,0.228,0.168,-0.337,0.062,-0.075,0.329,0.105,0.302,-0.359,-0.253,-0.433,-0.479,-0.223,-0.231,0.096,0.252,0.067,1.0,0.083,-0.3,0.308,-0.179,-0.155,0.493,0.021,0.335,0.078,-0.239,0.175,0.258,-0.027,-0.264,0.092,0.331,-0.241,-0.254,-0.025,0.318,0.133,-0.303,0.115,0.065,-0.296,-0.254,0.235,0.318,0.476,0.332,0.676,0.4,0.081,-0.129,0.486,0.299,0.225,0.17,-0.504,0.063,0.12,0.702,0.346
NNDM,0.44,-0.775,0.698,0.624,0.291,-0.525,0.689,0.365,-0.161,0.518,0.72,0.527,0.535,0.756,0.333,-0.454,-0.572,-0.023,-0.554,0.212,0.677,-0.096,0.366,-0.551,0.577,0.686,-0.599,0.471,0.86,0.899,-0.072,-0.562,-0.617,0.692,0.637,0.727,0.444,0.778,0.694,0.731,0.395,-0.503,0.683,0.434,0.722,0.698,0.733,-0.647,0.129,-0.431,-0.548,0.487,-0.722,0.571,0.803,0.884,0.083,1.0,0.281,0.514,0.158,0.789,0.595,0.739,0.623,0.695,-0.583,0.871,0.711,0.721,-0.735,0.897,0.792,0.474,-0.497,-0.067,0.747,0.665,0.26,0.779,0.755,-0.671,0.37,0.801,0.632,0.645,0.801,-0.251,0.075,0.594,0.467,0.424,0.716,0.7,0.656,0.381,0.747,0.663,0.548,0.59
NVAX,0.319,-0.27,0.212,0.349,0.37,-0.394,0.177,-0.113,-0.225,0.145,0.205,0.176,0.01,0.196,-0.05,-0.127,0.078,-0.073,-0.026,0.261,0.427,0.319,-0.3,0.12,0.021,0.191,-0.09,-0.099,0.369,0.307,0.558,-0.1,-0.106,0.168,-0.007,0.115,-0.099,0.19,0.191,0.297,0.083,0.035,0.243,0.334,0.302,0.219,0.243,-0.012,0.087,0.007,0.346,0.405,-0.053,0.124,0.139,0.211,-0.3,0.281,1.0,0.153,0.126,0.538,0.129,0.328,0.226,0.463,-0.097,0.145,0.178,0.379,-0.104,0.34,0.232,0.571,-0.19,0.086,0.172,0.191,0.217,0.369,0.287,-0.18,0.519,0.201,0.19,0.139,0.107,-0.398,-0.107,0.159,0.153,0.016,0.269,0.168,0.371,0.611,0.165,0.232,-0.097,0.219
NVDA,0.477,-0.179,0.648,0.697,0.637,0.155,0.732,0.393,0.221,0.773,0.295,0.069,0.587,0.498,0.735,0.244,-0.316,0.448,-0.173,0.411,0.666,0.024,0.713,-0.401,0.564,0.689,-0.29,0.682,0.511,0.508,-0.079,-0.264,-0.201,0.736,0.54,0.754,0.393,0.64,0.404,0.768,0.011,-0.467,0.307,0.472,0.811,0.513,0.736,-0.571,0.301,-0.423,-0.49,0.539,-0.142,0.544,0.575,0.452,0.308,0.514,0.153,1.0,0.156,0.356,0.777,0.594,0.74,0.541,-0.252,0.569,0.331,0.601,-0.521,0.569,0.699,0.374,-0.066,0.313,0.717,0.506,0.237,0.731,0.684,-0.208,0.034,0.522,0.758,0.55,0.627,0.103,0.471,0.45,0.518,0.505,0.725,0.746,0.586,-0.071,0.347,0.54,0.682,0.752
NWL,0.599,0.1,0.238,0.518,0.31,-0.16,0.222,-0.221,0.367,0.09,0.117,-0.01,0.069,0.167,0.289,0.12,0.079,-0.068,0.294,0.351,0.343,0.323,-0.002,0.237,0.296,0.243,0.08,-0.07,0.127,0.24,0.385,0.11,0.107,0.292,0.565,0.303,-0.055,0.124,0.027,0.347,0.166,0.327,0.21,0.49,0.16,0.211,0.283,0.11,0.292,0.386,0.144,0.45,0.118,0.223,0.183,0.179,-0.179,0.158,0.126,0.156,1.0,0.13,0.296,0.224,0.257,0.207,-0.094,0.252,0.088,0.358,0.11,0.212,0.266,0.058,0.151,0.667,0.388,0.122,0.349,0.211,0.332,0.148,0.358,-0.004,0.152,-0.024,0.221,-0.177,0.409,0.368,0.214,0.149,0.307,0.302,0.356,0.088,0.179,0.242,0.171,-0.02
OCGN,0.392,-0.639,0.599,0.576,0.192,-0.496,0.47,0.126,-0.229,0.364,0.554,0.429,0.31,0.591,0.151,-0.462,-0.319,0.016,-0.369,0.146,0.613,0.023,0.054,-0.244,0.36,0.518,-0.393,0.232,0.676,0.764,0.04,-0.416,-0.5,0.493,0.373,0.502,0.226,0.66,0.536,0.599,0.28,-0.349,0.645,0.435,0.516,0.535,0.626,-0.344,0.037,-0.234,-0.22,0.519,-0.494,0.395,0.581,0.746,-0.155,0.789,0.538,0.356,0.13,1.0,0.433,0.597,0.457,0.661,-0.337,0.607,0.581,0.586,-0.54,0.748,0.603,0.645,-0.393,-0.085,0.611,0.502,0.216,0.646,0.596,-0.551,0.544,0.631,0.518,0.458,0.571,-0.416,-0.067,0.485,0.339,0.208,0.565,0.49,0.581,0.597,0.628,0.467,0.288,0.497
ON,0.581,-0.37,0.707,0.745,0.438,-0.14,0.823,0.552,0.288,0.824,0.517,0.359,0.767,0.664,0.592,-0.015,-0.468,0.194,-0.319,0.255,0.697,-0.052,0.65,-0.457,0.784,0.863,-0.433,0.659,0.491,0.683,-0.072,-0.408,-0.301,0.877,0.664,0.815,0.557,0.712,0.566,0.822,0.289,-0.47,0.495,0.657,0.766,0.648,0.872,-0.574,0.231,-0.354,-0.452,0.562,-0.358,0.601,0.703,0.611,0.493,0.595,0.129,0.777,0.296,0.433,1.0,0.555,0.765,0.733,-0.366,0.692,0.544,0.631,-0.61,0.624,0.798,0.335,-0.191,0.32,0.837,0.621,0.326,0.752,0.689,-0.344,0.158,0.638,0.772,0.676,0.733,0.151,0.448,0.604,0.503,0.707,0.824,0.815,0.675,0.02,0.54,0.629,0.869,0.706
