,AAL,AAPL,AGNC,AMAT,AMD,AMZN,APA,ARDX,AVGO,AZN,BIDU,BILI,BKR,CAN,CHRD,CMCSA,CPRT,CRWD,CSCO,CSX,DKNG,EBAY,ERIC,EXC,FITB,FLEX,FTNT,GEN,GERN,GEVO,GILD,GOOG,GOOGL,GT,HBAN,HST,INTC,IOVA,IQ,JBLU,JD,KDP,KHC,LRCX,LYFT,MARA,MCHP,MDLZ,META,MNST,MRNA,MRVL,MSFT,MSTR,MU,MVIS,NFLX,NNDM,NVAX,NVDA,NWL,OCGN,ON,OPK,PAA,PACB,PANW,PARA,PDD,PENN,PEP,PLUG,PTEN,PTON,PYPL,QCOM,QVCGA,RIOT,ROKU,RUN,SABR,SBUX,SMCI,SNDL,STNE,TCOM,TLRY,TMUS,TSCO,TSLA,TTD,TXN,UAL,VOD,VTRS,VXRT,WBA,WBD,WDC,ZM
AAL,1.0,0.011,-0.147,0.039,0.076,-0.101,-0.131,0.417,-0.048,0.14,-0.117,-0.203,0.134,0.253,-0.139,0.076,0.024,0.009,-0.099,-0.142,0.101,-0.168,-0.263,-0.3,0.32,-0.124,0.009,0.125,-0.045,0.107,0.184,0.133,0.082,-0.013,0.129,-0.002,0.269,0.508,-0.07,0.329,0.003,-0.154,0.257,0.014,0.121,0.1,0.061,-0.514,0.37,0.011,0.249,0.111,-0.198,0.114,0.401,0.532,-0.093,0.173,-0.037,0.095,-0.201,0.188,-0.016,0.286,-0.071,-0.132,0.165,0.199,-0.135,0.002,-0.145,-0.247,-0.207,0.084,-0.092,0.134,-0.336,0.12,0.212,-0.152,-0.01,0.051,-0.068,0.244,0.174,0.017,0.315,-0.037,0.615,-0.098,0.213,0.023,0.91,0.417,-0.055,0.294,-0.104,-0.292,0.305,-0.214
AAPL,0.011,1.0,0.802,0.83,0.801,0.854,0.573,0.376,0.812,0.134,-0.546,-0.217,-0.635,0.62,0.768,0.152,0.858,-0.003,0.845,0.712,0.59,0.813,0.172,0.413,0.298,0.872,0.061,0.721,0.389,0.687,-0.527,-0.047,-0.018,0.836,0.768,0.857,0.38,-0.062,-0.058,0.345,-0.187,0.738,-0.421,0.866,0.308,0.744,0.83,0.38,0.006,0.362,-0.081,0.807,0.541,0.694,0.669,0.485,0.696,0.124,-0.421,0.771,0.67,-0.249,0.832,-0.55,0.86,-0.473,-0.303,-0.154,-0.636,0.641,0.52,0.495,0.652,-0.031,0.745,0.751,0.278,0.73,-0.31,0.52,-0.114,0.697,0.712,-0.595,0.729,0.194,0.434,0.434,-0.403,0.748,0.453,0.842,0.007,-0.397,-0.651,-0.487,0.703,0.714,0.613,-0.286
AGNC,-0.147,0.802,1.0,0.763,0.71,0.835,0.565,0.172,0.783,0.02,-0.509,-0.188,-0.561,0.51,0.701,0.158,0.724,0.046,0.81,0.725,0.545,0.799,0.115,0.51,0.282,0.906,-0.018,0.721,0.435,0.655,-0.598,-0.123,-0.047,0.774,0.701,0.779,0.3,-0.225,-0.041,0.411,-0.111,0.749,-0.496,0.868,0.345,0.722,0.742,0.498,0.038,0.221,-0.307,0.73,0.637,0.678,0.529,0.308,0.746,-0.065,-0.526,0.733,0.815,-0.324,0.728,-0.619,0.853,-0.489,-0.189,-0.169,-0.576,0.59,0.391,0.512,0.668,0.014,0.825,0.652,0.413,0.696,-0.351,0.566,-0.183,0.78,0.73,-0.504,0.676,0.25,0.331,0.531,-0.45,0.677,0.393,0.864,-0.066,-0.331,-0.497,-0.621,0.678,0.714,0.577,-0.317
AMAT,0.039,0.83,0.763,1.0,0.856,0.7,0.55,0.446,0.894,0.123,-0.469,-0.043,-0.613,0.583,0.753,0.174,0.878,0.11,0.866,0.781,0.739,0.77,0.22,0.381,0.474,0.725,0.07,0.761,0.498,0.674,-0.652,-0.106,-0.084,0.761,0.799,0.899,0.409,0.057,0.077,0.403,0.008,0.56,-0.424,0.865,0.419,0.791,0.856,0.387,0.075,0.249,-0.056,0.881,0.405,0.843,0.777,0.353,0.83,0.171,-0.348,0.873,0.611,-0.212,0.799,-0.648,0.77,-0.435,-0.234,-0.148,-0.602,0.793,0.406,0.336,0.63,0.125,0.766,0.793,0.393,0.812,-0.312,0.311,-0.059,0.775,0.729,-0.498,0.802,0.398,0.569,0.312,-0.382,0.665,0.501,0.852,0.08,-0.377,-0.642,-0.458,0.665,0.667,0.659,-0.262
AMD,0.076,0.801,0.71,0.856,1.0,0.717,0.554,0.396,0.771,0.087,-0.49,-0.008,-0.574,0.588,0.778,0.055,0.848,0.1,0.737,0.788,0.685,0.738,0.219,0.39,0.414,0.718,-0.007,0.639,0.487,0.693,-0.683,-0.141,-0.134,0.778,0.817,0.822,0.315,0.037,0.111,0.453,-0.027,0.682,-0.518,0.859,0.477,0.8,0.806,0.35,0.05,0.247,-0.084,0.854,0.358,0.835,0.736,0.429,0.791,0.163,-0.434,0.906,0.569,-0.207,0.875,-0.536,0.757,-0.372,-0.231,-0.178,-0.602,0.77,0.375,0.355,0.686,0.115,0.748,0.663,0.453,0.838,-0.32,0.378,-0.083,0.838,0.804,-0.578,0.757,0.368,0.506,0.333,-0.343,0.834,0.409,0.771,0.168,-0.414,-0.665,-0.423,0.643,0.67,0.699,-0.262
AMZN,-0.101,0.854,0.835,0.7,0.717,1.0,0.573,0.2,0.705,0.052,-0.381,-0.104,-0.417,0.522,0.662,0.056,0.765,0.224,0.776,0.663,0.621,0.858,0.272,0.475,0.361,0.857,0.135,0.594,0.363,0.726,-0.453,0.066,0.101,0.776,0.72,0.727,0.251,-0.204,-0.042,0.495,-0.169,0.706,-0.491,0.852,0.47,0.626,0.656,0.428,0.097,0.383,-0.16,0.668,0.671,0.623,0.525,0.489,0.674,0.09,-0.391,0.679,0.747,-0.262,0.732,-0.485,0.798,-0.321,-0.016,-0.041,-0.476,0.597,0.489,0.601,0.639,0.175,0.72,0.545,0.408,0.623,-0.255,0.628,0.068,0.759,0.669,-0.444,0.585,0.184,0.405,0.483,-0.3,0.729,0.449,0.78,-0.032,-0.245,-0.459,-0.5,0.751,0.745,0.531,-0.096
APA,-0.131,0.573,0.565,0.55,0.554,0.573,1.0,0.13,0.662,0.269,-0.226,0.07,-0.231,0.178,0.768,-0.21,0.547,0.273,0.628,0.574,0.403,0.59,0.527,0.553,0.333,0.606,0.142,0.381,0.497,0.476,-0.43,0.149,0.18,0.569,0.506,0.641,-0.019,-0.227,-0.051,0.298,-0.105,0.586,-0.565,0.496,0.365,0.387,0.492,0.645,-0.187,0.367,0.041,0.466,0.647,0.46,0.378,0.095,0.489,-0.133,-0.006,0.513,0.479,-0.049,0.507,-0.445,0.618,-0.225,-0.077,-0.277,-0.343,0.544,0.586,0.529,0.798,0.122,0.523,0.209,0.477,0.384,-0.42,0.527,0.239,0.439,0.434,-0.524,0.436,0.213,0.164,0.43,-0.337,0.526,0.212,0.52,-0.162,-0.459,-0.193,-0.427,0.651,0.614,0.32,0.08
ARDX,0.417,0.376,0.172,0.446,0.396,0.2,0.13,1.0,0.314,0.07,-0.342,-0.129,-0.406,0.558,0.391,0.118,0.357,-0.049,0.316,0.128,0.379,0.248,-0.095,-0.274,0.144,0.18,0.142,0.422,0.379,0.352,-0.231,0.014,0.011,0.377,0.31,0.32,0.286,0.526,-0.062,0.146,-0.023,0.044,-0.048,0.341,0.243,0.427,0.437,-0.223,0.131,0.195,0.507,0.456,-0.11,0.489,0.624,0.531,0.245,0.532,-0.018,0.366,0.003,0.364,0.443,-0.128,0.275,-0.185,-0.198,0.094,-0.45,0.311,0.103,0.134,0.087,0.021,0.151,0.489,-0.103,0.424,-0.0,0.046,-0.101,0.186,0.229,-0.141,0.524,0.267,0.369,-0.232,0.004,0.227,0.357,0.294,0.329,-0.01,-0.502,0.107,0.058,-0.004,0.543,-0.266
AVGO,-0.048,0.812,0.783,0.894,0.771,0.705,0.662,0.314,1.0,0.144,-0.45,-0.061,-0.513,0.512,0.795,0.057,0.86,0.104,0.867,0.775,0.673,0.789,0.312,0.476,0.452,0.751,0.117,0.71,0.546,0.659,-0.64,0.009,0.054,0.75,0.713,0.839,0.305,-0.006,0.055,0.33,-0.097,0.611,-0.492,0.78,0.409,0.762,0.871,0.526,-0.037,0.281,-0.118,0.87,0.574,0.81,0.684,0.27,0.842,0.083,-0.34,0.875,0.627,-0.207,0.76,-0.629,0.757,-0.382,-0.252,-0.182,-0.55,0.707,0.542,0.391,0.668,0.145,0.81,0.626,0.367,0.777,-0.397,0.386,-0.057,0.737,0.679,-0.554,0.762,0.33,0.445,0.454,-0.418,0.672,0.417,0.84,-0.033,-0.478,-0.513,-0.424,0.66,0.7,0.636,-0.185
AZN,0.14,0.134,0.02,0.123,0.087,0.052,0.269,0.07,0.144,1.0,0.038,0.002,0.114,0.047,0.261,0.074,0.112,0.092,0.206,0.039,0.156,0.193,0.178,0.215,0.246,0.062,0.067,-0.054,0.202,-0.061,0.094,0.121,0.114,0.051,0.146,0.146,0.122,0.082,-0.139,0.027,0.088,0.165,-0.12,0.072,0.036,-0.012,0.115,0.143,-0.078,0.312,0.256,0.019,0.094,-0.001,0.254,0.089,-0.043,-0.221,0.037,0.022,0.014,0.07,0.151,0.066,0.223,-0.188,-0.024,-0.093,0.035,0.171,0.369,0.033,0.326,-0.301,-0.021,0.059,-0.065,0.007,-0.072,0.07,0.227,0.013,-0.101,-0.272,0.133,0.002,-0.23,0.123,-0.045,-0.026,-0.157,0.115,0.071,-0.066,-0.007,-0.067,0.334,0.105,0.046,0.015
BIDU,-0.117,-0.546,-0.509,-0.469,-0.49,-0.381,-0.226,-0.342,-0.45,0.038,1.0,0.605,0.603,-0.337,-0.462,0.059,-0.519,0.454,-0.369,-0.476,-0.204,-0.363,0.139,-0.185,-0.034,-0.508,0.223,-0.616,-0.011,-0.382,0.668,0.221,0.193,-0.452,-0.45,-0.462,-0.033,0.264,0.349,0.027,0.539,-0.487,0.319,-0.463,0.105,-0.546,-0.564,-0.096,0.276,-0.151,0.133,-0.521,-0.214,-0.437,-0.422,-0.198,-0.454,0.148,0.514,-0.463,-0.223,0.293,-0.537,0.588,-0.471,0.6,0.431,0.496,0.833,-0.321,-0.325,-0.142,-0.294,0.353,-0.528,-0.482,-0.035,-0.528,0.588,-0.236,0.53,-0.435,-0.597,0.514,-0.523,0.22,-0.173,-0.321,0.266,-0.551,-0.083,-0.576,-0.135,0.323,0.598,0.562,-0.324,-0.25,-0.629,0.621
BILI,-0.203,-0.217,-0.188,-0.043,-0.008,-0.104,0.07,-0.129,-0.061,0.002,0.605,1.0,0.146,-0.037,-0.103,0.204,0.044,0.464,-0.044,-0.016,0.341,0.001,0.492,-0.199,0.303,-0.173,0.274,-0.129,0.125,-0.068,0.153,0.021,0.033,0.011,0.028,0.04,0.148,0.07,0.764,0.414,0.632,-0.314,-0.053,-0.198,0.529,-0.07,-0.214,0.035,0.355,-0.253,0.02,-0.097,-0.038,0.078,-0.208,-0.28,0.094,0.154,0.394,-0.016,0.158,0.023,-0.151,0.041,-0.17,0.366,0.315,0.504,0.574,0.309,-0.324,-0.035,-0.044,0.559,-0.027,-0.11,0.53,0.011,0.418,-0.211,0.638,0.002,-0.091,0.294,0.039,0.518,0.172,-0.264,-0.035,-0.087,0.27,-0.308,-0.171,0.083,0.322,0.183,0.092,0.106,-0.31,0.671
BKR,0.134,-0.635,-0.561,-0.613,-0.574,-0.417,-0.231,-0.406,-0.513,0.114,0.603,0.146,1.0,-0.416,-0.627,-0.32,-0.566,0.216,-0.554,-0.551,-0.432,-0.621,0.047,0.029,0.061,-0.54,0.171,-0.651,-0.247,-0.419,0.683,0.426,0.418,-0.596,-0.495,-0.618,-0.317,0.069,-0.077,-0.127,-0.079,-0.404,0.312,-0.568,-0.171,-0.522,-0.654,-0.2,0.038,0.008,0.109,-0.532,-0.099,-0.497,-0.518,-0.063,-0.478,-0.025,0.465,-0.488,-0.474,0.339,-0.62,0.657,-0.572,0.566,0.506,0.197,0.519,-0.622,-0.217,-0.136,-0.342,0.212,-0.524,-0.673,-0.388,-0.506,0.272,-0.089,0.321,-0.451,-0.607,0.53,-0.659,-0.353,-0.212,0.011,0.619,-0.524,-0.298,-0.517,0.135,0.441,0.655,0.57,-0.422,-0.449,-0.553,0.383
CAN,0.253,0.62,0.51,0.583,0.588,0.522,0.178,0.558,0.512,0.047,-0.337,-0.037,-0.416,1.0,0.403,0.481,0.581,-0.037,0.563,0.354,0.521,0.505,-0.119,-0.122,0.424,0.514,0.145,0.636,0.276,0.585,-0.254,-0.119,-0.121,0.568,0.644,0.585,0.752,0.293,0.272,0.388,0.09,0.182,-0.157,0.661,0.356,0.805,0.594,-0.13,0.403,-0.043,0.108,0.724,0.06,0.733,0.624,0.629,0.588,0.296,-0.342,0.646,0.472,-0.004,0.674,-0.264,0.664,-0.338,-0.177,0.315,-0.449,0.419,-0.064,0.143,0.193,0.128,0.434,0.703,-0.013,0.762,0.27,0.111,-0.146,0.593,0.515,-0.146,0.619,0.331,0.506,-0.007,-0.021,0.457,0.683,0.5,0.32,0.044,-0.43,-0.16,0.358,0.332,0.698,-0.348
CHRD,-0.139,0.768,0.701,0.753,0.778,0.662,0.768,0.391,0.795,0.261,-0.462,-0.103,-0.627,0.403,1.0,-0.054,0.706,0.048,0.751,0.716,0.552,0.816,0.275,0.432,0.194,0.691,-0.063,0.56,0.568,0.601,-0.709,-0.071,-0.045,0.761,0.644,0.774,0.123,-0.057,-0.115,0.199,-0.041,0.713,-0.61,0.707,0.395,0.596,0.806,0.55,-0.23,0.374,0.03,0.69,0.445,0.657,0.661,0.251,0.609,0.008,-0.353,0.694,0.538,-0.121,0.763,-0.605,0.784,-0.467,-0.355,-0.363,-0.529,0.701,0.607,0.453,0.835,-0.131,0.637,0.507,0.453,0.603,-0.515,0.438,-0.101,0.579,0.648,-0.747,0.663,0.365,0.197,0.334,-0.544,0.691,0.196,0.714,-0.101,-0.56,-0.611,-0.536,0.7,0.65,0.586,-0.215
CMCSA,0.076,0.152,0.158,0.174,0.055,0.056,-0.21,0.118,0.057,0.074,0.059,0.204,-0.32,0.481,-0.054,1.0,0.083,-0.056,0.181,0.078,0.206,0.157,-0.242,-0.396,0.171,0.101,0.022,0.416,-0.003,0.049,0.128,-0.444,-0.441,0.064,0.313,0.174,0.79,0.274,0.504,0.296,0.555,-0.233,0.152,0.236,0.091,0.234,0.126,-0.347,0.58,-0.515,-0.055,0.116,-0.246,0.179,0.155,0.021,0.203,-0.012,-0.265,0.087,0.316,-0.311,0.155,-0.101,0.288,-0.286,-0.048,0.473,0.166,0.174,-0.44,-0.367,-0.226,0.058,0.116,0.582,0.033,0.195,0.574,-0.424,-0.076,0.15,0.193,0.178,0.195,0.464,0.191,-0.343,-0.063,0.007,0.497,0.045,0.061,0.274,-0.104,-0.138,0.06,0.051,0.158,-0.149
CPRT,0.024,0.858,0.724,0.878,0.848,0.765,0.547,0.357,0.86,0.112,-0.519,0.044,-0.566,0.581,0.706,0.083,1.0,0.085,0.812,0.759,0.811,0.786,0.289,0.385,0.514,0.748,0.114,0.739,0.34,0.682,-0.613,-0.047,0.003,0.818,0.777,0.864,0.347,-0.091,0.161,0.491,-0.11,0.608,-0.431,0.782,0.489,0.802,0.823,0.383,0.056,0.308,-0.17,0.867,0.515,0.804,0.66,0.347,0.839,0.128,-0.385,0.859,0.646,-0.29,0.81,-0.615,0.726,-0.386,-0.208,-0.122,-0.603,0.802,0.436,0.416,0.626,0.144,0.828,0.692,0.432,0.844,-0.322,0.394,0.022,0.821,0.732,-0.531,0.808,0.275,0.542,0.419,-0.343,0.724,0.464,0.821,0.078,-0.402,-0.56,-0.461,0.699,0.676,0.621,-0.177
CRWD,0.009,-0.003,0.046,0.11,0.1,0.224,0.273,-0.049,0.104,0.092,0.454,0.464,0.216,-0.037,0.048,-0.056,0.085,1.0,0.254,0.123,0.37,0.19,0.474,0.089,0.399,0.07,0.637,-0.058,0.258,0.235,0.174,0.47,0.447,0.191,0.116,0.031,-0.021,0.095,0.251,0.445,0.213,-0.048,-0.059,0.077,0.558,-0.049,-0.023,0.196,0.372,0.097,0.261,0.031,0.425,0.154,0.152,0.143,0.072,0.317,0.282,0.135,0.219,0.237,-0.077,0.193,-0.002,0.35,0.727,0.39,0.25,0.267,0.153,0.243,0.196,0.665,0.105,-0.116,0.353,0.01,0.237,0.14,0.67,0.223,-0.075,0.279,0.06,0.175,0.176,-0.053,0.262,0.058,0.319,0.016,-0.01,0.245,0.185,0.247,0.183,0.128,-0.076,0.668
CSCO,-0.099,0.845,0.81,0.866,0.737,0.776,0.628,0.316,0.867,0.206,-0.369,-0.044,-0.554,0.563,0.751,0.181,0.812,0.254,1.0,0.775,0.628,0.829,0.308,0.445,0.407,0.813,0.279,0.748,0.539,0.661,-0.461,0.094,0.124,0.786,0.737,0.833,0.411,-0.07,0.058,0.34,-0.076,0.62,-0.385,0.834,0.376,0.681,0.801,0.571,0.078,0.318,0.004,0.785,0.623,0.718,0.677,0.379,0.715,0.114,-0.285,0.765,0.714,-0.142,0.778,-0.5,0.815,-0.349,-0.116,-0.083,-0.567,0.659,0.561,0.494,0.684,0.109,0.773,0.678,0.366,0.673,-0.223,0.438,0.078,0.754,0.689,-0.502,0.701,0.288,0.388,0.37,-0.378,0.667,0.519,0.844,-0.082,-0.326,-0.526,-0.426,0.679,0.677,0.527,-0.123
CSX,-0.142,0.712,0.725,0.781,0.788,0.663,0.574,0.128,0.775,0.039,-0.476,-0.016,-0.551,0.354,0.716,0.078,0.759,0.123,0.775,1.0,0.602,0.728,0.357,0.516,0.374,0.722,-0.037,0.664,0.429,0.637,-0.696,-0.084,-0.09,0.636,0.834,0.758,0.193,-0.27,0.161,0.33,-0.082,0.613,-0.573,0.742,0.273,0.641,0.699,0.486,-0.087,0.156,-0.301,0.695,0.508,0.657,0.553,0.116,0.821,-0.024,-0.432,0.794,0.612,-0.366,0.651,-0.675,0.664,-0.302,-0.241,-0.296,-0.534,0.689,0.429,0.367,0.679,0.139,0.82,0.555,0.519,0.682,-0.441,0.344,-0.083,0.783,0.876,-0.67,0.659,0.314,0.326,0.399,-0.441,0.842,0.329,0.744,-0.041,-0.449,-0.523,-0.58,0.649,0.668,0.536,-0.124
DKNG,0.101,0.59,0.545,0.739,0.685,0.621,0.403,0.379,0.673,0.156,-0.204,0.341,-0.432,0.521,0.552,0.206,0.811,0.37,0.628,0.602,1.0,0.732,0.359,0.114,0.643,0.53,0.147,0.568,0.382,0.693,-0.486,0.041,0.061,0.698,0.685,0.685,0.411,0.107,0.354,0.677,0.237,0.3,-0.411,0.612,0.761,0.632,0.632,0.178,0.338,0.178,-0.093,0.692,0.361,0.727,0.663,0.31,0.729,0.257,-0.259,0.724,0.59,-0.183,0.57,-0.461,0.536,-0.211,0.028,0.198,-0.276,0.882,0.19,0.285,0.478,0.405,0.654,0.561,0.546,0.717,-0.029,0.205,0.268,0.731,0.523,-0.26,0.778,0.48,0.545,0.187,-0.203,0.503,0.564,0.584,0.175,-0.17,-0.319,-0.286,0.638,0.575,0.577,0.102
EBAY,-0.168,0.813,0.799,0.77,0.738,0.858,0.59,0.248,0.789,0.193,-0.363,0.001,-0.621,0.505,0.816,0.157,0.786,0.19,0.829,0.728,0.732,1.0,0.294,0.396,0.298,0.788,0.003,0.612,0.471,0.713,-0.598,-0.068,-0.046,0.786,0.708,0.774,0.301,-0.143,0.068,0.456,0.076,0.652,-0.581,0.819,0.55,0.61,0.762,0.517,0.037,0.333,-0.18,0.681,0.543,0.651,0.648,0.287,0.696,0.034,-0.446,0.7,0.787,-0.324,0.771,-0.613,0.798,-0.413,-0.212,-0.115,-0.404,0.792,0.529,0.492,0.708,0.08,0.727,0.567,0.552,0.619,-0.286,0.472,0.049,0.754,0.661,-0.613,0.702,0.385,0.277,0.354,-0.547,0.678,0.412,0.761,-0.119,-0.448,-0.502,-0.576,0.809,0.791,0.603,-0.099
ERIC,-0.263,0.172,0.115,0.22,0.219,0.272,0.527,-0.095,0.312,0.178,0.139,0.492,0.047,-0.119,0.275,-0.242,0.289,0.474,0.308,0.357,0.359,0.294,1.0,0.314,0.39,0.256,0.357,-0.003,0.273,0.229,-0.171,0.359,0.354,0.279,0.286,0.277,-0.228,-0.275,0.259,0.244,-0.026,0.182,-0.34,0.077,0.369,0.049,0.062,0.524,-0.028,0.165,0.151,0.119,0.438,0.177,0.005,-0.124,0.286,0.086,0.472,0.228,0.197,0.04,0.053,-0.182,0.088,0.318,0.202,0.089,0.103,0.38,0.314,0.41,0.39,0.494,0.263,-0.12,0.485,0.11,-0.172,0.283,0.636,0.182,0.179,-0.153,0.222,0.084,0.091,0.165,-0.187,0.293,0.242,0.087,-0.286,-0.202,0.135,-0.041,0.419,0.428,-0.057,0.621
EXC,-0.3,0.413,0.51,0.381,0.39,0.475,0.553,-0.274,0.476,0.215,-0.185,-0.199,0.029,-0.122,0.432,-0.396,0.385,0.089,0.445,0.516,0.114,0.396,0.314,1.0,0.119,0.549,-0.052,0.103,0.251,0.262,-0.346,0.102,0.153,0.31,0.304,0.386,-0.297,-0.448,-0.272,0.063,-0.342,0.719,-0.392,0.449,0.004,0.241,0.305,0.681,-0.394,0.467,-0.296,0.289,0.616,0.211,0.085,-0.007,0.389,-0.246,-0.18,0.379,0.395,-0.207,0.353,-0.337,0.421,-0.08,-0.102,-0.483,-0.28,0.185,0.626,0.57,0.695,-0.074,0.457,0.079,0.21,0.25,-0.595,0.682,-0.013,0.402,0.353,-0.535,0.145,-0.157,0.007,0.653,-0.316,0.461,-0.208,0.531,-0.247,-0.491,-0.176,-0.389,0.448,0.53,0.071,-0.048
FITB,0.32,0.298,0.282,0.474,0.414,0.361,0.333,0.144,0.452,0.246,-0.034,0.303,0.061,0.424,0.194,0.171,0.514,0.399,0.407,0.374,0.643,0.298,0.39,0.119,1.0,0.298,0.423,0.379,0.094,0.452,-0.107,0.186,0.18,0.421,0.62,0.487,0.395,0.125,0.421,0.646,0.084,0.046,-0.039,0.359,0.526,0.538,0.332,0.012,0.492,-0.043,0.092,0.526,0.219,0.592,0.441,0.356,0.561,0.09,-0.013,0.562,0.307,-0.062,0.296,-0.165,0.323,-0.058,0.336,0.362,-0.135,0.466,-0.048,0.054,0.205,0.506,0.368,0.355,0.23,0.577,0.126,0.042,0.348,0.495,0.303,0.094,0.407,0.299,0.524,0.117,0.266,0.255,0.521,0.306,0.412,0.256,0.021,-0.046,0.407,0.261,0.388,0.126
FLEX,-0.124,0.872,0.906,0.725,0.718,0.857,0.606,0.18,0.751,0.062,-0.508,-0.173,-0.54,0.514,0.691,0.101,0.748,0.07,0.813,0.722,0.53,0.788,0.256,0.549,0.298,1.0,0.036,0.669,0.409,0.754,-0.543,0.024,0.08,0.813,0.717,0.78,0.28,-0.242,-0.038,0.416,-0.211,0.781,-0.496,0.863,0.328,0.693,0.691,0.488,0.096,0.289,-0.195,0.704,0.699,0.618,0.491,0.399,0.69,-0.025,-0.393,0.722,0.785,-0.284,0.737,-0.556,0.852,-0.388,-0.207,-0.161,-0.572,0.565,0.454,0.68,0.702,0.06,0.79,0.65,0.358,0.668,-0.336,0.722,-0.051,0.743,0.712,-0.529,0.67,0.13,0.38,0.56,-0.41,0.734,0.436,0.834,-0.086,-0.389,-0.439,-0.561,0.659,0.749,0.569,-0.213
FTNT,0.009,0.061,-0.018,0.07,-0.007,0.135,0.142,0.142,0.117,0.067,0.223,0.274,0.171,0.145,-0.063,0.022,0.114,0.637,0.279,-0.037,0.147,0.003,0.357,-0.052,0.423,0.036,1.0,0.109,0.073,0.037,0.301,0.374,0.391,0.179,0.099,0.06,0.091,0.115,0.219,0.172,-0.17,-0.109,0.202,-0.014,0.243,0.078,-0.022,0.097,0.278,0.063,0.487,0.106,0.293,0.192,0.075,0.231,0.071,0.4,0.391,0.075,0.041,0.295,0.018,0.215,-0.05,0.325,0.658,0.428,0.018,-0.008,0.117,0.185,-0.108,0.475,-0.008,0.026,-0.023,0.086,0.271,0.045,0.487,0.052,-0.065,0.375,0.006,-0.079,0.197,-0.207,0.35,0.005,0.361,-0.043,-0.084,0.355,0.037,0.349,-0.01,-0.088,-0.112,0.395
GEN,0.125,0.721,0.721,0.761,0.639,0.594,0.381,0.422,0.71,-0.054,-0.616,-0.129,-0.651,0.636,0.56,0.416,0.739,-0.058,0.748,0.664,0.568,0.612,-0.003,0.103,0.379,0.669,0.109,1.0,0.233,0.6,-0.487,-0.171,-0.129,0.693,0.733,0.74,0.561,-0.023,0.127,0.385,-0.052,0.413,-0.24,0.703,0.281,0.723,0.741,0.149,0.218,-0.02,-0.099,0.742,0.368,0.703,0.625,0.327,0.704,0.022,-0.477,0.669,0.61,-0.34,0.697,-0.567,0.705,-0.561,-0.123,-0.066,-0.644,0.592,0.192,0.154,0.348,0.026,0.743,0.821,0.295,0.708,-0.13,0.141,-0.2,0.671,0.72,-0.286,0.711,0.318,0.496,0.224,-0.2,0.599,0.631,0.743,0.147,-0.085,-0.602,-0.529,0.496,0.469,0.597,-0.392
GERN,-0.045,0.389,0.435,0.498,0.487,0.363,0.497,0.379,0.546,0.202,-0.011,0.125,-0.247,0.276,0.568,-0.003,0.34,0.258,0.539,0.429,0.382,0.471,0.273,0.251,0.094,0.409,0.073,0.233,1.0,0.432,-0.284,0.269,0.284,0.372,0.315,0.433,0.159,0.323,-0.035,0.141,0.104,0.362,-0.484,0.47,0.324,0.316,0.452,0.42,0.022,0.429,0.167,0.44,0.364,0.458,0.498,0.213,0.387,0.369,0.064,0.483,0.317,0.293,0.45,-0.139,0.432,0.117,-0.229,0.033,-0.219,0.392,0.39,0.393,0.511,0.217,0.395,0.277,0.253,0.342,-0.116,0.299,0.195,0.346,0.345,-0.346,0.449,0.299,0.281,0.214,-0.353,0.386,0.236,0.44,-0.09,-0.434,-0.192,0.045,0.297,0.455,0.342,0.098
GEVO,0.107,0.687,0.655,0.674,0.693,0.726,0.476,0.352,0.659,-0.061,-0.382,-0.068,-0.419,0.585,0.601,0.049,0.682,0.235,0.661,0.637,0.693,0.713,0.229,0.262,0.452,0.754,0.037,0.6,0.432,1.0,-0.517,0.213,0.2,0.723,0.673,0.676,0.334,0.032,0.042,0.487,-0.102,0.511,-0.441,0.761,0.522,0.676,0.672,0.231,0.294,0.257,-0.028,0.74,0.475,0.689,0.66,0.563,0.649,0.189,-0.31,0.723,0.577,-0.079,0.657,-0.418,0.67,-0.185,-0.081,0.005,-0.529,0.608,0.293,0.527,0.549,0.3,0.642,0.55,0.311,0.681,-0.164,0.523,0.04,0.726,0.611,-0.342,0.641,0.238,0.522,0.379,-0.153,0.656,0.567,0.7,0.209,-0.215,-0.34,-0.331,0.541,0.611,0.706,-0.163
GILD,0.184,-0.527,-0.598,-0.652,-0.683,-0.453,-0.43,-0.231,-0.64,0.094,0.668,0.153,0.683,-0.254,-0.709,0.128,-0.613,0.174,-0.461,-0.696,-0.486,-0.598,-0.171,-0.346,-0.107,-0.543,0.301,-0.487,-0.284,-0.517,1.0,0.331,0.32,-0.54,-0.548,-0.618,0.043,0.296,0.051,-0.122,0.125,-0.536,0.625,-0.571,-0.234,-0.592,-0.648,-0.355,0.314,-0.088,0.262,-0.605,-0.231,-0.608,-0.477,0.008,-0.671,0.137,0.464,-0.643,-0.393,0.373,-0.585,0.828,-0.525,0.473,0.455,0.458,0.571,-0.664,-0.336,-0.26,-0.558,0.084,-0.603,-0.417,-0.449,-0.625,0.648,-0.281,0.34,-0.592,-0.691,0.643,-0.658,-0.223,-0.224,-0.252,0.576,-0.666,-0.079,-0.584,0.093,0.589,0.595,0.667,-0.536,-0.521,-0.642,0.354
GOOG,0.133,-0.047,-0.123,-0.106,-0.141,0.066,0.149,0.014,0.009,0.121,0.221,0.021,0.426,-0.119,-0.071,-0.444,-0.047,0.47,0.094,-0.084,0.041,-0.068,0.359,0.102,0.186,0.024,0.374,-0.171,0.269,0.213,0.331,1.0,0.975,0.035,-0.18,-0.144,-0.204,0.086,-0.262,-0.014,-0.341,-0.007,0.003,-0.125,0.101,-0.181,-0.07,0.199,0.144,0.48,0.36,-0.024,0.447,-0.105,0.061,0.323,-0.195,0.295,0.467,-0.035,-0.145,0.595,-0.142,0.469,-0.139,0.506,0.348,0.143,-0.038,-0.17,0.3,0.36,0.112,0.31,-0.007,-0.307,-0.14,-0.162,0.07,0.303,0.527,-0.076,-0.265,0.183,-0.083,-0.344,0.034,0.325,0.365,-0.081,0.118,0.049,0.077,0.156,0.362,0.447,-0.083,-0.013,-0.121,0.465
GOOGL,0.082,-0.018,-0.047,-0.084,-0.134,0.101,0.18,0.011,0.054,0.114,0.193,0.033,0.418,-0.121,-0.045,-0.441,0.003,0.447,0.124,-0.09,0.061,-0.046,0.354,0.153,0.18,0.08,0.391,-0.129,0.284,0.2,0.32,0.975,1.0,0.082,-0.188,-0.11,-0.22,0.058,-0.283,0.011,-0.369,0.059,-0.006,-0.103,0.137,-0.14,-0.028,0.252,0.144,0.508,0.335,0.005,0.524,-0.073,0.03,0.297,-0.159,0.279,0.447,-0.02,-0.082,0.579,-0.118,0.433,-0.098,0.484,0.345,0.127,-0.047,-0.17,0.308,0.428,0.156,0.292,0.074,-0.261,-0.125,-0.123,0.029,0.369,0.508,-0.057,-0.242,0.173,-0.08,-0.362,0.051,0.397,0.322,-0.074,0.101,0.112,0.028,0.128,0.358,0.413,-0.069,-0.001,-0.142,0.442
GT,-0.013,0.836,0.774,0.761,0.778,0.776,0.569,0.377,0.75,0.051,-0.452,0.011,-0.596,0.568,0.761,0.064,0.818,0.191,0.786,0.636,0.698,0.786,0.279,0.31,0.421,0.813,0.179,0.693,0.372,0.723,-0.54,0.035,0.082,1.0,0.689,0.821,0.281,-0.022,0.089,0.482,-0.071,0.648,-0.358,0.743,0.581,0.736,0.76,0.426,0.136,0.231,-0.035,0.812,0.515,0.77,0.636,0.5,0.663,0.203,-0.359,0.78,0.71,-0.165,0.728,-0.497,0.759,-0.399,-0.08,-0.012,-0.566,0.725,0.387,0.497,0.673,0.124,0.712,0.635,0.485,0.755,-0.289,0.484,0.03,0.711,0.617,-0.416,0.757,0.326,0.472,0.334,-0.316,0.63,0.483,0.727,0.055,-0.239,-0.528,-0.385,0.644,0.653,0.578,-0.11
HBAN,0.129,0.768,0.701,0.799,0.817,0.72,0.506,0.31,0.713,0.146,-0.45,0.028,-0.495,0.644,0.644,0.313,0.777,0.116,0.737,0.834,0.685,0.708,0.286,0.304,0.62,0.717,0.099,0.733,0.315,0.673,-0.548,-0.18,-0.188,0.689,1.0,0.82,0.483,-0.068,0.267,0.551,0.016,0.496,-0.441,0.798,0.399,0.777,0.67,0.19,0.191,0.065,-0.12,0.748,0.332,0.765,0.652,0.392,0.839,0.075,-0.406,0.807,0.607,-0.358,0.695,-0.602,0.734,-0.385,-0.096,-0.016,-0.485,0.7,0.202,0.286,0.512,0.222,0.7,0.722,0.396,0.794,-0.162,0.271,-0.035,0.767,0.852,-0.466,0.697,0.38,0.521,0.218,-0.216,0.772,0.574,0.677,0.215,-0.165,-0.549,-0.501,0.693,0.606,0.652,-0.19
HST,-0.002,0.857,0.779,0.899,0.822,0.727,0.641,0.32,0.839,0.146,-0.462,0.04,-0.618,0.585,0.774,0.174,0.864,0.031,0.833,0.758,0.685,0.774,0.277,0.386,0.487,0.78,0.06,0.74,0.433,0.676,-0.618,-0.144,-0.11,0.821,0.82,1.0,0.415,-0.08,0.159,0.432,-0.005,0.644,-0.467,0.802,0.44,0.799,0.802,0.433,0.065,0.232,-0.122,0.847,0.437,0.805,0.662,0.337,0.792,0.026,-0.324,0.807,0.695,-0.28,0.786,-0.688,0.811,-0.451,-0.259,-0.133,-0.564,0.776,0.365,0.404,0.661,0.054,0.744,0.751,0.464,0.806,-0.301,0.392,-0.017,0.722,0.751,-0.542,0.736,0.392,0.508,0.384,-0.422,0.685,0.478,0.776,0.069,-0.398,-0.556,-0.556,0.769,0.736,0.566,-0.269
INTC,0.269,0.38,0.3,0.409,0.315,0.251,-0.019,0.286,0.305,0.122,-0.033,0.148,-0.317,0.752,0.123,0.79,0.347,-0.021,0.411,0.193,0.411,0.301,-0.228,-0.297,0.395,0.28,0.091,0.561,0.159,0.334,0.043,-0.204,-0.22,0.281,0.483,0.415,1.0,0.37,0.423,0.41,0.423,-0.075,0.063,0.451,0.256,0.492,0.37,-0.272,0.616,-0.262,-0.005,0.438,-0.089,0.44,0.462,0.372,0.371,0.088,-0.291,0.38,0.392,-0.165,0.422,-0.106,0.484,-0.337,-0.083,0.467,-0.096,0.327,-0.259,-0.182,-0.066,0.115,0.26,0.687,0.013,0.461,0.602,-0.224,-0.032,0.364,0.304,0.095,0.398,0.465,0.441,-0.118,0.037,0.168,0.69,0.281,0.28,0.191,-0.173,-0.116,0.227,0.229,0.418,-0.231
IOVA,0.508,-0.062,-0.225,0.057,0.037,-0.204,-0.227,0.526,-0.006,0.082,0.264,0.07,0.069,0.293,-0.057,0.274,-0.091,0.095,-0.07,-0.27,0.107,-0.143,-0.275,-0.448,0.125,-0.242,0.115,-0.023,0.323,0.032,0.296,0.086,0.058,-0.022,-0.068,-0.08,0.37,1.0,0.107,0.078,0.339,-0.305,0.281,-0.007,0.191,0.042,0.075,-0.454,0.43,-0.012,0.402,0.129,-0.381,0.156,0.355,0.4,-0.119,0.569,0.086,0.089,-0.264,0.388,0.016,0.441,-0.096,0.121,0.05,0.434,0.142,-0.035,-0.259,-0.305,-0.256,0.147,-0.247,0.193,-0.329,0.067,0.408,-0.329,0.031,-0.111,-0.217,0.344,0.087,0.343,0.372,-0.354,0.357,-0.265,0.17,-0.106,0.46,0.283,-0.015,0.622,-0.352,-0.279,0.173,-0.049
IQ,-0.07,-0.058,-0.041,0.077,0.111,-0.042,-0.051,-0.062,0.055,-0.139,0.349,0.764,-0.077,0.272,-0.115,0.504,0.161,0.251,0.058,0.161,0.354,0.068,0.259,-0.272,0.421,-0.038,0.219,0.127,-0.035,0.042,0.051,-0.262,-0.283,0.089,0.267,0.159,0.423,0.107,1.0,0.484,0.598,-0.333,0.089,-0.002,0.37,0.222,-0.056,-0.146,0.49,-0.534,-0.143,0.106,-0.18,0.243,-0.075,-0.201,0.316,0.106,0.103,0.196,0.265,-0.182,0.013,-0.104,-0.014,0.172,0.133,0.539,0.373,0.311,-0.492,-0.194,-0.175,0.532,0.084,0.152,0.41,0.244,0.481,-0.326,0.35,0.189,0.131,0.211,0.183,0.604,0.268,-0.375,-0.029,0.038,0.435,-0.201,0.001,0.135,0.158,0.06,0.051,0.12,-0.029,0.362
JBLU,0.329,0.345,0.411,0.403,0.453,0.495,0.298,0.146,0.33,0.027,0.027,0.414,-0.127,0.388,0.199,0.296,0.491,0.445,0.34,0.33,0.677,0.456,0.244,0.063,0.646,0.416,0.172,0.385,0.141,0.487,-0.122,-0.014,0.011,0.482,0.551,0.432,0.41,0.078,0.484,1.0,0.331,0.162,-0.163,0.443,0.735,0.451,0.259,-0.007,0.615,-0.059,-0.133,0.363,0.313,0.495,0.338,0.278,0.487,0.092,-0.149,0.465,0.577,-0.169,0.316,-0.232,0.363,-0.122,0.296,0.408,0.034,0.591,-0.099,0.225,0.23,0.594,0.43,0.391,0.557,0.469,0.238,0.215,0.408,0.529,0.29,0.066,0.463,0.449,0.503,0.128,0.074,0.309,0.591,0.295,0.344,0.113,-0.035,-0.164,0.466,0.392,0.332,0.236
JD,0.003,-0.187,-0.111,0.008,-0.027,-0.169,-0.105,-0.023,-0.097,0.088,0.539,0.632,-0.079,0.09,-0.041,0.555,-0.11,0.213,-0.076,-0.082,0.237,0.076,-0.026,-0.342,0.084,-0.211,-0.17,-0.052,0.104,-0.102,0.125,-0.341,-0.369,-0.071,0.016,-0.005,0.423,0.339,0.598,0.331,1.0,-0.356,0.074,-0.043,0.382,-0.105,-0.078,-0.207,0.409,-0.435,-0.084,-0.116,-0.347,0.001,0.019,-0.2,-0.033,0.011,-0.043,-0.055,0.186,-0.161,-0.093,0.046,0.014,-0.091,0.046,0.42,0.581,0.298,-0.425,-0.387,-0.081,0.176,-0.102,0.096,0.347,-0.063,0.507,-0.44,0.186,-0.017,-0.124,0.217,0.083,0.774,0.047,-0.397,-0.126,-0.233,0.215,-0.221,0.033,0.143,0.17,0.039,0.056,0.054,-0.075,0.24
KDP,-0.154,0.738,0.749,0.56,0.682,0.706,0.586,0.044,0.611,0.165,-0.487,-0.314,-0.404,0.182,0.713,-0.233,0.608,-0.048,0.62,0.613,0.3,0.652,0.182,0.719,0.046,0.781,-0.109,0.413,0.362,0.511,-0.536,-0.007,0.059,0.648,0.496,0.644,-0.075,-0.305,-0.333,0.162,-0.356,1.0,-0.488,0.697,0.18,0.478,0.653,0.599,-0.272,0.525,-0.198,0.531,0.633,0.418,0.403,0.274,0.461,-0.151,-0.402,0.539,0.562,-0.208,0.698,-0.435,0.697,-0.356,-0.237,-0.485,-0.541,0.413,0.667,0.617,0.763,-0.23,0.655,0.398,0.293,0.462,-0.584,0.734,-0.16,0.575,0.603,-0.673,0.423,-0.051,0.123,0.676,-0.431,0.714,0.013,0.762,-0.101,-0.525,-0.536,-0.549,0.629,0.651,0.356,-0.32
KHC,0.257,-0.421,-0.496,-0.424,-0.518,-0.491,-0.565,-0.048,-0.492,-0.12,0.319,-0.053,0.312,-0.157,-0.61,0.152,-0.431,-0.059,-0.385,-0.573,-0.411,-0.581,-0.34,-0.392,-0.039,-0.496,0.202,-0.24,-0.484,-0.441,0.625,0.003,-0.006,-0.358,-0.441,-0.467,0.063,0.281,0.089,-0.163,0.074,-0.488,1.0,-0.431,-0.303,-0.315,-0.347,-0.443,0.286,-0.331,0.32,-0.359,-0.477,-0.375,-0.275,0.05,-0.527,0.047,0.242,-0.447,-0.39,0.25,-0.431,0.541,-0.41,0.159,0.254,0.346,0.297,-0.556,-0.397,-0.398,-0.581,-0.036,-0.489,-0.139,-0.489,-0.382,0.419,-0.413,0.015,-0.479,-0.527,0.586,-0.464,-0.109,-0.056,-0.465,0.485,-0.583,-0.083,-0.416,0.218,0.611,0.231,0.465,-0.569,-0.593,-0.375,-0.009
LRCX,0.014,0.866,0.868,0.865,0.859,0.852,0.496,0.341,0.78,0.072,-0.463,-0.198,-0.568,0.661,0.707,0.236,0.782,0.077,0.834,0.742,0.612,0.819,0.077,0.449,0.359,0.863,-0.014,0.703,0.47,0.761,-0.571,-0.125,-0.103,0.743,0.798,0.802,0.451,-0.007,-0.002,0.443,-0.043,0.697,-0.431,1.0,0.365,0.779,0.808,0.342,0.171,0.252,-0.119,0.807,0.461,0.748,0.712,0.509,0.756,0.089,-0.504,0.822,0.715,-0.262,0.871,-0.532,0.889,-0.437,-0.229,-0.109,-0.584,0.634,0.382,0.458,0.642,0.066,0.765,0.777,0.293,0.758,-0.221,0.502,-0.146,0.844,0.776,-0.513,0.685,0.319,0.485,0.392,-0.359,0.761,0.488,0.889,0.089,-0.319,-0.595,-0.519,0.648,0.71,0.72,-0.369
LYFT,0.121,0.308,0.345,0.419,0.477,0.47,0.365,0.243,0.409,0.036,0.105,0.529,-0.171,0.356,0.395,0.091,0.489,0.558,0.376,0.273,0.761,0.55,0.369,0.004,0.526,0.328,0.243,0.281,0.324,0.522,-0.234,0.101,0.137,0.581,0.399,0.44,0.256,0.191,0.37,0.735,0.382,0.18,-0.303,0.365,1.0,0.397,0.378,0.115,0.45,0.068,0.045,0.425,0.321,0.583,0.405,0.301,0.425,0.258,-0.099,0.474,0.558,-0.015,0.346,-0.217,0.352,-0.114,0.32,0.368,0.086,0.693,0.058,0.252,0.363,0.535,0.414,0.258,0.61,0.48,0.132,0.207,0.401,0.508,0.241,0.053,0.467,0.526,0.467,0.098,-0.016,0.311,0.484,0.279,0.211,0.008,-0.102,-0.081,0.501,0.388,0.323,0.33
MARA,0.1,0.744,0.722,0.791,0.8,0.626,0.387,0.427,0.762,-0.012,-0.546,-0.07,-0.522,0.805,0.596,0.234,0.802,-0.049,0.681,0.641,0.632,0.61,0.049,0.241,0.538,0.693,0.078,0.723,0.316,0.676,-0.592,-0.181,-0.14,0.736,0.777,0.799,0.492,0.042,0.222,0.451,-0.105,0.478,-0.315,0.779,0.397,1.0,0.785,0.155,0.197,0.042,-0.088,0.917,0.273,0.932,0.643,0.454,0.86,0.147,-0.435,0.884,0.592,-0.132,0.781,-0.595,0.749,-0.401,-0.26,0.024,-0.624,0.592,0.126,0.288,0.452,0.153,0.709,0.762,0.242,0.97,-0.164,0.297,-0.223,0.751,0.716,-0.395,0.724,0.301,0.56,0.265,-0.239,0.686,0.532,0.708,0.218,-0.233,-0.563,-0.389,0.519,0.516,0.739,-0.393
MCHP,0.061,0.83,0.742,0.856,0.806,0.656,0.492,0.437,0.871,0.115,-0.564,-0.214,-0.654,0.594,0.806,0.126,0.823,-0.023,0.801,0.699,0.632,0.762,0.062,0.305,0.332,0.691,-0.022,0.741,0.452,0.672,-0.648,-0.07,-0.028,0.76,0.67,0.802,0.37,0.075,-0.056,0.259,-0.078,0.653,-0.347,0.808,0.378,0.785,1.0,0.343,0.015,0.26,-0.003,0.878,0.401,0.785,0.805,0.399,0.699,0.082,-0.499,0.818,0.571,-0.154,0.846,-0.546,0.815,-0.53,-0.346,-0.203,-0.638,0.667,0.455,0.273,0.633,-0.069,0.799,0.728,0.254,0.773,-0.352,0.295,-0.247,0.711,0.695,-0.569,0.722,0.317,0.398,0.372,-0.403,0.693,0.391,0.881,0.112,-0.383,-0.68,-0.473,0.617,0.588,0.722,-0.422
MDLZ,-0.514,0.38,0.498,0.387,0.35,0.428,0.645,-0.223,0.526,0.143,-0.096,0.035,-0.2,-0.13,0.55,-0.347,0.383,0.196,0.571,0.486,0.178,0.517,0.524,0.681,0.012,0.488,0.097,0.149,0.42,0.231,-0.355,0.199,0.252,0.426,0.19,0.433,-0.272,-0.454,-0.146,-0.007,-0.207,0.599,-0.443,0.342,0.115,0.155,0.343,1.0,-0.393,0.407,-0.162,0.301,0.616,0.217,0.107,-0.176,0.333,-0.16,0.059,0.336,0.415,-0.054,0.34,-0.342,0.373,0.035,-0.143,-0.377,-0.265,0.327,0.66,0.543,0.717,-0.003,0.464,-0.011,0.471,0.153,-0.489,0.49,0.213,0.34,0.302,-0.547,0.22,-0.032,-0.133,0.505,-0.56,0.357,-0.041,0.45,-0.517,-0.573,-0.081,-0.322,0.486,0.594,0.004,0.172
META,0.37,0.006,0.038,0.075,0.05,0.097,-0.187,0.131,-0.037,-0.078,0.276,0.355,0.038,0.403,-0.23,0.58,0.056,0.372,0.078,-0.087,0.338,0.037,-0.028,-0.394,0.492,0.096,0.278,0.218,0.022,0.294,0.314,0.144,0.144,0.136,0.191,0.065,0.616,0.43,0.49,0.615,0.409,-0.272,0.286,0.171,0.45,0.197,0.015,-0.393,1.0,-0.319,0.167,0.127,-0.042,0.209,0.204,0.37,0.083,0.22,0.041,0.137,0.233,0.073,0.031,0.248,0.104,0.094,0.388,0.705,0.237,0.122,-0.491,-0.097,-0.237,0.516,0.071,0.358,0.041,0.18,0.681,-0.138,0.355,0.197,-0.018,0.534,0.112,0.348,0.477,-0.173,0.392,-0.091,0.629,0.008,0.402,0.524,0.213,0.224,-0.09,-0.024,0.175,0.155
MNST,0.011,0.362,0.221,0.249,0.247,0.383,0.367,0.195,0.281,0.312,-0.151,-0.253,0.008,-0.043,0.374,-0.515,0.308,0.097,0.318,0.156,0.178,0.333,0.165,0.467,-0.043,0.289,0.063,-0.02,0.429,0.257,-0.088,0.48,0.508,0.231,0.065,0.232,-0.262,-0.012,-0.534,-0.059,-0.435,0.525,-0.331,0.252,0.068,0.042,0.26,0.407,-0.319,1.0,0.101,0.184,0.488,0.069,0.298,0.277,0.064,0.245,0.071,0.155,0.076,0.292,0.306,0.017,0.182,0.146,-0.098,-0.352,-0.321,0.134,0.691,0.588,0.431,-0.129,0.182,-0.013,-0.034,0.063,-0.39,0.589,0.182,0.147,0.091,-0.399,0.141,-0.328,0.105,0.503,-0.119,0.233,-0.149,0.395,-0.045,-0.402,-0.16,0.008,0.268,0.305,0.105,0.011
MRNA,0.249,-0.081,-0.307,-0.056,-0.084,-0.16,0.041,0.507,-0.118,0.256,0.133,0.02,0.109,0.108,0.03,-0.055,-0.17,0.261,0.004,-0.301,-0.093,-0.18,0.151,-0.296,0.092,-0.195,0.487,-0.099,0.167,-0.028,0.262,0.36,0.335,-0.035,-0.12,-0.122,-0.005,0.402,-0.143,-0.133,-0.084,-0.198,0.32,-0.119,0.045,-0.088,-0.003,-0.162,0.167,0.101,1.0,-0.064,-0.171,0.015,0.182,0.351,-0.311,0.351,0.556,-0.156,-0.369,0.661,-0.004,0.357,-0.059,0.21,0.223,0.238,0.014,-0.171,0.075,0.037,-0.093,0.093,-0.29,-0.007,-0.307,-0.134,0.203,-0.075,0.292,-0.309,-0.254,0.232,-0.106,-0.06,0.013,-0.409,0.288,-0.13,0.149,-0.153,0.116,0.296,-0.057,0.425,-0.178,-0.321,-0.002,0.14
MRVL,0.111,0.807,0.73,0.881,0.854,0.668,0.466,0.456,0.87,0.019,-0.521,-0.097,-0.532,0.724,0.69,0.116,0.867,0.031,0.785,0.695,0.692,0.681,0.119,0.289,0.526,0.704,0.106,0.742,0.44,0.74,-0.605,-0.024,0.005,0.812,0.748,0.847,0.438,0.129,0.106,0.363,-0.116,0.531,-0.359,0.807,0.425,0.917,0.878,0.301,0.127,0.184,-0.064,1.0,0.356,0.928,0.773,0.514,0.838,0.229,-0.421,0.945,0.552,-0.123,0.812,-0.524,0.747,-0.374,-0.252,-0.05,-0.7,0.668,0.29,0.285,0.562,0.131,0.753,0.726,0.252,0.932,-0.257,0.292,-0.176,0.79,0.707,-0.437,0.779,0.311,0.582,0.351,-0.262,0.664,0.51,0.803,0.208,-0.287,-0.576,-0.31,0.541,0.581,0.749,-0.358
MSFT,-0.198,0.541,0.637,0.405,0.358,0.671,0.647,-0.11,0.574,0.094,-0.214,-0.038,-0.099,0.06,0.445,-0.246,0.515,0.425,0.623,0.508,0.361,0.543,0.438,0.616,0.219,0.699,0.293,0.368,0.364,0.475,-0.231,0.447,0.524,0.515,0.332,0.437,-0.089,-0.381,-0.18,0.313,-0.347,0.633,-0.477,0.461,0.321,0.273,0.401,0.616,-0.042,0.488,-0.171,0.356,1.0,0.288,0.194,0.14,0.409,-0.051,-0.093,0.408,0.602,-0.079,0.362,-0.27,0.481,-0.064,0.19,-0.196,-0.31,0.345,0.635,0.693,0.609,0.221,0.667,0.162,0.365,0.286,-0.343,0.719,0.279,0.498,0.349,-0.304,0.342,-0.145,0.163,0.712,-0.178,0.499,0.224,0.623,-0.234,-0.312,-0.079,-0.331,0.53,0.572,0.146,0.215
MSTR,0.114,0.694,0.678,0.843,0.835,0.623,0.46,0.489,0.81,-0.001,-0.437,0.078,-0.497,0.733,0.657,0.179,0.804,0.154,0.718,0.657,0.727,0.651,0.177,0.211,0.592,0.618,0.192,0.703,0.458,0.689,-0.608,-0.105,-0.073,0.77,0.765,0.805,0.44,0.156,0.243,0.495,0.001,0.418,-0.375,0.748,0.583,0.932,0.785,0.217,0.209,0.069,0.015,0.928,0.288,1.0,0.719,0.452,0.865,0.266,-0.35,0.909,0.571,-0.081,0.753,-0.581,0.689,-0.341,-0.121,0.09,-0.551,0.708,0.191,0.25,0.492,0.295,0.692,0.703,0.369,0.951,-0.17,0.225,-0.092,0.764,0.689,-0.321,0.755,0.429,0.623,0.199,-0.208,0.671,0.559,0.671,0.225,-0.207,-0.564,-0.29,0.553,0.514,0.718,-0.23
MU,0.401,0.669,0.529,0.777,0.736,0.525,0.378,0.624,0.684,0.254,-0.422,-0.208,-0.518,0.624,0.661,0.155,0.66,0.152,0.677,0.553,0.663,0.648,0.005,0.085,0.441,0.491,0.075,0.625,0.498,0.66,-0.477,0.061,0.03,0.636,0.652,0.662,0.462,0.355,-0.075,0.338,0.019,0.403,-0.275,0.712,0.405,0.643,0.805,0.107,0.204,0.298,0.182,0.773,0.194,0.719,1.0,0.599,0.549,0.275,-0.39,0.734,0.348,-0.001,0.704,-0.319,0.617,-0.384,-0.161,-0.022,-0.587,0.65,0.36,0.136,0.457,0.052,0.519,0.649,0.122,0.668,-0.142,0.14,-0.093,0.637,0.531,-0.381,0.708,0.344,0.467,0.131,-0.114,0.506,0.449,0.687,0.402,-0.141,-0.576,-0.218,0.482,0.407,0.809,-0.354
MVIS,0.532,0.485,0.308,0.353,0.429,0.489,0.095,0.531,0.27,0.089,-0.198,-0.28,-0.063,0.629,0.251,0.021,0.347,0.143,0.379,0.116,0.31,0.287,-0.124,-0.007,0.356,0.399,0.231,0.327,0.213,0.563,0.008,0.323,0.297,0.5,0.392,0.337,0.372,0.4,-0.201,0.278,-0.2,0.274,0.05,0.509,0.301,0.454,0.399,-0.176,0.37,0.277,0.351,0.514,0.14,0.452,0.599,1.0,0.179,0.404,-0.174,0.427,0.18,0.262,0.445,0.162,0.423,-0.134,0.146,0.235,-0.439,0.127,0.139,0.281,0.184,0.083,0.188,0.402,-0.271,0.45,0.136,0.339,-0.012,0.388,0.234,0.031,0.341,0.034,0.461,0.147,0.369,0.289,0.41,0.424,0.574,0.296,-0.323,0.151,0.164,0.119,0.508,-0.262
NFLX,-0.093,0.696,0.746,0.83,0.791,0.674,0.489,0.245,0.842,-0.043,-0.454,0.094,-0.478,0.588,0.609,0.203,0.839,0.072,0.715,0.821,0.729,0.696,0.286,0.389,0.561,0.69,0.071,0.704,0.387,0.649,-0.671,-0.195,-0.159,0.663,0.839,0.792,0.371,-0.119,0.316,0.487,-0.033,0.461,-0.527,0.756,0.425,0.86,0.699,0.333,0.083,0.064,-0.311,0.838,0.409,0.865,0.549,0.179,1.0,0.117,-0.404,0.896,0.641,-0.349,0.69,-0.729,0.661,-0.278,-0.196,-0.054,-0.497,0.713,0.215,0.306,0.499,0.323,0.798,0.653,0.464,0.887,-0.262,0.277,-0.094,0.815,0.81,-0.465,0.731,0.355,0.546,0.331,-0.365,0.741,0.51,0.701,0.012,-0.373,-0.474,-0.464,0.611,0.666,0.646,-0.166
NNDM,0.173,0.124,-0.065,0.171,0.163,0.09,-0.133,0.532,0.083,-0.221,0.148,0.154,-0.025,0.296,0.008,-0.012,0.128,0.317,0.114,-0.024,0.257,0.034,0.086,-0.246,0.09,-0.025,0.4,0.022,0.369,0.189,0.137,0.295,0.279,0.203,0.075,0.026,0.088,0.569,0.106,0.092,0.011,-0.151,0.047,0.089,0.258,0.147,0.082,-0.16,0.22,0.245,0.351,0.229,-0.051,0.266,0.275,0.404,0.117,1.0,0.228,0.22,-0.099,0.423,0.057,0.245,-0.11,0.435,0.162,0.412,-0.055,0.079,-0.05,0.146,-0.134,0.45,-0.012,0.143,-0.101,0.197,0.242,-0.021,0.175,0.07,0.036,0.211,0.198,0.089,0.455,-0.244,0.205,0.043,0.331,0.008,0.128,0.134,-0.145,0.597,-0.219,-0.063,0.143,0.244
NVAX,-0.037,-0.421,-0.526,-0.348,-0.434,-0.391,-0.006,-0.018,-0.34,0.037,0.514,0.394,0.465,-0.342,-0.353,-0.265,-0.385,0.282,-0.285,-0.432,-0.259,-0.446,0.472,-0.18,-0.013,-0.393,0.391,-0.477,0.064,-0.31,0.464,0.467,0.447,-0.359,-0.406,-0.324,-0.291,0.086,0.103,-0.149,-0.043,-0.402,0.242,-0.504,-0.099,-0.435,-0.499,0.059,0.041,0.071,0.556,-0.421,-0.093,-0.35,-0.39,-0.174,-0.404,0.228,1.0,-0.427,-0.445,0.608,-0.466,0.418,-0.486,0.701,0.275,0.28,0.389,-0.329,-0.089,0.112,-0.255,0.362,-0.461,-0.458,-0.108,-0.458,0.26,-0.063,0.656,-0.539,-0.5,0.378,-0.364,-0.202,-0.087,-0.251,0.235,-0.415,0.018,-0.496,-0.18,0.145,0.476,0.557,-0.299,-0.244,-0.526,0.604
NVDA,0.095,0.771,0.733,0.873,0.906,0.679,0.513,0.366,0.875,0.022,-0.463,-0.016,-0.488,0.646,0.694,0.087,0.859,0.135,0.765,0.794,0.724,0.7,0.228,0.379,0.562,0.722,0.075,0.669,0.483,0.723,-0.643,-0.035,-0.02,0.78,0.807,0.807,0.38,0.089,0.196,0.465,-0.055,0.539,-0.447,0.822,0.474,0.884,0.818,0.336,0.137,0.155,-0.156,0.945,0.408,0.909,0.734,0.427,0.896,0.22,-0.427,1.0,0.584,-0.179,0.775,-0.54,0.719,-0.311,-0.216,-0.065,-0.599,0.719,0.299,0.317,0.608,0.258,0.792,0.662,0.371,0.922,-0.272,0.329,-0.097,0.85,0.753,-0.483,0.792,0.362,0.58,0.365,-0.276,0.736,0.489,0.778,0.189,-0.35,-0.517,-0.315,0.555,0.64,0.752,-0.209
NWL,-0.201,0.67,0.815,0.611,0.569,0.747,0.479,0.003,0.627,0.014,-0.223,0.158,-0.474,0.472,0.538,0.316,0.646,0.219,0.714,0.612,0.59,0.787,0.197,0.395,0.307,0.785,0.041,0.61,0.317,0.577,-0.393,-0.145,-0.082,0.71,0.607,0.695,0.392,-0.264,0.265,0.577,0.186,0.562,-0.39,0.715,0.558,0.592,0.571,0.415,0.233,0.076,-0.369,0.552,0.602,0.571,0.348,0.18,0.641,-0.099,-0.445,0.584,1.0,-0.39,0.596,-0.553,0.761,-0.404,-0.036,0.06,-0.21,0.642,0.27,0.46,0.563,0.171,0.749,0.567,0.593,0.585,-0.069,0.479,0.054,0.711,0.572,-0.332,0.564,0.387,0.307,0.41,-0.423,0.584,0.49,0.655,-0.126,-0.267,-0.314,-0.591,0.71,0.747,0.368,-0.026
OCGN,0.188,-0.249,-0.324,-0.212,-0.207,-0.262,-0.049,0.364,-0.207,0.07,0.293,0.023,0.339,-0.004,-0.121,-0.311,-0.29,0.237,-0.142,-0.366,-0.183,-0.324,0.04,-0.207,-0.062,-0.284,0.295,-0.34,0.293,-0.079,0.373,0.595,0.579,-0.165,-0.358,-0.28,-0.165,0.388,-0.182,-0.169,-0.161,-0.208,0.25,-0.262,-0.015,-0.132,-0.154,-0.054,0.073,0.292,0.661,-0.123,-0.079,-0.081,-0.001,0.262,-0.349,0.423,0.608,-0.179,-0.39,1.0,-0.164,0.512,-0.242,0.499,0.134,0.186,0.048,-0.347,0.038,0.168,-0.095,0.151,-0.325,-0.269,-0.297,-0.187,0.218,0.052,0.305,-0.363,-0.416,0.215,-0.203,-0.177,-0.078,-0.144,0.3,-0.251,-0.018,-0.221,0.121,0.158,0.196,0.623,-0.36,-0.345,-0.167,0.257
ON,-0.016,0.832,0.728,0.799,0.875,0.732,0.507,0.443,0.76,0.151,-0.537,-0.151,-0.62,0.674,0.763,0.155,0.81,-0.077,0.778,0.651,0.57,0.771,0.053,0.353,0.296,0.737,0.018,0.697,0.45,0.657,-0.585,-0.142,-0.118,0.728,0.695,0.786,0.422,0.016,0.013,0.316,-0.093,0.698,-0.431,0.871,0.346,0.781,0.846,0.34,0.031,0.306,-0.004,0.812,0.362,0.753,0.704,0.445,0.69,0.057,-0.466,0.775,0.596,-0.164,1.0,-0.501,0.839,-0.471,-0.348,-0.198,-0.644,0.636,0.449,0.367,0.6,-0.094,0.694,0.716,0.298,0.757,-0.243,0.406,-0.166,0.738,0.705,-0.583,0.685,0.293,0.371,0.321,-0.427,0.765,0.4,0.8,0.034,-0.442,-0.673,-0.492,0.62,0.651,0.687,-0.43
