,AAL,AAPL,AGNC,AMAT,AMD,AMZN,APA,ARDX,AVGO,AZN,BIDU,BILI,BKR,CAN,CHRD,CMCSA,CPRT,CRWD,CSCO,CSX,DKNG,EBAY,ERIC,EXC,FITB,FLEX,FTNT,GEN,GERN,GEVO,GILD,GOOG,GOOGL,GT,HBAN,HST,INTC,IOVA,IQ,JBLU,JD,KDP,KHC,LRCX,LYFT,MARA,MCHP,MDLZ,META,MNST,MRNA,MRVL,MSFT,MSTR,MU,MVIS,NFLX,NNDM,NVAX,NVDA,NWL,OCGN,ON,OPK,PAA,PACB,PANW,PARA,PDD,PENN,PEP,PLUG,PTEN,PTON,PYPL,QCOM,QVCGA,RIOT,ROKU,RUN,SABR,SBUX,SMCI,SNDL,STNE,TCOM,TLRY,TMUS,TSCO,TSLA,TTD,TXN,UAL,VOD,VTRS,VXRT,WBA,WBD,WDC,ZM
AAL,1.0,0.476,0.532,0.52,0.712,0.859,-0.552,-0.005,0.597,-0.18,0.072,0.263,-0.257,0.817,-0.28,0.715,0.752,0.473,-0.17,0.403,0.571,0.605,0.671,0.152,0.506,0.297,0.032,0.183,0.115,0.659,0.219,0.807,0.827,0.252,0.574,0.439,0.556,0.61,0.504,0.811,-0.12,0.285,0.173,0.652,0.704,0.82,0.6,0.212,0.861,-0.162,0.534,0.362,0.728,0.854,0.549,0.674,0.695,0.754,0.101,0.434,0.425,0.499,-0.063,0.327,-0.193,0.641,-0.252,0.474,-0.139,0.676,0.001,0.35,-0.596,0.393,0.683,0.658,0.542,0.859,0.858,0.624,0.683,0.622,-0.028,0.298,0.804,-0.175,0.657,0.317,0.039,0.247,0.465,0.736,0.92,0.484,0.474,0.685,0.561,-0.132,0.42,0.52
AAPL,0.476,1.0,0.467,0.201,0.209,0.497,-0.039,0.597,0.57,0.45,-0.005,0.123,0.202,0.297,0.276,0.575,0.286,0.501,0.593,0.77,0.676,0.094,0.292,0.545,0.778,0.703,-0.463,-0.298,0.272,0.605,0.764,0.667,0.635,0.711,0.785,0.729,0.173,0.524,0.199,0.444,-0.336,0.779,0.564,0.116,0.304,0.544,0.539,0.44,0.649,-0.413,-0.077,-0.115,0.764,0.412,0.153,0.027,0.686,0.316,-0.482,0.123,0.68,0.094,0.536,0.511,0.353,0.574,0.105,0.667,0.011,0.285,0.703,0.612,-0.339,0.564,0.666,0.359,0.608,0.356,0.318,0.489,0.613,0.789,0.619,0.627,0.375,0.142,0.402,0.669,0.613,0.158,0.736,0.259,0.539,0.025,0.676,0.252,0.274,-0.567,0.136,-0.12
AGNC,0.532,0.467,1.0,0.224,0.439,0.569,-0.115,0.077,0.376,0.104,-0.044,0.076,0.11,0.581,0.077,0.588,0.5,0.44,0.138,0.471,0.501,0.548,0.309,0.598,0.602,0.43,0.159,-0.113,-0.108,0.613,0.368,0.575,0.584,0.46,0.589,0.622,0.598,0.436,0.22,0.652,-0.406,0.462,0.281,0.283,0.38,0.623,0.302,0.463,0.627,0.081,0.06,0.045,0.603,0.512,0.394,0.274,0.698,0.51,-0.227,0.319,0.648,0.112,0.116,0.558,0.17,0.526,-0.089,0.66,-0.172,0.603,0.366,0.347,-0.097,0.303,0.431,0.452,0.507,0.532,0.437,0.554,0.465,0.62,0.096,0.425,0.415,-0.197,0.416,0.399,0.43,0.342,0.471,0.308,0.652,0.387,0.619,0.424,0.519,-0.177,0.611,0.081
AMAT,0.52,0.201,0.224,1.0,0.641,0.511,-0.518,-0.232,0.729,-0.313,-0.004,0.136,-0.334,0.555,-0.436,0.496,0.672,0.065,-0.071,0.106,0.228,0.494,0.518,0.054,0.118,0.054,0.219,0.41,0.117,0.228,0.015,0.555,0.566,-0.046,0.099,0.065,0.577,0.312,0.358,0.462,0.105,0.06,-0.197,0.846,0.303,0.342,0.693,0.151,0.363,0.27,0.571,0.733,0.468,0.485,0.817,0.601,0.329,0.596,0.551,0.744,-0.022,0.297,0.059,-0.012,-0.414,0.164,-0.4,0.184,-0.128,0.527,-0.051,0.042,-0.408,0.179,0.365,0.779,0.008,0.483,0.47,0.169,0.259,0.351,-0.158,0.026,0.526,-0.228,0.362,0.019,-0.222,0.402,0.035,0.687,0.518,0.364,0.045,0.404,0.532,0.339,0.525,0.502
AMD,0.712,0.209,0.439,0.641,1.0,0.831,-0.592,-0.267,0.637,-0.263,0.01,0.187,-0.424,0.705,-0.479,0.643,0.776,0.205,-0.282,0.081,0.407,0.697,0.559,0.156,0.164,0.023,0.262,0.506,0.142,0.453,0.025,0.649,0.665,-0.005,0.182,0.291,0.751,0.482,0.463,0.76,-0.046,-0.05,-0.273,0.784,0.698,0.582,0.542,0.187,0.641,0.185,0.733,0.596,0.54,0.782,0.664,0.807,0.438,0.749,0.401,0.635,0.219,0.362,-0.112,0.089,-0.303,0.326,-0.478,0.309,-0.198,0.713,-0.102,0.053,-0.476,0.146,0.544,0.784,0.339,0.677,0.806,0.497,0.561,0.515,-0.297,0.028,0.538,-0.291,0.499,0.113,-0.172,0.357,0.085,0.754,0.739,0.486,0.197,0.627,0.524,0.237,0.538,0.532
AMZN,0.859,0.497,0.569,0.511,0.831,1.0,-0.582,-0.054,0.666,-0.159,-0.039,0.166,-0.309,0.79,-0.36,0.784,0.802,0.414,-0.114,0.339,0.581,0.715,0.65,0.229,0.416,0.211,0.123,0.346,0.11,0.576,0.291,0.857,0.858,0.198,0.441,0.477,0.683,0.695,0.449,0.85,-0.229,0.244,-0.004,0.663,0.746,0.744,0.604,0.412,0.87,-0.037,0.619,0.412,0.774,0.874,0.538,0.7,0.631,0.75,0.109,0.527,0.471,0.375,-0.064,0.319,-0.183,0.486,-0.387,0.508,-0.237,0.756,0.133,0.223,-0.522,0.374,0.724,0.752,0.587,0.763,0.861,0.61,0.742,0.712,-0.113,0.253,0.679,-0.24,0.595,0.371,0.082,0.383,0.349,0.753,0.871,0.542,0.428,0.696,0.584,-0.01,0.498,0.502
APA,-0.552,-0.039,-0.115,-0.518,-0.592,-0.582,1.0,0.315,-0.432,0.433,0.213,0.056,0.813,-0.601,0.772,-0.493,-0.673,0.215,0.361,0.042,-0.266,-0.406,-0.614,0.193,-0.004,0.171,-0.075,-0.422,0.217,-0.24,0.031,-0.534,-0.563,0.132,0.075,0.07,-0.476,-0.39,-0.249,-0.581,0.137,0.14,0.354,-0.618,-0.568,-0.384,-0.387,-0.056,-0.403,-0.086,-0.648,-0.487,-0.489,-0.552,-0.523,-0.517,-0.223,-0.578,-0.497,-0.55,0.032,-0.145,0.432,0.025,0.62,-0.149,0.772,-0.021,0.404,-0.404,0.303,0.077,0.736,-0.104,-0.263,-0.545,-0.266,-0.537,-0.675,-0.191,-0.312,-0.113,0.399,-0.008,-0.437,0.466,-0.449,0.007,0.274,-0.19,0.02,-0.652,-0.425,-0.643,-0.101,-0.654,-0.521,-0.231,-0.268,-0.666
ARDX,-0.005,0.597,0.077,-0.232,-0.267,-0.054,0.315,1.0,0.087,0.485,0.187,0.198,0.354,-0.226,0.566,0.117,-0.319,0.452,0.645,0.545,0.462,-0.405,-0.093,0.39,0.504,0.631,-0.703,-0.631,0.418,0.346,0.635,0.052,0.017,0.718,0.557,0.55,-0.446,0.247,0.042,-0.039,-0.052,0.506,0.589,-0.47,0.04,0.139,0.08,0.112,0.153,-0.656,-0.466,-0.508,0.151,-0.103,-0.37,-0.366,0.301,-0.195,-0.689,-0.263,0.411,0.054,0.524,0.316,0.707,0.4,0.407,0.439,0.302,-0.188,0.494,0.729,-0.143,0.617,0.287,-0.239,0.469,-0.075,-0.112,0.283,0.31,0.376,0.745,0.649,0.054,0.522,0.322,0.527,0.572,-0.148,0.566,-0.295,0.035,-0.361,0.501,-0.15,-0.15,-0.673,-0.273,-0.419
AVGO,0.597,0.57,0.376,0.729,0.637,0.666,-0.432,0.087,1.0,-0.061,0.11,0.276,-0.211,0.585,-0.227,0.659,0.607,0.336,0.219,0.412,0.483,0.438,0.625,0.249,0.39,0.361,-0.02,0.173,0.18,0.467,0.252,0.762,0.763,0.305,0.396,0.403,0.516,0.457,0.391,0.611,-0.043,0.317,0.089,0.61,0.487,0.534,0.71,0.256,0.591,-0.089,0.45,0.578,0.722,0.584,0.639,0.551,0.575,0.594,0.127,0.579,0.218,0.32,0.262,0.286,-0.145,0.436,-0.286,0.453,-0.037,0.516,0.199,0.348,-0.438,0.339,0.596,0.806,0.297,0.564,0.532,0.448,0.5,0.586,0.188,0.29,0.508,-0.094,0.48,0.447,-0.01,0.162,0.375,0.75,0.618,0.355,0.355,0.534,0.503,-0.024,0.459,0.354
AZN,-0.18,0.45,0.104,-0.313,-0.263,-0.159,0.433,0.485,-0.061,1.0,0.106,0.057,0.425,-0.278,0.605,-0.096,-0.249,0.148,0.488,0.354,0.253,-0.398,-0.417,0.432,0.401,0.477,-0.454,-0.457,0.31,0.12,0.476,-0.127,-0.138,0.564,0.371,0.395,-0.277,-0.005,-0.079,-0.145,-0.051,0.477,0.424,-0.409,-0.235,-0.039,-0.067,0.146,-0.009,-0.209,-0.554,-0.527,0.064,-0.251,-0.271,-0.416,0.134,-0.278,-0.569,-0.324,0.309,-0.097,0.647,0.141,0.569,0.188,0.405,0.221,0.278,-0.248,0.609,0.416,0.115,0.155,0.055,-0.267,0.116,-0.228,-0.254,0.077,0.079,0.299,0.626,0.414,-0.256,0.389,-0.103,0.415,0.538,0.083,0.382,-0.396,-0.067,-0.493,0.213,-0.337,-0.307,-0.466,-0.208,-0.554
BIDU,0.072,-0.005,-0.044,-0.004,0.01,-0.039,0.213,0.187,0.11,0.106,1.0,0.899,0.248,0.112,0.143,0.038,-0.267,0.404,-0.157,-0.014,-0.09,-0.187,-0.119,-0.07,-0.054,0.008,-0.234,-0.106,0.308,0.002,-0.121,-0.02,-0.085,0.034,0.063,0.119,-0.195,-0.176,0.631,0.12,0.725,-0.156,0.275,-0.087,-0.031,-0.016,-0.017,-0.263,0.078,-0.229,-0.011,0.087,-0.137,-0.047,-0.083,0.229,-0.076,-0.191,-0.126,-0.105,-0.185,0.449,0.334,-0.2,0.292,0.096,0.416,0.009,0.865,-0.094,-0.052,0.383,0.159,0.015,0.098,-0.036,-0.161,-0.037,0.029,0.196,0.151,0.151,0.182,0.142,0.123,0.739,0.189,0.148,-0.193,-0.133,0.048,0.119,0.09,-0.346,-0.101,-0.232,-0.188,-0.096,-0.097,-0.193
BILI,0.263,0.123,0.076,0.136,0.187,0.166,0.056,0.198,0.276,0.057,0.899,1.0,0.173,0.311,0.064,0.184,-0.031,0.498,-0.183,0.08,0.064,-0.033,0.012,0.017,0.083,0.115,-0.193,-0.06,0.311,0.159,-0.05,0.218,0.174,0.131,0.177,0.18,-0.03,0.048,0.789,0.251,0.691,-0.078,0.225,0.083,0.126,0.208,0.132,-0.118,0.285,-0.225,0.079,0.246,0.057,0.139,0.105,0.318,0.089,0.026,-0.074,0.107,-0.059,0.579,0.31,-0.081,0.266,0.28,0.275,0.161,0.806,0.125,0.02,0.446,0.002,0.175,0.236,0.179,0.026,0.188,0.245,0.326,0.326,0.303,0.178,0.216,0.232,0.692,0.357,0.315,-0.164,-0.017,0.147,0.28,0.245,-0.216,0.051,-0.018,-0.055,-0.072,0.07,-0.069
BKR,-0.257,0.202,0.11,-0.334,-0.424,-0.309,0.813,0.354,-0.211,0.425,0.248,0.173,1.0,-0.284,0.754,-0.206,-0.448,0.391,0.426,0.203,-0.082,-0.233,-0.445,0.195,0.224,0.342,-0.078,-0.408,0.237,-0.006,0.226,-0.277,-0.289,0.324,0.239,0.321,-0.327,-0.146,-0.033,-0.294,0.06,0.291,0.456,-0.378,-0.435,-0.086,-0.137,0.006,-0.132,-0.142,-0.528,-0.365,-0.265,-0.376,-0.309,-0.388,-0.02,-0.344,-0.461,-0.386,0.183,-0.094,0.577,0.172,0.601,0.056,0.729,0.184,0.396,-0.113,0.385,0.253,0.621,0.017,-0.003,-0.309,-0.09,-0.229,-0.379,-0.04,-0.044,0.125,0.447,0.213,-0.287,0.453,-0.127,0.069,0.45,0.032,0.226,-0.361,-0.109,-0.541,0.129,-0.527,-0.318,-0.283,-0.107,-0.631
CAN,0.817,0.297,0.581,0.555,0.705,0.79,-0.601,-0.226,0.585,-0.278,0.112,0.311,-0.284,1.0,-0.412,0.727,0.735,0.322,-0.267,0.253,0.452,0.589,0.596,0.08,0.344,0.188,0.184,0.232,-0.025,0.547,0.061,0.765,0.774,0.155,0.344,0.252,0.622,0.51,0.563,0.801,-0.114,0.128,0.052,0.654,0.623,0.723,0.479,0.189,0.781,-0.003,0.537,0.461,0.65,0.744,0.604,0.688,0.595,0.707,0.201,0.52,0.308,0.433,-0.061,0.226,-0.287,0.531,-0.396,0.356,-0.137,0.713,-0.087,0.191,-0.457,0.288,0.527,0.713,0.425,0.792,0.84,0.563,0.63,0.483,-0.174,0.275,0.677,-0.229,0.576,0.259,-0.122,0.321,0.296,0.737,0.77,0.505,0.393,0.66,0.636,0.037,0.539,0.504
CHRD,-0.28,0.276,0.077,-0.436,-0.479,-0.36,0.772,0.566,-0.227,0.605,0.143,0.064,0.754,-0.412,1.0,-0.275,-0.48,0.462,0.488,0.449,0.173,-0.429,-0.498,0.262,0.442,0.592,-0.38,-0.63,0.404,0.174,0.431,-0.316,-0.299,0.586,0.372,0.421,-0.515,-0.088,-0.146,-0.319,-0.011,0.417,0.605,-0.579,-0.286,-0.007,-0.206,-0.068,-0.113,-0.349,-0.675,-0.602,-0.17,-0.354,-0.444,-0.456,0.133,-0.369,-0.629,-0.551,0.281,0.002,0.558,0.319,0.827,0.244,0.786,0.309,0.333,-0.291,0.425,0.48,0.432,0.168,0.014,-0.477,0.098,-0.182,-0.419,0.152,0.025,0.137,0.705,0.461,-0.257,0.446,-0.102,0.25,0.57,-0.105,0.478,-0.594,-0.171,-0.562,0.272,-0.402,-0.443,-0.467,-0.271,-0.636
CMCSA,0.715,0.575,0.588,0.496,0.643,0.784,-0.493,0.117,0.659,-0.096,0.038,0.184,-0.206,0.727,-0.275,1.0,0.61,0.352,0.119,0.423,0.606,0.557,0.531,0.419,0.47,0.29,-0.042,0.15,0.04,0.597,0.424,0.825,0.785,0.303,0.522,0.527,0.551,0.677,0.397,0.797,-0.326,0.341,0.233,0.507,0.653,0.684,0.645,0.43,0.802,-0.168,0.513,0.224,0.755,0.751,0.453,0.456,0.609,0.614,-0.076,0.393,0.573,0.235,0.113,0.321,-0.112,0.513,-0.318,0.592,-0.22,0.634,0.245,0.32,-0.484,0.545,0.722,0.709,0.617,0.634,0.771,0.493,0.718,0.716,0.023,0.427,0.636,-0.225,0.519,0.418,0.163,0.227,0.432,0.651,0.752,0.454,0.515,0.576,0.788,-0.18,0.436,0.429
CPRT,0.752,0.286,0.5,0.672,0.776,0.802,-0.673,-0.319,0.607,-0.249,-0.267,-0.031,-0.448,0.735,-0.48,0.61,1.0,0.129,-0.214,0.201,0.408,0.756,0.634,0.132,0.314,0.087,0.379,0.464,-0.136,0.43,0.104,0.72,0.781,0.049,0.289,0.184,0.828,0.545,0.38,0.658,-0.159,0.177,-0.278,0.831,0.585,0.608,0.581,0.405,0.634,0.35,0.578,0.603,0.707,0.719,0.781,0.651,0.525,0.812,0.436,0.681,0.283,0.269,-0.182,0.264,-0.437,0.321,-0.556,0.36,-0.351,0.742,0.052,0.025,-0.494,0.191,0.481,0.815,0.333,0.7,0.735,0.381,0.421,0.487,-0.222,0.034,0.518,-0.422,0.458,0.205,-0.048,0.515,0.205,0.706,0.744,0.602,0.24,0.704,0.591,0.313,0.653,0.597
CRWD,0.473,0.501,0.44,0.065,0.205,0.414,0.215,0.452,0.336,0.148,0.404,0.498,0.391,0.322,0.462,0.352,0.129,1.0,0.132,0.572,0.53,0.228,0.103,0.27,0.63,0.594,-0.123,-0.222,0.447,0.604,0.417,0.45,0.449,0.557,0.658,0.622,0.035,0.424,0.472,0.419,0.11,0.35,0.473,0.021,0.377,0.647,0.325,0.162,0.593,-0.376,-0.045,0.023,0.4,0.417,0.064,0.236,0.596,0.295,-0.401,0.062,0.488,0.553,0.314,0.525,0.559,0.628,0.511,0.628,0.38,0.411,0.323,0.728,-0.013,0.56,0.643,0.161,0.44,0.501,0.315,0.642,0.619,0.621,0.464,0.545,0.398,0.413,0.487,0.462,0.311,0.113,0.684,0.173,0.519,-0.072,0.573,0.252,0.06,-0.347,0.208,-0.066
CSCO,-0.17,0.593,0.138,-0.071,-0.282,-0.114,0.361,0.645,0.219,0.488,-0.157,-0.183,0.426,-0.267,0.488,0.119,-0.214,0.132,1.0,0.524,0.289,-0.319,-0.048,0.447,0.459,0.577,-0.458,-0.503,0.144,0.14,0.568,0.04,0.021,0.524,0.453,0.496,-0.247,0.105,-0.258,-0.187,-0.331,0.69,0.465,-0.345,-0.204,-0.027,0.097,0.293,0.018,-0.342,-0.512,-0.385,0.178,-0.233,-0.248,-0.403,0.238,-0.169,-0.59,-0.158,0.347,-0.371,0.64,0.303,0.434,0.169,0.232,0.304,-0.036,-0.204,0.645,0.399,0.043,0.293,0.116,-0.016,0.273,-0.235,-0.263,0.028,0.049,0.267,0.706,0.376,-0.135,0.164,-0.046,0.396,0.651,-0.047,0.434,-0.306,-0.097,-0.3,0.321,-0.263,-0.004,-0.484,-0.143,-0.427
CSX,0.403,0.77,0.471,0.106,0.081,0.339,0.042,0.545,0.412,0.354,-0.014,0.08,0.203,0.253,0.449,0.423,0.201,0.572,0.524,1.0,0.646,-0.018,0.216,0.404,0.84,0.813,-0.495,-0.498,0.265,0.663,0.633,0.485,0.475,0.754,0.815,0.681,0.047,0.425,0.089,0.37,-0.326,0.687,0.67,-0.031,0.297,0.544,0.361,0.301,0.555,-0.466,-0.263,-0.226,0.658,0.273,0.08,0.014,0.786,0.256,-0.491,0.039,0.69,0.186,0.416,0.611,0.4,0.68,0.278,0.67,-0.013,0.192,0.509,0.639,-0.22,0.573,0.485,0.225,0.623,0.394,0.237,0.588,0.504,0.585,0.68,0.646,0.331,0.159,0.334,0.658,0.648,0.034,0.815,0.045,0.428,0.111,0.726,0.263,0.211,-0.529,0.172,-0.095
DKNG,0.571,0.676,0.501,0.228,0.407,0.581,-0.266,0.462,0.483,0.253,-0.09,0.064,-0.082,0.452,0.173,0.606,0.408,0.53,0.289,0.646,1.0,0.211,0.283,0.418,0.712,0.637,-0.311,-0.157,0.392,0.846,0.587,0.587,0.582,0.744,0.664,0.668,0.147,0.755,0.239,0.552,-0.373,0.492,0.383,0.151,0.748,0.689,0.447,0.255,0.719,-0.386,0.129,-0.097,0.632,0.625,0.196,0.212,0.729,0.555,-0.334,0.146,0.565,0.36,0.241,0.511,0.283,0.727,-0.039,0.714,-0.159,0.498,0.29,0.64,-0.555,0.663,0.7,0.286,0.8,0.611,0.551,0.749,0.762,0.632,0.402,0.681,0.589,-0.067,0.618,0.529,0.343,0.187,0.684,0.259,0.587,0.235,0.748,0.622,0.358,-0.344,0.263,0.098
EBAY,0.605,0.094,0.548,0.494,0.697,0.715,-0.406,-0.405,0.438,-0.398,-0.187,-0.033,-0.233,0.589,-0.429,0.557,0.756,0.228,-0.319,-0.018,0.211,1.0,0.552,0.154,0.102,-0.117,0.669,0.596,-0.232,0.29,-0.021,0.594,0.625,-0.145,0.142,0.215,0.812,0.474,0.275,0.622,-0.202,-0.027,-0.309,0.703,0.483,0.51,0.515,0.427,0.513,0.401,0.677,0.551,0.491,0.724,0.66,0.598,0.384,0.74,0.38,0.56,0.255,0.23,-0.372,0.263,-0.403,0.204,-0.397,0.356,-0.357,0.816,-0.058,-0.163,-0.173,0.109,0.502,0.654,0.15,0.624,0.59,0.246,0.35,0.451,-0.463,-0.109,0.485,-0.484,0.344,0.018,-0.143,0.385,0.006,0.671,0.678,0.624,0.165,0.593,0.625,0.368,0.685,0.607
ERIC,0.671,0.292,0.309,0.518,0.559,0.65,-0.614,-0.093,0.625,-0.417,-0.119,0.012,-0.445,0.596,-0.498,0.531,0.634,0.103,-0.048,0.216,0.283,0.552,1.0,0.068,0.155,0.033,0.163,0.276,-0.252,0.307,-0.024,0.655,0.68,-0.024,0.249,0.191,0.539,0.385,0.206,0.587,-0.186,0.103,-0.104,0.565,0.5,0.462,0.608,0.243,0.503,-0.0,0.54,0.489,0.587,0.594,0.547,0.53,0.409,0.662,0.237,0.492,0.151,0.255,-0.3,0.175,-0.467,0.297,-0.478,0.177,-0.314,0.441,-0.176,0.005,-0.503,0.196,0.354,0.619,0.24,0.574,0.572,0.28,0.298,0.293,-0.211,0.008,0.587,-0.401,0.438,0.132,-0.196,0.084,0.152,0.746,0.587,0.678,0.204,0.571,0.601,0.077,0.398,0.674
EXC,0.152,0.545,0.598,0.054,0.156,0.229,0.193,0.39,0.249,0.432,-0.07,0.017,0.195,0.08,0.262,0.419,0.132,0.27,0.447,0.404,0.418,0.154,0.068,1.0,0.511,0.423,-0.115,-0.303,0.038,0.367,0.473,0.366,0.337,0.451,0.575,0.56,0.271,0.372,0.013,0.251,-0.333,0.567,0.329,-0.05,0.107,0.307,0.277,0.563,0.329,-0.009,-0.169,-0.2,0.399,0.22,0.122,-0.171,0.404,0.17,-0.478,0.122,0.625,0.0,0.291,0.378,0.333,0.324,0.065,0.553,-0.054,0.185,0.643,0.365,-0.037,0.433,0.237,0.216,0.422,0.103,0.03,0.288,0.219,0.536,0.306,0.349,0.161,-0.015,0.085,0.47,0.478,0.2,0.413,0.018,0.254,0.15,0.464,0.104,0.357,-0.351,0.294,-0.087
FITB,0.506,0.778,0.602,0.118,0.164,0.416,-0.004,0.504,0.39,0.401,-0.054,0.083,0.224,0.344,0.442,0.47,0.314,0.63,0.459,0.84,0.712,0.102,0.155,0.511,1.0,0.903,-0.399,-0.417,0.21,0.761,0.713,0.524,0.555,0.794,0.881,0.751,0.134,0.462,0.205,0.458,-0.351,0.754,0.623,0.043,0.319,0.716,0.338,0.285,0.675,-0.377,-0.235,-0.216,0.671,0.372,0.149,0.034,0.823,0.374,-0.505,0.1,0.732,0.159,0.418,0.653,0.429,0.736,0.177,0.664,-0.046,0.297,0.566,0.761,-0.296,0.564,0.594,0.239,0.659,0.523,0.332,0.624,0.572,0.675,0.687,0.692,0.329,0.096,0.401,0.616,0.684,0.163,0.938,0.053,0.523,0.029,0.788,0.295,0.226,-0.544,0.228,-0.14
FLEX,0.297,0.703,0.43,0.054,0.023,0.211,0.171,0.631,0.361,0.477,0.008,0.115,0.342,0.188,0.592,0.29,0.087,0.594,0.577,0.813,0.637,-0.117,0.033,0.423,0.903,1.0,-0.53,-0.545,0.34,0.667,0.66,0.315,0.347,0.846,0.765,0.687,-0.098,0.318,0.119,0.267,-0.268,0.7,0.66,-0.114,0.16,0.549,0.219,0.113,0.499,-0.49,-0.371,-0.294,0.475,0.147,0.03,-0.055,0.729,0.194,-0.543,-0.01,0.578,0.163,0.567,0.601,0.543,0.712,0.269,0.559,0.05,0.128,0.502,0.787,-0.227,0.557,0.475,0.102,0.543,0.377,0.159,0.568,0.492,0.532,0.83,0.733,0.188,0.226,0.352,0.602,0.63,0.047,0.898,-0.099,0.326,-0.178,0.732,0.13,0.071,-0.6,0.084,-0.3
FTNT,0.032,-0.463,0.159,0.219,0.262,0.123,-0.075,-0.703,-0.02,-0.454,-0.234,-0.193,-0.078,0.184,-0.38,-0.042,0.379,-0.123,-0.458,-0.495,-0.311,0.669,0.163,-0.115,-0.399,-0.53,1.0,0.606,-0.393,-0.255,-0.482,0.021,0.077,-0.516,-0.356,-0.353,0.55,-0.021,0.002,0.032,0.012,-0.388,-0.63,0.412,0.011,-0.02,0.062,0.184,-0.129,0.725,0.401,0.527,-0.114,0.182,0.404,0.274,-0.177,0.328,0.519,0.343,-0.212,-0.022,-0.498,-0.076,-0.481,-0.309,-0.24,-0.134,-0.247,0.446,-0.282,-0.551,0.315,-0.349,-0.121,0.264,-0.39,0.127,0.046,-0.247,-0.27,-0.161,-0.668,-0.541,-0.018,-0.458,-0.143,-0.419,-0.436,0.291,-0.46,0.294,0.09,0.375,-0.32,0.196,0.237,0.672,0.517,0.395
GEN,0.183,-0.298,-0.113,0.41,0.506,0.346,-0.422,-0.631,0.173,-0.457,-0.106,-0.06,-0.408,0.232,-0.63,0.15,0.464,-0.222,-0.503,-0.498,-0.157,0.596,0.276,-0.303,-0.417,-0.545,0.606,1.0,-0.218,-0.16,-0.277,0.168,0.184,-0.531,-0.423,-0.323,0.495,0.113,0.178,0.223,0.14,-0.464,-0.657,0.622,0.221,0.001,0.3,0.057,0.077,0.589,0.765,0.63,0.002,0.369,0.461,0.549,-0.176,0.446,0.668,0.448,-0.332,0.086,-0.4,-0.215,-0.581,-0.297,-0.445,-0.195,-0.198,0.428,-0.361,-0.503,-0.092,-0.313,0.211,0.388,-0.288,0.216,0.328,-0.14,0.03,0.05,-0.653,-0.463,0.119,-0.359,0.033,-0.379,-0.52,0.407,-0.462,0.498,0.26,0.273,-0.361,0.293,0.232,0.729,0.413,0.453
GERN,0.115,0.272,-0.108,0.117,0.142,0.11,0.217,0.418,0.18,0.31,0.308,0.311,0.237,-0.025,0.404,0.04,-0.136,0.447,0.144,0.265,0.392,-0.232,-0.252,0.038,0.21,0.34,-0.393,-0.218,1.0,0.259,0.268,0.022,0.003,0.368,0.23,0.344,-0.311,0.238,0.237,0.029,0.241,0.123,0.297,-0.05,0.24,0.173,0.103,-0.209,0.175,-0.409,-0.025,-0.11,0.007,0.126,-0.133,0.139,0.189,-0.061,-0.193,-0.132,0.056,0.365,0.418,-0.019,0.501,0.278,0.382,0.309,0.349,0.064,0.15,0.431,-0.189,0.281,0.284,-0.068,0.241,0.106,0.077,0.341,0.402,0.238,0.404,0.352,0.219,0.472,0.236,0.209,0.118,-0.012,0.275,-0.032,0.108,-0.376,0.205,-0.021,-0.254,-0.217,-0.213,-0.254
GEVO,0.659,0.605,0.613,0.228,0.453,0.576,-0.24,0.346,0.467,0.12,0.002,0.159,-0.006,0.547,0.174,0.597,0.43,0.604,0.14,0.663,0.846,0.29,0.307,0.367,0.761,0.667,-0.255,-0.16,0.259,1.0,0.469,0.595,0.602,0.679,0.692,0.653,0.237,0.633,0.293,0.662,-0.327,0.415,0.455,0.242,0.717,0.805,0.417,0.088,0.779,-0.32,0.146,-0.016,0.632,0.641,0.318,0.304,0.815,0.576,-0.224,0.185,0.596,0.416,0.213,0.641,0.278,0.778,0.032,0.663,-0.133,0.545,0.154,0.658,-0.456,0.582,0.701,0.337,0.758,0.717,0.608,0.866,0.77,0.611,0.355,0.614,0.554,-0.059,0.617,0.518,0.335,0.165,0.747,0.334,0.679,0.27,0.85,0.644,0.348,-0.33,0.391,0.113
GILD,0.219,0.764,0.368,0.015,0.025,0.291,0.031,0.635,0.252,0.476,-0.121,-0.05,0.226,0.061,0.431,0.424,0.104,0.417,0.568,0.633,0.587,-0.021,-0.024,0.473,0.713,0.66,-0.482,-0.277,0.268,0.469,1.0,0.374,0.37,0.732,0.601,0.656,-0.044,0.452,0.094,0.266,-0.362,0.711,0.532,-0.096,0.16,0.375,0.35,0.433,0.428,-0.369,-0.183,-0.349,0.49,0.197,-0.078,-0.135,0.523,0.148,-0.526,-0.016,0.627,-0.099,0.468,0.518,0.504,0.426,0.16,0.675,-0.043,0.14,0.688,0.578,-0.208,0.496,0.572,0.087,0.553,0.216,0.179,0.318,0.521,0.685,0.595,0.768,0.125,0.148,0.39,0.488,0.787,0.285,0.672,-0.091,0.36,-0.13,0.582,0.068,0.123,-0.493,-0.02,-0.255
GOOG,0.807,0.667,0.575,0.555,0.649,0.857,-0.534,0.052,0.762,-0.127,-0.02,0.218,-0.277,0.765,-0.316,0.825,0.72,0.45,0.04,0.485,0.587,0.594,0.655,0.366,0.524,0.315,0.021,0.168,0.022,0.595,0.374,1.0,0.98,0.292,0.565,0.46,0.624,0.672,0.427,0.787,-0.265,0.406,0.164,0.592,0.626,0.77,0.712,0.49,0.848,-0.136,0.483,0.434,0.909,0.827,0.556,0.504,0.703,0.716,-0.027,0.548,0.536,0.365,0.019,0.413,-0.157,0.563,-0.324,0.581,-0.182,0.686,0.297,0.323,-0.491,0.523,0.726,0.769,0.562,0.727,0.73,0.544,0.686,0.745,0.036,0.354,0.695,-0.209,0.539,0.5,0.115,0.265,0.469,0.749,0.784,0.542,0.525,0.702,0.659,-0.16,0.497,0.48
GOOGL,0.827,0.635,0.584,0.566,0.665,0.858,-0.563,0.017,0.763,-0.138,-0.085,0.174,-0.289,0.774,-0.299,0.785,0.781,0.449,0.021,0.475,0.582,0.625,0.68,0.337,0.555,0.347,0.077,0.184,0.003,0.602,0.37,0.98,1.0,0.305,0.564,0.449,0.642,0.669,0.418,0.777,-0.265,0.414,0.118,0.626,0.624,0.814,0.69,0.452,0.833,-0.088,0.486,0.463,0.903,0.823,0.595,0.533,0.715,0.768,0.024,0.565,0.499,0.367,-0.024,0.437,-0.179,0.584,-0.364,0.565,-0.222,0.694,0.27,0.329,-0.511,0.486,0.701,0.78,0.535,0.783,0.731,0.542,0.641,0.711,0.046,0.333,0.658,-0.247,0.547,0.469,0.116,0.294,0.504,0.749,0.795,0.546,0.515,0.732,0.654,-0.117,0.518,0.485
GT,0.252,0.711,0.46,-0.046,-0.005,0.198,0.132,0.718,0.305,0.564,0.034,0.131,0.324,0.155,0.586,0.303,0.049,0.557,0.524,0.754,0.744,-0.145,-0.024,0.451,0.794,0.846,-0.516,-0.531,0.368,0.679,0.732,0.292,0.305,1.0,0.719,0.666,-0.12,0.406,0.137,0.258,-0.255,0.59,0.615,-0.195,0.265,0.467,0.226,0.177,0.435,-0.493,-0.352,-0.361,0.43,0.157,-0.031,-0.141,0.669,0.199,-0.589,-0.066,0.563,0.132,0.542,0.531,0.638,0.707,0.298,0.715,0.133,0.158,0.49,0.775,-0.2,0.56,0.481,0.021,0.6,0.339,0.163,0.578,0.52,0.569,0.725,0.859,0.165,0.276,0.476,0.569,0.632,0.09,0.772,-0.093,0.346,-0.145,0.765,0.186,0.024,-0.559,0.111,-0.335
HBAN,0.574,0.785,0.589,0.099,0.182,0.441,0.075,0.557,0.396,0.371,0.063,0.177,0.239,0.344,0.372,0.522,0.289,0.658,0.453,0.815,0.664,0.142,0.249,0.575,0.881,0.765,-0.356,-0.423,0.23,0.692,0.601,0.565,0.564,0.719,1.0,0.737,0.194,0.482,0.249,0.449,-0.259,0.708,0.614,0.056,0.341,0.677,0.409,0.373,0.68,-0.414,-0.21,-0.195,0.679,0.42,0.161,0.03,0.787,0.358,-0.557,0.091,0.768,0.202,0.405,0.545,0.424,0.755,0.257,0.68,0.064,0.276,0.553,0.708,-0.288,0.609,0.586,0.297,0.667,0.465,0.35,0.579,0.543,0.709,0.596,0.567,0.409,0.206,0.345,0.608,0.587,0.073,0.832,0.134,0.565,0.056,0.719,0.277,0.249,-0.58,0.245,-0.034
HST,0.439,0.729,0.622,0.065,0.291,0.477,0.07,0.55,0.403,0.395,0.119,0.18,0.321,0.252,0.421,0.527,0.184,0.622,0.496,0.681,0.668,0.215,0.191,0.56,0.751,0.687,-0.353,-0.323,0.344,0.653,0.656,0.46,0.449,0.666,0.737,1.0,0.14,0.527,0.22,0.531,-0.302,0.607,0.534,0.024,0.367,0.603,0.399,0.324,0.59,-0.378,-0.091,-0.222,0.544,0.408,0.082,0.091,0.631,0.32,-0.516,0.028,0.679,0.148,0.43,0.497,0.503,0.612,0.226,0.688,0.046,0.366,0.538,0.654,-0.208,0.513,0.615,0.218,0.614,0.425,0.339,0.567,0.612,0.737,0.503,0.599,0.35,0.147,0.429,0.526,0.651,0.15,0.694,0.15,0.532,0.027,0.645,0.189,0.236,-0.494,0.171,-0.135
INTC,0.556,0.173,0.598,0.577,0.751,0.683,-0.476,-0.446,0.516,-0.277,-0.195,-0.03,-0.327,0.622,-0.515,0.551,0.828,0.035,-0.247,0.047,0.147,0.812,0.539,0.271,0.134,-0.098,0.55,0.495,-0.311,0.237,-0.044,0.624,0.642,-0.12,0.194,0.14,1.0,0.328,0.28,0.644,-0.178,0.033,-0.374,0.774,0.387,0.437,0.521,0.479,0.479,0.493,0.547,0.613,0.586,0.615,0.76,0.568,0.393,0.682,0.409,0.697,0.328,0.066,-0.205,0.142,-0.434,0.14,-0.488,0.267,-0.303,0.685,0.084,-0.179,-0.188,0.013,0.353,0.801,0.159,0.505,0.571,0.22,0.237,0.465,-0.416,-0.152,0.329,-0.441,0.228,0.059,-0.071,0.454,-0.028,0.676,0.627,0.611,0.127,0.508,0.576,0.333,0.738,0.544
IOVA,0.61,0.524,0.436,0.312,0.482,0.695,-0.39,0.247,0.457,-0.005,-0.176,0.048,-0.146,0.51,-0.088,0.677,0.545,0.424,0.105,0.425,0.755,0.474,0.385,0.372,0.462,0.318,-0.021,0.113,0.238,0.633,0.452,0.672,0.669,0.406,0.482,0.527,0.328,1.0,0.304,0.584,-0.292,0.355,0.099,0.349,0.694,0.635,0.57,0.434,0.679,-0.106,0.378,0.139,0.618,0.689,0.357,0.294,0.563,0.624,-0.063,0.319,0.521,0.398,0.009,0.406,0.014,0.539,-0.166,0.667,-0.255,0.659,0.227,0.31,-0.559,0.613,0.677,0.46,0.716,0.607,0.614,0.529,0.671,0.609,0.049,0.39,0.584,-0.164,0.605,0.438,0.241,0.384,0.404,0.448,0.602,0.455,0.571,0.689,0.55,-0.051,0.432,0.399
IQ,0.504,0.199,0.22,0.358,0.463,0.449,-0.249,0.042,0.391,-0.079,0.631,0.789,-0.033,0.563,-0.146,0.397,0.38,0.472,-0.258,0.089,0.239,0.275,0.206,0.013,0.205,0.119,0.002,0.178,0.237,0.293,0.094,0.427,0.418,0.137,0.249,0.22,0.28,0.304,1.0,0.448,0.578,-0.014,-0.002,0.391,0.365,0.382,0.373,0.104,0.495,-0.021,0.293,0.433,0.281,0.389,0.373,0.518,0.263,0.343,0.148,0.372,0.068,0.543,0.201,-0.012,0.072,0.289,-0.004,0.302,0.559,0.434,0.038,0.379,-0.254,0.218,0.443,0.445,0.19,0.402,0.542,0.401,0.517,0.461,0.056,0.229,0.353,0.46,0.557,0.299,-0.104,0.3,0.203,0.461,0.489,0.02,0.148,0.219,0.142,0.127,0.296,0.219
JBLU,0.811,0.444,0.652,0.462,0.76,0.85,-0.581,-0.039,0.611,-0.145,0.12,0.251,-0.294,0.801,-0.319,0.797,0.658,0.419,-0.187,0.37,0.552,0.622,0.587,0.251,0.458,0.267,0.032,0.223,0.029,0.662,0.266,0.787,0.777,0.258,0.449,0.531,0.644,0.584,0.448,1.0,-0.237,0.144,0.112,0.587,0.704,0.788,0.601,0.219,0.811,-0.104,0.581,0.321,0.742,0.83,0.541,0.645,0.66,0.707,0.066,0.452,0.515,0.389,-0.074,0.291,-0.149,0.56,-0.301,0.47,-0.173,0.679,0.026,0.311,-0.491,0.393,0.701,0.634,0.528,0.808,0.821,0.631,0.704,0.686,-0.125,0.353,0.644,-0.222,0.594,0.311,0.08,0.272,0.397,0.734,0.839,0.54,0.504,0.642,0.601,-0.122,0.502,0.478
JD,-0.12,-0.336,-0.406,0.105,-0.046,-0.229,0.137,-0.052,-0.043,-0.051,0.725,0.691,0.06,-0.114,-0.011,-0.326,-0.159,0.11,-0.331,-0.326,-0.373,-0.202,-0.186,-0.333,-0.351,-0.268,0.012,0.14,0.241,-0.327,-0.362,-0.265,-0.265,-0.255,-0.259,-0.302,-0.178,-0.292,0.578,-0.237,1.0,-0.392,-0.237,0.051,-0.231,-0.292,-0.06,-0.293,-0.266,0.146,0.007,0.353,-0.377,-0.267,0.054,0.2,-0.374,-0.224,0.308,0.1,-0.534,0.411,0.151,-0.434,0.081,-0.24,0.277,-0.27,0.822,-0.181,-0.207,0.068,0.149,-0.195,-0.181,-0.038,-0.463,-0.223,-0.143,-0.136,-0.191,-0.153,-0.014,-0.23,-0.136,0.685,0.039,-0.116,-0.406,0.052,-0.283,0.02,-0.15,-0.366,-0.451,-0.3,-0.372,0.333,-0.094,-0.056
KDP,0.285,0.779,0.462,0.06,-0.05,0.244,0.14,0.506,0.317,0.477,-0.156,-0.078,0.291,0.128,0.417,0.341,0.177,0.35,0.69,0.687,0.492,-0.027,0.103,0.567,0.754,0.7,-0.388,-0.464,0.123,0.415,0.711,0.406,0.414,0.59,0.708,0.607,0.033,0.355,-0.014,0.144,-0.392,1.0,0.629,-0.064,0.029,0.372,0.217,0.473,0.424,-0.255,-0.361,-0.269,0.555,0.139,0.002,-0.143,0.542,0.088,-0.521,-0.013,0.585,-0.068,0.526,0.609,0.364,0.443,0.15,0.522,-0.094,0.073,0.772,0.52,-0.169,0.413,0.329,0.177,0.489,0.145,0.065,0.314,0.306,0.524,0.677,0.509,0.224,0.067,0.186,0.606,0.733,0.181,0.7,-0.075,0.313,-0.074,0.525,0.098,0.206,-0.551,0.009,-0.269
KHC,0.173,0.564,0.281,-0.197,-0.273,-0.004,0.354,0.589,0.089,0.424,0.275,0.225,0.456,0.052,0.605,0.233,-0.278,0.473,0.465,0.67,0.383,-0.309,-0.104,0.329,0.623,0.66,-0.63,-0.657,0.297,0.455,0.532,0.164,0.118,0.615,0.614,0.534,-0.374,0.099,-0.002,0.112,-0.237,0.629,1.0,-0.361,0.033,0.283,-0.007,-0.0,0.344,-0.644,-0.402,-0.548,0.241,0.022,-0.313,-0.207,0.44,-0.172,-0.695,-0.441,0.455,0.109,0.505,0.444,0.552,0.532,0.484,0.431,0.173,-0.159,0.395,0.594,0.021,0.385,0.258,-0.187,0.411,0.116,-0.003,0.396,0.355,0.334,0.678,0.648,0.246,0.316,0.138,0.51,0.545,-0.262,0.676,-0.188,0.19,-0.263,0.523,-0.087,-0.012,-0.712,-0.231,-0.413
LRCX,0.652,0.116,0.283,0.846,0.784,0.663,-0.618,-0.47,0.61,-0.409,-0.087,0.083,-0.378,0.654,-0.579,0.507,0.831,0.021,-0.345,-0.031,0.151,0.703,0.565,-0.05,0.043,-0.114,0.412,0.622,-0.05,0.242,-0.096,0.592,0.626,-0.195,0.056,0.024,0.774,0.349,0.391,0.587,0.051,-0.064,-0.361,1.0,0.413,0.435,0.644,0.151,0.457,0.432,0.733,0.785,0.499,0.616,0.887,0.715,0.278,0.72,0.698,0.718,0.017,0.308,-0.134,-0.005,-0.55,0.154,-0.498,0.137,-0.22,0.651,-0.144,-0.138,-0.409,0.026,0.415,0.83,0.034,0.609,0.653,0.194,0.3,0.36,-0.403,-0.16,0.481,-0.349,0.353,-0.078,-0.283,0.482,-0.055,0.814,0.655,0.472,-0.02,0.52,0.523,0.447,0.584,0.578
LYFT,0.704,0.304,0.38,0.303,0.698,0.746,-0.568,0.04,0.487,-0.235,-0.031,0.126,-0.435,0.623,-0.286,0.653,0.585,0.377,-0.204,0.297,0.748,0.483,0.5,0.107,0.319,0.16,0.011,0.221,0.24,0.717,0.16,0.626,0.624,0.265,0.341,0.367,0.387,0.694,0.365,0.704,-0.231,0.029,0.033,0.413,1.0,0.668,0.41,0.107,0.72,-0.214,0.576,0.224,0.549,0.83,0.311,0.571,0.545,0.667,0.074,0.239,0.347,0.463,-0.198,0.292,-0.102,0.517,-0.318,0.483,-0.255,0.623,-0.152,0.284,-0.612,0.418,0.634,0.455,0.692,0.71,0.79,0.721,0.722,0.429,-0.101,0.291,0.668,-0.262,0.616,0.316,-0.083,0.065,0.328,0.573,0.656,0.526,0.487,0.813,0.441,-0.016,0.329,0.479
MARA,0.82,0.544,0.623,0.342,0.582,0.744,-0.384,0.139,0.534,-0.039,-0.016,0.208,-0.086,0.723,-0.007,0.684,0.608,0.647,-0.027,0.544,0.689,0.51,0.462,0.307,0.716,0.549,-0.02,0.001,0.173,0.805,0.375,0.77,0.814,0.467,0.677,0.603,0.437,0.635,0.382,0.788,-0.292,0.372,0.283,0.435,0.668,1.0,0.493,0.197,0.843,-0.251,0.331,0.203,0.744,0.803,0.429,0.456,0.79,0.723,-0.134,0.348,0.595,0.448,-0.004,0.554,0.097,0.794,-0.114,0.558,-0.162,0.666,0.177,0.556,-0.464,0.582,0.719,0.503,0.635,0.903,0.729,0.699,0.719,0.659,0.168,0.458,0.618,-0.15,0.555,0.391,0.208,0.213,0.703,0.535,0.772,0.353,0.695,0.696,0.49,-0.291,0.426,0.309
MCHP,0.6,0.539,0.302,0.693,0.542,0.604,-0.387,0.08,0.71,-0.067,-0.017,0.132,-0.137,0.479,-0.206,0.645,0.581,0.325,0.097,0.361,0.447,0.515,0.608,0.277,0.338,0.219,0.062,0.3,0.103,0.417,0.35,0.712,0.69,0.226,0.409,0.399,0.521,0.57,0.373,0.601,-0.06,0.217,-0.007,0.644,0.41,0.493,1.0,0.432,0.528,0.032,0.476,0.485,0.652,0.584,0.68,0.358,0.466,0.643,0.179,0.574,0.385,0.352,0.144,0.178,-0.157,0.348,-0.116,0.468,-0.072,0.575,0.188,0.199,-0.4,0.447,0.678,0.668,0.258,0.548,0.541,0.234,0.504,0.671,-0.023,0.262,0.517,-0.145,0.468,0.209,0.049,0.408,0.267,0.697,0.649,0.414,0.309,0.411,0.529,0.056,0.478,0.54
MDLZ,0.212,0.44,0.463,0.151,0.187,0.412,-0.056,0.112,0.256,0.146,-0.263,-0.118,0.006,0.189,-0.068,0.43,0.405,0.162,0.293,0.301,0.255,0.427,0.243,0.563,0.285,0.113,0.184,0.057,-0.209,0.088,0.433,0.49,0.452,0.177,0.373,0.324,0.479,0.434,0.104,0.219,-0.293,0.473,-0.0,0.151,0.107,0.197,0.432,1.0,0.324,0.188,-0.022,0.085,0.498,0.266,0.221,-0.051,0.317,0.298,-0.2,0.373,0.556,-0.087,0.071,0.364,0.039,0.108,-0.136,0.516,-0.156,0.403,0.65,0.014,-0.006,0.359,0.297,0.396,0.322,0.097,0.204,0.006,0.239,0.553,0.011,0.167,0.144,-0.137,0.147,0.358,0.41,0.42,0.136,0.153,0.305,0.322,0.251,0.185,0.375,-0.002,0.377,0.205
META,0.861,0.649,0.627,0.363,0.641,0.87,-0.403,0.153,0.591,-0.009,0.078,0.285,-0.132,0.781,-0.113,0.802,0.634,0.593,0.018,0.555,0.719,0.513,0.503,0.329,0.675,0.499,-0.129,0.077,0.175,0.779,0.428,0.848,0.833,0.435,0.68,0.59,0.479,0.679,0.495,0.811,-0.266,0.424,0.344,0.457,0.72,0.843,0.528,0.324,1.0,-0.262,0.376,0.185,0.788,0.818,0.406,0.527,0.793,0.652,-0.169,0.348,0.617,0.431,0.133,0.494,0.05,0.703,-0.166,0.607,-0.129,0.664,0.224,0.486,-0.519,0.521,0.789,0.595,0.742,0.773,0.828,0.775,0.863,0.756,0.183,0.482,0.7,-0.08,0.59,0.548,0.223,0.26,0.644,0.584,0.841,0.358,0.675,0.647,0.511,-0.264,0.445,0.321
MNST,-0.162,-0.413,0.081,0.27,0.185,-0.037,-0.086,-0.656,-0.089,-0.209,-0.229,-0.225,-0.142,-0.003,-0.349,-0.168,0.35,-0.376,-0.342,-0.466,-0.386,0.401,-0.0,-0.009,-0.377,-0.49,0.725,0.589,-0.409,-0.32,-0.369,-0.136,-0.088,-0.493,-0.414,-0.378,0.493,-0.106,-0.021,-0.104,0.146,-0.255,-0.644,0.432,-0.214,-0.251,0.032,0.188,-0.262,1.0,0.21,0.487,-0.158,-0.098,0.499,0.14,-0.307,0.156,0.647,0.405,-0.281,-0.125,-0.238,-0.118,-0.423,-0.486,-0.245,-0.226,-0.14,0.218,-0.097,-0.538,0.245,-0.462,-0.288,0.216,-0.461,-0.139,-0.116,-0.324,-0.403,-0.181,-0.523,-0.563,-0.242,-0.3,-0.251,-0.358,-0.271,0.569,-0.485,0.122,-0.047,0.188,-0.415,0.009,0.087,0.798,0.518,0.171
MRNA,0.534,-0.077,0.06,0.571,0.733,0.619,-0.648,-0.466,0.45,-0.554,-0.011,0.079,-0.528,0.537,-0.675,0.513,0.578,-0.045,-0.512,-0.263,0.129,0.677,0.54,-0.169,-0.235,-0.371,0.401,0.765,-0.025,0.146,-0.183,0.483,0.486,-0.352,-0.21,-0.091,0.547,0.378,0.293,0.581,0.007,-0.361,-0.402,0.733,0.576,0.331,0.476,-0.022,0.376,0.21,1.0,0.62,0.28,0.711,0.527,0.763,0.098,0.63,0.587,0.441,-0.143,0.34,-0.448,-0.158,-0.611,0.045,-0.545,0.033,-0.283,0.557,-0.44,-0.286,-0.412,-0.02,0.43,0.576,0.023,0.555,0.623,0.179,0.318,0.22,-0.603,-0.208,0.531,-0.441,0.332,-0.209,-0.526,0.172,-0.239,0.79,0.533,0.539,-0.094,0.593,0.562,0.422,0.357,0.678
MRVL,0.362,-0.115,0.045,0.733,0.596,0.412,-0.487,-0.508,0.578,-0.527,0.087,0.246,-0.365,0.461,-0.602,0.224,0.603,0.023,-0.385,-0.226,-0.097,0.551,0.489,-0.2,-0.216,-0.294,0.527,0.63,-0.11,-0.016,-0.349,0.434,0.463,-0.361,-0.195,-0.222,0.613,0.139,0.433,0.321,0.353,-0.269,-0.548,0.785,0.224,0.203,0.485,0.085,0.185,0.487,0.62,1.0,0.258,0.382,0.754,0.629,0.055,0.507,0.718,0.787,-0.289,0.338,-0.196,-0.071,-0.511,-0.068,-0.39,-0.056,0.038,0.504,-0.242,-0.201,-0.175,-0.101,0.179,0.695,-0.225,0.361,0.377,0.037,0.075,0.109,-0.424,-0.338,0.252,-0.164,0.226,-0.12,-0.515,0.34,-0.244,0.733,0.336,0.392,-0.178,0.428,0.326,0.61,0.551,0.535
MSFT,0.728,0.764,0.603,0.468,0.54,0.774,-0.489,0.151,0.722,0.064,-0.137,0.057,-0.265,0.65,-0.17,0.755,0.707,0.4,0.178,0.658,0.632,0.491,0.587,0.399,0.671,0.475,-0.114,0.002,0.007,0.632,0.49,0.909,0.903,0.43,0.679,0.544,0.586,0.618,0.281,0.742,-0.377,0.555,0.241,0.499,0.549,0.744,0.652,0.498,0.788,-0.158,0.28,0.258,1.0,0.712,0.528,0.362,0.779,0.636,-0.103,0.473,0.642,0.236,0.102,0.514,-0.077,0.601,-0.276,0.616,-0.24,0.563,0.435,0.399,-0.518,0.536,0.686,0.686,0.592,0.656,0.623,0.535,0.628,0.741,0.218,0.427,0.58,-0.206,0.465,0.581,0.306,0.243,0.608,0.585,0.72,0.496,0.593,0.647,0.574,-0.286,0.43,0.37
MSTR,0.854,0.412,0.512,0.485,0.782,0.874,-0.552,-0.103,0.584,-0.251,-0.047,0.139,-0.376,0.744,-0.354,0.751,0.719,0.417,-0.233,0.273,0.625,0.724,0.594,0.22,0.372,0.147,0.182,0.369,0.126,0.641,0.197,0.827,0.823,0.157,0.42,0.408,0.615,0.689,0.389,0.83,-0.267,0.139,0.022,0.616,0.83,0.803,0.584,0.266,0.818,-0.098,0.711,0.382,0.712,1.0,0.494,0.68,0.638,0.81,0.105,0.414,0.424,0.445,-0.238,0.303,-0.218,0.561,-0.348,0.49,-0.289,0.764,-0.026,0.2,-0.53,0.402,0.746,0.623,0.541,0.84,0.816,0.618,0.709,0.631,-0.203,0.218,0.796,-0.353,0.541,0.247,-0.083,0.197,0.324,0.734,0.822,0.572,0.458,0.811,0.606,-0.031,0.477,0.589
MU,0.549,0.153,0.394,0.817,0.664,0.538,-0.523,-0.37,0.639,-0.271,-0.083,0.105,-0.309,0.604,-0.444,0.453,0.781,0.064,-0.248,0.08,0.196,0.66,0.547,0.122,0.149,0.03,0.404,0.461,-0.133,0.318,-0.078,0.556,0.595,-0.031,0.161,0.082,0.76,0.357,0.373,0.541,0.054,0.002,-0.313,0.887,0.311,0.429,0.68,0.221,0.406,0.499,0.527,0.754,0.528,0.494,1.0,0.52,0.36,0.693,0.615,0.785,0.075,0.32,-0.058,0.139,-0.435,0.234,-0.39,0.235,-0.161,0.622,-0.079,-0.019,-0.359,0.106,0.343,0.776,0.019,0.566,0.516,0.214,0.243,0.354,-0.281,-0.069,0.389,-0.3,0.331,0.026,-0.23,0.505,0.054,0.735,0.569,0.507,0.128,0.516,0.513,0.438,0.747,0.562
MVIS,0.674,0.027,0.274,0.601,0.807,0.7,-0.517,-0.366,0.551,-0.416,0.229,0.318,-0.388,0.688,-0.456,0.456,0.651,0.236,-0.403,0.014,0.212,0.598,0.53,-0.171,0.034,-0.055,0.274,0.549,0.139,0.304,-0.135,0.504,0.533,-0.141,0.03,0.091,0.568,0.294,0.518,0.645,0.2,-0.143,-0.207,0.715,0.571,0.456,0.358,-0.051,0.527,0.14,0.763,0.629,0.362,0.68,0.52,1.0,0.371,0.645,0.472,0.492,-0.085,0.49,-0.184,0.008,-0.385,0.257,-0.367,0.14,-0.024,0.585,-0.314,0.001,-0.365,-0.023,0.44,0.654,0.096,0.636,0.671,0.479,0.405,0.339,-0.286,-0.05,0.584,-0.148,0.481,0.008,-0.342,0.256,0.013,0.702,0.681,0.378,0.027,0.559,0.415,0.33,0.416,0.48
NFLX,0.695,0.686,0.698,0.329,0.438,0.631,-0.223,0.301,0.575,0.134,-0.076,0.089,-0.02,0.595,0.133,0.609,0.525,0.596,0.238,0.786,0.729,0.384,0.409,0.404,0.823,0.729,-0.177,-0.176,0.189,0.815,0.523,0.703,0.715,0.669,0.787,0.631,0.393,0.563,0.263,0.66,-0.374,0.542,0.44,0.278,0.545,0.79,0.466,0.317,0.793,-0.307,0.098,0.055,0.779,0.638,0.36,0.371,1.0,0.618,-0.283,0.342,0.671,0.289,0.171,0.675,0.17,0.79,-0.037,0.729,-0.183,0.596,0.305,0.577,-0.411,0.55,0.678,0.461,0.655,0.721,0.543,0.746,0.67,0.692,0.402,0.619,0.576,-0.089,0.569,0.571,0.422,0.185,0.771,0.35,0.716,0.34,0.844,0.595,0.431,-0.35,0.496,0.188
NNDM,0.754,0.316,0.51,0.596,0.749,0.75,-0.578,-0.195,0.594,-0.278,-0.191,0.026,-0.344,0.707,-0.369,0.614,0.812,0.295,-0.169,0.256,0.555,0.74,0.662,0.17,0.374,0.194,0.328,0.446,-0.061,0.576,0.148,0.716,0.768,0.199,0.358,0.32,0.682,0.624,0.343,0.707,-0.224,0.088,-0.172,0.72,0.667,0.723,0.643,0.298,0.652,0.156,0.63,0.507,0.636,0.81,0.693,0.645,0.618,1.0,0.285,0.596,0.275,0.367,-0.247,0.288,-0.352,0.557,-0.45,0.467,-0.319,0.799,-0.072,0.137,-0.491,0.298,0.651,0.695,0.339,0.86,0.724,0.474,0.49,0.542,-0.214,0.159,0.613,-0.424,0.571,0.071,-0.104,0.367,0.266,0.7,0.747,0.585,0.375,0.768,0.607,0.235,0.667,0.581
NVAX,0.101,-0.482,-0.227,0.551,0.401,0.109,-0.497,-0.689,0.127,-0.569,-0.126,-0.074,-0.461,0.201,-0.629,-0.076,0.436,-0.401,-0.59,-0.491,-0.334,0.38,0.237,-0.478,-0.505,-0.543,0.519,0.668,-0.193,-0.224,-0.526,-0.027,0.024,-0.589,-0.557,-0.516,0.409,-0.063,0.148,0.066,0.308,-0.521,-0.695,0.698,0.074,-0.134,0.179,-0.2,-0.169,0.647,0.587,0.718,-0.103,0.105,0.615,0.472,-0.283,0.285,1.0,0.496,-0.515,0.16,-0.387,-0.318,-0.682,-0.359,-0.463,-0.362,-0.171,0.249,-0.535,-0.518,-0.178,-0.374,-0.137,0.38,-0.415,0.131,0.201,-0.205,-0.207,-0.292,-0.632,-0.548,0.03,-0.324,0.045,-0.459,-0.578,0.305,-0.539,0.442,0.073,0.317,-0.445,0.231,0.163,0.759,0.292,0.479
NVDA,0.434,0.123,0.319,0.744,0.635,0.527,-0.55,-0.263,0.579,-0.324,-0.105,0.107,-0.386,0.52,-0.551,0.393,0.681,0.062,-0.158,0.039,0.146,0.56,0.492,0.122,0.1,-0.01,0.343,0.448,-0.132,0.185,-0.016,0.548,0.565,-0.066,0.091,0.028,0.697,0.319,0.372,0.452,0.1,-0.013,-0.441,0.718,0.239,0.348,0.574,0.373,0.348,0.405,0.441,0.787,0.473,0.414,0.785,0.492,0.342,0.596,0.496,1.0,0.063,0.206,-0.11,0.119,-0.374,0.118,-0.462,0.171,-0.1,0.59,0.031,-0.004,-0.347,0.187,0.288,0.739,0.068,0.421,0.455,0.133,0.241,0.342,-0.264,-0.053,0.305,-0.188,0.374,0.04,-0.158,0.539,-0.008,0.611,0.443,0.485,0.149,0.463,0.492,0.387,0.666,0.492
NWL,0.425,0.68,0.648,-0.022,0.219,0.471,0.032,0.411,0.218,0.309,-0.185,-0.059,0.183,0.308,0.281,0.573,0.283,0.488,0.347,0.69,0.565,0.255,0.151,0.625,0.732,0.578,-0.212,-0.332,0.056,0.596,0.627,0.536,0.499,0.563,0.768,0.679,0.328,0.521,0.068,0.515,-0.534,0.585,0.455,0.017,0.347,0.595,0.385,0.556,0.617,-0.281,-0.143,-0.289,0.642,0.424,0.075,-0.085,0.671,0.275,-0.515,0.063,1.0,0.012,0.252,0.555,0.371,0.535,0.152,0.647,-0.211,0.365,0.593,0.427,-0.15,0.593,0.551,0.241,0.741,0.375,0.385,0.441,0.569,0.701,0.334,0.525,0.265,-0.066,0.264,0.554,0.694,0.174,0.634,0.067,0.498,0.21,0.701,0.241,0.336,-0.542,0.253,0.036
OCGN,0.499,0.094,0.112,0.297,0.362,0.375,-0.145,0.054,0.32,-0.097,0.449,0.579,-0.094,0.433,0.002,0.235,0.269,0.553,-0.371,0.186,0.36,0.23,0.255,0.0,0.159,0.163,-0.022,0.086,0.365,0.416,-0.099,0.365,0.367,0.132,0.202,0.148,0.066,0.398,0.543,0.389,0.411,-0.068,0.109,0.308,0.463,0.448,0.352,-0.087,0.431,-0.125,0.34,0.338,0.236,0.445,0.32,0.49,0.289,0.367,0.16,0.206,0.012,1.0,-0.004,0.123,0.056,0.463,0.162,0.238,0.345,0.373,-0.182,0.338,-0.286,0.434,0.381,0.246,0.175,0.518,0.41,0.524,0.436,0.291,0.035,0.176,0.56,0.251,0.472,0.282,-0.317,0.127,0.232,0.414,0.441,0.164,0.174,0.46,0.2,0.049,0.202,0.301
ON,-0.063,0.536,0.116,0.059,-0.112,-0.064,0.432,0.524,0.262,0.647,0.334,0.31,0.577,-0.061,0.558,0.113,-0.182,0.314,0.64,0.416,0.241,-0.372,-0.3,0.291,0.418,0.567,-0.498,-0.4,0.418,0.213,0.468,0.019,-0.024,0.542,0.405,0.43,-0.205,0.009,0.201,-0.074,0.151,0.526,0.505,-0.134,-0.198,-0.004,0.144,0.071,0.133,-0.238,-0.448,-0.196,0.102,-0.238,-0.058,-0.184,0.171,-0.247,-0.387,-0.11,0.252,-0.004,1.0,0.153,0.597,0.2,0.475,0.268,0.443,-0.131,0.583,0.524,0.124,0.222,0.222,0.07,0.168,-0.184,-0.077,0.184,0.254,0.396,0.721,0.453,-0.146,0.553,0.065,0.442,0.501,0.173,0.405,-0.18,0.073,-0.603,0.22,-0.364,-0.203,-0.382,-0.097,-0.563
OPK,0.327,0.511,0.558,-0.012,0.089,0.319,0.025,0.316,0.286,0.141,-0.2,-0.081,0.172,0.226,0.319,0.321,0.264,0.525,0.303,0.611,0.511,0.263,0.175,0.378,0.653,0.601,-0.076,-0.215,-0.019,0.641,0.518,0.413,0.437,0.531,0.545,0.497,0.142,0.406,-0.012,0.291,-0.434,0.609,0.444,-0.005,0.292,0.554,0.178,0.364,0.494,-0.118,-0.158,-0.071,0.514,0.303,0.139,0.008,0.675,0.288,-0.318,0.119,0.555,0.123,0.153,1.0,0.326,0.527,0.141,0.609,-0.207,0.395,0.411,0.497,-0.089,0.435,0.431,0.132,0.515,0.395,0.217,0.524,0.445,0.417,0.431,0.509,0.229,-0.12,0.372,0.528,0.499,0.196,0.694,0.052,0.404,0.189,0.736,0.452,0.206,-0.294,0.325,-0.067
