,AAL,AAPL,AGNC,AMAT,AMD,AMZN,APA,ARDX,AVGO,AZN,BIDU,BILI,BKR,CAN,CHRD,CMCSA,CPRT,CRWD,CSCO,CSX,DKNG,EBAY,ERIC,EXC,FITB,FLEX,FTNT,GEN,GERN,GEVO,GILD,GOOG,GOOGL,GT,HBAN,HST,INTC,IOVA,IQ,JBLU,JD,KDP,KHC,LRCX,LYFT,MARA,MCHP,MDLZ,META,MNST,MRNA,MRVL,MSFT,MSTR,MU,MVIS,NFLX,NNDM,NVAX,NVDA,NWL,OCGN,ON,OPK,PAA,PACB,PANW,PARA,PDD,PENN,PEP,PLUG,PTEN,PTON,PYPL,QCOM,QVCGA,RIOT,ROKU,RUN,SABR,SBUX,SMCI,SNDL,STNE,TCOM,TLRY,TMUS,TSCO,TSLA,TTD,TXN,UAL,VOD,VTRS,VXRT,WBA,WBD,WDC,ZM
AAL,1.0,0.518,0.285,0.704,0.672,0.655,0.098,0.298,0.613,0.052,0.495,0.663,0.145,0.761,0.169,0.397,0.698,0.652,0.495,0.604,0.648,0.573,0.036,0.074,0.727,0.612,0.672,0.493,0.289,0.694,0.039,0.324,0.318,0.704,0.692,0.709,0.475,0.362,0.51,0.736,0.529,0.548,0.143,0.604,0.726,0.821,0.583,0.357,-0.127,0.402,0.609,0.755,0.387,0.758,0.753,0.745,0.549,0.522,0.647,0.786,0.04,0.697,0.808,0.477,0.103,0.737,0.492,0.809,0.375,0.431,0.152,0.703,0.314,0.735,-0.057,0.521,0.395,0.833,0.662,0.503,0.673,0.51,0.228,0.76,0.213,0.252,0.787,0.294,0.73,0.606,0.732,0.242,0.906,0.15,0.532,0.758,0.312,0.551,0.501,0.531
AAPL,0.518,1.0,0.006,0.424,0.5,0.572,0.503,-0.033,0.862,-0.132,0.557,0.236,0.084,0.444,0.481,0.335,0.567,0.789,0.235,0.416,0.68,0.307,0.598,0.481,0.536,0.517,0.709,0.352,-0.007,0.32,-0.231,0.691,0.678,0.27,0.34,0.523,0.049,0.704,0.253,0.779,0.422,0.555,-0.144,0.213,0.482,0.508,0.417,0.217,-0.331,0.187,0.409,0.478,0.74,0.387,0.366,0.563,0.391,0.787,0.536,0.711,-0.113,0.575,0.582,0.148,0.531,0.634,0.62,0.591,0.027,0.59,0.246,0.654,0.509,0.336,-0.33,0.644,-0.093,0.562,0.438,0.139,0.347,0.228,0.046,0.473,-0.03,0.334,0.548,0.53,0.699,0.296,0.723,0.276,0.636,0.563,0.762,0.531,-0.146,0.532,0.099,0.282
AGNC,0.285,0.006,1.0,0.582,0.334,0.237,-0.112,0.68,0.163,0.6,-0.097,0.463,0.001,0.439,-0.149,0.513,0.587,0.083,0.763,0.637,0.433,0.656,-0.333,-0.546,0.285,0.218,0.132,-0.238,0.771,0.705,0.733,-0.056,-0.09,0.552,0.581,0.119,0.718,-0.271,0.476,0.024,-0.02,0.018,0.737,0.636,0.121,0.381,0.588,0.026,0.596,0.652,0.679,0.529,0.363,0.589,0.554,0.431,0.682,0.006,0.547,0.445,0.608,0.404,0.172,0.65,-0.375,0.445,0.078,0.354,0.18,-0.137,0.309,0.415,-0.173,0.023,0.708,0.167,0.569,0.449,0.534,0.703,0.412,0.704,0.636,0.319,0.764,-0.565,0.319,-0.415,0.337,0.687,0.234,0.638,0.219,-0.57,-0.023,0.596,0.667,0.203,0.632,0.751
AMAT,0.704,0.424,0.582,1.0,0.616,0.52,0.029,0.617,0.533,0.194,0.217,0.657,-0.01,0.722,0.051,0.685,0.839,0.485,0.831,0.825,0.663,0.737,-0.193,-0.234,0.659,0.621,0.488,0.009,0.628,0.729,0.347,0.186,0.156,0.781,0.805,0.404,0.777,0.101,0.613,0.394,0.28,0.491,0.499,0.928,0.444,0.581,0.702,0.308,0.208,0.692,0.862,0.836,0.479,0.717,0.835,0.645,0.736,0.306,0.729,0.763,0.32,0.753,0.507,0.737,-0.123,0.8,0.335,0.816,0.321,0.115,0.416,0.744,0.033,0.297,0.267,0.536,0.552,0.676,0.674,0.697,0.481,0.688,0.575,0.594,0.482,-0.305,0.699,-0.063,0.629,0.842,0.517,0.551,0.609,-0.28,0.315,0.87,0.545,0.557,0.765,0.763
AMD,0.672,0.5,0.334,0.616,1.0,0.708,0.012,0.357,0.578,0.207,0.436,0.608,-0.088,0.688,0.316,0.532,0.721,0.544,0.573,0.559,0.647,0.663,-0.015,0.298,0.726,0.755,0.735,0.412,0.284,0.709,0.189,0.644,0.628,0.719,0.689,0.659,0.567,0.183,0.708,0.6,0.443,0.578,0.257,0.598,0.615,0.705,0.632,0.406,-0.004,0.428,0.525,0.75,0.389,0.745,0.704,0.744,0.638,0.503,0.604,0.802,0.117,0.742,0.673,0.542,0.307,0.694,0.418,0.635,0.325,0.363,0.421,0.754,0.295,0.491,0.14,0.755,0.358,0.742,0.569,0.561,0.504,0.432,0.563,0.725,0.307,-0.025,0.704,0.325,0.672,0.655,0.69,0.347,0.717,0.063,0.606,0.695,0.388,0.727,0.555,0.494
AMZN,0.655,0.572,0.237,0.52,0.708,1.0,0.194,0.236,0.637,0.059,0.482,0.439,0.04,0.676,0.273,0.348,0.611,0.635,0.398,0.507,0.636,0.687,0.149,0.372,0.72,0.721,0.847,0.652,0.315,0.63,0.024,0.566,0.539,0.451,0.585,0.647,0.318,0.301,0.477,0.669,0.447,0.506,0.149,0.413,0.602,0.781,0.65,0.254,-0.005,0.361,0.431,0.642,0.468,0.763,0.543,0.651,0.558,0.541,0.501,0.703,-0.037,0.599,0.739,0.431,0.334,0.556,0.587,0.678,0.217,0.568,0.151,0.637,0.39,0.576,-0.036,0.704,0.156,0.827,0.633,0.496,0.618,0.292,0.286,0.744,0.266,0.164,0.617,0.543,0.581,0.491,0.839,0.257,0.65,0.203,0.598,0.637,0.182,0.634,0.324,0.442
APA,0.098,0.503,-0.112,0.029,0.012,0.194,1.0,-0.228,0.558,-0.202,0.134,-0.282,0.315,0.12,0.734,-0.166,0.091,0.37,-0.217,0.057,0.368,-0.118,0.738,0.331,0.226,0.217,0.257,0.141,-0.236,-0.126,-0.382,0.472,0.484,-0.083,0.059,0.199,-0.333,0.578,-0.148,0.318,0.038,0.243,-0.311,-0.132,0.14,0.115,0.046,-0.172,-0.36,-0.102,0.118,0.051,0.51,-0.059,-0.03,0.043,0.023,0.551,0.166,0.252,-0.126,0.178,0.201,-0.215,0.613,0.13,0.258,0.213,-0.325,0.449,-0.137,0.15,0.731,-0.003,-0.445,0.315,-0.264,0.12,0.069,-0.29,0.066,-0.064,-0.211,0.122,-0.176,0.285,0.078,0.394,0.272,-0.154,0.346,0.115,0.203,0.431,0.512,0.128,-0.42,0.241,-0.33,-0.116
ARDX,0.298,-0.033,0.68,0.617,0.357,0.236,-0.228,1.0,0.085,0.423,0.026,0.632,-0.262,0.493,0.022,0.547,0.562,0.151,0.72,0.638,0.314,0.648,-0.531,-0.498,0.238,0.223,0.149,-0.25,0.707,0.628,0.658,-0.082,-0.107,0.705,0.569,0.102,0.671,-0.256,0.565,-0.031,0.124,0.165,0.705,0.716,0.266,0.369,0.598,0.119,0.577,0.68,0.685,0.584,0.252,0.523,0.665,0.375,0.64,-0.085,0.573,0.417,0.524,0.476,0.16,0.686,-0.178,0.429,0.088,0.408,0.386,-0.255,0.542,0.431,-0.199,0.023,0.6,0.211,0.504,0.422,0.617,0.697,0.328,0.598,0.594,0.421,0.671,-0.533,0.425,-0.434,0.233,0.71,0.169,0.501,0.265,-0.627,-0.076,0.671,0.768,0.154,0.646,0.769
AVGO,0.613,0.862,0.163,0.533,0.578,0.637,0.558,0.085,1.0,-0.154,0.529,0.282,0.219,0.554,0.505,0.298,0.643,0.822,0.332,0.512,0.831,0.43,0.582,0.422,0.666,0.602,0.754,0.367,0.098,0.423,-0.218,0.69,0.676,0.4,0.489,0.619,0.167,0.725,0.34,0.79,0.411,0.631,-0.066,0.362,0.57,0.601,0.56,0.222,-0.305,0.3,0.525,0.645,0.794,0.479,0.493,0.685,0.437,0.895,0.612,0.834,-0.047,0.674,0.665,0.244,0.512,0.718,0.634,0.673,0.02,0.696,0.204,0.75,0.583,0.386,-0.3,0.725,0.024,0.651,0.538,0.254,0.41,0.356,0.095,0.569,0.082,0.314,0.65,0.57,0.744,0.39,0.827,0.403,0.736,0.42,0.819,0.639,-0.02,0.579,0.121,0.387
AZN,0.052,-0.132,0.6,0.194,0.207,0.059,-0.202,0.423,-0.154,1.0,-0.014,0.356,-0.089,0.288,-0.111,0.281,0.172,-0.065,0.392,0.287,0.054,0.313,-0.364,-0.384,0.074,0.079,0.067,-0.089,0.432,0.459,0.496,-0.047,-0.079,0.358,0.311,0.057,0.41,-0.425,0.384,-0.056,0.03,-0.089,0.575,0.301,0.039,0.212,0.281,0.023,0.513,0.224,0.241,0.2,0.155,0.331,0.375,0.187,0.44,-0.23,0.155,0.157,0.501,0.162,0.013,0.472,-0.246,-0.008,0.045,0.109,0.28,-0.224,0.286,0.084,-0.142,-0.045,0.536,-0.03,0.256,0.222,0.361,0.337,0.426,0.227,0.519,0.183,0.439,-0.421,0.143,-0.39,0.049,0.319,0.008,0.323,0.085,-0.436,-0.112,0.293,0.496,0.094,0.435,0.377
BIDU,0.495,0.557,-0.097,0.217,0.436,0.482,0.134,0.026,0.529,-0.014,1.0,0.58,0.292,0.486,0.158,0.237,0.33,0.726,0.095,0.28,0.381,0.323,0.331,0.395,0.436,0.286,0.706,0.467,0.039,0.33,-0.375,0.403,0.411,0.253,0.323,0.49,0.048,0.521,0.43,0.634,0.899,0.473,-0.133,0.134,0.456,0.466,0.237,0.487,-0.302,0.024,0.22,0.475,0.414,0.401,0.321,0.523,0.276,0.619,0.315,0.554,-0.212,0.496,0.402,0.263,0.275,0.377,0.769,0.474,0.599,0.49,0.294,0.629,0.323,0.456,-0.328,0.338,-0.062,0.483,0.578,0.173,0.441,0.109,-0.095,0.479,-0.042,0.597,0.528,0.412,0.381,0.29,0.613,-0.002,0.602,0.311,0.563,0.433,-0.02,0.353,-0.0,0.336
BILI,0.663,0.236,0.463,0.657,0.608,0.439,-0.282,0.632,0.282,0.356,0.58,1.0,-0.051,0.704,-0.138,0.618,0.691,0.478,0.668,0.634,0.454,0.677,-0.357,-0.255,0.47,0.376,0.529,0.144,0.551,0.774,0.28,0.067,0.05,0.764,0.682,0.378,0.699,0.021,0.832,0.433,0.681,0.362,0.472,0.717,0.474,0.61,0.548,0.423,0.226,0.453,0.626,0.74,0.282,0.711,0.743,0.673,0.68,0.209,0.607,0.655,0.278,0.694,0.401,0.742,-0.228,0.585,0.487,0.619,0.778,0.02,0.504,0.713,-0.049,0.392,0.282,0.259,0.487,0.638,0.789,0.692,0.556,0.531,0.419,0.674,0.459,-0.04,0.682,-0.143,0.456,0.8,0.442,0.293,0.63,-0.309,0.199,0.741,0.676,0.446,0.66,0.788
BKR,0.145,0.084,0.001,-0.01,-0.088,0.04,0.315,-0.262,0.219,-0.089,0.292,-0.051,1.0,0.105,0.06,-0.237,-0.134,0.216,-0.192,-0.156,0.13,-0.075,0.437,0.059,0.169,-0.118,0.071,0.215,0.008,-0.01,-0.354,-0.098,-0.095,-0.074,0.067,0.209,-0.122,0.387,-0.085,0.252,0.282,0.078,-0.312,-0.103,0.063,0.116,-0.129,0.044,-0.334,-0.292,-0.13,0.038,0.145,0.058,-0.029,0.156,-0.131,0.397,-0.138,0.099,-0.172,0.068,0.125,-0.154,0.081,0.017,0.249,0.171,0.043,0.311,-0.355,0.098,0.407,0.185,-0.276,-0.103,0.001,0.078,0.117,-0.132,0.139,-0.082,-0.371,0.014,-0.175,0.445,0.113,0.187,0.023,-0.07,0.224,-0.107,0.193,0.256,0.284,0.053,-0.284,-0.015,-0.226,-0.071
CAN,0.761,0.444,0.439,0.722,0.688,0.676,0.12,0.493,0.554,0.288,0.486,0.704,0.105,1.0,0.17,0.507,0.72,0.644,0.622,0.675,0.653,0.73,-0.08,-0.027,0.765,0.587,0.723,0.36,0.435,0.73,0.141,0.314,0.295,0.728,0.816,0.645,0.573,0.219,0.684,0.596,0.545,0.602,0.307,0.65,0.582,0.788,0.575,0.346,0.013,0.496,0.679,0.841,0.462,0.835,0.74,0.729,0.713,0.453,0.733,0.785,0.102,0.767,0.67,0.723,0.109,0.664,0.559,0.769,0.505,0.229,0.372,0.749,0.34,0.515,0.078,0.469,0.366,0.846,0.791,0.551,0.644,0.439,0.381,0.75,0.285,0.036,0.736,0.148,0.59,0.716,0.709,0.261,0.728,-0.048,0.461,0.867,0.425,0.657,0.546,0.696
CHRD,0.169,0.481,-0.149,0.051,0.316,0.273,0.734,0.022,0.505,-0.111,0.158,-0.138,0.06,0.17,1.0,-0.103,0.109,0.361,-0.128,0.111,0.312,-0.058,0.497,0.473,0.243,0.313,0.303,0.178,-0.204,0.021,-0.187,0.642,0.657,0.151,0.16,0.325,-0.257,0.484,-0.021,0.313,0.062,0.331,-0.242,-0.059,0.353,0.219,0.183,-0.08,-0.292,0.01,0.126,0.094,0.377,0.052,0.181,0.157,0.142,0.504,0.218,0.308,-0.099,0.322,0.282,-0.168,0.837,0.219,0.174,0.254,-0.308,0.408,0.063,0.203,0.687,0.056,-0.291,0.534,-0.157,0.21,0.138,-0.124,0.073,0.004,0.019,0.279,-0.099,0.201,0.252,0.425,0.307,-0.084,0.391,0.116,0.342,0.401,0.591,0.242,-0.267,0.335,-0.169,-0.11
CMCSA,0.397,0.335,0.513,0.685,0.532,0.348,-0.166,0.547,0.298,0.281,0.237,0.618,-0.237,0.507,-0.103,1.0,0.779,0.267,0.752,0.736,0.443,0.622,-0.244,-0.155,0.406,0.49,0.394,-0.093,0.528,0.62,0.436,0.202,0.173,0.645,0.565,0.21,0.739,-0.067,0.655,0.254,0.298,0.445,0.588,0.721,0.228,0.405,0.581,0.407,0.314,0.622,0.642,0.643,0.354,0.582,0.57,0.455,0.666,0.121,0.534,0.555,0.334,0.485,0.269,0.673,-0.19,0.53,0.22,0.471,0.407,-0.032,0.675,0.573,-0.14,0.112,0.312,0.397,0.353,0.502,0.488,0.631,0.319,0.513,0.529,0.38,0.478,-0.31,0.439,-0.099,0.488,0.735,0.322,0.528,0.334,-0.261,0.11,0.621,0.598,0.422,0.642,0.687
CPRT,0.698,0.567,0.587,0.839,0.721,0.611,0.091,0.562,0.643,0.172,0.33,0.691,-0.134,0.72,0.109,0.779,1.0,0.569,0.823,0.825,0.757,0.784,-0.046,-0.068,0.66,0.682,0.653,0.12,0.53,0.767,0.344,0.407,0.377,0.776,0.735,0.473,0.745,0.207,0.735,0.557,0.354,0.569,0.512,0.805,0.498,0.675,0.768,0.369,0.208,0.71,0.818,0.864,0.587,0.762,0.756,0.721,0.768,0.424,0.81,0.847,0.339,0.724,0.579,0.702,-0.033,0.837,0.436,0.699,0.352,0.233,0.528,0.81,0.136,0.349,0.23,0.625,0.49,0.748,0.688,0.723,0.502,0.68,0.534,0.661,0.495,-0.197,0.666,0.083,0.763,0.839,0.642,0.615,0.643,-0.12,0.428,0.824,0.586,0.598,0.704,0.809
CRWD,0.652,0.789,0.083,0.485,0.544,0.635,0.37,0.151,0.822,-0.065,0.726,0.478,0.216,0.644,0.361,0.267,0.569,1.0,0.256,0.43,0.707,0.454,0.447,0.38,0.606,0.477,0.808,0.45,0.116,0.403,-0.275,0.567,0.563,0.411,0.477,0.598,0.112,0.74,0.393,0.782,0.645,0.572,-0.137,0.34,0.598,0.639,0.407,0.218,-0.286,0.243,0.472,0.672,0.708,0.52,0.494,0.672,0.447,0.792,0.616,0.804,-0.164,0.681,0.587,0.295,0.387,0.673,0.862,0.726,0.281,0.59,0.175,0.728,0.465,0.52,-0.244,0.556,-0.026,0.667,0.705,0.214,0.483,0.296,0.038,0.599,0.062,0.407,0.666,0.462,0.624,0.402,0.832,0.17,0.756,0.371,0.712,0.67,0.0,0.546,0.085,0.501
CSCO,0.495,0.235,0.763,0.831,0.573,0.398,-0.217,0.72,0.332,0.392,0.095,0.668,-0.192,0.622,-0.128,0.752,0.823,0.256,1.0,0.836,0.523,0.809,-0.387,-0.368,0.561,0.49,0.386,-0.122,0.682,0.766,0.599,0.079,0.049,0.729,0.773,0.297,0.888,-0.209,0.689,0.235,0.141,0.372,0.739,0.84,0.288,0.489,0.668,0.349,0.383,0.736,0.827,0.755,0.367,0.742,0.762,0.619,0.773,0.117,0.698,0.651,0.476,0.62,0.335,0.849,-0.302,0.694,0.218,0.604,0.378,-0.116,0.577,0.656,-0.164,0.146,0.502,0.355,0.66,0.606,0.58,0.837,0.368,0.696,0.662,0.536,0.607,-0.515,0.554,-0.253,0.521,0.871,0.379,0.572,0.429,-0.44,0.159,0.764,0.786,0.402,0.866,0.815
CSX,0.604,0.416,0.637,0.825,0.559,0.507,0.057,0.638,0.512,0.287,0.28,0.634,-0.156,0.675,0.111,0.736,0.825,0.43,0.836,1.0,0.632,0.77,-0.216,-0.202,0.608,0.563,0.504,-0.052,0.61,0.736,0.479,0.309,0.291,0.672,0.804,0.323,0.678,0.025,0.619,0.337,0.288,0.437,0.612,0.777,0.406,0.553,0.738,0.36,0.325,0.743,0.898,0.772,0.544,0.729,0.754,0.598,0.862,0.274,0.744,0.736,0.376,0.695,0.449,0.743,-0.114,0.727,0.375,0.705,0.354,0.083,0.598,0.719,-0.026,0.256,0.334,0.514,0.399,0.677,0.673,0.763,0.496,0.738,0.613,0.57,0.627,-0.264,0.61,-0.084,0.641,0.745,0.521,0.669,0.534,-0.329,0.295,0.835,0.634,0.461,0.654,0.801
DKNG,0.648,0.68,0.433,0.663,0.647,0.636,0.368,0.314,0.831,0.054,0.381,0.454,0.13,0.653,0.312,0.443,0.757,0.707,0.523,0.632,1.0,0.602,0.26,0.118,0.679,0.646,0.639,0.283,0.346,0.633,0.091,0.534,0.507,0.532,0.571,0.616,0.408,0.481,0.597,0.708,0.39,0.46,0.114,0.537,0.638,0.719,0.674,0.111,-0.001,0.496,0.646,0.731,0.763,0.612,0.605,0.775,0.585,0.747,0.714,0.854,0.133,0.739,0.7,0.384,0.246,0.803,0.555,0.712,0.204,0.546,0.188,0.813,0.432,0.424,0.046,0.643,0.253,0.737,0.693,0.466,0.545,0.561,0.332,0.626,0.429,0.127,0.732,0.314,0.771,0.575,0.762,0.528,0.708,0.094,0.574,0.731,0.224,0.648,0.38,0.573
EBAY,0.573,0.307,0.656,0.737,0.663,0.687,-0.118,0.648,0.43,0.313,0.323,0.677,-0.075,0.73,-0.058,0.622,0.784,0.454,0.809,0.77,0.602,1.0,-0.281,-0.114,0.642,0.532,0.629,0.181,0.689,0.781,0.478,0.28,0.243,0.655,0.737,0.405,0.695,-0.021,0.684,0.357,0.364,0.401,0.653,0.731,0.385,0.647,0.732,0.307,0.358,0.647,0.742,0.782,0.439,0.82,0.675,0.676,0.766,0.261,0.702,0.695,0.407,0.661,0.519,0.767,-0.155,0.7,0.438,0.64,0.447,0.11,0.449,0.724,-0.062,0.322,0.478,0.505,0.47,0.733,0.733,0.818,0.58,0.66,0.635,0.628,0.623,-0.286,0.565,-0.061,0.533,0.789,0.561,0.529,0.482,-0.334,0.317,0.772,0.63,0.441,0.649,0.83
ERIC,0.036,0.598,-0.333,-0.193,-0.015,0.149,0.738,-0.531,0.582,-0.364,0.331,-0.357,0.437,-0.08,0.497,-0.244,-0.046,0.447,-0.387,-0.216,0.26,-0.281,1.0,0.596,0.13,0.1,0.3,0.301,-0.456,-0.263,-0.63,0.47,0.478,-0.297,-0.188,0.254,-0.468,0.703,-0.282,0.464,0.154,0.225,-0.589,-0.373,0.108,0.066,-0.133,-0.022,-0.606,-0.34,-0.182,-0.07,0.457,-0.143,-0.22,0.056,-0.227,0.685,-0.067,0.196,-0.392,-0.007,0.186,-0.413,0.626,0.043,0.381,0.073,-0.33,0.628,-0.222,0.101,0.665,0.083,-0.632,0.237,-0.409,0.048,-0.073,-0.451,-0.049,-0.251,-0.504,-0.006,-0.443,0.559,0.034,0.639,0.253,-0.297,0.396,-0.109,0.214,0.739,0.577,-0.098,-0.641,0.111,-0.51,-0.298
EXC,0.074,0.481,-0.546,-0.234,0.298,0.372,0.331,-0.498,0.422,-0.384,0.395,-0.255,0.059,-0.027,0.473,-0.155,-0.068,0.38,-0.368,-0.202,0.118,-0.114,0.596,1.0,0.188,0.33,0.467,0.494,-0.503,-0.251,-0.537,0.697,0.711,-0.251,-0.156,0.316,-0.432,0.488,-0.191,0.395,0.264,0.393,-0.497,-0.319,0.15,0.063,-0.09,0.2,-0.55,-0.286,-0.29,-0.053,0.173,-0.057,-0.21,0.038,-0.195,0.496,-0.09,0.129,-0.519,0.005,0.25,-0.3,0.696,0.053,0.316,0.046,-0.24,0.613,-0.027,0.077,0.411,0.176,-0.508,0.491,-0.464,0.085,-0.133,-0.314,-0.053,-0.308,-0.239,0.083,-0.427,0.51,0.01,0.798,0.178,-0.274,0.359,-0.227,0.192,0.686,0.561,-0.125,-0.546,0.248,-0.428,-0.387
FITB,0.727,0.536,0.285,0.659,0.726,0.72,0.226,0.238,0.666,0.074,0.436,0.47,0.169,0.765,0.243,0.406,0.66,0.606,0.561,0.608,0.679,0.642,0.13,0.188,1.0,0.767,0.736,0.493,0.193,0.578,-0.045,0.428,0.418,0.59,0.823,0.676,0.468,0.273,0.607,0.702,0.393,0.67,0.154,0.544,0.562,0.74,0.494,0.394,-0.244,0.344,0.569,0.765,0.449,0.783,0.653,0.766,0.596,0.574,0.605,0.792,0.044,0.726,0.75,0.549,0.279,0.648,0.548,0.791,0.359,0.372,0.249,0.766,0.394,0.604,-0.145,0.556,0.318,0.806,0.552,0.478,0.507,0.332,0.294,0.683,0.112,0.098,0.675,0.386,0.663,0.58,0.756,0.213,0.719,0.132,0.687,0.688,0.329,0.725,0.463,0.448
FLEX,0.612,0.517,0.218,0.621,0.755,0.721,0.217,0.223,0.602,0.079,0.286,0.376,-0.118,0.587,0.313,0.49,0.682,0.477,0.49,0.563,0.646,0.532,0.1,0.33,0.767,1.0,0.649,0.43,0.171,0.546,0.045,0.536,0.523,0.536,0.61,0.623,0.482,0.165,0.539,0.59,0.292,0.587,0.172,0.579,0.587,0.604,0.629,0.316,-0.037,0.423,0.508,0.672,0.426,0.63,0.609,0.641,0.524,0.437,0.564,0.689,0.07,0.574,0.679,0.442,0.289,0.586,0.356,0.64,0.206,0.5,0.256,0.622,0.316,0.497,-0.046,0.762,0.238,0.671,0.421,0.497,0.476,0.306,0.401,0.623,0.234,-0.033,0.569,0.502,0.672,0.546,0.631,0.313,0.591,0.082,0.577,0.568,0.294,0.707,0.487,0.333
FTNT,0.672,0.709,0.132,0.488,0.735,0.847,0.257,0.149,0.754,0.067,0.706,0.529,0.071,0.723,0.303,0.394,0.653,0.808,0.386,0.504,0.639,0.629,0.3,0.467,0.736,0.649,1.0,0.655,0.191,0.554,-0.16,0.675,0.663,0.492,0.58,0.661,0.272,0.493,0.536,0.781,0.597,0.675,0.114,0.376,0.588,0.753,0.549,0.398,-0.222,0.291,0.436,0.706,0.572,0.702,0.545,0.686,0.512,0.69,0.55,0.808,-0.056,0.675,0.676,0.474,0.384,0.604,0.774,0.69,0.338,0.594,0.325,0.737,0.476,0.539,-0.204,0.685,0.07,0.804,0.662,0.354,0.594,0.252,0.201,0.767,0.081,0.302,0.671,0.584,0.608,0.482,0.881,0.245,0.756,0.361,0.73,0.668,0.157,0.656,0.233,0.485
GEN,0.493,0.352,-0.238,0.009,0.412,0.652,0.141,-0.25,0.367,-0.089,0.467,0.144,0.215,0.36,0.178,-0.093,0.12,0.45,-0.122,-0.052,0.283,0.181,0.301,0.494,0.493,0.43,0.655,1.0,-0.163,0.219,-0.395,0.345,0.351,0.139,0.15,0.691,-0.11,0.381,0.175,0.675,0.398,0.358,-0.311,-0.122,0.642,0.621,0.205,0.174,-0.42,-0.11,-0.133,0.269,0.106,0.381,0.187,0.441,-0.033,0.477,0.038,0.352,-0.321,0.226,0.631,-0.042,0.4,0.126,0.464,0.35,0.181,0.613,-0.219,0.249,0.536,0.748,-0.425,0.324,-0.113,0.55,0.243,-0.054,0.494,-0.169,-0.219,0.586,-0.213,0.593,0.453,0.7,0.266,-0.031,0.633,-0.218,0.569,0.53,0.517,0.161,-0.141,0.4,-0.101,-0.09
GERN,0.289,-0.007,0.771,0.628,0.284,0.315,-0.236,0.707,0.098,0.432,0.039,0.551,0.008,0.435,-0.204,0.528,0.53,0.116,0.682,0.61,0.346,0.689,-0.456,-0.503,0.193,0.171,0.191,-0.163,1.0,0.732,0.684,-0.102,-0.135,0.523,0.5,0.086,0.637,-0.212,0.471,-0.044,0.136,0.055,0.703,0.649,0.198,0.381,0.694,0.0,0.671,0.653,0.647,0.488,0.244,0.527,0.573,0.388,0.595,-0.02,0.486,0.382,0.567,0.476,0.173,0.627,-0.422,0.451,0.112,0.443,0.35,-0.03,0.332,0.416,-0.206,0.062,0.668,0.26,0.506,0.429,0.621,0.735,0.496,0.711,0.629,0.366,0.781,-0.446,0.417,-0.342,0.255,0.63,0.228,0.638,0.22,-0.535,-0.09,0.645,0.601,0.216,0.571,0.772
GEVO,0.694,0.32,0.705,0.729,0.709,0.63,-0.126,0.628,0.423,0.459,0.33,0.774,-0.01,0.73,0.021,0.62,0.767,0.403,0.766,0.736,0.633,0.781,-0.263,-0.251,0.578,0.546,0.554,0.219,0.732,1.0,0.522,0.22,0.185,0.798,0.741,0.545,0.772,-0.022,0.751,0.472,0.374,0.291,0.566,0.726,0.588,0.792,0.831,0.247,0.388,0.59,0.722,0.733,0.39,0.867,0.826,0.791,0.795,0.325,0.661,0.747,0.427,0.744,0.624,0.699,-0.125,0.654,0.36,0.682,0.481,0.197,0.393,0.729,0.125,0.449,0.419,0.485,0.578,0.827,0.783,0.827,0.715,0.653,0.583,0.758,0.673,-0.169,0.768,-0.033,0.651,0.812,0.617,0.558,0.668,-0.237,0.316,0.824,0.632,0.505,0.737,0.778
GILD,0.039,-0.231,0.733,0.347,0.189,0.024,-0.382,0.658,-0.218,0.496,-0.375,0.28,-0.354,0.141,-0.187,0.436,0.344,-0.275,0.599,0.479,0.091,0.478,-0.63,-0.537,-0.045,0.045,-0.16,-0.395,0.684,0.522,1.0,-0.148,-0.172,0.381,0.289,-0.123,0.572,-0.551,0.309,-0.31,-0.295,-0.196,0.753,0.458,-0.012,0.145,0.481,-0.04,0.786,0.511,0.455,0.217,0.013,0.363,0.38,0.101,0.526,-0.361,0.316,0.118,0.593,0.124,0.017,0.473,-0.433,0.2,-0.309,0.072,0.06,-0.399,0.365,0.073,-0.452,-0.13,0.903,0.086,0.466,0.199,0.227,0.624,0.201,0.571,0.699,0.109,0.789,-0.677,0.076,-0.534,0.084,0.448,-0.094,0.575,-0.062,-0.621,-0.317,0.337,0.661,-0.035,0.581,0.513
GOOG,0.324,0.691,-0.056,0.186,0.644,0.566,0.472,-0.082,0.69,-0.047,0.403,0.067,-0.098,0.314,0.642,0.202,0.407,0.567,0.079,0.309,0.534,0.28,0.47,0.697,0.428,0.536,0.675,0.345,-0.102,0.22,-0.148,1.0,0.995,0.203,0.233,0.422,-0.078,0.52,0.219,0.523,0.268,0.523,-0.064,0.088,0.369,0.388,0.401,0.174,-0.165,0.161,0.223,0.332,0.555,0.279,0.203,0.355,0.32,0.638,0.37,0.562,-0.044,0.444,0.497,0.044,0.644,0.448,0.421,0.325,-0.113,0.595,0.266,0.469,0.468,0.21,-0.194,0.816,-0.162,0.42,0.257,0.101,0.316,0.147,0.296,0.378,0.037,0.24,0.327,0.579,0.529,0.111,0.606,0.351,0.439,0.461,0.692,0.344,-0.156,0.518,-0.052,0.12
GOOGL,0.318,0.678,-0.09,0.156,0.628,0.539,0.484,-0.107,0.676,-0.079,0.411,0.05,-0.095,0.295,0.657,0.173,0.377,0.563,0.049,0.291,0.507,0.243,0.478,0.711,0.418,0.523,0.663,0.351,-0.135,0.185,-0.172,0.995,1.0,0.176,0.219,0.418,-0.114,0.524,0.189,0.508,0.27,0.52,-0.102,0.055,0.373,0.366,0.367,0.175,-0.196,0.14,0.211,0.32,0.537,0.252,0.183,0.332,0.291,0.638,0.363,0.547,-0.084,0.429,0.48,0.024,0.656,0.432,0.421,0.313,-0.112,0.596,0.26,0.453,0.479,0.228,-0.219,0.8,-0.187,0.399,0.229,0.069,0.292,0.137,0.268,0.372,0.015,0.269,0.317,0.591,0.513,0.075,0.595,0.317,0.437,0.476,0.691,0.323,-0.174,0.509,-0.09,0.092
GT,0.704,0.27,0.552,0.781,0.719,0.451,-0.083,0.705,0.4,0.358,0.253,0.764,-0.074,0.728,0.151,0.645,0.776,0.411,0.729,0.672,0.532,0.655,-0.297,-0.251,0.59,0.536,0.492,0.139,0.523,0.798,0.381,0.203,0.176,1.0,0.773,0.505,0.777,0.08,0.753,0.439,0.32,0.514,0.552,0.83,0.546,0.681,0.678,0.364,0.209,0.597,0.682,0.784,0.303,0.737,0.87,0.687,0.699,0.246,0.639,0.722,0.433,0.727,0.522,0.685,0.008,0.631,0.247,0.655,0.419,0.026,0.478,0.668,0.141,0.367,0.262,0.461,0.612,0.7,0.681,0.659,0.538,0.54,0.548,0.681,0.413,-0.228,0.711,-0.101,0.563,0.816,0.491,0.475,0.676,-0.237,0.321,0.815,0.674,0.515,0.757,0.725
HBAN,0.692,0.34,0.581,0.805,0.689,0.585,0.059,0.569,0.489,0.311,0.323,0.682,0.067,0.816,0.16,0.565,0.735,0.477,0.773,0.804,0.571,0.737,-0.188,-0.156,0.823,0.61,0.58,0.15,0.5,0.741,0.289,0.233,0.219,0.773,1.0,0.462,0.702,0.054,0.691,0.457,0.365,0.519,0.462,0.775,0.431,0.635,0.581,0.383,0.065,0.559,0.771,0.808,0.393,0.842,0.834,0.71,0.856,0.316,0.672,0.76,0.274,0.801,0.504,0.764,0.021,0.675,0.447,0.812,0.424,0.085,0.438,0.733,0.168,0.411,0.19,0.452,0.504,0.737,0.7,0.693,0.476,0.56,0.524,0.673,0.372,-0.218,0.667,0.016,0.615,0.776,0.597,0.381,0.656,-0.242,0.451,0.85,0.609,0.641,0.68,0.711
HST,0.709,0.523,0.119,0.404,0.659,0.647,0.199,0.102,0.619,0.057,0.49,0.378,0.209,0.645,0.325,0.21,0.473,0.598,0.297,0.323,0.616,0.405,0.254,0.316,0.676,0.623,0.661,0.691,0.086,0.545,-0.123,0.422,0.418,0.505,0.462,1.0,0.266,0.388,0.45,0.749,0.483,0.552,-0.131,0.261,0.799,0.759,0.475,0.249,-0.264,0.231,0.307,0.584,0.358,0.613,0.541,0.736,0.305,0.664,0.426,0.66,-0.136,0.54,0.782,0.282,0.403,0.521,0.478,0.654,0.298,0.606,0.034,0.579,0.567,0.722,-0.189,0.517,0.25,0.737,0.492,0.277,0.578,0.2,0.084,0.695,0.07,0.407,0.733,0.516,0.637,0.36,0.757,0.058,0.778,0.373,0.622,0.554,0.056,0.57,0.292,0.252
INTC,0.475,0.049,0.718,0.777,0.567,0.318,-0.333,0.671,0.167,0.41,0.048,0.699,-0.122,0.573,-0.257,0.739,0.745,0.112,0.888,0.678,0.408,0.695,-0.468,-0.432,0.468,0.482,0.272,-0.11,0.637,0.772,0.572,-0.078,-0.114,0.777,0.702,0.266,1.0,-0.32,0.719,0.186,0.154,0.266,0.713,0.878,0.232,0.443,0.598,0.373,0.418,0.594,0.666,0.698,0.179,0.715,0.729,0.561,0.683,-0.006,0.529,0.538,0.462,0.501,0.301,0.803,-0.399,0.522,0.089,0.491,0.447,-0.184,0.466,0.542,-0.199,0.171,0.496,0.254,0.722,0.533,0.501,0.79,0.36,0.539,0.588,0.466,0.562,-0.516,0.474,-0.299,0.432,0.909,0.255,0.487,0.37,-0.489,0.023,0.65,0.782,0.325,0.904,0.723
IOVA,0.362,0.704,-0.271,0.101,0.183,0.301,0.578,-0.256,0.725,-0.425,0.521,0.021,0.387,0.219,0.484,-0.067,0.207,0.74,-0.209,0.025,0.481,-0.021,0.703,0.488,0.273,0.165,0.493,0.381,-0.212,-0.022,-0.551,0.52,0.524,0.08,0.054,0.388,-0.32,1.0,0.007,0.662,0.395,0.418,-0.464,-0.072,0.425,0.306,0.124,0.037,-0.521,-0.036,0.08,0.216,0.49,0.038,0.09,0.369,0.007,0.774,0.252,0.454,-0.228,0.403,0.37,-0.263,0.529,0.39,0.524,0.357,-0.097,0.641,-0.143,0.401,0.584,0.296,-0.554,0.412,-0.254,0.263,0.27,-0.199,0.195,0.011,-0.3,0.271,-0.276,0.624,0.369,0.548,0.375,-0.066,0.568,0.043,0.501,0.628,0.693,0.26,-0.403,0.329,-0.335,0.047
IQ,0.51,0.253,0.476,0.613,0.708,0.477,-0.148,0.565,0.34,0.384,0.43,0.832,-0.085,0.684,-0.021,0.655,0.735,0.393,0.689,0.619,0.597,0.684,-0.282,-0.191,0.607,0.539,0.536,0.175,0.471,0.751,0.309,0.219,0.189,0.753,0.691,0.45,0.719,0.007,1.0,0.473,0.491,0.433,0.466,0.673,0.489,0.629,0.588,0.359,0.235,0.439,0.552,0.728,0.323,0.708,0.695,0.718,0.7,0.271,0.557,0.684,0.348,0.704,0.46,0.701,-0.085,0.538,0.395,0.575,0.707,0.057,0.506,0.727,0.087,0.338,0.274,0.362,0.494,0.641,0.684,0.659,0.517,0.424,0.521,0.649,0.478,-0.129,0.643,-0.044,0.482,0.747,0.468,0.397,0.544,-0.278,0.287,0.677,0.699,0.631,0.68,0.694
JBLU,0.736,0.779,0.024,0.394,0.6,0.669,0.318,-0.031,0.79,-0.056,0.634,0.433,0.252,0.596,0.313,0.254,0.557,0.782,0.235,0.337,0.708,0.357,0.464,0.395,0.702,0.59,0.781,0.675,-0.044,0.472,-0.31,0.523,0.508,0.439,0.457,0.749,0.186,0.662,0.473,1.0,0.545,0.598,-0.159,0.255,0.71,0.738,0.437,0.321,-0.401,0.091,0.298,0.573,0.544,0.576,0.479,0.786,0.376,0.797,0.461,0.759,-0.108,0.622,0.779,0.185,0.421,0.571,0.678,0.655,0.275,0.635,0.07,0.681,0.588,0.659,-0.391,0.508,0.087,0.734,0.52,0.224,0.557,0.123,-0.074,0.694,-0.043,0.497,0.697,0.587,0.702,0.363,0.821,0.104,0.838,0.517,0.782,0.534,0.047,0.578,0.186,0.275
JD,0.529,0.422,-0.02,0.28,0.443,0.447,0.038,0.124,0.411,0.03,0.899,0.681,0.282,0.545,0.062,0.298,0.354,0.645,0.141,0.288,0.39,0.364,0.154,0.264,0.393,0.292,0.597,0.398,0.136,0.374,-0.295,0.268,0.27,0.32,0.365,0.483,0.154,0.395,0.491,0.545,1.0,0.405,-0.106,0.246,0.426,0.462,0.22,0.4,-0.222,0.092,0.245,0.48,0.337,0.418,0.341,0.514,0.298,0.503,0.333,0.488,-0.177,0.492,0.373,0.305,0.151,0.405,0.694,0.485,0.692,0.399,0.245,0.594,0.242,0.464,-0.204,0.264,0.016,0.46,0.628,0.243,0.442,0.193,-0.027,0.461,0.036,0.533,0.521,0.27,0.389,0.378,0.504,-0.038,0.558,0.147,0.396,0.452,0.043,0.388,0.094,0.388
KDP,0.548,0.555,0.018,0.491,0.578,0.506,0.243,0.165,0.631,-0.089,0.473,0.362,0.078,0.602,0.331,0.445,0.569,0.572,0.372,0.437,0.46,0.401,0.225,0.393,0.67,0.587,0.675,0.358,0.055,0.291,-0.196,0.523,0.52,0.514,0.519,0.552,0.266,0.418,0.433,0.598,0.405,1.0,0.126,0.407,0.4,0.452,0.379,0.54,-0.288,0.302,0.365,0.64,0.378,0.435,0.436,0.483,0.334,0.535,0.461,0.607,-0.013,0.502,0.523,0.418,0.412,0.506,0.405,0.548,0.25,0.394,0.44,0.561,0.378,0.347,-0.32,0.6,0.192,0.525,0.355,0.229,0.338,0.145,0.156,0.452,-0.115,0.177,0.456,0.469,0.477,0.396,0.564,0.197,0.583,0.316,0.593,0.551,0.164,0.566,0.257,0.306
KHC,0.143,-0.144,0.737,0.499,0.257,0.149,-0.311,0.705,-0.066,0.575,-0.133,0.472,-0.312,0.307,-0.242,0.588,0.512,-0.137,0.739,0.612,0.114,0.653,-0.589,-0.497,0.154,0.172,0.114,-0.311,0.703,0.566,0.753,-0.064,-0.102,0.552,0.462,-0.131,0.713,-0.464,0.466,-0.159,-0.106,0.126,1.0,0.642,-0.078,0.182,0.558,0.241,0.693,0.578,0.551,0.401,0.112,0.452,0.467,0.205,0.59,-0.296,0.394,0.243,0.766,0.251,0.026,0.699,-0.447,0.251,-0.121,0.156,0.249,-0.362,0.542,0.254,-0.414,-0.192,0.676,0.156,0.548,0.276,0.341,0.708,0.332,0.497,0.699,0.215,0.643,-0.702,0.104,-0.494,0.1,0.635,-0.022,0.647,0.022,-0.628,-0.167,0.451,0.795,0.012,0.676,0.658
LRCX,0.604,0.213,0.636,0.928,0.598,0.413,-0.132,0.716,0.362,0.301,0.134,0.717,-0.103,0.65,-0.059,0.721,0.805,0.34,0.84,0.777,0.537,0.731,-0.373,-0.319,0.544,0.579,0.376,-0.122,0.649,0.726,0.458,0.088,0.055,0.83,0.775,0.261,0.878,-0.072,0.673,0.255,0.246,0.407,0.642,1.0,0.314,0.473,0.666,0.321,0.355,0.66,0.811,0.794,0.347,0.682,0.821,0.574,0.741,0.122,0.669,0.663,0.428,0.658,0.368,0.787,-0.252,0.68,0.213,0.675,0.384,-0.048,0.467,0.645,-0.134,0.189,0.412,0.447,0.584,0.571,0.635,0.758,0.411,0.652,0.631,0.504,0.548,-0.446,0.564,-0.209,0.529,0.891,0.356,0.558,0.491,-0.462,0.168,0.791,0.696,0.451,0.811,0.789
LYFT,0.726,0.482,0.121,0.444,0.615,0.602,0.14,0.266,0.57,0.039,0.456,0.474,0.063,0.582,0.353,0.228,0.498,0.598,0.288,0.406,0.638,0.385,0.108,0.15,0.562,0.587,0.588,0.642,0.198,0.588,-0.012,0.369,0.373,0.546,0.431,0.799,0.232,0.425,0.489,0.71,0.426,0.4,-0.078,0.314,1.0,0.784,0.63,0.13,-0.088,0.363,0.417,0.61,0.355,0.537,0.65,0.758,0.353,0.584,0.513,0.691,-0.02,0.637,0.768,0.206,0.31,0.578,0.428,0.634,0.319,0.572,0.072,0.616,0.48,0.753,-0.105,0.545,0.168,0.721,0.577,0.355,0.646,0.359,0.166,0.79,0.254,0.355,0.853,0.427,0.596,0.312,0.727,0.179,0.829,0.199,0.561,0.6,0.239,0.537,0.273,0.339
MARA,0.821,0.508,0.381,0.581,0.705,0.781,0.115,0.369,0.601,0.212,0.466,0.61,0.116,0.788,0.219,0.405,0.675,0.639,0.489,0.553,0.719,0.647,0.066,0.063,0.74,0.604,0.753,0.621,0.381,0.792,0.145,0.388,0.366,0.681,0.635,0.759,0.443,0.306,0.629,0.738,0.462,0.452,0.182,0.473,0.784,1.0,0.667,0.215,-0.023,0.392,0.524,0.718,0.463,0.855,0.704,0.794,0.57,0.577,0.611,0.801,0.094,0.69,0.858,0.474,0.21,0.621,0.549,0.733,0.373,0.453,0.171,0.713,0.454,0.699,0.025,0.518,0.317,0.966,0.749,0.514,0.745,0.436,0.258,0.848,0.33,0.242,0.828,0.35,0.649,0.577,0.852,0.302,0.827,0.17,0.54,0.74,0.345,0.621,0.443,0.56
MCHP,0.583,0.417,0.588,0.702,0.632,0.65,0.046,0.598,0.56,0.281,0.237,0.548,-0.129,0.575,0.183,0.581,0.768,0.407,0.668,0.738,0.674,0.732,-0.133,-0.09,0.494,0.629,0.549,0.205,0.694,0.831,0.481,0.401,0.367,0.678,0.581,0.475,0.598,0.124,0.588,0.437,0.22,0.379,0.558,0.666,0.63,0.667,1.0,0.163,0.473,0.683,0.706,0.696,0.514,0.66,0.74,0.69,0.682,0.377,0.656,0.715,0.514,0.664,0.643,0.527,0.016,0.664,0.265,0.591,0.258,0.396,0.381,0.669,0.14,0.364,0.353,0.727,0.418,0.704,0.654,0.771,0.706,0.657,0.629,0.667,0.689,-0.195,0.673,0.133,0.623,0.646,0.596,0.767,0.584,-0.186,0.392,0.755,0.553,0.44,0.574,0.688
MDLZ,0.357,0.217,0.026,0.308,0.406,0.254,-0.172,0.119,0.222,0.023,0.487,0.423,0.044,0.346,-0.08,0.407,0.369,0.218,0.349,0.36,0.111,0.307,-0.022,0.2,0.394,0.316,0.398,0.174,0.0,0.247,-0.04,0.174,0.175,0.364,0.383,0.249,0.373,0.037,0.359,0.321,0.4,0.54,0.241,0.321,0.13,0.215,0.163,1.0,-0.188,0.185,0.195,0.439,0.125,0.383,0.323,0.272,0.292,0.155,0.155,0.37,0.013,0.23,0.228,0.4,0.047,0.246,0.29,0.229,0.354,-0.003,0.587,0.383,-0.028,0.205,-0.175,0.206,0.304,0.295,0.196,0.256,0.119,0.091,0.056,0.242,-0.08,0.15,0.243,0.148,0.269,0.408,0.251,0.103,0.329,0.029,0.252,0.285,0.268,0.154,0.371,0.229
META,-0.127,-0.331,0.596,0.208,-0.004,-0.005,-0.36,0.577,-0.305,0.513,-0.302,0.226,-0.334,0.013,-0.292,0.314,0.208,-0.286,0.383,0.325,-0.001,0.358,-0.606,-0.55,-0.244,-0.037,-0.222,-0.42,0.671,0.388,0.786,-0.165,-0.196,0.209,0.065,-0.264,0.418,-0.521,0.235,-0.401,-0.222,-0.288,0.693,0.355,-0.088,-0.023,0.473,-0.188,1.0,0.437,0.295,0.108,0.015,0.14,0.188,-0.04,0.36,-0.44,0.174,-0.043,0.621,-0.014,-0.09,0.33,-0.535,0.022,-0.272,-0.102,0.158,-0.3,0.208,-0.033,-0.517,-0.204,0.812,0.061,0.359,0.003,0.205,0.556,0.31,0.391,0.645,-0.044,0.777,-0.629,-0.096,-0.551,-0.088,0.311,-0.212,0.58,-0.248,-0.659,-0.454,0.176,0.547,-0.193,0.42,0.465
MNST,0.402,0.187,0.652,0.692,0.428,0.361,-0.102,0.68,0.3,0.224,0.024,0.453,-0.292,0.496,0.01,0.622,0.71,0.243,0.736,0.743,0.496,0.647,-0.34,-0.286,0.344,0.423,0.291,-0.11,0.653,0.59,0.511,0.161,0.14,0.597,0.559,0.231,0.594,-0.036,0.439,0.091,0.092,0.302,0.578,0.66,0.363,0.392,0.683,0.185,0.437,1.0,0.756,0.624,0.314,0.489,0.601,0.447,0.602,0.074,0.642,0.501,0.465,0.528,0.231,0.545,-0.192,0.665,0.124,0.435,0.169,0.051,0.44,0.545,-0.131,0.13,0.412,0.467,0.469,0.45,0.529,0.659,0.356,0.764,0.637,0.399,0.577,-0.408,0.495,-0.151,0.468,0.623,0.346,0.596,0.321,-0.444,0.062,0.667,0.537,0.347,0.592,0.721
MRNA,0.609,0.409,0.679,0.862,0.525,0.431,0.118,0.685,0.525,0.241,0.22,0.626,-0.13,0.679,0.126,0.642,0.818,0.472,0.827,0.898,0.646,0.742,-0.182,-0.29,0.569,0.508,0.436,-0.133,0.647,0.722,0.455,0.223,0.211,0.682,0.771,0.307,0.666,0.08,0.552,0.298,0.245,0.365,0.551,0.811,0.417,0.524,0.706,0.195,0.295,0.756,1.0,0.781,0.53,0.659,0.767,0.623,0.799,0.3,0.881,0.744,0.382,0.757,0.415,0.735,-0.124,0.809,0.339,0.713,0.303,0.059,0.504,0.763,0.003,0.223,0.365,0.477,0.418,0.634,0.692,0.736,0.426,0.826,0.602,0.567,0.617,-0.33,0.649,-0.176,0.652,0.764,0.487,0.588,0.546,-0.372,0.325,0.861,0.589,0.463,0.634,0.838
MRVL,0.755,0.478,0.529,0.836,0.75,0.642,0.051,0.584,0.645,0.2,0.475,0.74,0.038,0.841,0.094,0.643,0.864,0.672,0.755,0.772,0.731,0.782,-0.07,-0.053,0.765,0.672,0.706,0.269,0.488,0.733,0.217,0.332,0.32,0.784,0.808,0.584,0.698,0.216,0.728,0.573,0.48,0.64,0.401,0.794,0.61,0.718,0.696,0.439,0.108,0.624,0.781,1.0,0.58,0.789,0.822,0.763,0.714,0.485,0.78,0.898,0.173,0.747,0.625,0.768,0.021,0.775,0.557,0.771,0.487,0.27,0.478,0.832,0.189,0.519,0.159,0.575,0.419,0.792,0.763,0.642,0.577,0.599,0.463,0.712,0.422,-0.075,0.752,0.144,0.656,0.803,0.714,0.469,0.751,-0.148,0.457,0.877,0.582,0.596,0.615,0.794
MSFT,0.387,0.74,0.363,0.479,0.389,0.468,0.51,0.252,0.794,0.155,0.414,0.282,0.145,0.462,0.377,0.354,0.587,0.708,0.367,0.544,0.763,0.439,0.457,0.173,0.449,0.426,0.572,0.106,0.244,0.39,0.013,0.555,0.537,0.303,0.393,0.358,0.179,0.49,0.323,0.544,0.337,0.378,0.112,0.347,0.355,0.463,0.514,0.125,0.015,0.314,0.53,0.58,1.0,0.401,0.411,0.49,0.495,0.66,0.582,0.726,0.124,0.509,0.461,0.302,0.32,0.581,0.64,0.535,0.088,0.464,0.31,0.61,0.385,0.172,-0.004,0.535,-0.003,0.519,0.576,0.259,0.427,0.413,0.209,0.415,0.305,0.101,0.456,0.247,0.595,0.398,0.622,0.558,0.5,0.162,0.525,0.582,0.102,0.393,0.148,0.5
MSTR,0.758,0.387,0.589,0.717,0.745,0.763,-0.059,0.523,0.479,0.331,0.401,0.711,0.058,0.835,0.052,0.582,0.762,0.52,0.742,0.729,0.612,0.82,-0.143,-0.057,0.783,0.63,0.702,0.381,0.527,0.867,0.363,0.279,0.252,0.737,0.842,0.613,0.715,0.038,0.708,0.576,0.418,0.435,0.452,0.682,0.537,0.855,0.66,0.383,0.14,0.489,0.659,0.789,0.401,1.0,0.775,0.764,0.799,0.374,0.644,0.786,0.198,0.694,0.688,0.742,-0.011,0.634,0.513,0.764,0.444,0.198,0.347,0.721,0.18,0.54,0.261,0.464,0.497,0.925,0.743,0.74,0.64,0.495,0.442,0.782,0.459,-0.076,0.701,0.136,0.618,0.808,0.742,0.359,0.693,-0.096,0.43,0.81,0.561,0.573,0.68,0.715
MU,0.753,0.366,0.554,0.835,0.704,0.543,-0.03,0.665,0.493,0.375,0.321,0.743,-0.029,0.74,0.181,0.57,0.756,0.494,0.762,0.754,0.605,0.675,-0.22,-0.21,0.653,0.609,0.545,0.187,0.573,0.826,0.38,0.203,0.183,0.87,0.834,0.541,0.729,0.09,0.695,0.479,0.341,0.436,0.467,0.821,0.65,0.704,0.74,0.323,0.188,0.601,0.767,0.822,0.411,0.775,1.0,0.757,0.747,0.334,0.67,0.8,0.322,0.774,0.548,0.699,-0.002,0.714,0.358,0.801,0.412,0.183,0.416,0.706,0.178,0.456,0.267,0.52,0.541,0.75,0.765,0.702,0.558,0.632,0.522,0.744,0.461,-0.186,0.814,0.029,0.628,0.768,0.617,0.487,0.784,-0.22,0.411,0.881,0.642,0.546,0.752,0.725
MVIS,0.745,0.563,0.431,0.645,0.744,0.651,0.043,0.375,0.685,0.187,0.523,0.673,0.156,0.729,0.157,0.455,0.721,0.672,0.619,0.598,0.775,0.676,0.056,0.038,0.766,0.641,0.686,0.441,0.388,0.791,0.101,0.355,0.332,0.687,0.71,0.736,0.561,0.369,0.718,0.786,0.514,0.483,0.205,0.574,0.758,0.794,0.69,0.272,-0.04,0.447,0.623,0.763,0.49,0.764,0.757,1.0,0.636,0.648,0.696,0.842,0.223,0.832,0.731,0.479,0.118,0.772,0.564,0.748,0.466,0.438,0.213,0.855,0.336,0.622,0.05,0.538,0.408,0.808,0.713,0.654,0.619,0.491,0.314,0.783,0.354,0.125,0.854,0.243,0.742,0.666,0.773,0.324,0.815,0.057,0.671,0.755,0.432,0.618,0.532,0.606
NFLX,0.549,0.391,0.682,0.736,0.638,0.558,0.023,0.64,0.437,0.44,0.276,0.68,-0.131,0.713,0.142,0.666,0.768,0.447,0.773,0.862,0.585,0.766,-0.227,-0.195,0.596,0.524,0.512,-0.033,0.595,0.795,0.526,0.32,0.291,0.699,0.856,0.305,0.683,0.007,0.7,0.376,0.298,0.334,0.59,0.741,0.353,0.57,0.682,0.292,0.36,0.602,0.799,0.714,0.495,0.799,0.747,0.636,1.0,0.228,0.702,0.724,0.404,0.742,0.429,0.735,-0.055,0.638,0.416,0.685,0.366,0.012,0.542,0.687,-0.001,0.243,0.431,0.471,0.415,0.683,0.726,0.758,0.498,0.613,0.656,0.585,0.628,-0.333,0.561,-0.131,0.624,0.769,0.52,0.567,0.511,-0.337,0.335,0.822,0.64,0.531,0.671,0.795
NNDM,0.522,0.787,0.006,0.306,0.503,0.541,0.551,-0.085,0.895,-0.23,0.619,0.209,0.397,0.453,0.504,0.121,0.424,0.792,0.117,0.274,0.747,0.261,0.685,0.496,0.574,0.437,0.69,0.477,-0.02,0.325,-0.361,0.638,0.638,0.246,0.316,0.664,-0.006,0.774,0.271,0.797,0.503,0.535,-0.296,0.122,0.584,0.577,0.377,0.155,-0.44,0.074,0.3,0.485,0.66,0.374,0.334,0.648,0.228,1.0,0.429,0.714,-0.2,0.581,0.624,0.051,0.573,0.576,0.643,0.569,0.097,0.752,0.048,0.67,0.721,0.443,-0.401,0.578,-0.051,0.582,0.462,0.089,0.376,0.196,-0.106,0.516,-0.022,0.544,0.627,0.626,0.634,0.221,0.81,0.199,0.709,0.572,0.796,0.484,-0.206,0.499,-0.075,0.216
NVAX,0.647,0.536,0.547,0.729,0.604,0.501,0.166,0.573,0.612,0.155,0.315,0.607,-0.138,0.733,0.218,0.534,0.81,0.616,0.698,0.744,0.714,0.702,-0.067,-0.09,0.605,0.564,0.55,0.038,0.486,0.661,0.316,0.37,0.363,0.639,0.672,0.426,0.529,0.252,0.557,0.461,0.333,0.461,0.394,0.669,0.513,0.611,0.656,0.155,0.174,0.642,0.881,0.78,0.582,0.644,0.67,0.696,0.702,0.429,1.0,0.78,0.271,0.759,0.558,0.637,0.032,0.847,0.424,0.653,0.292,0.188,0.408,0.79,0.125,0.334,0.262,0.547,0.358,0.686,0.683,0.659,0.462,0.706,0.507,0.62,0.486,-0.172,0.632,-0.004,0.649,0.711,0.572,0.452,0.6,-0.136,0.471,0.815,0.482,0.547,0.535,0.759
NVDA,0.786,0.711,0.445,0.763,0.802,0.703,0.252,0.417,0.834,0.157,0.554,0.655,0.099,0.785,0.308,0.555,0.847,0.804,0.651,0.736,0.854,0.695,0.196,0.129,0.792,0.689,0.808,0.352,0.382,0.747,0.118,0.562,0.547,0.722,0.76,0.66,0.538,0.454,0.684,0.759,0.488,0.607,0.243,0.663,0.691,0.801,0.715,0.37,-0.043,0.501,0.744,0.898,0.726,0.786,0.8,0.842,0.724,0.714,0.78,1.0,0.133,0.849,0.728,0.604,0.241,0.825,0.664,0.827,0.342,0.458,0.421,0.896,0.393,0.521,0.029,0.685,0.3,0.858,0.767,0.556,0.605,0.566,0.392,0.791,0.368,0.098,0.835,0.315,0.786,0.705,0.859,0.498,0.862,0.102,0.688,0.873,0.405,0.684,0.493,0.699
NWL,0.04,-0.113,0.608,0.32,0.117,-0.037,-0.126,0.524,-0.047,0.501,-0.212,0.278,-0.172,0.102,-0.099,0.334,0.339,-0.164,0.476,0.376,0.133,0.407,-0.392,-0.519,0.044,0.07,-0.056,-0.321,0.567,0.427,0.593,-0.044,-0.084,0.433,0.274,-0.136,0.462,-0.228,0.348,-0.108,-0.177,-0.013,0.766,0.428,-0.02,0.094,0.514,0.013,0.621,0.465,0.382,0.173,0.124,0.198,0.322,0.223,0.404,-0.2,0.271,0.133,1.0,0.244,0.042,0.294,-0.326,0.2,-0.185,0.036,0.162,-0.215,0.274,0.196,-0.262,-0.196,0.541,0.147,0.496,0.092,0.217,0.542,0.362,0.432,0.603,0.076,0.533,-0.555,0.067,-0.481,0.132,0.395,-0.106,0.65,-0.028,-0.5,-0.074,0.276,0.58,-0.045,0.471,0.463
OCGN,0.697,0.575,0.404,0.753,0.742,0.599,0.178,0.476,0.674,0.162,0.496,0.694,0.068,0.767,0.322,0.485,0.724,0.681,0.62,0.695,0.739,0.661,-0.007,0.005,0.726,0.574,0.675,0.226,0.476,0.744,0.124,0.444,0.429,0.727,0.801,0.54,0.501,0.403,0.704,0.622,0.492,0.502,0.251,0.658,0.637,0.69,0.664,0.23,-0.014,0.528,0.757,0.747,0.509,0.694,0.774,0.832,0.742,0.581,0.759,0.849,0.244,1.0,0.596,0.555,0.2,0.811,0.546,0.825,0.412,0.317,0.388,0.893,0.337,0.408,0.067,0.612,0.357,0.734,0.76,0.596,0.553,0.582,0.494,0.777,0.361,0.001,0.856,0.131,0.691,0.673,0.695,0.402,0.762,-0.041,0.64,0.871,0.402,0.742,0.504,0.678
ON,0.808,0.582,0.172,0.507,0.673,0.739,0.201,0.16,0.665,0.013,0.402,0.401,0.125,0.67,0.282,0.269,0.579,0.587,0.335,0.449,0.7,0.519,0.186,0.25,0.75,0.679,0.676,0.631,0.173,0.624,0.017,0.497,0.48,0.522,0.504,0.782,0.301,0.37,0.46,0.779,0.373,0.523,0.026,0.368,0.768,0.858,0.643,0.228,-0.09,0.231,0.415,0.625,0.461,0.688,0.548,0.731,0.429,0.624,0.558,0.728,0.042,0.596,1.0,0.288,0.332,0.589,0.432,0.653,0.263,0.56,0.084,0.642,0.45,0.743,-0.114,0.631,0.236,0.84,0.51,0.415,0.726,0.3,0.218,0.712,0.202,0.316,0.697,0.47,0.689,0.425,0.756,0.279,0.77,0.33,0.627,0.59,0.174,0.552,0.333,0.327
OPK,0.477,0.148,0.65,0.737,0.542,0.431,-0.215,0.686,0.244,0.472,0.263,0.742,-0.154,0.723,-0.168,0.673,0.702,0.295,0.849,0.743,0.384,0.767,-0.413,-0.3,0.549,0.442,0.474,-0.042,0.627,0.699,0.473,0.044,0.024,0.685,0.764,0.282,0.803,-0.263,0.701,0.185,0.305,0.418,0.699,0.787,0.206,0.474,0.527,0.4,0.33,0.545,0.735,0.768,0.302,0.742,0.699,0.479,0.735,0.051,0.637,0.604,0.294,0.555,0.288,1.0,-0.257,0.496,0.312,0.594,0.529,-0.144,0.626,0.594,-0.151,0.157,0.427,0.263,0.482,0.607,0.633,0.691,0.401,0.525,0.581,0.53,0.503,-0.406,0.477,-0.201,0.355,0.826,0.353,0.393,0.415,-0.441,0.096,0.755,0.742,0.441,0.733,0.793
PAA,0.103,0.531,-0.375,-0.123,0.307,0.334,0.613,-0.178,0.512,-0.246,0.275,-0.228,0.081,0.109,0.837,-0.19,-0.033,0.387,-0.302,-0.114,0.246,-0.155,0.626,0.696,0.279,0.289,0.384,0.4,-0.422,-0.125,-0.433,0.644,0.656,0.008,0.021,0.403,-0.399,0.529,-0.085,0.421,0.151,0.412,-0.447,-0.252,0.31,0.21,0.016,0.047,-0.535,-0.192,-0.124,0.021,0.32,-0.011,-0.002,0.118,-0.055,0.573,0.032,0.241,-0.326,0.2,0.332,-0.257,1.0,0.062,0.25,0.166,-0.278,0.488,0.057,0.158,0.714,0.14,-0.527,0.465,-0.352,0.193,0.013,-0.339,0.004,-0.254,-0.19,0.223,-0.372,0.4,0.199,0.636,0.247,-0.209,0.402,-0.124,0.319,0.614,0.621,0.081,-0.442,0.34,-0.34,-0.302
