,AAL,AAPL,AGNC,AMAT,AMD,AMZN,APA,ARDX,AVGO,AZN,BIDU,BILI,BKR,CAN,CHRD,CMCSA,CPRT,CRWD,CSCO,CSX,DKNG,EBAY,ERIC,EXC,FITB,FLEX,FTNT,GEN,GERN,GEVO,GILD,GOOG,GOOGL,GT,HBAN,HST,INTC,IOVA,IQ,JBLU,JD,KDP,KHC,LRCX,LYFT,MARA,MCHP,MDLZ,META,MNST,MRNA,MRVL,MSFT,MSTR,MU,MVIS,NFLX,NNDM,NVAX,NVDA,NWL,OCGN,ON,OPK,PAA,PACB,PANW,PARA,PDD,PENN,PEP,PLUG,PTEN,PTON,PYPL,QCOM,QVCGA,RIOT,ROKU,RUN,SABR,SBUX,SMCI,SNDL,STNE,TCOM,TLRY,TMUS,TSCO,TSLA,TTD,TXN,UAL,VOD,VTRS,VXRT,WBA,WBD,WDC,ZM
AAL,1.0,0.466,-0.084,0.378,0.602,0.682,0.528,-0.391,-0.103,-0.346,-0.349,-0.433,0.519,0.507,0.606,0.034,-0.013,0.416,-0.313,0.263,0.482,0.554,-0.181,-0.285,0.55,-0.294,0.473,-0.136,0.088,0.621,-0.377,0.419,0.432,0.529,0.376,0.395,0.675,0.19,-0.33,0.794,-0.313,-0.243,-0.378,0.678,0.607,0.626,0.23,-0.247,0.103,-0.14,0.087,0.507,0.015,-0.189,0.618,0.553,-0.087,0.627,0.468,0.095,0.317,0.659,0.566,0.448,0.55,0.45,0.21,0.357,-0.408,0.57,-0.338,0.659,0.56,-0.073,0.584,0.435,0.345,0.599,0.49,0.42,-0.139,-0.255,0.133,0.151,0.344,-0.26,0.376,0.181,-0.038,0.504,0.313,0.592,0.474,0.685,0.53,0.553,0.255,0.504,0.639,0.517
AAPL,0.466,1.0,-0.341,0.229,0.657,0.714,0.632,-0.123,-0.04,-0.412,-0.366,-0.391,0.656,0.697,0.678,-0.061,0.141,0.696,-0.207,0.079,0.58,0.785,-0.211,-0.5,0.642,-0.367,0.617,0.057,-0.217,0.706,-0.358,0.65,0.64,0.476,0.448,0.53,0.851,0.039,-0.305,0.601,-0.169,-0.114,-0.435,0.564,0.613,0.602,0.049,-0.304,0.135,0.036,0.386,0.536,0.125,-0.394,0.731,0.71,-0.03,0.668,0.512,-0.052,0.27,0.772,0.608,0.691,0.573,0.794,0.235,0.245,-0.416,0.712,-0.095,0.722,0.661,-0.225,0.652,0.642,0.198,0.334,0.7,0.526,-0.294,-0.248,0.069,0.104,0.397,-0.319,0.316,0.364,0.135,0.383,0.486,0.557,0.094,0.493,0.273,0.712,0.19,0.304,0.55,0.594
AGNC,-0.084,-0.341,1.0,0.369,0.144,-0.156,-0.167,0.105,0.701,0.729,0.579,0.407,-0.275,-0.314,-0.39,0.735,0.552,-0.464,0.636,0.558,-0.003,-0.215,0.746,0.681,-0.237,0.757,-0.056,0.572,0.283,-0.36,0.732,0.104,0.095,0.226,0.215,0.09,-0.21,-0.039,0.367,-0.158,0.359,0.701,0.733,0.018,-0.181,-0.456,0.759,0.735,0.574,0.572,-0.152,0.151,0.72,0.76,-0.326,-0.273,0.503,-0.421,-0.462,0.689,-0.005,-0.327,0.241,-0.535,-0.105,-0.168,0.271,0.46,0.614,-0.4,0.617,-0.223,-0.441,0.519,-0.48,0.275,0.414,-0.047,-0.012,0.124,0.659,0.779,0.384,0.374,-0.028,0.52,0.027,0.143,0.525,0.138,0.219,0.329,0.074,-0.138,0.181,-0.404,0.551,0.356,-0.254,-0.492
AMAT,0.378,0.229,0.369,1.0,0.331,0.291,0.113,-0.108,0.504,0.285,0.251,0.167,0.215,0.233,0.003,0.291,0.226,-0.054,0.205,0.408,0.334,0.282,0.416,0.175,-0.01,0.357,0.485,0.15,0.224,0.102,0.222,0.162,0.157,0.282,0.074,0.184,0.387,0.147,0.233,0.23,0.306,0.171,0.21,0.722,0.379,0.185,0.691,0.259,0.451,0.115,0.087,0.352,0.451,0.359,0.34,0.283,0.439,-0.004,0.121,0.695,0.534,0.167,0.643,0.053,0.055,0.262,0.188,0.295,0.167,0.196,0.132,0.226,0.07,0.241,0.078,0.518,0.223,0.353,0.209,0.166,0.377,0.331,0.051,0.083,0.182,0.307,0.005,-0.038,0.153,0.172,0.248,0.77,0.148,0.093,0.421,0.092,0.403,0.403,0.364,0.174
AMD,0.602,0.657,0.144,0.331,1.0,0.755,0.656,-0.175,0.15,-0.174,-0.317,-0.503,0.513,0.47,0.665,0.332,0.436,0.42,0.062,0.473,0.678,0.678,-0.079,-0.27,0.711,-0.08,0.476,0.185,-0.088,0.599,-0.191,0.722,0.726,0.813,0.763,0.734,0.74,-0.181,-0.453,0.627,-0.226,0.243,-0.182,0.587,0.445,0.368,0.415,-0.043,0.275,0.272,0.226,0.719,0.324,-0.104,0.514,0.537,-0.072,0.557,0.174,0.173,0.035,0.597,0.794,0.368,0.734,0.772,0.539,0.669,-0.335,0.585,0.076,0.705,0.574,-0.154,0.397,0.78,0.661,0.383,0.694,0.833,-0.121,-0.049,0.481,0.225,0.58,-0.293,0.301,0.578,0.486,0.584,0.621,0.647,0.123,0.612,0.493,0.489,0.59,0.547,0.479,0.314
AMZN,0.682,0.714,-0.156,0.291,0.755,1.0,0.705,-0.471,-0.079,-0.452,-0.436,-0.47,0.741,0.733,0.821,-0.029,-0.025,0.657,-0.389,0.292,0.63,0.855,-0.248,-0.517,0.738,-0.37,0.761,-0.126,-0.013,0.852,-0.453,0.557,0.568,0.603,0.535,0.667,0.865,0.059,-0.349,0.685,-0.288,-0.188,-0.505,0.758,0.787,0.731,0.167,-0.374,0.157,-0.171,0.411,0.614,0.023,-0.263,0.788,0.783,-0.017,0.777,0.61,0.087,0.392,0.852,0.649,0.673,0.672,0.798,0.124,0.393,-0.415,0.787,-0.297,0.904,0.761,-0.145,0.764,0.567,0.401,0.629,0.738,0.604,-0.161,-0.315,0.192,0.04,0.353,-0.238,0.33,0.213,0.041,0.655,0.571,0.544,0.039,0.712,0.619,0.763,0.209,0.526,0.746,0.644
APA,0.528,0.632,-0.167,0.113,0.656,0.705,1.0,-0.408,-0.055,-0.454,-0.372,-0.435,0.827,0.54,0.815,0.017,0.071,0.543,-0.28,0.392,0.663,0.667,-0.217,-0.374,0.682,-0.356,0.526,0.01,0.059,0.743,-0.328,0.627,0.606,0.556,0.633,0.68,0.754,0.106,-0.304,0.683,-0.29,-0.085,-0.414,0.469,0.621,0.622,0.149,-0.217,0.061,0.016,0.204,0.48,0.096,-0.252,0.56,0.555,-0.174,0.676,0.391,-0.073,0.131,0.688,0.53,0.587,0.829,0.606,0.242,0.353,-0.358,0.584,-0.165,0.717,0.831,-0.21,0.552,0.562,0.386,0.494,0.737,0.526,-0.105,-0.234,0.119,0.103,0.473,-0.247,0.356,0.407,0.124,0.649,0.456,0.461,0.157,0.568,0.529,0.664,0.366,0.485,0.512,0.496
ARDX,-0.391,-0.123,0.105,-0.108,-0.175,-0.471,-0.408,1.0,0.103,0.424,0.153,0.066,-0.551,-0.447,-0.417,0.257,0.469,-0.34,0.716,-0.062,-0.199,-0.481,0.159,0.217,-0.313,0.286,-0.489,0.329,-0.216,-0.48,0.331,-0.11,-0.111,-0.089,-0.158,-0.235,-0.401,-0.316,0.007,-0.391,0.278,0.449,0.443,-0.429,-0.61,-0.512,-0.137,0.324,-0.037,0.382,-0.214,-0.217,0.186,0.207,-0.491,-0.432,-0.11,-0.491,-0.575,-0.045,-0.442,-0.467,-0.193,-0.449,-0.242,-0.264,0.391,-0.066,0.153,-0.373,0.503,-0.422,-0.33,-0.081,-0.535,-0.12,-0.185,-0.546,-0.402,0.018,-0.111,0.203,0.117,0.052,0.04,0.035,-0.267,0.267,0.354,-0.559,-0.237,-0.224,-0.058,-0.285,-0.48,-0.486,0.066,-0.364,-0.544,-0.458
AVGO,-0.103,-0.04,0.701,0.504,0.15,-0.079,-0.055,0.103,1.0,0.63,0.552,0.441,-0.138,-0.25,-0.257,0.758,0.553,-0.316,0.602,0.641,0.079,-0.055,0.797,0.562,-0.106,0.784,0.093,0.548,0.242,-0.263,0.725,0.183,0.181,0.137,0.262,0.252,0.003,-0.121,0.436,-0.144,0.304,0.661,0.666,0.156,-0.037,-0.344,0.783,0.696,0.5,0.51,-0.161,0.276,0.805,0.576,-0.144,-0.202,0.55,-0.34,-0.424,0.755,0.231,-0.229,0.318,-0.431,-0.067,-0.014,0.235,0.493,0.556,-0.279,0.665,-0.214,-0.243,0.323,-0.355,0.45,0.219,-0.147,0.073,0.053,0.627,0.73,0.301,0.126,0.02,0.496,-0.12,0.154,0.499,0.178,0.22,0.499,0.025,-0.148,0.173,-0.303,0.534,0.391,-0.001,-0.333
AZN,-0.346,-0.412,0.729,0.285,-0.174,-0.452,-0.454,0.424,0.63,1.0,0.785,0.67,-0.493,-0.536,-0.6,0.604,0.504,-0.694,0.77,0.32,-0.226,-0.46,0.799,0.84,-0.497,0.861,-0.34,0.522,0.307,-0.555,0.83,-0.029,-0.029,-0.122,-0.037,-0.218,-0.465,0.001,0.568,-0.319,0.652,0.682,0.821,-0.235,-0.452,-0.618,0.488,0.832,0.561,0.495,-0.169,-0.16,0.646,0.774,-0.598,-0.521,0.547,-0.614,-0.601,0.564,-0.143,-0.576,-0.103,-0.732,-0.325,-0.321,0.22,0.265,0.725,-0.568,0.68,-0.479,-0.596,0.525,-0.699,0.071,0.126,-0.331,-0.295,-0.106,0.609,0.82,0.174,0.25,-0.046,0.66,-0.091,0.087,0.354,-0.175,0.064,0.069,0.168,-0.346,-0.23,-0.664,0.29,0.031,-0.535,-0.673
BIDU,-0.349,-0.366,0.579,0.251,-0.317,-0.436,-0.372,0.153,0.552,0.785,1.0,0.877,-0.29,-0.344,-0.598,0.429,0.271,-0.599,0.5,0.17,-0.224,-0.438,0.74,0.716,-0.598,0.711,-0.2,0.435,0.47,-0.506,0.759,-0.011,-0.025,-0.348,-0.169,-0.285,-0.366,0.31,0.873,-0.259,0.785,0.385,0.655,-0.17,-0.257,-0.403,0.479,0.668,0.61,0.295,-0.083,-0.134,0.548,0.763,-0.502,-0.426,0.677,-0.602,-0.277,0.544,-0.015,-0.437,-0.195,-0.512,-0.36,-0.318,-0.079,0.065,0.883,-0.53,0.413,-0.494,-0.604,0.72,-0.535,0.065,0.071,-0.103,-0.187,-0.258,0.782,0.839,-0.042,0.37,-0.128,0.874,0.115,-0.089,0.088,-0.052,0.122,0.065,0.249,-0.464,-0.228,-0.519,0.045,-0.01,-0.462,-0.496
BILI,-0.433,-0.391,0.407,0.167,-0.503,-0.47,-0.435,0.066,0.441,0.67,0.877,1.0,-0.319,-0.346,-0.568,0.203,0.036,-0.588,0.291,-0.024,-0.342,-0.424,0.653,0.651,-0.589,0.595,-0.183,0.173,0.459,-0.471,0.61,-0.187,-0.204,-0.544,-0.288,-0.365,-0.452,0.361,0.868,-0.34,0.738,0.171,0.482,-0.191,-0.246,-0.384,0.26,0.516,0.494,0.007,-0.038,-0.235,0.336,0.604,-0.454,-0.405,0.667,-0.525,-0.183,0.468,0.152,-0.427,-0.328,-0.452,-0.495,-0.388,-0.342,-0.089,0.809,-0.5,0.239,-0.51,-0.593,0.701,-0.427,-0.138,-0.153,-0.194,-0.201,-0.44,0.685,0.656,-0.19,0.229,-0.301,0.812,0.069,-0.295,-0.152,-0.129,0.028,-0.101,0.168,-0.547,-0.31,-0.482,-0.175,-0.049,-0.372,-0.476
BKR,0.519,0.656,-0.275,0.215,0.513,0.741,0.827,-0.551,-0.138,-0.493,-0.29,-0.319,1.0,0.718,0.72,-0.205,-0.171,0.623,-0.48,0.163,0.533,0.765,-0.227,-0.41,0.568,-0.417,0.742,-0.093,0.068,0.776,-0.361,0.537,0.517,0.331,0.411,0.543,0.808,0.375,-0.128,0.662,-0.151,-0.318,-0.489,0.614,0.785,0.819,0.09,-0.338,0.153,-0.244,0.336,0.428,-0.011,-0.284,0.686,0.723,0.054,0.693,0.665,-0.036,0.343,0.796,0.455,0.704,0.622,0.628,0.005,0.101,-0.317,0.673,-0.382,0.779,0.749,-0.041,0.705,0.44,0.227,0.659,0.661,0.353,-0.018,-0.211,-0.12,0.131,0.419,-0.128,0.454,0.101,-0.154,0.62,0.445,0.451,0.135,0.526,0.529,0.776,0.135,0.376,0.599,0.657
CAN,0.507,0.697,-0.314,0.233,0.47,0.733,0.54,-0.447,-0.25,-0.536,-0.344,-0.346,0.718,1.0,0.658,-0.303,-0.286,0.642,-0.544,-0.097,0.519,0.747,-0.334,-0.566,0.463,-0.42,0.699,-0.234,-0.055,0.759,-0.463,0.414,0.426,0.343,0.179,0.341,0.773,0.248,-0.165,0.599,-0.112,-0.423,-0.527,0.631,0.751,0.737,0.023,-0.49,0.173,-0.274,0.589,0.449,-0.116,-0.313,0.743,0.877,0.121,0.624,0.753,-0.044,0.376,0.814,0.513,0.804,0.425,0.711,-0.169,0.03,-0.385,0.875,-0.428,0.764,0.613,-0.002,0.714,0.413,0.36,0.609,0.549,0.396,-0.188,-0.335,-0.141,0.121,0.156,-0.221,0.361,-0.015,-0.19,0.415,0.47,0.415,0.016,0.374,0.36,0.754,0.003,0.202,0.565,0.776
CHRD,0.606,0.678,-0.39,0.003,0.665,0.821,0.815,-0.417,-0.257,-0.6,-0.598,-0.568,0.72,0.658,1.0,-0.129,-0.108,0.672,-0.475,0.168,0.604,0.769,-0.448,-0.586,0.866,-0.485,0.522,-0.263,-0.08,0.9,-0.586,0.508,0.516,0.559,0.593,0.649,0.781,-0.014,-0.471,0.684,-0.474,-0.252,-0.623,0.488,0.636,0.695,-0.105,-0.423,-0.073,-0.216,0.385,0.498,-0.159,-0.506,0.694,0.708,-0.266,0.811,0.522,-0.222,0.198,0.817,0.491,0.648,0.796,0.722,0.11,0.296,-0.621,0.785,-0.33,0.828,0.896,-0.364,0.751,0.423,0.307,0.438,0.656,0.544,-0.426,-0.494,0.102,-0.038,0.36,-0.499,0.308,0.303,0.007,0.559,0.423,0.305,0.053,0.643,0.387,0.776,0.187,0.377,0.689,0.598
CMCSA,0.034,-0.061,0.735,0.291,0.332,-0.029,0.017,0.257,0.758,0.604,0.429,0.203,-0.205,-0.303,-0.129,1.0,0.741,-0.252,0.705,0.77,0.164,-0.074,0.596,0.523,0.106,0.668,-0.048,0.573,0.31,-0.19,0.638,0.287,0.275,0.377,0.481,0.42,0.006,-0.302,0.213,-0.062,0.196,0.77,0.615,0.012,-0.149,-0.385,0.69,0.659,0.414,0.632,-0.226,0.423,0.772,0.564,-0.234,-0.259,0.251,-0.239,-0.484,0.512,-0.049,-0.186,0.296,-0.456,0.144,-0.009,0.487,0.655,0.441,-0.277,0.721,-0.143,-0.172,0.196,-0.312,0.436,0.389,-0.197,0.093,0.338,0.48,0.642,0.581,0.209,0.146,0.306,-0.041,0.342,0.663,0.195,0.28,0.392,0.111,-0.003,0.12,-0.31,0.611,0.381,-0.144,-0.406
CPRT,-0.013,0.141,0.552,0.226,0.436,-0.025,0.071,0.469,0.553,0.504,0.271,0.036,-0.171,-0.286,-0.108,0.741,1.0,-0.188,0.826,0.511,0.322,-0.017,0.455,0.411,0.067,0.454,-0.12,0.69,-0.001,-0.195,0.545,0.502,0.486,0.395,0.517,0.34,0.047,-0.38,0.012,0.041,0.235,0.752,0.565,-0.047,-0.278,-0.333,0.53,0.606,0.389,0.744,-0.142,0.375,0.708,0.448,-0.218,-0.253,0.081,-0.203,-0.55,0.331,-0.278,-0.167,0.315,-0.343,0.211,0.126,0.749,0.581,0.31,-0.244,0.744,-0.056,-0.111,0.137,-0.321,0.54,0.396,-0.168,0.18,0.498,0.269,0.534,0.536,0.35,0.423,0.193,0.061,0.655,0.814,0.098,0.346,0.348,0.145,0.133,0.057,-0.295,0.533,0.206,-0.226,-0.375
CRWD,0.416,0.696,-0.464,-0.054,0.42,0.657,0.543,-0.34,-0.316,-0.694,-0.599,-0.588,0.623,0.642,0.672,-0.252,-0.188,1.0,-0.493,-0.019,0.344,0.686,-0.5,-0.64,0.68,-0.63,0.622,-0.154,-0.18,0.659,-0.533,0.285,0.271,0.381,0.309,0.49,0.715,-0.08,-0.461,0.397,-0.505,-0.321,-0.563,0.372,0.653,0.64,-0.229,-0.542,-0.309,-0.13,0.296,0.33,-0.293,-0.645,0.809,0.59,-0.345,0.665,0.632,-0.325,0.372,0.702,0.319,0.728,0.496,0.512,0.093,0.029,-0.559,0.58,-0.33,0.675,0.581,-0.47,0.808,0.226,0.032,0.272,0.449,0.337,-0.37,-0.507,0.192,-0.224,0.107,-0.551,0.089,0.102,-0.056,0.276,0.169,0.236,-0.158,0.445,0.374,0.793,0.014,0.141,0.664,0.625
CSCO,-0.313,-0.207,0.636,0.205,0.062,-0.389,-0.28,0.716,0.602,0.77,0.5,0.291,-0.48,-0.544,-0.475,0.705,0.826,-0.493,1.0,0.392,-0.034,-0.425,0.601,0.61,-0.313,0.695,-0.368,0.658,0.049,-0.545,0.753,0.164,0.154,0.095,0.17,0.0,-0.322,-0.332,0.213,-0.324,0.455,0.824,0.826,-0.269,-0.553,-0.633,0.446,0.773,0.358,0.72,-0.242,0.032,0.677,0.612,-0.517,-0.526,0.205,-0.59,-0.753,0.422,-0.339,-0.54,0.053,-0.645,-0.123,-0.209,0.588,0.33,0.527,-0.536,0.823,-0.416,-0.46,0.215,-0.666,0.242,0.191,-0.443,-0.207,0.173,0.383,0.668,0.416,0.229,0.179,0.376,-0.188,0.434,0.705,-0.243,0.053,0.132,0.039,-0.251,-0.189,-0.605,0.435,-0.032,-0.501,-0.651
CSX,0.263,0.079,0.558,0.408,0.473,0.292,0.392,-0.062,0.641,0.32,0.17,-0.024,0.163,-0.097,0.168,0.77,0.511,-0.019,0.392,1.0,0.353,0.202,0.364,0.338,0.317,0.395,0.239,0.442,0.262,0.093,0.408,0.313,0.299,0.563,0.589,0.63,0.272,-0.205,0.02,0.141,-0.036,0.598,0.33,0.254,0.145,-0.051,0.667,0.445,0.267,0.513,-0.231,0.451,0.616,0.403,0.051,-0.034,0.07,0.078,-0.209,0.428,0.115,0.04,0.486,-0.139,0.411,0.121,0.474,0.633,0.218,-0.034,0.514,0.132,0.195,-0.004,-0.037,0.511,0.41,0.082,0.328,0.359,0.385,0.401,0.505,0.029,0.21,0.176,-0.047,0.325,0.529,0.408,0.252,0.548,0.092,0.266,0.471,-0.059,0.706,0.509,0.135,-0.1
DKNG,0.482,0.58,-0.003,0.334,0.678,0.63,0.663,-0.199,0.079,-0.226,-0.224,-0.342,0.533,0.519,0.604,0.164,0.322,0.344,-0.034,0.353,1.0,0.577,-0.019,-0.298,0.431,-0.188,0.464,0.121,0.047,0.59,-0.191,0.66,0.657,0.568,0.522,0.487,0.664,-0.032,-0.21,0.584,-0.016,0.026,-0.234,0.444,0.429,0.516,0.344,-0.097,0.308,0.141,0.353,0.683,0.289,0.085,0.385,0.504,0.042,0.456,0.183,0.143,0.041,0.521,0.567,0.404,0.607,0.654,0.409,0.464,-0.236,0.558,-0.042,0.591,0.63,0.028,0.361,0.739,0.533,0.593,0.662,0.681,0.0,-0.043,0.158,0.292,0.546,-0.088,0.396,0.378,0.279,0.616,0.66,0.536,0.088,0.451,0.369,0.382,0.318,0.469,0.363,0.429
EBAY,0.554,0.785,-0.215,0.282,0.678,0.855,0.667,-0.481,-0.055,-0.46,-0.438,-0.424,0.765,0.747,0.769,-0.074,-0.017,0.686,-0.425,0.202,0.577,1.0,-0.242,-0.408,0.752,-0.372,0.747,-0.107,-0.023,0.868,-0.405,0.537,0.53,0.553,0.521,0.688,0.878,0.056,-0.308,0.647,-0.315,-0.217,-0.518,0.701,0.778,0.697,0.174,-0.371,0.158,-0.151,0.426,0.595,0.037,-0.365,0.834,0.811,-0.027,0.834,0.635,-0.017,0.474,0.851,0.679,0.723,0.612,0.769,0.068,0.304,-0.416,0.754,-0.214,0.879,0.718,-0.174,0.778,0.573,0.266,0.565,0.744,0.456,-0.177,-0.257,0.11,0.022,0.366,-0.311,0.348,0.156,0.031,0.61,0.506,0.563,0.045,0.657,0.53,0.796,0.132,0.457,0.74,0.7
ERIC,-0.181,-0.211,0.746,0.416,-0.079,-0.248,-0.217,0.159,0.797,0.799,0.74,0.653,-0.227,-0.334,-0.448,0.596,0.455,-0.5,0.601,0.364,-0.019,-0.242,1.0,0.697,-0.386,0.797,0.005,0.56,0.339,-0.345,0.763,0.14,0.133,-0.069,0.061,-0.111,-0.199,0.178,0.633,-0.139,0.562,0.515,0.687,0.023,-0.112,-0.347,0.661,0.752,0.687,0.384,-0.061,0.044,0.751,0.723,-0.35,-0.282,0.751,-0.437,-0.401,0.781,0.134,-0.337,0.053,-0.511,-0.204,-0.155,0.136,0.347,0.704,-0.42,0.519,-0.256,-0.434,0.632,-0.486,0.285,0.17,-0.049,0.019,-0.08,0.751,0.851,0.069,0.381,0.02,0.675,0.121,0.045,0.26,0.155,0.218,0.324,0.183,-0.218,0.043,-0.393,0.326,0.39,-0.209,-0.407
EXC,-0.285,-0.5,0.681,0.175,-0.27,-0.517,-0.374,0.217,0.562,0.84,0.716,0.651,-0.41,-0.566,-0.586,0.523,0.411,-0.64,0.61,0.338,-0.298,-0.408,0.697,1.0,-0.474,0.747,-0.363,0.535,0.351,-0.524,0.843,-0.03,-0.042,-0.156,-0.003,-0.177,-0.476,0.074,0.523,-0.238,0.47,0.557,0.773,-0.3,-0.452,-0.607,0.489,0.825,0.47,0.453,-0.324,-0.204,0.574,0.657,-0.556,-0.554,0.411,-0.485,-0.532,0.411,-0.111,-0.581,-0.166,-0.668,-0.272,-0.487,0.141,0.147,0.752,-0.636,0.641,-0.493,-0.609,0.518,-0.623,-0.019,0.063,-0.297,-0.256,-0.266,0.656,0.803,0.144,0.254,-0.111,0.604,-0.003,0.083,0.276,-0.099,-0.075,0.036,0.347,-0.302,-0.124,-0.647,0.199,0.006,-0.481,-0.633
FITB,0.55,0.642,-0.237,-0.01,0.711,0.738,0.682,-0.313,-0.106,-0.497,-0.598,-0.589,0.568,0.463,0.866,0.106,0.067,0.68,-0.313,0.317,0.431,0.752,-0.386,-0.474,1.0,-0.383,0.455,-0.154,-0.111,0.766,-0.456,0.454,0.463,0.638,0.742,0.794,0.709,-0.205,-0.539,0.54,-0.611,-0.033,-0.494,0.428,0.512,0.498,-0.034,-0.321,-0.139,-0.05,0.276,0.541,-0.073,-0.528,0.68,0.573,-0.349,0.784,0.37,-0.208,0.216,0.748,0.555,0.49,0.732,0.65,0.251,0.425,-0.584,0.608,-0.12,0.722,0.758,-0.45,0.705,0.419,0.262,0.201,0.584,0.537,-0.443,-0.399,0.351,-0.105,0.338,-0.579,0.184,0.331,0.205,0.474,0.35,0.341,-0.009,0.648,0.419,0.731,0.325,0.416,0.661,0.429
FLEX,-0.294,-0.367,0.757,0.357,-0.08,-0.37,-0.356,0.286,0.784,0.861,0.711,0.595,-0.417,-0.42,-0.485,0.668,0.454,-0.63,0.695,0.395,-0.188,-0.372,0.797,0.747,-0.383,1.0,-0.209,0.5,0.252,-0.513,0.824,0.001,0.011,-0.004,0.049,-0.049,-0.366,-0.081,0.544,-0.309,0.506,0.701,0.844,-0.097,-0.348,-0.596,0.633,0.834,0.556,0.485,-0.114,-0.051,0.709,0.711,-0.508,-0.357,0.605,-0.616,-0.56,0.676,-0.022,-0.487,0.054,-0.641,-0.318,-0.229,0.141,0.307,0.682,-0.446,0.679,-0.448,-0.521,0.447,-0.625,0.158,0.212,-0.294,-0.206,-0.101,0.633,0.796,0.19,0.167,-0.077,0.57,-0.178,0.096,0.387,-0.052,0.105,0.168,0.057,-0.328,-0.124,-0.589,0.383,0.141,-0.359,-0.525
FTNT,0.473,0.617,-0.056,0.485,0.476,0.761,0.526,-0.489,0.093,-0.34,-0.2,-0.183,0.742,0.699,0.522,-0.048,-0.12,0.622,-0.368,0.239,0.464,0.747,0.005,-0.363,0.455,-0.209,1.0,-0.069,0.035,0.649,-0.268,0.38,0.359,0.364,0.276,0.497,0.752,0.215,-0.043,0.464,-0.059,-0.247,-0.357,0.771,0.845,0.686,0.266,-0.273,0.232,-0.211,0.392,0.457,0.126,-0.134,0.736,0.749,0.268,0.526,0.686,0.318,0.637,0.687,0.542,0.681,0.334,0.617,-0.033,0.157,-0.194,0.628,-0.289,0.734,0.491,-0.007,0.685,0.47,0.22,0.59,0.646,0.306,0.137,-0.116,0.038,-0.011,0.181,-0.053,0.227,-0.104,-0.14,0.556,0.427,0.57,-0.076,0.412,0.572,0.662,0.142,0.499,0.691,0.681
GEN,-0.136,0.057,0.572,0.15,0.185,-0.126,0.01,0.329,0.548,0.522,0.435,0.173,-0.093,-0.234,-0.263,0.573,0.69,-0.154,0.658,0.442,0.121,-0.107,0.56,0.535,-0.154,0.5,-0.069,1.0,-0.024,-0.259,0.674,0.41,0.386,0.277,0.353,0.154,-0.003,-0.044,0.236,0.004,0.259,0.716,0.61,-0.105,-0.198,-0.342,0.505,0.689,0.501,0.746,-0.199,0.104,0.739,0.473,-0.264,-0.198,0.294,-0.273,-0.4,0.296,-0.221,-0.175,0.176,-0.303,0.09,-0.015,0.597,0.38,0.481,-0.283,0.732,-0.146,-0.264,0.312,-0.39,0.415,0.248,-0.101,0.16,0.2,0.436,0.705,0.232,0.501,0.254,0.346,0.218,0.545,0.593,0.065,0.225,0.315,0.26,0.045,0.175,-0.253,0.48,0.188,-0.299,-0.323
GERN,0.088,-0.217,0.283,0.224,-0.088,-0.013,0.059,-0.216,0.242,0.307,0.47,0.459,0.068,-0.055,-0.08,0.31,-0.001,-0.18,0.049,0.262,0.047,-0.023,0.339,0.351,-0.111,0.252,0.035,-0.024,1.0,0.018,0.28,-0.007,-0.034,-0.153,0.016,0.08,0.027,0.218,0.502,0.059,0.42,0.012,0.176,0.099,0.177,-0.003,0.366,0.191,0.28,-0.138,-0.029,0.186,0.197,0.389,-0.065,-0.14,0.3,-0.024,0.041,0.277,0.269,-0.016,-0.028,-0.164,0.064,-0.16,-0.19,0.156,0.486,-0.161,-0.002,-0.017,-0.097,0.42,-0.039,0.022,0.054,0.174,0.03,-0.058,0.616,0.367,0.094,0.082,0.002,0.519,0.129,-0.212,-0.149,0.264,0.143,0.162,0.227,-0.117,0.127,-0.033,-0.007,0.266,0.013,-0.173
GEVO,0.621,0.706,-0.36,0.102,0.599,0.852,0.743,-0.48,-0.263,-0.555,-0.506,-0.471,0.776,0.759,0.9,-0.19,-0.195,0.659,-0.545,0.093,0.59,0.868,-0.345,-0.524,0.766,-0.513,0.649,-0.259,0.018,1.0,-0.582,0.508,0.516,0.488,0.467,0.557,0.826,0.162,-0.35,0.762,-0.35,-0.377,-0.663,0.596,0.764,0.757,-0.059,-0.468,0.082,-0.325,0.442,0.482,-0.107,-0.436,0.764,0.811,-0.096,0.874,0.643,-0.145,0.326,0.879,0.514,0.697,0.723,0.758,-0.004,0.256,-0.531,0.833,-0.396,0.917,0.845,-0.204,0.753,0.441,0.259,0.585,0.69,0.479,-0.305,-0.405,-0.002,0.073,0.335,-0.366,0.449,0.138,-0.125,0.611,0.481,0.398,0.158,0.647,0.441,0.835,0.07,0.444,0.71,0.672
GILD,-0.377,-0.358,0.732,0.222,-0.191,-0.453,-0.328,0.331,0.725,0.83,0.759,0.61,-0.361,-0.463,-0.586,0.638,0.545,-0.533,0.753,0.408,-0.191,-0.405,0.763,0.843,-0.456,0.824,-0.268,0.674,0.28,-0.582,1.0,0.084,0.075,-0.123,0.064,-0.077,-0.369,-0.015,0.575,-0.328,0.552,0.737,0.908,-0.27,-0.432,-0.594,0.583,0.893,0.501,0.632,-0.17,-0.058,0.727,0.742,-0.519,-0.499,0.51,-0.6,-0.584,0.493,-0.108,-0.535,-0.068,-0.633,-0.286,-0.371,0.228,0.159,0.829,-0.604,0.78,-0.523,-0.582,0.527,-0.609,0.144,0.152,-0.34,-0.221,-0.134,0.711,0.891,0.213,0.277,-0.059,0.667,-0.096,0.214,0.467,-0.102,0.026,0.126,0.147,-0.383,-0.107,-0.591,0.348,0.006,-0.499,-0.609
GOOG,0.419,0.65,0.104,0.162,0.722,0.557,0.627,-0.11,0.183,-0.029,-0.011,-0.187,0.537,0.414,0.508,0.287,0.502,0.285,0.164,0.313,0.66,0.537,0.14,-0.03,0.454,0.001,0.38,0.41,-0.007,0.508,0.084,1.0,0.991,0.48,0.706,0.533,0.638,0.051,-0.112,0.679,0.065,0.212,-0.025,0.348,0.325,0.327,0.395,0.211,0.52,0.349,0.318,0.592,0.533,0.059,0.303,0.395,0.188,0.439,0.105,0.152,-0.147,0.499,0.489,0.327,0.615,0.687,0.463,0.475,-0.028,0.407,0.185,0.541,0.432,0.171,0.284,0.815,0.625,0.358,0.708,0.679,0.116,0.192,0.242,0.469,0.627,0.028,0.524,0.66,0.45,0.625,0.739,0.527,0.356,0.497,0.252,0.35,0.37,0.435,0.197,0.247
GOOGL,0.432,0.64,0.095,0.157,0.726,0.568,0.606,-0.111,0.181,-0.029,-0.025,-0.204,0.517,0.426,0.516,0.275,0.486,0.271,0.154,0.299,0.657,0.53,0.133,-0.042,0.463,0.011,0.359,0.386,-0.034,0.516,0.075,0.991,1.0,0.484,0.708,0.516,0.626,0.044,-0.131,0.697,0.043,0.201,-0.02,0.345,0.298,0.322,0.381,0.2,0.526,0.338,0.348,0.595,0.517,0.052,0.301,0.406,0.194,0.45,0.092,0.154,-0.16,0.505,0.491,0.309,0.619,0.705,0.451,0.493,-0.039,0.429,0.18,0.542,0.447,0.181,0.274,0.814,0.652,0.352,0.681,0.695,0.079,0.176,0.251,0.475,0.607,0.019,0.526,0.666,0.445,0.615,0.758,0.515,0.36,0.504,0.244,0.341,0.376,0.42,0.206,0.248
GT,0.529,0.476,0.226,0.282,0.813,0.603,0.556,-0.089,0.137,-0.122,-0.348,-0.544,0.331,0.343,0.559,0.377,0.395,0.381,0.095,0.563,0.568,0.553,-0.069,-0.156,0.638,-0.004,0.364,0.277,-0.153,0.488,-0.123,0.48,0.484,1.0,0.666,0.657,0.568,-0.236,-0.478,0.487,-0.367,0.357,-0.076,0.45,0.32,0.243,0.376,0.014,0.143,0.411,0.1,0.496,0.287,-0.029,0.406,0.462,-0.208,0.424,0.097,0.108,0.065,0.455,0.757,0.259,0.645,0.52,0.585,0.632,-0.351,0.462,0.203,0.572,0.506,-0.294,0.28,0.6,0.561,0.293,0.579,0.664,-0.166,-0.038,0.508,0.145,0.363,-0.404,0.173,0.548,0.514,0.434,0.377,0.585,0.115,0.613,0.531,0.365,0.658,0.501,0.391,0.266
HBAN,0.376,0.448,0.215,0.074,0.763,0.535,0.633,-0.158,0.262,-0.037,-0.169,-0.288,0.411,0.179,0.593,0.481,0.517,0.309,0.17,0.589,0.522,0.521,0.061,-0.003,0.742,0.049,0.276,0.353,0.016,0.467,0.064,0.706,0.708,0.666,1.0,0.822,0.533,-0.218,-0.29,0.474,-0.252,0.407,-0.02,0.267,0.212,0.155,0.34,0.215,0.291,0.344,0.168,0.615,0.405,-0.034,0.282,0.282,-0.056,0.478,-0.031,0.068,-0.049,0.445,0.542,0.158,0.729,0.533,0.558,0.693,-0.093,0.295,0.285,0.487,0.468,-0.067,0.285,0.649,0.558,0.136,0.662,0.655,0.008,0.119,0.502,0.262,0.554,-0.163,0.329,0.643,0.54,0.568,0.586,0.412,0.184,0.539,0.44,0.347,0.557,0.529,0.322,0.056
HST,0.395,0.53,0.09,0.184,0.734,0.667,0.68,-0.235,0.252,-0.218,-0.285,-0.365,0.543,0.341,0.649,0.42,0.34,0.49,0.0,0.63,0.487,0.688,-0.111,-0.177,0.794,-0.049,0.497,0.154,0.08,0.557,-0.077,0.533,0.516,0.657,0.822,1.0,0.662,-0.288,-0.3,0.378,-0.313,0.273,-0.164,0.449,0.461,0.305,0.334,-0.022,0.097,0.189,0.092,0.667,0.278,-0.157,0.508,0.423,-0.155,0.556,0.207,0.037,0.238,0.56,0.62,0.397,0.683,0.571,0.369,0.574,-0.188,0.413,0.169,0.588,0.576,-0.275,0.498,0.579,0.396,0.199,0.655,0.566,0.01,-0.051,0.483,-0.049,0.442,-0.21,0.093,0.397,0.405,0.531,0.469,0.458,-0.044,0.535,0.527,0.476,0.427,0.472,0.504,0.307
INTC,0.675,0.851,-0.21,0.387,0.74,0.865,0.754,-0.401,0.003,-0.465,-0.366,-0.452,0.808,0.773,0.781,0.006,0.047,0.715,-0.322,0.272,0.664,0.878,-0.199,-0.476,0.709,-0.366,0.752,-0.003,0.027,0.826,-0.369,0.638,0.626,0.568,0.533,0.662,1.0,0.118,-0.288,0.712,-0.236,-0.164,-0.464,0.766,0.803,0.744,0.252,-0.301,0.18,-0.07,0.36,0.684,0.123,-0.312,0.856,0.798,0.011,0.749,0.622,0.048,0.418,0.868,0.738,0.715,0.709,0.778,0.198,0.307,-0.395,0.765,-0.218,0.847,0.739,-0.16,0.766,0.686,0.311,0.585,0.745,0.517,-0.125,-0.215,0.097,0.106,0.441,-0.241,0.368,0.279,0.085,0.587,0.499,0.704,0.148,0.637,0.557,0.823,0.25,0.491,0.742,0.687
IOVA,0.19,0.039,-0.039,0.147,-0.181,0.059,0.106,-0.316,-0.121,0.001,0.31,0.361,0.375,0.248,-0.014,-0.302,-0.38,-0.08,-0.332,-0.205,-0.032,0.056,0.178,0.074,-0.205,-0.081,0.215,-0.044,0.218,0.162,-0.015,0.051,0.044,-0.236,-0.218,-0.288,0.118,1.0,0.433,0.293,0.32,-0.371,-0.149,0.259,0.286,0.434,0.003,-0.06,0.408,-0.35,0.08,-0.083,-0.016,0.175,0.071,0.251,0.466,0.118,0.453,0.134,0.194,0.235,-0.066,0.138,-0.009,-0.031,-0.316,-0.249,0.183,0.112,-0.388,0.133,0.049,0.54,0.132,-0.079,-0.119,0.473,0.167,-0.23,0.259,0.2,-0.6,0.504,0.047,0.348,0.638,-0.255,-0.486,0.212,0.079,0.132,0.464,0.006,0.072,0.211,-0.129,0.126,0.068,0.177
IQ,-0.33,-0.305,0.367,0.233,-0.453,-0.349,-0.304,0.007,0.436,0.568,0.873,0.868,-0.128,-0.165,-0.471,0.213,0.012,-0.461,0.213,0.02,-0.21,-0.308,0.633,0.523,-0.539,0.544,-0.043,0.236,0.502,-0.35,0.575,-0.112,-0.131,-0.478,-0.29,-0.3,-0.288,0.433,1.0,-0.236,0.708,0.117,0.425,-0.068,-0.045,-0.169,0.326,0.433,0.513,0.01,0.053,-0.131,0.364,0.613,-0.351,-0.246,0.679,-0.457,-0.031,0.47,0.199,-0.252,-0.257,-0.3,-0.432,-0.263,-0.322,-0.088,0.758,-0.391,0.205,-0.385,-0.435,0.703,-0.309,-0.035,-0.104,0.039,-0.169,-0.386,0.698,0.652,-0.288,0.275,-0.183,0.824,0.152,-0.332,-0.191,-0.013,0.108,0.005,0.142,-0.431,-0.184,-0.312,-0.159,-0.001,-0.291,-0.222
JBLU,0.794,0.601,-0.158,0.23,0.627,0.685,0.683,-0.391,-0.144,-0.319,-0.259,-0.34,0.662,0.599,0.684,-0.062,0.041,0.397,-0.324,0.141,0.584,0.647,-0.139,-0.238,0.54,-0.309,0.464,0.004,0.059,0.762,-0.328,0.679,0.697,0.487,0.474,0.378,0.712,0.293,-0.236,1.0,-0.179,-0.234,-0.414,0.562,0.576,0.63,0.175,-0.183,0.284,-0.097,0.273,0.454,0.109,-0.189,0.539,0.607,0.01,0.699,0.447,-0.026,0.133,0.72,0.525,0.489,0.664,0.63,0.226,0.359,-0.319,0.674,-0.264,0.723,0.677,0.079,0.515,0.566,0.444,0.609,0.621,0.496,-0.127,-0.154,0.047,0.362,0.458,-0.159,0.607,0.404,-0.013,0.624,0.525,0.518,0.624,0.66,0.44,0.6,0.239,0.484,0.505,0.494
JD,-0.313,-0.169,0.359,0.306,-0.226,-0.288,-0.29,0.278,0.304,0.652,0.785,0.738,-0.151,-0.112,-0.474,0.196,0.235,-0.505,0.455,-0.036,-0.016,-0.315,0.562,0.47,-0.611,0.506,-0.059,0.259,0.42,-0.35,0.552,0.065,0.043,-0.367,-0.252,-0.313,-0.236,0.32,0.708,-0.179,1.0,0.225,0.492,-0.052,-0.193,-0.235,0.293,0.452,0.599,0.091,0.098,-0.047,0.422,0.706,-0.418,-0.218,0.653,-0.498,-0.162,0.43,-0.041,-0.321,-0.149,-0.281,-0.313,-0.151,-0.049,-0.073,0.747,-0.269,0.227,-0.277,-0.442,0.683,-0.431,0.071,0.084,-0.003,-0.088,-0.052,0.668,0.633,-0.158,0.374,0.057,0.81,0.134,-0.072,-0.027,-0.07,0.214,0.032,0.165,-0.456,-0.279,-0.407,-0.084,-0.084,-0.459,-0.335
KDP,-0.243,-0.114,0.701,0.171,0.243,-0.188,-0.085,0.449,0.661,0.682,0.385,0.171,-0.318,-0.423,-0.252,0.77,0.752,-0.321,0.824,0.598,0.026,-0.217,0.515,0.557,-0.033,0.701,-0.247,0.716,0.012,-0.377,0.737,0.212,0.201,0.357,0.407,0.273,-0.164,-0.371,0.117,-0.234,0.225,1.0,0.762,-0.177,-0.411,-0.583,0.515,0.785,0.32,0.822,-0.18,0.114,0.709,0.537,-0.359,-0.353,0.174,-0.419,-0.646,0.332,-0.237,-0.34,0.247,-0.551,0.049,-0.071,0.611,0.454,0.436,-0.371,0.902,-0.301,-0.28,0.112,-0.508,0.33,0.286,-0.433,-0.039,0.239,0.331,0.658,0.504,0.187,0.158,0.257,-0.204,0.536,0.803,-0.074,0.12,0.221,-0.011,-0.101,0.028,-0.398,0.661,0.115,-0.372,-0.59
KHC,-0.378,-0.435,0.733,0.21,-0.182,-0.505,-0.414,0.443,0.666,0.821,0.655,0.482,-0.489,-0.527,-0.623,0.615,0.565,-0.563,0.826,0.33,-0.234,-0.518,0.687,0.773,-0.494,0.844,-0.357,0.61,0.176,-0.663,0.908,-0.025,-0.02,-0.076,-0.02,-0.164,-0.464,-0.149,0.425,-0.414,0.492,0.762,1.0,-0.293,-0.54,-0.676,0.519,0.85,0.401,0.644,-0.188,-0.144,0.659,0.733,-0.558,-0.533,0.421,-0.709,-0.673,0.499,-0.167,-0.612,-0.071,-0.714,-0.353,-0.396,0.31,0.163,0.719,-0.609,0.79,-0.571,-0.638,0.394,-0.719,0.051,0.146,-0.415,-0.353,-0.092,0.579,0.801,0.293,0.205,-0.083,0.523,-0.229,0.195,0.548,-0.233,-0.046,0.069,0.036,-0.401,-0.14,-0.656,0.37,-0.073,-0.519,-0.674
LRCX,0.678,0.564,0.018,0.722,0.587,0.758,0.469,-0.429,0.156,-0.235,-0.17,-0.191,0.614,0.631,0.488,0.012,-0.047,0.372,-0.269,0.254,0.444,0.701,0.023,-0.3,0.428,-0.097,0.771,-0.105,0.099,0.596,-0.27,0.348,0.345,0.45,0.267,0.449,0.766,0.259,-0.068,0.562,-0.052,-0.177,-0.293,1.0,0.777,0.605,0.43,-0.217,0.319,-0.221,0.258,0.525,0.159,-0.046,0.745,0.739,0.253,0.515,0.584,0.414,0.642,0.7,0.759,0.515,0.356,0.611,0.02,0.318,-0.223,0.644,-0.263,0.694,0.487,0.045,0.572,0.546,0.247,0.636,0.585,0.334,0.081,-0.091,-0.004,0.096,0.263,-0.018,0.274,-0.033,-0.048,0.472,0.411,0.768,0.151,0.528,0.653,0.624,0.223,0.59,0.736,0.574
LYFT,0.607,0.613,-0.181,0.379,0.445,0.787,0.621,-0.61,-0.037,-0.452,-0.257,-0.246,0.785,0.751,0.636,-0.149,-0.278,0.653,-0.553,0.145,0.429,0.778,-0.112,-0.452,0.512,-0.348,0.845,-0.198,0.177,0.764,-0.432,0.325,0.298,0.32,0.212,0.461,0.803,0.286,-0.045,0.576,-0.193,-0.411,-0.54,0.777,1.0,0.783,0.184,-0.413,0.123,-0.347,0.328,0.397,-0.036,-0.288,0.812,0.759,0.151,0.649,0.76,0.185,0.65,0.792,0.5,0.715,0.442,0.603,-0.182,0.185,-0.325,0.682,-0.458,0.797,0.604,-0.079,0.759,0.396,0.147,0.7,0.616,0.231,0.049,-0.251,-0.092,-0.057,0.169,-0.114,0.288,-0.165,-0.263,0.595,0.368,0.552,0.038,0.511,0.6,0.803,0.036,0.537,0.781,0.736
MARA,0.626,0.602,-0.456,0.185,0.368,0.731,0.622,-0.512,-0.344,-0.618,-0.403,-0.384,0.819,0.737,0.695,-0.385,-0.333,0.64,-0.633,-0.051,0.516,0.697,-0.347,-0.607,0.498,-0.596,0.686,-0.342,-0.003,0.757,-0.594,0.327,0.322,0.243,0.155,0.305,0.744,0.434,-0.169,0.63,-0.235,-0.583,-0.676,0.605,0.783,1.0,-0.1,-0.578,0.004,-0.427,0.346,0.397,-0.267,-0.355,0.713,0.722,-0.042,0.689,0.801,-0.107,0.386,0.796,0.327,0.75,0.472,0.542,-0.091,-0.038,-0.502,0.687,-0.627,0.757,0.739,-0.08,0.821,0.266,0.082,0.762,0.534,0.24,-0.231,-0.417,-0.272,0.06,0.31,-0.249,0.458,-0.084,-0.358,0.512,0.289,0.341,0.095,0.552,0.402,0.766,-0.092,0.268,0.669,0.814
MCHP,0.23,0.049,0.759,0.691,0.415,0.167,0.149,-0.137,0.783,0.488,0.479,0.26,0.09,0.023,-0.105,0.69,0.53,-0.229,0.446,0.667,0.344,0.174,0.661,0.489,-0.034,0.633,0.266,0.505,0.366,-0.059,0.583,0.395,0.381,0.376,0.34,0.334,0.252,0.003,0.326,0.175,0.293,0.515,0.519,0.43,0.184,-0.1,1.0,0.583,0.636,0.494,-0.04,0.477,0.796,0.619,0.052,0.04,0.517,-0.125,-0.186,0.755,0.234,-0.003,0.584,-0.192,0.119,0.161,0.29,0.544,0.466,-0.069,0.47,0.046,-0.114,0.435,-0.16,0.666,0.511,0.271,0.289,0.235,0.663,0.684,0.338,0.303,0.208,0.471,0.108,0.215,0.486,0.428,0.395,0.737,0.192,0.092,0.408,-0.119,0.561,0.554,0.114,-0.085
MDLZ,-0.247,-0.304,0.735,0.259,-0.043,-0.374,-0.217,0.324,0.696,0.832,0.668,0.516,-0.338,-0.49,-0.423,0.659,0.606,-0.542,0.773,0.445,-0.097,-0.371,0.752,0.825,-0.321,0.834,-0.273,0.689,0.191,-0.468,0.893,0.211,0.2,0.014,0.215,-0.022,-0.301,-0.06,0.433,-0.183,0.452,0.785,0.85,-0.217,-0.413,-0.578,0.583,1.0,0.532,0.668,-0.148,-0.066,0.782,0.675,-0.494,-0.437,0.492,-0.556,-0.644,0.522,-0.188,-0.479,0.016,-0.668,-0.137,-0.248,0.37,0.265,0.675,-0.521,0.783,-0.433,-0.477,0.442,-0.591,0.243,0.23,-0.321,-0.145,-0.045,0.591,0.832,0.217,0.307,0.066,0.569,-0.058,0.357,0.545,-0.039,0.101,0.178,0.229,-0.258,-0.098,-0.546,0.447,0.117,-0.433,-0.629
META,0.103,0.135,0.574,0.451,0.275,0.157,0.061,-0.037,0.5,0.561,0.61,0.494,0.153,0.173,-0.073,0.414,0.389,-0.309,0.358,0.267,0.308,0.158,0.687,0.47,-0.139,0.556,0.232,0.501,0.28,0.082,0.501,0.52,0.526,0.143,0.291,0.097,0.18,0.408,0.513,0.284,0.599,0.32,0.401,0.319,0.123,0.004,0.636,0.532,1.0,0.242,0.257,0.348,0.727,0.636,-0.088,0.194,0.809,-0.055,-0.023,0.644,0.053,0.13,0.325,-0.127,0.086,0.299,0.157,0.43,0.545,0.085,0.315,0.156,-0.142,0.787,-0.175,0.54,0.478,0.345,0.393,0.257,0.604,0.721,-0.056,0.737,0.325,0.614,0.596,0.172,0.221,0.38,0.667,0.467,0.385,0.059,0.151,-0.071,0.28,0.419,-0.058,-0.093
MNST,-0.14,0.036,0.572,0.115,0.272,-0.171,0.016,0.382,0.51,0.495,0.295,0.007,-0.244,-0.274,-0.216,0.632,0.744,-0.13,0.72,0.513,0.141,-0.151,0.384,0.453,-0.05,0.485,-0.211,0.746,-0.138,-0.325,0.632,0.349,0.338,0.411,0.344,0.189,-0.07,-0.35,0.01,-0.097,0.091,0.822,0.644,-0.221,-0.347,-0.427,0.494,0.668,0.242,1.0,-0.189,0.129,0.67,0.4,-0.246,-0.323,0.022,-0.327,-0.538,0.223,-0.348,-0.276,0.241,-0.352,0.105,-0.02,0.652,0.392,0.282,-0.34,0.826,-0.245,-0.226,0.045,-0.403,0.44,0.397,-0.308,0.007,0.302,0.206,0.544,0.503,0.215,0.127,0.113,-0.121,0.603,0.819,-0.079,0.136,0.292,0.033,-0.049,-0.022,-0.339,0.644,0.009,-0.37,-0.378
MRNA,0.087,0.386,-0.152,0.087,0.226,0.411,0.204,-0.214,-0.161,-0.169,-0.083,-0.038,0.336,0.589,0.385,-0.226,-0.142,0.296,-0.242,-0.231,0.353,0.426,-0.061,-0.324,0.276,-0.114,0.392,-0.199,-0.029,0.442,-0.17,0.318,0.348,0.1,0.168,0.092,0.36,0.08,0.053,0.273,0.098,-0.18,-0.188,0.258,0.328,0.346,-0.04,-0.148,0.257,-0.189,1.0,0.183,-0.057,-0.086,0.358,0.56,0.306,0.289,0.355,0.075,0.185,0.457,0.256,0.37,0.139,0.592,-0.15,-0.034,-0.09,0.522,-0.171,0.409,0.293,0.172,0.37,0.3,0.308,0.266,0.288,0.237,-0.142,-0.104,-0.079,0.101,0.162,-0.029,0.194,-0.005,-0.023,0.282,0.47,0.106,-0.169,0.077,0.085,0.448,-0.079,0.086,0.238,0.359
MRVL,0.507,0.536,0.151,0.352,0.719,0.614,0.48,-0.217,0.276,-0.16,-0.134,-0.235,0.428,0.449,0.498,0.423,0.375,0.33,0.032,0.451,0.683,0.595,0.044,-0.204,0.541,-0.051,0.457,0.104,0.186,0.482,-0.058,0.592,0.595,0.496,0.615,0.667,0.684,-0.083,-0.131,0.454,-0.047,0.114,-0.144,0.525,0.397,0.397,0.477,-0.066,0.348,0.129,0.183,1.0,0.356,0.05,0.463,0.422,0.092,0.498,0.235,0.215,0.215,0.545,0.637,0.357,0.53,0.586,0.325,0.546,-0.087,0.425,0.058,0.519,0.445,0.12,0.451,0.711,0.491,0.389,0.61,0.649,0.089,0.066,0.341,0.291,0.481,-0.032,0.358,0.314,0.316,0.542,0.628,0.603,0.088,0.397,0.354,0.393,0.327,0.482,0.469,0.36
MSFT,0.015,0.125,0.72,0.451,0.324,0.023,0.096,0.186,0.805,0.646,0.548,0.336,-0.011,-0.116,-0.159,0.772,0.708,-0.293,0.677,0.616,0.289,0.037,0.751,0.574,-0.073,0.709,0.126,0.739,0.197,-0.107,0.727,0.533,0.517,0.287,0.405,0.278,0.123,-0.016,0.364,0.109,0.422,0.709,0.659,0.159,-0.036,-0.267,0.796,0.782,0.727,0.67,-0.057,0.356,1.0,0.667,-0.171,-0.063,0.576,-0.235,-0.399,0.663,-0.032,-0.089,0.384,-0.33,0.086,0.169,0.442,0.539,0.538,-0.153,0.725,-0.06,-0.17,0.444,-0.35,0.643,0.429,0.019,0.267,0.297,0.605,0.792,0.285,0.457,0.272,0.506,0.177,0.399,0.608,0.289,0.471,0.568,0.24,0.006,0.141,-0.246,0.574,0.431,-0.158,-0.282
MSTR,-0.189,-0.394,0.76,0.359,-0.104,-0.263,-0.252,0.207,0.576,0.774,0.763,0.604,-0.284,-0.313,-0.506,0.564,0.448,-0.645,0.612,0.403,0.085,-0.365,0.723,0.657,-0.528,0.711,-0.134,0.473,0.389,-0.436,0.742,0.059,0.052,-0.029,-0.034,-0.157,-0.312,0.175,0.613,-0.189,0.706,0.537,0.733,-0.046,-0.288,-0.355,0.619,0.675,0.636,0.4,-0.086,0.05,0.667,1.0,-0.525,-0.316,0.607,-0.569,-0.414,0.616,-0.08,-0.419,0.003,-0.535,-0.285,-0.261,0.171,0.238,0.768,-0.409,0.497,-0.377,-0.439,0.672,-0.581,0.179,0.295,0.075,-0.08,0.019,0.739,0.788,0.096,0.43,0.014,0.764,0.101,0.025,0.309,0.104,0.219,0.183,0.167,-0.265,-0.013,-0.565,0.255,0.173,-0.475,-0.458
MU,0.618,0.731,-0.326,0.34,0.514,0.788,0.56,-0.491,-0.144,-0.598,-0.502,-0.454,0.686,0.743,0.694,-0.234,-0.218,0.809,-0.517,0.051,0.385,0.834,-0.35,-0.556,0.68,-0.508,0.736,-0.264,-0.065,0.764,-0.519,0.303,0.301,0.406,0.282,0.508,0.856,0.071,-0.351,0.539,-0.418,-0.359,-0.558,0.745,0.812,0.713,0.052,-0.494,-0.088,-0.246,0.358,0.463,-0.171,-0.525,1.0,0.751,-0.125,0.754,0.728,-0.032,0.642,0.828,0.631,0.738,0.507,0.638,-0.038,0.106,-0.511,0.698,-0.36,0.783,0.629,-0.291,0.853,0.411,0.073,0.451,0.531,0.28,-0.288,-0.416,0.089,-0.152,0.142,-0.385,0.149,-0.003,-0.077,0.35,0.242,0.559,-0.024,0.528,0.548,0.874,0.06,0.329,0.869,0.691
MVIS,0.553,0.71,-0.273,0.283,0.537,0.783,0.555,-0.432,-0.202,-0.521,-0.426,-0.405,0.723,0.877,0.708,-0.259,-0.253,0.59,-0.526,-0.034,0.504,0.811,-0.282,-0.554,0.573,-0.357,0.749,-0.198,-0.14,0.811,-0.499,0.395,0.406,0.462,0.282,0.423,0.798,0.251,-0.246,0.607,-0.218,-0.353,-0.533,0.739,0.759,0.722,0.04,-0.437,0.194,-0.323,0.56,0.422,-0.063,-0.316,0.751,1.0,0.143,0.666,0.724,0.023,0.418,0.867,0.601,0.739,0.446,0.745,-0.106,0.083,-0.449,0.896,-0.392,0.816,0.664,-0.087,0.719,0.42,0.24,0.627,0.636,0.353,-0.245,-0.329,-0.192,0.141,0.227,-0.288,0.402,0.001,-0.176,0.468,0.44,0.464,0.033,0.523,0.448,0.79,0.043,0.367,0.634,0.768
NFLX,-0.087,-0.03,0.503,0.439,-0.072,-0.017,-0.174,-0.11,0.55,0.547,0.677,0.667,0.054,0.121,-0.266,0.251,0.081,-0.345,0.205,0.07,0.042,-0.027,0.751,0.411,-0.349,0.605,0.268,0.294,0.3,-0.096,0.51,0.188,0.194,-0.208,-0.056,-0.155,0.011,0.466,0.679,0.01,0.653,0.174,0.421,0.253,0.151,-0.042,0.517,0.492,0.809,0.022,0.306,0.092,0.576,0.607,-0.125,0.143,1.0,-0.283,0.007,0.717,0.267,-0.015,0.086,-0.186,-0.253,0.096,-0.202,0.107,0.609,-0.01,0.164,-0.059,-0.304,0.771,-0.204,0.26,0.203,0.22,0.13,-0.093,0.674,0.669,-0.268,0.46,-0.003,0.708,0.303,-0.191,-0.043,0.241,0.41,0.3,0.144,-0.237,0.028,-0.124,0.082,0.296,-0.075,-0.106
NNDM,0.627,0.668,-0.421,-0.004,0.557,0.777,0.676,-0.491,-0.34,-0.614,-0.602,-0.525,0.693,0.624,0.811,-0.239,-0.203,0.665,-0.59,0.078,0.456,0.834,-0.437,-0.485,0.784,-0.616,0.526,-0.273,-0.024,0.874,-0.6,0.439,0.45,0.424,0.478,0.556,0.749,0.118,-0.457,0.699,-0.498,-0.419,-0.709,0.515,0.649,0.689,-0.125,-0.556,-0.055,-0.327,0.289,0.498,-0.235,-0.569,0.754,0.666,-0.283,1.0,0.639,-0.293,0.286,0.831,0.45,0.717,0.685,0.637,-0.006,0.242,-0.551,0.691,-0.4,0.837,0.774,-0.248,0.793,0.351,0.143,0.479,0.657,0.409,-0.392,-0.489,0.04,0.017,0.315,-0.453,0.426,0.131,-0.163,0.532,0.368,0.337,0.166,0.705,0.446,0.797,0.008,0.397,0.687,0.653
NVAX,0.468,0.512,-0.462,0.121,0.174,0.61,0.391,-0.575,-0.424,-0.601,-0.277,-0.183,0.665,0.753,0.522,-0.484,-0.55,0.632,-0.753,-0.209,0.183,0.635,-0.401,-0.532,0.37,-0.56,0.686,-0.4,0.041,0.643,-0.584,0.105,0.092,0.097,-0.031,0.207,0.622,0.453,-0.031,0.447,-0.162,-0.646,-0.673,0.584,0.76,0.801,-0.186,-0.644,-0.023,-0.538,0.355,0.235,-0.399,-0.414,0.728,0.724,0.007,0.639,1.0,-0.175,0.549,0.745,0.245,0.842,0.267,0.43,-0.367,-0.213,-0.341,0.634,-0.639,0.643,0.464,-0.042,0.823,0.071,-0.069,0.581,0.475,0.009,-0.168,-0.413,-0.298,-0.023,0.008,-0.187,0.354,-0.295,-0.529,0.317,0.162,0.217,0.056,0.377,0.331,0.747,-0.306,0.12,0.606,0.792
NVDA,0.095,-0.052,0.689,0.695,0.173,0.087,-0.073,-0.045,0.755,0.564,0.544,0.468,-0.036,-0.044,-0.222,0.512,0.331,-0.325,0.422,0.428,0.143,-0.017,0.781,0.411,-0.208,0.676,0.318,0.296,0.277,-0.145,0.493,0.152,0.154,0.108,0.068,0.037,0.048,0.134,0.47,-0.026,0.43,0.332,0.499,0.414,0.185,-0.107,0.755,0.522,0.644,0.223,0.075,0.215,0.663,0.616,-0.032,0.023,0.717,-0.293,-0.175,1.0,0.347,-0.105,0.343,-0.289,-0.151,0.103,0.044,0.406,0.475,-0.118,0.294,-0.005,-0.251,0.494,-0.233,0.418,0.31,0.209,0.134,0.088,0.639,0.594,0.137,0.223,0.004,0.547,0.055,-0.112,0.218,0.253,0.342,0.557,0.015,-0.095,0.242,-0.191,0.383,0.487,0.128,-0.149
NWL,0.317,0.27,-0.005,0.534,0.035,0.392,0.131,-0.442,0.231,-0.143,-0.015,0.152,0.343,0.376,0.198,-0.049,-0.278,0.372,-0.339,0.115,0.041,0.474,0.134,-0.111,0.216,-0.022,0.637,-0.221,0.269,0.326,-0.108,-0.147,-0.16,0.065,-0.049,0.238,0.418,0.194,0.199,0.133,-0.041,-0.237,-0.167,0.642,0.65,0.386,0.234,-0.188,0.053,-0.348,0.185,0.215,-0.032,-0.08,0.642,0.418,0.267,0.286,0.549,0.347,1.0,0.399,0.371,0.36,-0.004,0.176,-0.301,0.051,0.011,0.273,-0.208,0.349,0.175,0.034,0.497,0.124,-0.193,0.291,0.253,-0.175,0.206,-0.042,-0.006,-0.234,-0.181,0.078,-0.066,-0.398,-0.275,0.214,0.041,0.448,-0.056,0.14,0.482,0.454,-0.066,0.354,0.693,0.394
OCGN,0.659,0.772,-0.327,0.167,0.597,0.852,0.688,-0.467,-0.229,-0.576,-0.437,-0.427,0.796,0.814,0.817,-0.186,-0.167,0.702,-0.54,0.04,0.521,0.851,-0.337,-0.581,0.748,-0.487,0.687,-0.175,-0.016,0.879,-0.535,0.499,0.505,0.455,0.445,0.56,0.868,0.235,-0.252,0.72,-0.321,-0.34,-0.612,0.7,0.792,0.796,-0.003,-0.479,0.13,-0.276,0.457,0.545,-0.089,-0.419,0.828,0.867,-0.015,0.831,0.745,-0.105,0.399,1.0,0.575,0.748,0.611,0.769,-0.018,0.229,-0.482,0.83,-0.38,0.859,0.769,-0.091,0.84,0.468,0.208,0.598,0.687,0.436,-0.286,-0.353,-0.064,0.18,0.316,-0.304,0.503,0.106,-0.118,0.51,0.516,0.477,0.136,0.669,0.505,0.916,0.073,0.423,0.712,0.716
ON,0.566,0.608,0.241,0.643,0.794,0.649,0.53,-0.193,0.318,-0.103,-0.195,-0.328,0.455,0.513,0.491,0.296,0.315,0.319,0.053,0.486,0.567,0.679,0.053,-0.166,0.555,0.054,0.542,0.176,-0.028,0.514,-0.068,0.489,0.491,0.757,0.542,0.62,0.738,-0.066,-0.257,0.525,-0.149,0.247,-0.071,0.759,0.5,0.327,0.584,0.016,0.325,0.241,0.256,0.637,0.384,0.003,0.631,0.601,0.086,0.45,0.245,0.343,0.371,0.575,1.0,0.352,0.535,0.643,0.378,0.514,-0.21,0.555,0.157,0.595,0.473,-0.067,0.363,0.762,0.456,0.385,0.596,0.509,-0.032,0.071,0.312,0.173,0.396,-0.155,0.175,0.366,0.415,0.42,0.434,0.858,0.124,0.484,0.595,0.506,0.587,0.559,0.571,0.357
