,AAL,AAPL,AGNC,AMAT,AMD,AMZN,APA,ARDX,AVGO,AZN,BIDU,BILI,BKR,CAN,CHRD,CMCSA,CPRT,CRWD,CSCO,CSX,DKNG,EBAY,ERIC,EXC,FITB,FLEX,FTNT,GEN,GERN,GEVO,GILD,GOOG,GOOGL,GT,HBAN,HST,INTC,IOVA,IQ,JBLU,JD,KDP,KHC,LRCX,LYFT,MARA,MCHP,MDLZ,META,MNST,MRNA,MRVL,MSFT,MSTR,MU,MVIS,NFLX,NNDM,NVAX,NVDA,NWL,OCGN,ON,OPK,PAA,PACB,PANW,PARA,PDD,PENN,PEP,PLUG,PTEN,PTON,PYPL,QCOM,QVCGA,RIOT,ROKU,RUN,SABR,SBUX,SMCI,SNDL,STNE,TCOM,TLRY,TMUS,TSCO,TSLA,TTD,TXN,UAL,VOD,VTRS,VXRT,WBA,WBD,WDC,ZM
AAL,1.0,0.635,-0.241,0.14,0.727,0.609,0.467,-0.229,-0.257,-0.277,-0.349,-0.509,0.138,0.528,0.586,0.397,0.738,0.364,0.213,0.117,0.734,0.629,0.242,-0.262,0.674,-0.275,0.087,0.39,-0.053,0.482,-0.204,0.692,0.699,0.667,0.752,0.617,0.747,-0.045,-0.463,0.891,-0.284,0.582,-0.253,0.279,-0.016,0.729,0.397,0.1,-0.148,0.399,-0.363,0.604,0.027,-0.093,0.544,0.674,-0.046,0.166,0.526,-0.066,-0.188,0.244,0.691,0.502,0.584,0.497,0.663,0.485,-0.417,0.631,0.292,0.456,0.413,-0.102,0.605,0.569,0.545,0.552,0.635,0.288,-0.223,0.019,0.478,0.483,0.56,-0.395,0.455,0.667,0.612,0.726,0.422,0.605,0.838,0.772,-0.074,0.367,0.605,0.588,0.607,0.422
AAPL,0.635,1.0,-0.252,0.302,0.732,0.792,0.628,0.036,-0.075,-0.273,-0.245,-0.453,0.516,0.815,0.668,0.404,0.781,0.584,0.33,0.208,0.709,0.902,0.304,-0.331,0.706,-0.241,0.448,0.558,-0.092,0.683,-0.146,0.809,0.813,0.697,0.689,0.726,0.932,-0.052,-0.405,0.671,-0.225,0.657,-0.266,0.524,0.266,0.734,0.443,0.102,0.036,0.525,-0.226,0.694,0.237,-0.16,0.814,0.867,0.103,0.392,0.759,-0.064,0.082,0.66,0.791,0.76,0.687,0.818,0.662,0.55,-0.453,0.855,0.537,0.645,0.71,-0.178,0.746,0.782,0.554,0.474,0.738,0.467,-0.285,0.077,0.456,0.385,0.53,-0.421,0.406,0.69,0.68,0.548,0.64,0.756,0.592,0.666,0.108,0.755,0.662,0.638,0.765,0.645
AGNC,-0.241,-0.252,1.0,0.493,-0.128,-0.022,0.025,-0.152,0.777,0.757,0.694,0.505,0.172,-0.325,-0.385,0.55,0.003,-0.43,0.643,0.658,-0.229,-0.171,0.532,0.759,-0.315,0.767,0.461,0.15,0.551,-0.223,0.82,-0.002,-0.01,0.043,-0.198,-0.068,-0.192,0.171,0.554,-0.328,0.353,0.1,0.827,0.356,0.407,-0.494,0.559,0.682,0.713,0.255,0.453,0.087,0.751,0.674,-0.313,-0.293,0.555,-0.032,-0.349,0.738,0.499,-0.061,-0.099,-0.526,-0.197,-0.181,-0.322,0.305,0.599,-0.312,0.397,-0.1,-0.229,0.531,-0.442,0.204,0.174,0.056,-0.124,0.301,0.698,0.666,0.171,-0.072,-0.429,0.648,-0.143,-0.276,-0.048,-0.052,0.331,0.236,-0.262,-0.279,0.595,-0.38,0.161,0.254,-0.145,-0.396
AMAT,0.14,0.302,0.493,1.0,0.16,0.272,0.149,0.222,0.66,0.57,0.482,0.316,0.325,0.203,-0.136,0.604,0.239,-0.116,0.7,0.645,0.224,0.263,0.626,0.467,-0.099,0.652,0.744,0.325,0.504,-0.005,0.577,0.265,0.264,0.263,-0.047,0.208,0.305,0.147,0.369,-0.012,0.412,0.284,0.582,0.865,0.582,-0.042,0.729,0.557,0.548,0.232,0.3,0.388,0.759,0.559,0.215,0.165,0.627,-0.077,0.222,0.771,0.699,0.177,0.315,-0.1,-0.061,0.182,0.028,0.369,0.308,0.297,0.549,0.032,0.063,0.303,-0.03,0.57,0.238,0.198,0.107,0.376,0.483,0.543,0.271,-0.082,-0.144,0.347,-0.148,-0.15,0.097,-0.03,0.535,0.693,0.056,-0.096,0.491,-0.072,0.454,0.375,0.356,0.18
AMD,0.727,0.732,-0.128,0.16,1.0,0.798,0.699,-0.263,-0.148,-0.264,-0.387,-0.543,0.428,0.608,0.726,0.459,0.821,0.539,0.327,0.304,0.747,0.781,0.209,-0.308,0.779,-0.222,0.3,0.513,-0.154,0.642,-0.204,0.811,0.799,0.772,0.79,0.822,0.835,-0.167,-0.491,0.692,-0.279,0.675,-0.248,0.432,0.17,0.717,0.485,0.102,-0.036,0.583,-0.352,0.73,0.129,-0.096,0.667,0.713,-0.031,0.331,0.438,-0.012,-0.229,0.424,0.77,0.582,0.738,0.785,0.809,0.617,-0.414,0.648,0.442,0.676,0.597,-0.187,0.646,0.739,0.666,0.553,0.79,0.494,-0.153,0.093,0.572,0.429,0.729,-0.448,0.453,0.704,0.835,0.726,0.577,0.673,0.539,0.774,0.111,0.525,0.718,0.62,0.647,0.465
AMZN,0.609,0.792,-0.022,0.272,0.798,1.0,0.752,-0.169,0.055,-0.241,-0.295,-0.513,0.593,0.63,0.781,0.588,0.788,0.561,0.389,0.513,0.71,0.873,0.216,-0.269,0.792,-0.157,0.552,0.438,0.043,0.805,-0.102,0.788,0.794,0.845,0.719,0.841,0.856,-0.316,-0.437,0.562,-0.328,0.637,-0.211,0.536,0.376,0.652,0.498,0.099,0.087,0.529,-0.109,0.811,0.311,-0.055,0.714,0.707,-0.027,0.586,0.512,0.028,0.101,0.685,0.682,0.62,0.762,0.81,0.667,0.716,-0.381,0.761,0.524,0.781,0.796,-0.212,0.742,0.771,0.657,0.512,0.73,0.697,-0.165,0.046,0.654,0.249,0.506,-0.367,0.292,0.663,0.733,0.637,0.709,0.662,0.408,0.732,0.369,0.688,0.648,0.69,0.747,0.557
APA,0.467,0.628,0.025,0.149,0.699,0.752,1.0,-0.135,0.07,-0.212,-0.225,-0.452,0.801,0.535,0.78,0.425,0.619,0.39,0.359,0.497,0.579,0.604,0.117,-0.194,0.672,-0.116,0.314,0.391,0.056,0.759,-0.092,0.723,0.714,0.765,0.642,0.693,0.692,-0.159,-0.356,0.474,-0.268,0.502,-0.17,0.387,0.306,0.529,0.366,0.117,0.118,0.536,-0.029,0.584,0.293,-0.057,0.465,0.523,-0.129,0.598,0.273,-0.007,-0.099,0.65,0.535,0.484,0.84,0.67,0.571,0.633,-0.338,0.656,0.38,0.73,0.836,-0.198,0.451,0.684,0.648,0.417,0.647,0.71,-0.144,0.027,0.448,0.248,0.475,-0.258,0.31,0.679,0.641,0.52,0.591,0.526,0.327,0.603,0.419,0.639,0.621,0.511,0.444,0.306
ARDX,-0.229,0.036,-0.152,0.222,-0.263,-0.169,-0.135,1.0,0.136,0.083,0.017,0.104,0.132,0.044,-0.191,-0.223,-0.318,0.033,-0.072,-0.098,-0.214,-0.16,-0.138,-0.029,-0.292,0.092,0.175,-0.099,-0.028,-0.01,-0.084,-0.217,-0.227,-0.197,-0.466,-0.289,-0.155,0.16,0.2,-0.311,0.2,-0.369,-0.041,0.205,0.322,-0.067,-0.289,-0.216,0.108,-0.257,0.327,-0.184,0.128,-0.056,-0.032,-0.153,0.012,0.113,0.003,0.099,0.305,0.263,-0.266,-0.012,-0.304,-0.013,-0.115,-0.218,-0.067,0.11,-0.114,-0.033,0.04,-0.069,-0.12,-0.105,-0.409,-0.241,-0.309,0.08,-0.116,-0.161,-0.319,-0.226,-0.101,0.044,-0.207,-0.327,-0.374,-0.554,-0.051,-0.096,-0.282,-0.26,0.093,0.078,-0.233,-0.36,-0.135,0.241
AVGO,-0.257,-0.075,0.777,0.66,-0.148,0.055,0.07,0.136,1.0,0.684,0.595,0.529,0.272,-0.206,-0.313,0.516,-0.094,-0.287,0.576,0.687,-0.26,-0.109,0.514,0.612,-0.259,0.865,0.622,0.081,0.549,-0.111,0.675,-0.024,-0.024,0.035,-0.289,-0.015,-0.087,0.023,0.607,-0.383,0.328,-0.021,0.7,0.617,0.703,-0.434,0.492,0.499,0.685,0.086,0.649,0.131,0.828,0.492,-0.126,-0.264,0.596,0.095,-0.26,0.871,0.724,0.169,-0.089,-0.463,-0.256,-0.065,-0.399,0.317,0.516,-0.099,0.393,-0.005,-0.084,0.343,-0.34,0.306,-0.053,-0.144,-0.134,0.354,0.615,0.506,0.128,-0.319,-0.487,0.64,-0.34,-0.372,-0.157,-0.203,0.37,0.315,-0.332,-0.294,0.67,-0.25,0.108,0.136,0.05,-0.175
AZN,-0.277,-0.273,0.757,0.57,-0.264,-0.241,-0.212,0.083,0.684,1.0,0.836,0.741,0.008,-0.363,-0.529,0.355,-0.069,-0.604,0.62,0.427,-0.238,-0.227,0.676,0.891,-0.494,0.842,0.334,0.16,0.58,-0.405,0.849,-0.076,-0.085,-0.205,-0.306,-0.22,-0.267,0.464,0.703,-0.302,0.673,0.05,0.858,0.352,0.285,-0.459,0.466,0.711,0.725,0.002,0.394,-0.092,0.668,0.768,-0.426,-0.312,0.746,-0.299,-0.209,0.76,0.514,-0.259,-0.199,-0.602,-0.369,-0.259,-0.345,0.172,0.71,-0.321,0.32,-0.299,-0.431,0.659,-0.55,0.097,0.015,0.018,-0.197,0.058,0.745,0.768,-0.071,-0.045,-0.335,0.73,-0.08,-0.401,-0.232,-0.158,0.259,0.187,-0.133,-0.356,0.361,-0.547,0.047,0.123,-0.221,-0.422
BIDU,-0.349,-0.245,0.694,0.482,-0.387,-0.295,-0.225,0.017,0.595,0.836,1.0,0.798,0.068,-0.288,-0.558,0.297,-0.08,-0.639,0.58,0.313,-0.269,-0.254,0.602,0.815,-0.58,0.73,0.265,0.173,0.647,-0.439,0.879,-0.066,-0.077,-0.334,-0.315,-0.288,-0.255,0.594,0.786,-0.313,0.747,0.012,0.828,0.236,0.184,-0.449,0.444,0.685,0.747,-0.029,0.316,-0.105,0.609,0.754,-0.465,-0.27,0.74,-0.359,-0.127,0.623,0.49,-0.207,-0.234,-0.481,-0.332,-0.282,-0.436,0.033,0.803,-0.362,0.247,-0.414,-0.409,0.742,-0.545,0.05,0.026,0.11,-0.206,-0.033,0.771,0.804,-0.195,0.081,-0.364,0.789,0.014,-0.335,-0.293,-0.157,0.239,0.141,-0.106,-0.484,0.274,-0.457,-0.037,0.125,-0.283,-0.423
BILI,-0.509,-0.453,0.505,0.316,-0.543,-0.513,-0.452,0.104,0.529,0.741,0.798,1.0,-0.189,-0.448,-0.66,0.042,-0.397,-0.598,0.25,0.113,-0.471,-0.479,0.376,0.709,-0.656,0.662,0.131,-0.08,0.474,-0.561,0.623,-0.363,-0.38,-0.552,-0.53,-0.418,-0.505,0.513,0.848,-0.501,0.75,-0.307,0.613,0.129,0.187,-0.589,0.133,0.383,0.566,-0.358,0.347,-0.277,0.374,0.579,-0.515,-0.513,0.628,-0.422,-0.328,0.56,0.452,-0.344,-0.436,-0.607,-0.604,-0.476,-0.626,-0.162,0.842,-0.518,-0.033,-0.546,-0.618,0.68,-0.583,-0.207,-0.361,-0.222,-0.279,-0.272,0.718,0.562,-0.323,-0.07,-0.531,0.757,-0.087,-0.621,-0.549,-0.406,0.013,-0.133,-0.29,-0.654,0.107,-0.648,-0.324,-0.191,-0.379,-0.486
BKR,0.138,0.516,0.172,0.325,0.428,0.593,0.801,0.132,0.272,0.008,0.068,-0.189,1.0,0.462,0.503,0.361,0.398,0.202,0.437,0.518,0.326,0.492,0.16,0.034,0.345,0.088,0.51,0.331,0.222,0.637,0.12,0.566,0.557,0.512,0.306,0.445,0.508,-0.006,-0.093,0.131,-0.02,0.272,0.005,0.492,0.451,0.322,0.347,0.18,0.393,0.353,0.237,0.52,0.486,0.093,0.302,0.359,0.06,0.621,0.218,0.126,0.173,0.735,0.291,0.343,0.597,0.572,0.316,0.481,-0.133,0.556,0.342,0.617,0.773,0.022,0.257,0.602,0.512,0.358,0.392,0.751,0.003,0.168,0.233,0.172,0.298,-0.035,0.239,0.392,0.321,0.186,0.628,0.43,0.049,0.304,0.55,0.576,0.413,0.367,0.272,0.304
CAN,0.528,0.815,-0.325,0.203,0.608,0.63,0.535,0.044,-0.206,-0.363,-0.288,-0.448,0.462,1.0,0.616,0.119,0.588,0.598,0.089,0.028,0.671,0.748,0.08,-0.416,0.551,-0.342,0.29,0.417,-0.182,0.655,-0.274,0.653,0.653,0.576,0.521,0.539,0.806,-0.051,-0.34,0.557,-0.118,0.385,-0.371,0.4,0.221,0.793,0.289,-0.121,-0.01,0.406,-0.176,0.628,0.048,-0.148,0.749,0.808,-0.027,0.379,0.592,-0.178,-0.066,0.624,0.607,0.817,0.566,0.703,0.566,0.302,-0.383,0.75,0.239,0.604,0.624,-0.101,0.707,0.636,0.486,0.52,0.616,0.371,-0.275,-0.024,0.23,0.389,0.472,-0.388,0.4,0.574,0.566,0.427,0.466,0.594,0.409,0.574,-0.019,0.705,0.442,0.377,0.524,0.753
CHRD,0.586,0.668,-0.385,-0.136,0.726,0.781,0.78,-0.191,-0.313,-0.529,-0.558,-0.66,0.503,0.616,1.0,0.191,0.616,0.61,-0.015,0.155,0.649,0.708,-0.133,-0.522,0.886,-0.466,0.102,0.213,-0.243,0.868,-0.463,0.643,0.64,0.71,0.759,0.694,0.739,-0.33,-0.624,0.603,-0.531,0.454,-0.549,0.131,0.076,0.751,0.074,-0.209,-0.239,0.384,-0.282,0.55,-0.131,-0.414,0.661,0.674,-0.395,0.61,0.388,-0.347,-0.261,0.595,0.506,0.684,0.851,0.755,0.659,0.482,-0.642,0.719,0.196,0.72,0.851,-0.448,0.762,0.477,0.515,0.354,0.638,0.476,-0.514,-0.296,0.363,0.255,0.606,-0.621,0.345,0.766,0.676,0.589,0.355,0.349,0.412,0.739,0.019,0.779,0.489,0.41,0.569,0.471
CMCSA,0.397,0.404,0.55,0.604,0.459,0.588,0.425,-0.223,0.516,0.355,0.297,0.042,0.361,0.119,0.191,1.0,0.61,0.014,0.791,0.808,0.384,0.497,0.663,0.344,0.316,0.44,0.648,0.466,0.474,0.247,0.488,0.512,0.51,0.548,0.401,0.603,0.495,-0.025,0.117,0.253,0.019,0.631,0.443,0.661,0.475,0.084,0.806,0.587,0.425,0.472,-0.024,0.652,0.698,0.456,0.263,0.325,0.433,0.092,0.218,0.547,0.467,0.237,0.505,0.009,0.346,0.36,0.258,0.771,0.137,0.361,0.712,0.264,0.296,0.19,0.18,0.651,0.547,0.383,0.422,0.515,0.407,0.52,0.59,0.184,0.079,0.143,0.142,0.203,0.433,0.42,0.685,0.721,0.305,0.291,0.564,0.062,0.656,0.769,0.522,0.099
CPRT,0.738,0.781,0.003,0.239,0.821,0.788,0.619,-0.318,-0.094,-0.069,-0.08,-0.397,0.398,0.588,0.616,0.61,1.0,0.351,0.554,0.357,0.806,0.84,0.471,-0.084,0.674,-0.134,0.366,0.707,-0.004,0.547,0.095,0.896,0.893,0.723,0.86,0.794,0.859,0.05,-0.354,0.791,-0.118,0.864,-0.014,0.392,0.069,0.682,0.639,0.395,0.142,0.665,-0.421,0.71,0.287,0.144,0.547,0.806,0.195,0.178,0.577,0.015,-0.105,0.356,0.78,0.573,0.732,0.74,0.774,0.685,-0.23,0.651,0.65,0.549,0.535,0.048,0.574,0.765,0.769,0.726,0.807,0.436,0.004,0.363,0.519,0.588,0.661,-0.266,0.564,0.785,0.844,0.834,0.689,0.753,0.728,0.764,0.132,0.471,0.778,0.842,0.625,0.394
CRWD,0.364,0.584,-0.43,-0.116,0.539,0.561,0.39,0.033,-0.287,-0.604,-0.639,-0.598,0.202,0.598,0.61,0.014,0.351,1.0,-0.245,-0.003,0.38,0.543,-0.237,-0.597,0.642,-0.512,0.216,0.272,-0.339,0.553,-0.562,0.339,0.332,0.521,0.406,0.532,0.576,-0.428,-0.531,0.308,-0.501,0.231,-0.522,0.157,0.237,0.543,-0.09,-0.439,-0.415,0.292,-0.199,0.368,-0.24,-0.517,0.799,0.516,-0.396,0.43,0.372,-0.341,-0.072,0.498,0.371,0.635,0.474,0.502,0.563,0.215,-0.536,0.491,0.053,0.551,0.525,-0.538,0.762,0.299,0.178,0.048,0.402,0.316,-0.407,-0.392,0.452,0.028,0.285,-0.634,0.083,0.416,0.504,0.197,0.146,0.263,0.144,0.49,0.089,0.693,0.301,0.157,0.556,0.524
CSCO,0.213,0.33,0.643,0.7,0.327,0.389,0.359,-0.072,0.576,0.62,0.58,0.25,0.437,0.089,-0.015,0.791,0.554,-0.245,1.0,0.741,0.323,0.368,0.81,0.593,0.023,0.612,0.623,0.628,0.46,0.062,0.762,0.543,0.538,0.392,0.267,0.379,0.379,0.32,0.248,0.16,0.341,0.616,0.685,0.652,0.343,-0.028,0.867,0.85,0.677,0.534,0.075,0.497,0.851,0.683,0.049,0.226,0.672,-0.047,0.191,0.655,0.414,0.145,0.403,-0.09,0.238,0.303,0.226,0.644,0.369,0.203,0.799,0.135,0.131,0.464,-0.115,0.686,0.581,0.445,0.368,0.458,0.554,0.796,0.366,0.293,0.127,0.349,0.219,0.179,0.364,0.309,0.717,0.729,0.251,0.129,0.556,-0.06,0.619,0.697,0.303,-0.022
CSX,0.117,0.208,0.658,0.645,0.304,0.513,0.497,-0.098,0.687,0.427,0.313,0.113,0.518,0.028,0.155,0.808,0.357,-0.003,0.741,1.0,0.195,0.306,0.473,0.434,0.175,0.531,0.712,0.35,0.471,0.23,0.522,0.325,0.321,0.512,0.144,0.466,0.304,-0.138,0.153,-0.066,0.047,0.414,0.497,0.681,0.614,-0.124,0.689,0.519,0.452,0.45,0.23,0.495,0.762,0.489,0.172,0.057,0.314,0.254,-0.01,0.606,0.536,0.307,0.257,-0.116,0.276,0.237,0.129,0.679,0.221,0.229,0.644,0.274,0.342,0.108,0.014,0.565,0.462,0.162,0.231,0.648,0.43,0.428,0.547,-0.109,-0.126,0.212,-0.122,0.027,0.316,0.115,0.565,0.579,-0.068,0.097,0.798,0.044,0.557,0.518,0.349,0.012
DKNG,0.734,0.709,-0.229,0.224,0.747,0.71,0.579,-0.214,-0.26,-0.238,-0.269,-0.471,0.326,0.671,0.649,0.384,0.806,0.38,0.323,0.195,1.0,0.737,0.31,-0.328,0.58,-0.309,0.235,0.54,-0.086,0.554,-0.155,0.741,0.741,0.666,0.717,0.643,0.809,-0.01,-0.419,0.759,-0.087,0.679,-0.242,0.314,0.036,0.791,0.479,0.136,-0.058,0.467,-0.409,0.678,0.084,0.126,0.541,0.761,0.069,0.11,0.576,-0.077,-0.202,0.311,0.729,0.584,0.667,0.663,0.783,0.52,-0.346,0.746,0.401,0.521,0.529,-0.035,0.567,0.703,0.648,0.763,0.746,0.367,-0.133,0.138,0.392,0.533,0.674,-0.337,0.504,0.667,0.704,0.735,0.568,0.651,0.644,0.688,-0.006,0.459,0.649,0.67,0.596,0.506
EBAY,0.629,0.902,-0.171,0.263,0.781,0.873,0.604,-0.16,-0.109,-0.227,-0.254,-0.479,0.492,0.748,0.708,0.497,0.84,0.543,0.368,0.306,0.737,1.0,0.321,-0.254,0.76,-0.226,0.47,0.537,-0.03,0.717,-0.102,0.795,0.798,0.736,0.756,0.83,0.916,-0.174,-0.451,0.657,-0.275,0.733,-0.243,0.477,0.229,0.705,0.504,0.145,0.013,0.536,-0.279,0.758,0.22,-0.088,0.792,0.872,0.043,0.4,0.703,-0.096,0.083,0.58,0.787,0.725,0.722,0.827,0.664,0.626,-0.413,0.813,0.57,0.675,0.717,-0.165,0.769,0.76,0.669,0.554,0.742,0.495,-0.222,0.119,0.551,0.366,0.559,-0.438,0.394,0.69,0.746,0.64,0.648,0.724,0.569,0.735,0.167,0.706,0.675,0.722,0.776,0.621
ERIC,0.242,0.304,0.532,0.626,0.209,0.216,0.117,-0.138,0.514,0.676,0.602,0.376,0.16,0.08,-0.133,0.663,0.471,-0.237,0.81,0.473,0.31,0.321,1.0,0.559,-0.023,0.623,0.513,0.613,0.462,-0.096,0.717,0.428,0.432,0.226,0.245,0.274,0.321,0.404,0.378,0.244,0.401,0.589,0.651,0.547,0.271,0.028,0.788,0.8,0.565,0.327,0.057,0.383,0.702,0.671,0.038,0.26,0.825,-0.265,0.335,0.66,0.45,-0.023,0.382,-0.13,0.074,0.169,0.113,0.56,0.417,0.164,0.659,0.018,-0.08,0.579,-0.09,0.578,0.458,0.411,0.342,0.225,0.564,0.825,0.306,0.337,0.038,0.398,0.256,0.096,0.229,0.355,0.629,0.657,0.383,0.139,0.372,-0.15,0.536,0.676,0.351,-0.046
EXC,-0.262,-0.331,0.759,0.467,-0.308,-0.269,-0.194,-0.029,0.612,0.891,0.815,0.709,0.034,-0.416,-0.522,0.344,-0.084,-0.597,0.593,0.434,-0.328,-0.254,0.559,1.0,-0.511,0.761,0.261,0.188,0.569,-0.394,0.859,-0.061,-0.07,-0.214,-0.3,-0.232,-0.305,0.44,0.614,-0.305,0.543,0.008,0.852,0.24,0.187,-0.567,0.44,0.737,0.687,0.075,0.315,-0.146,0.635,0.673,-0.44,-0.364,0.597,-0.229,-0.285,0.625,0.448,-0.279,-0.257,-0.597,-0.308,-0.345,-0.387,0.119,0.737,-0.381,0.302,-0.342,-0.424,0.648,-0.569,0.037,0.053,-0.014,-0.227,0.029,0.738,0.729,-0.049,-0.028,-0.421,0.68,-0.051,-0.329,-0.246,-0.193,0.182,0.138,-0.108,-0.363,0.411,-0.559,0.003,0.094,-0.286,-0.494
FITB,0.674,0.706,-0.315,-0.099,0.779,0.792,0.672,-0.292,-0.259,-0.494,-0.58,-0.656,0.345,0.551,0.886,0.316,0.674,0.642,0.023,0.175,0.58,0.76,-0.023,-0.511,1.0,-0.419,0.152,0.244,-0.236,0.772,-0.421,0.64,0.651,0.744,0.853,0.815,0.774,-0.389,-0.609,0.686,-0.612,0.585,-0.493,0.203,0.055,0.706,0.168,-0.136,-0.274,0.412,-0.297,0.592,-0.106,-0.441,0.748,0.72,-0.289,0.52,0.485,-0.278,-0.196,0.539,0.675,0.635,0.784,0.725,0.648,0.547,-0.638,0.668,0.314,0.701,0.741,-0.436,0.828,0.51,0.487,0.272,0.659,0.394,-0.5,-0.238,0.558,0.261,0.553,-0.61,0.328,0.724,0.732,0.659,0.397,0.434,0.527,0.8,0.026,0.726,0.567,0.494,0.707,0.426
FLEX,-0.275,-0.241,0.767,0.652,-0.222,-0.157,-0.116,0.092,0.865,0.842,0.73,0.662,0.088,-0.342,-0.466,0.44,-0.134,-0.512,0.612,0.531,-0.309,-0.226,0.623,0.761,-0.419,1.0,0.468,0.083,0.575,-0.349,0.783,-0.091,-0.099,-0.121,-0.313,-0.126,-0.235,0.209,0.715,-0.375,0.482,-0.014,0.836,0.508,0.474,-0.485,0.504,0.639,0.698,0.008,0.537,-0.014,0.746,0.622,-0.34,-0.304,0.682,-0.201,-0.29,0.904,0.635,-0.127,-0.152,-0.575,-0.401,-0.2,-0.447,0.201,0.637,-0.268,0.344,-0.225,-0.326,0.49,-0.481,0.181,-0.03,-0.087,-0.203,0.126,0.713,0.632,-0.011,-0.251,-0.422,0.709,-0.288,-0.429,-0.258,-0.191,0.274,0.228,-0.249,-0.35,0.493,-0.484,0.047,0.104,-0.097,-0.268
FTNT,0.087,0.448,0.461,0.744,0.3,0.552,0.314,0.175,0.622,0.334,0.265,0.131,0.51,0.29,0.102,0.648,0.366,0.216,0.623,0.712,0.235,0.47,0.513,0.261,0.152,0.468,1.0,0.388,0.331,0.296,0.395,0.373,0.367,0.449,0.092,0.41,0.411,-0.132,0.174,-0.032,0.149,0.318,0.362,0.82,0.738,0.054,0.625,0.386,0.488,0.317,0.312,0.514,0.75,0.371,0.378,0.296,0.458,0.255,0.249,0.605,0.684,0.479,0.31,0.136,0.108,0.439,0.16,0.533,0.149,0.405,0.58,0.351,0.331,0.126,0.228,0.636,0.332,0.198,0.306,0.579,0.351,0.396,0.459,-0.077,-0.073,0.142,-0.093,-0.004,0.219,0.068,0.651,0.616,-0.062,0.098,0.659,0.222,0.437,0.513,0.475,0.363
GEN,0.39,0.558,0.15,0.325,0.513,0.438,0.391,-0.099,0.081,0.16,0.173,-0.08,0.331,0.417,0.213,0.466,0.707,0.272,0.628,0.35,0.54,0.537,0.613,0.188,0.244,0.083,0.388,1.0,0.003,0.182,0.334,0.688,0.677,0.46,0.489,0.522,0.588,0.315,-0.041,0.451,0.102,0.703,0.242,0.392,0.144,0.336,0.622,0.545,0.272,0.628,-0.304,0.463,0.432,0.334,0.341,0.509,0.421,-0.072,0.438,0.168,0.015,0.187,0.524,0.323,0.434,0.429,0.593,0.534,0.127,0.344,0.693,0.267,0.206,0.287,0.214,0.673,0.598,0.555,0.602,0.296,0.267,0.585,0.362,0.569,0.383,-0.032,0.516,0.481,0.583,0.437,0.599,0.679,0.484,0.439,0.345,0.207,0.649,0.641,0.406,0.251
GERN,-0.053,-0.092,0.551,0.504,-0.154,0.043,0.056,-0.028,0.549,0.58,0.647,0.474,0.222,-0.182,-0.243,0.474,-0.004,-0.339,0.46,0.471,-0.086,-0.03,0.462,0.569,-0.236,0.575,0.331,0.003,1.0,-0.117,0.586,0.012,0.005,-0.05,-0.138,0.023,-0.014,0.187,0.517,-0.156,0.475,0.038,0.565,0.376,0.389,-0.255,0.434,0.404,0.499,-0.136,0.377,0.202,0.53,0.534,-0.198,-0.174,0.429,0.007,0.028,0.522,0.594,0.044,-0.061,-0.336,-0.069,-0.166,-0.331,0.268,0.508,-0.068,0.113,-0.053,-0.058,0.441,-0.207,0.142,0.111,0.114,-0.113,0.303,0.614,0.46,0.203,-0.119,-0.288,0.584,-0.121,-0.23,-0.243,-0.032,0.367,0.226,-0.014,-0.213,0.46,-0.186,0.077,0.247,0.033,-0.281
GEVO,0.482,0.683,-0.223,-0.005,0.642,0.805,0.759,-0.01,-0.111,-0.405,-0.439,-0.561,0.637,0.655,0.868,0.247,0.547,0.553,0.062,0.23,0.554,0.717,-0.096,-0.394,0.772,-0.349,0.296,0.182,-0.117,1.0,-0.353,0.662,0.659,0.699,0.609,0.618,0.714,-0.307,-0.469,0.493,-0.41,0.302,-0.469,0.289,0.319,0.672,0.12,-0.18,0.027,0.353,-0.036,0.583,0.099,-0.32,0.643,0.64,-0.277,0.789,0.328,-0.224,-0.097,0.793,0.462,0.636,0.758,0.811,0.538,0.515,-0.535,0.756,0.199,0.848,0.861,-0.335,0.673,0.559,0.439,0.384,0.605,0.61,-0.393,-0.203,0.33,0.235,0.504,-0.447,0.355,0.646,0.566,0.49,0.502,0.397,0.298,0.685,0.177,0.785,0.369,0.399,0.503,0.546
GILD,-0.204,-0.146,0.82,0.577,-0.204,-0.102,-0.092,-0.084,0.675,0.849,0.879,0.623,0.12,-0.274,-0.463,0.488,0.095,-0.562,0.762,0.522,-0.155,-0.102,0.717,0.859,-0.421,0.783,0.395,0.334,0.586,-0.353,1.0,0.095,0.092,-0.097,-0.144,-0.102,-0.124,0.457,0.612,-0.206,0.556,0.249,0.927,0.35,0.198,-0.439,0.63,0.873,0.752,0.264,0.278,0.042,0.753,0.773,-0.339,-0.173,0.75,-0.28,-0.11,0.699,0.505,-0.177,-0.039,-0.47,-0.209,-0.177,-0.272,0.215,0.714,-0.28,0.52,-0.277,-0.313,0.685,-0.479,0.239,0.22,0.147,-0.094,0.109,0.745,0.852,0.048,0.087,-0.296,0.699,-0.017,-0.172,-0.064,-0.03,0.355,0.326,-0.031,-0.312,0.457,-0.41,0.213,0.311,-0.121,-0.394
GOOG,0.692,0.809,-0.002,0.265,0.811,0.788,0.723,-0.217,-0.024,-0.076,-0.066,-0.363,0.566,0.653,0.643,0.512,0.896,0.339,0.543,0.325,0.741,0.795,0.428,-0.061,0.64,-0.091,0.373,0.688,0.012,0.662,0.095,1.0,0.994,0.719,0.794,0.723,0.87,0.118,-0.306,0.744,-0.072,0.715,-0.053,0.475,0.16,0.68,0.608,0.39,0.283,0.643,-0.238,0.719,0.378,0.093,0.543,0.755,0.222,0.36,0.545,0.048,-0.136,0.522,0.73,0.588,0.762,0.787,0.742,0.642,-0.208,0.671,0.564,0.662,0.593,0.099,0.547,0.851,0.765,0.694,0.834,0.542,-0.007,0.347,0.449,0.596,0.688,-0.208,0.614,0.816,0.765,0.762,0.762,0.756,0.664,0.757,0.189,0.533,0.691,0.743,0.562,0.435
GOOGL,0.699,0.813,-0.01,0.264,0.799,0.794,0.714,-0.227,-0.024,-0.085,-0.077,-0.38,0.557,0.653,0.64,0.51,0.893,0.332,0.538,0.321,0.741,0.798,0.432,-0.07,0.651,-0.099,0.367,0.677,0.005,0.659,0.092,0.994,1.0,0.723,0.795,0.719,0.872,0.115,-0.325,0.758,-0.1,0.721,-0.054,0.474,0.135,0.679,0.612,0.388,0.271,0.636,-0.247,0.723,0.37,0.082,0.554,0.756,0.234,0.362,0.576,0.045,-0.135,0.529,0.748,0.585,0.773,0.78,0.745,0.655,-0.221,0.677,0.568,0.664,0.598,0.101,0.55,0.85,0.772,0.691,0.821,0.534,-0.034,0.34,0.473,0.597,0.675,-0.223,0.617,0.818,0.76,0.763,0.765,0.758,0.675,0.767,0.186,0.539,0.7,0.751,0.597,0.441
GT,0.667,0.697,0.043,0.263,0.772,0.845,0.765,-0.197,0.035,-0.205,-0.334,-0.552,0.512,0.576,0.71,0.548,0.723,0.521,0.392,0.512,0.666,0.736,0.226,-0.214,0.744,-0.121,0.449,0.46,-0.05,0.699,-0.097,0.719,0.723,1.0,0.686,0.725,0.77,-0.296,-0.483,0.599,-0.424,0.627,-0.164,0.452,0.312,0.59,0.495,0.148,0.026,0.682,-0.072,0.641,0.299,-0.058,0.63,0.613,-0.105,0.481,0.395,0.079,0.026,0.552,0.662,0.515,0.708,0.667,0.665,0.737,-0.452,0.672,0.531,0.697,0.691,-0.273,0.586,0.733,0.699,0.467,0.695,0.663,-0.214,0.026,0.683,0.23,0.394,-0.447,0.261,0.652,0.73,0.595,0.589,0.678,0.446,0.717,0.387,0.594,0.726,0.65,0.666,0.47
HBAN,0.752,0.689,-0.198,-0.047,0.79,0.719,0.642,-0.466,-0.289,-0.306,-0.315,-0.53,0.306,0.521,0.759,0.401,0.86,0.406,0.267,0.144,0.717,0.756,0.245,-0.3,0.853,-0.313,0.092,0.489,-0.138,0.609,-0.144,0.794,0.795,0.686,1.0,0.802,0.798,-0.096,-0.497,0.849,-0.355,0.784,-0.245,0.148,-0.16,0.727,0.372,0.195,-0.087,0.528,-0.434,0.604,-0.009,-0.149,0.552,0.8,-0.046,0.247,0.526,-0.209,-0.304,0.312,0.751,0.591,0.794,0.684,0.718,0.553,-0.403,0.6,0.451,0.564,0.572,-0.131,0.664,0.588,0.672,0.541,0.783,0.297,-0.252,0.092,0.474,0.552,0.691,-0.394,0.544,0.863,0.81,0.877,0.509,0.528,0.767,0.817,-0.03,0.546,0.654,0.678,0.597,0.29
HST,0.617,0.726,-0.068,0.208,0.822,0.841,0.693,-0.289,-0.015,-0.22,-0.288,-0.418,0.445,0.539,0.694,0.603,0.794,0.532,0.379,0.466,0.643,0.83,0.274,-0.232,0.815,-0.126,0.41,0.522,0.023,0.618,-0.102,0.723,0.719,0.725,0.802,1.0,0.83,-0.287,-0.361,0.596,-0.288,0.754,-0.179,0.489,0.246,0.572,0.513,0.151,-0.048,0.477,-0.316,0.758,0.197,-0.066,0.703,0.721,0.013,0.33,0.524,-0.019,0.011,0.468,0.786,0.588,0.74,0.703,0.636,0.674,-0.289,0.648,0.544,0.644,0.652,-0.215,0.716,0.714,0.611,0.409,0.763,0.456,-0.057,0.106,0.676,0.276,0.518,-0.317,0.296,0.617,0.759,0.643,0.62,0.649,0.516,0.723,0.28,0.523,0.679,0.67,0.747,0.441
INTC,0.747,0.932,-0.192,0.305,0.835,0.856,0.692,-0.155,-0.087,-0.267,-0.255,-0.505,0.508,0.806,0.739,0.495,0.859,0.576,0.379,0.304,0.809,0.916,0.321,-0.305,0.774,-0.235,0.411,0.588,-0.014,0.714,-0.124,0.87,0.872,0.77,0.798,0.83,1.0,-0.103,-0.432,0.756,-0.231,0.734,-0.238,0.527,0.235,0.78,0.545,0.153,0.02,0.553,-0.286,0.804,0.223,-0.09,0.819,0.883,0.087,0.372,0.711,-0.046,0.004,0.591,0.836,0.736,0.779,0.831,0.737,0.608,-0.408,0.835,0.536,0.671,0.71,-0.15,0.769,0.834,0.664,0.572,0.78,0.494,-0.192,0.129,0.541,0.434,0.607,-0.396,0.433,0.752,0.787,0.683,0.661,0.806,0.652,0.748,0.142,0.69,0.727,0.696,0.784,0.611
IOVA,-0.045,-0.052,0.171,0.147,-0.167,-0.316,-0.159,0.16,0.023,0.464,0.594,0.513,-0.006,-0.051,-0.33,-0.025,0.05,-0.428,0.32,-0.138,-0.01,-0.174,0.404,0.44,-0.389,0.209,-0.132,0.315,0.187,-0.307,0.457,0.118,0.115,-0.296,-0.096,-0.287,-0.103,1.0,0.45,0.06,0.598,0.039,0.378,-0.009,-0.206,-0.018,0.168,0.437,0.466,0.024,-0.099,-0.079,0.208,0.502,-0.349,-0.063,0.532,-0.378,0.061,0.166,-0.064,-0.217,-0.096,-0.238,-0.109,-0.15,-0.027,-0.076,0.467,-0.175,0.074,-0.334,-0.33,0.713,-0.366,0.003,0.063,0.271,-0.002,-0.166,0.359,0.604,-0.362,0.589,0.082,0.389,0.544,-0.016,-0.131,-0.029,0.156,0.097,0.261,-0.225,-0.168,-0.289,0.068,0.049,-0.281,-0.283
IQ,-0.463,-0.405,0.554,0.369,-0.491,-0.437,-0.356,0.2,0.607,0.703,0.786,0.848,-0.093,-0.34,-0.624,0.117,-0.354,-0.531,0.248,0.153,-0.419,-0.451,0.378,0.614,-0.609,0.715,0.174,-0.041,0.517,-0.469,0.612,-0.306,-0.325,-0.483,-0.497,-0.361,-0.432,0.45,1.0,-0.462,0.704,-0.295,0.622,0.206,0.326,-0.459,0.16,0.353,0.613,-0.293,0.473,-0.212,0.428,0.592,-0.494,-0.403,0.6,-0.349,-0.318,0.622,0.447,-0.208,-0.348,-0.553,-0.563,-0.368,-0.594,-0.161,0.779,-0.406,-0.005,-0.397,-0.523,0.638,-0.526,-0.108,-0.353,-0.1,-0.325,-0.179,0.707,0.552,-0.343,-0.087,-0.473,0.854,-0.105,-0.584,-0.496,-0.341,0.078,-0.082,-0.287,-0.54,0.19,-0.543,-0.3,-0.206,-0.384,-0.314
JBLU,0.891,0.671,-0.328,-0.012,0.692,0.562,0.474,-0.311,-0.383,-0.302,-0.313,-0.501,0.131,0.557,0.603,0.253,0.791,0.308,0.16,-0.066,0.759,0.657,0.244,-0.305,0.686,-0.375,-0.032,0.451,-0.156,0.493,-0.206,0.744,0.758,0.599,0.849,0.596,0.756,0.06,-0.462,1.0,-0.237,0.657,-0.302,0.115,-0.221,0.786,0.339,0.137,-0.138,0.407,-0.459,0.489,-0.078,-0.14,0.493,0.755,-0.003,0.095,0.617,-0.214,-0.36,0.211,0.734,0.571,0.645,0.572,0.699,0.415,-0.405,0.631,0.31,0.441,0.403,-0.041,0.577,0.534,0.537,0.599,0.699,0.141,-0.271,0.08,0.36,0.608,0.655,-0.372,0.59,0.808,0.661,0.832,0.408,0.527,0.931,0.792,-0.219,0.412,0.579,0.578,0.549,0.358
JD,-0.284,-0.225,0.353,0.412,-0.279,-0.328,-0.268,0.2,0.328,0.673,0.747,0.75,-0.02,-0.118,-0.531,0.019,-0.118,-0.501,0.341,0.047,-0.087,-0.275,0.401,0.543,-0.612,0.482,0.149,0.102,0.475,-0.41,0.556,-0.072,-0.1,-0.424,-0.355,-0.288,-0.231,0.598,0.704,-0.237,1.0,-0.143,0.538,0.238,0.13,-0.221,0.241,0.371,0.581,-0.245,0.216,-0.079,0.356,0.716,-0.42,-0.241,0.643,-0.419,-0.109,0.457,0.239,-0.237,-0.22,-0.303,-0.396,-0.226,-0.242,-0.153,0.772,-0.275,-0.047,-0.326,-0.464,0.705,-0.461,0.015,-0.122,0.154,-0.074,-0.098,0.738,0.623,-0.31,0.14,-0.093,0.741,0.077,-0.367,-0.311,-0.162,0.194,0.052,-0.102,-0.44,0.034,-0.492,-0.181,-0.06,-0.363,-0.258
KDP,0.582,0.657,0.1,0.284,0.675,0.637,0.502,-0.369,-0.021,0.05,0.012,-0.307,0.272,0.385,0.454,0.631,0.864,0.231,0.616,0.414,0.679,0.733,0.589,0.008,0.585,-0.014,0.318,0.703,0.038,0.302,0.249,0.715,0.721,0.627,0.784,0.754,0.734,0.039,-0.295,0.657,-0.143,1.0,0.153,0.343,-0.064,0.454,0.667,0.547,0.043,0.69,-0.425,0.589,0.289,0.2,0.486,0.679,0.27,-0.049,0.595,0.071,0.002,0.148,0.793,0.404,0.643,0.556,0.658,0.621,-0.176,0.502,0.789,0.327,0.409,0.032,0.433,0.682,0.737,0.502,0.649,0.294,0.016,0.425,0.577,0.454,0.497,-0.217,0.361,0.672,0.799,0.697,0.558,0.725,0.665,0.576,0.193,0.352,0.85,0.799,0.634,0.183
KHC,-0.253,-0.266,0.827,0.582,-0.248,-0.211,-0.17,-0.041,0.7,0.858,0.828,0.613,0.005,-0.371,-0.549,0.443,-0.014,-0.522,0.685,0.497,-0.242,-0.243,0.651,0.852,-0.493,0.836,0.362,0.242,0.565,-0.469,0.927,-0.053,-0.054,-0.164,-0.245,-0.179,-0.238,0.378,0.622,-0.302,0.538,0.153,1.0,0.337,0.205,-0.521,0.553,0.795,0.674,0.203,0.306,-0.069,0.686,0.752,-0.371,-0.275,0.699,-0.36,-0.237,0.759,0.518,-0.292,-0.11,-0.579,-0.32,-0.276,-0.295,0.14,0.72,-0.374,0.429,-0.358,-0.418,0.596,-0.558,0.127,0.103,0.029,-0.225,0.05,0.764,0.779,0.045,-0.055,-0.367,0.702,-0.168,-0.298,-0.109,-0.123,0.225,0.257,-0.135,-0.395,0.455,-0.514,0.157,0.203,-0.169,-0.461
LRCX,0.279,0.524,0.356,0.865,0.432,0.536,0.387,0.205,0.617,0.352,0.236,0.129,0.492,0.4,0.131,0.661,0.392,0.157,0.652,0.681,0.314,0.477,0.547,0.24,0.203,0.508,0.82,0.392,0.376,0.289,0.35,0.475,0.474,0.452,0.148,0.489,0.527,-0.009,0.206,0.115,0.238,0.343,0.337,1.0,0.728,0.16,0.723,0.388,0.489,0.283,0.245,0.639,0.743,0.375,0.452,0.33,0.525,0.202,0.32,0.672,0.593,0.459,0.475,0.152,0.164,0.45,0.219,0.556,0.15,0.463,0.559,0.36,0.314,0.165,0.237,0.746,0.334,0.237,0.371,0.548,0.362,0.41,0.452,-0.006,0.061,0.174,-0.014,0.024,0.282,0.125,0.707,0.775,0.103,0.177,0.531,0.157,0.504,0.469,0.555,0.396
LYFT,-0.016,0.266,0.407,0.582,0.17,0.376,0.306,0.322,0.703,0.285,0.184,0.187,0.451,0.221,0.076,0.475,0.069,0.237,0.343,0.614,0.036,0.229,0.271,0.187,0.055,0.474,0.738,0.144,0.389,0.319,0.198,0.16,0.135,0.312,-0.16,0.246,0.235,-0.206,0.326,-0.221,0.13,-0.064,0.205,0.728,1.0,-0.036,0.368,0.064,0.437,0.075,0.525,0.368,0.652,0.204,0.277,0.047,0.272,0.415,-0.04,0.603,0.657,0.542,0.035,-0.003,-0.02,0.283,-0.104,0.45,0.157,0.275,0.244,0.37,0.274,0.012,0.116,0.456,0.012,0.034,0.142,0.574,0.357,0.175,0.251,-0.286,-0.229,0.221,-0.219,-0.228,-0.004,-0.133,0.482,0.413,-0.28,0.009,0.642,0.16,0.142,0.205,0.287,0.332
MARA,0.729,0.734,-0.494,-0.042,0.717,0.652,0.529,-0.067,-0.434,-0.459,-0.449,-0.589,0.322,0.793,0.751,0.084,0.682,0.543,-0.028,-0.124,0.791,0.705,0.028,-0.567,0.706,-0.485,0.054,0.336,-0.255,0.672,-0.439,0.68,0.679,0.59,0.727,0.572,0.78,-0.018,-0.459,0.786,-0.221,0.454,-0.521,0.16,-0.036,1.0,0.13,-0.183,-0.172,0.302,-0.315,0.576,-0.175,-0.206,0.592,0.814,-0.155,0.304,0.58,-0.309,-0.337,0.479,0.599,0.742,0.644,0.704,0.728,0.305,-0.535,0.764,0.117,0.622,0.611,-0.155,0.756,0.506,0.474,0.63,0.659,0.305,-0.418,-0.12,0.213,0.534,0.732,-0.463,0.565,0.732,0.611,0.679,0.407,0.423,0.642,0.776,-0.214,0.658,0.439,0.395,0.497,0.622
MCHP,0.397,0.443,0.559,0.729,0.485,0.498,0.366,-0.289,0.492,0.466,0.444,0.133,0.347,0.289,0.074,0.806,0.639,-0.09,0.867,0.689,0.479,0.504,0.788,0.44,0.168,0.504,0.625,0.622,0.434,0.12,0.63,0.608,0.612,0.495,0.372,0.513,0.545,0.168,0.16,0.339,0.241,0.667,0.553,0.723,0.368,0.13,1.0,0.749,0.527,0.551,-0.06,0.632,0.742,0.603,0.281,0.396,0.654,-0.083,0.336,0.621,0.374,0.144,0.605,0.063,0.298,0.368,0.278,0.647,0.285,0.304,0.747,0.19,0.154,0.408,0.099,0.786,0.646,0.551,0.472,0.381,0.527,0.738,0.52,0.3,0.135,0.239,0.218,0.244,0.479,0.469,0.712,0.855,0.369,0.26,0.441,-0.018,0.686,0.758,0.497,0.15
MDLZ,0.1,0.102,0.682,0.557,0.102,0.099,0.117,-0.216,0.499,0.711,0.685,0.383,0.18,-0.121,-0.209,0.587,0.395,-0.439,0.85,0.519,0.136,0.145,0.8,0.737,-0.136,0.639,0.386,0.545,0.404,-0.18,0.873,0.39,0.388,0.148,0.195,0.151,0.153,0.437,0.353,0.137,0.371,0.547,0.795,0.388,0.064,-0.183,0.749,1.0,0.648,0.498,0.062,0.197,0.731,0.683,-0.157,0.107,0.722,-0.283,0.088,0.594,0.302,-0.138,0.265,-0.28,0.066,0.054,0.06,0.371,0.471,-0.033,0.708,-0.119,-0.146,0.585,-0.277,0.462,0.459,0.321,0.182,0.15,0.574,0.853,0.186,0.294,-0.017,0.48,0.187,0.153,0.244,0.262,0.48,0.522,0.286,0.001,0.368,-0.269,0.471,0.525,0.075,-0.279
META,-0.148,0.036,0.713,0.548,-0.036,0.087,0.118,0.108,0.685,0.725,0.747,0.566,0.393,-0.01,-0.239,0.425,0.142,-0.415,0.677,0.452,-0.058,0.013,0.565,0.687,-0.274,0.698,0.488,0.272,0.499,0.027,0.752,0.283,0.271,0.026,-0.087,-0.048,0.02,0.466,0.613,-0.138,0.581,0.043,0.674,0.489,0.437,-0.172,0.527,0.648,1.0,0.191,0.47,0.223,0.813,0.644,-0.23,-0.034,0.721,0.1,-0.141,0.692,0.406,0.226,-0.028,-0.289,-0.095,0.125,-0.18,0.318,0.597,-0.037,0.394,0.083,-0.097,0.716,-0.314,0.387,0.167,0.289,0.113,0.334,0.634,0.752,-0.093,0.255,-0.114,0.676,0.253,-0.111,-0.065,0.032,0.605,0.338,-0.061,-0.149,0.422,-0.186,0.078,0.27,-0.111,-0.125
MNST,0.399,0.525,0.255,0.232,0.583,0.529,0.536,-0.257,0.086,0.002,-0.029,-0.358,0.353,0.406,0.384,0.472,0.665,0.292,0.534,0.45,0.467,0.536,0.327,0.075,0.412,0.008,0.317,0.628,-0.136,0.353,0.264,0.643,0.636,0.682,0.528,0.477,0.553,0.024,-0.293,0.407,-0.245,0.69,0.203,0.283,0.075,0.302,0.551,0.498,0.191,1.0,-0.209,0.42,0.395,0.126,0.415,0.496,0.087,0.171,0.198,0.097,-0.09,0.285,0.571,0.305,0.551,0.501,0.57,0.485,-0.205,0.363,0.717,0.39,0.383,-0.02,0.256,0.632,0.687,0.401,0.492,0.428,-0.023,0.345,0.436,0.367,0.3,-0.226,0.299,0.628,0.761,0.442,0.416,0.648,0.34,0.427,0.293,0.373,0.738,0.567,0.343,0.18
MRNA,-0.363,-0.226,0.453,0.3,-0.352,-0.109,-0.029,0.327,0.649,0.394,0.316,0.347,0.237,-0.176,-0.282,-0.024,-0.421,-0.199,0.075,0.23,-0.409,-0.279,0.057,0.315,-0.297,0.537,0.312,-0.304,0.377,-0.036,0.278,-0.238,-0.247,-0.072,-0.434,-0.316,-0.286,-0.099,0.473,-0.459,0.216,-0.425,0.306,0.245,0.525,-0.315,-0.06,0.062,0.47,-0.209,1.0,-0.147,0.443,0.163,-0.244,-0.365,0.17,0.339,-0.331,0.514,0.502,0.266,-0.372,-0.37,-0.378,-0.183,-0.521,-0.071,0.288,-0.137,-0.101,0.099,-0.074,0.176,-0.266,-0.002,-0.297,-0.272,-0.319,0.331,0.212,0.058,-0.132,-0.441,-0.47,0.524,-0.401,-0.406,-0.422,-0.366,0.104,-0.125,-0.462,-0.304,0.479,-0.056,-0.322,-0.276,-0.244,-0.115
MRVL,0.604,0.694,0.087,0.388,0.73,0.811,0.584,-0.184,0.131,-0.092,-0.105,-0.277,0.52,0.628,0.55,0.652,0.71,0.368,0.497,0.495,0.678,0.758,0.383,-0.146,0.592,-0.014,0.514,0.463,0.202,0.583,0.042,0.719,0.723,0.641,0.604,0.758,0.804,-0.079,-0.212,0.489,-0.079,0.589,-0.069,0.639,0.368,0.576,0.632,0.197,0.223,0.42,-0.147,1.0,0.389,0.172,0.616,0.635,0.22,0.384,0.494,0.169,0.148,0.555,0.694,0.498,0.6,0.66,0.536,0.67,-0.158,0.644,0.497,0.62,0.588,0.117,0.612,0.787,0.641,0.569,0.673,0.606,0.046,0.238,0.562,0.443,0.457,-0.159,0.424,0.472,0.598,0.557,0.776,0.739,0.412,0.576,0.277,0.464,0.611,0.695,0.691,0.507
MSFT,0.027,0.237,0.751,0.759,0.129,0.311,0.293,0.128,0.828,0.668,0.609,0.374,0.486,0.048,-0.131,0.698,0.287,-0.24,0.851,0.762,0.084,0.22,0.702,0.635,-0.106,0.746,0.75,0.432,0.53,0.099,0.753,0.378,0.37,0.299,-0.009,0.197,0.223,0.208,0.428,-0.078,0.356,0.289,0.686,0.743,0.652,-0.175,0.742,0.731,0.813,0.395,0.443,0.389,1.0,0.632,0.007,0.058,0.677,0.146,0.008,0.8,0.615,0.321,0.183,-0.211,0.024,0.209,-0.047,0.552,0.424,0.157,0.655,0.187,0.104,0.463,-0.192,0.618,0.34,0.256,0.193,0.547,0.585,0.695,0.249,0.063,-0.158,0.506,0.026,-0.049,0.113,0.061,0.687,0.614,-0.014,-0.023,0.693,-0.069,0.386,0.489,0.191,0.006
MSTR,-0.093,-0.16,0.674,0.559,-0.096,-0.055,-0.057,-0.056,0.492,0.768,0.754,0.579,0.093,-0.148,-0.414,0.456,0.144,-0.517,0.683,0.489,0.126,-0.088,0.671,0.673,-0.441,0.622,0.371,0.334,0.534,-0.32,0.773,0.093,0.082,-0.058,-0.149,-0.066,-0.09,0.502,0.592,-0.14,0.716,0.2,0.752,0.375,0.204,-0.206,0.603,0.683,0.644,0.126,0.163,0.172,0.632,1.0,-0.375,-0.136,0.698,-0.382,-0.093,0.637,0.35,-0.231,-0.009,-0.389,-0.211,-0.173,-0.078,0.231,0.716,-0.171,0.344,-0.218,-0.305,0.725,-0.442,0.263,0.288,0.408,0.035,0.156,0.768,0.783,0.042,0.224,-0.106,0.673,0.125,-0.236,-0.039,0.075,0.41,0.316,-0.002,-0.218,0.365,-0.473,0.185,0.332,-0.154,-0.246
MU,0.544,0.814,-0.313,0.215,0.667,0.714,0.465,-0.032,-0.126,-0.426,-0.465,-0.515,0.302,0.749,0.661,0.263,0.547,0.799,0.049,0.172,0.541,0.792,0.038,-0.44,0.748,-0.34,0.378,0.341,-0.198,0.643,-0.339,0.543,0.554,0.63,0.552,0.703,0.819,-0.349,-0.494,0.493,-0.42,0.486,-0.371,0.452,0.277,0.592,0.281,-0.157,-0.23,0.415,-0.244,0.616,0.007,-0.375,1.0,0.738,-0.124,0.417,0.603,-0.154,0.118,0.561,0.703,0.708,0.59,0.694,0.56,0.373,-0.51,0.702,0.359,0.572,0.624,-0.406,0.833,0.598,0.346,0.17,0.536,0.322,-0.369,-0.157,0.557,0.116,0.333,-0.567,0.128,0.504,0.652,0.345,0.353,0.624,0.365,0.542,0.071,0.71,0.53,0.39,0.804,0.625
MVIS,0.674,0.867,-0.293,0.165,0.713,0.707,0.523,-0.153,-0.264,-0.312,-0.27,-0.513,0.359,0.808,0.674,0.325,0.806,0.516,0.226,0.057,0.761,0.872,0.26,-0.364,0.72,-0.304,0.296,0.509,-0.174,0.64,-0.173,0.755,0.756,0.613,0.8,0.721,0.883,-0.063,-0.403,0.755,-0.241,0.679,-0.275,0.33,0.047,0.814,0.396,0.107,-0.034,0.496,-0.365,0.635,0.058,-0.136,0.738,1.0,0.058,0.237,0.685,-0.177,-0.104,0.479,0.787,0.767,0.663,0.8,0.667,0.412,-0.435,0.802,0.461,0.564,0.607,-0.132,0.771,0.677,0.574,0.583,0.705,0.247,-0.292,0.09,0.316,0.496,0.623,-0.401,0.478,0.727,0.719,0.675,0.518,0.644,0.667,0.708,-0.07,0.659,0.585,0.608,0.632,0.655
NFLX,-0.046,0.103,0.555,0.627,-0.031,-0.027,-0.129,0.012,0.596,0.746,0.74,0.628,0.06,-0.027,-0.395,0.433,0.195,-0.396,0.672,0.314,0.069,0.043,0.825,0.597,-0.289,0.682,0.458,0.421,0.429,-0.277,0.75,0.222,0.234,-0.105,-0.046,0.013,0.087,0.532,0.6,-0.003,0.643,0.27,0.699,0.525,0.272,-0.155,0.654,0.722,0.721,0.087,0.17,0.22,0.677,0.698,-0.124,0.058,1.0,-0.375,0.171,0.724,0.452,-0.064,0.165,-0.285,-0.208,0.025,-0.105,0.269,0.629,-0.066,0.467,-0.188,-0.313,0.736,-0.272,0.396,0.136,0.254,0.143,0.004,0.682,0.842,0.015,0.285,-0.091,0.612,0.196,-0.18,-0.036,0.094,0.53,0.453,0.128,-0.177,0.229,-0.349,0.224,0.369,0.126,-0.12
NNDM,0.166,0.392,-0.032,-0.077,0.331,0.586,0.598,0.113,0.095,-0.299,-0.359,-0.422,0.621,0.379,0.61,0.092,0.178,0.43,-0.047,0.254,0.11,0.4,-0.265,-0.229,0.52,-0.201,0.255,-0.072,0.007,0.789,-0.28,0.36,0.362,0.481,0.247,0.33,0.372,-0.378,-0.349,0.095,-0.419,-0.049,-0.36,0.202,0.415,0.304,-0.083,-0.283,0.1,0.171,0.339,0.384,0.146,-0.382,0.417,0.237,-0.375,1.0,0.064,-0.158,0.042,0.799,0.104,0.401,0.511,0.499,0.166,0.352,-0.397,0.445,0.015,0.781,0.717,-0.305,0.46,0.304,0.197,0.044,0.263,0.693,-0.363,-0.324,0.247,-0.073,0.147,-0.273,0.08,0.345,0.235,0.126,0.329,0.125,-0.085,0.422,0.344,0.672,0.079,0.109,0.249,0.347
NVAX,0.526,0.759,-0.349,0.222,0.438,0.512,0.273,0.003,-0.26,-0.209,-0.127,-0.328,0.218,0.592,0.388,0.218,0.577,0.372,0.191,-0.01,0.576,0.703,0.335,-0.285,0.485,-0.29,0.249,0.438,0.028,0.328,-0.11,0.545,0.576,0.395,0.526,0.524,0.711,0.061,-0.318,0.617,-0.109,0.595,-0.237,0.32,-0.04,0.58,0.336,0.088,-0.141,0.198,-0.331,0.494,0.008,-0.093,0.603,0.685,0.171,0.064,1.0,-0.186,0.092,0.364,0.687,0.646,0.499,0.475,0.502,0.346,-0.354,0.623,0.352,0.347,0.433,-0.074,0.634,0.492,0.443,0.399,0.485,0.158,-0.279,0.061,0.453,0.328,0.391,-0.349,0.336,0.506,0.384,0.416,0.455,0.531,0.634,0.527,-0.094,0.552,0.49,0.537,0.732,0.493
NVDA,-0.066,-0.064,0.738,0.771,-0.012,0.028,-0.007,0.099,0.871,0.76,0.623,0.56,0.126,-0.178,-0.347,0.547,0.015,-0.341,0.655,0.606,-0.077,-0.096,0.66,0.625,-0.278,0.904,0.605,0.168,0.522,-0.224,0.699,0.048,0.045,0.079,-0.209,-0.019,-0.046,0.166,0.622,-0.214,0.457,0.071,0.759,0.672,0.603,-0.309,0.621,0.594,0.692,0.097,0.514,0.169,0.8,0.637,-0.154,-0.177,0.724,-0.158,-0.186,1.0,0.643,-0.016,0.016,-0.487,-0.317,-0.044,-0.242,0.345,0.557,-0.104,0.414,-0.103,-0.251,0.47,-0.351,0.373,0.045,0.053,-0.026,0.258,0.683,0.631,0.141,-0.14,-0.312,0.612,-0.191,-0.365,-0.104,-0.062,0.433,0.425,-0.146,-0.24,0.523,-0.384,0.209,0.237,0.102,-0.145
NWL,-0.188,0.082,0.499,0.699,-0.229,0.101,-0.099,0.305,0.724,0.514,0.49,0.452,0.173,-0.066,-0.261,0.467,-0.105,-0.072,0.414,0.536,-0.202,0.083,0.45,0.448,-0.196,0.635,0.684,0.015,0.594,-0.097,0.505,-0.136,-0.135,0.026,-0.304,0.011,0.004,-0.064,0.447,-0.36,0.239,0.002,0.518,0.593,0.657,-0.337,0.374,0.302,0.406,-0.09,0.502,0.148,0.615,0.35,0.118,-0.104,0.452,0.042,0.092,0.643,1.0,0.186,-0.06,-0.225,-0.289,-0.071,-0.385,0.236,0.329,0.057,0.322,-0.119,0.003,0.167,-0.059,0.188,-0.102,-0.19,-0.194,0.252,0.393,0.298,0.227,-0.413,-0.545,0.343,-0.443,-0.416,-0.249,-0.32,0.285,0.309,-0.244,-0.322,0.566,-0.047,0.083,0.167,0.271,0.033
OCGN,0.244,0.66,-0.061,0.177,0.424,0.685,0.65,0.263,0.169,-0.259,-0.207,-0.344,0.735,0.624,0.595,0.237,0.356,0.498,0.145,0.307,0.311,0.58,-0.023,-0.279,0.539,-0.127,0.479,0.187,0.044,0.793,-0.177,0.522,0.529,0.552,0.312,0.468,0.591,-0.217,-0.208,0.211,-0.237,0.148,-0.292,0.459,0.542,0.479,0.144,-0.138,0.226,0.285,0.266,0.555,0.321,-0.231,0.561,0.479,-0.064,0.799,0.364,-0.016,0.186,1.0,0.336,0.543,0.53,0.666,0.304,0.471,-0.362,0.646,0.229,0.782,0.787,-0.174,0.558,0.559,0.3,0.247,0.418,0.692,-0.275,-0.113,0.292,0.103,0.235,-0.227,0.223,0.388,0.292,0.17,0.593,0.399,0.053,0.44,0.372,0.782,0.265,0.304,0.46,0.551
ON,0.691,0.791,-0.099,0.315,0.77,0.682,0.535,-0.266,-0.089,-0.199,-0.234,-0.436,0.291,0.607,0.506,0.505,0.78,0.371,0.403,0.257,0.729,0.787,0.382,-0.257,0.675,-0.152,0.31,0.524,-0.061,0.462,-0.039,0.73,0.748,0.662,0.751,0.786,0.836,-0.096,-0.348,0.734,-0.22,0.793,-0.11,0.475,0.035,0.599,0.605,0.265,-0.028,0.571,-0.372,0.694,0.183,-0.009,0.703,0.787,0.165,0.104,0.687,0.016,-0.06,0.336,1.0,0.565,0.647,0.667,0.65,0.536,-0.362,0.69,0.6,0.525,0.486,-0.108,0.598,0.779,0.602,0.499,0.701,0.262,-0.163,0.185,0.614,0.406,0.52,-0.292,0.376,0.631,0.754,0.669,0.574,0.778,0.682,0.668,0.022,0.464,0.738,0.686,0.767,0.463
