,AAL,AAPL,AGNC,AMAT,AMD,AMZN,APA,ARDX,AVGO,AZN,BIDU,BILI,BKR,CAN,CHRD,CMCSA,CPRT,CRWD,CSCO,CSX,DKNG,EBAY,ERIC,EXC,FITB,FLEX,FTNT,GEN,GERN,GEVO,GILD,GOOG,GOOGL,GT,HBAN,HST,INTC,IOVA,IQ,JBLU,JD,KDP,KHC,LRCX,LYFT,MARA,MCHP,MDLZ,META,MNST,MRNA,MRVL,MSFT,MSTR,MU,MVIS,NFLX,NNDM,NVAX,NVDA,NWL,OCGN,ON,OPK,PAA,PACB,PANW,PARA,PDD,PENN,PEP,PLUG,PTEN,PTON,PYPL,QCOM,QVCGA,RIOT,ROKU,RUN,SABR,SBUX,SMCI,SNDL,STNE,TCOM,TLRY,TMUS,TSCO,TSLA,TTD,TXN,UAL,VOD,VTRS,VXRT,WBA,WBD,WDC,ZM
AAL,1.0,-0.215,-0.031,0.661,0.529,-0.064,-0.431,-0.235,0.355,-0.569,0.592,0.441,-0.218,-0.459,-0.288,-0.21,-0.453,-0.189,0.409,-0.34,-0.225,0.316,0.116,-0.162,-0.307,0.43,-0.414,-0.448,0.034,0.624,-0.233,-0.506,-0.513,-0.041,-0.337,-0.213,0.102,0.465,0.192,0.618,0.765,-0.011,-0.365,0.362,-0.626,-0.516,0.323,-0.054,-0.458,0.077,0.134,0.381,-0.178,-0.355,-0.247,0.56,0.281,0.542,-0.466,0.316,-0.221,0.028,0.337,-0.152,-0.33,-0.162,-0.289,-0.021,0.7,0.06,-0.339,0.625,-0.053,0.687,-0.176,0.621,0.526,-0.453,0.301,-0.294,0.278,-0.437,-0.289,0.475,-0.5,0.459,0.479,-0.415,-0.273,0.498,-0.341,0.394,0.34,-0.465,-0.342,0.525,-0.188,0.74,0.292,0.584
AAPL,-0.215,1.0,0.409,-0.34,-0.455,0.798,0.488,0.648,0.266,0.504,-0.488,-0.453,0.69,0.161,0.649,0.582,0.691,0.402,-0.099,0.532,0.592,0.603,0.052,0.526,0.464,0.094,0.61,0.578,-0.005,-0.387,0.733,0.289,0.264,0.376,0.443,0.705,0.464,-0.136,0.238,0.081,-0.231,0.588,0.537,0.094,0.183,0.537,0.155,0.539,0.673,0.598,-0.155,-0.032,0.732,0.55,-0.017,-0.031,0.162,0.06,0.487,0.469,0.586,-0.157,0.008,0.52,0.582,0.762,0.529,0.256,-0.188,0.473,0.744,-0.43,0.436,0.042,0.466,-0.345,-0.048,0.501,0.129,0.743,0.169,0.732,0.232,-0.147,0.501,0.272,-0.531,0.385,0.612,-0.21,0.428,0.162,0.365,0.313,0.396,-0.164,0.441,-0.053,-0.135,-0.04
AGNC,-0.031,0.409,1.0,-0.292,-0.29,0.297,0.513,0.33,-0.191,0.325,-0.239,-0.471,0.421,-0.094,0.592,0.6,0.353,-0.084,0.182,0.369,0.031,0.423,0.362,0.582,0.193,0.116,0.517,0.388,-0.441,-0.387,0.569,0.313,0.341,0.345,0.228,0.645,0.631,-0.022,-0.251,0.283,-0.049,0.685,0.524,-0.158,0.011,0.215,0.086,0.673,0.467,0.339,0.299,-0.307,0.572,0.473,-0.108,0.303,0.337,0.121,0.395,0.156,0.497,-0.542,-0.073,0.59,0.637,0.662,0.212,0.29,-0.204,0.554,0.542,-0.329,0.559,0.419,0.222,-0.097,0.112,0.223,0.144,0.378,0.529,0.534,-0.264,-0.066,0.023,0.22,-0.095,0.559,0.244,-0.092,0.105,-0.018,0.01,0.498,0.625,-0.146,0.672,0.252,0.217,0.228
AMAT,0.661,-0.34,-0.292,1.0,0.745,-0.243,-0.466,-0.329,0.567,-0.659,0.666,0.487,-0.255,-0.399,-0.498,-0.431,-0.583,-0.013,0.499,-0.448,-0.315,0.115,0.083,-0.487,-0.317,0.551,-0.545,-0.658,0.153,0.755,-0.442,-0.384,-0.396,-0.078,-0.497,-0.408,0.04,0.437,0.365,0.347,0.664,-0.276,-0.66,0.641,-0.541,-0.651,0.521,-0.346,-0.49,0.114,0.174,0.511,-0.359,-0.526,-0.176,0.624,0.351,0.659,-0.643,0.174,-0.339,0.227,0.523,-0.267,-0.522,-0.3,-0.137,-0.246,0.697,-0.022,-0.535,0.693,-0.199,0.367,-0.276,0.749,0.558,-0.63,0.295,-0.195,0.158,-0.551,-0.063,0.58,-0.647,0.144,0.378,-0.55,-0.336,0.64,-0.297,0.552,0.024,-0.556,-0.571,0.412,-0.266,0.385,0.251,0.576
AMD,0.529,-0.455,-0.29,0.745,1.0,-0.49,-0.423,-0.372,0.376,-0.738,0.818,0.672,-0.46,-0.211,-0.505,-0.511,-0.69,-0.006,0.39,-0.664,-0.598,-0.04,0.024,-0.571,-0.455,0.379,-0.434,-0.611,-0.133,0.606,-0.63,-0.32,-0.321,-0.059,-0.464,-0.337,0.01,0.5,0.229,0.224,0.676,-0.343,-0.662,0.347,-0.422,-0.585,0.501,-0.369,-0.445,-0.075,0.219,0.462,-0.298,-0.425,0.025,0.57,0.209,0.617,-0.697,0.065,-0.337,0.35,0.6,-0.334,-0.48,-0.351,-0.203,-0.248,0.789,-0.146,-0.634,0.639,-0.318,0.316,-0.198,0.815,0.584,-0.528,0.403,-0.37,0.155,-0.579,-0.017,0.562,-0.649,0.126,0.586,-0.511,-0.602,0.642,-0.185,0.536,-0.266,-0.501,-0.497,0.412,-0.323,0.321,0.287,0.452
AMZN,-0.064,0.798,0.297,-0.243,-0.49,1.0,0.244,0.592,0.221,0.439,-0.496,-0.445,0.617,0.021,0.469,0.444,0.729,0.206,-0.159,0.693,0.667,0.503,-0.004,0.454,0.484,0.033,0.408,0.533,0.254,-0.285,0.765,0.146,0.122,0.224,0.325,0.524,0.323,-0.123,0.162,0.181,-0.172,0.517,0.456,0.274,0.174,0.379,0.028,0.511,0.463,0.514,-0.229,-0.064,0.576,0.371,-0.077,-0.071,0.106,0.052,0.383,0.324,0.431,-0.216,-0.106,0.378,0.483,0.54,0.295,0.301,-0.153,0.454,0.672,-0.319,0.385,0.03,0.39,-0.34,-0.173,0.366,-0.034,0.691,0.076,0.569,0.015,-0.22,0.491,0.261,-0.497,0.234,0.633,-0.315,0.348,0.145,0.527,0.229,0.196,-0.071,0.338,-0.035,-0.232,-0.025
APA,-0.431,0.488,0.513,-0.466,-0.423,0.244,1.0,0.475,-0.283,0.602,-0.589,-0.511,0.61,0.372,0.86,0.781,0.557,0.254,0.065,0.43,0.229,0.355,0.38,0.6,0.392,0.073,0.721,0.718,-0.412,-0.597,0.48,0.494,0.481,0.57,0.52,0.755,0.652,-0.296,-0.085,0.101,-0.345,0.481,0.713,-0.191,0.313,0.549,0.115,0.508,0.738,0.294,0.231,-0.314,0.617,0.71,0.306,0.023,0.301,-0.105,0.691,0.143,0.784,-0.475,-0.054,0.694,0.828,0.68,0.37,0.486,-0.521,0.549,0.64,-0.607,0.664,0.136,0.453,-0.251,-0.01,0.571,0.215,0.537,0.475,0.684,0.123,-0.197,0.392,-0.001,-0.381,0.798,0.472,-0.178,0.384,-0.001,0.026,0.693,0.828,-0.619,0.767,-0.046,0.22,-0.135
ARDX,-0.235,0.648,0.33,-0.329,-0.372,0.592,0.475,1.0,0.1,0.514,-0.49,-0.312,0.686,0.282,0.553,0.486,0.697,0.346,-0.233,0.577,0.622,0.508,-0.024,0.407,0.634,0.157,0.709,0.661,-0.013,-0.366,0.591,0.084,0.059,0.554,0.653,0.675,0.412,0.127,0.317,0.158,-0.231,0.474,0.545,0.142,0.23,0.482,0.217,0.422,0.411,0.468,-0.192,0.077,0.561,0.574,0.228,-0.057,0.066,0.001,0.386,0.294,0.739,-0.077,0.194,0.399,0.638,0.522,0.493,0.416,-0.213,0.497,0.637,-0.367,0.377,-0.082,0.529,-0.324,-0.039,0.48,0.166,0.736,0.121,0.71,0.158,-0.053,0.547,0.13,-0.507,0.283,0.611,-0.22,0.485,0.18,0.387,0.33,0.376,-0.146,0.42,-0.199,-0.054,-0.079
AVGO,0.355,0.266,-0.191,0.567,0.376,0.221,-0.283,0.1,1.0,-0.334,0.263,0.219,0.148,-0.26,-0.217,-0.197,-0.148,0.202,0.115,-0.185,0.202,0.286,-0.284,-0.317,0.024,0.344,-0.193,-0.255,0.375,0.357,-0.018,-0.299,-0.309,0.025,-0.166,0.0,0.097,0.288,0.434,0.087,0.339,-0.051,-0.326,0.565,-0.249,-0.2,0.408,-0.158,-0.186,0.337,-0.244,0.493,0.02,-0.21,-0.111,0.278,0.088,0.463,-0.409,0.542,-0.052,0.423,0.391,-0.195,-0.273,0.044,0.171,-0.195,0.516,0.093,-0.133,0.37,-0.118,0.076,-0.001,0.337,0.296,-0.262,0.267,0.229,-0.049,-0.124,0.27,0.383,-0.209,0.371,0.078,-0.408,0.176,0.313,0.083,0.497,0.293,-0.531,-0.448,0.4,-0.248,0.104,-0.083,0.25
AZN,-0.569,0.504,0.325,-0.659,-0.738,0.439,0.602,0.514,-0.334,1.0,-0.824,-0.731,0.664,0.247,0.595,0.673,0.748,0.136,-0.387,0.652,0.686,0.157,0.157,0.652,0.549,-0.33,0.618,0.779,-0.063,-0.705,0.651,0.486,0.488,0.311,0.656,0.523,0.222,-0.524,-0.214,-0.06,-0.63,0.478,0.691,-0.23,0.535,0.585,-0.212,0.506,0.568,0.192,-0.153,-0.296,0.44,0.591,0.104,-0.399,0.009,-0.457,0.731,0.203,0.532,-0.34,-0.37,0.356,0.613,0.457,0.224,0.337,-0.669,0.411,0.707,-0.721,0.376,-0.22,0.291,-0.654,-0.533,0.579,-0.195,0.605,0.004,0.797,0.119,-0.492,0.588,-0.017,-0.671,0.622,0.656,-0.646,0.522,-0.326,0.24,0.672,0.623,-0.667,0.55,-0.384,-0.208,-0.451
BIDU,0.592,-0.488,-0.239,0.666,0.818,-0.496,-0.589,-0.49,0.263,-0.824,1.0,0.679,-0.556,-0.354,-0.597,-0.601,-0.77,-0.169,0.391,-0.71,-0.673,-0.071,-0.004,-0.565,-0.533,0.302,-0.595,-0.724,-0.081,0.706,-0.632,-0.502,-0.504,-0.216,-0.536,-0.499,-0.161,0.617,0.153,0.155,0.696,-0.361,-0.692,0.147,-0.564,-0.65,0.282,-0.344,-0.555,-0.239,0.126,0.37,-0.473,-0.603,-0.252,0.557,0.122,0.572,-0.812,-0.121,-0.513,0.381,0.439,-0.373,-0.595,-0.487,-0.276,-0.355,0.787,-0.305,-0.698,0.598,-0.358,0.296,-0.363,0.693,0.499,-0.63,0.242,-0.57,0.077,-0.696,-0.175,0.429,-0.671,0.08,0.564,-0.633,-0.748,0.555,-0.515,0.319,-0.283,-0.604,-0.629,0.603,-0.421,0.353,0.134,0.421
BILI,0.441,-0.453,-0.471,0.487,0.672,-0.445,-0.511,-0.312,0.219,-0.731,0.679,1.0,-0.604,-0.109,-0.57,-0.594,-0.585,-0.026,0.24,-0.644,-0.477,-0.164,-0.179,-0.677,-0.373,0.339,-0.515,-0.588,0.069,0.643,-0.576,-0.606,-0.617,-0.234,-0.399,-0.458,-0.289,0.627,0.258,0.07,0.579,-0.445,-0.466,0.146,-0.399,-0.487,0.207,-0.533,-0.622,-0.134,-0.061,0.494,-0.441,-0.519,0.033,0.158,-0.13,0.308,-0.618,-0.151,-0.379,0.467,0.42,-0.314,-0.603,-0.514,-0.184,-0.227,0.603,-0.423,-0.578,0.619,-0.405,-0.009,-0.188,0.601,0.471,-0.476,0.184,-0.498,-0.23,-0.656,-0.066,0.365,-0.377,-0.125,0.446,-0.515,-0.638,0.634,-0.345,0.348,-0.21,-0.532,-0.465,0.538,-0.541,0.225,0.041,0.239
BKR,-0.218,0.69,0.421,-0.255,-0.46,0.617,0.61,0.686,0.148,0.664,-0.556,-0.604,1.0,0.054,0.686,0.633,0.7,0.139,-0.089,0.601,0.703,0.48,0.204,0.555,0.591,0.171,0.581,0.656,0.013,-0.458,0.7,0.204,0.204,0.534,0.55,0.729,0.568,-0.192,0.128,0.262,-0.219,0.59,0.551,0.188,0.238,0.388,0.143,0.577,0.501,0.476,-0.072,0.006,0.527,0.544,0.023,0.094,0.31,0.026,0.462,0.447,0.673,-0.234,0.043,0.496,0.714,0.636,0.313,0.494,-0.267,0.682,0.652,-0.539,0.703,0.063,0.294,-0.341,-0.08,0.393,0.049,0.755,0.295,0.74,0.109,-0.258,0.373,0.287,-0.582,0.406,0.752,-0.35,0.4,0.087,0.513,0.452,0.456,-0.423,0.671,-0.144,-0.085,-0.068
CAN,-0.459,0.161,-0.094,-0.399,-0.211,0.021,0.372,0.282,-0.26,0.247,-0.354,-0.109,0.054,1.0,0.309,0.171,0.265,0.521,-0.064,0.188,0.117,0.03,0.188,0.14,0.05,-0.017,0.507,0.406,-0.248,-0.252,-0.071,0.23,0.222,0.366,0.22,0.258,-0.024,-0.338,0.054,-0.096,-0.354,-0.263,0.222,-0.178,0.431,0.799,0.036,-0.159,0.385,-0.086,0.156,-0.033,0.169,0.65,0.51,-0.264,0.082,-0.325,0.472,-0.152,0.294,0.172,0.073,0.257,0.206,0.191,0.389,0.291,-0.44,0.068,0.13,-0.181,-0.005,-0.216,0.51,-0.278,-0.048,0.806,-0.008,0.159,0.18,0.322,0.238,0.068,0.692,-0.361,-0.073,0.333,0.077,-0.046,0.314,-0.043,-0.13,0.348,0.269,-0.338,0.045,-0.232,0.279,-0.164
CHRD,-0.288,0.649,0.592,-0.498,-0.505,0.469,0.86,0.553,-0.217,0.595,-0.597,-0.57,0.686,0.309,1.0,0.846,0.652,0.183,-0.043,0.603,0.372,0.475,0.265,0.759,0.473,0.02,0.719,0.725,-0.314,-0.615,0.667,0.417,0.404,0.577,0.548,0.84,0.613,-0.342,-0.089,0.237,-0.346,0.605,0.742,-0.117,0.264,0.6,0.016,0.666,0.733,0.376,0.121,-0.339,0.691,0.729,0.233,0.035,0.232,-0.119,0.737,0.252,0.789,-0.529,-0.161,0.691,0.901,0.738,0.363,0.607,-0.476,0.708,0.777,-0.594,0.704,0.203,0.444,-0.341,-0.062,0.646,0.035,0.635,0.496,0.72,0.063,-0.243,0.502,0.153,-0.396,0.687,0.575,-0.277,0.388,-0.052,0.248,0.663,0.79,-0.534,0.742,0.051,0.133,-0.13
CMCSA,-0.21,0.582,0.6,-0.431,-0.511,0.444,0.781,0.486,-0.197,0.673,-0.601,-0.594,0.633,0.171,0.846,1.0,0.634,0.197,-0.012,0.583,0.381,0.564,0.336,0.769,0.479,0.032,0.652,0.702,-0.364,-0.579,0.632,0.452,0.459,0.556,0.55,0.806,0.625,-0.333,0.007,0.292,-0.273,0.633,0.757,-0.153,0.223,0.529,0.124,0.616,0.771,0.428,0.082,-0.23,0.72,0.636,0.119,0.063,0.285,-0.067,0.736,0.411,0.787,-0.529,-0.12,0.616,0.777,0.702,0.416,0.521,-0.436,0.699,0.71,-0.499,0.59,0.275,0.476,-0.27,-0.074,0.55,0.172,0.624,0.527,0.69,0.131,-0.162,0.409,0.252,-0.372,0.706,0.497,-0.27,0.407,0.005,0.25,0.677,0.777,-0.585,0.71,0.144,0.155,-0.071
CPRT,-0.453,0.691,0.353,-0.583,-0.69,0.729,0.557,0.697,-0.148,0.748,-0.77,-0.585,0.7,0.265,0.652,0.634,1.0,0.26,-0.299,0.839,0.693,0.299,0.017,0.575,0.658,-0.078,0.684,0.833,0.01,-0.553,0.814,0.325,0.296,0.436,0.615,0.637,0.309,-0.349,0.007,0.14,-0.482,0.525,0.697,-0.025,0.52,0.595,-0.079,0.505,0.602,0.42,-0.193,-0.159,0.546,0.581,0.146,-0.283,-0.019,-0.267,0.66,0.221,0.668,-0.31,-0.194,0.51,0.707,0.568,0.405,0.491,-0.554,0.477,0.761,-0.587,0.593,-0.166,0.417,-0.58,-0.264,0.598,-0.035,0.753,0.051,0.769,0.164,-0.296,0.652,0.015,-0.647,0.531,0.703,-0.449,0.507,-0.004,0.335,0.626,0.532,-0.487,0.521,-0.271,-0.136,-0.259
CRWD,-0.189,0.402,-0.084,-0.013,-0.006,0.206,0.254,0.346,0.202,0.136,-0.169,-0.026,0.139,0.521,0.183,0.197,0.26,1.0,0.065,0.095,0.223,0.376,0.059,0.054,0.017,0.24,0.41,0.26,-0.14,-0.03,0.02,0.089,0.074,0.337,0.059,0.282,0.161,-0.097,0.475,0.016,-0.056,0.063,0.125,0.044,0.144,0.459,0.372,-0.075,0.403,0.498,0.002,0.201,0.321,0.341,0.107,-0.027,0.149,0.238,0.275,0.242,0.318,0.185,0.327,0.282,0.116,0.377,0.737,0.169,-0.089,0.076,0.132,0.155,-0.035,-0.001,0.559,-0.07,0.172,0.463,0.309,0.394,0.134,0.304,0.48,0.336,0.436,-0.097,-0.2,0.216,0.143,0.238,0.306,0.369,-0.058,0.108,0.118,-0.111,0.047,-0.106,0.204,0.076
CSCO,0.409,-0.099,0.182,0.499,0.39,-0.159,0.065,-0.233,0.115,-0.387,0.391,0.24,-0.089,-0.064,-0.043,-0.012,-0.299,0.065,1.0,-0.306,-0.454,0.386,0.651,-0.204,-0.386,0.767,-0.199,-0.227,-0.445,0.467,-0.211,-0.105,-0.092,0.201,-0.402,0.029,0.42,0.252,0.278,0.412,0.568,-0.058,-0.261,0.086,-0.389,-0.231,0.586,-0.109,-0.024,0.124,0.559,0.334,0.054,-0.009,-0.179,0.723,0.735,0.525,-0.135,0.048,-0.042,-0.094,0.511,0.265,-0.097,0.112,0.197,-0.124,0.359,0.061,-0.228,0.367,0.245,0.641,0.18,0.478,0.635,-0.202,0.56,-0.123,0.564,-0.16,-0.107,0.488,-0.483,0.133,0.421,0.135,-0.319,0.776,-0.323,0.506,-0.25,-0.034,-0.018,0.093,0.201,0.575,0.515,0.697
CSX,-0.34,0.532,0.369,-0.448,-0.664,0.693,0.43,0.577,-0.185,0.652,-0.71,-0.644,0.601,0.188,0.603,0.583,0.839,0.095,-0.306,1.0,0.658,0.229,0.036,0.626,0.692,-0.079,0.614,0.627,0.094,-0.525,0.794,0.333,0.334,0.459,0.562,0.529,0.206,-0.371,-0.036,0.196,-0.485,0.474,0.586,0.161,0.376,0.519,-0.114,0.481,0.5,0.333,-0.15,-0.247,0.488,0.517,0.219,-0.229,-0.023,-0.282,0.693,0.208,0.55,-0.377,-0.267,0.46,0.644,0.459,0.268,0.504,-0.574,0.549,0.698,-0.487,0.504,-0.109,0.315,-0.54,-0.344,0.528,-0.211,0.702,0.07,0.641,-0.034,-0.221,0.608,-0.027,-0.504,0.436,0.678,-0.461,0.543,-0.069,0.396,0.562,0.465,-0.409,0.488,-0.203,-0.023,-0.242
DKNG,-0.225,0.592,0.031,-0.315,-0.598,0.667,0.229,0.622,0.202,0.686,-0.673,-0.477,0.703,0.117,0.372,0.381,0.693,0.223,-0.454,0.658,1.0,0.283,-0.168,0.362,0.642,-0.104,0.438,0.542,0.422,-0.378,0.614,0.011,0.008,0.312,0.576,0.404,0.058,-0.278,0.095,0.09,-0.419,0.323,0.447,0.247,0.32,0.468,-0.121,0.294,0.23,0.334,-0.454,0.084,0.295,0.378,0.1,-0.37,-0.106,-0.239,0.468,0.484,0.427,0.011,-0.199,0.15,0.362,0.335,0.237,0.329,-0.387,0.388,0.542,-0.386,0.245,-0.3,0.217,-0.548,-0.426,0.444,-0.24,0.665,-0.205,0.599,0.185,-0.251,0.614,0.135,-0.641,0.186,0.83,-0.484,0.524,-0.097,0.684,0.186,0.202,-0.246,0.206,-0.359,-0.321,-0.354
EBAY,0.316,0.603,0.423,0.115,-0.04,0.503,0.355,0.508,0.286,0.157,-0.071,-0.164,0.48,0.03,0.475,0.564,0.299,0.376,0.386,0.229,0.283,1.0,0.361,0.334,0.265,0.505,0.386,0.343,-0.253,0.025,0.354,-0.046,-0.048,0.545,0.288,0.635,0.624,0.232,0.429,0.516,0.269,0.53,0.337,0.153,-0.301,0.232,0.522,0.462,0.407,0.511,0.121,0.276,0.603,0.384,-0.097,0.469,0.541,0.503,0.24,0.537,0.576,-0.181,0.362,0.419,0.398,0.569,0.5,0.232,0.176,0.568,0.398,0.033,0.377,0.522,0.554,0.115,0.327,0.26,0.478,0.497,0.567,0.448,0.091,0.287,0.157,0.399,-0.156,0.284,0.312,0.254,0.161,0.443,0.4,0.107,0.292,0.047,0.409,0.391,0.189,0.427
ERIC,0.116,0.052,0.362,0.083,0.024,-0.004,0.38,-0.024,-0.284,0.157,-0.004,-0.179,0.204,0.188,0.265,0.336,0.017,0.059,0.651,0.036,-0.168,0.361,1.0,0.193,-0.199,0.455,0.193,0.123,-0.629,0.103,0.025,0.192,0.23,0.327,-0.082,0.247,0.519,-0.073,0.053,0.454,0.266,0.089,0.06,-0.076,-0.144,0.141,0.343,0.1,0.282,0.138,0.67,0.106,0.228,0.348,-0.04,0.53,0.818,0.257,0.277,0.012,0.158,-0.307,0.22,0.525,0.201,0.342,0.135,0.059,-0.04,0.239,0.013,0.024,0.392,0.511,0.233,0.211,0.369,0.162,0.32,0.091,0.647,0.215,-0.249,0.183,-0.117,0.011,0.107,0.336,-0.14,0.284,-0.122,0.22,-0.191,0.361,0.303,-0.274,0.411,0.387,0.513,0.476
EXC,-0.162,0.526,0.582,-0.487,-0.571,0.454,0.6,0.407,-0.317,0.652,-0.565,-0.677,0.555,0.14,0.759,0.769,0.575,0.054,-0.204,0.626,0.362,0.334,0.193,1.0,0.383,-0.222,0.637,0.63,-0.267,-0.665,0.648,0.5,0.484,0.353,0.478,0.643,0.47,-0.439,-0.169,0.151,-0.322,0.665,0.739,-0.156,0.296,0.5,-0.13,0.745,0.691,0.269,0.003,-0.462,0.614,0.618,0.165,-0.068,0.09,-0.245,0.71,0.218,0.57,-0.624,-0.302,0.475,0.702,0.589,0.171,0.561,-0.442,0.601,0.792,-0.595,0.456,0.264,0.291,-0.353,-0.205,0.556,-0.06,0.521,0.377,0.666,-0.076,-0.316,0.459,0.258,-0.339,0.61,0.498,-0.489,0.372,-0.213,0.314,0.677,0.7,-0.511,0.687,0.193,0.166,-0.174
FITB,-0.307,0.464,0.193,-0.317,-0.455,0.484,0.392,0.634,0.024,0.549,-0.533,-0.373,0.591,0.05,0.473,0.479,0.658,0.017,-0.386,0.692,0.642,0.265,-0.199,0.383,1.0,-0.002,0.457,0.587,0.336,-0.396,0.585,0.073,0.058,0.536,0.867,0.486,0.124,-0.03,0.072,0.134,-0.428,0.438,0.597,0.236,0.232,0.286,0.016,0.395,0.308,0.222,-0.424,0.034,0.358,0.255,0.256,-0.239,-0.163,-0.133,0.402,0.315,0.638,-0.103,-0.097,0.157,0.523,0.26,0.199,0.389,-0.404,0.524,0.561,-0.458,0.368,-0.345,0.234,-0.331,-0.318,0.286,-0.12,0.61,-0.088,0.514,0.104,-0.18,0.455,-0.055,-0.555,0.324,0.586,-0.35,0.548,0.025,0.552,0.34,0.424,-0.272,0.345,-0.358,-0.196,-0.374
FLEX,0.43,0.094,0.116,0.551,0.379,0.033,0.073,0.157,0.344,-0.33,0.302,0.339,0.171,-0.017,0.02,0.032,-0.078,0.24,0.767,-0.079,-0.104,0.505,0.455,-0.222,-0.002,1.0,-0.002,-0.139,-0.229,0.471,-0.044,-0.337,-0.325,0.491,-0.126,0.198,0.448,0.434,0.574,0.571,0.599,0.011,-0.163,0.448,-0.396,-0.155,0.754,-0.13,-0.072,0.39,0.301,0.642,0.129,0.034,-0.014,0.657,0.61,0.598,-0.129,0.314,0.22,0.069,0.76,0.336,0.014,0.183,0.361,0.095,0.411,0.228,-0.15,0.413,0.325,0.447,0.252,0.496,0.686,-0.128,0.516,0.143,0.444,-0.046,-0.008,0.584,-0.263,0.139,0.21,0.022,-0.118,0.782,-0.124,0.744,0.066,-0.059,-0.022,0.191,0.193,0.416,0.473,0.633
FTNT,-0.414,0.61,0.517,-0.545,-0.434,0.408,0.721,0.709,-0.193,0.618,-0.595,-0.515,0.581,0.507,0.719,0.652,0.684,0.41,-0.199,0.614,0.438,0.386,0.193,0.637,0.457,-0.002,1.0,0.724,-0.342,-0.643,0.552,0.397,0.389,0.658,0.624,0.775,0.472,-0.24,0.015,0.116,-0.364,0.485,0.664,-0.077,0.403,0.748,0.099,0.488,0.711,0.332,0.002,-0.193,0.649,0.828,0.473,-0.128,0.132,-0.165,0.664,0.246,0.729,-0.33,0.037,0.641,0.74,0.714,0.558,0.525,-0.474,0.497,0.661,-0.546,0.445,0.021,0.488,-0.392,-0.05,0.755,0.13,0.655,0.321,0.823,0.115,-0.039,0.627,0.032,-0.393,0.604,0.534,-0.27,0.607,0.018,0.161,0.611,0.68,-0.433,0.591,-0.132,0.254,-0.183
GEN,-0.448,0.578,0.388,-0.658,-0.611,0.533,0.718,0.661,-0.255,0.779,-0.724,-0.588,0.656,0.406,0.725,0.702,0.833,0.26,-0.227,0.627,0.542,0.343,0.123,0.63,0.587,-0.139,0.724,1.0,-0.133,-0.662,0.665,0.39,0.347,0.493,0.689,0.728,0.398,-0.393,-0.13,0.093,-0.457,0.513,0.79,-0.193,0.532,0.663,-0.046,0.577,0.667,0.231,-0.119,-0.275,0.572,0.706,0.221,-0.228,0.052,-0.281,0.674,0.149,0.759,-0.348,-0.178,0.453,0.74,0.577,0.365,0.526,-0.544,0.527,0.752,-0.692,0.528,-0.035,0.488,-0.512,-0.253,0.709,0.067,0.65,0.267,0.826,0.099,-0.332,0.666,0.089,-0.572,0.711,0.617,-0.433,0.507,-0.072,0.296,0.669,0.675,-0.62,0.6,-0.232,-0.058,-0.325
GERN,0.034,-0.005,-0.441,0.153,-0.133,0.254,-0.412,-0.013,0.375,-0.063,-0.081,0.069,0.013,-0.248,-0.314,-0.364,0.01,-0.14,-0.445,0.094,0.422,-0.253,-0.629,-0.267,0.336,-0.229,-0.342,-0.133,1.0,0.113,0.031,-0.306,-0.328,-0.278,0.103,-0.345,-0.554,0.072,-0.033,-0.218,-0.237,-0.159,-0.123,0.423,0.007,-0.239,-0.312,-0.167,-0.398,-0.063,-0.575,0.027,-0.348,-0.435,-0.133,-0.446,-0.427,-0.167,-0.27,0.036,-0.243,0.323,-0.267,-0.465,-0.28,-0.294,-0.249,-0.033,-0.019,-0.146,-0.074,0.052,-0.242,-0.478,-0.318,-0.206,-0.334,-0.264,-0.436,-0.021,-0.593,-0.193,0.089,-0.24,0.093,-0.117,-0.272,-0.401,0.282,-0.247,0.097,-0.203,0.533,-0.471,-0.42,0.252,-0.389,-0.391,-0.517,-0.374
GEVO,0.624,-0.387,-0.387,0.755,0.606,-0.285,-0.597,-0.366,0.357,-0.705,0.706,0.643,-0.458,-0.252,-0.615,-0.579,-0.553,-0.03,0.467,-0.525,-0.378,0.025,0.103,-0.665,-0.396,0.471,-0.643,-0.662,0.113,1.0,-0.534,-0.601,-0.604,-0.221,-0.512,-0.59,-0.235,0.538,0.283,0.36,0.626,-0.452,-0.686,0.305,-0.604,-0.567,0.343,-0.554,-0.665,-0.049,0.262,0.584,-0.529,-0.568,-0.326,0.475,0.236,0.553,-0.694,-0.033,-0.514,0.421,0.386,-0.302,-0.673,-0.444,-0.202,-0.423,0.588,-0.313,-0.676,0.794,-0.246,0.194,-0.263,0.645,0.512,-0.596,0.252,-0.42,-0.019,-0.663,-0.151,0.585,-0.554,-0.08,0.452,-0.639,-0.556,0.647,-0.544,0.437,-0.1,-0.621,-0.636,0.577,-0.57,0.362,0.195,0.638
GILD,-0.233,0.733,0.569,-0.442,-0.63,0.765,0.48,0.591,-0.018,0.651,-0.632,-0.576,0.7,-0.071,0.667,0.632,0.814,0.02,-0.211,0.794,0.614,0.354,0.025,0.648,0.585,-0.044,0.552,0.665,0.031,-0.534,1.0,0.367,0.337,0.306,0.476,0.663,0.428,-0.26,-0.101,0.167,-0.341,0.692,0.646,0.055,0.312,0.384,-0.109,0.694,0.539,0.476,-0.14,-0.28,0.631,0.469,0.005,-0.112,0.008,-0.177,0.577,0.288,0.597,-0.472,-0.256,0.592,0.665,0.657,0.28,0.395,-0.369,0.587,0.854,-0.587,0.604,0.046,0.249,-0.448,-0.213,0.384,-0.122,0.765,0.13,0.767,-0.11,-0.358,0.449,0.227,-0.591,0.477,0.695,-0.41,0.384,-0.023,0.357,0.553,0.537,-0.353,0.579,-0.117,-0.227,-0.139
GOOG,-0.506,0.289,0.313,-0.384,-0.32,0.146,0.494,0.084,-0.299,0.486,-0.502,-0.606,0.204,0.23,0.417,0.452,0.325,0.089,-0.105,0.333,0.011,-0.046,0.192,0.5,0.073,-0.337,0.397,0.39,-0.306,-0.601,0.367,1.0,0.982,0.004,0.126,0.359,0.297,-0.579,-0.182,-0.312,-0.444,0.246,0.28,-0.26,0.475,0.368,-0.148,0.366,0.729,0.105,0.304,-0.596,0.553,0.426,0.148,-0.161,0.075,-0.335,0.569,-0.09,0.303,-0.48,-0.276,0.349,0.417,0.475,0.199,0.08,-0.415,0.21,0.485,-0.545,0.171,0.039,0.248,-0.314,-0.207,0.39,0.016,0.344,0.232,0.497,0.153,-0.311,0.232,0.062,-0.223,0.481,0.279,-0.347,0.386,-0.238,-0.283,0.554,0.457,-0.595,0.432,-0.137,-0.017,-0.138
GOOGL,-0.513,0.264,0.341,-0.396,-0.321,0.122,0.481,0.059,-0.309,0.488,-0.504,-0.617,0.204,0.222,0.404,0.459,0.296,0.074,-0.092,0.334,0.008,-0.048,0.23,0.484,0.058,-0.325,0.389,0.347,-0.328,-0.604,0.337,0.982,1.0,0.003,0.105,0.371,0.287,-0.583,-0.178,-0.307,-0.427,0.257,0.277,-0.272,0.424,0.36,-0.149,0.355,0.709,0.118,0.338,-0.585,0.551,0.429,0.12,-0.159,0.117,-0.322,0.58,-0.062,0.268,-0.47,-0.285,0.351,0.407,0.485,0.188,0.074,-0.431,0.195,0.439,-0.502,0.179,0.033,0.259,-0.314,-0.203,0.372,0.016,0.331,0.234,0.483,0.14,-0.3,0.21,0.052,-0.175,0.484,0.259,-0.351,0.389,-0.254,-0.291,0.537,0.47,-0.58,0.437,-0.12,0.004,-0.115
GT,-0.041,0.376,0.345,-0.078,-0.059,0.224,0.57,0.554,0.025,0.311,-0.216,-0.234,0.534,0.366,0.577,0.556,0.436,0.337,0.201,0.459,0.312,0.545,0.327,0.353,0.536,0.491,0.658,0.493,-0.278,-0.221,0.306,0.004,0.003,1.0,0.601,0.649,0.471,0.03,0.279,0.522,-0.074,0.281,0.406,0.229,0.149,0.444,0.549,0.221,0.417,0.28,0.018,0.313,0.416,0.571,0.43,0.287,0.39,0.212,0.407,0.503,0.758,-0.088,0.454,0.464,0.593,0.437,0.468,0.586,-0.166,0.642,0.337,-0.198,0.486,0.209,0.478,-0.025,0.204,0.485,0.294,0.513,0.499,0.509,0.146,0.344,0.293,0.092,-0.147,0.448,0.361,0.161,0.496,0.435,0.314,0.45,0.474,-0.309,0.534,0.072,0.474,0.042
HBAN,-0.337,0.443,0.228,-0.497,-0.464,0.325,0.52,0.653,-0.166,0.656,-0.536,-0.399,0.55,0.22,0.548,0.55,0.615,0.059,-0.402,0.562,0.576,0.288,-0.082,0.478,0.867,-0.126,0.624,0.689,0.103,-0.512,0.476,0.126,0.105,0.601,1.0,0.534,0.128,-0.054,-0.01,0.091,-0.473,0.436,0.667,-0.019,0.32,0.448,-0.02,0.421,0.388,0.077,-0.381,-0.036,0.38,0.426,0.346,-0.302,-0.138,-0.257,0.463,0.311,0.679,-0.11,-0.097,0.185,0.587,0.283,0.235,0.41,-0.455,0.446,0.568,-0.576,0.317,-0.261,0.336,-0.414,-0.341,0.452,-0.024,0.494,-0.012,0.615,0.16,-0.189,0.527,-0.037,-0.502,0.429,0.536,-0.398,0.592,-0.11,0.47,0.43,0.542,-0.352,0.401,-0.32,-0.112,-0.456
HST,-0.213,0.705,0.645,-0.408,-0.337,0.524,0.755,0.675,0.0,0.523,-0.499,-0.458,0.729,0.258,0.84,0.806,0.637,0.282,0.029,0.529,0.404,0.635,0.247,0.643,0.486,0.198,0.775,0.728,-0.345,-0.59,0.663,0.359,0.371,0.649,0.534,1.0,0.742,-0.165,0.088,0.273,-0.137,0.668,0.722,-0.011,0.21,0.558,0.23,0.679,0.748,0.508,0.075,-0.119,0.829,0.744,0.248,0.159,0.305,0.09,0.612,0.423,0.856,-0.397,0.105,0.672,0.805,0.835,0.503,0.566,-0.249,0.743,0.732,-0.507,0.617,0.245,0.561,-0.19,0.104,0.599,0.267,0.741,0.556,0.803,0.086,-0.103,0.451,0.339,-0.346,0.647,0.548,-0.149,0.484,0.188,0.281,0.57,0.715,-0.427,0.722,0.073,0.133,0.011
INTC,0.102,0.464,0.631,0.04,0.01,0.323,0.652,0.412,0.097,0.222,-0.161,-0.289,0.568,-0.024,0.613,0.625,0.309,0.161,0.42,0.206,0.058,0.624,0.519,0.47,0.124,0.448,0.472,0.398,-0.554,-0.235,0.428,0.297,0.287,0.471,0.128,0.742,1.0,0.006,0.18,0.422,0.278,0.556,0.4,0.128,-0.05,0.18,0.486,0.55,0.579,0.48,0.366,0.04,0.686,0.507,0.142,0.601,0.587,0.419,0.326,0.354,0.648,-0.491,0.336,0.627,0.606,0.674,0.326,0.318,0.099,0.642,0.461,-0.219,0.603,0.569,0.375,0.267,0.378,0.224,0.497,0.536,0.733,0.489,-0.104,0.123,-0.047,0.447,-0.089,0.505,0.272,0.163,0.128,0.455,0.062,0.468,0.547,-0.262,0.714,0.391,0.372,0.41
IOVA,0.465,-0.136,-0.022,0.437,0.5,-0.123,-0.296,0.127,0.288,-0.524,0.617,0.627,-0.192,-0.338,-0.342,-0.333,-0.349,-0.097,0.252,-0.371,-0.278,0.232,-0.073,-0.439,-0.03,0.434,-0.24,-0.393,0.072,0.538,-0.26,-0.579,-0.583,0.03,-0.054,-0.165,0.006,1.0,0.323,0.202,0.501,-0.0,-0.253,0.18,-0.594,-0.51,0.325,-0.122,-0.458,0.08,-0.068,0.471,-0.178,-0.4,-0.147,0.361,0.08,0.518,-0.599,-0.008,-0.094,0.368,0.468,-0.114,-0.23,-0.248,-0.079,-0.224,0.564,-0.134,-0.308,0.443,-0.096,0.138,-0.073,0.471,0.428,-0.53,0.353,-0.232,-0.083,-0.352,-0.092,0.318,-0.424,-0.028,0.232,-0.44,-0.365,0.46,-0.279,0.361,0.003,-0.483,-0.347,0.715,-0.245,0.198,-0.008,0.34
IQ,0.192,0.238,-0.251,0.365,0.229,0.162,-0.085,0.317,0.434,-0.214,0.153,0.258,0.128,0.054,-0.089,0.007,0.007,0.475,0.278,-0.036,0.095,0.429,0.053,-0.169,0.072,0.574,0.015,-0.13,-0.033,0.283,-0.101,-0.182,-0.178,0.279,-0.01,0.088,0.18,0.323,1.0,0.11,0.369,-0.043,-0.203,0.313,-0.168,-0.027,0.609,-0.235,0.078,0.407,-0.09,0.548,0.217,-0.067,-0.005,0.263,0.221,0.428,-0.086,0.351,0.186,0.241,0.658,0.015,-0.048,0.051,0.499,-0.008,0.414,-0.057,-0.101,0.366,-0.062,0.085,0.42,0.202,0.342,-0.046,0.399,0.223,0.047,-0.044,0.383,0.469,-0.027,0.243,0.013,-0.19,0.033,0.439,0.043,0.59,0.122,-0.167,-0.212,0.259,-0.049,0.167,0.138,0.301
JBLU,0.618,0.081,0.283,0.347,0.224,0.181,0.101,0.158,0.087,-0.06,0.155,0.07,0.262,-0.096,0.237,0.292,0.14,0.016,0.412,0.196,0.09,0.516,0.454,0.151,0.134,0.571,0.116,0.093,-0.218,0.36,0.167,-0.312,-0.307,0.522,0.091,0.273,0.422,0.202,0.11,1.0,0.477,0.238,0.053,0.363,-0.341,-0.079,0.458,0.186,-0.047,0.281,0.319,0.416,0.112,0.16,0.004,0.624,0.544,0.495,0.015,0.437,0.29,-0.165,0.346,0.337,0.189,0.233,0.004,0.398,0.245,0.56,0.012,0.306,0.491,0.615,0.078,0.417,0.501,-0.001,0.319,0.187,0.585,0.055,-0.308,0.454,-0.147,0.237,0.155,0.04,0.002,0.369,-0.018,0.517,0.407,0.125,0.169,0.003,0.252,0.542,0.508,0.565
JD,0.765,-0.231,-0.049,0.664,0.676,-0.172,-0.345,-0.231,0.339,-0.63,0.696,0.579,-0.219,-0.354,-0.346,-0.273,-0.482,-0.056,0.568,-0.485,-0.419,0.269,0.266,-0.322,-0.428,0.599,-0.364,-0.457,-0.237,0.626,-0.341,-0.444,-0.427,-0.074,-0.473,-0.137,0.278,0.501,0.369,0.477,1.0,-0.055,-0.435,0.309,-0.569,-0.515,0.463,-0.092,-0.345,0.134,0.253,0.466,-0.115,-0.339,-0.209,0.696,0.387,0.699,-0.538,0.144,-0.242,0.066,0.562,-0.035,-0.367,-0.128,-0.083,-0.139,0.83,-0.057,-0.447,0.594,-0.022,0.584,-0.096,0.792,0.688,-0.473,0.507,-0.242,0.341,-0.442,-0.264,0.507,-0.542,0.414,0.494,-0.347,-0.484,0.672,-0.419,0.579,-0.017,-0.405,-0.32,0.476,-0.107,0.646,0.304,0.682
KDP,-0.011,0.588,0.685,-0.276,-0.343,0.517,0.481,0.474,-0.051,0.478,-0.361,-0.445,0.59,-0.263,0.605,0.633,0.525,0.063,-0.058,0.474,0.323,0.53,0.089,0.665,0.438,0.011,0.485,0.513,-0.159,-0.452,0.692,0.246,0.257,0.281,0.436,0.668,0.556,-0.0,-0.043,0.238,-0.055,1.0,0.692,-0.054,-0.011,0.106,0.039,0.843,0.485,0.564,-0.07,-0.244,0.621,0.317,-0.151,0.112,0.142,0.163,0.376,0.304,0.546,-0.508,-0.134,0.451,0.641,0.627,0.235,0.39,-0.16,0.563,0.731,-0.372,0.549,0.295,0.3,-0.153,-0.028,0.13,0.151,0.569,0.277,0.609,-0.101,-0.211,0.151,0.324,-0.376,0.508,0.466,-0.232,0.268,0.061,0.316,0.435,0.62,-0.2,0.66,0.141,-0.074,0.046
KHC,-0.365,0.537,0.524,-0.66,-0.662,0.456,0.713,0.545,-0.326,0.691,-0.692,-0.466,0.551,0.222,0.742,0.757,0.697,0.125,-0.261,0.586,0.447,0.337,0.06,0.739,0.597,-0.163,0.664,0.79,-0.123,-0.686,0.646,0.28,0.277,0.406,0.667,0.722,0.4,-0.253,-0.203,0.053,-0.435,0.692,1.0,-0.229,0.315,0.535,-0.145,0.638,0.614,0.297,-0.176,-0.319,0.582,0.595,0.236,-0.283,-0.057,-0.273,0.696,0.155,0.72,-0.44,-0.301,0.478,0.713,0.559,0.243,0.558,-0.597,0.509,0.799,-0.611,0.482,-0.046,0.413,-0.406,-0.254,0.551,-0.049,0.525,0.177,0.707,-0.01,-0.376,0.578,0.014,-0.468,0.761,0.514,-0.437,0.401,-0.163,0.314,0.668,0.817,-0.493,0.609,-0.071,-0.009,-0.322
LRCX,0.362,0.094,-0.158,0.641,0.347,0.274,-0.191,0.142,0.565,-0.23,0.147,0.146,0.188,-0.178,-0.117,-0.153,-0.025,0.044,0.086,0.161,0.247,0.153,-0.076,-0.156,0.236,0.448,-0.077,-0.193,0.423,0.305,0.055,-0.26,-0.272,0.229,-0.019,-0.011,0.128,0.18,0.313,0.363,0.309,-0.054,-0.229,1.0,-0.215,-0.231,0.469,-0.084,-0.189,0.289,-0.125,0.403,-0.03,-0.105,0.153,0.312,0.189,0.399,-0.247,0.386,0.051,0.127,0.415,-0.09,-0.092,0.008,-0.04,0.127,0.371,0.321,-0.076,0.304,0.028,0.095,-0.109,0.399,0.262,-0.202,0.053,0.28,0.076,-0.1,-0.078,0.346,-0.116,0.132,-0.002,-0.294,0.151,0.244,0.237,0.527,0.436,-0.276,-0.302,0.175,0.009,0.081,0.174,0.216
LYFT,-0.626,0.183,0.011,-0.541,-0.422,0.174,0.313,0.23,-0.249,0.535,-0.564,-0.399,0.238,0.431,0.264,0.223,0.52,0.144,-0.389,0.376,0.32,-0.301,-0.144,0.296,0.232,-0.396,0.403,0.532,0.007,-0.604,0.312,0.475,0.424,0.149,0.32,0.21,-0.05,-0.594,-0.168,-0.341,-0.569,-0.011,0.315,-0.215,1.0,0.521,-0.245,0.054,0.404,-0.079,-0.259,-0.259,0.15,0.365,0.347,-0.494,-0.258,-0.542,0.438,-0.047,0.32,-0.065,-0.194,0.105,0.336,0.134,0.223,0.335,-0.47,0.065,0.352,-0.579,0.08,-0.39,0.226,-0.515,-0.38,0.515,-0.181,0.317,-0.137,0.45,0.342,-0.314,0.474,-0.008,-0.333,0.394,0.42,-0.43,0.48,-0.223,-0.077,0.56,0.284,-0.567,0.256,-0.453,-0.14,-0.526
MARA,-0.516,0.537,0.215,-0.651,-0.585,0.379,0.549,0.482,-0.2,0.585,-0.65,-0.487,0.388,0.799,0.6,0.529,0.595,0.459,-0.231,0.519,0.468,0.232,0.141,0.5,0.286,-0.155,0.748,0.663,-0.239,-0.567,0.384,0.368,0.36,0.444,0.448,0.558,0.18,-0.51,-0.027,-0.079,-0.515,0.106,0.535,-0.231,0.521,1.0,-0.076,0.19,0.644,0.077,-0.025,-0.19,0.475,0.847,0.427,-0.337,0.002,-0.424,0.744,0.136,0.513,-0.064,-0.145,0.437,0.481,0.479,0.505,0.365,-0.605,0.295,0.522,-0.494,0.199,-0.167,0.561,-0.557,-0.281,0.968,-0.074,0.465,0.203,0.658,0.209,-0.101,0.85,-0.086,-0.298,0.551,0.453,-0.339,0.462,-0.172,0.103,0.534,0.495,-0.447,0.288,-0.217,0.124,-0.284
MCHP,0.323,0.155,0.086,0.521,0.501,0.028,0.115,0.217,0.408,-0.212,0.282,0.207,0.143,0.036,0.016,0.124,-0.079,0.372,0.586,-0.114,-0.121,0.522,0.343,-0.13,0.016,0.754,0.099,-0.046,-0.312,0.343,-0.109,-0.148,-0.149,0.549,-0.02,0.23,0.486,0.325,0.609,0.458,0.463,0.039,-0.145,0.469,-0.245,-0.076,1.0,-0.12,0.1,0.345,0.201,0.627,0.235,0.162,0.104,0.646,0.534,0.642,-0.146,0.497,0.312,0.125,0.875,0.115,0.068,0.17,0.36,0.044,0.469,0.286,-0.101,0.38,0.103,0.429,0.377,0.528,0.551,-0.065,0.626,0.223,0.459,0.04,0.138,0.684,-0.284,0.226,0.227,0.078,-0.117,0.634,0.145,0.858,0.014,0.018,-0.017,0.082,0.226,0.363,0.549,0.527
MDLZ,-0.054,0.539,0.673,-0.346,-0.369,0.511,0.508,0.422,-0.158,0.506,-0.344,-0.533,0.577,-0.159,0.666,0.616,0.505,-0.075,-0.109,0.481,0.294,0.462,0.1,0.745,0.395,-0.13,0.488,0.577,-0.167,-0.554,0.694,0.366,0.355,0.221,0.421,0.679,0.55,-0.122,-0.235,0.186,-0.092,0.843,0.638,-0.084,0.054,0.19,-0.12,1.0,0.539,0.326,-0.014,-0.445,0.611,0.413,-0.086,0.103,0.144,0.018,0.424,0.145,0.513,-0.616,-0.243,0.441,0.677,0.591,0.093,0.379,-0.164,0.618,0.756,-0.565,0.545,0.323,0.188,-0.221,-0.127,0.272,0.046,0.53,0.368,0.632,-0.17,-0.408,0.252,0.329,-0.425,0.51,0.454,-0.37,0.248,-0.132,0.303,0.427,0.574,-0.268,0.718,0.089,-0.152,-0.072
META,-0.458,0.673,0.467,-0.49,-0.445,0.463,0.738,0.411,-0.186,0.568,-0.555,-0.622,0.501,0.385,0.733,0.771,0.602,0.403,-0.024,0.5,0.23,0.407,0.282,0.691,0.308,-0.072,0.711,0.667,-0.398,-0.665,0.539,0.729,0.709,0.417,0.388,0.748,0.579,-0.458,0.078,-0.047,-0.345,0.485,0.614,-0.189,0.404,0.644,0.1,0.539,1.0,0.362,0.12,-0.354,0.814,0.671,0.238,-0.022,0.228,-0.087,0.713,0.188,0.665,-0.457,-0.062,0.601,0.686,0.74,0.552,0.36,-0.407,0.47,0.681,-0.59,0.394,0.128,0.55,-0.316,-0.09,0.662,0.185,0.592,0.454,0.716,0.248,-0.2,0.496,0.168,-0.383,0.68,0.394,-0.274,0.455,0.033,-0.012,0.669,0.655,-0.582,0.619,-0.037,0.127,-0.129
MNST,0.077,0.598,0.339,0.114,-0.075,0.514,0.294,0.468,0.337,0.192,-0.239,-0.134,0.476,-0.086,0.376,0.428,0.42,0.498,0.124,0.333,0.334,0.511,0.138,0.269,0.222,0.39,0.332,0.231,-0.063,-0.049,0.476,0.105,0.118,0.28,0.077,0.508,0.48,0.08,0.407,0.281,0.134,0.564,0.297,0.289,-0.079,0.077,0.345,0.326,0.362,1.0,0.038,0.162,0.534,0.19,-0.197,0.228,0.291,0.421,0.244,0.402,0.418,-0.141,0.204,0.492,0.367,0.651,0.495,0.258,0.033,0.425,0.43,0.116,0.383,0.235,0.364,0.084,0.316,0.078,0.29,0.644,0.215,0.38,0.259,0.148,0.115,0.238,-0.301,0.18,0.346,0.177,0.234,0.453,0.158,0.13,0.23,-0.036,0.319,0.141,0.079,0.262
MRNA,0.134,-0.155,0.299,0.174,0.219,-0.229,0.231,-0.192,-0.244,-0.153,0.126,-0.061,-0.072,0.156,0.121,0.082,-0.193,0.002,0.559,-0.15,-0.454,0.121,0.67,0.003,-0.424,0.301,0.002,-0.119,-0.575,0.262,-0.14,0.304,0.338,0.018,-0.381,0.075,0.366,-0.068,-0.09,0.319,0.253,-0.07,-0.176,-0.125,-0.259,-0.025,0.201,-0.014,0.12,0.038,1.0,-0.131,0.156,0.231,-0.123,0.505,0.601,0.219,0.085,-0.19,-0.035,-0.279,0.115,0.395,0.053,0.266,-0.024,-0.05,0.033,0.11,-0.136,0.184,0.302,0.491,0.097,0.309,0.446,0.013,0.285,-0.11,0.602,-0.011,-0.279,0.241,-0.251,-0.046,0.38,0.136,-0.292,0.315,-0.277,0.103,-0.41,0.173,0.158,-0.148,0.185,0.396,0.469,0.687
MRVL,0.381,-0.032,-0.307,0.511,0.462,-0.064,-0.314,0.077,0.493,-0.296,0.37,0.494,0.006,-0.033,-0.339,-0.23,-0.159,0.201,0.334,-0.247,0.084,0.276,0.106,-0.462,0.034,0.642,-0.193,-0.275,0.027,0.584,-0.28,-0.596,-0.585,0.313,-0.036,-0.119,0.04,0.471,0.548,0.416,0.466,-0.244,-0.319,0.403,-0.259,-0.19,0.627,-0.445,-0.354,0.162,-0.131,1.0,-0.206,-0.208,0.084,0.363,0.261,0.491,-0.371,0.451,-0.026,0.56,0.694,-0.164,-0.328,-0.242,0.134,-0.126,0.478,-0.014,-0.405,0.548,-0.108,0.023,0.058,0.479,0.392,-0.223,0.336,-0.02,-0.032,-0.254,0.191,0.58,-0.257,0.079,0.216,-0.334,-0.185,0.543,-0.043,0.699,0.161,-0.267,-0.331,0.36,-0.297,0.151,0.239,0.342
MSFT,-0.178,0.732,0.572,-0.359,-0.298,0.576,0.617,0.561,0.02,0.44,-0.473,-0.441,0.527,0.169,0.691,0.72,0.546,0.321,0.054,0.488,0.295,0.603,0.228,0.614,0.358,0.129,0.649,0.572,-0.348,-0.529,0.631,0.553,0.551,0.416,0.38,0.829,0.686,-0.178,0.217,0.112,-0.115,0.621,0.582,-0.03,0.15,0.475,0.235,0.611,0.814,0.534,0.156,-0.206,1.0,0.624,0.179,0.112,0.241,0.085,0.629,0.378,0.699,-0.432,0.076,0.575,0.677,0.778,0.506,0.32,-0.159,0.537,0.731,-0.408,0.403,0.271,0.647,-0.162,0.027,0.512,0.303,0.657,0.432,0.689,0.143,-0.076,0.385,0.379,-0.221,0.575,0.448,-0.108,0.499,0.193,0.136,0.497,0.602,-0.308,0.592,0.155,0.092,0.099
MSTR,-0.355,0.55,0.473,-0.526,-0.425,0.371,0.71,0.574,-0.21,0.591,-0.603,-0.519,0.544,0.65,0.729,0.636,0.581,0.341,-0.009,0.517,0.378,0.384,0.348,0.618,0.255,0.034,0.828,0.706,-0.435,-0.568,0.469,0.426,0.429,0.571,0.426,0.744,0.507,-0.4,-0.067,0.16,-0.339,0.317,0.595,-0.105,0.365,0.847,0.162,0.413,0.671,0.19,0.231,-0.208,0.624,1.0,0.416,-0.03,0.269,-0.247,0.736,0.225,0.642,-0.278,0.024,0.574,0.661,0.664,0.408,0.462,-0.471,0.531,0.628,-0.494,0.437,0.16,0.558,-0.375,-0.06,0.866,0.132,0.555,0.476,0.772,0.017,-0.044,0.633,0.061,-0.221,0.677,0.466,-0.229,0.503,-0.016,0.126,0.621,0.639,-0.514,0.585,0.003,0.336,-0.041
MU,-0.247,-0.017,-0.108,-0.176,0.025,-0.077,0.306,0.228,-0.111,0.104,-0.252,0.033,0.023,0.51,0.233,0.119,0.146,0.107,-0.179,0.219,0.1,-0.097,-0.04,0.165,0.256,-0.014,0.473,0.221,-0.133,-0.326,0.005,0.148,0.12,0.43,0.346,0.248,0.142,-0.147,-0.005,0.004,-0.209,-0.151,0.236,0.153,0.347,0.427,0.104,-0.086,0.238,-0.197,-0.123,0.084,0.179,0.416,1.0,-0.175,-0.129,-0.258,0.301,0.07,0.345,-0.018,0.164,0.144,0.2,0.031,0.12,0.34,-0.248,0.178,0.127,-0.207,-0.034,-0.188,0.183,0.046,-0.018,0.449,0.019,0.187,0.063,0.188,0.016,0.155,0.341,-0.154,0.084,0.226,0.148,-0.037,0.504,0.15,0.056,0.339,0.331,-0.27,0.092,-0.101,0.393,-0.267
MVIS,0.56,-0.031,0.303,0.624,0.57,-0.071,0.023,-0.057,0.278,-0.399,0.557,0.158,0.094,-0.264,0.035,0.063,-0.283,-0.027,0.723,-0.229,-0.37,0.469,0.53,-0.068,-0.239,0.657,-0.128,-0.228,-0.446,0.475,-0.112,-0.161,-0.159,0.287,-0.302,0.159,0.601,0.361,0.263,0.624,0.696,0.112,-0.283,0.312,-0.494,-0.337,0.646,0.103,-0.022,0.228,0.505,0.363,0.112,-0.03,-0.175,1.0,0.686,0.8,-0.301,0.223,0.083,-0.09,0.553,0.193,0.005,0.158,0.036,-0.027,0.584,0.388,-0.178,0.36,0.279,0.704,0.017,0.691,0.653,-0.29,0.52,0.055,0.704,-0.146,-0.254,0.529,-0.549,0.366,0.359,-0.099,-0.283,0.577,-0.292,0.615,-0.084,-0.093,-0.098,0.167,0.221,0.584,0.481,0.759
NFLX,0.281,0.162,0.337,0.351,0.209,0.106,0.301,0.066,0.088,0.009,0.122,-0.13,0.31,0.082,0.232,0.285,-0.019,0.149,0.735,-0.023,-0.106,0.541,0.818,0.09,-0.163,0.61,0.132,0.052,-0.427,0.236,0.008,0.075,0.117,0.39,-0.138,0.305,0.587,0.08,0.221,0.544,0.387,0.142,-0.057,0.189,-0.258,0.002,0.534,0.144,0.228,0.291,0.601,0.261,0.241,0.269,-0.129,0.686,1.0,0.51,0.059,0.221,0.195,-0.176,0.413,0.448,0.206,0.413,0.198,0.112,0.2,0.38,-0.033,0.164,0.439,0.621,0.26,0.324,0.533,0.035,0.479,0.197,0.721,0.19,-0.081,0.301,-0.247,0.197,0.127,0.184,-0.022,0.378,-0.044,0.419,-0.009,0.144,0.14,-0.128,0.419,0.433,0.496,0.598
NNDM,0.542,0.06,0.121,0.659,0.617,0.052,-0.105,0.001,0.463,-0.457,0.572,0.308,0.026,-0.325,-0.119,-0.067,-0.267,0.238,0.525,-0.282,-0.239,0.503,0.257,-0.245,-0.133,0.598,-0.165,-0.281,-0.167,0.553,-0.177,-0.335,-0.322,0.212,-0.257,0.09,0.419,0.518,0.428,0.495,0.699,0.163,-0.273,0.399,-0.542,-0.424,0.642,0.018,-0.087,0.421,0.219,0.491,0.085,-0.247,-0.258,0.8,0.51,1.0,-0.436,0.299,0.042,0.12,0.571,0.061,-0.107,0.121,0.128,-0.091,0.658,0.232,-0.241,0.522,0.081,0.468,0.083,0.706,0.606,-0.406,0.542,0.093,0.406,-0.219,-0.044,0.566,-0.487,0.311,0.239,-0.226,-0.256,0.585,-0.201,0.726,0.013,-0.331,-0.223,0.388,0.013,0.415,0.286,0.644
NVAX,-0.466,0.487,0.395,-0.643,-0.697,0.383,0.691,0.386,-0.409,0.731,-0.812,-0.618,0.462,0.472,0.737,0.736,0.66,0.275,-0.135,0.693,0.468,0.24,0.277,0.71,0.402,-0.129,0.664,0.674,-0.27,-0.694,0.577,0.569,0.58,0.407,0.463,0.612,0.326,-0.599,-0.086,0.015,-0.538,0.376,0.696,-0.247,0.438,0.744,-0.146,0.424,0.713,0.244,0.085,-0.371,0.629,0.736,0.301,-0.301,0.059,-0.436,1.0,0.16,0.589,-0.463,-0.337,0.547,0.65,0.569,0.355,0.445,-0.719,0.419,0.698,-0.541,0.41,-0.007,0.459,-0.567,-0.325,0.783,-0.114,0.533,0.208,0.676,0.121,-0.27,0.668,-0.043,-0.382,0.765,0.557,-0.347,0.496,-0.239,0.138,0.705,0.74,-0.606,0.548,-0.082,0.122,-0.283
NVDA,0.316,0.469,0.156,0.174,0.065,0.324,0.143,0.294,0.542,0.203,-0.121,-0.151,0.447,-0.152,0.252,0.411,0.221,0.242,0.048,0.208,0.484,0.537,0.012,0.218,0.315,0.314,0.246,0.149,0.036,-0.033,0.288,-0.09,-0.062,0.503,0.311,0.423,0.354,-0.008,0.351,0.437,0.144,0.304,0.155,0.386,-0.047,0.136,0.497,0.145,0.188,0.402,-0.19,0.451,0.378,0.225,0.07,0.223,0.221,0.299,0.16,1.0,0.406,0.044,0.34,0.103,0.206,0.347,0.258,0.249,0.209,0.442,0.2,0.068,0.201,0.278,0.265,0.11,0.138,0.124,0.311,0.439,0.208,0.308,0.271,0.361,0.016,0.55,-0.02,0.116,0.435,0.095,0.452,0.441,0.543,0.039,0.149,-0.026,0.227,0.28,0.177,0.14
NWL,-0.221,0.586,0.497,-0.339,-0.337,0.431,0.784,0.739,-0.052,0.532,-0.513,-0.379,0.673,0.294,0.789,0.787,0.668,0.318,-0.042,0.55,0.427,0.576,0.158,0.57,0.638,0.22,0.729,0.759,-0.243,-0.514,0.597,0.303,0.268,0.758,0.679,0.856,0.648,-0.094,0.186,0.29,-0.242,0.546,0.72,0.051,0.32,0.513,0.312,0.513,0.665,0.418,-0.035,-0.026,0.699,0.642,0.345,0.083,0.195,0.042,0.589,0.406,1.0,-0.334,0.198,0.556,0.815,0.642,0.484,0.62,-0.297,0.71,0.686,-0.48,0.562,0.131,0.583,-0.186,0.062,0.559,0.252,0.692,0.454,0.725,0.185,-0.017,0.456,0.208,-0.423,0.627,0.577,-0.122,0.521,0.253,0.323,0.629,0.697,-0.454,0.687,-0.022,0.141,-0.078
OCGN,0.028,-0.157,-0.542,0.227,0.35,-0.216,-0.475,-0.077,0.423,-0.34,0.381,0.467,-0.234,0.172,-0.529,-0.529,-0.31,0.185,-0.094,-0.377,0.011,-0.181,-0.307,-0.624,-0.103,0.069,-0.33,-0.348,0.323,0.421,-0.472,-0.48,-0.47,-0.088,-0.11,-0.397,-0.491,0.368,0.241,-0.165,0.066,-0.508,-0.44,0.127,-0.065,-0.064,0.125,-0.616,-0.457,-0.141,-0.279,0.56,-0.432,-0.278,-0.018,-0.09,-0.176,0.12,-0.463,0.044,-0.334,1.0,0.275,-0.474,-0.534,-0.462,-0.033,-0.314,0.264,-0.331,-0.509,0.406,-0.445,-0.373,-0.054,0.118,0.046,-0.146,0.052,-0.265,-0.402,-0.401,0.333,0.261,-0.03,-0.219,0.23,-0.538,-0.27,0.18,0.0,0.153,-0.045,-0.518,-0.606,0.436,-0.632,-0.291,-0.146,-0.056
ON,0.337,0.008,-0.073,0.523,0.6,-0.106,-0.054,0.194,0.391,-0.37,0.439,0.42,0.043,0.073,-0.161,-0.12,-0.194,0.327,0.511,-0.267,-0.199,0.362,0.22,-0.302,-0.097,0.76,0.037,-0.178,-0.267,0.386,-0.256,-0.276,-0.285,0.454,-0.097,0.105,0.336,0.468,0.658,0.346,0.562,-0.134,-0.301,0.415,-0.194,-0.145,0.875,-0.243,-0.062,0.204,0.115,0.694,0.076,0.024,0.164,0.553,0.413,0.571,-0.337,0.34,0.198,0.275,1.0,0.054,-0.056,0.004,0.344,0.024,0.607,0.065,-0.281,0.401,-0.013,0.314,0.295,0.531,0.611,-0.123,0.57,0.045,0.321,-0.084,0.189,0.63,-0.278,0.198,0.277,-0.137,-0.241,0.663,0.049,0.806,-0.046,-0.095,-0.19,0.227,0.087,0.261,0.44,0.463
