,AAL,AAPL,AGNC,AMAT,AMD,AMZN,APA,ARDX,AVGO,AZN,BIDU,BILI,BKR,CAN,CHRD,CMCSA,CPRT,CRWD,CSCO,CSX,DKNG,EBAY,ERIC,EXC,FITB,FLEX,FTNT,GEN,GERN,GEVO,GILD,GOOG,GOOGL,GT,HBAN,HST,INTC,IOVA,IQ,JBLU,JD,KDP,KHC,LRCX,LYFT,MARA,MCHP,MDLZ,META,MNST,MRNA,MRVL,MSFT,MSTR,MU,MVIS,NFLX,NNDM,NVAX,NVDA,NWL,OCGN,ON,OPK,PAA,PACB,PANW,PARA,PDD,PENN,PEP,PLUG,PTEN,PTON,PYPL,QCOM,QVCGA,RIOT,ROKU,RUN,SABR,SBUX,SMCI,SNDL,STNE,TCOM,TLRY,TMUS,TSCO,TSLA,TTD,TXN,UAL,VOD,VTRS,VXRT,WBA,WBD,WDC,ZM
AAL,1.0,0.066,-0.377,-0.244,-0.014,-0.417,0.165,-0.611,-0.103,0.659,-0.349,0.476,-0.567,0.662,-0.468,0.582,-0.244,-0.665,-0.502,0.2,-0.66,-0.243,-0.45,-0.524,-0.402,-0.098,-0.685,0.556,0.466,0.477,0.277,-0.573,-0.564,0.158,0.548,-0.191,-0.644,0.699,0.606,0.798,0.54,0.677,0.028,-0.134,-0.016,0.451,0.164,0.306,-0.486,0.666,0.016,0.269,-0.644,0.103,-0.549,0.704,-0.295,0.425,-0.241,-0.082,0.497,0.365,-0.441,0.42,0.455,-0.024,-0.547,0.616,-0.53,0.499,0.116,0.512,-0.447,0.576,-0.484,-0.035,0.8,0.453,-0.308,0.139,0.469,0.432,-0.471,-0.554,0.641,0.596,-0.466,-0.266,0.067,-0.588,-0.699,0.278,0.852,-0.403,0.737,-0.201,0.72,0.631,-0.415,-0.536
AAPL,0.066,1.0,0.499,0.645,0.24,0.195,0.352,0.382,0.604,0.016,0.588,0.416,0.438,-0.133,0.503,0.262,0.658,0.138,0.516,0.094,0.301,0.729,0.547,-0.08,0.446,0.675,0.212,0.35,-0.158,-0.338,0.064,0.459,0.436,0.608,0.316,-0.181,0.277,-0.058,-0.077,0.101,0.231,-0.057,-0.241,0.78,0.382,0.373,0.753,-0.184,0.347,0.042,0.362,0.036,0.313,0.425,0.426,0.046,0.49,0.43,0.309,0.557,0.48,-0.011,0.517,0.463,0.275,0.525,0.258,0.087,0.508,0.422,-0.029,0.16,-0.019,-0.024,0.577,0.751,0.134,0.118,0.363,0.568,0.229,0.344,0.436,-0.033,0.08,0.416,0.279,0.139,0.205,0.321,0.275,0.609,0.22,0.198,0.201,0.491,-0.08,0.034,0.615,0.324
AGNC,-0.377,0.499,1.0,0.581,-0.013,0.358,0.114,0.504,0.446,-0.236,0.788,0.118,0.466,-0.322,0.383,-0.06,0.492,0.3,0.67,0.032,0.53,0.619,0.621,0.339,0.526,0.661,0.498,-0.26,-0.289,-0.562,0.099,0.754,0.751,0.342,-0.121,0.216,0.355,-0.364,-0.227,-0.494,-0.053,-0.121,0.037,0.44,0.168,0.057,0.364,-0.093,0.529,-0.134,0.397,-0.336,0.591,0.497,0.559,-0.374,0.549,0.203,0.126,0.506,-0.02,0.086,0.661,0.208,-0.104,0.364,0.555,-0.284,0.642,0.103,0.229,-0.081,0.134,-0.33,0.785,0.391,-0.32,-0.036,0.166,0.442,-0.169,0.175,0.468,0.111,-0.198,0.012,0.203,0.138,0.32,0.644,0.588,0.215,-0.203,0.537,-0.359,0.475,-0.555,-0.336,0.484,0.532
AMAT,-0.244,0.645,0.581,1.0,0.431,0.257,0.246,0.338,0.64,-0.126,0.551,0.242,0.395,-0.342,0.553,-0.187,0.624,0.402,0.779,-0.063,0.446,0.598,0.677,0.043,0.264,0.528,0.411,0.261,-0.322,-0.382,-0.21,0.608,0.593,0.611,-0.153,-0.009,0.303,-0.323,-0.215,-0.278,0.06,-0.257,-0.394,0.825,0.239,0.107,0.676,-0.442,0.498,-0.222,0.498,0.187,0.647,0.221,0.498,-0.062,0.54,0.186,0.47,0.687,0.204,-0.171,0.703,0.18,0.221,0.403,0.725,-0.275,0.511,0.099,-0.25,0.116,-0.064,-0.142,0.747,0.53,-0.239,-0.143,0.334,0.394,0.222,-0.011,0.584,0.071,-0.099,0.054,0.277,-0.065,-0.008,0.433,0.483,0.509,-0.104,0.195,-0.192,0.717,-0.394,-0.337,0.572,0.573
AMD,-0.014,0.24,-0.013,0.431,1.0,0.257,0.314,0.157,0.291,-0.003,0.182,0.175,0.164,0.137,0.273,-0.124,0.432,0.353,0.186,-0.264,0.156,0.25,0.24,-0.323,0.114,0.116,0.141,0.229,0.07,0.172,-0.122,0.242,0.265,0.235,0.058,0.263,0.2,0.102,0.231,-0.09,0.237,-0.017,-0.482,0.462,0.517,0.267,0.509,-0.33,0.402,-0.042,-0.17,0.643,0.382,0.181,0.32,0.346,0.367,-0.037,0.168,0.374,0.012,-0.07,0.451,0.154,0.127,0.464,0.212,-0.217,0.22,-0.107,-0.18,0.382,0.145,0.24,0.208,0.342,0.035,0.21,0.396,0.317,0.251,0.217,0.532,0.154,0.26,-0.012,0.314,0.231,0.081,0.036,0.149,0.337,0.071,0.037,-0.174,0.076,-0.076,-0.181,0.387,0.274
AMZN,-0.417,0.195,0.358,0.257,0.257,1.0,0.257,0.536,0.137,-0.38,0.244,-0.317,0.559,-0.332,0.419,-0.18,0.507,0.714,0.352,-0.23,0.729,0.309,0.366,0.428,0.628,0.084,0.635,-0.433,-0.119,-0.061,0.139,0.574,0.552,-0.069,-0.118,0.407,0.746,-0.188,-0.274,-0.572,-0.373,-0.237,0.191,0.239,0.328,-0.189,0.039,-0.065,0.733,-0.263,-0.097,-0.074,0.68,0.225,0.702,-0.411,0.545,-0.308,-0.075,-0.065,-0.392,-0.398,0.55,-0.227,-0.353,0.487,0.47,-0.397,0.513,-0.385,0.204,-0.292,0.713,-0.328,0.369,0.342,-0.365,-0.114,0.402,0.036,-0.412,0.026,0.538,0.775,-0.257,-0.367,0.652,0.727,0.122,0.658,0.688,-0.19,-0.414,0.804,-0.566,-0.011,-0.494,-0.424,0.513,0.393
APA,0.165,0.352,0.114,0.246,0.314,0.257,1.0,0.346,-0.021,-0.059,0.212,0.08,0.477,-0.01,0.551,-0.029,0.314,0.237,0.232,-0.398,0.222,0.153,0.395,-0.333,0.501,0.108,0.164,0.026,0.378,-0.074,-0.343,0.195,0.18,0.265,0.472,0.082,0.315,0.042,0.311,-0.053,0.046,-0.052,-0.408,0.299,0.407,0.278,0.21,-0.428,0.18,-0.283,-0.165,-0.089,0.112,0.186,0.409,0.002,0.537,-0.03,0.096,-0.028,0.181,-0.212,0.387,0.098,-0.104,0.552,0.093,-0.3,0.36,-0.021,-0.272,0.186,0.29,0.363,0.091,0.333,0.217,0.207,0.446,0.453,0.114,0.245,0.063,0.251,0.062,-0.121,0.485,0.22,0.365,0.09,0.178,0.008,0.042,0.202,-0.138,-0.144,-0.228,-0.285,0.479,0.408
ARDX,-0.611,0.382,0.504,0.338,0.157,0.536,0.346,1.0,0.282,-0.63,0.587,-0.19,0.82,-0.463,0.676,-0.268,0.516,0.655,0.519,-0.326,0.718,0.514,0.693,0.236,0.686,0.467,0.683,-0.402,-0.257,-0.537,-0.301,0.647,0.633,0.13,-0.151,0.239,0.767,-0.473,-0.425,-0.586,-0.311,-0.471,-0.132,0.326,0.368,-0.125,0.128,-0.335,0.658,-0.523,-0.091,-0.338,0.584,0.252,0.742,-0.576,0.645,-0.097,0.269,0.145,-0.254,-0.43,0.632,-0.137,-0.413,0.335,0.487,-0.468,0.796,-0.21,0.031,-0.347,0.493,-0.399,0.52,0.387,-0.519,-0.162,0.61,0.214,-0.305,-0.024,0.479,0.48,-0.41,-0.33,0.624,0.49,0.311,0.66,0.69,-0.078,-0.467,0.52,-0.626,0.146,-0.616,-0.476,0.741,0.609
AVGO,-0.103,0.604,0.446,0.64,0.291,0.137,-0.021,0.282,1.0,-0.067,0.557,0.296,0.312,-0.145,0.397,0.209,0.504,0.262,0.487,0.124,0.355,0.709,0.4,0.134,0.179,0.692,0.253,0.306,-0.368,-0.255,0.041,0.52,0.492,0.577,-0.069,-0.075,0.153,-0.197,-0.167,-0.094,0.149,-0.021,-0.027,0.725,0.266,0.275,0.611,0.06,0.266,0.166,0.473,0.207,0.41,0.347,0.405,0.107,0.37,0.487,0.3,0.753,0.301,0.069,0.484,0.403,0.162,0.246,0.412,0.232,0.459,0.245,0.09,0.108,-0.173,-0.182,0.509,0.453,-0.194,0.034,0.139,0.322,0.206,0.18,0.642,-0.119,-0.058,0.337,0.13,-0.091,0.175,0.356,0.273,0.545,0.148,0.111,-0.019,0.604,0.006,0.194,0.501,0.343
AZN,0.659,0.016,-0.236,-0.126,-0.003,-0.38,-0.059,-0.63,-0.067,1.0,-0.355,0.483,-0.559,0.575,-0.425,0.568,-0.244,-0.631,-0.27,0.331,-0.511,-0.205,-0.397,-0.211,-0.493,-0.087,-0.594,0.525,0.272,0.503,0.472,-0.408,-0.397,0.205,0.386,-0.212,-0.606,0.6,0.424,0.669,0.605,0.638,0.072,-0.054,-0.127,0.475,0.154,0.338,-0.344,0.61,0.126,0.277,-0.459,0.227,-0.566,0.665,-0.396,0.374,-0.233,-0.013,0.554,0.423,-0.325,0.331,0.557,-0.083,-0.432,0.553,-0.556,0.597,0.223,0.475,-0.482,0.421,-0.228,-0.128,0.585,0.478,-0.375,0.131,0.497,0.357,-0.403,-0.495,0.652,0.501,-0.485,-0.239,0.063,-0.461,-0.473,0.249,0.628,-0.363,0.691,-0.142,0.652,0.56,-0.464,-0.514
BIDU,-0.349,0.588,0.788,0.551,0.182,0.244,0.212,0.587,0.557,-0.355,1.0,0.188,0.534,-0.307,0.514,-0.105,0.606,0.368,0.606,-0.17,0.498,0.673,0.697,0.104,0.579,0.668,0.46,-0.161,-0.241,-0.54,-0.09,0.721,0.725,0.406,-0.033,0.086,0.377,-0.333,-0.142,-0.43,0.035,-0.198,-0.183,0.552,0.454,0.146,0.478,-0.239,0.479,-0.213,0.312,-0.161,0.512,0.412,0.68,-0.226,0.612,0.271,0.274,0.624,0.08,0.026,0.684,0.297,-0.182,0.439,0.468,-0.282,0.728,0.069,0.03,0.004,0.058,-0.232,0.718,0.485,-0.259,0.003,0.291,0.62,-0.091,0.156,0.593,0.107,-0.178,0.061,0.362,0.088,0.356,0.55,0.487,0.322,-0.184,0.325,-0.389,0.468,-0.502,-0.305,0.623,0.622
BILI,0.476,0.416,0.118,0.242,0.175,-0.317,0.08,-0.19,0.296,0.483,0.188,1.0,-0.251,0.488,-0.098,0.432,-0.027,-0.427,0.09,0.17,-0.312,0.262,0.024,-0.418,-0.168,0.335,-0.317,0.571,0.1,0.05,0.267,0.01,0.032,0.506,0.512,-0.153,-0.363,0.39,0.489,0.469,0.787,0.366,-0.169,0.331,0.199,0.643,0.52,0.237,-0.003,0.363,0.149,0.25,-0.193,0.439,-0.264,0.538,-0.128,0.531,-0.129,0.331,0.554,0.351,0.056,0.59,0.544,0.134,-0.236,0.458,0.007,0.644,0.118,0.56,-0.438,0.379,0.167,0.406,0.545,0.518,-0.151,0.541,0.566,0.464,-0.071,-0.514,0.684,0.632,-0.303,-0.266,0.213,-0.194,-0.302,0.536,0.579,-0.332,0.467,0.207,0.433,0.478,-0.01,-0.2
BKR,-0.567,0.438,0.466,0.395,0.164,0.559,0.477,0.82,0.312,-0.559,0.534,-0.251,1.0,-0.537,0.825,-0.238,0.642,0.727,0.553,-0.323,0.806,0.479,0.65,0.303,0.736,0.425,0.753,-0.278,-0.191,-0.467,-0.294,0.642,0.604,0.212,-0.089,0.104,0.849,-0.456,-0.443,-0.565,-0.349,-0.517,-0.144,0.467,0.263,-0.049,0.121,-0.346,0.556,-0.448,-0.055,-0.402,0.625,0.229,0.838,-0.544,0.694,-0.139,0.395,0.087,-0.11,-0.451,0.621,-0.135,-0.476,0.381,0.5,-0.521,0.772,-0.269,-0.111,-0.388,0.588,-0.398,0.523,0.369,-0.511,-0.158,0.647,0.186,-0.24,-0.1,0.553,0.596,-0.485,-0.292,0.771,0.415,0.266,0.65,0.734,-0.066,-0.413,0.504,-0.547,0.146,-0.6,-0.523,0.829,0.724
CAN,0.662,-0.133,-0.322,-0.342,0.137,-0.332,-0.01,-0.463,-0.145,0.575,-0.307,0.488,-0.537,1.0,-0.533,0.469,-0.394,-0.454,-0.572,0.006,-0.521,-0.292,-0.46,-0.446,-0.386,-0.238,-0.488,0.343,0.569,0.547,0.31,-0.381,-0.354,-0.063,0.444,0.047,-0.548,0.646,0.674,0.584,0.63,0.493,0.021,-0.217,0.164,0.584,0.019,0.403,-0.229,0.514,-0.364,0.3,-0.503,0.352,-0.481,0.689,-0.391,0.26,-0.461,-0.197,0.235,0.331,-0.377,0.458,0.351,-0.073,-0.577,0.491,-0.367,0.304,0.287,0.457,-0.234,0.538,-0.477,-0.147,0.628,0.723,-0.226,0.208,0.355,0.375,-0.327,-0.416,0.694,0.329,-0.355,-0.089,0.13,-0.504,-0.596,0.167,0.571,-0.416,0.506,-0.437,0.607,0.536,-0.372,-0.558
CHRD,-0.468,0.503,0.383,0.553,0.273,0.419,0.551,0.676,0.397,-0.425,0.514,-0.098,0.825,-0.533,1.0,-0.282,0.539,0.579,0.629,-0.246,0.585,0.534,0.615,0.049,0.636,0.454,0.48,-0.08,-0.172,-0.446,-0.419,0.487,0.461,0.46,0.026,-0.098,0.631,-0.481,-0.295,-0.425,-0.196,-0.513,-0.343,0.576,0.313,-0.072,0.231,-0.47,0.366,-0.55,0.108,-0.2,0.468,0.036,0.678,-0.405,0.588,-0.093,0.439,0.247,0.105,-0.4,0.535,-0.102,-0.198,0.428,0.478,-0.398,0.626,-0.12,-0.358,-0.226,0.403,-0.22,0.548,0.53,-0.407,-0.283,0.501,0.25,-0.007,-0.123,0.492,0.484,-0.397,-0.117,0.689,0.145,0.098,0.554,0.554,0.056,-0.362,0.371,-0.395,0.276,-0.421,-0.397,0.785,0.702
CMCSA,0.582,0.262,-0.06,-0.187,-0.124,-0.18,-0.029,-0.268,0.209,0.568,-0.105,0.432,-0.238,0.469,-0.282,1.0,-0.083,-0.461,-0.31,0.36,-0.262,0.164,-0.236,-0.024,-0.136,0.238,-0.347,0.291,0.164,0.437,0.6,-0.207,-0.243,0.078,0.533,-0.064,-0.311,0.434,0.4,0.593,0.438,0.676,0.346,0.012,0.159,0.528,0.289,0.623,-0.21,0.751,-0.038,0.04,-0.375,0.405,-0.297,0.495,-0.276,0.618,-0.294,-0.004,0.552,0.263,-0.217,0.475,0.352,0.068,-0.464,0.726,-0.187,0.684,0.555,0.399,-0.228,0.373,-0.199,0.167,0.535,0.518,-0.15,0.216,0.105,0.672,-0.262,-0.322,0.441,0.581,-0.198,0.109,0.364,-0.191,-0.305,0.241,0.696,-0.101,0.651,-0.19,0.666,0.756,-0.136,-0.417
CPRT,-0.244,0.658,0.492,0.624,0.432,0.507,0.314,0.516,0.504,-0.244,0.606,-0.027,0.642,-0.394,0.539,-0.083,1.0,0.54,0.595,-0.254,0.62,0.587,0.663,0.267,0.527,0.483,0.586,0.011,-0.212,-0.356,-0.049,0.659,0.624,0.426,-0.115,0.085,0.619,-0.188,-0.307,-0.333,-0.13,-0.169,-0.238,0.677,0.298,0.136,0.486,-0.33,0.596,-0.09,0.28,0.039,0.696,0.332,0.724,-0.222,0.776,0.062,0.531,0.405,0.07,-0.146,0.705,0.187,-0.198,0.592,0.566,-0.358,0.595,-0.089,-0.033,-0.118,0.215,-0.299,0.635,0.499,-0.186,-0.003,0.61,0.368,-0.018,0.059,0.688,0.348,-0.164,0.032,0.536,0.364,0.205,0.524,0.663,0.288,-0.087,0.442,-0.295,0.451,-0.443,-0.402,0.694,0.689
CRWD,-0.665,0.138,0.3,0.402,0.353,0.714,0.237,0.655,0.262,-0.631,0.368,-0.427,0.727,-0.454,0.579,-0.461,0.54,1.0,0.484,-0.431,0.848,0.355,0.51,0.339,0.532,0.166,0.813,-0.335,-0.203,-0.25,-0.287,0.661,0.619,-0.048,-0.365,0.335,0.761,-0.436,-0.403,-0.677,-0.459,-0.597,-0.102,0.409,0.376,-0.207,0.05,-0.396,0.636,-0.547,-0.148,-0.056,0.751,0.061,0.839,-0.496,0.563,-0.291,0.251,0.075,-0.419,-0.555,0.635,-0.233,-0.454,0.316,0.641,-0.66,0.689,-0.6,-0.166,-0.364,0.653,-0.371,0.423,0.19,-0.604,-0.214,0.583,0.074,-0.337,-0.267,0.661,0.747,-0.446,-0.575,0.785,0.492,0.125,0.578,0.711,-0.132,-0.596,0.495,-0.736,0.113,-0.703,-0.657,0.748,0.656
CSCO,-0.502,0.516,0.67,0.779,0.186,0.352,0.232,0.519,0.487,-0.27,0.606,0.09,0.553,-0.572,0.629,-0.31,0.595,0.484,1.0,-0.133,0.592,0.59,0.774,0.268,0.393,0.569,0.495,-0.043,-0.456,-0.566,-0.266,0.747,0.759,0.472,-0.245,-0.004,0.445,-0.444,-0.374,-0.513,-0.12,-0.32,-0.301,0.649,0.139,-0.047,0.393,-0.466,0.479,-0.417,0.483,-0.098,0.671,0.161,0.585,-0.372,0.6,0.079,0.361,0.502,0.02,-0.245,0.77,0.078,-0.033,0.342,0.663,-0.427,0.618,-0.045,-0.218,-0.127,0.067,-0.35,0.807,0.393,-0.457,-0.257,0.344,0.318,-0.001,-0.129,0.526,0.283,-0.248,-0.095,0.401,0.02,0.093,0.539,0.668,0.242,-0.338,0.383,-0.382,0.555,-0.592,-0.488,0.615,0.615
CSX,0.2,0.094,0.032,-0.063,-0.264,-0.23,-0.398,-0.326,0.124,0.331,-0.17,0.17,-0.323,0.006,-0.246,0.36,-0.254,-0.431,-0.133,1.0,-0.311,0.099,-0.413,0.117,-0.219,0.136,-0.294,0.166,-0.287,0.08,0.477,-0.235,-0.231,0.077,0.075,-0.088,-0.362,0.028,-0.11,0.35,0.063,0.246,0.452,-0.056,-0.229,-0.073,0.174,0.469,-0.336,0.4,0.319,0.052,-0.244,-0.095,-0.372,0.224,-0.391,0.295,-0.212,0.172,0.287,0.305,-0.339,0.11,0.479,-0.279,-0.159,0.512,-0.319,0.422,0.231,0.13,-0.198,-0.074,0.021,0.044,0.063,-0.166,-0.49,-0.189,0.036,0.153,-0.136,-0.371,0.042,0.387,-0.486,-0.203,-0.156,-0.134,-0.269,0.241,0.299,-0.074,0.45,0.24,0.382,0.458,-0.367,-0.424
DKNG,-0.66,0.301,0.53,0.446,0.156,0.729,0.222,0.718,0.355,-0.511,0.498,-0.312,0.806,-0.521,0.585,-0.262,0.62,0.848,0.592,-0.311,1.0,0.506,0.624,0.562,0.584,0.337,0.856,-0.343,-0.255,-0.356,-0.068,0.777,0.732,0.069,-0.291,0.273,0.816,-0.392,-0.478,-0.708,-0.368,-0.417,0.08,0.447,0.206,-0.12,0.119,-0.229,0.729,-0.393,-0.024,-0.299,0.836,0.296,0.851,-0.559,0.653,-0.166,0.246,0.137,-0.324,-0.408,0.75,-0.153,-0.511,0.317,0.628,-0.543,0.741,-0.322,0.083,-0.391,0.536,-0.469,0.576,0.23,-0.618,-0.144,0.55,0.122,-0.308,-0.117,0.673,0.63,-0.43,-0.464,0.686,0.498,0.294,0.687,0.827,-0.067,-0.516,0.544,-0.681,0.167,-0.703,-0.572,0.74,0.673
EBAY,-0.243,0.729,0.619,0.598,0.25,0.309,0.153,0.514,0.709,-0.205,0.673,0.262,0.479,-0.292,0.534,0.164,0.587,0.355,0.59,0.099,0.506,1.0,0.498,0.148,0.435,0.745,0.312,0.091,-0.335,-0.36,0.124,0.64,0.586,0.467,0.093,0.043,0.32,-0.252,-0.151,-0.171,0.099,-0.075,0.0,0.733,0.416,0.166,0.642,-0.075,0.371,0.003,0.32,0.031,0.505,0.325,0.549,-0.105,0.482,0.418,0.187,0.635,0.269,-0.009,0.599,0.385,0.118,0.413,0.334,-0.055,0.617,0.325,0.12,0.078,0.115,-0.142,0.639,0.65,-0.184,-0.052,0.21,0.429,0.069,0.32,0.642,0.059,-0.09,0.274,0.315,0.148,0.334,0.389,0.383,0.506,0.06,0.337,-0.088,0.465,-0.234,-0.066,0.712,0.443
ERIC,-0.45,0.547,0.621,0.677,0.24,0.366,0.395,0.693,0.4,-0.397,0.697,0.024,0.65,-0.46,0.615,-0.236,0.663,0.51,0.774,-0.413,0.624,0.498,1.0,0.183,0.55,0.509,0.559,-0.14,-0.272,-0.511,-0.344,0.694,0.712,0.32,-0.088,0.111,0.594,-0.357,-0.283,-0.523,-0.056,-0.288,-0.413,0.579,0.311,0.045,0.402,-0.532,0.632,-0.477,0.228,-0.161,0.659,0.282,0.665,-0.377,0.687,-0.004,0.428,0.414,-0.084,-0.303,0.801,0.066,-0.174,0.478,0.641,-0.491,0.734,-0.055,-0.2,-0.097,0.136,-0.257,0.713,0.446,-0.37,-0.081,0.629,0.445,-0.132,-0.042,0.467,0.345,-0.262,-0.229,0.517,0.22,0.205,0.585,0.677,0.188,-0.369,0.355,-0.443,0.434,-0.664,-0.535,0.671,0.687
EXC,-0.524,-0.08,0.339,0.043,-0.323,0.428,-0.333,0.236,0.134,-0.211,0.104,-0.418,0.303,-0.446,0.049,-0.024,0.267,0.339,0.268,0.117,0.562,0.148,0.183,1.0,0.22,0.071,0.517,-0.396,-0.395,-0.225,0.243,0.394,0.367,-0.171,-0.429,0.128,0.442,-0.373,-0.564,-0.495,-0.436,-0.091,0.447,-0.012,-0.31,-0.305,-0.24,0.201,0.305,-0.004,0.217,-0.369,0.482,0.07,0.333,-0.512,0.12,-0.11,0.051,-0.081,-0.289,-0.158,0.201,-0.255,-0.394,-0.013,0.351,-0.199,0.234,-0.218,0.407,-0.495,0.259,-0.667,0.267,-0.198,-0.529,-0.252,0.028,-0.262,-0.446,-0.232,0.23,0.32,-0.473,-0.29,0.119,0.36,0.102,0.426,0.526,-0.27,-0.419,0.445,-0.333,0.137,-0.371,-0.252,0.118,0.208
FITB,-0.402,0.446,0.526,0.264,0.114,0.628,0.501,0.686,0.179,-0.493,0.579,-0.168,0.736,-0.386,0.636,-0.136,0.527,0.532,0.393,-0.219,0.584,0.435,0.55,0.22,1.0,0.306,0.571,-0.41,-0.04,-0.322,-0.135,0.526,0.526,0.082,0.211,0.232,0.716,-0.38,-0.217,-0.481,-0.326,-0.358,-0.027,0.33,0.454,-0.036,0.162,-0.23,0.53,-0.402,0.003,-0.332,0.462,0.266,0.767,-0.455,0.538,-0.154,0.067,0.084,-0.152,-0.243,0.537,-0.11,-0.347,0.618,0.362,-0.414,0.698,-0.249,0.029,-0.104,0.654,-0.254,0.491,0.545,-0.246,-0.085,0.45,0.414,-0.424,0.1,0.386,0.569,-0.362,-0.253,0.628,0.546,0.276,0.632,0.582,-0.052,-0.415,0.72,-0.434,0.085,-0.547,-0.433,0.65,0.537
FLEX,-0.098,0.675,0.661,0.528,0.116,0.084,0.108,0.467,0.692,-0.087,0.668,0.335,0.425,-0.238,0.454,0.238,0.483,0.166,0.569,0.136,0.337,0.745,0.509,0.071,0.306,1.0,0.217,0.21,-0.369,-0.433,0.058,0.48,0.472,0.544,0.077,-0.039,0.179,-0.211,-0.179,-0.062,0.189,0.036,-0.061,0.581,0.236,0.204,0.554,-0.036,0.261,0.087,0.415,-0.095,0.264,0.394,0.369,-0.101,0.383,0.618,0.339,0.612,0.392,0.057,0.49,0.384,0.113,0.218,0.297,0.113,0.525,0.403,0.121,0.09,-0.107,-0.199,0.621,0.532,-0.161,-0.012,0.183,0.423,0.144,0.29,0.395,-0.094,-0.027,0.386,0.165,0.013,0.397,0.43,0.292,0.465,0.191,0.192,-0.015,0.484,-0.09,0.086,0.595,0.398
FTNT,-0.685,0.212,0.498,0.411,0.141,0.635,0.164,0.683,0.253,-0.594,0.46,-0.317,0.753,-0.488,0.48,-0.347,0.586,0.813,0.495,-0.294,0.856,0.312,0.559,0.517,0.571,0.217,1.0,-0.432,-0.218,-0.423,-0.163,0.751,0.718,-0.033,-0.374,0.352,0.834,-0.498,-0.461,-0.751,-0.506,-0.522,0.017,0.317,0.205,-0.105,0.056,-0.234,0.732,-0.451,-0.078,-0.288,0.814,0.311,0.774,-0.635,0.585,-0.275,0.291,0.088,-0.393,-0.433,0.657,-0.174,-0.539,0.273,0.732,-0.582,0.736,-0.483,0.062,-0.404,0.557,-0.481,0.524,0.175,-0.551,-0.1,0.589,0.121,-0.434,-0.184,0.59,0.594,-0.479,-0.528,0.65,0.53,0.248,0.743,0.819,-0.187,-0.586,0.53,-0.716,0.265,-0.733,-0.599,0.606,0.705
GEN,0.556,0.35,-0.26,0.261,0.229,-0.433,0.026,-0.402,0.306,0.525,-0.161,0.571,-0.278,0.343,-0.08,0.291,0.011,-0.335,-0.043,0.166,-0.343,0.091,-0.14,-0.396,-0.41,0.21,-0.432,1.0,0.121,0.236,0.086,-0.294,-0.318,0.549,0.367,-0.35,-0.408,0.397,0.254,0.629,0.623,0.251,-0.236,0.418,-0.055,0.395,0.483,0.0,-0.287,0.399,0.254,0.38,-0.307,0.04,-0.306,0.598,-0.242,0.491,0.171,0.277,0.661,0.236,-0.11,0.374,0.573,-0.084,-0.192,0.46,-0.251,0.517,-0.218,0.472,-0.476,0.342,-0.1,0.2,0.504,0.241,-0.192,0.208,0.698,0.205,-0.093,-0.547,0.523,0.585,-0.34,-0.426,-0.032,-0.438,-0.479,0.652,0.562,-0.583,0.643,0.247,0.544,0.435,-0.03,-0.26
GERN,0.466,-0.158,-0.289,-0.322,0.07,-0.119,0.378,-0.257,-0.368,0.272,-0.241,0.1,-0.191,0.569,-0.172,0.164,-0.212,-0.203,-0.456,-0.287,-0.255,-0.335,-0.272,-0.395,-0.04,-0.369,-0.218,0.121,1.0,0.388,-0.022,-0.375,-0.365,-0.148,0.51,-0.014,-0.136,0.496,0.609,0.217,0.25,0.303,-0.08,-0.251,0.188,0.344,-0.142,0.086,-0.197,0.11,-0.507,-0.008,-0.368,0.145,-0.193,0.242,-0.166,-0.08,-0.371,-0.405,0.086,0.115,-0.218,0.186,-0.063,0.165,-0.345,0.08,-0.259,0.047,0.015,0.326,0.085,0.534,-0.438,-0.138,0.576,0.505,-0.044,0.239,0.105,0.21,-0.38,-0.089,0.448,0.017,0.018,0.001,0.201,-0.316,-0.369,-0.108,0.21,-0.22,0.233,-0.506,0.261,0.162,-0.173,-0.159
GEVO,0.477,-0.338,-0.562,-0.382,0.172,-0.061,-0.074,-0.537,-0.255,0.503,-0.54,0.05,-0.467,0.547,-0.446,0.437,-0.356,-0.25,-0.566,0.08,-0.356,-0.36,-0.511,-0.225,-0.322,-0.433,-0.423,0.236,0.388,1.0,0.331,-0.457,-0.467,-0.321,0.287,0.219,-0.357,0.48,0.46,0.414,0.239,0.436,0.247,-0.264,0.13,0.271,-0.035,0.353,-0.266,0.488,-0.345,0.375,-0.416,0.031,-0.369,0.599,-0.471,0.088,-0.441,-0.323,0.124,0.053,-0.337,0.08,0.21,-0.076,-0.464,0.358,-0.422,0.121,0.159,0.511,0.024,0.513,-0.549,-0.157,0.412,0.42,-0.263,-0.074,0.008,0.336,-0.327,-0.015,0.407,0.076,-0.124,0.083,-0.004,-0.368,-0.458,-0.03,0.337,-0.163,0.373,-0.516,0.549,0.415,-0.401,-0.556
GILD,0.277,0.064,0.099,-0.21,-0.122,0.139,-0.343,-0.301,0.041,0.472,-0.09,0.267,-0.294,0.31,-0.419,0.6,-0.049,-0.287,-0.266,0.477,-0.068,0.124,-0.344,0.243,-0.135,0.058,-0.163,0.086,-0.022,0.331,1.0,-0.047,-0.084,-0.026,0.267,0.139,-0.166,0.48,0.16,0.292,0.336,0.533,0.594,-0.093,0.032,0.176,0.112,0.685,0.041,0.635,0.026,0.016,-0.059,0.318,-0.213,0.306,-0.228,0.264,-0.406,-0.069,0.201,0.407,-0.15,0.258,0.31,-0.059,-0.283,0.493,-0.218,0.467,0.635,0.162,-0.0,0.037,0.007,0.099,0.301,0.306,-0.339,0.033,0.008,0.477,0.004,-0.123,0.425,0.379,-0.257,0.24,0.208,-0.036,-0.094,0.133,0.407,0.082,0.343,-0.045,0.393,0.457,-0.261,-0.376
GOOG,-0.573,0.459,0.754,0.608,0.242,0.574,0.195,0.647,0.52,-0.408,0.721,0.01,0.642,-0.381,0.487,-0.207,0.659,0.661,0.747,-0.235,0.777,0.64,0.694,0.394,0.526,0.48,0.751,-0.294,-0.375,-0.457,-0.047,1.0,0.976,0.246,-0.29,0.329,0.594,-0.447,-0.29,-0.648,-0.209,-0.345,-0.083,0.6,0.317,0.153,0.374,-0.229,0.719,-0.302,0.205,-0.123,0.826,0.506,0.792,-0.379,0.721,0.057,0.211,0.461,-0.175,-0.214,0.861,0.22,-0.291,0.446,0.637,-0.479,0.865,-0.179,0.089,-0.179,0.284,-0.354,0.699,0.38,-0.457,0.056,0.434,0.398,-0.23,0.069,0.745,0.387,-0.302,-0.26,0.522,0.341,0.311,0.68,0.75,0.134,-0.376,0.539,-0.612,0.395,-0.692,-0.508,0.685,0.649
GOOGL,-0.564,0.436,0.751,0.593,0.265,0.552,0.18,0.633,0.492,-0.397,0.725,0.032,0.604,-0.354,0.461,-0.243,0.624,0.619,0.759,-0.231,0.732,0.586,0.712,0.367,0.526,0.472,0.718,-0.318,-0.365,-0.467,-0.084,0.976,1.0,0.236,-0.293,0.312,0.565,-0.421,-0.296,-0.679,-0.195,-0.309,-0.125,0.56,0.311,0.174,0.354,-0.256,0.722,-0.331,0.211,-0.096,0.807,0.526,0.757,-0.36,0.71,0.03,0.18,0.478,-0.219,-0.235,0.866,0.231,-0.288,0.458,0.627,-0.48,0.847,-0.195,0.078,-0.143,0.243,-0.393,0.716,0.358,-0.479,0.075,0.427,0.421,-0.222,0.037,0.72,0.372,-0.269,-0.281,0.488,0.33,0.27,0.688,0.718,0.113,-0.397,0.528,-0.626,0.387,-0.698,-0.507,0.633,0.608
GT,0.158,0.608,0.342,0.611,0.235,-0.069,0.265,0.13,0.577,0.205,0.406,0.506,0.212,-0.063,0.46,0.078,0.426,-0.048,0.472,0.077,0.069,0.467,0.32,-0.171,0.082,0.544,-0.033,0.549,-0.148,-0.321,-0.026,0.246,0.236,1.0,0.173,-0.356,-0.039,0.032,-0.049,0.164,0.381,0.008,-0.328,0.644,0.099,0.338,0.503,-0.163,0.088,0.076,0.511,0.033,0.149,0.262,0.165,0.191,0.325,0.368,0.375,0.522,0.568,0.202,0.34,0.378,0.387,0.293,0.251,0.184,0.203,0.44,-0.146,0.16,-0.304,-0.011,0.499,0.49,0.128,0.103,0.09,0.426,0.598,0.147,0.294,-0.28,0.257,0.511,-0.034,-0.32,0.043,0.145,0.111,0.527,0.286,-0.076,0.174,0.523,0.102,0.112,0.334,0.272
HBAN,0.548,0.316,-0.121,-0.153,0.058,-0.118,0.472,-0.151,-0.069,0.386,-0.033,0.512,-0.089,0.444,0.026,0.533,-0.115,-0.365,-0.245,0.075,-0.291,0.093,-0.088,-0.429,0.211,0.077,-0.374,0.367,0.51,0.287,0.267,-0.29,-0.293,0.173,1.0,-0.085,-0.162,0.475,0.573,0.522,0.555,0.422,0.001,0.078,0.374,0.437,0.288,0.22,-0.161,0.253,-0.234,0.031,-0.398,0.218,-0.164,0.434,-0.205,0.299,-0.371,-0.112,0.527,0.248,-0.141,0.347,0.36,0.255,-0.468,0.41,-0.102,0.543,0.095,0.5,0.04,0.55,-0.185,0.434,0.686,0.439,-0.068,0.471,0.208,0.524,-0.289,-0.148,0.525,0.427,0.013,0.065,0.31,-0.25,-0.381,0.301,0.462,-0.144,0.54,-0.237,0.438,0.433,0.029,-0.241
HST,-0.191,-0.181,0.216,-0.009,0.263,0.407,0.082,0.239,-0.075,-0.212,0.086,-0.153,0.104,0.047,-0.098,-0.064,0.085,0.335,-0.004,-0.088,0.273,0.043,0.111,0.128,0.232,-0.039,0.352,-0.35,-0.014,0.219,0.139,0.329,0.312,-0.356,-0.085,1.0,0.23,-0.044,0.131,-0.376,-0.157,0.081,0.22,-0.118,0.27,-0.012,0.032,0.032,0.43,-0.04,-0.284,0.155,0.334,0.253,0.273,-0.058,0.212,-0.168,-0.224,-0.058,-0.452,-0.1,0.287,-0.043,-0.247,0.137,0.207,-0.229,0.289,-0.34,0.218,0.141,0.419,0.043,0.076,0.017,-0.139,0.176,0.186,0.069,-0.365,0.276,0.227,0.325,-0.027,-0.384,0.198,0.497,0.36,0.245,0.27,-0.202,-0.211,0.422,-0.409,-0.118,-0.315,-0.209,0.102,0.103
INTC,-0.644,0.277,0.355,0.303,0.2,0.746,0.315,0.767,0.153,-0.606,0.377,-0.363,0.849,-0.548,0.631,-0.311,0.619,0.761,0.445,-0.362,0.816,0.32,0.594,0.442,0.716,0.179,0.834,-0.408,-0.136,-0.357,-0.166,0.594,0.565,-0.039,-0.162,0.23,1.0,-0.376,-0.437,-0.703,-0.469,-0.482,-0.064,0.294,0.247,-0.207,0.033,-0.272,0.723,-0.479,-0.162,-0.296,0.716,0.162,0.785,-0.635,0.61,-0.358,0.255,-0.074,-0.357,-0.499,0.612,-0.294,-0.53,0.407,0.556,-0.56,0.673,-0.418,-0.017,-0.404,0.704,-0.42,0.457,0.305,-0.466,-0.188,0.614,0.061,-0.453,-0.135,0.527,0.712,-0.453,-0.445,0.736,0.632,0.164,0.675,0.811,-0.21,-0.563,0.594,-0.634,0.107,-0.635,-0.575,0.662,0.654
IOVA,0.699,-0.058,-0.364,-0.323,0.102,-0.188,0.042,-0.473,-0.197,0.6,-0.333,0.39,-0.456,0.646,-0.481,0.434,-0.188,-0.436,-0.444,0.028,-0.392,-0.252,-0.357,-0.373,-0.38,-0.211,-0.498,0.397,0.496,0.48,0.48,-0.447,-0.421,0.032,0.475,-0.044,-0.376,1.0,0.472,0.524,0.599,0.657,0.075,-0.228,0.095,0.355,0.012,0.303,-0.186,0.519,-0.193,0.257,-0.373,0.162,-0.437,0.601,-0.194,0.138,-0.352,-0.259,0.193,0.308,-0.282,0.314,0.353,-0.01,-0.498,0.469,-0.519,0.38,0.175,0.335,-0.229,0.442,-0.294,-0.125,0.632,0.518,-0.167,0.103,0.421,0.326,-0.284,-0.289,0.821,0.419,-0.311,-0.062,0.042,-0.484,-0.417,0.131,0.642,-0.35,0.51,-0.316,0.556,0.467,-0.363,-0.515
IQ,0.606,-0.077,-0.227,-0.215,0.231,-0.274,0.311,-0.425,-0.167,0.424,-0.142,0.489,-0.443,0.674,-0.295,0.4,-0.307,-0.403,-0.374,-0.11,-0.478,-0.151,-0.283,-0.564,-0.217,-0.179,-0.461,0.254,0.609,0.46,0.16,-0.29,-0.296,-0.049,0.573,0.131,-0.437,0.472,1.0,0.423,0.552,0.498,-0.139,-0.104,0.284,0.489,0.179,0.188,-0.289,0.313,-0.335,0.324,-0.45,0.169,-0.353,0.558,-0.233,0.198,-0.416,-0.083,0.251,0.309,-0.179,0.391,0.242,0.139,-0.507,0.301,-0.247,0.26,0.066,0.66,-0.178,0.852,-0.406,0.023,0.744,0.565,-0.206,0.351,0.248,0.593,-0.293,-0.341,0.598,0.246,-0.196,-0.082,0.358,-0.515,-0.506,0.142,0.444,-0.322,0.393,-0.362,0.448,0.392,-0.229,-0.278
JBLU,0.798,0.101,-0.494,-0.278,-0.09,-0.572,-0.053,-0.586,-0.094,0.669,-0.43,0.469,-0.565,0.584,-0.425,0.593,-0.333,-0.677,-0.513,0.35,-0.708,-0.171,-0.523,-0.495,-0.481,-0.062,-0.751,0.629,0.217,0.414,0.292,-0.648,-0.679,0.164,0.522,-0.376,-0.703,0.524,0.423,1.0,0.558,0.465,0.03,-0.062,-0.047,0.332,0.169,0.316,-0.581,0.585,0.009,0.294,-0.723,-0.084,-0.654,0.68,-0.531,0.447,-0.108,-0.069,0.65,0.404,-0.602,0.329,0.641,-0.233,-0.655,0.681,-0.586,0.592,0.06,0.392,-0.471,0.504,-0.464,0.035,0.693,0.284,-0.295,0.012,0.52,0.298,-0.477,-0.569,0.534,0.633,-0.472,-0.305,-0.063,-0.665,-0.711,0.392,0.772,-0.551,0.88,-0.168,0.805,0.678,-0.384,-0.589
JD,0.54,0.231,-0.053,0.06,0.237,-0.373,0.046,-0.311,0.149,0.605,0.035,0.787,-0.349,0.63,-0.196,0.438,-0.13,-0.459,-0.12,0.063,-0.368,0.099,-0.056,-0.436,-0.326,0.189,-0.506,0.623,0.25,0.239,0.336,-0.209,-0.195,0.381,0.555,-0.157,-0.469,0.599,0.552,0.558,1.0,0.47,-0.145,0.201,0.163,0.507,0.387,0.21,-0.144,0.426,-0.02,0.266,-0.3,0.296,-0.341,0.675,-0.241,0.443,-0.189,0.166,0.496,0.431,-0.101,0.465,0.543,-0.009,-0.403,0.464,-0.211,0.649,0.119,0.504,-0.414,0.44,-0.04,0.232,0.555,0.497,-0.178,0.407,0.583,0.418,-0.139,-0.474,0.734,0.612,-0.316,-0.281,0.192,-0.4,-0.451,0.562,0.59,-0.475,0.555,-0.016,0.516,0.489,-0.089,-0.347
KDP,0.677,-0.057,-0.121,-0.257,-0.017,-0.237,-0.052,-0.471,-0.021,0.638,-0.198,0.366,-0.517,0.493,-0.513,0.676,-0.169,-0.597,-0.32,0.246,-0.417,-0.075,-0.288,-0.091,-0.358,0.036,-0.522,0.251,0.303,0.436,0.533,-0.345,-0.309,0.008,0.422,0.081,-0.482,0.657,0.498,0.465,0.47,1.0,0.259,-0.235,0.0,0.352,0.102,0.468,-0.251,0.717,0.008,0.264,-0.379,0.217,-0.471,0.566,-0.221,0.421,-0.386,-0.014,0.324,0.394,-0.245,0.409,0.284,-0.001,-0.438,0.595,-0.465,0.551,0.447,0.455,-0.42,0.362,-0.265,-0.145,0.534,0.432,-0.333,0.104,0.255,0.508,-0.308,-0.432,0.6,0.472,-0.43,-0.054,0.286,-0.388,-0.406,0.126,0.681,-0.203,0.53,-0.21,0.575,0.602,-0.43,-0.442
KHC,0.028,-0.241,0.037,-0.394,-0.482,0.191,-0.408,-0.132,-0.027,0.072,-0.183,-0.169,-0.144,0.021,-0.343,0.346,-0.238,-0.102,-0.301,0.452,0.08,0.0,-0.413,0.447,-0.027,-0.061,0.017,-0.236,-0.08,0.247,0.594,-0.083,-0.125,-0.328,0.001,0.22,-0.064,0.075,-0.139,0.03,-0.145,0.259,1.0,-0.321,-0.228,-0.188,-0.23,0.77,-0.097,0.428,-0.071,-0.287,-0.069,0.06,-0.11,-0.07,-0.294,0.091,-0.447,-0.244,-0.121,0.201,-0.256,-0.097,-0.144,-0.374,-0.189,0.38,-0.155,0.089,0.691,-0.122,0.155,-0.21,-0.168,-0.103,-0.072,-0.051,-0.363,-0.307,-0.381,0.166,-0.096,0.055,-0.1,0.042,-0.166,0.194,0.155,0.119,-0.039,-0.137,0.054,0.255,0.076,-0.175,0.213,0.361,-0.297,-0.33
LRCX,-0.134,0.78,0.44,0.825,0.462,0.239,0.299,0.326,0.725,-0.054,0.552,0.331,0.467,-0.217,0.576,0.012,0.677,0.409,0.649,-0.056,0.447,0.733,0.579,-0.012,0.33,0.581,0.317,0.418,-0.251,-0.264,-0.093,0.6,0.56,0.644,0.078,-0.118,0.294,-0.228,-0.104,-0.062,0.201,-0.235,-0.321,1.0,0.343,0.339,0.786,-0.315,0.373,-0.09,0.377,0.217,0.52,0.31,0.563,0.085,0.483,0.319,0.417,0.683,0.361,-0.09,0.68,0.365,0.216,0.463,0.441,-0.166,0.591,0.202,-0.21,0.213,-0.014,-0.033,0.599,0.672,-0.076,0.054,0.353,0.512,0.252,0.165,0.655,0.045,-0.027,0.171,0.347,0.009,0.143,0.289,0.338,0.681,0.016,0.108,-0.032,0.57,-0.243,-0.197,0.704,0.483
LYFT,-0.016,0.382,0.168,0.239,0.517,0.328,0.407,0.368,0.266,-0.127,0.454,0.199,0.263,0.164,0.313,0.159,0.298,0.376,0.139,-0.229,0.206,0.416,0.311,-0.31,0.454,0.236,0.205,-0.055,0.188,0.13,0.032,0.317,0.311,0.099,0.374,0.27,0.247,0.095,0.284,-0.047,0.163,0.0,-0.228,0.343,1.0,0.309,0.423,-0.163,0.355,-0.135,-0.248,0.292,0.189,0.276,0.448,0.212,0.262,0.191,-0.199,0.226,0.153,-0.186,0.392,0.323,0.18,0.556,0.115,-0.073,0.442,0.053,-0.001,0.319,0.361,0.294,0.242,0.489,0.161,0.309,0.336,0.635,-0.083,0.371,0.34,0.317,0.243,0.015,0.547,0.417,0.346,0.201,0.154,0.205,0.034,0.236,-0.116,-0.041,-0.105,-0.035,0.505,0.209
MARA,0.451,0.373,0.057,0.107,0.267,-0.189,0.278,-0.125,0.275,0.475,0.146,0.643,-0.049,0.584,-0.072,0.528,0.136,-0.207,-0.047,-0.073,-0.12,0.166,0.045,-0.305,-0.036,0.204,-0.105,0.395,0.344,0.271,0.176,0.153,0.174,0.338,0.437,-0.012,-0.207,0.355,0.489,0.332,0.507,0.352,-0.188,0.339,0.309,1.0,0.435,0.194,0.045,0.386,-0.109,0.172,-0.135,0.744,-0.023,0.563,0.07,0.478,-0.142,0.208,0.457,0.192,0.202,0.739,0.207,0.395,-0.256,0.299,0.193,0.428,0.162,0.558,-0.267,0.42,0.002,0.252,0.538,0.9,0.097,0.665,0.349,0.562,0.003,-0.31,0.572,0.312,-0.031,-0.027,0.412,-0.104,-0.224,0.319,0.498,-0.209,0.29,-0.094,0.314,0.359,0.11,-0.106
MCHP,0.164,0.753,0.364,0.676,0.509,0.039,0.21,0.128,0.611,0.154,0.478,0.52,0.121,0.019,0.231,0.289,0.486,0.05,0.393,0.174,0.119,0.642,0.402,-0.24,0.162,0.554,0.056,0.483,-0.142,-0.035,0.112,0.374,0.354,0.503,0.288,0.032,0.033,0.012,0.179,0.169,0.387,0.102,-0.23,0.786,0.423,0.435,1.0,-0.109,0.279,0.203,0.302,0.384,0.291,0.377,0.278,0.376,0.278,0.509,0.182,0.726,0.454,0.119,0.539,0.492,0.415,0.403,0.236,0.112,0.363,0.458,-0.027,0.557,-0.2,0.297,0.439,0.689,0.242,0.214,0.171,0.577,0.206,0.515,0.433,-0.225,0.258,0.37,0.069,0.001,0.217,0.102,0.071,0.829,0.309,-0.017,0.214,0.504,0.009,0.093,0.408,0.178
MDLZ,0.306,-0.184,-0.093,-0.442,-0.33,-0.065,-0.428,-0.335,0.06,0.338,-0.239,0.237,-0.346,0.403,-0.47,0.623,-0.33,-0.396,-0.466,0.469,-0.229,-0.075,-0.532,0.201,-0.23,-0.036,-0.234,0.0,0.086,0.353,0.685,-0.229,-0.256,-0.163,0.22,0.032,-0.272,0.303,0.188,0.316,0.21,0.468,0.77,-0.315,-0.163,0.194,-0.109,1.0,-0.178,0.68,-0.162,-0.105,-0.305,0.23,-0.371,0.272,-0.45,0.308,-0.517,-0.211,0.154,0.425,-0.398,0.233,0.099,-0.291,-0.429,0.695,-0.291,0.343,0.747,0.094,-0.108,0.055,-0.278,-0.06,0.273,0.308,-0.426,-0.135,-0.108,0.364,-0.22,-0.228,0.259,0.357,-0.355,0.037,0.159,-0.096,-0.267,-0.007,0.405,-0.035,0.337,-0.243,0.586,0.704,-0.415,-0.477
META,-0.486,0.347,0.529,0.498,0.402,0.733,0.18,0.658,0.266,-0.344,0.479,-0.003,0.556,-0.229,0.366,-0.21,0.596,0.636,0.479,-0.336,0.729,0.371,0.632,0.305,0.53,0.261,0.732,-0.287,-0.197,-0.266,0.041,0.719,0.722,0.088,-0.161,0.43,0.723,-0.186,-0.289,-0.581,-0.144,-0.251,-0.097,0.373,0.355,0.045,0.279,-0.178,1.0,-0.305,-0.095,0.011,0.808,0.483,0.665,-0.331,0.613,-0.174,0.151,0.203,-0.323,-0.296,0.731,-0.043,-0.269,0.46,0.608,-0.429,0.649,-0.211,0.176,-0.18,0.412,-0.328,0.59,0.392,-0.358,0.077,0.562,0.265,-0.199,0.038,0.607,0.498,-0.115,-0.332,0.516,0.602,0.163,0.683,0.745,0.023,-0.36,0.532,-0.606,0.205,-0.58,-0.464,0.551,0.521
MNST,0.666,0.042,-0.134,-0.222,-0.042,-0.263,-0.283,-0.523,0.166,0.61,-0.213,0.363,-0.448,0.514,-0.55,0.751,-0.09,-0.547,-0.417,0.4,-0.393,0.003,-0.477,-0.004,-0.402,0.087,-0.451,0.399,0.11,0.488,0.635,-0.302,-0.331,0.076,0.253,-0.04,-0.479,0.519,0.313,0.585,0.426,0.717,0.428,-0.09,-0.135,0.386,0.203,0.68,-0.305,1.0,0.108,0.166,-0.357,0.277,-0.398,0.629,-0.293,0.58,-0.262,0.05,0.451,0.483,-0.321,0.414,0.311,-0.139,-0.449,0.695,-0.408,0.537,0.592,0.382,-0.372,0.243,-0.303,-0.079,0.498,0.415,-0.397,-0.008,0.218,0.542,-0.182,-0.498,0.481,0.66,-0.478,-0.098,0.195,-0.362,-0.427,0.301,0.79,-0.202,0.623,-0.106,0.7,0.697,-0.374,-0.496
MRNA,0.016,0.362,0.397,0.498,-0.17,-0.097,-0.165,-0.091,0.473,0.126,0.312,0.149,-0.055,-0.364,0.108,-0.038,0.28,-0.148,0.483,0.319,-0.024,0.32,0.228,0.217,0.003,0.415,-0.078,0.254,-0.507,-0.345,0.026,0.205,0.211,0.511,-0.234,-0.284,-0.162,-0.193,-0.335,0.009,-0.02,0.008,-0.071,0.377,-0.248,-0.109,0.302,-0.162,-0.095,0.108,1.0,0.03,0.143,-0.061,0.044,-0.047,0.178,0.297,0.395,0.56,0.261,0.177,0.166,0.111,0.309,0.076,0.361,0.086,0.038,0.207,-0.146,0.018,-0.4,-0.308,0.46,0.149,-0.147,-0.333,-0.251,0.067,0.219,-0.119,0.15,-0.29,-0.128,0.332,-0.303,-0.37,-0.194,0.171,0.104,0.336,0.083,0.125,0.141,0.739,-0.075,-0.018,0.026,0.129
MRVL,0.269,0.036,-0.336,0.187,0.643,-0.074,-0.089,-0.338,0.207,0.277,-0.161,0.25,-0.402,0.3,-0.2,0.04,0.039,-0.056,-0.098,0.052,-0.299,0.031,-0.161,-0.369,-0.332,-0.095,-0.288,0.38,-0.008,0.375,0.016,-0.123,-0.096,0.033,0.031,0.155,-0.296,0.257,0.324,0.294,0.266,0.264,-0.287,0.217,0.292,0.172,0.384,-0.105,0.011,0.166,0.03,1.0,-0.029,-0.102,-0.199,0.547,-0.101,0.096,0.026,0.358,0.106,0.043,-0.031,0.235,0.409,0.111,-0.055,0.17,-0.241,0.006,-0.222,0.42,-0.234,0.319,-0.127,0.076,0.213,0.111,-0.057,0.029,0.396,0.069,0.235,-0.186,0.323,0.149,-0.138,-0.023,-0.191,-0.332,-0.285,0.351,0.274,-0.242,0.223,0.12,0.286,0.196,-0.089,-0.19
MSFT,-0.644,0.313,0.591,0.647,0.382,0.68,0.112,0.584,0.41,-0.459,0.512,-0.193,0.625,-0.503,0.468,-0.375,0.696,0.751,0.671,-0.244,0.836,0.505,0.659,0.482,0.462,0.264,0.814,-0.307,-0.368,-0.416,-0.059,0.826,0.807,0.149,-0.398,0.334,0.716,-0.373,-0.45,-0.723,-0.3,-0.379,-0.069,0.52,0.189,-0.135,0.291,-0.305,0.808,-0.357,0.143,-0.029,1.0,0.273,0.755,-0.45,0.701,-0.269,0.315,0.369,-0.384,-0.285,0.8,-0.111,-0.303,0.383,0.787,-0.589,0.644,-0.331,0.035,-0.286,0.39,-0.451,0.703,0.3,-0.581,-0.186,0.528,0.115,-0.225,-0.139,0.791,0.508,-0.344,-0.373,0.526,0.401,0.078,0.674,0.841,0.076,-0.471,0.547,-0.652,0.436,-0.741,-0.631,0.6,0.684
MSTR,0.103,0.425,0.497,0.221,0.181,0.225,0.186,0.252,0.347,0.227,0.412,0.439,0.229,0.352,0.036,0.405,0.332,0.061,0.161,-0.095,0.296,0.325,0.282,0.07,0.266,0.394,0.311,0.04,0.145,0.031,0.318,0.506,0.526,0.262,0.218,0.253,0.162,0.162,0.169,-0.084,0.296,0.217,0.06,0.31,0.276,0.744,0.377,0.23,0.483,0.277,-0.061,-0.102,0.273,1.0,0.282,0.135,0.333,0.331,-0.101,0.26,0.147,0.13,0.487,0.538,-0.057,0.403,0.082,0.106,0.467,0.296,0.473,0.256,0.015,0.038,0.313,0.315,0.175,0.757,0.243,0.579,0.051,0.538,0.26,-0.059,0.328,0.154,0.106,0.29,0.491,0.384,0.229,0.194,0.224,0.248,-0.066,0.01,-0.041,0.121,0.261,0.101
MU,-0.549,0.426,0.559,0.498,0.32,0.702,0.409,0.742,0.405,-0.566,0.68,-0.264,0.838,-0.481,0.678,-0.297,0.724,0.839,0.585,-0.372,0.851,0.549,0.665,0.333,0.767,0.369,0.774,-0.306,-0.193,-0.369,-0.213,0.792,0.757,0.165,-0.164,0.273,0.785,-0.437,-0.353,-0.654,-0.341,-0.471,-0.11,0.563,0.448,-0.023,0.278,-0.371,0.665,-0.398,0.044,-0.199,0.755,0.282,1.0,-0.404,0.746,-0.07,0.235,0.262,-0.215,-0.383,0.784,-0.059,-0.472,0.555,0.596,-0.598,0.841,-0.375,-0.045,-0.225,0.57,-0.352,0.562,0.407,-0.459,-0.104,0.536,0.373,-0.347,-0.009,0.708,0.613,-0.419,-0.368,0.755,0.472,0.313,0.642,0.718,0.058,-0.465,0.606,-0.665,0.206,-0.719,-0.609,0.843,0.708
MVIS,0.704,0.046,-0.374,-0.062,0.346,-0.411,0.002,-0.576,0.107,0.665,-0.226,0.538,-0.544,0.689,-0.405,0.495,-0.222,-0.496,-0.372,0.224,-0.559,-0.105,-0.377,-0.512,-0.455,-0.101,-0.635,0.598,0.242,0.599,0.306,-0.379,-0.36,0.191,0.434,-0.058,-0.635,0.601,0.558,0.68,0.675,0.566,-0.07,0.085,0.212,0.563,0.376,0.272,-0.331,0.629,-0.047,0.547,-0.45,0.135,-0.404,1.0,-0.318,0.475,-0.304,0.141,0.5,0.357,-0.261,0.465,0.565,0.01,-0.507,0.562,-0.4,0.482,0.075,0.668,-0.454,0.564,-0.329,0.047,0.611,0.519,-0.314,0.281,0.477,0.444,-0.166,-0.481,0.682,0.487,-0.369,-0.285,0.046,-0.599,-0.636,0.464,0.703,-0.508,0.587,-0.152,0.67,0.581,-0.306,-0.533
NFLX,-0.295,0.49,0.549,0.54,0.367,0.545,0.537,0.645,0.37,-0.396,0.612,-0.128,0.694,-0.391,0.588,-0.276,0.776,0.563,0.6,-0.391,0.653,0.482,0.687,0.12,0.538,0.383,0.585,-0.242,-0.166,-0.471,-0.228,0.721,0.71,0.325,-0.205,0.212,0.61,-0.194,-0.233,-0.531,-0.241,-0.221,-0.294,0.483,0.262,0.07,0.278,-0.45,0.613,-0.293,0.178,-0.101,0.701,0.333,0.746,-0.318,1.0,-0.111,0.42,0.337,-0.193,-0.22,0.75,0.098,-0.37,0.562,0.554,-0.496,0.642,-0.232,-0.108,-0.224,0.241,-0.242,0.571,0.315,-0.329,-0.035,0.621,0.285,-0.017,0.039,0.662,0.369,-0.235,-0.181,0.536,0.299,0.221,0.536,0.698,0.03,-0.179,0.497,-0.555,0.286,-0.609,-0.538,0.652,0.721
NNDM,0.425,0.43,0.203,0.186,-0.037,-0.308,-0.03,-0.097,0.487,0.374,0.271,0.531,-0.139,0.26,-0.093,0.618,0.062,-0.291,0.079,0.295,-0.166,0.418,-0.004,-0.11,-0.154,0.618,-0.275,0.491,-0.08,0.088,0.264,0.057,0.03,0.368,0.299,-0.168,-0.358,0.138,0.198,0.447,0.443,0.421,0.091,0.319,0.191,0.478,0.509,0.308,-0.174,0.58,0.297,0.096,-0.269,0.331,-0.07,0.475,-0.111,1.0,-0.072,0.404,0.734,0.206,0.041,0.628,0.361,0.021,-0.19,0.533,0.103,0.681,0.28,0.406,-0.44,0.175,0.043,0.237,0.336,0.315,-0.291,0.44,0.257,0.472,-0.06,-0.472,0.311,0.61,-0.211,-0.217,0.382,-0.129,-0.318,0.517,0.625,-0.242,0.428,0.173,0.432,0.531,0.136,-0.158
NVAX,-0.241,0.309,0.126,0.47,0.168,-0.075,0.096,0.269,0.3,-0.233,0.274,-0.129,0.395,-0.461,0.439,-0.294,0.531,0.251,0.361,-0.212,0.246,0.187,0.428,0.051,0.067,0.339,0.291,0.171,-0.371,-0.441,-0.406,0.211,0.18,0.375,-0.371,-0.224,0.255,-0.352,-0.416,-0.108,-0.189,-0.386,-0.447,0.417,-0.199,-0.142,0.182,-0.517,0.151,-0.262,0.395,0.026,0.315,-0.101,0.235,-0.304,0.42,-0.072,1.0,0.351,0.097,-0.152,0.251,-0.129,-0.126,0.015,0.452,-0.306,0.224,-0.123,-0.442,-0.246,-0.167,-0.287,0.37,0.132,-0.338,-0.33,0.463,-0.09,0.25,-0.356,0.335,0.017,-0.382,-0.027,0.166,-0.135,-0.178,0.254,0.36,0.119,-0.119,-0.07,-0.172,0.536,-0.269,-0.348,0.357,0.59
NVDA,-0.082,0.557,0.506,0.687,0.374,-0.065,-0.028,0.145,0.753,-0.013,0.624,0.331,0.087,-0.197,0.247,-0.004,0.405,0.075,0.502,0.172,0.137,0.635,0.414,-0.081,0.084,0.612,0.088,0.277,-0.405,-0.323,-0.069,0.461,0.478,0.522,-0.112,-0.058,-0.074,-0.259,-0.083,-0.069,0.166,-0.014,-0.244,0.683,0.226,0.208,0.726,-0.211,0.203,0.05,0.56,0.358,0.369,0.26,0.262,0.141,0.337,0.404,0.351,1.0,0.264,0.204,0.509,0.39,0.293,0.243,0.429,0.004,0.356,0.283,-0.086,0.287,-0.379,-0.064,0.539,0.416,-0.145,-0.056,0.035,0.383,0.258,0.183,0.565,-0.33,-0.032,0.283,-0.096,-0.233,0.054,0.219,0.13,0.633,0.107,0.009,-0.025,0.697,-0.165,-0.026,0.308,0.318
NWL,0.497,0.48,-0.02,0.204,0.012,-0.392,0.181,-0.254,0.301,0.554,0.08,0.554,-0.11,0.235,0.105,0.552,0.07,-0.419,0.02,0.287,-0.324,0.269,-0.084,-0.289,-0.152,0.392,-0.393,0.661,0.086,0.124,0.201,-0.175,-0.219,0.568,0.527,-0.452,-0.357,0.193,0.251,0.65,0.496,0.324,-0.121,0.361,0.153,0.457,0.454,0.154,-0.323,0.451,0.261,0.106,-0.384,0.147,-0.215,0.5,-0.193,0.734,0.097,0.264,1.0,0.257,-0.129,0.514,0.567,0.062,-0.245,0.52,-0.112,0.762,0.017,0.383,-0.402,0.314,0.01,0.336,0.513,0.263,-0.198,0.392,0.494,0.352,-0.162,-0.418,0.365,0.7,-0.136,-0.306,0.17,-0.233,-0.351,0.506,0.63,-0.359,0.642,0.171,0.554,0.501,0.061,-0.095
OCGN,0.365,-0.011,0.086,-0.171,-0.07,-0.398,-0.212,-0.43,0.069,0.423,0.026,0.351,-0.451,0.331,-0.4,0.263,-0.146,-0.555,-0.245,0.305,-0.408,-0.009,-0.303,-0.158,-0.243,0.057,-0.433,0.236,0.115,0.053,0.407,-0.214,-0.235,0.202,0.248,-0.1,-0.499,0.308,0.309,0.404,0.431,0.394,0.201,-0.09,-0.186,0.192,0.119,0.425,-0.296,0.483,0.177,0.043,-0.285,0.13,-0.383,0.357,-0.22,0.206,-0.152,0.204,0.257,1.0,-0.23,0.308,0.316,-0.14,-0.324,0.42,-0.369,0.392,0.303,0.29,-0.418,0.227,-0.035,-0.005,0.409,0.236,-0.351,0.133,0.286,0.306,-0.121,-0.554,0.371,0.474,-0.587,-0.331,0.122,-0.33,-0.292,0.346,0.438,-0.22,0.398,0.043,0.353,0.368,-0.399,-0.183
