,AAL,AAPL,AGNC,AMAT,AMD,AMZN,APA,ARDX,AVGO,AZN,BIDU,BILI,BKR,CAN,CHRD,CMCSA,CPRT,CRWD,CSCO,CSX,DKNG,EBAY,ERIC,EXC,FITB,FLEX,FTNT,GEN,GERN,GEVO,GILD,GOOG,GOOGL,GT,HBAN,HST,INTC,IOVA,IQ,JBLU,JD,KDP,KHC,LRCX,LYFT,MARA,MCHP,MDLZ,META,MNST,MRNA,MRVL,MSFT,MSTR,MU,MVIS,NFLX,NNDM,NVAX,NVDA,NWL,OCGN,ON,OPK,PAA,PACB,PANW,PARA,PDD,PENN,PEP,PLUG,PTEN,PTON,PYPL,QCOM,QVCGA,RIOT,ROKU,RUN,SABR,SBUX,SMCI,SNDL,STNE,TCOM,TLRY,TMUS,TSCO,TSLA,TTD,TXN,UAL,VOD,VTRS,VXRT,WBA,WBD,WDC,ZM
AAL,1.0,0.382,0.391,0.415,0.43,0.476,0.046,0.372,0.42,-0.293,0.185,-0.242,0.407,0.605,0.198,0.381,0.387,0.528,-0.139,0.125,0.471,0.41,0.097,-0.303,0.236,0.511,0.281,0.09,0.137,0.603,-0.212,0.338,0.361,0.188,0.247,0.434,0.082,0.258,0.234,0.594,-0.416,-0.163,-0.232,0.467,0.447,0.522,0.3,-0.137,0.394,0.204,-0.101,0.547,0.46,0.62,0.187,0.363,0.268,0.178,0.021,0.409,0.381,0.262,0.341,0.438,0.366,0.655,0.356,0.347,0.083,0.281,-0.389,0.532,-0.277,0.443,0.349,0.336,0.235,0.662,0.482,0.61,0.394,0.03,0.378,0.578,0.202,-0.178,0.666,-0.297,0.293,0.331,0.427,0.185,0.855,0.383,0.194,0.373,0.039,0.439,0.15,0.264
AAPL,0.382,1.0,0.684,0.761,0.806,0.814,-0.277,0.196,0.687,-0.721,0.607,-0.56,0.533,0.727,0.532,0.639,0.816,0.68,0.06,-0.226,0.869,0.744,-0.393,-0.537,0.707,0.356,0.746,0.296,0.264,0.679,-0.12,0.869,0.919,-0.079,0.688,0.776,-0.027,0.699,0.554,0.545,-0.501,-0.303,-0.585,0.743,0.78,0.265,0.828,-0.135,0.879,0.469,-0.517,0.836,0.769,0.802,0.667,0.708,0.693,0.676,-0.437,0.808,0.606,0.175,0.845,-0.155,0.735,0.44,0.71,0.737,0.301,0.7,-0.465,0.347,-0.424,0.791,0.774,0.866,0.749,0.668,0.775,0.1,0.728,0.39,0.192,0.411,0.619,-0.106,0.502,-0.278,0.45,0.819,0.806,0.511,0.372,0.294,0.532,-0.163,0.292,0.714,0.697,0.706
AGNC,0.391,0.684,1.0,0.785,0.801,0.717,-0.272,0.047,0.623,-0.688,0.613,-0.411,0.336,0.675,0.456,0.67,0.697,0.703,0.114,-0.044,0.751,0.686,-0.318,-0.468,0.701,0.305,0.675,0.403,0.235,0.593,-0.344,0.722,0.727,0.111,0.705,0.717,0.019,0.566,0.612,0.493,-0.444,-0.351,-0.505,0.817,0.632,0.21,0.739,-0.052,0.685,0.245,-0.419,0.747,0.669,0.697,0.755,0.738,0.53,0.519,-0.292,0.758,0.816,0.172,0.727,0.043,0.682,0.449,0.631,0.857,0.411,0.639,-0.51,0.59,-0.424,0.794,0.814,0.678,0.808,0.659,0.842,0.283,0.544,0.294,0.117,0.594,0.567,-0.101,0.589,-0.077,0.464,0.717,0.714,0.503,0.388,0.317,0.585,-0.116,0.516,0.663,0.696,0.653
AMAT,0.415,0.761,0.785,1.0,0.913,0.732,-0.388,0.203,0.733,-0.619,0.66,-0.372,0.43,0.682,0.424,0.635,0.775,0.764,0.207,0.112,0.859,0.73,-0.22,-0.372,0.679,0.446,0.715,0.199,0.266,0.638,-0.146,0.745,0.76,0.327,0.702,0.649,0.322,0.543,0.606,0.652,-0.378,-0.175,-0.435,0.91,0.666,0.236,0.84,0.131,0.856,0.3,-0.454,0.824,0.728,0.723,0.703,0.878,0.544,0.619,-0.087,0.776,0.608,0.405,0.759,0.058,0.726,0.44,0.618,0.81,0.344,0.573,-0.322,0.631,-0.32,0.852,0.813,0.751,0.736,0.678,0.846,0.282,0.627,0.231,0.396,0.593,0.551,-0.182,0.607,-0.096,0.552,0.782,0.828,0.742,0.426,0.078,0.596,-0.058,0.441,0.698,0.654,0.689
AMD,0.43,0.806,0.801,0.913,1.0,0.722,-0.373,0.171,0.752,-0.598,0.748,-0.474,0.52,0.661,0.457,0.629,0.826,0.728,0.187,0.025,0.908,0.74,-0.236,-0.432,0.734,0.358,0.791,0.176,0.234,0.696,-0.128,0.753,0.779,0.147,0.744,0.701,0.159,0.637,0.615,0.541,-0.474,-0.184,-0.479,0.911,0.728,0.182,0.868,0.106,0.855,0.343,-0.549,0.864,0.776,0.732,0.719,0.89,0.586,0.644,-0.202,0.866,0.636,0.364,0.83,0.021,0.704,0.388,0.661,0.827,0.319,0.599,-0.408,0.566,-0.333,0.941,0.821,0.761,0.824,0.703,0.865,0.236,0.629,0.209,0.396,0.552,0.56,-0.246,0.596,-0.133,0.549,0.767,0.802,0.714,0.398,0.093,0.612,-0.112,0.469,0.713,0.75,0.735
AMZN,0.476,0.814,0.717,0.732,0.722,1.0,-0.171,0.024,0.63,-0.653,0.605,-0.308,0.517,0.716,0.383,0.545,0.775,0.692,0.193,-0.146,0.82,0.784,-0.197,-0.237,0.592,0.312,0.673,0.528,0.316,0.69,-0.288,0.764,0.814,0.114,0.581,0.771,-0.032,0.568,0.596,0.507,-0.324,-0.163,-0.383,0.725,0.737,0.291,0.704,0.031,0.79,0.465,-0.513,0.782,0.751,0.737,0.555,0.654,0.495,0.656,-0.255,0.673,0.638,0.385,0.726,0.012,0.644,0.532,0.652,0.737,0.424,0.706,-0.369,0.578,-0.311,0.771,0.801,0.768,0.659,0.745,0.753,0.395,0.549,0.569,0.148,0.555,0.662,-0.171,0.734,0.036,0.488,0.722,0.904,0.525,0.474,0.46,0.591,0.081,0.447,0.696,0.58,0.738
APA,0.046,-0.277,-0.272,-0.388,-0.373,-0.171,1.0,-0.041,-0.297,0.365,-0.324,0.426,-0.062,-0.17,0.348,-0.109,-0.301,-0.321,-0.137,-0.241,-0.316,-0.258,0.095,0.257,-0.39,-0.05,-0.247,0.314,0.006,0.012,-0.163,-0.221,-0.246,-0.041,-0.462,-0.248,-0.096,-0.252,-0.484,-0.08,0.392,-0.161,0.111,-0.405,-0.269,0.316,-0.47,-0.253,-0.416,-0.139,0.576,-0.29,-0.32,-0.257,-0.12,-0.452,-0.178,-0.187,0.067,-0.266,-0.119,-0.326,-0.247,0.067,-0.272,0.166,-0.205,-0.397,0.124,0.084,-0.011,-0.172,0.336,-0.347,-0.333,-0.163,-0.24,-0.243,-0.405,0.012,-0.338,0.175,-0.285,0.076,-0.043,0.41,-0.023,0.179,-0.401,-0.352,-0.326,-0.513,0.024,0.44,-0.437,0.327,-0.193,-0.279,-0.146,-0.443
ARDX,0.372,0.196,0.047,0.203,0.171,0.024,-0.041,1.0,0.251,-0.076,0.008,-0.171,0.169,0.281,0.118,0.257,0.082,0.284,-0.125,0.329,0.198,0.136,-0.079,-0.267,0.184,0.6,0.075,-0.006,0.103,0.311,0.131,0.239,0.229,0.264,0.182,0.087,0.366,0.039,-0.025,0.461,-0.324,0.171,-0.083,0.185,0.22,0.322,0.178,-0.058,0.157,0.124,0.107,0.22,0.193,0.247,0.015,0.118,0.315,-0.035,0.1,0.159,0.168,0.048,0.188,0.325,0.033,0.249,0.068,0.041,-0.185,0.103,-0.051,0.358,-0.116,0.099,0.088,0.132,-0.047,0.228,0.115,0.368,0.322,-0.142,0.497,0.372,-0.166,-0.078,0.202,-0.333,0.076,0.044,-0.002,0.193,0.476,-0.019,-0.1,0.061,-0.196,0.088,-0.07,-0.002
AVGO,0.42,0.687,0.623,0.733,0.752,0.63,-0.297,0.251,1.0,-0.654,0.667,-0.23,0.562,0.533,0.366,0.523,0.84,0.704,0.212,-0.098,0.745,0.712,-0.25,-0.435,0.671,0.244,0.721,0.204,0.52,0.571,-0.093,0.652,0.654,0.098,0.723,0.637,0.047,0.584,0.596,0.35,-0.331,-0.095,-0.373,0.753,0.681,0.186,0.729,0.026,0.706,0.519,-0.534,0.759,0.695,0.644,0.638,0.665,0.65,0.637,-0.345,0.692,0.567,0.396,0.788,-0.21,0.636,0.333,0.64,0.757,0.449,0.613,-0.339,0.409,-0.232,0.717,0.721,0.661,0.7,0.628,0.668,0.203,0.529,0.308,0.522,0.317,0.522,-0.057,0.534,-0.1,0.673,0.667,0.691,0.553,0.421,0.225,0.567,-0.072,0.482,0.82,0.676,0.675
AZN,-0.293,-0.721,-0.688,-0.619,-0.598,-0.653,0.365,-0.076,-0.654,1.0,-0.56,0.391,-0.173,-0.631,-0.419,-0.55,-0.681,-0.669,0.029,0.336,-0.672,-0.69,0.538,0.648,-0.646,-0.298,-0.692,-0.278,-0.412,-0.453,0.386,-0.643,-0.664,0.127,-0.637,-0.852,0.075,-0.671,-0.624,-0.323,0.413,0.369,0.59,-0.67,-0.657,-0.239,-0.624,0.237,-0.613,-0.408,0.564,-0.625,-0.65,-0.711,-0.648,-0.509,-0.621,-0.551,0.604,-0.682,-0.614,-0.076,-0.741,0.301,-0.768,-0.344,-0.673,-0.73,-0.453,-0.599,0.536,-0.342,0.455,-0.604,-0.581,-0.662,-0.683,-0.537,-0.688,-0.023,-0.585,-0.332,-0.015,-0.248,-0.562,-0.059,-0.429,0.279,-0.521,-0.833,-0.661,-0.29,-0.316,-0.349,-0.588,0.175,-0.278,-0.768,-0.668,-0.673
BIDU,0.185,0.607,0.613,0.66,0.748,0.605,-0.324,0.008,0.667,-0.56,1.0,-0.251,0.543,0.414,0.209,0.315,0.626,0.523,0.305,-0.005,0.755,0.564,-0.177,-0.26,0.646,0.167,0.696,0.169,0.151,0.467,0.026,0.619,0.647,0.174,0.647,0.533,0.057,0.443,0.748,0.234,-0.188,-0.014,-0.227,0.68,0.589,-0.071,0.748,0.276,0.69,0.302,-0.618,0.613,0.708,0.522,0.51,0.711,0.4,0.414,-0.31,0.684,0.369,0.295,0.744,-0.174,0.499,0.087,0.471,0.633,0.434,0.422,-0.135,0.291,-0.15,0.781,0.667,0.531,0.606,0.515,0.611,0.069,0.48,0.271,0.27,0.251,0.339,-0.076,0.399,-0.028,0.538,0.615,0.632,0.614,0.227,0.019,0.583,-0.109,0.51,0.533,0.573,0.851
BILI,-0.242,-0.56,-0.411,-0.372,-0.474,-0.308,0.426,-0.171,-0.23,0.391,-0.251,1.0,-0.261,-0.38,-0.105,-0.328,-0.379,-0.486,0.242,-0.097,-0.515,-0.396,0.305,0.492,-0.428,-0.233,-0.254,0.225,0.155,-0.176,0.025,-0.51,-0.551,0.19,-0.403,-0.403,0.069,-0.491,-0.312,-0.433,0.818,0.252,0.398,-0.414,-0.513,0.045,-0.463,0.218,-0.554,-0.068,0.434,-0.374,-0.515,-0.496,-0.179,-0.466,-0.319,-0.227,0.347,-0.469,-0.233,0.108,-0.449,-0.082,-0.441,-0.199,-0.41,-0.393,0.355,-0.203,0.405,-0.198,0.519,-0.48,-0.34,-0.372,-0.344,-0.317,-0.553,-0.13,-0.372,0.18,-0.072,-0.14,-0.102,0.437,-0.144,0.564,-0.12,-0.481,-0.372,-0.369,-0.218,0.089,-0.276,0.262,0.028,-0.332,-0.262,-0.343
BKR,0.407,0.533,0.336,0.43,0.52,0.517,-0.062,0.169,0.562,-0.173,0.543,-0.261,1.0,0.314,0.078,0.265,0.489,0.378,0.365,0.116,0.526,0.473,0.16,-0.087,0.473,0.07,0.4,0.063,0.07,0.477,0.295,0.494,0.518,0.117,0.539,0.321,-0.017,0.385,0.509,0.2,-0.245,0.255,0.018,0.458,0.5,0.0,0.561,0.306,0.528,0.464,-0.442,0.528,0.594,0.421,0.213,0.514,0.344,0.349,-0.214,0.441,0.282,0.33,0.503,0.045,0.381,0.275,0.393,0.424,0.23,0.343,0.04,0.216,0.091,0.578,0.579,0.429,0.391,0.453,0.436,0.269,0.29,0.334,0.43,0.161,0.272,-0.253,0.41,0.078,0.564,0.399,0.52,0.546,0.401,0.056,0.386,0.07,0.4,0.451,0.317,0.499
CAN,0.605,0.727,0.675,0.682,0.661,0.716,-0.17,0.281,0.533,-0.631,0.414,-0.38,0.314,1.0,0.527,0.692,0.685,0.745,-0.004,-0.166,0.693,0.688,-0.359,-0.528,0.59,0.644,0.631,0.328,0.305,0.728,-0.389,0.702,0.733,-0.0,0.575,0.718,0.013,0.588,0.527,0.686,-0.34,-0.345,-0.478,0.629,0.67,0.668,0.551,-0.231,0.684,0.443,-0.226,0.811,0.65,0.903,0.586,0.559,0.612,0.569,-0.164,0.714,0.675,0.274,0.608,0.204,0.605,0.611,0.71,0.638,0.362,0.618,-0.561,0.506,-0.48,0.639,0.644,0.733,0.584,0.872,0.69,0.267,0.631,0.29,0.16,0.636,0.571,0.008,0.634,-0.209,0.336,0.623,0.705,0.37,0.647,0.444,0.462,0.056,0.201,0.599,0.562,0.52
CHRD,0.198,0.532,0.456,0.424,0.457,0.383,0.348,0.118,0.366,-0.419,0.209,-0.105,0.078,0.527,1.0,0.562,0.517,0.359,-0.206,-0.52,0.467,0.465,-0.568,-0.52,0.376,0.307,0.593,0.434,0.33,0.486,-0.509,0.518,0.504,-0.196,0.277,0.519,-0.109,0.434,0.044,0.431,-0.076,-0.614,-0.608,0.403,0.436,0.591,0.274,-0.496,0.325,0.287,0.142,0.507,0.318,0.51,0.666,0.219,0.581,0.448,-0.332,0.581,0.504,-0.264,0.476,-0.1,0.462,0.486,0.552,0.415,0.444,0.668,-0.643,0.202,-0.247,0.388,0.308,0.64,0.595,0.332,0.367,-0.113,0.409,0.297,-0.127,0.438,0.565,0.464,0.327,-0.139,0.003,0.444,0.32,-0.077,0.242,0.521,0.098,-0.047,-0.003,0.432,0.663,0.156
CMCSA,0.381,0.639,0.67,0.635,0.629,0.545,-0.109,0.257,0.523,-0.55,0.315,-0.328,0.265,0.692,0.562,1.0,0.624,0.582,0.051,-0.138,0.59,0.61,-0.328,-0.582,0.637,0.449,0.597,0.381,0.397,0.686,-0.408,0.711,0.682,-0.042,0.58,0.639,0.102,0.723,0.32,0.528,-0.363,-0.394,-0.551,0.663,0.633,0.536,0.488,-0.236,0.498,0.337,-0.192,0.704,0.644,0.624,0.758,0.417,0.74,0.628,-0.326,0.746,0.802,0.109,0.542,-0.089,0.656,0.536,0.696,0.634,0.372,0.599,-0.548,0.479,-0.349,0.469,0.617,0.732,0.692,0.605,0.669,0.128,0.429,0.331,0.033,0.504,0.685,0.084,0.476,-0.177,0.361,0.567,0.586,0.343,0.408,0.354,0.243,-0.047,0.276,0.619,0.646,0.413
CPRT,0.387,0.816,0.697,0.775,0.826,0.775,-0.301,0.082,0.84,-0.681,0.626,-0.379,0.489,0.685,0.517,0.624,1.0,0.796,0.157,-0.24,0.816,0.881,-0.38,-0.482,0.715,0.299,0.774,0.301,0.487,0.614,-0.288,0.769,0.779,-0.081,0.705,0.769,-0.128,0.713,0.631,0.435,-0.38,-0.26,-0.493,0.808,0.815,0.293,0.711,-0.111,0.789,0.578,-0.535,0.875,0.762,0.796,0.716,0.679,0.715,0.823,-0.411,0.777,0.648,0.345,0.777,-0.232,0.713,0.453,0.811,0.837,0.443,0.762,-0.557,0.425,-0.378,0.798,0.741,0.836,0.808,0.715,0.792,0.162,0.634,0.395,0.3,0.417,0.708,-0.004,0.595,-0.099,0.556,0.743,0.83,0.55,0.396,0.363,0.642,-0.099,0.432,0.887,0.801,0.686
CRWD,0.528,0.68,0.703,0.764,0.728,0.692,-0.321,0.284,0.704,-0.669,0.523,-0.486,0.378,0.745,0.359,0.582,0.796,1.0,-0.037,0.127,0.775,0.808,-0.356,-0.534,0.579,0.545,0.635,0.168,0.288,0.538,-0.356,0.717,0.73,0.13,0.555,0.699,0.076,0.6,0.591,0.667,-0.559,-0.264,-0.482,0.801,0.754,0.31,0.628,-0.145,0.742,0.341,-0.465,0.734,0.808,0.764,0.503,0.668,0.523,0.548,-0.2,0.66,0.57,0.249,0.676,0.125,0.68,0.625,0.746,0.752,0.253,0.553,-0.583,0.577,-0.503,0.728,0.64,0.611,0.594,0.708,0.83,0.449,0.646,0.158,0.35,0.562,0.434,-0.14,0.55,-0.348,0.502,0.719,0.745,0.55,0.511,0.229,0.538,-0.129,0.265,0.788,0.555,0.643
CSCO,-0.139,0.06,0.114,0.207,0.187,0.193,-0.137,-0.125,0.212,0.029,0.305,0.242,0.365,-0.004,-0.206,0.051,0.157,-0.037,1.0,0.135,0.068,0.173,0.494,0.36,0.342,-0.222,0.152,0.14,0.189,0.205,0.396,0.029,0.039,0.227,0.442,0.051,0.223,0.052,0.476,-0.269,0.363,0.614,0.514,0.12,-0.063,-0.228,0.279,0.78,0.14,0.388,-0.176,0.17,0.117,-0.005,0.162,0.337,0.099,0.356,0.055,0.055,0.204,0.608,0.075,-0.261,0.109,-0.245,0.009,0.215,0.356,0.085,0.485,0.099,0.514,0.235,0.405,0.11,0.205,0.132,0.047,-0.007,-0.16,0.353,0.353,-0.026,0.195,-0.135,0.169,0.593,0.427,0.048,0.248,0.508,0.058,-0.098,0.321,0.152,0.728,0.121,0.202,0.308
CSX,0.125,-0.226,-0.044,0.112,0.025,-0.146,-0.241,0.329,-0.098,0.336,-0.005,-0.097,0.116,-0.166,-0.52,-0.138,-0.24,0.127,0.135,1.0,-0.013,-0.187,0.493,0.289,-0.142,0.238,-0.302,-0.331,-0.331,-0.099,0.412,-0.074,-0.075,0.572,-0.102,-0.278,0.572,-0.371,-0.005,0.291,-0.147,0.393,0.348,0.114,-0.118,-0.322,0.065,0.481,0.049,-0.394,-0.032,-0.134,0.046,-0.195,-0.392,0.211,-0.334,-0.375,0.529,-0.225,-0.244,0.298,-0.185,0.476,-0.223,-0.06,-0.272,-0.103,-0.447,-0.456,0.38,0.318,0.079,0.029,0.006,-0.388,-0.326,-0.055,0.063,0.525,-0.016,-0.44,0.412,0.207,-0.503,-0.488,-0.013,-0.108,0.066,-0.199,-0.097,0.452,0.11,-0.522,-0.1,0.117,0.04,-0.206,-0.428,-0.02
DKNG,0.471,0.869,0.751,0.859,0.908,0.82,-0.316,0.198,0.745,-0.672,0.755,-0.515,0.526,0.693,0.467,0.59,0.816,0.775,0.068,-0.013,1.0,0.747,-0.355,-0.489,0.661,0.408,0.814,0.242,0.202,0.682,-0.165,0.808,0.846,0.098,0.655,0.753,0.109,0.627,0.599,0.608,-0.504,-0.265,-0.508,0.877,0.795,0.231,0.833,0.043,0.881,0.392,-0.535,0.828,0.835,0.783,0.633,0.815,0.551,0.594,-0.264,0.867,0.571,0.287,0.843,0.048,0.716,0.487,0.7,0.794,0.318,0.641,-0.416,0.579,-0.381,0.909,0.794,0.777,0.76,0.697,0.852,0.31,0.655,0.283,0.318,0.564,0.536,-0.212,0.647,-0.238,0.515,0.833,0.825,0.637,0.449,0.198,0.537,-0.122,0.339,0.716,0.679,0.807
EBAY,0.41,0.744,0.686,0.73,0.74,0.784,-0.258,0.136,0.712,-0.69,0.564,-0.396,0.473,0.688,0.465,0.61,0.881,0.808,0.173,-0.187,0.747,1.0,-0.365,-0.484,0.757,0.36,0.707,0.259,0.447,0.542,-0.31,0.744,0.746,-0.04,0.715,0.789,-0.11,0.754,0.652,0.476,-0.424,-0.152,-0.477,0.771,0.799,0.26,0.681,-0.108,0.743,0.516,-0.548,0.791,0.818,0.72,0.652,0.648,0.669,0.782,-0.447,0.703,0.685,0.243,0.705,-0.155,0.761,0.552,0.782,0.843,0.395,0.733,-0.554,0.47,-0.289,0.74,0.678,0.754,0.752,0.649,0.804,0.26,0.565,0.392,0.262,0.405,0.665,-0.019,0.582,-0.102,0.599,0.743,0.857,0.528,0.448,0.324,0.603,-0.052,0.45,0.866,0.71,0.66
ERIC,0.097,-0.393,-0.318,-0.22,-0.236,-0.197,0.095,-0.079,-0.25,0.538,-0.177,0.305,0.16,-0.359,-0.568,-0.328,-0.38,-0.356,0.494,0.493,-0.355,-0.365,1.0,0.645,-0.325,-0.257,-0.424,-0.118,-0.162,-0.057,0.43,-0.372,-0.362,0.442,-0.196,-0.405,0.297,-0.445,-0.118,-0.24,0.306,0.565,0.6,-0.288,-0.418,-0.268,-0.212,0.581,-0.27,-0.169,0.125,-0.224,-0.247,-0.383,-0.425,-0.103,-0.401,-0.319,0.456,-0.399,-0.288,0.383,-0.393,0.189,-0.379,-0.201,-0.456,-0.367,-0.236,-0.476,0.605,-0.001,0.44,-0.225,-0.132,-0.425,-0.435,-0.134,-0.327,0.278,-0.417,-0.073,0.258,-0.065,-0.315,-0.338,-0.009,0.377,-0.007,-0.48,-0.207,0.127,0.04,-0.214,-0.164,0.39,0.195,-0.373,-0.446,-0.192
EXC,-0.303,-0.537,-0.468,-0.372,-0.432,-0.237,0.257,-0.267,-0.435,0.648,-0.26,0.492,-0.087,-0.528,-0.52,-0.582,-0.482,-0.534,0.36,0.289,-0.489,-0.484,0.645,1.0,-0.492,-0.348,-0.521,0.032,-0.218,-0.357,0.414,-0.538,-0.496,0.379,-0.413,-0.553,0.17,-0.68,-0.282,-0.377,0.566,0.58,0.726,-0.486,-0.619,-0.334,-0.341,0.528,-0.363,-0.234,0.248,-0.477,-0.524,-0.581,-0.507,-0.268,-0.65,-0.318,0.565,-0.636,-0.456,0.308,-0.511,0.124,-0.644,-0.412,-0.644,-0.467,-0.174,-0.362,0.728,-0.146,0.605,-0.368,-0.267,-0.488,-0.533,-0.368,-0.498,0.069,-0.565,0.073,0.01,-0.148,-0.326,-0.163,-0.174,0.663,-0.281,-0.598,-0.289,-0.009,-0.291,-0.183,-0.129,0.315,0.133,-0.542,-0.546,-0.359
FITB,0.236,0.707,0.701,0.679,0.734,0.592,-0.39,0.184,0.671,-0.646,0.646,-0.428,0.473,0.59,0.376,0.637,0.715,0.579,0.342,-0.142,0.661,0.757,-0.325,-0.492,1.0,0.272,0.682,0.137,0.287,0.508,-0.075,0.712,0.716,-0.066,0.928,0.665,0.006,0.695,0.682,0.316,-0.389,-0.018,-0.293,0.725,0.694,0.111,0.802,0.057,0.705,0.45,-0.491,0.69,0.73,0.643,0.717,0.7,0.714,0.706,-0.488,0.714,0.713,0.268,0.703,-0.317,0.701,0.199,0.63,0.829,0.407,0.573,-0.359,0.375,-0.174,0.689,0.758,0.71,0.785,0.556,0.733,0.017,0.563,0.25,0.285,0.242,0.534,-0.047,0.414,-0.106,0.625,0.68,0.698,0.608,0.35,0.054,0.658,-0.13,0.593,0.699,0.674,0.686
FLEX,0.511,0.356,0.305,0.446,0.358,0.312,-0.05,0.6,0.244,-0.298,0.167,-0.233,0.07,0.644,0.307,0.449,0.299,0.545,-0.222,0.238,0.408,0.36,-0.257,-0.348,0.272,1.0,0.233,0.066,0.161,0.443,-0.206,0.385,0.395,0.295,0.179,0.332,0.408,0.204,0.191,0.712,-0.259,-0.15,-0.244,0.399,0.428,0.567,0.276,-0.186,0.386,0.113,0.037,0.392,0.365,0.541,0.216,0.298,0.291,0.158,0.069,0.326,0.323,0.17,0.276,0.344,0.231,0.392,0.276,0.262,-0.029,0.227,-0.308,0.491,-0.334,0.285,0.27,0.301,0.128,0.526,0.364,0.292,0.554,-0.078,0.241,0.602,0.113,0.002,0.419,-0.384,0.062,0.272,0.309,0.259,0.601,0.182,0.067,0.183,-0.061,0.246,0.089,0.159
FTNT,0.281,0.746,0.675,0.715,0.791,0.673,-0.247,0.075,0.721,-0.692,0.696,-0.254,0.4,0.631,0.593,0.597,0.774,0.635,0.152,-0.302,0.814,0.707,-0.424,-0.521,0.682,0.233,1.0,0.34,0.336,0.643,-0.3,0.694,0.707,-0.077,0.689,0.772,-0.082,0.686,0.518,0.363,-0.287,-0.3,-0.561,0.759,0.67,0.296,0.706,-0.04,0.673,0.559,-0.431,0.786,0.743,0.666,0.767,0.625,0.628,0.65,-0.375,0.878,0.622,0.168,0.79,-0.179,0.681,0.44,0.784,0.786,0.591,0.645,-0.424,0.354,-0.18,0.741,0.685,0.746,0.835,0.569,0.734,0.008,0.52,0.408,0.161,0.394,0.692,0.072,0.434,-0.074,0.571,0.758,0.73,0.4,0.237,0.253,0.522,-0.305,0.376,0.719,0.816,0.754
GEN,0.09,0.296,0.403,0.199,0.176,0.528,0.314,-0.006,0.204,-0.278,0.169,0.225,0.063,0.328,0.434,0.381,0.301,0.168,0.14,-0.331,0.242,0.259,-0.118,0.032,0.137,0.066,0.34,1.0,0.363,0.451,-0.433,0.308,0.321,0.067,0.122,0.374,-0.097,0.158,0.079,0.14,0.147,-0.182,-0.183,0.189,0.191,0.413,0.113,-0.099,0.088,0.382,0.095,0.319,0.127,0.253,0.398,0.023,0.264,0.281,-0.11,0.247,0.542,0.019,0.247,-0.012,0.144,0.334,0.275,0.264,0.531,0.567,-0.216,0.317,-0.04,0.208,0.325,0.426,0.334,0.322,0.166,0.153,0.091,0.75,-0.217,0.468,0.504,0.317,0.407,0.368,-0.001,0.184,0.28,-0.069,0.156,0.754,0.117,0.048,0.235,0.211,0.353,0.177
GERN,0.137,0.264,0.235,0.266,0.234,0.316,0.006,0.103,0.52,-0.412,0.151,0.155,0.07,0.305,0.33,0.397,0.487,0.288,0.189,-0.331,0.202,0.447,-0.162,-0.218,0.287,0.161,0.336,0.363,1.0,0.391,-0.24,0.277,0.234,0.013,0.302,0.415,-0.032,0.404,0.159,0.033,0.133,-0.119,-0.183,0.24,0.377,0.418,0.127,-0.131,0.123,0.494,-0.062,0.378,0.223,0.328,0.474,0.064,0.574,0.542,-0.284,0.252,0.436,0.273,0.284,-0.384,0.288,0.15,0.386,0.311,0.394,0.496,-0.284,0.209,-0.065,0.148,0.254,0.412,0.357,0.405,0.184,-0.043,0.167,0.386,0.081,0.175,0.499,0.293,0.368,0.158,0.238,0.196,0.33,0.073,0.29,0.421,0.199,0.208,0.323,0.52,0.427,0.145
GEVO,0.603,0.679,0.593,0.638,0.696,0.69,0.012,0.311,0.571,-0.453,0.467,-0.176,0.477,0.728,0.486,0.686,0.614,0.538,0.205,-0.099,0.682,0.542,-0.057,-0.357,0.508,0.443,0.643,0.451,0.391,1.0,-0.222,0.66,0.659,0.181,0.519,0.6,0.176,0.559,0.392,0.499,-0.226,-0.164,-0.337,0.615,0.655,0.581,0.536,0.035,0.57,0.43,-0.21,0.786,0.595,0.721,0.604,0.518,0.621,0.572,-0.153,0.738,0.683,0.398,0.623,0.075,0.541,0.482,0.599,0.532,0.418,0.617,-0.314,0.595,-0.214,0.623,0.675,0.711,0.591,0.802,0.571,0.285,0.47,0.379,0.231,0.686,0.591,-0.086,0.736,-0.055,0.373,0.521,0.636,0.396,0.619,0.426,0.358,0.181,0.319,0.494,0.565,0.555
GILD,-0.212,-0.12,-0.344,-0.146,-0.128,-0.288,-0.163,0.131,-0.093,0.386,0.026,0.025,0.295,-0.389,-0.509,-0.408,-0.288,-0.356,0.396,0.412,-0.165,-0.31,0.43,0.414,-0.075,-0.206,-0.3,-0.433,-0.24,-0.222,1.0,-0.211,-0.18,0.195,0.041,-0.398,0.248,-0.358,0.009,-0.234,0.153,0.592,0.526,-0.225,-0.293,-0.504,0.131,0.597,0.001,-0.071,-0.075,-0.21,-0.185,-0.307,-0.363,0.092,-0.253,-0.222,0.191,-0.292,-0.397,0.238,-0.142,-0.035,-0.311,-0.481,-0.449,-0.236,-0.314,-0.328,0.706,-0.289,0.439,-0.078,-0.058,-0.306,-0.286,-0.271,-0.239,-0.083,-0.146,-0.23,0.342,-0.32,-0.443,-0.29,-0.28,0.145,0.042,-0.274,-0.204,0.31,-0.163,-0.568,-0.028,0.012,0.138,-0.302,-0.378,-0.07
GOOG,0.338,0.869,0.722,0.745,0.753,0.764,-0.221,0.239,0.652,-0.643,0.619,-0.51,0.494,0.702,0.518,0.711,0.769,0.717,0.029,-0.074,0.808,0.744,-0.372,-0.538,0.712,0.385,0.694,0.308,0.277,0.66,-0.211,1.0,0.981,-0.009,0.683,0.689,-0.013,0.676,0.529,0.632,-0.468,-0.349,-0.61,0.747,0.842,0.312,0.702,-0.173,0.814,0.328,-0.5,0.847,0.813,0.762,0.668,0.605,0.798,0.627,-0.435,0.823,0.605,0.114,0.779,-0.123,0.714,0.457,0.792,0.704,0.276,0.677,-0.502,0.419,-0.486,0.696,0.723,0.809,0.697,0.66,0.791,0.215,0.66,0.312,0.093,0.443,0.58,-0.043,0.51,-0.274,0.439,0.703,0.763,0.537,0.348,0.247,0.468,-0.13,0.246,0.671,0.659,0.687
GOOGL,0.361,0.919,0.727,0.76,0.779,0.814,-0.246,0.229,0.654,-0.664,0.647,-0.551,0.518,0.733,0.504,0.682,0.779,0.73,0.039,-0.075,0.846,0.746,-0.362,-0.496,0.716,0.395,0.707,0.321,0.234,0.659,-0.18,0.981,1.0,0.01,0.683,0.728,-0.007,0.646,0.561,0.648,-0.483,-0.331,-0.585,0.751,0.818,0.285,0.761,-0.151,0.866,0.347,-0.515,0.847,0.826,0.784,0.637,0.653,0.737,0.614,-0.4,0.811,0.59,0.151,0.804,-0.087,0.686,0.458,0.757,0.714,0.264,0.676,-0.486,0.42,-0.473,0.744,0.756,0.824,0.69,0.685,0.805,0.225,0.674,0.334,0.12,0.47,0.571,-0.08,0.509,-0.267,0.429,0.724,0.791,0.562,0.368,0.257,0.489,-0.109,0.268,0.671,0.646,0.716
GT,0.188,-0.079,0.111,0.327,0.147,0.114,-0.041,0.264,0.098,0.127,0.174,0.19,0.117,-0.0,-0.196,-0.042,-0.081,0.13,0.227,0.572,0.098,-0.04,0.442,0.379,-0.066,0.295,-0.077,0.067,0.013,0.181,0.195,-0.009,0.01,1.0,-0.028,-0.183,0.722,-0.339,0.057,0.325,0.143,0.314,0.263,0.142,-0.116,-0.01,0.176,0.457,0.127,-0.188,0.074,0.021,0.015,-0.033,-0.063,0.242,-0.229,-0.144,0.491,-0.069,0.017,0.394,-0.027,0.321,-0.098,0.01,-0.298,0.002,-0.076,-0.071,0.372,0.436,0.125,0.108,0.156,-0.079,-0.176,0.161,0.059,0.347,-0.013,-0.069,0.36,0.477,-0.209,-0.165,0.275,0.186,0.015,-0.071,0.083,0.369,0.237,-0.159,0.025,0.305,0.224,-0.143,-0.244,0.113
HBAN,0.247,0.688,0.705,0.702,0.744,0.581,-0.462,0.182,0.723,-0.637,0.647,-0.403,0.539,0.575,0.277,0.58,0.705,0.555,0.442,-0.102,0.655,0.715,-0.196,-0.413,0.928,0.179,0.689,0.122,0.302,0.519,0.041,0.683,0.683,-0.028,1.0,0.66,0.009,0.651,0.722,0.244,-0.344,0.066,-0.248,0.718,0.62,0.094,0.804,0.176,0.688,0.511,-0.545,0.751,0.695,0.644,0.713,0.722,0.704,0.673,-0.413,0.725,0.703,0.366,0.68,-0.242,0.691,0.174,0.621,0.825,0.39,0.541,-0.239,0.386,-0.14,0.707,0.784,0.677,0.787,0.571,0.729,0.085,0.479,0.299,0.348,0.226,0.523,-0.153,0.471,-0.005,0.693,0.67,0.699,0.67,0.338,0.033,0.715,-0.144,0.637,0.688,0.686,0.686
HST,0.434,0.776,0.717,0.649,0.701,0.771,-0.248,0.087,0.637,-0.852,0.533,-0.403,0.321,0.718,0.519,0.639,0.769,0.699,0.051,-0.278,0.753,0.789,-0.405,-0.553,0.665,0.332,0.772,0.374,0.415,0.6,-0.398,0.689,0.728,-0.183,0.66,1.0,-0.117,0.703,0.568,0.414,-0.405,-0.367,-0.576,0.763,0.739,0.347,0.643,-0.23,0.651,0.485,-0.491,0.757,0.751,0.752,0.677,0.562,0.641,0.619,-0.499,0.734,0.671,0.174,0.714,-0.134,0.709,0.51,0.798,0.789,0.448,0.655,-0.609,0.474,-0.328,0.706,0.641,0.734,0.777,0.626,0.789,0.206,0.549,0.423,0.025,0.407,0.705,-0.014,0.571,-0.154,0.571,0.783,0.772,0.354,0.433,0.437,0.549,-0.021,0.341,0.825,0.746,0.626
INTC,0.082,-0.027,0.019,0.322,0.159,-0.032,-0.096,0.366,0.047,0.075,0.057,0.069,-0.017,0.013,-0.109,0.102,-0.128,0.076,0.223,0.572,0.109,-0.11,0.297,0.17,0.006,0.408,-0.082,-0.097,-0.032,0.176,0.248,-0.013,-0.007,0.722,0.009,-0.117,1.0,-0.23,-0.003,0.322,0.068,0.279,0.22,0.154,-0.092,0.04,0.176,0.423,0.118,-0.25,0.098,-0.033,-0.017,-0.039,-0.016,0.272,-0.088,-0.091,0.4,-0.041,0.011,0.378,-0.028,0.233,0.012,-0.082,-0.252,-0.023,-0.192,-0.152,0.341,0.385,0.147,0.081,0.135,-0.099,-0.127,0.09,0.041,0.186,0.073,-0.228,0.396,0.358,-0.215,-0.222,0.173,0.011,0.009,0.007,-0.001,0.376,0.216,-0.261,-0.124,0.264,0.138,-0.125,-0.184,0.016
IOVA,0.258,0.699,0.566,0.543,0.637,0.568,-0.252,0.039,0.584,-0.671,0.443,-0.491,0.385,0.588,0.434,0.723,0.713,0.6,0.052,-0.371,0.627,0.754,-0.445,-0.68,0.695,0.204,0.686,0.158,0.404,0.559,-0.358,0.676,0.646,-0.339,0.651,0.703,-0.23,1.0,0.478,0.244,-0.489,-0.286,-0.595,0.631,0.775,0.274,0.538,-0.248,0.567,0.507,-0.531,0.666,0.736,0.602,0.68,0.47,0.733,0.771,-0.615,0.766,0.66,0.066,0.677,-0.325,0.794,0.407,0.819,0.687,0.397,0.611,-0.567,0.261,-0.319,0.551,0.562,0.734,0.761,0.512,0.678,-0.054,0.409,0.37,0.031,0.147,0.733,-0.026,0.358,-0.225,0.552,0.733,0.706,0.333,0.233,0.227,0.444,-0.271,0.282,0.73,0.736,0.559
IQ,0.234,0.554,0.612,0.606,0.615,0.596,-0.484,-0.025,0.596,-0.624,0.748,-0.312,0.509,0.527,0.044,0.32,0.631,0.591,0.476,-0.005,0.599,0.652,-0.118,-0.282,0.682,0.191,0.518,0.079,0.159,0.392,0.009,0.529,0.561,0.057,0.722,0.568,-0.003,0.478,1.0,0.187,-0.219,0.129,-0.057,0.622,0.528,-0.063,0.665,0.308,0.654,0.453,-0.645,0.603,0.621,0.628,0.404,0.684,0.409,0.495,-0.365,0.553,0.453,0.433,0.609,-0.169,0.574,0.082,0.527,0.669,0.436,0.422,-0.128,0.344,-0.162,0.708,0.695,0.512,0.561,0.58,0.591,0.105,0.426,0.291,0.283,0.174,0.401,-0.184,0.425,0.043,0.67,0.637,0.646,0.65,0.361,0.053,0.684,-0.013,0.556,0.587,0.541,0.757
JBLU,0.594,0.545,0.493,0.652,0.541,0.507,-0.08,0.461,0.35,-0.323,0.234,-0.433,0.2,0.686,0.431,0.528,0.435,0.667,-0.269,0.291,0.608,0.476,-0.24,-0.377,0.316,0.712,0.363,0.14,0.033,0.499,-0.234,0.632,0.648,0.325,0.244,0.414,0.322,0.244,0.187,1.0,-0.443,-0.376,-0.464,0.576,0.532,0.471,0.448,-0.244,0.634,0.005,-0.054,0.576,0.521,0.632,0.296,0.492,0.353,0.231,0.084,0.492,0.342,0.078,0.442,0.425,0.402,0.61,0.446,0.421,-0.026,0.38,-0.444,0.55,-0.448,0.496,0.415,0.468,0.293,0.572,0.6,0.445,0.569,-0.067,0.213,0.72,0.221,-0.068,0.457,-0.41,0.1,0.427,0.488,0.368,0.576,0.175,0.129,0.092,-0.089,0.359,0.222,0.291
JD,-0.416,-0.501,-0.444,-0.378,-0.474,-0.324,0.392,-0.324,-0.331,0.413,-0.188,0.818,-0.245,-0.34,-0.076,-0.363,-0.38,-0.559,0.363,-0.147,-0.504,-0.424,0.306,0.566,-0.389,-0.259,-0.287,0.147,0.133,-0.226,0.153,-0.468,-0.483,0.143,-0.344,-0.405,0.068,-0.489,-0.219,-0.443,1.0,0.24,0.489,-0.501,-0.545,0.036,-0.449,0.285,-0.489,-0.03,0.462,-0.384,-0.549,-0.447,-0.183,-0.427,-0.306,-0.177,0.302,-0.465,-0.322,0.138,-0.508,-0.165,-0.474,-0.386,-0.413,-0.433,0.3,-0.196,0.479,-0.341,0.552,-0.458,-0.346,-0.323,-0.347,-0.32,-0.595,-0.351,-0.44,0.197,-0.204,-0.178,-0.098,0.498,-0.184,0.647,-0.258,-0.505,-0.372,-0.286,-0.27,0.037,-0.234,0.332,0.073,-0.443,-0.232,-0.362
KDP,-0.163,-0.303,-0.351,-0.175,-0.184,-0.163,-0.161,0.171,-0.095,0.369,-0.014,0.252,0.255,-0.345,-0.614,-0.394,-0.26,-0.264,0.614,0.393,-0.265,-0.152,0.565,0.58,-0.018,-0.15,-0.3,-0.182,-0.119,-0.164,0.592,-0.349,-0.331,0.314,0.066,-0.367,0.279,-0.286,0.129,-0.376,0.24,1.0,0.733,-0.23,-0.306,-0.421,-0.008,0.752,-0.148,0.13,-0.108,-0.261,-0.183,-0.359,-0.411,0.018,-0.301,-0.096,0.276,-0.383,-0.221,0.451,-0.254,0.032,-0.276,-0.419,-0.439,-0.198,-0.124,-0.315,0.738,-0.01,0.545,-0.118,-0.028,-0.353,-0.329,-0.186,-0.313,0.112,-0.268,0.03,0.501,-0.233,-0.339,-0.356,-0.053,0.439,0.166,-0.292,-0.127,0.309,-0.032,-0.405,0.118,0.121,0.319,-0.275,-0.393,-0.031
KHC,-0.232,-0.585,-0.505,-0.435,-0.479,-0.383,0.111,-0.083,-0.373,0.59,-0.227,0.398,0.018,-0.478,-0.608,-0.551,-0.493,-0.482,0.514,0.348,-0.508,-0.477,0.6,0.726,-0.293,-0.244,-0.561,-0.183,-0.183,-0.337,0.526,-0.61,-0.585,0.263,-0.248,-0.576,0.22,-0.595,-0.057,-0.464,0.489,0.733,1.0,-0.492,-0.533,-0.321,-0.346,0.66,-0.442,-0.044,0.305,-0.542,-0.48,-0.455,-0.567,-0.247,-0.552,-0.333,0.417,-0.641,-0.399,0.351,-0.536,0.059,-0.577,-0.508,-0.624,-0.455,-0.132,-0.46,0.765,-0.094,0.618,-0.371,-0.237,-0.528,-0.547,-0.294,-0.558,0.039,-0.493,-0.085,0.194,-0.256,-0.469,-0.182,-0.15,0.467,-0.138,-0.567,-0.404,0.052,-0.019,-0.293,-0.098,0.354,0.202,-0.489,-0.57,-0.308
LRCX,0.467,0.743,0.817,0.91,0.911,0.725,-0.405,0.185,0.753,-0.67,0.68,-0.414,0.458,0.629,0.403,0.663,0.808,0.801,0.12,0.114,0.877,0.771,-0.288,-0.486,0.725,0.399,0.759,0.189,0.24,0.615,-0.225,0.747,0.751,0.142,0.718,0.763,0.154,0.631,0.622,0.576,-0.501,-0.23,-0.492,1.0,0.759,0.177,0.821,0.044,0.803,0.322,-0.554,0.82,0.804,0.703,0.702,0.825,0.566,0.597,-0.244,0.806,0.643,0.321,0.759,0.008,0.743,0.469,0.727,0.885,0.394,0.583,-0.459,0.662,-0.335,0.865,0.773,0.735,0.82,0.631,0.922,0.342,0.64,0.24,0.315,0.527,0.58,-0.188,0.6,-0.178,0.681,0.824,0.813,0.696,0.409,0.099,0.609,-0.106,0.408,0.796,0.718,0.717
LYFT,0.447,0.78,0.632,0.666,0.728,0.737,-0.269,0.22,0.681,-0.657,0.589,-0.513,0.5,0.67,0.436,0.633,0.815,0.754,-0.063,-0.118,0.795,0.799,-0.418,-0.619,0.694,0.428,0.67,0.191,0.377,0.655,-0.293,0.842,0.818,-0.116,0.62,0.739,-0.092,0.775,0.528,0.532,-0.545,-0.306,-0.533,0.759,1.0,0.311,0.63,-0.235,0.734,0.41,-0.542,0.769,0.847,0.772,0.555,0.567,0.727,0.655,-0.507,0.756,0.569,0.182,0.775,-0.13,0.676,0.466,0.819,0.706,0.272,0.643,-0.577,0.499,-0.475,0.687,0.651,0.756,0.663,0.687,0.758,0.26,0.684,0.222,0.149,0.386,0.574,-0.116,0.585,-0.333,0.504,0.688,0.778,0.495,0.481,0.244,0.508,-0.055,0.214,0.764,0.597,0.67
MARA,0.522,0.265,0.21,0.236,0.182,0.291,0.316,0.322,0.186,-0.239,-0.071,0.045,0.0,0.668,0.591,0.536,0.293,0.31,-0.228,-0.322,0.231,0.26,-0.268,-0.334,0.111,0.567,0.296,0.413,0.418,0.581,-0.504,0.312,0.285,-0.01,0.094,0.347,0.04,0.274,-0.063,0.471,0.036,-0.421,-0.321,0.177,0.311,1.0,-0.065,-0.425,0.084,0.339,0.328,0.443,0.157,0.561,0.386,-0.057,0.469,0.288,0.0,0.361,0.446,0.04,0.109,0.24,0.221,0.559,0.42,0.13,0.281,0.461,-0.478,0.332,-0.271,0.089,0.103,0.453,0.211,0.57,0.203,0.149,0.239,0.273,-0.089,0.559,0.402,0.372,0.511,-0.071,-0.083,0.148,0.207,-0.168,0.578,0.626,-0.017,0.286,-0.183,0.244,0.27,-0.049
MCHP,0.3,0.828,0.739,0.84,0.868,0.704,-0.47,0.178,0.729,-0.624,0.748,-0.463,0.561,0.551,0.274,0.488,0.711,0.628,0.279,0.065,0.833,0.681,-0.212,-0.341,0.802,0.276,0.706,0.113,0.127,0.536,0.131,0.702,0.761,0.176,0.804,0.643,0.176,0.538,0.665,0.448,-0.449,-0.008,-0.346,0.821,0.63,-0.065,1.0,0.21,0.901,0.318,-0.592,0.724,0.741,0.613,0.616,0.916,0.469,0.57,-0.253,0.713,0.57,0.363,0.83,-0.114,0.652,0.247,0.495,0.837,0.297,0.513,-0.193,0.414,-0.188,0.864,0.852,0.674,0.745,0.555,0.801,0.144,0.655,0.218,0.434,0.381,0.439,-0.263,0.43,-0.129,0.612,0.77,0.787,0.74,0.292,-0.047,0.662,-0.189,0.562,0.65,0.594,0.786
MDLZ,-0.137,-0.135,-0.052,0.131,0.106,0.031,-0.253,-0.058,0.026,0.237,0.276,0.218,0.306,-0.231,-0.496,-0.236,-0.111,-0.145,0.78,0.481,0.043,-0.108,0.581,0.528,0.057,-0.186,-0.04,-0.099,-0.131,0.035,0.597,-0.173,-0.151,0.457,0.176,-0.23,0.423,-0.248,0.308,-0.244,0.285,0.752,0.66,0.044,-0.235,-0.425,0.21,1.0,0.062,0.098,-0.181,-0.058,-0.03,-0.194,-0.148,0.317,-0.277,-0.003,0.346,-0.099,-0.098,0.584,-0.079,0.044,-0.09,-0.358,-0.3,0.018,0.057,-0.228,0.759,0.155,0.5,0.182,0.246,-0.184,-0.069,-0.018,-0.063,0.127,-0.202,0.074,0.446,-0.015,-0.18,-0.407,0.106,0.471,0.277,-0.057,0.067,0.527,-0.023,-0.401,0.207,0.091,0.519,-0.161,-0.14,0.256
META,0.394,0.879,0.685,0.856,0.855,0.79,-0.416,0.157,0.706,-0.613,0.69,-0.554,0.528,0.684,0.325,0.498,0.789,0.742,0.14,0.049,0.881,0.743,-0.27,-0.363,0.705,0.386,0.673,0.088,0.123,0.57,0.001,0.814,0.866,0.127,0.688,0.651,0.118,0.567,0.654,0.634,-0.489,-0.148,-0.442,0.803,0.734,0.084,0.901,0.062,1.0,0.293,-0.616,0.802,0.783,0.74,0.539,0.872,0.511,0.635,-0.236,0.737,0.47,0.388,0.835,-0.044,0.673,0.356,0.616,0.777,0.215,0.566,-0.313,0.42,-0.345,0.854,0.816,0.73,0.669,0.666,0.821,0.207,0.697,0.183,0.373,0.438,0.489,-0.272,0.495,-0.219,0.516,0.769,0.863,0.722,0.365,0.054,0.621,-0.119,0.379,0.671,0.573,0.775
MNST,0.204,0.469,0.245,0.3,0.343,0.465,-0.139,0.124,0.519,-0.408,0.302,-0.068,0.464,0.443,0.287,0.337,0.578,0.341,0.388,-0.394,0.392,0.516,-0.169,-0.234,0.45,0.113,0.559,0.382,0.494,0.43,-0.071,0.328,0.347,-0.188,0.511,0.485,-0.25,0.507,0.453,0.005,-0.03,0.13,-0.044,0.322,0.41,0.339,0.318,0.098,0.293,1.0,-0.188,0.519,0.379,0.509,0.38,0.24,0.508,0.579,-0.38,0.438,0.445,0.261,0.395,-0.226,0.373,0.264,0.545,0.433,0.563,0.537,-0.122,0.165,0.072,0.372,0.421,0.57,0.462,0.415,0.276,-0.032,0.195,0.644,0.214,0.105,0.581,0.18,0.357,0.237,0.444,0.398,0.458,0.245,0.334,0.376,0.371,-0.111,0.3,0.525,0.482,0.345
MRNA,-0.101,-0.517,-0.419,-0.454,-0.549,-0.513,0.576,0.107,-0.534,0.564,-0.618,0.434,-0.442,-0.226,0.142,-0.192,-0.535,-0.465,-0.176,-0.032,-0.535,-0.548,0.125,0.248,-0.491,0.037,-0.431,0.095,-0.062,-0.21,-0.075,-0.5,-0.515,0.074,-0.545,-0.491,0.098,-0.531,-0.645,-0.054,0.462,-0.108,0.305,-0.554,-0.542,0.328,-0.592,-0.181,-0.616,-0.188,1.0,-0.477,-0.61,-0.336,-0.253,-0.529,-0.325,-0.436,0.454,-0.465,-0.224,-0.309,-0.583,0.255,-0.521,0.015,-0.439,-0.541,-0.094,-0.285,0.125,-0.159,0.266,-0.575,-0.503,-0.356,-0.455,-0.342,-0.57,-0.094,-0.338,-0.147,-0.204,0.094,-0.301,0.436,-0.224,0.101,-0.623,-0.585,-0.603,-0.567,0.004,0.108,-0.575,0.235,-0.335,-0.558,-0.415,-0.695
MRVL,0.547,0.836,0.747,0.824,0.864,0.782,-0.29,0.22,0.759,-0.625,0.613,-0.374,0.528,0.811,0.507,0.704,0.875,0.734,0.17,-0.134,0.828,0.791,-0.224,-0.477,0.69,0.392,0.786,0.319,0.378,0.786,-0.21,0.847,0.847,0.021,0.751,0.757,-0.033,0.666,0.603,0.576,-0.384,-0.261,-0.542,0.82,0.769,0.443,0.724,-0.058,0.802,0.519,-0.477,1.0,0.764,0.858,0.734,0.694,0.764,0.705,-0.286,0.877,0.692,0.352,0.757,-0.003,0.702,0.527,0.809,0.78,0.404,0.709,-0.484,0.512,-0.4,0.801,0.764,0.85,0.781,0.813,0.819,0.276,0.624,0.378,0.278,0.547,0.69,-0.077,0.674,-0.098,0.554,0.702,0.819,0.577,0.504,0.33,0.575,-0.03,0.349,0.752,0.752,0.673
MSFT,0.46,0.769,0.669,0.728,0.776,0.751,-0.32,0.193,0.695,-0.65,0.708,-0.515,0.594,0.65,0.318,0.644,0.762,0.808,0.117,0.046,0.835,0.818,-0.247,-0.524,0.73,0.365,0.743,0.127,0.223,0.595,-0.185,0.813,0.826,0.015,0.695,0.751,-0.017,0.736,0.621,0.521,-0.549,-0.183,-0.48,0.804,0.847,0.157,0.741,-0.03,0.783,0.379,-0.61,0.764,1.0,0.681,0.537,0.685,0.603,0.583,-0.384,0.783,0.56,0.217,0.78,-0.051,0.703,0.563,0.762,0.749,0.277,0.51,-0.449,0.454,-0.325,0.747,0.715,0.669,0.658,0.635,0.842,0.37,0.595,0.216,0.289,0.379,0.504,-0.191,0.498,-0.301,0.617,0.716,0.83,0.608,0.436,0.113,0.503,-0.126,0.362,0.788,0.578,0.805
MSTR,0.62,0.802,0.697,0.723,0.732,0.737,-0.257,0.247,0.644,-0.711,0.522,-0.496,0.421,0.903,0.51,0.624,0.796,0.764,-0.005,-0.195,0.783,0.72,-0.383,-0.581,0.643,0.541,0.666,0.253,0.328,0.721,-0.307,0.762,0.784,-0.033,0.644,0.752,-0.039,0.602,0.628,0.632,-0.447,-0.359,-0.455,0.703,0.772,0.561,0.613,-0.194,0.74,0.509,-0.336,0.858,0.681,1.0,0.606,0.611,0.686,0.598,-0.326,0.788,0.629,0.265,0.702,0.058,0.691,0.525,0.756,0.689,0.335,0.657,-0.56,0.515,-0.528,0.733,0.683,0.797,0.648,0.87,0.741,0.236,0.694,0.258,0.186,0.556,0.562,-0.047,0.687,-0.29,0.406,0.72,0.723,0.431,0.671,0.419,0.581,0.049,0.217,0.699,0.629,0.611
MU,0.187,0.667,0.755,0.703,0.719,0.555,-0.12,0.015,0.638,-0.648,0.51,-0.179,0.213,0.586,0.666,0.758,0.716,0.503,0.162,-0.392,0.633,0.652,-0.425,-0.507,0.717,0.216,0.767,0.398,0.474,0.604,-0.363,0.668,0.637,-0.063,0.713,0.677,-0.016,0.68,0.404,0.296,-0.183,-0.411,-0.567,0.702,0.555,0.386,0.616,-0.148,0.539,0.38,-0.253,0.734,0.537,0.606,1.0,0.544,0.73,0.728,-0.395,0.8,0.804,0.115,0.632,-0.319,0.736,0.34,0.674,0.783,0.57,0.704,-0.499,0.356,-0.251,0.597,0.665,0.786,0.894,0.521,0.693,-0.108,0.448,0.434,-0.003,0.384,0.759,0.195,0.459,-0.014,0.454,0.702,0.64,0.34,0.187,0.342,0.497,-0.161,0.497,0.671,0.871,0.525
MVIS,0.363,0.708,0.738,0.878,0.89,0.654,-0.452,0.118,0.665,-0.509,0.711,-0.466,0.514,0.559,0.219,0.417,0.679,0.668,0.337,0.211,0.815,0.648,-0.103,-0.268,0.7,0.298,0.625,0.023,0.064,0.518,0.092,0.605,0.653,0.242,0.722,0.562,0.272,0.47,0.684,0.492,-0.427,0.018,-0.247,0.825,0.567,-0.057,0.916,0.317,0.872,0.24,-0.529,0.694,0.685,0.611,0.544,1.0,0.358,0.531,-0.059,0.663,0.497,0.465,0.744,0.07,0.638,0.27,0.472,0.795,0.236,0.412,-0.178,0.492,-0.186,0.917,0.824,0.574,0.697,0.588,0.795,0.257,0.587,0.109,0.524,0.452,0.367,-0.37,0.487,-0.098,0.581,0.729,0.766,0.793,0.366,-0.09,0.642,-0.11,0.574,0.606,0.565,0.721
NFLX,0.268,0.693,0.53,0.544,0.586,0.495,-0.178,0.315,0.65,-0.621,0.4,-0.319,0.344,0.612,0.581,0.74,0.715,0.523,0.099,-0.334,0.551,0.669,-0.401,-0.65,0.714,0.291,0.628,0.264,0.574,0.621,-0.253,0.798,0.737,-0.229,0.704,0.641,-0.088,0.733,0.409,0.353,-0.306,-0.301,-0.552,0.566,0.727,0.469,0.469,-0.277,0.511,0.508,-0.325,0.764,0.603,0.686,0.73,0.358,1.0,0.695,-0.563,0.736,0.644,0.089,0.62,-0.336,0.674,0.332,0.78,0.585,0.365,0.661,-0.55,0.271,-0.373,0.466,0.524,0.764,0.677,0.581,0.567,-0.016,0.514,0.31,0.105,0.235,0.631,0.186,0.411,-0.2,0.428,0.545,0.54,0.314,0.357,0.319,0.35,-0.067,0.216,0.685,0.712,0.434
NNDM,0.178,0.676,0.519,0.619,0.644,0.656,-0.187,-0.035,0.637,-0.551,0.414,-0.227,0.349,0.569,0.448,0.628,0.823,0.548,0.356,-0.375,0.594,0.782,-0.319,-0.318,0.706,0.158,0.65,0.281,0.542,0.572,-0.222,0.627,0.614,-0.144,0.673,0.619,-0.091,0.771,0.495,0.231,-0.177,-0.096,-0.333,0.597,0.655,0.288,0.57,-0.003,0.635,0.579,-0.436,0.705,0.583,0.598,0.728,0.531,0.695,1.0,-0.429,0.648,0.66,0.421,0.609,-0.442,0.703,0.286,0.698,0.729,0.515,0.751,-0.372,0.31,-0.109,0.571,0.673,0.779,0.758,0.554,0.619,-0.063,0.379,0.479,0.176,0.254,0.805,0.036,0.482,0.125,0.498,0.637,0.781,0.483,0.236,0.298,0.584,-0.081,0.524,0.744,0.732,0.54
NVAX,0.021,-0.437,-0.292,-0.087,-0.202,-0.255,0.067,0.1,-0.345,0.604,-0.31,0.347,-0.214,-0.164,-0.332,-0.326,-0.411,-0.2,0.055,0.529,-0.264,-0.447,0.456,0.565,-0.488,0.069,-0.375,-0.11,-0.284,-0.153,0.191,-0.435,-0.4,0.491,-0.413,-0.499,0.4,-0.615,-0.365,0.084,0.302,0.276,0.417,-0.244,-0.507,0.0,-0.253,0.346,-0.236,-0.38,0.454,-0.286,-0.384,-0.326,-0.395,-0.059,-0.563,-0.429,1.0,-0.427,-0.334,0.291,-0.467,0.647,-0.511,-0.042,-0.513,-0.396,-0.329,-0.47,0.397,0.123,0.167,-0.203,-0.217,-0.425,-0.468,-0.076,-0.273,0.331,-0.207,-0.267,0.273,0.254,-0.458,-0.24,-0.039,0.208,-0.328,-0.457,-0.277,0.021,-0.013,-0.267,-0.238,0.209,-0.098,-0.491,-0.466,-0.33
NVDA,0.409,0.808,0.758,0.776,0.866,0.673,-0.266,0.159,0.692,-0.682,0.684,-0.469,0.441,0.714,0.581,0.746,0.777,0.66,0.055,-0.225,0.867,0.703,-0.399,-0.636,0.714,0.326,0.878,0.247,0.252,0.738,-0.292,0.823,0.811,-0.069,0.725,0.734,-0.041,0.766,0.553,0.492,-0.465,-0.383,-0.641,0.806,0.756,0.361,0.713,-0.099,0.737,0.438,-0.465,0.877,0.783,0.788,0.8,0.663,0.736,0.648,-0.427,1.0,0.683,0.131,0.815,-0.101,0.787,0.466,0.809,0.773,0.43,0.651,-0.495,0.452,-0.39,0.775,0.728,0.824,0.843,0.669,0.8,0.086,0.551,0.295,0.131,0.458,0.682,-0.054,0.543,-0.237,0.514,0.793,0.733,0.48,0.348,0.231,0.488,-0.226,0.299,0.68,0.81,0.74
NWL,0.381,0.606,0.816,0.608,0.636,0.638,-0.119,0.168,0.567,-0.614,0.369,-0.233,0.282,0.675,0.504,0.802,0.648,0.57,0.204,-0.244,0.571,0.685,-0.288,-0.456,0.713,0.323,0.622,0.542,0.436,0.683,-0.397,0.605,0.59,0.017,0.703,0.671,0.011,0.66,0.453,0.342,-0.322,-0.221,-0.399,0.643,0.569,0.446,0.57,-0.098,0.47,0.445,-0.224,0.692,0.56,0.629,0.804,0.497,0.644,0.66,-0.334,0.683,1.0,0.196,0.571,-0.08,0.642,0.485,0.598,0.774,0.485,0.719,-0.485,0.573,-0.269,0.569,0.711,0.701,0.769,0.649,0.68,0.21,0.415,0.465,0.11,0.572,0.666,0.04,0.621,0.027,0.41,0.586,0.626,0.34,0.445,0.485,0.488,-0.054,0.536,0.631,0.674,0.491
OCGN,0.262,0.175,0.172,0.405,0.364,0.385,-0.326,0.048,0.396,-0.076,0.295,0.108,0.33,0.274,-0.264,0.109,0.345,0.249,0.608,0.298,0.287,0.243,0.383,0.308,0.268,0.17,0.168,0.019,0.273,0.398,0.238,0.114,0.151,0.394,0.366,0.174,0.378,0.066,0.433,0.078,0.138,0.451,0.351,0.321,0.182,0.04,0.363,0.584,0.388,0.261,-0.309,0.352,0.217,0.265,0.115,0.465,0.089,0.421,0.291,0.131,0.196,1.0,0.18,0.022,0.116,-0.074,0.089,0.305,0.159,0.129,0.299,0.425,0.192,0.352,0.499,0.191,0.163,0.503,0.259,0.268,0.102,0.155,0.514,0.289,0.215,-0.384,0.484,0.383,0.433,0.142,0.453,0.628,0.338,-0.04,0.42,0.362,0.563,0.272,0.114,0.368
ON,0.341,0.845,0.727,0.759,0.83,0.726,-0.247,0.188,0.788,-0.741,0.744,-0.449,0.503,0.608,0.476,0.542,0.777,0.676,0.075,-0.185,0.843,0.705,-0.393,-0.511,0.703,0.276,0.79,0.247,0.284,0.623,-0.142,0.779,0.804,-0.027,0.68,0.714,-0.028,0.677,0.609,0.442,-0.508,-0.254,-0.536,0.759,0.775,0.109,0.83,-0.079,0.835,0.395,-0.583,0.757,0.78,0.702,0.632,0.744,0.62,0.609,-0.467,0.815,0.571,0.18,1.0,-0.199,0.684,0.364,0.675,0.753,0.406,0.652,-0.39,0.378,-0.305,0.81,0.795,0.749,0.734,0.599,0.725,0.111,0.644,0.272,0.284,0.344,0.574,-0.137,0.43,-0.223,0.525,0.77,0.771,0.529,0.327,0.201,0.568,-0.231,0.37,0.732,0.685,0.781
