,AAL,AAPL,AGNC,AMAT,AMD,AMZN,APA,ARDX,AVGO,AZN,BIDU,BILI,BKR,CAN,CHRD,CMCSA,CPRT,CRWD,CSCO,CSX,DKNG,EBAY,ERIC,EXC,FITB,FLEX,FTNT,GEN,GERN,GEVO,GILD,GOOG,GOOGL,GT,HBAN,HST,INTC,IOVA,IQ,JBLU,JD,KDP,KHC,LRCX,LYFT,MARA,MCHP,MDLZ,META,MNST,MRNA,MRVL,MSFT,MSTR,MU,MVIS,NFLX,NNDM,NVAX,NVDA,NWL,OCGN,ON,OPK,PAA,PACB,PANW,PARA,PDD,PENN,PEP,PLUG,PTEN,PTON,PYPL,QCOM,QVCGA,RIOT,ROKU,RUN,SABR,SBUX,SMCI,SNDL,STNE,TCOM,TLRY,TMUS,TSCO,TSLA,TTD,TXN,UAL,VOD,VTRS,VXRT,WBA,WBD,WDC,ZM
AAL,1.0,-0.175,-0.048,0.617,0.466,0.078,-0.428,-0.193,0.378,-0.504,0.574,0.398,-0.154,-0.489,-0.25,-0.189,-0.386,-0.212,0.398,-0.248,-0.141,0.249,-0.019,-0.114,-0.194,0.379,-0.358,-0.388,0.267,0.587,-0.136,-0.488,-0.499,-0.089,-0.266,-0.2,-0.005,0.448,0.158,0.584,0.763,0.019,-0.268,0.443,-0.555,-0.517,0.275,-0.022,-0.446,0.076,0.032,0.338,-0.184,-0.357,-0.273,0.471,0.077,0.459,-0.421,0.301,-0.209,0.049,0.291,-0.168,-0.271,-0.158,-0.352,0.007,0.572,0.103,-0.239,0.577,-0.047,0.597,-0.193,0.622,0.532,-0.444,0.265,-0.206,0.213,-0.386,-0.277,0.445,-0.475,0.467,0.447,-0.435,-0.19,0.567,-0.29,0.342,0.541,-0.474,-0.329,0.518,-0.199,0.744,0.193,0.6
AAPL,-0.175,1.0,0.557,-0.283,-0.339,0.833,0.638,0.655,0.164,0.512,-0.496,-0.424,0.671,0.173,0.681,0.647,0.708,0.387,0.33,0.641,0.613,0.767,0.329,0.605,0.484,0.39,0.622,0.63,-0.374,-0.379,0.736,0.305,0.31,0.542,0.54,0.793,0.608,-0.097,0.236,0.216,-0.092,0.624,0.535,-0.092,0.004,0.577,0.265,0.593,0.77,0.625,0.039,0.066,0.826,0.652,0.049,0.26,0.442,0.298,0.531,0.556,0.682,-0.185,0.102,0.639,0.66,0.78,0.685,0.279,-0.217,0.505,0.748,-0.459,0.544,0.324,0.624,-0.226,0.047,0.55,0.239,0.786,0.383,0.781,0.163,0.067,0.456,0.145,-0.526,0.514,0.609,-0.063,0.434,0.349,0.228,0.382,0.49,-0.202,0.546,0.005,0.088,0.149
AGNC,-0.048,0.557,1.0,-0.346,-0.37,0.442,0.608,0.457,-0.215,0.456,-0.342,-0.479,0.518,-0.123,0.656,0.664,0.571,-0.154,0.421,0.603,0.189,0.53,0.494,0.683,0.343,0.221,0.6,0.542,-0.635,-0.468,0.729,0.3,0.336,0.473,0.446,0.702,0.663,-0.053,-0.266,0.377,-0.018,0.744,0.596,-0.232,-0.085,0.275,0.002,0.706,0.576,0.466,0.339,-0.273,0.68,0.551,-0.02,0.434,0.477,0.243,0.48,0.239,0.594,-0.541,-0.197,0.667,0.74,0.705,0.276,0.354,-0.332,0.622,0.688,-0.462,0.643,0.55,0.331,-0.107,0.058,0.305,0.067,0.558,0.589,0.655,-0.321,-0.076,0.107,0.058,-0.272,0.621,0.387,-0.204,0.237,0.064,0.048,0.518,0.664,-0.214,0.704,0.205,0.286,0.272
AMAT,0.617,-0.283,-0.346,1.0,0.837,-0.166,-0.501,-0.352,0.665,-0.646,0.633,0.509,-0.297,-0.383,-0.527,-0.466,-0.557,0.024,0.315,-0.437,-0.327,0.042,-0.207,-0.453,-0.289,0.422,-0.574,-0.594,0.439,0.782,-0.445,-0.278,-0.302,-0.232,-0.466,-0.401,-0.152,0.385,0.344,0.205,0.582,-0.292,-0.633,0.758,-0.389,-0.615,0.511,-0.352,-0.467,-0.024,0.031,0.517,-0.355,-0.554,-0.221,0.407,-0.024,0.495,-0.694,0.238,-0.36,0.374,0.514,-0.386,-0.511,-0.363,-0.2,-0.281,0.707,-0.073,-0.511,0.695,-0.242,0.196,-0.287,0.789,0.597,-0.631,0.247,-0.195,0.019,-0.522,0.097,0.58,-0.664,0.246,0.399,-0.665,-0.387,0.709,-0.296,0.498,0.141,-0.501,-0.606,0.416,-0.396,0.329,0.042,0.537
AMD,0.466,-0.339,-0.37,0.837,1.0,-0.295,-0.511,-0.449,0.635,-0.724,0.652,0.665,-0.515,-0.213,-0.576,-0.57,-0.586,-0.007,0.075,-0.478,-0.503,-0.121,-0.379,-0.542,-0.316,0.258,-0.569,-0.563,0.422,0.701,-0.569,-0.182,-0.197,-0.263,-0.413,-0.416,-0.345,0.359,0.212,0.038,0.449,-0.411,-0.697,0.633,-0.273,-0.518,0.457,-0.438,-0.468,-0.221,-0.031,0.441,-0.339,-0.485,-0.107,0.182,-0.221,0.299,-0.709,0.215,-0.424,0.543,0.493,-0.475,-0.51,-0.45,-0.251,-0.321,0.773,-0.204,-0.578,0.639,-0.336,0.056,-0.265,0.753,0.534,-0.542,0.17,-0.299,-0.103,-0.541,0.183,0.516,-0.603,0.173,0.548,-0.653,-0.594,0.68,-0.148,0.389,-0.033,-0.477,-0.628,0.411,-0.483,0.185,-0.037,0.309
AMZN,0.078,0.833,0.442,-0.166,-0.295,1.0,0.434,0.562,0.191,0.323,-0.366,-0.342,0.589,0.162,0.546,0.558,0.558,0.354,0.424,0.526,0.57,0.812,0.351,0.497,0.382,0.413,0.451,0.529,-0.224,-0.225,0.558,0.137,0.136,0.422,0.384,0.67,0.555,0.015,0.332,0.307,0.116,0.508,0.451,0.066,-0.07,0.484,0.31,0.483,0.619,0.517,0.049,0.085,0.709,0.538,-0.014,0.305,0.39,0.355,0.407,0.457,0.54,-0.198,0.173,0.511,0.524,0.627,0.551,0.306,-0.058,0.496,0.595,-0.272,0.415,0.396,0.644,-0.111,0.107,0.477,0.334,0.666,0.489,0.603,0.028,0.092,0.446,0.315,-0.327,0.412,0.542,0.017,0.269,0.365,0.449,0.241,0.335,-0.051,0.418,0.254,0.104,0.325
APA,-0.428,0.638,0.608,-0.501,-0.511,0.434,1.0,0.593,-0.331,0.712,-0.706,-0.572,0.689,0.256,0.876,0.8,0.82,0.128,0.278,0.712,0.414,0.453,0.52,0.693,0.539,0.197,0.717,0.817,-0.617,-0.646,0.714,0.441,0.442,0.642,0.645,0.804,0.716,-0.304,-0.175,0.242,-0.334,0.619,0.757,-0.242,0.21,0.556,0.017,0.636,0.789,0.456,0.271,-0.287,0.702,0.733,0.325,0.189,0.465,0.065,0.718,0.22,0.834,-0.496,-0.197,0.764,0.876,0.718,0.412,0.532,-0.585,0.611,0.785,-0.716,0.781,0.283,0.479,-0.295,-0.07,0.584,0.113,0.684,0.494,0.781,-0.028,-0.173,0.447,-0.156,-0.573,0.823,0.626,-0.338,0.452,0.124,0.014,0.715,0.831,-0.633,0.804,-0.105,0.31,-0.112
ARDX,-0.193,0.655,0.457,-0.352,-0.449,0.562,0.593,1.0,-0.103,0.555,-0.447,-0.308,0.71,0.23,0.603,0.545,0.777,0.242,0.216,0.628,0.653,0.588,0.345,0.48,0.599,0.44,0.762,0.662,-0.413,-0.413,0.678,0.008,0.005,0.69,0.643,0.711,0.631,0.154,0.274,0.309,-0.033,0.538,0.599,-0.026,0.053,0.472,0.256,0.535,0.495,0.554,0.006,0.155,0.631,0.652,0.302,0.293,0.455,0.247,0.459,0.305,0.777,-0.257,0.233,0.544,0.659,0.6,0.574,0.44,-0.349,0.51,0.691,-0.429,0.492,0.2,0.531,-0.249,0.022,0.51,0.264,0.728,0.298,0.708,-0.035,0.124,0.506,-0.033,-0.532,0.437,0.628,-0.085,0.482,0.362,0.238,0.342,0.471,-0.194,0.582,-0.105,0.253,0.112
AVGO,0.378,0.164,-0.215,0.665,0.635,0.191,-0.331,-0.103,1.0,-0.483,0.351,0.407,-0.076,-0.159,-0.329,-0.281,-0.265,0.272,0.128,-0.294,0.041,0.246,-0.413,-0.394,-0.052,0.415,-0.335,-0.273,0.487,0.54,-0.223,-0.172,-0.191,-0.088,-0.201,-0.116,-0.101,0.314,0.507,0.013,0.353,-0.198,-0.47,0.608,-0.168,-0.205,0.588,-0.328,-0.217,0.112,-0.246,0.601,-0.057,-0.258,-0.175,0.166,-0.129,0.356,-0.499,0.545,-0.171,0.567,0.581,-0.279,-0.305,-0.115,0.183,-0.309,0.661,-0.03,-0.293,0.498,-0.183,0.042,0.095,0.489,0.472,-0.305,0.397,0.133,-0.041,-0.196,0.406,0.532,-0.329,0.43,0.286,-0.455,-0.044,0.628,0.01,0.545,0.259,-0.45,-0.486,0.427,-0.381,0.173,-0.153,0.346
AZN,-0.504,0.512,0.456,-0.646,-0.724,0.323,0.712,0.555,-0.483,1.0,-0.771,-0.693,0.68,0.233,0.633,0.729,0.735,0.108,0.03,0.63,0.649,0.304,0.562,0.667,0.464,-0.071,0.668,0.753,-0.568,-0.711,0.647,0.391,0.416,0.504,0.617,0.594,0.49,-0.462,-0.193,0.139,-0.441,0.516,0.688,-0.448,0.312,0.587,-0.141,0.543,0.646,0.318,0.094,-0.198,0.55,0.672,0.185,-0.029,0.454,-0.167,0.773,0.168,0.613,-0.466,-0.311,0.516,0.636,0.542,0.36,0.372,-0.69,0.425,0.692,-0.725,0.462,0.088,0.368,-0.574,-0.46,0.613,-0.064,0.568,0.23,0.783,-0.03,-0.336,0.543,-0.148,-0.659,0.756,0.635,-0.635,0.49,-0.14,0.032,0.683,0.704,-0.685,0.671,-0.258,0.141,-0.28
BIDU,0.574,-0.496,-0.342,0.633,0.652,-0.366,-0.706,-0.447,0.351,-0.771,1.0,0.662,-0.508,-0.455,-0.612,-0.641,-0.674,-0.238,0.07,-0.663,-0.596,-0.251,-0.321,-0.555,-0.455,0.068,-0.569,-0.715,0.39,0.676,-0.491,-0.525,-0.541,-0.363,-0.55,-0.578,-0.337,0.592,0.113,0.053,0.609,-0.333,-0.597,0.397,-0.443,-0.726,0.137,-0.298,-0.655,-0.243,-0.116,0.304,-0.544,-0.705,-0.316,0.306,-0.163,0.381,-0.834,-0.162,-0.567,0.365,0.308,-0.483,-0.601,-0.517,-0.456,-0.35,0.686,-0.296,-0.604,0.59,-0.408,0.046,-0.499,0.616,0.375,-0.699,0.044,-0.532,-0.181,-0.712,-0.157,0.261,-0.643,0.125,0.482,-0.777,-0.693,0.486,-0.458,0.192,-0.078,-0.689,-0.715,0.653,-0.476,0.227,-0.166,0.292
BILI,0.398,-0.424,-0.479,0.509,0.665,-0.342,-0.572,-0.308,0.407,-0.693,0.662,1.0,-0.59,-0.128,-0.578,-0.588,-0.425,-0.05,-0.129,-0.579,-0.397,-0.239,-0.495,-0.624,-0.238,0.194,-0.494,-0.524,0.52,0.639,-0.486,-0.522,-0.547,-0.335,-0.264,-0.517,-0.447,0.582,0.294,-0.056,0.455,-0.391,-0.434,0.368,-0.302,-0.488,0.149,-0.472,-0.627,-0.169,-0.329,0.507,-0.446,-0.566,-0.01,-0.113,-0.309,0.119,-0.63,-0.098,-0.427,0.514,0.36,-0.426,-0.548,-0.531,-0.251,-0.267,0.588,-0.392,-0.5,0.6,-0.453,-0.227,-0.227,0.571,0.348,-0.499,-0.007,-0.393,-0.419,-0.601,0.036,0.291,-0.334,-0.047,0.385,-0.614,-0.619,0.649,-0.211,0.245,-0.008,-0.572,-0.535,0.558,-0.58,0.051,-0.247,0.085
BKR,-0.154,0.671,0.518,-0.297,-0.515,0.589,0.689,0.71,-0.076,0.68,-0.508,-0.59,1.0,0.055,0.714,0.676,0.693,0.109,0.376,0.605,0.722,0.589,0.557,0.582,0.541,0.436,0.618,0.657,-0.412,-0.473,0.7,0.117,0.137,0.658,0.532,0.763,0.74,-0.124,0.1,0.427,-0.03,0.608,0.575,-0.005,0.105,0.39,0.188,0.595,0.56,0.55,0.163,0.077,0.576,0.606,0.1,0.419,0.587,0.27,0.498,0.39,0.71,-0.355,0.103,0.634,0.721,0.674,0.405,0.527,-0.352,0.685,0.642,-0.543,0.761,0.333,0.398,-0.258,0.033,0.425,0.207,0.726,0.508,0.727,-0.056,-0.083,0.343,0.154,-0.568,0.521,0.768,-0.279,0.353,0.262,0.393,0.478,0.557,-0.439,0.75,0.005,0.242,0.144
CAN,-0.489,0.173,-0.123,-0.383,-0.213,0.162,0.256,0.23,-0.159,0.233,-0.455,-0.128,0.055,1.0,0.251,0.113,0.256,0.505,-0.278,0.299,0.273,-0.018,0.068,0.088,0.176,-0.099,0.356,0.413,-0.117,-0.219,-0.055,0.271,0.25,0.271,0.291,0.168,-0.146,-0.369,0.055,-0.122,-0.514,-0.239,0.117,-0.085,0.508,0.787,0.017,-0.175,0.305,-0.096,0.07,-0.057,0.092,0.569,0.449,-0.415,-0.066,-0.422,0.419,-0.134,0.189,0.193,0.048,0.185,0.192,0.115,0.362,0.266,-0.315,0.084,0.106,-0.185,-0.019,-0.327,0.454,-0.374,-0.116,0.762,-0.073,0.261,0.114,0.324,0.236,-0.007,0.783,-0.314,-0.151,0.271,0.175,-0.154,0.373,-0.099,-0.051,0.337,0.178,-0.331,-0.027,-0.348,0.186,-0.288
CHRD,-0.25,0.681,0.656,-0.527,-0.576,0.546,0.876,0.603,-0.329,0.633,-0.612,-0.578,0.714,0.251,1.0,0.852,0.742,0.099,0.32,0.73,0.455,0.547,0.521,0.772,0.515,0.2,0.715,0.759,-0.647,-0.624,0.773,0.328,0.33,0.673,0.61,0.84,0.716,-0.304,-0.128,0.398,-0.236,0.652,0.742,-0.274,0.123,0.586,-0.007,0.691,0.755,0.498,0.264,-0.278,0.715,0.75,0.274,0.289,0.464,0.093,0.759,0.256,0.805,-0.566,-0.201,0.78,0.895,0.76,0.423,0.627,-0.534,0.727,0.813,-0.638,0.778,0.402,0.485,-0.318,-0.04,0.654,0.07,0.687,0.613,0.746,-0.096,-0.15,0.502,-0.006,-0.474,0.749,0.65,-0.296,0.395,0.097,0.173,0.661,0.816,-0.538,0.774,0.098,0.351,-0.004
CMCSA,-0.189,0.647,0.664,-0.466,-0.57,0.558,0.8,0.545,-0.281,0.729,-0.641,-0.588,0.676,0.113,0.852,1.0,0.789,0.1,0.297,0.769,0.514,0.617,0.549,0.787,0.57,0.179,0.652,0.768,-0.63,-0.598,0.769,0.371,0.389,0.643,0.64,0.794,0.687,-0.302,-0.046,0.431,-0.198,0.692,0.769,-0.287,0.088,0.521,0.08,0.645,0.783,0.558,0.181,-0.186,0.739,0.659,0.155,0.267,0.484,0.111,0.771,0.373,0.794,-0.562,-0.185,0.713,0.819,0.716,0.466,0.539,-0.515,0.732,0.78,-0.568,0.666,0.441,0.535,-0.27,-0.079,0.559,0.168,0.73,0.616,0.749,-0.038,-0.11,0.438,0.065,-0.487,0.766,0.614,-0.327,0.452,0.131,0.214,0.672,0.794,-0.595,0.736,0.153,0.324,0.027
CPRT,-0.386,0.708,0.571,-0.557,-0.586,0.558,0.82,0.777,-0.265,0.735,-0.674,-0.425,0.693,0.256,0.742,0.789,1.0,0.258,0.166,0.719,0.614,0.553,0.386,0.649,0.621,0.265,0.804,0.867,-0.511,-0.627,0.795,0.292,0.294,0.638,0.749,0.811,0.66,-0.161,0.032,0.245,-0.225,0.673,0.817,-0.268,0.171,0.583,0.035,0.663,0.759,0.578,0.066,-0.108,0.761,0.716,0.28,0.099,0.45,0.084,0.692,0.278,0.848,-0.454,-0.064,0.72,0.796,0.748,0.617,0.523,-0.548,0.535,0.824,-0.668,0.632,0.206,0.589,-0.369,-0.095,0.624,0.184,0.776,0.378,0.857,0.028,-0.132,0.609,-0.117,-0.675,0.754,0.646,-0.284,0.549,0.186,0.133,0.581,0.735,-0.529,0.719,-0.164,0.18,-0.067
CRWD,-0.212,0.387,-0.154,0.024,-0.007,0.354,0.128,0.242,0.272,0.108,-0.238,-0.05,0.109,0.505,0.099,0.1,0.258,1.0,-0.087,0.155,0.385,0.27,-0.086,-0.012,0.098,0.203,0.244,0.229,0.03,0.01,0.018,0.115,0.088,0.21,0.059,0.163,-0.003,-0.143,0.488,-0.036,-0.167,-0.011,0.029,0.18,0.231,0.44,0.402,-0.13,0.298,0.378,-0.097,0.201,0.188,0.25,0.049,-0.167,-0.085,0.122,0.217,0.227,0.187,0.239,0.345,0.166,0.06,0.256,0.682,0.132,-0.006,0.052,0.068,0.17,-0.07,-0.131,0.452,-0.152,0.151,0.41,0.312,0.435,0.038,0.259,0.486,0.326,0.488,-0.04,-0.248,0.146,0.221,0.274,0.329,0.356,0.027,0.111,0.035,-0.104,-0.04,-0.185,0.093,0.016
CSCO,0.398,0.33,0.421,0.315,0.075,0.424,0.278,0.216,0.128,0.03,0.07,-0.129,0.376,-0.278,0.32,0.297,0.166,-0.087,1.0,0.195,0.037,0.578,0.572,0.258,-0.021,0.615,0.125,0.114,-0.24,0.096,0.374,-0.041,-0.007,0.252,-0.011,0.399,0.577,0.178,0.043,0.499,0.445,0.461,0.226,0.249,-0.497,-0.152,0.247,0.457,0.221,0.492,0.432,0.069,0.375,0.158,-0.168,0.717,0.733,0.615,0.037,0.233,0.279,-0.339,0.091,0.43,0.294,0.48,0.109,0.186,0.038,0.438,0.315,0.037,0.51,0.712,0.175,0.322,0.461,-0.082,0.264,0.324,0.573,0.232,-0.275,0.215,-0.252,0.121,-0.075,0.128,0.21,0.306,-0.06,0.394,0.176,-0.032,0.166,0.011,0.418,0.441,0.308,0.62
CSX,-0.248,0.641,0.603,-0.437,-0.478,0.526,0.712,0.628,-0.294,0.63,-0.663,-0.579,0.605,0.299,0.73,0.769,0.719,0.155,0.195,1.0,0.56,0.618,0.459,0.786,0.672,0.225,0.721,0.718,-0.574,-0.538,0.672,0.339,0.374,0.728,0.754,0.79,0.532,-0.263,0.002,0.385,-0.263,0.628,0.653,-0.252,0.097,0.653,0.042,0.602,0.747,0.425,0.18,-0.138,0.732,0.744,0.333,0.206,0.41,0.086,0.758,0.369,0.766,-0.365,-0.129,0.646,0.764,0.601,0.527,0.558,-0.534,0.62,0.731,-0.529,0.639,0.325,0.607,-0.323,-0.102,0.666,0.037,0.697,0.488,0.755,-0.073,0.101,0.568,-0.092,-0.402,0.644,0.603,-0.315,0.478,0.119,0.23,0.66,0.692,-0.449,0.628,0.014,0.404,0.035
DKNG,-0.141,0.613,0.189,-0.327,-0.503,0.57,0.414,0.653,0.041,0.649,-0.596,-0.397,0.722,0.273,0.455,0.514,0.614,0.385,0.037,0.56,1.0,0.548,0.264,0.385,0.568,0.317,0.532,0.584,-0.124,-0.318,0.492,-0.056,-0.044,0.577,0.588,0.547,0.372,-0.168,0.264,0.326,-0.169,0.355,0.463,-0.046,0.189,0.579,0.166,0.28,0.384,0.419,-0.2,0.342,0.434,0.553,0.204,0.016,0.319,0.07,0.547,0.497,0.558,-0.053,0.124,0.359,0.433,0.441,0.53,0.368,-0.364,0.411,0.479,-0.316,0.359,0.03,0.506,-0.398,-0.175,0.57,0.159,0.652,0.145,0.625,0.166,0.104,0.593,0.118,-0.503,0.413,0.783,-0.18,0.477,0.208,0.54,0.291,0.387,-0.28,0.341,-0.118,0.126,-0.051
EBAY,0.249,0.767,0.53,0.042,-0.121,0.812,0.453,0.588,0.246,0.304,-0.251,-0.239,0.589,-0.018,0.547,0.617,0.553,0.27,0.578,0.618,0.548,1.0,0.371,0.498,0.526,0.608,0.411,0.522,-0.28,-0.06,0.59,0.014,0.022,0.594,0.497,0.711,0.575,0.179,0.309,0.575,0.216,0.653,0.431,0.119,-0.273,0.298,0.441,0.568,0.503,0.588,0.076,0.243,0.669,0.46,-0.078,0.504,0.48,0.533,0.332,0.594,0.648,-0.162,0.25,0.514,0.566,0.588,0.536,0.307,0.013,0.663,0.594,-0.151,0.556,0.564,0.623,0.063,0.304,0.312,0.387,0.725,0.566,0.604,0.007,0.299,0.249,0.252,-0.345,0.356,0.523,0.216,0.267,0.494,0.509,0.22,0.371,-0.03,0.48,0.299,0.168,0.451
ERIC,-0.019,0.329,0.494,-0.207,-0.379,0.351,0.52,0.345,-0.413,0.562,-0.321,-0.495,0.557,0.068,0.521,0.549,0.386,-0.086,0.572,0.459,0.264,0.371,1.0,0.515,0.115,0.259,0.479,0.382,-0.622,-0.298,0.481,0.202,0.252,0.413,0.235,0.462,0.596,-0.207,-0.154,0.489,0.091,0.406,0.439,-0.064,-0.154,0.256,-0.015,0.475,0.452,0.388,0.579,-0.143,0.436,0.486,0.059,0.481,0.77,0.239,0.503,0.025,0.39,-0.559,-0.182,0.634,0.478,0.565,0.086,0.318,-0.415,0.471,0.43,-0.321,0.515,0.473,0.199,-0.061,0.056,0.324,0.003,0.394,0.578,0.49,-0.419,-0.104,0.189,-0.123,-0.349,0.406,0.305,-0.251,0.148,0.059,0.046,0.38,0.451,-0.39,0.568,0.175,0.444,0.291
EXC,-0.114,0.605,0.683,-0.453,-0.542,0.497,0.693,0.48,-0.394,0.667,-0.555,-0.624,0.582,0.088,0.772,0.787,0.649,-0.012,0.258,0.786,0.385,0.498,0.515,1.0,0.43,0.031,0.657,0.682,-0.663,-0.63,0.748,0.396,0.403,0.528,0.598,0.714,0.629,-0.377,-0.19,0.338,-0.157,0.727,0.733,-0.326,0.096,0.499,-0.107,0.778,0.757,0.431,0.186,-0.351,0.709,0.68,0.209,0.28,0.453,0.057,0.742,0.272,0.66,-0.608,-0.307,0.622,0.742,0.641,0.3,0.563,-0.503,0.618,0.851,-0.639,0.594,0.531,0.393,-0.267,-0.13,0.576,-0.016,0.587,0.529,0.714,-0.212,-0.141,0.419,0.045,-0.396,0.7,0.523,-0.452,0.367,-0.002,0.179,0.679,0.729,-0.514,0.756,0.245,0.423,0.005
FITB,-0.194,0.484,0.343,-0.289,-0.316,0.382,0.539,0.599,-0.052,0.464,-0.455,-0.238,0.541,0.176,0.515,0.57,0.621,0.098,-0.021,0.672,0.568,0.526,0.115,0.43,1.0,0.322,0.459,0.643,-0.092,-0.284,0.457,0.043,0.044,0.711,0.869,0.605,0.334,0.109,0.14,0.338,-0.235,0.5,0.554,-0.047,0.109,0.366,0.214,0.393,0.423,0.272,-0.207,0.221,0.455,0.387,0.307,0.062,0.16,0.125,0.404,0.371,0.71,-0.049,0.123,0.333,0.569,0.308,0.4,0.393,-0.297,0.552,0.506,-0.398,0.494,-0.029,0.524,-0.129,-0.053,0.351,0.156,0.59,0.229,0.551,0.07,0.121,0.403,-0.077,-0.391,0.477,0.472,-0.091,0.447,0.263,0.453,0.459,0.573,-0.274,0.423,-0.147,0.137,-0.127
FLEX,0.379,0.39,0.221,0.422,0.258,0.413,0.197,0.44,0.415,-0.071,0.068,0.194,0.436,-0.099,0.2,0.179,0.265,0.203,0.615,0.225,0.317,0.608,0.259,0.031,0.322,1.0,0.17,0.115,-0.005,0.246,0.279,-0.294,-0.276,0.48,0.191,0.422,0.451,0.422,0.482,0.564,0.501,0.279,0.103,0.567,-0.374,-0.071,0.589,0.173,0.079,0.545,0.095,0.606,0.314,0.115,0.049,0.538,0.445,0.593,-0.07,0.503,0.417,0.024,0.615,0.398,0.254,0.362,0.344,0.293,0.24,0.416,0.148,0.207,0.449,0.372,0.272,0.437,0.63,-0.043,0.327,0.461,0.37,0.222,-0.002,0.465,-0.069,0.154,-0.143,-0.037,0.213,0.597,0.078,0.734,0.425,-0.022,0.08,0.147,0.243,0.234,0.281,0.529
FTNT,-0.358,0.622,0.6,-0.574,-0.569,0.451,0.717,0.762,-0.335,0.668,-0.569,-0.494,0.618,0.356,0.715,0.652,0.804,0.244,0.125,0.721,0.532,0.411,0.479,0.657,0.459,0.17,1.0,0.718,-0.658,-0.681,0.741,0.26,0.269,0.726,0.646,0.734,0.631,-0.198,-0.042,0.269,-0.21,0.565,0.695,-0.183,0.21,0.663,0.037,0.598,0.703,0.487,0.129,-0.123,0.678,0.809,0.507,0.162,0.473,0.063,0.687,0.215,0.718,-0.494,-0.03,0.739,0.739,0.762,0.565,0.531,-0.575,0.501,0.73,-0.594,0.514,0.238,0.451,-0.372,-0.092,0.713,0.115,0.686,0.385,0.799,-0.119,0.019,0.599,-0.147,-0.491,0.664,0.607,-0.29,0.634,0.177,0.048,0.544,0.68,-0.411,0.669,-0.106,0.479,-0.066
GEN,-0.388,0.63,0.542,-0.594,-0.563,0.529,0.817,0.662,-0.273,0.753,-0.715,-0.524,0.657,0.413,0.759,0.768,0.867,0.229,0.114,0.718,0.584,0.522,0.382,0.682,0.643,0.115,0.718,1.0,-0.483,-0.648,0.666,0.381,0.365,0.652,0.788,0.782,0.546,-0.323,-0.102,0.228,-0.36,0.591,0.744,-0.294,0.33,0.692,0.025,0.618,0.747,0.346,0.044,-0.209,0.675,0.784,0.273,0.03,0.368,-0.057,0.703,0.234,0.802,-0.365,-0.132,0.582,0.805,0.624,0.521,0.532,-0.496,0.596,0.775,-0.726,0.601,0.227,0.631,-0.428,-0.174,0.737,0.131,0.737,0.492,0.875,0.003,-0.18,0.662,-0.015,-0.586,0.825,0.654,-0.385,0.548,0.06,0.213,0.666,0.737,-0.627,0.697,-0.163,0.181,-0.202
GERN,0.267,-0.374,-0.635,0.439,0.422,-0.224,-0.617,-0.413,0.487,-0.568,0.39,0.52,-0.412,-0.117,-0.647,-0.63,-0.511,0.03,-0.24,-0.574,-0.124,-0.28,-0.622,-0.663,-0.092,-0.005,-0.658,-0.483,1.0,0.605,-0.617,-0.431,-0.464,-0.409,-0.284,-0.599,-0.635,0.337,0.214,-0.228,0.077,-0.498,-0.491,0.288,-0.062,-0.419,0.039,-0.599,-0.623,-0.348,-0.429,0.386,-0.59,-0.647,-0.229,-0.341,-0.418,-0.048,-0.619,-0.034,-0.51,0.648,0.195,-0.659,-0.642,-0.579,-0.235,-0.32,0.401,-0.478,-0.609,0.53,-0.456,-0.424,-0.257,0.208,0.091,-0.487,-0.019,-0.486,-0.517,-0.592,0.287,0.159,-0.297,0.039,0.322,-0.56,-0.295,0.394,-0.29,-0.014,0.294,-0.61,-0.59,0.481,-0.677,-0.095,-0.367,-0.068
GEVO,0.587,-0.379,-0.468,0.782,0.701,-0.225,-0.646,-0.413,0.54,-0.711,0.676,0.639,-0.473,-0.219,-0.624,-0.598,-0.627,0.01,0.096,-0.538,-0.318,-0.06,-0.298,-0.63,-0.284,0.246,-0.681,-0.648,0.605,1.0,-0.601,-0.485,-0.5,-0.388,-0.459,-0.6,-0.485,0.507,0.264,0.154,0.457,-0.454,-0.662,0.501,-0.488,-0.545,0.288,-0.546,-0.692,-0.2,0.037,0.468,-0.56,-0.614,-0.391,0.136,-0.212,0.303,-0.737,0.003,-0.555,0.551,0.342,-0.476,-0.655,-0.516,-0.301,-0.45,0.63,-0.297,-0.649,0.775,-0.363,-0.064,-0.279,0.616,0.475,-0.611,0.131,-0.385,-0.179,-0.635,0.005,0.474,-0.494,0.066,0.444,-0.762,-0.528,0.658,-0.488,0.208,0.151,-0.676,-0.679,0.598,-0.671,0.248,-0.136,0.485
GILD,-0.136,0.736,0.729,-0.445,-0.569,0.558,0.714,0.678,-0.223,0.647,-0.491,-0.486,0.7,-0.055,0.773,0.769,0.795,0.018,0.374,0.672,0.492,0.59,0.481,0.748,0.457,0.279,0.741,0.666,-0.617,-0.601,1.0,0.265,0.269,0.561,0.576,0.834,0.797,-0.126,-0.105,0.349,-0.035,0.797,0.771,-0.301,-0.021,0.426,-0.044,0.814,0.705,0.619,0.171,-0.172,0.797,0.639,0.187,0.375,0.529,0.221,0.632,0.329,0.776,-0.576,-0.17,0.789,0.71,0.823,0.476,0.455,-0.456,0.619,0.892,-0.638,0.67,0.461,0.394,-0.24,-0.05,0.479,0.064,0.689,0.464,0.799,-0.256,-0.104,0.379,0.064,-0.553,0.651,0.617,-0.252,0.349,0.186,0.114,0.53,0.726,-0.379,0.733,0.061,0.187,0.133
GOOG,-0.488,0.305,0.3,-0.278,-0.182,0.137,0.441,0.008,-0.172,0.391,-0.525,-0.522,0.117,0.271,0.328,0.371,0.292,0.115,-0.041,0.339,-0.056,0.014,0.202,0.396,0.043,-0.294,0.26,0.381,-0.431,-0.485,0.265,1.0,0.986,0.011,0.137,0.308,0.212,-0.575,-0.148,-0.296,-0.484,0.149,0.116,-0.254,0.457,0.395,-0.059,0.213,0.67,0.038,0.385,-0.535,0.479,0.408,0.117,-0.152,0.036,-0.314,0.475,0.015,0.245,-0.283,-0.236,0.297,0.369,0.372,0.248,0.02,-0.219,0.172,0.355,-0.491,0.157,0.087,0.294,-0.275,-0.166,0.373,0.054,0.32,0.29,0.471,0.21,-0.266,0.19,0.08,-0.158,0.446,0.222,-0.378,0.36,-0.193,-0.365,0.577,0.371,-0.569,0.324,-0.128,0.004,-0.11
GOOGL,-0.499,0.31,0.336,-0.302,-0.197,0.136,0.442,0.005,-0.191,0.416,-0.541,-0.547,0.137,0.25,0.33,0.389,0.294,0.088,-0.007,0.374,-0.044,0.022,0.252,0.403,0.044,-0.276,0.269,0.365,-0.464,-0.5,0.269,0.986,1.0,0.021,0.136,0.333,0.217,-0.589,-0.155,-0.277,-0.465,0.177,0.136,-0.278,0.409,0.392,-0.07,0.226,0.671,0.068,0.417,-0.526,0.497,0.422,0.094,-0.133,0.088,-0.291,0.502,0.04,0.233,-0.298,-0.26,0.314,0.378,0.396,0.241,0.026,-0.257,0.168,0.347,-0.473,0.19,0.096,0.299,-0.282,-0.17,0.364,0.044,0.327,0.289,0.477,0.184,-0.256,0.175,0.057,-0.137,0.46,0.222,-0.396,0.368,-0.199,-0.372,0.574,0.392,-0.566,0.343,-0.113,0.029,-0.084
GT,-0.089,0.542,0.473,-0.232,-0.263,0.422,0.642,0.69,-0.088,0.504,-0.363,-0.335,0.658,0.271,0.673,0.643,0.638,0.21,0.252,0.728,0.577,0.594,0.413,0.528,0.711,0.48,0.726,0.652,-0.409,-0.388,0.561,0.011,0.021,1.0,0.735,0.73,0.55,-0.003,0.128,0.582,-0.111,0.501,0.551,0.106,0.095,0.482,0.379,0.467,0.527,0.43,-0.003,0.261,0.541,0.624,0.452,0.367,0.501,0.307,0.479,0.497,0.816,-0.218,0.269,0.554,0.718,0.54,0.464,0.654,-0.335,0.721,0.553,-0.376,0.589,0.296,0.496,-0.098,0.108,0.535,0.174,0.689,0.51,0.654,-0.004,0.298,0.408,-0.042,-0.38,0.492,0.572,-0.039,0.596,0.465,0.388,0.488,0.549,-0.353,0.611,-0.019,0.52,0.006
HBAN,-0.266,0.54,0.446,-0.466,-0.413,0.384,0.645,0.643,-0.201,0.617,-0.55,-0.264,0.532,0.291,0.61,0.64,0.749,0.059,-0.011,0.754,0.588,0.497,0.235,0.598,0.869,0.191,0.646,0.788,-0.284,-0.459,0.576,0.137,0.136,0.735,1.0,0.638,0.365,-0.046,-0.0,0.299,-0.302,0.566,0.66,-0.221,0.177,0.544,0.027,0.513,0.547,0.279,-0.178,0.106,0.57,0.575,0.408,-0.014,0.313,-0.009,0.559,0.332,0.729,-0.17,-0.045,0.452,0.688,0.398,0.45,0.456,-0.445,0.503,0.662,-0.573,0.507,0.077,0.599,-0.273,-0.188,0.55,0.041,0.624,0.237,0.7,0.028,0.022,0.549,-0.164,-0.447,0.595,0.519,-0.252,0.586,0.132,0.328,0.537,0.64,-0.381,0.526,-0.195,0.175,-0.233
HST,-0.2,0.793,0.702,-0.401,-0.416,0.67,0.804,0.711,-0.116,0.594,-0.578,-0.517,0.763,0.168,0.84,0.794,0.811,0.163,0.399,0.79,0.547,0.711,0.462,0.714,0.605,0.422,0.734,0.782,-0.599,-0.6,0.834,0.308,0.333,0.73,0.638,1.0,0.785,-0.173,-0.012,0.401,-0.072,0.726,0.723,-0.129,0.087,0.558,0.188,0.753,0.788,0.588,0.17,-0.089,0.843,0.769,0.264,0.391,0.489,0.278,0.65,0.465,0.879,-0.412,0.023,0.75,0.82,0.829,0.554,0.58,-0.358,0.757,0.824,-0.603,0.765,0.435,0.568,-0.186,0.108,0.607,0.228,0.819,0.616,0.842,-0.066,0.029,0.458,0.13,-0.474,0.703,0.653,-0.152,0.492,0.325,0.231,0.598,0.728,-0.46,0.776,0.074,0.299,0.109
INTC,-0.005,0.608,0.663,-0.152,-0.345,0.555,0.716,0.631,-0.101,0.49,-0.337,-0.447,0.74,-0.146,0.716,0.687,0.66,-0.003,0.577,0.532,0.372,0.575,0.596,0.629,0.334,0.451,0.631,0.546,-0.635,-0.485,0.797,0.212,0.217,0.55,0.365,0.785,1.0,-0.067,-0.001,0.451,0.23,0.69,0.629,0.127,-0.089,0.222,0.217,0.75,0.641,0.637,0.301,-0.053,0.736,0.554,0.248,0.668,0.649,0.478,0.472,0.347,0.746,-0.625,0.052,0.706,0.706,0.751,0.309,0.451,-0.265,0.714,0.726,-0.473,0.681,0.581,0.309,0.09,0.139,0.311,0.268,0.692,0.631,0.624,-0.285,0.009,0.131,0.176,-0.425,0.564,0.56,-0.099,0.311,0.456,0.13,0.442,0.604,-0.332,0.795,0.217,0.393,0.319
IOVA,0.448,-0.097,-0.053,0.385,0.359,0.015,-0.304,0.154,0.314,-0.462,0.592,0.582,-0.124,-0.369,-0.304,-0.302,-0.161,-0.143,0.178,-0.263,-0.168,0.179,-0.207,-0.377,0.109,0.422,-0.198,-0.323,0.337,0.507,-0.126,-0.575,-0.589,-0.003,-0.046,-0.173,-0.067,1.0,0.3,0.172,0.464,0.04,-0.156,0.299,-0.492,-0.51,0.279,-0.08,-0.457,0.093,-0.202,0.454,-0.203,-0.402,-0.183,0.25,-0.069,0.424,-0.554,-0.022,-0.093,0.341,0.426,-0.133,-0.191,-0.234,-0.141,-0.205,0.454,-0.08,-0.201,0.391,-0.051,0.028,-0.072,0.424,0.396,-0.53,0.299,-0.152,-0.187,-0.314,-0.099,0.269,-0.378,-0.009,0.161,-0.439,-0.285,0.534,-0.242,0.327,0.174,-0.48,-0.329,0.705,-0.2,0.144,-0.167,0.329
IQ,0.158,0.236,-0.266,0.344,0.212,0.332,-0.175,0.274,0.507,-0.193,0.113,0.294,0.1,0.055,-0.128,-0.046,0.032,0.488,0.043,0.002,0.264,0.309,-0.154,-0.19,0.14,0.482,-0.042,-0.102,0.214,0.264,-0.105,-0.148,-0.155,0.128,-0.0,-0.012,-0.001,0.3,1.0,0.006,0.291,-0.099,-0.239,0.453,-0.06,-0.033,0.601,-0.249,0.008,0.323,-0.257,0.552,0.118,-0.133,-0.019,0.058,-0.007,0.284,-0.126,0.337,0.067,0.257,0.681,-0.062,-0.04,-0.012,0.437,-0.02,0.404,-0.062,-0.127,0.378,-0.16,-0.073,0.341,0.161,0.299,-0.074,0.355,0.315,-0.071,-0.026,0.413,0.416,0.045,0.299,-0.05,-0.286,0.107,0.451,0.14,0.556,0.265,-0.182,-0.276,0.275,-0.147,0.069,-0.039,0.22
JBLU,0.584,0.216,0.377,0.205,0.038,0.307,0.242,0.309,0.013,0.139,0.053,-0.056,0.427,-0.122,0.398,0.431,0.245,-0.036,0.499,0.385,0.326,0.575,0.489,0.338,0.338,0.564,0.269,0.228,-0.228,0.154,0.349,-0.296,-0.277,0.582,0.299,0.401,0.451,0.172,0.006,1.0,0.461,0.409,0.268,0.3,-0.413,0.005,0.316,0.39,0.081,0.378,0.296,0.294,0.246,0.26,0.053,0.657,0.507,0.521,0.158,0.434,0.413,-0.261,0.199,0.407,0.347,0.349,0.023,0.503,0.01,0.686,0.242,0.106,0.527,0.654,0.137,0.358,0.429,0.108,0.227,0.352,0.644,0.22,-0.383,0.404,0.01,0.154,-0.032,0.127,0.225,0.285,0.126,0.428,0.612,0.107,0.303,-0.054,0.353,0.495,0.543,0.547
JD,0.763,-0.092,-0.018,0.582,0.449,0.116,-0.334,-0.033,0.353,-0.441,0.609,0.455,-0.03,-0.514,-0.236,-0.198,-0.225,-0.167,0.445,-0.263,-0.169,0.216,0.091,-0.157,-0.235,0.501,-0.21,-0.36,0.077,0.457,-0.035,-0.484,-0.465,-0.111,-0.302,-0.072,0.23,0.464,0.291,0.461,1.0,0.096,-0.205,0.552,-0.564,-0.54,0.298,0.124,-0.321,0.251,0.046,0.383,-0.051,-0.336,-0.204,0.612,0.234,0.65,-0.457,0.216,-0.156,-0.05,0.391,-0.037,-0.234,-0.028,-0.2,-0.012,0.587,0.07,-0.194,0.466,0.022,0.484,-0.21,0.722,0.549,-0.464,0.292,-0.067,0.185,-0.326,-0.34,0.388,-0.447,0.398,0.275,-0.411,-0.265,0.565,-0.254,0.528,0.279,-0.472,-0.308,0.485,-0.045,0.556,0.131,0.62
KDP,0.019,0.624,0.744,-0.292,-0.411,0.508,0.619,0.538,-0.198,0.516,-0.333,-0.391,0.608,-0.239,0.652,0.692,0.673,-0.011,0.461,0.628,0.355,0.653,0.406,0.727,0.5,0.279,0.565,0.591,-0.498,-0.454,0.797,0.149,0.177,0.501,0.566,0.726,0.69,0.04,-0.099,0.409,0.096,1.0,0.753,-0.225,-0.169,0.149,0.028,0.862,0.575,0.675,0.099,-0.168,0.69,0.433,-0.031,0.431,0.478,0.416,0.468,0.288,0.651,-0.507,-0.161,0.615,0.699,0.669,0.346,0.416,-0.325,0.607,0.819,-0.46,0.671,0.541,0.45,-0.076,0.027,0.206,0.16,0.611,0.437,0.657,-0.26,-0.047,0.156,0.045,-0.432,0.647,0.495,-0.111,0.268,0.235,0.211,0.432,0.709,-0.246,0.768,0.171,0.185,0.215
KHC,-0.268,0.535,0.596,-0.633,-0.697,0.451,0.757,0.599,-0.47,0.688,-0.597,-0.434,0.575,0.117,0.742,0.769,0.817,0.029,0.226,0.653,0.463,0.431,0.439,0.733,0.554,0.103,0.695,0.744,-0.491,-0.662,0.771,0.116,0.136,0.551,0.66,0.723,0.629,-0.156,-0.239,0.268,-0.205,0.753,1.0,-0.385,0.05,0.451,-0.159,0.71,0.625,0.518,0.026,-0.234,0.624,0.614,0.278,0.12,0.428,0.08,0.715,0.117,0.747,-0.555,-0.317,0.641,0.701,0.643,0.305,0.564,-0.682,0.523,0.838,-0.611,0.582,0.255,0.422,-0.318,-0.211,0.517,-0.008,0.531,0.318,0.675,-0.255,-0.224,0.513,-0.229,-0.52,0.834,0.536,-0.375,0.371,0.06,0.155,0.566,0.831,-0.455,0.715,0.005,0.293,-0.129
LRCX,0.443,-0.092,-0.232,0.758,0.633,0.066,-0.242,-0.026,0.608,-0.448,0.397,0.368,-0.005,-0.085,-0.274,-0.287,-0.268,0.18,0.249,-0.252,-0.046,0.119,-0.064,-0.326,-0.047,0.567,-0.183,-0.294,0.288,0.501,-0.301,-0.254,-0.278,0.106,-0.221,-0.129,0.127,0.299,0.453,0.3,0.552,-0.225,-0.385,1.0,-0.172,-0.306,0.73,-0.279,-0.235,0.092,-0.003,0.645,-0.143,-0.198,0.189,0.419,0.083,0.497,-0.474,0.347,-0.081,0.245,0.753,-0.186,-0.222,-0.126,-0.035,-0.008,0.571,0.152,-0.358,0.52,-0.127,0.135,-0.064,0.749,0.561,-0.304,0.377,0.081,0.203,-0.255,0.052,0.585,-0.356,0.276,0.294,-0.374,-0.146,0.627,0.048,0.748,0.319,-0.268,-0.352,0.267,-0.163,0.26,0.356,0.466
LYFT,-0.555,0.004,-0.085,-0.389,-0.273,-0.07,0.21,0.053,-0.168,0.312,-0.443,-0.302,0.105,0.508,0.123,0.088,0.171,0.231,-0.497,0.097,0.189,-0.273,-0.154,0.096,0.109,-0.374,0.21,0.33,-0.062,-0.488,-0.021,0.457,0.409,0.095,0.177,0.087,-0.089,-0.492,-0.06,-0.413,-0.564,-0.169,0.05,-0.172,1.0,0.46,-0.099,-0.147,0.255,-0.216,-0.202,-0.25,-0.009,0.267,0.326,-0.504,-0.305,-0.544,0.261,-0.092,0.175,0.06,0.005,-0.016,0.168,-0.011,0.231,0.252,-0.177,-0.014,0.066,-0.431,-0.062,-0.392,0.248,-0.446,-0.276,0.419,-0.016,0.152,-0.039,0.28,0.389,-0.248,0.403,0.113,-0.133,0.315,0.318,-0.379,0.369,-0.258,-0.141,0.499,0.193,-0.486,0.171,-0.36,-0.08,-0.54
MARA,-0.517,0.577,0.275,-0.615,-0.518,0.484,0.556,0.472,-0.205,0.587,-0.726,-0.488,0.39,0.787,0.586,0.521,0.583,0.44,-0.152,0.653,0.579,0.298,0.256,0.499,0.366,-0.071,0.663,0.692,-0.419,-0.545,0.426,0.395,0.392,0.482,0.544,0.558,0.222,-0.51,-0.033,0.005,-0.54,0.149,0.451,-0.306,0.46,1.0,-0.042,0.22,0.66,0.134,0.028,-0.156,0.499,0.844,0.432,-0.246,0.141,-0.325,0.732,0.177,0.503,-0.094,-0.129,0.486,0.51,0.474,0.58,0.369,-0.525,0.321,0.517,-0.521,0.26,-0.069,0.588,-0.57,-0.279,0.96,-0.054,0.562,0.276,0.692,0.154,-0.056,0.882,-0.136,-0.366,0.58,0.522,-0.402,0.505,-0.093,0.042,0.565,0.479,-0.469,0.295,-0.245,0.215,-0.286
MCHP,0.275,0.265,0.002,0.511,0.457,0.31,0.017,0.256,0.588,-0.141,0.137,0.149,0.188,0.017,-0.007,0.08,0.035,0.402,0.247,0.042,0.166,0.441,-0.015,-0.107,0.214,0.589,0.037,0.025,0.039,0.288,-0.044,-0.059,-0.07,0.379,0.027,0.188,0.217,0.279,0.601,0.316,0.298,0.028,-0.159,0.73,-0.099,-0.042,1.0,-0.119,0.068,0.28,-0.043,0.593,0.175,0.102,0.074,0.37,0.09,0.466,-0.213,0.589,0.243,0.225,0.861,-0.028,0.093,0.106,0.282,0.066,0.492,0.335,-0.065,0.346,0.01,0.215,0.304,0.473,0.498,-0.075,0.529,0.399,0.31,0.11,0.244,0.602,-0.165,0.327,0.089,-0.085,0.066,0.528,0.289,0.814,0.323,0.016,-0.106,0.096,0.086,0.234,0.312,0.399
MDLZ,-0.022,0.593,0.706,-0.352,-0.438,0.483,0.636,0.535,-0.328,0.543,-0.298,-0.472,0.595,-0.175,0.691,0.645,0.663,-0.13,0.457,0.602,0.28,0.568,0.475,0.778,0.393,0.173,0.598,0.618,-0.599,-0.546,0.814,0.213,0.226,0.467,0.513,0.753,0.75,-0.08,-0.249,0.39,0.124,0.862,0.71,-0.279,-0.147,0.22,-0.119,1.0,0.635,0.498,0.18,-0.293,0.704,0.51,0.05,0.503,0.571,0.359,0.491,0.199,0.652,-0.61,-0.253,0.597,0.681,0.665,0.238,0.418,-0.344,0.595,0.828,-0.615,0.678,0.59,0.276,-0.119,-0.062,0.343,0.076,0.523,0.495,0.644,-0.323,-0.158,0.219,0.04,-0.478,0.612,0.437,-0.266,0.241,0.129,0.108,0.407,0.634,-0.297,0.798,0.13,0.173,0.127
META,-0.446,0.77,0.576,-0.467,-0.468,0.619,0.789,0.495,-0.217,0.646,-0.655,-0.627,0.56,0.305,0.755,0.783,0.759,0.298,0.221,0.747,0.384,0.503,0.452,0.757,0.423,0.079,0.703,0.747,-0.623,-0.692,0.705,0.67,0.671,0.527,0.547,0.788,0.641,-0.457,0.008,0.081,-0.321,0.575,0.625,-0.235,0.255,0.66,0.068,0.635,1.0,0.467,0.198,-0.31,0.856,0.721,0.274,0.158,0.429,0.072,0.742,0.295,0.721,-0.462,-0.136,0.678,0.753,0.76,0.614,0.402,-0.453,0.526,0.776,-0.682,0.517,0.296,0.574,-0.33,-0.133,0.682,0.113,0.722,0.514,0.805,0.111,-0.133,0.53,0.008,-0.525,0.725,0.52,-0.366,0.54,0.152,-0.058,0.683,0.662,-0.6,0.678,-0.087,0.24,-0.084
MNST,0.076,0.625,0.466,-0.024,-0.221,0.517,0.456,0.554,0.112,0.318,-0.243,-0.169,0.55,-0.096,0.498,0.558,0.578,0.378,0.492,0.425,0.419,0.588,0.388,0.431,0.272,0.545,0.487,0.346,-0.348,-0.2,0.619,0.038,0.068,0.43,0.279,0.588,0.637,0.093,0.323,0.378,0.251,0.675,0.518,0.092,-0.216,0.134,0.28,0.498,0.467,1.0,0.16,0.168,0.611,0.324,-0.062,0.452,0.505,0.56,0.388,0.365,0.532,-0.296,0.141,0.616,0.491,0.715,0.538,0.338,-0.199,0.486,0.578,-0.046,0.473,0.427,0.438,0.098,0.298,0.177,0.311,0.676,0.353,0.471,0.058,0.223,0.161,0.053,-0.388,0.358,0.431,0.262,0.288,0.519,0.12,0.155,0.413,-0.102,0.483,0.165,0.281,0.385
MRNA,0.032,0.039,0.339,0.031,-0.031,0.049,0.271,0.006,-0.246,0.094,-0.116,-0.329,0.163,0.07,0.264,0.181,0.066,-0.097,0.432,0.18,-0.2,0.076,0.579,0.186,-0.207,0.095,0.129,0.044,-0.429,0.037,0.171,0.385,0.417,-0.003,-0.178,0.17,0.301,-0.202,-0.257,0.296,0.046,0.099,0.026,-0.003,-0.202,0.028,-0.043,0.18,0.198,0.16,1.0,-0.388,0.223,0.284,-0.12,0.381,0.387,0.111,0.212,-0.155,0.063,-0.377,-0.191,0.423,0.223,0.372,-0.13,0.099,-0.159,0.281,0.122,-0.036,0.374,0.405,-0.009,0.104,0.252,0.084,0.039,0.114,0.534,0.165,-0.369,-0.032,-0.067,-0.092,0.092,0.128,0.014,-0.069,-0.09,-0.084,-0.214,0.197,0.205,-0.236,0.242,0.232,0.335,0.568
MRVL,0.338,0.066,-0.273,0.517,0.441,0.085,-0.287,0.155,0.601,-0.198,0.304,0.507,0.077,-0.057,-0.278,-0.186,-0.108,0.201,0.069,-0.138,0.342,0.243,-0.143,-0.351,0.221,0.606,-0.123,-0.209,0.386,0.468,-0.172,-0.535,-0.526,0.261,0.106,-0.089,-0.053,0.454,0.552,0.294,0.383,-0.168,-0.234,0.645,-0.25,-0.156,0.593,-0.293,-0.31,0.168,-0.388,1.0,-0.118,-0.194,0.124,0.178,0.122,0.387,-0.334,0.496,-0.005,0.497,0.683,-0.211,-0.232,-0.194,0.128,-0.075,0.4,0.062,-0.266,0.467,-0.171,-0.114,0.052,0.459,0.284,-0.192,0.189,0.14,-0.165,-0.158,0.232,0.535,-0.131,0.101,0.074,-0.391,-0.047,0.535,0.174,0.643,0.414,-0.338,-0.346,0.369,-0.272,-0.011,0.049,0.187
MSFT,-0.184,0.826,0.68,-0.355,-0.339,0.709,0.702,0.631,-0.057,0.55,-0.544,-0.446,0.576,0.092,0.715,0.739,0.761,0.188,0.375,0.732,0.434,0.669,0.436,0.709,0.455,0.314,0.678,0.675,-0.59,-0.56,0.797,0.479,0.497,0.541,0.57,0.843,0.736,-0.203,0.118,0.246,-0.051,0.69,0.624,-0.143,-0.009,0.499,0.175,0.704,0.856,0.611,0.223,-0.118,1.0,0.68,0.228,0.325,0.504,0.261,0.666,0.481,0.755,-0.451,-0.02,0.668,0.755,0.789,0.571,0.364,-0.304,0.565,0.827,-0.524,0.541,0.454,0.621,-0.142,-0.025,0.546,0.198,0.763,0.487,0.778,0.004,0.014,0.392,0.137,-0.373,0.635,0.536,-0.154,0.56,0.33,0.073,0.524,0.619,-0.351,0.657,0.09,0.234,0.173
MSTR,-0.357,0.652,0.551,-0.554,-0.485,0.538,0.733,0.652,-0.258,0.672,-0.705,-0.566,0.606,0.569,0.75,0.659,0.716,0.25,0.158,0.744,0.553,0.46,0.486,0.68,0.387,0.115,0.809,0.784,-0.647,-0.614,0.639,0.408,0.422,0.624,0.575,0.769,0.554,-0.402,-0.133,0.26,-0.336,0.433,0.614,-0.198,0.267,0.844,0.102,0.51,0.721,0.324,0.284,-0.194,0.68,1.0,0.434,0.109,0.411,-0.1,0.756,0.276,0.675,-0.342,-0.064,0.645,0.725,0.693,0.46,0.503,-0.509,0.579,0.722,-0.586,0.529,0.289,0.554,-0.4,-0.103,0.871,0.077,0.692,0.526,0.837,-0.095,-0.031,0.685,-0.062,-0.377,0.706,0.606,-0.371,0.572,0.071,0.111,0.632,0.645,-0.534,0.61,-0.038,0.44,-0.018
MU,-0.273,0.049,-0.02,-0.221,-0.107,-0.014,0.325,0.302,-0.175,0.185,-0.316,-0.01,0.1,0.449,0.274,0.155,0.28,0.049,-0.168,0.333,0.204,-0.078,0.059,0.209,0.307,0.049,0.507,0.273,-0.229,-0.391,0.187,0.117,0.094,0.452,0.408,0.264,0.248,-0.183,-0.019,0.053,-0.204,-0.031,0.278,0.189,0.326,0.432,0.074,0.05,0.274,-0.062,-0.12,0.124,0.228,0.434,1.0,-0.098,0.056,-0.199,0.354,0.098,0.363,-0.129,0.123,0.218,0.239,0.124,0.143,0.367,-0.313,0.201,0.225,-0.268,0.058,-0.136,0.161,0.007,-0.093,0.467,-0.025,0.237,0.054,0.231,-0.057,0.175,0.384,-0.21,0.001,0.274,0.224,-0.093,0.566,0.233,0.045,0.356,0.336,-0.29,0.168,-0.137,0.506,-0.291
MVIS,0.471,0.26,0.434,0.407,0.182,0.305,0.189,0.293,0.166,-0.029,0.306,-0.113,0.419,-0.415,0.289,0.267,0.099,-0.167,0.717,0.206,0.016,0.504,0.481,0.28,0.062,0.538,0.162,0.03,-0.341,0.136,0.375,-0.152,-0.133,0.367,-0.014,0.391,0.668,0.25,0.058,0.657,0.612,0.431,0.12,0.419,-0.504,-0.246,0.37,0.503,0.158,0.452,0.381,0.178,0.325,0.109,-0.098,1.0,0.626,0.815,-0.092,0.329,0.326,-0.294,0.23,0.312,0.264,0.379,-0.016,0.208,0.183,0.611,0.261,0.051,0.447,0.701,-0.028,0.522,0.453,-0.152,0.245,0.343,0.629,0.13,-0.391,0.354,-0.334,0.245,-0.038,-0.049,0.096,0.253,-0.053,0.551,0.182,-0.061,0.049,0.069,0.399,0.427,0.392,0.665
NFLX,0.077,0.442,0.477,-0.024,-0.221,0.39,0.465,0.455,-0.129,0.454,-0.163,-0.309,0.587,-0.066,0.464,0.484,0.45,-0.085,0.733,0.41,0.319,0.48,0.77,0.453,0.16,0.445,0.473,0.368,-0.418,-0.212,0.529,0.036,0.088,0.501,0.313,0.489,0.649,-0.069,-0.007,0.507,0.234,0.478,0.428,0.083,-0.305,0.141,0.09,0.571,0.429,0.505,0.387,0.122,0.504,0.411,0.056,0.626,1.0,0.483,0.328,0.259,0.446,-0.436,-0.04,0.523,0.475,0.589,0.194,0.323,-0.326,0.485,0.47,-0.263,0.532,0.553,0.198,0.052,0.106,0.233,0.072,0.468,0.509,0.469,-0.271,0.08,0.057,-0.09,-0.363,0.297,0.362,-0.094,0.285,0.295,0.13,0.141,0.303,-0.246,0.567,0.108,0.394,0.346
NNDM,0.459,0.298,0.243,0.495,0.299,0.355,0.065,0.247,0.356,-0.167,0.381,0.119,0.27,-0.422,0.093,0.111,0.084,0.122,0.615,0.086,0.07,0.533,0.239,0.057,0.125,0.593,0.063,-0.057,-0.048,0.303,0.221,-0.314,-0.291,0.307,-0.009,0.278,0.478,0.424,0.284,0.521,0.65,0.416,0.08,0.497,-0.544,-0.325,0.466,0.359,0.072,0.56,0.111,0.387,0.261,-0.1,-0.199,0.815,0.483,1.0,-0.227,0.377,0.245,-0.034,0.358,0.169,0.107,0.285,0.131,0.074,0.295,0.396,0.143,0.254,0.269,0.475,0.088,0.575,0.471,-0.274,0.359,0.321,0.339,0.011,-0.158,0.512,-0.323,0.178,-0.057,-0.122,0.028,0.491,-0.011,0.715,0.21,-0.279,-0.068,0.289,0.214,0.284,0.213,0.609
NVAX,-0.421,0.531,0.48,-0.694,-0.709,0.407,0.718,0.459,-0.499,0.773,-0.834,-0.63,0.498,0.419,0.759,0.771,0.692,0.217,0.037,0.758,0.547,0.332,0.503,0.742,0.404,-0.07,0.687,0.703,-0.619,-0.737,0.632,0.475,0.502,0.479,0.559,0.65,0.472,-0.554,-0.126,0.158,-0.457,0.468,0.715,-0.474,0.261,0.732,-0.213,0.491,0.742,0.388,0.212,-0.334,0.666,0.756,0.354,-0.092,0.328,-0.227,1.0,0.144,0.625,-0.526,-0.405,0.631,0.687,0.626,0.394,0.488,-0.732,0.441,0.716,-0.565,0.452,0.177,0.47,-0.551,-0.335,0.792,-0.098,0.568,0.318,0.707,-0.014,-0.244,0.688,-0.151,-0.46,0.791,0.624,-0.497,0.497,-0.147,0.052,0.684,0.773,-0.593,0.553,-0.049,0.315,-0.215
NVDA,0.301,0.556,0.239,0.238,0.215,0.457,0.22,0.305,0.545,0.168,-0.162,-0.098,0.39,-0.134,0.256,0.373,0.278,0.227,0.233,0.369,0.497,0.594,0.025,0.272,0.371,0.503,0.215,0.234,-0.034,0.003,0.329,0.015,0.04,0.497,0.332,0.465,0.347,-0.022,0.337,0.434,0.216,0.288,0.117,0.347,-0.092,0.177,0.589,0.199,0.295,0.365,-0.155,0.496,0.481,0.276,0.098,0.329,0.259,0.377,0.144,1.0,0.441,0.06,0.429,0.156,0.278,0.342,0.362,0.248,0.193,0.417,0.255,0.024,0.287,0.399,0.337,0.225,0.265,0.158,0.376,0.516,0.275,0.352,0.286,0.524,-0.009,0.463,0.004,0.128,0.426,0.244,0.473,0.605,0.505,0.118,0.138,-0.047,0.234,0.321,0.258,0.252
NWL,-0.209,0.682,0.594,-0.36,-0.424,0.54,0.834,0.777,-0.171,0.613,-0.567,-0.427,0.71,0.189,0.805,0.794,0.848,0.187,0.279,0.766,0.558,0.648,0.39,0.66,0.71,0.417,0.718,0.802,-0.51,-0.555,0.776,0.245,0.233,0.816,0.729,0.879,0.746,-0.093,0.067,0.413,-0.156,0.651,0.747,-0.081,0.175,0.503,0.243,0.652,0.721,0.532,0.063,-0.005,0.755,0.675,0.363,0.326,0.446,0.245,0.625,0.441,1.0,-0.401,0.103,0.665,0.832,0.681,0.527,0.633,-0.413,0.728,0.794,-0.581,0.689,0.336,0.574,-0.175,0.054,0.563,0.21,0.768,0.522,0.776,0.004,0.081,0.463,0.007,-0.549,0.69,0.67,-0.141,0.532,0.39,0.25,0.642,0.723,-0.476,0.766,-0.025,0.314,0.008
OCGN,0.049,-0.185,-0.541,0.374,0.543,-0.198,-0.496,-0.257,0.567,-0.466,0.365,0.514,-0.355,0.193,-0.566,-0.562,-0.454,0.239,-0.339,-0.365,-0.053,-0.162,-0.559,-0.608,-0.049,0.024,-0.494,-0.365,0.648,0.551,-0.576,-0.283,-0.298,-0.218,-0.17,-0.412,-0.625,0.341,0.257,-0.261,-0.05,-0.507,-0.555,0.245,0.06,-0.094,0.225,-0.61,-0.462,-0.296,-0.377,0.497,-0.451,-0.342,-0.129,-0.294,-0.436,-0.034,-0.526,0.06,-0.401,1.0,0.362,-0.535,-0.535,-0.543,-0.037,-0.391,0.469,-0.338,-0.544,0.459,-0.427,-0.46,-0.022,0.177,0.159,-0.223,0.068,-0.248,-0.442,-0.41,0.442,0.306,-0.09,-0.033,0.327,-0.574,-0.356,0.354,-0.071,0.079,0.029,-0.445,-0.62,0.426,-0.644,-0.293,-0.354,-0.117
ON,0.291,0.102,-0.197,0.514,0.493,0.173,-0.197,0.233,0.581,-0.311,0.308,0.36,0.103,0.048,-0.201,-0.185,-0.064,0.345,0.091,-0.129,0.124,0.25,-0.182,-0.307,0.123,0.615,-0.03,-0.132,0.195,0.342,-0.17,-0.236,-0.26,0.269,-0.045,0.023,0.052,0.426,0.681,0.199,0.391,-0.161,-0.317,0.753,0.005,-0.129,0.861,-0.253,-0.136,0.141,-0.191,0.683,-0.02,-0.064,0.123,0.23,-0.04,0.358,-0.405,0.429,0.103,0.362,1.0,-0.111,-0.067,-0.072,0.239,0.049,0.617,0.103,-0.249,0.385,-0.102,0.03,0.202,0.441,0.521,-0.147,0.446,0.205,0.104,-0.052,0.286,0.546,-0.138,0.313,0.132,-0.324,-0.048,0.572,0.191,0.74,0.31,-0.131,-0.31,0.26,-0.046,0.104,0.16,0.304
