,AAL,AAPL,AGNC,AMAT,AMD,AMZN,APA,ARDX,AVGO,AZN,BIDU,BILI,BKR,CAN,CHRD,CMCSA,CPRT,CRWD,CSCO,CSX,DKNG,EBAY,ERIC,EXC,FITB,FLEX,FTNT,GEN,GERN,GEVO,GILD,GOOG,GOOGL,GT,HBAN,HST,INTC,IOVA,IQ,JBLU,JD,KDP,KHC,LRCX,LYFT,MARA,MCHP,MDLZ,META,MNST,MRNA,MRVL,MSFT,MSTR,MU,MVIS,NFLX,NNDM,NVAX,NVDA,NWL,OCGN,ON,OPK,PAA,PACB,PANW,PARA,PDD,PENN,PEP,PLUG,PTEN,PTON,PYPL,QCOM,QVCGA,RIOT,ROKU,RUN,SABR,SBUX,SMCI,SNDL,STNE,TCOM,TLRY,TMUS,TSCO,TSLA,TTD,TXN,UAL,VOD,VTRS,VXRT,WBA,WBD,WDC,ZM
AAL,1.0,0.549,0.425,0.56,0.775,0.683,0.685,0.261,0.423,-0.142,0.713,0.445,0.734,0.479,0.405,0.542,-0.096,-0.107,-0.323,0.656,-0.317,0.664,0.653,-0.226,0.57,0.493,-0.01,0.357,0.414,0.714,0.534,0.69,0.689,0.136,0.398,0.588,0.786,0.383,0.024,0.706,0.797,-0.145,0.024,0.794,0.499,-0.115,0.832,-0.233,0.555,0.253,0.609,0.311,0.703,0.158,0.529,0.524,0.642,-0.405,0.297,0.012,0.314,0.744,0.679,0.715,-0.401,0.716,-0.399,0.159,0.707,0.609,-0.296,0.418,0.737,0.659,0.625,0.719,0.194,0.16,-0.271,0.542,0.554,0.625,-0.339,0.412,0.555,0.43,0.565,0.01,0.181,0.083,-0.155,0.814,0.138,-0.368,0.332,0.458,0.129,-0.295,0.542,0.491
AAPL,0.549,1.0,0.42,0.328,0.6,0.708,0.428,0.451,0.52,0.1,0.488,0.535,0.545,0.375,0.502,0.51,-0.249,-0.015,0.048,0.313,-0.201,0.376,0.693,0.185,0.425,0.579,0.233,0.435,0.161,0.606,0.497,0.554,0.566,0.24,0.246,0.413,0.539,0.178,0.19,0.737,0.513,0.134,0.25,0.558,0.277,0.094,0.717,0.148,0.561,0.628,0.464,0.236,0.723,0.297,0.513,0.401,0.442,-0.134,0.377,-0.148,0.103,0.388,0.563,0.284,-0.197,0.647,-0.464,0.338,0.46,0.483,0.091,0.471,0.516,0.622,0.536,0.502,0.284,0.291,-0.024,0.301,0.414,0.625,-0.399,0.422,0.61,0.451,0.487,0.28,0.318,0.124,0.135,0.576,-0.133,-0.077,0.293,0.461,0.434,-0.314,0.547,0.459
AGNC,0.425,0.42,1.0,-0.1,0.335,0.748,0.423,-0.188,-0.145,0.386,0.214,0.571,0.332,0.632,-0.186,0.725,-0.616,-0.665,-0.266,0.401,-0.385,0.569,0.573,0.044,0.624,0.804,-0.078,0.761,0.415,0.662,0.732,0.622,0.616,-0.093,0.388,0.578,0.618,0.468,0.013,0.558,0.699,0.441,0.451,0.57,0.685,0.159,0.647,0.087,0.173,0.38,0.618,0.334,0.666,0.452,0.644,0.814,0.736,-0.659,0.767,-0.419,0.463,0.604,0.664,0.529,-0.534,0.609,-0.703,0.324,0.131,0.751,0.204,0.724,0.36,0.625,0.716,0.664,0.75,0.047,-0.229,0.168,0.574,0.541,-0.558,0.86,0.727,-0.098,0.772,0.303,0.435,0.343,-0.212,0.591,-0.572,-0.389,0.611,0.682,0.586,-0.281,0.669,0.735
AMAT,0.56,0.328,-0.1,1.0,0.468,0.158,0.38,0.421,0.684,-0.456,0.544,0.197,0.545,0.167,0.55,0.188,0.35,0.292,-0.104,0.366,-0.099,0.157,0.27,-0.085,0.262,0.048,-0.076,-0.042,0.261,0.286,-0.078,0.378,0.367,0.332,0.306,0.349,0.303,0.311,0.088,0.371,0.287,-0.362,-0.265,0.474,0.152,-0.044,0.428,-0.324,0.629,0.102,0.086,0.228,0.228,-0.017,0.106,0.171,0.032,0.151,-0.073,0.243,0.179,0.448,0.207,0.453,0.099,0.371,-0.072,0.026,0.696,0.168,-0.477,0.121,0.567,0.312,0.218,0.269,-0.196,0.253,-0.025,0.43,0.216,0.123,0.157,0.081,0.175,0.539,0.091,-0.239,-0.147,-0.014,0.048,0.476,0.503,-0.208,-0.019,0.044,-0.127,0.016,0.055,0.236
AMD,0.775,0.6,0.335,0.468,1.0,0.67,0.702,0.349,0.448,-0.202,0.643,0.49,0.615,0.429,0.508,0.426,-0.208,0.048,-0.473,0.59,-0.529,0.515,0.52,-0.277,0.633,0.468,-0.045,0.375,0.312,0.656,0.422,0.584,0.598,-0.008,0.381,0.626,0.627,0.451,0.176,0.673,0.57,-0.121,-0.056,0.729,0.451,-0.19,0.716,-0.255,0.573,0.3,0.509,0.439,0.694,0.09,0.676,0.453,0.591,-0.384,0.31,0.185,0.271,0.659,0.664,0.544,-0.393,0.541,-0.4,0.055,0.522,0.509,-0.266,0.499,0.616,0.67,0.597,0.668,0.268,0.049,-0.416,0.318,0.572,0.451,-0.363,0.387,0.556,0.465,0.425,-0.052,0.085,0.043,-0.257,0.646,0.195,-0.407,0.395,0.462,0.158,-0.356,0.577,0.494
AMZN,0.683,0.708,0.748,0.158,0.67,1.0,0.567,0.011,0.119,0.18,0.6,0.642,0.559,0.646,0.078,0.718,-0.53,-0.445,-0.291,0.474,-0.416,0.65,0.714,-0.063,0.721,0.765,0.04,0.761,0.355,0.813,0.791,0.682,0.701,0.003,0.455,0.653,0.766,0.446,0.08,0.729,0.729,0.215,0.364,0.783,0.542,0.124,0.807,0.092,0.405,0.434,0.676,0.446,0.872,0.426,0.728,0.742,0.754,-0.586,0.656,-0.31,0.33,0.659,0.793,0.568,-0.514,0.771,-0.659,0.326,0.355,0.703,0.032,0.766,0.506,0.787,0.698,0.799,0.637,0.186,-0.256,0.287,0.619,0.695,-0.623,0.721,0.737,0.148,0.81,0.257,0.387,0.291,-0.173,0.725,-0.387,-0.387,0.578,0.671,0.492,-0.39,0.738,0.782
APA,0.685,0.428,0.423,0.38,0.702,0.567,1.0,0.145,0.22,-0.077,0.511,0.331,0.775,0.378,0.487,0.354,-0.309,-0.251,-0.579,0.584,-0.618,0.55,0.432,-0.346,0.552,0.592,-0.176,0.385,0.426,0.668,0.501,0.589,0.581,-0.176,0.299,0.67,0.599,0.403,0.179,0.489,0.612,-0.101,0.093,0.716,0.508,-0.344,0.627,-0.304,0.44,0.157,0.537,0.392,0.639,-0.078,0.525,0.47,0.617,-0.534,0.328,0.031,0.362,0.667,0.575,0.63,-0.473,0.548,-0.452,-0.05,0.476,0.529,-0.194,0.339,0.687,0.537,0.777,0.571,0.269,-0.191,-0.546,0.195,0.682,0.549,-0.356,0.409,0.483,0.243,0.433,-0.159,0.115,-0.052,-0.418,0.672,-0.021,-0.548,0.441,0.315,0.162,-0.408,0.634,0.424
ARDX,0.261,0.451,-0.188,0.421,0.349,0.011,0.145,1.0,0.872,-0.378,0.262,0.289,0.331,-0.17,0.719,-0.159,0.314,0.451,-0.081,0.055,-0.012,-0.173,0.2,-0.075,-0.016,-0.134,0.032,-0.222,0.222,-0.028,-0.127,0.251,0.243,0.131,-0.102,0.016,0.036,0.046,0.292,0.113,0.064,-0.277,-0.369,0.193,0.039,-0.397,0.215,-0.116,0.711,0.178,-0.082,-0.174,0.127,-0.336,-0.113,-0.162,-0.151,0.164,-0.172,0.247,-0.249,0.08,-0.028,0.031,0.081,0.052,0.046,-0.159,0.359,-0.013,-0.222,-0.171,0.403,0.343,0.203,-0.038,-0.351,0.077,-0.129,0.218,0.081,0.034,-0.01,-0.162,0.185,0.557,-0.231,-0.269,-0.347,-0.386,-0.082,0.176,0.505,-0.242,-0.271,-0.018,-0.182,-0.131,-0.168,-0.153
AVGO,0.423,0.52,-0.145,0.684,0.448,0.119,0.22,0.872,1.0,-0.404,0.513,0.354,0.455,-0.1,0.734,-0.017,0.394,0.462,-0.047,0.228,-0.069,-0.03,0.328,-0.023,0.123,-0.031,0.064,-0.179,0.188,0.152,-0.173,0.327,0.319,0.325,0.092,0.066,0.235,0.086,0.278,0.319,0.201,-0.333,-0.401,0.329,0.075,-0.3,0.395,-0.163,0.756,0.206,-0.026,0.014,0.206,-0.2,0.022,-0.053,-0.073,0.21,-0.151,0.26,-0.047,0.221,0.102,0.186,0.158,0.198,0.035,-0.122,0.625,0.135,-0.277,-0.003,0.528,0.409,0.224,0.101,-0.306,0.159,-0.083,0.365,0.056,0.151,0.061,-0.057,0.211,0.673,-0.068,-0.259,-0.267,-0.237,0.031,0.374,0.529,-0.154,-0.248,0.054,-0.118,-0.093,-0.078,0.009
AZN,-0.142,0.1,0.386,-0.456,-0.202,0.18,-0.077,-0.378,-0.404,1.0,-0.325,0.061,-0.027,-0.047,-0.393,0.331,-0.315,-0.445,0.171,-0.202,-0.073,0.131,0.2,0.41,0.057,0.455,0.469,0.341,-0.315,0.181,0.455,-0.1,-0.101,-0.007,-0.115,0.077,0.105,-0.342,-0.047,0.026,0.037,0.502,0.571,-0.058,-0.183,0.125,0.078,0.46,-0.39,0.307,0.298,0.006,0.292,0.231,0.171,0.121,0.293,-0.262,0.217,-0.345,-0.061,-0.135,0.287,-0.187,0.076,0.069,-0.203,0.14,-0.228,0.008,0.823,0.166,-0.237,-0.169,0.06,0.024,0.294,-0.231,-0.039,-0.312,-0.052,0.405,-0.0,0.219,0.122,-0.209,0.188,0.609,0.581,0.42,0.029,-0.062,-0.577,0.255,0.161,0.134,0.495,-0.221,0.281,0.045
BIDU,0.713,0.488,0.214,0.544,0.643,0.6,0.511,0.262,0.513,-0.325,1.0,0.516,0.525,0.348,0.321,0.349,0.042,0.044,-0.259,0.546,-0.27,0.476,0.506,-0.261,0.401,0.35,-0.076,0.187,0.386,0.514,0.273,0.604,0.613,0.248,0.273,0.411,0.642,0.391,0.239,0.591,0.552,-0.298,-0.171,0.585,0.431,-0.092,0.625,-0.163,0.602,0.163,0.347,0.227,0.536,0.079,0.321,0.389,0.39,-0.125,0.165,0.03,0.205,0.529,0.444,0.574,-0.247,0.498,-0.204,0.157,0.631,0.532,-0.343,0.316,0.632,0.64,0.485,0.483,0.071,0.254,-0.17,0.574,0.376,0.458,-0.342,0.261,0.336,0.493,0.462,-0.179,-0.027,-0.017,-0.038,0.669,0.155,-0.249,0.149,0.352,0.061,-0.205,0.336,0.412
BILI,0.445,0.535,0.571,0.197,0.49,0.642,0.331,0.289,0.354,0.061,0.516,1.0,0.324,0.362,0.095,0.571,-0.265,-0.289,-0.161,0.379,-0.304,0.508,0.641,0.101,0.547,0.518,-0.04,0.567,0.277,0.541,0.465,0.53,0.534,-0.018,0.273,0.386,0.659,0.4,0.238,0.481,0.616,0.296,0.163,0.572,0.418,-0.025,0.54,0.187,0.38,0.526,0.613,0.326,0.565,0.268,0.526,0.606,0.534,-0.37,0.612,-0.309,0.309,0.571,0.614,0.495,-0.323,0.578,-0.505,0.351,0.395,0.651,0.039,0.633,0.343,0.607,0.514,0.589,0.535,0.102,-0.113,0.343,0.412,0.561,-0.557,0.595,0.711,0.386,0.46,0.215,0.19,0.024,-0.13,0.602,-0.271,-0.314,0.414,0.733,0.494,-0.277,0.524,0.513
BKR,0.734,0.545,0.332,0.545,0.615,0.559,0.775,0.331,0.455,-0.027,0.525,0.324,1.0,0.285,0.578,0.337,-0.11,-0.121,-0.324,0.438,-0.409,0.356,0.51,-0.231,0.433,0.53,0.069,0.322,0.352,0.707,0.459,0.617,0.612,0.065,0.278,0.558,0.588,0.232,0.191,0.505,0.586,-0.199,0.042,0.681,0.309,-0.298,0.684,-0.224,0.533,0.256,0.39,0.248,0.675,-0.045,0.363,0.388,0.412,-0.349,0.17,-0.024,0.143,0.533,0.546,0.545,-0.182,0.646,-0.391,-0.092,0.657,0.347,-0.074,0.308,0.777,0.567,0.699,0.467,0.115,-0.035,-0.394,0.205,0.556,0.574,-0.156,0.367,0.474,0.406,0.382,-0.143,0.104,0.058,-0.249,0.683,0.055,-0.507,0.181,0.309,0.046,-0.461,0.415,0.323
CAN,0.479,0.375,0.632,0.167,0.429,0.646,0.378,-0.17,-0.1,-0.047,0.348,0.362,0.285,1.0,-0.125,0.619,-0.493,-0.408,-0.09,0.493,-0.153,0.548,0.473,-0.162,0.487,0.524,-0.343,0.572,0.495,0.578,0.526,0.639,0.639,-0.009,0.426,0.637,0.473,0.705,-0.249,0.578,0.595,0.151,0.281,0.647,0.735,0.464,0.602,-0.134,0.234,0.085,0.434,0.452,0.438,0.715,0.616,0.731,0.565,-0.346,0.531,-0.335,0.561,0.574,0.459,0.527,-0.565,0.71,-0.593,0.539,0.117,0.687,-0.264,0.622,0.483,0.653,0.574,0.624,0.531,0.497,0.121,0.346,0.601,0.259,-0.547,0.766,0.573,-0.115,0.808,0.08,0.11,0.392,0.011,0.568,-0.315,-0.366,0.69,0.615,0.342,-0.138,0.525,0.644
CHRD,0.405,0.502,-0.186,0.55,0.508,0.078,0.487,0.719,0.734,-0.393,0.321,0.095,0.578,-0.125,1.0,-0.166,0.288,0.492,-0.246,0.24,-0.232,-0.024,0.133,-0.154,0.099,0.048,0.009,-0.19,0.067,0.199,-0.13,0.253,0.244,0.121,0.075,0.124,0.177,0.048,0.264,0.32,0.143,-0.347,-0.323,0.273,-0.016,-0.441,0.281,-0.297,0.601,0.171,0.021,0.074,0.21,-0.355,0.063,-0.091,-0.035,0.078,-0.186,0.36,-0.078,0.178,0.12,0.151,0.053,0.152,0.031,-0.252,0.527,0.054,-0.268,-0.121,0.565,0.22,0.269,0.13,-0.275,-0.059,-0.293,0.18,0.171,0.162,0.102,-0.137,0.181,0.566,-0.145,-0.3,-0.215,-0.372,-0.142,0.282,0.479,-0.194,-0.091,-0.076,-0.185,-0.128,0.09,-0.067
CMCSA,0.542,0.51,0.725,0.188,0.426,0.718,0.354,-0.159,-0.017,0.331,0.349,0.571,0.337,0.619,-0.166,1.0,-0.533,-0.517,0.037,0.517,-0.322,0.692,0.68,0.279,0.662,0.732,0.018,0.754,0.286,0.681,0.752,0.594,0.592,0.073,0.476,0.645,0.718,0.423,-0.096,0.627,0.686,0.486,0.563,0.604,0.429,0.331,0.655,0.166,0.202,0.502,0.714,0.396,0.667,0.593,0.62,0.773,0.695,-0.455,0.687,-0.444,0.445,0.654,0.667,0.573,-0.428,0.702,-0.665,0.566,0.296,0.634,0.141,0.668,0.331,0.507,0.526,0.734,0.578,0.183,0.042,0.286,0.524,0.605,-0.455,0.766,0.653,0.111,0.746,0.484,0.477,0.31,0.018,0.607,-0.404,-0.137,0.656,0.665,0.686,-0.191,0.681,0.732
CPRT,-0.096,-0.249,-0.616,0.35,-0.208,-0.53,-0.309,0.314,0.394,-0.315,0.042,-0.265,-0.11,-0.493,0.288,-0.533,1.0,0.742,0.165,-0.218,0.405,-0.435,-0.292,0.024,-0.431,-0.612,0.178,-0.683,-0.253,-0.464,-0.644,-0.378,-0.392,0.332,-0.205,-0.438,-0.338,-0.314,0.253,-0.286,-0.358,-0.404,-0.48,-0.347,-0.42,-0.11,-0.286,-0.064,0.124,-0.195,-0.494,-0.336,-0.492,-0.39,-0.562,-0.514,-0.58,0.579,-0.614,0.556,-0.32,-0.351,-0.434,-0.251,0.592,-0.413,0.747,-0.242,0.16,-0.397,-0.112,-0.588,-0.081,-0.349,-0.481,-0.416,-0.673,0.103,0.186,0.158,-0.517,-0.323,0.571,-0.607,-0.489,0.28,-0.552,-0.248,-0.263,-0.161,0.2,-0.25,0.648,0.289,-0.62,-0.591,-0.447,0.453,-0.6,-0.452
CRWD,-0.107,-0.015,-0.665,0.292,0.048,-0.445,-0.251,0.451,0.462,-0.445,0.044,-0.289,-0.121,-0.408,0.492,-0.517,0.742,1.0,0.173,-0.162,0.317,-0.497,-0.3,-0.003,-0.35,-0.538,0.291,-0.625,-0.288,-0.386,-0.653,-0.264,-0.266,0.42,-0.138,-0.464,-0.415,-0.201,0.144,-0.075,-0.467,-0.423,-0.576,-0.349,-0.335,-0.078,-0.267,-0.211,0.217,-0.196,-0.55,-0.226,-0.39,-0.305,-0.428,-0.516,-0.576,0.658,-0.651,0.658,-0.275,-0.407,-0.434,-0.411,0.578,-0.399,0.667,-0.184,0.022,-0.361,-0.211,-0.533,-0.023,-0.244,-0.411,-0.337,-0.686,0.213,0.212,0.155,-0.474,-0.407,0.513,-0.597,-0.472,0.408,-0.514,-0.31,-0.406,-0.196,0.291,-0.283,0.779,0.353,-0.525,-0.509,-0.341,0.382,-0.496,-0.418
CSCO,-0.323,0.048,-0.266,-0.104,-0.473,-0.291,-0.579,-0.081,-0.047,0.171,-0.259,-0.161,-0.324,-0.09,-0.246,0.037,0.165,0.173,1.0,-0.372,0.708,-0.258,-0.003,0.591,-0.467,-0.215,0.332,-0.256,-0.401,-0.256,-0.257,-0.258,-0.255,0.471,-0.255,-0.451,-0.287,-0.387,-0.226,-0.19,-0.257,0.235,0.229,-0.433,-0.364,0.595,-0.193,0.469,-0.317,0.122,-0.213,-0.332,-0.332,0.366,-0.299,-0.288,-0.354,0.622,-0.265,-0.07,-0.109,-0.481,-0.293,-0.448,0.45,-0.038,0.28,0.489,-0.159,-0.268,0.311,-0.219,-0.357,-0.319,-0.432,-0.399,-0.309,0.493,0.902,0.113,-0.463,-0.067,0.312,-0.201,-0.328,-0.115,-0.063,0.364,0.156,0.187,0.724,-0.251,-0.044,0.615,-0.334,-0.101,0.096,0.409,-0.353,-0.292
CSX,0.656,0.313,0.401,0.366,0.59,0.474,0.584,0.055,0.228,-0.202,0.546,0.379,0.438,0.493,0.24,0.517,-0.218,-0.162,-0.372,1.0,-0.477,0.651,0.536,-0.281,0.651,0.415,-0.312,0.387,0.425,0.588,0.377,0.488,0.478,-0.057,0.659,0.582,0.657,0.53,0.019,0.63,0.636,-0.045,0.101,0.654,0.493,-0.113,0.566,-0.248,0.34,0.113,0.452,0.47,0.465,0.209,0.561,0.554,0.554,-0.414,0.408,-0.114,0.552,0.671,0.426,0.723,-0.57,0.516,-0.425,0.145,0.5,0.592,-0.301,0.393,0.578,0.495,0.515,0.724,0.342,-0.066,-0.311,0.254,0.594,0.339,-0.4,0.454,0.462,0.228,0.486,-0.065,0.107,0.04,-0.26,0.606,-0.023,-0.268,0.608,0.408,0.299,-0.17,0.538,0.482
DKNG,-0.317,-0.201,-0.385,-0.099,-0.529,-0.416,-0.618,-0.012,-0.069,-0.073,-0.27,-0.304,-0.409,-0.153,-0.232,-0.322,0.405,0.317,0.708,-0.477,1.0,-0.351,-0.281,0.387,-0.563,-0.49,0.186,-0.382,-0.235,-0.425,-0.391,-0.318,-0.324,0.406,-0.295,-0.581,-0.469,-0.295,-0.218,-0.341,-0.405,0.018,0.007,-0.459,-0.254,0.483,-0.32,0.417,-0.207,-0.15,-0.354,-0.489,-0.526,0.147,-0.476,-0.347,-0.47,0.571,-0.384,0.094,-0.175,-0.499,-0.479,-0.536,0.447,-0.219,0.431,0.313,-0.324,-0.294,0.078,-0.407,-0.331,-0.311,-0.494,-0.492,-0.441,0.539,0.752,0.196,-0.574,-0.246,0.284,-0.356,-0.443,-0.192,-0.225,0.162,-0.019,0.092,0.536,-0.366,0.158,0.449,-0.523,-0.274,-0.144,0.443,-0.525,-0.37
EBAY,0.664,0.376,0.569,0.157,0.515,0.65,0.55,-0.173,-0.03,0.131,0.476,0.508,0.356,0.548,-0.024,0.692,-0.435,-0.497,-0.258,0.651,-0.351,1.0,0.605,-0.015,0.681,0.569,-0.196,0.619,0.292,0.661,0.639,0.491,0.49,-0.218,0.479,0.56,0.816,0.36,-0.029,0.594,0.763,0.24,0.35,0.669,0.463,0.078,0.606,-0.005,0.112,0.351,0.886,0.413,0.553,0.38,0.731,0.677,0.884,-0.586,0.651,-0.427,0.449,0.767,0.746,0.671,-0.666,0.615,-0.571,0.33,0.371,0.724,-0.125,0.633,0.373,0.465,0.518,0.732,0.589,0.003,-0.192,0.39,0.587,0.699,-0.603,0.592,0.654,0.141,0.631,0.398,0.471,0.153,-0.15,0.613,-0.405,-0.166,0.675,0.642,0.441,-0.314,0.817,0.598
ERIC,0.653,0.693,0.573,0.27,0.52,0.714,0.432,0.2,0.328,0.2,0.506,0.641,0.51,0.473,0.133,0.68,-0.292,-0.3,-0.003,0.536,-0.281,0.605,1.0,0.126,0.566,0.643,0.13,0.564,0.185,0.637,0.582,0.531,0.547,0.141,0.38,0.525,0.73,0.259,0.068,0.623,0.736,0.223,0.333,0.661,0.389,0.157,0.772,0.068,0.349,0.525,0.627,0.331,0.689,0.448,0.596,0.557,0.599,-0.226,0.519,-0.303,0.308,0.575,0.675,0.536,-0.346,0.79,-0.507,0.435,0.541,0.584,0.051,0.63,0.448,0.631,0.537,0.628,0.424,0.215,-0.043,0.329,0.629,0.639,-0.485,0.596,0.67,0.297,0.684,0.425,0.384,0.271,0.163,0.705,-0.3,-0.162,0.443,0.623,0.491,-0.327,0.593,0.555
EXC,-0.226,0.185,0.044,-0.085,-0.277,-0.063,-0.346,-0.075,-0.023,0.41,-0.261,0.101,-0.231,-0.162,-0.154,0.279,0.024,-0.003,0.591,-0.281,0.387,-0.015,0.126,1.0,-0.091,0.116,0.369,0.187,-0.417,-0.084,0.022,-0.196,-0.206,0.341,-0.003,-0.18,-0.003,-0.365,-0.05,-0.012,-0.175,0.676,0.558,-0.249,-0.316,0.483,-0.078,0.608,-0.205,0.499,0.144,-0.161,-0.092,0.31,-0.018,0.002,-0.11,0.267,0.158,-0.129,-0.009,-0.209,0.02,-0.332,0.373,0.02,0.057,0.467,-0.175,-0.086,0.495,0.072,-0.335,-0.288,-0.278,-0.143,0.018,0.204,0.457,-0.025,-0.296,0.233,0.145,0.134,0.002,-0.093,0.008,0.666,0.46,0.188,0.501,-0.184,-0.229,0.557,-0.098,0.097,0.482,0.27,0.034,0.112
FITB,0.57,0.425,0.624,0.262,0.633,0.721,0.552,-0.016,0.123,0.057,0.401,0.547,0.433,0.487,0.099,0.662,-0.431,-0.35,-0.467,0.651,-0.563,0.681,0.566,-0.091,1.0,0.579,-0.142,0.748,0.339,0.704,0.608,0.486,0.491,-0.228,0.77,0.636,0.709,0.512,0.064,0.635,0.663,0.207,0.239,0.723,0.476,-0.086,0.623,-0.045,0.354,0.309,0.613,0.537,0.62,0.235,0.741,0.716,0.7,-0.672,0.656,-0.269,0.427,0.79,0.687,0.625,-0.556,0.547,-0.629,0.082,0.344,0.646,-0.11,0.726,0.397,0.609,0.56,0.849,0.633,-0.124,-0.436,0.126,0.621,0.473,-0.503,0.656,0.674,0.212,0.563,0.224,0.26,0.165,-0.411,0.61,-0.229,-0.429,0.694,0.539,0.548,-0.348,0.737,0.747
FLEX,0.493,0.579,0.804,0.048,0.468,0.765,0.592,-0.134,-0.031,0.455,0.35,0.518,0.53,0.524,0.048,0.732,-0.612,-0.538,-0.215,0.415,-0.49,0.569,0.643,0.116,0.579,1.0,0.125,0.714,0.196,0.759,0.742,0.665,0.667,0.082,0.339,0.597,0.673,0.332,0.051,0.649,0.625,0.344,0.486,0.598,0.485,0.099,0.662,0.067,0.223,0.459,0.641,0.39,0.795,0.416,0.629,0.717,0.702,-0.502,0.63,-0.374,0.425,0.541,0.716,0.455,-0.354,0.688,-0.66,0.323,0.265,0.622,0.316,0.677,0.52,0.511,0.718,0.611,0.617,0.023,-0.264,0.16,0.609,0.667,-0.419,0.755,0.673,0.08,0.753,0.329,0.448,0.298,-0.081,0.656,-0.48,-0.265,0.576,0.613,0.613,-0.399,0.752,0.613
FTNT,-0.01,0.233,-0.078,-0.076,-0.045,0.04,-0.176,0.032,0.064,0.469,-0.076,-0.04,0.069,-0.343,0.009,0.018,0.178,0.291,0.332,-0.312,0.186,-0.196,0.13,0.369,-0.142,0.125,1.0,-0.042,-0.472,-0.007,0.01,-0.179,-0.17,0.413,-0.187,-0.261,-0.068,-0.51,0.053,0.039,-0.191,0.128,0.094,-0.191,-0.374,0.131,-0.004,0.242,-0.115,0.251,-0.047,-0.145,0.23,0.009,-0.147,-0.21,-0.088,0.238,-0.197,0.182,-0.252,-0.346,0.077,-0.396,0.54,-0.064,0.291,0.029,-0.047,-0.247,0.532,-0.073,-0.123,-0.208,-0.211,-0.167,-0.197,0.118,0.173,-0.035,-0.348,0.234,0.35,-0.199,-0.149,0.179,-0.095,0.327,0.266,0.259,0.364,-0.12,0.047,0.43,-0.353,-0.153,0.195,0.002,-0.062,-0.097
GEN,0.357,0.435,0.761,-0.042,0.375,0.761,0.385,-0.222,-0.179,0.341,0.187,0.567,0.322,0.572,-0.19,0.754,-0.683,-0.625,-0.256,0.387,-0.382,0.619,0.564,0.187,0.748,0.714,-0.042,1.0,0.307,0.663,0.777,0.459,0.464,-0.261,0.535,0.609,0.626,0.401,-0.075,0.511,0.549,0.572,0.581,0.617,0.428,0.181,0.51,0.184,0.139,0.435,0.662,0.469,0.645,0.469,0.701,0.796,0.661,-0.654,0.806,-0.554,0.399,0.617,0.648,0.418,-0.524,0.619,-0.755,0.343,0.071,0.607,0.163,0.776,0.208,0.513,0.518,0.733,0.79,0.005,-0.234,-0.038,0.588,0.528,-0.651,0.843,0.73,-0.042,0.682,0.468,0.417,0.25,-0.203,0.459,-0.608,-0.33,0.737,0.684,0.724,-0.426,0.794,0.803
GERN,0.414,0.161,0.415,0.261,0.312,0.355,0.426,0.222,0.188,-0.315,0.386,0.277,0.352,0.495,0.067,0.286,-0.253,-0.288,-0.401,0.425,-0.235,0.292,0.185,-0.417,0.339,0.196,-0.472,0.307,1.0,0.287,0.385,0.644,0.63,-0.187,0.189,0.501,0.289,0.616,0.059,0.283,0.436,-0.169,-0.087,0.467,0.668,-0.194,0.373,-0.249,0.567,-0.135,0.141,0.027,0.335,-0.046,0.203,0.433,0.295,-0.399,0.258,-0.164,0.197,0.586,0.151,0.527,-0.502,0.313,-0.432,0.019,0.218,0.46,-0.386,0.187,0.491,0.647,0.634,0.343,0.146,0.097,-0.263,0.274,0.505,0.061,-0.486,0.419,0.307,0.112,0.337,-0.366,-0.26,-0.127,-0.404,0.453,0.034,-0.617,0.259,0.345,0.047,-0.251,0.214,0.362
GEVO,0.714,0.606,0.662,0.286,0.656,0.813,0.668,-0.028,0.152,0.181,0.514,0.541,0.707,0.578,0.199,0.681,-0.464,-0.386,-0.256,0.588,-0.425,0.661,0.637,-0.084,0.704,0.759,-0.007,0.663,0.287,1.0,0.7,0.655,0.658,0.044,0.552,0.594,0.776,0.453,0.043,0.744,0.754,0.085,0.307,0.77,0.509,0.008,0.825,0.016,0.342,0.381,0.647,0.497,0.763,0.392,0.73,0.748,0.713,-0.548,0.569,-0.291,0.511,0.692,0.738,0.615,-0.399,0.82,-0.676,0.209,0.487,0.719,0.034,0.693,0.615,0.676,0.745,0.779,0.584,0.049,-0.271,0.247,0.56,0.688,-0.473,0.707,0.682,0.275,0.739,0.135,0.431,0.309,-0.19,0.803,-0.262,-0.349,0.549,0.636,0.476,-0.445,0.742,0.584
GILD,0.534,0.497,0.732,-0.078,0.422,0.791,0.501,-0.127,-0.173,0.455,0.273,0.465,0.459,0.526,-0.13,0.752,-0.644,-0.653,-0.257,0.377,-0.391,0.639,0.582,0.022,0.608,0.742,0.01,0.777,0.385,0.7,1.0,0.581,0.588,-0.178,0.295,0.655,0.63,0.32,-0.02,0.515,0.636,0.343,0.584,0.609,0.433,0.019,0.626,0.214,0.22,0.397,0.716,0.243,0.79,0.315,0.553,0.673,0.732,-0.708,0.627,-0.503,0.185,0.578,0.685,0.515,-0.55,0.649,-0.757,0.272,0.141,0.544,0.231,0.544,0.345,0.559,0.687,0.672,0.581,-0.059,-0.324,0.083,0.628,0.672,-0.62,0.651,0.624,0.036,0.646,0.379,0.464,0.207,-0.302,0.551,-0.5,-0.338,0.612,0.599,0.559,-0.508,0.704,0.576
GOOG,0.69,0.554,0.622,0.378,0.584,0.682,0.589,0.251,0.327,-0.1,0.604,0.53,0.617,0.639,0.253,0.594,-0.378,-0.264,-0.258,0.488,-0.318,0.491,0.531,-0.196,0.486,0.665,-0.179,0.459,0.644,0.655,0.581,1.0,0.997,0.203,0.284,0.529,0.598,0.617,0.045,0.684,0.66,-0.078,0.032,0.684,0.722,-0.01,0.707,-0.237,0.645,0.227,0.46,0.219,0.689,0.289,0.427,0.677,0.564,-0.376,0.421,-0.205,0.328,0.682,0.535,0.606,-0.358,0.706,-0.608,0.287,0.39,0.667,-0.191,0.476,0.792,0.785,0.821,0.591,0.314,0.309,-0.177,0.547,0.571,0.437,-0.43,0.621,0.603,0.292,0.67,-0.133,-0.008,0.036,-0.148,0.819,-0.025,-0.509,0.363,0.633,0.241,-0.301,0.475,0.531
GOOGL,0.689,0.566,0.616,0.367,0.598,0.701,0.581,0.243,0.319,-0.101,0.613,0.534,0.612,0.639,0.244,0.592,-0.392,-0.266,-0.255,0.478,-0.324,0.49,0.547,-0.206,0.491,0.667,-0.17,0.464,0.63,0.658,0.588,0.997,1.0,0.206,0.278,0.524,0.595,0.607,0.044,0.687,0.657,-0.088,0.029,0.682,0.709,-0.002,0.71,-0.232,0.637,0.232,0.462,0.225,0.703,0.296,0.438,0.67,0.569,-0.366,0.42,-0.202,0.314,0.68,0.551,0.605,-0.355,0.715,-0.614,0.293,0.393,0.656,-0.192,0.496,0.776,0.795,0.812,0.594,0.324,0.317,-0.176,0.546,0.578,0.432,-0.436,0.617,0.6,0.294,0.681,-0.119,-0.005,0.04,-0.133,0.822,-0.033,-0.504,0.362,0.647,0.238,-0.307,0.481,0.532
GT,0.136,0.24,-0.093,0.332,-0.008,0.003,-0.176,0.131,0.325,-0.007,0.248,-0.018,0.065,-0.009,0.121,0.073,0.332,0.42,0.471,-0.057,0.406,-0.218,0.141,0.341,-0.228,0.082,0.413,-0.261,-0.187,0.044,-0.178,0.203,0.206,1.0,-0.018,-0.254,-0.079,-0.071,-0.095,0.29,-0.112,-0.131,-0.098,-0.091,-0.006,0.368,0.178,0.086,0.212,0.069,-0.221,-0.132,0.056,0.255,-0.23,-0.052,-0.225,0.539,-0.285,0.336,0.126,-0.196,-0.114,-0.164,0.622,0.142,0.234,0.314,0.165,-0.033,0.13,-0.131,0.234,0.031,-0.079,-0.12,-0.354,0.555,0.46,0.409,-0.336,0.002,0.433,-0.076,-0.228,0.238,0.151,0.0,0.018,0.257,0.56,0.18,0.381,0.398,-0.409,-0.053,0.066,0.349,-0.257,-0.057
HBAN,0.398,0.246,0.388,0.306,0.381,0.455,0.299,-0.102,0.092,-0.115,0.273,0.273,0.278,0.426,0.075,0.476,-0.205,-0.138,-0.255,0.659,-0.295,0.479,0.38,-0.003,0.77,0.339,-0.187,0.535,0.189,0.552,0.295,0.284,0.278,-0.018,1.0,0.388,0.501,0.422,-0.052,0.541,0.397,0.089,0.214,0.562,0.318,0.146,0.426,-0.077,0.226,0.122,0.309,0.581,0.317,0.365,0.57,0.587,0.389,-0.374,0.503,-0.116,0.512,0.519,0.37,0.478,-0.334,0.407,-0.355,0.079,0.217,0.456,-0.199,0.557,0.333,0.353,0.259,0.65,0.495,0.059,-0.208,0.118,0.408,0.208,-0.253,0.539,0.431,0.054,0.467,0.07,0.224,0.273,-0.181,0.404,-0.097,-0.142,0.525,0.274,0.398,0.007,0.471,0.619
HST,0.588,0.413,0.578,0.349,0.626,0.653,0.67,0.016,0.066,0.077,0.411,0.386,0.558,0.637,0.124,0.645,-0.438,-0.464,-0.451,0.582,-0.581,0.56,0.525,-0.18,0.636,0.597,-0.261,0.609,0.501,0.594,0.655,0.529,0.524,-0.254,0.388,1.0,0.614,0.559,0.075,0.481,0.63,0.193,0.39,0.714,0.518,-0.021,0.615,-0.115,0.376,0.291,0.532,0.401,0.659,0.224,0.608,0.623,0.584,-0.559,0.53,-0.259,0.314,0.701,0.578,0.682,-0.619,0.607,-0.601,0.243,0.37,0.486,-0.126,0.526,0.522,0.577,0.67,0.633,0.463,-0.062,-0.407,0.047,0.814,0.435,-0.508,0.647,0.619,0.06,0.538,0.115,0.184,0.176,-0.366,0.555,-0.269,-0.56,0.674,0.473,0.308,-0.409,0.593,0.634
INTC,0.786,0.539,0.618,0.303,0.627,0.766,0.599,0.036,0.235,0.105,0.642,0.659,0.588,0.473,0.177,0.718,-0.338,-0.415,-0.287,0.657,-0.469,0.816,0.73,-0.003,0.709,0.673,-0.068,0.626,0.289,0.776,0.63,0.598,0.595,-0.079,0.501,0.614,1.0,0.366,0.11,0.683,0.874,0.221,0.282,0.735,0.42,-0.049,0.74,-0.01,0.329,0.505,0.775,0.413,0.69,0.293,0.704,0.71,0.737,-0.571,0.641,-0.357,0.345,0.782,0.766,0.716,-0.542,0.714,-0.525,0.248,0.617,0.722,-0.034,0.665,0.558,0.579,0.593,0.778,0.553,-0.002,-0.283,0.39,0.587,0.788,-0.578,0.639,0.751,0.28,0.659,0.259,0.383,0.106,-0.184,0.781,-0.323,-0.322,0.559,0.671,0.417,-0.408,0.756,0.644
IOVA,0.383,0.178,0.468,0.311,0.451,0.446,0.403,0.046,0.086,-0.342,0.391,0.4,0.232,0.705,0.048,0.423,-0.314,-0.201,-0.387,0.53,-0.295,0.36,0.259,-0.365,0.512,0.332,-0.51,0.401,0.616,0.453,0.32,0.617,0.607,-0.071,0.422,0.559,0.366,1.0,-0.016,0.448,0.472,-0.057,-0.059,0.522,0.732,0.084,0.42,-0.305,0.486,-0.004,0.238,0.348,0.287,0.307,0.37,0.715,0.345,-0.372,0.48,-0.22,0.489,0.665,0.224,0.567,-0.51,0.455,-0.523,0.208,0.156,0.612,-0.453,0.433,0.518,0.62,0.575,0.566,0.419,0.22,-0.15,0.348,0.539,0.016,-0.503,0.585,0.503,0.136,0.492,-0.232,-0.158,0.05,-0.312,0.547,0.019,-0.591,0.565,0.464,0.21,-0.201,0.344,0.537
IQ,0.024,0.19,0.013,0.088,0.176,0.08,0.179,0.292,0.278,-0.047,0.239,0.238,0.191,-0.249,0.264,-0.096,0.253,0.144,-0.226,0.019,-0.218,-0.029,0.068,-0.05,0.064,0.051,0.053,-0.075,0.059,0.043,-0.02,0.045,0.044,-0.095,-0.052,0.075,0.11,-0.016,1.0,-0.025,0.044,-0.082,-0.032,0.011,-0.057,-0.317,0.039,0.095,0.228,0.385,0.023,-0.187,0.136,-0.396,-0.01,0.001,-0.01,-0.056,0.17,0.175,-0.243,0.06,0.069,0.086,0.078,-0.064,0.153,-0.211,0.135,-0.054,0.221,0.011,0.08,0.112,0.15,-0.078,0.058,-0.277,-0.306,-0.009,0.078,0.178,-0.046,-0.082,0.125,0.171,-0.201,-0.106,0.166,-0.08,-0.187,0.123,0.079,-0.195,-0.179,-0.064,-0.102,-0.036,-0.013,0.013
JBLU,0.706,0.737,0.558,0.371,0.673,0.729,0.489,0.113,0.319,0.026,0.591,0.481,0.505,0.578,0.32,0.627,-0.286,-0.075,-0.19,0.63,-0.341,0.594,0.623,-0.012,0.635,0.649,0.039,0.511,0.283,0.744,0.515,0.684,0.687,0.29,0.541,0.481,0.683,0.448,-0.025,1.0,0.64,0.026,0.1,0.639,0.505,0.1,0.743,-0.129,0.469,0.421,0.508,0.423,0.702,0.416,0.638,0.657,0.605,-0.318,0.458,-0.145,0.434,0.61,0.61,0.53,-0.308,0.664,-0.543,0.282,0.504,0.706,-0.102,0.575,0.659,0.621,0.571,0.747,0.446,0.247,-0.154,0.416,0.45,0.542,-0.394,0.578,0.61,0.437,0.653,0.145,0.272,0.238,-0.02,0.704,-0.078,-0.094,0.513,0.582,0.477,-0.277,0.688,0.604
JD,0.797,0.513,0.699,0.287,0.57,0.729,0.612,0.064,0.201,0.037,0.552,0.616,0.586,0.595,0.143,0.686,-0.358,-0.467,-0.257,0.636,-0.405,0.763,0.736,-0.175,0.663,0.625,-0.191,0.549,0.436,0.754,0.636,0.66,0.657,-0.112,0.397,0.63,0.874,0.472,0.044,0.64,1.0,0.122,0.215,0.776,0.611,-0.039,0.829,-0.093,0.355,0.374,0.72,0.384,0.649,0.32,0.665,0.703,0.762,-0.574,0.597,-0.368,0.399,0.831,0.714,0.776,-0.629,0.789,-0.601,0.263,0.648,0.785,-0.146,0.624,0.592,0.711,0.708,0.797,0.542,0.054,-0.216,0.42,0.652,0.662,-0.596,0.645,0.785,0.257,0.7,0.187,0.309,0.113,-0.201,0.862,-0.285,-0.473,0.562,0.647,0.303,-0.388,0.678,0.584
KDP,-0.145,0.134,0.441,-0.362,-0.121,0.215,-0.101,-0.277,-0.333,0.502,-0.298,0.296,-0.199,0.151,-0.347,0.486,-0.404,-0.423,0.235,-0.045,0.018,0.24,0.223,0.676,0.207,0.344,0.128,0.572,-0.169,0.085,0.343,-0.078,-0.088,-0.131,0.089,0.193,0.221,-0.057,-0.082,0.026,0.122,1.0,0.713,0.007,-0.005,0.372,0.022,0.501,-0.316,0.482,0.414,0.082,0.114,0.365,0.301,0.34,0.24,-0.269,0.53,-0.357,0.194,0.073,0.213,-0.089,-0.17,0.135,-0.233,0.457,-0.268,0.173,0.514,0.328,-0.323,-0.069,0.018,0.206,0.432,-0.029,0.194,-0.184,0.052,0.355,-0.256,0.455,0.335,-0.313,0.253,0.711,0.433,0.153,0.114,-0.065,-0.585,0.098,0.377,0.346,0.638,0.004,0.355,0.416
KHC,0.024,0.25,0.451,-0.265,-0.056,0.364,0.093,-0.369,-0.401,0.571,-0.171,0.163,0.042,0.281,-0.323,0.563,-0.48,-0.576,0.229,0.101,0.007,0.35,0.333,0.558,0.239,0.486,0.094,0.581,-0.087,0.307,0.584,0.032,0.029,-0.098,0.214,0.39,0.282,-0.059,-0.032,0.1,0.215,0.713,1.0,0.189,0.008,0.42,0.208,0.642,-0.241,0.419,0.45,0.156,0.338,0.441,0.377,0.34,0.341,-0.311,0.522,-0.433,0.206,0.134,0.283,0.045,-0.231,0.393,-0.349,0.498,-0.165,0.13,0.528,0.365,-0.129,0.016,0.165,0.248,0.465,-0.005,0.098,-0.207,0.272,0.45,-0.334,0.467,0.313,-0.401,0.401,0.652,0.664,0.319,0.067,0.102,-0.654,0.104,0.427,0.288,0.584,-0.035,0.395,0.386
LRCX,0.794,0.558,0.57,0.474,0.729,0.783,0.716,0.193,0.329,-0.058,0.585,0.572,0.681,0.647,0.273,0.604,-0.347,-0.349,-0.433,0.654,-0.459,0.669,0.661,-0.249,0.723,0.598,-0.191,0.617,0.467,0.77,0.609,0.684,0.682,-0.091,0.562,0.714,0.735,0.522,0.011,0.639,0.776,0.007,0.189,1.0,0.599,-0.03,0.841,-0.174,0.526,0.226,0.638,0.658,0.73,0.354,0.732,0.663,0.728,-0.572,0.542,-0.18,0.492,0.784,0.699,0.703,-0.546,0.785,-0.597,0.171,0.523,0.678,-0.264,0.652,0.688,0.767,0.708,0.819,0.499,0.127,-0.342,0.318,0.681,0.559,-0.512,0.645,0.76,0.235,0.682,0.019,0.183,0.203,-0.279,0.796,-0.121,-0.547,0.566,0.518,0.265,-0.362,0.649,0.665
LYFT,0.499,0.277,0.685,0.152,0.451,0.542,0.508,0.039,0.075,-0.183,0.431,0.418,0.309,0.735,-0.016,0.429,-0.42,-0.335,-0.364,0.493,-0.254,0.463,0.389,-0.316,0.476,0.485,-0.374,0.428,0.668,0.509,0.433,0.722,0.709,-0.006,0.318,0.518,0.42,0.732,-0.057,0.505,0.611,-0.005,0.008,0.599,1.0,0.072,0.625,-0.272,0.437,-0.005,0.346,0.283,0.429,0.327,0.456,0.653,0.558,-0.43,0.462,-0.19,0.563,0.606,0.378,0.546,-0.569,0.534,-0.563,0.25,0.144,0.773,-0.344,0.467,0.57,0.757,0.762,0.536,0.408,0.246,-0.172,0.365,0.589,0.218,-0.551,0.641,0.518,0.027,0.632,-0.191,-0.046,0.162,-0.205,0.622,-0.105,-0.544,0.451,0.531,0.214,-0.228,0.403,0.556
MARA,-0.115,0.094,0.159,-0.044,-0.19,0.124,-0.344,-0.397,-0.3,0.125,-0.092,-0.025,-0.298,0.464,-0.441,0.331,-0.11,-0.078,0.595,-0.113,0.483,0.078,0.157,0.483,-0.086,0.099,0.131,0.181,-0.194,0.008,0.019,-0.01,-0.002,0.368,0.146,-0.021,-0.049,0.084,-0.317,0.1,-0.039,0.372,0.42,-0.03,0.072,1.0,0.055,0.262,-0.279,0.12,0.066,0.155,-0.102,0.823,0.154,0.234,0.015,0.317,0.212,-0.111,0.294,-0.116,0.007,-0.14,0.133,0.253,0.018,0.715,-0.271,0.096,0.072,0.3,-0.193,-0.015,-0.203,0.024,0.183,0.759,0.744,0.266,-0.116,-0.007,0.008,0.32,0.043,-0.367,0.424,0.425,0.32,0.6,0.684,-0.045,-0.278,0.393,0.132,0.161,0.276,0.423,0.016,0.321
MCHP,0.832,0.717,0.647,0.428,0.716,0.807,0.627,0.215,0.395,0.078,0.625,0.54,0.684,0.602,0.281,0.655,-0.286,-0.267,-0.193,0.566,-0.32,0.606,0.772,-0.078,0.623,0.662,-0.004,0.51,0.373,0.825,0.626,0.707,0.71,0.178,0.426,0.615,0.74,0.42,0.039,0.743,0.829,0.022,0.208,0.841,0.625,0.055,1.0,-0.053,0.56,0.368,0.595,0.425,0.767,0.383,0.669,0.63,0.698,-0.407,0.452,-0.131,0.411,0.698,0.718,0.615,-0.412,0.817,-0.582,0.256,0.614,0.721,-0.09,0.602,0.665,0.825,0.752,0.742,0.385,0.227,-0.186,0.399,0.582,0.643,-0.44,0.613,0.689,0.337,0.75,0.144,0.352,0.294,-0.051,0.852,-0.081,-0.361,0.395,0.53,0.326,-0.359,0.605,0.616
MDLZ,-0.233,0.148,0.087,-0.324,-0.255,0.092,-0.304,-0.116,-0.163,0.46,-0.163,0.187,-0.224,-0.134,-0.297,0.166,-0.064,-0.211,0.469,-0.248,0.417,-0.005,0.068,0.608,-0.045,0.067,0.242,0.184,-0.249,0.016,0.214,-0.237,-0.232,0.086,-0.077,-0.115,-0.01,-0.305,0.095,-0.129,-0.093,0.501,0.642,-0.174,-0.272,0.262,-0.053,1.0,-0.204,0.348,0.118,-0.222,0.028,0.158,0.013,-0.05,-0.032,0.011,0.142,-0.256,-0.094,-0.201,0.001,-0.287,0.137,0.046,0.003,0.353,-0.222,-0.059,0.629,0.044,-0.343,-0.119,-0.15,-0.116,0.112,0.043,0.291,-0.146,-0.232,0.274,-0.141,0.045,-0.032,-0.213,0.015,0.56,0.456,0.09,0.104,-0.12,-0.376,0.296,-0.065,0.107,0.435,0.121,-0.02,-0.038
META,0.555,0.561,0.173,0.629,0.573,0.405,0.44,0.711,0.756,-0.39,0.602,0.38,0.533,0.234,0.601,0.202,0.124,0.217,-0.317,0.34,-0.207,0.112,0.349,-0.205,0.354,0.223,-0.115,0.139,0.567,0.342,0.22,0.645,0.637,0.212,0.226,0.376,0.329,0.486,0.228,0.469,0.355,-0.316,-0.241,0.526,0.437,-0.279,0.56,-0.204,1.0,0.138,0.07,0.061,0.454,-0.131,0.117,0.304,0.121,-0.105,0.093,0.104,0.035,0.502,0.182,0.36,-0.129,0.357,-0.284,-0.059,0.49,0.357,-0.338,0.118,0.701,0.68,0.54,0.353,-0.084,0.208,-0.282,0.395,0.361,0.143,-0.257,0.215,0.373,0.581,0.212,-0.309,-0.251,-0.259,-0.235,0.569,0.439,-0.459,0.032,0.167,0.046,-0.247,0.14,0.314
MNST,0.253,0.628,0.38,0.102,0.3,0.434,0.157,0.178,0.206,0.307,0.163,0.526,0.256,0.085,0.171,0.502,-0.195,-0.196,0.122,0.113,-0.15,0.351,0.525,0.499,0.309,0.459,0.251,0.435,-0.135,0.381,0.397,0.227,0.232,0.069,0.122,0.291,0.505,-0.004,0.385,0.421,0.374,0.482,0.419,0.226,-0.005,0.12,0.368,0.348,0.138,1.0,0.548,0.035,0.459,0.196,0.355,0.397,0.355,-0.163,0.595,-0.249,-0.044,0.29,0.483,0.229,-0.101,0.402,-0.36,0.356,0.276,0.27,0.398,0.432,0.128,0.215,0.216,0.294,0.437,0.026,-0.004,0.087,0.249,0.622,-0.289,0.363,0.585,0.217,0.232,0.555,0.595,0.105,0.135,0.324,-0.329,0.038,0.221,0.469,0.436,-0.248,0.489,0.388
MRNA,0.609,0.464,0.618,0.086,0.509,0.676,0.537,-0.082,-0.026,0.298,0.347,0.613,0.39,0.434,0.021,0.714,-0.494,-0.55,-0.213,0.452,-0.354,0.886,0.627,0.144,0.613,0.641,-0.047,0.662,0.141,0.647,0.716,0.46,0.462,-0.221,0.309,0.532,0.775,0.238,0.023,0.508,0.72,0.414,0.45,0.638,0.346,0.066,0.595,0.118,0.07,0.548,1.0,0.373,0.631,0.354,0.695,0.652,0.887,-0.618,0.701,-0.403,0.336,0.674,0.839,0.601,-0.579,0.625,-0.632,0.357,0.32,0.637,0.053,0.647,0.285,0.417,0.523,0.699,0.611,-0.046,-0.193,0.33,0.534,0.819,-0.532,0.584,0.736,0.15,0.573,0.534,0.571,0.149,-0.132,0.549,-0.474,-0.185,0.622,0.674,0.474,-0.352,0.811,0.588
MRVL,0.311,0.236,0.334,0.228,0.439,0.446,0.392,-0.174,0.014,0.006,0.227,0.326,0.248,0.452,0.074,0.396,-0.336,-0.226,-0.332,0.47,-0.489,0.413,0.331,-0.161,0.537,0.39,-0.145,0.469,0.027,0.497,0.243,0.219,0.225,-0.132,0.581,0.401,0.413,0.348,-0.187,0.423,0.384,0.082,0.156,0.658,0.283,0.155,0.425,-0.222,0.061,0.035,0.373,1.0,0.383,0.491,0.673,0.443,0.47,-0.354,0.446,-0.079,0.61,0.43,0.436,0.405,-0.312,0.451,-0.358,0.084,0.248,0.428,-0.221,0.601,0.274,0.295,0.243,0.626,0.562,0.045,-0.214,0.033,0.369,0.196,-0.265,0.504,0.497,0.062,0.487,0.023,0.137,0.27,-0.116,0.388,-0.209,-0.167,0.584,0.307,0.294,-0.116,0.512,0.522
MSFT,0.703,0.723,0.666,0.228,0.694,0.872,0.639,0.127,0.206,0.292,0.536,0.565,0.675,0.438,0.21,0.667,-0.492,-0.39,-0.332,0.465,-0.526,0.553,0.689,-0.092,0.62,0.795,0.23,0.645,0.335,0.763,0.79,0.689,0.703,0.056,0.317,0.659,0.69,0.287,0.136,0.702,0.649,0.114,0.338,0.73,0.429,-0.102,0.767,0.028,0.454,0.459,0.631,0.383,1.0,0.212,0.618,0.583,0.718,-0.558,0.518,-0.209,0.214,0.597,0.763,0.526,-0.374,0.696,-0.637,0.164,0.44,0.516,0.152,0.608,0.575,0.66,0.708,0.679,0.496,-0.005,-0.411,0.177,0.611,0.697,-0.457,0.565,0.654,0.296,0.623,0.196,0.378,0.194,-0.241,0.696,-0.271,-0.347,0.446,0.571,0.435,-0.492,0.676,0.607
MSTR,0.158,0.297,0.452,-0.017,0.09,0.426,-0.078,-0.336,-0.2,0.231,0.079,0.268,-0.045,0.715,-0.355,0.593,-0.39,-0.305,0.366,0.209,0.147,0.38,0.448,0.31,0.235,0.416,0.009,0.469,-0.046,0.392,0.315,0.289,0.296,0.255,0.365,0.224,0.293,0.307,-0.396,0.416,0.32,0.365,0.441,0.354,0.327,0.823,0.383,0.158,-0.131,0.196,0.354,0.491,0.212,1.0,0.505,0.533,0.367,-0.007,0.463,-0.354,0.527,0.199,0.322,0.175,-0.152,0.572,-0.356,0.701,-0.067,0.454,0.033,0.597,0.119,0.286,0.137,0.398,0.494,0.645,0.499,0.303,0.177,0.209,-0.275,0.644,0.42,-0.207,0.716,0.427,0.346,0.594,0.473,0.299,-0.428,0.181,0.479,0.51,0.467,0.108,0.353,0.49
MU,0.529,0.513,0.644,0.106,0.676,0.728,0.525,-0.113,0.022,0.171,0.321,0.526,0.363,0.616,0.063,0.62,-0.562,-0.428,-0.299,0.561,-0.476,0.731,0.596,-0.018,0.741,0.629,-0.147,0.701,0.203,0.73,0.553,0.427,0.438,-0.23,0.57,0.608,0.704,0.37,-0.01,0.638,0.665,0.301,0.377,0.732,0.456,0.154,0.669,0.013,0.117,0.355,0.695,0.673,0.618,0.505,1.0,0.641,0.789,-0.577,0.68,-0.231,0.528,0.662,0.766,0.497,-0.567,0.637,-0.578,0.25,0.284,0.662,-0.032,0.838,0.321,0.554,0.523,0.756,0.737,0.027,-0.252,0.139,0.573,0.547,-0.57,0.719,0.732,0.031,0.673,0.322,0.443,0.377,-0.167,0.575,-0.425,-0.257,0.699,0.669,0.476,-0.324,0.809,0.676
MVIS,0.524,0.401,0.814,0.171,0.453,0.742,0.47,-0.162,-0.053,0.121,0.389,0.606,0.388,0.731,-0.091,0.773,-0.514,-0.516,-0.288,0.554,-0.347,0.677,0.557,0.002,0.716,0.717,-0.21,0.796,0.433,0.748,0.673,0.677,0.67,-0.052,0.587,0.623,0.71,0.715,0.001,0.657,0.703,0.34,0.34,0.663,0.653,0.234,0.63,-0.05,0.304,0.397,0.652,0.443,0.583,0.533,0.641,1.0,0.689,-0.6,0.823,-0.415,0.559,0.763,0.597,0.643,-0.524,0.676,-0.718,0.37,0.233,0.773,-0.032,0.737,0.494,0.637,0.65,0.777,0.749,0.194,-0.154,0.34,0.589,0.493,-0.579,0.883,0.78,0.081,0.793,0.236,0.353,0.275,-0.194,0.676,-0.39,-0.422,0.713,0.705,0.58,-0.296,0.736,0.814
NFLX,0.642,0.442,0.736,0.032,0.591,0.754,0.617,-0.151,-0.073,0.293,0.39,0.534,0.412,0.565,-0.035,0.695,-0.58,-0.576,-0.354,0.554,-0.47,0.884,0.599,-0.11,0.7,0.702,-0.088,0.661,0.295,0.713,0.732,0.564,0.569,-0.225,0.389,0.584,0.737,0.345,-0.01,0.605,0.762,0.24,0.341,0.728,0.558,0.015,0.698,-0.032,0.121,0.355,0.887,0.47,0.718,0.367,0.789,0.689,1.0,-0.709,0.676,-0.318,0.453,0.725,0.838,0.617,-0.664,0.612,-0.669,0.244,0.286,0.716,0.017,0.692,0.386,0.576,0.641,0.752,0.665,-0.053,-0.31,0.281,0.603,0.709,-0.543,0.63,0.711,0.074,0.693,0.362,0.515,0.273,-0.252,0.622,-0.437,-0.289,0.658,0.634,0.439,-0.369,0.843,0.632
NNDM,-0.405,-0.134,-0.659,0.151,-0.384,-0.586,-0.534,0.164,0.21,-0.262,-0.125,-0.37,-0.349,-0.346,0.078,-0.455,0.579,0.658,0.622,-0.414,0.571,-0.586,-0.226,0.267,-0.672,-0.502,0.238,-0.654,-0.399,-0.548,-0.708,-0.376,-0.366,0.539,-0.374,-0.559,-0.571,-0.372,-0.056,-0.318,-0.574,-0.269,-0.311,-0.572,-0.43,0.317,-0.407,0.011,-0.105,-0.163,-0.618,-0.354,-0.558,-0.007,-0.577,-0.6,-0.709,1.0,-0.644,0.37,-0.256,-0.614,-0.57,-0.527,0.694,-0.32,0.623,0.187,-0.072,-0.496,-0.065,-0.486,-0.273,-0.419,-0.577,-0.659,-0.659,0.442,0.633,0.098,-0.493,-0.489,0.545,-0.528,-0.607,0.115,-0.382,-0.096,-0.269,-0.035,0.753,-0.405,0.432,0.59,-0.61,-0.449,-0.302,0.492,-0.626,-0.533
NVAX,0.297,0.377,0.767,-0.073,0.31,0.656,0.328,-0.172,-0.151,0.217,0.165,0.612,0.17,0.531,-0.186,0.687,-0.614,-0.651,-0.265,0.408,-0.384,0.651,0.519,0.158,0.656,0.63,-0.197,0.806,0.258,0.569,0.627,0.421,0.42,-0.285,0.503,0.53,0.641,0.48,0.17,0.458,0.597,0.53,0.522,0.542,0.462,0.212,0.452,0.142,0.093,0.595,0.701,0.446,0.518,0.463,0.68,0.823,0.676,-0.644,1.0,-0.504,0.434,0.638,0.57,0.508,-0.574,0.541,-0.676,0.332,0.075,0.614,0.107,0.786,0.204,0.459,0.459,0.645,0.909,-0.001,-0.202,0.094,0.544,0.503,-0.666,0.795,0.822,-0.12,0.614,0.395,0.526,0.238,-0.201,0.478,-0.612,-0.328,0.692,0.68,0.579,-0.297,0.732,0.757
NVDA,0.012,-0.148,-0.419,0.243,0.185,-0.31,0.031,0.247,0.26,-0.345,0.03,-0.309,-0.024,-0.335,0.36,-0.444,0.556,0.658,-0.07,-0.114,0.094,-0.427,-0.303,-0.129,-0.269,-0.374,0.182,-0.554,-0.164,-0.291,-0.503,-0.205,-0.202,0.336,-0.116,-0.259,-0.357,-0.22,0.175,-0.145,-0.368,-0.357,-0.433,-0.18,-0.19,-0.111,-0.131,-0.256,0.104,-0.249,-0.403,-0.079,-0.209,-0.354,-0.231,-0.415,-0.318,0.37,-0.504,1.0,-0.056,-0.269,-0.251,-0.218,0.466,-0.38,0.618,-0.268,0.023,-0.364,-0.125,-0.413,-0.029,-0.175,-0.269,-0.283,-0.533,0.073,-0.015,0.101,-0.347,-0.313,0.602,-0.462,-0.46,0.108,-0.327,-0.383,-0.225,-0.022,0.076,-0.187,0.717,0.141,-0.517,-0.509,-0.393,0.491,-0.383,-0.245
NWL,0.314,0.103,0.463,0.179,0.271,0.33,0.362,-0.249,-0.047,-0.061,0.205,0.309,0.143,0.561,-0.078,0.445,-0.32,-0.275,-0.109,0.552,-0.175,0.449,0.308,-0.009,0.427,0.425,-0.252,0.399,0.197,0.511,0.185,0.328,0.314,0.126,0.512,0.314,0.345,0.489,-0.243,0.434,0.399,0.194,0.206,0.492,0.563,0.294,0.411,-0.094,0.035,-0.044,0.336,0.61,0.214,0.527,0.528,0.559,0.453,-0.256,0.434,-0.056,1.0,0.454,0.272,0.386,-0.274,0.469,-0.362,0.327,0.172,0.59,-0.175,0.489,0.316,0.329,0.363,0.513,0.46,0.178,0.064,0.232,0.282,0.18,-0.223,0.595,0.349,-0.063,0.583,0.011,0.155,0.324,-0.004,0.44,-0.136,-0.123,0.514,0.398,0.441,0.088,0.432,0.469
OCGN,0.744,0.388,0.604,0.448,0.659,0.659,0.667,0.08,0.221,-0.135,0.529,0.571,0.533,0.574,0.178,0.654,-0.351,-0.407,-0.481,0.671,-0.499,0.767,0.575,-0.209,0.79,0.541,-0.346,0.617,0.586,0.692,0.578,0.682,0.68,-0.196,0.519,0.701,0.782,0.665,0.06,0.61,0.831,0.073,0.134,0.784,0.606,-0.116,0.698,-0.201,0.502,0.29,0.674,0.43,0.597,0.199,0.662,0.763,0.725,-0.614,0.638,-0.269,0.454,1.0,0.646,0.792,-0.609,0.673,-0.641,0.158,0.571,0.714,-0.305,0.647,0.58,0.689,0.666,0.802,0.548,-0.004,-0.371,0.398,0.678,0.468,-0.566,0.662,0.74,0.307,0.599,0.103,0.188,0.003,-0.375,0.812,-0.111,-0.577,0.618,0.619,0.332,-0.371,0.712,0.673
ON,0.679,0.563,0.664,0.207,0.664,0.793,0.575,-0.028,0.102,0.287,0.444,0.614,0.546,0.459,0.12,0.667,-0.434,-0.434,-0.293,0.426,-0.479,0.746,0.675,0.02,0.687,0.716,0.077,0.648,0.151,0.738,0.685,0.535,0.551,-0.114,0.37,0.578,0.766,0.224,0.069,0.61,0.714,0.213,0.283,0.699,0.378,0.007,0.718,0.001,0.182,0.483,0.839,0.436,0.763,0.322,0.766,0.597,0.838,-0.57,0.57,-0.251,0.272,0.646,1.0,0.641,-0.466,0.673,-0.616,0.216,0.418,0.645,0.032,0.758,0.379,0.535,0.586,0.723,0.58,-0.03,-0.312,0.274,0.589,0.753,-0.396,0.614,0.689,0.194,0.609,0.389,0.477,0.282,-0.146,0.629,-0.375,-0.25,0.547,0.683,0.393,-0.357,0.765,0.63
