,AAL,AAPL,AGNC,AMAT,AMD,AMZN,APA,ARDX,AVGO,AZN,BIDU,BILI,BKR,CAN,CHRD,CMCSA,CPRT,CRWD,CSCO,CSX,DKNG,EBAY,ERIC,EXC,FITB,FLEX,FTNT,GEN,GERN,GEVO,GILD,GOOG,GOOGL,GT,HBAN,HST,INTC,IOVA,IQ,JBLU,JD,KDP,KHC,LRCX,LYFT,MARA,MCHP,MDLZ,META,MNST,MRNA,MRVL,MSFT,MSTR,MU,MVIS,NFLX,NNDM,NVAX,NVDA,NWL,OCGN,ON,OPK,PAA,PACB,PANW,PARA,PDD,PENN,PEP,PLUG,PTEN,PTON,PYPL,QCOM,QVCGA,RIOT,ROKU,RUN,SABR,SBUX,SMCI,SNDL,STNE,TCOM,TLRY,TMUS,TSCO,TSLA,TTD,TXN,UAL,VOD,VTRS,VXRT,WBA,WBD,WDC,ZM
AAL,1.0,0.702,-0.529,0.682,0.537,0.451,-0.639,-0.544,0.176,0.203,0.059,-0.53,-0.531,0.009,0.236,0.616,0.586,0.358,-0.155,0.649,0.71,0.604,-0.05,-0.344,-0.516,0.38,0.309,-0.54,0.562,0.363,-0.544,0.462,0.474,0.412,-0.613,0.602,0.163,0.648,-0.381,0.241,0.247,-0.458,0.55,0.526,-0.614,-0.046,-0.128,0.75,0.588,0.601,-0.287,0.604,0.676,-0.147,0.295,0.533,0.45,0.649,0.255,0.757,-0.626,-0.129,0.777,0.613,-0.104,0.672,0.277,-0.631,-0.523,-0.564,0.638,-0.459,-0.489,-0.632,-0.517,-0.591,0.688,-0.001,-0.278,-0.681,-0.268,-0.326,0.652,0.704,0.698,-0.542,0.567,-0.407,-0.204,0.475,0.472,-0.285,0.701,-0.025,0.247,0.447,-0.644,-0.173,0.231,0.103
AAPL,0.702,1.0,-0.521,0.56,0.688,0.428,-0.52,-0.478,0.252,0.017,-0.01,-0.502,-0.465,-0.186,0.233,0.572,0.627,0.223,-0.195,0.539,0.884,0.562,-0.082,-0.422,-0.373,0.457,0.437,-0.439,0.524,0.281,-0.654,0.514,0.506,0.557,-0.469,0.62,0.012,0.646,-0.485,0.139,0.304,-0.548,0.616,0.533,-0.487,-0.056,-0.202,0.674,0.572,0.838,-0.371,0.638,0.638,-0.092,0.277,0.502,0.476,0.575,0.229,0.716,-0.602,-0.318,0.616,0.802,-0.04,0.648,0.258,-0.455,-0.514,-0.475,0.668,-0.496,-0.612,-0.518,-0.515,-0.462,0.847,0.071,-0.419,-0.514,-0.389,-0.135,0.664,0.718,0.765,-0.524,0.67,-0.384,-0.439,0.39,0.528,-0.439,0.522,-0.019,0.183,0.48,-0.584,-0.071,0.186,0.006
AGNC,-0.529,-0.521,1.0,-0.519,-0.406,-0.35,0.707,0.52,0.115,-0.021,-0.031,0.594,0.689,0.226,0.265,-0.409,-0.644,-0.037,0.372,-0.413,-0.506,-0.253,0.299,0.561,0.74,-0.57,-0.067,0.593,-0.679,0.074,0.715,-0.6,-0.6,-0.646,0.794,-0.475,0.289,-0.69,0.473,0.218,-0.305,0.685,-0.397,-0.518,0.462,0.197,0.253,-0.549,-0.436,-0.691,0.59,-0.39,-0.546,0.223,-0.194,-0.623,-0.392,-0.476,-0.064,-0.531,0.776,0.468,-0.605,-0.573,0.308,-0.535,-0.013,0.618,0.486,0.535,-0.633,0.442,0.764,0.636,0.513,0.707,-0.462,0.213,0.637,0.692,0.398,0.475,-0.546,-0.546,-0.638,0.664,-0.313,0.614,0.496,-0.14,-0.349,0.645,-0.345,0.079,0.19,-0.681,0.768,0.527,-0.294,0.116
AMAT,0.682,0.56,-0.519,1.0,0.507,0.658,-0.575,-0.414,0.495,0.403,0.324,-0.422,-0.348,-0.262,0.374,0.358,0.666,0.364,0.015,0.665,0.516,0.267,-0.189,-0.581,-0.435,0.577,0.411,-0.661,0.721,0.349,-0.373,0.629,0.637,0.588,-0.555,0.424,-0.081,0.535,-0.247,-0.064,0.427,-0.346,0.29,0.878,-0.642,-0.22,-0.1,0.541,0.434,0.472,-0.41,0.584,0.5,-0.48,0.493,0.702,0.553,0.37,0.053,0.593,-0.585,-0.24,0.664,0.425,0.281,0.568,0.28,-0.645,-0.312,-0.692,0.554,-0.51,-0.372,-0.654,-0.643,-0.575,0.506,-0.208,-0.314,-0.596,-0.472,-0.305,0.556,0.45,0.617,-0.364,0.267,-0.194,-0.313,0.338,0.325,-0.17,0.501,-0.348,-0.084,0.711,-0.464,-0.349,0.469,0.196
AMD,0.537,0.688,-0.406,0.507,1.0,0.509,-0.305,-0.333,0.427,0.069,0.317,-0.415,-0.209,-0.364,0.497,0.191,0.537,0.552,-0.022,0.422,0.587,0.183,-0.4,-0.425,-0.198,0.601,0.697,-0.331,0.464,0.269,-0.488,0.63,0.632,0.633,-0.325,0.546,-0.213,0.687,-0.234,-0.196,0.451,-0.356,0.362,0.452,-0.609,-0.152,-0.13,0.363,0.228,0.568,-0.197,0.523,0.345,-0.306,0.269,0.67,0.547,0.437,0.465,0.615,-0.412,-0.031,0.482,0.638,0.229,0.605,0.599,-0.452,-0.288,-0.441,0.428,-0.649,-0.513,-0.402,-0.565,-0.344,0.767,0.057,-0.285,-0.459,-0.509,-0.126,0.56,0.5,0.629,-0.254,0.437,-0.194,-0.389,0.341,0.483,-0.241,0.499,-0.362,0.386,0.577,-0.406,0.016,0.305,0.296
AMZN,0.451,0.428,-0.35,0.658,0.509,1.0,-0.539,-0.419,0.261,0.272,0.123,-0.507,-0.336,-0.414,0.292,0.207,0.621,0.51,-0.067,0.425,0.309,0.26,-0.453,-0.368,-0.411,0.561,0.473,-0.495,0.502,0.318,-0.154,0.749,0.742,0.621,-0.49,0.219,-0.259,0.441,-0.35,-0.257,0.359,-0.149,0.123,0.495,-0.579,-0.183,-0.339,0.416,0.396,0.308,-0.493,0.319,0.417,-0.446,0.309,0.513,0.615,0.195,0.219,0.339,-0.37,-0.176,0.36,0.271,0.231,0.288,0.425,-0.576,-0.273,-0.645,0.451,-0.654,-0.254,-0.646,-0.702,-0.539,0.454,-0.02,-0.153,-0.468,-0.535,-0.243,0.336,0.367,0.465,-0.272,0.207,0.057,-0.201,0.172,0.433,-0.202,0.202,-0.362,-0.09,0.551,-0.393,-0.349,0.129,0.232
APA,-0.639,-0.52,0.707,-0.575,-0.305,-0.539,1.0,0.7,0.191,-0.097,0.164,0.643,0.816,0.24,0.179,-0.457,-0.661,-0.121,0.474,-0.534,-0.536,-0.48,0.252,0.435,0.892,-0.35,0.002,0.63,-0.607,-0.229,0.636,-0.516,-0.52,-0.443,0.922,-0.44,0.174,-0.682,0.604,-0.053,-0.171,0.62,-0.512,-0.51,0.592,0.132,0.504,-0.716,-0.564,-0.629,0.735,-0.294,-0.688,0.194,-0.225,-0.578,-0.388,-0.598,-0.047,-0.616,0.76,0.465,-0.605,-0.543,0.208,-0.509,-0.061,0.822,0.685,0.768,-0.719,0.462,0.656,0.872,0.576,0.875,-0.471,0.146,0.565,0.821,0.444,0.385,-0.611,-0.626,-0.675,0.755,-0.361,0.488,0.427,-0.193,-0.402,0.624,-0.247,-0.056,0.215,-0.601,0.791,0.679,-0.158,0.086
ARDX,-0.544,-0.478,0.52,-0.414,-0.333,-0.419,0.7,1.0,0.156,0.016,0.244,0.528,0.563,0.259,0.056,-0.406,-0.496,-0.115,0.27,-0.329,-0.439,-0.605,0.121,0.316,0.688,-0.383,-0.033,0.407,-0.509,-0.171,0.588,-0.554,-0.555,-0.464,0.69,-0.337,0.209,-0.533,0.534,-0.157,-0.145,0.584,-0.403,-0.396,0.559,0.159,0.552,-0.62,-0.494,-0.455,0.701,-0.187,-0.653,0.127,-0.271,-0.501,-0.511,-0.545,-0.18,-0.536,0.609,0.396,-0.408,-0.44,0.204,-0.373,-0.155,0.62,0.586,0.593,-0.693,0.449,0.633,0.647,0.505,0.689,-0.5,-0.003,0.392,0.614,0.31,0.157,-0.431,-0.555,-0.575,0.642,-0.351,0.357,0.329,-0.261,-0.551,0.584,-0.3,-0.181,0.121,-0.467,0.615,0.381,-0.058,0.17
AVGO,0.176,0.252,0.115,0.495,0.427,0.261,0.191,0.156,1.0,0.437,0.524,0.07,0.39,-0.176,0.672,-0.086,0.248,0.517,0.533,0.301,0.229,-0.211,-0.099,-0.303,0.335,0.416,0.676,-0.112,0.248,0.381,0.14,0.315,0.323,0.307,0.188,0.054,-0.096,0.113,0.209,-0.15,0.373,0.195,-0.123,0.398,-0.218,-0.16,0.391,-0.09,-0.17,-0.012,0.161,0.499,-0.123,-0.415,0.22,0.351,0.36,-0.102,0.235,0.254,0.054,0.237,0.254,0.034,0.584,0.22,0.487,-0.085,0.278,-0.182,-0.05,-0.219,0.163,-0.026,-0.227,0.065,0.256,-0.053,0.194,-0.059,-0.432,-0.001,0.095,-0.015,0.149,0.25,-0.04,0.302,-0.034,0.312,-0.02,0.483,0.382,-0.608,0.307,0.223,0.124,0.306,0.376,0.482
AZN,0.203,0.017,-0.021,0.403,0.069,0.272,-0.097,0.016,0.437,1.0,0.23,-0.106,0.199,-0.352,0.312,-0.336,0.266,0.443,0.179,0.544,0.208,-0.249,-0.23,-0.063,0.04,0.118,0.426,-0.275,0.348,0.472,0.225,0.119,0.119,0.075,-0.12,0.194,-0.146,0.034,0.054,-0.15,0.057,0.346,0.075,0.159,-0.306,-0.084,0.265,-0.114,-0.347,-0.058,0.253,0.168,-0.197,-0.515,-0.301,0.244,0.257,-0.04,0.246,-0.026,-0.122,0.184,0.186,0.119,0.162,0.227,0.293,-0.329,-0.189,-0.4,0.008,-0.076,0.234,-0.204,-0.286,-0.209,0.21,-0.188,0.265,-0.153,-0.4,-0.464,0.194,0.072,0.131,-0.054,0.144,0.154,0.318,0.333,-0.248,0.458,0.348,-0.408,0.153,0.041,-0.142,-0.011,-0.059,0.502
BIDU,0.059,-0.01,-0.031,0.324,0.317,0.123,0.164,0.244,0.524,0.23,1.0,0.329,0.286,0.016,0.439,-0.235,0.143,0.432,0.361,0.123,-0.025,-0.37,-0.161,-0.254,0.219,0.423,0.451,-0.013,0.125,0.224,0.043,0.232,0.246,0.295,0.098,0.272,0.07,0.161,0.639,-0.386,0.672,0.096,-0.179,0.252,-0.28,0.086,0.292,-0.273,-0.265,-0.185,0.298,0.435,-0.163,-0.332,0.3,0.459,0.092,-0.008,0.154,0.157,0.123,0.494,0.271,-0.017,0.394,0.138,0.445,-0.162,0.425,-0.206,-0.114,-0.105,0.062,0.018,-0.102,0.006,-0.011,-0.052,0.165,-0.168,-0.227,-0.337,0.143,0.016,0.058,0.28,-0.04,0.148,-0.012,0.352,-0.073,0.372,0.267,-0.386,0.296,0.35,-0.042,0.195,0.571,0.569
BILI,-0.53,-0.502,0.594,-0.422,-0.415,-0.507,0.643,0.528,0.07,-0.106,0.329,1.0,0.644,0.332,0.043,-0.319,-0.56,-0.143,0.349,-0.388,-0.497,-0.326,0.492,0.325,0.647,-0.318,-0.173,0.625,-0.561,0.007,0.458,-0.48,-0.477,-0.46,0.643,-0.239,0.415,-0.56,0.699,0.077,0.146,0.442,-0.397,-0.369,0.424,0.452,0.343,-0.584,-0.432,-0.598,0.554,-0.079,-0.417,0.416,-0.045,-0.392,-0.524,-0.341,-0.161,-0.468,0.587,0.509,-0.462,-0.424,0.209,-0.469,-0.113,0.478,0.658,0.466,-0.542,0.583,0.556,0.638,0.644,0.554,-0.538,0.225,0.48,0.496,0.513,0.169,-0.486,-0.418,-0.543,0.567,-0.181,0.383,0.3,0.02,-0.258,0.538,-0.291,0.178,0.179,-0.453,0.546,0.483,0.056,0.069
BKR,-0.531,-0.465,0.689,-0.348,-0.209,-0.336,0.816,0.563,0.39,0.199,0.286,0.644,1.0,0.04,0.356,-0.583,-0.497,0.082,0.608,-0.308,-0.427,-0.494,0.314,0.349,0.836,-0.275,0.135,0.58,-0.38,0.131,0.66,-0.422,-0.436,-0.423,0.775,-0.321,0.111,-0.588,0.672,-0.163,-0.057,0.66,-0.458,-0.351,0.317,0.161,0.408,-0.729,-0.648,-0.701,0.684,-0.135,-0.712,0.051,-0.282,-0.373,-0.15,-0.522,0.1,-0.491,0.713,0.501,-0.539,-0.494,0.346,-0.403,0.128,0.522,0.53,0.444,-0.695,0.401,0.75,0.664,0.442,0.642,-0.345,0.134,0.649,0.579,0.191,0.253,-0.493,-0.543,-0.585,0.693,-0.288,0.59,0.493,0.015,-0.4,0.691,-0.018,-0.167,0.325,-0.515,0.721,0.628,-0.104,0.3
CAN,0.009,-0.186,0.226,-0.262,-0.364,-0.414,0.24,0.259,-0.176,-0.352,0.016,0.332,0.04,1.0,-0.183,0.302,-0.363,-0.316,0.099,-0.32,-0.231,0.046,0.469,0.219,0.178,-0.335,-0.362,0.224,-0.438,-0.292,0.171,-0.401,-0.391,-0.412,0.315,-0.156,0.656,-0.272,0.279,0.365,-0.046,0.091,-0.142,-0.243,0.497,0.365,0.367,0.094,0.132,-0.216,0.252,0.046,0.031,0.539,0.198,-0.393,-0.513,-0.101,-0.287,-0.099,0.249,0.207,0.034,-0.312,-0.226,-0.112,-0.377,0.395,0.311,0.435,-0.186,0.29,0.162,0.333,0.426,0.393,-0.392,0.293,0.145,0.23,0.653,0.176,-0.173,-0.166,-0.337,0.243,-0.192,-0.029,0.117,-0.051,-0.069,0.199,-0.048,0.236,-0.033,-0.318,0.284,0.256,0.109,-0.173
CHRD,0.236,0.233,0.265,0.374,0.497,0.292,0.179,0.056,0.672,0.312,0.439,0.043,0.356,-0.183,1.0,-0.137,0.204,0.572,0.468,0.295,0.247,-0.069,-0.126,-0.091,0.317,0.355,0.694,-0.016,0.191,0.491,0.124,0.212,0.221,0.255,0.176,0.129,0.045,0.104,0.261,-0.156,0.345,0.242,-0.035,0.22,-0.368,-0.086,0.103,-0.038,-0.133,-0.048,0.232,0.304,-0.123,-0.361,0.269,0.316,0.387,0.067,0.374,0.143,0.058,0.359,0.122,0.126,0.664,0.217,0.598,-0.138,0.177,-0.255,-0.122,-0.293,0.192,-0.009,-0.282,0.055,0.391,0.044,0.28,-0.042,-0.256,0.085,0.167,0.126,0.188,0.285,0.116,0.332,-0.002,0.399,0.039,0.375,0.35,-0.45,0.482,0.182,0.143,0.346,0.364,0.567
CMCSA,0.616,0.572,-0.409,0.358,0.191,0.207,-0.457,-0.406,-0.086,-0.336,-0.235,-0.319,-0.583,0.302,-0.137,1.0,0.344,-0.241,-0.284,0.215,0.38,0.761,0.266,-0.241,-0.505,0.207,-0.165,-0.34,0.177,-0.144,-0.49,0.324,0.331,0.252,-0.433,0.283,0.379,0.381,-0.463,0.386,0.102,-0.565,0.476,0.38,-0.168,0.014,-0.173,0.795,0.879,0.608,-0.482,0.452,0.767,0.294,0.467,0.16,0.075,0.401,-0.116,0.52,-0.432,-0.41,0.531,0.314,-0.213,0.418,-0.206,-0.247,-0.26,-0.123,0.607,-0.125,-0.485,-0.402,-0.086,-0.31,0.302,0.073,-0.407,-0.327,0.147,0.125,0.406,0.449,0.362,-0.346,0.342,-0.442,-0.391,0.101,0.519,-0.426,0.176,0.32,-0.136,0.288,-0.365,-0.225,0.177,-0.423
CPRT,0.586,0.627,-0.644,0.666,0.537,0.621,-0.661,-0.496,0.248,0.266,0.143,-0.56,-0.497,-0.363,0.204,0.344,1.0,0.291,-0.107,0.713,0.554,0.261,-0.305,-0.581,-0.546,0.675,0.342,-0.571,0.726,0.3,-0.505,0.717,0.705,0.707,-0.666,0.381,-0.278,0.642,-0.397,-0.093,0.414,-0.562,0.358,0.623,-0.54,-0.319,-0.256,0.531,0.394,0.606,-0.501,0.542,0.485,-0.476,0.318,0.699,0.63,0.492,0.229,0.586,-0.715,-0.321,0.6,0.578,-0.002,0.571,0.308,-0.666,-0.36,-0.662,0.615,-0.609,-0.542,-0.699,-0.712,-0.666,0.61,-0.207,-0.398,-0.627,-0.606,-0.389,0.582,0.558,0.668,-0.527,0.247,-0.434,-0.401,0.35,0.392,-0.33,0.456,-0.27,-0.033,0.69,-0.693,-0.357,0.362,0.176
CRWD,0.358,0.223,-0.037,0.364,0.552,0.51,-0.121,-0.115,0.517,0.443,0.432,-0.143,0.082,-0.316,0.572,-0.241,0.291,1.0,0.248,0.308,0.271,-0.145,-0.419,-0.211,0.076,0.466,0.828,-0.104,0.267,0.6,-0.0,0.401,0.427,0.382,-0.115,0.177,-0.178,0.313,0.087,-0.307,0.391,0.2,-0.039,0.125,-0.511,-0.011,0.097,-0.052,-0.229,-0.019,0.08,0.328,-0.065,-0.458,0.015,0.496,0.494,0.223,0.601,0.193,-0.109,0.462,0.219,0.239,0.388,0.192,0.789,-0.41,-0.002,-0.444,-0.011,-0.396,0.023,-0.245,-0.393,-0.252,0.454,0.106,0.197,-0.371,-0.505,-0.391,0.18,0.205,0.328,0.02,0.237,0.35,0.058,0.434,0.162,0.288,0.423,-0.583,0.592,0.231,-0.16,0.203,0.231,0.605
CSCO,-0.155,-0.195,0.372,0.015,-0.022,-0.067,0.474,0.27,0.533,0.179,0.361,0.349,0.608,0.099,0.468,-0.284,-0.107,0.248,1.0,-0.113,-0.277,-0.251,0.267,-0.025,0.498,0.104,0.223,0.252,-0.141,0.22,0.421,-0.072,-0.087,-0.073,0.448,-0.31,0.023,-0.366,0.469,-0.12,0.185,0.361,-0.47,-0.041,0.076,0.139,0.403,-0.397,-0.297,-0.492,0.341,0.204,-0.363,-0.075,0.085,0.016,0.127,-0.291,0.187,-0.095,0.328,0.395,-0.123,-0.39,0.365,-0.294,0.219,0.221,0.437,0.12,-0.417,0.039,0.502,0.297,0.048,0.331,-0.154,0.294,0.639,0.251,-0.026,0.211,-0.303,-0.296,-0.304,0.533,-0.303,0.57,0.197,0.408,-0.252,0.575,0.136,-0.381,0.211,-0.169,0.483,0.416,0.298,0.437
CSX,0.649,0.539,-0.413,0.665,0.422,0.425,-0.534,-0.329,0.301,0.544,0.123,-0.388,-0.308,-0.32,0.295,0.215,0.713,0.308,-0.113,1.0,0.667,0.204,-0.105,-0.316,-0.332,0.367,0.321,-0.492,0.69,0.456,-0.312,0.409,0.4,0.379,-0.524,0.494,-0.077,0.525,-0.284,0.02,0.22,-0.36,0.407,0.63,-0.547,-0.264,-0.105,0.442,0.192,0.487,-0.133,0.42,0.343,-0.416,0.093,0.532,0.496,0.48,0.298,0.532,-0.601,-0.188,0.568,0.642,-0.004,0.585,0.273,-0.614,-0.407,-0.572,0.504,-0.351,-0.318,-0.564,-0.515,-0.544,0.578,-0.279,-0.234,-0.514,-0.523,-0.417,0.538,0.576,0.63,-0.522,0.411,-0.394,-0.1,0.443,0.252,-0.091,0.563,-0.206,0.138,0.379,-0.551,-0.224,0.137,0.254
DKNG,0.71,0.884,-0.506,0.516,0.587,0.309,-0.536,-0.439,0.229,0.208,-0.025,-0.497,-0.427,-0.231,0.247,0.38,0.554,0.271,-0.277,0.667,1.0,0.456,-0.139,-0.324,-0.381,0.328,0.43,-0.413,0.597,0.386,-0.631,0.362,0.366,0.428,-0.516,0.677,-0.066,0.649,-0.44,0.104,0.193,-0.486,0.615,0.468,-0.495,-0.099,-0.203,0.586,0.354,0.769,-0.243,0.497,0.515,-0.165,0.098,0.493,0.484,0.638,0.32,0.662,-0.609,-0.24,0.581,0.851,-0.065,0.66,0.311,-0.528,-0.579,-0.529,0.585,-0.391,-0.562,-0.533,-0.479,-0.549,0.864,-0.056,-0.414,-0.565,-0.462,-0.306,0.648,0.735,0.8,-0.636,0.692,-0.46,-0.277,0.403,0.373,-0.358,0.593,-0.001,0.264,0.396,-0.644,-0.084,0.085,0.086
EBAY,0.604,0.562,-0.253,0.267,0.183,0.26,-0.48,-0.605,-0.211,-0.249,-0.37,-0.326,-0.494,0.046,-0.069,0.761,0.261,-0.145,-0.251,0.204,0.456,1.0,0.275,-0.016,-0.507,0.023,-0.143,-0.169,0.114,0.065,-0.447,0.258,0.262,0.128,-0.448,0.356,0.219,0.305,-0.459,0.469,-0.087,-0.467,0.518,0.245,-0.297,0.081,-0.414,0.71,0.799,0.481,-0.439,0.264,0.769,0.267,0.327,0.136,0.19,0.505,0.005,0.494,-0.336,-0.337,0.36,0.362,-0.157,0.239,-0.07,-0.296,-0.502,-0.223,0.652,-0.144,-0.394,-0.423,-0.162,-0.377,0.433,0.19,-0.21,-0.299,0.065,0.185,0.3,0.472,0.416,-0.443,0.491,-0.324,-0.145,0.15,0.503,-0.436,0.145,0.59,-0.064,0.191,-0.392,-0.162,-0.072,-0.401
ERIC,-0.05,-0.082,0.299,-0.189,-0.4,-0.453,0.252,0.121,-0.099,-0.23,-0.161,0.492,0.314,0.469,-0.126,0.266,-0.305,-0.419,0.267,-0.105,-0.139,0.275,1.0,0.197,0.284,-0.427,-0.483,0.411,-0.288,0.021,0.149,-0.466,-0.485,-0.509,0.316,-0.138,0.576,-0.421,0.185,0.496,-0.205,-0.03,-0.063,-0.062,0.316,0.325,0.1,-0.015,0.132,-0.221,0.189,0.092,0.032,0.545,0.102,-0.388,-0.291,-0.062,-0.269,-0.066,0.225,0.001,-0.19,-0.172,-0.056,-0.256,-0.459,0.359,0.125,0.398,-0.181,0.603,0.298,0.376,0.582,0.341,-0.272,0.22,0.209,0.305,0.539,0.38,-0.271,-0.158,-0.278,0.16,0.014,0.049,0.121,0.075,0.038,0.141,0.033,0.488,0.035,-0.432,0.348,0.329,0.022,-0.342
EXC,-0.344,-0.422,0.561,-0.581,-0.425,-0.368,0.435,0.316,-0.303,-0.063,-0.254,0.325,0.349,0.219,-0.091,-0.241,-0.581,-0.211,-0.025,-0.316,-0.324,-0.016,0.197,1.0,0.371,-0.537,-0.246,0.643,-0.533,-0.187,0.525,-0.535,-0.527,-0.539,0.406,-0.204,0.177,-0.402,0.243,0.07,-0.474,0.543,-0.087,-0.598,0.345,0.017,0.112,-0.273,-0.315,-0.486,0.426,-0.529,-0.441,0.315,-0.508,-0.658,-0.387,-0.229,-0.004,-0.463,0.624,0.177,-0.348,-0.31,-0.059,-0.389,-0.032,0.433,0.059,0.506,-0.393,0.444,0.52,0.494,0.522,0.497,-0.375,0.001,0.488,0.567,0.486,0.24,-0.5,-0.334,-0.562,0.305,-0.095,0.273,0.696,-0.157,-0.24,0.301,-0.321,0.377,0.085,-0.634,0.499,0.291,-0.578,-0.157
FITB,-0.516,-0.373,0.74,-0.435,-0.198,-0.411,0.892,0.688,0.335,0.04,0.219,0.647,0.836,0.178,0.317,-0.505,-0.546,0.076,0.498,-0.332,-0.381,-0.507,0.284,0.371,1.0,-0.303,0.176,0.619,-0.526,0.014,0.652,-0.487,-0.498,-0.419,0.938,-0.379,0.2,-0.637,0.57,-0.008,-0.11,0.664,-0.509,-0.398,0.477,0.183,0.498,-0.693,-0.593,-0.595,0.76,-0.148,-0.671,0.158,-0.209,-0.514,-0.314,-0.556,0.024,-0.509,0.716,0.535,-0.538,-0.407,0.311,-0.466,0.046,0.733,0.616,0.639,-0.735,0.394,0.711,0.83,0.476,0.848,-0.348,0.195,0.614,0.741,0.309,0.32,-0.578,-0.529,-0.58,0.699,-0.239,0.565,0.386,-0.063,-0.326,0.699,-0.1,-0.184,0.363,-0.619,0.739,0.762,-0.123,0.217
FLEX,0.38,0.457,-0.57,0.577,0.601,0.561,-0.35,-0.383,0.416,0.118,0.423,-0.318,-0.275,-0.335,0.355,0.207,0.675,0.466,0.104,0.367,0.328,0.023,-0.427,-0.537,-0.303,1.0,0.53,-0.392,0.634,0.156,-0.441,0.872,0.874,0.921,-0.459,0.262,-0.298,0.613,-0.125,-0.4,0.751,-0.387,0.099,0.501,-0.604,-0.217,-0.08,0.254,0.19,0.368,-0.422,0.506,0.305,-0.395,0.417,0.697,0.647,0.294,0.315,0.413,-0.519,-0.054,0.496,0.365,0.15,0.443,0.478,-0.551,0.03,-0.537,0.358,-0.591,-0.505,-0.445,-0.561,-0.466,0.417,-0.083,-0.236,-0.54,-0.535,-0.359,0.409,0.453,0.497,-0.198,0.167,-0.179,-0.431,0.438,0.441,-0.235,0.369,-0.514,0.119,0.679,-0.48,-0.211,0.499,0.309
FTNT,0.309,0.437,-0.067,0.411,0.697,0.473,0.002,-0.033,0.676,0.426,0.451,-0.173,0.135,-0.362,0.694,-0.165,0.342,0.828,0.223,0.321,0.43,-0.143,-0.483,-0.246,0.176,0.53,1.0,-0.14,0.287,0.466,-0.05,0.427,0.442,0.499,-0.011,0.271,-0.199,0.328,0.082,-0.333,0.423,0.213,0.094,0.205,-0.409,-0.093,0.243,-0.037,-0.162,0.187,0.128,0.453,-0.064,-0.46,0.045,0.485,0.455,0.143,0.572,0.223,-0.094,0.367,0.281,0.349,0.441,0.351,0.782,-0.281,0.013,-0.375,0.038,-0.466,-0.047,-0.159,-0.445,-0.121,0.608,0.08,0.142,-0.236,-0.519,-0.249,0.309,0.272,0.354,0.121,0.329,0.255,-0.022,0.398,0.138,0.278,0.438,-0.601,0.57,0.297,-0.125,0.341,0.241,0.598
GEN,-0.54,-0.439,0.593,-0.661,-0.331,-0.495,0.63,0.407,-0.112,-0.275,-0.013,0.625,0.58,0.224,-0.016,-0.34,-0.571,-0.104,0.252,-0.492,-0.413,-0.169,0.411,0.643,0.619,-0.392,-0.14,1.0,-0.599,-0.144,0.45,-0.511,-0.507,-0.49,0.619,-0.397,0.124,-0.545,0.482,0.04,-0.198,0.41,-0.403,-0.539,0.467,0.129,0.142,-0.587,-0.448,-0.607,0.416,-0.361,-0.554,0.391,-0.266,-0.511,-0.328,-0.227,0.105,-0.514,0.669,0.423,-0.589,-0.384,0.131,-0.59,0.012,0.593,0.411,0.641,-0.662,0.582,0.515,0.72,0.686,0.638,-0.405,0.194,0.554,0.645,0.462,0.354,-0.648,-0.465,-0.624,0.547,-0.207,0.314,0.449,-0.095,-0.133,0.384,-0.252,0.257,0.311,-0.574,0.61,0.6,-0.219,-0.07
GERN,0.562,0.524,-0.679,0.721,0.464,0.502,-0.607,-0.509,0.248,0.348,0.125,-0.561,-0.38,-0.438,0.191,0.177,0.726,0.267,-0.141,0.69,0.597,0.114,-0.288,-0.533,-0.526,0.634,0.287,-0.599,1.0,0.324,-0.596,0.601,0.594,0.664,-0.683,0.447,-0.351,0.645,-0.368,-0.226,0.383,-0.551,0.384,0.685,-0.658,-0.386,-0.311,0.446,0.225,0.532,-0.462,0.353,0.348,-0.531,0.156,0.642,0.774,0.48,0.219,0.513,-0.761,-0.368,0.529,0.611,-0.056,0.638,0.294,-0.721,-0.434,-0.719,0.498,-0.525,-0.577,-0.688,-0.666,-0.716,0.561,-0.383,-0.495,-0.684,-0.591,-0.492,0.618,0.552,0.678,-0.579,0.273,-0.448,-0.32,0.356,0.306,-0.46,0.616,-0.34,-0.08,0.634,-0.653,-0.477,0.242,0.159
GEVO,0.363,0.281,0.074,0.349,0.269,0.318,-0.229,-0.171,0.381,0.472,0.224,0.007,0.131,-0.292,0.491,-0.144,0.3,0.6,0.22,0.456,0.386,0.065,0.021,-0.187,0.014,0.156,0.466,-0.144,0.324,1.0,-0.027,0.105,0.098,0.125,-0.174,0.365,0.1,0.22,0.028,0.038,0.26,0.087,0.186,0.15,-0.456,0.161,-0.061,0.051,-0.143,0.067,0.106,0.38,0.009,-0.227,-0.093,0.332,0.39,0.248,0.414,0.246,-0.152,0.236,0.17,0.364,0.293,0.249,0.439,-0.478,-0.199,-0.545,0.082,-0.109,0.091,-0.307,-0.254,-0.348,0.432,0.077,0.128,-0.399,-0.356,-0.325,0.321,0.377,0.367,-0.154,0.458,0.22,0.019,0.475,0.1,0.179,0.4,-0.236,0.408,0.079,-0.219,0.116,0.113,0.527
GILD,-0.544,-0.654,0.715,-0.373,-0.488,-0.154,0.636,0.588,0.14,0.225,0.043,0.458,0.66,0.171,0.124,-0.49,-0.505,-0.0,0.421,-0.312,-0.631,-0.447,0.149,0.525,0.652,-0.441,-0.05,0.45,-0.596,-0.027,1.0,-0.444,-0.458,-0.534,0.678,-0.581,0.133,-0.738,0.468,-0.081,-0.314,0.835,-0.646,-0.417,0.494,-0.013,0.401,-0.585,-0.506,-0.777,0.557,-0.416,-0.665,-0.021,-0.306,-0.565,-0.388,-0.72,-0.102,-0.652,0.765,0.355,-0.534,-0.704,0.292,-0.644,-0.138,0.581,0.508,0.5,-0.647,0.414,0.887,0.592,0.44,0.657,-0.596,-0.02,0.693,0.69,0.297,0.299,-0.696,-0.654,-0.682,0.671,-0.481,0.688,0.561,-0.261,-0.479,0.739,-0.416,-0.16,0.032,-0.612,0.774,0.428,-0.271,0.194
GOOG,0.462,0.514,-0.6,0.629,0.63,0.749,-0.516,-0.554,0.315,0.119,0.232,-0.48,-0.422,-0.401,0.212,0.324,0.717,0.401,-0.072,0.409,0.362,0.258,-0.466,-0.535,-0.487,0.872,0.427,-0.511,0.601,0.105,-0.444,1.0,0.995,0.894,-0.57,0.301,-0.344,0.656,-0.35,-0.267,0.602,-0.466,0.155,0.562,-0.64,-0.231,-0.26,0.42,0.387,0.455,-0.581,0.438,0.53,-0.401,0.457,0.695,0.647,0.303,0.25,0.494,-0.566,-0.212,0.488,0.372,0.112,0.414,0.378,-0.591,-0.158,-0.573,0.593,-0.659,-0.585,-0.587,-0.649,-0.562,0.457,-0.053,-0.328,-0.562,-0.583,-0.281,0.408,0.494,0.577,-0.367,0.211,-0.252,-0.43,0.249,0.566,-0.339,0.271,-0.349,-0.041,0.727,-0.582,-0.347,0.331,0.169
GOOGL,0.474,0.506,-0.6,0.637,0.632,0.742,-0.52,-0.555,0.323,0.119,0.246,-0.477,-0.436,-0.391,0.221,0.331,0.705,0.427,-0.087,0.4,0.366,0.262,-0.485,-0.527,-0.498,0.874,0.442,-0.507,0.594,0.098,-0.458,0.995,1.0,0.896,-0.581,0.307,-0.343,0.668,-0.345,-0.267,0.599,-0.462,0.169,0.558,-0.653,-0.235,-0.264,0.432,0.386,0.453,-0.586,0.437,0.538,-0.404,0.473,0.711,0.64,0.332,0.261,0.493,-0.569,-0.192,0.499,0.37,0.137,0.424,0.414,-0.606,-0.15,-0.58,0.598,-0.656,-0.589,-0.597,-0.643,-0.571,0.462,-0.057,-0.341,-0.58,-0.583,-0.289,0.41,0.481,0.58,-0.371,0.208,-0.247,-0.424,0.243,0.561,-0.328,0.269,-0.342,-0.035,0.745,-0.581,-0.357,0.351,0.157
GT,0.412,0.557,-0.646,0.588,0.633,0.621,-0.443,-0.464,0.307,0.075,0.295,-0.46,-0.423,-0.412,0.255,0.252,0.707,0.382,-0.073,0.379,0.428,0.128,-0.509,-0.539,-0.419,0.921,0.499,-0.49,0.664,0.125,-0.534,0.894,0.896,1.0,-0.538,0.356,-0.349,0.689,-0.311,-0.322,0.668,-0.47,0.234,0.511,-0.609,-0.275,-0.208,0.378,0.292,0.52,-0.518,0.472,0.407,-0.392,0.389,0.665,0.649,0.351,0.241,0.473,-0.601,-0.223,0.515,0.483,0.119,0.515,0.435,-0.569,-0.131,-0.589,0.502,-0.653,-0.625,-0.524,-0.661,-0.52,0.514,-0.121,-0.4,-0.579,-0.567,-0.329,0.495,0.538,0.584,-0.352,0.266,-0.27,-0.488,0.291,0.516,-0.4,0.325,-0.41,-0.006,0.754,-0.577,-0.314,0.393,0.191
HBAN,-0.613,-0.469,0.794,-0.555,-0.325,-0.49,0.922,0.69,0.188,-0.12,0.098,0.643,0.775,0.315,0.176,-0.433,-0.666,-0.115,0.448,-0.524,-0.516,-0.448,0.316,0.406,0.938,-0.459,-0.011,0.619,-0.683,-0.174,0.678,-0.57,-0.581,-0.538,1.0,-0.485,0.251,-0.738,0.551,0.083,-0.221,0.646,-0.554,-0.49,0.633,0.207,0.465,-0.655,-0.501,-0.629,0.704,-0.265,-0.627,0.234,-0.142,-0.621,-0.466,-0.63,-0.127,-0.586,0.777,0.46,-0.622,-0.552,0.271,-0.578,-0.125,0.876,0.646,0.771,-0.715,0.438,0.693,0.881,0.552,0.925,-0.48,0.23,0.569,0.847,0.466,0.442,-0.658,-0.617,-0.663,0.725,-0.368,0.557,0.361,-0.24,-0.382,0.638,-0.263,-0.055,0.204,-0.638,0.796,0.72,-0.142,0.087
HST,0.602,0.62,-0.475,0.424,0.546,0.219,-0.44,-0.337,0.054,0.194,0.272,-0.239,-0.321,-0.156,0.129,0.283,0.381,0.177,-0.31,0.494,0.677,0.356,-0.138,-0.204,-0.379,0.262,0.271,-0.397,0.447,0.365,-0.581,0.301,0.307,0.356,-0.485,1.0,0.159,0.709,-0.168,0.035,0.305,-0.399,0.711,0.297,-0.568,0.145,-0.169,0.473,0.263,0.637,-0.043,0.537,0.443,-0.052,0.039,0.518,0.224,0.56,0.257,0.598,-0.398,-0.122,0.634,0.78,-0.11,0.713,0.3,-0.56,-0.562,-0.49,0.597,-0.27,-0.547,-0.442,-0.331,-0.493,0.617,-0.051,-0.403,-0.543,-0.234,-0.477,0.72,0.661,0.608,-0.571,0.749,-0.439,-0.191,0.375,0.342,-0.32,0.463,0.181,0.18,0.45,-0.643,-0.15,0.116,0.106
INTC,0.163,0.012,0.289,-0.081,-0.213,-0.259,0.174,0.209,-0.096,-0.146,0.07,0.415,0.111,0.656,0.045,0.379,-0.278,-0.178,0.023,-0.077,-0.066,0.219,0.576,0.177,0.2,-0.298,-0.199,0.124,-0.351,0.1,0.133,-0.344,-0.343,-0.349,0.251,0.159,1.0,-0.192,0.264,0.406,0.06,0.129,0.144,-0.128,0.202,0.53,0.266,0.163,0.182,-0.077,0.367,0.242,0.121,0.527,0.165,-0.293,-0.422,0.02,-0.141,-0.048,0.218,0.266,0.051,-0.078,-0.086,0.044,-0.263,0.199,0.17,0.238,-0.087,0.377,0.217,0.239,0.41,0.288,-0.151,0.316,0.17,0.13,0.611,0.054,0.067,0.109,-0.186,0.193,0.283,0.011,0.102,0.134,0.12,0.243,0.062,0.313,0.204,-0.306,0.195,0.332,0.07,-0.045
IOVA,0.648,0.646,-0.69,0.535,0.687,0.441,-0.682,-0.533,0.113,0.034,0.161,-0.56,-0.588,-0.272,0.104,0.381,0.642,0.313,-0.366,0.525,0.649,0.305,-0.421,-0.402,-0.637,0.613,0.328,-0.545,0.645,0.22,-0.738,0.656,0.668,0.689,-0.738,0.709,-0.192,1.0,-0.404,-0.114,0.422,-0.644,0.608,0.47,-0.651,-0.171,-0.248,0.593,0.386,0.72,-0.48,0.501,0.508,-0.212,0.212,0.715,0.477,0.661,0.309,0.77,-0.624,-0.315,0.762,0.726,-0.072,0.791,0.424,-0.725,-0.533,-0.61,0.666,-0.581,-0.795,-0.656,-0.567,-0.693,0.628,-0.147,-0.61,-0.771,-0.504,-0.453,0.719,0.694,0.694,-0.665,0.485,-0.538,-0.424,0.306,0.529,-0.542,0.462,-0.122,0.102,0.737,-0.754,-0.397,0.294,0.061
IQ,-0.381,-0.485,0.473,-0.247,-0.234,-0.35,0.604,0.534,0.209,0.054,0.639,0.699,0.672,0.279,0.261,-0.463,-0.397,0.087,0.469,-0.284,-0.44,-0.459,0.185,0.243,0.57,-0.125,0.082,0.482,-0.368,0.028,0.468,-0.35,-0.345,-0.311,0.551,-0.168,0.264,-0.404,1.0,-0.236,0.264,0.479,-0.411,-0.246,0.234,0.253,0.478,-0.671,-0.534,-0.683,0.656,-0.015,-0.555,0.003,-0.009,-0.116,-0.314,-0.259,0.047,-0.358,0.588,0.697,-0.243,-0.466,0.245,-0.333,0.163,0.352,0.642,0.31,-0.569,0.323,0.512,0.525,0.381,0.474,-0.429,0.09,0.573,0.341,0.27,-0.063,-0.326,-0.332,-0.469,0.648,-0.268,0.359,0.46,0.158,-0.409,0.604,0.008,-0.077,0.34,-0.22,0.445,0.535,0.238,0.419
JBLU,0.241,0.139,0.218,-0.064,-0.196,-0.257,-0.053,-0.157,-0.15,-0.15,-0.386,0.077,-0.163,0.365,-0.156,0.386,-0.093,-0.307,-0.12,0.02,0.104,0.469,0.496,0.07,-0.008,-0.4,-0.333,0.04,-0.226,0.038,-0.081,-0.267,-0.267,-0.322,0.083,0.035,0.406,-0.114,-0.236,1.0,-0.301,-0.165,0.221,-0.026,0.197,0.167,-0.027,0.31,0.332,0.138,-0.003,0.058,0.343,0.418,0.162,-0.243,-0.304,0.146,-0.289,0.193,-0.057,-0.083,0.034,0.058,-0.142,0.048,-0.38,0.193,-0.16,0.207,0.219,0.211,-0.057,0.115,0.212,0.148,-0.008,0.186,-0.055,0.093,0.387,0.342,0.046,0.083,0.045,-0.139,0.142,-0.207,-0.043,-0.037,0.206,-0.043,0.062,0.497,-0.027,-0.188,-0.018,0.108,-0.101,-0.329
JD,0.247,0.304,-0.305,0.427,0.451,0.359,-0.171,-0.145,0.373,0.057,0.672,0.146,-0.057,-0.046,0.345,0.102,0.414,0.391,0.185,0.22,0.193,-0.087,-0.205,-0.474,-0.11,0.751,0.423,-0.198,0.383,0.26,-0.314,0.602,0.599,0.668,-0.221,0.305,0.06,0.422,0.264,-0.301,1.0,-0.252,0.017,0.352,-0.449,0.133,0.046,0.063,0.052,0.153,-0.136,0.567,0.2,-0.157,0.434,0.553,0.361,0.245,0.212,0.297,-0.328,0.259,0.35,0.243,0.172,0.341,0.387,-0.43,0.291,-0.459,0.165,-0.358,-0.323,-0.271,-0.315,-0.303,0.236,0.073,-0.065,-0.46,-0.259,-0.39,0.395,0.444,0.357,0.013,0.202,-0.091,-0.335,0.51,0.347,-0.053,0.322,-0.419,0.244,0.526,-0.348,-0.044,0.55,0.485
KDP,-0.458,-0.548,0.685,-0.346,-0.356,-0.149,0.62,0.584,0.195,0.346,0.096,0.442,0.66,0.091,0.242,-0.565,-0.562,0.2,0.361,-0.36,-0.486,-0.467,-0.03,0.543,0.664,-0.387,0.213,0.41,-0.551,0.087,0.835,-0.466,-0.462,-0.47,0.646,-0.399,0.129,-0.644,0.479,-0.165,-0.252,1.0,-0.417,-0.54,0.355,0.165,0.471,-0.593,-0.599,-0.676,0.626,-0.31,-0.666,-0.011,-0.446,-0.519,-0.352,-0.623,0.02,-0.648,0.734,0.511,-0.444,-0.564,0.28,-0.468,0.095,0.455,0.38,0.34,-0.641,0.293,0.844,0.526,0.321,0.584,-0.394,0.119,0.734,0.571,0.252,0.145,-0.507,-0.561,-0.615,0.693,-0.265,0.746,0.635,-0.126,-0.553,0.75,-0.289,-0.221,0.202,-0.608,0.672,0.463,-0.325,0.3
KHC,0.55,0.616,-0.397,0.29,0.362,0.123,-0.512,-0.403,-0.123,0.075,-0.179,-0.397,-0.458,-0.142,-0.035,0.476,0.358,-0.039,-0.47,0.407,0.615,0.518,-0.063,-0.087,-0.509,0.099,0.094,-0.403,0.384,0.186,-0.646,0.155,0.169,0.234,-0.554,0.711,0.144,0.608,-0.411,0.221,0.017,-0.417,1.0,0.203,-0.43,0.027,-0.221,0.618,0.425,0.727,-0.225,0.352,0.513,0.094,-0.07,0.28,0.163,0.593,0.118,0.516,-0.498,-0.305,0.528,0.697,-0.286,0.785,0.151,-0.521,-0.671,-0.419,0.635,-0.25,-0.554,-0.51,-0.287,-0.484,0.626,-0.039,-0.464,-0.51,-0.147,-0.215,0.799,0.572,0.514,-0.531,0.629,-0.474,-0.185,0.262,0.289,-0.462,0.352,0.338,0.059,0.305,-0.528,-0.301,-0.117,-0.187
LRCX,0.526,0.533,-0.518,0.878,0.452,0.495,-0.51,-0.396,0.398,0.159,0.252,-0.369,-0.351,-0.243,0.22,0.38,0.623,0.125,-0.041,0.63,0.468,0.245,-0.062,-0.598,-0.398,0.501,0.205,-0.539,0.685,0.15,-0.417,0.562,0.558,0.511,-0.49,0.297,-0.128,0.47,-0.246,-0.026,0.352,-0.54,0.203,1.0,-0.491,-0.331,-0.187,0.481,0.436,0.475,-0.462,0.428,0.474,-0.392,0.544,0.647,0.475,0.354,-0.045,0.587,-0.572,-0.35,0.517,0.395,0.188,0.445,0.107,-0.487,-0.223,-0.5,0.517,-0.417,-0.442,-0.552,-0.52,-0.481,0.409,-0.262,-0.423,-0.469,-0.426,-0.157,0.446,0.392,0.572,-0.379,0.144,-0.353,-0.398,0.212,0.377,-0.297,0.426,-0.238,-0.159,0.674,-0.384,-0.333,0.461,0.042
LYFT,-0.614,-0.487,0.462,-0.642,-0.609,-0.579,0.592,0.559,-0.218,-0.306,-0.28,0.424,0.317,0.497,-0.368,-0.168,-0.54,-0.511,0.076,-0.547,-0.495,-0.297,0.316,0.345,0.477,-0.604,-0.409,0.467,-0.658,-0.456,0.494,-0.64,-0.653,-0.609,0.633,-0.568,0.202,-0.651,0.234,0.197,-0.449,0.355,-0.43,-0.491,1.0,0.094,0.441,-0.402,-0.222,-0.392,0.355,-0.39,-0.441,0.382,-0.226,-0.712,-0.634,-0.487,-0.409,-0.538,0.556,0.077,-0.5,-0.509,-0.178,-0.516,-0.513,0.815,0.407,0.766,-0.518,0.463,0.444,0.681,0.542,0.67,-0.565,0.082,0.24,0.734,0.579,0.393,-0.582,-0.583,-0.637,0.424,-0.458,0.139,0.255,-0.471,-0.378,0.311,-0.478,0.206,-0.178,-0.575,0.583,0.399,-0.262,-0.323
MARA,-0.046,-0.056,0.197,-0.22,-0.152,-0.183,0.132,0.159,-0.16,-0.084,0.086,0.452,0.161,0.365,-0.086,0.014,-0.319,-0.011,0.139,-0.264,-0.099,0.081,0.325,0.017,0.183,-0.217,-0.093,0.129,-0.386,0.161,-0.013,-0.231,-0.235,-0.275,0.207,0.145,0.53,-0.171,0.253,0.167,0.133,0.165,0.027,-0.331,0.094,1.0,0.209,-0.154,0.008,-0.133,0.328,0.266,0.142,0.631,0.035,-0.139,-0.368,-0.062,-0.012,-0.069,0.173,0.435,-0.107,-0.108,-0.153,-0.121,-0.111,0.067,0.109,0.068,-0.127,0.228,0.162,0.159,0.239,0.111,-0.114,0.801,0.28,0.009,0.308,-0.087,-0.018,0.097,-0.185,0.14,0.332,0.165,0.075,0.221,0.026,0.222,-0.043,0.262,0.187,-0.28,0.043,0.231,0.022,0.117
MCHP,-0.128,-0.202,0.253,-0.1,-0.13,-0.339,0.504,0.552,0.391,0.265,0.292,0.343,0.408,0.367,0.103,-0.173,-0.256,0.097,0.403,-0.105,-0.203,-0.414,0.1,0.112,0.498,-0.08,0.243,0.142,-0.311,-0.061,0.401,-0.26,-0.264,-0.208,0.465,-0.169,0.266,-0.248,0.478,-0.027,0.046,0.471,-0.221,-0.187,0.441,0.209,1.0,-0.394,-0.343,-0.281,0.6,0.236,-0.4,0.084,-0.184,-0.192,-0.367,-0.324,0.008,-0.147,0.358,0.429,0.11,-0.281,0.004,-0.025,0.016,0.397,0.395,0.391,-0.396,0.21,0.382,0.472,0.268,0.489,-0.231,0.159,0.458,0.333,0.191,-0.067,-0.163,-0.22,-0.364,0.489,-0.124,0.214,0.374,0.172,-0.353,0.654,0.12,-0.307,0.288,-0.288,0.354,0.548,0.089,0.306
MDLZ,0.75,0.674,-0.549,0.541,0.363,0.416,-0.716,-0.62,-0.09,-0.114,-0.273,-0.584,-0.729,0.094,-0.038,0.795,0.531,-0.052,-0.397,0.442,0.586,0.71,-0.015,-0.273,-0.693,0.254,-0.037,-0.587,0.446,0.051,-0.585,0.42,0.432,0.378,-0.655,0.473,0.163,0.593,-0.671,0.31,0.063,-0.593,0.618,0.481,-0.402,-0.154,-0.394,1.0,0.785,0.747,-0.597,0.364,0.802,0.024,0.378,0.329,0.297,0.542,-0.088,0.628,-0.643,-0.573,0.646,0.566,-0.172,0.597,-0.031,-0.52,-0.59,-0.459,0.809,-0.462,-0.616,-0.68,-0.462,-0.577,0.544,-0.076,-0.587,-0.56,-0.108,-0.06,0.579,0.556,0.646,-0.678,0.373,-0.458,-0.435,0.14,0.495,-0.585,0.262,0.192,-0.222,0.475,-0.557,-0.47,0.098,-0.337
META,0.588,0.572,-0.436,0.434,0.228,0.396,-0.564,-0.494,-0.17,-0.347,-0.265,-0.432,-0.648,0.132,-0.133,0.879,0.394,-0.229,-0.297,0.192,0.354,0.799,0.132,-0.315,-0.593,0.19,-0.162,-0.448,0.225,-0.143,-0.506,0.387,0.386,0.292,-0.501,0.263,0.182,0.386,-0.534,0.332,0.052,-0.599,0.425,0.436,-0.222,0.008,-0.343,0.785,1.0,0.599,-0.6,0.394,0.834,0.191,0.535,0.223,0.147,0.391,-0.203,0.569,-0.469,-0.483,0.485,0.294,-0.15,0.361,-0.194,-0.306,-0.379,-0.26,0.655,-0.306,-0.504,-0.504,-0.302,-0.41,0.326,0.101,-0.438,-0.368,0.037,0.185,0.398,0.433,0.4,-0.404,0.307,-0.381,-0.455,0.007,0.527,-0.541,0.094,0.338,-0.303,0.402,-0.414,-0.369,0.17,-0.423
MNST,0.601,0.838,-0.691,0.472,0.568,0.308,-0.629,-0.455,-0.012,-0.058,-0.185,-0.598,-0.701,-0.216,-0.048,0.608,0.606,-0.019,-0.492,0.487,0.769,0.481,-0.221,-0.486,-0.595,0.368,0.187,-0.607,0.532,0.067,-0.777,0.455,0.453,0.52,-0.629,0.637,-0.077,0.72,-0.683,0.138,0.153,-0.676,0.727,0.475,-0.392,-0.133,-0.281,0.747,0.599,1.0,-0.493,0.456,0.672,-0.061,0.195,0.475,0.296,0.544,0.06,0.632,-0.732,-0.554,0.597,0.83,-0.201,0.729,0.024,-0.485,-0.605,-0.434,0.76,-0.443,-0.791,-0.586,-0.473,-0.559,0.729,-0.104,-0.732,-0.539,-0.325,-0.194,0.745,0.651,0.763,-0.673,0.575,-0.607,-0.601,0.128,0.442,-0.647,0.292,0.068,-0.081,0.552,-0.685,-0.374,0.126,-0.214
MRNA,-0.287,-0.371,0.59,-0.41,-0.197,-0.493,0.735,0.701,0.161,0.253,0.298,0.554,0.684,0.252,0.232,-0.482,-0.501,0.08,0.341,-0.133,-0.243,-0.439,0.189,0.426,0.76,-0.422,0.128,0.416,-0.462,0.106,0.557,-0.581,-0.586,-0.518,0.704,-0.043,0.367,-0.48,0.656,-0.003,-0.136,0.626,-0.225,-0.462,0.355,0.328,0.6,-0.597,-0.6,-0.493,1.0,-0.097,-0.593,0.139,-0.391,-0.421,-0.411,-0.364,0.105,-0.406,0.582,0.655,-0.317,-0.248,0.048,-0.231,0.043,0.504,0.41,0.488,-0.572,0.399,0.624,0.639,0.427,0.634,-0.248,0.169,0.6,0.527,0.313,-0.003,-0.292,-0.292,-0.432,0.523,-0.015,0.334,0.562,0.094,-0.448,0.722,0.039,-0.042,0.454,-0.598,0.483,0.652,-0.212,0.375
MRVL,0.604,0.638,-0.39,0.584,0.523,0.319,-0.294,-0.187,0.499,0.168,0.435,-0.079,-0.135,0.046,0.304,0.452,0.542,0.328,0.204,0.42,0.497,0.264,0.092,-0.529,-0.148,0.506,0.453,-0.361,0.353,0.38,-0.416,0.438,0.437,0.472,-0.265,0.537,0.242,0.501,-0.015,0.058,0.567,-0.31,0.352,0.428,-0.39,0.266,0.236,0.364,0.394,0.456,-0.097,1.0,0.453,-0.008,0.392,0.552,0.276,0.374,0.231,0.667,-0.358,0.074,0.697,0.43,0.116,0.582,0.339,-0.42,-0.123,-0.419,0.38,-0.293,-0.3,-0.342,-0.338,-0.318,0.503,0.227,-0.099,-0.496,-0.267,-0.275,0.536,0.518,0.399,-0.184,0.48,-0.159,-0.303,0.538,0.363,0.041,0.572,-0.188,0.258,0.455,-0.43,0.093,0.529,0.27
MSFT,0.676,0.638,-0.546,0.5,0.345,0.417,-0.688,-0.653,-0.123,-0.197,-0.163,-0.417,-0.712,0.031,-0.123,0.767,0.485,-0.065,-0.363,0.343,0.515,0.769,0.032,-0.441,-0.671,0.305,-0.064,-0.554,0.348,0.009,-0.665,0.53,0.538,0.407,-0.627,0.443,0.121,0.508,-0.555,0.343,0.2,-0.666,0.513,0.474,-0.441,0.142,-0.4,0.802,0.834,0.672,-0.593,0.453,1.0,0.137,0.562,0.419,0.233,0.488,-0.082,0.663,-0.654,-0.37,0.547,0.463,-0.21,0.447,-0.089,-0.513,-0.432,-0.458,0.831,-0.392,-0.65,-0.651,-0.422,-0.594,0.471,0.194,-0.487,-0.579,-0.166,-0.033,0.53,0.584,0.629,-0.601,0.426,-0.476,-0.501,0.166,0.56,-0.539,0.19,0.336,-0.211,0.474,-0.652,-0.431,0.16,-0.288
MSTR,-0.147,-0.092,0.223,-0.48,-0.306,-0.446,0.194,0.127,-0.415,-0.515,-0.332,0.416,0.051,0.539,-0.361,0.294,-0.476,-0.458,-0.075,-0.416,-0.165,0.267,0.545,0.315,0.158,-0.395,-0.46,0.391,-0.531,-0.227,-0.021,-0.401,-0.404,-0.392,0.234,-0.052,0.527,-0.212,0.003,0.418,-0.157,-0.011,0.094,-0.392,0.382,0.631,0.084,0.024,0.191,-0.061,0.139,-0.008,0.137,1.0,-0.035,-0.503,-0.524,-0.032,-0.214,-0.084,0.238,0.076,-0.191,-0.149,-0.335,-0.147,-0.378,0.309,0.077,0.425,-0.151,0.391,0.091,0.332,0.51,0.299,-0.252,0.608,0.121,0.217,0.615,0.348,-0.172,-0.013,-0.357,0.111,0.186,-0.074,0.04,-0.042,0.216,-0.039,-0.233,0.543,0.029,-0.453,0.247,0.173,-0.216,-0.394
MU,0.295,0.277,-0.194,0.493,0.269,0.309,-0.225,-0.271,0.22,-0.301,0.3,-0.045,-0.282,0.198,0.269,0.467,0.318,0.015,0.085,0.093,0.098,0.327,0.102,-0.508,-0.209,0.417,0.045,-0.266,0.156,-0.093,-0.306,0.457,0.473,0.389,-0.142,0.039,0.165,0.212,-0.009,0.162,0.434,-0.446,-0.07,0.544,-0.226,0.035,-0.184,0.378,0.535,0.195,-0.391,0.392,0.562,-0.035,1.0,0.443,0.155,0.156,-0.167,0.375,-0.265,-0.059,0.281,0.008,0.353,0.112,-0.005,-0.134,0.205,-0.172,0.337,-0.272,-0.336,-0.222,-0.237,-0.145,0.092,0.148,-0.262,-0.227,-0.047,0.172,0.14,0.159,0.287,-0.067,-0.092,-0.149,-0.521,0.061,0.396,-0.15,0.077,0.005,-0.152,0.555,-0.177,-0.117,0.694,-0.068
MVIS,0.533,0.502,-0.623,0.702,0.67,0.513,-0.578,-0.501,0.351,0.244,0.459,-0.392,-0.373,-0.393,0.316,0.16,0.699,0.496,0.016,0.532,0.493,0.136,-0.388,-0.658,-0.514,0.697,0.485,-0.511,0.642,0.332,-0.565,0.695,0.711,0.665,-0.621,0.518,-0.293,0.715,-0.116,-0.243,0.553,-0.519,0.28,0.647,-0.712,-0.139,-0.192,0.329,0.223,0.475,-0.421,0.552,0.419,-0.503,0.443,1.0,0.527,0.529,0.424,0.614,-0.593,-0.05,0.585,0.506,0.23,0.533,0.512,-0.713,-0.269,-0.678,0.537,-0.518,-0.595,-0.623,-0.588,-0.667,0.577,-0.086,-0.384,-0.71,-0.64,-0.476,0.583,0.513,0.668,-0.42,0.294,-0.283,-0.437,0.42,0.328,-0.249,0.472,-0.297,0.142,0.832,-0.622,-0.259,0.638,0.352
NFLX,0.45,0.476,-0.392,0.553,0.547,0.615,-0.388,-0.511,0.36,0.257,0.092,-0.524,-0.15,-0.513,0.387,0.075,0.63,0.494,0.127,0.496,0.484,0.19,-0.291,-0.387,-0.314,0.647,0.455,-0.328,0.774,0.39,-0.388,0.647,0.64,0.649,-0.466,0.224,-0.422,0.477,-0.314,-0.304,0.361,-0.352,0.163,0.475,-0.634,-0.368,-0.367,0.297,0.147,0.296,-0.411,0.276,0.233,-0.524,0.155,0.527,1.0,0.4,0.453,0.402,-0.497,-0.209,0.309,0.431,0.098,0.369,0.512,-0.58,-0.292,-0.617,0.324,-0.567,-0.343,-0.562,-0.642,-0.552,0.592,-0.153,-0.16,-0.52,-0.643,-0.259,0.36,0.39,0.537,-0.344,0.196,-0.118,-0.164,0.386,0.378,-0.281,0.541,-0.404,0.107,0.455,-0.415,-0.234,0.132,0.221
NNDM,0.649,0.575,-0.476,0.37,0.437,0.195,-0.598,-0.545,-0.102,-0.04,-0.008,-0.341,-0.522,-0.101,0.067,0.401,0.492,0.223,-0.291,0.48,0.638,0.505,-0.062,-0.229,-0.556,0.294,0.143,-0.227,0.48,0.248,-0.72,0.303,0.332,0.351,-0.63,0.56,0.02,0.661,-0.259,0.146,0.245,-0.623,0.593,0.354,-0.487,-0.062,-0.324,0.542,0.391,0.544,-0.364,0.374,0.488,-0.032,0.156,0.529,0.4,1.0,0.314,0.594,-0.62,-0.132,0.538,0.669,-0.156,0.576,0.389,-0.587,-0.51,-0.498,0.526,-0.347,-0.606,-0.521,-0.395,-0.588,0.633,-0.026,-0.371,-0.646,-0.212,-0.35,0.587,0.675,0.6,-0.597,0.565,-0.561,-0.152,0.415,0.494,-0.473,0.502,0.203,0.217,0.503,-0.632,-0.219,0.227,-0.057
NVAX,0.255,0.229,-0.064,0.053,0.465,0.219,-0.047,-0.18,0.235,0.246,0.154,-0.161,0.1,-0.287,0.374,-0.116,0.229,0.601,0.187,0.298,0.32,0.005,-0.269,-0.004,0.024,0.315,0.572,0.105,0.219,0.414,-0.102,0.25,0.261,0.241,-0.127,0.257,-0.141,0.309,0.047,-0.289,0.212,0.02,0.118,-0.045,-0.409,-0.012,0.008,-0.088,-0.203,0.06,0.105,0.231,-0.082,-0.214,-0.167,0.424,0.453,0.314,1.0,0.155,-0.081,0.322,0.134,0.301,0.109,0.201,0.682,-0.325,-0.097,-0.219,-0.002,-0.162,-0.074,-0.156,-0.173,-0.202,0.47,0.17,0.202,-0.243,-0.363,-0.336,0.181,0.316,0.167,-0.028,0.39,0.073,0.146,0.439,0.179,0.17,0.425,-0.26,0.563,0.049,-0.159,0.279,0.05,0.46
NVDA,0.757,0.716,-0.531,0.593,0.615,0.339,-0.616,-0.536,0.254,-0.026,0.157,-0.468,-0.491,-0.099,0.143,0.52,0.586,0.193,-0.095,0.532,0.662,0.494,-0.066,-0.463,-0.509,0.413,0.223,-0.514,0.513,0.246,-0.652,0.494,0.493,0.473,-0.586,0.598,-0.048,0.77,-0.358,0.193,0.297,-0.648,0.516,0.587,-0.538,-0.069,-0.147,0.628,0.569,0.632,-0.406,0.667,0.663,-0.084,0.375,0.614,0.402,0.594,0.155,1.0,-0.539,-0.27,0.81,0.589,-0.073,0.677,0.26,-0.593,-0.496,-0.537,0.644,-0.494,-0.609,-0.608,-0.522,-0.581,0.6,0.004,-0.405,-0.689,-0.441,-0.15,0.639,0.621,0.621,-0.579,0.414,-0.439,-0.418,0.414,0.489,-0.382,0.562,0.007,0.099,0.559,-0.624,-0.239,0.318,0.017
NWL,-0.626,-0.602,0.776,-0.585,-0.412,-0.37,0.76,0.609,0.054,-0.122,0.123,0.587,0.713,0.249,0.058,-0.432,-0.715,-0.109,0.328,-0.601,-0.609,-0.336,0.225,0.624,0.716,-0.519,-0.094,0.669,-0.761,-0.152,0.765,-0.566,-0.569,-0.601,0.777,-0.398,0.218,-0.624,0.588,-0.057,-0.328,0.734,-0.498,-0.572,0.556,0.173,0.358,-0.643,-0.469,-0.732,0.582,-0.358,-0.654,0.238,-0.265,-0.593,-0.497,-0.62,-0.081,-0.539,1.0,0.403,-0.512,-0.665,0.248,-0.621,-0.042,0.699,0.472,0.661,-0.683,0.507,0.748,0.73,0.61,0.751,-0.59,0.142,0.612,0.743,0.422,0.372,-0.686,-0.679,-0.787,0.694,-0.373,0.602,0.55,-0.294,-0.401,0.622,-0.415,0.118,0.14,-0.617,0.776,0.58,-0.251,0.008
OCGN,-0.129,-0.318,0.468,-0.24,-0.031,-0.176,0.465,0.396,0.237,0.184,0.494,0.509,0.501,0.207,0.359,-0.41,-0.321,0.462,0.395,-0.188,-0.24,-0.337,0.001,0.177,0.535,-0.054,0.367,0.423,-0.368,0.236,0.355,-0.212,-0.192,-0.223,0.46,-0.122,0.266,-0.315,0.697,-0.083,0.259,0.511,-0.305,-0.35,0.077,0.435,0.429,-0.573,-0.483,-0.554,0.655,0.074,-0.37,0.076,-0.059,-0.05,-0.209,-0.132,0.322,-0.27,0.403,1.0,-0.247,-0.32,0.158,-0.223,0.373,0.172,0.526,0.155,-0.515,0.178,0.449,0.38,0.227,0.342,-0.138,0.394,0.65,0.189,0.127,-0.135,-0.174,-0.11,-0.311,0.561,0.003,0.37,0.4,0.317,-0.166,0.682,0.125,-0.164,0.625,-0.319,0.278,0.58,0.09,0.607
