,AAL,AAPL,AGNC,AMAT,AMD,AMZN,APA,ARDX,AVGO,AZN,BIDU,BILI,BKR,CAN,CHRD,CMCSA,CPRT,CRWD,CSCO,CSX,DKNG,EBAY,ERIC,EXC,FITB,FLEX,FTNT,GEN,GERN,GEVO,GILD,GOOG,GOOGL,GT,HBAN,HST,INTC,IOVA,IQ,JBLU,JD,KDP,KHC,LRCX,LYFT,MARA,MCHP,MDLZ,META,MNST,MRNA,MRVL,MSFT,MSTR,MU,MVIS,NFLX,NNDM,NVAX,NVDA,NWL,OCGN,ON,OPK,PAA,PACB,PANW,PARA,PDD,PENN,PEP,PLUG,PTEN,PTON,PYPL,QCOM,QVCGA,RIOT,ROKU,RUN,SABR,SBUX,SMCI,SNDL,STNE,TCOM,TLRY,TMUS,TSCO,TSLA,TTD,TXN,UAL,VOD,VTRS,VXRT,WBA,WBD,WDC,ZM
AAL,1.0,0.577,0.547,0.518,0.486,0.665,0.731,0.109,0.291,0.268,0.598,0.267,0.834,0.241,0.434,0.469,0.399,0.052,0.054,0.586,-0.117,0.531,0.637,0.239,0.582,0.537,0.64,0.417,0.329,0.59,0.44,0.666,0.648,0.675,0.57,0.553,0.507,0.384,0.105,0.679,0.656,0.094,0.182,0.672,0.37,0.092,0.721,0.061,0.266,0.457,0.489,0.457,0.589,0.369,0.524,0.456,0.518,0.153,0.174,0.079,0.424,0.558,0.562,0.184,0.438,0.66,-0.215,0.387,0.677,0.655,0.094,0.417,0.726,0.689,0.649,0.576,0.13,0.247,0.054,0.656,0.446,0.703,0.194,0.271,0.489,0.418,0.515,0.416,0.394,0.308,0.212,0.739,0.375,0.078,0.307,0.314,0.375,0.171,0.583,0.306
AAPL,0.577,1.0,0.337,0.364,0.539,0.619,0.359,0.44,0.49,0.265,0.268,0.355,0.496,0.175,0.555,0.318,-0.018,0.071,0.233,0.18,-0.115,0.183,0.589,0.434,0.174,0.45,0.63,0.192,0.07,0.423,0.386,0.798,0.781,0.327,0.128,0.31,0.484,0.059,0.186,0.39,0.398,0.149,0.171,0.508,0.242,0.11,0.716,0.264,0.491,0.648,0.428,0.157,0.675,0.214,0.389,0.292,0.298,0.07,0.219,-0.081,0.041,0.267,0.522,0.227,0.102,0.572,-0.375,0.25,0.443,0.361,0.337,0.307,0.539,0.566,0.649,0.274,0.091,0.288,0.061,0.356,0.35,0.487,-0.176,0.142,0.662,0.419,0.264,0.365,0.298,0.048,0.276,0.672,0.078,0.023,0.137,0.336,0.211,-0.192,0.449,0.195
AGNC,0.547,0.337,1.0,-0.153,-0.055,0.799,0.625,-0.422,-0.354,0.771,0.262,0.49,0.546,0.616,-0.191,0.774,-0.031,-0.402,0.147,0.585,-0.139,0.652,0.667,0.53,0.844,0.81,0.445,0.879,0.349,0.712,0.707,0.298,0.31,0.524,0.815,0.654,0.325,0.616,0.06,0.802,0.723,0.631,0.681,0.444,0.751,0.542,0.328,0.503,-0.335,0.487,0.586,0.682,0.538,0.79,0.776,0.862,0.711,-0.133,0.716,-0.377,0.64,0.624,0.415,-0.139,0.308,0.701,-0.478,0.676,0.219,0.877,0.554,0.788,0.212,0.622,0.503,0.758,0.716,0.317,0.225,0.508,0.592,0.72,-0.185,0.767,0.568,0.061,0.794,0.803,0.677,0.627,0.165,0.314,-0.22,0.316,0.703,0.601,0.808,0.381,0.827,0.715
AMAT,0.518,0.364,-0.153,1.0,0.478,0.049,0.264,0.444,0.671,-0.359,0.344,-0.045,0.478,-0.163,0.586,-0.021,0.506,0.404,-0.027,0.099,-0.031,-0.075,0.148,-0.02,0.011,-0.047,0.24,-0.181,0.134,0.085,-0.192,0.423,0.377,0.349,0.02,0.176,0.179,0.036,0.086,0.075,0.064,-0.334,-0.29,0.419,-0.238,-0.148,0.479,-0.312,0.665,0.151,-0.048,0.05,0.162,-0.149,-0.045,-0.091,-0.128,0.372,-0.283,0.364,0.002,0.158,0.21,0.312,0.391,0.178,0.107,-0.067,0.598,-0.003,-0.382,-0.037,0.566,0.25,0.224,0.009,-0.351,0.151,-0.032,0.318,0.007,0.063,0.511,-0.174,0.086,0.418,-0.087,-0.206,-0.136,-0.069,0.138,0.525,0.575,-0.2,-0.188,-0.201,-0.139,-0.003,-0.045,-0.005
AMD,0.486,0.539,-0.055,0.478,1.0,0.252,0.25,0.495,0.575,-0.16,0.134,0.001,0.271,-0.299,0.645,-0.098,0.074,0.392,-0.3,0.013,-0.377,-0.057,0.142,-0.083,-0.128,0.055,0.47,-0.107,-0.165,0.157,0.041,0.453,0.463,0.129,-0.136,0.133,0.43,-0.215,0.133,0.064,0.141,-0.216,-0.28,0.491,-0.239,-0.4,0.677,-0.225,0.506,0.253,0.167,-0.009,0.398,-0.224,0.16,-0.098,0.06,0.042,-0.206,0.402,-0.239,0.135,0.554,0.526,-0.042,0.185,-0.076,-0.251,0.314,-0.045,-0.056,0.001,0.309,0.206,0.462,0.09,-0.245,-0.217,-0.383,0.076,0.127,0.122,0.154,-0.16,0.392,0.304,-0.178,-0.039,-0.015,-0.283,-0.067,0.588,0.412,-0.276,-0.23,0.001,-0.211,-0.333,0.119,-0.145
AMZN,0.665,0.619,0.799,0.049,0.252,1.0,0.65,-0.233,-0.111,0.733,0.441,0.6,0.646,0.611,0.016,0.724,-0.149,-0.423,0.094,0.556,-0.263,0.646,0.765,0.468,0.608,0.747,0.566,0.716,0.139,0.85,0.778,0.544,0.537,0.394,0.559,0.674,0.652,0.455,0.114,0.7,0.758,0.462,0.624,0.707,0.617,0.445,0.574,0.486,-0.133,0.561,0.75,0.595,0.791,0.693,0.805,0.796,0.75,-0.247,0.648,-0.385,0.499,0.633,0.63,0.093,0.112,0.87,-0.54,0.546,0.398,0.771,0.55,0.768,0.433,0.666,0.691,0.721,0.619,0.281,0.104,0.46,0.636,0.858,-0.342,0.626,0.708,0.201,0.753,0.698,0.711,0.575,0.147,0.61,-0.266,0.204,0.574,0.642,0.617,0.063,0.83,0.623
APA,0.731,0.359,0.625,0.264,0.25,0.65,1.0,-0.206,-0.079,0.412,0.579,0.346,0.854,0.424,0.305,0.532,0.206,-0.15,-0.225,0.7,-0.398,0.65,0.564,0.127,0.75,0.7,0.336,0.613,0.335,0.69,0.526,0.396,0.399,0.462,0.712,0.735,0.35,0.533,0.229,0.732,0.642,0.209,0.433,0.618,0.42,0.165,0.359,0.14,-0.01,0.334,0.514,0.665,0.594,0.443,0.651,0.598,0.64,-0.085,0.373,0.028,0.612,0.666,0.387,0.062,0.378,0.618,-0.249,0.442,0.534,0.687,0.23,0.494,0.667,0.547,0.599,0.665,0.385,0.123,-0.109,0.438,0.705,0.723,0.044,0.477,0.361,0.369,0.606,0.411,0.444,0.434,-0.046,0.449,0.102,0.056,0.593,0.302,0.596,0.249,0.739,0.483
ARDX,0.109,0.44,-0.422,0.444,0.495,-0.233,-0.206,1.0,0.906,-0.519,-0.08,-0.077,0.009,-0.605,0.721,-0.47,0.313,0.585,-0.019,-0.349,0.103,-0.507,-0.106,-0.101,-0.376,-0.384,0.168,-0.499,0.062,-0.375,-0.377,0.303,0.274,-0.001,-0.365,-0.328,-0.067,-0.369,0.181,-0.306,-0.294,-0.374,-0.553,0.012,-0.488,-0.531,0.282,-0.201,0.842,0.087,-0.287,-0.332,-0.028,-0.524,-0.394,-0.537,-0.457,0.313,-0.465,0.393,-0.43,-0.343,-0.017,0.154,0.07,-0.241,0.25,-0.413,0.146,-0.37,-0.248,-0.426,0.239,0.098,0.102,-0.401,-0.581,-0.087,-0.2,0.013,-0.282,-0.266,0.209,-0.525,0.112,0.287,-0.545,-0.381,-0.492,-0.586,-0.048,0.219,0.557,-0.438,-0.543,-0.31,-0.454,-0.268,-0.427,-0.507
AVGO,0.291,0.49,-0.354,0.671,0.575,-0.111,-0.079,0.906,1.0,-0.508,0.155,0.012,0.173,-0.535,0.751,-0.334,0.396,0.591,-0.013,-0.159,0.001,-0.361,0.034,-0.067,-0.279,-0.294,0.269,-0.406,0.066,-0.183,-0.372,0.41,0.372,0.154,-0.261,-0.227,0.145,-0.301,0.199,-0.146,-0.124,-0.406,-0.552,0.199,-0.436,-0.49,0.432,-0.274,0.86,0.133,-0.212,-0.206,0.061,-0.424,-0.252,-0.409,-0.356,0.361,-0.421,0.375,-0.307,-0.131,0.105,0.31,0.179,-0.064,0.215,-0.381,0.4,-0.238,-0.314,-0.261,0.397,0.212,0.153,-0.251,-0.519,-0.051,-0.185,0.154,-0.234,-0.125,0.29,-0.404,0.153,0.431,-0.417,-0.349,-0.403,-0.458,0.03,0.434,0.586,-0.317,-0.498,-0.218,-0.369,-0.247,-0.31,-0.352
AZN,0.268,0.265,0.771,-0.359,-0.16,0.733,0.412,-0.519,-0.508,1.0,0.122,0.491,0.252,0.648,-0.432,0.771,-0.384,-0.687,0.093,0.456,-0.199,0.622,0.613,0.529,0.55,0.668,0.221,0.703,0.065,0.638,0.817,0.222,0.22,0.127,0.483,0.593,0.426,0.389,-0.089,0.513,0.516,0.633,0.801,0.327,0.636,0.549,0.222,0.721,-0.416,0.36,0.696,0.463,0.586,0.7,0.698,0.782,0.695,-0.464,0.709,-0.595,0.448,0.517,0.366,-0.092,-0.086,0.62,-0.603,0.561,0.023,0.661,0.744,0.631,0.021,0.32,0.378,0.588,0.653,0.181,0.088,0.177,0.568,0.629,-0.532,0.611,0.451,-0.054,0.706,0.796,0.668,0.525,-0.019,0.218,-0.536,0.311,0.641,0.594,0.681,0.048,0.771,0.611
BIDU,0.598,0.268,0.262,0.344,0.134,0.441,0.579,-0.08,0.155,0.122,1.0,0.5,0.595,0.291,0.15,0.408,0.317,-0.012,-0.005,0.603,-0.197,0.575,0.505,0.09,0.407,0.441,0.47,0.291,0.293,0.491,0.275,0.494,0.481,0.411,0.379,0.461,0.452,0.408,0.387,0.512,0.588,-0.007,0.149,0.454,0.379,0.111,0.258,0.003,0.124,0.304,0.396,0.35,0.442,0.266,0.35,0.341,0.481,0.105,0.207,-0.026,0.388,0.528,0.288,0.061,0.305,0.47,-0.006,0.352,0.668,0.491,0.0,0.34,0.675,0.523,0.378,0.431,0.193,0.243,0.06,0.505,0.358,0.658,-0.025,0.274,0.199,0.542,0.428,0.16,0.323,0.396,0.205,0.443,0.042,0.249,0.305,0.344,0.345,0.143,0.385,0.336
BILI,0.267,0.355,0.49,-0.045,0.001,0.6,0.346,-0.077,0.012,0.491,0.5,1.0,0.298,0.402,-0.13,0.591,-0.143,-0.357,0.102,0.378,-0.223,0.485,0.619,0.446,0.36,0.455,0.306,0.55,0.16,0.611,0.507,0.317,0.325,0.13,0.302,0.378,0.518,0.419,0.27,0.416,0.603,0.466,0.402,0.409,0.441,0.264,0.173,0.495,-0.049,0.506,0.624,0.404,0.498,0.457,0.51,0.622,0.549,-0.236,0.639,-0.391,0.403,0.586,0.381,-0.002,0.049,0.618,-0.425,0.405,0.382,0.566,0.446,0.62,0.207,0.518,0.313,0.542,0.583,0.197,0.106,0.303,0.402,0.632,-0.473,0.554,0.523,0.45,0.439,0.49,0.442,0.328,0.048,0.376,-0.368,0.171,0.449,0.734,0.579,-0.004,0.55,0.538
BKR,0.834,0.496,0.546,0.478,0.271,0.646,0.854,0.009,0.173,0.252,0.595,0.298,1.0,0.356,0.43,0.457,0.367,-0.013,0.019,0.59,-0.15,0.488,0.597,0.205,0.667,0.599,0.494,0.497,0.399,0.634,0.442,0.561,0.549,0.598,0.647,0.658,0.341,0.474,0.234,0.676,0.636,0.129,0.356,0.637,0.383,0.157,0.52,0.115,0.201,0.411,0.385,0.546,0.578,0.387,0.522,0.478,0.457,0.099,0.236,0.001,0.53,0.556,0.386,0.075,0.521,0.67,-0.215,0.424,0.674,0.616,0.151,0.458,0.827,0.696,0.684,0.56,0.239,0.263,0.039,0.521,0.599,0.694,0.166,0.407,0.417,0.41,0.545,0.333,0.366,0.449,0.114,0.576,0.234,-0.035,0.405,0.304,0.448,0.201,0.553,0.386
CAN,0.241,0.175,0.616,-0.163,-0.299,0.611,0.424,-0.605,-0.535,0.648,0.291,0.402,0.356,1.0,-0.403,0.739,-0.209,-0.474,0.356,0.473,0.015,0.601,0.549,0.434,0.581,0.619,0.241,0.669,0.129,0.636,0.581,0.185,0.206,0.306,0.54,0.605,0.159,0.625,-0.153,0.601,0.565,0.514,0.732,0.354,0.753,0.829,0.095,0.367,-0.481,0.235,0.473,0.602,0.363,0.849,0.659,0.707,0.614,-0.106,0.573,-0.438,0.652,0.51,0.194,-0.238,0.152,0.664,-0.404,0.78,0.138,0.639,0.355,0.665,0.207,0.424,0.222,0.619,0.627,0.603,0.526,0.321,0.481,0.542,-0.263,0.725,0.277,0.015,0.826,0.596,0.565,0.83,0.384,0.097,-0.452,0.482,0.781,0.57,0.693,0.317,0.63,0.665
CHRD,0.434,0.555,-0.191,0.586,0.645,0.016,0.305,0.721,0.751,-0.432,0.15,-0.13,0.43,-0.403,1.0,-0.328,0.425,0.594,-0.227,-0.008,-0.146,-0.201,0.01,-0.168,-0.047,-0.072,0.231,-0.26,0.053,-0.035,-0.242,0.365,0.346,0.202,-0.04,-0.043,0.091,-0.165,0.23,0.086,-0.027,-0.382,-0.432,0.25,-0.385,-0.489,0.417,-0.325,0.723,0.168,-0.122,-0.036,0.149,-0.372,-0.08,-0.292,-0.196,0.262,-0.379,0.483,-0.176,-0.047,0.172,0.253,0.232,-0.001,0.179,-0.296,0.408,-0.089,-0.275,-0.242,0.576,0.203,0.31,-0.056,-0.406,-0.101,-0.316,0.136,0.017,0.016,0.345,-0.338,0.187,0.436,-0.303,-0.278,-0.291,-0.405,-0.091,0.383,0.611,-0.355,-0.234,-0.269,-0.242,-0.146,-0.063,-0.292
CMCSA,0.469,0.318,0.774,-0.021,-0.098,0.724,0.532,-0.47,-0.334,0.771,0.408,0.591,0.457,0.739,-0.328,1.0,-0.2,-0.505,0.278,0.652,-0.213,0.741,0.723,0.611,0.658,0.727,0.438,0.781,0.19,0.757,0.748,0.409,0.4,0.378,0.606,0.728,0.483,0.591,-0.009,0.682,0.71,0.664,0.758,0.496,0.717,0.602,0.336,0.485,-0.264,0.496,0.694,0.585,0.583,0.75,0.716,0.86,0.742,-0.251,0.728,-0.466,0.625,0.742,0.412,-0.009,0.117,0.733,-0.578,0.72,0.308,0.755,0.505,0.713,0.244,0.561,0.405,0.771,0.634,0.325,0.315,0.395,0.619,0.718,-0.27,0.761,0.48,0.213,0.802,0.75,0.688,0.652,0.216,0.343,-0.367,0.429,0.741,0.636,0.795,0.241,0.786,0.814
CPRT,0.399,-0.018,-0.031,0.506,0.074,-0.149,0.206,0.313,0.396,-0.384,0.317,-0.143,0.367,-0.209,0.425,-0.2,1.0,0.595,-0.008,0.13,0.31,-0.072,-0.04,-0.123,0.251,-0.163,0.185,-0.136,0.428,-0.154,-0.341,0.001,-0.032,0.497,0.299,-0.033,-0.263,0.217,0.305,0.182,-0.028,-0.315,-0.348,-0.027,-0.17,-0.1,0.069,-0.222,0.398,-0.034,-0.319,0.062,-0.286,-0.088,-0.184,-0.162,-0.231,0.579,-0.351,0.486,0.077,-0.057,-0.181,-0.203,0.707,-0.113,0.598,0.037,0.306,0.125,-0.329,-0.197,0.402,0.241,-0.02,-0.004,-0.34,0.26,0.114,0.474,-0.237,-0.019,0.586,-0.212,-0.178,0.249,-0.1,-0.198,-0.219,-0.016,0.11,0.119,0.72,-0.062,-0.126,-0.341,-0.048,0.489,-0.208,-0.17
CRWD,0.052,0.071,-0.402,0.404,0.392,-0.423,-0.15,0.585,0.591,-0.687,-0.012,-0.357,-0.013,-0.474,0.594,-0.505,0.595,1.0,-0.072,-0.263,0.212,-0.471,-0.344,-0.28,-0.207,-0.417,0.205,-0.422,0.149,-0.362,-0.636,0.018,0.03,0.285,-0.151,-0.359,-0.368,-0.166,0.165,-0.113,-0.34,-0.522,-0.635,-0.211,-0.439,-0.339,0.086,-0.487,0.491,-0.179,-0.564,-0.253,-0.395,-0.379,-0.435,-0.522,-0.564,0.623,-0.629,0.644,-0.367,-0.293,-0.23,0.165,0.351,-0.372,0.604,-0.311,0.045,-0.345,-0.499,-0.48,0.115,-0.009,-0.152,-0.327,-0.625,0.104,-0.026,0.153,-0.421,-0.414,0.561,-0.422,-0.249,0.259,-0.501,-0.471,-0.527,-0.343,0.137,-0.022,0.718,-0.117,-0.5,-0.468,-0.41,0.075,-0.512,-0.481
CSCO,0.054,0.233,0.147,-0.027,-0.3,0.094,-0.225,-0.019,-0.013,0.093,-0.005,0.102,0.019,0.356,-0.227,0.278,-0.008,-0.072,1.0,-0.025,0.65,0.074,0.295,0.474,0.076,0.063,0.296,0.065,0.125,0.018,0.051,0.276,0.274,0.337,0.087,-0.114,-0.034,0.046,-0.199,0.098,0.148,0.24,0.193,-0.111,0.348,0.522,0.137,0.287,-0.115,0.224,0.05,-0.085,-0.072,0.354,0.033,0.13,0.032,0.371,0.065,-0.231,0.11,-0.1,-0.035,-0.233,0.19,0.234,-0.076,0.528,-0.011,0.201,0.147,0.108,-0.027,0.267,-0.015,-0.031,-0.011,0.632,0.885,0.343,-0.126,0.115,-0.001,0.131,0.045,-0.08,0.307,0.289,0.136,0.286,0.652,0.076,-0.095,0.407,0.039,0.267,0.126,0.253,0.006,0.048
CSX,0.586,0.18,0.585,0.099,0.013,0.556,0.7,-0.349,-0.159,0.456,0.603,0.378,0.59,0.473,-0.008,0.652,0.13,-0.263,-0.025,1.0,-0.322,0.683,0.59,0.172,0.695,0.58,0.311,0.613,0.28,0.691,0.479,0.272,0.261,0.483,0.688,0.588,0.375,0.575,0.101,0.746,0.606,0.249,0.427,0.523,0.52,0.238,0.272,0.188,-0.151,0.221,0.414,0.656,0.468,0.525,0.629,0.627,0.631,-0.088,0.415,-0.136,0.725,0.634,0.23,0.003,0.277,0.566,-0.268,0.463,0.437,0.674,0.245,0.501,0.49,0.545,0.385,0.76,0.437,0.078,0.03,0.386,0.531,0.62,0.01,0.471,0.205,0.286,0.66,0.394,0.492,0.544,0.025,0.376,-0.023,0.363,0.672,0.327,0.677,0.324,0.664,0.525
DKNG,-0.117,-0.115,-0.139,-0.031,-0.377,-0.263,-0.398,0.103,0.001,-0.199,-0.197,-0.223,-0.15,0.015,-0.146,-0.213,0.31,0.212,0.65,-0.322,1.0,-0.178,-0.176,0.217,-0.079,-0.334,0.015,-0.175,0.239,-0.328,-0.24,-0.101,-0.121,0.226,-0.033,-0.388,-0.42,-0.049,-0.165,-0.142,-0.222,-0.04,-0.069,-0.383,0.035,0.29,-0.156,0.181,-0.03,-0.1,-0.26,-0.305,-0.462,0.053,-0.313,-0.204,-0.284,0.462,-0.247,0.02,-0.048,-0.37,-0.341,-0.416,0.265,-0.168,0.293,0.243,-0.258,-0.07,-0.119,-0.246,-0.173,0.007,-0.284,-0.316,-0.287,0.522,0.663,0.274,-0.485,-0.149,0.149,-0.197,-0.258,-0.223,-0.064,0.032,-0.093,0.089,0.43,-0.245,0.167,0.201,-0.27,-0.122,-0.141,0.261,-0.349,-0.272
EBAY,0.531,0.183,0.652,-0.075,-0.057,0.646,0.65,-0.507,-0.361,0.622,0.575,0.485,0.488,0.601,-0.201,0.741,-0.072,-0.471,0.074,0.683,-0.178,1.0,0.624,0.398,0.635,0.67,0.348,0.685,0.14,0.684,0.648,0.311,0.332,0.279,0.585,0.561,0.519,0.453,0.061,0.669,0.72,0.472,0.59,0.548,0.629,0.399,0.297,0.339,-0.348,0.397,0.803,0.583,0.498,0.59,0.748,0.733,0.908,-0.324,0.645,-0.367,0.666,0.783,0.534,0.014,0.054,0.615,-0.442,0.573,0.336,0.755,0.325,0.658,0.336,0.477,0.381,0.764,0.628,0.184,0.151,0.421,0.564,0.821,-0.273,0.635,0.441,0.214,0.725,0.676,0.718,0.539,0.127,0.346,-0.37,0.489,0.683,0.602,0.656,0.226,0.814,0.657
ERIC,0.637,0.589,0.667,0.148,0.142,0.765,0.564,-0.106,0.034,0.613,0.505,0.619,0.597,0.549,0.01,0.723,-0.04,-0.344,0.295,0.59,-0.176,0.624,1.0,0.548,0.558,0.76,0.62,0.585,0.104,0.697,0.645,0.591,0.621,0.479,0.501,0.558,0.599,0.379,0.088,0.614,0.744,0.419,0.553,0.63,0.639,0.45,0.595,0.411,0.006,0.569,0.665,0.493,0.677,0.624,0.657,0.691,0.652,-0.023,0.556,-0.352,0.488,0.632,0.531,0.11,0.219,0.853,-0.493,0.624,0.542,0.718,0.455,0.666,0.488,0.662,0.6,0.647,0.475,0.377,0.241,0.457,0.663,0.724,-0.29,0.601,0.609,0.339,0.768,0.675,0.582,0.501,0.386,0.652,-0.224,0.323,0.519,0.646,0.603,0.089,0.714,0.555
EXC,0.239,0.434,0.53,-0.02,-0.083,0.468,0.127,-0.101,-0.067,0.529,0.09,0.446,0.205,0.434,-0.168,0.611,-0.123,-0.28,0.474,0.172,0.217,0.398,0.548,1.0,0.304,0.469,0.495,0.492,0.058,0.339,0.475,0.361,0.333,0.288,0.27,0.333,0.317,0.208,0.017,0.345,0.367,0.744,0.602,0.229,0.504,0.569,0.279,0.579,-0.043,0.64,0.51,0.182,0.327,0.497,0.433,0.539,0.401,-0.075,0.592,-0.308,0.309,0.323,0.352,-0.188,0.138,0.463,-0.383,0.582,0.047,0.452,0.544,0.492,0.069,0.373,0.208,0.362,0.394,0.45,0.385,0.258,0.25,0.482,-0.237,0.542,0.49,0.004,0.448,0.697,0.532,0.366,0.396,0.208,-0.314,0.399,0.338,0.559,0.527,0.191,0.476,0.632
FITB,0.582,0.174,0.844,0.011,-0.128,0.608,0.75,-0.376,-0.279,0.55,0.407,0.36,0.667,0.581,-0.047,0.658,0.251,-0.207,0.076,0.695,-0.079,0.635,0.558,0.304,1.0,0.682,0.313,0.791,0.452,0.642,0.494,0.164,0.184,0.664,0.987,0.619,0.09,0.737,0.1,0.875,0.62,0.379,0.515,0.35,0.611,0.479,0.15,0.335,-0.256,0.285,0.372,0.767,0.332,0.737,0.694,0.755,0.586,0.071,0.508,-0.209,0.753,0.58,0.156,-0.251,0.599,0.565,-0.242,0.649,0.281,0.872,0.292,0.647,0.4,0.589,0.352,0.713,0.564,0.374,0.241,0.575,0.526,0.617,0.037,0.658,0.297,0.226,0.716,0.593,0.452,0.648,0.123,0.171,0.061,0.33,0.732,0.404,0.807,0.511,0.718,0.576
FLEX,0.537,0.45,0.81,-0.047,0.055,0.747,0.7,-0.384,-0.294,0.668,0.441,0.455,0.599,0.619,-0.072,0.727,-0.163,-0.417,0.063,0.58,-0.334,0.67,0.76,0.469,0.682,1.0,0.512,0.754,0.187,0.673,0.701,0.486,0.52,0.408,0.632,0.752,0.432,0.497,0.138,0.718,0.721,0.525,0.676,0.557,0.769,0.432,0.394,0.313,-0.195,0.57,0.591,0.607,0.682,0.624,0.738,0.736,0.7,-0.127,0.667,-0.386,0.529,0.646,0.516,0.02,0.173,0.715,-0.544,0.671,0.343,0.745,0.464,0.741,0.419,0.576,0.618,0.662,0.669,0.235,0.094,0.357,0.843,0.71,-0.29,0.741,0.586,0.156,0.791,0.683,0.654,0.567,0.278,0.397,-0.335,0.322,0.691,0.595,0.702,0.16,0.826,0.681
FTNT,0.64,0.63,0.445,0.24,0.47,0.566,0.336,0.168,0.269,0.221,0.47,0.306,0.494,0.241,0.231,0.438,0.185,0.205,0.296,0.311,0.015,0.348,0.62,0.495,0.313,0.512,1.0,0.327,0.166,0.407,0.388,0.711,0.72,0.57,0.296,0.356,0.425,0.17,0.206,0.471,0.519,0.252,0.25,0.48,0.487,0.269,0.691,0.142,0.238,0.546,0.368,0.219,0.515,0.345,0.394,0.339,0.347,0.245,0.2,0.042,0.146,0.329,0.507,0.128,0.299,0.531,-0.118,0.437,0.364,0.448,0.266,0.36,0.414,0.666,0.626,0.39,0.09,0.412,0.246,0.515,0.312,0.529,-0.046,0.35,0.528,0.332,0.424,0.417,0.398,0.317,0.53,0.555,0.122,0.296,0.11,0.395,0.277,0.093,0.368,0.316
GEN,0.417,0.192,0.879,-0.181,-0.107,0.716,0.613,-0.499,-0.406,0.703,0.291,0.55,0.497,0.669,-0.26,0.781,-0.136,-0.422,0.065,0.613,-0.175,0.685,0.585,0.492,0.791,0.754,0.327,1.0,0.353,0.791,0.705,0.166,0.175,0.436,0.783,0.682,0.321,0.692,0.003,0.808,0.739,0.649,0.71,0.479,0.714,0.498,0.173,0.431,-0.378,0.393,0.557,0.735,0.43,0.811,0.746,0.883,0.697,-0.15,0.738,-0.473,0.72,0.737,0.307,-0.109,0.216,0.714,-0.542,0.65,0.155,0.81,0.438,0.806,0.173,0.609,0.406,0.804,0.76,0.256,0.192,0.437,0.629,0.694,-0.264,0.88,0.495,0.129,0.784,0.786,0.646,0.658,0.114,0.213,-0.305,0.352,0.777,0.638,0.904,0.258,0.812,0.775
GERN,0.329,0.07,0.349,0.134,-0.165,0.139,0.335,0.062,0.066,0.065,0.293,0.16,0.399,0.129,0.053,0.19,0.428,0.149,0.125,0.28,0.239,0.14,0.104,0.058,0.452,0.187,0.166,0.353,1.0,0.191,0.161,0.216,0.18,0.428,0.471,0.293,-0.218,0.55,0.178,0.41,0.254,0.049,0.097,0.007,0.311,0.057,-0.067,0.176,0.155,0.04,-0.084,0.222,0.075,0.227,0.045,0.167,0.08,0.352,0.004,0.009,0.337,0.235,-0.188,-0.249,0.433,0.157,0.094,0.29,0.222,0.367,0.039,0.118,0.241,0.508,0.278,0.139,-0.001,0.268,0.212,0.564,0.122,0.246,0.163,0.177,-0.075,0.241,0.244,0.161,0.029,0.241,0.031,0.078,0.332,-0.035,0.186,0.084,0.416,0.333,0.11,0.076
GEVO,0.59,0.423,0.712,0.085,0.157,0.85,0.69,-0.375,-0.183,0.638,0.491,0.611,0.634,0.636,-0.035,0.757,-0.154,-0.362,0.018,0.691,-0.328,0.684,0.697,0.339,0.642,0.673,0.407,0.791,0.191,1.0,0.712,0.392,0.397,0.413,0.615,0.645,0.608,0.556,0.053,0.771,0.793,0.331,0.587,0.653,0.56,0.405,0.44,0.377,-0.196,0.395,0.658,0.648,0.654,0.722,0.763,0.84,0.721,-0.206,0.613,-0.364,0.599,0.813,0.455,0.184,0.133,0.884,-0.556,0.482,0.49,0.746,0.403,0.745,0.408,0.616,0.534,0.804,0.628,0.239,0.067,0.42,0.644,0.778,-0.278,0.7,0.502,0.39,0.76,0.616,0.682,0.61,0.084,0.562,-0.229,0.3,0.622,0.615,0.728,0.05,0.815,0.636
GILD,0.44,0.386,0.707,-0.192,0.041,0.778,0.526,-0.377,-0.372,0.817,0.275,0.507,0.442,0.581,-0.242,0.748,-0.341,-0.636,0.051,0.479,-0.24,0.648,0.645,0.475,0.494,0.701,0.388,0.705,0.161,0.712,1.0,0.434,0.422,0.159,0.432,0.69,0.535,0.389,0.014,0.533,0.727,0.566,0.786,0.527,0.661,0.367,0.369,0.588,-0.19,0.463,0.76,0.397,0.732,0.571,0.603,0.742,0.759,-0.467,0.649,-0.533,0.4,0.619,0.493,0.05,-0.12,0.721,-0.715,0.51,0.221,0.645,0.637,0.571,0.263,0.461,0.672,0.67,0.581,0.108,0.012,0.2,0.678,0.756,-0.518,0.646,0.561,0.143,0.674,0.75,0.731,0.474,-0.025,0.375,-0.446,0.203,0.623,0.641,0.667,-0.035,0.747,0.596
GOOG,0.666,0.798,0.298,0.423,0.453,0.544,0.396,0.303,0.41,0.222,0.494,0.317,0.561,0.185,0.365,0.409,0.001,0.018,0.276,0.272,-0.101,0.311,0.591,0.361,0.164,0.486,0.711,0.166,0.216,0.392,0.434,1.0,0.983,0.406,0.115,0.403,0.491,0.059,0.13,0.369,0.459,0.103,0.185,0.535,0.418,0.066,0.707,0.115,0.431,0.589,0.463,0.096,0.752,0.162,0.301,0.224,0.368,0.107,0.135,-0.054,0.088,0.333,0.561,0.284,0.119,0.556,-0.375,0.318,0.541,0.338,0.198,0.255,0.604,0.62,0.738,0.234,0.0,0.259,0.103,0.433,0.387,0.561,-0.064,0.157,0.498,0.421,0.336,0.277,0.32,0.154,0.373,0.675,0.077,0.106,0.057,0.395,0.15,-0.159,0.37,0.198
GOOGL,0.648,0.781,0.31,0.377,0.463,0.537,0.399,0.274,0.372,0.22,0.481,0.325,0.549,0.206,0.346,0.4,-0.032,0.03,0.274,0.261,-0.121,0.332,0.621,0.333,0.184,0.52,0.72,0.175,0.18,0.397,0.422,0.983,1.0,0.415,0.128,0.39,0.461,0.065,0.131,0.383,0.476,0.089,0.174,0.524,0.447,0.081,0.706,0.095,0.37,0.593,0.47,0.12,0.746,0.181,0.334,0.226,0.393,0.121,0.147,-0.054,0.097,0.355,0.595,0.304,0.129,0.566,-0.399,0.339,0.537,0.346,0.187,0.3,0.582,0.629,0.739,0.247,0.046,0.265,0.11,0.426,0.425,0.537,-0.067,0.195,0.511,0.433,0.353,0.296,0.321,0.174,0.41,0.671,0.05,0.135,0.077,0.453,0.147,-0.162,0.381,0.183
GT,0.675,0.327,0.524,0.349,0.129,0.394,0.462,-0.001,0.154,0.127,0.411,0.13,0.598,0.306,0.202,0.378,0.497,0.285,0.337,0.483,0.226,0.279,0.479,0.288,0.664,0.408,0.57,0.436,0.428,0.413,0.159,0.406,0.415,1.0,0.705,0.337,0.034,0.494,0.021,0.734,0.458,0.059,0.127,0.28,0.468,0.347,0.375,0.005,0.068,0.278,0.064,0.429,0.19,0.536,0.337,0.401,0.222,0.59,0.087,0.135,0.456,0.317,0.091,-0.106,0.771,0.481,0.021,0.542,0.361,0.592,-0.037,0.333,0.49,0.632,0.33,0.403,0.099,0.541,0.429,0.733,0.178,0.394,0.392,0.357,0.15,0.288,0.503,0.347,0.238,0.512,0.496,0.334,0.442,0.416,0.246,0.219,0.442,0.469,0.333,0.252
HBAN,0.57,0.128,0.815,0.02,-0.136,0.559,0.712,-0.365,-0.261,0.483,0.379,0.302,0.647,0.54,-0.04,0.606,0.299,-0.151,0.087,0.688,-0.033,0.585,0.501,0.27,0.987,0.632,0.296,0.783,0.471,0.615,0.432,0.115,0.128,0.705,1.0,0.573,0.047,0.735,0.08,0.872,0.587,0.336,0.461,0.328,0.582,0.458,0.127,0.274,-0.256,0.233,0.29,0.768,0.253,0.73,0.654,0.722,0.526,0.15,0.461,-0.165,0.75,0.539,0.102,-0.266,0.637,0.53,-0.185,0.621,0.239,0.845,0.222,0.62,0.377,0.586,0.305,0.684,0.529,0.372,0.26,0.594,0.469,0.567,0.11,0.635,0.249,0.184,0.693,0.551,0.42,0.645,0.142,0.14,0.125,0.339,0.691,0.342,0.784,0.549,0.666,0.543
HST,0.553,0.31,0.654,0.176,0.133,0.674,0.735,-0.328,-0.227,0.593,0.461,0.378,0.658,0.605,-0.043,0.728,-0.033,-0.359,-0.114,0.588,-0.388,0.561,0.558,0.333,0.619,0.752,0.356,0.682,0.293,0.645,0.69,0.403,0.39,0.337,0.573,1.0,0.349,0.622,0.16,0.618,0.639,0.485,0.687,0.598,0.567,0.332,0.311,0.277,-0.055,0.429,0.492,0.572,0.651,0.514,0.626,0.632,0.609,-0.202,0.511,-0.234,0.545,0.669,0.389,-0.004,0.182,0.629,-0.428,0.606,0.381,0.574,0.379,0.597,0.506,0.567,0.594,0.641,0.494,0.136,-0.024,0.277,0.77,0.648,-0.09,0.639,0.441,0.143,0.669,0.548,0.537,0.607,-0.015,0.351,-0.172,0.03,0.687,0.44,0.648,0.174,0.659,0.667
INTC,0.507,0.484,0.325,0.179,0.43,0.652,0.35,-0.067,0.145,0.426,0.452,0.518,0.341,0.159,0.091,0.483,-0.263,-0.368,-0.034,0.375,-0.42,0.519,0.599,0.317,0.09,0.432,0.425,0.321,-0.218,0.608,0.535,0.491,0.461,0.034,0.047,0.349,1.0,-0.033,0.063,0.278,0.607,0.272,0.289,0.637,0.174,-0.008,0.619,0.238,0.07,0.487,0.711,0.171,0.617,0.205,0.476,0.483,0.535,-0.401,0.432,-0.341,0.075,0.582,0.681,0.49,-0.299,0.636,-0.482,0.1,0.503,0.388,0.355,0.434,0.319,0.286,0.466,0.475,0.31,-0.131,-0.171,0.139,0.419,0.67,-0.424,0.309,0.612,0.268,0.37,0.414,0.495,0.07,-0.001,0.744,-0.303,0.067,0.182,0.5,0.227,-0.353,0.58,0.392
IOVA,0.384,0.059,0.616,0.036,-0.215,0.455,0.533,-0.369,-0.301,0.389,0.408,0.419,0.474,0.625,-0.165,0.591,0.217,-0.166,0.046,0.575,-0.049,0.453,0.379,0.208,0.737,0.497,0.17,0.692,0.55,0.556,0.389,0.059,0.065,0.494,0.735,0.622,-0.033,1.0,0.127,0.71,0.502,0.338,0.401,0.244,0.561,0.47,-0.062,0.195,-0.182,0.247,0.228,0.657,0.207,0.662,0.482,0.654,0.434,0.118,0.484,-0.212,0.699,0.561,-0.016,-0.324,0.463,0.466,-0.197,0.598,0.238,0.653,0.135,0.586,0.307,0.588,0.175,0.609,0.546,0.401,0.273,0.563,0.416,0.443,0.022,0.569,0.196,0.277,0.603,0.451,0.382,0.675,0.106,0.088,0.031,0.193,0.725,0.371,0.753,0.392,0.515,0.57
IQ,0.105,0.186,0.06,0.086,0.133,0.114,0.229,0.181,0.199,-0.089,0.387,0.27,0.234,-0.153,0.23,-0.009,0.305,0.165,-0.199,0.101,-0.165,0.061,0.088,0.017,0.1,0.138,0.206,0.003,0.178,0.053,0.014,0.13,0.131,0.021,0.08,0.16,0.063,0.127,1.0,0.07,0.088,-0.015,0.037,0.047,-0.045,-0.167,0.006,0.111,0.264,0.404,0.038,-0.046,0.177,-0.179,0.034,0.037,0.058,-0.004,0.225,0.183,-0.033,0.103,0.05,-0.072,0.209,0.007,0.197,-0.029,0.17,0.04,0.224,0.087,0.269,0.242,0.21,-0.007,0.136,-0.13,-0.234,0.077,0.155,0.205,-0.019,0.021,0.16,0.185,-0.076,-0.046,0.205,0.027,-0.123,0.133,0.086,-0.182,-0.038,0.017,0.021,0.113,0.015,0.099
JBLU,0.679,0.39,0.802,0.075,0.064,0.7,0.732,-0.306,-0.146,0.513,0.512,0.416,0.676,0.601,0.086,0.682,0.182,-0.113,0.098,0.746,-0.142,0.669,0.614,0.345,0.875,0.718,0.471,0.808,0.41,0.771,0.533,0.369,0.383,0.734,0.872,0.618,0.278,0.71,0.07,1.0,0.735,0.33,0.442,0.478,0.657,0.411,0.325,0.229,-0.152,0.409,0.429,0.734,0.46,0.739,0.729,0.761,0.637,0.108,0.499,-0.206,0.711,0.691,0.284,-0.074,0.493,0.687,-0.349,0.607,0.405,0.865,0.234,0.672,0.516,0.711,0.461,0.797,0.567,0.369,0.218,0.645,0.526,0.701,-0.016,0.681,0.411,0.388,0.733,0.607,0.532,0.635,0.216,0.352,0.044,0.465,0.719,0.511,0.813,0.348,0.772,0.595
JD,0.656,0.398,0.723,0.064,0.141,0.758,0.642,-0.294,-0.124,0.516,0.588,0.603,0.636,0.565,-0.027,0.71,-0.028,-0.34,0.148,0.606,-0.222,0.72,0.744,0.367,0.62,0.721,0.519,0.739,0.254,0.793,0.727,0.459,0.476,0.458,0.587,0.639,0.607,0.502,0.088,0.735,1.0,0.415,0.543,0.669,0.66,0.326,0.494,0.273,-0.143,0.493,0.663,0.576,0.608,0.634,0.65,0.73,0.778,-0.137,0.569,-0.376,0.524,0.808,0.527,0.135,0.128,0.836,-0.527,0.553,0.629,0.778,0.331,0.69,0.505,0.671,0.603,0.821,0.594,0.257,0.182,0.463,0.61,0.821,-0.247,0.736,0.633,0.385,0.746,0.682,0.659,0.521,0.204,0.582,-0.239,0.269,0.612,0.696,0.678,0.145,0.73,0.613
KDP,0.094,0.149,0.631,-0.334,-0.216,0.462,0.209,-0.374,-0.406,0.633,-0.007,0.466,0.129,0.514,-0.382,0.664,-0.315,-0.522,0.24,0.249,-0.04,0.472,0.419,0.744,0.379,0.525,0.252,0.649,0.049,0.331,0.566,0.103,0.089,0.059,0.336,0.485,0.272,0.338,-0.015,0.33,0.415,1.0,0.722,0.224,0.544,0.491,0.049,0.534,-0.358,0.515,0.541,0.334,0.292,0.494,0.508,0.626,0.498,-0.372,0.729,-0.424,0.448,0.393,0.281,-0.245,-0.057,0.382,-0.43,0.575,-0.112,0.471,0.63,0.551,-0.105,0.289,0.202,0.502,0.597,0.174,0.26,0.089,0.363,0.492,-0.352,0.665,0.502,-0.181,0.503,0.719,0.493,0.384,0.121,0.02,-0.521,0.174,0.57,0.579,0.612,0.181,0.558,0.736
KHC,0.182,0.171,0.681,-0.29,-0.28,0.624,0.433,-0.553,-0.552,0.801,0.149,0.402,0.356,0.732,-0.432,0.758,-0.348,-0.635,0.193,0.427,-0.069,0.59,0.553,0.602,0.515,0.676,0.25,0.71,0.097,0.587,0.786,0.185,0.174,0.127,0.461,0.687,0.289,0.401,0.037,0.442,0.543,0.722,1.0,0.372,0.683,0.609,0.156,0.659,-0.396,0.373,0.565,0.426,0.519,0.634,0.598,0.709,0.629,-0.422,0.716,-0.513,0.52,0.523,0.235,-0.15,-0.038,0.6,-0.522,0.662,0.034,0.526,0.696,0.577,0.123,0.341,0.396,0.563,0.644,0.243,0.207,0.053,0.629,0.611,-0.445,0.745,0.385,-0.153,0.733,0.698,0.726,0.669,0.077,0.101,-0.601,0.285,0.637,0.52,0.665,0.184,0.63,0.706
LRCX,0.672,0.508,0.444,0.419,0.491,0.707,0.618,0.012,0.199,0.327,0.454,0.409,0.637,0.354,0.25,0.496,-0.027,-0.211,-0.111,0.523,-0.383,0.548,0.63,0.229,0.35,0.557,0.48,0.479,0.007,0.653,0.527,0.535,0.524,0.28,0.328,0.598,0.637,0.244,0.047,0.478,0.669,0.224,0.372,1.0,0.368,0.101,0.743,0.055,0.164,0.413,0.603,0.614,0.7,0.364,0.645,0.487,0.631,-0.204,0.397,-0.111,0.453,0.651,0.701,0.377,0.032,0.711,-0.463,0.287,0.536,0.489,0.128,0.576,0.583,0.595,0.663,0.674,0.393,0.047,-0.1,0.307,0.563,0.652,-0.078,0.483,0.682,0.266,0.527,0.382,0.511,0.351,0.082,0.714,-0.086,0.053,0.383,0.38,0.341,-0.035,0.602,0.485
LYFT,0.37,0.242,0.751,-0.238,-0.239,0.617,0.42,-0.488,-0.436,0.636,0.379,0.441,0.383,0.753,-0.385,0.717,-0.17,-0.439,0.348,0.52,0.035,0.629,0.639,0.504,0.611,0.769,0.487,0.714,0.311,0.56,0.661,0.418,0.447,0.468,0.582,0.567,0.174,0.561,-0.045,0.657,0.66,0.544,0.683,0.368,1.0,0.644,0.203,0.339,-0.371,0.365,0.503,0.546,0.53,0.751,0.617,0.654,0.697,0.002,0.59,-0.403,0.647,0.499,0.303,-0.254,0.22,0.637,-0.464,0.793,0.17,0.711,0.37,0.683,0.211,0.622,0.456,0.605,0.623,0.479,0.438,0.443,0.517,0.616,-0.269,0.732,0.375,0.055,0.83,0.667,0.665,0.752,0.491,0.151,-0.399,0.565,0.646,0.658,0.71,0.338,0.628,0.642
MARA,0.092,0.11,0.542,-0.148,-0.4,0.445,0.165,-0.531,-0.49,0.549,0.111,0.264,0.157,0.829,-0.489,0.602,-0.1,-0.339,0.522,0.238,0.29,0.399,0.45,0.569,0.479,0.432,0.269,0.498,0.057,0.405,0.367,0.066,0.081,0.347,0.458,0.332,-0.008,0.47,-0.167,0.411,0.326,0.491,0.609,0.101,0.644,1.0,0.012,0.408,-0.493,0.206,0.332,0.431,0.126,0.835,0.489,0.618,0.408,0.09,0.504,-0.307,0.497,0.235,0.045,-0.382,0.289,0.483,-0.177,0.742,-0.04,0.524,0.357,0.552,-0.035,0.271,-0.019,0.378,0.472,0.801,0.692,0.348,0.182,0.349,-0.132,0.559,0.168,-0.147,0.695,0.571,0.489,0.764,0.578,-0.04,-0.348,0.536,0.519,0.398,0.545,0.441,0.443,0.603
MCHP,0.721,0.716,0.328,0.479,0.677,0.574,0.359,0.282,0.432,0.222,0.258,0.173,0.52,0.095,0.417,0.336,0.069,0.086,0.137,0.272,-0.156,0.297,0.595,0.279,0.15,0.394,0.691,0.173,-0.067,0.44,0.369,0.707,0.706,0.375,0.127,0.311,0.619,-0.062,0.006,0.325,0.494,0.049,0.156,0.743,0.203,0.012,1.0,0.069,0.38,0.459,0.45,0.227,0.628,0.174,0.421,0.269,0.359,-0.007,0.125,0.02,0.058,0.409,0.708,0.493,0.051,0.59,-0.36,0.153,0.536,0.325,0.167,0.303,0.479,0.517,0.666,0.408,0.045,0.11,-0.013,0.317,0.332,0.454,0.016,0.183,0.654,0.289,0.317,0.325,0.378,0.081,0.245,0.841,0.146,0.038,0.01,0.25,0.057,-0.165,0.402,0.161
MDLZ,0.061,0.264,0.503,-0.312,-0.225,0.486,0.14,-0.201,-0.274,0.721,0.003,0.495,0.115,0.367,-0.325,0.485,-0.222,-0.487,0.287,0.188,0.181,0.339,0.411,0.579,0.335,0.313,0.142,0.431,0.176,0.377,0.588,0.115,0.095,0.005,0.274,0.277,0.238,0.195,0.111,0.229,0.273,0.534,0.659,0.055,0.339,0.408,0.069,1.0,-0.206,0.368,0.463,0.124,0.347,0.423,0.387,0.512,0.383,-0.338,0.515,-0.478,0.225,0.238,0.13,-0.209,-0.035,0.391,-0.354,0.428,-0.076,0.432,0.832,0.344,-0.076,0.208,0.237,0.264,0.402,0.207,0.19,0.083,0.268,0.451,-0.541,0.354,0.275,-0.06,0.366,0.616,0.475,0.284,-0.101,0.121,-0.413,0.13,0.325,0.461,0.488,0.06,0.432,0.306
META,0.266,0.491,-0.335,0.665,0.506,-0.133,-0.01,0.842,0.86,-0.416,0.124,-0.049,0.201,-0.481,0.723,-0.264,0.398,0.491,-0.115,-0.151,-0.03,-0.348,0.006,-0.043,-0.256,-0.195,0.238,-0.378,0.155,-0.196,-0.19,0.431,0.37,0.068,-0.256,-0.055,0.07,-0.182,0.264,-0.152,-0.143,-0.358,-0.396,0.164,-0.371,-0.493,0.38,-0.206,1.0,0.179,-0.201,-0.266,0.153,-0.483,-0.309,-0.369,-0.345,0.252,-0.361,0.316,-0.33,-0.088,0.028,0.202,0.144,-0.109,0.116,-0.338,0.371,-0.255,-0.227,-0.335,0.44,0.196,0.264,-0.232,-0.495,-0.096,-0.279,0.078,-0.09,-0.13,0.18,-0.387,0.141,0.484,-0.409,-0.321,-0.298,-0.448,-0.083,0.35,0.551,-0.379,-0.387,-0.303,-0.276,-0.297,-0.273,-0.286
MNST,0.457,0.648,0.487,0.151,0.253,0.561,0.334,0.087,0.133,0.36,0.304,0.506,0.411,0.235,0.168,0.496,-0.034,-0.179,0.224,0.221,-0.1,0.397,0.569,0.64,0.285,0.57,0.546,0.393,0.04,0.395,0.463,0.589,0.593,0.278,0.233,0.429,0.487,0.247,0.404,0.409,0.493,0.515,0.373,0.413,0.365,0.206,0.459,0.368,0.179,1.0,0.564,0.195,0.558,0.265,0.424,0.486,0.451,-0.103,0.642,-0.211,0.177,0.435,0.546,0.071,0.117,0.514,-0.452,0.43,0.31,0.44,0.509,0.504,0.393,0.522,0.468,0.385,0.472,0.185,0.099,0.303,0.412,0.595,-0.223,0.408,0.745,0.202,0.326,0.541,0.57,0.196,0.233,0.522,-0.169,0.092,0.298,0.567,0.351,-0.029,0.525,0.493
MRNA,0.489,0.428,0.586,-0.048,0.167,0.75,0.514,-0.287,-0.212,0.696,0.396,0.624,0.385,0.473,-0.122,0.694,-0.319,-0.564,0.05,0.414,-0.26,0.803,0.665,0.51,0.372,0.591,0.368,0.557,-0.084,0.658,0.76,0.463,0.47,0.064,0.29,0.492,0.711,0.228,0.038,0.429,0.663,0.541,0.565,0.603,0.503,0.332,0.45,0.463,-0.201,0.564,1.0,0.385,0.689,0.481,0.668,0.698,0.875,-0.506,0.682,-0.406,0.399,0.666,0.739,0.159,-0.196,0.683,-0.64,0.437,0.314,0.614,0.485,0.622,0.231,0.39,0.479,0.649,0.561,0.114,0.026,0.28,0.537,0.827,-0.429,0.496,0.667,0.213,0.575,0.727,0.72,0.319,0.069,0.491,-0.46,0.238,0.507,0.673,0.485,-0.064,0.792,0.621
MRVL,0.457,0.157,0.682,0.05,-0.009,0.595,0.665,-0.332,-0.206,0.463,0.35,0.404,0.546,0.602,-0.036,0.585,0.062,-0.253,-0.085,0.656,-0.305,0.583,0.493,0.182,0.767,0.607,0.219,0.735,0.222,0.648,0.397,0.096,0.12,0.429,0.768,0.572,0.171,0.657,-0.046,0.734,0.576,0.334,0.426,0.614,0.546,0.431,0.227,0.124,-0.266,0.195,0.385,1.0,0.371,0.728,0.778,0.678,0.614,-0.055,0.542,-0.163,0.814,0.59,0.265,-0.104,0.381,0.57,-0.301,0.496,0.27,0.729,0.129,0.731,0.37,0.557,0.274,0.764,0.662,0.288,0.12,0.417,0.497,0.505,-0.005,0.669,0.419,0.175,0.686,0.444,0.401,0.6,0.098,0.232,-0.08,0.282,0.732,0.388,0.698,0.367,0.693,0.609
MSFT,0.589,0.675,0.538,0.162,0.398,0.791,0.594,-0.028,0.061,0.586,0.442,0.498,0.578,0.363,0.149,0.583,-0.286,-0.395,-0.072,0.468,-0.462,0.498,0.677,0.327,0.332,0.682,0.515,0.43,0.075,0.654,0.732,0.752,0.746,0.19,0.253,0.651,0.617,0.207,0.177,0.46,0.608,0.292,0.519,0.7,0.53,0.126,0.628,0.347,0.153,0.558,0.689,0.371,1.0,0.322,0.61,0.507,0.673,-0.352,0.481,-0.233,0.319,0.548,0.639,0.253,-0.064,0.693,-0.62,0.314,0.503,0.473,0.503,0.524,0.515,0.555,0.81,0.511,0.424,0.012,-0.189,0.191,0.663,0.699,-0.338,0.403,0.628,0.308,0.513,0.442,0.611,0.327,-0.0,0.622,-0.253,0.041,0.359,0.527,0.384,-0.187,0.654,0.451
MSTR,0.369,0.214,0.79,-0.149,-0.224,0.693,0.443,-0.524,-0.424,0.7,0.266,0.457,0.387,0.849,-0.372,0.75,-0.088,-0.379,0.354,0.525,0.053,0.59,0.624,0.497,0.737,0.624,0.345,0.811,0.227,0.722,0.571,0.162,0.181,0.536,0.73,0.514,0.205,0.662,-0.179,0.739,0.634,0.494,0.634,0.364,0.751,0.835,0.174,0.423,-0.483,0.265,0.481,0.728,0.322,1.0,0.717,0.829,0.627,0.06,0.614,-0.417,0.688,0.53,0.197,-0.238,0.33,0.734,-0.376,0.754,0.137,0.795,0.38,0.764,0.141,0.534,0.207,0.678,0.648,0.655,0.522,0.529,0.406,0.578,-0.178,0.745,0.358,0.053,0.864,0.739,0.582,0.799,0.429,0.191,-0.264,0.532,0.709,0.579,0.79,0.384,0.706,0.671
MU,0.524,0.389,0.776,-0.045,0.16,0.805,0.651,-0.394,-0.252,0.698,0.35,0.51,0.522,0.659,-0.08,0.716,-0.184,-0.435,0.033,0.629,-0.313,0.748,0.657,0.433,0.694,0.738,0.394,0.746,0.045,0.763,0.603,0.301,0.334,0.337,0.654,0.626,0.476,0.482,0.034,0.729,0.65,0.508,0.598,0.645,0.617,0.489,0.421,0.387,-0.309,0.424,0.668,0.778,0.61,0.717,1.0,0.777,0.802,-0.283,0.68,-0.25,0.714,0.668,0.575,-0.036,0.189,0.699,-0.477,0.54,0.269,0.767,0.453,0.861,0.299,0.57,0.434,0.773,0.735,0.234,0.102,0.363,0.581,0.699,-0.239,0.7,0.592,0.122,0.757,0.671,0.664,0.636,0.12,0.404,-0.287,0.336,0.7,0.627,0.689,0.195,0.876,0.68
MVIS,0.456,0.292,0.862,-0.091,-0.098,0.796,0.598,-0.537,-0.409,0.782,0.341,0.622,0.478,0.707,-0.292,0.86,-0.162,-0.522,0.13,0.627,-0.204,0.733,0.691,0.539,0.755,0.736,0.339,0.883,0.167,0.84,0.742,0.224,0.226,0.401,0.722,0.632,0.483,0.654,0.037,0.761,0.73,0.626,0.709,0.487,0.654,0.618,0.269,0.512,-0.369,0.486,0.698,0.678,0.507,0.829,0.777,1.0,0.74,-0.254,0.825,-0.496,0.665,0.743,0.374,-0.04,0.201,0.778,-0.577,0.632,0.254,0.846,0.534,0.81,0.192,0.514,0.372,0.815,0.784,0.325,0.232,0.429,0.586,0.748,-0.334,0.794,0.544,0.193,0.798,0.792,0.736,0.652,0.142,0.348,-0.351,0.385,0.765,0.646,0.853,0.209,0.89,0.819
NFLX,0.518,0.298,0.711,-0.128,0.06,0.75,0.64,-0.457,-0.356,0.695,0.481,0.549,0.457,0.614,-0.196,0.742,-0.231,-0.564,0.032,0.631,-0.284,0.908,0.652,0.401,0.586,0.7,0.347,0.697,0.08,0.721,0.759,0.368,0.393,0.222,0.526,0.609,0.535,0.434,0.058,0.637,0.778,0.498,0.629,0.631,0.697,0.408,0.359,0.383,-0.345,0.451,0.875,0.614,0.673,0.627,0.802,0.74,1.0,-0.398,0.695,-0.336,0.645,0.748,0.629,0.005,-0.039,0.688,-0.569,0.555,0.338,0.732,0.426,0.732,0.302,0.516,0.48,0.781,0.695,0.158,0.087,0.352,0.602,0.826,-0.304,0.635,0.565,0.168,0.742,0.737,0.806,0.547,0.091,0.384,-0.418,0.392,0.691,0.658,0.649,0.203,0.839,0.681
NNDM,0.153,0.07,-0.133,0.372,0.042,-0.247,-0.085,0.313,0.361,-0.464,0.105,-0.236,0.099,-0.106,0.262,-0.251,0.579,0.623,0.371,-0.088,0.462,-0.324,-0.023,-0.075,0.071,-0.127,0.245,-0.15,0.352,-0.206,-0.467,0.107,0.121,0.59,0.15,-0.202,-0.401,0.118,-0.004,0.108,-0.137,-0.372,-0.422,-0.204,0.002,0.09,-0.007,-0.338,0.252,-0.103,-0.506,-0.055,-0.352,0.06,-0.283,-0.254,-0.398,1.0,-0.464,0.376,-0.039,-0.274,-0.314,-0.202,0.63,-0.051,0.482,0.198,0.075,-0.01,-0.44,-0.171,0.13,0.242,-0.108,-0.28,-0.422,0.503,0.469,0.49,-0.278,-0.258,0.524,-0.196,-0.303,0.128,-0.02,-0.182,-0.333,0.035,0.605,0.002,0.62,0.154,-0.25,-0.25,-0.085,0.332,-0.314,-0.298
NVAX,0.174,0.219,0.716,-0.283,-0.206,0.648,0.373,-0.465,-0.421,0.709,0.207,0.639,0.236,0.573,-0.379,0.728,-0.351,-0.629,0.065,0.415,-0.247,0.645,0.556,0.592,0.508,0.667,0.2,0.738,0.004,0.613,0.649,0.135,0.147,0.087,0.461,0.511,0.432,0.484,0.225,0.499,0.569,0.729,0.716,0.397,0.59,0.504,0.125,0.515,-0.361,0.642,0.682,0.542,0.481,0.614,0.68,0.825,0.695,-0.464,1.0,-0.527,0.539,0.624,0.369,-0.096,-0.031,0.566,-0.595,0.501,0.076,0.612,0.606,0.782,0.059,0.386,0.237,0.637,0.91,0.136,0.102,0.158,0.52,0.631,-0.481,0.754,0.637,-0.008,0.619,0.688,0.769,0.525,0.054,0.202,-0.597,0.292,0.651,0.657,0.682,0.105,0.744,0.811
NVDA,0.079,-0.081,-0.377,0.364,0.402,-0.385,0.028,0.393,0.375,-0.595,-0.026,-0.391,0.001,-0.438,0.483,-0.466,0.486,0.644,-0.231,-0.136,0.02,-0.367,-0.352,-0.308,-0.209,-0.386,0.042,-0.473,0.009,-0.364,-0.533,-0.054,-0.054,0.135,-0.165,-0.234,-0.341,-0.212,0.183,-0.206,-0.376,-0.424,-0.513,-0.111,-0.403,-0.307,0.02,-0.478,0.316,-0.211,-0.406,-0.163,-0.233,-0.417,-0.25,-0.496,-0.336,0.376,-0.527,1.0,-0.153,-0.326,-0.132,-0.051,0.325,-0.407,0.66,-0.314,0.03,-0.378,-0.385,-0.419,0.073,-0.12,-0.144,-0.311,-0.529,-0.043,-0.166,0.031,-0.361,-0.333,0.69,-0.473,-0.354,0.009,-0.38,-0.511,-0.329,-0.239,-0.023,-0.058,0.673,-0.215,-0.448,-0.531,-0.415,0.305,-0.411,-0.359
NWL,0.424,0.041,0.64,0.002,-0.239,0.499,0.612,-0.43,-0.307,0.448,0.388,0.403,0.53,0.652,-0.176,0.625,0.077,-0.367,0.11,0.725,-0.048,0.666,0.488,0.309,0.753,0.529,0.146,0.72,0.337,0.599,0.4,0.088,0.097,0.456,0.75,0.545,0.075,0.699,-0.033,0.711,0.524,0.448,0.52,0.453,0.647,0.497,0.058,0.225,-0.33,0.177,0.399,0.814,0.319,0.688,0.714,0.665,0.645,-0.039,0.539,-0.153,1.0,0.577,0.121,-0.305,0.436,0.532,-0.265,0.614,0.26,0.704,0.169,0.67,0.32,0.57,0.203,0.706,0.62,0.328,0.289,0.446,0.404,0.549,0.012,0.639,0.227,0.134,0.727,0.481,0.484,0.71,0.153,0.11,-0.117,0.372,0.733,0.432,0.758,0.465,0.65,0.647
OCGN,0.558,0.267,0.624,0.158,0.135,0.633,0.666,-0.343,-0.131,0.517,0.528,0.586,0.556,0.51,-0.047,0.742,-0.057,-0.293,-0.1,0.634,-0.37,0.783,0.632,0.323,0.58,0.646,0.329,0.737,0.235,0.813,0.619,0.333,0.355,0.317,0.539,0.669,0.582,0.561,0.103,0.691,0.808,0.393,0.523,0.651,0.499,0.235,0.409,0.238,-0.088,0.435,0.666,0.59,0.548,0.53,0.668,0.743,0.748,-0.274,0.624,-0.326,0.577,1.0,0.494,0.263,0.067,0.718,-0.531,0.418,0.576,0.665,0.264,0.693,0.4,0.575,0.441,0.81,0.615,0.082,-0.025,0.389,0.639,0.723,-0.215,0.725,0.534,0.45,0.643,0.615,0.646,0.476,-0.008,0.531,-0.234,0.25,0.617,0.595,0.686,0.054,0.745,0.69
ON,0.562,0.522,0.415,0.21,0.554,0.63,0.387,-0.017,0.105,0.366,0.288,0.381,0.386,0.194,0.172,0.412,-0.181,-0.23,-0.035,0.23,-0.341,0.534,0.531,0.352,0.156,0.516,0.507,0.307,-0.188,0.455,0.493,0.561,0.595,0.091,0.102,0.389,0.681,-0.016,0.05,0.284,0.527,0.281,0.235,0.701,0.303,0.045,0.708,0.13,0.028,0.546,0.739,0.265,0.639,0.197,0.575,0.374,0.629,-0.314,0.369,-0.132,0.121,0.494,1.0,0.421,-0.166,0.547,-0.534,0.212,0.346,0.405,0.209,0.546,0.278,0.384,0.585,0.484,0.339,-0.059,-0.129,0.222,0.473,0.584,-0.111,0.342,0.696,0.131,0.32,0.466,0.504,0.124,0.109,0.638,-0.214,0.094,0.237,0.543,0.143,-0.105,0.563,0.378
OPK,0.184,0.227,-0.139,0.312,0.526,0.093,0.062,0.154,0.31,-0.092,0.061,-0.002,0.075,-0.238,0.253,-0.009,-0.203,0.165,-0.233,0.003,-0.416,0.014,0.11,-0.188,-0.251,0.02,0.128,-0.109,-0.249,0.184,0.05,0.284,0.304,-0.106,-0.266,-0.004,0.49,-0.324,-0.072,-0.074,0.135,-0.245,-0.15,0.377,-0.254,-0.382,0.493,-0.209,0.202,0.071,0.159,-0.104,0.253,-0.238,-0.036,-0.04,0.005,-0.202,-0.096,-0.051,-0.305,0.263,0.421,1.0,-0.356,0.17,-0.295,-0.34,0.297,-0.123,-0.112,-0.06,0.134,-0.102,0.257,0.065,-0.122,-0.378,-0.364,-0.161,0.167,0.036,-0.042,-0.033,0.222,0.229,-0.17,-0.117,-0.024,-0.305,-0.156,0.513,-0.003,-0.113,-0.21,0.042,-0.248,-0.478,0.059,-0.11
