,AAL,AAPL,AGNC,AMAT,AMD,AMZN,APA,ARDX,AVGO,AZN,BIDU,BILI,BKR,CAN,CHRD,CMCSA,CPRT,CRWD,CSCO,CSX,DKNG,EBAY,ERIC,EXC,FITB,FLEX,FTNT,GEN,GERN,GEVO,GILD,GOOG,GOOGL,GT,HBAN,HST,INTC,IOVA,IQ,JBLU,JD,KDP,KHC,LRCX,LYFT,MARA,MCHP,MDLZ,META,MNST,MRNA,MRVL,MSFT,MSTR,MU,MVIS,NFLX,NNDM,NVAX,NVDA,NWL,OCGN,ON,OPK,PAA,PACB,PANW,PARA,PDD,PENN,PEP,PLUG,PTEN,PTON,PYPL,QCOM,QVCGA,RIOT,ROKU,RUN,SABR,SBUX,SMCI,SNDL,STNE,TCOM,TLRY,TMUS,TSCO,TSLA,TTD,TXN,UAL,VOD,VTRS,VXRT,WBA,WBD,WDC,ZM
AAL,1.0,0.561,0.252,0.566,0.681,0.584,0.547,0.281,0.444,0.073,0.62,0.295,0.715,0.185,0.43,0.325,0.132,-0.011,-0.172,0.465,-0.24,0.456,0.581,-0.05,0.137,0.376,0.359,0.1,0.204,0.491,0.404,0.709,0.701,0.186,0.042,0.476,0.714,0.129,0.12,0.468,0.626,-0.11,-0.024,0.719,0.318,-0.19,0.788,-0.134,0.465,0.386,0.528,0.147,0.638,-0.01,0.37,0.266,0.487,-0.218,0.08,0.117,0.058,0.546,0.662,0.535,-0.178,0.588,-0.259,0.033,0.76,0.438,-0.032,0.243,0.71,0.581,0.549,0.493,-0.019,0.027,-0.227,0.4,0.398,0.597,-0.069,0.112,0.502,0.455,0.295,0.147,0.268,0.07,-0.012,0.813,0.211,-0.224,0.076,0.299,-0.01,-0.301,0.407,0.227
AAPL,0.561,1.0,0.274,0.352,0.538,0.56,0.305,0.489,0.528,0.155,0.305,0.354,0.495,0.175,0.547,0.294,-0.095,0.048,0.169,0.166,-0.114,0.198,0.565,0.306,-0.022,0.454,0.542,0.128,0.031,0.345,0.334,0.699,0.698,0.222,-0.104,0.312,0.459,-0.016,0.209,0.474,0.398,0.128,0.129,0.489,0.185,0.023,0.664,0.146,0.542,0.68,0.382,0.088,0.638,0.129,0.369,0.2,0.29,0.008,0.212,-0.073,-0.056,0.237,0.506,0.268,-0.06,0.542,-0.357,0.247,0.438,0.346,0.232,0.306,0.551,0.588,0.534,0.282,0.095,0.227,0.022,0.297,0.308,0.485,-0.217,0.154,0.631,0.399,0.225,0.289,0.281,0.004,0.232,0.613,-0.018,-0.016,0.105,0.354,0.146,-0.293,0.404,0.203
AGNC,0.252,0.274,1.0,-0.301,0.071,0.752,0.375,-0.372,-0.329,0.786,0.093,0.575,0.273,0.617,-0.352,0.707,-0.592,-0.596,-0.16,0.338,-0.381,0.551,0.564,0.214,0.532,0.81,0.199,0.75,0.205,0.654,0.748,0.478,0.48,-0.077,0.391,0.548,0.563,0.402,0.074,0.543,0.687,0.565,0.563,0.492,0.649,0.224,0.448,0.272,-0.18,0.407,0.623,0.351,0.65,0.478,0.627,0.808,0.737,-0.637,0.751,-0.468,0.436,0.602,0.566,0.29,-0.432,0.602,-0.678,0.347,0.104,0.743,0.617,0.717,0.144,0.551,0.597,0.665,0.736,-0.058,-0.164,-0.069,0.539,0.611,-0.516,0.822,0.64,-0.024,0.747,0.532,0.624,0.526,-0.151,0.423,-0.649,-0.137,0.566,0.674,0.616,-0.238,0.664,0.722
AMAT,0.566,0.352,-0.301,1.0,0.472,0.004,0.203,0.469,0.696,-0.445,0.423,-0.008,0.484,-0.158,0.562,-0.044,0.525,0.399,-0.005,0.128,0.01,-0.084,0.147,-0.024,-0.12,-0.105,0.227,-0.282,0.096,0.031,-0.219,0.361,0.345,0.346,-0.111,0.175,0.186,0.016,0.096,0.088,0.066,-0.385,-0.343,0.377,-0.08,-0.137,0.417,-0.277,0.671,0.148,-0.054,0.031,0.151,-0.216,-0.082,-0.117,-0.148,0.31,-0.296,0.369,-0.104,0.168,0.188,0.315,0.331,0.172,0.116,-0.133,0.64,-0.081,-0.437,-0.062,0.567,0.222,0.116,0.012,-0.386,0.189,-0.009,0.387,0.008,0.018,0.436,-0.239,0.077,0.442,-0.172,-0.236,-0.17,-0.126,0.141,0.467,0.553,-0.143,-0.269,-0.189,-0.254,0.0,-0.101,0.001
AMD,0.681,0.538,0.071,0.472,1.0,0.342,0.423,0.467,0.531,-0.154,0.311,0.139,0.458,-0.084,0.592,0.022,0.069,0.302,-0.355,0.202,-0.401,0.138,0.288,-0.164,0.031,0.218,0.336,0.029,0.056,0.271,0.158,0.521,0.526,0.078,-0.11,0.36,0.459,-0.026,0.206,0.274,0.37,-0.167,-0.234,0.604,0.154,-0.395,0.69,-0.31,0.501,0.343,0.27,0.137,0.481,-0.202,0.332,0.029,0.256,-0.078,-0.055,0.347,-0.2,0.361,0.621,0.565,-0.187,0.291,-0.174,-0.204,0.444,0.129,-0.103,0.159,0.465,0.428,0.497,0.321,-0.087,-0.174,-0.389,0.108,0.31,0.237,0.017,-0.006,0.496,0.368,-0.089,0.001,0.039,-0.186,-0.115,0.588,0.355,-0.287,-0.07,0.163,-0.179,-0.362,0.257,0.045
AMZN,0.584,0.56,0.752,0.004,0.342,1.0,0.522,-0.146,-0.055,0.66,0.41,0.615,0.594,0.634,-0.037,0.653,-0.438,-0.521,-0.12,0.446,-0.362,0.62,0.696,0.123,0.411,0.786,0.352,0.6,0.102,0.789,0.766,0.648,0.651,-0.012,0.329,0.637,0.761,0.357,0.165,0.63,0.747,0.329,0.489,0.742,0.488,0.192,0.612,0.264,0.015,0.5,0.721,0.438,0.84,0.492,0.721,0.719,0.757,-0.552,0.626,-0.399,0.351,0.581,0.707,0.362,-0.349,0.811,-0.594,0.344,0.363,0.713,0.495,0.721,0.483,0.655,0.677,0.693,0.625,0.059,-0.153,0.133,0.567,0.803,-0.503,0.668,0.732,0.153,0.727,0.438,0.617,0.531,-0.092,0.646,-0.507,-0.165,0.523,0.683,0.436,-0.348,0.684,0.593
APA,0.547,0.305,0.375,0.203,0.423,0.522,1.0,-0.076,0.018,0.285,0.467,0.336,0.765,0.296,0.307,0.346,-0.262,-0.304,-0.519,0.546,-0.634,0.521,0.42,-0.222,0.454,0.59,-0.009,0.377,0.255,0.645,0.506,0.456,0.452,-0.192,0.299,0.663,0.539,0.336,0.26,0.453,0.567,0.007,0.237,0.645,0.342,-0.267,0.426,-0.124,0.152,0.194,0.532,0.393,0.613,-0.032,0.499,0.408,0.604,-0.515,0.297,-0.01,0.356,0.639,0.473,0.468,-0.33,0.503,-0.394,-0.057,0.483,0.46,0.145,0.311,0.615,0.456,0.694,0.53,0.273,-0.327,-0.516,-0.063,0.663,0.628,-0.265,0.359,0.351,0.311,0.397,0.025,0.299,0.213,-0.378,0.527,-0.146,-0.372,0.418,0.243,0.297,-0.399,0.633,0.362
ARDX,0.281,0.489,-0.372,0.469,0.467,-0.146,-0.076,1.0,0.899,-0.506,0.059,-0.004,0.205,-0.514,0.745,-0.408,0.443,0.552,-0.005,-0.239,0.098,-0.422,0.007,-0.052,-0.408,-0.293,0.232,-0.463,0.178,-0.322,-0.295,0.329,0.314,0.14,-0.451,-0.181,-0.079,-0.283,0.237,-0.209,-0.151,-0.326,-0.518,0.1,-0.151,-0.493,0.284,-0.188,0.82,0.189,-0.23,-0.321,0.027,-0.506,-0.304,-0.467,-0.352,0.313,-0.392,0.376,-0.507,-0.196,0.018,0.078,0.189,-0.158,0.197,-0.333,0.247,-0.292,-0.262,-0.356,0.353,0.287,0.158,-0.301,-0.528,0.012,-0.126,0.201,-0.133,-0.169,0.229,-0.48,0.184,0.34,-0.528,-0.316,-0.445,-0.566,0.002,0.22,0.605,-0.302,-0.522,-0.222,-0.444,-0.139,-0.344,-0.428
AVGO,0.444,0.528,-0.329,0.696,0.531,-0.055,0.018,0.899,1.0,-0.505,0.313,0.085,0.342,-0.441,0.758,-0.271,0.52,0.573,0.024,-0.055,0.035,-0.282,0.136,0.004,-0.269,-0.195,0.347,-0.408,0.119,-0.148,-0.328,0.425,0.408,0.315,-0.302,-0.126,0.113,-0.226,0.24,-0.008,-0.013,-0.367,-0.522,0.238,-0.115,-0.419,0.422,-0.224,0.847,0.217,-0.173,-0.17,0.104,-0.401,-0.182,-0.356,-0.272,0.349,-0.366,0.373,-0.329,-0.031,0.113,0.22,0.304,0.002,0.193,-0.296,0.501,-0.141,-0.311,-0.202,0.519,0.346,0.176,-0.16,-0.484,0.08,-0.09,0.352,-0.146,-0.045,0.305,-0.368,0.195,0.486,-0.388,-0.303,-0.368,-0.426,0.092,0.419,0.613,-0.185,-0.494,-0.144,-0.358,-0.11,-0.264,-0.273
AZN,0.073,0.155,0.786,-0.445,-0.154,0.66,0.285,-0.506,-0.505,1.0,0.024,0.437,0.146,0.601,-0.489,0.727,-0.644,-0.729,-0.016,0.294,-0.255,0.57,0.474,0.339,0.415,0.771,0.191,0.66,-0.003,0.559,0.772,0.309,0.314,-0.117,0.298,0.494,0.442,0.298,-0.079,0.422,0.426,0.591,0.726,0.307,0.367,0.338,0.225,0.503,-0.313,0.305,0.62,0.318,0.587,0.555,0.573,0.704,0.675,-0.604,0.668,-0.584,0.434,0.409,0.405,0.043,-0.328,0.501,-0.615,0.462,-0.116,0.578,0.75,0.577,0.052,0.288,0.418,0.503,0.658,-0.044,-0.08,-0.098,0.413,0.589,-0.523,0.7,0.419,-0.147,0.751,0.609,0.644,0.54,-0.14,0.236,-0.729,0.068,0.617,0.602,0.658,-0.232,0.631,0.561
BIDU,0.62,0.305,0.093,0.423,0.311,0.41,0.467,0.059,0.313,0.024,1.0,0.497,0.51,0.191,0.181,0.304,0.205,0.008,-0.112,0.539,-0.235,0.468,0.468,-0.084,0.286,0.306,0.3,0.082,0.143,0.419,0.187,0.471,0.466,0.24,0.254,0.34,0.573,0.277,0.363,0.495,0.489,-0.191,-0.036,0.419,0.254,-0.042,0.341,-0.05,0.268,0.22,0.363,0.199,0.432,0.073,0.246,0.247,0.37,-0.036,0.091,0.01,0.213,0.414,0.303,0.29,0.036,0.415,0.006,0.147,0.671,0.448,-0.05,0.21,0.613,0.405,0.297,0.334,0.033,0.129,-0.09,0.475,0.254,0.564,-0.145,0.121,0.168,0.586,0.291,-0.001,0.167,0.231,0.079,0.513,0.06,0.046,0.124,0.251,0.159,-0.141,0.287,0.226
BILI,0.295,0.354,0.575,-0.008,0.139,0.615,0.336,-0.004,0.085,0.437,0.497,1.0,0.301,0.416,-0.12,0.596,-0.253,-0.38,-0.068,0.405,-0.292,0.528,0.642,0.23,0.566,0.527,0.196,0.587,0.142,0.568,0.49,0.42,0.425,-0.044,0.42,0.39,0.59,0.456,0.292,0.506,0.626,0.407,0.32,0.471,0.402,0.111,0.275,0.358,0.058,0.499,0.619,0.394,0.524,0.366,0.538,0.642,0.568,-0.382,0.639,-0.374,0.406,0.57,0.457,0.192,-0.173,0.597,-0.451,0.39,0.372,0.701,0.38,0.648,0.251,0.569,0.393,0.595,0.593,0.058,-0.047,0.191,0.393,0.634,-0.548,0.605,0.57,0.446,0.481,0.404,0.375,0.323,-0.088,0.434,-0.397,-0.067,0.484,0.738,0.593,-0.211,0.544,0.55
BKR,0.715,0.495,0.273,0.484,0.458,0.594,0.765,0.205,0.342,0.146,0.51,0.301,1.0,0.209,0.483,0.287,-0.026,-0.119,-0.253,0.4,-0.382,0.302,0.477,-0.124,0.232,0.499,0.245,0.219,0.296,0.615,0.422,0.693,0.686,0.059,0.158,0.554,0.552,0.203,0.262,0.419,0.546,-0.13,0.105,0.651,0.225,-0.243,0.582,-0.114,0.423,0.31,0.381,0.209,0.655,-0.037,0.319,0.316,0.377,-0.297,0.123,-0.028,0.123,0.509,0.479,0.481,-0.06,0.603,-0.344,-0.089,0.687,0.311,0.104,0.261,0.83,0.602,0.699,0.393,0.075,-0.093,-0.348,0.108,0.541,0.581,-0.057,0.257,0.43,0.428,0.328,-0.044,0.195,0.179,-0.192,0.684,0.019,-0.429,0.14,0.263,0.084,-0.42,0.379,0.238
CAN,0.185,0.175,0.617,-0.158,-0.084,0.634,0.296,-0.514,-0.441,0.601,0.191,0.416,0.209,1.0,-0.436,0.685,-0.477,-0.527,0.084,0.411,-0.14,0.559,0.498,0.083,0.541,0.558,0.016,0.632,0.132,0.602,0.563,0.268,0.28,-0.01,0.508,0.558,0.344,0.612,-0.166,0.588,0.534,0.365,0.544,0.444,0.604,0.611,0.243,0.16,-0.325,0.128,0.461,0.515,0.408,0.786,0.624,0.703,0.606,-0.356,0.546,-0.438,0.591,0.487,0.298,0.12,-0.303,0.631,-0.489,0.581,0.058,0.638,0.284,0.639,0.145,0.44,0.266,0.596,0.601,0.382,0.234,0.032,0.481,0.437,-0.443,0.733,0.332,-0.009,0.821,0.415,0.434,0.795,0.123,0.218,-0.543,0.055,0.727,0.546,0.587,-0.093,0.57,0.644
CHRD,0.43,0.547,-0.352,0.562,0.592,-0.037,0.307,0.745,0.758,-0.489,0.181,-0.12,0.483,-0.436,1.0,-0.381,0.417,0.558,-0.184,-0.03,-0.116,-0.247,-0.021,-0.138,-0.233,-0.1,0.241,-0.374,-0.004,-0.057,-0.259,0.334,0.323,0.153,-0.267,-0.055,0.07,-0.249,0.235,0.061,-0.041,-0.399,-0.451,0.202,-0.237,-0.53,0.328,-0.335,0.703,0.184,-0.123,-0.118,0.126,-0.512,-0.128,-0.368,-0.218,0.214,-0.391,0.462,-0.352,-0.038,0.142,0.22,0.183,-0.024,0.171,-0.399,0.433,-0.204,-0.288,-0.298,0.567,0.163,0.233,-0.091,-0.447,-0.104,-0.288,0.146,-0.008,0.0,0.316,-0.405,0.157,0.434,-0.407,-0.329,-0.308,-0.501,-0.074,0.32,0.561,-0.233,-0.334,-0.261,-0.364,-0.156,-0.074,-0.314
CMCSA,0.325,0.294,0.707,-0.044,0.022,0.653,0.346,-0.408,-0.271,0.727,0.304,0.596,0.287,0.685,-0.381,1.0,-0.516,-0.568,0.124,0.556,-0.312,0.713,0.67,0.406,0.63,0.716,0.253,0.733,0.046,0.681,0.714,0.415,0.42,0.026,0.522,0.625,0.631,0.431,-0.042,0.631,0.63,0.592,0.685,0.477,0.375,0.441,0.37,0.362,-0.168,0.455,0.701,0.448,0.606,0.629,0.635,0.81,0.693,-0.474,0.707,-0.5,0.523,0.656,0.478,0.265,-0.308,0.668,-0.612,0.597,0.246,0.664,0.495,0.665,0.177,0.416,0.36,0.726,0.608,0.11,0.11,0.098,0.507,0.655,-0.446,0.767,0.475,0.184,0.781,0.636,0.632,0.566,0.048,0.382,-0.531,0.157,0.695,0.642,0.733,-0.131,0.688,0.785
CPRT,0.132,-0.095,-0.592,0.525,0.069,-0.438,-0.262,0.443,0.52,-0.644,0.205,-0.253,-0.026,-0.477,0.417,-0.516,1.0,0.712,0.09,-0.196,0.407,-0.43,-0.292,-0.085,-0.371,-0.581,0.142,-0.645,-0.027,-0.449,-0.596,-0.143,-0.164,0.362,-0.255,-0.391,-0.286,-0.199,0.231,-0.263,-0.376,-0.494,-0.55,-0.243,-0.315,-0.165,-0.079,-0.189,0.463,-0.179,-0.484,-0.349,-0.438,-0.407,-0.562,-0.513,-0.558,0.562,-0.606,0.593,-0.346,-0.337,-0.32,-0.177,0.588,-0.363,0.732,-0.234,0.216,-0.374,-0.411,-0.56,0.156,-0.185,-0.36,-0.387,-0.659,0.241,0.135,0.389,-0.496,-0.36,0.573,-0.608,-0.37,0.234,-0.524,-0.403,-0.41,-0.344,0.162,-0.014,0.726,0.066,-0.581,-0.552,-0.472,0.443,-0.593,-0.437
CRWD,-0.011,0.048,-0.596,0.399,0.302,-0.521,-0.304,0.552,0.573,-0.729,0.008,-0.38,-0.119,-0.527,0.558,-0.568,0.712,1.0,0.108,-0.34,0.326,-0.562,-0.393,-0.089,-0.381,-0.526,0.289,-0.588,-0.129,-0.447,-0.7,-0.075,-0.075,0.48,-0.302,-0.473,-0.419,-0.312,0.105,-0.181,-0.442,-0.482,-0.609,-0.294,-0.328,-0.216,0.004,-0.374,0.427,-0.164,-0.593,-0.34,-0.434,-0.397,-0.524,-0.61,-0.645,0.671,-0.676,0.656,-0.456,-0.38,-0.289,0.02,0.519,-0.438,0.635,-0.267,0.027,-0.506,-0.453,-0.577,0.069,-0.179,-0.31,-0.431,-0.702,0.228,0.144,0.262,-0.484,-0.499,0.6,-0.548,-0.317,0.253,-0.612,-0.43,-0.525,-0.416,0.276,-0.113,0.747,0.177,-0.66,-0.512,-0.528,0.294,-0.612,-0.527
CSCO,-0.172,0.169,-0.16,-0.005,-0.355,-0.12,-0.519,-0.005,0.024,-0.016,-0.112,-0.068,-0.253,0.084,-0.184,0.124,0.09,0.108,1.0,-0.25,0.71,-0.16,0.079,0.571,-0.305,-0.136,0.389,-0.193,-0.305,-0.173,-0.182,-0.042,-0.039,0.473,-0.176,-0.393,-0.183,-0.287,-0.276,-0.093,-0.181,0.201,0.175,-0.361,-0.231,0.61,-0.056,0.434,-0.127,0.133,-0.135,-0.274,-0.23,0.389,-0.208,-0.137,-0.257,0.547,-0.151,-0.084,0.003,-0.409,-0.223,-0.382,0.398,0.079,0.189,0.573,-0.114,-0.093,0.163,-0.103,-0.211,-0.141,-0.348,-0.299,-0.229,0.678,0.911,0.387,-0.409,-0.052,0.191,-0.101,-0.212,-0.127,0.113,0.277,0.078,0.103,0.711,-0.08,-0.008,0.542,-0.208,0.05,0.037,0.417,-0.266,-0.154
CSX,0.465,0.166,0.338,0.128,0.202,0.446,0.546,-0.239,-0.055,0.294,0.539,0.405,0.4,0.411,-0.03,0.556,-0.196,-0.34,-0.25,1.0,-0.486,0.638,0.557,-0.113,0.606,0.432,-0.038,0.431,0.148,0.592,0.428,0.256,0.256,-0.041,0.587,0.512,0.576,0.406,0.098,0.616,0.537,0.081,0.296,0.545,0.303,-0.01,0.309,0.03,-0.034,0.124,0.442,0.509,0.483,0.233,0.543,0.491,0.563,-0.422,0.379,-0.167,0.522,0.611,0.3,0.396,-0.337,0.474,-0.339,0.161,0.458,0.507,0.152,0.384,0.398,0.358,0.316,0.719,0.37,-0.2,-0.256,-0.035,0.503,0.468,-0.284,0.378,0.215,0.297,0.476,0.158,0.344,0.358,-0.212,0.421,-0.195,0.031,0.594,0.301,0.479,-0.133,0.564,0.467
DKNG,-0.24,-0.114,-0.381,0.01,-0.401,-0.362,-0.634,0.098,0.035,-0.255,-0.235,-0.292,-0.382,-0.14,-0.116,-0.312,0.407,0.326,0.71,-0.486,1.0,-0.347,-0.287,0.36,-0.449,-0.475,0.177,-0.39,-0.155,-0.42,-0.382,-0.25,-0.26,0.411,-0.279,-0.589,-0.462,-0.293,-0.228,-0.334,-0.428,-0.037,-0.062,-0.485,-0.221,0.415,-0.228,0.35,-0.042,-0.135,-0.344,-0.482,-0.513,0.087,-0.476,-0.356,-0.462,0.565,-0.377,0.124,-0.168,-0.55,-0.428,-0.507,0.463,-0.233,0.431,0.313,-0.294,-0.283,-0.064,-0.399,-0.293,-0.28,-0.5,-0.508,-0.437,0.627,0.733,0.374,-0.613,-0.269,0.283,-0.37,-0.394,-0.212,-0.212,0.065,-0.114,-0.037,0.527,-0.297,0.23,0.378,-0.481,-0.245,-0.228,0.442,-0.52,-0.388
EBAY,0.456,0.198,0.551,-0.084,0.138,0.62,0.521,-0.422,-0.282,0.57,0.468,0.528,0.302,0.559,-0.247,0.713,-0.43,-0.562,-0.16,0.638,-0.347,1.0,0.608,0.126,0.654,0.575,0.022,0.656,0.056,0.674,0.65,0.314,0.325,-0.212,0.516,0.511,0.742,0.309,0.021,0.61,0.687,0.353,0.497,0.572,0.387,0.184,0.361,0.216,-0.261,0.329,0.867,0.46,0.524,0.414,0.732,0.684,0.876,-0.599,0.65,-0.458,0.469,0.77,0.61,0.38,-0.538,0.596,-0.53,0.354,0.304,0.716,0.264,0.635,0.181,0.358,0.36,0.748,0.608,-0.085,-0.127,0.16,0.546,0.768,-0.58,0.592,0.471,0.207,0.648,0.585,0.649,0.414,-0.112,0.418,-0.526,0.13,0.657,0.607,0.544,-0.27,0.827,0.634
ERIC,0.581,0.565,0.564,0.147,0.288,0.696,0.42,0.007,0.136,0.474,0.468,0.642,0.477,0.498,-0.021,0.67,-0.292,-0.393,0.079,0.557,-0.287,0.608,1.0,0.257,0.423,0.647,0.332,0.515,0.056,0.605,0.597,0.58,0.596,0.116,0.321,0.523,0.732,0.255,0.1,0.573,0.727,0.305,0.425,0.651,0.413,0.222,0.62,0.203,0.125,0.529,0.652,0.346,0.668,0.466,0.591,0.58,0.615,-0.218,0.528,-0.365,0.337,0.61,0.582,0.386,-0.257,0.833,-0.519,0.475,0.525,0.632,0.313,0.638,0.414,0.653,0.518,0.624,0.436,0.148,0.013,0.242,0.638,0.661,-0.473,0.572,0.618,0.315,0.689,0.541,0.503,0.398,0.202,0.684,-0.381,0.007,0.449,0.647,0.469,-0.286,0.596,0.53
EXC,-0.05,0.306,0.214,-0.024,-0.164,0.123,-0.222,-0.052,0.004,0.339,-0.084,0.23,-0.124,0.083,-0.138,0.406,-0.085,-0.089,0.571,-0.113,0.36,0.126,0.257,1.0,0.046,0.246,0.508,0.263,-0.369,0.055,0.158,0.057,0.048,0.34,0.077,-0.04,0.145,-0.211,-0.081,0.141,-0.013,0.674,0.518,-0.111,-0.143,0.539,0.064,0.616,-0.045,0.519,0.258,-0.06,0.063,0.384,0.134,0.227,0.042,0.145,0.319,-0.166,0.146,-0.073,0.115,-0.299,0.288,0.22,-0.082,0.586,-0.126,0.15,0.471,0.242,-0.163,-0.072,-0.143,0.036,0.128,0.382,0.45,0.185,-0.167,0.287,-0.04,0.271,0.161,-0.083,0.231,0.636,0.434,0.152,0.469,0.009,-0.213,0.506,0.055,0.305,0.422,0.27,0.167,0.369
FITB,0.137,-0.022,0.532,-0.12,0.031,0.411,0.454,-0.408,-0.269,0.415,0.286,0.566,0.232,0.541,-0.233,0.63,-0.371,-0.381,-0.305,0.606,-0.449,0.654,0.423,0.046,1.0,0.462,-0.145,0.8,0.102,0.704,0.496,0.076,0.086,-0.159,0.909,0.499,0.453,0.556,0.08,0.681,0.632,0.321,0.457,0.422,0.342,0.144,0.101,0.13,-0.226,0.131,0.486,0.571,0.28,0.455,0.609,0.691,0.6,-0.524,0.604,-0.377,0.56,0.765,0.259,0.276,-0.339,0.475,-0.465,0.213,0.241,0.599,0.195,0.608,0.124,0.318,0.217,0.785,0.648,-0.132,-0.211,-0.132,0.5,0.471,-0.456,0.754,0.32,0.342,0.536,0.408,0.41,0.503,-0.284,0.153,-0.4,0.044,0.737,0.492,0.747,-0.142,0.6,0.679
FLEX,0.376,0.454,0.81,-0.105,0.218,0.786,0.59,-0.293,-0.195,0.771,0.306,0.527,0.499,0.558,-0.1,0.716,-0.581,-0.526,-0.136,0.432,-0.475,0.575,0.647,0.246,0.462,1.0,0.43,0.669,0.007,0.738,0.721,0.616,0.624,0.063,0.335,0.609,0.647,0.331,0.1,0.627,0.634,0.441,0.554,0.557,0.454,0.183,0.498,0.217,-0.042,0.467,0.649,0.411,0.785,0.452,0.643,0.752,0.703,-0.498,0.638,-0.412,0.458,0.573,0.614,0.337,-0.285,0.687,-0.644,0.356,0.253,0.666,0.641,0.676,0.438,0.479,0.657,0.615,0.61,-0.042,-0.203,0.005,0.619,0.705,-0.404,0.736,0.608,0.131,0.779,0.491,0.586,0.465,-0.034,0.558,-0.554,-0.063,0.563,0.618,0.613,-0.356,0.756,0.633
FTNT,0.359,0.542,0.199,0.227,0.336,0.352,-0.009,0.232,0.347,0.191,0.3,0.196,0.245,0.016,0.241,0.253,0.142,0.289,0.389,-0.038,0.177,0.022,0.332,0.508,-0.145,0.43,1.0,-0.002,-0.27,0.217,0.115,0.554,0.556,0.667,-0.135,-0.039,0.276,-0.167,0.1,0.304,0.128,0.161,0.092,0.133,-0.006,0.258,0.467,0.197,0.315,0.424,0.162,-0.075,0.374,0.242,0.053,0.154,0.058,0.288,-0.014,0.145,-0.003,-0.041,0.303,0.026,0.412,0.315,0.061,0.352,0.194,0.176,0.406,0.121,0.354,0.258,0.247,0.055,-0.137,0.445,0.288,0.51,-0.139,0.325,0.176,0.127,0.269,0.263,0.265,0.278,0.234,0.089,0.514,0.442,0.132,0.326,-0.215,0.219,0.127,0.09,0.06,0.097
GEN,0.1,0.128,0.75,-0.282,0.029,0.6,0.377,-0.463,-0.408,0.66,0.082,0.587,0.219,0.632,-0.374,0.733,-0.645,-0.588,-0.193,0.431,-0.39,0.656,0.515,0.263,0.8,0.669,-0.002,1.0,0.109,0.718,0.736,0.206,0.217,-0.22,0.714,0.576,0.536,0.423,-0.034,0.597,0.677,0.621,0.693,0.497,0.396,0.272,0.199,0.282,-0.31,0.325,0.624,0.537,0.465,0.592,0.665,0.83,0.665,-0.587,0.786,-0.616,0.493,0.702,0.415,0.304,-0.454,0.629,-0.705,0.39,0.063,0.648,0.458,0.736,0.008,0.337,0.357,0.773,0.798,-0.086,-0.136,-0.256,0.582,0.563,-0.646,0.924,0.558,0.098,0.663,0.636,0.573,0.503,-0.162,0.196,-0.677,0.011,0.766,0.696,0.797,-0.306,0.737,0.779
GERN,0.204,0.031,0.205,0.096,0.056,0.102,0.255,0.178,0.119,-0.003,0.143,0.142,0.296,0.132,-0.004,0.046,-0.027,-0.129,-0.305,0.148,-0.155,0.056,0.056,-0.369,0.102,0.007,-0.27,0.109,1.0,0.075,0.272,0.336,0.319,-0.253,0.01,0.326,0.057,0.362,0.21,0.03,0.27,-0.151,-0.104,0.207,0.438,-0.326,0.105,-0.127,0.321,-0.1,-0.006,-0.165,0.211,-0.245,-0.033,0.102,0.132,-0.272,0.011,-0.097,-0.082,0.319,0.005,0.253,-0.286,0.029,-0.207,-0.196,0.192,0.185,-0.049,-0.057,0.244,0.472,0.447,0.049,-0.047,-0.136,-0.261,-0.039,0.313,0.063,-0.244,0.095,0.081,0.182,-0.003,-0.222,-0.175,0.012,-0.368,0.154,0.047,-0.519,0.024,0.093,0.044,-0.311,0.047,0.019
GEVO,0.491,0.345,0.654,0.031,0.271,0.789,0.645,-0.322,-0.148,0.559,0.419,0.568,0.615,0.602,-0.057,0.681,-0.449,-0.447,-0.173,0.592,-0.42,0.674,0.605,0.055,0.704,0.738,0.217,0.718,0.075,1.0,0.703,0.487,0.496,0.048,0.641,0.565,0.692,0.451,0.089,0.762,0.782,0.208,0.481,0.671,0.422,0.126,0.524,0.182,-0.076,0.327,0.63,0.539,0.667,0.5,0.703,0.77,0.72,-0.515,0.576,-0.383,0.57,0.745,0.541,0.451,-0.261,0.82,-0.633,0.261,0.44,0.736,0.364,0.676,0.459,0.561,0.592,0.797,0.629,-0.048,-0.182,0.016,0.539,0.735,-0.443,0.756,0.52,0.355,0.731,0.356,0.615,0.574,-0.144,0.597,-0.401,-0.037,0.588,0.634,0.615,-0.36,0.72,0.563
GILD,0.404,0.334,0.748,-0.219,0.158,0.766,0.506,-0.295,-0.328,0.772,0.187,0.49,0.422,0.563,-0.259,0.714,-0.596,-0.7,-0.182,0.428,-0.382,0.65,0.597,0.158,0.496,0.721,0.115,0.736,0.272,0.703,1.0,0.469,0.47,-0.212,0.378,0.696,0.622,0.357,0.042,0.499,0.729,0.456,0.668,0.563,0.436,0.116,0.408,0.348,-0.085,0.403,0.746,0.285,0.736,0.422,0.562,0.724,0.766,-0.662,0.64,-0.551,0.28,0.61,0.553,0.306,-0.525,0.69,-0.758,0.318,0.175,0.642,0.551,0.546,0.25,0.488,0.647,0.668,0.587,-0.144,-0.245,-0.091,0.651,0.73,-0.643,0.678,0.579,0.102,0.647,0.587,0.645,0.409,-0.247,0.415,-0.548,-0.158,0.64,0.647,0.607,-0.429,0.704,0.569
GOOG,0.709,0.699,0.478,0.361,0.521,0.648,0.456,0.329,0.425,0.309,0.471,0.42,0.693,0.268,0.334,0.415,-0.143,-0.075,-0.042,0.256,-0.25,0.314,0.58,0.057,0.076,0.616,0.554,0.206,0.336,0.487,0.469,1.0,0.997,0.256,-0.072,0.414,0.589,0.168,0.174,0.481,0.555,0.015,-0.002,0.586,0.451,-0.126,0.734,-0.079,0.522,0.519,0.462,0.01,0.752,0.078,0.301,0.415,0.453,-0.204,0.202,-0.114,-0.0,0.451,0.615,0.477,-0.111,0.565,-0.471,0.132,0.513,0.479,0.266,0.313,0.733,0.752,0.762,0.343,0.081,0.134,-0.147,0.388,0.409,0.564,-0.141,0.302,0.604,0.433,0.409,0.144,0.204,0.124,0.062,0.767,-0.017,-0.267,0.061,0.473,0.133,-0.458,0.415,0.257
GOOGL,0.701,0.698,0.48,0.345,0.526,0.651,0.452,0.314,0.408,0.314,0.466,0.425,0.686,0.28,0.323,0.42,-0.164,-0.075,-0.039,0.256,-0.26,0.325,0.596,0.048,0.086,0.624,0.556,0.217,0.319,0.496,0.47,0.997,1.0,0.257,-0.066,0.413,0.586,0.168,0.167,0.493,0.561,0.009,0.0,0.582,0.442,-0.113,0.731,-0.087,0.493,0.521,0.471,0.024,0.757,0.099,0.318,0.418,0.463,-0.194,0.208,-0.119,0.0,0.461,0.629,0.49,-0.113,0.579,-0.482,0.145,0.514,0.476,0.263,0.337,0.72,0.752,0.755,0.349,0.1,0.139,-0.142,0.389,0.424,0.559,-0.146,0.316,0.608,0.439,0.422,0.161,0.21,0.135,0.082,0.767,-0.034,-0.25,0.071,0.499,0.134,-0.463,0.424,0.254
GT,0.186,0.222,-0.077,0.346,0.078,-0.012,-0.192,0.14,0.315,-0.117,0.24,-0.044,0.059,-0.01,0.153,0.026,0.362,0.48,0.473,-0.041,0.411,-0.212,0.116,0.34,-0.159,0.063,0.667,-0.22,-0.253,0.048,-0.212,0.256,0.257,1.0,-0.01,-0.245,-0.071,-0.072,-0.121,0.283,-0.051,-0.14,-0.11,-0.092,-0.018,0.318,0.226,0.01,0.236,0.068,-0.228,-0.137,0.015,0.251,-0.241,-0.047,-0.225,0.579,-0.291,0.325,0.107,-0.182,-0.118,-0.072,0.677,0.143,0.263,0.289,0.195,-0.002,0.041,-0.152,0.323,0.032,-0.116,-0.124,-0.337,0.588,0.459,0.501,-0.359,-0.027,0.484,-0.027,-0.181,0.241,0.134,0.015,0.001,0.183,0.583,0.218,0.355,0.473,-0.361,-0.029,0.021,0.344,-0.274,-0.1
HBAN,0.042,-0.104,0.391,-0.111,-0.11,0.329,0.299,-0.451,-0.302,0.298,0.254,0.42,0.158,0.508,-0.267,0.522,-0.255,-0.302,-0.176,0.587,-0.279,0.516,0.321,0.077,0.909,0.335,-0.135,0.714,0.01,0.641,0.378,-0.072,-0.066,-0.01,1.0,0.343,0.321,0.477,0.017,0.64,0.494,0.221,0.461,0.325,0.211,0.278,-0.022,0.135,-0.283,0.007,0.291,0.585,0.148,0.537,0.48,0.606,0.425,-0.342,0.507,-0.301,0.569,0.566,0.058,0.142,-0.16,0.417,-0.292,0.224,0.162,0.468,0.134,0.506,0.085,0.15,0.015,0.668,0.574,0.021,-0.077,-0.133,0.354,0.347,-0.316,0.683,0.144,0.244,0.509,0.302,0.39,0.566,-0.146,0.02,-0.334,0.215,0.635,0.326,0.693,0.061,0.438,0.596
HST,0.476,0.312,0.548,0.175,0.36,0.637,0.663,-0.181,-0.126,0.494,0.34,0.39,0.554,0.558,-0.055,0.625,-0.391,-0.473,-0.393,0.512,-0.589,0.511,0.523,-0.04,0.499,0.609,-0.039,0.576,0.326,0.565,0.696,0.414,0.413,-0.245,0.343,1.0,0.556,0.499,0.168,0.443,0.611,0.305,0.513,0.659,0.43,0.037,0.41,0.079,0.092,0.335,0.531,0.396,0.688,0.236,0.575,0.561,0.592,-0.554,0.489,-0.288,0.264,0.672,0.495,0.416,-0.467,0.572,-0.548,0.231,0.363,0.432,0.275,0.503,0.417,0.5,0.587,0.607,0.443,-0.188,-0.38,-0.215,0.787,0.528,-0.424,0.548,0.503,0.129,0.486,0.315,0.373,0.404,-0.328,0.424,-0.349,-0.392,0.617,0.415,0.409,-0.393,0.59,0.609
INTC,0.714,0.459,0.563,0.186,0.459,0.761,0.539,-0.079,0.113,0.442,0.573,0.59,0.552,0.344,0.07,0.631,-0.286,-0.419,-0.183,0.576,-0.462,0.742,0.732,0.145,0.453,0.647,0.276,0.536,0.057,0.692,0.622,0.589,0.586,-0.071,0.321,0.556,1.0,0.176,0.144,0.571,0.806,0.301,0.327,0.724,0.317,-0.051,0.636,0.121,0.096,0.559,0.768,0.359,0.682,0.239,0.648,0.633,0.701,-0.507,0.564,-0.361,0.22,0.732,0.741,0.548,-0.438,0.72,-0.506,0.199,0.591,0.674,0.299,0.614,0.461,0.492,0.557,0.719,0.479,-0.15,-0.249,0.202,0.533,0.813,-0.489,0.524,0.703,0.296,0.542,0.441,0.531,0.21,-0.113,0.751,-0.36,-0.126,0.426,0.629,0.363,-0.431,0.724,0.56
IOVA,0.129,-0.016,0.402,0.016,-0.026,0.357,0.336,-0.283,-0.226,0.298,0.277,0.456,0.203,0.612,-0.249,0.431,-0.199,-0.312,-0.287,0.406,-0.293,0.309,0.255,-0.211,0.556,0.331,-0.167,0.423,0.362,0.451,0.357,0.168,0.168,-0.072,0.477,0.499,0.176,1.0,0.115,0.435,0.376,0.091,0.159,0.296,0.526,0.185,0.037,-0.014,-0.003,0.013,0.216,0.391,0.247,0.338,0.325,0.596,0.369,-0.37,0.413,-0.259,0.478,0.519,0.057,0.13,-0.169,0.308,-0.336,0.169,0.152,0.502,0.07,0.403,0.246,0.414,0.25,0.477,0.451,0.082,-0.108,0.011,0.395,0.201,-0.331,0.468,0.201,0.305,0.427,0.078,0.138,0.53,-0.248,0.168,-0.162,-0.252,0.574,0.303,0.489,-0.197,0.358,0.466
IQ,0.12,0.209,0.074,0.096,0.206,0.165,0.26,0.237,0.24,-0.079,0.363,0.292,0.262,-0.166,0.235,-0.042,0.231,0.105,-0.276,0.098,-0.228,0.021,0.1,-0.081,0.08,0.1,0.1,-0.034,0.21,0.089,0.042,0.174,0.167,-0.121,0.017,0.168,0.144,0.115,1.0,0.03,0.092,-0.082,-0.02,0.076,0.061,-0.256,0.056,0.089,0.298,0.382,0.066,-0.151,0.201,-0.307,0.033,0.073,0.059,-0.107,0.225,0.15,-0.144,0.123,0.079,0.044,0.058,0.016,0.126,-0.167,0.172,0.02,0.223,0.071,0.25,0.266,0.258,-0.03,0.107,-0.211,-0.325,0.039,0.171,0.203,-0.103,-0.029,0.188,0.197,-0.132,-0.106,0.166,-0.028,-0.212,0.196,0.067,-0.289,-0.099,-0.004,-0.045,-0.044,0.037,0.082
JBLU,0.468,0.474,0.543,0.088,0.274,0.63,0.453,-0.209,-0.008,0.422,0.495,0.506,0.419,0.588,0.061,0.631,-0.263,-0.181,-0.093,0.616,-0.334,0.61,0.573,0.141,0.681,0.627,0.304,0.597,0.03,0.762,0.499,0.481,0.493,0.283,0.64,0.443,0.571,0.435,0.03,1.0,0.67,0.166,0.308,0.501,0.408,0.206,0.431,0.046,0.029,0.374,0.485,0.475,0.574,0.51,0.609,0.657,0.598,-0.291,0.462,-0.249,0.481,0.651,0.404,0.376,-0.138,0.639,-0.473,0.324,0.456,0.692,0.241,0.547,0.49,0.47,0.363,0.749,0.503,0.149,-0.066,0.183,0.408,0.598,-0.337,0.64,0.434,0.523,0.626,0.38,0.465,0.505,0.033,0.457,-0.261,0.254,0.577,0.561,0.635,-0.2,0.661,0.572
JD,0.626,0.398,0.687,0.066,0.37,0.747,0.567,-0.151,-0.013,0.426,0.489,0.626,0.546,0.534,-0.041,0.63,-0.376,-0.442,-0.181,0.537,-0.428,0.687,0.727,-0.013,0.632,0.634,0.128,0.677,0.27,0.782,0.729,0.555,0.561,-0.051,0.494,0.611,0.806,0.376,0.092,0.67,1.0,0.245,0.358,0.731,0.53,0.018,0.606,0.052,0.01,0.409,0.696,0.404,0.645,0.409,0.607,0.681,0.769,-0.485,0.547,-0.422,0.321,0.808,0.629,0.54,-0.496,0.818,-0.633,0.248,0.611,0.775,0.233,0.626,0.432,0.649,0.607,0.799,0.544,-0.05,-0.17,0.103,0.626,0.745,-0.543,0.673,0.685,0.376,0.638,0.478,0.512,0.364,-0.111,0.672,-0.382,-0.192,0.536,0.684,0.486,-0.407,0.679,0.566
KDP,-0.11,0.128,0.565,-0.385,-0.167,0.329,0.007,-0.326,-0.367,0.591,-0.191,0.407,-0.13,0.365,-0.399,0.592,-0.494,-0.482,0.201,0.081,-0.037,0.353,0.305,0.674,0.321,0.441,0.161,0.621,-0.151,0.208,0.456,0.015,0.009,-0.14,0.221,0.305,0.301,0.091,-0.082,0.166,0.245,1.0,0.7,0.089,0.161,0.43,0.018,0.548,-0.343,0.454,0.486,0.179,0.205,0.423,0.403,0.526,0.354,-0.383,0.646,-0.409,0.322,0.212,0.221,-0.143,-0.249,0.282,-0.348,0.536,-0.237,0.347,0.642,0.458,-0.302,0.057,0.092,0.366,0.504,0.044,0.182,-0.159,0.171,0.41,-0.417,0.561,0.391,-0.248,0.422,0.714,0.447,0.237,0.063,-0.015,-0.571,0.092,0.472,0.494,0.59,0.004,0.451,0.633
KHC,-0.024,0.129,0.563,-0.343,-0.234,0.489,0.237,-0.518,-0.522,0.726,-0.036,0.32,0.105,0.544,-0.451,0.685,-0.55,-0.609,0.175,0.296,-0.062,0.497,0.425,0.518,0.457,0.554,0.092,0.693,-0.104,0.481,0.668,-0.002,0.0,-0.11,0.461,0.513,0.327,0.159,-0.02,0.308,0.358,0.7,1.0,0.233,0.131,0.519,0.082,0.67,-0.395,0.317,0.504,0.305,0.399,0.579,0.487,0.557,0.471,-0.413,0.64,-0.513,0.425,0.331,0.183,-0.04,-0.273,0.52,-0.434,0.585,-0.106,0.338,0.66,0.486,-0.111,0.091,0.171,0.433,0.57,0.054,0.116,-0.238,0.412,0.528,-0.502,0.652,0.268,-0.243,0.617,0.675,0.701,0.532,0.016,0.039,-0.689,0.195,0.581,0.423,0.641,-0.012,0.489,0.603
LRCX,0.719,0.489,0.492,0.377,0.604,0.742,0.645,0.1,0.238,0.307,0.419,0.471,0.651,0.444,0.202,0.477,-0.243,-0.294,-0.361,0.545,-0.485,0.572,0.651,-0.111,0.422,0.557,0.133,0.497,0.207,0.671,0.563,0.586,0.582,-0.092,0.325,0.659,0.724,0.296,0.076,0.501,0.731,0.089,0.233,1.0,0.472,-0.083,0.769,-0.078,0.263,0.317,0.623,0.599,0.715,0.264,0.672,0.528,0.677,-0.481,0.422,-0.159,0.318,0.713,0.708,0.631,-0.425,0.719,-0.535,0.058,0.536,0.571,0.075,0.576,0.559,0.674,0.655,0.73,0.401,-0.093,-0.342,0.065,0.62,0.602,-0.331,0.493,0.72,0.273,0.495,0.23,0.371,0.3,-0.197,0.731,-0.169,-0.339,0.401,0.407,0.234,-0.417,0.61,0.51
LYFT,0.318,0.185,0.649,-0.08,0.154,0.488,0.342,-0.151,-0.115,0.367,0.254,0.402,0.225,0.604,-0.237,0.375,-0.315,-0.328,-0.231,0.303,-0.221,0.387,0.413,-0.143,0.342,0.454,-0.006,0.396,0.438,0.422,0.436,0.451,0.442,-0.018,0.211,0.43,0.317,0.526,0.061,0.408,0.53,0.161,0.131,0.472,1.0,0.098,0.453,-0.059,0.046,0.115,0.341,0.236,0.417,0.276,0.409,0.518,0.558,-0.398,0.387,-0.203,0.425,0.454,0.343,0.28,-0.398,0.393,-0.456,0.191,0.112,0.665,0.156,0.42,0.262,0.69,0.549,0.432,0.384,0.077,-0.125,0.034,0.472,0.338,-0.401,0.487,0.385,0.096,0.512,0.122,0.213,0.467,-0.097,0.369,-0.252,-0.285,0.336,0.402,0.312,-0.286,0.398,0.452
MARA,-0.19,0.023,0.224,-0.137,-0.395,0.192,-0.267,-0.493,-0.419,0.338,-0.042,0.111,-0.243,0.611,-0.53,0.441,-0.165,-0.216,0.61,-0.01,0.415,0.184,0.222,0.539,0.144,0.183,0.258,0.272,-0.326,0.126,0.116,-0.126,-0.113,0.318,0.278,0.037,-0.051,0.185,-0.256,0.206,0.018,0.43,0.519,-0.083,0.098,1.0,-0.091,0.374,-0.449,0.111,0.139,0.249,-0.056,0.822,0.235,0.344,0.126,0.208,0.309,-0.201,0.412,-0.077,-0.062,-0.365,0.228,0.298,0.001,0.765,-0.23,0.204,0.239,0.38,-0.264,-0.048,-0.307,0.114,0.285,0.756,0.734,0.247,-0.098,0.122,-0.047,0.389,-0.031,-0.262,0.547,0.488,0.409,0.679,0.642,-0.152,-0.368,0.539,0.295,0.224,0.39,0.433,0.114,0.441
MCHP,0.788,0.664,0.448,0.417,0.69,0.612,0.426,0.284,0.422,0.225,0.341,0.275,0.582,0.243,0.328,0.37,-0.079,0.004,-0.056,0.309,-0.228,0.361,0.62,0.064,0.101,0.498,0.467,0.199,0.105,0.524,0.408,0.734,0.731,0.226,-0.022,0.41,0.636,0.037,0.056,0.431,0.606,0.018,0.082,0.769,0.453,-0.091,1.0,-0.059,0.443,0.431,0.461,0.222,0.655,0.13,0.457,0.325,0.474,-0.206,0.187,-0.0,0.083,0.508,0.707,0.594,-0.236,0.63,-0.425,0.072,0.544,0.459,0.118,0.367,0.549,0.709,0.678,0.492,0.109,0.043,-0.149,0.257,0.398,0.498,-0.13,0.275,0.664,0.289,0.376,0.218,0.358,0.142,0.077,0.853,0.044,-0.191,0.033,0.326,0.024,-0.376,0.397,0.266
MDLZ,-0.134,0.146,0.272,-0.277,-0.31,0.264,-0.124,-0.188,-0.224,0.503,-0.05,0.358,-0.114,0.16,-0.335,0.362,-0.189,-0.374,0.434,0.03,0.35,0.216,0.203,0.616,0.13,0.217,0.197,0.282,-0.127,0.182,0.348,-0.079,-0.087,0.01,0.135,0.079,0.121,-0.014,0.089,0.046,0.052,0.548,0.67,-0.078,-0.059,0.374,-0.059,1.0,-0.187,0.34,0.288,-0.04,0.161,0.315,0.204,0.223,0.169,-0.154,0.365,-0.364,0.223,-0.012,0.02,-0.329,0.038,0.241,-0.141,0.519,-0.173,0.218,0.68,0.227,-0.185,0.008,-0.004,0.07,0.291,0.144,0.301,0.017,-0.042,0.365,-0.358,0.242,0.085,-0.173,0.233,0.543,0.478,0.212,0.035,0.0,-0.414,0.243,0.192,0.338,0.442,0.153,0.143,0.171
META,0.465,0.542,-0.18,0.671,0.501,0.015,0.152,0.82,0.847,-0.313,0.268,0.058,0.423,-0.325,0.703,-0.168,0.463,0.427,-0.127,-0.034,-0.042,-0.261,0.125,-0.045,-0.226,-0.042,0.315,-0.31,0.321,-0.076,-0.085,0.522,0.493,0.236,-0.283,0.092,0.096,-0.003,0.298,0.029,0.01,-0.343,-0.395,0.263,0.046,-0.449,0.443,-0.187,1.0,0.23,-0.14,-0.233,0.256,-0.443,-0.213,-0.188,-0.2,0.192,-0.278,0.294,-0.336,0.059,0.08,0.178,0.219,0.004,0.035,-0.311,0.442,-0.082,-0.165,-0.242,0.605,0.428,0.357,-0.115,-0.43,0.016,-0.24,0.267,0.035,-0.024,0.19,-0.298,0.224,0.528,-0.306,-0.281,-0.275,-0.371,-0.078,0.423,0.595,-0.333,-0.364,-0.204,-0.215,-0.249,-0.15,-0.181
MNST,0.386,0.68,0.407,0.148,0.343,0.5,0.194,0.189,0.217,0.305,0.22,0.499,0.31,0.128,0.184,0.455,-0.179,-0.164,0.133,0.124,-0.135,0.329,0.529,0.519,0.131,0.467,0.424,0.325,-0.1,0.327,0.403,0.519,0.521,0.068,0.007,0.335,0.559,0.013,0.382,0.374,0.409,0.454,0.317,0.317,0.115,0.111,0.431,0.34,0.23,1.0,0.554,0.017,0.522,0.144,0.358,0.431,0.358,-0.179,0.585,-0.213,-0.061,0.34,0.518,0.218,-0.117,0.48,-0.404,0.351,0.289,0.344,0.471,0.443,0.268,0.372,0.343,0.311,0.379,0.076,-0.009,0.167,0.302,0.567,-0.322,0.299,0.686,0.2,0.222,0.527,0.538,0.034,0.137,0.497,-0.235,-0.017,0.175,0.536,0.249,-0.247,0.478,0.433
MRNA,0.528,0.382,0.623,-0.054,0.27,0.721,0.532,-0.23,-0.173,0.62,0.363,0.619,0.381,0.461,-0.123,0.701,-0.484,-0.593,-0.135,0.442,-0.344,0.867,0.652,0.258,0.486,0.649,0.162,0.624,-0.006,0.63,0.746,0.462,0.471,-0.228,0.291,0.531,0.768,0.216,0.066,0.485,0.696,0.486,0.504,0.623,0.341,0.139,0.461,0.288,-0.14,0.554,1.0,0.381,0.665,0.357,0.701,0.677,0.889,-0.628,0.697,-0.412,0.337,0.679,0.776,0.339,-0.518,0.662,-0.64,0.37,0.296,0.681,0.372,0.663,0.208,0.425,0.491,0.709,0.594,-0.092,-0.153,0.194,0.531,0.856,-0.546,0.548,0.671,0.181,0.591,0.669,0.69,0.299,-0.1,0.493,-0.511,-0.031,0.576,0.686,0.465,-0.333,0.822,0.638
MRVL,0.147,0.088,0.351,0.031,0.137,0.438,0.393,-0.321,-0.17,0.318,0.199,0.394,0.209,0.515,-0.118,0.448,-0.349,-0.34,-0.274,0.509,-0.482,0.46,0.346,-0.06,0.571,0.411,-0.075,0.537,-0.165,0.539,0.285,0.01,0.024,-0.137,0.585,0.396,0.359,0.391,-0.151,0.475,0.404,0.179,0.305,0.599,0.236,0.249,0.222,-0.04,-0.233,0.017,0.381,1.0,0.345,0.549,0.683,0.49,0.501,-0.372,0.481,-0.173,0.637,0.474,0.307,0.253,-0.204,0.45,-0.338,0.154,0.21,0.451,0.027,0.627,0.143,0.223,0.11,0.671,0.608,0.003,-0.149,-0.138,0.365,0.286,-0.258,0.552,0.363,0.136,0.525,0.183,0.288,0.449,-0.098,0.222,-0.339,0.065,0.622,0.303,0.457,-0.071,0.534,0.556
MSFT,0.638,0.638,0.65,0.151,0.481,0.84,0.613,0.027,0.104,0.587,0.432,0.524,0.655,0.408,0.126,0.606,-0.438,-0.434,-0.23,0.483,-0.513,0.524,0.668,0.063,0.28,0.785,0.374,0.465,0.211,0.667,0.736,0.752,0.757,0.015,0.148,0.688,0.682,0.247,0.201,0.574,0.645,0.205,0.399,0.715,0.417,-0.056,0.655,0.161,0.256,0.522,0.665,0.345,1.0,0.222,0.61,0.558,0.704,-0.498,0.491,-0.243,0.243,0.572,0.683,0.438,-0.318,0.689,-0.644,0.184,0.473,0.528,0.462,0.556,0.587,0.648,0.751,0.57,0.448,-0.128,-0.352,0.064,0.627,0.704,-0.389,0.494,0.656,0.297,0.566,0.319,0.529,0.306,-0.169,0.669,-0.332,-0.21,0.39,0.563,0.356,-0.456,0.646,0.481
MSTR,-0.01,0.129,0.478,-0.216,-0.202,0.492,-0.032,-0.506,-0.401,0.555,0.073,0.366,-0.037,0.786,-0.512,0.629,-0.407,-0.397,0.389,0.233,0.087,0.414,0.466,0.384,0.455,0.452,0.242,0.592,-0.245,0.5,0.422,0.078,0.099,0.251,0.537,0.236,0.239,0.338,-0.307,0.51,0.409,0.423,0.579,0.264,0.276,0.822,0.13,0.315,-0.443,0.144,0.357,0.549,0.222,1.0,0.504,0.59,0.436,-0.052,0.489,-0.428,0.559,0.252,0.173,-0.068,-0.001,0.605,-0.338,0.709,-0.047,0.511,0.325,0.623,-0.05,0.203,-0.035,0.48,0.554,0.577,0.5,0.129,0.154,0.333,-0.29,0.7,0.258,-0.064,0.775,0.585,0.496,0.756,0.439,0.102,-0.514,0.431,0.564,0.533,0.613,0.144,0.385,0.549
MU,0.37,0.369,0.627,-0.082,0.332,0.721,0.499,-0.304,-0.182,0.573,0.246,0.538,0.319,0.624,-0.128,0.635,-0.562,-0.524,-0.208,0.543,-0.476,0.732,0.591,0.134,0.609,0.643,0.053,0.665,-0.033,0.703,0.562,0.301,0.318,-0.241,0.48,0.575,0.648,0.325,0.033,0.609,0.607,0.403,0.487,0.672,0.409,0.235,0.457,0.204,-0.213,0.358,0.701,0.683,0.61,0.504,1.0,0.637,0.788,-0.589,0.678,-0.285,0.534,0.656,0.661,0.305,-0.44,0.625,-0.551,0.284,0.229,0.641,0.334,0.844,0.163,0.484,0.412,0.753,0.733,-0.065,-0.194,-0.06,0.548,0.605,-0.523,0.669,0.611,0.084,0.655,0.481,0.596,0.542,-0.127,0.433,-0.513,-0.025,0.664,0.636,0.515,-0.289,0.816,0.668
MVIS,0.266,0.2,0.808,-0.117,0.029,0.719,0.408,-0.467,-0.356,0.704,0.247,0.642,0.316,0.703,-0.368,0.81,-0.513,-0.61,-0.137,0.491,-0.356,0.684,0.58,0.227,0.691,0.752,0.154,0.83,0.102,0.77,0.724,0.415,0.418,-0.047,0.606,0.561,0.633,0.596,0.073,0.657,0.681,0.526,0.557,0.528,0.518,0.344,0.325,0.223,-0.188,0.431,0.677,0.49,0.558,0.59,0.637,1.0,0.722,-0.598,0.834,-0.513,0.562,0.718,0.464,0.296,-0.316,0.662,-0.67,0.404,0.18,0.744,0.497,0.751,0.208,0.457,0.442,0.774,0.798,0.046,-0.07,0.033,0.512,0.637,-0.508,0.856,0.595,0.167,0.785,0.543,0.644,0.606,-0.118,0.418,-0.577,-0.043,0.716,0.668,0.742,-0.265,0.771,0.826
NFLX,0.487,0.29,0.737,-0.148,0.256,0.757,0.604,-0.352,-0.272,0.675,0.37,0.568,0.377,0.606,-0.218,0.693,-0.558,-0.645,-0.257,0.563,-0.462,0.876,0.615,0.042,0.6,0.703,0.058,0.665,0.132,0.72,0.766,0.453,0.463,-0.225,0.425,0.592,0.701,0.369,0.059,0.598,0.769,0.354,0.471,0.677,0.558,0.126,0.474,0.169,-0.2,0.358,0.889,0.501,0.704,0.436,0.788,0.722,1.0,-0.686,0.681,-0.372,0.499,0.738,0.706,0.359,-0.576,0.653,-0.66,0.296,0.281,0.767,0.378,0.704,0.254,0.531,0.551,0.765,0.672,-0.126,-0.235,0.076,0.596,0.777,-0.543,0.637,0.603,0.141,0.715,0.559,0.694,0.476,-0.201,0.484,-0.52,-0.072,0.658,0.645,0.532,-0.301,0.844,0.655
NNDM,-0.218,0.008,-0.637,0.31,-0.078,-0.552,-0.515,0.313,0.349,-0.604,-0.036,-0.382,-0.297,-0.356,0.214,-0.474,0.562,0.671,0.547,-0.422,0.565,-0.599,-0.218,0.145,-0.524,-0.498,0.288,-0.587,-0.272,-0.515,-0.662,-0.204,-0.194,0.579,-0.342,-0.554,-0.507,-0.37,-0.107,-0.291,-0.485,-0.383,-0.413,-0.481,-0.398,0.208,-0.206,-0.154,0.192,-0.179,-0.628,-0.372,-0.498,-0.052,-0.589,-0.598,-0.686,1.0,-0.651,0.416,-0.317,-0.606,-0.46,-0.322,0.684,-0.267,0.61,0.141,-0.037,-0.469,-0.377,-0.473,-0.113,-0.32,-0.497,-0.62,-0.65,0.556,0.576,0.327,-0.514,-0.53,0.534,-0.501,-0.504,0.065,-0.364,-0.233,-0.409,-0.24,0.718,-0.219,0.513,0.431,-0.588,-0.411,-0.357,0.456,-0.631,-0.524
NVAX,0.08,0.212,0.751,-0.296,-0.055,0.626,0.297,-0.392,-0.366,0.668,0.091,0.639,0.123,0.546,-0.391,0.707,-0.606,-0.676,-0.151,0.379,-0.377,0.65,0.528,0.319,0.604,0.638,-0.014,0.786,0.011,0.576,0.64,0.202,0.208,-0.291,0.507,0.489,0.564,0.413,0.225,0.462,0.547,0.646,0.64,0.422,0.387,0.309,0.187,0.365,-0.278,0.585,0.697,0.481,0.491,0.489,0.678,0.834,0.681,-0.651,1.0,-0.557,0.456,0.604,0.428,0.18,-0.44,0.523,-0.634,0.363,0.025,0.604,0.54,0.788,-0.021,0.338,0.298,0.64,0.913,-0.095,-0.135,-0.145,0.5,0.589,-0.647,0.762,0.655,-0.037,0.615,0.591,0.708,0.474,-0.156,0.252,-0.714,-0.044,0.674,0.648,0.644,-0.256,0.744,0.8
NVDA,0.117,-0.073,-0.468,0.369,0.347,-0.399,-0.01,0.376,0.373,-0.584,0.01,-0.374,-0.028,-0.438,0.462,-0.5,0.593,0.656,-0.084,-0.167,0.124,-0.458,-0.365,-0.166,-0.377,-0.412,0.145,-0.616,-0.097,-0.383,-0.551,-0.114,-0.119,0.325,-0.301,-0.288,-0.361,-0.259,0.15,-0.249,-0.422,-0.409,-0.513,-0.159,-0.203,-0.201,-0.0,-0.364,0.294,-0.213,-0.412,-0.173,-0.243,-0.428,-0.285,-0.513,-0.372,0.416,-0.557,1.0,-0.164,-0.353,-0.173,-0.144,0.479,-0.427,0.653,-0.304,0.034,-0.453,-0.324,-0.474,0.074,-0.177,-0.22,-0.368,-0.587,0.088,-0.034,0.207,-0.386,-0.379,0.7,-0.542,-0.382,0.038,-0.434,-0.485,-0.333,-0.25,0.082,-0.074,0.763,-0.004,-0.563,-0.557,-0.483,0.467,-0.43,-0.374
NWL,0.058,-0.056,0.436,-0.104,-0.2,0.351,0.356,-0.507,-0.329,0.434,0.213,0.406,0.123,0.591,-0.352,0.523,-0.346,-0.456,0.003,0.522,-0.168,0.469,0.337,0.146,0.56,0.458,-0.003,0.493,-0.082,0.57,0.28,-0.0,0.0,0.107,0.569,0.264,0.22,0.478,-0.144,0.481,0.321,0.322,0.425,0.318,0.425,0.412,0.083,0.223,-0.336,-0.061,0.337,0.637,0.243,0.559,0.534,0.562,0.499,-0.317,0.456,-0.164,1.0,0.381,0.08,-0.003,-0.018,0.426,-0.283,0.369,0.113,0.567,0.253,0.511,0.089,0.222,0.107,0.519,0.524,0.115,0.112,-0.016,0.188,0.356,-0.196,0.57,0.059,0.051,0.666,0.22,0.377,0.64,0.007,0.152,-0.337,0.184,0.559,0.33,0.659,0.109,0.481,0.547
OCGN,0.546,0.237,0.602,0.168,0.361,0.581,0.639,-0.196,-0.031,0.409,0.414,0.57,0.509,0.487,-0.038,0.656,-0.337,-0.38,-0.409,0.611,-0.55,0.77,0.61,-0.073,0.765,0.573,-0.041,0.702,0.319,0.745,0.61,0.451,0.461,-0.182,0.566,0.672,0.732,0.519,0.123,0.651,0.808,0.212,0.331,0.713,0.454,-0.077,0.508,-0.012,0.059,0.34,0.679,0.474,0.572,0.252,0.656,0.718,0.738,-0.606,0.604,-0.353,0.381,1.0,0.588,0.638,-0.495,0.64,-0.616,0.11,0.548,0.662,0.151,0.634,0.383,0.563,0.528,0.812,0.578,-0.214,-0.355,0.039,0.666,0.616,-0.487,0.676,0.605,0.424,0.537,0.402,0.463,0.339,-0.318,0.592,-0.317,-0.228,0.59,0.568,0.506,-0.438,0.738,0.638
ON,0.662,0.506,0.566,0.188,0.621,0.707,0.473,0.018,0.113,0.405,0.303,0.457,0.479,0.298,0.142,0.478,-0.32,-0.289,-0.223,0.3,-0.428,0.61,0.582,0.115,0.259,0.614,0.303,0.415,0.005,0.541,0.553,0.615,0.629,-0.118,0.058,0.495,0.741,0.057,0.079,0.404,0.629,0.221,0.183,0.708,0.343,-0.062,0.707,0.02,0.08,0.518,0.776,0.307,0.683,0.173,0.661,0.464,0.706,-0.46,0.428,-0.173,0.08,0.588,1.0,0.57,-0.437,0.606,-0.571,0.127,0.381,0.554,0.196,0.64,0.327,0.49,0.604,0.594,0.398,-0.144,-0.285,0.182,0.533,0.641,-0.26,0.421,0.719,0.154,0.398,0.438,0.476,0.152,-0.077,0.664,-0.279,-0.166,0.316,0.605,0.142,-0.35,0.646,0.454
