,AAL,AAPL,AGNC,AMAT,AMD,AMZN,APA,ARDX,AVGO,AZN,BIDU,BILI,BKR,CAN,CHRD,CMCSA,CPRT,CRWD,CSCO,CSX,DKNG,EBAY,ERIC,EXC,FITB,FLEX,FTNT,GEN,GERN,GEVO,GILD,GOOG,GOOGL,GT,HBAN,HST,INTC,IOVA,IQ,JBLU,JD,KDP,KHC,LRCX,LYFT,MARA,MCHP,MDLZ,META,MNST,MRNA,MRVL,MSFT,MSTR,MU,MVIS,NFLX,NNDM,NVAX,NVDA,NWL,OCGN,ON,OPK,PAA,PACB,PANW,PARA,PDD,PENN,PEP,PLUG,PTEN,PTON,PYPL,QCOM,QVCGA,RIOT,ROKU,RUN,SABR,SBUX,SMCI,SNDL,STNE,TCOM,TLRY,TMUS,TSCO,TSLA,TTD,TXN,UAL,VOD,VTRS,VXRT,WBA,WBD,WDC,ZM
AAL,1.0,0.722,0.05,0.66,-0.355,0.503,0.388,-0.601,0.447,-0.758,-0.028,-0.399,0.762,0.512,0.597,0.756,0.684,-0.347,0.479,0.697,0.569,-0.028,0.488,0.486,0.455,0.59,0.761,0.076,-0.29,0.25,-0.49,-0.454,-0.425,0.419,0.164,0.202,-0.171,-0.518,0.201,0.854,-0.464,0.136,-0.512,0.541,-0.285,0.695,0.754,-0.054,0.689,-0.535,-0.241,-0.088,0.252,0.602,-0.535,-0.471,0.479,0.667,-0.011,0.266,0.642,0.385,0.618,0.735,0.75,-0.234,0.649,0.051,-0.485,-0.299,0.189,0.283,0.596,-0.223,0.359,-0.175,0.512,0.614,-0.413,-0.478,-0.082,-0.334,0.284,0.066,-0.643,-0.418,0.069,0.697,0.046,0.555,0.318,0.527,0.802,0.067,0.195,-0.637,-0.508,-0.187,-0.366,-0.233
AAPL,0.722,1.0,0.009,0.665,-0.408,0.784,0.326,-0.638,0.483,-0.682,-0.052,-0.406,0.703,0.269,0.534,0.749,0.773,-0.275,0.633,0.829,0.531,-0.076,0.399,0.538,0.427,0.622,0.779,0.148,-0.235,0.171,-0.252,-0.272,-0.322,0.501,0.103,0.011,-0.019,-0.539,0.305,0.714,-0.448,0.155,-0.472,0.668,-0.385,0.678,0.783,0.192,0.718,-0.332,-0.227,-0.215,0.487,0.675,-0.471,-0.415,0.442,0.67,-0.18,0.41,0.546,0.467,0.651,0.706,0.782,-0.212,0.867,-0.129,-0.496,-0.412,0.397,0.143,0.589,-0.373,0.521,-0.223,0.445,0.492,-0.502,-0.463,-0.31,-0.25,0.167,-0.169,-0.485,-0.493,-0.075,0.877,0.234,0.529,0.374,0.521,0.676,0.126,0.391,-0.58,-0.647,-0.287,-0.469,-0.199
AGNC,0.05,0.009,1.0,0.351,-0.055,0.059,-0.013,0.008,0.368,0.27,0.273,0.223,-0.085,-0.326,-0.093,0.084,0.205,0.117,0.164,0.257,-0.015,0.08,0.113,-0.084,-0.056,-0.121,0.139,0.539,-0.357,-0.129,0.215,-0.022,-0.024,0.37,-0.01,-0.39,0.482,0.162,0.419,0.059,0.139,-0.282,-0.111,0.349,-0.031,-0.254,0.183,0.251,-0.024,0.419,0.26,0.201,0.186,-0.351,0.508,-0.167,0.074,-0.205,0.078,0.232,0.053,0.051,-0.061,-0.128,-0.129,0.074,0.162,-0.176,0.141,-0.144,0.119,0.114,-0.058,0.019,0.08,0.327,-0.351,-0.392,0.14,0.379,0.104,0.461,-0.396,-0.116,0.399,0.062,-0.096,-0.17,0.1,-0.223,0.663,0.249,0.285,0.481,0.289,0.137,0.031,-0.203,0.094,0.504
AMAT,0.66,0.665,0.351,1.0,-0.078,0.552,0.242,-0.37,0.511,-0.394,-0.045,-0.116,0.528,0.183,0.472,0.724,0.562,-0.07,0.433,0.708,0.505,0.252,0.417,0.215,0.401,0.374,0.622,0.434,-0.129,0.323,-0.254,-0.172,-0.169,0.529,0.307,0.143,0.153,-0.323,0.226,0.634,-0.298,-0.185,-0.33,0.896,-0.158,0.352,0.772,0.072,0.393,-0.269,0.098,0.21,0.288,0.249,-0.12,-0.201,0.345,0.387,0.096,0.131,0.743,0.089,0.676,0.479,0.547,0.173,0.585,0.067,-0.258,-0.078,0.008,0.184,0.371,-0.146,0.136,0.215,0.333,0.143,-0.17,-0.057,-0.019,-0.085,0.177,-0.005,-0.264,-0.148,0.124,0.534,0.097,0.248,0.587,0.722,0.629,0.346,0.137,-0.478,-0.523,0.059,-0.111,0.19
AMD,-0.355,-0.408,-0.055,-0.078,1.0,-0.422,0.249,0.683,0.203,0.296,0.215,0.75,-0.249,0.05,0.022,-0.154,-0.652,0.72,0.01,-0.31,-0.183,0.667,0.237,-0.217,0.195,-0.021,-0.377,0.286,0.536,0.613,0.398,0.657,0.671,-0.238,0.634,0.598,0.356,0.504,0.047,-0.451,0.63,0.139,0.69,-0.119,0.407,-0.645,-0.068,-0.148,-0.597,0.059,0.584,0.773,0.065,-0.595,0.384,0.76,0.272,-0.175,0.504,-0.094,0.005,-0.4,0.145,-0.379,-0.276,0.668,-0.542,0.651,0.727,0.68,-0.516,0.469,-0.194,0.78,-0.469,0.76,0.121,-0.556,0.796,0.651,0.725,0.264,0.499,0.526,0.253,0.813,0.345,-0.445,-0.083,-0.032,-0.095,0.269,-0.425,0.174,-0.205,0.397,0.423,0.794,0.756,0.522
AMZN,0.503,0.784,0.059,0.552,-0.422,1.0,0.086,-0.526,0.283,-0.555,-0.085,-0.403,0.459,0.137,0.334,0.512,0.715,-0.349,0.367,0.597,0.497,-0.258,0.101,0.287,0.109,0.333,0.616,0.05,-0.233,-0.018,-0.296,-0.238,-0.266,0.371,-0.149,-0.197,-0.047,-0.393,0.136,0.606,-0.473,-0.038,-0.479,0.605,-0.282,0.587,0.506,0.188,0.635,-0.13,-0.309,-0.229,0.346,0.548,-0.403,-0.444,0.189,0.302,-0.286,0.312,0.284,0.431,0.423,0.491,0.552,-0.223,0.757,-0.27,-0.461,-0.417,0.331,-0.07,0.399,-0.419,0.468,-0.218,0.206,0.349,-0.519,-0.404,-0.346,-0.234,0.057,-0.284,-0.258,-0.459,-0.143,0.721,0.284,0.42,0.429,0.292,0.488,-0.004,0.215,-0.403,-0.566,-0.303,-0.465,-0.169
APA,0.388,0.326,-0.013,0.242,0.249,0.086,1.0,0.16,0.605,-0.314,0.285,0.263,0.615,0.63,0.827,0.595,0.185,0.361,0.657,0.485,0.423,0.486,0.673,0.497,0.703,0.612,0.535,0.509,0.153,0.702,0.09,0.182,0.158,0.356,0.659,0.549,0.24,0.124,0.408,0.42,0.324,0.426,0.214,0.134,0.092,0.244,0.545,0.043,0.302,-0.165,0.369,0.428,0.418,0.293,-0.195,0.067,0.669,0.513,0.519,0.352,0.457,0.435,0.616,0.293,0.511,0.272,0.245,0.473,0.245,0.347,0.072,0.656,0.74,0.357,0.26,0.388,0.634,0.312,0.233,0.136,0.421,0.294,0.472,0.669,-0.205,0.07,0.334,0.299,0.167,0.481,0.208,0.675,0.176,0.186,0.423,0.03,-0.051,0.366,0.254,0.195
ARDX,-0.601,-0.638,0.008,-0.37,0.683,-0.526,0.16,1.0,-0.002,0.585,0.122,0.633,-0.443,-0.016,-0.099,-0.37,-0.564,0.589,-0.201,-0.509,-0.269,0.534,-0.011,-0.27,-0.111,-0.375,-0.432,0.3,0.539,0.306,0.571,0.725,0.723,-0.362,0.259,0.308,0.293,0.805,-0.183,-0.497,0.676,0.12,0.827,-0.393,0.434,-0.622,-0.415,0.053,-0.514,0.537,0.527,0.658,-0.063,-0.573,0.566,0.575,-0.04,-0.446,0.473,-0.189,-0.266,-0.181,-0.191,-0.635,-0.544,0.629,-0.614,0.348,0.714,0.713,-0.21,0.155,-0.281,0.584,-0.354,0.609,-0.032,-0.516,0.695,0.688,0.582,0.591,0.038,0.501,0.541,0.599,0.198,-0.664,-0.059,-0.301,-0.152,0.035,-0.647,-0.06,-0.128,0.831,0.7,0.693,0.782,0.498
AVGO,0.447,0.483,0.368,0.511,0.203,0.283,0.605,-0.002,1.0,-0.207,0.496,0.328,0.413,0.421,0.452,0.671,0.303,0.365,0.837,0.679,0.283,0.352,0.658,0.443,0.526,0.526,0.609,0.712,-0.243,0.474,0.271,0.241,0.191,0.482,0.484,0.179,0.643,0.157,0.594,0.403,0.249,0.416,0.099,0.456,-0.099,0.111,0.749,0.311,0.365,0.05,0.421,0.465,0.718,0.126,0.075,-0.188,0.695,0.374,0.395,0.62,0.392,0.419,0.583,0.208,0.361,0.102,0.533,0.318,0.208,0.087,0.246,0.671,0.498,0.233,0.337,0.442,0.248,0.037,0.169,0.199,0.332,0.433,0.169,0.309,-0.018,-0.04,0.176,0.304,0.195,0.445,0.485,0.78,0.407,0.354,0.599,-0.037,-0.12,0.119,0.199,0.453
AZN,-0.758,-0.682,0.27,-0.394,0.296,-0.555,-0.314,0.585,-0.207,1.0,0.062,0.461,-0.732,-0.494,-0.504,-0.585,-0.526,0.393,-0.317,-0.496,-0.576,0.133,-0.318,-0.433,-0.436,-0.607,-0.585,0.225,0.071,-0.222,0.541,0.478,0.453,-0.241,-0.118,-0.282,0.335,0.501,-0.079,-0.685,0.432,-0.227,0.447,-0.361,0.179,-0.75,-0.55,0.166,-0.592,0.625,0.451,0.2,-0.1,-0.714,0.653,0.29,-0.364,-0.658,0.124,-0.249,-0.46,-0.381,-0.535,-0.738,-0.774,0.251,-0.508,-0.056,0.454,0.289,-0.127,-0.14,-0.537,0.204,-0.427,0.311,-0.58,-0.678,0.41,0.514,0.163,0.507,-0.44,-0.014,0.698,0.383,-0.051,-0.778,-0.113,-0.644,-0.085,-0.261,-0.609,0.168,-0.091,0.632,0.543,0.136,0.476,0.432
BIDU,-0.028,-0.052,0.273,-0.045,0.215,-0.085,0.285,0.122,0.496,0.062,1.0,0.587,-0.019,0.186,-0.028,0.125,-0.169,0.423,0.458,0.199,-0.152,0.056,0.196,0.324,0.05,0.068,0.091,0.422,-0.348,0.151,0.367,0.225,0.189,0.259,0.147,0.044,0.662,0.322,0.592,-0.073,0.621,0.366,0.229,-0.061,0.084,-0.167,0.228,0.401,0.036,0.197,0.352,0.367,0.469,-0.144,0.346,-0.089,0.376,0.003,0.164,0.559,-0.091,0.162,0.099,-0.159,-0.122,-0.189,0.133,0.186,0.522,0.092,0.235,0.469,0.224,0.335,0.187,0.324,-0.176,-0.154,0.276,0.348,0.204,0.396,-0.091,0.077,0.154,0.008,0.092,-0.128,0.218,0.156,0.173,0.242,0.217,0.11,0.485,0.161,0.247,0.014,0.318,0.299
BILI,-0.399,-0.406,0.223,-0.116,0.75,-0.403,0.263,0.633,0.328,0.461,0.587,1.0,-0.306,0.002,-0.111,-0.126,-0.543,0.804,0.172,-0.113,-0.312,0.545,0.153,-0.052,0.04,-0.184,-0.291,0.523,0.195,0.446,0.648,0.68,0.642,0.026,0.421,0.315,0.671,0.634,0.363,-0.485,0.863,0.164,0.669,-0.108,0.394,-0.69,-0.027,0.208,-0.468,0.375,0.717,0.701,0.34,-0.643,0.589,0.499,0.27,-0.333,0.454,0.095,-0.079,-0.301,0.046,-0.515,-0.384,0.411,-0.324,0.524,0.938,0.581,-0.199,0.426,-0.095,0.717,-0.316,0.792,-0.21,-0.648,0.761,0.727,0.638,0.527,0.151,0.335,0.378,0.624,0.247,-0.477,0.149,-0.192,0.083,0.276,-0.34,0.275,0.106,0.472,0.489,0.573,0.818,0.621
BKR,0.762,0.703,-0.085,0.528,-0.249,0.459,0.615,-0.443,0.413,-0.732,-0.019,-0.306,1.0,0.675,0.731,0.82,0.576,-0.158,0.537,0.697,0.774,0.138,0.468,0.509,0.631,0.678,0.752,0.169,-0.011,0.461,-0.414,-0.352,-0.392,0.416,0.371,0.355,-0.133,-0.316,0.16,0.693,-0.278,0.213,-0.366,0.508,-0.058,0.649,0.731,-0.103,0.618,-0.493,-0.155,-0.028,0.218,0.64,-0.526,-0.261,0.415,0.728,0.132,0.19,0.711,0.369,0.743,0.639,0.862,-0.074,0.586,0.226,-0.331,-0.009,0.127,0.347,0.805,-0.128,0.347,-0.1,0.631,0.701,-0.296,-0.335,0.045,-0.294,0.42,0.241,-0.626,-0.285,0.27,0.76,0.117,0.456,0.227,0.546,0.616,-0.023,0.26,-0.561,-0.57,-0.02,-0.287,-0.23
CAN,0.512,0.269,-0.326,0.183,0.05,0.137,0.63,-0.016,0.421,-0.494,0.186,0.002,0.675,1.0,0.593,0.634,0.157,0.103,0.444,0.326,0.58,0.259,0.441,0.42,0.483,0.487,0.486,0.211,0.038,0.545,-0.233,-0.056,-0.087,0.124,0.394,0.531,-0.016,0.116,0.004,0.44,0.051,0.38,0.051,0.11,0.145,0.448,0.486,-0.108,0.4,-0.385,0.053,0.224,0.174,0.492,-0.385,-0.152,0.447,0.516,0.436,0.139,0.459,0.293,0.599,0.326,0.485,-0.001,0.242,0.508,0.033,0.357,-0.014,0.475,0.639,0.232,0.182,0.126,0.553,0.636,0.071,-0.131,0.413,-0.106,0.482,0.511,-0.475,-0.068,0.485,0.375,0.084,0.465,-0.105,0.467,0.272,-0.26,0.155,-0.238,-0.168,0.268,0.081,-0.102
CHRD,0.597,0.534,-0.093,0.472,0.022,0.334,0.827,-0.099,0.452,-0.504,-0.028,-0.111,0.731,0.593,1.0,0.708,0.427,0.051,0.526,0.578,0.62,0.409,0.643,0.444,0.677,0.672,0.676,0.303,0.192,0.623,-0.249,-0.097,-0.107,0.352,0.542,0.524,-0.075,-0.21,0.211,0.708,-0.091,0.216,-0.082,0.384,0.009,0.522,0.629,-0.05,0.462,-0.406,0.142,0.255,0.228,0.53,-0.418,-0.047,0.585,0.679,0.352,0.139,0.638,0.434,0.735,0.576,0.697,0.233,0.38,0.291,-0.121,0.186,0.036,0.459,0.75,0.12,0.293,0.15,0.816,0.52,-0.032,-0.101,0.172,0.017,0.51,0.58,-0.411,-0.076,0.366,0.532,0.089,0.547,0.272,0.674,0.345,0.139,0.211,-0.239,-0.364,0.286,-0.052,0.024
CMCSA,0.756,0.749,0.084,0.724,-0.154,0.512,0.595,-0.37,0.671,-0.585,0.125,-0.126,0.82,0.634,0.708,1.0,0.552,0.016,0.731,0.812,0.63,0.287,0.588,0.567,0.635,0.606,0.826,0.453,-0.185,0.483,-0.199,-0.153,-0.19,0.615,0.413,0.309,0.178,-0.23,0.31,0.725,-0.173,0.209,-0.251,0.658,-0.084,0.534,0.829,0.144,0.623,-0.346,0.113,0.154,0.483,0.526,-0.32,-0.317,0.585,0.647,0.27,0.346,0.78,0.391,0.792,0.593,0.767,-0.047,0.713,0.234,-0.204,-0.002,0.231,0.388,0.774,-0.065,0.359,0.13,0.561,0.492,-0.175,-0.201,0.116,-0.051,0.323,0.221,-0.487,-0.289,0.219,0.711,0.118,0.496,0.361,0.762,0.668,0.19,0.386,-0.461,-0.505,0.043,-0.151,0.029
CPRT,0.684,0.773,0.205,0.562,-0.652,0.715,0.185,-0.564,0.303,-0.526,-0.169,-0.543,0.576,0.157,0.427,0.552,1.0,-0.45,0.411,0.725,0.51,-0.221,0.17,0.457,0.2,0.42,0.744,0.124,-0.267,-0.115,-0.25,-0.406,-0.42,0.452,-0.18,-0.228,-0.107,-0.425,0.187,0.745,-0.575,-0.023,-0.553,0.562,-0.39,0.71,0.559,0.245,0.753,-0.098,-0.323,-0.359,0.257,0.631,-0.401,-0.587,0.122,0.386,-0.227,0.298,0.371,0.576,0.368,0.569,0.637,-0.249,0.809,-0.395,-0.591,-0.478,0.523,-0.123,0.5,-0.594,0.646,-0.373,0.236,0.494,-0.641,-0.497,-0.445,-0.068,-0.163,-0.258,-0.271,-0.607,-0.231,0.735,0.281,0.347,0.432,0.318,0.608,0.061,0.405,-0.391,-0.456,-0.433,-0.493,-0.165
CRWD,-0.347,-0.275,0.117,-0.07,0.72,-0.349,0.361,0.589,0.365,0.393,0.423,0.804,-0.158,0.103,0.051,0.016,-0.45,1.0,0.315,-0.1,-0.16,0.657,0.337,-0.005,0.19,0.063,-0.134,0.576,0.197,0.488,0.606,0.711,0.723,0.155,0.491,0.433,0.674,0.598,0.344,-0.407,0.746,0.237,0.683,-0.038,0.49,-0.543,0.019,0.201,-0.338,0.283,0.792,0.701,0.442,-0.461,0.51,0.507,0.334,-0.151,0.6,0.119,0.047,-0.214,0.158,-0.426,-0.285,0.458,-0.284,0.637,0.811,0.676,-0.167,0.425,0.072,0.712,-0.239,0.766,-0.047,-0.445,0.748,0.68,0.648,0.509,0.164,0.441,0.304,0.567,0.315,-0.374,0.05,-0.049,0.069,0.396,-0.333,0.312,0.099,0.435,0.46,0.607,0.768,0.642
CSCO,0.479,0.633,0.164,0.433,0.01,0.367,0.657,-0.201,0.837,-0.317,0.458,0.172,0.537,0.444,0.526,0.731,0.411,0.315,1.0,0.743,0.282,0.207,0.621,0.694,0.551,0.639,0.69,0.643,-0.328,0.378,0.241,0.173,0.116,0.562,0.407,0.164,0.537,-0.039,0.612,0.457,0.171,0.525,0.007,0.359,-0.176,0.316,0.746,0.4,0.569,-0.032,0.342,0.205,0.811,0.371,-0.136,-0.318,0.65,0.517,0.279,0.689,0.406,0.519,0.558,0.33,0.489,-0.1,0.679,0.227,0.071,-0.043,0.45,0.565,0.669,0.063,0.532,0.251,0.294,0.262,-0.032,-0.019,0.125,0.293,0.144,0.202,-0.149,-0.242,0.025,0.487,0.225,0.566,0.357,0.695,0.454,0.287,0.76,-0.124,-0.187,-0.059,0.045,0.261
CSX,0.697,0.829,0.257,0.708,-0.31,0.597,0.485,-0.509,0.679,-0.496,0.199,-0.113,0.697,0.326,0.578,0.812,0.725,-0.1,0.743,1.0,0.481,0.086,0.464,0.604,0.521,0.549,0.802,0.458,-0.299,0.282,-0.046,-0.202,-0.28,0.612,0.248,-0.0,0.248,-0.358,0.535,0.698,-0.237,0.202,-0.366,0.678,-0.326,0.514,0.877,0.325,0.669,-0.168,0.078,-0.025,0.576,0.49,-0.311,-0.449,0.531,0.548,-0.003,0.467,0.616,0.467,0.672,0.558,0.72,-0.164,0.854,0.0,-0.252,-0.252,0.409,0.325,0.658,-0.214,0.498,0.008,0.319,0.354,-0.31,-0.221,-0.159,0.065,0.107,-0.021,-0.329,-0.397,0.037,0.727,0.277,0.447,0.522,0.674,0.642,0.342,0.569,-0.459,-0.564,-0.215,-0.267,0.043
DKNG,0.569,0.531,-0.015,0.505,-0.183,0.497,0.423,-0.269,0.283,-0.576,-0.152,-0.312,0.774,0.58,0.62,0.63,0.51,-0.16,0.282,0.481,1.0,0.178,0.387,0.14,0.412,0.478,0.658,0.132,0.116,0.474,-0.468,-0.325,-0.376,0.285,0.301,0.284,-0.249,-0.095,-0.088,0.6,-0.32,-0.075,-0.35,0.545,0.229,0.53,0.589,-0.245,0.43,-0.399,-0.168,0.051,-0.009,0.497,-0.352,-0.16,0.269,0.591,0.332,-0.06,0.587,0.244,0.679,0.492,0.657,0.22,0.402,0.165,-0.323,0.134,-0.111,0.25,0.599,-0.058,0.172,-0.051,0.557,0.581,-0.13,-0.168,0.132,-0.263,0.44,0.261,-0.501,-0.15,0.403,0.584,0.074,0.253,0.31,0.51,0.479,-0.081,-0.009,-0.429,-0.546,0.086,-0.217,-0.162
EBAY,-0.028,-0.076,0.08,0.252,0.667,-0.258,0.486,0.534,0.352,0.133,0.056,0.545,0.138,0.259,0.409,0.287,-0.221,0.657,0.207,0.086,0.178,1.0,0.499,0.002,0.52,0.12,0.009,0.518,0.562,0.731,0.336,0.506,0.481,0.12,0.753,0.633,0.305,0.393,0.139,-0.085,0.443,0.068,0.557,0.251,0.5,-0.343,0.237,0.017,-0.301,-0.016,0.651,0.771,0.131,-0.294,0.29,0.608,0.351,0.122,0.679,-0.191,0.473,-0.241,0.488,-0.111,0.102,0.721,-0.225,0.587,0.555,0.723,-0.32,0.41,0.163,0.628,-0.251,0.74,0.398,-0.262,0.688,0.588,0.712,0.342,0.487,0.655,0.041,0.648,0.491,-0.131,-0.049,0.004,0.096,0.617,-0.162,0.36,-0.092,0.225,0.183,0.773,0.67,0.605
ERIC,0.488,0.399,0.113,0.417,0.237,0.101,0.673,-0.011,0.658,-0.318,0.196,0.153,0.468,0.441,0.643,0.588,0.17,0.337,0.621,0.464,0.387,0.499,1.0,0.306,0.627,0.531,0.498,0.511,-0.063,0.608,0.031,0.198,0.187,0.263,0.643,0.472,0.246,-0.028,0.364,0.394,0.176,0.333,0.142,0.341,0.163,0.168,0.629,0.075,0.221,-0.253,0.365,0.499,0.47,0.141,0.027,0.021,0.668,0.676,0.535,0.218,0.551,0.145,0.618,0.411,0.334,0.228,0.226,0.48,0.104,0.282,0.012,0.638,0.44,0.354,0.011,0.393,0.566,0.206,0.256,0.233,0.376,0.183,0.438,0.507,-0.267,0.036,0.27,0.182,0.036,0.38,0.339,0.77,0.339,0.328,0.207,-0.172,-0.103,0.269,0.258,0.25
EXC,0.486,0.538,-0.084,0.215,-0.217,0.287,0.497,-0.27,0.443,-0.433,0.324,-0.052,0.509,0.42,0.444,0.567,0.457,-0.005,0.694,0.604,0.14,0.002,0.306,1.0,0.369,0.423,0.55,0.252,-0.211,0.093,0.143,-0.046,-0.056,0.348,0.11,0.126,0.198,-0.189,0.49,0.491,0.028,0.598,0.031,0.116,-0.332,0.428,0.498,0.524,0.644,-0.058,0.063,-0.052,0.521,0.488,-0.365,-0.334,0.419,0.456,-0.016,0.572,0.225,0.583,0.345,0.376,0.542,-0.355,0.577,-0.012,-0.067,-0.187,0.678,0.248,0.597,-0.133,0.62,-0.06,0.289,0.406,-0.233,-0.32,-0.121,0.166,0.07,0.088,-0.263,-0.332,-0.133,0.547,0.311,0.531,-0.045,0.367,0.408,0.089,0.666,-0.135,-0.128,-0.182,-0.13,-0.063
FITB,0.455,0.427,-0.056,0.401,0.195,0.109,0.703,-0.111,0.526,-0.436,0.05,0.04,0.631,0.483,0.677,0.635,0.2,0.19,0.551,0.521,0.412,0.52,0.627,0.369,1.0,0.648,0.441,0.357,0.241,0.616,-0.081,0.027,-0.011,0.4,0.797,0.455,0.123,-0.151,0.377,0.367,-0.013,0.286,0.002,0.375,-0.033,0.244,0.595,-0.145,0.223,-0.45,0.237,0.295,0.286,0.287,-0.302,0.134,0.511,0.552,0.327,0.226,0.633,0.222,0.665,0.401,0.677,0.201,0.297,0.379,0.003,0.206,-0.116,0.513,0.621,0.155,0.252,0.229,0.594,0.286,0.092,0.018,0.292,-0.0,0.535,0.46,-0.291,0.075,0.241,0.462,-0.048,0.494,0.177,0.575,0.261,0.283,0.302,-0.298,-0.295,0.235,0.043,0.185
FLEX,0.59,0.622,-0.121,0.374,-0.021,0.333,0.612,-0.375,0.526,-0.607,0.068,-0.184,0.678,0.487,0.672,0.606,0.42,0.063,0.639,0.549,0.478,0.12,0.531,0.423,0.648,1.0,0.623,0.192,-0.021,0.405,-0.285,-0.225,-0.205,0.463,0.439,0.407,0.006,-0.354,0.378,0.559,-0.161,0.298,-0.291,0.345,-0.234,0.569,0.647,-0.136,0.446,-0.539,-0.099,0.009,0.352,0.611,-0.527,-0.114,0.545,0.668,0.176,0.426,0.448,0.511,0.622,0.618,0.689,0.004,0.445,0.251,-0.208,-0.1,0.03,0.456,0.661,-0.013,0.469,-0.048,0.605,0.539,-0.19,-0.337,0.023,-0.151,0.412,0.314,-0.374,-0.161,0.165,0.654,0.112,0.711,0.207,0.501,0.406,0.152,0.369,-0.43,-0.435,0.036,-0.259,-0.072
FTNT,0.761,0.779,0.139,0.622,-0.377,0.616,0.535,-0.432,0.609,-0.585,0.091,-0.291,0.752,0.486,0.676,0.826,0.744,-0.134,0.69,0.802,0.658,0.009,0.498,0.55,0.441,0.623,1.0,0.369,-0.309,0.257,-0.279,-0.3,-0.33,0.615,0.132,0.063,0.118,-0.271,0.364,0.858,-0.285,0.185,-0.373,0.55,-0.218,0.697,0.742,0.171,0.794,-0.242,-0.085,-0.003,0.476,0.651,-0.377,-0.544,0.513,0.595,0.166,0.417,0.549,0.654,0.61,0.616,0.709,-0.146,0.783,-0.018,-0.368,-0.257,0.406,0.226,0.773,-0.233,0.562,-0.08,0.468,0.566,-0.343,-0.35,-0.128,0.026,0.119,0.09,-0.44,-0.48,0.009,0.726,0.208,0.516,0.49,0.629,0.675,0.101,0.496,-0.367,-0.537,-0.202,-0.327,-0.011
GEN,0.076,0.148,0.539,0.434,0.286,0.05,0.509,0.3,0.712,0.225,0.422,0.523,0.169,0.211,0.303,0.453,0.124,0.576,0.643,0.458,0.132,0.518,0.511,0.252,0.357,0.192,0.369,1.0,-0.129,0.389,0.443,0.4,0.336,0.485,0.47,0.115,0.723,0.372,0.482,0.132,0.451,0.133,0.284,0.364,0.067,-0.151,0.461,0.405,0.106,0.332,0.648,0.582,0.581,-0.161,0.389,-0.051,0.378,0.038,0.51,0.321,0.378,0.168,0.379,-0.104,0.025,0.322,0.26,0.323,0.429,0.366,0.145,0.43,0.323,0.295,0.127,0.683,0.039,-0.208,0.363,0.506,0.414,0.644,-0.032,0.33,0.301,0.139,0.125,-0.046,0.177,0.071,0.473,0.721,0.112,0.446,0.542,0.258,0.094,0.257,0.482,0.688
GERN,-0.29,-0.235,-0.357,-0.129,0.536,-0.233,0.153,0.539,-0.243,0.071,-0.348,0.195,-0.011,0.038,0.192,-0.185,-0.267,0.197,-0.328,-0.299,0.116,0.562,-0.063,-0.211,0.241,-0.021,-0.309,-0.129,1.0,0.461,0.083,0.323,0.304,-0.331,0.429,0.53,-0.256,0.232,-0.331,-0.245,0.131,-0.056,0.417,-0.05,0.305,-0.253,-0.203,-0.292,-0.394,-0.078,0.105,0.362,-0.366,-0.185,-0.01,0.757,-0.118,-0.059,0.206,-0.475,0.099,-0.246,0.178,-0.147,0.077,0.679,-0.452,0.253,0.289,0.55,-0.426,0.019,-0.092,0.302,-0.247,0.251,0.386,-0.191,0.356,0.253,0.34,-0.044,0.486,0.433,0.077,0.608,0.263,-0.075,-0.06,-0.102,-0.268,0.013,-0.486,-0.084,-0.394,0.25,0.148,0.691,0.356,0.144
GEVO,0.25,0.171,-0.129,0.323,0.613,-0.018,0.702,0.306,0.474,-0.222,0.151,0.446,0.461,0.545,0.623,0.483,-0.115,0.488,0.378,0.282,0.474,0.731,0.608,0.093,0.616,0.405,0.257,0.389,0.461,1.0,0.081,0.36,0.305,0.084,0.831,0.783,0.168,0.218,0.09,0.153,0.315,0.186,0.314,0.304,0.41,-0.057,0.494,-0.21,-0.073,-0.275,0.483,0.661,0.204,-0.018,-0.008,0.449,0.623,0.456,0.619,-0.043,0.587,-0.103,0.746,0.189,0.374,0.607,0.01,0.71,0.393,0.636,-0.399,0.687,0.432,0.621,-0.216,0.601,0.645,0.029,0.501,0.354,0.68,0.03,0.735,0.665,-0.277,0.427,0.585,0.147,-0.026,0.269,0.166,0.691,0.05,0.093,-0.05,-0.05,-0.056,0.728,0.454,0.241
GILD,-0.49,-0.252,0.215,-0.254,0.398,-0.296,0.09,0.571,0.271,0.541,0.367,0.648,-0.414,-0.233,-0.249,-0.199,-0.25,0.606,0.241,-0.046,-0.468,0.336,0.031,0.143,-0.081,-0.285,-0.279,0.443,0.083,0.081,1.0,0.78,0.731,-0.068,0.102,-0.051,0.643,0.585,0.31,-0.495,0.617,0.335,0.702,-0.223,0.142,-0.576,-0.154,0.595,-0.255,0.748,0.63,0.357,0.464,-0.483,0.583,0.281,0.091,-0.333,0.21,0.311,-0.307,-0.028,-0.197,-0.536,-0.408,0.202,-0.088,0.156,0.652,0.286,0.326,0.166,-0.216,0.346,-0.012,0.479,-0.328,-0.59,0.455,0.519,0.27,0.724,-0.255,0.089,0.568,0.308,-0.1,-0.392,0.184,-0.146,0.005,0.104,-0.407,0.281,0.357,0.671,0.609,0.236,0.588,0.518
GOOG,-0.454,-0.272,-0.022,-0.172,0.657,-0.238,0.182,0.725,0.241,0.478,0.225,0.68,-0.352,-0.056,-0.097,-0.153,-0.406,0.711,0.173,-0.202,-0.325,0.506,0.198,-0.046,0.027,-0.225,-0.3,0.4,0.323,0.36,0.78,1.0,0.963,-0.213,0.317,0.255,0.518,0.636,0.056,-0.497,0.631,0.275,0.806,-0.177,0.333,-0.585,-0.15,0.293,-0.333,0.549,0.654,0.606,0.423,-0.512,0.56,0.488,0.168,-0.264,0.38,0.117,-0.16,-0.18,-0.027,-0.522,-0.412,0.452,-0.244,0.395,0.696,0.554,0.012,0.259,-0.208,0.515,-0.256,0.621,-0.076,-0.544,0.598,0.604,0.479,0.54,0.041,0.309,0.464,0.461,0.064,-0.437,-0.007,-0.091,-0.012,0.217,-0.512,0.122,0.08,0.662,0.653,0.541,0.785,0.539
GOOGL,-0.425,-0.322,-0.024,-0.169,0.671,-0.266,0.158,0.723,0.191,0.453,0.189,0.642,-0.392,-0.087,-0.107,-0.19,-0.42,0.723,0.116,-0.28,-0.376,0.481,0.187,-0.056,-0.011,-0.205,-0.33,0.336,0.304,0.305,0.731,0.963,1.0,-0.193,0.277,0.3,0.49,0.622,0.049,-0.481,0.617,0.271,0.817,-0.207,0.337,-0.58,-0.204,0.265,-0.34,0.523,0.647,0.602,0.39,-0.524,0.54,0.51,0.143,-0.309,0.38,0.124,-0.198,-0.174,-0.091,-0.532,-0.446,0.45,-0.322,0.402,0.673,0.542,-0.009,0.236,-0.233,0.507,-0.274,0.61,-0.07,-0.545,0.587,0.574,0.467,0.528,0.017,0.32,0.494,0.462,0.028,-0.474,-0.034,-0.072,-0.041,0.182,-0.505,0.165,0.011,0.672,0.717,0.565,0.79,0.518
GT,0.419,0.501,0.37,0.529,-0.238,0.371,0.356,-0.362,0.482,-0.241,0.259,0.026,0.416,0.124,0.352,0.615,0.452,0.155,0.562,0.612,0.285,0.12,0.263,0.348,0.4,0.463,0.615,0.485,-0.331,0.084,-0.068,-0.213,-0.193,1.0,0.151,-0.045,0.344,-0.191,0.585,0.452,0.001,-0.051,-0.345,0.541,-0.136,0.295,0.489,0.186,0.407,-0.138,0.098,0.016,0.512,0.282,-0.075,-0.306,0.309,0.193,0.117,0.403,0.435,0.387,0.365,0.263,0.458,-0.114,0.554,-0.067,-0.06,-0.213,0.23,0.104,0.641,-0.189,0.422,0.077,0.081,0.161,-0.182,-0.133,-0.095,0.119,-0.053,-0.06,-0.151,-0.292,-0.091,0.478,0.165,0.232,0.463,0.47,0.551,0.492,0.464,-0.282,-0.357,-0.149,-0.129,0.188
HBAN,0.164,0.103,-0.01,0.307,0.634,-0.149,0.659,0.259,0.484,-0.118,0.147,0.421,0.371,0.394,0.542,0.413,-0.18,0.491,0.407,0.248,0.301,0.753,0.643,0.11,0.797,0.439,0.132,0.47,0.429,0.831,0.102,0.317,0.277,0.151,1.0,0.664,0.252,0.144,0.233,0.054,0.326,0.223,0.314,0.261,0.268,-0.165,0.473,-0.202,-0.169,-0.319,0.518,0.628,0.193,-0.125,-0.007,0.502,0.497,0.368,0.578,0.019,0.552,-0.124,0.618,0.117,0.339,0.561,-0.075,0.641,0.367,0.571,-0.414,0.708,0.349,0.532,-0.14,0.586,0.528,-0.06,0.508,0.431,0.613,0.131,0.645,0.665,-0.088,0.466,0.457,0.078,-0.122,0.248,0.136,0.627,0.004,0.313,0.083,-0.035,-0.043,0.606,0.444,0.379
HST,0.202,0.011,-0.39,0.143,0.598,-0.197,0.549,0.308,0.179,-0.282,0.044,0.315,0.355,0.531,0.524,0.309,-0.228,0.433,0.164,-0.0,0.284,0.633,0.472,0.126,0.455,0.407,0.063,0.115,0.53,0.783,-0.051,0.255,0.3,-0.045,0.664,1.0,-0.062,0.147,-0.097,0.072,0.323,0.212,0.368,0.072,0.431,0.018,0.253,-0.217,-0.155,-0.402,0.285,0.52,0.004,0.047,-0.095,0.537,0.408,0.401,0.514,-0.126,0.443,-0.153,0.551,0.244,0.255,0.498,-0.245,0.69,0.331,0.637,-0.367,0.485,0.296,0.535,-0.242,0.397,0.684,0.149,0.387,0.206,0.533,-0.11,0.712,0.662,-0.322,0.406,0.496,0.065,0.022,0.243,-0.167,0.453,-0.032,-0.062,-0.232,-0.063,0.12,0.768,0.442,0.026
INTC,-0.171,-0.019,0.482,0.153,0.356,-0.047,0.24,0.293,0.643,0.335,0.662,0.671,-0.133,-0.016,-0.075,0.178,-0.107,0.674,0.537,0.248,-0.249,0.305,0.246,0.198,0.123,0.006,0.118,0.723,-0.256,0.168,0.643,0.518,0.49,0.344,0.252,-0.062,1.0,0.46,0.601,-0.179,0.592,0.227,0.427,0.151,0.045,-0.37,0.221,0.499,-0.047,0.467,0.658,0.503,0.622,-0.351,0.53,0.023,0.313,-0.232,0.283,0.517,-0.003,0.065,0.092,-0.364,-0.19,0.076,0.181,0.257,0.59,0.19,0.222,0.357,0.091,0.337,0.156,0.62,-0.302,-0.467,0.411,0.512,0.323,0.677,-0.245,0.054,0.47,0.15,-0.05,-0.182,0.147,0.026,0.343,0.396,-0.011,0.379,0.556,0.373,0.319,0.13,0.499,0.73
IOVA,-0.518,-0.539,0.162,-0.323,0.504,-0.393,0.124,0.805,0.157,0.501,0.322,0.634,-0.316,0.116,-0.21,-0.23,-0.425,0.598,-0.039,-0.358,-0.095,0.393,-0.028,-0.189,-0.151,-0.354,-0.271,0.372,0.232,0.218,0.585,0.636,0.622,-0.191,0.144,0.147,0.46,1.0,-0.06,-0.502,0.705,0.155,0.738,-0.321,0.585,-0.577,-0.267,0.131,-0.352,0.612,0.516,0.528,0.101,-0.538,0.615,0.347,-0.046,-0.464,0.594,0.025,-0.342,-0.091,-0.203,-0.64,-0.501,0.445,-0.431,0.297,0.666,0.605,-0.054,0.203,-0.152,0.476,-0.209,0.518,-0.247,-0.412,0.639,0.651,0.584,0.631,-0.116,0.349,0.513,0.418,0.228,-0.57,0.107,-0.355,-0.05,0.043,-0.455,-0.062,0.051,0.726,0.654,0.439,0.729,0.499
IQ,0.201,0.305,0.419,0.226,0.047,0.136,0.408,-0.183,0.594,-0.079,0.592,0.363,0.16,0.004,0.211,0.31,0.187,0.344,0.612,0.535,-0.088,0.139,0.364,0.49,0.377,0.378,0.364,0.482,-0.331,0.09,0.31,0.056,0.049,0.585,0.233,-0.097,0.601,-0.06,1.0,0.177,0.282,0.34,0.061,0.234,-0.254,-0.03,0.433,0.425,0.203,0.055,0.298,0.197,0.64,0.002,0.062,-0.134,0.487,0.143,0.079,0.611,0.091,0.343,0.217,0.125,0.237,-0.218,0.379,0.084,0.276,-0.212,0.325,0.332,0.386,0.175,0.383,0.278,-0.083,-0.16,0.127,0.102,0.048,0.4,-0.042,-0.004,0.053,0.01,-0.088,0.208,0.325,0.349,0.383,0.395,0.294,0.575,0.63,-0.062,-0.115,-0.157,0.055,0.393
JBLU,0.854,0.714,0.059,0.634,-0.451,0.606,0.42,-0.497,0.403,-0.685,-0.073,-0.485,0.693,0.44,0.708,0.725,0.745,-0.407,0.457,0.698,0.6,-0.085,0.394,0.491,0.367,0.559,0.858,0.132,-0.245,0.153,-0.495,-0.497,-0.481,0.452,0.054,0.072,-0.179,-0.502,0.177,1.0,-0.481,0.105,-0.518,0.509,-0.356,0.807,0.671,0.037,0.792,-0.409,-0.249,-0.093,0.207,0.724,-0.566,-0.554,0.436,0.594,-0.016,0.253,0.566,0.599,0.554,0.705,0.712,-0.178,0.678,-0.114,-0.521,-0.322,0.296,0.155,0.632,-0.302,0.507,-0.207,0.55,0.651,-0.449,-0.46,-0.244,-0.148,0.161,0.108,-0.494,-0.51,0.022,0.716,0.076,0.579,0.391,0.508,0.702,0.039,0.28,-0.46,-0.602,-0.183,-0.482,-0.183
JD,-0.464,-0.448,0.139,-0.298,0.63,-0.473,0.324,0.676,0.249,0.432,0.621,0.863,-0.278,0.051,-0.091,-0.173,-0.575,0.746,0.171,-0.237,-0.32,0.443,0.176,0.028,-0.013,-0.161,-0.285,0.451,0.131,0.315,0.617,0.631,0.617,0.001,0.326,0.323,0.592,0.705,0.282,-0.481,1.0,0.265,0.714,-0.341,0.474,-0.566,-0.156,0.268,-0.418,0.414,0.602,0.623,0.291,-0.509,0.596,0.433,0.183,-0.265,0.48,0.162,-0.238,-0.152,-0.109,-0.51,-0.462,0.342,-0.416,0.441,0.872,0.541,-0.032,0.408,-0.055,0.631,-0.208,0.639,-0.143,-0.449,0.689,0.697,0.543,0.591,0.055,0.419,0.404,0.485,0.205,-0.535,0.211,-0.219,-0.013,0.167,-0.327,0.14,0.176,0.577,0.583,0.486,0.782,0.505
KDP,0.136,0.155,-0.282,-0.185,0.139,-0.038,0.426,0.12,0.416,-0.227,0.366,0.164,0.213,0.38,0.216,0.209,-0.023,0.237,0.525,0.202,-0.075,0.068,0.333,0.598,0.286,0.298,0.185,0.133,-0.056,0.186,0.335,0.275,0.271,-0.051,0.223,0.212,0.227,0.155,0.34,0.105,0.265,1.0,0.389,-0.261,-0.111,0.064,0.255,0.326,0.354,0.087,0.21,0.144,0.538,0.17,-0.216,-0.063,0.383,0.279,0.168,0.485,-0.06,0.405,0.124,0.06,0.176,-0.207,0.165,0.228,0.186,0.097,0.432,0.462,0.305,0.193,0.313,0.052,0.198,0.169,0.074,0.032,0.102,0.266,0.125,0.326,-0.09,-0.092,0.053,0.139,0.141,0.447,-0.189,0.188,-0.026,-0.036,0.465,0.174,0.146,0.052,0.11,-0.017
KHC,-0.512,-0.472,-0.111,-0.33,0.69,-0.479,0.214,0.827,0.099,0.447,0.229,0.669,-0.366,0.051,-0.082,-0.251,-0.553,0.683,0.007,-0.366,-0.35,0.557,0.142,0.031,0.002,-0.291,-0.373,0.284,0.417,0.314,0.702,0.806,0.817,-0.345,0.314,0.368,0.427,0.738,0.061,-0.518,0.714,0.389,1.0,-0.393,0.402,-0.602,-0.269,0.278,-0.417,0.475,0.606,0.623,0.17,-0.518,0.476,0.577,0.104,-0.289,0.47,0.014,-0.264,-0.174,-0.123,-0.519,-0.433,0.448,-0.497,0.437,0.727,0.623,-0.012,0.229,-0.219,0.621,-0.263,0.611,-0.012,-0.478,0.708,0.606,0.554,0.584,0.079,0.457,0.412,0.563,0.181,-0.538,0.059,-0.138,-0.26,0.104,-0.601,0.062,0.011,0.722,0.691,0.597,0.794,0.507
LRCX,0.541,0.668,0.349,0.896,-0.119,0.605,0.134,-0.393,0.456,-0.361,-0.061,-0.108,0.508,0.11,0.384,0.658,0.562,-0.038,0.359,0.678,0.545,0.251,0.341,0.116,0.375,0.345,0.55,0.364,-0.05,0.304,-0.223,-0.177,-0.207,0.541,0.261,0.072,0.151,-0.321,0.234,0.509,-0.341,-0.261,-0.393,1.0,-0.084,0.281,0.703,0.056,0.311,-0.231,0.056,0.169,0.249,0.217,-0.046,-0.133,0.261,0.374,0.01,0.03,0.727,0.009,0.705,0.431,0.562,0.14,0.605,0.036,-0.222,-0.047,-0.037,0.1,0.356,-0.139,0.103,0.176,0.263,0.074,-0.178,-0.044,-0.022,-0.159,0.176,-0.138,-0.264,-0.12,0.143,0.562,0.113,0.151,0.578,0.631,0.583,0.323,0.062,-0.516,-0.571,0.051,-0.157,0.16
LYFT,-0.285,-0.385,-0.031,-0.158,0.407,-0.282,0.092,0.434,-0.099,0.179,0.084,0.394,-0.058,0.145,0.009,-0.084,-0.39,0.49,-0.176,-0.326,0.229,0.5,0.163,-0.332,-0.033,-0.234,-0.218,0.067,0.305,0.41,0.142,0.333,0.337,-0.136,0.268,0.431,0.045,0.585,-0.254,-0.356,0.474,-0.111,0.402,-0.084,1.0,-0.368,-0.173,-0.132,-0.381,0.083,0.396,0.428,-0.146,-0.356,0.435,0.455,-0.022,-0.052,0.637,-0.377,0.026,-0.419,0.041,-0.27,-0.266,0.485,-0.461,0.411,0.442,0.645,-0.351,0.194,-0.055,0.486,-0.434,0.356,0.061,-0.144,0.569,0.574,0.532,0.114,0.279,0.401,0.015,0.438,0.502,-0.38,0.009,-0.388,0.022,0.09,-0.208,-0.077,-0.422,0.217,0.298,0.501,0.53,0.2
MARA,0.695,0.678,-0.254,0.352,-0.645,0.587,0.244,-0.622,0.111,-0.75,-0.167,-0.69,0.649,0.448,0.522,0.534,0.71,-0.543,0.316,0.514,0.53,-0.343,0.168,0.428,0.244,0.569,0.697,-0.151,-0.253,-0.057,-0.576,-0.585,-0.58,0.295,-0.165,0.018,-0.37,-0.577,-0.03,0.807,-0.566,0.064,-0.602,0.281,-0.368,1.0,0.452,-0.004,0.756,-0.486,-0.499,-0.433,0.049,0.958,-0.679,-0.631,0.155,0.595,-0.221,0.224,0.386,0.585,0.379,0.712,0.643,-0.37,0.627,-0.196,-0.666,-0.42,0.335,-0.096,0.535,-0.53,0.602,-0.539,0.489,0.878,-0.688,-0.658,-0.481,-0.374,0.087,-0.077,-0.526,-0.68,-0.09,0.746,0.12,0.567,0.157,0.18,0.569,-0.233,0.249,-0.538,-0.562,-0.366,-0.628,-0.461
MCHP,0.754,0.783,0.183,0.772,-0.068,0.506,0.545,-0.415,0.749,-0.55,0.228,-0.027,0.731,0.486,0.629,0.829,0.559,0.019,0.746,0.877,0.589,0.237,0.629,0.498,0.595,0.647,0.742,0.461,-0.203,0.494,-0.154,-0.15,-0.204,0.489,0.473,0.253,0.221,-0.267,0.433,0.671,-0.156,0.255,-0.269,0.703,-0.173,0.452,1.0,0.127,0.57,-0.351,0.164,0.18,0.515,0.433,-0.305,-0.288,0.639,0.669,0.212,0.39,0.698,0.318,0.83,0.587,0.7,0.024,0.693,0.227,-0.186,-0.043,0.156,0.566,0.612,-0.005,0.321,0.154,0.454,0.374,-0.126,-0.087,0.074,-0.04,0.33,0.171,-0.394,-0.221,0.249,0.641,0.183,0.494,0.475,0.806,0.662,0.297,0.412,-0.512,-0.531,-0.007,-0.12,0.077
MDLZ,-0.054,0.192,0.251,0.072,-0.148,0.188,0.043,0.053,0.311,0.166,0.401,0.208,-0.103,-0.108,-0.05,0.144,0.245,0.201,0.4,0.325,-0.245,0.017,0.075,0.524,-0.145,-0.136,0.171,0.405,-0.292,-0.21,0.595,0.293,0.265,0.186,-0.202,-0.217,0.499,0.131,0.425,0.037,0.268,0.326,0.278,0.056,-0.132,-0.004,0.127,1.0,0.253,0.554,0.285,0.073,0.533,0.021,0.278,-0.252,0.061,-0.055,-0.077,0.451,-0.088,0.293,-0.044,-0.091,-0.112,-0.247,0.354,-0.138,0.194,-0.106,0.762,-0.043,0.042,-0.106,0.346,0.127,-0.189,-0.146,-0.076,0.142,-0.193,0.538,-0.386,-0.125,0.289,-0.176,-0.251,0.032,0.418,0.043,0.172,0.206,0.07,0.269,0.515,0.277,0.193,-0.182,0.146,0.244
META,0.689,0.718,-0.024,0.393,-0.597,0.635,0.302,-0.514,0.365,-0.592,0.036,-0.468,0.618,0.4,0.462,0.623,0.753,-0.338,0.569,0.669,0.43,-0.301,0.221,0.644,0.223,0.446,0.794,0.106,-0.394,-0.073,-0.255,-0.333,-0.34,0.407,-0.169,-0.155,-0.047,-0.352,0.203,0.792,-0.418,0.354,-0.417,0.311,-0.381,0.756,0.57,0.253,1.0,-0.129,-0.197,-0.308,0.452,0.737,-0.536,-0.696,0.315,0.47,-0.152,0.452,0.32,0.697,0.35,0.522,0.613,-0.447,0.783,-0.255,-0.493,-0.395,0.62,0.077,0.643,-0.46,0.68,-0.357,0.275,0.669,-0.567,-0.502,-0.37,-0.088,-0.113,-0.101,-0.348,-0.675,-0.171,0.709,0.178,0.524,0.251,0.294,0.579,-0.088,0.484,-0.345,-0.455,-0.435,-0.51,-0.25
MNST,-0.535,-0.332,0.419,-0.269,0.059,-0.13,-0.165,0.537,0.05,0.625,0.197,0.375,-0.493,-0.385,-0.406,-0.346,-0.098,0.283,-0.032,-0.168,-0.399,-0.016,-0.253,-0.058,-0.45,-0.539,-0.242,0.332,-0.078,-0.275,0.748,0.549,0.523,-0.138,-0.319,-0.402,0.467,0.612,0.055,-0.409,0.414,0.087,0.475,-0.231,0.083,-0.486,-0.351,0.554,-0.129,1.0,0.347,0.154,0.239,-0.468,0.635,0.01,-0.22,-0.568,0.008,0.192,-0.475,0.082,-0.455,-0.59,-0.553,0.074,-0.086,-0.202,0.394,0.098,0.437,-0.15,-0.321,0.058,-0.003,0.256,-0.514,-0.534,0.199,0.418,0.046,0.705,-0.595,-0.131,0.697,0.07,-0.252,-0.483,0.209,-0.391,0.134,-0.132,-0.396,0.101,0.264,0.759,0.561,-0.033,0.37,0.379
MRNA,-0.241,-0.227,0.26,0.098,0.584,-0.309,0.369,0.527,0.421,0.451,0.352,0.717,-0.155,0.053,0.142,0.113,-0.323,0.792,0.342,0.078,-0.168,0.651,0.365,0.063,0.237,-0.099,-0.085,0.648,0.105,0.483,0.63,0.654,0.647,0.098,0.518,0.285,0.658,0.516,0.298,-0.249,0.602,0.21,0.606,0.056,0.396,-0.499,0.164,0.285,-0.197,0.347,1.0,0.64,0.404,-0.444,0.488,0.316,0.345,-0.108,0.58,0.082,0.175,-0.205,0.183,-0.375,-0.228,0.444,-0.146,0.483,0.655,0.629,-0.094,0.487,0.043,0.55,-0.214,0.74,-0.058,-0.44,0.638,0.73,0.544,0.602,0.085,0.431,0.399,0.429,0.266,-0.379,-0.025,-0.102,0.204,0.462,-0.254,0.403,0.173,0.404,0.379,0.489,0.683,0.645
MRVL,-0.088,-0.215,0.201,0.21,0.773,-0.229,0.428,0.658,0.465,0.2,0.367,0.701,-0.028,0.224,0.255,0.154,-0.359,0.701,0.205,-0.025,0.051,0.771,0.499,-0.052,0.295,0.009,-0.003,0.582,0.362,0.661,0.357,0.606,0.602,0.016,0.628,0.52,0.503,0.528,0.197,-0.093,0.623,0.144,0.623,0.169,0.428,-0.433,0.18,0.073,-0.308,0.154,0.64,1.0,0.221,-0.435,0.489,0.509,0.435,-0.015,0.623,-0.026,0.253,-0.187,0.382,-0.254,-0.15,0.63,-0.274,0.627,0.704,0.693,-0.291,0.527,0.038,0.77,-0.314,0.876,0.248,-0.399,0.777,0.711,0.751,0.46,0.364,0.615,0.203,0.61,0.42,-0.335,-0.027,0.042,0.233,0.601,-0.13,0.215,-0.044,0.395,0.332,0.768,0.767,0.68
MSFT,0.252,0.487,0.186,0.288,0.065,0.346,0.418,-0.063,0.718,-0.1,0.469,0.34,0.218,0.174,0.228,0.483,0.257,0.442,0.811,0.576,-0.009,0.131,0.47,0.521,0.286,0.352,0.476,0.581,-0.366,0.204,0.464,0.423,0.39,0.512,0.193,0.004,0.622,0.101,0.64,0.207,0.291,0.538,0.17,0.249,-0.146,0.049,0.515,0.533,0.452,0.239,0.404,0.221,1.0,0.095,0.08,-0.226,0.544,0.204,0.181,0.67,0.163,0.379,0.302,0.068,0.178,-0.144,0.551,0.19,0.253,-0.045,0.499,0.406,0.413,0.109,0.33,0.299,0.006,-0.051,0.058,0.117,0.072,0.386,-0.057,0.037,0.029,-0.177,-0.108,0.279,0.279,0.366,0.376,0.541,0.255,0.351,0.624,0.05,-0.003,-0.041,0.191,0.292
MSTR,0.602,0.675,-0.351,0.249,-0.595,0.548,0.293,-0.573,0.126,-0.714,-0.144,-0.643,0.64,0.492,0.53,0.526,0.631,-0.461,0.371,0.49,0.497,-0.294,0.141,0.488,0.287,0.611,0.651,-0.161,-0.185,-0.018,-0.483,-0.512,-0.524,0.282,-0.125,0.047,-0.351,-0.538,0.002,0.724,-0.509,0.17,-0.518,0.217,-0.356,0.958,0.433,0.021,0.737,-0.468,-0.444,-0.435,0.095,1.0,-0.706,-0.564,0.19,0.636,-0.196,0.253,0.34,0.617,0.406,0.662,0.666,-0.376,0.621,-0.152,-0.6,-0.377,0.349,-0.043,0.565,-0.462,0.64,-0.517,0.522,0.883,-0.633,-0.658,-0.426,-0.362,0.134,-0.024,-0.514,-0.608,-0.008,0.763,0.141,0.621,0.045,0.163,0.477,-0.25,0.29,-0.486,-0.548,-0.325,-0.622,-0.464
MU,-0.535,-0.471,0.508,-0.12,0.384,-0.403,-0.195,0.566,0.075,0.653,0.346,0.589,-0.526,-0.385,-0.418,-0.32,-0.401,0.51,-0.136,-0.311,-0.352,0.29,0.027,-0.365,-0.302,-0.527,-0.377,0.389,-0.01,-0.008,0.583,0.56,0.54,-0.075,-0.007,-0.095,0.53,0.615,0.062,-0.566,0.596,-0.216,0.476,-0.046,0.435,-0.679,-0.305,0.278,-0.536,0.635,0.488,0.489,0.08,-0.706,1.0,0.281,-0.117,-0.414,0.253,-0.062,-0.211,-0.389,-0.284,-0.558,-0.658,0.302,-0.341,0.103,0.571,0.346,-0.042,-0.001,-0.434,0.347,-0.391,0.493,-0.422,-0.691,0.506,0.743,0.309,0.53,-0.318,-0.061,0.56,0.35,-0.026,-0.681,0.046,-0.566,0.253,0.025,-0.2,0.169,-0.042,0.531,0.586,0.229,0.63,0.53
MVIS,-0.471,-0.415,-0.167,-0.201,0.76,-0.444,0.067,0.575,-0.188,0.29,-0.089,0.499,-0.261,-0.152,-0.047,-0.317,-0.587,0.507,-0.318,-0.449,-0.16,0.608,0.021,-0.334,0.134,-0.114,-0.544,-0.051,0.757,0.449,0.281,0.488,0.51,-0.306,0.502,0.537,0.023,0.347,-0.134,-0.554,0.433,-0.063,0.577,-0.133,0.455,-0.631,-0.288,-0.252,-0.696,0.01,0.316,0.509,-0.226,-0.564,0.281,1.0,0.004,-0.19,0.286,-0.364,-0.059,-0.524,0.052,-0.319,-0.199,0.666,-0.645,0.428,0.585,0.601,-0.548,0.192,-0.262,0.603,-0.51,0.49,0.147,-0.52,0.662,0.487,0.53,0.057,0.391,0.416,0.196,0.792,0.354,-0.342,-0.078,-0.236,-0.269,0.009,-0.537,0.088,-0.468,0.29,0.341,0.739,0.547,0.278
NFLX,0.479,0.442,0.074,0.345,0.272,0.189,0.669,-0.04,0.695,-0.364,0.376,0.27,0.415,0.447,0.585,0.585,0.122,0.334,0.65,0.531,0.269,0.351,0.668,0.419,0.511,0.545,0.513,0.378,-0.118,0.623,0.091,0.168,0.143,0.309,0.497,0.408,0.313,-0.046,0.487,0.436,0.183,0.383,0.104,0.261,-0.022,0.155,0.639,0.061,0.315,-0.22,0.345,0.435,0.544,0.19,-0.117,0.004,1.0,0.534,0.352,0.487,0.396,0.324,0.631,0.42,0.431,0.095,0.357,0.421,0.192,0.096,0.055,0.692,0.52,0.478,0.166,0.394,0.479,0.142,0.3,0.068,0.4,0.143,0.424,0.39,-0.297,0.03,0.3,0.298,0.04,0.616,0.31,0.671,0.37,0.183,0.3,-0.138,-0.164,0.24,0.096,0.175
NNDM,0.667,0.67,-0.205,0.387,-0.175,0.302,0.513,-0.446,0.374,-0.658,0.003,-0.333,0.728,0.516,0.679,0.647,0.386,-0.151,0.517,0.548,0.591,0.122,0.676,0.456,0.552,0.668,0.595,0.038,-0.059,0.456,-0.333,-0.264,-0.309,0.193,0.368,0.401,-0.232,-0.464,0.143,0.594,-0.265,0.279,-0.289,0.374,-0.052,0.595,0.669,-0.055,0.47,-0.568,-0.108,-0.015,0.204,0.636,-0.414,-0.19,0.534,1.0,0.133,0.14,0.592,0.251,0.698,0.753,0.681,-0.081,0.465,0.218,-0.354,-0.055,0.097,0.443,0.556,-0.006,0.212,-0.142,0.731,0.644,-0.222,-0.284,-0.015,-0.35,0.496,0.251,-0.664,-0.252,0.28,0.596,0.057,0.517,0.134,0.517,0.567,-0.016,0.135,-0.579,-0.504,-0.027,-0.315,-0.313
NVAX,-0.011,-0.18,0.078,0.096,0.504,-0.286,0.519,0.473,0.395,0.124,0.164,0.454,0.132,0.436,0.352,0.27,-0.227,0.6,0.279,-0.003,0.332,0.679,0.535,-0.016,0.327,0.176,0.166,0.51,0.206,0.619,0.21,0.38,0.38,0.117,0.578,0.514,0.283,0.594,0.079,-0.016,0.48,0.168,0.47,0.01,0.637,-0.221,0.212,-0.077,-0.152,0.008,0.58,0.623,0.181,-0.196,0.253,0.286,0.352,0.133,1.0,-0.049,0.232,-0.024,0.301,-0.115,-0.047,0.58,-0.248,0.558,0.442,0.643,-0.267,0.493,0.206,0.56,-0.197,0.574,0.285,-0.051,0.66,0.515,0.677,0.435,0.371,0.697,0.043,0.406,0.493,-0.222,-0.028,0.014,0.137,0.536,-0.114,0.201,0.032,0.287,0.215,0.562,0.58,0.458
NVDA,0.266,0.41,0.232,0.131,-0.094,0.312,0.352,-0.189,0.62,-0.249,0.559,0.095,0.19,0.139,0.139,0.346,0.298,0.119,0.689,0.467,-0.06,-0.191,0.218,0.572,0.226,0.426,0.417,0.321,-0.475,-0.043,0.311,0.117,0.124,0.403,0.019,-0.126,0.517,0.025,0.611,0.253,0.162,0.485,0.014,0.03,-0.377,0.224,0.39,0.451,0.452,0.192,0.082,-0.026,0.67,0.253,-0.062,-0.364,0.487,0.14,-0.049,1.0,-0.092,0.669,0.118,0.184,0.245,-0.365,0.537,-0.1,0.019,-0.37,0.574,0.313,0.377,-0.093,0.625,-0.007,-0.03,0.117,-0.168,-0.151,-0.129,0.367,-0.18,-0.072,0.109,-0.361,-0.296,0.295,0.226,0.566,0.241,0.251,0.332,0.205,0.78,0.087,0.059,-0.332,-0.105,0.1
NWL,0.642,0.546,0.053,0.743,0.005,0.284,0.457,-0.266,0.392,-0.46,-0.091,-0.079,0.711,0.459,0.638,0.78,0.371,0.047,0.406,0.616,0.587,0.473,0.551,0.225,0.633,0.448,0.549,0.378,0.099,0.587,-0.307,-0.16,-0.198,0.435,0.552,0.443,-0.003,-0.342,0.091,0.566,-0.238,-0.06,-0.264,0.727,0.026,0.386,0.698,-0.088,0.32,-0.475,0.175,0.253,0.163,0.34,-0.211,-0.059,0.396,0.592,0.232,-0.092,1.0,-0.032,0.807,0.509,0.659,0.203,0.439,0.348,-0.151,0.246,-0.16,0.281,0.534,0.034,0.008,0.221,0.593,0.333,-0.067,-0.002,0.176,-0.237,0.46,0.243,-0.481,-0.054,0.297,0.515,-0.116,0.265,0.339,0.709,0.518,0.234,0.03,-0.513,-0.496,0.26,-0.026,0.046
OCGN,0.385,0.467,0.051,0.089,-0.4,0.431,0.435,-0.181,0.419,-0.381,0.162,-0.301,0.369,0.293,0.434,0.391,0.576,-0.214,0.519,0.467,0.244,-0.241,0.145,0.583,0.222,0.511,0.654,0.168,-0.246,-0.103,-0.028,-0.18,-0.174,0.387,-0.124,-0.153,0.065,-0.091,0.343,0.599,-0.152,0.405,-0.174,0.009,-0.419,0.585,0.318,0.293,0.697,0.082,-0.205,-0.187,0.379,0.617,-0.389,-0.524,0.324,0.251,-0.024,0.669,-0.032,1.0,0.142,0.348,0.432,-0.295,0.555,-0.3,-0.295,-0.405,0.623,0.089,0.565,-0.336,0.811,-0.282,0.277,0.49,-0.399,-0.422,-0.289,0.297,-0.155,0.1,-0.028,-0.5,-0.226,0.492,0.216,0.601,0.198,0.184,0.282,0.008,0.667,0.094,-0.155,-0.339,-0.356,-0.078
ON,0.618,0.651,-0.061,0.676,0.145,0.423,0.616,-0.191,0.583,-0.535,0.099,0.046,0.743,0.599,0.735,0.792,0.368,0.158,0.558,0.672,0.679,0.488,0.618,0.345,0.665,0.622,0.61,0.379,0.178,0.746,-0.197,-0.027,-0.091,0.365,0.618,0.551,0.092,-0.203,0.217,0.554,-0.109,0.124,-0.123,0.705,0.041,0.379,0.83,-0.044,0.35,-0.455,0.183,0.382,0.302,0.406,-0.284,0.052,0.631,0.698,0.301,0.118,0.807,0.142,1.0,0.553,0.731,0.256,0.493,0.442,-0.025,0.272,-0.12,0.52,0.628,0.227,0.118,0.312,0.694,0.357,0.058,-0.037,0.311,-0.17,0.595,0.371,-0.486,0.031,0.47,0.599,0.097,0.483,0.277,0.82,0.453,0.121,0.117,-0.451,-0.46,0.361,0.019,0.06
OPK,0.735,0.706,-0.128,0.479,-0.379,0.491,0.293,-0.635,0.208,-0.738,-0.159,-0.515,0.639,0.326,0.576,0.593,0.569,-0.426,0.33,0.558,0.492,-0.111,0.411,0.376,0.401,0.618,0.616,-0.104,-0.147,0.189,-0.536,-0.522,-0.532,0.263,0.117,0.244,-0.364,-0.64,0.125,0.705,-0.51,0.06,-0.519,0.431,-0.27,0.712,0.587,-0.091,0.522,-0.59,-0.375,-0.254,0.068,0.662,-0.558,-0.319,0.42,0.753,-0.115,0.184,0.509,0.348,0.553,1.0,0.726,-0.236,0.534,-0.117,-0.582,-0.374,0.161,0.123,0.468,-0.285,0.343,-0.368,0.596,0.605,-0.492,-0.523,-0.289,-0.431,0.321,-0.018,-0.638,-0.428,0.014,0.685,0.172,0.548,0.214,0.317,0.607,-0.044,0.116,-0.675,-0.62,-0.239,-0.567,-0.391
PAA,0.75,0.782,-0.129,0.547,-0.276,0.552,0.511,-0.544,0.361,-0.774,-0.122,-0.384,0.862,0.485,0.697,0.767,0.637,-0.285,0.489,0.72,0.657,0.102,0.334,0.542,0.677,0.689,0.709,0.025,0.077,0.374,-0.408,-0.412,-0.446,0.458,0.339,0.255,-0.19,-0.501,0.237,0.712,-0.462,0.176,-0.433,0.562,-0.266,0.643,0.7,-0.112,0.613,-0.553,-0.228,-0.15,0.178,0.666,-0.658,-0.199,0.431,0.681,-0.047,0.245,0.659,0.432,0.731,0.726,1.0,-0.115,0.666,0.004,-0.43,-0.217,0.134,0.227,0.751,-0.239,0.497,-0.199,0.62,0.581,-0.39,-0.495,-0.097,-0.35,0.432,0.104,-0.6,-0.293,0.117,0.893,0.092,0.59,0.162,0.445,0.574,0.058,0.273,-0.597,-0.65,-0.098,-0.458,-0.235
PACB,-0.234,-0.212,0.074,0.173,0.668,-0.223,0.272,0.629,0.102,0.251,-0.189,0.411,-0.074,-0.001,0.233,-0.047,-0.249,0.458,-0.1,-0.164,0.22,0.721,0.228,-0.355,0.201,0.004,-0.146,0.322,0.679,0.607,0.202,0.452,0.45,-0.114,0.561,0.498,0.076,0.445,-0.218,-0.178,0.342,-0.207,0.448,0.14,0.485,-0.37,0.024,-0.247,-0.447,0.074,0.444,0.63,-0.144,-0.376,0.302,0.666,0.095,-0.081,0.58,-0.365,0.203,-0.295,0.256,-0.236,-0.115,1.0,-0.42,0.399,0.415,0.669,-0.522,0.26,-0.106,0.478,-0.386,0.604,0.304,-0.345,0.613,0.567,0.556,0.26,0.403,0.552,0.222,0.622,0.375,-0.265,-0.094,-0.205,0.126,0.394,-0.347,0.182,-0.287,0.34,0.209,0.763,0.593,0.465
PANW,0.649,0.867,0.162,0.585,-0.542,0.757,0.245,-0.614,0.533,-0.508,0.133,-0.324,0.586,0.242,0.38,0.713,0.809,-0.284,0.679,0.854,0.402,-0.225,0.226,0.577,0.297,0.445,0.783,0.26,-0.452,0.01,-0.088,-0.244,-0.322,0.554,-0.075,-0.245,0.181,-0.431,0.379,0.678,-0.416,0.165,-0.497,0.605,-0.461,0.627,0.693,0.354,0.783,-0.086,-0.146,-0.274,0.551,0.621,-0.341,-0.645,0.357,0.465,-0.248,0.537,0.439,0.555,0.493,0.534,0.666,-0.42,1.0,-0.247,-0.428,-0.491,0.567,0.072,0.577,-0.454,0.645,-0.233,0.176,0.414,-0.567,-0.451,-0.368,-0.07,-0.102,-0.312,-0.318,-0.622,-0.194,0.788,0.242,0.488,0.435,0.421,0.67,0.079,0.592,-0.432,-0.524,-0.45,-0.475,-0.115
PARA,0.051,-0.129,-0.176,0.067,0.651,-0.27,0.473,0.348,0.318,-0.056,0.186,0.524,0.226,0.508,0.291,0.234,-0.395,0.637,0.227,0.0,0.165,0.587,0.48,-0.012,0.379,0.251,-0.018,0.323,0.253,0.71,0.156,0.395,0.402,-0.067,0.641,0.69,0.257,0.297,0.084,-0.114,0.441,0.228,0.437,0.036,0.411,-0.196,0.227,-0.138,-0.255,-0.202,0.483,0.627,0.19,-0.152,0.103,0.428,0.421,0.218,0.558,-0.1,0.348,-0.3,0.442,-0.117,0.004,0.399,-0.247,1.0,0.557,0.692,-0.427,0.589,0.138,0.757,-0.386,0.658,0.341,-0.042,0.631,0.424,0.75,0.045,0.566,0.607,-0.152,0.531,0.602,-0.129,-0.029,0.17,-0.024,0.482,-0.125,0.062,-0.17,0.011,0.132,0.7,0.569,0.267
PDD,-0.485,-0.496,0.141,-0.258,0.727,-0.461,0.245,0.714,0.208,0.454,0.522,0.938,-0.331,0.033,-0.121,-0.204,-0.591,0.811,0.071,-0.252,-0.323,0.555,0.104,-0.067,0.003,-0.208,-0.368,0.429,0.289,0.393,0.652,0.696,0.673,-0.06,0.367,0.331,0.59,0.666,0.276,-0.521,0.872,0.186,0.727,-0.222,0.442,-0.666,-0.186,0.194,-0.493,0.394,0.655,0.704,0.253,-0.6,0.571,0.585,0.192,-0.354,0.442,0.019,-0.151,-0.295,-0.025,-0.582,-0.43,0.415,-0.428,0.557,1.0,0.648,-0.201,0.352,-0.128,0.766,-0.302,0.776,-0.178,-0.592,0.815,0.719,0.663,0.53,0.124,0.415,0.399,0.674,0.29,-0.497,0.119,-0.178,-0.029,0.186,-0.443,0.159,0.03,0.548,0.552,0.641,0.805,0.589
PENN,-0.299,-0.412,-0.144,-0.078,0.68,-0.417,0.347,0.713,0.087,0.289,0.092,0.581,-0.009,0.357,0.186,-0.002,-0.478,0.676,-0.043,-0.252,0.134,0.723,0.282,-0.187,0.206,-0.1,-0.257,0.366,0.55,0.636,0.286,0.554,0.542,-0.213,0.571,0.637,0.19,0.605,-0.212,-0.322,0.541,0.097,0.623,-0.047,0.645,-0.42,-0.043,-0.106,-0.395,0.098,0.629,0.693,-0.045,-0.377,0.346,0.601,0.096,-0.055,0.643,-0.37,0.246,-0.405,0.272,-0.374,-0.217,0.669,-0.491,0.692,0.648,1.0,-0.451,0.372,0.015,0.654,-0.503,0.652,0.216,-0.199,0.694,0.672,0.712,0.256,0.405,0.647,0.157,0.596,0.54,-0.395,-0.111,-0.236,-0.156,0.335,-0.426,-0.007,-0.289,0.335,0.37,0.83,0.745,0.343
PEP,0.189,0.397,0.119,0.008,-0.516,0.331,0.072,-0.21,0.246,-0.127,0.235,-0.199,0.127,-0.014,0.036,0.231,0.523,-0.167,0.45,0.409,-0.111,-0.32,0.012,0.678,-0.116,0.03,0.406,0.145,-0.426,-0.399,0.326,0.012,-0.009,0.23,-0.414,-0.367,0.222,-0.054,0.325,0.296,-0.032,0.432,-0.012,-0.037,-0.351,0.335,0.156,0.762,0.62,0.437,-0.094,-0.291,0.499,0.349,-0.042,-0.548,0.055,0.097,-0.267,0.574,-0.16,0.623,-0.12,0.161,0.134,-0.522,0.567,-0.427,-0.201,-0.451,1.0,-0.152,0.25,-0.442,0.637,-0.308,-0.109,0.219,-0.45,-0.272,-0.462,0.344,-0.484,-0.292,0.063,-0.567,-0.463,0.293,0.398,0.197,0.097,0.035,0.272,0.026,0.645,0.137,0.063,-0.513,-0.218,-0.069
PLUG,0.283,0.143,0.114,0.184,0.469,-0.07,0.656,0.155,0.671,-0.14,0.469,0.426,0.347,0.475,0.459,0.388,-0.123,0.425,0.565,0.325,0.25,0.41,0.638,0.248,0.513,0.456,0.226,0.43,0.019,0.687,0.166,0.259,0.236,0.104,0.708,0.485,0.357,0.203,0.332,0.155,0.408,0.462,0.229,0.1,0.194,-0.096,0.566,-0.043,0.077,-0.15,0.487,0.527,0.406,-0.043,-0.001,0.192,0.692,0.443,0.493,0.313,0.281,0.089,0.52,0.123,0.227,0.26,0.072,0.589,0.352,0.372,-0.152,1.0,0.351,0.562,-0.01,0.48,0.372,0.046,0.432,0.365,0.571,0.192,0.439,0.614,-0.045,0.247,0.504,0.042,0.041,0.356,0.22,0.584,0.183,0.177,0.22,-0.023,0.006,0.368,0.32,0.248
PTEN,0.596,0.589,-0.058,0.371,-0.194,0.399,0.74,-0.281,0.498,-0.537,0.224,-0.095,0.805,0.639,0.75,0.774,0.5,0.072,0.669,0.658,0.599,0.163,0.44,0.597,0.621,0.661,0.773,0.323,-0.092,0.432,-0.216,-0.208,-0.233,0.641,0.349,0.296,0.091,-0.152,0.386,0.632,-0.055,0.305,-0.219,0.356,-0.055,0.535,0.612,0.042,0.643,-0.321,0.043,0.038,0.413,0.565,-0.434,-0.262,0.52,0.556,0.206,0.377,0.534,0.565,0.628,0.468,0.751,-0.106,0.577,0.138,-0.128,0.015,0.25,0.351,1.0,-0.061,0.485,-0.006,0.53,0.582,-0.208,-0.277,0.074,-0.029,0.284,0.277,-0.471,-0.32,0.184,0.662,0.166,0.485,0.185,0.525,0.489,0.074,0.446,-0.329,-0.385,-0.007,-0.179,-0.093
PTON,-0.223,-0.373,0.019,-0.146,0.78,-0.419,0.357,0.584,0.233,0.204,0.335,0.717,-0.128,0.232,0.12,-0.065,-0.594,0.712,0.063,-0.214,-0.058,0.628,0.354,-0.133,0.155,-0.013,-0.233,0.295,0.302,0.621,0.346,0.515,0.507,-0.189,0.532,0.535,0.337,0.476,0.175,-0.302,0.631,0.193,0.621,-0.139,0.486,-0.53,-0.005,-0.106,-0.46,0.058,0.55,0.77,0.109,-0.462,0.347,0.603,0.478,-0.006,0.56,-0.093,0.034,-0.336,0.227,-0.285,-0.239,0.478,-0.454,0.757,0.766,0.654,-0.442,0.562,-0.061,1.0,-0.452,0.791,0.146,-0.378,0.905,0.613,0.837,0.259,0.433,0.592,0.043,0.715,0.589,-0.425,-0.057,0.047,-0.033,0.332,-0.294,0.078,-0.203,0.327,0.332,0.721,0.652,0.436
PYPL,0.359,0.521,0.08,0.136,-0.469,0.468,0.26,-0.354,0.337,-0.427,0.187,-0.316,0.347,0.182,0.293,0.359,0.646,-0.239,0.532,0.498,0.172,-0.251,0.011,0.62,0.252,0.469,0.562,0.127,-0.247,-0.216,-0.012,-0.256,-0.274,0.422,-0.14,-0.242,0.156,-0.209,0.383,0.507,-0.208,0.313,-0.263,0.103,-0.434,0.602,0.321,0.346,0.68,-0.003,-0.214,-0.314,0.33,0.64,-0.391,-0.51,0.166,0.212,-0.197,0.625,0.008,0.811,0.118,0.343,0.497,-0.386,0.645,-0.386,-0.302,-0.503,0.637,-0.01,0.485,-0.452,1.0,-0.33,0.126,0.431,-0.473,-0.415,-0.381,0.177,-0.23,-0.111,0.013,-0.499,-0.304,0.603,0.262,0.579,0.186,0.08,0.348,-0.037,0.726,-0.055,-0.201,-0.457,-0.415,0.027
QCOM,-0.175,-0.223,0.327,0.215,0.76,-0.218,0.388,0.609,0.442,0.311,0.324,0.792,-0.1,0.126,0.15,0.13,-0.373,0.766,0.251,0.008,-0.051,0.74,0.393,-0.06,0.229,-0.048,-0.08,0.683,0.251,0.601,0.479,0.621,0.61,0.077,0.586,0.397,0.62,0.518,0.278,-0.207,0.639,0.052,0.611,0.176,0.356,-0.539,0.154,0.127,-0.357,0.256,0.74,0.876,0.299,-0.517,0.493,0.49,0.394,-0.142,0.574,-0.007,0.221,-0.282,0.312,-0.368,-0.199,0.604,-0.233,0.658,0.776,0.652,-0.308,0.48,-0.006,0.791,-0.33,1.0,0.07,-0.534,0.815,0.714,0.801,0.48,0.283,0.494,0.288,0.664,0.381,-0.343,0.028,-0.028,0.223,0.571,-0.211,0.316,0.019,0.39,0.315,0.708,0.761,0.729
QVCGA,0.512,0.445,-0.351,0.333,0.121,0.206,0.634,-0.032,0.248,-0.58,-0.176,-0.21,0.631,0.553,0.816,0.561,0.236,-0.047,0.294,0.319,0.557,0.398,0.566,0.289,0.594,0.605,0.468,0.039,0.386,0.645,-0.328,-0.076,-0.07,0.081,0.528,0.684,-0.302,-0.247,-0.083,0.55,-0.143,0.198,-0.012,0.263,0.061,0.489,0.454,-0.189,0.275,-0.514,-0.058,0.248,0.006,0.522,-0.422,0.147,0.479,0.731,0.285,-0.03,0.593,0.277,0.694,0.596,0.62,0.304,0.176,0.341,-0.178,0.216,-0.109,0.372,0.53,0.146,0.126,0.07,1.0,0.515,-0.028,-0.17,0.199,-0.221,0.627,0.553,-0.503,-0.001,0.382,0.469,-0.033,0.531,0.021,0.521,0.248,-0.075,-0.046,-0.24,-0.28,0.406,-0.059,-0.162
RIOT,0.614,0.492,-0.392,0.143,-0.556,0.349,0.312,-0.516,0.037,-0.678,-0.154,-0.648,0.701,0.636,0.52,0.492,0.494,-0.445,0.262,0.354,0.581,-0.262,0.206,0.406,0.286,0.539,0.566,-0.208,-0.191,0.029,-0.59,-0.544,-0.545,0.161,-0.06,0.149,-0.467,-0.412,-0.16,0.651,-0.449,0.169,-0.478,0.074,-0.144,0.878,0.374,-0.146,0.669,-0.534,-0.44,-0.399,-0.051,0.883,-0.691,-0.52,0.142,0.644,-0.051,0.117,0.333,0.49,0.357,0.605,0.581,-0.345,0.414,-0.042,-0.592,-0.199,0.219,0.046,0.582,-0.378,0.431,-0.534,0.515,1.0,-0.533,-0.605,-0.279,-0.418,0.193,0.133,-0.603,-0.562,0.129,0.595,0.004,0.469,-0.092,0.119,0.449,-0.318,0.134,-0.503,-0.458,-0.289,-0.524,-0.552
ROKU,-0.413,-0.502,0.14,-0.17,0.796,-0.519,0.233,0.695,0.169,0.41,0.276,0.761,-0.296,0.071,-0.032,-0.175,-0.641,0.748,-0.032,-0.31,-0.13,0.688,0.256,-0.233,0.092,-0.19,-0.343,0.363,0.356,0.501,0.455,0.598,0.587,-0.182,0.508,0.387,0.411,0.639,0.127,-0.449,0.689,0.074,0.708,-0.178,0.569,-0.688,-0.126,-0.076,-0.567,0.199,0.638,0.777,0.058,-0.633,0.506,0.662,0.3,-0.222,0.66,-0.168,-0.067,-0.399,0.058,-0.492,-0.39,0.613,-0.567,0.631,0.815,0.694,-0.45,0.432,-0.208,0.905,-0.473,0.815,-0.028,-0.533,1.0,0.743,0.818,0.435,0.286,0.56,0.27,0.777,0.491,-0.555,-0.115,-0.166,-0.027,0.267,-0.421,0.178,-0.186,0.478,0.43,0.701,0.753,0.603
RUN,-0.478,-0.463,0.379,-0.057,0.651,-0.404,0.136,0.688,0.199,0.514,0.348,0.727,-0.335,-0.131,-0.101,-0.201,-0.497,0.68,-0.019,-0.221,-0.168,0.588,0.233,-0.32,0.018,-0.337,-0.35,0.506,0.253,0.354,0.519,0.604,0.574,-0.133,0.431,0.206,0.512,0.651,0.102,-0.46,0.697,0.032,0.606,-0.044,0.574,-0.658,-0.087,0.142,-0.502,0.418,0.73,0.711,0.117,-0.658,0.743,0.487,0.068,-0.284,0.515,-0.151,-0.002,-0.422,-0.037,-0.523,-0.495,0.567,-0.451,0.424,0.719,0.672,-0.272,0.365,-0.277,0.613,-0.415,0.714,-0.17,-0.605,0.743,1.0,0.546,0.547,0.048,0.367,0.498,0.581,0.315,-0.62,0.013,-0.398,0.288,0.248,-0.319,0.246,-0.082,0.499,0.443,0.535,0.755,0.632
SABR,-0.082,-0.31,0.104,-0.019,0.725,-0.346,0.421,0.582,0.332,0.163,0.204,0.638,0.045,0.413,0.172,0.116,-0.445,0.648,0.125,-0.159,0.132,0.712,0.376,-0.121,0.292,0.023,-0.128,0.414,0.34,0.68,0.27,0.479,0.467,-0.095,0.613,0.533,0.323,0.584,0.048,-0.244,0.543,0.102,0.554,-0.022,0.532,-0.481,0.074,-0.193,-0.37,0.046,0.544,0.751,0.072,-0.426,0.309,0.53,0.4,-0.015,0.677,-0.129,0.176,-0.289,0.311,-0.289,-0.097,0.556,-0.368,0.75,0.663,0.712,-0.462,0.571,0.074,0.837,-0.381,0.801,0.199,-0.279,0.818,0.546,1.0,0.233,0.48,0.635,0.049,0.693,0.58,-0.331,-0.068,0.001,-0.041,0.409,-0.213,0.054,-0.169,0.285,0.324,0.697,0.676,0.494
SBUX,-0.334,-0.25,0.461,-0.085,0.264,-0.234,0.294,0.591,0.433,0.507,0.396,0.527,-0.294,-0.106,0.017,-0.051,-0.068,0.509,0.293,0.065,-0.263,0.342,0.183,0.166,-0.0,-0.151,0.026,0.644,-0.044,0.03,0.724,0.54,0.528,0.119,0.131,-0.11,0.677,0.631,0.4,-0.148,0.591,0.266,0.584,-0.159,0.114,-0.374,-0.04,0.538,-0.088,0.705,0.602,0.46,0.386,-0.362,0.53,0.057,0.143,-0.35,0.435,0.367,-0.237,0.297,-0.17,-0.431,-0.35,0.26,-0.07,0.045,0.53,0.256,0.344,0.192,-0.029,0.259,0.177,0.48,-0.221,-0.418,0.435,0.547,0.233,1.0,-0.351,0.304,0.654,0.177,-0.061,-0.385,0.161,-0.093,0.254,0.264,-0.29,0.359,0.51,0.736,0.501,0.178,0.522,0.668
SMCI,0.284,0.167,-0.396,0.177,0.499,0.057,0.472,0.038,0.169,-0.44,-0.091,0.151,0.42,0.482,0.51,0.323,-0.163,0.164,0.144,0.107,0.44,0.487,0.438,0.07,0.535,0.412,0.119,-0.032,0.486,0.735,-0.255,0.041,0.017,-0.053,0.645,0.712,-0.245,-0.116,-0.042,0.161,0.055,0.125,0.079,0.176,0.279,0.087,0.33,-0.386,-0.113,-0.595,0.085,0.364,-0.057,0.134,-0.318,0.391,0.424,0.496,0.371,-0.18,0.46,-0.155,0.595,0.321,0.432,0.403,-0.102,0.566,0.124,0.405,-0.484,0.439,0.284,0.433,-0.23,0.283,0.627,0.193,0.286,0.048,0.48,-0.351,1.0,0.509,-0.501,0.415,0.416,0.236,-0.032,0.335,-0.114,0.412,0.068,0.022,-0.267,-0.3,-0.254,0.531,0.169,-0.072
SNDL,0.066,-0.169,-0.116,-0.005,0.526,-0.284,0.669,0.501,0.309,-0.014,0.077,0.335,0.241,0.511,0.58,0.221,-0.258,0.441,0.202,-0.021,0.261,0.655,0.507,0.088,0.46,0.314,0.09,0.33,0.433,0.665,0.089,0.309,0.32,-0.06,0.665,0.662,0.054,0.349,-0.004,0.108,0.419,0.326,0.457,-0.138,0.401,-0.077,0.171,-0.125,-0.101,-0.131,0.431,0.615,0.037,-0.024,-0.061,0.416,0.39,0.251,0.697,-0.072,0.243,0.1,0.371,-0.018,0.104,0.552,-0.312,0.607,0.415,0.647,-0.292,0.614,0.277,0.592,-0.111,0.494,0.553,0.133,0.56,0.367,0.635,0.304,0.509,1.0,-0.021,0.47,0.614,-0.121,-0.098,0.245,-0.044,0.469,-0.241,0.084,-0.043,0.272,0.169,0.664,0.457,0.305
STNE,-0.643,-0.485,0.399,-0.264,0.253,-0.258,-0.205,0.541,-0.018,0.698,0.154,0.378,-0.626,-0.475,-0.411,-0.487,-0.271,0.304,-0.149,-0.329,-0.501,0.041,-0.267,-0.263,-0.291,-0.374,-0.44,0.301,0.077,-0.277,0.568,0.464,0.494,-0.151,-0.088,-0.322,0.47,0.513,0.053,-0.494,0.404,-0.09,0.412,-0.264,0.015,-0.526,-0.394,0.289,-0.348,0.697,0.399,0.203,0.029,-0.514,0.56,0.196,-0.297,-0.664,0.043,0.109,-0.481,-0.028,-0.486,-0.638,-0.6,0.222,-0.318,-0.152,0.399,0.157,0.063,-0.045,-0.471,0.043,0.013,0.288,-0.503,-0.603,0.27,0.498,0.049,0.654,-0.501,-0.021,1.0,0.252,-0.273,-0.549,0.032,-0.323,0.124,-0.214,-0.507,0.22,0.175,0.692,0.524,0.07,0.382,0.528
TCOM,-0.418,-0.493,0.062,-0.148,0.813,-0.459,0.07,0.599,-0.04,0.383,0.008,0.624,-0.285,-0.068,-0.076,-0.289,-0.607,0.567,-0.242,-0.397,-0.15,0.648,0.036,-0.332,0.075,-0.161,-0.48,0.139,0.608,0.427,0.308,0.461,0.462,-0.292,0.466,0.406,0.15,0.418,0.01,-0.51,0.485,-0.092,0.563,-0.12,0.438,-0.68,-0.221,-0.176,-0.675,0.07,0.429,0.61,-0.177,-0.608,0.35,0.792,0.03,-0.252,0.406,-0.361,-0.054,-0.5,0.031,-0.428,-0.293,0.622,-0.622,0.531,0.674,0.596,-0.567,0.247,-0.32,0.715,-0.499,0.664,-0.001,-0.562,0.777,0.581,0.693,0.177,0.415,0.47,0.252,1.0,0.435,-0.444,-0.035,-0.214,-0.114,0.105,-0.486,0.2,-0.388,0.322,0.292,0.689,0.61,0.493
TLRY,0.069,-0.075,-0.096,0.124,0.345,-0.143,0.334,0.198,0.176,-0.051,0.092,0.247,0.27,0.485,0.366,0.219,-0.231,0.315,0.025,0.037,0.403,0.491,0.27,-0.133,0.241,0.165,0.009,0.125,0.263,0.585,-0.1,0.064,0.028,-0.091,0.457,0.496,-0.05,0.228,-0.088,0.022,0.205,0.053,0.181,0.143,0.502,-0.09,0.249,-0.251,-0.171,-0.252,0.266,0.42,-0.108,-0.008,-0.026,0.354,0.3,0.28,0.493,-0.296,0.297,-0.226,0.47,0.014,0.117,0.375,-0.194,0.602,0.29,0.54,-0.463,0.504,0.184,0.589,-0.304,0.381,0.382,0.129,0.491,0.315,0.58,-0.061,0.416,0.614,-0.273,0.435,1.0,-0.027,0.005,0.064,0.009,0.363,-0.052,-0.104,-0.335,-0.106,-0.117,0.53,0.238,0.116
TMUS,0.697,0.877,-0.17,0.534,-0.445,0.721,0.299,-0.664,0.304,-0.778,-0.128,-0.477,0.76,0.375,0.532,0.711,0.735,-0.374,0.487,0.727,0.584,-0.131,0.182,0.547,0.462,0.654,0.726,-0.046,-0.075,0.147,-0.392,-0.437,-0.474,0.478,0.078,0.065,-0.182,-0.57,0.208,0.716,-0.535,0.139,-0.538,0.562,-0.38,0.746,0.641,0.032,0.709,-0.483,-0.379,-0.335,0.279,0.763,-0.681,-0.342,0.298,0.596,-0.222,0.295,0.515,0.492,0.599,0.685,0.893,-0.265,0.788,-0.129,-0.497,-0.395,0.293,0.042,0.662,-0.425,0.603,-0.343,0.469,0.595,-0.555,-0.62,-0.331,-0.385,0.236,-0.121,-0.549,-0.444,-0.027,1.0,0.198,0.57,0.18,0.333,0.591,-0.03,0.307,-0.641,-0.71,-0.246,-0.588,-0.32
TSCO,0.046,0.234,0.1,0.097,-0.083,0.284,0.167,-0.059,0.195,-0.113,0.218,0.149,0.117,0.084,0.089,0.118,0.281,0.05,0.225,0.277,0.074,-0.049,0.036,0.311,-0.048,0.112,0.208,0.177,-0.06,-0.026,0.184,-0.007,-0.034,0.165,-0.122,0.022,0.147,0.107,0.325,0.076,0.211,0.141,0.059,0.113,0.009,0.12,0.183,0.418,0.178,0.209,-0.025,-0.027,0.279,0.141,0.046,-0.078,0.04,0.057,-0.028,0.226,-0.116,0.216,0.097,0.172,0.092,-0.094,0.242,-0.029,0.119,-0.111,0.398,0.041,0.166,-0.057,0.262,0.028,-0.033,0.004,-0.115,0.013,-0.068,0.161,-0.032,-0.098,0.032,-0.035,0.005,0.198,1.0,0.01,0.174,0.13,0.114,-0.021,0.222,-0.063,-0.066,-0.07,0.009,0.021
TSLA,0.555,0.529,-0.223,0.248,-0.032,0.42,0.481,-0.301,0.445,-0.644,0.156,-0.192,0.456,0.465,0.547,0.496,0.347,-0.049,0.566,0.447,0.253,0.004,0.38,0.531,0.494,0.711,0.516,0.071,-0.102,0.269,-0.146,-0.091,-0.072,0.232,0.248,0.243,0.026,-0.355,0.349,0.579,-0.219,0.447,-0.138,0.151,-0.388,0.567,0.494,0.043,0.524,-0.391,-0.102,0.042,0.366,0.621,-0.566,-0.236,0.616,0.517,0.014,0.566,0.265,0.601,0.483,0.548,0.59,-0.205,0.488,0.17,-0.178,-0.236,0.197,0.356,0.485,0.047,0.579,-0.028,0.531,0.469,-0.166,-0.398,0.001,-0.093,0.335,0.245,-0.323,-0.214,0.064,0.57,0.01,1.0,0.08,0.37,0.322,0.005,0.396,-0.212,-0.262,-0.027,-0.284,-0.028
TTD,0.318,0.374,0.663,0.587,-0.095,0.429,0.208,-0.152,0.485,-0.085,0.173,0.083,0.227,-0.105,0.272,0.361,0.432,0.069,0.357,0.522,0.31,0.096,0.339,-0.045,0.177,0.207,0.49,0.473,-0.268,0.166,0.005,-0.012,-0.041,0.463,0.136,-0.167,0.343,-0.05,0.383,0.391,-0.013,-0.189,-0.26,0.578,0.022,0.157,0.475,0.172,0.251,0.134,0.204,0.233,0.376,0.045,0.253,-0.269,0.31,0.134,0.137,0.241,0.339,0.198,0.277,0.214,0.162,0.126,0.435,-0.024,-0.029,-0.156,0.097,0.22,0.185,-0.033,0.186,0.223,0.021,-0.092,-0.027,0.288,-0.041,0.254,-0.114,-0.044,0.124,-0.114,0.009,0.18,0.174,0.08,1.0,0.466,0.464,0.353,0.269,-0.105,-0.288,-0.097,-0.012,0.358
TXN,0.527,0.521,0.249,0.722,0.269,0.292,0.675,0.035,0.78,-0.261,0.242,0.276,0.546,0.467,0.674,0.762,0.318,0.396,0.695,0.674,0.51,0.617,0.77,0.367,0.575,0.501,0.629,0.721,0.013,0.691,0.104,0.217,0.182,0.47,0.627,0.453,0.396,0.043,0.395,0.508,0.167,0.188,0.104,0.631,0.09,0.18,0.806,0.206,0.294,-0.132,0.462,0.601,0.541,0.163,0.025,0.009,0.671,0.517,0.536,0.251,0.709,0.184,0.82,0.317,0.445,0.394,0.421,0.482,0.186,0.335,0.035,0.584,0.525,0.332,0.08,0.571,0.521,0.119,0.267,0.248,0.409,0.264,0.412,0.469,-0.214,0.105,0.363,0.333,0.13,0.37,0.466,1.0,0.413,0.411,0.3,-0.138,-0.214,0.405,0.309,0.4
UAL,0.802,0.676,0.285,0.629,-0.425,0.488,0.176,-0.647,0.407,-0.609,0.217,-0.34,0.616,0.272,0.345,0.668,0.608,-0.333,0.454,0.642,0.479,-0.162,0.339,0.408,0.261,0.406,0.675,0.112,-0.486,0.05,-0.407,-0.512,-0.505,0.551,0.004,-0.032,-0.011,-0.455,0.294,0.702,-0.327,-0.026,-0.601,0.583,-0.208,0.569,0.662,0.07,0.579,-0.396,-0.254,-0.13,0.255,0.477,-0.2,-0.537,0.37,0.567,-0.114,0.332,0.518,0.282,0.453,0.607,0.574,-0.347,0.67,-0.125,-0.443,-0.426,0.272,0.183,0.489,-0.294,0.348,-0.211,0.248,0.449,-0.421,-0.319,-0.213,-0.29,0.068,-0.241,-0.507,-0.486,-0.052,0.591,0.114,0.322,0.464,0.413,1.0,0.084,0.27,-0.626,-0.507,-0.358,-0.403,-0.203
VOD,0.067,0.126,0.481,0.346,0.174,-0.004,0.186,-0.06,0.354,0.168,0.11,0.275,-0.023,-0.26,0.139,0.19,0.061,0.312,0.287,0.342,-0.081,0.36,0.328,0.089,0.283,0.152,0.101,0.446,-0.084,0.093,0.281,0.122,0.165,0.492,0.313,-0.062,0.379,-0.062,0.575,0.039,0.14,-0.036,0.062,0.323,-0.077,-0.233,0.297,0.269,-0.088,0.101,0.403,0.215,0.351,-0.25,0.169,0.088,0.183,-0.016,0.201,0.205,0.234,0.008,0.121,-0.044,0.058,0.182,0.079,0.062,0.159,-0.007,0.026,0.177,0.074,0.078,-0.037,0.316,-0.075,-0.318,0.178,0.246,0.054,0.359,0.022,0.084,0.22,0.2,-0.104,-0.03,-0.021,0.005,0.353,0.411,0.084,1.0,0.224,0.018,-0.095,0.033,0.202,0.446
VTRS,0.195,0.391,0.289,0.137,-0.205,0.215,0.423,-0.128,0.599,-0.091,0.485,0.106,0.26,0.155,0.211,0.386,0.405,0.099,0.76,0.569,-0.009,-0.092,0.207,0.666,0.302,0.369,0.496,0.542,-0.394,-0.05,0.357,0.08,0.011,0.464,0.083,-0.232,0.556,0.051,0.63,0.28,0.176,0.465,0.011,0.062,-0.422,0.249,0.412,0.515,0.484,0.264,0.173,-0.044,0.624,0.29,-0.042,-0.468,0.3,0.135,0.032,0.78,0.03,0.667,0.117,0.116,0.273,-0.287,0.592,-0.17,0.03,-0.289,0.645,0.22,0.446,-0.203,0.726,0.019,-0.046,0.134,-0.186,-0.082,-0.169,0.51,-0.267,-0.043,0.175,-0.388,-0.335,0.307,0.222,0.396,0.269,0.3,0.27,0.224,1.0,0.161,0.003,-0.36,-0.053,0.249
VXRT,-0.637,-0.58,0.137,-0.478,0.397,-0.403,0.03,0.831,-0.037,0.632,0.161,0.472,-0.561,-0.238,-0.239,-0.461,-0.391,0.435,-0.124,-0.459,-0.429,0.225,-0.172,-0.135,-0.298,-0.43,-0.367,0.258,0.25,-0.05,0.671,0.662,0.672,-0.282,-0.035,-0.063,0.373,0.726,-0.062,-0.46,0.577,0.174,0.722,-0.516,0.217,-0.538,-0.512,0.277,-0.345,0.759,0.404,0.395,0.05,-0.486,0.531,0.29,-0.138,-0.579,0.287,0.087,-0.513,0.094,-0.451,-0.675,-0.597,0.34,-0.432,0.011,0.548,0.335,0.137,-0.023,-0.329,0.327,-0.055,0.39,-0.24,-0.503,0.478,0.499,0.285,0.736,-0.3,0.272,0.692,0.322,-0.106,-0.641,-0.063,-0.212,-0.105,-0.138,-0.626,0.018,0.161,1.0,0.764,0.313,0.592,0.483
WBA,-0.508,-0.647,0.031,-0.523,0.423,-0.566,-0.051,0.7,-0.12,0.543,0.247,0.489,-0.57,-0.168,-0.364,-0.505,-0.456,0.46,-0.187,-0.564,-0.546,0.183,-0.103,-0.128,-0.295,-0.435,-0.537,0.094,0.148,-0.056,0.609,0.653,0.717,-0.357,-0.043,0.12,0.319,0.654,-0.115,-0.602,0.583,0.146,0.691,-0.571,0.298,-0.562,-0.531,0.193,-0.455,0.561,0.379,0.332,-0.003,-0.548,0.586,0.341,-0.164,-0.504,0.215,0.059,-0.496,-0.155,-0.46,-0.62,-0.65,0.209,-0.524,0.132,0.552,0.37,0.063,0.006,-0.385,0.332,-0.201,0.315,-0.28,-0.458,0.43,0.443,0.324,0.501,-0.254,0.169,0.524,0.292,-0.117,-0.71,-0.066,-0.262,-0.288,-0.214,-0.507,-0.095,0.003,0.764,1.0,0.294,0.698,0.32
WBD,-0.187,-0.287,-0.203,0.059,0.794,-0.303,0.366,0.693,0.119,0.136,0.014,0.573,-0.02,0.268,0.286,0.043,-0.433,0.607,-0.059,-0.215,0.086,0.773,0.269,-0.182,0.235,0.036,-0.202,0.257,0.691,0.728,0.236,0.541,0.565,-0.149,0.606,0.768,0.13,0.439,-0.157,-0.183,0.486,0.052,0.597,0.051,0.501,-0.366,-0.007,-0.182,-0.435,-0.033,0.489,0.768,-0.041,-0.325,0.229,0.739,0.24,-0.027,0.562,-0.332,0.26,-0.339,0.361,-0.239,-0.098,0.763,-0.45,0.7,0.641,0.83,-0.513,0.368,-0.007,0.721,-0.457,0.708,0.406,-0.289,0.701,0.535,0.697,0.178,0.531,0.664,0.07,0.689,0.53,-0.246,-0.07,-0.027,-0.097,0.405,-0.358,0.033,-0.36,0.313,0.294,1.0,0.694,0.36
WDC,-0.366,-0.469,0.094,-0.111,0.756,-0.465,0.254,0.782,0.199,0.476,0.318,0.818,-0.287,0.081,-0.052,-0.151,-0.493,0.768,0.045,-0.267,-0.217,0.67,0.258,-0.13,0.043,-0.259,-0.327,0.482,0.356,0.454,0.588,0.785,0.79,-0.129,0.444,0.442,0.499,0.729,0.055,-0.482,0.782,0.11,0.794,-0.157,0.53,-0.628,-0.12,0.146,-0.51,0.37,0.683,0.767,0.191,-0.622,0.63,0.547,0.096,-0.315,0.58,-0.105,-0.026,-0.356,0.019,-0.567,-0.458,0.593,-0.475,0.569,0.805,0.745,-0.218,0.32,-0.179,0.652,-0.415,0.761,-0.059,-0.524,0.753,0.755,0.676,0.522,0.169,0.457,0.382,0.61,0.238,-0.588,0.009,-0.284,-0.012,0.309,-0.403,0.202,-0.053,0.592,0.698,0.694,1.0,0.611
ZM,-0.233,-0.199,0.504,0.19,0.522,-0.169,0.195,0.498,0.453,0.432,0.299,0.621,-0.23,-0.102,0.024,0.029,-0.165,0.642,0.261,0.043,-0.162,0.605,0.25,-0.063,0.185,-0.072,-0.011,0.688,0.144,0.241,0.518,0.539,0.518,0.188,0.379,0.026,0.73,0.499,0.393,-0.183,0.505,-0.017,0.507,0.16,0.2,-0.461,0.077,0.244,-0.25,0.379,0.645,0.68,0.292,-0.464,0.53,0.278,0.175,-0.313,0.458,0.1,0.046,-0.078,0.06,-0.391,-0.235,0.465,-0.115,0.267,0.589,0.343,-0.069,0.248,-0.093,0.436,0.027,0.729,-0.162,-0.552,0.603,0.632,0.494,0.668,-0.072,0.305,0.528,0.493,0.116,-0.32,0.021,-0.028,0.358,0.4,-0.203,0.446,0.249,0.483,0.32,0.36,0.611,1.0
