,AAL,AAPL,AGNC,AMAT,AMD,AMZN,APA,ARDX,AVGO,AZN,BIDU,BILI,BKR,CAN,CHRD,CMCSA,CPRT,CRWD,CSCO,CSX,DKNG,EBAY,ERIC,EXC,FITB,FLEX,FTNT,GEN,GERN,GEVO,GILD,GOOG,GOOGL,GT,HBAN,HST,INTC,IOVA,IQ,JBLU,JD,KDP,KHC,LRCX,LYFT,MARA,MCHP,MDLZ,META,MNST,MRNA,MRVL,MSFT,MSTR,MU,MVIS,NFLX,NNDM,NVAX,NVDA,NWL,OCGN,ON,OPK,PAA,PACB,PANW,PARA,PDD,PENN,PEP,PLUG,PTEN,PTON,PYPL,QCOM,QVCGA,RIOT,ROKU,RUN,SABR,SBUX,SMCI,SNDL,STNE,TCOM,TLRY,TMUS,TSCO,TSLA,TTD,TXN,UAL,VOD,VTRS,VXRT,WBA,WBD,WDC,ZM
AAL,1.0,0.651,0.704,0.734,0.609,0.565,-0.308,0.395,0.607,0.348,0.395,0.564,-0.119,-0.331,-0.072,0.265,0.631,0.695,0.422,0.587,0.661,0.249,0.782,0.413,0.828,0.426,-0.472,0.565,0.027,0.514,0.091,0.34,0.332,0.49,0.795,0.672,0.539,0.513,0.443,0.189,0.609,0.298,0.462,0.777,0.563,0.072,0.509,0.436,0.597,0.61,-0.039,0.725,0.506,0.22,0.674,0.415,0.339,-0.344,0.391,0.709,-0.074,0.283,-0.218,0.576,0.417,0.048,0.232,0.649,0.277,0.553,0.529,-0.046,-0.256,0.278,0.631,0.585,0.71,0.275,0.664,0.528,-0.007,0.551,0.445,0.544,0.433,-0.131,0.286,0.596,0.488,0.514,0.312,0.478,0.894,0.638,0.473,0.596,0.235,0.291,0.468,0.484
AAPL,0.651,1.0,0.629,0.825,0.778,0.674,-0.412,0.136,0.821,0.076,-0.037,0.437,-0.182,-0.625,-0.144,0.236,0.747,0.868,0.375,0.46,0.853,0.144,0.597,0.339,0.628,0.357,-0.391,0.801,-0.069,0.313,-0.179,0.335,0.322,0.689,0.655,0.674,0.618,0.423,0.34,-0.124,0.274,0.413,0.558,0.803,0.551,0.066,0.534,0.622,0.733,0.67,-0.141,0.731,0.673,0.386,0.797,0.152,0.378,-0.552,0.226,0.748,-0.236,0.097,-0.345,0.466,0.443,-0.171,0.357,0.59,0.221,0.793,0.519,-0.335,-0.428,0.155,0.603,0.841,0.715,0.191,0.816,0.319,-0.038,0.783,0.475,0.322,0.572,-0.242,-0.126,0.553,0.413,0.249,0.119,0.323,0.613,0.505,0.36,0.63,-0.249,0.107,0.579,0.522
AGNC,0.704,0.629,1.0,0.741,0.637,0.552,-0.161,0.273,0.565,0.319,0.29,0.333,0.126,-0.444,0.093,0.508,0.623,0.625,0.544,0.768,0.545,0.394,0.728,0.554,0.693,0.379,-0.375,0.522,-0.007,0.387,0.106,0.685,0.69,0.476,0.773,0.716,0.593,0.234,0.165,0.175,0.382,0.217,0.421,0.715,0.56,-0.116,0.698,0.255,0.779,0.451,0.106,0.706,0.521,0.104,0.606,0.344,0.088,-0.358,0.233,0.524,-0.088,0.531,-0.081,0.473,0.449,0.151,0.331,0.668,0.061,0.659,0.336,-0.018,-0.155,0.4,0.777,0.61,0.585,0.131,0.598,0.716,0.2,0.488,0.523,0.567,0.395,-0.443,0.306,0.519,0.624,0.496,0.353,0.802,0.663,0.637,0.523,0.532,0.111,0.399,0.582,0.682
AMAT,0.734,0.825,0.741,1.0,0.744,0.629,-0.436,0.182,0.873,0.184,0.207,0.428,-0.117,-0.568,-0.186,0.189,0.797,0.847,0.346,0.589,0.683,0.131,0.697,0.28,0.688,0.44,-0.504,0.687,-0.148,0.363,-0.153,0.383,0.365,0.559,0.694,0.651,0.569,0.374,0.288,-0.107,0.355,0.35,0.525,0.967,0.505,0.09,0.53,0.587,0.718,0.644,-0.151,0.801,0.666,0.351,0.82,0.159,0.45,-0.442,0.267,0.768,-0.265,0.131,-0.313,0.34,0.308,-0.155,0.343,0.52,0.248,0.691,0.58,-0.283,-0.336,0.119,0.59,0.79,0.624,0.167,0.688,0.418,-0.089,0.642,0.493,0.4,0.607,-0.146,-0.058,0.648,0.389,0.398,0.099,0.459,0.685,0.594,0.333,0.592,-0.144,0.129,0.527,0.473
AMD,0.609,0.778,0.637,0.744,1.0,0.7,-0.53,0.28,0.712,0.005,-0.108,0.509,-0.118,-0.441,-0.177,0.141,0.764,0.705,0.266,0.416,0.769,0.078,0.666,0.469,0.609,0.344,-0.608,0.673,-0.027,0.42,-0.09,0.233,0.201,0.644,0.662,0.801,0.711,0.471,0.374,-0.056,0.324,0.509,0.831,0.75,0.514,0.175,0.491,0.656,0.636,0.716,-0.316,0.679,0.693,0.477,0.844,0.129,0.451,-0.559,0.411,0.747,-0.23,-0.075,-0.386,0.488,0.455,-0.139,0.096,0.599,0.276,0.837,0.74,-0.312,-0.505,0.156,0.573,0.868,0.659,0.342,0.805,0.254,-0.019,0.831,0.308,0.373,0.67,-0.196,-0.214,0.603,0.25,0.194,0.148,0.353,0.541,0.53,0.254,0.607,-0.12,0.222,0.611,0.372
AMZN,0.565,0.674,0.552,0.629,0.7,1.0,-0.659,0.387,0.578,-0.109,-0.218,0.596,-0.164,-0.348,-0.34,0.142,0.6,0.542,0.055,0.231,0.623,-0.153,0.687,0.343,0.571,0.627,-0.637,0.529,0.145,0.382,-0.063,0.139,0.119,0.389,0.603,0.65,0.927,0.528,0.548,-0.369,0.489,0.794,0.622,0.622,0.201,0.188,0.132,0.637,0.668,0.661,-0.477,0.441,0.792,0.516,0.709,-0.017,0.521,-0.585,0.419,0.621,-0.274,-0.146,-0.584,0.243,0.28,-0.395,-0.123,0.413,0.169,0.676,0.654,-0.37,-0.669,0.078,0.378,0.718,0.511,0.329,0.647,0.165,-0.164,0.665,0.011,0.247,0.517,-0.035,-0.271,0.808,0.227,-0.037,0.041,0.198,0.409,0.605,0.051,0.517,-0.285,0.153,0.392,0.156
APA,-0.308,-0.412,-0.161,-0.436,-0.53,-0.659,1.0,-0.156,-0.491,0.292,0.412,-0.591,0.523,0.216,0.751,0.347,-0.466,-0.302,0.352,0.192,-0.479,0.458,-0.474,0.043,-0.219,-0.422,0.655,-0.503,-0.051,-0.079,0.399,0.234,0.234,-0.24,-0.206,-0.268,-0.594,-0.517,-0.489,0.499,-0.309,-0.699,-0.515,-0.41,0.035,-0.436,0.219,-0.576,-0.291,-0.47,0.861,-0.219,-0.779,-0.739,-0.554,0.272,-0.629,0.538,-0.291,-0.588,0.369,0.51,0.656,0.004,0.146,0.624,0.36,0.001,-0.353,-0.41,-0.67,0.503,0.768,0.434,0.162,-0.441,-0.33,-0.407,-0.373,0.318,0.573,-0.454,0.345,0.091,-0.467,-0.217,0.582,-0.656,0.197,0.285,0.213,0.216,-0.213,-0.284,0.204,-0.397,0.367,0.254,-0.127,0.236
ARDX,0.395,0.136,0.273,0.182,0.28,0.387,-0.156,1.0,0.048,0.152,0.05,0.451,0.018,0.11,0.04,0.095,0.119,0.174,0.214,0.05,0.24,-0.053,0.461,0.428,0.486,0.273,-0.325,0.059,0.36,0.517,0.509,-0.116,-0.116,0.043,0.447,0.352,0.374,0.479,0.363,-0.122,0.413,0.338,0.423,0.215,0.136,0.09,-0.026,0.398,0.113,0.418,-0.151,0.046,0.27,0.125,0.287,0.234,0.27,-0.196,0.622,0.225,-0.069,-0.023,-0.428,0.395,0.488,-0.238,-0.137,0.305,-0.151,0.282,0.565,0.157,-0.297,0.384,0.19,0.303,0.222,0.352,0.38,0.218,0.147,0.276,-0.052,0.457,0.302,-0.09,0.262,0.475,0.076,0.102,0.336,0.133,0.294,0.431,0.058,0.071,0.114,0.41,-0.006,0.142
AVGO,0.607,0.821,0.565,0.873,0.712,0.578,-0.491,0.048,1.0,0.198,0.087,0.295,-0.185,-0.568,-0.225,0.253,0.833,0.824,0.373,0.462,0.624,0.142,0.629,0.144,0.507,0.317,-0.522,0.687,-0.239,0.22,-0.252,0.377,0.363,0.548,0.519,0.524,0.527,0.306,0.232,-0.121,0.228,0.313,0.428,0.859,0.526,0.121,0.467,0.509,0.746,0.532,-0.203,0.817,0.616,0.377,0.798,0.057,0.398,-0.453,0.194,0.852,-0.212,0.114,-0.255,0.344,0.201,-0.17,0.322,0.386,0.233,0.625,0.545,-0.294,-0.272,-0.035,0.451,0.702,0.556,0.152,0.583,0.235,-0.129,0.588,0.443,0.351,0.625,-0.197,-0.13,0.503,0.462,0.298,0.137,0.329,0.612,0.467,0.348,0.589,-0.196,0.035,0.613,0.459
AZN,0.348,0.076,0.319,0.184,0.005,-0.109,0.292,0.152,0.198,1.0,0.705,-0.13,0.204,0.021,0.26,0.439,0.155,0.222,0.518,0.395,-0.039,0.531,0.34,0.335,0.225,0.075,0.139,0.012,-0.009,0.228,0.425,0.362,0.377,0.123,0.219,0.181,-0.092,0.02,-0.128,0.298,0.271,-0.323,-0.106,0.232,0.346,-0.195,0.328,-0.24,0.215,-0.105,0.499,0.329,-0.192,-0.368,0.044,0.371,-0.392,-0.036,0.122,0.227,0.251,0.549,0.262,0.344,0.187,0.358,0.437,0.217,-0.147,-0.046,-0.007,0.458,0.366,0.307,0.412,-0.053,0.108,-0.072,0.014,0.504,0.294,-0.114,0.594,0.496,-0.024,-0.338,0.587,-0.047,0.515,0.59,0.472,0.414,0.522,0.202,0.561,0.115,0.446,0.271,0.321,0.502
BIDU,0.395,-0.037,0.29,0.207,-0.108,-0.218,0.412,0.05,0.087,0.705,1.0,-0.07,0.265,0.127,0.296,0.368,0.116,0.209,0.506,0.498,-0.064,0.436,0.187,0.202,0.263,0.104,0.202,-0.115,-0.034,0.279,0.298,0.366,0.362,0.11,0.258,0.154,-0.23,-0.113,-0.03,0.48,0.412,-0.421,-0.188,0.269,0.315,-0.236,0.416,-0.309,0.128,-0.161,0.593,0.282,-0.334,-0.484,-0.061,0.522,-0.411,0.138,-0.035,0.067,0.252,0.579,0.461,0.309,0.117,0.564,0.539,0.224,0.041,-0.152,-0.17,0.464,0.449,0.352,0.399,-0.153,0.069,-0.177,-0.062,0.582,0.288,-0.215,0.603,0.481,-0.11,-0.081,0.701,-0.068,0.495,0.795,0.341,0.441,0.53,0.259,0.441,0.053,0.655,0.228,0.228,0.464
BILI,0.564,0.437,0.333,0.428,0.509,0.596,-0.591,0.451,0.295,-0.13,-0.07,1.0,-0.197,0.012,-0.279,-0.2,0.395,0.361,-0.089,-0.051,0.687,-0.179,0.548,0.277,0.545,0.449,-0.604,0.536,0.224,0.522,0.062,-0.207,-0.188,0.415,0.553,0.534,0.584,0.782,0.872,-0.136,0.623,0.666,0.658,0.423,0.275,0.532,0.091,0.678,0.237,0.721,-0.498,0.27,0.67,0.687,0.518,0.286,0.475,-0.547,0.443,0.5,-0.206,-0.307,-0.548,0.432,0.302,-0.31,-0.223,0.5,0.483,0.573,0.622,-0.258,-0.672,0.141,0.198,0.582,0.594,0.637,0.683,0.048,-0.116,0.632,-0.109,0.172,0.499,0.292,-0.118,0.716,-0.1,-0.013,0.016,0.05,0.413,0.534,0.054,0.435,-0.096,0.222,0.14,0.118
BKR,-0.119,-0.182,0.126,-0.117,-0.118,-0.164,0.523,0.018,-0.185,0.204,0.265,-0.197,1.0,0.133,0.651,0.325,-0.035,-0.169,0.247,0.243,-0.279,0.422,-0.157,0.419,0.037,0.157,0.247,-0.23,-0.02,0.209,0.473,0.208,0.235,-0.07,0.102,0.1,-0.062,-0.334,-0.22,0.208,0.013,-0.194,-0.086,-0.116,0.115,-0.268,0.291,-0.309,0.051,-0.234,0.387,0.001,-0.306,-0.431,-0.19,0.355,-0.524,0.002,-0.007,-0.362,0.184,0.346,0.365,0.06,0.201,0.451,0.293,0.245,-0.363,-0.098,-0.309,0.417,0.541,0.381,0.326,-0.072,-0.124,-0.21,-0.118,0.389,0.671,-0.169,0.228,0.273,-0.048,-0.192,0.394,-0.187,0.258,0.302,0.234,0.528,-0.053,0.254,0.231,-0.114,0.236,0.517,0.096,0.267
CAN,-0.331,-0.625,-0.444,-0.568,-0.441,-0.348,0.216,0.11,-0.568,0.021,0.127,0.012,0.133,1.0,0.101,-0.096,-0.48,-0.591,-0.137,-0.451,-0.415,-0.15,-0.324,-0.107,-0.319,-0.066,0.242,-0.56,0.366,0.083,0.346,-0.38,-0.368,-0.392,-0.323,-0.267,-0.296,0.035,0.087,0.122,0.11,-0.041,-0.163,-0.505,-0.205,0.291,-0.356,-0.259,-0.521,-0.329,0.033,-0.444,-0.328,-0.035,-0.38,0.112,-0.291,0.266,0.204,-0.458,0.266,-0.058,0.125,-0.079,-0.206,0.145,-0.274,-0.248,-0.053,-0.398,-0.221,0.402,0.209,0.156,-0.352,-0.482,-0.426,0.293,-0.389,-0.137,0.207,-0.376,-0.314,-0.172,-0.416,0.3,0.211,-0.149,-0.257,-0.032,0.139,-0.207,-0.37,-0.194,-0.25,-0.424,0.324,0.099,-0.359,-0.271
CHRD,-0.072,-0.144,0.093,-0.186,-0.177,-0.34,0.751,0.04,-0.225,0.26,0.296,-0.279,0.651,0.101,1.0,0.518,-0.182,-0.08,0.511,0.314,-0.183,0.575,-0.139,0.395,0.109,-0.302,0.302,-0.182,0.036,0.291,0.635,0.252,0.269,0.011,0.098,0.13,-0.244,-0.21,-0.247,0.368,-0.149,-0.414,-0.136,-0.16,0.326,-0.203,0.333,-0.288,-0.058,-0.154,0.621,0.026,-0.443,-0.463,-0.173,0.557,-0.412,0.35,0.051,-0.33,0.256,0.461,0.403,0.273,0.507,0.44,0.345,0.382,-0.432,-0.019,-0.319,0.453,0.664,0.681,0.412,-0.113,-0.018,-0.059,-0.026,0.416,0.827,-0.133,0.288,0.373,-0.07,-0.403,0.569,-0.354,0.308,0.359,0.387,0.455,-0.044,0.071,0.39,-0.247,0.362,0.643,0.014,0.428
CMCSA,0.265,0.236,0.508,0.189,0.141,0.142,0.347,0.095,0.253,0.439,0.368,-0.2,0.325,-0.096,0.518,1.0,0.247,0.241,0.709,0.576,0.07,0.652,0.255,0.391,0.23,-0.073,0.105,0.036,0.025,0.172,0.314,0.739,0.755,0.133,0.259,0.391,0.15,-0.16,-0.212,0.335,0.039,-0.195,-0.097,0.222,0.47,-0.22,0.498,-0.271,0.62,-0.103,0.469,0.387,-0.032,-0.334,0.194,0.416,-0.31,0.141,-0.012,0.111,0.273,0.771,0.313,0.353,0.389,0.403,0.52,0.388,-0.298,0.183,-0.147,0.314,0.424,0.485,0.594,0.06,0.14,-0.029,0.084,0.569,0.586,-0.006,0.495,0.517,0.035,-0.57,0.59,-0.024,0.84,0.491,0.541,0.641,0.299,0.288,0.465,0.059,0.275,0.457,0.539,0.654
CPRT,0.631,0.747,0.623,0.797,0.764,0.6,-0.466,0.119,0.833,0.155,0.116,0.395,-0.035,-0.48,-0.182,0.247,1.0,0.737,0.317,0.502,0.674,0.223,0.629,0.315,0.52,0.352,-0.563,0.685,-0.088,0.296,-0.216,0.362,0.338,0.599,0.602,0.66,0.579,0.28,0.211,0.019,0.338,0.376,0.544,0.822,0.607,0.067,0.555,0.42,0.734,0.506,-0.168,0.753,0.603,0.332,0.708,0.179,0.27,-0.542,0.191,0.712,-0.127,0.128,-0.18,0.468,0.251,-0.01,0.305,0.518,0.271,0.707,0.533,-0.152,-0.354,0.114,0.563,0.747,0.616,0.151,0.679,0.357,-0.086,0.663,0.437,0.557,0.729,-0.187,-0.111,0.552,0.47,0.432,0.23,0.416,0.66,0.644,0.335,0.579,-0.042,0.19,0.635,0.44
CRWD,0.695,0.868,0.625,0.847,0.705,0.542,-0.302,0.174,0.824,0.222,0.209,0.361,-0.169,-0.591,-0.08,0.241,0.737,1.0,0.523,0.553,0.756,0.224,0.624,0.3,0.715,0.342,-0.415,0.708,-0.128,0.399,-0.123,0.359,0.337,0.661,0.692,0.619,0.505,0.375,0.309,-0.012,0.392,0.259,0.484,0.845,0.614,0.027,0.538,0.571,0.683,0.616,-0.029,0.761,0.538,0.304,0.757,0.204,0.372,-0.434,0.206,0.774,-0.221,0.181,-0.283,0.516,0.409,-0.102,0.449,0.564,0.243,0.699,0.528,-0.266,-0.26,0.154,0.619,0.758,0.693,0.137,0.732,0.398,-0.056,0.671,0.577,0.503,0.654,-0.176,-0.002,0.488,0.503,0.445,0.143,0.338,0.67,0.577,0.482,0.624,-0.097,0.136,0.543,0.576
CSCO,0.422,0.375,0.544,0.346,0.266,0.055,0.352,0.214,0.373,0.518,0.506,-0.089,0.247,-0.137,0.511,0.709,0.317,0.523,1.0,0.663,0.252,0.599,0.313,0.447,0.556,0.031,0.01,0.221,0.036,0.453,0.38,0.574,0.568,0.318,0.518,0.429,0.154,0.003,-0.076,0.393,0.243,-0.242,0.054,0.382,0.673,-0.25,0.61,-0.042,0.462,0.126,0.502,0.576,-0.027,-0.252,0.31,0.538,-0.231,0.033,0.226,0.238,0.192,0.705,0.237,0.59,0.496,0.379,0.571,0.54,-0.203,0.311,0.038,0.403,0.411,0.531,0.654,0.238,0.336,0.007,0.283,0.699,0.479,0.153,0.658,0.631,0.161,-0.541,0.681,0.015,0.8,0.709,0.613,0.647,0.425,0.388,0.694,0.249,0.355,0.503,0.412,0.798
CSX,0.587,0.46,0.768,0.589,0.416,0.231,0.192,0.05,0.462,0.395,0.498,-0.051,0.243,-0.451,0.314,0.576,0.502,0.553,0.663,1.0,0.238,0.493,0.474,0.415,0.574,0.176,-0.143,0.278,-0.169,0.308,0.04,0.728,0.702,0.381,0.618,0.533,0.26,-0.154,-0.129,0.347,0.221,-0.14,0.13,0.622,0.505,-0.379,0.686,0.004,0.609,0.162,0.407,0.638,0.098,-0.275,0.354,0.334,-0.063,-0.04,0.018,0.311,0.048,0.619,0.214,0.401,0.334,0.365,0.49,0.47,-0.106,0.383,0.092,0.134,0.234,0.417,0.75,0.367,0.319,-0.217,0.321,0.734,0.272,0.214,0.625,0.571,0.198,-0.433,0.462,0.165,0.698,0.658,0.337,0.738,0.635,0.441,0.538,0.317,0.327,0.289,0.529,0.609
DKNG,0.661,0.853,0.545,0.683,0.769,0.623,-0.479,0.24,0.624,-0.039,-0.064,0.687,-0.279,-0.415,-0.183,0.07,0.674,0.756,0.252,0.238,1.0,0.101,0.613,0.349,0.663,0.317,-0.479,0.805,0.107,0.422,-0.078,0.139,0.134,0.731,0.667,0.713,0.595,0.656,0.561,-0.012,0.436,0.505,0.687,0.663,0.599,0.258,0.494,0.679,0.542,0.8,-0.224,0.619,0.691,0.546,0.767,0.302,0.405,-0.579,0.321,0.695,-0.169,-0.031,-0.402,0.56,0.506,-0.123,0.162,0.726,0.413,0.828,0.56,-0.29,-0.576,0.191,0.516,0.815,0.891,0.422,0.904,0.262,-0.105,0.862,0.323,0.323,0.645,-0.116,-0.151,0.601,0.251,0.179,0.141,0.231,0.566,0.574,0.319,0.693,-0.144,0.216,0.432,0.473
EBAY,0.249,0.144,0.394,0.131,0.078,-0.153,0.458,-0.053,0.142,0.531,0.436,-0.179,0.422,-0.15,0.575,0.652,0.223,0.224,0.599,0.493,0.101,1.0,0.106,0.305,0.211,-0.211,0.186,0.259,-0.106,0.066,0.407,0.601,0.628,0.281,0.17,0.262,-0.077,-0.105,-0.272,0.467,-0.067,-0.443,-0.158,0.166,0.631,-0.313,0.588,-0.36,0.348,-0.125,0.557,0.43,-0.2,-0.412,0.081,0.447,-0.48,0.029,-0.09,0.013,0.231,0.655,0.443,0.389,0.313,0.547,0.529,0.501,-0.197,0.132,-0.263,0.375,0.554,0.36,0.613,0.022,0.341,-0.162,0.081,0.53,0.508,-0.015,0.595,0.472,0.024,-0.579,0.517,-0.241,0.624,0.561,0.498,0.614,0.365,0.227,0.703,0.23,0.296,0.582,0.428,0.62
ERIC,0.782,0.597,0.728,0.697,0.666,0.687,-0.474,0.461,0.629,0.34,0.187,0.548,-0.157,-0.324,-0.139,0.255,0.629,0.624,0.313,0.474,0.613,0.106,1.0,0.509,0.727,0.511,-0.68,0.49,0.083,0.548,0.171,0.259,0.265,0.486,0.741,0.715,0.651,0.562,0.486,0.007,0.643,0.507,0.605,0.715,0.473,0.127,0.358,0.529,0.608,0.657,-0.206,0.576,0.655,0.34,0.697,0.284,0.415,-0.441,0.455,0.789,-0.108,0.175,-0.41,0.503,0.441,-0.126,-0.031,0.56,0.228,0.63,0.675,-0.135,-0.428,0.247,0.52,0.628,0.645,0.365,0.672,0.4,-0.037,0.606,0.243,0.499,0.544,-0.191,0.066,0.73,0.405,0.246,0.265,0.432,0.722,0.691,0.383,0.532,0.155,0.322,0.43,0.422
EXC,0.413,0.339,0.554,0.28,0.469,0.343,0.043,0.428,0.144,0.335,0.202,0.277,0.419,-0.107,0.395,0.391,0.315,0.3,0.447,0.415,0.349,0.305,0.509,1.0,0.571,0.373,-0.251,0.217,0.2,0.623,0.513,0.224,0.23,0.349,0.632,0.727,0.383,0.223,0.188,0.129,0.456,0.27,0.581,0.288,0.38,-0.02,0.443,0.209,0.357,0.36,0.142,0.249,0.255,-0.017,0.341,0.567,-0.037,-0.253,0.399,0.237,0.181,0.296,-0.055,0.502,0.67,0.202,0.204,0.677,-0.059,0.485,0.383,0.223,-0.074,0.602,0.676,0.421,0.38,0.257,0.524,0.58,0.529,0.431,0.352,0.528,0.287,-0.329,0.36,0.368,0.42,0.359,0.389,0.605,0.365,0.569,0.42,0.202,0.282,0.575,0.37,0.523
FITB,0.828,0.628,0.693,0.688,0.609,0.571,-0.219,0.486,0.507,0.225,0.263,0.545,0.037,-0.319,0.109,0.23,0.52,0.715,0.556,0.574,0.663,0.211,0.727,0.571,1.0,0.521,-0.476,0.532,0.134,0.759,0.306,0.223,0.219,0.499,0.889,0.728,0.596,0.542,0.486,0.084,0.672,0.387,0.571,0.694,0.55,0.043,0.442,0.568,0.489,0.739,-0.051,0.621,0.515,0.249,0.658,0.465,0.37,-0.344,0.529,0.554,-0.1,0.201,-0.345,0.562,0.595,-0.035,0.187,0.759,0.132,0.606,0.551,0.01,-0.228,0.396,0.642,0.647,0.742,0.306,0.707,0.589,0.106,0.594,0.356,0.54,0.497,-0.173,0.267,0.622,0.445,0.434,0.326,0.514,0.645,0.733,0.491,0.589,0.146,0.497,0.312,0.53
FLEX,0.426,0.357,0.379,0.44,0.344,0.627,-0.422,0.273,0.317,0.075,0.104,0.449,0.157,-0.066,-0.302,-0.073,0.352,0.342,0.031,0.176,0.317,-0.211,0.511,0.373,0.521,1.0,-0.37,0.203,0.229,0.48,0.07,-0.08,-0.072,0.148,0.553,0.412,0.621,0.314,0.458,-0.318,0.726,0.642,0.397,0.429,-0.008,0.039,0.039,0.413,0.354,0.412,-0.247,0.268,0.487,0.285,0.401,0.084,0.151,-0.611,0.376,0.359,-0.219,-0.056,-0.413,0.056,0.005,-0.195,-0.033,0.269,0.133,0.269,0.397,-0.117,-0.373,0.005,0.239,0.396,0.288,0.117,0.35,0.287,-0.151,0.302,0.096,0.15,0.24,0.185,-0.046,0.667,0.163,0.093,-0.055,0.234,0.363,0.594,0.044,0.378,-0.028,0.101,0.154,0.102
FTNT,-0.472,-0.391,-0.375,-0.504,-0.608,-0.637,0.655,-0.325,-0.522,0.139,0.202,-0.604,0.247,0.242,0.302,0.105,-0.563,-0.415,0.01,-0.143,-0.479,0.186,-0.68,-0.251,-0.476,-0.37,1.0,-0.454,0.029,-0.389,0.092,0.041,0.058,-0.41,-0.539,-0.559,-0.622,-0.509,-0.539,0.131,-0.464,-0.643,-0.662,-0.526,-0.289,-0.354,-0.059,-0.609,-0.37,-0.647,0.513,-0.375,-0.695,-0.614,-0.608,-0.033,-0.628,0.403,-0.415,-0.656,0.143,0.23,0.489,-0.369,-0.145,0.338,0.447,-0.344,-0.419,-0.613,-0.769,0.304,0.566,0.023,-0.197,-0.608,-0.452,-0.472,-0.563,-0.03,0.256,-0.6,0.115,-0.199,-0.606,-0.176,0.274,-0.661,-0.057,0.032,-0.033,-0.092,-0.338,-0.51,-0.078,-0.384,0.029,-0.157,-0.263,-0.046
GEN,0.565,0.801,0.522,0.687,0.673,0.529,-0.503,0.059,0.687,0.012,-0.115,0.536,-0.23,-0.56,-0.182,0.036,0.685,0.708,0.221,0.278,0.805,0.259,0.49,0.217,0.532,0.203,-0.454,1.0,-0.068,0.168,-0.163,0.212,0.225,0.748,0.479,0.541,0.521,0.503,0.357,-0.068,0.174,0.319,0.485,0.642,0.603,0.061,0.455,0.477,0.533,0.587,-0.255,0.631,0.624,0.422,0.656,0.179,0.295,-0.617,0.198,0.628,-0.222,-0.04,-0.291,0.448,0.272,-0.154,0.204,0.578,0.299,0.712,0.48,-0.298,-0.445,-0.012,0.456,0.696,0.781,0.17,0.692,0.175,-0.157,0.677,0.287,0.25,0.558,-0.256,-0.221,0.412,0.241,0.184,0.109,0.273,0.532,0.404,0.509,0.715,-0.303,0.156,0.446,0.423
GERN,0.027,-0.069,-0.007,-0.148,-0.027,0.145,-0.051,0.36,-0.239,-0.009,-0.034,0.224,-0.02,0.366,0.036,0.025,-0.088,-0.128,0.036,-0.169,0.107,-0.106,0.083,0.2,0.134,0.229,0.029,-0.068,1.0,0.323,0.372,-0.177,-0.178,-0.114,0.105,0.112,0.106,0.254,0.154,-0.081,0.295,0.187,0.09,-0.161,0.041,0.035,-0.171,0.071,-0.105,0.056,0.041,-0.199,0.085,0.034,-0.042,0.334,-0.047,-0.109,0.446,-0.165,-0.109,-0.004,-0.304,0.169,0.139,-0.113,-0.14,0.11,-0.239,0.119,0.085,0.367,-0.183,0.367,0.035,0.022,0.031,0.259,0.107,0.16,0.151,0.018,-0.176,0.218,0.045,-0.11,0.143,0.228,-0.053,-0.036,0.366,0.04,-0.028,0.242,-0.043,-0.145,0.123,0.284,-0.245,0.127
GEVO,0.514,0.313,0.387,0.363,0.42,0.382,-0.079,0.517,0.22,0.228,0.279,0.522,0.209,0.083,0.291,0.172,0.296,0.399,0.453,0.308,0.422,0.066,0.548,0.623,0.759,0.48,-0.389,0.168,0.323,1.0,0.544,-0.046,-0.064,0.286,0.756,0.622,0.392,0.496,0.554,0.024,0.717,0.402,0.578,0.388,0.397,0.257,0.223,0.522,0.198,0.584,-0.02,0.311,0.318,0.232,0.411,0.597,0.187,-0.257,0.63,0.315,0.005,0.033,-0.304,0.509,0.596,-0.03,0.062,0.615,0.017,0.465,0.467,0.204,-0.133,0.572,0.501,0.456,0.436,0.492,0.568,0.508,0.342,0.456,0.196,0.487,0.39,-0.032,0.314,0.556,0.256,0.339,0.34,0.354,0.4,0.62,0.229,0.231,0.356,0.575,0.103,0.416
GILD,0.091,-0.179,0.106,-0.153,-0.09,-0.063,0.399,0.509,-0.252,0.425,0.298,0.062,0.473,0.346,0.635,0.314,-0.216,-0.123,0.38,0.04,-0.078,0.407,0.171,0.513,0.306,0.07,0.092,-0.163,0.372,0.544,1.0,-0.045,-0.01,-0.037,0.2,0.215,-0.01,0.264,0.109,0.143,0.264,-0.073,0.094,-0.127,0.251,-0.041,0.059,-0.044,-0.135,0.101,0.305,-0.061,-0.191,-0.256,-0.051,0.537,-0.249,0.077,0.488,-0.153,0.191,0.222,0.008,0.296,0.544,0.155,0.037,0.393,-0.4,0.001,0.032,0.521,0.292,0.609,0.274,-0.057,0.109,0.225,0.067,0.353,0.616,-0.042,0.078,0.377,-0.026,-0.338,0.494,0.021,0.149,0.202,0.489,0.342,0.062,0.258,0.336,-0.092,0.383,0.798,-0.134,0.332
GOOG,0.34,0.335,0.685,0.383,0.233,0.139,0.234,-0.116,0.377,0.362,0.366,-0.207,0.208,-0.38,0.252,0.739,0.362,0.359,0.574,0.728,0.139,0.601,0.259,0.224,0.223,-0.08,0.041,0.212,-0.177,-0.046,-0.045,1.0,0.989,0.27,0.344,0.33,0.137,-0.281,-0.27,0.424,-0.062,-0.28,-0.122,0.356,0.474,-0.311,0.722,-0.279,0.697,-0.122,0.443,0.534,0.065,-0.32,0.181,0.212,-0.274,0.071,-0.255,0.193,0.185,0.763,0.411,0.288,0.188,0.48,0.507,0.316,-0.059,0.295,-0.212,0.153,0.308,0.266,0.656,0.151,0.21,-0.196,0.109,0.653,0.293,0.051,0.572,0.414,0.058,-0.512,0.442,-0.022,0.778,0.487,0.38,0.757,0.395,0.237,0.481,0.234,0.228,0.222,0.555,0.684
GOOGL,0.332,0.322,0.69,0.365,0.201,0.119,0.234,-0.116,0.363,0.377,0.362,-0.188,0.235,-0.368,0.269,0.755,0.338,0.337,0.568,0.702,0.134,0.628,0.265,0.23,0.219,-0.072,0.058,0.225,-0.178,-0.064,-0.01,0.989,1.0,0.262,0.317,0.313,0.128,-0.251,-0.262,0.421,-0.06,-0.292,-0.149,0.334,0.478,-0.296,0.707,-0.298,0.701,-0.126,0.43,0.516,0.065,-0.309,0.169,0.222,-0.294,0.065,-0.252,0.184,0.167,0.791,0.4,0.29,0.187,0.474,0.504,0.323,-0.071,0.269,-0.233,0.158,0.328,0.259,0.631,0.128,0.225,-0.179,0.092,0.635,0.32,0.023,0.554,0.401,0.049,-0.525,0.458,-0.034,0.781,0.473,0.388,0.77,0.389,0.249,0.515,0.248,0.215,0.252,0.545,0.692
GT,0.49,0.689,0.476,0.559,0.644,0.389,-0.24,0.043,0.548,0.123,0.11,0.415,-0.07,-0.392,0.011,0.133,0.599,0.661,0.318,0.381,0.731,0.281,0.486,0.349,0.499,0.148,-0.41,0.748,-0.114,0.286,-0.037,0.27,0.262,1.0,0.499,0.663,0.38,0.38,0.354,0.221,0.278,0.258,0.532,0.564,0.649,-0.009,0.618,0.394,0.432,0.505,-0.017,0.542,0.44,0.233,0.536,0.332,0.169,-0.417,0.063,0.517,0.128,0.087,-0.016,0.621,0.413,0.149,0.191,0.598,0.433,0.663,0.369,-0.126,-0.289,0.134,0.532,0.625,0.715,0.146,0.658,0.269,0.019,0.673,0.388,0.327,0.525,-0.15,-0.046,0.301,0.335,0.339,0.178,0.33,0.496,0.421,0.541,0.651,0.029,0.218,0.473,0.505
HBAN,0.795,0.655,0.773,0.694,0.662,0.603,-0.206,0.447,0.519,0.219,0.258,0.553,0.102,-0.323,0.098,0.259,0.602,0.692,0.518,0.618,0.667,0.17,0.741,0.632,0.889,0.553,-0.539,0.479,0.105,0.756,0.2,0.344,0.317,0.499,1.0,0.791,0.624,0.444,0.47,0.107,0.659,0.439,0.637,0.699,0.552,0.1,0.565,0.557,0.578,0.69,0.021,0.651,0.563,0.281,0.643,0.448,0.273,-0.42,0.462,0.575,-0.059,0.261,-0.261,0.606,0.547,0.039,0.167,0.758,0.195,0.736,0.53,-0.01,-0.28,0.493,0.756,0.725,0.669,0.353,0.786,0.702,0.158,0.67,0.454,0.538,0.486,-0.134,0.286,0.676,0.485,0.451,0.3,0.589,0.68,0.728,0.389,0.539,0.251,0.444,0.408,0.587
HST,0.672,0.674,0.716,0.651,0.801,0.65,-0.268,0.352,0.524,0.181,0.154,0.534,0.1,-0.267,0.13,0.391,0.66,0.619,0.429,0.533,0.713,0.262,0.715,0.727,0.728,0.412,-0.559,0.541,0.112,0.622,0.215,0.33,0.313,0.663,0.791,1.0,0.633,0.491,0.411,0.11,0.527,0.491,0.78,0.684,0.593,0.154,0.581,0.518,0.635,0.675,-0.044,0.599,0.598,0.314,0.728,0.464,0.289,-0.399,0.399,0.591,0.069,0.193,-0.205,0.611,0.635,0.072,0.146,0.8,0.247,0.814,0.613,-0.089,-0.345,0.477,0.78,0.771,0.68,0.404,0.805,0.516,0.268,0.77,0.401,0.506,0.545,-0.178,0.129,0.639,0.469,0.391,0.296,0.564,0.572,0.684,0.401,0.522,0.176,0.509,0.577,0.547
INTC,0.539,0.618,0.593,0.569,0.711,0.927,-0.594,0.374,0.527,-0.092,-0.23,0.584,-0.062,-0.296,-0.244,0.15,0.579,0.505,0.154,0.26,0.595,-0.077,0.651,0.383,0.596,0.621,-0.622,0.521,0.106,0.392,-0.01,0.137,0.128,0.38,0.624,0.633,1.0,0.508,0.524,-0.303,0.489,0.741,0.606,0.582,0.263,0.205,0.182,0.568,0.618,0.633,-0.443,0.521,0.74,0.551,0.704,0.03,0.417,-0.609,0.468,0.57,-0.282,-0.068,-0.56,0.315,0.272,-0.346,-0.121,0.487,0.148,0.654,0.622,-0.31,-0.564,0.089,0.381,0.71,0.533,0.367,0.634,0.2,-0.107,0.638,0.04,0.289,0.515,-0.095,-0.172,0.716,0.24,0.025,0.09,0.277,0.378,0.619,0.16,0.534,-0.251,0.243,0.371,0.187
IOVA,0.513,0.423,0.234,0.374,0.471,0.528,-0.517,0.479,0.306,0.02,-0.113,0.782,-0.334,0.035,-0.21,-0.16,0.28,0.375,0.003,-0.154,0.656,-0.105,0.562,0.223,0.542,0.314,-0.509,0.503,0.254,0.496,0.264,-0.281,-0.251,0.38,0.444,0.491,0.508,1.0,0.749,-0.233,0.514,0.6,0.618,0.38,0.315,0.563,-0.021,0.722,0.147,0.775,-0.431,0.257,0.633,0.683,0.553,0.159,0.524,-0.382,0.589,0.522,-0.204,-0.298,-0.616,0.442,0.361,-0.437,-0.274,0.449,0.343,0.525,0.636,-0.225,-0.576,0.17,0.165,0.545,0.636,0.717,0.639,-0.012,-0.078,0.609,-0.084,0.118,0.414,0.167,-0.156,0.664,-0.119,-0.069,0.088,-0.069,0.339,0.373,0.171,0.47,-0.086,0.302,0.028,0.084
IQ,0.443,0.34,0.165,0.288,0.374,0.548,-0.489,0.363,0.232,-0.128,-0.03,0.872,-0.22,0.087,-0.247,-0.212,0.211,0.309,-0.076,-0.129,0.561,-0.272,0.486,0.188,0.486,0.458,-0.539,0.357,0.154,0.554,0.109,-0.27,-0.262,0.354,0.47,0.411,0.524,0.749,1.0,-0.104,0.676,0.668,0.578,0.287,0.179,0.522,-0.025,0.667,0.118,0.68,-0.442,0.158,0.535,0.615,0.393,0.234,0.439,-0.439,0.399,0.452,-0.117,-0.352,-0.498,0.369,0.258,-0.263,-0.289,0.385,0.542,0.412,0.514,-0.237,-0.585,0.091,0.102,0.443,0.485,0.591,0.556,-0.015,-0.11,0.546,-0.165,0.043,0.356,0.39,-0.134,0.619,-0.118,-0.116,-0.035,-0.095,0.267,0.418,-0.008,0.371,-0.046,0.158,0.044,0.051
JBLU,0.189,-0.124,0.175,-0.107,-0.056,-0.369,0.499,-0.122,-0.121,0.298,0.48,-0.136,0.208,0.122,0.368,0.335,0.019,-0.012,0.393,0.347,-0.012,0.467,0.007,0.129,0.084,-0.318,0.131,-0.068,-0.081,0.024,0.143,0.424,0.421,0.221,0.107,0.11,-0.303,-0.233,-0.104,1.0,0.055,-0.449,-0.118,-0.066,0.457,-0.299,0.53,-0.419,0.024,-0.172,0.551,0.139,-0.405,-0.46,-0.194,0.411,-0.375,0.287,-0.147,-0.064,0.454,0.562,0.654,0.434,0.231,0.84,0.175,0.279,0.259,-0.06,-0.321,0.472,0.388,0.253,0.307,-0.169,0.142,-0.158,-0.031,0.416,0.273,-0.057,0.353,0.255,-0.129,-0.176,0.497,-0.39,0.381,0.453,0.447,0.391,0.171,0.057,0.421,0.05,0.551,0.253,0.275,0.403
JD,0.609,0.274,0.382,0.355,0.324,0.489,-0.309,0.413,0.228,0.271,0.412,0.623,0.013,0.11,-0.149,0.039,0.338,0.392,0.243,0.221,0.436,-0.067,0.643,0.456,0.672,0.726,-0.464,0.174,0.295,0.717,0.264,-0.062,-0.06,0.278,0.659,0.527,0.489,0.514,0.676,0.055,1.0,0.488,0.452,0.403,0.262,0.198,0.103,0.388,0.25,0.491,-0.121,0.26,0.38,0.269,0.347,0.415,0.16,-0.406,0.439,0.424,-0.025,0.076,-0.349,0.434,0.234,0.001,-0.044,0.445,0.339,0.3,0.453,0.101,-0.32,0.238,0.321,0.332,0.453,0.369,0.446,0.405,-0.048,0.343,0.146,0.395,0.306,0.232,0.229,0.632,0.282,0.329,0.196,0.216,0.518,0.703,0.218,0.369,0.37,0.279,0.14,0.253
KDP,0.298,0.413,0.217,0.35,0.509,0.794,-0.699,0.338,0.313,-0.323,-0.421,0.666,-0.194,-0.041,-0.414,-0.195,0.376,0.259,-0.242,-0.14,0.505,-0.443,0.507,0.27,0.387,0.642,-0.643,0.319,0.187,0.402,-0.073,-0.28,-0.292,0.258,0.439,0.491,0.741,0.6,0.668,-0.449,0.488,1.0,0.697,0.34,-0.037,0.424,-0.129,0.726,0.273,0.665,-0.64,0.131,0.766,0.707,0.534,-0.102,0.57,-0.541,0.415,0.423,-0.122,-0.453,-0.611,0.099,0.155,-0.51,-0.412,0.26,0.327,0.506,0.623,-0.4,-0.759,-0.026,0.063,0.558,0.369,0.496,0.544,-0.092,-0.236,0.618,-0.28,-0.023,0.435,0.292,-0.441,0.788,-0.14,-0.293,-0.149,-0.093,0.098,0.423,-0.216,0.349,-0.328,0.033,0.136,-0.147
KHC,0.462,0.558,0.421,0.525,0.831,0.622,-0.515,0.423,0.428,-0.106,-0.188,0.658,-0.086,-0.163,-0.136,-0.097,0.544,0.484,0.054,0.13,0.687,-0.158,0.605,0.581,0.571,0.397,-0.662,0.485,0.09,0.578,0.094,-0.122,-0.149,0.532,0.637,0.78,0.606,0.618,0.578,-0.118,0.452,0.697,1.0,0.529,0.343,0.361,0.255,0.78,0.321,0.798,-0.409,0.356,0.677,0.586,0.694,0.172,0.521,-0.519,0.521,0.586,-0.099,-0.312,-0.473,0.431,0.51,-0.227,-0.17,0.572,0.366,0.76,0.81,-0.262,-0.628,0.258,0.42,0.788,0.564,0.532,0.81,0.138,0.028,0.85,0.08,0.248,0.612,0.068,-0.275,0.679,-0.018,0.016,0.069,0.156,0.326,0.51,0.051,0.449,-0.08,0.265,0.355,0.17
LRCX,0.777,0.803,0.715,0.967,0.75,0.622,-0.41,0.215,0.859,0.232,0.269,0.423,-0.116,-0.505,-0.16,0.222,0.822,0.845,0.382,0.622,0.663,0.166,0.715,0.288,0.694,0.429,-0.526,0.642,-0.161,0.388,-0.127,0.356,0.334,0.564,0.699,0.684,0.582,0.38,0.287,-0.066,0.403,0.34,0.529,1.0,0.544,0.1,0.515,0.567,0.711,0.624,-0.134,0.834,0.616,0.337,0.843,0.178,0.44,-0.419,0.3,0.788,-0.225,0.16,-0.291,0.402,0.315,-0.132,0.324,0.528,0.248,0.678,0.613,-0.256,-0.298,0.157,0.601,0.782,0.612,0.188,0.694,0.405,-0.07,0.645,0.521,0.46,0.6,-0.134,-0.009,0.639,0.416,0.49,0.13,0.428,0.743,0.628,0.351,0.567,-0.051,0.158,0.557,0.431
LYFT,0.563,0.551,0.56,0.505,0.514,0.201,0.035,0.136,0.526,0.346,0.315,0.275,0.115,-0.205,0.326,0.47,0.607,0.614,0.673,0.505,0.599,0.631,0.473,0.38,0.55,-0.008,-0.289,0.603,0.041,0.397,0.251,0.474,0.478,0.649,0.552,0.593,0.263,0.315,0.179,0.457,0.262,-0.037,0.343,0.544,1.0,0.009,0.706,0.193,0.502,0.362,0.228,0.712,0.257,0.079,0.536,0.555,-0.045,-0.233,0.283,0.466,0.099,0.448,0.085,0.741,0.478,0.346,0.357,0.706,0.144,0.625,0.232,0.266,0.095,0.433,0.708,0.53,0.661,0.259,0.6,0.555,0.353,0.536,0.595,0.604,0.45,-0.466,0.299,0.18,0.608,0.583,0.601,0.57,0.567,0.554,0.72,0.527,0.247,0.541,0.501,0.733
MARA,0.072,0.066,-0.116,0.09,0.175,0.188,-0.436,0.09,0.121,-0.195,-0.236,0.532,-0.268,0.291,-0.203,-0.22,0.067,0.027,-0.25,-0.379,0.258,-0.313,0.127,-0.02,0.043,0.039,-0.354,0.061,0.035,0.257,-0.041,-0.311,-0.296,-0.009,0.1,0.154,0.205,0.563,0.522,-0.299,0.198,0.424,0.361,0.1,0.009,1.0,-0.22,0.485,-0.036,0.359,-0.503,0.064,0.427,0.801,0.317,-0.003,0.456,-0.011,0.311,0.274,-0.16,-0.364,-0.429,0.121,0.03,-0.451,-0.303,0.05,0.381,0.27,0.365,-0.248,-0.319,0.01,-0.132,0.251,0.099,0.89,0.284,-0.238,-0.02,0.302,-0.219,-0.169,0.254,0.432,-0.203,0.408,-0.287,-0.195,-0.102,-0.249,-0.073,0.086,-0.302,-0.026,-0.077,-0.009,-0.127,-0.164
MCHP,0.509,0.534,0.698,0.53,0.491,0.132,0.219,-0.026,0.467,0.328,0.416,0.091,0.291,-0.356,0.333,0.498,0.555,0.538,0.61,0.686,0.494,0.588,0.358,0.443,0.442,0.039,-0.059,0.455,-0.171,0.223,0.059,0.722,0.707,0.618,0.565,0.581,0.182,-0.021,-0.025,0.53,0.103,-0.129,0.255,0.515,0.706,-0.22,1.0,0.009,0.575,0.226,0.454,0.693,0.14,-0.163,0.387,0.502,-0.215,-0.174,-0.072,0.338,0.256,0.589,0.423,0.544,0.467,0.598,0.576,0.686,0.182,0.538,-0.006,0.139,0.133,0.409,0.796,0.458,0.552,-0.061,0.5,0.688,0.361,0.437,0.718,0.517,0.309,-0.432,0.403,0.088,0.644,0.602,0.368,0.792,0.559,0.388,0.605,0.473,0.259,0.384,0.596,0.811
MDLZ,0.436,0.622,0.255,0.587,0.656,0.637,-0.576,0.398,0.509,-0.24,-0.309,0.678,-0.309,-0.259,-0.288,-0.271,0.42,0.571,-0.042,0.004,0.679,-0.36,0.529,0.209,0.568,0.413,-0.609,0.477,0.071,0.522,-0.044,-0.279,-0.298,0.394,0.557,0.518,0.568,0.722,0.667,-0.419,0.388,0.726,0.78,0.567,0.193,0.485,0.009,1.0,0.244,0.887,-0.525,0.329,0.733,0.747,0.707,-0.049,0.756,-0.445,0.508,0.602,-0.33,-0.477,-0.719,0.265,0.359,-0.58,-0.22,0.359,0.313,0.668,0.76,-0.441,-0.659,0.097,0.201,0.791,0.511,0.554,0.761,-0.046,-0.151,0.789,-0.026,0.049,0.582,0.231,-0.408,0.744,-0.176,-0.183,-0.118,-0.126,0.264,0.403,-0.107,0.417,-0.357,0.05,0.093,0.02
META,0.597,0.733,0.779,0.718,0.636,0.668,-0.291,0.113,0.746,0.215,0.128,0.237,0.051,-0.521,-0.058,0.62,0.734,0.683,0.462,0.609,0.542,0.348,0.608,0.357,0.489,0.354,-0.37,0.533,-0.105,0.198,-0.135,0.697,0.701,0.432,0.578,0.635,0.618,0.147,0.118,0.024,0.25,0.273,0.321,0.711,0.502,-0.036,0.575,0.244,1.0,0.35,-0.039,0.708,0.56,0.17,0.671,0.149,0.146,-0.39,0.077,0.643,-0.147,0.446,-0.095,0.352,0.302,0.054,0.388,0.491,0.082,0.634,0.31,-0.208,-0.172,0.173,0.663,0.605,0.496,0.093,0.531,0.456,0.105,0.486,0.502,0.471,0.476,-0.346,0.099,0.484,0.723,0.385,0.238,0.593,0.59,0.591,0.37,0.523,-0.066,0.223,0.752,0.593
MNST,0.61,0.67,0.451,0.644,0.716,0.661,-0.47,0.418,0.532,-0.105,-0.161,0.721,-0.234,-0.329,-0.154,-0.103,0.506,0.616,0.126,0.162,0.8,-0.125,0.657,0.36,0.739,0.412,-0.647,0.587,0.056,0.584,0.101,-0.122,-0.126,0.505,0.69,0.675,0.633,0.775,0.68,-0.172,0.491,0.665,0.798,0.624,0.362,0.359,0.226,0.887,0.35,1.0,-0.349,0.462,0.689,0.636,0.738,0.16,0.66,-0.456,0.534,0.656,-0.225,-0.253,-0.6,0.409,0.525,-0.338,-0.148,0.642,0.353,0.73,0.739,-0.338,-0.624,0.236,0.377,0.828,0.748,0.509,0.854,0.159,-0.087,0.846,0.101,0.193,0.615,0.077,-0.231,0.703,0.003,-0.032,0.041,0.101,0.403,0.528,0.125,0.592,-0.206,0.282,0.239,0.232
MRNA,-0.039,-0.141,0.106,-0.151,-0.316,-0.477,0.861,-0.151,-0.203,0.499,0.593,-0.498,0.387,0.033,0.621,0.469,-0.168,-0.029,0.502,0.407,-0.224,0.557,-0.206,0.142,-0.051,-0.247,0.513,-0.255,0.041,-0.02,0.305,0.443,0.43,-0.017,0.021,-0.044,-0.443,-0.431,-0.442,0.551,-0.121,-0.64,-0.409,-0.134,0.228,-0.503,0.454,-0.525,-0.039,-0.349,1.0,0.055,-0.608,-0.711,-0.356,0.382,-0.641,0.328,-0.253,-0.31,0.375,0.684,0.639,0.18,0.154,0.697,0.515,0.17,-0.223,-0.207,-0.53,0.516,0.635,0.481,0.391,-0.256,-0.099,-0.421,-0.181,0.567,0.453,-0.315,0.615,0.26,-0.339,-0.319,0.665,-0.478,0.436,0.472,0.327,0.389,0.111,-0.123,0.391,-0.185,0.457,0.224,0.096,0.491
MRVL,0.725,0.731,0.706,0.801,0.679,0.441,-0.219,0.046,0.817,0.329,0.282,0.27,0.001,-0.444,0.026,0.387,0.753,0.761,0.576,0.638,0.619,0.43,0.576,0.249,0.621,0.268,-0.375,0.631,-0.199,0.311,-0.061,0.534,0.516,0.542,0.651,0.599,0.521,0.257,0.158,0.139,0.26,0.131,0.356,0.834,0.712,0.064,0.693,0.329,0.708,0.462,0.055,1.0,0.458,0.257,0.786,0.311,0.153,-0.391,0.23,0.713,-0.079,0.368,-0.044,0.459,0.297,0.096,0.431,0.623,0.176,0.621,0.371,-0.1,-0.03,0.154,0.663,0.655,0.658,0.175,0.602,0.487,0.045,0.552,0.652,0.49,0.502,-0.352,0.191,0.377,0.589,0.55,0.287,0.582,0.724,0.525,0.547,0.633,0.036,0.276,0.622,0.621
MSFT,0.506,0.673,0.521,0.666,0.693,0.792,-0.779,0.27,0.616,-0.192,-0.334,0.67,-0.306,-0.328,-0.443,-0.032,0.603,0.538,-0.027,0.098,0.691,-0.2,0.655,0.255,0.515,0.487,-0.695,0.624,0.085,0.318,-0.191,0.065,0.065,0.44,0.563,0.598,0.74,0.633,0.535,-0.405,0.38,0.766,0.677,0.616,0.257,0.427,0.14,0.733,0.56,0.689,-0.608,0.458,1.0,0.754,0.745,-0.053,0.631,-0.546,0.32,0.647,-0.282,-0.23,-0.635,0.233,0.177,-0.52,-0.164,0.369,0.355,0.719,0.671,-0.473,-0.689,-0.061,0.265,0.723,0.569,0.534,0.671,0.06,-0.255,0.693,-0.04,0.103,0.578,0.1,-0.361,0.862,0.095,-0.111,-0.067,0.157,0.361,0.495,0.024,0.528,-0.339,0.08,0.297,0.142
MSTR,0.22,0.386,0.104,0.351,0.477,0.516,-0.739,0.125,0.377,-0.368,-0.484,0.687,-0.431,-0.035,-0.463,-0.334,0.332,0.304,-0.252,-0.275,0.546,-0.412,0.34,-0.017,0.249,0.285,-0.614,0.422,0.034,0.232,-0.256,-0.32,-0.309,0.233,0.281,0.314,0.551,0.683,0.615,-0.46,0.269,0.707,0.586,0.337,0.079,0.801,-0.163,0.747,0.17,0.636,-0.711,0.257,0.754,1.0,0.587,-0.162,0.657,-0.393,0.352,0.504,-0.328,-0.487,-0.674,0.128,0.016,-0.652,-0.382,0.17,0.451,0.53,0.609,-0.525,-0.65,-0.165,-0.078,0.567,0.372,0.76,0.533,-0.289,-0.319,0.591,-0.232,-0.153,0.491,0.356,-0.483,0.621,-0.271,-0.302,-0.225,-0.245,0.047,0.239,-0.204,0.326,-0.403,-0.098,0.019,-0.15
MU,0.674,0.797,0.606,0.82,0.844,0.709,-0.554,0.287,0.798,0.044,-0.061,0.518,-0.19,-0.38,-0.173,0.194,0.708,0.757,0.31,0.354,0.767,0.081,0.697,0.341,0.658,0.401,-0.608,0.656,-0.042,0.411,-0.051,0.181,0.169,0.536,0.643,0.728,0.704,0.553,0.393,-0.194,0.347,0.534,0.694,0.843,0.536,0.317,0.387,0.707,0.671,0.738,-0.356,0.786,0.745,0.587,1.0,0.162,0.555,-0.484,0.491,0.82,-0.261,-0.004,-0.459,0.382,0.409,-0.283,0.111,0.595,0.217,0.78,0.727,-0.35,-0.408,0.116,0.501,0.831,0.677,0.456,0.776,0.203,-0.04,0.776,0.336,0.339,0.649,-0.178,-0.158,0.683,0.305,0.236,0.132,0.314,0.563,0.609,0.266,0.607,-0.213,0.221,0.551,0.364
MVIS,0.415,0.152,0.344,0.159,0.129,-0.017,0.272,0.234,0.057,0.371,0.522,0.286,0.355,0.112,0.557,0.416,0.179,0.204,0.538,0.334,0.302,0.447,0.284,0.567,0.465,0.084,-0.033,0.179,0.334,0.597,0.537,0.212,0.222,0.332,0.448,0.464,0.03,0.159,0.234,0.411,0.415,-0.102,0.172,0.178,0.555,-0.003,0.502,-0.049,0.149,0.16,0.382,0.311,-0.053,-0.162,0.162,1.0,-0.244,-0.042,0.243,0.095,0.28,0.424,0.212,0.531,0.56,0.435,0.394,0.674,-0.01,0.255,0.047,0.438,0.218,0.587,0.548,0.146,0.395,0.222,0.336,0.546,0.544,0.187,0.374,0.605,0.224,-0.305,0.637,0.075,0.435,0.561,0.49,0.568,0.414,0.473,0.504,0.143,0.483,0.61,0.183,0.67
NFLX,0.339,0.378,0.088,0.45,0.451,0.521,-0.629,0.27,0.398,-0.392,-0.411,0.475,-0.524,-0.291,-0.412,-0.31,0.27,0.372,-0.231,-0.063,0.405,-0.48,0.415,-0.037,0.37,0.151,-0.628,0.295,-0.047,0.187,-0.249,-0.274,-0.294,0.169,0.273,0.289,0.417,0.524,0.439,-0.375,0.16,0.57,0.521,0.44,-0.045,0.456,-0.215,0.756,0.146,0.66,-0.641,0.153,0.631,0.657,0.555,-0.244,1.0,-0.03,0.31,0.524,-0.308,-0.492,-0.656,0.049,0.178,-0.651,-0.405,0.061,0.312,0.415,0.686,-0.543,-0.611,-0.159,-0.097,0.519,0.284,0.451,0.449,-0.303,-0.364,0.518,-0.318,-0.098,0.473,0.325,-0.471,0.589,-0.289,-0.325,-0.235,-0.279,0.094,0.204,-0.262,0.195,-0.366,-0.129,-0.022,-0.247
NNDM,-0.344,-0.552,-0.358,-0.442,-0.559,-0.585,0.538,-0.196,-0.453,-0.036,0.138,-0.547,0.002,0.266,0.35,0.141,-0.542,-0.434,0.033,-0.04,-0.579,0.029,-0.441,-0.253,-0.344,-0.611,0.403,-0.617,-0.109,-0.257,0.077,0.071,0.065,-0.417,-0.42,-0.399,-0.609,-0.382,-0.439,0.287,-0.406,-0.541,-0.519,-0.419,-0.233,-0.011,-0.174,-0.445,-0.39,-0.456,0.328,-0.391,-0.546,-0.393,-0.484,-0.042,-0.03,1.0,-0.279,-0.491,0.273,0.224,0.402,-0.194,-0.06,0.208,-0.04,-0.384,-0.189,-0.489,-0.477,0.263,0.547,0.113,-0.247,-0.556,-0.52,-0.087,-0.543,-0.072,0.251,-0.534,-0.166,-0.171,-0.442,0.073,0.307,-0.479,-0.086,-0.004,0.059,-0.124,-0.429,-0.439,-0.19,-0.574,0.282,-0.061,-0.37,-0.178
NVAX,0.391,0.226,0.233,0.267,0.411,0.419,-0.291,0.622,0.194,0.122,-0.035,0.443,-0.007,0.204,0.051,-0.012,0.191,0.206,0.226,0.018,0.321,-0.09,0.455,0.399,0.529,0.376,-0.415,0.198,0.446,0.63,0.488,-0.255,-0.252,0.063,0.462,0.399,0.468,0.589,0.399,-0.147,0.439,0.415,0.521,0.3,0.283,0.311,-0.072,0.508,0.077,0.534,-0.253,0.23,0.32,0.352,0.491,0.243,0.31,-0.279,1.0,0.312,-0.264,-0.103,-0.52,0.41,0.383,-0.276,-0.248,0.381,-0.157,0.398,0.603,0.264,-0.253,0.405,0.202,0.425,0.284,0.564,0.453,0.243,0.183,0.388,-0.034,0.272,0.273,-0.163,0.07,0.484,-0.018,0.106,0.479,0.127,0.218,0.462,0.112,0.157,0.081,0.435,-0.006,0.123
NVDA,0.709,0.748,0.524,0.768,0.747,0.621,-0.588,0.225,0.852,0.227,0.067,0.5,-0.362,-0.458,-0.33,0.111,0.712,0.774,0.238,0.311,0.695,0.013,0.789,0.237,0.554,0.359,-0.656,0.628,-0.165,0.315,-0.153,0.193,0.184,0.517,0.575,0.591,0.57,0.522,0.452,-0.064,0.424,0.423,0.586,0.788,0.466,0.274,0.338,0.602,0.643,0.656,-0.31,0.713,0.647,0.504,0.82,0.095,0.524,-0.491,0.312,1.0,-0.229,-0.003,-0.4,0.416,0.304,-0.228,0.088,0.429,0.41,0.648,0.74,-0.414,-0.477,-0.037,0.392,0.703,0.618,0.35,0.688,0.123,-0.233,0.681,0.336,0.327,0.627,-0.059,-0.155,0.592,0.314,0.18,0.045,0.189,0.684,0.475,0.291,0.572,-0.068,0.038,0.565,0.355
NWL,-0.074,-0.236,-0.088,-0.265,-0.23,-0.274,0.369,-0.069,-0.212,0.251,0.252,-0.206,0.184,0.266,0.256,0.273,-0.127,-0.221,0.192,0.048,-0.169,0.231,-0.108,0.181,-0.1,-0.219,0.143,-0.222,-0.109,0.005,0.191,0.185,0.167,0.128,-0.059,0.069,-0.282,-0.204,-0.117,0.454,-0.025,-0.122,-0.099,-0.225,0.099,-0.16,0.256,-0.33,-0.147,-0.225,0.375,-0.079,-0.282,-0.328,-0.261,0.28,-0.308,0.273,-0.264,-0.229,1.0,0.273,0.574,0.119,0.113,0.509,0.068,0.098,0.124,-0.171,-0.275,0.334,0.242,0.16,0.101,-0.285,-0.048,-0.108,-0.174,0.182,0.208,-0.115,0.129,0.062,-0.227,-0.068,0.365,-0.262,0.252,0.162,0.187,0.157,-0.072,-0.137,0.205,-0.076,0.326,0.111,0.053,0.19
OCGN,0.283,0.097,0.531,0.131,-0.075,-0.146,0.51,-0.023,0.114,0.549,0.579,-0.307,0.346,-0.058,0.461,0.771,0.128,0.181,0.705,0.619,-0.031,0.655,0.175,0.296,0.201,-0.056,0.23,-0.04,-0.004,0.033,0.222,0.763,0.791,0.087,0.261,0.193,-0.068,-0.298,-0.352,0.562,0.076,-0.453,-0.312,0.16,0.448,-0.364,0.589,-0.477,0.446,-0.253,0.684,0.368,-0.23,-0.487,-0.004,0.424,-0.492,0.224,-0.103,-0.003,0.273,1.0,0.495,0.37,0.201,0.628,0.508,0.326,-0.192,0.029,-0.35,0.477,0.567,0.433,0.546,-0.084,0.105,-0.179,-0.028,0.711,0.47,-0.173,0.619,0.456,-0.154,-0.495,0.761,-0.188,0.8,0.659,0.554,0.703,0.342,0.258,0.565,0.065,0.474,0.332,0.381,0.679
ON,-0.218,-0.345,-0.081,-0.313,-0.386,-0.584,0.656,-0.428,-0.255,0.262,0.461,-0.548,0.365,0.125,0.403,0.313,-0.18,-0.283,0.237,0.214,-0.402,0.443,-0.41,-0.055,-0.345,-0.413,0.489,-0.291,-0.304,-0.304,0.008,0.411,0.4,-0.016,-0.261,-0.205,-0.56,-0.616,-0.498,0.654,-0.349,-0.611,-0.473,-0.291,0.085,-0.429,0.423,-0.719,-0.095,-0.6,0.639,-0.044,-0.635,-0.674,-0.459,0.212,-0.656,0.402,-0.52,-0.4,0.574,0.495,1.0,-0.016,-0.056,0.786,0.356,-0.072,0.006,-0.384,-0.688,0.391,0.622,0.061,0.12,-0.491,-0.258,-0.473,-0.434,0.227,0.289,-0.423,0.356,0.024,-0.432,-0.189,0.455,-0.623,0.308,0.402,0.148,0.306,-0.082,-0.328,0.247,-0.163,0.385,0.01,0.168,0.217
