,AAL,AAPL,AGNC,AMAT,AMD,AMZN,APA,ARDX,AVGO,AZN,BIDU,BILI,BKR,CAN,CHRD,CMCSA,CPRT,CRWD,CSCO,CSX,DKNG,EBAY,ERIC,EXC,FITB,FLEX,FTNT,GEN,GERN,GEVO,GILD,GOOG,GOOGL,GT,HBAN,HST,INTC,IOVA,IQ,JBLU,JD,KDP,KHC,LRCX,LYFT,MARA,MCHP,MDLZ,META,MNST,MRNA,MRVL,MSFT,MSTR,MU,MVIS,NFLX,NNDM,NVAX,NVDA,NWL,OCGN,ON,OPK,PAA,PACB,PANW,PARA,PDD,PENN,PEP,PLUG,PTEN,PTON,PYPL,QCOM,QVCGA,RIOT,ROKU,RUN,SABR,SBUX,SMCI,SNDL,STNE,TCOM,TLRY,TMUS,TSCO,TSLA,TTD,TXN,UAL,VOD,VTRS,VXRT,WBA,WBD,WDC,ZM
AAL,1.0,-0.278,0.911,-0.233,-0.556,-0.324,0.805,-0.155,-0.171,-0.343,-0.215,-0.466,0.865,-0.346,0.815,0.163,0.036,-0.446,-0.249,0.763,0.743,0.503,0.439,0.231,0.911,0.809,-0.268,0.811,0.636,0.524,0.113,-0.468,-0.461,0.89,0.937,0.844,-0.522,0.52,0.679,0.91,0.601,-0.149,0.218,-0.405,-0.026,-0.462,0.585,-0.348,-0.483,-0.043,-0.498,0.355,-0.461,-0.244,-0.323,0.221,-0.108,0.794,0.794,-0.458,0.828,0.332,0.214,-0.631,0.922,0.011,-0.23,0.356,0.479,0.743,-0.34,0.867,0.842,0.842,0.65,-0.08,0.775,-0.457,-0.054,0.88,0.894,0.731,-0.252,0.642,0.117,0.248,0.302,0.005,-0.173,-0.096,-0.208,-0.272,0.951,0.636,0.827,0.571,0.574,0.594,0.767,0.073
AAPL,-0.278,1.0,-0.209,0.658,0.765,0.896,0.041,0.758,0.758,0.797,0.734,0.745,-0.209,0.387,-0.123,0.685,0.762,0.602,0.867,-0.12,-0.078,0.485,0.274,0.069,-0.169,0.135,0.762,-0.035,-0.54,-0.341,0.549,0.836,0.834,-0.168,-0.203,-0.149,0.666,-0.476,-0.208,-0.244,-0.082,0.622,0.456,0.636,0.271,0.77,-0.095,0.85,0.858,0.78,0.642,0.579,0.882,0.819,0.697,0.326,0.64,-0.248,-0.047,0.881,-0.178,-0.227,-0.001,0.425,-0.198,0.648,0.851,0.535,-0.559,0.224,0.852,-0.38,-0.308,-0.37,0.115,0.833,-0.455,0.853,0.344,-0.336,-0.326,0.125,0.61,-0.1,0.535,0.123,0.409,0.646,0.277,0.736,0.729,0.85,-0.445,-0.595,-0.266,-0.227,0.079,0.348,0.128,0.519
AGNC,0.911,-0.209,1.0,-0.17,-0.498,-0.234,0.768,-0.086,-0.099,-0.274,-0.176,-0.375,0.832,-0.289,0.749,0.179,0.084,-0.305,-0.224,0.721,0.725,0.457,0.463,0.255,0.898,0.797,-0.16,0.771,0.619,0.493,0.184,-0.407,-0.375,0.885,0.902,0.851,-0.468,0.584,0.62,0.887,0.647,-0.08,0.253,-0.345,0.006,-0.386,0.531,-0.294,-0.405,0.027,-0.383,0.416,-0.384,-0.176,-0.257,0.299,0.0,0.752,0.75,-0.403,0.811,0.318,0.247,-0.534,0.853,0.16,-0.158,0.408,0.455,0.721,-0.291,0.81,0.784,0.788,0.646,-0.039,0.709,-0.406,0.097,0.868,0.864,0.766,-0.176,0.66,0.214,0.247,0.328,0.095,-0.127,0.051,-0.067,-0.233,0.832,0.56,0.779,0.565,0.598,0.577,0.745,0.228
AMAT,-0.233,0.658,-0.17,1.0,0.666,0.75,-0.114,0.457,0.798,0.411,0.42,0.407,-0.159,0.66,-0.192,0.486,0.382,0.57,0.693,-0.066,-0.098,0.268,-0.017,0.377,-0.146,-0.031,0.445,-0.055,-0.149,0.066,0.203,0.705,0.676,-0.182,-0.182,-0.042,0.598,-0.272,-0.153,-0.221,-0.186,0.466,0.09,0.759,0.42,0.769,0.254,0.494,0.678,0.549,0.685,0.364,0.724,0.747,0.433,0.244,0.277,-0.23,-0.15,0.683,-0.184,0.188,0.261,0.351,-0.204,0.243,0.509,0.245,-0.194,0.1,0.503,-0.19,-0.231,-0.31,0.13,0.608,-0.323,0.687,0.43,-0.244,-0.216,0.092,0.356,-0.09,0.36,0.193,0.376,0.522,0.516,0.419,0.504,0.71,-0.334,-0.416,-0.306,-0.273,0.025,0.3,0.047,0.375
AMD,-0.556,0.765,-0.498,0.666,1.0,0.835,-0.357,0.454,0.649,0.624,0.63,0.722,-0.517,0.485,-0.511,0.337,0.429,0.65,0.703,-0.408,-0.411,0.088,-0.139,-0.021,-0.468,-0.235,0.571,-0.364,-0.608,-0.412,0.179,0.87,0.903,-0.489,-0.511,-0.447,0.669,-0.649,-0.506,-0.579,-0.4,0.475,0.093,0.675,0.303,0.769,-0.21,0.683,0.86,0.488,0.627,0.202,0.896,0.655,0.518,0.023,0.431,-0.563,-0.513,0.912,-0.55,-0.185,-0.016,0.589,-0.514,0.258,0.638,0.134,-0.52,-0.181,0.687,-0.617,-0.58,-0.586,-0.158,0.65,-0.659,0.776,0.205,-0.636,-0.617,-0.268,0.628,-0.329,0.374,-0.128,0.263,0.486,0.338,0.467,0.627,0.679,-0.662,-0.739,-0.638,-0.435,-0.334,-0.014,-0.326,0.244
AMZN,-0.324,0.896,-0.234,0.75,0.835,1.0,-0.123,0.696,0.738,0.733,0.67,0.725,-0.252,0.515,-0.237,0.652,0.642,0.657,0.84,-0.158,-0.074,0.333,0.182,0.211,-0.219,0.032,0.725,-0.113,-0.474,-0.209,0.468,0.854,0.857,-0.217,-0.273,-0.137,0.793,-0.404,-0.267,-0.288,-0.139,0.638,0.392,0.744,0.299,0.812,-0.014,0.79,0.895,0.708,0.714,0.467,0.934,0.833,0.596,0.375,0.557,-0.294,-0.164,0.852,-0.262,-0.099,0.078,0.546,-0.251,0.549,0.752,0.401,-0.449,0.133,0.816,-0.4,-0.383,-0.396,0.102,0.795,-0.493,0.8,0.442,-0.365,-0.339,0.098,0.49,-0.164,0.597,0.123,0.409,0.673,0.511,0.661,0.718,0.835,-0.468,-0.631,-0.397,-0.249,0.025,0.29,0.017,0.605
APA,0.805,0.041,0.768,-0.114,-0.357,-0.123,1.0,0.166,0.109,-0.059,0.157,-0.243,0.88,-0.414,0.896,0.437,0.338,-0.299,0.064,0.682,0.622,0.751,0.546,0.103,0.825,0.847,0.082,0.873,0.443,0.299,0.398,-0.15,-0.157,0.812,0.868,0.719,-0.316,0.346,0.676,0.753,0.668,0.097,0.456,-0.208,0.068,-0.304,0.395,0.002,-0.246,0.225,-0.41,0.512,-0.202,-0.034,0.085,0.327,0.18,0.63,0.821,-0.123,0.817,0.218,0.09,-0.559,0.882,0.269,0.039,0.695,0.183,0.804,-0.085,0.67,0.818,0.674,0.676,0.247,0.638,-0.153,0.087,0.767,0.747,0.765,0.14,0.687,0.2,0.327,0.471,0.144,-0.213,0.184,0.046,0.012,0.694,0.404,0.752,0.515,0.701,0.746,0.751,0.129
ARDX,-0.155,0.758,-0.086,0.457,0.454,0.696,0.166,1.0,0.517,0.688,0.553,0.503,-0.013,0.151,0.145,0.704,0.8,0.414,0.797,0.093,0.158,0.489,0.454,0.294,-0.121,0.213,0.877,0.098,-0.354,-0.28,0.771,0.553,0.499,0.008,-0.105,-0.015,0.665,-0.1,0.011,-0.121,0.152,0.707,0.641,0.542,0.054,0.459,0.015,0.752,0.635,0.805,0.417,0.532,0.681,0.709,0.655,0.535,0.674,-0.076,0.195,0.666,0.078,-0.264,0.148,0.418,0.013,0.659,0.598,0.633,-0.442,0.223,0.758,-0.263,-0.134,-0.167,0.203,0.695,-0.25,0.639,0.356,-0.17,-0.202,0.263,0.376,-0.043,0.595,0.104,0.22,0.558,0.305,0.573,0.662,0.806,-0.322,-0.431,-0.117,0.022,0.405,0.377,0.278,0.526
AVGO,-0.171,0.758,-0.099,0.798,0.649,0.738,0.109,0.517,1.0,0.456,0.651,0.507,-0.045,0.444,0.02,0.642,0.548,0.651,0.738,-0.055,-0.101,0.544,0.076,0.113,-0.026,0.138,0.598,0.185,-0.18,-0.014,0.345,0.822,0.775,-0.088,-0.057,-0.048,0.455,-0.332,-0.005,-0.165,-0.025,0.448,0.187,0.687,0.557,0.679,0.224,0.528,0.694,0.674,0.606,0.517,0.711,0.743,0.57,0.121,0.37,-0.209,-0.044,0.747,-0.023,0.189,0.226,0.243,-0.093,0.389,0.646,0.491,-0.31,0.259,0.518,-0.136,-0.119,-0.246,0.351,0.789,-0.209,0.715,0.486,-0.169,-0.136,0.253,0.592,0.041,0.391,0.343,0.56,0.642,0.378,0.621,0.688,0.76,-0.304,-0.356,-0.142,-0.198,0.109,0.469,0.141,0.433
AZN,-0.343,0.797,-0.274,0.411,0.624,0.733,-0.059,0.688,0.456,1.0,0.65,0.757,-0.275,0.178,-0.239,0.526,0.742,0.401,0.732,-0.256,-0.127,0.25,0.424,-0.069,-0.258,-0.008,0.755,-0.183,-0.671,-0.532,0.508,0.674,0.674,-0.227,-0.267,-0.321,0.684,-0.445,-0.35,-0.357,-0.136,0.518,0.485,0.549,0.122,0.627,-0.265,0.899,0.675,0.586,0.527,0.469,0.748,0.695,0.698,0.338,0.671,-0.26,-0.145,0.709,-0.334,-0.475,-0.067,0.468,-0.276,0.55,0.739,0.428,-0.712,0.103,0.884,-0.498,-0.496,-0.491,-0.135,0.644,-0.639,0.727,0.236,-0.409,-0.395,-0.081,0.57,-0.303,0.355,-0.113,0.19,0.475,0.163,0.579,0.606,0.736,-0.461,-0.686,-0.478,-0.344,0.013,0.135,0.003,0.314
BIDU,-0.215,0.734,-0.176,0.42,0.63,0.67,0.157,0.553,0.651,0.65,1.0,0.752,-0.011,0.152,-0.01,0.638,0.661,0.447,0.727,-0.162,-0.187,0.533,0.278,-0.057,-0.037,0.187,0.681,0.137,-0.462,-0.325,0.472,0.753,0.751,-0.085,-0.09,-0.152,0.504,-0.365,-0.09,-0.182,0.105,0.471,0.432,0.524,0.499,0.472,-0.213,0.702,0.654,0.626,0.365,0.511,0.721,0.637,0.674,0.221,0.627,-0.185,-0.057,0.698,-0.11,-0.109,-0.099,0.202,-0.078,0.413,0.623,0.608,-0.499,0.286,0.605,-0.356,-0.16,-0.289,0.082,0.807,-0.346,0.649,0.288,-0.304,-0.246,0.129,0.639,0.031,0.306,0.13,0.591,0.527,0.179,0.56,0.692,0.641,-0.359,-0.522,-0.197,-0.064,0.172,0.374,0.091,0.284
BILI,-0.466,0.745,-0.375,0.407,0.722,0.725,-0.243,0.503,0.507,0.757,0.752,1.0,-0.443,0.318,-0.384,0.445,0.574,0.539,0.643,-0.332,-0.243,0.175,0.14,-0.118,-0.363,-0.147,0.682,-0.214,-0.663,-0.389,0.353,0.688,0.702,-0.328,-0.398,-0.4,0.611,-0.451,-0.317,-0.427,-0.123,0.389,0.324,0.505,0.26,0.625,-0.417,0.715,0.693,0.487,0.59,0.379,0.748,0.684,0.621,0.096,0.576,-0.379,-0.297,0.716,-0.43,-0.305,-0.184,0.479,-0.426,0.47,0.707,0.29,-0.573,-0.046,0.701,-0.568,-0.548,-0.46,-0.178,0.626,-0.596,0.7,0.238,-0.493,-0.464,-0.152,0.526,-0.202,0.257,0.028,0.298,0.447,0.226,0.667,0.686,0.605,-0.583,-0.622,-0.44,-0.2,-0.124,0.07,-0.142,0.422
BKR,0.865,-0.209,0.832,-0.159,-0.517,-0.252,0.88,-0.013,-0.045,-0.275,-0.011,-0.443,1.0,-0.412,0.857,0.283,0.096,-0.405,-0.119,0.687,0.692,0.577,0.506,0.234,0.872,0.845,-0.124,0.818,0.582,0.418,0.245,-0.339,-0.331,0.817,0.871,0.818,-0.358,0.524,0.721,0.81,0.702,-0.005,0.302,-0.206,0.127,-0.438,0.529,-0.231,-0.407,0.098,-0.516,0.366,-0.352,-0.167,-0.089,0.355,0.006,0.688,0.782,-0.387,0.822,0.325,0.247,-0.647,0.917,0.098,-0.214,0.516,0.428,0.751,-0.3,0.77,0.873,0.74,0.64,0.058,0.744,-0.36,0.097,0.825,0.799,0.793,-0.116,0.652,0.135,0.314,0.407,0.061,-0.063,-0.065,-0.158,-0.153,0.797,0.51,0.769,0.543,0.722,0.644,0.762,0.128
CAN,-0.346,0.387,-0.289,0.66,0.485,0.515,-0.414,0.151,0.444,0.178,0.152,0.318,-0.412,1.0,-0.446,0.205,0.061,0.527,0.319,-0.292,-0.319,-0.121,-0.416,0.351,-0.278,-0.349,0.1,-0.293,-0.069,0.228,-0.098,0.519,0.502,-0.41,-0.328,-0.224,0.312,-0.151,-0.309,-0.295,-0.433,0.251,-0.082,0.323,0.341,0.732,-0.046,0.253,0.565,0.24,0.767,-0.064,0.532,0.501,0.007,-0.107,-0.022,-0.447,-0.35,0.383,-0.369,0.339,-0.077,0.364,-0.397,-0.046,0.231,-0.158,-0.001,-0.256,0.361,-0.252,-0.335,-0.408,-0.134,0.198,-0.348,0.476,0.291,-0.388,-0.295,-0.166,-0.014,-0.278,0.295,0.195,0.085,0.419,0.488,0.21,0.263,0.268,-0.358,-0.347,-0.339,-0.195,-0.229,-0.098,-0.323,0.282
CHRD,0.815,-0.123,0.749,-0.192,-0.511,-0.237,0.896,0.145,0.02,-0.239,-0.01,-0.384,0.857,-0.446,1.0,0.376,0.207,-0.368,-0.019,0.767,0.625,0.678,0.504,0.261,0.768,0.778,0.023,0.843,0.589,0.457,0.407,-0.306,-0.356,0.807,0.829,0.743,-0.354,0.457,0.759,0.77,0.642,0.039,0.436,-0.274,-0.052,-0.431,0.543,-0.154,-0.363,0.148,-0.41,0.376,-0.338,-0.118,-0.096,0.282,-0.011,0.653,0.9,-0.27,0.899,0.3,0.226,-0.504,0.928,0.181,-0.123,0.588,0.322,0.692,-0.218,0.706,0.886,0.727,0.702,0.103,0.775,-0.298,-0.006,0.79,0.772,0.78,-0.113,0.621,0.144,0.401,0.321,0.087,-0.177,0.014,-0.075,-0.028,0.722,0.616,0.84,0.583,0.761,0.688,0.768,0.133
CMCSA,0.163,0.685,0.179,0.486,0.337,0.652,0.437,0.704,0.642,0.526,0.638,0.445,0.283,0.205,0.376,1.0,0.77,0.422,0.778,0.383,0.288,0.799,0.525,0.381,0.274,0.473,0.688,0.475,-0.138,0.08,0.705,0.528,0.491,0.293,0.258,0.318,0.425,0.036,0.216,0.205,0.327,0.662,0.71,0.444,0.331,0.45,0.194,0.62,0.52,0.756,0.367,0.641,0.559,0.71,0.514,0.559,0.563,0.184,0.426,0.56,0.297,0.092,0.071,0.18,0.303,0.608,0.618,0.791,-0.274,0.578,0.609,0.033,0.172,0.083,0.508,0.792,-0.004,0.563,0.46,0.098,0.204,0.617,0.368,0.285,0.503,0.43,0.546,0.679,0.403,0.678,0.567,0.66,0.008,-0.158,0.157,0.104,0.634,0.683,0.44,0.65
CPRT,0.036,0.762,0.084,0.382,0.429,0.642,0.338,0.8,0.548,0.742,0.661,0.574,0.096,0.061,0.207,0.77,1.0,0.376,0.762,0.127,0.197,0.642,0.561,0.076,0.117,0.416,0.836,0.242,-0.427,-0.368,0.708,0.551,0.534,0.13,0.115,0.097,0.511,-0.161,0.026,0.004,0.271,0.616,0.68,0.509,0.193,0.457,-0.005,0.757,0.59,0.752,0.309,0.7,0.618,0.676,0.72,0.455,0.738,0.116,0.234,0.653,0.09,-0.315,0.104,0.292,0.117,0.681,0.726,0.737,-0.565,0.457,0.746,-0.099,-0.074,-0.11,0.271,0.788,-0.265,0.656,0.354,-0.092,-0.061,0.344,0.514,0.052,0.57,0.029,0.392,0.565,0.142,0.67,0.712,0.734,-0.079,-0.416,-0.047,-0.025,0.374,0.545,0.333,0.411
CRWD,-0.446,0.602,-0.305,0.57,0.65,0.657,-0.299,0.414,0.651,0.401,0.447,0.539,-0.405,0.527,-0.368,0.422,0.376,1.0,0.502,-0.294,-0.155,0.217,-0.123,-0.03,-0.286,-0.125,0.528,-0.14,-0.428,-0.18,0.131,0.687,0.691,-0.29,-0.361,-0.3,0.417,-0.345,-0.269,-0.298,-0.124,0.332,0.034,0.55,0.463,0.604,-0.065,0.361,0.657,0.475,0.572,0.387,0.595,0.564,0.387,0.043,0.298,-0.307,-0.345,0.665,-0.332,0.04,0.157,0.623,-0.439,0.312,0.69,0.219,-0.405,-0.037,0.448,-0.432,-0.476,-0.436,-0.01,0.62,-0.478,0.543,0.471,-0.461,-0.28,-0.077,0.444,0.003,0.419,0.233,0.331,0.478,0.358,0.646,0.711,0.516,-0.503,-0.362,-0.387,-0.181,-0.18,0.159,-0.135,0.451
CSCO,-0.249,0.867,-0.224,0.693,0.703,0.84,0.064,0.797,0.738,0.732,0.727,0.643,-0.119,0.319,-0.019,0.778,0.762,0.502,1.0,0.019,-0.049,0.528,0.324,0.334,-0.168,0.102,0.826,0.038,-0.436,-0.258,0.657,0.77,0.736,-0.105,-0.183,-0.061,0.75,-0.333,-0.202,-0.268,-0.073,0.81,0.571,0.67,0.259,0.688,-0.016,0.857,0.765,0.848,0.598,0.469,0.86,0.85,0.701,0.428,0.622,-0.199,0.009,0.837,-0.131,-0.124,0.047,0.476,-0.114,0.565,0.719,0.549,-0.491,0.232,0.834,-0.384,-0.226,-0.307,0.197,0.804,-0.367,0.833,0.335,-0.313,-0.299,0.192,0.514,-0.112,0.49,0.078,0.354,0.663,0.482,0.6,0.64,0.878,-0.421,-0.57,-0.259,-0.247,0.238,0.395,0.137,0.458
CSX,0.763,-0.12,0.721,-0.066,-0.408,-0.158,0.682,0.093,-0.055,-0.256,-0.162,-0.332,0.687,-0.292,0.767,0.383,0.127,-0.294,0.019,1.0,0.699,0.555,0.438,0.5,0.687,0.662,-0.078,0.717,0.529,0.551,0.353,-0.381,-0.387,0.764,0.721,0.807,-0.286,0.593,0.567,0.778,0.542,0.17,0.375,-0.253,-0.155,-0.345,0.515,-0.187,-0.33,0.131,-0.316,0.371,-0.314,-0.048,-0.197,0.438,0.002,0.711,0.8,-0.224,0.806,0.318,0.183,-0.373,0.795,0.119,-0.126,0.431,0.363,0.651,-0.183,0.603,0.77,0.752,0.659,0.053,0.647,-0.307,0.065,0.72,0.738,0.761,-0.246,0.603,0.146,0.297,0.232,0.118,0.093,0.062,-0.169,-0.09,0.679,0.602,0.766,0.476,0.767,0.583,0.712,0.301
DKNG,0.743,-0.078,0.725,-0.098,-0.411,-0.074,0.622,0.158,-0.101,-0.127,-0.187,-0.243,0.692,-0.319,0.625,0.288,0.197,-0.155,-0.049,0.699,1.0,0.464,0.555,0.244,0.679,0.717,0.027,0.648,0.347,0.342,0.315,-0.371,-0.363,0.769,0.681,0.753,-0.139,0.464,0.587,0.748,0.693,0.041,0.336,-0.106,-0.045,-0.292,0.45,-0.179,-0.289,0.147,-0.343,0.501,-0.291,-0.013,-0.02,0.483,0.079,0.756,0.701,-0.268,0.654,0.128,0.296,-0.328,0.674,0.309,0.055,0.4,0.287,0.668,-0.136,0.64,0.552,0.73,0.603,0.104,0.525,-0.291,0.191,0.732,0.727,0.682,-0.188,0.663,0.298,0.301,0.306,0.05,0.104,0.233,0.026,-0.052,0.685,0.448,0.622,0.56,0.581,0.591,0.778,0.451
EBAY,0.503,0.485,0.457,0.268,0.088,0.333,0.751,0.489,0.544,0.25,0.533,0.175,0.577,-0.121,0.678,0.799,0.642,0.217,0.528,0.555,0.464,1.0,0.546,0.18,0.601,0.75,0.456,0.769,0.072,0.137,0.523,0.294,0.265,0.594,0.593,0.497,0.031,0.073,0.455,0.512,0.518,0.402,0.544,0.187,0.343,0.102,0.371,0.318,0.191,0.6,-0.028,0.767,0.23,0.424,0.379,0.362,0.371,0.44,0.62,0.332,0.591,0.166,0.177,-0.175,0.608,0.444,0.492,0.852,-0.132,0.819,0.273,0.33,0.498,0.383,0.708,0.689,0.332,0.272,0.312,0.393,0.493,0.729,0.374,0.595,0.368,0.41,0.692,0.496,0.051,0.529,0.442,0.426,0.347,0.171,0.516,0.292,0.642,0.875,0.726,0.386
ERIC,0.439,0.274,0.463,-0.017,-0.139,0.182,0.546,0.454,0.076,0.424,0.278,0.14,0.506,-0.416,0.504,0.525,0.561,-0.123,0.324,0.438,0.555,0.546,1.0,0.126,0.425,0.617,0.424,0.424,-0.128,-0.108,0.594,-0.099,-0.088,0.558,0.417,0.432,0.174,0.179,0.358,0.4,0.617,0.281,0.613,0.183,-0.108,-0.057,0.267,0.361,-0.01,0.395,-0.156,0.595,0.07,0.274,0.351,0.692,0.585,0.556,0.568,0.046,0.406,-0.312,0.237,-0.105,0.482,0.589,0.272,0.58,-0.111,0.653,0.279,0.242,0.25,0.301,0.411,0.381,0.167,0.146,0.242,0.349,0.362,0.535,0.156,0.343,0.254,0.149,0.226,0.222,-0.038,0.357,0.255,0.359,0.302,0.058,0.292,0.26,0.612,0.516,0.662,0.381
EXC,0.231,0.069,0.255,0.377,-0.021,0.211,0.103,0.294,0.113,-0.069,-0.057,-0.118,0.234,0.351,0.261,0.381,0.076,-0.03,0.334,0.5,0.244,0.18,0.126,1.0,0.183,0.116,0.121,0.221,0.412,0.515,0.386,-0.029,-0.069,0.24,0.182,0.44,0.205,0.418,0.106,0.246,0.087,0.54,0.409,0.041,-0.068,0.141,0.285,0.132,0.085,0.364,0.293,-0.013,0.185,0.293,-0.185,0.436,0.017,0.175,0.36,0.007,0.3,0.406,0.046,0.121,0.294,0.047,-0.136,0.121,0.399,0.129,0.169,0.162,0.346,0.267,0.308,0.051,0.304,0.06,0.12,0.21,0.196,0.401,-0.406,0.081,0.304,0.167,0.014,0.356,0.533,-0.086,-0.077,0.188,0.127,0.112,0.249,0.233,0.523,0.201,0.263,0.367
FITB,0.911,-0.169,0.898,-0.146,-0.468,-0.219,0.825,-0.121,-0.026,-0.258,-0.037,-0.363,0.872,-0.278,0.768,0.274,0.117,-0.286,-0.168,0.687,0.679,0.601,0.425,0.183,1.0,0.825,-0.187,0.847,0.575,0.489,0.143,-0.311,-0.295,0.87,0.971,0.807,-0.487,0.486,0.621,0.902,0.639,-0.114,0.273,-0.335,0.169,-0.355,0.486,-0.263,-0.365,0.035,-0.406,0.465,-0.362,-0.159,-0.206,0.237,-0.056,0.738,0.732,-0.377,0.813,0.39,0.129,-0.633,0.866,0.052,-0.093,0.471,0.408,0.807,-0.284,0.813,0.823,0.767,0.659,0.072,0.715,-0.379,0.125,0.813,0.872,0.767,-0.134,0.728,0.123,0.323,0.51,0.094,-0.158,0.04,-0.084,-0.247,0.864,0.568,0.799,0.523,0.596,0.667,0.784,0.147
FLEX,0.809,0.135,0.797,-0.031,-0.235,0.032,0.847,0.213,0.138,-0.008,0.187,-0.147,0.845,-0.349,0.778,0.473,0.416,-0.125,0.102,0.662,0.717,0.75,0.617,0.116,0.825,1.0,0.124,0.765,0.258,0.185,0.402,-0.119,-0.076,0.779,0.804,0.766,-0.191,0.283,0.631,0.789,0.688,0.093,0.437,-0.026,0.119,-0.232,0.522,-0.012,-0.106,0.308,-0.378,0.662,-0.104,0.033,0.108,0.401,0.239,0.687,0.768,-0.072,0.726,0.084,0.317,-0.408,0.839,0.36,0.181,0.663,0.107,0.84,-0.02,0.628,0.7,0.619,0.632,0.359,0.516,-0.135,0.13,0.666,0.71,0.824,0.073,0.673,0.365,0.274,0.522,0.259,-0.085,0.259,0.159,0.091,0.715,0.405,0.681,0.468,0.642,0.749,0.829,0.31
FTNT,-0.268,0.762,-0.16,0.445,0.571,0.725,0.082,0.877,0.598,0.755,0.681,0.682,-0.124,0.1,0.023,0.688,0.836,0.528,0.826,-0.078,0.027,0.456,0.424,0.121,-0.187,0.124,1.0,0.05,-0.484,-0.392,0.741,0.653,0.61,-0.066,-0.176,-0.15,0.69,-0.265,-0.086,-0.275,0.129,0.656,0.62,0.587,0.141,0.513,-0.089,0.812,0.679,0.76,0.466,0.514,0.745,0.734,0.748,0.425,0.71,-0.171,0.036,0.753,-0.08,-0.317,0.12,0.51,-0.118,0.711,0.693,0.612,-0.551,0.16,0.79,-0.367,-0.291,-0.285,0.138,0.765,-0.357,0.714,0.346,-0.287,-0.278,0.147,0.525,-0.07,0.519,0.082,0.261,0.536,0.255,0.677,0.78,0.844,-0.424,-0.531,-0.253,-0.066,0.257,0.366,0.138,0.48
GEN,0.811,-0.035,0.771,-0.055,-0.364,-0.113,0.873,0.098,0.185,-0.183,0.137,-0.214,0.818,-0.293,0.843,0.475,0.242,-0.14,0.038,0.717,0.648,0.769,0.424,0.221,0.847,0.765,0.05,1.0,0.579,0.504,0.302,-0.135,-0.174,0.849,0.881,0.751,-0.379,0.459,0.695,0.809,0.708,0.073,0.359,-0.228,0.24,-0.326,0.462,-0.155,-0.289,0.245,-0.329,0.523,-0.234,0.027,-0.066,0.245,0.065,0.715,0.781,-0.171,0.856,0.45,0.116,-0.545,0.835,0.193,0.029,0.648,0.308,0.787,-0.187,0.733,0.805,0.787,0.785,0.245,0.72,-0.229,0.187,0.812,0.845,0.831,0.055,0.772,0.127,0.434,0.587,0.201,-0.086,0.215,0.122,-0.032,0.709,0.486,0.783,0.571,0.709,0.784,0.765,0.257
GERN,0.636,-0.54,0.619,-0.149,-0.608,-0.474,0.443,-0.354,-0.18,-0.671,-0.462,-0.663,0.582,-0.069,0.589,-0.138,-0.427,-0.428,-0.436,0.529,0.347,0.072,-0.128,0.412,0.575,0.258,-0.484,0.579,1.0,0.829,-0.103,-0.454,-0.514,0.534,0.638,0.617,-0.553,0.617,0.54,0.618,0.301,-0.258,-0.078,-0.494,-0.022,-0.457,0.467,-0.578,-0.546,-0.261,-0.266,-0.161,-0.527,-0.368,-0.599,-0.029,-0.49,0.442,0.543,-0.571,0.707,0.746,0.044,-0.586,0.612,-0.294,-0.581,-0.028,0.761,0.211,-0.577,0.766,0.774,0.698,0.439,-0.396,0.821,-0.575,-0.075,0.757,0.686,0.471,-0.468,0.401,-0.171,0.333,0.084,-0.168,-0.077,-0.396,-0.415,-0.431,0.642,0.635,0.673,0.525,0.395,0.211,0.345,-0.064
GEVO,0.524,-0.341,0.493,0.066,-0.412,-0.209,0.299,-0.28,-0.014,-0.532,-0.325,-0.389,0.418,0.228,0.457,0.08,-0.368,-0.18,-0.258,0.551,0.342,0.137,-0.108,0.515,0.489,0.185,-0.392,0.504,0.829,1.0,-0.095,-0.299,-0.354,0.46,0.511,0.549,-0.395,0.543,0.488,0.561,0.216,-0.184,-0.012,-0.351,0.043,-0.163,0.475,-0.444,-0.349,-0.208,0.035,-0.074,-0.33,-0.107,-0.561,0.012,-0.474,0.336,0.491,-0.403,0.559,0.836,0.035,-0.37,0.504,-0.233,-0.366,-0.034,0.732,0.213,-0.422,0.613,0.621,0.572,0.451,-0.235,0.681,-0.386,0.126,0.595,0.635,0.469,-0.486,0.437,-0.11,0.58,0.211,-0.033,0.171,-0.159,-0.283,-0.301,0.504,0.616,0.589,0.519,0.387,0.291,0.322,0.206
GILD,0.113,0.549,0.184,0.203,0.179,0.468,0.398,0.771,0.345,0.508,0.472,0.353,0.245,-0.098,0.407,0.705,0.708,0.131,0.657,0.353,0.315,0.523,0.594,0.386,0.143,0.402,0.741,0.302,-0.103,-0.095,1.0,0.287,0.25,0.274,0.173,0.303,0.498,0.042,0.22,0.14,0.391,0.618,0.865,0.265,-0.115,0.204,0.054,0.645,0.426,0.678,0.256,0.446,0.45,0.492,0.47,0.676,0.638,0.19,0.493,0.423,0.333,-0.157,0.012,0.218,0.277,0.719,0.408,0.642,-0.255,0.347,0.628,-0.02,0.175,0.117,0.309,0.574,0.026,0.397,0.135,0.109,0.089,0.484,0.16,0.157,0.473,0.192,0.166,0.484,0.216,0.507,0.446,0.631,-0.046,-0.169,0.152,0.242,0.63,0.407,0.393,0.546
GOOG,-0.468,0.836,-0.407,0.705,0.87,0.854,-0.15,0.553,0.822,0.674,0.753,0.688,-0.339,0.519,-0.306,0.528,0.551,0.687,0.77,-0.381,-0.371,0.294,-0.099,-0.029,-0.311,-0.119,0.653,-0.135,-0.454,-0.299,0.287,1.0,0.978,-0.406,-0.335,-0.371,0.638,-0.569,-0.333,-0.453,-0.305,0.502,0.186,0.687,0.499,0.791,-0.14,0.722,0.874,0.63,0.682,0.342,0.902,0.734,0.615,0.045,0.442,-0.503,-0.329,0.893,-0.351,-0.009,-0.029,0.438,-0.365,0.356,0.716,0.365,-0.553,-0.008,0.728,-0.473,-0.419,-0.548,-0.003,0.774,-0.551,0.805,0.327,-0.487,-0.457,-0.071,0.677,-0.252,0.388,0.09,0.455,0.575,0.329,0.55,0.711,0.754,-0.571,-0.688,-0.477,-0.38,-0.152,0.187,-0.185,0.303
GOOGL,-0.461,0.834,-0.375,0.676,0.903,0.857,-0.157,0.499,0.775,0.674,0.751,0.702,-0.331,0.502,-0.356,0.491,0.534,0.691,0.736,-0.387,-0.363,0.265,-0.088,-0.069,-0.295,-0.076,0.61,-0.174,-0.514,-0.354,0.25,0.978,1.0,-0.41,-0.339,-0.35,0.62,-0.588,-0.379,-0.439,-0.299,0.5,0.169,0.68,0.476,0.784,-0.169,0.712,0.879,0.606,0.639,0.346,0.901,0.696,0.601,0.048,0.472,-0.501,-0.363,0.889,-0.4,-0.065,-0.032,0.444,-0.375,0.364,0.731,0.331,-0.568,-0.008,0.712,-0.495,-0.435,-0.554,-0.043,0.768,-0.591,0.786,0.324,-0.499,-0.465,-0.078,0.694,-0.227,0.415,0.025,0.458,0.578,0.319,0.562,0.696,0.704,-0.563,-0.702,-0.496,-0.405,-0.194,0.15,-0.201,0.314
GT,0.89,-0.168,0.885,-0.182,-0.489,-0.217,0.812,0.008,-0.088,-0.227,-0.085,-0.328,0.817,-0.41,0.807,0.293,0.13,-0.29,-0.105,0.764,0.769,0.594,0.558,0.24,0.87,0.779,-0.066,0.849,0.534,0.46,0.274,-0.406,-0.41,1.0,0.885,0.828,-0.409,0.522,0.661,0.877,0.689,-0.024,0.351,-0.348,-0.013,-0.426,0.513,-0.22,-0.428,0.057,-0.44,0.466,-0.38,-0.114,-0.193,0.379,0.042,0.806,0.781,-0.352,0.835,0.27,0.224,-0.476,0.862,0.182,-0.067,0.516,0.416,0.788,-0.259,0.75,0.762,0.856,0.701,0.019,0.737,-0.36,0.072,0.852,0.887,0.754,-0.105,0.769,0.135,0.293,0.369,0.048,-0.126,0.118,-0.045,-0.156,0.785,0.568,0.762,0.601,0.671,0.679,0.822,0.215
HBAN,0.937,-0.203,0.902,-0.182,-0.511,-0.273,0.868,-0.105,-0.057,-0.267,-0.09,-0.398,0.871,-0.328,0.829,0.258,0.115,-0.361,-0.183,0.721,0.681,0.593,0.417,0.182,0.971,0.804,-0.176,0.881,0.638,0.511,0.173,-0.335,-0.339,0.885,1.0,0.799,-0.506,0.486,0.676,0.904,0.629,-0.125,0.285,-0.379,0.089,-0.405,0.502,-0.265,-0.408,0.011,-0.436,0.434,-0.395,-0.19,-0.221,0.222,-0.055,0.748,0.798,-0.379,0.861,0.391,0.126,-0.65,0.909,0.06,-0.131,0.481,0.398,0.777,-0.289,0.842,0.855,0.799,0.677,0.036,0.749,-0.403,0.043,0.868,0.898,0.762,-0.131,0.706,0.088,0.304,0.449,0.036,-0.227,-0.001,-0.104,-0.233,0.884,0.593,0.824,0.545,0.622,0.656,0.778,0.097
HST,0.844,-0.149,0.851,-0.042,-0.447,-0.137,0.719,-0.015,-0.048,-0.321,-0.152,-0.4,0.818,-0.224,0.743,0.318,0.097,-0.3,-0.061,0.807,0.753,0.497,0.432,0.44,0.807,0.766,-0.15,0.751,0.617,0.549,0.303,-0.371,-0.35,0.828,0.799,1.0,-0.289,0.612,0.594,0.838,0.671,0.101,0.335,-0.231,-0.012,-0.304,0.571,-0.245,-0.322,0.116,-0.294,0.324,-0.308,-0.05,-0.242,0.43,-0.028,0.79,0.772,-0.328,0.777,0.367,0.225,-0.481,0.807,0.223,-0.124,0.391,0.48,0.687,-0.256,0.792,0.817,0.827,0.649,0.014,0.704,-0.306,0.138,0.835,0.819,0.85,-0.258,0.645,0.233,0.29,0.301,0.183,0.099,0.082,-0.131,-0.13,0.781,0.509,0.755,0.533,0.698,0.612,0.715,0.351
INTC,-0.522,0.666,-0.468,0.598,0.669,0.793,-0.316,0.665,0.455,0.684,0.504,0.611,-0.358,0.312,-0.354,0.425,0.511,0.417,0.75,-0.286,-0.139,0.031,0.174,0.205,-0.487,-0.191,0.69,-0.379,-0.553,-0.395,0.498,0.638,0.62,-0.409,-0.506,-0.289,1.0,-0.422,-0.367,-0.497,-0.204,0.578,0.375,0.786,0.024,0.643,-0.177,0.75,0.745,0.551,0.573,0.203,0.808,0.681,0.669,0.464,0.531,-0.342,-0.237,0.697,-0.418,-0.332,0.016,0.643,-0.408,0.465,0.518,0.168,-0.527,-0.133,0.755,-0.557,-0.532,-0.519,-0.213,0.581,-0.619,0.704,0.204,-0.491,-0.534,-0.144,0.263,-0.4,0.365,-0.131,0.038,0.401,0.5,0.392,0.481,0.788,-0.597,-0.688,-0.587,-0.342,-0.048,-0.01,-0.165,0.403
IOVA,0.52,-0.476,0.584,-0.272,-0.649,-0.404,0.346,-0.1,-0.332,-0.445,-0.365,-0.451,0.524,-0.151,0.457,0.036,-0.161,-0.345,-0.333,0.593,0.464,0.073,0.179,0.418,0.486,0.283,-0.265,0.459,0.617,0.543,0.042,-0.569,-0.588,0.522,0.486,0.612,-0.422,1.0,0.441,0.566,0.433,-0.013,0.087,-0.38,-0.088,-0.461,0.325,-0.454,-0.534,-0.149,-0.33,-0.003,-0.513,-0.211,-0.336,0.25,-0.132,0.502,0.463,-0.583,0.6,0.391,0.141,-0.434,0.497,-0.105,-0.481,0.069,0.557,0.296,-0.444,0.562,0.561,0.616,0.35,-0.352,0.576,-0.489,0.263,0.596,0.555,0.515,-0.442,0.349,-0.015,0.175,-0.019,-0.064,0.115,-0.186,-0.268,-0.41,0.533,0.481,0.58,0.509,0.578,0.187,0.384,0.172
IQ,0.679,-0.208,0.62,-0.153,-0.506,-0.267,0.676,0.011,-0.005,-0.35,-0.09,-0.317,0.721,-0.309,0.759,0.216,0.026,-0.269,-0.202,0.567,0.587,0.455,0.358,0.106,0.621,0.631,-0.086,0.695,0.54,0.488,0.22,-0.333,-0.379,0.661,0.676,0.594,-0.367,0.441,1.0,0.67,0.7,-0.222,0.151,-0.164,0.049,-0.407,0.572,-0.341,-0.365,0.003,-0.376,0.303,-0.366,-0.157,-0.142,0.236,-0.004,0.542,0.723,-0.336,0.757,0.341,0.329,-0.539,0.745,0.144,-0.195,0.405,0.478,0.527,-0.355,0.701,0.711,0.651,0.58,0.018,0.715,-0.345,0.078,0.692,0.693,0.689,-0.17,0.611,0.017,0.593,0.272,-0.113,-0.153,0.013,-0.05,-0.094,0.632,0.586,0.71,0.659,0.632,0.546,0.649,0.215
JBLU,0.91,-0.244,0.887,-0.221,-0.579,-0.288,0.753,-0.121,-0.165,-0.357,-0.182,-0.427,0.81,-0.295,0.77,0.205,0.004,-0.298,-0.268,0.778,0.748,0.512,0.4,0.246,0.902,0.789,-0.275,0.809,0.618,0.561,0.14,-0.453,-0.439,0.877,0.904,0.838,-0.497,0.566,0.67,1.0,0.654,-0.153,0.235,-0.416,-0.02,-0.499,0.493,-0.389,-0.426,-0.02,-0.463,0.441,-0.47,-0.271,-0.346,0.297,-0.084,0.836,0.808,-0.46,0.858,0.378,0.128,-0.579,0.86,0.05,-0.162,0.378,0.422,0.743,-0.365,0.781,0.827,0.824,0.596,-0.023,0.715,-0.534,0.03,0.851,0.932,0.757,-0.321,0.764,0.11,0.338,0.373,0.018,-0.172,0.013,-0.132,-0.315,0.873,0.718,0.863,0.613,0.618,0.566,0.786,0.21
JD,0.601,-0.082,0.647,-0.186,-0.4,-0.139,0.668,0.152,-0.025,-0.136,0.105,-0.123,0.702,-0.433,0.642,0.327,0.271,-0.124,-0.073,0.542,0.693,0.518,0.617,0.087,0.639,0.688,0.129,0.708,0.301,0.216,0.391,-0.305,-0.299,0.689,0.629,0.671,-0.204,0.433,0.7,0.654,1.0,0.013,0.374,-0.072,0.102,-0.384,0.267,-0.141,-0.288,0.184,-0.397,0.481,-0.271,-0.029,0.053,0.454,0.274,0.739,0.642,-0.226,0.647,0.096,0.181,-0.407,0.608,0.382,-0.016,0.543,0.265,0.627,-0.2,0.558,0.599,0.622,0.523,0.213,0.525,-0.232,0.262,0.606,0.64,0.684,-0.037,0.717,0.172,0.358,0.358,0.066,-0.129,0.276,0.181,-0.029,0.532,0.358,0.604,0.672,0.688,0.609,0.648,0.37
KDP,-0.149,0.622,-0.08,0.466,0.475,0.638,0.097,0.707,0.448,0.518,0.471,0.389,-0.005,0.251,0.039,0.662,0.616,0.332,0.81,0.17,0.041,0.402,0.281,0.54,-0.114,0.093,0.656,0.073,-0.258,-0.184,0.618,0.502,0.5,-0.024,-0.125,0.101,0.578,-0.013,-0.222,-0.153,0.013,1.0,0.617,0.434,0.104,0.452,-0.075,0.695,0.539,0.804,0.402,0.262,0.65,0.631,0.454,0.462,0.553,-0.102,0.049,0.584,-0.052,-0.064,-0.005,0.431,-0.008,0.457,0.449,0.457,-0.3,0.193,0.693,-0.31,-0.062,-0.157,0.255,0.55,-0.227,0.589,0.315,-0.18,-0.207,0.26,0.3,-0.099,0.58,-0.09,0.161,0.662,0.554,0.403,0.426,0.618,-0.304,-0.478,-0.127,-0.163,0.364,0.294,0.086,0.43
KHC,0.218,0.456,0.253,0.09,0.093,0.392,0.456,0.641,0.187,0.485,0.432,0.324,0.302,-0.082,0.436,0.71,0.68,0.034,0.571,0.375,0.336,0.544,0.613,0.409,0.273,0.437,0.62,0.359,-0.078,-0.012,0.865,0.186,0.169,0.351,0.285,0.335,0.375,0.087,0.151,0.235,0.374,0.617,1.0,0.1,-0.118,0.146,-0.043,0.619,0.312,0.567,0.164,0.403,0.366,0.396,0.344,0.603,0.541,0.263,0.527,0.294,0.32,-0.092,-0.156,0.187,0.364,0.586,0.37,0.607,-0.212,0.403,0.596,0.044,0.241,0.179,0.324,0.499,0.073,0.289,0.098,0.153,0.179,0.477,0.074,0.238,0.426,0.146,0.234,0.455,0.165,0.427,0.352,0.447,0.087,-0.089,0.204,0.283,0.622,0.43,0.398,0.45
LRCX,-0.405,0.636,-0.345,0.759,0.675,0.744,-0.208,0.542,0.687,0.549,0.524,0.505,-0.206,0.323,-0.274,0.444,0.509,0.55,0.67,-0.253,-0.106,0.187,0.183,0.041,-0.335,-0.026,0.587,-0.228,-0.494,-0.351,0.265,0.687,0.68,-0.348,-0.379,-0.231,0.786,-0.38,-0.164,-0.416,-0.072,0.434,0.1,1.0,0.368,0.653,0.141,0.541,0.676,0.541,0.456,0.388,0.72,0.697,0.72,0.346,0.516,-0.254,-0.264,0.706,-0.351,-0.191,0.381,0.456,-0.325,0.364,0.547,0.253,-0.457,0.047,0.531,-0.363,-0.446,-0.487,0.002,0.689,-0.54,0.717,0.434,-0.414,-0.419,-0.005,0.5,-0.251,0.347,0.017,0.282,0.408,0.454,0.42,0.584,0.793,-0.461,-0.574,-0.52,-0.373,-0.035,0.184,-0.052,0.365
LYFT,-0.026,0.271,0.006,0.42,0.303,0.299,0.068,0.054,0.557,0.122,0.499,0.26,0.127,0.341,-0.052,0.331,0.193,0.463,0.259,-0.155,-0.045,0.343,-0.108,-0.068,0.169,0.119,0.141,0.24,-0.022,0.043,-0.115,0.499,0.476,-0.013,0.089,-0.012,0.024,-0.088,0.049,-0.02,0.102,0.104,-0.118,0.368,1.0,0.305,0.028,0.073,0.247,0.33,0.209,0.346,0.271,0.353,0.294,-0.13,0.083,-0.063,-0.181,0.266,-0.03,0.369,0.164,-0.103,-0.047,-0.013,0.321,0.382,-0.069,0.291,0.083,0.025,-0.007,-0.118,0.277,0.441,-0.068,0.279,0.438,-0.083,0.016,0.167,0.461,0.166,0.151,0.294,0.657,0.327,0.331,0.308,0.424,0.18,-0.062,-0.199,-0.057,-0.04,0.07,0.377,0.092,0.157
MARA,-0.462,0.77,-0.386,0.769,0.769,0.812,-0.304,0.459,0.679,0.627,0.472,0.625,-0.438,0.732,-0.431,0.45,0.457,0.604,0.688,-0.345,-0.292,0.102,-0.057,0.141,-0.355,-0.232,0.513,-0.326,-0.457,-0.163,0.204,0.791,0.784,-0.426,-0.405,-0.304,0.643,-0.461,-0.407,-0.499,-0.384,0.452,0.146,0.653,0.305,1.0,-0.069,0.689,0.787,0.473,0.86,0.193,0.829,0.831,0.495,0.106,0.331,-0.508,-0.335,0.755,-0.478,-0.06,0.011,0.507,-0.449,0.343,0.649,0.133,-0.36,-0.1,0.713,-0.413,-0.501,-0.558,-0.087,0.545,-0.562,0.888,0.375,-0.494,-0.473,-0.134,0.432,-0.354,0.369,0.11,0.208,0.527,0.442,0.512,0.501,0.687,-0.543,-0.671,-0.526,-0.394,-0.197,0.093,-0.229,0.391
MCHP,0.585,-0.095,0.531,0.254,-0.21,-0.014,0.395,0.015,0.224,-0.265,-0.213,-0.417,0.529,-0.046,0.543,0.194,-0.005,-0.065,-0.016,0.515,0.45,0.371,0.267,0.285,0.486,0.522,-0.089,0.462,0.467,0.475,0.054,-0.14,-0.169,0.513,0.502,0.571,-0.177,0.325,0.572,0.493,0.267,-0.075,-0.043,0.141,0.028,-0.069,1.0,-0.268,-0.171,0.02,-0.098,0.285,-0.164,0.086,-0.179,0.201,-0.152,0.406,0.485,-0.14,0.522,0.336,0.754,-0.246,0.583,0.009,-0.087,0.174,0.365,0.437,-0.234,0.604,0.478,0.448,0.574,0.062,0.476,-0.139,0.151,0.518,0.553,0.592,-0.124,0.321,0.155,0.323,0.202,0.132,0.094,-0.07,-0.029,0.142,0.547,0.469,0.417,0.22,0.38,0.484,0.559,0.18
MDLZ,-0.348,0.85,-0.294,0.494,0.683,0.79,0.002,0.752,0.528,0.899,0.702,0.715,-0.231,0.253,-0.154,0.62,0.757,0.361,0.857,-0.187,-0.179,0.318,0.361,0.132,-0.263,-0.012,0.812,-0.155,-0.578,-0.444,0.645,0.722,0.712,-0.22,-0.265,-0.245,0.75,-0.454,-0.341,-0.389,-0.141,0.695,0.619,0.541,0.073,0.689,-0.268,1.0,0.768,0.676,0.597,0.357,0.847,0.74,0.691,0.4,0.663,-0.329,-0.09,0.785,-0.281,-0.374,-0.132,0.497,-0.221,0.58,0.67,0.474,-0.599,0.08,0.938,-0.491,-0.373,-0.455,-0.049,0.688,-0.521,0.82,0.202,-0.406,-0.42,-0.037,0.529,-0.302,0.461,-0.071,0.166,0.563,0.237,0.546,0.557,0.81,-0.497,-0.708,-0.418,-0.294,0.113,0.186,-0.037,0.33
META,-0.483,0.858,-0.405,0.678,0.86,0.895,-0.246,0.635,0.694,0.675,0.654,0.693,-0.407,0.565,-0.363,0.52,0.59,0.657,0.765,-0.33,-0.289,0.191,-0.01,0.085,-0.365,-0.106,0.679,-0.289,-0.546,-0.349,0.426,0.874,0.879,-0.428,-0.408,-0.322,0.745,-0.534,-0.365,-0.426,-0.288,0.539,0.312,0.676,0.247,0.787,-0.171,0.768,1.0,0.632,0.713,0.312,0.921,0.684,0.552,0.233,0.539,-0.448,-0.306,0.872,-0.371,-0.178,-0.044,0.543,-0.407,0.457,0.672,0.27,-0.554,-0.073,0.804,-0.514,-0.484,-0.54,-0.104,0.75,-0.612,0.78,0.262,-0.547,-0.505,-0.095,0.466,-0.295,0.531,0.048,0.26,0.606,0.36,0.572,0.682,0.76,-0.569,-0.665,-0.488,-0.349,-0.12,0.05,-0.193,0.424
MNST,-0.043,0.78,0.027,0.549,0.488,0.708,0.225,0.805,0.674,0.586,0.626,0.487,0.098,0.24,0.148,0.756,0.752,0.475,0.848,0.131,0.147,0.6,0.395,0.364,0.035,0.308,0.76,0.245,-0.261,-0.208,0.678,0.63,0.606,0.057,0.011,0.116,0.551,-0.149,0.003,-0.02,0.184,0.804,0.567,0.541,0.33,0.473,0.02,0.676,0.632,1.0,0.423,0.562,0.702,0.698,0.588,0.451,0.652,0.014,0.175,0.65,0.096,-0.053,0.072,0.284,0.06,0.645,0.635,0.648,-0.347,0.381,0.71,-0.182,-0.016,-0.115,0.353,0.759,-0.153,0.643,0.387,-0.095,-0.099,0.405,0.416,0.053,0.595,0.157,0.389,0.69,0.438,0.598,0.64,0.745,-0.223,-0.419,0.003,-0.077,0.375,0.47,0.321,0.55
MRNA,-0.498,0.642,-0.383,0.685,0.627,0.714,-0.41,0.417,0.606,0.527,0.365,0.59,-0.516,0.767,-0.41,0.367,0.309,0.572,0.598,-0.316,-0.343,-0.028,-0.156,0.293,-0.406,-0.378,0.466,-0.329,-0.266,0.035,0.256,0.682,0.639,-0.44,-0.436,-0.294,0.573,-0.33,-0.376,-0.463,-0.397,0.402,0.164,0.456,0.209,0.86,-0.098,0.597,0.713,0.423,1.0,0.052,0.72,0.733,0.267,0.024,0.161,-0.515,-0.293,0.607,-0.414,0.086,-0.05,0.543,-0.475,0.298,0.51,0.025,-0.25,-0.262,0.643,-0.428,-0.46,-0.515,-0.13,0.388,-0.472,0.702,0.312,-0.459,-0.432,-0.147,0.183,-0.398,0.308,0.207,0.064,0.542,0.465,0.452,0.441,0.597,-0.579,-0.517,-0.443,-0.306,-0.157,-0.036,-0.27,0.435
MRVL,0.355,0.579,0.416,0.364,0.202,0.467,0.512,0.532,0.517,0.469,0.511,0.379,0.366,-0.064,0.376,0.641,0.7,0.387,0.469,0.371,0.501,0.767,0.595,-0.013,0.465,0.662,0.514,0.523,-0.161,-0.074,0.446,0.342,0.346,0.466,0.434,0.324,0.203,-0.003,0.303,0.441,0.481,0.262,0.403,0.388,0.346,0.193,0.285,0.357,0.312,0.562,0.052,1.0,0.304,0.469,0.534,0.451,0.55,0.441,0.422,0.392,0.399,-0.065,0.312,-0.026,0.355,0.526,0.651,0.757,-0.336,0.762,0.371,0.176,0.17,0.188,0.478,0.741,-0.003,0.289,0.413,0.252,0.355,0.53,0.425,0.485,0.422,0.238,0.671,0.414,0.026,0.653,0.647,0.499,0.226,0.01,0.283,0.207,0.438,0.733,0.71,0.481
MSFT,-0.461,0.882,-0.384,0.724,0.896,0.934,-0.202,0.681,0.711,0.748,0.721,0.748,-0.352,0.532,-0.338,0.559,0.618,0.595,0.86,-0.314,-0.291,0.23,0.07,0.185,-0.362,-0.104,0.745,-0.234,-0.527,-0.33,0.45,0.902,0.901,-0.38,-0.395,-0.308,0.808,-0.513,-0.366,-0.47,-0.271,0.65,0.366,0.72,0.271,0.829,-0.164,0.847,0.921,0.702,0.72,0.304,1.0,0.811,0.629,0.272,0.582,-0.467,-0.277,0.9,-0.386,-0.141,-0.049,0.562,-0.362,0.475,0.676,0.312,-0.482,-0.045,0.848,-0.516,-0.458,-0.519,-0.057,0.742,-0.559,0.865,0.305,-0.514,-0.523,-0.06,0.53,-0.31,0.48,-0.01,0.302,0.59,0.429,0.531,0.676,0.834,-0.603,-0.765,-0.513,-0.319,-0.077,0.13,-0.149,0.413
MSTR,-0.244,0.819,-0.176,0.747,0.655,0.833,-0.034,0.709,0.743,0.695,0.637,0.684,-0.167,0.501,-0.118,0.71,0.676,0.564,0.85,-0.048,-0.013,0.424,0.274,0.293,-0.159,0.033,0.734,0.027,-0.368,-0.107,0.492,0.734,0.696,-0.114,-0.19,-0.05,0.681,-0.211,-0.157,-0.271,-0.029,0.631,0.396,0.697,0.353,0.831,0.086,0.74,0.684,0.698,0.733,0.469,0.811,1.0,0.646,0.349,0.519,-0.207,-0.031,0.753,-0.174,-0.041,0.16,0.428,-0.187,0.54,0.7,0.447,-0.352,0.175,0.734,-0.269,-0.289,-0.283,0.177,0.7,-0.365,0.875,0.486,-0.256,-0.25,0.198,0.478,-0.115,0.415,0.17,0.376,0.641,0.49,0.655,0.659,0.836,-0.404,-0.575,-0.298,-0.16,0.188,0.387,0.127,0.584
MU,-0.323,0.697,-0.257,0.433,0.518,0.596,0.085,0.655,0.57,0.698,0.674,0.621,-0.089,0.007,-0.096,0.514,0.72,0.387,0.701,-0.197,-0.02,0.379,0.351,-0.185,-0.206,0.108,0.748,-0.066,-0.599,-0.561,0.47,0.615,0.601,-0.193,-0.221,-0.242,0.669,-0.336,-0.142,-0.346,0.053,0.454,0.344,0.72,0.294,0.495,-0.179,0.691,0.552,0.588,0.267,0.534,0.629,0.646,1.0,0.353,0.689,-0.202,-0.083,0.681,-0.205,-0.399,0.093,0.299,-0.217,0.532,0.64,0.507,-0.647,0.215,0.637,-0.379,-0.348,-0.408,0.002,0.711,-0.48,0.726,0.344,-0.318,-0.363,0.022,0.651,-0.12,0.302,-0.065,0.311,0.326,0.204,0.571,0.613,0.725,-0.418,-0.59,-0.336,-0.243,0.084,0.281,0.08,0.288
MVIS,0.221,0.326,0.299,0.244,0.023,0.375,0.327,0.535,0.121,0.338,0.221,0.096,0.355,-0.107,0.282,0.559,0.455,0.043,0.428,0.438,0.483,0.362,0.692,0.436,0.237,0.401,0.425,0.245,-0.029,0.012,0.676,0.045,0.048,0.379,0.222,0.43,0.464,0.25,0.236,0.297,0.454,0.462,0.603,0.346,-0.13,0.106,0.201,0.4,0.233,0.451,0.024,0.451,0.272,0.349,0.353,1.0,0.619,0.431,0.456,0.197,0.353,-0.104,0.105,0.071,0.286,0.571,0.198,0.466,-0.016,0.47,0.373,0.128,0.158,0.227,0.259,0.412,0.06,0.216,0.274,0.239,0.237,0.483,0.017,0.239,0.347,0.155,0.154,0.215,0.276,0.319,0.204,0.433,0.111,-0.106,0.11,0.213,0.622,0.352,0.449,0.528
NFLX,-0.108,0.64,0.0,0.277,0.431,0.557,0.18,0.674,0.37,0.671,0.627,0.576,0.006,-0.022,-0.011,0.563,0.738,0.298,0.622,0.002,0.079,0.371,0.585,0.017,-0.056,0.239,0.71,0.065,-0.49,-0.474,0.638,0.442,0.472,0.042,-0.055,-0.028,0.531,-0.132,-0.004,-0.084,0.274,0.553,0.541,0.516,0.083,0.331,-0.152,0.663,0.539,0.652,0.161,0.55,0.582,0.519,0.689,0.619,1.0,0.07,0.083,0.573,-0.031,-0.399,-0.003,0.229,-0.047,0.657,0.527,0.524,-0.474,0.32,0.633,-0.243,-0.215,-0.16,0.104,0.666,-0.361,0.58,0.295,-0.164,-0.174,0.204,0.527,0.025,0.409,-0.086,0.238,0.383,0.114,0.554,0.655,0.626,-0.248,-0.523,-0.195,-0.029,0.292,0.225,0.164,0.402
NNDM,0.794,-0.248,0.752,-0.23,-0.563,-0.294,0.63,-0.076,-0.209,-0.26,-0.185,-0.379,0.688,-0.447,0.653,0.184,0.116,-0.307,-0.199,0.711,0.756,0.44,0.556,0.175,0.738,0.687,-0.171,0.715,0.442,0.336,0.19,-0.503,-0.501,0.806,0.748,0.79,-0.342,0.502,0.542,0.836,0.739,-0.102,0.263,-0.254,-0.063,-0.508,0.406,-0.329,-0.448,0.014,-0.515,0.441,-0.467,-0.207,-0.202,0.431,0.07,1.0,0.714,-0.411,0.719,0.144,0.168,-0.472,0.686,0.17,-0.109,0.343,0.283,0.696,-0.318,0.721,0.633,0.783,0.529,-0.003,0.566,-0.439,0.032,0.761,0.798,0.644,-0.244,0.668,0.027,0.132,0.259,-0.064,-0.159,0.047,-0.077,-0.202,0.79,0.539,0.668,0.49,0.576,0.524,0.713,0.175
NVAX,0.794,-0.047,0.75,-0.15,-0.513,-0.164,0.821,0.195,-0.044,-0.145,-0.057,-0.297,0.782,-0.35,0.9,0.426,0.234,-0.345,0.009,0.8,0.701,0.62,0.568,0.36,0.732,0.768,0.036,0.781,0.543,0.491,0.493,-0.329,-0.363,0.781,0.798,0.772,-0.237,0.463,0.723,0.808,0.642,0.049,0.527,-0.264,-0.181,-0.335,0.485,-0.09,-0.306,0.175,-0.293,0.422,-0.277,-0.031,-0.083,0.456,0.083,0.714,1.0,-0.256,0.869,0.25,0.112,-0.442,0.872,0.323,-0.041,0.534,0.297,0.666,-0.105,0.689,0.809,0.725,0.595,0.113,0.691,-0.26,-0.032,0.795,0.791,0.805,-0.241,0.62,0.122,0.409,0.273,0.073,-0.146,0.095,-0.081,0.009,0.705,0.586,0.811,0.613,0.785,0.612,0.795,0.301
NVDA,-0.458,0.881,-0.403,0.683,0.912,0.852,-0.123,0.666,0.747,0.709,0.698,0.716,-0.387,0.383,-0.27,0.56,0.653,0.665,0.837,-0.224,-0.268,0.332,0.046,0.007,-0.377,-0.072,0.753,-0.171,-0.571,-0.403,0.423,0.893,0.889,-0.352,-0.379,-0.328,0.697,-0.583,-0.336,-0.46,-0.226,0.584,0.294,0.706,0.266,0.755,-0.14,0.785,0.872,0.65,0.607,0.392,0.9,0.753,0.681,0.197,0.573,-0.411,-0.256,1.0,-0.338,-0.208,0.01,0.555,-0.359,0.472,0.759,0.397,-0.624,-0.0,0.782,-0.531,-0.443,-0.5,-0.014,0.801,-0.581,0.854,0.248,-0.508,-0.481,-0.077,0.706,-0.204,0.434,0.001,0.317,0.533,0.274,0.633,0.727,0.829,-0.59,-0.67,-0.48,-0.337,-0.091,0.2,-0.149,0.334
NWL,0.828,-0.178,0.811,-0.184,-0.55,-0.262,0.817,0.078,-0.023,-0.334,-0.11,-0.43,0.822,-0.369,0.899,0.297,0.09,-0.332,-0.131,0.806,0.654,0.591,0.406,0.3,0.813,0.726,-0.08,0.856,0.707,0.559,0.333,-0.351,-0.4,0.835,0.861,0.777,-0.418,0.6,0.757,0.858,0.647,-0.052,0.32,-0.351,-0.03,-0.478,0.522,-0.281,-0.371,0.096,-0.414,0.399,-0.386,-0.174,-0.205,0.353,-0.031,0.719,0.869,-0.338,1.0,0.411,0.15,-0.602,0.878,0.159,-0.206,0.516,0.437,0.691,-0.294,0.777,0.879,0.818,0.686,0.043,0.82,-0.414,0.043,0.853,0.836,0.794,-0.207,0.679,0.073,0.41,0.346,0.032,-0.179,0.009,-0.094,-0.136,0.751,0.651,0.884,0.642,0.752,0.607,0.793,0.202
OCGN,0.332,-0.227,0.318,0.188,-0.185,-0.099,0.218,-0.264,0.189,-0.475,-0.109,-0.305,0.325,0.339,0.3,0.092,-0.315,0.04,-0.124,0.318,0.128,0.166,-0.312,0.406,0.39,0.084,-0.317,0.45,0.746,0.836,-0.157,-0.009,-0.065,0.27,0.391,0.367,-0.332,0.391,0.341,0.378,0.096,-0.064,-0.092,-0.191,0.369,-0.06,0.336,-0.374,-0.178,-0.053,0.086,-0.065,-0.141,-0.041,-0.399,-0.104,-0.399,0.144,0.25,-0.208,0.411,1.0,-0.027,-0.321,0.324,-0.31,-0.262,-0.014,0.61,0.169,-0.348,0.457,0.509,0.372,0.419,-0.059,0.54,-0.253,0.226,0.383,0.449,0.371,-0.235,0.373,-0.097,0.501,0.388,0.02,0.231,-0.144,-0.101,-0.239,0.317,0.391,0.424,0.406,0.227,0.261,0.171,0.094
ON,0.214,-0.001,0.247,0.261,-0.016,0.078,0.09,0.148,0.226,-0.067,-0.099,-0.184,0.247,-0.077,0.226,0.071,0.104,0.157,0.047,0.183,0.296,0.177,0.237,0.046,0.129,0.317,0.12,0.116,0.044,0.035,0.012,-0.029,-0.032,0.224,0.126,0.225,0.016,0.141,0.329,0.128,0.181,-0.005,-0.156,0.381,0.164,0.011,0.754,-0.132,-0.044,0.072,-0.05,0.312,-0.049,0.16,0.093,0.105,-0.003,0.168,0.112,0.01,0.15,-0.027,1.0,0.085,0.225,0.081,0.076,0.165,0.058,0.206,-0.113,0.22,0.073,0.088,0.361,0.112,0.098,0.005,0.237,0.151,0.163,0.26,0.102,0.093,0.281,0.065,0.095,0.103,0.154,0.028,0.184,0.274,0.187,0.182,0.049,0.011,0.196,0.326,0.351,0.155
