,AAL,AAPL,AGNC,AMAT,AMD,AMZN,APA,ARDX,AVGO,AZN,BIDU,BILI,BKR,CAN,CHRD,CMCSA,CPRT,CRWD,CSCO,CSX,DKNG,EBAY,ERIC,EXC,FITB,FLEX,FTNT,GEN,GERN,GEVO,GILD,GOOG,GOOGL,GT,HBAN,HST,INTC,IOVA,IQ,JBLU,JD,KDP,KHC,LRCX,LYFT,MARA,MCHP,MDLZ,META,MNST,MRNA,MRVL,MSFT,MSTR,MU,MVIS,NFLX,NNDM,NVAX,NVDA,NWL,OCGN,ON,OPK,PAA,PACB,PANW,PARA,PDD,PENN,PEP,PLUG,PTEN,PTON,PYPL,QCOM,QVCGA,RIOT,ROKU,RUN,SABR,SBUX,SMCI,SNDL,STNE,TCOM,TLRY,TMUS,TSCO,TSLA,TTD,TXN,UAL,VOD,VTRS,VXRT,WBA,WBD,WDC,ZM
AAL,1.0,-0.575,-0.307,-0.26,0.338,0.171,-0.569,-0.488,-0.332,-0.642,-0.451,-0.499,-0.38,-0.22,-0.081,-0.616,0.425,-0.324,-0.557,0.443,-0.344,0.098,0.393,-0.463,-0.451,0.261,0.029,-0.498,0.43,-0.197,-0.034,-0.505,-0.494,-0.451,-0.528,-0.246,-0.467,0.471,-0.427,0.672,-0.519,-0.697,-0.618,-0.5,-0.337,0.175,-0.138,-0.659,-0.227,-0.669,0.431,-0.222,0.134,-0.185,-0.607,0.67,0.645,-0.421,0.126,-0.293,-0.544,0.007,-0.287,0.628,-0.47,0.278,-0.067,0.438,-0.563,0.092,-0.644,-0.223,-0.57,-0.033,-0.384,-0.546,0.374,-0.133,-0.342,-0.074,-0.384,-0.314,-0.456,-0.309,-0.685,-0.445,-0.553,-0.223,-0.087,0.621,-0.241,0.022,0.486,-0.569,-0.458,-0.245,-0.362,0.189,-0.498,-0.303
AAPL,-0.575,1.0,0.422,0.507,0.112,0.386,0.545,0.451,0.612,0.717,0.364,0.41,0.642,0.322,-0.166,0.687,0.032,0.695,0.563,-0.125,0.462,0.14,-0.52,0.419,0.763,0.047,0.357,0.522,-0.045,0.282,0.362,0.675,0.677,0.561,0.714,0.253,0.635,-0.237,0.338,-0.661,0.48,0.598,0.601,0.612,0.537,-0.008,0.51,0.676,0.489,0.701,-0.225,0.646,0.322,0.35,0.659,-0.456,0.016,0.431,-0.118,0.686,0.515,0.332,0.565,-0.392,0.39,0.073,0.124,-0.497,0.581,0.124,0.568,0.454,0.684,0.255,0.662,0.76,-0.533,0.299,0.421,0.348,0.447,0.472,0.765,0.252,0.584,0.5,0.446,0.125,-0.06,-0.013,0.486,0.27,-0.296,0.47,0.412,0.51,0.235,0.058,0.471,0.672
AGNC,-0.307,0.422,1.0,0.211,-0.027,0.217,0.717,0.426,0.64,0.482,0.61,0.64,0.662,0.611,-0.093,0.506,0.042,0.53,0.373,-0.18,0.724,0.421,-0.426,0.485,0.603,0.407,0.43,0.809,-0.093,0.532,0.252,0.518,0.552,0.822,0.717,0.369,0.625,0.05,0.363,-0.514,0.616,0.359,0.37,0.466,0.716,0.321,0.571,0.29,0.543,0.446,0.02,0.636,0.222,0.576,0.574,-0.278,-0.152,0.68,0.247,0.574,0.717,0.398,0.626,-0.461,0.724,0.389,-0.385,-0.459,0.687,0.445,0.407,0.544,0.669,0.498,0.652,0.582,-0.085,0.561,0.474,0.468,0.727,0.637,0.634,0.446,0.6,0.714,0.489,0.232,-0.029,-0.217,0.563,0.47,-0.173,0.751,0.644,0.505,0.448,0.073,0.457,0.591
AMAT,-0.26,0.507,0.211,1.0,0.429,0.514,0.281,0.588,0.362,0.519,0.481,0.47,0.303,0.175,0.186,0.675,-0.076,0.596,0.106,0.294,0.184,-0.349,-0.241,0.014,0.235,-0.366,0.156,0.198,0.285,-0.074,-0.168,0.743,0.732,0.201,0.311,0.393,0.686,-0.195,0.601,-0.52,0.497,0.589,0.118,0.876,0.351,-0.031,0.704,0.424,0.632,0.321,-0.422,0.499,-0.068,0.113,0.678,-0.096,0.094,0.104,0.094,0.526,0.4,0.187,0.655,-0.355,0.196,0.193,0.271,-0.179,0.538,-0.097,0.194,0.156,0.302,0.014,0.442,0.678,-0.285,0.099,0.525,-0.142,0.122,0.167,0.508,0.481,0.441,0.449,0.583,-0.142,0.449,0.104,0.459,0.108,-0.459,0.053,-0.055,0.023,-0.013,-0.003,0.648,0.557
AMD,0.338,0.112,-0.027,0.429,1.0,0.639,-0.149,0.024,0.159,0.0,0.118,0.063,-0.016,0.09,-0.135,-0.055,0.401,0.281,-0.352,0.381,0.01,-0.06,-0.046,-0.259,-0.126,0.063,0.284,-0.097,0.502,0.123,-0.052,0.171,0.165,-0.034,-0.074,0.137,0.147,0.216,0.129,0.007,-0.007,-0.154,-0.343,0.215,0.055,0.234,0.442,-0.243,0.336,-0.226,0.06,0.339,0.346,0.215,0.032,0.383,0.681,-0.155,0.081,0.407,-0.085,0.103,0.369,0.247,-0.149,0.334,0.051,0.137,0.039,0.115,-0.341,0.288,-0.047,0.176,0.179,0.17,-0.042,0.125,0.215,0.17,-0.167,-0.016,0.154,0.035,-0.067,-0.001,-0.003,-0.346,-0.076,0.618,0.427,0.202,-0.294,-0.274,-0.245,-0.018,-0.415,-0.031,0.246,0.338
AMZN,0.171,0.386,0.217,0.514,0.639,1.0,0.188,0.179,0.508,0.297,0.297,0.258,0.439,0.402,-0.243,0.3,0.572,0.493,-0.095,0.357,0.342,0.137,-0.208,0.125,0.229,0.183,0.582,0.189,0.503,0.296,0.327,0.431,0.419,0.296,0.202,0.196,0.429,0.261,0.234,-0.258,0.329,0.088,0.055,0.349,0.326,0.497,0.681,0.088,0.596,0.169,0.201,0.675,0.516,0.484,0.319,0.279,0.544,0.138,0.265,0.682,0.209,0.458,0.546,0.194,0.045,0.518,-0.125,0.075,0.282,0.388,0.103,0.525,0.205,0.466,0.558,0.518,-0.009,0.458,0.414,0.365,0.165,0.435,0.375,0.174,0.179,0.24,0.114,-0.054,-0.127,0.492,0.628,0.523,-0.143,0.07,0.07,0.395,-0.073,0.295,0.288,0.655
APA,-0.569,0.545,0.717,0.281,-0.149,0.188,1.0,0.453,0.656,0.688,0.585,0.597,0.727,0.76,0.055,0.664,-0.154,0.619,0.542,-0.318,0.811,0.175,-0.282,0.514,0.759,0.104,0.383,0.756,-0.3,0.58,0.199,0.54,0.554,0.823,0.723,0.465,0.603,0.034,0.453,-0.626,0.686,0.493,0.536,0.487,0.73,0.369,0.484,0.478,0.48,0.585,-0.172,0.709,0.082,0.643,0.688,-0.39,-0.355,0.681,0.286,0.62,0.77,0.457,0.517,-0.587,0.841,0.234,-0.192,-0.332,0.751,0.456,0.562,0.601,0.788,0.57,0.708,0.672,-0.098,0.687,0.512,0.36,0.844,0.625,0.745,0.504,0.7,0.738,0.56,0.238,0.03,-0.472,0.636,0.355,-0.193,0.705,0.732,0.516,0.58,0.171,0.551,0.619
ARDX,-0.488,0.451,0.426,0.588,0.024,0.179,0.453,1.0,0.357,0.571,0.606,0.651,0.389,0.43,0.169,0.628,-0.267,0.597,0.168,-0.096,0.442,-0.221,-0.323,0.059,0.377,-0.298,0.173,0.537,0.248,0.232,-0.111,0.51,0.5,0.353,0.477,0.752,0.74,-0.029,0.679,-0.609,0.594,0.636,0.211,0.698,0.657,0.106,0.601,0.373,0.595,0.246,-0.379,0.38,-0.273,0.231,0.68,-0.225,-0.233,0.353,0.39,0.332,0.731,0.48,0.644,-0.362,0.495,0.268,0.003,-0.206,0.558,0.144,0.139,0.319,0.533,0.31,0.519,0.616,-0.194,0.279,0.798,-0.012,0.479,0.289,0.455,0.672,0.619,0.631,0.709,-0.16,0.374,-0.292,0.457,0.101,-0.385,0.324,0.402,0.456,0.206,0.057,0.73,0.471
AVGO,-0.332,0.612,0.64,0.362,0.159,0.508,0.656,0.357,1.0,0.562,0.429,0.459,0.89,0.632,-0.191,0.659,0.417,0.711,0.579,-0.111,0.733,0.473,-0.389,0.69,0.679,0.364,0.792,0.665,-0.053,0.631,0.502,0.547,0.543,0.679,0.695,0.264,0.667,0.206,0.204,-0.599,0.568,0.384,0.594,0.472,0.678,0.364,0.706,0.475,0.483,0.677,0.197,0.881,0.414,0.638,0.638,-0.283,0.031,0.678,0.341,0.789,0.552,0.559,0.644,-0.307,0.553,0.481,-0.266,-0.362,0.602,0.485,0.61,0.633,0.678,0.512,0.889,0.778,-0.16,0.64,0.46,0.57,0.64,0.901,0.758,0.195,0.553,0.556,0.274,0.383,-0.169,-0.04,0.658,0.734,-0.111,0.539,0.537,0.581,0.555,0.289,0.383,0.806
AZN,-0.642,0.717,0.482,0.519,0.0,0.297,0.688,0.571,0.562,1.0,0.558,0.608,0.593,0.476,0.073,0.719,-0.163,0.627,0.478,-0.228,0.522,0.015,-0.382,0.458,0.694,-0.116,0.233,0.582,-0.144,0.245,0.224,0.623,0.647,0.603,0.667,0.478,0.728,-0.28,0.588,-0.645,0.697,0.609,0.578,0.63,0.52,0.157,0.546,0.703,0.503,0.668,-0.184,0.619,0.084,0.466,0.737,-0.359,-0.215,0.525,0.035,0.631,0.682,0.355,0.574,-0.457,0.581,0.069,-0.017,-0.392,0.695,0.227,0.621,0.556,0.657,0.352,0.672,0.797,-0.191,0.42,0.586,0.213,0.515,0.536,0.708,0.383,0.834,0.7,0.563,0.124,0.104,-0.31,0.58,0.269,-0.207,0.555,0.492,0.486,0.365,0.143,0.594,0.59
BIDU,-0.451,0.364,0.61,0.481,0.118,0.297,0.585,0.606,0.429,0.558,1.0,0.924,0.478,0.601,0.241,0.535,-0.206,0.492,0.142,-0.106,0.59,-0.083,-0.208,0.303,0.399,-0.073,0.219,0.506,0.001,0.401,-0.107,0.561,0.575,0.534,0.53,0.566,0.671,-0.153,0.845,-0.531,0.903,0.409,0.162,0.586,0.524,0.321,0.525,0.247,0.555,0.267,-0.303,0.476,-0.082,0.447,0.545,-0.114,-0.196,0.453,0.299,0.507,0.715,0.322,0.669,-0.426,0.558,0.356,-0.193,-0.182,0.787,0.265,0.278,0.424,0.513,0.383,0.481,0.613,-0.028,0.476,0.68,0.14,0.566,0.371,0.54,0.557,0.669,0.781,0.6,0.08,0.176,-0.224,0.61,0.201,-0.457,0.566,0.435,0.298,0.249,-0.04,0.699,0.502
BILI,-0.499,0.41,0.64,0.47,0.063,0.258,0.597,0.651,0.459,0.608,0.924,1.0,0.512,0.524,0.199,0.594,-0.278,0.465,0.25,-0.157,0.555,0.059,-0.255,0.395,0.422,0.006,0.168,0.552,-0.057,0.371,-0.045,0.604,0.608,0.57,0.554,0.552,0.735,-0.203,0.843,-0.552,0.902,0.481,0.294,0.636,0.572,0.181,0.541,0.365,0.543,0.334,-0.269,0.455,-0.042,0.364,0.592,-0.217,-0.248,0.514,0.295,0.468,0.738,0.293,0.63,-0.525,0.661,0.302,-0.246,-0.273,0.782,0.242,0.333,0.342,0.544,0.331,0.489,0.648,-0.062,0.372,0.748,0.157,0.57,0.444,0.542,0.555,0.685,0.756,0.654,0.185,0.229,-0.306,0.564,0.28,-0.359,0.606,0.5,0.326,0.303,0.019,0.678,0.49
BKR,-0.38,0.642,0.662,0.303,-0.016,0.439,0.727,0.389,0.89,0.593,0.478,0.512,1.0,0.648,-0.071,0.714,0.263,0.705,0.633,-0.162,0.713,0.477,-0.359,0.716,0.793,0.377,0.716,0.711,-0.166,0.621,0.462,0.533,0.538,0.713,0.786,0.335,0.648,0.128,0.236,-0.592,0.652,0.422,0.625,0.453,0.703,0.351,0.612,0.513,0.449,0.664,0.105,0.827,0.377,0.588,0.638,-0.368,-0.019,0.685,0.309,0.759,0.63,0.574,0.628,-0.365,0.631,0.386,-0.363,-0.31,0.611,0.542,0.62,0.609,0.805,0.535,0.853,0.789,-0.08,0.654,0.468,0.519,0.723,0.856,0.811,0.291,0.548,0.567,0.336,0.432,-0.105,-0.135,0.607,0.658,-0.017,0.606,0.655,0.653,0.625,0.338,0.41,0.766
CAN,-0.22,0.322,0.611,0.175,0.09,0.402,0.76,0.43,0.632,0.476,0.601,0.524,0.648,1.0,0.023,0.424,0.141,0.628,0.202,-0.205,0.898,0.201,-0.184,0.352,0.593,0.223,0.626,0.65,-0.004,0.694,0.166,0.356,0.368,0.672,0.56,0.59,0.501,0.405,0.413,-0.445,0.645,0.213,0.24,0.294,0.776,0.761,0.541,0.086,0.506,0.232,-0.013,0.734,0.091,0.838,0.472,-0.0,-0.066,0.634,0.634,0.603,0.677,0.698,0.606,-0.237,0.634,0.61,-0.352,-0.06,0.615,0.652,0.283,0.742,0.648,0.785,0.697,0.539,0.15,0.915,0.584,0.406,0.813,0.596,0.636,0.47,0.525,0.698,0.382,0.059,-0.09,-0.217,0.737,0.394,-0.151,0.505,0.66,0.613,0.428,0.246,0.519,0.635
CHRD,-0.081,-0.166,-0.093,0.186,-0.135,-0.243,0.055,0.169,-0.191,0.073,0.241,0.199,-0.071,0.023,1.0,0.159,-0.519,0.053,0.013,0.182,-0.145,-0.446,0.635,-0.108,-0.012,-0.42,-0.32,-0.164,-0.172,-0.14,-0.527,0.012,0.031,-0.203,-0.086,0.292,0.001,-0.191,0.429,0.248,0.244,0.022,-0.112,0.112,-0.037,-0.039,-0.099,-0.105,-0.066,-0.25,-0.198,-0.142,-0.565,-0.257,0.046,0.143,-0.187,-0.138,0.268,-0.212,0.033,-0.116,-0.042,-0.103,0.125,-0.103,0.077,0.468,0.166,-0.068,-0.147,-0.238,0.02,-0.017,-0.196,-0.059,0.338,-0.103,0.072,-0.468,0.048,-0.184,-0.033,0.388,0.032,0.131,0.264,0.009,0.643,-0.294,-0.072,-0.343,0.064,-0.051,-0.089,-0.177,0.166,0.294,0.197,-0.072
CMCSA,-0.616,0.687,0.506,0.675,-0.055,0.3,0.664,0.628,0.659,0.719,0.535,0.594,0.714,0.424,0.159,1.0,-0.183,0.71,0.637,-0.03,0.496,0.031,-0.34,0.492,0.685,-0.088,0.305,0.599,-0.195,0.208,0.198,0.782,0.77,0.597,0.715,0.495,0.826,-0.248,0.558,-0.662,0.697,0.855,0.663,0.848,0.629,-0.016,0.65,0.728,0.629,0.671,-0.253,0.658,-0.018,0.276,0.913,-0.498,-0.306,0.516,0.151,0.63,0.687,0.36,0.673,-0.615,0.619,0.133,-0.004,-0.348,0.729,0.137,0.623,0.308,0.684,0.248,0.698,0.871,-0.299,0.319,0.575,0.089,0.511,0.583,0.745,0.53,0.676,0.627,0.711,0.292,0.389,-0.405,0.5,0.331,-0.217,0.439,0.483,0.375,0.551,0.253,0.705,0.689
CPRT,0.425,0.032,0.042,-0.076,0.401,0.572,-0.154,-0.267,0.417,-0.163,-0.206,-0.278,0.263,0.141,-0.519,-0.183,1.0,0.086,-0.107,0.224,0.168,0.476,-0.191,0.177,-0.025,0.493,0.719,0.037,0.396,0.342,0.569,-0.093,-0.096,0.029,-0.038,-0.255,-0.025,0.541,-0.453,0.019,-0.193,-0.358,-0.059,-0.218,0.05,0.422,0.271,-0.185,0.091,0.069,0.586,0.393,0.617,0.395,-0.133,0.275,0.596,0.085,0.142,0.392,-0.201,0.328,0.111,0.532,-0.295,0.492,-0.193,0.02,-0.214,0.407,0.014,0.378,-0.019,0.247,0.321,0.055,0.025,0.338,-0.117,0.539,-0.025,0.391,0.082,-0.38,-0.231,-0.238,-0.475,0.075,-0.54,0.649,0.285,0.498,0.094,-0.057,-0.096,0.28,-0.039,0.174,-0.257,0.36
CRWD,-0.324,0.695,0.53,0.596,0.281,0.493,0.619,0.597,0.711,0.627,0.492,0.465,0.705,0.628,0.053,0.71,0.086,1.0,0.454,0.039,0.607,0.062,-0.353,0.308,0.693,0.014,0.569,0.539,0.133,0.392,0.157,0.617,0.624,0.561,0.694,0.61,0.709,0.07,0.453,-0.542,0.554,0.553,0.395,0.656,0.716,0.32,0.706,0.427,0.611,0.455,-0.164,0.793,0.094,0.502,0.709,-0.151,0.121,0.463,0.336,0.68,0.675,0.611,0.797,-0.335,0.535,0.382,0.112,-0.197,0.667,0.329,0.35,0.593,0.649,0.566,0.839,0.821,-0.216,0.534,0.642,0.284,0.568,0.569,0.758,0.565,0.619,0.703,0.577,-0.058,0.113,-0.056,0.615,0.368,-0.259,0.32,0.472,0.53,0.343,0.293,0.614,0.772
CSCO,-0.557,0.563,0.373,0.106,-0.352,-0.095,0.542,0.168,0.579,0.478,0.142,0.25,0.633,0.202,0.013,0.637,-0.107,0.454,1.0,-0.256,0.343,0.375,-0.222,0.731,0.656,0.218,0.283,0.453,-0.527,0.232,0.415,0.375,0.378,0.435,0.676,0.122,0.427,-0.282,0.077,-0.433,0.375,0.539,0.84,0.31,0.375,-0.163,0.198,0.689,0.059,0.717,0.04,0.415,0.122,0.169,0.508,-0.626,-0.323,0.564,-0.088,0.386,0.389,0.139,0.237,-0.53,0.533,-0.135,0.026,-0.407,0.432,0.121,0.75,0.184,0.531,0.107,0.515,0.587,-0.27,0.176,0.157,0.193,0.439,0.583,0.56,0.069,0.486,0.344,0.242,0.584,-0.053,-0.386,0.142,0.319,0.098,0.442,0.51,0.306,0.743,0.282,0.203,0.364
CSX,0.443,-0.125,-0.18,0.294,0.381,0.357,-0.318,-0.096,-0.111,-0.228,-0.106,-0.157,-0.162,-0.205,0.182,-0.03,0.224,0.039,-0.256,1.0,-0.292,-0.18,0.243,-0.306,-0.277,-0.15,0.019,-0.273,0.438,-0.246,-0.112,0.087,0.06,-0.309,-0.296,0.003,0.018,0.104,0.005,0.265,-0.18,-0.147,-0.276,0.072,-0.145,0.027,0.183,-0.145,0.214,-0.311,0.161,0.008,0.078,-0.227,-0.062,0.416,0.444,-0.322,0.102,0.013,-0.219,-0.052,0.044,0.346,-0.357,0.157,0.194,0.377,-0.184,-0.048,-0.314,-0.244,-0.316,-0.075,-0.073,-0.078,0.077,-0.182,-0.03,-0.223,-0.31,-0.126,-0.236,0.115,-0.32,-0.247,-0.006,-0.186,0.224,0.438,-0.082,-0.059,-0.069,-0.345,-0.365,-0.258,-0.159,0.32,-0.094,0.047
DKNG,-0.344,0.462,0.724,0.184,0.01,0.342,0.811,0.442,0.733,0.522,0.59,0.555,0.713,0.898,-0.145,0.496,0.168,0.607,0.343,-0.292,1.0,0.331,-0.326,0.489,0.657,0.281,0.665,0.761,-0.079,0.725,0.259,0.423,0.432,0.782,0.644,0.512,0.606,0.352,0.383,-0.565,0.637,0.297,0.366,0.369,0.826,0.611,0.582,0.241,0.535,0.418,0.002,0.76,0.193,0.777,0.55,-0.15,-0.157,0.777,0.518,0.64,0.72,0.607,0.598,-0.348,0.666,0.583,-0.301,-0.263,0.669,0.582,0.421,0.705,0.717,0.689,0.746,0.597,-0.015,0.857,0.558,0.543,0.904,0.695,0.67,0.379,0.578,0.715,0.373,0.218,-0.155,-0.252,0.688,0.497,-0.198,0.604,0.683,0.626,0.482,0.122,0.471,0.673
EBAY,0.098,0.14,0.421,-0.349,-0.06,0.137,0.175,-0.221,0.473,0.015,-0.083,0.059,0.477,0.201,-0.446,0.031,0.476,0.062,0.375,-0.18,0.331,1.0,-0.222,0.546,0.319,0.863,0.514,0.371,-0.136,0.468,0.638,-0.097,-0.092,0.359,0.326,-0.107,0.151,0.313,-0.318,-0.049,0.069,-0.126,0.353,-0.129,0.284,0.166,0.178,0.117,-0.003,0.262,0.52,0.352,0.601,0.312,0.026,-0.105,0.197,0.515,0.094,0.277,0.137,0.213,0.118,0.04,0.21,0.299,-0.432,-0.219,-0.037,0.467,0.298,0.307,0.348,0.317,0.357,0.146,0.041,0.277,0.044,0.684,0.285,0.561,0.247,-0.233,-0.016,0.024,-0.215,0.513,-0.397,0.109,0.156,0.639,0.393,0.291,0.437,0.401,0.408,0.298,-0.196,0.291
ERIC,0.393,-0.52,-0.426,-0.241,-0.046,-0.208,-0.282,-0.323,-0.389,-0.382,-0.208,-0.255,-0.359,-0.184,0.635,-0.34,-0.191,-0.353,-0.222,0.243,-0.326,-0.222,1.0,-0.222,-0.317,-0.166,-0.325,-0.44,-0.031,-0.143,-0.343,-0.464,-0.463,-0.495,-0.439,-0.06,-0.411,0.067,-0.03,0.565,-0.218,-0.448,-0.328,-0.407,-0.363,0.052,-0.333,-0.445,-0.348,-0.505,0.235,-0.332,-0.366,-0.325,-0.404,0.42,0.045,-0.344,0.252,-0.418,-0.397,-0.242,-0.434,0.29,-0.236,-0.061,-0.024,0.755,-0.352,-0.057,-0.374,-0.323,-0.383,-0.036,-0.464,-0.493,0.517,-0.176,-0.304,-0.355,-0.206,-0.303,-0.429,-0.066,-0.412,-0.253,-0.277,0.074,0.32,0.003,-0.242,-0.238,0.417,-0.35,-0.291,-0.272,0.022,0.315,-0.235,-0.345
EXC,-0.463,0.419,0.485,0.014,-0.259,0.125,0.514,0.059,0.69,0.458,0.303,0.395,0.716,0.352,-0.108,0.492,0.177,0.308,0.731,-0.306,0.489,0.546,-0.222,1.0,0.519,0.405,0.438,0.576,-0.489,0.391,0.473,0.385,0.379,0.464,0.618,-0.024,0.416,-0.173,0.055,-0.478,0.481,0.349,0.782,0.191,0.401,0.141,0.264,0.52,0.118,0.733,0.275,0.498,0.27,0.389,0.441,-0.411,-0.292,0.711,0.096,0.465,0.427,0.148,0.279,-0.426,0.449,0.126,-0.404,-0.365,0.415,0.262,0.816,0.311,0.499,0.238,0.591,0.551,0.005,0.382,0.16,0.365,0.487,0.802,0.511,-0.057,0.498,0.367,0.098,0.762,-0.245,-0.276,0.295,0.486,0.043,0.619,0.579,0.344,0.759,0.176,0.146,0.418
FITB,-0.451,0.763,0.603,0.235,-0.126,0.229,0.759,0.377,0.679,0.694,0.399,0.422,0.793,0.593,-0.012,0.685,-0.025,0.693,0.656,-0.277,0.657,0.319,-0.317,0.519,1.0,0.209,0.422,0.662,-0.248,0.465,0.428,0.485,0.503,0.727,0.865,0.368,0.561,-0.068,0.3,-0.533,0.585,0.499,0.661,0.427,0.678,0.233,0.43,0.575,0.371,0.65,-0.073,0.712,0.233,0.506,0.615,-0.456,-0.111,0.575,0.116,0.663,0.625,0.494,0.522,-0.466,0.666,0.21,-0.155,-0.374,0.633,0.395,0.607,0.583,0.806,0.516,0.714,0.704,-0.292,0.557,0.41,0.415,0.717,0.633,0.851,0.301,0.569,0.664,0.406,0.263,-0.012,-0.276,0.537,0.378,0.083,0.572,0.689,0.665,0.518,0.274,0.489,0.65
FLEX,0.261,0.047,0.407,-0.366,0.063,0.183,0.104,-0.298,0.364,-0.116,-0.073,0.006,0.377,0.223,-0.42,-0.088,0.493,0.014,0.218,-0.15,0.281,0.863,-0.166,0.405,0.209,1.0,0.498,0.283,-0.018,0.442,0.567,-0.13,-0.118,0.326,0.197,-0.159,0.006,0.363,-0.339,-0.003,0.013,-0.257,0.142,-0.196,0.207,0.28,0.146,-0.113,0.063,0.078,0.491,0.305,0.58,0.364,-0.085,-0.02,0.329,0.414,0.106,0.266,0.003,0.265,0.082,0.149,0.161,0.357,-0.505,-0.146,-0.084,0.539,0.116,0.291,0.261,0.305,0.219,0.02,0.135,0.328,-0.047,0.626,0.238,0.398,0.198,-0.214,-0.115,-0.04,-0.26,0.357,-0.415,0.245,0.154,0.546,0.372,0.242,0.276,0.337,0.252,0.242,-0.247,0.209
FTNT,0.029,0.357,0.43,0.156,0.284,0.582,0.383,0.173,0.792,0.233,0.219,0.168,0.716,0.626,-0.32,0.305,0.719,0.569,0.283,0.019,0.665,0.514,-0.325,0.438,0.422,0.498,1.0,0.469,0.191,0.658,0.49,0.247,0.25,0.482,0.408,0.228,0.4,0.577,-0.051,-0.357,0.297,0.028,0.234,0.173,0.567,0.593,0.586,0.085,0.387,0.31,0.334,0.764,0.52,0.682,0.329,-0.002,0.329,0.506,0.487,0.679,0.301,0.667,0.494,0.115,0.256,0.642,-0.246,-0.106,0.279,0.654,0.27,0.639,0.486,0.538,0.722,0.489,0.039,0.703,0.304,0.631,0.532,0.712,0.531,0.069,0.204,0.252,-0.008,0.178,-0.348,0.258,0.584,0.679,-0.05,0.284,0.333,0.586,0.346,0.306,0.16,0.701
GEN,-0.498,0.522,0.809,0.198,-0.097,0.189,0.756,0.537,0.665,0.582,0.506,0.552,0.711,0.65,-0.164,0.599,0.037,0.539,0.453,-0.273,0.761,0.371,-0.44,0.576,0.662,0.283,0.469,1.0,-0.147,0.566,0.288,0.532,0.514,0.748,0.731,0.43,0.652,0.04,0.296,-0.683,0.581,0.525,0.516,0.495,0.845,0.374,0.601,0.386,0.581,0.552,-0.025,0.678,0.173,0.615,0.743,-0.408,-0.285,0.72,0.307,0.584,0.759,0.429,0.557,-0.514,0.68,0.345,-0.389,-0.43,0.581,0.45,0.522,0.568,0.812,0.491,0.727,0.62,-0.101,0.635,0.477,0.455,0.801,0.72,0.674,0.408,0.64,0.62,0.513,0.266,-0.029,-0.336,0.559,0.443,-0.238,0.749,0.742,0.646,0.586,0.057,0.553,0.602
GERN,0.43,-0.045,-0.093,0.285,0.502,0.503,-0.3,0.248,-0.053,-0.144,0.001,-0.057,-0.166,-0.004,-0.172,-0.195,0.396,0.133,-0.527,0.438,-0.079,-0.136,-0.031,-0.489,-0.248,-0.018,0.191,-0.147,1.0,0.059,-0.062,-0.04,-0.063,-0.205,-0.315,0.193,0.099,0.393,0.09,0.048,-0.107,-0.18,-0.531,0.09,0.043,0.29,0.38,-0.33,0.377,-0.368,0.054,0.126,0.125,0.08,-0.072,0.511,0.584,-0.25,0.231,0.077,-0.078,0.293,0.197,0.498,-0.324,0.419,0.151,0.245,-0.184,0.186,-0.491,0.171,-0.165,0.181,0.06,-0.034,-0.017,0.062,0.264,0.154,-0.202,-0.166,-0.182,0.169,-0.215,-0.074,-0.014,-0.554,-0.023,0.589,0.173,0.067,-0.138,-0.306,-0.35,0.129,-0.455,0.097,-0.009,0.159
GEVO,-0.197,0.282,0.532,-0.074,0.123,0.296,0.58,0.232,0.631,0.245,0.401,0.371,0.621,0.694,-0.14,0.208,0.342,0.392,0.232,-0.246,0.725,0.468,-0.143,0.391,0.465,0.442,0.658,0.566,0.059,1.0,0.327,0.1,0.086,0.589,0.403,0.287,0.335,0.512,0.108,-0.301,0.416,-0.035,0.202,0.073,0.59,0.578,0.419,-0.023,0.284,0.217,0.25,0.628,0.384,0.716,0.256,-0.091,0.093,0.601,0.449,0.561,0.419,0.526,0.396,-0.032,0.49,0.564,-0.38,-0.084,0.334,0.732,0.204,0.733,0.636,0.635,0.615,0.346,0.091,0.734,0.342,0.769,0.66,0.596,0.461,0.186,0.278,0.378,0.097,0.172,-0.375,-0.013,0.608,0.542,-0.099,0.514,0.584,0.574,0.361,0.206,0.236,0.608
GILD,-0.034,0.362,0.252,-0.168,-0.052,0.327,0.199,-0.111,0.502,0.224,-0.107,-0.045,0.462,0.166,-0.527,0.198,0.569,0.157,0.415,-0.112,0.259,0.638,-0.343,0.473,0.428,0.567,0.49,0.288,-0.062,0.327,1.0,0.033,0.034,0.342,0.393,-0.194,0.195,0.133,-0.302,-0.192,0.041,0.092,0.53,-0.064,0.163,0.12,0.219,0.345,0.089,0.5,0.59,0.41,0.603,0.333,0.157,-0.222,0.168,0.326,-0.113,0.437,0.101,0.376,0.14,0.204,0.088,0.23,-0.224,-0.266,0.018,0.388,0.476,0.383,0.25,0.307,0.431,0.309,-0.207,0.25,0.001,0.57,0.159,0.588,0.312,-0.333,0.152,0.007,-0.249,0.399,-0.413,0.134,0.265,0.546,0.341,0.275,0.375,0.532,0.32,0.388,-0.093,0.423
GOOG,-0.505,0.675,0.518,0.743,0.171,0.431,0.54,0.51,0.547,0.623,0.561,0.604,0.533,0.356,0.012,0.782,-0.093,0.617,0.375,0.087,0.423,-0.097,-0.464,0.385,0.485,-0.13,0.247,0.532,-0.04,0.1,0.033,1.0,0.988,0.599,0.585,0.307,0.728,-0.325,0.548,-0.683,0.635,0.719,0.45,0.823,0.527,0.045,0.641,0.557,0.688,0.569,-0.392,0.607,0.082,0.339,0.803,-0.428,-0.184,0.358,0.037,0.669,0.543,0.192,0.668,-0.637,0.487,0.117,0.036,-0.459,0.756,-0.042,0.532,0.274,0.488,0.083,0.593,0.776,-0.409,0.288,0.487,0.025,0.385,0.432,0.681,0.523,0.621,0.573,0.731,0.121,0.248,-0.143,0.536,0.18,-0.474,0.497,0.252,0.185,0.245,-0.053,0.648,0.614
GOOGL,-0.494,0.677,0.552,0.732,0.165,0.419,0.554,0.5,0.543,0.647,0.575,0.608,0.538,0.368,0.031,0.77,-0.096,0.624,0.378,0.06,0.432,-0.092,-0.463,0.379,0.503,-0.118,0.25,0.514,-0.063,0.086,0.034,0.988,1.0,0.633,0.614,0.326,0.731,-0.335,0.56,-0.671,0.644,0.692,0.435,0.807,0.503,0.048,0.626,0.552,0.67,0.562,-0.393,0.61,0.086,0.355,0.778,-0.413,-0.169,0.361,0.019,0.682,0.558,0.195,0.688,-0.623,0.506,0.099,0.029,-0.462,0.789,-0.037,0.524,0.311,0.491,0.11,0.587,0.782,-0.397,0.297,0.494,0.022,0.392,0.42,0.704,0.527,0.644,0.605,0.726,0.112,0.249,-0.137,0.566,0.183,-0.45,0.509,0.256,0.197,0.241,-0.049,0.644,0.62
GT,-0.451,0.561,0.822,0.201,-0.034,0.296,0.823,0.353,0.679,0.603,0.534,0.57,0.713,0.672,-0.203,0.597,0.029,0.561,0.435,-0.309,0.782,0.359,-0.495,0.464,0.727,0.326,0.482,0.748,-0.205,0.589,0.342,0.599,0.633,1.0,0.709,0.36,0.606,0.058,0.358,-0.567,0.615,0.431,0.462,0.467,0.671,0.33,0.518,0.394,0.559,0.541,-0.095,0.714,0.348,0.664,0.619,-0.435,-0.192,0.622,0.169,0.702,0.657,0.442,0.584,-0.491,0.778,0.288,-0.266,-0.459,0.743,0.462,0.496,0.661,0.726,0.508,0.68,0.646,-0.208,0.638,0.475,0.559,0.746,0.632,0.725,0.422,0.603,0.664,0.537,0.19,-0.062,-0.316,0.666,0.509,-0.154,0.732,0.648,0.552,0.389,0.098,0.486,0.672
HBAN,-0.528,0.714,0.717,0.311,-0.074,0.202,0.723,0.477,0.695,0.667,0.53,0.554,0.786,0.56,-0.086,0.715,-0.038,0.694,0.676,-0.296,0.644,0.326,-0.439,0.618,0.865,0.197,0.408,0.731,-0.315,0.403,0.393,0.585,0.614,0.709,1.0,0.411,0.67,-0.205,0.355,-0.677,0.646,0.622,0.692,0.521,0.679,0.116,0.498,0.62,0.385,0.702,-0.095,0.664,0.195,0.461,0.679,-0.498,-0.187,0.625,0.091,0.668,0.754,0.417,0.687,-0.581,0.689,0.184,-0.215,-0.491,0.68,0.248,0.655,0.55,0.752,0.461,0.756,0.799,-0.31,0.461,0.498,0.301,0.663,0.677,0.851,0.351,0.73,0.755,0.494,0.335,-0.05,-0.3,0.566,0.398,-0.099,0.619,0.751,0.597,0.557,0.115,0.629,0.622
HST,-0.246,0.253,0.369,0.393,0.137,0.196,0.465,0.752,0.264,0.478,0.566,0.552,0.335,0.59,0.292,0.495,-0.255,0.61,0.122,0.003,0.512,-0.107,-0.06,-0.024,0.368,-0.159,0.228,0.43,0.193,0.287,-0.194,0.307,0.326,0.36,0.411,1.0,0.652,0.133,0.695,-0.316,0.576,0.428,0.045,0.515,0.611,0.319,0.527,0.16,0.531,-0.041,-0.286,0.41,-0.277,0.319,0.52,0.07,-0.091,0.347,0.5,0.303,0.71,0.496,0.633,-0.244,0.533,0.317,0.026,0.109,0.513,0.31,-0.037,0.429,0.475,0.548,0.456,0.512,0.065,0.431,0.826,0.023,0.513,0.213,0.393,0.731,0.504,0.64,0.663,-0.204,0.369,-0.321,0.505,0.111,-0.167,0.128,0.43,0.428,0.273,0.291,0.699,0.412
INTC,-0.467,0.635,0.625,0.686,0.147,0.429,0.603,0.74,0.667,0.728,0.671,0.735,0.648,0.501,0.001,0.826,-0.025,0.709,0.427,0.018,0.606,0.151,-0.411,0.416,0.561,0.006,0.4,0.652,0.099,0.335,0.195,0.728,0.731,0.606,0.67,0.652,1.0,-0.091,0.675,-0.678,0.754,0.703,0.454,0.834,0.699,0.131,0.821,0.588,0.742,0.511,-0.177,0.718,0.078,0.399,0.834,-0.248,-0.114,0.633,0.244,0.671,0.819,0.441,0.838,-0.465,0.574,0.402,-0.064,-0.364,0.728,0.254,0.461,0.466,0.648,0.392,0.743,0.876,-0.262,0.404,0.807,0.262,0.527,0.59,0.686,0.56,0.702,0.725,0.692,0.177,0.252,-0.2,0.653,0.441,-0.295,0.461,0.504,0.438,0.452,0.206,0.718,0.752
IOVA,0.471,-0.237,0.05,-0.195,0.216,0.261,0.034,-0.029,0.206,-0.28,-0.153,-0.203,0.128,0.405,-0.191,-0.248,0.541,0.07,-0.282,0.104,0.352,0.313,0.067,-0.173,-0.068,0.363,0.577,0.04,0.393,0.512,0.133,-0.325,-0.335,0.058,-0.205,0.133,-0.091,1.0,-0.271,0.192,-0.163,-0.457,-0.324,-0.263,0.292,0.547,0.176,-0.436,0.066,-0.321,0.35,0.245,0.237,0.366,-0.196,0.402,0.397,0.15,0.625,0.068,-0.06,0.528,0.022,0.46,-0.014,0.653,-0.239,0.255,-0.239,0.61,-0.359,0.293,0.088,0.421,0.162,-0.169,0.334,0.454,0.076,0.419,0.258,0.169,-0.051,0.019,-0.343,-0.133,-0.256,-0.138,-0.225,0.295,0.175,0.343,0.183,-0.128,0.07,0.273,-0.017,0.284,-0.199,0.211
IQ,-0.427,0.338,0.363,0.601,0.129,0.234,0.453,0.679,0.204,0.588,0.845,0.843,0.236,0.413,0.429,0.558,-0.453,0.453,0.077,0.005,0.383,-0.318,-0.03,0.055,0.3,-0.339,-0.051,0.296,0.09,0.108,-0.302,0.548,0.56,0.358,0.355,0.695,0.675,-0.271,1.0,-0.385,0.793,0.5,0.091,0.668,0.422,0.126,0.473,0.274,0.579,0.112,-0.439,0.321,-0.3,0.19,0.55,-0.015,-0.221,0.247,0.273,0.319,0.633,0.215,0.556,-0.425,0.506,0.193,0.054,-0.032,0.71,0.063,0.118,0.231,0.352,0.272,0.304,0.545,-0.066,0.236,0.75,-0.119,0.392,0.137,0.391,0.689,0.6,0.708,0.74,-0.081,0.473,-0.313,0.497,0.018,-0.382,0.323,0.243,0.192,0.136,0.066,0.732,0.374
JBLU,0.672,-0.661,-0.514,-0.52,0.007,-0.258,-0.626,-0.609,-0.599,-0.645,-0.531,-0.552,-0.592,-0.445,0.248,-0.662,0.019,-0.542,-0.433,0.265,-0.565,-0.049,0.565,-0.478,-0.533,-0.003,-0.357,-0.683,0.048,-0.301,-0.192,-0.683,-0.671,-0.567,-0.677,-0.316,-0.678,0.192,-0.385,1.0,-0.585,-0.666,-0.465,-0.665,-0.582,-0.107,-0.556,-0.549,-0.546,-0.66,0.385,-0.567,-0.096,-0.439,-0.739,0.521,0.288,-0.53,-0.115,-0.623,-0.681,-0.351,-0.634,0.553,-0.45,-0.187,0.11,0.522,-0.584,-0.13,-0.554,-0.435,-0.665,-0.221,-0.642,-0.72,0.379,-0.4,-0.543,-0.236,-0.519,-0.494,-0.685,-0.356,-0.698,-0.61,-0.546,-0.114,0.008,0.228,-0.535,-0.245,0.513,-0.554,-0.463,-0.389,-0.306,0.21,-0.614,-0.55
JD,-0.519,0.48,0.616,0.497,-0.007,0.329,0.686,0.594,0.568,0.697,0.903,0.902,0.652,0.645,0.244,0.697,-0.193,0.554,0.375,-0.18,0.637,0.069,-0.218,0.481,0.585,0.013,0.297,0.581,-0.107,0.416,0.041,0.635,0.644,0.615,0.646,0.576,0.754,-0.163,0.793,-0.585,1.0,0.514,0.393,0.627,0.595,0.305,0.579,0.446,0.522,0.446,-0.275,0.599,-0.01,0.489,0.643,-0.258,-0.242,0.556,0.302,0.598,0.738,0.369,0.682,-0.541,0.652,0.314,-0.219,-0.228,0.843,0.34,0.492,0.468,0.649,0.407,0.588,0.757,-0.074,0.535,0.71,0.188,0.638,0.527,0.675,0.528,0.707,0.804,0.609,0.232,0.203,-0.325,0.633,0.319,-0.262,0.583,0.534,0.414,0.435,0.14,0.694,0.576
KDP,-0.697,0.598,0.359,0.589,-0.154,0.088,0.493,0.636,0.384,0.609,0.409,0.481,0.422,0.213,0.022,0.855,-0.358,0.553,0.539,-0.147,0.297,-0.126,-0.448,0.349,0.499,-0.257,0.028,0.525,-0.18,-0.035,0.092,0.719,0.692,0.431,0.622,0.428,0.703,-0.457,0.5,-0.666,0.514,1.0,0.612,0.796,0.502,-0.221,0.467,0.714,0.556,0.624,-0.41,0.388,-0.151,0.087,0.849,-0.552,-0.462,0.352,-0.043,0.383,0.655,0.13,0.541,-0.692,0.487,-0.083,0.14,-0.438,0.577,-0.128,0.571,0.134,0.49,0.081,0.526,0.732,-0.442,0.061,0.512,-0.071,0.289,0.345,0.536,0.492,0.649,0.533,0.744,0.161,0.365,-0.518,0.292,0.068,-0.332,0.324,0.419,0.241,0.402,0.016,0.691,0.431
KHC,-0.618,0.601,0.37,0.118,-0.343,0.055,0.536,0.211,0.594,0.578,0.162,0.294,0.625,0.24,-0.112,0.663,-0.059,0.395,0.84,-0.276,0.366,0.353,-0.328,0.782,0.661,0.142,0.234,0.516,-0.531,0.202,0.53,0.45,0.435,0.462,0.692,0.045,0.454,-0.324,0.091,-0.465,0.393,0.612,1.0,0.315,0.407,-0.107,0.221,0.801,0.126,0.839,0.128,0.426,0.18,0.241,0.562,-0.619,-0.41,0.575,-0.089,0.42,0.442,0.155,0.247,-0.517,0.511,-0.118,-0.16,-0.467,0.434,0.074,0.872,0.222,0.49,0.154,0.574,0.63,-0.268,0.207,0.178,0.179,0.404,0.688,0.539,0.018,0.543,0.36,0.246,0.637,-0.109,-0.431,0.212,0.349,0.072,0.534,0.619,0.391,0.687,0.24,0.27,0.406
LRCX,-0.5,0.612,0.466,0.876,0.215,0.349,0.487,0.698,0.472,0.63,0.586,0.636,0.453,0.294,0.112,0.848,-0.218,0.656,0.31,0.072,0.369,-0.129,-0.407,0.191,0.427,-0.196,0.173,0.495,0.09,0.073,-0.064,0.823,0.807,0.467,0.521,0.515,0.834,-0.263,0.668,-0.665,0.627,0.796,0.315,1.0,0.559,-0.066,0.741,0.541,0.75,0.452,-0.459,0.561,-0.087,0.2,0.884,-0.335,-0.166,0.345,0.095,0.565,0.627,0.241,0.735,-0.577,0.456,0.171,0.166,-0.368,0.68,-0.037,0.352,0.233,0.55,0.095,0.556,0.771,-0.366,0.183,0.625,0.016,0.337,0.313,0.642,0.607,0.618,0.603,0.787,-0.007,0.487,-0.188,0.501,0.196,-0.457,0.303,0.219,0.189,0.201,-0.017,0.771,0.629
LYFT,-0.337,0.537,0.716,0.351,0.055,0.326,0.73,0.657,0.678,0.52,0.524,0.572,0.703,0.776,-0.037,0.629,0.05,0.716,0.375,-0.145,0.826,0.284,-0.363,0.401,0.678,0.207,0.567,0.845,0.043,0.59,0.163,0.527,0.503,0.671,0.679,0.611,0.699,0.292,0.422,-0.582,0.595,0.502,0.407,0.559,1.0,0.448,0.677,0.286,0.655,0.383,-0.094,0.743,0.093,0.604,0.722,-0.208,-0.11,0.707,0.58,0.568,0.785,0.63,0.65,-0.446,0.704,0.591,-0.278,-0.318,0.581,0.535,0.325,0.543,0.796,0.603,0.77,0.643,-0.075,0.676,0.657,0.401,0.841,0.66,0.703,0.577,0.519,0.67,0.582,0.135,0.081,-0.243,0.612,0.42,-0.221,0.555,0.712,0.664,0.507,0.192,0.627,0.7
MARA,0.175,-0.008,0.321,-0.031,0.234,0.497,0.369,0.106,0.364,0.157,0.321,0.181,0.351,0.761,-0.039,-0.016,0.422,0.32,-0.163,0.027,0.611,0.166,0.052,0.141,0.233,0.28,0.593,0.374,0.29,0.578,0.12,0.045,0.048,0.33,0.116,0.319,0.131,0.547,0.126,-0.107,0.305,-0.221,-0.107,-0.066,0.448,1.0,0.36,-0.282,0.371,-0.08,0.25,0.534,0.183,0.801,0.102,0.321,0.216,0.34,0.592,0.437,0.255,0.514,0.278,0.188,0.212,0.594,-0.364,0.282,0.24,0.642,0.024,0.667,0.287,0.672,0.437,0.16,0.408,0.871,0.262,0.4,0.52,0.394,0.257,0.189,0.142,0.304,-0.022,-0.081,-0.253,0.178,0.569,0.313,-0.037,0.259,0.274,0.477,0.173,0.255,0.156,0.41
MCHP,-0.138,0.51,0.571,0.704,0.442,0.681,0.484,0.601,0.706,0.546,0.525,0.541,0.612,0.541,-0.099,0.65,0.271,0.706,0.198,0.183,0.582,0.178,-0.333,0.264,0.43,0.146,0.586,0.601,0.38,0.419,0.219,0.641,0.626,0.518,0.498,0.527,0.821,0.176,0.473,-0.556,0.579,0.467,0.221,0.741,0.677,0.36,1.0,0.306,0.801,0.342,0.024,0.821,0.277,0.502,0.734,-0.0,0.227,0.461,0.385,0.731,0.593,0.539,0.821,-0.208,0.416,0.566,-0.105,-0.193,0.557,0.38,0.255,0.558,0.538,0.47,0.768,0.76,-0.097,0.506,0.662,0.36,0.466,0.602,0.616,0.471,0.551,0.591,0.5,0.036,0.144,0.146,0.682,0.615,-0.25,0.307,0.316,0.484,0.276,0.258,0.576,0.774
MDLZ,-0.659,0.676,0.29,0.424,-0.243,0.088,0.478,0.373,0.475,0.703,0.247,0.365,0.513,0.086,-0.105,0.728,-0.185,0.427,0.689,-0.145,0.241,0.117,-0.445,0.52,0.575,-0.113,0.085,0.386,-0.33,-0.023,0.345,0.557,0.552,0.394,0.62,0.16,0.588,-0.436,0.274,-0.549,0.446,0.714,0.801,0.541,0.286,-0.282,0.306,1.0,0.209,0.848,-0.167,0.366,0.105,0.08,0.612,-0.613,-0.371,0.406,-0.264,0.404,0.466,0.071,0.33,-0.564,0.414,-0.245,0.13,-0.508,0.507,-0.122,0.791,0.134,0.429,0.001,0.499,0.709,-0.459,0.042,0.314,0.024,0.258,0.464,0.525,0.13,0.592,0.403,0.385,0.366,0.068,-0.375,0.178,0.23,-0.076,0.374,0.394,0.233,0.42,0.105,0.359,0.358
META,-0.227,0.489,0.543,0.632,0.336,0.596,0.48,0.595,0.483,0.503,0.555,0.543,0.449,0.506,-0.066,0.629,0.091,0.611,0.059,0.214,0.535,-0.003,-0.348,0.118,0.371,0.063,0.387,0.581,0.377,0.284,0.089,0.688,0.67,0.559,0.385,0.531,0.742,0.066,0.579,-0.546,0.522,0.556,0.126,0.75,0.655,0.371,0.801,0.209,1.0,0.224,-0.157,0.676,0.153,0.478,0.747,-0.034,0.073,0.395,0.316,0.64,0.61,0.436,0.702,-0.239,0.4,0.471,-0.091,-0.166,0.549,0.333,0.162,0.463,0.508,0.434,0.61,0.617,-0.14,0.473,0.637,0.282,0.427,0.382,0.518,0.613,0.472,0.528,0.662,-0.09,0.247,0.008,0.652,0.31,-0.405,0.357,0.263,0.406,0.167,0.146,0.618,0.693
MNST,-0.669,0.701,0.446,0.321,-0.226,0.169,0.585,0.246,0.677,0.668,0.267,0.334,0.664,0.232,-0.25,0.671,0.069,0.455,0.717,-0.311,0.418,0.262,-0.505,0.733,0.65,0.078,0.31,0.552,-0.368,0.217,0.5,0.569,0.562,0.541,0.702,-0.041,0.511,-0.321,0.112,-0.66,0.446,0.624,0.839,0.452,0.383,-0.08,0.342,0.848,0.224,1.0,-0.007,0.531,0.256,0.315,0.63,-0.637,-0.346,0.526,-0.191,0.55,0.455,0.154,0.35,-0.55,0.447,-0.064,-0.052,-0.609,0.515,0.039,0.905,0.318,0.543,0.101,0.641,0.713,-0.398,0.25,0.177,0.276,0.401,0.682,0.637,0.019,0.618,0.427,0.269,0.484,-0.165,-0.296,0.312,0.397,-0.136,0.576,0.475,0.363,0.478,-0.002,0.308,0.495
MRNA,0.431,-0.225,0.02,-0.422,0.06,0.201,-0.172,-0.379,0.197,-0.184,-0.303,-0.269,0.105,-0.013,-0.198,-0.253,0.586,-0.164,0.04,0.161,0.002,0.52,0.235,0.275,-0.073,0.491,0.334,-0.025,0.054,0.25,0.59,-0.392,-0.393,-0.095,-0.095,-0.286,-0.177,0.35,-0.439,0.385,-0.275,-0.41,0.128,-0.459,-0.094,0.25,0.024,-0.167,-0.157,-0.007,1.0,0.104,0.397,0.121,-0.247,0.318,0.304,0.126,0.136,0.025,-0.246,0.166,-0.214,0.538,-0.122,0.263,-0.349,0.196,-0.36,0.356,0.037,0.135,-0.203,0.245,0.107,-0.155,0.398,0.11,-0.286,0.336,-0.066,0.404,-0.207,-0.418,-0.18,-0.28,-0.545,0.367,-0.415,0.275,-0.02,0.485,0.522,0.008,0.067,0.242,0.242,0.45,-0.431,0.058
MRVL,-0.222,0.646,0.636,0.499,0.339,0.675,0.709,0.38,0.881,0.619,0.476,0.455,0.827,0.734,-0.142,0.658,0.393,0.793,0.415,0.008,0.76,0.352,-0.332,0.498,0.712,0.305,0.764,0.678,0.126,0.628,0.41,0.607,0.61,0.714,0.664,0.41,0.718,0.245,0.321,-0.567,0.599,0.388,0.426,0.561,0.743,0.534,0.821,0.366,0.676,0.531,0.104,1.0,0.434,0.758,0.693,-0.125,0.197,0.623,0.353,0.897,0.607,0.605,0.74,-0.259,0.546,0.563,-0.201,-0.249,0.631,0.58,0.475,0.764,0.723,0.638,0.902,0.8,-0.126,0.754,0.534,0.574,0.644,0.766,0.822,0.345,0.53,0.609,0.374,0.182,-0.092,0.075,0.819,0.648,-0.161,0.474,0.513,0.616,0.453,0.324,0.515,0.903
MSFT,0.134,0.322,0.222,-0.068,0.346,0.516,0.082,-0.273,0.414,0.084,-0.082,-0.042,0.377,0.091,-0.565,-0.018,0.617,0.094,0.122,0.078,0.193,0.601,-0.366,0.27,0.233,0.58,0.52,0.173,0.125,0.384,0.603,0.082,0.086,0.348,0.195,-0.277,0.078,0.237,-0.3,-0.096,-0.01,-0.151,0.18,-0.087,0.093,0.183,0.277,0.105,0.153,0.256,0.397,0.434,1.0,0.342,-0.037,-0.055,0.553,0.165,-0.125,0.515,-0.054,0.105,0.162,0.221,-0.032,0.235,-0.228,-0.221,-0.032,0.433,0.194,0.401,0.207,0.217,0.345,0.202,-0.127,0.212,-0.03,0.703,0.061,0.389,0.247,-0.342,-0.075,-0.102,-0.273,0.215,-0.544,0.478,0.277,0.594,0.069,0.172,0.162,0.312,-0.029,0.15,-0.186,0.373
MSTR,-0.185,0.35,0.576,0.113,0.215,0.484,0.643,0.231,0.638,0.466,0.447,0.364,0.588,0.838,-0.257,0.276,0.395,0.502,0.169,-0.227,0.777,0.312,-0.325,0.389,0.506,0.364,0.682,0.615,0.08,0.716,0.333,0.339,0.355,0.664,0.461,0.319,0.399,0.366,0.19,-0.439,0.489,0.087,0.241,0.2,0.604,0.801,0.502,0.08,0.478,0.315,0.121,0.758,0.342,1.0,0.394,-0.107,0.062,0.6,0.353,0.743,0.469,0.555,0.495,-0.128,0.489,0.504,-0.36,-0.209,0.518,0.637,0.373,0.866,0.569,0.619,0.694,0.49,0.049,0.93,0.365,0.583,0.637,0.584,0.619,0.182,0.459,0.509,0.158,0.054,-0.382,0.051,0.801,0.427,-0.208,0.555,0.49,0.572,0.322,0.098,0.367,0.657
MU,-0.607,0.659,0.574,0.678,0.032,0.319,0.688,0.68,0.638,0.737,0.545,0.592,0.638,0.472,0.046,0.913,-0.133,0.709,0.508,-0.062,0.55,0.026,-0.404,0.441,0.615,-0.085,0.329,0.743,-0.072,0.256,0.157,0.803,0.778,0.619,0.679,0.52,0.834,-0.196,0.55,-0.739,0.643,0.849,0.562,0.884,0.722,0.102,0.734,0.612,0.747,0.63,-0.247,0.693,-0.037,0.394,1.0,-0.446,-0.315,0.528,0.203,0.641,0.727,0.389,0.678,-0.604,0.623,0.199,0.004,-0.395,0.682,0.152,0.556,0.395,0.694,0.274,0.734,0.823,-0.265,0.392,0.576,0.141,0.551,0.582,0.726,0.583,0.736,0.642,0.76,0.175,0.339,-0.354,0.577,0.315,-0.348,0.521,0.471,0.428,0.501,0.128,0.766,0.703
MVIS,0.67,-0.456,-0.278,-0.096,0.383,0.279,-0.39,-0.225,-0.283,-0.359,-0.114,-0.217,-0.368,-0.0,0.143,-0.498,0.275,-0.151,-0.626,0.416,-0.15,-0.105,0.42,-0.411,-0.456,-0.02,-0.002,-0.408,0.511,-0.091,-0.222,-0.428,-0.413,-0.435,-0.498,0.07,-0.248,0.402,-0.015,0.521,-0.258,-0.552,-0.619,-0.335,-0.208,0.321,-0.0,-0.613,-0.034,-0.637,0.318,-0.125,-0.055,-0.107,-0.446,1.0,0.527,-0.271,0.309,-0.298,-0.208,0.08,-0.085,0.647,-0.426,0.332,0.019,0.586,-0.372,0.124,-0.616,-0.043,-0.437,0.289,-0.221,-0.361,0.496,-0.023,0.021,-0.067,-0.269,-0.242,-0.467,0.008,-0.345,-0.188,-0.28,-0.312,-0.025,0.421,-0.083,-0.016,0.139,-0.476,-0.303,-0.125,-0.315,0.218,-0.3,-0.186
NFLX,0.645,0.016,-0.152,0.094,0.681,0.544,-0.355,-0.233,0.031,-0.215,-0.196,-0.248,-0.019,-0.066,-0.187,-0.306,0.596,0.121,-0.323,0.444,-0.157,0.197,0.045,-0.292,-0.111,0.329,0.329,-0.285,0.584,0.093,0.168,-0.184,-0.169,-0.192,-0.187,-0.091,-0.114,0.397,-0.221,0.288,-0.242,-0.462,-0.41,-0.166,-0.11,0.216,0.227,-0.371,0.073,-0.346,0.304,0.197,0.553,0.062,-0.315,0.527,1.0,-0.256,0.052,0.211,-0.303,0.186,0.144,0.62,-0.393,0.366,0.027,0.272,-0.295,0.308,-0.44,0.205,-0.125,0.195,0.048,-0.07,0.085,0.026,-0.015,0.311,-0.248,-0.077,-0.015,-0.193,-0.369,-0.239,-0.348,-0.286,-0.242,0.854,0.119,0.244,0.133,-0.384,-0.291,0.087,-0.395,0.25,-0.233,0.176
NNDM,-0.421,0.431,0.68,0.104,-0.155,0.138,0.681,0.353,0.678,0.525,0.453,0.514,0.685,0.634,-0.138,0.516,0.085,0.463,0.564,-0.322,0.777,0.515,-0.344,0.711,0.575,0.414,0.506,0.72,-0.25,0.601,0.326,0.358,0.361,0.622,0.625,0.347,0.633,0.15,0.247,-0.53,0.556,0.352,0.575,0.345,0.707,0.34,0.461,0.406,0.395,0.526,0.126,0.623,0.165,0.6,0.528,-0.271,-0.256,1.0,0.288,0.506,0.697,0.404,0.505,-0.42,0.636,0.428,-0.396,-0.44,0.525,0.456,0.594,0.502,0.689,0.459,0.681,0.576,0.011,0.625,0.462,0.48,0.71,0.704,0.599,0.221,0.549,0.577,0.285,0.525,-0.207,-0.296,0.47,0.483,-0.075,0.63,0.72,0.437,0.688,0.116,0.306,0.548
NVAX,0.126,-0.118,0.247,0.094,0.081,0.265,0.286,0.39,0.341,0.035,0.299,0.295,0.309,0.634,0.268,0.151,0.142,0.336,-0.088,0.102,0.518,0.094,0.252,0.096,0.116,0.106,0.487,0.307,0.231,0.449,-0.113,0.037,0.019,0.169,0.091,0.5,0.244,0.625,0.273,-0.115,0.302,-0.043,-0.089,0.095,0.58,0.592,0.385,-0.264,0.316,-0.191,0.136,0.353,-0.125,0.353,0.203,0.309,0.052,0.288,1.0,0.127,0.341,0.59,0.295,0.078,0.303,0.692,-0.35,0.363,0.139,0.548,-0.17,0.267,0.261,0.567,0.346,0.13,0.466,0.516,0.456,0.128,0.536,0.384,0.142,0.466,0.083,0.326,0.235,-0.004,0.215,-0.102,0.347,0.293,0.019,0.125,0.317,0.399,0.296,0.396,0.266,0.327
NVDA,-0.293,0.686,0.574,0.526,0.407,0.682,0.62,0.332,0.789,0.631,0.507,0.468,0.759,0.603,-0.212,0.63,0.392,0.68,0.386,0.013,0.64,0.277,-0.418,0.465,0.663,0.266,0.679,0.584,0.077,0.561,0.437,0.669,0.682,0.702,0.668,0.303,0.671,0.068,0.319,-0.623,0.598,0.383,0.42,0.565,0.568,0.437,0.731,0.404,0.64,0.55,0.025,0.897,0.515,0.743,0.641,-0.298,0.211,0.506,0.127,1.0,0.496,0.463,0.722,-0.26,0.458,0.401,-0.185,-0.313,0.647,0.463,0.506,0.762,0.662,0.456,0.803,0.793,-0.258,0.674,0.451,0.535,0.513,0.646,0.834,0.225,0.534,0.536,0.329,0.147,-0.169,0.166,0.85,0.528,-0.267,0.481,0.389,0.511,0.299,0.168,0.557,0.871
NWL,-0.544,0.515,0.717,0.4,-0.085,0.209,0.77,0.731,0.552,0.682,0.715,0.738,0.63,0.677,0.033,0.687,-0.201,0.675,0.389,-0.219,0.72,0.137,-0.397,0.427,0.625,0.003,0.301,0.759,-0.078,0.419,0.101,0.543,0.558,0.657,0.754,0.71,0.819,-0.06,0.633,-0.681,0.738,0.655,0.442,0.627,0.785,0.255,0.593,0.466,0.61,0.455,-0.246,0.607,-0.054,0.469,0.727,-0.208,-0.303,0.697,0.341,0.496,1.0,0.477,0.763,-0.537,0.704,0.365,-0.212,-0.34,0.697,0.348,0.427,0.519,0.724,0.595,0.723,0.744,-0.111,0.51,0.814,0.265,0.693,0.555,0.643,0.643,0.751,0.841,0.716,0.141,0.154,-0.455,0.588,0.292,-0.299,0.579,0.79,0.517,0.519,0.119,0.71,0.593
OCGN,0.007,0.332,0.398,0.187,0.103,0.458,0.457,0.48,0.559,0.355,0.322,0.293,0.574,0.698,-0.116,0.36,0.328,0.611,0.139,-0.052,0.607,0.213,-0.242,0.148,0.494,0.265,0.667,0.429,0.293,0.526,0.376,0.192,0.195,0.442,0.417,0.496,0.441,0.528,0.215,-0.351,0.369,0.13,0.155,0.241,0.63,0.514,0.539,0.071,0.436,0.154,0.166,0.605,0.105,0.555,0.389,0.08,0.186,0.404,0.59,0.463,0.477,1.0,0.514,0.143,0.417,0.647,-0.225,-0.058,0.283,0.638,0.067,0.561,0.479,0.643,0.604,0.451,0.103,0.635,0.519,0.354,0.574,0.51,0.486,0.392,0.351,0.44,0.25,-0.081,-0.074,0.02,0.535,0.451,0.078,0.303,0.436,0.686,0.254,0.411,0.327,0.575
ON,-0.287,0.565,0.626,0.655,0.369,0.546,0.517,0.644,0.644,0.574,0.669,0.63,0.628,0.606,-0.042,0.673,0.111,0.797,0.237,0.044,0.598,0.118,-0.434,0.279,0.522,0.082,0.494,0.557,0.197,0.396,0.14,0.668,0.688,0.584,0.687,0.633,0.838,0.022,0.556,-0.634,0.682,0.541,0.247,0.735,0.65,0.278,0.821,0.33,0.702,0.35,-0.214,0.74,0.162,0.495,0.678,-0.085,0.144,0.505,0.295,0.722,0.763,0.514,1.0,-0.333,0.455,0.502,-0.103,-0.268,0.681,0.29,0.285,0.601,0.612,0.518,0.764,0.823,-0.209,0.485,0.777,0.307,0.458,0.507,0.721,0.564,0.64,0.765,0.625,-0.012,0.13,0.008,0.708,0.419,-0.355,0.327,0.485,0.432,0.24,0.123,0.717,0.757
OPK,0.628,-0.392,-0.461,-0.355,0.247,0.194,-0.587,-0.362,-0.307,-0.457,-0.426,-0.525,-0.365,-0.237,-0.103,-0.615,0.532,-0.335,-0.53,0.346,-0.348,0.04,0.29,-0.426,-0.466,0.149,0.115,-0.514,0.498,-0.032,0.204,-0.637,-0.623,-0.491,-0.581,-0.244,-0.465,0.46,-0.425,0.553,-0.541,-0.692,-0.517,-0.577,-0.446,0.188,-0.208,-0.564,-0.239,-0.55,0.538,-0.259,0.221,-0.128,-0.604,0.647,0.62,-0.42,0.078,-0.26,-0.537,0.143,-0.333,1.0,-0.664,0.184,0.023,0.536,-0.643,0.214,-0.563,-0.03,-0.468,0.078,-0.324,-0.513,0.347,-0.127,-0.305,0.121,-0.431,-0.267,-0.53,-0.395,-0.525,-0.571,-0.636,-0.279,-0.255,0.6,-0.198,-0.011,0.279,-0.456,-0.417,0.001,-0.405,0.278,-0.552,-0.18
