,AAL,AAPL,AGNC,AMAT,AMD,AMZN,APA,ARDX,AVGO,AZN,BIDU,BILI,BKR,CAN,CHRD,CMCSA,CPRT,CRWD,CSCO,CSX,DKNG,EBAY,ERIC,EXC,FITB,FLEX,FTNT,GEN,GERN,GEVO,GILD,GOOG,GOOGL,GT,HBAN,HST,INTC,IOVA,IQ,JBLU,JD,KDP,KHC,LRCX,LYFT,MARA,MCHP,MDLZ,META,MNST,MRNA,MRVL,MSFT,MSTR,MU,MVIS,NFLX,NNDM,NVAX,NVDA,NWL,OCGN,ON,OPK,PAA,PACB,PANW,PARA,PDD,PENN,PEP,PLUG,PTEN,PTON,PYPL,QCOM,QVCGA,RIOT,ROKU,RUN,SABR,SBUX,SMCI,SNDL,STNE,TCOM,TLRY,TMUS,TSCO,TSLA,TTD,TXN,UAL,VOD,VTRS,VXRT,WBA,WBD,WDC,ZM
AAL,1.0,0.556,0.756,0.766,0.716,0.835,0.117,0.608,0.584,0.13,0.597,0.209,0.662,0.824,0.39,0.716,0.539,0.002,0.216,0.435,0.764,0.685,0.216,-0.291,0.513,0.831,0.343,0.684,0.632,0.779,-0.299,0.527,0.54,0.808,0.393,0.769,0.743,0.359,0.264,0.826,0.258,-0.334,0.02,0.798,0.76,0.862,0.693,-0.356,0.746,-0.012,0.702,0.685,0.247,0.819,0.669,0.47,0.636,0.445,0.643,0.726,0.711,0.041,0.552,0.618,0.743,0.797,0.331,0.726,0.576,0.656,-0.599,0.816,0.19,0.81,0.619,0.694,0.649,0.881,0.804,0.621,0.628,0.666,-0.4,0.764,0.536,0.46,0.781,0.583,-0.324,0.499,0.599,0.629,0.902,0.815,0.451,0.693,-0.487,0.761,0.66,0.517
AAPL,0.556,1.0,0.735,0.743,0.78,0.668,0.396,0.616,0.554,-0.372,0.462,0.055,0.591,0.658,0.779,0.715,0.701,0.221,0.1,0.01,0.676,0.648,-0.288,-0.583,0.592,0.574,0.53,0.739,0.577,0.759,-0.502,0.74,0.733,0.575,0.423,0.729,0.519,0.594,0.029,0.672,0.099,-0.504,-0.391,0.677,0.641,0.638,0.638,-0.487,0.785,0.054,0.708,0.806,0.513,0.753,0.761,0.287,0.699,0.505,0.343,0.75,0.776,-0.183,0.771,0.365,0.664,0.641,0.625,0.674,0.542,0.753,-0.663,0.656,-0.076,0.664,0.639,0.795,0.676,0.58,0.743,0.313,0.485,0.534,-0.516,0.659,0.841,0.488,0.558,0.44,-0.4,0.815,0.621,0.455,0.584,0.707,0.124,0.523,-0.253,0.692,0.689,0.501
AGNC,0.756,0.735,1.0,0.871,0.772,0.792,0.078,0.621,0.607,-0.044,0.647,0.202,0.665,0.84,0.566,0.823,0.614,0.01,0.197,0.388,0.876,0.728,0.003,-0.454,0.595,0.802,0.399,0.727,0.611,0.777,-0.349,0.73,0.736,0.659,0.517,0.819,0.782,0.456,0.3,0.83,0.24,-0.489,-0.111,0.839,0.822,0.813,0.7,-0.396,0.786,-0.037,0.743,0.713,0.304,0.855,0.741,0.412,0.745,0.457,0.562,0.84,0.825,0.008,0.617,0.616,0.766,0.784,0.498,0.804,0.582,0.659,-0.601,0.868,0.031,0.815,0.729,0.807,0.783,0.822,0.793,0.533,0.644,0.724,-0.537,0.77,0.663,0.522,0.736,0.54,-0.354,0.66,0.568,0.689,0.79,0.796,0.364,0.589,-0.514,0.726,0.741,0.59
AMAT,0.766,0.743,0.871,1.0,0.864,0.83,0.098,0.646,0.752,0.002,0.652,0.294,0.713,0.766,0.551,0.826,0.624,0.017,0.364,0.35,0.809,0.779,0.035,-0.34,0.697,0.763,0.524,0.733,0.706,0.76,-0.284,0.665,0.682,0.704,0.614,0.831,0.828,0.491,0.274,0.77,0.328,-0.315,-0.044,0.912,0.798,0.77,0.905,-0.3,0.856,0.057,0.687,0.798,0.356,0.764,0.87,0.505,0.747,0.537,0.656,0.814,0.811,0.103,0.763,0.48,0.77,0.762,0.44,0.834,0.67,0.708,-0.553,0.859,0.203,0.751,0.773,0.882,0.828,0.782,0.836,0.503,0.653,0.812,-0.398,0.671,0.724,0.546,0.715,0.678,-0.255,0.718,0.686,0.804,0.754,0.724,0.467,0.599,-0.382,0.822,0.839,0.731
AMD,0.716,0.78,0.772,0.864,1.0,0.773,0.217,0.601,0.68,-0.108,0.456,0.109,0.626,0.737,0.642,0.807,0.716,0.257,0.227,0.185,0.818,0.732,-0.054,-0.42,0.656,0.727,0.608,0.719,0.613,0.803,-0.43,0.751,0.758,0.577,0.56,0.777,0.667,0.686,0.096,0.628,0.103,-0.404,-0.246,0.833,0.817,0.801,0.764,-0.421,0.794,0.13,0.65,0.888,0.538,0.722,0.792,0.396,0.76,0.627,0.474,0.913,0.789,0.054,0.827,0.384,0.809,0.702,0.595,0.676,0.479,0.742,-0.605,0.762,0.044,0.678,0.616,0.924,0.86,0.776,0.794,0.473,0.519,0.66,-0.386,0.649,0.772,0.418,0.674,0.459,-0.215,0.735,0.785,0.647,0.659,0.664,0.236,0.517,-0.253,0.702,0.796,0.644
AMZN,0.835,0.668,0.792,0.83,0.773,1.0,0.2,0.567,0.582,0.018,0.556,0.122,0.671,0.805,0.54,0.701,0.642,0.18,0.243,0.362,0.802,0.737,0.056,-0.354,0.593,0.86,0.455,0.754,0.631,0.747,-0.363,0.671,0.684,0.643,0.458,0.85,0.676,0.449,0.195,0.763,0.147,-0.344,-0.075,0.834,0.831,0.849,0.741,-0.368,0.76,0.056,0.707,0.772,0.499,0.77,0.656,0.465,0.658,0.446,0.518,0.731,0.718,-0.062,0.636,0.579,0.775,0.83,0.442,0.722,0.467,0.672,-0.576,0.856,0.095,0.838,0.633,0.751,0.685,0.84,0.825,0.7,0.66,0.638,-0.44,0.672,0.625,0.369,0.776,0.546,-0.272,0.605,0.787,0.642,0.852,0.756,0.357,0.623,-0.349,0.782,0.63,0.629
APA,0.117,0.396,0.078,0.098,0.217,0.2,1.0,0.024,0.025,-0.258,-0.141,-0.425,0.377,0.159,0.512,0.033,0.067,0.422,-0.092,0.009,0.135,0.026,-0.219,-0.146,0.045,0.095,0.174,0.242,0.017,0.163,-0.296,0.264,0.283,0.045,-0.128,0.216,-0.048,-0.008,-0.458,0.147,-0.358,-0.099,-0.195,0.089,0.087,0.142,0.121,-0.142,0.12,-0.011,0.253,0.292,0.702,0.185,0.044,-0.177,-0.007,-0.128,-0.133,0.156,0.095,-0.309,0.268,0.045,0.146,0.217,0.249,0.019,-0.12,0.195,-0.099,0.115,0.081,0.16,-0.118,0.156,-0.044,0.072,0.202,0.312,-0.172,-0.151,-0.108,0.083,0.291,-0.159,0.073,-0.015,-0.024,0.268,0.353,-0.027,0.136,0.129,-0.402,0.008,0.367,0.12,0.025,0.111
ARDX,0.608,0.616,0.621,0.646,0.601,0.567,0.024,1.0,0.572,-0.076,0.504,0.254,0.474,0.622,0.396,0.592,0.55,0.087,0.172,0.283,0.68,0.763,-0.026,-0.434,0.517,0.607,0.268,0.673,0.559,0.747,-0.276,0.539,0.528,0.726,0.449,0.566,0.658,0.467,0.31,0.691,0.175,-0.305,-0.105,0.672,0.634,0.596,0.631,-0.376,0.644,-0.02,0.634,0.581,0.207,0.673,0.612,0.524,0.672,0.507,0.602,0.587,0.657,0.176,0.569,0.631,0.54,0.641,0.354,0.699,0.517,0.697,-0.644,0.662,0.027,0.653,0.672,0.592,0.591,0.58,0.639,0.468,0.589,0.56,-0.237,0.789,0.439,0.416,0.631,0.382,-0.318,0.573,0.428,0.527,0.62,0.654,0.319,0.715,-0.461,0.659,0.584,0.421
AVGO,0.584,0.554,0.607,0.752,0.68,0.582,0.025,0.572,1.0,0.028,0.553,0.408,0.6,0.531,0.413,0.632,0.723,0.04,0.431,0.288,0.64,0.735,0.102,-0.148,0.608,0.571,0.496,0.649,0.552,0.603,-0.035,0.48,0.478,0.601,0.63,0.604,0.675,0.469,0.31,0.516,0.369,-0.09,0.093,0.719,0.673,0.585,0.718,-0.17,0.717,0.287,0.484,0.652,0.173,0.547,0.694,0.4,0.66,0.607,0.519,0.599,0.577,0.394,0.713,0.238,0.632,0.529,0.357,0.685,0.656,0.708,-0.41,0.601,0.274,0.574,0.626,0.692,0.709,0.632,0.569,0.329,0.558,0.748,0.026,0.529,0.548,0.561,0.596,0.611,-0.031,0.53,0.487,0.659,0.576,0.667,0.501,0.469,-0.229,0.725,0.758,0.648
AZN,0.13,-0.372,-0.044,0.002,-0.108,0.018,-0.258,-0.076,0.028,1.0,0.196,0.293,0.327,-0.095,-0.499,0.049,-0.32,-0.385,0.402,0.636,-0.084,-0.053,0.659,0.561,-0.092,0.045,-0.341,-0.154,0.063,-0.007,0.574,-0.235,-0.228,0.117,-0.055,-0.29,0.165,-0.36,0.209,-0.011,0.257,0.5,0.631,-0.025,0.02,-0.07,0.079,0.497,-0.083,-0.113,-0.058,-0.205,-0.347,-0.171,-0.086,0.175,-0.103,-0.159,0.368,-0.158,0.008,0.309,-0.305,0.206,-0.076,-0.002,-0.509,-0.118,0.043,-0.215,0.31,0.075,0.339,-0.01,0.15,-0.163,-0.137,0.116,-0.084,0.201,0.069,0.223,0.279,-0.106,-0.38,-0.115,0.041,0.328,0.028,-0.508,-0.219,0.377,0.072,-0.116,0.334,0.019,-0.053,-0.101,-0.059,0.123
BIDU,0.597,0.462,0.647,0.652,0.456,0.556,-0.141,0.504,0.553,0.196,1.0,0.62,0.63,0.655,0.207,0.709,0.445,-0.264,0.558,0.36,0.484,0.633,0.22,-0.108,0.671,0.642,0.234,0.595,0.783,0.586,0.052,0.449,0.442,0.735,0.611,0.586,0.78,0.311,0.745,0.667,0.8,-0.058,0.302,0.555,0.584,0.57,0.703,-0.018,0.684,-0.005,0.447,0.441,-0.03,0.661,0.768,0.656,0.638,0.457,0.671,0.489,0.768,0.288,0.43,0.374,0.476,0.463,0.177,0.707,0.834,0.589,-0.378,0.562,0.336,0.672,0.807,0.523,0.552,0.656,0.586,0.157,0.712,0.843,-0.298,0.606,0.386,0.748,0.626,0.751,-0.251,0.285,0.338,0.744,0.664,0.671,0.706,0.662,-0.363,0.633,0.716,0.629
BILI,0.209,0.055,0.202,0.294,0.109,0.122,-0.425,0.254,0.408,0.293,0.62,1.0,0.143,0.096,-0.118,0.352,0.197,-0.315,0.41,0.125,0.123,0.369,0.275,0.249,0.243,0.119,0.025,0.229,0.473,0.201,0.277,-0.039,-0.059,0.37,0.35,0.167,0.437,0.075,0.705,0.215,0.81,0.124,0.365,0.218,0.173,0.078,0.316,0.168,0.405,0.004,-0.0,0.029,-0.374,0.135,0.414,0.507,0.189,0.283,0.559,0.037,0.315,0.588,0.107,0.132,0.007,0.076,-0.135,0.415,0.694,0.277,-0.093,0.201,0.228,0.179,0.646,0.138,0.227,0.154,0.19,-0.064,0.486,0.636,0.155,0.286,0.029,0.631,0.402,0.489,0.098,-0.018,0.005,0.35,0.153,0.312,0.713,0.4,-0.207,0.318,0.349,0.32
BKR,0.662,0.591,0.665,0.713,0.626,0.671,0.377,0.474,0.6,0.327,0.63,0.143,1.0,0.651,0.377,0.677,0.419,-0.11,0.515,0.538,0.605,0.569,0.282,-0.149,0.59,0.645,0.348,0.565,0.547,0.701,0.031,0.551,0.553,0.648,0.492,0.558,0.671,0.309,0.204,0.666,0.259,-0.005,0.219,0.651,0.664,0.632,0.753,0.003,0.65,0.093,0.583,0.603,0.403,0.618,0.62,0.415,0.628,0.392,0.531,0.625,0.703,0.053,0.532,0.44,0.666,0.648,0.277,0.601,0.528,0.534,-0.278,0.668,0.484,0.666,0.605,0.617,0.558,0.716,0.64,0.471,0.436,0.639,-0.223,0.481,0.561,0.327,0.537,0.733,-0.145,0.382,0.551,0.771,0.69,0.581,0.317,0.46,-0.218,0.635,0.63,0.644
CAN,0.824,0.658,0.84,0.766,0.737,0.805,0.159,0.622,0.531,-0.095,0.655,0.096,0.651,1.0,0.562,0.751,0.594,0.159,0.167,0.272,0.803,0.676,-0.053,-0.525,0.617,0.899,0.524,0.743,0.63,0.782,-0.426,0.677,0.691,0.671,0.523,0.838,0.711,0.544,0.294,0.81,0.218,-0.412,-0.107,0.745,0.787,0.952,0.696,-0.424,0.714,0.131,0.757,0.734,0.38,0.913,0.693,0.484,0.722,0.467,0.573,0.846,0.797,-0.05,0.644,0.668,0.764,0.766,0.554,0.714,0.557,0.67,-0.6,0.784,0.085,0.875,0.602,0.766,0.698,0.921,0.771,0.504,0.65,0.655,-0.464,0.771,0.617,0.507,0.736,0.521,-0.361,0.622,0.637,0.602,0.877,0.803,0.38,0.572,-0.476,0.682,0.714,0.547
CHRD,0.39,0.779,0.566,0.551,0.642,0.54,0.512,0.396,0.413,-0.499,0.207,-0.118,0.377,0.562,1.0,0.516,0.651,0.468,-0.124,-0.189,0.597,0.524,-0.541,-0.605,0.52,0.525,0.581,0.682,0.346,0.5,-0.64,0.691,0.692,0.252,0.309,0.644,0.359,0.515,-0.112,0.505,-0.165,-0.532,-0.464,0.529,0.571,0.589,0.459,-0.573,0.616,0.114,0.629,0.674,0.587,0.602,0.504,0.081,0.567,0.362,0.107,0.672,0.518,-0.286,0.762,0.214,0.632,0.516,0.671,0.504,0.305,0.669,-0.578,0.542,-0.19,0.572,0.347,0.719,0.55,0.476,0.535,0.304,0.391,0.299,-0.389,0.42,0.694,0.371,0.435,0.183,-0.294,0.73,0.532,0.226,0.502,0.537,-0.044,0.301,-0.122,0.515,0.552,0.276
CMCSA,0.716,0.715,0.823,0.826,0.807,0.701,0.033,0.592,0.632,0.049,0.709,0.352,0.677,0.751,0.516,1.0,0.643,0.032,0.312,0.362,0.749,0.719,0.031,-0.374,0.698,0.758,0.501,0.676,0.712,0.744,-0.268,0.716,0.707,0.608,0.589,0.764,0.791,0.65,0.358,0.788,0.417,-0.344,-0.083,0.815,0.774,0.742,0.758,-0.304,0.862,0.03,0.58,0.705,0.292,0.696,0.865,0.533,0.79,0.611,0.608,0.834,0.886,0.093,0.74,0.443,0.771,0.731,0.548,0.793,0.726,0.685,-0.579,0.761,0.142,0.661,0.787,0.828,0.818,0.762,0.858,0.39,0.637,0.812,-0.437,0.628,0.689,0.63,0.65,0.673,-0.305,0.548,0.575,0.794,0.672,0.684,0.452,0.566,-0.414,0.775,0.874,0.552
CPRT,0.539,0.701,0.614,0.624,0.716,0.642,0.067,0.55,0.723,-0.32,0.445,0.197,0.419,0.594,0.651,0.643,1.0,0.291,0.148,-0.027,0.703,0.701,-0.193,-0.504,0.607,0.625,0.634,0.704,0.53,0.621,-0.417,0.665,0.64,0.476,0.548,0.685,0.514,0.703,0.21,0.541,0.155,-0.408,-0.284,0.671,0.714,0.661,0.554,-0.465,0.743,0.314,0.533,0.703,0.381,0.656,0.643,0.347,0.731,0.732,0.25,0.71,0.64,0.061,0.791,0.162,0.728,0.594,0.651,0.703,0.502,0.761,-0.578,0.555,-0.021,0.617,0.547,0.718,0.744,0.614,0.616,0.258,0.637,0.526,-0.182,0.559,0.685,0.542,0.552,0.325,-0.17,0.651,0.617,0.415,0.564,0.723,0.295,0.453,-0.289,0.738,0.671,0.516
CRWD,0.002,0.221,0.01,0.017,0.257,0.18,0.422,0.087,0.04,-0.385,-0.264,-0.315,-0.11,0.159,0.468,0.032,0.291,1.0,-0.302,-0.17,0.153,0.064,-0.417,-0.27,-0.035,0.163,0.488,0.376,0.03,0.077,-0.472,0.362,0.389,-0.206,-0.077,0.257,-0.133,0.279,-0.274,0.045,-0.453,-0.321,-0.456,0.114,0.127,0.21,-0.027,-0.384,0.076,0.223,0.226,0.388,0.662,0.083,-0.049,-0.035,0.046,-0.122,-0.187,0.248,-0.036,-0.165,0.421,0.076,0.139,0.193,0.588,-0.018,-0.189,0.207,-0.238,0.043,-0.374,0.071,-0.137,0.166,0.088,0.053,0.197,0.353,-0.012,-0.153,0.006,0.102,0.149,-0.126,0.047,-0.369,0.056,0.315,0.369,-0.165,0.005,0.057,-0.341,-0.08,0.294,0.061,0.054,0.072
CSCO,0.216,0.1,0.197,0.364,0.227,0.243,-0.092,0.172,0.431,0.402,0.558,0.41,0.515,0.167,-0.124,0.312,0.148,-0.302,1.0,0.436,0.084,0.251,0.603,0.423,0.524,0.253,0.153,0.211,0.386,0.281,0.58,0.042,0.057,0.374,0.661,0.168,0.522,0.061,0.52,0.164,0.512,0.588,0.694,0.245,0.159,0.145,0.551,0.632,0.274,0.354,0.12,0.211,-0.008,0.139,0.332,0.58,0.288,0.322,0.307,0.137,0.345,0.391,0.161,-0.046,0.227,0.095,-0.158,0.284,0.449,0.136,0.275,0.28,0.682,0.291,0.472,0.232,0.233,0.268,0.148,0.068,0.123,0.519,0.25,0.052,0.197,0.163,0.209,0.68,0.304,-0.041,0.235,0.67,0.309,0.116,0.457,0.28,0.237,0.26,0.326,0.602
CSX,0.435,0.01,0.388,0.35,0.185,0.362,0.009,0.283,0.288,0.636,0.36,0.125,0.538,0.272,-0.189,0.362,-0.027,-0.17,0.436,1.0,0.328,0.27,0.542,0.312,0.173,0.442,-0.122,0.243,0.24,0.293,0.327,0.149,0.152,0.39,0.167,0.218,0.536,-0.165,0.154,0.453,0.185,0.259,0.501,0.438,0.364,0.256,0.381,0.272,0.208,-0.167,0.276,0.118,-0.006,0.181,0.176,0.29,0.191,0.005,0.49,0.17,0.268,0.227,0.024,0.409,0.253,0.407,-0.144,0.331,0.219,0.079,0.01,0.496,0.38,0.312,0.308,0.12,0.17,0.399,0.367,0.587,0.232,0.395,-0.021,0.274,-0.04,-0.008,0.278,0.471,-0.043,-0.092,0.097,0.676,0.394,0.221,0.341,0.258,-0.124,0.303,0.251,0.404
DKNG,0.764,0.676,0.876,0.809,0.818,0.802,0.135,0.68,0.64,-0.084,0.484,0.123,0.605,0.803,0.597,0.749,0.703,0.153,0.084,0.328,1.0,0.789,-0.092,-0.492,0.541,0.791,0.43,0.714,0.591,0.747,-0.452,0.703,0.695,0.584,0.443,0.807,0.729,0.567,0.139,0.764,0.094,-0.54,-0.161,0.854,0.929,0.847,0.669,-0.513,0.721,0.054,0.752,0.696,0.42,0.821,0.664,0.421,0.719,0.587,0.555,0.833,0.727,0.052,0.684,0.582,0.769,0.833,0.555,0.784,0.462,0.734,-0.68,0.834,0.026,0.81,0.606,0.811,0.8,0.824,0.785,0.614,0.648,0.643,-0.424,0.77,0.619,0.459,0.757,0.374,-0.298,0.682,0.708,0.6,0.785,0.77,0.254,0.585,-0.489,0.765,0.675,0.528
EBAY,0.685,0.648,0.728,0.779,0.732,0.737,0.026,0.763,0.735,-0.053,0.633,0.369,0.569,0.676,0.524,0.719,0.701,0.064,0.251,0.27,0.789,1.0,-0.022,-0.353,0.638,0.735,0.391,0.712,0.655,0.674,-0.333,0.61,0.606,0.709,0.52,0.758,0.703,0.566,0.363,0.713,0.302,-0.337,-0.102,0.787,0.834,0.68,0.714,-0.451,0.771,0.025,0.603,0.66,0.297,0.679,0.727,0.455,0.713,0.636,0.607,0.674,0.714,0.184,0.68,0.488,0.722,0.783,0.428,0.814,0.607,0.792,-0.729,0.713,0.109,0.743,0.695,0.705,0.711,0.698,0.76,0.472,0.682,0.772,-0.331,0.75,0.563,0.635,0.702,0.53,-0.293,0.645,0.621,0.64,0.703,0.776,0.431,0.691,-0.425,0.828,0.759,0.601
ERIC,0.216,-0.288,0.003,0.035,-0.054,0.056,-0.219,-0.026,0.102,0.659,0.22,0.275,0.282,-0.053,-0.541,0.031,-0.193,-0.417,0.603,0.542,-0.092,-0.022,1.0,0.539,0.001,0.01,-0.255,-0.126,0.059,0.13,0.622,-0.227,-0.225,0.284,0.226,-0.151,0.216,-0.232,0.331,0.02,0.305,0.513,0.652,0.028,-0.045,-0.037,0.143,0.589,-0.025,0.056,-0.105,-0.108,-0.249,-0.082,-0.049,0.358,-0.033,-0.019,0.235,-0.104,0.058,0.372,-0.27,0.093,0.001,0.006,-0.426,-0.015,0.082,-0.195,0.376,0.099,0.492,0.023,0.172,-0.119,-0.071,0.113,-0.05,0.2,-0.053,0.192,0.305,0.013,-0.202,-0.157,0.152,0.338,0.303,-0.395,-0.025,0.362,0.133,-0.026,0.349,0.17,0.05,-0.032,-0.066,0.216
EXC,-0.291,-0.583,-0.454,-0.34,-0.42,-0.354,-0.146,-0.434,-0.148,0.561,-0.108,0.249,-0.149,-0.525,-0.605,-0.374,-0.504,-0.27,0.423,0.312,-0.492,-0.353,0.539,1.0,-0.321,-0.4,-0.416,-0.436,-0.224,-0.439,0.696,-0.618,-0.604,-0.188,-0.126,-0.489,-0.19,-0.634,0.087,-0.508,0.198,0.705,0.694,-0.419,-0.447,-0.495,-0.249,0.727,-0.438,-0.039,-0.469,-0.483,-0.391,-0.533,-0.357,-0.014,-0.537,-0.342,0.071,-0.589,-0.415,0.445,-0.517,-0.265,-0.515,-0.433,-0.706,-0.436,-0.168,-0.473,0.616,-0.358,0.352,-0.395,-0.199,-0.497,-0.525,-0.342,-0.422,-0.117,-0.333,-0.097,0.499,-0.434,-0.551,-0.322,-0.254,0.115,0.367,-0.664,-0.343,0.007,-0.333,-0.435,0.226,-0.161,0.519,-0.38,-0.343,0.02
FITB,0.513,0.592,0.595,0.697,0.656,0.593,0.045,0.517,0.608,-0.092,0.671,0.243,0.59,0.617,0.52,0.698,0.607,-0.035,0.524,0.173,0.541,0.638,0.001,-0.321,1.0,0.648,0.548,0.58,0.54,0.616,-0.113,0.648,0.645,0.537,0.842,0.615,0.741,0.616,0.397,0.595,0.38,-0.036,0.103,0.668,0.641,0.616,0.811,-0.086,0.696,0.237,0.512,0.612,0.288,0.573,0.721,0.527,0.786,0.687,0.324,0.668,0.712,0.096,0.654,0.141,0.753,0.476,0.433,0.664,0.638,0.61,-0.359,0.613,0.346,0.619,0.613,0.761,0.758,0.598,0.583,0.163,0.561,0.653,-0.238,0.428,0.628,0.546,0.47,0.59,-0.082,0.549,0.524,0.701,0.623,0.48,0.443,0.456,-0.237,0.601,0.696,0.647
FLEX,0.831,0.574,0.802,0.763,0.727,0.86,0.095,0.607,0.571,0.045,0.642,0.119,0.645,0.899,0.525,0.758,0.625,0.163,0.253,0.442,0.791,0.735,0.01,-0.4,0.648,1.0,0.5,0.771,0.59,0.741,-0.346,0.653,0.652,0.646,0.506,0.817,0.777,0.502,0.32,0.801,0.183,-0.288,-0.007,0.827,0.84,0.892,0.723,-0.353,0.702,0.111,0.712,0.699,0.345,0.792,0.642,0.467,0.703,0.495,0.541,0.788,0.738,-0.009,0.643,0.573,0.827,0.766,0.488,0.748,0.543,0.645,-0.567,0.847,0.131,0.859,0.591,0.726,0.715,0.906,0.772,0.571,0.704,0.664,-0.42,0.693,0.579,0.443,0.708,0.568,-0.301,0.566,0.623,0.707,0.88,0.761,0.415,0.568,-0.402,0.726,0.734,0.598
FTNT,0.343,0.53,0.399,0.524,0.608,0.455,0.174,0.268,0.496,-0.341,0.234,0.025,0.348,0.524,0.581,0.501,0.634,0.488,0.153,-0.122,0.43,0.391,-0.255,-0.416,0.548,0.5,1.0,0.547,0.312,0.443,-0.333,0.565,0.57,0.152,0.557,0.605,0.37,0.666,0.018,0.401,-0.009,-0.201,-0.305,0.548,0.446,0.562,0.549,-0.246,0.524,0.578,0.379,0.673,0.535,0.408,0.493,0.26,0.534,0.444,0.106,0.68,0.398,-0.054,0.753,0.066,0.626,0.424,0.807,0.491,0.398,0.4,-0.244,0.381,0.165,0.358,0.292,0.624,0.638,0.445,0.53,0.131,0.344,0.387,-0.095,0.221,0.682,0.341,0.223,0.281,0.164,0.646,0.638,0.331,0.334,0.318,0.153,0.06,-0.008,0.462,0.578,0.482
GEN,0.684,0.739,0.727,0.733,0.719,0.754,0.242,0.673,0.649,-0.154,0.595,0.229,0.565,0.743,0.682,0.676,0.704,0.376,0.211,0.243,0.714,0.712,-0.126,-0.436,0.58,0.771,0.547,1.0,0.673,0.722,-0.356,0.749,0.739,0.609,0.484,0.781,0.684,0.451,0.249,0.734,0.205,-0.375,-0.161,0.743,0.756,0.775,0.685,-0.41,0.763,0.185,0.748,0.833,0.43,0.788,0.697,0.433,0.733,0.398,0.449,0.734,0.69,0.01,0.775,0.46,0.67,0.649,0.608,0.72,0.595,0.823,-0.624,0.717,-0.054,0.776,0.63,0.741,0.681,0.721,0.723,0.554,0.682,0.664,-0.328,0.726,0.565,0.552,0.742,0.446,-0.269,0.641,0.59,0.561,0.739,0.777,0.323,0.572,-0.24,0.709,0.728,0.548
GERN,0.632,0.577,0.611,0.706,0.613,0.631,0.017,0.559,0.552,0.063,0.783,0.473,0.547,0.63,0.346,0.712,0.53,0.03,0.386,0.24,0.591,0.655,0.059,-0.224,0.54,0.59,0.312,0.673,1.0,0.577,-0.208,0.533,0.533,0.706,0.439,0.692,0.686,0.391,0.428,0.675,0.609,-0.287,-0.003,0.607,0.63,0.597,0.717,-0.271,0.762,-0.029,0.526,0.58,0.223,0.672,0.815,0.648,0.62,0.407,0.653,0.554,0.764,0.117,0.602,0.4,0.466,0.582,0.309,0.714,0.689,0.731,-0.559,0.578,0.133,0.612,0.781,0.588,0.578,0.618,0.701,0.331,0.636,0.747,-0.331,0.628,0.445,0.665,0.629,0.559,-0.33,0.414,0.547,0.635,0.598,0.685,0.468,0.675,-0.251,0.736,0.705,0.516
GEVO,0.779,0.759,0.777,0.76,0.803,0.747,0.163,0.747,0.603,-0.007,0.586,0.201,0.701,0.782,0.5,0.744,0.621,0.077,0.281,0.293,0.747,0.674,0.13,-0.439,0.616,0.741,0.443,0.722,0.577,1.0,-0.261,0.668,0.661,0.73,0.553,0.692,0.714,0.589,0.287,0.758,0.175,-0.338,-0.07,0.779,0.755,0.796,0.72,-0.285,0.776,0.066,0.703,0.754,0.35,0.798,0.678,0.525,0.755,0.551,0.535,0.809,0.788,0.117,0.614,0.585,0.726,0.644,0.472,0.696,0.551,0.653,-0.526,0.824,0.14,0.772,0.747,0.784,0.751,0.796,0.713,0.453,0.593,0.628,-0.399,0.772,0.712,0.386,0.745,0.519,-0.248,0.639,0.604,0.61,0.76,0.725,0.352,0.68,-0.416,0.627,0.651,0.601
GILD,-0.299,-0.502,-0.349,-0.284,-0.43,-0.363,-0.296,-0.276,-0.035,0.574,0.052,0.277,0.031,-0.426,-0.64,-0.268,-0.417,-0.472,0.58,0.327,-0.452,-0.333,0.622,0.696,-0.113,-0.346,-0.333,-0.356,-0.208,-0.261,1.0,-0.416,-0.429,-0.151,0.164,-0.492,-0.086,-0.405,0.253,-0.361,0.283,0.758,0.738,-0.353,-0.377,-0.401,-0.126,0.861,-0.303,0.209,-0.424,-0.406,-0.469,-0.436,-0.272,0.067,-0.211,-0.147,-0.045,-0.438,-0.288,0.459,-0.466,-0.287,-0.353,-0.455,-0.557,-0.335,-0.073,-0.417,0.721,-0.304,0.506,-0.349,-0.08,-0.396,-0.334,-0.272,-0.44,-0.221,-0.25,-0.001,0.52,-0.434,-0.413,-0.22,-0.215,0.214,0.434,-0.65,-0.391,0.137,-0.264,-0.407,0.244,-0.219,0.299,-0.35,-0.288,0.006
GOOG,0.527,0.74,0.73,0.665,0.751,0.671,0.264,0.539,0.48,-0.235,0.449,-0.039,0.551,0.677,0.691,0.716,0.665,0.362,0.042,0.149,0.703,0.61,-0.227,-0.618,0.648,0.653,0.565,0.749,0.533,0.668,-0.416,1.0,0.989,0.411,0.505,0.704,0.524,0.631,0.065,0.692,0.022,-0.533,-0.419,0.7,0.767,0.732,0.597,-0.52,0.758,0.026,0.6,0.793,0.591,0.67,0.663,0.217,0.867,0.464,0.224,0.841,0.671,-0.188,0.742,0.324,0.761,0.643,0.774,0.595,0.339,0.705,-0.608,0.603,-0.158,0.551,0.478,0.777,0.757,0.644,0.742,0.452,0.541,0.476,-0.505,0.541,0.609,0.442,0.527,0.251,-0.3,0.599,0.612,0.507,0.548,0.568,0.095,0.383,-0.323,0.597,0.659,0.444
GOOGL,0.54,0.733,0.736,0.682,0.758,0.684,0.283,0.528,0.478,-0.228,0.442,-0.059,0.553,0.691,0.692,0.707,0.64,0.389,0.057,0.152,0.695,0.606,-0.225,-0.604,0.645,0.652,0.57,0.739,0.533,0.661,-0.429,0.989,1.0,0.405,0.495,0.719,0.517,0.608,0.075,0.698,0.003,-0.532,-0.408,0.696,0.747,0.738,0.599,-0.51,0.757,0.03,0.613,0.812,0.622,0.677,0.656,0.212,0.841,0.424,0.227,0.839,0.659,-0.199,0.738,0.344,0.749,0.66,0.767,0.58,0.324,0.682,-0.598,0.607,-0.154,0.566,0.482,0.784,0.742,0.647,0.748,0.475,0.506,0.486,-0.509,0.531,0.607,0.422,0.512,0.248,-0.304,0.606,0.618,0.507,0.561,0.562,0.083,0.375,-0.312,0.592,0.652,0.462
GT,0.808,0.575,0.659,0.704,0.577,0.643,0.045,0.726,0.601,0.117,0.735,0.37,0.648,0.671,0.252,0.608,0.476,-0.206,0.374,0.39,0.584,0.709,0.284,-0.188,0.537,0.646,0.152,0.609,0.706,0.73,-0.151,0.411,0.405,1.0,0.443,0.586,0.726,0.241,0.44,0.71,0.472,-0.194,0.13,0.645,0.592,0.621,0.716,-0.251,0.688,-0.141,0.633,0.539,0.066,0.754,0.725,0.57,0.614,0.446,0.714,0.524,0.745,0.148,0.478,0.547,0.566,0.622,0.107,0.707,0.682,0.697,-0.589,0.666,0.222,0.725,0.714,0.553,0.529,0.705,0.665,0.399,0.598,0.654,-0.331,0.802,0.434,0.518,0.684,0.636,-0.361,0.451,0.422,0.64,0.76,0.789,0.535,0.819,-0.414,0.731,0.659,0.566
HBAN,0.393,0.423,0.517,0.614,0.56,0.458,-0.128,0.449,0.63,-0.055,0.611,0.35,0.492,0.523,0.309,0.589,0.548,-0.077,0.661,0.167,0.443,0.52,0.226,-0.126,0.842,0.506,0.557,0.484,0.439,0.553,0.164,0.505,0.495,0.443,1.0,0.505,0.659,0.552,0.475,0.422,0.42,0.128,0.242,0.546,0.495,0.542,0.715,0.151,0.589,0.428,0.315,0.539,0.165,0.46,0.611,0.58,0.725,0.672,0.316,0.596,0.601,0.3,0.54,0.103,0.615,0.325,0.358,0.558,0.559,0.474,-0.098,0.502,0.445,0.483,0.573,0.645,0.675,0.533,0.429,0.129,0.438,0.635,0.007,0.328,0.527,0.43,0.47,0.582,0.169,0.378,0.476,0.669,0.495,0.377,0.513,0.357,-0.126,0.466,0.604,0.626
HST,0.769,0.729,0.819,0.831,0.777,0.85,0.216,0.566,0.604,-0.29,0.586,0.167,0.558,0.838,0.644,0.764,0.685,0.257,0.168,0.218,0.807,0.758,-0.151,-0.489,0.615,0.817,0.605,0.781,0.692,0.692,-0.492,0.704,0.719,0.586,0.505,1.0,0.711,0.589,0.217,0.826,0.218,-0.492,-0.251,0.85,0.797,0.829,0.731,-0.484,0.804,0.099,0.651,0.785,0.535,0.788,0.743,0.438,0.672,0.468,0.47,0.796,0.716,-0.049,0.736,0.478,0.751,0.81,0.657,0.842,0.585,0.701,-0.645,0.796,0.09,0.769,0.621,0.772,0.752,0.764,0.874,0.531,0.6,0.682,-0.515,0.692,0.752,0.56,0.698,0.504,-0.212,0.747,0.792,0.575,0.755,0.768,0.31,0.565,-0.331,0.818,0.748,0.587
INTC,0.743,0.519,0.782,0.828,0.667,0.676,-0.048,0.658,0.675,0.165,0.78,0.437,0.671,0.711,0.359,0.791,0.514,-0.133,0.522,0.536,0.729,0.703,0.216,-0.19,0.741,0.777,0.37,0.684,0.686,0.714,-0.086,0.524,0.517,0.726,0.659,0.711,1.0,0.387,0.524,0.794,0.489,-0.12,0.245,0.853,0.736,0.681,0.876,-0.095,0.718,0.041,0.628,0.578,0.14,0.691,0.76,0.693,0.69,0.497,0.679,0.673,0.761,0.251,0.591,0.472,0.687,0.639,0.309,0.861,0.783,0.595,-0.432,0.832,0.368,0.751,0.777,0.717,0.772,0.732,0.719,0.432,0.668,0.811,-0.299,0.653,0.541,0.558,0.667,0.708,-0.114,0.52,0.505,0.856,0.762,0.631,0.556,0.679,-0.372,0.724,0.777,0.673
IOVA,0.359,0.594,0.456,0.491,0.686,0.449,-0.008,0.467,0.469,-0.36,0.311,0.075,0.309,0.544,0.515,0.65,0.703,0.279,0.061,-0.165,0.567,0.566,-0.232,-0.634,0.616,0.502,0.666,0.451,0.391,0.589,-0.405,0.631,0.608,0.241,0.552,0.589,0.387,1.0,0.159,0.437,0.088,-0.387,-0.397,0.564,0.611,0.569,0.485,-0.419,0.583,0.348,0.345,0.61,0.433,0.438,0.558,0.367,0.681,0.727,0.146,0.726,0.582,0.051,0.687,0.15,0.692,0.473,0.739,0.525,0.383,0.546,-0.495,0.419,0.027,0.397,0.411,0.686,0.75,0.474,0.552,0.084,0.418,0.436,-0.257,0.411,0.704,0.437,0.372,0.205,-0.069,0.618,0.621,0.346,0.354,0.403,0.106,0.27,-0.321,0.501,0.584,0.34
IQ,0.264,0.029,0.3,0.274,0.096,0.195,-0.458,0.31,0.31,0.209,0.745,0.705,0.204,0.294,-0.112,0.358,0.21,-0.274,0.52,0.154,0.139,0.363,0.331,0.087,0.397,0.32,0.018,0.249,0.428,0.287,0.253,0.065,0.075,0.44,0.475,0.217,0.524,0.159,1.0,0.29,0.723,0.094,0.433,0.221,0.196,0.202,0.34,0.193,0.321,0.038,0.093,0.097,-0.285,0.279,0.366,0.64,0.314,0.261,0.445,0.127,0.398,0.478,0.1,0.21,0.16,0.116,-0.065,0.406,0.626,0.246,-0.109,0.245,0.283,0.368,0.602,0.159,0.279,0.295,0.182,-0.048,0.454,0.571,-0.029,0.335,0.067,0.488,0.371,0.464,0.049,-0.005,0.041,0.442,0.35,0.327,0.592,0.53,-0.282,0.295,0.38,0.371
JBLU,0.826,0.672,0.83,0.77,0.628,0.763,0.147,0.691,0.516,-0.011,0.667,0.215,0.666,0.81,0.505,0.788,0.541,0.045,0.164,0.453,0.764,0.713,0.02,-0.508,0.595,0.801,0.401,0.734,0.675,0.758,-0.361,0.692,0.698,0.71,0.422,0.826,0.794,0.437,0.29,1.0,0.273,-0.429,-0.128,0.84,0.757,0.768,0.726,-0.405,0.82,-0.077,0.711,0.641,0.327,0.789,0.695,0.481,0.715,0.392,0.572,0.734,0.752,-0.087,0.591,0.634,0.723,0.835,0.526,0.875,0.642,0.635,-0.627,0.846,0.146,0.768,0.716,0.668,0.687,0.741,0.859,0.577,0.663,0.675,-0.516,0.74,0.611,0.566,0.645,0.542,-0.349,0.613,0.534,0.649,0.79,0.755,0.361,0.62,-0.562,0.784,0.676,0.479
JD,0.258,0.099,0.24,0.328,0.103,0.147,-0.358,0.175,0.369,0.257,0.8,0.81,0.259,0.218,-0.165,0.417,0.155,-0.453,0.512,0.185,0.094,0.302,0.305,0.198,0.38,0.183,-0.009,0.205,0.609,0.175,0.283,0.022,0.003,0.472,0.42,0.218,0.489,0.088,0.723,0.273,1.0,0.166,0.43,0.198,0.18,0.142,0.409,0.212,0.392,-0.032,0.018,0.048,-0.37,0.243,0.553,0.552,0.279,0.323,0.555,0.069,0.447,0.468,0.122,0.058,0.068,0.084,-0.152,0.421,0.753,0.318,-0.095,0.162,0.38,0.23,0.602,0.167,0.242,0.244,0.248,-0.159,0.488,0.66,0.014,0.296,0.062,0.708,0.363,0.602,-0.066,-0.046,0.027,0.49,0.249,0.351,0.726,0.423,-0.209,0.37,0.441,0.363
KDP,-0.334,-0.504,-0.489,-0.315,-0.404,-0.344,-0.099,-0.305,-0.09,0.5,-0.058,0.124,-0.005,-0.412,-0.532,-0.344,-0.408,-0.321,0.588,0.259,-0.54,-0.337,0.513,0.705,-0.036,-0.288,-0.201,-0.375,-0.287,-0.338,0.758,-0.533,-0.532,-0.194,0.128,-0.492,-0.12,-0.387,0.094,-0.429,0.166,1.0,0.715,-0.375,-0.46,-0.433,-0.065,0.884,-0.398,0.335,-0.423,-0.383,-0.311,-0.506,-0.322,0.048,-0.354,-0.115,-0.123,-0.478,-0.288,0.287,-0.412,-0.33,-0.321,-0.457,-0.579,-0.361,-0.102,-0.449,0.764,-0.306,0.582,-0.309,-0.202,-0.414,-0.408,-0.328,-0.487,-0.21,-0.318,-0.082,0.697,-0.493,-0.375,-0.32,-0.311,0.211,0.468,-0.532,-0.313,0.088,-0.271,-0.47,0.174,-0.331,0.465,-0.396,-0.315,0.061
KHC,0.02,-0.391,-0.111,-0.044,-0.246,-0.075,-0.195,-0.105,0.093,0.631,0.302,0.365,0.219,-0.107,-0.464,-0.083,-0.284,-0.456,0.694,0.501,-0.161,-0.102,0.652,0.694,0.103,-0.007,-0.305,-0.161,-0.003,-0.07,0.738,-0.419,-0.408,0.13,0.242,-0.251,0.245,-0.397,0.433,-0.128,0.43,0.715,1.0,-0.121,-0.122,-0.126,0.118,0.79,-0.183,0.162,-0.086,-0.333,-0.398,-0.116,-0.11,0.368,-0.184,-0.003,0.252,-0.304,-0.045,0.49,-0.317,-0.06,-0.182,-0.202,-0.604,-0.081,0.182,-0.221,0.525,0.025,0.632,0.089,0.147,-0.189,-0.211,0.042,-0.253,-0.012,-0.003,0.21,0.456,-0.114,-0.337,-0.073,0.078,0.385,0.279,-0.456,-0.209,0.353,0.149,-0.106,0.469,0.069,0.196,-0.107,-0.111,0.262
LRCX,0.798,0.677,0.839,0.912,0.833,0.834,0.089,0.672,0.719,-0.025,0.555,0.218,0.651,0.745,0.529,0.815,0.671,0.114,0.245,0.438,0.854,0.787,0.028,-0.419,0.668,0.827,0.548,0.743,0.607,0.779,-0.353,0.7,0.696,0.645,0.546,0.85,0.853,0.564,0.221,0.84,0.198,-0.375,-0.121,1.0,0.858,0.776,0.847,-0.386,0.817,0.04,0.662,0.762,0.401,0.702,0.754,0.471,0.741,0.548,0.559,0.818,0.719,0.074,0.742,0.486,0.836,0.811,0.558,0.888,0.621,0.662,-0.601,0.893,0.181,0.723,0.679,0.822,0.874,0.766,0.871,0.584,0.67,0.72,-0.429,0.677,0.719,0.484,0.673,0.559,-0.166,0.741,0.698,0.751,0.739,0.693,0.372,0.582,-0.431,0.832,0.788,0.671
LYFT,0.76,0.641,0.822,0.798,0.817,0.831,0.087,0.634,0.673,0.02,0.584,0.173,0.664,0.787,0.571,0.774,0.714,0.127,0.159,0.364,0.929,0.834,-0.045,-0.447,0.641,0.84,0.446,0.756,0.63,0.755,-0.377,0.767,0.747,0.592,0.495,0.797,0.736,0.611,0.196,0.757,0.18,-0.46,-0.122,0.858,1.0,0.855,0.711,-0.489,0.757,0.025,0.701,0.709,0.396,0.765,0.692,0.404,0.79,0.619,0.547,0.827,0.719,0.097,0.693,0.495,0.816,0.788,0.553,0.759,0.492,0.758,-0.68,0.805,0.057,0.785,0.608,0.815,0.824,0.857,0.783,0.557,0.736,0.702,-0.436,0.718,0.582,0.539,0.75,0.449,-0.317,0.607,0.685,0.668,0.785,0.754,0.362,0.57,-0.491,0.758,0.731,0.592
MARA,0.862,0.638,0.813,0.77,0.801,0.849,0.142,0.596,0.585,-0.07,0.57,0.078,0.632,0.952,0.589,0.742,0.661,0.21,0.145,0.256,0.847,0.68,-0.037,-0.495,0.616,0.892,0.562,0.775,0.597,0.796,-0.401,0.732,0.738,0.621,0.542,0.829,0.681,0.569,0.202,0.768,0.142,-0.433,-0.126,0.776,0.855,1.0,0.682,-0.444,0.744,0.178,0.745,0.788,0.406,0.891,0.675,0.42,0.778,0.54,0.525,0.887,0.738,-0.03,0.689,0.587,0.808,0.763,0.59,0.675,0.481,0.715,-0.593,0.792,0.056,0.847,0.557,0.824,0.748,0.958,0.776,0.561,0.659,0.635,-0.42,0.727,0.611,0.474,0.784,0.476,-0.316,0.593,0.69,0.585,0.886,0.791,0.37,0.545,-0.453,0.692,0.704,0.527
MCHP,0.693,0.638,0.7,0.905,0.764,0.741,0.121,0.631,0.718,0.079,0.703,0.316,0.753,0.696,0.459,0.758,0.554,-0.027,0.551,0.381,0.669,0.714,0.143,-0.249,0.811,0.723,0.549,0.685,0.717,0.72,-0.126,0.597,0.599,0.716,0.715,0.731,0.876,0.485,0.34,0.726,0.409,-0.065,0.118,0.847,0.711,0.682,1.0,-0.109,0.777,0.159,0.625,0.712,0.351,0.657,0.834,0.646,0.739,0.547,0.619,0.716,0.766,0.134,0.74,0.367,0.746,0.651,0.385,0.806,0.716,0.648,-0.407,0.779,0.422,0.694,0.727,0.802,0.787,0.705,0.753,0.41,0.608,0.77,-0.264,0.551,0.671,0.508,0.599,0.735,-0.078,0.63,0.673,0.852,0.709,0.572,0.484,0.592,-0.234,0.763,0.802,0.761
MDLZ,-0.356,-0.487,-0.396,-0.3,-0.421,-0.368,-0.142,-0.376,-0.17,0.497,-0.018,0.168,0.003,-0.424,-0.573,-0.304,-0.465,-0.384,0.632,0.272,-0.513,-0.451,0.589,0.727,-0.086,-0.353,-0.246,-0.41,-0.271,-0.285,0.861,-0.52,-0.51,-0.251,0.151,-0.484,-0.095,-0.419,0.193,-0.405,0.212,0.884,0.79,-0.386,-0.489,-0.444,-0.109,1.0,-0.39,0.313,-0.437,-0.415,-0.33,-0.465,-0.326,0.121,-0.364,-0.181,-0.137,-0.458,-0.273,0.327,-0.478,-0.334,-0.392,-0.503,-0.563,-0.357,-0.105,-0.541,0.872,-0.276,0.615,-0.314,-0.109,-0.399,-0.384,-0.337,-0.492,-0.244,-0.361,-0.067,0.578,-0.51,-0.326,-0.361,-0.286,0.191,0.532,-0.568,-0.316,0.099,-0.281,-0.5,0.156,-0.309,0.455,-0.438,-0.356,0.063
META,0.746,0.785,0.786,0.856,0.794,0.76,0.12,0.644,0.717,-0.083,0.684,0.405,0.65,0.714,0.616,0.862,0.743,0.076,0.274,0.208,0.721,0.771,-0.025,-0.438,0.696,0.702,0.524,0.763,0.762,0.776,-0.303,0.758,0.757,0.688,0.589,0.804,0.718,0.583,0.321,0.82,0.392,-0.398,-0.183,0.817,0.757,0.744,0.777,-0.39,1.0,0.028,0.583,0.769,0.334,0.737,0.858,0.444,0.829,0.618,0.551,0.792,0.815,0.071,0.771,0.385,0.745,0.715,0.528,0.832,0.703,0.801,-0.615,0.771,0.092,0.662,0.83,0.812,0.78,0.722,0.83,0.415,0.7,0.768,-0.374,0.648,0.727,0.685,0.702,0.622,-0.303,0.63,0.6,0.667,0.683,0.788,0.47,0.612,-0.431,0.838,0.808,0.57
MNST,-0.012,0.054,-0.037,0.057,0.13,0.056,-0.011,-0.02,0.287,-0.113,-0.005,0.004,0.093,0.131,0.114,0.03,0.314,0.223,0.354,-0.167,0.054,0.025,0.056,-0.039,0.237,0.111,0.578,0.185,-0.029,0.066,0.209,0.026,0.03,-0.141,0.428,0.099,0.041,0.348,0.038,-0.077,-0.032,0.335,0.162,0.04,0.025,0.178,0.159,0.313,0.028,1.0,0.064,0.233,0.174,0.07,0.022,0.202,0.141,0.332,-0.209,0.206,0.035,0.109,0.272,-0.188,0.21,-0.027,0.319,0.041,0.097,0.04,0.31,-0.018,0.346,0.133,-0.019,0.191,0.179,0.093,-0.078,-0.074,-0.015,0.151,0.456,-0.116,0.251,0.042,0.026,0.095,0.441,0.148,0.284,0.065,0.101,0.008,0.035,-0.254,0.239,0.018,0.07,0.182
MRNA,0.702,0.708,0.743,0.687,0.65,0.707,0.253,0.634,0.484,-0.058,0.447,-0.0,0.583,0.757,0.629,0.58,0.533,0.226,0.12,0.276,0.752,0.603,-0.105,-0.469,0.512,0.712,0.379,0.748,0.526,0.703,-0.424,0.6,0.613,0.633,0.315,0.651,0.628,0.345,0.093,0.711,0.018,-0.423,-0.086,0.662,0.701,0.745,0.625,-0.437,0.583,0.064,1.0,0.655,0.37,0.834,0.549,0.426,0.589,0.308,0.479,0.687,0.656,-0.122,0.621,0.582,0.656,0.708,0.452,0.594,0.472,0.646,-0.625,0.748,-0.066,0.852,0.53,0.729,0.557,0.718,0.641,0.542,0.547,0.486,-0.393,0.753,0.512,0.394,0.626,0.355,-0.445,0.641,0.503,0.486,0.821,0.693,0.213,0.551,-0.332,0.593,0.537,0.486
MRVL,0.685,0.806,0.713,0.798,0.888,0.772,0.292,0.581,0.652,-0.205,0.441,0.029,0.603,0.734,0.674,0.705,0.703,0.388,0.211,0.118,0.696,0.66,-0.108,-0.483,0.612,0.699,0.673,0.833,0.58,0.754,-0.406,0.793,0.812,0.539,0.539,0.785,0.578,0.61,0.097,0.641,0.048,-0.383,-0.333,0.762,0.709,0.788,0.712,-0.415,0.769,0.233,0.655,1.0,0.595,0.727,0.743,0.316,0.767,0.463,0.346,0.855,0.715,-0.095,0.824,0.389,0.769,0.68,0.684,0.628,0.463,0.754,-0.586,0.67,-0.01,0.671,0.538,0.844,0.776,0.718,0.773,0.516,0.48,0.618,-0.381,0.604,0.751,0.393,0.634,0.44,-0.209,0.727,0.743,0.557,0.653,0.662,0.15,0.469,-0.211,0.676,0.757,0.59
MSFT,0.247,0.513,0.304,0.356,0.538,0.499,0.702,0.207,0.173,-0.347,-0.03,-0.374,0.403,0.38,0.587,0.292,0.381,0.662,-0.008,-0.006,0.42,0.297,-0.249,-0.391,0.288,0.345,0.535,0.43,0.223,0.35,-0.469,0.591,0.622,0.066,0.165,0.535,0.14,0.433,-0.285,0.327,-0.37,-0.311,-0.398,0.401,0.396,0.406,0.351,-0.33,0.334,0.174,0.37,0.595,1.0,0.313,0.23,0.099,0.303,0.132,-0.091,0.494,0.287,-0.307,0.551,0.153,0.446,0.505,0.651,0.274,-0.05,0.347,-0.294,0.322,0.006,0.315,0.071,0.431,0.345,0.281,0.498,0.492,0.001,0.048,-0.248,0.212,0.518,-0.065,0.203,-0.029,0.085,0.517,0.763,0.163,0.257,0.209,-0.38,0.107,0.219,0.358,0.242,0.348
MSTR,0.819,0.753,0.855,0.764,0.722,0.77,0.185,0.673,0.547,-0.171,0.661,0.135,0.618,0.913,0.602,0.696,0.656,0.083,0.139,0.181,0.821,0.679,-0.082,-0.533,0.573,0.792,0.408,0.788,0.672,0.798,-0.436,0.67,0.677,0.754,0.46,0.788,0.691,0.438,0.279,0.789,0.243,-0.506,-0.116,0.702,0.765,0.891,0.657,-0.465,0.737,0.07,0.834,0.727,0.313,1.0,0.734,0.451,0.725,0.485,0.546,0.797,0.809,-0.063,0.641,0.588,0.689,0.722,0.49,0.723,0.577,0.755,-0.66,0.75,0.0,0.904,0.652,0.779,0.673,0.861,0.731,0.438,0.676,0.634,-0.494,0.849,0.607,0.564,0.783,0.457,-0.462,0.648,0.58,0.525,0.887,0.884,0.367,0.668,-0.474,0.707,0.675,0.526
MU,0.669,0.761,0.741,0.87,0.792,0.656,0.044,0.612,0.694,-0.086,0.768,0.414,0.62,0.693,0.504,0.865,0.643,-0.049,0.332,0.176,0.664,0.727,-0.049,-0.357,0.721,0.642,0.493,0.697,0.815,0.678,-0.272,0.663,0.656,0.725,0.611,0.743,0.76,0.558,0.366,0.695,0.553,-0.322,-0.11,0.754,0.692,0.675,0.834,-0.326,0.858,0.022,0.549,0.743,0.23,0.734,1.0,0.508,0.781,0.607,0.634,0.746,0.875,0.097,0.77,0.321,0.665,0.616,0.451,0.789,0.783,0.788,-0.613,0.637,0.153,0.624,0.774,0.821,0.796,0.684,0.807,0.228,0.674,0.834,-0.431,0.643,0.672,0.725,0.648,0.673,-0.34,0.615,0.577,0.736,0.622,0.71,0.52,0.618,-0.368,0.798,0.91,0.616
MVIS,0.47,0.287,0.412,0.505,0.396,0.465,-0.177,0.524,0.4,0.175,0.656,0.507,0.415,0.484,0.081,0.533,0.347,-0.035,0.58,0.29,0.421,0.455,0.358,-0.014,0.527,0.467,0.26,0.433,0.648,0.525,0.067,0.217,0.212,0.57,0.58,0.438,0.693,0.367,0.64,0.481,0.552,0.048,0.368,0.471,0.404,0.42,0.646,0.121,0.444,0.202,0.426,0.316,0.099,0.451,0.508,1.0,0.425,0.374,0.596,0.362,0.595,0.39,0.396,0.415,0.363,0.409,0.142,0.572,0.637,0.391,-0.213,0.518,0.38,0.551,0.692,0.42,0.449,0.455,0.458,0.296,0.468,0.581,-0.01,0.504,0.3,0.374,0.518,0.504,0.074,0.258,0.468,0.615,0.532,0.386,0.49,0.651,-0.143,0.495,0.438,0.487
NFLX,0.636,0.699,0.745,0.747,0.76,0.658,-0.007,0.672,0.66,-0.103,0.638,0.189,0.628,0.722,0.567,0.79,0.731,0.046,0.288,0.191,0.719,0.713,-0.033,-0.537,0.786,0.703,0.534,0.733,0.62,0.755,-0.211,0.867,0.841,0.614,0.725,0.672,0.69,0.681,0.314,0.715,0.279,-0.354,-0.184,0.741,0.79,0.778,0.739,-0.364,0.829,0.141,0.589,0.767,0.303,0.725,0.781,0.425,1.0,0.706,0.41,0.85,0.774,0.016,0.756,0.328,0.831,0.626,0.612,0.707,0.554,0.791,-0.57,0.66,0.084,0.634,0.64,0.824,0.843,0.753,0.716,0.341,0.647,0.654,-0.369,0.594,0.642,0.582,0.614,0.506,-0.275,0.555,0.549,0.677,0.67,0.659,0.35,0.532,-0.459,0.705,0.784,0.495
NNDM,0.445,0.505,0.457,0.537,0.627,0.446,-0.128,0.507,0.607,-0.159,0.457,0.283,0.392,0.467,0.362,0.611,0.732,-0.122,0.322,0.005,0.587,0.636,-0.019,-0.342,0.687,0.495,0.444,0.398,0.407,0.551,-0.147,0.464,0.424,0.446,0.672,0.468,0.497,0.727,0.261,0.392,0.323,-0.115,-0.003,0.548,0.619,0.54,0.547,-0.181,0.618,0.332,0.308,0.463,0.132,0.485,0.607,0.374,0.706,1.0,0.287,0.606,0.601,0.186,0.589,-0.006,0.648,0.415,0.379,0.584,0.49,0.625,-0.372,0.455,0.254,0.472,0.511,0.648,0.697,0.544,0.461,0.037,0.507,0.544,-0.064,0.426,0.583,0.518,0.472,0.417,-0.096,0.464,0.491,0.492,0.476,0.52,0.382,0.349,-0.328,0.605,0.59,0.445
NVAX,0.643,0.343,0.562,0.656,0.474,0.518,-0.133,0.602,0.519,0.368,0.671,0.559,0.531,0.573,0.107,0.608,0.25,-0.187,0.307,0.49,0.555,0.607,0.235,0.071,0.324,0.541,0.106,0.449,0.653,0.535,-0.045,0.224,0.227,0.714,0.316,0.47,0.679,0.146,0.445,0.572,0.555,-0.123,0.252,0.559,0.547,0.525,0.619,-0.137,0.551,-0.209,0.479,0.346,-0.091,0.546,0.634,0.596,0.41,0.287,1.0,0.401,0.601,0.423,0.366,0.655,0.328,0.565,-0.005,0.589,0.65,0.492,-0.452,0.592,0.211,0.557,0.702,0.456,0.4,0.632,0.611,0.404,0.636,0.727,-0.195,0.642,0.205,0.504,0.619,0.665,-0.347,0.235,0.307,0.678,0.587,0.57,0.691,0.69,-0.411,0.595,0.613,0.495
NVDA,0.726,0.75,0.84,0.814,0.913,0.731,0.156,0.587,0.599,-0.158,0.489,0.037,0.625,0.846,0.672,0.834,0.71,0.248,0.137,0.17,0.833,0.674,-0.104,-0.589,0.668,0.788,0.68,0.734,0.554,0.809,-0.438,0.841,0.839,0.524,0.596,0.796,0.673,0.726,0.127,0.734,0.069,-0.478,-0.304,0.818,0.827,0.887,0.716,-0.458,0.792,0.206,0.687,0.855,0.494,0.797,0.746,0.362,0.85,0.606,0.401,1.0,0.793,-0.062,0.801,0.439,0.878,0.724,0.742,0.698,0.472,0.689,-0.576,0.761,0.027,0.704,0.569,0.919,0.881,0.828,0.788,0.439,0.558,0.627,-0.447,0.648,0.773,0.473,0.644,0.421,-0.238,0.718,0.705,0.613,0.708,0.674,0.221,0.43,-0.403,0.656,0.782,0.547
NWL,0.711,0.776,0.825,0.811,0.789,0.718,0.095,0.657,0.577,0.008,0.768,0.315,0.703,0.797,0.518,0.886,0.64,-0.036,0.345,0.268,0.727,0.714,0.058,-0.415,0.712,0.738,0.398,0.69,0.764,0.788,-0.288,0.671,0.659,0.745,0.601,0.716,0.761,0.582,0.398,0.752,0.447,-0.288,-0.045,0.719,0.719,0.738,0.766,-0.273,0.815,0.035,0.656,0.715,0.287,0.809,0.875,0.595,0.774,0.601,0.601,0.793,1.0,0.033,0.666,0.517,0.729,0.684,0.414,0.765,0.699,0.749,-0.575,0.75,0.141,0.77,0.808,0.792,0.75,0.758,0.764,0.368,0.663,0.775,-0.4,0.746,0.668,0.588,0.729,0.629,-0.387,0.576,0.586,0.731,0.73,0.764,0.439,0.645,-0.428,0.718,0.789,0.59
OCGN,0.041,-0.183,0.008,0.103,0.054,-0.062,-0.309,0.176,0.394,0.309,0.288,0.588,0.053,-0.05,-0.286,0.093,0.061,-0.165,0.391,0.227,0.052,0.184,0.372,0.445,0.096,-0.009,-0.054,0.01,0.117,0.117,0.459,-0.188,-0.199,0.148,0.3,-0.049,0.251,0.051,0.478,-0.087,0.468,0.287,0.49,0.074,0.097,-0.03,0.134,0.327,0.071,0.109,-0.122,-0.095,-0.307,-0.063,0.097,0.39,0.016,0.186,0.423,-0.062,0.033,1.0,-0.025,0.038,-0.087,-0.095,-0.248,0.091,0.301,0.033,0.142,0.034,0.344,-0.009,0.293,0.018,0.08,0.057,-0.054,-0.061,0.236,0.356,0.421,0.153,-0.155,0.253,0.224,0.236,0.248,-0.173,-0.046,0.281,0.013,0.07,0.528,0.252,0.012,0.039,0.111,0.315
ON,0.552,0.771,0.617,0.763,0.827,0.636,0.268,0.569,0.713,-0.305,0.43,0.107,0.532,0.644,0.762,0.74,0.791,0.421,0.161,0.024,0.684,0.68,-0.27,-0.517,0.654,0.643,0.753,0.775,0.602,0.614,-0.466,0.742,0.738,0.478,0.54,0.736,0.591,0.687,0.1,0.591,0.122,-0.412,-0.317,0.742,0.693,0.689,0.74,-0.478,0.771,0.272,0.621,0.824,0.551,0.641,0.77,0.396,0.756,0.589,0.366,0.801,0.666,-0.025,1.0,0.201,0.746,0.631,0.737,0.687,0.564,0.795,-0.61,0.602,0.018,0.585,0.536,0.851,0.775,0.633,0.743,0.353,0.51,0.57,-0.267,0.514,0.744,0.527,0.51,0.425,-0.169,0.749,0.699,0.564,0.568,0.617,0.189,0.432,-0.133,0.767,0.835,0.514
OPK,0.618,0.365,0.616,0.48,0.384,0.579,0.045,0.631,0.238,0.206,0.374,0.132,0.44,0.668,0.214,0.443,0.162,0.076,-0.046,0.409,0.582,0.488,0.093,-0.265,0.141,0.573,0.066,0.46,0.4,0.585,-0.287,0.324,0.344,0.547,0.103,0.478,0.472,0.15,0.21,0.634,0.058,-0.33,-0.06,0.486,0.495,0.587,0.367,-0.334,0.385,-0.188,0.582,0.389,0.153,0.588,0.321,0.415,0.328,-0.006,0.655,0.439,0.517,0.038,0.201,1.0,0.358,0.649,0.167,0.449,0.298,0.359,-0.502,0.628,-0.078,0.628,0.495,0.344,0.299,0.59,0.543,0.658,0.436,0.422,-0.336,0.691,0.196,0.171,0.589,0.306,-0.365,0.32,0.321,0.363,0.599,0.548,0.233,0.579,-0.505,0.391,0.311,0.213
