,AAL,AAPL,AGNC,AMAT,AMD,AMZN,APA,ARDX,AVGO,AZN,BIDU,BILI,BKR,CAN,CHRD,CMCSA,CPRT,CRWD,CSCO,CSX,DKNG,EBAY,ERIC,EXC,FITB,FLEX,FTNT,GEN,GERN,GEVO,GILD,GOOG,GOOGL,GT,HBAN,HST,INTC,IOVA,IQ,JBLU,JD,KDP,KHC,LRCX,LYFT,MARA,MCHP,MDLZ,META,MNST,MRNA,MRVL,MSFT,MSTR,MU,MVIS,NFLX,NNDM,NVAX,NVDA,NWL,OCGN,ON,OPK,PAA,PACB,PANW,PARA,PDD,PENN,PEP,PLUG,PTEN,PTON,PYPL,QCOM,QVCGA,RIOT,ROKU,RUN,SABR,SBUX,SMCI,SNDL,STNE,TCOM,TLRY,TMUS,TSCO,TSLA,TTD,TXN,UAL,VOD,VTRS,VXRT,WBA,WBD,WDC,ZM
AAL,1.0,0.683,-0.527,0.751,0.472,0.421,-0.645,-0.562,0.014,0.144,-0.187,-0.544,-0.518,-0.1,0.03,0.625,0.618,0.118,-0.316,0.634,0.698,0.712,-0.22,-0.207,-0.541,0.212,0.087,-0.523,0.553,0.21,-0.539,0.43,0.449,0.381,-0.629,0.586,0.05,0.661,-0.392,0.401,-0.084,-0.471,0.626,0.565,-0.608,-0.185,-0.265,0.754,0.586,0.582,-0.35,0.384,0.67,-0.137,0.101,0.528,0.254,0.672,0.109,0.738,-0.609,-0.196,0.685,0.588,-0.243,0.629,0.115,-0.61,-0.587,-0.52,0.664,-0.446,-0.496,-0.629,-0.514,-0.597,0.635,-0.153,-0.297,-0.673,-0.253,-0.274,0.612,0.667,0.697,-0.562,0.569,-0.47,-0.017,0.103,0.483,-0.352,0.702,0.256,0.091,0.549,-0.65,-0.248,-0.114,-0.152
AAPL,0.683,1.0,-0.512,0.611,0.656,0.407,-0.491,-0.51,0.103,-0.041,-0.264,-0.475,-0.452,-0.238,0.045,0.576,0.646,0.01,-0.321,0.506,0.862,0.678,-0.211,-0.309,-0.373,0.324,0.242,-0.374,0.487,0.128,-0.651,0.5,0.497,0.552,-0.464,0.67,-0.053,0.664,-0.478,0.297,0.006,-0.55,0.699,0.56,-0.47,-0.165,-0.256,0.659,0.57,0.827,-0.442,0.447,0.628,-0.039,0.103,0.489,0.299,0.57,0.115,0.708,-0.556,-0.322,0.54,0.796,-0.163,0.615,0.123,-0.424,-0.565,-0.425,0.679,-0.472,-0.612,-0.485,-0.488,-0.446,0.81,-0.07,-0.421,-0.493,-0.353,-0.076,0.638,0.695,0.757,-0.532,0.694,-0.431,-0.327,0.068,0.554,-0.453,0.526,0.281,0.079,0.626,-0.572,-0.095,-0.171,-0.223
AGNC,-0.527,-0.512,1.0,-0.415,-0.215,-0.231,0.701,0.562,0.449,0.022,0.418,0.58,0.703,0.291,0.561,-0.465,-0.589,0.259,0.496,-0.412,-0.573,-0.418,0.268,0.379,0.757,-0.263,0.237,0.575,-0.635,0.225,0.74,-0.46,-0.465,-0.526,0.804,-0.388,0.33,-0.647,0.58,-0.025,0.112,0.699,-0.528,-0.436,0.389,0.284,0.387,-0.572,-0.442,-0.701,0.534,-0.09,-0.546,0.071,0.187,-0.403,-0.171,-0.527,0.032,-0.486,0.827,0.515,-0.434,-0.593,0.697,-0.474,0.224,0.578,0.598,0.45,-0.6,0.364,0.759,0.632,0.457,0.706,-0.404,0.309,0.607,0.664,0.313,0.409,-0.481,-0.548,-0.607,0.717,-0.388,0.706,0.309,0.134,-0.377,0.706,-0.389,-0.258,0.267,-0.701,0.773,0.554,0.225,0.419
AMAT,0.751,0.611,-0.415,1.0,0.372,0.522,-0.576,-0.444,0.234,0.354,-0.137,-0.45,-0.342,-0.283,0.069,0.442,0.636,0.053,-0.253,0.749,0.649,0.534,-0.221,-0.12,-0.421,0.26,0.121,-0.511,0.674,0.254,-0.38,0.495,0.503,0.431,-0.573,0.476,-0.08,0.512,-0.315,0.202,-0.058,-0.359,0.551,0.809,-0.625,-0.28,-0.252,0.611,0.416,0.487,-0.307,0.264,0.515,-0.326,0.043,0.474,0.382,0.5,0.009,0.57,-0.556,-0.317,0.537,0.527,-0.129,0.561,0.102,-0.621,-0.523,-0.578,0.606,-0.352,-0.364,-0.64,-0.507,-0.566,0.542,-0.274,-0.252,-0.514,-0.41,-0.261,0.532,0.517,0.612,-0.484,0.465,-0.39,0.139,0.1,0.396,-0.273,0.589,0.097,-0.11,0.55,-0.486,-0.319,-0.245,-0.148
AMD,0.472,0.656,-0.215,0.372,1.0,0.393,-0.136,-0.299,0.288,-0.015,0.077,-0.239,-0.152,-0.203,0.447,0.183,0.441,0.476,-0.042,0.337,0.512,0.308,-0.165,-0.187,-0.079,0.548,0.63,-0.066,0.254,0.25,-0.434,0.557,0.562,0.587,-0.212,0.554,-0.064,0.621,-0.184,-0.084,0.27,-0.237,0.437,0.227,-0.54,-0.024,-0.054,0.277,0.167,0.466,-0.107,0.383,0.271,-0.078,0.071,0.623,0.515,0.508,0.531,0.492,-0.277,0.069,0.396,0.641,0.093,0.543,0.598,-0.379,-0.274,-0.355,0.306,-0.546,-0.387,-0.256,-0.428,-0.219,0.796,0.149,-0.092,-0.362,-0.353,-0.051,0.483,0.534,0.531,-0.18,0.563,-0.124,-0.129,0.27,0.483,-0.137,0.42,-0.186,0.484,0.493,-0.286,0.165,0.004,0.173
AMZN,0.421,0.407,-0.231,0.522,0.393,1.0,-0.506,-0.474,0.014,0.132,-0.297,-0.503,-0.308,-0.426,0.057,0.225,0.556,0.249,-0.288,0.391,0.349,0.435,-0.418,-0.017,-0.385,0.331,0.233,-0.318,0.461,0.156,-0.1,0.691,0.685,0.548,-0.463,0.182,-0.273,0.384,-0.394,-0.042,-0.051,-0.114,0.262,0.409,-0.504,-0.266,-0.426,0.438,0.374,0.293,-0.49,-0.045,0.396,-0.359,-0.02,0.291,0.42,0.191,0.136,0.209,-0.28,-0.211,0.14,0.278,0.05,0.188,0.265,-0.486,-0.392,-0.524,0.471,-0.603,-0.199,-0.587,-0.637,-0.492,0.417,-0.144,-0.147,-0.355,-0.476,-0.149,0.231,0.34,0.397,-0.32,0.271,-0.054,0.125,-0.077,0.473,-0.261,0.222,-0.047,-0.15,0.523,-0.344,-0.351,-0.466,-0.093
APA,-0.645,-0.491,0.701,-0.576,-0.136,-0.506,1.0,0.698,0.411,-0.091,0.569,0.705,0.732,0.404,0.478,-0.471,-0.657,0.226,0.63,-0.566,-0.595,-0.598,0.407,0.209,0.871,-0.006,0.327,0.649,-0.654,-0.05,0.574,-0.432,-0.434,-0.33,0.909,-0.32,0.338,-0.63,0.668,-0.289,0.322,0.622,-0.585,-0.559,0.545,0.375,0.649,-0.738,-0.54,-0.613,0.667,0.037,-0.665,0.204,0.15,-0.38,-0.104,-0.498,0.147,-0.586,0.747,0.553,-0.379,-0.493,0.48,-0.407,0.245,0.751,0.773,0.663,-0.738,0.436,0.638,0.875,0.581,0.868,-0.367,0.391,0.582,0.752,0.461,0.275,-0.505,-0.524,-0.647,0.778,-0.323,0.612,0.229,0.224,-0.408,0.689,-0.354,-0.389,0.379,-0.637,0.782,0.724,0.437,0.409
ARDX,-0.562,-0.51,0.562,-0.444,-0.299,-0.474,0.698,1.0,0.279,0.057,0.462,0.55,0.535,0.352,0.217,-0.441,-0.553,0.094,0.367,-0.359,-0.496,-0.673,0.247,0.311,0.694,-0.224,0.14,0.469,-0.576,-0.01,0.566,-0.56,-0.561,-0.472,0.697,-0.29,0.294,-0.549,0.551,-0.335,0.151,0.58,-0.474,-0.487,0.537,0.303,0.574,-0.651,-0.519,-0.52,0.703,-0.006,-0.664,0.143,-0.083,-0.436,-0.315,-0.43,-0.022,-0.528,0.637,0.42,-0.296,-0.448,0.321,-0.362,0.052,0.584,0.62,0.554,-0.718,0.496,0.621,0.657,0.552,0.693,-0.455,0.197,0.464,0.61,0.337,0.088,-0.414,-0.506,-0.599,0.651,-0.325,0.409,0.307,0.045,-0.572,0.586,-0.373,-0.399,0.237,-0.651,0.615,0.469,0.311,0.391
AVGO,0.014,0.103,0.449,0.234,0.288,0.014,0.411,0.279,1.0,0.363,0.414,0.268,0.585,0.011,0.624,-0.176,-0.008,0.443,0.377,0.124,0.107,-0.173,0.019,0.266,0.542,0.281,0.604,0.334,-0.035,0.305,0.33,0.066,0.081,0.081,0.404,0.023,0.067,-0.092,0.326,-0.095,0.222,0.394,-0.128,0.094,-0.035,0.032,0.453,-0.256,-0.333,-0.234,0.275,0.364,-0.311,-0.202,0.027,0.107,0.262,-0.091,0.302,0.071,0.369,0.4,0.123,-0.08,0.574,0.047,0.538,0.135,0.335,0.084,-0.218,0.047,0.398,0.249,0.096,0.307,0.145,0.122,0.405,0.214,-0.225,0.088,-0.089,-0.11,-0.109,0.381,-0.004,0.369,0.469,0.288,-0.089,0.587,0.263,-0.476,0.411,-0.179,0.353,0.495,0.158,0.367
AZN,0.144,-0.041,0.022,0.354,-0.015,0.132,-0.091,0.057,0.363,1.0,0.109,-0.05,0.285,-0.289,0.153,-0.349,0.176,0.273,0.006,0.462,0.237,-0.221,-0.139,0.281,0.045,-0.005,0.294,-0.169,0.234,0.396,0.206,-0.008,0.006,-0.001,-0.087,0.166,-0.179,0.008,0.054,-0.108,-0.074,0.288,0.079,0.066,-0.285,-0.033,0.128,-0.156,-0.422,-0.12,0.192,0.117,-0.278,-0.45,-0.491,0.202,0.22,0.011,0.186,0.044,-0.086,0.183,0.089,0.094,0.066,0.153,0.179,-0.289,-0.186,-0.334,-0.053,0.017,0.194,-0.142,-0.217,-0.175,0.124,-0.104,0.209,-0.085,-0.389,-0.448,0.133,0.026,0.071,-0.05,0.138,0.021,0.64,0.107,-0.214,0.285,0.331,-0.349,0.078,-0.071,-0.132,-0.018,-0.24,0.294
BIDU,-0.187,-0.264,0.418,-0.137,0.077,-0.297,0.569,0.462,0.414,0.109,1.0,0.706,0.393,0.452,0.481,-0.326,-0.283,0.575,0.618,-0.133,-0.347,-0.409,0.419,-0.059,0.54,0.395,0.474,0.406,-0.418,0.372,0.236,-0.096,-0.082,0.027,0.444,0.06,0.467,-0.189,0.747,-0.323,0.742,0.381,-0.33,-0.356,0.004,0.542,0.57,-0.538,-0.447,-0.502,0.705,0.417,-0.341,0.156,0.255,0.167,0.191,0.027,0.366,-0.16,0.383,0.708,0.154,-0.144,0.205,-0.087,0.507,0.095,0.635,0.053,-0.461,0.275,0.377,0.408,0.323,0.371,-0.138,0.442,0.621,0.125,0.176,-0.247,-0.103,-0.033,-0.263,0.468,0.046,0.457,0.214,0.639,-0.191,0.639,-0.104,-0.391,0.543,-0.379,0.268,0.544,0.58,0.659
BILI,-0.544,-0.475,0.58,-0.45,-0.239,-0.503,0.705,0.55,0.268,-0.05,0.706,1.0,0.588,0.5,0.303,-0.334,-0.556,0.221,0.637,-0.414,-0.579,-0.439,0.602,0.053,0.644,0.017,0.162,0.637,-0.66,0.181,0.428,-0.401,-0.399,-0.362,0.647,-0.179,0.526,-0.526,0.772,-0.19,0.591,0.475,-0.472,-0.498,0.388,0.641,0.556,-0.632,-0.434,-0.604,0.635,0.269,-0.411,0.477,0.27,-0.185,-0.148,-0.253,0.102,-0.409,0.576,0.587,-0.218,-0.373,0.31,-0.363,0.191,0.408,0.73,0.365,-0.576,0.558,0.55,0.657,0.65,0.569,-0.403,0.51,0.608,0.45,0.514,0.07,-0.376,-0.323,-0.525,0.596,-0.145,0.545,0.087,0.453,-0.278,0.642,-0.415,-0.093,0.364,-0.565,0.554,0.588,0.572,0.41
BKR,-0.518,-0.452,0.703,-0.342,-0.152,-0.308,0.732,0.535,0.585,0.285,0.393,0.588,1.0,0.076,0.499,-0.584,-0.515,0.225,0.474,-0.303,-0.379,-0.583,0.294,0.354,0.81,-0.124,0.295,0.595,-0.356,0.203,0.639,-0.428,-0.433,-0.398,0.763,-0.333,0.118,-0.595,0.599,-0.27,0.158,0.634,-0.544,-0.34,0.269,0.221,0.403,-0.716,-0.65,-0.687,0.519,0.069,-0.719,-0.002,-0.105,-0.319,0.003,-0.508,0.146,-0.407,0.662,0.53,-0.48,-0.491,0.567,-0.398,0.204,0.486,0.563,0.387,-0.716,0.39,0.739,0.631,0.427,0.611,-0.341,0.206,0.541,0.553,0.138,0.199,-0.477,-0.528,-0.583,0.684,-0.318,0.561,0.485,0.111,-0.391,0.625,-0.022,-0.481,0.325,-0.595,0.697,0.549,0.187,0.383
CAN,-0.1,-0.238,0.291,-0.283,-0.203,-0.426,0.404,0.352,0.011,-0.289,0.452,0.5,0.076,1.0,0.182,0.142,-0.378,0.13,0.509,-0.398,-0.398,-0.105,0.537,-0.092,0.236,0.003,0.022,0.305,-0.584,-0.045,0.205,-0.333,-0.319,-0.305,0.373,-0.091,0.74,-0.251,0.515,0.028,0.412,0.233,-0.251,-0.395,0.447,0.561,0.551,-0.099,0.023,-0.337,0.454,0.322,-0.073,0.539,0.543,-0.145,-0.168,-0.024,0.017,-0.156,0.36,0.386,0.222,-0.302,0.049,-0.067,0.063,0.343,0.446,0.343,-0.308,0.301,0.243,0.424,0.464,0.449,-0.28,0.523,0.395,0.215,0.671,0.071,-0.122,-0.122,-0.35,0.373,-0.16,0.317,-0.057,0.367,-0.159,0.426,-0.253,0.034,0.231,-0.327,0.36,0.44,0.687,0.259
CHRD,0.03,0.045,0.561,0.069,0.447,0.057,0.478,0.217,0.624,0.153,0.481,0.303,0.499,0.182,1.0,-0.248,-0.095,0.592,0.523,0.049,-0.028,-0.125,0.221,0.155,0.51,0.322,0.705,0.352,-0.22,0.463,0.326,0.008,0.012,0.046,0.409,0.144,0.329,-0.109,0.451,-0.189,0.366,0.466,-0.118,-0.162,-0.167,0.206,0.314,-0.237,-0.275,-0.278,0.469,0.267,-0.282,-0.094,0.208,0.216,0.356,0.014,0.465,-0.075,0.399,0.525,0.073,0.007,0.651,0.091,0.653,0.065,0.273,-0.051,-0.328,-0.037,0.441,0.286,0.041,0.323,0.304,0.292,0.542,0.185,0.01,0.142,0.034,0.038,-0.062,0.443,0.135,0.499,0.241,0.518,-0.08,0.567,0.086,-0.386,0.62,-0.253,0.392,0.566,0.311,0.603
CMCSA,0.625,0.576,-0.465,0.442,0.183,0.225,-0.471,-0.441,-0.176,-0.349,-0.326,-0.334,-0.584,0.142,-0.248,1.0,0.402,-0.337,-0.312,0.206,0.383,0.817,-0.018,-0.318,-0.547,0.128,-0.276,-0.362,0.212,-0.266,-0.5,0.355,0.367,0.273,-0.469,0.334,0.256,0.436,-0.442,0.453,-0.064,-0.582,0.522,0.477,-0.176,-0.095,-0.22,0.778,0.889,0.615,-0.497,0.345,0.778,0.284,0.456,0.169,-0.045,0.369,-0.176,0.555,-0.409,-0.398,0.522,0.306,-0.245,0.416,-0.225,-0.244,-0.304,-0.093,0.647,-0.141,-0.519,-0.416,-0.094,-0.335,0.269,-0.052,-0.403,-0.343,0.141,0.146,0.413,0.427,0.382,-0.354,0.333,-0.441,-0.438,-0.093,0.543,-0.418,0.204,0.588,-0.207,0.537,-0.387,-0.267,0.03,-0.506
CPRT,0.618,0.646,-0.589,0.636,0.441,0.556,-0.657,-0.553,-0.008,0.176,-0.283,-0.556,-0.515,-0.378,-0.095,0.402,1.0,0.007,-0.334,0.724,0.614,0.473,-0.325,-0.329,-0.551,0.452,0.069,-0.474,0.659,0.146,-0.505,0.665,0.654,0.642,-0.673,0.371,-0.285,0.63,-0.478,0.189,-0.01,-0.58,0.522,0.568,-0.484,-0.379,-0.376,0.575,0.403,0.615,-0.461,0.251,0.5,-0.348,-0.039,0.569,0.435,0.591,0.152,0.563,-0.702,-0.363,0.483,0.618,-0.361,0.541,0.112,-0.62,-0.514,-0.559,0.636,-0.548,-0.54,-0.673,-0.655,-0.648,0.604,-0.304,-0.36,-0.572,-0.529,-0.327,0.547,0.592,0.645,-0.606,0.36,-0.555,-0.109,0.071,0.477,-0.398,0.508,0.084,-0.098,0.693,-0.693,-0.361,-0.229,-0.138
CRWD,0.118,0.01,0.259,0.053,0.476,0.249,0.226,0.094,0.443,0.273,0.575,0.221,0.225,0.13,0.592,-0.337,0.007,1.0,0.432,0.028,-0.038,-0.186,0.086,0.009,0.273,0.472,0.83,0.287,-0.187,0.57,0.179,0.21,0.238,0.22,0.131,0.137,0.163,0.109,0.357,-0.361,0.453,0.422,-0.115,-0.293,-0.296,0.312,0.351,-0.278,-0.369,-0.279,0.376,0.311,-0.243,-0.165,-0.019,0.478,0.473,0.276,0.685,-0.048,0.232,0.634,0.184,0.099,0.367,0.053,0.86,-0.207,0.179,-0.257,-0.243,-0.135,0.267,0.091,-0.076,0.04,0.352,0.381,0.497,-0.143,-0.203,-0.33,0.042,0.116,0.057,0.226,0.249,0.533,0.343,0.547,0.018,0.512,0.11,-0.524,0.733,-0.128,0.111,0.473,0.327,0.628
CSCO,-0.316,-0.321,0.496,-0.253,-0.042,-0.288,0.63,0.367,0.377,0.006,0.618,0.637,0.474,0.509,0.523,-0.312,-0.334,0.432,1.0,-0.292,-0.494,-0.283,0.612,-0.065,0.473,0.242,0.341,0.471,-0.493,0.264,0.383,-0.219,-0.224,-0.168,0.486,-0.21,0.424,-0.423,0.747,-0.3,0.512,0.444,-0.41,-0.39,0.204,0.56,0.613,-0.516,-0.313,-0.577,0.553,0.338,-0.389,0.235,0.297,0.091,0.288,-0.032,0.369,-0.264,0.46,0.532,0.044,-0.346,0.316,-0.245,0.444,0.252,0.488,0.156,-0.525,0.259,0.558,0.47,0.315,0.443,-0.125,0.605,0.789,0.302,0.278,0.087,-0.237,-0.204,-0.422,0.548,-0.158,0.681,0.196,0.74,-0.324,0.677,-0.217,-0.306,0.404,-0.472,0.563,0.552,0.677,0.576
CSX,0.634,0.506,-0.412,0.749,0.337,0.391,-0.566,-0.359,0.124,0.462,-0.133,-0.414,-0.303,-0.398,0.049,0.206,0.724,0.028,-0.292,1.0,0.657,0.304,-0.216,-0.086,-0.365,0.157,0.07,-0.487,0.667,0.313,-0.309,0.363,0.359,0.314,-0.546,0.452,-0.198,0.519,-0.292,0.185,-0.12,-0.405,0.471,0.681,-0.546,-0.377,-0.289,0.455,0.18,0.467,-0.187,0.154,0.334,-0.442,-0.164,0.519,0.289,0.516,0.135,0.507,-0.608,-0.282,0.443,0.621,-0.175,0.534,0.061,-0.597,-0.497,-0.534,0.534,-0.319,-0.337,-0.579,-0.514,-0.559,0.511,-0.408,-0.289,-0.499,-0.525,-0.374,0.481,0.532,0.631,-0.575,0.404,-0.508,0.135,0.086,0.257,-0.222,0.574,0.026,-0.039,0.428,-0.573,-0.313,-0.245,-0.019
DKNG,0.698,0.862,-0.573,0.649,0.512,0.349,-0.595,-0.496,0.107,0.237,-0.347,-0.579,-0.379,-0.398,-0.028,0.383,0.614,-0.038,-0.494,0.657,1.0,0.519,-0.335,-0.198,-0.424,0.139,0.159,-0.481,0.65,0.176,-0.621,0.365,0.374,0.427,-0.544,0.633,-0.272,0.656,-0.556,0.268,-0.194,-0.54,0.641,0.599,-0.505,-0.311,-0.367,0.604,0.359,0.775,-0.443,0.288,0.512,-0.231,-0.132,0.46,0.271,0.526,0.08,0.717,-0.639,-0.33,0.436,0.791,-0.206,0.592,0.027,-0.517,-0.641,-0.506,0.62,-0.429,-0.604,-0.581,-0.547,-0.593,0.753,-0.277,-0.539,-0.564,-0.533,-0.238,0.596,0.629,0.806,-0.667,0.601,-0.573,-0.152,-0.095,0.4,-0.483,0.651,0.196,0.008,0.538,-0.672,-0.235,-0.331,-0.242
EBAY,0.712,0.678,-0.418,0.534,0.308,0.435,-0.598,-0.673,-0.173,-0.221,-0.409,-0.439,-0.583,-0.105,-0.125,0.817,0.473,-0.186,-0.283,0.304,0.519,1.0,-0.085,-0.272,-0.6,0.086,-0.17,-0.381,0.303,-0.005,-0.532,0.458,0.461,0.313,-0.557,0.396,0.066,0.439,-0.511,0.537,-0.148,-0.565,0.532,0.508,-0.411,-0.069,-0.432,0.785,0.881,0.61,-0.572,0.26,0.869,0.153,0.399,0.306,0.152,0.46,-0.108,0.617,-0.487,-0.404,0.415,0.411,-0.131,0.323,-0.145,-0.4,-0.527,-0.348,0.747,-0.305,-0.509,-0.554,-0.336,-0.503,0.477,0.021,-0.324,-0.44,-0.076,0.176,0.405,0.521,0.572,-0.492,0.479,-0.368,-0.396,-0.035,0.597,-0.469,0.26,0.67,-0.183,0.526,-0.5,-0.302,-0.128,-0.428
ERIC,-0.22,-0.211,0.268,-0.221,-0.165,-0.418,0.407,0.247,0.019,-0.139,0.419,0.602,0.294,0.537,0.221,-0.018,-0.325,0.086,0.612,-0.216,-0.335,-0.085,1.0,-0.249,0.229,-0.016,0.008,0.342,-0.493,0.17,0.109,-0.31,-0.307,-0.288,0.309,-0.116,0.508,-0.309,0.493,-0.035,0.376,0.089,-0.243,-0.296,0.198,0.503,0.325,-0.299,-0.072,-0.34,0.501,0.325,-0.148,0.392,0.393,0.01,0.168,0.069,0.122,-0.083,0.229,0.24,0.014,-0.142,0.117,-0.146,0.035,0.205,0.274,0.156,-0.387,0.479,0.274,0.348,0.452,0.316,-0.158,0.416,0.391,0.178,0.416,0.11,-0.172,-0.115,-0.253,0.265,-0.042,0.275,-0.148,0.442,-0.167,0.31,-0.218,0.101,0.245,-0.362,0.314,0.379,0.601,0.234
EXC,-0.207,-0.309,0.379,-0.12,-0.187,-0.017,0.209,0.311,0.266,0.281,-0.059,0.053,0.354,-0.092,0.155,-0.318,-0.329,0.009,-0.065,-0.086,-0.198,-0.272,-0.249,1.0,0.369,-0.277,0.026,0.358,-0.14,-0.088,0.595,-0.239,-0.237,-0.273,0.332,-0.228,-0.117,-0.278,0.022,-0.052,-0.271,0.523,-0.299,-0.115,0.15,-0.224,0.09,-0.188,-0.322,-0.357,0.103,-0.339,-0.433,-0.153,-0.308,-0.464,-0.312,-0.506,-0.142,-0.289,0.445,0.071,-0.253,-0.334,0.512,-0.318,-0.024,0.318,0.126,0.316,-0.307,0.18,0.473,0.339,0.204,0.372,-0.352,-0.202,0.236,0.474,0.133,0.235,-0.455,-0.38,-0.391,0.309,-0.264,0.301,0.456,-0.244,-0.186,0.279,-0.144,-0.274,-0.05,-0.31,0.424,0.084,-0.212,0.059
FITB,-0.541,-0.373,0.757,-0.421,-0.079,-0.385,0.871,0.694,0.542,0.045,0.54,0.644,0.81,0.236,0.51,-0.547,-0.551,0.273,0.473,-0.365,-0.424,-0.6,0.229,0.369,1.0,-0.09,0.384,0.701,-0.513,0.088,0.627,-0.451,-0.458,-0.369,0.936,-0.264,0.242,-0.604,0.614,-0.201,0.202,0.655,-0.562,-0.392,0.442,0.262,0.544,-0.703,-0.596,-0.602,0.616,0.05,-0.682,0.093,0.052,-0.386,-0.172,-0.484,0.108,-0.494,0.758,0.556,-0.405,-0.403,0.583,-0.429,0.267,0.718,0.676,0.612,-0.7,0.375,0.688,0.846,0.488,0.854,-0.306,0.275,0.554,0.737,0.295,0.25,-0.541,-0.503,-0.585,0.705,-0.253,0.587,0.364,0.141,-0.342,0.684,-0.166,-0.417,0.409,-0.666,0.736,0.759,0.3,0.384
FLEX,0.212,0.324,-0.263,0.26,0.548,0.331,-0.006,-0.224,0.281,-0.005,0.395,0.017,-0.124,0.003,0.322,0.128,0.452,0.472,0.242,0.157,0.139,0.086,-0.016,-0.277,-0.09,1.0,0.518,0.018,0.201,0.123,-0.278,0.734,0.738,0.818,-0.229,0.25,0.004,0.445,0.137,-0.368,0.675,-0.151,0.119,0.069,-0.419,0.085,0.135,0.038,0.032,0.128,-0.018,0.41,0.13,-0.07,0.218,0.593,0.637,0.373,0.51,0.219,-0.208,0.208,0.448,0.294,-0.103,0.335,0.589,-0.378,0.118,-0.345,0.116,-0.384,-0.257,-0.155,-0.282,-0.202,0.391,0.183,0.172,-0.331,-0.279,-0.307,0.299,0.441,0.259,-0.019,0.275,0.012,-0.06,0.559,0.366,0.034,0.193,-0.338,0.361,0.477,-0.236,0.107,0.262,0.313
FTNT,0.087,0.242,0.237,0.121,0.63,0.233,0.327,0.14,0.604,0.294,0.474,0.162,0.295,0.022,0.705,-0.276,0.069,0.83,0.341,0.07,0.159,-0.17,0.008,0.026,0.384,0.518,1.0,0.261,-0.141,0.453,0.133,0.237,0.255,0.342,0.231,0.269,0.105,0.129,0.284,-0.36,0.427,0.44,0.031,-0.198,-0.222,0.212,0.443,-0.261,-0.323,-0.071,0.375,0.394,-0.251,-0.187,-0.065,0.431,0.442,0.148,0.671,-0.001,0.245,0.555,0.216,0.228,0.414,0.21,0.851,-0.096,0.151,-0.196,-0.196,-0.218,0.203,0.153,-0.145,0.151,0.522,0.334,0.434,-0.015,-0.254,-0.197,0.163,0.193,0.094,0.307,0.364,0.426,0.321,0.473,0.015,0.485,0.174,-0.535,0.718,-0.056,0.131,0.597,0.186,0.599
GEN,-0.523,-0.374,0.575,-0.511,-0.066,-0.318,0.649,0.469,0.334,-0.169,0.406,0.637,0.595,0.305,0.352,-0.362,-0.474,0.287,0.471,-0.487,-0.481,-0.381,0.342,0.358,0.701,0.018,0.261,1.0,-0.541,0.043,0.478,-0.306,-0.311,-0.288,0.671,-0.41,0.196,-0.519,0.497,-0.228,0.311,0.462,-0.599,-0.432,0.394,0.268,0.356,-0.623,-0.431,-0.594,0.403,0.048,-0.544,0.29,0.171,-0.267,-0.063,-0.305,0.23,-0.425,0.658,0.517,-0.4,-0.405,0.529,-0.527,0.247,0.554,0.61,0.534,-0.712,0.469,0.545,0.731,0.608,0.661,-0.317,0.343,0.563,0.606,0.367,0.32,-0.575,-0.437,-0.586,0.671,-0.272,0.524,0.128,0.22,-0.113,0.531,-0.278,-0.249,0.444,-0.552,0.656,0.663,0.478,0.303
GERN,0.553,0.487,-0.635,0.674,0.254,0.461,-0.654,-0.576,-0.035,0.234,-0.418,-0.66,-0.356,-0.584,-0.22,0.212,0.659,-0.187,-0.493,0.667,0.65,0.303,-0.493,-0.14,-0.513,0.201,-0.141,-0.541,1.0,0.049,-0.523,0.459,0.45,0.476,-0.665,0.351,-0.495,0.562,-0.498,0.115,-0.237,-0.558,0.495,0.721,-0.553,-0.611,-0.554,0.519,0.239,0.539,-0.554,-0.097,0.356,-0.496,-0.304,0.346,0.326,0.403,-0.051,0.44,-0.719,-0.504,0.25,0.551,-0.366,0.503,-0.095,-0.594,-0.598,-0.541,0.554,-0.453,-0.546,-0.666,-0.602,-0.686,0.42,-0.615,-0.588,-0.571,-0.543,-0.335,0.477,0.444,0.609,-0.656,0.257,-0.612,0.003,-0.164,0.35,-0.602,0.685,0.02,-0.304,0.643,-0.625,-0.577,-0.488,-0.314
GEVO,0.21,0.128,0.225,0.254,0.25,0.156,-0.05,-0.01,0.305,0.396,0.372,0.181,0.203,-0.045,0.463,-0.266,0.146,0.57,0.264,0.313,0.176,-0.005,0.17,-0.088,0.088,0.123,0.453,0.043,0.049,1.0,0.031,-0.003,-0.005,0.021,-0.066,0.337,0.184,0.129,0.263,-0.045,0.29,0.155,0.098,-0.063,-0.417,0.225,0.019,-0.114,-0.26,-0.129,0.376,0.34,-0.118,-0.125,-0.153,0.472,0.389,0.363,0.438,0.128,0.017,0.289,0.144,0.272,0.261,0.163,0.486,-0.421,-0.092,-0.514,-0.064,0.043,0.177,-0.156,-0.101,-0.223,0.364,0.145,0.279,-0.326,-0.247,-0.347,0.247,0.317,0.255,-0.047,0.447,0.236,0.19,0.448,-0.0,0.238,0.216,-0.185,0.427,-0.088,-0.118,0.225,0.184,0.553
GILD,-0.539,-0.651,0.74,-0.38,-0.434,-0.1,0.574,0.566,0.33,0.206,0.236,0.428,0.639,0.205,0.326,-0.5,-0.505,0.179,0.383,-0.309,-0.621,-0.532,0.109,0.595,0.627,-0.278,0.133,0.478,-0.523,0.031,1.0,-0.416,-0.425,-0.496,0.657,-0.578,0.17,-0.727,0.492,-0.223,-0.043,0.829,-0.702,-0.378,0.468,0.066,0.416,-0.558,-0.494,-0.764,0.432,-0.286,-0.668,-0.13,-0.089,-0.536,-0.27,-0.684,-0.039,-0.672,0.768,0.375,-0.458,-0.713,0.609,-0.629,0.047,0.572,0.566,0.476,-0.606,0.376,0.886,0.584,0.427,0.646,-0.582,0.065,0.609,0.687,0.265,0.249,-0.687,-0.635,-0.686,0.678,-0.515,0.689,0.579,-0.046,-0.485,0.704,-0.427,-0.418,0.077,-0.671,0.769,0.394,0.101,0.329
GOOG,0.43,0.5,-0.46,0.495,0.557,0.691,-0.432,-0.56,0.066,-0.008,-0.096,-0.401,-0.428,-0.333,0.008,0.355,0.665,0.21,-0.219,0.363,0.365,0.458,-0.31,-0.239,-0.451,0.734,0.237,-0.306,0.459,-0.003,-0.416,1.0,0.996,0.878,-0.531,0.261,-0.286,0.607,-0.33,-0.085,0.276,-0.421,0.287,0.395,-0.567,-0.193,-0.308,0.409,0.365,0.402,-0.42,0.125,0.506,-0.236,0.157,0.556,0.557,0.384,0.271,0.378,-0.49,-0.213,0.338,0.391,-0.187,0.332,0.295,-0.523,-0.253,-0.469,0.56,-0.606,-0.529,-0.523,-0.579,-0.496,0.477,-0.046,-0.193,-0.459,-0.485,-0.195,0.318,0.531,0.511,-0.39,0.324,-0.299,-0.126,0.108,0.608,-0.341,0.242,-0.045,-0.02,0.783,-0.519,-0.273,-0.196,-0.055
GOOGL,0.449,0.497,-0.465,0.503,0.562,0.685,-0.434,-0.561,0.081,0.006,-0.082,-0.399,-0.433,-0.319,0.012,0.367,0.654,0.238,-0.224,0.359,0.374,0.461,-0.307,-0.237,-0.458,0.738,0.255,-0.311,0.45,-0.005,-0.425,0.996,1.0,0.879,-0.539,0.268,-0.28,0.616,-0.349,-0.084,0.271,-0.412,0.301,0.386,-0.58,-0.186,-0.304,0.424,0.363,0.405,-0.421,0.14,0.517,-0.232,0.163,0.567,0.561,0.399,0.286,0.391,-0.495,-0.192,0.354,0.394,-0.175,0.348,0.321,-0.54,-0.248,-0.477,0.564,-0.601,-0.529,-0.534,-0.575,-0.506,0.485,-0.038,-0.199,-0.477,-0.49,-0.204,0.325,0.518,0.515,-0.394,0.325,-0.29,-0.126,0.106,0.604,-0.326,0.245,-0.045,-0.009,0.779,-0.519,-0.279,-0.188,-0.066
GT,0.381,0.552,-0.526,0.431,0.587,0.548,-0.33,-0.472,0.081,-0.001,0.027,-0.362,-0.398,-0.305,0.046,0.273,0.642,0.22,-0.168,0.314,0.427,0.313,-0.288,-0.273,-0.369,0.818,0.342,-0.288,0.476,0.021,-0.496,0.878,0.879,1.0,-0.487,0.378,-0.257,0.644,-0.311,-0.163,0.379,-0.401,0.373,0.295,-0.539,-0.201,-0.211,0.348,0.25,0.463,-0.353,0.249,0.377,-0.19,0.054,0.527,0.581,0.41,0.295,0.407,-0.501,-0.165,0.425,0.515,-0.239,0.463,0.372,-0.515,-0.225,-0.496,0.452,-0.59,-0.556,-0.448,-0.572,-0.449,0.543,-0.074,-0.226,-0.491,-0.472,-0.276,0.444,0.581,0.509,-0.363,0.395,-0.285,-0.179,0.192,0.545,-0.357,0.3,-0.153,0.051,0.76,-0.512,-0.209,-0.151,-0.007
HBAN,-0.629,-0.464,0.804,-0.573,-0.212,-0.463,0.909,0.697,0.404,-0.087,0.444,0.647,0.763,0.373,0.409,-0.469,-0.673,0.131,0.486,-0.546,-0.544,-0.557,0.309,0.332,0.936,-0.229,0.231,0.671,-0.665,-0.066,0.657,-0.531,-0.539,-0.487,1.0,-0.376,0.308,-0.715,0.605,-0.133,0.14,0.647,-0.624,-0.498,0.6,0.32,0.545,-0.673,-0.505,-0.636,0.582,-0.021,-0.635,0.18,0.159,-0.522,-0.266,-0.611,-0.003,-0.552,0.808,0.511,-0.478,-0.546,0.545,-0.535,0.117,0.853,0.716,0.739,-0.696,0.412,0.678,0.885,0.559,0.924,-0.433,0.342,0.537,0.836,0.448,0.367,-0.614,-0.59,-0.666,0.744,-0.39,0.609,0.271,0.046,-0.407,0.656,-0.317,-0.307,0.29,-0.718,0.792,0.732,0.313,0.314
HST,0.586,0.67,-0.388,0.476,0.554,0.182,-0.32,-0.29,0.023,0.166,0.06,-0.179,-0.333,-0.091,0.144,0.334,0.371,0.137,-0.21,0.452,0.633,0.396,-0.116,-0.228,-0.264,0.25,0.269,-0.41,0.351,0.337,-0.578,0.261,0.268,0.378,-0.376,1.0,0.225,0.699,-0.237,0.152,0.199,-0.309,0.754,0.215,-0.529,0.164,-0.066,0.451,0.278,0.665,-0.103,0.512,0.428,0.095,-0.059,0.488,0.173,0.48,0.227,0.524,-0.398,-0.088,0.611,0.806,-0.156,0.739,0.241,-0.516,-0.49,-0.487,0.5,-0.241,-0.492,-0.346,-0.294,-0.395,0.647,0.039,-0.294,-0.509,-0.136,-0.414,0.738,0.713,0.593,-0.474,0.844,-0.322,-0.189,0.223,0.368,-0.237,0.414,0.238,0.197,0.485,-0.572,-0.064,-0.065,0.015
INTC,0.05,-0.053,0.33,-0.08,-0.064,-0.273,0.338,0.294,0.067,-0.179,0.467,0.526,0.118,0.74,0.329,0.256,-0.285,0.163,0.424,-0.198,-0.272,0.066,0.508,-0.117,0.242,0.004,0.105,0.196,-0.495,0.184,0.17,-0.286,-0.28,-0.257,0.308,0.225,1.0,-0.165,0.499,0.1,0.452,0.243,0.021,-0.245,0.19,0.621,0.47,-0.008,0.113,-0.188,0.438,0.465,0.039,0.531,0.503,-0.049,-0.177,0.046,0.069,-0.103,0.344,0.406,0.248,-0.119,0.165,0.08,0.108,0.185,0.339,0.181,-0.174,0.377,0.276,0.343,0.46,0.362,-0.097,0.502,0.379,0.123,0.647,-0.013,0.112,0.114,-0.223,0.338,0.243,0.299,-0.055,0.416,0.024,0.433,-0.146,0.191,0.36,-0.25,0.282,0.464,0.606,0.283
IOVA,0.661,0.664,-0.647,0.512,0.621,0.384,-0.63,-0.549,-0.092,0.008,-0.189,-0.526,-0.595,-0.251,-0.109,0.436,0.63,0.109,-0.423,0.519,0.656,0.439,-0.309,-0.278,-0.604,0.445,0.129,-0.519,0.562,0.129,-0.727,0.607,0.616,0.644,-0.715,0.699,-0.165,1.0,-0.513,0.094,0.092,-0.61,0.722,0.383,-0.602,-0.196,-0.28,0.607,0.39,0.731,-0.412,0.298,0.515,-0.05,-0.104,0.619,0.332,0.633,0.247,0.716,-0.611,-0.333,0.674,0.758,-0.375,0.786,0.245,-0.704,-0.607,-0.567,0.626,-0.531,-0.759,-0.624,-0.522,-0.665,0.628,-0.183,-0.536,-0.754,-0.433,-0.391,0.708,0.725,0.676,-0.682,0.582,-0.546,-0.288,0.073,0.566,-0.529,0.471,0.09,0.073,0.816,-0.728,-0.371,-0.184,-0.165
IQ,-0.392,-0.478,0.58,-0.315,-0.184,-0.394,0.668,0.551,0.326,0.054,0.747,0.772,0.599,0.515,0.451,-0.442,-0.478,0.357,0.747,-0.292,-0.556,-0.511,0.493,0.022,0.614,0.137,0.284,0.497,-0.498,0.263,0.492,-0.33,-0.349,-0.311,0.605,-0.237,0.499,-0.513,1.0,-0.33,0.636,0.538,-0.532,-0.413,0.262,0.56,0.647,-0.69,-0.501,-0.721,0.739,0.224,-0.508,0.189,0.209,-0.055,0.002,-0.215,0.221,-0.421,0.535,0.699,-0.115,-0.454,0.206,-0.317,0.257,0.336,0.701,0.249,-0.632,0.373,0.586,0.581,0.455,0.524,-0.34,0.463,0.766,0.352,0.389,-0.083,-0.27,-0.168,-0.454,0.671,-0.174,0.552,0.339,0.603,-0.395,0.676,-0.17,-0.378,0.496,-0.57,0.508,0.627,0.59,0.714
JBLU,0.401,0.297,-0.025,0.202,-0.084,-0.042,-0.289,-0.335,-0.095,-0.108,-0.323,-0.19,-0.27,0.028,-0.189,0.453,0.189,-0.361,-0.3,0.185,0.268,0.537,-0.035,-0.052,-0.201,-0.368,-0.36,-0.228,0.115,-0.045,-0.223,-0.085,-0.084,-0.163,-0.133,0.152,0.1,0.094,-0.33,1.0,-0.359,-0.34,0.333,0.305,0.014,-0.134,-0.23,0.475,0.458,0.328,-0.321,0.065,0.497,0.159,0.25,-0.102,-0.312,0.141,-0.396,0.384,-0.252,-0.243,0.132,0.153,-0.08,0.175,-0.387,0.041,-0.269,0.079,0.493,-0.026,-0.267,-0.128,-0.031,-0.077,0.069,-0.095,-0.319,-0.091,0.161,0.297,0.184,0.123,0.261,-0.288,0.099,-0.347,-0.19,-0.234,0.287,-0.232,0.233,0.627,-0.216,0.146,-0.234,-0.141,-0.147,-0.416
JD,-0.084,0.006,0.112,-0.058,0.27,-0.051,0.322,0.151,0.222,-0.074,0.742,0.591,0.158,0.412,0.366,-0.064,-0.01,0.453,0.512,-0.12,-0.194,-0.148,0.376,-0.271,0.202,0.675,0.427,0.311,-0.237,0.29,-0.043,0.276,0.271,0.379,0.14,0.199,0.452,0.092,0.636,-0.359,1.0,0.095,-0.101,-0.271,-0.127,0.537,0.387,-0.29,-0.175,-0.227,0.415,0.511,-0.072,0.307,0.342,0.355,0.365,0.208,0.416,-0.023,0.106,0.524,0.249,0.06,-0.031,0.131,0.482,-0.139,0.485,-0.165,-0.216,0.042,0.04,0.182,0.156,0.103,0.098,0.475,0.45,-0.125,0.162,-0.293,0.177,0.319,-0.021,0.289,0.242,0.248,-0.058,0.71,0.144,0.311,-0.061,-0.248,0.52,0.069,0.034,0.395,0.55,0.583
KDP,-0.471,-0.55,0.699,-0.359,-0.237,-0.114,0.622,0.58,0.394,0.288,0.381,0.475,0.634,0.233,0.466,-0.582,-0.58,0.422,0.444,-0.405,-0.54,-0.565,0.089,0.523,0.655,-0.151,0.44,0.462,-0.558,0.155,0.829,-0.421,-0.412,-0.401,0.647,-0.309,0.243,-0.61,0.538,-0.34,0.095,1.0,-0.486,-0.549,0.327,0.277,0.552,-0.596,-0.593,-0.68,0.534,-0.109,-0.666,-0.069,-0.192,-0.38,-0.198,-0.571,0.119,-0.655,0.793,0.568,-0.297,-0.566,0.594,-0.423,0.329,0.435,0.471,0.285,-0.619,0.27,0.846,0.561,0.329,0.6,-0.354,0.257,0.699,0.552,0.249,0.076,-0.456,-0.527,-0.624,0.727,-0.28,0.787,0.628,0.134,-0.553,0.771,-0.356,-0.482,0.29,-0.674,0.687,0.495,0.096,0.478
KHC,0.626,0.699,-0.528,0.551,0.437,0.262,-0.585,-0.474,-0.128,0.079,-0.33,-0.472,-0.544,-0.251,-0.118,0.522,0.522,-0.115,-0.41,0.471,0.641,0.532,-0.243,-0.299,-0.562,0.119,0.031,-0.599,0.495,0.098,-0.702,0.287,0.301,0.373,-0.624,0.754,0.021,0.722,-0.532,0.333,-0.101,-0.486,1.0,0.411,-0.512,-0.142,-0.278,0.678,0.495,0.824,-0.41,0.312,0.591,0.016,-0.114,0.429,0.079,0.537,-0.003,0.591,-0.612,-0.36,0.562,0.727,-0.307,0.853,0.049,-0.608,-0.682,-0.539,0.686,-0.353,-0.632,-0.6,-0.418,-0.574,0.648,-0.162,-0.536,-0.632,-0.248,-0.212,0.887,0.607,0.633,-0.554,0.625,-0.484,-0.339,0.015,0.38,-0.481,0.425,0.386,-0.058,0.651,-0.6,-0.395,-0.285,-0.273
LRCX,0.565,0.56,-0.436,0.809,0.227,0.409,-0.559,-0.487,0.094,0.066,-0.356,-0.498,-0.34,-0.395,-0.162,0.477,0.568,-0.293,-0.39,0.681,0.599,0.508,-0.296,-0.115,-0.392,0.069,-0.198,-0.432,0.721,-0.063,-0.378,0.395,0.386,0.295,-0.498,0.215,-0.245,0.383,-0.413,0.305,-0.271,-0.549,0.411,1.0,-0.399,-0.503,-0.411,0.59,0.467,0.515,-0.509,-0.01,0.506,-0.272,0.079,0.25,0.156,0.341,-0.21,0.513,-0.561,-0.491,0.26,0.413,-0.206,0.35,-0.217,-0.378,-0.441,-0.293,0.601,-0.313,-0.415,-0.556,-0.41,-0.469,0.343,-0.442,-0.465,-0.344,-0.358,-0.011,0.332,0.359,0.524,-0.5,0.221,-0.539,-0.026,-0.16,0.439,-0.454,0.53,0.212,-0.308,0.504,-0.381,-0.412,-0.333,-0.416
LYFT,-0.608,-0.47,0.389,-0.625,-0.54,-0.504,0.545,0.537,-0.035,-0.285,0.004,0.388,0.269,0.447,-0.167,-0.176,-0.484,-0.296,0.204,-0.546,-0.505,-0.411,0.198,0.15,0.442,-0.419,-0.222,0.394,-0.553,-0.417,0.468,-0.567,-0.58,-0.539,0.6,-0.529,0.19,-0.602,0.262,0.014,-0.127,0.327,-0.512,-0.399,1.0,0.129,0.484,-0.391,-0.179,-0.358,0.238,-0.204,-0.414,0.272,0.087,-0.665,-0.509,-0.49,-0.344,-0.505,0.539,0.11,-0.359,-0.525,0.045,-0.463,-0.311,0.802,0.488,0.754,-0.465,0.378,0.397,0.649,0.493,0.642,-0.554,0.135,0.186,0.706,0.546,0.344,-0.531,-0.582,-0.619,0.447,-0.538,0.219,0.053,-0.21,-0.382,0.339,-0.481,-0.001,-0.12,-0.548,0.561,0.385,0.181,-0.099
MARA,-0.185,-0.165,0.284,-0.28,-0.024,-0.266,0.375,0.303,0.032,-0.033,0.542,0.641,0.221,0.561,0.206,-0.095,-0.379,0.312,0.56,-0.377,-0.311,-0.069,0.503,-0.224,0.262,0.085,0.212,0.268,-0.611,0.225,0.066,-0.193,-0.186,-0.201,0.32,0.164,0.621,-0.196,0.56,-0.134,0.537,0.277,-0.142,-0.503,0.129,1.0,0.5,-0.36,-0.095,-0.309,0.468,0.521,-0.0,0.649,0.384,0.119,-0.029,-0.002,0.217,-0.097,0.329,0.596,0.089,-0.176,0.04,-0.118,0.232,0.101,0.338,0.056,-0.286,0.287,0.249,0.338,0.333,0.258,-0.087,0.896,0.549,0.081,0.371,-0.119,-0.023,0.061,-0.27,0.322,0.245,0.399,-0.012,0.519,-0.077,0.478,-0.27,0.149,0.383,-0.309,0.184,0.452,0.562,0.418
MCHP,-0.265,-0.256,0.387,-0.252,-0.054,-0.426,0.649,0.574,0.453,0.128,0.57,0.556,0.403,0.551,0.314,-0.22,-0.376,0.351,0.613,-0.289,-0.367,-0.432,0.325,0.09,0.544,0.135,0.443,0.356,-0.554,0.019,0.416,-0.308,-0.304,-0.211,0.545,-0.066,0.47,-0.28,0.647,-0.23,0.387,0.552,-0.278,-0.411,0.484,0.5,1.0,-0.504,-0.358,-0.383,0.593,0.401,-0.438,0.241,0.072,-0.074,-0.152,-0.206,0.22,-0.247,0.543,0.564,0.234,-0.297,0.17,-0.052,0.334,0.433,0.511,0.413,-0.463,0.306,0.457,0.614,0.427,0.588,-0.185,0.487,0.615,0.393,0.337,-0.074,-0.156,-0.186,-0.456,0.584,-0.062,0.457,0.405,0.458,-0.361,0.743,-0.15,-0.369,0.462,-0.423,0.475,0.696,0.513,0.475
MDLZ,0.754,0.659,-0.572,0.611,0.277,0.438,-0.738,-0.651,-0.256,-0.156,-0.538,-0.632,-0.716,-0.099,-0.237,0.778,0.575,-0.278,-0.516,0.455,0.604,0.785,-0.299,-0.188,-0.703,0.038,-0.261,-0.623,0.519,-0.114,-0.558,0.409,0.424,0.348,-0.673,0.451,-0.008,0.607,-0.69,0.475,-0.29,-0.596,0.678,0.59,-0.391,-0.36,-0.504,1.0,0.775,0.747,-0.644,0.085,0.79,-0.026,0.175,0.229,0.049,0.477,-0.242,0.593,-0.631,-0.608,0.51,0.533,-0.257,0.543,-0.176,-0.488,-0.655,-0.405,0.842,-0.481,-0.621,-0.695,-0.489,-0.595,0.471,-0.306,-0.613,-0.548,-0.131,-0.001,0.524,0.492,0.653,-0.694,0.342,-0.516,-0.365,-0.199,0.507,-0.613,0.336,0.48,-0.354,0.684,-0.568,-0.538,-0.316,-0.545
META,0.586,0.57,-0.442,0.416,0.167,0.374,-0.54,-0.519,-0.333,-0.422,-0.447,-0.434,-0.65,0.023,-0.275,0.889,0.403,-0.369,-0.313,0.18,0.359,0.881,-0.072,-0.322,-0.596,0.032,-0.323,-0.431,0.239,-0.26,-0.494,0.365,0.363,0.25,-0.505,0.278,0.113,0.39,-0.501,0.458,-0.175,-0.593,0.495,0.467,-0.179,-0.095,-0.358,0.775,1.0,0.603,-0.567,0.2,0.839,0.239,0.437,0.113,-0.013,0.348,-0.264,0.533,-0.434,-0.481,0.411,0.291,-0.269,0.332,-0.27,-0.261,-0.435,-0.18,0.677,-0.289,-0.502,-0.485,-0.267,-0.401,0.291,-0.026,-0.396,-0.343,0.077,0.241,0.369,0.411,0.394,-0.416,0.317,-0.395,-0.49,-0.141,0.541,-0.511,0.125,0.678,-0.338,0.511,-0.407,-0.372,-0.134,-0.537
MNST,0.582,0.827,-0.701,0.487,0.466,0.293,-0.613,-0.52,-0.234,-0.12,-0.502,-0.604,-0.687,-0.337,-0.278,0.615,0.615,-0.279,-0.577,0.467,0.775,0.61,-0.34,-0.357,-0.602,0.128,-0.071,-0.594,0.539,-0.129,-0.764,0.402,0.405,0.463,-0.636,0.665,-0.188,0.731,-0.721,0.328,-0.227,-0.68,0.824,0.515,-0.358,-0.309,-0.383,0.747,0.603,1.0,-0.593,0.17,0.668,-0.036,-0.065,0.364,0.062,0.499,-0.076,0.598,-0.694,-0.574,0.469,0.816,-0.379,0.68,-0.135,-0.443,-0.677,-0.363,0.787,-0.42,-0.793,-0.575,-0.452,-0.556,0.663,-0.283,-0.734,-0.512,-0.3,-0.119,0.695,0.601,0.75,-0.692,0.576,-0.66,-0.49,-0.2,0.465,-0.668,0.336,0.431,-0.192,0.717,-0.68,-0.405,-0.344,-0.481
MRNA,-0.35,-0.442,0.534,-0.307,-0.107,-0.49,0.667,0.703,0.275,0.192,0.705,0.635,0.519,0.454,0.469,-0.497,-0.461,0.376,0.553,-0.187,-0.443,-0.572,0.501,0.103,0.616,-0.018,0.375,0.403,-0.554,0.376,0.432,-0.42,-0.421,-0.353,0.582,-0.103,0.438,-0.412,0.739,-0.321,0.415,0.534,-0.41,-0.509,0.238,0.468,0.593,-0.644,-0.567,-0.593,1.0,0.162,-0.584,0.132,0.002,-0.015,-0.029,-0.14,0.292,-0.414,0.5,0.569,-0.099,-0.288,0.265,-0.177,0.305,0.302,0.524,0.24,-0.663,0.42,0.543,0.546,0.415,0.529,-0.209,0.361,0.633,0.345,0.321,-0.136,-0.245,-0.208,-0.41,0.551,-0.057,0.42,0.32,0.438,-0.468,0.663,-0.193,-0.406,0.499,-0.595,0.435,0.614,0.501,0.704
MRVL,0.384,0.447,-0.09,0.264,0.383,-0.045,0.037,-0.006,0.364,0.117,0.417,0.269,0.069,0.322,0.267,0.345,0.251,0.311,0.338,0.154,0.288,0.26,0.325,-0.339,0.05,0.41,0.394,0.048,-0.097,0.34,-0.286,0.125,0.14,0.249,-0.021,0.512,0.465,0.298,0.224,0.065,0.511,-0.109,0.312,-0.01,-0.204,0.521,0.401,0.085,0.2,0.17,0.162,1.0,0.234,0.38,0.289,0.437,0.27,0.416,0.365,0.54,-0.066,0.358,0.634,0.316,-0.059,0.43,0.413,-0.243,0.023,-0.211,0.078,0.008,-0.082,-0.024,0.016,-0.061,0.387,0.485,0.267,-0.293,0.027,-0.225,0.421,0.448,0.138,0.029,0.53,0.032,0.001,0.551,0.257,0.246,0.356,0.065,0.429,0.133,-0.182,0.362,0.457,0.251
MSFT,0.67,0.628,-0.546,0.515,0.271,0.396,-0.665,-0.664,-0.311,-0.278,-0.341,-0.411,-0.719,-0.073,-0.282,0.778,0.5,-0.243,-0.389,0.334,0.512,0.869,-0.148,-0.433,-0.682,0.13,-0.251,-0.544,0.356,-0.118,-0.668,0.506,0.517,0.377,-0.635,0.428,0.039,0.515,-0.508,0.497,-0.072,-0.666,0.591,0.506,-0.414,-0.0,-0.438,0.79,0.839,0.668,-0.584,0.234,1.0,0.186,0.445,0.359,0.056,0.48,-0.172,0.62,-0.647,-0.391,0.455,0.454,-0.341,0.41,-0.192,-0.482,-0.474,-0.407,0.846,-0.376,-0.652,-0.637,-0.404,-0.589,0.429,0.039,-0.45,-0.568,-0.127,0.025,0.495,0.565,0.629,-0.606,0.44,-0.502,-0.486,-0.058,0.574,-0.528,0.216,0.718,-0.279,0.624,-0.648,-0.445,-0.157,-0.45
MSTR,-0.137,-0.039,0.071,-0.326,-0.078,-0.359,0.204,0.143,-0.202,-0.45,0.156,0.477,-0.002,0.539,-0.094,0.284,-0.348,-0.165,0.235,-0.442,-0.231,0.153,0.392,-0.153,0.093,-0.07,-0.187,0.29,-0.496,-0.125,-0.13,-0.236,-0.232,-0.19,0.18,0.095,0.531,-0.05,0.189,0.159,0.307,-0.069,0.016,-0.272,0.272,0.649,0.241,-0.026,0.239,-0.036,0.132,0.38,0.186,1.0,0.451,-0.147,-0.302,0.026,-0.109,0.072,0.206,0.179,0.088,-0.128,-0.061,-0.015,-0.082,0.194,0.234,0.276,-0.13,0.259,-0.014,0.299,0.41,0.244,-0.174,0.648,0.131,0.066,0.565,0.254,-0.016,0.048,-0.262,0.183,0.149,0.074,-0.353,0.197,0.23,0.068,-0.278,0.427,0.12,-0.083,0.192,0.207,0.442,-0.082
MU,0.101,0.103,0.187,0.043,0.071,-0.02,0.15,-0.083,0.027,-0.491,0.255,0.27,-0.105,0.543,0.208,0.456,-0.039,-0.019,0.297,-0.164,-0.132,0.399,0.393,-0.308,0.052,0.218,-0.065,0.171,-0.304,-0.153,-0.089,0.157,0.163,0.054,0.159,-0.059,0.503,-0.104,0.209,0.25,0.342,-0.192,-0.114,0.079,0.087,0.384,0.072,0.175,0.437,-0.065,0.002,0.289,0.445,0.451,1.0,0.064,0.083,0.067,-0.02,0.142,0.089,0.16,0.142,-0.135,0.105,-0.089,0.005,0.169,0.324,0.191,0.09,0.072,-0.04,0.124,0.206,0.192,-0.029,0.47,0.175,0.098,0.347,0.352,-0.065,0.065,-0.028,0.128,-0.038,0.09,-0.359,0.275,0.311,0.132,-0.151,0.402,0.079,0.003,0.137,0.222,0.509,-0.057
MVIS,0.528,0.489,-0.403,0.474,0.623,0.291,-0.38,-0.436,0.107,0.202,0.167,-0.185,-0.319,-0.145,0.216,0.169,0.569,0.478,0.091,0.519,0.46,0.306,0.01,-0.464,-0.386,0.593,0.431,-0.267,0.346,0.472,-0.536,0.556,0.567,0.527,-0.522,0.488,-0.049,0.619,-0.055,-0.102,0.355,-0.38,0.429,0.25,-0.665,0.119,-0.074,0.229,0.113,0.364,-0.015,0.437,0.359,-0.147,0.064,1.0,0.571,0.699,0.683,0.497,-0.515,0.088,0.516,0.592,-0.211,0.517,0.515,-0.708,-0.324,-0.627,0.372,-0.318,-0.448,-0.495,-0.389,-0.568,0.701,0.162,-0.029,-0.656,-0.469,-0.492,0.564,0.649,0.588,-0.386,0.574,-0.203,-0.12,0.536,0.318,-0.103,0.424,-0.045,0.391,0.464,-0.532,-0.007,0.26,0.317
NFLX,0.254,0.299,-0.171,0.382,0.515,0.42,-0.104,-0.315,0.262,0.22,0.191,-0.148,0.003,-0.168,0.356,-0.045,0.435,0.473,0.288,0.289,0.271,0.152,0.168,-0.312,-0.172,0.637,0.442,-0.063,0.326,0.389,-0.27,0.557,0.561,0.581,-0.266,0.173,-0.177,0.332,0.002,-0.312,0.365,-0.198,0.079,0.156,-0.509,-0.029,-0.152,0.049,-0.013,0.062,-0.029,0.27,0.056,-0.302,0.083,0.571,1.0,0.476,0.533,0.309,-0.277,0.023,0.242,0.34,0.0,0.25,0.521,-0.461,-0.17,-0.522,0.053,-0.383,-0.177,-0.322,-0.454,-0.345,0.508,0.091,0.122,-0.365,-0.458,-0.229,0.246,0.316,0.357,-0.174,0.217,0.015,0.023,0.411,0.271,-0.076,0.319,-0.34,0.232,0.323,-0.228,-0.006,0.086,0.259
NNDM,0.672,0.57,-0.527,0.5,0.508,0.191,-0.498,-0.43,-0.091,0.011,0.027,-0.253,-0.508,-0.024,0.014,0.369,0.591,0.276,-0.032,0.516,0.526,0.46,0.069,-0.506,-0.484,0.373,0.148,-0.305,0.403,0.363,-0.684,0.384,0.399,0.41,-0.611,0.48,0.046,0.633,-0.215,0.141,0.208,-0.571,0.537,0.341,-0.49,-0.002,-0.206,0.477,0.348,0.499,-0.14,0.416,0.48,0.026,0.067,0.699,0.476,1.0,0.297,0.625,-0.656,-0.113,0.573,0.673,-0.393,0.604,0.282,-0.649,-0.461,-0.582,0.434,-0.37,-0.539,-0.525,-0.449,-0.593,0.697,0.036,-0.205,-0.711,-0.244,-0.341,0.631,0.643,0.653,-0.541,0.55,-0.408,-0.275,0.395,0.446,-0.343,0.466,0.162,0.259,0.464,-0.589,-0.141,0.153,0.012
NVAX,0.109,0.115,0.032,0.009,0.531,0.136,0.147,-0.022,0.302,0.186,0.366,0.102,0.146,0.017,0.465,-0.176,0.152,0.685,0.369,0.135,0.08,-0.108,0.122,-0.142,0.108,0.51,0.671,0.23,-0.051,0.438,-0.039,0.271,0.286,0.295,-0.003,0.227,0.069,0.247,0.221,-0.396,0.416,0.119,-0.003,-0.21,-0.344,0.217,0.22,-0.242,-0.264,-0.076,0.292,0.365,-0.172,-0.109,-0.02,0.683,0.533,0.297,1.0,0.078,0.052,0.427,0.207,0.217,0.208,0.171,0.73,-0.274,0.086,-0.229,-0.168,-0.081,0.028,0.009,-0.085,-0.061,0.431,0.317,0.339,-0.192,-0.238,-0.342,0.161,0.279,0.07,0.126,0.357,0.238,0.139,0.497,0.088,0.323,0.191,-0.402,0.613,0.021,-0.024,0.399,0.422,0.567
NVDA,0.738,0.708,-0.486,0.57,0.492,0.209,-0.586,-0.528,0.071,0.044,-0.16,-0.409,-0.407,-0.156,-0.075,0.555,0.563,-0.048,-0.264,0.507,0.717,0.617,-0.083,-0.289,-0.494,0.219,-0.001,-0.425,0.44,0.128,-0.672,0.378,0.391,0.407,-0.552,0.524,-0.103,0.716,-0.421,0.384,-0.023,-0.655,0.591,0.513,-0.505,-0.097,-0.247,0.593,0.533,0.598,-0.414,0.54,0.62,0.072,0.142,0.497,0.309,0.625,0.078,1.0,-0.576,-0.25,0.659,0.591,-0.31,0.603,0.064,-0.552,-0.536,-0.459,0.563,-0.406,-0.603,-0.568,-0.455,-0.559,0.549,-0.043,-0.363,-0.642,-0.375,-0.083,0.58,0.608,0.592,-0.569,0.465,-0.508,-0.24,0.092,0.515,-0.441,0.594,0.282,0.01,0.544,-0.607,-0.256,-0.087,-0.241
NWL,-0.609,-0.556,0.827,-0.556,-0.277,-0.28,0.747,0.637,0.369,-0.086,0.383,0.576,0.662,0.36,0.399,-0.409,-0.702,0.232,0.46,-0.608,-0.639,-0.487,0.229,0.445,0.758,-0.208,0.245,0.658,-0.719,0.017,0.768,-0.49,-0.495,-0.501,0.808,-0.398,0.344,-0.611,0.535,-0.252,0.106,0.793,-0.612,-0.561,0.539,0.329,0.543,-0.631,-0.434,-0.694,0.5,-0.066,-0.647,0.206,0.089,-0.515,-0.277,-0.656,0.052,-0.576,1.0,0.47,-0.356,-0.668,0.636,-0.557,0.217,0.677,0.609,0.588,-0.726,0.454,0.786,0.743,0.597,0.773,-0.52,0.324,0.609,0.718,0.416,0.326,-0.629,-0.612,-0.788,0.773,-0.377,0.75,0.348,0.059,-0.399,0.711,-0.464,-0.318,0.278,-0.719,0.815,0.612,0.288,0.306
OCGN,-0.196,-0.322,0.515,-0.317,0.069,-0.211,0.553,0.42,0.4,0.183,0.708,0.587,0.53,0.386,0.525,-0.398,-0.363,0.634,0.532,-0.282,-0.33,-0.404,0.24,0.071,0.556,0.208,0.555,0.517,-0.504,0.289,0.375,-0.213,-0.192,-0.165,0.511,-0.088,0.406,-0.333,0.699,-0.243,0.524,0.568,-0.36,-0.491,0.11,0.596,0.564,-0.608,-0.481,-0.574,0.569,0.358,-0.391,0.179,0.16,0.088,0.023,-0.113,0.427,-0.25,0.47,1.0,-0.087,-0.32,0.269,-0.186,0.51,0.185,0.611,0.14,-0.556,0.202,0.5,0.468,0.297,0.408,-0.102,0.587,0.699,0.211,0.188,-0.153,-0.123,-0.093,-0.37,0.618,0.004,0.519,0.385,0.494,-0.195,0.738,-0.045,-0.351,0.686,-0.517,0.36,0.634,0.471,0.688
