,AAL,AAPL,AGNC,AMAT,AMD,AMZN,APA,ARDX,AVGO,AZN,BIDU,BILI,BKR,CAN,CHRD,CMCSA,CPRT,CRWD,CSCO,CSX,DKNG,EBAY,ERIC,EXC,FITB,FLEX,FTNT,GEN,GERN,GEVO,GILD,GOOG,GOOGL,GT,HBAN,HST,INTC,IOVA,IQ,JBLU,JD,KDP,KHC,LRCX,LYFT,MARA,MCHP,MDLZ,META,MNST,MRNA,MRVL,MSFT,MSTR,MU,MVIS,NFLX,NNDM,NVAX,NVDA,NWL,OCGN,ON,OPK,PAA,PACB,PANW,PARA,PDD,PENN,PEP,PLUG,PTEN,PTON,PYPL,QCOM,QVCGA,RIOT,ROKU,RUN,SABR,SBUX,SMCI,SNDL,STNE,TCOM,TLRY,TMUS,TSCO,TSLA,TTD,TXN,UAL,VOD,VTRS,VXRT,WBA,WBD,WDC,ZM
AAL,1.0,0.696,-0.535,0.716,0.517,0.432,-0.63,-0.556,0.063,0.109,-0.099,-0.526,-0.516,-0.049,0.153,0.625,0.587,0.23,-0.23,0.647,0.706,0.69,-0.076,-0.338,-0.526,0.307,0.201,-0.533,0.545,0.305,-0.539,0.451,0.463,0.391,-0.618,0.603,0.108,0.654,-0.4,0.304,0.066,-0.46,0.623,0.544,-0.609,-0.125,-0.201,0.75,0.587,0.593,-0.289,0.455,0.674,-0.147,0.181,0.544,0.368,0.64,0.204,0.748,-0.603,-0.172,0.735,0.616,-0.201,0.665,0.191,-0.62,-0.567,-0.546,0.66,-0.449,-0.488,-0.625,-0.51,-0.589,0.677,-0.091,-0.273,-0.679,-0.258,-0.303,0.635,0.684,0.7,-0.555,0.569,-0.429,-0.14,0.268,0.456,-0.315,0.7,0.16,0.181,0.489,-0.645,-0.2,0.044,-0.035
AAPL,0.696,1.0,-0.526,0.594,0.687,0.419,-0.497,-0.48,0.151,-0.059,-0.156,-0.478,-0.461,-0.209,0.162,0.574,0.63,0.113,-0.249,0.53,0.867,0.654,-0.087,-0.433,-0.374,0.405,0.346,-0.416,0.495,0.222,-0.65,0.521,0.512,0.551,-0.467,0.671,-0.023,0.656,-0.471,0.184,0.146,-0.545,0.691,0.549,-0.483,-0.117,-0.222,0.665,0.571,0.828,-0.36,0.501,0.636,-0.081,0.188,0.523,0.408,0.576,0.192,0.715,-0.563,-0.336,0.585,0.808,-0.123,0.642,0.195,-0.445,-0.546,-0.46,0.684,-0.486,-0.613,-0.501,-0.505,-0.454,0.842,-0.019,-0.398,-0.509,-0.375,-0.112,0.654,0.704,0.765,-0.528,0.682,-0.402,-0.424,0.215,0.514,-0.439,0.517,0.17,0.14,0.536,-0.58,-0.069,0.022,-0.11
AGNC,-0.535,-0.526,1.0,-0.462,-0.286,-0.283,0.709,0.544,0.334,0.037,0.295,0.585,0.695,0.278,0.384,-0.457,-0.615,0.128,0.444,-0.436,-0.564,-0.38,0.266,0.526,0.746,-0.435,0.092,0.602,-0.664,0.13,0.737,-0.529,-0.531,-0.589,0.801,-0.387,0.316,-0.659,0.569,0.111,-0.048,0.686,-0.513,-0.462,0.43,0.245,0.338,-0.574,-0.447,-0.706,0.58,-0.191,-0.548,0.146,0.021,-0.5,-0.312,-0.487,-0.035,-0.495,0.829,0.507,-0.494,-0.605,0.503,-0.509,0.113,0.604,0.554,0.503,-0.611,0.4,0.757,0.642,0.488,0.712,-0.453,0.263,0.602,0.682,0.356,0.439,-0.504,-0.554,-0.628,0.693,-0.359,0.665,0.423,0.024,-0.331,0.685,-0.372,-0.124,0.221,-0.638,0.774,0.538,0.028,0.312
AMAT,0.716,0.594,-0.462,1.0,0.436,0.586,-0.546,-0.446,0.327,0.303,0.081,-0.394,-0.338,-0.26,0.308,0.417,0.662,0.224,-0.111,0.722,0.597,0.475,-0.132,-0.406,-0.441,0.47,0.291,-0.568,0.695,0.339,-0.403,0.574,0.583,0.537,-0.579,0.448,-0.064,0.547,-0.258,0.034,0.185,-0.337,0.505,0.828,-0.646,-0.223,-0.176,0.578,0.433,0.482,-0.34,0.389,0.501,-0.4,0.286,0.621,0.525,0.462,0.087,0.55,-0.562,-0.265,0.616,0.512,0.1,0.593,0.25,-0.645,-0.421,-0.65,0.602,-0.44,-0.359,-0.64,-0.576,-0.571,0.562,-0.211,-0.25,-0.562,-0.429,-0.29,0.549,0.497,0.625,-0.421,0.378,-0.274,-0.068,0.242,0.316,-0.216,0.537,-0.047,-0.059,0.659,-0.478,-0.31,0.144,0.002
AMD,0.517,0.687,-0.286,0.436,1.0,0.439,-0.203,-0.295,0.339,0.019,0.132,-0.303,-0.185,-0.266,0.504,0.206,0.489,0.519,-0.039,0.394,0.57,0.307,-0.262,-0.296,-0.122,0.565,0.671,-0.179,0.353,0.291,-0.464,0.582,0.584,0.593,-0.261,0.555,-0.116,0.647,-0.205,-0.139,0.34,-0.276,0.457,0.313,-0.566,-0.054,-0.077,0.326,0.201,0.517,-0.1,0.416,0.306,-0.158,0.146,0.624,0.55,0.504,0.538,0.541,-0.338,0.016,0.426,0.655,0.136,0.576,0.607,-0.412,-0.279,-0.387,0.368,-0.588,-0.438,-0.317,-0.484,-0.272,0.807,0.129,-0.145,-0.396,-0.414,-0.077,0.515,0.537,0.577,-0.205,0.533,-0.144,-0.227,0.316,0.481,-0.179,0.467,-0.251,0.472,0.468,-0.338,0.124,0.135,0.225
AMZN,0.432,0.419,-0.283,0.586,0.439,1.0,-0.511,-0.449,0.088,0.121,-0.153,-0.503,-0.333,-0.425,0.209,0.224,0.594,0.366,-0.216,0.429,0.329,0.399,-0.467,-0.215,-0.401,0.46,0.349,-0.4,0.491,0.267,-0.142,0.726,0.717,0.582,-0.487,0.184,-0.268,0.418,-0.383,-0.17,0.114,-0.122,0.254,0.434,-0.545,-0.235,-0.395,0.437,0.391,0.303,-0.483,0.059,0.406,-0.409,0.119,0.412,0.529,0.214,0.202,0.213,-0.315,-0.228,0.237,0.295,0.117,0.248,0.352,-0.534,-0.35,-0.587,0.487,-0.628,-0.222,-0.618,-0.667,-0.516,0.463,-0.107,-0.137,-0.41,-0.5,-0.194,0.272,0.36,0.44,-0.306,0.248,-0.006,-0.025,0.03,0.416,-0.244,0.199,-0.16,-0.108,0.509,-0.374,-0.337,-0.187,0.046
APA,-0.63,-0.497,0.709,-0.546,-0.203,-0.511,1.0,0.729,0.388,0.008,0.42,0.666,0.772,0.342,0.304,-0.464,-0.633,0.084,0.562,-0.552,-0.57,-0.585,0.281,0.379,0.902,-0.184,0.183,0.639,-0.621,-0.138,0.619,-0.464,-0.468,-0.377,0.926,-0.352,0.27,-0.661,0.636,-0.154,0.125,0.626,-0.601,-0.521,0.573,0.299,0.606,-0.729,-0.558,-0.623,0.736,-0.052,-0.676,0.218,-0.019,-0.493,-0.258,-0.555,0.038,-0.566,0.752,0.52,-0.477,-0.541,0.342,-0.468,0.087,0.789,0.753,0.726,-0.735,0.44,0.648,0.876,0.569,0.874,-0.431,0.325,0.577,0.8,0.44,0.336,-0.548,-0.573,-0.663,0.781,-0.339,0.566,0.356,0.061,-0.362,0.671,-0.287,-0.321,0.301,-0.626,0.793,0.712,0.181,0.298
ARDX,-0.556,-0.48,0.544,-0.446,-0.295,-0.449,0.729,1.0,0.265,0.093,0.402,0.558,0.568,0.334,0.136,-0.417,-0.512,0.024,0.362,-0.368,-0.47,-0.654,0.214,0.364,0.699,-0.301,0.081,0.463,-0.565,-0.103,0.583,-0.567,-0.566,-0.458,0.705,-0.266,0.284,-0.534,0.569,-0.235,0.047,0.595,-0.449,-0.463,0.562,0.279,0.595,-0.645,-0.507,-0.479,0.739,-0.021,-0.661,0.176,-0.149,-0.486,-0.396,-0.493,-0.084,-0.508,0.65,0.447,-0.326,-0.44,0.272,-0.362,-0.024,0.615,0.613,0.595,-0.711,0.469,0.639,0.674,0.538,0.706,-0.472,0.17,0.439,0.629,0.335,0.129,-0.405,-0.529,-0.594,0.659,-0.326,0.416,0.356,-0.05,-0.535,0.608,-0.342,-0.33,0.212,-0.539,0.63,0.452,0.158,0.301
AVGO,0.063,0.151,0.334,0.327,0.339,0.088,0.388,0.265,1.0,0.392,0.493,0.241,0.525,-0.018,0.683,-0.149,0.103,0.498,0.469,0.196,0.131,-0.171,0.06,0.029,0.474,0.34,0.656,0.169,0.045,0.391,0.254,0.169,0.179,0.176,0.326,0.035,0.031,-0.013,0.333,-0.151,0.307,0.345,-0.102,0.169,-0.105,0.017,0.455,-0.216,-0.284,-0.174,0.367,0.409,-0.258,-0.257,0.1,0.219,0.339,-0.09,0.322,0.109,0.276,0.343,0.182,-0.034,0.547,0.119,0.543,0.048,0.328,-0.018,-0.155,-0.057,0.326,0.155,-0.03,0.226,0.204,0.114,0.38,0.118,-0.295,0.051,-0.024,-0.077,-0.008,0.351,-0.013,0.377,0.31,0.352,-0.103,0.573,0.288,-0.527,0.416,-0.023,0.272,0.472,0.283,0.455
AZN,0.109,-0.059,0.037,0.303,0.019,0.121,0.008,0.093,0.392,1.0,0.233,0.025,0.312,-0.229,0.267,-0.385,0.156,0.396,0.184,0.442,0.179,-0.284,-0.058,0.12,0.082,0.076,0.399,-0.16,0.173,0.46,0.229,0.017,0.027,0.024,-0.052,0.179,-0.102,-0.001,0.131,-0.192,0.05,0.358,0.061,-0.01,-0.273,0.053,0.251,-0.22,-0.452,-0.147,0.396,0.178,-0.312,-0.417,-0.414,0.22,0.306,-0.023,0.292,-0.009,-0.045,0.249,0.136,0.105,0.098,0.177,0.285,-0.284,-0.145,-0.34,-0.104,0.027,0.243,-0.107,-0.193,-0.14,0.155,-0.03,0.307,-0.083,-0.364,-0.474,0.146,0.028,0.058,-0.006,0.143,0.131,0.537,0.283,-0.286,0.403,0.285,-0.411,0.194,-0.065,-0.096,0.069,-0.1,0.451
BIDU,-0.099,-0.156,0.295,0.081,0.132,-0.153,0.42,0.402,0.493,0.233,1.0,0.626,0.356,0.298,0.507,-0.28,-0.082,0.534,0.521,-0.044,-0.189,-0.363,0.155,-0.054,0.425,0.39,0.473,0.3,-0.194,0.327,0.128,0.006,0.032,0.15,0.314,0.094,0.329,-0.049,0.785,-0.316,0.742,0.281,-0.243,-0.117,-0.1,0.417,0.48,-0.456,-0.381,-0.397,0.536,0.444,-0.308,0.004,0.294,0.267,0.145,0.099,0.294,-0.045,0.256,0.678,0.178,-0.112,0.363,-0.023,0.544,-0.001,0.614,-0.037,-0.366,0.129,0.259,0.284,0.161,0.237,-0.097,0.319,0.483,0.028,0.042,-0.273,-0.017,0.015,-0.152,0.45,0.041,0.355,0.236,0.543,-0.115,0.548,0.062,-0.381,0.477,0.013,0.162,0.436,0.64,0.62
BILI,-0.526,-0.478,0.585,-0.394,-0.303,-0.503,0.666,0.558,0.241,0.025,0.626,1.0,0.603,0.447,0.167,-0.329,-0.526,0.09,0.547,-0.414,-0.532,-0.406,0.538,0.225,0.642,-0.142,0.027,0.642,-0.615,0.107,0.428,-0.431,-0.424,-0.386,0.64,-0.194,0.483,-0.528,0.773,-0.05,0.448,0.446,-0.471,-0.422,0.398,0.583,0.488,-0.619,-0.436,-0.608,0.594,0.193,-0.419,0.464,0.164,-0.265,-0.312,-0.256,-0.019,-0.376,0.565,0.583,-0.303,-0.414,0.298,-0.419,0.083,0.43,0.722,0.409,-0.572,0.557,0.533,0.651,0.631,0.557,-0.471,0.435,0.562,0.471,0.505,0.11,-0.408,-0.35,-0.53,0.6,-0.149,0.48,0.216,0.299,-0.214,0.602,-0.349,0.003,0.286,-0.467,0.545,0.551,0.402,0.298
BKR,-0.516,-0.461,0.695,-0.338,-0.185,-0.333,0.772,0.568,0.525,0.312,0.356,0.603,1.0,0.077,0.41,-0.585,-0.497,0.167,0.506,-0.297,-0.398,-0.584,0.325,0.359,0.82,-0.208,0.224,0.567,-0.383,0.197,0.647,-0.425,-0.434,-0.404,0.768,-0.343,0.121,-0.603,0.599,-0.207,0.079,0.64,-0.551,-0.363,0.285,0.217,0.402,-0.728,-0.659,-0.699,0.686,0.023,-0.719,0.043,-0.191,-0.355,-0.052,-0.528,0.125,-0.421,0.656,0.503,-0.512,-0.497,0.438,-0.41,0.137,0.488,0.545,0.401,-0.731,0.4,0.742,0.625,0.42,0.614,-0.351,0.198,0.583,0.559,0.15,0.218,-0.486,-0.535,-0.576,0.68,-0.303,0.56,0.499,0.081,-0.392,0.64,-0.016,-0.43,0.322,-0.589,0.697,0.578,0.067,0.381
CAN,-0.049,-0.209,0.278,-0.26,-0.266,-0.425,0.342,0.334,-0.018,-0.229,0.298,0.447,0.077,1.0,-0.016,0.205,-0.366,-0.036,0.407,-0.38,-0.323,-0.042,0.509,0.13,0.24,-0.178,-0.138,0.304,-0.534,-0.142,0.213,-0.371,-0.359,-0.362,0.366,-0.091,0.718,-0.269,0.445,0.193,0.239,0.188,-0.225,-0.334,0.477,0.517,0.509,-0.037,0.05,-0.301,0.357,0.259,-0.037,0.563,0.375,-0.283,-0.327,-0.052,-0.11,-0.078,0.341,0.35,0.152,-0.326,-0.105,-0.107,-0.112,0.376,0.404,0.409,-0.262,0.304,0.215,0.409,0.455,0.437,-0.334,0.481,0.338,0.253,0.659,0.124,-0.138,-0.139,-0.36,0.339,-0.153,0.212,0.065,0.233,-0.067,0.366,-0.16,0.127,0.138,-0.337,0.344,0.401,0.417,0.102
CHRD,0.153,0.162,0.384,0.308,0.504,0.209,0.304,0.136,0.683,0.267,0.507,0.167,0.41,-0.016,1.0,-0.185,0.122,0.576,0.423,0.189,0.133,-0.062,-0.022,0.037,0.384,0.359,0.7,0.156,0.031,0.471,0.188,0.161,0.168,0.202,0.252,0.179,0.153,0.046,0.385,-0.185,0.359,0.329,-0.037,0.087,-0.298,0.059,0.186,-0.119,-0.188,-0.148,0.342,0.294,-0.191,-0.257,0.258,0.333,0.366,0.085,0.412,0.069,0.221,0.421,0.126,0.071,0.661,0.167,0.647,-0.063,0.222,-0.171,-0.169,-0.211,0.277,0.117,-0.165,0.158,0.358,0.166,0.387,0.054,-0.162,0.102,0.123,0.092,0.093,0.353,0.13,0.391,0.166,0.43,-0.001,0.438,0.244,-0.41,0.531,0.094,0.235,0.442,0.399,0.572
CMCSA,0.625,0.574,-0.457,0.417,0.206,0.224,-0.464,-0.417,-0.149,-0.385,-0.28,-0.329,-0.585,0.205,-0.185,1.0,0.369,-0.288,-0.275,0.218,0.374,0.808,0.208,-0.351,-0.529,0.184,-0.215,-0.368,0.192,-0.198,-0.491,0.36,0.367,0.266,-0.456,0.333,0.305,0.416,-0.443,0.387,0.018,-0.578,0.512,0.448,-0.184,-0.052,-0.193,0.784,0.884,0.609,-0.491,0.375,0.78,0.261,0.469,0.197,0.033,0.39,-0.138,0.555,-0.401,-0.409,0.543,0.316,-0.259,0.429,-0.215,-0.254,-0.295,-0.121,0.641,-0.141,-0.509,-0.415,-0.1,-0.327,0.297,-0.009,-0.389,-0.344,0.132,0.127,0.417,0.432,0.38,-0.354,0.332,-0.433,-0.481,-0.004,0.52,-0.414,0.184,0.508,-0.172,0.397,-0.383,-0.239,0.109,-0.46
CPRT,0.587,0.63,-0.615,0.662,0.489,0.594,-0.633,-0.512,0.103,0.156,-0.082,-0.526,-0.497,-0.366,0.122,0.369,1.0,0.159,-0.213,0.72,0.57,0.393,-0.3,-0.55,-0.543,0.61,0.227,-0.536,0.687,0.253,-0.508,0.709,0.696,0.692,-0.666,0.343,-0.281,0.635,-0.416,-0.011,0.203,-0.548,0.478,0.588,-0.518,-0.326,-0.311,0.544,0.4,0.601,-0.476,0.356,0.483,-0.43,0.167,0.673,0.565,0.521,0.214,0.542,-0.7,-0.347,0.54,0.601,-0.143,0.562,0.24,-0.645,-0.419,-0.625,0.628,-0.588,-0.527,-0.677,-0.689,-0.651,0.619,-0.247,-0.352,-0.602,-0.569,-0.358,0.556,0.562,0.657,-0.547,0.287,-0.465,-0.288,0.202,0.379,-0.352,0.463,-0.077,-0.049,0.703,-0.684,-0.34,0.117,0.015
CRWD,0.23,0.113,0.128,0.224,0.519,0.366,0.084,0.024,0.498,0.396,0.534,0.09,0.167,-0.036,0.576,-0.288,0.159,1.0,0.36,0.15,0.107,-0.132,-0.211,-0.046,0.192,0.45,0.825,0.13,0.012,0.602,0.095,0.301,0.327,0.29,0.019,0.168,0.023,0.209,0.283,-0.335,0.428,0.331,-0.051,-0.107,-0.386,0.207,0.258,-0.18,-0.306,-0.172,0.265,0.329,-0.167,-0.27,-0.013,0.49,0.467,0.247,0.656,0.077,0.102,0.565,0.212,0.151,0.356,0.11,0.834,-0.293,0.116,-0.321,-0.118,-0.256,0.153,-0.043,-0.216,-0.085,0.398,0.297,0.392,-0.226,-0.338,-0.352,0.108,0.156,0.176,0.151,0.255,0.463,0.291,0.505,0.098,0.421,0.256,-0.543,0.682,0.069,-0.009,0.382,0.272,0.622
CSCO,-0.23,-0.249,0.444,-0.111,-0.039,-0.216,0.562,0.362,0.469,0.184,0.521,0.547,0.506,0.407,0.423,-0.275,-0.213,0.36,1.0,-0.218,-0.388,-0.237,0.397,0.054,0.488,0.139,0.271,0.396,-0.366,0.275,0.387,-0.17,-0.181,-0.146,0.462,-0.221,0.309,-0.402,0.628,-0.203,0.393,0.41,-0.407,-0.268,0.164,0.498,0.572,-0.459,-0.302,-0.542,0.49,0.352,-0.363,0.188,0.183,0.023,0.206,-0.133,0.295,-0.139,0.406,0.493,0.003,-0.369,0.257,-0.268,0.348,0.233,0.473,0.168,-0.46,0.174,0.518,0.411,0.213,0.391,-0.133,0.583,0.774,0.305,0.163,0.132,-0.234,-0.218,-0.376,0.545,-0.168,0.643,0.283,0.656,-0.236,0.642,-0.077,-0.327,0.34,-0.348,0.521,0.533,0.486,0.53
CSX,0.647,0.53,-0.436,0.722,0.394,0.429,-0.552,-0.368,0.196,0.442,-0.044,-0.414,-0.297,-0.38,0.189,0.218,0.72,0.15,-0.218,1.0,0.672,0.282,-0.17,-0.263,-0.362,0.284,0.192,-0.513,0.685,0.381,-0.312,0.407,0.398,0.359,-0.544,0.471,-0.158,0.529,-0.326,0.081,0.02,-0.383,0.474,0.679,-0.552,-0.334,-0.22,0.461,0.199,0.491,-0.164,0.254,0.35,-0.452,-0.037,0.544,0.404,0.455,0.217,0.521,-0.604,-0.255,0.509,0.642,-0.085,0.572,0.156,-0.609,-0.47,-0.564,0.546,-0.353,-0.33,-0.582,-0.529,-0.561,0.554,-0.354,-0.275,-0.516,-0.539,-0.394,0.514,0.54,0.638,-0.56,0.391,-0.449,-0.003,0.215,0.228,-0.173,0.577,-0.07,0.036,0.424,-0.568,-0.281,-0.074,0.084
DKNG,0.706,0.867,-0.564,0.597,0.57,0.329,-0.57,-0.47,0.131,0.179,-0.189,-0.532,-0.398,-0.323,0.133,0.374,0.57,0.107,-0.388,0.672,1.0,0.5,-0.15,-0.358,-0.423,0.255,0.299,-0.473,0.607,0.297,-0.636,0.38,0.385,0.431,-0.54,0.67,-0.184,0.661,-0.495,0.152,-0.004,-0.53,0.647,0.545,-0.523,-0.227,-0.305,0.591,0.355,0.77,-0.28,0.363,0.516,-0.227,-0.015,0.529,0.415,0.584,0.218,0.707,-0.634,-0.305,0.515,0.838,-0.142,0.644,0.164,-0.545,-0.627,-0.552,0.601,-0.412,-0.597,-0.576,-0.526,-0.586,0.818,-0.2,-0.482,-0.593,-0.512,-0.292,0.629,0.679,0.818,-0.665,0.638,-0.534,-0.272,0.119,0.351,-0.437,0.62,0.116,0.129,0.493,-0.675,-0.173,-0.109,-0.081
EBAY,0.69,0.654,-0.38,0.475,0.307,0.399,-0.585,-0.654,-0.171,-0.284,-0.363,-0.406,-0.584,-0.042,-0.062,0.808,0.393,-0.132,-0.237,0.282,0.5,1.0,0.127,-0.292,-0.576,0.115,-0.119,-0.339,0.244,0.047,-0.518,0.416,0.418,0.262,-0.528,0.392,0.13,0.402,-0.518,0.486,-0.063,-0.554,0.514,0.453,-0.389,-0.013,-0.415,0.773,0.872,0.583,-0.569,0.279,0.855,0.161,0.421,0.3,0.2,0.499,-0.055,0.597,-0.455,-0.387,0.429,0.408,-0.123,0.318,-0.098,-0.385,-0.514,-0.342,0.717,-0.26,-0.487,-0.525,-0.292,-0.472,0.483,0.075,-0.293,-0.42,-0.039,0.164,0.391,0.525,0.538,-0.481,0.487,-0.346,-0.418,0.063,0.578,-0.455,0.216,0.624,-0.133,0.419,-0.475,-0.261,-0.018,-0.378
ERIC,-0.076,-0.087,0.266,-0.132,-0.262,-0.467,0.281,0.214,0.06,-0.058,0.155,0.538,0.325,0.509,-0.022,0.208,-0.3,-0.211,0.397,-0.17,-0.15,0.127,1.0,0.006,0.269,-0.298,-0.278,0.371,-0.401,0.084,0.106,-0.423,-0.426,-0.425,0.33,-0.088,0.553,-0.357,0.293,0.342,0.087,-0.04,-0.178,-0.108,0.266,0.446,0.215,-0.119,0.07,-0.241,0.299,0.374,-0.008,0.533,0.336,-0.227,-0.131,-0.029,-0.164,0.133,0.208,0.15,-0.064,-0.164,0.052,-0.207,-0.283,0.305,0.222,0.323,-0.272,0.574,0.224,0.37,0.539,0.335,-0.247,0.361,0.248,0.268,0.471,0.306,-0.187,-0.131,-0.248,0.218,0.005,0.11,-0.074,0.197,0.07,0.194,-0.037,0.348,0.115,-0.363,0.31,0.368,0.355,-0.091
EXC,-0.338,-0.433,0.526,-0.406,-0.296,-0.215,0.379,0.364,0.029,0.12,-0.054,0.225,0.359,0.13,0.037,-0.351,-0.55,-0.046,0.054,-0.263,-0.358,-0.292,0.006,1.0,0.426,-0.426,-0.066,0.527,-0.423,-0.156,0.629,-0.428,-0.423,-0.463,0.44,-0.254,0.075,-0.409,0.182,0.005,-0.295,0.586,-0.345,-0.393,0.3,-0.078,0.176,-0.305,-0.369,-0.48,0.324,-0.424,-0.484,0.096,-0.391,-0.577,-0.384,-0.389,-0.086,-0.436,0.581,0.152,-0.309,-0.382,0.25,-0.391,-0.03,0.424,0.155,0.431,-0.459,0.365,0.566,0.477,0.422,0.503,-0.42,-0.086,0.39,0.547,0.348,0.247,-0.518,-0.385,-0.535,0.361,-0.215,0.358,0.526,-0.147,-0.231,0.374,-0.298,-0.099,0.038,-0.552,0.533,0.208,-0.343,0.069
FITB,-0.526,-0.374,0.746,-0.441,-0.122,-0.401,0.902,0.699,0.474,0.082,0.425,0.642,0.82,0.24,0.384,-0.529,-0.543,0.192,0.488,-0.362,-0.423,-0.576,0.269,0.426,1.0,-0.21,0.287,0.673,-0.534,0.046,0.653,-0.468,-0.479,-0.396,0.937,-0.266,0.245,-0.619,0.597,-0.094,0.079,0.666,-0.561,-0.411,0.47,0.249,0.539,-0.7,-0.596,-0.6,0.761,-0.008,-0.67,0.156,-0.075,-0.463,-0.253,-0.53,0.069,-0.49,0.762,0.543,-0.449,-0.412,0.42,-0.445,0.153,0.73,0.641,0.641,-0.705,0.388,0.705,0.842,0.491,0.855,-0.331,0.263,0.582,0.75,0.311,0.285,-0.549,-0.517,-0.585,0.697,-0.24,0.586,0.409,0.085,-0.312,0.699,-0.142,-0.342,0.397,-0.664,0.741,0.768,0.105,0.336
FLEX,0.307,0.405,-0.435,0.47,0.565,0.46,-0.184,-0.301,0.34,0.076,0.39,-0.142,-0.208,-0.178,0.359,0.184,0.61,0.45,0.139,0.284,0.255,0.115,-0.298,-0.426,-0.21,1.0,0.511,-0.21,0.45,0.152,-0.382,0.825,0.827,0.886,-0.369,0.253,-0.17,0.551,0.02,-0.409,0.678,-0.272,0.176,0.307,-0.529,-0.048,0.01,0.164,0.127,0.255,-0.254,0.424,0.223,-0.241,0.316,0.672,0.641,0.349,0.413,0.323,-0.372,0.053,0.471,0.335,0.04,0.393,0.544,-0.477,0.074,-0.446,0.279,-0.514,-0.402,-0.308,-0.448,-0.353,0.419,0.061,-0.023,-0.437,-0.43,-0.331,0.357,0.446,0.396,-0.108,0.223,-0.091,-0.22,0.47,0.388,-0.12,0.291,-0.386,0.233,0.588,-0.378,-0.042,0.386,0.274
FTNT,0.201,0.346,0.092,0.291,0.671,0.349,0.183,0.081,0.656,0.399,0.473,0.027,0.224,-0.138,0.7,-0.215,0.227,0.825,0.271,0.192,0.299,-0.119,-0.278,-0.066,0.287,0.511,1.0,0.081,0.065,0.47,0.038,0.339,0.354,0.42,0.109,0.3,-0.035,0.235,0.23,-0.352,0.419,0.338,0.101,-0.006,-0.312,0.102,0.355,-0.153,-0.246,0.047,0.3,0.419,-0.165,-0.299,-0.022,0.467,0.448,0.17,0.638,0.122,0.104,0.462,0.255,0.283,0.401,0.275,0.825,-0.185,0.095,-0.269,-0.058,-0.346,0.077,0.013,-0.294,0.021,0.569,0.246,0.318,-0.107,-0.388,-0.219,0.237,0.233,0.221,0.229,0.361,0.347,0.234,0.435,0.079,0.385,0.31,-0.559,0.658,0.144,0.006,0.498,0.225,0.594
GEN,-0.533,-0.416,0.602,-0.568,-0.179,-0.4,0.639,0.463,0.169,-0.16,0.3,0.642,0.567,0.304,0.156,-0.368,-0.536,0.13,0.396,-0.513,-0.473,-0.339,0.371,0.527,0.673,-0.21,0.081,1.0,-0.585,-0.059,0.476,-0.416,-0.415,-0.401,0.661,-0.412,0.184,-0.544,0.531,-0.064,0.133,0.433,-0.587,-0.463,0.441,0.223,0.279,-0.623,-0.443,-0.614,0.389,-0.105,-0.551,0.355,0.0,-0.382,-0.234,-0.254,0.149,-0.447,0.655,0.485,-0.485,-0.427,0.366,-0.573,0.137,0.58,0.552,0.587,-0.728,0.536,0.536,0.736,0.656,0.662,-0.387,0.279,0.551,0.626,0.432,0.336,-0.607,-0.443,-0.613,0.63,-0.237,0.439,0.274,0.108,-0.071,0.483,-0.271,-0.077,0.38,-0.549,0.648,0.625,0.173,0.189
GERN,0.545,0.495,-0.664,0.695,0.353,0.491,-0.621,-0.565,0.045,0.173,-0.194,-0.615,-0.383,-0.534,0.031,0.192,0.687,0.012,-0.366,0.685,0.607,0.244,-0.401,-0.423,-0.534,0.45,0.065,-0.585,1.0,0.185,-0.565,0.55,0.54,0.583,-0.684,0.369,-0.442,0.611,-0.451,-0.09,0.026,-0.549,0.489,0.708,-0.612,-0.543,-0.475,0.494,0.245,0.539,-0.512,0.029,0.356,-0.551,-0.072,0.534,0.537,0.421,0.088,0.416,-0.739,-0.484,0.374,0.596,-0.178,0.582,0.1,-0.658,-0.535,-0.645,0.546,-0.498,-0.557,-0.683,-0.639,-0.701,0.506,-0.548,-0.555,-0.64,-0.563,-0.411,0.532,0.486,0.653,-0.631,0.247,-0.538,-0.19,0.036,0.265,-0.55,0.631,-0.123,-0.201,0.648,-0.643,-0.535,-0.136,-0.118
GEVO,0.305,0.222,0.13,0.339,0.291,0.267,-0.138,-0.103,0.391,0.46,0.327,0.107,0.197,-0.142,0.471,-0.198,0.253,0.602,0.275,0.381,0.297,0.047,0.084,-0.156,0.046,0.152,0.47,-0.059,0.185,1.0,0.017,0.071,0.065,0.091,-0.126,0.374,0.149,0.189,0.14,-0.0,0.289,0.131,0.156,0.065,-0.432,0.201,0.012,-0.028,-0.196,-0.028,0.203,0.413,-0.047,-0.178,-0.112,0.411,0.398,0.254,0.434,0.246,-0.045,0.294,0.196,0.311,0.278,0.215,0.471,-0.455,-0.137,-0.533,0.042,-0.057,0.142,-0.23,-0.195,-0.293,0.396,0.132,0.22,-0.364,-0.325,-0.337,0.312,0.34,0.313,-0.091,0.442,0.254,0.136,0.463,0.068,0.231,0.329,-0.212,0.424,0.032,-0.166,0.181,0.158,0.542
GILD,-0.539,-0.65,0.737,-0.403,-0.464,-0.142,0.619,0.583,0.254,0.229,0.128,0.428,0.647,0.213,0.188,-0.491,-0.508,0.095,0.387,-0.312,-0.636,-0.518,0.106,0.629,0.653,-0.382,0.038,0.476,-0.565,0.017,1.0,-0.44,-0.455,-0.528,0.674,-0.573,0.176,-0.743,0.441,-0.125,-0.172,0.836,-0.699,-0.426,0.494,0.06,0.417,-0.569,-0.502,-0.765,0.534,-0.328,-0.66,-0.036,-0.227,-0.593,-0.34,-0.715,-0.072,-0.677,0.776,0.354,-0.495,-0.709,0.391,-0.637,-0.067,0.585,0.526,0.507,-0.623,0.408,0.895,0.589,0.448,0.658,-0.586,0.062,0.645,0.7,0.292,0.282,-0.689,-0.639,-0.685,0.663,-0.483,0.688,0.604,-0.113,-0.466,0.719,-0.423,-0.343,0.066,-0.695,0.774,0.419,-0.12,0.288
GOOG,0.451,0.521,-0.529,0.574,0.582,0.726,-0.464,-0.567,0.169,0.017,0.006,-0.431,-0.425,-0.371,0.161,0.36,0.709,0.301,-0.17,0.407,0.38,0.416,-0.423,-0.428,-0.468,0.825,0.339,-0.416,0.55,0.071,-0.44,1.0,0.995,0.889,-0.559,0.268,-0.315,0.64,-0.353,-0.199,0.406,-0.427,0.29,0.476,-0.607,-0.192,-0.282,0.43,0.389,0.439,-0.539,0.238,0.519,-0.317,0.299,0.632,0.622,0.356,0.281,0.409,-0.529,-0.22,0.409,0.4,-0.022,0.388,0.352,-0.56,-0.208,-0.523,0.601,-0.642,-0.55,-0.552,-0.617,-0.531,0.491,-0.042,-0.242,-0.509,-0.535,-0.232,0.362,0.516,0.552,-0.374,0.271,-0.264,-0.276,0.166,0.558,-0.34,0.258,-0.156,-0.014,0.7,-0.553,-0.295,0.062,0.023
GOOGL,0.463,0.512,-0.531,0.583,0.584,0.717,-0.468,-0.566,0.179,0.027,0.032,-0.424,-0.434,-0.359,0.168,0.367,0.696,0.327,-0.181,0.398,0.385,0.418,-0.426,-0.423,-0.479,0.827,0.354,-0.415,0.54,0.065,-0.455,0.995,1.0,0.891,-0.568,0.27,-0.313,0.651,-0.348,-0.199,0.405,-0.424,0.301,0.47,-0.622,-0.189,-0.285,0.439,0.386,0.436,-0.539,0.245,0.525,-0.317,0.314,0.651,0.622,0.385,0.293,0.416,-0.535,-0.198,0.421,0.398,-0.001,0.398,0.384,-0.577,-0.198,-0.533,0.602,-0.636,-0.555,-0.563,-0.612,-0.541,0.494,-0.039,-0.253,-0.529,-0.538,-0.242,0.364,0.503,0.554,-0.377,0.269,-0.26,-0.272,0.16,0.553,-0.33,0.256,-0.15,-0.008,0.719,-0.554,-0.305,0.083,0.012
GT,0.391,0.551,-0.589,0.537,0.593,0.582,-0.377,-0.458,0.176,0.024,0.15,-0.386,-0.404,-0.362,0.202,0.266,0.692,0.29,-0.146,0.359,0.431,0.262,-0.425,-0.463,-0.396,0.886,0.42,-0.401,0.583,0.091,-0.528,0.889,0.891,1.0,-0.519,0.356,-0.312,0.674,-0.28,-0.278,0.5,-0.427,0.355,0.411,-0.582,-0.223,-0.218,0.363,0.276,0.485,-0.447,0.321,0.383,-0.303,0.239,0.628,0.626,0.397,0.276,0.423,-0.55,-0.205,0.462,0.5,-0.021,0.491,0.417,-0.545,-0.166,-0.547,0.49,-0.628,-0.592,-0.48,-0.623,-0.487,0.534,-0.097,-0.299,-0.534,-0.524,-0.301,0.461,0.548,0.55,-0.345,0.32,-0.275,-0.337,0.214,0.489,-0.384,0.308,-0.249,0.025,0.743,-0.548,-0.249,0.166,0.064
HBAN,-0.618,-0.467,0.801,-0.579,-0.261,-0.487,0.926,0.705,0.326,-0.052,0.314,0.64,0.768,0.366,0.252,-0.456,-0.666,0.019,0.462,-0.544,-0.54,-0.528,0.33,0.44,0.937,-0.369,0.109,0.661,-0.684,-0.126,0.674,-0.559,-0.568,-0.519,1.0,-0.376,0.296,-0.725,0.584,-0.005,-0.014,0.645,-0.618,-0.509,0.622,0.289,0.517,-0.667,-0.51,-0.635,0.714,-0.097,-0.629,0.235,0.004,-0.592,-0.375,-0.604,-0.068,-0.549,0.808,0.488,-0.536,-0.555,0.374,-0.559,-0.008,0.866,0.674,0.77,-0.7,0.432,0.684,0.884,0.563,0.926,-0.463,0.309,0.548,0.851,0.463,0.403,-0.628,-0.601,-0.666,0.726,-0.368,0.581,0.354,-0.055,-0.367,0.648,-0.292,-0.212,0.251,-0.689,0.793,0.728,0.098,0.231
HST,0.603,0.671,-0.387,0.448,0.555,0.184,-0.352,-0.266,0.035,0.179,0.094,-0.194,-0.343,-0.091,0.179,0.333,0.343,0.168,-0.221,0.471,0.67,0.392,-0.088,-0.254,-0.266,0.253,0.3,-0.412,0.369,0.374,-0.573,0.268,0.27,0.356,-0.376,1.0,0.235,0.674,-0.237,0.115,0.251,-0.321,0.751,0.224,-0.519,0.183,-0.069,0.467,0.28,0.67,0.0,0.508,0.434,0.069,-0.029,0.45,0.202,0.536,0.256,0.536,-0.403,-0.115,0.607,0.805,-0.153,0.731,0.254,-0.501,-0.5,-0.466,0.51,-0.25,-0.502,-0.354,-0.3,-0.395,0.649,0.047,-0.303,-0.492,-0.148,-0.423,0.726,0.71,0.587,-0.489,0.841,-0.342,-0.226,0.3,0.361,-0.254,0.434,0.191,0.218,0.378,-0.581,-0.064,0.023,0.07
INTC,0.108,-0.023,0.316,-0.064,-0.116,-0.268,0.27,0.284,0.031,-0.102,0.329,0.483,0.121,0.718,0.153,0.305,-0.281,0.023,0.309,-0.158,-0.184,0.13,0.553,0.075,0.245,-0.17,-0.035,0.184,-0.442,0.149,0.176,-0.315,-0.313,-0.312,0.296,0.235,1.0,-0.187,0.41,0.258,0.296,0.199,0.05,-0.183,0.211,0.589,0.414,0.055,0.133,-0.153,0.43,0.397,0.074,0.549,0.333,-0.184,-0.312,0.04,-0.033,-0.032,0.32,0.364,0.174,-0.127,0.007,0.048,-0.058,0.205,0.277,0.234,-0.132,0.377,0.253,0.317,0.443,0.342,-0.134,0.453,0.322,0.152,0.629,0.024,0.099,0.107,-0.219,0.292,0.27,0.199,0.044,0.315,0.116,0.376,-0.047,0.264,0.296,-0.306,0.255,0.432,0.353,0.17
IOVA,0.654,0.656,-0.659,0.547,0.647,0.418,-0.661,-0.534,-0.013,-0.001,-0.049,-0.528,-0.603,-0.269,0.046,0.416,0.635,0.209,-0.402,0.529,0.661,0.402,-0.357,-0.409,-0.619,0.551,0.235,-0.544,0.611,0.189,-0.743,0.64,0.651,0.674,-0.725,0.674,-0.187,1.0,-0.449,-0.028,0.243,-0.622,0.697,0.44,-0.629,-0.193,-0.273,0.602,0.395,0.726,-0.473,0.349,0.507,-0.143,0.067,0.686,0.419,0.673,0.286,0.714,-0.626,-0.338,0.703,0.744,-0.196,0.788,0.337,-0.716,-0.553,-0.601,0.635,-0.561,-0.776,-0.637,-0.549,-0.678,0.634,-0.177,-0.562,-0.768,-0.467,-0.419,0.704,0.712,0.686,-0.659,0.53,-0.533,-0.386,0.158,0.525,-0.537,0.466,-0.008,0.09,0.749,-0.737,-0.384,0.077,-0.073
IQ,-0.4,-0.471,0.569,-0.258,-0.205,-0.383,0.636,0.569,0.333,0.131,0.785,0.773,0.599,0.445,0.385,-0.443,-0.416,0.283,0.628,-0.326,-0.495,-0.518,0.293,0.182,0.597,0.02,0.23,0.531,-0.451,0.14,0.441,-0.353,-0.348,-0.28,0.584,-0.237,0.41,-0.449,1.0,-0.265,0.528,0.51,-0.504,-0.345,0.259,0.469,0.586,-0.694,-0.511,-0.702,0.656,0.18,-0.551,0.145,0.166,-0.074,-0.151,-0.153,0.149,-0.381,0.534,0.73,-0.162,-0.479,0.317,-0.338,0.297,0.346,0.735,0.281,-0.652,0.354,0.547,0.576,0.43,0.511,-0.394,0.365,0.674,0.351,0.347,-0.069,-0.292,-0.227,-0.48,0.701,-0.196,0.489,0.444,0.426,-0.346,0.657,-0.098,-0.299,0.439,-0.317,0.495,0.586,0.544,0.601
JBLU,0.304,0.184,0.111,0.034,-0.139,-0.17,-0.154,-0.235,-0.151,-0.192,-0.316,-0.05,-0.207,0.193,-0.185,0.387,-0.011,-0.335,-0.203,0.081,0.152,0.486,0.342,0.005,-0.094,-0.409,-0.352,-0.064,-0.09,-0.0,-0.125,-0.199,-0.199,-0.278,-0.005,0.115,0.258,-0.028,-0.265,1.0,-0.323,-0.246,0.245,0.133,0.122,-0.011,-0.131,0.371,0.377,0.209,-0.107,0.033,0.41,0.276,0.199,-0.178,-0.328,0.127,-0.347,0.272,-0.116,-0.146,0.078,0.091,-0.122,0.104,-0.388,0.135,-0.222,0.156,0.346,0.121,-0.146,0.008,0.117,0.056,0.013,0.007,-0.18,0.013,0.299,0.317,0.101,0.081,0.135,-0.213,0.105,-0.274,-0.15,-0.14,0.231,-0.12,0.124,0.627,-0.125,-0.048,-0.112,-0.015,-0.112,-0.348
JD,0.066,0.146,-0.048,0.185,0.34,0.114,0.125,0.047,0.307,0.05,0.742,0.448,0.079,0.239,0.359,0.018,0.203,0.428,0.393,0.02,-0.004,-0.063,0.087,-0.295,0.079,0.678,0.419,0.133,0.026,0.289,-0.172,0.406,0.405,0.5,-0.014,0.251,0.296,0.243,0.528,-0.323,1.0,-0.043,-0.002,-0.005,-0.261,0.41,0.264,-0.147,-0.081,-0.081,0.163,0.553,0.031,0.14,0.38,0.436,0.355,0.279,0.344,0.153,-0.066,0.448,0.295,0.127,0.087,0.208,0.486,-0.259,0.427,-0.268,-0.046,-0.132,-0.118,0.013,-0.045,-0.065,0.159,0.361,0.28,-0.243,-0.014,-0.328,0.273,0.381,0.131,0.202,0.245,0.119,-0.085,0.635,0.256,0.173,0.118,-0.264,0.424,0.263,-0.124,0.25,0.559,0.532
KDP,-0.46,-0.545,0.686,-0.337,-0.276,-0.122,0.626,0.595,0.345,0.358,0.281,0.446,0.64,0.188,0.329,-0.578,-0.548,0.331,0.41,-0.383,-0.53,-0.554,-0.04,0.586,0.666,-0.272,0.338,0.433,-0.549,0.131,0.836,-0.427,-0.424,-0.427,0.645,-0.321,0.199,-0.622,0.51,-0.246,-0.043,1.0,-0.483,-0.544,0.341,0.236,0.524,-0.594,-0.598,-0.677,0.614,-0.169,-0.661,-0.03,-0.322,-0.448,-0.286,-0.602,0.064,-0.648,0.782,0.529,-0.349,-0.576,0.403,-0.445,0.204,0.444,0.431,0.319,-0.612,0.274,0.844,0.542,0.32,0.592,-0.375,0.216,0.708,0.567,0.239,0.108,-0.471,-0.542,-0.613,0.707,-0.269,0.771,0.672,0.042,-0.535,0.763,-0.323,-0.423,0.25,-0.631,0.678,0.487,-0.084,0.434
KHC,0.623,0.691,-0.513,0.505,0.457,0.254,-0.601,-0.449,-0.102,0.061,-0.243,-0.471,-0.551,-0.225,-0.037,0.512,0.478,-0.051,-0.407,0.474,0.647,0.514,-0.178,-0.345,-0.561,0.176,0.101,-0.587,0.489,0.156,-0.699,0.29,0.301,0.355,-0.618,0.751,0.05,0.697,-0.504,0.245,-0.002,-0.483,1.0,0.388,-0.512,-0.105,-0.263,0.678,0.488,0.815,-0.355,0.333,0.587,-0.01,-0.045,0.438,0.154,0.573,0.05,0.583,-0.605,-0.369,0.58,0.73,-0.281,0.856,0.098,-0.607,-0.673,-0.544,0.683,-0.355,-0.629,-0.599,-0.41,-0.568,0.663,-0.135,-0.533,-0.628,-0.249,-0.236,0.883,0.612,0.621,-0.553,0.621,-0.481,-0.383,0.119,0.342,-0.484,0.411,0.314,-0.02,0.523,-0.596,-0.386,-0.114,-0.202
LRCX,0.544,0.549,-0.462,0.828,0.313,0.434,-0.521,-0.463,0.169,-0.01,-0.117,-0.422,-0.363,-0.334,0.087,0.448,0.588,-0.107,-0.268,0.679,0.545,0.453,-0.108,-0.393,-0.411,0.307,-0.006,-0.463,0.708,0.065,-0.426,0.476,0.47,0.411,-0.509,0.224,-0.183,0.44,-0.345,0.133,-0.005,-0.544,0.388,1.0,-0.45,-0.438,-0.335,0.553,0.468,0.503,-0.474,0.116,0.491,-0.337,0.309,0.459,0.336,0.373,-0.101,0.485,-0.575,-0.445,0.372,0.44,0.009,0.416,-0.033,-0.436,-0.357,-0.401,0.577,-0.355,-0.425,-0.557,-0.454,-0.474,0.406,-0.381,-0.439,-0.413,-0.363,-0.081,0.375,0.392,0.559,-0.457,0.195,-0.466,-0.208,0.0,0.366,-0.396,0.465,0.084,-0.217,0.601,-0.388,-0.371,0.037,-0.238
LYFT,-0.609,-0.483,0.43,-0.646,-0.566,-0.545,0.573,0.562,-0.105,-0.273,-0.1,0.398,0.285,0.477,-0.298,-0.184,-0.518,-0.386,0.164,-0.552,-0.523,-0.389,0.266,0.3,0.47,-0.529,-0.312,0.441,-0.612,-0.432,0.494,-0.607,-0.622,-0.582,0.622,-0.519,0.211,-0.629,0.259,0.122,-0.261,0.341,-0.512,-0.45,1.0,0.123,0.469,-0.402,-0.209,-0.379,0.321,-0.27,-0.424,0.336,-0.066,-0.7,-0.59,-0.493,-0.385,-0.522,0.565,0.101,-0.419,-0.524,-0.073,-0.493,-0.411,0.811,0.444,0.768,-0.495,0.431,0.424,0.668,0.527,0.662,-0.564,0.12,0.215,0.725,0.57,0.366,-0.552,-0.578,-0.628,0.432,-0.488,0.186,0.159,-0.297,-0.355,0.338,-0.488,0.083,-0.143,-0.561,0.575,0.395,-0.036,-0.173
MARA,-0.125,-0.117,0.245,-0.223,-0.054,-0.235,0.299,0.279,0.017,0.053,0.417,0.583,0.217,0.517,0.059,-0.052,-0.326,0.207,0.498,-0.334,-0.227,-0.013,0.446,-0.078,0.249,-0.048,0.102,0.223,-0.543,0.201,0.06,-0.192,-0.189,-0.223,0.289,0.183,0.589,-0.193,0.469,-0.011,0.41,0.236,-0.105,-0.438,0.123,1.0,0.443,-0.297,-0.07,-0.261,0.47,0.483,0.043,0.647,0.234,0.006,-0.136,-0.019,0.135,-0.019,0.287,0.565,0.037,-0.173,-0.054,-0.132,0.113,0.096,0.276,0.086,-0.229,0.258,0.211,0.289,0.29,0.213,-0.106,0.884,0.498,0.085,0.325,-0.095,-0.016,0.064,-0.244,0.276,0.275,0.33,0.062,0.449,0.008,0.415,-0.183,0.197,0.319,-0.305,0.138,0.407,0.351,0.337
MCHP,-0.201,-0.222,0.338,-0.176,-0.077,-0.395,0.606,0.595,0.455,0.251,0.48,0.488,0.402,0.509,0.186,-0.193,-0.311,0.258,0.572,-0.22,-0.305,-0.415,0.215,0.176,0.539,0.01,0.355,0.279,-0.475,0.012,0.417,-0.282,-0.285,-0.218,0.517,-0.069,0.414,-0.273,0.586,-0.131,0.264,0.524,-0.263,-0.335,0.469,0.443,1.0,-0.46,-0.351,-0.35,0.666,0.363,-0.415,0.224,-0.05,-0.142,-0.241,-0.246,0.139,-0.182,0.496,0.511,0.192,-0.302,0.055,-0.056,0.2,0.421,0.471,0.423,-0.421,0.268,0.426,0.564,0.364,0.552,-0.201,0.432,0.588,0.39,0.278,-0.059,-0.151,-0.195,-0.416,0.555,-0.062,0.384,0.454,0.385,-0.32,0.716,-0.048,-0.353,0.404,-0.389,0.43,0.665,0.321,0.435
MDLZ,0.75,0.665,-0.574,0.578,0.326,0.437,-0.729,-0.645,-0.216,-0.22,-0.456,-0.619,-0.728,-0.037,-0.119,0.784,0.544,-0.18,-0.459,0.461,0.591,0.773,-0.119,-0.305,-0.7,0.164,-0.153,-0.623,0.494,-0.028,-0.569,0.43,0.439,0.363,-0.667,0.467,0.055,0.602,-0.694,0.371,-0.147,-0.594,0.678,0.553,-0.402,-0.297,-0.46,1.0,0.782,0.753,-0.634,0.159,0.801,-0.037,0.262,0.297,0.177,0.495,-0.161,0.591,-0.626,-0.606,0.572,0.562,-0.247,0.582,-0.12,-0.506,-0.639,-0.441,0.84,-0.477,-0.617,-0.692,-0.48,-0.588,0.52,-0.241,-0.597,-0.563,-0.128,-0.033,0.549,0.517,0.657,-0.694,0.348,-0.485,-0.464,-0.066,0.472,-0.597,0.296,0.39,-0.292,0.563,-0.566,-0.507,-0.126,-0.462
META,0.587,0.571,-0.447,0.433,0.201,0.391,-0.558,-0.507,-0.284,-0.452,-0.381,-0.436,-0.659,0.05,-0.188,0.884,0.4,-0.306,-0.302,0.199,0.355,0.872,0.07,-0.369,-0.596,0.127,-0.246,-0.443,0.245,-0.196,-0.502,0.389,0.386,0.276,-0.51,0.28,0.133,0.395,-0.511,0.377,-0.081,-0.598,0.488,0.468,-0.209,-0.07,-0.351,0.782,1.0,0.602,-0.607,0.242,0.838,0.184,0.482,0.188,0.068,0.385,-0.23,0.536,-0.439,-0.488,0.449,0.301,-0.219,0.355,-0.225,-0.288,-0.416,-0.227,0.681,-0.304,-0.507,-0.497,-0.291,-0.408,0.32,-0.0,-0.405,-0.362,0.054,0.209,0.382,0.421,0.404,-0.414,0.31,-0.388,-0.526,-0.084,0.52,-0.52,0.106,0.587,-0.32,0.464,-0.416,-0.366,0.027,-0.493
MNST,0.593,0.828,-0.706,0.482,0.517,0.303,-0.623,-0.479,-0.174,-0.147,-0.397,-0.608,-0.699,-0.301,-0.148,0.609,0.601,-0.172,-0.542,0.491,0.77,0.583,-0.241,-0.48,-0.6,0.255,0.047,-0.614,0.539,-0.028,-0.765,0.439,0.436,0.485,-0.635,0.67,-0.153,0.726,-0.702,0.209,-0.081,-0.677,0.815,0.503,-0.379,-0.261,-0.35,0.753,0.602,1.0,-0.511,0.24,0.674,-0.078,0.048,0.437,0.186,0.522,-0.003,0.598,-0.698,-0.587,0.522,0.833,-0.313,0.711,-0.067,-0.465,-0.658,-0.404,0.789,-0.434,-0.794,-0.584,-0.466,-0.558,0.707,-0.235,-0.721,-0.528,-0.317,-0.158,0.713,0.616,0.762,-0.689,0.569,-0.642,-0.587,-0.078,0.418,-0.662,0.31,0.314,-0.142,0.613,-0.687,-0.387,-0.131,-0.374
MRNA,-0.289,-0.36,0.58,-0.34,-0.1,-0.483,0.736,0.739,0.367,0.396,0.536,0.594,0.686,0.357,0.342,-0.491,-0.476,0.265,0.49,-0.164,-0.28,-0.569,0.299,0.324,0.761,-0.254,0.3,0.389,-0.512,0.203,0.534,-0.539,-0.539,-0.447,0.714,0.0,0.43,-0.473,0.656,-0.107,0.163,0.614,-0.355,-0.474,0.321,0.47,0.666,-0.634,-0.607,-0.511,1.0,0.19,-0.598,0.165,-0.197,-0.299,-0.222,-0.338,0.178,-0.304,0.543,0.7,-0.196,-0.266,0.163,-0.202,0.15,0.448,0.503,0.408,-0.634,0.388,0.612,0.631,0.406,0.621,-0.232,0.364,0.617,0.486,0.285,-0.054,-0.23,-0.259,-0.425,0.57,-0.023,0.419,0.509,0.272,-0.41,0.741,-0.005,-0.349,0.501,-0.629,0.487,0.665,0.136,0.563
MRVL,0.455,0.501,-0.191,0.389,0.416,0.059,-0.052,-0.021,0.409,0.178,0.444,0.193,0.023,0.259,0.294,0.375,0.356,0.329,0.352,0.254,0.363,0.279,0.374,-0.424,-0.008,0.424,0.419,-0.105,0.029,0.413,-0.328,0.238,0.245,0.321,-0.097,0.508,0.397,0.349,0.18,0.033,0.553,-0.169,0.333,0.116,-0.27,0.483,0.363,0.159,0.242,0.24,0.19,1.0,0.287,0.253,0.316,0.467,0.322,0.408,0.351,0.609,-0.161,0.268,0.641,0.345,-0.018,0.466,0.39,-0.309,-0.01,-0.283,0.166,-0.098,-0.154,-0.13,-0.124,-0.147,0.426,0.448,0.2,-0.345,-0.085,-0.243,0.449,0.459,0.226,-0.022,0.506,-0.016,-0.091,0.588,0.274,0.186,0.423,-0.015,0.394,0.222,-0.266,0.303,0.51,0.293
MSFT,0.674,0.636,-0.548,0.501,0.306,0.406,-0.676,-0.661,-0.258,-0.312,-0.308,-0.419,-0.719,-0.037,-0.191,0.78,0.483,-0.167,-0.363,0.35,0.516,0.855,-0.008,-0.484,-0.67,0.223,-0.165,-0.551,0.356,-0.047,-0.66,0.519,0.525,0.383,-0.629,0.434,0.074,0.507,-0.551,0.41,0.031,-0.661,0.587,0.491,-0.424,0.043,-0.415,0.801,0.838,0.674,-0.598,0.287,1.0,0.148,0.475,0.387,0.152,0.482,-0.118,0.629,-0.644,-0.386,0.494,0.47,-0.301,0.436,-0.146,-0.494,-0.466,-0.431,0.848,-0.382,-0.646,-0.64,-0.408,-0.587,0.464,0.083,-0.45,-0.572,-0.142,-0.0,0.51,0.573,0.629,-0.605,0.434,-0.483,-0.544,0.034,0.55,-0.527,0.201,0.612,-0.24,0.518,-0.647,-0.428,-0.026,-0.39
MSTR,-0.147,-0.081,0.146,-0.4,-0.158,-0.409,0.218,0.176,-0.257,-0.417,0.004,0.464,0.043,0.563,-0.257,0.261,-0.43,-0.27,0.188,-0.452,-0.227,0.161,0.533,0.096,0.156,-0.241,-0.299,0.355,-0.551,-0.178,-0.036,-0.317,-0.317,-0.303,0.235,0.069,0.549,-0.143,0.145,0.276,0.14,-0.03,-0.01,-0.337,0.336,0.647,0.224,-0.037,0.184,-0.078,0.165,0.253,0.148,1.0,0.219,-0.322,-0.409,-0.015,-0.154,0.046,0.264,0.17,-0.024,-0.166,-0.212,-0.09,-0.219,0.261,0.179,0.363,-0.171,0.341,0.045,0.341,0.473,0.291,-0.227,0.632,0.17,0.161,0.586,0.292,-0.085,0.005,-0.33,0.172,0.167,0.036,-0.184,0.137,0.26,0.067,-0.267,0.472,0.096,-0.337,0.239,0.228,0.146,-0.166
MU,0.181,0.188,0.021,0.286,0.146,0.119,-0.019,-0.149,0.1,-0.414,0.294,0.164,-0.191,0.375,0.258,0.469,0.167,-0.013,0.183,-0.037,-0.015,0.421,0.336,-0.391,-0.075,0.316,-0.022,0.0,-0.072,-0.112,-0.227,0.299,0.314,0.239,0.004,-0.029,0.333,0.067,0.166,0.199,0.38,-0.322,-0.045,0.309,-0.066,0.234,-0.05,0.262,0.482,0.048,-0.197,0.316,0.475,0.219,1.0,0.266,0.126,0.187,-0.083,0.245,-0.082,0.071,0.201,-0.064,0.245,0.0,0.047,0.022,0.284,0.024,0.21,-0.095,-0.194,-0.028,-0.011,0.031,0.036,0.326,-0.006,-0.046,0.167,0.273,0.025,0.119,0.123,0.055,-0.054,-0.028,-0.403,0.171,0.357,-0.012,-0.047,0.315,-0.019,0.345,-0.015,0.083,0.628,-0.088
MVIS,0.544,0.523,-0.5,0.621,0.624,0.412,-0.493,-0.486,0.219,0.22,0.267,-0.265,-0.355,-0.283,0.333,0.197,0.673,0.49,0.023,0.544,0.529,0.3,-0.227,-0.577,-0.463,0.672,0.467,-0.382,0.534,0.411,-0.593,0.632,0.651,0.628,-0.592,0.45,-0.184,0.686,-0.074,-0.178,0.436,-0.448,0.438,0.459,-0.7,0.006,-0.142,0.297,0.188,0.437,-0.299,0.467,0.387,-0.322,0.266,1.0,0.579,0.666,0.582,0.55,-0.595,0.032,0.539,0.568,0.059,0.531,0.562,-0.723,-0.277,-0.662,0.467,-0.439,-0.531,-0.562,-0.504,-0.633,0.659,0.059,-0.192,-0.688,-0.559,-0.48,0.576,0.605,0.637,-0.388,0.453,-0.238,-0.238,0.465,0.318,-0.189,0.475,-0.117,0.283,0.708,-0.585,-0.133,0.445,0.284
NFLX,0.368,0.408,-0.312,0.525,0.55,0.529,-0.258,-0.396,0.339,0.306,0.145,-0.312,-0.052,-0.327,0.366,0.033,0.565,0.467,0.206,0.404,0.415,0.2,-0.131,-0.384,-0.253,0.641,0.448,-0.234,0.537,0.398,-0.34,0.622,0.622,0.626,-0.375,0.202,-0.312,0.419,-0.151,-0.328,0.355,-0.286,0.154,0.336,-0.59,-0.136,-0.241,0.177,0.068,0.186,-0.222,0.322,0.152,-0.409,0.126,0.579,1.0,0.409,0.494,0.437,-0.406,-0.081,0.291,0.39,0.048,0.317,0.507,-0.539,-0.224,-0.581,0.204,-0.499,-0.289,-0.454,-0.58,-0.467,0.553,0.014,-0.007,-0.446,-0.59,-0.248,0.322,0.343,0.46,-0.253,0.202,-0.064,-0.063,0.37,0.327,-0.187,0.444,-0.392,0.161,0.431,-0.344,-0.108,0.114,0.221
NNDM,0.64,0.576,-0.487,0.462,0.504,0.214,-0.555,-0.493,-0.09,-0.023,0.099,-0.256,-0.528,-0.052,0.085,0.39,0.521,0.247,-0.133,0.455,0.584,0.499,-0.029,-0.389,-0.53,0.349,0.17,-0.254,0.421,0.254,-0.715,0.356,0.385,0.397,-0.604,0.536,0.04,0.673,-0.153,0.127,0.279,-0.602,0.573,0.373,-0.493,-0.019,-0.246,0.495,0.385,0.522,-0.338,0.408,0.482,-0.015,0.187,0.666,0.409,1.0,0.312,0.636,-0.627,-0.092,0.579,0.654,-0.174,0.593,0.391,-0.602,-0.435,-0.537,0.469,-0.358,-0.599,-0.489,-0.409,-0.568,0.641,0.003,-0.293,-0.668,-0.208,-0.354,0.62,0.686,0.606,-0.53,0.57,-0.467,-0.232,0.371,0.504,-0.389,0.469,0.233,0.224,0.611,-0.606,-0.178,0.273,-0.019
NVAX,0.204,0.192,-0.035,0.087,0.538,0.202,0.038,-0.084,0.322,0.292,0.294,-0.019,0.125,-0.11,0.412,-0.138,0.214,0.656,0.295,0.217,0.218,-0.055,-0.164,-0.086,0.069,0.413,0.638,0.149,0.088,0.434,-0.072,0.281,0.293,0.276,-0.068,0.256,-0.033,0.286,0.149,-0.347,0.344,0.064,0.05,-0.101,-0.385,0.135,0.139,-0.161,-0.23,-0.003,0.178,0.351,-0.118,-0.154,-0.083,0.582,0.494,0.312,1.0,0.18,-0.022,0.375,0.194,0.25,0.152,0.19,0.701,-0.31,0.014,-0.233,-0.079,-0.141,-0.038,-0.075,-0.148,-0.14,0.451,0.262,0.274,-0.222,-0.326,-0.345,0.194,0.301,0.127,0.061,0.379,0.164,0.159,0.467,0.168,0.252,0.331,-0.392,0.584,0.058,-0.098,0.342,0.218,0.535
NVDA,0.748,0.715,-0.495,0.55,0.541,0.213,-0.566,-0.508,0.109,-0.009,-0.045,-0.376,-0.421,-0.078,0.069,0.555,0.542,0.077,-0.139,0.521,0.707,0.597,0.133,-0.436,-0.49,0.323,0.122,-0.447,0.416,0.246,-0.677,0.409,0.416,0.423,-0.549,0.536,-0.032,0.714,-0.381,0.272,0.153,-0.648,0.583,0.485,-0.522,-0.019,-0.182,0.591,0.536,0.598,-0.304,0.609,0.629,0.046,0.245,0.55,0.437,0.636,0.18,1.0,-0.577,-0.236,0.72,0.619,-0.229,0.643,0.163,-0.577,-0.507,-0.505,0.555,-0.41,-0.599,-0.572,-0.462,-0.555,0.601,0.033,-0.321,-0.664,-0.374,-0.122,0.604,0.634,0.607,-0.557,0.469,-0.467,-0.359,0.282,0.475,-0.407,0.571,0.182,0.105,0.49,-0.611,-0.203,0.133,-0.102
NWL,-0.603,-0.563,0.829,-0.562,-0.338,-0.315,0.752,0.65,0.276,-0.045,0.256,0.565,0.656,0.341,0.221,-0.401,-0.7,0.102,0.406,-0.604,-0.634,-0.455,0.208,0.581,0.762,-0.372,0.104,0.655,-0.739,-0.045,0.776,-0.529,-0.535,-0.55,0.808,-0.403,0.32,-0.626,0.534,-0.116,-0.066,0.782,-0.605,-0.575,0.565,0.287,0.496,-0.626,-0.439,-0.698,0.543,-0.161,-0.644,0.264,-0.082,-0.595,-0.406,-0.627,-0.022,-0.577,1.0,0.426,-0.418,-0.68,0.427,-0.589,0.072,0.694,0.56,0.631,-0.73,0.48,0.783,0.738,0.606,0.774,-0.554,0.278,0.613,0.738,0.436,0.363,-0.651,-0.622,-0.793,0.748,-0.35,0.707,0.446,-0.06,-0.357,0.688,-0.442,-0.21,0.226,-0.701,0.81,0.602,0.044,0.212
OCGN,-0.172,-0.336,0.507,-0.265,0.016,-0.228,0.52,0.447,0.343,0.249,0.678,0.583,0.503,0.35,0.421,-0.409,-0.347,0.565,0.493,-0.255,-0.305,-0.387,0.15,0.152,0.543,0.053,0.462,0.485,-0.484,0.294,0.354,-0.22,-0.198,-0.205,0.488,-0.115,0.364,-0.338,0.73,-0.146,0.448,0.529,-0.369,-0.445,0.101,0.565,0.511,-0.606,-0.488,-0.587,0.7,0.268,-0.386,0.17,0.071,0.032,-0.081,-0.092,0.375,-0.236,0.426,1.0,-0.158,-0.343,0.212,-0.225,0.445,0.177,0.594,0.153,-0.551,0.211,0.463,0.435,0.273,0.38,-0.134,0.544,0.697,0.211,0.173,-0.141,-0.148,-0.094,-0.34,0.602,0.013,0.447,0.432,0.445,-0.16,0.71,0.005,-0.282,0.658,-0.391,0.32,0.62,0.334,0.702
