,AAL,AAPL,AGNC,AMAT,AMD,AMZN,APA,ARDX,AVGO,AZN,BIDU,BILI,BKR,CAN,CHRD,CMCSA,CPRT,CRWD,CSCO,CSX,DKNG,EBAY,ERIC,EXC,FITB,FLEX,FTNT,GEN,GERN,GEVO,GILD,GOOG,GOOGL,GT,HBAN,HST,INTC,IOVA,IQ,JBLU,JD,KDP,KHC,LRCX,LYFT,MARA,MCHP,MDLZ,META,MNST,MRNA,MRVL,MSFT,MSTR,MU,MVIS,NFLX,NNDM,NVAX,NVDA,NWL,OCGN,ON,OPK,PAA,PACB,PANW,PARA,PDD,PENN,PEP,PLUG,PTEN,PTON,PYPL,QCOM,QVCGA,RIOT,ROKU,RUN,SABR,SBUX,SMCI,SNDL,STNE,TCOM,TLRY,TMUS,TSCO,TSLA,TTD,TXN,UAL,VOD,VTRS,VXRT,WBA,WBD,WDC,ZM
AAL,1.0,0.671,0.686,0.794,0.608,0.479,-0.208,0.266,0.72,0.484,0.532,0.485,-0.046,-0.29,0.012,0.343,0.771,0.743,0.522,0.604,0.598,0.373,0.697,0.456,0.784,0.426,-0.33,0.526,0.1,0.439,0.165,0.383,0.37,0.395,0.752,0.6,0.478,0.376,0.343,0.366,0.662,0.049,0.297,0.845,0.608,-0.094,0.51,0.136,0.598,0.363,0.196,0.749,0.358,-0.029,0.645,0.509,0.082,-0.274,0.485,0.757,-0.073,0.422,-0.05,0.622,0.331,0.227,0.33,0.601,0.175,0.474,0.355,0.521,-0.059,0.408,0.62,0.512,0.63,0.156,0.6,0.634,0.083,0.389,0.498,0.774,0.423,-0.243,0.488,0.507,0.523,0.61,0.663,0.511,0.883,0.717,0.534,0.499,0.435,0.341,0.465,0.529
AAPL,0.671,1.0,0.673,0.776,0.744,0.598,-0.232,0.157,0.774,0.331,0.234,0.396,-0.08,-0.492,0.032,0.415,0.731,0.881,0.572,0.511,0.796,0.341,0.556,0.512,0.674,0.354,-0.228,0.733,0.094,0.345,0.082,0.426,0.414,0.607,0.686,0.678,0.56,0.363,0.308,0.187,0.385,0.164,0.401,0.763,0.68,-0.121,0.566,0.293,0.717,0.444,0.235,0.664,0.487,0.076,0.744,0.358,0.046,-0.402,0.444,0.723,-0.138,0.377,-0.124,0.629,0.492,0.126,0.397,0.634,0.08,0.738,0.302,0.325,-0.19,0.456,0.708,0.746,0.656,0.162,0.785,0.581,0.196,0.63,0.555,0.502,0.479,-0.437,0.22,0.454,0.511,0.441,0.707,0.446,0.61,0.627,0.529,0.543,0.114,0.268,0.56,0.642
AGNC,0.686,0.673,1.0,0.798,0.644,0.472,-0.046,0.103,0.662,0.463,0.441,0.276,0.216,-0.412,0.184,0.594,0.765,0.651,0.641,0.78,0.474,0.505,0.673,0.591,0.637,0.416,-0.217,0.48,0.017,0.287,0.181,0.734,0.737,0.389,0.729,0.667,0.546,0.107,0.1,0.367,0.431,-0.013,0.238,0.781,0.6,-0.254,0.722,-0.048,0.795,0.199,0.339,0.733,0.362,-0.143,0.572,0.452,-0.177,-0.268,0.342,0.57,-0.084,0.678,0.112,0.525,0.338,0.356,0.421,0.634,-0.016,0.58,0.122,0.463,0.055,0.542,0.785,0.534,0.495,0.032,0.53,0.834,0.325,0.318,0.57,0.655,0.299,-0.531,0.515,0.432,0.638,0.606,0.706,0.852,0.668,0.711,0.6,0.413,0.33,0.453,0.61,0.721
AMAT,0.794,0.776,0.798,1.0,0.673,0.513,-0.188,0.164,0.848,0.478,0.521,0.352,0.004,-0.436,0.017,0.378,0.752,0.841,0.552,0.653,0.568,0.366,0.724,0.509,0.731,0.451,-0.31,0.559,0.021,0.409,0.125,0.486,0.475,0.412,0.732,0.628,0.479,0.297,0.215,0.223,0.548,0.046,0.344,0.957,0.608,-0.141,0.576,0.203,0.692,0.368,0.281,0.775,0.405,-0.028,0.734,0.371,0.062,-0.28,0.58,0.736,-0.17,0.432,-0.064,0.565,0.336,0.175,0.386,0.547,0.088,0.576,0.343,0.477,-0.053,0.438,0.703,0.628,0.526,0.107,0.614,0.71,0.149,0.417,0.61,0.615,0.408,-0.362,0.355,0.508,0.492,0.58,0.684,0.59,0.704,0.699,0.502,0.497,0.326,0.286,0.515,0.621
AMD,0.608,0.744,0.644,0.673,1.0,0.675,-0.4,0.368,0.628,0.16,0.059,0.504,-0.037,-0.302,-0.012,0.26,0.727,0.684,0.389,0.402,0.746,0.199,0.53,0.606,0.666,0.318,-0.516,0.618,0.16,0.493,0.214,0.266,0.235,0.58,0.705,0.826,0.695,0.464,0.382,0.174,0.395,0.358,0.757,0.681,0.59,0.066,0.459,0.436,0.592,0.59,-0.052,0.57,0.594,0.268,0.834,0.292,0.228,-0.442,0.579,0.708,-0.131,0.117,-0.246,0.589,0.544,0.059,0.051,0.648,0.167,0.82,0.613,0.135,-0.354,0.425,0.625,0.832,0.634,0.366,0.807,0.432,0.195,0.749,0.318,0.454,0.617,-0.339,0.045,0.567,0.307,0.284,0.592,0.41,0.478,0.589,0.355,0.539,0.115,0.387,0.53,0.434
AMZN,0.479,0.598,0.472,0.513,0.675,1.0,-0.624,0.478,0.467,-0.052,-0.146,0.585,-0.099,-0.179,-0.251,0.177,0.575,0.475,0.093,0.151,0.601,-0.112,0.441,0.376,0.571,0.565,-0.587,0.482,0.355,0.436,0.184,0.104,0.086,0.327,0.583,0.621,0.92,0.505,0.545,-0.257,0.447,0.711,0.571,0.5,0.223,0.144,0.038,0.495,0.577,0.572,-0.313,0.272,0.757,0.41,0.682,0.065,0.388,-0.53,0.55,0.518,-0.206,-0.06,-0.519,0.256,0.32,-0.294,-0.202,0.4,0.052,0.662,0.587,-0.159,-0.59,0.244,0.336,0.715,0.468,0.365,0.63,0.235,-0.031,0.62,-0.05,0.282,0.454,-0.113,-0.156,0.788,0.23,-0.011,0.356,0.178,0.269,0.657,0.066,0.451,-0.167,0.267,0.245,0.142
APA,-0.208,-0.232,-0.046,-0.188,-0.4,-0.624,1.0,-0.329,-0.186,0.218,0.293,-0.617,0.539,-0.07,0.719,0.346,-0.181,-0.103,0.346,0.303,-0.419,0.47,-0.258,0.011,-0.211,-0.347,0.612,-0.382,-0.24,-0.153,0.167,0.31,0.301,-0.154,-0.16,-0.211,-0.534,-0.586,-0.555,0.41,-0.243,-0.665,-0.467,-0.155,0.098,-0.439,0.354,-0.475,-0.078,-0.417,0.641,0.061,-0.743,-0.683,-0.457,0.224,-0.534,0.399,-0.428,-0.404,0.253,0.436,0.611,-0.001,0.091,0.538,0.533,0.044,-0.307,-0.347,-0.581,0.479,0.739,0.296,0.223,-0.357,-0.249,-0.512,-0.323,0.258,0.471,-0.401,0.448,0.201,-0.223,-0.234,0.465,-0.636,0.276,0.289,0.011,0.248,-0.036,-0.221,0.225,-0.319,0.238,0.187,0.08,0.307
ARDX,0.266,0.157,0.103,0.164,0.368,0.478,-0.329,1.0,0.076,-0.17,-0.286,0.461,-0.071,0.04,-0.068,-0.094,0.188,0.221,-0.05,-0.133,0.367,-0.248,0.065,0.226,0.439,0.136,-0.478,0.21,0.356,0.511,0.498,-0.253,-0.257,0.171,0.402,0.34,0.427,0.499,0.367,-0.328,0.161,0.51,0.551,0.175,0.081,0.266,-0.194,0.626,0.085,0.591,-0.469,-0.058,0.507,0.395,0.409,0.069,0.532,-0.331,0.35,0.197,-0.057,-0.265,-0.586,0.148,0.487,-0.459,-0.289,0.253,-0.088,0.406,0.734,-0.218,-0.496,0.21,0.007,0.497,0.321,0.411,0.454,-0.064,0.019,0.478,-0.231,0.329,0.652,0.004,-0.033,0.558,-0.005,-0.187,0.03,-0.107,0.102,0.339,-0.117,0.184,-0.278,0.322,-0.166,-0.032
AVGO,0.72,0.774,0.662,0.848,0.628,0.467,-0.186,0.076,1.0,0.534,0.452,0.214,-0.106,-0.427,0.007,0.499,0.729,0.852,0.635,0.565,0.52,0.412,0.701,0.404,0.586,0.324,-0.317,0.554,-0.075,0.296,0.041,0.527,0.517,0.413,0.595,0.533,0.427,0.25,0.189,0.259,0.481,0.008,0.259,0.839,0.649,-0.117,0.526,0.134,0.759,0.269,0.25,0.795,0.349,-0.026,0.724,0.286,0.014,-0.26,0.474,0.86,-0.076,0.474,0.016,0.585,0.275,0.187,0.361,0.443,0.09,0.52,0.319,0.46,0.027,0.322,0.615,0.518,0.477,0.108,0.52,0.567,0.135,0.371,0.607,0.561,0.334,-0.427,0.341,0.368,0.641,0.512,0.795,0.484,0.67,0.564,0.566,0.509,0.313,0.199,0.634,0.647
AZN,0.484,0.331,0.463,0.478,0.16,-0.052,0.218,-0.17,0.534,1.0,0.782,-0.071,0.184,-0.13,0.179,0.475,0.434,0.408,0.586,0.552,0.016,0.594,0.616,0.37,0.224,0.269,0.182,0.104,-0.205,0.044,0.22,0.458,0.472,0.096,0.245,0.208,0.008,-0.031,-0.115,0.359,0.382,-0.456,-0.21,0.537,0.379,-0.312,0.486,-0.41,0.393,-0.244,0.635,0.6,-0.215,-0.458,0.162,0.394,-0.511,-0.087,0.17,0.523,0.064,0.614,0.361,0.394,0.017,0.455,0.596,0.236,-0.081,-0.027,-0.142,0.676,0.437,0.291,0.498,-0.021,0.12,-0.193,0.058,0.566,0.24,-0.183,0.701,0.583,-0.073,-0.353,0.636,-0.01,0.48,0.673,0.534,0.526,0.723,0.268,0.635,0.112,0.577,0.206,0.552,0.547
BIDU,0.532,0.234,0.441,0.521,0.059,-0.146,0.293,-0.286,0.452,0.782,1.0,-0.027,0.169,-0.069,0.165,0.389,0.387,0.367,0.575,0.643,-0.044,0.487,0.592,0.256,0.241,0.29,0.246,-0.051,-0.223,0.041,0.031,0.44,0.434,-0.0,0.246,0.138,-0.109,-0.157,-0.052,0.483,0.505,-0.556,-0.294,0.587,0.293,-0.371,0.534,-0.472,0.289,-0.307,0.725,0.569,-0.359,-0.569,0.059,0.453,-0.49,0.112,0.174,0.398,-0.003,0.601,0.489,0.399,-0.067,0.576,0.662,0.182,0.048,-0.153,-0.273,0.784,0.489,0.305,0.444,-0.136,0.025,-0.292,-0.03,0.616,0.18,-0.308,0.686,0.578,-0.207,-0.141,0.713,-0.041,0.392,0.814,0.425,0.523,0.716,0.31,0.493,0.0,0.751,0.116,0.484,0.478
BILI,0.485,0.396,0.276,0.352,0.504,0.585,-0.617,0.461,0.214,-0.071,-0.027,1.0,-0.144,0.17,-0.234,-0.168,0.393,0.312,-0.039,-0.078,0.691,-0.129,0.337,0.275,0.528,0.402,-0.577,0.52,0.337,0.519,0.216,-0.21,-0.193,0.389,0.522,0.507,0.573,0.754,0.873,-0.05,0.538,0.571,0.598,0.352,0.316,0.474,0.044,0.533,0.158,0.633,-0.324,0.162,0.666,0.607,0.517,0.347,0.35,-0.504,0.493,0.457,-0.155,-0.225,-0.471,0.411,0.3,-0.215,-0.232,0.486,0.439,0.571,0.546,-0.056,-0.601,0.242,0.164,0.598,0.571,0.631,0.679,0.104,-0.025,0.608,-0.125,0.2,0.582,0.248,-0.036,0.715,-0.103,0.034,0.211,0.059,0.314,0.561,0.082,0.377,-0.047,0.295,0.059,0.101
BKR,-0.046,-0.08,0.216,0.004,-0.037,-0.099,0.539,-0.071,-0.106,0.184,0.169,-0.144,1.0,0.027,0.645,0.334,0.072,-0.069,0.245,0.289,-0.233,0.427,-0.035,0.436,0.079,0.241,0.229,-0.197,-0.155,0.175,0.445,0.254,0.278,-0.026,0.169,0.183,0.014,-0.317,-0.182,0.186,0.058,-0.16,-0.063,0.016,0.142,-0.266,0.357,-0.268,0.17,-0.204,0.303,0.112,-0.282,-0.408,-0.117,0.351,-0.474,-0.053,-0.068,-0.249,0.145,0.333,0.362,0.059,0.182,0.429,0.329,0.303,-0.309,-0.049,-0.29,0.38,0.511,0.372,0.387,-0.015,-0.068,-0.237,-0.059,0.368,0.67,-0.129,0.277,0.225,-0.027,-0.162,0.366,-0.126,0.268,0.288,0.151,0.525,0.052,0.287,0.273,-0.068,0.183,0.499,0.219,0.282
CAN,-0.29,-0.492,-0.412,-0.436,-0.302,-0.179,-0.07,0.04,-0.427,-0.13,-0.069,0.17,0.027,1.0,-0.114,-0.224,-0.26,-0.459,-0.254,-0.427,-0.232,-0.267,-0.244,-0.212,-0.308,0.035,0.068,-0.413,0.252,0.057,0.131,-0.43,-0.424,-0.255,-0.282,-0.168,-0.155,0.126,0.213,-0.143,0.088,0.182,0.008,-0.34,-0.222,0.455,-0.339,0.002,-0.427,-0.14,-0.225,-0.314,-0.054,0.268,-0.207,0.006,-0.045,0.016,-0.056,-0.275,0.148,-0.253,-0.062,-0.207,-0.267,-0.088,-0.219,-0.215,0.138,-0.251,-0.012,-0.09,-0.029,-0.047,-0.365,-0.297,-0.288,0.336,-0.246,-0.311,0.007,-0.166,-0.309,-0.239,-0.198,0.505,-0.093,0.078,-0.301,-0.103,-0.238,-0.272,-0.267,-0.153,-0.317,-0.324,0.002,-0.018,-0.243,-0.358
CHRD,0.012,0.032,0.184,0.017,-0.012,-0.251,0.719,-0.068,0.007,0.179,0.165,-0.234,0.645,-0.114,1.0,0.5,0.043,0.102,0.477,0.366,-0.077,0.552,-0.032,0.388,0.159,-0.227,0.224,-0.056,-0.097,0.254,0.555,0.285,0.293,0.1,0.175,0.229,-0.141,-0.201,-0.234,0.297,-0.093,-0.347,-0.053,0.055,0.386,-0.174,0.395,-0.185,0.115,-0.074,0.427,0.218,-0.352,-0.378,-0.022,0.535,-0.315,0.235,-0.059,-0.148,0.171,0.387,0.341,0.251,0.5,0.355,0.428,0.455,-0.386,0.1,-0.214,0.452,0.603,0.636,0.456,0.027,0.091,-0.09,0.084,0.357,0.793,-0.028,0.338,0.408,0.167,-0.418,0.478,-0.266,0.35,0.323,0.301,0.442,0.076,0.137,0.397,-0.173,0.216,0.626,0.156,0.454
CMCSA,0.343,0.415,0.594,0.378,0.26,0.177,0.346,-0.094,0.499,0.475,0.389,-0.168,0.334,-0.224,0.5,1.0,0.511,0.403,0.725,0.64,0.12,0.677,0.389,0.415,0.239,0.063,0.137,0.11,-0.077,0.076,0.23,0.772,0.785,0.149,0.287,0.434,0.21,-0.21,-0.205,0.39,0.134,-0.257,-0.148,0.427,0.515,-0.287,0.568,-0.364,0.762,-0.196,0.474,0.554,-0.052,-0.399,0.288,0.447,-0.395,0.099,0.015,0.305,0.186,0.79,0.373,0.387,0.28,0.462,0.611,0.413,-0.275,0.216,-0.207,0.507,0.478,0.497,0.64,0.102,0.166,-0.109,0.127,0.605,0.584,-0.033,0.554,0.596,-0.001,-0.593,0.63,0.002,0.839,0.547,0.726,0.677,0.426,0.403,0.526,0.055,0.328,0.435,0.667,0.673
CPRT,0.771,0.731,0.765,0.752,0.727,0.575,-0.181,0.188,0.729,0.434,0.387,0.393,0.072,-0.26,0.043,0.511,1.0,0.71,0.545,0.649,0.614,0.432,0.671,0.577,0.63,0.424,-0.392,0.558,0.013,0.356,0.105,0.531,0.51,0.52,0.74,0.79,0.557,0.258,0.241,0.421,0.505,0.188,0.426,0.813,0.666,-0.119,0.649,0.1,0.774,0.321,0.267,0.704,0.416,-0.015,0.664,0.403,-0.05,-0.364,0.408,0.704,0.071,0.509,0.129,0.649,0.351,0.379,0.282,0.646,0.243,0.653,0.3,0.411,-0.105,0.51,0.778,0.628,0.575,0.156,0.67,0.706,0.215,0.523,0.563,0.651,0.366,-0.288,0.368,0.536,0.631,0.605,0.717,0.617,0.719,0.712,0.507,0.494,0.348,0.388,0.708,0.554
CRWD,0.743,0.881,0.651,0.841,0.684,0.475,-0.103,0.221,0.852,0.408,0.367,0.312,-0.069,-0.459,0.102,0.403,0.71,1.0,0.681,0.575,0.71,0.384,0.554,0.457,0.778,0.32,-0.271,0.677,0.064,0.456,0.172,0.428,0.412,0.592,0.742,0.629,0.46,0.354,0.272,0.27,0.473,0.053,0.362,0.829,0.725,-0.114,0.55,0.316,0.657,0.462,0.265,0.744,0.382,0.03,0.726,0.382,0.104,-0.31,0.448,0.739,-0.1,0.425,-0.101,0.678,0.478,0.149,0.426,0.616,0.113,0.645,0.365,0.465,-0.044,0.441,0.693,0.683,0.66,0.145,0.697,0.64,0.182,0.537,0.626,0.587,0.508,-0.376,0.364,0.401,0.598,0.521,0.715,0.44,0.636,0.614,0.601,0.574,0.203,0.313,0.489,0.693
CSCO,0.522,0.572,0.641,0.552,0.389,0.093,0.346,-0.05,0.635,0.586,0.575,-0.039,0.245,-0.254,0.477,0.725,0.545,0.681,1.0,0.743,0.288,0.65,0.459,0.457,0.543,0.201,0.089,0.289,-0.11,0.294,0.262,0.631,0.618,0.306,0.539,0.463,0.22,-0.061,-0.049,0.472,0.342,-0.35,-0.036,0.613,0.676,-0.332,0.684,-0.207,0.604,-0.013,0.573,0.75,-0.057,-0.363,0.395,0.564,-0.365,-0.004,0.169,0.474,0.084,0.748,0.345,0.58,0.346,0.472,0.697,0.55,-0.15,0.314,-0.076,0.765,0.486,0.542,0.708,0.256,0.337,-0.105,0.31,0.741,0.464,0.087,0.739,0.685,0.118,-0.523,0.75,0.053,0.775,0.773,0.762,0.696,0.583,0.459,0.746,0.206,0.447,0.453,0.589,0.795
CSX,0.604,0.511,0.78,0.653,0.402,0.151,0.303,-0.133,0.565,0.552,0.643,-0.078,0.289,-0.427,0.366,0.64,0.649,0.575,0.743,1.0,0.157,0.575,0.564,0.458,0.512,0.268,0.021,0.215,-0.187,0.173,0.05,0.753,0.728,0.267,0.568,0.487,0.218,-0.251,-0.159,0.515,0.32,-0.34,-0.048,0.709,0.51,-0.48,0.703,-0.262,0.628,-0.082,0.595,0.698,-0.081,-0.489,0.302,0.42,-0.303,0.033,0.129,0.387,0.009,0.74,0.38,0.466,0.191,0.535,0.578,0.431,-0.144,0.28,-0.125,0.672,0.427,0.519,0.766,0.251,0.219,-0.283,0.247,0.833,0.358,0.027,0.677,0.676,-0.001,-0.463,0.657,0.094,0.681,0.753,0.596,0.774,0.688,0.504,0.598,0.178,0.513,0.304,0.604,0.622
DKNG,0.598,0.796,0.474,0.568,0.746,0.601,-0.419,0.367,0.52,0.016,-0.044,0.691,-0.233,-0.232,-0.077,0.12,0.614,0.71,0.288,0.157,1.0,0.131,0.368,0.387,0.689,0.249,-0.448,0.793,0.301,0.491,0.186,0.11,0.106,0.72,0.672,0.716,0.566,0.678,0.588,0.148,0.401,0.431,0.642,0.547,0.647,0.227,0.396,0.552,0.451,0.743,-0.093,0.46,0.663,0.441,0.752,0.406,0.286,-0.49,0.419,0.617,-0.045,0.07,-0.325,0.575,0.577,-0.011,0.057,0.74,0.353,0.827,0.494,0.066,-0.491,0.378,0.485,0.806,0.886,0.483,0.899,0.344,0.042,0.831,0.24,0.327,0.727,-0.186,0.015,0.586,0.268,0.168,0.494,0.218,0.421,0.599,0.34,0.655,-0.052,0.35,0.28,0.464
EBAY,0.373,0.341,0.505,0.366,0.199,-0.112,0.47,-0.248,0.412,0.594,0.487,-0.129,0.427,-0.267,0.552,0.677,0.432,0.384,0.65,0.575,0.131,1.0,0.319,0.345,0.227,-0.032,0.245,0.319,-0.224,-0.024,0.295,0.649,0.671,0.277,0.209,0.309,-0.008,-0.118,-0.238,0.532,0.101,-0.517,-0.216,0.409,0.647,-0.396,0.686,-0.47,0.504,-0.221,0.593,0.63,-0.235,-0.511,0.166,0.482,-0.577,0.001,-0.018,0.247,0.12,0.688,0.514,0.454,0.202,0.61,0.648,0.517,-0.16,0.136,-0.327,0.622,0.611,0.387,0.672,0.04,0.34,-0.253,0.113,0.583,0.504,-0.073,0.659,0.543,0.012,-0.57,0.592,-0.207,0.61,0.631,0.637,0.678,0.525,0.283,0.747,0.209,0.422,0.55,0.593,0.662
ERIC,0.697,0.556,0.673,0.724,0.53,0.441,-0.258,0.065,0.701,0.616,0.592,0.337,-0.035,-0.244,-0.032,0.389,0.671,0.554,0.459,0.564,0.368,0.319,1.0,0.552,0.518,0.503,-0.333,0.305,0.044,0.275,0.153,0.383,0.4,0.217,0.539,0.502,0.46,0.288,0.256,0.253,0.664,0.027,0.22,0.734,0.415,-0.145,0.449,-0.039,0.553,0.146,0.363,0.633,0.298,-0.083,0.523,0.357,-0.106,-0.264,0.632,0.761,-0.136,0.435,-0.041,0.594,0.181,0.219,0.219,0.399,0.092,0.359,0.247,0.405,-0.03,0.345,0.519,0.354,0.379,0.133,0.431,0.565,0.077,0.209,0.406,0.62,0.227,-0.3,0.381,0.454,0.399,0.458,0.63,0.538,0.727,0.621,0.449,0.301,0.563,0.291,0.513,0.484
EXC,0.456,0.512,0.591,0.509,0.606,0.376,0.011,0.226,0.404,0.37,0.256,0.275,0.436,-0.212,0.388,0.415,0.577,0.457,0.457,0.458,0.387,0.345,0.552,1.0,0.556,0.427,-0.237,0.3,0.161,0.53,0.492,0.282,0.291,0.354,0.633,0.741,0.436,0.171,0.14,0.163,0.494,0.157,0.526,0.493,0.409,-0.1,0.519,0.077,0.474,0.257,0.254,0.413,0.269,-0.083,0.457,0.576,-0.151,-0.317,0.514,0.408,0.095,0.336,0.005,0.562,0.573,0.256,0.32,0.666,-0.067,0.507,0.342,0.407,-0.015,0.616,0.688,0.496,0.393,0.171,0.562,0.593,0.535,0.4,0.406,0.598,0.405,-0.372,0.403,0.375,0.431,0.385,0.517,0.613,0.438,0.609,0.427,0.222,0.364,0.561,0.469,0.575
FITB,0.784,0.674,0.637,0.731,0.666,0.571,-0.211,0.439,0.586,0.224,0.241,0.528,0.079,-0.308,0.159,0.239,0.63,0.778,0.543,0.512,0.689,0.227,0.518,0.556,1.0,0.488,-0.45,0.577,0.208,0.737,0.428,0.207,0.2,0.506,0.878,0.713,0.603,0.497,0.455,0.15,0.598,0.296,0.52,0.727,0.587,0.004,0.384,0.455,0.485,0.663,0.013,0.596,0.516,0.177,0.706,0.505,0.279,-0.341,0.532,0.573,-0.082,0.231,-0.291,0.539,0.571,0.02,0.194,0.744,0.075,0.626,0.498,0.375,-0.159,0.476,0.594,0.702,0.747,0.281,0.721,0.594,0.171,0.578,0.317,0.611,0.624,-0.225,0.333,0.614,0.442,0.405,0.532,0.465,0.561,0.781,0.479,0.573,0.153,0.548,0.25,0.516
FLEX,0.426,0.354,0.416,0.451,0.318,0.565,-0.347,0.136,0.324,0.269,0.29,0.402,0.241,0.035,-0.227,0.063,0.424,0.32,0.201,0.268,0.249,-0.032,0.503,0.427,0.488,1.0,-0.232,0.13,0.265,0.404,0.157,0.037,0.045,0.063,0.526,0.379,0.586,0.2,0.396,-0.13,0.71,0.406,0.234,0.455,0.059,-0.099,0.127,0.126,0.346,0.194,0.062,0.29,0.349,0.061,0.346,0.196,-0.096,-0.549,0.464,0.368,-0.208,0.148,-0.21,0.15,-0.062,0.021,0.082,0.258,0.055,0.189,0.203,0.284,-0.178,0.14,0.299,0.314,0.207,0.036,0.289,0.441,-0.042,0.152,0.204,0.25,0.061,0.094,0.153,0.597,0.216,0.272,0.268,0.347,0.4,0.668,0.171,0.267,0.201,0.16,0.22,0.179
FTNT,-0.33,-0.228,-0.217,-0.31,-0.516,-0.587,0.612,-0.478,-0.317,0.182,0.246,-0.577,0.229,0.068,0.224,0.137,-0.392,-0.271,0.089,0.021,-0.448,0.245,-0.333,-0.237,-0.45,-0.232,1.0,-0.385,-0.136,-0.457,-0.151,0.139,0.148,-0.374,-0.487,-0.499,-0.552,-0.529,-0.54,0.091,-0.33,-0.632,-0.646,-0.306,-0.227,-0.376,0.116,-0.568,-0.192,-0.63,0.447,-0.131,-0.686,-0.595,-0.551,-0.044,-0.597,0.298,-0.457,-0.475,0.013,0.232,0.484,-0.309,-0.212,0.324,0.614,-0.3,-0.365,-0.579,-0.733,0.263,0.549,-0.07,-0.083,-0.578,-0.416,-0.543,-0.524,0.006,0.161,-0.587,0.255,-0.089,-0.553,-0.176,0.217,-0.617,0.005,0.157,-0.172,0.019,-0.104,-0.417,0.01,-0.346,0.059,-0.226,-0.025,0.039
GEN,0.526,0.733,0.48,0.559,0.618,0.482,-0.382,0.21,0.554,0.104,-0.051,0.52,-0.197,-0.413,-0.056,0.11,0.558,0.677,0.289,0.215,0.793,0.319,0.305,0.3,0.577,0.13,-0.385,1.0,0.123,0.242,0.096,0.207,0.223,0.741,0.495,0.543,0.471,0.528,0.373,0.145,0.207,0.217,0.428,0.51,0.664,-0.005,0.371,0.325,0.447,0.503,-0.086,0.461,0.542,0.268,0.608,0.302,0.14,-0.523,0.313,0.529,-0.075,0.108,-0.186,0.501,0.358,0.003,0.096,0.611,0.225,0.694,0.387,0.06,-0.336,0.199,0.465,0.646,0.777,0.221,0.678,0.299,-0.002,0.623,0.229,0.263,0.503,-0.368,-0.006,0.358,0.291,0.196,0.474,0.276,0.411,0.416,0.56,0.699,-0.135,0.286,0.304,0.446
GERN,0.1,0.094,0.017,0.021,0.16,0.355,-0.24,0.356,-0.075,-0.205,-0.223,0.337,-0.155,0.252,-0.097,-0.077,0.013,0.064,-0.11,-0.187,0.301,-0.224,0.044,0.161,0.208,0.265,-0.136,0.123,1.0,0.383,0.292,-0.215,-0.217,0.012,0.204,0.229,0.277,0.367,0.251,-0.307,0.304,0.393,0.29,-0.008,-0.017,0.166,-0.181,0.328,0.023,0.283,-0.2,-0.108,0.372,0.288,0.176,0.209,0.205,-0.353,0.331,0.008,-0.199,-0.187,-0.484,0.053,0.189,-0.336,-0.16,0.163,-0.115,0.288,0.349,-0.128,-0.433,0.237,0.023,0.241,0.208,0.303,0.267,-0.023,-0.025,0.244,-0.194,0.111,0.286,0.003,-0.086,0.419,-0.051,-0.215,-0.004,-0.069,-0.006,0.211,-0.131,0.044,-0.101,0.208,-0.208,0.081
GEVO,0.439,0.345,0.287,0.409,0.493,0.436,-0.153,0.511,0.296,0.044,0.041,0.519,0.175,0.057,0.254,0.076,0.356,0.456,0.294,0.173,0.491,-0.024,0.275,0.53,0.737,0.404,-0.457,0.242,0.383,1.0,0.607,-0.114,-0.133,0.334,0.737,0.61,0.426,0.493,0.537,-0.064,0.577,0.449,0.632,0.402,0.374,0.292,0.121,0.589,0.2,0.645,-0.154,0.272,0.434,0.323,0.499,0.496,0.28,-0.333,0.548,0.335,-0.002,-0.082,-0.375,0.407,0.585,-0.138,-0.009,0.571,0.01,0.522,0.558,0.291,-0.224,0.517,0.385,0.571,0.482,0.477,0.614,0.35,0.304,0.542,0.097,0.427,0.612,-0.004,0.19,0.59,0.208,0.141,0.288,0.192,0.264,0.566,0.121,0.284,0.147,0.542,0.007,0.333
GILD,0.165,0.082,0.181,0.125,0.214,0.184,0.167,0.498,0.041,0.22,0.031,0.216,0.445,0.131,0.555,0.23,0.105,0.172,0.262,0.05,0.186,0.295,0.153,0.492,0.428,0.157,-0.151,0.096,0.292,0.607,1.0,-0.075,-0.046,0.191,0.334,0.412,0.229,0.381,0.203,-0.084,0.233,0.158,0.336,0.147,0.314,0.105,0.084,0.244,0.08,0.358,-0.009,0.129,0.137,0.037,0.266,0.488,0.017,-0.205,0.315,0.098,0.082,0.034,-0.198,0.215,0.613,-0.079,0.085,0.523,-0.31,0.272,0.316,0.192,0.066,0.514,0.293,0.289,0.346,0.282,0.317,0.189,0.529,0.257,0.054,0.437,0.523,-0.281,0.244,0.272,0.166,0.079,0.236,0.274,0.14,0.375,0.273,0.086,0.043,0.821,-0.03,0.317
GOOG,0.383,0.426,0.734,0.486,0.266,0.104,0.31,-0.253,0.527,0.458,0.44,-0.21,0.254,-0.43,0.285,0.772,0.531,0.428,0.631,0.753,0.11,0.649,0.383,0.282,0.207,0.037,0.139,0.207,-0.215,-0.114,-0.075,1.0,0.988,0.218,0.345,0.326,0.133,-0.349,-0.284,0.538,0.063,-0.39,-0.227,0.475,0.501,-0.397,0.748,-0.443,0.76,-0.281,0.52,0.624,-0.056,-0.469,0.177,0.286,-0.431,0.111,-0.132,0.301,0.142,0.823,0.509,0.349,0.087,0.587,0.57,0.314,-0.082,0.251,-0.34,0.48,0.432,0.343,0.686,0.099,0.166,-0.26,0.085,0.734,0.348,-0.061,0.609,0.489,-0.103,-0.554,0.569,-0.058,0.764,0.564,0.598,0.795,0.476,0.328,0.544,0.162,0.373,0.237,0.628,0.702
GOOGL,0.37,0.414,0.737,0.475,0.235,0.086,0.301,-0.257,0.517,0.472,0.434,-0.193,0.278,-0.424,0.293,0.785,0.51,0.412,0.618,0.728,0.106,0.671,0.4,0.291,0.2,0.045,0.148,0.223,-0.217,-0.133,-0.046,0.988,1.0,0.21,0.314,0.307,0.126,-0.315,-0.282,0.526,0.064,-0.399,-0.253,0.456,0.506,-0.377,0.733,-0.458,0.768,-0.286,0.507,0.61,-0.051,-0.45,0.169,0.291,-0.448,0.098,-0.122,0.292,0.119,0.848,0.491,0.354,0.08,0.574,0.567,0.318,-0.095,0.228,-0.359,0.461,0.448,0.329,0.659,0.079,0.183,-0.238,0.068,0.712,0.368,-0.087,0.588,0.474,-0.092,-0.568,0.578,-0.069,0.766,0.544,0.613,0.804,0.469,0.348,0.569,0.181,0.358,0.263,0.617,0.708
GT,0.395,0.607,0.389,0.412,0.58,0.327,-0.154,0.171,0.413,0.096,-0.0,0.389,-0.026,-0.255,0.1,0.149,0.52,0.592,0.306,0.267,0.72,0.277,0.217,0.354,0.506,0.063,-0.374,0.741,0.012,0.334,0.191,0.218,0.21,1.0,0.488,0.649,0.32,0.375,0.355,0.352,0.207,0.215,0.481,0.424,0.68,-0.006,0.478,0.321,0.323,0.464,-0.004,0.37,0.393,0.164,0.487,0.393,0.106,-0.323,0.073,0.406,0.281,0.147,0.036,0.572,0.471,0.214,0.053,0.605,0.396,0.639,0.296,0.128,-0.214,0.261,0.476,0.59,0.717,0.205,0.63,0.304,0.135,0.643,0.279,0.225,0.496,-0.207,0.061,0.267,0.334,0.25,0.379,0.274,0.33,0.397,0.524,0.618,0.007,0.314,0.304,0.447
HBAN,0.752,0.686,0.729,0.732,0.705,0.583,-0.16,0.402,0.595,0.245,0.246,0.522,0.169,-0.282,0.175,0.287,0.74,0.742,0.539,0.568,0.672,0.209,0.539,0.633,0.878,0.526,-0.487,0.495,0.204,0.737,0.334,0.345,0.314,0.488,1.0,0.772,0.615,0.366,0.427,0.211,0.621,0.32,0.571,0.73,0.594,0.03,0.525,0.407,0.574,0.579,0.113,0.626,0.529,0.161,0.665,0.51,0.144,-0.403,0.504,0.588,-0.031,0.319,-0.18,0.602,0.519,0.125,0.184,0.741,0.124,0.739,0.457,0.447,-0.183,0.61,0.721,0.755,0.651,0.308,0.788,0.738,0.251,0.627,0.433,0.638,0.597,-0.2,0.394,0.652,0.501,0.448,0.559,0.56,0.604,0.786,0.4,0.498,0.285,0.51,0.35,0.598
HST,0.6,0.678,0.667,0.628,0.826,0.621,-0.211,0.34,0.533,0.208,0.138,0.507,0.183,-0.168,0.229,0.434,0.79,0.629,0.463,0.487,0.716,0.309,0.502,0.741,0.713,0.379,-0.499,0.543,0.229,0.61,0.412,0.326,0.307,0.649,0.772,1.0,0.615,0.423,0.373,0.242,0.48,0.376,0.705,0.669,0.653,0.093,0.526,0.354,0.606,0.559,0.064,0.533,0.554,0.195,0.741,0.551,0.142,-0.355,0.44,0.575,0.134,0.279,-0.11,0.599,0.625,0.182,0.135,0.801,0.168,0.816,0.512,0.262,-0.23,0.626,0.755,0.787,0.666,0.393,0.803,0.574,0.407,0.725,0.368,0.537,0.601,-0.263,0.243,0.615,0.488,0.396,0.599,0.551,0.481,0.748,0.431,0.455,0.199,0.608,0.504,0.541
INTC,0.478,0.56,0.546,0.479,0.695,0.92,-0.534,0.427,0.427,0.008,-0.109,0.573,0.014,-0.155,-0.141,0.21,0.557,0.46,0.22,0.218,0.566,-0.008,0.46,0.436,0.603,0.586,-0.552,0.471,0.277,0.426,0.229,0.133,0.126,0.32,0.615,0.615,1.0,0.476,0.521,-0.164,0.474,0.626,0.534,0.492,0.293,0.131,0.124,0.388,0.55,0.514,-0.237,0.393,0.679,0.406,0.68,0.136,0.248,-0.554,0.581,0.493,-0.222,0.051,-0.46,0.344,0.296,-0.21,-0.156,0.489,0.038,0.632,0.526,-0.039,-0.455,0.266,0.369,0.697,0.491,0.374,0.617,0.298,0.035,0.572,0.015,0.349,0.447,-0.176,-0.015,0.691,0.257,0.09,0.454,0.287,0.282,0.68,0.202,0.465,-0.095,0.361,0.27,0.197
IOVA,0.376,0.363,0.107,0.297,0.464,0.505,-0.586,0.499,0.25,-0.031,-0.157,0.754,-0.317,0.126,-0.201,-0.21,0.258,0.354,-0.061,-0.251,0.678,-0.118,0.288,0.171,0.497,0.2,-0.529,0.528,0.367,0.493,0.381,-0.349,-0.315,0.375,0.366,0.423,0.476,1.0,0.707,-0.252,0.383,0.553,0.602,0.286,0.333,0.561,-0.127,0.672,0.05,0.75,-0.376,0.13,0.681,0.702,0.566,0.146,0.484,-0.385,0.557,0.451,-0.178,-0.324,-0.628,0.369,0.362,-0.449,-0.315,0.4,0.287,0.539,0.634,-0.196,-0.569,0.178,0.061,0.59,0.637,0.724,0.638,-0.073,-0.066,0.629,-0.166,0.121,0.672,0.131,-0.208,0.647,-0.155,-0.129,0.188,-0.15,0.176,0.371,0.115,0.47,-0.148,0.336,-0.12,0.026
IQ,0.343,0.308,0.1,0.215,0.382,0.545,-0.555,0.367,0.189,-0.115,-0.052,0.873,-0.182,0.213,-0.234,-0.205,0.241,0.272,-0.049,-0.159,0.588,-0.238,0.256,0.14,0.455,0.396,-0.54,0.373,0.251,0.537,0.203,-0.284,-0.282,0.355,0.427,0.373,0.521,0.707,1.0,-0.064,0.546,0.607,0.543,0.224,0.231,0.487,-0.081,0.575,0.045,0.627,-0.343,0.063,0.564,0.587,0.4,0.263,0.363,-0.441,0.383,0.413,-0.087,-0.316,-0.463,0.317,0.243,-0.224,-0.282,0.361,0.51,0.433,0.478,-0.083,-0.553,0.132,0.044,0.487,0.48,0.581,0.564,0.003,-0.066,0.559,-0.187,0.068,0.473,0.345,-0.134,0.628,-0.116,-0.083,0.098,-0.105,0.168,0.453,0.006,0.324,-0.091,0.207,-0.033,0.021
JBLU,0.366,0.187,0.367,0.223,0.174,-0.257,0.41,-0.328,0.259,0.359,0.483,-0.05,0.186,-0.143,0.297,0.39,0.421,0.27,0.472,0.515,0.148,0.532,0.253,0.163,0.15,-0.13,0.091,0.145,-0.307,-0.064,-0.084,0.538,0.526,0.352,0.211,0.242,-0.164,-0.252,-0.064,1.0,0.155,-0.459,-0.109,0.286,0.55,-0.333,0.699,-0.426,0.285,-0.171,0.515,0.457,-0.317,-0.443,0.004,0.438,-0.386,0.165,-0.199,0.279,0.329,0.582,0.671,0.46,0.151,0.837,0.389,0.375,0.397,0.068,-0.311,0.472,0.381,0.203,0.439,-0.023,0.275,-0.236,0.099,0.459,0.198,0.017,0.506,0.367,-0.01,-0.177,0.475,-0.291,0.444,0.548,0.391,0.502,0.416,0.172,0.529,0.154,0.495,0.213,0.545,0.49
JD,0.662,0.385,0.431,0.548,0.395,0.447,-0.243,0.161,0.481,0.382,0.505,0.538,0.058,0.088,-0.093,0.134,0.505,0.473,0.342,0.32,0.401,0.101,0.664,0.494,0.598,0.71,-0.33,0.207,0.304,0.577,0.233,0.063,0.064,0.207,0.621,0.48,0.474,0.383,0.546,0.155,1.0,0.238,0.339,0.578,0.284,0.014,0.234,0.124,0.325,0.283,0.143,0.436,0.297,0.054,0.383,0.433,-0.066,-0.441,0.596,0.558,-0.098,0.192,-0.179,0.514,0.138,0.135,0.142,0.407,0.267,0.253,0.347,0.482,-0.17,0.295,0.363,0.308,0.398,0.2,0.413,0.478,-0.016,0.225,0.294,0.513,0.223,0.111,0.363,0.55,0.33,0.404,0.4,0.304,0.581,0.674,0.286,0.322,0.543,0.282,0.267,0.36
KDP,0.049,0.164,-0.013,0.046,0.358,0.711,-0.665,0.51,0.008,-0.456,-0.556,0.571,-0.16,0.182,-0.347,-0.257,0.188,0.053,-0.35,-0.34,0.431,-0.517,0.027,0.157,0.296,0.406,-0.632,0.217,0.393,0.449,0.158,-0.39,-0.399,0.215,0.32,0.376,0.626,0.553,0.607,-0.459,0.238,1.0,0.68,0.022,-0.097,0.474,-0.339,0.72,0.045,0.658,-0.656,-0.201,0.762,0.726,0.414,-0.139,0.59,-0.461,0.343,0.126,0.027,-0.494,-0.622,-0.048,0.216,-0.536,-0.595,0.164,0.23,0.453,0.618,-0.479,-0.757,0.0,-0.112,0.516,0.299,0.553,0.458,-0.196,-0.17,0.615,-0.462,-0.171,0.444,0.285,-0.498,0.713,-0.181,-0.439,-0.089,-0.252,-0.221,0.331,-0.332,0.283,-0.451,0.077,-0.165,-0.273
KHC,0.297,0.401,0.238,0.344,0.757,0.571,-0.467,0.551,0.259,-0.21,-0.294,0.598,-0.063,0.008,-0.053,-0.148,0.426,0.362,-0.036,-0.048,0.642,-0.216,0.22,0.526,0.52,0.234,-0.646,0.428,0.29,0.632,0.336,-0.227,-0.253,0.481,0.571,0.705,0.534,0.602,0.543,-0.109,0.339,0.68,1.0,0.328,0.291,0.384,0.065,0.747,0.152,0.786,-0.401,0.113,0.684,0.572,0.643,0.159,0.504,-0.473,0.518,0.404,0.016,-0.344,-0.486,0.333,0.569,-0.246,-0.33,0.506,0.285,0.727,0.819,-0.176,-0.619,0.329,0.275,0.774,0.521,0.58,0.764,0.066,0.101,0.843,-0.072,0.138,0.714,0.038,-0.277,0.64,-0.045,-0.137,0.16,0.01,0.074,0.423,-0.049,0.404,-0.14,0.324,0.104,0.081
LRCX,0.845,0.763,0.781,0.957,0.681,0.5,-0.155,0.175,0.839,0.537,0.587,0.352,0.016,-0.34,0.055,0.427,0.813,0.829,0.613,0.709,0.547,0.409,0.734,0.493,0.727,0.455,-0.306,0.51,-0.008,0.402,0.147,0.475,0.456,0.424,0.73,0.669,0.492,0.286,0.224,0.286,0.578,0.022,0.328,1.0,0.642,-0.133,0.575,0.159,0.69,0.33,0.312,0.82,0.349,-0.058,0.752,0.405,0.036,-0.255,0.549,0.769,-0.129,0.483,-0.012,0.603,0.325,0.219,0.395,0.561,0.098,0.557,0.345,0.541,0.01,0.482,0.721,0.613,0.509,0.117,0.614,0.707,0.186,0.409,0.647,0.69,0.382,-0.328,0.426,0.509,0.526,0.695,0.734,0.583,0.781,0.734,0.536,0.437,0.394,0.323,0.57,0.577
LYFT,0.608,0.68,0.6,0.608,0.59,0.223,0.098,0.081,0.649,0.379,0.293,0.316,0.142,-0.222,0.386,0.515,0.666,0.725,0.676,0.51,0.647,0.647,0.415,0.409,0.587,0.059,-0.227,0.664,-0.017,0.374,0.314,0.501,0.506,0.68,0.594,0.653,0.293,0.333,0.231,0.55,0.284,-0.097,0.291,0.642,1.0,-0.044,0.72,0.104,0.58,0.317,0.309,0.769,0.249,-0.007,0.615,0.6,-0.133,-0.195,0.256,0.59,0.111,0.51,0.171,0.727,0.47,0.422,0.387,0.753,0.178,0.642,0.151,0.501,0.168,0.529,0.746,0.564,0.692,0.216,0.637,0.588,0.442,0.517,0.595,0.58,0.49,-0.441,0.42,0.195,0.594,0.551,0.801,0.589,0.578,0.531,0.731,0.528,0.287,0.575,0.535,0.736
MARA,-0.094,-0.121,-0.254,-0.141,0.066,0.144,-0.439,0.266,-0.117,-0.312,-0.371,0.474,-0.266,0.455,-0.174,-0.287,-0.119,-0.114,-0.332,-0.48,0.227,-0.396,-0.145,-0.1,0.004,-0.099,-0.376,-0.005,0.166,0.292,0.105,-0.397,-0.377,-0.006,0.03,0.093,0.131,0.561,0.487,-0.333,0.014,0.474,0.384,-0.133,-0.044,1.0,-0.369,0.54,-0.191,0.405,-0.536,-0.164,0.454,0.85,0.244,-0.051,0.503,0.024,0.182,0.069,-0.064,-0.405,-0.476,-0.002,0.082,-0.506,-0.443,0.001,0.332,0.253,0.395,-0.341,-0.351,0.001,-0.245,0.234,0.073,0.911,0.243,-0.319,0.008,0.336,-0.365,-0.267,0.368,0.453,-0.264,0.38,-0.314,-0.32,-0.098,-0.349,-0.275,0.026,-0.38,-0.057,-0.267,0.014,-0.333,-0.263
MCHP,0.51,0.566,0.722,0.576,0.459,0.038,0.354,-0.194,0.526,0.486,0.534,0.044,0.357,-0.339,0.395,0.568,0.649,0.55,0.684,0.703,0.396,0.686,0.449,0.519,0.384,0.127,0.116,0.371,-0.181,0.121,0.084,0.748,0.733,0.478,0.525,0.526,0.124,-0.127,-0.081,0.699,0.234,-0.339,0.065,0.575,0.72,-0.369,1.0,-0.275,0.585,-0.027,0.652,0.729,-0.067,-0.409,0.319,0.573,-0.482,-0.067,0.075,0.397,0.23,0.717,0.582,0.607,0.348,0.768,0.645,0.645,0.116,0.42,-0.23,0.66,0.33,0.538,0.821,0.325,0.443,-0.163,0.416,0.803,0.458,0.231,0.772,0.589,0.189,-0.501,0.595,-0.004,0.615,0.688,0.668,0.825,0.603,0.431,0.666,0.336,0.486,0.397,0.655,0.818
MDLZ,0.136,0.293,-0.048,0.203,0.436,0.495,-0.475,0.626,0.134,-0.41,-0.472,0.533,-0.268,0.002,-0.185,-0.364,0.1,0.316,-0.207,-0.262,0.552,-0.47,-0.039,0.077,0.455,0.126,-0.568,0.325,0.328,0.589,0.244,-0.443,-0.458,0.321,0.407,0.354,0.388,0.672,0.575,-0.426,0.124,0.72,0.747,0.159,0.104,0.54,-0.275,1.0,-0.053,0.88,-0.564,-0.085,0.682,0.75,0.528,-0.101,0.771,-0.321,0.369,0.213,-0.14,-0.541,-0.736,0.073,0.436,-0.615,-0.461,0.227,0.175,0.569,0.736,-0.362,-0.638,0.136,-0.027,0.698,0.404,0.615,0.626,-0.18,-0.063,0.751,-0.267,-0.105,0.711,0.229,-0.447,0.617,-0.237,-0.398,-0.075,-0.345,-0.133,0.253,-0.275,0.327,-0.488,0.098,-0.301,-0.142
META,0.598,0.717,0.795,0.692,0.592,0.577,-0.078,0.085,0.759,0.393,0.289,0.158,0.17,-0.427,0.115,0.762,0.774,0.657,0.604,0.628,0.451,0.504,0.553,0.474,0.485,0.346,-0.192,0.447,0.023,0.2,0.08,0.76,0.768,0.323,0.574,0.606,0.55,0.05,0.045,0.285,0.325,0.045,0.152,0.69,0.58,-0.191,0.585,-0.053,1.0,0.122,0.233,0.678,0.352,-0.123,0.6,0.302,-0.142,-0.249,0.28,0.608,-0.077,0.663,0.106,0.475,0.3,0.301,0.401,0.502,-0.065,0.548,0.102,0.349,0.071,0.423,0.714,0.492,0.41,0.046,0.456,0.657,0.324,0.307,0.549,0.565,0.243,-0.52,0.41,0.362,0.791,0.492,0.78,0.676,0.568,0.668,0.486,0.411,0.223,0.356,0.723,0.676
MNST,0.363,0.444,0.199,0.368,0.59,0.572,-0.417,0.591,0.269,-0.244,-0.307,0.633,-0.204,-0.14,-0.074,-0.196,0.321,0.462,-0.013,-0.082,0.743,-0.221,0.146,0.257,0.663,0.194,-0.63,0.503,0.283,0.645,0.358,-0.281,-0.286,0.464,0.579,0.559,0.514,0.75,0.627,-0.171,0.283,0.658,0.786,0.33,0.317,0.405,-0.027,0.88,0.122,1.0,-0.393,0.123,0.673,0.642,0.638,0.131,0.664,-0.371,0.437,0.388,-0.087,-0.324,-0.625,0.249,0.588,-0.373,-0.335,0.547,0.245,0.69,0.729,-0.219,-0.619,0.294,0.185,0.807,0.69,0.563,0.789,0.042,-0.011,0.847,-0.1,0.107,0.849,0.065,-0.28,0.629,-0.061,-0.203,0.124,-0.105,0.069,0.458,-0.011,0.529,-0.331,0.336,-0.089,0.091
MRNA,0.196,0.235,0.339,0.281,-0.052,-0.313,0.641,-0.469,0.25,0.635,0.725,-0.324,0.303,-0.225,0.427,0.474,0.267,0.265,0.573,0.595,-0.093,0.593,0.363,0.254,0.013,0.062,0.447,-0.086,-0.2,-0.154,-0.009,0.52,0.507,-0.004,0.113,0.064,-0.237,-0.376,-0.343,0.515,0.143,-0.656,-0.401,0.312,0.309,-0.536,0.652,-0.564,0.233,-0.393,1.0,0.459,-0.531,-0.678,-0.133,0.383,-0.681,0.177,-0.027,0.13,0.092,0.672,0.612,0.352,-0.014,0.689,0.715,0.221,-0.102,-0.106,-0.525,0.703,0.592,0.41,0.538,-0.135,-0.033,-0.456,-0.037,0.627,0.318,-0.289,0.765,0.441,-0.217,-0.311,0.624,-0.336,0.391,0.629,0.376,0.517,0.452,0.072,0.48,-0.117,0.594,0.133,0.451,0.563
MRVL,0.749,0.664,0.733,0.775,0.57,0.272,0.061,-0.058,0.795,0.6,0.569,0.162,0.112,-0.314,0.218,0.554,0.704,0.744,0.75,0.698,0.46,0.63,0.633,0.413,0.596,0.29,-0.131,0.461,-0.108,0.272,0.129,0.624,0.61,0.37,0.626,0.533,0.393,0.13,0.063,0.457,0.436,-0.201,0.113,0.82,0.769,-0.164,0.729,-0.085,0.678,0.123,0.459,1.0,0.147,-0.134,0.662,0.495,-0.245,-0.2,0.407,0.689,-0.009,0.645,0.231,0.614,0.242,0.416,0.51,0.608,0.032,0.455,0.071,0.707,0.294,0.415,0.742,0.437,0.517,0.069,0.475,0.722,0.253,0.273,0.751,0.699,0.285,-0.508,0.587,0.202,0.656,0.717,0.88,0.689,0.748,0.581,0.682,0.483,0.462,0.386,0.627,0.725
MSFT,0.358,0.487,0.362,0.405,0.594,0.757,-0.743,0.507,0.349,-0.215,-0.359,0.666,-0.282,-0.054,-0.352,-0.052,0.416,0.382,-0.057,-0.081,0.663,-0.235,0.298,0.269,0.516,0.349,-0.686,0.542,0.372,0.434,0.137,-0.056,-0.051,0.393,0.529,0.554,0.679,0.681,0.564,-0.317,0.297,0.762,0.684,0.349,0.249,0.454,-0.067,0.682,0.352,0.673,-0.531,0.147,1.0,0.72,0.677,0.007,0.58,-0.454,0.429,0.438,-0.133,-0.205,-0.636,0.205,0.279,-0.484,-0.378,0.341,0.256,0.696,0.662,-0.328,-0.669,0.102,0.16,0.693,0.53,0.655,0.648,0.074,-0.121,0.689,-0.203,0.04,0.546,0.061,-0.278,0.845,0.058,-0.186,0.215,0.052,0.109,0.503,-0.025,0.458,-0.307,0.201,0.024,0.058
MSTR,-0.029,0.076,-0.143,-0.028,0.268,0.41,-0.683,0.395,-0.026,-0.458,-0.569,0.607,-0.408,0.268,-0.378,-0.399,-0.015,0.03,-0.363,-0.489,0.441,-0.511,-0.083,-0.083,0.177,0.061,-0.595,0.268,0.288,0.323,0.037,-0.469,-0.45,0.164,0.161,0.195,0.406,0.702,0.587,-0.443,0.054,0.726,0.572,-0.058,-0.007,0.85,-0.409,0.75,-0.123,0.642,-0.678,-0.134,0.72,1.0,0.425,-0.175,0.662,-0.253,0.314,0.156,-0.147,-0.513,-0.693,0.01,0.108,-0.664,-0.627,0.076,0.348,0.444,0.59,-0.507,-0.64,-0.09,-0.252,0.474,0.275,0.86,0.428,-0.355,-0.214,0.565,-0.457,-0.324,0.504,0.372,-0.469,0.541,-0.344,-0.457,-0.069,-0.393,-0.29,0.121,-0.338,0.228,-0.477,-0.024,-0.332,-0.291
MU,0.645,0.744,0.572,0.734,0.834,0.682,-0.457,0.409,0.724,0.162,0.059,0.517,-0.117,-0.207,-0.022,0.288,0.664,0.726,0.395,0.302,0.752,0.166,0.523,0.457,0.706,0.346,-0.551,0.608,0.176,0.499,0.266,0.177,0.169,0.487,0.665,0.741,0.68,0.566,0.4,0.004,0.383,0.414,0.643,0.752,0.615,0.244,0.319,0.528,0.6,0.638,-0.133,0.662,0.677,0.425,1.0,0.313,0.372,-0.381,0.636,0.752,-0.154,0.149,-0.36,0.477,0.5,-0.12,0.035,0.632,0.098,0.776,0.634,0.147,-0.282,0.365,0.516,0.813,0.657,0.516,0.782,0.349,0.167,0.721,0.3,0.438,0.682,-0.314,0.073,0.65,0.346,0.281,0.698,0.337,0.458,0.694,0.327,0.551,-0.014,0.391,0.427,0.408
MVIS,0.509,0.358,0.452,0.371,0.292,0.065,0.224,0.069,0.286,0.394,0.453,0.347,0.351,0.006,0.535,0.447,0.403,0.382,0.564,0.42,0.406,0.482,0.357,0.576,0.505,0.196,-0.044,0.302,0.209,0.496,0.488,0.286,0.291,0.393,0.51,0.551,0.136,0.146,0.263,0.438,0.433,-0.139,0.159,0.405,0.6,-0.051,0.573,-0.101,0.302,0.131,0.383,0.495,0.007,-0.175,0.313,1.0,-0.279,-0.127,0.2,0.319,0.208,0.456,0.25,0.516,0.5,0.454,0.499,0.733,0.057,0.332,0.027,0.633,0.234,0.596,0.608,0.252,0.478,0.155,0.426,0.564,0.547,0.222,0.454,0.646,0.335,-0.315,0.666,0.161,0.454,0.567,0.523,0.6,0.533,0.524,0.557,0.182,0.417,0.593,0.344,0.686
NFLX,0.082,0.046,-0.177,0.062,0.228,0.388,-0.534,0.532,0.014,-0.511,-0.49,0.35,-0.474,-0.045,-0.315,-0.395,-0.05,0.104,-0.365,-0.303,0.286,-0.577,-0.106,-0.151,0.279,-0.096,-0.597,0.14,0.205,0.28,0.017,-0.431,-0.448,0.106,0.144,0.142,0.248,0.484,0.363,-0.386,-0.066,0.59,0.504,0.036,-0.133,0.503,-0.482,0.771,-0.142,0.664,-0.681,-0.245,0.58,0.662,0.372,-0.279,1.0,0.099,0.191,0.141,-0.124,-0.543,-0.681,-0.12,0.256,-0.68,-0.623,-0.05,0.181,0.322,0.67,-0.585,-0.6,-0.123,-0.295,0.425,0.185,0.511,0.321,-0.396,-0.277,0.489,-0.517,-0.202,0.501,0.331,-0.495,0.474,-0.337,-0.469,-0.227,-0.458,-0.253,0.091,-0.405,0.109,-0.482,-0.076,-0.388,-0.393
NNDM,-0.274,-0.402,-0.268,-0.28,-0.442,-0.53,0.399,-0.331,-0.26,-0.087,0.112,-0.504,-0.053,0.016,0.235,0.099,-0.364,-0.31,-0.004,0.033,-0.49,0.001,-0.264,-0.317,-0.341,-0.549,0.298,-0.523,-0.353,-0.333,-0.205,0.111,0.098,-0.323,-0.403,-0.355,-0.554,-0.385,-0.441,0.165,-0.441,-0.461,-0.473,-0.255,-0.195,0.024,-0.067,-0.321,-0.249,-0.371,0.177,-0.2,-0.454,-0.253,-0.381,-0.127,0.099,1.0,-0.417,-0.313,0.161,0.124,0.333,-0.2,-0.12,0.106,0.077,-0.37,-0.086,-0.397,-0.413,-0.03,0.448,-0.052,-0.211,-0.453,-0.456,-0.138,-0.469,-0.144,0.131,-0.438,-0.09,-0.134,-0.323,0.137,0.125,-0.433,-0.119,0.035,-0.191,-0.096,-0.281,-0.392,-0.181,-0.522,0.135,-0.173,-0.196,-0.172
NVAX,0.485,0.444,0.342,0.58,0.579,0.55,-0.428,0.35,0.474,0.17,0.174,0.493,-0.068,-0.056,-0.059,0.015,0.408,0.448,0.169,0.129,0.419,-0.018,0.632,0.514,0.532,0.464,-0.457,0.313,0.331,0.548,0.315,-0.132,-0.122,0.073,0.504,0.44,0.581,0.557,0.383,-0.199,0.596,0.343,0.518,0.549,0.256,0.182,0.075,0.369,0.28,0.437,-0.027,0.407,0.429,0.314,0.636,0.2,0.191,-0.417,1.0,0.552,-0.378,-0.09,-0.462,0.488,0.305,-0.23,-0.058,0.376,-0.08,0.458,0.589,0.176,-0.326,0.334,0.278,0.525,0.341,0.416,0.544,0.229,0.043,0.401,0.101,0.425,0.476,-0.163,0.033,0.539,0.009,0.141,0.451,0.155,0.357,0.501,0.116,0.281,0.272,0.329,0.175,0.208
NVDA,0.757,0.723,0.57,0.736,0.708,0.518,-0.404,0.197,0.86,0.523,0.398,0.457,-0.249,-0.275,-0.148,0.305,0.704,0.739,0.474,0.387,0.617,0.247,0.761,0.408,0.573,0.368,-0.475,0.529,0.008,0.335,0.098,0.301,0.292,0.406,0.588,0.575,0.493,0.451,0.413,0.279,0.558,0.126,0.404,0.769,0.59,0.069,0.397,0.213,0.608,0.388,0.13,0.689,0.438,0.156,0.752,0.319,0.141,-0.313,0.552,1.0,-0.135,0.301,-0.143,0.612,0.312,0.105,0.151,0.455,0.283,0.565,0.49,0.306,-0.204,0.274,0.489,0.577,0.53,0.31,0.631,0.419,0.012,0.488,0.45,0.534,0.467,-0.25,0.235,0.486,0.41,0.413,0.715,0.353,0.706,0.569,0.47,0.442,0.343,0.209,0.565,0.497
NWL,-0.073,-0.138,-0.084,-0.17,-0.131,-0.206,0.253,-0.057,-0.076,0.064,-0.003,-0.155,0.145,0.148,0.171,0.186,0.071,-0.1,0.084,0.009,-0.045,0.12,-0.136,0.095,-0.082,-0.208,0.013,-0.075,-0.199,-0.002,0.082,0.142,0.119,0.281,-0.031,0.134,-0.222,-0.178,-0.087,0.329,-0.098,0.027,0.016,-0.129,0.111,-0.064,0.23,-0.14,-0.077,-0.087,0.092,-0.009,-0.133,-0.147,-0.154,0.208,-0.124,0.161,-0.378,-0.135,1.0,0.124,0.441,0.041,0.114,0.345,0.058,0.125,0.216,-0.057,-0.13,0.13,0.105,0.036,0.066,-0.148,0.068,-0.085,-0.079,0.046,0.115,0.037,0.066,0.048,-0.045,0.001,0.17,-0.177,0.23,0.048,-0.009,0.077,-0.064,-0.111,0.136,0.021,0.055,0.06,0.079,0.142
OCGN,0.422,0.377,0.678,0.432,0.117,-0.06,0.436,-0.265,0.474,0.614,0.601,-0.225,0.333,-0.253,0.387,0.79,0.509,0.425,0.748,0.74,0.07,0.688,0.435,0.336,0.231,0.148,0.232,0.108,-0.187,-0.082,0.034,0.823,0.848,0.147,0.319,0.279,0.051,-0.324,-0.316,0.582,0.192,-0.494,-0.344,0.483,0.51,-0.405,0.717,-0.541,0.663,-0.324,0.672,0.645,-0.205,-0.513,0.149,0.456,-0.543,0.124,-0.09,0.301,0.124,1.0,0.534,0.414,0.066,0.658,0.675,0.378,-0.112,0.103,-0.394,0.64,0.594,0.411,0.636,0.008,0.168,-0.254,0.059,0.744,0.422,-0.166,0.717,0.572,-0.108,-0.487,0.776,-0.114,0.797,0.737,0.678,0.777,0.555,0.42,0.645,0.097,0.494,0.291,0.613,0.722
ON,-0.05,-0.124,0.112,-0.064,-0.246,-0.519,0.611,-0.586,0.016,0.361,0.489,-0.471,0.362,-0.062,0.341,0.373,0.129,-0.101,0.345,0.38,-0.325,0.514,-0.041,0.005,-0.291,-0.21,0.484,-0.186,-0.484,-0.375,-0.198,0.509,0.491,0.036,-0.18,-0.11,-0.46,-0.628,-0.463,0.671,-0.179,-0.622,-0.486,-0.012,0.171,-0.476,0.582,-0.736,0.106,-0.625,0.612,0.231,-0.636,-0.693,-0.36,0.25,-0.681,0.333,-0.462,-0.143,0.441,0.534,1.0,0.081,-0.139,0.802,0.526,0.003,0.081,-0.324,-0.704,0.508,0.637,0.042,0.257,-0.439,-0.198,-0.531,-0.358,0.314,0.246,-0.419,0.489,0.141,-0.464,-0.204,0.466,-0.557,0.345,0.528,0.154,0.435,0.174,-0.192,0.364,-0.132,0.415,-0.017,0.426,0.307
OPK,0.622,0.629,0.525,0.565,0.589,0.256,-0.001,0.148,0.585,0.394,0.399,0.411,0.059,-0.207,0.251,0.387,0.649,0.678,0.58,0.466,0.575,0.454,0.594,0.562,0.539,0.15,-0.309,0.501,0.053,0.407,0.215,0.349,0.354,0.572,0.602,0.599,0.344,0.369,0.317,0.46,0.514,-0.048,0.333,0.603,0.727,-0.002,0.607,0.073,0.475,0.249,0.352,0.614,0.205,0.01,0.477,0.516,-0.12,-0.2,0.488,0.612,0.041,0.414,0.081,1.0,0.448,0.317,0.293,0.602,0.26,0.557,0.26,0.489,0.023,0.529,0.628,0.498,0.538,0.277,0.62,0.531,0.333,0.425,0.505,0.641,0.455,-0.241,0.485,0.242,0.455,0.541,0.691,0.444,0.613,0.489,0.605,0.355,0.534,0.425,0.482,0.63
