,AAL,AAPL,AGNC,AMAT,AMD,AMZN,APA,ARDX,AVGO,AZN,BIDU,BILI,BKR,CAN,CHRD,CMCSA,CPRT,CRWD,CSCO,CSX,DKNG,EBAY,ERIC,EXC,FITB,FLEX,FTNT,GEN,GERN,GEVO,GILD,GOOG,GOOGL,GT,HBAN,HST,INTC,IOVA,IQ,JBLU,JD,KDP,KHC,LRCX,LYFT,MARA,MCHP,MDLZ,META,MNST,MRNA,MRVL,MSFT,MSTR,MU,MVIS,NFLX,NNDM,NVAX,NVDA,NWL,OCGN,ON,OPK,PAA,PACB,PANW,PARA,PDD,PENN,PEP,PLUG,PTEN,PTON,PYPL,QCOM,QVCGA,RIOT,ROKU,RUN,SABR,SBUX,SMCI,SNDL,STNE,TCOM,TLRY,TMUS,TSCO,TSLA,TTD,TXN,UAL,VOD,VTRS,VXRT,WBA,WBD,WDC,ZM
AAL,1.0,0.631,0.695,0.741,0.59,0.511,-0.236,0.338,0.629,0.427,0.48,0.513,-0.085,-0.284,-0.023,0.308,0.688,0.733,0.48,0.603,0.623,0.333,0.72,0.449,0.805,0.425,-0.377,0.528,0.082,0.471,0.142,0.363,0.351,0.441,0.772,0.636,0.496,0.424,0.383,0.286,0.647,0.155,0.379,0.799,0.598,-0.005,0.502,0.269,0.596,0.468,0.097,0.717,0.421,0.086,0.637,0.468,0.192,-0.322,0.404,0.728,-0.062,0.367,-0.121,0.576,0.374,0.148,0.288,0.627,0.22,0.511,0.445,0.154,-0.135,0.348,0.63,0.531,0.669,0.229,0.626,0.588,0.032,0.468,0.484,0.69,0.442,-0.214,0.39,0.556,0.527,0.576,0.457,0.489,0.893,0.708,0.529,0.529,0.346,0.323,0.469,0.492
AAPL,0.631,1.0,0.625,0.799,0.765,0.64,-0.334,0.157,0.806,0.151,0.042,0.393,-0.141,-0.571,-0.073,0.298,0.764,0.884,0.447,0.454,0.841,0.241,0.515,0.418,0.64,0.329,-0.318,0.786,0.046,0.334,-0.062,0.35,0.334,0.655,0.664,0.662,0.591,0.378,0.29,-0.004,0.308,0.306,0.509,0.78,0.647,0.004,0.515,0.492,0.714,0.577,-0.002,0.687,0.604,0.265,0.774,0.229,0.234,-0.524,0.309,0.729,-0.185,0.204,-0.266,0.503,0.473,-0.058,0.34,0.607,0.129,0.786,0.451,-0.113,-0.325,0.279,0.628,0.812,0.701,0.203,0.809,0.429,0.054,0.74,0.51,0.375,0.575,-0.408,-0.012,0.515,0.467,0.302,0.341,0.345,0.576,0.576,0.447,0.588,-0.122,0.181,0.542,0.551
AGNC,0.695,0.625,1.0,0.752,0.629,0.508,-0.08,0.199,0.596,0.384,0.367,0.292,0.167,-0.4,0.149,0.552,0.674,0.651,0.595,0.769,0.508,0.469,0.674,0.582,0.665,0.395,-0.275,0.492,0.033,0.339,0.16,0.709,0.711,0.435,0.756,0.698,0.563,0.155,0.125,0.276,0.429,0.095,0.344,0.739,0.587,-0.179,0.703,0.096,0.79,0.318,0.226,0.703,0.442,-0.023,0.571,0.399,-0.057,-0.34,0.269,0.544,-0.074,0.608,0.021,0.479,0.404,0.257,0.377,0.657,0.012,0.622,0.245,0.18,-0.041,0.476,0.782,0.561,0.544,0.093,0.562,0.777,0.257,0.41,0.559,0.6,0.364,-0.522,0.403,0.485,0.655,0.553,0.495,0.821,0.665,0.697,0.582,0.46,0.226,0.434,0.597,0.694
AMAT,0.741,0.799,0.752,1.0,0.717,0.582,-0.335,0.197,0.858,0.297,0.311,0.372,-0.066,-0.5,-0.102,0.267,0.809,0.848,0.43,0.606,0.645,0.246,0.668,0.403,0.709,0.422,-0.424,0.652,-0.032,0.389,-0.006,0.411,0.398,0.498,0.711,0.639,0.536,0.335,0.222,0.03,0.417,0.218,0.464,0.96,0.596,0.027,0.524,0.432,0.696,0.531,0.032,0.784,0.571,0.21,0.791,0.249,0.279,-0.412,0.406,0.741,-0.207,0.266,-0.219,0.418,0.332,-0.02,0.322,0.539,0.148,0.663,0.501,-0.015,-0.203,0.261,0.632,0.734,0.598,0.195,0.664,0.559,0.015,0.568,0.543,0.47,0.552,-0.33,0.108,0.601,0.451,0.445,0.344,0.504,0.665,0.665,0.428,0.551,0.035,0.218,0.497,0.517
AMD,0.59,0.765,0.629,0.717,1.0,0.688,-0.475,0.324,0.686,0.055,-0.054,0.492,-0.083,-0.381,-0.112,0.187,0.756,0.695,0.315,0.391,0.762,0.145,0.549,0.532,0.629,0.317,-0.562,0.657,0.073,0.452,0.047,0.234,0.2,0.612,0.678,0.802,0.706,0.454,0.355,0.041,0.33,0.438,0.807,0.721,0.581,0.14,0.459,0.558,0.609,0.66,-0.207,0.627,0.655,0.387,0.838,0.192,0.344,-0.522,0.483,0.733,-0.18,0.007,-0.326,0.509,0.497,-0.054,0.045,0.619,0.206,0.837,0.7,-0.138,-0.431,0.269,0.581,0.856,0.653,0.373,0.806,0.339,0.073,0.804,0.316,0.367,0.687,-0.327,-0.117,0.591,0.277,0.215,0.337,0.366,0.489,0.552,0.317,0.568,-0.027,0.3,0.558,0.379
AMZN,0.511,0.64,0.508,0.582,0.688,1.0,-0.64,0.426,0.527,-0.095,-0.19,0.582,-0.139,-0.286,-0.308,0.153,0.578,0.52,0.065,0.182,0.612,-0.121,0.522,0.368,0.565,0.59,-0.609,0.504,0.243,0.406,0.04,0.115,0.094,0.352,0.592,0.627,0.922,0.501,0.531,-0.321,0.461,0.753,0.603,0.568,0.233,0.167,0.071,0.566,0.623,0.61,-0.405,0.355,0.775,0.462,0.692,0.011,0.451,-0.563,0.504,0.582,-0.244,-0.107,-0.553,0.23,0.298,-0.349,-0.181,0.401,0.105,0.672,0.632,-0.267,-0.629,0.144,0.349,0.714,0.492,0.348,0.639,0.196,-0.115,0.648,-0.008,0.232,0.526,-0.117,-0.235,0.798,0.227,-0.035,0.164,0.175,0.327,0.633,0.074,0.486,-0.235,0.198,0.316,0.132
APA,-0.236,-0.334,-0.08,-0.335,-0.475,-0.64,1.0,-0.24,-0.375,0.304,0.406,-0.58,0.53,0.124,0.744,0.363,-0.341,-0.191,0.368,0.274,-0.449,0.468,-0.292,0.033,-0.203,-0.354,0.642,-0.458,-0.144,-0.12,0.306,0.293,0.288,-0.183,-0.176,-0.215,-0.565,-0.54,-0.486,0.481,-0.242,-0.694,-0.505,-0.292,0.047,-0.457,0.32,-0.552,-0.173,-0.456,0.798,-0.089,-0.773,-0.726,-0.516,0.28,-0.602,0.482,-0.383,-0.497,0.313,0.495,0.655,0.024,0.116,0.61,0.496,0.035,-0.311,-0.379,-0.657,0.472,0.759,0.395,0.223,-0.411,-0.295,-0.471,-0.343,0.308,0.541,-0.438,0.403,0.211,-0.382,-0.17,0.545,-0.639,0.244,0.344,0.143,0.257,-0.082,-0.219,0.226,-0.368,0.339,0.232,0.006,0.294
ARDX,0.338,0.157,0.199,0.197,0.324,0.426,-0.24,1.0,0.061,0.004,-0.103,0.477,-0.017,0.06,-0.017,0.004,0.132,0.217,0.073,-0.047,0.29,-0.147,0.245,0.347,0.468,0.218,-0.4,0.108,0.334,0.521,0.501,-0.18,-0.183,0.097,0.424,0.341,0.391,0.489,0.379,-0.216,0.29,0.41,0.475,0.207,0.114,0.139,-0.095,0.492,0.108,0.488,-0.292,0.001,0.363,0.228,0.334,0.156,0.386,-0.218,0.543,0.229,-0.077,-0.141,-0.497,0.301,0.487,-0.33,-0.198,0.273,-0.12,0.334,0.639,0.037,-0.392,0.301,0.102,0.386,0.257,0.352,0.416,0.084,0.086,0.357,-0.135,0.448,0.527,-0.039,0.133,0.501,0.01,-0.026,0.253,0.017,0.202,0.392,-0.025,0.132,-0.043,0.358,-0.076,0.067
AVGO,0.629,0.806,0.596,0.858,0.686,0.527,-0.375,0.061,1.0,0.339,0.223,0.236,-0.138,-0.492,-0.13,0.362,0.846,0.819,0.493,0.502,0.591,0.286,0.616,0.272,0.53,0.294,-0.426,0.659,-0.129,0.24,-0.111,0.431,0.42,0.491,0.541,0.519,0.493,0.265,0.169,0.05,0.301,0.166,0.356,0.848,0.639,0.05,0.48,0.334,0.735,0.408,0.006,0.815,0.513,0.216,0.769,0.162,0.207,-0.408,0.296,0.839,-0.135,0.285,-0.135,0.433,0.229,-0.005,0.31,0.42,0.135,0.597,0.449,-0.01,-0.123,0.126,0.514,0.639,0.534,0.181,0.559,0.407,-0.004,0.51,0.519,0.42,0.54,-0.399,0.067,0.45,0.549,0.38,0.41,0.402,0.613,0.527,0.474,0.538,0.004,0.133,0.609,0.521
AZN,0.427,0.151,0.384,0.297,0.055,-0.095,0.304,0.004,0.339,1.0,0.757,-0.124,0.196,0.011,0.253,0.461,0.282,0.309,0.567,0.484,-0.033,0.572,0.495,0.352,0.215,0.179,0.194,0.037,-0.045,0.133,0.363,0.415,0.428,0.103,0.229,0.196,-0.061,-0.023,-0.126,0.351,0.376,-0.408,-0.149,0.364,0.338,-0.25,0.409,-0.341,0.3,-0.189,0.581,0.448,-0.219,-0.432,0.063,0.397,-0.469,-0.093,0.112,0.349,0.167,0.589,0.321,0.364,0.103,0.407,0.538,0.223,-0.127,-0.051,-0.057,0.553,0.425,0.321,0.456,-0.065,0.101,-0.126,0.017,0.538,0.272,-0.161,0.643,0.584,-0.067,-0.34,0.623,-0.029,0.536,0.638,0.493,0.47,0.634,0.248,0.594,0.087,0.542,0.258,0.434,0.536
BIDU,0.48,0.042,0.367,0.311,-0.054,-0.19,0.406,-0.103,0.223,0.757,1.0,-0.07,0.209,0.108,0.267,0.39,0.227,0.273,0.566,0.596,-0.074,0.473,0.452,0.24,0.245,0.208,0.269,-0.104,-0.057,0.145,0.214,0.411,0.405,0.041,0.249,0.158,-0.178,-0.146,-0.04,0.504,0.514,-0.502,-0.23,0.398,0.264,-0.285,0.466,-0.406,0.202,-0.248,0.682,0.4,-0.358,-0.536,-0.037,0.496,-0.465,0.082,0.036,0.203,0.137,0.605,0.481,0.34,0.029,0.565,0.612,0.206,0.031,-0.165,-0.208,0.566,0.494,0.359,0.431,-0.177,0.035,-0.206,-0.063,0.602,0.241,-0.271,0.637,0.563,-0.221,-0.102,0.725,-0.044,0.486,0.799,0.373,0.483,0.638,0.303,0.47,-0.013,0.721,0.197,0.363,0.47
BILI,0.513,0.393,0.292,0.372,0.492,0.582,-0.58,0.477,0.236,-0.124,-0.07,1.0,-0.174,0.089,-0.253,-0.195,0.369,0.333,-0.071,-0.087,0.682,-0.148,0.391,0.284,0.535,0.412,-0.581,0.511,0.301,0.536,0.147,-0.225,-0.209,0.395,0.538,0.51,0.567,0.763,0.871,-0.095,0.573,0.623,0.644,0.369,0.305,0.513,0.04,0.614,0.182,0.68,-0.436,0.187,0.659,0.642,0.497,0.307,0.415,-0.523,0.484,0.471,-0.171,-0.277,-0.516,0.404,0.312,-0.27,-0.257,0.488,0.454,0.569,0.604,-0.164,-0.638,0.19,0.168,0.577,0.58,0.646,0.678,0.066,-0.078,0.623,-0.119,0.168,0.558,0.251,-0.084,0.712,-0.1,-0.006,0.109,0.031,0.339,0.544,0.074,0.402,-0.078,0.256,0.076,0.095
BKR,-0.085,-0.141,0.167,-0.066,-0.083,-0.139,0.53,-0.017,-0.138,0.196,0.209,-0.174,1.0,0.107,0.653,0.333,0.023,-0.129,0.257,0.263,-0.261,0.423,-0.094,0.411,0.053,0.198,0.246,-0.214,-0.061,0.189,0.473,0.233,0.256,-0.048,0.128,0.138,-0.032,-0.337,-0.199,0.209,0.029,-0.186,-0.076,-0.055,0.126,-0.277,0.327,-0.299,0.105,-0.225,0.343,0.057,-0.299,-0.43,-0.166,0.359,-0.501,-0.024,-0.054,-0.318,0.168,0.338,0.366,0.062,0.189,0.445,0.331,0.269,-0.345,-0.08,-0.303,0.448,0.531,0.382,0.346,-0.049,-0.104,-0.234,-0.097,0.383,0.679,-0.157,0.247,0.277,0.007,-0.176,0.378,-0.159,0.273,0.31,0.22,0.531,0.003,0.287,0.246,-0.11,0.212,0.516,0.154,0.285
CAN,-0.284,-0.571,-0.4,-0.5,-0.381,-0.286,0.124,0.06,-0.492,0.011,0.108,0.089,0.107,1.0,0.035,-0.119,-0.377,-0.515,-0.14,-0.392,-0.351,-0.173,-0.227,-0.147,-0.312,0.007,0.187,-0.513,0.321,0.071,0.251,-0.359,-0.352,-0.323,-0.302,-0.215,-0.245,0.051,0.154,0.051,0.139,0.023,-0.104,-0.416,-0.215,0.316,-0.297,-0.189,-0.453,-0.281,-0.035,-0.362,-0.243,0.045,-0.321,0.098,-0.219,0.181,0.08,-0.362,0.203,-0.11,0.078,-0.094,-0.246,0.081,-0.171,-0.233,0.033,-0.346,-0.15,0.288,0.131,0.09,-0.328,-0.418,-0.383,0.265,-0.333,-0.189,0.139,-0.312,-0.28,-0.097,-0.28,0.437,0.115,-0.07,-0.247,0.013,0.018,-0.19,-0.274,-0.139,-0.258,-0.388,0.242,0.058,-0.265,-0.252
CHRD,-0.023,-0.073,0.149,-0.102,-0.112,-0.308,0.744,-0.017,-0.13,0.253,0.267,-0.253,0.653,0.035,1.0,0.518,-0.078,0.01,0.505,0.349,-0.145,0.572,-0.047,0.391,0.132,-0.246,0.285,-0.141,-0.023,0.263,0.607,0.284,0.295,0.056,0.132,0.183,-0.205,-0.211,-0.229,0.357,-0.107,-0.403,-0.112,-0.062,0.344,-0.213,0.39,-0.27,0.034,-0.139,0.559,0.117,-0.421,-0.448,-0.124,0.56,-0.393,0.31,-0.018,-0.245,0.216,0.439,0.395,0.281,0.492,0.426,0.425,0.415,-0.407,0.025,-0.295,0.461,0.648,0.672,0.444,-0.068,0.018,-0.093,0.017,0.402,0.821,-0.104,0.321,0.432,0.056,-0.386,0.537,-0.319,0.332,0.384,0.365,0.464,0.042,0.122,0.4,-0.227,0.325,0.637,0.104,0.458
CMCSA,0.308,0.298,0.552,0.267,0.187,0.153,0.363,0.004,0.362,0.461,0.39,-0.195,0.333,-0.119,0.518,1.0,0.366,0.332,0.718,0.61,0.085,0.672,0.332,0.401,0.229,0.004,0.139,0.059,0.008,0.122,0.287,0.758,0.772,0.145,0.271,0.417,0.172,-0.204,-0.21,0.372,0.128,-0.236,-0.119,0.317,0.485,-0.26,0.54,-0.335,0.699,-0.167,0.48,0.462,-0.049,-0.379,0.218,0.44,-0.368,0.101,-0.023,0.2,0.234,0.781,0.351,0.367,0.331,0.44,0.591,0.398,-0.294,0.193,-0.173,0.405,0.46,0.496,0.617,0.066,0.145,-0.074,0.097,0.589,0.583,-0.025,0.528,0.594,0.066,-0.582,0.603,-0.009,0.859,0.538,0.588,0.66,0.376,0.383,0.501,0.041,0.319,0.454,0.61,0.67
CPRT,0.688,0.764,0.674,0.809,0.756,0.578,-0.341,0.132,0.846,0.282,0.227,0.369,0.023,-0.377,-0.078,0.366,1.0,0.702,0.439,0.555,0.645,0.345,0.613,0.431,0.56,0.37,-0.458,0.658,0.002,0.321,-0.055,0.427,0.407,0.551,0.652,0.692,0.573,0.264,0.191,0.189,0.391,0.261,0.481,0.837,0.674,0.003,0.596,0.262,0.732,0.419,0.048,0.774,0.524,0.171,0.69,0.278,0.096,-0.491,0.33,0.714,-0.043,0.306,-0.045,0.548,0.288,0.16,0.28,0.571,0.209,0.673,0.438,0.117,-0.212,0.291,0.634,0.695,0.598,0.183,0.66,0.54,0.061,0.588,0.507,0.555,0.594,-0.334,0.118,0.537,0.539,0.485,0.478,0.517,0.671,0.647,0.441,0.524,0.154,0.299,0.646,0.497
CRWD,0.733,0.884,0.651,0.848,0.695,0.52,-0.191,0.217,0.819,0.309,0.273,0.333,-0.129,-0.515,0.01,0.332,0.702,1.0,0.6,0.568,0.743,0.324,0.574,0.413,0.767,0.33,-0.337,0.697,-0.024,0.446,0.05,0.396,0.378,0.628,0.739,0.639,0.495,0.382,0.286,0.128,0.429,0.162,0.437,0.838,0.696,-0.02,0.545,0.457,0.671,0.562,0.133,0.759,0.472,0.178,0.747,0.289,0.238,-0.386,0.343,0.76,-0.137,0.32,-0.191,0.59,0.468,0.031,0.399,0.613,0.174,0.683,0.46,-0.02,-0.148,0.31,0.67,0.722,0.694,0.183,0.723,0.545,0.072,0.621,0.62,0.468,0.521,-0.338,0.196,0.461,0.56,0.455,0.387,0.393,0.648,0.578,0.571,0.606,0.057,0.238,0.517,0.624
CSCO,0.48,0.447,0.595,0.43,0.315,0.065,0.368,0.073,0.493,0.567,0.566,-0.071,0.257,-0.14,0.505,0.718,0.439,0.6,1.0,0.711,0.256,0.638,0.403,0.438,0.532,0.135,0.085,0.239,-0.001,0.353,0.331,0.61,0.596,0.314,0.519,0.448,0.177,-0.056,-0.061,0.452,0.327,-0.316,0.008,0.493,0.657,-0.297,0.659,-0.156,0.537,0.033,0.555,0.655,-0.052,-0.33,0.321,0.562,-0.326,-0.009,0.133,0.352,0.139,0.73,0.311,0.568,0.403,0.44,0.669,0.539,-0.181,0.301,-0.02,0.514,0.467,0.545,0.678,0.228,0.32,-0.058,0.282,0.728,0.474,0.107,0.703,0.696,0.176,-0.526,0.715,0.041,0.803,0.77,0.652,0.681,0.527,0.451,0.725,0.19,0.425,0.486,0.518,0.797
CSX,0.603,0.454,0.769,0.606,0.391,0.182,0.274,-0.047,0.502,0.484,0.596,-0.087,0.263,-0.392,0.349,0.61,0.555,0.568,0.711,1.0,0.182,0.553,0.532,0.444,0.534,0.229,-0.029,0.229,-0.137,0.238,0.06,0.741,0.713,0.313,0.59,0.51,0.228,-0.226,-0.157,0.44,0.324,-0.261,0.043,0.66,0.501,-0.428,0.693,-0.152,0.618,0.018,0.525,0.658,-0.0,-0.398,0.304,0.38,-0.207,-0.029,0.053,0.341,0.037,0.684,0.309,0.42,0.255,0.458,0.549,0.443,-0.138,0.319,-0.008,0.337,0.348,0.479,0.757,0.286,0.256,-0.246,0.27,0.791,0.31,0.109,0.665,0.64,0.092,-0.468,0.563,0.134,0.714,0.715,0.453,0.75,0.67,0.493,0.579,0.221,0.459,0.303,0.571,0.613
DKNG,0.623,0.841,0.508,0.645,0.762,0.612,-0.449,0.29,0.591,-0.033,-0.074,0.682,-0.261,-0.351,-0.145,0.085,0.645,0.743,0.256,0.182,1.0,0.128,0.454,0.374,0.671,0.277,-0.456,0.798,0.193,0.455,0.031,0.115,0.108,0.717,0.67,0.704,0.582,0.658,0.559,0.05,0.4,0.466,0.671,0.617,0.643,0.244,0.437,0.619,0.497,0.776,-0.168,0.548,0.678,0.493,0.759,0.332,0.343,-0.541,0.385,0.675,-0.113,0.01,-0.367,0.549,0.54,-0.071,0.087,0.73,0.377,0.827,0.537,-0.17,-0.535,0.266,0.491,0.809,0.889,0.455,0.901,0.3,-0.046,0.85,0.295,0.275,0.685,-0.197,-0.088,0.594,0.248,0.153,0.28,0.211,0.481,0.572,0.34,0.673,-0.101,0.269,0.355,0.451
EBAY,0.333,0.241,0.469,0.246,0.145,-0.121,0.468,-0.147,0.286,0.572,0.473,-0.148,0.423,-0.173,0.572,0.672,0.345,0.324,0.638,0.553,0.128,1.0,0.249,0.319,0.227,-0.1,0.231,0.297,-0.147,0.011,0.361,0.638,0.66,0.3,0.203,0.312,-0.031,-0.108,-0.238,0.504,0.032,-0.476,-0.172,0.298,0.623,-0.345,0.656,-0.415,0.448,-0.166,0.585,0.541,-0.201,-0.456,0.123,0.475,-0.531,-0.025,-0.106,0.144,0.176,0.674,0.485,0.412,0.26,0.581,0.622,0.526,-0.167,0.143,-0.283,0.445,0.585,0.381,0.656,0.038,0.351,-0.2,0.106,0.563,0.511,-0.031,0.635,0.527,0.036,-0.561,0.549,-0.198,0.642,0.617,0.523,0.662,0.476,0.273,0.728,0.204,0.359,0.576,0.54,0.646
ERIC,0.72,0.515,0.674,0.668,0.549,0.522,-0.292,0.245,0.616,0.495,0.452,0.391,-0.094,-0.227,-0.047,0.332,0.613,0.574,0.403,0.532,0.454,0.249,1.0,0.552,0.593,0.486,-0.436,0.369,0.112,0.388,0.194,0.324,0.34,0.32,0.613,0.59,0.516,0.391,0.33,0.153,0.685,0.216,0.402,0.689,0.421,0.009,0.394,0.198,0.556,0.35,0.154,0.583,0.435,0.103,0.559,0.323,0.087,-0.385,0.558,0.727,-0.101,0.332,-0.187,0.544,0.301,0.066,0.111,0.468,0.136,0.462,0.45,0.114,-0.167,0.311,0.522,0.439,0.486,0.278,0.516,0.488,0.025,0.375,0.344,0.557,0.353,-0.275,0.253,0.56,0.438,0.357,0.397,0.476,0.713,0.645,0.421,0.382,0.413,0.317,0.467,0.447
EXC,0.449,0.418,0.582,0.403,0.532,0.368,0.033,0.347,0.272,0.352,0.24,0.284,0.411,-0.147,0.391,0.401,0.431,0.413,0.438,0.444,0.374,0.319,0.552,1.0,0.577,0.409,-0.243,0.26,0.184,0.58,0.512,0.257,0.267,0.367,0.643,0.753,0.412,0.208,0.18,0.139,0.488,0.226,0.579,0.401,0.378,-0.04,0.486,0.163,0.432,0.322,0.203,0.339,0.274,-0.029,0.398,0.566,-0.084,-0.314,0.47,0.336,0.137,0.314,-0.032,0.53,0.633,0.214,0.275,0.681,-0.049,0.501,0.392,0.255,-0.045,0.6,0.69,0.457,0.4,0.236,0.551,0.574,0.519,0.428,0.379,0.563,0.397,-0.335,0.373,0.387,0.438,0.368,0.408,0.602,0.421,0.596,0.419,0.22,0.324,0.566,0.431,0.546
FITB,0.805,0.64,0.665,0.709,0.629,0.565,-0.203,0.468,0.53,0.215,0.245,0.535,0.053,-0.312,0.132,0.229,0.56,0.767,0.532,0.534,0.671,0.227,0.593,0.577,1.0,0.502,-0.452,0.54,0.173,0.75,0.365,0.211,0.203,0.503,0.884,0.719,0.589,0.512,0.468,0.112,0.641,0.337,0.555,0.708,0.574,0.02,0.407,0.509,0.491,0.699,-0.02,0.597,0.508,0.208,0.666,0.477,0.319,-0.345,0.524,0.57,-0.089,0.211,-0.317,0.541,0.587,-0.007,0.187,0.75,0.104,0.615,0.536,0.105,-0.19,0.428,0.615,0.662,0.743,0.293,0.713,0.586,0.126,0.587,0.342,0.579,0.603,-0.219,0.291,0.617,0.444,0.413,0.406,0.475,0.598,0.767,0.494,0.578,0.157,0.515,0.282,0.514
FLEX,0.425,0.329,0.395,0.422,0.317,0.59,-0.354,0.218,0.294,0.179,0.208,0.412,0.198,0.007,-0.246,0.004,0.37,0.33,0.135,0.229,0.277,-0.1,0.486,0.409,0.502,1.0,-0.281,0.158,0.288,0.445,0.135,-0.02,-0.014,0.1,0.542,0.396,0.596,0.239,0.42,-0.208,0.744,0.517,0.328,0.427,0.032,-0.027,0.066,0.26,0.339,0.293,-0.087,0.258,0.413,0.162,0.357,0.148,0.012,-0.602,0.408,0.35,-0.201,0.061,-0.305,0.083,-0.021,-0.084,0.022,0.266,0.084,0.228,0.315,0.058,-0.261,0.082,0.272,0.342,0.248,0.086,0.314,0.372,-0.094,0.229,0.164,0.198,0.158,0.115,0.059,0.637,0.222,0.191,0.065,0.288,0.38,0.655,0.128,0.309,0.095,0.142,0.181,0.139
FTNT,-0.377,-0.318,-0.275,-0.424,-0.562,-0.609,0.642,-0.4,-0.426,0.194,0.269,-0.581,0.246,0.187,0.285,0.139,-0.458,-0.337,0.085,-0.029,-0.456,0.231,-0.436,-0.243,-0.452,-0.281,1.0,-0.418,-0.034,-0.422,-0.01,0.111,0.123,-0.38,-0.501,-0.507,-0.584,-0.517,-0.52,0.142,-0.352,-0.646,-0.656,-0.417,-0.264,-0.379,0.053,-0.607,-0.269,-0.644,0.506,-0.251,-0.692,-0.617,-0.579,-0.004,-0.626,0.341,-0.469,-0.566,0.081,0.251,0.501,-0.323,-0.178,0.349,0.572,-0.303,-0.384,-0.591,-0.765,0.286,0.566,0.004,-0.114,-0.593,-0.428,-0.518,-0.537,0.007,0.225,-0.595,0.198,-0.08,-0.62,-0.143,0.264,-0.63,0.004,0.147,-0.08,-0.01,-0.182,-0.424,-0.017,-0.373,0.063,-0.171,-0.118,0.023
GEN,0.528,0.786,0.492,0.652,0.657,0.504,-0.458,0.108,0.659,0.037,-0.104,0.511,-0.214,-0.513,-0.141,0.059,0.658,0.697,0.239,0.229,0.798,0.297,0.369,0.26,0.54,0.158,-0.418,1.0,0.019,0.195,-0.067,0.196,0.208,0.731,0.479,0.522,0.499,0.5,0.332,0.012,0.16,0.261,0.456,0.596,0.659,0.033,0.405,0.4,0.49,0.539,-0.178,0.566,0.588,0.352,0.637,0.215,0.213,-0.584,0.266,0.598,-0.161,0.017,-0.245,0.455,0.3,-0.084,0.131,0.582,0.247,0.702,0.441,-0.155,-0.389,0.068,0.442,0.678,0.776,0.197,0.682,0.233,-0.096,0.652,0.27,0.208,0.551,-0.369,-0.144,0.385,0.25,0.169,0.267,0.262,0.456,0.394,0.537,0.699,-0.229,0.206,0.374,0.412
GERN,0.082,0.046,0.033,-0.032,0.073,0.243,-0.144,0.334,-0.129,-0.045,-0.057,0.301,-0.061,0.321,-0.023,0.008,0.002,-0.024,-0.001,-0.137,0.193,-0.147,0.112,0.184,0.173,0.288,-0.034,0.019,1.0,0.343,0.334,-0.162,-0.159,-0.051,0.149,0.182,0.19,0.304,0.218,-0.156,0.294,0.261,0.158,-0.056,0.024,0.069,-0.121,0.159,-0.02,0.141,-0.009,-0.106,0.205,0.124,0.055,0.301,0.036,-0.203,0.447,-0.056,-0.177,-0.046,-0.358,0.171,0.137,-0.183,-0.092,0.14,-0.179,0.191,0.176,0.234,-0.269,0.324,0.056,0.123,0.104,0.265,0.181,0.115,0.096,0.103,-0.165,0.227,0.236,-0.027,0.077,0.315,-0.051,-0.061,0.282,0.046,0.026,0.253,-0.071,-0.066,0.06,0.261,-0.188,0.143
GEVO,0.471,0.334,0.339,0.389,0.452,0.406,-0.12,0.521,0.24,0.133,0.145,0.536,0.189,0.071,0.263,0.122,0.321,0.446,0.353,0.238,0.455,0.011,0.388,0.58,0.75,0.445,-0.422,0.195,0.343,1.0,0.576,-0.082,-0.1,0.318,0.742,0.619,0.403,0.498,0.561,-0.021,0.629,0.429,0.607,0.393,0.386,0.272,0.173,0.56,0.201,0.617,-0.082,0.288,0.369,0.278,0.447,0.543,0.236,-0.283,0.597,0.333,-0.004,-0.025,-0.337,0.455,0.589,-0.077,0.03,0.594,0.024,0.493,0.51,0.177,-0.178,0.535,0.442,0.509,0.458,0.488,0.594,0.426,0.324,0.5,0.139,0.465,0.567,-0.008,0.252,0.572,0.219,0.236,0.322,0.266,0.328,0.591,0.172,0.258,0.249,0.553,0.06,0.366
GILD,0.142,-0.062,0.16,-0.006,0.047,0.04,0.306,0.501,-0.111,0.363,0.214,0.147,0.473,0.251,0.607,0.287,-0.055,0.05,0.331,0.06,0.031,0.361,0.194,0.512,0.365,0.135,-0.01,-0.067,0.334,0.576,1.0,-0.039,-0.007,0.079,0.261,0.314,0.085,0.312,0.169,0.057,0.276,0.014,0.204,0.015,0.271,-0.013,0.11,0.065,-0.008,0.2,0.187,0.044,-0.067,-0.154,0.074,0.531,-0.147,-0.035,0.42,-0.018,0.122,0.141,-0.071,0.298,0.57,0.066,0.124,0.451,-0.353,0.115,0.157,0.42,0.199,0.57,0.298,0.086,0.205,0.214,0.181,0.28,0.58,0.076,0.079,0.503,0.322,-0.271,0.386,0.122,0.162,0.196,0.411,0.327,0.135,0.34,0.304,-0.014,0.273,0.809,-0.054,0.362
GOOG,0.363,0.35,0.709,0.411,0.234,0.115,0.293,-0.18,0.431,0.415,0.411,-0.225,0.233,-0.359,0.284,0.758,0.427,0.396,0.61,0.741,0.115,0.638,0.324,0.257,0.211,-0.02,0.111,0.196,-0.162,-0.082,-0.039,1.0,0.988,0.243,0.345,0.332,0.128,-0.333,-0.285,0.489,0.037,-0.347,-0.173,0.403,0.486,-0.354,0.735,-0.379,0.729,-0.219,0.493,0.564,-0.0,-0.406,0.158,0.26,-0.37,0.071,-0.215,0.233,0.176,0.797,0.468,0.308,0.14,0.543,0.551,0.317,-0.083,0.269,-0.277,0.31,0.382,0.318,0.672,0.11,0.183,-0.224,0.089,0.702,0.323,-0.009,0.596,0.464,-0.013,-0.554,0.506,-0.036,0.793,0.538,0.476,0.779,0.442,0.309,0.526,0.179,0.318,0.244,0.593,0.693
GOOGL,0.351,0.334,0.711,0.398,0.2,0.094,0.288,-0.183,0.42,0.428,0.405,-0.209,0.256,-0.352,0.295,0.772,0.407,0.378,0.596,0.713,0.108,0.66,0.34,0.267,0.203,-0.014,0.123,0.208,-0.159,-0.1,-0.007,0.988,1.0,0.232,0.314,0.311,0.118,-0.3,-0.284,0.478,0.044,-0.358,-0.199,0.382,0.488,-0.336,0.718,-0.396,0.736,-0.225,0.48,0.548,0.002,-0.389,0.147,0.265,-0.389,0.059,-0.2,0.222,0.155,0.822,0.45,0.314,0.135,0.531,0.547,0.319,-0.097,0.243,-0.296,0.311,0.399,0.305,0.645,0.086,0.198,-0.203,0.07,0.68,0.344,-0.038,0.574,0.451,-0.011,-0.567,0.517,-0.049,0.796,0.516,0.479,0.787,0.434,0.328,0.55,0.198,0.306,0.27,0.58,0.701
GT,0.441,0.655,0.435,0.498,0.612,0.352,-0.183,0.097,0.491,0.103,0.041,0.395,-0.048,-0.323,0.056,0.145,0.551,0.628,0.314,0.313,0.717,0.3,0.32,0.367,0.503,0.1,-0.38,0.731,-0.051,0.318,0.079,0.243,0.232,1.0,0.498,0.648,0.346,0.368,0.342,0.289,0.236,0.22,0.503,0.5,0.695,-0.027,0.555,0.339,0.374,0.474,0.0,0.461,0.403,0.173,0.502,0.363,0.121,-0.353,0.093,0.471,0.216,0.117,0.02,0.597,0.446,0.202,0.108,0.6,0.404,0.648,0.328,0.029,-0.244,0.205,0.501,0.598,0.71,0.167,0.639,0.302,0.084,0.651,0.349,0.236,0.51,-0.232,0.01,0.274,0.331,0.29,0.317,0.303,0.404,0.398,0.555,0.633,0.047,0.271,0.387,0.481
HBAN,0.772,0.664,0.756,0.711,0.678,0.592,-0.176,0.424,0.541,0.229,0.249,0.538,0.128,-0.302,0.132,0.271,0.652,0.739,0.519,0.59,0.67,0.203,0.613,0.643,0.884,0.542,-0.501,0.479,0.149,0.742,0.261,0.345,0.314,0.498,1.0,0.785,0.615,0.393,0.449,0.157,0.64,0.374,0.612,0.714,0.583,0.064,0.543,0.476,0.583,0.629,0.071,0.629,0.543,0.218,0.642,0.472,0.2,-0.42,0.469,0.594,-0.043,0.291,-0.214,0.587,0.535,0.087,0.177,0.753,0.163,0.74,0.5,0.114,-0.226,0.543,0.74,0.731,0.663,0.333,0.789,0.719,0.193,0.653,0.454,0.586,0.57,-0.189,0.329,0.669,0.497,0.452,0.4,0.568,0.644,0.77,0.414,0.512,0.273,0.47,0.389,0.58
HST,0.636,0.662,0.698,0.639,0.802,0.627,-0.215,0.341,0.519,0.196,0.158,0.51,0.138,-0.215,0.183,0.417,0.692,0.639,0.448,0.51,0.704,0.312,0.59,0.753,0.719,0.396,-0.507,0.522,0.182,0.619,0.314,0.332,0.311,0.648,0.785,1.0,0.614,0.437,0.381,0.184,0.521,0.414,0.748,0.677,0.638,0.108,0.557,0.413,0.624,0.598,0.03,0.56,0.558,0.229,0.715,0.507,0.19,-0.378,0.436,0.592,0.107,0.244,-0.144,0.601,0.634,0.145,0.144,0.8,0.197,0.809,0.568,0.078,-0.275,0.555,0.773,0.758,0.667,0.393,0.799,0.557,0.333,0.74,0.407,0.51,0.594,-0.259,0.182,0.621,0.489,0.403,0.437,0.556,0.529,0.728,0.441,0.479,0.224,0.556,0.549,0.543
INTC,0.496,0.591,0.563,0.536,0.706,0.922,-0.565,0.391,0.493,-0.061,-0.178,0.567,-0.032,-0.245,-0.205,0.172,0.573,0.495,0.177,0.228,0.582,-0.031,0.516,0.412,0.589,0.596,-0.584,0.499,0.19,0.403,0.085,0.128,0.118,0.346,0.615,0.614,1.0,0.474,0.503,-0.243,0.476,0.684,0.58,0.546,0.299,0.174,0.139,0.479,0.586,0.566,-0.354,0.46,0.714,0.484,0.689,0.066,0.33,-0.596,0.529,0.545,-0.257,-0.016,-0.513,0.307,0.279,-0.286,-0.153,0.48,0.086,0.647,0.591,-0.197,-0.509,0.156,0.364,0.704,0.514,0.374,0.625,0.241,-0.057,0.612,0.038,0.293,0.535,-0.178,-0.119,0.704,0.252,0.046,0.212,0.267,0.318,0.652,0.192,0.499,-0.184,0.289,0.318,0.175
IOVA,0.424,0.378,0.155,0.335,0.454,0.501,-0.54,0.489,0.265,-0.023,-0.146,0.763,-0.337,0.051,-0.211,-0.204,0.264,0.382,-0.056,-0.226,0.658,-0.108,0.391,0.208,0.512,0.239,-0.517,0.5,0.304,0.498,0.312,-0.333,-0.3,0.368,0.393,0.437,0.474,1.0,0.716,-0.256,0.435,0.571,0.614,0.325,0.33,0.566,-0.096,0.701,0.09,0.758,-0.417,0.177,0.641,0.693,0.544,0.135,0.502,-0.377,0.593,0.489,-0.198,-0.328,-0.632,0.402,0.36,-0.455,-0.31,0.413,0.313,0.526,0.645,-0.225,-0.572,0.153,0.099,0.554,0.634,0.724,0.634,-0.066,-0.092,0.616,-0.128,0.115,0.575,0.136,-0.205,0.637,-0.151,-0.118,0.111,-0.141,0.237,0.371,0.141,0.482,-0.122,0.303,-0.064,0.041
IQ,0.383,0.29,0.125,0.222,0.355,0.531,-0.486,0.379,0.169,-0.126,-0.04,0.871,-0.199,0.154,-0.229,-0.21,0.191,0.286,-0.061,-0.157,0.559,-0.238,0.33,0.18,0.468,0.42,-0.52,0.332,0.218,0.561,0.169,-0.285,-0.284,0.342,0.449,0.381,0.503,0.716,1.0,-0.073,0.623,0.629,0.563,0.229,0.214,0.498,-0.075,0.61,0.065,0.641,-0.399,0.074,0.523,0.576,0.366,0.248,0.387,-0.419,0.4,0.422,-0.087,-0.332,-0.472,0.33,0.258,-0.233,-0.303,0.367,0.521,0.411,0.496,-0.159,-0.56,0.121,0.07,0.439,0.472,0.584,0.551,-0.008,-0.088,0.543,-0.168,0.052,0.417,0.36,-0.131,0.611,-0.113,-0.092,0.038,-0.118,0.202,0.44,0.015,0.338,-0.054,0.181,-0.01,0.027
JBLU,0.286,-0.004,0.276,0.03,0.041,-0.321,0.481,-0.216,0.05,0.351,0.504,-0.095,0.209,0.051,0.357,0.372,0.189,0.128,0.452,0.44,0.05,0.504,0.153,0.139,0.112,-0.208,0.142,0.012,-0.156,-0.021,0.057,0.489,0.478,0.289,0.157,0.184,-0.243,-0.256,-0.073,1.0,0.14,-0.464,-0.11,0.095,0.479,-0.328,0.628,-0.442,0.157,-0.186,0.548,0.283,-0.374,-0.473,-0.127,0.439,-0.397,0.214,-0.204,0.092,0.395,0.575,0.67,0.447,0.191,0.845,0.322,0.325,0.32,-0.008,-0.315,0.498,0.397,0.252,0.378,-0.117,0.191,-0.208,0.022,0.445,0.247,-0.034,0.431,0.371,-0.047,-0.151,0.494,-0.336,0.434,0.534,0.444,0.456,0.313,0.137,0.475,0.075,0.55,0.248,0.42,0.46
JD,0.647,0.308,0.429,0.417,0.33,0.461,-0.242,0.29,0.301,0.376,0.514,0.573,0.029,0.139,-0.107,0.128,0.391,0.429,0.327,0.324,0.4,0.032,0.685,0.488,0.641,0.744,-0.352,0.16,0.294,0.629,0.276,0.037,0.044,0.236,0.64,0.521,0.476,0.435,0.623,0.14,1.0,0.34,0.372,0.471,0.25,0.12,0.179,0.226,0.293,0.365,0.084,0.336,0.321,0.147,0.336,0.435,0.017,-0.413,0.499,0.485,-0.044,0.201,-0.225,0.46,0.177,0.099,0.073,0.433,0.314,0.255,0.368,0.22,-0.196,0.286,0.369,0.287,0.413,0.311,0.411,0.475,-0.01,0.261,0.237,0.44,0.217,0.195,0.35,0.596,0.338,0.394,0.27,0.289,0.574,0.691,0.275,0.309,0.48,0.285,0.229,0.301
KDP,0.155,0.306,0.095,0.218,0.438,0.753,-0.694,0.41,0.166,-0.408,-0.502,0.623,-0.186,0.023,-0.403,-0.236,0.261,0.162,-0.316,-0.261,0.466,-0.476,0.216,0.226,0.337,0.517,-0.646,0.261,0.261,0.429,0.014,-0.347,-0.358,0.22,0.374,0.414,0.684,0.571,0.629,-0.464,0.34,1.0,0.683,0.188,-0.045,0.436,-0.251,0.719,0.152,0.652,-0.655,-0.038,0.755,0.71,0.477,-0.14,0.578,-0.473,0.436,0.292,-0.058,-0.481,-0.618,0.024,0.18,-0.522,-0.532,0.199,0.276,0.477,0.614,-0.399,-0.765,-0.031,-0.037,0.535,0.329,0.513,0.502,-0.152,-0.219,0.611,-0.366,-0.141,0.471,0.26,-0.485,0.739,-0.191,-0.384,-0.123,-0.19,-0.085,0.368,-0.268,0.328,-0.389,0.033,-0.025,-0.226
KHC,0.379,0.509,0.344,0.464,0.807,0.603,-0.505,0.475,0.356,-0.149,-0.23,0.644,-0.076,-0.104,-0.112,-0.119,0.481,0.437,0.008,0.043,0.671,-0.172,0.402,0.579,0.555,0.328,-0.656,0.456,0.158,0.607,0.204,-0.173,-0.199,0.503,0.612,0.748,0.58,0.614,0.563,-0.11,0.372,0.683,1.0,0.449,0.347,0.368,0.171,0.755,0.242,0.789,-0.382,0.251,0.676,0.572,0.677,0.163,0.496,-0.477,0.569,0.525,-0.048,-0.316,-0.47,0.393,0.539,-0.219,-0.264,0.546,0.329,0.749,0.808,-0.206,-0.617,0.294,0.358,0.783,0.545,0.566,0.798,0.121,0.067,0.846,0.022,0.152,0.675,0.021,-0.275,0.662,-0.054,-0.056,0.141,0.093,0.203,0.461,0.025,0.432,-0.089,0.289,0.242,0.119
LRCX,0.799,0.78,0.739,0.96,0.721,0.568,-0.292,0.207,0.848,0.364,0.398,0.369,-0.055,-0.416,-0.062,0.317,0.837,0.838,0.493,0.66,0.617,0.298,0.689,0.401,0.708,0.427,-0.417,0.596,-0.056,0.393,0.015,0.403,0.382,0.5,0.714,0.677,0.546,0.325,0.229,0.095,0.471,0.188,0.449,1.0,0.625,0.021,0.526,0.38,0.695,0.49,0.075,0.826,0.506,0.167,0.803,0.281,0.242,-0.382,0.397,0.773,-0.165,0.317,-0.164,0.472,0.325,0.029,0.331,0.55,0.154,0.637,0.51,0.029,-0.143,0.31,0.652,0.712,0.575,0.194,0.661,0.56,0.048,0.553,0.587,0.549,0.512,-0.3,0.183,0.593,0.486,0.567,0.376,0.495,0.745,0.697,0.463,0.496,0.144,0.251,0.553,0.48
LYFT,0.598,0.647,0.587,0.596,0.581,0.233,0.047,0.114,0.639,0.338,0.264,0.305,0.126,-0.215,0.344,0.485,0.674,0.696,0.657,0.501,0.643,0.623,0.421,0.378,0.574,0.032,-0.264,0.659,0.024,0.386,0.271,0.486,0.488,0.695,0.583,0.638,0.299,0.33,0.214,0.479,0.25,-0.045,0.347,0.625,1.0,-0.002,0.726,0.177,0.565,0.373,0.242,0.772,0.289,0.058,0.593,0.562,-0.065,-0.252,0.241,0.558,0.096,0.459,0.112,0.721,0.478,0.365,0.378,0.737,0.169,0.651,0.23,0.303,0.114,0.464,0.716,0.576,0.692,0.247,0.634,0.565,0.39,0.553,0.589,0.586,0.552,-0.462,0.335,0.213,0.602,0.548,0.643,0.58,0.577,0.537,0.712,0.531,0.242,0.559,0.53,0.734
MARA,-0.005,0.004,-0.179,0.027,0.14,0.167,-0.457,0.139,0.05,-0.25,-0.285,0.513,-0.277,0.316,-0.213,-0.26,0.003,-0.02,-0.297,-0.428,0.244,-0.345,0.009,-0.04,0.02,-0.027,-0.379,0.033,0.069,0.272,-0.013,-0.354,-0.336,-0.027,0.064,0.108,0.174,0.566,0.498,-0.328,0.12,0.436,0.368,0.021,-0.002,1.0,-0.286,0.501,-0.101,0.369,-0.505,-0.017,0.437,0.822,0.301,-0.041,0.466,0.019,0.304,0.215,-0.139,-0.388,-0.456,0.088,0.04,-0.478,-0.371,0.014,0.365,0.261,0.382,-0.294,-0.34,-0.015,-0.19,0.247,0.083,0.899,0.27,-0.278,-0.029,0.311,-0.272,-0.218,0.337,0.43,-0.233,0.384,-0.321,-0.255,-0.115,-0.301,-0.167,0.053,-0.338,-0.023,-0.129,-0.022,-0.216,-0.206
MCHP,0.502,0.515,0.703,0.524,0.459,0.071,0.32,-0.095,0.48,0.409,0.466,0.04,0.327,-0.297,0.39,0.54,0.596,0.545,0.659,0.693,0.437,0.656,0.394,0.486,0.407,0.066,0.053,0.405,-0.121,0.173,0.11,0.735,0.718,0.555,0.543,0.557,0.139,-0.096,-0.075,0.628,0.179,-0.251,0.171,0.526,0.726,-0.286,1.0,-0.147,0.575,0.088,0.561,0.694,0.03,-0.297,0.33,0.553,-0.368,-0.151,-0.028,0.341,0.268,0.66,0.511,0.558,0.418,0.695,0.616,0.672,0.125,0.482,-0.111,0.374,0.25,0.495,0.807,0.379,0.496,-0.094,0.45,0.758,0.422,0.337,0.749,0.57,0.26,-0.513,0.498,0.042,0.667,0.647,0.516,0.808,0.576,0.433,0.653,0.386,0.379,0.419,0.618,0.82
MDLZ,0.269,0.492,0.096,0.432,0.558,0.566,-0.552,0.492,0.334,-0.341,-0.406,0.614,-0.299,-0.189,-0.27,-0.335,0.262,0.457,-0.156,-0.152,0.619,-0.415,0.198,0.163,0.509,0.26,-0.607,0.4,0.159,0.56,0.065,-0.379,-0.396,0.339,0.476,0.413,0.479,0.701,0.61,-0.442,0.226,0.719,0.755,0.38,0.177,0.501,-0.147,1.0,0.09,0.882,-0.545,0.129,0.701,0.747,0.632,-0.098,0.762,-0.352,0.497,0.435,-0.252,-0.522,-0.734,0.172,0.389,-0.597,-0.375,0.28,0.241,0.62,0.742,-0.433,-0.658,0.095,0.072,0.749,0.455,0.579,0.7,-0.118,-0.124,0.766,-0.143,-0.069,0.656,0.19,-0.443,0.668,-0.251,-0.315,-0.084,-0.257,0.04,0.312,-0.188,0.388,-0.418,0.048,-0.115,-0.081
META,0.596,0.714,0.79,0.696,0.609,0.623,-0.173,0.108,0.735,0.3,0.202,0.182,0.105,-0.453,0.034,0.699,0.732,0.671,0.537,0.618,0.497,0.448,0.556,0.432,0.491,0.339,-0.269,0.49,-0.02,0.201,-0.008,0.729,0.736,0.374,0.583,0.624,0.586,0.09,0.065,0.157,0.293,0.152,0.242,0.695,0.565,-0.101,0.575,0.09,1.0,0.231,0.108,0.688,0.46,0.023,0.63,0.229,-0.009,-0.338,0.181,0.619,-0.097,0.568,0.009,0.396,0.315,0.186,0.378,0.507,-0.009,0.598,0.212,0.036,-0.041,0.305,0.694,0.545,0.461,0.094,0.494,0.573,0.219,0.405,0.541,0.48,0.358,-0.497,0.256,0.431,0.775,0.43,0.456,0.637,0.572,0.643,0.455,0.462,0.081,0.304,0.736,0.626
MNST,0.468,0.577,0.318,0.531,0.66,0.61,-0.456,0.488,0.408,-0.189,-0.248,0.68,-0.225,-0.281,-0.139,-0.167,0.419,0.562,0.033,0.018,0.776,-0.166,0.35,0.322,0.699,0.293,-0.644,0.539,0.141,0.617,0.2,-0.219,-0.225,0.474,0.629,0.598,0.566,0.758,0.641,-0.186,0.365,0.652,0.789,0.49,0.373,0.369,0.088,0.882,0.231,1.0,-0.376,0.293,0.668,0.633,0.691,0.129,0.657,-0.392,0.517,0.544,-0.171,-0.303,-0.617,0.326,0.551,-0.352,-0.261,0.587,0.294,0.713,0.731,-0.298,-0.627,0.248,0.269,0.82,0.719,0.526,0.829,0.096,-0.067,0.848,0.011,0.132,0.766,0.029,-0.28,0.654,-0.06,-0.128,0.098,-0.025,0.215,0.496,0.067,0.57,-0.27,0.289,0.068,0.145
MRNA,0.097,-0.002,0.226,0.032,-0.207,-0.405,0.798,-0.292,0.006,0.581,0.682,-0.436,0.343,-0.035,0.559,0.48,0.048,0.133,0.555,0.525,-0.168,0.585,0.154,0.203,-0.02,-0.087,0.506,-0.178,-0.009,-0.082,0.187,0.493,0.48,0.0,0.071,0.03,-0.354,-0.417,-0.399,0.548,0.084,-0.655,-0.382,0.075,0.242,-0.505,0.561,-0.545,0.108,-0.376,1.0,0.249,-0.577,-0.695,-0.271,0.401,-0.671,0.193,-0.181,-0.115,0.247,0.683,0.624,0.269,0.077,0.685,0.655,0.204,-0.168,-0.16,-0.501,0.552,0.629,0.466,0.48,-0.218,-0.063,-0.424,-0.118,0.595,0.388,-0.302,0.692,0.428,-0.291,-0.295,0.647,-0.402,0.475,0.568,0.323,0.452,0.313,0.013,0.435,-0.162,0.542,0.202,0.284,0.549
MRVL,0.717,0.687,0.703,0.784,0.627,0.355,-0.089,0.001,0.815,0.448,0.4,0.187,0.057,-0.362,0.117,0.462,0.774,0.759,0.655,0.658,0.548,0.541,0.583,0.339,0.597,0.258,-0.251,0.566,-0.106,0.288,0.044,0.564,0.548,0.461,0.629,0.56,0.46,0.177,0.074,0.283,0.336,-0.038,0.251,0.826,0.772,-0.017,0.694,0.129,0.688,0.293,0.249,1.0,0.32,0.086,0.725,0.396,-0.05,-0.351,0.281,0.69,-0.037,0.5,0.08,0.513,0.269,0.243,0.456,0.615,0.077,0.553,0.247,0.18,0.139,0.275,0.689,0.558,0.598,0.16,0.54,0.606,0.139,0.432,0.7,0.6,0.443,-0.499,0.361,0.299,0.644,0.612,0.505,0.622,0.719,0.576,0.625,0.549,0.228,0.345,0.611,0.656
MSFT,0.421,0.604,0.442,0.571,0.655,0.775,-0.773,0.363,0.513,-0.219,-0.358,0.659,-0.299,-0.243,-0.421,-0.049,0.524,0.472,-0.052,-0.0,0.678,-0.201,0.435,0.274,0.508,0.413,-0.692,0.588,0.205,0.369,-0.067,-0.0,0.002,0.403,0.543,0.558,0.714,0.641,0.523,-0.374,0.321,0.755,0.676,0.506,0.289,0.437,0.03,0.701,0.46,0.668,-0.577,0.32,1.0,0.732,0.719,-0.043,0.596,-0.497,0.41,0.569,-0.22,-0.22,-0.636,0.208,0.216,-0.502,-0.293,0.345,0.294,0.71,0.667,-0.387,-0.678,-0.003,0.204,0.711,0.549,0.592,0.66,0.071,-0.207,0.69,-0.103,0.024,0.59,0.021,-0.337,0.848,0.062,-0.162,0.053,0.1,0.222,0.498,0.018,0.498,-0.323,0.122,0.161,0.086
MSTR,0.086,0.265,-0.023,0.21,0.387,0.462,-0.726,0.228,0.216,-0.432,-0.536,0.642,-0.43,0.045,-0.448,-0.379,0.171,0.178,-0.33,-0.398,0.493,-0.456,0.103,-0.029,0.208,0.162,-0.617,0.352,0.124,0.278,-0.154,-0.406,-0.389,0.173,0.218,0.229,0.484,0.693,0.576,-0.473,0.147,0.71,0.572,0.167,0.058,0.822,-0.297,0.747,0.023,0.633,-0.695,0.086,0.732,1.0,0.524,-0.198,0.654,-0.309,0.397,0.361,-0.257,-0.507,-0.691,0.076,0.052,-0.664,-0.537,0.109,0.395,0.483,0.6,-0.528,-0.651,-0.155,-0.177,0.524,0.323,0.808,0.481,-0.327,-0.29,0.57,-0.331,-0.298,0.491,0.319,-0.481,0.564,-0.337,-0.411,-0.189,-0.334,-0.141,0.15,-0.27,0.3,-0.425,-0.089,-0.163,-0.231
MU,0.637,0.774,0.571,0.791,0.838,0.692,-0.516,0.334,0.769,0.063,-0.037,0.497,-0.166,-0.321,-0.124,0.218,0.69,0.747,0.321,0.304,0.759,0.123,0.559,0.398,0.666,0.357,-0.579,0.637,0.055,0.447,0.074,0.158,0.147,0.502,0.642,0.715,0.689,0.544,0.366,-0.127,0.336,0.477,0.677,0.803,0.593,0.301,0.33,0.632,0.63,0.691,-0.271,0.725,0.719,0.524,1.0,0.203,0.473,-0.451,0.542,0.794,-0.213,0.05,-0.423,0.396,0.445,-0.222,0.041,0.599,0.149,0.779,0.702,-0.21,-0.351,0.204,0.485,0.822,0.667,0.498,0.774,0.255,0.031,0.758,0.319,0.333,0.685,-0.296,-0.084,0.665,0.312,0.218,0.296,0.297,0.484,0.641,0.297,0.581,-0.14,0.283,0.475,0.353
MVIS,0.468,0.229,0.399,0.249,0.192,0.011,0.28,0.156,0.162,0.397,0.496,0.307,0.359,0.098,0.56,0.44,0.278,0.289,0.562,0.38,0.332,0.475,0.323,0.566,0.477,0.148,-0.004,0.215,0.301,0.543,0.531,0.26,0.265,0.363,0.472,0.507,0.066,0.135,0.248,0.439,0.435,-0.14,0.163,0.281,0.562,-0.041,0.553,-0.098,0.229,0.129,0.401,0.396,-0.043,-0.198,0.203,1.0,-0.282,-0.082,0.209,0.196,0.25,0.447,0.247,0.526,0.525,0.458,0.474,0.694,0.015,0.277,0.035,0.514,0.243,0.603,0.576,0.174,0.415,0.177,0.363,0.561,0.551,0.186,0.418,0.659,0.306,-0.301,0.664,0.11,0.461,0.581,0.52,0.591,0.483,0.502,0.533,0.138,0.479,0.608,0.271,0.693
NFLX,0.192,0.234,-0.057,0.279,0.344,0.451,-0.602,0.386,0.207,-0.469,-0.465,0.415,-0.501,-0.219,-0.393,-0.368,0.096,0.238,-0.326,-0.207,0.343,-0.531,0.087,-0.084,0.319,0.012,-0.626,0.213,0.036,0.236,-0.147,-0.37,-0.389,0.121,0.2,0.19,0.33,0.502,0.387,-0.397,0.017,0.578,0.496,0.242,-0.065,0.466,-0.368,0.762,-0.009,0.657,-0.671,-0.05,0.596,0.654,0.473,-0.282,1.0,0.072,0.285,0.346,-0.225,-0.526,-0.671,-0.044,0.21,-0.664,-0.552,-0.011,0.243,0.364,0.667,-0.554,-0.614,-0.163,-0.213,0.473,0.229,0.467,0.384,-0.357,-0.335,0.497,-0.416,-0.188,0.496,0.296,-0.492,0.515,-0.354,-0.422,-0.212,-0.389,-0.111,0.129,-0.331,0.166,-0.429,-0.127,-0.223,-0.343
NNDM,-0.322,-0.524,-0.34,-0.412,-0.522,-0.563,0.482,-0.218,-0.408,-0.093,0.082,-0.523,-0.024,0.181,0.31,0.101,-0.491,-0.386,-0.009,-0.029,-0.541,-0.025,-0.385,-0.314,-0.345,-0.602,0.341,-0.584,-0.203,-0.283,-0.035,0.071,0.059,-0.353,-0.42,-0.378,-0.596,-0.377,-0.419,0.214,-0.413,-0.473,-0.477,-0.382,-0.252,0.019,-0.151,-0.352,-0.338,-0.392,0.193,-0.351,-0.497,-0.309,-0.451,-0.082,0.072,1.0,-0.408,-0.445,0.232,0.141,0.343,-0.217,-0.071,0.129,0.011,-0.385,-0.132,-0.443,-0.424,0.122,0.474,0.03,-0.251,-0.509,-0.491,-0.113,-0.51,-0.146,0.19,-0.476,-0.174,-0.11,-0.338,0.158,0.2,-0.457,-0.098,-0.006,-0.067,-0.142,-0.382,-0.401,-0.221,-0.546,0.165,-0.112,-0.319,-0.181
NVAX,0.404,0.309,0.269,0.406,0.483,0.504,-0.383,0.543,0.296,0.112,0.036,0.484,-0.054,0.08,-0.018,-0.023,0.33,0.343,0.133,0.053,0.385,-0.106,0.558,0.47,0.524,0.408,-0.469,0.266,0.447,0.597,0.42,-0.215,-0.2,0.093,0.469,0.436,0.529,0.593,0.4,-0.204,0.499,0.436,0.569,0.397,0.241,0.304,-0.028,0.497,0.181,0.517,-0.181,0.281,0.41,0.397,0.542,0.209,0.285,-0.408,1.0,0.394,-0.324,-0.126,-0.539,0.459,0.357,-0.307,-0.177,0.377,-0.111,0.451,0.646,0.151,-0.328,0.351,0.226,0.488,0.331,0.556,0.515,0.203,0.095,0.431,-0.033,0.405,0.539,-0.139,0.008,0.535,-0.0,0.066,0.401,0.107,0.26,0.516,0.057,0.237,0.109,0.385,0.052,0.144
NVDA,0.728,0.729,0.544,0.741,0.733,0.582,-0.497,0.229,0.839,0.349,0.203,0.471,-0.318,-0.362,-0.245,0.2,0.714,0.76,0.352,0.341,0.675,0.144,0.727,0.336,0.57,0.35,-0.566,0.598,-0.056,0.333,-0.018,0.233,0.222,0.471,0.594,0.592,0.545,0.489,0.422,0.092,0.485,0.292,0.525,0.773,0.558,0.215,0.341,0.435,0.619,0.544,-0.115,0.69,0.569,0.361,0.794,0.196,0.346,-0.445,0.394,1.0,-0.167,0.144,-0.287,0.476,0.327,-0.08,0.079,0.457,0.342,0.63,0.655,-0.166,-0.348,0.112,0.439,0.655,0.599,0.378,0.673,0.271,-0.124,0.619,0.4,0.381,0.542,-0.213,0.016,0.565,0.38,0.27,0.29,0.255,0.679,0.524,0.404,0.511,0.105,0.132,0.554,0.398
NWL,-0.062,-0.185,-0.074,-0.207,-0.18,-0.244,0.313,-0.077,-0.135,0.167,0.137,-0.171,0.168,0.203,0.216,0.234,-0.043,-0.137,0.139,0.037,-0.113,0.176,-0.101,0.137,-0.089,-0.201,0.081,-0.161,-0.177,-0.004,0.122,0.176,0.155,0.216,-0.043,0.107,-0.257,-0.198,-0.087,0.395,-0.044,-0.058,-0.048,-0.165,0.096,-0.139,0.268,-0.252,-0.097,-0.171,0.247,-0.037,-0.22,-0.257,-0.213,0.25,-0.225,0.232,-0.324,-0.167,1.0,0.198,0.519,0.099,0.107,0.442,0.1,0.11,0.184,-0.119,-0.216,0.26,0.176,0.093,0.093,-0.223,0.003,-0.13,-0.127,0.112,0.158,-0.05,0.104,0.098,-0.112,0.002,0.268,-0.227,0.241,0.134,0.105,0.125,-0.046,-0.112,0.173,-0.029,0.22,0.077,0.087,0.182
OCGN,0.367,0.204,0.608,0.266,0.007,-0.107,0.495,-0.141,0.285,0.589,0.605,-0.277,0.338,-0.11,0.439,0.781,0.306,0.32,0.73,0.684,0.01,0.674,0.332,0.314,0.211,0.061,0.251,0.017,-0.046,-0.025,0.141,0.797,0.822,0.117,0.291,0.244,-0.016,-0.328,-0.332,0.575,0.201,-0.481,-0.316,0.317,0.459,-0.388,0.66,-0.522,0.568,-0.303,0.683,0.5,-0.22,-0.507,0.05,0.447,-0.526,0.141,-0.126,0.144,0.198,1.0,0.513,0.392,0.13,0.64,0.627,0.35,-0.158,0.06,-0.356,0.539,0.584,0.43,0.592,-0.054,0.129,-0.221,0.009,0.726,0.438,-0.174,0.671,0.571,-0.102,-0.476,0.764,-0.142,0.829,0.717,0.568,0.739,0.469,0.388,0.601,0.062,0.513,0.32,0.507,0.712
ON,-0.121,-0.266,0.021,-0.219,-0.326,-0.553,0.655,-0.497,-0.135,0.321,0.481,-0.516,0.366,0.078,0.395,0.351,-0.045,-0.191,0.311,0.309,-0.367,0.485,-0.187,-0.032,-0.317,-0.305,0.501,-0.245,-0.358,-0.337,-0.071,0.468,0.45,0.02,-0.214,-0.144,-0.513,-0.632,-0.472,0.67,-0.225,-0.618,-0.47,-0.164,0.112,-0.456,0.511,-0.734,0.009,-0.617,0.624,0.08,-0.636,-0.691,-0.423,0.247,-0.671,0.343,-0.539,-0.287,0.519,0.513,1.0,0.027,-0.09,0.796,0.471,-0.027,0.042,-0.353,-0.69,0.441,0.63,0.07,0.197,-0.472,-0.228,-0.509,-0.398,0.272,0.273,-0.419,0.424,0.123,-0.46,-0.176,0.458,-0.581,0.361,0.487,0.151,0.376,0.066,-0.235,0.31,-0.161,0.409,0.014,0.305,0.277
OPK,0.576,0.503,0.479,0.418,0.509,0.23,0.024,0.301,0.433,0.364,0.34,0.404,0.062,-0.094,0.281,0.367,0.548,0.59,0.568,0.42,0.549,0.412,0.544,0.53,0.541,0.083,-0.323,0.455,0.171,0.455,0.298,0.308,0.314,0.597,0.587,0.601,0.307,0.402,0.33,0.447,0.46,0.024,0.393,0.472,0.721,0.088,0.558,0.172,0.396,0.326,0.269,0.513,0.208,0.076,0.396,0.526,-0.044,-0.217,0.459,0.476,0.099,0.392,0.027,1.0,0.512,0.271,0.217,0.611,0.239,0.556,0.327,0.377,0.0,0.535,0.6,0.47,0.537,0.383,0.602,0.522,0.359,0.462,0.432,0.642,0.508,-0.237,0.453,0.246,0.474,0.516,0.648,0.416,0.554,0.503,0.58,0.331,0.464,0.469,0.398,0.607
