,AAL,AAPL,AGNC,AMAT,AMD,AMZN,APA,ARDX,AVGO,AZN,BIDU,BILI,BKR,CAN,CHRD,CMCSA,CPRT,CRWD,CSCO,CSX,DKNG,EBAY,ERIC,EXC,FITB,FLEX,FTNT,GEN,GERN,GEVO,GILD,GOOG,GOOGL,GT,HBAN,HST,INTC,IOVA,IQ,JBLU,JD,KDP,KHC,LRCX,LYFT,MARA,MCHP,MDLZ,META,MNST,MRNA,MRVL,MSFT,MSTR,MU,MVIS,NFLX,NNDM,NVAX,NVDA,NWL,OCGN,ON,OPK,PAA,PACB,PANW,PARA,PDD,PENN,PEP,PLUG,PTEN,PTON,PYPL,QCOM,QVCGA,RIOT,ROKU,RUN,SABR,SBUX,SMCI,SNDL,STNE,TCOM,TLRY,TMUS,TSCO,TSLA,TTD,TXN,UAL,VOD,VTRS,VXRT,WBA,WBD,WDC,ZM
AAL,1.0,-0.193,-0.164,-0.487,0.233,0.169,0.029,-0.447,-0.405,0.686,-0.213,0.558,-0.597,0.724,-0.672,0.568,-0.305,-0.555,-0.656,0.23,-0.484,-0.261,-0.429,-0.371,0.143,-0.125,-0.45,0.499,0.626,0.631,0.638,-0.534,-0.504,-0.133,0.648,0.448,-0.327,0.709,0.673,0.778,0.603,0.539,0.504,-0.452,0.246,0.517,0.257,0.643,0.146,0.724,-0.421,0.248,-0.584,0.454,-0.426,0.662,-0.377,0.206,-0.528,-0.459,0.36,0.587,-0.284,0.284,0.372,0.293,-0.54,0.595,-0.483,0.46,0.618,0.644,0.202,0.626,-0.182,0.192,0.797,0.618,-0.179,0.427,0.32,0.632,-0.386,-0.437,0.73,0.538,-0.359,0.384,0.266,-0.293,-0.594,0.078,0.813,-0.045,0.651,-0.437,0.755,0.656,-0.364,-0.528
AAPL,-0.193,1.0,0.576,0.66,0.174,0.358,0.264,0.603,0.632,-0.203,0.658,0.267,0.561,-0.244,0.532,0.143,0.697,0.38,0.532,0.082,0.482,0.747,0.606,0.07,0.469,0.689,0.404,0.195,-0.325,-0.34,0.017,0.656,0.633,0.599,0.079,-0.129,0.484,-0.243,-0.23,-0.142,0.012,-0.16,-0.212,0.758,0.357,0.117,0.67,-0.19,0.456,-0.11,0.34,0.003,0.557,0.234,0.554,-0.152,0.519,0.446,0.329,0.507,0.506,-0.155,0.611,0.356,0.292,0.388,0.411,-0.05,0.688,0.214,-0.023,0.0,0.068,-0.189,0.611,0.772,-0.112,-0.093,0.415,0.328,-0.008,0.169,0.543,0.217,-0.103,0.279,0.424,0.259,0.176,0.643,0.514,0.576,-0.029,0.588,-0.012,0.494,-0.265,-0.121,0.672,0.431
AGNC,-0.164,0.576,1.0,0.538,-0.04,0.25,0.188,0.485,0.446,-0.065,0.743,0.238,0.43,-0.127,0.351,0.035,0.428,0.182,0.525,0.092,0.479,0.612,0.643,0.255,0.477,0.685,0.484,-0.037,-0.13,-0.361,0.059,0.66,0.668,0.617,0.012,0.098,0.305,-0.231,-0.108,-0.38,0.056,-0.053,0.004,0.543,0.067,0.154,0.461,-0.011,0.384,-0.031,0.401,-0.296,0.483,0.375,0.566,-0.227,0.558,0.389,0.201,0.444,0.395,0.136,0.625,0.336,0.0,0.298,0.438,-0.122,0.577,0.294,0.127,-0.017,-0.058,-0.198,0.712,0.44,-0.176,0.055,0.108,0.402,0.058,0.16,0.441,-0.074,-0.052,0.214,0.15,-0.028,0.294,0.697,0.523,0.35,-0.031,0.719,-0.255,0.429,-0.385,-0.174,0.462,0.471
AMAT,-0.487,0.66,0.538,1.0,0.181,0.192,0.122,0.435,0.662,-0.378,0.48,-0.053,0.514,-0.502,0.613,-0.297,0.654,0.567,0.808,-0.091,0.475,0.511,0.682,0.177,0.092,0.446,0.475,0.082,-0.444,-0.492,-0.354,0.706,0.692,0.565,-0.399,-0.192,0.4,-0.525,-0.427,-0.555,-0.276,-0.321,-0.496,0.816,0.049,-0.222,0.429,-0.528,0.314,-0.389,0.631,0.095,0.804,-0.078,0.553,-0.373,0.552,0.14,0.553,0.696,0.121,-0.4,0.639,0.021,0.174,0.191,0.843,-0.425,0.6,-0.161,-0.381,-0.183,-0.156,-0.383,0.545,0.396,-0.466,-0.396,0.307,0.017,-0.103,-0.261,0.573,0.356,-0.36,-0.099,0.375,-0.173,-0.164,0.658,0.645,0.432,-0.41,0.459,-0.374,0.75,-0.598,-0.515,0.525,0.63
AMD,0.233,0.174,-0.04,0.181,1.0,0.639,0.33,0.156,0.123,0.193,0.175,0.275,0.085,0.307,0.06,-0.003,0.376,0.364,-0.085,-0.218,0.228,0.169,0.136,-0.423,0.235,0.072,0.224,0.438,0.302,0.364,0.155,0.148,0.182,0.217,0.202,0.412,0.367,0.336,0.371,0.017,0.374,0.008,-0.084,0.281,0.546,0.397,0.541,0.01,0.597,0.168,-0.375,0.66,0.325,0.355,0.354,0.471,0.457,-0.089,-0.054,0.126,-0.006,0.17,0.442,0.187,0.077,0.584,0.051,-0.114,0.114,0.055,0.13,0.48,0.414,0.371,0.204,0.364,0.212,0.322,0.453,0.385,0.388,0.374,0.514,0.218,0.369,0.093,0.334,0.481,0.18,0.111,0.131,0.348,0.287,0.222,-0.17,-0.162,0.105,0.003,0.343,0.159
AMZN,0.169,0.358,0.25,0.192,0.639,1.0,0.455,0.316,0.184,0.375,0.286,0.413,0.282,0.358,0.161,0.196,0.424,0.463,0.025,-0.167,0.616,0.429,0.271,-0.005,0.511,0.259,0.465,0.413,0.364,0.385,0.422,0.351,0.326,0.381,0.417,0.354,0.62,0.402,0.332,-0.015,0.475,-0.0,0.234,0.388,0.525,0.54,0.565,0.269,0.784,0.228,-0.334,0.267,0.398,0.575,0.537,0.371,0.488,0.13,-0.164,-0.116,0.3,0.218,0.599,0.27,0.023,0.68,0.083,-0.026,0.286,0.276,0.382,0.386,0.594,0.323,0.418,0.467,0.248,0.51,0.409,0.554,0.446,0.465,0.51,0.246,0.421,0.154,0.45,0.643,0.395,0.292,0.344,0.287,0.328,0.477,-0.122,-0.193,0.091,0.074,0.56,0.218
APA,0.029,0.264,0.188,0.122,0.33,0.455,1.0,0.431,-0.11,0.012,0.256,0.229,0.468,0.087,0.475,0.024,0.218,0.299,0.104,-0.315,0.392,0.245,0.375,-0.328,0.646,0.159,0.423,-0.078,0.292,0.126,-0.036,0.189,0.167,0.229,0.45,0.24,0.55,0.084,0.371,-0.142,0.177,-0.092,-0.156,0.239,0.501,0.308,0.288,-0.041,0.375,-0.241,-0.356,-0.131,0.187,0.232,0.422,0.075,0.438,-0.12,-0.032,-0.196,0.247,0.029,0.451,0.091,-0.107,0.53,0.041,-0.269,0.364,0.079,-0.04,0.319,0.623,0.465,0.263,0.437,0.23,0.252,0.492,0.438,0.115,0.316,0.118,0.424,0.16,-0.148,0.618,0.405,0.386,0.214,0.354,-0.034,0.061,0.425,-0.198,-0.212,-0.156,-0.16,0.486,0.416
ARDX,-0.447,0.603,0.485,0.435,0.156,0.316,0.431,1.0,0.405,-0.446,0.626,-0.014,0.838,-0.249,0.719,-0.184,0.584,0.596,0.453,-0.335,0.659,0.542,0.688,0.095,0.527,0.574,0.61,-0.163,-0.151,-0.421,-0.301,0.63,0.606,0.47,-0.029,-0.049,0.759,-0.365,-0.258,-0.495,-0.107,-0.383,-0.314,0.497,0.211,0.055,0.276,-0.306,0.483,-0.402,0.046,-0.291,0.526,0.19,0.672,-0.42,0.695,0.14,0.449,0.254,0.116,-0.292,0.609,0.054,-0.276,0.268,0.407,-0.399,0.791,-0.081,-0.081,-0.241,0.286,-0.241,0.471,0.422,-0.38,-0.082,0.608,0.219,-0.044,0.038,0.409,0.372,-0.27,-0.116,0.619,0.254,0.321,0.688,0.624,0.11,-0.25,0.496,-0.535,0.2,-0.447,-0.331,0.791,0.648
AVGO,-0.405,0.632,0.446,0.662,0.123,0.184,-0.11,0.405,1.0,-0.335,0.521,-0.016,0.472,-0.361,0.525,0.091,0.585,0.45,0.543,0.069,0.436,0.634,0.457,0.291,0.091,0.623,0.341,0.143,-0.433,-0.365,-0.158,0.656,0.628,0.529,-0.316,-0.203,0.293,-0.411,-0.375,-0.358,-0.207,-0.107,-0.145,0.705,0.129,-0.06,0.393,-0.146,0.187,-0.029,0.52,0.121,0.602,0.054,0.494,-0.217,0.435,0.452,0.384,0.707,0.231,-0.232,0.467,0.239,0.102,0.03,0.564,0.058,0.579,0.029,-0.099,-0.165,-0.224,-0.409,0.435,0.36,-0.426,-0.275,0.174,-0.019,-0.118,-0.084,0.656,0.143,-0.342,0.197,0.269,-0.106,0.032,0.647,0.465,0.482,-0.172,0.435,-0.2,0.614,-0.211,-0.026,0.507,0.44
AZN,0.686,-0.203,-0.065,-0.378,0.193,0.375,0.012,-0.446,-0.335,1.0,-0.221,0.538,-0.533,0.701,-0.593,0.521,-0.259,-0.462,-0.445,0.358,-0.188,-0.174,-0.405,0.025,0.082,-0.158,-0.278,0.424,0.552,0.684,0.788,-0.329,-0.3,-0.037,0.578,0.482,-0.261,0.734,0.564,0.588,0.672,0.615,0.612,-0.382,0.113,0.561,0.216,0.648,0.288,0.675,-0.303,0.229,-0.316,0.557,-0.361,0.683,-0.256,0.12,-0.601,-0.468,0.304,0.601,-0.127,0.202,0.323,0.366,-0.422,0.513,-0.5,0.47,0.693,0.555,0.193,0.498,-0.046,-0.003,0.557,0.658,-0.236,0.394,0.465,0.574,-0.245,-0.372,0.736,0.384,-0.347,0.438,0.311,-0.212,-0.364,0.012,0.666,0.095,0.565,-0.443,0.629,0.577,-0.356,-0.527
BIDU,-0.213,0.658,0.743,0.48,0.175,0.286,0.256,0.626,0.521,-0.221,1.0,0.257,0.533,-0.112,0.482,-0.065,0.614,0.351,0.41,-0.135,0.526,0.654,0.605,0.065,0.593,0.683,0.468,-0.036,-0.009,-0.262,-0.022,0.684,0.687,0.601,0.075,0.037,0.443,-0.219,-0.017,-0.392,0.128,-0.152,-0.132,0.567,0.334,0.219,0.518,-0.134,0.463,-0.121,0.296,-0.145,0.492,0.351,0.635,-0.128,0.661,0.392,0.289,0.487,0.362,0.109,0.653,0.372,-0.133,0.472,0.381,-0.213,0.708,0.215,0.042,0.049,0.043,-0.119,0.63,0.521,-0.183,0.067,0.272,0.558,0.031,0.201,0.555,0.095,-0.102,0.236,0.395,0.08,0.352,0.739,0.52,0.365,-0.059,0.583,-0.365,0.363,-0.355,-0.177,0.626,0.586
BILI,0.558,0.267,0.238,-0.053,0.275,0.413,0.229,-0.014,-0.016,0.538,0.257,1.0,-0.191,0.604,-0.204,0.365,-0.021,-0.3,-0.183,0.207,-0.035,0.246,-0.055,-0.28,0.402,0.238,-0.08,0.544,0.46,0.381,0.564,0.017,0.055,0.404,0.652,0.389,-0.006,0.531,0.568,0.413,0.769,0.304,0.376,0.054,0.306,0.704,0.515,0.543,0.509,0.42,-0.21,0.152,-0.104,0.68,-0.073,0.557,0.03,0.286,-0.437,-0.215,0.44,0.483,0.188,0.463,0.312,0.555,-0.276,0.43,0.034,0.573,0.516,0.609,0.209,0.436,0.263,0.568,0.56,0.657,-0.058,0.663,0.57,0.614,0.025,-0.358,0.7,0.625,-0.142,0.309,0.358,0.157,-0.153,0.294,0.631,0.268,0.366,-0.139,0.47,0.528,0.069,-0.243
BKR,-0.597,0.561,0.43,0.514,0.085,0.282,0.468,0.838,0.472,-0.533,0.533,-0.191,1.0,-0.448,0.85,-0.231,0.652,0.742,0.565,-0.317,0.747,0.501,0.673,0.243,0.468,0.495,0.702,-0.226,-0.326,-0.453,-0.35,0.674,0.628,0.428,-0.152,-0.204,0.81,-0.488,-0.418,-0.596,-0.292,-0.472,-0.347,0.613,0.124,-0.069,0.158,-0.356,0.323,-0.43,0.145,-0.356,0.643,0.013,0.755,-0.48,0.655,0.06,0.559,0.266,0.112,-0.419,0.581,-0.047,-0.327,0.126,0.498,-0.514,0.802,-0.241,-0.258,-0.367,0.333,-0.375,0.439,0.32,-0.525,-0.234,0.595,0.049,-0.152,-0.161,0.504,0.602,-0.449,-0.239,0.762,0.147,0.207,0.644,0.738,0.083,-0.369,0.455,-0.581,0.28,-0.563,-0.484,0.822,0.761
CAN,0.724,-0.244,-0.127,-0.502,0.307,0.358,0.087,-0.249,-0.361,0.701,-0.112,0.604,-0.448,1.0,-0.534,0.372,-0.357,-0.331,-0.673,0.076,-0.234,-0.194,-0.438,-0.336,0.241,-0.187,-0.278,0.393,0.782,0.74,0.617,-0.332,-0.299,-0.088,0.631,0.573,-0.213,0.676,0.739,0.603,0.756,0.328,0.564,-0.395,0.268,0.748,0.163,0.695,0.351,0.551,-0.637,0.204,-0.451,0.695,-0.316,0.729,-0.21,0.061,-0.624,-0.563,0.174,0.577,-0.168,0.374,0.164,0.371,-0.572,0.472,-0.29,0.373,0.691,0.567,0.398,0.608,-0.181,0.11,0.596,0.856,-0.096,0.531,0.495,0.618,-0.201,-0.322,0.703,0.353,-0.194,0.43,0.331,-0.177,-0.468,-0.041,0.68,-0.016,0.394,-0.643,0.68,0.616,-0.202,-0.499
CHRD,-0.672,0.532,0.351,0.613,0.06,0.161,0.475,0.719,0.525,-0.593,0.482,-0.204,0.85,-0.534,1.0,-0.348,0.513,0.673,0.656,-0.233,0.583,0.529,0.629,0.11,0.392,0.476,0.548,-0.219,-0.384,-0.516,-0.507,0.545,0.514,0.492,-0.193,-0.309,0.616,-0.549,-0.396,-0.602,-0.322,-0.451,-0.46,0.622,0.164,-0.273,0.118,-0.465,0.127,-0.608,0.287,-0.227,0.574,-0.246,0.631,-0.502,0.549,0.001,0.532,0.36,0.12,-0.49,0.471,-0.102,-0.143,0.06,0.553,-0.458,0.673,-0.275,-0.451,-0.365,0.217,-0.355,0.473,0.337,-0.568,-0.441,0.44,-0.045,-0.109,-0.306,0.456,0.597,-0.495,-0.214,0.707,-0.087,0.001,0.544,0.644,0.088,-0.47,0.395,-0.501,0.403,-0.534,-0.453,0.742,0.733
CMCSA,0.568,0.143,0.035,-0.297,-0.003,0.196,0.024,-0.184,0.091,0.521,-0.065,0.365,-0.231,0.372,-0.348,1.0,-0.088,-0.394,-0.343,0.329,-0.137,0.132,-0.192,0.066,0.094,0.189,-0.229,0.194,0.157,0.379,0.602,-0.139,-0.162,-0.08,0.403,0.205,-0.184,0.444,0.344,0.564,0.336,0.621,0.484,-0.158,0.325,0.435,0.267,0.589,0.069,0.726,-0.245,0.033,-0.314,0.431,-0.138,0.44,-0.219,0.581,-0.46,-0.168,0.491,0.26,-0.122,0.426,0.28,0.176,-0.432,0.69,-0.141,0.565,0.612,0.382,0.006,0.326,-0.057,0.219,0.525,0.367,-0.074,0.22,-0.029,0.588,-0.193,-0.295,0.407,0.489,-0.159,0.448,0.413,-0.079,-0.296,0.164,0.629,0.217,0.594,-0.305,0.593,0.663,-0.097,-0.415
CPRT,-0.305,0.697,0.428,0.654,0.376,0.424,0.218,0.584,0.585,-0.259,0.614,-0.021,0.652,-0.357,0.513,-0.088,1.0,0.641,0.554,-0.253,0.652,0.588,0.634,0.28,0.314,0.505,0.602,0.07,-0.256,-0.296,-0.075,0.731,0.69,0.519,-0.17,-0.062,0.68,-0.26,-0.304,-0.42,-0.132,-0.163,-0.311,0.707,0.23,0.04,0.47,-0.324,0.517,-0.114,0.348,0.096,0.79,0.154,0.676,-0.217,0.739,0.191,0.59,0.464,0.188,-0.147,0.685,0.192,-0.08,0.407,0.591,-0.385,0.645,-0.098,-0.094,-0.12,0.073,-0.297,0.525,0.451,-0.265,-0.123,0.602,0.21,-0.041,-0.006,0.682,0.441,-0.196,0.042,0.555,0.291,0.173,0.65,0.722,0.391,-0.145,0.516,-0.377,0.485,-0.437,-0.406,0.677,0.713
CRWD,-0.555,0.38,0.182,0.567,0.364,0.463,0.299,0.596,0.45,-0.462,0.351,-0.3,0.742,-0.331,0.673,-0.394,0.641,1.0,0.494,-0.487,0.724,0.374,0.544,0.125,0.255,0.256,0.656,-0.022,-0.179,-0.257,-0.38,0.629,0.578,0.285,-0.287,-0.079,0.712,-0.387,-0.306,-0.58,-0.292,-0.547,-0.398,0.637,0.236,-0.056,0.18,-0.463,0.373,-0.47,0.088,0.066,0.692,-0.036,0.746,-0.348,0.596,-0.078,0.504,0.3,-0.116,-0.452,0.596,-0.068,-0.262,0.211,0.596,-0.632,0.667,-0.437,-0.369,-0.271,0.367,-0.248,0.315,0.173,-0.472,-0.18,0.604,0.063,-0.062,-0.241,0.597,0.747,-0.348,-0.413,0.796,0.167,0.057,0.488,0.625,0.097,-0.429,0.303,-0.665,0.234,-0.57,-0.576,0.799,0.714
CSCO,-0.656,0.532,0.525,0.808,-0.085,0.025,0.104,0.453,0.543,-0.445,0.41,-0.183,0.565,-0.673,0.656,-0.343,0.554,0.494,1.0,-0.166,0.453,0.441,0.717,0.334,0.03,0.449,0.431,-0.192,-0.596,-0.658,-0.482,0.724,0.738,0.474,-0.489,-0.366,0.346,-0.555,-0.557,-0.679,-0.416,-0.274,-0.569,0.663,-0.09,-0.35,0.136,-0.621,0.066,-0.517,0.718,-0.147,0.688,-0.218,0.527,-0.593,0.51,0.112,0.498,0.612,0.033,-0.481,0.588,-0.027,0.021,0.01,0.709,-0.496,0.587,-0.275,-0.488,-0.393,-0.253,-0.538,0.514,0.17,-0.568,-0.495,0.228,-0.112,-0.232,-0.415,0.393,0.424,-0.407,-0.199,0.365,-0.285,-0.164,0.528,0.646,0.233,-0.569,0.455,-0.429,0.642,-0.713,-0.617,0.476,0.586
CSX,0.23,0.082,0.092,-0.091,-0.218,-0.167,-0.315,-0.335,0.069,0.358,-0.135,0.207,-0.317,0.076,-0.233,0.329,-0.253,-0.487,-0.166,1.0,-0.294,0.113,-0.378,0.181,-0.105,0.137,-0.335,0.293,-0.126,0.11,0.425,-0.234,-0.231,0.1,0.184,0.04,-0.419,0.061,-0.019,0.434,0.103,0.292,0.482,-0.09,-0.224,0.012,0.224,0.438,-0.238,0.412,0.157,0.039,-0.249,0.008,-0.376,0.246,-0.373,0.315,-0.231,0.023,0.434,0.263,-0.305,0.116,0.48,-0.17,-0.164,0.549,-0.324,0.435,0.276,0.132,-0.163,-0.013,0.056,0.091,0.055,0.009,-0.49,-0.097,0.108,0.184,-0.099,-0.52,0.073,0.453,-0.499,-0.157,-0.077,-0.107,-0.294,0.226,0.356,-0.023,0.576,0.147,0.407,0.48,-0.337,-0.413
DKNG,-0.484,0.482,0.479,0.475,0.228,0.616,0.392,0.659,0.436,-0.188,0.526,-0.035,0.747,-0.234,0.583,-0.137,0.652,0.724,0.453,-0.294,1.0,0.603,0.61,0.369,0.45,0.481,0.852,-0.055,-0.119,-0.118,-0.072,0.679,0.642,0.466,-0.063,-0.01,0.784,-0.19,-0.268,-0.607,-0.03,-0.327,-0.074,0.639,0.211,0.156,0.306,-0.189,0.57,-0.242,0.064,-0.228,0.759,0.289,0.798,-0.193,0.677,0.097,0.337,0.209,0.052,-0.165,0.775,0.06,-0.39,0.355,0.491,-0.44,0.676,0.064,-0.027,-0.062,0.286,-0.236,0.55,0.265,-0.366,0.048,0.528,0.256,0.075,-0.006,0.633,0.409,-0.195,-0.221,0.588,0.278,0.287,0.616,0.82,0.183,-0.232,0.501,-0.585,0.175,-0.513,-0.403,0.749,0.636
EBAY,-0.261,0.747,0.612,0.511,0.169,0.429,0.245,0.542,0.634,-0.174,0.654,0.246,0.501,-0.194,0.529,0.132,0.588,0.374,0.441,0.113,0.603,1.0,0.469,0.156,0.453,0.734,0.412,0.14,-0.237,-0.136,0.091,0.619,0.574,0.612,0.087,0.025,0.374,-0.188,-0.127,-0.217,0.094,-0.019,0.068,0.725,0.346,0.125,0.597,-0.042,0.346,-0.012,0.259,-0.009,0.562,0.215,0.556,-0.032,0.547,0.481,0.177,0.451,0.479,-0.022,0.601,0.397,0.123,0.351,0.321,-0.052,0.613,0.377,0.084,0.099,0.113,-0.126,0.608,0.642,-0.179,-0.042,0.192,0.287,0.138,0.224,0.635,0.082,-0.097,0.344,0.364,0.142,0.28,0.533,0.507,0.513,0.089,0.674,-0.085,0.37,-0.224,-0.053,0.687,0.414
ERIC,-0.429,0.606,0.643,0.682,0.136,0.271,0.375,0.688,0.457,-0.405,0.605,-0.055,0.673,-0.438,0.629,-0.192,0.634,0.544,0.717,-0.378,0.61,0.469,1.0,0.158,0.417,0.494,0.659,-0.136,-0.33,-0.485,-0.406,0.69,0.715,0.485,-0.162,-0.126,0.631,-0.384,-0.345,-0.63,-0.181,-0.334,-0.5,0.695,0.199,-0.056,0.363,-0.478,0.401,-0.455,0.372,-0.151,0.666,0.061,0.791,-0.421,0.661,0.067,0.495,0.493,0.056,-0.317,0.753,0.049,-0.135,0.335,0.629,-0.487,0.729,-0.115,-0.335,-0.145,-0.031,-0.305,0.658,0.432,-0.342,-0.192,0.567,0.233,-0.148,-0.165,0.461,0.429,-0.281,-0.229,0.522,0.034,0.061,0.662,0.725,0.291,-0.431,0.572,-0.528,0.477,-0.676,-0.54,0.649,0.678
EXC,-0.371,0.07,0.255,0.177,-0.423,-0.005,-0.328,0.095,0.291,0.025,0.065,-0.28,0.243,-0.336,0.11,0.066,0.28,0.125,0.334,0.181,0.369,0.156,0.158,1.0,-0.101,0.168,0.259,-0.252,-0.347,-0.253,0.077,0.337,0.298,0.03,-0.281,-0.224,0.175,-0.324,-0.467,-0.325,-0.278,0.114,0.187,0.11,-0.501,-0.182,-0.168,0.047,-0.025,0.084,0.44,-0.327,0.324,-0.034,0.115,-0.379,0.051,0.219,0.288,0.117,0.078,-0.144,0.086,-0.094,-0.246,-0.202,0.288,-0.076,0.157,-0.084,0.155,-0.457,-0.259,-0.579,0.117,-0.27,-0.463,-0.209,-0.089,-0.263,-0.244,-0.244,0.084,0.037,-0.384,-0.094,-0.053,-0.032,0.065,0.278,0.334,-0.129,-0.222,0.178,-0.13,0.278,-0.214,-0.137,0.043,0.202
FITB,0.143,0.469,0.477,0.092,0.235,0.511,0.646,0.527,0.091,0.082,0.593,0.402,0.468,0.241,0.392,0.094,0.314,0.255,0.03,-0.105,0.45,0.453,0.417,-0.101,1.0,0.426,0.45,0.107,0.334,0.132,0.185,0.265,0.267,0.436,0.652,0.255,0.539,0.11,0.281,-0.007,0.334,-0.117,0.201,0.313,0.453,0.488,0.513,0.239,0.523,-0.022,-0.224,-0.175,0.141,0.465,0.508,0.118,0.387,0.165,0.006,-0.105,0.485,0.248,0.484,0.279,-0.092,0.61,0.011,-0.044,0.478,0.227,0.265,0.291,0.56,0.242,0.536,0.664,0.173,0.415,0.379,0.714,0.264,0.409,0.255,0.158,0.175,0.143,0.502,0.415,0.469,0.43,0.281,0.155,0.22,0.589,-0.091,-0.104,-0.021,0.07,0.602,0.365
FLEX,-0.125,0.689,0.685,0.446,0.072,0.259,0.159,0.574,0.623,-0.158,0.683,0.238,0.495,-0.187,0.476,0.189,0.505,0.256,0.449,0.137,0.481,0.734,0.494,0.168,0.426,1.0,0.397,0.165,-0.272,-0.299,0.021,0.528,0.525,0.627,0.042,0.0,0.329,-0.168,-0.183,-0.2,0.089,0.012,-0.034,0.546,0.229,0.109,0.495,-0.046,0.312,0.042,0.349,-0.158,0.381,0.277,0.482,-0.165,0.461,0.654,0.289,0.435,0.497,-0.002,0.533,0.359,0.063,0.187,0.327,0.047,0.583,0.365,0.097,0.037,-0.022,-0.24,0.676,0.516,-0.208,-0.061,0.199,0.293,0.075,0.191,0.426,-0.034,-0.094,0.38,0.234,0.095,0.337,0.659,0.447,0.428,0.134,0.637,-0.1,0.375,-0.162,0.025,0.635,0.412
FTNT,-0.45,0.404,0.484,0.475,0.224,0.465,0.423,0.61,0.341,-0.278,0.468,-0.08,0.702,-0.278,0.548,-0.229,0.602,0.656,0.431,-0.335,0.852,0.412,0.659,0.259,0.45,0.397,1.0,-0.162,-0.177,-0.258,-0.26,0.628,0.618,0.466,-0.167,0.003,0.75,-0.27,-0.31,-0.665,-0.187,-0.457,-0.253,0.607,0.228,0.142,0.243,-0.278,0.501,-0.346,0.087,-0.219,0.722,0.248,0.816,-0.272,0.666,-0.035,0.435,0.249,-0.013,-0.225,0.734,0.059,-0.452,0.327,0.579,-0.492,0.66,-0.031,-0.158,-0.094,0.208,-0.277,0.594,0.229,-0.285,0.036,0.586,0.249,0.021,-0.125,0.591,0.36,-0.239,-0.328,0.545,0.21,0.182,0.6,0.839,0.078,-0.316,0.507,-0.671,0.289,-0.604,-0.486,0.639,0.678
GEN,0.499,0.195,-0.037,0.082,0.438,0.413,-0.078,-0.163,0.143,0.424,-0.036,0.544,-0.226,0.393,-0.219,0.194,0.07,-0.022,-0.192,0.293,-0.055,0.14,-0.136,-0.252,0.107,0.165,-0.162,1.0,0.268,0.437,0.471,-0.143,-0.152,0.332,0.413,0.355,-0.014,0.462,0.282,0.478,0.542,0.161,0.355,0.153,0.218,0.332,0.552,0.36,0.364,0.432,-0.068,0.456,-0.03,0.306,-0.071,0.551,-0.123,0.191,-0.194,-0.084,0.293,0.337,0.09,0.148,0.53,0.223,-0.035,0.382,-0.136,0.302,0.264,0.526,0.233,0.305,0.15,0.442,0.369,0.347,-0.068,0.317,0.538,0.397,0.147,-0.238,0.527,0.467,-0.16,0.233,0.105,0.004,-0.232,0.519,0.495,0.015,0.426,0.047,0.461,0.405,0.062,-0.26
GERN,0.626,-0.325,-0.13,-0.444,0.302,0.364,0.292,-0.151,-0.433,0.552,-0.009,0.46,-0.326,0.782,-0.384,0.157,-0.256,-0.179,-0.596,-0.126,-0.119,-0.237,-0.33,-0.347,0.334,-0.272,-0.177,0.268,1.0,0.631,0.505,-0.315,-0.297,-0.082,0.651,0.5,-0.005,0.621,0.781,0.365,0.615,0.26,0.467,-0.415,0.287,0.622,0.09,0.55,0.336,0.324,-0.584,0.092,-0.376,0.526,-0.202,0.53,-0.107,-0.098,-0.527,-0.575,0.129,0.6,-0.07,0.236,-0.013,0.478,-0.394,0.226,-0.246,0.237,0.529,0.555,0.489,0.666,-0.197,0.06,0.595,0.747,-0.038,0.616,0.389,0.547,-0.25,-0.162,0.652,0.136,-0.025,0.398,0.454,-0.102,-0.378,-0.182,0.478,-0.072,0.145,-0.566,0.492,0.407,-0.134,-0.179
GEVO,0.631,-0.34,-0.361,-0.492,0.364,0.385,0.126,-0.421,-0.365,0.684,-0.262,0.381,-0.453,0.74,-0.516,0.379,-0.296,-0.257,-0.658,0.11,-0.118,-0.136,-0.485,-0.253,0.132,-0.299,-0.258,0.437,0.631,1.0,0.594,-0.435,-0.438,-0.225,0.575,0.567,-0.205,0.677,0.647,0.548,0.633,0.403,0.614,-0.313,0.297,0.574,0.206,0.584,0.185,0.594,-0.593,0.319,-0.376,0.425,-0.294,0.859,-0.248,0.042,-0.604,-0.548,0.14,0.477,-0.12,0.175,0.104,0.34,-0.544,0.381,-0.396,0.388,0.526,0.719,0.4,0.672,-0.273,0.019,0.528,0.692,-0.16,0.368,0.373,0.583,-0.154,-0.199,0.588,0.227,-0.119,0.403,0.268,-0.374,-0.39,-0.007,0.641,-0.072,0.421,-0.643,0.627,0.522,-0.236,-0.523
GILD,0.638,0.017,0.059,-0.354,0.155,0.422,-0.036,-0.301,-0.158,0.788,-0.022,0.564,-0.35,0.617,-0.507,0.602,-0.075,-0.38,-0.482,0.425,-0.072,0.091,-0.406,0.077,0.185,0.021,-0.26,0.471,0.505,0.594,1.0,-0.184,-0.222,0.047,0.642,0.43,-0.101,0.718,0.539,0.603,0.687,0.531,0.75,-0.245,0.114,0.563,0.333,0.773,0.331,0.776,-0.3,0.102,-0.231,0.575,-0.269,0.611,-0.119,0.267,-0.498,-0.414,0.421,0.688,-0.091,0.364,0.32,0.358,-0.467,0.567,-0.312,0.558,0.759,0.446,0.285,0.438,0.012,0.22,0.554,0.627,-0.229,0.411,0.423,0.702,-0.052,-0.388,0.661,0.582,-0.279,0.454,0.419,-0.108,-0.322,0.132,0.776,0.102,0.56,-0.338,0.656,0.627,-0.156,-0.401
GOOG,-0.534,0.656,0.66,0.706,0.148,0.351,0.189,0.63,0.656,-0.329,0.684,0.017,0.674,-0.332,0.545,-0.139,0.731,0.629,0.724,-0.234,0.679,0.619,0.69,0.337,0.265,0.528,0.628,-0.143,-0.315,-0.435,-0.184,1.0,0.975,0.474,-0.315,-0.022,0.561,-0.461,-0.28,-0.632,-0.216,-0.279,-0.324,0.727,0.128,0.133,0.392,-0.332,0.452,-0.258,0.417,-0.078,0.8,0.286,0.729,-0.374,0.76,0.276,0.409,0.595,0.125,-0.24,0.777,0.309,-0.151,0.304,0.614,-0.45,0.861,-0.119,-0.142,-0.22,-0.005,-0.331,0.538,0.332,-0.412,-0.059,0.399,0.224,-0.159,-0.026,0.657,0.379,-0.311,-0.107,0.506,0.097,0.202,0.75,0.698,0.301,-0.331,0.617,-0.553,0.484,-0.615,-0.467,0.681,0.671
GOOGL,-0.504,0.633,0.668,0.692,0.182,0.326,0.167,0.606,0.628,-0.3,0.687,0.055,0.628,-0.299,0.514,-0.162,0.69,0.578,0.738,-0.231,0.642,0.574,0.715,0.298,0.267,0.525,0.618,-0.152,-0.297,-0.438,-0.222,0.975,1.0,0.481,-0.312,-0.043,0.526,-0.423,-0.282,-0.658,-0.19,-0.247,-0.371,0.709,0.137,0.171,0.384,-0.354,0.455,-0.279,0.421,-0.046,0.777,0.319,0.717,-0.343,0.74,0.253,0.372,0.62,0.089,-0.254,0.794,0.333,-0.146,0.333,0.599,-0.445,0.839,-0.106,-0.156,-0.174,-0.06,-0.362,0.565,0.315,-0.415,-0.025,0.391,0.262,-0.132,-0.053,0.644,0.345,-0.262,-0.124,0.462,0.079,0.158,0.749,0.677,0.299,-0.348,0.6,-0.566,0.476,-0.619,-0.464,0.629,0.624
GT,-0.133,0.599,0.617,0.565,0.217,0.381,0.229,0.47,0.529,-0.037,0.601,0.404,0.428,-0.088,0.492,-0.08,0.519,0.285,0.474,0.1,0.466,0.612,0.485,0.03,0.436,0.627,0.466,0.332,-0.082,-0.225,0.047,0.474,0.481,1.0,0.082,-0.019,0.391,0.006,-0.143,-0.24,0.209,-0.153,-0.055,0.61,0.261,0.177,0.491,-0.022,0.455,-0.078,0.343,-0.071,0.522,0.289,0.487,-0.027,0.518,0.207,0.217,0.315,0.369,0.099,0.589,0.286,0.215,0.362,0.476,-0.006,0.43,0.31,0.022,0.082,0.099,-0.167,0.763,0.559,-0.095,0.085,0.247,0.387,0.393,0.081,0.549,-0.037,0.14,0.367,0.188,-0.029,0.084,0.599,0.529,0.458,0.059,0.542,-0.141,0.471,-0.181,-0.048,0.488,0.403
HBAN,0.648,0.079,0.012,-0.399,0.202,0.417,0.45,-0.029,-0.316,0.578,0.075,0.652,-0.152,0.631,-0.193,0.403,-0.17,-0.287,-0.489,0.184,-0.063,0.087,-0.162,-0.281,0.652,0.042,-0.167,0.413,0.651,0.575,0.642,-0.315,-0.312,0.082,1.0,0.433,0.089,0.634,0.649,0.58,0.734,0.339,0.551,-0.2,0.354,0.605,0.396,0.639,0.368,0.389,-0.527,0.027,-0.369,0.484,-0.124,0.58,-0.152,0.127,-0.51,-0.552,0.499,0.561,-0.018,0.28,0.224,0.538,-0.509,0.427,-0.145,0.472,0.541,0.577,0.555,0.614,0.062,0.505,0.628,0.652,-0.007,0.645,0.427,0.659,-0.191,-0.166,0.632,0.42,0.044,0.483,0.448,-0.092,-0.311,0.078,0.661,0.154,0.473,-0.463,0.566,0.563,0.069,-0.266
HST,0.448,-0.129,0.098,-0.192,0.412,0.354,0.24,-0.049,-0.203,0.482,0.037,0.389,-0.204,0.573,-0.309,0.205,-0.062,-0.079,-0.366,0.04,-0.01,0.025,-0.126,-0.224,0.255,0.0,0.003,0.355,0.5,0.567,0.43,-0.022,-0.043,-0.019,0.433,1.0,-0.048,0.376,0.64,0.253,0.493,0.326,0.387,-0.125,0.195,0.574,0.369,0.393,0.395,0.395,-0.425,0.312,-0.112,0.53,-0.039,0.526,0.136,0.083,-0.298,-0.255,0.125,0.45,0.156,0.3,-0.006,0.402,-0.23,0.171,-0.018,0.198,0.425,0.547,0.377,0.577,0.007,0.162,0.397,0.62,0.043,0.456,0.356,0.653,0.028,-0.149,0.473,0.137,-0.019,0.433,0.522,-0.034,-0.166,-0.035,0.483,0.265,0.08,-0.349,0.308,0.325,0.03,-0.142
INTC,-0.327,0.484,0.305,0.4,0.367,0.62,0.55,0.759,0.293,-0.261,0.443,-0.006,0.81,-0.213,0.616,-0.184,0.68,0.712,0.346,-0.419,0.784,0.374,0.631,0.175,0.539,0.329,0.75,-0.014,-0.005,-0.205,-0.101,0.561,0.526,0.391,0.089,-0.048,1.0,-0.147,-0.154,-0.503,-0.054,-0.389,-0.235,0.51,0.237,0.152,0.305,-0.176,0.647,-0.277,-0.083,-0.139,0.626,0.219,0.751,-0.255,0.706,-0.069,0.421,0.062,0.076,-0.197,0.67,-0.031,-0.343,0.437,0.413,-0.45,0.646,-0.146,-0.06,-0.122,0.464,-0.119,0.431,0.391,-0.208,0.051,0.679,0.258,0.036,0.052,0.519,0.538,-0.144,-0.218,0.705,0.437,0.278,0.569,0.698,0.085,-0.186,0.388,-0.57,0.129,-0.384,-0.377,0.75,0.701
IOVA,0.709,-0.243,-0.231,-0.525,0.336,0.402,0.084,-0.365,-0.411,0.734,-0.219,0.531,-0.488,0.676,-0.549,0.444,-0.26,-0.387,-0.555,0.061,-0.19,-0.188,-0.384,-0.324,0.11,-0.168,-0.27,0.462,0.621,0.677,0.718,-0.461,-0.423,0.006,0.634,0.376,-0.147,1.0,0.58,0.568,0.753,0.466,0.468,-0.399,0.352,0.533,0.146,0.57,0.285,0.565,-0.511,0.216,-0.374,0.46,-0.288,0.702,-0.184,-0.017,-0.618,-0.555,0.124,0.573,-0.111,0.272,0.244,0.394,-0.569,0.484,-0.503,0.466,0.525,0.55,0.29,0.555,-0.038,0.089,0.712,0.665,-0.08,0.429,0.543,0.538,-0.188,-0.301,0.892,0.409,-0.248,0.396,0.21,-0.353,-0.393,0.017,0.696,-0.098,0.445,-0.557,0.63,0.541,-0.253,-0.533
IQ,0.673,-0.23,-0.108,-0.427,0.371,0.332,0.371,-0.258,-0.375,0.564,-0.017,0.568,-0.418,0.739,-0.396,0.344,-0.304,-0.306,-0.557,-0.019,-0.268,-0.127,-0.345,-0.467,0.281,-0.183,-0.31,0.282,0.781,0.647,0.539,-0.28,-0.282,-0.143,0.649,0.64,-0.154,0.58,1.0,0.469,0.653,0.404,0.424,-0.343,0.345,0.617,0.263,0.552,0.232,0.418,-0.577,0.268,-0.431,0.495,-0.256,0.611,-0.078,0.015,-0.593,-0.425,0.192,0.603,-0.054,0.318,0.103,0.485,-0.539,0.329,-0.234,0.307,0.513,0.683,0.424,0.878,-0.199,0.191,0.727,0.684,-0.115,0.552,0.33,0.76,-0.214,-0.23,0.649,0.273,-0.091,0.427,0.51,-0.261,-0.455,-0.068,0.566,0.05,0.307,-0.563,0.562,0.506,-0.144,-0.291
JBLU,0.778,-0.142,-0.38,-0.555,0.017,-0.015,-0.142,-0.495,-0.358,0.588,-0.392,0.413,-0.596,0.603,-0.602,0.564,-0.42,-0.58,-0.679,0.434,-0.607,-0.217,-0.63,-0.325,-0.007,-0.2,-0.665,0.478,0.365,0.548,0.603,-0.632,-0.658,-0.24,0.58,0.253,-0.503,0.568,0.469,1.0,0.487,0.424,0.549,-0.449,0.148,0.292,0.123,0.598,-0.107,0.621,-0.393,0.265,-0.682,0.179,-0.593,0.59,-0.602,0.166,-0.507,-0.473,0.351,0.469,-0.569,0.155,0.528,0.011,-0.676,0.681,-0.581,0.373,0.503,0.409,0.174,0.498,-0.326,0.163,0.643,0.378,-0.27,0.135,0.285,0.46,-0.425,-0.404,0.53,0.538,-0.381,0.275,0.1,-0.494,-0.711,0.136,0.709,-0.205,0.879,-0.438,0.807,0.704,-0.386,-0.687
JD,0.603,0.012,0.056,-0.276,0.374,0.475,0.177,-0.107,-0.207,0.672,0.128,0.769,-0.292,0.756,-0.322,0.336,-0.132,-0.292,-0.416,0.103,-0.03,0.094,-0.181,-0.278,0.334,0.089,-0.187,0.542,0.615,0.633,0.687,-0.216,-0.19,0.209,0.734,0.493,-0.054,0.753,0.653,0.487,1.0,0.366,0.502,-0.134,0.315,0.614,0.382,0.569,0.465,0.479,-0.44,0.159,-0.204,0.608,-0.157,0.716,-0.058,0.132,-0.544,-0.428,0.274,0.607,0.063,0.31,0.24,0.499,-0.443,0.41,-0.188,0.57,0.6,0.606,0.37,0.52,0.098,0.369,0.548,0.69,-0.051,0.611,0.592,0.631,-0.025,-0.283,0.747,0.553,-0.13,0.389,0.381,-0.064,-0.258,0.235,0.671,0.111,0.405,-0.414,0.548,0.543,0.004,-0.38
KDP,0.539,-0.16,-0.053,-0.321,0.008,-0.0,-0.092,-0.383,-0.107,0.615,-0.152,0.304,-0.472,0.328,-0.451,0.621,-0.163,-0.547,-0.274,0.292,-0.327,-0.019,-0.334,0.114,-0.117,0.012,-0.457,0.161,0.26,0.403,0.531,-0.279,-0.247,-0.153,0.339,0.326,-0.389,0.466,0.404,0.424,0.366,1.0,0.387,-0.361,0.048,0.253,0.066,0.426,-0.045,0.629,-0.073,0.201,-0.333,0.243,-0.426,0.452,-0.249,0.368,-0.472,-0.156,0.312,0.348,-0.201,0.274,0.253,0.153,-0.385,0.531,-0.389,0.395,0.512,0.39,-0.149,0.282,-0.199,-0.066,0.416,0.269,-0.354,0.122,0.104,0.455,-0.314,-0.361,0.485,0.428,-0.378,0.252,0.313,-0.238,-0.379,-0.032,0.54,0.058,0.525,-0.26,0.536,0.536,-0.384,-0.429
KHC,0.504,-0.212,0.004,-0.496,-0.084,0.234,-0.156,-0.314,-0.145,0.612,-0.132,0.376,-0.347,0.564,-0.46,0.484,-0.311,-0.398,-0.569,0.482,-0.074,0.068,-0.5,0.187,0.201,-0.034,-0.253,0.355,0.467,0.614,0.75,-0.324,-0.371,-0.055,0.551,0.387,-0.235,0.468,0.424,0.549,0.502,0.387,1.0,-0.321,-0.094,0.436,0.157,0.881,0.049,0.727,-0.349,-0.09,-0.381,0.408,-0.29,0.525,-0.326,0.262,-0.525,-0.475,0.341,0.632,-0.237,0.169,0.053,0.056,-0.514,0.613,-0.346,0.498,0.788,0.397,0.232,0.351,-0.096,0.074,0.386,0.532,-0.393,0.262,0.303,0.565,-0.168,-0.496,0.41,0.444,-0.344,0.225,0.409,-0.196,-0.39,0.037,0.635,0.045,0.499,-0.409,0.668,0.697,-0.218,-0.457
LRCX,-0.452,0.758,0.543,0.816,0.281,0.388,0.239,0.497,0.705,-0.382,0.567,0.054,0.613,-0.395,0.622,-0.158,0.707,0.637,0.663,-0.09,0.639,0.725,0.695,0.11,0.313,0.546,0.607,0.153,-0.415,-0.313,-0.245,0.727,0.709,0.61,-0.2,-0.125,0.51,-0.399,-0.343,-0.449,-0.134,-0.361,-0.321,1.0,0.284,-0.02,0.579,-0.386,0.354,-0.307,0.4,0.123,0.792,0.043,0.745,-0.175,0.579,0.202,0.43,0.628,0.199,-0.312,0.75,0.198,0.051,0.296,0.623,-0.348,0.713,0.061,-0.313,0.012,0.034,-0.271,0.594,0.586,-0.328,-0.203,0.398,0.179,-0.048,-0.113,0.788,0.353,-0.282,-0.025,0.502,0.01,0.004,0.57,0.712,0.608,-0.304,0.527,-0.318,0.602,-0.545,-0.416,0.694,0.571
LYFT,0.246,0.357,0.067,0.049,0.546,0.525,0.501,0.211,0.129,0.113,0.334,0.306,0.124,0.268,0.164,0.325,0.23,0.236,-0.09,-0.224,0.211,0.346,0.199,-0.501,0.453,0.229,0.228,0.218,0.287,0.297,0.114,0.128,0.137,0.261,0.354,0.195,0.237,0.352,0.345,0.148,0.315,0.048,-0.094,0.284,1.0,0.43,0.452,-0.01,0.342,0.054,-0.343,0.313,0.058,0.331,0.431,0.428,0.243,0.241,-0.306,0.067,0.38,0.03,0.348,0.445,0.23,0.587,-0.068,0.061,0.252,0.344,0.055,0.479,0.422,0.403,0.281,0.479,0.447,0.338,0.344,0.586,0.204,0.357,0.288,0.215,0.371,0.164,0.476,0.475,0.282,0.079,0.052,0.321,0.249,0.334,0.045,-0.192,0.079,0.103,0.431,0.055
MARA,0.517,0.117,0.154,-0.222,0.397,0.54,0.308,0.055,-0.06,0.561,0.219,0.704,-0.069,0.748,-0.273,0.435,0.04,-0.056,-0.35,0.012,0.156,0.125,-0.056,-0.182,0.488,0.109,0.142,0.332,0.622,0.574,0.563,0.133,0.171,0.177,0.605,0.574,0.152,0.533,0.617,0.292,0.614,0.253,0.436,-0.02,0.43,1.0,0.458,0.593,0.587,0.466,-0.493,0.124,-0.078,0.91,0.105,0.626,0.161,0.246,-0.474,-0.305,0.305,0.465,0.309,0.602,0.02,0.683,-0.322,0.29,0.176,0.411,0.605,0.629,0.396,0.519,0.168,0.373,0.536,0.934,0.174,0.784,0.384,0.715,0.077,-0.155,0.64,0.257,0.089,0.567,0.553,0.198,-0.098,0.082,0.582,0.318,0.109,-0.417,0.394,0.444,0.154,-0.169
MCHP,0.257,0.67,0.461,0.429,0.541,0.565,0.288,0.276,0.393,0.216,0.518,0.515,0.158,0.163,0.118,0.267,0.47,0.18,0.136,0.224,0.306,0.597,0.363,-0.168,0.513,0.495,0.243,0.552,0.09,0.206,0.333,0.392,0.384,0.491,0.396,0.369,0.305,0.146,0.263,0.123,0.382,0.066,0.157,0.579,0.452,0.458,1.0,0.17,0.592,0.269,0.027,0.345,0.366,0.481,0.422,0.371,0.408,0.417,-0.029,0.339,0.497,0.249,0.624,0.422,0.33,0.646,0.19,0.103,0.388,0.413,0.26,0.544,0.2,0.34,0.54,0.814,0.266,0.319,0.234,0.599,0.204,0.577,0.484,-0.077,0.284,0.381,0.195,0.356,0.304,0.406,0.201,0.71,0.359,0.543,0.121,0.223,0.047,0.141,0.454,0.149
MDLZ,0.643,-0.19,-0.011,-0.528,0.01,0.269,-0.041,-0.306,-0.146,0.648,-0.134,0.543,-0.356,0.695,-0.465,0.589,-0.324,-0.463,-0.621,0.438,-0.189,-0.042,-0.478,0.047,0.239,-0.046,-0.278,0.36,0.55,0.584,0.773,-0.332,-0.354,-0.022,0.639,0.393,-0.176,0.57,0.552,0.598,0.569,0.426,0.881,-0.386,-0.01,0.593,0.17,1.0,0.165,0.775,-0.452,-0.024,-0.453,0.534,-0.32,0.576,-0.277,0.262,-0.57,-0.534,0.374,0.661,-0.265,0.326,0.112,0.166,-0.57,0.736,-0.339,0.467,0.817,0.398,0.232,0.433,-0.093,0.159,0.528,0.658,-0.303,0.331,0.362,0.631,-0.2,-0.48,0.541,0.537,-0.331,0.28,0.378,-0.144,-0.434,-0.02,0.758,0.039,0.498,-0.464,0.805,0.822,-0.241,-0.462
META,0.146,0.456,0.384,0.314,0.597,0.784,0.375,0.483,0.187,0.288,0.463,0.509,0.323,0.351,0.127,0.069,0.517,0.373,0.066,-0.238,0.57,0.346,0.401,-0.025,0.523,0.312,0.501,0.364,0.336,0.185,0.331,0.452,0.455,0.455,0.368,0.395,0.647,0.285,0.232,-0.107,0.465,-0.045,0.049,0.354,0.342,0.587,0.592,0.165,1.0,0.137,-0.223,0.208,0.491,0.705,0.482,0.253,0.596,0.1,0.059,0.007,0.183,0.237,0.643,0.277,-0.041,0.729,0.215,-0.098,0.405,0.196,0.363,0.287,0.377,0.189,0.457,0.516,0.154,0.511,0.51,0.606,0.455,0.434,0.47,0.113,0.372,0.148,0.321,0.584,0.349,0.543,0.418,0.265,0.283,0.447,-0.262,-0.036,-0.023,0.006,0.514,0.318
MNST,0.724,-0.11,-0.031,-0.389,0.168,0.228,-0.241,-0.402,-0.029,0.675,-0.121,0.42,-0.43,0.551,-0.608,0.726,-0.114,-0.47,-0.517,0.412,-0.242,-0.012,-0.455,0.084,-0.022,0.042,-0.346,0.432,0.324,0.594,0.776,-0.258,-0.279,-0.078,0.389,0.395,-0.277,0.565,0.418,0.621,0.479,0.629,0.727,-0.307,0.054,0.466,0.269,0.775,0.137,1.0,-0.257,0.171,-0.327,0.491,-0.295,0.628,-0.211,0.461,-0.47,-0.251,0.396,0.568,-0.199,0.326,0.223,0.115,-0.47,0.681,-0.371,0.516,0.799,0.461,0.034,0.339,-0.116,0.083,0.506,0.497,-0.293,0.211,0.203,0.646,-0.109,-0.483,0.525,0.644,-0.394,0.343,0.351,-0.165,-0.411,0.178,0.815,0.08,0.572,-0.334,0.742,0.707,-0.295,-0.486
MRNA,-0.421,0.34,0.401,0.631,-0.375,-0.334,-0.356,0.046,0.52,-0.303,0.296,-0.21,0.145,-0.637,0.287,-0.245,0.348,0.088,0.718,0.157,0.064,0.259,0.372,0.44,-0.224,0.349,0.087,-0.068,-0.584,-0.593,-0.3,0.417,0.421,0.343,-0.527,-0.425,-0.083,-0.511,-0.577,-0.393,-0.44,-0.073,-0.349,0.4,-0.343,-0.493,0.027,-0.452,-0.223,-0.257,1.0,-0.087,0.413,-0.352,0.097,-0.531,0.145,0.197,0.551,0.63,0.084,-0.27,0.182,-0.075,0.21,-0.245,0.651,-0.185,0.22,-0.168,-0.403,-0.381,-0.579,-0.594,0.347,-0.026,-0.513,-0.566,-0.179,-0.268,-0.228,-0.467,0.183,0.002,-0.429,0.04,-0.11,-0.509,-0.322,0.419,0.336,0.202,-0.416,0.213,-0.084,0.842,-0.447,-0.354,0.033,0.343
MRVL,0.248,0.003,-0.296,0.095,0.66,0.267,-0.131,-0.291,0.121,0.229,-0.145,0.152,-0.356,0.204,-0.227,0.033,0.096,0.066,-0.147,0.039,-0.228,-0.009,-0.151,-0.327,-0.175,-0.158,-0.219,0.456,0.092,0.319,0.102,-0.078,-0.046,-0.071,0.027,0.312,-0.139,0.216,0.268,0.265,0.159,0.201,-0.09,0.123,0.313,0.124,0.345,-0.024,0.208,0.171,-0.087,1.0,0.045,0.007,-0.077,0.435,-0.002,-0.048,-0.08,0.228,-0.037,0.066,0.013,0.138,0.343,0.275,-0.03,0.121,-0.214,-0.077,-0.043,0.344,0.013,0.264,-0.097,0.128,0.189,0.081,0.024,0.042,0.324,0.123,0.306,0.013,0.24,0.106,-0.04,0.23,-0.15,-0.205,-0.21,0.29,0.202,-0.039,0.16,0.006,0.249,0.153,-0.056,-0.176
MSFT,-0.584,0.557,0.483,0.804,0.325,0.398,0.187,0.526,0.602,-0.316,0.492,-0.104,0.643,-0.451,0.574,-0.314,0.79,0.692,0.688,-0.249,0.759,0.562,0.666,0.324,0.141,0.381,0.722,-0.03,-0.376,-0.376,-0.231,0.8,0.777,0.522,-0.369,-0.112,0.626,-0.374,-0.431,-0.682,-0.204,-0.333,-0.381,0.792,0.058,-0.078,0.366,-0.453,0.491,-0.327,0.413,0.045,1.0,0.084,0.699,-0.316,0.752,-0.034,0.562,0.585,-0.082,-0.279,0.763,0.029,-0.142,0.285,0.762,-0.55,0.629,-0.149,-0.252,-0.203,-0.005,-0.398,0.552,0.279,-0.495,-0.227,0.501,0.026,-0.004,-0.211,0.768,0.407,-0.314,-0.182,0.46,0.033,-0.044,0.655,0.839,0.342,-0.374,0.474,-0.571,0.577,-0.667,-0.588,0.601,0.709
MSTR,0.454,0.234,0.375,-0.078,0.355,0.575,0.232,0.19,0.054,0.557,0.351,0.68,0.013,0.695,-0.246,0.431,0.154,-0.036,-0.218,0.008,0.289,0.215,0.061,-0.034,0.465,0.277,0.248,0.306,0.526,0.425,0.575,0.286,0.319,0.289,0.484,0.53,0.219,0.46,0.495,0.179,0.608,0.243,0.408,0.043,0.331,0.91,0.481,0.534,0.705,0.491,-0.352,0.007,0.084,1.0,0.184,0.478,0.292,0.317,-0.351,-0.164,0.29,0.483,0.417,0.566,0.003,0.619,-0.171,0.251,0.256,0.47,0.691,0.509,0.306,0.366,0.285,0.355,0.414,0.858,0.206,0.731,0.383,0.7,0.171,-0.242,0.574,0.319,0.016,0.554,0.566,0.373,0.053,0.166,0.551,0.434,0.045,-0.3,0.284,0.363,0.201,-0.075
MU,-0.426,0.554,0.566,0.553,0.354,0.537,0.422,0.672,0.494,-0.361,0.635,-0.073,0.755,-0.316,0.631,-0.138,0.676,0.746,0.527,-0.376,0.798,0.556,0.791,0.115,0.508,0.482,0.816,-0.071,-0.202,-0.294,-0.269,0.729,0.717,0.487,-0.124,-0.039,0.751,-0.288,-0.256,-0.593,-0.157,-0.426,-0.29,0.745,0.431,0.105,0.422,-0.32,0.482,-0.295,0.097,-0.077,0.699,0.184,1.0,-0.233,0.709,0.132,0.339,0.424,0.123,-0.254,0.798,0.128,-0.309,0.374,0.516,-0.488,0.761,-0.032,-0.205,-0.048,0.242,-0.207,0.641,0.423,-0.254,-0.051,0.565,0.341,-0.074,-0.052,0.696,0.492,-0.23,-0.225,0.697,0.209,0.22,0.579,0.724,0.36,-0.316,0.558,-0.632,0.274,-0.598,-0.489,0.81,0.693
MVIS,0.662,-0.152,-0.227,-0.373,0.471,0.371,0.075,-0.42,-0.217,0.683,-0.128,0.557,-0.48,0.729,-0.502,0.44,-0.217,-0.348,-0.593,0.246,-0.193,-0.032,-0.421,-0.379,0.118,-0.165,-0.272,0.551,0.53,0.859,0.611,-0.374,-0.343,-0.027,0.58,0.526,-0.255,0.702,0.611,0.59,0.716,0.452,0.525,-0.175,0.428,0.626,0.371,0.576,0.253,0.628,-0.531,0.435,-0.316,0.478,-0.233,1.0,-0.208,0.152,-0.655,-0.374,0.252,0.504,-0.092,0.318,0.268,0.42,-0.517,0.519,-0.374,0.522,0.506,0.786,0.27,0.604,-0.137,0.22,0.621,0.671,-0.169,0.474,0.446,0.598,-0.01,-0.294,0.69,0.431,-0.179,0.368,0.221,-0.304,-0.38,0.224,0.697,-0.048,0.485,-0.478,0.66,0.609,-0.229,-0.566
NFLX,-0.377,0.519,0.558,0.552,0.457,0.488,0.438,0.695,0.435,-0.256,0.661,0.03,0.655,-0.21,0.549,-0.219,0.739,0.596,0.51,-0.373,0.677,0.547,0.661,0.051,0.387,0.461,0.666,-0.123,-0.107,-0.248,-0.119,0.76,0.74,0.518,-0.152,0.136,0.706,-0.184,-0.078,-0.602,-0.058,-0.249,-0.326,0.579,0.243,0.161,0.408,-0.277,0.596,-0.211,0.145,-0.002,0.752,0.292,0.709,-0.208,1.0,0.005,0.445,0.394,0.009,-0.022,0.798,0.191,-0.245,0.505,0.489,-0.455,0.652,-0.074,-0.061,-0.058,0.178,-0.068,0.594,0.354,-0.285,0.042,0.59,0.277,0.088,0.15,0.688,0.379,-0.094,-0.044,0.545,0.22,0.224,0.67,0.773,0.157,-0.124,0.63,-0.619,0.262,-0.474,-0.407,0.656,0.727
NNDM,0.206,0.446,0.389,0.14,-0.089,0.13,-0.12,0.14,0.452,0.12,0.392,0.286,0.06,0.061,0.001,0.581,0.191,-0.078,0.112,0.315,0.097,0.481,0.067,0.219,0.165,0.654,-0.035,0.191,-0.098,0.042,0.267,0.276,0.253,0.207,0.127,0.083,-0.069,-0.017,0.015,0.166,0.132,0.368,0.262,0.202,0.241,0.246,0.417,0.262,0.1,0.461,0.197,-0.048,-0.034,0.317,0.132,0.152,0.005,1.0,-0.186,0.234,0.698,0.009,0.171,0.524,0.179,0.095,-0.011,0.414,0.308,0.483,0.36,0.195,-0.126,-0.055,0.193,0.334,0.114,0.098,-0.227,0.299,-0.168,0.362,0.043,-0.197,0.065,0.502,0.009,0.162,0.396,0.336,-0.047,0.338,0.374,0.398,0.254,0.111,0.226,0.379,0.255,-0.067
NVAX,-0.528,0.329,0.201,0.553,-0.054,-0.164,-0.032,0.449,0.384,-0.601,0.289,-0.437,0.559,-0.624,0.532,-0.46,0.59,0.504,0.498,-0.231,0.337,0.177,0.495,0.288,0.006,0.289,0.435,-0.194,-0.527,-0.604,-0.498,0.409,0.372,0.217,-0.51,-0.298,0.421,-0.618,-0.593,-0.507,-0.544,-0.472,-0.525,0.43,-0.306,-0.474,-0.029,-0.57,0.059,-0.47,0.551,-0.08,0.562,-0.351,0.339,-0.655,0.445,-0.186,1.0,0.438,-0.234,-0.388,0.245,-0.312,-0.22,-0.173,0.653,-0.523,0.407,-0.497,-0.487,-0.527,-0.185,-0.545,0.299,0.025,-0.651,-0.557,0.442,-0.349,-0.173,-0.487,0.365,0.359,-0.641,-0.277,0.293,-0.191,-0.261,0.497,0.598,-0.017,-0.477,0.144,-0.465,0.629,-0.566,-0.57,0.374,0.695
NVDA,-0.459,0.507,0.444,0.696,0.126,-0.116,-0.196,0.254,0.707,-0.468,0.487,-0.215,0.266,-0.563,0.36,-0.168,0.464,0.3,0.612,0.023,0.209,0.451,0.493,0.117,-0.105,0.435,0.249,-0.084,-0.575,-0.548,-0.414,0.595,0.62,0.315,-0.552,-0.255,0.062,-0.555,-0.425,-0.473,-0.428,-0.156,-0.475,0.628,0.067,-0.305,0.339,-0.534,0.007,-0.251,0.63,0.228,0.585,-0.164,0.424,-0.374,0.394,0.234,0.438,1.0,-0.015,-0.299,0.446,0.119,0.117,-0.032,0.627,-0.283,0.47,-0.091,-0.385,-0.183,-0.477,-0.423,0.398,0.189,-0.444,-0.5,0.081,-0.133,-0.275,-0.25,0.555,0.019,-0.457,-0.047,0.054,-0.291,-0.195,0.434,0.373,0.486,-0.426,0.295,-0.314,0.714,-0.55,-0.405,0.262,0.424
NWL,0.36,0.506,0.395,0.121,-0.006,0.3,0.247,0.116,0.231,0.304,0.362,0.44,0.112,0.174,0.12,0.491,0.188,-0.116,0.033,0.434,0.052,0.479,0.056,0.078,0.485,0.497,-0.013,0.293,0.129,0.14,0.421,0.125,0.089,0.369,0.499,0.125,0.076,0.124,0.192,0.351,0.274,0.312,0.341,0.199,0.38,0.305,0.497,0.374,0.183,0.396,0.084,-0.037,-0.082,0.29,0.123,0.252,0.009,0.698,-0.234,-0.015,1.0,0.201,0.128,0.481,0.426,0.347,-0.042,0.406,0.182,0.534,0.395,0.277,0.249,0.157,0.32,0.548,0.315,0.218,-0.134,0.463,0.104,0.436,0.052,-0.067,0.228,0.597,0.17,0.302,0.396,0.266,-0.03,0.319,0.484,0.511,0.45,0.076,0.314,0.397,0.275,0.013
OCGN,0.587,-0.155,0.136,-0.4,0.17,0.218,0.029,-0.292,-0.232,0.601,0.109,0.483,-0.419,0.577,-0.49,0.26,-0.147,-0.452,-0.481,0.263,-0.165,-0.022,-0.317,-0.144,0.248,-0.002,-0.225,0.337,0.6,0.477,0.688,-0.24,-0.254,0.099,0.561,0.45,-0.197,0.573,0.603,0.469,0.607,0.348,0.632,-0.312,0.03,0.465,0.249,0.661,0.237,0.568,-0.27,0.066,-0.279,0.483,-0.254,0.504,-0.022,0.009,-0.388,-0.299,0.201,1.0,-0.075,0.274,0.124,0.321,-0.397,0.423,-0.368,0.444,0.621,0.472,0.139,0.498,0.08,0.155,0.519,0.583,-0.175,0.448,0.456,0.588,-0.048,-0.515,0.549,0.496,-0.399,0.18,0.349,-0.099,-0.262,0.141,0.627,0.104,0.359,-0.312,0.496,0.488,-0.264,-0.202
ON,-0.284,0.611,0.625,0.639,0.442,0.599,0.451,0.609,0.467,-0.127,0.653,0.188,0.581,-0.168,0.471,-0.122,0.685,0.596,0.588,-0.305,0.775,0.601,0.753,0.086,0.484,0.533,0.734,0.09,-0.07,-0.12,-0.091,0.777,0.794,0.589,-0.018,0.156,0.67,-0.111,-0.054,-0.569,0.063,-0.201,-0.237,0.75,0.348,0.309,0.624,-0.265,0.643,-0.199,0.182,0.013,0.763,0.417,0.798,-0.092,0.798,0.171,0.245,0.446,0.128,-0.075,1.0,0.288,-0.169,0.598,0.525,-0.427,0.737,0.119,-0.056,0.207,0.169,-0.005,0.672,0.498,-0.139,0.171,0.503,0.491,0.045,0.202,0.652,0.296,0.021,-0.114,0.498,0.254,0.3,0.648,0.729,0.401,-0.165,0.665,-0.52,0.296,-0.531,-0.407,0.685,0.585
