,AAL,AAPL,AGNC,AMAT,AMD,AMZN,APA,ARDX,AVGO,AZN,BIDU,BILI,BKR,CAN,CHRD,CMCSA,CPRT,CRWD,CSCO,CSX,DKNG,EBAY,ERIC,EXC,FITB,FLEX,FTNT,GEN,GERN,GEVO,GILD,GOOG,GOOGL,GT,HBAN,HST,INTC,IOVA,IQ,JBLU,JD,KDP,KHC,LRCX,LYFT,MARA,MCHP,MDLZ,META,MNST,MRNA,MRVL,MSFT,MSTR,MU,MVIS,NFLX,NNDM,NVAX,NVDA,NWL,OCGN,ON,OPK,PAA,PACB,PANW,PARA,PDD,PENN,PEP,PLUG,PTEN,PTON,PYPL,QCOM,QVCGA,RIOT,ROKU,RUN,SABR,SBUX,SMCI,SNDL,STNE,TCOM,TLRY,TMUS,TSCO,TSLA,TTD,TXN,UAL,VOD,VTRS,VXRT,WBA,WBD,WDC,ZM
AAL,1.0,-0.363,0.926,-0.253,-0.585,-0.376,0.824,-0.308,-0.224,-0.393,-0.147,-0.477,0.873,-0.323,0.795,0.255,0.07,-0.494,-0.303,0.772,0.777,0.581,0.541,0.214,0.92,0.856,-0.318,0.823,0.694,0.587,0.138,-0.494,-0.484,0.897,0.944,0.89,-0.588,0.579,0.669,0.911,0.65,-0.196,0.261,-0.469,0.024,-0.483,0.561,-0.392,-0.56,-0.105,-0.525,0.337,-0.509,-0.243,-0.316,0.34,-0.097,0.816,0.789,-0.502,0.794,0.43,0.144,-0.677,0.924,0.177,-0.219,0.439,0.529,0.783,-0.405,0.876,0.849,0.823,0.65,-0.042,0.787,-0.491,0.041,0.894,0.895,0.802,-0.261,0.643,-0.014,0.307,0.382,-0.033,-0.168,-0.004,-0.228,-0.338,0.955,0.658,0.837,0.604,0.632,0.652,0.809,0.102
AAPL,-0.363,1.0,-0.313,0.639,0.79,0.881,-0.089,0.693,0.76,0.775,0.66,0.717,-0.318,0.425,-0.191,0.481,0.666,0.606,0.843,-0.282,-0.253,0.242,0.0,0.005,-0.248,-0.061,0.743,-0.153,-0.539,-0.35,0.412,0.86,0.854,-0.309,-0.272,-0.32,0.639,-0.517,-0.323,-0.348,-0.273,0.586,0.324,0.615,0.27,0.769,-0.177,0.835,0.856,0.75,0.664,0.412,0.878,0.76,0.683,0.05,0.545,-0.416,-0.227,0.878,-0.298,-0.216,-0.039,0.407,-0.305,0.497,0.764,0.333,-0.574,0.027,0.835,-0.438,-0.353,-0.451,0.03,0.737,-0.505,0.844,0.235,-0.416,-0.41,-0.093,0.615,-0.234,0.543,-0.003,0.294,0.621,0.211,0.574,0.706,0.824,-0.495,-0.625,-0.336,-0.307,-0.147,0.165,-0.091,0.383
AGNC,0.926,-0.313,1.0,-0.194,-0.525,-0.3,0.791,-0.238,-0.163,-0.33,-0.115,-0.418,0.846,-0.267,0.737,0.256,0.093,-0.361,-0.296,0.735,0.759,0.533,0.549,0.238,0.912,0.834,-0.232,0.79,0.688,0.571,0.19,-0.442,-0.412,0.902,0.919,0.874,-0.551,0.629,0.62,0.901,0.68,-0.151,0.281,-0.415,0.064,-0.424,0.521,-0.354,-0.496,-0.059,-0.44,0.381,-0.45,-0.193,-0.278,0.411,0.006,0.778,0.737,-0.452,0.773,0.431,0.186,-0.592,0.868,0.28,-0.177,0.477,0.515,0.761,-0.372,0.82,0.795,0.776,0.654,-0.007,0.721,-0.461,0.159,0.88,0.874,0.811,-0.181,0.664,0.058,0.302,0.411,0.048,-0.135,0.103,-0.099,-0.309,0.854,0.61,0.777,0.603,0.651,0.618,0.789,0.227
AMAT,-0.253,0.639,-0.194,1.0,0.638,0.743,-0.139,0.359,0.782,0.374,0.383,0.404,-0.185,0.678,-0.221,0.396,0.332,0.555,0.69,-0.116,-0.186,0.169,-0.165,0.349,-0.153,-0.112,0.433,-0.08,-0.122,0.08,0.105,0.696,0.667,-0.228,-0.183,-0.089,0.585,-0.256,-0.202,-0.246,-0.243,0.456,0.015,0.76,0.424,0.757,0.213,0.469,0.647,0.553,0.68,0.277,0.71,0.74,0.438,0.114,0.213,-0.291,-0.214,0.663,-0.191,0.218,0.231,0.326,-0.228,0.186,0.479,0.158,-0.181,0.023,0.475,-0.191,-0.218,-0.329,0.087,0.563,-0.299,0.679,0.401,-0.251,-0.228,0.014,0.339,-0.127,0.333,0.133,0.32,0.499,0.5,0.359,0.487,0.716,-0.337,-0.405,-0.279,-0.269,-0.055,0.231,-0.044,0.338
AMD,-0.585,0.79,-0.525,0.638,1.0,0.846,-0.411,0.439,0.62,0.627,0.535,0.628,-0.551,0.48,-0.53,0.185,0.381,0.658,0.725,-0.485,-0.497,-0.076,-0.351,-0.043,-0.5,-0.336,0.609,-0.422,-0.619,-0.442,0.105,0.868,0.904,-0.545,-0.537,-0.498,0.712,-0.657,-0.592,-0.606,-0.487,0.503,0.011,0.666,0.248,0.779,-0.252,0.697,0.84,0.532,0.637,0.041,0.907,0.631,0.523,-0.15,0.373,-0.637,-0.615,0.917,-0.606,-0.235,-0.005,0.609,-0.557,0.18,0.582,-0.006,-0.531,-0.3,0.713,-0.64,-0.596,-0.638,-0.208,0.564,-0.657,0.8,0.126,-0.645,-0.645,-0.375,0.62,-0.411,0.413,-0.228,0.128,0.493,0.338,0.346,0.6,0.707,-0.676,-0.746,-0.638,-0.486,-0.447,-0.14,-0.443,0.162
AMZN,-0.376,0.881,-0.3,0.743,0.846,1.0,-0.195,0.61,0.732,0.708,0.629,0.691,-0.321,0.57,-0.303,0.506,0.569,0.66,0.826,-0.265,-0.223,0.168,-0.064,0.156,-0.25,-0.12,0.708,-0.172,-0.454,-0.187,0.34,0.873,0.873,-0.31,-0.299,-0.255,0.776,-0.407,-0.363,-0.344,-0.271,0.607,0.278,0.726,0.327,0.818,-0.093,0.773,0.873,0.678,0.723,0.316,0.93,0.806,0.595,0.162,0.477,-0.419,-0.308,0.849,-0.323,-0.048,0.029,0.527,-0.321,0.44,0.694,0.253,-0.442,0.0,0.796,-0.43,-0.402,-0.458,0.037,0.731,-0.5,0.796,0.395,-0.411,-0.381,-0.065,0.499,-0.236,0.566,0.03,0.347,0.648,0.483,0.551,0.705,0.82,-0.495,-0.629,-0.413,-0.274,-0.132,0.16,-0.142,0.511
APA,0.824,-0.089,0.791,-0.139,-0.411,-0.195,1.0,-0.068,0.023,-0.122,0.204,-0.251,0.892,-0.366,0.859,0.522,0.358,-0.365,-0.011,0.722,0.646,0.803,0.637,0.093,0.848,0.875,0.008,0.887,0.538,0.421,0.414,-0.209,-0.215,0.833,0.89,0.772,-0.403,0.443,0.671,0.783,0.704,0.011,0.48,-0.288,0.132,-0.344,0.376,-0.071,-0.358,0.138,-0.459,0.493,-0.28,-0.044,0.055,0.444,0.19,0.664,0.808,-0.193,0.803,0.376,0.011,-0.618,0.894,0.461,0.048,0.748,0.283,0.834,-0.176,0.703,0.838,0.676,0.672,0.275,0.694,-0.218,0.179,0.795,0.775,0.822,0.103,0.7,0.008,0.393,0.545,0.077,-0.211,0.258,0.002,-0.061,0.722,0.485,0.782,0.582,0.761,0.779,0.796,0.136
ARDX,-0.308,0.693,-0.238,0.359,0.439,0.61,-0.068,1.0,0.491,0.596,0.46,0.629,-0.202,0.128,-0.018,0.405,0.648,0.397,0.659,-0.148,-0.047,0.14,0.229,0.141,-0.252,-0.038,0.773,-0.124,-0.443,-0.38,0.567,0.501,0.473,-0.216,-0.253,-0.256,0.552,-0.167,-0.128,-0.311,-0.058,0.605,0.467,0.512,0.044,0.389,-0.163,0.663,0.648,0.661,0.401,0.504,0.604,0.552,0.623,0.204,0.577,-0.267,0.003,0.584,-0.106,-0.333,0.062,0.378,-0.192,0.434,0.501,0.344,-0.491,-0.03,0.642,-0.352,-0.232,-0.222,0.026,0.53,-0.376,0.551,0.234,-0.328,-0.333,-0.053,0.34,-0.156,0.608,-0.099,0.092,0.441,0.143,0.433,0.615,0.637,-0.405,-0.506,-0.26,-0.105,0.043,0.136,-0.055,0.412
AVGO,-0.224,0.76,-0.163,0.782,0.62,0.732,0.023,0.491,1.0,0.436,0.593,0.537,-0.109,0.444,-0.014,0.528,0.495,0.644,0.726,-0.137,-0.192,0.377,-0.044,0.08,-0.086,0.018,0.598,0.092,-0.192,-0.035,0.253,0.806,0.758,-0.179,-0.11,-0.147,0.426,-0.344,-0.043,-0.236,-0.12,0.434,0.122,0.704,0.535,0.656,0.19,0.508,0.701,0.682,0.613,0.491,0.695,0.718,0.559,-0.042,0.318,-0.292,-0.098,0.725,-0.068,0.166,0.216,0.224,-0.15,0.366,0.633,0.366,-0.323,0.131,0.495,-0.161,-0.136,-0.261,0.298,0.735,-0.228,0.699,0.406,-0.218,-0.183,0.132,0.562,-0.03,0.398,0.275,0.464,0.613,0.32,0.561,0.675,0.764,-0.333,-0.368,-0.169,-0.222,-0.014,0.361,0.009,0.41
AZN,-0.393,0.775,-0.33,0.374,0.627,0.708,-0.122,0.596,0.436,1.0,0.623,0.736,-0.336,0.21,-0.303,0.383,0.703,0.381,0.719,-0.352,-0.284,0.097,0.204,-0.15,-0.279,-0.145,0.756,-0.234,-0.655,-0.516,0.424,0.686,0.686,-0.314,-0.286,-0.42,0.667,-0.427,-0.451,-0.405,-0.254,0.48,0.395,0.498,0.144,0.623,-0.379,0.9,0.643,0.551,0.528,0.299,0.736,0.653,0.722,0.122,0.617,-0.38,-0.285,0.703,-0.387,-0.427,-0.148,0.441,-0.345,0.487,0.694,0.298,-0.712,-0.018,0.877,-0.525,-0.509,-0.555,-0.215,0.58,-0.629,0.725,0.2,-0.444,-0.43,-0.232,0.588,-0.365,0.313,-0.207,0.136,0.441,0.107,0.48,0.587,0.712,-0.486,-0.681,-0.479,-0.363,-0.133,0.017,-0.148,0.175
BIDU,-0.147,0.66,-0.115,0.383,0.535,0.629,0.204,0.46,0.593,0.623,1.0,0.721,0.046,0.151,0.002,0.664,0.694,0.382,0.717,-0.08,-0.196,0.529,0.286,-0.086,0.042,0.203,0.672,0.195,-0.378,-0.224,0.479,0.685,0.684,-0.028,-0.009,-0.091,0.448,-0.259,-0.05,-0.103,0.141,0.42,0.426,0.48,0.53,0.417,-0.236,0.66,0.562,0.637,0.298,0.506,0.656,0.639,0.652,0.223,0.648,-0.139,-0.017,0.64,-0.006,0.005,-0.159,0.13,-0.013,0.545,0.661,0.615,-0.415,0.309,0.556,-0.269,-0.076,-0.221,0.088,0.821,-0.206,0.602,0.316,-0.226,-0.156,0.158,0.609,0.096,0.195,0.156,0.61,0.478,0.147,0.591,0.667,0.642,-0.284,-0.4,-0.078,0.04,0.208,0.39,0.123,0.272
BILI,-0.477,0.717,-0.418,0.404,0.628,0.691,-0.251,0.629,0.537,0.736,0.721,1.0,-0.442,0.313,-0.389,0.409,0.561,0.507,0.643,-0.306,-0.344,0.106,0.108,-0.154,-0.354,-0.219,0.667,-0.221,-0.644,-0.368,0.32,0.653,0.66,-0.37,-0.389,-0.447,0.569,-0.422,-0.258,-0.447,-0.166,0.352,0.282,0.542,0.269,0.575,-0.447,0.691,0.704,0.48,0.566,0.425,0.708,0.657,0.599,0.009,0.566,-0.407,-0.236,0.68,-0.314,-0.258,-0.231,0.434,-0.421,0.502,0.739,0.232,-0.566,-0.093,0.666,-0.524,-0.487,-0.41,-0.226,0.609,-0.519,0.665,0.203,-0.509,-0.437,-0.22,0.485,-0.15,0.228,0.021,0.266,0.371,0.14,0.648,0.662,0.619,-0.571,-0.567,-0.383,-0.163,-0.166,0.042,-0.212,0.382
BKR,0.873,-0.318,0.846,-0.185,-0.551,-0.321,0.892,-0.202,-0.109,-0.336,0.046,-0.442,1.0,-0.38,0.834,0.363,0.11,-0.461,-0.193,0.697,0.718,0.638,0.592,0.214,0.884,0.875,-0.199,0.827,0.658,0.506,0.254,-0.379,-0.371,0.829,0.885,0.846,-0.45,0.586,0.712,0.823,0.729,-0.083,0.33,-0.288,0.186,-0.472,0.509,-0.295,-0.501,0.011,-0.559,0.37,-0.42,-0.181,-0.104,0.459,0.009,0.708,0.773,-0.441,0.788,0.451,0.174,-0.704,0.921,0.206,-0.215,0.579,0.496,0.781,-0.385,0.785,0.882,0.732,0.643,0.087,0.765,-0.417,0.179,0.841,0.808,0.84,-0.129,0.65,-0.027,0.37,0.485,0.004,-0.077,-0.001,-0.19,-0.235,0.814,0.561,0.771,0.586,0.765,0.681,0.798,0.135
CAN,-0.323,0.425,-0.267,0.678,0.48,0.57,-0.366,0.128,0.444,0.21,0.151,0.313,-0.38,1.0,-0.441,0.221,0.08,0.546,0.377,-0.255,-0.32,-0.099,-0.454,0.365,-0.251,-0.336,0.153,-0.26,-0.089,0.203,-0.094,0.523,0.51,-0.376,-0.299,-0.192,0.377,-0.148,-0.312,-0.267,-0.395,0.303,-0.07,0.365,0.326,0.755,-0.047,0.287,0.57,0.309,0.765,-0.11,0.565,0.562,0.035,-0.096,-0.008,-0.419,-0.338,0.411,-0.318,0.305,-0.06,0.394,-0.365,0.017,0.268,-0.149,-0.016,-0.225,0.405,-0.241,-0.323,-0.401,-0.131,0.214,-0.314,0.522,0.298,-0.362,-0.267,-0.145,-0.004,-0.243,0.302,0.182,0.067,0.445,0.539,0.24,0.282,0.333,-0.345,-0.333,-0.283,-0.179,-0.195,-0.084,-0.294,0.343
CHRD,0.795,-0.191,0.737,-0.221,-0.53,-0.303,0.859,-0.018,-0.014,-0.303,0.002,-0.389,0.834,-0.441,1.0,0.389,0.198,-0.408,-0.088,0.712,0.641,0.66,0.551,0.251,0.742,0.776,-0.031,0.807,0.641,0.501,0.416,-0.329,-0.381,0.771,0.807,0.728,-0.443,0.477,0.74,0.736,0.621,-0.008,0.451,-0.342,-0.024,-0.468,0.543,-0.21,-0.421,0.083,-0.428,0.372,-0.393,-0.161,-0.112,0.304,-0.039,0.63,0.858,-0.321,0.815,0.369,0.193,-0.56,0.903,0.25,-0.162,0.596,0.358,0.666,-0.294,0.704,0.882,0.711,0.709,0.092,0.752,-0.352,0.022,0.779,0.745,0.786,-0.133,0.568,0.073,0.418,0.346,0.047,-0.206,0.022,-0.106,-0.114,0.718,0.616,0.8,0.561,0.729,0.685,0.745,0.127
CMCSA,0.255,0.481,0.256,0.396,0.185,0.506,0.522,0.405,0.528,0.383,0.664,0.409,0.363,0.221,0.389,1.0,0.718,0.276,0.645,0.446,0.244,0.81,0.474,0.311,0.409,0.47,0.545,0.576,0.052,0.277,0.608,0.413,0.373,0.355,0.395,0.361,0.227,0.212,0.252,0.308,0.366,0.515,0.67,0.288,0.435,0.32,0.127,0.476,0.32,0.609,0.224,0.599,0.391,0.637,0.454,0.512,0.487,0.218,0.43,0.41,0.407,0.348,-0.079,-0.009,0.383,0.629,0.551,0.792,-0.118,0.61,0.433,0.156,0.313,0.164,0.51,0.765,0.175,0.415,0.504,0.201,0.321,0.621,0.316,0.385,0.267,0.464,0.652,0.57,0.314,0.667,0.481,0.505,0.128,0.024,0.318,0.279,0.653,0.707,0.452,0.589
CPRT,0.07,0.666,0.093,0.332,0.381,0.569,0.358,0.648,0.495,0.703,0.694,0.561,0.11,0.08,0.198,0.718,1.0,0.304,0.706,0.113,0.117,0.59,0.468,-0.005,0.181,0.363,0.79,0.277,-0.335,-0.262,0.645,0.517,0.495,0.132,0.184,0.05,0.402,-0.081,0.001,0.042,0.228,0.526,0.634,0.423,0.276,0.386,-0.082,0.706,0.488,0.679,0.223,0.643,0.538,0.627,0.713,0.353,0.724,0.079,0.164,0.601,0.109,-0.163,0.005,0.182,0.133,0.639,0.683,0.702,-0.502,0.428,0.669,-0.058,-0.013,-0.098,0.252,0.785,-0.189,0.583,0.346,-0.066,-0.018,0.261,0.534,0.073,0.442,-0.001,0.443,0.511,0.049,0.614,0.695,0.673,-0.023,-0.323,0.008,0.057,0.319,0.507,0.278,0.283
CRWD,-0.494,0.606,-0.361,0.555,0.658,0.66,-0.365,0.397,0.644,0.381,0.382,0.507,-0.461,0.546,-0.408,0.276,0.304,1.0,0.493,-0.392,-0.268,0.051,-0.338,-0.065,-0.334,-0.252,0.526,-0.219,-0.425,-0.197,0.011,0.693,0.696,-0.373,-0.399,-0.399,0.414,-0.37,-0.353,-0.355,-0.242,0.32,-0.06,0.545,0.445,0.609,-0.118,0.351,0.652,0.474,0.578,0.251,0.595,0.537,0.375,-0.144,0.223,-0.408,-0.449,0.664,-0.4,0.029,0.145,0.617,-0.5,0.168,0.631,0.077,-0.414,-0.169,0.442,-0.469,-0.5,-0.489,-0.07,0.549,-0.503,0.546,0.388,-0.5,-0.331,-0.22,0.442,-0.091,0.422,0.135,0.226,0.473,0.335,0.534,0.693,0.51,-0.529,-0.37,-0.419,-0.235,-0.316,0.029,-0.274,0.377
CSCO,-0.303,0.843,-0.296,0.69,0.725,0.826,-0.011,0.659,0.726,0.719,0.717,0.643,-0.193,0.377,-0.088,0.645,0.706,0.493,1.0,-0.099,-0.208,0.368,0.095,0.277,-0.196,-0.052,0.806,-0.021,-0.414,-0.225,0.543,0.795,0.756,-0.201,-0.207,-0.196,0.721,-0.333,-0.311,-0.322,-0.213,0.786,0.474,0.641,0.31,0.685,-0.112,0.847,0.736,0.824,0.595,0.357,0.851,0.824,0.713,0.218,0.56,-0.33,-0.155,0.836,-0.206,-0.049,-0.024,0.445,-0.189,0.397,0.656,0.409,-0.487,0.101,0.816,-0.423,-0.247,-0.378,0.13,0.758,-0.382,0.822,0.282,-0.369,-0.347,0.015,0.533,-0.187,0.445,-0.02,0.319,0.647,0.44,0.479,0.629,0.854,-0.448,-0.566,-0.289,-0.261,0.073,0.267,-0.026,0.324
CSX,0.772,-0.282,0.735,-0.116,-0.485,-0.265,0.722,-0.148,-0.137,-0.352,-0.08,-0.306,0.697,-0.255,0.712,0.446,0.113,-0.392,-0.099,1.0,0.668,0.633,0.505,0.413,0.729,0.677,-0.2,0.76,0.639,0.662,0.314,-0.431,-0.438,0.765,0.763,0.824,-0.422,0.669,0.581,0.791,0.586,0.034,0.363,-0.357,-0.059,-0.408,0.439,-0.287,-0.45,-0.019,-0.385,0.371,-0.415,-0.083,-0.226,0.509,-0.027,0.721,0.799,-0.313,0.836,0.503,0.034,-0.484,0.8,0.233,-0.127,0.494,0.451,0.69,-0.312,0.652,0.808,0.756,0.617,0.073,0.719,-0.396,0.148,0.749,0.767,0.794,-0.264,0.661,-0.098,0.37,0.366,0.009,0.028,0.15,-0.216,-0.211,0.703,0.675,0.828,0.577,0.79,0.632,0.737,0.285
DKNG,0.777,-0.253,0.759,-0.186,-0.497,-0.223,0.646,-0.047,-0.192,-0.284,-0.196,-0.344,0.718,-0.32,0.641,0.244,0.117,-0.268,-0.208,0.668,1.0,0.453,0.521,0.199,0.726,0.716,-0.126,0.67,0.495,0.464,0.236,-0.456,-0.449,0.773,0.733,0.761,-0.319,0.559,0.578,0.774,0.686,-0.09,0.296,-0.264,0.012,-0.395,0.419,-0.321,-0.448,-0.024,-0.44,0.413,-0.434,-0.122,-0.08,0.464,-0.018,0.75,0.664,-0.397,0.622,0.296,0.214,-0.472,0.69,0.261,-0.071,0.387,0.4,0.658,-0.307,0.693,0.618,0.743,0.609,0.038,0.578,-0.426,0.222,0.779,0.756,0.677,-0.229,0.65,0.136,0.309,0.358,-0.047,0.033,0.178,-0.061,-0.237,0.749,0.535,0.656,0.596,0.558,0.585,0.757,0.379
EBAY,0.581,0.242,0.533,0.169,-0.076,0.168,0.803,0.14,0.377,0.097,0.529,0.106,0.638,-0.099,0.66,0.81,0.59,0.051,0.368,0.633,0.453,1.0,0.564,0.128,0.696,0.759,0.293,0.829,0.271,0.346,0.449,0.147,0.118,0.652,0.692,0.573,-0.154,0.254,0.488,0.603,0.566,0.228,0.508,0.02,0.397,-0.028,0.32,0.157,-0.027,0.433,-0.16,0.687,0.053,0.339,0.278,0.4,0.304,0.491,0.635,0.164,0.675,0.417,0.03,-0.33,0.673,0.544,0.435,0.855,0.055,0.832,0.085,0.446,0.61,0.453,0.682,0.646,0.507,0.11,0.366,0.495,0.591,0.763,0.282,0.663,0.085,0.467,0.754,0.348,-0.014,0.537,0.325,0.272,0.452,0.355,0.654,0.47,0.696,0.881,0.757,0.321
ERIC,0.541,0.0,0.549,-0.165,-0.351,-0.064,0.637,0.229,-0.044,0.204,0.286,0.108,0.592,-0.454,0.551,0.474,0.468,-0.338,0.095,0.505,0.521,0.564,1.0,0.024,0.573,0.627,0.205,0.54,0.107,0.11,0.488,-0.265,-0.259,0.613,0.568,0.477,-0.122,0.385,0.443,0.5,0.66,0.055,0.566,-0.039,-0.015,-0.265,0.194,0.148,-0.244,0.135,-0.33,0.609,-0.174,0.104,0.262,0.609,0.466,0.593,0.633,-0.177,0.543,-0.027,0.062,-0.365,0.57,0.551,0.144,0.577,0.066,0.686,0.014,0.397,0.435,0.431,0.413,0.301,0.365,-0.089,0.276,0.468,0.489,0.544,0.063,0.467,-0.0,0.185,0.358,0.042,-0.22,0.31,0.133,0.11,0.445,0.259,0.47,0.444,0.626,0.559,0.669,0.259
EXC,0.214,0.005,0.238,0.349,-0.043,0.156,0.093,0.141,0.08,-0.15,-0.086,-0.154,0.214,0.365,0.251,0.311,-0.005,-0.065,0.277,0.413,0.199,0.128,0.024,1.0,0.176,0.062,0.054,0.202,0.465,0.539,0.337,-0.049,-0.091,0.198,0.181,0.393,0.15,0.418,0.07,0.215,0.042,0.522,0.377,-0.028,-0.056,0.109,0.257,0.075,0.028,0.309,0.278,-0.08,0.138,0.243,-0.211,0.377,-0.07,0.121,0.295,-0.046,0.249,0.456,0.007,0.077,0.27,-0.076,-0.245,0.061,0.426,0.084,0.103,0.164,0.35,0.242,0.289,-0.021,0.298,0.01,0.108,0.204,0.179,0.349,-0.438,0.051,0.252,0.139,0.014,0.318,0.525,-0.164,-0.128,0.094,0.128,0.117,0.242,0.208,0.438,0.161,0.199,0.337
FITB,0.92,-0.248,0.912,-0.153,-0.5,-0.25,0.848,-0.252,-0.086,-0.279,0.042,-0.354,0.884,-0.251,0.742,0.409,0.181,-0.334,-0.196,0.729,0.726,0.696,0.573,0.176,1.0,0.885,-0.215,0.858,0.623,0.556,0.201,-0.343,-0.324,0.892,0.974,0.866,-0.527,0.545,0.629,0.911,0.7,-0.153,0.338,-0.372,0.211,-0.369,0.472,-0.289,-0.436,0.003,-0.437,0.463,-0.399,-0.127,-0.2,0.41,-0.004,0.781,0.753,-0.407,0.802,0.486,0.066,-0.657,0.882,0.284,-0.038,0.575,0.46,0.86,-0.328,0.823,0.827,0.757,0.658,0.142,0.741,-0.401,0.224,0.83,0.881,0.852,-0.143,0.733,-0.027,0.396,0.583,0.056,-0.137,0.166,-0.094,-0.273,0.872,0.608,0.816,0.583,0.685,0.734,0.853,0.207
FLEX,0.856,-0.061,0.834,-0.112,-0.336,-0.12,0.875,-0.038,0.018,-0.145,0.203,-0.219,0.875,-0.336,0.776,0.47,0.363,-0.252,-0.052,0.677,0.716,0.759,0.627,0.062,0.885,1.0,-0.026,0.802,0.414,0.34,0.327,-0.217,-0.176,0.805,0.869,0.79,-0.373,0.404,0.631,0.835,0.705,-0.055,0.403,-0.178,0.191,-0.339,0.485,-0.15,-0.29,0.138,-0.49,0.588,-0.256,-0.056,0.04,0.416,0.173,0.706,0.737,-0.203,0.725,0.285,0.209,-0.552,0.869,0.37,0.092,0.674,0.239,0.848,-0.19,0.692,0.77,0.645,0.627,0.326,0.601,-0.271,0.169,0.723,0.758,0.832,0.03,0.689,0.149,0.308,0.598,0.155,-0.161,0.239,0.072,-0.07,0.787,0.522,0.739,0.559,0.659,0.757,0.834,0.229
FTNT,-0.318,0.743,-0.232,0.433,0.609,0.708,0.008,0.773,0.598,0.756,0.672,0.667,-0.199,0.153,-0.031,0.545,0.79,0.526,0.806,-0.2,-0.126,0.293,0.205,0.054,-0.215,-0.026,1.0,-0.007,-0.458,-0.358,0.654,0.686,0.636,-0.156,-0.196,-0.302,0.651,-0.279,-0.186,-0.327,-0.027,0.602,0.528,0.546,0.189,0.509,-0.177,0.809,0.665,0.714,0.461,0.41,0.739,0.688,0.752,0.218,0.672,-0.312,-0.128,0.763,-0.165,-0.244,0.056,0.475,-0.189,0.563,0.621,0.48,-0.55,0.026,0.776,-0.407,-0.315,-0.352,0.081,0.723,-0.382,0.698,0.282,-0.344,-0.326,-0.045,0.566,-0.152,0.486,-0.013,0.227,0.515,0.178,0.547,0.786,0.823,-0.448,-0.527,-0.304,-0.086,0.084,0.23,-0.026,0.329
GEN,0.823,-0.153,0.79,-0.08,-0.422,-0.172,0.887,-0.124,0.092,-0.234,0.195,-0.221,0.827,-0.26,0.807,0.576,0.277,-0.219,-0.021,0.76,0.67,0.829,0.54,0.202,0.858,0.802,-0.007,1.0,0.656,0.602,0.325,-0.193,-0.23,0.865,0.894,0.803,-0.448,0.539,0.695,0.825,0.752,0.002,0.397,-0.292,0.276,-0.361,0.435,-0.209,-0.387,0.18,-0.376,0.511,-0.299,0.033,-0.083,0.387,0.088,0.745,0.786,-0.233,0.852,0.578,0.03,-0.591,0.852,0.423,0.059,0.717,0.388,0.816,-0.261,0.758,0.823,0.781,0.765,0.286,0.772,-0.281,0.271,0.834,0.86,0.891,0.019,0.773,-0.055,0.496,0.645,0.135,-0.09,0.315,0.085,-0.088,0.727,0.557,0.816,0.648,0.776,0.828,0.814,0.287
GERN,0.694,-0.539,0.688,-0.122,-0.619,-0.454,0.538,-0.443,-0.192,-0.655,-0.378,-0.644,0.658,-0.089,0.641,0.052,-0.335,-0.425,-0.414,0.639,0.495,0.271,0.107,0.465,0.623,0.414,-0.458,0.656,1.0,0.837,0.019,-0.466,-0.523,0.633,0.682,0.739,-0.543,0.643,0.611,0.679,0.447,-0.22,0.046,-0.475,-0.004,-0.452,0.539,-0.567,-0.558,-0.216,-0.287,-0.052,-0.522,-0.304,-0.57,0.225,-0.397,0.566,0.646,-0.564,0.747,0.747,0.071,-0.578,0.692,-0.041,-0.504,0.149,0.768,0.365,-0.571,0.795,0.797,0.739,0.516,-0.293,0.835,-0.561,0.028,0.805,0.736,0.649,-0.461,0.478,-0.202,0.438,0.187,-0.144,-0.016,-0.236,-0.384,-0.409,0.673,0.65,0.71,0.566,0.567,0.362,0.514,0.081
GEVO,0.587,-0.35,0.571,0.08,-0.442,-0.187,0.421,-0.38,-0.035,-0.516,-0.224,-0.368,0.506,0.203,0.501,0.277,-0.262,-0.197,-0.225,0.662,0.464,0.346,0.11,0.539,0.556,0.34,-0.358,0.602,0.837,1.0,0.019,-0.315,-0.366,0.563,0.578,0.675,-0.382,0.584,0.551,0.628,0.375,-0.153,0.11,-0.335,0.071,-0.168,0.511,-0.427,-0.377,-0.173,-0.004,0.02,-0.329,-0.026,-0.514,0.255,-0.386,0.462,0.597,-0.398,0.64,0.849,0.029,-0.375,0.59,0.061,-0.263,0.155,0.736,0.376,-0.415,0.653,0.66,0.616,0.514,-0.122,0.727,-0.368,0.239,0.658,0.696,0.643,-0.469,0.53,-0.174,0.664,0.321,-0.021,0.224,0.026,-0.25,-0.268,0.541,0.642,0.666,0.582,0.556,0.45,0.491,0.362
GILD,0.138,0.412,0.19,0.105,0.105,0.34,0.414,0.567,0.253,0.424,0.479,0.32,0.254,-0.094,0.416,0.608,0.645,0.011,0.543,0.314,0.236,0.449,0.488,0.337,0.201,0.327,0.654,0.325,0.019,0.019,1.0,0.217,0.175,0.261,0.236,0.242,0.357,0.139,0.187,0.165,0.337,0.519,0.864,0.106,-0.073,0.097,-0.043,0.576,0.301,0.535,0.164,0.369,0.332,0.383,0.438,0.589,0.594,0.139,0.421,0.321,0.323,-0.0,-0.119,0.085,0.285,0.645,0.262,0.574,-0.176,0.298,0.526,0.016,0.246,0.131,0.278,0.506,0.086,0.276,0.093,0.133,0.12,0.386,0.125,0.168,0.347,0.151,0.206,0.408,0.094,0.397,0.376,0.49,0.008,-0.081,0.196,0.315,0.56,0.339,0.313,0.422
GOOG,-0.494,0.86,-0.442,0.696,0.868,0.873,-0.209,0.501,0.806,0.686,0.685,0.653,-0.379,0.523,-0.329,0.413,0.517,0.693,0.795,-0.431,-0.456,0.147,-0.265,-0.049,-0.343,-0.217,0.686,-0.193,-0.466,-0.315,0.217,1.0,0.978,-0.458,-0.361,-0.431,0.662,-0.578,-0.392,-0.484,-0.389,0.519,0.116,0.697,0.461,0.795,-0.169,0.735,0.871,0.678,0.691,0.226,0.915,0.724,0.617,-0.112,0.405,-0.569,-0.41,0.901,-0.383,-0.04,-0.027,0.451,-0.397,0.324,0.696,0.245,-0.563,-0.116,0.75,-0.491,-0.43,-0.576,-0.048,0.721,-0.545,0.822,0.252,-0.507,-0.482,-0.174,0.669,-0.321,0.416,0.008,0.342,0.575,0.313,0.462,0.701,0.787,-0.584,-0.687,-0.478,-0.409,-0.251,0.08,-0.288,0.245
GOOGL,-0.484,0.854,-0.412,0.667,0.904,0.873,-0.215,0.473,0.758,0.686,0.684,0.66,-0.371,0.51,-0.381,0.373,0.495,0.696,0.756,-0.438,-0.449,0.118,-0.259,-0.091,-0.324,-0.176,0.636,-0.23,-0.523,-0.366,0.175,0.978,1.0,-0.461,-0.362,-0.415,0.64,-0.598,-0.437,-0.467,-0.386,0.509,0.095,0.687,0.444,0.788,-0.2,0.722,0.872,0.645,0.644,0.228,0.911,0.683,0.596,-0.11,0.434,-0.568,-0.446,0.897,-0.431,-0.09,-0.031,0.454,-0.407,0.312,0.706,0.21,-0.574,-0.115,0.732,-0.513,-0.447,-0.584,-0.088,0.715,-0.586,0.799,0.247,-0.519,-0.488,-0.187,0.689,-0.296,0.436,-0.057,0.35,0.577,0.301,0.468,0.685,0.734,-0.573,-0.697,-0.501,-0.432,-0.294,0.04,-0.305,0.248
GT,0.897,-0.309,0.902,-0.228,-0.545,-0.31,0.833,-0.216,-0.179,-0.314,-0.028,-0.37,0.829,-0.376,0.771,0.355,0.132,-0.373,-0.201,0.765,0.773,0.652,0.613,0.198,0.892,0.805,-0.156,0.865,0.633,0.563,0.261,-0.458,-0.461,1.0,0.906,0.867,-0.512,0.609,0.637,0.889,0.723,-0.117,0.362,-0.452,0.055,-0.471,0.463,-0.301,-0.552,-0.055,-0.498,0.409,-0.467,-0.142,-0.21,0.47,0.023,0.818,0.755,-0.429,0.799,0.423,0.122,-0.556,0.862,0.333,-0.091,0.57,0.501,0.813,-0.365,0.773,0.785,0.83,0.681,0.031,0.778,-0.427,0.161,0.877,0.899,0.799,-0.128,0.766,-0.062,0.344,0.452,-0.022,-0.14,0.18,-0.098,-0.263,0.806,0.63,0.792,0.656,0.711,0.715,0.846,0.2
HBAN,0.944,-0.272,0.919,-0.183,-0.537,-0.299,0.89,-0.253,-0.11,-0.286,-0.009,-0.389,0.885,-0.299,0.807,0.395,0.184,-0.399,-0.207,0.763,0.733,0.692,0.568,0.181,0.974,0.869,-0.196,0.894,0.682,0.578,0.236,-0.361,-0.362,0.906,1.0,0.864,-0.543,0.548,0.68,0.913,0.694,-0.154,0.353,-0.413,0.133,-0.414,0.494,-0.288,-0.473,-0.015,-0.458,0.434,-0.426,-0.156,-0.209,0.396,-0.001,0.79,0.813,-0.405,0.842,0.483,0.069,-0.672,0.924,0.314,-0.076,0.588,0.447,0.834,-0.329,0.852,0.858,0.788,0.684,0.107,0.77,-0.419,0.15,0.883,0.907,0.856,-0.139,0.712,-0.046,0.382,0.526,0.008,-0.2,0.129,-0.109,-0.259,0.888,0.626,0.84,0.596,0.712,0.731,0.847,0.162
HST,0.89,-0.32,0.874,-0.089,-0.498,-0.255,0.772,-0.256,-0.147,-0.42,-0.091,-0.447,0.846,-0.192,0.728,0.361,0.05,-0.399,-0.196,0.824,0.761,0.573,0.477,0.393,0.866,0.79,-0.302,0.803,0.739,0.675,0.242,-0.431,-0.415,0.867,0.864,1.0,-0.439,0.675,0.603,0.884,0.696,-0.041,0.323,-0.353,0.075,-0.38,0.546,-0.354,-0.465,-0.056,-0.397,0.297,-0.423,-0.111,-0.307,0.499,-0.069,0.817,0.747,-0.419,0.775,0.545,0.124,-0.592,0.844,0.217,-0.197,0.443,0.579,0.737,-0.392,0.83,0.856,0.832,0.649,0.022,0.749,-0.418,0.178,0.868,0.857,0.863,-0.268,0.682,0.016,0.342,0.426,0.096,0.044,0.085,-0.194,-0.271,0.839,0.601,0.776,0.619,0.736,0.643,0.755,0.29
INTC,-0.588,0.639,-0.551,0.585,0.712,0.776,-0.403,0.552,0.426,0.667,0.448,0.569,-0.45,0.377,-0.443,0.227,0.402,0.414,0.721,-0.422,-0.319,-0.154,-0.122,0.15,-0.527,-0.373,0.651,-0.448,-0.543,-0.382,0.357,0.662,0.64,-0.512,-0.543,-0.439,1.0,-0.445,-0.5,-0.558,-0.371,0.531,0.241,0.744,0.035,0.655,-0.275,0.739,0.722,0.467,0.581,0.015,0.807,0.626,0.663,0.225,0.434,-0.493,-0.429,0.7,-0.51,-0.289,-0.04,0.645,-0.499,0.211,0.4,-0.02,-0.525,-0.285,0.744,-0.613,-0.578,-0.612,-0.308,0.483,-0.651,0.696,0.122,-0.558,-0.595,-0.355,0.276,-0.487,0.338,-0.254,-0.031,0.367,0.453,0.206,0.445,0.755,-0.636,-0.699,-0.637,-0.385,-0.235,-0.18,-0.348,0.229
IOVA,0.579,-0.517,0.629,-0.256,-0.657,-0.407,0.443,-0.167,-0.344,-0.427,-0.259,-0.422,0.586,-0.148,0.477,0.212,-0.081,-0.37,-0.333,0.669,0.559,0.254,0.385,0.418,0.545,0.404,-0.279,0.539,0.643,0.584,0.139,-0.578,-0.598,0.609,0.548,0.675,-0.445,1.0,0.511,0.628,0.532,-0.043,0.178,-0.382,-0.027,-0.471,0.367,-0.459,-0.563,-0.157,-0.381,0.114,-0.532,-0.16,-0.33,0.478,-0.041,0.598,0.546,-0.583,0.646,0.455,0.124,-0.46,0.566,0.048,-0.412,0.225,0.578,0.432,-0.459,0.598,0.579,0.65,0.404,-0.246,0.6,-0.503,0.344,0.636,0.609,0.629,-0.411,0.432,-0.139,0.275,0.117,-0.075,0.134,-0.057,-0.247,-0.402,0.576,0.532,0.601,0.559,0.697,0.305,0.527,0.262
IQ,0.669,-0.323,0.62,-0.202,-0.592,-0.363,0.671,-0.128,-0.043,-0.451,-0.05,-0.258,0.712,-0.312,0.74,0.252,0.001,-0.353,-0.311,0.581,0.578,0.488,0.443,0.07,0.629,0.631,-0.186,0.695,0.611,0.551,0.187,-0.392,-0.437,0.637,0.68,0.603,-0.5,0.511,1.0,0.647,0.71,-0.313,0.164,-0.238,0.097,-0.481,0.528,-0.431,-0.434,-0.124,-0.414,0.383,-0.457,-0.207,-0.167,0.272,-0.044,0.548,0.763,-0.43,0.77,0.451,0.233,-0.629,0.74,0.254,-0.196,0.438,0.526,0.538,-0.477,0.726,0.75,0.685,0.563,0.011,0.745,-0.435,0.133,0.693,0.692,0.715,-0.225,0.627,-0.112,0.618,0.345,-0.202,-0.222,0.078,-0.095,-0.213,0.64,0.618,0.742,0.688,0.641,0.587,0.645,0.24
JBLU,0.911,-0.348,0.901,-0.246,-0.606,-0.344,0.783,-0.311,-0.236,-0.405,-0.103,-0.447,0.823,-0.267,0.736,0.308,0.042,-0.355,-0.322,0.791,0.774,0.603,0.5,0.215,0.911,0.835,-0.327,0.825,0.679,0.628,0.165,-0.484,-0.467,0.889,0.913,0.884,-0.558,0.628,0.647,1.0,0.706,-0.212,0.272,-0.483,0.041,-0.517,0.455,-0.433,-0.525,-0.09,-0.508,0.378,-0.523,-0.262,-0.336,0.438,-0.064,0.859,0.784,-0.501,0.819,0.488,0.052,-0.622,0.862,0.232,-0.149,0.469,0.48,0.789,-0.432,0.786,0.827,0.791,0.588,0.023,0.735,-0.564,0.134,0.867,0.93,0.823,-0.314,0.758,-0.06,0.393,0.457,-0.029,-0.155,0.111,-0.158,-0.379,0.878,0.754,0.876,0.653,0.683,0.625,0.835,0.23
JD,0.65,-0.273,0.68,-0.243,-0.487,-0.271,0.704,-0.058,-0.12,-0.254,0.141,-0.166,0.729,-0.395,0.621,0.366,0.228,-0.242,-0.213,0.586,0.686,0.566,0.66,0.042,0.7,0.705,-0.027,0.752,0.447,0.375,0.337,-0.389,-0.386,0.723,0.694,0.696,-0.371,0.532,0.71,0.706,1.0,-0.147,0.347,-0.205,0.186,-0.469,0.232,-0.269,-0.438,0.017,-0.492,0.473,-0.404,-0.097,-0.031,0.511,0.231,0.762,0.646,-0.342,0.671,0.31,0.065,-0.53,0.646,0.426,-0.067,0.573,0.389,0.662,-0.353,0.62,0.661,0.653,0.521,0.205,0.611,-0.36,0.32,0.654,0.694,0.702,-0.078,0.746,-0.059,0.408,0.456,-0.038,-0.183,0.288,0.101,-0.174,0.601,0.484,0.654,0.756,0.715,0.636,0.677,0.314
KDP,-0.196,0.586,-0.151,0.456,0.503,0.607,0.011,0.605,0.434,0.48,0.42,0.352,-0.083,0.303,-0.008,0.515,0.526,0.32,0.786,0.034,-0.09,0.228,0.055,0.522,-0.153,-0.055,0.602,0.002,-0.22,-0.153,0.519,0.519,0.509,-0.117,-0.154,-0.041,0.531,-0.043,-0.313,-0.212,-0.147,1.0,0.52,0.377,0.127,0.437,-0.137,0.667,0.514,0.789,0.402,0.149,0.63,0.567,0.415,0.266,0.467,-0.236,-0.106,0.567,-0.144,-0.001,-0.056,0.405,-0.076,0.202,0.329,0.305,-0.286,0.051,0.67,-0.344,-0.085,-0.216,0.208,0.469,-0.259,0.55,0.236,-0.235,-0.262,0.083,0.299,-0.196,0.563,-0.192,0.103,0.656,0.531,0.233,0.391,0.551,-0.323,-0.483,-0.193,-0.207,0.178,0.151,-0.078,0.298
KHC,0.261,0.324,0.281,0.015,0.011,0.278,0.48,0.467,0.122,0.395,0.426,0.282,0.33,-0.07,0.451,0.67,0.634,-0.06,0.474,0.363,0.296,0.508,0.566,0.377,0.338,0.403,0.528,0.397,0.046,0.11,0.864,0.116,0.095,0.362,0.353,0.323,0.241,0.178,0.164,0.272,0.347,0.52,1.0,-0.036,-0.06,0.056,-0.093,0.533,0.187,0.459,0.089,0.354,0.253,0.307,0.292,0.553,0.494,0.246,0.5,0.192,0.338,0.072,-0.257,0.068,0.391,0.603,0.281,0.572,-0.118,0.393,0.486,0.109,0.315,0.216,0.328,0.449,0.159,0.178,0.106,0.2,0.236,0.442,0.039,0.273,0.286,0.154,0.293,0.373,0.094,0.373,0.284,0.317,0.153,0.01,0.265,0.346,0.574,0.41,0.366,0.379
LRCX,-0.469,0.615,-0.415,0.76,0.666,0.726,-0.288,0.512,0.704,0.498,0.48,0.542,-0.288,0.365,-0.342,0.288,0.423,0.545,0.641,-0.357,-0.264,0.02,-0.039,-0.028,-0.372,-0.178,0.546,-0.292,-0.475,-0.335,0.106,0.697,0.687,-0.452,-0.413,-0.353,0.744,-0.382,-0.238,-0.483,-0.205,0.377,-0.036,1.0,0.394,0.645,0.071,0.501,0.669,0.491,0.473,0.328,0.704,0.662,0.725,0.104,0.414,-0.383,-0.366,0.688,-0.385,-0.139,0.338,0.421,-0.403,0.175,0.505,0.102,-0.452,-0.092,0.483,-0.386,-0.456,-0.524,-0.074,0.619,-0.541,0.698,0.388,-0.465,-0.466,-0.168,0.492,-0.312,0.321,-0.073,0.221,0.361,0.39,0.314,0.569,0.776,-0.494,-0.578,-0.533,-0.391,-0.198,0.066,-0.215,0.268
LYFT,0.024,0.27,0.064,0.424,0.248,0.327,0.132,0.044,0.535,0.144,0.53,0.269,0.186,0.326,-0.024,0.435,0.276,0.445,0.31,-0.059,0.012,0.397,-0.015,-0.056,0.211,0.191,0.189,0.276,-0.004,0.071,-0.073,0.461,0.444,0.055,0.133,0.075,0.035,-0.027,0.097,0.041,0.186,0.127,-0.06,0.394,1.0,0.295,0.04,0.085,0.22,0.431,0.176,0.396,0.267,0.419,0.322,-0.031,0.152,0.013,-0.089,0.264,0.054,0.385,0.162,-0.111,0.018,0.153,0.426,0.459,-0.042,0.343,0.095,0.071,0.039,-0.067,0.304,0.51,0.009,0.293,0.487,-0.024,0.072,0.253,0.453,0.208,0.1,0.334,0.653,0.333,0.362,0.413,0.445,0.242,-0.021,-0.135,0.019,0.041,0.173,0.434,0.173,0.245
MARA,-0.483,0.769,-0.424,0.757,0.779,0.818,-0.344,0.389,0.656,0.623,0.417,0.575,-0.472,0.755,-0.468,0.32,0.386,0.609,0.685,-0.408,-0.395,-0.028,-0.265,0.109,-0.369,-0.339,0.509,-0.361,-0.452,-0.168,0.097,0.795,0.788,-0.471,-0.414,-0.38,0.655,-0.471,-0.481,-0.517,-0.469,0.437,0.056,0.645,0.295,1.0,-0.114,0.684,0.767,0.454,0.849,0.05,0.829,0.815,0.489,-0.068,0.263,-0.579,-0.446,0.759,-0.509,-0.061,0.0,0.508,-0.483,0.235,0.592,0.009,-0.361,-0.194,0.714,-0.436,-0.516,-0.601,-0.136,0.481,-0.56,0.894,0.303,-0.515,-0.493,-0.257,0.438,-0.405,0.365,0.023,0.129,0.52,0.427,0.401,0.482,0.697,-0.55,-0.662,-0.53,-0.416,-0.3,-0.021,-0.334,0.312
MCHP,0.561,-0.177,0.521,0.213,-0.252,-0.093,0.376,-0.163,0.19,-0.379,-0.236,-0.447,0.509,-0.047,0.543,0.127,-0.082,-0.118,-0.112,0.439,0.419,0.32,0.194,0.257,0.472,0.485,-0.177,0.435,0.539,0.511,-0.043,-0.169,-0.2,0.463,0.494,0.546,-0.275,0.367,0.528,0.455,0.232,-0.137,-0.093,0.071,0.04,-0.114,1.0,-0.354,-0.245,-0.092,-0.117,0.221,-0.231,0.025,-0.194,0.117,-0.268,0.357,0.438,-0.21,0.458,0.403,0.729,-0.318,0.557,-0.063,-0.176,0.134,0.401,0.384,-0.341,0.605,0.494,0.424,0.558,-0.005,0.465,-0.2,0.163,0.516,0.524,0.567,-0.161,0.27,0.094,0.297,0.2,0.079,0.057,-0.122,-0.082,0.047,0.547,0.462,0.408,0.207,0.328,0.455,0.491,0.141
MDLZ,-0.392,0.835,-0.354,0.469,0.697,0.773,-0.071,0.663,0.508,0.9,0.66,0.691,-0.295,0.287,-0.21,0.476,0.706,0.351,0.847,-0.287,-0.321,0.157,0.148,0.075,-0.289,-0.15,0.809,-0.209,-0.567,-0.427,0.576,0.735,0.722,-0.301,-0.288,-0.354,0.739,-0.459,-0.431,-0.433,-0.269,0.667,0.533,0.501,0.085,0.684,-0.354,1.0,0.744,0.649,0.598,0.216,0.838,0.696,0.69,0.201,0.612,-0.444,-0.233,0.783,-0.342,-0.336,-0.189,0.482,-0.285,0.494,0.607,0.332,-0.598,-0.044,0.936,-0.518,-0.393,-0.512,-0.116,0.621,-0.522,0.813,0.14,-0.447,-0.453,-0.195,0.54,-0.366,0.435,-0.162,0.104,0.539,0.19,0.426,0.535,0.794,-0.517,-0.703,-0.438,-0.321,-0.042,0.056,-0.184,0.201
META,-0.56,0.856,-0.496,0.647,0.84,0.873,-0.358,0.648,0.701,0.643,0.562,0.704,-0.501,0.57,-0.421,0.32,0.488,0.652,0.736,-0.45,-0.448,-0.027,-0.244,0.028,-0.436,-0.29,0.665,-0.387,-0.558,-0.377,0.301,0.871,0.872,-0.552,-0.473,-0.465,0.722,-0.563,-0.434,-0.525,-0.438,0.514,0.187,0.669,0.22,0.767,-0.245,0.744,1.0,0.607,0.735,0.205,0.906,0.623,0.533,-0.028,0.442,-0.583,-0.413,0.847,-0.428,-0.199,-0.072,0.531,-0.494,0.322,0.602,0.077,-0.572,-0.244,0.78,-0.55,-0.509,-0.578,-0.19,0.635,-0.631,0.762,0.159,-0.611,-0.568,-0.281,0.44,-0.381,0.548,-0.064,0.141,0.559,0.293,0.438,0.653,0.732,-0.615,-0.688,-0.517,-0.409,-0.314,-0.102,-0.384,0.334
MNST,-0.105,0.75,-0.059,0.553,0.532,0.678,0.138,0.661,0.682,0.551,0.637,0.48,0.011,0.309,0.083,0.609,0.679,0.474,0.824,-0.019,-0.024,0.433,0.135,0.309,0.003,0.138,0.714,0.18,-0.216,-0.173,0.535,0.678,0.645,-0.055,-0.015,-0.056,0.467,-0.157,-0.124,-0.09,0.017,0.789,0.459,0.491,0.431,0.454,-0.092,0.649,0.607,1.0,0.41,0.458,0.686,0.646,0.593,0.207,0.587,-0.141,-0.027,0.648,-0.014,0.053,-0.02,0.215,-0.028,0.382,0.529,0.51,-0.346,0.239,0.676,-0.235,-0.035,-0.195,0.303,0.723,-0.198,0.609,0.326,-0.172,-0.169,0.201,0.46,-0.051,0.569,0.04,0.378,0.704,0.373,0.448,0.649,0.669,-0.253,-0.436,-0.059,-0.105,0.181,0.334,0.131,0.387
MRNA,-0.525,0.664,-0.44,0.68,0.637,0.723,-0.459,0.401,0.613,0.528,0.298,0.566,-0.559,0.765,-0.428,0.224,0.223,0.578,0.595,-0.385,-0.44,-0.16,-0.33,0.278,-0.437,-0.49,0.461,-0.376,-0.287,-0.004,0.164,0.691,0.644,-0.498,-0.458,-0.397,0.581,-0.381,-0.414,-0.508,-0.492,0.402,0.089,0.473,0.176,0.849,-0.117,0.598,0.735,0.41,1.0,-0.039,0.728,0.702,0.24,-0.156,0.09,-0.588,-0.367,0.61,-0.432,0.038,-0.04,0.549,-0.507,0.173,0.446,-0.107,-0.279,-0.355,0.651,-0.451,-0.476,-0.532,-0.172,0.315,-0.493,0.699,0.2,-0.499,-0.461,-0.278,0.175,-0.435,0.352,0.12,-0.014,0.535,0.425,0.33,0.424,0.602,-0.592,-0.534,-0.466,-0.345,-0.278,-0.14,-0.379,0.374
MRVL,0.337,0.412,0.381,0.277,0.041,0.316,0.493,0.504,0.491,0.299,0.506,0.425,0.37,-0.11,0.372,0.599,0.643,0.251,0.357,0.371,0.413,0.687,0.609,-0.08,0.463,0.588,0.41,0.511,-0.052,0.02,0.369,0.226,0.228,0.409,0.434,0.297,0.015,0.114,0.383,0.378,0.473,0.149,0.354,0.328,0.396,0.05,0.221,0.216,0.205,0.458,-0.039,1.0,0.163,0.38,0.484,0.358,0.498,0.396,0.473,0.252,0.467,0.085,0.203,-0.187,0.352,0.603,0.616,0.703,-0.217,0.677,0.175,0.253,0.272,0.289,0.451,0.681,0.13,0.166,0.433,0.262,0.363,0.493,0.359,0.524,0.255,0.255,0.674,0.252,-0.09,0.654,0.571,0.382,0.245,0.092,0.359,0.293,0.402,0.714,0.611,0.445
MSFT,-0.509,0.878,-0.45,0.71,0.907,0.93,-0.28,0.604,0.695,0.736,0.656,0.708,-0.42,0.565,-0.393,0.391,0.538,0.595,0.851,-0.415,-0.434,0.053,-0.174,0.138,-0.399,-0.256,0.739,-0.299,-0.522,-0.329,0.332,0.915,0.911,-0.467,-0.426,-0.423,0.807,-0.532,-0.457,-0.523,-0.404,0.63,0.253,0.704,0.267,0.829,-0.231,0.838,0.906,0.686,0.728,0.163,1.0,0.772,0.619,0.054,0.508,-0.584,-0.414,0.899,-0.444,-0.128,-0.083,0.555,-0.425,0.34,0.606,0.149,-0.486,-0.183,0.843,-0.547,-0.48,-0.576,-0.127,0.661,-0.567,0.863,0.221,-0.558,-0.565,-0.226,0.53,-0.389,0.478,-0.112,0.212,0.568,0.387,0.392,0.654,0.826,-0.627,-0.767,-0.533,-0.36,-0.237,-0.011,-0.307,0.298
MSTR,-0.243,0.76,-0.193,0.74,0.631,0.806,-0.044,0.552,0.718,0.653,0.639,0.657,-0.181,0.562,-0.161,0.637,0.627,0.537,0.824,-0.083,-0.122,0.339,0.104,0.243,-0.127,-0.056,0.688,0.033,-0.304,-0.026,0.383,0.724,0.683,-0.142,-0.156,-0.111,0.626,-0.16,-0.207,-0.262,-0.097,0.567,0.307,0.662,0.419,0.815,0.025,0.696,0.623,0.646,0.702,0.38,0.772,1.0,0.638,0.206,0.459,-0.271,-0.121,0.725,-0.168,0.081,0.092,0.366,-0.202,0.47,0.663,0.363,-0.302,0.116,0.679,-0.253,-0.261,-0.3,0.139,0.674,-0.312,0.848,0.481,-0.256,-0.233,0.097,0.48,-0.117,0.322,0.128,0.383,0.607,0.454,0.591,0.641,0.812,-0.383,-0.514,-0.26,-0.113,0.107,0.318,0.042,0.509
MU,-0.316,0.683,-0.278,0.438,0.523,0.595,0.055,0.623,0.559,0.722,0.652,0.599,-0.104,0.035,-0.112,0.454,0.713,0.375,0.713,-0.226,-0.08,0.278,0.262,-0.211,-0.2,0.04,0.752,-0.083,-0.57,-0.514,0.438,0.617,0.596,-0.21,-0.209,-0.307,0.663,-0.33,-0.167,-0.336,-0.031,0.415,0.292,0.725,0.322,0.489,-0.194,0.69,0.533,0.593,0.24,0.484,0.619,0.638,1.0,0.272,0.702,-0.251,-0.153,0.686,-0.216,-0.345,0.077,0.274,-0.224,0.465,0.624,0.434,-0.622,0.15,0.64,-0.374,-0.343,-0.417,-0.013,0.706,-0.458,0.716,0.288,-0.323,-0.356,-0.072,0.672,-0.161,0.264,-0.102,0.27,0.315,0.167,0.487,0.606,0.764,-0.398,-0.549,-0.352,-0.234,0.013,0.195,0.011,0.202
MVIS,0.34,0.05,0.411,0.114,-0.15,0.162,0.444,0.204,-0.042,0.122,0.223,0.009,0.459,-0.096,0.304,0.512,0.353,-0.144,0.218,0.509,0.464,0.4,0.609,0.377,0.41,0.416,0.218,0.387,0.225,0.255,0.589,-0.112,-0.11,0.47,0.396,0.499,0.225,0.478,0.272,0.438,0.511,0.266,0.553,0.104,-0.031,-0.068,0.117,0.201,-0.028,0.207,-0.156,0.358,0.054,0.206,0.272,1.0,0.521,0.477,0.454,-0.003,0.456,0.212,-0.07,-0.153,0.38,0.505,0.024,0.459,0.197,0.522,0.136,0.274,0.327,0.321,0.266,0.332,0.261,0.003,0.344,0.375,0.379,0.498,-0.065,0.362,0.075,0.183,0.288,0.056,0.176,0.244,0.08,0.191,0.262,0.111,0.294,0.404,0.66,0.377,0.479,0.418
NFLX,-0.097,0.545,0.006,0.213,0.373,0.477,0.19,0.577,0.318,0.617,0.648,0.566,0.009,-0.008,-0.039,0.487,0.724,0.223,0.56,-0.027,-0.018,0.304,0.466,-0.07,-0.004,0.173,0.672,0.088,-0.397,-0.386,0.594,0.405,0.434,0.023,-0.001,-0.069,0.434,-0.041,-0.044,-0.064,0.231,0.467,0.494,0.414,0.152,0.263,-0.268,0.612,0.442,0.587,0.09,0.498,0.508,0.459,0.702,0.521,1.0,0.019,0.018,0.513,-0.018,-0.255,-0.13,0.118,-0.053,0.66,0.476,0.472,-0.411,0.274,0.559,-0.207,-0.159,-0.158,0.06,0.643,-0.284,0.512,0.303,-0.14,-0.147,0.121,0.53,0.032,0.285,-0.131,0.271,0.313,0.018,0.503,0.636,0.553,-0.212,-0.448,-0.132,0.032,0.222,0.177,0.091,0.293
NNDM,0.816,-0.416,0.778,-0.291,-0.637,-0.419,0.664,-0.267,-0.292,-0.38,-0.139,-0.407,0.708,-0.419,0.63,0.218,0.079,-0.408,-0.33,0.721,0.75,0.491,0.593,0.121,0.781,0.706,-0.312,0.745,0.566,0.462,0.139,-0.569,-0.568,0.818,0.79,0.817,-0.493,0.598,0.548,0.859,0.762,-0.236,0.246,-0.383,0.013,-0.579,0.357,-0.444,-0.583,-0.141,-0.588,0.396,-0.584,-0.271,-0.251,0.477,0.019,1.0,0.704,-0.515,0.717,0.323,0.054,-0.584,0.701,0.209,-0.164,0.385,0.386,0.722,-0.462,0.765,0.681,0.789,0.515,-0.015,0.625,-0.545,0.107,0.796,0.829,0.674,-0.275,0.687,-0.165,0.19,0.352,-0.155,-0.203,0.075,-0.144,-0.352,0.831,0.624,0.709,0.569,0.605,0.559,0.728,0.126
NVAX,0.789,-0.227,0.737,-0.214,-0.615,-0.308,0.808,0.003,-0.098,-0.285,-0.017,-0.236,0.773,-0.338,0.858,0.43,0.164,-0.449,-0.155,0.799,0.664,0.635,0.633,0.295,0.753,0.737,-0.128,0.786,0.646,0.597,0.421,-0.41,-0.446,0.755,0.813,0.747,-0.429,0.546,0.763,0.784,0.646,-0.106,0.5,-0.366,-0.089,-0.446,0.438,-0.233,-0.413,-0.027,-0.367,0.473,-0.414,-0.121,-0.153,0.454,0.018,0.704,1.0,-0.388,0.889,0.423,-0.002,-0.575,0.863,0.38,-0.087,0.538,0.391,0.671,-0.287,0.735,0.855,0.773,0.572,0.083,0.745,-0.402,0.02,0.792,0.807,0.795,-0.299,0.673,-0.068,0.459,0.383,-0.063,-0.242,0.127,-0.148,-0.17,0.728,0.656,0.842,0.675,0.768,0.639,0.771,0.274
NVDA,-0.502,0.878,-0.452,0.663,0.917,0.849,-0.193,0.584,0.725,0.703,0.64,0.68,-0.441,0.411,-0.321,0.41,0.601,0.664,0.836,-0.313,-0.397,0.164,-0.177,-0.046,-0.407,-0.203,0.763,-0.233,-0.564,-0.398,0.321,0.901,0.897,-0.429,-0.405,-0.419,0.7,-0.583,-0.43,-0.501,-0.342,0.567,0.192,0.688,0.264,0.759,-0.21,0.783,0.847,0.648,0.61,0.252,0.899,0.725,0.686,-0.003,0.513,-0.515,-0.388,1.0,-0.399,-0.191,-0.021,0.546,-0.419,0.389,0.71,0.252,-0.623,-0.129,0.781,-0.557,-0.462,-0.559,-0.079,0.733,-0.579,0.861,0.183,-0.539,-0.516,-0.221,0.711,-0.28,0.422,-0.094,0.226,0.517,0.242,0.521,0.709,0.835,-0.611,-0.666,-0.488,-0.369,-0.231,0.07,-0.292,0.224
NWL,0.794,-0.298,0.773,-0.191,-0.606,-0.323,0.803,-0.106,-0.068,-0.387,-0.006,-0.314,0.788,-0.318,0.815,0.407,0.109,-0.4,-0.206,0.836,0.622,0.675,0.543,0.249,0.802,0.725,-0.165,0.852,0.747,0.64,0.323,-0.383,-0.431,0.799,0.842,0.775,-0.51,0.646,0.77,0.819,0.671,-0.144,0.338,-0.385,0.054,-0.509,0.458,-0.342,-0.428,-0.014,-0.432,0.467,-0.444,-0.168,-0.216,0.456,-0.018,0.717,0.889,-0.399,1.0,0.554,0.021,-0.648,0.858,0.357,-0.143,0.587,0.483,0.72,-0.383,0.778,0.881,0.813,0.632,0.097,0.843,-0.469,0.137,0.82,0.823,0.826,-0.242,0.714,-0.127,0.49,0.466,-0.06,-0.209,0.144,-0.115,-0.213,0.73,0.689,0.903,0.705,0.791,0.674,0.808,0.244
OCGN,0.43,-0.216,0.431,0.218,-0.235,-0.048,0.376,-0.333,0.166,-0.427,0.005,-0.258,0.451,0.305,0.369,0.348,-0.163,0.029,-0.049,0.503,0.296,0.417,-0.027,0.456,0.486,0.285,-0.244,0.578,0.747,0.849,-0.0,-0.04,-0.09,0.423,0.483,0.545,-0.289,0.455,0.451,0.488,0.31,-0.001,0.072,-0.139,0.385,-0.061,0.403,-0.336,-0.199,0.053,0.038,0.085,-0.128,0.081,-0.345,0.212,-0.255,0.323,0.423,-0.191,0.554,1.0,-0.012,-0.312,0.457,0.048,-0.103,0.217,0.623,0.372,-0.314,0.524,0.572,0.455,0.506,0.096,0.626,-0.22,0.351,0.478,0.549,0.598,-0.225,0.507,-0.156,0.624,0.499,0.05,0.309,0.088,-0.05,-0.154,0.379,0.452,0.543,0.511,0.474,0.46,0.401,0.298
ON,0.144,-0.039,0.186,0.231,-0.005,0.029,0.011,0.062,0.216,-0.148,-0.159,-0.231,0.174,-0.06,0.193,-0.079,0.005,0.145,-0.024,0.034,0.214,0.03,0.062,0.007,0.066,0.209,0.056,0.03,0.071,0.029,-0.119,-0.027,-0.031,0.122,0.069,0.124,-0.04,0.124,0.233,0.052,0.065,-0.056,-0.257,0.338,0.162,0.0,0.729,-0.189,-0.072,-0.02,-0.04,0.203,-0.083,0.092,0.077,-0.07,-0.13,0.054,-0.002,-0.021,0.021,-0.012,1.0,0.054,0.139,-0.139,-0.032,0.044,0.062,0.075,-0.181,0.17,0.037,0.019,0.315,0.015,0.031,-0.026,0.194,0.102,0.088,0.139,0.09,-0.016,0.266,-0.015,0.023,0.071,0.124,-0.102,0.139,0.214,0.148,0.141,-0.028,-0.057,0.057,0.207,0.206,0.06
