,AAL,AAPL,AGNC,AMAT,AMD,AMZN,APA,ARDX,AVGO,AZN,BIDU,BILI,BKR,CAN,CHRD,CMCSA,CPRT,CRWD,CSCO,CSX,DKNG,EBAY,ERIC,EXC,FITB,FLEX,FTNT,GEN,GERN,GEVO,GILD,GOOG,GOOGL,GT,HBAN,HST,INTC,IOVA,IQ,JBLU,JD,KDP,KHC,LRCX,LYFT,MARA,MCHP,MDLZ,META,MNST,MRNA,MRVL,MSFT,MSTR,MU,MVIS,NFLX,NNDM,NVAX,NVDA,NWL,OCGN,ON,OPK,PAA,PACB,PANW,PARA,PDD,PENN,PEP,PLUG,PTEN,PTON,PYPL,QCOM,QVCGA,RIOT,ROKU,RUN,SABR,SBUX,SMCI,SNDL,STNE,TCOM,TLRY,TMUS,TSCO,TSLA,TTD,TXN,UAL,VOD,VTRS,VXRT,WBA,WBD,WDC,ZM
AAL,1.0,0.315,-0.395,0.615,0.15,-0.038,-0.37,-0.376,0.044,-0.113,0.087,-0.054,-0.401,-0.068,-0.069,0.53,0.209,-0.181,-0.192,0.331,0.346,0.403,-0.068,0.198,-0.365,-0.024,-0.213,-0.282,0.288,-0.011,-0.414,0.107,0.11,0.415,-0.407,0.392,0.195,0.483,-0.181,0.531,0.275,-0.389,0.418,0.471,-0.275,-0.245,-0.086,0.493,0.343,0.382,-0.215,0.248,0.39,-0.02,0.209,0.201,-0.123,0.45,-0.249,0.639,-0.436,-0.272,0.463,0.408,-0.25,0.459,-0.268,-0.298,-0.021,-0.157,0.37,0.208,-0.38,-0.033,0.006,-0.218,0.381,-0.252,-0.147,-0.461,0.126,-0.17,0.413,0.514,0.267,-0.14,0.365,-0.389,0.033,0.054,0.366,-0.209,0.646,0.28,-0.031,0.462,-0.395,0.061,0.103,-0.177
AAPL,0.315,1.0,-0.481,0.046,-0.071,0.375,-0.438,-0.067,0.122,0.092,-0.492,-0.403,-0.291,-0.247,-0.268,0.597,0.635,-0.393,-0.498,0.431,0.826,0.664,-0.365,-0.18,-0.206,-0.252,-0.211,-0.244,0.482,-0.336,-0.419,0.107,0.103,0.448,-0.31,0.51,-0.137,0.575,-0.393,0.069,-0.387,-0.504,0.631,0.487,-0.188,-0.127,-0.301,0.614,0.582,0.789,-0.534,0.226,0.6,-0.108,-0.095,-0.336,-0.442,0.11,-0.426,0.576,-0.449,-0.376,0.225,0.587,-0.059,0.365,-0.347,-0.206,-0.465,-0.135,0.659,-0.325,-0.575,-0.439,0.126,-0.38,0.229,-0.264,-0.529,-0.158,-0.333,0.314,0.451,0.401,0.681,-0.421,0.317,-0.472,-0.023,-0.361,0.526,-0.467,0.393,0.504,-0.252,0.633,-0.487,-0.253,-0.408,-0.534
AGNC,-0.395,-0.481,1.0,-0.059,0.405,-0.129,0.687,0.25,0.465,-0.106,0.492,0.494,0.662,0.228,0.694,-0.444,-0.516,0.539,0.517,-0.399,-0.57,-0.421,0.282,0.221,0.729,0.429,0.62,0.596,-0.579,0.466,0.613,0.154,0.147,-0.074,0.774,-0.275,0.331,-0.574,0.511,0.015,0.38,0.66,-0.514,-0.412,0.078,0.212,0.397,-0.587,-0.465,-0.679,0.471,0.093,-0.538,0.114,0.265,0.255,0.424,-0.262,0.48,-0.455,0.834,0.582,-0.216,-0.444,0.676,-0.327,0.684,0.46,0.594,0.311,-0.603,0.271,0.717,0.585,0.346,0.695,0.056,0.341,0.599,0.526,0.279,0.113,-0.388,-0.301,-0.608,0.686,-0.106,0.71,0.011,0.382,-0.163,0.687,-0.381,-0.458,0.498,-0.679,0.766,0.55,0.337,0.587
AMAT,0.615,0.046,-0.059,1.0,0.321,-0.088,-0.101,-0.371,0.197,0.013,0.265,0.085,-0.103,0.044,0.129,0.299,-0.073,-0.02,0.193,0.316,0.071,0.19,0.261,0.177,-0.13,0.253,0.074,-0.217,0.132,0.368,-0.164,0.377,0.397,0.42,-0.239,0.316,0.375,0.191,0.026,0.469,0.31,-0.056,0.229,0.573,-0.394,-0.164,0.173,0.219,0.147,0.103,0.164,0.285,0.144,0.062,0.27,0.513,0.316,0.408,-0.006,0.27,-0.157,-0.106,0.429,0.32,0.009,0.365,-0.016,-0.288,-0.061,-0.189,0.112,0.494,0.064,0.108,0.008,0.012,0.5,-0.173,0.131,-0.293,0.275,-0.277,0.268,0.417,-0.069,-0.064,0.45,-0.054,0.037,0.289,0.234,0.133,0.313,0.133,0.095,0.043,-0.037,0.164,0.314,0.114
AMD,0.15,-0.071,0.405,0.321,1.0,-0.463,0.606,0.062,0.322,-0.333,0.576,0.521,0.299,0.357,0.651,-0.077,-0.474,0.448,0.494,-0.261,-0.238,-0.209,0.447,0.045,0.464,0.625,0.657,0.437,-0.489,0.436,-0.037,0.172,0.204,0.544,0.438,0.264,0.559,-0.062,0.388,0.207,0.532,0.269,-0.082,-0.146,-0.164,0.217,0.534,-0.295,-0.184,-0.157,0.548,0.478,-0.25,0.424,0.401,0.543,0.495,0.333,0.389,-0.013,0.391,0.423,0.302,0.215,0.365,0.22,0.536,0.182,0.407,0.179,-0.416,0.404,0.36,0.635,0.576,0.601,0.685,0.324,0.393,0.035,0.493,0.008,0.078,0.25,-0.324,0.457,0.428,0.407,-0.315,0.511,0.031,0.472,-0.073,-0.227,0.728,-0.405,0.435,0.653,0.522,0.485
AMZN,-0.038,0.375,-0.129,-0.088,-0.463,1.0,-0.508,-0.013,0.005,0.287,-0.621,-0.453,-0.073,-0.477,-0.285,0.242,0.515,-0.216,-0.515,0.354,0.385,0.467,-0.549,0.09,-0.135,-0.483,-0.278,-0.2,0.483,-0.299,0.289,0.109,0.082,-0.272,-0.222,-0.016,-0.325,0.061,-0.359,-0.166,-0.543,-0.011,0.185,0.328,-0.098,-0.263,-0.515,0.404,0.388,0.236,-0.624,-0.297,0.363,-0.46,-0.284,-0.611,-0.459,-0.421,-0.454,0.048,-0.07,-0.296,-0.304,-0.056,0.226,-0.193,-0.255,-0.147,-0.346,-0.187,0.455,-0.438,-0.099,-0.564,-0.163,-0.423,-0.358,-0.392,-0.3,0.157,-0.425,0.29,-0.062,-0.175,0.359,-0.195,-0.145,-0.11,0.464,-0.52,0.471,-0.284,0.158,0.263,-0.462,0.365,-0.191,-0.467,-0.648,-0.486
APA,-0.37,-0.438,0.687,-0.101,0.606,-0.508,1.0,0.383,0.372,-0.201,0.623,0.671,0.633,0.491,0.725,-0.493,-0.664,0.598,0.735,-0.542,-0.588,-0.586,0.548,0.012,0.765,0.662,0.754,0.646,-0.668,0.386,0.359,0.055,0.058,0.139,0.848,-0.162,0.422,-0.542,0.677,-0.133,0.519,0.593,-0.533,-0.519,0.252,0.404,0.699,-0.719,-0.532,-0.583,0.702,0.269,-0.648,0.348,0.316,0.374,0.604,-0.022,0.711,-0.534,0.717,0.635,-0.042,-0.258,0.416,-0.128,0.7,0.586,0.673,0.484,-0.729,0.313,0.636,0.835,0.472,0.86,0.279,0.544,0.648,0.496,0.5,-0.068,-0.327,-0.22,-0.614,0.677,-0.013,0.655,-0.114,0.565,-0.397,0.716,-0.317,-0.574,0.68,-0.705,0.757,0.774,0.548,0.64
ARDX,-0.376,-0.067,0.25,-0.371,0.062,-0.013,0.383,1.0,0.32,0.259,0.134,0.266,0.421,0.115,0.29,-0.405,-0.011,0.363,0.067,0.002,-0.063,-0.454,-0.071,0.051,0.562,0.177,0.411,0.428,-0.153,0.047,0.377,-0.306,-0.298,-0.151,0.46,0.023,0.0,-0.132,0.41,-0.572,0.044,0.393,-0.23,-0.383,0.152,0.267,0.293,-0.447,-0.422,-0.266,0.299,0.116,-0.453,-0.053,-0.209,-0.137,-0.021,-0.133,0.432,-0.292,0.377,0.4,-0.084,-0.125,0.239,-0.051,0.411,0.197,0.323,0.184,-0.397,-0.06,0.287,0.196,0.295,0.292,-0.137,0.219,0.264,0.352,-0.11,-0.098,-0.133,-0.182,-0.09,0.351,-0.058,0.187,0.328,0.061,-0.295,0.327,-0.046,-0.539,0.316,-0.259,0.255,0.239,-0.046,0.276
AVGO,0.044,0.122,0.465,0.197,0.322,0.005,0.372,0.32,1.0,0.282,0.223,0.276,0.658,-0.071,0.495,-0.14,-0.018,0.321,0.224,0.131,0.144,-0.128,-0.044,0.308,0.656,0.345,0.528,0.45,0.019,0.214,0.412,0.046,0.088,0.253,0.504,0.077,0.057,-0.125,0.312,-0.025,0.132,0.405,-0.12,0.11,-0.05,-0.047,0.378,-0.246,-0.318,-0.231,0.057,0.359,-0.303,-0.161,-0.013,0.068,0.162,-0.107,0.287,0.11,0.445,0.355,0.111,-0.097,0.593,0.016,0.513,0.209,0.357,0.169,-0.202,0.109,0.413,0.261,0.408,0.348,0.186,-0.026,0.309,0.336,-0.157,0.112,-0.125,-0.099,-0.161,0.44,0.048,0.302,0.439,0.178,0.015,0.524,0.314,-0.405,0.347,-0.257,0.403,0.42,0.037,0.172
AZN,-0.113,0.092,-0.106,0.013,-0.333,0.287,-0.201,0.259,0.282,1.0,-0.181,-0.194,0.304,-0.321,-0.126,-0.228,0.384,0.091,-0.213,0.493,0.341,-0.102,-0.194,0.166,0.063,-0.18,0.066,-0.126,0.347,0.027,0.289,-0.134,-0.124,-0.121,-0.104,0.129,-0.317,0.067,-0.017,-0.284,-0.287,0.192,0.097,0.059,-0.265,-0.038,-0.066,-0.075,-0.286,-0.027,-0.125,0.029,-0.148,-0.462,-0.568,-0.153,-0.099,-0.218,0.093,0.018,-0.124,0.086,-0.048,0.079,0.043,0.104,0.034,-0.325,-0.248,-0.336,0.07,-0.021,0.054,-0.342,-0.213,-0.308,-0.176,-0.172,-0.004,0.055,-0.516,-0.222,0.093,-0.081,0.225,-0.125,-0.025,-0.128,0.583,-0.161,-0.137,0.084,0.263,-0.218,-0.162,0.088,-0.219,-0.268,-0.378,-0.063
BIDU,0.087,-0.492,0.492,0.265,0.576,-0.621,0.623,0.134,0.223,-0.181,1.0,0.791,0.277,0.562,0.614,-0.356,-0.625,0.711,0.673,-0.29,-0.6,-0.518,0.632,0.066,0.395,0.68,0.603,0.394,-0.632,0.64,0.065,0.063,0.075,0.215,0.419,0.047,0.576,-0.251,0.682,0.058,0.826,0.362,-0.396,-0.377,-0.175,0.521,0.596,-0.595,-0.486,-0.587,0.723,0.403,-0.445,0.411,0.481,0.773,0.61,0.363,0.736,-0.217,0.406,0.613,0.27,-0.007,0.12,0.057,0.633,0.06,0.65,0.022,-0.59,0.653,0.43,0.658,0.401,0.527,0.376,0.578,0.664,-0.111,0.472,-0.496,-0.098,0.148,-0.433,0.472,0.339,0.492,-0.23,0.734,-0.379,0.634,-0.166,-0.441,0.66,-0.551,0.361,0.721,0.82,0.706
BILI,-0.054,-0.403,0.494,0.085,0.521,-0.453,0.671,0.266,0.276,-0.194,0.791,1.0,0.362,0.583,0.667,-0.353,-0.538,0.653,0.715,-0.361,-0.57,-0.43,0.621,-0.066,0.421,0.643,0.583,0.551,-0.646,0.557,0.133,0.076,0.084,0.147,0.477,0.017,0.549,-0.377,0.714,-0.075,0.842,0.392,-0.397,-0.439,-0.027,0.643,0.55,-0.588,-0.434,-0.563,0.654,0.441,-0.384,0.538,0.531,0.605,0.595,0.284,0.825,-0.279,0.473,0.594,0.126,-0.102,0.245,-0.04,0.612,0.113,0.756,0.015,-0.544,0.59,0.477,0.602,0.545,0.495,0.358,0.714,0.701,0.019,0.432,-0.313,-0.136,0.051,-0.353,0.57,0.305,0.601,-0.176,0.743,-0.326,0.645,-0.238,-0.373,0.605,-0.463,0.472,0.72,0.664,0.645
BKR,-0.401,-0.291,0.662,-0.103,0.299,-0.073,0.633,0.421,0.658,0.304,0.277,0.362,1.0,-0.036,0.554,-0.559,-0.304,0.431,0.419,-0.177,-0.207,-0.498,0.214,0.214,0.829,0.354,0.591,0.628,-0.187,0.346,0.616,-0.13,-0.127,-0.111,0.749,-0.229,0.024,-0.54,0.529,-0.286,0.171,0.632,-0.483,-0.247,-0.011,0.081,0.343,-0.652,-0.616,-0.602,0.322,0.197,-0.662,-0.127,-0.131,0.077,0.405,-0.336,0.525,-0.328,0.667,0.567,-0.304,-0.38,0.588,-0.282,0.572,0.339,0.463,0.198,-0.627,0.153,0.729,0.405,0.255,0.506,0.007,0.132,0.49,0.494,-0.06,0.043,-0.364,-0.383,-0.487,0.627,-0.185,0.531,0.363,0.232,-0.306,0.588,0.057,-0.652,0.43,-0.62,0.653,0.421,0.107,0.415
CAN,-0.068,-0.247,0.228,0.044,0.357,-0.477,0.491,0.115,-0.071,-0.321,0.562,0.583,-0.036,1.0,0.471,0.01,-0.415,0.477,0.58,-0.401,-0.514,-0.208,0.612,-0.3,0.097,0.581,0.387,0.247,-0.616,0.335,-0.079,0.231,0.254,0.222,0.238,0.028,0.681,-0.107,0.485,-0.008,0.535,0.161,-0.254,-0.423,0.145,0.662,0.528,-0.2,-0.052,-0.353,0.623,0.41,-0.132,0.697,0.658,0.449,0.496,0.384,0.56,-0.249,0.256,0.469,0.42,-0.041,-0.008,0.208,0.393,0.141,0.421,0.138,-0.364,0.338,0.21,0.408,0.419,0.426,0.262,0.744,0.461,-0.122,0.647,-0.255,0.023,0.177,-0.212,0.235,0.198,0.383,-0.377,0.575,-0.196,0.426,-0.316,-0.167,0.455,-0.255,0.276,0.487,0.678,0.512
CHRD,-0.069,-0.268,0.694,0.129,0.651,-0.285,0.725,0.29,0.495,-0.126,0.614,0.667,0.554,0.471,1.0,-0.341,-0.496,0.666,0.584,-0.255,-0.411,-0.363,0.416,0.215,0.599,0.584,0.731,0.591,-0.514,0.497,0.374,0.122,0.127,0.194,0.599,0.047,0.509,-0.343,0.604,-0.094,0.562,0.547,-0.34,-0.322,-0.16,0.372,0.476,-0.48,-0.418,-0.521,0.567,0.276,-0.484,0.288,0.434,0.409,0.502,0.053,0.64,-0.332,0.619,0.595,0.059,-0.098,0.624,0.042,0.678,0.235,0.587,0.12,-0.577,0.465,0.594,0.615,0.612,0.624,0.445,0.477,0.631,0.231,0.371,-0.034,-0.131,-0.007,-0.306,0.63,0.241,0.608,-0.061,0.576,-0.201,0.672,-0.137,-0.483,0.687,-0.461,0.638,0.708,0.559,0.634
CMCSA,0.53,0.597,-0.444,0.299,-0.077,0.242,-0.493,-0.405,-0.14,-0.228,-0.356,-0.353,-0.559,0.01,-0.341,1.0,0.431,-0.504,-0.328,0.227,0.415,0.85,-0.139,-0.212,-0.517,-0.12,-0.435,-0.41,0.235,-0.364,-0.49,0.394,0.409,0.39,-0.472,0.315,0.204,0.506,-0.432,0.418,-0.207,-0.579,0.544,0.5,-0.005,-0.142,-0.229,0.813,0.901,0.64,-0.445,0.263,0.799,0.199,0.28,-0.15,-0.328,0.309,-0.523,0.612,-0.451,-0.405,0.437,0.297,-0.232,0.352,-0.413,-0.174,-0.34,0.016,0.657,-0.186,-0.526,-0.396,0.04,-0.339,0.121,-0.2,-0.369,-0.26,0.175,0.306,0.406,0.445,0.365,-0.356,0.212,-0.452,-0.167,-0.224,0.745,-0.411,0.22,0.716,-0.315,0.58,-0.413,-0.294,-0.16,-0.511
CPRT,0.209,0.635,-0.516,-0.073,-0.474,0.515,-0.664,-0.011,-0.018,0.384,-0.625,-0.538,-0.304,-0.415,-0.496,0.431,1.0,-0.468,-0.599,0.714,0.667,0.514,-0.518,-0.173,-0.33,-0.429,-0.5,-0.288,0.663,-0.391,-0.169,0.024,0.001,0.031,-0.469,0.204,-0.37,0.459,-0.44,0.016,-0.534,-0.521,0.471,0.492,-0.01,-0.326,-0.463,0.562,0.43,0.585,-0.622,-0.011,0.492,-0.421,-0.336,-0.443,-0.565,0.037,-0.492,0.446,-0.557,-0.425,0.069,0.318,-0.235,0.215,-0.456,-0.301,-0.486,-0.18,0.634,-0.36,-0.492,-0.681,-0.151,-0.598,-0.18,-0.463,-0.533,-0.108,-0.532,0.166,0.32,0.179,0.627,-0.517,-0.061,-0.635,0.281,-0.466,0.445,-0.441,0.418,0.409,-0.476,0.633,-0.592,-0.549,-0.578,-0.559
CRWD,-0.181,-0.393,0.539,-0.02,0.448,-0.216,0.598,0.363,0.321,0.091,0.711,0.653,0.431,0.477,0.666,-0.504,-0.468,1.0,0.555,-0.33,-0.479,-0.499,0.397,0.073,0.531,0.624,0.809,0.605,-0.567,0.58,0.393,0.017,0.043,0.097,0.494,-0.056,0.416,-0.333,0.644,-0.252,0.536,0.656,-0.434,-0.552,-0.144,0.511,0.541,-0.593,-0.544,-0.637,0.568,0.286,-0.533,0.194,0.192,0.447,0.494,0.173,0.742,-0.438,0.589,0.734,0.094,-0.113,0.424,-0.074,0.832,0.072,0.562,-0.041,-0.616,0.427,0.599,0.499,0.562,0.442,0.29,0.584,0.66,0.07,0.235,-0.353,-0.202,-0.094,-0.295,0.529,0.185,0.723,0.055,0.597,-0.33,0.71,-0.213,-0.587,0.743,-0.567,0.477,0.621,0.512,0.621
CSCO,-0.192,-0.498,0.517,0.193,0.494,-0.515,0.735,0.067,0.224,-0.213,0.673,0.715,0.419,0.58,0.584,-0.328,-0.599,0.555,1.0,-0.421,-0.669,-0.393,0.744,-0.108,0.436,0.842,0.552,0.478,-0.591,0.568,0.229,0.171,0.172,0.226,0.494,-0.135,0.592,-0.45,0.751,0.009,0.68,0.455,-0.449,-0.356,0.05,0.473,0.706,-0.581,-0.353,-0.618,0.647,0.444,-0.449,0.473,0.442,0.665,0.775,0.295,0.731,-0.361,0.526,0.559,0.246,-0.22,0.254,-0.074,0.631,0.231,0.556,0.145,-0.626,0.524,0.658,0.652,0.44,0.613,0.323,0.588,0.793,0.129,0.551,-0.214,-0.177,0.02,-0.624,0.532,0.101,0.719,-0.172,0.883,-0.341,0.725,-0.321,-0.356,0.59,-0.658,0.65,0.615,0.718,0.689
CSX,0.331,0.431,-0.399,0.316,-0.261,0.354,-0.542,0.002,0.131,0.493,-0.29,-0.361,-0.177,-0.401,-0.255,0.227,0.714,-0.33,-0.421,1.0,0.584,0.248,-0.327,0.07,-0.225,-0.276,-0.323,-0.372,0.666,-0.126,-0.082,0.048,0.045,0.069,-0.459,0.333,-0.276,0.468,-0.265,0.008,-0.303,-0.372,0.39,0.644,-0.328,-0.365,-0.326,0.383,0.143,0.414,-0.327,-0.045,0.276,-0.491,-0.307,-0.102,-0.337,0.11,-0.27,0.376,-0.537,-0.333,0.177,0.479,-0.122,0.333,-0.323,-0.46,-0.397,-0.328,0.483,-0.056,-0.326,-0.516,-0.194,-0.505,-0.023,-0.537,-0.383,-0.217,-0.492,-0.105,0.311,0.31,0.547,-0.48,0.15,-0.56,0.328,-0.237,0.216,-0.26,0.459,0.172,-0.332,0.451,-0.525,-0.43,-0.371,-0.292
DKNG,0.346,0.826,-0.57,0.071,-0.238,0.385,-0.588,-0.063,0.144,0.341,-0.6,-0.57,-0.207,-0.514,-0.411,0.415,0.667,-0.479,-0.669,0.584,1.0,0.512,-0.534,-0.033,-0.25,-0.415,-0.317,-0.349,0.702,-0.387,-0.338,-0.126,-0.105,0.263,-0.414,0.463,-0.39,0.591,-0.507,0.053,-0.514,-0.475,0.579,0.554,-0.2,-0.398,-0.417,0.581,0.357,0.76,-0.621,0.041,0.495,-0.402,-0.38,-0.397,-0.517,-0.008,-0.512,0.613,-0.532,-0.42,0.097,0.526,-0.12,0.293,-0.449,-0.313,-0.534,-0.237,0.629,-0.335,-0.576,-0.547,-0.132,-0.557,0.086,-0.551,-0.67,-0.189,-0.574,0.172,0.402,0.308,0.665,-0.529,0.163,-0.61,0.202,-0.512,0.399,-0.52,0.548,0.391,-0.349,0.566,-0.599,-0.427,-0.602,-0.591
EBAY,0.403,0.664,-0.421,0.19,-0.209,0.467,-0.586,-0.454,-0.128,-0.102,-0.518,-0.43,-0.498,-0.208,-0.363,0.85,0.514,-0.499,-0.393,0.248,0.512,1.0,-0.277,-0.165,-0.515,-0.26,-0.487,-0.363,0.345,-0.361,-0.397,0.432,0.42,0.293,-0.493,0.269,-0.023,0.391,-0.489,0.356,-0.355,-0.549,0.497,0.499,-0.149,-0.149,-0.434,0.78,0.885,0.621,-0.585,0.096,0.869,0.015,0.178,-0.269,-0.373,0.119,-0.588,0.561,-0.439,-0.458,0.195,0.245,-0.068,0.112,-0.489,-0.225,-0.448,-0.128,0.754,-0.213,-0.51,-0.529,0.035,-0.474,0.058,-0.235,-0.377,-0.177,-0.086,0.452,0.273,0.324,0.515,-0.408,0.162,-0.389,-0.065,-0.307,0.743,-0.473,0.185,0.817,-0.424,0.595,-0.447,-0.409,-0.347,-0.569
ERIC,-0.068,-0.365,0.282,0.261,0.447,-0.549,0.548,-0.071,-0.044,-0.194,0.632,0.621,0.214,0.612,0.416,-0.139,-0.518,0.397,0.744,-0.327,-0.534,-0.277,1.0,-0.257,0.153,0.626,0.391,0.289,-0.598,0.563,-0.071,0.312,0.318,0.273,0.259,-0.081,0.557,-0.261,0.521,0.093,0.63,0.143,-0.325,-0.3,-0.066,0.473,0.463,-0.423,-0.19,-0.417,0.675,0.437,-0.285,0.542,0.513,0.673,0.837,0.431,0.666,-0.194,0.24,0.356,0.245,0.062,0.045,0.085,0.381,0.073,0.353,0.017,-0.527,0.645,0.366,0.489,0.354,0.432,0.413,0.539,0.544,-0.091,0.53,-0.263,-0.082,0.144,-0.403,0.25,0.192,0.386,-0.423,0.672,-0.279,0.419,-0.314,-0.154,0.465,-0.454,0.355,0.494,0.73,0.546
EXC,0.198,-0.18,0.221,0.177,0.045,0.09,0.012,0.051,0.308,0.166,0.066,-0.066,0.214,-0.3,0.215,-0.212,-0.173,0.073,-0.108,0.07,-0.033,-0.165,-0.257,1.0,0.185,-0.21,0.089,0.126,0.033,-0.0,0.46,-0.16,-0.165,-0.155,0.155,-0.157,-0.164,-0.151,-0.094,0.066,-0.033,0.352,-0.138,0.06,-0.094,-0.388,-0.034,-0.041,-0.257,-0.203,-0.09,-0.293,-0.308,-0.331,-0.162,-0.13,-0.114,-0.344,-0.071,-0.02,0.231,-0.1,-0.172,-0.245,0.372,-0.189,0.032,0.178,0.085,0.145,-0.094,0.072,0.274,0.225,-0.216,0.195,-0.063,-0.266,0.158,0.279,-0.046,0.064,-0.336,-0.266,-0.2,0.234,-0.128,0.154,0.34,-0.153,-0.084,0.132,0.18,-0.338,-0.037,-0.094,0.261,0.168,0.041,0.022
FITB,-0.365,-0.206,0.729,-0.13,0.464,-0.135,0.765,0.562,0.656,0.063,0.395,0.421,0.829,0.097,0.599,-0.517,-0.33,0.531,0.436,-0.225,-0.25,-0.515,0.153,0.185,1.0,0.477,0.726,0.731,-0.354,0.276,0.591,-0.056,-0.052,0.051,0.926,-0.179,0.152,-0.513,0.572,-0.224,0.24,0.644,-0.495,-0.286,0.142,0.136,0.51,-0.644,-0.57,-0.531,0.417,0.226,-0.625,-0.056,0.031,0.117,0.305,-0.258,0.528,-0.374,0.762,0.603,-0.189,-0.307,0.617,-0.293,0.68,0.576,0.591,0.464,-0.61,0.092,0.675,0.626,0.413,0.753,0.1,0.227,0.51,0.639,0.07,0.065,-0.413,-0.326,-0.515,0.673,-0.13,0.583,0.252,0.294,-0.231,0.674,-0.038,-0.636,0.576,-0.668,0.712,0.629,0.194,0.453
FLEX,-0.024,-0.252,0.429,0.253,0.625,-0.483,0.662,0.177,0.345,-0.18,0.68,0.643,0.354,0.581,0.584,-0.12,-0.429,0.624,0.842,-0.276,-0.415,-0.26,0.626,-0.21,0.477,1.0,0.67,0.464,-0.557,0.544,0.11,0.219,0.252,0.449,0.441,0.093,0.703,-0.18,0.732,0.05,0.637,0.388,-0.264,-0.257,-0.005,0.47,0.796,-0.452,-0.233,-0.415,0.616,0.661,-0.298,0.486,0.434,0.707,0.632,0.482,0.671,-0.153,0.479,0.698,0.48,-0.031,0.228,0.128,0.71,0.135,0.546,0.144,-0.536,0.452,0.558,0.57,0.649,0.551,0.466,0.52,0.707,0.021,0.493,-0.257,0.042,0.247,-0.499,0.493,0.269,0.579,-0.132,0.864,-0.117,0.759,-0.178,-0.286,0.784,-0.627,0.495,0.636,0.656,0.656
FTNT,-0.213,-0.211,0.62,0.074,0.657,-0.278,0.754,0.411,0.528,0.066,0.603,0.583,0.591,0.387,0.731,-0.435,-0.5,0.809,0.552,-0.323,-0.317,-0.487,0.391,0.089,0.726,0.67,1.0,0.593,-0.596,0.542,0.415,0.009,0.038,0.326,0.67,0.077,0.461,-0.324,0.629,-0.159,0.481,0.747,-0.303,-0.462,-0.017,0.402,0.75,-0.613,-0.513,-0.464,0.613,0.429,-0.568,0.212,0.131,0.44,0.474,0.036,0.681,-0.394,0.692,0.737,0.154,-0.027,0.534,0.043,0.855,0.245,0.518,0.125,-0.62,0.346,0.652,0.645,0.567,0.649,0.477,0.459,0.635,0.252,0.287,-0.202,-0.099,-0.001,-0.427,0.642,0.266,0.688,0.058,0.543,-0.302,0.788,-0.196,-0.565,0.822,-0.647,0.587,0.762,0.443,0.652
GEN,-0.282,-0.244,0.596,-0.217,0.437,-0.2,0.646,0.428,0.45,-0.126,0.394,0.551,0.628,0.247,0.591,-0.41,-0.288,0.605,0.478,-0.372,-0.349,-0.363,0.289,0.126,0.731,0.464,0.593,1.0,-0.472,0.275,0.441,0.042,0.033,0.044,0.734,-0.365,0.163,-0.573,0.47,-0.187,0.35,0.45,-0.559,-0.383,0.191,0.251,0.35,-0.584,-0.426,-0.564,0.371,0.204,-0.517,0.185,0.256,0.143,0.399,-0.035,0.583,-0.33,0.66,0.519,-0.239,-0.34,0.576,-0.387,0.594,0.53,0.645,0.407,-0.648,0.333,0.605,0.6,0.601,0.616,0.169,0.473,0.547,0.483,0.131,0.172,-0.49,-0.352,-0.39,0.652,-0.136,0.591,-0.002,0.365,-0.16,0.56,-0.111,-0.48,0.602,-0.55,0.693,0.638,0.356,0.384
GERN,0.288,0.482,-0.579,0.132,-0.489,0.483,-0.668,-0.153,0.019,0.347,-0.632,-0.646,-0.187,-0.616,-0.514,0.235,0.663,-0.567,-0.591,0.666,0.702,0.345,-0.598,0.033,-0.354,-0.557,-0.596,-0.472,1.0,-0.381,-0.229,-0.176,-0.186,-0.116,-0.535,0.207,-0.553,0.453,-0.467,-0.01,-0.57,-0.5,0.468,0.69,-0.212,-0.58,-0.589,0.519,0.254,0.525,-0.656,-0.301,0.357,-0.605,-0.483,-0.457,-0.465,-0.079,-0.596,0.399,-0.623,-0.561,-0.101,0.286,-0.253,0.217,-0.571,-0.38,-0.57,-0.291,0.581,-0.364,-0.496,-0.663,-0.41,-0.665,-0.223,-0.713,-0.673,-0.221,-0.591,0.077,0.294,0.082,0.568,-0.564,-0.09,-0.639,0.362,-0.531,0.273,-0.609,0.661,0.249,-0.586,0.628,-0.552,-0.646,-0.618,-0.605
GEVO,-0.011,-0.336,0.466,0.368,0.436,-0.299,0.386,0.047,0.214,0.027,0.64,0.557,0.346,0.335,0.497,-0.364,-0.391,0.58,0.568,-0.126,-0.387,-0.361,0.563,-0.0,0.276,0.544,0.542,0.275,-0.381,1.0,0.157,0.141,0.134,0.199,0.208,0.114,0.474,-0.16,0.565,0.102,0.603,0.374,-0.239,-0.262,-0.334,0.289,0.395,-0.452,-0.434,-0.452,0.656,0.37,-0.419,0.21,0.172,0.709,0.677,0.36,0.56,-0.258,0.354,0.438,0.176,0.119,0.277,0.086,0.54,-0.207,0.323,-0.311,-0.457,0.632,0.515,0.348,0.35,0.259,0.473,0.279,0.532,-0.197,0.254,-0.448,0.044,0.246,-0.328,0.271,0.375,0.486,-0.145,0.621,-0.326,0.52,-0.187,-0.329,0.564,-0.491,0.265,0.472,0.583,0.73
GILD,-0.414,-0.419,0.613,-0.164,-0.037,0.289,0.359,0.377,0.412,0.289,0.065,0.133,0.616,-0.079,0.374,-0.49,-0.169,0.393,0.229,-0.082,-0.338,-0.397,-0.071,0.46,0.591,0.11,0.415,0.441,-0.229,0.157,1.0,-0.025,-0.051,-0.41,0.571,-0.489,-0.049,-0.622,0.331,-0.295,-0.004,0.774,-0.616,-0.248,0.222,-0.115,0.242,-0.434,-0.46,-0.628,0.127,-0.221,-0.58,-0.364,-0.208,-0.181,0.097,-0.563,0.318,-0.527,0.685,0.334,-0.351,-0.594,0.618,-0.524,0.406,0.427,0.394,0.286,-0.429,-0.067,0.746,0.284,0.039,0.441,-0.344,-0.012,0.505,0.662,-0.046,0.108,-0.615,-0.548,-0.471,0.565,-0.444,0.57,0.561,0.05,-0.263,0.567,-0.207,-0.613,0.166,-0.525,0.649,0.255,-0.055,0.311
GOOG,0.107,0.107,0.154,0.377,0.172,0.109,0.055,-0.306,0.046,-0.134,0.063,0.076,-0.13,0.231,0.122,0.394,0.024,0.017,0.171,0.048,-0.126,0.432,0.312,-0.16,-0.056,0.219,0.009,0.042,-0.176,0.141,-0.025,1.0,0.983,0.213,0.003,-0.068,0.264,-0.077,-0.009,0.329,0.066,-0.134,-0.09,0.274,-0.036,0.092,0.017,0.168,0.412,0.002,0.144,0.111,0.333,0.212,0.481,0.197,0.282,0.214,0.007,0.025,0.039,-0.025,0.136,0.044,0.207,-0.03,-0.018,0.126,0.045,0.186,0.144,0.242,0.073,0.049,0.241,0.125,0.205,0.145,0.185,0.143,0.264,0.229,-0.125,0.126,0.012,-0.057,0.066,0.038,-0.198,0.154,0.418,0.127,-0.201,0.374,0.056,-0.015,0.065,0.098,0.174,0.059
GOOGL,0.11,0.103,0.147,0.397,0.204,0.082,0.058,-0.298,0.088,-0.124,0.075,0.084,-0.127,0.254,0.127,0.409,0.001,0.043,0.172,0.045,-0.105,0.42,0.318,-0.165,-0.052,0.252,0.038,0.033,-0.186,0.134,-0.051,0.983,1.0,0.247,-0.008,-0.034,0.281,-0.035,-0.034,0.333,0.049,-0.119,-0.053,0.265,-0.056,0.092,0.044,0.191,0.4,0.013,0.151,0.149,0.343,0.234,0.48,0.216,0.298,0.258,-0.003,0.057,0.028,0.014,0.183,0.062,0.226,0.008,0.026,0.092,0.032,0.171,0.143,0.233,0.077,0.035,0.282,0.119,0.229,0.132,0.16,0.106,0.266,0.216,-0.095,0.124,0.005,-0.072,0.085,0.054,-0.201,0.152,0.428,0.151,-0.204,0.366,0.09,-0.032,0.068,0.085,0.172,0.041
GT,0.415,0.448,-0.074,0.42,0.544,-0.272,0.139,-0.151,0.253,-0.121,0.215,0.147,-0.111,0.222,0.194,0.39,0.031,0.097,0.226,0.069,0.263,0.293,0.273,-0.155,0.051,0.449,0.326,0.044,-0.116,0.199,-0.41,0.213,0.247,1.0,-0.003,0.577,0.455,0.399,0.065,0.392,0.239,-0.16,0.428,0.157,-0.142,0.132,0.428,0.189,0.241,0.371,0.133,0.664,0.227,0.316,0.278,0.406,0.183,0.504,0.071,0.432,-0.088,0.079,0.661,0.57,0.075,0.496,0.204,-0.059,-0.096,0.028,0.112,0.284,-0.143,0.237,0.425,0.152,0.734,0.117,0.039,-0.175,0.307,-0.062,0.47,0.605,0.104,-0.061,0.591,0.021,-0.238,0.375,0.324,0.124,0.212,0.244,0.383,0.095,-0.082,0.35,0.261,0.077
HBAN,-0.407,-0.31,0.774,-0.239,0.438,-0.222,0.848,0.46,0.504,-0.104,0.419,0.477,0.749,0.238,0.599,-0.472,-0.469,0.494,0.494,-0.459,-0.414,-0.493,0.259,0.155,0.926,0.441,0.67,0.734,-0.535,0.208,0.571,0.003,-0.008,-0.003,1.0,-0.312,0.229,-0.643,0.58,-0.164,0.321,0.626,-0.604,-0.426,0.314,0.22,0.512,-0.643,-0.502,-0.598,0.442,0.175,-0.598,0.075,0.195,0.083,0.352,-0.314,0.539,-0.437,0.808,0.583,-0.249,-0.442,0.56,-0.391,0.627,0.743,0.689,0.605,-0.638,0.071,0.637,0.731,0.366,0.854,0.035,0.369,0.561,0.716,0.258,0.133,-0.512,-0.383,-0.599,0.73,-0.236,0.625,0.118,0.297,-0.256,0.65,-0.177,-0.578,0.533,-0.679,0.776,0.696,0.28,0.471
HST,0.392,0.51,-0.275,0.316,0.264,-0.016,-0.162,0.023,0.077,0.129,0.047,0.017,-0.229,0.028,0.047,0.315,0.204,-0.056,-0.135,0.333,0.463,0.269,-0.081,-0.157,-0.179,0.093,0.077,-0.365,0.207,0.114,-0.489,-0.068,-0.034,0.577,-0.312,1.0,0.313,0.692,-0.089,0.112,0.081,-0.197,0.706,0.148,-0.452,0.179,0.076,0.336,0.203,0.57,-0.02,0.465,0.319,0.123,-0.049,0.174,-0.113,0.339,-0.113,0.384,-0.291,-0.046,0.559,0.758,-0.093,0.674,0.018,-0.545,-0.33,-0.458,0.358,0.128,-0.329,-0.167,0.173,-0.27,0.511,-0.062,-0.233,-0.463,0.035,-0.3,0.747,0.681,0.42,-0.325,0.766,-0.199,-0.085,0.096,0.217,-0.093,0.249,0.287,0.074,0.347,-0.471,-0.072,-0.08,-0.04
INTC,0.195,-0.137,0.331,0.375,0.559,-0.325,0.422,0.0,0.057,-0.317,0.576,0.549,0.024,0.681,0.509,0.204,-0.37,0.416,0.592,-0.276,-0.39,-0.023,0.557,-0.164,0.152,0.703,0.461,0.163,-0.553,0.474,-0.049,0.264,0.281,0.455,0.229,0.313,1.0,-0.024,0.527,0.219,0.665,0.264,0.011,-0.212,-0.049,0.47,0.582,-0.051,0.056,-0.195,0.514,0.595,-0.023,0.547,0.593,0.58,0.458,0.468,0.414,-0.112,0.327,0.455,0.535,0.095,0.127,0.298,0.458,0.002,0.399,0.01,-0.256,0.416,0.323,0.436,0.466,0.431,0.491,0.482,0.531,-0.131,0.758,-0.294,0.279,0.458,-0.361,0.359,0.457,0.422,-0.265,0.676,0.099,0.529,-0.192,-0.025,0.558,-0.306,0.294,0.537,0.617,0.543
IOVA,0.483,0.575,-0.574,0.191,-0.062,0.061,-0.542,-0.132,-0.125,0.067,-0.251,-0.377,-0.54,-0.107,-0.343,0.506,0.459,-0.333,-0.45,0.468,0.591,0.391,-0.261,-0.151,-0.513,-0.18,-0.324,-0.573,0.453,-0.16,-0.622,-0.077,-0.035,0.399,-0.643,0.692,-0.024,1.0,-0.407,0.148,-0.25,-0.544,0.775,0.34,-0.28,-0.161,-0.19,0.612,0.428,0.734,-0.323,0.205,0.476,-0.011,-0.193,-0.076,-0.339,0.413,-0.463,0.667,-0.558,-0.382,0.604,0.693,-0.365,0.748,-0.261,-0.595,-0.56,-0.405,0.549,-0.19,-0.636,-0.5,-0.067,-0.561,0.211,-0.354,-0.576,-0.594,-0.212,-0.113,0.721,0.568,0.559,-0.62,0.364,-0.555,-0.121,-0.196,0.37,-0.457,0.342,0.391,-0.206,0.627,-0.682,-0.43,-0.268,-0.38
IQ,-0.181,-0.393,0.511,0.026,0.388,-0.359,0.677,0.41,0.312,-0.017,0.682,0.714,0.529,0.485,0.604,-0.432,-0.44,0.644,0.751,-0.265,-0.507,-0.489,0.521,-0.094,0.572,0.732,0.629,0.47,-0.467,0.565,0.331,-0.009,-0.034,0.065,0.58,-0.089,0.527,-0.407,1.0,-0.247,0.712,0.519,-0.474,-0.381,-0.005,0.512,0.653,-0.677,-0.486,-0.661,0.616,0.427,-0.485,0.223,0.286,0.533,0.538,0.183,0.782,-0.361,0.529,0.731,0.154,-0.247,0.192,-0.056,0.653,0.15,0.712,0.041,-0.605,0.337,0.575,0.51,0.427,0.513,0.205,0.527,0.792,0.134,0.339,-0.33,-0.085,0.139,-0.466,0.647,0.086,0.569,0.101,0.76,-0.409,0.703,-0.108,-0.536,0.675,-0.616,0.489,0.656,0.572,0.796
JBLU,0.531,0.069,0.015,0.469,0.207,-0.166,-0.133,-0.572,-0.025,-0.284,0.058,-0.075,-0.286,-0.008,-0.094,0.418,0.016,-0.252,0.009,0.008,0.053,0.356,0.093,0.066,-0.224,0.05,-0.159,-0.187,-0.01,0.102,-0.295,0.329,0.333,0.392,-0.164,0.112,0.219,0.148,-0.247,1.0,0.14,-0.26,0.251,0.295,-0.015,-0.293,0.004,0.345,0.307,0.268,-0.054,0.144,0.361,0.131,0.317,0.282,0.042,0.265,-0.292,0.342,-0.2,-0.153,0.253,0.147,-0.08,0.181,-0.231,0.071,-0.049,0.156,0.324,0.176,-0.161,0.15,-0.124,0.093,0.305,-0.177,-0.097,-0.137,0.313,0.105,0.191,0.261,-0.107,-0.096,0.123,-0.157,-0.246,0.052,0.376,-0.045,0.158,0.449,-0.036,0.096,-0.124,0.059,0.148,-0.051
JD,0.275,-0.387,0.38,0.31,0.532,-0.543,0.519,0.044,0.132,-0.287,0.826,0.842,0.171,0.535,0.562,-0.207,-0.534,0.536,0.68,-0.303,-0.514,-0.355,0.63,-0.033,0.24,0.637,0.481,0.35,-0.57,0.603,-0.004,0.066,0.049,0.239,0.321,0.081,0.665,-0.25,0.712,0.14,1.0,0.266,-0.284,-0.314,-0.089,0.493,0.536,-0.457,-0.335,-0.466,0.608,0.462,-0.31,0.459,0.535,0.735,0.573,0.437,0.694,-0.125,0.306,0.485,0.275,0.011,0.036,0.111,0.491,0.012,0.736,-0.056,-0.487,0.643,0.34,0.626,0.412,0.438,0.463,0.569,0.659,-0.179,0.547,-0.428,0.068,0.331,-0.37,0.535,0.374,0.44,-0.234,0.8,-0.3,0.534,-0.077,-0.289,0.612,-0.393,0.324,0.715,0.741,0.712
KDP,-0.389,-0.504,0.66,-0.056,0.269,-0.011,0.593,0.393,0.405,0.192,0.362,0.392,0.632,0.161,0.547,-0.579,-0.521,0.656,0.455,-0.372,-0.475,-0.549,0.143,0.352,0.644,0.388,0.747,0.45,-0.5,0.374,0.774,-0.134,-0.119,-0.16,0.626,-0.197,0.264,-0.544,0.519,-0.26,0.266,1.0,-0.452,-0.516,0.057,0.208,0.564,-0.589,-0.601,-0.646,0.418,0.059,-0.649,-0.043,-0.127,0.132,0.279,-0.363,0.491,-0.617,0.801,0.601,-0.108,-0.456,0.577,-0.279,0.693,0.288,0.447,0.11,-0.582,0.108,0.838,0.491,0.172,0.569,0.009,0.269,0.679,0.412,0.201,-0.163,-0.356,-0.356,-0.602,0.689,-0.091,0.782,0.4,0.327,-0.432,0.768,-0.294,-0.655,0.494,-0.693,0.672,0.479,0.187,0.551
KHC,0.418,0.631,-0.514,0.229,-0.082,0.185,-0.533,-0.23,-0.12,0.097,-0.396,-0.397,-0.483,-0.254,-0.34,0.544,0.471,-0.434,-0.449,0.39,0.579,0.497,-0.325,-0.138,-0.495,-0.264,-0.303,-0.559,0.468,-0.239,-0.616,-0.09,-0.053,0.428,-0.604,0.706,0.011,0.775,-0.474,0.251,-0.284,-0.452,1.0,0.386,-0.325,-0.171,-0.253,0.651,0.486,0.814,-0.416,0.175,0.569,-0.001,-0.208,-0.127,-0.435,0.269,-0.548,0.512,-0.594,-0.39,0.393,0.639,-0.287,0.713,-0.319,-0.561,-0.628,-0.425,0.655,-0.199,-0.605,-0.496,-0.122,-0.526,0.296,-0.333,-0.567,-0.497,-0.16,0.024,0.843,0.519,0.538,-0.498,0.447,-0.489,-0.123,-0.243,0.44,-0.464,0.323,0.56,-0.28,0.679,-0.592,-0.446,-0.363,-0.44
LRCX,0.471,0.487,-0.412,0.573,-0.146,0.328,-0.519,-0.383,0.11,0.059,-0.377,-0.439,-0.247,-0.423,-0.322,0.5,0.492,-0.552,-0.356,0.644,0.554,0.499,-0.3,0.06,-0.286,-0.257,-0.462,-0.383,0.69,-0.262,-0.248,0.274,0.265,0.157,-0.426,0.148,-0.212,0.34,-0.381,0.295,-0.314,-0.516,0.386,1.0,-0.219,-0.551,-0.379,0.56,0.44,0.501,-0.467,-0.116,0.472,-0.302,-0.016,-0.128,-0.269,0.094,-0.481,0.497,-0.498,-0.517,0.074,0.286,-0.141,0.192,-0.522,-0.21,-0.371,-0.059,0.567,-0.123,-0.374,-0.408,-0.242,-0.378,0.035,-0.574,-0.456,-0.135,-0.258,0.182,0.214,0.225,0.372,-0.413,0.054,-0.533,0.164,-0.285,0.535,-0.423,0.528,0.383,-0.416,0.478,-0.315,-0.357,-0.296,-0.493
LYFT,-0.275,-0.188,0.078,-0.394,-0.164,-0.098,0.252,0.152,-0.05,-0.265,-0.175,-0.027,-0.011,0.145,-0.16,-0.005,-0.01,-0.144,0.05,-0.328,-0.2,-0.149,-0.066,-0.094,0.142,-0.005,-0.017,0.191,-0.212,-0.334,0.222,-0.036,-0.056,-0.142,0.314,-0.452,-0.049,-0.28,-0.005,-0.015,-0.089,0.057,-0.325,-0.219,1.0,-0.1,0.291,-0.112,0.021,-0.083,-0.048,-0.126,-0.156,0.025,0.049,-0.261,-0.088,-0.173,0.007,-0.214,0.239,-0.02,-0.127,-0.407,-0.145,-0.246,-0.039,0.661,0.257,0.667,-0.136,-0.286,0.048,0.289,-0.101,0.334,-0.305,0.04,0.019,0.526,0.206,0.204,-0.329,-0.361,-0.363,0.191,-0.522,0.01,0.033,-0.126,-0.03,0.106,-0.208,-0.099,-0.059,-0.159,0.286,0.198,-0.028,-0.088
MARA,-0.245,-0.127,0.212,-0.164,0.217,-0.263,0.404,0.267,-0.047,-0.038,0.521,0.643,0.081,0.662,0.372,-0.142,-0.326,0.511,0.473,-0.365,-0.398,-0.149,0.473,-0.388,0.136,0.47,0.402,0.251,-0.58,0.289,-0.115,0.092,0.092,0.132,0.22,0.179,0.47,-0.161,0.512,-0.293,0.493,0.208,-0.171,-0.551,-0.1,1.0,0.389,-0.399,-0.114,-0.332,0.453,0.477,-0.061,0.663,0.457,0.403,0.357,0.2,0.609,-0.225,0.254,0.576,0.21,0.016,-0.022,0.06,0.445,-0.097,0.337,-0.167,-0.334,0.342,0.167,0.228,0.439,0.183,0.203,0.894,0.516,-0.148,0.313,-0.297,0.07,0.172,-0.051,0.242,0.387,0.383,-0.256,0.542,-0.245,0.394,-0.349,-0.051,0.388,-0.226,0.106,0.37,0.48,0.446
MCHP,-0.086,-0.301,0.397,0.173,0.534,-0.515,0.699,0.293,0.378,-0.066,0.596,0.55,0.343,0.528,0.476,-0.229,-0.463,0.541,0.706,-0.326,-0.417,-0.434,0.463,-0.034,0.51,0.796,0.75,0.35,-0.589,0.395,0.242,0.017,0.044,0.428,0.512,0.076,0.582,-0.19,0.653,0.004,0.536,0.564,-0.253,-0.379,0.291,0.389,1.0,-0.513,-0.354,-0.383,0.599,0.573,-0.449,0.362,0.215,0.537,0.453,0.216,0.617,-0.231,0.542,0.622,0.515,-0.111,0.14,0.163,0.672,0.301,0.481,0.292,-0.519,0.298,0.531,0.67,0.371,0.657,0.359,0.45,0.678,0.182,0.488,-0.323,0.003,0.139,-0.592,0.543,0.19,0.529,0.069,0.686,-0.295,0.787,-0.17,-0.452,0.681,-0.598,0.485,0.717,0.537,0.627
MDLZ,0.493,0.614,-0.587,0.219,-0.295,0.404,-0.719,-0.447,-0.246,-0.075,-0.595,-0.588,-0.652,-0.2,-0.48,0.813,0.562,-0.593,-0.581,0.383,0.581,0.78,-0.423,-0.041,-0.644,-0.452,-0.613,-0.584,0.519,-0.452,-0.434,0.168,0.191,0.189,-0.643,0.336,-0.051,0.612,-0.677,0.345,-0.457,-0.589,0.651,0.56,-0.112,-0.399,-0.513,1.0,0.771,0.76,-0.626,-0.088,0.786,-0.106,-0.012,-0.389,-0.536,0.139,-0.743,0.538,-0.613,-0.657,0.263,0.374,-0.196,0.338,-0.576,-0.327,-0.574,-0.166,0.839,-0.387,-0.636,-0.614,-0.214,-0.561,-0.015,-0.462,-0.659,-0.324,-0.082,0.279,0.395,0.294,0.572,-0.621,0.066,-0.537,-0.071,-0.464,0.632,-0.613,0.274,0.674,-0.564,0.77,-0.54,-0.574,-0.42,-0.69
META,0.343,0.582,-0.465,0.147,-0.184,0.388,-0.532,-0.422,-0.318,-0.286,-0.486,-0.434,-0.616,-0.052,-0.418,0.901,0.43,-0.544,-0.353,0.143,0.357,0.885,-0.19,-0.257,-0.57,-0.233,-0.513,-0.426,0.254,-0.434,-0.46,0.412,0.4,0.241,-0.502,0.203,0.056,0.428,-0.486,0.307,-0.335,-0.601,0.486,0.44,0.021,-0.114,-0.354,0.771,1.0,0.629,-0.501,0.094,0.845,0.169,0.234,-0.267,-0.361,0.166,-0.58,0.5,-0.446,-0.48,0.261,0.226,-0.224,0.214,-0.494,-0.155,-0.433,-0.01,0.677,-0.275,-0.535,-0.47,-0.038,-0.398,-0.01,-0.177,-0.403,-0.203,0.088,0.418,0.301,0.321,0.39,-0.411,0.12,-0.409,-0.24,-0.304,0.722,-0.503,0.058,0.809,-0.443,0.585,-0.411,-0.408,-0.253,-0.566
MNST,0.382,0.789,-0.679,0.103,-0.157,0.236,-0.583,-0.266,-0.231,-0.027,-0.587,-0.563,-0.602,-0.353,-0.521,0.64,0.585,-0.637,-0.618,0.414,0.76,0.621,-0.417,-0.203,-0.531,-0.415,-0.464,-0.564,0.525,-0.452,-0.628,0.002,0.013,0.371,-0.598,0.57,-0.195,0.734,-0.661,0.268,-0.466,-0.646,0.814,0.501,-0.083,-0.332,-0.383,0.76,0.629,1.0,-0.561,0.008,0.677,-0.089,-0.209,-0.32,-0.544,0.186,-0.668,0.545,-0.676,-0.618,0.249,0.674,-0.334,0.498,-0.578,-0.317,-0.661,-0.169,0.79,-0.351,-0.751,-0.49,-0.182,-0.521,0.197,-0.455,-0.764,-0.309,-0.236,0.204,0.603,0.424,0.633,-0.657,0.278,-0.672,-0.197,-0.472,0.504,-0.655,0.255,0.673,-0.431,0.723,-0.658,-0.484,-0.473,-0.651
MRNA,-0.215,-0.534,0.471,0.164,0.548,-0.624,0.702,0.299,0.057,-0.125,0.723,0.654,0.322,0.623,0.567,-0.445,-0.622,0.568,0.647,-0.327,-0.621,-0.585,0.675,-0.09,0.417,0.616,0.613,0.371,-0.656,0.656,0.127,0.144,0.151,0.133,0.442,-0.02,0.514,-0.323,0.616,-0.054,0.608,0.418,-0.416,-0.467,-0.048,0.453,0.599,-0.626,-0.501,-0.561,1.0,0.277,-0.544,0.451,0.308,0.681,0.657,0.272,0.72,-0.489,0.437,0.546,0.163,-0.063,0.149,0.047,0.551,0.152,0.479,0.113,-0.681,0.585,0.516,0.617,0.354,0.588,0.355,0.537,0.612,0.036,0.518,-0.418,-0.133,0.084,-0.481,0.405,0.257,0.469,-0.259,0.647,-0.495,0.594,-0.364,-0.461,0.651,-0.623,0.42,0.6,0.652,0.81
MRVL,0.248,0.226,0.093,0.285,0.478,-0.297,0.269,0.116,0.359,0.029,0.403,0.441,0.197,0.41,0.276,0.263,-0.011,0.286,0.444,-0.045,0.041,0.096,0.437,-0.293,0.226,0.661,0.429,0.204,-0.301,0.37,-0.221,0.111,0.149,0.664,0.175,0.465,0.595,0.205,0.427,0.144,0.462,0.059,0.175,-0.116,-0.126,0.477,0.573,-0.088,0.094,0.008,0.277,1.0,0.069,0.479,0.322,0.488,0.347,0.494,0.393,0.369,0.144,0.455,0.684,0.27,0.02,0.405,0.447,-0.142,0.227,-0.08,-0.149,0.329,0.158,0.223,0.494,0.201,0.518,0.384,0.396,-0.222,0.292,-0.219,0.393,0.516,-0.15,0.226,0.498,0.21,-0.059,0.549,0.15,0.435,0.15,0.034,0.471,-0.169,0.035,0.41,0.381,0.311
MSFT,0.39,0.6,-0.538,0.144,-0.25,0.363,-0.648,-0.453,-0.303,-0.148,-0.445,-0.384,-0.662,-0.132,-0.484,0.799,0.492,-0.533,-0.449,0.276,0.495,0.869,-0.285,-0.308,-0.625,-0.298,-0.568,-0.517,0.357,-0.419,-0.58,0.333,0.343,0.227,-0.598,0.319,-0.023,0.476,-0.485,0.361,-0.31,-0.649,0.569,0.472,-0.156,-0.061,-0.449,0.786,0.845,0.677,-0.544,0.069,1.0,0.087,0.224,-0.186,-0.468,0.192,-0.599,0.559,-0.617,-0.43,0.243,0.321,-0.278,0.219,-0.549,-0.342,-0.441,-0.213,0.832,-0.276,-0.646,-0.598,-0.114,-0.565,0.008,-0.187,-0.476,-0.366,-0.094,0.296,0.39,0.379,0.562,-0.543,0.169,-0.506,-0.194,-0.302,0.632,-0.518,0.133,0.903,-0.484,0.637,-0.619,-0.501,-0.327,-0.572
MSTR,-0.02,-0.108,0.114,0.062,0.424,-0.46,0.348,-0.053,-0.161,-0.462,0.411,0.538,-0.127,0.697,0.288,0.199,-0.421,0.194,0.473,-0.491,-0.402,0.015,0.542,-0.331,-0.056,0.486,0.212,0.185,-0.605,0.21,-0.364,0.212,0.234,0.316,0.075,0.123,0.547,-0.011,0.223,0.131,0.459,-0.043,-0.001,-0.302,0.025,0.663,0.362,-0.106,0.169,-0.089,0.451,0.479,0.087,1.0,0.643,0.441,0.384,0.389,0.352,-0.012,0.166,0.289,0.357,0.035,-0.068,0.211,0.253,0.026,0.264,0.085,-0.246,0.34,0.07,0.313,0.38,0.27,0.357,0.746,0.32,-0.237,0.565,-0.043,0.136,0.227,-0.192,0.165,0.341,0.267,-0.585,0.508,0.039,0.217,-0.361,0.155,0.343,-0.137,0.199,0.328,0.578,0.289
MU,0.209,-0.095,0.265,0.27,0.401,-0.284,0.316,-0.209,-0.013,-0.568,0.481,0.531,-0.131,0.658,0.434,0.28,-0.336,0.192,0.442,-0.307,-0.38,0.178,0.513,-0.162,0.031,0.434,0.131,0.256,-0.483,0.172,-0.208,0.481,0.48,0.278,0.195,-0.049,0.593,-0.193,0.286,0.317,0.535,-0.127,-0.208,-0.016,0.049,0.457,0.215,-0.012,0.234,-0.209,0.308,0.322,0.224,0.643,1.0,0.438,0.395,0.34,0.299,0.045,0.159,0.243,0.214,-0.061,0.086,-0.004,0.137,0.228,0.447,0.234,-0.128,0.41,0.053,0.392,0.419,0.377,0.326,0.564,0.36,-0.017,0.572,0.076,-0.084,0.186,-0.156,0.217,0.203,0.215,-0.453,0.455,0.236,0.251,-0.178,0.236,0.279,-0.119,0.258,0.482,0.65,0.247
MVIS,0.201,-0.336,0.255,0.513,0.543,-0.611,0.374,-0.137,0.068,-0.153,0.773,0.605,0.077,0.449,0.409,-0.15,-0.443,0.447,0.665,-0.102,-0.397,-0.269,0.673,-0.13,0.117,0.707,0.44,0.143,-0.457,0.709,-0.181,0.197,0.216,0.406,0.083,0.174,0.58,-0.076,0.533,0.282,0.735,0.132,-0.127,-0.128,-0.261,0.403,0.537,-0.389,-0.267,-0.32,0.681,0.488,-0.186,0.441,0.438,1.0,0.618,0.625,0.571,-0.055,0.106,0.458,0.408,0.203,-0.069,0.226,0.435,-0.195,0.332,-0.198,-0.392,0.741,0.305,0.449,0.331,0.273,0.61,0.4,0.539,-0.334,0.44,-0.506,0.177,0.434,-0.344,0.2,0.503,0.314,-0.35,0.808,-0.239,0.494,-0.145,-0.08,0.588,-0.45,0.161,0.524,0.78,0.664
NFLX,-0.123,-0.442,0.424,0.316,0.495,-0.459,0.604,-0.021,0.162,-0.099,0.61,0.595,0.405,0.496,0.502,-0.328,-0.565,0.494,0.775,-0.337,-0.517,-0.373,0.837,-0.114,0.305,0.632,0.474,0.399,-0.465,0.677,0.097,0.282,0.298,0.183,0.352,-0.113,0.458,-0.339,0.538,0.042,0.573,0.279,-0.435,-0.269,-0.088,0.357,0.453,-0.536,-0.361,-0.544,0.657,0.347,-0.468,0.384,0.395,0.618,1.0,0.357,0.627,-0.27,0.392,0.416,0.116,-0.033,0.211,-0.014,0.474,0.116,0.39,0.037,-0.656,0.651,0.525,0.556,0.388,0.477,0.388,0.438,0.572,0.026,0.433,-0.258,-0.177,0.008,-0.48,0.344,0.144,0.492,-0.253,0.628,-0.266,0.495,-0.234,-0.336,0.539,-0.575,0.481,0.523,0.672,0.593
NNDM,0.45,0.11,-0.262,0.408,0.333,-0.421,-0.022,-0.133,-0.107,-0.218,0.363,0.284,-0.336,0.384,0.053,0.309,0.037,0.173,0.295,0.11,-0.008,0.119,0.431,-0.344,-0.258,0.482,0.036,-0.035,-0.079,0.36,-0.563,0.214,0.258,0.504,-0.314,0.339,0.468,0.413,0.183,0.265,0.437,-0.363,0.269,0.094,-0.173,0.2,0.216,0.139,0.166,0.186,0.272,0.494,0.192,0.389,0.34,0.625,0.357,1.0,0.178,0.301,-0.327,0.064,0.579,0.479,-0.323,0.52,0.112,-0.36,0.047,-0.225,0.019,0.444,-0.188,0.065,0.39,-0.103,0.581,0.171,0.071,-0.547,0.311,-0.318,0.48,0.572,0.102,-0.156,0.459,-0.115,-0.405,0.493,0.148,0.022,0.099,0.194,0.353,0.09,-0.217,0.168,0.487,0.177
NVAX,-0.249,-0.426,0.48,-0.006,0.389,-0.454,0.711,0.432,0.287,0.093,0.736,0.825,0.525,0.56,0.64,-0.523,-0.492,0.742,0.731,-0.27,-0.512,-0.588,0.666,-0.071,0.528,0.671,0.681,0.583,-0.596,0.56,0.318,0.007,-0.003,0.071,0.539,-0.113,0.414,-0.463,0.782,-0.292,0.694,0.491,-0.548,-0.481,0.007,0.609,0.617,-0.743,-0.58,-0.668,0.72,0.393,-0.599,0.352,0.299,0.571,0.627,0.178,1.0,-0.409,0.503,0.673,0.069,-0.131,0.222,-0.098,0.644,0.158,0.661,0.044,-0.696,0.584,0.569,0.58,0.461,0.504,0.247,0.694,0.74,0.132,0.29,-0.377,-0.232,-0.037,-0.363,0.547,0.185,0.603,-0.033,0.731,-0.507,0.681,-0.235,-0.581,0.623,-0.589,0.515,0.68,0.621,0.699
NVDA,0.639,0.576,-0.455,0.27,-0.013,0.048,-0.534,-0.292,0.11,0.018,-0.217,-0.279,-0.328,-0.249,-0.332,0.612,0.446,-0.438,-0.361,0.376,0.613,0.561,-0.194,-0.02,-0.374,-0.153,-0.394,-0.33,0.399,-0.258,-0.527,0.025,0.057,0.432,-0.437,0.384,-0.112,0.667,-0.361,0.342,-0.125,-0.617,0.512,0.497,-0.214,-0.225,-0.231,0.538,0.5,0.545,-0.489,0.369,0.559,-0.012,0.045,-0.055,-0.27,0.301,-0.409,1.0,-0.488,-0.355,0.461,0.388,-0.27,0.374,-0.346,-0.334,-0.293,-0.167,0.484,-0.111,-0.565,-0.371,-0.016,-0.423,0.112,-0.317,-0.398,-0.402,-0.256,0.178,0.423,0.429,0.395,-0.341,0.189,-0.517,-0.002,-0.188,0.538,-0.423,0.542,0.446,-0.258,0.529,-0.501,-0.269,-0.214,-0.458
NWL,-0.436,-0.449,0.834,-0.157,0.391,-0.07,0.717,0.377,0.445,-0.124,0.406,0.473,0.667,0.256,0.619,-0.451,-0.557,0.589,0.526,-0.537,-0.532,-0.439,0.24,0.231,0.762,0.479,0.692,0.66,-0.623,0.354,0.685,0.039,0.028,-0.088,0.808,-0.291,0.327,-0.558,0.529,-0.2,0.306,0.801,-0.594,-0.498,0.239,0.254,0.542,-0.613,-0.446,-0.676,0.437,0.144,-0.617,0.166,0.159,0.106,0.392,-0.327,0.503,-0.488,1.0,0.562,-0.13,-0.545,0.645,-0.411,0.716,0.54,0.581,0.373,-0.683,0.148,0.799,0.615,0.357,0.725,-0.005,0.386,0.67,0.575,0.28,0.067,-0.51,-0.386,-0.695,0.741,-0.163,0.794,0.182,0.357,-0.189,0.733,-0.354,-0.567,0.536,-0.744,0.814,0.608,0.28,0.507
OCGN,-0.272,-0.376,0.582,-0.106,0.423,-0.296,0.635,0.4,0.355,0.086,0.613,0.594,0.567,0.469,0.595,-0.405,-0.425,0.734,0.559,-0.333,-0.42,-0.458,0.356,-0.1,0.603,0.698,0.737,0.519,-0.561,0.438,0.334,-0.025,0.014,0.079,0.583,-0.046,0.455,-0.382,0.731,-0.153,0.485,0.601,-0.39,-0.517,-0.02,0.576,0.622,-0.657,-0.48,-0.618,0.546,0.455,-0.43,0.289,0.243,0.458,0.416,0.064,0.673,-0.355,0.562,1.0,0.084,-0.273,0.267,-0.064,0.726,0.153,0.613,0.09,-0.615,0.277,0.607,0.466,0.465,0.488,0.195,0.562,0.68,0.138,0.265,-0.294,-0.067,0.02,-0.45,0.609,0.133,0.587,0.079,0.576,-0.28,0.769,-0.161,-0.457,0.762,-0.687,0.439,0.565,0.443,0.702
