,AAL,AAPL,AGNC,AMAT,AMD,AMZN,APA,ARDX,AVGO,AZN,BIDU,BILI,BKR,CAN,CHRD,CMCSA,CPRT,CRWD,CSCO,CSX,DKNG,EBAY,ERIC,EXC,FITB,FLEX,FTNT,GEN,GERN,GEVO,GILD,GOOG,GOOGL,GT,HBAN,HST,INTC,IOVA,IQ,JBLU,JD,KDP,KHC,LRCX,LYFT,MARA,MCHP,MDLZ,META,MNST,MRNA,MRVL,MSFT,MSTR,MU,MVIS,NFLX,NNDM,NVAX,NVDA,NWL,OCGN,ON,OPK,PAA,PACB,PANW,PARA,PDD,PENN,PEP,PLUG,PTEN,PTON,PYPL,QCOM,QVCGA,RIOT,ROKU,RUN,SABR,SBUX,SMCI,SNDL,STNE,TCOM,TLRY,TMUS,TSCO,TSLA,TTD,TXN,UAL,VOD,VTRS,VXRT,WBA,WBD,WDC,ZM
AAL,1.0,0.669,0.517,0.667,0.557,0.729,0.644,0.008,0.668,-0.192,0.616,0.144,0.292,0.644,0.737,0.059,0.481,0.461,0.63,0.456,0.732,-0.315,0.234,-0.538,0.263,0.611,-0.065,0.626,0.428,0.662,-0.086,0.663,0.68,0.708,0.435,0.733,0.736,0.645,0.447,0.643,0.705,-0.442,-0.527,0.683,0.7,0.579,0.789,-0.571,0.017,-0.109,0.745,0.72,0.704,0.493,0.711,0.606,0.644,0.621,0.573,0.686,-0.207,0.626,0.637,0.628,0.683,0.432,0.673,0.729,0.234,0.705,-0.377,0.55,0.814,0.822,-0.048,0.667,0.71,0.607,0.714,-0.019,0.524,0.084,0.592,0.49,0.75,0.581,0.435,-0.502,0.76,0.744,0.683,0.829,0.752,0.252,0.007,0.73,0.489,0.18,0.67,0.555
AAPL,0.669,1.0,0.708,0.826,0.779,0.87,0.651,0.355,0.801,-0.143,0.662,0.44,0.014,0.732,0.786,-0.107,0.722,0.603,0.551,0.414,0.879,-0.253,0.091,-0.532,0.026,0.35,0.155,0.446,0.537,0.674,-0.468,0.841,0.838,0.662,0.125,0.79,0.832,0.444,0.567,0.423,0.651,-0.576,-0.479,0.841,0.718,0.574,0.828,-0.485,0.365,-0.193,0.696,0.866,0.822,0.402,0.891,0.682,0.713,0.37,0.28,0.835,-0.487,0.724,0.565,0.451,0.784,0.086,0.846,0.69,0.528,0.652,-0.479,0.686,0.609,0.683,-0.048,0.784,0.694,0.531,0.853,-0.19,0.155,-0.075,0.798,0.327,0.726,0.707,0.321,-0.206,0.588,0.715,0.786,0.688,0.571,0.184,-0.228,0.592,0.336,0.004,0.761,0.309
AGNC,0.517,0.708,1.0,0.549,0.531,0.54,0.418,0.42,0.548,0.021,0.443,0.36,0.016,0.6,0.596,0.08,0.408,0.497,0.381,0.493,0.604,0.036,0.226,-0.382,-0.086,0.236,0.214,0.343,0.627,0.549,-0.368,0.64,0.664,0.343,-0.009,0.603,0.51,0.28,0.53,0.389,0.461,-0.33,-0.336,0.536,0.364,0.568,0.553,-0.328,0.276,-0.02,0.436,0.575,0.561,0.26,0.546,0.609,0.412,0.271,0.173,0.527,-0.284,0.532,0.518,0.318,0.607,0.134,0.533,0.424,0.378,0.439,-0.346,0.555,0.461,0.622,0.09,0.538,0.587,0.425,0.692,-0.052,0.127,0.013,0.482,0.284,0.464,0.467,0.251,-0.001,0.684,0.626,0.619,0.542,0.305,0.013,-0.27,0.525,0.179,-0.116,0.494,0.234
AMAT,0.667,0.826,0.549,1.0,0.933,0.855,0.412,0.416,0.907,-0.238,0.681,0.453,-0.166,0.643,0.632,-0.238,0.72,0.716,0.391,0.166,0.798,-0.315,-0.17,-0.65,-0.115,0.371,0.142,0.375,0.463,0.533,-0.557,0.799,0.801,0.616,-0.015,0.822,0.809,0.387,0.626,0.371,0.68,-0.633,-0.545,0.982,0.722,0.431,0.887,-0.583,0.466,-0.327,0.719,0.967,0.915,0.196,0.952,0.657,0.742,0.366,0.319,0.929,-0.541,0.821,0.628,0.288,0.674,-0.053,0.791,0.695,0.634,0.618,-0.637,0.681,0.512,0.583,-0.116,0.957,0.603,0.394,0.785,-0.365,0.119,-0.152,0.777,0.278,0.706,0.848,0.237,-0.248,0.585,0.643,0.864,0.751,0.526,0.059,-0.354,0.504,0.224,-0.186,0.922,0.08
AMD,0.557,0.779,0.531,0.933,1.0,0.744,0.308,0.468,0.893,-0.197,0.697,0.552,-0.225,0.602,0.488,-0.295,0.78,0.698,0.248,0.1,0.7,-0.239,-0.188,-0.611,-0.295,0.186,0.163,0.224,0.446,0.478,-0.629,0.749,0.749,0.518,-0.2,0.772,0.683,0.314,0.643,0.327,0.67,-0.66,-0.459,0.924,0.653,0.365,0.778,-0.469,0.536,-0.327,0.619,0.899,0.893,0.019,0.894,0.668,0.658,0.322,0.218,0.904,-0.553,0.818,0.585,0.197,0.544,-0.155,0.678,0.713,0.727,0.625,-0.609,0.692,0.392,0.552,-0.053,0.923,0.592,0.284,0.685,-0.382,0.021,-0.19,0.752,0.103,0.548,0.835,0.196,-0.114,0.501,0.595,0.743,0.589,0.402,-0.063,-0.369,0.422,0.136,-0.274,0.89,-0.022
AMZN,0.729,0.87,0.54,0.855,0.744,1.0,0.644,0.265,0.77,-0.251,0.681,0.328,0.131,0.656,0.778,-0.085,0.63,0.586,0.559,0.32,0.931,-0.318,0.083,-0.584,0.178,0.515,0.109,0.6,0.48,0.634,-0.422,0.76,0.757,0.76,0.217,0.837,0.934,0.546,0.522,0.493,0.692,-0.596,-0.537,0.873,0.744,0.497,0.928,-0.58,0.322,-0.235,0.815,0.897,0.806,0.401,0.883,0.577,0.698,0.518,0.353,0.832,-0.381,0.743,0.657,0.438,0.784,0.19,0.866,0.687,0.474,0.715,-0.551,0.631,0.631,0.665,-0.036,0.804,0.676,0.506,0.802,-0.168,0.342,-0.055,0.755,0.474,0.829,0.772,0.395,-0.391,0.519,0.64,0.759,0.78,0.662,0.297,-0.135,0.635,0.413,0.033,0.811,0.345
APA,0.644,0.651,0.418,0.412,0.308,0.644,1.0,-0.108,0.401,-0.128,0.271,-0.11,0.5,0.725,0.842,0.322,0.244,0.173,0.794,0.626,0.785,-0.085,0.463,-0.227,0.594,0.506,-0.087,0.734,0.329,0.655,0.035,0.467,0.462,0.823,0.609,0.662,0.731,0.577,0.085,0.567,0.319,-0.289,-0.176,0.468,0.528,0.599,0.682,-0.266,-0.067,0.031,0.71,0.507,0.503,0.705,0.527,0.556,0.449,0.551,0.473,0.484,-0.105,0.476,0.47,0.691,0.783,0.526,0.667,0.598,0.013,0.436,-0.111,0.351,0.769,0.63,0.027,0.455,0.554,0.692,0.683,0.179,0.664,0.226,0.441,0.478,0.653,0.277,0.474,-0.328,0.455,0.441,0.486,0.699,0.732,0.457,0.431,0.629,0.485,0.537,0.463,0.742
ARDX,0.008,0.355,0.42,0.416,0.468,0.265,-0.108,1.0,0.328,0.109,0.144,0.397,-0.275,0.168,-0.004,-0.201,0.347,0.336,-0.132,0.005,0.263,0.187,-0.127,-0.122,-0.302,-0.068,0.236,-0.049,0.353,0.043,-0.344,0.221,0.212,-0.066,-0.43,0.231,0.155,-0.009,0.278,0.015,0.198,-0.115,-0.035,0.405,0.103,0.063,0.212,-0.05,0.468,-0.13,0.055,0.41,0.256,-0.184,0.357,0.215,0.138,-0.023,-0.11,0.335,-0.217,0.35,0.15,-0.196,0.067,-0.152,0.191,0.043,0.387,0.123,-0.186,0.355,-0.106,0.058,0.101,0.351,0.114,-0.027,0.232,-0.29,-0.167,-0.22,0.243,-0.023,0.135,0.384,-0.036,0.364,0.252,0.059,0.207,0.023,-0.111,-0.139,-0.425,0.006,-0.052,-0.381,0.324,-0.321
AVGO,0.668,0.801,0.548,0.907,0.893,0.77,0.401,0.328,1.0,-0.302,0.782,0.498,-0.205,0.617,0.583,-0.263,0.723,0.634,0.354,0.118,0.722,-0.358,-0.135,-0.659,-0.094,0.301,0.143,0.289,0.478,0.574,-0.54,0.762,0.765,0.553,0.069,0.732,0.719,0.399,0.644,0.346,0.751,-0.694,-0.541,0.897,0.708,0.451,0.79,-0.577,0.505,-0.282,0.654,0.906,0.872,0.22,0.899,0.64,0.759,0.304,0.303,0.912,-0.578,0.779,0.57,0.389,0.629,-0.042,0.777,0.696,0.686,0.698,-0.551,0.627,0.445,0.68,-0.103,0.894,0.652,0.407,0.728,-0.2,0.093,-0.103,0.749,0.355,0.64,0.748,0.237,-0.256,0.569,0.756,0.837,0.696,0.574,-0.006,-0.326,0.523,0.174,-0.168,0.836,0.155
AZN,-0.192,-0.143,0.021,-0.238,-0.197,-0.251,-0.128,0.109,-0.302,1.0,-0.377,-0.111,0.188,-0.235,-0.263,0.209,-0.182,-0.314,-0.095,0.135,-0.281,0.559,0.252,0.474,-0.134,-0.098,0.149,-0.13,0.063,-0.437,0.28,-0.175,-0.17,-0.306,-0.243,-0.264,-0.338,-0.351,-0.251,-0.099,-0.332,0.509,0.501,-0.272,-0.392,-0.395,-0.234,0.488,0.243,0.36,-0.383,-0.233,-0.192,-0.211,-0.262,-0.338,-0.353,-0.113,-0.312,-0.145,0.349,-0.379,-0.076,-0.375,-0.128,-0.126,-0.312,-0.292,-0.18,-0.243,0.393,-0.286,-0.113,-0.432,0.451,-0.272,-0.385,-0.395,-0.201,0.184,-0.018,0.209,-0.322,-0.225,-0.283,-0.181,0.113,0.49,-0.186,-0.375,-0.287,-0.224,-0.374,0.182,0.161,-0.32,-0.104,0.115,-0.269,-0.115
BIDU,0.616,0.662,0.443,0.681,0.697,0.681,0.271,0.144,0.782,-0.377,1.0,0.656,-0.142,0.488,0.542,-0.351,0.667,0.578,0.264,0.017,0.595,-0.48,-0.04,-0.599,-0.18,0.194,0.048,0.193,0.373,0.622,-0.503,0.624,0.63,0.454,0.03,0.59,0.62,0.439,0.706,0.284,0.91,-0.715,-0.698,0.706,0.665,0.471,0.628,-0.579,0.326,-0.28,0.616,0.707,0.674,0.192,0.735,0.56,0.652,0.342,0.269,0.685,-0.506,0.687,0.483,0.352,0.453,-0.021,0.623,0.584,0.703,0.827,-0.542,0.643,0.344,0.722,-0.223,0.668,0.753,0.384,0.573,-0.14,-0.003,-0.207,0.691,0.298,0.567,0.673,0.143,-0.443,0.441,0.796,0.627,0.49,0.508,0.03,-0.357,0.657,0.26,-0.293,0.673,0.139
BILI,0.144,0.44,0.36,0.453,0.552,0.328,-0.11,0.397,0.498,-0.111,0.656,1.0,-0.369,0.102,0.16,-0.396,0.57,0.467,-0.038,-0.053,0.209,-0.035,-0.192,-0.297,-0.566,-0.147,0.205,-0.186,0.405,0.123,-0.482,0.451,0.453,-0.04,-0.495,0.214,0.194,-0.022,0.681,-0.085,0.605,-0.364,-0.323,0.439,0.36,0.051,0.239,-0.172,0.536,-0.057,0.111,0.411,0.383,-0.295,0.486,0.329,0.323,0.024,-0.274,0.431,-0.333,0.333,0.21,-0.155,0.089,-0.4,0.243,0.195,0.602,0.506,-0.333,0.511,0.002,0.246,-0.029,0.347,0.319,-0.134,0.276,-0.311,-0.404,-0.352,0.513,-0.186,0.135,0.427,-0.104,0.088,0.187,0.376,0.312,0.086,-0.102,-0.099,-0.537,0.174,0.058,-0.539,0.324,-0.235
BKR,0.292,0.014,0.016,-0.166,-0.225,0.131,0.5,-0.275,-0.205,0.188,-0.142,-0.369,1.0,0.126,0.234,0.62,-0.184,-0.343,0.507,0.552,0.228,0.309,0.718,0.246,0.554,0.446,-0.192,0.654,0.3,0.066,0.529,-0.14,-0.132,0.307,0.455,0.148,0.111,0.418,-0.361,0.579,-0.114,0.327,0.234,-0.14,0.004,0.09,0.106,0.157,-0.263,0.38,0.209,-0.065,-0.083,0.422,-0.124,-0.013,-0.186,0.68,0.191,-0.101,0.693,-0.127,0.405,0.27,0.208,0.621,-0.009,0.039,-0.428,0.254,0.3,-0.083,0.427,0.224,0.448,-0.138,0.092,0.202,0.054,0.234,0.724,0.333,-0.142,0.353,0.137,-0.229,0.632,-0.198,-0.008,-0.009,-0.147,0.221,0.213,0.568,0.642,0.275,0.557,0.484,-0.117,0.643
CAN,0.644,0.732,0.6,0.643,0.602,0.656,0.725,0.168,0.617,-0.235,0.488,0.102,0.126,1.0,0.781,0.034,0.435,0.54,0.457,0.436,0.795,-0.299,0.117,-0.561,0.154,0.284,0.022,0.445,0.44,0.752,-0.432,0.652,0.647,0.758,0.262,0.801,0.738,0.477,0.401,0.446,0.486,-0.579,-0.509,0.705,0.588,0.802,0.747,-0.517,0.141,-0.327,0.782,0.685,0.687,0.581,0.681,0.724,0.638,0.373,0.515,0.676,-0.471,0.822,0.612,0.663,0.744,0.241,0.744,0.635,0.384,0.41,-0.518,0.598,0.599,0.701,-0.219,0.746,0.661,0.775,0.838,-0.074,0.376,0.035,0.611,0.273,0.639,0.59,0.27,-0.348,0.665,0.689,0.691,0.672,0.672,0.082,-0.025,0.642,0.234,0.167,0.758,0.298
CHRD,0.737,0.786,0.596,0.632,0.488,0.778,0.842,-0.004,0.583,-0.263,0.542,0.16,0.234,0.781,1.0,0.023,0.374,0.474,0.699,0.481,0.862,-0.333,0.263,-0.519,0.342,0.547,0.057,0.626,0.381,0.756,-0.259,0.706,0.708,0.83,0.459,0.768,0.843,0.616,0.391,0.521,0.583,-0.527,-0.549,0.67,0.721,0.705,0.805,-0.558,-0.004,-0.188,0.812,0.695,0.678,0.685,0.71,0.732,0.639,0.508,0.506,0.654,-0.357,0.661,0.555,0.612,0.864,0.348,0.83,0.687,0.308,0.58,-0.443,0.553,0.749,0.736,-0.204,0.634,0.732,0.706,0.799,0.031,0.415,0.065,0.67,0.487,0.808,0.531,0.318,-0.52,0.619,0.653,0.734,0.797,0.711,0.371,0.052,0.776,0.427,0.208,0.668,0.605
CMCSA,0.059,-0.107,0.08,-0.238,-0.295,-0.085,0.322,-0.201,-0.263,0.209,-0.351,-0.396,0.62,0.034,0.023,1.0,-0.259,-0.238,0.502,0.578,-0.01,0.484,0.51,0.337,0.413,0.149,-0.214,0.405,0.255,0.064,0.507,-0.218,-0.209,0.022,0.277,-0.028,-0.051,-0.039,-0.197,0.341,-0.335,0.482,0.507,-0.256,-0.24,0.08,-0.018,0.328,-0.244,0.588,-0.07,-0.173,-0.248,0.172,-0.258,-0.123,-0.3,0.308,-0.056,-0.287,0.554,-0.31,0.247,0.169,0.094,0.392,-0.202,-0.145,-0.535,-0.105,0.44,-0.179,0.327,0.054,0.477,-0.22,-0.132,0.063,-0.01,0.089,0.547,0.373,-0.319,0.211,-0.107,-0.425,0.461,0.208,-0.043,-0.09,-0.198,0.152,0.037,0.319,0.613,-0.005,0.359,0.478,-0.318,0.375
CPRT,0.481,0.722,0.408,0.72,0.78,0.63,0.244,0.347,0.723,-0.182,0.667,0.57,-0.184,0.435,0.374,-0.259,1.0,0.601,0.27,0.191,0.558,-0.313,-0.093,-0.547,-0.294,0.176,0.096,0.111,0.388,0.482,-0.522,0.73,0.701,0.344,-0.178,0.524,0.546,0.19,0.628,0.267,0.601,-0.556,-0.494,0.708,0.659,0.344,0.583,-0.507,0.436,-0.183,0.403,0.727,0.661,0.031,0.779,0.5,0.636,0.254,0.112,0.694,-0.474,0.598,0.432,0.238,0.372,-0.083,0.565,0.557,0.625,0.618,-0.497,0.66,0.419,0.471,-0.029,0.67,0.521,0.281,0.532,-0.345,-0.107,-0.216,0.779,0.107,0.439,0.67,0.241,-0.184,0.462,0.577,0.579,0.432,0.359,-0.103,-0.377,0.35,0.273,-0.159,0.656,0.001
CRWD,0.461,0.603,0.497,0.716,0.698,0.586,0.173,0.336,0.634,-0.314,0.578,0.467,-0.343,0.54,0.474,-0.238,0.601,1.0,0.151,0.116,0.53,-0.372,-0.287,-0.792,-0.298,0.11,0.208,0.07,0.342,0.54,-0.691,0.68,0.679,0.354,-0.17,0.584,0.543,0.15,0.868,0.238,0.546,-0.702,-0.648,0.701,0.569,0.494,0.592,-0.704,0.218,-0.383,0.447,0.651,0.669,0.056,0.66,0.617,0.732,0.17,0.264,0.629,-0.584,0.682,0.481,0.226,0.443,-0.206,0.639,0.505,0.56,0.418,-0.75,0.797,0.383,0.46,-0.231,0.694,0.578,0.292,0.578,-0.402,-0.148,-0.206,0.703,0.033,0.55,0.704,0.064,-0.242,0.553,0.589,0.632,0.487,0.257,-0.125,-0.564,0.358,0.247,-0.373,0.656,-0.197
CSCO,0.63,0.551,0.381,0.391,0.248,0.559,0.794,-0.132,0.354,-0.095,0.264,-0.038,0.507,0.457,0.699,0.502,0.27,0.151,1.0,0.688,0.614,0.045,0.499,-0.09,0.541,0.606,-0.108,0.746,0.355,0.575,0.247,0.395,0.392,0.638,0.562,0.524,0.619,0.537,0.142,0.622,0.336,-0.054,-0.056,0.394,0.451,0.396,0.587,-0.159,-0.132,0.272,0.571,0.468,0.397,0.507,0.481,0.454,0.354,0.595,0.354,0.363,0.071,0.285,0.441,0.512,0.623,0.547,0.48,0.476,-0.053,0.475,0.101,0.294,0.778,0.573,0.144,0.357,0.434,0.462,0.553,0.063,0.616,0.192,0.323,0.48,0.577,0.142,0.507,-0.252,0.364,0.392,0.417,0.725,0.611,0.595,0.457,0.592,0.64,0.453,0.317,0.745
CSX,0.456,0.414,0.493,0.166,0.1,0.32,0.626,0.005,0.118,0.135,0.017,-0.053,0.552,0.436,0.481,0.578,0.191,0.116,0.688,1.0,0.414,0.297,0.532,0.011,0.32,0.314,0.057,0.527,0.527,0.411,0.181,0.356,0.349,0.366,0.28,0.389,0.344,0.244,0.139,0.569,0.114,0.123,0.069,0.156,0.2,0.417,0.373,0.009,-0.09,0.385,0.283,0.23,0.218,0.381,0.239,0.302,0.151,0.402,0.176,0.184,0.154,0.121,0.442,0.403,0.514,0.433,0.293,0.251,-0.098,0.226,0.087,0.254,0.667,0.42,0.363,0.179,0.252,0.389,0.497,0.05,0.439,0.237,0.213,0.208,0.247,0.068,0.483,0.082,0.455,0.311,0.276,0.501,0.269,0.322,0.297,0.325,0.428,0.391,0.119,0.542
DKNG,0.732,0.879,0.604,0.798,0.7,0.931,0.785,0.263,0.722,-0.281,0.595,0.209,0.228,0.795,0.862,-0.01,0.558,0.53,0.614,0.414,1.0,-0.296,0.214,-0.524,0.278,0.506,0.045,0.674,0.493,0.738,-0.384,0.707,0.702,0.843,0.299,0.893,0.934,0.633,0.407,0.572,0.595,-0.593,-0.494,0.83,0.761,0.646,0.913,-0.545,0.203,-0.249,0.867,0.86,0.776,0.546,0.845,0.72,0.652,0.546,0.485,0.794,-0.371,0.794,0.664,0.546,0.833,0.322,0.868,0.714,0.407,0.658,-0.506,0.646,0.671,0.743,-0.065,0.801,0.749,0.669,0.859,-0.093,0.444,-0.024,0.756,0.503,0.817,0.696,0.436,-0.389,0.605,0.65,0.764,0.778,0.703,0.258,-0.012,0.72,0.412,0.14,0.81,0.454
EBAY,-0.315,-0.253,0.036,-0.315,-0.239,-0.318,-0.085,0.187,-0.358,0.559,-0.48,-0.035,0.309,-0.299,-0.333,0.484,-0.313,-0.372,0.045,0.297,-0.296,1.0,0.361,0.598,0.006,-0.087,0.074,-0.038,0.254,-0.448,0.411,-0.358,-0.348,-0.337,-0.251,-0.239,-0.425,-0.228,-0.238,0.021,-0.386,0.636,0.741,-0.347,-0.473,-0.441,-0.308,0.661,0.166,0.606,-0.371,-0.336,-0.339,-0.356,-0.363,-0.293,-0.51,0.021,-0.466,-0.326,0.532,-0.387,-0.068,-0.402,-0.23,0.053,-0.432,-0.392,-0.385,-0.248,0.532,-0.304,-0.133,-0.351,0.634,-0.345,-0.446,-0.453,-0.25,0.093,0.189,0.196,-0.46,-0.174,-0.42,-0.433,0.213,0.671,-0.286,-0.478,-0.425,-0.211,-0.455,0.243,0.339,-0.373,0.069,0.069,-0.393,0.005
ERIC,0.234,0.091,0.226,-0.17,-0.188,0.083,0.463,-0.127,-0.135,0.252,-0.04,-0.192,0.718,0.117,0.263,0.51,-0.093,-0.287,0.499,0.532,0.214,0.361,1.0,0.318,0.478,0.281,-0.046,0.461,0.282,0.207,0.381,-0.137,-0.137,0.18,0.394,0.087,0.068,0.335,-0.206,0.56,-0.032,0.224,0.271,-0.17,-0.025,0.173,0.041,0.236,-0.156,0.416,0.109,-0.039,-0.116,0.346,-0.099,0.156,-0.167,0.492,0.113,-0.112,0.432,-0.139,0.285,0.238,0.239,0.674,-0.003,0.09,-0.208,0.268,0.322,-0.007,0.337,0.29,0.487,-0.168,0.173,0.245,0.052,0.454,0.553,0.413,-0.126,0.403,0.106,-0.262,0.61,-0.025,0.11,0.044,-0.114,0.134,0.217,0.483,0.603,0.409,0.49,0.49,-0.168,0.623
EXC,-0.538,-0.532,-0.382,-0.65,-0.611,-0.584,-0.227,-0.122,-0.659,0.474,-0.599,-0.297,0.246,-0.561,-0.519,0.337,-0.547,-0.792,-0.09,0.011,-0.524,0.598,0.318,1.0,0.174,-0.304,-0.169,-0.182,-0.289,-0.513,0.675,-0.723,-0.724,-0.475,-0.09,-0.579,-0.567,-0.353,-0.675,-0.22,-0.58,0.794,0.839,-0.659,-0.659,-0.525,-0.595,0.898,-0.149,0.516,-0.544,-0.618,-0.667,-0.258,-0.622,-0.538,-0.745,-0.299,-0.352,-0.63,0.523,-0.679,-0.5,-0.408,-0.478,0.022,-0.68,-0.577,-0.509,-0.487,0.824,-0.613,-0.407,-0.532,0.394,-0.654,-0.581,-0.442,-0.561,0.249,0.007,0.154,-0.69,-0.23,-0.602,-0.657,-0.038,0.58,-0.532,-0.657,-0.683,-0.553,-0.465,0.102,0.455,-0.433,-0.175,0.236,-0.67,0.035
FITB,0.263,0.026,-0.086,-0.115,-0.295,0.178,0.594,-0.302,-0.094,-0.134,-0.18,-0.566,0.554,0.154,0.342,0.413,-0.294,-0.298,0.541,0.32,0.278,0.006,0.478,0.174,1.0,0.495,-0.17,0.618,-0.13,0.256,0.55,-0.18,-0.185,0.422,0.854,0.125,0.266,0.376,-0.392,0.36,-0.068,0.129,0.141,-0.069,0.007,0.242,0.168,0.005,-0.426,0.221,0.318,-0.012,-0.089,0.672,-0.053,-0.045,0.079,0.345,0.348,-0.116,0.277,-0.063,0.08,0.521,0.325,0.616,0.222,0.06,-0.441,0.053,0.307,-0.149,0.373,0.206,0.065,-0.091,0.086,0.45,0.105,0.432,0.676,0.472,-0.159,0.601,0.39,-0.213,0.324,-0.335,0.087,-0.04,0.003,0.347,0.564,0.541,0.628,0.274,0.439,0.688,-0.071,0.706
FLEX,0.611,0.35,0.236,0.371,0.186,0.515,0.506,-0.068,0.301,-0.098,0.194,-0.147,0.446,0.284,0.547,0.149,0.176,0.11,0.606,0.314,0.506,-0.087,0.281,-0.304,0.495,1.0,-0.08,0.653,0.219,0.344,0.206,0.353,0.364,0.519,0.513,0.411,0.474,0.68,0.026,0.498,0.313,-0.088,-0.271,0.354,0.426,0.258,0.474,-0.431,-0.143,-0.027,0.489,0.408,0.362,0.492,0.376,0.242,0.339,0.659,0.467,0.331,0.163,0.276,0.395,0.365,0.451,0.59,0.415,0.435,-0.052,0.45,-0.179,0.19,0.67,0.43,-0.003,0.311,0.296,0.427,0.374,0.142,0.578,0.048,0.236,0.658,0.639,0.219,0.4,-0.521,0.392,0.266,0.412,0.698,0.548,0.521,0.214,0.481,0.515,0.243,0.359,0.577
FTNT,-0.065,0.155,0.214,0.142,0.163,0.109,-0.087,0.236,0.143,0.149,0.048,0.205,-0.192,0.022,0.057,-0.214,0.096,0.208,-0.108,0.057,0.045,0.074,-0.046,-0.169,-0.17,-0.08,1.0,-0.116,0.279,-0.018,-0.312,0.154,0.131,-0.069,-0.236,0.135,0.034,-0.068,0.181,0.157,0.131,-0.144,-0.141,0.122,0.041,-0.002,0.044,-0.129,0.315,-0.053,-0.022,0.143,0.117,-0.121,0.155,0.088,0.186,-0.151,-0.135,0.173,-0.227,0.112,0.034,-0.09,0.137,-0.17,0.244,-0.07,0.374,0.072,-0.231,0.169,-0.14,-0.053,0.15,0.114,0.033,-0.092,0.182,0.331,-0.199,-0.018,0.194,-0.091,-0.013,0.206,-0.015,0.164,0.09,0.004,0.178,0.031,-0.082,0.161,-0.197,-0.041,-0.094,-0.115,0.107,-0.149
GEN,0.626,0.446,0.343,0.375,0.224,0.6,0.734,-0.049,0.289,-0.13,0.193,-0.186,0.654,0.445,0.626,0.405,0.111,0.07,0.746,0.527,0.674,-0.038,0.461,-0.182,0.618,0.653,-0.116,1.0,0.375,0.449,0.204,0.31,0.324,0.717,0.606,0.611,0.646,0.604,-0.034,0.608,0.258,-0.115,-0.153,0.394,0.435,0.419,0.621,-0.245,-0.15,0.112,0.672,0.45,0.405,0.617,0.415,0.386,0.271,0.747,0.449,0.37,0.273,0.331,0.531,0.558,0.61,0.637,0.485,0.44,-0.143,0.482,-0.031,0.254,0.702,0.569,0.084,0.379,0.476,0.535,0.539,0.103,0.751,0.253,0.311,0.565,0.607,0.214,0.474,-0.404,0.357,0.32,0.402,0.688,0.607,0.539,0.47,0.582,0.55,0.441,0.38,0.713
GERN,0.428,0.537,0.627,0.463,0.446,0.48,0.329,0.353,0.478,0.063,0.373,0.405,0.3,0.44,0.381,0.255,0.388,0.342,0.355,0.527,0.493,0.254,0.282,-0.289,-0.13,0.219,0.279,0.375,1.0,0.294,-0.25,0.477,0.483,0.241,-0.111,0.522,0.366,0.275,0.424,0.487,0.367,-0.164,-0.18,0.432,0.424,0.312,0.458,-0.251,0.441,0.2,0.328,0.498,0.425,0.116,0.456,0.407,0.266,0.432,0.013,0.462,0.061,0.388,0.636,0.186,0.446,0.188,0.401,0.197,0.246,0.518,-0.231,0.445,0.353,0.482,0.338,0.437,0.395,0.207,0.584,-0.059,0.251,-0.075,0.465,0.256,0.252,0.297,0.483,0.06,0.404,0.518,0.48,0.426,0.138,0.169,-0.073,0.378,0.324,-0.103,0.352,0.175
GEVO,0.662,0.674,0.549,0.533,0.478,0.634,0.655,0.043,0.574,-0.437,0.622,0.123,0.066,0.752,0.756,0.064,0.482,0.54,0.575,0.411,0.738,-0.448,0.207,-0.513,0.256,0.344,-0.018,0.449,0.294,1.0,-0.297,0.546,0.539,0.653,0.366,0.673,0.732,0.56,0.49,0.481,0.585,-0.59,-0.538,0.572,0.621,0.853,0.657,-0.573,-0.12,-0.222,0.682,0.628,0.54,0.567,0.63,0.732,0.627,0.381,0.596,0.504,-0.469,0.669,0.443,0.713,0.623,0.395,0.667,0.66,0.391,0.57,-0.425,0.615,0.639,0.846,-0.312,0.59,0.783,0.807,0.705,0.061,0.295,-0.097,0.606,0.462,0.636,0.444,0.225,-0.425,0.651,0.743,0.631,0.633,0.71,0.093,0.01,0.748,0.367,0.145,0.581,0.449
GILD,-0.086,-0.468,-0.368,-0.557,-0.629,-0.422,0.035,-0.344,-0.54,0.28,-0.503,-0.482,0.529,-0.432,-0.259,0.507,-0.522,-0.691,0.247,0.181,-0.384,0.411,0.381,0.675,0.55,0.206,-0.312,0.204,-0.25,-0.297,1.0,-0.571,-0.559,-0.212,0.39,-0.456,-0.394,0.005,-0.599,0.022,-0.344,0.776,0.586,-0.547,-0.448,-0.322,-0.408,0.521,-0.442,0.554,-0.307,-0.498,-0.536,0.106,-0.509,-0.474,-0.493,0.127,-0.053,-0.561,0.725,-0.601,-0.299,-0.01,-0.33,0.386,-0.495,-0.38,-0.713,-0.205,0.805,-0.551,0.036,-0.228,0.231,-0.59,-0.407,-0.178,-0.462,0.299,0.398,0.245,-0.629,0.116,-0.23,-0.652,0.072,0.116,-0.279,-0.451,-0.53,-0.168,-0.066,0.418,0.599,-0.204,0.219,0.389,-0.576,0.432
GOOG,0.663,0.841,0.64,0.799,0.749,0.76,0.467,0.221,0.762,-0.175,0.624,0.451,-0.14,0.652,0.706,-0.218,0.73,0.68,0.395,0.356,0.707,-0.358,-0.137,-0.723,-0.18,0.353,0.154,0.31,0.477,0.546,-0.571,1.0,0.996,0.61,0.038,0.723,0.732,0.306,0.646,0.29,0.647,-0.605,-0.649,0.8,0.741,0.491,0.795,-0.631,0.341,-0.289,0.63,0.786,0.849,0.293,0.827,0.593,0.723,0.305,0.242,0.829,-0.523,0.682,0.563,0.36,0.738,-0.055,0.798,0.694,0.539,0.537,-0.619,0.609,0.615,0.589,-0.16,0.771,0.584,0.423,0.795,-0.328,0.023,-0.122,0.809,0.241,0.674,0.762,0.203,-0.334,0.638,0.724,0.845,0.721,0.481,0.03,-0.384,0.485,0.175,-0.078,0.766,0.181
GOOGL,0.68,0.838,0.664,0.801,0.749,0.757,0.462,0.212,0.765,-0.17,0.63,0.453,-0.132,0.647,0.708,-0.209,0.701,0.679,0.392,0.349,0.702,-0.348,-0.137,-0.724,-0.185,0.364,0.131,0.324,0.483,0.539,-0.559,0.996,1.0,0.6,0.043,0.724,0.725,0.32,0.654,0.287,0.65,-0.598,-0.642,0.798,0.724,0.489,0.793,-0.624,0.331,-0.284,0.628,0.78,0.856,0.286,0.819,0.597,0.713,0.322,0.245,0.825,-0.502,0.675,0.571,0.359,0.737,-0.053,0.782,0.704,0.519,0.546,-0.62,0.605,0.623,0.606,-0.156,0.769,0.593,0.42,0.793,-0.33,0.03,-0.12,0.785,0.248,0.675,0.752,0.201,-0.33,0.644,0.738,0.846,0.725,0.474,0.022,-0.394,0.491,0.17,-0.103,0.76,0.183
GT,0.708,0.662,0.343,0.616,0.518,0.76,0.823,-0.066,0.553,-0.306,0.454,-0.04,0.307,0.758,0.83,0.022,0.344,0.354,0.638,0.366,0.843,-0.337,0.18,-0.475,0.422,0.519,-0.069,0.717,0.241,0.653,-0.212,0.61,0.6,1.0,0.5,0.843,0.857,0.647,0.188,0.507,0.505,-0.548,-0.472,0.691,0.727,0.545,0.851,-0.482,-0.042,-0.238,0.94,0.665,0.691,0.607,0.693,0.625,0.559,0.573,0.575,0.677,-0.272,0.73,0.548,0.619,0.795,0.385,0.799,0.729,0.188,0.512,-0.365,0.404,0.683,0.657,-0.221,0.694,0.632,0.65,0.751,-0.021,0.583,0.085,0.62,0.443,0.776,0.57,0.336,-0.562,0.458,0.5,0.637,0.797,0.793,0.36,0.256,0.682,0.357,0.372,0.753,0.593
HBAN,0.435,0.125,-0.009,-0.015,-0.2,0.217,0.609,-0.43,0.069,-0.243,0.03,-0.495,0.455,0.262,0.459,0.277,-0.178,-0.17,0.562,0.28,0.299,-0.251,0.394,-0.09,0.854,0.513,-0.236,0.606,-0.111,0.366,0.39,0.038,0.043,0.5,1.0,0.201,0.35,0.487,-0.265,0.321,0.087,-0.079,-0.12,0.026,0.177,0.38,0.251,-0.196,-0.45,0.052,0.4,0.079,0.093,0.778,0.047,0.086,0.274,0.403,0.462,0.007,0.118,0.024,0.124,0.655,0.436,0.649,0.321,0.27,-0.321,0.178,0.163,-0.021,0.488,0.388,-0.132,0.017,0.283,0.588,0.212,0.363,0.58,0.494,-0.021,0.622,0.467,-0.139,0.249,-0.527,0.205,0.225,0.181,0.449,0.692,0.433,0.521,0.433,0.445,0.651,0.026,0.713
HST,0.733,0.79,0.603,0.822,0.772,0.837,0.662,0.231,0.732,-0.264,0.59,0.214,0.148,0.801,0.768,-0.028,0.524,0.584,0.524,0.389,0.893,-0.239,0.087,-0.579,0.125,0.411,0.135,0.611,0.522,0.673,-0.456,0.723,0.724,0.843,0.201,1.0,0.874,0.584,0.436,0.563,0.606,-0.645,-0.503,0.852,0.75,0.605,0.922,-0.521,0.194,-0.219,0.895,0.836,0.849,0.404,0.829,0.756,0.638,0.545,0.489,0.807,-0.404,0.861,0.691,0.494,0.804,0.253,0.813,0.745,0.418,0.611,-0.55,0.657,0.631,0.739,-0.088,0.879,0.733,0.613,0.894,-0.168,0.417,-0.027,0.752,0.358,0.715,0.737,0.379,-0.351,0.615,0.658,0.789,0.804,0.66,0.185,-0.008,0.676,0.346,0.099,0.875,0.362
INTC,0.736,0.832,0.51,0.809,0.683,0.934,0.731,0.155,0.719,-0.338,0.62,0.194,0.111,0.738,0.843,-0.051,0.546,0.543,0.619,0.344,0.934,-0.425,0.068,-0.567,0.266,0.474,0.034,0.646,0.366,0.732,-0.394,0.732,0.725,0.857,0.35,0.874,1.0,0.575,0.408,0.476,0.624,-0.629,-0.541,0.842,0.778,0.612,0.947,-0.569,0.126,-0.265,0.871,0.872,0.787,0.506,0.859,0.67,0.712,0.482,0.487,0.789,-0.436,0.752,0.616,0.57,0.84,0.25,0.861,0.749,0.417,0.61,-0.495,0.614,0.657,0.703,-0.201,0.797,0.731,0.642,0.852,-0.124,0.363,-0.028,0.761,0.435,0.827,0.738,0.293,-0.454,0.578,0.654,0.781,0.821,0.769,0.238,-0.015,0.714,0.351,0.196,0.803,0.406
IOVA,0.645,0.444,0.28,0.387,0.314,0.546,0.577,-0.009,0.399,-0.351,0.439,-0.022,0.418,0.477,0.616,-0.039,0.19,0.15,0.537,0.244,0.633,-0.228,0.335,-0.353,0.376,0.68,-0.068,0.604,0.275,0.56,0.005,0.306,0.32,0.647,0.487,0.584,0.575,1.0,0.065,0.562,0.5,-0.352,-0.378,0.423,0.557,0.426,0.51,-0.406,-0.206,-0.211,0.665,0.466,0.417,0.471,0.448,0.551,0.356,0.673,0.595,0.4,-0.04,0.522,0.397,0.46,0.423,0.659,0.464,0.594,0.148,0.631,-0.221,0.365,0.536,0.691,-0.166,0.406,0.601,0.569,0.462,0.196,0.56,-0.112,0.356,0.526,0.604,0.281,0.321,-0.54,0.381,0.463,0.402,0.567,0.611,0.372,0.214,0.695,0.465,0.087,0.457,0.591
IQ,0.447,0.567,0.53,0.626,0.643,0.522,0.085,0.278,0.644,-0.251,0.706,0.681,-0.361,0.401,0.391,-0.197,0.628,0.868,0.142,0.139,0.407,-0.238,-0.206,-0.675,-0.392,0.026,0.181,-0.034,0.424,0.49,-0.599,0.646,0.654,0.188,-0.265,0.436,0.408,0.065,1.0,0.15,0.677,-0.587,-0.568,0.601,0.486,0.374,0.492,-0.574,0.36,-0.147,0.331,0.569,0.546,-0.093,0.607,0.485,0.609,0.088,-0.003,0.552,-0.537,0.547,0.435,0.162,0.336,-0.272,0.504,0.398,0.562,0.53,-0.61,0.654,0.323,0.478,-0.108,0.564,0.507,0.145,0.488,-0.347,-0.208,-0.205,0.618,0.046,0.396,0.582,0.061,-0.126,0.471,0.64,0.552,0.406,0.163,-0.141,-0.581,0.304,0.202,-0.47,0.527,-0.158
JBLU,0.643,0.423,0.389,0.371,0.327,0.493,0.567,0.015,0.346,-0.099,0.284,-0.085,0.579,0.446,0.521,0.341,0.267,0.238,0.622,0.569,0.572,0.021,0.56,-0.22,0.36,0.498,0.157,0.608,0.487,0.481,0.022,0.29,0.287,0.507,0.321,0.563,0.476,0.562,0.15,1.0,0.333,-0.217,-0.186,0.359,0.407,0.408,0.496,-0.309,-0.067,0.047,0.516,0.446,0.41,0.379,0.389,0.495,0.302,0.661,0.485,0.399,0.099,0.389,0.606,0.392,0.522,0.514,0.453,0.426,0.148,0.512,-0.194,0.41,0.608,0.589,0.41,0.412,0.509,0.4,0.46,0.144,0.618,0.18,0.326,0.467,0.489,0.316,0.779,-0.31,0.458,0.416,0.382,0.58,0.475,0.433,0.273,0.596,0.559,0.276,0.37,0.556
JD,0.705,0.651,0.461,0.68,0.67,0.692,0.319,0.198,0.751,-0.332,0.91,0.605,-0.114,0.486,0.583,-0.335,0.601,0.546,0.336,0.114,0.595,-0.386,-0.032,-0.58,-0.068,0.313,0.131,0.258,0.367,0.585,-0.344,0.647,0.65,0.505,0.087,0.606,0.624,0.5,0.677,0.333,1.0,-0.589,-0.663,0.717,0.668,0.425,0.655,-0.556,0.244,-0.222,0.661,0.706,0.671,0.206,0.752,0.521,0.63,0.364,0.299,0.695,-0.463,0.689,0.464,0.368,0.477,0.056,0.657,0.569,0.634,0.804,-0.455,0.576,0.424,0.701,-0.226,0.649,0.681,0.367,0.591,-0.084,0.1,-0.158,0.65,0.313,0.647,0.705,0.104,-0.424,0.532,0.716,0.631,0.58,0.558,0.17,-0.308,0.627,0.26,-0.259,0.685,0.236
KDP,-0.442,-0.576,-0.33,-0.633,-0.66,-0.596,-0.289,-0.115,-0.694,0.509,-0.715,-0.364,0.327,-0.579,-0.527,0.482,-0.556,-0.702,-0.054,0.123,-0.593,0.636,0.224,0.794,0.129,-0.088,-0.144,-0.115,-0.164,-0.59,0.776,-0.605,-0.598,-0.548,-0.079,-0.645,-0.629,-0.352,-0.587,-0.217,-0.589,1.0,0.757,-0.66,-0.668,-0.548,-0.606,0.73,-0.179,0.545,-0.62,-0.626,-0.672,-0.235,-0.653,-0.662,-0.735,-0.179,-0.407,-0.647,0.705,-0.762,-0.37,-0.414,-0.504,0.058,-0.709,-0.657,-0.627,-0.503,0.768,-0.641,-0.239,-0.582,0.387,-0.696,-0.698,-0.495,-0.574,0.134,0.065,0.161,-0.735,-0.195,-0.571,-0.686,-0.046,0.507,-0.422,-0.654,-0.631,-0.437,-0.524,0.188,0.358,-0.564,-0.112,0.14,-0.707,-0.011
KHC,-0.527,-0.479,-0.336,-0.545,-0.459,-0.537,-0.176,-0.035,-0.541,0.501,-0.698,-0.323,0.234,-0.509,-0.549,0.507,-0.494,-0.648,-0.056,0.069,-0.494,0.741,0.271,0.839,0.141,-0.271,-0.141,-0.153,-0.18,-0.538,0.586,-0.649,-0.642,-0.472,-0.12,-0.503,-0.541,-0.378,-0.568,-0.186,-0.663,0.757,1.0,-0.58,-0.657,-0.559,-0.525,0.899,-0.068,0.593,-0.586,-0.531,-0.559,-0.368,-0.579,-0.496,-0.685,-0.215,-0.438,-0.539,0.534,-0.668,-0.367,-0.41,-0.409,0.005,-0.656,-0.439,-0.526,-0.499,0.772,-0.553,-0.305,-0.552,0.547,-0.565,-0.622,-0.497,-0.519,0.185,0.053,0.255,-0.679,-0.256,-0.606,-0.65,0.061,0.734,-0.53,-0.676,-0.64,-0.46,-0.483,0.083,0.515,-0.557,-0.129,0.263,-0.636,-0.035
LRCX,0.683,0.841,0.536,0.982,0.924,0.873,0.468,0.405,0.897,-0.272,0.706,0.439,-0.14,0.705,0.67,-0.256,0.708,0.701,0.394,0.156,0.83,-0.347,-0.17,-0.659,-0.069,0.354,0.122,0.394,0.432,0.572,-0.547,0.8,0.798,0.691,0.026,0.852,0.842,0.423,0.601,0.359,0.717,-0.66,-0.58,1.0,0.736,0.47,0.909,-0.589,0.434,-0.368,0.791,0.962,0.912,0.252,0.959,0.663,0.758,0.385,0.338,0.932,-0.547,0.878,0.625,0.341,0.688,-0.035,0.83,0.707,0.617,0.632,-0.623,0.685,0.512,0.614,-0.171,0.96,0.64,0.438,0.8,-0.346,0.162,-0.149,0.784,0.278,0.748,0.865,0.206,-0.302,0.581,0.648,0.834,0.748,0.586,0.088,-0.325,0.537,0.237,-0.15,0.953,0.115
LYFT,0.7,0.718,0.364,0.722,0.653,0.744,0.528,0.103,0.708,-0.392,0.665,0.36,0.004,0.588,0.721,-0.24,0.659,0.569,0.451,0.2,0.761,-0.473,-0.025,-0.659,0.007,0.426,0.041,0.435,0.424,0.621,-0.448,0.741,0.724,0.727,0.177,0.75,0.778,0.557,0.486,0.407,0.668,-0.668,-0.657,0.736,1.0,0.495,0.779,-0.686,0.134,-0.23,0.723,0.761,0.721,0.359,0.803,0.714,0.661,0.451,0.459,0.757,-0.435,0.71,0.523,0.457,0.634,0.191,0.77,0.7,0.443,0.679,-0.55,0.611,0.573,0.659,-0.282,0.712,0.729,0.507,0.713,-0.143,0.21,-0.193,0.923,0.335,0.652,0.669,0.261,-0.53,0.554,0.656,0.743,0.68,0.584,0.085,-0.107,0.64,0.326,0.026,0.739,0.34
MARA,0.579,0.574,0.568,0.431,0.365,0.497,0.599,0.063,0.451,-0.395,0.471,0.051,0.09,0.802,0.705,0.08,0.344,0.494,0.396,0.417,0.646,-0.441,0.173,-0.525,0.242,0.258,-0.002,0.419,0.312,0.853,-0.322,0.491,0.489,0.545,0.38,0.605,0.612,0.426,0.374,0.408,0.425,-0.548,-0.559,0.47,0.495,1.0,0.55,-0.573,-0.125,-0.322,0.586,0.511,0.469,0.716,0.473,0.69,0.606,0.339,0.611,0.403,-0.416,0.606,0.449,0.757,0.578,0.38,0.602,0.527,0.325,0.387,-0.511,0.661,0.603,0.771,-0.339,0.528,0.75,0.916,0.674,0.065,0.284,0.072,0.538,0.349,0.547,0.387,0.152,-0.425,0.722,0.717,0.58,0.546,0.628,-0.027,-0.057,0.692,0.316,0.162,0.504,0.357
MCHP,0.789,0.828,0.553,0.887,0.778,0.928,0.682,0.212,0.79,-0.234,0.628,0.239,0.106,0.747,0.805,-0.018,0.583,0.592,0.587,0.373,0.913,-0.308,0.041,-0.595,0.168,0.474,0.044,0.621,0.458,0.657,-0.408,0.795,0.793,0.851,0.251,0.922,0.947,0.51,0.492,0.496,0.655,-0.606,-0.525,0.909,0.779,0.55,1.0,-0.564,0.263,-0.214,0.884,0.913,0.864,0.426,0.892,0.659,0.696,0.509,0.429,0.869,-0.419,0.8,0.706,0.484,0.843,0.181,0.863,0.751,0.427,0.628,-0.53,0.602,0.689,0.692,-0.1,0.89,0.681,0.557,0.871,-0.215,0.407,0.003,0.767,0.425,0.802,0.79,0.362,-0.392,0.614,0.661,0.833,0.883,0.71,0.215,-0.057,0.65,0.336,0.123,0.886,0.374
MDLZ,-0.571,-0.485,-0.328,-0.583,-0.469,-0.58,-0.266,-0.05,-0.577,0.488,-0.579,-0.172,0.157,-0.517,-0.558,0.328,-0.507,-0.704,-0.159,0.009,-0.545,0.661,0.236,0.898,0.005,-0.431,-0.129,-0.245,-0.251,-0.573,0.521,-0.631,-0.624,-0.482,-0.196,-0.521,-0.569,-0.406,-0.574,-0.309,-0.556,0.73,0.899,-0.589,-0.686,-0.573,-0.564,1.0,-0.066,0.523,-0.557,-0.579,-0.565,-0.395,-0.577,-0.505,-0.749,-0.298,-0.489,-0.546,0.46,-0.645,-0.421,-0.485,-0.449,-0.086,-0.683,-0.47,-0.426,-0.485,0.777,-0.568,-0.421,-0.541,0.429,-0.588,-0.61,-0.522,-0.527,0.133,-0.09,0.216,-0.674,-0.391,-0.654,-0.602,-0.11,0.717,-0.548,-0.641,-0.662,-0.559,-0.533,0.026,0.412,-0.523,-0.262,0.171,-0.622,-0.084
META,0.017,0.365,0.276,0.466,0.536,0.322,-0.067,0.468,0.505,0.243,0.326,0.536,-0.263,0.141,-0.004,-0.244,0.436,0.218,-0.132,-0.09,0.203,0.166,-0.156,-0.149,-0.426,-0.143,0.315,-0.15,0.441,-0.12,-0.442,0.341,0.331,-0.042,-0.45,0.194,0.126,-0.206,0.36,-0.067,0.244,-0.179,-0.068,0.434,0.134,-0.125,0.263,-0.066,1.0,-0.063,0.056,0.429,0.378,-0.255,0.401,0.046,0.25,-0.088,-0.372,0.502,-0.258,0.292,0.2,-0.219,0.147,-0.403,0.237,0.049,0.506,0.252,-0.247,0.187,-0.122,-0.018,0.291,0.415,0.017,-0.209,0.257,-0.168,-0.139,-0.075,0.29,-0.068,0.025,0.373,0.133,0.289,-0.001,0.173,0.305,0.071,-0.085,-0.058,-0.346,-0.072,-0.124,-0.324,0.37,-0.297
MNST,-0.109,-0.193,-0.02,-0.327,-0.327,-0.235,0.031,-0.13,-0.282,0.36,-0.28,-0.057,0.38,-0.327,-0.188,0.588,-0.183,-0.383,0.272,0.385,-0.249,0.606,0.416,0.516,0.221,-0.027,-0.053,0.112,0.2,-0.222,0.554,-0.289,-0.284,-0.238,0.052,-0.219,-0.265,-0.211,-0.147,0.047,-0.222,0.545,0.593,-0.368,-0.23,-0.322,-0.214,0.523,-0.063,1.0,-0.297,-0.289,-0.362,-0.177,-0.289,-0.281,-0.399,0.057,-0.409,-0.358,0.505,-0.485,-0.008,-0.096,-0.118,0.133,-0.338,-0.313,-0.475,-0.033,0.638,-0.333,0.019,-0.169,0.47,-0.397,-0.289,-0.294,-0.183,0.206,0.197,0.283,-0.267,0.03,-0.323,-0.473,0.232,0.375,-0.197,-0.236,-0.297,-0.085,-0.182,0.26,0.472,-0.192,0.228,0.313,-0.446,0.291
MRNA,0.745,0.696,0.436,0.719,0.619,0.815,0.71,0.055,0.654,-0.383,0.616,0.111,0.209,0.782,0.812,-0.07,0.403,0.447,0.571,0.283,0.867,-0.371,0.109,-0.544,0.318,0.489,-0.022,0.672,0.328,0.682,-0.307,0.63,0.628,0.94,0.4,0.895,0.871,0.665,0.331,0.516,0.661,-0.62,-0.586,0.791,0.723,0.586,0.884,-0.557,0.056,-0.297,1.0,0.749,0.731,0.545,0.764,0.654,0.613,0.552,0.551,0.724,-0.356,0.843,0.599,0.581,0.755,0.326,0.813,0.681,0.317,0.597,-0.465,0.504,0.617,0.727,-0.249,0.791,0.701,0.652,0.799,-0.09,0.525,0.023,0.645,0.463,0.807,0.665,0.299,-0.58,0.51,0.61,0.702,0.799,0.789,0.307,0.083,0.745,0.36,0.176,0.843,0.49
MRVL,0.72,0.866,0.575,0.967,0.899,0.897,0.507,0.41,0.906,-0.233,0.707,0.411,-0.065,0.685,0.695,-0.173,0.727,0.651,0.468,0.23,0.86,-0.336,-0.039,-0.618,-0.012,0.408,0.143,0.45,0.498,0.628,-0.498,0.786,0.78,0.665,0.079,0.836,0.872,0.466,0.569,0.446,0.706,-0.626,-0.531,0.962,0.761,0.511,0.913,-0.579,0.429,-0.289,0.749,1.0,0.883,0.3,0.953,0.685,0.748,0.431,0.362,0.924,-0.499,0.81,0.659,0.386,0.725,0.066,0.816,0.73,0.64,0.684,-0.569,0.682,0.55,0.66,-0.104,0.925,0.672,0.48,0.811,-0.244,0.203,-0.11,0.795,0.36,0.746,0.827,0.287,-0.29,0.616,0.686,0.855,0.77,0.623,0.125,-0.248,0.606,0.278,-0.071,0.896,0.202
MSFT,0.704,0.822,0.561,0.915,0.893,0.806,0.503,0.256,0.872,-0.192,0.674,0.383,-0.083,0.687,0.678,-0.248,0.661,0.669,0.397,0.218,0.776,-0.339,-0.116,-0.667,-0.089,0.362,0.117,0.405,0.425,0.54,-0.536,0.849,0.856,0.691,0.093,0.849,0.787,0.417,0.546,0.41,0.671,-0.672,-0.559,0.912,0.721,0.469,0.864,-0.565,0.378,-0.362,0.731,0.883,1.0,0.302,0.897,0.684,0.74,0.436,0.431,0.941,-0.511,0.8,0.612,0.373,0.761,-0.014,0.824,0.797,0.621,0.619,-0.623,0.665,0.578,0.636,-0.11,0.921,0.652,0.443,0.796,-0.311,0.154,-0.093,0.764,0.261,0.718,0.834,0.278,-0.305,0.599,0.672,0.86,0.755,0.566,0.115,-0.257,0.547,0.208,-0.077,0.892,0.187
MSTR,0.493,0.402,0.26,0.196,0.019,0.401,0.705,-0.184,0.22,-0.211,0.192,-0.295,0.422,0.581,0.685,0.172,0.031,0.056,0.507,0.381,0.546,-0.356,0.346,-0.258,0.672,0.492,-0.121,0.617,0.116,0.567,0.106,0.293,0.286,0.607,0.778,0.404,0.506,0.471,-0.093,0.379,0.206,-0.235,-0.368,0.252,0.359,0.716,0.426,-0.395,-0.255,-0.177,0.545,0.3,0.302,1.0,0.264,0.322,0.411,0.433,0.578,0.247,-0.051,0.299,0.307,0.717,0.608,0.532,0.559,0.325,-0.026,0.274,-0.168,0.255,0.587,0.526,-0.241,0.262,0.47,0.811,0.468,0.23,0.509,0.346,0.28,0.6,0.596,0.126,0.258,-0.572,0.43,0.417,0.429,0.528,0.673,0.388,0.284,0.557,0.4,0.488,0.286,0.647
MU,0.711,0.891,0.546,0.952,0.894,0.883,0.527,0.357,0.899,-0.262,0.735,0.486,-0.124,0.681,0.71,-0.258,0.779,0.66,0.481,0.239,0.845,-0.363,-0.099,-0.622,-0.053,0.376,0.155,0.415,0.456,0.63,-0.509,0.827,0.819,0.693,0.047,0.829,0.859,0.448,0.607,0.389,0.752,-0.653,-0.579,0.959,0.803,0.473,0.892,-0.577,0.401,-0.289,0.764,0.953,0.897,0.264,1.0,0.694,0.745,0.376,0.356,0.931,-0.555,0.831,0.571,0.402,0.71,0.028,0.842,0.731,0.628,0.687,-0.57,0.664,0.558,0.657,-0.167,0.908,0.654,0.464,0.827,-0.28,0.135,-0.198,0.844,0.285,0.73,0.832,0.223,-0.284,0.606,0.674,0.847,0.747,0.612,0.124,-0.275,0.575,0.243,-0.081,0.904,0.201
MVIS,0.606,0.682,0.609,0.657,0.668,0.577,0.556,0.215,0.64,-0.338,0.56,0.329,-0.013,0.724,0.732,-0.123,0.5,0.617,0.454,0.302,0.72,-0.293,0.156,-0.538,-0.045,0.242,0.088,0.386,0.407,0.732,-0.474,0.593,0.597,0.625,0.086,0.756,0.67,0.551,0.485,0.495,0.521,-0.662,-0.496,0.663,0.714,0.69,0.659,-0.505,0.046,-0.281,0.654,0.685,0.684,0.322,0.694,1.0,0.595,0.417,0.565,0.654,-0.464,0.76,0.504,0.474,0.579,0.241,0.634,0.745,0.497,0.55,-0.525,0.721,0.531,0.756,-0.246,0.711,0.801,0.599,0.694,-0.083,0.208,-0.182,0.723,0.153,0.559,0.543,0.204,-0.308,0.65,0.647,0.645,0.578,0.494,0.002,-0.085,0.756,0.299,-0.052,0.687,0.326
NFLX,0.644,0.713,0.412,0.742,0.658,0.698,0.449,0.138,0.759,-0.353,0.652,0.323,-0.186,0.638,0.639,-0.3,0.636,0.732,0.354,0.151,0.652,-0.51,-0.167,-0.745,0.079,0.339,0.186,0.271,0.266,0.627,-0.493,0.723,0.713,0.559,0.274,0.638,0.712,0.356,0.609,0.302,0.63,-0.735,-0.685,0.758,0.661,0.606,0.696,-0.749,0.25,-0.399,0.613,0.748,0.74,0.411,0.745,0.595,1.0,0.265,0.412,0.716,-0.594,0.699,0.433,0.572,0.623,0.008,0.795,0.645,0.533,0.528,-0.625,0.734,0.51,0.595,-0.276,0.734,0.683,0.558,0.692,-0.113,0.062,0.005,0.727,0.262,0.734,0.689,0.146,-0.469,0.598,0.71,0.714,0.654,0.66,0.069,-0.343,0.553,0.385,-0.004,0.711,0.136
NNDM,0.621,0.37,0.271,0.366,0.322,0.518,0.551,-0.023,0.304,-0.113,0.342,0.024,0.68,0.373,0.508,0.308,0.254,0.17,0.595,0.402,0.546,0.021,0.492,-0.299,0.345,0.659,-0.151,0.747,0.432,0.381,0.127,0.305,0.322,0.573,0.403,0.545,0.482,0.673,0.088,0.661,0.364,-0.179,-0.215,0.385,0.451,0.339,0.509,-0.298,-0.088,0.057,0.552,0.431,0.436,0.433,0.376,0.417,0.265,1.0,0.412,0.357,0.364,0.356,0.608,0.379,0.436,0.625,0.364,0.53,0.005,0.676,-0.175,0.374,0.673,0.586,0.162,0.355,0.49,0.411,0.377,0.005,0.671,0.133,0.299,0.482,0.549,0.222,0.567,-0.459,0.314,0.325,0.295,0.575,0.502,0.564,0.36,0.608,0.692,0.225,0.375,0.572
NVAX,0.573,0.28,0.173,0.319,0.218,0.353,0.473,-0.11,0.303,-0.312,0.269,-0.274,0.191,0.515,0.506,-0.056,0.112,0.264,0.354,0.176,0.485,-0.466,0.113,-0.352,0.348,0.467,-0.135,0.449,0.013,0.596,-0.053,0.242,0.245,0.575,0.462,0.489,0.487,0.595,-0.003,0.485,0.299,-0.407,-0.438,0.338,0.459,0.611,0.429,-0.489,-0.372,-0.409,0.551,0.362,0.431,0.578,0.356,0.565,0.412,0.412,1.0,0.366,-0.224,0.495,0.241,0.582,0.405,0.518,0.46,0.542,0.167,0.264,-0.36,0.375,0.517,0.568,-0.371,0.444,0.53,0.697,0.441,0.131,0.417,-0.099,0.328,0.369,0.562,0.347,0.171,-0.529,0.544,0.418,0.438,0.498,0.611,0.141,0.139,0.65,0.227,0.227,0.443,0.403
NVDA,0.686,0.835,0.527,0.929,0.904,0.832,0.484,0.335,0.912,-0.145,0.685,0.431,-0.101,0.676,0.654,-0.287,0.694,0.629,0.363,0.184,0.794,-0.326,-0.112,-0.63,-0.116,0.331,0.173,0.37,0.462,0.504,-0.561,0.829,0.825,0.677,0.007,0.807,0.789,0.4,0.552,0.399,0.695,-0.647,-0.539,0.932,0.757,0.403,0.869,-0.546,0.502,-0.358,0.724,0.924,0.941,0.247,0.931,0.654,0.716,0.357,0.366,1.0,-0.529,0.808,0.615,0.328,0.727,-0.062,0.833,0.737,0.677,0.628,-0.597,0.61,0.509,0.589,-0.067,0.926,0.61,0.372,0.784,-0.25,0.153,-0.105,0.8,0.253,0.693,0.873,0.283,-0.266,0.575,0.657,0.846,0.727,0.535,0.097,-0.279,0.514,0.13,-0.1,0.908,0.155
NWL,-0.207,-0.487,-0.284,-0.541,-0.553,-0.381,-0.105,-0.217,-0.578,0.349,-0.506,-0.333,0.693,-0.471,-0.357,0.554,-0.474,-0.584,0.071,0.154,-0.371,0.532,0.432,0.523,0.277,0.163,-0.227,0.273,0.061,-0.469,0.725,-0.523,-0.502,-0.272,0.118,-0.404,-0.436,-0.04,-0.537,0.099,-0.463,0.705,0.534,-0.547,-0.435,-0.416,-0.419,0.46,-0.258,0.505,-0.356,-0.499,-0.511,-0.051,-0.555,-0.464,-0.594,0.364,-0.224,-0.529,1.0,-0.595,-0.047,-0.214,-0.36,0.322,-0.54,-0.429,-0.663,-0.113,0.606,-0.455,-0.056,-0.287,0.428,-0.583,-0.405,-0.348,-0.478,0.157,0.361,0.189,-0.558,0.049,-0.301,-0.602,0.231,0.111,-0.39,-0.48,-0.568,-0.254,-0.307,0.397,0.51,-0.234,0.256,0.224,-0.579,0.228
OCGN,0.626,0.724,0.532,0.821,0.818,0.743,0.476,0.35,0.779,-0.379,0.687,0.333,-0.127,0.822,0.661,-0.31,0.598,0.682,0.285,0.121,0.794,-0.387,-0.139,-0.679,-0.063,0.276,0.112,0.331,0.388,0.669,-0.601,0.682,0.675,0.73,0.024,0.861,0.752,0.522,0.547,0.389,0.689,-0.762,-0.668,0.878,0.71,0.606,0.8,-0.645,0.292,-0.485,0.843,0.81,0.8,0.299,0.831,0.76,0.699,0.356,0.495,0.808,-0.595,1.0,0.533,0.425,0.593,0.075,0.787,0.669,0.59,0.564,-0.673,0.683,0.433,0.682,-0.304,0.902,0.715,0.57,0.78,-0.213,0.231,-0.211,0.741,0.226,0.687,0.796,0.152,-0.389,0.588,0.651,0.729,0.642,0.595,-0.003,-0.274,0.623,0.186,-0.174,0.936,0.128
ON,0.637,0.565,0.518,0.628,0.585,0.657,0.47,0.15,0.57,-0.076,0.483,0.21,0.405,0.612,0.555,0.247,0.432,0.481,0.441,0.442,0.664,-0.068,0.285,-0.5,0.08,0.395,0.034,0.531,0.636,0.443,-0.299,0.563,0.571,0.548,0.124,0.691,0.616,0.397,0.435,0.606,0.464,-0.37,-0.367,0.625,0.523,0.449,0.706,-0.421,0.2,-0.008,0.599,0.659,0.612,0.307,0.571,0.504,0.433,0.608,0.241,0.615,-0.047,0.533,1.0,0.35,0.614,0.181,0.552,0.477,0.304,0.588,-0.436,0.517,0.535,0.59,0.19,0.632,0.514,0.382,0.606,-0.211,0.418,0.099,0.525,0.374,0.536,0.549,0.57,-0.336,0.535,0.621,0.588,0.675,0.447,0.176,-0.029,0.53,0.416,0.072,0.603,0.283
