,AAL,AAPL,AGNC,AMAT,AMD,AMZN,APA,ARDX,AVGO,AZN,BIDU,BILI,BKR,CAN,CHRD,CMCSA,CPRT,CRWD,CSCO,CSX,DKNG,EBAY,ERIC,EXC,FITB,FLEX,FTNT,GEN,GERN,GEVO,GILD,GOOG,GOOGL,GT,HBAN,HST,INTC,IOVA,IQ,JBLU,JD,KDP,KHC,LRCX,LYFT,MARA,MCHP,MDLZ,META,MNST,MRNA,MRVL,MSFT,MSTR,MU,MVIS,NFLX,NNDM,NVAX,NVDA,NWL,OCGN,ON,OPK,PAA,PACB,PANW,PARA,PDD,PENN,PEP,PLUG,PTEN,PTON,PYPL,QCOM,QVCGA,RIOT,ROKU,RUN,SABR,SBUX,SMCI,SNDL,STNE,TCOM,TLRY,TMUS,TSCO,TSLA,TTD,TXN,UAL,VOD,VTRS,VXRT,WBA,WBD,WDC,ZM
AAL,1.0,0.45,-0.412,0.292,0.04,-0.017,-0.49,0.57,0.459,-0.506,-0.048,-0.656,-0.497,0.679,-0.4,-0.408,-0.537,-0.03,-0.569,0.373,0.104,-0.669,-0.392,-0.574,-0.426,0.168,0.253,-0.05,-0.225,0.599,-0.662,-0.253,-0.26,-0.377,-0.197,-0.119,0.139,0.699,-0.426,-0.234,-0.539,0.263,0.266,0.332,-0.275,0.752,-0.498,0.477,-0.004,-0.518,-0.59,0.295,-0.268,-0.534,-0.062,0.198,-0.255,0.122,0.036,-0.456,-0.535,-0.158,0.196,0.588,-0.485,0.672,0.605,-0.205,0.028,-0.194,-0.183,0.296,0.083,0.243,-0.216,-0.416,0.536,0.694,-0.33,0.599,0.855,0.544,-0.284,-0.079,0.043,0.249,-0.055,0.151,-0.208,0.793,0.6,-0.339,0.587,0.203,0.518,0.474,0.39,0.054,-0.026,0.335
AAPL,0.45,1.0,-0.383,-0.217,-0.292,-0.046,-0.198,0.348,-0.094,-0.233,0.386,-0.256,-0.175,0.443,-0.209,0.13,-0.333,-0.129,-0.395,0.043,-0.098,-0.523,-0.268,-0.498,-0.546,-0.344,-0.061,-0.136,-0.017,0.463,-0.189,0.141,0.116,-0.279,-0.516,-0.337,-0.207,0.339,-0.143,-0.637,-0.229,0.287,0.272,-0.194,-0.458,0.565,-0.483,0.718,-0.276,-0.224,-0.337,-0.242,0.088,-0.461,-0.309,0.125,-0.075,0.223,-0.221,-0.623,-0.352,-0.186,0.044,0.262,-0.367,0.492,0.61,0.206,0.426,-0.117,0.212,-0.245,-0.263,0.356,0.081,-0.532,0.502,0.611,0.001,0.085,0.582,0.792,-0.544,-0.012,0.344,0.378,0.025,-0.093,-0.019,0.606,0.292,-0.507,0.244,-0.116,0.461,0.447,0.46,0.274,-0.517,0.317
AGNC,-0.412,-0.383,1.0,0.266,0.087,0.428,0.613,-0.412,0.003,0.571,-0.023,0.458,0.636,-0.311,0.521,0.571,0.632,0.239,0.795,-0.054,0.379,0.631,0.276,0.709,0.776,0.176,0.122,0.726,0.257,-0.519,0.618,0.385,0.365,0.671,0.631,0.494,0.133,-0.298,0.663,0.5,0.486,0.065,0.209,0.216,0.628,-0.446,0.686,-0.148,0.495,0.565,0.724,-0.214,0.426,0.644,0.498,-0.061,0.523,0.06,-0.051,0.582,0.632,0.414,0.088,-0.281,0.492,-0.59,-0.489,0.621,-0.223,0.277,0.325,0.093,0.342,-0.086,0.336,0.653,-0.288,-0.445,0.447,-0.092,-0.378,-0.34,0.438,0.234,-0.122,0.237,0.238,-0.105,0.381,-0.547,0.054,0.65,-0.127,0.055,-0.337,-0.279,0.043,0.462,0.428,-0.068
AMAT,0.292,-0.217,0.266,1.0,0.45,0.571,0.105,0.161,0.802,-0.073,-0.393,-0.259,0.144,0.144,0.269,-0.256,0.219,0.142,0.187,0.39,0.371,0.109,-0.131,0.241,0.468,0.607,0.423,0.4,0.156,0.103,-0.182,-0.031,-0.048,0.15,0.611,0.582,0.4,0.51,-0.105,0.339,-0.177,0.05,0.215,0.928,0.378,0.087,0.398,-0.089,0.786,0.097,-0.074,0.527,0.16,0.025,0.456,0.028,0.354,-0.108,0.354,0.381,0.144,0.079,0.304,0.088,0.197,-0.086,-0.125,-0.091,-0.291,-0.101,0.095,0.548,0.357,-0.228,0.046,0.454,-0.039,-0.02,-0.32,0.471,0.142,-0.022,0.319,0.028,-0.385,-0.072,0.009,0.238,0.082,-0.006,0.336,0.556,0.35,0.361,0.116,0.04,-0.015,-0.073,0.754,-0.06
AMD,0.04,-0.292,0.087,0.45,1.0,0.042,-0.345,0.369,0.452,-0.073,-0.602,0.003,-0.303,-0.111,-0.263,-0.152,-0.158,0.065,0.134,0.51,-0.302,-0.009,0.262,0.174,0.289,0.661,0.655,0.219,-0.389,0.32,0.081,-0.537,-0.551,-0.342,0.328,0.417,0.808,0.352,-0.232,0.255,-0.216,-0.405,-0.43,0.451,-0.119,-0.11,0.475,-0.316,0.293,0.1,-0.074,0.814,-0.369,-0.022,-0.138,0.62,-0.216,0.341,0.504,0.233,0.131,-0.482,0.672,0.0,-0.282,0.073,-0.24,-0.416,-0.447,0.413,-0.551,0.656,0.28,0.136,-0.455,0.431,0.044,-0.211,-0.285,0.293,-0.209,-0.092,0.65,-0.512,-0.014,-0.497,-0.571,0.599,-0.473,-0.046,-0.146,0.577,-0.285,0.694,-0.061,-0.328,0.169,-0.028,0.541,0.156
AMZN,-0.017,-0.046,0.428,0.571,0.042,1.0,0.606,-0.232,0.412,0.078,-0.092,-0.025,0.534,-0.21,0.587,0.193,0.607,0.146,0.38,-0.056,0.559,0.302,-0.02,0.283,0.425,0.136,-0.008,0.462,0.425,-0.226,0.147,0.451,0.429,0.415,0.375,0.464,-0.012,-0.008,0.221,0.296,0.164,0.105,0.236,0.537,0.419,-0.225,0.397,-0.069,0.7,0.481,0.132,-0.073,0.779,0.402,0.498,-0.187,0.78,-0.205,-0.137,0.445,0.472,0.411,0.017,-0.119,0.463,-0.294,-0.183,0.303,0.11,-0.049,0.471,-0.044,0.107,-0.374,0.565,0.407,-0.233,-0.243,0.12,-0.061,0.005,-0.002,0.197,0.297,-0.186,0.194,0.289,-0.229,0.538,-0.201,0.214,0.455,0.325,-0.067,-0.203,-0.013,-0.233,0.026,0.435,-0.079
APA,-0.49,-0.198,0.613,0.105,-0.345,0.606,1.0,-0.615,-0.122,0.376,0.12,0.346,0.912,-0.492,0.909,0.545,0.859,0.148,0.664,-0.429,0.508,0.591,-0.019,0.605,0.606,-0.228,-0.366,0.319,0.745,-0.665,0.508,0.757,0.732,0.74,0.439,0.257,-0.352,-0.514,0.489,0.394,0.621,0.296,0.401,0.082,0.582,-0.579,0.424,-0.071,0.421,0.588,0.57,-0.538,0.822,0.661,0.547,-0.539,0.785,-0.376,-0.393,0.582,0.644,0.658,-0.422,-0.442,0.773,-0.702,-0.483,0.557,0.189,-0.145,0.787,-0.423,0.118,-0.438,0.773,0.453,-0.539,-0.52,0.4,-0.418,-0.309,-0.278,0.103,0.55,-0.205,0.234,0.557,-0.438,0.711,-0.584,-0.042,0.349,0.189,-0.348,-0.471,-0.048,-0.278,0.105,0.123,-0.445
ARDX,0.57,0.348,-0.412,0.161,0.369,-0.232,-0.615,1.0,0.392,-0.402,-0.204,-0.534,-0.655,0.6,-0.507,-0.331,-0.632,-0.013,-0.393,0.679,-0.393,-0.608,-0.048,-0.377,-0.278,0.529,0.617,-0.048,-0.481,0.767,-0.364,-0.606,-0.615,-0.644,-0.075,0.047,0.439,0.779,-0.625,-0.352,-0.654,-0.081,-0.141,0.22,-0.552,0.573,-0.24,0.417,-0.123,-0.542,-0.591,0.528,-0.509,-0.587,-0.439,0.629,-0.472,0.353,0.347,-0.56,-0.383,-0.634,0.526,0.494,-0.677,0.732,0.571,-0.43,-0.129,0.094,-0.443,0.366,-0.017,0.334,-0.594,-0.312,0.655,0.563,-0.422,0.529,0.546,0.56,0.061,-0.494,0.214,-0.224,-0.505,0.724,-0.493,0.692,0.279,-0.064,0.003,0.571,0.569,0.237,0.561,0.005,-0.079,0.475
AVGO,0.459,-0.094,0.003,0.802,0.452,0.412,-0.122,0.392,1.0,-0.271,-0.495,-0.373,-0.155,0.249,-0.015,-0.394,-0.09,0.063,-0.005,0.521,0.326,-0.277,-0.184,-0.033,0.248,0.686,0.521,0.328,-0.042,0.391,-0.332,-0.301,-0.302,-0.155,0.45,0.467,0.477,0.592,-0.437,0.154,-0.427,0.075,0.163,0.889,0.145,0.197,0.193,0.057,0.577,-0.27,-0.329,0.678,-0.01,-0.244,0.419,0.225,0.105,-0.013,0.162,0.193,-0.072,0.06,0.426,0.458,-0.019,0.226,0.069,-0.304,-0.198,-0.078,-0.077,0.484,0.296,-0.019,-0.101,0.253,0.131,0.092,-0.533,0.577,0.328,0.148,0.19,0.034,-0.258,-0.19,0.004,0.327,-0.055,0.202,0.472,0.399,0.362,0.458,0.132,0.263,0.085,-0.151,0.625,0.044
AZN,-0.506,-0.233,0.571,-0.073,-0.073,0.078,0.376,-0.402,-0.271,1.0,0.312,0.66,0.45,-0.326,0.176,0.442,0.464,0.234,0.705,-0.161,-0.14,0.529,0.499,0.676,0.487,-0.062,0.123,0.513,0.072,-0.496,0.764,0.238,0.224,0.461,0.321,0.059,0.05,-0.344,0.641,0.382,0.55,-0.175,-0.049,-0.147,0.36,-0.356,0.59,-0.147,0.111,0.375,0.657,-0.26,0.223,0.514,0.136,0.051,0.162,0.257,0.044,0.345,0.446,0.156,0.154,-0.364,0.279,-0.389,-0.378,0.511,-0.338,0.324,0.103,-0.105,0.076,0.138,0.215,0.546,-0.103,-0.299,0.434,-0.26,-0.473,-0.227,0.369,-0.071,0.07,0.059,-0.1,0.005,0.083,-0.487,-0.322,0.415,-0.363,-0.041,-0.1,-0.435,0.076,0.507,0.038,-0.13
BIDU,-0.048,0.386,-0.023,-0.393,-0.602,-0.092,0.12,-0.204,-0.495,0.312,1.0,0.124,0.107,0.17,-0.061,0.202,-0.035,0.041,-0.114,-0.32,-0.114,-0.064,-0.018,-0.194,-0.372,-0.57,-0.34,-0.051,-0.033,-0.115,0.047,0.281,0.258,0.043,-0.433,-0.494,-0.437,-0.145,0.375,-0.386,0.236,0.114,0.173,-0.499,-0.102,0.269,-0.29,0.252,-0.385,-0.041,0.106,-0.59,0.133,-0.017,-0.146,-0.251,0.0,0.058,-0.019,-0.312,-0.212,0.152,-0.243,0.076,-0.036,0.017,0.345,0.396,0.317,-0.059,0.188,-0.487,-0.367,0.178,0.181,-0.367,0.186,0.429,0.227,-0.366,0.089,0.245,-0.366,0.128,0.255,0.524,0.153,-0.35,0.078,0.115,-0.008,-0.436,0.017,-0.545,0.418,0.091,0.147,0.194,-0.457,0.115
BILI,-0.656,-0.256,0.458,-0.259,0.003,-0.025,0.346,-0.534,-0.373,0.66,0.124,1.0,0.415,-0.597,0.232,0.573,0.446,0.214,0.642,-0.371,-0.03,0.513,0.45,0.535,0.422,-0.175,-0.094,0.224,0.106,-0.516,0.698,0.255,0.268,0.397,0.183,0.095,0.043,-0.662,0.582,0.296,0.712,-0.28,-0.223,-0.243,0.379,-0.634,0.542,-0.364,-0.021,0.453,0.682,-0.244,0.211,0.566,0.109,-0.092,0.187,0.289,-0.126,0.419,0.406,0.127,0.063,-0.532,0.391,-0.52,-0.572,0.4,-0.035,0.266,0.079,-0.262,0.038,0.003,0.262,0.522,-0.482,-0.584,0.431,-0.44,-0.625,-0.383,0.34,-0.019,0.046,-0.038,-0.048,-0.169,0.063,-0.559,-0.52,0.332,-0.503,-0.21,-0.5,-0.522,-0.123,0.398,0.088,-0.19
BKR,-0.497,-0.175,0.636,0.144,-0.303,0.534,0.912,-0.655,-0.155,0.45,0.107,0.415,1.0,-0.518,0.873,0.553,0.86,0.247,0.658,-0.442,0.461,0.659,0.032,0.647,0.604,-0.28,-0.311,0.348,0.732,-0.738,0.53,0.734,0.722,0.73,0.467,0.265,-0.279,-0.519,0.558,0.448,0.705,0.2,0.425,0.12,0.634,-0.585,0.487,-0.102,0.434,0.666,0.599,-0.524,0.788,0.619,0.506,-0.584,0.728,-0.388,-0.322,0.574,0.619,0.602,-0.349,-0.509,0.789,-0.682,-0.517,0.586,0.146,-0.172,0.754,-0.354,0.135,-0.401,0.759,0.526,-0.591,-0.537,0.393,-0.415,-0.348,-0.321,0.096,0.496,-0.26,0.25,0.518,-0.381,0.661,-0.621,-0.115,0.373,0.136,-0.341,-0.466,-0.12,-0.3,0.165,0.149,-0.501
CAN,0.679,0.443,-0.311,0.144,-0.111,-0.21,-0.492,0.6,0.249,-0.326,0.17,-0.597,-0.518,1.0,-0.449,-0.457,-0.559,-0.12,-0.55,0.458,-0.056,-0.566,-0.351,-0.52,-0.416,0.137,0.257,-0.056,-0.308,0.6,-0.524,-0.373,-0.389,-0.372,-0.193,-0.192,0.03,0.748,-0.366,-0.43,-0.608,0.22,0.2,0.132,-0.29,0.891,-0.519,0.511,-0.116,-0.653,-0.513,0.179,-0.398,-0.636,-0.129,0.237,-0.331,0.205,0.213,-0.61,-0.511,-0.226,0.147,0.586,-0.436,0.628,0.739,-0.069,0.039,-0.098,-0.225,0.341,0.005,0.386,-0.404,-0.544,0.681,0.875,-0.207,0.651,0.685,0.517,-0.4,-0.176,0.076,0.22,-0.148,0.191,-0.222,0.692,0.611,-0.412,0.388,0.151,0.741,0.505,0.474,0.035,-0.153,0.45
CHRD,-0.4,-0.209,0.521,0.269,-0.263,0.587,0.909,-0.507,-0.015,0.176,-0.061,0.232,0.873,-0.449,1.0,0.426,0.842,0.15,0.555,-0.412,0.545,0.604,-0.144,0.578,0.615,-0.156,-0.319,0.176,0.821,-0.619,0.353,0.751,0.737,0.709,0.518,0.339,-0.308,-0.398,0.386,0.408,0.562,0.308,0.391,0.237,0.616,-0.535,0.415,-0.107,0.527,0.599,0.472,-0.402,0.769,0.571,0.499,-0.606,0.819,-0.463,-0.287,0.587,0.614,0.529,-0.431,-0.516,0.773,-0.651,-0.449,0.417,0.184,-0.311,0.817,-0.3,0.177,-0.576,0.771,0.475,-0.586,-0.509,0.313,-0.297,-0.235,-0.314,0.099,0.504,-0.369,0.18,0.522,-0.363,0.699,-0.503,-0.037,0.352,0.215,-0.279,-0.458,-0.059,-0.36,-0.017,0.217,-0.474
CMCSA,-0.408,0.13,0.571,-0.256,-0.152,0.193,0.545,-0.331,-0.394,0.442,0.202,0.573,0.553,-0.457,0.426,1.0,0.45,0.025,0.618,-0.219,0.093,0.408,0.239,0.451,0.376,-0.299,-0.154,0.36,0.361,-0.386,0.67,0.521,0.5,0.458,0.11,0.182,-0.12,-0.482,0.603,0.059,0.547,0.077,0.117,-0.26,0.113,-0.43,0.377,0.176,0.031,0.543,0.657,-0.487,0.501,0.546,0.031,-0.052,0.415,0.15,-0.366,0.205,0.481,0.135,-0.016,-0.455,0.253,-0.391,-0.327,0.646,0.159,0.24,0.458,-0.406,0.012,0.034,0.45,0.3,-0.195,-0.368,0.489,-0.404,-0.284,0.076,0.116,0.102,0.257,0.257,0.146,-0.194,0.31,-0.302,-0.206,0.282,-0.21,-0.082,-0.368,-0.161,0.215,0.536,-0.158,0.03
CPRT,-0.537,-0.333,0.632,0.219,-0.158,0.607,0.859,-0.632,-0.09,0.464,-0.035,0.446,0.86,-0.559,0.842,0.45,1.0,0.203,0.686,-0.377,0.419,0.76,0.105,0.733,0.665,-0.134,-0.247,0.33,0.656,-0.63,0.525,0.668,0.639,0.709,0.509,0.339,-0.196,-0.5,0.556,0.527,0.649,0.076,0.261,0.184,0.661,-0.647,0.56,-0.303,0.506,0.722,0.619,-0.372,0.768,0.733,0.475,-0.456,0.742,-0.266,-0.229,0.662,0.71,0.5,-0.335,-0.582,0.742,-0.683,-0.59,0.471,0.008,-0.177,0.598,-0.219,0.227,-0.484,0.747,0.606,-0.61,-0.631,0.392,-0.313,-0.432,-0.444,0.241,0.363,-0.299,0.121,0.343,-0.337,0.718,-0.633,-0.165,0.477,0.019,-0.247,-0.51,-0.369,-0.391,0.082,0.241,-0.478
CRWD,-0.03,-0.129,0.239,0.142,0.065,0.146,0.148,-0.013,0.063,0.234,0.041,0.214,0.247,-0.12,0.15,0.025,0.203,1.0,0.249,-0.103,0.016,0.185,0.344,0.202,0.2,0.101,0.259,0.282,-0.077,-0.216,0.209,0.08,0.099,0.179,0.262,0.114,0.12,-0.068,0.255,0.403,0.468,0.016,0.004,0.188,0.369,-0.151,0.311,-0.075,0.26,0.154,0.151,0.002,0.096,0.194,0.087,0.006,0.085,0.095,-0.013,0.275,0.1,0.065,0.178,-0.069,0.142,-0.008,-0.014,0.152,-0.129,0.07,0.009,0.101,-0.008,0.013,0.145,0.352,-0.128,-0.121,0.149,-0.054,-0.042,-0.128,0.288,-0.022,0.099,0.203,-0.013,0.169,0.007,-0.119,-0.011,0.215,-0.028,-0.052,-0.115,-0.143,-0.007,0.226,0.214,-0.124
CSCO,-0.569,-0.395,0.795,0.187,0.134,0.38,0.664,-0.393,-0.005,0.705,-0.114,0.642,0.658,-0.55,0.555,0.618,0.686,0.249,1.0,-0.063,0.208,0.66,0.392,0.849,0.86,0.207,0.139,0.62,0.312,-0.576,0.774,0.37,0.352,0.598,0.685,0.513,0.183,-0.38,0.552,0.541,0.588,-0.027,0.063,0.167,0.566,-0.636,0.769,-0.208,0.399,0.577,0.719,-0.169,0.467,0.72,0.369,-0.049,0.495,0.076,-0.098,0.621,0.662,0.266,0.105,-0.46,0.474,-0.623,-0.622,0.475,-0.289,0.246,0.352,-0.048,0.189,-0.172,0.376,0.784,-0.38,-0.624,0.371,-0.268,-0.505,-0.328,0.602,0.092,-0.093,-0.082,0.078,0.04,0.282,-0.642,-0.254,0.729,-0.274,0.089,-0.461,-0.348,-0.035,0.373,0.357,-0.234
CSX,0.373,0.043,-0.054,0.39,0.51,-0.056,-0.429,0.679,0.521,-0.161,-0.32,-0.371,-0.442,0.458,-0.412,-0.219,-0.377,-0.103,-0.063,1.0,-0.155,-0.347,0.016,-0.007,0.132,0.654,0.687,0.326,-0.412,0.624,-0.187,-0.607,-0.641,-0.41,0.278,0.406,0.579,0.669,-0.419,-0.137,-0.604,-0.107,0.02,0.441,-0.284,0.386,0.018,0.283,0.127,-0.352,-0.389,0.59,-0.347,-0.358,-0.117,0.61,-0.333,0.24,0.385,-0.283,-0.238,-0.441,0.565,0.474,-0.399,0.466,0.195,-0.269,-0.32,0.222,-0.37,0.556,0.286,0.337,-0.547,-0.033,0.508,0.31,-0.427,0.686,0.282,0.377,0.129,-0.408,0.049,-0.308,-0.391,0.627,-0.346,0.382,0.374,0.264,0.069,0.665,0.437,0.22,0.503,0.02,0.218,0.344
DKNG,0.104,-0.098,0.379,0.371,-0.302,0.559,0.508,-0.393,0.326,-0.14,-0.114,-0.03,0.461,-0.056,0.545,0.093,0.419,0.016,0.208,-0.155,1.0,0.19,-0.275,0.126,0.319,-0.03,-0.329,0.213,0.495,-0.359,-0.14,0.509,0.515,0.548,0.335,0.394,-0.217,-0.151,0.177,0.26,0.155,0.362,0.526,0.386,0.631,-0.129,0.012,0.003,0.433,0.203,0.072,-0.259,0.57,0.264,0.762,-0.541,0.596,-0.383,-0.397,0.379,0.168,0.678,-0.394,0.021,0.54,-0.38,-0.193,0.382,0.338,-0.349,0.577,-0.149,0.195,-0.46,0.553,0.143,-0.36,-0.18,0.108,0.061,0.157,-0.191,-0.132,0.63,-0.293,0.371,0.683,-0.514,0.627,-0.201,0.456,0.089,0.512,-0.333,-0.326,0.245,-0.36,-0.051,0.321,-0.254
EBAY,-0.669,-0.523,0.631,0.109,-0.009,0.302,0.591,-0.608,-0.277,0.529,-0.064,0.513,0.659,-0.566,0.604,0.408,0.76,0.185,0.66,-0.347,0.19,1.0,0.307,0.697,0.628,-0.104,-0.176,0.237,0.372,-0.712,0.533,0.435,0.426,0.594,0.463,0.395,-0.079,-0.478,0.714,0.511,0.597,-0.156,-0.114,-0.011,0.573,-0.562,0.608,-0.517,0.354,0.786,0.624,-0.277,0.41,0.756,0.224,-0.316,0.497,-0.116,0.007,0.586,0.662,0.239,-0.224,-0.7,0.589,-0.694,-0.626,0.388,-0.211,0.096,0.277,-0.039,0.129,-0.419,0.409,0.606,-0.431,-0.581,0.488,-0.346,-0.647,-0.617,0.411,0.069,-0.268,-0.0,0.058,-0.161,0.401,-0.693,-0.393,0.493,-0.298,-0.132,-0.502,-0.528,-0.353,0.111,0.279,-0.255
ERIC,-0.392,-0.268,0.276,-0.131,0.262,-0.02,-0.019,-0.048,-0.184,0.499,-0.018,0.45,0.032,-0.351,-0.144,0.239,0.105,0.344,0.392,0.016,-0.275,0.307,1.0,0.352,0.221,0.134,0.259,0.323,-0.267,-0.209,0.518,-0.106,-0.082,0.175,0.104,0.147,0.311,-0.252,0.367,0.396,0.328,-0.481,-0.463,-0.153,0.1,-0.345,0.455,-0.323,-0.029,0.237,0.263,0.033,-0.016,0.451,-0.173,0.407,-0.071,0.388,0.155,0.232,0.328,-0.227,0.373,-0.218,-0.117,-0.13,-0.302,0.135,-0.269,0.497,-0.317,0.09,-0.109,0.127,-0.111,0.401,-0.044,-0.321,0.261,-0.253,-0.43,-0.219,0.56,-0.391,0.394,-0.195,-0.384,0.323,-0.239,-0.306,-0.433,0.41,-0.523,0.225,-0.164,-0.556,0.033,0.303,0.095,0.038
EXC,-0.574,-0.498,0.709,0.241,0.174,0.283,0.605,-0.377,-0.033,0.676,-0.194,0.535,0.647,-0.52,0.578,0.451,0.733,0.202,0.849,-0.007,0.126,0.697,0.352,1.0,0.873,0.222,0.19,0.523,0.364,-0.532,0.72,0.309,0.294,0.598,0.729,0.488,0.186,-0.349,0.485,0.644,0.522,-0.103,0.118,0.218,0.538,-0.636,0.751,-0.276,0.443,0.552,0.672,-0.079,0.386,0.684,0.311,-0.057,0.411,-0.077,0.048,0.682,0.661,0.208,0.035,-0.498,0.504,-0.632,-0.711,0.32,-0.348,0.129,0.323,0.028,0.361,-0.242,0.307,0.757,-0.446,-0.646,0.297,-0.129,-0.534,-0.435,0.542,0.074,-0.27,-0.185,0.05,0.121,0.277,-0.658,-0.279,0.701,-0.253,0.138,-0.405,-0.456,-0.116,0.203,0.304,-0.384
FITB,-0.426,-0.546,0.776,0.468,0.289,0.425,0.606,-0.278,0.248,0.487,-0.372,0.422,0.604,-0.416,0.615,0.376,0.665,0.2,0.86,0.132,0.319,0.628,0.221,0.873,1.0,0.425,0.281,0.608,0.373,-0.451,0.578,0.238,0.224,0.572,0.904,0.674,0.304,-0.195,0.376,0.636,0.404,0.002,0.13,0.463,0.611,-0.568,0.797,-0.268,0.624,0.504,0.576,0.075,0.376,0.609,0.482,-0.057,0.491,-0.059,0.032,0.7,0.668,0.27,0.136,-0.36,0.551,-0.591,-0.662,0.313,-0.353,0.166,0.313,0.192,0.458,-0.22,0.265,0.819,-0.379,-0.612,0.184,0.038,-0.407,-0.379,0.593,0.137,-0.33,-0.179,0.116,0.14,0.269,-0.577,-0.092,0.823,-0.09,0.283,-0.418,-0.287,-0.048,0.233,0.548,-0.277
FLEX,0.168,-0.344,0.176,0.607,0.661,0.136,-0.228,0.529,0.686,-0.062,-0.57,-0.175,-0.28,0.137,-0.156,-0.299,-0.134,0.101,0.207,0.654,-0.03,-0.104,0.134,0.222,0.425,1.0,0.719,0.416,-0.308,0.364,-0.087,-0.451,-0.458,-0.145,0.551,0.584,0.633,0.519,-0.38,0.253,-0.397,-0.139,-0.119,0.648,0.073,0.034,0.358,-0.109,0.396,-0.186,-0.143,0.672,-0.293,-0.07,0.17,0.533,-0.116,0.19,0.434,0.157,0.069,-0.194,0.547,0.318,-0.177,0.086,-0.114,-0.401,-0.536,0.233,-0.348,0.608,0.329,0.022,-0.47,0.341,0.175,-0.057,-0.431,0.513,0.044,-0.04,0.574,-0.209,-0.194,-0.45,-0.277,0.656,-0.302,0.07,0.177,0.572,-0.111,0.663,0.114,-0.099,0.196,-0.022,0.593,0.118
FTNT,0.253,-0.061,0.122,0.423,0.655,-0.008,-0.366,0.617,0.521,0.123,-0.34,-0.094,-0.311,0.257,-0.319,-0.154,-0.247,0.259,0.139,0.687,-0.329,-0.176,0.259,0.19,0.281,0.719,1.0,0.515,-0.483,0.464,0.086,-0.527,-0.533,-0.272,0.413,0.406,0.786,0.582,-0.175,0.145,-0.294,-0.164,-0.161,0.489,-0.103,0.219,0.411,0.157,0.313,-0.168,-0.09,0.667,-0.332,-0.17,-0.144,0.729,-0.22,0.443,0.415,-0.01,-0.05,-0.439,0.85,0.297,-0.314,0.417,0.117,-0.232,-0.537,0.46,-0.411,0.655,0.38,0.451,-0.462,0.372,0.415,0.161,-0.235,0.553,0.146,0.224,0.467,-0.473,-0.0,-0.252,-0.497,0.742,-0.441,0.314,0.178,0.479,-0.205,0.704,0.327,-0.052,0.525,0.272,0.361,0.402
GEN,-0.05,-0.136,0.726,0.4,0.219,0.462,0.319,-0.048,0.328,0.513,-0.051,0.224,0.348,-0.056,0.176,0.36,0.33,0.282,0.62,0.326,0.213,0.237,0.323,0.523,0.608,0.416,0.515,1.0,-0.028,-0.087,0.446,0.104,0.088,0.368,0.564,0.528,0.331,0.099,0.395,0.347,0.148,0.063,0.246,0.44,0.386,-0.106,0.569,0.162,0.531,0.254,0.433,0.047,0.33,0.392,0.408,0.312,0.341,0.23,-0.026,0.368,0.368,0.268,0.465,0.127,0.194,-0.135,-0.21,0.352,-0.413,0.431,0.149,0.272,0.364,0.213,0.126,0.557,0.104,-0.148,0.187,0.18,-0.076,0.024,0.417,0.07,0.011,0.182,0.084,0.152,0.163,-0.163,0.221,0.618,-0.023,0.292,0.003,-0.02,0.334,0.518,0.443,0.151
GERN,-0.225,-0.017,0.257,0.156,-0.389,0.425,0.745,-0.481,-0.042,0.072,-0.033,0.106,0.732,-0.308,0.821,0.361,0.656,-0.077,0.312,-0.412,0.495,0.372,-0.267,0.364,0.373,-0.308,-0.483,-0.028,1.0,-0.496,0.204,0.701,0.692,0.576,0.252,0.089,-0.429,-0.352,0.232,0.232,0.425,0.3,0.424,0.135,0.401,-0.364,0.175,0.009,0.346,0.38,0.306,-0.442,0.663,0.371,0.435,-0.624,0.703,-0.468,-0.336,0.381,0.545,0.493,-0.563,-0.407,0.617,-0.547,-0.363,0.368,0.318,-0.481,0.81,-0.375,0.144,-0.481,0.678,0.226,-0.443,-0.335,0.136,-0.198,-0.093,-0.142,-0.183,0.542,-0.268,0.122,0.569,-0.478,0.627,-0.375,-0.026,0.146,0.383,-0.206,-0.328,0.07,-0.331,-0.08,-0.033,-0.518
GEVO,0.599,0.463,-0.519,0.103,0.32,-0.226,-0.665,0.767,0.391,-0.496,-0.115,-0.516,-0.738,0.6,-0.619,-0.386,-0.63,-0.216,-0.576,0.624,-0.359,-0.712,-0.209,-0.532,-0.451,0.364,0.464,-0.087,-0.496,1.0,-0.504,-0.578,-0.614,-0.683,-0.297,-0.098,0.339,0.714,-0.621,-0.527,-0.758,0.015,-0.054,0.196,-0.652,0.654,-0.395,0.397,-0.154,-0.591,-0.574,0.514,-0.465,-0.63,-0.329,0.61,-0.5,0.36,0.257,-0.587,-0.501,-0.468,0.432,0.647,-0.64,0.71,0.525,-0.445,-0.068,0.09,-0.454,0.35,0.053,0.481,-0.539,-0.465,0.643,0.609,-0.528,0.567,0.546,0.619,-0.224,-0.357,0.171,-0.166,-0.385,0.45,-0.404,0.721,0.37,-0.241,0.13,0.443,0.574,0.308,0.565,-0.022,-0.096,0.438
GILD,-0.662,-0.189,0.618,-0.182,0.081,0.147,0.508,-0.364,-0.332,0.764,0.047,0.698,0.53,-0.524,0.353,0.67,0.525,0.209,0.774,-0.187,-0.14,0.533,0.518,0.72,0.578,-0.087,0.086,0.446,0.204,-0.504,1.0,0.315,0.318,0.467,0.336,0.14,0.085,-0.499,0.568,0.426,0.611,-0.221,-0.126,-0.207,0.255,-0.601,0.689,-0.129,0.18,0.5,0.71,-0.232,0.33,0.589,0.015,0.134,0.291,0.239,-0.111,0.48,0.641,0.049,0.165,-0.558,0.308,-0.468,-0.524,0.502,-0.156,0.354,0.225,-0.188,0.085,0.123,0.286,0.618,-0.273,-0.544,0.552,-0.41,-0.57,-0.222,0.44,-0.065,0.165,-0.054,-0.064,0.012,0.108,-0.566,-0.454,0.502,-0.459,0.046,-0.368,-0.386,0.069,0.451,-0.04,-0.194
GOOG,-0.253,0.141,0.385,-0.031,-0.537,0.451,0.757,-0.606,-0.301,0.238,0.281,0.255,0.734,-0.373,0.751,0.521,0.668,0.08,0.37,-0.607,0.509,0.435,-0.106,0.309,0.238,-0.451,-0.527,0.104,0.701,-0.578,0.315,1.0,0.989,0.784,0.11,0.041,-0.549,-0.465,0.538,0.243,0.588,0.374,0.443,-0.123,0.464,-0.314,0.13,0.096,0.226,0.531,0.452,-0.675,0.763,0.534,0.345,-0.554,0.714,-0.326,-0.423,0.361,0.412,0.538,-0.526,-0.473,0.554,-0.539,-0.239,0.577,0.302,-0.331,0.83,-0.51,-0.024,-0.402,0.844,0.211,-0.405,-0.262,0.451,-0.414,-0.052,-0.13,-0.124,0.556,-0.103,0.467,0.622,-0.634,0.699,-0.254,-0.005,0.015,0.21,-0.505,-0.29,-0.021,-0.27,0.181,-0.14,-0.382
GOOGL,-0.26,0.116,0.365,-0.048,-0.551,0.429,0.732,-0.615,-0.302,0.224,0.258,0.268,0.722,-0.389,0.737,0.5,0.639,0.099,0.352,-0.641,0.515,0.426,-0.082,0.294,0.224,-0.458,-0.533,0.088,0.692,-0.614,0.318,0.989,1.0,0.784,0.102,0.037,-0.562,-0.494,0.531,0.273,0.606,0.329,0.412,-0.128,0.479,-0.335,0.132,0.075,0.224,0.509,0.446,-0.664,0.74,0.526,0.339,-0.562,0.702,-0.338,-0.441,0.392,0.403,0.543,-0.521,-0.477,0.564,-0.531,-0.244,0.542,0.299,-0.329,0.818,-0.527,-0.056,-0.396,0.832,0.217,-0.436,-0.285,0.457,-0.435,-0.062,-0.163,-0.121,0.571,-0.105,0.471,0.645,-0.631,0.672,-0.257,-0.049,0.006,0.189,-0.512,-0.323,-0.021,-0.307,0.164,-0.147,-0.384
GT,-0.377,-0.279,0.671,0.15,-0.342,0.415,0.74,-0.644,-0.155,0.461,0.043,0.397,0.73,-0.372,0.709,0.458,0.709,0.179,0.598,-0.41,0.548,0.594,0.175,0.598,0.572,-0.145,-0.272,0.368,0.576,-0.683,0.467,0.784,0.784,1.0,0.442,0.285,-0.307,-0.48,0.615,0.563,0.576,0.275,0.345,0.058,0.679,-0.463,0.416,-0.101,0.418,0.491,0.624,-0.474,0.618,0.659,0.544,-0.411,0.657,-0.246,-0.309,0.586,0.53,0.572,-0.304,-0.46,0.68,-0.665,-0.467,0.623,0.002,-0.045,0.632,-0.196,0.213,-0.339,0.656,0.489,-0.471,-0.46,0.477,-0.202,-0.261,-0.355,0.127,0.446,-0.192,0.296,0.501,-0.442,0.598,-0.468,0.045,0.314,0.133,-0.306,-0.404,-0.174,-0.263,0.287,0.185,-0.375
HBAN,-0.197,-0.516,0.631,0.611,0.328,0.375,0.439,-0.075,0.45,0.321,-0.433,0.183,0.467,-0.193,0.518,0.11,0.509,0.262,0.685,0.278,0.335,0.463,0.104,0.729,0.904,0.551,0.413,0.564,0.252,-0.297,0.336,0.11,0.102,0.442,1.0,0.688,0.355,0.06,0.161,0.636,0.234,0.082,0.215,0.625,0.61,-0.345,0.665,-0.191,0.633,0.323,0.338,0.248,0.239,0.406,0.492,-0.034,0.358,-0.106,0.131,0.6,0.487,0.217,0.197,-0.163,0.476,-0.357,-0.453,0.137,-0.425,0.034,0.229,0.361,0.44,-0.192,0.199,0.741,-0.267,-0.409,0.037,0.236,-0.173,-0.32,0.549,0.108,-0.43,-0.183,0.095,0.289,0.23,-0.37,0.1,0.742,0.045,0.337,-0.235,-0.132,-0.026,0.119,0.619,-0.273
HST,-0.119,-0.337,0.494,0.582,0.417,0.464,0.257,0.047,0.467,0.059,-0.494,0.095,0.265,-0.192,0.339,0.182,0.339,0.114,0.513,0.406,0.394,0.395,0.147,0.488,0.674,0.584,0.406,0.528,0.089,-0.098,0.14,0.041,0.037,0.285,0.688,1.0,0.422,0.149,0.119,0.329,-0.008,-0.043,0.02,0.588,0.363,-0.26,0.533,-0.092,0.559,0.403,0.139,0.288,0.265,0.306,0.311,0.112,0.395,-0.052,0.082,0.388,0.361,0.033,0.304,-0.108,0.317,-0.27,-0.346,0.042,-0.275,0.248,0.12,0.339,0.333,-0.191,0.092,0.546,-0.122,-0.365,-0.075,0.244,-0.164,-0.129,0.476,-0.045,-0.293,-0.106,-0.013,0.28,0.222,-0.194,0.087,0.687,-0.003,0.386,-0.275,-0.15,-0.019,0.089,0.6,0.106
INTC,0.139,-0.207,0.133,0.4,0.808,-0.012,-0.352,0.439,0.477,0.05,-0.437,0.043,-0.279,0.03,-0.308,-0.12,-0.196,0.12,0.183,0.579,-0.217,-0.079,0.311,0.186,0.304,0.633,0.786,0.331,-0.429,0.339,0.085,-0.549,-0.562,-0.307,0.355,0.422,1.0,0.373,-0.18,0.249,-0.197,-0.398,-0.327,0.444,-0.091,0.003,0.497,-0.144,0.262,-0.009,-0.077,0.721,-0.357,-0.037,-0.088,0.584,-0.241,0.437,0.484,0.11,0.047,-0.454,0.772,0.153,-0.296,0.187,-0.155,-0.231,-0.338,0.436,-0.502,0.571,0.374,0.275,-0.451,0.462,0.149,-0.047,-0.303,0.348,-0.029,0.02,0.595,-0.531,0.04,-0.383,-0.555,0.631,-0.495,0.094,-0.049,0.558,-0.213,0.638,0.068,-0.294,0.303,0.168,0.414,0.236
IOVA,0.699,0.339,-0.298,0.51,0.352,-0.008,-0.514,0.779,0.592,-0.344,-0.145,-0.662,-0.519,0.748,-0.398,-0.482,-0.5,-0.068,-0.38,0.669,-0.151,-0.478,-0.252,-0.349,-0.195,0.519,0.582,0.099,-0.352,0.714,-0.499,-0.465,-0.494,-0.48,0.06,0.149,0.373,1.0,-0.487,-0.28,-0.687,0.099,0.105,0.481,-0.321,0.776,-0.224,0.412,0.155,-0.472,-0.546,0.563,-0.38,-0.575,-0.181,0.468,-0.286,0.22,0.391,-0.412,-0.409,-0.41,0.441,0.523,-0.516,0.6,0.567,-0.323,-0.216,-0.004,-0.289,0.572,0.082,0.276,-0.452,-0.241,0.691,0.696,-0.46,0.688,0.587,0.526,-0.023,-0.341,-0.036,-0.068,-0.344,0.524,-0.333,0.648,0.498,-0.039,0.291,0.487,0.694,0.369,0.502,-0.033,0.15,0.43
IQ,-0.426,-0.143,0.663,-0.105,-0.232,0.221,0.489,-0.625,-0.437,0.641,0.375,0.582,0.558,-0.366,0.386,0.603,0.556,0.255,0.552,-0.419,0.177,0.714,0.367,0.485,0.376,-0.38,-0.175,0.395,0.232,-0.621,0.568,0.538,0.531,0.615,0.161,0.119,-0.18,-0.487,1.0,0.305,0.694,0.01,0.03,-0.22,0.501,-0.305,0.431,-0.158,0.175,0.637,0.682,-0.515,0.425,0.687,0.173,-0.211,0.446,0.157,-0.17,0.389,0.461,0.305,-0.133,-0.484,0.394,-0.478,-0.351,0.698,-0.078,0.218,0.307,-0.162,0.068,-0.018,0.451,0.429,-0.177,-0.277,0.672,-0.337,-0.386,-0.294,0.19,0.148,0.074,0.456,0.176,-0.375,0.345,-0.412,-0.191,0.263,-0.241,-0.268,-0.253,-0.333,-0.032,0.494,0.069,0.019
JBLU,-0.234,-0.637,0.5,0.339,0.255,0.296,0.394,-0.352,0.154,0.382,-0.386,0.296,0.448,-0.43,0.408,0.059,0.527,0.403,0.541,-0.137,0.26,0.511,0.396,0.644,0.636,0.253,0.145,0.347,0.232,-0.527,0.426,0.243,0.273,0.563,0.636,0.329,0.249,-0.28,0.305,1.0,0.487,-0.169,-0.007,0.332,0.645,-0.516,0.622,-0.489,0.477,0.37,0.384,0.125,0.213,0.629,0.415,-0.068,0.294,-0.094,0.066,0.754,0.521,0.271,0.038,-0.359,0.404,-0.463,-0.624,0.112,-0.349,0.003,0.082,0.206,0.312,-0.272,0.293,0.745,-0.507,-0.556,0.247,-0.06,-0.32,-0.622,0.606,0.092,-0.242,-0.163,0.083,0.078,0.141,-0.49,-0.188,0.57,-0.033,0.107,-0.455,-0.424,-0.321,0.055,0.417,-0.5
JD,-0.539,-0.229,0.486,-0.177,-0.216,0.164,0.621,-0.654,-0.427,0.55,0.236,0.712,0.705,-0.608,0.562,0.547,0.649,0.468,0.588,-0.604,0.155,0.597,0.328,0.522,0.404,-0.397,-0.294,0.148,0.425,-0.758,0.611,0.588,0.606,0.576,0.234,-0.008,-0.197,-0.687,0.694,0.487,1.0,-0.037,0.063,-0.182,0.569,-0.617,0.475,-0.281,0.121,0.585,0.681,-0.464,0.461,0.668,0.185,-0.411,0.397,-0.045,-0.266,0.552,0.474,0.311,-0.248,-0.632,0.495,-0.574,-0.502,0.517,0.132,-0.054,0.417,-0.375,-0.006,-0.224,0.591,0.508,-0.583,-0.535,0.511,-0.529,-0.437,-0.418,0.222,0.23,-0.006,0.265,0.24,-0.339,0.302,-0.543,-0.41,0.239,-0.182,-0.381,-0.486,-0.395,-0.266,0.283,-0.004,-0.42
KDP,0.263,0.287,0.065,0.05,-0.405,0.105,0.296,-0.081,0.075,-0.175,0.114,-0.28,0.2,0.22,0.308,0.077,0.076,0.016,-0.027,-0.107,0.362,-0.156,-0.481,-0.103,0.002,-0.139,-0.164,0.063,0.3,0.015,-0.221,0.374,0.329,0.275,0.082,-0.043,-0.398,0.099,0.01,-0.169,-0.037,1.0,0.645,0.076,0.113,0.221,-0.295,0.495,0.072,-0.075,0.056,-0.31,0.264,-0.087,0.331,-0.309,0.268,-0.301,-0.445,-0.082,-0.149,0.42,-0.309,0.182,0.165,0.025,0.233,0.256,0.135,-0.231,0.537,-0.059,0.148,-0.023,0.366,-0.2,0.102,0.204,0.087,0.155,0.379,0.298,-0.393,0.492,-0.152,0.393,0.5,-0.287,0.34,0.195,0.577,-0.258,0.44,-0.222,0.037,0.564,0.105,0.066,-0.013,-0.042
KHC,0.266,0.272,0.209,0.215,-0.43,0.236,0.401,-0.141,0.163,-0.049,0.173,-0.223,0.425,0.2,0.391,0.117,0.261,0.004,0.063,0.02,0.526,-0.114,-0.463,0.118,0.13,-0.119,-0.161,0.246,0.424,-0.054,-0.126,0.443,0.412,0.345,0.215,0.02,-0.327,0.105,0.03,-0.007,0.063,0.645,1.0,0.25,0.258,0.166,-0.24,0.511,0.202,-0.096,0.125,-0.312,0.397,-0.013,0.482,-0.385,0.268,-0.448,-0.367,0.064,-0.138,0.545,-0.353,0.212,0.261,-0.087,0.022,0.313,0.207,-0.513,0.65,-0.187,0.267,-0.125,0.429,-0.129,-0.084,0.16,-0.046,0.188,0.41,0.215,-0.421,0.626,-0.303,0.398,0.661,-0.255,0.448,0.092,0.597,-0.157,0.541,-0.243,0.114,0.538,0.099,0.019,-0.053,-0.316
LRCX,0.332,-0.194,0.216,0.928,0.451,0.537,0.082,0.22,0.889,-0.147,-0.499,-0.243,0.12,0.132,0.237,-0.26,0.184,0.188,0.167,0.441,0.386,-0.011,-0.153,0.218,0.463,0.648,0.489,0.44,0.135,0.196,-0.207,-0.123,-0.128,0.058,0.625,0.588,0.444,0.481,-0.22,0.332,-0.182,0.076,0.25,1.0,0.359,0.047,0.383,-0.035,0.773,-0.004,-0.102,0.564,0.167,-0.027,0.498,0.072,0.29,-0.104,0.199,0.372,0.101,0.119,0.361,0.229,0.188,0.013,-0.119,-0.161,-0.249,-0.092,0.087,0.507,0.385,-0.167,0.043,0.432,-0.057,-0.063,-0.401,0.529,0.2,0.014,0.258,0.059,-0.382,-0.111,0.038,0.284,0.068,0.031,0.384,0.537,0.392,0.392,0.034,0.111,0.01,-0.073,0.736,-0.079
LYFT,-0.275,-0.458,0.628,0.378,-0.119,0.419,0.582,-0.552,0.145,0.36,-0.102,0.379,0.634,-0.29,0.616,0.113,0.661,0.369,0.566,-0.284,0.631,0.573,0.1,0.538,0.611,0.073,-0.103,0.386,0.401,-0.652,0.255,0.464,0.479,0.679,0.61,0.363,-0.091,-0.321,0.501,0.645,0.569,0.113,0.258,0.359,1.0,-0.418,0.445,-0.324,0.5,0.415,0.391,-0.223,0.462,0.531,0.71,-0.457,0.582,-0.177,-0.098,0.636,0.418,0.603,-0.258,-0.273,0.695,-0.563,-0.441,0.376,-0.106,-0.187,0.407,0.091,0.242,-0.395,0.504,0.596,-0.539,-0.444,0.344,-0.041,-0.275,-0.599,0.277,0.443,-0.367,0.212,0.446,-0.325,0.507,-0.544,0.086,0.387,0.092,-0.266,-0.381,-0.185,-0.413,0.105,0.545,-0.41
MARA,0.752,0.565,-0.446,0.087,-0.11,-0.225,-0.579,0.573,0.197,-0.356,0.269,-0.634,-0.585,0.891,-0.535,-0.43,-0.647,-0.151,-0.636,0.386,-0.129,-0.562,-0.345,-0.636,-0.568,0.034,0.219,-0.106,-0.364,0.654,-0.601,-0.314,-0.335,-0.463,-0.345,-0.26,0.003,0.776,-0.305,-0.516,-0.617,0.221,0.166,0.047,-0.418,1.0,-0.603,0.529,-0.188,-0.584,-0.559,0.157,-0.398,-0.601,-0.265,0.276,-0.376,0.219,0.221,-0.67,-0.601,-0.289,0.145,0.587,-0.572,0.689,0.766,-0.138,0.031,-0.104,-0.227,0.278,-0.094,0.38,-0.379,-0.611,0.8,0.969,-0.223,0.538,0.733,0.586,-0.42,-0.204,0.108,0.236,-0.172,0.153,-0.294,0.79,0.539,-0.512,0.344,0.119,0.805,0.525,0.494,0.025,-0.238,0.486
MCHP,-0.498,-0.483,0.686,0.398,0.475,0.397,0.424,-0.24,0.193,0.59,-0.29,0.542,0.487,-0.519,0.415,0.377,0.56,0.311,0.769,0.018,0.012,0.608,0.455,0.751,0.797,0.358,0.411,0.569,0.175,-0.395,0.689,0.13,0.132,0.416,0.665,0.533,0.497,-0.224,0.431,0.622,0.475,-0.295,-0.24,0.383,0.445,-0.603,1.0,-0.377,0.608,0.597,0.58,0.229,0.269,0.568,0.248,0.162,0.398,0.197,0.198,0.687,0.709,0.037,0.453,-0.441,0.403,-0.465,-0.594,0.258,-0.377,0.424,0.079,0.219,0.344,-0.048,0.177,0.934,-0.325,-0.608,0.196,-0.11,-0.547,-0.361,0.706,-0.146,-0.097,-0.173,-0.172,0.209,0.057,-0.537,-0.339,0.889,-0.311,0.32,-0.375,-0.538,-0.038,0.349,0.514,-0.118
MDLZ,0.477,0.718,-0.148,-0.089,-0.316,-0.069,-0.071,0.417,0.057,-0.147,0.252,-0.364,-0.102,0.511,-0.107,0.176,-0.303,-0.075,-0.208,0.283,0.003,-0.517,-0.323,-0.276,-0.268,-0.109,0.157,0.162,0.009,0.397,-0.129,0.096,0.075,-0.101,-0.191,-0.092,-0.144,0.412,-0.158,-0.489,-0.281,0.495,0.511,-0.035,-0.324,0.529,-0.377,1.0,-0.108,-0.338,-0.204,-0.155,0.06,-0.434,-0.133,0.187,-0.071,0.055,-0.29,-0.476,-0.351,-0.055,0.107,0.381,-0.255,0.495,0.559,0.205,0.205,-0.053,0.318,-0.127,0.025,0.399,0.019,-0.398,0.543,0.553,-0.038,0.323,0.635,0.773,-0.504,0.082,0.223,0.438,0.173,0.029,0.063,0.599,0.534,-0.348,0.371,0.049,0.464,0.674,0.591,0.32,-0.419,0.336
META,-0.004,-0.276,0.495,0.786,0.293,0.7,0.421,-0.123,0.577,0.111,-0.385,-0.021,0.434,-0.116,0.527,0.031,0.506,0.26,0.399,0.127,0.433,0.354,-0.029,0.443,0.624,0.396,0.313,0.531,0.346,-0.154,0.18,0.226,0.224,0.418,0.633,0.559,0.262,0.155,0.175,0.477,0.121,0.072,0.202,0.773,0.5,-0.188,0.608,-0.108,1.0,0.35,0.236,0.284,0.426,0.286,0.5,-0.046,0.583,-0.142,0.047,0.625,0.437,0.258,0.229,-0.16,0.468,-0.283,-0.337,0.167,-0.157,0.054,0.333,0.35,0.412,-0.245,0.293,0.632,-0.193,-0.278,-0.009,0.223,-0.057,-0.153,0.31,0.17,-0.309,0.045,0.179,0.025,0.28,-0.23,0.213,0.603,0.281,0.202,-0.162,-0.016,-0.1,0.086,0.617,-0.16
MNST,-0.518,-0.224,0.565,0.097,0.1,0.481,0.588,-0.542,-0.27,0.375,-0.041,0.453,0.666,-0.653,0.599,0.543,0.722,0.154,0.577,-0.352,0.203,0.786,0.237,0.552,0.504,-0.186,-0.168,0.254,0.38,-0.591,0.5,0.531,0.509,0.491,0.323,0.403,-0.009,-0.472,0.637,0.37,0.585,-0.075,-0.096,-0.004,0.415,-0.584,0.597,-0.338,0.35,1.0,0.499,-0.285,0.561,0.659,0.119,-0.258,0.601,-0.086,-0.058,0.479,0.689,0.169,-0.091,-0.675,0.514,-0.561,-0.501,0.428,-0.021,0.189,0.356,-0.095,0.106,-0.33,0.539,0.575,-0.426,-0.584,0.481,-0.43,-0.507,-0.326,0.369,0.058,-0.111,0.168,0.061,-0.231,0.445,-0.531,-0.372,0.477,-0.199,-0.126,-0.511,-0.507,-0.308,0.231,0.224,-0.139
MRNA,-0.59,-0.337,0.724,-0.074,-0.074,0.132,0.57,-0.591,-0.329,0.657,0.106,0.682,0.599,-0.513,0.472,0.657,0.619,0.151,0.719,-0.389,0.072,0.624,0.263,0.672,0.576,-0.143,-0.09,0.433,0.306,-0.574,0.71,0.452,0.446,0.624,0.338,0.139,-0.077,-0.546,0.682,0.384,0.681,0.056,0.125,-0.102,0.391,-0.559,0.58,-0.204,0.236,0.499,1.0,-0.322,0.352,0.702,0.24,-0.157,0.36,0.039,-0.232,0.582,0.504,0.305,-0.048,-0.534,0.395,-0.623,-0.561,0.512,-0.192,0.216,0.338,-0.173,0.206,-0.104,0.389,0.548,-0.424,-0.538,0.474,-0.375,-0.525,-0.371,0.306,0.165,-0.07,0.117,0.148,-0.221,0.248,-0.571,-0.303,0.421,-0.313,-0.131,-0.438,-0.362,-0.022,0.381,0.117,-0.188
MRVL,0.295,-0.242,-0.214,0.527,0.814,-0.073,-0.538,0.528,0.678,-0.26,-0.59,-0.244,-0.524,0.179,-0.402,-0.487,-0.372,0.002,-0.169,0.59,-0.259,-0.277,0.033,-0.079,0.075,0.672,0.667,0.047,-0.442,0.514,-0.232,-0.675,-0.664,-0.474,0.248,0.288,0.721,0.563,-0.515,0.125,-0.464,-0.31,-0.312,0.564,-0.223,0.157,0.229,-0.155,0.284,-0.285,-0.322,1.0,-0.533,-0.343,-0.128,0.57,-0.37,0.223,0.496,0.103,-0.176,-0.488,0.657,0.232,-0.347,0.356,0.014,-0.609,-0.402,0.185,-0.585,0.665,0.289,0.182,-0.521,0.227,0.174,0.05,-0.529,0.53,0.069,0.056,0.365,-0.483,-0.122,-0.466,-0.524,0.618,-0.53,0.234,0.063,0.348,-0.073,0.662,0.16,-0.055,0.171,-0.211,0.447,0.174
MSFT,-0.268,0.088,0.426,0.16,-0.369,0.779,0.822,-0.509,-0.01,0.223,0.133,0.211,0.788,-0.398,0.769,0.501,0.768,0.096,0.467,-0.347,0.57,0.41,-0.016,0.386,0.376,-0.293,-0.332,0.33,0.663,-0.465,0.33,0.763,0.74,0.618,0.239,0.265,-0.357,-0.38,0.425,0.213,0.461,0.264,0.397,0.167,0.462,-0.398,0.269,0.06,0.426,0.561,0.352,-0.533,1.0,0.527,0.442,-0.465,0.83,-0.338,-0.478,0.396,0.477,0.534,-0.32,-0.342,0.613,-0.451,-0.258,0.545,0.325,-0.204,0.784,-0.44,-0.021,-0.419,0.841,0.305,-0.402,-0.366,0.338,-0.351,-0.092,-0.038,-0.065,0.464,-0.107,0.311,0.505,-0.503,0.764,-0.34,0.078,0.226,0.269,-0.389,-0.35,0.013,-0.297,0.095,0.07,-0.281
MSTR,-0.534,-0.461,0.644,0.025,-0.022,0.402,0.661,-0.587,-0.244,0.514,-0.017,0.566,0.619,-0.636,0.571,0.546,0.733,0.194,0.72,-0.358,0.264,0.756,0.451,0.684,0.609,-0.07,-0.17,0.392,0.371,-0.63,0.589,0.534,0.526,0.659,0.406,0.306,-0.037,-0.575,0.687,0.629,0.668,-0.087,-0.013,-0.027,0.531,-0.601,0.568,-0.434,0.286,0.659,0.702,-0.343,0.527,1.0,0.328,-0.191,0.53,-0.01,-0.137,0.662,0.693,0.36,-0.188,-0.53,0.443,-0.668,-0.678,0.384,-0.165,0.106,0.322,-0.204,0.107,-0.396,0.489,0.618,-0.482,-0.59,0.488,-0.449,-0.47,-0.548,0.534,0.18,-0.024,-0.002,0.164,-0.218,0.372,-0.587,-0.358,0.527,-0.24,-0.137,-0.54,-0.47,-0.26,0.194,0.214,-0.306
MU,-0.062,-0.309,0.498,0.456,-0.138,0.498,0.547,-0.439,0.419,0.136,-0.146,0.109,0.506,-0.129,0.499,0.031,0.475,0.087,0.369,-0.117,0.762,0.224,-0.173,0.311,0.482,0.17,-0.144,0.408,0.435,-0.329,0.015,0.345,0.339,0.544,0.492,0.311,-0.088,-0.181,0.173,0.415,0.185,0.331,0.482,0.498,0.71,-0.265,0.248,-0.133,0.5,0.119,0.24,-0.128,0.442,0.328,1.0,-0.403,0.492,-0.258,-0.244,0.52,0.301,0.836,-0.246,0.14,0.651,-0.463,-0.378,0.28,-0.034,-0.184,0.423,-0.005,0.338,-0.285,0.406,0.364,-0.397,-0.302,0.019,0.099,-0.058,-0.349,0.05,0.667,-0.315,0.18,0.639,-0.354,0.512,-0.405,0.387,0.32,0.369,-0.175,-0.32,0.156,-0.26,0.047,0.555,-0.376
MVIS,0.198,0.125,-0.061,0.028,0.62,-0.187,-0.539,0.629,0.225,0.051,-0.251,-0.092,-0.584,0.237,-0.606,-0.052,-0.456,0.006,-0.049,0.61,-0.541,-0.316,0.407,-0.057,-0.057,0.533,0.729,0.312,-0.624,0.61,0.134,-0.554,-0.562,-0.411,-0.034,0.112,0.584,0.468,-0.211,-0.068,-0.411,-0.309,-0.385,0.072,-0.457,0.276,0.162,0.187,-0.046,-0.258,-0.157,0.57,-0.465,-0.191,-0.403,1.0,-0.448,0.626,0.342,-0.199,-0.081,-0.578,0.761,0.309,-0.627,0.486,0.182,-0.26,-0.428,0.56,-0.581,0.456,0.124,0.554,-0.594,0.04,0.585,0.236,-0.129,0.413,0.083,0.341,0.342,-0.591,0.361,-0.278,-0.612,0.63,-0.555,0.372,0.053,0.237,-0.363,0.701,0.339,-0.081,0.602,0.274,0.004,0.506
NFLX,-0.255,-0.075,0.523,0.354,-0.216,0.78,0.785,-0.472,0.105,0.162,0.0,0.187,0.728,-0.331,0.819,0.415,0.742,0.085,0.495,-0.333,0.596,0.497,-0.071,0.411,0.491,-0.116,-0.22,0.341,0.703,-0.5,0.291,0.714,0.702,0.657,0.358,0.395,-0.241,-0.286,0.446,0.294,0.397,0.268,0.268,0.29,0.582,-0.376,0.398,-0.071,0.583,0.601,0.36,-0.37,0.83,0.53,0.492,-0.448,1.0,-0.277,-0.238,0.483,0.592,0.504,-0.259,-0.378,0.667,-0.528,-0.287,0.443,0.198,-0.13,0.723,-0.16,0.123,-0.431,0.728,0.45,-0.412,-0.367,0.338,-0.225,-0.18,-0.167,0.102,0.457,-0.233,0.271,0.48,-0.451,0.673,-0.355,0.061,0.376,0.201,-0.22,-0.349,-0.046,-0.323,0.047,0.313,-0.186
NNDM,0.122,0.223,0.06,-0.108,0.341,-0.205,-0.376,0.353,-0.013,0.257,0.058,0.289,-0.388,0.205,-0.463,0.15,-0.266,0.095,0.076,0.24,-0.383,-0.116,0.388,-0.077,-0.059,0.19,0.443,0.23,-0.468,0.36,0.239,-0.326,-0.338,-0.246,-0.106,-0.052,0.437,0.22,0.157,-0.094,-0.045,-0.301,-0.448,-0.104,-0.177,0.219,0.197,0.055,-0.142,-0.086,0.039,0.223,-0.338,-0.01,-0.258,0.626,-0.277,1.0,0.189,-0.232,0.039,-0.392,0.559,0.109,-0.383,0.309,0.158,0.139,-0.236,0.518,-0.486,0.272,-0.006,0.553,-0.353,0.119,0.449,0.229,0.158,0.172,0.03,0.209,0.315,-0.479,0.461,-0.004,-0.544,0.314,-0.366,0.255,-0.097,0.14,-0.359,0.314,0.236,-0.245,0.552,0.591,0.001,0.488
NVAX,0.036,-0.221,-0.051,0.354,0.504,-0.137,-0.393,0.347,0.162,0.044,-0.019,-0.126,-0.322,0.213,-0.287,-0.366,-0.229,-0.013,-0.098,0.385,-0.397,0.007,0.155,0.048,0.032,0.434,0.415,-0.026,-0.336,0.257,-0.111,-0.423,-0.441,-0.309,0.131,0.082,0.484,0.391,-0.17,0.066,-0.266,-0.445,-0.367,0.199,-0.098,0.221,0.198,-0.29,0.047,-0.058,-0.232,0.496,-0.478,-0.137,-0.244,0.342,-0.238,0.189,1.0,-0.088,-0.007,-0.464,0.348,0.087,-0.284,0.102,0.035,-0.357,-0.369,0.109,-0.476,0.5,0.083,0.068,-0.509,0.128,0.165,0.237,-0.24,0.256,-0.094,-0.103,0.366,-0.471,-0.132,-0.345,-0.51,0.477,-0.46,0.069,-0.165,0.257,-0.263,0.412,0.45,-0.335,0.118,-0.152,0.265,0.104
NVDA,-0.456,-0.623,0.582,0.381,0.233,0.445,0.582,-0.56,0.193,0.345,-0.312,0.419,0.574,-0.61,0.587,0.205,0.662,0.275,0.621,-0.283,0.379,0.586,0.232,0.682,0.7,0.157,-0.01,0.368,0.381,-0.587,0.48,0.361,0.392,0.586,0.6,0.388,0.11,-0.412,0.389,0.754,0.552,-0.082,0.064,0.372,0.636,-0.67,0.687,-0.476,0.625,0.479,0.582,0.103,0.396,0.662,0.52,-0.199,0.483,-0.232,-0.088,1.0,0.564,0.435,-0.06,-0.457,0.567,-0.688,-0.735,0.135,-0.19,0.007,0.301,0.003,0.268,-0.397,0.401,0.753,-0.667,-0.715,0.19,-0.236,-0.504,-0.617,0.51,0.323,-0.299,-0.063,0.304,-0.157,0.268,-0.668,-0.237,0.614,-0.072,-0.026,-0.602,-0.328,-0.402,-0.057,0.48,-0.492
NWL,-0.535,-0.352,0.632,0.144,0.131,0.472,0.644,-0.383,-0.072,0.446,-0.212,0.406,0.619,-0.511,0.614,0.481,0.71,0.1,0.662,-0.238,0.168,0.662,0.328,0.661,0.668,0.069,-0.05,0.368,0.545,-0.501,0.641,0.412,0.403,0.53,0.487,0.361,0.047,-0.409,0.461,0.521,0.474,-0.149,-0.138,0.101,0.418,-0.601,0.709,-0.351,0.437,0.689,0.504,-0.176,0.477,0.693,0.301,-0.081,0.592,0.039,-0.007,0.564,1.0,0.264,-0.047,-0.494,0.518,-0.572,-0.558,0.351,-0.161,0.175,0.317,-0.035,0.203,-0.233,0.405,0.672,-0.341,-0.583,0.366,-0.27,-0.465,-0.374,0.492,0.129,-0.005,-0.069,0.104,-0.096,0.424,-0.592,-0.333,0.673,-0.166,0.166,-0.449,-0.454,-0.183,0.236,0.238,-0.236
OCGN,-0.158,-0.186,0.414,0.079,-0.482,0.411,0.658,-0.634,0.06,0.156,0.152,0.127,0.602,-0.226,0.529,0.135,0.5,0.065,0.266,-0.441,0.678,0.239,-0.227,0.208,0.27,-0.194,-0.439,0.268,0.493,-0.468,0.049,0.538,0.543,0.572,0.217,0.033,-0.454,-0.41,0.305,0.271,0.311,0.42,0.545,0.119,0.603,-0.289,0.037,-0.055,0.258,0.169,0.305,-0.488,0.534,0.36,0.836,-0.578,0.504,-0.392,-0.464,0.435,0.264,1.0,-0.519,0.098,0.679,-0.501,-0.302,0.354,0.122,-0.233,0.554,-0.331,0.115,-0.277,0.54,0.146,-0.429,-0.277,0.174,-0.206,-0.073,-0.34,-0.163,0.875,-0.278,0.369,0.848,-0.58,0.632,-0.42,0.263,0.04,0.353,-0.453,-0.367,0.216,-0.318,0.019,0.208,-0.409
