,AAL,AAPL,AGNC,AMAT,AMD,AMZN,APA,ARDX,AVGO,AZN,BIDU,BILI,BKR,CAN,CHRD,CMCSA,CPRT,CRWD,CSCO,CSX,DKNG,EBAY,ERIC,EXC,FITB,FLEX,FTNT,GEN,GERN,GEVO,GILD,GOOG,GOOGL,GT,HBAN,HST,INTC,IOVA,IQ,JBLU,JD,KDP,KHC,LRCX,LYFT,MARA,MCHP,MDLZ,META,MNST,MRNA,MRVL,MSFT,MSTR,MU,MVIS,NFLX,NNDM,NVAX,NVDA,NWL,OCGN,ON,OPK,PAA,PACB,PANW,PARA,PDD,PENN,PEP,PLUG,PTEN,PTON,PYPL,QCOM,QVCGA,RIOT,ROKU,RUN,SABR,SBUX,SMCI,SNDL,STNE,TCOM,TLRY,TMUS,TSCO,TSLA,TTD,TXN,UAL,VOD,VTRS,VXRT,WBA,WBD,WDC,ZM
AAL,1.0,0.875,0.749,0.705,0.779,0.854,0.571,0.68,0.837,0.806,0.502,-0.331,0.397,0.705,0.055,0.577,0.737,0.807,0.814,0.263,0.775,0.7,0.818,0.44,0.81,0.879,0.731,0.721,0.169,0.625,0.463,0.688,0.709,0.676,0.77,0.688,0.662,0.725,-0.53,-0.387,0.402,0.785,0.441,0.662,0.699,0.432,0.868,0.657,0.726,-0.351,0.145,0.799,0.814,0.494,0.659,0.321,0.853,0.247,0.477,0.775,-0.151,0.217,0.905,0.713,0.699,-0.079,0.743,0.441,-0.282,0.72,0.287,0.155,0.64,0.476,0.787,0.819,-0.354,0.145,0.72,0.72,0.367,0.666,-0.053,0.165,0.613,0.408,0.184,0.746,0.716,0.812,0.762,0.776,0.885,0.755,0.533,0.689,-0.417,0.386,0.867,0.495
AAPL,0.875,1.0,0.811,0.689,0.784,0.892,0.712,0.632,0.892,0.819,0.433,-0.454,0.467,0.656,0.05,0.584,0.754,0.902,0.73,0.174,0.734,0.701,0.881,0.337,0.806,0.945,0.8,0.738,0.181,0.642,0.42,0.744,0.734,0.669,0.789,0.694,0.562,0.749,-0.5,-0.564,0.438,0.824,0.293,0.735,0.642,0.295,0.871,0.669,0.804,-0.428,0.136,0.795,0.879,0.519,0.71,0.168,0.846,0.162,0.374,0.883,-0.285,0.326,0.875,0.763,0.604,-0.227,0.739,0.345,-0.253,0.726,0.285,0.086,0.621,0.472,0.81,0.876,-0.54,0.01,0.757,0.738,0.309,0.723,-0.027,0.121,0.633,0.507,0.196,0.843,0.765,0.745,0.811,0.83,0.873,0.84,0.345,0.566,-0.42,0.266,0.914,0.523
AGNC,0.749,0.811,1.0,0.369,0.632,0.679,0.463,0.723,0.638,0.685,0.241,-0.179,0.46,0.779,0.045,0.559,0.647,0.787,0.642,0.349,0.612,0.756,0.836,0.353,0.881,0.832,0.647,0.797,0.278,0.639,0.587,0.637,0.618,0.543,0.864,0.787,0.411,0.592,-0.61,-0.22,0.272,0.75,0.468,0.416,0.561,0.574,0.679,0.528,0.54,-0.321,-0.042,0.694,0.615,0.619,0.418,0.24,0.679,0.389,0.103,0.716,-0.173,0.418,0.719,0.65,0.755,-0.173,0.602,0.284,-0.423,0.529,0.244,-0.001,0.638,0.599,0.747,0.71,-0.223,0.183,0.846,0.729,0.488,0.517,-0.258,-0.093,0.396,0.629,0.002,0.799,0.787,0.563,0.63,0.782,0.8,0.797,0.493,0.553,-0.431,0.404,0.69,0.632
AMAT,0.705,0.689,0.369,1.0,0.648,0.819,0.634,0.31,0.842,0.514,0.698,-0.531,0.196,0.332,0.253,0.385,0.448,0.634,0.604,-0.076,0.57,0.316,0.459,0.143,0.398,0.667,0.582,0.341,-0.066,0.433,-0.058,0.573,0.57,0.411,0.283,0.255,0.598,0.568,-0.042,-0.602,0.587,0.48,0.005,0.884,0.435,0.051,0.707,0.379,0.792,-0.403,0.471,0.664,0.855,0.396,0.863,0.158,0.637,-0.072,0.688,0.726,-0.186,0.148,0.737,0.579,0.362,0.121,0.577,0.488,0.295,0.712,0.148,0.344,0.332,0.091,0.524,0.746,-0.503,0.096,0.372,0.456,0.115,0.594,0.398,0.575,0.791,0.071,0.556,0.459,0.402,0.8,0.625,0.5,0.686,0.555,0.103,0.496,-0.007,0.012,0.765,0.112
AMD,0.779,0.784,0.632,0.648,1.0,0.846,0.484,0.712,0.844,0.684,0.577,-0.281,0.254,0.701,0.047,0.58,0.641,0.757,0.718,0.007,0.776,0.565,0.78,0.317,0.679,0.815,0.671,0.573,0.035,0.601,0.222,0.754,0.758,0.716,0.634,0.585,0.622,0.696,-0.36,-0.56,0.499,0.652,0.317,0.718,0.731,0.352,0.833,0.545,0.705,-0.286,0.308,0.679,0.797,0.571,0.746,0.311,0.844,0.349,0.516,0.831,-0.119,0.289,0.815,0.629,0.576,-0.04,0.833,0.55,-0.06,0.752,0.436,0.38,0.648,0.418,0.856,0.742,-0.436,0.256,0.65,0.701,0.299,0.632,0.219,0.221,0.642,0.295,0.318,0.601,0.524,0.853,0.688,0.768,0.673,0.664,0.216,0.797,-0.221,0.415,0.827,0.454
AMZN,0.854,0.892,0.679,0.819,0.846,1.0,0.639,0.625,0.938,0.714,0.603,-0.436,0.337,0.588,0.206,0.546,0.654,0.85,0.741,0.139,0.759,0.596,0.774,0.326,0.68,0.886,0.753,0.577,0.11,0.48,0.207,0.771,0.765,0.643,0.614,0.556,0.717,0.704,-0.294,-0.534,0.552,0.697,0.219,0.864,0.638,0.269,0.884,0.567,0.874,-0.373,0.414,0.777,0.95,0.549,0.863,0.293,0.816,0.189,0.604,0.859,-0.125,0.246,0.87,0.698,0.641,0.033,0.694,0.535,0.007,0.813,0.313,0.364,0.563,0.291,0.753,0.857,-0.488,0.208,0.624,0.688,0.299,0.653,0.236,0.399,0.771,0.28,0.425,0.67,0.58,0.862,0.763,0.735,0.843,0.72,0.264,0.597,-0.156,0.247,0.951,0.335
APA,0.571,0.712,0.463,0.634,0.484,0.639,1.0,0.194,0.665,0.499,0.469,-0.549,0.609,0.247,0.386,0.278,0.346,0.556,0.344,0.065,0.33,0.232,0.495,-0.024,0.436,0.646,0.551,0.356,0.137,0.335,0.017,0.453,0.442,0.397,0.413,0.276,0.47,0.489,-0.098,-0.506,0.468,0.463,-0.097,0.713,0.293,-0.064,0.587,0.402,0.653,-0.452,0.334,0.49,0.68,0.32,0.624,0.053,0.499,-0.204,0.478,0.6,-0.323,0.369,0.616,0.507,0.303,0.043,0.459,0.117,0.027,0.561,-0.013,0.102,0.457,0.052,0.436,0.616,-0.479,-0.078,0.377,0.424,0.085,0.49,0.084,0.373,0.546,0.229,0.347,0.557,0.466,0.479,0.568,0.483,0.671,0.652,0.13,0.168,-0.095,-0.117,0.679,0.101
ARDX,0.68,0.632,0.723,0.31,0.712,0.625,0.194,1.0,0.608,0.623,0.225,0.119,0.294,0.79,0.047,0.567,0.647,0.614,0.657,0.263,0.73,0.774,0.77,0.486,0.799,0.744,0.451,0.672,0.215,0.563,0.535,0.612,0.606,0.692,0.784,0.749,0.416,0.542,-0.566,-0.243,0.113,0.672,0.601,0.347,0.706,0.711,0.701,0.518,0.481,-0.014,0.023,0.559,0.552,0.73,0.393,0.463,0.619,0.609,0.157,0.633,0.119,0.456,0.659,0.475,0.645,-0.04,0.532,0.448,-0.425,0.481,0.531,0.262,0.623,0.634,0.682,0.562,-0.082,0.512,0.746,0.654,0.641,0.422,-0.055,-0.058,0.277,0.393,-0.019,0.586,0.674,0.641,0.501,0.74,0.596,0.505,0.347,0.63,-0.367,0.643,0.611,0.638
AVGO,0.837,0.892,0.638,0.842,0.844,0.938,0.665,0.608,1.0,0.707,0.609,-0.368,0.342,0.565,0.189,0.57,0.674,0.851,0.727,0.048,0.77,0.561,0.766,0.301,0.67,0.868,0.727,0.594,0.062,0.521,0.226,0.721,0.71,0.663,0.623,0.587,0.704,0.694,-0.275,-0.618,0.532,0.69,0.213,0.89,0.672,0.247,0.909,0.559,0.852,-0.331,0.383,0.798,0.933,0.525,0.859,0.319,0.804,0.16,0.618,0.915,-0.131,0.279,0.901,0.71,0.575,0.004,0.694,0.512,-0.009,0.782,0.34,0.361,0.536,0.392,0.758,0.892,-0.526,0.155,0.633,0.685,0.321,0.69,0.26,0.393,0.753,0.271,0.416,0.683,0.592,0.861,0.739,0.75,0.807,0.711,0.201,0.621,-0.202,0.254,0.906,0.426
AZN,0.806,0.819,0.685,0.514,0.684,0.714,0.499,0.623,0.707,1.0,0.319,-0.377,0.363,0.575,-0.061,0.488,0.719,0.744,0.748,0.172,0.739,0.698,0.82,0.414,0.769,0.816,0.753,0.677,0.07,0.786,0.452,0.584,0.589,0.679,0.763,0.661,0.382,0.756,-0.608,-0.359,0.367,0.773,0.302,0.488,0.638,0.4,0.813,0.607,0.662,-0.364,-0.111,0.684,0.66,0.383,0.536,0.164,0.77,0.214,0.244,0.733,-0.307,0.265,0.742,0.703,0.592,-0.275,0.68,0.279,-0.376,0.656,0.213,-0.041,0.495,0.588,0.714,0.775,-0.426,-0.088,0.719,0.757,0.271,0.82,-0.117,-0.07,0.486,0.501,0.108,0.765,0.725,0.615,0.766,0.785,0.743,0.731,0.386,0.578,-0.539,0.396,0.788,0.632
BIDU,0.502,0.433,0.241,0.698,0.577,0.603,0.469,0.225,0.609,0.319,1.0,-0.238,0.103,0.261,0.212,0.217,0.087,0.391,0.386,-0.017,0.36,0.093,0.316,-0.05,0.213,0.422,0.453,0.14,-0.035,0.31,-0.228,0.587,0.575,0.19,0.166,0.196,0.513,0.402,0.258,-0.402,0.705,0.18,-0.063,0.689,0.307,0.058,0.493,0.115,0.625,-0.448,0.621,0.401,0.63,0.355,0.656,0.123,0.464,-0.025,0.67,0.529,-0.249,0.04,0.578,0.342,0.273,0.24,0.476,0.29,0.353,0.642,0.022,0.371,0.293,0.097,0.384,0.418,-0.217,0.207,0.205,0.323,0.039,0.334,0.354,0.493,0.667,-0.044,0.503,0.198,0.105,0.701,0.424,0.371,0.484,0.393,0.14,0.449,0.183,-0.111,0.509,0.123
BILI,-0.331,-0.454,-0.179,-0.531,-0.281,-0.436,-0.549,0.119,-0.368,-0.377,-0.238,1.0,-0.267,-0.042,-0.077,-0.105,-0.281,-0.43,-0.2,0.131,-0.165,-0.166,-0.224,0.145,-0.094,-0.375,-0.511,-0.162,-0.094,-0.25,0.212,-0.273,-0.28,-0.033,-0.035,0.045,-0.112,-0.426,0.155,0.417,-0.323,-0.247,0.22,-0.469,-0.084,0.241,-0.277,-0.237,-0.531,0.559,-0.072,-0.345,-0.444,-0.038,-0.425,0.335,-0.413,0.355,-0.325,-0.371,0.523,-0.06,-0.251,-0.496,-0.082,0.157,-0.477,-0.098,-0.221,-0.46,0.1,0.13,-0.106,0.193,-0.307,-0.427,0.527,0.315,-0.111,-0.242,0.381,-0.421,-0.15,-0.228,-0.521,-0.147,-0.355,-0.36,-0.302,-0.204,-0.51,-0.246,-0.39,-0.469,-0.043,-0.119,0.087,0.33,-0.506,0.139
BKR,0.397,0.467,0.46,0.196,0.254,0.337,0.609,0.294,0.342,0.363,0.103,-0.267,1.0,0.306,0.429,0.325,0.394,0.38,0.308,0.379,0.208,0.391,0.458,0.241,0.485,0.444,0.45,0.413,0.299,0.212,0.299,0.382,0.399,0.311,0.504,0.432,0.155,0.383,-0.406,-0.191,0.096,0.423,0.251,0.248,0.238,0.172,0.41,0.423,0.37,-0.203,-0.028,0.311,0.276,0.373,0.153,0.2,0.332,0.132,0.079,0.312,-0.245,0.419,0.392,0.42,0.376,0.084,0.261,0.121,-0.373,0.355,0.151,-0.013,0.566,0.285,0.366,0.312,-0.146,0.035,0.386,0.48,0.184,0.193,-0.223,0.011,0.189,0.256,-0.022,0.567,0.482,0.167,0.438,0.388,0.544,0.479,0.385,0.164,-0.276,0.155,0.379,0.309
CAN,0.705,0.656,0.779,0.332,0.701,0.588,0.247,0.79,0.565,0.575,0.261,-0.042,0.306,1.0,-0.046,0.628,0.603,0.597,0.674,0.21,0.684,0.79,0.711,0.425,0.765,0.705,0.456,0.722,0.215,0.585,0.503,0.68,0.698,0.543,0.732,0.665,0.351,0.538,-0.578,-0.206,0.126,0.697,0.649,0.339,0.582,0.656,0.612,0.518,0.401,-0.202,0.001,0.57,0.53,0.658,0.369,0.226,0.657,0.535,0.096,0.626,-0.047,0.335,0.635,0.527,0.699,-0.109,0.605,0.445,-0.376,0.508,0.467,0.159,0.646,0.581,0.731,0.56,-0.056,0.39,0.737,0.591,0.41,0.433,-0.137,-0.113,0.373,0.412,-0.061,0.677,0.713,0.623,0.524,0.681,0.609,0.602,0.401,0.693,-0.379,0.518,0.564,0.597
CHRD,0.055,0.05,0.045,0.253,0.047,0.206,0.386,0.047,0.189,-0.061,0.212,-0.077,0.429,-0.046,1.0,-0.007,-0.123,0.054,-0.03,0.017,0.002,-0.12,0.006,-0.039,-0.001,0.089,0.097,-0.073,0.144,-0.137,-0.178,0.077,0.078,0.048,-0.048,-0.055,0.124,0.041,0.148,-0.085,0.088,-0.075,-0.114,0.304,-0.041,0.05,0.075,-0.044,0.207,0.226,0.374,0.021,0.188,0.321,0.224,0.324,-0.024,0.019,0.382,0.143,0.114,0.377,0.093,0.044,0.275,0.556,-0.116,0.267,0.182,0.199,-0.023,0.506,0.154,-0.179,-0.051,0.054,0.055,0.334,-0.027,0.139,0.137,-0.039,0.322,0.635,0.18,-0.212,0.42,0.055,0.015,0.105,0.092,-0.051,0.192,0.09,-0.072,-0.093,0.384,0.075,0.142,-0.198
CMCSA,0.577,0.584,0.559,0.385,0.58,0.546,0.278,0.567,0.57,0.488,0.217,-0.105,0.325,0.628,-0.007,1.0,0.743,0.602,0.708,0.17,0.678,0.565,0.619,0.626,0.586,0.625,0.362,0.673,-0.068,0.515,0.461,0.601,0.6,0.715,0.551,0.503,0.529,0.44,-0.506,-0.359,0.257,0.725,0.641,0.384,0.656,0.411,0.593,0.725,0.259,0.016,0.132,0.66,0.515,0.341,0.442,0.38,0.615,0.503,0.297,0.643,0.208,0.108,0.594,0.509,0.468,0.004,0.435,0.605,-0.311,0.444,0.692,0.284,0.691,0.403,0.608,0.649,-0.264,0.189,0.634,0.482,0.429,0.469,0.099,-0.014,0.569,0.327,0.103,0.616,0.601,0.574,0.425,0.56,0.523,0.462,0.285,0.6,-0.157,0.573,0.536,0.441
CPRT,0.737,0.754,0.647,0.448,0.641,0.654,0.346,0.647,0.674,0.719,0.087,-0.281,0.394,0.603,-0.123,0.743,1.0,0.794,0.78,0.185,0.74,0.725,0.797,0.608,0.734,0.777,0.568,0.788,0.034,0.604,0.6,0.585,0.582,0.759,0.723,0.671,0.483,0.63,-0.737,-0.497,0.166,0.834,0.535,0.402,0.758,0.359,0.793,0.729,0.481,-0.102,-0.154,0.758,0.56,0.339,0.471,0.287,0.752,0.337,0.199,0.722,0.039,0.172,0.731,0.681,0.514,-0.207,0.592,0.524,-0.456,0.493,0.544,0.066,0.651,0.583,0.751,0.76,-0.437,-0.042,0.738,0.637,0.377,0.639,-0.024,-0.163,0.466,0.505,-0.0,0.771,0.726,0.565,0.627,0.729,0.686,0.564,0.386,0.634,-0.513,0.571,0.704,0.608
CRWD,0.807,0.902,0.787,0.634,0.757,0.85,0.556,0.614,0.851,0.744,0.391,-0.43,0.38,0.597,0.054,0.602,0.794,1.0,0.716,0.144,0.736,0.67,0.842,0.313,0.729,0.883,0.783,0.715,0.155,0.579,0.417,0.701,0.683,0.633,0.698,0.681,0.599,0.711,-0.521,-0.502,0.441,0.732,0.292,0.674,0.683,0.356,0.836,0.574,0.754,-0.361,0.097,0.826,0.808,0.484,0.668,0.224,0.813,0.258,0.394,0.892,-0.183,0.273,0.823,0.769,0.674,-0.159,0.718,0.41,-0.201,0.71,0.265,0.158,0.583,0.461,0.831,0.89,-0.491,0.034,0.722,0.749,0.346,0.669,0.074,0.129,0.637,0.524,0.251,0.757,0.688,0.687,0.764,0.788,0.837,0.744,0.345,0.607,-0.364,0.294,0.881,0.501
CSCO,0.814,0.73,0.642,0.604,0.718,0.741,0.344,0.657,0.727,0.748,0.386,-0.2,0.308,0.674,-0.03,0.708,0.78,0.716,1.0,0.198,0.876,0.694,0.746,0.668,0.779,0.793,0.583,0.649,-0.112,0.616,0.515,0.606,0.65,0.701,0.725,0.655,0.508,0.671,-0.606,-0.41,0.435,0.84,0.479,0.489,0.73,0.449,0.824,0.644,0.541,-0.163,0.04,0.735,0.668,0.415,0.594,0.397,0.8,0.458,0.279,0.696,-0.018,0.104,0.805,0.658,0.618,-0.078,0.648,0.625,-0.364,0.615,0.421,0.188,0.64,0.581,0.786,0.721,-0.37,0.122,0.704,0.66,0.421,0.65,0.008,0.011,0.578,0.359,0.161,0.685,0.628,0.788,0.655,0.723,0.76,0.584,0.447,0.815,-0.415,0.541,0.698,0.59
CSX,0.263,0.174,0.349,-0.076,0.007,0.139,0.065,0.263,0.048,0.172,-0.017,0.131,0.379,0.21,0.017,0.17,0.185,0.144,0.198,1.0,0.055,0.298,0.187,0.342,0.326,0.157,0.155,0.19,0.23,-0.052,0.345,0.178,0.162,0.097,0.36,0.285,0.146,-0.027,-0.175,0.319,-0.128,0.257,0.305,-0.029,-0.002,0.221,0.189,0.32,0.094,-0.096,0.01,0.087,0.082,0.103,-0.038,0.057,0.132,0.106,-0.171,0.01,0.015,0.005,0.189,-0.013,0.357,-0.011,0.035,-0.078,-0.307,0.003,0.1,-0.233,0.199,0.156,0.176,0.094,0.123,0.073,0.182,0.112,0.291,-0.044,-0.383,-0.158,-0.115,0.192,-0.242,0.256,0.145,0.063,0.013,0.191,0.293,0.17,0.425,0.001,-0.157,0.087,0.103,0.174
DKNG,0.775,0.734,0.612,0.57,0.776,0.759,0.33,0.73,0.77,0.739,0.36,-0.165,0.208,0.684,0.002,0.678,0.74,0.736,0.876,0.055,1.0,0.668,0.764,0.523,0.734,0.825,0.567,0.613,-0.059,0.586,0.4,0.646,0.683,0.753,0.69,0.614,0.511,0.649,-0.561,-0.441,0.355,0.771,0.469,0.555,0.752,0.499,0.798,0.637,0.588,-0.128,0.094,0.685,0.712,0.549,0.649,0.446,0.795,0.472,0.32,0.77,0.05,0.234,0.75,0.582,0.662,-0.016,0.619,0.581,-0.264,0.609,0.461,0.38,0.57,0.535,0.742,0.741,-0.275,0.276,0.688,0.693,0.521,0.713,0.151,0.149,0.562,0.317,0.322,0.62,0.624,0.796,0.639,0.676,0.681,0.553,0.306,0.71,-0.33,0.529,0.729,0.532
EBAY,0.7,0.701,0.756,0.316,0.565,0.596,0.232,0.774,0.561,0.698,0.093,-0.166,0.391,0.79,-0.12,0.565,0.725,0.67,0.694,0.298,0.668,1.0,0.735,0.516,0.817,0.743,0.517,0.784,0.217,0.606,0.58,0.564,0.552,0.536,0.798,0.758,0.334,0.554,-0.721,-0.249,0.139,0.805,0.677,0.271,0.603,0.598,0.657,0.58,0.457,-0.244,-0.219,0.652,0.507,0.562,0.281,0.166,0.661,0.437,-0.016,0.596,-0.141,0.334,0.602,0.599,0.669,-0.28,0.572,0.369,-0.488,0.41,0.473,-0.066,0.58,0.681,0.73,0.596,-0.234,0.209,0.742,0.614,0.407,0.507,-0.189,-0.258,0.335,0.566,-0.093,0.742,0.801,0.529,0.553,0.782,0.652,0.615,0.387,0.602,-0.484,0.459,0.613,0.717
ERIC,0.818,0.881,0.836,0.459,0.78,0.774,0.495,0.77,0.766,0.82,0.316,-0.224,0.458,0.711,0.006,0.619,0.797,0.842,0.746,0.187,0.764,0.735,1.0,0.467,0.85,0.88,0.77,0.81,0.166,0.691,0.61,0.674,0.681,0.784,0.882,0.862,0.498,0.791,-0.662,-0.498,0.336,0.808,0.429,0.541,0.788,0.429,0.86,0.676,0.682,-0.207,-0.051,0.734,0.7,0.532,0.566,0.334,0.783,0.435,0.284,0.802,-0.156,0.325,0.838,0.764,0.682,-0.218,0.684,0.387,-0.439,0.703,0.381,0.159,0.721,0.654,0.798,0.766,-0.371,0.08,0.86,0.852,0.403,0.701,-0.136,-0.057,0.466,0.536,0.073,0.833,0.768,0.652,0.799,0.846,0.768,0.741,0.474,0.644,-0.526,0.545,0.8,0.692
EXC,0.44,0.337,0.353,0.143,0.317,0.326,-0.024,0.486,0.301,0.414,-0.05,0.145,0.241,0.425,-0.039,0.626,0.608,0.313,0.668,0.342,0.523,0.516,0.467,1.0,0.52,0.37,0.204,0.49,-0.151,0.322,0.644,0.287,0.32,0.637,0.51,0.487,0.319,0.314,-0.55,-0.126,0.021,0.654,0.654,0.057,0.543,0.331,0.494,0.679,0.072,0.271,-0.138,0.401,0.211,0.098,0.192,0.484,0.38,0.533,0.008,0.294,0.359,-0.033,0.439,0.311,0.388,-0.053,0.166,0.532,-0.467,0.203,0.596,0.143,0.488,0.457,0.402,0.319,-0.169,0.11,0.439,0.37,0.4,0.296,-0.067,-0.196,0.157,0.226,-0.139,0.476,0.372,0.358,0.266,0.398,0.341,0.147,0.41,0.492,-0.299,0.678,0.31,0.463
FITB,0.81,0.806,0.881,0.398,0.679,0.68,0.436,0.799,0.67,0.769,0.213,-0.094,0.485,0.765,-0.001,0.586,0.734,0.729,0.779,0.326,0.734,0.817,0.85,0.52,1.0,0.866,0.618,0.803,0.155,0.695,0.664,0.597,0.587,0.702,0.96,0.853,0.442,0.609,-0.692,-0.262,0.261,0.84,0.59,0.377,0.698,0.607,0.751,0.612,0.519,-0.221,-0.081,0.706,0.617,0.597,0.424,0.364,0.754,0.45,0.09,0.699,-0.07,0.383,0.752,0.595,0.718,-0.195,0.613,0.358,-0.528,0.498,0.387,0.008,0.706,0.703,0.795,0.669,-0.267,0.209,0.862,0.751,0.577,0.532,-0.237,-0.142,0.372,0.582,-0.054,0.785,0.815,0.646,0.627,0.815,0.799,0.739,0.499,0.654,-0.509,0.566,0.712,0.73
FLEX,0.879,0.945,0.832,0.667,0.815,0.886,0.646,0.744,0.868,0.816,0.422,-0.375,0.444,0.705,0.089,0.625,0.777,0.883,0.793,0.157,0.825,0.743,0.88,0.37,0.866,1.0,0.737,0.752,0.134,0.671,0.404,0.747,0.735,0.716,0.826,0.711,0.576,0.704,-0.555,-0.54,0.453,0.85,0.363,0.671,0.706,0.421,0.872,0.64,0.766,-0.374,0.13,0.818,0.851,0.631,0.684,0.292,0.874,0.264,0.363,0.869,-0.19,0.394,0.857,0.701,0.674,-0.122,0.74,0.44,-0.288,0.677,0.346,0.184,0.679,0.525,0.824,0.858,-0.436,0.158,0.821,0.768,0.454,0.721,0.01,0.118,0.639,0.504,0.238,0.805,0.792,0.805,0.742,0.836,0.885,0.825,0.344,0.657,-0.395,0.359,0.902,0.558
FTNT,0.731,0.8,0.647,0.582,0.671,0.753,0.551,0.451,0.727,0.753,0.453,-0.511,0.45,0.456,0.097,0.362,0.568,0.783,0.583,0.155,0.567,0.517,0.77,0.204,0.618,0.737,1.0,0.576,0.297,0.543,0.253,0.621,0.624,0.459,0.597,0.623,0.399,0.708,-0.425,-0.385,0.403,0.573,0.091,0.581,0.583,0.193,0.724,0.462,0.81,-0.47,0.055,0.639,0.703,0.387,0.604,0.12,0.759,0.1,0.396,0.703,-0.432,0.27,0.729,0.701,0.557,-0.134,0.713,0.22,-0.184,0.76,0.053,0.068,0.401,0.358,0.72,0.711,-0.379,-0.07,0.618,0.878,0.123,0.623,-0.083,0.127,0.541,0.416,0.261,0.718,0.577,0.555,0.777,0.659,0.732,0.749,0.455,0.502,-0.411,0.203,0.791,0.405
GEN,0.721,0.738,0.797,0.341,0.573,0.577,0.356,0.672,0.594,0.677,0.14,-0.162,0.413,0.722,-0.073,0.673,0.788,0.715,0.649,0.19,0.613,0.784,0.81,0.49,0.803,0.752,0.576,1.0,0.181,0.689,0.672,0.518,0.508,0.618,0.793,0.8,0.492,0.571,-0.735,-0.361,0.246,0.81,0.55,0.309,0.681,0.445,0.689,0.583,0.399,-0.142,-0.25,0.816,0.521,0.392,0.313,0.231,0.699,0.369,0.196,0.635,-0.092,0.297,0.711,0.716,0.595,-0.318,0.596,0.369,-0.503,0.429,0.424,-0.035,0.641,0.657,0.711,0.689,-0.34,-0.01,0.822,0.658,0.455,0.563,-0.245,-0.261,0.475,0.693,-0.146,0.802,0.901,0.467,0.593,0.784,0.653,0.668,0.504,0.601,-0.585,0.539,0.634,0.714
GERN,0.169,0.181,0.278,-0.066,0.035,0.11,0.137,0.215,0.062,0.07,-0.035,-0.094,0.299,0.215,0.144,-0.068,0.034,0.155,-0.112,0.23,-0.059,0.217,0.166,-0.151,0.155,0.134,0.297,0.181,1.0,-0.027,0.088,0.183,0.197,-0.111,0.179,0.199,0.04,0.158,-0.176,0.11,-0.199,0.069,0.046,-0.011,0.045,0.131,0.028,-0.026,0.182,-0.038,-0.137,0.073,0.088,0.25,-0.084,-0.071,0.101,0.023,0.071,0.045,-0.241,0.392,0.1,0.186,0.183,0.002,0.164,-0.262,-0.22,0.153,-0.133,-0.128,-0.006,-0.007,0.117,0.063,0.139,0.112,0.127,0.2,0.107,-0.082,-0.279,-0.062,-0.07,0.255,-0.236,0.233,0.249,-0.065,0.229,0.118,0.2,0.212,0.219,-0.119,-0.277,-0.005,0.17,-0.015
GEVO,0.625,0.642,0.639,0.433,0.601,0.48,0.335,0.563,0.521,0.786,0.31,-0.25,0.212,0.585,-0.137,0.515,0.604,0.579,0.616,-0.052,0.586,0.606,0.691,0.322,0.695,0.671,0.543,0.689,-0.027,1.0,0.426,0.488,0.464,0.56,0.674,0.638,0.219,0.663,-0.565,-0.422,0.347,0.657,0.373,0.299,0.597,0.445,0.581,0.467,0.386,-0.3,-0.219,0.612,0.455,0.416,0.377,0.108,0.635,0.305,0.119,0.657,-0.292,0.294,0.58,0.628,0.437,-0.326,0.622,0.338,-0.29,0.508,0.258,-0.113,0.524,0.675,0.639,0.601,-0.362,-0.06,0.735,0.631,0.251,0.672,-0.098,-0.204,0.417,0.587,0.033,0.652,0.717,0.519,0.632,0.707,0.565,0.65,0.279,0.652,-0.412,0.468,0.562,0.7
GILD,0.463,0.42,0.587,-0.058,0.222,0.207,0.017,0.535,0.226,0.452,-0.228,0.212,0.299,0.503,-0.178,0.461,0.6,0.417,0.515,0.345,0.4,0.58,0.61,0.644,0.664,0.404,0.253,0.672,0.088,0.426,1.0,0.161,0.187,0.528,0.739,0.754,0.212,0.456,-0.707,-0.07,-0.157,0.607,0.575,-0.058,0.47,0.44,0.419,0.55,0.054,0.178,-0.486,0.446,0.159,0.17,-0.031,0.287,0.372,0.6,-0.176,0.301,0.124,0.123,0.424,0.474,0.43,-0.373,0.252,0.199,-0.737,0.193,0.344,-0.206,0.494,0.688,0.455,0.319,-0.097,-0.05,0.644,0.442,0.434,0.268,-0.442,-0.466,-0.027,0.55,-0.408,0.559,0.597,0.156,0.412,0.517,0.437,0.346,0.547,0.384,-0.624,0.612,0.259,0.688
GOOG,0.688,0.744,0.637,0.573,0.754,0.771,0.453,0.612,0.721,0.584,0.587,-0.273,0.382,0.68,0.077,0.601,0.585,0.701,0.606,0.178,0.646,0.564,0.674,0.287,0.597,0.747,0.621,0.518,0.183,0.488,0.161,1.0,0.98,0.535,0.559,0.482,0.472,0.578,-0.255,-0.415,0.406,0.585,0.382,0.61,0.521,0.361,0.677,0.524,0.677,-0.397,0.373,0.563,0.733,0.616,0.642,0.176,0.716,0.234,0.385,0.764,-0.141,0.221,0.684,0.502,0.547,0.059,0.574,0.427,-0.041,0.7,0.396,0.324,0.608,0.332,0.657,0.642,-0.217,0.301,0.564,0.58,0.24,0.46,0.172,0.194,0.626,0.242,0.285,0.614,0.482,0.739,0.62,0.596,0.695,0.605,0.294,0.55,-0.115,0.253,0.751,0.368
GOOGL,0.709,0.734,0.618,0.57,0.758,0.765,0.442,0.606,0.71,0.589,0.575,-0.28,0.399,0.698,0.078,0.6,0.582,0.683,0.65,0.162,0.683,0.552,0.681,0.32,0.587,0.735,0.624,0.508,0.197,0.464,0.187,0.98,1.0,0.545,0.553,0.47,0.46,0.633,-0.309,-0.413,0.396,0.601,0.381,0.598,0.523,0.344,0.683,0.542,0.672,-0.356,0.335,0.545,0.725,0.59,0.631,0.198,0.717,0.278,0.399,0.729,-0.155,0.211,0.69,0.543,0.549,0.05,0.594,0.435,-0.083,0.736,0.362,0.348,0.618,0.31,0.65,0.622,-0.212,0.288,0.534,0.588,0.22,0.473,0.132,0.194,0.615,0.202,0.268,0.611,0.476,0.738,0.67,0.566,0.689,0.579,0.338,0.576,-0.183,0.273,0.741,0.337
GT,0.676,0.669,0.543,0.411,0.716,0.643,0.397,0.692,0.663,0.679,0.19,-0.033,0.311,0.543,0.048,0.715,0.759,0.633,0.701,0.097,0.753,0.536,0.784,0.637,0.702,0.716,0.459,0.618,-0.111,0.56,0.528,0.535,0.545,1.0,0.692,0.615,0.587,0.584,-0.53,-0.456,0.228,0.743,0.535,0.481,0.808,0.331,0.775,0.751,0.429,0.128,0.098,0.581,0.59,0.355,0.573,0.543,0.641,0.488,0.348,0.704,0.274,0.223,0.706,0.478,0.525,-0.031,0.456,0.479,-0.351,0.531,0.592,0.389,0.73,0.439,0.609,0.651,-0.358,0.168,0.65,0.631,0.498,0.612,0.145,0.064,0.395,0.282,0.147,0.62,0.552,0.642,0.558,0.613,0.551,0.433,0.235,0.558,-0.293,0.7,0.694,0.469
HBAN,0.77,0.789,0.864,0.283,0.634,0.614,0.413,0.784,0.623,0.763,0.166,-0.035,0.504,0.732,-0.048,0.551,0.723,0.698,0.725,0.36,0.69,0.798,0.882,0.51,0.96,0.826,0.597,0.793,0.179,0.674,0.739,0.559,0.553,0.692,1.0,0.908,0.39,0.641,-0.693,-0.291,0.189,0.815,0.557,0.324,0.669,0.551,0.732,0.631,0.482,-0.188,-0.164,0.656,0.55,0.548,0.356,0.336,0.711,0.462,0.034,0.666,-0.117,0.349,0.728,0.603,0.676,-0.261,0.585,0.288,-0.604,0.482,0.373,-0.062,0.722,0.781,0.757,0.612,-0.242,0.123,0.881,0.731,0.529,0.527,-0.311,-0.244,0.281,0.6,-0.119,0.785,0.781,0.566,0.637,0.811,0.766,0.731,0.498,0.608,-0.566,0.548,0.651,0.801
HST,0.688,0.694,0.787,0.255,0.585,0.556,0.276,0.749,0.587,0.661,0.196,0.045,0.432,0.665,-0.055,0.503,0.671,0.681,0.655,0.285,0.614,0.758,0.862,0.487,0.853,0.711,0.623,0.8,0.199,0.638,0.754,0.482,0.47,0.615,0.908,1.0,0.409,0.669,-0.631,-0.314,0.196,0.691,0.504,0.281,0.724,0.519,0.689,0.53,0.467,-0.14,-0.221,0.679,0.48,0.504,0.315,0.349,0.629,0.535,0.097,0.602,-0.112,0.272,0.695,0.654,0.637,-0.289,0.556,0.337,-0.531,0.516,0.358,-0.037,0.661,0.832,0.722,0.554,-0.197,0.117,0.861,0.773,0.52,0.46,-0.28,-0.261,0.295,0.595,-0.111,0.688,0.729,0.491,0.648,0.78,0.675,0.619,0.517,0.619,-0.539,0.558,0.581,0.846
INTC,0.662,0.562,0.411,0.598,0.622,0.717,0.47,0.416,0.704,0.382,0.513,-0.112,0.155,0.351,0.124,0.529,0.483,0.599,0.508,0.146,0.511,0.334,0.498,0.319,0.442,0.576,0.399,0.492,0.04,0.219,0.212,0.472,0.46,0.587,0.39,0.409,1.0,0.412,-0.083,-0.364,0.492,0.489,0.249,0.669,0.55,0.117,0.678,0.458,0.503,-0.116,0.417,0.742,0.706,0.214,0.65,0.369,0.568,0.186,0.721,0.568,0.186,0.038,0.698,0.467,0.443,0.081,0.474,0.434,0.085,0.528,0.347,0.386,0.473,0.128,0.521,0.661,-0.377,0.151,0.415,0.372,0.355,0.404,0.246,0.322,0.688,0.165,0.272,0.337,0.352,0.665,0.433,0.517,0.591,0.412,0.204,0.448,-0.034,0.214,0.7,0.16
IOVA,0.725,0.749,0.592,0.568,0.696,0.704,0.489,0.542,0.694,0.756,0.402,-0.426,0.383,0.538,0.041,0.44,0.63,0.711,0.671,-0.027,0.649,0.554,0.791,0.314,0.609,0.704,0.708,0.571,0.158,0.663,0.456,0.578,0.633,0.584,0.641,0.669,0.412,1.0,-0.481,-0.571,0.357,0.605,0.184,0.572,0.611,0.246,0.729,0.539,0.696,-0.296,-0.068,0.656,0.667,0.432,0.582,0.128,0.692,0.349,0.413,0.691,-0.359,0.221,0.695,0.871,0.463,-0.259,0.726,0.424,-0.218,0.862,0.191,0.083,0.582,0.509,0.678,0.652,-0.425,-0.05,0.657,0.707,0.098,0.686,-0.003,0.037,0.57,0.361,0.187,0.639,0.606,0.592,0.967,0.672,0.715,0.659,0.306,0.611,-0.452,0.314,0.743,0.515
IQ,-0.53,-0.5,-0.61,-0.042,-0.36,-0.294,-0.098,-0.566,-0.275,-0.608,0.258,0.155,-0.406,-0.578,0.148,-0.506,-0.737,-0.521,-0.606,-0.175,-0.561,-0.721,-0.662,-0.55,-0.692,-0.555,-0.425,-0.735,-0.176,-0.565,-0.707,-0.255,-0.309,-0.53,-0.693,-0.631,-0.083,-0.481,1.0,0.151,0.059,-0.721,-0.589,0.042,-0.579,-0.462,-0.482,-0.535,-0.169,-0.034,0.58,-0.481,-0.183,-0.262,-0.011,-0.274,-0.522,-0.487,0.192,-0.372,0.058,-0.316,-0.431,-0.56,-0.513,0.305,-0.443,-0.268,0.709,-0.229,-0.295,0.169,-0.499,-0.584,-0.589,-0.425,0.194,0.064,-0.614,-0.593,-0.355,-0.45,0.375,0.427,-0.062,-0.589,0.27,-0.68,-0.746,-0.198,-0.482,-0.574,-0.462,-0.41,-0.554,-0.496,0.696,-0.626,-0.39,-0.594
JBLU,-0.387,-0.564,-0.22,-0.602,-0.56,-0.534,-0.506,-0.243,-0.618,-0.359,-0.402,0.417,-0.191,-0.206,-0.085,-0.359,-0.497,-0.502,-0.41,0.319,-0.441,-0.249,-0.498,-0.126,-0.262,-0.54,-0.385,-0.361,0.11,-0.422,-0.07,-0.415,-0.413,-0.456,-0.291,-0.314,-0.364,-0.571,0.151,1.0,-0.421,-0.483,0.063,-0.596,-0.451,0.251,-0.561,-0.404,-0.528,0.15,-0.089,-0.501,-0.568,-0.235,-0.578,-0.003,-0.543,-0.023,-0.439,-0.614,0.27,-0.186,-0.529,-0.565,-0.058,0.198,-0.536,-0.38,-0.069,-0.495,-0.303,-0.21,-0.422,-0.275,-0.468,-0.478,0.623,0.22,-0.381,-0.333,0.035,-0.588,-0.329,-0.156,-0.536,-0.221,-0.338,-0.45,-0.347,-0.517,-0.547,-0.475,-0.385,-0.407,0.147,-0.44,0.163,-0.083,-0.528,-0.299
JD,0.402,0.438,0.272,0.587,0.499,0.552,0.468,0.113,0.532,0.367,0.705,-0.323,0.096,0.126,0.088,0.257,0.166,0.441,0.435,-0.128,0.355,0.139,0.336,0.021,0.261,0.453,0.403,0.246,-0.199,0.347,-0.157,0.406,0.396,0.228,0.189,0.196,0.492,0.357,0.059,-0.421,1.0,0.314,-0.158,0.558,0.332,0.001,0.472,0.067,0.492,-0.381,0.392,0.508,0.552,0.16,0.541,0.102,0.461,-0.077,0.567,0.443,-0.271,-0.012,0.527,0.436,0.225,0.013,0.479,0.267,0.251,0.452,-0.082,0.223,0.289,0.079,0.409,0.48,-0.471,-0.036,0.234,0.295,0.034,0.422,0.22,0.318,0.676,0.237,0.396,0.253,0.198,0.586,0.392,0.448,0.414,0.421,0.111,0.458,0.043,-0.077,0.513,0.154
KDP,0.785,0.824,0.75,0.48,0.652,0.697,0.463,0.672,0.69,0.773,0.18,-0.247,0.423,0.697,-0.075,0.725,0.834,0.732,0.84,0.257,0.771,0.805,0.808,0.654,0.84,0.85,0.573,0.81,0.069,0.657,0.607,0.585,0.601,0.743,0.815,0.691,0.489,0.605,-0.721,-0.483,0.314,1.0,0.551,0.419,0.668,0.354,0.8,0.791,0.5,-0.153,-0.143,0.752,0.652,0.391,0.462,0.232,0.794,0.349,0.157,0.701,-0.127,0.307,0.769,0.674,0.568,-0.306,0.635,0.385,-0.52,0.465,0.485,0.003,0.637,0.595,0.775,0.744,-0.489,-0.03,0.76,0.633,0.43,0.685,-0.179,-0.164,0.466,0.57,-0.039,0.859,0.789,0.645,0.612,0.811,0.729,0.67,0.386,0.637,-0.557,0.517,0.715,0.642
KHC,0.441,0.293,0.468,0.005,0.317,0.219,-0.097,0.601,0.213,0.302,-0.063,0.22,0.251,0.649,-0.114,0.641,0.535,0.292,0.479,0.305,0.469,0.677,0.429,0.654,0.59,0.363,0.091,0.55,0.046,0.373,0.575,0.382,0.381,0.535,0.557,0.504,0.249,0.184,-0.589,0.063,-0.158,0.551,1.0,-0.031,0.501,0.613,0.304,0.601,-0.018,0.147,-0.114,0.319,0.139,0.36,0.019,0.392,0.328,0.586,-0.102,0.318,0.344,0.126,0.291,0.167,0.512,-0.009,0.173,0.369,-0.457,0.114,0.713,0.142,0.581,0.485,0.403,0.236,0.103,0.415,0.476,0.323,0.458,0.109,-0.088,-0.245,0.08,0.194,-0.188,0.422,0.483,0.321,0.157,0.381,0.31,0.19,0.37,0.439,-0.197,0.64,0.23,0.492
LRCX,0.662,0.735,0.416,0.884,0.718,0.864,0.713,0.347,0.89,0.488,0.689,-0.469,0.248,0.339,0.304,0.384,0.402,0.674,0.489,-0.029,0.555,0.271,0.541,0.057,0.377,0.671,0.581,0.309,-0.011,0.299,-0.058,0.61,0.598,0.481,0.324,0.281,0.669,0.572,0.042,-0.596,0.558,0.419,-0.031,1.0,0.422,0.019,0.733,0.403,0.837,-0.37,0.607,0.608,0.903,0.426,0.911,0.198,0.597,-0.024,0.718,0.787,-0.137,0.184,0.741,0.559,0.419,0.152,0.554,0.419,0.314,0.759,0.193,0.453,0.393,0.049,0.521,0.761,-0.495,0.147,0.366,0.459,0.111,0.588,0.439,0.639,0.756,0.019,0.58,0.449,0.349,0.773,0.64,0.516,0.659,0.576,0.025,0.384,0.068,-0.026,0.797,0.085
LYFT,0.699,0.642,0.561,0.435,0.731,0.638,0.293,0.706,0.672,0.638,0.307,-0.084,0.238,0.582,-0.041,0.656,0.758,0.683,0.73,-0.002,0.752,0.603,0.788,0.543,0.698,0.706,0.583,0.681,0.045,0.597,0.47,0.521,0.523,0.808,0.669,0.724,0.55,0.611,-0.579,-0.451,0.332,0.668,0.501,0.422,1.0,0.408,0.759,0.542,0.488,-0.01,0.032,0.648,0.543,0.4,0.54,0.539,0.692,0.504,0.386,0.691,0.17,0.243,0.738,0.565,0.55,0.021,0.557,0.533,-0.343,0.585,0.486,0.336,0.655,0.533,0.699,0.625,-0.267,0.223,0.69,0.735,0.488,0.556,0.17,0.013,0.453,0.405,0.167,0.61,0.611,0.658,0.595,0.645,0.572,0.434,0.406,0.7,-0.349,0.655,0.686,0.553
MARA,0.432,0.295,0.574,0.051,0.352,0.269,-0.064,0.711,0.247,0.4,0.058,0.241,0.172,0.656,0.05,0.411,0.359,0.356,0.449,0.221,0.499,0.598,0.429,0.331,0.607,0.421,0.193,0.445,0.131,0.445,0.44,0.361,0.344,0.331,0.551,0.519,0.117,0.246,-0.462,0.251,0.001,0.354,0.613,0.019,0.408,1.0,0.3,0.223,0.123,-0.042,-0.069,0.344,0.196,0.688,0.048,0.406,0.323,0.547,-0.116,0.329,0.172,0.31,0.331,0.237,0.619,0.059,0.259,0.339,-0.397,0.176,0.317,0.156,0.384,0.552,0.446,0.346,0.316,0.644,0.585,0.463,0.584,0.192,-0.154,-0.069,0.092,0.303,-0.083,0.333,0.494,0.382,0.212,0.49,0.406,0.374,0.4,0.451,-0.161,0.551,0.242,0.526
MCHP,0.868,0.871,0.679,0.707,0.833,0.884,0.587,0.701,0.909,0.813,0.493,-0.277,0.41,0.612,0.075,0.593,0.793,0.836,0.824,0.189,0.798,0.657,0.86,0.494,0.751,0.872,0.724,0.689,0.028,0.581,0.419,0.677,0.683,0.775,0.732,0.689,0.678,0.729,-0.482,-0.561,0.472,0.8,0.304,0.733,0.759,0.3,1.0,0.644,0.785,-0.26,0.17,0.788,0.821,0.459,0.752,0.385,0.814,0.274,0.474,0.838,-0.083,0.28,0.946,0.74,0.612,-0.064,0.693,0.491,-0.225,0.734,0.36,0.256,0.605,0.519,0.796,0.868,-0.501,0.077,0.698,0.743,0.386,0.739,0.096,0.167,0.605,0.387,0.247,0.759,0.649,0.8,0.744,0.831,0.808,0.66,0.376,0.676,-0.402,0.422,0.876,0.557
MDLZ,0.657,0.669,0.528,0.379,0.545,0.567,0.402,0.518,0.559,0.607,0.115,-0.237,0.423,0.518,-0.044,0.725,0.729,0.574,0.644,0.32,0.637,0.58,0.676,0.679,0.612,0.64,0.462,0.583,-0.026,0.467,0.55,0.524,0.542,0.751,0.631,0.53,0.458,0.539,-0.535,-0.404,0.067,0.791,0.601,0.403,0.542,0.223,0.644,1.0,0.403,-0.085,-0.019,0.536,0.532,0.285,0.45,0.233,0.614,0.313,0.19,0.589,0.019,0.13,0.594,0.508,0.423,-0.2,0.445,0.358,-0.368,0.461,0.659,0.09,0.593,0.396,0.566,0.591,-0.337,0.026,0.592,0.512,0.32,0.52,-0.063,-0.034,0.364,0.263,0.085,0.691,0.543,0.482,0.528,0.586,0.578,0.502,0.327,0.414,-0.322,0.449,0.585,0.427
META,0.726,0.804,0.54,0.792,0.705,0.874,0.653,0.481,0.852,0.662,0.625,-0.531,0.37,0.401,0.207,0.259,0.481,0.754,0.541,0.094,0.588,0.457,0.682,0.072,0.519,0.766,0.81,0.399,0.182,0.386,0.054,0.677,0.672,0.429,0.482,0.467,0.503,0.696,-0.169,-0.528,0.492,0.5,-0.018,0.837,0.488,0.123,0.785,0.403,1.0,-0.506,0.347,0.602,0.873,0.52,0.785,0.102,0.695,-0.012,0.555,0.751,-0.374,0.322,0.749,0.636,0.487,0.015,0.646,0.261,0.087,0.81,0.084,0.259,0.343,0.223,0.613,0.731,-0.432,0.106,0.479,0.676,0.123,0.617,0.178,0.415,0.639,0.184,0.448,0.582,0.481,0.709,0.769,0.626,0.75,0.66,0.225,0.405,-0.226,-0.002,0.849,0.261
MNST,-0.351,-0.428,-0.321,-0.403,-0.286,-0.373,-0.452,-0.014,-0.331,-0.364,-0.448,0.559,-0.203,-0.202,0.226,0.016,-0.102,-0.361,-0.163,-0.096,-0.128,-0.244,-0.207,0.271,-0.221,-0.374,-0.47,-0.142,-0.038,-0.3,0.178,-0.397,-0.356,0.128,-0.188,-0.14,-0.116,-0.296,-0.034,0.15,-0.381,-0.153,0.147,-0.37,-0.01,-0.042,-0.26,-0.085,-0.506,1.0,-0.141,-0.319,-0.377,-0.252,-0.31,0.334,-0.35,0.281,-0.057,-0.305,0.621,-0.035,-0.271,-0.338,-0.179,0.246,-0.456,0.068,-0.194,-0.395,0.225,0.31,-0.082,-0.119,-0.327,-0.367,0.134,0.1,-0.233,-0.288,0.206,-0.316,0.066,-0.035,-0.414,-0.196,-0.242,-0.25,-0.236,-0.301,-0.347,-0.321,-0.452,-0.533,-0.227,-0.184,0.068,0.517,-0.39,-0.152
MRNA,0.145,0.136,-0.042,0.471,0.308,0.414,0.334,0.023,0.383,-0.111,0.621,-0.072,-0.028,0.001,0.374,0.132,-0.154,0.097,0.04,0.01,0.094,-0.219,-0.051,-0.138,-0.081,0.13,0.055,-0.25,-0.137,-0.219,-0.486,0.373,0.335,0.098,-0.164,-0.221,0.417,-0.068,0.58,-0.089,0.392,-0.143,-0.114,0.607,0.032,-0.069,0.17,-0.019,0.347,-0.141,1.0,0.025,0.448,0.205,0.564,0.216,0.076,-0.144,0.575,0.279,0.241,-0.093,0.224,-0.138,0.077,0.568,-0.008,0.267,0.56,0.321,0.113,0.61,0.126,-0.398,-0.013,0.178,-0.064,0.45,-0.148,-0.046,0.036,-0.084,0.569,0.752,0.443,-0.439,0.563,-0.136,-0.251,0.47,-0.005,-0.074,0.151,0.04,-0.204,0.028,0.645,-0.187,0.282,-0.368
MRVL,0.799,0.795,0.694,0.664,0.679,0.777,0.49,0.559,0.798,0.684,0.401,-0.345,0.311,0.57,0.021,0.66,0.758,0.826,0.735,0.087,0.685,0.652,0.734,0.401,0.706,0.818,0.639,0.816,0.073,0.612,0.446,0.563,0.545,0.581,0.656,0.679,0.742,0.656,-0.481,-0.501,0.508,0.752,0.319,0.608,0.648,0.344,0.788,0.536,0.602,-0.319,0.025,1.0,0.75,0.394,0.595,0.243,0.779,0.238,0.492,0.743,-0.135,0.164,0.806,0.795,0.566,-0.234,0.712,0.527,-0.187,0.606,0.348,0.108,0.565,0.519,0.761,0.867,-0.481,-0.016,0.77,0.641,0.374,0.679,0.024,0.046,0.783,0.498,0.137,0.666,0.749,0.696,0.67,0.795,0.795,0.734,0.356,0.676,-0.388,0.311,0.79,0.551
MSFT,0.814,0.879,0.615,0.855,0.797,0.95,0.68,0.552,0.933,0.66,0.63,-0.444,0.276,0.53,0.188,0.515,0.56,0.808,0.668,0.082,0.712,0.507,0.7,0.211,0.617,0.851,0.703,0.521,0.088,0.455,0.159,0.733,0.725,0.59,0.55,0.48,0.706,0.667,-0.183,-0.568,0.552,0.652,0.139,0.903,0.543,0.196,0.821,0.532,0.873,-0.377,0.448,0.75,1.0,0.505,0.862,0.188,0.791,0.107,0.637,0.845,-0.186,0.252,0.827,0.643,0.532,-0.03,0.699,0.419,0.06,0.772,0.27,0.329,0.491,0.218,0.702,0.84,-0.533,0.157,0.56,0.593,0.263,0.653,0.23,0.432,0.784,0.234,0.417,0.602,0.564,0.856,0.734,0.689,0.795,0.709,0.15,0.52,-0.153,0.137,0.91,0.263
MSTR,0.494,0.519,0.619,0.396,0.571,0.549,0.32,0.73,0.525,0.383,0.355,-0.038,0.373,0.658,0.321,0.341,0.339,0.484,0.415,0.103,0.549,0.562,0.532,0.098,0.597,0.631,0.387,0.392,0.25,0.416,0.17,0.616,0.59,0.355,0.548,0.504,0.214,0.432,-0.262,-0.235,0.16,0.391,0.36,0.426,0.4,0.688,0.459,0.285,0.52,-0.252,0.205,0.394,0.505,1.0,0.407,0.321,0.469,0.382,0.126,0.571,-0.068,0.592,0.476,0.361,0.594,0.176,0.415,0.365,-0.095,0.455,0.318,0.356,0.475,0.43,0.518,0.441,0.148,0.672,0.618,0.57,0.515,0.306,0.14,0.272,0.319,0.212,0.308,0.457,0.505,0.578,0.427,0.542,0.585,0.548,0.195,0.416,-0.015,0.295,0.482,0.409
MU,0.659,0.71,0.418,0.863,0.746,0.863,0.624,0.393,0.859,0.536,0.656,-0.425,0.153,0.369,0.224,0.442,0.471,0.668,0.594,-0.038,0.649,0.281,0.566,0.192,0.424,0.684,0.604,0.313,-0.084,0.377,-0.031,0.642,0.631,0.573,0.356,0.315,0.65,0.582,-0.011,-0.578,0.541,0.462,0.019,0.911,0.54,0.048,0.752,0.45,0.785,-0.31,0.564,0.595,0.862,0.407,1.0,0.281,0.613,0.047,0.679,0.8,0.013,0.115,0.742,0.507,0.439,0.207,0.516,0.498,0.338,0.769,0.265,0.483,0.427,0.081,0.533,0.737,-0.441,0.174,0.441,0.509,0.192,0.584,0.514,0.559,0.741,0.014,0.616,0.448,0.327,0.79,0.624,0.487,0.663,0.524,0.059,0.448,0.057,0.106,0.808,0.1
MVIS,0.321,0.168,0.24,0.158,0.311,0.293,0.053,0.463,0.319,0.164,0.123,0.335,0.2,0.226,0.324,0.38,0.287,0.224,0.397,0.057,0.446,0.166,0.334,0.484,0.364,0.292,0.12,0.231,-0.071,0.108,0.287,0.176,0.198,0.543,0.336,0.349,0.369,0.128,-0.274,-0.003,0.102,0.232,0.392,0.198,0.539,0.406,0.385,0.233,0.102,0.334,0.216,0.243,0.188,0.321,0.281,1.0,0.194,0.551,0.239,0.289,0.619,0.199,0.397,0.103,0.465,0.482,-0.025,0.489,-0.176,0.206,0.308,0.565,0.429,0.212,0.201,0.244,0.166,0.506,0.302,0.39,0.589,0.09,0.265,0.3,0.11,-0.028,0.247,0.166,0.173,0.362,0.118,0.184,0.294,0.028,0.36,0.318,0.074,0.579,0.258,0.173
NFLX,0.853,0.846,0.679,0.637,0.844,0.816,0.499,0.619,0.804,0.77,0.464,-0.413,0.332,0.657,-0.024,0.615,0.752,0.813,0.8,0.132,0.795,0.661,0.783,0.38,0.754,0.874,0.759,0.699,0.101,0.635,0.372,0.716,0.717,0.641,0.711,0.629,0.568,0.692,-0.522,-0.543,0.461,0.794,0.328,0.597,0.692,0.323,0.814,0.614,0.695,-0.35,0.076,0.779,0.791,0.469,0.613,0.194,1.0,0.257,0.414,0.793,-0.271,0.264,0.815,0.685,0.596,-0.179,0.855,0.467,-0.293,0.652,0.361,0.132,0.578,0.485,0.908,0.779,-0.48,0.03,0.706,0.712,0.268,0.716,0.0,0.087,0.653,0.535,0.238,0.76,0.676,0.778,0.721,0.792,0.778,0.785,0.371,0.762,-0.405,0.384,0.836,0.525
NNDM,0.247,0.162,0.389,-0.072,0.349,0.189,-0.204,0.609,0.16,0.214,-0.025,0.355,0.132,0.535,0.019,0.503,0.337,0.258,0.458,0.106,0.472,0.437,0.435,0.533,0.45,0.264,0.1,0.369,0.023,0.305,0.6,0.234,0.278,0.488,0.462,0.535,0.186,0.349,-0.487,-0.023,-0.077,0.349,0.586,-0.024,0.504,0.547,0.274,0.313,-0.012,0.281,-0.144,0.238,0.107,0.382,0.047,0.551,0.257,1.0,-0.077,0.255,0.337,0.209,0.225,0.266,0.522,0.035,0.178,0.467,-0.407,0.296,0.453,0.281,0.507,0.492,0.376,0.131,0.127,0.421,0.431,0.412,0.456,0.137,-0.013,-0.157,0.051,0.203,-0.081,0.229,0.33,0.264,0.277,0.282,0.214,0.076,0.293,0.496,-0.156,0.661,0.159,0.457
NVAX,0.477,0.374,0.103,0.688,0.516,0.604,0.478,0.157,0.618,0.244,0.67,-0.325,0.079,0.096,0.382,0.297,0.199,0.394,0.279,-0.171,0.32,-0.016,0.284,0.008,0.09,0.363,0.396,0.196,0.071,0.119,-0.176,0.385,0.399,0.348,0.034,0.097,0.721,0.413,0.192,-0.439,0.567,0.157,-0.102,0.718,0.386,-0.116,0.474,0.19,0.555,-0.057,0.575,0.492,0.637,0.126,0.679,0.239,0.414,-0.077,1.0,0.472,0.02,-0.011,0.529,0.403,0.203,0.289,0.396,0.384,0.372,0.617,0.131,0.558,0.266,-0.17,0.259,0.489,-0.342,0.132,0.138,0.268,0.026,0.323,0.459,0.625,0.73,-0.118,0.519,0.158,0.131,0.562,0.443,0.246,0.377,0.292,0.02,0.311,0.149,0.03,0.585,-0.134
NVDA,0.775,0.883,0.716,0.726,0.831,0.859,0.6,0.633,0.915,0.733,0.529,-0.371,0.312,0.626,0.143,0.643,0.722,0.892,0.696,0.01,0.77,0.596,0.802,0.294,0.699,0.869,0.703,0.635,0.045,0.657,0.301,0.764,0.729,0.704,0.666,0.602,0.568,0.691,-0.372,-0.614,0.443,0.701,0.318,0.787,0.691,0.329,0.838,0.589,0.751,-0.305,0.279,0.743,0.845,0.571,0.8,0.289,0.793,0.255,0.472,1.0,-0.099,0.335,0.83,0.685,0.617,-0.005,0.66,0.489,-0.06,0.754,0.404,0.328,0.604,0.458,0.772,0.866,-0.469,0.141,0.712,0.703,0.329,0.693,0.308,0.27,0.675,0.378,0.403,0.749,0.638,0.786,0.722,0.75,0.789,0.738,0.189,0.62,-0.189,0.336,0.863,0.497
NWL,-0.151,-0.285,-0.173,-0.186,-0.119,-0.125,-0.323,0.119,-0.131,-0.307,-0.249,0.523,-0.245,-0.047,0.114,0.208,0.039,-0.183,-0.018,0.015,0.05,-0.141,-0.156,0.359,-0.07,-0.19,-0.432,-0.092,-0.241,-0.292,0.124,-0.141,-0.155,0.274,-0.117,-0.112,0.186,-0.359,0.058,0.27,-0.271,-0.127,0.344,-0.137,0.17,0.172,-0.083,0.019,-0.374,0.621,0.241,-0.135,-0.186,-0.068,0.013,0.619,-0.271,0.337,0.02,-0.099,1.0,-0.161,-0.094,-0.391,0.047,0.487,-0.494,0.318,0.059,-0.251,0.385,0.493,0.082,-0.168,-0.247,-0.143,0.295,0.448,-0.108,-0.205,0.421,-0.322,0.386,0.172,-0.165,-0.289,0.06,-0.264,-0.194,-0.04,-0.39,-0.277,-0.21,-0.47,-0.018,-0.109,0.359,0.43,-0.157,-0.202
OCGN,0.217,0.326,0.418,0.148,0.289,0.246,0.369,0.456,0.279,0.265,0.04,-0.06,0.419,0.335,0.377,0.108,0.172,0.273,0.104,0.005,0.234,0.334,0.325,-0.033,0.383,0.394,0.27,0.297,0.392,0.294,0.123,0.221,0.211,0.223,0.349,0.272,0.038,0.221,-0.316,-0.186,-0.012,0.307,0.126,0.184,0.243,0.31,0.28,0.13,0.322,-0.035,-0.093,0.164,0.252,0.592,0.115,0.199,0.264,0.209,-0.011,0.335,-0.161,1.0,0.25,0.244,0.323,0.114,0.237,-0.057,-0.264,0.17,0.042,0.107,0.176,0.219,0.306,0.253,-0.042,0.271,0.318,0.393,0.359,0.232,-0.045,0.101,-0.015,0.354,0.038,0.403,0.473,0.172,0.256,0.348,0.321,0.361,0.076,0.091,-0.205,0.196,0.28,0.212
ON,0.905,0.875,0.719,0.737,0.815,0.87,0.616,0.659,0.901,0.742,0.578,-0.251,0.392,0.635,0.093,0.594,0.731,0.823,0.805,0.189,0.75,0.602,0.838,0.439,0.752,0.857,0.729,0.711,0.1,0.58,0.424,0.684,0.69,0.706,0.728,0.695,0.698,0.695,-0.431,-0.529,0.527,0.769,0.291,0.741,0.738,0.331,0.946,0.594,0.749,-0.271,0.224,0.806,0.827,0.476,0.742,0.397,0.815,0.225,0.529,0.83,-0.094,0.25,1.0,0.743,0.604,-0.024,0.71,0.461,-0.225,0.713,0.286,0.243,0.616,0.489,0.794,0.861,-0.436,0.102,0.72,0.725,0.414,0.671,0.044,0.209,0.627,0.428,0.225,0.765,0.644,0.828,0.722,0.829,0.84,0.713,0.48,0.687,-0.383,0.405,0.846,0.527
OPK,0.713,0.763,0.65,0.579,0.629,0.698,0.507,0.475,0.71,0.703,0.342,-0.496,0.42,0.527,0.044,0.509,0.681,0.769,0.658,-0.013,0.582,0.599,0.764,0.311,0.595,0.701,0.701,0.716,0.186,0.628,0.474,0.502,0.543,0.478,0.603,0.654,0.467,0.871,-0.56,-0.565,0.436,0.674,0.167,0.559,0.565,0.237,0.74,0.508,0.636,-0.338,-0.138,0.795,0.643,0.361,0.507,0.103,0.685,0.266,0.403,0.685,-0.391,0.244,0.743,1.0,0.467,-0.335,0.725,0.424,-0.248,0.75,0.171,-0.012,0.502,0.506,0.707,0.76,-0.513,-0.148,0.667,0.678,0.104,0.67,-0.084,0.002,0.631,0.51,0.116,0.735,0.704,0.515,0.874,0.761,0.72,0.712,0.413,0.605,-0.486,0.264,0.72,0.544
