,AAL,AAPL,AGNC,AMAT,AMD,AMZN,APA,ARDX,AVGO,AZN,BIDU,BILI,BKR,CAN,CHRD,CMCSA,CPRT,CRWD,CSCO,CSX,DKNG,EBAY,ERIC,EXC,FITB,FLEX,FTNT,GEN,GERN,GEVO,GILD,GOOG,GOOGL,GT,HBAN,HST,INTC,IOVA,IQ,JBLU,JD,KDP,KHC,LRCX,LYFT,MARA,MCHP,MDLZ,META,MNST,MRNA,MRVL,MSFT,MSTR,MU,MVIS,NFLX,NNDM,NVAX,NVDA,NWL,OCGN,ON,OPK,PAA,PACB,PANW,PARA,PDD,PENN,PEP,PLUG,PTEN,PTON,PYPL,QCOM,QVCGA,RIOT,ROKU,RUN,SABR,SBUX,SMCI,SNDL,STNE,TCOM,TLRY,TMUS,TSCO,TSLA,TTD,TXN,UAL,VOD,VTRS,VXRT,WBA,WBD,WDC,ZM
AAL,1.0,-0.357,0.569,0.555,0.564,0.604,-0.188,0.362,0.67,0.262,0.064,0.36,0.621,0.054,0.404,-0.153,0.587,0.226,-0.38,0.583,0.017,0.595,0.524,0.513,0.518,0.425,0.298,0.374,0.291,0.122,-0.403,-0.372,-0.385,-0.382,0.621,0.635,0.075,0.607,0.59,0.138,0.22,-0.608,-0.269,0.558,0.291,0.47,0.267,-0.167,0.602,0.532,0.261,0.522,0.333,0.656,0.618,-0.236,0.56,0.675,0.573,0.674,-0.364,0.335,0.128,-0.159,0.466,-0.407,-0.388,-0.567,-0.12,-0.436,-0.404,-0.451,0.471,0.41,0.051,0.688,0.556,0.279,-0.484,-0.493,-0.455,0.184,0.455,0.11,-0.038,0.605,-0.41,0.579,0.674,0.659,0.393,0.632,0.754,0.444,0.236,0.262,-0.411,-0.586,0.373,0.543
AAPL,-0.357,1.0,-0.438,-0.662,-0.392,-0.395,-0.069,-0.023,-0.453,-0.308,0.085,-0.426,-0.463,-0.345,-0.611,0.305,-0.316,0.006,0.672,-0.496,-0.141,-0.538,-0.262,-0.594,-0.466,-0.728,-0.07,-0.52,-0.299,-0.056,0.544,0.816,0.783,0.646,-0.621,-0.605,-0.349,-0.65,-0.484,-0.477,-0.096,0.617,0.576,-0.627,-0.608,-0.451,-0.076,0.574,-0.599,-0.209,0.076,-0.322,0.206,-0.613,-0.359,0.567,-0.651,-0.657,-0.533,-0.614,0.192,-0.681,-0.055,0.057,-0.769,0.602,0.406,0.8,-0.065,0.594,0.63,0.566,-0.607,-0.187,0.074,-0.671,-0.6,-0.368,0.623,0.37,0.713,0.389,-0.614,-0.063,0.5,-0.582,0.6,-0.436,-0.561,-0.48,-0.65,-0.468,-0.553,-0.608,-0.396,-0.31,0.624,0.586,-0.205,-0.378
AGNC,0.569,-0.438,1.0,0.598,0.529,0.627,0.019,0.159,0.523,0.452,0.008,0.285,0.601,0.103,0.451,-0.017,0.523,-0.095,-0.428,0.529,-0.004,0.661,0.593,0.57,0.657,0.444,0.081,0.546,0.253,0.079,-0.305,-0.552,-0.548,-0.185,0.684,0.638,0.091,0.5,0.621,0.118,0.168,-0.643,-0.159,0.548,0.485,0.324,0.541,-0.077,0.717,0.426,0.212,0.409,0.27,0.572,0.55,-0.261,0.731,0.618,0.562,0.496,-0.203,0.402,0.113,-0.205,0.544,-0.481,-0.533,-0.502,-0.133,-0.509,-0.431,-0.423,0.629,0.228,0.181,0.559,0.557,0.175,-0.591,-0.5,-0.608,-0.066,0.381,0.212,-0.228,0.445,-0.406,0.562,0.726,0.576,0.503,0.728,0.547,0.715,0.39,0.172,-0.371,-0.529,0.408,0.475
AMAT,0.555,-0.662,0.598,1.0,0.549,0.597,0.108,0.115,0.622,0.277,0.146,0.456,0.541,0.423,0.665,-0.363,0.357,0.151,-0.53,0.597,0.204,0.593,0.478,0.736,0.506,0.781,0.063,0.673,0.363,0.167,-0.528,-0.59,-0.587,-0.59,0.755,0.686,0.359,0.746,0.535,0.404,0.228,-0.654,-0.455,0.895,0.674,0.576,0.195,-0.425,0.71,0.333,0.063,0.428,0.223,0.651,0.426,-0.418,0.759,0.775,0.659,0.687,-0.401,0.716,0.128,-0.122,0.732,-0.451,-0.489,-0.752,0.036,-0.563,-0.615,-0.652,0.809,0.206,-0.175,0.821,0.677,0.488,-0.511,-0.451,-0.603,-0.093,0.777,0.344,-0.402,0.618,-0.595,0.661,0.557,0.607,0.881,0.689,0.758,0.554,0.581,0.349,-0.642,-0.675,0.231,0.332
AMD,0.564,-0.392,0.529,0.549,1.0,0.684,-0.131,0.241,0.863,0.117,-0.221,0.172,0.429,-0.14,0.359,-0.015,0.598,0.176,-0.231,0.543,0.296,0.596,0.376,0.384,0.693,0.412,0.292,0.391,0.31,0.077,-0.283,-0.431,-0.463,-0.394,0.555,0.629,0.353,0.446,0.439,0.063,-0.098,-0.497,-0.322,0.634,0.267,0.203,0.55,-0.223,0.702,0.707,0.278,0.787,0.481,0.651,0.648,-0.022,0.646,0.391,0.553,0.747,-0.186,0.202,0.369,-0.218,0.369,-0.336,-0.284,-0.425,-0.213,-0.26,-0.467,-0.095,0.336,0.13,0.11,0.695,0.375,-0.035,-0.369,-0.368,-0.433,-0.163,0.581,-0.096,-0.113,0.387,-0.515,0.398,0.573,0.261,0.296,0.765,0.447,0.578,0.051,0.086,-0.453,-0.469,0.749,0.549
AMZN,0.604,-0.395,0.627,0.597,0.684,1.0,-0.28,0.349,0.753,0.299,-0.08,0.153,0.675,-0.152,0.29,-0.004,0.672,0.079,-0.219,0.747,0.116,0.499,0.689,0.52,0.518,0.459,0.264,0.586,0.219,0.045,-0.2,-0.444,-0.432,-0.218,0.451,0.736,0.116,0.561,0.294,-0.053,-0.134,-0.716,-0.137,0.654,0.201,0.179,0.596,-0.051,0.77,0.423,0.378,0.627,0.664,0.459,0.62,-0.23,0.543,0.39,0.61,0.792,-0.33,0.23,0.268,-0.254,0.529,-0.429,-0.448,-0.564,-0.263,-0.289,-0.306,-0.402,0.369,0.21,0.082,0.638,0.403,0.012,-0.39,-0.507,-0.447,0.185,0.507,-0.145,0.066,0.538,-0.453,0.659,0.612,0.338,0.345,0.741,0.602,0.485,0.097,0.285,-0.36,-0.605,0.467,0.472
APA,-0.188,-0.069,0.019,0.108,-0.131,-0.28,1.0,-0.107,-0.186,-0.036,0.049,0.306,-0.101,0.26,0.537,-0.309,-0.291,-0.055,-0.171,-0.154,0.144,-0.08,-0.185,0.074,0.129,0.073,-0.254,-0.064,-0.149,0.146,-0.242,-0.027,-0.03,0.039,0.054,0.077,0.396,-0.009,0.174,0.191,0.255,0.324,-0.159,0.009,0.33,-0.125,-0.153,-0.093,-0.118,-0.122,-0.057,-0.209,-0.266,-0.156,-0.394,-0.086,-0.021,0.074,-0.085,-0.168,0.23,0.355,-0.003,0.187,0.063,-0.031,0.116,-0.057,0.44,-0.075,-0.011,0.063,0.395,-0.144,-0.204,0.024,-0.018,0.035,0.019,0.54,-0.078,-0.084,0.105,0.453,-0.305,-0.032,0.21,-0.146,-0.226,0.133,0.258,-0.032,-0.073,-0.04,0.227,0.179,0.315,0.37,-0.308,-0.346
ARDX,0.362,-0.023,0.159,0.115,0.241,0.349,-0.107,1.0,0.292,-0.18,-0.198,-0.099,0.232,-0.032,0.062,-0.026,0.57,0.48,0.047,0.204,0.32,0.194,0.217,-0.15,0.255,0.074,0.426,-0.142,0.41,0.415,-0.101,-0.123,-0.109,-0.002,-0.018,0.208,-0.052,0.032,0.081,-0.108,-0.344,-0.162,-0.236,0.151,-0.105,0.309,0.128,-0.166,0.116,0.268,0.038,0.314,0.368,0.258,0.335,0.449,0.073,0.091,0.151,0.296,-0.204,-0.118,0.35,0.253,-0.075,0.282,0.362,-0.037,-0.071,0.284,-0.113,0.243,-0.102,0.571,0.071,0.243,-0.034,0.14,0.194,0.118,0.079,0.068,0.099,0.107,0.455,0.048,0.111,0.033,0.323,0.119,-0.056,0.083,0.092,0.111,-0.319,-0.181,0.085,-0.019,0.294,0.542
AVGO,0.67,-0.453,0.523,0.622,0.863,0.753,-0.186,0.292,1.0,0.226,-0.117,0.276,0.514,-0.124,0.375,-0.068,0.591,0.206,-0.219,0.607,0.168,0.534,0.522,0.43,0.656,0.499,0.343,0.451,0.32,0.052,-0.308,-0.463,-0.493,-0.341,0.573,0.65,0.297,0.54,0.369,0.067,-0.069,-0.575,-0.256,0.708,0.275,0.248,0.605,-0.266,0.719,0.547,0.334,0.859,0.551,0.636,0.718,-0.198,0.649,0.448,0.612,0.792,-0.311,0.214,0.34,-0.227,0.451,-0.429,-0.372,-0.609,-0.282,-0.315,-0.375,-0.248,0.386,0.184,0.074,0.799,0.395,0.032,-0.41,-0.467,-0.478,0.025,0.594,-0.068,-0.054,0.446,-0.53,0.49,0.551,0.289,0.315,0.782,0.575,0.483,0.078,0.174,-0.504,-0.629,0.723,0.474
AZN,0.262,-0.308,0.452,0.277,0.117,0.299,-0.036,-0.18,0.226,1.0,0.153,0.016,0.343,-0.15,0.117,0.38,0.269,-0.356,-0.344,0.454,-0.358,0.285,0.301,0.419,0.099,0.067,-0.17,0.208,-0.359,-0.452,0.098,-0.541,-0.555,-0.058,0.242,0.344,-0.248,0.391,0.234,-0.159,0.266,-0.491,0.253,0.149,0.226,-0.047,0.259,0.237,0.337,-0.006,0.608,0.081,-0.111,0.125,0.298,-0.575,0.364,0.272,0.386,0.242,0.088,0.287,-0.454,-0.508,0.416,-0.485,-0.549,-0.435,-0.403,-0.559,0.079,-0.515,0.348,-0.223,0.572,0.194,0.397,-0.142,-0.541,-0.602,-0.536,-0.142,0.023,0.03,-0.126,0.322,-0.266,0.461,0.413,0.189,0.306,0.299,0.313,0.379,0.303,0.213,-0.173,-0.422,0.191,0.096
BIDU,0.064,0.085,0.008,0.146,-0.221,-0.08,0.049,-0.198,-0.117,0.153,1.0,0.403,0.173,0.34,0.206,-0.274,-0.145,-0.053,-0.259,0.212,-0.499,0.019,0.079,0.257,-0.253,0.018,-0.197,0.206,0.026,-0.122,-0.137,0.186,0.149,-0.187,0.099,0.087,-0.048,0.202,0.25,0.041,0.688,-0.057,0.01,0.081,0.172,0.277,-0.259,0.012,-0.054,-0.378,0.062,-0.306,-0.18,-0.065,-0.068,-0.3,-0.034,0.1,0.486,0.066,-0.308,0.185,-0.217,0.058,0.11,-0.269,-0.215,-0.042,0.228,-0.376,-0.046,-0.354,0.149,-0.084,-0.179,-0.042,0.35,0.435,-0.265,-0.032,-0.204,0.171,0.039,0.144,-0.354,0.408,-0.125,0.176,-0.023,0.179,0.165,-0.025,0.214,-0.207,0.691,0.307,-0.049,-0.078,-0.356,-0.241
BILI,0.36,-0.426,0.285,0.456,0.172,0.153,0.306,-0.099,0.276,0.016,0.403,1.0,0.423,0.389,0.55,-0.482,-0.045,0.006,-0.408,0.218,0.008,0.206,0.222,0.411,0.371,0.478,0.109,0.437,0.269,0.239,-0.423,-0.199,-0.213,-0.387,0.513,0.31,0.457,0.314,0.568,0.455,0.664,-0.231,-0.445,0.51,0.469,0.324,-0.057,-0.486,0.332,0.043,-0.267,0.135,-0.076,0.319,0.013,-0.34,0.319,0.488,0.345,0.353,-0.353,0.428,0.277,0.177,0.474,-0.435,-0.333,-0.44,0.546,-0.494,-0.419,-0.334,0.471,0.319,-0.256,0.46,0.266,0.4,-0.394,-0.012,-0.426,0.173,0.519,0.326,-0.483,0.437,-0.147,0.266,0.184,0.499,0.483,0.334,0.387,0.097,0.457,0.279,-0.259,-0.237,-0.089,-0.089
BKR,0.621,-0.463,0.601,0.541,0.429,0.675,-0.101,0.232,0.514,0.343,0.173,0.423,1.0,0.059,0.427,-0.181,0.623,0.022,-0.443,0.745,-0.127,0.513,0.521,0.637,0.348,0.446,0.226,0.584,0.3,0.156,-0.358,-0.527,-0.518,-0.417,0.464,0.677,0.041,0.625,0.552,0.162,0.204,-0.658,-0.2,0.531,0.32,0.338,0.256,-0.174,0.64,0.39,0.179,0.301,0.22,0.428,0.445,-0.359,0.496,0.455,0.633,0.701,-0.458,0.407,0.125,-0.164,0.566,-0.587,-0.425,-0.617,0.01,-0.422,-0.337,-0.482,0.456,0.413,0.014,0.55,0.521,0.213,-0.533,-0.463,-0.558,0.192,0.449,0.041,-0.227,0.71,-0.438,0.669,0.642,0.533,0.443,0.621,0.598,0.482,0.363,0.341,-0.296,-0.588,0.242,0.362
CAN,0.054,-0.345,0.103,0.423,-0.14,-0.152,0.26,-0.032,-0.124,-0.15,0.34,0.389,0.059,1.0,0.441,-0.621,-0.258,0.275,-0.368,-0.004,0.133,0.061,-0.109,0.257,0.027,0.624,-0.072,0.361,0.399,0.402,-0.597,-0.135,-0.114,-0.462,0.398,0.058,0.345,0.165,0.27,0.657,0.349,-0.099,-0.505,0.421,0.681,0.691,-0.448,-0.542,0.105,-0.255,-0.462,-0.213,-0.27,0.264,-0.257,-0.202,0.328,0.469,0.17,0.053,-0.161,0.457,0.165,0.228,0.358,-0.148,-0.03,-0.272,0.54,-0.284,-0.448,-0.338,0.486,0.331,-0.46,0.316,0.309,0.864,-0.265,0.19,-0.245,-0.097,0.407,0.517,-0.46,0.27,-0.166,0.006,0.155,0.388,0.482,-0.031,0.287,0.07,0.553,0.122,-0.346,-0.088,-0.437,-0.073
CHRD,0.404,-0.611,0.451,0.665,0.359,0.29,0.537,0.062,0.375,0.117,0.206,0.55,0.427,0.441,1.0,-0.558,0.202,0.013,-0.684,0.451,-0.008,0.515,0.192,0.618,0.449,0.594,-0.115,0.476,0.245,0.138,-0.705,-0.445,-0.453,-0.576,0.604,0.67,0.42,0.624,0.634,0.422,0.296,-0.287,-0.499,0.606,0.591,0.45,-0.01,-0.415,0.473,0.19,0.007,0.188,-0.088,0.497,0.186,-0.417,0.519,0.624,0.591,0.502,-0.305,0.743,0.089,0.101,0.677,-0.6,-0.375,-0.646,0.314,-0.567,-0.547,-0.44,0.716,0.137,-0.329,0.609,0.626,0.462,-0.602,0.028,-0.649,-0.069,0.548,0.252,-0.646,0.639,-0.509,0.484,0.463,0.564,0.671,0.533,0.583,0.406,0.591,0.571,-0.382,-0.307,-0.032,0.174
CMCSA,-0.153,0.305,-0.017,-0.363,-0.015,-0.004,-0.309,-0.026,-0.068,0.38,-0.274,-0.482,-0.181,-0.621,-0.558,1.0,0.034,-0.335,0.378,-0.167,-0.153,-0.186,-0.115,-0.234,-0.072,-0.47,-0.006,-0.297,-0.378,-0.372,0.785,0.03,0.024,0.429,-0.297,-0.237,-0.316,-0.272,-0.345,-0.445,-0.203,-0.005,0.602,-0.381,-0.414,-0.476,0.299,0.488,-0.221,0.049,0.419,0.078,0.039,-0.255,0.154,0.181,-0.19,-0.408,-0.274,-0.269,0.324,-0.446,-0.266,-0.364,-0.335,0.268,-0.012,0.399,-0.558,0.201,0.436,0.238,-0.422,-0.318,0.816,-0.324,-0.329,-0.609,0.229,-0.224,0.245,-0.159,-0.416,-0.308,0.378,-0.376,0.162,-0.066,-0.096,-0.458,-0.422,-0.111,-0.341,0.025,-0.451,-0.253,0.204,0.149,0.321,0.036
CPRT,0.587,-0.316,0.523,0.357,0.598,0.672,-0.291,0.57,0.591,0.269,-0.145,-0.045,0.623,-0.258,0.202,0.034,1.0,0.108,-0.284,0.725,0.068,0.673,0.473,0.318,0.412,0.101,0.296,0.107,0.175,-0.062,-0.219,-0.487,-0.469,-0.249,0.288,0.629,-0.173,0.472,0.418,-0.252,-0.241,-0.558,-0.136,0.292,0.05,0.245,0.394,-0.0,0.506,0.586,0.393,0.497,0.348,0.561,0.79,0.007,0.448,0.361,0.559,0.635,-0.234,0.174,0.011,-0.207,0.249,-0.293,-0.172,-0.358,-0.379,-0.172,-0.289,-0.175,0.171,0.234,0.169,0.387,0.45,-0.034,-0.328,-0.483,-0.401,-0.11,0.24,-0.149,0.117,0.504,-0.391,0.477,0.725,0.31,0.205,0.596,0.357,0.53,0.051,0.031,-0.175,-0.425,0.621,0.778
CRWD,0.226,0.006,-0.095,0.151,0.176,0.079,-0.055,0.48,0.206,-0.356,-0.053,0.006,0.022,0.275,0.013,-0.335,0.108,1.0,0.015,-0.026,0.416,-0.032,0.129,-0.056,0.128,0.256,0.62,0.03,0.337,0.469,-0.318,0.04,0.032,-0.197,0.088,0.07,0.229,0.044,-0.013,0.224,-0.114,-0.001,-0.464,0.226,0.126,0.378,-0.167,-0.399,0.094,0.166,-0.194,0.165,0.298,0.158,0.01,0.274,0.061,0.134,0.039,0.242,-0.156,-0.019,0.417,0.513,-0.095,0.26,0.629,-0.076,0.217,0.183,-0.253,0.171,0.016,0.473,-0.176,0.316,-0.059,0.325,0.17,0.208,0.1,0.15,0.237,0.287,0.285,0.049,0.084,-0.173,0.029,0.197,0.041,0.012,0.142,-0.074,-0.154,-0.206,-0.036,-0.047,0.065,0.199
CSCO,-0.38,0.672,-0.428,-0.53,-0.231,-0.219,-0.171,0.047,-0.219,-0.344,-0.259,-0.408,-0.443,-0.368,-0.684,0.378,-0.284,0.015,1.0,-0.479,0.207,-0.573,-0.226,-0.679,-0.212,-0.412,0.087,-0.455,-0.165,0.042,0.593,0.601,0.603,0.612,-0.509,-0.58,-0.095,-0.653,-0.648,-0.33,-0.365,0.414,0.466,-0.451,-0.451,-0.463,0.172,0.304,-0.452,-0.113,0.022,-0.019,0.297,-0.456,-0.267,0.519,-0.47,-0.638,-0.555,-0.456,0.197,-0.734,0.121,-0.051,-0.705,0.666,0.391,0.636,-0.226,0.836,0.532,0.559,-0.566,-0.164,0.131,-0.43,-0.702,-0.426,0.757,0.297,0.863,0.218,-0.301,-0.109,0.602,-0.696,0.524,-0.516,-0.614,-0.605,-0.644,-0.447,-0.547,-0.456,-0.626,-0.495,0.423,0.408,0.009,-0.302
CSX,0.583,-0.496,0.529,0.597,0.543,0.747,-0.154,0.204,0.607,0.454,0.212,0.218,0.745,-0.004,0.451,-0.167,0.725,-0.026,-0.479,1.0,-0.063,0.61,0.525,0.621,0.316,0.363,0.084,0.491,0.076,-0.159,-0.323,-0.563,-0.558,-0.439,0.455,0.823,0.004,0.72,0.476,-0.007,0.114,-0.636,-0.198,0.521,0.321,0.254,0.264,-0.052,0.674,0.331,0.458,0.364,0.27,0.456,0.565,-0.466,0.534,0.436,0.773,0.822,-0.316,0.484,-0.076,-0.352,0.561,-0.578,-0.514,-0.624,-0.165,-0.495,-0.31,-0.578,0.49,0.06,0.003,0.531,0.665,0.119,-0.539,-0.518,-0.619,0.037,0.532,-0.12,-0.234,0.801,-0.554,0.719,0.654,0.396,0.477,0.647,0.66,0.48,0.449,0.41,-0.305,-0.57,0.306,0.421
DKNG,0.017,-0.141,-0.004,0.204,0.296,0.116,0.144,0.32,0.168,-0.358,-0.499,0.008,-0.127,0.133,-0.008,-0.153,0.068,0.416,0.207,-0.063,1.0,0.044,-0.025,-0.182,0.308,0.293,0.379,-0.054,0.238,0.427,-0.107,-0.082,-0.055,-0.094,0.076,0.017,0.373,-0.149,-0.024,0.199,-0.283,-0.029,-0.474,0.23,0.185,0.109,0.037,-0.422,0.187,0.363,-0.205,0.318,0.259,0.216,-0.062,0.355,0.192,0.124,-0.196,0.12,0.131,-0.022,0.46,0.173,-0.042,0.424,0.333,0.027,0.196,0.372,-0.235,0.256,0.134,0.282,-0.1,0.257,-0.203,0.037,0.402,0.249,0.256,-0.133,0.434,0.242,0.217,-0.2,0.17,-0.215,-0.03,0.042,0.162,-0.027,-0.111,0.085,-0.308,-0.371,-0.037,0.058,0.201,0.223
EBAY,0.595,-0.538,0.661,0.593,0.596,0.499,-0.08,0.194,0.534,0.285,0.019,0.206,0.513,0.061,0.515,-0.186,0.673,-0.032,-0.573,0.61,0.044,1.0,0.484,0.627,0.577,0.371,0.109,0.328,0.336,-0.039,-0.487,-0.591,-0.606,-0.471,0.61,0.724,0.065,0.67,0.81,0.048,0.01,-0.634,-0.335,0.512,0.334,0.514,0.308,-0.229,0.593,0.658,0.222,0.448,0.141,0.827,0.64,-0.136,0.635,0.644,0.639,0.58,-0.232,0.495,-0.054,-0.169,0.549,-0.515,-0.429,-0.527,-0.261,-0.504,-0.52,-0.362,0.496,0.171,0.038,0.558,0.823,0.269,-0.603,-0.521,-0.654,-0.199,0.364,0.021,-0.327,0.577,-0.608,0.586,0.773,0.512,0.514,0.688,0.533,0.65,0.444,0.294,-0.489,-0.604,0.481,0.712
ERIC,0.524,-0.262,0.593,0.478,0.376,0.689,-0.185,0.217,0.522,0.301,0.079,0.222,0.521,-0.109,0.192,-0.115,0.473,0.129,-0.226,0.525,-0.025,0.484,1.0,0.489,0.473,0.285,0.187,0.486,0.112,0.007,-0.196,-0.352,-0.341,0.048,0.444,0.587,-0.002,0.552,0.36,-0.132,-0.014,-0.541,0.004,0.485,0.192,0.138,0.599,0.094,0.606,0.312,0.332,0.373,0.553,0.309,0.494,-0.223,0.409,0.35,0.475,0.552,-0.22,0.28,0.163,-0.021,0.433,-0.342,-0.343,-0.548,-0.231,-0.332,-0.179,-0.406,0.376,0.2,-0.044,0.447,0.442,0.014,-0.355,-0.514,-0.433,0.32,0.282,0.156,0.125,0.403,-0.161,0.582,0.421,0.406,0.304,0.653,0.593,0.354,0.191,0.291,-0.209,-0.588,0.307,0.329
EXC,0.513,-0.594,0.57,0.736,0.384,0.52,0.074,-0.15,0.43,0.419,0.257,0.411,0.637,0.257,0.618,-0.234,0.318,-0.056,-0.679,0.621,-0.182,0.627,0.489,1.0,0.425,0.56,-0.048,0.701,0.166,-0.047,-0.436,-0.617,-0.613,-0.509,0.735,0.768,0.216,0.854,0.592,0.344,0.295,-0.644,-0.203,0.647,0.538,0.412,0.132,-0.132,0.596,0.283,0.182,0.202,0.047,0.512,0.388,-0.57,0.598,0.637,0.628,0.62,-0.294,0.726,-0.143,-0.151,0.734,-0.703,-0.583,-0.719,-0.021,-0.765,-0.46,-0.693,0.703,0.054,-0.102,0.631,0.766,0.336,-0.711,-0.547,-0.759,-0.028,0.489,0.127,-0.543,0.725,-0.613,0.804,0.607,0.541,0.694,0.717,0.743,0.573,0.646,0.65,-0.551,-0.676,0.087,0.259
FITB,0.518,-0.466,0.657,0.506,0.693,0.518,0.129,0.255,0.656,0.099,-0.253,0.371,0.348,0.027,0.449,-0.072,0.412,0.128,-0.212,0.316,0.308,0.577,0.473,0.425,1.0,0.488,0.302,0.415,0.326,0.208,-0.302,-0.477,-0.483,-0.181,0.742,0.578,0.459,0.358,0.512,0.25,-0.029,-0.445,-0.283,0.579,0.462,0.244,0.543,-0.26,0.584,0.562,0.08,0.583,0.32,0.647,0.488,-0.055,0.641,0.502,0.387,0.544,-0.143,0.262,0.362,-0.003,0.345,-0.322,-0.242,-0.437,-0.093,-0.308,-0.452,-0.096,0.475,0.224,0.073,0.659,0.334,0.077,-0.362,-0.199,-0.446,-0.162,0.513,0.224,-0.172,0.237,-0.255,0.361,0.512,0.338,0.318,0.683,0.386,0.605,0.063,0.073,-0.35,-0.389,0.488,0.43
FLEX,0.425,-0.728,0.444,0.781,0.412,0.459,0.073,0.074,0.499,0.067,0.018,0.478,0.446,0.624,0.594,-0.47,0.101,0.256,-0.412,0.363,0.293,0.371,0.285,0.56,0.488,1.0,0.16,0.69,0.534,0.408,-0.626,-0.522,-0.518,-0.624,0.708,0.506,0.544,0.521,0.394,0.63,0.176,-0.556,-0.579,0.851,0.74,0.652,0.079,-0.688,0.638,0.163,-0.2,0.391,0.086,0.628,0.151,-0.409,0.703,0.692,0.465,0.567,-0.332,0.544,0.335,0.052,0.728,-0.447,-0.363,-0.715,0.228,-0.404,-0.613,-0.494,0.698,0.374,-0.264,0.857,0.493,0.648,-0.493,-0.228,-0.481,-0.073,0.779,0.308,-0.375,0.466,-0.538,0.385,0.433,0.532,0.67,0.454,0.625,0.468,0.405,0.281,-0.673,-0.561,0.059,0.189
FTNT,0.298,-0.07,0.081,0.063,0.292,0.264,-0.254,0.426,0.343,-0.17,-0.197,0.109,0.226,-0.072,-0.115,-0.006,0.296,0.62,0.087,0.084,0.379,0.109,0.187,-0.048,0.302,0.16,1.0,0.066,0.338,0.396,-0.029,-0.113,-0.122,-0.161,0.086,0.088,0.131,-0.011,0.13,0.09,-0.184,-0.257,-0.361,0.199,-0.03,0.204,0.08,-0.379,0.272,0.342,-0.041,0.407,0.413,0.221,0.21,0.263,0.18,0.114,0.074,0.302,-0.214,-0.212,0.47,0.342,-0.044,0.184,0.37,-0.065,0.071,0.16,-0.19,0.211,-0.114,0.552,0.216,0.29,-0.119,0.045,0.148,0.046,0.03,0.152,0.249,0.061,0.276,0.007,0.074,-0.04,0.212,0.158,-0.065,0.105,0.021,-0.016,-0.326,-0.254,-0.046,-0.195,0.324,0.372
GEN,0.374,-0.52,0.546,0.673,0.391,0.586,-0.064,-0.142,0.451,0.208,0.206,0.437,0.584,0.361,0.476,-0.297,0.107,0.03,-0.455,0.491,-0.054,0.328,0.486,0.701,0.415,0.69,0.066,1.0,0.353,0.19,-0.394,-0.382,-0.378,-0.434,0.663,0.557,0.343,0.578,0.347,0.459,0.254,-0.558,-0.28,0.739,0.504,0.377,0.219,-0.257,0.72,0.065,-0.074,0.218,0.268,0.36,0.186,-0.508,0.547,0.498,0.515,0.628,-0.474,0.505,0.274,-0.113,0.698,-0.594,-0.527,-0.635,0.19,-0.592,-0.457,-0.614,0.558,0.235,-0.202,0.616,0.477,0.384,-0.56,-0.358,-0.591,0.095,0.596,0.103,-0.469,0.553,-0.493,0.645,0.441,0.447,0.559,0.586,0.685,0.412,0.48,0.466,-0.51,-0.589,-0.022,0.039
GERN,0.291,-0.299,0.253,0.363,0.31,0.219,-0.149,0.41,0.32,-0.359,0.026,0.269,0.3,0.399,0.245,-0.378,0.175,0.337,-0.165,0.076,0.238,0.336,0.112,0.166,0.326,0.534,0.338,0.353,1.0,0.699,-0.421,-0.123,-0.129,-0.356,0.311,0.152,0.34,0.16,0.326,0.396,-0.087,-0.251,-0.491,0.495,0.16,0.645,-0.008,-0.557,0.288,0.262,-0.421,0.358,0.179,0.541,0.212,0.253,0.288,0.362,0.294,0.318,-0.421,0.097,0.472,0.251,0.255,-0.064,0.051,-0.228,0.204,-0.004,-0.415,0.064,0.108,0.669,-0.23,0.51,0.216,0.577,-0.108,-0.006,-0.143,0.005,0.349,0.092,-0.109,0.115,-0.284,0.083,0.345,0.247,0.195,0.224,0.262,0.173,0.097,0.013,-0.368,-0.333,0.228,0.375
GEVO,0.122,-0.056,0.079,0.167,0.077,0.045,0.146,0.415,0.052,-0.452,-0.122,0.239,0.156,0.402,0.138,-0.372,-0.062,0.469,0.042,-0.159,0.427,-0.039,0.007,-0.047,0.208,0.408,0.396,0.19,0.699,1.0,-0.252,0.064,0.073,-0.09,0.119,-0.071,0.293,-0.164,0.135,0.438,-0.063,0.042,-0.469,0.309,0.193,0.408,-0.144,-0.498,0.17,0.13,-0.455,0.089,0.191,0.171,-0.158,0.352,0.103,0.154,-0.071,0.06,-0.192,-0.095,0.639,0.402,0.028,0.255,0.289,-0.053,0.447,0.185,-0.21,0.226,0.067,0.775,-0.244,0.32,-0.157,0.437,0.226,0.365,0.105,0.164,0.315,0.347,0.167,-0.159,0.168,-0.139,0.066,0.235,0.105,-0.047,0.034,-0.03,-0.156,-0.118,-0.034,-0.018,-0.035,0.078
GILD,-0.403,0.544,-0.305,-0.528,-0.283,-0.2,-0.242,-0.101,-0.308,0.098,-0.137,-0.423,-0.358,-0.597,-0.705,0.785,-0.219,-0.318,0.593,-0.323,-0.107,-0.487,-0.196,-0.436,-0.302,-0.626,-0.029,-0.394,-0.421,-0.252,1.0,0.312,0.304,0.599,-0.524,-0.493,-0.375,-0.501,-0.569,-0.47,-0.173,0.272,0.643,-0.513,-0.571,-0.64,0.092,0.601,-0.424,-0.217,0.283,-0.141,0.035,-0.587,-0.12,0.26,-0.452,-0.62,-0.466,-0.458,0.362,-0.612,-0.243,-0.244,-0.539,0.562,0.143,0.61,-0.372,0.389,0.661,0.363,-0.562,-0.328,0.522,-0.554,-0.597,-0.654,0.568,0.019,0.512,0.003,-0.465,-0.271,0.508,-0.567,0.453,-0.239,-0.44,-0.613,-0.526,-0.406,-0.518,-0.332,-0.518,-0.32,0.412,0.327,0.06,-0.249
GOOG,-0.372,0.816,-0.552,-0.59,-0.431,-0.444,-0.027,-0.123,-0.463,-0.541,0.186,-0.199,-0.527,-0.135,-0.445,0.03,-0.487,0.04,0.601,-0.563,-0.082,-0.591,-0.352,-0.617,-0.477,-0.522,-0.113,-0.382,-0.123,0.064,0.312,1.0,0.987,0.467,-0.57,-0.63,-0.12,-0.64,-0.479,-0.287,0.009,0.669,0.302,-0.518,-0.549,-0.296,-0.224,0.288,-0.595,-0.306,-0.196,-0.323,0.125,-0.504,-0.411,0.481,-0.704,-0.528,-0.471,-0.591,0.051,-0.608,0.1,0.177,-0.635,0.5,0.384,0.718,0.161,0.541,0.435,0.457,-0.602,-0.135,-0.195,-0.569,-0.573,-0.124,0.58,0.514,0.716,0.424,-0.465,-0.125,0.312,-0.478,0.446,-0.495,-0.634,-0.394,-0.586,-0.506,-0.466,-0.744,-0.296,-0.232,0.478,0.573,-0.335,-0.434
GOOGL,-0.385,0.783,-0.548,-0.587,-0.463,-0.432,-0.03,-0.109,-0.493,-0.555,0.149,-0.213,-0.518,-0.114,-0.453,0.024,-0.469,0.032,0.603,-0.558,-0.055,-0.606,-0.341,-0.613,-0.483,-0.518,-0.122,-0.378,-0.129,0.073,0.304,0.987,1.0,0.494,-0.57,-0.619,-0.14,-0.636,-0.504,-0.272,-0.029,0.652,0.298,-0.537,-0.531,-0.309,-0.228,0.303,-0.597,-0.322,-0.208,-0.356,0.12,-0.521,-0.39,0.466,-0.707,-0.517,-0.493,-0.589,0.063,-0.59,0.095,0.174,-0.635,0.513,0.403,0.704,0.179,0.56,0.402,0.43,-0.592,-0.123,-0.214,-0.59,-0.587,-0.129,0.602,0.512,0.733,0.401,-0.452,-0.112,0.316,-0.464,0.472,-0.491,-0.616,-0.376,-0.573,-0.513,-0.469,-0.728,-0.307,-0.231,0.494,0.57,-0.355,-0.4
GT,-0.382,0.646,-0.185,-0.59,-0.394,-0.218,0.039,-0.002,-0.341,-0.058,-0.187,-0.387,-0.417,-0.462,-0.576,0.429,-0.249,-0.197,0.612,-0.439,-0.094,-0.471,0.048,-0.509,-0.181,-0.624,-0.161,-0.434,-0.356,-0.09,0.599,0.467,0.494,1.0,-0.481,-0.458,-0.317,-0.593,-0.517,-0.436,-0.277,0.463,0.657,-0.56,-0.477,-0.666,0.271,0.648,-0.48,-0.247,0.209,-0.209,0.214,-0.621,-0.191,0.334,-0.547,-0.626,-0.539,-0.541,0.432,-0.598,-0.112,-0.092,-0.611,0.461,0.254,0.528,-0.217,0.474,0.67,0.433,-0.427,-0.257,0.215,-0.59,-0.615,-0.583,0.53,0.239,0.524,0.262,-0.586,-0.011,0.581,-0.637,0.738,-0.382,-0.482,-0.5,-0.585,-0.332,-0.508,-0.347,-0.495,-0.244,0.669,0.452,-0.068,-0.329
HBAN,0.621,-0.621,0.684,0.755,0.555,0.451,0.054,-0.018,0.573,0.242,0.099,0.513,0.464,0.398,0.604,-0.297,0.288,0.088,-0.509,0.455,0.076,0.61,0.444,0.735,0.742,0.708,0.086,0.663,0.311,0.119,-0.524,-0.57,-0.57,-0.481,1.0,0.668,0.398,0.643,0.631,0.54,0.347,-0.557,-0.386,0.733,0.768,0.516,0.245,-0.345,0.664,0.354,0.001,0.347,0.06,0.692,0.426,-0.468,0.797,0.745,0.545,0.622,-0.296,0.598,0.124,-0.113,0.616,-0.557,-0.528,-0.659,0.06,-0.641,-0.656,-0.533,0.764,0.186,-0.093,0.749,0.651,0.426,-0.644,-0.431,-0.63,-0.206,0.678,0.361,-0.484,0.553,-0.499,0.589,0.594,0.596,0.656,0.681,0.716,0.711,0.531,0.35,-0.625,-0.574,0.221,0.313
HST,0.635,-0.605,0.638,0.686,0.629,0.736,0.077,0.208,0.65,0.344,0.087,0.31,0.677,0.058,0.67,-0.237,0.629,0.07,-0.58,0.823,0.017,0.724,0.587,0.768,0.578,0.506,0.088,0.557,0.152,-0.071,-0.493,-0.63,-0.619,-0.458,0.668,1.0,0.219,0.828,0.607,0.145,0.098,-0.626,-0.284,0.611,0.465,0.301,0.386,-0.144,0.713,0.447,0.356,0.424,0.266,0.579,0.551,-0.437,0.63,0.558,0.724,0.832,-0.296,0.619,0.058,-0.139,0.643,-0.636,-0.447,-0.713,-0.086,-0.549,-0.528,-0.526,0.633,0.063,-0.05,0.675,0.736,0.152,-0.617,-0.426,-0.682,-0.033,0.589,0.029,-0.349,0.792,-0.572,0.717,0.676,0.527,0.562,0.78,0.74,0.639,0.436,0.555,-0.376,-0.559,0.315,0.482
INTC,0.075,-0.349,0.091,0.359,0.353,0.116,0.396,-0.052,0.297,-0.248,-0.048,0.457,0.041,0.345,0.42,-0.316,-0.173,0.229,-0.095,0.004,0.373,0.065,-0.002,0.216,0.459,0.544,0.131,0.343,0.34,0.293,-0.375,-0.12,-0.14,-0.317,0.398,0.219,1.0,0.201,0.143,0.467,0.126,-0.029,-0.448,0.47,0.395,0.201,0.048,-0.494,0.171,0.156,-0.32,0.318,0.071,0.307,-0.109,-0.013,0.206,0.201,0.152,0.258,-0.062,0.334,0.407,0.268,0.253,-0.156,0.032,-0.233,0.297,-0.095,-0.303,0.017,0.324,0.06,-0.213,0.517,0.06,0.277,-0.088,0.282,-0.132,-0.054,0.517,0.117,-0.331,0.087,-0.208,0.007,-0.062,0.049,0.189,0.304,0.261,0.107,0.159,0.084,-0.223,0.003,0.046,-0.125
IOVA,0.607,-0.65,0.5,0.746,0.446,0.561,-0.009,0.032,0.54,0.391,0.202,0.314,0.625,0.165,0.624,-0.272,0.472,0.044,-0.653,0.72,-0.149,0.67,0.552,0.854,0.358,0.521,-0.011,0.578,0.16,-0.164,-0.501,-0.64,-0.636,-0.593,0.643,0.828,0.201,1.0,0.546,0.159,0.197,-0.65,-0.256,0.602,0.429,0.412,0.185,-0.166,0.607,0.304,0.239,0.303,0.091,0.55,0.504,-0.557,0.57,0.647,0.694,0.746,-0.385,0.812,-0.152,-0.121,0.725,-0.637,-0.501,-0.788,-0.114,-0.633,-0.523,-0.71,0.649,0.035,-0.122,0.662,0.845,0.282,-0.659,-0.6,-0.687,-0.029,0.529,0.056,-0.457,0.814,-0.695,0.754,0.589,0.573,0.663,0.723,0.86,0.512,0.58,0.648,-0.559,-0.703,0.199,0.394
IQ,0.59,-0.484,0.621,0.535,0.439,0.294,0.174,0.081,0.369,0.234,0.25,0.568,0.552,0.27,0.634,-0.345,0.418,-0.013,-0.648,0.476,-0.024,0.81,0.36,0.592,0.512,0.394,0.13,0.347,0.326,0.135,-0.569,-0.479,-0.504,-0.517,0.631,0.607,0.143,0.546,1.0,0.274,0.433,-0.491,-0.471,0.486,0.508,0.533,0.086,-0.369,0.554,0.51,0.047,0.23,-0.041,0.671,0.348,-0.211,0.599,0.659,0.559,0.472,-0.257,0.535,0.069,-0.018,0.552,-0.538,-0.411,-0.504,0.183,-0.595,-0.563,-0.373,0.58,0.323,-0.031,0.499,0.737,0.4,-0.639,-0.283,-0.67,-0.094,0.406,0.259,-0.48,0.595,-0.418,0.489,0.666,0.679,0.565,0.558,0.494,0.546,0.57,0.291,-0.362,-0.437,0.217,0.456
JBLU,0.138,-0.477,0.118,0.404,0.063,-0.053,0.191,-0.108,0.067,-0.159,0.041,0.455,0.162,0.657,0.422,-0.445,-0.252,0.224,-0.33,-0.007,0.199,0.048,-0.132,0.344,0.25,0.63,0.09,0.459,0.396,0.438,-0.47,-0.287,-0.272,-0.436,0.54,0.145,0.467,0.159,0.274,1.0,0.255,-0.145,-0.533,0.473,0.651,0.491,-0.343,-0.602,0.203,-0.001,-0.499,-0.055,-0.267,0.287,-0.215,-0.246,0.311,0.331,0.102,0.2,-0.191,0.383,0.242,0.153,0.357,-0.266,-0.095,-0.352,0.478,-0.32,-0.45,-0.265,0.449,0.314,-0.287,0.404,0.156,0.584,-0.262,0.148,-0.276,-0.158,0.492,0.342,-0.476,0.175,-0.133,0.156,0.132,0.248,0.397,0.075,0.309,0.349,0.342,0.093,-0.373,-0.146,-0.272,-0.135
JD,0.22,-0.096,0.168,0.228,-0.098,-0.134,0.255,-0.344,-0.069,0.266,0.688,0.664,0.204,0.349,0.296,-0.203,-0.241,-0.114,-0.365,0.114,-0.283,0.01,-0.014,0.295,-0.029,0.176,-0.184,0.254,-0.087,-0.063,-0.173,0.009,-0.029,-0.277,0.347,0.098,0.126,0.197,0.433,0.255,1.0,-0.068,-0.15,0.166,0.416,0.187,-0.282,-0.149,0.099,-0.242,-0.057,-0.27,-0.373,0.025,-0.186,-0.475,0.162,0.344,0.237,0.081,-0.178,0.352,-0.153,-0.043,0.256,-0.317,-0.355,-0.16,0.478,-0.528,-0.229,-0.411,0.401,-0.023,-0.01,0.124,0.293,0.318,-0.382,-0.096,-0.284,0.02,0.23,0.381,-0.447,0.38,-0.071,0.148,0.014,0.451,0.38,0.032,0.286,0.012,0.598,0.247,-0.092,-0.017,-0.318,-0.314
KDP,-0.608,0.617,-0.643,-0.654,-0.497,-0.716,0.324,-0.162,-0.575,-0.491,-0.057,-0.231,-0.658,-0.099,-0.287,-0.005,-0.558,-0.001,0.414,-0.636,-0.029,-0.634,-0.541,-0.644,-0.445,-0.556,-0.257,-0.558,-0.251,0.042,0.272,0.669,0.652,0.463,-0.557,-0.626,-0.029,-0.65,-0.491,-0.145,-0.068,1.0,0.21,-0.625,-0.394,-0.46,-0.384,0.223,-0.732,-0.378,-0.274,-0.485,-0.263,-0.633,-0.582,0.381,-0.695,-0.631,-0.654,-0.693,0.289,-0.397,-0.048,0.239,-0.643,0.506,0.491,0.64,0.264,0.494,0.467,0.634,-0.5,-0.231,-0.157,-0.644,-0.627,-0.267,0.574,0.7,0.57,0.134,-0.498,0.007,0.195,-0.571,0.552,-0.628,-0.728,-0.512,-0.518,-0.592,-0.601,-0.613,-0.329,-0.227,0.629,0.79,-0.339,-0.562
KHC,-0.269,0.576,-0.159,-0.455,-0.322,-0.137,-0.159,-0.236,-0.256,0.253,0.01,-0.445,-0.2,-0.505,-0.499,0.602,-0.136,-0.464,0.466,-0.198,-0.474,-0.335,0.004,-0.203,-0.283,-0.579,-0.361,-0.28,-0.491,-0.469,0.643,0.302,0.298,0.657,-0.386,-0.284,-0.448,-0.256,-0.471,-0.533,-0.15,0.21,1.0,-0.501,-0.452,-0.593,0.282,0.784,-0.421,-0.251,0.395,-0.205,0.066,-0.493,-0.062,0.054,-0.39,-0.509,-0.295,-0.396,0.216,-0.395,-0.43,-0.326,-0.441,0.14,-0.088,0.398,-0.469,0.227,0.644,0.11,-0.367,-0.529,0.308,-0.508,-0.281,-0.556,0.217,-0.162,0.325,0.162,-0.557,-0.194,0.272,-0.346,0.309,-0.081,-0.335,-0.501,-0.47,-0.152,-0.308,-0.233,-0.254,0.023,0.397,0.23,-0.073,-0.322
LRCX,0.558,-0.627,0.548,0.895,0.634,0.654,0.009,0.151,0.708,0.149,0.081,0.51,0.531,0.421,0.606,-0.381,0.292,0.226,-0.451,0.521,0.23,0.512,0.485,0.647,0.579,0.851,0.199,0.739,0.495,0.309,-0.513,-0.518,-0.537,-0.56,0.733,0.611,0.47,0.602,0.486,0.473,0.166,-0.625,-0.501,1.0,0.604,0.583,0.244,-0.5,0.729,0.342,-0.002,0.57,0.335,0.658,0.372,-0.316,0.721,0.675,0.606,0.703,-0.357,0.525,0.355,-0.075,0.764,-0.466,-0.458,-0.729,0.083,-0.526,-0.535,-0.49,0.657,0.341,-0.193,0.892,0.526,0.509,-0.531,-0.349,-0.612,0.034,0.754,0.234,-0.286,0.525,-0.557,0.603,0.549,0.498,0.697,0.688,0.709,0.494,0.411,0.296,-0.663,-0.649,0.277,0.298
LYFT,0.291,-0.608,0.485,0.674,0.267,0.201,0.33,-0.105,0.275,0.226,0.172,0.469,0.32,0.681,0.591,-0.414,0.05,0.126,-0.451,0.321,0.185,0.334,0.192,0.538,0.462,0.74,-0.03,0.504,0.16,0.193,-0.571,-0.549,-0.531,-0.477,0.768,0.465,0.395,0.429,0.508,0.651,0.416,-0.394,-0.452,0.604,1.0,0.484,0.013,-0.493,0.503,0.063,-0.115,0.051,-0.176,0.44,0.05,-0.504,0.742,0.619,0.394,0.383,-0.123,0.624,0.099,-0.028,0.506,-0.425,-0.347,-0.569,0.303,-0.493,-0.619,-0.52,0.828,0.105,-0.192,0.562,0.523,0.538,-0.503,-0.145,-0.507,-0.305,0.681,0.587,-0.508,0.447,-0.299,0.296,0.352,0.537,0.686,0.373,0.462,0.593,0.608,0.185,-0.441,-0.311,-0.081,0.047
MARA,0.47,-0.451,0.324,0.576,0.203,0.179,-0.125,0.309,0.248,-0.047,0.277,0.324,0.338,0.691,0.45,-0.476,0.245,0.378,-0.463,0.254,0.109,0.514,0.138,0.412,0.244,0.652,0.204,0.377,0.645,0.408,-0.64,-0.296,-0.309,-0.666,0.516,0.301,0.201,0.412,0.533,0.491,0.187,-0.46,-0.593,0.583,0.484,1.0,-0.243,-0.639,0.354,0.189,-0.286,0.185,-0.045,0.733,0.24,-0.037,0.469,0.673,0.48,0.344,-0.413,0.395,0.183,0.199,0.486,-0.279,-0.134,-0.402,0.155,-0.356,-0.549,-0.357,0.397,0.566,-0.272,0.579,0.581,0.918,-0.434,-0.177,-0.398,-0.088,0.408,0.284,-0.301,0.423,-0.498,0.3,0.527,0.537,0.49,0.261,0.484,0.301,0.493,0.097,-0.616,-0.458,0.003,0.422
MCHP,0.267,-0.076,0.541,0.195,0.55,0.596,-0.153,0.128,0.605,0.259,-0.259,-0.057,0.256,-0.448,-0.01,0.299,0.394,-0.167,0.172,0.264,0.037,0.308,0.599,0.132,0.543,0.079,0.08,0.219,-0.008,-0.144,0.092,-0.224,-0.228,0.271,0.245,0.386,0.048,0.185,0.086,-0.343,-0.282,-0.384,0.282,0.244,0.013,-0.243,1.0,0.217,0.463,0.405,0.395,0.591,0.605,0.225,0.524,0.006,0.394,0.037,0.265,0.339,-0.017,-0.117,0.285,-0.229,0.081,-0.193,-0.312,-0.219,-0.495,0.012,-0.053,-0.026,0.126,-0.117,0.217,0.295,0.111,-0.407,-0.148,-0.384,-0.15,0.078,0.148,-0.125,0.189,0.01,-0.144,0.247,0.248,0.021,-0.055,0.59,0.172,0.372,-0.188,0.035,-0.148,-0.344,0.612,0.297
MDLZ,-0.167,0.574,-0.077,-0.425,-0.223,-0.051,-0.093,-0.166,-0.266,0.237,0.012,-0.486,-0.174,-0.542,-0.415,0.488,-0.0,-0.399,0.304,-0.052,-0.422,-0.229,0.094,-0.132,-0.26,-0.688,-0.379,-0.257,-0.557,-0.498,0.601,0.288,0.303,0.648,-0.345,-0.144,-0.494,-0.166,-0.369,-0.602,-0.149,0.223,0.784,-0.5,-0.493,-0.639,0.217,1.0,-0.303,-0.16,0.511,-0.242,0.115,-0.533,0.047,0.035,-0.373,-0.441,-0.21,-0.289,0.352,-0.293,-0.44,-0.351,-0.366,0.175,-0.038,0.359,-0.42,0.128,0.613,0.091,-0.299,-0.491,0.219,-0.539,-0.232,-0.621,0.202,-0.126,0.24,0.124,-0.563,-0.246,0.326,-0.218,0.315,0.051,-0.182,-0.347,-0.4,-0.09,-0.184,-0.16,-0.201,0.038,0.465,0.213,-0.04,-0.16
META,0.602,-0.599,0.717,0.71,0.702,0.77,-0.118,0.116,0.719,0.337,-0.054,0.332,0.64,0.105,0.473,-0.221,0.506,0.094,-0.452,0.674,0.187,0.593,0.606,0.596,0.584,0.638,0.272,0.72,0.288,0.17,-0.424,-0.595,-0.597,-0.48,0.664,0.713,0.171,0.607,0.554,0.203,0.099,-0.732,-0.421,0.729,0.503,0.354,0.463,-0.303,1.0,0.422,0.224,0.539,0.419,0.58,0.495,-0.416,0.811,0.636,0.61,0.79,-0.324,0.433,0.359,-0.18,0.692,-0.525,-0.538,-0.716,0.017,-0.502,-0.55,-0.516,0.614,0.331,-0.03,0.732,0.568,0.195,-0.55,-0.512,-0.623,-0.058,0.696,0.074,-0.232,0.555,-0.544,0.62,0.678,0.623,0.596,0.707,0.657,0.623,0.3,0.284,-0.548,-0.707,0.399,0.426
MNST,0.532,-0.209,0.426,0.333,0.707,0.423,-0.122,0.268,0.547,-0.006,-0.378,0.043,0.39,-0.255,0.19,0.049,0.586,0.166,-0.113,0.331,0.363,0.658,0.312,0.283,0.562,0.163,0.342,0.065,0.262,0.13,-0.217,-0.306,-0.322,-0.247,0.354,0.447,0.156,0.304,0.51,-0.001,-0.242,-0.378,-0.251,0.342,0.063,0.189,0.405,-0.16,0.422,1.0,0.168,0.596,0.374,0.623,0.538,0.277,0.414,0.297,0.291,0.42,-0.059,0.086,0.238,-0.085,0.16,-0.112,-0.084,-0.214,-0.283,-0.044,-0.297,0.055,0.193,0.249,0.158,0.44,0.313,-0.089,-0.148,-0.285,-0.214,-0.016,0.288,-0.101,0.036,0.213,-0.333,0.349,0.507,0.257,0.17,0.583,0.25,0.501,-0.084,-0.107,-0.294,-0.374,0.658,0.643
MRNA,0.261,0.076,0.212,0.063,0.278,0.378,-0.057,0.038,0.334,0.608,0.062,-0.267,0.179,-0.462,0.007,0.419,0.393,-0.194,0.022,0.458,-0.205,0.222,0.332,0.182,0.08,-0.2,-0.041,-0.074,-0.421,-0.455,0.283,-0.196,-0.208,0.209,0.001,0.356,-0.32,0.239,0.047,-0.499,-0.057,-0.274,0.395,-0.002,-0.115,-0.286,0.395,0.511,0.224,0.168,1.0,0.279,0.263,-0.018,0.423,-0.253,0.143,-0.045,0.34,0.276,0.262,-0.056,-0.378,-0.504,0.091,-0.166,-0.28,-0.153,-0.516,-0.137,0.304,-0.156,0.11,-0.338,0.462,0.072,0.217,-0.423,-0.164,-0.356,-0.18,0.008,-0.018,-0.17,0.213,0.213,-0.111,0.319,0.241,-0.035,-0.021,0.273,0.155,0.155,0.006,0.23,0.088,-0.226,0.354,0.193
MRVL,0.522,-0.322,0.409,0.428,0.787,0.627,-0.209,0.314,0.859,0.081,-0.306,0.135,0.301,-0.213,0.188,0.078,0.497,0.165,-0.019,0.364,0.318,0.448,0.373,0.202,0.583,0.391,0.407,0.218,0.358,0.089,-0.141,-0.323,-0.356,-0.209,0.347,0.424,0.318,0.303,0.23,-0.055,-0.27,-0.485,-0.205,0.57,0.051,0.185,0.591,-0.242,0.539,0.596,0.279,1.0,0.573,0.614,0.641,0.085,0.5,0.324,0.403,0.533,-0.065,-0.007,0.382,-0.151,0.341,-0.199,-0.227,-0.368,-0.344,-0.069,-0.183,-0.002,0.162,0.178,0.162,0.681,0.18,-0.038,-0.206,-0.351,-0.25,0.023,0.409,-0.213,0.138,0.158,-0.429,0.259,0.424,0.095,0.128,0.616,0.344,0.359,-0.153,-0.008,-0.409,-0.472,0.795,0.523
MSFT,0.333,0.206,0.27,0.223,0.481,0.664,-0.266,0.368,0.551,-0.111,-0.18,-0.076,0.22,-0.27,-0.088,0.039,0.348,0.298,0.297,0.27,0.259,0.141,0.553,0.047,0.32,0.086,0.413,0.268,0.179,0.191,0.035,0.125,0.12,0.214,0.06,0.266,0.071,0.091,-0.041,-0.267,-0.373,-0.263,0.066,0.335,-0.176,-0.045,0.605,0.115,0.419,0.374,0.263,0.573,1.0,0.127,0.354,0.297,0.151,-0.014,0.162,0.387,-0.223,-0.237,0.489,-0.033,-0.006,0.104,-0.01,-0.087,-0.213,0.204,0.023,0.048,-0.026,0.22,-0.019,0.298,-0.062,-0.17,0.157,-0.126,0.077,0.492,0.219,-0.107,0.397,0.02,-0.002,0.231,0.172,0.023,-0.066,0.446,0.226,-0.023,-0.277,-0.008,-0.033,-0.29,0.387,0.257
MSTR,0.656,-0.613,0.572,0.651,0.651,0.459,-0.156,0.258,0.636,0.125,-0.065,0.319,0.428,0.264,0.497,-0.255,0.561,0.158,-0.456,0.456,0.216,0.827,0.309,0.512,0.647,0.628,0.221,0.36,0.541,0.171,-0.587,-0.504,-0.521,-0.621,0.692,0.579,0.307,0.55,0.671,0.287,0.025,-0.633,-0.493,0.658,0.44,0.733,0.225,-0.533,0.58,0.623,-0.018,0.614,0.127,1.0,0.616,-0.076,0.691,0.761,0.587,0.572,-0.301,0.401,0.174,-0.057,0.553,-0.468,-0.356,-0.528,-0.169,-0.425,-0.619,-0.318,0.467,0.332,-0.044,0.767,0.674,0.511,-0.567,-0.449,-0.54,-0.233,0.523,0.056,-0.302,0.471,-0.681,0.44,0.715,0.507,0.487,0.636,0.539,0.605,0.339,0.114,-0.682,-0.6,0.5,0.679
MU,0.618,-0.359,0.55,0.426,0.648,0.62,-0.394,0.335,0.718,0.298,-0.068,0.013,0.445,-0.257,0.186,0.154,0.79,0.01,-0.267,0.565,-0.062,0.64,0.494,0.388,0.488,0.151,0.21,0.186,0.212,-0.158,-0.12,-0.411,-0.39,-0.191,0.426,0.551,-0.109,0.504,0.348,-0.215,-0.186,-0.582,-0.062,0.372,0.05,0.24,0.524,0.047,0.495,0.538,0.423,0.641,0.354,0.616,1.0,-0.109,0.523,0.445,0.612,0.569,-0.215,0.138,-0.027,-0.278,0.285,-0.334,-0.326,-0.398,-0.541,-0.304,-0.329,-0.25,0.194,0.106,0.211,0.471,0.455,-0.031,-0.384,-0.628,-0.426,-0.155,0.231,-0.195,0.03,0.445,-0.518,0.488,0.699,0.278,0.2,0.696,0.426,0.505,0.1,0.092,-0.438,-0.614,0.772,0.778
MVIS,-0.236,0.567,-0.261,-0.418,-0.022,-0.23,-0.086,0.449,-0.198,-0.575,-0.3,-0.34,-0.359,-0.202,-0.417,0.181,0.007,0.274,0.519,-0.466,0.355,-0.136,-0.223,-0.57,-0.055,-0.409,0.263,-0.508,0.253,0.352,0.26,0.481,0.466,0.334,-0.468,-0.437,-0.013,-0.557,-0.211,-0.246,-0.475,0.381,0.054,-0.316,-0.504,-0.037,0.006,0.035,-0.416,0.277,-0.253,0.085,0.297,-0.076,-0.109,1.0,-0.418,-0.434,-0.419,-0.402,0.147,-0.585,0.358,0.342,-0.595,0.683,0.63,0.657,-0.061,0.678,0.261,0.762,-0.595,0.251,0.049,-0.321,-0.5,-0.12,0.635,0.448,0.569,0.14,-0.366,-0.088,0.496,-0.592,0.403,-0.451,-0.233,-0.408,-0.535,-0.26,-0.532,-0.321,-0.546,-0.558,0.354,0.435,0.184,0.178
NFLX,0.56,-0.651,0.731,0.759,0.646,0.543,-0.021,0.073,0.649,0.364,-0.034,0.319,0.496,0.328,0.519,-0.19,0.448,0.061,-0.47,0.534,0.192,0.635,0.409,0.598,0.641,0.703,0.18,0.547,0.288,0.103,-0.452,-0.704,-0.707,-0.547,0.797,0.63,0.206,0.57,0.599,0.311,0.162,-0.695,-0.39,0.721,0.742,0.469,0.394,-0.373,0.811,0.414,0.143,0.5,0.151,0.691,0.523,-0.418,1.0,0.756,0.586,0.616,-0.224,0.503,0.19,-0.196,0.608,-0.465,-0.514,-0.661,-0.06,-0.507,-0.656,-0.481,0.74,0.216,0.023,0.741,0.631,0.325,-0.596,-0.514,-0.623,-0.321,0.69,0.279,-0.355,0.503,-0.568,0.498,0.704,0.599,0.677,0.656,0.559,0.744,0.406,0.172,-0.667,-0.653,0.431,0.494
NNDM,0.675,-0.657,0.618,0.775,0.391,0.39,0.074,0.091,0.448,0.272,0.1,0.488,0.455,0.469,0.624,-0.408,0.361,0.134,-0.638,0.436,0.124,0.644,0.35,0.637,0.502,0.692,0.114,0.498,0.362,0.154,-0.62,-0.528,-0.517,-0.626,0.745,0.558,0.201,0.647,0.659,0.331,0.344,-0.631,-0.509,0.675,0.619,0.673,0.037,-0.441,0.636,0.297,-0.045,0.324,-0.014,0.761,0.445,-0.434,0.756,1.0,0.536,0.521,-0.331,0.667,0.035,-0.041,0.698,-0.486,-0.451,-0.678,0.114,-0.635,-0.681,-0.621,0.743,0.337,-0.158,0.733,0.704,0.572,-0.63,-0.475,-0.615,-0.17,0.583,0.376,-0.41,0.6,-0.558,0.487,0.669,0.835,0.794,0.555,0.679,0.503,0.533,0.284,-0.63,-0.622,0.162,0.47
NVAX,0.573,-0.533,0.562,0.659,0.553,0.61,-0.085,0.151,0.612,0.386,0.486,0.345,0.633,0.17,0.591,-0.274,0.559,0.039,-0.555,0.773,-0.196,0.639,0.475,0.628,0.387,0.465,0.074,0.515,0.294,-0.071,-0.466,-0.471,-0.493,-0.539,0.545,0.724,0.152,0.694,0.559,0.102,0.237,-0.654,-0.295,0.606,0.394,0.48,0.265,-0.21,0.61,0.291,0.34,0.403,0.162,0.587,0.612,-0.419,0.586,0.536,1.0,0.738,-0.415,0.47,-0.011,-0.124,0.571,-0.643,-0.466,-0.612,-0.168,-0.58,-0.442,-0.545,0.503,0.096,-0.055,0.607,0.748,0.381,-0.644,-0.428,-0.671,-0.063,0.491,-0.045,-0.397,0.762,-0.665,0.604,0.642,0.444,0.48,0.646,0.647,0.456,0.624,0.384,-0.503,-0.628,0.315,0.431
NVDA,0.674,-0.614,0.496,0.687,0.747,0.792,-0.168,0.296,0.792,0.242,0.066,0.353,0.701,0.053,0.502,-0.269,0.635,0.242,-0.456,0.822,0.12,0.58,0.552,0.62,0.544,0.567,0.302,0.628,0.318,0.06,-0.458,-0.591,-0.589,-0.541,0.622,0.832,0.258,0.746,0.472,0.2,0.081,-0.693,-0.396,0.703,0.383,0.344,0.339,-0.289,0.79,0.42,0.276,0.533,0.387,0.572,0.569,-0.402,0.616,0.521,0.738,1.0,-0.454,0.487,0.235,-0.161,0.591,-0.543,-0.364,-0.725,-0.025,-0.458,-0.557,-0.49,0.501,0.248,-0.073,0.753,0.596,0.172,-0.521,-0.463,-0.593,-0.025,0.729,-0.016,-0.257,0.748,-0.549,0.618,0.639,0.487,0.504,0.71,0.735,0.52,0.29,0.402,-0.474,-0.651,0.381,0.462
NWL,-0.364,0.192,-0.203,-0.401,-0.186,-0.33,0.23,-0.204,-0.311,0.088,-0.308,-0.353,-0.458,-0.161,-0.305,0.324,-0.234,-0.156,0.197,-0.316,0.131,-0.232,-0.22,-0.294,-0.143,-0.332,-0.214,-0.474,-0.421,-0.192,0.362,0.051,0.063,0.432,-0.296,-0.296,-0.062,-0.385,-0.257,-0.191,-0.178,0.289,0.216,-0.357,-0.123,-0.413,-0.017,0.352,-0.324,-0.059,0.262,-0.065,-0.223,-0.301,-0.215,0.147,-0.224,-0.331,-0.415,-0.454,1.0,-0.257,-0.191,-0.114,-0.219,0.3,0.193,0.34,-0.136,0.172,0.493,0.326,-0.175,-0.352,0.217,-0.33,-0.328,-0.363,0.233,0.198,0.182,-0.253,-0.356,-0.098,0.342,-0.456,0.339,-0.375,-0.272,-0.378,-0.303,-0.295,-0.42,-0.041,-0.281,-0.229,0.344,0.424,0.026,-0.131
OCGN,0.335,-0.681,0.402,0.716,0.202,0.23,0.355,-0.118,0.214,0.287,0.185,0.428,0.407,0.457,0.743,-0.446,0.174,-0.019,-0.734,0.484,-0.022,0.495,0.28,0.726,0.262,0.544,-0.212,0.505,0.097,-0.095,-0.612,-0.608,-0.59,-0.598,0.598,0.619,0.334,0.812,0.535,0.383,0.352,-0.397,-0.395,0.525,0.624,0.395,-0.117,-0.293,0.433,0.086,-0.056,-0.007,-0.237,0.401,0.138,-0.585,0.503,0.667,0.47,0.487,-0.257,1.0,-0.202,0.003,0.7,-0.559,-0.402,-0.689,0.247,-0.633,-0.569,-0.669,0.78,-0.016,-0.267,0.499,0.732,0.403,-0.602,-0.302,-0.639,-0.191,0.513,0.323,-0.661,0.684,-0.494,0.531,0.4,0.591,0.81,0.497,0.678,0.468,0.697,0.552,-0.408,-0.394,-0.125,0.125
