,AAL,AAPL,AGNC,AMAT,AMD,AMZN,APA,ARDX,AVGO,AZN,BIDU,BILI,BKR,CAN,CHRD,CMCSA,CPRT,CRWD,CSCO,CSX,DKNG,EBAY,ERIC,EXC,FITB,FLEX,FTNT,GEN,GERN,GEVO,GILD,GOOG,GOOGL,GT,HBAN,HST,INTC,IOVA,IQ,JBLU,JD,KDP,KHC,LRCX,LYFT,MARA,MCHP,MDLZ,META,MNST,MRNA,MRVL,MSFT,MSTR,MU,MVIS,NFLX,NNDM,NVAX,NVDA,NWL,OCGN,ON,OPK,PAA,PACB,PANW,PARA,PDD,PENN,PEP,PLUG,PTEN,PTON,PYPL,QCOM,QVCGA,RIOT,ROKU,RUN,SABR,SBUX,SMCI,SNDL,STNE,TCOM,TLRY,TMUS,TSCO,TSLA,TTD,TXN,UAL,VOD,VTRS,VXRT,WBA,WBD,WDC,ZM
AAL,1.0,-0.442,-0.322,-0.274,0.361,-0.259,0.379,0.385,-0.323,-0.219,0.468,-0.397,-0.031,-0.193,0.474,0.148,0.007,-0.226,0.083,0.391,-0.049,0.022,-0.084,0.299,0.415,0.333,0.366,0.252,-0.472,0.514,-0.139,-0.162,-0.136,0.416,0.369,0.32,0.079,0.692,0.645,-0.095,0.521,-0.195,0.484,-0.268,0.282,0.316,0.603,0.364,-0.411,0.397,0.617,0.429,-0.147,0.301,-0.342,0.367,-0.198,0.333,-0.039,-0.432,0.45,0.379,0.15,0.283,0.172,0.251,0.078,0.268,0.6,-0.426,0.524,0.393,0.478,-0.443,-0.072,-0.118,0.262,0.06,0.152,-0.115,0.337,-0.342,0.106,0.531,0.465,0.471,0.521,-0.577,0.05,-0.229,-0.25,0.576,0.229,-0.051,0.078,0.393,0.165,0.097,-0.144,0.281
AAPL,-0.442,1.0,0.678,0.828,-0.633,0.547,-0.503,-0.513,0.835,0.279,-0.667,0.52,0.102,0.603,-0.691,-0.465,0.448,0.777,-0.117,-0.403,0.552,0.209,-0.37,-0.525,-0.344,-0.615,0.206,-0.354,0.609,-0.634,0.39,0.599,0.578,-0.486,-0.575,0.206,0.326,-0.318,-0.666,0.294,-0.556,0.152,-0.625,0.828,-0.587,-0.221,-0.621,-0.542,0.755,-0.72,-0.583,-0.011,0.743,-0.544,0.802,-0.638,0.597,-0.691,-0.372,0.67,-0.469,-0.51,-0.057,-0.525,-0.136,-0.309,0.605,-0.599,-0.234,0.757,-0.498,-0.583,-0.455,0.504,-0.287,0.619,-0.479,0.416,-0.465,-0.163,-0.56,0.199,0.332,-0.715,-0.628,-0.552,-0.628,0.442,0.41,0.563,0.645,-0.1,-0.375,-0.362,-0.184,-0.659,-0.081,-0.505,0.663,-0.536
AGNC,-0.322,0.678,1.0,0.5,-0.479,0.379,-0.396,-0.314,0.548,0.589,-0.599,0.564,-0.006,0.221,-0.666,-0.073,0.548,0.414,0.043,-0.331,0.364,0.442,0.12,-0.312,-0.259,-0.557,0.054,-0.106,0.48,-0.613,0.356,0.433,0.424,-0.332,-0.43,0.247,0.186,-0.498,-0.508,0.516,-0.239,0.416,-0.474,0.527,-0.415,-0.23,-0.598,-0.264,0.629,-0.468,-0.387,-0.411,0.448,-0.337,0.489,-0.479,0.387,-0.536,0.023,0.601,-0.348,-0.287,-0.009,-0.376,-0.065,-0.148,0.245,-0.349,-0.404,0.715,-0.367,-0.511,-0.474,0.699,-0.049,0.352,-0.396,0.042,-0.17,0.052,-0.38,0.508,0.089,-0.501,-0.549,-0.48,-0.47,0.606,-0.082,0.411,0.398,-0.214,-0.024,0.033,-0.013,-0.396,0.285,-0.187,0.348,-0.334
AMAT,-0.274,0.828,0.5,1.0,-0.498,0.686,-0.434,-0.556,0.856,0.244,-0.609,0.492,0.162,0.728,-0.566,-0.51,0.669,0.866,-0.059,-0.187,0.721,0.287,-0.428,-0.577,-0.409,-0.472,0.314,-0.367,0.525,-0.508,0.482,0.674,0.662,-0.544,-0.634,0.239,0.526,-0.309,-0.62,0.319,-0.54,0.203,-0.556,0.949,-0.659,-0.138,-0.463,-0.485,0.824,-0.672,-0.406,0.261,0.898,-0.491,0.902,-0.597,0.773,-0.605,-0.367,0.805,-0.476,-0.518,-0.111,-0.555,-0.005,-0.307,0.796,-0.728,-0.148,0.743,-0.415,-0.547,-0.39,0.424,-0.332,0.77,-0.449,0.488,-0.607,-0.326,-0.569,0.136,0.548,-0.721,-0.673,-0.378,-0.647,0.39,0.56,0.456,0.634,0.134,-0.41,-0.32,-0.342,-0.66,0.062,-0.511,0.759,-0.498
AMD,0.361,-0.633,-0.479,-0.498,1.0,-0.26,0.524,0.528,-0.579,-0.126,0.654,-0.302,0.133,-0.376,0.556,0.539,-0.274,-0.491,0.232,0.48,-0.44,-0.04,0.33,0.58,0.487,0.644,0.005,0.501,-0.575,0.652,-0.088,-0.259,-0.249,0.542,0.654,-0.075,-0.038,0.396,0.554,-0.22,0.419,-0.064,0.625,-0.468,0.519,0.4,0.564,0.565,-0.455,0.582,0.588,0.187,-0.464,0.452,-0.496,0.633,-0.427,0.645,0.331,-0.465,0.545,0.561,0.292,0.509,0.092,0.407,-0.367,0.558,0.188,-0.403,0.602,0.568,0.62,-0.465,0.302,-0.3,0.539,-0.163,0.433,0.242,0.558,-0.154,-0.127,0.579,0.669,0.559,0.511,-0.254,-0.166,-0.435,-0.291,0.355,0.315,0.296,0.33,0.483,0.081,0.513,-0.41,0.579
AMZN,-0.259,0.547,0.379,0.686,-0.26,1.0,-0.184,-0.396,0.543,0.335,-0.477,0.386,0.255,0.446,-0.48,-0.191,0.57,0.766,0.086,-0.085,0.504,0.157,-0.178,-0.43,-0.411,-0.445,0.179,-0.143,0.565,-0.382,0.618,0.859,0.836,-0.425,-0.513,0.346,0.535,-0.248,-0.595,0.255,-0.505,0.117,-0.347,0.687,-0.445,-0.276,-0.441,-0.139,0.812,-0.385,-0.187,0.088,0.728,-0.274,0.582,-0.354,0.529,-0.402,-0.148,0.509,-0.273,-0.358,-0.032,-0.482,0.283,-0.161,0.638,-0.445,-0.291,0.645,-0.285,-0.548,-0.161,0.203,0.098,0.325,-0.26,0.064,-0.22,-0.155,-0.386,0.14,0.235,-0.584,-0.458,-0.32,-0.514,0.435,0.199,0.177,0.378,0.258,-0.243,-0.263,0.04,-0.33,0.122,-0.205,0.392,-0.035
APA,0.379,-0.503,-0.396,-0.434,0.524,-0.184,1.0,0.612,-0.549,-0.112,0.561,-0.457,0.358,-0.315,0.763,0.622,-0.178,-0.396,0.246,0.599,-0.508,0.07,0.383,0.694,0.623,0.648,0.114,0.618,-0.416,0.805,-0.183,-0.221,-0.209,0.659,0.559,0.23,0.141,0.548,0.682,-0.086,0.471,-0.136,0.674,-0.482,0.503,0.144,0.618,0.7,-0.361,0.553,0.571,0.171,-0.395,0.505,-0.525,0.828,-0.422,0.779,0.196,-0.587,0.782,0.62,0.451,0.7,0.236,0.52,-0.256,0.626,0.278,-0.281,0.454,0.662,0.845,-0.291,0.404,-0.413,0.655,-0.231,0.663,0.522,0.821,-0.083,-0.395,0.672,0.598,0.491,0.651,-0.205,-0.094,-0.46,-0.537,0.439,0.604,0.332,0.713,0.66,0.307,0.722,-0.325,0.679
ARDX,0.385,-0.513,-0.314,-0.556,0.528,-0.396,0.612,1.0,-0.615,0.06,0.64,-0.504,-0.103,-0.525,0.458,0.603,-0.415,-0.473,0.095,0.213,-0.608,-0.032,0.309,0.718,0.455,0.735,0.27,0.78,-0.433,0.616,-0.382,-0.301,-0.322,0.769,0.569,0.136,-0.212,0.498,0.654,-0.289,0.741,-0.057,0.674,-0.612,0.653,0.342,0.63,0.575,-0.36,0.555,0.706,-0.043,-0.601,0.55,-0.535,0.75,-0.605,0.663,0.49,-0.537,0.82,0.832,0.608,0.669,-0.16,0.644,-0.379,0.589,0.428,-0.494,0.529,0.661,0.655,-0.305,0.395,-0.315,0.68,-0.219,0.574,0.504,0.678,0.088,-0.448,0.77,0.669,0.54,0.598,-0.258,-0.367,-0.572,-0.413,0.299,0.589,0.175,0.596,0.545,0.114,0.658,-0.361,0.733
AVGO,-0.323,0.835,0.548,0.856,-0.579,0.543,-0.549,-0.615,1.0,0.054,-0.603,0.626,0.055,0.712,-0.669,-0.544,0.506,0.733,-0.117,-0.25,0.649,0.178,-0.519,-0.535,-0.39,-0.605,0.233,-0.482,0.434,-0.547,0.448,0.534,0.505,-0.62,-0.561,0.057,0.316,-0.34,-0.598,0.213,-0.609,0.153,-0.613,0.879,-0.693,-0.269,-0.605,-0.553,0.671,-0.802,-0.571,0.206,0.814,-0.532,0.895,-0.614,0.783,-0.664,-0.511,0.65,-0.557,-0.587,-0.235,-0.664,-0.091,-0.463,0.652,-0.703,-0.213,0.675,-0.481,-0.663,-0.498,0.355,-0.449,0.741,-0.585,0.407,-0.579,-0.478,-0.613,0.063,0.676,-0.713,-0.661,-0.51,-0.713,0.251,0.552,0.707,0.581,-0.134,-0.526,-0.428,-0.452,-0.57,-0.092,-0.602,0.679,-0.613
AZN,-0.219,0.279,0.589,0.244,-0.126,0.335,-0.112,0.06,0.054,1.0,-0.255,0.093,-0.132,-0.023,-0.409,0.214,0.441,0.219,0.047,-0.305,0.129,0.322,0.47,-0.056,-0.242,-0.18,0.215,0.249,0.454,-0.353,0.11,0.325,0.338,0.017,-0.266,0.243,0.166,-0.392,-0.36,0.465,0.047,0.545,-0.105,0.177,-0.128,-0.081,-0.292,0.058,0.553,0.038,0.111,-0.533,0.132,0.003,0.146,-0.191,-0.07,-0.115,0.491,0.379,-0.003,0.06,0.222,-0.045,0.005,0.245,0.03,0.035,-0.305,0.436,-0.038,-0.157,-0.253,0.618,0.353,0.108,0.011,-0.142,0.129,0.242,-0.101,0.742,-0.36,-0.212,-0.255,-0.056,-0.24,0.725,-0.325,-0.154,0.181,0.021,0.346,0.268,0.218,-0.28,0.477,0.24,0.106,0.119
BIDU,0.468,-0.667,-0.599,-0.609,0.654,-0.477,0.561,0.64,-0.603,-0.255,1.0,-0.549,-0.244,-0.459,0.575,0.349,-0.474,-0.514,-0.082,0.238,-0.553,-0.307,0.16,0.656,0.414,0.687,0.257,0.565,-0.501,0.672,-0.465,-0.479,-0.498,0.709,0.555,-0.112,-0.316,0.535,0.786,-0.446,0.647,-0.224,0.631,-0.647,0.706,0.495,0.718,0.477,-0.559,0.639,0.657,0.192,-0.621,0.619,-0.574,0.735,-0.628,0.755,0.372,-0.641,0.696,0.714,0.517,0.542,-0.144,0.577,-0.41,0.676,0.444,-0.662,0.505,0.713,0.61,-0.525,0.357,-0.359,0.586,0.013,0.568,0.264,0.642,-0.2,-0.233,0.756,0.801,0.75,0.745,-0.448,-0.132,-0.473,-0.439,0.357,0.518,0.077,0.327,0.667,-0.131,0.523,-0.382,0.599
BILI,-0.397,0.52,0.564,0.492,-0.302,0.386,-0.457,-0.504,0.626,0.093,-0.549,1.0,0.371,0.398,-0.502,-0.179,0.526,0.347,0.383,0.091,0.516,0.514,-0.117,-0.402,-0.121,-0.609,-0.285,-0.439,0.249,-0.516,0.747,0.434,0.421,-0.58,-0.283,0.158,0.26,-0.43,-0.574,0.523,-0.512,0.33,-0.454,0.581,-0.651,-0.256,-0.584,-0.271,0.365,-0.623,-0.634,-0.12,0.529,-0.569,0.577,-0.509,0.62,-0.687,-0.337,0.432,-0.585,-0.523,-0.462,-0.475,0.184,-0.653,0.32,-0.493,-0.435,0.7,-0.278,-0.66,-0.408,0.276,-0.453,0.324,-0.629,-0.094,-0.444,-0.364,-0.406,0.177,0.58,-0.633,-0.56,-0.65,-0.719,0.248,0.295,0.592,0.48,-0.307,-0.551,0.074,-0.185,-0.298,0.201,-0.454,0.202,-0.481
BKR,-0.031,0.102,-0.006,0.162,0.133,0.255,0.358,-0.103,0.055,-0.132,-0.244,0.371,1.0,0.239,0.239,0.221,0.339,0.145,0.585,0.666,0.171,0.476,-0.013,0.022,0.496,-0.068,-0.257,-0.067,-0.052,0.182,0.614,0.29,0.315,-0.094,0.266,0.41,0.531,0.21,-0.078,0.393,-0.315,0.089,0.153,0.194,-0.164,-0.164,-0.005,0.298,0.02,-0.045,-0.157,0.127,0.244,-0.328,0.072,0.111,0.276,-0.078,-0.274,-0.105,-0.012,-0.144,-0.244,0.063,0.622,-0.332,0.218,-0.075,-0.127,0.414,0.231,-0.086,0.405,-0.146,-0.12,-0.126,-0.119,-0.21,-0.109,-0.024,0.162,-0.088,0.155,-0.139,-0.111,-0.267,-0.122,0.043,0.308,0.148,0.094,0.158,-0.212,0.294,0.328,0.08,0.343,-0.035,-0.101,-0.004
CAN,-0.193,0.603,0.221,0.728,-0.376,0.446,-0.315,-0.525,0.712,-0.023,-0.459,0.398,0.239,1.0,-0.378,-0.354,0.505,0.632,-0.059,-0.004,0.643,0.226,-0.426,-0.409,-0.246,-0.352,0.154,-0.469,0.333,-0.318,0.34,0.418,0.405,-0.429,-0.4,0.003,0.447,-0.176,-0.413,0.223,-0.463,0.159,-0.366,0.703,-0.469,-0.049,-0.357,-0.367,0.485,-0.531,-0.427,0.207,0.621,-0.464,0.738,-0.431,0.686,-0.492,-0.455,0.503,-0.351,-0.414,-0.219,-0.461,0.074,-0.324,0.501,-0.565,-0.112,0.526,-0.277,-0.431,-0.202,0.269,-0.264,0.679,-0.318,0.428,-0.479,-0.44,-0.428,0.087,0.542,-0.478,-0.464,-0.311,-0.514,0.215,0.615,0.483,0.449,0.058,-0.337,-0.286,-0.333,-0.481,-0.008,-0.46,0.536,-0.399
CHRD,0.474,-0.691,-0.666,-0.566,0.556,-0.48,0.763,0.458,-0.669,-0.409,0.575,-0.502,0.239,-0.378,1.0,0.417,-0.369,-0.554,0.22,0.598,-0.509,-0.089,0.192,0.567,0.598,0.727,-0.037,0.416,-0.618,0.769,-0.304,-0.461,-0.424,0.581,0.574,0.097,-0.02,0.602,0.708,-0.217,0.426,-0.289,0.636,-0.581,0.475,0.313,0.735,0.516,-0.671,0.586,0.477,0.364,-0.464,0.486,-0.622,0.711,-0.481,0.676,0.053,-0.63,0.612,0.503,0.189,0.725,0.143,0.303,-0.302,0.609,0.377,-0.53,0.454,0.716,0.721,-0.451,0.144,-0.436,0.508,-0.111,0.424,0.323,0.727,-0.319,-0.249,0.675,0.614,0.518,0.72,-0.479,-0.028,-0.426,-0.549,0.341,0.348,0.339,0.382,0.569,0.088,0.526,-0.368,0.454
CMCSA,0.148,-0.465,-0.073,-0.51,0.539,-0.191,0.622,0.603,-0.544,0.214,0.349,-0.179,0.221,-0.354,0.417,1.0,-0.111,-0.516,0.532,0.476,-0.497,0.244,0.607,0.791,0.511,0.49,-0.064,0.663,-0.361,0.506,-0.001,-0.174,-0.164,0.678,0.59,0.082,0.012,0.158,0.417,0.012,0.456,0.405,0.747,-0.524,0.49,0.134,0.391,0.775,-0.297,0.582,0.405,-0.334,-0.51,0.449,-0.527,0.672,-0.425,0.577,0.486,-0.457,0.684,0.724,0.314,0.645,0.108,0.408,-0.531,0.676,-0.104,-0.129,0.618,0.504,0.575,-0.094,0.558,-0.456,0.553,-0.509,0.645,0.432,0.651,0.435,-0.476,0.493,0.492,0.287,0.373,0.198,-0.49,-0.424,-0.394,0.117,0.55,0.612,0.697,0.503,0.483,0.786,-0.529,0.705
CPRT,0.007,0.448,0.548,0.669,-0.274,0.57,-0.178,-0.415,0.506,0.441,-0.474,0.526,0.339,0.505,-0.369,-0.111,1.0,0.51,0.249,0.188,0.669,0.61,0.06,-0.37,-0.08,-0.393,0.189,-0.205,0.332,-0.326,0.564,0.588,0.609,-0.383,-0.33,0.393,0.581,-0.294,-0.451,0.623,-0.248,0.515,-0.229,0.661,-0.446,-0.078,-0.333,-0.03,0.584,-0.258,-0.146,0.02,0.691,-0.269,0.558,-0.371,0.57,-0.409,-0.052,0.547,-0.335,-0.329,-0.199,-0.349,0.341,-0.231,0.535,-0.435,-0.285,0.663,-0.039,-0.476,-0.251,0.472,-0.11,0.427,-0.325,0.074,-0.306,-0.218,-0.298,0.311,0.361,-0.534,-0.508,-0.293,-0.426,0.438,0.263,0.355,0.481,0.222,-0.148,0.164,-0.137,-0.359,0.518,-0.217,0.39,-0.251
CRWD,-0.226,0.777,0.414,0.866,-0.491,0.766,-0.396,-0.473,0.733,0.219,-0.514,0.347,0.145,0.632,-0.554,-0.516,0.51,1.0,-0.153,-0.325,0.624,0.131,-0.533,-0.584,-0.474,-0.472,0.335,-0.299,0.62,-0.55,0.467,0.757,0.727,-0.47,-0.634,0.284,0.478,-0.178,-0.572,0.189,-0.539,0.019,-0.52,0.82,-0.544,-0.147,-0.42,-0.441,0.833,-0.568,-0.315,0.176,0.798,-0.498,0.793,-0.55,0.625,-0.607,-0.317,0.664,-0.364,-0.437,-0.013,-0.602,0.09,-0.231,0.803,-0.659,-0.054,0.64,-0.424,-0.525,-0.234,0.242,-0.175,0.6,-0.414,0.431,-0.507,-0.279,-0.596,0.07,0.388,-0.599,-0.572,-0.289,-0.55,0.35,0.466,0.332,0.506,0.239,-0.336,-0.514,-0.21,-0.543,-0.096,-0.496,0.647,-0.316
CSCO,0.083,-0.117,0.043,-0.059,0.232,0.086,0.246,0.095,-0.117,0.047,-0.082,0.383,0.585,-0.059,0.22,0.532,0.249,-0.153,1.0,0.658,0.056,0.533,0.236,0.305,0.466,0.018,-0.258,0.174,-0.304,0.236,0.613,0.223,0.262,0.195,0.389,0.361,0.268,0.129,0.097,0.274,-0.062,0.464,0.448,-0.039,-0.114,0.076,0.121,0.513,-0.121,0.191,-0.031,-0.054,0.045,-0.04,-0.113,0.213,0.15,0.075,0.051,-0.179,0.152,0.182,-0.27,0.299,0.427,-0.218,-0.027,0.175,-0.152,0.259,0.514,0.131,0.303,-0.187,-0.097,-0.254,0.025,-0.349,0.036,-0.053,0.317,0.223,0.098,-0.023,0.063,-0.161,-0.076,0.087,-0.008,-0.039,0.04,0.073,-0.094,0.632,0.386,0.222,0.468,0.167,-0.401,0.171
CSX,0.391,-0.403,-0.331,-0.187,0.48,-0.085,0.599,0.213,-0.25,-0.305,0.238,0.091,0.666,-0.004,0.598,0.476,0.188,-0.325,0.658,1.0,-0.026,0.427,0.179,0.409,0.729,0.337,-0.123,0.221,-0.541,0.618,0.325,-0.039,0.0,0.281,0.591,0.31,0.362,0.412,0.401,0.121,0.128,0.117,0.559,-0.159,0.128,0.157,0.4,0.584,-0.376,0.317,0.288,0.333,-0.041,0.179,-0.266,0.506,0.068,0.397,-0.072,-0.443,0.327,0.26,-0.15,0.404,0.461,-0.045,-0.015,0.276,0.131,-0.015,0.599,0.298,0.592,-0.366,-0.056,-0.226,0.246,-0.272,0.156,0.014,0.555,-0.172,0.169,0.28,0.299,0.141,0.283,-0.297,0.146,-0.052,-0.139,0.34,0.018,0.481,0.333,0.493,0.445,0.272,-0.351,0.303
DKNG,-0.049,0.552,0.364,0.721,-0.44,0.504,-0.508,-0.608,0.649,0.129,-0.553,0.516,0.171,0.643,-0.509,-0.497,0.669,0.624,0.056,-0.026,1.0,0.375,-0.293,-0.622,-0.31,-0.562,0.093,-0.549,0.323,-0.474,0.52,0.516,0.511,-0.609,-0.51,0.216,0.39,-0.264,-0.531,0.378,-0.37,0.166,-0.491,0.751,-0.672,-0.127,-0.434,-0.36,0.49,-0.569,-0.278,0.199,0.718,-0.572,0.655,-0.67,0.686,-0.623,-0.402,0.591,-0.539,-0.559,-0.374,-0.634,0.306,-0.489,0.682,-0.717,0.015,0.559,-0.228,-0.605,-0.421,0.306,-0.46,0.524,-0.506,0.267,-0.63,-0.51,-0.617,-0.029,0.6,-0.61,-0.57,-0.43,-0.559,0.115,0.485,0.468,0.476,0.114,-0.54,-0.284,-0.422,-0.471,0.208,-0.629,0.422,-0.527
EBAY,0.022,0.209,0.442,0.287,-0.04,0.157,0.07,-0.032,0.178,0.322,-0.307,0.514,0.476,0.226,-0.089,0.244,0.61,0.131,0.533,0.427,0.375,1.0,0.256,-0.039,0.261,-0.168,-0.091,0.015,0.03,-0.101,0.451,0.223,0.238,-0.028,0.011,0.449,0.4,-0.118,-0.166,0.605,0.01,0.461,0.03,0.265,-0.289,0.073,-0.121,0.212,0.215,-0.157,-0.044,-0.121,0.244,-0.205,0.236,-0.096,0.297,-0.183,-0.015,0.237,-0.011,0.006,-0.11,0.017,0.336,-0.111,0.253,-0.165,-0.06,0.557,0.137,-0.126,0.066,0.299,-0.141,0.222,-0.06,-0.077,-0.173,0.054,0.063,0.39,0.194,-0.162,-0.222,-0.205,-0.231,0.235,0.12,0.254,0.205,0.168,-0.014,0.361,0.226,0.028,0.684,0.01,0.001,-0.022
ERIC,-0.084,-0.37,0.12,-0.428,0.33,-0.178,0.383,0.309,-0.519,0.47,0.16,-0.117,-0.013,-0.426,0.192,0.607,0.06,-0.533,0.236,0.179,-0.293,0.256,1.0,0.41,0.265,0.237,-0.265,0.405,-0.137,0.232,-0.201,-0.192,-0.168,0.374,0.307,-0.013,-0.056,-0.235,0.133,0.254,0.451,0.396,0.348,-0.431,0.298,0.066,0.054,0.505,-0.171,0.455,0.26,-0.486,-0.455,0.466,-0.459,0.292,-0.435,0.437,0.569,-0.191,0.308,0.374,0.169,0.504,0.138,0.353,-0.555,0.522,-0.299,-0.103,0.267,0.287,0.127,0.309,0.434,-0.394,0.444,-0.52,0.612,0.56,0.476,0.46,-0.55,0.261,0.259,0.168,0.253,0.348,-0.563,-0.331,-0.213,-0.032,0.526,0.685,0.44,0.265,0.484,0.661,-0.366,0.417
EXC,0.299,-0.525,-0.312,-0.577,0.58,-0.43,0.694,0.718,-0.535,-0.056,0.656,-0.402,0.022,-0.409,0.567,0.791,-0.37,-0.584,0.305,0.409,-0.622,-0.039,0.41,1.0,0.632,0.706,0.146,0.68,-0.572,0.707,-0.278,-0.422,-0.427,0.821,0.746,-0.072,-0.129,0.423,0.681,-0.33,0.578,0.201,0.839,-0.583,0.603,0.291,0.598,0.769,-0.477,0.622,0.517,-0.066,-0.626,0.62,-0.543,0.81,-0.56,0.771,0.356,-0.641,0.835,0.833,0.465,0.742,-0.05,0.519,-0.541,0.792,0.172,-0.421,0.69,0.717,0.668,-0.339,0.481,-0.374,0.677,-0.254,0.728,0.395,0.777,0.197,-0.327,0.654,0.758,0.54,0.615,-0.089,-0.312,-0.485,-0.472,0.189,0.553,0.404,0.589,0.607,0.241,0.794,-0.458,0.726
FITB,0.415,-0.344,-0.259,-0.409,0.487,-0.411,0.623,0.455,-0.39,-0.242,0.414,-0.121,0.496,-0.246,0.598,0.511,-0.08,-0.474,0.466,0.729,-0.31,0.261,0.265,0.632,1.0,0.418,-0.017,0.423,-0.561,0.644,0.005,-0.271,-0.241,0.559,0.843,0.281,0.059,0.563,0.554,-0.024,0.324,0.1,0.682,-0.376,0.435,0.281,0.48,0.647,-0.554,0.454,0.343,0.18,-0.333,0.335,-0.449,0.592,-0.287,0.489,0.046,-0.643,0.526,0.472,0.093,0.603,0.229,0.153,-0.256,0.527,0.208,-0.219,0.727,0.483,0.646,-0.351,0.072,-0.365,0.38,-0.189,0.386,0.233,0.673,-0.121,-0.081,0.436,0.514,0.266,0.54,-0.323,-0.007,-0.097,-0.118,0.254,0.219,0.441,0.474,0.523,0.282,0.405,-0.364,0.343
FLEX,0.333,-0.615,-0.557,-0.472,0.644,-0.445,0.648,0.735,-0.605,-0.18,0.687,-0.609,-0.068,-0.352,0.727,0.49,-0.393,-0.472,0.018,0.337,-0.562,-0.168,0.237,0.706,0.418,1.0,0.236,0.651,-0.609,0.753,-0.49,-0.428,-0.422,0.703,0.535,-0.072,-0.118,0.465,0.701,-0.434,0.643,-0.121,0.674,-0.514,0.652,0.46,0.769,0.494,-0.446,0.626,0.671,0.258,-0.522,0.624,-0.459,0.798,-0.536,0.795,0.389,-0.424,0.757,0.75,0.565,0.741,-0.175,0.613,-0.347,0.597,0.42,-0.576,0.488,0.786,0.663,-0.341,0.401,-0.175,0.743,0.004,0.515,0.469,0.696,-0.069,-0.291,0.75,0.705,0.663,0.717,-0.264,-0.156,-0.531,-0.467,0.378,0.528,0.236,0.365,0.45,-0.024,0.683,-0.222,0.645
FTNT,0.366,0.206,0.054,0.314,0.005,0.179,0.114,0.27,0.233,0.215,0.257,-0.285,-0.257,0.154,-0.037,-0.064,0.189,0.335,-0.258,-0.123,0.093,-0.091,-0.265,0.146,-0.017,0.236,1.0,0.363,0.091,0.16,-0.109,0.228,0.202,0.285,-0.108,0.251,0.197,0.293,0.167,-0.125,0.243,0.052,0.129,0.245,0.079,0.17,0.228,0.037,0.3,-0.011,0.414,0.329,0.297,0.201,0.243,0.202,-0.001,0.145,-0.0,0.102,0.371,0.299,0.522,-0.002,-0.207,0.369,0.465,0.018,0.455,0.053,0.122,0.153,0.169,0.067,0.131,0.388,0.238,0.401,0.059,0.04,0.034,0.072,0.076,0.098,0.15,0.307,0.168,-0.036,0.224,-0.023,0.04,0.522,0.223,-0.375,0.044,-0.13,-0.012,0.108,0.396,0.187
GEN,0.252,-0.354,-0.106,-0.367,0.501,-0.143,0.618,0.78,-0.482,0.249,0.565,-0.439,-0.067,-0.469,0.416,0.663,-0.205,-0.299,0.174,0.221,-0.549,0.015,0.405,0.68,0.423,0.651,0.363,1.0,-0.248,0.567,-0.264,-0.078,-0.086,0.773,0.442,0.293,-0.066,0.356,0.494,-0.199,0.573,0.133,0.65,-0.455,0.642,0.415,0.488,0.592,-0.122,0.569,0.66,-0.014,-0.387,0.658,-0.442,0.74,-0.511,0.684,0.601,-0.347,0.811,0.846,0.678,0.683,-0.133,0.705,-0.271,0.613,0.194,-0.253,0.49,0.625,0.614,-0.105,0.544,-0.272,0.662,-0.155,0.626,0.631,0.704,0.258,-0.492,0.592,0.55,0.521,0.542,0.043,-0.388,-0.498,-0.254,0.381,0.655,0.306,0.643,0.444,0.186,0.753,-0.234,0.721
GERN,-0.472,0.609,0.48,0.525,-0.575,0.565,-0.416,-0.433,0.434,0.454,-0.501,0.249,-0.052,0.333,-0.618,-0.361,0.332,0.62,-0.304,-0.541,0.323,0.03,-0.137,-0.572,-0.561,-0.609,0.091,-0.248,1.0,-0.673,0.213,0.462,0.437,-0.433,-0.682,0.208,0.237,-0.503,-0.693,0.388,-0.436,0.06,-0.574,0.465,-0.323,-0.351,-0.604,-0.472,0.699,-0.485,-0.387,-0.322,0.442,-0.384,0.456,-0.51,0.211,-0.553,-0.078,0.546,-0.412,-0.444,0.003,-0.552,-0.048,-0.215,0.371,-0.473,-0.354,0.559,-0.621,-0.519,-0.463,0.503,0.111,0.227,-0.408,0.088,-0.226,-0.003,-0.51,0.33,-0.12,-0.594,-0.629,-0.42,-0.539,0.517,-0.008,0.139,0.278,-0.113,-0.145,-0.292,-0.066,-0.487,0.045,-0.3,0.438,-0.283
GEVO,0.514,-0.634,-0.613,-0.508,0.652,-0.382,0.805,0.616,-0.547,-0.353,0.672,-0.516,0.182,-0.318,0.769,0.506,-0.326,-0.55,0.236,0.618,-0.474,-0.101,0.232,0.707,0.644,0.753,0.16,0.567,-0.673,1.0,-0.271,-0.357,-0.345,0.637,0.673,0.037,-0.056,0.667,0.793,-0.339,0.536,-0.154,0.729,-0.537,0.534,0.294,0.662,0.648,-0.581,0.565,0.646,0.416,-0.426,0.559,-0.549,0.844,-0.396,0.836,0.119,-0.639,0.713,0.636,0.299,0.736,0.131,0.424,-0.285,0.588,0.438,-0.534,0.598,0.711,0.734,-0.483,0.185,-0.341,0.679,-0.152,0.503,0.309,0.78,-0.275,-0.166,0.734,0.695,0.501,0.672,-0.465,0.018,-0.391,-0.475,0.373,0.387,0.278,0.406,0.588,0.079,0.559,-0.344,0.543
GILD,-0.139,0.39,0.356,0.482,-0.088,0.618,-0.183,-0.382,0.448,0.11,-0.465,0.747,0.614,0.34,-0.304,-0.001,0.564,0.467,0.613,0.325,0.52,0.451,-0.201,-0.278,0.005,-0.49,-0.109,-0.264,0.213,-0.271,1.0,0.658,0.66,-0.411,-0.138,0.377,0.499,-0.112,-0.409,0.468,-0.531,0.293,-0.186,0.541,-0.566,-0.284,-0.364,0.034,0.395,-0.381,-0.328,0.047,0.596,-0.537,0.42,-0.286,0.612,-0.497,-0.316,0.275,-0.346,-0.377,-0.424,-0.391,0.504,-0.536,0.494,-0.399,-0.247,0.689,0.014,-0.507,-0.079,0.007,-0.293,0.105,-0.484,-0.172,-0.371,-0.367,-0.289,0.07,0.453,-0.526,-0.401,-0.491,-0.553,0.21,0.306,0.275,0.311,0.052,-0.494,0.071,0.059,-0.19,0.31,-0.351,0.015,-0.203
GOOG,-0.162,0.599,0.433,0.674,-0.259,0.859,-0.221,-0.301,0.534,0.325,-0.479,0.434,0.29,0.418,-0.461,-0.174,0.588,0.757,0.223,-0.039,0.516,0.223,-0.192,-0.422,-0.271,-0.428,0.228,-0.078,0.462,-0.357,0.658,1.0,0.988,-0.359,-0.401,0.427,0.551,-0.128,-0.509,0.262,-0.457,0.199,-0.291,0.661,-0.435,-0.125,-0.407,-0.125,0.759,-0.351,-0.201,0.072,0.766,-0.29,0.579,-0.334,0.581,-0.449,-0.104,0.487,-0.258,-0.291,-0.088,-0.391,0.24,-0.23,0.657,-0.45,-0.252,0.62,-0.159,-0.507,-0.107,0.193,-0.075,0.337,-0.3,0.07,-0.282,-0.149,-0.348,0.129,0.252,-0.529,-0.459,-0.37,-0.498,0.382,0.249,0.231,0.516,0.299,-0.298,-0.166,0.024,-0.402,0.067,-0.285,0.377,-0.108
GOOGL,-0.136,0.578,0.424,0.662,-0.249,0.836,-0.209,-0.322,0.505,0.338,-0.498,0.421,0.315,0.405,-0.424,-0.164,0.609,0.727,0.262,0.0,0.511,0.238,-0.168,-0.427,-0.241,-0.422,0.202,-0.086,0.437,-0.345,0.66,0.988,1.0,-0.364,-0.381,0.452,0.577,-0.12,-0.498,0.292,-0.464,0.216,-0.269,0.647,-0.433,-0.118,-0.388,-0.13,0.725,-0.304,-0.204,0.08,0.768,-0.285,0.544,-0.329,0.581,-0.439,-0.093,0.474,-0.278,-0.313,-0.127,-0.355,0.259,-0.25,0.644,-0.432,-0.271,0.62,-0.128,-0.499,-0.113,0.183,-0.084,0.3,-0.304,0.056,-0.284,-0.162,-0.321,0.13,0.237,-0.53,-0.454,-0.382,-0.478,0.391,0.234,0.226,0.519,0.306,-0.293,-0.097,0.014,-0.406,0.093,-0.284,0.351,-0.128
GT,0.416,-0.486,-0.332,-0.544,0.542,-0.425,0.659,0.769,-0.62,0.017,0.709,-0.58,-0.094,-0.429,0.581,0.678,-0.383,-0.47,0.195,0.281,-0.609,-0.028,0.374,0.821,0.559,0.703,0.285,0.773,-0.433,0.637,-0.411,-0.359,-0.364,1.0,0.617,0.133,-0.157,0.487,0.709,-0.291,0.665,0.077,0.809,-0.598,0.717,0.486,0.727,0.664,-0.41,0.702,0.609,-0.033,-0.615,0.658,-0.552,0.759,-0.654,0.741,0.473,-0.576,0.912,0.906,0.601,0.767,-0.131,0.714,-0.428,0.768,0.351,-0.439,0.618,0.873,0.727,-0.293,0.487,-0.34,0.745,-0.029,0.663,0.502,0.763,0.198,-0.49,0.69,0.76,0.703,0.715,-0.126,-0.329,-0.508,-0.379,0.375,0.704,0.32,0.635,0.555,0.121,0.739,-0.352,0.715
HBAN,0.369,-0.575,-0.43,-0.634,0.654,-0.513,0.559,0.569,-0.561,-0.266,0.555,-0.283,0.266,-0.4,0.574,0.59,-0.33,-0.634,0.389,0.591,-0.51,0.011,0.307,0.746,0.843,0.535,-0.108,0.442,-0.682,0.673,-0.138,-0.401,-0.381,0.617,1.0,-0.026,-0.16,0.521,0.638,-0.301,0.393,0.09,0.778,-0.581,0.57,0.278,0.506,0.714,-0.666,0.62,0.455,0.021,-0.58,0.433,-0.586,0.651,-0.421,0.623,0.23,-0.753,0.564,0.609,0.081,0.616,0.178,0.246,-0.536,0.645,0.119,-0.481,0.817,0.554,0.607,-0.499,0.187,-0.466,0.463,-0.34,0.456,0.168,0.676,-0.099,-0.19,0.581,0.639,0.374,0.604,-0.306,-0.224,-0.31,-0.218,0.131,0.266,0.453,0.382,0.598,0.133,0.461,-0.55,0.484
HST,0.32,0.206,0.247,0.239,-0.075,0.346,0.23,0.136,0.057,0.243,-0.112,0.158,0.41,0.003,0.097,0.082,0.393,0.284,0.361,0.31,0.216,0.449,-0.013,-0.072,0.281,-0.072,0.251,0.293,0.208,0.037,0.377,0.427,0.452,0.133,-0.026,1.0,0.469,0.279,-0.061,0.409,0.026,0.032,0.108,0.217,-0.059,0.091,0.105,0.154,0.253,-0.01,0.175,0.176,0.334,-0.02,0.101,0.063,0.078,-0.101,-0.012,0.037,0.191,0.086,0.19,0.1,0.327,-0.002,0.463,-0.076,0.166,0.396,0.121,0.012,0.268,0.022,-0.036,0.021,-0.025,0.029,-0.015,0.173,0.203,0.069,0.016,-0.083,-0.093,-0.068,0.017,-0.031,0.071,0.006,0.158,0.497,0.081,0.085,0.425,0.098,0.373,-0.004,0.144,0.098
INTC,0.079,0.326,0.186,0.526,-0.038,0.535,0.141,-0.212,0.316,0.166,-0.316,0.26,0.531,0.447,-0.02,0.012,0.581,0.478,0.268,0.362,0.39,0.4,-0.056,-0.129,0.059,-0.118,0.197,-0.066,0.237,-0.056,0.499,0.551,0.577,-0.157,-0.16,0.469,1.0,0.019,-0.242,0.416,-0.263,0.178,-0.038,0.509,-0.359,-0.125,-0.045,0.058,0.464,-0.177,-0.088,0.208,0.54,-0.156,0.389,-0.085,0.435,-0.164,-0.215,0.269,-0.032,-0.198,0.018,-0.171,0.418,-0.153,0.541,-0.27,-0.086,0.521,-0.01,-0.177,0.177,0.11,-0.059,0.332,-0.071,0.048,-0.114,-0.015,-0.026,0.093,0.272,-0.313,-0.238,-0.129,-0.267,0.237,0.346,0.064,0.214,0.504,-0.149,0.048,0.139,-0.229,0.402,-0.07,0.268,0.028
IOVA,0.692,-0.318,-0.498,-0.309,0.396,-0.248,0.548,0.498,-0.34,-0.392,0.535,-0.43,0.21,-0.176,0.602,0.158,-0.294,-0.178,0.129,0.412,-0.264,-0.118,-0.235,0.423,0.563,0.465,0.293,0.356,-0.503,0.667,-0.112,-0.128,-0.12,0.487,0.521,0.279,0.019,1.0,0.679,-0.273,0.345,-0.407,0.504,-0.31,0.39,0.362,0.636,0.43,-0.451,0.396,0.5,0.528,-0.215,0.257,-0.324,0.539,-0.273,0.443,-0.117,-0.6,0.575,0.452,0.246,0.437,0.194,0.305,0.022,0.402,0.608,-0.422,0.507,0.501,0.706,-0.623,-0.044,-0.182,0.345,0.132,0.25,0.061,0.542,-0.478,0.038,0.613,0.621,0.419,0.59,-0.607,0.294,-0.257,-0.25,0.492,0.167,-0.113,0.33,0.437,-0.086,0.136,-0.197,0.355
IQ,0.645,-0.666,-0.508,-0.62,0.554,-0.595,0.682,0.654,-0.598,-0.36,0.786,-0.574,-0.078,-0.413,0.708,0.417,-0.451,-0.572,0.097,0.401,-0.531,-0.166,0.133,0.681,0.554,0.701,0.167,0.494,-0.693,0.793,-0.409,-0.509,-0.498,0.709,0.638,-0.061,-0.242,0.679,1.0,-0.368,0.662,-0.255,0.664,-0.656,0.599,0.365,0.751,0.51,-0.675,0.6,0.62,0.254,-0.592,0.515,-0.618,0.771,-0.461,0.752,0.187,-0.646,0.717,0.68,0.332,0.636,-0.07,0.49,-0.397,0.631,0.557,-0.634,0.536,0.763,0.682,-0.499,0.163,-0.363,0.602,-0.048,0.507,0.227,0.714,-0.257,-0.215,0.881,0.733,0.604,0.799,-0.529,-0.055,-0.42,-0.568,0.311,0.54,0.175,0.344,0.659,-0.029,0.485,-0.407,0.503
JBLU,-0.095,0.294,0.516,0.319,-0.22,0.255,-0.086,-0.289,0.213,0.465,-0.446,0.523,0.393,0.223,-0.217,0.012,0.623,0.189,0.274,0.121,0.378,0.605,0.254,-0.33,-0.024,-0.434,-0.125,-0.199,0.388,-0.339,0.468,0.262,0.292,-0.291,-0.301,0.409,0.416,-0.273,-0.368,1.0,-0.148,0.299,-0.255,0.314,-0.378,-0.224,-0.302,-0.063,0.298,-0.25,-0.288,-0.235,0.313,-0.367,0.243,-0.321,0.23,-0.401,-0.081,0.362,-0.279,-0.342,-0.197,-0.226,0.33,-0.244,0.239,-0.233,-0.24,0.66,-0.208,-0.309,-0.202,0.502,-0.168,0.096,-0.331,-0.129,-0.147,-0.013,-0.138,0.369,0.072,-0.328,-0.435,-0.35,-0.393,0.344,0.109,0.265,0.132,-0.062,-0.023,0.284,0.109,-0.267,0.546,-0.128,0.118,-0.236
JD,0.521,-0.556,-0.239,-0.54,0.419,-0.505,0.471,0.741,-0.609,0.047,0.647,-0.512,-0.315,-0.463,0.426,0.456,-0.248,-0.539,-0.062,0.128,-0.37,0.01,0.451,0.578,0.324,0.643,0.243,0.573,-0.436,0.536,-0.531,-0.457,-0.464,0.665,0.393,0.026,-0.263,0.345,0.662,-0.148,1.0,-0.016,0.564,-0.572,0.581,0.422,0.599,0.471,-0.438,0.539,0.7,-0.031,-0.6,0.574,-0.547,0.556,-0.607,0.605,0.436,-0.413,0.679,0.728,0.551,0.579,-0.125,0.627,-0.381,0.534,0.511,-0.55,0.44,0.61,0.432,-0.106,0.314,-0.263,0.655,-0.14,0.563,0.442,0.561,0.077,-0.363,0.758,0.646,0.579,0.668,-0.257,-0.357,-0.433,-0.436,0.308,0.618,0.198,0.359,0.47,0.183,0.561,-0.284,0.594
KDP,-0.195,0.152,0.416,0.203,-0.064,0.117,-0.136,-0.057,0.153,0.545,-0.224,0.33,0.089,0.159,-0.289,0.405,0.515,0.019,0.464,0.117,0.166,0.461,0.396,0.201,0.1,-0.121,0.052,0.133,0.06,-0.154,0.293,0.199,0.216,0.077,0.09,0.032,0.178,-0.407,-0.255,0.299,-0.016,1.0,0.216,0.139,-0.139,0.016,-0.238,0.317,0.253,0.081,-0.095,-0.423,0.116,0.045,0.152,-0.094,0.184,-0.087,0.334,0.224,-0.03,0.146,-0.148,0.092,0.1,-0.054,-0.075,0.052,-0.45,0.356,0.357,-0.132,-0.185,0.374,0.142,0.093,-0.01,-0.235,-0.011,-0.075,-0.037,0.758,-0.002,-0.292,-0.19,-0.123,-0.297,0.627,-0.174,0.094,0.285,-0.119,0.067,0.541,0.036,-0.236,0.451,0.201,-0.083,0.038
KHC,0.484,-0.625,-0.474,-0.556,0.625,-0.347,0.674,0.674,-0.613,-0.105,0.631,-0.454,0.153,-0.366,0.636,0.747,-0.229,-0.52,0.448,0.559,-0.491,0.03,0.348,0.839,0.682,0.674,0.129,0.65,-0.574,0.729,-0.186,-0.291,-0.269,0.809,0.778,0.108,-0.038,0.504,0.664,-0.255,0.564,0.216,1.0,-0.583,0.661,0.409,0.704,0.833,-0.507,0.777,0.616,0.062,-0.536,0.621,-0.61,0.773,-0.522,0.746,0.402,-0.659,0.795,0.802,0.333,0.722,0.098,0.441,-0.405,0.698,0.222,-0.442,0.86,0.734,0.739,-0.474,0.415,-0.469,0.661,-0.237,0.6,0.262,0.74,0.132,-0.293,0.637,0.685,0.568,0.641,-0.185,-0.3,-0.452,-0.382,0.36,0.487,0.468,0.53,0.59,0.238,0.703,-0.48,0.732
LRCX,-0.268,0.828,0.527,0.949,-0.468,0.687,-0.482,-0.612,0.879,0.177,-0.647,0.581,0.194,0.703,-0.581,-0.524,0.661,0.82,-0.039,-0.159,0.751,0.265,-0.431,-0.583,-0.376,-0.514,0.245,-0.455,0.465,-0.537,0.541,0.661,0.647,-0.598,-0.581,0.217,0.509,-0.31,-0.656,0.314,-0.572,0.139,-0.583,1.0,-0.7,-0.202,-0.483,-0.484,0.771,-0.695,-0.443,0.257,0.903,-0.549,0.903,-0.637,0.75,-0.651,-0.451,0.735,-0.537,-0.593,-0.16,-0.637,0.054,-0.383,0.769,-0.722,-0.172,0.736,-0.42,-0.596,-0.426,0.403,-0.376,0.747,-0.526,0.437,-0.574,-0.349,-0.603,0.051,0.62,-0.758,-0.65,-0.437,-0.649,0.345,0.543,0.544,0.64,0.082,-0.507,-0.342,-0.368,-0.631,0.051,-0.556,0.741,-0.528
LYFT,0.282,-0.587,-0.415,-0.659,0.519,-0.445,0.503,0.653,-0.693,-0.128,0.706,-0.651,-0.164,-0.469,0.475,0.49,-0.446,-0.544,-0.114,0.128,-0.672,-0.289,0.298,0.603,0.435,0.652,0.079,0.642,-0.323,0.534,-0.566,-0.435,-0.433,0.717,0.57,-0.059,-0.359,0.39,0.599,-0.378,0.581,-0.139,0.661,-0.7,1.0,0.489,0.613,0.489,-0.487,0.781,0.562,-0.075,-0.698,0.66,-0.643,0.708,-0.709,0.697,0.599,-0.544,0.671,0.722,0.525,0.598,-0.226,0.652,-0.592,0.648,0.169,-0.603,0.487,0.664,0.539,-0.346,0.641,-0.476,0.643,-0.046,0.652,0.454,0.638,-0.009,-0.554,0.678,0.698,0.605,0.774,-0.191,-0.465,-0.485,-0.338,0.181,0.656,0.221,0.424,0.538,-0.133,0.621,-0.374,0.625
MARA,0.316,-0.221,-0.23,-0.138,0.4,-0.276,0.144,0.342,-0.269,-0.081,0.495,-0.256,-0.164,-0.049,0.313,0.134,-0.078,-0.147,0.076,0.157,-0.127,0.073,0.066,0.291,0.281,0.46,0.17,0.415,-0.351,0.294,-0.284,-0.125,-0.118,0.486,0.278,0.091,-0.125,0.362,0.365,-0.224,0.422,0.016,0.409,-0.202,0.489,1.0,0.495,0.213,-0.189,0.446,0.355,0.265,-0.223,0.503,-0.141,0.296,-0.249,0.337,0.385,-0.118,0.392,0.513,0.331,0.436,-0.212,0.448,-0.128,0.281,0.237,-0.298,0.405,0.502,0.349,-0.235,0.116,0.095,0.383,0.469,0.173,0.183,0.402,0.008,0.03,0.369,0.463,0.545,0.459,-0.178,0.019,-0.182,0.149,0.379,0.279,0.203,0.078,0.228,-0.095,0.21,-0.068,0.289
MCHP,0.603,-0.621,-0.598,-0.463,0.564,-0.441,0.618,0.63,-0.605,-0.292,0.718,-0.584,-0.005,-0.357,0.735,0.391,-0.333,-0.42,0.121,0.4,-0.434,-0.121,0.054,0.598,0.48,0.769,0.228,0.488,-0.604,0.662,-0.364,-0.407,-0.388,0.727,0.506,0.105,-0.045,0.636,0.751,-0.302,0.599,-0.238,0.704,-0.483,0.613,0.495,1.0,0.506,-0.523,0.686,0.602,0.325,-0.495,0.485,-0.483,0.681,-0.502,0.671,0.279,-0.532,0.725,0.643,0.494,0.581,-0.033,0.543,-0.241,0.509,0.548,-0.571,0.54,0.822,0.726,-0.519,0.244,-0.27,0.548,0.154,0.425,0.256,0.599,-0.244,-0.174,0.671,0.723,0.758,0.726,-0.448,-0.04,-0.488,-0.428,0.499,0.472,0.161,0.391,0.548,0.043,0.47,-0.28,0.536
MDLZ,0.364,-0.542,-0.264,-0.485,0.565,-0.139,0.7,0.575,-0.553,0.058,0.477,-0.271,0.298,-0.367,0.516,0.775,-0.03,-0.441,0.513,0.584,-0.36,0.212,0.505,0.769,0.647,0.494,0.037,0.592,-0.472,0.648,0.034,-0.125,-0.13,0.664,0.714,0.154,0.058,0.43,0.51,-0.063,0.471,0.317,0.833,-0.484,0.489,0.213,0.506,1.0,-0.356,0.67,0.581,-0.072,-0.443,0.49,-0.531,0.676,-0.387,0.643,0.382,-0.587,0.709,0.703,0.24,0.617,0.405,0.425,-0.355,0.62,0.088,-0.273,0.774,0.528,0.677,-0.292,0.427,-0.495,0.526,-0.405,0.605,0.333,0.649,0.167,-0.31,0.507,0.581,0.458,0.514,-0.02,-0.266,-0.428,-0.365,0.328,0.464,0.489,0.642,0.575,0.443,0.682,-0.538,0.71
META,-0.411,0.755,0.629,0.824,-0.455,0.812,-0.361,-0.36,0.671,0.553,-0.559,0.365,0.02,0.485,-0.671,-0.297,0.584,0.833,-0.121,-0.376,0.49,0.215,-0.171,-0.477,-0.554,-0.446,0.3,-0.122,0.699,-0.581,0.395,0.759,0.725,-0.41,-0.666,0.253,0.464,-0.451,-0.675,0.298,-0.438,0.253,-0.507,0.771,-0.487,-0.189,-0.523,-0.356,1.0,-0.496,-0.27,-0.099,0.729,-0.305,0.746,-0.486,0.519,-0.474,0.003,0.754,-0.328,-0.351,0.115,-0.515,-0.043,-0.06,0.623,-0.536,-0.306,0.725,-0.462,-0.495,-0.363,0.525,0.048,0.575,-0.306,0.27,-0.311,-0.025,-0.496,0.388,0.171,-0.636,-0.626,-0.289,-0.597,0.633,0.153,0.231,0.493,0.108,-0.144,-0.251,-0.081,-0.547,0.109,-0.24,0.591,-0.186
MNST,0.397,-0.72,-0.468,-0.672,0.582,-0.385,0.553,0.555,-0.802,0.038,0.639,-0.623,-0.045,-0.531,0.586,0.582,-0.258,-0.568,0.191,0.317,-0.569,-0.157,0.455,0.622,0.454,0.626,-0.011,0.569,-0.485,0.565,-0.381,-0.351,-0.304,0.702,0.62,-0.01,-0.177,0.396,0.6,-0.25,0.539,0.081,0.777,-0.695,0.781,0.446,0.686,0.67,-0.496,1.0,0.619,-0.108,-0.639,0.647,-0.726,0.652,-0.672,0.74,0.692,-0.596,0.608,0.656,0.296,0.643,0.078,0.576,-0.569,0.737,0.106,-0.575,0.685,0.709,0.54,-0.37,0.558,-0.596,0.595,-0.212,0.644,0.352,0.658,0.076,-0.534,0.626,0.679,0.677,0.736,-0.064,-0.46,-0.571,-0.361,0.256,0.627,0.52,0.41,0.528,0.099,0.655,-0.55,0.656
MRNA,0.617,-0.583,-0.387,-0.406,0.588,-0.187,0.571,0.706,-0.571,0.111,0.657,-0.634,-0.157,-0.427,0.477,0.405,-0.146,-0.315,-0.031,0.288,-0.278,-0.044,0.26,0.517,0.343,0.671,0.414,0.66,-0.387,0.646,-0.328,-0.201,-0.204,0.609,0.455,0.175,-0.088,0.5,0.62,-0.288,0.7,-0.095,0.616,-0.443,0.562,0.355,0.602,0.581,-0.27,0.619,1.0,0.223,-0.371,0.556,-0.514,0.643,-0.501,0.706,0.444,-0.437,0.701,0.688,0.507,0.486,0.07,0.667,-0.129,0.474,0.54,-0.485,0.572,0.567,0.554,-0.278,0.412,-0.269,0.634,-0.113,0.465,0.347,0.525,-0.064,-0.332,0.696,0.594,0.66,0.689,-0.275,-0.281,-0.555,-0.395,0.57,0.539,0.075,0.353,0.519,0.218,0.554,-0.278,0.684
MRVL,0.429,-0.011,-0.411,0.261,0.187,0.088,0.171,-0.043,0.206,-0.533,0.192,-0.12,0.127,0.207,0.364,-0.334,0.02,0.176,-0.054,0.333,0.199,-0.121,-0.486,-0.066,0.18,0.258,0.329,-0.014,-0.322,0.416,0.047,0.072,0.08,-0.033,0.021,0.176,0.208,0.528,0.254,-0.235,-0.031,-0.423,0.062,0.257,-0.075,0.265,0.325,-0.072,-0.099,-0.108,0.223,1.0,0.363,0.108,0.167,0.136,0.253,0.135,-0.443,-0.024,0.08,-0.057,0.014,0.068,0.003,-0.01,0.503,-0.159,0.493,-0.128,0.082,0.139,0.257,-0.371,-0.384,0.304,0.067,0.485,-0.218,-0.188,0.109,-0.618,0.549,0.093,0.133,0.196,0.183,-0.578,0.608,0.162,0.073,0.469,-0.283,-0.326,-0.22,0.008,-0.228,-0.187,0.326,-0.107
MSFT,-0.147,0.743,0.448,0.898,-0.464,0.728,-0.395,-0.601,0.814,0.132,-0.621,0.529,0.244,0.621,-0.464,-0.51,0.691,0.798,0.045,-0.041,0.718,0.244,-0.455,-0.626,-0.333,-0.522,0.297,-0.387,0.442,-0.426,0.596,0.766,0.768,-0.615,-0.58,0.334,0.54,-0.215,-0.592,0.313,-0.6,0.116,-0.536,0.903,-0.698,-0.223,-0.495,-0.443,0.729,-0.639,-0.371,0.363,1.0,-0.467,0.782,-0.54,0.782,-0.601,-0.462,0.668,-0.531,-0.596,-0.265,-0.566,0.089,-0.437,0.867,-0.687,-0.145,0.71,-0.367,-0.619,-0.378,0.341,-0.403,0.608,-0.51,0.352,-0.6,-0.351,-0.553,-0.042,0.566,-0.713,-0.683,-0.494,-0.589,0.234,0.532,0.549,0.58,0.154,-0.536,-0.293,-0.358,-0.596,0.027,-0.544,0.649,-0.507
MSTR,0.301,-0.544,-0.337,-0.491,0.452,-0.274,0.505,0.55,-0.532,0.003,0.619,-0.569,-0.328,-0.464,0.486,0.449,-0.269,-0.498,-0.04,0.179,-0.572,-0.205,0.466,0.62,0.335,0.624,0.201,0.658,-0.384,0.559,-0.537,-0.29,-0.285,0.658,0.433,-0.02,-0.156,0.257,0.515,-0.367,0.574,0.045,0.621,-0.549,0.66,0.503,0.485,0.49,-0.305,0.647,0.556,0.108,-0.467,1.0,-0.522,0.633,-0.558,0.756,0.512,-0.425,0.642,0.689,0.457,0.659,-0.259,0.632,-0.395,0.691,0.086,-0.53,0.436,0.612,0.395,-0.186,0.506,-0.256,0.734,-0.053,0.689,0.504,0.698,0.105,-0.368,0.552,0.595,0.606,0.671,-0.145,-0.421,-0.422,-0.295,0.298,0.553,0.312,0.321,0.46,0.013,0.73,-0.256,0.663
MU,-0.342,0.802,0.489,0.902,-0.496,0.582,-0.525,-0.535,0.895,0.146,-0.574,0.577,0.072,0.738,-0.622,-0.527,0.558,0.793,-0.113,-0.266,0.655,0.236,-0.459,-0.543,-0.449,-0.459,0.243,-0.442,0.456,-0.549,0.42,0.579,0.544,-0.552,-0.586,0.101,0.389,-0.324,-0.618,0.243,-0.547,0.152,-0.61,0.903,-0.643,-0.141,-0.483,-0.531,0.746,-0.726,-0.514,0.167,0.782,-0.522,1.0,-0.605,0.737,-0.652,-0.385,0.756,-0.493,-0.499,-0.118,-0.603,-0.052,-0.355,0.66,-0.71,-0.204,0.657,-0.477,-0.572,-0.423,0.349,-0.371,0.857,-0.504,0.462,-0.604,-0.411,-0.586,0.111,0.635,-0.698,-0.611,-0.411,-0.708,0.321,0.572,0.505,0.618,-0.01,-0.449,-0.381,-0.391,-0.596,-0.032,-0.57,0.747,-0.531
MVIS,0.367,-0.638,-0.479,-0.597,0.633,-0.354,0.828,0.75,-0.614,-0.191,0.735,-0.509,0.111,-0.431,0.711,0.672,-0.371,-0.55,0.213,0.506,-0.67,-0.096,0.292,0.81,0.592,0.798,0.202,0.74,-0.51,0.844,-0.286,-0.334,-0.329,0.759,0.651,0.063,-0.085,0.539,0.771,-0.321,0.556,-0.094,0.773,-0.637,0.708,0.296,0.681,0.676,-0.486,0.652,0.643,0.136,-0.54,0.633,-0.605,1.0,-0.555,0.863,0.348,-0.657,0.832,0.774,0.49,0.736,-0.027,0.55,-0.395,0.709,0.313,-0.462,0.55,0.732,0.777,-0.439,0.507,-0.448,0.713,-0.216,0.685,0.479,0.842,-0.048,-0.398,0.763,0.738,0.535,0.731,-0.287,-0.238,-0.495,-0.594,0.345,0.571,0.327,0.618,0.697,0.115,0.755,-0.469,0.742
NFLX,-0.198,0.597,0.387,0.773,-0.427,0.529,-0.422,-0.605,0.783,-0.07,-0.628,0.62,0.276,0.686,-0.481,-0.425,0.57,0.625,0.15,0.068,0.686,0.297,-0.435,-0.56,-0.287,-0.536,-0.001,-0.511,0.211,-0.396,0.612,0.581,0.581,-0.654,-0.421,0.078,0.435,-0.273,-0.461,0.23,-0.607,0.184,-0.522,0.75,-0.709,-0.249,-0.502,-0.387,0.519,-0.672,-0.501,0.253,0.782,-0.558,0.737,-0.555,1.0,-0.621,-0.484,0.615,-0.584,-0.575,-0.48,-0.533,0.153,-0.526,0.613,-0.762,-0.221,0.593,-0.315,-0.647,-0.374,0.22,-0.558,0.581,-0.546,0.212,-0.702,-0.532,-0.556,-0.088,0.657,-0.631,-0.648,-0.517,-0.668,0.158,0.548,0.537,0.557,-0.047,-0.543,-0.222,-0.444,-0.485,0.013,-0.642,0.447,-0.588
NNDM,0.333,-0.691,-0.536,-0.605,0.645,-0.402,0.779,0.663,-0.664,-0.115,0.755,-0.687,-0.078,-0.492,0.676,0.577,-0.409,-0.607,0.075,0.397,-0.623,-0.183,0.437,0.771,0.489,0.795,0.145,0.684,-0.553,0.836,-0.497,-0.449,-0.439,0.741,0.623,-0.101,-0.164,0.443,0.752,-0.401,0.605,-0.087,0.746,-0.651,0.697,0.337,0.671,0.643,-0.474,0.74,0.706,0.135,-0.601,0.756,-0.652,0.863,-0.621,1.0,0.459,-0.603,0.781,0.742,0.492,0.71,-0.053,0.66,-0.478,0.756,0.292,-0.573,0.543,0.812,0.649,-0.339,0.518,-0.418,0.798,-0.152,0.715,0.512,0.811,-0.039,-0.436,0.763,0.721,0.67,0.777,-0.217,-0.281,-0.534,-0.556,0.312,0.622,0.358,0.476,0.649,0.106,0.78,-0.435,0.716
NVAX,-0.039,-0.372,0.023,-0.367,0.331,-0.148,0.196,0.49,-0.511,0.491,0.372,-0.337,-0.274,-0.455,0.053,0.486,-0.052,-0.317,0.051,-0.072,-0.402,-0.015,0.569,0.356,0.046,0.389,-0.0,0.601,-0.078,0.119,-0.316,-0.104,-0.093,0.473,0.23,-0.012,-0.215,-0.117,0.187,-0.081,0.436,0.334,0.402,-0.451,0.599,0.385,0.279,0.382,0.003,0.692,0.444,-0.443,-0.462,0.512,-0.385,0.348,-0.484,0.459,1.0,-0.093,0.369,0.544,0.399,0.401,-0.173,0.576,-0.509,0.457,-0.207,-0.246,0.341,0.399,0.153,0.092,0.61,-0.308,0.388,-0.211,0.486,0.44,0.371,0.48,-0.576,0.323,0.282,0.461,0.327,0.371,-0.615,-0.494,-0.077,0.048,0.634,0.499,0.332,0.24,0.153,0.576,-0.318,0.495
NVDA,-0.432,0.67,0.601,0.805,-0.465,0.509,-0.587,-0.537,0.65,0.379,-0.641,0.432,-0.105,0.503,-0.63,-0.457,0.547,0.664,-0.179,-0.443,0.591,0.237,-0.191,-0.641,-0.643,-0.424,0.102,-0.347,0.546,-0.639,0.275,0.487,0.474,-0.576,-0.753,0.037,0.269,-0.6,-0.646,0.362,-0.413,0.224,-0.659,0.735,-0.544,-0.118,-0.532,-0.587,0.754,-0.596,-0.437,-0.024,0.668,-0.425,0.756,-0.657,0.615,-0.603,-0.093,1.0,-0.554,-0.485,-0.099,-0.52,-0.21,-0.238,0.523,-0.707,-0.294,0.647,-0.571,-0.517,-0.605,0.624,-0.207,0.68,-0.406,0.401,-0.576,-0.177,-0.641,0.287,0.314,-0.659,-0.732,-0.407,-0.632,0.52,0.266,0.332,0.492,-0.118,-0.26,-0.188,-0.422,-0.742,0.015,-0.415,0.671,-0.525
NWL,0.45,-0.469,-0.348,-0.476,0.545,-0.273,0.782,0.82,-0.557,-0.003,0.696,-0.585,-0.012,-0.351,0.612,0.684,-0.335,-0.364,0.152,0.327,-0.539,-0.011,0.308,0.835,0.526,0.757,0.371,0.811,-0.412,0.713,-0.346,-0.258,-0.278,0.912,0.564,0.191,-0.032,0.575,0.717,-0.279,0.679,-0.03,0.795,-0.537,0.671,0.392,0.725,0.709,-0.328,0.608,0.701,0.08,-0.531,0.642,-0.493,0.832,-0.584,0.781,0.369,-0.554,1.0,0.915,0.708,0.725,-0.035,0.727,-0.293,0.701,0.441,-0.397,0.569,0.796,0.827,-0.311,0.536,-0.284,0.792,-0.065,0.703,0.531,0.773,0.117,-0.423,0.754,0.757,0.667,0.706,-0.187,-0.233,-0.542,-0.499,0.505,0.694,0.168,0.719,0.604,0.198,0.776,-0.313,0.826
OCGN,0.379,-0.51,-0.287,-0.518,0.561,-0.358,0.62,0.832,-0.587,0.06,0.714,-0.523,-0.144,-0.414,0.503,0.724,-0.329,-0.437,0.182,0.26,-0.559,0.006,0.374,0.833,0.472,0.75,0.299,0.846,-0.444,0.636,-0.377,-0.291,-0.313,0.906,0.609,0.086,-0.198,0.452,0.68,-0.342,0.728,0.146,0.802,-0.593,0.722,0.513,0.643,0.703,-0.351,0.656,0.688,-0.057,-0.596,0.689,-0.499,0.774,-0.575,0.742,0.544,-0.485,0.915,1.0,0.635,0.738,-0.132,0.714,-0.431,0.706,0.304,-0.444,0.648,0.748,0.695,-0.273,0.529,-0.27,0.756,-0.128,0.629,0.472,0.736,0.242,-0.43,0.74,0.724,0.634,0.672,-0.089,-0.35,-0.548,-0.378,0.37,0.685,0.291,0.596,0.572,0.158,0.748,-0.357,0.786
