,AAL,AAPL,AGNC,AMAT,AMD,AMZN,APA,ARDX,AVGO,AZN,BIDU,BILI,BKR,CAN,CHRD,CMCSA,CPRT,CRWD,CSCO,CSX,DKNG,EBAY,ERIC,EXC,FITB,FLEX,FTNT,GEN,GERN,GEVO,GILD,GOOG,GOOGL,GT,HBAN,HST,INTC,IOVA,IQ,JBLU,JD,KDP,KHC,LRCX,LYFT,MARA,MCHP,MDLZ,META,MNST,MRNA,MRVL,MSFT,MSTR,MU,MVIS,NFLX,NNDM,NVAX,NVDA,NWL,OCGN,ON,OPK,PAA,PACB,PANW,PARA,PDD,PENN,PEP,PLUG,PTEN,PTON,PYPL,QCOM,QVCGA,RIOT,ROKU,RUN,SABR,SBUX,SMCI,SNDL,STNE,TCOM,TLRY,TMUS,TSCO,TSLA,TTD,TXN,UAL,VOD,VTRS,VXRT,WBA,WBD,WDC,ZM
AAL,1.0,0.595,0.249,-0.189,-0.041,0.544,-0.208,0.368,0.021,0.476,0.007,-0.199,-0.403,0.685,-0.644,-0.311,0.365,0.426,0.498,-0.188,0.432,0.379,0.616,-0.225,0.197,0.081,0.385,0.52,0.007,0.045,0.123,-0.159,-0.176,0.337,0.158,0.51,-0.556,-0.209,0.047,0.139,0.079,0.104,-0.202,0.184,-0.394,0.357,-0.402,-0.423,0.451,-0.273,0.149,0.652,0.645,0.235,-0.121,-0.33,0.536,0.377,0.117,-0.128,0.599,-0.421,-0.153,-0.084,0.401,0.021,0.392,-0.14,-0.459,0.235,-0.151,0.771,-0.276,0.37,0.581,-0.164,-0.36,0.032,0.436,0.106,0.426,0.215,0.482,-0.447,-0.316,0.418,-0.286,0.405,0.248,0.593,0.459,-0.472,0.728,0.48,0.009,-0.378,0.037,0.522,0.337,0.2
AAPL,0.595,1.0,0.449,-0.045,0.029,0.539,0.032,0.657,-0.075,0.678,0.082,-0.278,-0.121,0.688,-0.346,-0.387,0.697,0.42,0.751,0.079,0.569,0.689,0.634,-0.025,0.375,0.158,0.367,0.803,0.164,0.191,0.134,-0.28,-0.284,0.663,0.305,0.707,-0.594,-0.116,0.271,-0.126,0.192,0.119,0.014,0.463,-0.423,0.518,-0.199,-0.353,0.602,-0.106,0.316,0.642,0.76,0.237,-0.018,-0.461,0.786,0.442,0.26,-0.263,0.783,-0.414,0.135,-0.248,0.664,-0.071,0.234,-0.053,-0.661,0.556,-0.046,0.685,-0.061,0.62,0.529,-0.138,-0.211,-0.202,0.355,0.479,0.546,0.52,0.783,-0.516,-0.324,0.481,-0.415,0.784,0.518,0.569,0.623,-0.427,0.731,0.539,0.371,-0.524,0.317,0.769,0.726,0.3
AGNC,0.249,0.449,1.0,-0.249,-0.081,-0.077,0.134,0.569,-0.326,0.442,-0.148,-0.221,0.196,0.356,0.009,-0.162,0.477,0.404,0.267,0.09,0.498,0.504,0.353,0.382,0.431,0.439,0.023,0.335,0.405,0.365,-0.03,-0.558,-0.558,0.395,0.395,0.456,-0.177,0.084,-0.187,-0.456,0.167,-0.092,0.036,-0.034,-0.416,0.389,0.103,-0.264,0.076,-0.035,0.233,0.111,0.083,0.29,0.098,0.017,0.493,0.372,0.475,-0.408,0.385,-0.233,0.268,-0.166,0.581,-0.085,-0.246,-0.198,-0.524,0.183,-0.097,0.39,0.202,0.588,0.18,-0.253,-0.195,-0.195,-0.164,0.414,0.295,0.552,0.514,0.024,-0.217,0.401,-0.193,0.406,0.295,0.532,0.288,-0.3,0.476,0.606,0.681,-0.332,0.201,0.532,0.569,0.282
AMAT,-0.189,-0.045,-0.249,1.0,0.767,0.41,-0.295,-0.08,0.643,0.119,0.295,0.692,0.057,-0.192,0.22,0.629,-0.149,-0.363,0.326,0.427,-0.215,0.057,0.059,-0.323,-0.086,0.006,0.094,0.099,0.448,0.164,0.753,0.459,0.452,0.143,-0.183,0.279,0.27,0.618,0.48,0.112,0.493,0.613,0.718,0.752,0.408,-0.041,0.458,0.582,0.432,0.543,0.624,0.06,0.265,-0.514,0.633,0.484,-0.282,0.105,0.346,0.381,0.078,0.534,0.392,-0.244,-0.132,0.658,0.207,0.633,0.119,0.126,0.68,-0.031,0.209,-0.011,-0.103,0.521,0.494,0.366,0.263,0.085,-0.152,-0.179,-0.107,0.118,0.51,0.153,0.523,0.066,0.46,-0.179,0.19,0.564,-0.309,0.003,-0.032,0.654,0.52,-0.171,0.043,0.217
AMD,-0.041,0.029,-0.081,0.767,1.0,0.407,-0.407,0.013,0.708,0.122,0.467,0.654,-0.066,-0.081,0.082,0.489,-0.198,-0.226,0.258,0.168,-0.067,0.024,0.187,-0.38,-0.186,0.058,0.067,0.06,0.463,0.188,0.678,0.497,0.48,0.143,-0.222,0.243,0.142,0.6,0.515,0.056,0.565,0.453,0.507,0.656,0.292,-0.094,0.307,0.328,0.53,0.276,0.636,0.185,0.303,-0.415,0.715,0.506,-0.252,0.101,0.499,0.389,0.163,0.358,0.24,-0.25,-0.024,0.668,0.235,0.483,0.167,0.117,0.439,0.033,0.157,-0.039,-0.082,0.689,0.27,0.463,0.385,-0.038,-0.267,-0.219,-0.031,0.114,0.42,0.291,0.508,-0.048,0.43,0.068,0.211,0.558,-0.205,0.221,0.008,0.55,0.44,-0.15,0.186,0.142
AMZN,0.544,0.539,-0.077,0.41,0.407,1.0,-0.395,0.286,0.468,0.508,0.402,0.216,-0.508,0.482,-0.603,-0.031,0.199,0.051,0.619,0.052,0.26,0.303,0.491,-0.423,-0.002,-0.213,0.502,0.505,0.072,0.04,0.466,0.368,0.363,0.35,-0.034,0.525,-0.513,0.182,0.467,0.316,0.396,0.47,0.21,0.608,-0.101,0.165,-0.265,-0.113,0.84,0.14,0.48,0.654,0.836,-0.149,0.143,-0.208,0.259,0.362,0.176,0.188,0.652,-0.042,-0.047,-0.147,0.282,0.441,0.614,0.205,-0.19,0.447,0.259,0.498,-0.296,0.305,0.442,0.296,0.042,0.253,0.71,0.168,0.298,-0.025,0.274,-0.486,-0.121,0.353,-0.049,0.48,0.383,0.347,0.535,-0.099,0.365,0.262,-0.213,0.147,0.271,0.368,0.33,0.186
APA,-0.208,0.032,0.134,-0.295,-0.407,-0.395,1.0,0.226,-0.555,0.114,-0.44,-0.461,0.507,-0.052,0.38,-0.176,0.319,0.079,-0.026,0.363,0.113,0.211,-0.178,0.499,0.443,0.203,-0.005,0.066,-0.029,0.266,-0.283,-0.493,-0.48,0.095,0.553,-0.009,0.149,-0.097,-0.431,-0.092,-0.349,-0.091,0.009,-0.302,0.228,0.108,0.144,0.038,-0.376,0.186,-0.163,-0.282,-0.24,0.137,-0.374,-0.115,0.104,-0.073,-0.13,-0.497,-0.145,0.049,0.177,0.109,0.153,-0.322,-0.418,-0.088,-0.246,0.149,0.083,-0.131,0.532,0.186,0.089,-0.38,0.144,-0.394,-0.434,0.459,0.302,0.568,0.04,0.181,-0.087,-0.384,-0.11,0.195,-0.041,-0.058,-0.003,-0.16,0.157,-0.121,0.394,-0.305,0.11,0.274,-0.051,0.07
ARDX,0.368,0.657,0.569,-0.08,0.013,0.286,0.226,1.0,-0.235,0.721,0.082,-0.154,-0.056,0.513,-0.318,-0.278,0.554,0.213,0.508,0.166,0.571,0.568,0.501,0.098,0.286,0.274,0.24,0.533,0.483,0.46,0.154,-0.461,-0.461,0.62,0.399,0.658,-0.428,0.209,0.049,-0.308,0.374,-0.014,0.06,0.276,-0.226,0.388,-0.049,-0.374,0.36,0.003,0.47,0.411,0.451,0.089,-0.025,-0.349,0.458,0.303,0.45,-0.473,0.546,-0.052,0.239,-0.385,0.877,0.124,-0.094,-0.142,-0.603,0.444,-0.045,0.531,-0.011,0.751,0.313,-0.119,0.027,-0.194,0.074,0.755,0.444,0.485,0.606,-0.242,-0.353,0.447,-0.225,0.616,0.499,0.547,0.593,-0.404,0.54,0.584,0.5,-0.4,0.353,0.725,0.648,0.133
AVGO,0.021,-0.075,-0.326,0.643,0.708,0.468,-0.555,-0.235,1.0,-0.064,0.483,0.632,-0.231,-0.038,0.029,0.547,-0.278,-0.259,0.163,0.136,-0.273,-0.098,0.087,-0.556,-0.299,-0.102,0.079,0.011,0.126,-0.039,0.587,0.682,0.692,-0.054,-0.361,0.066,0.155,0.419,0.616,0.356,0.424,0.461,0.46,0.556,0.229,-0.206,0.192,0.374,0.52,0.109,0.443,0.329,0.319,-0.493,0.621,0.478,-0.322,0.149,0.22,0.611,0.206,0.35,0.113,-0.234,-0.335,0.623,0.463,0.563,0.381,-0.063,0.478,0.033,-0.026,-0.156,0.014,0.627,0.264,0.468,0.568,-0.282,-0.239,-0.467,-0.173,0.058,0.445,0.246,0.464,-0.179,0.363,-0.131,0.056,0.601,-0.344,0.049,-0.386,0.578,0.209,-0.363,-0.037,0.15
AZN,0.476,0.678,0.442,0.119,0.122,0.508,0.114,0.721,-0.064,1.0,0.087,-0.057,-0.042,0.611,-0.379,-0.133,0.679,0.272,0.746,0.372,0.608,0.641,0.565,-0.034,0.466,0.244,0.519,0.717,0.486,0.485,0.343,-0.258,-0.265,0.611,0.489,0.783,-0.524,0.246,0.09,-0.127,0.392,0.339,0.236,0.412,-0.142,0.593,-0.051,-0.191,0.565,0.279,0.56,0.443,0.66,0.089,0.032,-0.277,0.541,0.496,0.533,-0.302,0.712,-0.07,0.326,-0.355,0.695,0.239,0.235,0.064,-0.619,0.69,0.249,0.607,0.147,0.771,0.544,-0.117,0.115,0.033,0.229,0.679,0.507,0.542,0.599,-0.271,-0.177,0.464,-0.045,0.765,0.506,0.609,0.721,-0.307,0.635,0.545,0.46,-0.217,0.531,0.778,0.63,0.396
BIDU,0.007,0.082,-0.148,0.295,0.467,0.402,-0.44,0.082,0.483,0.087,1.0,0.511,-0.346,-0.079,-0.194,0.096,-0.096,-0.432,0.107,-0.014,-0.124,-0.068,0.254,-0.363,-0.305,-0.158,-0.027,-0.025,0.156,0.071,0.395,0.685,0.688,0.166,-0.191,0.036,-0.086,0.422,0.773,-0.037,0.581,0.056,0.267,0.368,0.134,-0.139,0.025,0.083,0.34,-0.039,0.408,0.091,0.268,-0.208,0.314,0.001,-0.219,0.027,0.233,0.305,0.281,0.243,-0.07,-0.383,0.028,0.373,0.335,0.136,0.498,0.062,0.09,0.133,-0.282,-0.02,-0.196,0.621,0.292,0.423,0.274,0.012,-0.147,-0.416,-0.057,-0.025,0.12,0.231,0.236,0.001,0.279,0.005,0.042,0.416,-0.15,0.324,-0.282,0.247,0.269,-0.162,0.251,-0.146
BILI,-0.199,-0.278,-0.221,0.692,0.654,0.216,-0.461,-0.154,0.632,-0.057,0.511,1.0,-0.036,-0.34,0.098,0.576,-0.386,-0.545,0.099,0.282,-0.289,-0.189,-0.015,-0.377,-0.291,-0.078,0.011,-0.149,0.392,0.115,0.672,0.575,0.589,0.023,-0.295,0.116,0.306,0.637,0.517,0.026,0.708,0.34,0.548,0.397,0.34,-0.285,0.357,0.466,0.284,0.359,0.51,-0.034,0.101,-0.543,0.623,0.502,-0.537,-0.073,0.37,0.351,-0.063,0.588,0.24,-0.241,-0.259,0.66,0.163,0.434,0.363,-0.042,0.417,-0.007,0.066,-0.174,-0.243,0.538,0.412,0.512,0.186,-0.086,-0.135,-0.458,-0.273,0.194,0.522,0.241,0.56,-0.142,0.283,-0.159,-0.05,0.569,-0.446,0.09,-0.206,0.703,0.333,-0.418,-0.019,0.004
BKR,-0.403,-0.121,0.196,0.057,-0.066,-0.508,0.507,-0.056,-0.231,-0.042,-0.346,-0.036,1.0,-0.175,0.734,0.233,0.086,-0.022,-0.046,0.398,0.087,0.04,-0.365,0.422,0.284,0.396,-0.079,-0.003,0.298,0.15,0.004,-0.247,-0.23,-0.054,0.312,-0.041,0.332,0.069,-0.259,-0.306,-0.054,0.001,0.189,-0.118,0.17,0.206,0.443,0.392,-0.337,0.29,-0.098,-0.412,-0.387,0.22,0.043,0.351,0.082,-0.006,0.098,0.011,-0.202,0.196,0.373,-0.144,-0.022,-0.079,-0.302,0.202,-0.059,-0.065,0.192,-0.283,0.633,0.083,-0.149,-0.248,0.107,-0.068,-0.467,0.161,-0.068,0.303,-0.121,0.467,0.176,-0.166,0.145,-0.013,-0.071,-0.107,-0.046,0.174,-0.093,-0.132,0.533,0.024,0.131,0.077,-0.076,0.137
CAN,0.685,0.688,0.356,-0.192,-0.081,0.482,-0.052,0.513,-0.038,0.611,-0.079,-0.34,-0.175,1.0,-0.539,-0.414,0.561,0.51,0.565,-0.018,0.628,0.469,0.463,-0.119,0.257,0.179,0.425,0.693,0.054,0.167,0.011,-0.302,-0.302,0.55,0.313,0.591,-0.627,-0.202,0.008,-0.035,0.058,0.035,-0.168,0.298,-0.421,0.649,-0.343,-0.425,0.523,-0.159,0.142,0.687,0.573,0.356,-0.145,-0.337,0.63,0.497,0.28,-0.241,0.769,-0.472,0.056,-0.201,0.612,0.007,0.338,-0.111,-0.621,0.429,-0.14,0.593,-0.018,0.624,0.658,-0.234,-0.307,0.123,0.404,0.234,0.435,0.479,0.602,-0.46,-0.347,0.463,-0.373,0.516,0.298,0.669,0.636,-0.534,0.682,0.39,0.241,-0.493,0.102,0.648,0.475,0.341
CHRD,-0.644,-0.346,0.009,0.22,0.082,-0.603,0.38,-0.318,0.029,-0.379,-0.194,0.098,0.734,-0.539,1.0,0.463,-0.153,-0.217,-0.256,0.335,-0.353,-0.073,-0.464,0.336,0.149,0.211,-0.388,-0.26,0.142,0.091,0.055,-0.03,-0.024,-0.203,0.084,-0.243,0.699,0.179,-0.04,-0.193,-0.154,0.064,0.375,-0.07,0.361,-0.161,0.615,0.595,-0.464,0.288,-0.024,-0.581,-0.544,-0.128,0.288,0.563,-0.249,-0.173,0.003,0.165,-0.453,0.378,0.337,-0.042,-0.369,-0.059,-0.42,0.364,0.274,-0.303,0.339,-0.456,0.599,-0.251,-0.402,0.049,0.276,-0.098,-0.502,-0.004,-0.276,0.056,-0.346,0.619,0.412,-0.376,0.398,-0.276,0.028,-0.465,-0.382,0.522,-0.493,-0.235,0.303,0.27,0.147,-0.332,-0.233,0.101
CMCSA,-0.311,-0.387,-0.162,0.629,0.489,-0.031,-0.176,-0.278,0.547,-0.133,0.096,0.576,0.233,-0.414,0.463,1.0,-0.276,-0.302,0.02,0.335,-0.344,-0.103,-0.157,-0.22,0.032,0.034,0.082,-0.128,0.347,0.223,0.523,0.376,0.36,-0.203,-0.16,-0.001,0.449,0.598,0.254,0.231,0.233,0.544,0.609,0.269,0.496,-0.146,0.414,0.589,0.029,0.455,0.377,-0.247,-0.143,-0.449,0.536,0.6,-0.401,0.013,0.141,0.465,-0.199,0.706,0.249,-0.054,-0.375,0.574,0.134,0.739,0.315,-0.105,0.673,-0.259,0.27,-0.157,-0.126,0.401,0.59,0.343,0.066,-0.074,-0.206,-0.239,-0.308,0.386,0.566,-0.006,0.592,-0.189,0.263,-0.259,0.001,0.633,-0.468,-0.18,-0.032,0.665,0.331,-0.316,-0.244,0.33
CPRT,0.365,0.697,0.477,-0.149,-0.198,0.199,0.319,0.554,-0.278,0.679,-0.096,-0.386,0.086,0.561,-0.153,-0.276,1.0,0.521,0.648,0.361,0.404,0.797,0.509,0.227,0.723,0.461,0.265,0.75,0.291,0.463,-0.012,-0.416,-0.433,0.62,0.675,0.621,-0.412,0.008,-0.02,-0.3,-0.008,0.206,0.237,0.249,-0.231,0.754,-0.001,-0.194,0.23,0.042,0.304,0.331,0.439,0.304,-0.081,-0.351,0.674,0.489,0.276,-0.414,0.689,-0.296,0.316,-0.253,0.509,-0.164,0.212,-0.023,-0.605,0.537,0.142,0.499,0.292,0.756,0.483,-0.292,0.051,-0.232,0.027,0.555,0.533,0.666,0.726,-0.249,-0.059,0.317,-0.241,0.71,0.504,0.342,0.519,-0.301,0.654,0.409,0.568,-0.494,0.459,0.707,0.674,0.535
CRWD,0.426,0.42,0.404,-0.363,-0.226,0.051,0.079,0.213,-0.259,0.272,-0.432,-0.545,-0.022,0.51,-0.217,-0.302,0.521,1.0,0.259,-0.133,0.503,0.407,0.259,0.088,0.387,0.435,0.21,0.419,-0.013,0.051,-0.325,-0.464,-0.463,0.179,0.334,0.327,-0.405,-0.37,-0.392,-0.159,-0.311,0.01,-0.322,-0.076,-0.435,0.494,-0.325,-0.428,0.052,-0.185,-0.149,0.384,0.237,0.501,-0.047,-0.179,0.621,0.278,0.05,-0.154,0.367,-0.573,-0.036,0.127,0.287,-0.237,0.237,-0.194,-0.536,0.183,-0.268,0.22,0.066,0.405,0.479,-0.53,-0.556,-0.247,0.053,0.061,0.242,0.405,0.481,-0.185,-0.202,0.211,-0.445,0.297,-0.027,0.442,0.372,-0.563,0.595,0.148,0.366,-0.49,-0.202,0.529,0.353,0.381
CSCO,0.498,0.751,0.267,0.326,0.258,0.619,-0.026,0.508,0.163,0.746,0.107,0.099,-0.046,0.565,-0.256,0.02,0.648,0.259,1.0,0.458,0.409,0.781,0.548,-0.131,0.54,0.161,0.616,0.855,0.471,0.486,0.56,-0.118,-0.12,0.65,0.434,0.83,-0.44,0.34,0.326,0.019,0.438,0.556,0.42,0.606,-0.007,0.596,0.016,0.024,0.629,0.307,0.6,0.508,0.772,-0.104,0.223,-0.134,0.457,0.519,0.483,-0.211,0.721,0.013,0.338,-0.314,0.456,0.336,0.392,0.34,-0.606,0.64,0.406,0.636,0.199,0.588,0.649,-0.04,0.183,0.127,0.331,0.53,0.525,0.457,0.537,-0.302,0.181,0.398,-0.006,0.837,0.64,0.477,0.675,-0.098,0.536,0.481,0.349,-0.094,0.604,0.626,0.637,0.595
CSX,-0.188,0.079,0.09,0.427,0.168,0.052,0.363,0.166,0.136,0.372,-0.014,0.282,0.398,-0.018,0.335,0.335,0.361,-0.133,0.458,1.0,-0.008,0.469,0.048,0.185,0.581,0.158,0.233,0.391,0.437,0.604,0.512,-0.051,-0.031,0.411,0.564,0.413,0.361,0.56,0.123,-0.058,0.315,0.437,0.72,0.334,0.505,0.326,0.678,0.652,0.095,0.676,0.456,-0.045,0.096,-0.334,0.262,0.358,-0.155,0.265,0.407,-0.297,0.257,0.508,0.78,-0.233,0.027,0.362,-0.064,0.417,-0.209,0.432,0.697,0.202,0.633,0.387,0.24,0.01,0.594,0.108,-0.109,0.547,0.316,0.348,0.063,0.319,0.479,-0.016,0.448,0.443,0.527,-0.119,0.224,0.337,-0.02,0.151,0.329,0.247,0.69,0.106,0.269,0.486
DKNG,0.432,0.569,0.498,-0.215,-0.067,0.26,0.113,0.571,-0.273,0.608,-0.124,-0.289,0.087,0.628,-0.353,-0.344,0.404,0.503,0.409,-0.008,1.0,0.306,0.403,0.045,0.226,0.284,0.518,0.519,0.269,0.174,-0.024,-0.33,-0.334,0.361,0.306,0.497,-0.569,-0.034,-0.177,-0.251,0.068,-0.047,-0.269,0.081,-0.332,0.504,-0.297,-0.464,0.341,0.084,0.083,0.462,0.368,0.483,-0.203,-0.364,0.633,0.253,0.294,-0.191,0.524,-0.313,0.056,-0.116,0.693,0.133,0.172,-0.226,-0.568,0.429,-0.231,0.381,0.055,0.641,0.522,-0.326,-0.32,0.04,0.22,0.334,0.316,0.49,0.548,-0.311,-0.468,0.448,-0.434,0.477,0.094,0.812,0.722,-0.55,0.623,0.312,0.49,-0.397,0.081,0.731,0.396,0.139
EBAY,0.379,0.689,0.504,0.057,0.024,0.303,0.211,0.568,-0.098,0.641,-0.068,-0.189,0.04,0.469,-0.073,-0.103,0.797,0.407,0.781,0.469,0.306,1.0,0.503,0.203,0.715,0.321,0.314,0.77,0.428,0.608,0.264,-0.387,-0.384,0.567,0.682,0.731,-0.293,0.241,0.091,-0.231,0.179,0.387,0.407,0.361,-0.098,0.597,0.13,-0.033,0.341,0.216,0.508,0.305,0.511,-0.001,0.181,-0.115,0.486,0.557,0.484,-0.434,0.626,-0.078,0.402,-0.227,0.416,0.069,0.11,0.168,-0.621,0.503,0.324,0.563,0.293,0.63,0.553,-0.169,0.137,-0.175,0.031,0.637,0.532,0.605,0.591,-0.068,0.169,0.248,-0.024,0.766,0.627,0.334,0.473,-0.16,0.529,0.554,0.523,-0.259,0.541,0.624,0.654,0.602
ERIC,0.616,0.634,0.353,0.059,0.187,0.491,-0.178,0.501,0.087,0.565,0.254,-0.015,-0.365,0.463,-0.464,-0.157,0.509,0.259,0.548,0.048,0.403,0.503,1.0,-0.158,0.188,0.175,0.223,0.522,0.325,0.231,0.296,-0.057,-0.063,0.445,0.207,0.575,-0.498,0.145,0.223,-0.119,0.331,0.136,0.14,0.347,-0.294,0.347,-0.103,-0.331,0.504,-0.151,0.434,0.562,0.61,0.112,0.13,-0.303,0.481,0.297,0.389,-0.142,0.595,-0.232,0.098,-0.296,0.482,0.18,0.267,-0.073,-0.42,0.322,0.048,0.605,-0.116,0.461,0.412,0.074,0.001,0.032,0.375,0.248,0.371,0.324,0.68,-0.365,-0.084,0.623,-0.181,0.524,0.505,0.513,0.464,-0.185,0.653,0.603,0.226,-0.257,0.365,0.477,0.596,0.214
EXC,-0.225,-0.025,0.382,-0.323,-0.38,-0.423,0.499,0.098,-0.556,-0.034,-0.363,-0.377,0.422,-0.119,0.336,-0.22,0.227,0.088,-0.131,0.185,0.045,0.203,-0.158,1.0,0.423,0.091,-0.231,-0.108,0.053,0.141,-0.346,-0.402,-0.417,-0.068,0.57,-0.084,0.235,-0.109,-0.465,-0.415,-0.241,-0.236,0.026,-0.434,-0.016,0.143,0.244,0.035,-0.467,0.061,-0.155,-0.469,-0.386,0.302,-0.295,-0.063,0.192,0.031,0.05,-0.405,-0.19,-0.069,0.21,0.139,0.095,-0.455,-0.491,-0.319,-0.133,-0.143,-0.057,-0.096,0.324,0.1,-0.092,-0.362,-0.032,-0.346,-0.642,0.197,0.099,0.467,0.069,0.219,-0.147,-0.256,-0.063,0.095,-0.177,-0.082,-0.287,-0.061,0.069,-0.055,0.443,-0.127,0.004,0.136,-0.008,-0.084
FITB,0.197,0.375,0.431,-0.086,-0.186,-0.002,0.443,0.286,-0.299,0.466,-0.305,-0.291,0.284,0.257,0.149,0.032,0.723,0.387,0.54,0.581,0.226,0.715,0.188,0.423,1.0,0.313,0.347,0.59,0.268,0.594,0.105,-0.411,-0.445,0.42,0.785,0.511,-0.031,0.199,-0.168,-0.141,-0.103,0.405,0.366,0.039,0.163,0.617,0.242,0.21,-0.018,0.388,0.281,-0.029,0.195,0.082,-0.043,-0.002,0.369,0.453,0.25,-0.455,0.377,0.033,0.431,-0.007,0.202,-0.057,0.012,0.217,-0.5,0.445,0.401,0.353,0.546,0.534,0.471,-0.347,0.228,-0.166,-0.224,0.531,0.482,0.607,0.355,0.114,0.173,-0.065,0.081,0.583,0.379,0.154,0.319,-0.089,0.416,0.19,0.542,-0.16,0.504,0.456,0.412,0.727
FLEX,0.081,0.158,0.439,0.006,0.058,-0.213,0.203,0.274,-0.102,0.244,-0.158,-0.078,0.396,0.179,0.211,0.034,0.461,0.435,0.161,0.158,0.284,0.321,0.175,0.091,0.313,1.0,-0.144,0.192,0.523,0.229,0.003,-0.331,-0.335,0.16,0.32,0.31,-0.024,0.101,-0.236,-0.479,0.022,0.149,0.199,0.103,-0.231,0.453,0.218,-0.036,-0.028,-0.032,0.252,0.111,0.048,0.328,0.316,0.237,0.346,0.312,0.439,-0.041,0.213,-0.214,0.326,-0.379,0.225,0.04,0.045,0.012,-0.276,-0.034,0.1,0.082,0.41,0.509,0.082,-0.321,-0.148,-0.13,-0.236,0.194,0.07,0.284,0.401,0.253,0.148,0.345,0.003,0.021,0.219,0.211,0.249,-0.058,0.314,0.337,0.661,-0.167,0.103,0.31,0.327,0.292
FTNT,0.385,0.367,0.023,0.094,0.067,0.502,-0.005,0.24,0.079,0.519,-0.027,0.011,-0.079,0.425,-0.388,0.082,0.265,0.21,0.616,0.233,0.518,0.314,0.223,-0.231,0.347,-0.144,1.0,0.616,0.135,0.338,0.317,0.048,0.031,0.248,0.25,0.477,-0.472,0.246,0.115,0.365,0.119,0.45,0.04,0.245,0.175,0.399,-0.341,-0.059,0.452,0.394,0.207,0.384,0.504,-0.049,-0.081,-0.228,0.236,0.188,0.085,-0.012,0.447,0.119,-0.052,0.152,0.234,0.446,0.526,0.35,-0.333,0.609,0.188,0.292,0.005,0.382,0.73,-0.079,0.151,0.328,0.444,0.224,0.355,0.25,0.184,-0.266,-0.02,0.108,-0.063,0.559,0.157,0.551,0.714,-0.171,0.354,0.008,0.048,0.005,0.275,0.468,0.152,0.465
GEN,0.52,0.803,0.335,0.099,0.06,0.505,0.066,0.533,0.011,0.717,-0.025,-0.149,-0.003,0.693,-0.26,-0.128,0.75,0.419,0.855,0.391,0.519,0.77,0.522,-0.108,0.59,0.192,0.616,1.0,0.295,0.439,0.328,-0.25,-0.26,0.743,0.429,0.826,-0.44,0.134,0.261,-0.019,0.168,0.426,0.265,0.538,-0.088,0.718,-0.048,-0.034,0.57,0.233,0.42,0.573,0.675,0.067,0.081,-0.238,0.569,0.533,0.339,-0.244,0.794,-0.117,0.285,-0.217,0.493,0.175,0.392,0.286,-0.67,0.741,0.25,0.636,0.211,0.684,0.716,-0.126,0.075,0.077,0.364,0.513,0.55,0.543,0.625,-0.317,-0.014,0.354,-0.074,0.845,0.638,0.479,0.75,-0.269,0.609,0.431,0.39,-0.332,0.537,0.698,0.672,0.644
GERN,0.007,0.164,0.405,0.448,0.463,0.072,-0.029,0.483,0.126,0.486,0.156,0.392,0.298,0.054,0.142,0.347,0.291,-0.013,0.471,0.437,0.269,0.428,0.325,0.053,0.268,0.523,0.135,0.295,1.0,0.564,0.61,-0.106,-0.112,0.322,0.317,0.519,0.016,0.701,0.114,-0.376,0.594,0.409,0.569,0.382,0.178,0.414,0.448,0.198,0.217,0.397,0.686,0.035,0.168,-0.083,0.515,0.329,0.077,0.274,0.754,-0.055,0.221,0.384,0.513,-0.516,0.379,0.527,-0.027,0.28,-0.284,0.193,0.442,0.214,0.366,0.452,0.108,0.059,0.34,0.239,-0.137,0.479,0.011,0.271,0.249,0.27,0.35,0.428,0.385,0.328,0.478,0.248,0.361,0.266,0.142,0.504,0.601,0.237,0.603,0.31,0.443,0.328
GEVO,0.045,0.191,0.365,0.164,0.188,0.04,0.266,0.46,-0.039,0.485,0.071,0.115,0.15,0.167,0.091,0.223,0.463,0.051,0.486,0.604,0.174,0.608,0.231,0.141,0.594,0.229,0.338,0.439,0.564,1.0,0.408,-0.176,-0.18,0.44,0.618,0.498,0.088,0.662,0.083,-0.191,0.267,0.386,0.495,0.242,0.348,0.401,0.33,0.259,0.077,0.515,0.588,-0.04,0.131,-0.233,0.233,0.224,-0.068,0.319,0.521,-0.382,0.325,0.429,0.524,-0.138,0.298,0.409,-0.083,0.334,-0.279,0.459,0.425,0.323,0.438,0.512,0.305,0.083,0.54,0.156,-0.112,0.614,0.277,0.379,0.191,0.342,0.419,0.037,0.398,0.46,0.555,0.206,0.4,0.203,0.157,0.309,0.45,0.104,0.63,0.296,0.376,0.573
GILD,0.123,0.134,-0.03,0.753,0.678,0.466,-0.283,0.154,0.587,0.343,0.395,0.672,0.004,0.011,0.055,0.523,-0.012,-0.325,0.56,0.512,-0.024,0.264,0.296,-0.346,0.105,0.003,0.317,0.328,0.61,0.408,1.0,0.323,0.322,0.35,-0.003,0.504,0.116,0.758,0.553,0.137,0.699,0.66,0.698,0.666,0.427,0.124,0.453,0.518,0.522,0.513,0.728,0.221,0.409,-0.534,0.582,0.468,-0.222,0.234,0.527,0.163,0.275,0.597,0.471,-0.41,0.063,0.787,0.2,0.628,-0.073,0.292,0.686,0.361,0.218,0.148,0.189,0.394,0.526,0.489,0.321,0.261,0.073,-0.041,-0.014,0.121,0.491,0.311,0.542,0.32,0.59,0.071,0.323,0.5,-0.077,0.355,0.033,0.521,0.653,0.004,0.29,0.34
GOOG,-0.159,-0.28,-0.558,0.459,0.497,0.368,-0.493,-0.461,0.682,-0.258,0.685,0.575,-0.247,-0.302,-0.03,0.376,-0.416,-0.464,-0.118,-0.051,-0.33,-0.387,-0.057,-0.402,-0.411,-0.331,0.048,-0.25,-0.106,-0.176,0.323,1.0,0.991,-0.301,-0.359,-0.266,0.118,0.312,0.58,0.304,0.232,0.237,0.241,0.263,0.308,-0.317,-0.02,0.317,0.238,0.124,0.176,-0.03,0.107,-0.204,0.298,0.193,-0.39,-0.15,-0.109,0.713,-0.029,0.338,-0.194,0.027,-0.493,0.447,0.482,0.353,0.761,-0.158,0.214,-0.237,-0.206,-0.399,-0.18,0.625,0.268,0.565,0.374,-0.427,-0.346,-0.607,-0.385,0.109,0.296,-0.063,0.367,-0.334,-0.035,-0.254,-0.14,0.615,-0.417,-0.256,-0.505,0.617,0.073,-0.48,-0.319,-0.111
GOOGL,-0.176,-0.284,-0.558,0.452,0.48,0.363,-0.48,-0.461,0.692,-0.265,0.688,0.589,-0.23,-0.302,-0.024,0.36,-0.433,-0.463,-0.12,-0.031,-0.334,-0.384,-0.063,-0.417,-0.445,-0.335,0.031,-0.26,-0.112,-0.18,0.322,0.991,1.0,-0.304,-0.356,-0.274,0.115,0.301,0.575,0.3,0.267,0.208,0.229,0.247,0.292,-0.35,-0.018,0.309,0.235,0.115,0.162,-0.024,0.101,-0.216,0.311,0.214,-0.41,-0.157,-0.1,0.702,-0.035,0.337,-0.191,0.007,-0.502,0.446,0.465,0.345,0.758,-0.162,0.205,-0.243,-0.203,-0.416,-0.183,0.603,0.256,0.558,0.359,-0.422,-0.324,-0.616,-0.411,0.132,0.319,-0.066,0.356,-0.321,-0.044,-0.259,-0.168,0.6,-0.42,-0.233,-0.522,0.611,0.042,-0.492,-0.311,-0.124
GT,0.337,0.663,0.395,0.143,0.143,0.35,0.095,0.62,-0.054,0.611,0.166,0.023,-0.054,0.55,-0.203,-0.203,0.62,0.179,0.65,0.411,0.361,0.567,0.445,-0.068,0.42,0.16,0.248,0.743,0.322,0.44,0.35,-0.301,-0.304,1.0,0.287,0.746,-0.197,0.237,0.346,-0.254,0.354,0.151,0.316,0.56,-0.011,0.521,0.181,0.01,0.475,0.152,0.457,0.43,0.45,-0.107,0.146,-0.124,0.301,0.415,0.408,-0.473,0.689,-0.036,0.416,-0.401,0.625,0.113,0.067,0.087,-0.604,0.706,0.173,0.633,0.232,0.664,0.297,0.018,0.155,0.021,0.171,0.599,0.495,0.436,0.578,-0.296,-0.037,0.421,-0.017,0.701,0.74,0.338,0.589,-0.24,0.418,0.537,0.326,-0.346,0.559,0.492,0.809,0.391
HBAN,0.158,0.305,0.395,-0.183,-0.222,-0.034,0.553,0.399,-0.361,0.489,-0.191,-0.295,0.312,0.313,0.084,-0.16,0.675,0.334,0.434,0.564,0.306,0.682,0.207,0.57,0.785,0.32,0.25,0.429,0.317,0.618,-0.003,-0.359,-0.356,0.287,1.0,0.41,-0.072,0.167,-0.281,-0.278,-0.024,0.126,0.252,-0.084,0.124,0.554,0.197,0.019,-0.114,0.289,0.244,-0.046,0.115,0.255,-0.107,-0.089,0.335,0.309,0.366,-0.495,0.333,-0.01,0.415,-0.047,0.289,-0.079,-0.068,-0.02,-0.365,0.312,0.206,0.304,0.489,0.516,0.458,-0.364,0.168,-0.093,-0.32,0.554,0.482,0.684,0.3,0.218,0.089,-0.073,0.031,0.509,0.238,0.261,0.231,-0.096,0.439,0.247,0.585,-0.2,0.409,0.497,0.307,0.455
HST,0.51,0.707,0.456,0.279,0.243,0.525,-0.009,0.658,0.066,0.783,0.036,0.116,-0.041,0.591,-0.243,-0.001,0.621,0.327,0.83,0.413,0.497,0.731,0.575,-0.084,0.511,0.31,0.477,0.826,0.519,0.498,0.504,-0.266,-0.274,0.746,0.41,1.0,-0.364,0.342,0.221,-0.218,0.419,0.461,0.398,0.562,-0.078,0.567,0.091,0.002,0.608,0.311,0.691,0.515,0.697,-0.068,0.309,-0.056,0.448,0.498,0.615,-0.287,0.695,-0.004,0.427,-0.315,0.557,0.35,0.243,0.262,-0.678,0.592,0.327,0.663,0.245,0.735,0.572,-0.111,0.084,0.097,0.254,0.578,0.524,0.508,0.603,-0.22,0.03,0.51,0.042,0.775,0.711,0.545,0.72,-0.244,0.544,0.531,0.501,-0.103,0.573,0.632,0.706,0.582
INTC,-0.556,-0.594,-0.177,0.27,0.142,-0.513,0.149,-0.428,0.155,-0.524,-0.086,0.306,0.332,-0.627,0.699,0.449,-0.412,-0.405,-0.44,0.361,-0.569,-0.293,-0.498,0.235,-0.031,-0.024,-0.472,-0.44,0.016,0.088,0.116,0.118,0.115,-0.197,-0.072,-0.364,1.0,0.244,-0.021,0.002,-0.112,0.009,0.379,-0.058,0.504,-0.359,0.723,0.701,-0.477,0.302,-0.026,-0.524,-0.61,-0.376,0.291,0.66,-0.63,-0.216,-0.025,0.06,-0.526,0.499,0.404,0.074,-0.499,0.036,-0.454,0.227,0.415,-0.296,0.322,-0.298,0.363,-0.365,-0.457,0.205,0.359,0.006,-0.394,-0.095,-0.28,-0.193,-0.471,0.634,0.428,-0.415,0.619,-0.452,0.044,-0.603,-0.513,0.597,-0.625,-0.217,-0.039,0.42,0.103,-0.595,-0.365,-0.096
IOVA,-0.209,-0.116,0.084,0.618,0.6,0.182,-0.097,0.209,0.419,0.246,0.422,0.637,0.069,-0.202,0.179,0.598,0.008,-0.37,0.34,0.56,-0.034,0.241,0.145,-0.109,0.199,0.101,0.246,0.134,0.701,0.662,0.758,0.312,0.301,0.237,0.167,0.342,0.244,1.0,0.411,-0.078,0.594,0.555,0.738,0.414,0.603,0.062,0.492,0.498,0.235,0.608,0.755,-0.116,0.081,-0.542,0.54,0.472,-0.41,0.195,0.574,0.049,0.111,0.773,0.448,-0.29,0.022,0.791,0.069,0.571,0.114,0.224,0.654,0.056,0.336,0.214,0.002,0.444,0.725,0.449,0.036,0.353,-0.083,-0.059,-0.107,0.366,0.589,0.149,0.632,0.166,0.524,-0.001,0.262,0.604,-0.278,0.219,0.174,0.623,0.684,-0.095,0.197,0.354
IQ,0.047,0.271,-0.187,0.48,0.515,0.467,-0.431,0.049,0.616,0.09,0.773,0.517,-0.259,0.008,-0.04,0.254,-0.02,-0.392,0.326,0.123,-0.177,0.091,0.223,-0.465,-0.168,-0.236,0.115,0.261,0.114,0.083,0.553,0.58,0.575,0.346,-0.281,0.221,-0.021,0.411,1.0,0.159,0.495,0.283,0.42,0.61,0.227,-0.048,0.119,0.249,0.513,0.076,0.441,0.259,0.381,-0.384,0.418,0.085,-0.129,0.134,0.153,0.339,0.388,0.338,0.041,-0.291,-0.026,0.42,0.366,0.472,0.269,0.232,0.292,0.237,-0.156,-0.012,-0.024,0.623,0.375,0.397,0.437,0.048,-0.031,-0.311,0.031,-0.138,0.226,0.27,0.267,0.171,0.512,-0.073,0.183,0.43,-0.186,0.244,-0.275,0.227,0.419,-0.114,0.288,0.122
JBLU,0.139,-0.126,-0.456,0.112,0.056,0.316,-0.092,-0.308,0.356,-0.127,-0.037,0.026,-0.306,-0.035,-0.193,0.231,-0.3,-0.159,0.019,-0.058,-0.251,-0.231,-0.119,-0.415,-0.141,-0.479,0.365,-0.019,-0.376,-0.191,0.137,0.304,0.3,-0.254,-0.278,-0.218,0.002,-0.078,0.159,1.0,-0.16,0.267,-0.086,0.045,0.261,-0.256,-0.254,0.067,0.159,0.005,-0.155,0.212,0.174,-0.313,-0.092,-0.013,-0.234,-0.116,-0.425,0.284,-0.055,0.183,-0.293,0.342,-0.292,0.18,0.343,0.344,0.187,0.094,0.169,-0.05,-0.231,-0.325,0.303,0.216,0.166,0.188,0.48,-0.227,0.099,-0.212,-0.333,-0.15,0.027,-0.267,0.106,-0.088,-0.115,-0.116,0.001,0.173,-0.067,-0.281,-0.532,0.152,-0.104,-0.104,-0.408,0.081
JD,0.079,0.192,0.167,0.493,0.565,0.396,-0.349,0.374,0.424,0.392,0.581,0.708,-0.054,0.058,-0.154,0.233,-0.008,-0.311,0.438,0.315,0.068,0.179,0.331,-0.241,-0.103,0.022,0.119,0.168,0.594,0.267,0.699,0.232,0.267,0.354,-0.024,0.419,-0.112,0.594,0.495,-0.16,1.0,0.238,0.434,0.457,0.079,0.024,0.238,0.174,0.45,0.194,0.639,0.183,0.398,-0.358,0.46,0.218,-0.143,0.169,0.636,0.012,0.297,0.367,0.295,-0.546,0.288,0.557,0.109,0.22,-0.054,0.191,0.298,0.331,-0.01,0.198,-0.043,0.348,0.282,0.376,0.191,0.294,0.079,-0.126,0.073,-0.025,0.261,0.463,0.255,0.316,0.418,0.215,0.186,0.258,-0.002,0.547,0.038,0.327,0.446,0.056,0.474,0.039
KDP,0.104,0.119,-0.092,0.613,0.453,0.47,-0.091,-0.014,0.461,0.339,0.056,0.34,0.001,0.035,0.064,0.544,0.206,0.01,0.556,0.437,-0.047,0.387,0.136,-0.236,0.405,0.149,0.45,0.426,0.409,0.386,0.66,0.237,0.208,0.151,0.126,0.461,0.009,0.555,0.283,0.267,0.238,1.0,0.681,0.522,0.37,0.28,0.199,0.49,0.461,0.633,0.611,0.134,0.444,-0.408,0.412,0.352,-0.033,0.438,0.295,0.235,0.255,0.437,0.291,-0.106,-0.142,0.594,0.415,0.723,-0.132,0.34,0.823,0.174,0.344,0.211,0.368,0.144,0.455,0.258,0.273,0.215,0.118,0.035,0.037,0.106,0.498,0.052,0.478,0.328,0.424,-0.038,0.35,0.36,0.011,0.038,0.072,0.53,0.525,0.119,0.13,0.609
KHC,-0.202,0.014,0.036,0.718,0.507,0.21,0.009,0.06,0.46,0.236,0.267,0.548,0.189,-0.168,0.375,0.609,0.237,-0.322,0.42,0.72,-0.269,0.407,0.14,0.026,0.366,0.199,0.04,0.265,0.569,0.495,0.698,0.241,0.229,0.316,0.252,0.398,0.379,0.738,0.42,-0.086,0.434,0.681,1.0,0.564,0.459,0.187,0.667,0.68,0.285,0.586,0.733,-0.088,0.147,-0.497,0.571,0.496,-0.221,0.314,0.487,0.059,0.212,0.602,0.608,-0.326,-0.117,0.523,0.08,0.606,0.032,0.242,0.88,0.134,0.502,0.233,0.018,0.364,0.71,0.229,0.009,0.334,0.087,0.096,0.051,0.277,0.621,0.141,0.649,0.26,0.677,-0.236,0.121,0.615,-0.227,0.215,0.216,0.534,0.754,-0.085,0.242,0.448
LRCX,0.184,0.463,-0.034,0.752,0.656,0.608,-0.302,0.276,0.556,0.412,0.368,0.397,-0.118,0.298,-0.07,0.269,0.249,-0.076,0.606,0.334,0.081,0.361,0.347,-0.434,0.039,0.103,0.245,0.538,0.382,0.242,0.666,0.263,0.247,0.56,-0.084,0.562,-0.058,0.414,0.61,0.045,0.457,0.522,0.564,1.0,0.078,0.318,0.217,0.294,0.71,0.293,0.642,0.481,0.583,-0.343,0.536,0.154,0.105,0.328,0.382,0.191,0.554,0.175,0.361,-0.373,0.252,0.517,0.365,0.503,-0.186,0.45,0.464,0.364,0.075,0.37,0.172,0.432,0.284,0.269,0.522,0.253,0.108,0.036,0.37,-0.171,0.252,0.385,0.244,0.377,0.718,0.142,0.541,0.248,0.065,0.328,0.064,0.169,0.557,0.206,0.435,0.315
LYFT,-0.394,-0.423,-0.416,0.408,0.292,-0.101,0.228,-0.226,0.229,-0.142,0.134,0.34,0.17,-0.421,0.361,0.496,-0.231,-0.435,-0.007,0.505,-0.332,-0.098,-0.294,-0.016,0.163,-0.231,0.175,-0.088,0.178,0.348,0.427,0.308,0.292,-0.011,0.124,-0.078,0.504,0.603,0.227,0.261,0.079,0.37,0.459,0.078,1.0,-0.145,0.456,0.619,-0.171,0.575,0.223,-0.391,-0.237,-0.486,0.17,0.401,-0.6,-0.113,0.062,0.048,-0.297,0.767,0.242,0.063,-0.376,0.411,-0.063,0.542,0.303,0.12,0.536,-0.254,0.364,-0.253,-0.049,0.311,0.692,0.363,-0.154,0.153,-0.166,-0.085,-0.515,0.408,0.507,-0.427,0.637,-0.066,0.139,-0.366,-0.064,0.599,-0.45,-0.3,-0.13,0.522,0.446,-0.34,-0.24,0.198
MARA,0.357,0.518,0.389,-0.041,-0.094,0.165,0.108,0.388,-0.206,0.593,-0.139,-0.285,0.206,0.649,-0.161,-0.146,0.754,0.494,0.596,0.326,0.504,0.597,0.347,0.143,0.617,0.453,0.399,0.718,0.414,0.401,0.124,-0.317,-0.35,0.521,0.554,0.567,-0.359,0.062,-0.048,-0.256,0.024,0.28,0.187,0.318,-0.145,1.0,-0.003,-0.033,0.237,0.16,0.209,0.303,0.334,0.437,-0.024,-0.162,0.592,0.475,0.363,-0.221,0.623,-0.202,0.324,-0.244,0.47,0.032,0.261,0.089,-0.573,0.453,0.137,0.399,0.309,0.697,0.563,-0.351,-0.007,0.179,0.038,0.348,0.302,0.607,0.593,-0.131,-0.033,0.33,-0.118,0.566,0.325,0.422,0.578,-0.237,0.58,0.317,0.542,-0.361,0.4,0.616,0.525,0.581
MCHP,-0.402,-0.199,0.103,0.458,0.307,-0.265,0.144,-0.049,0.192,-0.051,0.025,0.357,0.443,-0.343,0.615,0.414,-0.001,-0.325,0.016,0.678,-0.297,0.13,-0.103,0.244,0.242,0.218,-0.341,-0.048,0.448,0.33,0.453,-0.02,-0.018,0.181,0.197,0.091,0.723,0.492,0.119,-0.254,0.238,0.199,0.667,0.217,0.456,-0.003,1.0,0.703,-0.12,0.424,0.357,-0.262,-0.266,-0.325,0.441,0.636,-0.316,0.137,0.403,-0.121,-0.117,0.495,0.824,-0.332,-0.15,0.217,-0.399,0.286,0.032,-0.012,0.569,0.032,0.532,0.019,-0.239,0.165,0.477,-0.009,-0.312,0.285,-0.109,0.108,-0.108,0.518,0.452,0.026,0.598,-0.019,0.424,-0.41,-0.192,0.555,-0.308,0.146,0.319,0.361,0.528,-0.253,0.129,0.141
MDLZ,-0.423,-0.353,-0.264,0.582,0.328,-0.113,0.038,-0.374,0.374,-0.191,0.083,0.466,0.392,-0.425,0.595,0.589,-0.194,-0.428,0.024,0.652,-0.464,-0.033,-0.331,0.035,0.21,-0.036,-0.059,-0.034,0.198,0.259,0.518,0.317,0.309,0.01,0.019,0.002,0.701,0.498,0.249,0.067,0.174,0.49,0.68,0.294,0.619,-0.033,0.703,1.0,-0.103,0.606,0.296,-0.379,-0.188,-0.485,0.372,0.662,-0.518,0.076,0.151,0.153,-0.189,0.639,0.536,-0.082,-0.47,0.357,-0.096,0.593,0.284,-0.009,0.693,-0.151,0.489,-0.158,-0.18,0.226,0.546,0.258,-0.158,0.032,-0.21,-0.166,-0.38,0.54,0.637,-0.312,0.713,-0.078,0.246,-0.512,-0.191,0.683,-0.494,-0.207,-0.031,0.618,0.437,-0.448,-0.148,0.296
META,0.451,0.602,0.076,0.432,0.53,0.84,-0.376,0.36,0.52,0.565,0.34,0.284,-0.337,0.523,-0.464,0.029,0.23,0.052,0.629,0.095,0.341,0.341,0.504,-0.467,-0.018,-0.028,0.452,0.57,0.217,0.077,0.522,0.238,0.235,0.475,-0.114,0.608,-0.477,0.235,0.513,0.159,0.45,0.461,0.285,0.71,-0.171,0.237,-0.12,-0.103,1.0,0.113,0.535,0.733,0.79,-0.197,0.342,-0.055,0.3,0.417,0.345,0.15,0.701,-0.066,0.119,-0.261,0.345,0.487,0.507,0.26,-0.321,0.532,0.295,0.478,-0.121,0.4,0.425,0.299,0.011,0.222,0.722,0.174,0.248,0.056,0.463,-0.434,-0.059,0.606,0.004,0.455,0.532,0.41,0.622,-0.09,0.31,0.395,-0.04,0.078,0.333,0.351,0.47,0.231
MNST,-0.273,-0.106,-0.035,0.543,0.276,0.14,0.186,0.003,0.109,0.279,-0.039,0.359,0.29,-0.159,0.288,0.455,0.042,-0.185,0.307,0.676,0.084,0.216,-0.151,0.061,0.388,-0.032,0.394,0.233,0.397,0.515,0.513,0.124,0.115,0.152,0.289,0.311,0.302,0.608,0.076,0.005,0.194,0.633,0.586,0.293,0.575,0.16,0.424,0.606,0.113,1.0,0.423,-0.221,0.047,-0.334,0.23,0.365,-0.234,0.161,0.278,-0.001,0.015,0.628,0.486,0.006,-0.071,0.531,-0.013,0.516,-0.077,0.385,0.685,-0.017,0.497,0.184,0.141,0.093,0.542,0.248,-0.071,0.439,0.094,0.158,-0.184,0.313,0.389,-0.205,0.505,0.295,0.248,-0.084,0.275,0.307,-0.181,-0.131,0.216,0.527,0.557,0.06,-0.012,0.397
MRNA,0.149,0.316,0.233,0.624,0.636,0.48,-0.163,0.47,0.443,0.56,0.408,0.51,-0.098,0.142,-0.024,0.377,0.304,-0.149,0.6,0.456,0.083,0.508,0.434,-0.155,0.281,0.252,0.207,0.42,0.686,0.588,0.728,0.176,0.162,0.457,0.244,0.691,-0.026,0.755,0.441,-0.155,0.639,0.611,0.733,0.642,0.223,0.209,0.357,0.296,0.535,0.423,1.0,0.204,0.515,-0.419,0.567,0.266,-0.012,0.419,0.742,-0.015,0.425,0.398,0.47,-0.407,0.255,0.625,0.175,0.465,-0.161,0.346,0.614,0.391,0.261,0.439,0.182,0.363,0.479,0.27,0.207,0.461,0.159,0.128,0.265,0.101,0.383,0.359,0.501,0.413,0.756,0.219,0.406,0.355,0.063,0.461,0.331,0.436,0.733,0.202,0.464,0.456
MRVL,0.652,0.642,0.111,0.06,0.185,0.654,-0.282,0.411,0.329,0.443,0.091,-0.034,-0.412,0.687,-0.581,-0.247,0.331,0.384,0.508,-0.045,0.462,0.305,0.562,-0.469,-0.029,0.111,0.384,0.573,0.035,-0.04,0.221,-0.03,-0.024,0.43,-0.046,0.515,-0.524,-0.116,0.259,0.212,0.183,0.134,-0.088,0.481,-0.391,0.303,-0.262,-0.379,0.733,-0.221,0.204,1.0,0.735,0.056,0.146,-0.25,0.437,0.241,0.149,0.029,0.723,-0.356,0.054,-0.202,0.427,0.263,0.489,-0.004,-0.446,0.37,-0.066,0.592,-0.232,0.459,0.587,0.011,-0.292,0.062,0.755,0.078,0.382,0.128,0.56,-0.546,-0.268,0.624,-0.331,0.364,0.401,0.482,0.595,-0.352,0.516,0.383,-0.024,-0.338,0.053,0.44,0.448,0.165
MSFT,0.645,0.76,0.083,0.265,0.303,0.836,-0.24,0.451,0.319,0.66,0.268,0.101,-0.387,0.573,-0.544,-0.143,0.439,0.237,0.772,0.096,0.368,0.511,0.61,-0.386,0.195,0.048,0.504,0.675,0.168,0.131,0.409,0.107,0.101,0.45,0.115,0.697,-0.61,0.081,0.381,0.174,0.398,0.444,0.147,0.583,-0.237,0.334,-0.266,-0.188,0.79,0.047,0.515,0.735,1.0,-0.047,0.146,-0.309,0.476,0.402,0.312,0.009,0.714,-0.213,0.071,-0.24,0.386,0.293,0.534,0.151,-0.432,0.476,0.176,0.629,-0.177,0.447,0.579,0.075,-0.089,0.092,0.633,0.303,0.451,0.181,0.525,-0.525,-0.11,0.446,-0.178,0.62,0.468,0.479,0.596,-0.211,0.573,0.399,0.04,-0.103,0.318,0.53,0.532,0.32
MSTR,0.235,0.237,0.29,-0.514,-0.415,-0.149,0.137,0.089,-0.493,0.089,-0.208,-0.543,0.22,0.356,-0.128,-0.449,0.304,0.501,-0.104,-0.334,0.483,-0.001,0.112,0.302,0.082,0.328,-0.049,0.067,-0.083,-0.233,-0.534,-0.204,-0.216,-0.107,0.255,-0.068,-0.376,-0.542,-0.384,-0.313,-0.358,-0.408,-0.497,-0.343,-0.486,0.437,-0.325,-0.485,-0.197,-0.334,-0.419,0.056,-0.047,1.0,-0.394,-0.389,0.667,0.011,-0.111,0.04,0.145,-0.597,-0.197,0.07,0.275,-0.459,0.05,-0.481,-0.165,-0.126,-0.531,0.006,-0.085,0.181,0.167,-0.477,-0.558,-0.053,-0.162,-0.084,0.03,0.377,0.314,-0.123,-0.527,0.138,-0.522,0.032,-0.383,0.352,0.094,-0.46,0.531,0.003,0.385,-0.514,-0.294,0.431,0.031,-0.081
MU,-0.121,-0.018,0.098,0.633,0.715,0.143,-0.374,-0.025,0.621,0.032,0.314,0.623,0.043,-0.145,0.288,0.536,-0.081,-0.047,0.223,0.262,-0.203,0.181,0.13,-0.295,-0.043,0.316,-0.081,0.081,0.515,0.233,0.582,0.298,0.311,0.146,-0.107,0.309,0.291,0.54,0.418,-0.092,0.46,0.412,0.571,0.536,0.17,-0.024,0.441,0.372,0.342,0.23,0.567,0.146,0.146,-0.394,1.0,0.667,-0.241,0.097,0.526,0.344,0.122,0.307,0.34,-0.309,-0.146,0.542,0.176,0.547,0.131,-0.02,0.438,-0.008,0.24,0.041,-0.077,0.382,0.178,0.295,0.091,-0.012,-0.162,-0.18,-0.003,0.393,0.604,0.317,0.545,-0.062,0.486,-0.079,0.081,0.498,-0.22,0.327,0.152,0.432,0.301,-0.193,0.262,0.316
MVIS,-0.33,-0.461,0.017,0.484,0.506,-0.208,-0.115,-0.349,0.478,-0.277,0.001,0.502,0.351,-0.337,0.563,0.6,-0.351,-0.179,-0.134,0.358,-0.364,-0.115,-0.303,-0.063,-0.002,0.237,-0.228,-0.238,0.329,0.224,0.468,0.193,0.214,-0.124,-0.089,-0.056,0.66,0.472,0.085,-0.013,0.218,0.352,0.496,0.154,0.401,-0.162,0.636,0.662,-0.055,0.365,0.266,-0.25,-0.309,-0.389,0.667,1.0,-0.516,0.056,0.33,0.259,-0.239,0.472,0.414,-0.136,-0.408,0.44,-0.165,0.49,0.255,-0.236,0.503,-0.209,0.481,-0.212,-0.226,0.246,0.245,0.312,-0.171,-0.153,-0.347,-0.203,-0.425,0.683,0.644,-0.084,0.693,-0.34,0.154,-0.304,-0.239,0.594,-0.448,0.03,0.065,0.603,0.167,-0.477,-0.133,0.249
NFLX,0.536,0.786,0.493,-0.282,-0.252,0.259,0.104,0.458,-0.322,0.541,-0.219,-0.537,0.082,0.63,-0.249,-0.401,0.674,0.621,0.457,-0.155,0.633,0.486,0.481,0.192,0.369,0.346,0.236,0.569,0.077,-0.068,-0.222,-0.39,-0.41,0.301,0.335,0.448,-0.63,-0.41,-0.129,-0.234,-0.143,-0.033,-0.221,0.105,-0.6,0.592,-0.316,-0.518,0.3,-0.234,-0.012,0.437,0.476,0.667,-0.241,-0.516,1.0,0.381,0.071,-0.104,0.571,-0.622,-0.032,-0.123,0.553,-0.324,0.206,-0.236,-0.596,0.274,-0.22,0.436,-0.054,0.529,0.454,-0.425,-0.447,-0.302,0.131,0.252,0.401,0.575,0.733,-0.452,-0.521,0.413,-0.591,0.533,0.124,0.558,0.467,-0.577,0.772,0.311,0.497,-0.593,0.036,0.782,0.452,0.204
NNDM,0.377,0.442,0.372,0.105,0.101,0.362,-0.073,0.303,0.149,0.496,0.027,-0.073,-0.006,0.497,-0.173,0.013,0.489,0.278,0.519,0.265,0.253,0.557,0.297,0.031,0.453,0.312,0.188,0.533,0.274,0.319,0.234,-0.15,-0.157,0.415,0.309,0.498,-0.216,0.195,0.134,-0.116,0.169,0.438,0.314,0.328,-0.113,0.475,0.137,0.076,0.417,0.161,0.419,0.241,0.402,0.011,0.097,0.056,0.381,1.0,0.43,-0.163,0.569,-0.062,0.34,-0.309,0.244,0.094,0.216,0.198,-0.413,0.356,0.37,0.503,0.194,0.479,0.342,-0.105,0.067,-0.081,0.092,0.38,0.273,0.238,0.429,-0.032,0.077,0.316,0.11,0.429,0.444,0.195,0.388,-0.102,0.379,0.391,0.247,0.005,0.359,0.422,0.429,0.442
NVAX,0.117,0.26,0.475,0.346,0.499,0.176,-0.13,0.45,0.22,0.533,0.233,0.37,0.098,0.28,0.003,0.141,0.276,0.05,0.483,0.407,0.294,0.484,0.389,0.05,0.25,0.439,0.085,0.339,0.754,0.521,0.527,-0.109,-0.1,0.408,0.366,0.615,-0.025,0.574,0.153,-0.425,0.636,0.295,0.487,0.382,0.062,0.363,0.403,0.151,0.345,0.278,0.742,0.149,0.312,-0.111,0.526,0.33,0.071,0.43,1.0,-0.208,0.357,0.154,0.552,-0.446,0.339,0.424,-0.033,0.16,-0.311,0.232,0.331,0.358,0.332,0.449,0.209,0.087,0.172,0.306,-0.035,0.399,0.07,0.325,0.321,0.207,0.298,0.465,0.375,0.34,0.51,0.42,0.311,0.186,0.19,0.629,0.532,0.21,0.557,0.246,0.541,0.333
NVDA,-0.128,-0.263,-0.408,0.381,0.389,0.188,-0.497,-0.473,0.611,-0.302,0.305,0.351,0.011,-0.241,0.165,0.465,-0.414,-0.154,-0.211,-0.297,-0.191,-0.434,-0.142,-0.405,-0.455,-0.041,-0.012,-0.244,-0.055,-0.382,0.163,0.713,0.702,-0.473,-0.495,-0.287,0.06,0.049,0.339,0.284,0.012,0.235,0.059,0.191,0.048,-0.221,-0.121,0.153,0.15,-0.001,-0.015,0.029,0.009,0.04,0.344,0.259,-0.104,-0.163,-0.208,1.0,-0.119,0.163,-0.315,-0.044,-0.428,0.338,0.503,0.42,0.597,-0.329,0.121,-0.362,-0.171,-0.359,-0.189,0.414,0.01,0.432,0.319,-0.541,-0.441,-0.535,-0.365,0.13,0.125,-0.006,0.235,-0.45,-0.166,-0.188,-0.091,0.435,-0.322,-0.318,-0.306,0.441,-0.193,-0.308,-0.38,-0.095
NWL,0.599,0.783,0.385,0.078,0.163,0.652,-0.145,0.546,0.206,0.712,0.281,-0.063,-0.202,0.769,-0.453,-0.199,0.689,0.367,0.721,0.257,0.524,0.626,0.595,-0.19,0.377,0.213,0.447,0.794,0.221,0.325,0.275,-0.029,-0.035,0.689,0.333,0.695,-0.526,0.111,0.388,-0.055,0.297,0.255,0.212,0.554,-0.297,0.623,-0.117,-0.189,0.701,0.015,0.425,0.723,0.714,0.145,0.122,-0.239,0.571,0.569,0.357,-0.119,1.0,-0.243,0.229,-0.346,0.558,0.233,0.49,0.092,-0.453,0.603,0.149,0.695,0.013,0.743,0.583,0.074,-0.027,0.129,0.527,0.385,0.488,0.343,0.666,-0.399,-0.163,0.581,-0.181,0.642,0.62,0.528,0.713,-0.257,0.606,0.538,0.237,-0.325,0.403,0.625,0.692,0.448
OCGN,-0.421,-0.414,-0.233,0.534,0.358,-0.042,0.049,-0.052,0.35,-0.07,0.243,0.588,0.196,-0.472,0.378,0.706,-0.296,-0.573,0.013,0.508,-0.313,-0.078,-0.232,-0.069,0.033,-0.214,0.119,-0.117,0.384,0.429,0.597,0.338,0.337,-0.036,-0.01,-0.004,0.499,0.773,0.338,0.183,0.367,0.437,0.602,0.175,0.767,-0.202,0.495,0.639,-0.066,0.628,0.398,-0.356,-0.213,-0.597,0.307,0.472,-0.622,-0.062,0.154,0.163,-0.243,1.0,0.324,-0.098,-0.235,0.617,-0.099,0.628,0.322,0.049,0.636,-0.176,0.269,-0.132,-0.169,0.416,0.804,0.374,-0.08,0.248,-0.136,-0.219,-0.474,0.433,0.494,-0.192,0.66,-0.04,0.258,-0.363,-0.043,0.637,-0.536,-0.151,-0.102,0.655,0.466,-0.307,-0.192,0.144
ON,-0.153,0.135,0.268,0.392,0.24,-0.047,0.177,0.239,0.113,0.326,-0.07,0.24,0.373,0.056,0.337,0.249,0.316,-0.036,0.338,0.78,0.056,0.402,0.098,0.21,0.431,0.326,-0.052,0.285,0.513,0.524,0.471,-0.194,-0.191,0.416,0.415,0.427,0.404,0.448,0.041,-0.293,0.295,0.291,0.608,0.361,0.242,0.324,0.824,0.536,0.119,0.486,0.47,0.054,0.071,-0.197,0.34,0.414,-0.032,0.34,0.552,-0.315,0.229,0.324,1.0,-0.338,0.161,0.274,-0.254,0.213,-0.33,0.281,0.535,0.32,0.547,0.409,0.119,-0.052,0.372,-0.035,-0.105,0.489,0.199,0.356,0.264,0.291,0.324,0.264,0.368,0.307,0.544,-0.068,0.181,0.277,0.02,0.235,0.492,0.171,0.593,0.109,0.356,0.335
