,AAL,AAPL,AGNC,AMAT,AMD,AMZN,APA,ARDX,AVGO,AZN,BIDU,BILI,BKR,CAN,CHRD,CMCSA,CPRT,CRWD,CSCO,CSX,DKNG,EBAY,ERIC,EXC,FITB,FLEX,FTNT,GEN,GERN,GEVO,GILD,GOOG,GOOGL,GT,HBAN,HST,INTC,IOVA,IQ,JBLU,JD,KDP,KHC,LRCX,LYFT,MARA,MCHP,MDLZ,META,MNST,MRNA,MRVL,MSFT,MSTR,MU,MVIS,NFLX,NNDM,NVAX,NVDA,NWL,OCGN,ON,OPK,PAA,PACB,PANW,PARA,PDD,PENN,PEP,PLUG,PTEN,PTON,PYPL,QCOM,QVCGA,RIOT,ROKU,RUN,SABR,SBUX,SMCI,SNDL,STNE,TCOM,TLRY,TMUS,TSCO,TSLA,TTD,TXN,UAL,VOD,VTRS,VXRT,WBA,WBD,WDC,ZM
AAL,1.0,0.448,0.056,0.694,0.642,0.057,0.256,-0.154,0.776,-0.487,0.285,0.162,0.41,0.033,0.004,0.509,0.664,0.605,0.634,0.22,0.071,0.638,0.486,-0.288,0.421,0.721,0.667,0.747,-0.209,0.522,0.576,0.356,0.305,0.323,0.607,0.082,0.574,-0.067,0.229,0.602,0.342,-0.312,0.009,0.664,0.342,0.339,0.338,-0.291,0.611,-0.05,-0.306,0.124,-0.14,0.591,0.516,0.628,0.553,0.412,-0.151,0.743,0.112,-0.31,0.332,-0.154,-0.151,-0.168,0.562,0.414,0.347,-0.24,-0.152,0.366,0.067,0.168,0.667,0.361,0.443,0.773,0.453,-0.294,0.388,0.091,0.156,-0.197,-0.165,0.34,-0.336,0.585,0.401,0.276,0.691,0.44,0.696,-0.208,-0.052,-0.432,0.236,-0.277,0.311,0.468
AAPL,0.448,1.0,0.088,0.708,0.389,0.408,0.151,0.098,0.659,-0.32,0.275,0.231,0.504,-0.171,-0.046,0.745,0.517,0.685,0.696,0.597,0.237,0.25,0.664,0.128,0.617,0.801,0.564,0.592,0.216,0.15,0.416,0.654,0.609,0.521,0.418,0.469,0.607,-0.268,0.307,0.246,0.281,0.166,-0.097,0.644,0.568,0.079,0.478,-0.069,0.615,0.403,-0.209,-0.101,0.091,0.365,0.424,0.278,0.438,0.365,-0.141,0.333,-0.01,-0.372,0.323,-0.292,-0.085,-0.176,0.14,0.315,0.262,-0.259,-0.314,0.298,-0.019,0.284,0.719,0.476,0.513,0.348,0.173,-0.182,0.546,0.122,-0.121,-0.295,-0.347,0.266,-0.337,0.23,0.12,0.656,0.487,0.698,0.302,-0.148,-0.128,-0.456,-0.103,-0.179,0.474,0.417
AGNC,0.056,0.088,1.0,-0.066,-0.365,0.302,-0.117,-0.132,-0.171,0.357,-0.408,-0.419,-0.098,0.493,0.259,-0.075,-0.144,0.0,-0.063,0.517,0.121,-0.185,-0.057,-0.027,0.533,-0.02,-0.116,-0.042,0.604,0.024,0.058,0.021,0.015,0.053,0.478,0.326,0.057,0.359,-0.351,-0.335,-0.412,0.348,0.426,-0.089,0.106,0.068,0.356,0.522,-0.118,0.508,0.594,0.215,0.597,-0.355,-0.308,-0.057,0.056,-0.195,-0.156,-0.202,0.272,0.403,0.417,0.583,0.25,0.556,-0.127,0.311,-0.382,0.509,0.431,0.233,0.154,0.137,-0.052,0.549,-0.106,-0.16,0.411,0.52,-0.038,0.175,-0.069,0.611,0.521,-0.414,0.467,-0.213,-0.387,-0.058,-0.069,0.322,-0.221,0.439,0.612,0.313,0.437,0.549,0.03,-0.107
AMAT,0.694,0.708,-0.066,1.0,0.682,0.145,0.243,0.242,0.804,-0.295,0.606,0.515,0.609,-0.116,-0.254,0.821,0.621,0.657,0.871,0.34,0.242,0.56,0.719,0.134,0.39,0.878,0.691,0.79,-0.144,0.408,0.479,0.724,0.668,0.599,0.302,0.24,0.813,-0.376,0.592,0.561,0.601,-0.11,-0.253,0.977,0.638,0.355,0.579,-0.297,0.784,0.185,-0.386,-0.113,-0.181,0.607,0.807,0.569,0.612,0.691,0.001,0.6,0.01,-0.567,0.487,-0.325,-0.209,-0.397,0.189,0.491,0.616,-0.47,-0.485,0.433,-0.164,0.297,0.836,0.463,0.595,0.64,0.086,-0.393,0.73,0.122,-0.168,-0.4,-0.428,0.576,-0.401,0.541,0.44,0.691,0.609,0.708,0.685,-0.332,-0.268,-0.583,-0.146,-0.28,0.678,0.504
AMD,0.642,0.389,-0.365,0.682,1.0,-0.26,0.295,0.122,0.686,-0.575,0.615,0.547,0.565,-0.309,-0.278,0.601,0.711,0.584,0.67,0.011,-0.053,0.612,0.413,-0.154,0.042,0.671,0.637,0.708,-0.532,0.521,0.473,0.498,0.443,0.451,0.235,-0.12,0.524,-0.325,0.567,0.762,0.647,-0.454,-0.443,0.65,0.312,0.145,0.146,-0.657,0.722,-0.309,-0.686,-0.181,-0.562,0.821,0.687,0.719,0.576,0.606,0.003,0.708,-0.158,-0.69,0.064,-0.583,-0.395,-0.499,0.312,0.185,0.633,-0.604,-0.614,0.277,-0.102,0.048,0.741,0.019,0.739,0.751,0.133,-0.56,0.432,-0.123,-0.035,-0.652,-0.616,0.648,-0.496,0.597,0.608,0.468,0.652,0.232,0.776,-0.654,-0.513,-0.725,-0.198,-0.622,0.315,0.514
AMZN,0.057,0.408,0.302,0.145,-0.26,1.0,-0.283,-0.301,0.181,-0.029,-0.411,-0.47,-0.142,-0.067,0.256,0.069,-0.097,0.309,0.075,0.304,0.598,-0.3,0.454,0.083,0.535,0.139,0.047,-0.072,0.598,-0.404,-0.19,0.023,-0.022,-0.15,0.304,0.792,0.242,-0.091,-0.374,-0.428,-0.435,0.673,0.277,0.12,0.503,0.342,0.295,0.63,-0.046,0.729,0.394,0.078,0.753,-0.351,-0.133,-0.218,0.199,-0.224,-0.326,-0.143,-0.103,0.256,0.254,0.167,0.557,0.274,0.054,0.191,-0.447,0.343,0.244,-0.153,0.164,0.594,0.157,0.469,-0.062,-0.063,-0.087,0.517,0.085,0.104,0.165,0.348,0.183,-0.464,0.172,-0.337,-0.588,0.323,-0.056,0.58,-0.345,0.554,0.254,0.006,-0.196,0.43,0.278,0.137
APA,0.256,0.151,-0.117,0.243,0.295,-0.283,1.0,0.093,0.341,-0.268,0.444,0.485,0.753,-0.085,0.471,0.361,0.445,0.429,0.409,0.206,-0.426,0.593,-0.015,-0.088,0.061,0.387,0.473,0.404,-0.413,0.435,0.659,0.427,0.406,0.363,0.176,-0.07,0.077,0.137,0.444,0.49,0.527,-0.529,-0.425,0.226,-0.02,-0.338,-0.243,-0.58,0.564,-0.333,-0.458,0.039,-0.481,0.403,0.184,0.351,0.286,0.058,0.36,0.381,-0.22,-0.399,-0.187,-0.187,0.184,-0.377,0.196,-0.213,0.536,-0.34,-0.306,0.2,0.582,-0.205,0.353,-0.132,0.291,0.296,0.407,-0.563,-0.066,-0.437,0.182,-0.344,-0.203,0.539,-0.425,0.426,0.478,-0.025,0.501,-0.083,0.439,-0.567,-0.228,-0.314,0.076,-0.542,-0.197,0.011
ARDX,-0.154,0.098,-0.132,0.242,0.122,-0.301,0.093,1.0,-0.126,0.211,0.572,0.623,0.159,0.084,-0.299,0.326,-0.096,-0.209,0.152,0.249,-0.094,0.094,-0.133,0.537,-0.172,0.121,-0.023,0.202,-0.037,-0.005,-0.042,0.469,0.49,0.525,-0.424,-0.222,0.089,-0.161,0.657,0.226,0.494,0.049,-0.037,0.29,-0.041,0.088,0.374,-0.102,0.142,0.097,-0.062,-0.146,-0.195,0.216,0.363,-0.08,-0.112,0.448,0.258,-0.061,0.332,-0.261,0.31,-0.071,-0.408,-0.267,-0.367,0.235,0.526,-0.301,-0.2,0.462,-0.267,-0.233,0.021,0.032,0.193,0.033,-0.343,-0.248,0.508,0.25,-0.531,-0.132,-0.103,0.51,0.01,0.16,0.332,0.274,-0.206,0.059,0.212,-0.233,-0.012,-0.075,0.056,-0.127,0.366,-0.01
AVGO,0.776,0.659,-0.171,0.804,0.686,0.181,0.341,-0.126,1.0,-0.585,0.387,0.288,0.624,-0.35,-0.05,0.739,0.8,0.832,0.855,0.183,0.086,0.687,0.725,-0.088,0.338,0.821,0.853,0.797,-0.267,0.481,0.655,0.518,0.475,0.322,0.446,0.191,0.712,-0.314,0.319,0.579,0.454,-0.279,-0.265,0.758,0.53,0.156,0.205,-0.407,0.774,-0.06,-0.539,-0.064,-0.275,0.65,0.577,0.591,0.754,0.399,-0.02,0.809,-0.106,-0.5,0.094,-0.417,-0.053,-0.453,0.583,0.217,0.442,-0.45,-0.372,0.163,0.034,0.3,0.837,0.208,0.479,0.715,0.3,-0.476,0.399,-0.111,0.174,-0.517,-0.503,0.438,-0.643,0.68,0.431,0.465,0.805,0.439,0.602,-0.378,-0.395,-0.61,-0.132,-0.458,0.286,0.586
AZN,-0.487,-0.32,0.357,-0.295,-0.575,-0.029,-0.268,0.211,-0.585,1.0,-0.182,-0.087,-0.378,0.474,-0.085,-0.308,-0.547,-0.59,-0.397,0.07,0.003,-0.412,-0.34,0.293,-0.083,-0.448,-0.526,-0.46,0.378,-0.39,-0.354,-0.182,-0.148,-0.108,-0.274,-0.106,-0.358,0.243,-0.16,-0.324,-0.254,0.261,0.329,-0.255,-0.199,-0.087,0.126,0.466,-0.434,0.237,0.61,0.187,0.379,-0.552,-0.292,-0.451,-0.439,-0.163,0.138,-0.55,0.369,0.444,0.236,0.543,0.011,0.308,-0.506,0.109,-0.205,0.41,0.371,-0.106,-0.139,-0.116,-0.504,0.18,-0.398,-0.563,-0.275,0.348,-0.058,0.39,-0.343,0.456,0.515,-0.274,0.43,-0.354,-0.241,-0.238,-0.526,-0.04,-0.378,0.36,0.444,0.536,0.197,0.56,-0.017,-0.5
BIDU,0.285,0.275,-0.408,0.606,0.615,-0.411,0.444,0.572,0.387,-0.182,1.0,0.96,0.607,-0.166,-0.36,0.648,0.428,0.263,0.629,0.087,-0.131,0.499,0.237,0.121,-0.117,0.528,0.43,0.566,-0.532,0.391,0.315,0.589,0.567,0.669,-0.18,-0.193,0.424,-0.483,0.963,0.642,0.978,-0.448,-0.513,0.631,0.193,0.077,0.166,-0.623,0.621,-0.204,-0.658,-0.333,-0.669,0.685,0.787,0.412,0.344,0.671,0.198,0.44,-0.127,-0.701,0.09,-0.53,-0.399,-0.726,-0.028,0.148,0.977,-0.71,-0.642,0.392,-0.185,-0.182,0.511,-0.078,0.473,0.492,-0.12,-0.757,0.549,-0.147,-0.214,-0.598,-0.576,0.932,-0.369,0.47,0.693,0.471,0.362,0.15,0.721,-0.732,-0.518,-0.646,-0.226,-0.612,0.43,0.265
BILI,0.162,0.231,-0.419,0.515,0.547,-0.47,0.485,0.623,0.288,-0.087,0.96,1.0,0.555,-0.202,-0.343,0.589,0.37,0.19,0.547,0.103,-0.223,0.47,0.134,0.193,-0.205,0.445,0.358,0.494,-0.524,0.332,0.301,0.577,0.558,0.667,-0.259,-0.253,0.32,-0.412,0.939,0.607,0.953,-0.445,-0.524,0.537,0.118,-0.073,0.101,-0.616,0.552,-0.241,-0.627,-0.331,-0.675,0.602,0.656,0.332,0.26,0.589,0.317,0.351,-0.114,-0.675,0.03,-0.488,-0.444,-0.726,-0.107,0.084,0.939,-0.72,-0.612,0.351,-0.154,-0.248,0.415,-0.128,0.441,0.347,-0.176,-0.752,0.478,-0.168,-0.338,-0.56,-0.571,0.878,-0.336,0.435,0.738,0.437,0.267,0.083,0.613,-0.735,-0.498,-0.601,-0.221,-0.597,0.317,0.178
BKR,0.41,0.504,-0.098,0.609,0.565,-0.142,0.753,0.159,0.624,-0.378,0.607,0.555,1.0,-0.166,0.193,0.703,0.599,0.689,0.75,0.352,-0.175,0.643,0.38,0.013,0.26,0.731,0.654,0.653,-0.304,0.539,0.726,0.704,0.671,0.506,0.302,0.179,0.481,-0.148,0.574,0.589,0.653,-0.436,-0.51,0.578,0.357,-0.105,0.061,-0.604,0.85,-0.148,-0.563,-0.126,-0.48,0.635,0.517,0.533,0.594,0.392,0.226,0.533,-0.247,-0.595,-0.007,-0.405,0.073,-0.433,0.145,0.001,0.665,-0.457,-0.561,0.34,0.313,0.04,0.776,0.04,0.557,0.523,0.388,-0.579,0.327,-0.327,0.121,-0.58,-0.443,0.675,-0.588,0.54,0.451,0.381,0.704,0.209,0.623,-0.606,-0.381,-0.574,-0.124,-0.568,0.204,0.229
CAN,0.033,-0.171,0.493,-0.116,-0.309,-0.067,-0.085,0.084,-0.35,0.474,-0.166,-0.202,-0.166,1.0,0.246,-0.249,-0.347,-0.302,-0.276,0.258,0.005,-0.201,-0.236,-0.072,0.291,-0.123,-0.337,-0.191,0.399,-0.08,-0.051,-0.034,-0.018,-0.004,0.165,0.019,-0.239,0.607,-0.112,-0.184,-0.212,0.059,0.344,-0.113,-0.155,0.159,0.239,0.321,-0.218,0.159,0.532,0.482,0.333,-0.293,-0.137,-0.081,-0.345,-0.03,0.092,-0.298,0.403,0.443,0.505,0.569,0.09,0.6,-0.317,0.273,-0.153,0.539,0.28,0.26,0.161,-0.071,-0.241,0.447,-0.076,-0.075,0.243,0.338,0.008,0.391,-0.061,0.451,0.682,-0.151,0.504,-0.251,-0.272,-0.277,-0.201,0.107,-0.077,0.219,0.615,0.457,0.517,0.442,0.11,-0.382
CHRD,0.004,-0.046,0.259,-0.254,-0.278,0.256,0.471,-0.299,-0.05,-0.085,-0.36,-0.343,0.193,0.246,1.0,-0.186,-0.082,0.208,-0.128,0.232,-0.156,0.063,-0.216,-0.098,0.298,-0.017,0.027,-0.12,0.209,-0.114,0.292,0.02,-0.033,-0.304,0.334,0.332,-0.298,0.601,-0.364,-0.19,-0.307,-0.008,0.146,-0.299,-0.119,-0.216,-0.276,0.207,0.008,0.042,0.247,0.403,0.297,-0.309,-0.457,-0.087,-0.09,-0.484,0.167,-0.071,-0.022,0.402,-0.092,0.361,0.655,0.372,0.098,-0.211,-0.308,0.429,0.323,-0.056,0.929,0.015,-0.057,0.108,-0.047,-0.046,0.389,0.222,-0.406,-0.13,0.41,0.332,0.454,-0.246,0.113,-0.122,-0.326,-0.356,0.023,-0.086,-0.295,0.182,0.423,0.268,0.298,0.101,-0.297,-0.25
CMCSA,0.509,0.745,-0.075,0.821,0.601,0.069,0.361,0.326,0.739,-0.308,0.648,0.589,0.703,-0.249,-0.186,1.0,0.682,0.658,0.914,0.463,0.051,0.652,0.632,0.293,0.324,0.841,0.744,0.865,-0.19,0.419,0.617,0.793,0.735,0.661,0.209,0.144,0.755,-0.449,0.644,0.582,0.645,-0.096,-0.218,0.782,0.534,0.038,0.409,-0.317,0.811,0.201,-0.435,-0.357,-0.285,0.611,0.654,0.438,0.621,0.585,0.071,0.532,0.054,-0.623,0.279,-0.38,-0.224,-0.518,0.196,0.434,0.643,-0.55,-0.457,0.463,-0.091,0.103,0.808,0.21,0.585,0.513,0.097,-0.5,0.718,-0.005,-0.218,-0.465,-0.516,0.654,-0.499,0.619,0.489,0.667,0.566,0.525,0.566,-0.423,-0.288,-0.595,-0.071,-0.359,0.466,0.584
CPRT,0.664,0.517,-0.144,0.621,0.711,-0.097,0.445,-0.096,0.8,-0.547,0.428,0.37,0.599,-0.347,-0.082,0.682,1.0,0.718,0.751,0.195,-0.17,0.706,0.412,-0.191,0.246,0.714,0.826,0.738,-0.421,0.615,0.728,0.477,0.458,0.443,0.442,-0.055,0.546,-0.284,0.363,0.567,0.489,-0.375,-0.341,0.577,0.326,-0.196,0.058,-0.565,0.706,-0.212,-0.622,-0.241,-0.411,0.714,0.45,0.691,0.71,0.333,-0.031,0.742,-0.12,-0.654,-0.051,-0.344,-0.211,-0.46,0.558,0.158,0.465,-0.499,-0.315,0.192,0.071,-0.036,0.701,0.062,0.477,0.622,0.394,-0.546,0.303,-0.292,0.12,-0.574,-0.564,0.511,-0.595,0.659,0.579,0.252,0.758,0.275,0.605,-0.545,-0.412,-0.609,-0.006,-0.557,0.052,0.601
CRWD,0.605,0.685,0.0,0.657,0.584,0.309,0.429,-0.209,0.832,-0.59,0.263,0.19,0.689,-0.302,0.208,0.658,0.718,1.0,0.796,0.416,0.077,0.518,0.636,-0.042,0.541,0.824,0.842,0.652,-0.108,0.421,0.652,0.57,0.499,0.353,0.61,0.441,0.658,-0.195,0.221,0.379,0.327,-0.157,-0.282,0.575,0.521,-0.034,0.09,-0.308,0.757,0.065,-0.451,-0.113,-0.123,0.508,0.407,0.557,0.71,0.227,0.005,0.574,-0.212,-0.463,-0.022,-0.384,0.15,-0.327,0.44,0.054,0.303,-0.298,-0.376,0.083,0.289,0.328,0.825,0.203,0.53,0.53,0.329,-0.35,0.268,-0.337,0.219,-0.448,-0.461,0.325,-0.513,0.465,0.225,0.465,0.713,0.426,0.435,-0.33,-0.355,-0.634,-0.181,-0.402,0.231,0.547
CSCO,0.634,0.696,-0.063,0.871,0.67,0.075,0.409,0.152,0.855,-0.397,0.629,0.547,0.75,-0.276,-0.128,0.914,0.751,0.796,1.0,0.382,0.11,0.699,0.688,0.169,0.362,0.893,0.833,0.847,-0.266,0.53,0.659,0.759,0.695,0.577,0.34,0.179,0.839,-0.422,0.588,0.602,0.66,-0.257,-0.326,0.829,0.577,0.075,0.306,-0.394,0.899,0.057,-0.524,-0.291,-0.323,0.636,0.703,0.599,0.71,0.607,0.05,0.669,-0.068,-0.607,0.171,-0.4,-0.144,-0.542,0.297,0.309,0.649,-0.541,-0.507,0.357,-0.02,0.195,0.881,0.228,0.578,0.598,0.173,-0.56,0.605,-0.146,-0.075,-0.498,-0.566,0.657,-0.538,0.664,0.49,0.624,0.68,0.503,0.646,-0.468,-0.39,-0.686,-0.154,-0.43,0.467,0.587
CSX,0.22,0.597,0.517,0.34,0.011,0.304,0.206,0.249,0.183,0.07,0.087,0.103,0.352,0.258,0.232,0.463,0.195,0.416,0.382,1.0,0.037,0.071,0.19,0.247,0.718,0.501,0.294,0.357,0.436,0.086,0.365,0.565,0.538,0.519,0.489,0.443,0.306,0.113,0.156,0.042,0.077,0.24,0.192,0.273,0.263,-0.108,0.464,0.187,0.34,0.471,0.18,0.042,0.306,0.026,0.055,0.054,0.199,0.095,0.019,-0.059,0.312,-0.065,0.433,0.126,0.023,0.139,-0.114,0.317,0.082,0.137,0.022,0.322,0.211,0.112,0.361,0.543,0.281,0.004,0.263,0.051,0.379,0.07,-0.31,0.116,0.077,0.098,0.069,0.023,-0.025,0.31,0.187,0.514,0.06,0.038,0.28,-0.114,0.274,0.142,0.293,0.162
DKNG,0.071,0.237,0.121,0.242,-0.053,0.598,-0.426,-0.094,0.086,0.003,-0.131,-0.223,-0.175,0.005,-0.156,0.051,-0.17,0.077,0.11,0.037,1.0,-0.335,0.484,-0.023,0.272,0.099,-0.088,-0.065,0.314,-0.227,-0.383,0.015,0.014,-0.031,0.064,0.541,0.388,-0.168,-0.112,-0.275,-0.181,0.406,0.031,0.265,0.574,0.635,0.325,0.334,0.043,0.53,0.202,-0.099,0.403,-0.198,0.249,-0.058,0.108,0.375,-0.257,-0.112,-0.248,0.035,0.237,-0.076,0.263,0.167,-0.215,0.254,-0.199,0.287,-0.172,-0.007,-0.266,0.699,0.163,0.349,0.043,0.086,-0.242,0.302,0.306,0.141,-0.049,0.102,-0.037,-0.155,0.13,-0.368,-0.462,0.393,-0.08,0.533,-0.032,0.378,0.055,-0.102,-0.386,0.366,0.457,0.159
EBAY,0.638,0.25,-0.185,0.56,0.612,-0.3,0.593,0.094,0.687,-0.412,0.499,0.47,0.643,-0.201,0.063,0.652,0.706,0.518,0.699,0.071,-0.335,1.0,0.289,0.083,-0.012,0.598,0.719,0.798,-0.479,0.618,0.763,0.528,0.471,0.318,0.225,-0.254,0.483,-0.122,0.443,0.744,0.564,-0.5,-0.221,0.54,0.193,-0.148,0.02,-0.526,0.707,-0.312,-0.47,-0.141,-0.496,0.626,0.409,0.586,0.588,0.332,0.237,0.732,0.063,-0.485,0.003,-0.184,-0.172,-0.46,0.49,0.212,0.565,-0.555,-0.271,0.382,0.189,-0.163,0.594,-0.09,0.434,0.572,0.346,-0.557,0.329,-0.13,0.057,-0.342,-0.335,0.566,-0.536,0.877,0.665,0.212,0.635,0.04,0.594,-0.47,-0.246,-0.415,0.168,-0.485,0.035,0.422
ERIC,0.486,0.664,-0.057,0.719,0.413,0.454,-0.015,-0.133,0.725,-0.34,0.237,0.134,0.38,-0.236,-0.216,0.632,0.412,0.636,0.688,0.19,0.484,0.289,1.0,0.08,0.396,0.688,0.482,0.535,0.047,0.234,0.279,0.469,0.44,0.265,0.301,0.482,0.79,-0.334,0.23,0.302,0.24,0.129,-0.193,0.678,0.751,0.407,0.316,-0.085,0.597,0.334,-0.261,-0.226,0.008,0.386,0.52,0.398,0.562,0.434,-0.141,0.397,-0.248,-0.353,0.221,-0.426,0.018,-0.238,0.151,0.365,0.229,-0.265,-0.457,0.184,-0.189,0.586,0.731,0.288,0.448,0.482,0.03,-0.171,0.538,0.004,0.017,-0.313,-0.436,0.185,-0.373,0.272,0.053,0.686,0.521,0.636,0.39,-0.067,-0.355,-0.517,-0.391,-0.074,0.552,0.449
EXC,-0.288,0.128,-0.027,0.134,-0.154,0.083,-0.088,0.537,-0.088,0.293,0.121,0.193,0.013,-0.072,-0.098,0.293,-0.191,-0.042,0.169,0.247,-0.023,0.083,0.08,1.0,-0.107,0.068,0.024,0.06,0.18,-0.197,-0.021,0.389,0.357,0.097,-0.38,-0.008,0.199,-0.122,0.193,0.014,0.056,0.363,0.149,0.116,0.089,-0.103,0.225,0.295,0.07,0.284,0.256,-0.272,0.157,-0.175,0.041,-0.314,-0.12,0.103,0.322,-0.261,0.358,0.014,0.153,0.112,-0.15,-0.136,-0.281,0.186,0.096,-0.099,0.011,0.16,-0.107,-0.043,-0.031,-0.029,-0.016,-0.333,-0.497,0.052,0.363,0.232,-0.484,0.132,-0.023,0.083,0.061,0.159,0.016,0.279,-0.316,0.093,-0.21,0.164,0.061,0.137,-0.005,0.218,0.322,0.059
FITB,0.421,0.617,0.533,0.39,0.042,0.535,0.061,-0.172,0.338,-0.083,-0.117,-0.205,0.26,0.291,0.298,0.324,0.246,0.541,0.362,0.718,0.272,-0.012,0.396,-0.107,1.0,0.546,0.365,0.321,0.424,0.131,0.327,0.343,0.31,0.353,0.769,0.638,0.365,0.122,-0.089,-0.091,-0.12,0.293,0.248,0.33,0.417,0.195,0.473,0.267,0.282,0.514,0.211,0.172,0.472,0.036,0.105,0.206,0.255,0.038,-0.187,0.06,0.141,0.021,0.439,0.112,0.259,0.316,0.091,0.32,-0.113,0.32,0.081,0.254,0.246,0.416,0.449,0.632,0.236,0.196,0.395,0.221,0.286,0.034,0.103,0.132,0.177,-0.086,0.076,-0.07,-0.269,0.272,0.3,0.65,0.12,0.221,0.279,-0.117,0.216,0.237,0.343,0.267
FLEX,0.721,0.801,-0.02,0.878,0.671,0.139,0.387,0.121,0.821,-0.448,0.528,0.445,0.731,-0.123,-0.017,0.841,0.714,0.824,0.893,0.501,0.099,0.598,0.688,0.068,0.546,1.0,0.774,0.82,-0.136,0.517,0.676,0.785,0.732,0.608,0.508,0.319,0.776,-0.234,0.513,0.568,0.547,-0.162,-0.264,0.819,0.605,0.128,0.407,-0.355,0.856,0.146,-0.421,-0.155,-0.202,0.648,0.644,0.64,0.594,0.545,-0.032,0.579,-0.043,-0.578,0.32,-0.364,-0.182,-0.332,0.223,0.371,0.541,-0.411,-0.487,0.463,0.079,0.191,0.906,0.375,0.668,0.653,0.271,-0.409,0.633,-0.041,-0.071,-0.445,-0.465,0.538,-0.471,0.532,0.377,0.621,0.686,0.616,0.647,-0.382,-0.259,-0.651,-0.075,-0.369,0.541,0.518
FTNT,0.667,0.564,-0.116,0.691,0.637,0.047,0.473,-0.023,0.853,-0.526,0.43,0.358,0.654,-0.337,0.027,0.744,0.826,0.842,0.833,0.294,-0.088,0.719,0.482,0.024,0.365,0.774,1.0,0.818,-0.34,0.569,0.726,0.528,0.468,0.453,0.455,0.078,0.623,-0.319,0.368,0.555,0.477,-0.269,-0.198,0.64,0.373,-0.066,0.142,-0.422,0.738,-0.067,-0.492,-0.221,-0.314,0.615,0.529,0.554,0.698,0.332,0.098,0.699,0.026,-0.577,0.009,-0.345,-0.055,-0.512,0.574,0.149,0.477,-0.429,-0.306,0.172,0.105,0.133,0.717,0.073,0.395,0.566,0.253,-0.528,0.373,-0.278,0.143,-0.489,-0.471,0.512,-0.596,0.705,0.499,0.353,0.707,0.297,0.588,-0.384,-0.339,-0.535,0.012,-0.456,0.146,0.726
GEN,0.747,0.592,-0.042,0.79,0.708,-0.072,0.404,0.202,0.797,-0.46,0.566,0.494,0.653,-0.191,-0.12,0.865,0.738,0.652,0.847,0.357,-0.065,0.798,0.535,0.06,0.321,0.82,0.818,1.0,-0.306,0.604,0.703,0.656,0.595,0.601,0.377,0.002,0.699,-0.305,0.549,0.708,0.599,-0.252,-0.095,0.753,0.424,0.121,0.382,-0.397,0.777,0.039,-0.433,-0.227,-0.346,0.703,0.612,0.579,0.635,0.544,0.063,0.693,0.155,-0.568,0.311,-0.317,-0.253,-0.448,0.4,0.48,0.599,-0.515,-0.357,0.534,-0.05,0.078,0.779,0.211,0.589,0.672,0.277,-0.501,0.641,-0.001,-0.086,-0.393,-0.397,0.599,-0.482,0.75,0.591,0.53,0.673,0.414,0.693,-0.38,-0.197,-0.53,0.143,-0.373,0.333,0.649
GERN,-0.209,0.216,0.604,-0.144,-0.532,0.598,-0.413,-0.037,-0.267,0.378,-0.532,-0.524,-0.304,0.399,0.209,-0.19,-0.421,-0.108,-0.266,0.436,0.314,-0.479,0.047,0.18,0.424,-0.136,-0.34,-0.306,1.0,-0.46,-0.326,-0.036,-0.047,-0.121,0.18,0.507,-0.083,0.287,-0.445,-0.578,-0.588,0.641,0.525,-0.162,0.175,0.122,0.292,0.745,-0.327,0.661,0.731,0.299,0.815,-0.538,-0.373,-0.342,-0.187,-0.289,-0.208,-0.453,0.258,0.552,0.353,0.504,0.329,0.594,-0.283,0.227,-0.562,0.538,0.452,0.01,0.045,0.255,-0.205,0.509,-0.178,-0.386,0.005,0.657,-0.002,0.405,-0.073,0.59,0.546,-0.594,0.46,-0.491,-0.633,0.047,-0.353,0.328,-0.518,0.646,0.543,0.43,0.189,0.642,0.182,-0.258
GEVO,0.522,0.15,0.024,0.408,0.521,-0.404,0.435,-0.005,0.481,-0.39,0.391,0.332,0.539,-0.08,-0.114,0.419,0.615,0.421,0.53,0.086,-0.227,0.618,0.234,-0.197,0.131,0.517,0.569,0.604,-0.46,1.0,0.6,0.327,0.35,0.411,0.384,-0.231,0.502,0.002,0.377,0.529,0.446,-0.503,-0.32,0.424,0.243,-0.053,0.043,-0.627,0.527,-0.279,-0.411,-0.324,-0.506,0.7,0.385,0.752,0.468,0.332,0.08,0.502,-0.091,-0.523,-0.012,-0.242,-0.281,-0.28,0.275,0.166,0.459,-0.348,-0.397,0.423,-0.07,-0.13,0.45,-0.063,0.313,0.506,0.426,-0.448,0.243,-0.354,0.03,-0.395,-0.416,0.437,-0.437,0.582,0.443,0.093,0.612,0.042,0.658,-0.445,-0.358,-0.398,0.096,-0.343,0.05,0.44
GILD,0.576,0.416,0.058,0.479,0.473,-0.19,0.659,-0.042,0.655,-0.354,0.315,0.301,0.726,-0.051,0.292,0.617,0.728,0.652,0.659,0.365,-0.383,0.763,0.279,-0.021,0.327,0.676,0.726,0.703,-0.326,0.6,1.0,0.533,0.487,0.345,0.496,0.005,0.376,0.11,0.278,0.545,0.401,-0.428,-0.198,0.423,0.147,-0.275,0.041,-0.452,0.689,-0.204,-0.407,-0.018,-0.352,0.537,0.228,0.536,0.497,0.171,0.322,0.595,0.077,-0.366,0.016,-0.097,-0.055,-0.214,0.434,0.107,0.396,-0.292,-0.19,0.328,0.396,-0.054,0.636,0.069,0.422,0.502,0.585,-0.431,0.193,-0.213,0.127,-0.352,-0.252,0.432,-0.495,0.687,0.479,0.103,0.684,0.133,0.467,-0.43,-0.097,-0.338,0.268,-0.43,-0.045,0.312
GOOG,0.356,0.654,0.021,0.724,0.498,0.023,0.427,0.469,0.518,-0.182,0.589,0.577,0.704,-0.034,0.02,0.793,0.477,0.57,0.759,0.565,0.015,0.528,0.469,0.389,0.343,0.785,0.528,0.656,-0.036,0.327,0.533,1.0,0.966,0.633,0.175,0.242,0.603,-0.124,0.614,0.5,0.567,-0.033,-0.307,0.675,0.537,-0.015,0.362,-0.267,0.785,0.207,-0.258,-0.212,-0.171,0.448,0.52,0.419,0.435,0.508,0.167,0.309,0.003,-0.508,0.306,-0.254,-0.164,-0.288,-0.123,0.36,0.583,-0.387,-0.508,0.519,0.139,0.019,0.715,0.294,0.707,0.396,0.107,-0.364,0.691,0.021,-0.311,-0.327,-0.362,0.566,-0.253,0.398,0.351,0.633,0.472,0.498,0.466,-0.396,-0.182,-0.502,-0.122,-0.244,0.572,0.316
GOOGL,0.305,0.609,0.015,0.668,0.443,-0.022,0.406,0.49,0.475,-0.148,0.567,0.558,0.671,-0.018,-0.033,0.735,0.458,0.499,0.695,0.538,0.014,0.471,0.44,0.357,0.31,0.732,0.468,0.595,-0.047,0.35,0.487,0.966,1.0,0.625,0.157,0.207,0.556,-0.09,0.591,0.488,0.547,-0.026,-0.345,0.617,0.529,-0.02,0.343,-0.31,0.747,0.164,-0.248,-0.205,-0.192,0.47,0.47,0.365,0.414,0.476,0.156,0.265,-0.029,-0.521,0.285,-0.289,-0.206,-0.268,-0.143,0.317,0.562,-0.326,-0.521,0.502,0.089,0.015,0.661,0.259,0.636,0.388,0.111,-0.372,0.657,-0.014,-0.333,-0.381,-0.391,0.536,-0.256,0.35,0.347,0.589,0.478,0.47,0.455,-0.407,-0.225,-0.487,-0.156,-0.243,0.52,0.271
GT,0.323,0.521,0.053,0.599,0.451,-0.15,0.363,0.525,0.322,-0.108,0.669,0.667,0.506,-0.004,-0.304,0.661,0.443,0.353,0.577,0.519,-0.031,0.318,0.265,0.097,0.353,0.608,0.453,0.601,-0.121,0.411,0.345,0.633,0.625,1.0,0.184,0.041,0.49,-0.318,0.741,0.377,0.654,-0.085,-0.158,0.602,0.329,0.05,0.451,-0.317,0.5,0.179,-0.314,-0.281,-0.274,0.537,0.599,0.39,0.302,0.538,-0.025,0.19,0.079,-0.604,0.369,-0.313,-0.316,-0.381,-0.089,0.384,0.664,-0.409,-0.386,0.543,-0.234,-0.074,0.496,0.223,0.482,0.26,0.071,-0.409,0.597,-0.07,-0.345,-0.367,-0.343,0.633,-0.171,0.267,0.499,0.547,0.293,0.459,0.582,-0.418,-0.219,-0.497,0.038,-0.257,0.409,0.415
HBAN,0.607,0.418,0.478,0.302,0.235,0.304,0.176,-0.424,0.446,-0.274,-0.18,-0.259,0.302,0.165,0.334,0.209,0.442,0.61,0.34,0.489,0.064,0.225,0.301,-0.38,0.769,0.508,0.455,0.377,0.18,0.384,0.496,0.175,0.157,0.184,1.0,0.463,0.306,0.223,-0.217,0.107,-0.116,0.007,0.208,0.233,0.24,0.055,0.227,0.034,0.342,0.17,0.008,0.233,0.267,0.253,-0.011,0.398,0.436,-0.072,-0.233,0.341,0.07,-0.009,0.217,0.061,0.178,0.268,0.421,0.186,-0.145,0.252,0.104,0.163,0.315,0.281,0.495,0.418,0.254,0.406,0.647,0.135,0.017,-0.089,0.261,0.037,0.052,-0.134,-0.133,0.185,-0.08,0.12,0.518,0.394,0.21,0.109,0.144,-0.209,0.284,0.027,0.023,0.287
HST,0.082,0.469,0.326,0.24,-0.12,0.792,-0.07,-0.222,0.191,-0.106,-0.193,-0.253,0.179,0.019,0.332,0.144,-0.055,0.441,0.179,0.443,0.541,-0.254,0.482,-0.008,0.638,0.319,0.078,0.002,0.507,-0.231,0.005,0.242,0.207,0.041,0.463,1.0,0.289,0.008,-0.182,-0.347,-0.206,0.522,0.044,0.197,0.564,0.335,0.301,0.405,0.154,0.663,0.19,0.055,0.562,-0.153,-0.024,-0.051,0.246,-0.084,-0.159,-0.121,-0.29,0.082,0.242,-0.013,0.53,0.292,-0.108,0.127,-0.237,0.299,-0.048,0.038,0.302,0.635,0.386,0.452,0.206,0.093,0.115,0.403,0.156,-0.073,0.137,0.153,0.038,-0.268,0.133,-0.337,-0.508,0.449,0.108,0.605,-0.174,0.359,0.13,-0.183,-0.302,0.275,0.37,0.056
INTC,0.574,0.607,0.057,0.813,0.524,0.242,0.077,0.089,0.712,-0.358,0.424,0.32,0.481,-0.239,-0.298,0.755,0.546,0.658,0.839,0.306,0.388,0.483,0.79,0.199,0.365,0.776,0.623,0.699,-0.083,0.502,0.376,0.603,0.556,0.49,0.306,0.289,1.0,-0.445,0.413,0.384,0.415,0.003,-0.194,0.8,0.725,0.304,0.443,-0.192,0.694,0.288,-0.296,-0.386,-0.09,0.513,0.653,0.565,0.64,0.619,-0.126,0.449,-0.108,-0.522,0.279,-0.325,-0.128,-0.363,0.169,0.45,0.41,-0.414,-0.446,0.39,-0.257,0.346,0.757,0.311,0.446,0.497,0.041,-0.293,0.674,-0.069,-0.142,-0.297,-0.501,0.387,-0.372,0.458,0.256,0.688,0.492,0.612,0.536,-0.175,-0.318,-0.59,-0.238,-0.154,0.598,0.611
IOVA,-0.067,-0.268,0.359,-0.376,-0.325,-0.091,0.137,-0.161,-0.314,0.243,-0.483,-0.412,-0.148,0.607,0.601,-0.449,-0.284,-0.195,-0.422,0.113,-0.168,-0.122,-0.334,-0.122,0.122,-0.234,-0.319,-0.305,0.287,0.002,0.11,-0.124,-0.09,-0.318,0.223,0.008,-0.445,1.0,-0.434,-0.17,-0.443,-0.052,0.213,-0.39,-0.214,-0.13,-0.171,0.174,-0.257,-0.072,0.465,0.478,0.263,-0.315,-0.524,-0.046,-0.334,-0.373,0.299,-0.25,0.183,0.549,0.075,0.509,0.217,0.671,-0.152,-0.085,-0.41,0.621,0.311,0.068,0.52,-0.074,-0.33,0.17,-0.048,-0.164,0.381,0.37,-0.376,0.164,0.058,0.4,0.592,-0.395,0.3,-0.215,-0.356,-0.511,-0.083,-0.164,-0.261,0.222,0.508,0.524,0.435,0.344,-0.271,-0.449
IQ,0.229,0.307,-0.351,0.592,0.567,-0.374,0.444,0.657,0.319,-0.16,0.963,0.939,0.574,-0.112,-0.364,0.644,0.363,0.221,0.588,0.156,-0.112,0.443,0.23,0.193,-0.089,0.513,0.368,0.549,-0.445,0.377,0.278,0.614,0.591,0.741,-0.217,-0.182,0.413,-0.434,1.0,0.592,0.939,-0.36,-0.477,0.618,0.209,0.091,0.226,-0.562,0.584,-0.119,-0.573,-0.347,-0.608,0.637,0.755,0.381,0.265,0.672,0.204,0.332,-0.102,-0.688,0.167,-0.471,-0.404,-0.66,-0.134,0.2,0.947,-0.695,-0.641,0.469,-0.215,-0.173,0.468,-0.028,0.499,0.412,-0.143,-0.68,0.578,-0.117,-0.305,-0.537,-0.521,0.904,-0.296,0.409,0.637,0.508,0.289,0.192,0.676,-0.69,-0.461,-0.594,-0.187,-0.538,0.455,0.239
JBLU,0.602,0.246,-0.335,0.561,0.762,-0.428,0.49,0.226,0.579,-0.324,0.642,0.607,0.589,-0.184,-0.19,0.582,0.567,0.379,0.602,0.042,-0.275,0.744,0.302,0.014,-0.091,0.568,0.555,0.708,-0.578,0.529,0.545,0.5,0.488,0.377,0.107,-0.347,0.384,-0.17,0.592,1.0,0.682,-0.546,-0.341,0.532,0.105,0.027,0.06,-0.681,0.726,-0.402,-0.563,-0.104,-0.646,0.726,0.576,0.51,0.431,0.52,0.156,0.644,0.027,-0.568,0.063,-0.461,-0.442,-0.541,0.267,0.174,0.699,-0.589,-0.527,0.354,-0.024,-0.133,0.574,-0.095,0.553,0.655,0.165,-0.662,0.406,-0.024,-0.097,-0.53,-0.463,0.694,-0.565,0.713,0.701,0.299,0.656,0.029,0.796,-0.626,-0.39,-0.512,0.014,-0.588,0.182,0.304
JD,0.342,0.281,-0.412,0.601,0.647,-0.435,0.527,0.494,0.454,-0.254,0.978,0.953,0.653,-0.212,-0.307,0.645,0.489,0.327,0.66,0.077,-0.181,0.564,0.24,0.056,-0.12,0.547,0.477,0.599,-0.588,0.446,0.401,0.567,0.547,0.654,-0.116,-0.206,0.415,-0.443,0.939,0.682,1.0,-0.541,-0.548,0.62,0.16,0.034,0.104,-0.684,0.666,-0.287,-0.733,-0.292,-0.724,0.721,0.753,0.447,0.393,0.637,0.236,0.518,-0.161,-0.689,0.028,-0.547,-0.378,-0.743,0.066,0.084,0.981,-0.737,-0.638,0.362,-0.125,-0.158,0.549,-0.108,0.485,0.515,-0.028,-0.803,0.465,-0.224,-0.181,-0.641,-0.606,0.939,-0.429,0.53,0.743,0.452,0.438,0.114,0.736,-0.789,-0.548,-0.693,-0.206,-0.692,0.341,0.263
KDP,-0.312,0.166,0.348,-0.11,-0.454,0.673,-0.529,0.049,-0.279,0.261,-0.448,-0.445,-0.436,0.059,-0.008,-0.096,-0.375,-0.157,-0.257,0.24,0.406,-0.5,0.129,0.363,0.293,-0.162,-0.269,-0.252,0.641,-0.503,-0.428,-0.033,-0.026,-0.085,0.007,0.522,0.003,-0.052,-0.36,-0.546,-0.541,1.0,0.487,-0.117,0.229,0.243,0.43,0.781,-0.359,0.827,0.626,-0.086,0.785,-0.48,-0.293,-0.498,-0.168,-0.249,-0.245,-0.517,0.176,0.3,0.359,0.31,0.236,0.43,-0.244,0.34,-0.542,0.384,0.366,0.06,-0.11,0.324,-0.185,0.316,-0.182,-0.359,-0.291,0.73,0.216,0.292,-0.181,0.511,0.294,-0.563,0.48,-0.447,-0.567,0.299,-0.412,0.415,-0.522,0.732,0.396,0.27,-0.036,0.633,0.253,0.07
KHC,0.009,-0.097,0.426,-0.253,-0.443,0.277,-0.425,-0.037,-0.265,0.329,-0.513,-0.524,-0.51,0.344,0.146,-0.218,-0.341,-0.282,-0.326,0.192,0.031,-0.221,-0.193,0.149,0.248,-0.264,-0.198,-0.095,0.525,-0.32,-0.198,-0.307,-0.345,-0.158,0.208,0.044,-0.194,0.213,-0.477,-0.341,-0.548,0.487,1.0,-0.253,-0.265,0.135,0.277,0.741,-0.453,0.417,0.667,0.269,0.641,-0.426,-0.364,-0.425,-0.332,-0.308,-0.225,-0.276,0.727,0.632,0.353,0.561,0.115,0.478,0.129,0.397,-0.529,0.513,0.78,0.03,-0.063,-0.0,-0.363,0.221,-0.381,-0.288,-0.018,0.55,-0.009,0.563,-0.03,0.639,0.691,-0.506,0.374,-0.129,-0.312,-0.199,-0.424,0.036,-0.4,0.749,0.678,0.588,0.664,0.617,-0.069,0.014
LRCX,0.664,0.644,-0.089,0.977,0.65,0.12,0.226,0.29,0.758,-0.255,0.631,0.537,0.578,-0.113,-0.299,0.782,0.577,0.575,0.829,0.273,0.265,0.54,0.678,0.116,0.33,0.819,0.64,0.753,-0.162,0.424,0.423,0.675,0.617,0.602,0.233,0.197,0.8,-0.39,0.618,0.532,0.62,-0.117,-0.253,1.0,0.62,0.412,0.601,-0.304,0.725,0.19,-0.381,-0.126,-0.191,0.609,0.843,0.574,0.587,0.726,0.005,0.582,0.01,-0.561,0.483,-0.285,-0.194,-0.392,0.172,0.498,0.639,-0.492,-0.457,0.461,-0.22,0.28,0.778,0.449,0.547,0.619,0.068,-0.37,0.742,0.14,-0.166,-0.381,-0.401,0.599,-0.401,0.535,0.428,0.657,0.568,0.677,0.704,-0.316,-0.261,-0.567,-0.143,-0.274,0.696,0.485
LYFT,0.342,0.568,0.106,0.638,0.312,0.503,-0.02,-0.041,0.53,-0.199,0.193,0.118,0.357,-0.155,-0.119,0.534,0.326,0.521,0.577,0.263,0.574,0.193,0.751,0.089,0.417,0.605,0.373,0.424,0.175,0.243,0.147,0.537,0.529,0.329,0.24,0.564,0.725,-0.214,0.209,0.105,0.16,0.229,-0.265,0.62,1.0,0.375,0.357,0.003,0.462,0.49,-0.006,-0.356,0.167,0.245,0.401,0.431,0.527,0.379,-0.117,0.201,-0.372,-0.373,0.29,-0.246,0.132,-0.103,-0.135,0.413,0.186,-0.088,-0.441,0.283,-0.09,0.519,0.618,0.396,0.455,0.342,-0.0,0.025,0.555,-0.081,-0.08,-0.176,-0.325,0.099,-0.145,0.034,-0.146,0.641,0.388,0.729,0.3,0.006,-0.212,-0.446,-0.444,0.159,0.585,0.396
MARA,0.339,0.079,0.068,0.355,0.145,0.342,-0.338,0.088,0.156,-0.087,0.077,-0.073,-0.105,0.159,-0.216,0.038,-0.196,-0.034,0.075,-0.108,0.635,-0.148,0.407,-0.103,0.195,0.128,-0.066,0.121,0.122,-0.053,-0.275,-0.015,-0.02,0.05,0.055,0.335,0.304,-0.13,0.091,0.027,0.034,0.243,0.135,0.412,0.375,1.0,0.543,0.206,0.039,0.375,0.121,0.093,0.229,0.109,0.45,0.046,0.106,0.4,-0.223,0.123,0.004,0.07,0.508,-0.091,0.1,0.151,-0.022,0.416,0.064,0.143,-0.096,0.28,-0.289,0.561,0.185,0.352,0.103,0.401,-0.096,0.228,0.39,0.321,0.047,0.107,0.113,0.021,0.18,-0.102,-0.196,0.343,0.044,0.464,0.311,0.277,0.109,-0.083,-0.12,0.236,0.611,0.137
MCHP,0.338,0.478,0.356,0.579,0.146,0.295,-0.243,0.374,0.205,0.126,0.166,0.101,0.061,0.239,-0.276,0.409,0.058,0.09,0.306,0.464,0.325,0.02,0.316,0.225,0.473,0.407,0.142,0.382,0.292,0.043,0.041,0.362,0.343,0.451,0.227,0.301,0.443,-0.171,0.226,0.06,0.104,0.43,0.277,0.601,0.357,0.543,1.0,0.274,0.172,0.571,0.228,0.074,0.35,0.139,0.404,0.03,0.188,0.421,-0.145,0.058,0.428,-0.088,0.865,0.161,-0.178,0.168,-0.053,0.66,0.123,0.024,0.034,0.548,-0.316,0.287,0.328,0.707,0.219,0.215,0.035,0.268,0.67,0.502,-0.358,0.176,0.097,0.104,0.177,0.113,0.01,0.514,0.087,0.752,0.214,0.235,0.331,-0.066,0.193,0.269,0.645,0.273
MDLZ,-0.291,-0.069,0.522,-0.297,-0.657,0.63,-0.58,-0.102,-0.407,0.466,-0.623,-0.616,-0.604,0.321,0.207,-0.317,-0.565,-0.308,-0.394,0.187,0.334,-0.526,-0.085,0.295,0.267,-0.355,-0.422,-0.397,0.745,-0.627,-0.452,-0.267,-0.31,-0.317,0.034,0.405,-0.192,0.174,-0.562,-0.681,-0.684,0.781,0.741,-0.304,0.003,0.206,0.274,1.0,-0.541,0.684,0.82,0.197,0.896,-0.751,-0.478,-0.574,-0.352,-0.399,-0.235,-0.527,0.385,0.722,0.359,0.618,0.347,0.588,-0.211,0.292,-0.676,0.612,0.693,-0.084,0.036,0.223,-0.393,0.372,-0.386,-0.497,-0.237,0.791,-0.064,0.452,-0.09,0.802,0.663,-0.692,0.65,-0.488,-0.662,-0.028,-0.619,0.246,-0.698,0.852,0.688,0.559,0.262,0.804,0.111,-0.157
META,0.611,0.615,-0.118,0.784,0.722,-0.046,0.564,0.142,0.774,-0.434,0.621,0.552,0.85,-0.218,0.008,0.811,0.706,0.757,0.899,0.34,0.043,0.707,0.597,0.07,0.282,0.856,0.738,0.777,-0.327,0.527,0.689,0.785,0.747,0.5,0.342,0.154,0.694,-0.257,0.584,0.726,0.666,-0.359,-0.453,0.725,0.462,0.039,0.172,-0.541,1.0,-0.076,-0.576,-0.179,-0.42,0.675,0.651,0.605,0.669,0.599,0.082,0.672,-0.18,-0.619,0.085,-0.464,-0.116,-0.486,0.23,0.186,0.649,-0.514,-0.621,0.349,0.144,0.148,0.888,0.139,0.664,0.675,0.283,-0.605,0.517,-0.184,-0.021,-0.558,-0.56,0.672,-0.566,0.618,0.523,0.563,0.755,0.371,0.707,-0.555,-0.406,-0.704,-0.188,-0.542,0.38,0.388
MNST,-0.05,0.403,0.508,0.185,-0.309,0.729,-0.333,0.097,-0.06,0.237,-0.204,-0.241,-0.148,0.159,0.042,0.201,-0.212,0.065,0.057,0.471,0.53,-0.312,0.334,0.284,0.514,0.146,-0.067,0.039,0.661,-0.279,-0.204,0.207,0.164,0.179,0.17,0.663,0.288,-0.072,-0.119,-0.402,-0.287,0.827,0.417,0.19,0.49,0.375,0.571,0.684,-0.076,1.0,0.551,-0.159,0.73,-0.302,-0.025,-0.224,0.046,0.007,-0.232,-0.343,0.133,0.187,0.52,0.292,0.297,0.33,-0.262,0.538,-0.278,0.299,0.216,0.272,-0.072,0.404,0.081,0.527,0.032,-0.146,-0.131,0.57,0.421,0.278,-0.206,0.463,0.26,-0.331,0.387,-0.346,-0.493,0.459,-0.211,0.649,-0.241,0.611,0.436,0.1,-0.015,0.593,0.461,0.145
MRNA,-0.306,-0.209,0.594,-0.386,-0.686,0.394,-0.458,-0.062,-0.539,0.61,-0.658,-0.627,-0.563,0.532,0.247,-0.435,-0.622,-0.451,-0.524,0.18,0.202,-0.47,-0.261,0.256,0.211,-0.421,-0.492,-0.433,0.731,-0.411,-0.407,-0.258,-0.248,-0.314,0.008,0.19,-0.296,0.465,-0.573,-0.563,-0.733,0.626,0.667,-0.381,-0.006,0.121,0.228,0.82,-0.576,0.551,1.0,0.225,0.819,-0.721,-0.547,-0.48,-0.445,-0.411,-0.096,-0.629,0.411,0.686,0.379,0.734,0.269,0.693,-0.357,0.291,-0.667,0.732,0.625,0.026,0.057,0.071,-0.531,0.359,-0.416,-0.532,-0.122,0.796,-0.092,0.463,-0.125,0.822,0.782,-0.713,0.664,-0.507,-0.655,-0.233,-0.556,0.133,-0.588,0.813,0.75,0.719,0.383,0.885,0.016,-0.313
MRVL,0.124,-0.101,0.215,-0.113,-0.181,0.078,0.039,-0.146,-0.064,0.187,-0.333,-0.331,-0.126,0.482,0.403,-0.357,-0.241,-0.113,-0.291,0.042,-0.099,-0.141,-0.226,-0.272,0.172,-0.155,-0.221,-0.227,0.299,-0.324,-0.018,-0.212,-0.205,-0.281,0.233,0.055,-0.386,0.478,-0.347,-0.104,-0.292,-0.086,0.269,-0.126,-0.356,0.093,0.074,0.197,-0.179,-0.159,0.225,1.0,0.279,-0.245,-0.23,-0.198,-0.194,-0.266,-0.02,0.006,0.321,0.496,0.229,0.369,0.259,0.408,0.173,-0.133,-0.285,0.386,0.398,-0.148,0.341,0.068,-0.147,0.359,-0.137,0.009,0.277,0.222,-0.368,0.403,0.236,0.28,0.552,-0.254,0.138,-0.091,-0.139,-0.35,-0.037,-0.036,-0.184,0.146,0.454,0.38,0.372,0.074,-0.176,-0.44
MSFT,-0.14,0.091,0.597,-0.181,-0.562,0.753,-0.481,-0.195,-0.275,0.379,-0.669,-0.675,-0.48,0.333,0.297,-0.285,-0.411,-0.123,-0.323,0.306,0.403,-0.496,0.008,0.157,0.472,-0.202,-0.314,-0.346,0.815,-0.506,-0.352,-0.171,-0.192,-0.274,0.267,0.562,-0.09,0.263,-0.608,-0.646,-0.724,0.785,0.641,-0.191,0.167,0.229,0.35,0.896,-0.42,0.73,0.819,0.279,1.0,-0.622,-0.464,-0.411,-0.194,-0.399,-0.275,-0.448,0.28,0.615,0.388,0.611,0.443,0.648,-0.125,0.281,-0.708,0.671,0.624,-0.066,0.151,0.334,-0.254,0.534,-0.283,-0.358,-0.062,0.819,-0.042,0.384,0.012,0.744,0.617,-0.738,0.565,-0.498,-0.71,-0.009,-0.403,0.408,-0.591,0.832,0.654,0.458,0.208,0.776,0.148,-0.149
MSTR,0.591,0.365,-0.355,0.607,0.821,-0.351,0.403,0.216,0.65,-0.552,0.685,0.602,0.635,-0.293,-0.309,0.611,0.714,0.508,0.636,0.026,-0.198,0.626,0.386,-0.175,0.036,0.648,0.615,0.703,-0.538,0.7,0.537,0.448,0.47,0.537,0.253,-0.153,0.513,-0.315,0.637,0.726,0.721,-0.48,-0.426,0.609,0.245,0.109,0.139,-0.751,0.675,-0.302,-0.721,-0.245,-0.622,1.0,0.645,0.684,0.584,0.512,0.004,0.7,-0.143,-0.718,0.005,-0.599,-0.413,-0.554,0.409,0.124,0.71,-0.615,-0.551,0.391,-0.158,-0.068,0.671,-0.094,0.55,0.761,0.246,-0.64,0.389,-0.221,0.058,-0.721,-0.656,0.679,-0.628,0.65,0.643,0.369,0.683,0.149,0.816,-0.663,-0.585,-0.705,-0.128,-0.682,0.229,0.43
MU,0.516,0.424,-0.308,0.807,0.687,-0.133,0.184,0.363,0.577,-0.292,0.787,0.656,0.517,-0.137,-0.457,0.654,0.45,0.407,0.703,0.055,0.249,0.409,0.52,0.041,0.105,0.644,0.529,0.612,-0.373,0.385,0.228,0.52,0.47,0.599,-0.011,-0.024,0.653,-0.524,0.755,0.576,0.753,-0.293,-0.364,0.843,0.401,0.45,0.404,-0.478,0.651,-0.025,-0.547,-0.23,-0.464,0.645,1.0,0.501,0.429,0.839,-0.033,0.526,-0.066,-0.634,0.272,-0.515,-0.297,-0.554,0.091,0.312,0.782,-0.551,-0.607,0.34,-0.375,0.152,0.631,0.142,0.472,0.59,-0.083,-0.56,0.672,0.059,-0.101,-0.563,-0.484,0.784,-0.41,0.442,0.496,0.545,0.464,0.395,0.818,-0.484,-0.448,-0.596,-0.237,-0.431,0.665,0.445
MVIS,0.628,0.278,-0.057,0.569,0.719,-0.218,0.351,-0.08,0.591,-0.451,0.412,0.332,0.533,-0.081,-0.087,0.438,0.691,0.557,0.599,0.054,-0.058,0.586,0.398,-0.314,0.206,0.64,0.554,0.579,-0.342,0.752,0.536,0.419,0.365,0.39,0.398,-0.051,0.565,-0.046,0.381,0.51,0.447,-0.498,-0.425,0.574,0.431,0.046,0.03,-0.574,0.605,-0.224,-0.48,-0.198,-0.411,0.684,0.501,1.0,0.518,0.457,-0.077,0.609,-0.262,-0.524,0.032,-0.248,-0.22,-0.222,0.199,0.182,0.456,-0.436,-0.467,0.359,0.026,-0.026,0.62,0.127,0.617,0.639,0.404,-0.39,0.284,-0.256,0.093,-0.407,-0.401,0.442,-0.403,0.468,0.352,0.198,0.632,0.213,0.701,-0.508,-0.362,-0.555,-0.104,-0.407,0.243,0.364
NFLX,0.553,0.438,0.056,0.612,0.576,0.199,0.286,-0.112,0.754,-0.439,0.344,0.26,0.594,-0.345,-0.09,0.621,0.71,0.71,0.71,0.199,0.108,0.588,0.562,-0.12,0.255,0.594,0.698,0.635,-0.187,0.468,0.497,0.435,0.414,0.302,0.436,0.246,0.64,-0.334,0.265,0.431,0.393,-0.168,-0.332,0.587,0.527,0.106,0.188,-0.352,0.669,0.046,-0.445,-0.194,-0.194,0.584,0.429,0.518,1.0,0.275,-0.064,0.695,-0.23,-0.507,0.024,-0.349,0.104,-0.419,0.491,0.154,0.374,-0.363,-0.311,0.133,0.026,0.292,0.74,0.159,0.398,0.597,0.334,-0.344,0.293,-0.293,0.195,-0.4,-0.5,0.334,-0.473,0.57,0.334,0.466,0.732,0.374,0.494,-0.353,-0.375,-0.63,-0.227,-0.361,0.16,0.536
NNDM,0.412,0.365,-0.195,0.691,0.606,-0.224,0.058,0.448,0.399,-0.163,0.671,0.589,0.392,-0.03,-0.484,0.585,0.333,0.227,0.607,0.095,0.375,0.332,0.434,0.103,0.038,0.545,0.332,0.544,-0.289,0.332,0.171,0.508,0.476,0.538,-0.072,-0.084,0.619,-0.373,0.672,0.52,0.637,-0.249,-0.308,0.726,0.379,0.4,0.421,-0.399,0.599,0.007,-0.411,-0.266,-0.399,0.512,0.839,0.457,0.275,1.0,0.064,0.395,-0.029,-0.549,0.309,-0.373,-0.399,-0.388,-0.129,0.41,0.644,-0.447,-0.614,0.477,-0.43,0.186,0.541,0.182,0.506,0.502,-0.07,-0.43,0.715,0.15,-0.318,-0.448,-0.435,0.703,-0.298,0.344,0.417,0.517,0.328,0.379,0.693,-0.383,-0.294,-0.508,-0.178,-0.293,0.603,0.288
NVAX,-0.151,-0.141,-0.156,0.001,0.003,-0.326,0.36,0.258,-0.02,0.138,0.198,0.317,0.226,0.092,0.167,0.071,-0.031,0.005,0.05,0.019,-0.257,0.237,-0.141,0.322,-0.187,-0.032,0.098,0.063,-0.208,0.08,0.322,0.167,0.156,-0.025,-0.233,-0.159,-0.126,0.299,0.204,0.156,0.236,-0.245,-0.225,0.005,-0.117,-0.223,-0.145,-0.235,0.082,-0.232,-0.096,-0.02,-0.275,0.004,-0.033,-0.077,-0.064,0.064,1.0,-0.005,0.025,-0.086,-0.128,0.063,-0.007,-0.128,-0.122,-0.162,0.246,-0.064,-0.194,0.085,0.238,0.095,-0.053,-0.195,0.011,-0.062,-0.043,-0.233,0.001,-0.22,-0.166,-0.148,-0.033,0.255,-0.1,0.206,0.21,-0.102,0.007,-0.208,0.018,-0.236,-0.069,0.086,0.09,-0.115,-0.135,-0.153
NVDA,0.743,0.333,-0.202,0.6,0.708,-0.143,0.381,-0.061,0.809,-0.55,0.44,0.351,0.533,-0.298,-0.071,0.532,0.742,0.574,0.669,-0.059,-0.112,0.732,0.397,-0.261,0.06,0.579,0.699,0.693,-0.453,0.502,0.595,0.309,0.265,0.19,0.341,-0.121,0.449,-0.25,0.332,0.644,0.518,-0.517,-0.276,0.582,0.201,0.123,0.058,-0.527,0.672,-0.343,-0.629,0.006,-0.448,0.7,0.526,0.609,0.695,0.395,-0.005,1.0,-0.071,-0.411,-0.033,-0.38,-0.168,-0.469,0.663,0.082,0.507,-0.483,-0.276,0.173,0.059,0.057,0.666,0.022,0.378,0.794,0.418,-0.569,0.196,-0.094,0.288,-0.461,-0.424,0.489,-0.579,0.749,0.563,0.198,0.75,0.144,0.673,-0.487,-0.378,-0.558,0.011,-0.577,0.096,0.377
NWL,0.112,-0.01,0.272,0.01,-0.158,-0.103,-0.22,0.332,-0.106,0.369,-0.127,-0.114,-0.247,0.403,-0.022,0.054,-0.12,-0.212,-0.068,0.312,-0.248,0.063,-0.248,0.358,0.141,-0.043,0.026,0.155,0.258,-0.091,0.077,0.003,-0.029,0.079,0.07,-0.29,-0.108,0.183,-0.102,0.027,-0.161,0.176,0.727,0.01,-0.372,0.004,0.428,0.385,-0.18,0.133,0.411,0.321,0.28,-0.143,-0.066,-0.262,-0.23,-0.029,0.025,-0.071,1.0,0.385,0.458,0.464,-0.249,0.217,0.163,0.388,-0.122,0.24,0.553,0.161,-0.147,-0.221,-0.22,0.245,-0.197,-0.164,-0.029,0.17,0.201,0.637,-0.274,0.354,0.483,-0.077,0.179,0.244,0.113,-0.176,-0.229,0.006,-0.112,0.322,0.554,0.483,0.732,0.318,0.049,0.088
OCGN,-0.31,-0.372,0.403,-0.567,-0.69,0.256,-0.399,-0.261,-0.5,0.444,-0.701,-0.675,-0.595,0.443,0.402,-0.623,-0.654,-0.463,-0.607,-0.065,0.035,-0.485,-0.353,0.014,0.021,-0.578,-0.577,-0.568,0.552,-0.523,-0.366,-0.508,-0.521,-0.604,-0.009,0.082,-0.522,0.549,-0.688,-0.568,-0.689,0.3,0.632,-0.561,-0.373,0.07,-0.088,0.722,-0.619,0.187,0.686,0.496,0.615,-0.718,-0.634,-0.524,-0.507,-0.549,-0.086,-0.411,0.385,1.0,0.091,0.636,0.348,0.673,-0.065,-0.078,-0.684,0.685,0.737,-0.261,0.225,0.016,-0.599,0.17,-0.494,-0.486,0.02,0.61,-0.477,0.425,0.135,0.726,0.791,-0.686,0.561,-0.427,-0.588,-0.468,-0.516,-0.186,-0.66,0.639,0.664,0.72,0.411,0.583,-0.196,-0.481
