,AAL,AAPL,AGNC,AMAT,AMD,AMZN,APA,ARDX,AVGO,AZN,BIDU,BILI,BKR,CAN,CHRD,CMCSA,CPRT,CRWD,CSCO,CSX,DKNG,EBAY,ERIC,EXC,FITB,FLEX,FTNT,GEN,GERN,GEVO,GILD,GOOG,GOOGL,GT,HBAN,HST,INTC,IOVA,IQ,JBLU,JD,KDP,KHC,LRCX,LYFT,MARA,MCHP,MDLZ,META,MNST,MRNA,MRVL,MSFT,MSTR,MU,MVIS,NFLX,NNDM,NVAX,NVDA,NWL,OCGN,ON,OPK,PAA,PACB,PANW,PARA,PDD,PENN,PEP,PLUG,PTEN,PTON,PYPL,QCOM,QVCGA,RIOT,ROKU,RUN,SABR,SBUX,SMCI,SNDL,STNE,TCOM,TLRY,TMUS,TSCO,TSLA,TTD,TXN,UAL,VOD,VTRS,VXRT,WBA,WBD,WDC,ZM
AAL,1.0,0.417,-0.534,-0.615,-0.692,0.485,-0.737,-0.484,-0.347,-0.489,-0.666,-0.402,-0.257,0.41,-0.684,0.423,-0.501,0.175,0.674,-0.422,-0.66,-0.676,0.723,0.182,0.419,0.463,-0.01,-0.229,-0.421,0.605,0.739,0.394,0.383,-0.171,0.582,0.044,-0.343,0.618,-0.274,-0.188,-0.569,-0.561,-0.093,-0.471,0.509,0.679,-0.366,-0.563,-0.381,0.573,-0.673,0.711,0.438,0.642,0.252,-0.717,0.54,-0.286,-0.65,0.573,0.632,-0.204,0.07,0.274,-0.767,0.325,0.302,0.039,-0.708,0.654,-0.115,0.1,-0.468,0.649,0.091,0.017,-0.65,0.715,-0.318,-0.691,0.609,0.561,-0.307,0.635,0.435,-0.155,0.216,0.766,-0.508,0.373,0.598,0.225,0.843,-0.575,0.481,-0.045,0.308,0.027,0.532,0.612
AAPL,0.417,1.0,0.047,-0.28,-0.414,0.65,-0.3,-0.38,0.169,0.188,-0.574,-0.595,-0.536,-0.013,-0.44,0.308,-0.127,0.448,0.709,-0.061,-0.204,-0.037,0.736,0.548,0.641,0.469,0.563,-0.017,-0.496,0.571,0.388,0.126,0.097,0.029,0.567,0.374,0.124,0.109,-0.541,0.175,-0.568,0.026,0.536,-0.365,0.634,0.635,0.093,0.088,-0.166,0.686,-0.476,0.693,0.539,0.364,0.593,-0.335,0.374,-0.108,-0.544,0.67,0.24,-0.186,-0.131,-0.054,-0.253,0.307,0.663,-0.198,-0.523,0.137,0.436,0.316,-0.522,0.395,0.163,0.638,-0.468,0.545,0.328,-0.548,0.48,0.188,0.268,0.295,0.027,-0.442,-0.199,0.521,-0.088,-0.286,0.59,-0.063,0.476,-0.004,0.558,-0.052,0.664,-0.017,0.361,0.186
AGNC,-0.534,0.047,1.0,0.307,0.363,-0.292,0.522,0.082,0.446,0.73,0.221,-0.115,-0.078,-0.5,0.384,-0.237,0.436,0.032,-0.12,0.422,0.567,0.652,-0.292,0.325,0.047,-0.21,0.232,0.211,-0.033,-0.267,-0.414,-0.48,-0.471,0.284,-0.352,0.204,0.309,-0.623,-0.295,0.589,0.054,0.843,0.59,0.155,-0.235,-0.212,0.21,0.771,0.095,-0.183,0.358,-0.406,-0.409,-0.618,0.139,0.437,-0.456,0.33,0.307,-0.312,-0.553,0.022,-0.201,-0.256,0.712,-0.22,0.142,-0.219,0.253,-0.679,0.468,0.084,0.282,-0.584,0.183,0.162,0.438,-0.444,0.497,0.443,-0.484,-0.444,0.442,-0.529,-0.599,-0.34,-0.525,-0.365,0.774,-0.561,-0.35,-0.384,-0.503,0.841,-0.192,0.026,0.279,0.019,-0.218,-0.676
AMAT,-0.615,-0.28,0.307,1.0,0.646,-0.295,0.713,0.391,0.459,0.281,0.634,0.372,0.367,-0.228,0.65,-0.326,0.528,-0.114,-0.5,0.571,0.479,0.564,-0.482,-0.303,-0.326,-0.258,0.028,0.227,0.573,-0.595,-0.639,-0.247,-0.227,0.301,-0.337,0.068,0.628,-0.377,0.202,-0.043,0.58,0.281,-0.076,0.919,-0.581,-0.546,0.652,0.289,0.524,-0.56,0.603,-0.443,-0.291,-0.491,-0.198,0.833,-0.463,0.215,0.773,-0.361,-0.395,0.437,0.291,-0.049,0.641,-0.274,-0.145,0.074,0.617,-0.278,0.009,-0.274,0.513,-0.503,-0.143,0.232,0.406,-0.629,0.268,0.626,-0.507,-0.413,0.146,-0.551,-0.288,0.279,-0.236,-0.574,0.456,-0.168,-0.506,0.226,-0.586,0.383,-0.441,0.04,-0.221,-0.015,-0.405,-0.563
AMD,-0.692,-0.414,0.363,0.646,1.0,-0.403,0.632,0.395,0.355,0.469,0.628,0.461,0.316,-0.193,0.589,-0.462,0.399,-0.216,-0.668,0.186,0.436,0.652,-0.644,-0.248,-0.577,-0.308,-0.172,0.008,0.407,-0.619,-0.559,-0.227,-0.219,0.209,-0.663,-0.147,0.559,-0.385,0.383,0.296,0.597,0.419,0.052,0.543,-0.557,-0.593,0.556,0.391,0.583,-0.603,0.676,-0.616,-0.248,-0.459,-0.199,0.637,-0.523,0.464,0.643,-0.499,-0.374,0.503,0.113,-0.032,0.609,-0.378,-0.362,-0.08,0.669,-0.32,-0.058,-0.005,0.499,-0.63,0.116,0.02,0.619,-0.566,0.389,0.678,-0.332,-0.31,0.459,-0.453,-0.121,0.33,-0.002,-0.628,0.405,-0.035,-0.529,-0.023,-0.711,0.53,-0.471,0.232,-0.402,-0.063,-0.316,-0.465
AMZN,0.485,0.65,-0.292,-0.295,-0.403,1.0,-0.366,-0.141,0.085,-0.196,-0.503,-0.331,-0.134,0.44,-0.476,0.501,-0.14,0.516,0.516,-0.134,-0.287,-0.218,0.49,0.161,0.456,0.595,0.35,0.043,-0.233,0.421,0.436,0.554,0.536,-0.014,0.498,0.275,0.191,0.344,-0.212,-0.245,-0.403,-0.316,0.042,-0.265,0.556,0.443,0.16,-0.28,0.181,0.508,-0.349,0.508,0.705,0.525,0.368,-0.466,0.424,-0.312,-0.5,0.506,0.479,-0.012,0.196,0.27,-0.32,0.429,0.441,0.045,-0.467,0.467,0.079,0.083,-0.429,0.606,-0.028,0.377,-0.546,0.582,0.177,-0.494,0.644,0.276,-0.125,0.425,0.155,-0.072,0.032,0.465,-0.375,0.024,0.8,0.257,0.473,-0.303,0.549,-0.026,0.19,0.08,0.248,0.442
APA,-0.737,-0.3,0.522,0.713,0.632,-0.366,1.0,0.427,0.422,0.515,0.738,0.502,0.362,-0.445,0.842,-0.469,0.428,-0.166,-0.525,0.334,0.628,0.568,-0.583,-0.139,-0.46,-0.475,0.067,0.062,0.273,-0.596,-0.673,-0.435,-0.417,0.274,-0.605,-0.025,0.45,-0.513,0.294,0.288,0.673,0.535,0.053,0.564,-0.546,-0.61,0.433,0.466,0.38,-0.488,0.599,-0.58,-0.384,-0.621,-0.171,0.633,-0.426,0.331,0.652,-0.394,-0.617,0.304,-0.048,-0.312,0.729,-0.506,-0.144,-0.111,0.78,-0.474,0.157,-0.044,0.598,-0.622,-0.046,0.002,0.522,-0.638,0.301,0.606,-0.558,-0.424,0.25,-0.633,-0.428,0.348,-0.24,-0.698,0.51,-0.318,-0.572,-0.172,-0.708,0.543,-0.48,0.044,-0.244,-0.053,-0.468,-0.643
ARDX,-0.484,-0.38,0.082,0.391,0.395,-0.141,0.427,1.0,-0.015,0.124,0.665,0.734,0.446,0.029,0.513,-0.172,0.097,-0.452,-0.549,0.236,0.494,0.333,-0.511,-0.207,-0.463,-0.386,-0.316,0.165,0.509,-0.477,-0.431,0.139,0.162,0.137,-0.528,0.212,0.142,-0.003,0.673,-0.079,0.69,0.06,-0.273,0.386,-0.435,-0.452,0.403,0.113,0.516,-0.456,0.57,-0.459,-0.13,-0.411,-0.285,0.293,-0.349,0.335,0.535,-0.546,-0.213,0.397,0.233,0.12,0.412,-0.165,-0.528,0.28,0.626,-0.053,-0.307,0.015,0.598,-0.223,-0.352,-0.041,0.476,-0.361,0.16,0.488,-0.124,-0.094,-0.052,-0.32,0.024,0.546,0.131,-0.503,0.155,0.131,-0.476,0.08,-0.485,0.158,-0.074,0.375,-0.404,0.333,-0.19,-0.373
AVGO,-0.347,0.169,0.446,0.459,0.355,0.085,0.422,-0.015,1.0,0.442,0.221,-0.11,-0.081,-0.25,0.352,-0.196,0.63,0.351,-0.078,0.32,0.392,0.552,-0.272,-0.046,0.047,-0.051,0.378,0.228,0.059,-0.168,-0.382,-0.28,-0.269,0.236,-0.156,0.196,0.596,-0.492,-0.278,0.158,0.108,0.455,0.261,0.307,-0.094,-0.253,0.487,0.425,0.352,-0.156,0.277,-0.227,-0.143,-0.356,0.278,0.445,-0.268,-0.054,0.247,0.005,-0.391,0.018,-0.107,0.063,0.519,-0.05,0.358,-0.059,0.224,-0.35,0.421,-0.204,0.031,-0.421,-0.05,0.271,0.118,-0.354,0.539,0.17,-0.266,-0.512,0.32,-0.567,-0.541,-0.122,-0.539,-0.366,0.577,-0.445,-0.115,-0.178,-0.377,0.466,-0.152,-0.089,0.196,-0.018,-0.378,-0.334
AZN,-0.489,0.188,0.73,0.281,0.469,-0.196,0.515,0.124,0.442,1.0,0.197,-0.09,-0.21,-0.602,0.352,-0.271,0.356,0.003,-0.063,0.364,0.521,0.792,-0.219,0.501,-0.011,-0.145,0.281,0.142,-0.072,-0.173,-0.393,-0.477,-0.474,0.264,-0.278,0.239,0.375,-0.537,-0.222,0.694,0.133,0.785,0.776,0.088,-0.09,-0.167,0.39,0.765,0.164,-0.056,0.341,-0.263,-0.12,-0.526,0.293,0.425,-0.44,0.461,0.297,-0.159,-0.544,0.046,-0.276,-0.377,0.662,-0.229,0.111,-0.335,0.296,-0.666,0.541,0.24,0.27,-0.524,0.224,0.327,0.408,-0.303,0.683,0.278,-0.203,-0.411,0.805,-0.469,-0.405,-0.267,-0.461,-0.341,0.692,-0.549,-0.326,-0.437,-0.413,0.799,-0.112,0.138,0.212,-0.077,-0.131,-0.705
BIDU,-0.666,-0.574,0.221,0.634,0.628,-0.503,0.738,0.665,0.221,0.197,1.0,0.846,0.406,-0.238,0.774,-0.499,0.433,-0.422,-0.764,0.28,0.621,0.398,-0.715,-0.461,-0.624,-0.61,-0.294,0.031,0.621,-0.691,-0.727,-0.28,-0.238,0.18,-0.647,0.024,0.253,-0.322,0.673,0.008,0.92,0.178,-0.337,0.531,-0.683,-0.671,0.386,0.207,0.436,-0.671,0.696,-0.641,-0.48,-0.57,-0.349,0.573,-0.482,0.341,0.728,-0.548,-0.433,0.448,0.082,-0.041,0.497,-0.44,-0.436,0.138,0.947,-0.224,-0.163,-0.192,0.592,-0.636,-0.316,-0.136,0.568,-0.601,0.139,0.69,-0.541,-0.396,0.053,-0.586,-0.256,0.601,-0.008,-0.791,0.302,-0.061,-0.693,-0.086,-0.697,0.299,-0.427,0.258,-0.385,0.099,-0.473,-0.531
BILI,-0.402,-0.595,-0.115,0.372,0.461,-0.331,0.502,0.734,-0.11,-0.09,0.846,1.0,0.487,0.04,0.575,-0.368,0.112,-0.5,-0.704,0.063,0.372,0.061,-0.604,-0.493,-0.629,-0.509,-0.448,-0.145,0.551,-0.57,-0.474,0.028,0.055,0.045,-0.58,-0.043,0.035,0.034,0.911,-0.117,0.919,-0.109,-0.569,0.365,-0.547,-0.543,0.223,-0.086,0.397,-0.557,0.59,-0.508,-0.274,-0.34,-0.427,0.264,-0.256,0.285,0.555,-0.527,-0.164,0.49,0.179,0.111,0.174,-0.336,-0.593,0.224,0.831,0.082,-0.435,-0.083,0.556,-0.356,-0.343,-0.252,0.461,-0.392,-0.123,0.495,-0.271,-0.089,-0.195,-0.218,0.099,0.839,0.366,-0.607,-0.056,0.228,-0.51,0.07,-0.481,-0.026,-0.297,0.34,-0.557,0.1,-0.262,-0.238
BKR,-0.257,-0.536,-0.078,0.367,0.316,-0.134,0.362,0.446,-0.081,-0.21,0.406,0.487,1.0,0.238,0.36,0.081,-0.019,-0.362,-0.516,-0.025,0.026,0.057,-0.493,-0.492,-0.429,-0.186,-0.472,0.191,0.414,-0.507,-0.096,0.208,0.229,0.12,-0.467,-0.222,0.171,0.097,0.469,-0.347,0.415,-0.178,-0.47,0.543,-0.52,-0.46,0.235,-0.135,0.431,-0.571,0.41,-0.533,-0.133,-0.071,-0.619,0.114,-0.172,0.027,0.326,-0.524,0.125,0.434,0.543,0.233,0.283,-0.299,-0.564,0.34,0.357,0.127,-0.539,-0.234,0.585,0.055,-0.164,-0.294,0.086,-0.293,-0.198,0.457,-0.125,0.162,-0.323,-0.061,0.039,0.523,0.214,-0.193,-0.013,0.441,-0.219,0.518,-0.422,-0.043,-0.288,0.122,-0.663,0.229,-0.167,-0.102
CAN,0.41,-0.013,-0.5,-0.228,-0.193,0.44,-0.445,0.029,-0.25,-0.602,-0.238,0.04,0.238,1.0,-0.345,0.496,-0.406,-0.034,0.125,-0.216,-0.38,-0.465,0.26,-0.207,0.105,0.418,-0.357,0.009,0.033,0.083,0.379,0.841,0.844,-0.409,0.194,-0.15,-0.173,0.483,0.183,-0.502,-0.146,-0.477,-0.465,-0.117,0.137,0.344,-0.057,-0.39,0.272,0.137,-0.095,0.288,0.296,0.54,-0.258,-0.427,0.261,-0.242,-0.268,-0.012,0.542,0.278,0.53,0.72,-0.377,0.477,-0.175,0.449,-0.339,0.685,-0.57,-0.09,-0.209,0.58,-0.153,-0.066,-0.355,0.473,-0.334,-0.291,0.408,0.402,-0.541,0.414,0.401,0.263,0.323,0.228,-0.559,0.407,0.467,0.404,0.37,-0.45,0.421,-0.053,-0.178,0.236,0.151,0.495
CHRD,-0.684,-0.44,0.384,0.65,0.589,-0.476,0.842,0.513,0.352,0.352,0.774,0.575,0.36,-0.345,1.0,-0.528,0.336,-0.263,-0.532,0.256,0.709,0.486,-0.575,-0.225,-0.495,-0.582,-0.15,-0.004,0.367,-0.509,-0.638,-0.39,-0.375,0.271,-0.612,-0.086,0.287,-0.319,0.419,0.219,0.674,0.43,-0.055,0.516,-0.523,-0.551,0.367,0.397,0.304,-0.471,0.582,-0.58,-0.454,-0.602,-0.21,0.62,-0.35,0.428,0.657,-0.479,-0.533,0.341,-0.037,-0.201,0.699,-0.498,-0.34,-0.015,0.746,-0.352,-0.024,-0.01,0.707,-0.653,-0.169,-0.184,0.523,-0.625,0.213,0.635,-0.518,-0.446,0.129,-0.611,-0.323,0.382,-0.166,-0.684,0.451,-0.197,-0.707,-0.253,-0.642,0.437,-0.436,0.129,-0.237,0.012,-0.394,-0.584
CMCSA,0.423,0.308,-0.237,-0.326,-0.462,0.501,-0.469,-0.172,-0.196,-0.271,-0.499,-0.368,0.081,0.496,-0.528,1.0,-0.202,0.145,0.359,-0.018,-0.393,-0.324,0.448,0.177,0.49,0.55,0.072,0.553,-0.213,0.189,0.539,0.556,0.549,-0.265,0.484,0.18,-0.148,0.253,-0.288,-0.387,-0.462,-0.302,0.045,-0.253,0.231,0.298,-0.076,-0.117,-0.016,0.347,-0.302,0.39,0.232,0.405,0.014,-0.458,0.105,-0.481,-0.493,0.176,0.447,-0.142,0.3,0.299,-0.259,0.515,0.212,0.522,-0.55,0.454,-0.073,-0.242,-0.37,0.753,-0.062,0.196,-0.416,0.418,-0.302,-0.339,0.326,0.261,-0.291,0.331,0.072,-0.198,-0.06,0.475,-0.295,0.093,0.599,0.351,0.419,-0.196,0.581,-0.191,0.184,0.503,0.209,0.274
CPRT,-0.501,-0.127,0.436,0.528,0.399,-0.14,0.428,0.097,0.63,0.356,0.433,0.112,-0.019,-0.406,0.336,-0.202,1.0,0.247,-0.389,0.574,0.481,0.544,-0.472,-0.274,0.011,-0.193,0.348,0.384,0.406,-0.439,-0.607,-0.392,-0.363,0.442,-0.129,0.339,0.507,-0.551,-0.121,-0.009,0.316,0.351,0.12,0.417,-0.335,-0.574,0.376,0.389,0.281,-0.328,0.496,-0.498,-0.426,-0.502,0.091,0.616,-0.39,-0.149,0.467,-0.243,-0.462,0.022,-0.11,-0.06,0.52,-0.061,0.255,0.018,0.427,-0.468,0.489,-0.351,0.138,-0.548,-0.158,0.164,0.375,-0.578,0.364,0.431,-0.568,-0.693,0.271,-0.707,-0.586,-0.041,-0.539,-0.54,0.58,-0.492,-0.264,-0.147,-0.536,0.446,-0.293,-0.051,0.021,-0.003,-0.556,-0.47
CRWD,0.175,0.448,0.032,-0.114,-0.216,0.516,-0.166,-0.452,0.351,0.003,-0.422,-0.5,-0.362,-0.034,-0.263,0.145,0.247,1.0,0.388,0.035,-0.048,-0.105,0.221,0.049,0.484,0.445,0.67,0.072,-0.185,0.28,0.039,-0.042,-0.067,0.264,0.441,0.216,0.26,-0.033,-0.516,-0.145,-0.392,-0.026,0.247,-0.176,0.573,0.302,0.066,-0.074,-0.095,0.379,-0.311,0.281,0.18,0.303,0.575,-0.062,0.187,-0.431,-0.313,0.462,0.168,-0.165,-0.069,-0.0,-0.072,0.358,0.67,-0.256,-0.395,0.003,0.447,-0.147,-0.471,0.115,-0.007,0.304,-0.194,0.219,0.158,-0.285,0.112,-0.196,0.051,0.068,-0.075,-0.311,-0.275,0.258,-0.024,-0.297,0.507,-0.043,0.241,-0.108,0.142,-0.202,0.33,-0.235,0.034,0.343
CSCO,0.674,0.709,-0.12,-0.5,-0.668,0.516,-0.525,-0.549,-0.078,-0.063,-0.764,-0.704,-0.516,0.125,-0.532,0.359,-0.389,0.388,1.0,-0.209,-0.405,-0.34,0.82,0.63,0.667,0.511,0.366,-0.119,-0.571,0.792,0.559,0.112,0.078,-0.045,0.696,0.183,-0.198,0.277,-0.602,0.106,-0.726,-0.122,0.376,-0.505,0.678,0.774,-0.222,-0.12,-0.476,0.818,-0.702,0.81,0.454,0.42,0.593,-0.491,0.499,-0.106,-0.594,0.706,0.284,-0.411,-0.192,-0.072,-0.436,0.337,0.609,-0.172,-0.765,0.243,0.26,0.257,-0.548,0.52,0.232,0.267,-0.603,0.616,0.011,-0.743,0.514,0.341,0.043,0.425,0.108,-0.487,-0.135,0.674,-0.267,-0.169,0.546,-0.075,0.843,-0.186,0.537,-0.082,0.665,-0.009,0.41,0.375
CSX,-0.422,-0.061,0.422,0.571,0.186,-0.134,0.334,0.236,0.32,0.364,0.28,0.063,-0.025,-0.216,0.256,-0.018,0.574,0.035,-0.209,1.0,0.46,0.501,-0.246,0.049,0.182,-0.104,0.274,0.449,0.491,-0.307,-0.537,-0.18,-0.16,0.219,0.065,0.403,0.265,-0.373,-0.166,0.027,0.249,0.412,0.209,0.513,-0.274,-0.281,0.277,0.489,0.236,-0.169,0.542,-0.286,-0.377,-0.469,-0.033,0.636,-0.347,-0.011,0.487,-0.351,-0.345,0.096,0.02,0.0,0.541,0.09,0.051,0.155,0.281,-0.43,0.243,-0.216,0.31,-0.366,-0.206,0.304,0.347,-0.449,0.251,0.327,-0.504,-0.512,0.121,-0.508,-0.448,-0.142,-0.504,-0.403,0.524,-0.44,-0.3,-0.036,-0.379,0.449,-0.103,-0.074,0.122,0.084,-0.308,-0.622
DKNG,-0.66,-0.204,0.567,0.479,0.436,-0.287,0.628,0.494,0.392,0.521,0.621,0.372,0.026,-0.38,0.709,-0.393,0.481,-0.048,-0.405,0.46,1.0,0.564,-0.51,-0.018,-0.194,-0.414,-0.003,0.153,0.413,-0.418,-0.699,-0.388,-0.362,0.331,-0.423,0.192,0.308,-0.325,0.2,0.293,0.501,0.505,0.181,0.317,-0.288,-0.354,0.406,0.529,0.337,-0.336,0.6,-0.534,-0.394,-0.588,-0.038,0.573,-0.367,0.357,0.595,-0.472,-0.493,0.233,-0.058,-0.15,0.742,-0.238,-0.159,-0.028,0.578,-0.474,0.195,-0.017,0.464,-0.647,-0.199,0.061,0.525,-0.528,0.462,0.62,-0.445,-0.56,0.222,-0.622,-0.353,0.108,-0.36,-0.642,0.534,-0.39,-0.511,-0.365,-0.583,0.551,-0.267,0.269,-0.054,0.081,-0.341,-0.669
EBAY,-0.676,-0.037,0.652,0.564,0.652,-0.218,0.568,0.333,0.552,0.792,0.398,0.061,0.057,-0.465,0.486,-0.324,0.544,-0.105,-0.34,0.501,0.564,1.0,-0.424,0.2,-0.149,-0.264,0.156,0.271,0.244,-0.401,-0.52,-0.36,-0.353,0.326,-0.393,0.257,0.554,-0.55,-0.066,0.445,0.274,0.682,0.484,0.439,-0.374,-0.443,0.571,0.728,0.455,-0.374,0.565,-0.477,-0.09,-0.62,0.072,0.656,-0.548,0.404,0.497,-0.354,-0.571,0.162,-0.067,-0.268,0.808,-0.299,-0.105,-0.175,0.458,-0.61,0.339,0.05,0.461,-0.581,0.111,0.282,0.539,-0.509,0.79,0.525,-0.24,-0.452,0.66,-0.596,-0.484,-0.156,-0.412,-0.483,0.739,-0.403,-0.44,-0.164,-0.664,0.776,-0.22,0.12,-0.018,0.004,-0.274,-0.752
ERIC,0.723,0.736,-0.292,-0.482,-0.644,0.49,-0.583,-0.511,-0.272,-0.219,-0.715,-0.604,-0.493,0.26,-0.575,0.448,-0.472,0.221,0.82,-0.246,-0.51,-0.424,1.0,0.513,0.646,0.503,0.294,-0.103,-0.53,0.683,0.673,0.31,0.276,-0.177,0.761,0.193,-0.307,0.391,-0.459,-0.018,-0.681,-0.292,0.262,-0.485,0.614,0.767,-0.235,-0.209,-0.442,0.79,-0.665,0.923,0.484,0.547,0.446,-0.541,0.472,-0.144,-0.703,0.681,0.421,-0.248,-0.027,0.039,-0.579,0.42,0.495,-0.01,-0.743,0.469,0.145,0.234,-0.567,0.61,0.182,0.349,-0.579,0.702,-0.101,-0.678,0.557,0.407,-0.052,0.521,0.28,-0.372,0.014,0.716,-0.424,0.007,0.612,0.063,0.8,-0.3,0.698,-0.134,0.668,0.039,0.52,0.446
EXC,0.182,0.548,0.325,-0.303,-0.248,0.161,-0.139,-0.207,-0.046,0.501,-0.461,-0.493,-0.492,-0.207,-0.225,0.177,-0.274,0.049,0.63,0.049,-0.018,0.2,0.513,1.0,0.496,0.286,0.247,0.015,-0.524,0.449,0.239,-0.095,-0.126,-0.001,0.303,0.338,-0.151,-0.029,-0.478,0.596,-0.44,0.411,0.696,-0.396,0.399,0.474,-0.019,0.458,-0.324,0.615,-0.262,0.467,0.242,-0.05,0.539,-0.229,0.039,0.261,-0.309,0.257,-0.142,-0.325,-0.316,-0.339,0.034,0.163,0.283,-0.241,-0.377,-0.186,0.366,0.385,-0.162,0.131,0.345,0.368,-0.046,0.259,0.287,-0.363,0.299,0.146,0.41,0.093,-0.074,-0.489,-0.265,0.329,0.148,-0.339,0.157,-0.269,0.357,0.382,0.443,0.029,0.606,0.095,0.371,-0.196
FITB,0.419,0.641,0.047,-0.326,-0.577,0.456,-0.46,-0.463,0.047,-0.011,-0.624,-0.629,-0.429,0.105,-0.495,0.49,0.011,0.484,0.667,0.182,-0.194,-0.149,0.646,0.496,1.0,0.553,0.445,0.263,-0.298,0.524,0.363,0.119,0.091,0.067,0.777,0.553,-0.13,0.22,-0.617,-0.032,-0.609,-0.072,0.4,-0.293,0.595,0.591,-0.074,0.085,-0.333,0.668,-0.307,0.574,0.199,0.306,0.559,-0.27,0.227,-0.322,-0.534,0.427,0.256,-0.294,0.019,0.014,-0.237,0.544,0.542,0.021,-0.649,0.092,0.341,0.018,-0.425,0.377,0.05,0.469,-0.374,0.441,0.031,-0.479,0.253,0.059,0.006,0.262,-0.024,-0.51,-0.326,0.526,-0.105,-0.275,0.578,0.063,0.485,-0.031,0.515,-0.076,0.646,0.051,0.372,0.116
FLEX,0.463,0.469,-0.21,-0.258,-0.308,0.595,-0.475,-0.386,-0.051,-0.145,-0.61,-0.509,-0.186,0.418,-0.582,0.55,-0.193,0.445,0.511,-0.104,-0.414,-0.264,0.503,0.286,0.553,1.0,0.29,0.087,-0.331,0.439,0.515,0.468,0.453,-0.094,0.602,0.266,0.087,0.373,-0.418,-0.114,-0.49,-0.202,0.19,-0.204,0.562,0.525,0.045,-0.207,-0.027,0.577,-0.416,0.541,0.435,0.617,0.405,-0.325,0.259,-0.368,-0.499,0.456,0.486,-0.042,0.213,0.141,-0.332,0.619,0.423,-0.002,-0.633,0.41,0.148,0.028,-0.418,0.522,0.252,0.372,-0.488,0.61,-0.051,-0.515,0.486,0.268,0.047,0.412,0.304,-0.191,-0.082,0.547,-0.35,0.087,0.696,0.314,0.542,-0.12,0.377,-0.064,0.23,0.015,0.377,0.402
FTNT,-0.01,0.563,0.232,0.028,-0.172,0.35,0.067,-0.316,0.378,0.281,-0.294,-0.448,-0.472,-0.357,-0.15,0.072,0.348,0.67,0.366,0.274,-0.003,0.156,0.294,0.247,0.445,0.29,1.0,0.128,-0.305,0.284,0.039,-0.282,-0.301,0.278,0.447,0.34,0.289,-0.312,-0.536,0.147,-0.254,0.284,0.49,-0.097,0.365,0.123,0.101,0.162,-0.224,0.384,-0.266,0.297,0.138,0.023,0.599,0.144,0.094,-0.323,-0.258,0.541,-0.178,-0.312,-0.372,-0.285,0.077,0.145,0.795,-0.304,-0.226,-0.206,0.782,0.035,-0.357,-0.005,0.233,0.445,-0.091,0.083,0.279,-0.26,-0.032,-0.271,0.334,-0.088,-0.301,-0.336,-0.357,0.153,0.23,-0.54,0.284,-0.153,0.072,0.166,0.125,-0.26,0.436,-0.267,-0.053,0.094
GEN,-0.229,-0.017,0.211,0.227,0.008,0.043,0.062,0.165,0.228,0.142,0.031,-0.145,0.191,0.009,-0.004,0.553,0.384,0.072,-0.119,0.449,0.153,0.271,-0.103,0.015,0.263,0.087,0.128,1.0,0.172,-0.301,-0.15,0.087,0.098,-0.033,0.112,0.325,0.148,-0.279,-0.243,-0.216,-0.052,0.125,0.141,0.194,-0.217,-0.247,0.2,0.28,0.229,-0.126,0.263,-0.165,-0.286,-0.219,-0.051,0.212,-0.422,-0.268,0.111,-0.259,-0.148,-0.03,0.183,0.089,0.362,0.289,0.093,0.516,-0.028,-0.194,0.114,-0.452,-0.001,0.167,-0.204,0.202,0.165,-0.258,0.019,0.243,-0.257,-0.287,-0.076,-0.399,-0.393,-0.224,-0.479,-0.154,0.313,-0.258,0.016,0.093,-0.196,0.241,0.187,-0.175,0.115,0.576,-0.262,-0.318
GERN,-0.421,-0.496,-0.033,0.573,0.407,-0.233,0.273,0.509,0.059,-0.072,0.621,0.551,0.414,0.033,0.367,-0.213,0.406,-0.185,-0.571,0.491,0.413,0.244,-0.53,-0.524,-0.298,-0.331,-0.305,0.172,1.0,-0.486,-0.556,-0.006,0.023,0.254,-0.212,0.091,0.247,-0.049,0.495,-0.361,0.575,-0.176,-0.403,0.608,-0.487,-0.466,0.375,-0.015,0.445,-0.553,0.652,-0.489,-0.27,-0.302,-0.365,0.523,-0.295,0.154,0.652,-0.526,-0.043,0.455,0.386,0.257,0.305,-0.131,-0.434,0.295,0.542,-0.054,-0.368,-0.401,0.399,-0.351,-0.401,-0.066,0.303,-0.445,0.069,0.58,-0.332,-0.28,-0.151,-0.28,-0.053,0.384,0.053,-0.511,0.058,0.125,-0.385,0.238,-0.427,0.034,-0.26,0.302,-0.389,0.084,-0.364,-0.312
GEVO,0.605,0.571,-0.267,-0.595,-0.619,0.421,-0.596,-0.477,-0.168,-0.173,-0.691,-0.57,-0.507,0.083,-0.509,0.189,-0.439,0.28,0.792,-0.307,-0.418,-0.401,0.683,0.449,0.524,0.439,0.284,-0.301,-0.486,1.0,0.57,0.082,0.045,-0.084,0.632,0.092,-0.293,0.446,-0.431,0.156,-0.648,-0.221,0.266,-0.563,0.648,0.687,-0.354,-0.254,-0.536,0.739,-0.666,0.693,0.446,0.439,0.555,-0.44,0.717,-0.112,-0.659,0.737,0.335,-0.446,-0.31,-0.151,-0.548,0.185,0.385,-0.152,-0.684,0.191,0.168,0.415,-0.47,0.459,0.29,0.075,-0.576,0.635,-0.082,-0.714,0.529,0.389,0.048,0.497,0.175,-0.393,0.021,0.654,-0.392,-0.065,0.472,-0.139,0.733,-0.32,0.366,-0.075,0.448,-0.108,0.396,0.46
GILD,0.739,0.388,-0.414,-0.639,-0.559,0.436,-0.673,-0.431,-0.382,-0.393,-0.727,-0.474,-0.096,0.379,-0.638,0.539,-0.607,0.039,0.559,-0.537,-0.699,-0.52,0.673,0.239,0.363,0.515,0.039,-0.15,-0.556,0.57,1.0,0.418,0.396,-0.221,0.458,-0.105,-0.303,0.516,-0.235,-0.102,-0.629,-0.379,0.055,-0.468,0.459,0.585,-0.308,-0.4,-0.379,0.517,-0.693,0.605,0.565,0.667,0.108,-0.733,0.472,-0.218,-0.789,0.491,0.616,-0.236,0.093,0.15,-0.592,0.205,0.167,0.006,-0.731,0.589,-0.067,0.148,-0.415,0.688,0.384,-0.002,-0.643,0.729,-0.301,-0.59,0.66,0.57,-0.156,0.758,0.428,-0.191,0.37,0.822,-0.486,0.435,0.663,0.311,0.617,-0.401,0.446,-0.063,0.15,-0.009,0.602,0.641
GOOG,0.394,0.126,-0.48,-0.247,-0.227,0.554,-0.435,0.139,-0.28,-0.477,-0.28,0.028,0.208,0.841,-0.39,0.556,-0.392,-0.042,0.112,-0.18,-0.388,-0.36,0.31,-0.095,0.119,0.468,-0.282,0.087,-0.006,0.082,0.418,1.0,0.996,-0.407,0.204,0.006,-0.19,0.484,0.159,-0.475,-0.177,-0.441,-0.342,-0.157,0.176,0.27,-0.021,-0.338,0.382,0.172,-0.15,0.322,0.442,0.46,-0.188,-0.449,0.185,-0.203,-0.307,0.004,0.565,0.254,0.503,0.606,-0.347,0.536,-0.16,0.457,-0.332,0.672,-0.47,-0.039,-0.191,0.612,-0.213,0.058,-0.294,0.446,-0.205,-0.275,0.524,0.396,-0.442,0.426,0.434,0.232,0.319,0.258,-0.51,0.352,0.513,0.384,0.369,-0.368,0.504,-0.002,-0.123,0.319,0.241,0.421
GOOGL,0.383,0.097,-0.471,-0.227,-0.219,0.536,-0.417,0.162,-0.269,-0.474,-0.238,0.055,0.229,0.844,-0.375,0.549,-0.363,-0.067,0.078,-0.16,-0.362,-0.353,0.276,-0.126,0.091,0.453,-0.301,0.098,0.023,0.045,0.396,0.996,1.0,-0.402,0.178,0.007,-0.181,0.462,0.17,-0.487,-0.14,-0.433,-0.356,-0.136,0.141,0.249,-0.009,-0.339,0.401,0.14,-0.128,0.29,0.417,0.448,-0.221,-0.443,0.163,-0.208,-0.278,-0.023,0.554,0.267,0.513,0.631,-0.324,0.523,-0.168,0.455,-0.298,0.669,-0.461,-0.059,-0.175,0.589,-0.232,0.057,-0.295,0.433,-0.208,-0.257,0.493,0.366,-0.444,0.396,0.414,0.254,0.302,0.229,-0.484,0.349,0.493,0.39,0.342,-0.362,0.482,0.001,-0.147,0.317,0.214,0.401
GT,-0.171,0.029,0.284,0.301,0.209,-0.014,0.274,0.137,0.236,0.264,0.18,0.045,0.12,-0.409,0.271,-0.265,0.442,0.264,-0.045,0.219,0.331,0.326,-0.177,-0.001,0.067,-0.094,0.278,-0.033,0.254,-0.084,-0.221,-0.407,-0.402,1.0,-0.064,0.318,0.354,-0.041,-0.06,0.122,0.152,0.142,0.222,0.346,-0.013,-0.162,0.388,0.167,0.004,-0.087,0.149,-0.261,-0.088,-0.206,0.247,0.298,0.017,0.1,0.221,-0.074,-0.14,0.051,-0.012,-0.132,0.326,-0.285,0.129,-0.27,0.185,-0.216,0.282,0.02,0.344,-0.334,-0.005,0.154,0.169,-0.238,0.351,0.227,-0.14,-0.161,0.272,-0.226,-0.153,0.077,-0.184,0.022,0.353,-0.085,-0.208,0.098,-0.253,0.274,-0.207,0.205,0.008,-0.181,-0.089,-0.148
HBAN,0.582,0.567,-0.352,-0.337,-0.663,0.498,-0.605,-0.528,-0.156,-0.278,-0.647,-0.58,-0.467,0.194,-0.612,0.484,-0.129,0.441,0.696,0.065,-0.423,-0.393,0.761,0.303,0.777,0.602,0.447,0.112,-0.212,0.632,0.458,0.204,0.178,-0.064,1.0,0.379,-0.207,0.294,-0.472,-0.254,-0.578,-0.394,0.156,-0.307,0.631,0.578,-0.181,-0.295,-0.405,0.709,-0.469,0.771,0.358,0.504,0.507,-0.291,0.407,-0.399,-0.573,0.657,0.331,-0.343,0.002,0.032,-0.549,0.584,0.586,0.051,-0.669,0.322,0.233,-0.062,-0.59,0.514,0.068,0.365,-0.536,0.555,-0.175,-0.627,0.332,0.138,-0.111,0.425,0.124,-0.387,-0.111,0.584,-0.391,-0.123,0.63,0.173,0.702,-0.367,0.516,-0.239,0.541,-0.043,0.302,0.384
HST,0.044,0.374,0.204,0.068,-0.147,0.275,-0.025,0.212,0.196,0.239,0.024,-0.043,-0.222,-0.15,-0.086,0.18,0.339,0.216,0.183,0.403,0.192,0.257,0.193,0.338,0.553,0.266,0.34,0.325,0.091,0.092,-0.105,0.006,0.007,0.318,0.379,1.0,0.097,0.047,-0.162,0.027,0.02,0.045,0.269,0.056,0.211,0.117,0.302,0.233,0.086,0.293,0.152,0.226,0.062,-0.123,0.558,0.076,-0.207,-0.029,-0.072,0.128,-0.065,-0.037,0.049,-0.077,0.078,0.334,0.332,0.019,0.004,-0.031,0.342,-0.047,0.034,-0.053,-0.173,0.595,0.126,0.069,0.304,-0.076,0.067,-0.163,0.215,-0.167,-0.141,-0.119,-0.373,0.064,0.176,-0.249,0.111,0.093,0.052,0.222,0.386,0.166,0.452,0.245,0.178,-0.272
INTC,-0.343,0.124,0.309,0.628,0.559,0.191,0.45,0.142,0.596,0.375,0.253,0.035,0.171,-0.173,0.287,-0.148,0.507,0.26,-0.198,0.265,0.308,0.554,-0.307,-0.151,-0.13,0.087,0.289,0.148,0.247,-0.293,-0.303,-0.19,-0.181,0.354,-0.207,0.097,1.0,-0.276,-0.031,0.109,0.234,0.258,0.179,0.554,-0.172,-0.287,0.716,0.182,0.513,-0.296,0.323,-0.273,0.137,-0.138,0.092,0.477,-0.227,0.074,0.414,0.001,-0.089,0.369,0.195,-0.059,0.494,-0.205,0.212,-0.14,0.289,-0.141,0.295,-0.039,0.173,-0.266,0.179,0.356,0.076,-0.257,0.563,0.346,-0.059,-0.23,0.401,-0.288,-0.208,0.061,-0.232,-0.226,0.355,-0.132,-0.011,0.19,-0.394,0.347,-0.279,0.207,-0.146,-0.075,-0.152,-0.31
IOVA,0.618,0.109,-0.623,-0.377,-0.385,0.344,-0.513,-0.003,-0.492,-0.537,-0.322,0.034,0.097,0.483,-0.319,0.253,-0.551,-0.033,0.277,-0.373,-0.325,-0.55,0.391,-0.029,0.22,0.373,-0.312,-0.279,-0.049,0.446,0.516,0.484,0.462,-0.041,0.294,0.047,-0.276,1.0,0.189,-0.244,-0.184,-0.663,-0.346,-0.169,0.344,0.491,-0.166,-0.574,-0.099,0.32,-0.317,0.381,0.397,0.603,0.038,-0.447,0.581,-0.073,-0.359,0.216,0.72,0.133,0.344,0.172,-0.552,0.171,-0.231,0.176,-0.403,0.632,-0.46,0.203,0.007,0.555,-0.015,-0.094,-0.381,0.583,-0.296,-0.34,0.622,0.61,-0.361,0.59,0.711,0.232,0.407,0.535,-0.691,0.627,0.374,0.333,0.54,-0.572,0.27,0.278,-0.133,0.078,0.566,0.466
IQ,-0.274,-0.541,-0.295,0.202,0.383,-0.212,0.294,0.673,-0.278,-0.222,0.673,0.911,0.469,0.183,0.419,-0.288,-0.121,-0.516,-0.602,-0.166,0.2,-0.066,-0.459,-0.478,-0.617,-0.418,-0.536,-0.243,0.495,-0.431,-0.235,0.159,0.17,-0.06,-0.472,-0.162,-0.031,0.189,1.0,-0.185,0.774,-0.292,-0.62,0.232,-0.396,-0.384,0.179,-0.257,0.352,-0.457,0.459,-0.355,-0.035,-0.119,-0.429,0.087,-0.133,0.326,0.383,-0.417,0.01,0.493,0.269,0.162,-0.024,-0.262,-0.661,0.215,0.661,0.236,-0.586,-0.045,0.43,-0.168,-0.241,-0.292,0.315,-0.173,-0.173,0.393,-0.033,0.09,-0.247,0.058,0.313,0.806,0.6,-0.434,-0.288,0.417,-0.323,0.152,-0.329,-0.204,-0.181,0.373,-0.594,0.052,-0.101,-0.033
JBLU,-0.188,0.175,0.589,-0.043,0.296,-0.245,0.288,-0.079,0.158,0.694,0.008,-0.117,-0.347,-0.502,0.219,-0.387,-0.009,-0.145,0.106,0.027,0.293,0.445,-0.018,0.596,-0.032,-0.114,0.147,-0.216,-0.361,0.156,-0.102,-0.475,-0.487,0.122,-0.254,0.027,0.109,-0.244,-0.185,1.0,-0.005,0.713,0.64,-0.193,-0.021,0.059,0.025,0.549,-0.15,0.157,0.082,-0.09,-0.078,-0.362,0.322,0.144,-0.055,0.514,0.064,-0.017,-0.406,-0.075,-0.525,-0.458,0.314,-0.361,0.038,-0.468,0.126,-0.494,0.386,0.511,0.194,-0.405,0.537,0.061,0.295,-0.118,0.421,0.061,-0.065,-0.11,0.613,-0.184,-0.194,-0.237,-0.216,-0.111,0.43,-0.354,-0.277,-0.537,-0.162,0.625,-0.157,0.153,0.235,-0.173,0.085,-0.42
JD,-0.569,-0.568,0.054,0.58,0.597,-0.403,0.673,0.69,0.108,0.133,0.92,0.919,0.415,-0.146,0.674,-0.462,0.316,-0.392,-0.726,0.249,0.501,0.274,-0.681,-0.44,-0.609,-0.49,-0.254,-0.052,0.575,-0.648,-0.629,-0.177,-0.14,0.152,-0.578,0.02,0.234,-0.184,0.774,-0.005,1.0,0.092,-0.397,0.513,-0.586,-0.595,0.386,0.06,0.427,-0.587,0.668,-0.555,-0.353,-0.442,-0.315,0.485,-0.399,0.316,0.684,-0.509,-0.336,0.488,0.111,-0.004,0.374,-0.364,-0.451,0.089,0.915,-0.117,-0.196,-0.129,0.585,-0.525,-0.271,-0.083,0.547,-0.507,0.026,0.569,-0.425,-0.318,0.014,-0.404,-0.046,0.768,0.17,-0.722,0.163,0.031,-0.581,0.02,-0.608,0.154,-0.411,0.297,-0.487,-0.015,-0.351,-0.395
KDP,-0.561,0.026,0.843,0.281,0.419,-0.316,0.535,0.06,0.455,0.785,0.178,-0.109,-0.178,-0.477,0.43,-0.302,0.351,-0.026,-0.122,0.412,0.505,0.682,-0.292,0.411,-0.072,-0.202,0.284,0.125,-0.176,-0.221,-0.379,-0.441,-0.433,0.142,-0.394,0.045,0.258,-0.663,-0.292,0.713,0.092,1.0,0.649,0.097,-0.216,-0.228,0.154,0.839,0.075,-0.076,0.309,-0.371,-0.328,-0.591,0.104,0.436,-0.382,0.324,0.305,-0.291,-0.655,-0.06,-0.412,-0.287,0.729,-0.255,0.091,-0.345,0.266,-0.707,0.524,0.184,0.274,-0.58,0.308,0.107,0.459,-0.427,0.457,0.287,-0.439,-0.487,0.535,-0.55,-0.557,-0.288,-0.481,-0.425,0.794,-0.621,-0.412,-0.51,-0.498,0.819,-0.223,-0.11,0.17,-0.115,-0.269,-0.613
KHC,-0.093,0.536,0.59,-0.076,0.052,0.042,0.053,-0.273,0.261,0.776,-0.337,-0.569,-0.47,-0.465,-0.055,0.045,0.12,0.247,0.376,0.209,0.181,0.484,0.262,0.696,0.4,0.19,0.49,0.141,-0.403,0.266,0.055,-0.342,-0.356,0.222,0.156,0.269,0.179,-0.346,-0.62,0.64,-0.397,0.649,1.0,-0.21,0.294,0.258,0.135,0.647,-0.167,0.355,-0.135,0.149,0.078,-0.164,0.488,0.096,-0.121,0.213,-0.184,0.212,-0.256,-0.211,-0.369,-0.337,0.351,0.009,0.408,-0.409,-0.242,-0.464,0.661,0.392,-0.074,-0.167,0.356,0.434,0.029,0.065,0.52,-0.129,0.036,-0.189,0.733,-0.1,-0.295,-0.613,-0.459,0.188,0.529,-0.552,0.04,-0.367,-0.011,0.604,0.141,-0.042,0.519,-0.124,0.147,-0.344
LRCX,-0.471,-0.365,0.155,0.919,0.543,-0.265,0.564,0.386,0.307,0.088,0.531,0.365,0.543,-0.117,0.516,-0.253,0.417,-0.176,-0.505,0.513,0.317,0.439,-0.485,-0.396,-0.293,-0.204,-0.097,0.194,0.608,-0.563,-0.468,-0.157,-0.136,0.346,-0.307,0.056,0.554,-0.169,0.232,-0.193,0.513,0.097,-0.21,1.0,-0.587,-0.516,0.579,0.124,0.497,-0.595,0.575,-0.474,-0.214,-0.354,-0.323,0.718,-0.365,0.124,0.702,-0.39,-0.214,0.407,0.444,0.032,0.534,-0.302,-0.269,0.081,0.502,-0.161,-0.155,-0.291,0.59,-0.381,-0.132,0.156,0.292,-0.551,0.127,0.582,-0.409,-0.231,0.017,-0.37,-0.139,0.306,-0.105,-0.388,0.351,0.108,-0.452,0.478,-0.546,0.217,-0.502,0.066,-0.392,-0.045,-0.265,-0.447
LYFT,0.509,0.634,-0.235,-0.581,-0.557,0.556,-0.546,-0.435,-0.094,-0.09,-0.683,-0.547,-0.52,0.137,-0.523,0.231,-0.335,0.573,0.678,-0.274,-0.288,-0.374,0.614,0.399,0.595,0.562,0.365,-0.217,-0.487,0.648,0.459,0.176,0.141,-0.013,0.631,0.211,-0.172,0.344,-0.396,-0.021,-0.586,-0.216,0.294,-0.587,1.0,0.726,-0.199,-0.248,-0.38,0.759,-0.548,0.663,0.452,0.663,0.556,-0.535,0.468,-0.25,-0.675,0.58,0.403,-0.244,-0.138,-0.001,-0.485,0.584,0.508,-0.262,-0.648,0.241,0.259,0.306,-0.518,0.437,0.143,0.27,-0.506,0.681,0.038,-0.669,0.536,0.269,0.048,0.489,0.337,-0.34,0.029,0.583,-0.371,-0.017,0.674,-0.091,0.602,-0.324,0.48,0.009,0.476,-0.169,0.474,0.481
MARA,0.679,0.635,-0.212,-0.546,-0.593,0.443,-0.61,-0.452,-0.253,-0.167,-0.671,-0.543,-0.46,0.344,-0.551,0.298,-0.574,0.302,0.774,-0.281,-0.354,-0.443,0.767,0.474,0.591,0.525,0.123,-0.247,-0.466,0.687,0.585,0.27,0.249,-0.162,0.578,0.117,-0.287,0.491,-0.384,0.059,-0.595,-0.228,0.258,-0.516,0.726,1.0,-0.232,-0.216,-0.368,0.727,-0.591,0.786,0.459,0.662,0.393,-0.568,0.495,-0.017,-0.63,0.549,0.515,-0.082,0.046,0.162,-0.502,0.408,0.319,-0.192,-0.71,0.356,0.033,0.316,-0.467,0.508,0.199,0.317,-0.525,0.829,-0.066,-0.639,0.576,0.436,-0.064,0.585,0.401,-0.341,0.093,0.662,-0.392,0.079,0.589,-0.006,0.731,-0.328,0.565,0.028,0.518,-0.123,0.605,0.448
MCHP,-0.366,0.093,0.21,0.652,0.556,0.16,0.433,0.403,0.487,0.39,0.386,0.223,0.235,-0.057,0.367,-0.076,0.376,0.066,-0.222,0.277,0.406,0.571,-0.235,-0.019,-0.074,0.045,0.101,0.2,0.375,-0.354,-0.308,-0.021,-0.009,0.388,-0.181,0.302,0.716,-0.166,0.179,0.025,0.386,0.154,0.135,0.579,-0.199,-0.232,1.0,0.224,0.563,-0.258,0.435,-0.159,0.194,-0.218,0.179,0.408,-0.367,0.279,0.38,-0.113,-0.132,0.423,0.44,0.123,0.49,-0.088,-0.005,0.004,0.372,-0.004,0.103,-0.132,0.289,-0.238,-0.027,0.54,0.189,-0.213,0.552,0.397,0.05,-0.211,0.372,-0.244,-0.076,0.257,-0.102,-0.263,0.291,-0.085,-0.094,0.369,-0.377,0.343,-0.046,0.325,-0.097,0.091,-0.058,-0.342
MDLZ,-0.563,0.088,0.771,0.289,0.391,-0.28,0.466,0.113,0.425,0.765,0.207,-0.086,-0.135,-0.39,0.397,-0.117,0.389,-0.074,-0.12,0.489,0.529,0.728,-0.209,0.458,0.085,-0.207,0.162,0.28,-0.015,-0.254,-0.4,-0.338,-0.339,0.167,-0.295,0.233,0.182,-0.574,-0.257,0.549,0.06,0.839,0.647,0.124,-0.248,-0.216,0.224,1.0,0.16,-0.082,0.397,-0.328,-0.317,-0.61,0.079,0.412,-0.443,0.316,0.283,-0.369,-0.567,0.012,-0.26,-0.23,0.717,-0.166,-0.002,-0.103,0.265,-0.636,0.362,0.097,0.269,-0.502,0.07,0.213,0.465,-0.439,0.501,0.313,-0.372,-0.45,0.499,-0.546,-0.571,-0.302,-0.509,-0.395,0.71,-0.589,-0.387,-0.417,-0.477,0.849,0.005,-0.039,0.265,0.122,-0.246,-0.689
META,-0.381,-0.166,0.095,0.524,0.583,0.181,0.38,0.516,0.352,0.164,0.436,0.397,0.431,0.272,0.304,-0.016,0.281,-0.095,-0.476,0.236,0.337,0.455,-0.442,-0.324,-0.333,-0.027,-0.224,0.229,0.445,-0.536,-0.379,0.382,0.401,0.004,-0.405,0.086,0.513,-0.099,0.352,-0.15,0.427,0.075,-0.167,0.497,-0.38,-0.368,0.563,0.16,1.0,-0.505,0.536,-0.4,0.13,-0.214,-0.282,0.372,-0.384,0.201,0.49,-0.386,-0.039,0.596,0.474,0.312,0.437,0.009,-0.28,0.236,0.441,0.048,-0.277,-0.108,0.355,-0.177,-0.224,0.2,0.309,-0.275,0.405,0.435,0.019,-0.126,0.059,-0.245,-0.016,0.315,0.013,-0.438,0.184,0.035,-0.107,0.253,-0.427,0.233,-0.109,0.189,-0.392,0.185,-0.212,-0.323
MNST,0.573,0.686,-0.183,-0.56,-0.603,0.508,-0.488,-0.456,-0.156,-0.056,-0.671,-0.557,-0.571,0.137,-0.471,0.347,-0.328,0.379,0.818,-0.169,-0.336,-0.374,0.79,0.615,0.668,0.577,0.384,-0.126,-0.553,0.739,0.517,0.172,0.14,-0.087,0.709,0.293,-0.296,0.32,-0.457,0.157,-0.587,-0.076,0.355,-0.595,0.759,0.727,-0.258,-0.082,-0.505,1.0,-0.545,0.782,0.371,0.514,0.628,-0.533,0.531,-0.182,-0.664,0.631,0.265,-0.394,-0.286,-0.062,-0.479,0.474,0.548,-0.2,-0.664,0.242,0.301,0.247,-0.537,0.469,0.243,0.255,-0.5,0.691,-0.092,-0.77,0.446,0.226,0.062,0.361,0.181,-0.374,-0.162,0.559,-0.353,-0.155,0.57,-0.191,0.738,-0.191,0.594,-0.125,0.624,-0.034,0.385,0.373
MRNA,-0.673,-0.476,0.358,0.603,0.676,-0.349,0.599,0.57,0.277,0.341,0.696,0.59,0.41,-0.095,0.582,-0.302,0.496,-0.311,-0.702,0.542,0.6,0.565,-0.665,-0.262,-0.307,-0.416,-0.266,0.263,0.652,-0.666,-0.693,-0.15,-0.128,0.149,-0.469,0.152,0.323,-0.317,0.459,0.082,0.668,0.309,-0.135,0.575,-0.548,-0.591,0.435,0.397,0.536,-0.545,1.0,-0.671,-0.425,-0.536,-0.308,0.598,-0.523,0.314,0.683,-0.729,-0.416,0.454,0.233,0.142,0.612,-0.154,-0.459,0.189,0.691,-0.401,-0.176,-0.197,0.595,-0.56,-0.202,0.005,0.618,-0.609,0.227,0.716,-0.498,-0.418,0.08,-0.543,-0.257,0.328,-0.153,-0.751,0.392,-0.072,-0.509,0.003,-0.743,0.406,-0.311,0.227,-0.359,0.148,-0.396,-0.668
MRVL,0.711,0.693,-0.406,-0.443,-0.616,0.508,-0.58,-0.459,-0.227,-0.263,-0.641,-0.508,-0.533,0.288,-0.58,0.39,-0.498,0.281,0.81,-0.286,-0.534,-0.477,0.923,0.467,0.574,0.541,0.297,-0.165,-0.489,0.693,0.605,0.322,0.29,-0.261,0.771,0.226,-0.273,0.381,-0.355,-0.09,-0.555,-0.371,0.149,-0.474,0.663,0.786,-0.159,-0.328,-0.4,0.782,-0.671,1.0,0.543,0.581,0.537,-0.531,0.414,-0.135,-0.657,0.763,0.418,-0.229,-0.01,0.043,-0.653,0.48,0.518,-0.048,-0.661,0.524,0.119,0.16,-0.632,0.584,0.148,0.426,-0.549,0.73,-0.141,-0.72,0.582,0.391,-0.059,0.547,0.352,-0.264,0.102,0.648,-0.511,0.018,0.621,0.104,0.844,-0.408,0.667,-0.098,0.631,0.004,0.533,0.514
MSFT,0.438,0.539,-0.409,-0.291,-0.248,0.705,-0.384,-0.13,-0.143,-0.12,-0.48,-0.274,-0.133,0.296,-0.454,0.232,-0.426,0.18,0.454,-0.377,-0.394,-0.09,0.484,0.242,0.199,0.435,0.138,-0.286,-0.27,0.446,0.565,0.442,0.417,-0.088,0.358,0.062,0.137,0.397,-0.035,-0.078,-0.353,-0.328,0.078,-0.214,0.452,0.459,0.194,-0.317,0.13,0.371,-0.425,0.543,1.0,0.515,0.249,-0.433,0.398,0.025,-0.443,0.539,0.427,-0.02,0.211,0.051,-0.368,0.109,0.148,-0.251,-0.396,0.466,-0.022,0.253,-0.317,0.505,0.243,0.364,-0.457,0.622,0.256,-0.456,0.849,0.445,0.121,0.648,0.409,-0.052,0.398,0.52,-0.436,0.236,0.624,0.369,0.435,-0.351,0.377,0.099,-0.016,-0.205,0.464,0.43
MSTR,0.642,0.364,-0.618,-0.491,-0.459,0.525,-0.621,-0.411,-0.356,-0.526,-0.57,-0.34,-0.071,0.54,-0.602,0.405,-0.502,0.303,0.42,-0.469,-0.588,-0.62,0.547,-0.05,0.306,0.617,0.023,-0.219,-0.302,0.439,0.667,0.46,0.448,-0.206,0.504,-0.123,-0.138,0.603,-0.119,-0.362,-0.442,-0.591,-0.164,-0.354,0.663,0.662,-0.218,-0.61,-0.214,0.514,-0.536,0.581,0.515,1.0,0.059,-0.637,0.568,-0.391,-0.663,0.485,0.748,0.023,0.221,0.261,-0.656,0.444,0.2,-0.062,-0.608,0.633,-0.151,0.127,-0.459,0.704,0.193,0.085,-0.663,0.824,-0.3,-0.578,0.598,0.543,-0.237,0.685,0.585,-0.026,0.333,0.661,-0.687,0.486,0.749,0.347,0.573,-0.636,0.373,-0.026,0.03,-0.137,0.468,0.724
MU,0.252,0.593,0.139,-0.198,-0.199,0.368,-0.171,-0.285,0.278,0.293,-0.349,-0.427,-0.619,-0.258,-0.21,0.014,0.091,0.575,0.593,-0.033,-0.038,0.072,0.446,0.539,0.559,0.405,0.599,-0.051,-0.365,0.555,0.108,-0.188,-0.221,0.247,0.507,0.558,0.092,0.038,-0.429,0.322,-0.315,0.104,0.488,-0.323,0.556,0.393,0.179,0.079,-0.282,0.628,-0.308,0.537,0.249,0.059,1.0,-0.072,0.127,0.008,-0.361,0.622,-0.061,-0.32,-0.283,-0.267,-0.167,0.278,0.645,-0.313,-0.327,-0.054,0.53,0.145,-0.353,0.016,0.172,0.469,-0.095,0.299,0.339,-0.402,0.267,-0.086,0.409,0.033,-0.052,-0.327,-0.312,0.28,0.027,-0.38,0.283,-0.212,0.407,0.115,0.333,0.04,0.647,-0.066,0.264,0.091
MVIS,-0.717,-0.335,0.437,0.833,0.637,-0.466,0.633,0.293,0.445,0.425,0.573,0.264,0.114,-0.427,0.62,-0.458,0.616,-0.062,-0.491,0.636,0.573,0.656,-0.541,-0.229,-0.27,-0.325,0.144,0.212,0.523,-0.44,-0.733,-0.449,-0.443,0.298,-0.291,0.076,0.477,-0.447,0.087,0.144,0.485,0.436,0.096,0.718,-0.535,-0.568,0.408,0.412,0.372,-0.533,0.598,-0.531,-0.433,-0.637,-0.072,1.0,-0.439,0.247,0.752,-0.342,-0.563,0.226,0.014,-0.238,0.66,-0.288,-0.124,0.003,0.564,-0.568,0.164,-0.163,0.479,-0.67,-0.046,0.083,0.58,-0.685,0.342,0.627,-0.615,-0.553,0.311,-0.647,-0.405,0.048,-0.349,-0.643,0.565,-0.372,-0.637,-0.103,-0.61,0.494,-0.534,-0.034,-0.159,-0.112,-0.467,-0.648
NFLX,0.54,0.374,-0.456,-0.463,-0.523,0.424,-0.426,-0.349,-0.268,-0.44,-0.482,-0.256,-0.172,0.261,-0.35,0.105,-0.39,0.187,0.499,-0.347,-0.367,-0.548,0.472,0.039,0.227,0.259,0.094,-0.422,-0.295,0.717,0.472,0.185,0.163,0.017,0.407,-0.207,-0.227,0.581,-0.133,-0.055,-0.399,-0.382,-0.121,-0.365,0.468,0.495,-0.367,-0.443,-0.384,0.531,-0.523,0.414,0.398,0.568,0.127,-0.439,1.0,-0.249,-0.499,0.515,0.401,-0.284,-0.18,0.012,-0.561,0.008,0.163,-0.091,-0.465,0.301,-0.073,0.368,-0.289,0.528,0.173,-0.179,-0.599,0.556,-0.243,-0.604,0.424,0.448,-0.25,0.477,0.268,-0.014,0.207,0.509,-0.533,0.153,0.445,-0.008,0.546,-0.536,0.155,-0.168,0.029,-0.198,0.172,0.569
NNDM,-0.286,-0.108,0.33,0.215,0.464,-0.312,0.331,0.335,-0.054,0.461,0.341,0.285,0.027,-0.242,0.428,-0.481,-0.149,-0.431,-0.106,-0.011,0.357,0.404,-0.144,0.261,-0.322,-0.368,-0.323,-0.268,0.154,-0.112,-0.218,-0.203,-0.208,0.1,-0.399,-0.029,0.074,-0.073,0.326,0.514,0.316,0.324,0.213,0.124,-0.25,-0.017,0.279,0.316,0.201,-0.182,0.314,-0.135,0.025,-0.391,0.008,0.247,-0.249,1.0,0.369,-0.25,-0.224,0.387,0.024,-0.185,0.321,-0.41,-0.366,-0.225,0.387,-0.24,-0.147,0.386,0.436,-0.445,0.168,0.087,0.384,-0.207,0.375,0.384,0.02,-0.051,0.396,-0.08,0.062,0.103,0.183,-0.287,0.208,-0.051,-0.443,-0.222,-0.18,0.379,-0.089,0.443,0.013,-0.016,0.132,-0.423
NVAX,-0.65,-0.544,0.307,0.773,0.643,-0.5,0.652,0.535,0.247,0.297,0.728,0.555,0.326,-0.268,0.657,-0.493,0.467,-0.313,-0.594,0.487,0.595,0.497,-0.703,-0.309,-0.534,-0.499,-0.258,0.111,0.652,-0.659,-0.789,-0.307,-0.278,0.221,-0.573,-0.072,0.414,-0.359,0.383,0.064,0.684,0.305,-0.184,0.702,-0.675,-0.63,0.38,0.283,0.49,-0.664,0.683,-0.657,-0.443,-0.663,-0.361,0.752,-0.499,0.369,1.0,-0.627,-0.474,0.386,0.124,-0.066,0.614,-0.374,-0.372,0.036,0.714,-0.413,-0.132,-0.21,0.568,-0.633,-0.246,-0.09,0.563,-0.744,0.204,0.665,-0.566,-0.438,0.09,-0.624,-0.21,0.324,-0.16,-0.76,0.428,-0.129,-0.734,-0.077,-0.571,0.351,-0.555,0.24,-0.389,-0.007,-0.464,-0.628
NVDA,0.573,0.67,-0.312,-0.361,-0.499,0.506,-0.394,-0.546,0.005,-0.159,-0.548,-0.527,-0.524,-0.012,-0.479,0.176,-0.243,0.462,0.706,-0.351,-0.472,-0.354,0.681,0.257,0.427,0.456,0.541,-0.259,-0.526,0.737,0.491,0.004,-0.023,-0.074,0.657,0.128,0.001,0.216,-0.417,-0.017,-0.509,-0.291,0.212,-0.39,0.58,0.549,-0.113,-0.369,-0.386,0.631,-0.729,0.763,0.539,0.485,0.622,-0.342,0.515,-0.25,-0.627,1.0,0.272,-0.394,-0.225,-0.23,-0.568,0.157,0.693,-0.259,-0.526,0.31,0.364,0.216,-0.618,0.408,0.287,0.3,-0.579,0.623,0.003,-0.683,0.479,0.294,0.153,0.436,0.127,-0.329,0.017,0.607,-0.351,-0.118,0.55,0.034,0.665,-0.353,0.298,-0.221,0.451,-0.22,0.326,0.489
NWL,0.632,0.24,-0.553,-0.395,-0.374,0.479,-0.617,-0.213,-0.391,-0.544,-0.433,-0.164,0.125,0.542,-0.533,0.447,-0.462,0.168,0.284,-0.345,-0.493,-0.571,0.421,-0.142,0.256,0.486,-0.178,-0.148,-0.043,0.335,0.616,0.565,0.554,-0.14,0.331,-0.065,-0.089,0.72,0.01,-0.406,-0.336,-0.655,-0.256,-0.214,0.403,0.515,-0.132,-0.567,-0.039,0.265,-0.416,0.418,0.427,0.748,-0.061,-0.563,0.401,-0.224,-0.474,0.272,1.0,0.247,0.443,0.357,-0.553,0.288,-0.034,0.204,-0.509,0.718,-0.368,0.07,-0.265,0.608,0.015,0.072,-0.562,0.619,-0.271,-0.309,0.608,0.517,-0.31,0.692,0.663,0.051,0.38,0.639,-0.661,0.6,0.622,0.425,0.518,-0.514,0.346,0.288,-0.029,0.121,0.639,0.585
