,AAL,AAPL,AGNC,AMAT,AMD,AMZN,APA,ARDX,AVGO,AZN,BIDU,BILI,BKR,CAN,CHRD,CMCSA,CPRT,CRWD,CSCO,CSX,DKNG,EBAY,ERIC,EXC,FITB,FLEX,FTNT,GEN,GERN,GEVO,GILD,GOOG,GOOGL,GT,HBAN,HST,INTC,IOVA,IQ,JBLU,JD,KDP,KHC,LRCX,LYFT,MARA,MCHP,MDLZ,META,MNST,MRNA,MRVL,MSFT,MSTR,MU,MVIS,NFLX,NNDM,NVAX,NVDA,NWL,OCGN,ON,OPK,PAA,PACB,PANW,PARA,PDD,PENN,PEP,PLUG,PTEN,PTON,PYPL,QCOM,QVCGA,RIOT,ROKU,RUN,SABR,SBUX,SMCI,SNDL,STNE,TCOM,TLRY,TMUS,TSCO,TSLA,TTD,TXN,UAL,VOD,VTRS,VXRT,WBA,WBD,WDC,ZM
AAL,1.0,0.544,0.743,0.493,0.244,0.356,-0.247,0.385,0.546,0.343,0.242,0.58,0.319,0.395,0.092,0.5,-0.13,0.568,0.542,0.434,0.473,0.192,0.737,0.536,0.595,0.395,-0.478,0.532,-0.172,0.543,0.617,0.397,0.419,0.585,0.641,-0.47,0.007,-0.399,0.088,0.446,0.462,0.356,-0.442,0.475,0.433,0.374,0.36,0.27,0.609,0.419,0.477,0.375,0.766,0.46,0.784,-0.387,0.707,0.375,0.601,0.535,0.531,0.679,0.432,0.36,-0.001,0.597,0.477,0.137,0.495,-0.138,0.635,0.625,0.114,0.548,-0.467,0.533,-0.528,-0.246,0.52,0.523,0.324,-0.349,0.319,0.425,-0.22,0.607,0.111,-0.236,0.271,-0.018,0.296,0.627,0.788,0.527,-0.582,0.58,0.388,0.386,0.548,0.43
AAPL,0.544,1.0,0.747,0.683,0.325,0.631,-0.451,0.798,0.628,0.67,0.703,0.743,0.068,0.295,-0.125,-0.007,0.252,0.87,0.244,-0.035,0.873,0.157,0.576,0.612,0.801,0.477,-0.525,0.541,0.211,0.473,0.126,0.599,0.615,0.755,0.675,-0.499,-0.503,-0.054,0.517,-0.148,0.754,0.541,-0.618,0.512,0.553,0.347,0.627,0.282,0.123,0.665,0.831,0.627,0.608,0.42,0.737,-0.197,0.681,0.407,0.594,0.706,0.619,0.704,0.666,0.552,-0.161,0.737,0.733,0.489,0.77,-0.413,0.548,0.55,-0.197,0.78,-0.088,0.847,-0.567,-0.518,0.308,0.732,0.531,-0.575,0.455,0.689,0.011,0.8,0.439,-0.15,0.502,0.329,0.642,0.667,0.435,0.465,-0.293,0.534,0.078,0.086,0.629,0.583
AGNC,0.743,0.747,1.0,0.747,0.401,0.645,-0.456,0.557,0.749,0.64,0.548,0.724,0.246,0.461,-0.144,0.114,0.163,0.768,0.349,0.132,0.695,0.138,0.734,0.617,0.787,0.426,-0.655,0.537,0.182,0.527,0.336,0.66,0.679,0.676,0.875,-0.522,-0.339,-0.186,0.471,0.083,0.703,0.604,-0.622,0.629,0.452,0.364,0.603,0.456,0.354,0.529,0.696,0.663,0.785,0.435,0.844,-0.297,0.813,0.371,0.638,0.822,0.733,0.727,0.722,0.527,-0.166,0.694,0.731,0.253,0.701,-0.388,0.728,0.593,-0.232,0.649,-0.21,0.775,-0.711,-0.374,0.444,0.735,0.506,-0.537,0.603,0.652,-0.045,0.647,0.395,-0.078,0.579,0.314,0.626,0.837,0.624,0.583,-0.458,0.567,0.065,0.09,0.775,0.612
AMAT,0.493,0.683,0.747,1.0,0.664,0.579,-0.438,0.469,0.821,0.537,0.664,0.665,0.338,0.522,0.048,-0.134,0.48,0.71,0.436,0.003,0.67,0.192,0.617,0.507,0.709,0.512,-0.641,0.518,0.184,0.361,0.049,0.621,0.637,0.694,0.754,-0.465,-0.443,-0.139,0.667,-0.149,0.799,0.578,-0.544,0.79,0.381,0.446,0.635,0.413,0.11,0.406,0.635,0.783,0.661,0.544,0.799,-0.175,0.777,0.385,0.551,0.825,0.611,0.729,0.66,0.434,-0.096,0.602,0.777,0.144,0.737,-0.396,0.658,0.458,-0.193,0.558,-0.099,0.723,-0.645,-0.322,0.265,0.641,0.39,-0.469,0.758,0.664,0.017,0.661,0.411,-0.249,0.665,0.364,0.725,0.775,0.576,0.601,-0.247,0.555,-0.004,-0.02,0.734,0.612
AMD,0.244,0.325,0.401,0.664,1.0,0.225,0.168,0.103,0.722,0.176,0.227,0.306,0.594,0.564,0.405,-0.074,0.318,0.468,0.387,-0.038,0.444,0.532,0.438,0.243,0.279,0.713,-0.139,0.388,0.129,0.064,0.179,0.422,0.432,0.306,0.356,0.08,0.013,-0.316,0.421,-0.049,0.357,0.206,0.048,0.693,-0.002,0.433,0.55,0.415,0.094,0.034,0.285,0.673,0.501,0.688,0.511,-0.323,0.336,0.303,0.29,0.535,0.285,0.352,0.35,0.21,0.073,0.23,0.608,-0.172,0.345,0.03,0.366,0.221,0.29,0.163,0.082,0.379,-0.348,0.102,0.18,0.198,0.29,0.174,0.851,0.329,-0.28,0.31,0.156,-0.352,0.49,0.2,0.394,0.46,0.526,0.484,-0.244,0.482,0.182,0.101,0.488,0.386
AMZN,0.356,0.631,0.645,0.579,0.225,1.0,-0.52,0.666,0.425,0.544,0.689,0.447,-0.139,-0.033,-0.174,-0.056,0.315,0.5,-0.012,0.153,0.583,-0.118,0.32,0.255,0.623,0.331,-0.716,0.165,0.436,0.52,-0.159,0.62,0.602,0.588,0.631,-0.456,-0.543,0.275,0.377,-0.202,0.601,0.381,-0.568,0.372,0.579,0.263,0.413,0.09,0.226,0.617,0.627,0.52,0.583,0.266,0.523,0.077,0.615,0.017,0.252,0.679,0.612,0.517,0.587,0.456,-0.12,0.526,0.515,0.48,0.587,-0.514,0.272,0.296,-0.337,0.602,0.155,0.667,-0.416,-0.438,0.119,0.664,0.233,-0.575,0.418,0.684,0.375,0.395,0.532,-0.037,0.414,0.385,0.549,0.53,0.192,0.159,0.082,0.19,-0.246,0.005,0.63,0.304
APA,-0.247,-0.451,-0.456,-0.438,0.168,-0.52,1.0,-0.517,-0.06,-0.35,-0.671,-0.512,0.332,-0.052,0.578,0.126,-0.112,-0.268,0.119,0.12,-0.303,0.506,-0.257,-0.345,-0.409,0.216,0.627,-0.17,-0.221,-0.226,0.136,-0.384,-0.37,-0.478,-0.495,0.634,0.487,-0.317,-0.452,0.189,-0.551,-0.39,0.772,-0.159,-0.485,-0.093,-0.185,-0.019,-0.005,-0.379,-0.481,-0.277,-0.24,0.051,-0.414,-0.223,-0.472,-0.302,-0.376,-0.47,-0.388,-0.49,-0.501,-0.359,0.465,-0.596,-0.339,-0.317,-0.497,0.834,-0.316,-0.347,0.746,-0.323,0.001,-0.434,0.272,0.527,-0.228,-0.606,-0.086,0.811,-0.036,-0.639,-0.269,-0.466,-0.532,-0.103,-0.267,-0.352,-0.587,-0.428,-0.046,-0.243,-0.116,-0.251,0.109,0.225,-0.415,-0.355
ARDX,0.385,0.798,0.557,0.469,0.103,0.666,-0.517,1.0,0.264,0.501,0.594,0.466,-0.285,-0.067,-0.259,0.008,0.334,0.56,-0.094,0.024,0.664,-0.27,0.29,0.24,0.595,0.364,-0.587,0.11,0.128,0.445,-0.115,0.443,0.449,0.533,0.52,-0.451,-0.456,0.353,0.286,-0.172,0.545,0.361,-0.646,0.343,0.678,0.408,0.422,-0.037,0.203,0.708,0.628,0.406,0.436,0.21,0.543,0.146,0.572,0.067,0.211,0.578,0.378,0.451,0.449,0.421,0.025,0.543,0.479,0.631,0.633,-0.52,0.29,0.284,-0.267,0.608,-0.026,0.603,-0.252,-0.38,0.164,0.648,0.082,-0.615,0.189,0.586,0.315,0.614,0.367,-0.183,0.265,0.244,0.516,0.425,0.203,0.073,0.072,0.194,-0.2,-0.087,0.458,0.287
AVGO,0.546,0.628,0.749,0.821,0.722,0.425,-0.06,0.264,1.0,0.572,0.419,0.602,0.538,0.558,0.217,-0.044,0.314,0.748,0.566,-0.011,0.665,0.549,0.662,0.53,0.62,0.628,-0.401,0.611,0.147,0.26,0.325,0.643,0.666,0.503,0.663,-0.251,-0.234,-0.406,0.546,-0.055,0.665,0.597,-0.253,0.769,0.14,0.305,0.688,0.584,0.124,0.254,0.578,0.782,0.715,0.587,0.771,-0.364,0.63,0.401,0.587,0.741,0.68,0.653,0.635,0.399,-0.097,0.548,0.691,-0.025,0.576,-0.048,0.657,0.505,0.034,0.489,-0.071,0.701,-0.66,-0.19,0.355,0.489,0.596,-0.198,0.851,0.51,-0.204,0.549,0.301,-0.202,0.671,0.305,0.535,0.755,0.652,0.663,-0.427,0.629,0.182,0.143,0.737,0.588
AZN,0.343,0.67,0.64,0.537,0.176,0.544,-0.35,0.501,0.572,1.0,0.636,0.59,0.112,0.091,-0.263,-0.301,0.38,0.541,-0.072,-0.22,0.591,0.124,0.242,0.327,0.572,0.255,-0.473,0.196,0.456,0.37,-0.045,0.688,0.701,0.489,0.562,-0.498,-0.595,-0.005,0.514,-0.422,0.651,0.871,-0.473,0.496,0.252,0.103,0.726,0.503,-0.149,0.441,0.621,0.601,0.426,-0.037,0.573,-0.107,0.49,0.097,0.308,0.664,0.771,0.449,0.811,0.389,-0.238,0.443,0.49,0.259,0.577,-0.336,0.534,0.227,-0.396,0.574,0.233,0.632,-0.649,-0.392,0.182,0.452,0.447,-0.564,0.408,0.537,0.139,0.419,0.489,0.197,0.747,0.681,0.514,0.693,0.132,0.151,-0.034,0.145,-0.275,-0.244,0.61,0.496
BIDU,0.242,0.703,0.548,0.664,0.227,0.689,-0.671,0.594,0.419,0.636,1.0,0.684,-0.088,0.143,-0.345,-0.318,0.363,0.531,-0.012,-0.184,0.598,-0.092,0.303,0.3,0.592,0.162,-0.648,0.211,0.466,0.293,-0.211,0.633,0.629,0.585,0.521,-0.478,-0.599,0.216,0.725,-0.355,0.854,0.585,-0.655,0.396,0.433,0.143,0.502,0.18,-0.097,0.432,0.745,0.642,0.387,0.119,0.542,0.105,0.508,0.274,0.361,0.633,0.625,0.532,0.715,0.496,-0.287,0.579,0.572,0.479,0.762,-0.608,0.386,0.306,-0.502,0.557,0.168,0.737,-0.421,-0.516,0.197,0.63,0.324,-0.715,0.363,0.645,0.269,0.612,0.548,-0.017,0.562,0.609,0.705,0.535,0.121,0.243,0.048,0.316,-0.189,-0.223,0.599,0.541
BILI,0.58,0.743,0.724,0.665,0.306,0.447,-0.512,0.466,0.602,0.59,0.684,1.0,0.234,0.417,-0.252,-0.092,0.108,0.718,0.199,-0.021,0.647,0.186,0.622,0.607,0.73,0.291,-0.486,0.527,0.181,0.279,0.17,0.585,0.581,0.649,0.67,-0.446,-0.414,-0.186,0.611,0.018,0.836,0.61,-0.559,0.57,0.392,0.269,0.604,0.468,0.063,0.386,0.829,0.646,0.532,0.307,0.774,-0.23,0.631,0.552,0.643,0.707,0.633,0.649,0.728,0.595,-0.326,0.683,0.701,0.287,0.816,-0.397,0.702,0.55,-0.226,0.61,-0.113,0.808,-0.584,-0.354,0.342,0.656,0.584,-0.586,0.465,0.61,-0.091,0.755,0.408,-0.071,0.574,0.444,0.699,0.802,0.511,0.523,-0.335,0.579,0.236,0.024,0.614,0.781
BKR,0.319,0.068,0.246,0.338,0.594,-0.139,0.332,-0.285,0.538,0.112,-0.088,0.234,1.0,0.561,0.485,0.095,0.006,0.243,0.525,0.21,0.08,0.541,0.374,0.244,0.131,0.41,0.041,0.376,-0.174,0.008,0.419,0.196,0.193,0.147,0.221,0.045,0.314,-0.599,0.184,0.087,0.137,0.224,0.144,0.508,-0.165,0.247,0.378,0.499,0.18,-0.129,0.007,0.404,0.396,0.464,0.324,-0.57,0.248,0.235,0.309,0.223,0.192,0.205,0.233,-0.006,0.178,-0.032,0.361,-0.374,0.093,0.318,0.455,0.191,0.471,0.058,-0.151,0.091,-0.382,0.231,0.3,-0.024,0.232,0.237,0.485,0.009,-0.443,0.183,-0.109,-0.148,0.262,0.035,0.177,0.438,0.48,0.416,-0.447,0.369,0.243,0.309,0.264,0.277
CAN,0.395,0.295,0.461,0.522,0.564,-0.033,-0.052,-0.067,0.558,0.091,0.143,0.417,0.561,1.0,0.133,0.161,-0.091,0.519,0.503,0.07,0.372,0.388,0.646,0.458,0.386,0.26,-0.064,0.556,-0.013,0.149,0.426,0.242,0.263,0.309,0.514,-0.072,0.115,-0.531,0.367,0.195,0.36,0.142,-0.19,0.554,-0.002,0.375,0.293,0.421,0.212,-0.05,0.29,0.468,0.484,0.657,0.538,-0.503,0.449,0.523,0.513,0.398,0.204,0.458,0.281,0.27,-0.112,0.334,0.55,-0.088,0.418,-0.004,0.494,0.403,0.154,0.106,-0.239,0.346,-0.458,0.151,0.416,0.231,0.425,-0.083,0.561,0.212,-0.461,0.47,0.044,-0.196,0.266,0.046,0.322,0.45,0.679,0.786,-0.623,0.637,0.334,0.22,0.412,0.53
CHRD,0.092,-0.125,-0.144,0.048,0.405,-0.174,0.578,-0.259,0.217,-0.263,-0.345,-0.252,0.485,0.133,1.0,0.163,0.14,0.034,0.522,0.333,-0.108,0.413,0.155,0.076,-0.063,0.58,0.216,0.204,-0.396,-0.053,0.185,-0.13,-0.133,0.008,-0.075,0.302,0.387,-0.335,-0.193,0.053,-0.218,-0.227,0.48,0.146,-0.008,0.254,0.064,0.029,0.097,-0.1,-0.253,0.046,0.162,0.445,-0.081,-0.184,-0.034,0.059,0.019,-0.145,-0.181,-0.077,-0.284,-0.237,0.522,-0.216,0.028,-0.209,-0.196,0.518,-0.068,0.094,0.655,0.012,-0.211,-0.15,0.143,0.317,0.077,-0.204,-0.03,0.635,0.21,-0.156,-0.139,-0.05,-0.329,-0.402,-0.177,-0.349,-0.252,-0.098,0.323,0.165,-0.138,0.008,0.233,0.559,-0.123,-0.122
CMCSA,0.5,-0.007,0.114,-0.134,-0.074,-0.056,0.126,0.008,-0.044,-0.301,-0.318,-0.092,0.095,0.161,0.163,1.0,-0.524,0.073,0.386,0.478,-0.013,0.11,0.265,0.138,0.056,0.039,0.095,0.198,-0.327,0.441,0.68,-0.183,-0.16,0.178,0.102,-0.032,0.434,-0.374,-0.416,0.568,-0.167,-0.381,0.025,-0.079,0.254,0.075,-0.246,-0.125,0.743,0.194,-0.053,-0.238,0.346,0.276,0.157,-0.343,0.186,0.077,0.16,-0.055,-0.03,0.117,-0.218,0.034,0.117,0.074,0.0,0.031,-0.061,0.221,0.028,0.234,0.358,0.111,-0.4,-0.032,-0.04,-0.018,0.245,0.021,-0.052,0.134,-0.161,-0.12,-0.29,0.09,-0.212,-0.02,-0.273,-0.516,-0.237,-0.055,0.392,0.16,-0.422,0.225,0.446,0.487,-0.027,-0.107
CPRT,-0.13,0.252,0.163,0.48,0.318,0.315,-0.112,0.334,0.314,0.38,0.363,0.108,0.006,-0.091,0.14,-0.524,1.0,0.18,-0.058,-0.199,0.271,-0.091,-0.043,-0.08,0.146,0.333,-0.309,-0.097,0.152,-0.072,-0.467,0.309,0.327,0.088,0.104,-0.052,-0.418,0.395,0.429,-0.549,0.286,0.45,-0.178,0.44,0.071,0.311,0.466,0.115,-0.244,0.255,0.119,0.407,0.134,0.014,0.154,0.39,0.127,-0.065,-0.108,0.291,0.198,0.071,0.272,0.06,0.219,0.084,0.257,0.172,0.236,-0.175,0.059,-0.062,-0.181,0.146,0.238,0.147,-0.083,0.052,-0.077,0.219,-0.111,-0.186,0.337,0.237,0.516,0.084,0.126,-0.17,0.411,0.434,0.349,0.258,-0.08,-0.072,0.411,-0.091,-0.434,-0.266,0.294,0.201
CRWD,0.568,0.87,0.768,0.71,0.468,0.5,-0.268,0.56,0.748,0.541,0.531,0.718,0.243,0.519,0.034,0.073,0.18,1.0,0.403,-0.029,0.854,0.316,0.713,0.717,0.806,0.551,-0.374,0.71,0.087,0.474,0.254,0.561,0.578,0.732,0.704,-0.352,-0.379,-0.244,0.512,-0.054,0.714,0.402,-0.541,0.544,0.44,0.475,0.587,0.316,0.186,0.527,0.805,0.644,0.68,0.591,0.745,-0.31,0.707,0.535,0.68,0.697,0.585,0.744,0.555,0.562,-0.201,0.718,0.829,0.315,0.75,-0.209,0.536,0.638,-0.021,0.77,-0.224,0.858,-0.611,-0.391,0.355,0.678,0.634,-0.427,0.589,0.608,-0.143,0.783,0.291,-0.222,0.483,0.187,0.637,0.676,0.594,0.684,-0.496,0.624,0.146,0.17,0.655,0.608
CSCO,0.542,0.244,0.349,0.436,0.387,-0.012,0.119,-0.094,0.566,-0.072,-0.012,0.199,0.525,0.503,0.522,0.386,-0.058,0.403,1.0,0.359,0.224,0.455,0.607,0.476,0.316,0.351,-0.117,0.605,-0.377,0.16,0.568,0.033,0.057,0.328,0.345,-0.105,0.239,-0.595,0.104,0.317,0.221,0.022,-0.031,0.297,0.093,0.182,0.135,0.207,0.376,0.051,0.131,0.298,0.487,0.607,0.388,-0.435,0.394,0.361,0.501,0.156,0.134,0.447,0.051,0.054,0.175,0.265,0.367,-0.141,0.16,0.235,0.41,0.491,0.335,0.271,-0.534,0.266,-0.308,-0.083,0.357,0.202,0.308,0.111,0.342,0.143,-0.399,0.353,-0.086,-0.355,-0.005,-0.353,0.123,0.309,0.649,0.605,-0.571,0.584,0.428,0.558,0.24,0.203
CSX,0.434,-0.035,0.132,0.003,-0.038,0.153,0.12,0.024,-0.011,-0.22,-0.184,-0.021,0.21,0.07,0.333,0.478,-0.199,-0.029,0.359,1.0,-0.113,-0.017,0.299,0.009,0.193,0.165,-0.302,0.068,-0.324,0.339,0.229,-0.176,-0.195,0.107,0.172,-0.139,0.238,-0.18,-0.37,0.501,-0.091,-0.154,-0.007,0.114,0.32,0.149,-0.236,-0.078,0.56,0.248,-0.108,-0.087,0.261,0.255,0.148,-0.189,0.353,-0.217,0.06,0.023,-0.06,0.068,-0.162,-0.095,0.459,-0.045,-0.047,0.164,0.017,0.169,0.192,0.171,0.381,0.172,-0.465,-0.059,-0.095,0.124,0.079,0.134,-0.213,0.073,-0.061,-0.088,0.141,0.053,-0.267,-0.238,-0.31,-0.39,-0.236,0.077,0.406,0.052,-0.271,0.028,0.172,0.516,-0.028,-0.107
DKNG,0.473,0.873,0.695,0.67,0.444,0.583,-0.303,0.664,0.665,0.591,0.598,0.647,0.08,0.372,-0.108,-0.013,0.271,0.854,0.224,-0.113,1.0,0.274,0.516,0.553,0.679,0.499,-0.329,0.485,0.334,0.416,0.143,0.652,0.667,0.671,0.591,-0.365,-0.441,-0.112,0.477,-0.103,0.671,0.447,-0.511,0.576,0.418,0.378,0.642,0.281,0.129,0.544,0.732,0.619,0.6,0.458,0.711,-0.214,0.578,0.362,0.493,0.729,0.632,0.64,0.642,0.648,-0.2,0.668,0.707,0.426,0.666,-0.328,0.411,0.464,-0.158,0.648,0.035,0.784,-0.57,-0.359,0.265,0.622,0.609,-0.441,0.59,0.566,-0.061,0.68,0.336,-0.109,0.562,0.357,0.603,0.606,0.437,0.484,-0.342,0.518,0.054,0.038,0.702,0.626
EBAY,0.192,0.157,0.138,0.192,0.532,-0.118,0.506,-0.27,0.549,0.124,-0.092,0.186,0.541,0.388,0.413,0.11,-0.091,0.316,0.455,-0.017,0.274,1.0,0.315,0.3,0.142,0.449,0.263,0.507,0.108,-0.003,0.452,0.163,0.169,0.161,0.072,0.336,0.148,-0.679,0.057,0.139,0.087,0.066,0.398,0.316,-0.317,-0.108,0.343,0.54,-0.031,-0.131,0.156,0.257,0.228,0.372,0.264,-0.54,0.002,0.282,0.358,0.156,0.273,0.115,0.209,0.129,-0.05,0.111,0.228,-0.284,0.032,0.526,0.207,0.264,0.469,0.159,0.058,0.217,-0.315,0.018,0.164,-0.077,0.614,0.411,0.472,0.038,-0.567,0.115,0.058,-0.113,0.331,0.058,-0.084,0.226,0.389,0.373,-0.443,0.359,0.482,0.368,0.221,0.331
ERIC,0.737,0.576,0.734,0.617,0.438,0.32,-0.257,0.29,0.662,0.242,0.303,0.622,0.374,0.646,0.155,0.265,-0.043,0.713,0.607,0.299,0.516,0.315,1.0,0.693,0.68,0.429,-0.417,0.677,-0.128,0.398,0.501,0.375,0.39,0.566,0.708,-0.298,-0.03,-0.447,0.31,0.322,0.532,0.289,-0.379,0.52,0.325,0.351,0.361,0.344,0.422,0.329,0.587,0.488,0.686,0.667,0.717,-0.322,0.706,0.668,0.688,0.557,0.427,0.661,0.425,0.483,-0.152,0.704,0.621,0.131,0.565,-0.067,0.633,0.832,0.102,0.527,-0.423,0.656,-0.533,-0.187,0.565,0.592,0.494,-0.272,0.51,0.561,-0.262,0.641,0.233,-0.339,0.308,-0.003,0.4,0.652,0.828,0.844,-0.621,0.727,0.451,0.357,0.556,0.535
EXC,0.536,0.612,0.617,0.507,0.243,0.255,-0.345,0.24,0.53,0.327,0.3,0.607,0.244,0.458,0.076,0.138,-0.08,0.717,0.476,0.009,0.553,0.3,0.693,1.0,0.635,0.271,-0.263,0.829,0.026,0.375,0.397,0.364,0.375,0.69,0.606,-0.368,-0.218,-0.324,0.348,0.103,0.491,0.29,-0.392,0.287,0.329,0.181,0.305,0.33,0.115,0.372,0.593,0.359,0.465,0.429,0.563,-0.342,0.51,0.642,0.833,0.435,0.469,0.661,0.392,0.385,-0.415,0.71,0.564,0.057,0.449,-0.196,0.563,0.714,-0.132,0.637,-0.307,0.625,-0.541,-0.526,0.38,0.546,0.662,-0.291,0.35,0.589,-0.289,0.595,0.324,-0.059,0.357,-0.019,0.422,0.568,0.503,0.739,-0.525,0.672,0.413,0.276,0.412,0.481
FITB,0.595,0.801,0.787,0.709,0.279,0.623,-0.409,0.595,0.62,0.572,0.592,0.73,0.131,0.386,-0.063,0.056,0.146,0.806,0.316,0.193,0.679,0.142,0.68,0.635,1.0,0.44,-0.622,0.527,0.132,0.647,0.101,0.48,0.49,0.761,0.862,-0.477,-0.467,-0.123,0.398,-0.022,0.73,0.46,-0.583,0.551,0.588,0.425,0.504,0.314,0.249,0.606,0.778,0.519,0.634,0.428,0.75,-0.296,0.847,0.315,0.591,0.74,0.568,0.702,0.593,0.525,-0.066,0.619,0.707,0.384,0.781,-0.279,0.639,0.503,-0.093,0.842,-0.287,0.837,-0.62,-0.406,0.262,0.671,0.53,-0.547,0.47,0.596,0.026,0.73,0.348,-0.178,0.396,0.217,0.538,0.704,0.583,0.524,-0.413,0.421,0.023,0.084,0.61,0.499
FLEX,0.395,0.477,0.426,0.512,0.713,0.331,0.216,0.364,0.628,0.255,0.162,0.291,0.41,0.26,0.58,0.039,0.333,0.551,0.351,0.165,0.499,0.449,0.429,0.271,0.44,1.0,-0.208,0.358,-0.1,0.227,0.15,0.339,0.336,0.397,0.406,0.072,-0.006,-0.183,0.151,-0.077,0.297,0.199,0.062,0.616,0.34,0.533,0.597,0.329,0.172,0.314,0.371,0.516,0.527,0.591,0.493,-0.222,0.418,0.178,0.264,0.508,0.308,0.347,0.302,0.254,0.342,0.252,0.533,0.117,0.362,0.169,0.266,0.295,0.449,0.451,-0.039,0.468,-0.214,0.041,0.247,0.307,0.284,0.189,0.657,0.32,-0.064,0.386,0.062,-0.456,0.278,0.094,0.269,0.411,0.528,0.322,-0.207,0.23,0.137,0.31,0.435,0.294
FTNT,-0.478,-0.525,-0.655,-0.641,-0.139,-0.716,0.627,-0.587,-0.401,-0.473,-0.648,-0.486,0.041,-0.064,0.216,0.095,-0.309,-0.374,-0.117,-0.302,-0.329,0.263,-0.417,-0.263,-0.622,-0.208,1.0,-0.238,-0.167,-0.432,0.102,-0.466,-0.465,-0.51,-0.671,0.572,0.426,-0.248,-0.332,0.043,-0.644,-0.526,0.693,-0.436,-0.525,-0.208,-0.232,-0.094,-0.252,-0.525,-0.533,-0.495,-0.507,-0.179,-0.592,-0.09,-0.707,-0.021,-0.401,-0.611,-0.547,-0.553,-0.515,-0.246,0.062,-0.499,-0.367,-0.314,-0.621,0.519,-0.541,-0.359,0.344,-0.528,0.191,-0.558,0.434,0.463,-0.186,-0.713,-0.044,0.676,-0.297,-0.595,-0.391,-0.53,-0.393,0.161,-0.392,-0.275,-0.496,-0.576,-0.29,-0.242,0.011,-0.263,0.206,0.064,-0.562,-0.258
GEN,0.532,0.541,0.537,0.518,0.388,0.165,-0.17,0.11,0.611,0.196,0.211,0.527,0.376,0.556,0.204,0.198,-0.097,0.71,0.605,0.068,0.485,0.507,0.677,0.829,0.527,0.358,-0.238,1.0,-0.113,0.243,0.516,0.291,0.317,0.604,0.491,-0.208,-0.119,-0.432,0.296,0.153,0.443,0.179,-0.262,0.323,0.132,0.161,0.257,0.338,0.171,0.241,0.523,0.413,0.514,0.571,0.576,-0.464,0.453,0.616,0.939,0.356,0.392,0.621,0.287,0.29,-0.308,0.641,0.496,-0.062,0.401,-0.041,0.507,0.698,0.11,0.512,-0.365,0.544,-0.468,-0.424,0.342,0.473,0.634,-0.133,0.393,0.467,-0.398,0.615,0.216,-0.225,0.325,-0.106,0.353,0.515,0.562,0.776,-0.596,0.74,0.525,0.461,0.379,0.445
GERN,-0.172,0.211,0.182,0.184,0.129,0.436,-0.221,0.128,0.147,0.456,0.466,0.181,-0.174,-0.013,-0.396,-0.327,0.152,0.087,-0.377,-0.324,0.334,0.108,-0.128,0.026,0.132,-0.1,-0.167,-0.113,1.0,0.162,-0.279,0.434,0.416,0.132,0.14,-0.121,-0.5,0.138,0.281,-0.223,0.227,0.325,-0.156,0.146,-0.03,-0.253,0.255,0.268,-0.304,0.156,0.254,0.212,-0.028,-0.167,0.106,0.016,-0.005,-0.109,-0.036,0.33,0.458,0.153,0.509,0.291,-0.421,0.192,0.181,0.067,0.149,-0.346,0.058,-0.087,-0.5,0.081,0.608,0.264,-0.368,-0.32,-0.183,0.151,0.311,-0.278,0.342,0.268,0.109,-0.071,0.422,0.389,0.543,0.677,0.199,0.186,-0.241,-0.037,0.182,-0.011,-0.22,-0.416,0.327,0.309
GEVO,0.543,0.473,0.527,0.361,0.064,0.52,-0.226,0.445,0.26,0.37,0.293,0.279,0.008,0.149,-0.053,0.441,-0.072,0.474,0.16,0.339,0.416,-0.003,0.398,0.375,0.647,0.227,-0.432,0.243,0.162,1.0,0.202,0.301,0.322,0.607,0.549,-0.425,-0.335,-0.048,0.028,0.098,0.336,0.162,-0.497,0.253,0.531,0.31,0.185,0.1,0.485,0.581,0.433,0.139,0.481,0.185,0.47,-0.186,0.663,0.017,0.31,0.481,0.48,0.521,0.35,0.249,-0.038,0.382,0.418,0.239,0.409,-0.103,0.298,0.327,-0.021,0.719,-0.21,0.453,-0.469,-0.404,0.158,0.486,0.211,-0.409,0.171,0.357,0.076,0.374,0.155,-0.085,0.195,0.043,0.227,0.411,0.376,0.224,-0.325,0.184,-0.055,0.013,0.357,0.15
GILD,0.617,0.126,0.336,0.049,0.179,-0.159,0.136,-0.115,0.325,-0.045,-0.211,0.17,0.419,0.426,0.185,0.68,-0.467,0.254,0.568,0.229,0.143,0.452,0.501,0.397,0.101,0.15,0.102,0.516,-0.279,0.202,1.0,0.105,0.133,0.186,0.228,0.029,0.494,-0.629,-0.152,0.491,0.024,-0.002,0.049,0.155,-0.069,0.011,0.057,0.291,0.528,-0.064,0.087,0.081,0.486,0.42,0.352,-0.535,0.202,0.398,0.507,0.098,0.197,0.236,0.093,0.142,-0.125,0.238,0.153,-0.171,0.013,0.258,0.352,0.439,0.34,0.082,-0.35,0.132,-0.207,-0.025,0.514,0.039,0.313,0.135,0.107,0.0,-0.634,0.257,-0.124,-0.098,0.064,-0.267,-0.079,0.255,0.56,0.471,-0.606,0.552,0.629,0.527,0.181,0.19
GOOG,0.397,0.599,0.66,0.621,0.422,0.62,-0.384,0.443,0.643,0.688,0.633,0.585,0.196,0.242,-0.13,-0.183,0.309,0.561,0.033,-0.176,0.652,0.163,0.375,0.364,0.48,0.339,-0.466,0.291,0.434,0.301,0.105,1.0,0.99,0.485,0.544,-0.478,-0.39,-0.05,0.539,-0.25,0.69,0.659,-0.524,0.597,0.258,0.279,0.636,0.345,0.062,0.302,0.547,0.685,0.674,0.236,0.668,-0.111,0.518,0.274,0.404,0.773,0.852,0.528,0.784,0.399,-0.336,0.501,0.557,0.093,0.582,-0.424,0.442,0.347,-0.329,0.445,0.183,0.589,-0.542,-0.295,0.306,0.503,0.364,-0.502,0.595,0.548,0.057,0.546,0.39,-0.025,0.741,0.561,0.565,0.643,0.291,0.374,-0.161,0.394,-0.072,-0.17,0.792,0.558
GOOGL,0.419,0.615,0.679,0.637,0.432,0.602,-0.37,0.449,0.666,0.701,0.629,0.581,0.193,0.263,-0.133,-0.16,0.327,0.578,0.057,-0.195,0.667,0.169,0.39,0.375,0.49,0.336,-0.465,0.317,0.416,0.322,0.133,0.99,1.0,0.488,0.545,-0.484,-0.404,-0.045,0.545,-0.239,0.696,0.669,-0.526,0.596,0.253,0.277,0.624,0.335,0.1,0.308,0.557,0.688,0.696,0.243,0.677,-0.119,0.518,0.285,0.435,0.76,0.845,0.538,0.761,0.406,-0.334,0.516,0.556,0.095,0.589,-0.415,0.453,0.352,-0.326,0.45,0.15,0.593,-0.543,-0.298,0.297,0.501,0.372,-0.501,0.586,0.528,0.04,0.556,0.372,-0.05,0.758,0.536,0.567,0.641,0.31,0.388,-0.193,0.433,-0.048,-0.177,0.773,0.551
GT,0.585,0.755,0.676,0.694,0.306,0.588,-0.478,0.533,0.503,0.489,0.585,0.649,0.147,0.309,0.008,0.178,0.088,0.732,0.328,0.107,0.671,0.161,0.566,0.69,0.761,0.397,-0.51,0.604,0.132,0.607,0.186,0.485,0.488,1.0,0.71,-0.532,-0.412,-0.225,0.395,-0.023,0.679,0.339,-0.574,0.419,0.62,0.333,0.455,0.241,0.251,0.595,0.704,0.461,0.614,0.42,0.658,-0.325,0.713,0.418,0.62,0.653,0.589,0.695,0.542,0.508,-0.194,0.607,0.713,0.326,0.703,-0.367,0.503,0.541,-0.125,0.801,-0.241,0.748,-0.616,-0.594,0.259,0.645,0.507,-0.456,0.369,0.661,-0.093,0.715,0.416,-0.116,0.482,0.133,0.571,0.63,0.465,0.473,-0.369,0.441,0.115,0.192,0.561,0.509
HBAN,0.641,0.675,0.875,0.754,0.356,0.631,-0.495,0.52,0.663,0.562,0.521,0.67,0.221,0.514,-0.075,0.102,0.104,0.704,0.345,0.172,0.591,0.072,0.708,0.606,0.862,0.406,-0.671,0.491,0.14,0.549,0.228,0.544,0.545,0.71,1.0,-0.482,-0.302,-0.171,0.4,0.02,0.7,0.487,-0.597,0.63,0.571,0.424,0.511,0.411,0.321,0.467,0.695,0.596,0.73,0.519,0.785,-0.305,0.88,0.336,0.578,0.804,0.6,0.691,0.646,0.522,-0.12,0.585,0.694,0.269,0.751,-0.354,0.703,0.516,-0.187,0.626,-0.229,0.766,-0.646,-0.282,0.419,0.668,0.482,-0.539,0.56,0.641,-0.071,0.681,0.412,-0.107,0.475,0.255,0.583,0.789,0.647,0.611,-0.373,0.456,0.011,0.121,0.714,0.544
HST,-0.47,-0.499,-0.522,-0.465,0.08,-0.456,0.634,-0.451,-0.251,-0.498,-0.478,-0.446,0.045,-0.072,0.302,-0.032,-0.052,-0.352,-0.105,-0.139,-0.365,0.336,-0.298,-0.368,-0.477,0.072,0.572,-0.208,-0.121,-0.425,0.029,-0.478,-0.484,-0.532,-0.482,1.0,0.48,-0.019,-0.289,0.048,-0.511,-0.515,0.677,-0.251,-0.462,-0.162,-0.223,-0.063,-0.154,-0.48,-0.362,-0.27,-0.376,0.019,-0.527,0.092,-0.62,-0.063,-0.346,-0.511,-0.495,-0.577,-0.474,-0.156,0.174,-0.449,-0.317,-0.167,-0.457,0.652,-0.52,-0.268,0.514,-0.428,0.228,-0.386,0.559,0.507,-0.109,-0.47,-0.042,0.654,-0.129,-0.437,-0.197,-0.449,-0.283,-0.138,-0.339,-0.174,-0.396,-0.474,-0.216,-0.215,0.241,-0.236,0.14,0.21,-0.404,-0.248
INTC,0.007,-0.503,-0.339,-0.443,0.013,-0.543,0.487,-0.456,-0.234,-0.595,-0.599,-0.414,0.314,0.115,0.387,0.434,-0.418,-0.379,0.239,0.238,-0.441,0.148,-0.03,-0.218,-0.467,-0.006,0.426,-0.119,-0.5,-0.335,0.494,-0.39,-0.404,-0.412,-0.302,0.48,1.0,-0.332,-0.487,0.403,-0.461,-0.48,0.491,-0.151,-0.303,-0.03,-0.344,-0.198,0.34,-0.478,-0.475,-0.291,-0.024,0.208,-0.282,-0.226,-0.352,0.022,-0.194,-0.441,-0.445,-0.422,-0.449,-0.237,0.278,-0.434,-0.366,-0.215,-0.414,0.489,-0.241,-0.13,0.58,-0.491,-0.242,-0.434,0.425,0.512,0.321,-0.479,-0.261,0.564,-0.22,-0.487,-0.381,-0.223,-0.459,-0.062,-0.474,-0.507,-0.495,-0.385,0.107,-0.01,-0.193,-0.006,0.328,0.429,-0.258,-0.34
IOVA,-0.399,-0.054,-0.186,-0.139,-0.316,0.275,-0.317,0.353,-0.406,-0.005,0.216,-0.186,-0.599,-0.531,-0.335,-0.374,0.395,-0.244,-0.595,-0.18,-0.112,-0.679,-0.447,-0.324,-0.123,-0.183,-0.248,-0.432,0.138,-0.048,-0.629,-0.05,-0.045,-0.225,-0.171,-0.019,-0.332,1.0,0.018,-0.38,-0.065,-0.036,-0.202,-0.23,0.207,0.121,-0.165,-0.437,-0.187,0.133,0.008,-0.159,-0.3,-0.346,-0.271,0.744,-0.163,-0.344,-0.309,-0.106,-0.173,-0.205,-0.118,-0.102,0.02,-0.056,-0.248,0.315,-0.046,-0.352,-0.38,-0.326,-0.393,-0.083,0.295,-0.114,0.462,-0.006,-0.24,0.095,-0.462,-0.285,-0.271,0.029,0.628,-0.197,0.078,0.01,-0.168,0.177,0.077,-0.235,-0.543,-0.491,0.66,-0.381,-0.458,-0.419,-0.155,-0.307
IQ,0.088,0.517,0.471,0.667,0.421,0.377,-0.452,0.286,0.546,0.514,0.725,0.611,0.184,0.367,-0.193,-0.416,0.429,0.512,0.104,-0.37,0.477,0.057,0.31,0.348,0.398,0.151,-0.332,0.296,0.281,0.028,-0.152,0.539,0.545,0.395,0.4,-0.289,-0.487,0.018,1.0,-0.46,0.726,0.558,-0.45,0.429,0.116,0.189,0.559,0.335,-0.263,0.184,0.552,0.733,0.312,0.173,0.458,0.005,0.361,0.427,0.361,0.518,0.462,0.509,0.562,0.336,-0.347,0.475,0.617,0.162,0.584,-0.44,0.437,0.292,-0.408,0.333,0.143,0.563,-0.422,-0.293,0.132,0.471,0.376,-0.468,0.491,0.54,0.115,0.453,0.43,0.049,0.564,0.483,0.81,0.55,0.146,0.383,-0.003,0.421,-0.097,-0.246,0.485,0.562
JBLU,0.446,-0.148,0.083,-0.149,-0.049,-0.202,0.189,-0.172,-0.055,-0.422,-0.355,0.018,0.087,0.195,0.053,0.568,-0.549,-0.054,0.317,0.501,-0.103,0.139,0.322,0.103,-0.022,-0.077,0.043,0.153,-0.223,0.098,0.491,-0.25,-0.239,-0.023,0.02,0.048,0.403,-0.38,-0.46,1.0,-0.204,-0.343,0.101,-0.082,-0.008,-0.078,-0.391,-0.106,0.462,-0.098,-0.132,-0.265,0.106,0.248,0.071,-0.236,0.066,0.157,0.148,-0.13,-0.135,0.028,-0.28,0.069,0.068,0.08,-0.1,-0.11,-0.11,0.167,0.161,0.255,0.292,-0.111,-0.376,-0.098,-0.021,0.098,0.099,0.001,-0.033,0.165,-0.087,-0.187,-0.345,-0.005,-0.242,-0.214,-0.23,-0.428,-0.348,-0.107,0.443,0.235,-0.439,0.307,0.552,0.422,-0.126,0.016
JD,0.462,0.754,0.703,0.799,0.357,0.601,-0.551,0.545,0.665,0.651,0.854,0.836,0.137,0.36,-0.218,-0.167,0.286,0.714,0.221,-0.091,0.671,0.087,0.532,0.491,0.73,0.297,-0.644,0.443,0.227,0.336,0.024,0.69,0.696,0.679,0.7,-0.511,-0.461,-0.065,0.726,-0.204,1.0,0.628,-0.649,0.565,0.407,0.244,0.54,0.306,0.052,0.409,0.846,0.76,0.593,0.328,0.756,-0.126,0.695,0.407,0.549,0.744,0.7,0.64,0.71,0.518,-0.26,0.627,0.664,0.397,0.921,-0.457,0.604,0.444,-0.292,0.646,-0.065,0.858,-0.576,-0.44,0.32,0.672,0.485,-0.666,0.487,0.646,0.102,0.806,0.465,-0.07,0.645,0.41,0.739,0.695,0.423,0.476,-0.221,0.512,-0.023,-0.072,0.691,0.654
KDP,0.356,0.541,0.604,0.578,0.206,0.381,-0.39,0.361,0.597,0.871,0.585,0.61,0.224,0.142,-0.227,-0.381,0.45,0.402,0.022,-0.154,0.447,0.066,0.289,0.29,0.46,0.199,-0.526,0.179,0.325,0.162,-0.002,0.659,0.669,0.339,0.487,-0.515,-0.48,-0.036,0.558,-0.343,0.628,1.0,-0.427,0.604,0.129,0.07,0.683,0.54,-0.198,0.313,0.469,0.631,0.379,-0.067,0.579,-0.031,0.459,0.169,0.329,0.643,0.727,0.427,0.792,0.279,-0.203,0.416,0.394,0.11,0.491,-0.355,0.662,0.251,-0.413,0.387,0.128,0.499,-0.586,-0.287,0.214,0.447,0.316,-0.52,0.434,0.436,0.184,0.389,0.344,0.156,0.747,0.687,0.503,0.718,0.183,0.222,-0.04,0.206,-0.164,-0.264,0.582,0.511
KHC,-0.442,-0.618,-0.622,-0.544,0.048,-0.568,0.772,-0.646,-0.253,-0.473,-0.655,-0.559,0.144,-0.19,0.48,0.025,-0.178,-0.541,-0.031,-0.007,-0.511,0.398,-0.379,-0.392,-0.583,0.062,0.693,-0.262,-0.156,-0.497,0.049,-0.524,-0.526,-0.574,-0.597,0.677,0.491,-0.202,-0.45,0.101,-0.649,-0.427,1.0,-0.287,-0.535,-0.336,-0.231,0.031,-0.243,-0.488,-0.575,-0.411,-0.474,-0.112,-0.552,-0.058,-0.666,-0.225,-0.426,-0.554,-0.525,-0.658,-0.517,-0.35,0.331,-0.581,-0.536,-0.333,-0.653,0.654,-0.419,-0.394,0.526,-0.56,0.219,-0.546,0.467,0.531,-0.244,-0.732,-0.125,0.921,-0.13,-0.589,-0.22,-0.672,-0.342,0.082,-0.33,-0.265,-0.674,-0.548,-0.201,-0.33,0.138,-0.388,0.263,0.22,-0.557,-0.388
LRCX,0.475,0.512,0.629,0.79,0.693,0.372,-0.159,0.343,0.769,0.496,0.396,0.57,0.508,0.554,0.146,-0.079,0.44,0.544,0.297,0.114,0.576,0.316,0.52,0.287,0.551,0.616,-0.436,0.323,0.146,0.253,0.155,0.597,0.596,0.419,0.63,-0.251,-0.151,-0.23,0.429,-0.082,0.565,0.604,-0.287,1.0,0.244,0.508,0.728,0.526,0.146,0.241,0.428,0.717,0.645,0.51,0.768,-0.257,0.633,0.247,0.355,0.814,0.557,0.486,0.676,0.42,0.063,0.363,0.602,0.062,0.547,-0.182,0.592,0.274,0.046,0.331,-0.01,0.515,-0.541,0.073,0.309,0.421,0.288,-0.238,0.802,0.394,-0.026,0.513,0.183,-0.224,0.605,0.456,0.491,0.753,0.592,0.496,-0.26,0.39,0.032,0.021,0.731,0.564
LYFT,0.433,0.553,0.452,0.381,-0.002,0.579,-0.485,0.678,0.14,0.252,0.433,0.392,-0.165,-0.002,-0.008,0.254,0.071,0.44,0.093,0.32,0.418,-0.317,0.325,0.329,0.588,0.34,-0.525,0.132,-0.03,0.531,-0.069,0.258,0.253,0.62,0.571,-0.462,-0.303,0.207,0.116,-0.008,0.407,0.129,-0.535,0.244,1.0,0.423,0.195,-0.152,0.377,0.621,0.504,0.225,0.437,0.234,0.395,0.036,0.595,0.085,0.224,0.475,0.272,0.477,0.241,0.392,0.065,0.386,0.445,0.522,0.529,-0.395,0.228,0.295,-0.174,0.594,-0.309,0.514,-0.202,-0.33,0.107,0.555,0.033,-0.445,0.101,0.411,0.254,0.513,0.153,-0.181,0.05,-0.017,0.425,0.349,0.282,0.144,-0.061,0.105,-0.076,0.101,0.311,0.166
MARA,0.374,0.347,0.364,0.446,0.433,0.263,-0.093,0.408,0.305,0.103,0.143,0.269,0.247,0.375,0.254,0.075,0.311,0.475,0.182,0.149,0.378,-0.108,0.351,0.181,0.425,0.533,-0.208,0.161,-0.253,0.31,0.011,0.279,0.277,0.333,0.424,-0.162,-0.03,0.121,0.189,-0.078,0.244,0.07,-0.336,0.508,0.423,1.0,0.408,-0.046,0.292,0.212,0.261,0.36,0.512,0.559,0.453,-0.032,0.519,0.172,0.123,0.447,0.076,0.402,0.162,0.149,0.249,0.17,0.558,0.148,0.395,-0.123,0.206,0.121,0.259,0.318,-0.277,0.286,-0.064,0.257,0.237,0.269,-0.09,-0.177,0.406,0.214,0.022,0.407,-0.132,-0.457,0.007,-0.004,0.381,0.34,0.469,0.281,-0.172,0.165,-0.093,0.045,0.364,0.168
MCHP,0.36,0.627,0.603,0.635,0.55,0.413,-0.185,0.422,0.688,0.726,0.502,0.604,0.378,0.293,0.064,-0.246,0.466,0.587,0.135,-0.236,0.642,0.343,0.361,0.305,0.504,0.597,-0.232,0.257,0.255,0.185,0.057,0.636,0.624,0.455,0.511,-0.223,-0.344,-0.165,0.559,-0.391,0.54,0.683,-0.231,0.728,0.195,0.408,1.0,0.61,-0.121,0.328,0.501,0.678,0.501,0.257,0.646,-0.188,0.448,0.3,0.278,0.723,0.609,0.448,0.805,0.45,-0.018,0.422,0.664,0.107,0.478,-0.185,0.467,0.265,-0.109,0.458,0.236,0.572,-0.521,-0.072,0.318,0.354,0.448,-0.241,0.679,0.511,-0.035,0.405,0.387,-0.019,0.628,0.659,0.575,0.734,0.341,0.284,-0.108,0.215,-0.069,-0.076,0.683,0.594
MDLZ,0.27,0.282,0.456,0.413,0.415,0.09,-0.019,-0.037,0.584,0.503,0.18,0.468,0.499,0.421,0.029,-0.125,0.115,0.316,0.207,-0.078,0.281,0.54,0.344,0.33,0.314,0.329,-0.094,0.338,0.268,0.1,0.291,0.345,0.335,0.241,0.411,-0.063,-0.198,-0.437,0.335,-0.106,0.306,0.54,0.031,0.526,-0.152,-0.046,0.61,1.0,-0.129,0.072,0.277,0.393,0.237,0.108,0.486,-0.357,0.323,0.217,0.367,0.474,0.495,0.267,0.62,0.155,-0.116,0.255,0.409,-0.209,0.27,0.077,0.567,0.245,-0.067,0.181,0.262,0.317,-0.576,-0.039,0.313,0.156,0.575,-0.053,0.561,0.324,-0.293,0.194,0.343,0.064,0.573,0.512,0.225,0.639,0.393,0.321,-0.213,0.263,0.154,0.008,0.435,0.658
META,0.609,0.123,0.354,0.11,0.094,0.226,-0.005,0.203,0.124,-0.149,-0.097,0.063,0.18,0.212,0.097,0.743,-0.244,0.186,0.376,0.56,0.129,-0.031,0.422,0.115,0.249,0.172,-0.252,0.171,-0.304,0.485,0.528,0.062,0.1,0.251,0.321,-0.154,0.34,-0.187,-0.263,0.462,0.052,-0.198,-0.243,0.146,0.377,0.292,-0.121,-0.129,1.0,0.316,0.109,-0.014,0.622,0.377,0.333,-0.301,0.403,0.007,0.198,0.138,0.088,0.239,-0.035,0.165,0.202,0.127,0.156,0.168,0.178,0.104,0.153,0.244,0.307,0.218,-0.496,0.138,-0.157,0.049,0.34,0.19,-0.083,-0.106,-0.001,0.032,-0.12,0.274,-0.149,-0.244,-0.153,-0.39,0.011,0.205,0.469,0.196,-0.446,0.322,0.186,0.342,0.251,-0.048
MNST,0.419,0.665,0.529,0.406,0.034,0.617,-0.379,0.708,0.254,0.441,0.432,0.386,-0.129,-0.05,-0.1,0.194,0.255,0.527,0.051,0.248,0.544,-0.131,0.329,0.372,0.606,0.314,-0.525,0.241,0.156,0.581,-0.064,0.302,0.308,0.595,0.467,-0.48,-0.478,0.133,0.184,-0.098,0.409,0.313,-0.488,0.241,0.621,0.212,0.328,0.072,0.316,1.0,0.487,0.24,0.418,0.077,0.475,-0.021,0.556,0.019,0.273,0.445,0.409,0.473,0.373,0.314,0.115,0.526,0.406,0.527,0.466,-0.327,0.323,0.35,-0.204,0.694,-0.126,0.507,-0.481,-0.477,0.079,0.571,0.15,-0.449,0.132,0.486,0.43,0.428,0.263,0.072,0.248,0.143,0.361,0.422,0.196,0.118,-0.105,0.118,-0.119,0.04,0.389,0.253
MRNA,0.477,0.831,0.696,0.635,0.285,0.627,-0.481,0.628,0.578,0.621,0.745,0.829,0.007,0.29,-0.253,-0.053,0.119,0.805,0.131,-0.108,0.732,0.156,0.587,0.593,0.778,0.371,-0.533,0.523,0.254,0.433,0.087,0.547,0.557,0.704,0.695,-0.362,-0.475,0.008,0.552,-0.132,0.846,0.469,-0.575,0.428,0.504,0.261,0.501,0.277,0.109,0.487,1.0,0.632,0.53,0.376,0.69,-0.105,0.625,0.457,0.597,0.672,0.61,0.645,0.643,0.63,-0.363,0.719,0.67,0.494,0.861,-0.348,0.501,0.554,-0.191,0.743,-0.041,0.953,-0.473,-0.501,0.316,0.722,0.619,-0.598,0.428,0.705,-0.031,0.757,0.515,-0.095,0.514,0.343,0.685,0.669,0.392,0.476,-0.227,0.53,0.101,0.016,0.598,0.584
MRVL,0.375,0.627,0.663,0.783,0.673,0.52,-0.277,0.406,0.782,0.601,0.642,0.646,0.404,0.468,0.046,-0.238,0.407,0.644,0.298,-0.087,0.619,0.257,0.488,0.359,0.519,0.516,-0.495,0.413,0.212,0.139,0.081,0.685,0.688,0.461,0.596,-0.27,-0.291,-0.159,0.733,-0.265,0.76,0.631,-0.411,0.717,0.225,0.36,0.678,0.393,-0.014,0.24,0.632,1.0,0.639,0.486,0.666,-0.179,0.526,0.353,0.437,0.718,0.603,0.531,0.655,0.406,-0.147,0.463,0.706,0.19,0.662,-0.336,0.586,0.38,-0.081,0.434,0.042,0.686,-0.478,-0.199,0.257,0.594,0.407,-0.36,0.708,0.569,0.009,0.592,0.36,-0.17,0.634,0.432,0.774,0.704,0.418,0.511,-0.127,0.51,-0.047,0.065,0.656,0.553
MSFT,0.766,0.608,0.785,0.661,0.501,0.583,-0.24,0.436,0.715,0.426,0.387,0.532,0.396,0.484,0.162,0.346,0.134,0.68,0.487,0.261,0.6,0.228,0.686,0.465,0.634,0.527,-0.507,0.514,-0.028,0.481,0.486,0.674,0.696,0.614,0.73,-0.376,-0.024,-0.3,0.312,0.106,0.593,0.379,-0.474,0.645,0.437,0.512,0.501,0.237,0.622,0.418,0.53,0.639,1.0,0.645,0.772,-0.38,0.718,0.369,0.543,0.687,0.622,0.621,0.526,0.445,-0.021,0.514,0.647,0.2,0.604,-0.201,0.526,0.51,0.094,0.537,-0.281,0.623,-0.526,-0.144,0.51,0.53,0.322,-0.353,0.55,0.489,-0.116,0.654,0.202,-0.267,0.426,0.086,0.487,0.67,0.685,0.58,-0.46,0.581,0.164,0.344,0.745,0.419
MSTR,0.46,0.42,0.435,0.544,0.688,0.266,0.051,0.21,0.587,-0.037,0.119,0.307,0.464,0.657,0.445,0.276,0.014,0.591,0.607,0.255,0.458,0.372,0.667,0.429,0.428,0.591,-0.179,0.571,-0.167,0.185,0.42,0.236,0.243,0.42,0.519,0.019,0.208,-0.346,0.173,0.248,0.328,-0.067,-0.112,0.51,0.234,0.559,0.257,0.108,0.377,0.077,0.376,0.486,0.645,1.0,0.506,-0.373,0.499,0.471,0.451,0.407,0.105,0.452,0.134,0.329,0.092,0.354,0.571,0.071,0.416,0.032,0.336,0.445,0.421,0.247,-0.259,0.461,-0.221,0.113,0.36,0.314,0.297,0.053,0.591,0.33,-0.388,0.501,0.048,-0.48,0.126,-0.182,0.297,0.369,0.717,0.699,-0.429,0.626,0.389,0.528,0.391,0.289
MU,0.784,0.737,0.844,0.799,0.511,0.523,-0.414,0.543,0.771,0.573,0.542,0.774,0.324,0.538,-0.081,0.157,0.154,0.745,0.388,0.148,0.711,0.264,0.717,0.563,0.75,0.493,-0.592,0.576,0.106,0.47,0.352,0.668,0.677,0.658,0.785,-0.527,-0.282,-0.271,0.458,0.071,0.756,0.579,-0.552,0.768,0.395,0.453,0.646,0.486,0.333,0.475,0.69,0.666,0.772,0.506,1.0,-0.357,0.828,0.382,0.649,0.85,0.702,0.774,0.729,0.472,-0.135,0.71,0.68,0.175,0.747,-0.344,0.739,0.546,-0.095,0.598,-0.201,0.738,-0.702,-0.286,0.457,0.613,0.46,-0.513,0.651,0.633,-0.114,0.756,0.362,-0.166,0.585,0.317,0.569,0.821,0.726,0.601,-0.472,0.615,0.208,0.078,0.807,0.658
MVIS,-0.387,-0.197,-0.297,-0.175,-0.323,0.077,-0.223,0.146,-0.364,-0.107,0.105,-0.23,-0.57,-0.503,-0.184,-0.343,0.39,-0.31,-0.435,-0.189,-0.214,-0.54,-0.322,-0.342,-0.296,-0.222,-0.09,-0.464,0.016,-0.186,-0.535,-0.111,-0.119,-0.325,-0.305,0.092,-0.226,0.744,0.005,-0.236,-0.126,-0.031,-0.058,-0.257,0.036,-0.032,-0.188,-0.357,-0.301,-0.021,-0.105,-0.179,-0.38,-0.373,-0.357,1.0,-0.277,-0.095,-0.4,-0.206,-0.15,-0.28,-0.176,-0.133,-0.022,0.005,-0.302,0.182,-0.148,-0.151,-0.422,-0.094,-0.37,-0.192,0.307,-0.207,0.502,0.066,-0.099,0.089,-0.469,-0.157,-0.265,0.03,0.59,-0.276,0.05,-0.067,-0.149,0.177,-0.046,-0.295,-0.449,-0.338,0.701,-0.335,-0.281,-0.31,-0.188,-0.199
NFLX,0.707,0.681,0.813,0.777,0.336,0.615,-0.472,0.572,0.63,0.49,0.508,0.631,0.248,0.449,-0.034,0.186,0.127,0.707,0.394,0.353,0.578,0.002,0.706,0.51,0.847,0.418,-0.707,0.453,-0.005,0.663,0.202,0.518,0.518,0.713,0.88,-0.62,-0.352,-0.163,0.361,0.066,0.695,0.459,-0.666,0.633,0.595,0.519,0.448,0.323,0.403,0.556,0.625,0.526,0.718,0.499,0.828,-0.277,1.0,0.243,0.536,0.808,0.568,0.759,0.582,0.369,0.006,0.57,0.687,0.264,0.748,-0.344,0.693,0.503,-0.108,0.687,-0.341,0.693,-0.659,-0.299,0.36,0.665,0.302,-0.581,0.511,0.577,0.039,0.71,0.268,-0.229,0.393,0.163,0.546,0.751,0.71,0.547,-0.424,0.433,-0.009,0.08,0.664,0.489
NNDM,0.375,0.407,0.371,0.385,0.303,0.017,-0.302,0.067,0.401,0.097,0.274,0.552,0.235,0.523,0.059,0.077,-0.065,0.535,0.361,-0.217,0.362,0.282,0.668,0.642,0.315,0.178,-0.021,0.616,-0.109,0.017,0.398,0.274,0.285,0.418,0.336,-0.063,0.022,-0.344,0.427,0.157,0.407,0.169,-0.225,0.247,0.085,0.172,0.3,0.217,0.007,0.019,0.457,0.353,0.369,0.471,0.382,-0.095,0.243,1.0,0.623,0.271,0.272,0.445,0.281,0.44,-0.448,0.651,0.494,-0.012,0.373,-0.121,0.304,0.741,-0.052,0.253,-0.127,0.452,-0.201,-0.18,0.517,0.416,0.479,-0.175,0.294,0.475,-0.34,0.507,0.274,-0.188,0.289,0.092,0.393,0.36,0.479,0.768,-0.33,0.69,0.618,0.286,0.323,0.533
NVAX,0.601,0.594,0.638,0.551,0.29,0.252,-0.376,0.211,0.587,0.308,0.361,0.643,0.309,0.513,0.019,0.16,-0.108,0.68,0.501,0.06,0.493,0.358,0.688,0.833,0.591,0.264,-0.401,0.939,-0.036,0.31,0.507,0.404,0.435,0.62,0.578,-0.346,-0.194,-0.309,0.361,0.148,0.549,0.329,-0.426,0.355,0.224,0.123,0.278,0.367,0.198,0.273,0.597,0.437,0.543,0.451,0.649,-0.4,0.536,0.623,1.0,0.452,0.51,0.674,0.425,0.34,-0.406,0.72,0.493,-0.007,0.487,-0.211,0.596,0.721,-0.083,0.54,-0.329,0.588,-0.489,-0.497,0.405,0.572,0.616,-0.337,0.351,0.531,-0.323,0.683,0.297,-0.19,0.396,0.036,0.435,0.604,0.554,0.745,-0.554,0.766,0.506,0.342,0.449,0.517
NVDA,0.535,0.706,0.822,0.825,0.535,0.679,-0.47,0.578,0.741,0.664,0.633,0.707,0.223,0.398,-0.145,-0.055,0.291,0.697,0.156,0.023,0.729,0.156,0.557,0.435,0.74,0.508,-0.611,0.356,0.33,0.481,0.098,0.773,0.76,0.653,0.804,-0.511,-0.441,-0.106,0.518,-0.13,0.744,0.643,-0.554,0.814,0.475,0.447,0.723,0.474,0.138,0.445,0.672,0.718,0.687,0.407,0.85,-0.206,0.808,0.271,0.452,1.0,0.765,0.649,0.827,0.532,-0.192,0.579,0.728,0.196,0.725,-0.449,0.617,0.403,-0.258,0.583,0.028,0.748,-0.663,-0.271,0.315,0.654,0.429,-0.507,0.765,0.632,0.029,0.62,0.43,-0.081,0.691,0.518,0.65,0.818,0.554,0.477,-0.258,0.381,-0.051,-0.116,0.846,0.615
NWL,0.531,0.619,0.733,0.611,0.285,0.612,-0.388,0.378,0.68,0.771,0.625,0.633,0.192,0.204,-0.181,-0.03,0.198,0.585,0.134,-0.06,0.632,0.273,0.427,0.469,0.568,0.308,-0.547,0.392,0.458,0.48,0.197,0.852,0.845,0.589,0.6,-0.495,-0.445,-0.173,0.462,-0.135,0.7,0.727,-0.525,0.557,0.272,0.076,0.609,0.495,0.088,0.409,0.61,0.603,0.622,0.105,0.702,-0.15,0.568,0.272,0.51,0.765,1.0,0.601,0.84,0.418,-0.37,0.595,0.519,0.095,0.577,-0.292,0.512,0.476,-0.344,0.602,0.136,0.662,-0.69,-0.497,0.365,0.629,0.525,-0.53,0.549,0.589,0.066,0.523,0.457,0.113,0.771,0.571,0.496,0.709,0.322,0.393,-0.243,0.379,0.001,-0.083,0.814,0.603
OCGN,0.679,0.704,0.727,0.729,0.352,0.517,-0.49,0.451,0.653,0.449,0.532,0.649,0.205,0.458,-0.077,0.117,0.071,0.744,0.447,0.068,0.64,0.115,0.661,0.661,0.702,0.347,-0.553,0.621,0.153,0.521,0.236,0.528,0.538,0.695,0.691,-0.577,-0.422,-0.205,0.509,0.028,0.64,0.427,-0.658,0.486,0.477,0.402,0.448,0.267,0.239,0.473,0.645,0.531,0.621,0.452,0.774,-0.28,0.759,0.445,0.674,0.649,0.601,1.0,0.56,0.418,-0.317,0.761,0.718,0.084,0.604,-0.406,0.618,0.612,-0.226,0.64,-0.282,0.706,-0.636,-0.552,0.276,0.659,0.455,-0.578,0.526,0.652,-0.095,0.66,0.321,-0.163,0.42,0.19,0.663,0.676,0.558,0.66,-0.44,0.659,0.19,0.004,0.624,0.522
ON,0.432,0.666,0.722,0.66,0.35,0.587,-0.501,0.449,0.635,0.811,0.715,0.728,0.233,0.281,-0.284,-0.218,0.272,0.555,0.051,-0.162,0.642,0.209,0.425,0.392,0.593,0.302,-0.515,0.287,0.509,0.35,0.093,0.784,0.761,0.542,0.646,-0.474,-0.449,-0.118,0.562,-0.28,0.71,0.792,-0.517,0.676,0.241,0.162,0.805,0.62,-0.035,0.373,0.643,0.655,0.526,0.134,0.729,-0.176,0.582,0.281,0.425,0.827,0.84,0.56,1.0,0.501,-0.318,0.553,0.596,0.159,0.603,-0.416,0.574,0.369,-0.399,0.509,0.245,0.679,-0.678,-0.358,0.403,0.552,0.519,-0.565,0.611,0.631,0.009,0.517,0.543,0.143,0.74,0.777,0.608,0.828,0.295,0.353,-0.158,0.319,-0.087,-0.19,0.815,0.687
