,AAL,AAPL,AGNC,AMAT,AMD,AMZN,APA,ARDX,AVGO,AZN,BIDU,BILI,BKR,CAN,CHRD,CMCSA,CPRT,CRWD,CSCO,CSX,DKNG,EBAY,ERIC,EXC,FITB,FLEX,FTNT,GEN,GERN,GEVO,GILD,GOOG,GOOGL,GT,HBAN,HST,INTC,IOVA,IQ,JBLU,JD,KDP,KHC,LRCX,LYFT,MARA,MCHP,MDLZ,META,MNST,MRNA,MRVL,MSFT,MSTR,MU,MVIS,NFLX,NNDM,NVAX,NVDA,NWL,OCGN,ON,OPK,PAA,PACB,PANW,PARA,PDD,PENN,PEP,PLUG,PTEN,PTON,PYPL,QCOM,QVCGA,RIOT,ROKU,RUN,SABR,SBUX,SMCI,SNDL,STNE,TCOM,TLRY,TMUS,TSCO,TSLA,TTD,TXN,UAL,VOD,VTRS,VXRT,WBA,WBD,WDC,ZM
AAL,1.0,0.76,0.707,-0.355,-0.315,0.297,-0.266,-0.283,-0.289,-0.221,-0.644,-0.56,0.758,0.676,0.435,-0.056,0.713,0.684,0.704,0.655,0.667,0.676,-0.314,0.725,0.841,0.531,0.645,0.757,-0.253,-0.474,0.024,-0.093,-0.113,0.56,0.809,0.503,0.323,-0.492,-0.611,0.343,-0.53,-0.018,-0.397,-0.265,0.515,0.657,-0.367,-0.498,-0.039,0.271,-0.517,0.513,0.563,0.611,-0.145,-0.342,0.749,0.002,-0.217,0.028,0.53,-0.118,0.092,0.499,0.572,-0.552,0.532,-0.111,-0.681,0.616,-0.297,-0.183,0.714,0.543,0.781,-0.397,-0.565,0.447,0.049,-0.414,0.819,0.738,0.379,-0.527,-0.333,-0.437,-0.56,0.802,0.374,0.727,0.402,-0.162,0.92,-0.294,0.679,-0.605,-0.243,0.783,0.178,0.585
AAPL,0.76,1.0,0.72,-0.339,-0.291,0.231,-0.235,-0.077,-0.337,-0.127,-0.463,-0.548,0.608,0.639,0.395,-0.259,0.796,0.606,0.692,0.493,0.574,0.785,-0.148,0.751,0.699,0.489,0.487,0.758,-0.088,-0.325,0.055,-0.247,-0.257,0.573,0.628,0.51,0.234,-0.389,-0.399,-0.036,-0.394,-0.034,-0.282,-0.14,0.382,0.635,-0.207,-0.378,0.028,0.227,-0.336,0.533,0.56,0.515,-0.111,-0.361,0.779,0.209,-0.061,-0.131,0.66,-0.158,0.187,0.261,0.628,-0.537,0.344,-0.154,-0.695,0.526,-0.21,0.074,0.57,0.659,0.65,-0.425,-0.487,0.201,-0.179,-0.275,0.682,0.711,0.614,-0.431,-0.314,-0.283,-0.491,0.783,0.404,0.537,0.351,-0.236,0.743,-0.035,0.632,-0.569,-0.115,0.728,0.479,0.542
AGNC,0.707,0.72,1.0,-0.399,-0.211,0.167,-0.384,-0.256,-0.336,-0.159,-0.592,-0.514,0.736,0.555,0.469,-0.152,0.619,0.649,0.51,0.534,0.731,0.683,-0.289,0.721,0.773,0.556,0.558,0.708,-0.114,-0.359,0.08,-0.194,-0.228,0.686,0.726,0.478,0.39,-0.468,-0.623,0.081,-0.461,-0.162,-0.482,-0.236,0.515,0.553,-0.297,-0.505,0.042,0.239,-0.517,0.623,0.341,0.528,-0.088,-0.261,0.677,-0.15,-0.126,-0.022,0.562,-0.176,0.022,0.35,0.75,-0.471,0.369,-0.225,-0.68,0.559,-0.358,-0.053,0.71,0.698,0.655,-0.354,-0.638,0.411,0.062,-0.332,0.63,0.688,0.453,-0.326,-0.442,-0.251,-0.482,0.661,0.44,0.726,0.362,-0.213,0.795,-0.166,0.754,-0.627,-0.284,0.73,0.289,0.506
AMAT,-0.355,-0.339,-0.399,1.0,0.802,0.392,0.086,0.26,0.816,0.083,0.483,0.762,-0.229,-0.344,0.148,0.622,-0.32,-0.407,0.108,0.114,-0.393,-0.138,0.288,-0.521,-0.262,-0.11,-0.256,-0.206,0.515,0.262,0.68,0.459,0.466,-0.095,-0.256,0.246,0.252,0.668,0.544,0.018,0.611,0.656,0.743,0.878,-0.084,-0.233,0.634,0.565,0.694,0.365,0.653,0.139,0.271,-0.53,0.732,0.725,-0.431,0.332,0.498,0.376,0.003,0.628,0.563,-0.378,-0.299,0.716,-0.069,0.686,0.392,-0.245,0.737,0.13,-0.065,-0.226,-0.281,0.578,0.518,0.042,0.282,0.235,-0.278,-0.426,-0.271,0.265,0.676,0.43,0.461,-0.191,0.329,-0.334,0.147,0.694,-0.45,0.282,-0.29,0.797,0.572,-0.369,0.139,-0.018
AMD,-0.315,-0.291,-0.211,0.802,1.0,0.361,0.03,0.283,0.802,0.029,0.505,0.699,-0.129,-0.395,0.214,0.622,-0.358,-0.323,0.026,0.097,-0.299,-0.102,0.246,-0.411,-0.183,-0.057,-0.244,-0.194,0.519,0.278,0.65,0.514,0.5,-0.052,-0.171,0.182,0.445,0.623,0.49,-0.039,0.585,0.495,0.549,0.752,0.004,-0.304,0.587,0.435,0.7,0.237,0.573,0.254,0.206,-0.489,0.774,0.758,-0.448,0.191,0.566,0.349,0.003,0.538,0.548,-0.346,-0.185,0.663,-0.088,0.539,0.404,-0.186,0.524,0.077,0.041,-0.182,-0.222,0.668,0.362,0.129,0.35,0.171,-0.332,-0.384,-0.247,0.257,0.57,0.422,0.455,-0.253,0.366,-0.203,0.096,0.743,-0.364,0.324,-0.185,0.715,0.474,-0.334,0.213,-0.082
AMZN,0.297,0.231,0.167,0.392,0.361,1.0,-0.312,-0.218,0.436,-0.302,0.002,0.105,0.441,0.088,0.304,0.38,0.2,0.187,0.553,0.614,0.253,0.379,-0.272,0.074,0.497,0.135,0.381,0.476,-0.024,-0.297,0.601,0.654,0.637,0.417,0.486,0.373,0.63,0.019,-0.08,0.459,-0.075,0.483,0.023,0.386,0.591,0.189,-0.09,-0.08,0.721,0.614,-0.088,0.583,0.784,0.004,0.242,0.052,0.084,0.004,-0.117,0.45,0.381,0.498,0.149,0.127,0.157,0.081,0.552,0.365,-0.025,0.481,0.215,-0.241,0.472,0.179,0.463,0.267,-0.104,0.54,0.581,-0.325,0.422,0.008,-0.309,-0.34,0.095,-0.301,-0.183,0.446,0.531,0.281,0.352,0.433,0.293,-0.314,0.298,0.173,0.006,0.278,0.066,0.337
APA,-0.266,-0.235,-0.384,0.086,0.03,-0.312,1.0,0.633,0.057,0.376,0.378,0.272,-0.335,-0.312,-0.147,0.127,-0.219,-0.451,-0.326,-0.041,-0.349,-0.201,0.389,-0.218,-0.327,-0.228,-0.482,-0.336,0.525,0.637,-0.086,-0.255,-0.249,-0.241,-0.278,0.104,-0.272,0.541,0.46,-0.266,0.394,0.056,0.473,0.178,-0.362,-0.382,0.448,0.472,-0.165,-0.07,0.626,-0.343,-0.325,-0.43,0.086,0.251,-0.356,0.254,0.259,-0.349,-0.187,0.048,0.32,-0.379,-0.082,0.483,-0.53,0.078,0.23,-0.32,0.357,0.336,-0.221,-0.195,-0.431,0.376,0.656,-0.486,-0.345,0.651,-0.392,-0.212,0.025,0.548,0.217,0.327,0.478,-0.367,-0.042,-0.433,-0.047,-0.012,-0.322,0.38,-0.353,0.29,0.428,-0.232,0.102,-0.355
ARDX,-0.283,-0.077,-0.256,0.26,0.283,-0.218,0.633,1.0,0.107,0.429,0.499,0.408,-0.418,-0.269,-0.158,0.237,-0.231,-0.504,-0.26,-0.112,-0.357,-0.135,0.538,-0.16,-0.347,-0.18,-0.472,-0.311,0.586,0.678,0.051,-0.259,-0.262,-0.119,-0.357,0.202,-0.141,0.745,0.487,-0.445,0.612,0.103,0.533,0.341,-0.452,-0.345,0.624,0.429,0.035,-0.092,0.707,-0.16,-0.181,-0.507,0.291,0.309,-0.42,0.362,0.587,-0.386,-0.066,0.269,0.583,-0.575,0.081,0.597,-0.631,0.094,0.18,-0.356,0.37,0.447,-0.241,0.02,-0.446,0.325,0.588,-0.439,-0.414,0.707,-0.377,-0.191,0.158,0.501,0.237,0.491,0.543,-0.309,0.152,-0.38,0.063,0.073,-0.345,0.639,-0.425,0.406,0.546,-0.279,0.395,-0.392
AVGO,-0.289,-0.337,-0.336,0.816,0.802,0.436,0.057,0.107,1.0,-0.098,0.597,0.683,-0.018,-0.384,0.35,0.675,-0.264,-0.284,0.102,0.21,-0.34,-0.133,0.154,-0.503,-0.114,-0.052,-0.21,-0.143,0.406,0.184,0.645,0.721,0.716,-0.048,-0.067,0.194,0.469,0.543,0.614,0.15,0.49,0.505,0.607,0.823,0.095,-0.239,0.535,0.507,0.663,0.245,0.502,0.208,0.283,-0.424,0.789,0.682,-0.37,0.168,0.323,0.616,0.0,0.617,0.418,-0.406,-0.291,0.582,0.141,0.713,0.593,-0.198,0.583,0.02,0.082,-0.359,-0.199,0.748,0.424,0.229,0.433,0.122,-0.238,-0.487,-0.377,0.239,0.631,0.324,0.417,-0.176,0.452,-0.24,0.052,0.877,-0.354,0.16,-0.197,0.633,0.456,-0.339,0.112,0.017
AZN,-0.221,-0.127,-0.159,0.083,0.029,-0.302,0.376,0.429,-0.098,1.0,0.206,0.25,-0.447,-0.251,-0.484,0.003,-0.145,-0.441,-0.323,-0.188,-0.298,-0.196,0.563,-0.041,-0.312,-0.351,-0.31,-0.127,0.367,0.709,-0.037,-0.341,-0.348,-0.147,-0.347,0.084,-0.48,0.329,0.262,-0.378,0.446,0.256,0.452,0.162,-0.369,-0.199,0.496,0.524,0.046,-0.038,0.533,-0.363,-0.259,-0.386,-0.078,0.13,-0.277,0.334,0.467,-0.524,0.055,-0.055,0.411,-0.249,-0.181,0.345,-0.582,-0.056,-0.002,0.002,0.42,0.53,-0.311,0.135,-0.391,0.029,0.439,-0.451,-0.473,0.715,-0.416,0.076,0.255,0.57,0.209,0.257,0.571,-0.257,-0.149,-0.371,-0.047,-0.1,-0.277,0.403,-0.249,0.326,0.511,-0.179,0.124,-0.267
BIDU,-0.644,-0.463,-0.592,0.483,0.505,0.002,0.378,0.499,0.597,0.206,1.0,0.682,-0.517,-0.546,-0.213,0.231,-0.426,-0.635,-0.405,-0.267,-0.61,-0.447,0.466,-0.565,-0.57,-0.324,-0.602,-0.551,0.419,0.532,0.18,0.434,0.455,-0.314,-0.493,-0.178,-0.089,0.688,0.845,-0.312,0.701,0.112,0.642,0.532,-0.378,-0.471,0.607,0.597,0.258,-0.175,0.675,-0.333,-0.19,-0.497,0.457,0.454,-0.62,0.287,0.434,0.119,-0.126,0.343,0.263,-0.683,-0.396,0.607,-0.305,0.259,0.843,-0.489,0.428,0.299,-0.444,-0.464,-0.659,0.659,0.646,-0.215,-0.077,0.497,-0.616,-0.663,-0.269,0.541,0.479,0.496,0.616,-0.548,0.034,-0.604,-0.243,0.528,-0.646,0.558,-0.582,0.61,0.532,-0.615,0.202,-0.455
BILI,-0.56,-0.548,-0.514,0.762,0.699,0.105,0.272,0.408,0.683,0.25,0.682,1.0,-0.398,-0.602,-0.134,0.46,-0.558,-0.647,-0.208,-0.097,-0.523,-0.365,0.388,-0.661,-0.517,-0.304,-0.443,-0.461,0.583,0.486,0.494,0.368,0.395,-0.209,-0.446,0.028,0.01,0.723,0.662,-0.197,0.883,0.343,0.667,0.635,-0.232,-0.529,0.622,0.594,0.492,0.13,0.72,-0.177,-0.017,-0.673,0.583,0.625,-0.68,0.172,0.555,0.131,-0.217,0.532,0.427,-0.538,-0.368,0.781,-0.343,0.421,0.579,-0.385,0.548,0.309,-0.312,-0.385,-0.563,0.654,0.607,-0.14,0.112,0.463,-0.456,-0.641,-0.338,0.501,0.641,0.593,0.61,-0.434,0.119,-0.473,-0.086,0.549,-0.636,0.446,-0.461,0.791,0.56,-0.546,0.1,-0.344
BKR,0.758,0.608,0.736,-0.229,-0.129,0.441,-0.335,-0.418,-0.018,-0.447,-0.517,-0.398,1.0,0.581,0.728,0.079,0.624,0.686,0.724,0.745,0.789,0.624,-0.574,0.516,0.864,0.66,0.723,0.776,-0.133,-0.573,0.298,0.203,0.184,0.633,0.914,0.497,0.591,-0.457,-0.539,0.369,-0.504,-0.033,-0.47,-0.082,0.772,0.621,-0.421,-0.543,0.207,0.396,-0.546,0.734,0.577,0.589,0.036,-0.179,0.711,-0.21,-0.344,0.421,0.499,0.098,-0.054,0.373,0.649,-0.417,0.729,0.104,-0.455,0.654,-0.348,-0.374,0.846,0.456,0.765,-0.133,-0.58,0.687,0.35,-0.578,0.749,0.484,0.131,-0.534,-0.304,-0.377,-0.616,0.728,0.538,0.807,0.508,0.085,0.79,-0.43,0.837,-0.572,-0.355,0.804,0.101,0.611
CAN,0.676,0.639,0.555,-0.344,-0.395,0.088,-0.312,-0.269,-0.384,-0.251,-0.546,-0.602,0.581,1.0,0.333,-0.295,0.74,0.728,0.633,0.453,0.679,0.535,-0.385,0.564,0.624,0.562,0.616,0.678,-0.213,-0.486,-0.023,-0.227,-0.228,0.48,0.634,0.456,0.073,-0.463,-0.579,0.106,-0.523,-0.111,-0.394,-0.219,0.406,0.898,-0.4,-0.495,-0.134,0.263,-0.476,0.449,0.376,0.727,-0.172,-0.249,0.71,0.087,-0.098,0.002,0.581,-0.125,0.035,0.402,0.539,-0.491,0.525,-0.077,-0.627,0.523,-0.37,-0.238,0.56,0.532,0.685,-0.517,-0.533,0.556,-0.059,-0.473,0.605,0.698,0.395,-0.513,-0.268,-0.368,-0.594,0.687,0.212,0.691,0.541,-0.241,0.688,-0.231,0.625,-0.624,-0.219,0.7,0.23,0.672
CHRD,0.435,0.395,0.469,0.148,0.214,0.304,-0.147,-0.158,0.35,-0.484,-0.213,-0.134,0.728,0.333,1.0,0.404,0.411,0.478,0.585,0.578,0.424,0.469,-0.35,0.169,0.586,0.623,0.358,0.498,0.099,-0.406,0.425,0.229,0.212,0.464,0.597,0.48,0.718,-0.099,-0.116,0.236,-0.271,0.166,-0.076,0.296,0.508,0.381,-0.037,-0.244,0.273,0.312,-0.191,0.683,0.46,0.272,0.47,0.253,0.465,-0.032,-0.104,0.557,0.317,0.265,0.176,0.034,0.449,-0.117,0.507,0.455,-0.189,0.261,-0.035,-0.302,0.738,0.248,0.468,0.143,-0.297,0.482,0.357,-0.437,0.467,0.211,0.085,-0.345,0.024,-0.082,-0.339,0.44,0.651,0.481,0.427,0.371,0.417,-0.145,0.541,-0.266,-0.085,0.463,0.224,0.546
CMCSA,-0.056,-0.259,-0.152,0.622,0.622,0.38,0.127,0.237,0.675,0.003,0.231,0.46,0.079,-0.295,0.404,1.0,-0.186,-0.201,0.104,0.345,-0.195,-0.064,0.161,-0.291,0.108,0.033,-0.097,0.028,0.377,0.175,0.515,0.437,0.403,0.045,0.035,0.304,0.514,0.481,0.35,0.222,0.286,0.568,0.473,0.594,0.103,-0.151,0.433,0.338,0.533,0.27,0.343,0.293,0.219,-0.386,0.592,0.553,-0.28,0.091,0.213,0.409,0.021,0.586,0.475,-0.245,-0.116,0.516,0.066,0.662,0.233,-0.036,0.534,-0.133,0.259,-0.022,-0.037,0.537,0.389,0.17,0.388,0.087,-0.07,-0.237,-0.211,0.099,0.463,0.274,0.299,-0.103,0.494,-0.129,0.271,0.616,-0.144,0.037,-0.13,0.487,0.369,-0.19,0.052,0.111
CPRT,0.713,0.796,0.619,-0.32,-0.358,0.2,-0.219,-0.231,-0.264,-0.145,-0.426,-0.558,0.624,0.74,0.411,-0.186,1.0,0.692,0.703,0.591,0.542,0.759,-0.185,0.603,0.746,0.679,0.506,0.779,-0.1,-0.411,0.037,-0.165,-0.179,0.636,0.679,0.546,0.185,-0.394,-0.445,0.04,-0.507,0.068,-0.191,-0.131,0.439,0.811,-0.236,-0.41,-0.024,0.26,-0.376,0.524,0.526,0.603,-0.124,-0.314,0.763,0.229,-0.154,-0.012,0.757,-0.109,0.14,0.228,0.526,-0.526,0.602,-0.02,-0.591,0.589,-0.138,-0.063,0.655,0.682,0.632,-0.403,-0.387,0.324,-0.022,-0.389,0.658,0.663,0.609,-0.453,-0.144,-0.235,-0.525,0.738,0.459,0.507,0.486,-0.108,0.724,-0.138,0.629,-0.605,-0.037,0.705,0.438,0.716
CRWD,0.684,0.606,0.649,-0.407,-0.323,0.187,-0.451,-0.504,-0.284,-0.441,-0.635,-0.647,0.686,0.728,0.478,-0.201,0.692,1.0,0.585,0.453,0.717,0.52,-0.502,0.538,0.725,0.626,0.632,0.648,-0.34,-0.669,-0.037,-0.106,-0.109,0.485,0.708,0.347,0.304,-0.621,-0.674,0.215,-0.632,-0.143,-0.595,-0.353,0.572,0.711,-0.542,-0.648,-0.132,0.203,-0.667,0.567,0.41,0.722,-0.108,-0.252,0.76,-0.114,-0.367,0.197,0.431,-0.197,-0.187,0.531,0.506,-0.641,0.677,-0.118,-0.606,0.576,-0.49,-0.419,0.629,0.447,0.676,-0.48,-0.744,0.479,0.068,-0.646,0.65,0.546,0.294,-0.623,-0.35,-0.416,-0.732,0.693,0.226,0.7,0.423,-0.251,0.76,-0.43,0.712,-0.684,-0.495,0.727,0.205,0.676
CSCO,0.704,0.692,0.51,0.108,0.026,0.553,-0.326,-0.26,0.102,-0.323,-0.405,-0.208,0.724,0.633,0.585,0.104,0.703,0.585,1.0,0.783,0.589,0.767,-0.339,0.397,0.751,0.53,0.696,0.814,0.021,-0.469,0.533,0.127,0.126,0.677,0.72,0.686,0.452,-0.166,-0.326,0.324,-0.262,0.331,-0.084,0.189,0.638,0.694,-0.158,-0.304,0.377,0.597,-0.254,0.671,0.803,0.342,0.215,-0.018,0.572,0.167,-0.021,0.208,0.669,0.3,0.281,0.291,0.483,-0.221,0.634,0.337,-0.545,0.649,0.033,-0.111,0.743,0.495,0.754,-0.176,-0.335,0.567,0.254,-0.455,0.751,0.499,0.234,-0.518,0.104,-0.259,-0.457,0.871,0.617,0.64,0.609,0.212,0.618,-0.168,0.64,-0.301,0.033,0.666,0.369,0.777
CSX,0.655,0.493,0.534,0.114,0.097,0.614,-0.041,-0.112,0.21,-0.188,-0.267,-0.097,0.745,0.453,0.578,0.345,0.591,0.453,0.783,1.0,0.563,0.693,-0.259,0.35,0.821,0.508,0.542,0.761,0.234,-0.259,0.565,0.242,0.218,0.771,0.832,0.832,0.587,-0.017,-0.282,0.306,-0.189,0.321,-0.006,0.27,0.699,0.534,-0.04,-0.199,0.457,0.665,-0.137,0.716,0.708,0.18,0.293,0.073,0.363,0.046,-0.006,0.202,0.68,0.394,0.373,0.142,0.597,-0.013,0.567,0.339,-0.407,0.66,0.113,-0.119,0.855,0.52,0.646,0.138,-0.143,0.604,0.316,-0.268,0.64,0.361,0.126,-0.313,0.079,-0.178,-0.258,0.697,0.787,0.583,0.641,0.299,0.627,-0.185,0.617,-0.233,0.106,0.62,0.375,0.637
DKNG,0.667,0.574,0.731,-0.393,-0.299,0.253,-0.349,-0.357,-0.34,-0.298,-0.61,-0.523,0.789,0.679,0.424,-0.195,0.542,0.717,0.589,0.563,1.0,0.485,-0.509,0.578,0.71,0.549,0.856,0.68,-0.172,-0.542,0.15,-0.03,-0.044,0.529,0.797,0.396,0.316,-0.428,-0.709,0.22,-0.552,-0.191,-0.604,-0.339,0.722,0.65,-0.548,-0.669,0.018,0.443,-0.545,0.549,0.391,0.659,-0.242,-0.339,0.695,-0.245,-0.278,0.162,0.465,0.018,-0.144,0.586,0.692,-0.375,0.577,-0.159,-0.569,0.718,-0.485,-0.381,0.636,0.516,0.748,-0.359,-0.582,0.612,0.173,-0.527,0.681,0.577,0.239,-0.578,-0.514,-0.385,-0.677,0.693,0.255,0.926,0.616,-0.205,0.726,-0.425,0.859,-0.601,-0.396,0.87,0.037,0.517
EBAY,0.676,0.785,0.683,-0.138,-0.102,0.379,-0.201,-0.135,-0.133,-0.196,-0.447,-0.365,0.624,0.535,0.469,-0.064,0.759,0.52,0.767,0.693,0.485,1.0,-0.219,0.523,0.737,0.5,0.451,0.81,0.062,-0.267,0.279,-0.142,-0.156,0.762,0.657,0.658,0.425,-0.233,-0.369,0.065,-0.379,0.189,-0.145,0.048,0.49,0.535,-0.118,-0.312,0.228,0.495,-0.282,0.69,0.592,0.27,0.091,-0.179,0.537,0.177,-0.015,-0.076,0.714,0.034,0.267,0.122,0.603,-0.291,0.404,0.095,-0.663,0.547,0.009,0.175,0.721,0.713,0.705,-0.251,-0.331,0.287,0.136,-0.252,0.692,0.585,0.441,-0.275,-0.059,-0.195,-0.315,0.741,0.63,0.475,0.461,-0.071,0.645,-0.074,0.566,-0.444,-0.012,0.623,0.426,0.64
ERIC,-0.314,-0.148,-0.289,0.288,0.246,-0.272,0.389,0.538,0.154,0.563,0.466,0.388,-0.574,-0.385,-0.35,0.161,-0.185,-0.502,-0.339,-0.259,-0.509,-0.219,1.0,-0.162,-0.443,-0.278,-0.553,-0.348,0.452,0.622,0.035,-0.144,-0.134,-0.273,-0.479,0.002,-0.333,0.542,0.496,-0.457,0.567,0.163,0.639,0.265,-0.496,-0.315,0.692,0.54,0.061,-0.242,0.644,-0.355,-0.24,-0.414,0.213,0.287,-0.349,0.393,0.596,-0.359,-0.068,0.052,0.498,-0.411,-0.3,0.412,-0.577,0.022,0.231,-0.368,0.488,0.454,-0.395,-0.093,-0.484,0.262,0.601,-0.486,-0.388,0.585,-0.46,-0.096,0.373,0.518,0.446,0.595,0.561,-0.337,-0.024,-0.518,-0.178,0.176,-0.337,0.633,-0.425,0.463,0.617,-0.419,0.323,-0.32
EXC,0.725,0.751,0.721,-0.521,-0.411,0.074,-0.218,-0.16,-0.503,-0.041,-0.565,-0.661,0.516,0.564,0.169,-0.291,0.603,0.538,0.397,0.35,0.578,0.523,-0.162,1.0,0.651,0.303,0.458,0.573,-0.273,-0.305,-0.208,-0.263,-0.302,0.395,0.621,0.29,0.046,-0.522,-0.576,0.029,-0.482,-0.249,-0.436,-0.397,0.305,0.529,-0.373,-0.447,-0.184,0.004,-0.454,0.322,0.267,0.587,-0.381,-0.541,0.727,-0.088,-0.179,-0.203,0.43,-0.372,-0.033,0.46,0.564,-0.6,0.271,-0.424,-0.622,0.435,-0.369,-0.077,0.469,0.575,0.584,-0.489,-0.567,0.212,-0.184,-0.256,0.571,0.762,0.541,-0.395,-0.564,-0.391,-0.488,0.591,0.137,0.572,0.163,-0.385,0.743,-0.236,0.568,-0.568,-0.3,0.653,0.167,0.287
FITB,0.841,0.699,0.773,-0.262,-0.183,0.497,-0.327,-0.347,-0.114,-0.312,-0.57,-0.517,0.864,0.624,0.586,0.108,0.746,0.725,0.751,0.821,0.71,0.737,-0.443,0.651,1.0,0.591,0.689,0.862,-0.189,-0.493,0.219,0.099,0.049,0.733,0.922,0.625,0.539,-0.426,-0.577,0.384,-0.57,0.127,-0.386,-0.094,0.712,0.683,-0.35,-0.465,0.201,0.432,-0.519,0.726,0.664,0.501,-0.017,-0.25,0.684,-0.084,-0.288,0.176,0.621,0.047,0.087,0.428,0.63,-0.445,0.667,0.068,-0.599,0.722,-0.208,-0.257,0.896,0.609,0.818,-0.224,-0.55,0.59,0.266,-0.483,0.778,0.605,0.28,-0.511,-0.258,-0.455,-0.557,0.797,0.616,0.742,0.518,0.018,0.861,-0.417,0.746,-0.549,-0.242,0.748,0.234,0.72
FLEX,0.531,0.489,0.556,-0.11,-0.057,0.135,-0.228,-0.18,-0.052,-0.351,-0.324,-0.304,0.66,0.562,0.623,0.033,0.679,0.626,0.53,0.508,0.549,0.5,-0.278,0.303,0.591,1.0,0.37,0.505,0.089,-0.488,0.168,-0.016,-0.021,0.514,0.603,0.486,0.41,-0.257,-0.457,-0.042,-0.365,0.05,-0.22,-0.008,0.418,0.636,-0.202,-0.455,0.084,0.185,-0.301,0.659,0.445,0.548,0.189,0.036,0.587,0.105,-0.003,0.28,0.487,-0.041,0.137,0.069,0.536,-0.307,0.593,0.052,-0.394,0.334,-0.223,-0.311,0.682,0.561,0.474,-0.25,-0.448,0.416,0.052,-0.498,0.515,0.351,0.448,-0.411,-0.072,-0.001,-0.485,0.433,0.455,0.549,0.529,0.055,0.613,-0.083,0.621,-0.444,-0.209,0.575,0.348,0.539
FTNT,0.645,0.487,0.558,-0.256,-0.244,0.381,-0.482,-0.472,-0.21,-0.31,-0.602,-0.443,0.723,0.616,0.358,-0.097,0.506,0.632,0.696,0.542,0.856,0.451,-0.553,0.458,0.689,0.37,1.0,0.709,-0.363,-0.568,0.241,0.096,0.086,0.443,0.705,0.308,0.305,-0.405,-0.617,0.515,-0.529,0.031,-0.5,-0.271,0.737,0.639,-0.56,-0.544,0.135,0.506,-0.549,0.461,0.506,0.53,-0.234,-0.312,0.594,-0.234,-0.349,0.208,0.421,0.176,-0.184,0.697,0.413,-0.352,0.663,0.075,-0.502,0.784,-0.312,-0.381,0.569,0.389,0.814,-0.382,-0.507,0.647,0.328,-0.558,0.744,0.552,0.058,-0.625,-0.327,-0.548,-0.633,0.776,0.226,0.875,0.579,-0.058,0.63,-0.507,0.733,-0.474,-0.305,0.749,-0.094,0.648
GEN,0.757,0.758,0.708,-0.206,-0.194,0.476,-0.336,-0.311,-0.143,-0.127,-0.551,-0.461,0.776,0.678,0.498,0.028,0.779,0.648,0.814,0.761,0.68,0.81,-0.348,0.573,0.862,0.505,0.709,1.0,-0.08,-0.382,0.315,-0.025,-0.047,0.752,0.777,0.67,0.419,-0.378,-0.449,0.256,-0.482,0.244,-0.272,-0.008,0.661,0.735,-0.257,-0.333,0.281,0.54,-0.409,0.703,0.659,0.43,-0.049,-0.213,0.648,0.108,-0.139,0.076,0.746,0.104,0.18,0.334,0.552,-0.374,0.594,0.191,-0.686,0.814,-0.086,-0.101,0.801,0.719,0.833,-0.317,-0.426,0.545,0.208,-0.402,0.735,0.662,0.322,-0.438,-0.146,-0.41,-0.454,0.859,0.565,0.659,0.614,-0.027,0.736,-0.298,0.73,-0.496,-0.077,0.753,0.315,0.796
GERN,-0.253,-0.088,-0.114,0.515,0.519,-0.024,0.525,0.586,0.406,0.367,0.419,0.583,-0.133,-0.213,0.099,0.377,-0.1,-0.34,0.021,0.234,-0.172,0.062,0.452,-0.273,-0.189,0.089,-0.363,-0.08,1.0,0.54,0.535,-0.05,-0.05,0.137,-0.124,0.496,0.075,0.695,0.447,-0.436,0.641,0.323,0.63,0.62,-0.081,-0.112,0.713,0.45,0.417,0.257,0.709,0.158,0.004,-0.435,0.566,0.596,-0.304,0.428,0.662,-0.097,0.198,0.406,0.719,-0.589,0.183,0.676,-0.343,0.308,0.097,-0.131,0.534,0.387,0.031,0.136,-0.315,0.504,0.582,-0.153,-0.181,0.492,-0.351,-0.231,0.208,0.45,0.491,0.718,0.506,-0.206,0.387,-0.27,0.311,0.357,-0.272,0.57,-0.066,0.437,0.615,-0.083,0.493,-0.11
GEVO,-0.474,-0.325,-0.359,0.262,0.278,-0.297,0.637,0.678,0.184,0.709,0.532,0.486,-0.573,-0.486,-0.406,0.175,-0.411,-0.669,-0.469,-0.259,-0.542,-0.267,0.622,-0.305,-0.493,-0.488,-0.568,-0.382,0.54,1.0,0.027,-0.179,-0.191,-0.336,-0.528,0.015,-0.338,0.677,0.618,-0.365,0.645,0.225,0.606,0.372,-0.504,-0.51,0.67,0.754,0.113,-0.064,0.736,-0.392,-0.388,-0.668,0.189,0.378,-0.598,0.374,0.53,-0.424,-0.131,0.134,0.459,-0.525,-0.282,0.645,-0.733,0.13,0.33,-0.359,0.567,0.681,-0.405,-0.155,-0.571,0.391,0.717,-0.537,-0.341,0.939,-0.598,-0.251,0.02,0.834,0.421,0.418,0.847,-0.511,-0.055,-0.591,-0.109,0.093,-0.516,0.518,-0.522,0.549,0.602,-0.463,0.097,-0.432
GILD,0.024,0.055,0.08,0.68,0.65,0.601,-0.086,0.051,0.645,-0.037,0.18,0.494,0.298,-0.023,0.425,0.515,0.037,-0.037,0.533,0.565,0.15,0.279,0.035,-0.208,0.219,0.168,0.241,0.315,0.535,0.027,1.0,0.445,0.444,0.391,0.271,0.553,0.52,0.446,0.214,0.187,0.387,0.598,0.401,0.703,0.519,0.137,0.35,0.183,0.847,0.642,0.34,0.481,0.553,-0.291,0.62,0.554,-0.125,0.186,0.355,0.347,0.358,0.788,0.488,-0.131,0.176,0.495,0.224,0.665,0.023,0.335,0.487,0.023,0.39,0.109,0.202,0.49,0.249,0.449,0.39,-0.052,0.139,-0.085,-0.158,-0.048,0.5,0.222,0.146,0.286,0.632,0.18,0.496,0.687,-0.019,0.139,0.291,0.379,0.41,0.18,0.313,0.326
GOOG,-0.093,-0.247,-0.194,0.459,0.514,0.654,-0.255,-0.259,0.721,-0.341,0.434,0.368,0.203,-0.227,0.229,0.437,-0.165,-0.106,0.127,0.242,-0.03,-0.142,-0.144,-0.263,0.099,-0.016,0.096,-0.025,-0.05,-0.179,0.445,1.0,0.99,-0.004,0.188,-0.042,0.458,0.157,0.266,0.337,0.1,0.244,0.142,0.414,0.327,-0.087,0.004,0.106,0.571,0.238,0.043,0.197,0.366,-0.024,0.358,0.214,-0.159,-0.159,-0.113,0.738,0.049,0.46,-0.026,-0.041,-0.21,0.236,0.473,0.387,0.598,0.036,0.155,-0.312,0.167,-0.328,0.056,0.532,0.066,0.504,0.631,-0.263,0.02,-0.399,-0.489,-0.116,0.229,-0.054,0.039,-0.041,0.266,0.043,0.023,0.703,-0.086,-0.266,0.007,0.378,0.047,-0.151,-0.199,0.032
GOOGL,-0.113,-0.257,-0.228,0.466,0.5,0.637,-0.249,-0.262,0.716,-0.348,0.455,0.395,0.184,-0.228,0.212,0.403,-0.179,-0.109,0.126,0.218,-0.044,-0.156,-0.134,-0.302,0.049,-0.021,0.086,-0.047,-0.05,-0.191,0.444,0.99,1.0,-0.026,0.161,-0.067,0.431,0.153,0.279,0.311,0.136,0.212,0.143,0.404,0.31,-0.106,-0.007,0.097,0.55,0.223,0.049,0.176,0.35,-0.024,0.368,0.229,-0.176,-0.164,-0.103,0.728,0.037,0.455,-0.052,-0.05,-0.238,0.235,0.466,0.384,0.61,0.028,0.137,-0.324,0.128,-0.353,0.036,0.515,0.071,0.491,0.593,-0.274,0.033,-0.417,-0.513,-0.121,0.258,-0.051,0.022,-0.035,0.231,0.03,0.002,0.683,-0.109,-0.229,-0.007,0.379,0.034,-0.163,-0.191,0.021
GT,0.56,0.573,0.686,-0.095,-0.052,0.417,-0.241,-0.119,-0.048,-0.147,-0.314,-0.209,0.633,0.48,0.464,0.045,0.636,0.485,0.677,0.771,0.529,0.762,-0.273,0.395,0.733,0.514,0.443,0.752,0.137,-0.336,0.391,-0.004,-0.026,1.0,0.706,0.712,0.468,-0.157,-0.357,0.113,-0.263,0.124,-0.164,0.106,0.598,0.525,-0.09,-0.364,0.289,0.456,-0.278,0.676,0.568,0.208,0.136,-0.116,0.365,-0.008,-0.02,0.002,0.684,0.201,0.249,0.045,0.739,-0.178,0.43,0.11,-0.537,0.618,-0.104,0.029,0.765,0.676,0.552,-0.065,-0.313,0.483,0.209,-0.313,0.573,0.378,0.257,-0.256,-0.087,-0.113,-0.317,0.679,0.733,0.525,0.479,0.107,0.585,-0.09,0.578,-0.442,0.017,0.574,0.511,0.587
HBAN,0.809,0.628,0.726,-0.256,-0.171,0.486,-0.278,-0.357,-0.067,-0.347,-0.493,-0.446,0.914,0.634,0.597,0.035,0.679,0.708,0.72,0.832,0.797,0.657,-0.479,0.621,0.922,0.603,0.705,0.777,-0.124,-0.528,0.271,0.188,0.161,0.706,1.0,0.585,0.546,-0.422,-0.597,0.355,-0.509,-0.038,-0.429,-0.096,0.815,0.651,-0.405,-0.564,0.183,0.426,-0.49,0.7,0.626,0.566,-0.009,-0.254,0.672,-0.192,-0.29,0.262,0.568,0.098,0.017,0.438,0.7,-0.411,0.698,0.007,-0.475,0.723,-0.321,-0.349,0.855,0.494,0.775,-0.112,-0.533,0.688,0.248,-0.521,0.77,0.541,0.201,-0.533,-0.309,-0.433,-0.593,0.752,0.587,0.819,0.513,0.068,0.835,-0.425,0.844,-0.562,-0.297,0.828,0.158,0.601
HST,0.503,0.51,0.478,0.246,0.182,0.373,0.104,0.202,0.194,0.084,-0.178,0.028,0.497,0.456,0.48,0.304,0.546,0.347,0.686,0.832,0.396,0.658,0.002,0.29,0.625,0.486,0.308,0.67,0.496,0.015,0.553,-0.042,-0.067,0.712,0.585,1.0,0.37,0.208,-0.124,-0.034,0.053,0.433,0.254,0.435,0.413,0.506,0.294,0.071,0.447,0.607,0.184,0.633,0.606,0.031,0.429,0.27,0.286,0.337,0.363,-0.009,0.68,0.356,0.676,-0.069,0.569,0.171,0.252,0.37,-0.479,0.467,0.314,0.171,0.714,0.578,0.439,0.09,0.002,0.367,0.036,0.041,0.408,0.375,0.348,-0.042,0.223,0.077,-0.009,0.598,0.771,0.397,0.66,0.226,0.46,0.12,0.477,-0.055,0.376,0.492,0.608,0.591
INTC,0.323,0.234,0.39,0.252,0.445,0.63,-0.272,-0.141,0.469,-0.48,-0.089,0.01,0.591,0.073,0.718,0.514,0.185,0.304,0.452,0.587,0.316,0.425,-0.333,0.046,0.539,0.41,0.305,0.419,0.075,-0.338,0.52,0.458,0.431,0.468,0.546,0.37,1.0,-0.03,-0.121,0.415,-0.192,0.206,-0.132,0.344,0.616,0.115,-0.062,-0.255,0.48,0.36,-0.175,0.774,0.538,0.028,0.464,0.205,0.134,-0.182,-0.069,0.513,0.274,0.397,0.153,0.022,0.365,0.0,0.478,0.389,-0.057,0.325,0.003,-0.33,0.639,0.231,0.477,0.357,-0.205,0.533,0.55,-0.414,0.418,0.058,-0.172,-0.324,0.025,-0.148,-0.225,0.3,0.703,0.404,0.318,0.482,0.339,-0.19,0.44,-0.083,-0.129,0.321,0.118,0.365
IOVA,-0.492,-0.389,-0.468,0.668,0.623,0.019,0.541,0.745,0.543,0.329,0.688,0.723,-0.457,-0.463,-0.099,0.481,-0.394,-0.621,-0.166,-0.017,-0.428,-0.233,0.542,-0.522,-0.426,-0.257,-0.405,-0.378,0.695,0.677,0.446,0.157,0.153,-0.157,-0.422,0.208,-0.03,1.0,0.698,-0.235,0.738,0.434,0.793,0.65,-0.299,-0.425,0.773,0.639,0.393,0.188,0.861,-0.17,-0.089,-0.713,0.552,0.629,-0.642,0.406,0.62,-0.07,-0.069,0.599,0.621,-0.547,-0.199,0.917,-0.455,0.485,0.455,-0.331,0.686,0.409,-0.241,-0.231,-0.496,0.626,0.82,-0.263,-0.005,0.645,-0.495,-0.463,-0.124,0.556,0.612,0.606,0.69,-0.367,0.241,-0.441,0.164,0.513,-0.575,0.567,-0.483,0.75,0.759,-0.456,0.276,-0.269
IQ,-0.611,-0.399,-0.623,0.544,0.49,-0.08,0.46,0.487,0.614,0.262,0.845,0.662,-0.539,-0.579,-0.116,0.35,-0.445,-0.674,-0.326,-0.282,-0.709,-0.369,0.496,-0.576,-0.577,-0.457,-0.617,-0.449,0.447,0.618,0.214,0.266,0.279,-0.357,-0.597,-0.124,-0.121,0.698,1.0,-0.257,0.679,0.275,0.752,0.612,-0.46,-0.5,0.709,0.776,0.248,-0.13,0.738,-0.382,-0.225,-0.634,0.472,0.522,-0.581,0.443,0.426,0.073,-0.149,0.35,0.359,-0.648,-0.508,0.622,-0.43,0.472,0.686,-0.503,0.596,0.434,-0.447,-0.47,-0.627,0.615,0.743,-0.36,-0.078,0.576,-0.612,-0.607,-0.231,0.589,0.576,0.482,0.695,-0.494,0.038,-0.713,-0.248,0.492,-0.725,0.54,-0.633,0.649,0.644,-0.656,0.178,-0.325
JBLU,0.343,-0.036,0.081,0.018,-0.039,0.459,-0.266,-0.445,0.15,-0.378,-0.312,-0.197,0.369,0.106,0.236,0.222,0.04,0.215,0.324,0.306,0.22,0.065,-0.457,0.029,0.384,-0.042,0.515,0.256,-0.436,-0.365,0.187,0.337,0.311,0.113,0.355,-0.034,0.415,-0.235,-0.257,1.0,-0.371,0.191,-0.255,-0.059,0.471,0.138,-0.36,-0.208,0.129,0.244,-0.388,0.164,0.319,0.11,-0.083,-0.105,0.108,-0.264,-0.492,0.355,-0.069,0.276,-0.274,0.491,-0.01,-0.189,0.456,0.294,-0.04,0.373,-0.026,-0.353,0.291,-0.156,0.464,0.033,-0.169,0.445,0.521,-0.358,0.411,0.132,-0.443,-0.335,-0.091,-0.528,-0.25,0.33,0.132,0.36,0.097,0.242,0.304,-0.503,0.212,-0.133,-0.217,0.249,-0.424,0.325
JD,-0.53,-0.394,-0.461,0.611,0.585,-0.075,0.394,0.612,0.49,0.446,0.701,0.883,-0.504,-0.523,-0.271,0.286,-0.507,-0.632,-0.262,-0.189,-0.552,-0.379,0.567,-0.482,-0.57,-0.365,-0.529,-0.482,0.641,0.645,0.387,0.1,0.136,-0.263,-0.509,0.053,-0.192,0.738,0.679,-0.371,1.0,0.235,0.685,0.554,-0.376,-0.484,0.704,0.638,0.355,-0.035,0.792,-0.292,-0.117,-0.657,0.522,0.593,-0.636,0.3,0.702,-0.151,-0.181,0.413,0.491,-0.58,-0.289,0.707,-0.544,0.256,0.461,-0.394,0.517,0.455,-0.413,-0.332,-0.635,0.537,0.61,-0.291,-0.239,0.643,-0.525,-0.489,-0.158,0.568,0.593,0.611,0.666,-0.402,0.029,-0.509,-0.148,0.377,-0.594,0.688,-0.485,0.71,0.612,-0.504,0.312,-0.434
KDP,-0.018,-0.034,-0.162,0.656,0.495,0.483,0.056,0.103,0.505,0.256,0.112,0.343,-0.033,-0.111,0.166,0.568,0.068,-0.143,0.331,0.321,-0.191,0.189,0.163,-0.249,0.127,0.05,0.031,0.244,0.323,0.225,0.598,0.244,0.212,0.124,-0.038,0.433,0.206,0.434,0.275,0.191,0.235,1.0,0.605,0.654,0.086,0.079,0.447,0.511,0.703,0.587,0.429,0.253,0.475,-0.404,0.432,0.497,-0.17,0.49,0.319,0.167,0.248,0.509,0.57,-0.141,-0.228,0.474,0.08,0.706,-0.025,0.167,0.807,0.209,0.245,0.164,0.099,0.193,0.348,0.044,0.296,0.193,-0.025,-0.017,-0.037,0.168,0.571,0.105,0.374,0.127,0.382,-0.171,0.382,0.463,-0.102,0.06,-0.103,0.558,0.53,-0.087,0.145,0.332
KHC,-0.397,-0.282,-0.482,0.743,0.549,0.023,0.473,0.533,0.607,0.452,0.642,0.667,-0.47,-0.394,-0.076,0.473,-0.191,-0.595,-0.084,-0.006,-0.604,-0.145,0.639,-0.436,-0.386,-0.22,-0.5,-0.272,0.63,0.606,0.401,0.142,0.143,-0.164,-0.429,0.254,-0.132,0.793,0.752,-0.255,0.685,0.605,1.0,0.754,-0.403,-0.265,0.877,0.806,0.421,0.126,0.873,-0.21,0.007,-0.609,0.566,0.633,-0.462,0.576,0.638,-0.029,0.07,0.429,0.679,-0.558,-0.377,0.721,-0.356,0.544,0.404,-0.348,0.889,0.48,-0.238,-0.188,-0.477,0.513,0.802,-0.305,-0.079,0.61,-0.46,-0.309,0.032,0.55,0.707,0.565,0.71,-0.281,0.241,-0.578,0.007,0.539,-0.527,0.599,-0.483,0.742,0.874,-0.478,0.32,-0.121
LRCX,-0.265,-0.14,-0.236,0.878,0.752,0.386,0.178,0.341,0.823,0.162,0.532,0.635,-0.082,-0.219,0.296,0.594,-0.131,-0.353,0.189,0.27,-0.339,0.048,0.265,-0.397,-0.094,-0.008,-0.271,-0.008,0.62,0.372,0.703,0.414,0.404,0.106,-0.096,0.435,0.344,0.65,0.612,-0.059,0.554,0.654,0.754,1.0,-0.016,-0.099,0.716,0.617,0.73,0.372,0.663,0.284,0.314,-0.511,0.793,0.722,-0.335,0.453,0.533,0.344,0.21,0.598,0.681,-0.544,-0.113,0.665,-0.051,0.733,0.342,-0.142,0.744,0.264,0.114,-0.062,-0.217,0.636,0.512,0.085,0.19,0.327,-0.26,-0.331,-0.149,0.377,0.665,0.379,0.522,-0.117,0.543,-0.301,0.216,0.741,-0.343,0.362,-0.178,0.638,0.64,-0.253,0.326,0.068
LYFT,0.515,0.382,0.515,-0.084,0.004,0.591,-0.362,-0.452,0.095,-0.369,-0.378,-0.232,0.772,0.406,0.508,0.103,0.439,0.572,0.638,0.699,0.722,0.49,-0.496,0.305,0.712,0.418,0.737,0.661,-0.081,-0.504,0.519,0.327,0.31,0.598,0.815,0.413,0.616,-0.299,-0.46,0.471,-0.376,0.086,-0.403,-0.016,1.0,0.473,-0.417,-0.522,0.378,0.533,-0.401,0.627,0.607,0.342,0.004,-0.155,0.42,-0.248,-0.323,0.345,0.421,0.389,-0.102,0.461,0.495,-0.229,0.661,0.186,-0.298,0.772,-0.232,-0.404,0.675,0.305,0.688,0.067,-0.376,0.697,0.432,-0.562,0.63,0.298,-0.062,-0.543,-0.175,-0.383,-0.525,0.612,0.521,0.707,0.539,0.219,0.548,-0.489,0.807,-0.375,-0.271,0.721,0.017,0.556
MARA,0.657,0.635,0.553,-0.233,-0.304,0.189,-0.382,-0.345,-0.239,-0.199,-0.471,-0.529,0.621,0.898,0.381,-0.151,0.811,0.711,0.694,0.534,0.65,0.535,-0.315,0.529,0.683,0.636,0.639,0.735,-0.112,-0.51,0.137,-0.087,-0.106,0.525,0.651,0.506,0.115,-0.425,-0.5,0.138,-0.484,0.079,-0.265,-0.099,0.473,1.0,-0.292,-0.405,0.059,0.318,-0.446,0.5,0.481,0.73,-0.091,-0.187,0.753,0.182,-0.083,0.138,0.684,-0.021,0.118,0.338,0.485,-0.47,0.641,0.041,-0.578,0.587,-0.209,-0.241,0.61,0.583,0.685,-0.468,-0.471,0.595,-0.003,-0.503,0.563,0.654,0.469,-0.527,-0.177,-0.241,-0.552,0.702,0.304,0.64,0.598,-0.071,0.693,-0.217,0.659,-0.557,-0.105,0.697,0.313,0.748
MCHP,-0.367,-0.207,-0.297,0.634,0.587,-0.09,0.448,0.624,0.535,0.496,0.607,0.622,-0.421,-0.4,-0.037,0.433,-0.236,-0.542,-0.158,-0.04,-0.548,-0.118,0.692,-0.373,-0.35,-0.202,-0.56,-0.257,0.713,0.67,0.35,0.004,-0.007,-0.09,-0.405,0.294,-0.062,0.773,0.709,-0.36,0.704,0.447,0.877,0.716,-0.417,-0.292,1.0,0.76,0.391,0.013,0.83,-0.115,-0.078,-0.59,0.64,0.677,-0.426,0.592,0.728,-0.104,0.043,0.325,0.771,-0.635,-0.214,0.684,-0.495,0.428,0.307,-0.361,0.748,0.555,-0.213,-0.145,-0.51,0.546,0.696,-0.342,-0.205,0.685,-0.564,-0.268,0.143,0.666,0.622,0.684,0.723,-0.295,0.302,-0.531,-0.022,0.489,-0.437,0.727,-0.423,0.624,0.836,-0.435,0.477,-0.184
MDLZ,-0.498,-0.378,-0.505,0.565,0.435,-0.08,0.472,0.429,0.507,0.524,0.597,0.594,-0.543,-0.495,-0.244,0.338,-0.41,-0.648,-0.304,-0.199,-0.669,-0.312,0.54,-0.447,-0.465,-0.455,-0.544,-0.333,0.45,0.754,0.183,0.106,0.097,-0.364,-0.564,0.071,-0.255,0.639,0.776,-0.208,0.638,0.511,0.806,0.617,-0.522,-0.405,0.76,1.0,0.318,0.024,0.775,-0.336,-0.151,-0.654,0.405,0.569,-0.547,0.48,0.527,-0.095,-0.095,0.21,0.506,-0.511,-0.547,0.642,-0.491,0.457,0.441,-0.441,0.789,0.528,-0.356,-0.312,-0.516,0.423,0.694,-0.381,-0.138,0.739,-0.59,-0.346,-0.127,0.737,0.599,0.363,0.806,-0.425,-0.025,-0.655,-0.179,0.354,-0.576,0.433,-0.592,0.731,0.707,-0.614,0.12,-0.206
META,-0.039,0.028,0.042,0.694,0.7,0.721,-0.165,0.035,0.663,0.046,0.258,0.492,0.207,-0.134,0.273,0.533,-0.024,-0.132,0.377,0.457,0.018,0.228,0.061,-0.184,0.201,0.084,0.135,0.281,0.417,0.113,0.847,0.571,0.55,0.289,0.183,0.447,0.48,0.393,0.248,0.129,0.355,0.703,0.421,0.73,0.378,0.059,0.391,0.318,1.0,0.614,0.337,0.484,0.597,-0.305,0.582,0.513,-0.159,0.234,0.343,0.398,0.33,0.645,0.492,-0.198,0.02,0.486,0.213,0.586,0.115,0.275,0.561,0.085,0.315,0.128,0.15,0.448,0.194,0.367,0.418,0.037,0.022,-0.14,-0.174,0.093,0.442,0.142,0.273,0.18,0.561,0.048,0.377,0.631,-0.034,0.08,0.146,0.498,0.378,0.031,0.239,0.226
MNST,0.271,0.227,0.239,0.365,0.237,0.614,-0.07,-0.092,0.245,-0.038,-0.175,0.13,0.396,0.263,0.312,0.27,0.26,0.203,0.597,0.665,0.443,0.495,-0.242,0.004,0.432,0.185,0.506,0.54,0.257,-0.064,0.642,0.238,0.223,0.456,0.426,0.607,0.36,0.188,-0.13,0.244,-0.035,0.587,0.126,0.372,0.533,0.318,0.013,0.024,0.614,1.0,0.069,0.499,0.596,-0.047,0.244,0.188,0.118,0.173,0.082,0.213,0.502,0.538,0.341,0.154,0.293,0.303,0.348,0.463,-0.279,0.537,0.364,0.076,0.522,0.363,0.471,0.098,0.033,0.418,0.456,-0.073,0.382,0.176,-0.078,-0.144,0.151,-0.109,-0.011,0.483,0.476,0.369,0.713,0.213,0.236,-0.202,0.367,0.141,0.225,0.419,0.107,0.498
MRNA,-0.517,-0.336,-0.517,0.653,0.573,-0.088,0.626,0.707,0.502,0.533,0.675,0.72,-0.546,-0.476,-0.191,0.343,-0.376,-0.667,-0.254,-0.137,-0.545,-0.282,0.644,-0.454,-0.519,-0.301,-0.549,-0.409,0.709,0.736,0.34,0.043,0.049,-0.278,-0.49,0.184,-0.175,0.861,0.738,-0.388,0.792,0.429,0.873,0.663,-0.401,-0.446,0.83,0.775,0.337,0.069,1.0,-0.279,-0.097,-0.69,0.492,0.613,-0.563,0.497,0.721,-0.165,-0.098,0.388,0.653,-0.526,-0.324,0.808,-0.567,0.39,0.444,-0.384,0.73,0.475,-0.351,-0.262,-0.582,0.576,0.805,-0.4,-0.208,0.72,-0.571,-0.388,-0.002,0.632,0.597,0.555,0.746,-0.43,0.123,-0.555,-0.015,0.419,-0.623,0.618,-0.457,0.794,0.798,-0.469,0.261,-0.308
MRVL,0.513,0.533,0.623,0.139,0.254,0.583,-0.343,-0.16,0.208,-0.363,-0.333,-0.177,0.734,0.449,0.683,0.293,0.524,0.567,0.671,0.716,0.549,0.69,-0.355,0.322,0.726,0.659,0.461,0.703,0.158,-0.392,0.481,0.197,0.176,0.676,0.7,0.633,0.774,-0.17,-0.382,0.164,-0.292,0.253,-0.21,0.284,0.627,0.5,-0.115,-0.336,0.484,0.499,-0.279,1.0,0.65,0.279,0.366,0.117,0.432,-0.024,0.012,0.372,0.557,0.226,0.304,0.049,0.595,-0.115,0.572,0.274,-0.447,0.497,-0.039,-0.265,0.803,0.631,0.657,-0.016,-0.401,0.569,0.335,-0.445,0.562,0.347,0.179,-0.355,-0.014,-0.126,-0.389,0.558,0.702,0.563,0.589,0.22,0.593,-0.221,0.618,-0.259,-0.176,0.562,0.341,0.562
MSFT,0.563,0.56,0.341,0.271,0.206,0.784,-0.325,-0.181,0.283,-0.259,-0.19,-0.017,0.577,0.376,0.46,0.219,0.526,0.41,0.803,0.708,0.391,0.592,-0.24,0.267,0.664,0.445,0.506,0.659,0.004,-0.388,0.553,0.366,0.35,0.568,0.626,0.606,0.538,-0.089,-0.225,0.319,-0.117,0.475,0.007,0.314,0.607,0.481,-0.078,-0.151,0.597,0.596,-0.097,0.65,1.0,0.182,0.275,0.015,0.374,0.178,0.043,0.295,0.522,0.376,0.327,0.185,0.32,-0.125,0.586,0.324,-0.317,0.549,0.148,-0.132,0.641,0.367,0.591,0.021,-0.278,0.518,0.322,-0.366,0.617,0.275,0.093,-0.435,0.128,-0.294,-0.302,0.684,0.632,0.461,0.467,0.339,0.518,-0.195,0.489,-0.054,0.056,0.482,0.342,0.588
MSTR,0.611,0.515,0.528,-0.53,-0.489,0.004,-0.43,-0.507,-0.424,-0.386,-0.497,-0.673,0.589,0.727,0.272,-0.386,0.603,0.722,0.342,0.18,0.659,0.27,-0.414,0.587,0.501,0.548,0.53,0.43,-0.435,-0.668,-0.291,-0.024,-0.024,0.208,0.566,0.031,0.028,-0.713,-0.634,0.11,-0.657,-0.404,-0.609,-0.511,0.342,0.73,-0.59,-0.654,-0.305,-0.047,-0.69,0.279,0.182,1.0,-0.37,-0.465,0.841,-0.163,-0.4,0.263,0.331,-0.394,-0.328,0.492,0.406,-0.728,0.612,-0.379,-0.383,0.353,-0.617,-0.454,0.371,0.318,0.56,-0.56,-0.702,0.477,-0.018,-0.629,0.51,0.567,0.358,-0.591,-0.576,-0.321,-0.732,0.486,-0.088,0.631,0.235,-0.327,0.706,-0.39,0.62,-0.696,-0.514,0.655,-0.054,0.397
MU,-0.145,-0.111,-0.088,0.732,0.774,0.242,0.086,0.291,0.789,-0.078,0.457,0.583,0.036,-0.172,0.47,0.592,-0.124,-0.108,0.215,0.293,-0.242,0.091,0.213,-0.381,-0.017,0.189,-0.234,-0.049,0.566,0.189,0.62,0.358,0.368,0.136,-0.009,0.429,0.464,0.552,0.472,-0.083,0.522,0.432,0.566,0.793,0.004,-0.091,0.64,0.405,0.582,0.244,0.492,0.366,0.275,-0.37,1.0,0.833,-0.263,0.305,0.555,0.385,0.135,0.485,0.599,-0.486,-0.012,0.53,0.005,0.639,0.279,-0.19,0.498,0.146,0.22,-0.091,-0.161,0.561,0.259,0.149,0.135,0.155,-0.165,-0.323,-0.096,0.281,0.654,0.444,0.406,-0.046,0.576,-0.134,0.184,0.678,-0.175,0.46,-0.114,0.45,0.434,-0.213,0.464,0.152
MVIS,-0.342,-0.361,-0.261,0.725,0.758,0.052,0.251,0.309,0.682,0.13,0.454,0.625,-0.179,-0.249,0.253,0.553,-0.314,-0.252,-0.018,0.073,-0.339,-0.179,0.287,-0.541,-0.25,0.036,-0.312,-0.213,0.596,0.378,0.554,0.214,0.229,-0.116,-0.254,0.27,0.205,0.629,0.522,-0.105,0.593,0.497,0.633,0.722,-0.155,-0.187,0.677,0.569,0.513,0.188,0.613,0.117,0.015,-0.465,0.833,1.0,-0.431,0.341,0.591,0.24,-0.007,0.432,0.549,-0.416,-0.232,0.678,-0.194,0.625,0.313,-0.246,0.573,0.114,0.006,-0.21,-0.324,0.545,0.426,0.04,0.066,0.302,-0.398,-0.331,-0.211,0.413,0.703,0.439,0.51,-0.254,0.279,-0.258,0.164,0.58,-0.36,0.478,-0.238,0.598,0.506,-0.344,0.3,0.058
NFLX,0.749,0.779,0.677,-0.431,-0.448,0.084,-0.356,-0.42,-0.37,-0.277,-0.62,-0.68,0.711,0.71,0.465,-0.28,0.763,0.76,0.572,0.363,0.695,0.537,-0.349,0.727,0.684,0.587,0.594,0.648,-0.304,-0.598,-0.125,-0.159,-0.176,0.365,0.672,0.286,0.134,-0.642,-0.581,0.108,-0.636,-0.17,-0.462,-0.335,0.42,0.753,-0.426,-0.547,-0.159,0.118,-0.563,0.432,0.374,0.841,-0.263,-0.431,1.0,0.017,-0.35,0.198,0.466,-0.32,-0.111,0.492,0.51,-0.696,0.564,-0.206,-0.593,0.484,-0.396,-0.263,0.53,0.477,0.66,-0.545,-0.656,0.325,-0.06,-0.521,0.645,0.692,0.55,-0.561,-0.508,-0.322,-0.705,0.687,0.152,0.645,0.332,-0.303,0.775,-0.33,0.735,-0.671,-0.357,0.785,0.116,0.548
NNDM,0.002,0.209,-0.15,0.332,0.191,0.004,0.254,0.362,0.168,0.334,0.287,0.172,-0.21,0.087,-0.032,0.091,0.229,-0.114,0.167,0.046,-0.245,0.177,0.393,-0.088,-0.084,0.105,-0.234,0.108,0.428,0.374,0.186,-0.159,-0.164,-0.008,-0.192,0.337,-0.182,0.406,0.443,-0.264,0.3,0.49,0.576,0.453,-0.248,0.182,0.592,0.48,0.234,0.173,0.497,-0.024,0.178,-0.163,0.305,0.341,0.017,1.0,0.486,-0.139,0.361,0.148,0.614,-0.337,-0.123,0.255,-0.136,0.361,-0.038,-0.053,0.547,0.488,-0.061,0.136,-0.158,0.053,0.374,-0.271,-0.331,0.402,-0.181,0.011,0.374,0.304,0.429,0.329,0.352,0.032,0.174,-0.33,0.255,0.154,-0.101,0.488,-0.162,0.275,0.598,-0.027,0.475,0.175
NVAX,-0.217,-0.061,-0.126,0.498,0.566,-0.117,0.259,0.587,0.323,0.467,0.434,0.555,-0.344,-0.098,-0.104,0.213,-0.154,-0.367,-0.021,-0.006,-0.278,-0.015,0.596,-0.179,-0.288,-0.003,-0.349,-0.139,0.662,0.53,0.355,-0.113,-0.103,-0.02,-0.29,0.363,-0.069,0.62,0.426,-0.492,0.702,0.319,0.638,0.533,-0.323,-0.083,0.728,0.527,0.343,0.082,0.721,0.012,0.043,-0.4,0.555,0.591,-0.35,0.486,1.0,-0.267,0.157,0.221,0.766,-0.467,-0.083,0.564,-0.433,0.214,0.081,-0.217,0.496,0.475,-0.098,0.093,-0.262,0.258,0.413,-0.095,-0.288,0.502,-0.354,-0.026,0.269,0.458,0.536,0.558,0.573,-0.167,0.211,-0.2,0.116,0.317,-0.285,0.747,-0.237,0.517,0.669,-0.273,0.525,-0.104
NVDA,0.028,-0.131,-0.022,0.376,0.349,0.45,-0.349,-0.386,0.616,-0.524,0.119,0.131,0.421,0.002,0.557,0.409,-0.012,0.197,0.208,0.202,0.162,-0.076,-0.359,-0.203,0.176,0.28,0.208,0.076,-0.097,-0.424,0.347,0.738,0.728,0.002,0.262,-0.009,0.513,-0.07,0.073,0.355,-0.151,0.167,-0.029,0.344,0.345,0.138,-0.104,-0.095,0.398,0.213,-0.165,0.372,0.295,0.263,0.385,0.24,0.198,-0.139,-0.267,1.0,0.003,0.319,-0.115,0.007,-0.04,0.039,0.616,0.446,0.367,0.022,0.005,-0.462,0.269,-0.214,0.159,0.308,-0.156,0.531,0.607,-0.455,0.108,-0.258,-0.362,-0.253,0.017,-0.029,-0.169,0.053,0.244,0.194,0.181,0.519,0.066,-0.368,0.2,0.102,-0.176,0.091,-0.225,0.179
NWL,0.53,0.66,0.562,0.003,0.003,0.381,-0.187,-0.066,0.0,0.055,-0.126,-0.217,0.499,0.581,0.317,0.021,0.757,0.431,0.669,0.68,0.465,0.714,-0.068,0.43,0.621,0.487,0.421,0.746,0.198,-0.131,0.358,0.049,0.037,0.684,0.568,0.68,0.274,-0.069,-0.149,-0.069,-0.181,0.248,0.07,0.21,0.421,0.684,0.043,-0.095,0.33,0.502,-0.098,0.557,0.522,0.331,0.135,-0.007,0.466,0.361,0.157,0.003,1.0,0.159,0.39,0.028,0.496,-0.129,0.46,0.171,-0.423,0.601,0.125,0.107,0.593,0.71,0.518,-0.113,-0.135,0.415,0.044,-0.166,0.489,0.493,0.413,-0.236,0.036,-0.071,-0.208,0.619,0.559,0.396,0.61,0.1,0.524,0.048,0.53,-0.277,0.234,0.564,0.555,0.654
OCGN,-0.118,-0.158,-0.176,0.628,0.538,0.498,0.048,0.269,0.617,-0.055,0.343,0.532,0.098,-0.125,0.265,0.586,-0.109,-0.197,0.3,0.394,0.018,0.034,0.052,-0.372,0.047,-0.041,0.176,0.104,0.406,0.134,0.788,0.46,0.455,0.201,0.098,0.356,0.397,0.599,0.35,0.276,0.413,0.509,0.429,0.598,0.389,-0.021,0.325,0.21,0.645,0.538,0.388,0.226,0.376,-0.394,0.485,0.432,-0.32,0.148,0.221,0.319,0.159,1.0,0.372,-0.169,0.059,0.607,0.136,0.707,0.254,0.186,0.488,0.018,0.177,-0.1,0.029,0.565,0.458,0.34,0.411,0.095,0.042,-0.271,-0.332,-0.001,0.431,0.211,0.219,0.129,0.527,0.037,0.434,0.649,-0.201,0.091,0.021,0.43,0.453,0.017,0.157,0.167
