,AAL,AAPL,AGNC,AMAT,AMD,AMZN,APA,ARDX,AVGO,AZN,BIDU,BILI,BKR,CAN,CHRD,CMCSA,CPRT,CRWD,CSCO,CSX,DKNG,EBAY,ERIC,EXC,FITB,FLEX,FTNT,GEN,GERN,GEVO,GILD,GOOG,GOOGL,GT,HBAN,HST,INTC,IOVA,IQ,JBLU,JD,KDP,KHC,LRCX,LYFT,MARA,MCHP,MDLZ,META,MNST,MRNA,MRVL,MSFT,MSTR,MU,MVIS,NFLX,NNDM,NVAX,NVDA,NWL,OCGN,ON,OPK,PAA,PACB,PANW,PARA,PDD,PENN,PEP,PLUG,PTEN,PTON,PYPL,QCOM,QVCGA,RIOT,ROKU,RUN,SABR,SBUX,SMCI,SNDL,STNE,TCOM,TLRY,TMUS,TSCO,TSLA,TTD,TXN,UAL,VOD,VTRS,VXRT,WBA,WBD,WDC,ZM
AAL,1.0,0.208,0.527,-0.021,-0.313,0.091,-0.307,0.313,-0.149,0.387,0.28,0.358,0.104,-0.476,-0.234,0.152,0.003,0.197,-0.08,-0.067,-0.206,-0.236,0.647,0.412,0.514,0.165,-0.539,-0.045,0.152,0.494,-0.278,0.333,0.342,0.195,0.472,-0.558,-0.321,0.145,0.281,-0.027,0.39,0.509,-0.116,-0.253,-0.197,0.557,0.247,0.411,0.061,0.084,0.291,-0.093,0.028,0.019,-0.025,-0.116,-0.019,-0.437,0.191,0.064,0.312,0.111,0.148,0.194,0.511,-0.206,0.474,0.476,0.44,-0.1,0.618,-0.153,-0.14,0.286,-0.121,0.156,-0.353,0.384,0.224,0.237,-0.004,-0.304,-0.352,0.25,0.39,0.385,0.014,0.353,0.412,0.042,0.181,0.362,0.756,0.398,0.068,-0.395,-0.129,-0.102,0.083,0.172
AAPL,0.208,1.0,0.672,0.559,0.035,0.671,-0.457,0.892,0.368,0.625,0.743,0.66,-0.159,-0.178,-0.208,-0.338,0.637,0.847,-0.281,-0.198,0.638,-0.251,0.359,0.371,0.533,0.394,-0.552,0.005,0.312,0.465,-0.504,0.557,0.571,0.734,0.57,-0.307,-0.594,0.643,0.617,-0.523,0.678,0.46,-0.528,0.194,0.311,0.425,0.581,0.218,-0.216,0.686,0.778,0.539,0.255,0.078,0.473,0.342,0.326,0.028,0.403,0.63,0.552,0.478,0.611,0.463,0.186,0.356,0.596,0.626,0.686,-0.434,0.328,0.224,-0.372,0.759,0.297,0.82,-0.447,0.019,0.187,0.713,0.262,-0.623,-0.033,0.676,0.701,0.765,0.464,0.197,0.418,0.474,0.674,0.592,0.09,0.203,0.396,-0.132,-0.474,-0.324,0.539,0.45
AGNC,0.527,0.672,1.0,0.461,-0.139,0.562,-0.548,0.619,0.26,0.738,0.68,0.725,0.068,-0.306,-0.326,-0.282,0.568,0.627,-0.275,-0.249,0.202,-0.231,0.624,0.546,0.696,0.291,-0.746,-0.021,0.392,0.602,-0.488,0.691,0.708,0.578,0.773,-0.428,-0.621,0.572,0.662,-0.43,0.751,0.71,-0.393,0.051,-0.015,0.579,0.593,0.601,-0.181,0.377,0.676,0.393,0.192,-0.042,0.29,0.22,0.14,-0.174,0.462,0.523,0.719,0.297,0.656,0.419,0.384,0.203,0.691,0.596,0.746,-0.363,0.68,-0.053,-0.486,0.599,0.272,0.645,-0.608,0.388,0.349,0.621,0.337,-0.601,-0.24,0.646,0.792,0.638,0.449,0.483,0.691,0.522,0.646,0.759,0.367,0.467,0.4,-0.39,-0.463,-0.415,0.525,0.603
AMAT,-0.021,0.559,0.461,1.0,0.616,0.651,-0.226,0.464,0.816,0.235,0.33,0.306,0.064,0.372,0.138,-0.306,0.695,0.645,0.04,0.272,0.667,-0.116,0.086,-0.098,0.271,0.454,-0.468,0.054,0.084,0.229,-0.183,0.349,0.365,0.509,0.441,-0.048,-0.244,0.385,0.178,-0.22,0.367,0.225,-0.454,0.822,0.467,0.178,0.443,0.049,0.031,0.602,0.351,0.785,0.584,0.329,0.888,0.269,0.686,0.094,0.296,0.872,0.413,0.634,0.568,0.216,0.059,0.443,0.311,0.032,0.316,-0.34,0.125,0.259,-0.154,0.461,0.161,0.624,-0.396,-0.075,0.067,0.583,-0.014,-0.375,0.511,0.402,0.653,0.348,0.275,-0.129,0.23,0.397,0.426,0.553,-0.134,0.076,0.143,0.133,-0.392,-0.261,0.696,0.311
AMD,-0.313,0.035,-0.139,0.616,1.0,0.281,0.429,-0.037,0.757,-0.247,-0.199,-0.276,0.248,0.511,0.589,-0.054,0.425,0.184,0.378,0.451,0.481,0.317,-0.238,-0.501,-0.249,0.566,0.093,0.126,-0.164,-0.2,0.247,-0.07,-0.064,0.031,-0.154,0.438,0.275,-0.091,-0.251,0.109,-0.233,-0.239,0.128,0.757,0.319,-0.186,0.127,-0.23,0.232,0.305,-0.219,0.536,0.524,0.53,0.61,0.034,0.457,0.181,-0.114,0.461,-0.05,0.238,0.07,-0.151,0.028,0.263,-0.122,-0.404,-0.251,0.15,-0.361,0.273,0.364,-0.013,0.067,0.07,0.074,-0.202,-0.068,0.042,-0.192,0.349,0.781,-0.063,0.066,-0.186,-0.063,-0.476,-0.15,0.032,-0.137,-0.003,-0.34,-0.23,-0.134,0.429,0.109,0.18,0.385,-0.107
AMZN,0.091,0.671,0.562,0.651,0.281,1.0,-0.397,0.634,0.451,0.345,0.555,0.42,-0.205,0.016,-0.056,-0.171,0.491,0.645,-0.153,0.097,0.601,-0.249,0.111,0.088,0.284,0.341,-0.562,-0.012,0.382,0.378,-0.269,0.532,0.532,0.7,0.433,-0.172,-0.296,0.591,0.264,-0.26,0.465,0.156,-0.541,0.357,0.473,0.169,0.349,0.024,0.142,0.639,0.595,0.621,0.59,0.219,0.6,0.352,0.541,-0.027,0.325,0.729,0.524,0.595,0.55,0.405,-0.127,0.369,0.352,0.276,0.433,-0.494,0.06,0.436,-0.27,0.612,0.315,0.745,-0.309,-0.167,0.093,0.694,0.106,-0.501,0.293,0.677,0.631,0.458,0.524,0.019,0.268,0.386,0.546,0.488,-0.147,0.013,0.319,0.152,-0.408,-0.142,0.708,0.26
APA,-0.307,-0.457,-0.548,-0.226,0.429,-0.397,1.0,-0.518,0.173,-0.425,-0.637,-0.596,0.379,0.318,0.674,0.306,-0.173,-0.297,0.675,0.384,-0.053,0.651,-0.385,-0.429,-0.523,0.211,0.64,0.305,-0.396,-0.39,0.548,-0.494,-0.477,-0.398,-0.603,0.611,0.563,-0.659,-0.456,0.455,-0.558,-0.499,0.558,0.134,-0.049,-0.391,-0.345,-0.336,0.313,-0.198,-0.56,-0.138,0.1,0.342,-0.17,-0.376,-0.099,0.03,-0.342,-0.424,-0.454,-0.255,-0.56,-0.402,0.121,-0.089,-0.516,-0.425,-0.522,0.758,-0.455,0.04,0.808,-0.276,-0.282,-0.46,0.355,-0.139,-0.244,-0.541,-0.128,0.781,0.283,-0.65,-0.585,-0.517,-0.535,-0.428,-0.403,-0.468,-0.621,-0.548,-0.323,-0.301,-0.477,0.384,0.442,0.53,-0.324,-0.394
ARDX,0.313,0.892,0.619,0.464,-0.037,0.634,-0.518,1.0,0.198,0.466,0.609,0.553,-0.323,-0.25,-0.253,-0.155,0.496,0.721,-0.282,-0.164,0.553,-0.431,0.346,0.298,0.445,0.354,-0.575,-0.149,0.182,0.426,-0.403,0.469,0.484,0.623,0.496,-0.336,-0.47,0.704,0.496,-0.372,0.575,0.33,-0.594,0.134,0.365,0.446,0.445,0.12,-0.047,0.648,0.697,0.402,0.28,0.116,0.44,0.439,0.344,-0.056,0.271,0.553,0.4,0.5,0.449,0.431,0.147,0.28,0.515,0.591,0.616,-0.504,0.282,0.352,-0.345,0.66,0.171,0.711,-0.245,0.001,0.197,0.712,0.029,-0.626,-0.081,0.679,0.639,0.755,0.413,0.111,0.302,0.295,0.632,0.483,0.116,0.113,0.406,-0.047,-0.412,-0.288,0.469,0.315
AVGO,-0.149,0.368,0.26,0.816,0.757,0.451,0.173,0.198,1.0,0.25,0.142,0.137,0.32,0.388,0.363,-0.322,0.745,0.543,0.224,0.176,0.567,0.261,-0.1,-0.185,0.146,0.576,-0.182,0.156,0.043,0.102,-0.01,0.345,0.373,0.253,0.264,0.132,-0.075,0.102,0.143,-0.237,0.251,0.207,-0.098,0.768,0.267,0.04,0.479,0.081,0.009,0.445,0.154,0.815,0.562,0.269,0.738,0.121,0.548,0.055,0.14,0.745,0.389,0.391,0.466,0.008,0.062,0.257,0.204,-0.095,0.176,0.04,0.046,0.092,0.067,0.293,0.214,0.408,-0.324,-0.034,0.014,0.3,0.081,-0.037,0.659,0.157,0.465,0.128,0.104,-0.143,0.281,0.348,0.238,0.457,-0.212,-0.029,0.066,0.186,-0.259,-0.15,0.635,0.23
AZN,0.387,0.625,0.738,0.235,-0.247,0.345,-0.425,0.466,0.25,1.0,0.752,0.751,0.158,-0.451,-0.344,-0.453,0.552,0.54,-0.426,-0.572,0.114,0.016,0.44,0.569,0.644,0.219,-0.497,-0.096,0.556,0.526,-0.559,0.768,0.785,0.391,0.636,-0.398,-0.691,0.402,0.799,-0.705,0.806,0.875,-0.154,-0.108,-0.262,0.493,0.751,0.704,-0.475,0.19,0.705,0.366,-0.086,-0.319,0.042,0.138,-0.184,-0.196,0.304,0.363,0.797,0.104,0.732,0.403,0.218,-0.013,0.654,0.628,0.759,-0.162,0.682,-0.402,-0.536,0.488,0.559,0.56,-0.656,0.458,0.313,0.317,0.571,-0.544,-0.353,0.626,0.605,0.525,0.536,0.64,0.865,0.696,0.598,0.745,0.392,0.443,0.557,-0.554,-0.45,-0.542,0.421,0.62
BIDU,0.28,0.743,0.68,0.33,-0.199,0.555,-0.637,0.609,0.142,0.752,1.0,0.814,-0.117,-0.37,-0.423,-0.509,0.445,0.618,-0.607,-0.446,0.294,-0.165,0.445,0.466,0.618,0.196,-0.628,-0.18,0.643,0.467,-0.662,0.755,0.737,0.517,0.626,-0.336,-0.666,0.632,0.751,-0.638,0.856,0.669,-0.375,-0.026,-0.037,0.452,0.621,0.489,-0.457,0.254,0.846,0.407,-0.031,-0.164,0.193,0.356,-0.022,-0.026,0.344,0.496,0.752,0.227,0.783,0.572,0.111,0.175,0.648,0.69,0.81,-0.417,0.479,-0.129,-0.564,0.563,0.532,0.765,-0.476,0.266,0.342,0.542,0.472,-0.679,-0.258,0.694,0.675,0.709,0.577,0.447,0.659,0.762,0.651,0.63,0.329,0.423,0.556,-0.457,-0.494,-0.522,0.532,0.635
BILI,0.358,0.66,0.725,0.306,-0.276,0.42,-0.596,0.553,0.137,0.751,0.814,1.0,0.035,-0.35,-0.429,-0.476,0.444,0.618,-0.54,-0.429,0.19,-0.178,0.432,0.551,0.6,0.207,-0.533,-0.13,0.438,0.413,-0.657,0.667,0.649,0.463,0.623,-0.351,-0.68,0.546,0.856,-0.529,0.864,0.695,-0.304,-0.014,-0.036,0.585,0.706,0.626,-0.446,0.245,0.842,0.382,-0.08,-0.228,0.138,0.328,-0.065,-0.019,0.328,0.456,0.663,0.178,0.727,0.565,0.165,0.065,0.679,0.664,0.861,-0.322,0.654,-0.106,-0.502,0.532,0.428,0.71,-0.489,0.469,0.302,0.522,0.474,-0.618,-0.296,0.648,0.671,0.685,0.488,0.524,0.655,0.687,0.789,0.782,0.328,0.441,0.557,-0.504,-0.403,-0.473,0.462,0.708
BKR,0.104,-0.159,0.068,0.064,0.248,-0.205,0.379,-0.323,0.32,0.158,-0.117,0.035,1.0,0.103,0.473,-0.015,0.255,-0.022,0.413,0.186,-0.251,0.492,0.133,0.126,0.125,0.349,0.103,0.302,-0.149,0.059,0.134,0.099,0.082,-0.127,0.11,0.211,0.16,-0.339,0.066,-0.091,0.01,0.235,0.383,0.221,-0.216,0.227,0.288,0.389,-0.015,-0.124,-0.216,0.145,0.093,0.264,-0.036,-0.294,-0.104,0.008,0.032,-0.033,0.113,-0.229,0.132,-0.212,0.498,-0.041,0.1,-0.065,-0.004,0.511,0.264,-0.24,0.363,-0.045,0.096,-0.224,-0.193,0.456,0.296,-0.2,0.061,0.313,-0.004,-0.138,0.062,-0.074,-0.172,0.161,0.192,0.144,-0.057,0.25,0.119,0.307,0.0,-0.173,0.157,0.228,0.073,0.178
CAN,-0.476,-0.178,-0.306,0.372,0.511,0.016,0.318,-0.25,0.388,-0.451,-0.37,-0.35,0.103,1.0,0.398,0.142,0.073,-0.011,0.429,0.544,0.321,0.059,-0.431,-0.585,-0.439,0.025,0.321,0.177,-0.364,-0.287,0.514,-0.373,-0.355,-0.073,-0.262,0.387,0.474,-0.239,-0.467,0.361,-0.358,-0.491,-0.099,0.648,0.422,-0.303,-0.213,-0.409,0.407,0.173,-0.374,0.237,0.483,0.385,0.484,-0.089,0.516,0.367,-0.058,0.172,-0.333,0.236,-0.126,-0.225,-0.2,0.238,-0.402,-0.498,-0.314,0.122,-0.459,0.319,0.354,-0.21,-0.2,-0.114,0.194,-0.186,0.023,-0.082,-0.268,0.203,0.585,-0.403,-0.174,-0.225,-0.295,-0.523,-0.492,-0.133,-0.272,-0.217,-0.599,-0.184,-0.43,0.593,0.108,0.278,0.195,-0.142
CHRD,-0.234,-0.208,-0.326,0.138,0.589,-0.056,0.674,-0.253,0.363,-0.344,-0.423,-0.429,0.473,0.398,1.0,0.191,0.114,-0.015,0.666,0.473,0.073,0.431,-0.199,-0.241,-0.33,0.561,0.386,0.354,-0.426,-0.235,0.396,-0.263,-0.271,-0.025,-0.281,0.527,0.481,-0.37,-0.357,0.133,-0.402,-0.43,0.387,0.398,0.31,-0.027,-0.06,-0.287,0.229,0.023,-0.405,0.159,0.369,0.652,0.132,-0.206,0.142,0.125,-0.167,-0.104,-0.328,0.019,-0.327,-0.324,0.26,-0.005,-0.263,-0.342,-0.357,0.496,-0.384,0.178,0.699,-0.061,-0.172,-0.23,0.333,-0.022,-0.024,-0.277,-0.215,0.667,0.321,-0.291,-0.273,-0.207,-0.375,-0.397,-0.388,-0.327,-0.313,-0.255,-0.286,-0.01,-0.209,0.198,0.264,0.6,-0.057,-0.237
CMCSA,0.152,-0.338,-0.282,-0.306,-0.054,-0.171,0.306,-0.155,-0.322,-0.453,-0.509,-0.476,-0.015,0.142,0.191,1.0,-0.455,-0.277,0.526,0.411,-0.17,-0.08,-0.076,-0.203,-0.262,-0.148,0.287,0.111,-0.408,0.106,0.647,-0.42,-0.398,-0.084,-0.281,0.094,0.522,-0.34,-0.492,0.515,-0.43,-0.477,0.086,-0.124,0.206,-0.1,-0.489,-0.391,0.71,0.099,-0.383,-0.442,0.26,0.301,-0.138,-0.278,0.071,-0.04,-0.163,-0.34,-0.398,-0.016,-0.554,-0.215,0.047,-0.046,-0.335,-0.145,-0.34,0.24,-0.3,0.247,0.422,-0.163,-0.454,-0.37,0.327,-0.131,-0.01,-0.208,-0.494,0.301,-0.062,-0.403,-0.265,-0.229,-0.422,-0.102,-0.415,-0.627,-0.424,-0.456,-0.133,-0.147,-0.404,0.356,0.499,0.476,-0.271,-0.456
CPRT,0.003,0.637,0.568,0.695,0.425,0.491,-0.173,0.496,0.745,0.552,0.445,0.444,0.255,0.073,0.114,-0.455,1.0,0.672,-0.042,-0.142,0.48,0.086,0.256,0.178,0.46,0.523,-0.33,-0.015,0.192,0.309,-0.257,0.521,0.553,0.346,0.556,0.054,-0.424,0.478,0.499,-0.566,0.473,0.514,-0.194,0.471,0.108,0.386,0.696,0.384,-0.255,0.456,0.422,0.762,0.36,0.223,0.548,0.381,0.287,0.229,0.197,0.683,0.485,0.261,0.618,0.244,0.251,0.359,0.535,0.293,0.44,-0.131,0.3,0.036,-0.227,0.396,0.434,0.513,-0.384,0.255,0.25,0.491,0.256,-0.313,0.223,0.455,0.669,0.408,0.31,0.137,0.503,0.569,0.569,0.663,0.021,0.246,0.463,-0.084,-0.292,-0.268,0.573,0.522
CRWD,0.197,0.847,0.627,0.645,0.184,0.645,-0.297,0.721,0.543,0.54,0.618,0.618,-0.022,-0.011,-0.015,-0.277,0.672,1.0,-0.158,-0.111,0.656,-0.125,0.303,0.36,0.534,0.522,-0.43,0.21,0.186,0.514,-0.416,0.533,0.558,0.726,0.579,-0.173,-0.523,0.548,0.59,-0.506,0.669,0.346,-0.469,0.305,0.348,0.525,0.589,0.187,-0.132,0.67,0.727,0.604,0.395,0.184,0.564,0.266,0.439,0.025,0.49,0.701,0.523,0.518,0.529,0.391,0.181,0.264,0.634,0.536,0.696,-0.233,0.257,0.237,-0.201,0.811,0.202,0.807,-0.429,0.085,0.177,0.656,0.323,-0.498,0.089,0.544,0.679,0.718,0.291,0.127,0.363,0.378,0.674,0.616,0.088,0.275,0.27,-0.125,-0.478,-0.253,0.604,0.469
CSCO,-0.08,-0.281,-0.275,0.04,0.378,-0.153,0.675,-0.282,0.224,-0.426,-0.607,-0.54,0.413,0.429,0.666,0.526,-0.042,-0.158,1.0,0.626,-0.077,0.223,-0.132,-0.312,-0.251,0.191,0.321,0.327,-0.537,-0.12,0.63,-0.454,-0.431,-0.158,-0.21,0.333,0.605,-0.503,-0.52,0.47,-0.451,-0.426,0.281,0.252,0.216,-0.178,-0.341,-0.287,0.548,0.091,-0.523,-0.019,0.418,0.59,0.07,-0.348,0.284,0.039,-0.166,-0.172,-0.49,-0.045,-0.477,-0.425,0.313,0.019,-0.377,-0.278,-0.387,0.462,-0.244,0.204,0.678,-0.168,-0.48,-0.347,0.26,-0.049,-0.048,-0.272,-0.387,0.543,0.283,-0.506,-0.218,-0.268,-0.532,-0.354,-0.452,-0.552,-0.514,-0.336,-0.283,-0.099,-0.485,0.431,0.415,0.627,-0.198,-0.398
CSX,-0.067,-0.198,-0.249,0.272,0.451,0.097,0.384,-0.164,0.176,-0.572,-0.446,-0.429,0.186,0.544,0.473,0.411,-0.142,-0.111,0.626,1.0,0.181,-0.003,-0.123,-0.509,-0.345,0.051,0.046,0.209,-0.475,-0.212,0.496,-0.444,-0.453,0.021,-0.254,0.26,0.513,-0.292,-0.655,0.64,-0.455,-0.49,-0.158,0.531,0.488,-0.281,-0.464,-0.468,0.647,0.197,-0.416,0.079,0.517,0.643,0.42,-0.183,0.527,0.012,-0.047,0.033,-0.38,0.293,-0.342,-0.223,0.108,0.299,-0.403,-0.428,-0.403,0.09,-0.343,0.493,0.539,-0.049,-0.516,-0.148,0.178,-0.308,-0.139,0.032,-0.55,0.204,0.348,-0.351,-0.133,-0.185,-0.406,-0.579,-0.571,-0.446,-0.384,-0.296,-0.315,-0.253,-0.519,0.578,0.222,0.512,-0.026,-0.333
DKNG,-0.206,0.638,0.202,0.667,0.481,0.601,-0.053,0.553,0.567,0.114,0.294,0.19,-0.251,0.321,0.073,-0.17,0.48,0.656,-0.077,0.181,1.0,-0.084,-0.156,-0.176,-0.009,0.317,-0.105,0.044,0.091,0.079,-0.047,0.241,0.263,0.535,0.064,0.062,-0.151,0.325,0.151,-0.129,0.209,-0.05,-0.476,0.591,0.541,-0.039,0.261,-0.282,0.123,0.686,0.34,0.574,0.508,0.218,0.695,0.256,0.531,0.18,0.179,0.62,0.277,0.592,0.343,0.331,-0.19,0.443,0.108,0.111,0.175,-0.294,-0.246,0.444,-0.058,0.473,0.143,0.588,-0.177,-0.347,-0.079,0.475,0.082,-0.291,0.446,0.253,0.356,0.322,0.154,-0.23,0.028,0.234,0.344,0.196,-0.359,-0.208,-0.009,0.372,-0.29,-0.127,0.571,0.171
EBAY,-0.236,-0.251,-0.231,-0.116,0.317,-0.249,0.651,-0.431,0.261,0.016,-0.165,-0.178,0.492,0.059,0.431,-0.08,0.086,-0.125,0.223,-0.003,-0.084,1.0,-0.145,-0.02,-0.12,0.323,0.425,0.329,0.104,-0.141,0.106,-0.032,-0.037,-0.29,-0.21,0.516,0.085,-0.495,0.026,-0.047,-0.12,-0.049,0.673,0.078,-0.377,-0.114,0.155,0.197,-0.195,-0.262,-0.217,-0.007,-0.164,0.133,-0.2,-0.335,-0.357,-0.026,-0.116,-0.219,0.037,-0.356,-0.046,-0.148,0.213,-0.085,-0.09,-0.111,-0.144,0.706,-0.089,-0.287,0.474,-0.149,0.278,-0.244,-0.05,0.22,-0.071,-0.417,0.328,0.584,0.078,-0.245,-0.288,-0.357,-0.101,0.053,0.136,0.071,-0.315,-0.121,0.007,0.1,-0.053,-0.137,0.295,0.182,-0.088,0.131
ERIC,0.647,0.359,0.624,0.086,-0.238,0.111,-0.385,0.346,-0.1,0.44,0.445,0.432,0.133,-0.431,-0.199,-0.076,0.256,0.303,-0.132,-0.123,-0.156,-0.145,1.0,0.529,0.738,0.217,-0.589,-0.011,0.099,0.545,-0.45,0.341,0.338,0.294,0.694,-0.348,-0.496,0.274,0.441,-0.345,0.526,0.584,-0.035,-0.24,-0.241,0.623,0.304,0.556,-0.21,0.072,0.419,0.002,-0.07,0.195,-0.019,-0.061,-0.087,-0.144,0.281,0.105,0.3,-0.106,0.212,0.297,0.709,0.007,0.637,0.626,0.58,-0.052,0.622,-0.229,-0.219,0.344,0.01,0.292,-0.39,0.539,0.337,0.283,0.214,-0.338,-0.468,0.352,0.512,0.555,0.157,0.355,0.427,0.12,0.27,0.426,0.706,0.668,0.202,-0.551,-0.117,-0.115,0.016,0.341
EXC,0.412,0.371,0.546,-0.098,-0.501,0.088,-0.429,0.298,-0.185,0.569,0.466,0.551,0.126,-0.585,-0.241,-0.203,0.178,0.36,-0.312,-0.509,-0.176,-0.02,0.529,1.0,0.701,0.107,-0.31,0.166,0.344,0.603,-0.529,0.446,0.443,0.352,0.629,-0.346,-0.621,0.353,0.648,-0.567,0.554,0.523,0.058,-0.48,-0.253,0.64,0.441,0.596,-0.522,0.038,0.525,-0.119,-0.378,-0.206,-0.291,0.035,-0.322,-0.216,0.428,0.029,0.408,-0.11,0.288,0.239,0.33,-0.099,0.62,0.658,0.56,-0.059,0.645,-0.348,-0.398,0.464,0.295,0.308,-0.43,0.464,0.2,0.206,0.499,-0.256,-0.579,0.492,0.354,0.401,0.338,0.684,0.546,0.225,0.43,0.488,0.553,0.579,0.436,-0.688,-0.151,-0.247,-0.049,0.395
FITB,0.514,0.533,0.696,0.271,-0.249,0.284,-0.523,0.445,0.146,0.644,0.618,0.6,0.125,-0.439,-0.33,-0.262,0.46,0.534,-0.251,-0.345,-0.009,-0.12,0.738,0.701,1.0,0.186,-0.627,-0.021,0.364,0.775,-0.582,0.539,0.551,0.418,0.919,-0.444,-0.695,0.412,0.611,-0.586,0.741,0.704,-0.131,-0.178,-0.22,0.655,0.551,0.675,-0.418,0.219,0.617,0.226,-0.096,-0.037,0.129,0.069,0.017,-0.167,0.378,0.413,0.534,0.066,0.504,0.32,0.484,0.063,0.839,0.76,0.734,-0.174,0.73,-0.289,-0.447,0.495,0.263,0.514,-0.616,0.483,0.246,0.456,0.39,-0.513,-0.359,0.541,0.715,0.523,0.378,0.554,0.636,0.379,0.473,0.688,0.647,0.617,0.392,-0.605,-0.248,-0.388,0.199,0.5
FLEX,0.165,0.394,0.291,0.454,0.566,0.341,0.211,0.354,0.576,0.219,0.196,0.207,0.349,0.025,0.561,-0.148,0.523,0.522,0.191,0.051,0.317,0.323,0.217,0.107,0.186,1.0,-0.159,0.224,-0.061,0.173,-0.151,0.267,0.269,0.337,0.228,0.199,-0.084,0.151,0.256,-0.288,0.253,0.109,0.184,0.386,0.242,0.416,0.515,0.173,-0.035,0.337,0.274,0.484,0.349,0.471,0.357,0.076,0.219,-0.032,0.097,0.399,0.221,0.21,0.219,0.105,0.451,0.035,0.375,0.203,0.305,0.238,0.092,0.177,0.333,0.418,0.189,0.356,-0.032,0.204,0.207,0.232,0.097,0.222,0.287,0.284,0.305,0.33,0.058,-0.104,0.192,0.148,0.269,0.319,0.078,0.221,0.203,-0.134,-0.075,0.13,0.378,0.214
FTNT,-0.539,-0.552,-0.746,-0.468,0.093,-0.562,0.64,-0.575,-0.182,-0.497,-0.628,-0.533,0.103,0.321,0.386,0.287,-0.33,-0.43,0.321,0.046,-0.105,0.425,-0.589,-0.31,-0.627,-0.159,1.0,0.074,-0.339,-0.501,0.516,-0.53,-0.527,-0.448,-0.689,0.529,0.501,-0.59,-0.341,0.275,-0.634,-0.593,0.517,-0.086,-0.043,-0.367,-0.29,-0.375,0.095,-0.303,-0.588,-0.378,-0.175,0.0,-0.381,-0.244,-0.305,0.375,-0.466,-0.536,-0.582,-0.366,-0.529,-0.28,-0.239,-0.135,-0.507,-0.426,-0.601,0.483,-0.602,-0.07,0.468,-0.499,-0.085,-0.582,0.502,-0.132,-0.182,-0.682,-0.037,0.681,0.107,-0.606,-0.726,-0.602,-0.416,-0.214,-0.504,-0.381,-0.476,-0.632,-0.406,-0.336,-0.311,0.265,0.504,0.362,-0.433,-0.285
GEN,-0.045,0.005,-0.021,0.054,0.126,-0.012,0.305,-0.149,0.156,-0.096,-0.18,-0.13,0.302,0.177,0.354,0.111,-0.015,0.21,0.327,0.209,0.044,0.329,-0.011,0.166,-0.021,0.224,0.074,1.0,-0.201,0.04,0.149,-0.121,-0.106,0.198,-0.062,0.131,0.058,-0.213,-0.127,0.002,-0.121,-0.194,0.117,0.057,0.018,0.016,-0.094,-0.117,0.11,0.159,-0.093,-0.011,0.146,0.219,0.028,-0.463,0.081,-0.19,0.725,-0.098,-0.085,0.029,-0.186,-0.189,0.172,-0.048,-0.144,-0.066,-0.103,0.312,-0.071,0.144,0.363,0.232,-0.229,-0.054,-0.122,-0.075,-0.128,-0.025,0.132,0.284,0.018,-0.139,-0.144,0.054,-0.203,-0.063,-0.139,-0.257,-0.094,-0.008,-0.112,0.171,-0.319,0.049,0.059,0.424,-0.043,-0.151
GERN,0.152,0.312,0.392,0.084,-0.164,0.382,-0.396,0.182,0.043,0.556,0.643,0.438,-0.149,-0.364,-0.426,-0.408,0.192,0.186,-0.537,-0.475,0.091,0.104,0.099,0.344,0.364,-0.061,-0.339,-0.201,1.0,0.335,-0.541,0.573,0.56,0.222,0.33,-0.294,-0.581,0.286,0.473,-0.364,0.462,0.497,-0.059,-0.194,-0.284,0.042,0.39,0.492,-0.461,0.076,0.443,0.139,-0.271,-0.416,-0.076,0.107,-0.215,-0.231,0.146,0.263,0.633,0.08,0.598,0.372,-0.14,-0.04,0.418,0.34,0.382,-0.296,0.375,-0.301,-0.582,0.201,0.656,0.352,-0.544,0.093,-0.04,0.242,0.557,-0.359,-0.078,0.474,0.327,0.081,0.538,0.486,0.643,0.684,0.303,0.369,0.307,0.198,0.419,-0.365,-0.239,-0.501,0.301,0.512
GEVO,0.494,0.465,0.602,0.229,-0.2,0.378,-0.39,0.426,0.102,0.526,0.467,0.413,0.059,-0.287,-0.235,0.106,0.309,0.514,-0.12,-0.212,0.079,-0.141,0.545,0.603,0.775,0.173,-0.501,0.04,0.335,1.0,-0.309,0.452,0.482,0.536,0.74,-0.418,-0.539,0.355,0.429,-0.421,0.566,0.459,-0.238,-0.155,-0.02,0.597,0.389,0.448,-0.077,0.363,0.522,0.071,0.08,-0.029,0.147,0.006,0.179,-0.294,0.345,0.39,0.51,0.291,0.398,0.224,0.287,0.024,0.675,0.577,0.596,-0.077,0.514,-0.126,-0.306,0.615,0.174,0.434,-0.557,0.304,0.183,0.444,0.256,-0.452,-0.239,0.435,0.588,0.426,0.246,0.434,0.49,0.231,0.379,0.571,0.401,0.454,0.215,-0.37,-0.21,-0.346,0.236,0.281
GILD,-0.278,-0.504,-0.488,-0.183,0.247,-0.269,0.548,-0.403,-0.01,-0.559,-0.662,-0.657,0.134,0.514,0.396,0.647,-0.257,-0.416,0.63,0.496,-0.047,0.106,-0.45,-0.529,-0.582,-0.151,0.516,0.149,-0.541,-0.309,1.0,-0.493,-0.466,-0.371,-0.522,0.446,0.823,-0.461,-0.664,0.538,-0.619,-0.56,0.179,0.217,0.174,-0.45,-0.48,-0.502,0.685,-0.046,-0.637,-0.172,0.384,0.279,0.025,-0.237,0.146,0.178,-0.231,-0.318,-0.499,-0.1,-0.476,-0.364,-0.203,0.034,-0.663,-0.488,-0.623,0.355,-0.511,0.217,0.543,-0.432,-0.395,-0.487,0.479,-0.253,0.027,-0.416,-0.501,0.479,0.239,-0.632,-0.456,-0.484,-0.539,-0.366,-0.511,-0.508,-0.567,-0.502,-0.533,-0.397,-0.484,0.65,0.463,0.51,-0.179,-0.518
GOOG,0.333,0.557,0.691,0.349,-0.07,0.532,-0.494,0.469,0.345,0.768,0.755,0.667,0.099,-0.373,-0.263,-0.42,0.521,0.533,-0.454,-0.444,0.241,-0.032,0.341,0.446,0.539,0.267,-0.53,-0.121,0.573,0.452,-0.493,1.0,0.991,0.38,0.563,-0.41,-0.545,0.458,0.71,-0.621,0.772,0.72,-0.278,0.054,-0.134,0.476,0.683,0.524,-0.333,0.192,0.583,0.479,0.178,-0.198,0.205,0.261,-0.023,-0.188,0.278,0.555,0.902,0.185,0.777,0.349,0.101,0.05,0.588,0.466,0.663,-0.325,0.506,-0.262,-0.539,0.439,0.543,0.515,-0.536,0.35,0.312,0.404,0.366,-0.526,-0.125,0.6,0.724,0.561,0.464,0.524,0.798,0.681,0.593,0.675,0.322,0.397,0.505,-0.422,-0.48,-0.505,0.643,0.59
GOOGL,0.342,0.571,0.708,0.365,-0.064,0.532,-0.477,0.484,0.373,0.785,0.737,0.649,0.082,-0.355,-0.271,-0.398,0.553,0.558,-0.431,-0.453,0.263,-0.037,0.338,0.443,0.551,0.269,-0.527,-0.106,0.56,0.482,-0.466,0.991,1.0,0.376,0.575,-0.418,-0.562,0.472,0.697,-0.616,0.766,0.726,-0.281,0.058,-0.128,0.477,0.681,0.513,-0.297,0.218,0.588,0.486,0.207,-0.199,0.22,0.269,0.002,-0.19,0.295,0.568,0.895,0.195,0.76,0.355,0.099,0.054,0.59,0.479,0.663,-0.315,0.508,-0.25,-0.539,0.446,0.521,0.52,-0.539,0.35,0.293,0.41,0.36,-0.524,-0.111,0.573,0.726,0.552,0.442,0.506,0.816,0.665,0.588,0.681,0.316,0.393,0.48,-0.393,-0.474,-0.514,0.632,0.575
GT,0.195,0.734,0.578,0.509,0.031,0.7,-0.398,0.623,0.253,0.391,0.517,0.463,-0.127,-0.073,-0.025,-0.084,0.346,0.726,-0.158,0.021,0.535,-0.29,0.294,0.352,0.418,0.337,-0.448,0.198,0.222,0.536,-0.371,0.38,0.376,1.0,0.478,-0.329,-0.432,0.46,0.361,-0.36,0.462,0.189,-0.527,0.185,0.508,0.352,0.367,0.018,-0.009,0.714,0.603,0.371,0.363,0.097,0.473,0.091,0.436,-0.013,0.496,0.538,0.454,0.631,0.434,0.415,0.075,0.268,0.474,0.38,0.455,-0.397,0.145,0.305,-0.229,0.823,0.093,0.729,-0.438,-0.183,0.049,0.65,0.246,-0.468,-0.011,0.578,0.543,0.552,0.374,0.151,0.169,0.213,0.595,0.458,-0.02,0.16,0.122,-0.14,-0.411,-0.18,0.469,0.267
HBAN,0.472,0.57,0.773,0.441,-0.154,0.433,-0.603,0.496,0.264,0.636,0.626,0.623,0.11,-0.262,-0.281,-0.281,0.556,0.579,-0.21,-0.254,0.064,-0.21,0.694,0.629,0.919,0.228,-0.689,-0.062,0.33,0.74,-0.522,0.563,0.575,0.478,1.0,-0.393,-0.622,0.504,0.583,-0.58,0.761,0.674,-0.254,-0.006,-0.041,0.629,0.582,0.639,-0.32,0.303,0.638,0.368,0.081,0.04,0.306,0.166,0.199,-0.083,0.393,0.55,0.569,0.193,0.595,0.364,0.423,0.172,0.791,0.665,0.76,-0.258,0.693,-0.175,-0.485,0.501,0.293,0.599,-0.613,0.472,0.364,0.559,0.349,-0.581,-0.234,0.606,0.804,0.589,0.441,0.516,0.617,0.432,0.562,0.762,0.524,0.613,0.445,-0.508,-0.336,-0.39,0.383,0.535
HST,-0.558,-0.307,-0.428,-0.048,0.438,-0.172,0.611,-0.336,0.132,-0.398,-0.336,-0.351,0.211,0.387,0.527,0.094,0.054,-0.173,0.333,0.26,0.062,0.516,-0.348,-0.346,-0.444,0.199,0.529,0.131,-0.294,-0.418,0.446,-0.41,-0.418,-0.329,-0.393,1.0,0.451,-0.244,-0.275,0.172,-0.395,-0.491,0.36,0.245,0.104,-0.286,-0.185,-0.266,0.115,-0.174,-0.289,0.052,0.08,0.443,-0.044,0.043,-0.164,0.452,-0.273,-0.259,-0.375,-0.232,-0.307,-0.072,-0.061,0.257,-0.39,-0.31,-0.343,0.553,-0.551,0.22,0.569,-0.234,0.058,-0.193,0.485,-0.027,0.036,-0.277,0.009,0.528,0.167,-0.297,-0.415,-0.304,-0.188,-0.344,-0.357,-0.15,-0.242,-0.386,-0.421,-0.14,0.011,0.296,0.353,0.418,-0.087,-0.148
INTC,-0.321,-0.594,-0.621,-0.244,0.275,-0.296,0.563,-0.47,-0.075,-0.691,-0.666,-0.68,0.16,0.474,0.481,0.522,-0.424,-0.523,0.605,0.513,-0.151,0.085,-0.496,-0.621,-0.695,-0.084,0.501,0.058,-0.581,-0.539,0.823,-0.545,-0.562,-0.432,-0.622,0.451,1.0,-0.511,-0.694,0.597,-0.634,-0.667,0.225,0.208,0.205,-0.511,-0.531,-0.593,0.626,-0.2,-0.675,-0.17,0.321,0.314,-0.051,-0.246,0.135,0.194,-0.37,-0.356,-0.582,-0.186,-0.52,-0.401,-0.197,-0.103,-0.729,-0.554,-0.642,0.34,-0.606,0.269,0.612,-0.502,-0.429,-0.514,0.638,-0.3,0.091,-0.457,-0.549,0.566,0.331,-0.627,-0.522,-0.458,-0.524,-0.433,-0.641,-0.552,-0.6,-0.614,-0.516,-0.443,-0.499,0.587,0.398,0.612,-0.166,-0.585
IOVA,0.145,0.643,0.572,0.385,-0.091,0.591,-0.659,0.704,0.102,0.402,0.632,0.546,-0.339,-0.239,-0.37,-0.34,0.478,0.548,-0.503,-0.292,0.325,-0.495,0.274,0.353,0.412,0.151,-0.59,-0.213,0.286,0.355,-0.461,0.458,0.472,0.46,0.504,-0.244,-0.511,1.0,0.43,-0.442,0.526,0.321,-0.553,0.031,0.237,0.43,0.331,0.151,-0.199,0.361,0.694,0.373,0.117,0.005,0.33,0.761,0.222,0.094,0.311,0.503,0.402,0.37,0.457,0.396,-0.083,0.298,0.453,0.408,0.512,-0.572,0.235,0.219,-0.522,0.468,0.311,0.625,-0.122,0.033,0.236,0.674,0.085,-0.649,-0.098,0.655,0.583,0.563,0.478,0.127,0.326,0.419,0.676,0.481,0.096,0.156,0.557,-0.085,-0.368,-0.396,0.408,0.351
IQ,0.281,0.617,0.662,0.178,-0.251,0.264,-0.456,0.496,0.143,0.799,0.751,0.856,0.066,-0.467,-0.357,-0.492,0.499,0.59,-0.52,-0.655,0.151,0.026,0.441,0.648,0.611,0.256,-0.341,-0.127,0.473,0.429,-0.664,0.71,0.697,0.361,0.583,-0.275,-0.694,0.43,1.0,-0.708,0.829,0.733,-0.082,-0.163,-0.246,0.581,0.765,0.687,-0.614,0.134,0.742,0.283,-0.231,-0.283,-0.047,0.231,-0.267,-0.008,0.227,0.358,0.673,-0.052,0.666,0.471,0.23,-0.038,0.699,0.685,0.815,-0.141,0.592,-0.302,-0.506,0.468,0.534,0.57,-0.494,0.529,0.352,0.366,0.658,-0.433,-0.328,0.6,0.588,0.615,0.487,0.656,0.752,0.632,0.692,0.681,0.423,0.492,0.573,-0.626,-0.379,-0.516,0.4,0.686
JBLU,-0.027,-0.523,-0.43,-0.22,0.109,-0.26,0.455,-0.372,-0.237,-0.705,-0.638,-0.529,-0.091,0.361,0.133,0.515,-0.566,-0.506,0.47,0.64,-0.129,-0.047,-0.345,-0.567,-0.586,-0.288,0.275,0.002,-0.364,-0.421,0.538,-0.621,-0.616,-0.36,-0.58,0.172,0.597,-0.442,-0.708,1.0,-0.626,-0.606,0.044,0.086,0.161,-0.491,-0.71,-0.503,0.613,-0.131,-0.595,-0.354,0.143,0.21,-0.055,-0.234,0.166,-0.034,-0.284,-0.355,-0.577,-0.011,-0.618,-0.251,-0.12,-0.018,-0.598,-0.498,-0.565,0.087,-0.345,0.333,0.461,-0.403,-0.563,-0.461,0.389,-0.338,-0.35,-0.255,-0.56,0.351,0.256,-0.612,-0.462,-0.488,-0.51,-0.539,-0.607,-0.57,-0.612,-0.625,-0.282,-0.424,-0.619,0.611,0.405,0.451,-0.349,-0.474
JD,0.39,0.678,0.751,0.367,-0.233,0.465,-0.558,0.575,0.251,0.806,0.856,0.864,0.01,-0.358,-0.402,-0.43,0.473,0.669,-0.451,-0.455,0.209,-0.12,0.526,0.554,0.741,0.253,-0.634,-0.121,0.462,0.566,-0.619,0.772,0.766,0.462,0.761,-0.395,-0.634,0.526,0.829,-0.626,1.0,0.739,-0.282,-0.016,-0.123,0.56,0.658,0.611,-0.43,0.223,0.87,0.461,0.012,-0.147,0.208,0.268,0.024,-0.121,0.35,0.534,0.771,0.149,0.731,0.495,0.225,0.05,0.701,0.764,0.95,-0.258,0.649,-0.211,-0.475,0.567,0.445,0.769,-0.549,0.457,0.383,0.532,0.504,-0.638,-0.265,0.634,0.79,0.736,0.497,0.566,0.749,0.606,0.665,0.742,0.419,0.539,0.509,-0.515,-0.462,-0.495,0.518,0.662
KDP,0.509,0.46,0.71,0.225,-0.239,0.156,-0.499,0.33,0.207,0.875,0.669,0.695,0.235,-0.491,-0.43,-0.477,0.514,0.346,-0.426,-0.49,-0.05,-0.049,0.584,0.523,0.704,0.109,-0.593,-0.194,0.497,0.459,-0.56,0.72,0.726,0.189,0.674,-0.491,-0.667,0.321,0.733,-0.606,0.739,1.0,-0.095,-0.086,-0.411,0.466,0.674,0.788,-0.51,0.039,0.535,0.319,-0.186,-0.33,0.03,0.112,-0.214,-0.218,0.245,0.352,0.744,-0.046,0.707,0.329,0.346,-0.036,0.651,0.552,0.662,-0.199,0.821,-0.498,-0.593,0.283,0.429,0.389,-0.676,0.529,0.304,0.302,0.442,-0.526,-0.34,0.484,0.657,0.45,0.399,0.646,0.894,0.675,0.505,0.751,0.596,0.503,0.481,-0.619,-0.372,-0.572,0.321,0.591
KHC,-0.116,-0.528,-0.393,-0.454,0.128,-0.541,0.558,-0.594,-0.098,-0.154,-0.375,-0.304,0.383,-0.099,0.387,0.086,-0.194,-0.469,0.281,-0.158,-0.476,0.673,-0.035,0.058,-0.131,0.184,0.517,0.117,-0.059,-0.238,0.179,-0.278,-0.281,-0.527,-0.254,0.36,0.225,-0.553,-0.082,0.044,-0.282,-0.095,1.0,-0.268,-0.497,-0.098,-0.009,0.232,-0.223,-0.498,-0.371,-0.311,-0.407,0.066,-0.552,-0.37,-0.571,0.022,-0.339,-0.5,-0.317,-0.699,-0.351,-0.207,0.254,-0.389,-0.156,-0.075,-0.273,0.652,-0.014,-0.413,0.402,-0.507,0.131,-0.488,0.236,0.358,-0.059,-0.672,0.187,0.812,-0.032,-0.369,-0.465,-0.531,-0.204,0.122,0.019,-0.203,-0.502,-0.3,0.17,0.159,-0.059,-0.24,0.637,0.338,-0.483,-0.115
LRCX,-0.253,0.194,0.051,0.822,0.757,0.357,0.134,0.134,0.768,-0.108,-0.026,-0.014,0.221,0.648,0.398,-0.124,0.471,0.305,0.252,0.531,0.591,0.078,-0.24,-0.48,-0.178,0.386,-0.086,0.057,-0.194,-0.155,0.217,0.054,0.058,0.185,-0.006,0.245,0.208,0.031,-0.163,0.086,-0.016,-0.086,-0.268,1.0,0.503,-0.106,0.225,-0.213,0.262,0.38,-0.055,0.677,0.638,0.426,0.812,0.147,0.624,0.224,0.022,0.608,0.12,0.49,0.325,0.026,-0.053,0.372,-0.095,-0.332,-0.075,-0.083,-0.194,0.334,0.209,0.118,0.001,0.268,-0.067,-0.169,0.035,0.256,-0.271,-0.032,0.639,0.004,0.275,0.037,-0.035,-0.392,-0.085,0.22,0.113,0.231,-0.405,-0.16,-0.09,0.395,-0.159,0.01,0.549,0.105
LYFT,-0.197,0.311,-0.015,0.467,0.319,0.473,-0.049,0.365,0.267,-0.262,-0.037,-0.036,-0.216,0.422,0.31,0.206,0.108,0.348,0.216,0.488,0.541,-0.377,-0.241,-0.253,-0.22,0.242,-0.043,0.018,-0.284,-0.02,0.174,-0.134,-0.128,0.508,-0.041,0.104,0.205,0.237,-0.246,0.161,-0.123,-0.411,-0.497,0.503,1.0,-0.083,-0.103,-0.543,0.462,0.601,0.104,0.289,0.592,0.345,0.58,0.215,0.666,0.251,0.066,0.401,-0.124,0.657,-0.033,0.136,-0.236,0.386,-0.114,-0.177,-0.069,-0.262,-0.385,0.667,0.123,0.363,-0.292,0.365,0.171,-0.462,-0.098,0.378,-0.363,-0.13,0.384,0.075,0.126,0.226,-0.069,-0.418,-0.404,-0.165,0.236,-0.027,-0.509,-0.302,-0.126,0.429,-0.132,0.134,0.314,-0.198
MARA,0.557,0.425,0.579,0.178,-0.186,0.169,-0.391,0.446,0.04,0.493,0.452,0.585,0.227,-0.303,-0.027,-0.1,0.386,0.525,-0.178,-0.281,-0.039,-0.114,0.623,0.64,0.655,0.416,-0.367,0.016,0.042,0.597,-0.45,0.476,0.477,0.352,0.629,-0.286,-0.511,0.43,0.581,-0.491,0.56,0.466,-0.098,-0.106,-0.083,1.0,0.599,0.499,-0.292,0.116,0.482,0.123,0.013,0.172,0.054,0.211,-0.05,-0.053,0.21,0.254,0.355,0.142,0.327,0.185,0.529,-0.046,0.721,0.567,0.648,-0.054,0.551,-0.164,-0.152,0.469,0.157,0.309,-0.229,0.655,0.401,0.29,0.134,-0.311,-0.384,0.464,0.519,0.587,0.158,0.374,0.389,0.269,0.487,0.546,0.514,0.641,0.409,-0.587,-0.161,-0.198,0.201,0.445
MCHP,0.247,0.581,0.593,0.443,0.127,0.349,-0.345,0.445,0.479,0.751,0.621,0.706,0.288,-0.213,-0.06,-0.489,0.696,0.589,-0.341,-0.464,0.261,0.155,0.304,0.441,0.551,0.515,-0.29,-0.094,0.39,0.389,-0.48,0.683,0.681,0.367,0.582,-0.185,-0.531,0.331,0.765,-0.71,0.658,0.674,-0.009,0.225,-0.103,0.599,1.0,0.637,-0.465,0.261,0.559,0.498,0.051,-0.116,0.268,0.155,-0.021,0.048,0.153,0.552,0.648,0.162,0.798,0.386,0.251,-0.0,0.702,0.477,0.622,-0.1,0.512,-0.259,-0.347,0.418,0.585,0.519,-0.495,0.491,0.371,0.271,0.449,-0.293,-0.022,0.601,0.58,0.42,0.465,0.5,0.693,0.728,0.62,0.798,0.289,0.359,0.54,-0.519,-0.328,-0.451,0.557,0.65
MDLZ,0.411,0.218,0.601,0.049,-0.23,0.024,-0.336,0.12,0.081,0.704,0.489,0.626,0.389,-0.409,-0.287,-0.391,0.384,0.187,-0.287,-0.468,-0.282,0.197,0.556,0.596,0.675,0.173,-0.375,-0.117,0.492,0.448,-0.502,0.524,0.513,0.018,0.639,-0.266,-0.593,0.151,0.687,-0.503,0.611,0.788,0.232,-0.213,-0.543,0.499,0.637,1.0,-0.541,-0.116,0.408,0.089,-0.366,-0.242,-0.182,-0.021,-0.371,-0.251,0.144,0.153,0.525,-0.246,0.553,0.224,0.452,-0.181,0.655,0.529,0.623,0.058,0.821,-0.57,-0.424,0.099,0.545,0.196,-0.59,0.768,0.34,0.094,0.56,-0.248,-0.379,0.448,0.445,0.248,0.406,0.662,0.774,0.586,0.353,0.68,0.608,0.602,0.501,-0.667,-0.118,-0.414,0.153,0.679
META,0.061,-0.216,-0.181,0.031,0.232,0.142,0.313,-0.047,0.009,-0.475,-0.457,-0.446,-0.015,0.407,0.229,0.71,-0.255,-0.132,0.548,0.647,0.123,-0.195,-0.21,-0.522,-0.418,-0.035,0.095,0.11,-0.461,-0.077,0.685,-0.333,-0.297,-0.009,-0.32,0.115,0.626,-0.199,-0.614,0.613,-0.43,-0.51,-0.223,0.262,0.462,-0.292,-0.465,-0.541,1.0,0.284,-0.342,-0.096,0.674,0.357,0.26,-0.17,0.498,-0.043,-0.074,-0.042,-0.333,0.249,-0.365,-0.167,-0.109,0.087,-0.436,-0.335,-0.374,0.113,-0.408,0.54,0.462,-0.051,-0.552,-0.175,0.307,-0.338,0.007,-0.029,-0.587,0.152,0.318,-0.371,-0.181,-0.14,-0.4,-0.475,-0.476,-0.497,-0.299,-0.297,-0.392,-0.414,-0.545,0.682,0.165,0.426,0.073,-0.491
MNST,0.084,0.686,0.377,0.602,0.305,0.639,-0.198,0.648,0.445,0.19,0.254,0.245,-0.124,0.173,0.023,0.099,0.456,0.67,0.091,0.197,0.686,-0.262,0.072,0.038,0.219,0.337,-0.303,0.159,0.076,0.363,-0.046,0.192,0.218,0.714,0.303,-0.174,-0.2,0.361,0.134,-0.131,0.223,0.039,-0.498,0.38,0.601,0.116,0.261,-0.116,0.284,1.0,0.382,0.409,0.557,0.191,0.66,0.089,0.634,0.016,0.341,0.601,0.224,0.657,0.31,0.232,0.002,0.329,0.276,0.192,0.253,-0.316,0.03,0.459,-0.117,0.611,0.006,0.575,-0.358,-0.298,-0.02,0.564,-0.013,-0.365,0.303,0.359,0.451,0.409,0.178,-0.045,0.05,0.106,0.407,0.357,-0.216,-0.129,-0.018,0.256,-0.209,-0.1,0.513,0.102
MRNA,0.291,0.778,0.676,0.351,-0.219,0.595,-0.56,0.697,0.154,0.705,0.846,0.842,-0.216,-0.374,-0.405,-0.383,0.422,0.727,-0.523,-0.416,0.34,-0.217,0.419,0.525,0.617,0.274,-0.588,-0.093,0.443,0.522,-0.637,0.583,0.588,0.603,0.638,-0.289,-0.675,0.694,0.742,-0.595,0.87,0.535,-0.371,-0.055,0.104,0.482,0.559,0.408,-0.342,0.382,1.0,0.405,0.007,-0.119,0.225,0.411,0.082,-0.071,0.381,0.488,0.618,0.288,0.62,0.577,0.075,0.148,0.638,0.754,0.872,-0.314,0.454,0.04,-0.427,0.7,0.406,0.891,-0.399,0.22,0.25,0.627,0.484,-0.64,-0.236,0.727,0.643,0.727,0.574,0.399,0.568,0.522,0.743,0.66,0.27,0.329,0.541,-0.377,-0.455,-0.432,0.451,0.526
MRVL,-0.093,0.539,0.393,0.785,0.536,0.621,-0.138,0.402,0.815,0.366,0.407,0.382,0.145,0.237,0.159,-0.442,0.762,0.604,-0.019,0.079,0.574,-0.007,0.002,-0.119,0.226,0.484,-0.378,-0.011,0.139,0.071,-0.172,0.479,0.486,0.371,0.368,0.052,-0.17,0.373,0.283,-0.354,0.461,0.319,-0.311,0.677,0.289,0.123,0.498,0.089,-0.096,0.409,0.405,1.0,0.556,0.267,0.703,0.408,0.475,0.216,0.168,0.776,0.487,0.358,0.592,0.219,-0.004,0.334,0.3,0.13,0.363,-0.25,0.095,0.258,-0.083,0.346,0.32,0.608,-0.217,-0.016,0.158,0.577,0.111,-0.297,0.451,0.378,0.644,0.362,0.272,-0.057,0.325,0.486,0.53,0.526,-0.166,0.074,0.354,0.109,-0.365,-0.111,0.677,0.391
MSFT,0.028,0.255,0.192,0.584,0.524,0.59,0.1,0.28,0.562,-0.086,-0.031,-0.08,0.093,0.483,0.369,0.26,0.36,0.395,0.418,0.517,0.508,-0.164,-0.07,-0.378,-0.096,0.349,-0.175,0.146,-0.271,0.08,0.384,0.178,0.207,0.363,0.081,0.08,0.321,0.117,-0.231,0.143,0.012,-0.186,-0.407,0.638,0.592,0.013,0.051,-0.366,0.674,0.557,0.007,0.556,1.0,0.522,0.7,0.076,0.721,0.169,0.119,0.507,0.113,0.492,0.125,0.035,-0.015,0.309,-0.048,-0.139,-0.0,-0.113,-0.259,0.528,0.265,0.284,-0.194,0.288,0.038,-0.216,0.158,0.329,-0.389,-0.112,0.497,0.032,0.338,0.229,-0.097,-0.368,-0.146,-0.074,0.121,0.131,-0.38,-0.154,-0.19,0.519,-0.15,0.267,0.569,-0.114
MSTR,0.019,0.078,-0.042,0.329,0.53,0.219,0.342,0.116,0.269,-0.319,-0.164,-0.228,0.264,0.385,0.652,0.301,0.223,0.184,0.59,0.643,0.218,0.133,0.195,-0.206,-0.037,0.471,0.0,0.219,-0.416,-0.029,0.279,-0.198,-0.199,0.097,0.04,0.443,0.314,0.005,-0.283,0.21,-0.147,-0.33,0.066,0.426,0.345,0.172,-0.116,-0.242,0.357,0.191,-0.119,0.267,0.522,1.0,0.342,0.065,0.315,0.272,-0.036,0.103,-0.291,0.077,-0.258,-0.034,0.455,0.357,-0.066,0.0,-0.053,0.191,-0.253,0.424,0.568,0.068,-0.183,0.046,0.299,0.108,0.157,0.111,-0.335,0.264,0.2,-0.061,0.098,0.141,-0.207,-0.414,-0.346,-0.296,-0.17,-0.168,-0.071,0.219,-0.089,0.316,0.299,0.623,0.062,-0.114
MU,-0.025,0.473,0.29,0.888,0.61,0.6,-0.17,0.44,0.738,0.042,0.193,0.138,-0.036,0.484,0.132,-0.138,0.548,0.564,0.07,0.42,0.695,-0.2,-0.019,-0.291,0.129,0.357,-0.381,0.028,-0.076,0.147,0.025,0.205,0.22,0.473,0.306,-0.044,-0.051,0.33,-0.047,-0.055,0.208,0.03,-0.552,0.812,0.58,0.054,0.268,-0.182,0.26,0.66,0.225,0.703,0.7,0.342,1.0,0.216,0.834,0.125,0.233,0.809,0.269,0.718,0.421,0.12,-0.062,0.483,0.178,-0.093,0.167,-0.343,-0.064,0.394,-0.037,0.398,-0.014,0.542,-0.283,-0.278,0.051,0.541,-0.206,-0.379,0.581,0.269,0.529,0.29,0.147,-0.297,0.001,0.213,0.299,0.382,-0.247,-0.158,-0.04,0.354,-0.343,-0.179,0.678,0.135
MVIS,-0.116,0.342,0.22,0.269,0.034,0.352,-0.376,0.439,0.121,0.138,0.356,0.328,-0.294,-0.089,-0.206,-0.278,0.381,0.266,-0.348,-0.183,0.256,-0.335,-0.061,0.035,0.069,0.076,-0.244,-0.463,0.107,0.006,-0.237,0.261,0.269,0.091,0.166,0.043,-0.246,0.761,0.231,-0.234,0.268,0.112,-0.37,0.147,0.215,0.211,0.155,-0.021,-0.17,0.089,0.411,0.408,0.076,0.065,0.216,1.0,0.1,0.264,-0.17,0.348,0.189,0.206,0.259,0.223,-0.194,0.305,0.165,0.137,0.242,-0.416,-0.004,0.232,-0.301,0.125,0.267,0.355,0.259,-0.013,0.105,0.469,-0.1,-0.381,0.027,0.338,0.353,0.281,0.233,-0.066,0.128,0.335,0.501,0.211,-0.096,-0.021,0.559,0.096,-0.185,-0.285,0.239,0.263
NFLX,-0.019,0.326,0.14,0.686,0.457,0.541,-0.099,0.344,0.548,-0.184,-0.022,-0.065,-0.104,0.516,0.142,0.071,0.287,0.439,0.284,0.527,0.531,-0.357,-0.087,-0.322,0.017,0.219,-0.305,0.081,-0.215,0.179,0.146,-0.023,0.002,0.436,0.199,-0.164,0.135,0.222,-0.267,0.166,0.024,-0.214,-0.571,0.624,0.666,-0.05,-0.021,-0.371,0.498,0.634,0.082,0.475,0.721,0.315,0.834,0.1,1.0,0.021,0.194,0.666,0.01,0.684,0.151,-0.048,-0.122,0.3,0.05,-0.173,0.023,-0.301,-0.152,0.543,0.092,0.385,-0.307,0.387,-0.12,-0.435,-0.048,0.479,-0.361,-0.284,0.651,0.069,0.36,0.203,-0.068,-0.457,-0.262,-0.092,0.141,0.202,-0.341,-0.289,-0.289,0.509,-0.311,-0.0,0.46,-0.128
NNDM,-0.437,0.028,-0.174,0.094,0.181,-0.027,0.03,-0.056,0.055,-0.196,-0.026,-0.019,0.008,0.367,0.125,-0.04,0.229,0.025,0.039,0.012,0.18,-0.026,-0.144,-0.216,-0.167,-0.032,0.375,-0.19,-0.231,-0.294,0.178,-0.188,-0.19,-0.013,-0.083,0.452,0.194,0.094,-0.008,-0.034,-0.121,-0.218,0.022,0.224,0.251,-0.053,0.048,-0.251,-0.043,0.016,-0.071,0.216,0.169,0.272,0.125,0.264,0.021,1.0,-0.228,0.062,-0.253,-0.148,-0.026,0.243,-0.11,0.448,-0.06,-0.069,-0.133,-0.086,-0.389,0.217,0.091,-0.174,0.119,0.048,0.329,-0.02,0.162,0.004,-0.06,0.067,0.127,-0.109,0.002,-0.03,0.006,-0.142,-0.253,0.074,0.119,-0.193,-0.329,-0.008,0.136,0.195,0.231,0.187,0.043,0.058
NVAX,0.191,0.403,0.462,0.296,-0.114,0.325,-0.342,0.271,0.14,0.304,0.344,0.328,0.032,-0.058,-0.167,-0.163,0.197,0.49,-0.166,-0.047,0.179,-0.116,0.281,0.428,0.378,0.097,-0.466,0.725,0.146,0.345,-0.231,0.278,0.295,0.496,0.393,-0.273,-0.37,0.311,0.227,-0.284,0.35,0.245,-0.339,0.022,0.066,0.21,0.153,0.144,-0.074,0.341,0.381,0.168,0.119,-0.036,0.233,-0.17,0.194,-0.228,1.0,0.275,0.332,0.252,0.267,0.174,0.074,0.114,0.235,0.27,0.322,-0.217,0.294,0.089,-0.239,0.494,-0.003,0.388,-0.46,-0.024,0.036,0.402,0.271,-0.345,-0.14,0.324,0.333,0.438,0.211,0.197,0.252,0.141,0.355,0.416,0.113,0.325,0.007,-0.138,-0.329,-0.047,0.256,0.16
NVDA,0.064,0.63,0.523,0.872,0.461,0.729,-0.424,0.553,0.745,0.363,0.496,0.456,-0.033,0.172,-0.104,-0.34,0.683,0.701,-0.172,0.033,0.62,-0.219,0.105,0.029,0.413,0.399,-0.536,-0.098,0.263,0.39,-0.318,0.555,0.568,0.538,0.55,-0.259,-0.356,0.503,0.358,-0.355,0.534,0.352,-0.5,0.608,0.401,0.254,0.552,0.153,-0.042,0.601,0.488,0.776,0.507,0.103,0.809,0.348,0.666,0.062,0.275,1.0,0.573,0.588,0.696,0.293,-0.067,0.348,0.486,0.177,0.461,-0.469,0.213,0.228,-0.363,0.507,0.276,0.687,-0.452,-0.052,0.105,0.668,0.075,-0.507,0.509,0.51,0.786,0.432,0.369,0.039,0.39,0.506,0.579,0.657,-0.041,0.063,0.254,0.045,-0.435,-0.43,0.775,0.37
NWL,0.312,0.552,0.719,0.413,-0.05,0.524,-0.454,0.4,0.389,0.797,0.752,0.663,0.113,-0.333,-0.328,-0.398,0.485,0.523,-0.49,-0.38,0.277,0.037,0.3,0.408,0.534,0.221,-0.582,-0.085,0.633,0.51,-0.499,0.902,0.895,0.454,0.569,-0.375,-0.582,0.402,0.673,-0.577,0.771,0.744,-0.317,0.12,-0.124,0.355,0.648,0.525,-0.333,0.224,0.618,0.487,0.113,-0.291,0.269,0.189,0.01,-0.253,0.332,0.573,1.0,0.283,0.826,0.355,0.062,0.128,0.567,0.408,0.652,-0.273,0.508,-0.256,-0.53,0.515,0.543,0.584,-0.679,0.233,0.256,0.488,0.452,-0.561,-0.104,0.587,0.72,0.48,0.498,0.569,0.834,0.723,0.592,0.706,0.287,0.321,0.459,-0.431,-0.545,-0.593,0.661,0.605
OCGN,0.111,0.478,0.297,0.634,0.238,0.595,-0.255,0.5,0.391,0.104,0.227,0.178,-0.229,0.236,0.019,-0.016,0.261,0.518,-0.045,0.293,0.592,-0.356,-0.106,-0.11,0.066,0.21,-0.366,0.029,0.08,0.291,-0.1,0.185,0.195,0.631,0.193,-0.232,-0.186,0.37,-0.052,-0.011,0.149,-0.046,-0.699,0.49,0.657,0.142,0.162,-0.246,0.249,0.657,0.288,0.358,0.492,0.077,0.718,0.206,0.684,-0.148,0.252,0.588,0.283,1.0,0.332,0.147,-0.176,0.358,0.115,-0.078,0.15,-0.431,-0.044,0.381,-0.136,0.57,-0.094,0.501,-0.29,-0.391,-0.125,0.505,-0.173,-0.48,0.303,0.342,0.359,0.311,0.136,-0.179,-0.058,0.185,0.371,0.3,-0.273,-0.226,-0.03,0.209,-0.425,-0.296,0.524,0.074
