,AAL,AAPL,AGNC,AMAT,AMD,AMZN,APA,ARDX,AVGO,AZN,BIDU,BILI,BKR,CAN,CHRD,CMCSA,CPRT,CRWD,CSCO,CSX,DKNG,EBAY,ERIC,EXC,FITB,FLEX,FTNT,GEN,GERN,GEVO,GILD,GOOG,GOOGL,GT,HBAN,HST,INTC,IOVA,IQ,JBLU,JD,KDP,KHC,LRCX,LYFT,MARA,MCHP,MDLZ,META,MNST,MRNA,MRVL,MSFT,MSTR,MU,MVIS,NFLX,NNDM,NVAX,NVDA,NWL,OCGN,ON,OPK,PAA,PACB,PANW,PARA,PDD,PENN,PEP,PLUG,PTEN,PTON,PYPL,QCOM,QVCGA,RIOT,ROKU,RUN,SABR,SBUX,SMCI,SNDL,STNE,TCOM,TLRY,TMUS,TSCO,TSLA,TTD,TXN,UAL,VOD,VTRS,VXRT,WBA,WBD,WDC,ZM
AAL,1.0,-0.132,0.415,0.381,-0.06,0.028,0.129,-0.273,0.348,0.1,-0.024,-0.374,0.115,0.549,0.035,0.263,0.573,0.232,0.317,-0.038,0.418,0.075,-0.018,0.059,0.52,0.037,-0.286,0.141,0.277,-0.151,0.16,0.19,0.21,0.476,0.254,0.16,0.42,0.33,-0.031,0.645,0.041,0.209,0.22,0.452,0.641,0.717,-0.039,0.171,-0.199,0.189,0.246,0.039,0.228,0.372,0.238,-0.243,-0.103,-0.156,-0.055,0.42,0.335,0.228,0.092,-0.051,-0.096,0.004,0.277,0.14,-0.199,-0.024,0.569,0.381,0.008,0.182,0.403,-0.13,0.207,0.585,0.405,0.477,0.242,0.351,-0.076,0.171,-0.39,-0.166,0.216,-0.074,0.534,0.415,0.452,0.294,0.797,0.168,0.029,0.745,0.284,0.056,0.125,0.112
AAPL,-0.132,1.0,-0.282,-0.198,0.497,-0.413,-0.444,0.527,-0.317,-0.357,-0.308,0.462,-0.268,0.291,-0.393,0.575,-0.043,0.443,0.254,0.551,-0.224,0.165,0.32,-0.358,-0.036,-0.381,-0.141,-0.386,0.027,-0.257,0.652,-0.279,-0.281,-0.305,-0.383,0.429,0.316,0.486,-0.556,-0.058,0.381,-0.452,-0.464,-0.247,0.055,0.218,0.225,0.625,-0.209,0.646,-0.016,-0.436,0.034,-0.034,-0.526,0.365,0.003,0.514,0.623,0.181,0.416,-0.49,0.518,-0.57,-0.569,0.417,0.482,-0.104,0.648,0.145,0.086,0.313,-0.398,0.476,-0.155,-0.277,0.424,0.422,0.447,-0.327,-0.525,0.657,0.129,-0.571,-0.027,-0.6,-0.525,0.122,0.192,0.078,-0.383,0.168,-0.098,-0.096,0.141,0.053,0.467,0.343,-0.641,0.523
AGNC,0.415,-0.282,1.0,0.575,-0.055,0.447,0.441,-0.184,0.676,0.469,0.231,-0.17,0.369,0.529,0.43,0.031,0.423,0.128,0.464,0.022,0.301,0.207,-0.088,0.624,0.829,0.704,0.264,0.819,0.104,0.366,-0.018,0.319,0.285,0.672,0.754,0.4,0.15,0.318,0.357,0.426,0.048,0.581,0.571,0.652,0.399,0.525,0.426,-0.112,0.15,-0.221,0.365,0.481,0.299,0.368,0.517,0.071,0.042,0.045,-0.14,0.259,0.252,0.412,0.055,0.426,0.187,-0.009,0.014,0.254,-0.367,0.322,0.436,0.263,0.345,-0.07,0.42,0.493,0.276,0.297,0.033,0.638,0.449,0.055,0.212,0.323,-0.019,0.186,0.339,0.318,0.222,0.267,0.713,0.568,0.402,0.437,0.35,0.334,-0.041,0.361,0.42,-0.007
AMAT,0.381,-0.198,0.575,1.0,-0.325,0.717,0.581,-0.311,0.869,0.29,-0.147,-0.437,0.664,0.431,0.604,-0.264,0.559,0.095,0.179,-0.172,0.603,0.073,-0.36,0.534,0.64,0.601,0.203,0.658,0.532,0.135,-0.277,0.615,0.596,0.654,0.738,0.234,-0.289,0.228,0.378,0.342,-0.14,0.558,0.584,0.923,0.502,0.38,0.22,-0.167,0.652,-0.295,0.116,0.382,0.736,0.194,0.59,-0.313,0.627,-0.223,-0.426,0.336,-0.024,0.548,-0.192,0.367,0.397,-0.255,-0.071,0.23,-0.302,-0.21,0.557,0.044,0.502,-0.37,0.657,0.629,-0.101,0.093,-0.198,0.602,0.665,-0.112,-0.163,0.392,-0.087,0.327,0.366,-0.17,0.263,0.284,0.715,0.271,0.381,0.178,0.153,0.244,-0.263,0.07,0.498,-0.202
AMD,-0.06,0.497,-0.055,-0.325,1.0,-0.517,-0.616,0.739,-0.326,-0.024,-0.01,0.587,-0.648,0.202,-0.577,0.661,-0.196,0.557,0.506,0.691,-0.528,0.142,0.664,-0.234,0.069,-0.084,0.187,-0.161,-0.466,-0.194,0.777,-0.583,-0.601,-0.397,-0.369,0.37,0.577,0.503,-0.359,0.049,0.331,-0.439,-0.457,-0.309,-0.136,0.18,0.546,0.572,-0.403,0.609,0.197,-0.102,-0.347,0.206,-0.551,0.804,-0.416,0.723,0.833,0.209,0.459,-0.677,0.789,-0.55,-0.746,0.705,0.579,-0.073,0.261,0.589,-0.326,0.492,-0.438,0.686,-0.469,-0.008,0.743,0.439,0.579,-0.429,-0.586,0.653,0.707,-0.634,0.247,-0.57,-0.666,0.581,0.003,0.041,-0.368,0.526,-0.183,0.315,0.442,0.086,0.482,0.543,-0.579,0.69
AMZN,0.028,-0.413,0.447,0.717,-0.517,1.0,0.775,-0.419,0.667,0.51,0.07,-0.416,0.747,-0.069,0.868,-0.52,0.41,-0.275,-0.066,-0.487,0.369,0.225,-0.486,0.713,0.37,0.59,0.335,0.709,0.461,0.445,-0.529,0.716,0.682,0.555,0.823,-0.072,-0.503,-0.258,0.596,0.074,-0.135,0.714,0.683,0.682,0.038,-0.081,0.159,-0.518,0.748,-0.538,-0.06,0.529,0.612,0.038,0.631,-0.341,0.617,-0.344,-0.565,-0.167,-0.148,0.567,-0.413,0.643,0.749,-0.521,-0.423,0.246,-0.425,-0.222,0.363,-0.372,0.631,-0.626,0.582,0.674,-0.346,-0.328,-0.491,0.537,0.831,-0.451,-0.21,0.629,0.043,0.562,0.516,-0.049,-0.038,0.088,0.593,0.051,0.148,0.144,-0.037,-0.078,-0.55,-0.091,0.715,-0.459
APA,0.129,-0.444,0.441,0.581,-0.616,0.775,1.0,-0.596,0.597,0.221,0.286,-0.503,0.896,-0.002,0.872,-0.508,0.494,-0.426,-0.221,-0.506,0.385,0.234,-0.646,0.586,0.308,0.36,0.139,0.548,0.503,0.404,-0.525,0.732,0.693,0.614,0.707,-0.163,-0.418,-0.25,0.497,-0.027,0.002,0.766,0.779,0.615,0.041,0.089,-0.158,-0.473,0.526,-0.569,-0.223,0.444,0.521,0.023,0.685,-0.556,0.484,-0.603,-0.629,-0.109,-0.134,0.563,-0.558,0.762,0.697,-0.634,-0.572,0.277,-0.357,-0.32,0.479,-0.447,0.674,-0.642,0.547,0.413,-0.384,-0.248,-0.536,0.668,0.777,-0.438,-0.361,0.69,-0.218,0.647,0.672,-0.15,0.031,-0.135,0.619,-0.104,0.338,0.118,0.057,0.155,-0.516,-0.282,0.682,-0.602
ARDX,-0.273,0.527,-0.184,-0.311,0.739,-0.419,-0.596,1.0,-0.399,-0.164,-0.278,0.511,-0.588,0.082,-0.58,0.615,-0.406,0.537,0.428,0.67,-0.441,-0.011,0.62,-0.345,-0.079,-0.089,0.304,-0.199,-0.465,-0.333,0.707,-0.645,-0.654,-0.626,-0.413,0.402,0.422,0.534,-0.35,-0.146,0.05,-0.644,-0.654,-0.409,-0.177,-0.054,0.451,0.668,-0.114,0.688,0.186,-0.401,-0.249,0.032,-0.727,0.776,-0.12,0.62,0.77,0.095,0.303,-0.688,0.816,-0.672,-0.616,0.669,0.603,-0.077,0.309,0.348,-0.386,0.432,-0.418,0.539,-0.57,-0.07,0.673,0.324,0.432,-0.566,-0.533,0.573,0.594,-0.72,0.254,-0.533,-0.742,0.423,-0.08,0.001,-0.574,0.349,-0.477,0.022,0.381,-0.174,0.549,0.46,-0.633,0.78
AVGO,0.348,-0.317,0.676,0.869,-0.326,0.667,0.597,-0.399,1.0,0.333,0.079,-0.43,0.637,0.385,0.622,-0.283,0.606,0.093,0.185,-0.243,0.612,0.049,-0.379,0.562,0.629,0.731,0.274,0.718,0.466,0.203,-0.309,0.592,0.565,0.712,0.741,0.111,-0.228,0.203,0.353,0.285,-0.188,0.676,0.714,0.947,0.559,0.349,0.114,-0.299,0.511,-0.415,0.072,0.5,0.625,0.276,0.751,-0.307,0.516,-0.223,-0.457,0.352,-0.021,0.615,-0.273,0.495,0.386,-0.336,-0.153,0.361,-0.385,-0.178,0.518,0.027,0.522,-0.367,0.648,0.618,-0.084,0.036,-0.241,0.607,0.674,-0.159,-0.032,0.486,-0.189,0.394,0.482,-0.035,0.316,0.151,0.816,0.253,0.396,0.34,0.156,0.257,-0.398,0.099,0.573,-0.3
AZN,0.1,-0.357,0.469,0.29,-0.024,0.51,0.221,-0.164,0.333,1.0,0.275,0.094,0.141,-0.085,0.39,-0.256,0.076,-0.014,0.243,-0.24,0.079,0.271,0.053,0.645,0.397,0.576,0.419,0.639,-0.124,0.692,-0.168,0.14,0.128,0.335,0.56,0.11,-0.065,-0.174,0.48,0.11,0.087,0.396,0.305,0.305,-0.03,0.03,0.492,-0.392,0.249,-0.346,0.247,0.691,0.024,0.162,0.348,0.155,-0.059,0.156,-0.211,-0.23,0.035,0.199,0.063,0.429,0.336,0.001,-0.182,0.207,-0.529,0.377,-0.05,0.059,0.29,-0.139,0.136,0.609,0.11,-0.189,-0.208,0.457,0.358,-0.211,0.213,0.452,0.294,0.294,0.267,0.443,-0.222,0.138,0.294,0.405,0.106,0.405,0.162,-0.019,-0.238,0.33,0.488,-0.11
BIDU,-0.024,-0.308,0.231,-0.147,-0.01,0.07,0.286,-0.278,0.079,0.275,1.0,0.094,0.041,-0.153,0.154,-0.129,0.093,-0.152,-0.13,-0.15,-0.181,0.155,-0.086,0.241,0.028,0.191,0.259,0.196,-0.219,0.335,-0.13,0.002,-0.011,0.151,0.114,-0.234,0.051,-0.18,0.389,-0.215,0.341,0.265,0.302,0.041,-0.232,0.006,-0.029,-0.33,-0.117,-0.306,-0.184,0.333,-0.242,0.075,0.253,-0.05,-0.272,-0.141,-0.201,-0.094,-0.021,0.085,-0.186,0.424,0.167,-0.218,-0.365,0.332,-0.186,0.271,-0.119,-0.246,0.139,-0.02,-0.103,0.058,0.019,-0.167,-0.277,0.151,0.083,-0.115,0.146,0.288,-0.154,0.322,0.315,0.364,-0.153,-0.241,0.116,-0.011,0.13,0.241,0.239,0.086,-0.358,0.057,0.228,-0.205
BILI,-0.374,0.462,-0.17,-0.437,0.587,-0.416,-0.503,0.511,-0.43,0.094,0.094,1.0,-0.538,-0.045,-0.471,0.268,-0.463,0.19,0.288,0.422,-0.604,0.112,0.5,-0.047,-0.09,-0.152,0.188,-0.153,-0.551,0.166,0.399,-0.53,-0.542,-0.419,-0.328,0.323,0.283,0.138,-0.02,-0.371,0.506,-0.473,-0.499,-0.446,-0.282,-0.083,0.487,0.203,-0.33,0.228,0.126,-0.013,-0.458,-0.247,-0.445,0.649,-0.49,0.712,0.466,-0.231,0.148,-0.593,0.537,-0.231,-0.339,0.55,0.184,-0.141,0.337,0.507,-0.533,0.28,-0.314,0.414,-0.571,0.025,0.411,0.012,0.176,-0.291,-0.54,0.283,0.308,-0.511,0.265,-0.213,-0.589,0.41,-0.331,-0.113,-0.467,0.246,-0.432,0.076,0.313,-0.315,0.243,0.581,-0.368,0.394
BKR,0.115,-0.268,0.369,0.664,-0.648,0.747,0.896,-0.588,0.637,0.141,0.041,-0.538,1.0,0.105,0.867,-0.523,0.507,-0.362,-0.242,-0.462,0.542,0.196,-0.711,0.564,0.334,0.272,0.037,0.499,0.703,0.346,-0.514,0.757,0.726,0.62,0.697,-0.035,-0.525,-0.178,0.359,0.014,-0.052,0.733,0.753,0.677,0.185,0.136,-0.176,-0.395,0.596,-0.491,-0.257,0.344,0.673,-0.044,0.653,-0.646,0.617,-0.585,-0.596,-0.027,-0.124,0.61,-0.569,0.653,0.631,-0.618,-0.515,0.182,-0.177,-0.438,0.594,-0.365,0.669,-0.629,0.663,0.397,-0.436,-0.181,-0.515,0.636,0.755,-0.39,-0.515,0.616,-0.235,0.571,0.596,-0.309,0.152,-0.078,0.635,-0.143,0.406,0.026,-0.029,0.139,-0.457,-0.292,0.569,-0.601
CAN,0.549,0.291,0.529,0.431,0.202,-0.069,-0.002,0.082,0.385,-0.085,-0.153,-0.045,0.105,1.0,-0.103,0.393,0.39,0.487,0.405,0.384,0.373,0.098,0.116,0.005,0.633,0.128,-0.112,0.229,0.161,-0.132,0.364,-0.041,-0.061,0.366,0.2,0.481,0.361,0.709,-0.124,0.533,0.173,0.04,0.071,0.435,0.624,0.871,0.23,0.349,-0.063,0.288,0.229,-0.051,0.322,0.436,0.096,0.109,0.051,0.276,0.213,0.555,0.375,0.114,0.333,-0.139,-0.327,0.329,0.379,0.179,0.188,0.186,0.4,0.625,0.006,0.315,0.324,0.013,0.447,0.796,0.435,0.355,0.011,0.486,0.077,-0.228,-0.131,-0.328,-0.126,0.038,0.478,0.342,0.418,0.433,0.502,0.128,0.261,0.476,0.414,0.354,-0.142,0.319
CHRD,0.035,-0.393,0.43,0.604,-0.577,0.868,0.872,-0.58,0.622,0.39,0.154,-0.471,0.867,-0.103,1.0,-0.526,0.46,-0.419,-0.191,-0.536,0.39,0.25,-0.645,0.749,0.357,0.45,0.198,0.617,0.623,0.538,-0.551,0.823,0.787,0.653,0.829,-0.137,-0.499,-0.328,0.51,-0.018,0.009,0.876,0.838,0.643,-0.001,-0.044,-0.031,-0.545,0.582,-0.566,-0.131,0.616,0.497,0.007,0.685,-0.497,0.524,-0.515,-0.572,-0.168,-0.128,0.524,-0.563,0.719,0.719,-0.637,-0.544,0.223,-0.388,-0.309,0.546,-0.471,0.722,-0.705,0.635,0.569,-0.409,-0.359,-0.561,0.634,0.817,-0.455,-0.32,0.711,-0.099,0.656,0.644,-0.059,-0.012,0.001,0.629,-0.063,0.268,0.238,-0.027,0.03,-0.587,-0.227,0.697,-0.579
CMCSA,0.263,0.575,0.031,-0.264,0.661,-0.52,-0.508,0.615,-0.283,-0.256,-0.129,0.268,-0.523,0.393,-0.526,1.0,0.052,0.575,0.561,0.752,-0.289,0.113,0.548,-0.351,0.22,-0.219,-0.052,-0.21,-0.154,-0.395,0.866,-0.439,-0.445,-0.233,-0.3,0.449,0.788,0.715,-0.553,0.226,0.202,-0.433,-0.487,-0.243,0.126,0.435,0.288,0.824,-0.466,0.796,0.264,-0.419,-0.184,0.257,-0.569,0.532,-0.3,0.458,0.755,0.357,0.629,-0.543,0.724,-0.676,-0.675,0.527,0.75,-0.006,0.3,0.323,0.126,0.534,-0.51,0.696,-0.272,-0.349,0.776,0.676,0.713,-0.294,-0.521,0.875,0.472,-0.602,-0.11,-0.747,-0.463,0.433,0.391,0.165,-0.315,0.459,0.133,0.235,0.382,0.41,0.652,0.435,-0.649,0.794
CPRT,0.573,-0.043,0.423,0.559,-0.196,0.41,0.494,-0.406,0.606,0.076,0.093,-0.463,0.507,0.39,0.46,0.052,1.0,0.191,0.211,-0.092,0.407,0.493,-0.252,0.315,0.492,0.202,-0.184,0.322,0.565,0.003,0.045,0.582,0.553,0.646,0.491,0.123,0.048,0.26,-0.007,0.473,0.157,0.525,0.546,0.668,0.55,0.489,-0.046,-0.041,0.063,0.04,-0.083,0.228,0.662,0.394,0.411,-0.339,0.304,-0.237,-0.163,0.414,0.381,0.343,-0.214,0.198,0.104,-0.16,0.15,0.143,-0.125,-0.239,0.714,0.072,0.241,-0.118,0.777,0.13,0.011,0.275,0.154,0.466,0.408,0.198,-0.102,0.262,-0.429,0.062,0.314,-0.025,0.7,0.118,0.585,0.192,0.693,0.222,0.165,0.527,-0.11,-0.07,0.203,-0.189
CRWD,0.232,0.443,0.128,0.095,0.557,-0.275,-0.426,0.537,0.093,-0.014,-0.152,0.19,-0.362,0.487,-0.419,0.575,0.191,1.0,0.562,0.539,0.08,0.084,0.482,-0.185,0.285,0.147,0.071,0.025,-0.206,-0.392,0.705,-0.362,-0.363,-0.093,-0.206,0.41,0.39,0.721,-0.398,0.379,0.078,-0.32,-0.342,0.094,0.431,0.434,0.312,0.559,-0.149,0.584,0.262,-0.227,0.17,0.468,-0.363,0.496,0.067,0.48,0.522,0.652,0.364,-0.309,0.647,-0.57,-0.675,0.577,0.733,-0.049,0.181,0.365,0.044,0.556,-0.425,0.484,-0.008,-0.09,0.655,0.589,0.585,-0.234,-0.43,0.674,0.562,-0.486,0.005,-0.566,-0.46,0.339,0.285,0.157,-0.05,0.383,0.091,0.076,0.36,0.231,0.441,0.369,-0.469,0.658
CSCO,0.317,0.254,0.464,0.179,0.506,-0.066,-0.221,0.428,0.185,0.243,-0.13,0.288,-0.242,0.405,-0.191,0.561,0.211,0.562,1.0,0.498,-0.132,0.2,0.433,0.166,0.617,0.286,0.129,0.385,-0.179,-0.093,0.633,-0.183,-0.197,0.087,0.192,0.673,0.579,0.638,-0.171,0.325,0.154,-0.056,-0.15,0.202,0.344,0.378,0.693,0.492,-0.214,0.456,0.559,0.02,0.114,0.211,-0.183,0.533,-0.208,0.494,0.464,0.292,0.554,-0.25,0.669,-0.279,-0.366,0.537,0.681,-0.03,-0.057,0.521,0.173,0.589,-0.318,0.518,-0.036,0.231,0.733,0.459,0.547,0.081,-0.188,0.642,0.514,-0.349,0.055,-0.376,-0.376,0.515,0.284,0.246,0.031,0.774,0.197,0.378,0.448,0.307,0.429,0.694,-0.202,0.652
CSX,-0.038,0.551,0.022,-0.172,0.691,-0.487,-0.506,0.67,-0.243,-0.24,-0.15,0.422,-0.462,0.384,-0.536,0.752,-0.092,0.539,0.498,1.0,-0.348,0.122,0.51,-0.267,0.235,-0.151,0.121,-0.115,-0.295,-0.264,0.726,-0.534,-0.555,-0.306,-0.278,0.614,0.536,0.736,-0.387,0.047,0.18,-0.494,-0.485,-0.192,0.054,0.283,0.428,0.791,-0.249,0.639,0.114,-0.337,-0.085,-0.034,-0.593,0.602,-0.241,0.51,0.681,0.257,0.435,-0.589,0.689,-0.658,-0.614,0.707,0.652,0.015,0.392,0.35,-0.113,0.604,-0.444,0.614,-0.354,-0.102,0.715,0.437,0.498,-0.369,-0.542,0.708,0.384,-0.696,0.076,-0.575,-0.583,0.369,0.245,-0.008,-0.329,0.481,-0.062,0.139,0.53,0.151,0.542,0.522,-0.616,0.691
DKNG,0.418,-0.224,0.301,0.603,-0.528,0.369,0.385,-0.441,0.612,0.079,-0.181,-0.604,0.542,0.373,0.39,-0.289,0.407,0.08,-0.132,-0.348,1.0,-0.236,-0.461,0.108,0.298,0.268,-0.095,0.266,0.453,0.047,-0.342,0.439,0.451,0.512,0.367,-0.025,-0.256,0.064,0.057,0.33,-0.36,0.407,0.395,0.61,0.69,0.396,-0.324,-0.156,0.421,-0.261,-0.001,0.105,0.532,0.187,0.548,-0.572,0.547,-0.426,-0.485,0.388,-0.217,0.623,-0.319,0.21,0.255,-0.397,-0.138,0.192,-0.143,-0.401,0.526,0.057,0.324,-0.301,0.597,0.078,-0.331,0.178,-0.148,0.478,0.476,-0.224,-0.388,0.452,-0.266,0.217,0.485,-0.461,0.347,0.298,0.629,-0.168,0.464,-0.187,-0.205,0.338,-0.167,-0.256,0.384,-0.343
EBAY,0.075,0.165,0.207,0.073,0.142,0.225,0.234,-0.011,0.049,0.271,0.155,0.112,0.196,0.098,0.25,0.113,0.493,0.084,0.2,0.122,-0.236,1.0,0.173,0.336,0.215,-0.01,-0.053,0.184,0.18,0.258,0.233,0.166,0.134,0.246,0.26,0.231,0.098,0.114,0.076,0.167,0.512,0.165,0.178,0.112,-0.053,0.155,0.297,-0.043,-0.081,0.117,-0.254,0.22,0.254,0.15,-0.028,0.14,-0.089,0.134,0.181,-0.101,0.495,-0.161,0.039,0.106,-0.038,0.192,0.094,0.039,0.07,0.144,0.193,0.084,0.073,-0.023,0.287,0.163,0.235,0.042,0.14,0.163,0.038,0.192,0.156,-0.05,0.074,-0.057,-0.076,0.354,0.216,-0.235,0.039,0.31,0.258,0.274,0.302,0.078,-0.036,0.173,-0.042,-0.052
ERIC,-0.018,0.32,-0.088,-0.36,0.664,-0.486,-0.646,0.62,-0.379,0.053,-0.086,0.5,-0.711,0.116,-0.645,0.548,-0.252,0.482,0.433,0.51,-0.461,0.173,1.0,-0.277,-0.019,-0.068,0.1,-0.155,-0.517,-0.234,0.631,-0.538,-0.515,-0.257,-0.395,0.325,0.482,0.394,-0.274,0.197,0.18,-0.557,-0.564,-0.409,-0.069,0.102,0.403,0.424,-0.425,0.464,0.132,-0.234,-0.333,0.238,-0.561,0.754,-0.443,0.631,0.54,0.094,0.406,-0.589,0.664,-0.518,-0.601,0.632,0.529,-0.006,0.172,0.549,-0.411,0.538,-0.536,0.573,-0.471,-0.126,0.658,0.271,0.571,-0.402,-0.548,0.507,0.642,-0.552,0.316,-0.516,-0.546,0.526,-0.048,0.014,-0.443,0.417,-0.22,0.259,0.362,0.013,0.417,0.532,-0.534,0.588
EXC,0.059,-0.358,0.624,0.534,-0.234,0.713,0.586,-0.345,0.562,0.645,0.241,-0.047,0.564,0.005,0.749,-0.351,0.315,-0.185,0.166,-0.267,0.108,0.336,-0.277,1.0,0.604,0.588,0.359,0.784,0.272,0.63,-0.295,0.563,0.526,0.622,0.859,0.208,-0.291,-0.147,0.632,0.047,0.185,0.71,0.675,0.582,-0.01,0.055,0.42,-0.442,0.376,-0.47,0.124,0.744,0.321,0.034,0.489,-0.068,0.151,-0.094,-0.373,-0.153,0.018,0.304,-0.215,0.612,0.512,-0.224,-0.318,0.104,-0.426,0.105,0.336,-0.15,0.573,-0.427,0.443,0.717,-0.045,-0.262,-0.344,0.599,0.617,-0.25,-0.043,0.445,0.093,0.525,0.324,0.257,-0.067,0.086,0.561,0.295,0.208,0.407,0.285,-0.011,-0.415,0.197,0.539,-0.297
FITB,0.52,-0.036,0.829,0.64,0.069,0.37,0.308,-0.079,0.629,0.397,0.028,-0.09,0.334,0.633,0.357,0.22,0.492,0.285,0.617,0.235,0.298,0.215,-0.019,0.604,1.0,0.513,0.2,0.737,0.23,0.279,0.197,0.281,0.253,0.632,0.744,0.63,0.259,0.523,0.218,0.425,0.138,0.476,0.428,0.694,0.495,0.638,0.542,0.174,0.126,0.04,0.386,0.385,0.393,0.268,0.33,0.098,0.064,0.13,-0.042,0.334,0.39,0.246,0.247,0.175,0.074,0.139,0.231,0.215,-0.278,0.291,0.57,0.426,0.25,0.155,0.426,0.487,0.456,0.408,0.19,0.61,0.368,0.356,0.126,0.144,-0.098,0.023,0.151,0.326,0.378,0.402,0.578,0.676,0.542,0.476,0.462,0.493,0.142,0.54,0.254,0.217
FLEX,0.037,-0.381,0.704,0.601,-0.084,0.59,0.36,-0.089,0.731,0.576,0.191,-0.152,0.272,0.128,0.45,-0.219,0.202,0.147,0.286,-0.151,0.268,-0.01,-0.068,0.588,0.513,1.0,0.587,0.83,-0.038,0.353,-0.227,0.341,0.314,0.495,0.643,0.162,-0.201,0.134,0.416,0.185,-0.247,0.533,0.515,0.634,0.218,0.103,0.354,-0.301,0.461,-0.414,0.279,0.557,0.284,0.315,0.538,0.172,0.31,0.022,-0.293,0.191,-0.13,0.429,-0.025,0.452,0.291,-0.126,-0.118,0.284,-0.559,0.238,0.145,-0.008,0.413,-0.301,0.29,0.695,0.085,-0.105,-0.244,0.401,0.461,-0.213,0.366,0.389,0.11,0.315,0.346,0.324,-0.05,0.152,0.588,0.358,-0.033,0.385,0.224,-0.009,-0.346,0.249,0.502,-0.097
FTNT,-0.286,-0.141,0.264,0.203,0.187,0.335,0.139,0.304,0.274,0.419,0.259,0.188,0.037,-0.112,0.198,-0.052,-0.184,0.071,0.129,0.121,-0.095,-0.053,0.1,0.359,0.2,0.587,1.0,0.48,-0.282,0.354,-0.078,-0.068,-0.1,-0.01,0.302,0.095,-0.034,0.12,0.433,-0.342,-0.071,0.139,0.167,0.231,-0.272,-0.148,0.381,-0.066,0.511,-0.192,0.03,0.401,-0.045,-0.083,0.088,0.328,0.234,0.099,-0.072,-0.169,-0.212,-0.11,0.233,0.173,0.24,0.036,-0.175,0.571,-0.282,0.274,-0.237,0.031,0.389,-0.064,-0.251,0.609,0.198,-0.2,-0.302,0.09,0.328,-0.085,0.297,0.192,0.123,0.292,0.093,0.486,-0.338,0.04,0.092,0.223,-0.3,0.405,0.498,-0.163,-0.199,0.411,0.254,0.111
GEN,0.141,-0.386,0.819,0.658,-0.161,0.709,0.548,-0.199,0.718,0.639,0.196,-0.153,0.499,0.229,0.617,-0.21,0.322,0.025,0.385,-0.115,0.266,0.184,-0.155,0.784,0.737,0.83,0.48,1.0,0.126,0.481,-0.212,0.44,0.401,0.626,0.854,0.325,-0.148,0.126,0.5,0.196,-0.087,0.67,0.626,0.705,0.214,0.219,0.469,-0.245,0.466,-0.381,0.254,0.597,0.413,0.206,0.574,0.062,0.256,-0.036,-0.338,0.06,0.042,0.459,-0.024,0.55,0.432,-0.151,-0.153,0.235,-0.515,0.28,0.323,0.021,0.461,-0.264,0.387,0.745,0.137,-0.051,-0.238,0.589,0.596,-0.146,0.169,0.429,0.12,0.378,0.365,0.317,0.041,0.183,0.637,0.469,0.225,0.411,0.306,0.112,-0.275,0.343,0.59,-0.116
GERN,0.277,0.027,0.104,0.532,-0.466,0.461,0.503,-0.465,0.466,-0.124,-0.219,-0.551,0.703,0.161,0.623,-0.154,0.565,-0.206,-0.179,-0.295,0.453,0.18,-0.517,0.272,0.23,-0.038,-0.282,0.126,1.0,-0.019,-0.245,0.692,0.686,0.509,0.444,-0.065,-0.311,-0.024,0.016,0.228,0.023,0.504,0.512,0.533,0.265,0.176,-0.235,-0.134,0.336,-0.128,-0.175,0.084,0.567,0.052,0.387,-0.606,0.553,-0.434,-0.272,0.159,0.187,0.4,-0.476,0.205,0.316,-0.521,-0.164,0.041,0.039,-0.573,0.737,-0.238,0.357,-0.409,0.698,0.12,-0.317,0.018,-0.177,0.35,0.5,-0.059,-0.438,0.318,-0.288,0.156,0.358,-0.345,0.4,0.082,0.418,-0.098,0.469,0.124,-0.176,0.203,-0.278,-0.303,0.221,-0.348
GEVO,-0.151,-0.257,0.366,0.135,-0.194,0.445,0.404,-0.333,0.203,0.692,0.335,0.166,0.346,-0.132,0.538,-0.395,0.003,-0.392,-0.093,-0.264,0.047,0.258,-0.234,0.63,0.279,0.353,0.354,0.481,-0.019,1.0,-0.348,0.249,0.221,0.366,0.549,0.074,-0.19,-0.333,0.548,-0.203,0.284,0.483,0.382,0.183,-0.225,-0.025,0.288,-0.513,0.19,-0.523,0.034,0.726,-0.069,-0.11,0.383,-0.017,-0.072,-0.014,-0.312,-0.4,-0.081,0.174,-0.175,0.604,0.491,-0.136,-0.514,0.251,-0.368,0.202,-0.014,-0.09,0.517,-0.29,0.097,0.515,-0.106,-0.348,-0.456,0.571,0.372,-0.377,-0.109,0.498,0.198,0.478,0.399,0.282,-0.282,-0.012,0.263,0.167,0.035,0.319,0.162,-0.135,-0.319,0.2,0.507,-0.376
GILD,0.16,0.652,-0.018,-0.277,0.777,-0.529,-0.525,0.707,-0.309,-0.168,-0.13,0.399,-0.514,0.364,-0.551,0.866,0.045,0.705,0.633,0.726,-0.342,0.233,0.631,-0.295,0.197,-0.227,-0.078,-0.212,-0.245,-0.348,1.0,-0.496,-0.501,-0.291,-0.351,0.51,0.708,0.706,-0.542,0.185,0.343,-0.464,-0.515,-0.281,0.101,0.383,0.4,0.792,-0.496,0.806,0.231,-0.352,-0.122,0.284,-0.67,0.668,-0.315,0.585,0.822,0.378,0.66,-0.649,0.81,-0.671,-0.814,0.687,0.795,-0.122,0.352,0.413,0.015,0.587,-0.578,0.745,-0.296,-0.275,0.853,0.624,0.738,-0.332,-0.628,0.906,0.572,-0.683,-0.013,-0.737,-0.618,0.502,0.321,0.054,-0.367,0.517,0.048,0.22,0.435,0.316,0.625,0.478,-0.76,0.787
GOOG,0.19,-0.279,0.319,0.615,-0.583,0.716,0.732,-0.645,0.592,0.14,0.002,-0.53,0.757,-0.041,0.823,-0.439,0.582,-0.362,-0.183,-0.534,0.439,0.166,-0.538,0.563,0.281,0.341,-0.068,0.44,0.692,0.249,-0.496,1.0,0.993,0.758,0.659,-0.097,-0.483,-0.28,0.319,0.2,-0.013,0.76,0.772,0.638,0.212,0.042,-0.153,-0.44,0.441,-0.477,-0.13,0.397,0.597,0.042,0.635,-0.537,0.519,-0.521,-0.577,0.036,-0.081,0.536,-0.608,0.569,0.587,-0.663,-0.392,0.074,-0.245,-0.431,0.671,-0.42,0.517,-0.612,0.75,0.392,-0.499,-0.287,-0.351,0.542,0.73,-0.374,-0.391,0.614,-0.197,0.507,0.616,-0.291,0.229,0.12,0.647,-0.11,0.337,0.1,-0.142,0.151,-0.545,-0.302,0.544,-0.609
GOOGL,0.21,-0.281,0.285,0.596,-0.601,0.682,0.693,-0.654,0.565,0.128,-0.011,-0.542,0.726,-0.061,0.787,-0.445,0.553,-0.363,-0.197,-0.555,0.451,0.134,-0.515,0.526,0.253,0.314,-0.1,0.401,0.686,0.221,-0.501,0.993,1.0,0.745,0.623,-0.111,-0.481,-0.298,0.305,0.204,-0.02,0.723,0.739,0.613,0.234,0.028,-0.18,-0.439,0.423,-0.472,-0.132,0.358,0.572,0.019,0.62,-0.56,0.501,-0.54,-0.596,0.049,-0.094,0.538,-0.62,0.549,0.584,-0.676,-0.386,0.069,-0.239,-0.444,0.669,-0.42,0.476,-0.595,0.722,0.356,-0.516,-0.303,-0.337,0.516,0.709,-0.378,-0.406,0.622,-0.197,0.502,0.634,-0.326,0.221,0.129,0.614,-0.131,0.339,0.072,-0.176,0.166,-0.54,-0.312,0.531,-0.612
GT,0.476,-0.305,0.672,0.654,-0.397,0.555,0.614,-0.626,0.712,0.335,0.151,-0.419,0.62,0.366,0.653,-0.233,0.646,-0.093,0.087,-0.306,0.512,0.246,-0.257,0.622,0.632,0.495,-0.01,0.626,0.509,0.366,-0.291,0.758,0.745,1.0,0.722,0.145,-0.191,0.04,0.333,0.496,0.096,0.776,0.766,0.751,0.446,0.475,0.026,-0.338,0.211,-0.45,0.06,0.52,0.499,0.319,0.667,-0.33,0.248,-0.319,-0.479,0.254,0.104,0.544,-0.339,0.511,0.354,-0.381,-0.265,0.249,-0.333,-0.034,0.666,0.027,0.447,-0.335,0.728,0.375,-0.135,0.043,-0.1,0.756,0.62,-0.138,-0.181,0.532,-0.212,0.328,0.583,-0.001,0.322,0.277,0.826,0.205,0.602,0.357,0.119,0.394,-0.358,0.033,0.509,-0.429
HBAN,0.254,-0.383,0.754,0.738,-0.369,0.823,0.707,-0.413,0.741,0.56,0.114,-0.328,0.697,0.2,0.829,-0.3,0.491,-0.206,0.192,-0.278,0.367,0.26,-0.395,0.859,0.744,0.643,0.302,0.854,0.444,0.549,-0.351,0.659,0.623,0.722,1.0,0.216,-0.23,-0.029,0.553,0.189,-0.002,0.797,0.758,0.77,0.218,0.218,0.332,-0.366,0.489,-0.415,0.13,0.647,0.486,0.12,0.662,-0.239,0.333,-0.218,-0.452,-0.043,0.073,0.532,-0.265,0.629,0.61,-0.335,-0.271,0.261,-0.489,-0.035,0.544,-0.104,0.634,-0.406,0.604,0.71,-0.072,-0.091,-0.317,0.728,0.788,-0.221,-0.131,0.576,-0.019,0.503,0.507,0.126,0.146,0.234,0.702,0.333,0.374,0.397,0.198,0.183,-0.337,0.171,0.668,-0.296
HST,0.16,0.429,0.4,0.234,0.37,-0.072,-0.163,0.402,0.111,0.11,-0.234,0.323,-0.035,0.481,-0.137,0.449,0.123,0.41,0.673,0.614,-0.025,0.231,0.325,0.208,0.63,0.162,0.095,0.325,-0.065,0.074,0.51,-0.097,-0.111,0.145,0.216,1.0,0.362,0.663,-0.149,0.22,0.211,-0.118,-0.166,0.184,0.327,0.43,0.63,0.572,-0.065,0.419,0.294,-0.096,0.254,-0.04,-0.238,0.431,-0.073,0.424,0.369,0.236,0.497,-0.211,0.581,-0.283,-0.311,0.49,0.485,-0.122,0.202,0.368,0.23,0.605,-0.181,0.424,0.017,0.197,0.604,0.406,0.34,0.12,-0.178,0.569,0.206,-0.387,0.046,-0.316,-0.356,0.31,0.316,0.19,0.001,0.652,0.173,0.145,0.521,0.215,0.459,0.642,-0.283,0.5
INTC,0.42,0.316,0.15,-0.289,0.577,-0.503,-0.418,0.422,-0.228,-0.065,0.051,0.283,-0.525,0.361,-0.499,0.788,0.048,0.39,0.579,0.536,-0.256,0.098,0.482,-0.291,0.259,-0.201,-0.034,-0.148,-0.311,-0.19,0.708,-0.483,-0.481,-0.191,-0.23,0.362,1.0,0.533,-0.348,0.173,0.279,-0.332,-0.381,-0.202,0.159,0.443,0.297,0.609,-0.584,0.61,0.335,-0.173,-0.323,0.181,-0.364,0.427,-0.522,0.393,0.594,0.197,0.535,-0.466,0.663,-0.453,-0.518,0.491,0.588,0.131,0.148,0.421,0.027,0.6,-0.41,0.686,-0.346,-0.277,0.716,0.612,0.613,-0.094,-0.409,0.728,0.427,-0.399,-0.156,-0.559,-0.32,0.429,0.294,0.156,-0.231,0.494,0.266,0.302,0.337,0.442,0.551,0.473,-0.408,0.644
IOVA,0.33,0.486,0.318,0.228,0.503,-0.258,-0.25,0.534,0.203,-0.174,-0.18,0.138,-0.178,0.709,-0.328,0.715,0.26,0.721,0.638,0.736,0.064,0.114,0.394,-0.147,0.523,0.134,0.12,0.126,-0.024,-0.333,0.706,-0.28,-0.298,0.04,-0.029,0.663,0.533,1.0,-0.365,0.346,0.095,-0.237,-0.246,0.237,0.472,0.622,0.379,0.747,-0.128,0.638,0.264,-0.289,0.224,0.316,-0.303,0.443,0.014,0.391,0.525,0.618,0.548,-0.266,0.67,-0.524,-0.58,0.562,0.703,0.138,0.182,0.275,0.254,0.703,-0.289,0.535,0.007,-0.011,0.765,0.708,0.516,-0.048,-0.288,0.794,0.436,-0.53,-0.167,-0.533,-0.402,0.324,0.503,0.186,0.003,0.604,0.259,0.241,0.555,0.388,0.572,0.531,-0.462,0.703
IQ,-0.031,-0.556,0.357,0.378,-0.359,0.596,0.497,-0.35,0.353,0.48,0.389,-0.02,0.359,-0.124,0.51,-0.553,-0.007,-0.398,-0.171,-0.387,0.057,0.076,-0.274,0.632,0.218,0.416,0.433,0.5,0.016,0.548,-0.542,0.319,0.305,0.333,0.553,-0.149,-0.348,-0.365,1.0,-0.235,0.112,0.4,0.441,0.35,-0.217,-0.122,0.182,-0.623,0.436,-0.667,-0.104,0.626,0.052,-0.184,0.413,-0.166,0.098,-0.215,-0.578,-0.345,-0.33,0.249,-0.364,0.622,0.62,-0.295,-0.566,0.3,-0.403,-0.031,-0.092,-0.252,0.543,-0.479,0.07,0.572,-0.254,-0.438,-0.56,0.49,0.606,-0.519,-0.183,0.463,0.151,0.676,0.364,0.053,-0.367,-0.031,0.33,0.025,-0.052,0.223,0.13,-0.22,-0.491,0.027,0.609,-0.415
JBLU,0.645,-0.058,0.426,0.342,0.049,0.074,-0.027,-0.146,0.285,0.11,-0.215,-0.371,0.014,0.533,-0.018,0.226,0.473,0.379,0.325,0.047,0.33,0.167,0.197,0.047,0.425,0.185,-0.342,0.196,0.228,-0.203,0.185,0.2,0.204,0.496,0.189,0.22,0.173,0.346,-0.235,1.0,-0.096,0.176,0.145,0.338,0.521,0.534,0.126,0.132,-0.141,0.192,0.378,-0.043,0.34,0.619,0.124,0.037,0.023,0.087,0.133,0.507,0.395,0.255,0.136,-0.177,-0.242,0.159,0.404,-0.112,-0.135,0.175,0.404,0.401,-0.128,0.14,0.561,-0.059,0.198,0.54,0.493,0.211,0.054,0.266,0.201,-0.026,0.024,-0.377,0.003,-0.0,0.456,0.436,0.427,0.36,0.526,0.103,-0.06,0.371,0.259,0.026,-0.013,0.16
JD,0.041,0.381,0.048,-0.14,0.331,-0.135,0.002,0.05,-0.188,0.087,0.341,0.506,-0.052,0.173,0.009,0.202,0.157,0.078,0.154,0.18,-0.36,0.512,0.18,0.185,0.138,-0.247,-0.071,-0.087,0.023,0.284,0.343,-0.013,-0.02,0.096,-0.002,0.211,0.279,0.095,0.112,-0.096,1.0,0.004,0.0,-0.101,-0.151,0.251,0.311,0.035,-0.302,0.177,-0.033,0.207,-0.13,-0.015,-0.203,0.215,-0.32,0.287,0.304,-0.019,0.426,-0.425,0.181,0.012,-0.183,0.263,0.052,0.031,0.356,0.286,0.077,0.168,-0.033,0.201,-0.056,-0.0,0.282,0.146,0.166,0.102,-0.191,0.349,0.077,-0.203,-0.015,-0.016,-0.208,0.338,-0.024,-0.068,-0.111,0.232,0.145,0.224,0.359,0.094,0.031,0.293,-0.255,0.118
KDP,0.209,-0.452,0.581,0.558,-0.439,0.714,0.766,-0.644,0.676,0.396,0.265,-0.473,0.733,0.04,0.876,-0.433,0.525,-0.32,-0.056,-0.494,0.407,0.165,-0.557,0.71,0.476,0.533,0.139,0.67,0.504,0.483,-0.464,0.76,0.723,0.776,0.797,-0.118,-0.332,-0.237,0.4,0.176,0.004,1.0,0.923,0.693,0.141,0.132,-0.026,-0.509,0.34,-0.547,0.017,0.686,0.404,0.194,0.768,-0.402,0.327,-0.453,-0.511,0.026,-0.083,0.613,-0.48,0.686,0.543,-0.542,-0.47,0.191,-0.466,-0.075,0.59,-0.311,0.63,-0.525,0.658,0.5,-0.311,-0.18,-0.376,0.652,0.729,-0.331,-0.172,0.683,-0.17,0.556,0.648,0.037,0.079,0.173,0.791,0.037,0.426,0.344,-0.038,0.201,-0.53,-0.147,0.671,-0.521
KHC,0.22,-0.464,0.571,0.584,-0.457,0.683,0.779,-0.654,0.714,0.305,0.302,-0.499,0.753,0.071,0.838,-0.487,0.546,-0.342,-0.15,-0.485,0.395,0.178,-0.564,0.675,0.428,0.515,0.167,0.626,0.512,0.382,-0.515,0.772,0.739,0.766,0.758,-0.166,-0.381,-0.246,0.441,0.145,0.0,0.923,1.0,0.725,0.156,0.128,-0.114,-0.519,0.409,-0.573,-0.103,0.646,0.423,0.146,0.782,-0.468,0.353,-0.504,-0.557,0.025,-0.147,0.611,-0.558,0.708,0.542,-0.565,-0.503,0.278,-0.38,-0.184,0.563,-0.34,0.707,-0.522,0.673,0.487,-0.363,-0.206,-0.393,0.639,0.783,-0.376,-0.247,0.708,-0.213,0.589,0.685,-0.053,0.122,0.126,0.828,-0.026,0.385,0.323,-0.033,0.22,-0.578,-0.197,0.665,-0.608
LRCX,0.452,-0.247,0.652,0.923,-0.309,0.682,0.615,-0.409,0.947,0.305,0.041,-0.446,0.677,0.435,0.643,-0.243,0.668,0.094,0.202,-0.192,0.61,0.112,-0.409,0.582,0.694,0.634,0.231,0.705,0.533,0.183,-0.281,0.638,0.613,0.751,0.77,0.184,-0.202,0.237,0.35,0.338,-0.101,0.693,0.725,1.0,0.575,0.412,0.148,-0.213,0.533,-0.322,0.066,0.468,0.696,0.218,0.71,-0.354,0.524,-0.27,-0.44,0.361,0.011,0.581,-0.225,0.424,0.391,-0.321,-0.118,0.343,-0.351,-0.156,0.633,0.042,0.519,-0.328,0.699,0.597,-0.08,0.096,-0.183,0.634,0.699,-0.072,-0.129,0.455,-0.231,0.36,0.451,-0.087,0.362,0.268,0.815,0.27,0.52,0.283,0.176,0.338,-0.326,0.11,0.563,-0.257
LYFT,0.641,0.055,0.399,0.502,-0.136,0.038,0.041,-0.177,0.559,-0.03,-0.232,-0.282,0.185,0.624,-0.001,0.126,0.55,0.431,0.344,0.054,0.69,-0.053,-0.069,-0.01,0.495,0.218,-0.272,0.214,0.265,-0.225,0.101,0.212,0.234,0.446,0.218,0.327,0.159,0.472,-0.217,0.521,-0.151,0.141,0.156,0.575,1.0,0.614,-0.076,0.188,-0.024,0.135,0.158,-0.106,0.495,0.274,0.357,-0.232,0.178,-0.021,-0.121,0.608,0.188,0.39,0.029,-0.087,-0.128,0.029,0.338,0.071,0.013,-0.15,0.545,0.424,-0.064,0.136,0.491,-0.055,0.098,0.47,0.356,0.299,0.148,0.241,-0.09,0.052,-0.331,-0.133,0.135,-0.279,0.662,0.29,0.492,0.18,0.561,-0.102,-0.008,0.527,0.188,0.124,0.094,0.04
MARA,0.717,0.218,0.525,0.38,0.18,-0.081,0.089,-0.054,0.349,0.03,0.006,-0.083,0.136,0.871,-0.044,0.435,0.489,0.434,0.378,0.283,0.396,0.155,0.102,0.055,0.638,0.103,-0.148,0.219,0.176,-0.025,0.383,0.042,0.028,0.475,0.218,0.43,0.443,0.622,-0.122,0.534,0.251,0.132,0.128,0.412,0.614,1.0,0.141,0.344,-0.181,0.246,0.232,0.051,0.241,0.511,0.138,0.042,-0.054,0.141,0.13,0.572,0.422,0.136,0.302,-0.066,-0.319,0.225,0.319,0.179,0.06,0.193,0.497,0.563,0.058,0.313,0.322,-0.082,0.444,0.815,0.447,0.504,0.033,0.501,0.06,-0.061,-0.283,-0.327,0.042,0.102,0.526,0.332,0.46,0.422,0.667,0.231,0.317,0.711,0.375,0.277,-0.103,0.246
MCHP,-0.039,0.225,0.426,0.22,0.546,0.159,-0.158,0.451,0.114,0.492,-0.029,0.487,-0.176,0.23,-0.031,0.288,-0.046,0.312,0.693,0.428,-0.324,0.297,0.403,0.42,0.542,0.354,0.381,0.469,-0.235,0.288,0.4,-0.153,-0.18,0.026,0.332,0.63,0.297,0.379,0.182,0.126,0.311,-0.026,-0.114,0.148,-0.076,0.141,1.0,0.216,0.056,0.22,0.46,0.283,0.007,0.07,-0.171,0.622,-0.166,0.651,0.416,-0.02,0.459,-0.267,0.605,-0.09,-0.124,0.505,0.37,-0.004,-0.078,0.623,-0.116,0.425,-0.084,0.326,-0.106,0.592,0.595,0.186,0.205,0.074,-0.078,0.356,0.501,-0.255,0.423,-0.146,-0.382,0.591,-0.099,0.234,-0.039,0.822,-0.074,0.409,0.53,-0.101,0.208,0.772,-0.061,0.498
MDLZ,0.171,0.625,-0.112,-0.167,0.572,-0.518,-0.473,0.668,-0.299,-0.392,-0.33,0.203,-0.395,0.349,-0.545,0.824,-0.041,0.559,0.492,0.791,-0.156,-0.043,0.424,-0.442,0.174,-0.301,-0.066,-0.245,-0.134,-0.513,0.792,-0.44,-0.439,-0.338,-0.366,0.572,0.609,0.747,-0.623,0.132,0.035,-0.509,-0.519,-0.213,0.188,0.344,0.216,1.0,-0.256,0.831,0.203,-0.587,-0.015,0.027,-0.62,0.428,-0.117,0.332,0.667,0.38,0.481,-0.494,0.718,-0.793,-0.669,0.546,0.739,-0.1,0.382,0.193,0.125,0.519,-0.52,0.68,-0.291,-0.344,0.676,0.595,0.618,-0.37,-0.509,0.821,0.281,-0.617,-0.133,-0.717,-0.519,0.175,0.385,0.171,-0.368,0.375,0.07,-0.026,0.353,0.374,0.695,0.36,-0.652,0.764
META,-0.199,-0.209,0.15,0.652,-0.403,0.748,0.526,-0.114,0.511,0.249,-0.117,-0.33,0.596,-0.063,0.582,-0.466,0.063,-0.149,-0.214,-0.249,0.421,-0.081,-0.425,0.376,0.126,0.461,0.511,0.466,0.336,0.19,-0.496,0.441,0.423,0.211,0.489,-0.065,-0.584,-0.128,0.436,-0.141,-0.302,0.34,0.409,0.533,-0.024,-0.181,0.056,-0.256,1.0,-0.398,-0.147,0.242,0.535,-0.159,0.367,-0.293,0.798,-0.328,-0.461,-0.097,-0.386,0.373,-0.266,0.331,0.586,-0.397,-0.35,0.327,-0.163,-0.324,0.142,-0.288,0.56,-0.532,0.31,0.594,-0.359,-0.322,-0.529,0.246,0.658,-0.43,-0.268,0.425,0.126,0.452,0.334,-0.238,-0.178,0.095,0.358,-0.103,-0.131,-0.08,-0.009,-0.2,-0.456,-0.115,0.481,-0.31
MNST,0.189,0.646,-0.221,-0.295,0.609,-0.538,-0.569,0.688,-0.415,-0.346,-0.306,0.228,-0.491,0.288,-0.566,0.796,0.04,0.584,0.456,0.639,-0.261,0.117,0.464,-0.47,0.04,-0.414,-0.192,-0.381,-0.128,-0.523,0.806,-0.477,-0.472,-0.45,-0.415,0.419,0.61,0.638,-0.667,0.192,0.177,-0.547,-0.573,-0.322,0.135,0.246,0.22,0.831,-0.398,1.0,0.195,-0.584,-0.082,0.156,-0.69,0.434,-0.202,0.422,0.788,0.314,0.585,-0.566,0.707,-0.797,-0.702,0.602,0.809,-0.222,0.38,0.189,0.072,0.471,-0.547,0.682,-0.206,-0.412,0.641,0.635,0.651,-0.465,-0.559,0.844,0.345,-0.693,-0.1,-0.695,-0.647,0.231,0.392,0.174,-0.507,0.312,0.074,-0.071,0.213,0.243,0.792,0.269,-0.719,0.819
MRNA,0.246,-0.016,0.365,0.116,0.197,-0.06,-0.223,0.186,0.072,0.247,-0.184,0.126,-0.257,0.229,-0.131,0.264,-0.083,0.262,0.559,0.114,-0.001,-0.254,0.132,0.124,0.386,0.279,0.03,0.254,-0.175,0.034,0.231,-0.13,-0.132,0.06,0.13,0.294,0.335,0.264,-0.104,0.378,-0.033,0.017,-0.103,0.066,0.158,0.232,0.46,0.203,-0.147,0.195,1.0,0.126,-0.161,0.297,-0.107,0.323,-0.189,0.32,0.272,0.301,0.176,0.012,0.439,-0.175,-0.152,0.371,0.452,-0.225,-0.273,0.407,0.063,0.394,-0.058,0.262,0.028,0.121,0.318,0.338,0.34,0.16,-0.14,0.246,0.295,-0.136,0.088,-0.286,-0.176,0.203,0.014,0.537,0.117,0.481,0.015,0.148,0.105,0.065,0.329,0.292,-0.045,0.479
MRVL,0.039,-0.436,0.481,0.382,-0.102,0.529,0.444,-0.401,0.5,0.691,0.333,-0.013,0.344,-0.051,0.616,-0.419,0.228,-0.227,0.02,-0.337,0.105,0.22,-0.234,0.744,0.385,0.557,0.401,0.597,0.084,0.726,-0.352,0.397,0.358,0.52,0.647,-0.096,-0.173,-0.289,0.626,-0.043,0.207,0.686,0.646,0.468,-0.106,0.051,0.283,-0.587,0.242,-0.584,0.126,1.0,0.025,0.162,0.53,-0.026,0.005,-0.059,-0.363,-0.145,-0.162,0.227,-0.226,0.62,0.404,-0.14,-0.399,0.254,-0.525,0.156,0.086,-0.079,0.634,-0.391,0.29,0.697,-0.11,-0.299,-0.364,0.62,0.516,-0.358,0.057,0.516,0.157,0.53,0.386,0.301,-0.205,0.1,0.547,0.217,0.11,0.561,0.202,-0.022,-0.51,0.111,0.564,-0.387
MSFT,0.228,0.034,0.299,0.736,-0.347,0.612,0.521,-0.249,0.625,0.024,-0.242,-0.458,0.673,0.322,0.497,-0.184,0.662,0.17,0.114,-0.085,0.532,0.254,-0.333,0.321,0.393,0.284,-0.045,0.413,0.567,-0.069,-0.122,0.597,0.572,0.499,0.486,0.254,-0.323,0.224,0.052,0.34,-0.13,0.404,0.423,0.696,0.495,0.241,0.007,-0.015,0.535,-0.082,-0.161,0.025,1.0,0.109,0.349,-0.332,0.69,-0.28,-0.302,0.308,0.086,0.401,-0.218,0.175,0.263,-0.235,0.053,0.052,0.022,-0.349,0.584,-0.006,0.259,-0.309,0.699,0.289,-0.158,0.083,-0.052,0.323,0.48,0.006,-0.265,0.182,-0.188,0.138,0.191,-0.297,0.469,0.067,0.517,0.048,0.387,-0.131,0.031,0.178,-0.189,-0.119,0.225,-0.21
MSTR,0.372,-0.034,0.368,0.194,0.206,0.038,0.023,0.032,0.276,0.162,0.075,-0.247,-0.044,0.436,0.007,0.257,0.394,0.468,0.211,-0.034,0.187,0.15,0.238,0.034,0.268,0.315,-0.083,0.206,0.052,-0.11,0.284,0.042,0.019,0.319,0.12,-0.04,0.181,0.316,-0.184,0.619,-0.015,0.194,0.146,0.218,0.274,0.511,0.07,0.027,-0.159,0.156,0.297,0.162,0.109,1.0,0.116,0.24,0.042,0.202,0.185,0.546,0.348,0.169,0.202,-0.034,-0.336,0.173,0.313,0.009,-0.268,0.252,0.208,0.231,0.018,0.101,0.36,-0.015,0.331,0.545,0.385,0.197,-0.01,0.25,0.519,-0.018,0.052,-0.339,0.005,0.279,0.313,0.244,0.336,0.299,0.257,0.272,0.122,0.287,0.146,0.006,-0.062,0.209
MU,0.238,-0.526,0.517,0.59,-0.551,0.631,0.685,-0.727,0.751,0.348,0.253,-0.445,0.653,0.096,0.685,-0.569,0.411,-0.363,-0.183,-0.593,0.548,-0.028,-0.561,0.489,0.33,0.538,0.088,0.574,0.387,0.383,-0.67,0.635,0.62,0.667,0.662,-0.238,-0.364,-0.303,0.413,0.124,-0.203,0.768,0.782,0.71,0.357,0.138,-0.171,-0.62,0.367,-0.69,-0.107,0.53,0.349,0.116,1.0,-0.562,0.31,-0.399,-0.689,-0.023,-0.256,0.814,-0.61,0.775,0.648,-0.65,-0.581,0.317,-0.457,-0.184,0.39,-0.365,0.569,-0.529,0.55,0.435,-0.462,-0.192,-0.45,0.616,0.722,-0.54,-0.266,0.783,-0.146,0.597,0.747,-0.207,0.063,0.047,0.77,-0.095,0.365,0.146,-0.195,0.176,-0.539,-0.127,0.86,-0.649
MVIS,-0.243,0.365,0.071,-0.313,0.804,-0.341,-0.556,0.776,-0.307,0.155,-0.05,0.649,-0.646,0.109,-0.497,0.532,-0.339,0.496,0.533,0.602,-0.572,0.14,0.754,-0.068,0.098,0.172,0.328,0.062,-0.606,-0.017,0.668,-0.537,-0.56,-0.33,-0.239,0.431,0.427,0.443,-0.166,0.037,0.215,-0.402,-0.468,-0.354,-0.232,0.042,0.622,0.428,-0.293,0.434,0.323,-0.026,-0.332,0.24,-0.562,1.0,-0.374,0.777,0.678,0.08,0.343,-0.603,0.775,-0.432,-0.596,0.752,0.515,-0.11,0.07,0.67,-0.433,0.483,-0.38,0.51,-0.484,0.104,0.741,0.254,0.447,-0.363,-0.523,0.499,0.783,-0.62,0.405,-0.503,-0.663,0.661,-0.137,0.036,-0.364,0.541,-0.424,0.289,0.421,-0.177,0.398,0.591,-0.502,0.665
NFLX,-0.103,0.003,0.042,0.627,-0.416,0.617,0.484,-0.12,0.516,-0.059,-0.272,-0.49,0.617,0.051,0.524,-0.3,0.304,0.067,-0.208,-0.241,0.547,-0.089,-0.443,0.151,0.064,0.31,0.234,0.256,0.553,-0.072,-0.315,0.519,0.501,0.248,0.333,-0.073,-0.522,0.014,0.098,0.023,-0.32,0.327,0.353,0.524,0.178,-0.054,-0.166,-0.117,0.798,-0.202,-0.189,0.005,0.69,0.042,0.31,-0.374,1.0,-0.354,-0.334,0.182,-0.234,0.402,-0.285,0.164,0.371,-0.444,-0.185,0.189,0.017,-0.455,0.363,-0.278,0.4,-0.478,0.483,0.32,-0.347,-0.118,-0.346,0.159,0.507,-0.235,-0.251,0.318,-0.093,0.237,0.302,-0.314,0.068,0.06,0.356,-0.234,-0.002,-0.146,-0.09,-0.102,-0.341,-0.272,0.29,-0.265
NNDM,-0.156,0.514,0.045,-0.223,0.723,-0.344,-0.603,0.62,-0.223,0.156,-0.141,0.712,-0.585,0.276,-0.515,0.458,-0.237,0.48,0.494,0.51,-0.426,0.134,0.631,-0.094,0.13,0.022,0.099,-0.036,-0.434,-0.014,0.585,-0.521,-0.54,-0.319,-0.218,0.424,0.393,0.391,-0.215,0.087,0.287,-0.453,-0.504,-0.27,-0.021,0.141,0.651,0.332,-0.328,0.422,0.32,-0.059,-0.28,0.202,-0.399,0.777,-0.354,1.0,0.654,0.052,0.407,-0.433,0.675,-0.389,-0.518,0.699,0.509,-0.145,0.234,0.588,-0.38,0.478,-0.405,0.53,-0.304,0.075,0.6,0.354,0.487,-0.277,-0.519,0.449,0.564,-0.562,0.409,-0.511,-0.653,0.48,-0.035,0.13,-0.307,0.507,-0.303,0.173,0.286,-0.176,0.43,0.66,-0.403,0.584
NVAX,-0.055,0.623,-0.14,-0.426,0.833,-0.565,-0.629,0.77,-0.457,-0.211,-0.201,0.466,-0.596,0.213,-0.572,0.755,-0.163,0.522,0.464,0.681,-0.485,0.181,0.54,-0.373,-0.042,-0.293,-0.072,-0.338,-0.272,-0.312,0.822,-0.577,-0.596,-0.479,-0.452,0.369,0.594,0.525,-0.578,0.133,0.304,-0.511,-0.557,-0.44,-0.121,0.13,0.416,0.667,-0.461,0.788,0.272,-0.363,-0.302,0.185,-0.689,0.678,-0.334,0.654,1.0,0.185,0.596,-0.682,0.759,-0.705,-0.774,0.681,0.675,-0.228,0.434,0.411,-0.192,0.487,-0.531,0.639,-0.346,-0.254,0.679,0.525,0.607,-0.52,-0.67,0.718,0.581,-0.734,0.151,-0.7,-0.723,0.445,0.122,0.04,-0.475,0.426,-0.163,0.109,0.268,-0.016,0.607,0.371,-0.722,0.737
NVDA,0.42,0.181,0.259,0.336,0.209,-0.167,-0.109,0.095,0.352,-0.23,-0.094,-0.231,-0.027,0.555,-0.168,0.357,0.414,0.652,0.292,0.257,0.388,-0.101,0.094,-0.153,0.334,0.191,-0.169,0.06,0.159,-0.4,0.378,0.036,0.049,0.254,-0.043,0.236,0.197,0.618,-0.345,0.507,-0.019,0.026,0.025,0.361,0.608,0.572,-0.02,0.38,-0.097,0.314,0.301,-0.145,0.308,0.546,-0.023,0.08,0.182,0.052,0.185,1.0,0.283,0.135,0.235,-0.323,-0.465,0.237,0.514,-0.118,0.017,0.027,0.386,0.41,-0.165,0.248,0.293,-0.127,0.304,0.552,0.433,0.016,-0.188,0.447,0.287,-0.228,-0.25,-0.371,-0.064,-0.054,0.508,0.26,0.296,0.261,0.34,0.042,0.236,0.434,0.238,0.004,-0.292,0.309
NWL,0.335,0.416,0.252,-0.024,0.459,-0.148,-0.134,0.303,-0.021,0.035,-0.021,0.148,-0.124,0.375,-0.128,0.629,0.381,0.364,0.554,0.435,-0.217,0.495,0.406,0.018,0.39,-0.13,-0.212,0.042,0.187,-0.081,0.66,-0.081,-0.094,0.104,0.073,0.497,0.535,0.548,-0.33,0.395,0.426,-0.083,-0.147,0.011,0.188,0.422,0.459,0.481,-0.386,0.585,0.176,-0.162,0.086,0.348,-0.256,0.343,-0.234,0.407,0.596,0.283,1.0,-0.276,0.458,-0.336,-0.418,0.367,0.552,-0.066,0.166,0.265,0.293,0.444,-0.354,0.481,0.097,-0.06,0.659,0.529,0.533,-0.03,-0.223,0.684,0.425,-0.329,0.023,-0.476,-0.291,0.437,0.482,0.066,-0.115,0.696,0.355,0.362,0.418,0.351,0.439,0.438,-0.36,0.489
OCGN,0.228,-0.49,0.412,0.548,-0.677,0.567,0.563,-0.688,0.615,0.199,0.085,-0.593,0.61,0.114,0.524,-0.543,0.343,-0.309,-0.25,-0.589,0.623,-0.161,-0.589,0.304,0.246,0.429,-0.11,0.459,0.4,0.174,-0.649,0.536,0.538,0.544,0.532,-0.211,-0.466,-0.266,0.249,0.255,-0.425,0.613,0.611,0.581,0.39,0.136,-0.267,-0.494,0.373,-0.566,0.012,0.227,0.401,0.169,0.814,-0.603,0.402,-0.433,-0.682,0.135,-0.276,1.0,-0.6,0.599,0.572,-0.593,-0.443,0.045,-0.414,-0.24,0.386,-0.338,0.432,-0.434,0.599,0.2,-0.533,-0.089,-0.371,0.48,0.576,-0.519,-0.364,0.664,-0.166,0.369,0.681,-0.415,0.157,0.184,0.67,-0.174,0.336,-0.128,-0.374,0.128,-0.386,-0.294,0.676,-0.57
