,AAL,AAPL,AGNC,AMAT,AMD,AMZN,APA,ARDX,AVGO,AZN,BIDU,BILI,BKR,CAN,CHRD,CMCSA,CPRT,CRWD,CSCO,CSX,DKNG,EBAY,ERIC,EXC,FITB,FLEX,FTNT,GEN,GERN,GEVO,GILD,GOOG,GOOGL,GT,HBAN,HST,INTC,IOVA,IQ,JBLU,JD,KDP,KHC,LRCX,LYFT,MARA,MCHP,MDLZ,META,MNST,MRNA,MRVL,MSFT,MSTR,MU,MVIS,NFLX,NNDM,NVAX,NVDA,NWL,OCGN,ON,OPK,PAA,PACB,PANW,PARA,PDD,PENN,PEP,PLUG,PTEN,PTON,PYPL,QCOM,QVCGA,RIOT,ROKU,RUN,SABR,SBUX,SMCI,SNDL,STNE,TCOM,TLRY,TMUS,TSCO,TSLA,TTD,TXN,UAL,VOD,VTRS,VXRT,WBA,WBD,WDC,ZM
AAL,1.0,0.039,0.094,0.148,0.377,0.187,0.072,0.363,0.297,-0.215,0.159,0.112,0.19,0.141,0.261,-0.113,0.077,0.28,-0.0,0.274,0.103,0.435,0.004,0.098,0.118,0.088,0.353,-0.117,0.223,0.1,-0.161,0.303,0.324,-0.038,0.09,0.22,-0.042,0.128,0.094,0.205,0.282,0.028,-0.202,0.427,0.058,0.19,-0.174,-0.186,0.118,0.289,-0.166,0.048,0.3,0.161,0.017,0.166,0.412,0.137,-0.023,0.171,-0.137,0.035,0.248,0.094,0.257,0.063,0.269,-0.231,0.056,0.012,-0.056,-0.132,0.072,0.047,-0.256,0.203,0.077,0.213,0.058,0.33,-0.041,0.302,0.076,-0.008,0.228,0.232,-0.128,-0.087,0.143,-0.147,0.015,-0.061,0.67,-0.179,0.04,-0.033,0.076,-0.154,0.219,-0.097
AAPL,0.039,1.0,0.453,-0.42,0.19,-0.259,0.196,-0.21,0.005,0.305,0.277,-0.025,0.608,-0.401,-0.463,0.241,0.024,-0.453,0.678,-0.552,-0.525,-0.051,0.691,0.004,0.498,-0.574,-0.302,0.581,0.217,-0.081,0.518,0.768,0.749,0.527,0.396,0.312,0.474,-0.493,0.326,-0.556,0.181,0.302,0.342,-0.397,-0.434,-0.592,0.832,0.27,-0.338,-0.073,0.508,0.515,-0.045,-0.619,0.58,0.122,-0.519,-0.658,0.175,-0.484,0.316,-0.435,-0.105,-0.172,-0.177,0.533,-0.341,0.232,0.435,0.658,-0.3,-0.456,-0.428,0.608,0.364,0.226,-0.39,-0.582,0.313,-0.367,0.574,-0.168,-0.54,0.307,0.31,-0.438,0.692,0.347,-0.404,0.247,-0.376,0.593,-0.184,0.344,-0.455,-0.653,0.348,0.535,0.555,0.709
AGNC,0.094,0.453,1.0,-0.359,0.243,-0.538,0.647,-0.143,-0.427,0.518,0.49,-0.015,0.403,-0.139,-0.11,0.424,-0.428,-0.479,0.555,-0.614,-0.613,0.142,0.718,0.517,0.792,-0.46,-0.436,0.637,0.247,0.297,0.542,0.426,0.427,0.565,0.659,0.557,0.265,-0.343,0.37,-0.421,0.361,0.535,0.504,-0.375,-0.151,-0.435,0.568,0.322,-0.582,-0.346,0.536,0.175,-0.189,-0.457,0.534,-0.035,-0.007,-0.374,0.478,-0.671,0.489,-0.133,-0.473,0.001,0.213,0.481,-0.485,0.29,0.369,0.282,-0.378,-0.257,0.138,0.658,0.401,0.142,-0.06,-0.408,-0.07,-0.186,0.243,-0.314,-0.566,0.382,0.181,-0.444,0.511,0.318,-0.396,0.209,-0.183,0.542,0.272,0.678,-0.029,-0.576,0.467,0.673,0.444,0.532
AMAT,0.148,-0.42,-0.359,1.0,0.081,0.383,-0.026,0.284,0.535,-0.474,0.139,0.498,-0.148,0.75,0.793,-0.631,0.19,0.734,-0.456,0.386,0.704,0.515,-0.397,-0.044,-0.343,0.628,0.428,-0.405,0.243,0.148,-0.561,-0.289,-0.268,-0.574,-0.026,0.166,0.019,0.738,0.154,0.638,0.238,-0.491,-0.707,0.834,0.717,0.73,-0.443,-0.694,0.449,0.127,-0.582,-0.122,0.153,0.746,-0.525,-0.107,0.363,0.806,0.203,0.67,-0.484,0.715,0.5,0.233,0.326,-0.317,0.704,-0.657,0.08,-0.423,-0.184,-0.097,0.47,-0.401,-0.51,0.425,0.657,0.766,-0.205,0.479,-0.456,0.141,0.779,0.272,-0.352,0.655,-0.34,-0.278,0.443,0.156,0.85,-0.173,0.374,-0.326,0.704,0.264,-0.505,-0.473,-0.612,-0.351
AMD,0.377,0.19,0.243,0.081,1.0,0.025,0.033,0.013,0.298,-0.115,0.369,0.04,0.271,0.029,-0.087,-0.037,-0.089,0.044,0.136,-0.045,-0.075,0.135,0.168,0.138,0.288,-0.021,0.069,0.06,0.234,-0.032,0.072,0.391,0.402,-0.038,0.344,0.21,0.325,-0.19,0.123,0.009,0.337,-0.018,-0.148,0.292,0.034,-0.004,0.119,0.077,-0.028,-0.096,-0.068,0.209,0.223,-0.111,0.225,0.152,0.396,-0.136,0.153,-0.024,0.0,-0.112,0.069,-0.053,0.14,0.333,-0.109,0.038,0.329,0.014,-0.387,-0.172,-0.057,0.159,-0.029,0.334,-0.01,-0.034,-0.008,0.019,0.049,-0.168,-0.061,0.227,0.15,-0.032,0.034,0.088,-0.023,0.015,-0.043,0.223,0.255,0.149,-0.031,-0.139,-0.041,0.177,0.366,0.207
AMZN,0.187,-0.259,-0.538,0.383,0.025,1.0,-0.58,0.449,0.503,-0.589,-0.338,0.11,-0.412,0.118,0.215,-0.516,0.594,0.556,-0.57,0.723,0.692,0.263,-0.578,-0.57,-0.517,0.625,0.622,-0.555,-0.092,-0.248,-0.656,-0.181,-0.155,-0.474,-0.42,-0.272,-0.431,0.354,-0.351,0.472,-0.201,-0.534,-0.441,0.405,0.215,0.449,-0.482,-0.186,0.953,0.367,-0.575,-0.259,0.59,0.446,-0.519,0.123,0.284,0.43,-0.271,0.708,-0.597,0.114,0.556,0.155,-0.036,-0.527,0.559,-0.412,-0.433,-0.35,0.387,0.436,-0.106,-0.546,-0.515,-0.034,0.123,0.426,0.024,0.453,-0.361,0.463,0.589,-0.249,0.062,0.574,-0.362,-0.413,0.731,-0.281,0.242,-0.532,0.012,-0.641,0.114,0.62,-0.307,-0.606,-0.403,-0.493
APA,0.072,0.196,0.647,-0.026,0.033,-0.58,1.0,-0.16,-0.454,0.577,0.285,-0.163,0.18,0.147,0.278,0.391,-0.569,-0.41,0.54,-0.51,-0.315,0.241,0.448,0.617,0.591,-0.303,-0.491,0.563,0.195,0.413,0.442,0.262,0.258,0.436,0.628,0.459,0.101,-0.096,0.213,-0.307,0.297,0.538,0.26,-0.233,0.121,-0.216,0.298,0.132,-0.56,-0.36,0.551,0.066,-0.253,-0.206,0.224,-0.115,0.073,-0.093,0.369,-0.467,0.54,0.232,-0.54,-0.144,0.429,0.421,-0.346,0.163,0.268,0.195,-0.298,-0.439,0.53,0.583,0.218,0.193,0.245,-0.162,-0.076,-0.172,0.17,-0.276,-0.235,0.378,0.052,-0.296,0.35,0.018,-0.478,0.106,0.206,0.256,0.225,0.596,0.287,-0.463,0.381,0.506,0.137,0.409
ARDX,0.363,-0.21,-0.143,0.284,0.013,0.449,-0.16,1.0,0.319,-0.382,-0.194,-0.022,-0.277,0.252,0.25,-0.166,0.33,0.421,-0.151,0.394,0.365,0.238,-0.274,-0.18,-0.107,0.344,0.354,-0.226,0.303,0.34,-0.33,0.073,0.108,-0.014,-0.209,0.163,-0.295,0.235,-0.339,0.287,-0.309,-0.054,-0.207,0.327,0.067,0.502,-0.309,-0.106,0.294,0.215,-0.273,0.061,0.617,0.468,-0.105,0.654,0.169,0.291,0.026,0.391,-0.284,-0.045,0.279,0.251,0.092,0.015,0.506,-0.193,-0.29,0.015,0.285,0.238,-0.002,-0.184,-0.341,0.061,-0.042,0.459,0.343,0.437,0.008,0.529,0.323,-0.085,0.39,0.192,-0.195,-0.153,0.315,-0.247,0.038,-0.331,0.331,-0.347,-0.046,0.352,-0.06,-0.372,-0.087,-0.071
AVGO,0.297,0.005,-0.427,0.535,0.298,0.503,-0.454,0.319,1.0,-0.518,0.119,0.426,0.071,0.227,0.259,-0.513,0.553,0.715,-0.284,0.398,0.466,0.285,-0.238,-0.384,-0.306,0.299,0.567,-0.459,0.131,-0.154,-0.449,0.047,0.064,-0.307,-0.188,0.071,0.171,0.276,0.149,0.366,0.097,-0.526,-0.513,0.675,0.216,0.405,-0.082,-0.44,0.464,0.384,-0.454,0.366,0.43,0.382,-0.113,0.191,0.142,0.286,-0.074,0.624,-0.466,0.068,0.711,0.179,-0.153,-0.143,0.642,-0.457,0.03,-0.107,0.054,-0.023,-0.167,-0.365,-0.285,0.334,0.069,0.397,0.137,0.35,-0.197,0.302,0.399,0.007,0.004,0.433,-0.126,-0.14,0.395,0.139,0.173,0.02,0.09,-0.493,0.031,0.15,-0.344,-0.424,-0.114,-0.169
AZN,-0.215,0.305,0.518,-0.474,-0.115,-0.589,0.577,-0.382,-0.518,1.0,0.093,-0.385,0.116,-0.309,-0.269,0.763,-0.473,-0.66,0.498,-0.587,-0.612,-0.186,0.405,0.356,0.4,-0.65,-0.595,0.509,-0.262,-0.028,0.655,0.136,0.102,0.613,0.295,0.126,0.109,-0.453,0.066,-0.561,0.101,0.493,0.591,-0.607,-0.213,-0.533,0.472,0.445,-0.577,-0.453,0.812,0.087,-0.462,-0.518,0.398,-0.266,-0.215,-0.449,0.107,-0.654,0.746,-0.159,-0.64,-0.402,0.005,0.343,-0.684,0.403,0.059,0.129,0.047,-0.339,0.021,0.385,0.748,-0.246,-0.129,-0.524,-0.15,-0.576,0.174,-0.484,-0.624,0.107,0.183,-0.598,0.439,0.161,-0.573,-0.023,-0.258,0.237,-0.266,0.62,-0.135,-0.516,0.481,0.618,0.417,0.403
BIDU,0.159,0.277,0.49,0.139,0.369,-0.338,0.285,-0.194,0.119,0.093,1.0,0.648,0.51,0.143,0.111,-0.047,-0.242,-0.029,0.162,-0.361,-0.264,0.29,0.435,0.233,0.385,-0.176,0.008,0.274,0.358,0.154,0.216,0.264,0.262,0.015,0.443,0.347,0.478,-0.046,0.746,-0.079,0.826,-0.045,-0.023,0.193,0.092,-0.11,0.308,-0.274,-0.327,-0.063,0.066,0.271,-0.223,-0.111,0.238,-0.172,0.179,-0.067,0.411,-0.194,0.006,0.078,0.062,0.105,0.172,0.224,-0.108,-0.133,0.612,0.085,-0.531,-0.256,0.072,0.342,0.192,0.434,0.091,-0.072,-0.135,0.069,-0.006,-0.222,-0.139,0.426,-0.211,0.138,0.245,0.182,-0.131,0.348,0.13,0.497,0.343,0.191,0.121,-0.424,0.021,0.229,0.198,0.287
BILI,0.112,-0.025,-0.015,0.498,0.04,0.11,-0.163,-0.022,0.426,-0.385,0.648,1.0,0.388,0.401,0.336,-0.635,0.158,0.43,-0.343,0.068,0.216,0.397,0.074,-0.049,-0.094,0.324,0.396,-0.23,0.343,0.054,-0.332,-0.077,-0.058,-0.432,0.062,0.297,0.311,0.393,0.757,0.357,0.652,-0.445,-0.441,0.499,0.343,0.287,-0.067,-0.599,0.182,0.326,-0.436,0.068,-0.051,0.302,-0.238,-0.227,0.029,0.401,0.302,0.291,-0.421,0.338,0.548,0.255,0.148,-0.279,0.408,-0.534,0.48,-0.215,-0.354,-0.042,0.093,-0.059,-0.198,0.541,0.305,0.321,-0.213,0.473,-0.349,0.149,0.329,0.427,-0.425,0.608,0.068,0.086,0.429,0.457,0.447,0.313,0.355,-0.294,0.351,0.0,-0.233,-0.202,-0.318,-0.08
BKR,0.19,0.608,0.403,-0.148,0.271,-0.412,0.18,-0.277,0.071,0.116,0.51,0.388,1.0,-0.039,-0.141,-0.055,-0.136,-0.215,0.357,-0.417,-0.461,0.144,0.655,0.278,0.376,-0.36,-0.217,0.336,0.416,0.056,0.298,0.455,0.437,0.214,0.383,0.441,0.635,-0.22,0.681,-0.209,0.492,0.137,0.027,-0.002,-0.183,-0.301,0.524,-0.106,-0.424,0.055,0.175,0.379,-0.284,-0.354,0.395,-0.065,-0.374,-0.386,0.396,-0.397,0.147,-0.143,0.051,-0.086,0.083,0.338,-0.221,-0.035,0.705,0.345,-0.512,-0.524,-0.133,0.513,0.309,0.429,-0.11,-0.275,-0.001,-0.146,0.252,-0.143,-0.402,0.537,-0.077,-0.213,0.464,0.544,-0.215,0.523,-0.111,0.768,0.123,0.275,-0.151,-0.574,0.16,0.397,0.381,0.478
CAN,0.141,-0.401,-0.139,0.75,0.029,0.118,0.147,0.252,0.227,-0.309,0.143,0.401,-0.039,1.0,0.738,-0.493,-0.189,0.547,-0.273,0.12,0.411,0.35,-0.258,0.191,-0.067,0.62,0.235,-0.129,0.451,0.427,-0.521,-0.24,-0.228,-0.503,0.235,0.281,0.094,0.662,0.23,0.649,0.237,-0.317,-0.604,0.651,0.83,0.798,-0.333,-0.731,0.207,-0.041,-0.413,-0.102,-0.094,0.817,-0.563,-0.211,0.262,0.671,0.455,0.416,-0.232,0.684,0.357,0.285,0.561,-0.306,0.515,-0.644,0.214,-0.314,-0.332,-0.274,0.563,-0.083,-0.414,0.534,0.793,0.855,-0.348,0.533,-0.404,-0.001,0.607,0.382,-0.406,0.514,-0.287,-0.182,0.308,0.211,0.698,-0.118,0.507,-0.023,0.689,0.081,-0.542,-0.252,-0.599,-0.242
CHRD,0.261,-0.463,-0.11,0.793,-0.087,0.215,0.278,0.25,0.259,-0.269,0.111,0.336,-0.141,0.738,1.0,-0.415,-0.075,0.59,-0.359,0.327,0.534,0.55,-0.322,0.224,-0.17,0.577,0.262,-0.181,0.259,0.347,-0.533,-0.268,-0.256,-0.444,0.106,0.231,-0.07,0.698,0.136,0.576,0.244,-0.316,-0.602,0.701,0.676,0.696,-0.424,-0.648,0.299,0.036,-0.402,-0.184,0.043,0.715,-0.556,-0.165,0.454,0.719,0.317,0.463,-0.322,0.728,0.331,0.345,0.554,-0.36,0.527,-0.582,0.017,-0.404,-0.138,-0.119,0.696,-0.192,-0.419,0.345,0.699,0.739,-0.344,0.531,-0.474,0.164,0.595,0.163,-0.391,0.534,-0.371,-0.263,0.33,0.183,0.777,-0.215,0.486,-0.167,0.747,0.196,-0.35,-0.413,-0.565,-0.372
CMCSA,-0.113,0.241,0.424,-0.631,-0.037,-0.516,0.391,-0.166,-0.513,0.763,-0.047,-0.635,-0.055,-0.493,-0.415,1.0,-0.477,-0.654,0.557,-0.475,-0.615,-0.399,0.323,0.335,0.396,-0.639,-0.501,0.543,-0.279,0.044,0.764,0.199,0.168,0.627,0.206,-0.053,-0.051,-0.599,-0.265,-0.59,-0.175,0.587,0.66,-0.617,-0.439,-0.524,0.396,0.529,-0.574,-0.449,0.733,0.176,-0.295,-0.525,0.567,0.062,-0.141,-0.601,-0.054,-0.652,0.637,-0.438,-0.703,-0.24,-0.133,0.51,-0.669,0.691,-0.184,0.306,0.144,-0.091,-0.178,0.362,0.717,-0.431,-0.41,-0.561,0.161,-0.538,0.415,-0.404,-0.66,-0.22,0.321,-0.696,0.261,0.122,-0.641,-0.218,-0.511,0.051,-0.265,0.534,-0.392,-0.403,0.43,0.562,0.577,0.42
CPRT,0.077,0.024,-0.428,0.19,-0.089,0.594,-0.569,0.33,0.553,-0.473,-0.242,0.158,-0.136,-0.189,-0.075,-0.477,1.0,0.445,-0.322,0.61,0.461,0.2,-0.284,-0.621,-0.46,0.136,0.433,-0.583,-0.223,-0.309,-0.432,-0.133,-0.108,-0.096,-0.521,-0.101,-0.086,0.114,-0.109,0.123,-0.238,-0.338,-0.135,0.19,-0.057,0.071,-0.153,0.02,0.523,0.556,-0.358,0.027,0.496,0.072,-0.059,0.261,-0.009,0.196,-0.372,0.488,-0.442,-0.141,0.496,-0.0,-0.556,-0.137,0.487,-0.21,-0.298,-0.031,0.381,0.348,-0.266,-0.525,-0.29,-0.172,-0.186,0.048,0.354,0.147,-0.045,0.439,0.299,-0.176,0.198,0.215,-0.073,-0.059,0.425,-0.042,-0.042,-0.092,-0.185,-0.556,-0.155,0.362,0.013,-0.443,-0.014,-0.333
CRWD,0.28,-0.453,-0.479,0.734,0.044,0.556,-0.41,0.421,0.715,-0.66,-0.029,0.43,-0.215,0.547,0.59,-0.654,0.445,1.0,-0.585,0.617,0.706,0.377,-0.446,-0.238,-0.454,0.621,0.677,-0.569,0.109,0.088,-0.705,-0.333,-0.313,-0.566,-0.267,0.039,-0.11,0.645,0.04,0.667,0.043,-0.548,-0.707,0.801,0.516,0.737,-0.499,-0.638,0.574,0.417,-0.669,-0.009,0.385,0.721,-0.465,0.075,0.387,0.688,0.02,0.776,-0.538,0.42,0.664,0.389,0.08,-0.423,0.884,-0.611,-0.123,-0.399,0.092,0.165,0.237,-0.53,-0.514,0.238,0.408,0.745,-0.096,0.62,-0.476,0.401,0.663,-0.067,-0.152,0.648,-0.457,-0.276,0.57,0.13,0.456,-0.232,0.359,-0.551,0.38,0.403,-0.507,-0.628,-0.507,-0.477
CSCO,-0.0,0.678,0.555,-0.456,0.136,-0.57,0.54,-0.151,-0.284,0.498,0.162,-0.343,0.357,-0.273,-0.359,0.557,-0.322,-0.585,1.0,-0.698,-0.574,-0.187,0.66,0.298,0.644,-0.655,-0.514,0.622,0.21,0.218,0.686,0.687,0.675,0.677,0.499,0.359,0.27,-0.543,0.089,-0.613,-0.003,0.6,0.549,-0.505,-0.331,-0.482,0.717,0.402,-0.659,-0.26,0.726,0.474,-0.118,-0.482,0.647,0.24,-0.382,-0.594,0.217,-0.622,0.583,-0.399,-0.52,-0.286,-0.077,0.759,-0.479,0.522,0.213,0.797,-0.233,-0.418,-0.207,0.646,0.438,0.079,-0.323,-0.469,0.392,-0.446,0.8,-0.263,-0.55,0.186,0.441,-0.606,0.553,0.253,-0.713,0.034,-0.413,0.427,-0.087,0.642,-0.311,-0.666,0.424,0.65,0.562,0.722
CSX,0.274,-0.552,-0.614,0.386,-0.045,0.723,-0.51,0.394,0.398,-0.587,-0.361,0.068,-0.417,0.12,0.327,-0.475,0.61,0.617,-0.698,1.0,0.706,0.311,-0.677,-0.327,-0.625,0.557,0.542,-0.718,-0.275,-0.222,-0.722,-0.429,-0.397,-0.533,-0.545,-0.256,-0.413,0.435,-0.341,0.489,-0.186,-0.482,-0.489,0.492,0.235,0.453,-0.725,-0.172,0.706,0.495,-0.662,-0.421,0.467,0.427,-0.537,0.128,0.489,0.519,-0.365,0.686,-0.583,0.214,0.498,0.184,-0.105,-0.456,0.526,-0.284,-0.538,-0.498,0.41,0.539,0.133,-0.678,-0.476,-0.195,0.19,0.415,-0.027,0.473,-0.463,0.533,0.581,-0.367,-0.098,0.506,-0.596,-0.296,0.678,-0.183,0.239,-0.512,0.043,-0.713,0.215,0.769,-0.204,-0.703,-0.307,-0.707
DKNG,0.103,-0.525,-0.613,0.704,-0.075,0.692,-0.315,0.365,0.466,-0.612,-0.264,0.216,-0.461,0.411,0.534,-0.615,0.461,0.706,-0.574,0.706,1.0,0.352,-0.656,-0.412,-0.621,0.672,0.554,-0.666,-0.073,-0.027,-0.676,-0.399,-0.373,-0.613,-0.425,-0.22,-0.435,0.575,-0.256,0.562,-0.081,-0.491,-0.609,0.559,0.481,0.647,-0.672,-0.438,0.727,0.45,-0.605,-0.295,0.425,0.672,-0.595,0.068,0.423,0.741,-0.252,0.785,-0.558,0.421,0.485,0.134,0.006,-0.414,0.663,-0.503,-0.318,-0.361,0.269,0.341,0.277,-0.648,-0.605,0.013,0.346,0.657,0.11,0.452,-0.335,0.384,0.87,-0.11,-0.107,0.661,-0.511,-0.473,0.596,-0.151,0.544,-0.533,0.105,-0.628,0.414,0.596,-0.474,-0.68,-0.573,-0.589
EBAY,0.435,-0.051,0.142,0.515,0.135,0.263,0.241,0.238,0.285,-0.186,0.29,0.397,0.144,0.35,0.55,-0.399,0.2,0.377,-0.187,0.311,0.352,1.0,0.077,0.215,0.13,0.219,0.282,-0.111,0.28,0.201,-0.308,0.079,0.104,-0.063,0.246,0.463,0.013,0.484,0.38,0.306,0.417,-0.013,-0.375,0.452,0.361,0.235,-0.167,-0.221,0.238,0.252,-0.259,-0.156,0.216,0.231,-0.185,-0.032,0.383,0.421,0.32,0.352,-0.225,0.523,0.271,0.187,0.355,-0.086,0.38,-0.466,0.12,-0.294,-0.11,-0.142,0.403,-0.031,-0.263,0.306,0.47,0.295,-0.151,0.411,-0.346,0.221,0.317,0.356,-0.087,0.418,0.076,-0.07,0.319,0.182,0.492,0.101,0.423,-0.094,0.505,0.081,0.108,-0.187,-0.205,-0.131
ERIC,0.004,0.691,0.718,-0.397,0.168,-0.578,0.448,-0.274,-0.238,0.405,0.435,0.074,0.655,-0.258,-0.322,0.323,-0.284,-0.446,0.66,-0.677,-0.656,0.077,1.0,0.438,0.734,-0.605,-0.504,0.69,0.246,0.219,0.603,0.551,0.541,0.591,0.628,0.528,0.481,-0.389,0.529,-0.532,0.319,0.547,0.407,-0.367,-0.324,-0.542,0.782,0.266,-0.631,-0.12,0.556,0.39,-0.28,-0.597,0.687,0.039,-0.348,-0.577,0.463,-0.653,0.511,-0.248,-0.346,-0.046,0.037,0.602,-0.424,0.29,0.492,0.464,-0.43,-0.404,-0.169,0.734,0.412,0.225,-0.23,-0.522,0.082,-0.276,0.386,-0.318,-0.672,0.39,0.199,-0.499,0.725,0.521,-0.487,0.383,-0.3,0.83,0.098,0.593,-0.246,-0.746,0.402,0.617,0.48,0.735
EXC,0.098,0.004,0.517,-0.044,0.138,-0.57,0.617,-0.18,-0.384,0.356,0.233,-0.049,0.278,0.191,0.224,0.335,-0.621,-0.238,0.298,-0.327,-0.412,0.215,0.438,1.0,0.603,-0.189,-0.356,0.553,0.268,0.47,0.331,0.158,0.151,0.209,0.598,0.559,0.244,0.007,0.301,-0.033,0.246,0.429,0.018,-0.004,0.176,-0.091,0.184,0.078,-0.514,-0.319,0.24,-0.051,-0.335,-0.136,0.114,-0.132,0.048,-0.058,0.625,-0.393,0.396,0.263,-0.397,0.129,0.483,0.287,-0.297,0.275,0.281,-0.111,-0.409,-0.307,0.453,0.47,0.285,0.232,0.306,-0.075,-0.328,0.115,-0.08,-0.24,-0.288,0.329,-0.208,-0.234,0.251,0.291,-0.267,0.346,0.18,0.324,0.261,0.593,0.369,-0.267,0.338,0.422,0.09,0.336
FITB,0.118,0.498,0.792,-0.343,0.288,-0.517,0.591,-0.107,-0.306,0.4,0.385,-0.094,0.376,-0.067,-0.17,0.396,-0.46,-0.454,0.644,-0.625,-0.621,0.13,0.734,0.603,1.0,-0.423,-0.361,0.729,0.337,0.364,0.523,0.606,0.609,0.557,0.847,0.645,0.297,-0.356,0.354,-0.321,0.28,0.517,0.348,-0.296,-0.082,-0.387,0.615,0.308,-0.568,-0.358,0.467,0.255,-0.102,-0.401,0.521,0.11,-0.103,-0.436,0.546,-0.576,0.468,-0.168,-0.362,0.104,0.275,0.51,-0.424,0.308,0.365,0.298,-0.477,-0.396,0.097,0.779,0.326,0.295,-0.078,-0.358,-0.046,-0.063,0.25,-0.218,-0.535,0.363,0.162,-0.416,0.562,0.31,-0.44,0.199,-0.194,0.539,0.206,0.679,-0.067,-0.544,0.402,0.614,0.398,0.616
FLEX,0.088,-0.574,-0.46,0.628,-0.021,0.625,-0.303,0.344,0.299,-0.65,-0.176,0.324,-0.36,0.62,0.577,-0.639,0.136,0.621,-0.655,0.557,0.672,0.219,-0.605,-0.189,-0.423,1.0,0.54,-0.488,0.191,0.081,-0.76,-0.41,-0.381,-0.748,-0.135,-0.095,-0.26,0.622,-0.139,0.726,-0.016,-0.567,-0.697,0.629,0.593,0.786,-0.635,-0.541,0.655,0.195,-0.69,-0.353,0.297,0.758,-0.792,-0.025,0.335,0.674,0.073,0.626,-0.611,0.466,0.542,0.365,0.402,-0.626,0.583,-0.533,-0.123,-0.478,0.016,0.319,0.315,-0.328,-0.617,0.36,0.53,0.78,-0.284,0.708,-0.557,0.375,0.754,0.043,-0.351,0.709,-0.455,-0.334,0.798,-0.045,0.554,-0.454,0.274,-0.509,0.487,0.607,-0.512,-0.469,-0.713,-0.511
FTNT,0.353,-0.302,-0.436,0.428,0.069,0.622,-0.491,0.354,0.567,-0.595,0.008,0.396,-0.217,0.235,0.262,-0.501,0.433,0.677,-0.514,0.542,0.554,0.282,-0.504,-0.356,-0.361,0.54,1.0,-0.518,0.091,0.002,-0.516,-0.107,-0.095,-0.553,-0.269,-0.056,-0.267,0.381,0.035,0.51,0.093,-0.479,-0.569,0.528,0.263,0.484,-0.526,-0.438,0.622,0.504,-0.621,-0.025,0.492,0.52,-0.452,0.128,0.314,0.541,-0.126,0.682,-0.623,0.126,0.631,0.349,0.045,-0.395,0.689,-0.449,-0.145,-0.319,0.155,0.271,-0.02,-0.407,-0.387,0.188,0.122,0.472,0.051,0.65,-0.344,0.511,0.58,-0.167,-0.062,0.687,-0.346,-0.334,0.609,-0.091,0.233,-0.373,0.281,-0.641,0.15,0.455,-0.284,-0.505,-0.386,-0.393
GEN,-0.117,0.581,0.637,-0.405,0.06,-0.555,0.563,-0.226,-0.459,0.509,0.274,-0.23,0.336,-0.129,-0.181,0.543,-0.583,-0.569,0.622,-0.718,-0.666,-0.111,0.69,0.553,0.729,-0.488,-0.518,1.0,0.278,0.381,0.61,0.546,0.508,0.476,0.653,0.349,0.349,-0.347,0.223,-0.436,0.137,0.558,0.315,-0.421,-0.224,-0.422,0.665,0.204,-0.547,-0.444,0.553,0.256,-0.337,-0.438,0.416,-0.014,-0.283,-0.555,0.507,-0.622,0.526,-0.154,-0.451,0.104,0.277,0.48,-0.504,0.338,0.378,0.368,-0.427,-0.456,0.01,0.757,0.378,0.138,-0.106,-0.413,-0.016,-0.238,0.341,-0.378,-0.56,0.237,0.045,-0.495,0.531,0.301,-0.575,0.21,-0.189,0.414,0.033,0.663,-0.168,-0.619,0.276,0.549,0.317,0.691
GERN,0.223,0.217,0.247,0.243,0.234,-0.092,0.195,0.303,0.131,-0.262,0.358,0.343,0.416,0.451,0.259,-0.279,-0.223,0.109,0.21,-0.275,-0.073,0.28,0.246,0.268,0.337,0.191,0.091,0.278,1.0,0.573,-0.036,0.443,0.451,-0.063,0.411,0.43,0.321,0.184,0.335,0.227,0.246,-0.001,-0.256,0.296,0.082,0.339,0.126,-0.336,-0.136,-0.073,-0.161,0.29,0.094,0.299,-0.042,0.287,-0.13,0.063,0.605,0.072,-0.132,0.119,0.209,0.187,0.457,0.152,0.203,-0.212,0.518,0.258,-0.423,-0.328,-0.004,0.42,-0.199,0.674,0.161,0.359,0.061,0.326,0.157,0.1,0.087,0.349,-0.066,0.125,0.133,0.136,0.025,0.151,0.151,0.257,0.466,0.132,0.11,-0.18,-0.122,0.066,-0.129,0.358
GEVO,0.1,-0.081,0.297,0.148,-0.032,-0.248,0.413,0.34,-0.154,-0.028,0.154,0.054,0.056,0.427,0.347,0.044,-0.309,0.088,0.218,-0.222,-0.027,0.201,0.219,0.47,0.364,0.081,0.002,0.381,0.573,1.0,0.067,0.12,0.111,0.105,0.36,0.421,-0.025,0.069,0.198,0.113,0.03,0.301,-0.138,0.123,0.215,0.29,0.028,-0.272,-0.232,-0.002,0.058,0.139,-0.011,0.31,-0.015,0.283,0.056,0.172,0.626,0.015,0.125,0.052,-0.012,0.366,0.331,0.29,0.098,-0.016,0.155,0.149,-0.239,-0.116,0.302,0.354,-0.062,0.251,0.168,0.326,0.181,0.373,0.135,0.024,0.132,0.16,0.068,-0.062,0.098,-0.001,-0.16,0.227,0.164,0.049,0.429,0.267,0.137,-0.155,-0.025,0.017,-0.129,0.252
GILD,-0.161,0.518,0.542,-0.561,0.072,-0.656,0.442,-0.33,-0.449,0.655,0.216,-0.332,0.298,-0.521,-0.533,0.764,-0.432,-0.705,0.686,-0.722,-0.676,-0.308,0.603,0.331,0.523,-0.76,-0.516,0.61,-0.036,0.067,1.0,0.398,0.366,0.672,0.353,0.121,0.234,-0.627,0.069,-0.688,0.05,0.622,0.632,-0.609,-0.523,-0.707,0.563,0.476,-0.712,-0.383,0.757,0.389,-0.364,-0.694,0.755,0.037,-0.386,-0.643,0.067,-0.733,0.695,-0.433,-0.677,-0.305,-0.15,0.719,-0.657,0.634,0.196,0.471,-0.095,-0.314,-0.263,0.552,0.659,-0.151,-0.474,-0.702,0.312,-0.632,0.569,-0.478,-0.676,0.068,0.359,-0.704,0.543,0.302,-0.737,-0.008,-0.427,0.379,-0.217,0.603,-0.422,-0.641,0.445,0.744,0.629,0.725
GOOG,0.303,0.768,0.426,-0.289,0.391,-0.181,0.262,0.073,0.047,0.136,0.264,-0.077,0.455,-0.24,-0.268,0.199,-0.133,-0.333,0.687,-0.429,-0.399,0.079,0.551,0.158,0.606,-0.41,-0.107,0.546,0.443,0.12,0.398,1.0,0.995,0.36,0.461,0.431,0.295,-0.354,0.177,-0.401,0.17,0.306,0.143,-0.189,-0.387,-0.305,0.557,0.272,-0.292,-0.095,0.338,0.47,0.264,-0.353,0.443,0.42,-0.232,-0.468,0.251,-0.348,0.205,-0.352,-0.063,-0.001,0.166,0.55,-0.204,0.187,0.362,0.579,-0.311,-0.449,-0.322,0.617,0.151,0.37,-0.327,-0.327,0.298,-0.11,0.537,0.067,-0.402,0.196,0.411,-0.268,0.42,0.221,-0.36,0.061,-0.286,0.4,0.103,0.266,-0.333,-0.458,0.304,0.34,0.475,0.694
GOOGL,0.324,0.749,0.427,-0.268,0.402,-0.155,0.258,0.108,0.064,0.102,0.262,-0.058,0.437,-0.228,-0.256,0.168,-0.108,-0.313,0.675,-0.397,-0.373,0.104,0.541,0.151,0.609,-0.381,-0.095,0.508,0.451,0.111,0.366,0.995,1.0,0.356,0.465,0.447,0.276,-0.333,0.168,-0.368,0.165,0.298,0.146,-0.173,-0.369,-0.288,0.533,0.279,-0.275,-0.067,0.31,0.45,0.304,-0.338,0.442,0.439,-0.211,-0.447,0.234,-0.329,0.178,-0.341,-0.052,-0.009,0.161,0.539,-0.175,0.176,0.337,0.571,-0.308,-0.415,-0.315,0.605,0.122,0.384,-0.319,-0.31,0.308,-0.08,0.527,0.095,-0.377,0.197,0.418,-0.243,0.414,0.215,-0.323,0.041,-0.273,0.395,0.126,0.25,-0.308,-0.427,0.305,0.322,0.467,0.679
GT,-0.038,0.527,0.565,-0.574,-0.038,-0.474,0.436,-0.014,-0.307,0.613,0.015,-0.432,0.214,-0.503,-0.444,0.627,-0.096,-0.566,0.677,-0.533,-0.613,-0.063,0.591,0.209,0.557,-0.748,-0.553,0.476,-0.063,0.105,0.672,0.36,0.356,1.0,0.267,0.255,0.094,-0.611,-0.007,-0.59,-0.158,0.655,0.718,-0.614,-0.45,-0.661,0.654,0.616,-0.596,-0.249,0.768,0.311,-0.093,-0.65,0.784,0.167,-0.346,-0.629,0.044,-0.572,0.67,-0.479,-0.573,-0.346,-0.28,0.572,-0.492,0.509,0.013,0.496,0.106,-0.223,-0.158,0.418,0.496,-0.279,-0.457,-0.635,0.302,-0.539,0.522,-0.245,-0.676,0.088,0.562,-0.715,0.618,0.231,-0.629,-0.063,-0.525,0.34,-0.23,0.601,-0.427,-0.491,0.632,0.597,0.617,0.513
HBAN,0.09,0.396,0.659,-0.026,0.344,-0.42,0.628,-0.209,-0.188,0.295,0.443,0.062,0.383,0.235,0.106,0.206,-0.521,-0.267,0.499,-0.545,-0.425,0.246,0.628,0.598,0.847,-0.135,-0.269,0.653,0.411,0.36,0.353,0.461,0.465,0.267,1.0,0.637,0.406,-0.083,0.463,-0.104,0.446,0.335,0.03,-0.054,0.205,-0.145,0.473,-0.015,-0.431,-0.327,0.314,0.222,-0.246,-0.181,0.277,-0.097,-0.017,-0.241,0.622,-0.392,0.35,0.14,-0.206,0.114,0.488,0.397,-0.259,0.069,0.439,0.18,-0.643,-0.494,0.23,0.79,0.221,0.542,0.233,-0.115,-0.193,0.063,0.091,-0.34,-0.275,0.462,-0.089,-0.187,0.478,0.229,-0.276,0.283,0.121,0.527,0.277,0.636,0.228,-0.551,0.112,0.566,0.164,0.559
HST,0.22,0.312,0.557,0.166,0.21,-0.272,0.459,0.163,0.071,0.126,0.347,0.297,0.441,0.281,0.231,-0.053,-0.101,0.039,0.359,-0.256,-0.22,0.463,0.528,0.559,0.645,-0.095,-0.056,0.349,0.43,0.421,0.121,0.431,0.447,0.255,0.637,1.0,0.351,0.098,0.548,-0.011,0.366,0.247,-0.104,0.121,0.27,0.013,0.379,-0.028,-0.283,-0.039,0.138,0.177,0.078,-0.025,0.19,0.159,-0.099,0.051,0.69,-0.171,0.205,0.177,0.053,0.169,0.331,0.364,0.07,-0.009,0.424,0.065,-0.455,-0.394,0.308,0.469,0.141,0.553,0.261,0.027,-0.051,0.3,-0.001,0.097,-0.094,0.579,0.041,-0.038,0.455,0.312,-0.028,0.48,0.203,0.542,0.379,0.387,0.317,-0.317,0.334,0.374,0.106,0.457
INTC,-0.042,0.474,0.265,0.019,0.325,-0.431,0.101,-0.295,0.171,0.109,0.478,0.311,0.635,0.094,-0.07,-0.051,-0.086,-0.11,0.27,-0.413,-0.435,0.013,0.481,0.244,0.297,-0.26,-0.267,0.349,0.321,-0.025,0.234,0.295,0.276,0.094,0.406,0.351,1.0,-0.064,0.562,-0.208,0.336,-0.028,-0.052,0.137,-0.059,-0.146,0.536,-0.148,-0.433,-0.191,0.169,0.533,-0.389,-0.217,0.317,-0.13,-0.338,-0.315,0.414,-0.37,0.16,0.035,0.043,0.061,0.052,0.346,-0.182,-0.029,0.658,0.24,-0.564,-0.53,-0.14,0.42,0.283,0.511,0.051,-0.147,-0.096,-0.171,0.133,-0.323,-0.37,0.449,-0.199,-0.244,0.428,0.616,-0.255,0.535,-0.012,0.741,0.056,0.272,-0.033,-0.555,0.019,0.376,0.352,0.486
IOVA,0.128,-0.493,-0.343,0.738,-0.19,0.354,-0.096,0.235,0.276,-0.453,-0.046,0.393,-0.22,0.662,0.698,-0.599,0.114,0.645,-0.543,0.435,0.575,0.484,-0.389,0.007,-0.356,0.622,0.381,-0.347,0.184,0.069,-0.627,-0.354,-0.333,-0.611,-0.083,0.098,-0.064,1.0,0.081,0.608,0.099,-0.304,-0.627,0.614,0.57,0.645,-0.525,-0.562,0.451,0.146,-0.634,-0.322,0.098,0.653,-0.633,-0.14,0.263,0.709,0.109,0.619,-0.497,0.873,0.4,0.351,0.42,-0.497,0.724,-0.631,-0.015,-0.487,-0.07,-0.008,0.447,-0.356,-0.521,0.28,0.755,0.667,-0.329,0.485,-0.536,0.249,0.67,0.119,-0.484,0.72,-0.397,-0.163,0.481,0.098,0.679,-0.234,0.424,-0.36,0.708,0.367,-0.415,-0.479,-0.687,-0.414
IQ,0.094,0.326,0.37,0.154,0.123,-0.351,0.213,-0.339,0.149,0.066,0.746,0.757,0.681,0.23,0.136,-0.265,-0.109,0.04,0.089,-0.341,-0.256,0.38,0.529,0.301,0.354,-0.139,0.035,0.223,0.335,0.198,0.069,0.177,0.168,-0.007,0.463,0.548,0.562,0.081,1.0,0.015,0.777,-0.018,-0.189,0.169,0.215,-0.12,0.373,-0.369,-0.26,0.139,0.006,0.204,-0.36,-0.112,0.111,-0.326,-0.146,0.004,0.531,-0.114,0.013,0.202,0.25,0.142,0.167,0.081,0.011,-0.282,0.709,-0.002,-0.589,-0.425,0.106,0.375,0.167,0.532,0.229,-0.064,-0.233,0.173,-0.133,-0.171,-0.101,0.574,-0.353,0.183,0.439,0.331,-0.006,0.655,0.229,0.669,0.27,0.201,0.234,-0.469,0.057,0.223,0.032,0.267
JBLU,0.205,-0.556,-0.421,0.638,0.009,0.472,-0.307,0.287,0.366,-0.561,-0.079,0.357,-0.209,0.649,0.576,-0.59,0.123,0.667,-0.613,0.489,0.562,0.306,-0.532,-0.033,-0.321,0.726,0.51,-0.436,0.227,0.113,-0.688,-0.401,-0.368,-0.59,-0.104,-0.011,-0.208,0.608,0.015,1.0,0.072,-0.493,-0.663,0.644,0.682,0.723,-0.587,-0.585,0.549,0.264,-0.701,-0.391,0.127,0.731,-0.625,-0.157,0.356,0.585,0.122,0.668,-0.515,0.491,0.499,0.203,0.311,-0.629,0.631,-0.58,-0.041,-0.559,-0.036,0.103,0.364,-0.437,-0.535,0.253,0.489,0.738,-0.328,0.615,-0.557,0.228,0.686,0.064,-0.422,0.663,-0.458,-0.291,0.6,-0.092,0.504,-0.425,0.339,-0.245,0.581,0.474,-0.53,-0.536,-0.651,-0.559
JD,0.282,0.181,0.361,0.238,0.337,-0.201,0.297,-0.309,0.097,0.101,0.826,0.652,0.492,0.237,0.244,-0.175,-0.238,0.043,-0.003,-0.186,-0.081,0.417,0.319,0.246,0.28,-0.016,0.093,0.137,0.246,0.03,0.05,0.17,0.165,-0.158,0.446,0.366,0.336,0.099,0.777,0.072,1.0,-0.134,-0.227,0.255,0.292,-0.032,0.136,-0.361,-0.128,0.027,-0.02,0.0,-0.287,-0.04,-0.005,-0.385,0.253,0.099,0.365,-0.041,-0.017,0.283,0.164,0.009,0.327,0.023,-0.057,-0.283,0.607,-0.155,-0.531,-0.359,0.229,0.266,0.097,0.473,0.305,0.014,-0.34,0.14,-0.244,-0.213,0.03,0.467,-0.344,0.34,0.169,0.066,0.071,0.304,0.323,0.395,0.33,0.115,0.341,-0.338,-0.035,0.182,0.052,0.101
KDP,0.028,0.302,0.535,-0.491,-0.018,-0.534,0.538,-0.054,-0.526,0.493,-0.045,-0.445,0.137,-0.317,-0.316,0.587,-0.338,-0.548,0.6,-0.482,-0.491,-0.013,0.547,0.429,0.517,-0.567,-0.479,0.558,-0.001,0.301,0.622,0.306,0.298,0.655,0.335,0.247,-0.028,-0.304,-0.018,-0.493,-0.134,1.0,0.544,-0.579,-0.348,-0.532,0.395,0.523,-0.573,-0.145,0.572,0.076,-0.163,-0.543,0.533,0.161,-0.214,-0.473,0.044,-0.509,0.58,-0.18,-0.614,-0.126,0.005,0.583,-0.379,0.424,0.072,0.385,-0.002,-0.24,-0.014,0.485,0.339,-0.251,-0.179,-0.519,0.299,-0.406,0.465,-0.275,-0.472,0.118,0.36,-0.524,0.482,0.24,-0.558,0.005,-0.321,0.211,0.026,0.579,-0.21,-0.471,0.501,0.544,0.422,0.516
KHC,-0.202,0.342,0.504,-0.707,-0.148,-0.441,0.26,-0.207,-0.513,0.591,-0.023,-0.441,0.027,-0.604,-0.602,0.66,-0.135,-0.707,0.549,-0.489,-0.609,-0.375,0.407,0.018,0.348,-0.697,-0.569,0.315,-0.256,-0.138,0.632,0.143,0.146,0.718,0.03,-0.104,-0.052,-0.627,-0.189,-0.663,-0.227,0.544,1.0,-0.762,-0.558,-0.695,0.481,0.685,-0.516,-0.259,0.667,0.126,-0.2,-0.647,0.64,0.022,-0.269,-0.599,-0.223,-0.664,0.525,-0.52,-0.672,-0.419,-0.432,0.394,-0.634,0.586,-0.175,0.44,0.232,0.088,-0.305,0.232,0.508,-0.51,-0.49,-0.68,0.245,-0.649,0.492,-0.319,-0.674,-0.156,0.384,-0.683,0.357,0.178,-0.543,-0.256,-0.609,0.194,-0.258,0.442,-0.491,-0.363,0.532,0.517,0.557,0.293
LRCX,0.427,-0.397,-0.375,0.834,0.292,0.405,-0.233,0.327,0.675,-0.607,0.193,0.499,-0.002,0.651,0.701,-0.617,0.19,0.801,-0.505,0.492,0.559,0.452,-0.367,-0.004,-0.296,0.629,0.528,-0.421,0.296,0.123,-0.609,-0.189,-0.173,-0.614,-0.054,0.121,0.137,0.614,0.169,0.644,0.255,-0.579,-0.762,1.0,0.556,0.726,-0.44,-0.715,0.427,0.174,-0.666,0.0,0.219,0.7,-0.463,-0.004,0.446,0.651,0.211,0.647,-0.548,0.503,0.664,0.388,0.343,-0.327,0.66,-0.61,0.089,-0.414,-0.202,-0.047,0.297,-0.349,-0.492,0.454,0.5,0.75,-0.258,0.582,-0.49,0.248,0.601,0.125,-0.297,0.598,-0.425,-0.142,0.486,0.206,0.602,-0.116,0.479,-0.438,0.461,0.275,-0.527,-0.527,-0.392,-0.375
LYFT,0.058,-0.434,-0.151,0.717,0.034,0.215,0.121,0.067,0.216,-0.213,0.092,0.343,-0.183,0.83,0.676,-0.439,-0.057,0.516,-0.331,0.235,0.481,0.361,-0.324,0.176,-0.082,0.593,0.263,-0.224,0.082,0.215,-0.523,-0.387,-0.369,-0.45,0.205,0.27,-0.059,0.57,0.215,0.682,0.292,-0.348,-0.558,0.556,1.0,0.611,-0.312,-0.58,0.346,0.018,-0.385,-0.353,-0.09,0.665,-0.57,-0.406,0.376,0.687,0.348,0.46,-0.208,0.671,0.307,0.159,0.369,-0.391,0.429,-0.525,0.067,-0.502,-0.269,-0.139,0.684,-0.266,-0.353,0.337,0.815,0.682,-0.429,0.497,-0.529,-0.06,0.677,0.386,-0.44,0.566,-0.231,-0.286,0.396,0.18,0.717,-0.212,0.304,0.046,0.815,0.186,-0.408,-0.196,-0.599,-0.416
MARA,0.19,-0.592,-0.435,0.73,-0.004,0.449,-0.216,0.502,0.405,-0.533,-0.11,0.287,-0.301,0.798,0.696,-0.524,0.071,0.737,-0.482,0.453,0.647,0.235,-0.542,-0.091,-0.387,0.786,0.484,-0.422,0.339,0.29,-0.707,-0.305,-0.288,-0.661,-0.145,0.013,-0.146,0.645,-0.12,0.723,-0.032,-0.532,-0.695,0.726,0.611,1.0,-0.587,-0.649,0.47,0.144,-0.576,-0.098,0.243,0.966,-0.665,0.105,0.375,0.725,0.205,0.604,-0.46,0.476,0.491,0.351,0.424,-0.439,0.659,-0.566,-0.073,-0.362,0.036,0.103,0.309,-0.369,-0.531,0.377,0.52,0.979,-0.208,0.657,-0.421,0.322,0.675,0.005,-0.226,0.598,-0.558,-0.313,0.529,-0.064,0.53,-0.377,0.421,-0.39,0.5,0.433,-0.569,-0.559,-0.64,-0.43
MCHP,-0.174,0.832,0.568,-0.443,0.119,-0.482,0.298,-0.309,-0.082,0.472,0.308,-0.067,0.524,-0.333,-0.424,0.396,-0.153,-0.499,0.717,-0.725,-0.672,-0.167,0.782,0.184,0.615,-0.635,-0.526,0.665,0.126,0.028,0.563,0.557,0.533,0.654,0.473,0.379,0.536,-0.525,0.373,-0.587,0.136,0.395,0.481,-0.44,-0.312,-0.587,1.0,0.306,-0.518,-0.296,0.601,0.472,-0.248,-0.602,0.656,0.015,-0.521,-0.669,0.338,-0.598,0.451,-0.394,-0.245,-0.119,-0.223,0.521,-0.464,0.365,0.445,0.575,-0.355,-0.432,-0.308,0.59,0.481,0.157,-0.301,-0.568,0.147,-0.421,0.486,-0.359,-0.649,0.347,0.19,-0.547,0.747,0.411,-0.53,0.349,-0.399,0.693,-0.206,0.572,-0.368,-0.717,0.381,0.645,0.505,0.676
MDLZ,-0.186,0.27,0.322,-0.694,0.077,-0.186,0.132,-0.106,-0.44,0.445,-0.274,-0.599,-0.106,-0.731,-0.648,0.529,0.02,-0.638,0.402,-0.172,-0.438,-0.221,0.266,0.078,0.308,-0.541,-0.438,0.204,-0.336,-0.272,0.476,0.272,0.279,0.616,-0.015,-0.028,-0.148,-0.562,-0.369,-0.585,-0.361,0.523,0.685,-0.715,-0.58,-0.649,0.306,1.0,-0.287,-0.168,0.519,-0.038,0.164,-0.697,0.473,0.246,-0.171,-0.547,-0.245,-0.51,0.464,-0.478,-0.601,-0.37,-0.299,0.35,-0.583,0.67,-0.247,0.21,0.353,0.201,-0.277,0.147,0.336,-0.448,-0.484,-0.702,0.189,-0.487,0.337,-0.061,-0.58,-0.159,0.497,-0.591,0.325,0.149,-0.31,-0.301,-0.57,0.073,-0.407,0.319,-0.414,0.011,0.717,0.43,0.506,0.269
META,0.118,-0.338,-0.582,0.449,-0.028,0.953,-0.56,0.294,0.464,-0.577,-0.327,0.182,-0.424,0.207,0.299,-0.574,0.523,0.574,-0.659,0.706,0.727,0.238,-0.631,-0.514,-0.568,0.655,0.622,-0.547,-0.136,-0.232,-0.712,-0.292,-0.275,-0.596,-0.431,-0.283,-0.433,0.451,-0.26,0.549,-0.128,-0.573,-0.516,0.427,0.346,0.47,-0.518,-0.287,1.0,0.35,-0.643,-0.368,0.465,0.495,-0.646,-0.053,0.3,0.527,-0.238,0.764,-0.618,0.255,0.593,0.178,-0.004,-0.645,0.572,-0.475,-0.367,-0.48,0.317,0.394,0.017,-0.612,-0.549,-0.038,0.263,0.461,-0.093,0.479,-0.476,0.381,0.683,-0.225,-0.137,0.665,-0.425,-0.461,0.737,-0.201,0.366,-0.567,0.03,-0.623,0.252,0.635,-0.38,-0.652,-0.535,-0.59
MNST,0.289,-0.073,-0.346,0.127,-0.096,0.367,-0.36,0.215,0.384,-0.453,-0.063,0.326,0.055,-0.041,0.036,-0.449,0.556,0.417,-0.26,0.495,0.45,0.252,-0.12,-0.319,-0.358,0.195,0.504,-0.444,-0.073,-0.002,-0.383,-0.095,-0.067,-0.249,-0.327,-0.039,-0.191,0.146,0.139,0.264,0.027,-0.145,-0.259,0.174,0.018,0.144,-0.296,-0.168,0.35,1.0,-0.316,-0.017,0.306,0.136,-0.136,0.191,0.103,0.175,-0.248,0.388,-0.33,-0.109,0.389,-0.003,-0.26,-0.115,0.422,-0.257,-0.132,0.01,0.269,0.331,-0.14,-0.288,-0.272,-0.023,-0.112,0.134,0.353,0.364,-0.002,0.439,0.354,-0.12,0.115,0.371,-0.058,-0.046,0.446,0.024,-0.028,-0.073,0.131,-0.501,-0.042,0.263,-0.006,-0.412,-0.085,-0.253
MRNA,-0.166,0.508,0.536,-0.582,-0.068,-0.575,0.551,-0.273,-0.454,0.812,0.066,-0.436,0.175,-0.413,-0.402,0.733,-0.358,-0.669,0.726,-0.662,-0.605,-0.259,0.556,0.24,0.467,-0.69,-0.621,0.553,-0.161,0.058,0.757,0.338,0.31,0.768,0.314,0.138,0.169,-0.634,0.006,-0.701,-0.02,0.572,0.667,-0.666,-0.385,-0.576,0.601,0.519,-0.643,-0.316,1.0,0.4,-0.326,-0.584,0.594,-0.031,-0.353,-0.618,0.069,-0.737,0.872,-0.42,-0.67,-0.404,-0.095,0.566,-0.67,0.489,0.083,0.487,0.123,-0.305,-0.138,0.524,0.667,-0.173,-0.354,-0.563,0.2,-0.587,0.494,-0.412,-0.678,0.081,0.508,-0.723,0.551,0.203,-0.662,-0.016,-0.43,0.306,-0.287,0.607,-0.353,-0.617,0.526,0.696,0.589,0.622
MRVL,0.048,0.515,0.175,-0.122,0.209,-0.259,0.066,0.061,0.366,0.087,0.271,0.068,0.379,-0.102,-0.184,0.176,0.027,-0.009,0.474,-0.421,-0.295,-0.156,0.39,-0.051,0.255,-0.353,-0.025,0.256,0.29,0.139,0.389,0.47,0.45,0.311,0.222,0.177,0.533,-0.322,0.204,-0.391,0.0,0.076,0.126,0.0,-0.353,-0.098,0.472,-0.038,-0.368,-0.017,0.4,1.0,0.038,-0.142,0.518,0.306,-0.352,-0.356,0.113,-0.277,0.279,-0.381,0.018,0.056,-0.121,0.515,-0.013,0.076,0.279,0.584,-0.048,-0.328,-0.396,0.404,0.305,0.312,-0.362,-0.12,0.412,-0.157,0.481,-0.087,-0.374,0.064,0.364,-0.364,0.341,0.244,-0.393,0.235,-0.278,0.46,-0.028,0.098,-0.439,-0.528,0.045,0.282,0.452,0.605
MSFT,0.3,-0.045,-0.189,0.153,0.223,0.59,-0.253,0.617,0.43,-0.462,-0.223,-0.051,-0.284,-0.094,0.043,-0.295,0.496,0.385,-0.118,0.467,0.425,0.216,-0.28,-0.335,-0.102,0.297,0.492,-0.337,0.094,-0.011,-0.364,0.264,0.304,-0.093,-0.246,0.078,-0.389,0.098,-0.36,0.127,-0.287,-0.163,-0.2,0.219,-0.09,0.243,-0.248,0.164,0.465,0.306,-0.326,0.038,1.0,0.2,-0.116,0.675,0.257,0.222,-0.201,0.422,-0.408,-0.157,0.32,0.202,-0.063,-0.053,0.465,-0.045,-0.307,0.016,0.304,0.402,-0.082,-0.225,-0.417,0.068,-0.157,0.189,0.318,0.419,0.002,0.747,0.305,-0.194,0.436,0.273,-0.205,-0.297,0.383,-0.264,-0.046,-0.291,0.136,-0.503,-0.119,0.536,0.102,-0.374,-0.082,-0.126
MSTR,0.161,-0.619,-0.457,0.746,-0.111,0.446,-0.206,0.468,0.382,-0.518,-0.111,0.302,-0.354,0.817,0.715,-0.525,0.072,0.721,-0.482,0.427,0.672,0.231,-0.597,-0.136,-0.401,0.758,0.52,-0.438,0.299,0.31,-0.694,-0.353,-0.338,-0.65,-0.181,-0.025,-0.217,0.653,-0.112,0.731,-0.04,-0.543,-0.647,0.7,0.665,0.966,-0.602,-0.697,0.495,0.136,-0.584,-0.142,0.2,1.0,-0.679,0.019,0.362,0.787,0.17,0.643,-0.474,0.492,0.499,0.341,0.369,-0.486,0.666,-0.596,-0.137,-0.37,0.057,0.097,0.355,-0.432,-0.539,0.302,0.539,0.979,-0.181,0.642,-0.412,0.293,0.74,-0.036,-0.254,0.628,-0.588,-0.37,0.488,-0.093,0.558,-0.45,0.419,-0.387,0.523,0.428,-0.604,-0.598,-0.687,-0.497
MU,0.017,0.58,0.534,-0.525,0.225,-0.519,0.224,-0.105,-0.113,0.398,0.238,-0.238,0.395,-0.563,-0.556,0.567,-0.059,-0.465,0.647,-0.537,-0.595,-0.185,0.687,0.114,0.521,-0.792,-0.452,0.416,-0.042,-0.015,0.755,0.443,0.442,0.784,0.277,0.19,0.317,-0.633,0.111,-0.625,-0.005,0.533,0.64,-0.463,-0.57,-0.665,0.656,0.473,-0.646,-0.136,0.594,0.518,-0.116,-0.679,1.0,0.237,-0.281,-0.688,-0.035,-0.617,0.502,-0.574,-0.455,-0.233,-0.395,0.744,-0.451,0.5,0.151,0.577,-0.111,-0.227,-0.385,0.425,0.516,-0.183,-0.611,-0.669,0.445,-0.586,0.627,-0.331,-0.703,0.033,0.483,-0.699,0.51,0.425,-0.657,0.025,-0.58,0.565,-0.137,0.479,-0.556,-0.622,0.381,0.548,0.794,0.594
MVIS,0.166,0.122,-0.035,-0.107,0.152,0.123,-0.115,0.654,0.191,-0.266,-0.172,-0.227,-0.065,-0.211,-0.165,0.062,0.261,0.075,0.24,0.128,0.068,-0.032,0.039,-0.132,0.11,-0.025,0.128,-0.014,0.287,0.283,0.037,0.42,0.439,0.167,-0.097,0.159,-0.13,-0.14,-0.326,-0.157,-0.385,0.161,0.022,-0.004,-0.406,0.105,0.015,0.246,-0.053,0.191,-0.031,0.306,0.675,0.019,0.237,1.0,-0.047,-0.159,-0.022,0.068,-0.157,-0.426,0.073,0.209,-0.139,0.418,0.174,0.28,-0.168,0.407,0.176,0.244,-0.309,0.119,-0.09,0.057,-0.454,0.008,0.609,0.148,0.422,0.552,-0.029,-0.17,0.514,-0.154,-0.015,0.053,-0.052,-0.176,-0.351,-0.02,0.067,-0.255,-0.424,0.201,0.181,-0.131,0.232,0.276
NFLX,0.412,-0.519,-0.007,0.363,0.396,0.284,0.073,0.169,0.142,-0.215,0.179,0.029,-0.374,0.262,0.454,-0.141,-0.009,0.387,-0.382,0.489,0.423,0.383,-0.348,0.048,-0.103,0.335,0.314,-0.283,-0.13,0.056,-0.386,-0.232,-0.211,-0.346,-0.017,-0.099,-0.338,0.263,-0.146,0.356,0.253,-0.214,-0.269,0.446,0.376,0.375,-0.521,-0.171,0.3,0.103,-0.353,-0.352,0.257,0.362,-0.281,-0.047,1.0,0.44,-0.071,0.345,-0.241,0.286,0.097,0.18,0.234,-0.19,0.193,-0.224,-0.231,-0.471,0.036,0.28,0.434,-0.339,-0.383,-0.076,0.321,0.377,-0.253,0.344,-0.425,0.094,0.37,-0.195,-0.088,0.378,-0.548,-0.384,0.248,-0.288,0.27,-0.364,0.421,-0.189,0.356,0.36,-0.192,-0.377,-0.167,-0.538
NNDM,0.137,-0.658,-0.374,0.806,-0.136,0.43,-0.093,0.291,0.286,-0.449,-0.067,0.401,-0.386,0.671,0.719,-0.601,0.196,0.688,-0.594,0.519,0.741,0.421,-0.577,-0.058,-0.436,0.674,0.541,-0.555,0.063,0.172,-0.643,-0.468,-0.447,-0.629,-0.241,0.051,-0.315,0.709,0.004,0.585,0.099,-0.473,-0.599,0.651,0.687,0.725,-0.669,-0.547,0.527,0.175,-0.618,-0.356,0.222,0.787,-0.688,-0.159,0.44,1.0,0.082,0.664,-0.477,0.668,0.431,0.275,0.292,-0.497,0.653,-0.564,-0.163,-0.564,0.05,0.182,0.524,-0.542,-0.559,0.187,0.643,0.764,-0.271,0.597,-0.567,0.28,0.785,0.074,-0.313,0.695,-0.494,-0.407,0.539,0.035,0.76,-0.395,0.372,-0.431,0.684,0.506,-0.376,-0.538,-0.723,-0.588
NVAX,-0.023,0.175,0.478,0.203,0.153,-0.271,0.369,0.026,-0.074,0.107,0.411,0.302,0.396,0.455,0.317,-0.054,-0.372,0.02,0.217,-0.365,-0.252,0.32,0.463,0.625,0.546,0.073,-0.126,0.507,0.605,0.626,0.067,0.251,0.234,0.044,0.622,0.69,0.414,0.109,0.531,0.122,0.365,0.044,-0.223,0.211,0.348,0.205,0.338,-0.245,-0.238,-0.248,0.069,0.113,-0.201,0.17,-0.035,-0.022,-0.071,0.082,1.0,-0.169,0.149,0.225,0.03,0.319,0.489,0.16,-0.071,-0.064,0.503,-0.039,-0.55,-0.343,0.289,0.461,0.119,0.572,0.357,0.238,-0.292,0.346,-0.111,-0.153,-0.074,0.518,-0.212,-0.039,0.315,0.285,-0.034,0.497,0.263,0.457,0.338,0.449,0.335,-0.29,0.062,0.273,-0.128,0.363
NVDA,0.171,-0.484,-0.671,0.67,-0.024,0.708,-0.467,0.391,0.624,-0.654,-0.194,0.291,-0.397,0.416,0.463,-0.652,0.488,0.776,-0.622,0.686,0.785,0.352,-0.653,-0.393,-0.576,0.626,0.682,-0.622,0.072,0.015,-0.733,-0.348,-0.329,-0.572,-0.392,-0.171,-0.37,0.619,-0.114,0.668,-0.041,-0.509,-0.664,0.647,0.46,0.604,-0.598,-0.51,0.764,0.388,-0.737,-0.277,0.422,0.643,-0.617,0.068,0.345,0.664,-0.169,1.0,-0.643,0.407,0.694,0.187,0.014,-0.52,0.792,-0.54,-0.292,-0.437,0.215,0.253,0.133,-0.647,-0.612,0.062,0.375,0.618,-0.024,0.521,-0.443,0.378,0.83,-0.186,-0.209,0.747,-0.49,-0.512,0.591,-0.137,0.444,-0.536,0.135,-0.611,0.35,0.601,-0.494,-0.733,-0.601,-0.595
NWL,-0.137,0.316,0.489,-0.484,0.0,-0.597,0.54,-0.284,-0.466,0.746,0.006,-0.421,0.147,-0.232,-0.322,0.637,-0.442,-0.538,0.583,-0.583,-0.558,-0.225,0.511,0.396,0.468,-0.611,-0.623,0.526,-0.132,0.125,0.695,0.205,0.178,0.67,0.35,0.205,0.16,-0.497,0.013,-0.515,-0.017,0.58,0.525,-0.548,-0.208,-0.46,0.451,0.464,-0.618,-0.33,0.872,0.279,-0.408,-0.474,0.502,-0.157,-0.241,-0.477,0.149,-0.643,1.0,-0.25,-0.672,-0.379,0.038,0.505,-0.599,0.437,0.1,0.252,0.111,-0.355,0.026,0.438,0.522,-0.153,-0.167,-0.434,0.029,-0.503,0.299,-0.487,-0.595,0.086,0.436,-0.663,0.447,0.175,-0.629,-0.009,-0.315,0.266,-0.177,0.684,-0.193,-0.544,0.418,0.668,0.466,0.534
OCGN,0.035,-0.435,-0.133,0.715,-0.112,0.114,0.232,-0.045,0.068,-0.159,0.078,0.338,-0.143,0.684,0.728,-0.438,-0.141,0.42,-0.399,0.214,0.421,0.523,-0.248,0.263,-0.168,0.466,0.126,-0.154,0.119,0.052,-0.433,-0.352,-0.341,-0.479,0.14,0.177,0.035,0.873,0.202,0.491,0.283,-0.18,-0.52,0.503,0.671,0.476,-0.394,-0.478,0.255,-0.109,-0.42,-0.381,-0.157,0.492,-0.574,-0.426,0.286,0.668,0.225,0.407,-0.25,1.0,0.148,0.187,0.542,-0.416,0.463,-0.554,0.125,-0.536,-0.243,-0.216,0.653,-0.21,-0.374,0.292,0.88,0.526,-0.53,0.306,-0.568,-0.044,0.531,0.322,-0.587,0.586,-0.236,-0.176,0.288,0.177,0.813,-0.124,0.341,-0.058,0.866,0.173,-0.305,-0.233,-0.638,-0.329
