,AAL,AAPL,AGNC,AMAT,AMD,AMZN,APA,ARDX,AVGO,AZN,BIDU,BILI,BKR,CAN,CHRD,CMCSA,CPRT,CRWD,CSCO,CSX,DKNG,EBAY,ERIC,EXC,FITB,FLEX,FTNT,GEN,GERN,GEVO,GILD,GOOG,GOOGL,GT,HBAN,HST,INTC,IOVA,IQ,JBLU,JD,KDP,KHC,LRCX,LYFT,MARA,MCHP,MDLZ,META,MNST,MRNA,MRVL,MSFT,MSTR,MU,MVIS,NFLX,NNDM,NVAX,NVDA,NWL,OCGN,ON,OPK,PAA,PACB,PANW,PARA,PDD,PENN,PEP,PLUG,PTEN,PTON,PYPL,QCOM,QVCGA,RIOT,ROKU,RUN,SABR,SBUX,SMCI,SNDL,STNE,TCOM,TLRY,TMUS,TSCO,TSLA,TTD,TXN,UAL,VOD,VTRS,VXRT,WBA,WBD,WDC,ZM
AAL,1.0,-0.604,-0.498,-0.331,-0.637,-0.37,-0.481,0.208,-0.086,0.09,-0.418,-0.173,-0.317,0.005,-0.539,-0.262,-0.325,0.415,-0.295,-0.349,0.311,-0.086,-0.507,-0.16,-0.539,0.141,-0.039,-0.543,-0.292,-0.111,-0.327,-0.481,-0.448,0.062,-0.479,-0.235,-0.584,-0.249,-0.075,-0.217,0.228,0.539,0.409,-0.184,0.582,-0.21,-0.364,0.358,-0.05,-0.447,0.403,-0.302,-0.279,0.051,0.398,-0.56,0.585,-0.412,0.115,-0.092,0.455,-0.59,-0.528,-0.485,-0.565,0.046,-0.365,-0.62,0.147,-0.542,0.432,-0.455,-0.119,0.031,-0.27,0.18,-0.551,0.001,-0.438,-0.459,-0.543,0.685,-0.232,-0.499,-0.632,-0.111,-0.515,-0.47,0.392,-0.478,-0.422,-0.545,0.909,-0.386,-0.641,-0.146,0.42,-0.295,-0.189,0.113
AAPL,-0.604,1.0,0.629,0.818,0.778,0.554,0.597,-0.332,0.493,-0.158,0.486,-0.029,0.43,0.207,0.564,0.356,0.196,-0.1,0.274,0.445,-0.205,0.073,0.624,0.198,0.659,0.01,0.512,0.717,0.564,0.027,0.232,0.774,0.756,0.102,0.619,0.342,0.826,0.22,0.125,0.436,-0.176,-0.543,-0.273,0.659,-0.395,0.4,0.738,-0.347,0.379,0.502,-0.399,0.647,0.642,-0.036,-0.333,0.768,-0.22,0.553,0.02,0.459,-0.319,0.815,0.909,0.664,0.607,0.165,0.627,0.702,-0.081,0.697,-0.382,0.61,0.178,0.223,0.403,0.142,0.813,0.28,0.613,0.502,0.723,-0.572,0.347,0.711,0.828,0.283,0.663,0.852,-0.318,0.657,0.729,0.914,-0.568,0.443,0.75,-0.141,-0.631,0.533,0.581,-0.01
AGNC,-0.498,0.629,1.0,0.389,0.623,0.113,0.546,-0.214,0.131,0.135,0.639,0.115,0.352,0.266,0.523,0.398,0.319,-0.557,0.332,0.511,-0.052,0.322,0.768,0.461,0.741,0.165,0.025,0.525,0.64,0.31,0.346,0.305,0.308,0.425,0.629,0.623,0.629,0.534,0.249,0.683,0.177,-0.413,-0.058,0.186,-0.376,0.512,0.423,-0.299,-0.083,0.284,-0.052,0.407,0.12,0.295,-0.296,0.681,-0.528,0.32,0.318,0.186,-0.151,0.564,0.679,0.778,0.37,0.558,0.203,0.396,0.122,0.537,-0.036,0.764,0.328,0.415,0.544,0.002,0.748,0.484,0.406,0.79,0.728,-0.483,0.319,0.83,0.664,0.068,0.772,0.595,-0.07,0.522,0.46,0.647,-0.533,0.354,0.594,0.121,-0.289,0.496,0.333,-0.085
AMAT,-0.331,0.818,0.389,1.0,0.627,0.398,0.224,-0.402,0.731,-0.233,0.472,0.063,0.065,0.231,0.287,-0.014,0.071,0.119,-0.077,0.141,0.009,-0.002,0.36,0.076,0.37,0.11,0.495,0.327,0.392,-0.199,-0.071,0.583,0.573,0.004,0.301,0.141,0.717,-0.03,0.262,0.137,0.002,-0.447,-0.241,0.885,-0.189,0.174,0.791,-0.346,0.486,0.157,-0.257,0.792,0.599,-0.15,0.011,0.413,0.104,0.458,-0.111,0.777,-0.291,0.639,0.773,0.4,0.365,0.124,0.413,0.496,0.132,0.569,-0.386,0.448,-0.159,0.314,0.281,0.48,0.642,0.247,0.383,0.275,0.552,-0.397,0.52,0.454,0.668,0.517,0.482,0.64,-0.158,0.504,0.722,0.783,-0.265,0.493,0.456,-0.279,-0.447,0.244,0.787,-0.227
AMD,-0.637,0.778,0.623,0.627,1.0,0.429,0.406,-0.336,0.294,-0.147,0.655,0.227,0.261,-0.012,0.491,0.246,0.289,-0.362,0.218,0.254,-0.324,0.011,0.667,0.096,0.579,-0.18,0.224,0.488,0.451,0.015,0.315,0.641,0.637,0.036,0.585,0.314,0.833,0.168,0.168,0.408,-0.111,-0.612,-0.353,0.554,-0.439,0.147,0.667,-0.276,0.371,0.429,-0.423,0.597,0.545,-0.153,-0.442,0.607,-0.301,0.476,-0.175,0.339,-0.498,0.705,0.804,0.575,0.564,0.079,0.416,0.721,-0.172,0.75,-0.339,0.541,0.003,0.151,0.343,-0.03,0.616,0.054,0.564,0.555,0.705,-0.703,0.419,0.639,0.861,0.305,0.592,0.63,-0.429,0.692,0.643,0.805,-0.64,0.565,0.676,-0.033,-0.585,0.432,0.431,-0.168
AMZN,-0.37,0.554,0.113,0.398,0.429,1.0,0.457,-0.205,-0.05,-0.468,0.008,-0.114,0.574,-0.442,0.53,0.342,0.12,0.091,0.365,0.335,-0.563,-0.241,0.436,-0.315,0.356,-0.497,0.479,0.566,-0.062,-0.169,0.23,0.82,0.825,-0.313,0.442,-0.009,0.392,-0.145,-0.368,0.303,-0.587,-0.552,-0.513,0.531,-0.38,0.151,0.538,-0.055,0.539,0.559,-0.611,0.254,0.788,-0.342,-0.491,0.537,0.149,0.337,-0.468,-0.031,-0.547,0.661,0.428,0.202,0.728,-0.414,0.879,0.53,-0.481,0.456,-0.465,0.076,0.056,-0.345,-0.093,-0.356,0.208,-0.274,0.792,0.086,0.323,-0.493,-0.077,0.3,0.435,-0.042,0.26,0.504,-0.554,0.533,0.52,0.559,-0.403,0.207,0.466,-0.148,-0.622,0.333,0.123,0.255
APA,-0.481,0.597,0.546,0.224,0.406,0.457,1.0,0.135,-0.092,0.029,0.101,-0.148,0.844,0.16,0.816,0.818,0.318,-0.245,0.714,0.795,-0.171,0.363,0.586,0.423,0.804,-0.034,0.263,0.843,0.398,0.391,0.552,0.5,0.49,0.354,0.785,0.638,0.393,0.613,-0.222,0.735,-0.323,-0.249,-0.018,0.084,-0.278,0.661,0.368,-0.141,-0.085,0.627,-0.281,0.181,0.258,0.35,-0.454,0.797,-0.414,0.161,0.338,-0.153,-0.009,0.645,0.491,0.692,0.551,0.196,0.61,0.395,-0.277,0.435,-0.063,0.504,0.741,0.075,0.373,-0.233,0.575,0.336,0.582,0.518,0.575,-0.346,-0.016,0.555,0.505,-0.317,0.452,0.722,-0.152,0.351,0.417,0.583,-0.472,0.15,0.737,0.225,-0.431,0.721,0.094,0.434
ARDX,0.208,-0.332,-0.214,-0.402,-0.336,-0.205,0.135,1.0,-0.335,0.356,-0.278,-0.229,0.102,0.081,-0.144,0.228,-0.063,0.009,0.204,0.044,0.077,0.191,-0.214,0.172,-0.051,0.048,-0.089,0.073,-0.074,0.268,0.107,-0.314,-0.315,0.307,-0.032,0.214,-0.326,0.326,-0.204,0.0,-0.058,0.375,0.187,-0.423,0.49,0.064,-0.317,0.027,-0.396,0.115,0.138,-0.312,-0.453,0.363,-0.032,-0.14,-0.209,-0.443,0.201,-0.298,0.317,-0.158,-0.371,-0.063,-0.209,0.067,-0.09,-0.361,-0.103,-0.213,0.268,-0.085,0.367,-0.025,-0.185,-0.159,-0.15,0.014,-0.144,-0.032,-0.171,0.286,-0.235,-0.218,-0.318,-0.486,-0.255,-0.255,0.255,-0.336,-0.379,-0.338,0.165,-0.184,0.008,0.031,0.197,0.167,-0.339,0.257
AVGO,-0.086,0.493,0.131,0.731,0.294,-0.05,-0.092,-0.335,1.0,-0.085,0.28,-0.015,-0.382,0.412,0.011,-0.28,-0.111,0.192,-0.438,-0.045,0.413,-0.045,-0.091,0.242,0.065,0.449,0.439,-0.028,0.407,-0.202,-0.387,0.084,0.07,0.13,-0.062,-0.045,0.329,-0.083,0.414,-0.189,0.323,-0.157,0.017,0.59,0.128,-0.008,0.559,-0.36,0.188,-0.236,0.098,0.743,0.262,-0.071,0.367,0.065,0.141,0.394,0.084,0.79,0.078,0.345,0.519,0.104,-0.061,0.286,-0.021,0.199,0.449,0.22,-0.23,0.364,-0.339,0.549,0.446,0.823,0.45,0.348,-0.017,0.106,0.281,-0.084,0.582,0.198,0.389,0.612,0.198,0.33,0.22,0.126,0.376,0.432,-0.002,0.346,0.036,-0.274,-0.108,-0.07,0.767,-0.312
AZN,0.09,-0.158,0.135,-0.233,-0.147,-0.468,0.029,0.356,-0.085,1.0,0.091,0.353,-0.0,0.417,-0.218,0.21,0.322,-0.145,0.23,0.052,0.432,0.638,-0.254,0.647,0.016,0.606,-0.321,-0.026,0.444,0.601,0.387,-0.285,-0.291,0.489,-0.065,0.454,-0.133,0.578,0.446,-0.043,0.542,0.619,0.686,-0.344,0.172,-0.141,-0.307,0.304,-0.382,0.19,0.693,-0.225,-0.422,0.473,0.453,-0.032,-0.276,-0.433,0.623,0.079,0.575,-0.319,-0.176,0.258,-0.45,0.406,-0.393,-0.413,0.571,0.024,0.737,0.194,0.457,0.317,0.329,0.218,0.162,0.141,-0.494,0.33,0.059,0.536,0.13,-0.025,-0.016,0.088,-0.148,-0.134,0.51,-0.566,-0.333,-0.125,0.157,0.134,0.071,0.277,0.531,0.166,-0.083,0.027
BIDU,-0.418,0.486,0.639,0.472,0.655,0.008,0.101,-0.278,0.28,0.091,1.0,0.258,-0.074,0.079,0.139,-0.053,0.217,-0.526,-0.077,0.043,-0.193,0.067,0.509,0.317,0.488,0.045,-0.075,0.167,0.469,0.112,0.067,0.22,0.214,0.28,0.389,0.264,0.658,0.277,0.558,0.159,0.373,-0.414,-0.206,0.321,-0.22,-0.049,0.434,-0.328,0.078,0.129,-0.105,0.406,0.144,-0.033,-0.157,0.263,-0.402,0.321,-0.066,0.398,-0.327,0.415,0.588,0.5,0.247,0.27,0.002,0.402,0.235,0.479,-0.141,0.557,-0.077,0.308,0.293,0.047,0.574,0.093,0.226,0.64,0.552,-0.49,0.345,0.675,0.589,0.437,0.658,0.296,-0.22,0.497,0.449,0.522,-0.412,0.518,0.48,-0.109,-0.261,0.292,0.418,-0.477
BILI,-0.173,-0.029,0.115,0.063,0.227,-0.114,-0.148,-0.229,-0.015,0.353,0.258,1.0,-0.1,0.074,-0.082,0.004,0.316,-0.296,0.121,-0.045,0.284,0.467,-0.013,0.215,-0.064,0.192,-0.462,-0.227,0.243,0.156,0.472,0.011,0.019,-0.106,-0.108,0.223,0.175,0.111,0.378,-0.129,0.396,0.102,0.342,0.092,-0.286,-0.349,0.0,0.241,0.011,0.109,0.38,0.07,-0.04,-0.077,0.25,-0.06,-0.031,-0.111,0.107,0.198,-0.091,-0.14,-0.009,0.144,-0.144,-0.01,-0.277,0.024,0.407,0.438,0.27,0.029,-0.017,0.072,0.252,0.138,0.075,-0.199,-0.25,0.226,0.185,-0.007,0.393,0.006,0.264,0.336,-0.014,-0.027,0.087,-0.171,-0.055,0.113,-0.143,0.581,0.147,0.449,0.297,-0.05,-0.02,-0.238
BKR,-0.317,0.43,0.352,0.065,0.261,0.574,0.844,0.102,-0.382,-0.0,-0.074,-0.1,1.0,-0.061,0.696,0.831,0.298,-0.068,0.826,0.698,-0.331,0.311,0.544,0.131,0.608,-0.269,0.188,0.778,0.148,0.271,0.647,0.61,0.605,0.106,0.713,0.437,0.263,0.405,-0.406,0.714,-0.487,-0.191,-0.04,0.082,-0.277,0.544,0.21,0.119,0.071,0.746,-0.379,-0.051,0.379,0.164,-0.543,0.709,-0.19,0.047,0.167,-0.327,-0.11,0.451,0.312,0.542,0.546,-0.054,0.691,0.302,-0.482,0.391,-0.007,0.21,0.747,-0.26,0.059,-0.47,0.302,0.094,0.565,0.289,0.377,-0.216,-0.244,0.391,0.335,-0.417,0.287,0.596,-0.309,0.272,0.308,0.438,-0.334,-0.007,0.603,0.289,-0.446,0.635,-0.131,0.581
CAN,0.005,0.207,0.266,0.231,-0.012,-0.442,0.16,0.081,0.412,0.417,0.079,0.074,-0.061,1.0,-0.052,0.121,0.057,0.002,-0.004,0.27,0.668,0.485,-0.106,0.573,0.14,0.705,-0.07,0.053,0.518,0.383,0.069,-0.236,-0.254,0.502,0.012,0.432,0.069,0.479,0.302,0.073,0.396,0.381,0.482,0.044,0.143,0.363,-0.032,-0.282,-0.321,-0.035,0.416,0.22,-0.323,0.639,0.417,0.108,-0.169,-0.185,0.719,0.385,0.498,-0.041,0.137,0.358,-0.392,0.602,-0.247,-0.241,0.45,0.05,0.305,0.403,0.28,0.604,0.432,0.599,0.426,0.672,-0.302,0.266,0.231,0.27,0.463,0.186,0.132,0.047,0.171,0.218,0.566,-0.293,0.107,0.104,0.038,0.046,0.104,0.116,0.307,0.131,0.349,-0.026
CHRD,-0.539,0.564,0.523,0.287,0.491,0.53,0.816,-0.144,0.011,-0.218,0.139,-0.082,0.696,-0.052,1.0,0.617,0.355,-0.273,0.533,0.702,-0.215,0.218,0.609,0.248,0.794,-0.137,0.225,0.657,0.268,0.26,0.365,0.486,0.487,0.199,0.773,0.445,0.434,0.43,-0.238,0.672,-0.347,-0.45,-0.206,0.207,-0.375,0.574,0.546,-0.141,-0.015,0.442,-0.422,0.397,0.399,0.147,-0.473,0.739,-0.349,0.391,0.072,-0.107,-0.247,0.771,0.542,0.593,0.648,0.136,0.577,0.565,-0.331,0.399,-0.223,0.539,0.459,0.095,0.425,-0.203,0.484,0.266,0.656,0.502,0.659,-0.518,0.15,0.534,0.531,-0.141,0.48,0.661,-0.269,0.526,0.594,0.653,-0.569,0.268,0.568,0.243,-0.454,0.485,0.221,0.279
CMCSA,-0.262,0.356,0.398,-0.014,0.246,0.342,0.818,0.228,-0.28,0.21,-0.053,0.004,0.831,0.121,0.617,1.0,0.241,-0.214,0.852,0.753,-0.033,0.46,0.39,0.383,0.617,-0.052,0.149,0.739,0.359,0.418,0.738,0.402,0.399,0.35,0.693,0.653,0.241,0.556,-0.315,0.699,-0.323,-0.012,0.237,-0.068,-0.193,0.489,0.16,0.058,-0.163,0.629,-0.127,0.01,0.152,0.328,-0.445,0.683,-0.279,-0.005,0.404,-0.295,0.135,0.388,0.283,0.527,0.359,0.138,0.488,0.249,-0.267,0.416,0.195,0.298,0.832,-0.032,0.324,-0.297,0.384,0.175,0.4,0.391,0.442,-0.087,-0.124,0.353,0.345,-0.438,0.25,0.532,-0.048,0.104,0.227,0.404,-0.325,0.115,0.592,0.414,-0.276,0.713,-0.185,0.677
CPRT,-0.325,0.196,0.319,0.071,0.289,0.12,0.318,-0.063,-0.111,0.322,0.217,0.316,0.298,0.057,0.355,0.241,1.0,-0.173,0.244,0.172,0.005,0.463,0.251,0.271,0.337,0.062,-0.179,0.154,0.27,0.55,0.29,0.213,0.217,0.08,0.275,0.361,0.242,0.435,0.124,0.215,0.161,0.063,0.173,0.076,-0.258,-0.054,0.103,0.204,0.043,0.51,0.062,0.066,0.132,0.283,0.01,0.32,-0.226,-0.031,0.068,0.029,-0.102,0.252,0.124,0.524,0.125,0.189,0.068,0.07,0.103,0.285,0.324,0.442,0.25,0.267,0.247,-0.091,0.307,-0.052,0.06,0.571,0.443,-0.083,0.411,0.24,0.325,0.133,0.191,0.156,-0.042,0.061,0.269,0.29,-0.329,0.302,0.311,0.151,0.035,0.215,0.239,-0.191
CRWD,0.415,-0.1,-0.557,0.119,-0.362,0.091,-0.245,0.009,0.192,-0.145,-0.526,-0.296,-0.068,0.002,-0.273,-0.214,-0.173,1.0,-0.17,-0.278,0.131,-0.248,-0.459,-0.355,-0.454,-0.03,0.459,-0.158,-0.314,-0.308,-0.363,0.088,0.086,-0.305,-0.386,-0.445,-0.267,-0.492,-0.189,-0.281,-0.187,0.327,0.11,0.217,0.414,-0.087,-0.085,0.264,0.369,-0.111,0.009,-0.065,0.269,-0.207,0.29,-0.241,0.671,-0.125,-0.134,0.143,0.264,-0.217,-0.188,-0.417,-0.196,-0.322,0.18,-0.27,-0.049,-0.267,0.021,-0.408,-0.155,-0.19,-0.329,0.249,-0.315,-0.078,-0.137,-0.584,-0.428,0.477,-0.099,-0.474,-0.354,0.143,-0.461,-0.089,0.056,-0.27,-0.03,-0.194,0.544,-0.348,-0.399,-0.347,0.041,-0.274,0.138,0.257
CSCO,-0.295,0.274,0.332,-0.077,0.218,0.365,0.714,0.204,-0.438,0.23,-0.077,0.121,0.826,-0.004,0.533,0.852,0.244,-0.17,1.0,0.679,-0.125,0.49,0.375,0.222,0.522,-0.184,0.042,0.728,0.154,0.243,0.83,0.414,0.411,0.2,0.617,0.563,0.205,0.454,-0.292,0.638,-0.324,0.023,0.186,-0.122,-0.235,0.418,0.058,0.177,-0.125,0.648,-0.164,-0.122,0.169,0.146,-0.437,0.567,-0.261,-0.087,0.297,-0.354,0.102,0.258,0.21,0.392,0.35,-0.033,0.503,0.23,-0.335,0.485,0.278,0.096,0.818,-0.294,0.14,-0.422,0.32,0.018,0.322,0.252,0.293,-0.03,-0.198,0.248,0.222,-0.425,0.118,0.431,-0.118,0.079,0.099,0.334,-0.281,0.067,0.597,0.512,-0.234,0.574,-0.306,0.705
CSX,-0.349,0.445,0.511,0.141,0.254,0.335,0.795,0.044,-0.045,0.052,0.043,-0.045,0.698,0.27,0.702,0.753,0.172,-0.278,0.679,1.0,0.116,0.462,0.46,0.392,0.778,0.101,0.146,0.691,0.328,0.235,0.523,0.266,0.262,0.438,0.736,0.631,0.297,0.511,-0.246,0.711,-0.196,-0.152,0.133,0.007,-0.24,0.694,0.302,-0.213,-0.313,0.407,-0.134,0.207,0.137,0.303,-0.299,0.615,-0.345,0.099,0.437,-0.166,0.152,0.5,0.407,0.539,0.393,0.315,0.458,0.272,-0.15,0.431,0.04,0.422,0.705,0.115,0.44,-0.094,0.522,0.457,0.474,0.398,0.542,-0.182,0.064,0.488,0.361,-0.334,0.434,0.618,0.093,0.218,0.322,0.489,-0.408,0.19,0.564,0.377,-0.251,0.576,0.007,0.501
DKNG,0.311,-0.205,-0.052,0.009,-0.324,-0.563,-0.171,0.077,0.413,0.432,-0.193,0.284,-0.331,0.668,-0.215,-0.033,0.005,0.131,-0.125,0.116,1.0,0.522,-0.48,0.497,-0.152,0.686,-0.169,-0.34,0.263,0.17,-0.018,-0.529,-0.536,0.36,-0.306,0.261,-0.272,0.198,0.239,-0.152,0.548,0.599,0.742,-0.109,0.353,0.061,-0.139,0.075,-0.404,-0.364,0.691,0.195,-0.41,0.419,0.664,-0.3,0.152,-0.318,0.61,0.339,0.666,-0.295,-0.181,-0.034,-0.618,0.462,-0.515,-0.497,0.649,-0.071,0.524,0.109,0.088,0.567,0.428,0.728,0.088,0.476,-0.569,0.002,-0.045,0.577,0.466,-0.256,-0.172,0.18,-0.215,-0.119,0.801,-0.604,-0.177,-0.167,0.347,0.159,-0.297,0.256,0.573,-0.215,0.184,0.015
EBAY,-0.086,0.073,0.322,-0.002,0.011,-0.241,0.363,0.191,-0.045,0.638,0.067,0.467,0.311,0.485,0.218,0.46,0.463,-0.248,0.49,0.462,0.522,1.0,0.037,0.621,0.333,0.499,-0.337,0.197,0.431,0.477,0.57,-0.094,-0.105,0.486,0.261,0.663,0.049,0.657,0.209,0.266,0.359,0.409,0.655,-0.145,-0.022,0.192,-0.015,0.234,-0.39,0.293,0.441,0.029,-0.27,0.472,0.247,0.183,-0.286,-0.231,0.657,0.084,0.443,-0.016,0.034,0.455,-0.165,0.466,-0.151,-0.136,0.348,0.301,0.581,0.328,0.641,0.328,0.466,0.222,0.394,0.308,-0.251,0.432,0.347,0.281,0.288,0.105,0.149,-0.044,0.039,0.196,0.444,-0.331,-0.009,0.184,-0.073,0.298,0.33,0.579,0.358,0.369,-0.001,0.135
ERIC,-0.507,0.624,0.768,0.36,0.667,0.436,0.586,-0.214,-0.091,-0.254,0.509,-0.013,0.544,-0.106,0.609,0.39,0.251,-0.459,0.375,0.46,-0.48,0.037,1.0,0.041,0.699,-0.322,0.118,0.597,0.327,0.067,0.309,0.552,0.563,0.097,0.721,0.391,0.692,0.286,-0.092,0.74,-0.259,-0.684,-0.415,0.294,-0.478,0.482,0.48,-0.267,0.212,0.461,-0.523,0.337,0.372,0.002,-0.665,0.748,-0.405,0.438,-0.076,-0.049,-0.491,0.673,0.628,0.656,0.63,0.204,0.485,0.595,-0.348,0.558,-0.348,0.546,0.233,0.042,0.156,-0.345,0.525,0.224,0.667,0.589,0.676,-0.698,0.082,0.756,0.663,-0.082,0.757,0.635,-0.45,0.747,0.511,0.646,-0.572,0.276,0.688,0.043,-0.641,0.533,0.185,-0.013
EXC,-0.16,0.198,0.461,0.076,0.096,-0.315,0.423,0.172,0.242,0.647,0.317,0.215,0.131,0.573,0.248,0.383,0.271,-0.355,0.222,0.392,0.497,0.621,0.041,1.0,0.44,0.667,-0.073,0.242,0.679,0.629,0.333,-0.185,-0.2,0.75,0.268,0.643,0.098,0.793,0.461,0.243,0.532,0.324,0.531,-0.17,0.117,0.259,0.1,-0.062,-0.451,0.138,0.491,0.211,-0.324,0.63,0.257,0.285,-0.477,-0.122,0.736,0.208,0.504,0.18,0.218,0.563,-0.217,0.649,-0.175,-0.092,0.577,0.164,0.434,0.619,0.529,0.637,0.693,0.357,0.537,0.534,-0.152,0.637,0.419,0.176,0.331,0.363,0.311,0.132,0.264,0.262,0.512,-0.263,0.03,0.237,-0.1,0.274,0.33,0.251,0.27,0.425,0.239,0.0
FITB,-0.539,0.659,0.741,0.37,0.579,0.356,0.804,-0.051,0.065,0.016,0.488,-0.064,0.608,0.14,0.794,0.617,0.337,-0.454,0.522,0.778,-0.152,0.333,0.699,0.44,1.0,0.002,0.176,0.73,0.5,0.316,0.418,0.42,0.418,0.495,0.9,0.671,0.65,0.601,0.017,0.711,-0.089,-0.406,-0.086,0.166,-0.317,0.6,0.527,-0.295,-0.118,0.442,-0.29,0.413,0.268,0.291,-0.438,0.724,-0.514,0.326,0.231,0.014,-0.09,0.756,0.668,0.775,0.564,0.356,0.456,0.531,-0.118,0.537,-0.105,0.7,0.541,0.279,0.519,-0.14,0.724,0.422,0.59,0.707,0.81,-0.488,0.205,0.76,0.627,-0.078,0.717,0.692,-0.153,0.566,0.59,0.727,-0.584,0.385,0.752,0.133,-0.418,0.663,0.263,0.174
FLEX,0.141,0.01,0.165,0.11,-0.18,-0.497,-0.034,0.048,0.449,0.606,0.045,0.192,-0.269,0.705,-0.137,-0.052,0.062,-0.03,-0.184,0.101,0.686,0.499,-0.322,0.667,0.002,1.0,-0.049,-0.148,0.507,0.393,-0.057,-0.406,-0.418,0.544,-0.178,0.317,-0.135,0.428,0.558,-0.141,0.656,0.485,0.593,-0.073,0.185,0.065,0.015,-0.042,-0.416,-0.249,0.711,0.153,-0.404,0.493,0.741,-0.064,-0.174,-0.141,0.696,0.4,0.613,-0.144,0.038,0.21,-0.497,0.654,-0.377,-0.319,0.764,-0.133,0.383,0.343,0.174,0.652,0.59,0.719,0.278,0.525,-0.406,0.256,0.123,0.41,0.387,0.046,0.035,0.263,-0.009,0.029,0.719,-0.471,-0.11,0.021,0.194,0.116,-0.102,0.063,0.614,0.03,0.367,-0.128
FTNT,-0.039,0.512,0.025,0.495,0.224,0.479,0.263,-0.089,0.439,-0.321,-0.075,-0.462,0.188,-0.07,0.225,0.149,-0.179,0.459,0.042,0.146,-0.169,-0.337,0.118,-0.073,0.176,-0.049,1.0,0.459,0.065,-0.33,-0.206,0.457,0.451,0.021,0.204,-0.098,0.242,-0.214,-0.13,0.185,-0.33,-0.256,-0.233,0.458,0.102,0.246,0.523,-0.206,0.343,0.099,-0.329,0.37,0.537,-0.245,-0.152,0.374,0.178,0.351,-0.123,0.197,-0.019,0.493,0.511,-0.0,0.303,-0.115,0.634,0.375,-0.136,0.162,-0.379,0.081,0.013,-0.003,0.073,0.196,0.283,0.122,0.479,-0.129,0.117,-0.106,-0.022,0.142,0.279,0.126,0.108,0.479,-0.118,0.277,0.345,0.429,0.034,-0.069,0.169,-0.442,-0.495,0.279,0.468,0.308
GEN,-0.543,0.717,0.525,0.327,0.488,0.566,0.843,0.073,-0.028,-0.026,0.167,-0.227,0.778,0.053,0.657,0.739,0.154,-0.158,0.728,0.691,-0.34,0.197,0.597,0.242,0.73,-0.148,0.459,1.0,0.355,0.115,0.513,0.653,0.639,0.278,0.772,0.493,0.517,0.422,-0.173,0.66,-0.41,-0.354,-0.191,0.183,-0.276,0.563,0.433,-0.239,0.061,0.673,-0.431,0.22,0.403,0.097,-0.558,0.819,-0.413,0.306,0.17,-0.075,-0.074,0.674,0.625,0.573,0.588,0.076,0.75,0.561,-0.346,0.556,-0.178,0.4,0.64,-0.112,0.242,-0.283,0.636,0.193,0.633,0.396,0.522,-0.372,-0.093,0.595,0.546,-0.233,0.474,0.731,-0.277,0.439,0.39,0.651,-0.517,0.095,0.808,0.116,-0.587,0.726,0.092,0.49
GERN,-0.292,0.564,0.64,0.392,0.451,-0.062,0.398,-0.074,0.407,0.444,0.469,0.243,0.148,0.518,0.268,0.359,0.27,-0.314,0.154,0.328,0.263,0.431,0.327,0.679,0.5,0.507,0.065,0.355,1.0,0.495,0.314,0.24,0.239,0.527,0.384,0.615,0.524,0.608,0.438,0.286,0.391,-0.016,0.345,0.178,-0.116,0.221,0.341,-0.131,-0.005,0.273,0.285,0.452,0.102,0.454,0.023,0.51,-0.322,0.207,0.562,0.368,0.195,0.435,0.526,0.766,0.026,0.628,0.0,0.222,0.436,0.438,0.166,0.759,0.296,0.678,0.758,0.366,0.704,0.484,0.084,0.742,0.697,-0.129,0.445,0.599,0.623,0.24,0.526,0.544,0.189,0.154,0.341,0.579,-0.286,0.47,0.496,0.079,-0.016,0.453,0.389,-0.107
GEVO,-0.111,0.027,0.31,-0.199,0.015,-0.169,0.391,0.268,-0.202,0.601,0.112,0.156,0.271,0.383,0.26,0.418,0.55,-0.308,0.243,0.235,0.17,0.477,0.067,0.629,0.316,0.393,-0.33,0.115,0.495,1.0,0.355,-0.076,-0.078,0.437,0.227,0.523,0.009,0.752,0.17,0.221,0.261,0.348,0.408,-0.261,-0.115,0.146,-0.148,0.137,-0.297,0.379,0.322,-0.107,-0.266,0.734,0.092,0.315,-0.377,-0.212,0.504,-0.096,0.234,0.068,-0.059,0.549,-0.107,0.455,-0.136,-0.158,0.227,-0.045,0.465,0.507,0.483,0.454,0.414,-0.057,0.239,0.244,-0.075,0.635,0.368,0.107,0.206,0.235,0.165,-0.115,0.17,0.04,0.222,-0.183,0.095,0.059,-0.183,0.11,0.223,0.149,0.291,0.357,-0.019,-0.02
GILD,-0.327,0.232,0.346,-0.071,0.315,0.23,0.552,0.107,-0.387,0.387,0.067,0.472,0.647,0.069,0.365,0.738,0.29,-0.363,0.83,0.523,-0.018,0.57,0.309,0.333,0.418,-0.057,-0.206,0.513,0.314,0.355,1.0,0.349,0.337,0.143,0.483,0.578,0.251,0.499,-0.08,0.483,-0.086,0.046,0.297,-0.106,-0.342,0.218,-0.003,0.203,-0.129,0.602,0.02,-0.076,0.084,0.19,-0.319,0.463,-0.283,-0.129,0.367,-0.205,0.048,0.143,0.182,0.466,0.212,0.041,0.238,0.18,-0.112,0.584,0.323,0.146,0.663,-0.137,0.247,-0.312,0.323,-0.016,0.15,0.352,0.355,-0.061,-0.024,0.26,0.36,-0.231,0.159,0.356,-0.052,-0.016,0.037,0.313,-0.319,0.277,0.598,0.568,-0.068,0.51,-0.316,0.454
GOOG,-0.481,0.774,0.305,0.583,0.641,0.82,0.5,-0.314,0.084,-0.285,0.22,0.011,0.61,-0.236,0.486,0.402,0.213,0.088,0.414,0.266,-0.529,-0.094,0.552,-0.185,0.42,-0.406,0.457,0.653,0.24,-0.076,0.349,1.0,0.994,-0.278,0.509,0.101,0.653,-0.05,-0.15,0.345,-0.475,-0.53,-0.367,0.626,-0.463,0.14,0.561,0.021,0.69,0.679,-0.572,0.319,0.865,-0.294,-0.517,0.683,0.08,0.433,-0.314,0.153,-0.511,0.649,0.635,0.434,0.708,-0.287,0.79,0.647,-0.397,0.615,-0.391,0.222,0.134,-0.23,0.029,-0.26,0.423,-0.196,0.663,0.235,0.467,-0.502,-0.001,0.424,0.628,0.101,0.377,0.681,-0.63,0.612,0.612,0.735,-0.455,0.304,0.627,-0.13,-0.692,0.463,0.237,0.154
GOOGL,-0.448,0.756,0.308,0.573,0.637,0.825,0.49,-0.315,0.07,-0.291,0.214,0.019,0.605,-0.254,0.487,0.399,0.217,0.086,0.411,0.262,-0.536,-0.105,0.563,-0.2,0.418,-0.418,0.451,0.639,0.239,-0.078,0.337,0.994,1.0,-0.272,0.505,0.108,0.656,-0.052,-0.15,0.353,-0.465,-0.53,-0.372,0.631,-0.45,0.133,0.562,0.026,0.712,0.67,-0.564,0.319,0.872,-0.296,-0.516,0.682,0.103,0.413,-0.326,0.135,-0.514,0.65,0.623,0.426,0.692,-0.288,0.789,0.642,-0.396,0.605,-0.376,0.218,0.125,-0.224,0.03,-0.27,0.4,-0.204,0.667,0.239,0.471,-0.493,-0.001,0.432,0.621,0.085,0.367,0.664,-0.63,0.626,0.609,0.729,-0.43,0.304,0.612,-0.127,-0.684,0.45,0.23,0.156
GT,0.062,0.102,0.425,0.004,0.036,-0.313,0.354,0.307,0.13,0.489,0.28,-0.106,0.106,0.502,0.199,0.35,0.08,-0.305,0.2,0.438,0.36,0.486,0.097,0.75,0.495,0.544,0.021,0.278,0.527,0.437,0.143,-0.278,-0.272,1.0,0.361,0.698,0.078,0.737,0.329,0.324,0.404,0.306,0.416,-0.233,0.313,0.366,0.15,-0.17,-0.482,-0.02,0.355,0.19,-0.347,0.617,0.144,0.192,-0.442,-0.129,0.667,0.049,0.591,0.197,0.175,0.442,-0.236,0.694,-0.114,-0.096,0.366,0.046,0.377,0.557,0.524,0.592,0.556,0.239,0.462,0.603,-0.048,0.539,0.375,0.211,0.164,0.352,0.125,-0.095,0.285,0.184,0.533,-0.148,0.027,0.191,0.033,0.068,0.264,0.052,0.227,0.44,0.181,0.131
HBAN,-0.479,0.619,0.629,0.301,0.585,0.442,0.785,-0.032,-0.062,-0.065,0.389,-0.108,0.713,0.012,0.773,0.693,0.275,-0.386,0.617,0.736,-0.306,0.261,0.721,0.268,0.9,-0.178,0.204,0.772,0.384,0.227,0.483,0.509,0.505,0.361,1.0,0.538,0.638,0.493,-0.221,0.749,-0.299,-0.453,-0.15,0.186,-0.313,0.535,0.489,-0.233,-0.055,0.566,-0.442,0.324,0.346,0.142,-0.591,0.732,-0.45,0.26,0.111,-0.094,-0.184,0.705,0.629,0.679,0.623,0.196,0.57,0.55,-0.38,0.519,-0.139,0.493,0.554,0.054,0.304,-0.293,0.594,0.248,0.655,0.542,0.724,-0.497,0.048,0.671,0.623,-0.205,0.588,0.702,-0.277,0.549,0.543,0.671,-0.553,0.265,0.749,0.197,-0.544,0.689,0.133,0.313
HST,-0.235,0.342,0.623,0.141,0.314,-0.009,0.638,0.214,-0.045,0.454,0.264,0.223,0.437,0.432,0.445,0.653,0.361,-0.445,0.563,0.631,0.261,0.663,0.391,0.643,0.671,0.317,-0.098,0.493,0.615,0.523,0.578,0.101,0.108,0.698,0.538,1.0,0.351,0.794,0.151,0.546,0.161,0.095,0.395,-0.068,-0.137,0.42,0.212,-0.068,-0.293,0.347,0.247,0.23,-0.117,0.584,-0.076,0.484,-0.441,-0.053,0.609,0.031,0.294,0.362,0.283,0.712,0.099,0.561,0.083,0.114,0.215,0.454,0.34,0.613,0.668,0.455,0.601,0.058,0.607,0.465,0.135,0.697,0.63,-0.051,0.271,0.458,0.395,-0.167,0.441,0.438,0.284,0.068,0.223,0.451,-0.286,0.384,0.611,0.289,0.031,0.599,0.107,0.194
INTC,-0.584,0.826,0.629,0.717,0.833,0.392,0.393,-0.326,0.329,-0.133,0.658,0.175,0.263,0.069,0.434,0.241,0.242,-0.267,0.205,0.297,-0.272,0.049,0.692,0.098,0.65,-0.135,0.242,0.517,0.524,0.009,0.251,0.653,0.656,0.078,0.638,0.351,1.0,0.169,0.175,0.379,-0.091,-0.557,-0.271,0.566,-0.423,0.206,0.624,-0.316,0.376,0.425,-0.397,0.637,0.523,-0.1,-0.409,0.614,-0.253,0.471,-0.128,0.392,-0.401,0.713,0.813,0.626,0.552,0.122,0.424,0.717,-0.08,0.724,-0.309,0.564,0.043,0.221,0.318,0.022,0.732,0.141,0.482,0.547,0.799,-0.629,0.406,0.704,0.824,0.331,0.695,0.657,-0.378,0.723,0.681,0.84,-0.594,0.571,0.742,-0.13,-0.55,0.424,0.451,-0.142
IOVA,-0.249,0.22,0.534,-0.03,0.168,-0.145,0.613,0.326,-0.083,0.578,0.277,0.111,0.405,0.479,0.43,0.556,0.435,-0.492,0.454,0.511,0.198,0.657,0.286,0.793,0.601,0.428,-0.214,0.422,0.608,0.752,0.499,-0.05,-0.052,0.737,0.493,0.794,0.169,1.0,0.23,0.425,0.284,0.177,0.336,-0.211,-0.015,0.387,0.074,-0.103,-0.429,0.395,0.269,0.107,-0.28,0.746,-0.026,0.457,-0.592,-0.152,0.667,-0.02,0.324,0.3,0.184,0.706,-0.032,0.622,-0.031,-0.018,0.234,0.203,0.392,0.647,0.679,0.49,0.571,0.021,0.527,0.47,0.034,0.744,0.543,0.005,0.2,0.456,0.33,-0.167,0.346,0.287,0.303,-0.084,0.144,0.284,-0.269,0.179,0.524,0.305,0.142,0.556,0.08,0.102
IQ,-0.075,0.125,0.249,0.262,0.168,-0.368,-0.222,-0.204,0.414,0.446,0.558,0.378,-0.406,0.302,-0.238,-0.315,0.124,-0.189,-0.292,-0.246,0.239,0.209,-0.092,0.461,0.017,0.558,-0.13,-0.173,0.438,0.17,-0.08,-0.15,-0.15,0.329,-0.221,0.151,0.175,0.23,1.0,-0.282,0.78,0.187,0.243,0.078,0.079,-0.299,0.099,-0.03,-0.013,-0.212,0.454,0.191,-0.152,0.072,0.494,-0.129,-0.229,0.152,0.234,0.471,0.202,-0.044,0.176,0.218,-0.344,0.386,-0.359,0.018,0.757,0.172,0.227,0.361,-0.118,0.433,0.445,0.447,0.332,0.131,-0.34,0.383,0.17,0.112,0.325,0.258,0.182,0.628,0.202,-0.069,0.273,-0.081,-0.02,0.161,0.058,0.346,0.081,-0.151,0.403,-0.049,0.357,-0.471
JBLU,-0.217,0.436,0.683,0.137,0.408,0.303,0.735,0.0,-0.189,-0.043,0.159,-0.129,0.714,0.073,0.672,0.699,0.215,-0.281,0.638,0.711,-0.152,0.266,0.74,0.243,0.711,-0.141,0.185,0.66,0.286,0.221,0.483,0.345,0.353,0.324,0.749,0.546,0.379,0.425,-0.282,1.0,-0.249,-0.311,-0.032,0.092,-0.241,0.697,0.306,-0.15,-0.093,0.432,-0.314,0.187,0.18,0.266,-0.531,0.738,-0.288,0.2,0.28,-0.183,-0.044,0.489,0.48,0.592,0.436,0.316,0.481,0.311,-0.346,0.406,0.042,0.459,0.606,0.08,0.221,-0.26,0.439,0.414,0.525,0.465,0.523,-0.314,0.011,0.606,0.45,-0.319,0.545,0.601,-0.097,0.407,0.371,0.474,-0.305,0.031,0.527,0.236,-0.46,0.585,0.023,0.444
JD,0.228,-0.176,0.177,0.002,-0.111,-0.587,-0.323,-0.058,0.323,0.542,0.373,0.396,-0.487,0.396,-0.347,-0.323,0.161,-0.187,-0.324,-0.196,0.548,0.359,-0.259,0.532,-0.089,0.656,-0.33,-0.41,0.391,0.261,-0.086,-0.475,-0.465,0.404,-0.299,0.161,-0.091,0.284,0.78,-0.249,1.0,0.425,0.513,-0.107,0.313,-0.265,-0.116,0.104,-0.249,-0.331,0.668,0.105,-0.375,0.286,0.605,-0.335,-0.047,-0.168,0.383,0.354,0.444,-0.273,-0.031,0.124,-0.565,0.508,-0.591,-0.357,0.788,-0.026,0.517,0.269,-0.099,0.59,0.45,0.509,0.172,0.23,-0.564,0.332,0.028,0.366,0.38,0.12,-0.05,0.467,0.023,-0.247,0.542,-0.318,-0.193,-0.093,0.299,0.184,-0.188,0.034,0.61,-0.193,0.219,-0.396
KDP,0.539,-0.543,-0.413,-0.447,-0.612,-0.552,-0.249,0.375,-0.157,0.619,-0.414,0.102,-0.191,0.381,-0.45,-0.012,0.063,0.327,0.023,-0.152,0.599,0.409,-0.684,0.324,-0.406,0.485,-0.256,-0.354,-0.016,0.348,0.046,-0.53,-0.53,0.306,-0.453,0.095,-0.557,0.177,0.187,-0.311,0.425,1.0,0.769,-0.469,0.499,-0.176,-0.549,0.493,-0.332,-0.185,0.635,-0.401,-0.501,0.415,0.585,-0.464,0.194,-0.615,0.503,-0.105,0.788,-0.629,-0.568,-0.214,-0.725,0.188,-0.446,-0.666,0.406,-0.404,0.782,-0.229,0.267,0.183,0.034,0.24,-0.268,0.101,-0.699,-0.177,-0.409,0.877,-0.024,-0.514,-0.582,-0.036,-0.555,-0.469,0.631,-0.8,-0.509,-0.511,0.604,-0.268,-0.406,0.114,0.744,-0.188,-0.223,0.207
KHC,0.409,-0.273,-0.058,-0.241,-0.353,-0.513,-0.018,0.187,0.017,0.686,-0.206,0.342,-0.04,0.482,-0.206,0.237,0.173,0.11,0.186,0.133,0.742,0.655,-0.415,0.531,-0.086,0.593,-0.233,-0.191,0.345,0.408,0.297,-0.367,-0.372,0.416,-0.15,0.395,-0.271,0.336,0.243,-0.032,0.513,0.769,1.0,-0.348,0.308,-0.061,-0.322,0.496,-0.363,-0.079,0.752,-0.175,-0.346,0.399,0.493,-0.2,0.094,-0.398,0.692,-0.024,0.772,-0.414,-0.262,0.081,-0.542,0.373,-0.439,-0.485,0.543,-0.051,0.798,0.012,0.42,0.383,0.383,0.371,0.034,0.235,-0.561,0.08,-0.066,0.707,0.11,-0.269,-0.239,0.017,-0.307,-0.085,0.643,-0.632,-0.32,-0.169,0.446,0.098,-0.148,0.316,0.616,0.04,-0.117,0.218
LRCX,-0.184,0.659,0.186,0.885,0.554,0.531,0.084,-0.423,0.59,-0.344,0.321,0.092,0.082,0.044,0.207,-0.068,0.076,0.217,-0.122,0.007,-0.109,-0.145,0.294,-0.17,0.166,-0.073,0.458,0.183,0.178,-0.261,-0.106,0.626,0.631,-0.233,0.186,-0.068,0.566,-0.211,0.078,0.092,-0.107,-0.469,-0.348,1.0,-0.184,0.011,0.741,-0.241,0.653,0.225,-0.364,0.679,0.708,-0.26,-0.023,0.342,0.352,0.359,-0.34,0.678,-0.455,0.533,0.624,0.218,0.359,-0.118,0.484,0.398,-0.056,0.459,-0.409,0.236,-0.3,0.134,0.044,0.363,0.358,0.0,0.404,0.115,0.389,-0.388,0.446,0.325,0.588,0.425,0.311,0.485,-0.272,0.457,0.711,0.64,-0.18,0.376,0.264,-0.258,-0.481,0.108,0.692,-0.2
LYFT,0.582,-0.395,-0.376,-0.189,-0.439,-0.38,-0.278,0.49,0.128,0.172,-0.22,-0.286,-0.277,0.143,-0.375,-0.193,-0.258,0.414,-0.235,-0.24,0.353,-0.022,-0.478,0.117,-0.317,0.185,0.102,-0.276,-0.116,-0.115,-0.342,-0.463,-0.45,0.313,-0.313,-0.137,-0.423,-0.015,0.079,-0.241,0.313,0.499,0.308,-0.184,1.0,-0.11,-0.211,0.118,-0.174,-0.294,0.317,-0.064,-0.293,0.109,0.296,-0.458,0.264,-0.392,0.136,-0.0,0.551,-0.29,-0.308,-0.32,-0.5,0.093,-0.277,-0.538,0.199,-0.347,0.346,-0.207,-0.024,0.15,-0.108,0.266,-0.253,0.101,-0.372,-0.276,-0.391,0.578,-0.144,-0.325,-0.466,0.013,-0.437,-0.347,0.412,-0.426,-0.318,-0.368,0.669,-0.296,-0.399,-0.173,0.3,-0.244,-0.015,0.144
MARA,-0.21,0.4,0.512,0.174,0.147,0.151,0.661,0.064,-0.008,-0.141,-0.049,-0.349,0.544,0.363,0.574,0.489,-0.054,-0.087,0.418,0.694,0.061,0.192,0.482,0.259,0.6,0.065,0.246,0.563,0.221,0.146,0.218,0.14,0.133,0.366,0.535,0.42,0.206,0.387,-0.299,0.697,-0.265,-0.176,-0.061,0.011,-0.11,1.0,0.244,-0.342,-0.238,0.151,-0.237,0.217,0.02,0.462,-0.329,0.539,-0.307,0.085,0.439,-0.085,0.112,0.424,0.384,0.46,0.23,0.366,0.362,0.187,-0.234,0.142,-0.138,0.421,0.498,0.183,0.267,-0.023,0.408,0.761,0.457,0.264,0.368,-0.205,0.047,0.443,0.233,-0.362,0.46,0.539,0.084,0.29,0.31,0.334,-0.248,-0.178,0.341,0.115,-0.291,0.426,0.136,0.379
MCHP,-0.364,0.738,0.423,0.791,0.667,0.538,0.368,-0.317,0.559,-0.307,0.434,0.0,0.21,-0.032,0.546,0.16,0.103,-0.085,0.058,0.302,-0.139,-0.015,0.48,0.1,0.527,0.015,0.523,0.433,0.341,-0.148,-0.003,0.561,0.562,0.15,0.489,0.212,0.624,0.074,0.099,0.306,-0.116,-0.549,-0.322,0.741,-0.211,0.244,1.0,-0.3,0.343,0.194,-0.39,0.773,0.634,-0.158,-0.181,0.527,-0.037,0.518,-0.178,0.492,-0.339,0.814,0.785,0.405,0.459,0.099,0.543,0.582,-0.043,0.532,-0.43,0.507,-0.064,0.273,0.366,0.262,0.546,0.193,0.644,0.396,0.618,-0.532,0.404,0.491,0.677,0.307,0.488,0.643,-0.216,0.574,0.71,0.828,-0.377,0.476,0.479,-0.16,-0.491,0.38,0.687,-0.08
MDLZ,0.358,-0.347,-0.299,-0.346,-0.276,-0.055,-0.141,0.027,-0.36,0.304,-0.328,0.241,0.119,-0.282,-0.141,0.058,0.204,0.264,0.177,-0.213,0.075,0.234,-0.267,-0.062,-0.295,-0.042,-0.206,-0.239,-0.131,0.137,0.203,0.021,0.026,-0.17,-0.233,-0.068,-0.316,-0.103,-0.03,-0.15,0.104,0.493,0.496,-0.241,0.118,-0.342,-0.3,1.0,0.185,0.089,0.29,-0.375,0.095,-0.102,0.13,-0.224,0.364,-0.268,0.014,-0.293,0.257,-0.393,-0.352,-0.147,-0.116,-0.188,-0.153,-0.282,0.043,-0.147,0.492,-0.332,0.138,-0.164,-0.075,-0.168,-0.374,-0.322,-0.316,-0.152,-0.298,0.484,-0.255,-0.476,-0.359,0.058,-0.521,-0.221,-0.015,-0.33,-0.299,-0.218,0.432,-0.028,-0.264,0.184,0.301,-0.102,-0.315,0.149
META,-0.05,0.379,-0.083,0.486,0.371,0.539,-0.085,-0.396,0.188,-0.382,0.078,0.011,0.071,-0.321,-0.015,-0.163,0.043,0.369,-0.125,-0.313,-0.404,-0.39,0.212,-0.451,-0.118,-0.416,0.343,0.061,-0.005,-0.297,-0.129,0.69,0.712,-0.482,-0.055,-0.293,0.376,-0.429,-0.013,-0.093,-0.249,-0.332,-0.363,0.653,-0.174,-0.238,0.343,0.185,1.0,0.26,-0.397,0.247,0.769,-0.398,-0.201,0.185,0.522,0.249,-0.544,0.263,-0.453,0.277,0.258,0.021,0.285,-0.386,0.422,0.308,-0.234,0.281,-0.342,-0.049,-0.382,-0.161,-0.213,-0.046,-0.025,-0.319,0.296,-0.077,0.092,-0.224,0.065,0.043,0.295,0.289,0.035,0.198,-0.517,0.385,0.392,0.332,0.008,0.162,0.113,-0.364,-0.427,0.006,0.27,-0.147
MNST,-0.447,0.502,0.284,0.157,0.429,0.559,0.627,0.115,-0.236,0.19,0.129,0.109,0.746,-0.035,0.442,0.629,0.51,-0.111,0.648,0.407,-0.364,0.293,0.461,0.138,0.442,-0.249,0.099,0.673,0.273,0.379,0.602,0.679,0.67,-0.02,0.566,0.347,0.425,0.395,-0.212,0.432,-0.331,-0.185,-0.079,0.225,-0.294,0.151,0.194,0.089,0.26,1.0,-0.335,0.021,0.422,0.104,-0.471,0.674,-0.223,0.046,-0.02,-0.094,-0.24,0.436,0.338,0.532,0.483,-0.125,0.595,0.325,-0.358,0.516,0.048,0.261,0.515,-0.179,0.024,-0.4,0.377,-0.176,0.427,0.405,0.439,-0.256,-0.007,0.391,0.522,-0.151,0.239,0.464,-0.363,0.239,0.327,0.46,-0.462,0.172,0.691,0.163,-0.466,0.577,-0.041,0.257
MRNA,0.403,-0.399,-0.052,-0.257,-0.423,-0.611,-0.281,0.138,0.098,0.693,-0.105,0.38,-0.379,0.416,-0.422,-0.127,0.062,0.009,-0.164,-0.134,0.691,0.441,-0.523,0.491,-0.29,0.711,-0.329,-0.431,0.285,0.322,0.02,-0.572,-0.564,0.355,-0.442,0.247,-0.397,0.269,0.454,-0.314,0.668,0.635,0.752,-0.364,0.317,-0.237,-0.39,0.29,-0.397,-0.335,1.0,-0.204,-0.535,0.346,0.746,-0.391,0.046,-0.447,0.592,0.142,0.651,-0.517,-0.383,-0.067,-0.632,0.389,-0.656,-0.624,0.813,-0.232,0.635,-0.019,0.092,0.401,0.365,0.472,-0.088,0.195,-0.633,0.039,-0.216,0.634,0.13,-0.272,-0.285,0.17,-0.338,-0.302,0.67,-0.682,-0.468,-0.341,0.459,0.103,-0.347,0.183,0.765,-0.215,-0.034,-0.118
MRVL,-0.302,0.647,0.407,0.792,0.597,0.254,0.181,-0.312,0.743,-0.225,0.406,0.07,-0.051,0.22,0.397,0.01,0.066,-0.065,-0.122,0.207,0.195,0.029,0.337,0.211,0.413,0.153,0.37,0.22,0.452,-0.107,-0.076,0.319,0.319,0.19,0.324,0.23,0.637,0.107,0.191,0.187,0.105,-0.401,-0.175,0.679,-0.064,0.217,0.773,-0.375,0.247,0.021,-0.204,1.0,0.411,0.026,-0.046,0.357,0.002,0.46,-0.027,0.681,-0.179,0.703,0.706,0.388,0.253,0.335,0.235,0.462,0.161,0.502,-0.319,0.603,-0.2,0.546,0.502,0.538,0.634,0.398,0.296,0.406,0.665,-0.388,0.688,0.443,0.672,0.501,0.497,0.52,0.06,0.429,0.659,0.723,-0.308,0.513,0.356,-0.181,-0.343,0.154,0.719,-0.19
MSFT,-0.279,0.642,0.12,0.599,0.545,0.788,0.258,-0.453,0.262,-0.422,0.144,-0.04,0.379,-0.323,0.399,0.152,0.132,0.269,0.169,0.137,-0.41,-0.27,0.372,-0.324,0.268,-0.404,0.537,0.403,0.102,-0.266,0.084,0.865,0.872,-0.347,0.346,-0.117,0.523,-0.28,-0.152,0.18,-0.375,-0.501,-0.346,0.708,-0.293,0.02,0.634,0.095,0.769,0.422,-0.535,0.411,1.0,-0.451,-0.37,0.464,0.355,0.425,-0.454,0.195,-0.465,0.599,0.582,0.207,0.586,-0.356,0.685,0.535,-0.336,0.487,-0.389,0.098,-0.134,-0.164,0.021,-0.093,0.228,-0.221,0.623,0.056,0.333,-0.389,0.064,0.25,0.471,0.228,0.209,0.546,-0.587,0.576,0.617,0.653,-0.237,0.29,0.338,-0.226,-0.625,0.201,0.355,0.092
MSTR,0.051,-0.036,0.295,-0.15,-0.153,-0.342,0.35,0.363,-0.071,0.473,-0.033,-0.077,0.164,0.639,0.147,0.328,0.283,-0.207,0.146,0.303,0.419,0.472,0.002,0.63,0.291,0.493,-0.245,0.097,0.454,0.734,0.19,-0.294,-0.296,0.617,0.142,0.584,-0.1,0.746,0.072,0.266,0.286,0.415,0.399,-0.26,0.109,0.462,-0.158,-0.102,-0.398,0.104,0.346,0.026,-0.451,1.0,0.173,0.18,-0.285,-0.353,0.68,0.038,0.453,0.026,-0.098,0.494,-0.332,0.644,-0.202,-0.35,0.245,-0.17,0.397,0.524,0.447,0.615,0.401,0.19,0.259,0.651,-0.179,0.508,0.29,0.227,0.312,0.205,0.046,-0.255,0.211,0.025,0.515,-0.292,0.052,-0.05,-0.034,-0.129,0.093,0.1,0.338,0.282,0.084,0.055
MU,0.398,-0.333,-0.296,0.011,-0.442,-0.491,-0.454,-0.032,0.367,0.453,-0.157,0.25,-0.543,0.417,-0.473,-0.445,0.01,0.29,-0.437,-0.299,0.664,0.247,-0.665,0.257,-0.438,0.741,-0.152,-0.558,0.023,0.092,-0.319,-0.517,-0.516,0.144,-0.591,-0.076,-0.409,-0.026,0.494,-0.531,0.605,0.585,0.493,-0.023,0.296,-0.329,-0.181,0.13,-0.201,-0.471,0.746,-0.046,-0.37,0.173,1.0,-0.522,0.247,-0.366,0.306,0.441,0.506,-0.476,-0.347,-0.254,-0.65,0.23,-0.509,-0.582,0.762,-0.337,0.401,-0.126,-0.195,0.346,0.156,0.695,-0.164,0.135,-0.619,-0.192,-0.311,0.613,0.299,-0.389,-0.315,0.386,-0.395,-0.357,0.666,-0.662,-0.29,-0.337,0.496,0.046,-0.484,-0.044,0.754,-0.42,0.285,-0.264
MVIS,-0.56,0.768,0.681,0.413,0.607,0.537,0.797,-0.14,0.065,-0.032,0.263,-0.06,0.709,0.108,0.739,0.683,0.32,-0.241,0.567,0.615,-0.3,0.183,0.748,0.285,0.724,-0.064,0.374,0.819,0.51,0.315,0.463,0.683,0.682,0.192,0.732,0.484,0.614,0.457,-0.129,0.738,-0.335,-0.464,-0.2,0.342,-0.458,0.539,0.527,-0.224,0.185,0.674,-0.391,0.357,0.464,0.18,-0.522,1.0,-0.351,0.424,0.181,0.014,-0.234,0.743,0.703,0.7,0.614,0.206,0.648,0.588,-0.253,0.543,-0.214,0.602,0.488,0.129,0.37,-0.174,0.633,0.26,0.653,0.588,0.706,-0.502,0.128,0.697,0.726,-0.103,0.593,0.762,-0.33,0.529,0.586,0.74,-0.58,0.226,0.734,0.116,-0.588,0.701,0.265,0.281
NFLX,0.585,-0.22,-0.528,0.104,-0.301,0.149,-0.414,-0.209,0.141,-0.276,-0.402,-0.031,-0.19,-0.169,-0.349,-0.279,-0.226,0.671,-0.261,-0.345,0.152,-0.286,-0.405,-0.477,-0.514,-0.174,0.178,-0.413,-0.322,-0.377,-0.283,0.08,0.103,-0.442,-0.45,-0.441,-0.253,-0.592,-0.229,-0.288,-0.047,0.194,0.094,0.352,0.264,-0.307,-0.037,0.364,0.522,-0.223,0.046,0.002,0.355,-0.285,0.247,-0.351,1.0,-0.168,-0.276,0.15,0.075,-0.278,-0.234,-0.468,-0.149,-0.386,0.023,-0.338,-0.032,-0.197,0.072,-0.484,-0.392,-0.143,-0.305,0.218,-0.452,-0.248,-0.17,-0.542,-0.413,0.364,-0.034,-0.458,-0.349,0.167,-0.461,-0.214,-0.052,-0.181,0.025,-0.197,0.61,-0.158,-0.507,-0.197,0.058,-0.406,0.036,0.133
NNDM,-0.412,0.553,0.32,0.458,0.476,0.337,0.161,-0.443,0.394,-0.433,0.321,-0.111,0.047,-0.185,0.391,-0.005,-0.031,-0.125,-0.087,0.099,-0.318,-0.231,0.438,-0.122,0.326,-0.141,0.351,0.306,0.207,-0.212,-0.129,0.433,0.413,-0.129,0.26,-0.053,0.471,-0.152,0.152,0.2,-0.168,-0.615,-0.398,0.359,-0.392,0.085,0.518,-0.268,0.249,0.046,-0.447,0.46,0.425,-0.353,-0.366,0.424,-0.168,1.0,-0.241,0.21,-0.396,0.537,0.582,0.224,0.536,0.075,0.307,0.771,-0.122,0.35,-0.536,0.401,-0.169,0.062,0.261,0.03,0.412,0.032,0.411,0.254,0.428,-0.582,0.12,0.447,0.447,0.335,0.556,0.427,-0.385,0.663,0.456,0.566,-0.437,0.253,0.326,-0.21,-0.52,0.194,0.273,-0.16
NVAX,0.115,0.02,0.318,-0.111,-0.175,-0.468,0.338,0.201,0.084,0.623,-0.066,0.107,0.167,0.719,0.072,0.404,0.068,-0.134,0.297,0.437,0.61,0.657,-0.076,0.736,0.231,0.696,-0.123,0.17,0.562,0.504,0.367,-0.314,-0.326,0.667,0.111,0.609,-0.128,0.667,0.234,0.28,0.383,0.503,0.692,-0.34,0.136,0.439,-0.178,0.014,-0.544,-0.02,0.592,-0.027,-0.454,0.68,0.306,0.181,-0.276,-0.241,1.0,0.024,0.716,-0.13,-0.0,0.389,-0.386,0.692,-0.286,-0.295,0.464,-0.007,0.524,0.351,0.619,0.493,0.569,0.364,0.344,0.673,-0.299,0.319,0.178,0.414,0.145,0.141,0.007,-0.127,0.084,0.195,0.602,-0.423,-0.185,0.016,0.155,-0.051,0.129,0.352,0.401,0.316,0.017,0.257
NVDA,-0.092,0.459,0.186,0.777,0.339,-0.031,-0.153,-0.298,0.79,0.079,0.398,0.198,-0.327,0.385,-0.107,-0.295,0.029,0.143,-0.354,-0.166,0.339,0.084,-0.049,0.208,0.014,0.4,0.197,-0.075,0.368,-0.096,-0.205,0.153,0.135,0.049,-0.094,0.031,0.392,-0.02,0.471,-0.183,0.354,-0.105,-0.024,0.678,-0.0,-0.085,0.492,-0.293,0.263,-0.094,0.142,0.681,0.195,0.038,0.441,0.014,0.15,0.21,0.024,1.0,-0.045,0.233,0.445,0.204,-0.079,0.273,-0.04,0.093,0.467,0.297,-0.121,0.352,-0.324,0.454,0.267,0.724,0.451,0.274,-0.093,0.185,0.295,-0.062,0.668,0.207,0.451,0.674,0.258,0.24,0.211,0.065,0.4,0.398,-0.034,0.393,0.115,-0.265,-0.045,-0.04,0.726,-0.428
NWL,0.455,-0.319,-0.151,-0.291,-0.498,-0.547,-0.009,0.317,0.078,0.575,-0.327,-0.091,-0.11,0.498,-0.247,0.135,-0.102,0.264,0.102,0.152,0.666,0.443,-0.491,0.504,-0.09,0.613,-0.019,-0.074,0.195,0.234,0.048,-0.511,-0.514,0.591,-0.184,0.294,-0.401,0.324,0.202,-0.044,0.444,0.788,0.772,-0.455,0.551,0.112,-0.339,0.257,-0.453,-0.24,0.651,-0.179,-0.465,0.453,0.506,-0.234,0.075,-0.396,0.716,-0.045,1.0,-0.396,-0.284,-0.078,-0.596,0.421,-0.363,-0.548,0.478,-0.28,0.665,-0.028,0.406,0.339,0.309,0.388,-0.004,0.407,-0.54,-0.076,-0.222,0.798,-0.046,-0.272,-0.404,-0.037,-0.35,-0.176,0.725,-0.664,-0.414,-0.288,0.567,-0.258,-0.216,0.131,0.576,0.017,-0.116,0.373
OCGN,-0.59,0.815,0.564,0.639,0.705,0.661,0.645,-0.158,0.345,-0.319,0.415,-0.14,0.451,-0.041,0.771,0.388,0.252,-0.217,0.258,0.5,-0.295,-0.016,0.673,0.18,0.756,-0.144,0.493,0.674,0.435,0.068,0.143,0.649,0.65,0.197,0.705,0.362,0.713,0.3,-0.044,0.489,-0.273,-0.629,-0.414,0.533,-0.29,0.424,0.814,-0.393,0.277,0.436,-0.517,0.703,0.599,0.026,-0.476,0.743,-0.278,0.537,-0.13,0.233,-0.396,1.0,0.775,0.622,0.649,0.158,0.669,0.693,-0.203,0.588,-0.459,0.681,0.144,0.262,0.417,-0.011,0.676,0.253,0.782,0.585,0.799,-0.667,0.338,0.673,0.759,0.125,0.663,0.725,-0.323,0.695,0.762,0.855,-0.621,0.454,0.695,-0.157,-0.622,0.523,0.523,0.036
ON,-0.528,0.909,0.679,0.773,0.804,0.428,0.491,-0.371,0.519,-0.176,0.588,-0.009,0.312,0.137,0.542,0.283,0.124,-0.188,0.21,0.407,-0.181,0.034,0.628,0.218,0.668,0.038,0.511,0.625,0.526,-0.059,0.182,0.635,0.623,0.175,0.629,0.283,0.813,0.184,0.176,0.48,-0.031,-0.568,-0.262,0.624,-0.308,0.384,0.785,-0.352,0.258,0.338,-0.383,0.706,0.582,-0.098,-0.347,0.703,-0.234,0.582,-0.0,0.445,-0.284,0.775,1.0,0.584,0.572,0.206,0.525,0.715,-0.059,0.645,-0.358,0.595,0.103,0.276,0.452,0.174,0.787,0.296,0.563,0.501,0.69,-0.582,0.352,0.738,0.802,0.323,0.661,0.799,-0.285,0.699,0.701,0.904,-0.505,0.399,0.633,-0.121,-0.608,0.476,0.593,-0.022
