,AAL,AAPL,AGNC,AMAT,AMD,AMZN,APA,ARDX,AVGO,AZN,BIDU,BILI,BKR,CAN,CHRD,CMCSA,CPRT,CRWD,CSCO,CSX,DKNG,EBAY,ERIC,EXC,FITB,FLEX,FTNT,GEN,GERN,GEVO,GILD,GOOG,GOOGL,GT,HBAN,HST,INTC,IOVA,IQ,JBLU,JD,KDP,KHC,LRCX,LYFT,MARA,MCHP,MDLZ,META,MNST,MRNA,MRVL,MSFT,MSTR,MU,MVIS,NFLX,NNDM,NVAX,NVDA,NWL,OCGN,ON,OPK,PAA,PACB,PANW,PARA,PDD,PENN,PEP,PLUG,PTEN,PTON,PYPL,QCOM,QVCGA,RIOT,ROKU,RUN,SABR,SBUX,SMCI,SNDL,STNE,TCOM,TLRY,TMUS,TSCO,TSLA,TTD,TXN,UAL,VOD,VTRS,VXRT,WBA,WBD,WDC,ZM
AAL,1.0,-0.539,0.056,-0.502,0.26,-0.598,0.093,0.308,-0.471,0.514,0.66,-0.467,-0.603,-0.241,0.31,0.293,-0.372,-0.522,-0.389,-0.298,-0.166,-0.056,0.312,0.601,-0.064,0.639,0.126,0.259,-0.094,0.401,-0.656,-0.602,-0.575,0.723,0.085,0.242,-0.203,0.139,0.734,-0.358,0.657,0.329,0.645,-0.598,0.697,0.02,0.615,0.256,-0.481,0.54,0.622,-0.122,-0.671,0.685,-0.235,0.296,-0.564,0.752,0.686,-0.184,0.656,0.482,0.492,0.591,-0.552,0.653,-0.639,0.575,0.479,-0.523,0.386,0.695,0.223,0.502,0.555,0.202,0.675,0.245,0.036,0.576,0.681,0.626,-0.407,0.683,0.688,0.616,0.799,0.164,0.032,-0.553,-0.392,0.21,0.82,0.572,0.091,0.428,0.335,0.633,-0.038,0.482
AAPL,-0.539,1.0,0.221,0.831,-0.507,0.459,-0.087,-0.278,0.77,-0.455,-0.582,0.362,0.503,0.484,-0.444,-0.478,0.322,0.78,0.223,0.122,0.399,0.112,-0.405,-0.573,0.132,-0.529,0.3,-0.146,0.22,-0.473,0.456,0.606,0.598,-0.536,-0.259,0.078,0.394,0.124,-0.557,0.404,-0.483,-0.323,-0.614,0.84,-0.586,0.116,-0.473,-0.51,0.67,-0.623,-0.567,0.497,0.852,-0.594,0.445,-0.345,0.649,-0.607,-0.658,0.517,-0.445,-0.434,-0.166,-0.471,0.312,-0.471,0.758,-0.564,-0.153,0.727,-0.48,-0.555,-0.188,-0.126,-0.588,0.129,-0.371,0.224,-0.061,-0.416,-0.556,-0.515,0.482,-0.565,-0.578,-0.517,-0.503,-0.272,0.273,0.49,0.597,0.022,-0.519,-0.579,-0.012,-0.605,-0.427,-0.576,0.509,-0.507
AGNC,0.056,0.221,1.0,0.182,-0.025,-0.224,-0.264,-0.207,0.332,0.126,0.006,0.389,-0.166,0.057,-0.299,-0.175,0.129,0.073,-0.063,-0.109,0.33,0.365,-0.259,0.027,0.038,0.101,0.002,-0.106,-0.067,0.007,0.08,-0.096,-0.112,0.01,-0.173,0.292,-0.072,0.172,0.172,-0.156,0.267,0.256,-0.041,0.124,-0.112,-0.116,-0.161,0.093,0.005,-0.377,0.189,0.236,0.161,-0.04,0.416,-0.307,0.158,-0.118,-0.037,0.264,0.091,-0.182,0.082,0.025,-0.247,0.154,-0.069,-0.165,0.348,0.222,0.02,-0.01,-0.143,0.367,-0.083,0.324,0.063,0.237,-0.343,0.201,0.013,0.11,0.347,-0.105,-0.094,0.021,-0.065,-0.247,0.328,-0.066,0.103,-0.004,0.01,0.04,-0.222,0.003,0.371,-0.11,0.221,-0.238
AMAT,-0.502,0.831,0.182,1.0,-0.416,0.418,-0.187,-0.34,0.826,-0.379,-0.502,0.403,0.401,0.693,-0.461,-0.514,0.403,0.883,0.168,0.161,0.673,0.238,-0.542,-0.548,-0.069,-0.349,0.304,-0.26,0.263,-0.514,0.454,0.511,0.496,-0.478,-0.408,0.081,0.533,-0.013,-0.485,0.352,-0.375,-0.161,-0.539,0.917,-0.577,0.096,-0.323,-0.484,0.719,-0.647,-0.415,0.657,0.835,-0.553,0.672,-0.486,0.748,-0.562,-0.549,0.769,-0.357,-0.44,-0.131,-0.536,0.208,-0.334,0.725,-0.689,-0.013,0.728,-0.442,-0.472,-0.194,0.009,-0.492,0.401,-0.312,0.372,-0.252,-0.414,-0.534,-0.351,0.659,-0.581,-0.602,-0.276,-0.542,-0.136,0.504,0.311,0.574,0.171,-0.419,-0.474,-0.181,-0.61,-0.258,-0.561,0.647,-0.462
AMD,0.26,-0.507,-0.025,-0.416,1.0,-0.148,0.241,0.28,-0.489,0.476,0.503,-0.186,-0.13,-0.344,0.294,0.596,-0.111,-0.417,0.082,0.098,-0.279,0.05,0.441,0.486,0.222,0.355,0.069,0.438,-0.267,0.281,-0.058,-0.14,-0.142,0.461,0.474,0.017,-0.043,-0.05,0.285,-0.094,0.252,0.23,0.547,-0.401,0.509,0.184,0.383,0.496,-0.242,0.571,0.405,-0.215,-0.393,0.411,-0.438,0.435,-0.408,0.466,0.587,-0.328,0.401,0.474,0.368,0.382,-0.112,0.392,-0.38,0.57,-0.03,-0.241,0.571,0.357,0.411,0.058,0.501,-0.056,0.423,-0.107,0.189,0.295,0.442,0.337,-0.284,0.391,0.579,0.373,0.326,0.413,-0.325,-0.237,-0.138,0.272,0.396,0.399,0.284,0.41,0.094,0.594,-0.267,0.59
AMZN,-0.598,0.459,-0.224,0.418,-0.148,1.0,0.42,-0.005,0.247,-0.508,-0.694,0.238,0.739,0.057,0.014,0.078,0.455,0.503,0.522,0.631,-0.022,-0.005,0.094,-0.442,0.335,-0.557,0.175,0.166,-0.03,-0.238,0.594,0.805,0.789,-0.416,0.118,-0.0,0.404,-0.1,-0.691,0.571,-0.681,-0.406,-0.49,0.543,-0.512,0.184,-0.344,-0.138,0.637,-0.232,-0.537,0.056,0.69,-0.434,0.003,0.156,0.524,-0.531,-0.567,-0.027,-0.44,-0.057,-0.321,-0.396,0.755,-0.484,0.82,-0.37,-0.531,0.527,-0.31,-0.499,0.219,-0.509,-0.347,-0.405,-0.402,-0.342,0.532,-0.376,-0.355,-0.582,0.194,-0.355,-0.436,-0.607,-0.436,0.024,-0.157,0.679,0.373,0.103,-0.523,-0.424,0.382,-0.349,-0.549,-0.284,-0.037,-0.104
APA,0.093,-0.087,-0.264,-0.187,0.241,0.42,1.0,0.423,-0.36,0.079,0.019,-0.262,0.415,-0.336,0.689,0.605,0.111,0.004,0.364,0.448,-0.401,0.063,0.592,0.293,0.508,0.009,0.189,0.618,-0.068,0.295,0.135,0.383,0.375,0.286,0.439,0.257,0.274,0.337,0.03,0.258,-0.117,-0.191,0.231,-0.149,0.19,0.247,0.3,0.438,0.175,0.399,0.01,-0.268,0.034,0.212,-0.484,0.709,-0.141,0.267,0.124,-0.536,0.289,0.476,0.257,0.387,0.411,0.095,0.191,0.357,-0.227,0.007,0.12,0.17,0.843,-0.238,0.291,-0.401,0.241,-0.316,0.685,0.239,0.415,-0.072,-0.446,0.332,0.308,-0.075,0.197,0.305,-0.438,0.178,-0.135,0.47,0.291,0.103,0.835,0.416,-0.281,0.493,-0.228,0.592
ARDX,0.308,-0.278,-0.207,-0.34,0.28,-0.005,0.423,1.0,-0.372,0.225,0.206,-0.404,-0.047,-0.433,0.301,0.443,-0.229,-0.284,0.052,0.079,-0.412,-0.125,0.375,0.314,0.285,0.159,0.29,0.537,-0.189,0.276,-0.25,-0.08,-0.089,0.427,0.333,0.181,-0.084,0.232,0.154,-0.063,0.066,-0.018,0.235,-0.366,0.412,0.222,0.352,0.23,-0.201,0.306,0.147,-0.161,-0.295,0.342,-0.422,0.429,-0.368,0.277,0.262,-0.372,0.327,0.564,0.273,0.347,0.034,0.274,-0.127,0.359,-0.105,-0.279,0.167,0.351,0.4,0.03,0.255,-0.16,0.244,-0.127,0.439,0.306,0.399,0.107,-0.373,0.332,0.299,0.049,0.3,0.028,-0.237,0.036,-0.165,0.091,0.278,0.197,0.455,0.157,-0.117,0.429,-0.198,0.374
AVGO,-0.471,0.77,0.332,0.826,-0.489,0.247,-0.36,-0.372,1.0,-0.466,-0.464,0.522,0.199,0.657,-0.608,-0.555,0.316,0.678,0.028,0.074,0.689,0.184,-0.575,-0.47,-0.116,-0.405,0.241,-0.405,0.17,-0.493,0.364,0.311,0.283,-0.503,-0.404,-0.05,0.293,-0.086,-0.405,0.219,-0.293,-0.132,-0.558,0.814,-0.629,-0.079,-0.494,-0.52,0.513,-0.804,-0.421,0.665,0.751,-0.504,0.685,-0.546,0.733,-0.533,-0.637,0.68,-0.388,-0.469,-0.225,-0.597,0.061,-0.339,0.536,-0.659,0.007,0.644,-0.474,-0.478,-0.444,0.12,-0.53,0.468,-0.368,0.315,-0.298,-0.42,-0.538,-0.315,0.778,-0.568,-0.612,-0.344,-0.575,-0.297,0.547,0.338,0.467,-0.111,-0.48,-0.516,-0.378,-0.517,-0.183,-0.588,0.609,-0.57
AZN,0.514,-0.455,0.126,-0.379,0.476,-0.508,0.079,0.225,-0.466,1.0,0.653,-0.3,-0.398,-0.144,0.211,0.379,-0.193,-0.293,-0.221,-0.417,-0.136,0.117,0.138,0.662,-0.162,0.727,0.032,0.278,0.045,0.626,-0.326,-0.34,-0.326,0.655,0.081,0.238,-0.208,0.376,0.635,-0.511,0.587,0.614,0.703,-0.463,0.536,-0.183,0.451,0.577,-0.217,0.527,0.747,-0.212,-0.498,0.637,-0.077,0.299,-0.547,0.617,0.693,-0.182,0.706,0.288,0.469,0.665,-0.501,0.671,-0.559,0.544,0.545,-0.441,0.611,0.639,0.396,0.44,0.643,0.257,0.603,0.139,-0.221,0.683,0.575,0.728,-0.384,0.524,0.691,0.709,0.501,0.288,-0.016,-0.727,-0.271,0.3,0.65,0.465,0.121,0.361,0.555,0.637,-0.068,0.544
BIDU,0.66,-0.582,0.006,-0.502,0.503,-0.694,0.019,0.206,-0.464,0.653,1.0,-0.435,-0.709,-0.191,0.251,0.211,-0.506,-0.486,-0.503,-0.472,-0.256,-0.119,0.159,0.675,-0.275,0.76,0.143,0.276,0.091,0.412,-0.612,-0.658,-0.67,0.701,-0.014,0.004,-0.34,0.191,0.826,-0.57,0.794,0.35,0.643,-0.637,0.734,0.01,0.632,0.306,-0.437,0.489,0.678,-0.115,-0.732,0.681,-0.217,0.324,-0.683,0.763,0.77,-0.174,0.734,0.464,0.702,0.543,-0.71,0.719,-0.691,0.673,0.531,-0.589,0.378,0.713,0.209,0.484,0.684,0.321,0.68,0.295,-0.104,0.597,0.626,0.638,-0.404,0.741,0.759,0.799,0.691,0.203,-0.013,-0.654,-0.458,0.283,0.803,0.369,0.041,0.582,0.472,0.691,0.024,0.598
BILI,-0.467,0.362,0.389,0.403,-0.186,0.238,-0.262,-0.404,0.522,-0.3,-0.435,1.0,0.381,0.327,-0.368,-0.156,0.54,0.274,0.47,0.396,0.492,0.577,-0.227,-0.376,0.15,-0.386,-0.369,-0.393,-0.164,-0.184,0.728,0.36,0.347,-0.547,-0.044,0.169,0.186,-0.107,-0.361,0.424,-0.258,0.136,-0.315,0.526,-0.647,-0.225,-0.594,-0.067,0.176,-0.496,-0.337,0.134,0.539,-0.481,0.466,-0.362,0.634,-0.584,-0.47,0.277,-0.479,-0.571,-0.555,-0.312,0.218,-0.532,0.335,-0.505,-0.164,0.635,-0.048,-0.553,-0.216,-0.202,-0.554,0.037,-0.541,-0.235,-0.297,-0.357,-0.344,-0.214,0.681,-0.543,-0.515,-0.454,-0.642,-0.25,0.233,0.193,0.425,-0.301,-0.57,-0.008,-0.196,-0.173,0.033,-0.511,0.049,-0.479
BKR,-0.603,0.503,-0.166,0.401,-0.13,0.739,0.415,-0.047,0.199,-0.398,-0.709,0.381,1.0,0.073,0.048,0.176,0.581,0.5,0.747,0.591,0.004,0.295,0.088,-0.427,0.544,-0.601,-0.071,0.147,-0.104,-0.171,0.781,0.882,0.887,-0.512,0.352,0.135,0.431,-0.003,-0.677,0.721,-0.715,-0.255,-0.329,0.542,-0.462,0.134,-0.447,0.009,0.534,-0.102,-0.603,-0.114,0.694,-0.518,-0.091,0.151,0.539,-0.562,-0.475,-0.022,-0.518,-0.238,-0.452,-0.214,0.76,-0.649,0.738,-0.379,-0.614,0.614,-0.052,-0.589,0.309,-0.615,-0.439,-0.503,-0.504,-0.445,0.28,-0.445,-0.379,-0.512,0.162,-0.468,-0.482,-0.716,-0.55,0.102,-0.324,0.539,0.484,-0.037,-0.566,-0.226,0.391,-0.31,-0.571,-0.338,-0.1,-0.182
CAN,-0.241,0.484,0.057,0.693,-0.344,0.057,-0.336,-0.433,0.657,-0.144,-0.191,0.327,0.073,1.0,-0.443,-0.422,0.296,0.583,-0.073,0.015,0.765,0.25,-0.527,-0.292,-0.306,-0.052,0.08,-0.447,0.318,-0.238,0.2,0.169,0.159,-0.309,-0.44,-0.053,0.404,-0.064,-0.164,0.049,-0.012,0.171,-0.213,0.6,-0.329,-0.078,-0.286,-0.299,0.426,-0.444,-0.151,0.455,0.492,-0.251,0.675,-0.445,0.535,-0.296,-0.328,0.623,-0.127,-0.459,-0.112,-0.36,-0.112,-0.118,0.284,-0.475,0.148,0.454,-0.192,-0.251,-0.222,0.238,-0.19,0.555,-0.066,0.383,-0.451,-0.233,-0.317,0.047,0.562,-0.335,-0.356,-0.036,-0.327,-0.063,0.545,-0.028,0.324,0.097,-0.19,-0.252,-0.367,-0.375,0.093,-0.356,0.507,-0.275
CHRD,0.31,-0.444,-0.299,-0.461,0.294,0.014,0.689,0.301,-0.608,0.211,0.251,-0.368,0.048,-0.443,1.0,0.542,-0.058,-0.364,0.139,0.224,-0.373,0.03,0.552,0.518,0.379,0.321,-0.055,0.421,-0.113,0.45,-0.202,-0.12,-0.094,0.526,0.355,0.279,0.072,0.365,0.264,0.037,0.21,-0.055,0.441,-0.449,0.396,0.262,0.601,0.436,-0.267,0.515,0.212,-0.187,-0.353,0.462,-0.483,0.558,-0.487,0.387,0.349,-0.553,0.42,0.628,0.329,0.628,0.1,0.347,-0.22,0.529,0.02,-0.343,0.262,0.535,0.607,0.019,0.506,-0.244,0.373,-0.129,0.457,0.439,0.678,0.181,-0.429,0.494,0.509,0.208,0.378,0.236,-0.338,-0.112,-0.29,0.421,0.405,0.44,0.55,0.547,0.064,0.565,-0.195,0.566
CMCSA,0.293,-0.478,-0.175,-0.514,0.596,0.078,0.605,0.443,-0.555,0.379,0.211,-0.156,0.176,-0.422,0.542,1.0,-0.022,-0.464,0.463,0.41,-0.376,0.192,0.621,0.649,0.464,0.259,0.011,0.644,-0.431,0.488,0.094,0.124,0.126,0.521,0.674,0.156,0.029,0.079,0.241,0.021,0.127,0.344,0.669,-0.45,0.395,0.131,0.343,0.687,-0.25,0.643,0.25,-0.503,-0.278,0.446,-0.586,0.741,-0.311,0.479,0.449,-0.608,0.46,0.587,0.172,0.609,0.095,0.238,-0.226,0.611,-0.15,-0.218,0.679,0.366,0.64,-0.133,0.466,-0.307,0.406,-0.43,0.46,0.311,0.576,0.414,-0.433,0.454,0.548,0.069,0.278,0.477,-0.47,-0.136,-0.22,0.164,0.34,0.538,0.638,0.462,-0.014,0.689,-0.539,0.709
CPRT,-0.372,0.322,0.129,0.403,-0.111,0.455,0.111,-0.229,0.316,-0.193,-0.506,0.54,0.581,0.296,-0.058,-0.022,1.0,0.381,0.394,0.366,0.333,0.517,-0.021,-0.316,0.298,-0.381,-0.233,-0.271,-0.075,0.146,0.54,0.555,0.562,-0.371,0.09,0.125,0.28,0.025,-0.464,0.477,-0.333,0.179,-0.271,0.524,-0.455,-0.131,-0.404,0.151,0.487,-0.174,-0.373,0.068,0.614,-0.166,0.323,-0.115,0.582,-0.55,-0.367,0.176,-0.464,-0.315,-0.504,-0.135,0.43,-0.278,0.426,-0.464,-0.343,0.399,0.063,-0.326,0.074,-0.03,-0.276,-0.125,-0.412,-0.259,-0.067,-0.085,-0.195,-0.25,0.537,-0.499,-0.423,-0.394,-0.518,0.011,0.036,0.281,0.618,0.006,-0.476,-0.037,-0.111,-0.317,-0.095,-0.348,0.186,-0.375
CRWD,-0.522,0.78,0.073,0.883,-0.417,0.503,0.004,-0.284,0.678,-0.293,-0.486,0.274,0.5,0.583,-0.364,-0.464,0.381,1.0,0.151,0.08,0.506,0.124,-0.528,-0.582,-0.121,-0.377,0.288,-0.158,0.489,-0.439,0.494,0.602,0.588,-0.509,-0.453,0.163,0.55,0.08,-0.503,0.38,-0.422,-0.248,-0.531,0.815,-0.53,-0.024,-0.378,-0.399,0.829,-0.541,-0.369,0.512,0.809,-0.558,0.512,-0.34,0.639,-0.534,-0.536,0.604,-0.326,-0.482,-0.109,-0.542,0.295,-0.347,0.776,-0.638,-0.037,0.718,-0.502,-0.505,0.032,-0.118,-0.385,0.176,-0.325,0.218,-0.163,-0.328,-0.554,-0.398,0.435,-0.514,-0.581,-0.283,-0.489,-0.071,0.34,0.286,0.394,0.24,-0.365,-0.587,-0.01,-0.517,-0.28,-0.476,0.532,-0.325
CSCO,-0.389,0.223,-0.063,0.168,0.082,0.522,0.364,0.052,0.028,-0.221,-0.503,0.47,0.747,-0.073,0.139,0.463,0.394,0.151,1.0,0.698,-0.022,0.474,0.299,-0.141,0.571,-0.435,-0.172,0.251,-0.422,-0.08,0.78,0.705,0.714,-0.27,0.486,0.158,0.38,-0.124,-0.41,0.615,-0.493,0.064,0.006,0.275,-0.415,0.212,-0.263,0.243,0.185,0.066,-0.477,-0.248,0.46,-0.35,-0.226,0.216,0.427,-0.336,-0.244,-0.178,-0.295,-0.082,-0.412,0.035,0.597,-0.532,0.488,-0.113,-0.533,0.513,0.236,-0.383,0.307,-0.593,-0.391,-0.453,-0.29,-0.464,0.265,-0.371,-0.136,-0.184,0.131,-0.325,-0.263,-0.538,-0.473,0.185,-0.33,0.394,0.332,-0.081,-0.377,0.181,0.452,-0.079,-0.39,-0.101,-0.376,-0.012
CSX,-0.298,0.122,-0.109,0.161,0.098,0.631,0.448,0.079,0.074,-0.417,-0.472,0.396,0.591,0.015,0.224,0.41,0.366,0.08,0.698,1.0,0.122,0.364,0.333,-0.134,0.646,-0.359,-0.096,0.191,-0.4,-0.175,0.564,0.507,0.506,-0.179,0.483,0.147,0.476,-0.221,-0.389,0.51,-0.427,-0.148,-0.088,0.251,-0.3,0.293,-0.137,0.118,0.11,-0.04,-0.34,-0.105,0.397,-0.319,-0.119,0.184,0.443,-0.26,-0.255,-0.241,-0.23,0.124,-0.309,-0.115,0.584,-0.385,0.409,-0.121,-0.469,0.46,0.113,-0.333,0.288,-0.42,-0.235,-0.291,-0.21,-0.409,0.431,-0.353,-0.008,-0.273,0.144,-0.187,-0.263,-0.501,-0.323,0.152,-0.145,0.506,0.298,0.11,-0.299,0.174,0.429,0.078,-0.338,-0.098,-0.289,0.069
DKNG,-0.166,0.399,0.33,0.673,-0.279,-0.022,-0.401,-0.412,0.689,-0.136,-0.256,0.492,0.004,0.765,-0.373,-0.376,0.333,0.506,-0.022,0.122,1.0,0.427,-0.569,-0.236,-0.201,-0.062,-0.035,-0.535,0.202,-0.285,0.269,0.014,0.012,-0.237,-0.424,0.217,0.412,-0.028,-0.18,0.083,0.044,0.202,-0.167,0.592,-0.381,-0.163,-0.2,-0.221,0.272,-0.556,-0.027,0.629,0.492,-0.286,0.728,-0.637,0.563,-0.293,-0.309,0.659,-0.095,-0.421,-0.13,-0.343,-0.172,-0.015,0.18,-0.546,0.284,0.539,-0.132,-0.18,-0.285,0.385,-0.194,0.625,-0.105,0.435,-0.572,-0.124,-0.233,0.066,0.693,-0.452,-0.39,0.006,-0.336,-0.146,0.742,-0.098,0.327,0.116,-0.2,-0.034,-0.394,-0.29,0.222,-0.405,0.477,-0.358
EBAY,-0.056,0.112,0.365,0.238,0.05,-0.005,0.063,-0.125,0.184,0.117,-0.119,0.577,0.295,0.25,0.03,0.192,0.517,0.124,0.474,0.364,0.427,1.0,0.005,0.024,0.293,-0.009,-0.339,-0.092,-0.187,0.133,0.43,0.229,0.233,-0.017,0.132,0.43,0.202,0.139,0.002,0.248,0.07,0.436,0.19,0.237,-0.162,-0.051,-0.097,0.358,0.081,-0.053,-0.023,0.059,0.274,-0.034,0.288,-0.101,0.331,-0.141,-0.003,0.169,0.027,-0.179,-0.184,0.202,0.033,-0.027,0.094,-0.16,0.037,0.427,0.341,-0.052,0.221,0.062,-0.088,0.169,-0.014,-0.037,-0.322,0.064,0.153,0.22,0.365,-0.207,-0.106,-0.077,-0.255,-0.019,0.166,-0.099,0.333,0.086,-0.038,0.348,0.087,0.181,0.242,-0.035,0.054,-0.063
ERIC,0.312,-0.405,-0.259,-0.542,0.441,0.094,0.592,0.375,-0.575,0.138,0.159,-0.227,0.088,-0.527,0.552,0.621,-0.021,-0.528,0.299,0.333,-0.569,0.005,1.0,0.359,0.555,0.027,-0.102,0.488,-0.489,0.274,-0.077,0.064,0.081,0.314,0.689,-0.064,-0.027,-0.031,0.079,0.206,-0.011,-0.014,0.38,-0.412,0.302,0.362,0.286,0.471,-0.304,0.657,-0.03,-0.454,-0.323,0.374,-0.674,0.557,-0.36,0.359,0.33,-0.675,0.153,0.491,0.053,0.48,0.267,0.078,-0.216,0.6,-0.428,-0.324,0.401,0.17,0.463,-0.244,0.189,-0.479,0.223,-0.389,0.677,0.12,0.448,0.037,-0.462,0.328,0.505,0.022,0.307,0.42,-0.578,0.109,-0.069,0.096,0.251,0.427,0.509,0.393,-0.228,0.529,-0.47,0.473
EXC,0.601,-0.573,0.027,-0.548,0.486,-0.442,0.293,0.314,-0.47,0.662,0.675,-0.376,-0.427,-0.292,0.518,0.649,-0.316,-0.582,-0.141,-0.134,-0.236,0.024,0.359,1.0,0.088,0.724,0.141,0.417,-0.23,0.639,-0.422,-0.441,-0.446,0.85,0.358,0.068,-0.216,0.279,0.736,-0.524,0.665,0.537,0.834,-0.604,0.609,0.001,0.622,0.635,-0.444,0.545,0.643,-0.22,-0.587,0.791,-0.292,0.529,-0.585,0.765,0.656,-0.398,0.825,0.7,0.545,0.776,-0.484,0.719,-0.615,0.755,0.427,-0.569,0.683,0.822,0.353,0.459,0.757,0.231,0.75,0.071,0.143,0.67,0.823,0.771,-0.335,0.725,0.811,0.59,0.61,0.386,-0.079,-0.556,-0.411,0.242,0.683,0.58,0.266,0.545,0.435,0.835,-0.139,0.736
FITB,-0.064,0.132,0.038,-0.069,0.222,0.335,0.508,0.285,-0.116,-0.162,-0.275,0.15,0.544,-0.306,0.379,0.464,0.298,-0.121,0.571,0.646,-0.201,0.293,0.555,0.088,1.0,-0.263,0.015,0.4,-0.445,-0.008,0.306,0.365,0.381,0.062,0.775,0.237,0.256,0.049,-0.232,0.451,-0.304,-0.121,0.106,0.027,0.013,0.395,0.02,0.246,-0.099,0.171,-0.276,-0.157,0.184,-0.06,-0.354,0.285,0.079,-0.126,-0.054,-0.409,-0.104,0.346,-0.129,0.236,0.441,-0.213,0.214,0.175,-0.428,0.192,0.336,-0.112,0.36,-0.242,-0.093,-0.371,-0.05,-0.32,0.497,-0.122,0.192,-0.209,-0.063,-0.046,-0.013,-0.424,-0.094,0.181,-0.323,0.413,0.368,0.132,-0.155,0.292,0.494,0.093,-0.336,0.093,-0.184,0.122
FLEX,0.639,-0.529,0.101,-0.349,0.355,-0.557,0.009,0.159,-0.405,0.727,0.76,-0.386,-0.601,-0.052,0.321,0.259,-0.381,-0.377,-0.435,-0.359,-0.062,-0.009,0.027,0.724,-0.263,1.0,0.198,0.268,0.009,0.484,-0.573,-0.582,-0.575,0.753,-0.044,0.139,-0.178,0.299,0.814,-0.637,0.829,0.472,0.683,-0.484,0.658,-0.05,0.708,0.348,-0.353,0.43,0.824,-0.05,-0.603,0.653,0.085,0.287,-0.585,0.686,0.746,-0.047,0.825,0.494,0.687,0.616,-0.669,0.775,-0.564,0.516,0.716,-0.545,0.441,0.767,0.248,0.574,0.73,0.504,0.721,0.325,-0.147,0.663,0.676,0.739,-0.306,0.787,0.701,0.787,0.661,0.237,0.157,-0.724,-0.417,0.376,0.777,0.463,0.039,0.417,0.674,0.662,0.152,0.621
FTNT,0.126,0.3,0.002,0.304,0.069,0.175,0.189,0.29,0.241,0.032,0.143,-0.369,-0.071,0.08,-0.055,0.011,-0.233,0.288,-0.172,-0.096,-0.035,-0.339,-0.102,0.141,0.015,0.198,1.0,0.454,0.156,-0.188,-0.203,0.104,0.08,0.305,-0.094,0.031,0.22,0.092,0.071,-0.063,0.03,-0.178,-0.027,0.178,0.15,0.266,0.305,-0.25,0.279,-0.127,0.085,0.351,0.168,0.053,0.072,0.216,-0.034,0.149,0.012,0.19,0.328,0.425,0.553,-0.026,-0.089,0.244,0.29,0.119,0.208,0.05,-0.197,0.178,0.134,0.232,0.166,0.342,0.365,0.368,0.287,0.068,0.057,0.046,-0.063,0.225,0.197,0.094,0.185,0.135,0.223,0.127,0.01,0.422,0.26,-0.302,0.221,-0.242,-0.253,0.213,0.459,0.244
GEN,0.259,-0.146,-0.106,-0.26,0.438,0.166,0.618,0.537,-0.405,0.278,0.276,-0.393,0.147,-0.447,0.421,0.644,-0.271,-0.158,0.251,0.191,-0.535,-0.092,0.488,0.417,0.4,0.268,0.454,1.0,-0.216,0.2,-0.083,0.226,0.216,0.488,0.459,0.209,0.034,0.234,0.195,0.023,0.054,-0.047,0.395,-0.299,0.473,0.462,0.426,0.291,0.016,0.5,0.189,-0.204,-0.169,0.34,-0.537,0.742,-0.328,0.437,0.453,-0.356,0.481,0.682,0.505,0.489,0.095,0.244,0.052,0.506,-0.083,-0.174,0.284,0.301,0.646,-0.121,0.318,-0.211,0.431,-0.138,0.566,0.266,0.452,0.162,-0.527,0.556,0.485,0.119,0.358,0.344,-0.443,0.029,-0.08,0.35,0.424,0.154,0.703,0.294,-0.258,0.599,-0.179,0.659
GERN,-0.094,0.22,-0.067,0.263,-0.267,-0.03,-0.068,-0.189,0.17,0.045,0.091,-0.164,-0.104,0.318,-0.113,-0.431,-0.075,0.489,-0.422,-0.4,0.202,-0.187,-0.489,-0.23,-0.445,0.009,0.156,-0.216,1.0,-0.09,-0.073,-0.046,-0.062,-0.062,-0.627,0.263,0.176,0.326,-0.018,-0.035,0.083,-0.211,-0.183,0.154,0.04,-0.3,-0.044,-0.244,0.349,-0.303,0.113,0.341,0.129,-0.08,0.257,-0.182,-0.06,-0.065,-0.168,0.247,0.092,-0.273,0.185,-0.254,-0.216,0.122,0.128,-0.237,0.334,0.146,-0.461,0.019,0.074,0.221,0.158,0.2,0.022,0.283,-0.256,0.195,-0.121,-0.066,-0.035,-0.069,-0.13,0.123,0.017,-0.195,0.328,-0.246,-0.184,0.328,0.037,-0.393,-0.027,-0.089,0.145,-0.142,0.407,-0.026
GEVO,0.401,-0.473,0.007,-0.514,0.281,-0.238,0.295,0.276,-0.493,0.626,0.412,-0.184,-0.171,-0.238,0.45,0.488,0.146,-0.439,-0.08,-0.175,-0.285,0.133,0.274,0.639,-0.008,0.484,-0.188,0.2,-0.09,1.0,-0.246,-0.177,-0.177,0.582,0.206,0.197,-0.321,0.495,0.487,-0.336,0.48,0.545,0.56,-0.471,0.389,-0.214,0.309,0.659,-0.149,0.48,0.475,-0.35,-0.373,0.749,-0.178,0.516,-0.425,0.408,0.446,-0.401,0.485,0.364,0.192,0.723,-0.251,0.546,-0.439,0.411,0.254,-0.479,0.524,0.666,0.389,0.38,0.542,-0.063,0.382,-0.173,0.051,0.775,0.664,0.533,-0.241,0.487,0.512,0.364,0.387,0.061,-0.221,-0.447,-0.19,0.063,0.386,0.42,0.185,0.355,0.446,0.556,-0.159,0.396
GILD,-0.656,0.456,0.08,0.454,-0.058,0.594,0.135,-0.25,0.364,-0.326,-0.612,0.728,0.781,0.2,-0.202,0.094,0.54,0.494,0.78,0.564,0.269,0.43,-0.077,-0.422,0.306,-0.573,-0.203,-0.083,-0.073,-0.246,1.0,0.766,0.755,-0.592,0.152,0.141,0.456,-0.119,-0.562,0.663,-0.553,-0.037,-0.32,0.586,-0.646,-0.09,-0.579,0.042,0.453,-0.297,-0.527,-0.012,0.712,-0.6,0.11,-0.07,0.669,-0.596,-0.512,0.121,-0.499,-0.48,-0.524,-0.345,0.572,-0.65,0.634,-0.455,-0.453,0.773,-0.05,-0.658,0.11,-0.524,-0.523,-0.306,-0.533,-0.411,-0.0,-0.471,-0.437,-0.376,0.394,-0.585,-0.516,-0.612,-0.684,0.013,-0.07,0.355,0.381,-0.127,-0.597,-0.159,0.218,-0.252,-0.321,-0.413,-0.162,-0.258
GOOG,-0.602,0.606,-0.096,0.511,-0.14,0.805,0.383,-0.08,0.311,-0.34,-0.658,0.36,0.882,0.169,-0.12,0.124,0.555,0.602,0.705,0.507,0.014,0.229,0.064,-0.441,0.365,-0.582,0.104,0.226,-0.046,-0.177,0.766,1.0,0.991,-0.495,0.182,0.053,0.444,0.016,-0.641,0.64,-0.673,-0.201,-0.366,0.621,-0.513,0.154,-0.459,-0.014,0.731,-0.146,-0.594,-0.036,0.787,-0.458,-0.007,0.192,0.614,-0.515,-0.474,0.086,-0.445,-0.26,-0.343,-0.257,0.707,-0.585,0.813,-0.387,-0.569,0.622,-0.146,-0.588,0.289,-0.549,-0.465,-0.415,-0.409,-0.373,0.308,-0.398,-0.412,-0.466,0.188,-0.448,-0.448,-0.624,-0.555,0.099,-0.267,0.561,0.509,0.055,-0.508,-0.373,0.379,-0.393,-0.586,-0.286,-0.022,-0.153
GOOGL,-0.575,0.598,-0.112,0.496,-0.142,0.789,0.375,-0.089,0.283,-0.326,-0.67,0.347,0.887,0.159,-0.094,0.126,0.562,0.588,0.714,0.506,0.012,0.233,0.081,-0.446,0.381,-0.575,0.08,0.216,-0.062,-0.177,0.755,0.991,1.0,-0.494,0.194,0.065,0.453,0.015,-0.639,0.661,-0.673,-0.2,-0.357,0.614,-0.501,0.168,-0.442,-0.031,0.704,-0.104,-0.601,-0.043,0.779,-0.458,-0.031,0.192,0.605,-0.518,-0.456,0.077,-0.463,-0.258,-0.363,-0.233,0.711,-0.591,0.801,-0.372,-0.57,0.616,-0.126,-0.583,0.281,-0.551,-0.46,-0.44,-0.416,-0.368,0.306,-0.4,-0.4,-0.462,0.175,-0.44,-0.432,-0.625,-0.529,0.118,-0.282,0.552,0.521,0.058,-0.497,-0.321,0.372,-0.4,-0.593,-0.292,-0.038,-0.165
GT,0.723,-0.536,0.01,-0.478,0.461,-0.416,0.286,0.427,-0.503,0.655,0.701,-0.547,-0.512,-0.309,0.526,0.521,-0.371,-0.509,-0.27,-0.179,-0.237,-0.017,0.314,0.85,0.062,0.753,0.305,0.488,-0.062,0.582,-0.592,-0.495,-0.494,1.0,0.206,0.254,-0.203,0.347,0.742,-0.502,0.676,0.399,0.759,-0.613,0.722,0.137,0.779,0.457,-0.401,0.504,0.7,-0.055,-0.588,0.817,-0.237,0.475,-0.663,0.754,0.696,-0.313,0.886,0.8,0.66,0.753,-0.547,0.872,-0.542,0.704,0.562,-0.54,0.519,0.928,0.396,0.584,0.791,0.294,0.831,0.29,0.15,0.755,0.867,0.729,-0.433,0.754,0.795,0.679,0.719,0.221,0.035,-0.527,-0.353,0.405,0.789,0.548,0.303,0.468,0.442,0.806,0.009,0.698
HBAN,0.085,-0.259,-0.173,-0.408,0.474,0.118,0.439,0.333,-0.404,0.081,-0.014,-0.044,0.352,-0.44,0.355,0.674,0.09,-0.453,0.486,0.483,-0.424,0.132,0.689,0.358,0.775,-0.044,-0.094,0.459,-0.627,0.206,0.152,0.182,0.194,0.206,1.0,-0.073,-0.021,-0.149,0.006,0.157,-0.148,0.104,0.403,-0.275,0.206,0.277,0.089,0.472,-0.313,0.499,-0.02,-0.514,-0.172,0.168,-0.57,0.468,-0.14,0.186,0.229,-0.585,0.045,0.447,-0.109,0.379,0.31,-0.08,-0.116,0.402,-0.447,-0.173,0.647,0.053,0.317,-0.29,0.073,-0.433,0.087,-0.492,0.466,-0.065,0.29,0.055,-0.282,0.201,0.248,-0.213,0.118,0.411,-0.547,0.153,0.152,-0.074,0.013,0.421,0.404,0.252,-0.235,0.316,-0.47,0.34
HST,0.242,0.078,0.292,0.081,0.017,-0.0,0.257,0.181,-0.05,0.238,0.004,0.169,0.135,-0.053,0.279,0.156,0.125,0.163,0.158,0.147,0.217,0.43,-0.064,0.068,0.237,0.139,0.031,0.209,0.263,0.197,0.141,0.053,0.065,0.254,-0.073,1.0,0.313,0.558,0.062,0.187,0.116,0.07,0.171,0.033,0.107,-0.104,0.184,0.155,0.077,-0.054,0.234,0.255,0.084,0.104,0.09,0.066,-0.014,0.022,0.079,0.008,0.287,0.079,0.173,0.297,-0.055,0.197,0.079,-0.038,0.315,0.324,0.056,0.212,0.464,0.245,0.136,0.117,0.177,0.073,-0.107,0.444,0.399,0.145,0.018,0.059,0.063,0.021,0.099,-0.227,0.233,-0.228,0.064,0.422,0.188,0.247,0.404,0.191,0.179,0.108,0.188,0.135
INTC,-0.203,0.394,-0.072,0.533,-0.043,0.404,0.274,-0.084,0.293,-0.208,-0.34,0.186,0.431,0.404,0.072,0.029,0.28,0.55,0.38,0.476,0.412,0.202,-0.027,-0.216,0.256,-0.178,0.22,0.034,0.176,-0.321,0.456,0.444,0.453,-0.203,-0.021,0.313,1.0,0.039,-0.312,0.452,-0.254,-0.15,-0.122,0.503,-0.284,0.081,0.01,-0.068,0.407,-0.149,-0.245,0.331,0.506,-0.347,0.161,-0.086,0.431,-0.229,-0.254,0.188,-0.073,-0.137,0.01,-0.231,0.34,-0.219,0.486,-0.234,-0.131,0.561,-0.134,-0.281,0.301,-0.128,-0.145,0.097,-0.013,0.012,0.127,-0.219,-0.12,-0.198,0.212,-0.294,-0.245,-0.221,-0.293,0.206,0.214,0.197,0.206,0.51,-0.131,-0.075,0.306,-0.215,-0.215,-0.101,0.225,0.075
IOVA,0.139,0.124,0.172,-0.013,-0.05,-0.1,0.337,0.232,-0.086,0.376,0.191,-0.107,-0.003,-0.064,0.365,0.079,0.025,0.08,-0.124,-0.221,-0.028,0.139,-0.031,0.279,0.049,0.299,0.092,0.234,0.326,0.495,-0.119,0.016,0.015,0.347,-0.149,0.558,0.039,1.0,0.238,-0.141,0.289,0.008,0.154,-0.037,0.217,-0.045,0.284,0.217,0.188,0.022,0.281,0.223,0.016,0.377,0.069,0.262,-0.205,0.163,0.156,-0.041,0.389,0.196,0.394,0.49,-0.206,0.397,-0.032,0.082,0.372,-0.049,-0.026,0.415,0.424,0.37,0.294,0.145,0.224,0.205,-0.008,0.671,0.464,0.1,-0.129,0.248,0.262,0.194,0.204,-0.284,0.07,-0.306,0.012,0.394,0.248,0.034,0.362,0.168,0.256,0.241,0.289,0.21
IQ,0.734,-0.557,0.172,-0.485,0.285,-0.691,0.03,0.154,-0.405,0.635,0.826,-0.361,-0.677,-0.164,0.264,0.241,-0.464,-0.503,-0.41,-0.389,-0.18,0.002,0.079,0.736,-0.232,0.814,0.071,0.195,-0.018,0.487,-0.562,-0.641,-0.639,0.742,0.006,0.062,-0.312,0.238,1.0,-0.648,0.868,0.457,0.664,-0.623,0.64,-0.132,0.585,0.359,-0.487,0.395,0.739,-0.166,-0.69,0.673,-0.064,0.301,-0.568,0.757,0.691,-0.161,0.783,0.424,0.577,0.592,-0.72,0.734,-0.669,0.589,0.694,-0.549,0.411,0.753,0.173,0.523,0.651,0.365,0.719,0.256,-0.165,0.623,0.684,0.734,-0.372,0.777,0.688,0.728,0.712,0.118,0.094,-0.701,-0.527,0.203,0.832,0.486,0.03,0.576,0.649,0.641,-0.044,0.554
JBLU,-0.358,0.404,-0.156,0.352,-0.094,0.571,0.258,-0.063,0.219,-0.511,-0.57,0.424,0.721,0.049,0.037,0.021,0.477,0.38,0.615,0.51,0.083,0.248,0.206,-0.524,0.451,-0.637,-0.063,0.023,-0.035,-0.336,0.663,0.64,0.661,-0.502,0.157,0.187,0.452,-0.141,-0.648,1.0,-0.613,-0.351,-0.372,0.499,-0.4,0.208,-0.323,-0.192,0.349,-0.116,-0.702,0.102,0.574,-0.491,-0.123,0.033,0.456,-0.531,-0.451,0.084,-0.564,-0.268,-0.431,-0.273,0.611,-0.623,0.632,-0.359,-0.622,0.64,-0.244,-0.554,0.165,-0.498,-0.514,-0.427,-0.51,-0.259,0.282,-0.466,-0.344,-0.527,0.26,-0.488,-0.4,-0.631,-0.447,-0.038,-0.149,0.494,0.39,-0.057,-0.464,-0.122,0.288,-0.283,-0.626,-0.333,-0.034,-0.278
JD,0.657,-0.483,0.267,-0.375,0.252,-0.681,-0.117,0.066,-0.293,0.587,0.794,-0.258,-0.715,-0.012,0.21,0.127,-0.333,-0.422,-0.493,-0.427,0.044,0.07,-0.011,0.665,-0.304,0.829,0.03,0.054,0.083,0.48,-0.553,-0.673,-0.673,0.676,-0.148,0.116,-0.254,0.289,0.868,-0.613,1.0,0.532,0.622,-0.488,0.626,-0.163,0.55,0.347,-0.422,0.293,0.692,0.044,-0.58,0.671,0.093,0.122,-0.542,0.628,0.62,-0.027,0.741,0.352,0.604,0.536,-0.775,0.786,-0.634,0.488,0.689,-0.473,0.375,0.741,0.076,0.697,0.662,0.484,0.701,0.354,-0.275,0.698,0.656,0.726,-0.178,0.675,0.616,0.731,0.666,0.085,0.275,-0.697,-0.403,0.257,0.722,0.456,-0.097,0.456,0.759,0.553,0.135,0.472
KDP,0.329,-0.323,0.256,-0.161,0.23,-0.406,-0.191,-0.018,-0.132,0.614,0.35,0.136,-0.255,0.171,-0.055,0.344,0.179,-0.248,0.064,-0.148,0.202,0.436,-0.014,0.537,-0.121,0.472,-0.178,-0.047,-0.211,0.545,-0.037,-0.201,-0.2,0.399,0.104,0.07,-0.15,0.008,0.457,-0.351,0.532,1.0,0.62,-0.244,0.173,-0.299,0.088,0.606,-0.216,0.261,0.4,-0.194,-0.222,0.468,0.171,0.024,-0.083,0.25,0.383,0.001,0.422,0.054,0.019,0.509,-0.392,0.4,-0.381,0.26,0.333,-0.217,0.735,0.409,0.043,0.431,0.32,0.298,0.379,-0.01,-0.424,0.405,0.364,0.783,0.13,0.204,0.294,0.406,0.123,0.261,0.175,-0.525,-0.027,-0.042,0.286,0.521,-0.187,0.099,0.577,0.346,-0.085,0.202
KHC,0.645,-0.614,-0.041,-0.539,0.547,-0.49,0.231,0.235,-0.558,0.703,0.643,-0.315,-0.329,-0.213,0.441,0.669,-0.271,-0.531,0.006,-0.088,-0.167,0.19,0.38,0.834,0.106,0.683,-0.027,0.395,-0.183,0.56,-0.32,-0.366,-0.357,0.759,0.403,0.171,-0.122,0.154,0.664,-0.372,0.622,0.62,1.0,-0.619,0.662,0.023,0.581,0.703,-0.47,0.683,0.659,-0.312,-0.591,0.692,-0.347,0.448,-0.58,0.759,0.762,-0.377,0.776,0.531,0.458,0.751,-0.461,0.591,-0.611,0.69,0.352,-0.462,0.807,0.702,0.44,0.33,0.683,0.127,0.731,0.022,0.021,0.557,0.73,0.837,-0.414,0.645,0.699,0.59,0.568,0.457,-0.144,-0.592,-0.368,0.266,0.689,0.703,0.273,0.525,0.424,0.817,-0.226,0.748
LRCX,-0.598,0.84,0.124,0.917,-0.401,0.543,-0.149,-0.366,0.814,-0.463,-0.637,0.526,0.542,0.6,-0.449,-0.45,0.524,0.815,0.275,0.251,0.592,0.237,-0.412,-0.604,0.027,-0.484,0.178,-0.299,0.154,-0.471,0.586,0.621,0.614,-0.613,-0.275,0.033,0.503,-0.037,-0.623,0.499,-0.488,-0.244,-0.619,1.0,-0.683,0.002,-0.456,-0.473,0.747,-0.606,-0.549,0.545,0.901,-0.609,0.583,-0.412,0.771,-0.632,-0.663,0.636,-0.534,-0.509,-0.282,-0.599,0.354,-0.483,0.776,-0.7,-0.199,0.77,-0.444,-0.586,-0.21,-0.134,-0.589,0.223,-0.474,0.157,-0.129,-0.468,-0.582,-0.488,0.693,-0.64,-0.625,-0.452,-0.607,-0.154,0.358,0.405,0.637,0.021,-0.586,-0.496,-0.15,-0.611,-0.358,-0.622,0.548,-0.513
LYFT,0.697,-0.586,-0.112,-0.577,0.509,-0.512,0.19,0.412,-0.629,0.536,0.734,-0.647,-0.462,-0.329,0.396,0.395,-0.455,-0.53,-0.415,-0.3,-0.381,-0.162,0.302,0.609,0.013,0.658,0.15,0.473,0.04,0.389,-0.646,-0.513,-0.501,0.722,0.206,0.107,-0.284,0.217,0.64,-0.4,0.626,0.173,0.662,-0.683,1.0,0.216,0.669,0.333,-0.44,0.676,0.612,-0.172,-0.706,0.694,-0.432,0.471,-0.735,0.757,0.823,-0.252,0.683,0.64,0.645,0.572,-0.51,0.686,-0.626,0.651,0.316,-0.602,0.436,0.689,0.336,0.397,0.779,0.102,0.704,0.224,0.12,0.573,0.669,0.528,-0.603,0.746,0.725,0.59,0.795,0.279,-0.2,-0.477,-0.367,0.319,0.777,0.443,0.214,0.481,0.26,0.71,-0.082,0.662
MARA,0.02,0.116,-0.116,0.096,0.184,0.184,0.247,0.222,-0.079,-0.183,0.01,-0.225,0.134,-0.078,0.262,0.131,-0.131,-0.024,0.212,0.293,-0.163,-0.051,0.362,0.001,0.395,-0.05,0.266,0.462,-0.3,-0.214,-0.09,0.154,0.168,0.137,0.277,-0.104,0.081,-0.045,-0.132,0.208,-0.163,-0.299,0.023,0.002,0.216,1.0,0.315,-0.137,-0.017,0.211,-0.2,0.137,0.084,0.035,-0.279,0.177,-0.057,0.019,0.179,0.038,0.008,0.455,0.243,0.13,0.157,-0.001,0.148,0.128,-0.295,0.014,0.011,0.036,0.111,-0.132,-0.027,-0.081,0.101,0.337,0.469,-0.19,0.089,-0.16,-0.126,0.093,0.104,-0.014,0.099,0.203,-0.218,0.407,0.272,0.216,0.105,0.102,0.234,-0.039,-0.416,0.136,0.034,0.123
MCHP,0.615,-0.473,-0.161,-0.323,0.383,-0.344,0.3,0.352,-0.494,0.451,0.632,-0.594,-0.447,-0.286,0.601,0.343,-0.404,-0.378,-0.263,-0.137,-0.2,-0.097,0.286,0.622,0.02,0.708,0.305,0.426,-0.044,0.309,-0.579,-0.459,-0.442,0.779,0.089,0.184,0.01,0.284,0.585,-0.323,0.55,0.088,0.581,-0.456,0.669,0.315,1.0,0.203,-0.319,0.519,0.516,0.056,-0.529,0.612,-0.243,0.41,-0.598,0.686,0.681,-0.14,0.712,0.725,0.748,0.556,-0.446,0.693,-0.402,0.542,0.434,-0.482,0.267,0.78,0.361,0.416,0.665,0.272,0.678,0.399,0.222,0.555,0.684,0.453,-0.401,0.659,0.662,0.648,0.664,0.223,0.011,-0.406,-0.355,0.559,0.734,0.442,0.318,0.426,0.253,0.69,0.112,0.629
MDLZ,0.256,-0.51,0.093,-0.484,0.496,-0.138,0.438,0.23,-0.52,0.577,0.306,-0.067,0.009,-0.299,0.436,0.687,0.151,-0.399,0.243,0.118,-0.221,0.358,0.471,0.635,0.246,0.348,-0.25,0.291,-0.244,0.659,0.042,-0.014,-0.031,0.457,0.472,0.155,-0.068,0.217,0.359,-0.192,0.347,0.606,0.703,-0.473,0.333,-0.137,0.203,1.0,-0.233,0.539,0.442,-0.481,-0.319,0.511,-0.312,0.438,-0.311,0.42,0.457,-0.509,0.487,0.302,0.141,0.651,0.011,0.374,-0.396,0.474,0.038,-0.316,0.726,0.41,0.537,0.105,0.493,-0.175,0.408,-0.331,0.083,0.505,0.538,0.526,-0.318,0.311,0.446,0.299,0.202,0.435,-0.313,-0.305,-0.232,0.177,0.368,0.522,0.324,0.455,0.361,0.607,-0.408,0.547
META,-0.481,0.67,0.005,0.719,-0.242,0.637,0.175,-0.201,0.513,-0.217,-0.437,0.176,0.534,0.426,-0.267,-0.25,0.487,0.829,0.185,0.11,0.272,0.081,-0.304,-0.444,-0.099,-0.353,0.279,0.016,0.349,-0.149,0.453,0.731,0.704,-0.401,-0.313,0.077,0.407,0.188,-0.487,0.349,-0.422,-0.216,-0.47,0.747,-0.44,-0.017,-0.319,-0.233,1.0,-0.322,-0.363,0.349,0.763,-0.312,0.335,-0.011,0.579,-0.396,-0.412,0.445,-0.29,-0.322,-0.067,-0.384,0.34,-0.242,0.756,-0.524,-0.167,0.55,-0.407,-0.369,0.168,-0.12,-0.294,0.018,-0.268,0.05,0.046,-0.13,-0.4,-0.389,0.353,-0.365,-0.402,-0.261,-0.376,-0.048,0.117,0.283,0.443,0.229,-0.325,-0.598,0.124,-0.438,-0.362,-0.301,0.421,-0.197
MNST,0.54,-0.623,-0.377,-0.647,0.571,-0.232,0.399,0.306,-0.804,0.527,0.489,-0.496,-0.102,-0.444,0.515,0.643,-0.174,-0.541,0.066,-0.04,-0.556,-0.053,0.657,0.545,0.171,0.43,-0.127,0.5,-0.303,0.48,-0.297,-0.146,-0.104,0.504,0.499,-0.054,-0.149,0.022,0.395,-0.116,0.293,0.261,0.683,-0.606,0.676,0.211,0.519,0.539,-0.322,1.0,0.351,-0.56,-0.579,0.568,-0.683,0.64,-0.577,0.658,0.785,-0.501,0.403,0.495,0.286,0.622,-0.092,0.347,-0.458,0.685,-0.072,-0.541,0.637,0.462,0.484,-0.054,0.55,-0.336,0.457,-0.192,0.329,0.355,0.537,0.413,-0.639,0.587,0.684,0.44,0.579,0.589,-0.578,-0.325,-0.243,0.169,0.585,0.577,0.372,0.447,0.017,0.699,-0.45,0.659
MRNA,0.622,-0.567,0.189,-0.415,0.405,-0.537,0.01,0.147,-0.421,0.747,0.678,-0.337,-0.603,-0.151,0.212,0.25,-0.373,-0.369,-0.477,-0.34,-0.027,-0.023,-0.03,0.643,-0.276,0.824,0.085,0.189,0.113,0.475,-0.527,-0.594,-0.601,0.7,-0.02,0.234,-0.245,0.281,0.739,-0.702,0.692,0.4,0.659,-0.549,0.612,-0.2,0.516,0.442,-0.363,0.351,1.0,-0.125,-0.617,0.579,0.064,0.181,-0.551,0.708,0.686,-0.137,0.782,0.377,0.563,0.49,-0.589,0.751,-0.662,0.432,0.743,-0.508,0.434,0.685,0.265,0.531,0.707,0.394,0.649,0.228,-0.208,0.667,0.597,0.685,-0.386,0.652,0.603,0.757,0.624,0.179,0.136,-0.708,-0.456,0.318,0.728,0.44,0.006,0.483,0.679,0.575,0.011,0.56
MRVL,-0.122,0.497,0.236,0.657,-0.215,0.056,-0.268,-0.161,0.665,-0.212,-0.115,0.134,-0.114,0.455,-0.187,-0.503,0.068,0.512,-0.248,-0.105,0.629,0.059,-0.454,-0.22,-0.157,-0.05,0.351,-0.204,0.341,-0.35,-0.012,-0.036,-0.043,-0.055,-0.514,0.255,0.331,0.223,-0.166,0.102,0.044,-0.194,-0.312,0.545,-0.172,0.137,0.056,-0.481,0.349,-0.56,-0.125,1.0,0.421,-0.093,0.536,-0.483,0.323,-0.234,-0.268,0.689,-0.005,-0.053,0.212,-0.28,-0.195,0.157,0.3,-0.386,0.273,0.396,-0.439,0.012,-0.257,0.467,-0.13,0.637,0.026,0.657,-0.263,0.009,-0.087,-0.124,0.583,-0.253,-0.228,0.089,-0.143,-0.319,0.678,0.05,0.338,0.319,-0.087,-0.291,-0.229,-0.339,-0.008,-0.273,0.763,-0.27
MSFT,-0.671,0.852,0.161,0.835,-0.393,0.69,0.034,-0.295,0.751,-0.498,-0.732,0.539,0.694,0.492,-0.353,-0.278,0.614,0.809,0.46,0.397,0.492,0.274,-0.323,-0.587,0.184,-0.603,0.168,-0.169,0.129,-0.373,0.712,0.787,0.779,-0.588,-0.172,0.084,0.506,0.016,-0.69,0.574,-0.58,-0.222,-0.591,0.901,-0.706,0.084,-0.529,-0.319,0.763,-0.579,-0.617,0.421,1.0,-0.608,0.431,-0.259,0.812,-0.712,-0.694,0.459,-0.539,-0.428,-0.35,-0.517,0.495,-0.521,0.85,-0.68,-0.316,0.816,-0.389,-0.616,-0.08,-0.213,-0.562,0.002,-0.506,0.027,0.014,-0.438,-0.561,-0.529,0.603,-0.67,-0.669,-0.596,-0.683,-0.132,0.201,0.567,0.635,0.038,-0.632,-0.477,0.013,-0.594,-0.424,-0.578,0.373,-0.482
MSTR,0.685,-0.594,-0.04,-0.553,0.411,-0.434,0.212,0.342,-0.504,0.637,0.681,-0.481,-0.518,-0.251,0.462,0.446,-0.166,-0.558,-0.35,-0.319,-0.286,-0.034,0.374,0.791,-0.06,0.653,0.053,0.34,-0.08,0.749,-0.6,-0.458,-0.458,0.817,0.168,0.104,-0.347,0.377,0.673,-0.491,0.671,0.468,0.692,-0.609,0.694,0.035,0.612,0.511,-0.312,0.568,0.579,-0.093,-0.608,1.0,-0.267,0.466,-0.595,0.694,0.666,-0.281,0.713,0.653,0.486,0.744,-0.532,0.818,-0.615,0.642,0.354,-0.668,0.525,0.861,0.3,0.593,0.743,0.192,0.702,0.158,0.118,0.817,0.836,0.662,-0.296,0.694,0.762,0.638,0.685,0.159,-0.087,-0.546,-0.261,0.247,0.67,0.451,0.131,0.456,0.43,0.769,-0.016,0.597
MU,-0.235,0.445,0.416,0.672,-0.438,0.003,-0.484,-0.422,0.685,-0.077,-0.217,0.466,-0.091,0.675,-0.483,-0.586,0.323,0.512,-0.226,-0.119,0.728,0.288,-0.674,-0.292,-0.354,0.085,0.072,-0.537,0.257,-0.178,0.11,-0.007,-0.031,-0.237,-0.57,0.09,0.161,0.069,-0.064,-0.123,0.093,0.171,-0.347,0.583,-0.432,-0.279,-0.243,-0.312,0.335,-0.683,0.064,0.536,0.431,-0.267,1.0,-0.62,0.471,-0.389,-0.37,0.718,-0.106,-0.458,-0.1,-0.342,-0.21,0.004,0.248,-0.602,0.436,0.356,-0.299,-0.161,-0.371,0.375,-0.254,0.686,-0.159,0.399,-0.561,-0.065,-0.294,0.015,0.655,-0.34,-0.417,0.038,-0.342,-0.328,0.751,-0.101,0.295,0.018,-0.231,-0.255,-0.511,-0.398,0.4,-0.468,0.65,-0.456
MVIS,0.296,-0.345,-0.307,-0.486,0.435,0.156,0.709,0.429,-0.546,0.299,0.324,-0.362,0.151,-0.445,0.558,0.741,-0.115,-0.34,0.216,0.184,-0.637,-0.101,0.557,0.529,0.285,0.287,0.216,0.742,-0.182,0.516,-0.07,0.192,0.192,0.475,0.468,0.066,-0.086,0.262,0.301,0.033,0.122,0.024,0.448,-0.412,0.471,0.177,0.41,0.438,-0.011,0.64,0.181,-0.483,-0.259,0.466,-0.62,1.0,-0.361,0.504,0.438,-0.55,0.427,0.615,0.365,0.556,0.097,0.234,-0.093,0.554,-0.128,-0.299,0.335,0.388,0.659,-0.138,0.474,-0.376,0.373,-0.341,0.6,0.383,0.538,0.205,-0.55,0.634,0.57,0.078,0.421,0.33,-0.599,-0.069,-0.276,0.233,0.432,0.235,0.69,0.451,-0.187,0.676,-0.344,0.687
NFLX,-0.564,0.649,0.158,0.748,-0.408,0.524,-0.141,-0.368,0.733,-0.547,-0.683,0.634,0.539,0.535,-0.487,-0.311,0.582,0.639,0.427,0.443,0.563,0.331,-0.36,-0.585,0.079,-0.585,-0.034,-0.328,-0.06,-0.425,0.669,0.614,0.605,-0.663,-0.14,-0.014,0.431,-0.205,-0.568,0.456,-0.542,-0.083,-0.58,0.771,-0.735,-0.057,-0.598,-0.311,0.579,-0.577,-0.551,0.323,0.812,-0.595,0.471,-0.361,1.0,-0.648,-0.618,0.518,-0.588,-0.514,-0.54,-0.543,0.471,-0.576,0.665,-0.747,-0.314,0.707,-0.299,-0.665,-0.268,-0.21,-0.646,0.056,-0.559,-0.07,-0.192,-0.536,-0.583,-0.464,0.688,-0.656,-0.722,-0.543,-0.68,-0.151,0.231,0.441,0.585,-0.143,-0.595,-0.329,-0.187,-0.484,-0.345,-0.664,0.21,-0.571
NNDM,0.752,-0.607,-0.118,-0.562,0.466,-0.531,0.267,0.277,-0.533,0.617,0.763,-0.584,-0.562,-0.296,0.387,0.479,-0.55,-0.534,-0.336,-0.26,-0.293,-0.141,0.359,0.765,-0.126,0.686,0.149,0.437,-0.065,0.408,-0.596,-0.515,-0.518,0.754,0.186,0.022,-0.229,0.163,0.757,-0.531,0.628,0.25,0.759,-0.632,0.757,0.019,0.686,0.42,-0.396,0.658,0.708,-0.234,-0.712,0.694,-0.389,0.504,-0.648,1.0,0.795,-0.317,0.801,0.576,0.674,0.576,-0.513,0.678,-0.681,0.734,0.445,-0.599,0.442,0.72,0.375,0.344,0.717,0.204,0.785,0.161,0.107,0.555,0.682,0.649,-0.585,0.779,0.818,0.729,0.782,0.395,-0.152,-0.59,-0.531,0.308,0.873,0.474,0.272,0.66,0.274,0.798,-0.162,0.77
NVAX,0.686,-0.658,-0.037,-0.549,0.587,-0.567,0.124,0.262,-0.637,0.693,0.77,-0.47,-0.475,-0.328,0.349,0.449,-0.367,-0.536,-0.244,-0.255,-0.309,-0.003,0.33,0.656,-0.054,0.746,0.012,0.453,-0.168,0.446,-0.512,-0.474,-0.456,0.696,0.229,0.079,-0.254,0.156,0.691,-0.451,0.62,0.383,0.762,-0.663,0.823,0.179,0.681,0.457,-0.412,0.785,0.686,-0.268,-0.694,0.666,-0.37,0.438,-0.618,0.795,1.0,-0.215,0.664,0.542,0.56,0.648,-0.527,0.644,-0.659,0.623,0.376,-0.608,0.602,0.664,0.342,0.345,0.679,0.135,0.631,0.175,-0.012,0.549,0.647,0.619,-0.516,0.706,0.725,0.759,0.672,0.432,-0.225,-0.599,-0.304,0.276,0.797,0.626,0.153,0.517,0.347,0.716,-0.165,0.638
NVDA,-0.184,0.517,0.264,0.769,-0.328,-0.027,-0.536,-0.372,0.68,-0.182,-0.174,0.277,-0.022,0.623,-0.553,-0.608,0.176,0.604,-0.178,-0.241,0.659,0.169,-0.675,-0.398,-0.409,-0.047,0.19,-0.356,0.247,-0.401,0.121,0.086,0.077,-0.313,-0.585,0.008,0.188,-0.041,-0.161,0.084,-0.027,0.001,-0.377,0.636,-0.252,0.038,-0.14,-0.509,0.445,-0.501,-0.137,0.689,0.459,-0.281,0.718,-0.55,0.518,-0.317,-0.215,1.0,-0.197,-0.4,0.0,-0.418,-0.2,-0.061,0.324,-0.625,0.236,0.417,-0.365,-0.217,-0.441,0.274,-0.304,0.602,-0.153,0.607,-0.542,-0.227,-0.418,-0.082,0.624,-0.389,-0.388,0.058,-0.255,-0.211,0.603,-0.048,0.378,-0.0,-0.156,-0.314,-0.485,-0.514,-0.001,-0.463,0.661,-0.468
NWL,0.656,-0.445,0.091,-0.357,0.401,-0.44,0.289,0.327,-0.388,0.706,0.734,-0.479,-0.518,-0.127,0.42,0.46,-0.464,-0.326,-0.295,-0.23,-0.095,0.027,0.153,0.825,-0.104,0.825,0.328,0.481,0.092,0.485,-0.499,-0.445,-0.463,0.886,0.045,0.287,-0.073,0.389,0.783,-0.564,0.741,0.422,0.776,-0.534,0.683,0.008,0.712,0.487,-0.29,0.403,0.782,-0.005,-0.539,0.713,-0.106,0.427,-0.588,0.801,0.664,-0.197,1.0,0.625,0.782,0.683,-0.578,0.828,-0.507,0.651,0.661,-0.426,0.441,0.821,0.477,0.555,0.791,0.42,0.898,0.298,0.023,0.728,0.783,0.776,-0.438,0.767,0.762,0.717,0.684,0.235,0.13,-0.62,-0.485,0.51,0.848,0.409,0.351,0.528,0.517,0.826,0.05,0.797
OCGN,0.482,-0.434,-0.182,-0.44,0.474,-0.057,0.476,0.564,-0.469,0.288,0.464,-0.571,-0.238,-0.459,0.628,0.587,-0.315,-0.482,-0.082,0.124,-0.421,-0.179,0.491,0.7,0.346,0.494,0.425,0.682,-0.273,0.364,-0.48,-0.26,-0.258,0.8,0.447,0.079,-0.137,0.196,0.424,-0.268,0.352,0.054,0.531,-0.509,0.64,0.455,0.725,0.302,-0.322,0.495,0.377,-0.053,-0.428,0.653,-0.458,0.615,-0.514,0.576,0.542,-0.4,0.625,1.0,0.579,0.593,-0.179,0.61,-0.286,0.635,0.131,-0.489,0.39,0.7,0.387,0.294,0.628,0.049,0.622,0.116,0.528,0.476,0.731,0.352,-0.395,0.692,0.648,0.353,0.595,0.306,-0.201,-0.094,-0.18,0.39,0.558,0.395,0.438,0.386,0.023,0.697,-0.048,0.661
