,AAL,AAPL,AGNC,AMAT,AMD,AMZN,APA,ARDX,AVGO,AZN,BIDU,BILI,BKR,CAN,CHRD,CMCSA,CPRT,CRWD,CSCO,CSX,DKNG,EBAY,ERIC,EXC,FITB,FLEX,FTNT,GEN,GERN,GEVO,GILD,GOOG,GOOGL,GT,HBAN,HST,INTC,IOVA,IQ,JBLU,JD,KDP,KHC,LRCX,LYFT,MARA,MCHP,MDLZ,META,MNST,MRNA,MRVL,MSFT,MSTR,MU,MVIS,NFLX,NNDM,NVAX,NVDA,NWL,OCGN,ON,OPK,PAA,PACB,PANW,PARA,PDD,PENN,PEP,PLUG,PTEN,PTON,PYPL,QCOM,QVCGA,RIOT,ROKU,RUN,SABR,SBUX,SMCI,SNDL,STNE,TCOM,TLRY,TMUS,TSCO,TSLA,TTD,TXN,UAL,VOD,VTRS,VXRT,WBA,WBD,WDC,ZM
AAL,1.0,-0.359,0.401,0.575,-0.052,0.324,0.162,-0.15,0.493,0.175,-0.192,-0.506,0.122,0.491,0.208,-0.107,0.31,0.062,0.145,-0.103,0.415,-0.116,-0.221,0.274,0.552,0.249,-0.04,0.315,0.244,0.134,-0.177,0.144,0.153,0.387,0.521,0.14,0.323,0.246,0.056,0.646,-0.19,0.311,0.322,0.584,0.567,0.628,0.042,-0.061,0.082,-0.091,0.091,0.261,0.088,0.138,0.398,-0.166,-0.025,-0.226,-0.081,0.333,0.186,0.378,-0.021,0.2,0.167,0.014,0.082,0.022,-0.352,-0.073,0.337,0.269,0.312,-0.045,0.229,0.118,0.083,0.509,0.191,0.644,0.507,0.128,-0.122,0.306,-0.329,-0.016,0.291,-0.05,0.279,0.458,0.569,0.271,0.712,0.174,0.026,0.621,0.165,-0.06,0.436,-0.093
AAPL,-0.359,1.0,-0.214,-0.194,0.076,-0.191,-0.16,0.191,-0.342,-0.188,-0.132,0.491,0.028,0.054,-0.169,0.583,-0.011,0.119,0.198,0.257,-0.115,0.246,0.151,-0.272,-0.092,-0.323,-0.148,-0.282,0.168,-0.23,0.555,0.037,0.032,-0.159,-0.296,0.316,-0.019,0.06,-0.145,-0.218,0.332,-0.304,-0.348,-0.276,-0.043,-0.038,0.133,0.517,-0.057,0.578,0.097,-0.388,0.215,-0.026,-0.404,0.141,0.254,0.396,0.196,-0.091,0.245,-0.261,0.237,-0.473,-0.313,0.064,0.326,-0.003,0.55,0.004,0.158,-0.071,-0.323,0.285,0.085,-0.245,0.144,0.182,0.389,-0.317,-0.401,0.571,-0.112,-0.403,0.151,-0.424,-0.36,-0.102,0.1,0.037,-0.334,-0.01,-0.242,-0.219,-0.131,-0.128,0.29,0.265,-0.545,0.375
AGNC,0.401,-0.214,1.0,0.375,-0.164,0.521,0.454,-0.216,0.466,0.477,0.314,-0.061,0.378,0.406,0.469,0.228,0.412,0.028,0.587,-0.073,0.312,0.306,-0.12,0.648,0.794,0.381,0.098,0.818,0.17,0.127,-0.022,0.342,0.311,0.633,0.754,0.308,0.154,0.108,0.471,0.273,0.203,0.582,0.587,0.478,0.405,0.428,0.231,-0.137,0.061,-0.254,0.468,0.1,0.298,0.47,0.518,-0.029,0.12,-0.011,-0.218,0.225,0.297,0.456,-0.04,0.463,0.278,-0.177,-0.009,0.409,-0.243,0.255,0.455,0.029,0.306,-0.074,0.373,0.312,0.223,0.31,0.141,0.5,0.498,0.094,0.13,0.361,-0.053,0.21,0.4,0.134,0.306,0.187,0.675,0.453,0.421,0.268,0.163,0.495,-0.059,0.37,0.496,0.037
AMAT,0.575,-0.194,0.375,1.0,0.128,0.555,0.212,0.082,0.89,0.033,-0.255,-0.523,0.236,0.559,0.334,-0.261,0.381,0.334,0.121,0.047,0.405,-0.082,-0.196,0.323,0.611,0.584,0.319,0.485,0.296,0.151,-0.204,0.213,0.206,0.394,0.635,0.308,0.136,0.59,-0.018,0.488,-0.216,0.291,0.336,0.949,0.54,0.561,0.332,-0.016,0.701,-0.185,-0.085,0.457,0.314,0.064,0.392,-0.031,0.367,-0.112,0.051,0.614,0.095,0.285,0.118,0.159,0.192,0.049,0.126,0.123,-0.233,-0.116,0.331,0.328,0.364,-0.143,0.263,0.58,0.136,0.354,-0.072,0.532,0.559,0.065,0.106,0.162,-0.302,0.087,0.164,0.153,0.236,0.348,0.561,0.42,0.44,0.315,0.367,0.379,-0.127,0.083,0.403,-0.032
AMD,-0.052,0.076,-0.164,0.128,1.0,-0.394,-0.687,0.769,0.086,-0.039,-0.556,0.13,-0.758,0.347,-0.565,0.104,-0.554,0.328,0.1,0.655,-0.582,-0.397,0.517,-0.073,0.07,0.503,0.615,0.029,-0.562,0.432,0.497,-0.655,-0.665,-0.558,-0.127,0.326,0.633,0.687,-0.341,0.211,-0.443,-0.472,-0.505,0.057,-0.324,0.34,0.707,0.333,0.13,0.22,-0.128,0.588,-0.572,-0.319,-0.489,0.862,-0.47,0.686,0.878,0.084,0.141,-0.638,0.743,-0.377,-0.629,0.706,0.303,-0.425,-0.198,0.501,-0.606,0.696,-0.053,0.606,-0.615,0.443,0.695,0.383,0.18,-0.015,-0.378,0.314,0.698,-0.585,0.287,-0.447,-0.656,0.65,-0.548,0.264,-0.309,0.527,-0.412,0.55,0.541,-0.37,0.33,0.372,-0.32,0.545
AMZN,0.324,-0.191,0.521,0.555,-0.394,1.0,0.784,-0.427,0.59,0.36,0.39,-0.372,0.725,0.012,0.849,-0.202,0.797,0.027,0.168,-0.431,0.497,0.442,-0.335,0.564,0.454,0.192,0.008,0.571,0.547,-0.022,-0.363,0.714,0.681,0.719,0.722,-0.05,-0.266,-0.1,0.415,0.203,0.293,0.75,0.726,0.628,0.387,0.085,-0.019,-0.409,0.425,-0.309,-0.031,0.065,0.725,0.432,0.669,-0.404,0.598,-0.426,-0.455,0.286,0.225,0.542,-0.375,0.567,0.669,-0.503,-0.215,0.546,-0.093,-0.201,0.659,-0.329,0.356,-0.54,0.668,0.309,-0.213,-0.093,-0.136,0.371,0.772,-0.196,-0.097,0.644,-0.252,0.489,0.622,-0.063,0.491,-0.028,0.671,0.117,0.576,0.088,0.021,0.506,-0.472,-0.09,0.635,-0.399
APA,0.162,-0.16,0.454,0.212,-0.687,0.784,1.0,-0.626,0.242,0.154,0.59,-0.245,0.917,-0.18,0.869,-0.126,0.737,-0.334,0.07,-0.54,0.478,0.516,-0.537,0.447,0.267,-0.214,-0.301,0.352,0.604,-0.198,-0.441,0.769,0.729,0.678,0.533,-0.163,-0.418,-0.415,0.503,-0.129,0.467,0.75,0.742,0.287,0.23,-0.097,-0.354,-0.363,0.131,-0.333,0.041,-0.259,0.696,0.395,0.637,-0.653,0.547,-0.645,-0.693,0.049,0.109,0.589,-0.617,0.66,0.759,-0.713,-0.411,0.529,0.056,-0.348,0.71,-0.62,0.317,-0.648,0.653,-0.042,-0.425,-0.254,-0.254,0.31,0.666,-0.285,-0.428,0.678,-0.29,0.602,0.709,-0.342,0.503,-0.274,0.545,-0.165,0.55,-0.178,-0.163,0.531,-0.444,-0.251,0.552,-0.533
ARDX,-0.15,0.191,-0.216,0.082,0.769,-0.427,-0.626,1.0,-0.025,-0.152,-0.681,0.105,-0.629,0.293,-0.563,0.237,-0.564,0.344,0.166,0.759,-0.509,-0.431,0.522,-0.164,0.039,0.478,0.64,-0.025,-0.496,0.289,0.556,-0.667,-0.687,-0.649,-0.193,0.456,0.554,0.727,-0.517,0.051,-0.541,-0.574,-0.56,-0.046,-0.302,0.14,0.607,0.574,0.199,0.442,-0.12,0.286,-0.443,-0.366,-0.628,0.775,-0.271,0.603,0.817,-0.063,0.14,-0.704,0.786,-0.526,-0.615,0.721,0.396,-0.388,-0.113,0.332,-0.518,0.614,-0.077,0.519,-0.667,0.308,0.724,0.317,0.102,-0.11,-0.364,0.439,0.615,-0.651,0.267,-0.498,-0.708,0.648,-0.445,0.223,-0.441,0.477,-0.542,0.387,0.6,-0.465,0.503,0.392,-0.477,0.669
AVGO,0.493,-0.342,0.466,0.89,0.086,0.59,0.242,-0.025,1.0,0.147,-0.134,-0.482,0.237,0.448,0.392,-0.39,0.359,0.28,0.119,-0.064,0.415,-0.095,-0.228,0.447,0.593,0.665,0.374,0.591,0.233,0.226,-0.328,0.224,0.214,0.441,0.711,0.188,0.116,0.498,0.066,0.448,-0.24,0.425,0.45,0.935,0.558,0.471,0.284,-0.225,0.595,-0.4,-0.12,0.562,0.241,0.081,0.573,-0.023,0.287,-0.118,-0.019,0.565,0.024,0.405,0.022,0.364,0.303,0.006,-0.0,0.193,-0.325,-0.088,0.273,0.285,0.443,-0.195,0.293,0.654,0.09,0.216,-0.186,0.546,0.611,-0.132,0.179,0.29,-0.332,0.239,0.287,0.21,0.218,0.245,0.667,0.383,0.394,0.402,0.307,0.318,-0.305,0.097,0.55,-0.191
AZN,0.175,-0.188,0.477,0.033,-0.039,0.36,0.154,-0.152,0.147,1.0,0.374,0.237,0.081,-0.079,0.263,0.115,0.142,0.041,0.471,-0.122,0.058,0.304,0.213,0.592,0.401,0.242,0.243,0.573,-0.127,0.362,0.079,0.086,0.082,0.318,0.461,0.095,0.149,-0.134,0.439,0.077,0.226,0.324,0.222,0.105,0.029,0.095,0.323,-0.266,-0.079,-0.222,0.308,0.249,0.025,0.33,0.271,0.109,-0.133,0.177,-0.171,-0.195,0.201,0.111,0.14,0.352,0.238,0.016,-0.066,0.38,-0.417,0.42,0.052,0.004,0.155,0.072,0.126,0.383,0.264,-0.057,0.017,0.321,0.222,0.007,0.265,0.379,0.221,0.185,0.27,0.355,-0.026,0.095,0.218,0.403,0.182,0.33,0.119,0.239,-0.121,0.441,0.405,0.056
BIDU,-0.192,-0.132,0.314,-0.255,-0.556,0.39,0.59,-0.681,-0.134,0.374,1.0,0.263,0.515,-0.425,0.46,-0.026,0.422,-0.244,0.083,-0.526,0.133,0.539,-0.241,0.331,-0.008,-0.351,-0.337,0.184,0.18,-0.205,-0.273,0.45,0.447,0.412,0.169,-0.298,-0.414,-0.676,0.659,-0.343,0.677,0.449,0.463,-0.133,-0.065,-0.359,-0.249,-0.484,-0.22,-0.311,0.205,-0.304,0.357,0.355,0.402,-0.499,0.134,-0.315,-0.636,-0.119,-0.039,0.427,-0.503,0.542,0.524,-0.571,-0.345,0.441,0.15,0.042,0.281,-0.676,-0.004,-0.311,0.433,-0.141,-0.424,-0.425,-0.203,-0.099,0.162,-0.271,-0.252,0.469,-0.013,0.511,0.487,-0.262,0.219,-0.375,0.206,-0.24,0.223,-0.296,-0.327,0.185,-0.475,-0.059,0.327,-0.364
BILI,-0.506,0.491,-0.061,-0.523,0.13,-0.372,-0.245,0.105,-0.482,0.237,0.263,1.0,-0.226,-0.168,-0.331,0.462,-0.277,0.005,0.316,0.166,-0.432,0.28,0.382,-0.022,-0.145,-0.261,0.037,-0.089,-0.346,-0.015,0.485,-0.21,-0.21,-0.225,-0.329,0.134,0.068,-0.186,0.312,-0.498,0.448,-0.348,-0.383,-0.499,-0.319,-0.183,0.24,0.152,-0.36,0.187,0.278,-0.189,-0.174,-0.059,-0.352,0.309,-0.268,0.558,0.08,-0.388,0.034,-0.41,0.32,-0.184,-0.23,0.183,0.098,0.083,0.241,0.369,-0.305,-0.051,-0.27,0.359,-0.203,-0.042,0.223,-0.112,0.172,-0.326,-0.494,0.291,0.108,-0.378,0.316,-0.095,-0.407,0.093,-0.258,-0.177,-0.423,0.04,-0.482,-0.084,-0.005,-0.322,0.124,0.547,-0.335,0.363
BKR,0.122,0.028,0.378,0.236,-0.758,0.725,0.917,-0.629,0.237,0.081,0.515,-0.226,1.0,-0.137,0.843,-0.013,0.759,-0.24,0.076,-0.513,0.588,0.549,-0.583,0.34,0.261,-0.316,-0.378,0.268,0.752,-0.304,-0.369,0.775,0.748,0.678,0.485,-0.08,-0.472,-0.38,0.385,-0.131,0.502,0.679,0.657,0.294,0.331,-0.097,-0.37,-0.228,0.173,-0.18,0.06,-0.363,0.79,0.359,0.562,-0.745,0.665,-0.641,-0.676,0.107,0.121,0.607,-0.574,0.49,0.705,-0.704,-0.258,0.512,0.216,-0.443,0.806,-0.605,0.233,-0.607,0.74,-0.098,-0.47,-0.188,-0.19,0.216,0.594,-0.153,-0.545,0.574,-0.339,0.481,0.637,-0.421,0.625,-0.248,0.493,-0.206,0.59,-0.277,-0.248,0.537,-0.381,-0.239,0.396,-0.466
CAN,0.491,0.054,0.406,0.559,0.347,0.012,-0.18,0.293,0.448,-0.079,-0.425,-0.168,-0.137,1.0,-0.153,0.106,-0.017,0.3,0.216,0.401,0.155,-0.226,0.039,0.098,0.589,0.448,0.216,0.352,-0.015,0.276,0.196,-0.243,-0.263,0.09,0.328,0.445,0.403,0.682,-0.136,0.498,-0.263,-0.061,-0.015,0.514,0.403,0.873,0.356,0.241,0.3,0.06,0.081,0.314,-0.085,0.064,0.048,0.308,-0.044,0.351,0.365,0.333,0.242,0.051,0.361,-0.069,-0.261,0.383,0.236,-0.093,-0.074,0.187,0.0,0.657,0.231,0.322,-0.055,0.269,0.474,0.808,0.266,0.515,0.144,0.361,0.132,-0.259,-0.072,-0.32,-0.227,0.203,0.035,0.435,0.346,0.435,0.251,0.297,0.378,0.209,0.352,0.329,0.015,0.298
CHRD,0.208,-0.169,0.469,0.334,-0.565,0.849,0.869,-0.563,0.392,0.263,0.46,-0.331,0.843,-0.153,1.0,-0.155,0.759,-0.328,0.038,-0.538,0.484,0.499,-0.56,0.615,0.376,-0.023,-0.16,0.433,0.713,-0.003,-0.477,0.816,0.781,0.751,0.708,-0.153,-0.361,-0.298,0.435,-0.049,0.409,0.878,0.837,0.453,0.236,-0.049,-0.237,-0.448,0.21,-0.371,0.03,-0.006,0.633,0.361,0.667,-0.575,0.526,-0.601,-0.555,0.076,0.151,0.516,-0.577,0.635,0.751,-0.668,-0.42,0.517,-0.042,-0.347,0.793,-0.487,0.423,-0.673,0.686,0.127,-0.372,-0.262,-0.286,0.378,0.766,-0.283,-0.327,0.715,-0.334,0.594,0.718,-0.148,0.482,-0.105,0.602,-0.078,0.586,0.058,-0.09,0.525,-0.534,-0.197,0.61,-0.517
CMCSA,-0.107,0.583,0.228,-0.261,0.104,-0.202,-0.126,0.237,-0.39,0.115,-0.026,0.462,-0.013,0.106,-0.155,1.0,0.009,0.112,0.642,0.354,-0.164,0.338,0.284,-0.014,0.222,-0.214,-0.109,0.058,0.069,-0.274,0.722,-0.003,-0.026,-0.052,-0.096,0.421,0.22,0.064,0.011,-0.032,0.321,-0.165,-0.21,-0.311,-0.056,0.053,0.244,0.622,-0.31,0.643,0.56,-0.42,0.156,0.259,-0.391,0.249,0.024,0.4,0.207,-0.106,0.39,-0.225,0.343,-0.449,-0.414,0.1,0.511,0.014,0.243,0.241,0.215,-0.047,-0.309,0.394,0.072,-0.211,0.38,0.366,0.593,-0.265,-0.331,0.723,0.122,-0.381,0.321,-0.502,-0.346,0.06,0.188,0.1,-0.184,0.283,-0.116,-0.049,-0.066,0.08,0.526,0.405,-0.456,0.625
CPRT,0.31,-0.011,0.412,0.381,-0.554,0.797,0.737,-0.564,0.359,0.142,0.422,-0.277,0.759,-0.017,0.759,0.009,1.0,-0.035,0.191,-0.439,0.522,0.656,-0.415,0.363,0.341,-0.14,-0.381,0.294,0.705,-0.279,-0.265,0.784,0.746,0.703,0.526,-0.043,-0.34,-0.246,0.329,0.159,0.502,0.656,0.67,0.455,0.491,0.006,-0.22,-0.292,0.118,-0.046,0.1,-0.211,0.839,0.505,0.536,-0.568,0.593,-0.435,-0.516,0.297,0.29,0.571,-0.525,0.362,0.514,-0.525,0.003,0.371,0.138,-0.4,0.775,-0.433,0.171,-0.529,0.866,-0.041,-0.391,-0.063,0.073,0.186,0.554,-0.045,-0.335,0.457,-0.296,0.299,0.484,-0.356,0.8,-0.093,0.581,-0.054,0.636,-0.183,-0.207,0.509,-0.337,-0.237,0.377,-0.397
CRWD,0.062,0.119,0.028,0.334,0.328,0.027,-0.334,0.344,0.28,0.041,-0.244,0.005,-0.24,0.3,-0.328,0.112,-0.035,1.0,0.299,0.231,0.093,-0.079,0.352,-0.191,0.158,0.296,0.259,0.167,-0.294,-0.133,0.415,-0.257,-0.232,-0.128,-0.03,0.282,0.202,0.436,-0.196,0.426,-0.147,-0.332,-0.374,0.237,0.302,0.24,0.427,0.271,0.35,0.362,0.091,0.148,0.089,0.107,-0.241,0.328,0.177,0.353,0.331,0.537,0.013,-0.098,0.556,-0.437,-0.372,0.448,0.713,-0.167,-0.022,0.315,-0.151,0.349,-0.277,0.318,0.029,0.26,0.331,0.41,0.441,-0.144,-0.242,0.342,0.438,-0.376,0.157,-0.367,-0.39,0.21,-0.031,0.243,-0.032,0.253,-0.14,-0.052,0.174,-0.098,0.245,0.172,-0.175,0.458
CSCO,0.145,0.198,0.587,0.121,0.1,0.168,0.07,0.166,0.119,0.471,0.083,0.316,0.076,0.216,0.038,0.642,0.191,0.299,1.0,0.286,-0.007,0.332,0.282,0.34,0.6,0.214,0.15,0.575,-0.067,-0.076,0.558,0.045,0.02,0.18,0.337,0.544,0.332,0.219,0.246,0.107,0.225,0.135,0.047,0.136,0.243,0.19,0.433,0.355,-0.141,0.287,0.534,-0.099,0.25,0.308,-0.002,0.288,0.045,0.339,0.051,0.038,0.323,-0.011,0.371,-0.074,-0.16,0.16,0.445,0.195,-0.183,0.419,0.226,0.074,-0.157,0.32,0.13,0.237,0.528,0.295,0.409,0.07,-0.033,0.6,0.352,-0.145,0.218,-0.169,-0.145,0.27,0.191,0.09,0.132,0.553,0.085,0.213,0.141,0.24,0.307,0.603,0.014,0.524
CSX,-0.103,0.257,-0.073,0.047,0.655,-0.431,-0.54,0.759,-0.064,-0.122,-0.526,0.166,-0.513,0.401,-0.538,0.354,-0.439,0.231,0.286,1.0,-0.427,-0.328,0.433,-0.048,0.251,0.331,0.487,0.083,-0.406,0.283,0.551,-0.598,-0.634,-0.459,-0.102,0.664,0.499,0.662,-0.402,0.064,-0.444,-0.46,-0.418,-0.034,-0.157,0.238,0.553,0.715,0.098,0.391,-0.145,0.154,-0.315,-0.424,-0.527,0.665,-0.293,0.537,0.632,-0.113,0.188,-0.547,0.647,-0.502,-0.545,0.709,0.354,-0.279,-0.002,0.362,-0.404,0.581,-0.06,0.628,-0.534,0.258,0.711,0.294,0.16,-0.043,-0.369,0.539,0.359,-0.621,0.266,-0.511,-0.602,0.473,-0.217,0.215,-0.274,0.525,-0.307,0.333,0.584,-0.265,0.503,0.501,-0.46,0.542
DKNG,0.415,-0.115,0.312,0.405,-0.582,0.497,0.478,-0.509,0.415,0.058,0.133,-0.432,0.588,0.155,0.484,-0.164,0.522,0.093,-0.007,-0.427,1.0,0.05,-0.475,0.061,0.269,-0.076,-0.346,0.186,0.512,-0.199,-0.421,0.512,0.52,0.569,0.336,-0.047,-0.344,-0.176,0.127,0.244,0.121,0.458,0.411,0.422,0.775,0.186,-0.398,-0.155,0.294,-0.169,0.119,-0.22,0.555,0.333,0.587,-0.62,0.598,-0.5,-0.56,0.458,-0.119,0.69,-0.43,0.223,0.381,-0.502,-0.031,0.341,0.109,-0.438,0.601,-0.215,0.158,-0.428,0.6,-0.12,-0.44,0.127,-0.008,0.286,0.477,-0.192,-0.455,0.514,-0.289,0.275,0.566,-0.523,0.561,0.143,0.623,-0.218,0.587,-0.347,-0.332,0.543,-0.193,-0.288,0.397,-0.372
EBAY,-0.116,0.246,0.306,-0.082,-0.397,0.442,0.516,-0.431,-0.095,0.304,0.539,0.28,0.549,-0.226,0.499,0.338,0.656,-0.079,0.332,-0.328,0.05,1.0,-0.01,0.293,0.109,-0.384,-0.385,0.136,0.43,-0.288,0.127,0.546,0.529,0.469,0.225,-0.002,-0.256,-0.36,0.463,-0.098,0.786,0.314,0.305,-0.031,0.029,-0.197,-0.019,-0.202,-0.181,0.106,0.232,-0.287,0.584,0.446,0.108,-0.303,0.258,-0.107,-0.317,-0.063,0.382,0.125,-0.277,0.165,0.253,-0.354,0.098,0.366,0.294,-0.078,0.498,-0.435,-0.144,-0.316,0.64,-0.094,-0.203,-0.199,0.217,-0.119,0.098,0.114,-0.147,0.127,0.082,0.148,0.146,-0.158,0.442,-0.35,0.098,0.009,0.255,-0.183,-0.219,0.195,-0.24,0.054,0.043,-0.115
ERIC,-0.221,0.151,-0.12,-0.196,0.517,-0.335,-0.537,0.522,-0.228,0.213,-0.241,0.382,-0.583,0.039,-0.56,0.284,-0.415,0.352,0.282,0.433,-0.475,-0.01,1.0,-0.132,-0.071,0.192,0.316,0.005,-0.534,0.089,0.562,-0.44,-0.423,-0.298,-0.277,0.304,0.341,0.254,-0.103,0.151,-0.099,-0.511,-0.531,-0.301,-0.274,-0.017,0.485,0.237,-0.156,0.281,-0.025,0.101,-0.296,0.015,-0.5,0.676,-0.355,0.629,0.411,-0.125,0.213,-0.531,0.581,-0.372,-0.53,0.504,0.364,-0.125,-0.032,0.557,-0.525,0.348,-0.312,0.462,-0.412,0.182,0.546,0.094,0.329,-0.268,-0.484,0.346,0.623,-0.487,0.568,-0.389,-0.522,0.45,-0.372,0.001,-0.414,0.388,-0.454,0.272,0.272,-0.392,0.322,0.448,-0.393,0.491
EXC,0.274,-0.272,0.648,0.323,-0.073,0.564,0.447,-0.164,0.447,0.592,0.331,-0.022,0.34,0.098,0.615,-0.014,0.363,-0.191,0.34,-0.048,0.061,0.293,-0.132,1.0,0.674,0.4,0.32,0.729,0.189,0.415,-0.147,0.352,0.313,0.573,0.816,0.225,0.097,0.083,0.502,0.034,0.203,0.65,0.628,0.475,0.083,0.234,0.261,-0.297,0.077,-0.414,0.096,0.396,0.182,0.194,0.429,0.013,-0.03,-0.118,-0.212,-0.058,0.192,0.161,-0.083,0.588,0.442,-0.132,-0.31,0.336,-0.376,0.173,0.369,-0.013,0.508,-0.212,0.257,0.464,0.214,-0.092,-0.226,0.563,0.568,-0.034,0.098,0.402,-0.157,0.416,0.372,0.37,0.151,0.08,0.519,0.378,0.392,0.488,0.384,0.362,-0.309,0.303,0.503,-0.161
FITB,0.552,-0.092,0.794,0.611,0.07,0.454,0.267,0.039,0.593,0.401,-0.008,-0.145,0.261,0.589,0.376,0.222,0.341,0.158,0.6,0.251,0.269,0.109,-0.071,0.674,1.0,0.502,0.304,0.805,0.189,0.312,0.116,0.179,0.146,0.511,0.834,0.588,0.354,0.459,0.235,0.36,-0.011,0.471,0.442,0.668,0.452,0.615,0.453,0.145,0.214,-0.073,0.287,0.298,0.243,0.196,0.361,0.119,0.084,0.069,-0.02,0.266,0.339,0.265,0.216,0.259,0.171,0.104,0.131,0.259,-0.343,0.27,0.426,0.28,0.41,0.161,0.236,0.492,0.475,0.443,0.132,0.64,0.476,0.39,0.137,0.176,-0.146,0.036,0.2,0.314,0.286,0.396,0.58,0.641,0.506,0.458,0.421,0.539,0.135,0.513,0.39,0.203
FLEX,0.249,-0.323,0.381,0.584,0.503,0.192,-0.214,0.478,0.665,0.242,-0.351,-0.261,-0.316,0.448,-0.023,-0.214,-0.14,0.296,0.214,0.331,-0.076,-0.384,0.192,0.4,0.502,1.0,0.717,0.625,-0.286,0.521,-0.012,-0.207,-0.228,0.055,0.472,0.341,0.373,0.683,-0.192,0.364,-0.563,0.122,0.139,0.602,0.138,0.429,0.539,-0.02,0.436,-0.274,-0.044,0.641,-0.227,-0.036,0.175,0.549,-0.108,0.299,0.374,0.261,0.041,-0.016,0.404,0.16,-0.112,0.388,0.043,-0.083,-0.54,0.369,-0.177,0.546,0.358,0.145,-0.263,0.671,0.538,0.243,-0.144,0.427,0.239,-0.009,0.635,-0.002,-0.033,-0.083,-0.048,0.648,-0.22,0.366,0.318,0.582,-0.075,0.652,0.608,-0.033,-0.046,0.377,0.268,0.196
FTNT,-0.04,-0.148,0.098,0.319,0.615,0.008,-0.301,0.64,0.374,0.243,-0.337,0.037,-0.378,0.216,-0.16,-0.109,-0.381,0.259,0.15,0.487,-0.346,-0.385,0.316,0.32,0.304,0.717,1.0,0.421,-0.45,0.537,0.137,-0.405,-0.426,-0.263,0.267,0.313,0.44,0.603,-0.093,0.019,-0.478,-0.128,-0.103,0.308,-0.267,0.205,0.637,0.143,0.485,-0.123,-0.119,0.613,-0.367,-0.339,-0.15,0.62,-0.145,0.37,0.479,-0.048,-0.065,-0.424,0.608,-0.015,-0.042,0.532,0.006,0.103,-0.416,0.426,-0.405,0.538,0.387,0.331,-0.487,0.734,0.597,0.097,-0.233,0.248,0.149,0.074,0.544,-0.111,0.059,0.004,-0.218,0.729,-0.484,0.317,-0.023,0.511,-0.311,0.666,0.758,-0.221,0.055,0.532,0.089,0.349
GEN,0.315,-0.282,0.818,0.485,0.029,0.571,0.352,-0.025,0.591,0.573,0.184,-0.089,0.268,0.352,0.433,0.058,0.294,0.167,0.575,0.083,0.186,0.136,0.005,0.729,0.805,0.625,0.421,1.0,0.038,0.302,-0.012,0.237,0.202,0.518,0.8,0.364,0.17,0.289,0.352,0.237,-0.026,0.553,0.522,0.587,0.303,0.418,0.379,-0.084,0.283,-0.3,0.242,0.318,0.228,0.307,0.477,0.177,0.119,0.042,-0.118,0.179,0.227,0.322,0.137,0.466,0.306,0.004,-0.036,0.321,-0.471,0.376,0.297,0.141,0.392,-0.005,0.2,0.58,0.419,0.191,-0.039,0.534,0.509,0.072,0.322,0.319,-0.036,0.239,0.318,0.381,0.16,0.211,0.575,0.548,0.323,0.479,0.413,0.404,-0.128,0.466,0.539,0.073
GERN,0.244,0.168,0.17,0.296,-0.562,0.547,0.604,-0.496,0.233,-0.127,0.18,-0.346,0.752,-0.015,0.713,0.069,0.705,-0.294,-0.067,-0.406,0.512,0.43,-0.534,0.189,0.189,-0.286,-0.45,0.038,1.0,-0.342,-0.3,0.734,0.721,0.582,0.361,-0.131,-0.427,-0.215,0.154,0.071,0.395,0.552,0.555,0.334,0.351,-0.003,-0.38,-0.132,0.144,-0.019,0.024,-0.309,0.673,0.313,0.413,-0.632,0.65,-0.516,-0.421,0.188,0.295,0.478,-0.584,0.191,0.433,-0.616,-0.151,0.296,0.254,-0.598,0.824,-0.43,0.168,-0.534,0.711,-0.18,-0.407,-0.042,-0.046,0.118,0.497,-0.022,-0.492,0.384,-0.329,0.192,0.452,-0.421,0.639,-0.071,0.398,-0.191,0.575,-0.095,-0.297,0.431,-0.305,-0.312,0.194,-0.378
GEVO,0.134,-0.23,0.127,0.151,0.432,-0.022,-0.198,0.289,0.226,0.362,-0.205,-0.015,-0.304,0.276,-0.003,-0.274,-0.279,-0.133,-0.076,0.283,-0.199,-0.288,0.089,0.415,0.312,0.521,0.537,0.302,-0.342,1.0,-0.039,-0.352,-0.373,-0.069,0.347,0.264,0.464,0.384,-0.074,0.051,-0.357,0.064,-0.027,0.202,-0.194,0.396,0.444,-0.162,0.078,-0.33,-0.192,0.707,-0.493,-0.308,0.028,0.42,-0.481,0.274,0.349,-0.196,0.148,-0.247,0.307,0.271,0.034,0.402,-0.303,-0.077,-0.437,0.365,-0.332,0.562,0.426,0.248,-0.427,0.457,0.433,0.088,-0.294,0.588,0.115,-0.064,0.262,0.085,0.002,0.042,-0.002,0.607,-0.365,0.237,0.029,0.425,0.029,0.595,0.599,-0.071,0.035,0.364,0.23,-0.004
GILD,-0.177,0.555,-0.022,-0.204,0.497,-0.363,-0.441,0.556,-0.328,0.079,-0.273,0.485,-0.369,0.196,-0.477,0.722,-0.265,0.415,0.558,0.551,-0.421,0.127,0.562,-0.147,0.116,-0.012,0.137,-0.012,-0.3,-0.039,1.0,-0.377,-0.378,-0.377,-0.245,0.473,0.466,0.35,-0.142,0.066,0.082,-0.484,-0.577,-0.316,-0.193,0.161,0.542,0.647,-0.228,0.684,0.284,-0.085,-0.119,0.02,-0.684,0.635,-0.185,0.673,0.571,-0.046,0.4,-0.549,0.707,-0.596,-0.679,0.547,0.68,-0.261,0.11,0.439,-0.199,0.326,-0.418,0.663,-0.248,0.015,0.691,0.416,0.611,-0.276,-0.602,0.782,0.449,-0.681,0.373,-0.628,-0.678,0.338,-0.132,0.086,-0.442,0.429,-0.36,0.13,0.221,-0.182,0.547,0.477,-0.65,0.749
GOOG,0.144,0.037,0.342,0.213,-0.655,0.714,0.769,-0.667,0.224,0.086,0.45,-0.21,0.775,-0.243,0.816,-0.003,0.784,-0.257,0.045,-0.598,0.512,0.546,-0.44,0.352,0.179,-0.207,-0.405,0.237,0.734,-0.352,-0.377,1.0,0.992,0.814,0.442,-0.166,-0.524,-0.44,0.436,0.018,0.537,0.712,0.706,0.285,0.347,-0.133,-0.385,-0.329,0.085,-0.218,0.113,-0.284,0.751,0.456,0.559,-0.587,0.624,-0.575,-0.658,0.182,0.098,0.547,-0.638,0.432,0.601,-0.742,-0.233,0.444,0.147,-0.449,0.839,-0.608,0.155,-0.632,0.818,-0.079,-0.532,-0.274,-0.062,0.123,0.589,-0.211,-0.409,0.58,-0.285,0.462,0.653,-0.441,0.639,-0.095,0.531,-0.232,0.476,-0.2,-0.354,0.505,-0.494,-0.287,0.393,-0.516
GOOGL,0.153,0.032,0.311,0.206,-0.665,0.681,0.729,-0.687,0.214,0.082,0.447,-0.21,0.748,-0.263,0.781,-0.026,0.746,-0.232,0.02,-0.634,0.52,0.529,-0.423,0.313,0.146,-0.228,-0.426,0.202,0.721,-0.373,-0.378,0.992,1.0,0.803,0.412,-0.187,-0.536,-0.457,0.441,0.029,0.541,0.669,0.665,0.27,0.364,-0.134,-0.398,-0.341,0.081,-0.221,0.108,-0.283,0.719,0.43,0.544,-0.603,0.604,-0.586,-0.669,0.203,0.076,0.547,-0.639,0.41,0.596,-0.742,-0.215,0.437,0.147,-0.456,0.826,-0.604,0.111,-0.618,0.802,-0.09,-0.557,-0.281,-0.048,0.096,0.563,-0.221,-0.417,0.581,-0.285,0.468,0.661,-0.466,0.613,-0.099,0.494,-0.256,0.467,-0.224,-0.389,0.512,-0.5,-0.299,0.383,-0.519
GT,0.387,-0.159,0.633,0.394,-0.558,0.719,0.678,-0.649,0.441,0.318,0.412,-0.225,0.678,0.09,0.751,-0.052,0.703,-0.128,0.18,-0.459,0.569,0.469,-0.298,0.573,0.511,0.055,-0.263,0.518,0.582,-0.069,-0.377,0.814,0.803,1.0,0.673,0.036,-0.319,-0.232,0.48,0.291,0.409,0.78,0.757,0.491,0.481,0.207,-0.165,-0.392,0.083,-0.419,0.188,-0.024,0.597,0.505,0.674,-0.45,0.41,-0.434,-0.604,0.256,0.143,0.636,-0.458,0.529,0.55,-0.531,-0.24,0.457,-0.049,-0.133,0.733,-0.304,0.297,-0.489,0.752,0.113,-0.314,-0.055,-0.009,0.442,0.635,-0.148,-0.287,0.581,-0.254,0.389,0.657,-0.221,0.542,0.106,0.76,0.034,0.641,0.012,-0.152,0.595,-0.432,-0.035,0.55,-0.466
HBAN,0.521,-0.296,0.754,0.635,-0.127,0.722,0.533,-0.193,0.711,0.461,0.169,-0.329,0.485,0.328,0.708,-0.096,0.526,-0.03,0.337,-0.102,0.336,0.225,-0.277,0.816,0.834,0.472,0.267,0.8,0.361,0.347,-0.245,0.442,0.412,0.673,1.0,0.273,0.131,0.226,0.326,0.3,0.055,0.729,0.716,0.744,0.393,0.432,0.253,-0.248,0.284,-0.346,0.07,0.41,0.33,0.235,0.623,-0.125,0.175,-0.22,-0.204,0.194,0.282,0.412,-0.087,0.583,0.545,-0.146,-0.162,0.387,-0.401,0.038,0.549,0.064,0.561,-0.201,0.426,0.538,0.162,0.155,-0.131,0.703,0.764,-0.004,0.028,0.51,-0.282,0.372,0.505,0.277,0.354,0.246,0.709,0.448,0.593,0.461,0.319,0.586,-0.221,0.237,0.658,-0.198
HST,0.14,0.316,0.308,0.308,0.326,-0.05,-0.163,0.456,0.188,0.095,-0.298,0.134,-0.08,0.445,-0.153,0.421,-0.043,0.282,0.544,0.664,-0.047,-0.002,0.304,0.225,0.588,0.341,0.313,0.364,-0.131,0.264,0.473,-0.166,-0.187,0.036,0.273,1.0,0.476,0.621,-0.157,0.177,-0.114,-0.144,-0.183,0.245,0.232,0.394,0.565,0.631,0.12,0.37,0.065,0.093,0.082,-0.199,-0.228,0.404,-0.061,0.331,0.335,0.133,0.369,-0.208,0.548,-0.259,-0.28,0.395,0.407,-0.114,0.035,0.324,0.072,0.432,-0.022,0.442,-0.118,0.279,0.599,0.372,0.192,0.209,-0.128,0.648,0.227,-0.379,0.049,-0.332,-0.305,0.357,0.134,0.206,-0.012,0.619,0.067,0.216,0.482,0.088,0.463,0.547,-0.226,0.466
INTC,0.323,-0.019,0.154,0.136,0.633,-0.266,-0.418,0.554,0.116,0.149,-0.414,0.068,-0.472,0.403,-0.361,0.22,-0.34,0.202,0.332,0.499,-0.344,-0.256,0.341,0.097,0.354,0.373,0.44,0.17,-0.427,0.464,0.466,-0.524,-0.536,-0.319,0.131,0.476,1.0,0.543,-0.237,0.275,-0.336,-0.236,-0.281,0.109,-0.094,0.409,0.659,0.344,-0.13,0.258,0.075,0.486,-0.44,-0.276,-0.237,0.567,-0.532,0.475,0.619,-0.02,0.261,-0.399,0.665,-0.171,-0.369,0.598,0.323,-0.224,-0.21,0.514,-0.304,0.601,0.054,0.541,-0.458,0.349,0.659,0.487,0.205,0.257,-0.17,0.478,0.476,-0.325,0.142,-0.398,-0.391,0.539,-0.282,0.308,-0.1,0.622,-0.006,0.45,0.407,-0.059,0.455,0.428,-0.092,0.471
IOVA,0.246,0.06,0.108,0.59,0.687,-0.1,-0.415,0.727,0.498,-0.134,-0.676,-0.186,-0.38,0.682,-0.298,0.064,-0.246,0.436,0.219,0.662,-0.176,-0.36,0.254,0.083,0.459,0.683,0.603,0.289,-0.215,0.384,0.35,-0.44,-0.457,-0.232,0.226,0.621,0.543,1.0,-0.415,0.425,-0.522,-0.267,-0.267,0.51,0.134,0.589,0.654,0.479,0.44,0.227,-0.1,0.522,-0.226,-0.265,-0.276,0.629,-0.113,0.44,0.7,0.357,0.216,-0.312,0.674,-0.331,-0.438,0.632,0.4,-0.327,-0.226,0.267,-0.21,0.764,0.1,0.422,-0.331,0.511,0.68,0.567,0.083,0.272,-0.055,0.44,0.498,-0.492,-0.04,-0.424,-0.49,0.584,-0.187,0.381,-0.005,0.636,-0.066,0.501,0.647,-0.132,0.387,0.382,-0.182,0.508
IQ,0.056,-0.145,0.471,-0.018,-0.341,0.415,0.503,-0.517,0.066,0.439,0.659,0.312,0.385,-0.136,0.435,0.011,0.329,-0.196,0.246,-0.402,0.127,0.463,-0.103,0.502,0.235,-0.192,-0.093,0.352,0.154,-0.074,-0.142,0.436,0.441,0.48,0.326,-0.157,-0.237,-0.415,1.0,-0.237,0.668,0.38,0.4,0.068,0.031,-0.03,-0.068,-0.428,-0.076,-0.397,0.275,-0.041,0.266,0.317,0.316,-0.243,0.113,-0.168,-0.515,-0.028,-0.015,0.164,-0.309,0.483,0.43,-0.398,-0.316,0.551,-0.017,-0.0,0.255,-0.328,0.159,-0.257,0.338,0.144,-0.138,-0.248,-0.092,0.197,0.368,-0.171,-0.165,0.39,-0.001,0.607,0.387,-0.171,0.078,-0.194,0.29,-0.013,0.184,0.036,-0.084,0.266,-0.354,0.127,0.389,-0.214
JBLU,0.646,-0.218,0.273,0.488,0.211,0.203,-0.129,0.051,0.448,0.077,-0.343,-0.498,-0.131,0.498,-0.049,-0.032,0.159,0.426,0.107,0.064,0.244,-0.098,0.151,0.034,0.36,0.364,0.019,0.237,0.071,0.051,0.066,0.018,0.029,0.291,0.3,0.177,0.275,0.425,-0.237,1.0,-0.295,0.095,0.05,0.446,0.431,0.545,0.239,0.032,0.133,0.1,0.06,0.298,0.053,0.303,0.132,0.18,0.004,0.07,0.254,0.508,0.295,0.249,0.22,-0.136,-0.2,0.255,0.405,-0.196,-0.279,0.158,0.124,0.414,0.042,0.136,0.261,0.176,0.208,0.588,0.442,0.3,0.148,0.17,0.283,-0.041,-0.005,-0.374,-0.024,0.131,0.189,0.485,0.393,0.362,0.389,0.199,0.046,0.247,0.215,-0.068,0.13,0.092
JD,-0.19,0.332,0.203,-0.216,-0.443,0.293,0.467,-0.541,-0.24,0.226,0.677,0.448,0.502,-0.263,0.409,0.321,0.502,-0.147,0.225,-0.444,0.121,0.786,-0.099,0.203,-0.011,-0.563,-0.478,-0.026,0.395,-0.357,0.082,0.537,0.541,0.409,0.055,-0.114,-0.336,-0.522,0.668,-0.295,1.0,0.269,0.228,-0.177,0.014,-0.207,-0.168,-0.224,-0.255,0.067,0.348,-0.365,0.496,0.435,0.076,-0.364,0.263,-0.112,-0.427,-0.016,0.164,0.12,-0.347,0.158,0.224,-0.475,-0.047,0.38,0.441,-0.123,0.457,-0.509,-0.161,-0.286,0.578,-0.241,-0.329,-0.189,0.159,-0.184,0.017,0.108,-0.297,0.118,0.032,0.29,0.149,-0.341,0.318,-0.322,0.045,-0.206,0.17,-0.319,-0.377,0.168,-0.273,-0.027,-0.045,-0.115
KDP,0.311,-0.304,0.582,0.291,-0.472,0.75,0.75,-0.574,0.425,0.324,0.449,-0.348,0.679,-0.061,0.878,-0.165,0.656,-0.332,0.135,-0.46,0.458,0.314,-0.511,0.65,0.471,0.122,-0.128,0.553,0.552,0.064,-0.484,0.712,0.669,0.78,0.729,-0.144,-0.236,-0.267,0.38,0.095,0.269,1.0,0.911,0.461,0.279,0.051,-0.216,-0.46,0.038,-0.463,0.129,0.085,0.484,0.416,0.761,-0.444,0.344,-0.531,-0.528,0.104,0.082,0.638,-0.527,0.679,0.655,-0.562,-0.437,0.401,-0.209,-0.118,0.704,-0.38,0.451,-0.53,0.618,0.141,-0.293,-0.155,-0.213,0.441,0.711,-0.253,-0.213,0.71,-0.307,0.535,0.729,-0.073,0.417,0.093,0.757,-0.006,0.615,0.154,-0.121,0.556,-0.495,-0.136,0.665,-0.492
KHC,0.322,-0.348,0.587,0.336,-0.505,0.726,0.742,-0.56,0.45,0.222,0.463,-0.383,0.657,-0.015,0.837,-0.21,0.67,-0.374,0.047,-0.418,0.411,0.305,-0.531,0.628,0.442,0.139,-0.103,0.522,0.555,-0.027,-0.577,0.706,0.665,0.757,0.716,-0.183,-0.281,-0.267,0.4,0.05,0.228,0.911,1.0,0.496,0.266,0.038,-0.271,-0.46,0.131,-0.512,0.058,0.05,0.462,0.34,0.766,-0.507,0.348,-0.576,-0.566,0.058,0.012,0.632,-0.604,0.707,0.697,-0.566,-0.477,0.463,-0.146,-0.232,0.662,-0.391,0.535,-0.544,0.602,0.134,-0.348,-0.195,-0.288,0.434,0.785,-0.319,-0.303,0.727,-0.356,0.561,0.758,-0.122,0.451,0.078,0.789,-0.052,0.563,0.146,-0.096,0.559,-0.547,-0.163,0.666,-0.558
LRCX,0.584,-0.276,0.478,0.949,0.057,0.628,0.287,-0.046,0.935,0.105,-0.133,-0.499,0.294,0.514,0.453,-0.311,0.455,0.237,0.136,-0.034,0.422,-0.031,-0.301,0.475,0.668,0.602,0.308,0.587,0.334,0.202,-0.316,0.285,0.27,0.491,0.744,0.245,0.109,0.51,0.068,0.446,-0.177,0.461,0.496,1.0,0.571,0.529,0.286,-0.159,0.625,-0.308,-0.071,0.492,0.327,0.072,0.549,-0.098,0.323,-0.165,-0.034,0.557,0.078,0.385,0.005,0.305,0.324,-0.048,0.01,0.193,-0.286,-0.093,0.389,0.267,0.434,-0.219,0.333,0.59,0.072,0.281,-0.148,0.562,0.65,-0.019,0.07,0.275,-0.378,0.21,0.273,0.153,0.281,0.32,0.673,0.382,0.53,0.346,0.33,0.408,-0.246,0.104,0.549,-0.137
LYFT,0.567,-0.043,0.405,0.54,-0.324,0.387,0.23,-0.302,0.558,0.029,-0.065,-0.319,0.331,0.403,0.236,-0.056,0.491,0.302,0.243,-0.157,0.775,0.029,-0.274,0.083,0.452,0.138,-0.267,0.303,0.351,-0.194,-0.193,0.347,0.364,0.481,0.393,0.232,-0.094,0.134,0.031,0.431,0.014,0.279,0.266,0.571,1.0,0.402,-0.166,0.016,0.199,-0.014,0.092,-0.108,0.474,0.235,0.536,-0.342,0.381,-0.196,-0.334,0.552,0.05,0.621,-0.211,0.091,0.186,-0.198,0.244,0.161,0.026,-0.296,0.505,0.042,0.043,-0.173,0.509,-0.01,-0.166,0.337,0.252,0.28,0.361,0.064,-0.238,0.236,-0.292,0.074,0.31,-0.391,0.616,0.176,0.589,0.018,0.547,-0.242,-0.208,0.528,0.012,-0.059,0.334,-0.169
MARA,0.628,-0.038,0.428,0.561,0.34,0.085,-0.097,0.14,0.471,0.095,-0.359,-0.183,-0.097,0.873,-0.049,0.053,0.006,0.24,0.19,0.238,0.186,-0.197,-0.017,0.234,0.615,0.429,0.205,0.418,-0.003,0.396,0.161,-0.133,-0.134,0.207,0.432,0.394,0.409,0.589,-0.03,0.545,-0.207,0.051,0.038,0.529,0.402,1.0,0.327,0.156,0.249,-0.071,0.131,0.458,-0.14,0.103,0.118,0.287,-0.108,0.243,0.288,0.372,0.259,0.118,0.331,0.059,-0.159,0.317,0.153,-0.118,-0.245,0.195,0.064,0.644,0.319,0.309,-0.008,0.283,0.441,0.801,0.286,0.678,0.223,0.283,0.097,-0.071,-0.184,-0.234,-0.059,0.212,0.006,0.47,0.407,0.423,0.366,0.373,0.378,0.426,0.259,0.259,0.144,0.182
MCHP,0.042,0.133,0.231,0.332,0.707,-0.019,-0.354,0.607,0.284,0.323,-0.249,0.24,-0.37,0.356,-0.237,0.244,-0.22,0.427,0.433,0.553,-0.398,-0.019,0.485,0.261,0.453,0.539,0.637,0.379,-0.38,0.444,0.542,-0.385,-0.398,-0.165,0.253,0.565,0.659,0.654,-0.068,0.239,-0.168,-0.216,-0.271,0.286,-0.166,0.327,1.0,0.277,0.219,0.233,0.101,0.528,-0.227,-0.13,-0.283,0.677,-0.275,0.642,0.632,0.145,0.389,-0.43,0.805,-0.207,-0.339,0.608,0.414,-0.056,-0.23,0.645,-0.287,0.545,0.042,0.53,-0.318,0.718,0.738,0.345,0.158,0.132,-0.159,0.467,0.687,-0.396,0.298,-0.311,-0.452,0.698,-0.293,0.295,-0.132,0.851,-0.158,0.531,0.629,-0.194,0.268,0.701,-0.103,0.591
MDLZ,-0.061,0.517,-0.137,-0.016,0.333,-0.409,-0.363,0.574,-0.225,-0.266,-0.484,0.152,-0.228,0.241,-0.448,0.622,-0.292,0.271,0.355,0.715,-0.155,-0.202,0.237,-0.297,0.145,-0.02,0.143,-0.084,-0.132,-0.162,0.647,-0.329,-0.341,-0.392,-0.248,0.631,0.344,0.479,-0.428,0.032,-0.224,-0.46,-0.46,-0.159,0.016,0.156,0.277,1.0,0.052,0.704,0.155,-0.255,-0.031,-0.265,-0.566,0.371,0.018,0.31,0.433,0.052,0.163,-0.358,0.554,-0.71,-0.54,0.429,0.571,-0.282,0.18,0.12,-0.041,0.273,-0.284,0.538,-0.269,-0.107,0.494,0.402,0.372,-0.227,-0.417,0.719,0.096,-0.575,0.106,-0.613,-0.515,0.103,0.028,0.226,-0.328,0.288,-0.218,-0.064,0.207,-0.027,0.65,0.282,-0.574,0.639
META,0.082,-0.057,0.061,0.701,0.13,0.425,0.131,0.199,0.595,-0.079,-0.22,-0.36,0.173,0.3,0.21,-0.31,0.118,0.35,-0.141,0.098,0.294,-0.181,-0.156,0.077,0.214,0.436,0.485,0.283,0.144,0.078,-0.228,0.085,0.081,0.083,0.284,0.12,-0.13,0.44,-0.076,0.133,-0.255,0.038,0.131,0.625,0.199,0.249,0.219,0.052,1.0,-0.139,-0.223,0.275,0.242,-0.121,0.134,-0.007,0.521,-0.122,0.087,0.42,-0.117,0.046,0.138,-0.008,0.217,0.028,0.011,0.26,-0.022,-0.159,0.092,0.234,0.31,-0.164,0.062,0.508,0.045,0.11,-0.26,0.193,0.433,-0.137,0.061,0.117,-0.154,0.164,0.088,0.088,-0.015,0.215,0.251,0.153,0.06,0.156,0.398,0.081,-0.226,0.034,0.207,-0.001
MNST,-0.091,0.578,-0.254,-0.185,0.22,-0.309,-0.333,0.442,-0.4,-0.222,-0.311,0.187,-0.18,0.06,-0.371,0.643,-0.046,0.362,0.287,0.391,-0.169,0.106,0.281,-0.414,-0.073,-0.274,-0.123,-0.3,-0.019,-0.33,0.684,-0.218,-0.221,-0.419,-0.346,0.37,0.258,0.227,-0.397,0.1,0.067,-0.463,-0.512,-0.308,-0.014,-0.071,0.233,0.704,-0.139,1.0,0.192,-0.393,0.109,-0.016,-0.61,0.224,0.06,0.335,0.428,0.064,0.366,-0.345,0.452,-0.737,-0.518,0.313,0.743,-0.317,0.304,0.072,0.038,0.071,-0.436,0.425,-0.021,-0.276,0.305,0.391,0.545,-0.454,-0.493,0.717,0.12,-0.596,0.208,-0.593,-0.579,-0.017,0.176,0.153,-0.492,0.152,-0.162,-0.275,-0.067,-0.161,0.704,0.091,-0.642,0.659
MRNA,0.091,0.097,0.468,-0.085,-0.128,-0.031,0.041,-0.12,-0.12,0.308,0.205,0.278,0.06,0.081,0.03,0.56,0.1,0.091,0.534,-0.145,0.119,0.232,-0.025,0.096,0.287,-0.044,-0.119,0.242,0.024,-0.192,0.284,0.113,0.108,0.188,0.07,0.065,0.075,-0.1,0.275,0.06,0.348,0.129,0.058,-0.071,0.092,0.131,0.101,0.155,-0.223,0.192,1.0,-0.207,0.078,0.54,-0.029,0.044,0.049,0.184,-0.082,0.168,0.073,0.154,0.148,-0.161,-0.189,-0.064,0.31,0.145,-0.169,0.258,0.221,-0.047,-0.046,0.143,0.208,-0.096,0.124,0.335,0.404,-0.021,-0.076,0.309,0.115,-0.023,0.078,-0.188,-0.039,-0.067,0.114,0.282,0.111,0.177,0.015,-0.052,-0.14,0.166,0.239,0.268,-0.016,0.485
MRVL,0.261,-0.388,0.1,0.457,0.588,0.065,-0.259,0.286,0.562,0.249,-0.304,-0.189,-0.363,0.314,-0.006,-0.42,-0.211,0.148,-0.099,0.154,-0.22,-0.287,0.101,0.396,0.298,0.641,0.613,0.318,-0.309,0.707,-0.085,-0.284,-0.283,-0.024,0.41,0.093,0.486,0.522,-0.041,0.298,-0.365,0.085,0.05,0.492,-0.108,0.458,0.528,-0.255,0.275,-0.393,-0.207,1.0,-0.461,-0.218,0.074,0.456,-0.396,0.237,0.445,0.158,-0.044,-0.23,0.379,0.209,-0.037,0.46,-0.095,-0.168,-0.503,0.295,-0.311,0.622,0.412,0.149,-0.262,0.7,0.351,0.155,-0.204,0.522,0.201,-0.127,0.435,0.002,-0.074,0.071,-0.091,0.635,-0.407,0.318,0.187,0.438,0.001,0.69,0.537,-0.048,-0.162,0.19,0.287,-0.006
MSFT,0.088,0.215,0.298,0.314,-0.572,0.725,0.696,-0.443,0.241,0.025,0.357,-0.174,0.79,-0.085,0.633,0.156,0.839,0.089,0.25,-0.315,0.555,0.584,-0.296,0.182,0.243,-0.227,-0.367,0.228,0.673,-0.493,-0.119,0.751,0.719,0.597,0.33,0.082,-0.44,-0.226,0.266,0.053,0.496,0.484,0.462,0.327,0.474,-0.14,-0.227,-0.031,0.242,0.109,0.078,-0.461,1.0,0.451,0.368,-0.521,0.776,-0.417,-0.53,0.311,0.198,0.475,-0.413,0.153,0.414,-0.558,0.116,0.413,0.339,-0.398,0.767,-0.512,-0.035,-0.481,0.789,-0.107,-0.357,-0.097,0.12,-0.048,0.408,0.093,-0.338,0.291,-0.173,0.203,0.358,-0.449,0.768,-0.172,0.434,-0.108,0.466,-0.366,-0.273,0.392,-0.257,-0.193,0.165,-0.235
MSTR,0.138,-0.026,0.47,0.064,-0.319,0.432,0.395,-0.366,0.081,0.33,0.355,-0.059,0.359,0.064,0.361,0.259,0.505,0.107,0.308,-0.424,0.333,0.446,0.015,0.194,0.196,-0.036,-0.339,0.307,0.313,-0.308,0.02,0.456,0.43,0.505,0.235,-0.199,-0.276,-0.265,0.317,0.303,0.435,0.416,0.34,0.072,0.235,0.103,-0.13,-0.265,-0.121,-0.016,0.54,-0.218,0.451,1.0,0.298,-0.139,0.355,-0.014,-0.323,0.283,0.239,0.461,-0.226,0.197,0.046,-0.335,0.144,0.203,-0.069,0.039,0.411,-0.304,0.008,-0.282,0.594,-0.12,-0.107,0.228,0.363,0.08,0.192,-0.025,0.127,0.241,0.194,-0.042,0.236,-0.185,0.39,0.046,0.406,0.038,0.225,-0.093,-0.264,0.256,-0.11,-0.102,0.171,0.007
MU,0.398,-0.404,0.518,0.392,-0.489,0.669,0.637,-0.628,0.573,0.271,0.402,-0.352,0.562,0.048,0.667,-0.391,0.536,-0.241,-0.002,-0.527,0.587,0.108,-0.5,0.429,0.361,0.175,-0.15,0.477,0.413,0.028,-0.684,0.559,0.544,0.674,0.623,-0.228,-0.237,-0.276,0.316,0.132,0.076,0.761,0.766,0.549,0.536,0.118,-0.283,-0.566,0.134,-0.61,-0.029,0.074,0.368,0.298,1.0,-0.551,0.288,-0.453,-0.616,0.165,-0.058,0.815,-0.579,0.764,0.738,-0.577,-0.472,0.476,-0.212,-0.193,0.495,-0.36,0.42,-0.496,0.496,0.173,-0.404,-0.119,-0.276,0.457,0.719,-0.469,-0.259,0.791,-0.304,0.563,0.796,-0.246,0.39,-0.011,0.768,-0.078,0.586,0.012,-0.214,0.545,-0.492,-0.104,0.866,-0.618
MVIS,-0.166,0.141,-0.029,-0.031,0.862,-0.404,-0.653,0.775,-0.023,0.109,-0.499,0.309,-0.745,0.308,-0.575,0.249,-0.568,0.328,0.288,0.665,-0.62,-0.303,0.676,0.013,0.119,0.549,0.62,0.177,-0.632,0.42,0.635,-0.587,-0.603,-0.45,-0.125,0.404,0.567,0.629,-0.243,0.18,-0.364,-0.444,-0.507,-0.098,-0.342,0.287,0.677,0.371,-0.007,0.224,0.044,0.456,-0.521,-0.139,-0.551,1.0,-0.456,0.776,0.77,-0.034,0.182,-0.64,0.783,-0.371,-0.666,0.76,0.344,-0.372,-0.278,0.608,-0.582,0.677,-0.08,0.619,-0.584,0.394,0.816,0.327,0.264,-0.015,-0.435,0.387,0.776,-0.621,0.373,-0.49,-0.671,0.692,-0.51,0.252,-0.321,0.557,-0.551,0.557,0.558,-0.428,0.368,0.516,-0.402,0.625
NFLX,-0.025,0.254,0.12,0.367,-0.47,0.598,0.547,-0.271,0.287,-0.133,0.134,-0.268,0.665,-0.044,0.526,0.024,0.593,0.177,0.045,-0.293,0.598,0.258,-0.355,-0.03,0.084,-0.108,-0.145,0.119,0.65,-0.481,-0.185,0.624,0.604,0.41,0.175,-0.061,-0.532,-0.113,0.113,0.004,0.263,0.344,0.348,0.323,0.381,-0.108,-0.275,0.018,0.521,0.06,0.049,-0.396,0.776,0.355,0.288,-0.456,1.0,-0.383,-0.39,0.357,0.015,0.407,-0.333,0.02,0.34,-0.508,0.044,0.416,0.32,-0.452,0.62,-0.403,0.064,-0.459,0.612,-0.035,-0.337,-0.049,-0.029,-0.059,0.4,-0.051,-0.286,0.305,-0.204,0.196,0.344,-0.393,0.472,-0.04,0.339,-0.222,0.234,-0.259,-0.167,0.241,-0.288,-0.221,0.132,-0.18
NNDM,-0.226,0.396,-0.011,-0.112,0.686,-0.426,-0.645,0.603,-0.118,0.177,-0.315,0.558,-0.641,0.351,-0.601,0.4,-0.435,0.353,0.339,0.537,-0.5,-0.107,0.629,-0.118,0.069,0.299,0.37,0.042,-0.516,0.274,0.673,-0.575,-0.586,-0.434,-0.22,0.331,0.475,0.44,-0.168,0.07,-0.112,-0.531,-0.576,-0.165,-0.196,0.243,0.642,0.31,-0.122,0.335,0.184,0.237,-0.417,-0.014,-0.453,0.776,-0.383,1.0,0.652,-0.092,0.256,-0.498,0.714,-0.407,-0.629,0.644,0.431,-0.214,-0.053,0.592,-0.534,0.511,-0.226,0.643,-0.422,0.253,0.66,0.392,0.398,-0.121,-0.529,0.447,0.609,-0.604,0.457,-0.551,-0.674,0.497,-0.355,0.19,-0.357,0.479,-0.509,0.318,0.331,-0.434,0.426,0.643,-0.378,0.652
NVAX,-0.081,0.196,-0.218,0.051,0.878,-0.455,-0.693,0.817,-0.019,-0.171,-0.636,0.08,-0.676,0.365,-0.555,0.207,-0.516,0.331,0.051,0.632,-0.56,-0.317,0.411,-0.212,-0.02,0.374,0.479,-0.118,-0.421,0.349,0.571,-0.658,-0.669,-0.604,-0.204,0.335,0.619,0.7,-0.515,0.254,-0.427,-0.528,-0.566,-0.034,-0.334,0.288,0.632,0.433,0.087,0.428,-0.082,0.445,-0.53,-0.323,-0.616,0.77,-0.39,0.652,1.0,0.036,0.278,-0.655,0.756,-0.553,-0.687,0.721,0.42,-0.52,-0.055,0.38,-0.512,0.701,-0.152,0.572,-0.522,0.261,0.645,0.466,0.228,-0.116,-0.45,0.41,0.616,-0.689,0.218,-0.587,-0.742,0.609,-0.451,0.259,-0.408,0.458,-0.415,0.407,0.461,-0.471,0.439,0.27,-0.477,0.591
NVDA,0.333,-0.091,0.225,0.614,0.084,0.286,0.049,-0.063,0.565,-0.195,-0.119,-0.388,0.107,0.333,0.076,-0.106,0.297,0.537,0.038,-0.113,0.458,-0.063,-0.125,-0.058,0.266,0.261,-0.048,0.179,0.188,-0.196,-0.046,0.182,0.203,0.256,0.194,0.133,-0.02,0.357,-0.028,0.508,-0.016,0.104,0.058,0.557,0.552,0.372,0.145,0.052,0.42,0.064,0.168,0.158,0.311,0.283,0.165,-0.034,0.357,-0.092,0.036,1.0,0.048,0.372,0.052,-0.137,-0.131,-0.02,0.408,-0.143,0.001,-0.105,0.268,0.163,-0.025,-0.098,0.336,0.173,-0.056,0.395,0.243,0.07,0.114,0.057,0.157,-0.04,-0.182,-0.088,0.031,-0.182,0.282,0.263,0.368,0.169,0.257,-0.089,0.026,0.213,-0.014,-0.207,0.063,0.079
NWL,0.186,0.245,0.297,0.095,0.141,0.225,0.109,0.14,0.024,0.201,-0.039,0.034,0.121,0.242,0.151,0.39,0.29,0.013,0.323,0.188,-0.119,0.382,0.213,0.192,0.339,0.041,-0.065,0.227,0.295,0.148,0.4,0.098,0.076,0.143,0.282,0.369,0.261,0.216,-0.015,0.295,0.164,0.082,0.012,0.078,0.05,0.259,0.389,0.163,-0.117,0.366,0.073,-0.044,0.198,0.239,-0.058,0.182,0.015,0.256,0.278,0.048,1.0,-0.013,0.166,-0.068,-0.081,0.116,0.263,-0.043,-0.007,0.145,0.231,0.125,-0.063,0.184,0.162,0.097,0.416,0.335,0.3,0.082,0.018,0.414,0.271,-0.109,0.242,-0.271,-0.088,0.2,0.301,-0.007,-0.03,0.566,0.232,0.251,0.243,0.121,0.256,0.268,-0.086,0.211
OCGN,0.378,-0.261,0.456,0.285,-0.638,0.542,0.589,-0.704,0.405,0.111,0.427,-0.41,0.607,0.051,0.516,-0.225,0.571,-0.098,-0.011,-0.547,0.69,0.125,-0.531,0.161,0.265,-0.016,-0.424,0.322,0.478,-0.247,-0.549,0.547,0.547,0.636,0.412,-0.208,-0.399,-0.312,0.164,0.249,0.12,0.638,0.632,0.385,0.621,0.118,-0.43,-0.358,0.046,-0.345,0.154,-0.23,0.475,0.461,0.815,-0.64,0.407,-0.498,-0.655,0.372,-0.013,1.0,-0.594,0.52,0.537,-0.593,-0.207,0.282,-0.084,-0.241,0.573,-0.436,0.195,-0.393,0.62,-0.144,-0.488,0.043,-0.052,0.271,0.483,-0.322,-0.362,0.667,-0.342,0.298,0.745,-0.462,0.566,0.04,0.684,-0.178,0.601,-0.262,-0.417,0.567,-0.294,-0.275,0.582,-0.495
