,AAL,AAPL,AGNC,AMAT,AMD,AMZN,APA,ARDX,AVGO,AZN,BIDU,BILI,BKR,CAN,CHRD,CMCSA,CPRT,CRWD,CSCO,CSX,DKNG,EBAY,ERIC,EXC,FITB,FLEX,FTNT,GEN,GERN,GEVO,GILD,GOOG,GOOGL,GT,HBAN,HST,INTC,IOVA,IQ,JBLU,JD,KDP,KHC,LRCX,LYFT,MARA,MCHP,MDLZ,META,MNST,MRNA,MRVL,MSFT,MSTR,MU,MVIS,NFLX,NNDM,NVAX,NVDA,NWL,OCGN,ON,OPK,PAA,PACB,PANW,PARA,PDD,PENN,PEP,PLUG,PTEN,PTON,PYPL,QCOM,QVCGA,RIOT,ROKU,RUN,SABR,SBUX,SMCI,SNDL,STNE,TCOM,TLRY,TMUS,TSCO,TSLA,TTD,TXN,UAL,VOD,VTRS,VXRT,WBA,WBD,WDC,ZM
AAL,1.0,-0.114,0.047,0.468,0.468,-0.031,0.522,0.444,-0.275,0.478,-0.111,-0.034,0.425,-0.186,0.47,0.099,-0.006,-0.239,0.511,0.318,0.086,-0.054,0.346,0.492,0.181,0.456,0.171,0.057,-0.109,0.326,-0.037,-0.019,-0.002,0.213,0.323,0.133,0.272,0.229,0.209,0.35,0.11,-0.084,0.114,0.251,0.312,-0.153,0.404,0.058,0.194,0.365,0.481,-0.022,-0.146,-0.07,0.001,0.323,-0.034,0.112,0.204,0.626,0.24,0.328,-0.058,-0.244,0.333,0.414,-0.202,0.111,0.12,0.104,-0.05,0.478,0.51,-0.273,0.07,0.517,0.474,-0.268,0.088,0.527,-0.223,0.347,0.43,0.469,0.148,-0.172,0.315,0.101,0.206,-0.378,-0.013,0.566,0.635,0.236,0.002,0.503,-0.006,-0.121,0.282,0.008
AAPL,-0.114,1.0,-0.01,-0.225,-0.054,0.346,-0.372,-0.37,0.357,-0.06,0.456,0.366,-0.389,0.062,-0.464,0.235,0.319,0.283,0.273,0.055,0.136,-0.029,-0.197,-0.058,0.062,-0.119,0.197,0.178,-0.207,-0.407,0.828,0.274,0.246,0.044,0.05,0.388,0.133,-0.07,0.042,0.355,0.141,0.337,0.181,-0.163,-0.204,0.076,0.106,0.162,-0.098,0.251,-0.404,-0.008,0.402,0.139,-0.176,-0.018,0.603,0.27,-0.431,-0.149,-0.003,-0.395,0.563,0.12,-0.46,-0.205,0.396,-0.21,-0.063,-0.28,0.352,-0.318,-0.28,0.441,0.074,0.018,-0.346,-0.129,-0.014,-0.277,0.367,-0.168,-0.083,-0.279,-0.027,0.495,0.028,0.263,0.226,0.678,0.09,0.083,0.305,0.026,0.426,-0.473,-0.076,-0.01,-0.227,0.584
AGNC,0.047,-0.01,1.0,0.464,0.535,0.763,0.146,0.368,-0.33,0.617,0.504,0.319,0.431,0.614,0.462,0.721,0.68,0.528,0.035,0.71,0.621,0.038,0.627,-0.19,0.795,0.037,0.765,0.779,0.675,-0.193,0.003,0.144,0.101,0.747,0.84,0.767,0.55,0.81,0.491,-0.435,0.68,0.635,0.665,0.685,0.684,0.677,0.722,0.7,0.779,0.447,0.455,0.239,0.679,0.771,0.642,-0.394,0.488,-0.387,0.328,0.081,0.637,0.444,0.507,0.461,0.514,0.623,0.618,0.732,0.614,0.424,0.61,0.308,0.03,0.515,0.822,0.517,0.432,0.449,0.65,0.566,0.507,0.679,0.576,0.103,0.764,0.252,-0.293,0.555,0.676,0.186,0.724,0.482,0.013,0.702,0.538,-0.086,0.342,0.488,0.754,0.39
AMAT,0.468,-0.225,0.464,1.0,0.653,0.477,0.601,0.356,0.076,0.649,-0.003,-0.164,0.814,0.186,0.78,0.215,0.084,0.455,0.446,0.329,0.206,0.339,0.566,0.34,0.413,0.742,0.56,0.276,0.05,0.251,-0.164,0.519,0.502,0.285,0.536,0.209,0.477,0.258,0.142,-0.005,0.219,0.002,0.109,0.892,0.432,0.313,0.439,0.151,0.714,0.217,0.773,0.542,0.21,0.475,0.666,0.044,-0.039,-0.175,0.733,0.652,0.288,0.52,0.04,0.041,0.609,0.537,-0.034,0.498,0.387,0.288,-0.032,0.751,0.533,0.009,0.636,0.879,0.75,0.456,0.513,0.874,-0.096,0.49,0.543,0.463,0.39,-0.224,0.125,0.03,0.361,-0.011,0.383,0.794,0.521,0.212,-0.105,0.469,0.263,0.185,0.659,-0.0
AMD,0.468,-0.054,0.535,0.653,1.0,0.608,0.396,0.332,-0.219,0.797,0.41,0.278,0.516,0.414,0.519,0.564,0.449,0.412,0.317,0.659,0.534,-0.032,0.673,0.069,0.658,0.282,0.671,0.562,0.253,-0.087,0.031,0.298,0.284,0.573,0.716,0.55,0.584,0.526,0.643,-0.107,0.522,0.395,0.498,0.696,0.675,0.492,0.76,0.469,0.721,0.463,0.464,0.35,0.455,0.594,0.531,-0.192,0.345,-0.171,0.362,0.498,0.663,0.376,0.465,0.308,0.574,0.635,0.365,0.588,0.517,0.473,0.357,0.44,0.162,0.258,0.682,0.797,0.502,0.377,0.562,0.633,0.337,0.639,0.764,0.321,0.641,0.217,0.048,0.426,0.612,0.087,0.562,0.766,0.346,0.617,0.317,0.094,0.327,0.438,0.727,0.444
AMZN,-0.031,0.346,0.763,0.477,0.608,1.0,0.022,0.133,-0.001,0.56,0.646,0.436,0.359,0.694,0.271,0.742,0.71,0.824,0.149,0.611,0.582,0.141,0.561,-0.274,0.736,0.047,0.857,0.758,0.431,-0.403,0.282,0.56,0.52,0.611,0.776,0.786,0.572,0.525,0.493,-0.186,0.621,0.658,0.594,0.682,0.496,0.757,0.671,0.646,0.812,0.378,0.25,0.432,0.852,0.87,0.616,-0.469,0.711,-0.296,0.253,0.098,0.589,0.175,0.679,0.576,0.363,0.483,0.718,0.632,0.557,0.371,0.6,0.195,-0.132,0.659,0.9,0.597,0.272,0.63,0.681,0.394,0.621,0.525,0.545,-0.067,0.687,0.498,-0.297,0.551,0.696,0.596,0.775,0.556,0.162,0.558,0.535,-0.29,0.423,0.591,0.607,0.658
APA,0.522,-0.372,0.146,0.601,0.396,0.022,1.0,0.552,0.117,0.514,-0.361,-0.535,0.786,-0.174,0.845,-0.009,-0.171,-0.017,0.63,0.208,-0.158,-0.052,0.328,0.66,0.143,0.644,0.247,0.002,-0.079,0.527,-0.161,0.199,0.213,0.186,0.296,-0.066,0.451,0.146,-0.145,0.266,-0.167,-0.155,0.121,0.452,0.143,-0.171,0.286,0.084,0.341,0.441,0.694,0.439,-0.245,0.014,0.145,0.4,-0.321,-0.073,0.336,0.666,0.07,0.715,-0.381,-0.278,0.44,0.104,-0.3,0.307,-0.058,0.334,-0.141,0.435,0.876,-0.393,0.197,0.559,0.656,-0.013,-0.053,0.609,-0.419,0.466,0.189,0.533,0.145,-0.586,0.403,-0.01,0.105,-0.441,-0.082,0.552,0.388,0.227,-0.066,0.565,-0.039,0.096,0.295,-0.277
ARDX,0.444,-0.37,0.368,0.356,0.332,0.133,0.552,1.0,-0.299,0.471,-0.129,-0.123,0.538,0.122,0.549,0.237,0.199,0.066,0.202,0.467,0.203,-0.036,0.49,0.141,0.406,0.2,0.207,0.295,0.277,0.203,-0.246,-0.053,-0.059,0.502,0.54,0.264,0.337,0.419,0.205,-0.142,0.059,0.216,0.376,0.382,0.309,0.118,0.448,0.369,0.408,0.43,0.589,0.245,0.029,0.179,0.371,0.167,-0.014,-0.323,0.297,0.232,0.399,0.573,-0.134,0.001,0.534,0.367,0.045,0.407,0.094,0.376,0.178,0.239,0.432,-0.046,0.344,0.307,0.395,0.04,0.202,0.479,-0.094,0.615,0.227,0.191,0.469,-0.222,-0.071,0.353,0.396,-0.287,0.23,0.398,0.155,0.481,0.151,0.339,0.136,0.247,0.408,-0.201
AVGO,-0.275,0.357,-0.33,0.076,-0.219,-0.001,0.117,-0.299,1.0,-0.204,-0.256,-0.419,0.03,-0.135,-0.055,-0.409,-0.415,0.33,0.349,-0.489,-0.5,0.046,-0.371,0.258,-0.417,0.343,-0.04,-0.364,-0.517,0.228,0.406,0.538,0.534,-0.499,-0.35,-0.345,0.1,-0.596,-0.505,0.448,-0.528,-0.35,-0.34,-0.024,-0.587,-0.257,-0.41,-0.382,-0.221,-0.059,-0.093,0.601,-0.199,-0.183,-0.135,0.363,-0.202,0.234,-0.049,0.151,-0.545,-0.047,-0.157,-0.302,-0.356,-0.55,-0.231,-0.414,-0.481,-0.127,-0.375,-0.058,0.243,-0.035,-0.094,0.078,-0.071,0.124,-0.344,-0.137,-0.194,-0.423,-0.449,-0.045,-0.466,-0.22,0.289,-0.401,-0.376,0.358,-0.342,-0.002,0.125,-0.474,-0.234,0.095,-0.12,-0.134,-0.424,-0.175
AZN,0.478,-0.06,0.617,0.649,0.797,0.56,0.514,0.471,-0.204,1.0,0.272,0.135,0.544,0.365,0.608,0.524,0.397,0.359,0.45,0.699,0.426,-0.021,0.696,0.165,0.696,0.269,0.628,0.591,0.303,-0.021,0.106,0.268,0.257,0.589,0.764,0.588,0.709,0.613,0.522,-0.087,0.5,0.38,0.575,0.698,0.631,0.425,0.742,0.527,0.671,0.605,0.57,0.329,0.388,0.524,0.496,-0.13,0.347,-0.222,0.297,0.418,0.628,0.54,0.289,0.207,0.523,0.606,0.281,0.538,0.43,0.378,0.388,0.393,0.332,0.255,0.656,0.796,0.584,0.286,0.477,0.67,0.249,0.71,0.7,0.384,0.672,0.065,0.157,0.456,0.616,-0.043,0.47,0.787,0.389,0.67,0.389,0.123,0.266,0.334,0.696,0.266
BIDU,-0.111,0.456,0.504,-0.003,0.41,0.646,-0.361,-0.129,-0.256,0.272,1.0,0.798,-0.166,0.655,-0.203,0.777,0.786,0.451,-0.186,0.576,0.647,-0.024,0.394,-0.509,0.625,-0.42,0.459,0.714,0.435,-0.651,0.343,0.117,0.078,0.593,0.529,0.752,0.402,0.489,0.676,-0.248,0.772,0.777,0.647,0.258,0.384,0.694,0.538,0.617,0.405,0.324,-0.177,-0.044,0.79,0.676,0.405,-0.615,0.755,-0.207,-0.086,-0.268,0.636,-0.214,0.759,0.701,0.081,0.361,0.802,0.424,0.607,0.329,0.763,-0.184,-0.571,0.649,0.518,0.191,-0.109,0.354,0.512,-0.025,0.729,0.353,0.45,-0.304,0.62,0.806,-0.433,0.706,0.657,0.547,0.697,0.195,-0.083,0.554,0.651,-0.594,0.412,0.562,0.414,0.74
BILI,-0.034,0.366,0.319,-0.164,0.278,0.436,-0.535,-0.123,-0.419,0.135,0.798,1.0,-0.308,0.616,-0.346,0.663,0.725,0.228,-0.379,0.582,0.712,-0.02,0.29,-0.563,0.544,-0.548,0.246,0.64,0.42,-0.715,0.189,-0.123,-0.142,0.519,0.403,0.665,0.106,0.381,0.763,-0.313,0.724,0.685,0.536,0.044,0.408,0.668,0.447,0.505,0.25,0.131,-0.269,-0.263,0.716,0.491,0.219,-0.704,0.7,-0.171,-0.175,-0.383,0.611,-0.309,0.663,0.675,0.087,0.421,0.704,0.311,0.561,0.175,0.684,-0.235,-0.696,0.596,0.343,-0.039,-0.267,0.24,0.434,-0.16,0.734,0.244,0.458,-0.355,0.524,0.899,-0.536,0.682,0.584,0.484,0.65,0.021,-0.158,0.468,0.555,-0.622,0.396,0.409,0.304,0.661
BKR,0.425,-0.389,0.431,0.814,0.516,0.359,0.786,0.538,0.03,0.544,-0.166,-0.308,1.0,0.175,0.921,0.261,0.11,0.297,0.487,0.38,0.084,0.23,0.569,0.385,0.408,0.635,0.51,0.269,0.164,0.383,-0.222,0.431,0.427,0.355,0.558,0.163,0.478,0.287,0.05,0.081,0.077,0.025,0.19,0.757,0.37,0.185,0.448,0.301,0.693,0.344,0.825,0.512,0.109,0.383,0.473,0.096,-0.104,-0.303,0.58,0.565,0.283,0.733,-0.164,-0.013,0.697,0.4,-0.043,0.578,0.21,0.48,0.017,0.544,0.697,-0.106,0.569,0.685,0.71,0.382,0.311,0.744,-0.138,0.608,0.389,0.407,0.351,-0.355,0.079,0.084,0.313,-0.196,0.264,0.641,0.353,0.26,0.046,0.479,0.271,0.323,0.558,-0.117
CAN,-0.186,0.062,0.614,0.186,0.414,0.694,-0.174,0.122,-0.135,0.365,0.655,0.616,0.175,1.0,0.152,0.738,0.726,0.591,-0.278,0.621,0.562,0.015,0.481,-0.535,0.73,-0.342,0.53,0.809,0.673,-0.468,0.043,0.183,0.145,0.624,0.647,0.701,0.444,0.479,0.635,-0.461,0.666,0.722,0.668,0.491,0.478,0.861,0.555,0.679,0.627,0.287,0.088,0.195,0.792,0.751,0.586,-0.648,0.574,-0.417,0.087,-0.297,0.667,0.179,0.53,0.742,0.342,0.429,0.757,0.646,0.547,0.592,0.694,-0.082,-0.358,0.707,0.712,0.228,0.087,0.704,0.536,0.066,0.708,0.545,0.53,-0.329,0.708,0.615,-0.645,0.615,0.6,0.477,0.79,0.184,-0.343,0.589,0.584,-0.424,0.604,0.743,0.562,0.46
CHRD,0.47,-0.464,0.462,0.78,0.519,0.271,0.845,0.549,-0.055,0.608,-0.203,-0.346,0.921,0.152,1.0,0.241,0.088,0.144,0.456,0.398,0.098,0.115,0.54,0.494,0.426,0.598,0.443,0.299,0.262,0.396,-0.281,0.214,0.206,0.403,0.553,0.164,0.468,0.403,0.086,-0.037,0.129,0.036,0.246,0.717,0.432,0.135,0.496,0.306,0.656,0.41,0.862,0.4,0.057,0.307,0.432,0.118,-0.157,-0.275,0.544,0.569,0.306,0.817,-0.207,-0.037,0.676,0.418,-0.063,0.591,0.234,0.465,0.059,0.554,0.758,-0.185,0.503,0.665,0.8,0.238,0.251,0.753,-0.16,0.683,0.458,0.487,0.365,-0.461,0.112,0.106,0.293,-0.376,0.234,0.609,0.309,0.367,0.06,0.511,0.146,0.254,0.626,-0.161
CMCSA,0.099,0.235,0.721,0.215,0.564,0.742,-0.009,0.237,-0.409,0.524,0.777,0.663,0.261,0.738,0.241,1.0,0.932,0.421,-0.009,0.842,0.763,0.075,0.633,-0.33,0.875,-0.262,0.653,0.924,0.645,-0.54,0.214,0.088,0.052,0.855,0.842,0.904,0.498,0.714,0.75,-0.31,0.792,0.887,0.837,0.477,0.617,0.73,0.824,0.887,0.713,0.528,0.21,0.043,0.86,0.806,0.472,-0.621,0.773,-0.429,0.056,-0.122,0.824,0.213,0.649,0.695,0.47,0.589,0.832,0.773,0.622,0.548,0.885,-0.041,-0.229,0.566,0.748,0.359,0.146,0.38,0.629,0.207,0.744,0.742,0.642,-0.153,0.831,0.612,-0.473,0.853,0.872,0.313,0.803,0.405,0.044,0.759,0.811,-0.448,0.486,0.732,0.648,0.688
CPRT,-0.006,0.319,0.68,0.084,0.449,0.71,-0.171,0.199,-0.415,0.397,0.786,0.725,0.11,0.726,0.088,0.932,1.0,0.397,-0.139,0.791,0.8,0.092,0.559,-0.441,0.851,-0.383,0.543,0.907,0.675,-0.642,0.223,0.005,-0.031,0.836,0.79,0.895,0.349,0.697,0.726,-0.357,0.8,0.904,0.767,0.395,0.567,0.738,0.773,0.858,0.638,0.437,0.087,-0.084,0.888,0.76,0.45,-0.645,0.78,-0.41,-0.041,-0.293,0.775,0.099,0.708,0.705,0.387,0.514,0.879,0.683,0.614,0.422,0.901,-0.178,-0.359,0.651,0.691,0.22,0.043,0.315,0.607,0.071,0.787,0.671,0.541,-0.278,0.796,0.671,-0.531,0.838,0.841,0.407,0.808,0.28,-0.04,0.739,0.8,-0.572,0.43,0.613,0.57,0.666
CRWD,-0.239,0.283,0.528,0.455,0.412,0.824,-0.017,0.066,0.33,0.359,0.451,0.228,0.297,0.591,0.144,0.421,0.397,1.0,0.076,0.293,0.339,0.292,0.4,-0.315,0.446,0.141,0.66,0.469,0.191,-0.297,0.193,0.735,0.695,0.296,0.496,0.472,0.469,0.141,0.227,-0.129,0.296,0.402,0.301,0.621,0.196,0.664,0.311,0.32,0.607,0.094,0.182,0.633,0.65,0.727,0.652,-0.322,0.459,-0.278,0.343,0.055,0.294,0.033,0.491,0.486,0.249,0.25,0.518,0.404,0.356,0.285,0.284,0.194,-0.156,0.611,0.76,0.506,0.146,0.735,0.591,0.307,0.413,0.234,0.278,-0.104,0.461,0.383,-0.278,0.254,0.449,0.711,0.6,0.409,0.088,0.238,0.23,-0.175,0.357,0.479,0.36,0.409
CSCO,0.511,0.273,0.035,0.446,0.317,0.149,0.63,0.202,0.349,0.45,-0.186,-0.379,0.487,-0.278,0.456,-0.009,-0.139,0.076,1.0,0.115,-0.243,-0.036,0.147,0.671,0.008,0.62,0.313,-0.069,-0.407,0.418,0.429,0.427,0.426,0.01,0.2,0.053,0.52,0.008,-0.17,0.611,-0.187,-0.153,0.047,0.263,0.002,-0.282,0.259,0.015,0.158,0.528,0.405,0.379,-0.151,-0.064,-0.095,0.501,0.017,0.256,0.052,0.634,-0.071,0.39,-0.061,-0.356,0.079,-0.015,-0.232,-0.057,-0.207,-0.045,-0.123,0.281,0.675,-0.118,0.139,0.584,0.414,-0.154,-0.137,0.465,-0.306,0.201,0.134,0.498,-0.07,-0.303,0.615,-0.045,0.105,-0.055,-0.233,0.653,0.728,0.024,0.086,0.38,-0.186,-0.103,0.069,0.01
CSX,0.318,0.055,0.71,0.329,0.659,0.611,0.208,0.467,-0.489,0.699,0.576,0.582,0.38,0.621,0.398,0.842,0.791,0.293,0.115,1.0,0.717,-0.037,0.722,-0.158,0.882,-0.131,0.581,0.851,0.622,-0.332,0.089,-0.035,-0.063,0.913,0.877,0.855,0.565,0.784,0.758,-0.3,0.729,0.763,0.837,0.528,0.737,0.669,0.886,0.835,0.708,0.639,0.36,0.021,0.679,0.667,0.495,-0.448,0.638,-0.373,0.107,0.061,0.835,0.391,0.496,0.531,0.544,0.667,0.663,0.703,0.548,0.493,0.784,0.085,-0.031,0.483,0.686,0.459,0.288,0.267,0.554,0.384,0.547,0.827,0.7,0.062,0.833,0.44,-0.307,0.823,0.863,0.144,0.734,0.538,0.098,0.844,0.687,-0.216,0.401,0.557,0.719,0.46
DKNG,0.086,0.136,0.621,0.206,0.534,0.582,-0.158,0.203,-0.5,0.426,0.647,0.712,0.084,0.562,0.098,0.763,0.8,0.339,-0.243,0.717,1.0,0.241,0.533,-0.354,0.772,-0.239,0.501,0.786,0.593,-0.619,0.015,-0.116,-0.141,0.761,0.678,0.783,0.161,0.634,0.779,-0.493,0.748,0.784,0.646,0.416,0.606,0.737,0.675,0.672,0.57,0.233,0.148,-0.067,0.789,0.7,0.534,-0.657,0.598,-0.297,0.168,-0.098,0.748,0.018,0.658,0.715,0.509,0.702,0.744,0.646,0.732,0.339,0.729,0.043,-0.345,0.539,0.626,0.263,0.038,0.286,0.735,0.219,0.732,0.565,0.603,-0.08,0.783,0.623,-0.532,0.734,0.786,0.282,0.855,0.26,0.02,0.674,0.558,-0.437,0.361,0.486,0.635,0.622
EBAY,-0.054,-0.029,0.038,0.339,-0.032,0.141,-0.052,-0.036,0.046,-0.021,-0.024,-0.02,0.23,0.015,0.115,0.075,0.092,0.292,-0.036,-0.037,0.241,1.0,0.251,-0.078,0.096,0.217,0.056,0.049,-0.022,-0.182,-0.18,0.24,0.235,-0.022,0.075,-0.023,-0.15,-0.118,-0.024,-0.152,0.038,-0.031,-0.226,0.294,0.0,0.135,-0.072,-0.076,0.225,-0.35,0.254,0.111,0.199,0.204,0.351,-0.239,-0.005,-0.251,0.467,-0.019,-0.015,-0.151,0.024,0.163,0.444,0.326,0.056,0.162,0.22,-0.011,-0.078,0.192,-0.042,0.073,0.243,0.191,0.074,0.243,0.537,0.16,0.01,-0.005,0.022,0.038,0.081,0.048,-0.152,-0.07,0.167,0.128,0.202,0.098,0.308,-0.252,-0.182,-0.016,0.086,0.022,0.125,-0.041
ERIC,0.346,-0.197,0.627,0.566,0.673,0.561,0.328,0.49,-0.371,0.696,0.394,0.29,0.569,0.481,0.54,0.633,0.559,0.4,0.147,0.722,0.533,0.251,1.0,-0.059,0.742,0.137,0.549,0.63,0.422,-0.162,-0.139,0.185,0.168,0.65,0.788,0.567,0.533,0.633,0.585,-0.244,0.581,0.449,0.514,0.647,0.717,0.542,0.674,0.524,0.712,0.418,0.55,0.256,0.471,0.597,0.62,-0.376,0.33,-0.462,0.452,0.22,0.721,0.381,0.293,0.367,0.77,0.687,0.406,0.666,0.54,0.584,0.431,0.303,0.086,0.312,0.71,0.589,0.476,0.424,0.708,0.576,0.29,0.709,0.619,0.233,0.712,0.217,-0.165,0.502,0.668,-0.003,0.576,0.634,0.223,0.601,0.34,0.042,0.371,0.514,0.724,0.261
EXC,0.492,-0.058,-0.19,0.34,0.069,-0.274,0.66,0.141,0.258,0.165,-0.509,-0.563,0.385,-0.535,0.494,-0.33,-0.441,-0.315,0.671,-0.158,-0.354,-0.078,-0.059,1.0,-0.247,0.702,-0.032,-0.326,-0.446,0.541,0.079,0.057,0.059,-0.205,-0.127,-0.305,0.11,-0.085,-0.355,0.518,-0.345,-0.369,-0.168,0.035,-0.08,-0.516,-0.049,-0.246,-0.1,0.294,0.368,0.179,-0.487,-0.383,-0.266,0.655,-0.397,0.28,0.043,0.672,-0.251,0.412,-0.401,-0.585,0.053,-0.092,-0.515,-0.177,-0.28,-0.162,-0.339,0.288,0.822,-0.523,-0.207,0.295,0.405,-0.43,-0.323,0.42,-0.529,0.052,-0.045,0.556,-0.294,-0.605,0.554,-0.267,-0.238,-0.42,-0.422,0.354,0.554,-0.112,-0.254,0.557,-0.389,-0.379,-0.017,-0.235
FITB,0.181,0.062,0.795,0.413,0.658,0.736,0.143,0.406,-0.417,0.696,0.625,0.544,0.408,0.73,0.426,0.875,0.851,0.446,0.008,0.882,0.772,0.096,0.742,-0.247,1.0,-0.118,0.66,0.937,0.681,-0.428,0.087,0.093,0.072,0.894,0.924,0.882,0.538,0.777,0.717,-0.388,0.803,0.806,0.802,0.667,0.713,0.784,0.847,0.856,0.808,0.544,0.399,0.116,0.801,0.822,0.639,-0.563,0.656,-0.438,0.213,-0.047,0.896,0.368,0.569,0.622,0.574,0.686,0.751,0.805,0.672,0.571,0.825,0.119,-0.07,0.553,0.829,0.481,0.323,0.441,0.701,0.391,0.665,0.832,0.725,-0.11,0.907,0.432,-0.447,0.791,0.872,0.222,0.844,0.512,0.068,0.839,0.692,-0.309,0.502,0.637,0.777,0.523
FLEX,0.456,-0.119,0.037,0.742,0.282,0.047,0.644,0.2,0.343,0.269,-0.42,-0.548,0.635,-0.342,0.598,-0.262,-0.383,0.141,0.62,-0.131,-0.239,0.217,0.137,0.702,-0.118,1.0,0.233,-0.246,-0.405,0.564,-0.05,0.45,0.444,-0.148,0.052,-0.237,0.208,-0.12,-0.337,0.363,-0.287,-0.409,-0.275,0.455,0.013,-0.258,0.008,-0.271,0.237,0.102,0.612,0.465,-0.274,-0.037,0.203,0.551,-0.365,0.172,0.543,0.786,-0.201,0.423,-0.254,-0.433,0.242,0.098,-0.445,0.051,-0.101,-0.05,-0.424,0.672,0.757,-0.333,0.152,0.613,0.578,0.01,0.064,0.717,-0.509,0.09,0.092,0.565,-0.132,-0.547,0.471,-0.361,-0.084,-0.166,-0.156,0.583,0.618,-0.195,-0.371,0.662,-0.106,-0.232,0.169,-0.192
FTNT,0.171,0.197,0.765,0.56,0.671,0.857,0.247,0.207,-0.04,0.628,0.459,0.246,0.51,0.53,0.443,0.653,0.543,0.66,0.313,0.581,0.501,0.056,0.549,-0.032,0.66,0.233,1.0,0.656,0.342,-0.124,0.198,0.461,0.436,0.571,0.751,0.688,0.634,0.522,0.399,-0.104,0.503,0.519,0.581,0.666,0.523,0.566,0.672,0.591,0.771,0.453,0.372,0.492,0.653,0.754,0.496,-0.264,0.534,-0.185,0.283,0.363,0.523,0.372,0.57,0.355,0.425,0.518,0.572,0.621,0.462,0.399,0.481,0.38,0.124,0.478,0.823,0.691,0.37,0.507,0.609,0.556,0.442,0.55,0.574,0.13,0.612,0.304,-0.108,0.439,0.582,0.369,0.645,0.626,0.24,0.544,0.466,-0.037,0.362,0.527,0.605,0.572
GEN,0.057,0.178,0.779,0.276,0.562,0.758,0.002,0.295,-0.364,0.591,0.714,0.64,0.269,0.809,0.299,0.924,0.907,0.469,-0.069,0.851,0.786,0.049,0.63,-0.326,0.937,-0.246,0.656,1.0,0.703,-0.575,0.162,0.053,0.016,0.886,0.869,0.926,0.533,0.747,0.746,-0.431,0.806,0.9,0.868,0.56,0.613,0.797,0.835,0.898,0.743,0.541,0.277,0.079,0.882,0.814,0.582,-0.634,0.722,-0.452,0.078,-0.157,0.853,0.29,0.622,0.697,0.467,0.61,0.842,0.782,0.65,0.562,0.895,-0.05,-0.194,0.61,0.802,0.384,0.211,0.431,0.643,0.254,0.766,0.78,0.688,-0.201,0.873,0.555,-0.535,0.852,0.85,0.321,0.874,0.405,-0.043,0.827,0.799,-0.464,0.51,0.696,0.709,0.625
GERN,-0.109,-0.207,0.675,0.05,0.253,0.431,-0.079,0.277,-0.517,0.303,0.435,0.42,0.164,0.673,0.262,0.645,0.675,0.191,-0.407,0.622,0.593,-0.022,0.422,-0.446,0.681,-0.405,0.342,0.703,1.0,-0.299,-0.24,-0.26,-0.29,0.705,0.603,0.615,0.156,0.701,0.527,-0.647,0.654,0.639,0.58,0.354,0.512,0.598,0.567,0.688,0.562,0.198,0.154,-0.197,0.624,0.56,0.448,-0.531,0.427,-0.442,0.086,-0.355,0.622,0.293,0.309,0.6,0.387,0.432,0.607,0.674,0.54,0.415,0.662,-0.041,-0.232,0.434,0.53,0.06,0.172,0.328,0.455,0.068,0.574,0.624,0.403,-0.231,0.635,0.281,-0.579,0.528,0.54,0.016,0.659,-0.019,-0.412,0.655,0.528,-0.226,0.329,0.506,0.588,0.253
GEVO,0.326,-0.407,-0.193,0.251,-0.087,-0.403,0.527,0.203,0.228,-0.021,-0.651,-0.715,0.383,-0.468,0.396,-0.54,-0.642,-0.297,0.418,-0.332,-0.619,-0.182,-0.162,0.541,-0.428,0.564,-0.124,-0.575,-0.299,1.0,-0.222,0.042,0.065,-0.369,-0.261,-0.548,0.039,-0.211,-0.553,0.369,-0.551,-0.688,-0.445,0.021,-0.166,-0.57,-0.279,-0.46,-0.162,-0.009,0.314,0.199,-0.691,-0.457,-0.215,0.753,-0.628,0.358,0.218,0.557,-0.476,0.47,-0.544,-0.677,-0.02,-0.231,-0.655,-0.289,-0.462,-0.114,-0.622,0.513,0.674,-0.444,-0.28,0.155,0.358,-0.22,-0.392,0.335,-0.723,-0.134,-0.265,0.456,-0.449,-0.736,0.566,-0.593,-0.465,-0.491,-0.569,0.102,0.183,-0.358,-0.487,0.857,-0.279,-0.395,-0.165,-0.614
GILD,-0.037,0.828,0.003,-0.164,0.031,0.282,-0.161,-0.246,0.406,0.106,0.343,0.189,-0.222,0.043,-0.281,0.214,0.223,0.193,0.429,0.089,0.015,-0.18,-0.139,0.079,0.087,-0.05,0.198,0.162,-0.24,-0.222,1.0,0.317,0.306,0.041,0.094,0.353,0.303,0.003,0.02,0.448,0.028,0.279,0.27,-0.114,-0.202,-0.023,0.146,0.244,-0.08,0.459,-0.242,0.105,0.24,0.072,-0.188,0.102,0.509,0.285,-0.422,-0.026,0.047,-0.121,0.462,-0.029,-0.41,-0.174,0.324,-0.211,-0.212,-0.114,0.321,-0.298,-0.046,0.352,0.07,0.084,-0.236,-0.148,-0.144,-0.165,0.332,-0.075,-0.114,-0.19,-0.006,0.325,0.184,0.279,0.176,0.471,-0.016,0.185,0.298,0.103,0.483,-0.34,0.032,0.037,-0.177,0.466
GOOG,-0.019,0.274,0.144,0.519,0.298,0.56,0.199,-0.053,0.538,0.268,0.117,-0.123,0.431,0.183,0.214,0.088,0.005,0.735,0.427,-0.035,-0.116,0.24,0.185,0.057,0.093,0.45,0.461,0.053,-0.26,0.042,0.317,1.0,0.992,-0.096,0.205,0.092,0.406,-0.192,-0.113,0.406,-0.059,-0.034,-0.053,0.509,-0.055,0.233,0.065,0.021,0.399,0.04,0.232,0.64,0.242,0.379,0.333,0.038,0.188,-0.015,0.3,0.315,-0.003,0.048,0.171,0.075,0.086,0.037,0.073,0.117,0.051,0.1,-0.102,0.271,0.174,0.237,0.455,0.547,0.202,0.534,0.23,0.333,0.037,-0.008,0.084,0.068,0.078,0.078,0.116,-0.092,0.094,0.511,0.156,0.458,0.378,-0.114,-0.024,0.071,0.233,0.2,0.105,0.23
GOOGL,-0.002,0.246,0.101,0.502,0.284,0.52,0.213,-0.059,0.534,0.257,0.078,-0.142,0.427,0.145,0.206,0.052,-0.031,0.695,0.426,-0.063,-0.141,0.235,0.168,0.059,0.072,0.444,0.436,0.016,-0.29,0.065,0.306,0.992,1.0,-0.128,0.167,0.051,0.381,-0.233,-0.14,0.426,-0.09,-0.077,-0.088,0.484,-0.085,0.201,0.036,-0.009,0.369,0.012,0.23,0.635,0.198,0.341,0.291,0.034,0.158,0.024,0.299,0.326,-0.02,0.034,0.147,0.041,0.085,0.024,0.043,0.082,0.032,0.091,-0.136,0.278,0.18,0.203,0.417,0.528,0.19,0.508,0.208,0.314,0.008,-0.039,0.068,0.068,0.045,0.061,0.146,-0.111,0.053,0.474,0.12,0.437,0.373,-0.136,-0.054,0.084,0.237,0.169,0.059,0.205
GT,0.213,0.044,0.747,0.285,0.573,0.611,0.186,0.502,-0.499,0.589,0.593,0.519,0.355,0.624,0.403,0.855,0.836,0.296,0.01,0.913,0.761,-0.022,0.65,-0.205,0.894,-0.148,0.571,0.886,0.705,-0.369,0.041,-0.096,-0.128,1.0,0.867,0.852,0.476,0.814,0.715,-0.422,0.694,0.839,0.847,0.529,0.615,0.657,0.868,0.881,0.726,0.622,0.383,0.011,0.723,0.722,0.569,-0.467,0.616,-0.405,0.149,-0.032,0.824,0.383,0.499,0.602,0.539,0.601,0.726,0.755,0.572,0.532,0.846,0.046,-0.052,0.463,0.707,0.383,0.255,0.248,0.572,0.335,0.572,0.877,0.629,-0.046,0.845,0.392,-0.438,0.851,0.889,0.125,0.779,0.438,0.024,0.849,0.729,-0.281,0.382,0.604,0.727,0.468
HBAN,0.323,0.05,0.84,0.536,0.716,0.776,0.296,0.54,-0.35,0.764,0.529,0.403,0.558,0.647,0.553,0.842,0.79,0.496,0.2,0.877,0.678,0.075,0.788,-0.127,0.924,0.052,0.751,0.869,0.603,-0.261,0.094,0.205,0.167,0.867,1.0,0.859,0.628,0.798,0.659,-0.267,0.685,0.707,0.759,0.73,0.729,0.681,0.9,0.814,0.857,0.616,0.528,0.245,0.723,0.798,0.643,-0.377,0.59,-0.46,0.287,0.14,0.81,0.498,0.51,0.497,0.621,0.699,0.644,0.801,0.562,0.567,0.7,0.256,0.109,0.483,0.866,0.628,0.466,0.428,0.673,0.549,0.547,0.868,0.703,0.077,0.868,0.31,-0.284,0.702,0.862,0.179,0.764,0.657,0.227,0.797,0.638,-0.108,0.458,0.604,0.813,0.454
HST,0.133,0.388,0.767,0.209,0.55,0.786,-0.066,0.264,-0.345,0.588,0.752,0.665,0.163,0.701,0.164,0.904,0.895,0.472,0.053,0.855,0.783,-0.023,0.567,-0.305,0.882,-0.237,0.688,0.926,0.615,-0.548,0.353,0.092,0.051,0.852,0.859,1.0,0.532,0.745,0.723,-0.276,0.788,0.899,0.866,0.466,0.605,0.742,0.844,0.872,0.656,0.594,0.158,0.043,0.869,0.775,0.473,-0.517,0.832,-0.31,-0.03,-0.1,0.808,0.176,0.73,0.643,0.322,0.593,0.837,0.659,0.58,0.417,0.885,-0.046,-0.217,0.686,0.748,0.389,0.124,0.322,0.602,0.232,0.765,0.687,0.635,-0.147,0.831,0.627,-0.44,0.845,0.871,0.417,0.808,0.444,0.093,0.806,0.815,-0.448,0.407,0.594,0.625,0.716
INTC,0.272,0.133,0.55,0.477,0.584,0.572,0.451,0.337,0.1,0.709,0.402,0.106,0.478,0.444,0.468,0.498,0.349,0.469,0.52,0.565,0.161,-0.15,0.533,0.11,0.538,0.208,0.634,0.533,0.156,0.039,0.303,0.406,0.381,0.476,0.628,0.532,1.0,0.436,0.308,0.098,0.376,0.388,0.607,0.558,0.342,0.357,0.586,0.496,0.514,0.697,0.427,0.47,0.353,0.438,0.39,-0.025,0.351,-0.14,0.122,0.305,0.453,0.464,0.283,0.182,0.279,0.305,0.35,0.41,0.248,0.491,0.396,0.164,0.278,0.336,0.588,0.659,0.399,0.372,0.252,0.484,0.182,0.539,0.466,0.143,0.514,0.149,0.108,0.451,0.467,0.183,0.351,0.659,0.247,0.532,0.505,0.019,0.265,0.489,0.465,0.283
IOVA,0.229,-0.07,0.81,0.258,0.526,0.525,0.146,0.419,-0.596,0.613,0.489,0.381,0.287,0.479,0.403,0.714,0.697,0.141,0.008,0.784,0.634,-0.118,0.633,-0.085,0.777,-0.12,0.522,0.747,0.701,-0.211,0.003,-0.192,-0.233,0.814,0.798,0.745,0.436,1.0,0.616,-0.407,0.727,0.658,0.719,0.448,0.761,0.508,0.784,0.738,0.623,0.571,0.375,-0.119,0.545,0.565,0.445,-0.315,0.471,-0.331,0.144,0.048,0.733,0.466,0.459,0.398,0.459,0.652,0.567,0.658,0.545,0.416,0.678,0.131,0.042,0.406,0.588,0.36,0.385,0.152,0.525,0.455,0.484,0.766,0.569,0.149,0.753,0.236,-0.203,0.642,0.687,-0.094,0.607,0.406,0.029,0.821,0.603,-0.108,0.225,0.405,0.783,0.38
IQ,0.209,0.042,0.491,0.142,0.643,0.493,-0.145,0.205,-0.505,0.522,0.676,0.763,0.05,0.635,0.086,0.75,0.726,0.227,-0.17,0.758,0.779,-0.024,0.585,-0.355,0.717,-0.337,0.399,0.746,0.527,-0.553,0.02,-0.113,-0.14,0.715,0.659,0.723,0.308,0.616,1.0,-0.405,0.756,0.699,0.681,0.313,0.655,0.661,0.721,0.646,0.503,0.379,0.092,-0.048,0.654,0.598,0.392,-0.621,0.6,-0.348,0.029,-0.1,0.813,0.03,0.538,0.628,0.461,0.674,0.612,0.528,0.647,0.434,0.666,-0.071,-0.381,0.458,0.536,0.293,0.082,0.28,0.537,0.144,0.715,0.609,0.733,-0.008,0.722,0.646,-0.414,0.738,0.736,0.17,0.694,0.341,-0.015,0.674,0.56,-0.419,0.432,0.503,0.62,0.563
JBLU,0.35,0.355,-0.435,-0.005,-0.107,-0.186,0.266,-0.142,0.448,-0.087,-0.248,-0.313,0.081,-0.461,-0.037,-0.31,-0.357,-0.129,0.611,-0.3,-0.493,-0.152,-0.244,0.518,-0.388,0.363,-0.104,-0.431,-0.647,0.369,0.448,0.406,0.426,-0.422,-0.267,-0.276,0.098,-0.407,-0.405,1.0,-0.409,-0.363,-0.267,-0.203,-0.346,-0.47,-0.235,-0.3,-0.327,0.116,-0.089,0.12,-0.39,-0.377,-0.477,0.568,-0.126,0.397,-0.279,0.4,-0.356,-0.056,-0.18,-0.483,-0.331,-0.373,-0.372,-0.421,-0.458,-0.205,-0.346,-0.016,0.407,-0.267,-0.322,0.08,-0.083,-0.314,-0.439,-0.041,-0.334,-0.335,-0.29,0.152,-0.424,-0.184,0.47,-0.307,-0.324,0.043,-0.502,0.142,0.511,-0.324,-0.127,0.233,-0.278,-0.303,-0.441,-0.0
JD,0.11,0.141,0.68,0.219,0.522,0.621,-0.167,0.059,-0.528,0.5,0.772,0.724,0.077,0.666,0.129,0.792,0.8,0.296,-0.187,0.729,0.748,0.038,0.581,-0.345,0.803,-0.287,0.503,0.806,0.654,-0.551,0.028,-0.059,-0.09,0.694,0.685,0.788,0.376,0.727,0.756,-0.409,1.0,0.732,0.655,0.425,0.747,0.763,0.702,0.67,0.577,0.321,0.113,-0.161,0.769,0.709,0.431,-0.651,0.655,-0.334,0.087,-0.144,0.793,0.034,0.614,0.657,0.329,0.643,0.672,0.646,0.83,0.331,0.746,0.01,-0.343,0.539,0.594,0.311,0.216,0.357,0.619,0.218,0.659,0.583,0.741,-0.073,0.752,0.611,-0.442,0.694,0.697,0.237,0.766,0.332,-0.031,0.716,0.576,-0.41,0.392,0.475,0.664,0.61
KDP,-0.084,0.337,0.635,0.002,0.395,0.658,-0.155,0.216,-0.35,0.38,0.777,0.685,0.025,0.722,0.036,0.887,0.904,0.402,-0.153,0.763,0.784,-0.031,0.449,-0.369,0.806,-0.409,0.519,0.9,0.639,-0.688,0.279,-0.034,-0.077,0.839,0.707,0.899,0.388,0.658,0.699,-0.363,0.732,1.0,0.894,0.318,0.462,0.746,0.712,0.889,0.544,0.516,-0.002,-0.036,0.859,0.719,0.449,-0.59,0.782,-0.353,-0.148,-0.301,0.786,0.071,0.676,0.746,0.275,0.43,0.886,0.645,0.583,0.442,0.954,-0.303,-0.341,0.647,0.634,0.143,-0.078,0.295,0.518,0.01,0.801,0.644,0.488,-0.335,0.81,0.674,-0.628,0.896,0.809,0.444,0.817,0.218,-0.129,0.799,0.832,-0.627,0.396,0.673,0.525,0.693
KHC,0.114,0.181,0.665,0.109,0.498,0.594,0.121,0.376,-0.34,0.575,0.647,0.536,0.19,0.668,0.246,0.837,0.767,0.301,0.047,0.837,0.646,-0.226,0.514,-0.168,0.802,-0.275,0.581,0.868,0.58,-0.445,0.27,-0.053,-0.088,0.847,0.759,0.866,0.607,0.719,0.681,-0.267,0.655,0.894,1.0,0.36,0.525,0.633,0.77,0.889,0.547,0.708,0.162,0.082,0.677,0.621,0.393,-0.411,0.664,-0.288,-0.134,-0.082,0.789,0.332,0.536,0.559,0.325,0.459,0.749,0.648,0.469,0.574,0.875,-0.172,-0.074,0.524,0.624,0.284,0.101,0.227,0.397,0.191,0.642,0.744,0.56,-0.13,0.831,0.491,-0.429,0.879,0.766,0.236,0.706,0.367,-0.083,0.891,0.815,-0.416,0.395,0.66,0.557,0.583
LRCX,0.251,-0.163,0.685,0.892,0.696,0.682,0.452,0.382,-0.024,0.698,0.258,0.044,0.757,0.491,0.717,0.477,0.395,0.621,0.263,0.528,0.416,0.294,0.647,0.035,0.667,0.455,0.666,0.56,0.354,0.021,-0.114,0.509,0.484,0.529,0.73,0.466,0.558,0.448,0.313,-0.203,0.425,0.318,0.36,1.0,0.537,0.6,0.603,0.451,0.866,0.302,0.686,0.492,0.502,0.713,0.849,-0.219,0.199,-0.306,0.631,0.378,0.503,0.525,0.265,0.33,0.642,0.581,0.304,0.68,0.542,0.435,0.285,0.569,0.314,0.303,0.832,0.818,0.643,0.619,0.648,0.753,0.218,0.647,0.613,0.221,0.635,-0.002,-0.137,0.274,0.561,0.179,0.642,0.707,0.284,0.451,0.18,0.191,0.423,0.409,0.793,0.148
LYFT,0.312,-0.204,0.684,0.432,0.675,0.496,0.143,0.309,-0.587,0.631,0.384,0.408,0.37,0.478,0.432,0.617,0.567,0.196,0.002,0.737,0.606,0.0,0.717,-0.08,0.713,0.013,0.523,0.613,0.512,-0.166,-0.202,-0.055,-0.085,0.615,0.729,0.605,0.342,0.761,0.655,-0.346,0.747,0.462,0.525,0.537,1.0,0.611,0.717,0.534,0.647,0.326,0.392,-0.035,0.474,0.576,0.446,-0.385,0.36,-0.321,0.321,0.222,0.713,0.38,0.414,0.397,0.555,0.751,0.399,0.681,0.655,0.359,0.464,0.348,0.014,0.343,0.577,0.454,0.466,0.294,0.59,0.532,0.38,0.66,0.781,0.354,0.716,0.263,-0.188,0.46,0.592,-0.05,0.594,0.506,0.095,0.673,0.327,0.012,0.283,0.345,0.772,0.341
MARA,-0.153,0.076,0.677,0.313,0.492,0.757,-0.171,0.118,-0.257,0.425,0.694,0.668,0.185,0.861,0.135,0.73,0.738,0.664,-0.282,0.669,0.737,0.135,0.542,-0.516,0.784,-0.258,0.566,0.797,0.598,-0.57,-0.023,0.233,0.201,0.657,0.681,0.742,0.357,0.508,0.661,-0.47,0.763,0.746,0.633,0.6,0.611,1.0,0.586,0.654,0.688,0.174,0.114,0.167,0.847,0.865,0.696,-0.726,0.602,-0.396,0.215,-0.196,0.715,0.057,0.604,0.835,0.391,0.566,0.743,0.688,0.747,0.438,0.674,0.042,-0.394,0.718,0.757,0.307,0.098,0.719,0.691,0.204,0.698,0.529,0.631,-0.203,0.804,0.652,-0.667,0.643,0.702,0.546,0.908,0.289,-0.189,0.62,0.466,-0.436,0.546,0.641,0.654,0.518
MCHP,0.404,0.106,0.722,0.439,0.76,0.671,0.286,0.448,-0.41,0.742,0.538,0.447,0.448,0.555,0.496,0.824,0.773,0.311,0.259,0.886,0.675,-0.072,0.674,-0.049,0.847,0.008,0.672,0.835,0.567,-0.279,0.146,0.065,0.036,0.868,0.9,0.844,0.586,0.784,0.721,-0.235,0.702,0.712,0.77,0.603,0.717,0.586,1.0,0.818,0.778,0.664,0.448,0.082,0.673,0.674,0.471,-0.341,0.581,-0.261,0.159,0.204,0.811,0.452,0.539,0.469,0.519,0.666,0.609,0.726,0.557,0.47,0.714,0.168,0.091,0.427,0.734,0.604,0.454,0.235,0.53,0.476,0.522,0.869,0.781,0.173,0.794,0.34,-0.2,0.745,0.824,0.105,0.705,0.65,0.238,0.832,0.666,-0.146,0.374,0.516,0.76,0.525
MDLZ,0.058,0.162,0.7,0.151,0.469,0.646,0.084,0.369,-0.382,0.527,0.617,0.505,0.301,0.679,0.306,0.887,0.858,0.32,0.015,0.835,0.672,-0.076,0.524,-0.246,0.856,-0.271,0.591,0.898,0.688,-0.46,0.244,0.021,-0.009,0.881,0.814,0.872,0.496,0.738,0.646,-0.3,0.67,0.889,0.889,0.451,0.534,0.654,0.818,1.0,0.669,0.631,0.241,0.018,0.763,0.711,0.443,-0.488,0.72,-0.403,-0.049,-0.161,0.817,0.351,0.531,0.594,0.389,0.511,0.788,0.716,0.471,0.506,0.907,-0.173,-0.081,0.517,0.673,0.267,0.128,0.279,0.458,0.17,0.715,0.795,0.53,-0.212,0.799,0.446,-0.477,0.863,0.786,0.242,0.75,0.337,-0.06,0.833,0.838,-0.431,0.457,0.647,0.623,0.556
META,0.194,-0.098,0.779,0.714,0.721,0.812,0.341,0.408,-0.221,0.671,0.405,0.25,0.693,0.627,0.656,0.713,0.638,0.607,0.158,0.708,0.57,0.225,0.712,-0.1,0.808,0.237,0.771,0.743,0.562,-0.162,-0.08,0.399,0.369,0.726,0.857,0.656,0.514,0.623,0.503,-0.327,0.577,0.544,0.547,0.866,0.647,0.688,0.778,0.669,1.0,0.368,0.608,0.364,0.698,0.837,0.749,-0.387,0.445,-0.397,0.536,0.254,0.669,0.511,0.416,0.484,0.683,0.646,0.541,0.837,0.606,0.51,0.516,0.435,0.153,0.401,0.918,0.703,0.568,0.59,0.715,0.641,0.408,0.787,0.676,0.122,0.757,0.18,-0.284,0.503,0.729,0.212,0.781,0.661,0.181,0.612,0.401,0.012,0.452,0.591,0.819,0.37
MNST,0.365,0.251,0.447,0.217,0.463,0.378,0.441,0.43,-0.059,0.605,0.324,0.131,0.344,0.287,0.41,0.528,0.437,0.094,0.528,0.639,0.233,-0.35,0.418,0.294,0.544,0.102,0.453,0.541,0.198,-0.009,0.459,0.04,0.012,0.622,0.616,0.594,0.697,0.571,0.379,0.116,0.321,0.516,0.708,0.302,0.326,0.174,0.664,0.631,0.368,1.0,0.316,0.194,0.28,0.292,0.168,0.065,0.39,-0.064,-0.162,0.238,0.513,0.496,0.268,0.054,0.201,0.22,0.347,0.326,0.099,0.409,0.573,-0.058,0.357,0.21,0.379,0.417,0.301,-0.04,0.062,0.323,0.262,0.644,0.374,0.118,0.456,0.081,0.092,0.609,0.531,0.004,0.256,0.561,0.228,0.65,0.651,-0.065,0.18,0.359,0.417,0.281
MRNA,0.481,-0.404,0.455,0.773,0.464,0.25,0.694,0.589,-0.093,0.57,-0.177,-0.269,0.825,0.088,0.862,0.21,0.087,0.182,0.405,0.36,0.148,0.254,0.55,0.368,0.399,0.612,0.372,0.277,0.154,0.314,-0.242,0.232,0.23,0.383,0.528,0.158,0.427,0.375,0.092,-0.089,0.113,-0.002,0.162,0.686,0.392,0.114,0.448,0.241,0.608,0.316,1.0,0.359,0.064,0.305,0.49,0.082,-0.135,-0.282,0.737,0.524,0.268,0.672,-0.126,-0.028,0.653,0.499,-0.047,0.519,0.234,0.402,0.016,0.612,0.628,-0.161,0.496,0.647,0.747,0.216,0.361,0.785,-0.168,0.585,0.417,0.496,0.35,-0.387,0.138,0.107,0.313,-0.349,0.234,0.623,0.416,0.276,0.043,0.494,0.157,0.195,0.547,-0.183
MRVL,-0.022,-0.008,0.239,0.542,0.35,0.432,0.439,0.245,0.601,0.329,-0.044,-0.263,0.512,0.195,0.4,0.043,-0.084,0.633,0.379,0.021,-0.067,0.111,0.256,0.179,0.116,0.465,0.492,0.079,-0.197,0.199,0.105,0.64,0.635,0.011,0.245,0.043,0.47,-0.119,-0.048,0.12,-0.161,-0.036,0.082,0.492,-0.035,0.167,0.082,0.018,0.364,0.194,0.359,1.0,0.088,0.327,0.35,0.08,-0.018,-0.171,0.358,0.422,0.005,0.292,-0.021,-0.048,0.303,0.05,-0.006,0.149,-0.037,0.333,-0.134,0.32,0.347,0.062,0.473,0.516,0.321,0.479,0.175,0.41,-0.022,0.125,0.058,0.175,0.126,-0.13,0.132,-0.005,0.119,0.257,0.12,0.46,0.219,-0.009,-0.086,0.219,0.221,0.283,0.162,-0.019
MSFT,-0.146,0.402,0.679,0.21,0.455,0.852,-0.245,0.029,-0.199,0.388,0.79,0.716,0.109,0.792,0.057,0.86,0.888,0.65,-0.151,0.679,0.789,0.199,0.471,-0.487,0.801,-0.274,0.653,0.882,0.624,-0.691,0.24,0.242,0.198,0.723,0.723,0.869,0.353,0.545,0.654,-0.39,0.769,0.859,0.677,0.502,0.474,0.847,0.673,0.763,0.698,0.28,0.064,0.088,1.0,0.866,0.573,-0.698,0.82,-0.371,0.094,-0.253,0.699,-0.005,0.747,0.809,0.299,0.493,0.887,0.675,0.659,0.346,0.827,-0.07,-0.419,0.736,0.792,0.313,0.034,0.546,0.694,0.103,0.826,0.541,0.553,-0.327,0.743,0.711,-0.591,0.723,0.79,0.622,0.896,0.283,-0.032,0.617,0.702,-0.57,0.462,0.656,0.575,0.735
MSTR,-0.07,0.139,0.771,0.475,0.594,0.87,0.014,0.179,-0.183,0.524,0.676,0.491,0.383,0.751,0.307,0.806,0.76,0.727,-0.064,0.667,0.7,0.204,0.597,-0.383,0.822,-0.037,0.754,0.814,0.56,-0.457,0.072,0.379,0.341,0.722,0.798,0.775,0.438,0.565,0.598,-0.377,0.709,0.719,0.621,0.713,0.576,0.865,0.674,0.711,0.837,0.292,0.305,0.327,0.866,1.0,0.721,-0.613,0.648,-0.491,0.364,-0.012,0.685,0.184,0.597,0.715,0.448,0.582,0.726,0.78,0.663,0.481,0.674,0.22,-0.2,0.571,0.878,0.498,0.246,0.68,0.75,0.359,0.66,0.635,0.63,-0.11,0.781,0.478,-0.489,0.622,0.787,0.454,0.874,0.471,0.046,0.585,0.526,-0.315,0.524,0.673,0.695,0.564
MU,0.001,-0.176,0.642,0.666,0.531,0.616,0.145,0.371,-0.135,0.496,0.405,0.219,0.473,0.586,0.432,0.472,0.45,0.652,-0.095,0.495,0.534,0.351,0.62,-0.266,0.639,0.203,0.496,0.582,0.448,-0.215,-0.188,0.333,0.291,0.569,0.643,0.473,0.39,0.445,0.392,-0.477,0.431,0.449,0.393,0.849,0.446,0.696,0.471,0.443,0.749,0.168,0.49,0.35,0.573,0.721,1.0,-0.367,0.229,-0.391,0.623,0.074,0.533,0.298,0.337,0.512,0.576,0.555,0.443,0.644,0.56,0.441,0.376,0.385,-0.02,0.426,0.773,0.554,0.38,0.658,0.741,0.565,0.327,0.556,0.468,-0.022,0.685,0.18,-0.4,0.344,0.587,0.294,0.75,0.458,0.017,0.446,0.181,-0.005,0.476,0.49,0.75,0.14
MVIS,0.323,-0.018,-0.394,0.044,-0.192,-0.469,0.4,0.167,0.363,-0.13,-0.615,-0.704,0.096,-0.648,0.118,-0.621,-0.645,-0.322,0.501,-0.448,-0.657,-0.239,-0.376,0.655,-0.563,0.551,-0.264,-0.634,-0.531,0.753,0.102,0.038,0.034,-0.467,-0.377,-0.517,-0.025,-0.315,-0.621,0.568,-0.651,-0.59,-0.411,-0.219,-0.385,-0.726,-0.341,-0.488,-0.387,0.065,0.082,0.08,-0.698,-0.613,-0.367,1.0,-0.515,0.47,-0.078,0.468,-0.547,0.246,-0.422,-0.765,-0.323,-0.411,-0.634,-0.479,-0.628,-0.328,-0.579,0.203,0.645,-0.433,-0.436,0.049,0.152,-0.484,-0.535,0.167,-0.686,-0.268,-0.432,0.306,-0.51,-0.667,0.614,-0.55,-0.486,-0.292,-0.648,0.082,0.342,-0.344,-0.419,0.656,-0.438,-0.533,-0.369,-0.445
NFLX,-0.034,0.603,0.488,-0.039,0.345,0.711,-0.321,-0.014,-0.202,0.347,0.755,0.7,-0.104,0.574,-0.157,0.773,0.78,0.459,0.017,0.638,0.598,-0.005,0.33,-0.397,0.656,-0.365,0.534,0.722,0.427,-0.628,0.509,0.188,0.158,0.616,0.59,0.832,0.351,0.471,0.6,-0.126,0.655,0.782,0.664,0.199,0.36,0.602,0.581,0.72,0.445,0.39,-0.135,-0.018,0.82,0.648,0.229,-0.515,1.0,-0.234,-0.194,-0.247,0.623,-0.153,0.722,0.593,0.049,0.342,0.791,0.363,0.411,0.128,0.8,-0.224,-0.437,0.646,0.55,0.187,-0.16,0.221,0.44,-0.075,0.756,0.396,0.418,-0.318,0.561,0.716,-0.37,0.742,0.705,0.58,0.621,0.255,0.123,0.551,0.748,-0.582,0.259,0.451,0.325,0.78
NNDM,0.112,0.27,-0.387,-0.175,-0.171,-0.296,-0.073,-0.323,0.234,-0.222,-0.207,-0.171,-0.303,-0.417,-0.275,-0.429,-0.41,-0.278,0.256,-0.373,-0.297,-0.251,-0.462,0.28,-0.438,0.172,-0.185,-0.452,-0.442,0.358,0.285,-0.015,0.024,-0.405,-0.46,-0.31,-0.14,-0.331,-0.348,0.397,-0.334,-0.353,-0.288,-0.306,-0.321,-0.396,-0.261,-0.403,-0.397,-0.064,-0.282,-0.171,-0.371,-0.491,-0.391,0.47,-0.234,1.0,-0.229,0.276,-0.377,-0.164,0.085,-0.407,-0.444,-0.346,-0.265,-0.522,-0.279,-0.396,-0.321,0.064,0.102,0.018,-0.397,-0.077,-0.161,-0.403,-0.342,-0.078,-0.312,-0.417,-0.231,0.13,-0.406,-0.098,0.383,-0.321,-0.399,0.059,-0.356,-0.088,0.107,-0.238,-0.224,0.181,-0.284,-0.471,-0.404,0.003
NVAX,0.204,-0.431,0.328,0.733,0.362,0.253,0.336,0.297,-0.049,0.297,-0.086,-0.175,0.58,0.087,0.544,0.056,-0.041,0.343,0.052,0.107,0.168,0.467,0.452,0.043,0.213,0.543,0.283,0.078,0.086,0.218,-0.422,0.3,0.299,0.149,0.287,-0.03,0.122,0.144,0.029,-0.279,0.087,-0.148,-0.134,0.631,0.321,0.215,0.159,-0.049,0.536,-0.162,0.737,0.358,0.094,0.364,0.623,-0.078,-0.194,-0.229,1.0,0.444,0.1,0.301,-0.029,0.104,0.542,0.463,-0.052,0.413,0.305,0.254,-0.172,0.765,0.255,-0.084,0.446,0.526,0.535,0.43,0.549,0.673,-0.167,0.243,0.278,0.396,0.231,-0.238,0.027,-0.118,0.161,-0.159,0.293,0.419,0.246,-0.004,-0.281,0.475,0.185,0.172,0.445,-0.193
NVDA,0.626,-0.149,0.081,0.652,0.498,0.098,0.666,0.232,0.151,0.418,-0.268,-0.383,0.565,-0.297,0.569,-0.122,-0.293,0.055,0.634,0.061,-0.098,-0.019,0.22,0.672,-0.047,0.786,0.363,-0.157,-0.355,0.557,-0.026,0.315,0.326,-0.032,0.14,-0.1,0.305,0.048,-0.1,0.4,-0.144,-0.301,-0.082,0.378,0.222,-0.196,0.204,-0.161,0.254,0.238,0.524,0.422,-0.253,-0.012,0.074,0.468,-0.247,0.276,0.444,1.0,-0.063,0.417,-0.078,-0.388,0.279,0.238,-0.314,0.053,-0.025,0.054,-0.327,0.691,0.688,-0.291,0.139,0.664,0.549,-0.081,0.088,0.708,-0.397,0.146,0.257,0.735,-0.038,-0.373,0.545,-0.177,-0.042,-0.26,-0.085,0.626,0.578,0.019,-0.257,0.672,-0.133,-0.152,0.222,-0.032
NWL,0.24,-0.003,0.637,0.288,0.663,0.589,0.07,0.399,-0.545,0.628,0.636,0.611,0.283,0.667,0.306,0.824,0.775,0.294,-0.071,0.835,0.748,-0.015,0.721,-0.251,0.896,-0.201,0.523,0.853,0.622,-0.476,0.047,-0.003,-0.02,0.824,0.81,0.808,0.453,0.733,0.813,-0.356,0.793,0.786,0.789,0.503,0.713,0.715,0.811,0.817,0.669,0.513,0.268,0.005,0.699,0.685,0.533,-0.547,0.623,-0.377,0.1,-0.063,1.0,0.242,0.503,0.597,0.534,0.702,0.649,0.738,0.666,0.548,0.776,-0.008,-0.156,0.466,0.659,0.367,0.249,0.342,0.608,0.308,0.644,0.781,0.739,-0.108,0.86,0.494,-0.481,0.801,0.802,0.152,0.772,0.439,0.017,0.84,0.633,-0.321,0.533,0.612,0.737,0.589
OCGN,0.328,-0.395,0.444,0.52,0.376,0.175,0.715,0.573,-0.047,0.54,-0.214,-0.309,0.733,0.179,0.817,0.213,0.099,0.033,0.39,0.391,0.018,-0.151,0.381,0.412,0.368,0.423,0.372,0.29,0.293,0.47,-0.121,0.048,0.034,0.383,0.498,0.176,0.464,0.466,0.03,-0.056,0.034,0.071,0.332,0.525,0.38,0.057,0.452,0.351,0.511,0.496,0.672,0.292,-0.005,0.184,0.298,0.246,-0.153,-0.164,0.301,0.417,0.242,1.0,-0.181,-0.124,0.451,0.267,-0.009,0.485,0.026,0.411,0.124,0.412,0.722,-0.061,0.4,0.451,0.66,0.105,0.059,0.619,-0.109,0.653,0.301,0.375,0.344,-0.443,0.179,0.128,0.241,-0.369,0.153,0.442,0.101,0.422,0.186,0.47,0.152,0.211,0.504,-0.198
ON,-0.058,0.563,0.507,0.04,0.465,0.679,-0.381,-0.134,-0.157,0.289,0.759,0.663,-0.164,0.53,-0.207,0.649,0.708,0.491,-0.061,0.496,0.658,0.024,0.293,-0.401,0.569,-0.254,0.57,0.622,0.309,-0.544,0.462,0.171,0.147,0.499,0.51,0.73,0.283,0.459,0.538,-0.18,0.614,0.676,0.536,0.265,0.414,0.604,0.539,0.531,0.416,0.268,-0.126,-0.021,0.747,0.597,0.337,-0.422,0.722,0.085,-0.029,-0.078,0.503,-0.181,1.0,0.506,0.061,0.378,0.821,0.317,0.46,0.183,0.647,-0.026,-0.452,0.754,0.543,0.281,-0.145,0.272,0.583,0.068,0.704,0.249,0.403,-0.206,0.549,0.73,-0.272,0.549,0.557,0.62,0.653,0.275,0.046,0.522,0.574,-0.474,0.261,0.368,0.349,0.757
OPK,-0.244,0.12,0.461,0.041,0.308,0.576,-0.278,0.001,-0.302,0.207,0.701,0.675,-0.013,0.742,-0.037,0.695,0.705,0.486,-0.356,0.531,0.715,0.163,0.367,-0.585,0.622,-0.433,0.355,0.697,0.6,-0.677,-0.029,0.075,0.041,0.602,0.497,0.643,0.182,0.398,0.628,-0.483,0.657,0.746,0.559,0.33,0.397,0.835,0.469,0.594,0.484,0.054,-0.028,-0.048,0.809,0.715,0.512,-0.765,0.593,-0.407,0.104,-0.388,0.597,-0.124,0.506,1.0,0.246,0.392,0.73,0.616,0.664,0.377,0.681,-0.176,-0.543,0.611,0.562,0.078,-0.115,0.585,0.546,-0.078,0.693,0.426,0.467,-0.284,0.672,0.695,-0.712,0.635,0.639,0.45,0.779,0.029,-0.235,0.488,0.545,-0.581,0.391,0.703,0.494,0.546
