,AAPL,ACRS,ADP,AFYA,AGNC,AGYS,ALT,AMGN,AMPH,AMZN,ANIP,AOSL,APDN,APLT,APVO,ARGX,ARLP,ATEX,ATRA,AUTL,AVDL,BCRX,BHAT,BLBD,BMRN,BNGO,BUSE,CAKE,CASY,CCOI,CEVA,CHY,CLDX,CLMT,COHU,COLM,COST,CPRT,CSWC,CSX,DBX,DCOM,DKNG,DMLP,DOX,EA,EDIT,ENPH,ENSG,ERNA,ESGR,ETNB,EXTR,FANG,FARO,FATE,FGEN,FIVE,FIVN,FLGT,FOLD,FORM,FOXA,FRPT,FSLR,FTAI,GBDC,GDYN,GGAL,GNLN,GRFS,GT,HCAT,HCM,HFWA,HOLX,HQY,HUBG,IAC,ICLR,IDCC,IEP,IHRT,ILMN,ILPT,IMAB,IMOS,INMD,INTZ,JAZZ,JKHY,JRVR,KIDS,LBRDK,LGND,LMAT,LPLA,LULU,MASI,MAT,MATW,MBIN,MBIO,MCRB,MDB,MDLZ,MELI,MIRM,MLKN,MNMD,MNRO,MPWR,MRCY,MRSN,MTVA,NAAS,NDAQ,NDSN,NEGG,NOVT,NVDA,NWE,NWSA,NXST,OCX,ODFL,OMAB,OPCH,OPRA,ORGO,OTRK,OZK,PAGP,PCH,PEGA,PENG,PENN,PFBC,PGNY,PHAT,PHUN,PINC,PLUG,PLXS,PYPL,QLYS,QNCX,QQQX,QVCGA,RAPT,RBBN,RCKT,REPL,RMBS,ROAD,ROKU,ROP,RUSHA,SANM,SATS,SBCF,SBLK,SBUX,SCHL,SCSC,SDGR,SEIC,SFIX,SGRY,SKYW,SLP,SNES,STAA,STLD,STOK,SWKS,TER,TFIN,TIGO,TILE,TPIC,TTEC,TTEK,TTGT,UXIN,VERU,VLYPP,VNOM,VRNS,VRSN,WDAY,WERN,WINA,WKHS,WRLD,XP,XTKG,YY,ZION,ZM
AAPL,0.0,0.291,0.033,0.749,0.361,0.359,0.085,0.775,0.191,0.623,0.145,0.617,0.049,0.194,0.473,0.555,-0.358,0.534,0.604,0.208,0.456,0.34,0.408,0.388,0.677,0.499,0.152,0.488,0.706,0.467,0.547,0.887,0.518,-0.343,0.124,0.236,0.748,0.595,0.426,0.436,0.658,0.106,0.855,0.434,0.504,0.234,0.122,0.704,0.232,0.448,0.328,0.63,0.64,0.441,0.745,0.731,0.613,0.57,0.127,0.379,0.329,0.5,-0.023,0.559,-0.289,0.561,0.735,0.661,0.435,0.542,0.796,0.392,0.281,0.592,0.175,-0.098,0.379,0.678,0.475,0.656,0.811,0.609,0.251,0.518,0.599,-0.404,0.298,0.7,0.719,0.299,0.714,-0.018,0.399,0.704,0.446,0.147,0.415,0.713,0.653,-0.279,0.473,0.221,0.542,0.712,0.744,0.808,0.621,0.754,0.557,0.563,0.289,0.342,0.229,0.383,0.416,0.681,0.744,0.635,-0.486,0.606,0.811,0.168,0.593,0.61,0.525,0.611,0.621,0.437,0.248,0.559,-0.293,-0.015,0.5,0.455,0.624,0.351,0.891,0.169,0.804,0.252,0.372,0.611,0.571,0.625,0.505,0.521,0.345,0.945,0.759,0.56,0.158,0.397,0.294,0.706,0.284,0.789,0.559,0.271,0.639,0.626,0.015,0.668,0.591,0.474,0.508,0.437,0.719,-0.007,0.266,0.509,0.831,0.299,0.057,0.533,0.415,0.555,0.482,0.232,0.582,0.591,0.536,0.717,0.578,0.765,0.352,0.472,0.584,0.537,0.585,0.852,0.786,0.566,0.071,0.619,0.72,0.261,-0.144,-0.017,0.173,0.104
ACRS,0.291,0.0,-0.733,-0.048,-0.497,-0.536,0.414,0.111,0.682,0.458,0.528,-0.181,0.705,0.82,-0.448,0.14,-0.79,0.762,-0.12,0.659,-0.319,-0.534,0.745,-0.349,0.688,0.278,-0.419,-0.037,0.159,0.383,0.818,0.183,-0.301,0.277,-0.595,0.617,0.387,-0.025,-0.397,-0.376,0.792,-0.28,0.613,-0.377,-0.256,0.658,0.695,0.066,-0.58,0.6,-0.416,0.206,-0.034,-0.085,0.398,-0.063,0.759,-0.229,-0.159,0.305,-0.567,-0.412,0.051,-0.132,-0.242,0.087,0.11,0.335,-0.33,0.179,0.428,0.399,-0.415,-0.012,-0.409,-0.423,-0.352,0.323,-0.364,0.719,0.391,0.025,-0.582,0.748,0.601,0.423,0.419,0.118,0.608,0.206,0.308,0.359,0.4,0.006,0.52,-0.677,0.059,0.266,0.038,-0.626,0.11,-0.323,0.427,-0.022,0.672,0.442,0.171,0.574,0.3,0.738,0.191,-0.028,0.802,-0.478,0.78,0.106,0.374,0.653,-0.119,-0.018,0.39,-0.498,-0.255,-0.017,-0.162,0.221,-0.107,-0.392,0.589,0.527,-0.107,-0.674,-0.244,0.785,0.78,-0.458,0.491,-0.381,0.163,-0.175,0.812,0.161,-0.354,0.106,0.721,0.79,0.556,0.406,-0.128,0.732,-0.444,-0.448,-0.297,-0.174,-0.295,0.197,0.766,-0.28,-0.104,0.637,-0.568,0.402,-0.25,0.097,-0.347,0.673,0.443,-0.535,-0.332,0.017,0.215,0.698,-0.494,0.029,-0.431,0.808,-0.341,-0.099,0.043,-0.156,-0.296,0.01,-0.279,-0.123,0.59,-0.283,0.621,-0.177,0.558,0.527,0.62,0.566,-0.61,0.634,0.638,0.709,0.439,-0.687,-0.467,0.712
ADP,0.033,-0.733,0.0,0.317,0.737,0.902,-0.521,0.386,-0.589,-0.382,-0.616,0.615,-0.739,-0.871,0.796,0.191,0.764,-0.62,0.298,-0.509,0.63,0.746,-0.706,0.666,-0.45,-0.35,0.637,0.492,0.148,-0.188,-0.576,0.256,0.712,-0.595,0.916,-0.814,-0.024,0.563,0.795,0.815,-0.608,0.511,-0.254,0.573,0.591,-0.802,-0.742,0.434,0.891,-0.633,0.755,0.211,0.168,0.386,0.009,0.459,-0.46,0.714,0.35,-0.129,0.834,0.823,0.055,0.559,0.18,0.142,0.356,0.027,0.773,0.129,0.06,-0.43,0.649,0.494,0.556,0.446,0.572,-0.131,0.735,-0.299,0.01,0.496,0.838,-0.743,-0.423,-0.827,-0.257,0.343,-0.386,0.075,0.176,-0.669,-0.252,0.486,-0.336,0.919,0.243,-0.077,0.242,0.559,0.111,0.537,-0.192,0.481,-0.478,-0.064,0.224,-0.255,0.032,-0.352,-0.105,0.336,-0.792,0.815,-0.71,0.316,0.109,-0.254,-0.3,0.545,0.029,0.618,0.624,0.375,0.263,0.26,0.527,0.84,-0.79,-0.32,-0.266,0.828,0.681,-0.562,-0.579,0.879,-0.11,0.644,0.259,0.558,-0.788,0.307,0.729,0.358,-0.693,-0.67,-0.605,-0.035,0.453,-0.576,0.805,0.709,0.539,0.641,0.576,0.047,-0.551,0.585,0.453,-0.318,0.755,-0.144,0.631,0.147,0.73,-0.734,0.032,0.497,0.663,0.371,0.16,-0.656,0.684,0.377,0.697,-0.651,0.779,0.177,0.339,0.57,0.717,0.471,0.697,0.527,-0.323,0.426,-0.603,0.536,-0.345,-0.094,-0.213,-0.465,0.891,-0.443,-0.338,-0.54,-0.773,0.885,0.738,-0.886
AFYA,0.749,-0.048,0.317,0.0,0.606,0.559,-0.177,0.851,-0.001,0.196,0.054,0.757,-0.101,-0.062,0.676,0.354,0.032,0.303,0.692,0.014,0.706,0.573,0.116,0.661,0.406,0.442,0.496,0.631,0.768,0.471,0.173,0.856,0.681,-0.458,0.433,-0.136,0.488,0.615,0.687,0.684,0.302,0.482,0.622,0.655,0.75,-0.118,-0.231,0.654,0.55,0.281,0.608,0.412,0.605,0.717,0.682,0.802,0.382,0.689,0.03,0.156,0.546,0.692,0.291,0.507,-0.348,0.672,0.84,0.63,0.687,0.628,0.752,0.303,0.417,0.671,0.512,-0.087,0.689,0.719,0.606,0.427,0.712,0.745,0.555,0.111,0.516,-0.611,0.27,0.768,0.473,0.295,0.706,-0.224,0.468,0.719,0.206,0.406,0.629,0.462,0.565,-0.085,0.685,0.502,0.362,0.688,0.384,0.765,0.375,0.577,0.574,0.341,0.443,0.272,0.005,0.588,0.255,0.733,0.631,0.442,-0.559,0.704,0.566,0.537,0.785,0.782,0.604,0.65,0.763,0.643,-0.013,0.571,-0.427,0.393,0.769,0.257,0.402,0.576,0.686,0.537,0.86,0.367,0.121,0.755,0.75,0.747,0.091,0.22,-0.103,0.78,0.874,0.311,0.502,0.568,0.298,0.757,0.596,0.591,0.43,0.547,0.802,0.571,0.416,0.647,0.742,0.65,0.744,0.14,0.625,-0.001,0.584,0.685,0.737,0.138,0.235,0.706,0.647,0.232,0.666,0.437,0.716,0.737,0.69,0.817,0.77,0.809,0.058,0.636,0.341,0.776,0.343,0.645,0.471,0.488,0.438,0.467,0.514,0.043,-0.316,0.233,0.547,-0.312
AGNC,0.361,-0.497,0.737,0.606,0.0,0.832,-0.53,0.666,-0.454,-0.243,-0.319,0.793,-0.627,-0.624,0.89,0.149,0.496,-0.202,0.672,-0.458,0.834,0.693,-0.337,0.854,-0.073,0.136,0.763,0.698,0.567,0.137,-0.376,0.568,0.822,-0.558,0.74,-0.483,0.051,0.459,0.773,0.803,-0.315,0.695,0.055,0.788,0.83,-0.548,-0.497,0.535,0.839,-0.204,0.831,0.48,0.559,0.678,0.358,0.779,-0.225,0.763,0.052,-0.138,0.847,0.85,0.095,0.453,-0.115,0.56,0.616,0.39,0.867,0.492,0.357,0.069,0.675,0.502,0.759,0.127,0.822,0.236,0.699,-0.161,0.389,0.521,0.851,-0.407,0.037,-0.809,-0.132,0.529,-0.013,0.123,0.336,-0.398,0.188,0.559,-0.156,0.843,0.582,0.047,0.454,0.38,0.547,0.707,0.093,0.617,-0.171,0.315,0.176,0.042,0.43,-0.128,0.235,0.161,-0.549,0.704,-0.268,0.552,0.191,-0.12,-0.392,0.587,0.093,0.774,0.815,0.672,0.592,0.281,0.738,0.756,-0.528,0.052,-0.285,0.781,0.813,-0.327,-0.206,0.802,0.21,0.752,0.623,0.398,-0.508,0.472,0.833,0.593,-0.469,-0.34,-0.287,0.33,0.72,-0.273,0.742,0.751,0.464,0.727,0.628,0.276,-0.168,0.695,0.775,0.044,0.775,0.333,0.803,0.586,0.898,-0.332,0.305,0.435,0.727,0.647,0.321,-0.347,0.627,0.614,0.918,-0.39,0.74,0.589,0.678,0.776,0.752,0.604,0.766,0.757,-0.081,0.63,-0.057,0.824,-0.126,0.124,-0.007,-0.007,0.818,-0.041,0.068,-0.498,-0.472,0.633,0.814,-0.731
AGYS,0.359,-0.536,0.902,0.559,0.832,0.0,-0.537,0.628,-0.556,-0.193,-0.579,0.852,-0.662,-0.754,0.931,0.277,0.557,-0.372,0.55,-0.459,0.752,0.745,-0.459,0.81,-0.2,-0.098,0.713,0.682,0.449,-0.022,-0.366,0.567,0.854,-0.712,0.869,-0.656,0.159,0.665,0.849,0.882,-0.337,0.571,0.065,0.709,0.74,-0.718,-0.606,0.697,0.872,-0.389,0.851,0.451,0.455,0.538,0.303,0.708,-0.227,0.86,0.278,-0.021,0.894,0.942,0.005,0.652,0.1,0.412,0.6,0.343,0.891,0.393,0.382,-0.198,0.67,0.598,0.632,0.303,0.708,0.078,0.831,-0.079,0.366,0.648,0.896,-0.534,-0.147,-0.933,-0.152,0.567,-0.055,0.061,0.353,-0.567,-0.067,0.661,-0.218,0.896,0.417,0.108,0.449,0.418,0.338,0.599,-0.007,0.689,-0.181,0.223,0.417,0.002,0.323,-0.088,0.07,0.366,-0.666,0.86,-0.477,0.522,0.333,-0.036,-0.432,0.72,0.259,0.647,0.837,0.6,0.451,0.408,0.761,0.882,-0.617,-0.077,-0.43,0.793,0.814,-0.344,-0.301,0.948,0.204,0.7,0.559,0.542,-0.583,0.467,0.903,0.59,-0.475,-0.471,-0.359,0.32,0.722,-0.357,0.826,0.717,0.564,0.841,0.63,0.365,-0.305,0.639,0.698,-0.019,0.742,0.199,0.814,0.391,0.877,-0.466,0.319,0.499,0.661,0.603,0.451,-0.484,0.712,0.572,0.808,-0.397,0.886,0.344,0.588,0.77,0.892,0.651,0.854,0.809,-0.088,0.583,-0.28,0.725,-0.164,0.172,0.063,-0.227,0.853,-0.175,-0.003,-0.432,-0.728,0.791,0.796,-0.789
ALT,0.085,0.414,-0.521,-0.177,-0.53,-0.537,0.0,-0.256,0.701,0.627,0.533,-0.524,0.562,0.569,-0.585,0.437,-0.435,0.439,-0.42,0.532,-0.427,-0.138,0.17,-0.719,0.311,0.055,-0.794,-0.625,-0.437,-0.003,0.611,-0.193,-0.504,0.31,-0.426,0.323,0.509,0.023,-0.375,-0.447,0.499,-0.698,0.273,-0.517,-0.524,0.674,0.576,-0.126,-0.546,0.188,-0.731,-0.123,-0.484,-0.528,-0.145,-0.302,0.364,-0.37,0.454,0.562,-0.53,-0.523,-0.027,0.158,0.038,-0.375,-0.185,-0.286,-0.554,-0.367,-0.138,-0.134,-0.123,0.044,-0.77,0.238,-0.664,0.241,-0.32,0.374,-0.163,-0.068,-0.669,0.522,0.061,0.599,0.108,-0.383,0.199,0.389,0.023,0.132,-0.191,0.051,0.669,-0.612,-0.464,0.586,0.017,-0.157,-0.46,-0.633,0.23,0.009,0.503,0.055,0.161,0.32,-0.48,0.151,-0.331,0.388,0.57,-0.322,0.288,-0.15,0.114,0.37,0.161,-0.338,0.376,-0.589,-0.554,-0.446,-0.378,0.236,-0.572,-0.335,0.503,0.17,0.523,-0.716,-0.476,0.335,0.322,-0.534,0.201,-0.737,-0.274,-0.051,0.462,-0.058,-0.488,-0.354,0.544,0.562,0.377,0.042,-0.233,0.433,-0.476,-0.189,-0.084,-0.268,-0.516,0.064,0.295,-0.396,-0.501,0.014,-0.771,-0.305,-0.546,-0.547,-0.569,0.347,-0.158,-0.573,-0.441,-0.561,0.072,0.329,-0.732,-0.282,-0.61,0.5,-0.461,-0.611,-0.52,-0.541,-0.357,-0.144,-0.382,-0.355,-0.021,-0.26,0.231,-0.581,0.53,0.253,0.299,0.176,-0.497,0.232,-0.051,0.299,0.301,-0.361,-0.729,0.74
AMGN,0.775,0.111,0.386,0.851,0.666,0.628,-0.256,0.0,0.035,0.134,0.01,0.859,-0.141,-0.086,0.747,0.435,-0.032,0.363,0.686,0.064,0.752,0.525,0.181,0.751,0.498,0.361,0.551,0.817,0.837,0.582,0.24,0.928,0.797,-0.543,0.51,-0.187,0.537,0.731,0.743,0.779,0.32,0.565,0.66,0.644,0.815,-0.138,-0.197,0.746,0.615,0.211,0.695,0.641,0.594,0.807,0.79,0.867,0.478,0.827,0.047,0.161,0.575,0.775,0.251,0.587,-0.399,0.652,0.904,0.708,0.808,0.647,0.874,0.254,0.466,0.759,0.557,-0.162,0.712,0.649,0.618,0.541,0.806,0.82,0.575,0.098,0.553,-0.709,0.254,0.854,0.501,0.353,0.834,-0.345,0.523,0.82,0.277,0.474,0.746,0.403,0.554,-0.183,0.711,0.565,0.475,0.783,0.401,0.83,0.411,0.651,0.705,0.46,0.413,0.262,0.001,0.595,0.277,0.854,0.715,0.524,-0.671,0.823,0.595,0.499,0.834,0.836,0.575,0.691,0.846,0.732,-0.191,0.57,-0.568,0.393,0.859,0.298,0.402,0.678,0.76,0.615,0.933,0.455,0.075,0.844,0.806,0.857,0.055,0.243,-0.086,0.803,0.832,0.368,0.594,0.617,0.329,0.841,0.64,0.535,0.467,0.584,0.873,0.621,0.472,0.685,0.805,0.718,0.83,0.059,0.812,-0.011,0.703,0.777,0.711,0.151,0.295,0.818,0.706,0.245,0.729,0.443,0.851,0.875,0.747,0.884,0.841,0.857,0.248,0.625,0.33,0.873,0.327,0.728,0.587,0.495,0.496,0.517,0.641,0.07,-0.385,0.243,0.614,-0.356
AMPH,0.191,0.682,-0.589,-0.001,-0.454,-0.556,0.701,0.035,0.0,0.451,0.757,-0.358,0.635,0.745,-0.505,0.341,-0.571,0.655,-0.253,0.816,-0.251,-0.21,0.471,-0.47,0.517,0.236,-0.551,-0.224,-0.096,0.395,0.812,0.052,-0.334,0.437,-0.399,0.414,0.493,0.085,-0.277,-0.273,0.686,-0.34,0.494,-0.352,-0.301,0.743,0.568,-0.08,-0.399,0.43,-0.52,0.001,-0.293,-0.114,0.258,-0.103,0.699,-0.246,0.124,0.413,-0.516,-0.407,0.236,0.047,-0.381,-0.114,0.039,-0.026,-0.355,-0.088,0.195,0.217,-0.258,0.17,-0.491,-0.094,-0.425,0.447,-0.363,0.647,0.153,0.107,-0.606,0.632,0.448,0.483,0.382,-0.009,0.418,0.55,0.358,0.176,0.291,0.08,0.633,-0.589,-0.034,0.397,-0.053,-0.466,-0.026,-0.289,0.455,0.026,0.554,0.354,0.075,0.535,-0.052,0.505,0.053,0.147,0.789,-0.331,0.622,0.084,0.304,0.615,-0.078,-0.123,0.374,-0.457,-0.383,-0.117,-0.21,0.355,-0.306,-0.238,0.486,0.419,0.241,-0.627,-0.198,0.657,0.578,-0.477,0.392,-0.417,0.023,-0.001,0.653,0.201,-0.384,-0.012,0.595,0.772,0.307,0.232,-0.17,0.642,-0.348,-0.111,-0.21,-0.154,-0.238,-0.029,0.649,-0.136,-0.241,0.409,-0.572,0.035,-0.375,-0.152,-0.379,0.408,0.223,-0.674,-0.149,-0.205,0.105,0.627,-0.698,-0.006,-0.447,0.651,-0.351,-0.324,-0.138,-0.252,-0.385,0.112,-0.234,-0.273,0.186,-0.193,0.384,-0.267,0.556,0.468,0.521,0.488,-0.464,0.54,0.334,0.523,0.378,-0.548,-0.51,0.625
AMZN,0.623,0.458,-0.382,0.196,-0.243,-0.193,0.627,0.134,0.451,0.0,0.308,-0.088,0.297,0.502,-0.202,0.607,-0.479,0.481,0.022,0.5,-0.061,-0.009,0.309,-0.379,0.506,0.15,-0.526,-0.201,0.021,0.031,0.705,0.3,-0.149,0.097,-0.367,0.482,0.656,0.282,-0.093,-0.192,0.687,-0.556,0.631,-0.242,-0.247,0.6,0.561,0.266,-0.355,0.36,-0.356,0.353,0.143,-0.316,0.235,0.178,0.453,0.058,0.412,0.591,-0.131,-0.119,-0.351,0.395,-0.04,0.092,0.177,0.179,-0.233,0.044,0.273,0.172,0.08,0.286,-0.546,0.218,-0.343,0.302,0.12,0.552,0.29,0.119,-0.334,0.727,0.19,0.164,0.168,0.086,0.441,0.366,0.246,0.187,-0.021,0.297,0.582,-0.331,-0.332,0.835,0.487,-0.165,-0.229,-0.482,0.302,0.369,0.742,0.287,0.607,0.545,-0.042,0.425,-0.129,0.481,0.383,0.029,0.333,0.171,0.428,0.48,-0.033,0.109,0.742,-0.342,-0.144,-0.148,-0.031,0.363,-0.055,-0.052,0.587,0.345,0.315,-0.55,-0.194,0.382,0.567,-0.222,0.556,-0.529,0.166,0.14,0.502,0.189,-0.099,-0.042,0.721,0.661,0.661,0.551,0.152,0.523,-0.409,0.012,0.225,0.181,-0.423,0.576,0.351,-0.214,-0.142,0.213,-0.6,0.106,-0.032,-0.174,-0.204,0.588,0.182,-0.144,-0.336,-0.154,0.553,0.271,-0.416,-0.124,-0.2,0.599,-0.068,-0.326,-0.177,-0.118,-0.048,0.2,-0.095,0.15,0.157,-0.106,0.489,-0.255,0.74,0.611,0.635,0.265,-0.459,0.338,0.29,0.377,0.029,-0.195,-0.491,0.639
ANIP,0.145,0.528,-0.616,0.054,-0.319,-0.579,0.533,0.01,0.757,0.308,0.0,-0.362,0.454,0.748,-0.46,0.163,-0.51,0.676,-0.058,0.596,-0.145,-0.285,0.553,-0.314,0.483,0.539,-0.403,-0.273,0.06,0.582,0.529,0.036,-0.351,0.472,-0.51,0.53,0.263,-0.204,-0.299,-0.373,0.534,-0.252,0.382,-0.273,-0.159,0.801,0.464,-0.206,-0.423,0.497,-0.481,-0.005,-0.104,0.058,0.225,-0.058,0.53,-0.322,-0.251,0.235,-0.529,-0.437,0.239,-0.181,-0.359,-0.012,-0.027,-0.039,-0.339,-0.006,0.152,0.365,-0.161,-0.042,-0.312,-0.302,-0.215,0.435,-0.482,0.4,0.067,-0.085,-0.531,0.613,0.547,0.539,0.259,-0.102,0.353,0.364,0.315,0.273,0.499,-0.115,0.65,-0.583,0.124,0.297,-0.065,-0.501,0.151,-0.19,0.537,-0.041,0.521,0.373,-0.291,0.536,0.085,0.303,0.062,-0.264,0.723,-0.484,0.693,0.109,0.002,0.305,-0.038,-0.296,0.094,-0.256,-0.333,-0.047,-0.091,0.039,-0.293,-0.341,0.491,0.487,0.319,-0.55,-0.22,0.454,0.489,-0.57,0.291,-0.329,0.08,-0.353,0.667,0.149,-0.327,-0.074,0.393,0.788,0.249,0.146,-0.137,0.668,-0.487,-0.129,-0.351,-0.282,-0.16,-0.137,0.638,-0.057,-0.1,0.394,-0.481,0.12,-0.342,0.041,-0.336,0.496,0.182,-0.689,-0.05,-0.218,-0.004,0.598,-0.686,0.016,-0.321,0.484,-0.508,-0.095,-0.063,-0.171,-0.441,0.004,-0.24,-0.282,0.198,-0.079,0.552,-0.147,0.407,0.235,0.289,0.61,-0.476,0.622,0.343,0.294,0.584,-0.648,-0.423,0.615
AOSL,0.617,-0.181,0.615,0.757,0.793,0.852,-0.524,0.859,-0.358,-0.088,-0.362,0.0,-0.392,-0.436,0.928,0.218,0.246,0.027,0.734,-0.292,0.785,0.567,-0.036,0.902,0.202,0.229,0.765,0.872,0.792,0.319,-0.077,0.833,0.882,-0.712,0.678,-0.362,0.293,0.655,0.781,0.853,0.022,0.694,0.404,0.764,0.865,-0.511,-0.391,0.785,0.751,0.011,0.887,0.591,0.671,0.769,0.655,0.84,0.133,0.875,0.016,-0.044,0.758,0.903,0.138,0.544,-0.147,0.672,0.834,0.688,0.912,0.68,0.724,0.168,0.517,0.608,0.74,-0.072,0.832,0.392,0.76,0.224,0.723,0.745,0.824,-0.211,0.306,-0.868,0.077,0.805,0.321,0.046,0.584,-0.347,0.321,0.717,-0.065,0.716,0.714,0.193,0.526,0.101,0.68,0.689,0.214,0.724,0.126,0.592,0.422,0.315,0.696,0.255,0.394,0.233,-0.318,0.704,-0.026,0.7,0.552,0.272,-0.543,0.827,0.41,0.64,0.962,0.852,0.617,0.533,0.924,0.782,-0.361,0.297,-0.661,0.665,0.888,0.048,0.129,0.863,0.532,0.765,0.844,0.43,-0.211,0.654,0.922,0.831,-0.202,-0.15,-0.153,0.651,0.865,0.005,0.751,0.584,0.384,0.879,0.715,0.558,0.142,0.617,0.911,0.435,0.705,0.625,0.909,0.717,0.927,-0.111,0.645,0.323,0.665,0.854,0.642,-0.125,0.627,0.789,0.809,-0.02,0.857,0.555,0.854,0.917,0.912,0.769,0.908,0.933,0.187,0.662,0.123,0.899,0.044,0.451,0.341,0.19,0.7,0.236,0.438,-0.163,-0.514,0.493,0.819,-0.613
APDN,0.049,0.705,-0.739,-0.101,-0.627,-0.662,0.562,-0.141,0.635,0.297,0.454,-0.392,0.0,0.696,-0.583,-0.009,-0.706,0.592,-0.259,0.454,-0.547,-0.446,0.563,-0.547,0.541,0.245,-0.548,-0.327,-0.118,0.248,0.644,-0.097,-0.426,0.385,-0.541,0.453,0.277,-0.172,-0.493,-0.473,0.623,-0.397,0.348,-0.382,-0.357,0.594,0.554,-0.185,-0.622,0.504,-0.585,-0.198,-0.327,-0.242,0.071,-0.321,0.6,-0.465,-0.011,0.179,-0.689,-0.573,0.19,-0.251,-0.21,-0.187,-0.108,0.003,-0.54,-0.161,0.12,0.157,-0.58,-0.185,-0.512,-0.324,-0.489,0.326,-0.536,0.487,0.108,-0.099,-0.695,0.576,0.448,0.602,0.3,-0.134,0.473,0.088,0.111,0.354,0.213,-0.063,0.397,-0.773,-0.078,0.154,-0.192,-0.565,-0.064,-0.378,0.243,-0.285,0.47,0.262,-0.012,0.33,-0.067,0.449,0.134,0.018,0.744,-0.56,0.594,-0.047,0.207,0.515,0.035,-0.283,0.199,-0.586,-0.41,-0.196,-0.24,0.135,-0.36,-0.537,0.555,0.31,0.019,-0.682,-0.387,0.649,0.582,-0.584,0.259,-0.517,-0.088,-0.257,0.686,-0.034,-0.509,-0.129,0.666,0.587,0.379,0.157,-0.237,0.542,-0.396,-0.5,-0.435,-0.36,-0.292,0.004,0.61,-0.475,-0.292,0.388,-0.626,0.177,-0.468,-0.189,-0.526,0.474,0.125,-0.659,-0.477,-0.237,-0.02,0.635,-0.594,-0.157,-0.627,0.699,-0.469,-0.295,-0.167,-0.425,-0.414,-0.143,-0.394,-0.338,0.284,-0.21,0.413,-0.356,0.396,0.326,0.361,0.448,-0.587,0.42,0.361,0.559,0.511,-0.684,-0.6,0.667
APLT,0.194,0.82,-0.871,-0.062,-0.624,-0.754,0.569,-0.086,0.745,0.502,0.748,-0.436,0.696,0.0,-0.645,0.042,-0.712,0.782,-0.215,0.733,-0.364,-0.584,0.734,-0.531,0.619,0.341,-0.52,-0.287,0.049,0.356,0.744,0.009,-0.549,0.525,-0.792,0.795,0.307,-0.208,-0.517,-0.562,0.764,-0.376,0.511,-0.466,-0.427,0.816,0.716,-0.234,-0.715,0.691,-0.591,-0.02,-0.073,-0.172,0.28,-0.254,0.661,-0.427,-0.267,0.266,-0.702,-0.62,0.134,-0.302,-0.239,0.043,-0.026,0.185,-0.546,0.056,0.203,0.488,-0.455,-0.126,-0.482,-0.423,-0.43,0.367,-0.496,0.594,0.179,-0.137,-0.693,0.86,0.587,0.655,0.459,-0.063,0.486,0.269,0.169,0.52,0.396,-0.231,0.55,-0.816,-0.071,0.292,0.008,-0.567,0.051,-0.418,0.312,-0.223,0.609,0.329,-0.064,0.558,0.136,0.549,0.221,-0.14,0.917,-0.596,0.827,-0.06,0.208,0.531,0.016,-0.219,0.274,-0.457,-0.465,-0.16,-0.175,0.083,-0.311,-0.555,0.772,0.573,0.196,-0.749,-0.406,0.75,0.766,-0.7,0.38,-0.496,0.004,-0.269,0.87,0.095,-0.555,-0.093,0.699,0.835,0.487,0.27,-0.272,0.755,-0.705,-0.502,-0.395,-0.394,-0.419,0.062,0.758,-0.303,-0.299,0.545,-0.656,0.262,-0.402,0.008,-0.54,0.796,0.184,-0.627,-0.416,-0.16,0.118,0.732,-0.703,-0.138,-0.538,0.759,-0.559,-0.158,-0.187,-0.353,-0.536,-0.142,-0.432,-0.354,0.295,-0.39,0.653,-0.352,0.597,0.388,0.404,0.619,-0.77,0.614,0.466,0.719,0.57,-0.78,-0.59,0.835
APVO,0.473,-0.448,0.796,0.676,0.89,0.931,-0.585,0.747,-0.505,-0.202,-0.46,0.928,-0.583,-0.645,0.0,0.162,0.466,-0.214,0.703,-0.466,0.807,0.697,-0.274,0.913,0.009,0.08,0.813,0.81,0.659,0.141,-0.295,0.696,0.905,-0.673,0.783,-0.503,0.171,0.61,0.843,0.899,-0.219,0.696,0.178,0.836,0.859,-0.64,-0.571,0.682,0.872,-0.18,0.932,0.509,0.629,0.7,0.488,0.804,-0.119,0.859,0.099,-0.15,0.885,0.949,0.108,0.546,-0.049,0.586,0.733,0.503,0.93,0.567,0.5,0.034,0.59,0.567,0.785,0.078,0.853,0.273,0.806,-0.02,0.527,0.657,0.913,-0.399,0.082,-0.904,-0.042,0.709,0.132,0.055,0.462,-0.413,0.175,0.662,-0.22,0.854,0.608,0.096,0.509,0.311,0.567,0.735,0.052,0.655,-0.108,0.399,0.355,0.089,0.531,0.025,0.279,0.242,-0.528,0.792,-0.291,0.628,0.413,0.048,-0.45,0.74,0.255,0.747,0.933,0.769,0.618,0.405,0.877,0.852,-0.513,0.046,-0.51,0.811,0.881,-0.191,-0.119,0.911,0.331,0.783,0.716,0.454,-0.47,0.542,0.926,0.723,-0.386,-0.362,-0.285,0.463,0.812,-0.237,0.804,0.714,0.522,0.861,0.732,0.423,-0.106,0.674,0.838,0.173,0.797,0.428,0.921,0.597,0.95,-0.313,0.433,0.475,0.703,0.756,0.474,-0.362,0.745,0.663,0.885,-0.293,0.894,0.555,0.761,0.85,0.892,0.717,0.887,0.872,-0.008,0.632,-0.078,0.858,-0.118,0.262,0.11,-0.028,0.818,-0.018,0.189,-0.342,-0.604,0.669,0.856,-0.779
ARGX,0.555,0.14,0.191,0.354,0.149,0.277,0.437,0.435,0.341,0.607,0.163,0.218,-0.009,0.042,0.162,0.0,-0.15,0.224,0.048,0.357,0.265,0.452,-0.078,-0.012,0.229,0.043,-0.296,0.015,0.033,0.199,0.435,0.424,0.292,-0.294,0.293,-0.212,0.765,0.693,0.4,0.311,0.335,-0.337,0.493,-0.031,0.15,0.245,0.063,0.571,0.183,-0.09,-0.048,0.419,-0.054,-0.006,0.185,0.395,0.377,0.432,0.708,0.682,0.209,0.332,-0.193,0.834,-0.127,-0.115,0.305,0.027,0.243,-0.081,0.405,-0.33,0.47,0.674,-0.323,0.488,-0.101,0.275,0.35,0.565,0.22,0.512,0.003,0.17,-0.005,-0.266,0.047,0.192,0.173,0.522,0.533,-0.513,-0.137,0.713,0.639,0.124,-0.069,0.78,0.378,-0.131,-0.176,-0.23,0.492,0.768,0.569,0.365,0.597,0.55,-0.117,0.269,-0.425,0.62,0.01,0.428,-0.009,0.468,0.486,0.415,-0.308,0.378,0.744,-0.169,0.154,0.046,-0.078,0.646,0.129,0.472,-0.072,0.235,0.083,-0.22,0.229,0.04,0.145,0.257,0.511,-0.182,0.284,0.386,0.114,0.434,0.357,0.15,0.251,0.413,0.075,0.431,0.357,0.354,0.187,0.511,0.294,0.533,0.015,0.385,0.111,0.043,0.161,0.071,-0.257,-0.074,0.139,-0.193,0.218,-0.073,0.406,-0.198,0.231,-0.098,0.578,-0.006,-0.258,0.211,0.079,0.269,0.293,-0.439,0.041,0.286,0.367,0.517,0.352,0.386,0.101,0.278,0.067,0.106,0.588,0.608,0.615,0.105,0.094,0.244,0.182,0.054,-0.369,0.195,-0.135,0.169
ARLP,-0.358,-0.79,0.764,0.032,0.496,0.557,-0.435,-0.032,-0.571,-0.479,-0.51,0.246,-0.706,-0.712,0.466,-0.15,0.0,-0.754,0.056,-0.527,0.5,0.499,-0.779,0.381,-0.673,-0.486,0.542,0.186,-0.135,-0.457,-0.728,-0.15,0.316,-0.2,0.646,-0.653,-0.355,0.207,0.542,0.487,-0.788,0.443,-0.584,0.323,0.253,-0.769,-0.654,-0.001,0.651,-0.596,0.545,-0.057,-0.005,0.134,-0.248,0.096,-0.777,0.36,0.181,-0.262,0.634,0.475,0.081,0.195,0.223,0.078,0.087,-0.19,0.472,0.033,-0.329,-0.347,0.461,0.166,0.471,0.454,0.396,-0.327,0.534,-0.576,-0.348,0.165,0.679,-0.747,-0.622,-0.484,-0.276,0.039,-0.681,0.013,-0.215,-0.394,-0.348,0.01,-0.529,0.744,-0.005,-0.298,0.155,0.785,-0.022,0.39,-0.579,0.097,-0.762,-0.434,-0.043,-0.574,-0.139,-0.504,-0.041,0.194,-0.713,0.594,-0.738,-0.088,-0.194,-0.489,0.121,0.217,-0.279,0.66,0.263,0.08,0.065,-0.003,0.227,0.542,-0.616,-0.442,0.073,0.785,0.366,-0.641,-0.656,0.538,-0.486,0.521,-0.092,0.422,-0.799,0.075,0.337,0.059,-0.807,-0.749,-0.615,-0.397,0.088,-0.785,0.501,0.458,0.403,0.243,0.381,-0.247,-0.673,0.496,0.062,-0.492,0.707,-0.338,0.372,0.003,0.375,-0.622,-0.421,0.521,0.399,0.173,-0.148,-0.727,0.582,0.046,0.47,-0.798,0.478,0.145,-0.008,0.184,0.367,0.114,0.348,0.108,-0.597,0.076,-0.635,0.195,-0.379,-0.455,-0.62,-0.661,0.701,-0.668,-0.669,-0.493,-0.626,0.848,0.606,-0.778
ATEX,0.534,0.762,-0.62,0.303,-0.202,-0.372,0.439,0.363,0.655,0.481,0.676,0.027,0.592,0.782,-0.214,0.224,-0.754,0.0,0.14,0.622,-0.03,-0.306,0.736,-0.093,0.787,0.597,-0.247,0.101,0.422,0.655,0.783,0.424,-0.143,0.085,-0.48,0.622,0.481,0.076,-0.237,-0.193,0.85,-0.091,0.777,-0.129,0.037,0.69,0.652,0.204,-0.415,0.633,-0.26,0.302,0.183,0.215,0.575,0.192,0.84,-0.015,-0.22,0.26,-0.428,-0.238,0.2,0.003,-0.297,0.289,0.341,0.466,-0.128,0.313,0.582,0.52,-0.077,0.189,-0.18,-0.533,-0.086,0.646,-0.244,0.736,0.599,0.195,-0.384,0.795,0.808,0.297,0.367,0.225,0.732,0.244,0.461,0.274,0.564,0.229,0.733,-0.523,0.309,0.494,0.126,-0.646,0.343,-0.147,0.644,0.195,0.813,0.706,0.055,0.845,0.422,0.587,0.292,-0.078,0.823,-0.363,0.903,0.29,0.398,0.652,-0.354,0.1,0.443,-0.294,-0.012,0.248,0.086,0.315,0.032,-0.234,0.592,0.796,-0.127,-0.54,-0.014,0.756,0.817,-0.312,0.736,-0.197,0.423,-0.145,0.832,0.374,-0.098,0.285,0.634,0.842,0.48,0.623,0.168,0.903,-0.317,-0.195,-0.301,0.007,-0.151,0.327,0.872,-0.095,0.197,0.746,-0.418,0.525,-0.037,0.357,-0.07,0.709,0.592,-0.616,-0.024,0.192,0.421,0.778,-0.574,0.372,-0.183,0.827,-0.254,0.057,0.247,0.121,-0.096,0.189,0.002,0.128,0.522,0.052,0.771,0.101,0.595,0.632,0.682,0.822,-0.435,0.879,0.746,0.532,0.464,-0.668,-0.253,0.621
ATRA,0.604,-0.12,0.298,0.692,0.672,0.55,-0.42,0.686,-0.253,0.022,-0.058,0.734,-0.259,-0.215,0.703,0.048,0.056,0.14,0.0,-0.292,0.623,0.498,0.211,0.734,0.382,0.554,0.621,0.668,0.791,0.41,-0.059,0.761,0.729,-0.308,0.368,-0.011,0.171,0.271,0.563,0.577,0.115,0.549,0.395,0.809,0.734,-0.169,-0.323,0.447,0.535,0.355,0.65,0.577,0.794,0.722,0.61,0.816,0.156,0.58,-0.219,0.042,0.617,0.673,0.042,0.248,-0.422,0.73,0.661,0.538,0.612,0.544,0.534,0.487,0.329,0.31,0.663,-0.171,0.804,0.464,0.468,0.057,0.592,0.404,0.614,0.06,0.452,-0.598,0.188,0.688,0.424,0.046,0.499,0.008,0.537,0.446,-0.054,0.475,0.664,0.139,0.522,-0.005,0.727,0.71,0.261,0.471,0.208,0.569,0.196,0.326,0.644,0.231,0.539,-0.087,-0.174,0.47,0.146,0.674,0.324,0.141,-0.388,0.463,0.239,0.648,0.769,0.788,0.821,0.208,0.795,0.495,-0.11,0.234,-0.323,0.52,0.692,0.056,0.252,0.494,0.44,0.586,0.815,0.1,-0.087,0.516,0.727,0.597,-0.015,0.03,0.034,0.597,0.745,0.077,0.413,0.532,0.358,0.658,0.596,0.5,0.261,0.541,0.812,0.398,0.524,0.696,0.753,0.68,0.691,0.189,0.433,0.229,0.404,0.683,0.457,0.009,0.506,0.511,0.749,-0.034,0.582,0.671,0.817,0.684,0.544,0.649,0.671,0.726,0.109,0.648,0.382,0.774,0.032,0.351,0.265,0.368,0.382,0.365,0.466,-0.245,-0.106,0.188,0.591,-0.377
AUTL,0.208,0.659,-0.509,0.014,-0.458,-0.459,0.532,0.064,0.816,0.5,0.596,-0.292,0.454,0.733,-0.466,0.357,-0.527,0.622,-0.292,0.0,-0.17,-0.281,0.426,-0.418,0.432,0.05,-0.493,-0.157,-0.052,0.321,0.735,0.072,-0.333,0.286,-0.429,0.423,0.417,0.154,-0.245,-0.26,0.66,-0.324,0.505,-0.477,-0.361,0.636,0.591,-0.025,-0.442,0.318,-0.439,0.063,-0.204,-0.135,0.26,-0.1,0.658,-0.111,0.089,0.426,-0.435,-0.349,0.113,0.089,-0.203,-0.03,0.043,0.123,-0.31,-0.005,0.255,0.213,-0.145,0.252,-0.476,-0.106,-0.431,0.263,-0.227,0.681,0.207,0.117,-0.517,0.611,0.351,0.343,0.398,0.018,0.309,0.5,0.304,0.14,0.206,0.071,0.571,-0.528,-0.123,0.421,-0.015,-0.424,-0.101,-0.385,0.346,0.073,0.544,0.279,0.155,0.591,0.009,0.475,0.005,0.148,0.684,-0.241,0.568,0.033,0.308,0.551,-0.18,0.054,0.439,-0.453,-0.355,-0.147,-0.265,0.314,-0.224,-0.2,0.49,0.515,0.11,-0.583,-0.194,0.595,0.552,-0.367,0.415,-0.37,0.035,0.146,0.63,0.246,-0.345,-0.004,0.539,0.702,0.299,0.265,-0.196,0.652,-0.391,-0.178,-0.16,-0.116,-0.399,0.089,0.534,-0.109,-0.26,0.376,-0.528,-0.005,-0.299,-0.056,-0.328,0.439,0.269,-0.534,-0.118,-0.132,0.263,0.6,-0.651,0.023,-0.4,0.62,-0.28,-0.307,-0.185,-0.146,-0.334,0.074,-0.219,-0.204,0.161,-0.347,0.311,-0.268,0.541,0.465,0.549,0.391,-0.484,0.48,0.323,0.61,0.178,-0.465,-0.429,0.586
AVDL,0.456,-0.319,0.63,0.706,0.834,0.752,-0.427,0.752,-0.251,-0.061,-0.145,0.785,-0.547,-0.364,0.807,0.265,0.5,-0.03,0.623,-0.17,0.0,0.667,-0.242,0.786,0.036,0.114,0.716,0.725,0.616,0.238,-0.178,0.65,0.757,-0.458,0.657,-0.387,0.178,0.611,0.835,0.804,-0.144,0.679,0.228,0.657,0.77,-0.424,-0.391,0.57,0.779,-0.084,0.813,0.569,0.555,0.711,0.506,0.787,-0.071,0.83,0.066,-0.001,0.802,0.83,0.143,0.535,-0.239,0.648,0.755,0.492,0.879,0.567,0.504,0.138,0.69,0.668,0.692,0.11,0.784,0.328,0.765,0.097,0.467,0.661,0.798,-0.232,0.118,-0.805,-0.026,0.647,0.028,0.317,0.492,-0.402,0.29,0.601,-0.008,0.762,0.568,0.208,0.589,0.285,0.574,0.621,0.075,0.715,-0.047,0.4,0.269,0.265,0.525,0.076,0.31,0.247,-0.36,0.781,-0.081,0.61,0.381,0.095,-0.434,0.725,0.3,0.789,0.767,0.667,0.467,0.484,0.774,0.816,-0.398,0.285,-0.276,0.7,0.844,-0.14,0.006,0.757,0.359,0.735,0.708,0.552,-0.314,0.714,0.796,0.659,-0.388,-0.125,-0.286,0.452,0.692,-0.089,0.649,0.758,0.457,0.77,0.602,0.32,0.02,0.775,0.716,0.21,0.722,0.384,0.834,0.648,0.837,-0.169,0.388,0.292,0.762,0.71,0.512,-0.262,0.474,0.646,0.84,-0.233,0.763,0.506,0.648,0.807,0.726,0.728,0.806,0.739,-0.134,0.511,0.062,0.776,0.153,0.318,0.116,0.052,0.691,0.092,0.15,-0.268,-0.58,0.614,0.804,-0.621
BCRX,0.34,-0.534,0.746,0.573,0.693,0.745,-0.138,0.525,-0.21,-0.009,-0.285,0.567,-0.446,-0.584,0.697,0.452,0.499,-0.306,0.498,-0.281,0.667,0.0,-0.466,0.511,-0.095,-0.051,0.406,0.377,0.225,-0.016,-0.228,0.464,0.746,-0.459,0.807,-0.644,0.319,0.654,0.83,0.795,-0.228,0.325,0.066,0.647,0.61,-0.436,-0.554,0.49,0.806,-0.265,0.582,0.366,0.193,0.385,0.171,0.659,-0.144,0.664,0.503,0.227,0.818,0.791,0.138,0.703,-0.182,0.241,0.516,0.066,0.68,0.122,0.184,-0.27,0.621,0.67,0.397,0.577,0.533,0.219,0.722,-0.045,0.165,0.607,0.666,-0.399,-0.18,-0.731,-0.14,0.441,-0.099,0.393,0.411,-0.546,-0.086,0.698,-0.03,0.712,0.241,0.28,0.482,0.44,0.19,0.473,0.022,0.655,-0.108,0.216,0.385,0.069,-0.027,-0.123,-0.004,0.521,-0.522,0.873,-0.439,0.53,0.338,0.046,-0.369,0.531,0.326,0.581,0.631,0.457,0.43,0.485,0.53,0.827,-0.503,-0.107,-0.051,0.62,0.701,-0.352,-0.241,0.746,0.163,0.45,0.456,0.574,-0.532,0.511,0.716,0.376,-0.281,-0.283,-0.376,0.257,0.66,-0.311,0.717,0.904,0.65,0.754,0.552,0.302,-0.231,0.597,0.497,-0.146,0.509,0.003,0.583,0.106,0.675,-0.436,0.071,0.237,0.546,0.306,0.388,-0.413,0.435,0.38,0.661,-0.353,0.766,0.161,0.391,0.492,0.672,0.711,0.7,0.622,-0.377,0.574,-0.297,0.525,0.039,0.269,0.07,-0.174,0.709,-0.164,-0.161,-0.451,-0.617,0.728,0.528,-0.599
BHAT,0.408,0.745,-0.706,0.116,-0.337,-0.459,0.17,0.181,0.471,0.309,0.553,-0.036,0.563,0.734,-0.274,-0.078,-0.779,0.736,0.211,0.426,-0.242,-0.466,0.0,-0.101,0.719,0.601,-0.16,0.101,0.441,0.582,0.626,0.323,-0.141,0.27,-0.587,0.722,0.281,-0.199,-0.347,-0.308,0.775,-0.079,0.616,-0.079,-0.042,0.642,0.47,0.001,-0.456,0.797,-0.236,0.244,0.301,0.178,0.53,0.04,0.719,-0.234,-0.495,0.116,-0.45,-0.3,0.126,-0.318,-0.367,0.266,0.159,0.441,-0.25,0.314,0.449,0.676,-0.477,-0.138,-0.076,-0.616,-0.034,0.446,-0.393,0.54,0.494,-0.027,-0.398,0.75,0.798,0.351,0.438,0.248,0.722,-0.015,0.33,0.547,0.625,-0.087,0.338,-0.571,0.317,0.131,0.035,-0.68,0.414,-0.009,0.454,-0.104,0.644,0.562,-0.029,0.566,0.516,0.666,0.41,-0.352,0.763,-0.475,0.836,0.156,0.302,0.527,-0.156,-0.057,0.22,-0.263,-0.044,0.247,0.231,0.022,0.07,-0.408,0.601,0.524,-0.182,-0.485,-0.121,0.738,0.761,-0.405,0.512,-0.162,0.323,-0.41,0.809,0.124,-0.182,0.198,0.681,0.709,0.538,0.486,0.076,0.707,-0.424,-0.37,-0.38,-0.123,-0.056,0.257,0.806,-0.17,0.157,0.724,-0.361,0.628,-0.108,0.338,-0.19,0.754,0.469,-0.382,-0.252,0.169,0.224,0.716,-0.323,0.131,-0.239,0.731,-0.299,0.215,0.3,0.009,-0.248,0.06,-0.137,0.017,0.559,-0.025,0.76,0.058,0.351,0.447,0.519,0.759,-0.575,0.754,0.776,0.553,0.583,-0.776,-0.287,0.588
BLBD,0.388,-0.349,0.666,0.661,0.854,0.81,-0.719,0.751,-0.47,-0.379,-0.314,0.902,-0.547,-0.531,0.913,-0.012,0.381,-0.093,0.734,-0.418,0.786,0.511,-0.101,0.0,0.024,0.252,0.899,0.876,0.775,0.366,-0.329,0.676,0.834,-0.607,0.676,-0.4,-0.0,0.428,0.73,0.814,-0.214,0.841,0.171,0.804,0.896,-0.568,-0.543,0.567,0.809,-0.076,0.927,0.453,0.671,0.872,0.54,0.763,-0.042,0.777,-0.225,-0.263,0.749,0.852,0.216,0.313,-0.185,0.637,0.681,0.547,0.901,0.622,0.553,0.195,0.515,0.435,0.902,-0.192,0.936,0.302,0.619,-0.031,0.555,0.571,0.87,-0.374,0.258,-0.822,0.034,0.7,0.146,-0.063,0.453,-0.353,0.401,0.499,-0.207,0.774,0.804,-0.081,0.317,0.12,0.742,0.815,0.17,0.529,-0.113,0.459,0.084,0.151,0.69,0.039,0.416,-0.072,-0.414,0.606,-0.085,0.596,0.276,-0.003,-0.497,0.669,0.066,0.761,0.91,0.843,0.639,0.268,0.863,0.715,-0.5,0.191,-0.613,0.797,0.869,-0.129,-0.073,0.808,0.302,0.904,0.739,0.277,-0.328,0.527,0.883,0.759,-0.457,-0.304,-0.348,0.412,0.732,-0.116,0.739,0.586,0.288,0.711,0.778,0.268,0.023,0.673,0.906,0.318,0.858,0.55,0.864,0.78,0.934,-0.259,0.526,0.378,0.783,0.827,0.376,-0.215,0.681,0.763,0.877,-0.262,0.747,0.681,0.856,0.912,0.771,0.619,0.839,0.781,0.124,0.654,0.021,0.942,-0.223,0.178,0.082,0.151,0.758,0.165,0.318,-0.324,-0.414,0.459,0.925,-0.759
BMRN,0.677,0.688,-0.45,0.406,-0.073,-0.2,0.311,0.498,0.517,0.506,0.483,0.202,0.541,0.619,0.009,0.229,-0.673,0.787,0.382,0.432,0.036,-0.095,0.719,0.024,0.0,0.537,-0.106,0.248,0.545,0.578,0.716,0.588,0.111,0.05,-0.336,0.556,0.58,0.199,-0.019,0.012,0.831,-0.023,0.799,0.144,0.176,0.55,0.433,0.243,-0.206,0.714,-0.059,0.395,0.35,0.29,0.652,0.359,0.792,0.115,-0.12,0.255,-0.185,-0.018,0.134,0.093,-0.42,0.409,0.484,0.536,-0.01,0.392,0.61,0.559,-0.159,0.233,-0.042,-0.447,0.094,0.71,-0.014,0.694,0.642,0.286,-0.21,0.765,0.797,0.103,0.506,0.461,0.796,0.294,0.614,0.317,0.602,0.344,0.529,-0.362,0.361,0.487,0.368,-0.533,0.424,0.065,0.511,0.23,0.75,0.761,0.266,0.746,0.481,0.677,0.43,0.033,0.651,-0.153,0.747,0.501,0.579,0.719,-0.345,0.216,0.58,-0.11,0.181,0.41,0.36,0.397,0.271,-0.045,0.484,0.626,-0.187,-0.36,0.152,0.749,0.86,-0.142,0.781,-0.104,0.575,-0.012,0.669,0.487,0.039,0.394,0.681,0.733,0.475,0.737,0.328,0.767,-0.215,-0.009,-0.057,0.216,0.035,0.495,0.849,-0.002,0.313,0.741,-0.276,0.655,0.206,0.377,0.057,0.691,0.561,-0.437,-0.061,0.324,0.499,0.653,-0.214,0.289,0.007,0.74,0.016,0.176,0.403,0.169,0.035,0.403,0.132,0.268,0.413,0.125,0.727,0.222,0.562,0.739,0.704,0.752,-0.339,0.754,0.759,0.494,0.305,-0.484,-0.162,0.438
BNGO,0.499,0.278,-0.35,0.442,0.136,-0.098,0.055,0.361,0.236,0.15,0.539,0.229,0.245,0.341,0.08,0.043,-0.486,0.597,0.554,0.05,0.114,-0.051,0.601,0.252,0.537,0.0,0.061,0.156,0.566,0.719,0.292,0.476,0.136,0.001,-0.184,0.417,0.222,-0.141,-0.063,-0.039,0.45,0.097,0.5,0.32,0.361,0.45,0.166,0.185,-0.077,0.617,-0.003,0.195,0.457,0.475,0.45,0.385,0.487,0.011,-0.435,0.072,-0.153,0.018,0.159,-0.094,-0.422,0.365,0.268,0.295,0.051,0.282,0.459,0.544,-0.034,-0.078,0.191,-0.496,0.328,0.587,-0.203,0.265,0.452,0.073,-0.047,0.429,0.754,0.094,0.226,0.26,0.6,-0.066,0.37,0.256,0.631,0.121,0.41,-0.189,0.552,0.249,0.058,-0.544,0.573,0.244,0.674,0.194,0.589,0.641,-0.172,0.541,0.48,0.28,0.364,-0.403,0.4,-0.25,0.623,0.391,0.097,0.243,-0.185,-0.041,0.121,0.063,0.272,0.444,0.448,0.022,0.211,-0.121,0.33,0.495,-0.132,-0.164,0.16,0.346,0.474,-0.161,0.494,0.076,0.512,-0.494,0.528,0.188,0.244,0.284,0.311,0.512,0.224,0.486,0.376,0.585,-0.108,0.032,-0.274,0.105,0.271,0.27,0.609,0.058,0.506,0.564,-0.086,0.603,0.146,0.45,0.155,0.487,0.488,-0.328,0.134,0.224,0.272,0.501,-0.209,0.375,0.137,0.434,-0.126,0.314,0.479,0.313,0.052,0.224,0.21,0.278,0.388,0.539,0.712,0.393,0.206,0.302,0.391,0.749,-0.151,0.774,0.654,-0.0,0.541,-0.51,0.015,0.266
BUSE,0.152,-0.419,0.637,0.496,0.763,0.713,-0.794,0.551,-0.551,-0.526,-0.403,0.765,-0.548,-0.52,0.813,-0.296,0.542,-0.247,0.621,-0.493,0.716,0.406,-0.16,0.899,-0.106,0.061,0.0,0.815,0.671,0.145,-0.468,0.469,0.706,-0.411,0.584,-0.358,-0.201,0.269,0.659,0.722,-0.35,0.936,-0.053,0.768,0.761,-0.672,-0.596,0.326,0.764,-0.07,0.93,0.296,0.62,0.777,0.452,0.579,-0.237,0.633,-0.336,-0.416,0.723,0.735,0.291,0.078,-0.093,0.643,0.591,0.514,0.799,0.621,0.338,0.261,0.354,0.281,0.961,-0.176,0.914,0.149,0.566,-0.207,0.394,0.437,0.868,-0.433,0.149,-0.724,0.05,0.623,-0.012,-0.091,0.25,-0.189,0.358,0.249,-0.462,0.74,0.718,-0.335,0.318,0.308,0.727,0.838,-0.173,0.258,-0.391,0.245,-0.035,-0.1,0.638,-0.035,0.543,-0.118,-0.426,0.555,-0.16,0.394,0.178,-0.1,-0.348,0.576,-0.124,0.871,0.784,0.753,0.608,0.129,0.796,0.603,-0.48,0.05,-0.503,0.889,0.781,-0.145,-0.132,0.719,0.065,0.944,0.577,0.292,-0.447,0.423,0.693,0.662,-0.541,-0.456,-0.394,0.219,0.568,-0.329,0.657,0.441,0.281,0.539,0.741,0.109,-0.066,0.731,0.727,0.225,0.954,0.482,0.795,0.751,0.808,-0.245,0.266,0.48,0.65,0.817,0.166,-0.284,0.77,0.582,0.832,-0.414,0.683,0.768,0.735,0.729,0.619,0.469,0.688,0.592,-0.063,0.418,-0.093,0.815,-0.335,-0.004,-0.189,0.006,0.72,-0.053,0.132,-0.26,-0.397,0.498,0.945,-0.808
CAKE,0.488,-0.037,0.492,0.631,0.698,0.682,-0.625,0.817,-0.224,-0.201,-0.273,0.872,-0.327,-0.287,0.81,0.015,0.186,0.101,0.668,-0.157,0.725,0.377,0.101,0.876,0.248,0.156,0.815,0.0,0.818,0.382,-0.006,0.759,0.778,-0.463,0.536,-0.222,0.147,0.536,0.664,0.779,0.062,0.821,0.389,0.725,0.792,-0.428,-0.319,0.587,0.696,0.092,0.872,0.573,0.678,0.835,0.737,0.746,0.208,0.794,-0.175,-0.197,0.642,0.776,0.236,0.316,-0.285,0.738,0.8,0.708,0.836,0.727,0.693,0.362,0.352,0.535,0.795,-0.272,0.821,0.391,0.613,0.25,0.734,0.66,0.744,-0.106,0.41,-0.771,0.219,0.851,0.337,0.115,0.587,-0.239,0.525,0.539,-0.151,0.631,0.784,-0.018,0.402,0.011,0.757,0.761,0.182,0.508,0.017,0.57,0.275,0.302,0.811,0.35,0.586,0.049,-0.165,0.574,0.116,0.653,0.52,0.302,-0.553,0.796,0.272,0.649,0.836,0.841,0.614,0.436,0.898,0.673,-0.342,0.321,-0.658,0.648,0.866,0.209,0.223,0.738,0.482,0.827,0.799,0.435,-0.134,0.658,0.753,0.843,-0.195,-0.088,-0.148,0.585,0.669,0.044,0.67,0.475,0.314,0.728,0.67,0.348,0.26,0.653,0.83,0.518,0.741,0.681,0.872,0.822,0.854,-0.056,0.65,0.301,0.677,0.939,0.467,0.001,0.608,0.745,0.785,-0.011,0.754,0.66,0.891,0.862,0.686,0.707,0.778,0.755,0.235,0.469,0.13,0.878,-0.011,0.424,0.311,0.272,0.594,0.267,0.497,-0.009,-0.436,0.343,0.826,-0.609
CASY,0.706,0.159,0.148,0.768,0.567,0.449,-0.437,0.837,-0.096,0.021,0.06,0.792,-0.118,0.049,0.659,0.033,-0.135,0.422,0.791,-0.052,0.616,0.225,0.441,0.775,0.545,0.566,0.671,0.818,0.0,0.61,0.169,0.872,0.641,-0.38,0.204,0.147,0.293,0.359,0.5,0.555,0.356,0.658,0.61,0.671,0.747,-0.084,-0.15,0.536,0.426,0.479,0.677,0.546,0.842,0.841,0.869,0.764,0.431,0.598,-0.393,-0.06,0.438,0.596,0.251,0.183,-0.384,0.802,0.806,0.841,0.649,0.809,0.811,0.621,0.224,0.417,0.701,-0.478,0.8,0.629,0.428,0.387,0.843,0.561,0.526,0.227,0.732,-0.53,0.36,0.829,0.616,0.059,0.642,0.042,0.716,0.467,0.087,0.321,0.839,0.173,0.493,-0.247,0.904,0.638,0.373,0.474,0.36,0.799,0.186,0.558,0.905,0.477,0.653,-0.124,0.125,0.323,0.458,0.707,0.546,0.41,-0.546,0.652,0.353,0.562,0.799,0.899,0.743,0.371,0.848,0.438,0.031,0.591,-0.584,0.38,0.713,0.394,0.515,0.463,0.676,0.659,0.908,0.121,0.209,0.648,0.667,0.831,0.101,0.232,0.067,0.776,0.764,0.388,0.349,0.327,0.134,0.621,0.6,0.525,0.558,0.525,0.88,0.755,0.497,0.899,0.77,0.899,0.729,0.331,0.745,0.105,0.517,0.854,0.58,0.272,0.374,0.728,0.683,0.263,0.524,0.715,0.898,0.809,0.562,0.652,0.672,0.753,0.357,0.526,0.548,0.858,0.178,0.557,0.441,0.628,0.286,0.602,0.756,0.146,-0.079,-0.014,0.61,-0.263
CCOI,0.467,0.383,-0.188,0.471,0.137,-0.022,-0.003,0.582,0.395,0.031,0.582,0.319,0.248,0.356,0.141,0.199,-0.457,0.655,0.41,0.321,0.238,-0.016,0.582,0.366,0.578,0.719,0.145,0.382,0.61,0.0,0.362,0.538,0.238,-0.096,-0.011,0.189,0.284,0.137,0.111,0.165,0.466,0.286,0.554,0.208,0.452,0.407,0.116,0.235,0.073,0.395,0.119,0.284,0.289,0.674,0.557,0.404,0.653,0.248,-0.347,0.031,-0.122,0.133,0.296,0.051,-0.559,0.293,0.388,0.333,0.23,0.259,0.628,0.363,0.078,0.224,0.249,-0.575,0.362,0.63,-0.147,0.492,0.536,0.305,-0.015,0.349,0.775,-0.05,0.3,0.391,0.515,0.108,0.676,-0.089,0.786,0.319,0.517,-0.101,0.716,0.23,-0.058,-0.698,0.597,0.296,0.755,0.306,0.543,0.74,-0.208,0.72,0.543,0.371,0.338,-0.347,0.434,-0.119,0.676,0.522,0.247,0.384,-0.452,0.207,0.208,0.043,0.295,0.509,0.28,0.249,0.287,0.09,0.046,0.67,-0.389,-0.12,0.333,0.422,0.458,0.024,0.602,0.251,0.58,-0.16,0.52,0.509,0.294,0.457,0.174,0.562,0.034,0.497,0.315,0.724,0.094,0.167,-0.322,0.219,0.345,0.067,0.689,0.158,0.553,0.658,0.05,0.543,0.216,0.541,0.293,0.241,0.719,-0.5,0.47,0.353,0.316,0.552,-0.271,0.596,0.177,0.456,-0.0,0.222,0.572,0.511,0.107,0.402,0.347,0.277,0.415,0.492,0.536,0.508,0.218,0.449,0.534,0.764,-0.026,0.835,0.71,0.125,0.297,-0.45,0.179,0.11
CEVA,0.547,0.818,-0.576,0.173,-0.376,-0.366,0.611,0.24,0.812,0.705,0.529,-0.077,0.644,0.744,-0.295,0.435,-0.728,0.783,-0.059,0.735,-0.178,-0.228,0.626,-0.329,0.716,0.292,-0.468,-0.006,0.169,0.362,0.0,0.354,-0.172,0.197,-0.417,0.546,0.705,0.278,-0.208,-0.174,0.918,-0.339,0.791,-0.233,-0.188,0.688,0.663,0.269,-0.405,0.554,-0.366,0.285,0.021,-0.087,0.517,0.095,0.842,-0.043,0.174,0.478,-0.392,-0.231,0.069,0.219,-0.225,0.114,0.282,0.327,-0.214,0.184,0.487,0.35,-0.218,0.284,-0.449,-0.168,-0.336,0.525,-0.136,0.858,0.516,0.275,-0.477,0.806,0.577,0.294,0.472,0.249,0.725,0.427,0.463,0.245,0.317,0.289,0.643,-0.533,0.011,0.608,0.214,-0.503,0.07,-0.288,0.501,0.229,0.805,0.557,0.46,0.694,0.212,0.75,0.15,0.315,0.795,-0.214,0.7,0.241,0.607,0.836,-0.222,0.156,0.687,-0.465,-0.142,0.06,-0.051,0.511,-0.039,-0.155,0.624,0.537,0.002,-0.634,-0.092,0.83,0.818,-0.297,0.702,-0.403,0.268,0.068,0.775,0.299,-0.186,0.209,0.817,0.84,0.577,0.606,0.1,0.75,-0.313,-0.174,-0.074,0.099,-0.238,0.394,0.755,-0.171,-0.041,0.624,-0.588,0.332,-0.115,0.016,-0.209,0.631,0.479,-0.493,-0.224,0.04,0.462,0.66,-0.529,0.124,-0.338,0.887,-0.138,-0.219,0.057,-0.066,-0.118,0.258,-0.07,0.07,0.446,-0.123,0.585,-0.132,0.736,0.746,0.801,0.577,-0.484,0.645,0.608,0.7,0.261,-0.511,-0.455,0.671
