,AAPL,ACRS,ADP,AFYA,AGNC,AGYS,ALT,AMGN,AMPH,AMZN,ANIP,AOSL,APDN,APLT,APVO,ARGX,ARLP,ATEX,ATRA,AUTL,AVDL,BCRX,BHAT,BLBD,BMRN,BNGO,BUSE,CAKE,CASY,CCOI,CEVA,CHY,CLDX,CLMT,COHU,COLM,COST,CPRT,CSWC,CSX,DBX,DCOM,DKNG,DMLP,DOX,EA,EDIT,ENPH,ENSG,ERNA,ESGR,ETNB,EXTR,FANG,FARO,FATE,FGEN,FIVE,FIVN,FLGT,FOLD,FORM,FOXA,FRPT,FSLR,FTAI,GBDC,GDYN,GGAL,GNLN,GRFS,GT,HCAT,HCM,HFWA,HOLX,HQY,HUBG,IAC,ICLR,IDCC,IEP,IHRT,ILMN,ILPT,IMAB,IMOS,INMD,INTZ,JAZZ,JKHY,JRVR,KIDS,LBRDK,LGND,LMAT,LPLA,LULU,MASI,MAT,MATW,MBIN,MBIO,MCRB,MDB,MDLZ,MELI,MIRM,MLKN,MNMD,MNRO,MPWR,MRCY,MRSN,MTVA,NAAS,NDAQ,NDSN,NEGG,NOVT,NVDA,NWE,NWSA,NXST,OCX,ODFL,OMAB,OPCH,OPRA,ORGO,OTRK,OZK,PAGP,PCH,PEGA,PENG,PENN,PFBC,PGNY,PHAT,PHUN,PINC,PLUG,PLXS,PYPL,QLYS,QNCX,QQQX,QVCGA,RAPT,RBBN,RCKT,REPL,RMBS,ROAD,ROKU,ROP,RUSHA,SANM,SATS,SBCF,SBLK,SBUX,SCHL,SCSC,SDGR,SEIC,SFIX,SGRY,SKYW,SLP,SNES,STAA,STLD,STOK,SWKS,TER,TFIN,TIGO,TILE,TPIC,TTEC,TTEK,TTGT,UXIN,VERU,VLYPP,VNOM,VRNS,VRSN,WDAY,WERN,WINA,WKHS,WRLD,XP,XTKG,YY,ZION,ZM
AAPL,0.0,0.191,0.089,-0.699,0.075,-0.03,0.705,0.137,0.011,0.454,0.031,0.148,0.534,0.018,0.215,0.58,0.267,0.205,0.149,-0.207,0.013,0.475,-0.113,0.067,0.42,0.064,-0.103,0.388,0.181,0.146,0.257,0.321,-0.049,0.231,0.563,-0.069,0.394,-0.02,0.195,-0.082,0.646,0.093,0.202,0.202,0.157,0.577,0.53,-0.099,0.123,0.345,-0.306,-0.031,0.163,-0.063,0.31,0.454,0.36,0.274,0.431,0.446,0.196,0.241,0.362,0.213,0.092,0.176,0.481,0.322,0.3,0.691,0.34,-0.109,0.175,-0.44,-0.17,0.443,0.101,0.146,0.314,0.603,0.07,0.265,0.195,0.699,0.259,-0.001,0.393,-0.25,0.363,0.185,0.314,-0.149,-0.536,0.299,-0.085,-0.409,0.315,0.499,0.695,0.108,-0.12,0.093,0.515,-0.482,0.3,0.576,0.34,0.478,-0.006,0.119,0.17,0.204,0.295,-0.018,0.046,0.506,0.061,-0.192,0.259,-0.016,0.376,-0.428,0.277,0.194,0.652,0.493,0.449,0.163,0.024,0.1,-0.024,0.125,0.176,0.165,0.051,0.476,0.024,-0.047,0.35,0.312,0.332,0.171,-0.125,-0.12,0.373,0.478,-0.395,0.499,0.248,0.048,0.247,0.444,0.04,0.448,0.211,0.231,0.241,-0.132,0.095,-0.288,0.108,0.485,0.348,-0.047,0.046,0.117,-0.201,0.002,0.2,0.29,-0.042,0.206,-0.183,0.172,0.093,0.647,0.476,-0.186,0.285,-0.139,0.743,0.365,0.055,-0.236,-0.109,0.264,0.045,0.237,0.161,0.268,0.678,-0.053,0.24,-0.369,0.264,-0.436,0.592,-0.11,0.216,-0.223
ACRS,0.191,0.0,-0.605,-0.412,-0.669,-0.755,0.272,0.604,0.573,0.277,-0.706,-0.465,-0.193,-0.346,-0.325,-0.0,-0.465,0.731,-0.693,0.293,-0.765,-0.156,-0.65,-0.672,-0.002,0.025,-0.531,-0.118,0.308,-0.375,0.849,-0.486,-0.493,-0.52,-0.296,-0.481,-0.434,0.694,-0.698,-0.693,0.165,-0.297,-0.571,-0.439,-0.576,-0.124,0.442,-0.531,-0.665,0.088,-0.257,-0.736,-0.671,-0.633,-0.27,-0.097,0.098,-0.522,0.274,-0.523,-0.552,-0.659,-0.367,-0.46,0.024,-0.538,-0.161,-0.274,-0.236,0.228,0.343,-0.711,0.648,0.531,-0.643,0.192,-0.599,-0.733,-0.068,0.557,-0.039,-0.121,-0.362,0.266,-0.67,-0.769,-0.349,-0.313,-0.239,0.699,0.048,0.015,-0.063,-0.526,0.228,-0.616,-0.507,-0.14,0.152,-0.473,-0.793,-0.822,-0.305,-0.018,-0.358,-0.365,-0.067,-0.258,-0.638,-0.367,-0.253,0.559,0.284,-0.496,0.228,0.134,0.659,0.01,-0.3,0.57,0.521,-0.644,-0.636,-0.688,-0.335,-0.109,-0.381,0.284,0.476,-0.566,0.617,-0.383,-0.486,-0.264,-0.246,0.03,-0.467,-0.327,-0.203,-0.246,0.26,0.288,-0.704,-0.424,-0.119,0.326,-0.717,-0.404,-0.41,0.895,-0.491,-0.457,-0.58,-0.309,-0.709,-0.347,-0.484,-0.165,-0.686,0.073,-0.581,-0.141,-0.509,-0.559,-0.282,-0.559,-0.067,-0.02,-0.073,-0.389,0.662,-0.127,0.103,-0.574,-0.172,0.632,-0.372,-0.553,-0.457,-0.661,0.307,-0.41,-0.744,0.472,-0.553,-0.507,-0.705,-0.46,0.392,0.815,0.207,-0.598,-0.513,-0.709,-0.548,0.174,-0.155,0.482,-0.348,0.048
ADP,0.089,-0.605,0.0,0.21,0.705,0.537,-0.091,-0.28,-0.432,-0.175,0.743,0.528,0.078,0.399,0.548,0.074,0.53,-0.38,0.599,-0.443,0.77,0.394,0.494,0.732,0.38,-0.119,0.786,0.611,0.17,0.562,-0.589,0.562,0.487,0.61,0.442,0.529,0.406,-0.531,0.669,0.858,0.037,0.568,0.496,0.678,0.732,0.228,-0.072,0.448,0.768,0.155,0.484,0.684,0.639,0.668,0.604,0.366,0.08,0.597,-0.344,0.341,0.657,0.716,0.511,0.197,0.142,0.571,0.58,0.344,0.625,0.096,-0.084,0.776,-0.285,-0.434,0.78,-0.369,0.739,0.789,0.253,-0.215,0.492,0.29,0.533,0.062,0.812,0.378,0.452,0.428,0.322,-0.488,0.164,-0.057,0.267,0.412,-0.041,0.699,0.673,0.246,0.016,0.426,0.731,0.823,0.396,-0.227,0.315,0.705,0.117,0.461,0.804,0.454,0.65,-0.547,0.109,0.557,0.105,0.128,-0.466,0.046,0.418,-0.214,-0.436,0.735,0.699,0.717,0.477,0.22,0.544,0.121,-0.442,0.48,-0.745,0.746,0.643,0.454,0.296,0.413,0.457,0.627,0.449,0.349,0.021,0.294,0.633,0.764,0.247,0.007,0.171,0.569,0.488,-0.64,0.521,0.349,0.405,0.463,0.736,0.32,0.713,0.449,0.793,0.104,0.768,0.384,0.78,0.721,0.707,0.55,0.519,0.169,0.503,0.609,-0.571,0.334,-0.3,0.772,0.425,-0.325,0.543,0.679,0.663,0.713,-0.064,0.549,0.78,-0.382,0.48,0.464,0.555,0.594,-0.371,-0.521,0.0,0.561,0.664,0.511,0.697,-0.083,0.334,-0.268,0.664,-0.345
AFYA,-0.699,-0.412,0.21,0.0,-0.008,0.053,-0.665,0.001,0.042,-0.488,0.139,-0.213,-0.363,-0.203,0.092,-0.631,-0.314,-0.179,-0.099,0.104,0.062,-0.449,0.259,-0.004,-0.39,0.287,0.175,-0.384,0.057,0.229,-0.33,-0.305,0.1,-0.229,-0.483,-0.057,-0.247,-0.028,-0.147,0.344,-0.717,-0.193,-0.174,-0.083,0.01,-0.566,-0.752,0.078,-0.005,-0.26,0.492,0.111,-0.113,0.043,-0.308,-0.487,-0.12,-0.28,-0.539,-0.297,-0.021,-0.134,-0.391,-0.101,-0.258,-0.219,-0.413,-0.447,-0.287,-0.769,-0.191,0.182,-0.428,0.269,0.376,-0.385,0.059,0.068,-0.467,-0.731,0.03,-0.19,-0.24,-0.784,-0.056,0.106,-0.407,0.318,-0.445,-0.302,-0.075,0.439,0.677,-0.267,-0.052,0.431,-0.2,-0.552,-0.689,-0.218,0.19,0.127,-0.491,0.603,-0.291,-0.166,-0.49,-0.498,0.058,-0.236,-0.185,-0.403,-0.474,0.027,-0.25,-0.463,-0.219,0.291,-0.291,-0.267,-0.348,0.556,-0.129,-0.103,-0.422,-0.444,-0.379,-0.153,0.01,-0.212,0.061,0.014,-0.156,-0.248,-0.21,-0.558,-0.061,0.11,-0.398,-0.498,-0.386,-0.306,0.271,0.131,-0.463,-0.51,0.464,-0.404,-0.277,-0.172,-0.268,-0.166,-0.006,-0.373,-0.012,-0.339,-0.146,0.031,0.161,0.507,-0.064,-0.478,-0.204,0.009,0.107,-0.145,0.229,-0.15,-0.276,-0.331,0.088,-0.315,0.325,-0.13,-0.123,-0.583,-0.451,0.39,-0.193,0.147,-0.62,-0.331,0.231,0.384,0.004,-0.231,-0.006,-0.245,-0.311,-0.463,-0.452,0.496,-0.129,0.335,-0.176,0.197,-0.548,0.08,-0.221,0.086
AGNC,0.075,-0.669,0.705,-0.008,0.0,0.853,0.19,-0.741,-0.792,0.008,0.896,0.894,0.248,0.769,0.459,0.511,0.897,-0.744,0.945,-0.688,0.907,0.733,0.597,0.951,0.574,-0.349,0.742,0.622,-0.329,0.185,-0.766,0.913,0.77,0.892,0.729,0.769,0.632,-0.831,0.946,0.733,0.386,0.834,0.854,0.838,0.884,0.632,0.185,0.761,0.953,0.4,0.057,0.787,0.94,0.949,0.745,0.709,-0.253,0.867,0.028,0.537,0.828,0.947,0.853,0.426,0.444,0.919,0.651,0.773,0.772,0.373,-0.527,0.932,-0.055,-0.66,0.615,-0.171,0.878,0.916,0.545,-0.149,0.235,0.157,0.863,0.387,0.892,0.62,0.81,0.233,0.742,-0.563,-0.099,-0.498,-0.163,0.819,0.209,0.725,0.867,0.653,0.337,0.837,0.925,0.872,0.794,-0.589,0.742,0.594,0.578,0.791,0.878,0.856,0.79,-0.342,0.331,0.727,0.226,0.334,-0.533,-0.265,0.779,-0.229,-0.535,0.597,0.92,0.966,0.709,0.304,0.765,0.173,-0.617,0.867,-0.847,0.735,0.859,0.661,0.639,0.617,0.777,0.552,0.796,0.603,0.11,0.302,0.845,0.664,0.663,0.174,0.211,0.828,0.882,-0.736,0.907,0.369,0.593,0.744,0.862,0.787,0.825,0.65,0.854,-0.463,0.894,0.696,0.845,0.892,0.589,0.882,0.269,0.4,0.621,0.888,-0.946,0.642,-0.611,0.94,0.654,-0.411,0.824,0.571,0.891,0.899,0.092,0.882,0.702,-0.631,0.826,0.883,0.891,0.934,-0.221,-0.457,-0.182,0.204,0.899,0.79,0.924,-0.184,0.691,-0.675,0.772,-0.021
AGYS,-0.03,-0.755,0.537,0.053,0.853,0.0,0.058,-0.859,-0.813,-0.043,0.712,0.764,0.248,0.706,0.404,0.411,0.81,-0.861,0.925,-0.47,0.821,0.529,0.591,0.859,0.315,-0.324,0.58,0.392,-0.531,0.042,-0.793,0.821,0.597,0.782,0.624,0.807,0.568,-0.787,0.893,0.62,0.288,0.65,0.858,0.656,0.707,0.48,0.006,0.795,0.803,0.132,-0.005,0.717,0.905,0.872,0.561,0.456,-0.385,0.843,0.098,0.507,0.542,0.851,0.711,0.553,0.386,0.873,0.476,0.696,0.512,0.179,-0.447,0.818,-0.268,-0.69,0.489,-0.158,0.72,0.818,0.515,-0.234,0.095,0.148,0.689,0.225,0.763,0.825,0.727,0.335,0.722,-0.61,-0.054,-0.523,-0.258,0.863,0.079,0.571,0.717,0.572,0.293,0.8,0.888,0.784,0.669,-0.443,0.721,0.375,0.54,0.602,0.782,0.727,0.521,-0.259,0.178,0.598,0.072,0.161,-0.51,-0.193,0.602,-0.278,-0.437,0.434,0.807,0.854,0.567,0.378,0.659,0.097,-0.565,0.9,-0.752,0.501,0.747,0.632,0.68,0.411,0.815,0.402,0.587,0.589,0.136,0.019,0.778,0.464,0.51,-0.078,0.509,0.716,0.726,-0.802,0.837,0.429,0.646,0.641,0.808,0.754,0.695,0.479,0.685,-0.527,0.744,0.499,0.751,0.758,0.294,0.794,0.082,0.213,0.378,0.747,-0.902,0.489,-0.374,0.784,0.405,-0.409,0.719,0.367,0.682,0.805,-0.043,0.769,0.696,-0.656,0.796,0.828,0.89,0.787,-0.01,-0.474,-0.248,0.193,0.759,0.825,0.804,-0.122,0.484,-0.744,0.592,0.088
ALT,0.705,0.272,-0.091,-0.665,0.19,0.058,0.0,-0.199,-0.208,0.708,0.074,0.383,0.635,0.389,0.029,0.822,0.405,0.015,0.235,-0.374,0.056,0.599,-0.08,0.099,0.596,-0.262,-0.256,0.273,-0.238,-0.326,0.303,0.462,0.217,0.265,0.462,0.119,0.609,0.04,0.243,-0.232,0.84,0.232,0.394,0.217,0.133,0.704,0.725,0.256,0.188,0.607,-0.69,-0.037,0.181,0.061,0.314,0.606,0.068,0.346,0.798,0.324,0.202,0.24,0.482,0.401,0.537,0.321,0.538,0.566,0.305,0.777,-0.092,-0.065,0.445,-0.166,-0.446,0.442,0.091,0.173,0.637,0.686,-0.082,0.098,0.382,0.795,0.109,0.058,0.456,-0.147,0.472,0.093,0.105,-0.468,-0.578,0.462,0.402,-0.232,0.181,0.757,0.801,0.437,-0.107,-0.081,0.611,-0.649,0.604,0.264,0.722,0.618,-0.086,0.438,0.308,0.592,0.662,0.313,0.144,0.523,0.346,0.013,0.537,0.274,0.403,-0.468,0.195,0.189,0.587,0.543,0.305,0.255,-0.021,0.258,-0.066,-0.051,0.131,0.484,0.439,0.523,0.273,-0.282,0.52,0.427,0.412,0.372,0.003,-0.141,0.73,0.689,-0.386,0.569,0.494,0.155,0.447,0.053,0.266,0.444,0.117,0.552,0.396,0.069,-0.049,-0.592,0.019,0.634,0.201,0.002,-0.092,0.367,-0.426,0.429,0.212,0.381,-0.219,0.535,-0.547,0.214,0.378,0.55,0.534,-0.413,0.284,-0.085,0.745,0.472,-0.116,-0.186,0.195,0.351,0.237,0.351,0.407,0.522,0.429,-0.488,0.316,-0.053,0.239,-0.117,0.64,-0.172,0.086,0.275
AMGN,0.137,0.604,-0.28,0.001,-0.741,-0.859,-0.199,0.0,0.862,-0.244,-0.607,-0.768,-0.347,-0.814,-0.107,-0.524,-0.755,0.864,-0.818,0.479,-0.699,-0.484,-0.536,-0.688,-0.356,0.489,-0.296,-0.197,0.81,0.308,0.66,-0.76,-0.664,-0.665,-0.445,-0.711,-0.676,0.615,-0.777,-0.331,-0.358,-0.544,-0.849,-0.545,-0.543,-0.488,-0.103,-0.873,-0.672,-0.266,0.335,-0.594,-0.749,-0.746,-0.443,-0.461,0.436,-0.728,-0.343,-0.412,-0.441,-0.704,-0.681,-0.618,-0.594,-0.799,-0.388,-0.712,-0.366,-0.196,0.649,-0.641,0.129,0.469,-0.15,0.024,-0.531,-0.652,-0.623,0.121,0.14,-0.001,-0.658,-0.238,-0.508,-0.714,-0.617,-0.281,-0.637,0.659,0.244,0.624,0.385,-0.811,-0.292,-0.562,-0.474,-0.652,-0.293,-0.869,-0.715,-0.55,-0.621,0.483,-0.8,-0.091,-0.702,-0.611,-0.545,-0.783,-0.475,-0.004,-0.292,-0.734,-0.01,-0.122,0.232,0.008,-0.679,0.08,0.262,-0.275,-0.629,-0.706,-0.419,-0.345,-0.473,0.015,0.445,-0.839,0.699,-0.217,-0.531,-0.676,-0.763,-0.349,-0.791,-0.057,-0.586,-0.557,-0.192,-0.07,-0.675,-0.27,-0.673,-0.102,-0.462,-0.671,-0.75,0.667,-0.812,-0.157,-0.722,-0.5,-0.605,-0.834,-0.651,-0.404,-0.44,0.654,-0.505,-0.468,-0.5,-0.579,-0.042,-0.822,0.167,-0.433,-0.19,-0.654,0.858,-0.565,0.584,-0.666,-0.421,0.379,-0.655,-0.069,-0.543,-0.636,-0.001,-0.691,-0.435,0.586,-0.842,-0.722,-0.835,-0.677,-0.101,0.246,0.257,0.11,-0.627,-0.825,-0.641,-0.14,-0.454,0.66,-0.343,-0.44
AMPH,0.011,0.573,-0.432,0.042,-0.792,-0.813,-0.208,0.862,0.0,-0.124,-0.599,-0.86,-0.254,-0.815,-0.362,-0.56,-0.827,0.806,-0.859,0.695,-0.727,-0.506,-0.566,-0.821,-0.491,0.381,-0.473,-0.456,0.575,0.142,0.69,-0.824,-0.821,-0.733,-0.482,-0.656,-0.647,0.695,-0.806,-0.407,-0.396,-0.689,-0.861,-0.622,-0.709,-0.617,-0.097,-0.796,-0.771,-0.428,0.204,-0.594,-0.79,-0.805,-0.557,-0.614,0.537,-0.782,-0.213,-0.392,-0.589,-0.77,-0.769,-0.41,-0.591,-0.845,-0.545,-0.777,-0.586,-0.351,0.529,-0.696,0.026,0.557,-0.302,0.301,-0.74,-0.661,-0.574,0.136,0.105,0.091,-0.79,-0.345,-0.611,-0.564,-0.627,-0.403,-0.638,0.773,0.026,0.721,0.269,-0.745,-0.165,-0.626,-0.603,-0.676,-0.245,-0.812,-0.741,-0.627,-0.735,0.64,-0.78,-0.222,-0.668,-0.709,-0.631,-0.805,-0.651,0.156,-0.294,-0.728,-0.215,-0.33,0.239,0.212,-0.759,0.022,0.389,-0.395,-0.711,-0.784,-0.565,-0.188,-0.65,-0.083,0.588,-0.854,0.767,-0.433,-0.548,-0.658,-0.719,-0.497,-0.777,-0.19,-0.72,-0.503,-0.134,-0.278,-0.753,-0.316,-0.673,-0.174,-0.28,-0.73,-0.815,0.58,-0.855,-0.167,-0.729,-0.509,-0.624,-0.819,-0.783,-0.456,-0.592,0.688,-0.645,-0.611,-0.62,-0.704,-0.233,-0.844,0.031,-0.584,-0.377,-0.786,0.879,-0.656,0.613,-0.717,-0.589,0.41,-0.752,-0.194,-0.756,-0.667,-0.166,-0.734,-0.501,0.544,-0.861,-0.774,-0.857,-0.787,0.14,0.288,0.236,0.054,-0.718,-0.787,-0.771,-0.062,-0.606,0.68,-0.516,-0.196
AMZN,0.454,0.277,-0.175,-0.488,0.008,-0.043,0.708,-0.244,-0.124,0.0,-0.049,0.219,0.574,0.374,-0.257,0.622,0.24,0.033,0.035,-0.203,-0.022,0.361,-0.101,-0.131,0.476,-0.397,-0.417,-0.01,-0.472,-0.539,0.366,0.243,0.07,0.044,0.164,0.115,0.626,0.283,0.086,-0.333,0.638,0.059,0.305,0.177,-0.111,0.405,0.622,0.346,-0.006,0.303,-0.684,-0.042,-0.002,-0.092,0.158,0.352,0.175,0.183,0.813,0.135,-0.021,0.062,0.313,0.456,0.641,0.143,0.367,0.339,0.061,0.46,-0.164,-0.236,0.358,0.075,-0.577,0.58,-0.205,0.038,0.628,0.685,-0.11,0.201,0.223,0.504,-0.123,-0.035,0.215,-0.173,0.263,0.048,-0.255,-0.298,-0.607,0.304,0.522,-0.161,-0.095,0.614,0.6,0.401,-0.2,-0.192,0.3,-0.401,0.454,0.017,0.649,0.402,-0.193,0.328,0.161,0.724,0.591,0.326,-0.127,0.167,0.537,0.374,0.451,0.4,0.688,-0.428,-0.016,0.005,0.185,0.513,0.03,0.066,0.332,0.111,-0.105,-0.3,-0.06,0.436,0.452,0.349,0.262,-0.49,0.341,0.376,0.412,0.251,-0.137,-0.137,0.649,0.594,-0.273,0.421,0.332,0.132,0.238,-0.082,0.266,0.237,-0.049,0.416,0.225,-0.09,-0.285,-0.363,-0.19,0.271,0.006,-0.2,-0.289,0.275,-0.363,0.389,-0.073,0.185,-0.057,0.4,-0.571,0.116,0.106,0.503,0.347,-0.585,0.011,-0.185,0.638,0.282,-0.158,-0.199,0.225,0.111,0.028,0.09,0.536,0.606,0.429,-0.55,0.069,-0.077,0.02,0.359,0.314,0.1,-0.16,0.612
ANIP,0.031,-0.706,0.743,0.139,0.896,0.712,0.074,-0.607,-0.599,-0.049,0.0,0.739,0.264,0.643,0.376,0.361,0.739,-0.623,0.816,-0.558,0.894,0.656,0.565,0.844,0.494,-0.223,0.688,0.491,-0.208,0.35,-0.717,0.762,0.706,0.795,0.601,0.606,0.559,-0.778,0.843,0.74,0.245,0.691,0.717,0.801,0.816,0.496,0.059,0.679,0.903,0.295,0.148,0.797,0.799,0.828,0.629,0.586,-0.081,0.682,-0.122,0.518,0.845,0.858,0.688,0.381,0.301,0.748,0.517,0.577,0.649,0.226,-0.466,0.861,-0.165,-0.547,0.662,-0.123,0.802,0.863,0.388,-0.246,0.295,0.131,0.717,0.2,0.846,0.566,0.653,0.188,0.528,-0.564,-0.11,-0.239,0.001,0.634,0.166,0.757,0.762,0.469,0.2,0.695,0.852,0.866,0.637,-0.396,0.611,0.588,0.391,0.661,0.806,0.721,0.711,-0.45,0.188,0.707,0.074,0.217,-0.6,-0.139,0.68,-0.305,-0.565,0.679,0.837,0.865,0.635,0.168,0.586,0.095,-0.599,0.679,-0.768,0.711,0.752,0.517,0.466,0.441,0.595,0.517,0.665,0.427,-0.036,0.261,0.809,0.651,0.524,0.173,0.225,0.695,0.755,-0.723,0.755,0.371,0.523,0.635,0.83,0.618,0.739,0.563,0.835,-0.216,0.808,0.589,0.742,0.782,0.57,0.785,0.262,0.321,0.501,0.719,-0.812,0.543,-0.523,0.86,0.618,-0.454,0.655,0.638,0.783,0.847,-0.048,0.759,0.687,-0.518,0.713,0.729,0.777,0.786,-0.314,-0.539,-0.132,0.336,0.788,0.719,0.799,-0.218,0.53,-0.504,0.651,-0.007
AOSL,0.148,-0.465,0.528,-0.213,0.894,0.764,0.383,-0.768,-0.86,0.219,0.739,0.0,0.325,0.883,0.441,0.698,0.927,-0.68,0.895,-0.774,0.788,0.758,0.489,0.885,0.728,-0.446,0.589,0.654,-0.432,-0.03,-0.562,0.94,0.83,0.887,0.693,0.748,0.682,-0.7,0.872,0.517,0.616,0.859,0.859,0.764,0.812,0.78,0.404,0.797,0.866,0.547,-0.173,0.66,0.858,0.891,0.774,0.834,-0.372,0.89,0.293,0.455,0.723,0.875,0.91,0.443,0.676,0.918,0.738,0.887,0.784,0.552,-0.504,0.765,0.193,-0.595,0.361,-0.178,0.816,0.762,0.728,0.087,0.167,0.118,0.963,0.579,0.753,0.51,0.821,0.233,0.794,-0.557,-0.044,-0.699,-0.287,0.822,0.367,0.618,0.782,0.812,0.467,0.902,0.769,0.662,0.878,-0.768,0.852,0.431,0.789,0.887,0.745,0.955,0.863,-0.075,0.547,0.776,0.304,0.491,-0.244,-0.226,0.878,0.049,-0.365,0.418,0.829,0.879,0.701,0.315,0.761,0.27,-0.581,0.878,-0.805,0.628,0.749,0.785,0.792,0.742,0.836,0.358,0.906,0.627,0.182,0.503,0.795,0.541,0.826,0.394,0.079,0.876,0.961,-0.524,0.932,0.15,0.622,0.752,0.713,0.912,0.852,0.644,0.689,-0.652,0.78,0.822,0.765,0.819,0.433,0.944,0.145,0.615,0.624,0.923,-0.902,0.774,-0.715,0.869,0.738,-0.226,0.893,0.297,0.882,0.799,0.336,0.9,0.549,-0.56,0.874,0.89,0.86,0.931,-0.074,-0.178,-0.184,-0.126,0.869,0.754,0.869,-0.046,0.765,-0.637,0.72,0.125
APDN,0.534,-0.193,0.078,-0.363,0.248,0.248,0.635,-0.347,-0.254,0.574,0.264,0.325,0.0,0.341,-0.049,0.623,0.419,-0.246,0.342,-0.251,0.28,0.418,0.05,0.149,0.39,-0.318,-0.228,0.053,-0.434,-0.145,0.04,0.422,0.212,0.26,0.407,0.174,0.716,-0.089,0.389,-0.038,0.571,0.022,0.489,0.233,0.137,0.467,0.361,0.368,0.244,0.197,-0.506,0.265,0.287,0.083,0.231,0.319,0.276,0.375,0.624,0.656,0.275,0.355,0.372,0.745,0.354,0.33,0.345,0.449,0.119,0.429,-0.071,0.032,-0.087,-0.319,-0.281,0.478,0.057,0.353,0.474,0.454,0.045,0.35,0.274,0.419,0.226,0.42,0.406,-0.139,0.287,-0.195,0.03,-0.183,-0.575,0.513,0.095,-0.104,0.158,0.583,0.594,0.451,0.088,0.207,0.475,-0.322,0.553,0.257,0.534,0.476,0.032,0.375,0.138,0.381,0.241,0.391,-0.254,0.197,0.061,0.278,0.38,-0.007,0.392,-0.298,0.263,0.292,0.514,0.581,0.231,-0.112,-0.115,0.308,-0.222,-0.157,0.116,0.41,0.355,0.246,0.293,-0.316,0.298,0.459,0.101,0.066,0.143,-0.062,0.504,0.396,0.08,0.562,0.41,-0.297,0.427,0.233,0.473,0.402,0.342,0.457,0.396,-0.214,0.045,-0.326,0.057,0.442,0.26,-0.006,-0.225,0.459,-0.467,0.226,-0.107,0.292,-0.29,0.313,-0.329,0.274,0.141,0.335,0.483,-0.302,0.178,0.042,0.494,0.403,0.221,-0.373,0.22,0.326,0.361,0.251,0.287,0.077,0.469,-0.123,0.284,0.071,0.206,-0.052,0.391,-0.219,-0.014,0.352
APLT,0.018,-0.346,0.399,-0.203,0.769,0.706,0.389,-0.814,-0.815,0.374,0.643,0.883,0.341,0.0,0.23,0.71,0.874,-0.63,0.767,-0.608,0.717,0.687,0.426,0.741,0.685,-0.641,0.406,0.533,-0.604,-0.287,-0.44,0.841,0.755,0.752,0.515,0.749,0.676,-0.517,0.757,0.338,0.623,0.791,0.842,0.702,0.625,0.685,0.482,0.886,0.75,0.434,-0.326,0.57,0.709,0.78,0.682,0.731,-0.412,0.794,0.431,0.293,0.569,0.728,0.815,0.44,0.837,0.838,0.678,0.868,0.68,0.517,-0.524,0.637,0.268,-0.356,0.166,-0.153,0.625,0.629,0.835,0.2,0.122,0.042,0.867,0.534,0.542,0.46,0.712,0.281,0.72,-0.528,-0.182,-0.764,-0.313,0.745,0.471,0.606,0.565,0.815,0.466,0.927,0.634,0.489,0.757,-0.749,0.856,0.165,0.862,0.818,0.619,0.931,0.784,0.136,0.635,0.822,0.254,0.323,-0.041,-0.035,0.869,0.275,-0.212,0.299,0.629,0.714,0.549,0.328,0.56,0.263,-0.457,0.839,-0.782,0.425,0.583,0.857,0.896,0.665,0.835,0.173,0.836,0.685,0.265,0.542,0.653,0.431,0.844,0.455,0.065,0.79,0.897,-0.432,0.875,0.008,0.658,0.611,0.558,0.901,0.811,0.595,0.442,-0.646,0.617,0.734,0.616,0.703,0.247,0.9,0.052,0.715,0.502,0.842,-0.828,0.847,-0.821,0.774,0.71,-0.201,0.791,0.092,0.717,0.681,0.255,0.827,0.351,-0.571,0.887,0.733,0.755,0.806,0.152,0.017,-0.146,-0.328,0.737,0.724,0.715,0.27,0.595,-0.514,0.542,0.397
APVO,0.215,-0.325,0.548,0.092,0.459,0.404,0.029,-0.107,-0.362,-0.257,0.376,0.441,-0.049,0.23,0.0,0.136,0.389,-0.206,0.445,-0.42,0.357,0.285,0.334,0.581,0.419,0.203,0.594,0.573,0.231,0.381,-0.327,0.43,0.437,0.477,0.383,0.383,0.189,-0.445,0.405,0.646,0.203,0.498,0.329,0.416,0.623,0.387,0.009,0.251,0.518,0.271,0.374,0.274,0.456,0.496,0.517,0.392,-0.242,0.463,-0.092,0.071,0.406,0.454,0.435,0.009,0.164,0.411,0.57,0.346,0.597,0.239,0.014,0.496,0.043,-0.442,0.563,-0.473,0.645,0.505,0.189,-0.129,0.356,0.134,0.466,0.241,0.596,0.265,0.351,0.369,0.382,-0.218,0.509,-0.182,0.192,0.374,0.01,0.321,0.589,0.254,0.175,0.268,0.461,0.483,0.419,-0.343,0.261,0.567,0.15,0.316,0.507,0.302,0.445,-0.303,0.225,0.146,0.401,0.435,-0.177,-0.26,0.308,-0.096,-0.38,0.432,0.541,0.501,0.46,0.05,0.531,0.425,-0.391,0.358,-0.313,0.612,0.45,0.351,0.274,0.37,0.48,0.47,0.415,0.116,-0.042,0.245,0.5,0.437,0.155,0.085,0.007,0.42,0.375,-0.205,0.381,0.227,0.214,0.408,0.428,0.276,0.533,0.471,0.594,-0.162,0.537,0.391,0.573,0.548,0.573,0.319,0.345,0.149,0.503,0.484,-0.402,0.25,-0.02,0.417,0.367,-0.144,0.416,0.502,0.596,0.446,0.242,0.431,0.549,-0.051,0.31,0.471,0.427,0.501,-0.221,-0.205,-0.153,0.298,0.594,0.314,0.543,-0.225,0.36,-0.315,0.561,-0.361
ARGX,0.58,-0.0,0.074,-0.631,0.511,0.411,0.822,-0.524,-0.56,0.622,0.361,0.698,0.623,0.71,0.136,0.0,0.743,-0.312,0.591,-0.59,0.397,0.803,0.132,0.459,0.75,-0.432,0.019,0.451,-0.448,-0.301,-0.021,0.759,0.509,0.609,0.673,0.384,0.701,-0.331,0.573,-0.037,0.938,0.553,0.703,0.519,0.444,0.907,0.751,0.549,0.506,0.586,-0.659,0.287,0.513,0.423,0.518,0.828,-0.185,0.64,0.74,0.486,0.468,0.576,0.741,0.453,0.699,0.65,0.633,0.83,0.564,0.827,-0.257,0.254,0.425,-0.456,-0.218,0.3,0.392,0.392,0.793,0.569,-0.048,0.06,0.717,0.864,0.384,0.292,0.722,-0.049,0.737,-0.19,-0.003,-0.719,-0.637,0.703,0.368,0.034,0.467,0.931,0.841,0.724,0.251,0.233,0.864,-0.85,0.852,0.289,0.904,0.864,0.234,0.75,0.562,0.42,0.654,0.532,0.194,0.557,0.104,-0.177,0.782,0.221,0.135,-0.236,0.496,0.515,0.755,0.481,0.561,0.245,-0.301,0.617,-0.402,0.205,0.398,0.638,0.697,0.718,0.55,-0.083,0.805,0.62,0.348,0.473,0.325,0.022,0.885,0.714,-0.235,0.799,0.796,-0.127,0.75,0.183,0.5,0.686,0.39,0.828,0.601,0.269,0.229,-0.799,0.342,0.83,0.473,0.346,0.027,0.699,-0.311,0.58,0.393,0.688,-0.563,0.777,-0.713,0.517,0.616,0.3,0.792,-0.216,0.6,0.288,0.701,0.768,0.087,-0.445,0.553,0.681,0.535,0.673,0.33,0.312,0.268,-0.472,0.56,0.259,0.554,-0.104,0.794,-0.432,0.358,0.333
ARLP,0.267,-0.465,0.53,-0.314,0.897,0.81,0.405,-0.755,-0.827,0.24,0.739,0.927,0.419,0.874,0.389,0.743,0.0,-0.705,0.908,-0.681,0.815,0.819,0.483,0.885,0.668,-0.497,0.568,0.696,-0.443,-0.043,-0.573,0.969,0.709,0.876,0.798,0.789,0.698,-0.714,0.927,0.48,0.65,0.842,0.921,0.811,0.772,0.787,0.468,0.781,0.861,0.417,-0.178,0.636,0.916,0.867,0.793,0.818,-0.307,0.935,0.307,0.535,0.726,0.906,0.935,0.477,0.641,0.969,0.76,0.944,0.811,0.641,-0.417,0.768,0.133,-0.681,0.353,-0.073,0.771,0.781,0.756,0.157,0.207,0.17,0.914,0.64,0.776,0.554,0.891,0.197,0.855,-0.483,-0.084,-0.721,-0.416,0.872,0.236,0.514,0.826,0.854,0.576,0.91,0.778,0.712,0.914,-0.804,0.85,0.47,0.791,0.901,0.771,0.926,0.794,-0.067,0.501,0.705,0.293,0.478,-0.324,-0.29,0.85,0.016,-0.31,0.306,0.849,0.891,0.785,0.421,0.805,0.247,-0.564,0.923,-0.816,0.606,0.793,0.769,0.78,0.769,0.817,0.386,0.89,0.767,0.289,0.42,0.69,0.514,0.809,0.349,0.059,0.92,0.932,-0.586,0.973,0.364,0.635,0.791,0.784,0.896,0.854,0.575,0.645,-0.669,0.812,0.841,0.845,0.798,0.392,0.907,0.116,0.532,0.647,0.962,-0.919,0.785,-0.714,0.895,0.644,-0.178,0.932,0.267,0.867,0.767,0.335,0.95,0.541,-0.747,0.824,0.892,0.844,0.948,0.008,-0.191,0.006,-0.097,0.866,0.656,0.896,-0.085,0.792,-0.68,0.748,0.094
ATEX,0.205,0.731,-0.38,-0.179,-0.744,-0.861,0.015,0.864,0.806,0.033,-0.623,-0.68,-0.246,-0.63,-0.206,-0.312,-0.705,0.0,-0.795,0.427,-0.716,-0.372,-0.639,-0.732,-0.161,0.312,-0.448,-0.23,0.635,0.113,0.8,-0.692,-0.615,-0.61,-0.436,-0.681,-0.521,0.687,-0.777,-0.437,-0.137,-0.507,-0.796,-0.54,-0.577,-0.329,0.114,-0.758,-0.677,-0.117,0.02,-0.553,-0.798,-0.754,-0.416,-0.327,0.444,-0.7,-0.056,-0.409,-0.492,-0.696,-0.603,-0.527,-0.367,-0.775,-0.306,-0.61,-0.359,-0.081,0.539,-0.733,0.312,0.559,-0.363,0.151,-0.599,-0.684,-0.418,0.357,0.09,0.011,-0.572,-0.062,-0.559,-0.709,-0.564,-0.364,-0.53,0.653,0.221,0.455,0.215,-0.72,-0.042,-0.584,-0.541,-0.468,-0.13,-0.73,-0.805,-0.663,-0.523,0.339,-0.607,-0.151,-0.457,-0.45,-0.627,-0.649,-0.387,0.242,-0.008,-0.584,-0.034,-0.109,0.481,0.123,-0.528,0.261,0.424,-0.397,-0.654,-0.715,-0.4,-0.224,-0.49,0.079,0.456,-0.781,0.65,-0.316,-0.573,-0.484,-0.583,-0.236,-0.683,-0.23,-0.452,-0.451,-0.136,0.075,-0.699,-0.32,-0.45,0.171,-0.522,-0.562,-0.614,0.737,-0.74,-0.352,-0.687,-0.405,-0.683,-0.646,-0.595,-0.389,-0.534,0.495,-0.587,-0.364,-0.555,-0.6,-0.145,-0.694,0.026,-0.289,-0.24,-0.61,0.829,-0.431,0.367,-0.641,-0.296,0.55,-0.56,-0.266,-0.53,-0.658,0.124,-0.612,-0.538,0.616,-0.741,-0.683,-0.789,-0.651,0.072,0.495,0.225,-0.162,-0.611,-0.803,-0.657,-0.006,-0.378,0.792,-0.408,-0.213
ATRA,0.149,-0.693,0.599,-0.099,0.945,0.925,0.235,-0.818,-0.859,0.035,0.816,0.895,0.342,0.767,0.445,0.591,0.908,-0.795,0.0,-0.661,0.88,0.72,0.596,0.937,0.532,-0.33,0.632,0.54,-0.43,0.139,-0.765,0.94,0.735,0.913,0.773,0.742,0.663,-0.865,0.965,0.625,0.452,0.766,0.901,0.765,0.842,0.689,0.166,0.77,0.909,0.366,-0.081,0.782,0.957,0.921,0.677,0.689,-0.312,0.897,0.133,0.64,0.744,0.962,0.844,0.519,0.429,0.936,0.605,0.799,0.674,0.382,-0.466,0.85,-0.122,-0.778,0.505,-0.106,0.839,0.866,0.565,-0.124,0.116,0.137,0.842,0.425,0.87,0.733,0.842,0.232,0.792,-0.625,-0.03,-0.573,-0.308,0.886,0.132,0.595,0.846,0.701,0.403,0.843,0.896,0.843,0.843,-0.616,0.816,0.537,0.634,0.807,0.815,0.847,0.701,-0.29,0.279,0.697,0.143,0.363,-0.524,-0.295,0.757,-0.274,-0.469,0.456,0.92,0.96,0.746,0.356,0.798,0.108,-0.643,0.917,-0.822,0.64,0.82,0.651,0.667,0.589,0.793,0.445,0.779,0.616,0.116,0.211,0.845,0.513,0.669,0.137,0.306,0.853,0.88,-0.758,0.93,0.425,0.647,0.783,0.866,0.845,0.788,0.525,0.807,-0.593,0.835,0.707,0.831,0.826,0.411,0.905,0.095,0.346,0.503,0.865,-0.956,0.614,-0.539,0.889,0.601,-0.335,0.864,0.43,0.863,0.851,0.145,0.887,0.705,-0.658,0.825,0.934,0.933,0.917,-0.145,-0.451,-0.148,0.145,0.856,0.783,0.919,-0.252,0.705,-0.745,0.709,0.017
AUTL,-0.207,0.293,-0.443,0.104,-0.688,-0.47,-0.374,0.479,0.695,-0.203,-0.558,-0.774,-0.251,-0.608,-0.42,-0.59,-0.681,0.427,-0.661,0.0,-0.54,-0.65,-0.357,-0.668,-0.73,0.135,-0.435,-0.498,0.199,0.016,0.367,-0.72,-0.803,-0.626,-0.502,-0.452,-0.571,0.535,-0.621,-0.365,-0.485,-0.663,-0.616,-0.694,-0.743,-0.682,-0.29,-0.575,-0.691,-0.689,0.197,-0.479,-0.602,-0.648,-0.609,-0.772,0.349,-0.573,-0.224,-0.296,-0.658,-0.664,-0.721,-0.211,-0.552,-0.657,-0.589,-0.615,-0.675,-0.482,0.48,-0.54,-0.284,0.438,-0.259,0.175,-0.712,-0.586,-0.459,0.009,-0.083,0.03,-0.786,-0.499,-0.581,-0.209,-0.554,-0.192,-0.596,0.462,-0.029,0.535,0.143,-0.576,-0.363,-0.49,-0.596,-0.649,-0.366,-0.643,-0.544,-0.497,-0.713,0.646,-0.662,-0.457,-0.588,-0.709,-0.5,-0.736,-0.745,0.053,-0.43,-0.578,-0.217,-0.562,0.077,0.243,-0.743,-0.007,0.319,-0.381,-0.666,-0.67,-0.61,-0.073,-0.577,-0.301,0.424,-0.552,0.526,-0.531,-0.51,-0.507,-0.537,-0.617,-0.597,-0.215,-0.784,-0.273,-0.097,-0.453,-0.661,-0.383,-0.695,-0.429,0.102,-0.679,-0.794,0.268,-0.693,-0.06,-0.485,-0.585,-0.519,-0.673,-0.698,-0.498,-0.633,0.502,-0.555,-0.679,-0.549,-0.574,-0.418,-0.707,-0.118,-0.629,-0.511,-0.689,0.646,-0.664,0.621,-0.644,-0.716,0.195,-0.68,-0.244,-0.789,-0.559,-0.449,-0.702,-0.42,0.197,-0.657,-0.711,-0.62,-0.735,0.217,0.065,0.141,0.075,-0.674,-0.539,-0.674,0.145,-0.688,0.415,-0.499,-0.089
AVDL,0.013,-0.765,0.77,0.062,0.907,0.821,0.056,-0.699,-0.727,-0.022,0.894,0.788,0.28,0.717,0.357,0.397,0.815,-0.716,0.88,-0.54,0.0,0.595,0.629,0.892,0.444,-0.396,0.703,0.543,-0.324,0.315,-0.774,0.81,0.672,0.828,0.617,0.681,0.595,-0.767,0.91,0.731,0.272,0.704,0.809,0.775,0.799,0.484,0.069,0.738,0.919,0.182,0.126,0.879,0.864,0.859,0.632,0.544,-0.152,0.811,-0.079,0.597,0.762,0.91,0.716,0.432,0.352,0.82,0.562,0.646,0.653,0.228,-0.391,0.875,-0.238,-0.595,0.654,-0.183,0.812,0.882,0.471,-0.189,0.228,0.184,0.754,0.203,0.859,0.672,0.701,0.301,0.573,-0.657,-0.113,-0.352,-0.065,0.705,0.056,0.73,0.776,0.513,0.208,0.765,0.89,0.899,0.661,-0.431,0.65,0.513,0.45,0.697,0.866,0.752,0.692,-0.411,0.174,0.75,0.085,0.139,-0.596,-0.104,0.688,-0.264,-0.508,0.652,0.839,0.901,0.607,0.285,0.64,0.031,-0.633,0.805,-0.875,0.675,0.758,0.598,0.56,0.466,0.68,0.508,0.658,0.584,-0.029,0.244,0.812,0.654,0.525,0.108,0.346,0.747,0.771,-0.815,0.8,0.414,0.624,0.635,0.859,0.665,0.771,0.472,0.801,-0.277,0.85,0.575,0.802,0.837,0.492,0.851,0.238,0.333,0.482,0.792,-0.863,0.59,-0.532,0.901,0.576,-0.475,0.735,0.568,0.774,0.879,-0.039,0.777,0.742,-0.661,0.794,0.752,0.821,0.803,-0.236,-0.58,-0.098,0.302,0.776,0.782,0.834,-0.12,0.502,-0.546,0.692,-0.015
BCRX,0.475,-0.156,0.394,-0.449,0.733,0.529,0.599,-0.484,-0.506,0.361,0.656,0.758,0.418,0.687,0.285,0.803,0.819,-0.372,0.72,-0.65,0.595,0.0,0.27,0.674,0.748,-0.325,0.407,0.611,-0.193,0.027,-0.277,0.857,0.52,0.772,0.878,0.546,0.578,-0.56,0.739,0.305,0.753,0.755,0.703,0.806,0.666,0.83,0.658,0.58,0.718,0.56,-0.302,0.481,0.719,0.678,0.695,0.882,-0.124,0.714,0.381,0.478,0.682,0.782,0.811,0.348,0.548,0.771,0.687,0.793,0.734,0.737,-0.382,0.558,0.376,-0.606,0.203,0.232,0.611,0.622,0.663,0.329,0.176,0.171,0.811,0.786,0.677,0.31,0.889,-0.082,0.838,-0.139,-0.124,-0.589,-0.416,0.719,0.397,0.297,0.765,0.825,0.764,0.712,0.535,0.516,0.874,-0.794,0.791,0.584,0.754,0.886,0.579,0.821,0.747,0.068,0.582,0.532,0.248,0.591,-0.235,-0.316,0.792,0.029,-0.14,0.126,0.743,0.724,0.796,0.405,0.681,0.325,-0.404,0.662,-0.586,0.597,0.768,0.587,0.615,0.829,0.571,0.374,0.883,0.592,0.4,0.484,0.535,0.434,0.828,0.505,-0.279,0.834,0.845,-0.305,0.813,0.318,0.334,0.872,0.689,0.8,0.653,0.56,0.564,-0.576,0.652,0.872,0.737,0.601,0.422,0.734,0.101,0.396,0.655,0.804,-0.673,0.735,-0.688,0.765,0.67,0.124,0.836,0.196,0.783,0.604,0.459,0.912,0.364,-0.52,0.592,0.825,0.601,0.856,0.135,0.055,0.166,-0.201,0.741,0.386,0.774,-0.299,0.809,-0.469,0.674,0.105
BHAT,-0.113,-0.65,0.494,0.259,0.597,0.591,-0.08,-0.536,-0.566,-0.101,0.565,0.489,0.05,0.426,0.334,0.132,0.483,-0.639,0.596,-0.357,0.629,0.27,0.0,0.612,0.118,-0.153,0.44,0.261,-0.275,0.194,-0.659,0.493,0.534,0.487,0.273,0.368,0.405,-0.521,0.58,0.466,0.001,0.379,0.593,0.476,0.53,0.192,-0.215,0.535,0.586,0.09,0.161,0.49,0.586,0.57,0.25,0.193,-0.198,0.477,-0.175,0.303,0.528,0.558,0.36,0.312,0.183,0.534,0.346,0.358,0.309,-0.04,-0.282,0.633,-0.373,-0.429,0.47,-0.203,0.56,0.581,0.187,-0.426,-0.122,-0.102,0.401,-0.074,0.502,0.472,0.329,0.347,0.282,-0.636,-0.084,-0.123,0.028,0.45,-0.018,0.583,0.469,0.231,-0.018,0.46,0.664,0.619,0.348,-0.201,0.385,0.24,0.193,0.335,0.531,0.415,0.351,-0.426,-0.11,0.486,0.038,0.033,-0.46,-0.064,0.432,-0.369,-0.408,0.511,0.527,0.579,0.319,0.02,0.338,-0.122,-0.299,0.475,-0.575,0.406,0.416,0.294,0.292,0.082,0.463,0.284,0.325,0.177,0.089,-0.033,0.632,0.346,0.256,-0.147,0.301,0.412,0.412,-0.585,0.49,0.401,0.556,0.24,0.567,0.362,0.503,0.274,0.548,-0.172,0.5,0.256,0.457,0.459,0.197,0.497,0.073,0.197,0.139,0.458,-0.58,0.358,-0.308,0.526,0.27,-0.555,0.365,0.405,0.479,0.521,-0.1,0.445,0.514,-0.397,0.577,0.452,0.534,0.465,-0.233,-0.493,0.051,0.354,0.449,0.614,0.579,-0.084,0.225,-0.469,0.34,0.037
BLBD,0.067,-0.672,0.732,-0.004,0.951,0.859,0.099,-0.688,-0.821,-0.131,0.844,0.885,0.149,0.741,0.581,0.459,0.885,-0.732,0.937,-0.668,0.892,0.674,0.612,0.0,0.525,-0.261,0.821,0.711,-0.217,0.273,-0.783,0.899,0.765,0.904,0.711,0.756,0.521,-0.866,0.929,0.739,0.352,0.863,0.815,0.804,0.91,0.63,0.138,0.706,0.954,0.376,0.164,0.749,0.94,0.965,0.747,0.698,-0.36,0.884,-0.069,0.467,0.8,0.94,0.831,0.309,0.397,0.92,0.665,0.764,0.803,0.378,-0.402,0.935,-0.061,-0.712,0.689,-0.339,0.944,0.853,0.504,-0.194,0.245,0.1,0.866,0.37,0.906,0.592,0.788,0.359,0.733,-0.603,0.047,-0.54,-0.06,0.758,0.078,0.71,0.902,0.601,0.273,0.771,0.926,0.869,0.791,-0.613,0.693,0.558,0.517,0.758,0.912,0.816,0.801,-0.43,0.277,0.678,0.322,0.39,-0.542,-0.353,0.727,-0.18,-0.623,0.637,0.918,0.952,0.713,0.21,0.814,0.207,-0.689,0.877,-0.851,0.806,0.845,0.638,0.619,0.628,0.746,0.632,0.781,0.554,0.103,0.326,0.854,0.65,0.578,0.121,0.212,0.79,0.838,-0.698,0.889,0.37,0.578,0.713,0.862,0.75,0.836,0.673,0.87,-0.475,0.937,0.71,0.878,0.94,0.617,0.845,0.323,0.405,0.681,0.899,-0.923,0.632,-0.519,0.913,0.66,-0.429,0.816,0.598,0.921,0.913,0.064,0.86,0.721,-0.608,0.801,0.876,0.879,0.938,-0.28,-0.482,-0.215,0.22,0.897,0.779,0.947,-0.213,0.664,-0.692,0.841,-0.15
BMRN,0.42,-0.002,0.38,-0.39,0.574,0.315,0.596,-0.356,-0.491,0.476,0.494,0.728,0.39,0.685,0.419,0.75,0.668,-0.161,0.532,-0.73,0.444,0.748,0.118,0.525,0.0,-0.351,0.301,0.592,-0.164,-0.082,-0.064,0.695,0.658,0.651,0.557,0.421,0.626,-0.33,0.514,0.277,0.763,0.694,0.577,0.661,0.606,0.788,0.637,0.549,0.591,0.626,-0.314,0.381,0.454,0.517,0.675,0.837,-0.159,0.57,0.474,0.27,0.543,0.581,0.71,0.228,0.708,0.569,0.749,0.673,0.726,0.674,-0.283,0.374,0.5,-0.306,0.083,-0.031,0.523,0.502,0.704,0.412,0.282,0.126,0.783,0.738,0.492,0.101,0.604,0.03,0.62,-0.215,0.102,-0.535,-0.281,0.553,0.553,0.34,0.526,0.763,0.643,0.647,0.323,0.331,0.735,-0.766,0.696,0.451,0.746,0.809,0.401,0.737,0.771,0.215,0.736,0.577,0.267,0.597,0.136,-0.064,0.789,0.244,-0.024,0.147,0.536,0.561,0.631,0.294,0.552,0.434,-0.344,0.49,-0.495,0.482,0.472,0.655,0.632,0.776,0.614,0.143,0.861,0.451,0.147,0.737,0.462,0.339,0.791,0.725,-0.357,0.745,0.799,-0.069,0.652,-0.037,0.358,0.666,0.371,0.712,0.684,0.476,0.431,-0.482,0.473,0.778,0.546,0.5,0.363,0.691,0.13,0.637,0.535,0.704,-0.524,0.754,-0.669,0.613,0.731,0.147,0.732,0.073,0.723,0.447,0.674,0.727,0.281,-0.218,0.585,0.609,0.47,0.684,0.089,0.231,0.049,-0.317,0.622,0.324,0.603,0.002,0.697,-0.22,0.501,0.183
BNGO,0.064,0.025,-0.119,0.287,-0.349,-0.324,-0.262,0.489,0.381,-0.397,-0.223,-0.446,-0.318,-0.641,0.203,-0.432,-0.497,0.312,-0.33,0.135,-0.396,-0.325,-0.153,-0.261,-0.351,0.0,-0.075,-0.275,0.55,0.368,0.103,-0.398,-0.244,-0.365,-0.235,-0.445,-0.417,0.071,-0.356,-0.043,-0.414,-0.37,-0.485,-0.281,-0.14,-0.256,-0.449,-0.496,-0.278,-0.003,0.296,-0.351,-0.321,-0.323,-0.351,-0.261,0.095,-0.433,-0.376,-0.27,-0.126,-0.324,-0.395,-0.356,-0.563,-0.423,-0.376,-0.516,-0.264,-0.286,0.239,-0.241,-0.142,0.021,0.114,-0.03,-0.092,-0.293,-0.602,-0.384,-0.059,-0.207,-0.398,-0.335,-0.151,-0.282,-0.405,0.027,-0.359,0.168,0.281,0.442,0.386,-0.43,-0.307,-0.254,-0.17,-0.458,-0.312,-0.57,-0.244,-0.126,-0.331,0.416,-0.425,0.108,-0.561,-0.476,-0.281,-0.531,-0.38,-0.308,-0.446,-0.484,-0.119,0.1,-0.126,-0.209,-0.432,-0.285,-0.127,0.033,-0.181,-0.305,-0.128,-0.44,-0.202,-0.053,0.133,-0.504,0.511,-0.059,-0.26,-0.583,-0.55,-0.387,-0.499,0.005,-0.386,-0.682,-0.208,-0.428,-0.177,-0.27,-0.479,-0.262,-0.063,-0.435,-0.444,0.256,-0.436,0.106,-0.309,-0.3,-0.179,-0.487,-0.377,-0.165,-0.019,0.28,-0.243,-0.339,-0.276,-0.315,0.077,-0.495,-0.031,-0.364,-0.14,-0.471,0.401,-0.468,0.567,-0.43,-0.285,-0.028,-0.429,0.125,-0.214,-0.304,-0.113,-0.382,0.009,0.51,-0.463,-0.253,-0.305,-0.337,-0.327,-0.127,-0.021,0.38,-0.26,-0.296,-0.285,-0.431,-0.182,0.202,-0.231,-0.343
BUSE,-0.103,-0.531,0.786,0.175,0.742,0.58,-0.256,-0.296,-0.473,-0.417,0.688,0.589,-0.228,0.406,0.594,0.019,0.568,-0.448,0.632,-0.435,0.703,0.407,0.44,0.821,0.301,-0.075,0.0,0.724,0.194,0.528,-0.714,0.563,0.501,0.672,0.503,0.605,0.124,-0.713,0.664,0.841,-0.019,0.763,0.416,0.649,0.775,0.277,-0.044,0.359,0.755,0.19,0.618,0.613,0.713,0.808,0.678,0.449,-0.172,0.628,-0.467,0.202,0.659,0.704,0.569,-0.044,0.07,0.635,0.495,0.399,0.717,0.122,-0.19,0.866,-0.086,-0.507,0.915,-0.486,0.833,0.684,0.158,-0.319,0.465,0.192,0.62,0.111,0.802,0.292,0.539,0.296,0.455,-0.36,0.041,-0.202,0.283,0.388,-0.047,0.701,0.811,0.194,-0.06,0.411,0.807,0.785,0.435,-0.301,0.233,0.565,0.092,0.441,0.904,0.494,0.693,-0.654,0.104,0.42,0.422,0.245,-0.578,-0.362,0.381,-0.18,-0.704,0.807,0.735,0.75,0.413,0.017,0.685,0.225,-0.523,0.571,-0.694,0.909,0.777,0.365,0.264,0.493,0.464,0.9,0.509,0.343,-0.006,0.279,0.669,0.796,0.193,-0.115,0.127,0.463,0.5,-0.558,0.541,0.27,0.191,0.502,0.688,0.345,0.572,0.698,0.832,-0.038,0.92,0.394,0.756,0.897,0.845,0.5,0.719,0.16,0.726,0.672,-0.637,0.295,-0.226,0.765,0.434,-0.46,0.518,0.842,0.737,0.851,-0.154,0.556,0.696,-0.413,0.496,0.575,0.558,0.7,-0.494,-0.568,-0.306,0.421,0.728,0.564,0.759,-0.19,0.388,-0.428,0.89,-0.477
CAKE,0.388,-0.118,0.611,-0.384,0.622,0.392,0.273,-0.197,-0.456,-0.01,0.491,0.654,0.053,0.533,0.573,0.451,0.696,-0.23,0.54,-0.498,0.543,0.611,0.261,0.711,0.592,-0.275,0.724,0.0,0.19,0.285,-0.318,0.672,0.465,0.678,0.646,0.522,0.286,-0.466,0.598,0.502,0.5,0.8,0.492,0.617,0.684,0.608,0.493,0.304,0.672,0.42,0.254,0.354,0.62,0.629,0.811,0.722,-0.129,0.714,-0.019,0.212,0.588,0.632,0.733,-0.036,0.373,0.663,0.803,0.666,0.896,0.682,0.03,0.623,0.299,-0.492,0.518,-0.334,0.731,0.52,0.505,0.258,0.418,0.186,0.719,0.621,0.669,0.073,0.652,0.22,0.61,-0.16,0.2,-0.469,-0.041,0.438,0.027,0.385,0.78,0.547,0.393,0.484,0.508,0.532,0.691,-0.724,0.41,0.56,0.43,0.709,0.706,0.59,0.794,-0.25,0.468,0.408,0.641,0.55,-0.22,-0.402,0.575,0.198,-0.35,0.348,0.651,0.647,0.662,0.232,0.772,0.422,-0.463,0.586,-0.628,0.783,0.671,0.564,0.43,0.797,0.47,0.655,0.723,0.57,0.296,0.607,0.394,0.566,0.48,0.395,-0.291,0.667,0.615,-0.255,0.639,0.263,0.223,0.572,0.55,0.491,0.705,0.626,0.575,-0.319,0.796,0.717,0.785,0.756,0.685,0.515,0.48,0.419,0.844,0.834,-0.562,0.595,-0.487,0.71,0.563,-0.018,0.714,0.433,0.782,0.574,0.345,0.696,0.395,-0.506,0.433,0.576,0.44,0.75,-0.17,-0.077,0.112,0.021,0.733,0.264,0.755,-0.138,0.662,-0.399,0.884,-0.413
CASY,0.181,0.308,0.17,0.057,-0.329,-0.531,-0.238,0.81,0.575,-0.472,-0.208,-0.432,-0.434,-0.604,0.231,-0.448,-0.443,0.635,-0.43,0.199,-0.324,-0.193,-0.275,-0.217,-0.164,0.55,0.194,0.19,0.0,0.654,0.276,-0.394,-0.352,-0.258,-0.105,-0.438,-0.558,0.191,-0.385,0.09,-0.321,-0.163,-0.606,-0.205,-0.079,-0.26,-0.123,-0.694,-0.227,-0.036,0.579,-0.269,-0.341,-0.301,-0.111,-0.167,0.339,-0.383,-0.576,-0.247,-0.055,-0.277,-0.354,-0.627,-0.584,-0.431,-0.107,-0.484,0.013,-0.081,0.559,-0.176,0.041,0.12,0.306,-0.192,-0.027,-0.28,-0.516,-0.045,0.308,0.043,-0.317,-0.114,-0.03,-0.529,-0.288,-0.074,-0.339,0.438,0.374,0.483,0.539,-0.569,-0.338,-0.214,-0.006,-0.506,-0.273,-0.664,-0.283,-0.121,-0.315,0.256,-0.597,0.297,-0.624,-0.313,-0.085,-0.5,-0.083,-0.393,-0.236,-0.471,0.169,0.095,-0.082,-0.201,-0.449,-0.069,-0.132,0.111,-0.177,-0.274,-0.093,-0.315,-0.058,0.109,0.111,-0.513,0.317,0.28,-0.091,-0.481,-0.627,-0.056,-0.577,0.39,-0.279,-0.42,-0.127,0.082,-0.292,0.104,-0.522,-0.117,-0.438,-0.369,-0.443,0.357,-0.473,0.015,-0.585,-0.183,-0.179,-0.6,-0.304,-0.06,0.063,0.562,-0.026,-0.168,-0.059,-0.115,0.401,-0.521,0.452,-0.351,0.196,-0.287,0.492,-0.383,0.437,-0.245,-0.133,0.187,-0.324,0.339,-0.097,-0.193,-0.073,-0.343,-0.06,0.4,-0.595,-0.366,-0.492,-0.259,-0.357,-0.046,0.153,0.358,-0.23,-0.533,-0.184,-0.364,-0.16,0.41,0.123,-0.736
CCOI,0.146,-0.375,0.562,0.229,0.185,0.042,-0.326,0.308,0.142,-0.539,0.35,-0.03,-0.145,-0.287,0.381,-0.301,-0.043,0.113,0.139,0.016,0.315,0.027,0.194,0.273,-0.082,0.368,0.528,0.285,0.654,0.0,-0.304,0.021,0.003,0.224,0.22,-0.153,-0.166,-0.325,0.165,0.555,-0.289,0.058,-0.121,0.145,0.346,-0.076,-0.335,-0.278,0.285,-0.106,0.648,0.397,0.176,0.156,0.075,-0.042,0.346,0.063,-0.674,0.339,0.359,0.272,-0.066,-0.189,-0.576,-0.024,0.025,-0.218,0.165,-0.19,0.331,0.309,-0.419,-0.327,0.72,-0.17,0.403,0.273,-0.404,-0.316,0.292,0.199,0.005,-0.207,0.498,0.112,0.067,-0.003,-0.123,-0.109,0.325,0.474,0.457,-0.129,-0.466,0.179,0.393,-0.331,-0.267,-0.27,0.27,0.496,0.0,0.214,-0.226,0.574,-0.476,-0.0,0.378,-0.165,0.141,-0.745,-0.421,-0.035,0.005,-0.027,-0.619,-0.173,-0.145,-0.52,-0.433,0.507,0.325,0.269,0.214,-0.134,0.248,-0.128,-0.305,-0.054,-0.17,0.57,0.287,-0.244,-0.432,-0.047,-0.214,0.606,-0.056,-0.157,-0.374,-0.039,0.272,0.368,-0.357,-0.204,0.082,0.013,-0.069,-0.319,-0.071,0.363,-0.172,0.148,0.377,-0.268,0.025,0.001,0.568,0.48,0.413,0.017,0.334,0.289,0.506,-0.015,0.412,-0.35,0.181,0.047,-0.006,-0.229,0.307,0.222,0.054,-0.192,0.02,0.71,0.257,0.32,-0.232,0.025,0.502,0.006,-0.16,0.077,0.037,0.104,-0.57,-0.627,0.083,0.719,0.142,-0.013,0.25,-0.559,-0.001,0.039,0.406,-0.683
CEVA,0.257,0.849,-0.589,-0.33,-0.766,-0.793,0.303,0.66,0.69,0.366,-0.717,-0.562,0.04,-0.44,-0.327,-0.021,-0.573,0.8,-0.765,0.367,-0.774,-0.277,-0.659,-0.783,-0.064,0.103,-0.714,-0.318,0.276,-0.304,0.0,-0.579,-0.566,-0.615,-0.413,-0.555,-0.309,0.816,-0.754,-0.674,0.161,-0.521,-0.607,-0.552,-0.665,-0.19,0.37,-0.548,-0.72,-0.054,-0.315,-0.672,-0.775,-0.782,-0.417,-0.248,0.276,-0.596,0.37,-0.398,-0.589,-0.717,-0.493,-0.257,-0.035,-0.66,-0.224,-0.381,-0.39,0.109,0.471,-0.823,0.438,0.605,-0.73,0.308,-0.716,-0.712,-0.081,0.605,-0.009,0.013,-0.484,0.133,-0.703,-0.611,-0.466,-0.274,-0.389,0.676,0.177,0.207,-0.036,-0.529,0.138,-0.728,-0.655,-0.187,0.143,-0.506,-0.879,-0.842,-0.392,0.162,-0.375,-0.349,-0.129,-0.362,-0.774,-0.473,-0.413,0.68,0.2,-0.506,-0.033,-0.036,0.731,0.279,-0.391,0.484,0.676,-0.697,-0.724,-0.77,-0.353,0.001,-0.539,0.135,0.562,-0.657,0.715,-0.583,-0.656,-0.271,-0.269,-0.16,-0.507,-0.545,-0.366,-0.285,0.093,0.145,-0.749,-0.495,-0.199,0.346,-0.518,-0.426,-0.491,0.836,-0.594,-0.416,-0.461,-0.364,-0.739,-0.43,-0.507,-0.41,-0.759,0.189,-0.747,-0.234,-0.603,-0.716,-0.428,-0.566,-0.259,-0.084,-0.288,-0.55,0.77,-0.222,0.22,-0.678,-0.267,0.723,-0.452,-0.63,-0.608,-0.769,0.329,-0.508,-0.697,0.552,-0.615,-0.617,-0.724,-0.614,0.47,0.807,0.316,-0.481,-0.611,-0.756,-0.703,0.19,-0.296,0.625,-0.571,0.135
