,AAPL,ACRS,ADP,AFYA,AGNC,AGYS,ALT,AMGN,AMPH,AMZN,ANIP,AOSL,APDN,APLT,APVO,ARGX,ARLP,ATEX,ATRA,AUTL,AVDL,BCRX,BHAT,BLBD,BMRN,BNGO,BUSE,CAKE,CASY,CCOI,CEVA,CHY,CLDX,CLMT,COHU,COLM,COST,CPRT,CSWC,CSX,DBX,DCOM,DKNG,DMLP,DOX,EA,EDIT,ENPH,ENSG,ERNA,ESGR,ETNB,EXTR,FANG,FARO,FATE,FGEN,FIVE,FIVN,FLGT,FOLD,FORM,FOXA,FRPT,FSLR,FTAI,GBDC,GDYN,GGAL,GNLN,GRFS,GT,HCAT,HCM,HFWA,HOLX,HQY,HUBG,IAC,ICLR,IDCC,IEP,IHRT,ILMN,ILPT,IMAB,IMOS,INMD,INTZ,JAZZ,JKHY,JRVR,KIDS,LBRDK,LGND,LMAT,LPLA,LULU,MASI,MAT,MATW,MBIN,MBIO,MCRB,MDB,MDLZ,MELI,MIRM,MLKN,MNMD,MNRO,MPWR,MRCY,MRSN,MTVA,NAAS,NDAQ,NDSN,NEGG,NOVT,NVDA,NWE,NWSA,NXST,OCX,ODFL,OMAB,OPCH,OPRA,ORGO,OTRK,OZK,PAGP,PCH,PEGA,PENG,PENN,PFBC,PGNY,PHAT,PHUN,PINC,PLUG,PLXS,PYPL,QLYS,QNCX,QQQX,QVCGA,RAPT,RBBN,RCKT,REPL,RMBS,ROAD,ROKU,ROP,RUSHA,SANM,SATS,SBCF,SBLK,SBUX,SCHL,SCSC,SDGR,SEIC,SFIX,SGRY,SKYW,SLP,SNES,STAA,STLD,STOK,SWKS,TER,TFIN,TIGO,TILE,TPIC,TTEC,TTEK,TTGT,UXIN,VERU,VLYPP,VNOM,VRNS,VRSN,WDAY,WERN,WINA,WKHS,WRLD,XP,XTKG,YY,ZION,ZM
AAPL,0.0,0.784,0.673,0.729,0.515,0.584,-0.027,-0.36,0.871,0.93,0.425,0.677,-0.826,-0.751,0.153,0.54,0.81,-0.484,-0.548,0.846,0.303,-0.606,0.564,0.474,0.473,0.816,0.439,0.585,0.16,-0.065,0.254,0.698,0.67,0.481,0.509,0.714,-0.088,0.12,0.662,0.348,-0.451,0.493,0.452,0.542,0.554,0.608,-0.352,-0.808,0.303,-0.365,0.761,-0.503,0.779,0.601,-0.073,-0.039,0.057,0.726,-0.33,-0.137,-0.501,0.715,0.382,0.647,0.764,0.647,0.63,0.263,0.766,0.618,-0.345,0.727,0.237,0.551,0.235,-0.309,0.272,0.583,0.584,-0.404,0.315,0.401,0.669,-0.141,0.735,0.34,0.745,0.579,0.913,-0.389,-0.548,0.734,0.522,0.15,0.653,-0.098,0.792,0.649,-0.697,0.521,-0.26,0.274,0.44,-0.69,-0.347,0.563,0.817,0.545,0.455,-0.855,0.203,0.622,-0.33,0.518,-0.777,0.333,0.413,0.725,0.716,0.511,0.649,0.147,0.368,0.507,-0.712,0.16,0.497,0.675,0.709,0.337,-0.149,0.645,0.482,0.625,0.387,0.496,0.273,0.579,-0.56,0.755,0.07,0.244,0.903,0.1,0.741,-0.595,-0.479,0.591,0.644,0.917,0.224,-0.544,0.27,0.064,0.338,-0.19,0.656,0.338,-0.06,0.379,0.316,0.839,0.059,0.425,0.474,-0.05,0.693,0.314,0.118,0.547,0.612,0.501,0.728,0.555,-0.61,0.766,0.787,0.404,0.686,0.273,0.466,0.68,0.18,0.842,0.746,-0.737,-0.865,0.706,0.583,-0.402,0.523,-0.616,0.878,0.936,0.647,0.92,0.03,0.768,0.612,0.787
ACRS,0.784,0.0,0.874,0.71,0.59,0.675,0.168,-0.24,0.768,0.677,0.403,0.754,-0.768,-0.724,0.178,0.758,0.699,-0.452,-0.698,0.887,0.194,-0.738,0.669,0.676,0.71,0.748,0.684,0.706,0.556,0.301,0.5,0.863,0.293,0.556,0.619,0.812,0.303,0.436,0.787,0.656,-0.016,0.694,0.7,0.674,0.63,0.389,-0.487,-0.7,0.546,-0.386,0.812,-0.672,0.798,0.696,0.199,-0.114,-0.354,0.776,-0.427,0.237,-0.147,0.815,0.683,0.739,0.839,0.752,0.781,0.254,0.669,0.746,-0.435,0.797,0.126,0.596,0.501,-0.047,0.484,0.77,0.764,-0.072,0.62,0.582,0.807,0.226,0.817,0.374,0.755,0.771,0.735,0.073,-0.53,0.697,0.496,0.556,0.727,0.348,0.854,0.819,-0.741,0.759,0.165,0.491,0.69,-0.516,-0.051,0.836,0.651,0.4,0.625,-0.678,0.215,0.8,0.144,0.732,-0.418,-0.078,0.718,0.847,0.332,0.783,0.328,0.547,0.689,0.723,-0.422,0.524,0.772,0.814,0.693,0.612,-0.191,0.795,0.67,0.796,0.701,0.679,0.454,0.738,-0.338,0.798,0.072,0.506,0.73,0.421,0.743,-0.251,-0.716,0.749,0.786,0.762,0.533,-0.56,0.19,0.33,0.662,-0.279,0.851,0.661,0.285,0.7,0.608,0.749,0.335,0.674,0.717,0.031,0.851,0.509,0.305,0.742,0.753,0.803,0.718,0.806,-0.52,0.816,0.847,0.605,0.85,0.567,0.608,0.84,0.541,0.8,0.888,-0.656,-0.668,0.753,0.739,-0.111,0.687,-0.357,0.838,0.682,0.774,0.799,-0.035,0.717,0.763,0.682
ADP,0.673,0.874,0.0,0.632,0.795,0.858,0.304,-0.325,0.763,0.517,0.415,0.845,-0.818,-0.695,0.187,0.841,0.758,-0.363,-0.679,0.876,0.3,-0.825,0.64,0.885,0.795,0.793,0.888,0.905,0.774,0.386,0.684,0.957,0.215,0.797,0.786,0.953,0.472,0.652,0.92,0.834,0.121,0.887,0.784,0.784,0.648,0.234,-0.459,-0.692,0.757,-0.319,0.952,-0.829,0.921,0.855,0.409,-0.219,-0.569,0.836,-0.58,0.19,-0.073,0.9,0.888,0.769,0.944,0.94,0.92,0.304,0.748,0.885,-0.473,0.936,0.159,0.577,0.754,-0.019,0.702,0.925,0.889,-0.004,0.688,0.779,0.964,0.335,0.946,0.357,0.803,0.923,0.698,0.218,-0.667,0.842,0.598,0.694,0.821,0.605,0.942,0.905,-0.859,0.922,0.326,0.708,0.848,-0.495,-0.029,0.889,0.64,0.507,0.837,-0.695,0.476,0.918,0.341,0.815,-0.288,-0.165,0.824,0.955,0.196,0.927,0.165,0.743,0.892,0.918,-0.381,0.705,0.942,0.918,0.697,0.752,-0.294,0.945,0.86,0.925,0.861,0.792,0.721,0.921,-0.351,0.833,0.136,0.662,0.73,0.658,0.719,-0.181,-0.847,0.82,0.936,0.722,0.744,-0.534,0.403,0.412,0.871,-0.472,0.935,0.873,0.48,0.892,0.841,0.82,0.592,0.885,0.886,0.047,0.972,0.686,0.485,0.946,0.79,0.858,0.807,0.957,-0.506,0.926,0.933,0.793,0.971,0.787,0.815,0.982,0.756,0.844,0.866,-0.706,-0.624,0.89,0.825,-0.16,0.785,-0.275,0.851,0.599,0.944,0.8,-0.152,0.763,0.943,0.66
AFYA,0.729,0.71,0.632,0.0,0.344,0.397,-0.025,-0.251,0.738,0.648,0.193,0.44,-0.836,-0.911,-0.354,0.527,0.625,-0.551,-0.789,0.67,-0.061,-0.784,0.584,0.39,0.486,0.556,0.303,0.527,0.265,-0.104,0.118,0.628,0.629,0.237,0.25,0.612,-0.078,-0.053,0.612,0.218,-0.358,0.33,0.569,0.241,0.199,0.481,-0.612,-0.672,0.051,-0.185,0.648,-0.506,0.669,0.46,-0.318,-0.454,-0.164,0.607,-0.188,0.296,-0.458,0.544,0.295,0.678,0.615,0.523,0.51,0.179,0.552,0.467,-0.516,0.614,0.096,0.571,0.067,-0.218,0.093,0.433,0.566,-0.444,0.123,0.293,0.613,-0.25,0.621,0.338,0.683,0.582,0.819,-0.102,-0.55,0.628,0.512,0.323,0.503,-0.057,0.67,0.596,-0.633,0.469,-0.281,0.02,0.274,-0.849,-0.309,0.637,0.668,0.282,0.259,-0.672,-0.13,0.574,-0.318,0.628,-0.608,0.104,0.323,0.639,0.548,0.423,0.365,0.056,0.338,0.426,-0.48,0.122,0.495,0.517,0.578,0.446,-0.093,0.487,0.284,0.451,0.335,0.336,0.156,0.424,-0.4,0.607,-0.289,-0.013,0.71,-0.047,0.671,-0.632,-0.54,0.315,0.641,0.685,0.163,-0.768,0.211,-0.19,0.284,-0.197,0.686,0.262,-0.156,0.313,0.224,0.716,-0.068,0.299,0.295,-0.369,0.653,0.172,-0.287,0.488,0.711,0.533,0.688,0.453,-0.778,0.605,0.677,0.185,0.678,0.191,0.279,0.586,0.039,0.671,0.684,-0.57,-0.736,0.5,0.468,-0.27,0.409,-0.624,0.78,0.766,0.52,0.769,-0.288,0.736,0.489,0.819
AGNC,0.515,0.59,0.795,0.344,0.0,0.892,0.184,-0.426,0.669,0.393,0.434,0.855,-0.613,-0.406,0.388,0.615,0.715,-0.057,-0.408,0.707,0.462,-0.543,0.368,0.825,0.555,0.752,0.856,0.914,0.649,0.23,0.718,0.766,0.124,0.868,0.889,0.868,0.396,0.603,0.823,0.768,0.142,0.867,0.5,0.809,0.711,-0.066,-0.194,-0.53,0.767,-0.06,0.836,-0.706,0.829,0.878,0.603,-0.103,-0.372,0.642,-0.746,-0.087,-0.022,0.82,0.854,0.475,0.833,0.893,0.816,0.44,0.789,0.788,-0.208,0.868,0.342,0.459,0.789,0.024,0.659,0.8,0.714,-0.052,0.712,0.802,0.853,0.237,0.851,0.286,0.649,0.8,0.556,0.092,-0.574,0.734,0.602,0.425,0.827,0.561,0.856,0.668,-0.792,0.814,0.441,0.789,0.75,-0.315,-0.16,0.554,0.499,0.629,0.884,-0.591,0.769,0.8,0.298,0.492,-0.166,0.004,0.637,0.781,0.124,0.801,0.138,0.673,0.813,0.872,-0.354,0.511,0.799,0.771,0.672,0.501,-0.321,0.883,0.893,0.895,0.731,0.776,0.737,0.905,-0.282,0.676,0.264,0.604,0.693,0.757,0.459,-0.163,-0.594,0.723,0.852,0.547,0.707,-0.204,0.611,0.522,0.806,-0.47,0.696,0.819,0.604,0.833,0.814,0.78,0.705,0.882,0.854,0.119,0.842,0.696,0.598,0.906,0.459,0.577,0.765,0.839,-0.314,0.855,0.791,0.821,0.793,0.805,0.919,0.824,0.719,0.708,0.587,-0.687,-0.487,0.871,0.631,-0.331,0.543,-0.315,0.665,0.54,0.875,0.683,0.039,0.678,0.914,0.44
AGYS,0.584,0.675,0.858,0.397,0.892,0.0,0.103,-0.333,0.729,0.494,0.518,0.91,-0.658,-0.491,0.359,0.597,0.759,-0.006,-0.397,0.776,0.537,-0.574,0.44,0.816,0.54,0.778,0.881,0.929,0.71,0.252,0.785,0.832,0.097,0.871,0.934,0.896,0.44,0.631,0.859,0.759,0.095,0.868,0.506,0.867,0.733,-0.042,-0.231,-0.557,0.784,-0.057,0.879,-0.77,0.901,0.935,0.601,-0.169,-0.477,0.664,-0.689,-0.043,0.057,0.866,0.861,0.527,0.876,0.924,0.801,0.532,0.832,0.774,-0.101,0.888,0.417,0.616,0.809,0.078,0.67,0.799,0.744,-0.047,0.767,0.819,0.884,0.194,0.861,0.17,0.741,0.866,0.593,0.112,-0.513,0.728,0.66,0.457,0.929,0.556,0.875,0.755,-0.783,0.822,0.448,0.776,0.809,-0.435,-0.164,0.653,0.495,0.62,0.899,-0.613,0.709,0.888,0.359,0.495,-0.139,-0.049,0.693,0.866,0.121,0.881,0.243,0.734,0.855,0.933,-0.362,0.513,0.856,0.816,0.704,0.523,-0.266,0.95,0.945,0.932,0.765,0.876,0.697,0.93,-0.234,0.739,0.208,0.635,0.708,0.736,0.566,-0.195,-0.603,0.796,0.854,0.616,0.71,-0.279,0.657,0.59,0.834,-0.404,0.757,0.861,0.612,0.866,0.828,0.837,0.739,0.896,0.907,0.106,0.898,0.677,0.628,0.936,0.503,0.592,0.792,0.872,-0.288,0.927,0.84,0.839,0.846,0.832,0.892,0.871,0.747,0.709,0.729,-0.7,-0.515,0.94,0.624,-0.245,0.556,-0.369,0.755,0.554,0.925,0.714,-0.019,0.726,0.917,0.525
ALT,-0.027,0.168,0.304,-0.025,0.184,0.103,0.0,-0.488,-0.132,-0.189,-0.452,-0.002,-0.219,-0.049,0.348,0.662,-0.122,-0.49,-0.133,0.294,-0.083,-0.339,0.23,0.496,0.714,0.242,0.335,0.147,0.505,0.215,0.353,0.403,0.042,0.323,0.12,0.313,0.276,0.594,0.326,0.545,0.499,0.295,0.632,-0.003,0.087,0.246,0.09,-0.277,0.39,-0.579,0.227,-0.425,0.113,-0.01,0.247,0.35,-0.411,0.467,-0.032,0.069,0.123,0.194,0.372,0.3,0.305,0.312,0.522,-0.365,-0.02,0.407,-0.502,0.244,-0.618,-0.295,0.346,-0.068,0.294,0.498,0.507,0.616,0.027,0.07,0.295,0.628,0.339,0.269,0.214,0.318,0.072,0.311,-0.523,0.429,-0.319,0.619,-0.002,0.441,0.209,0.499,-0.258,0.482,0.114,0.393,0.463,0.329,0.678,0.245,0.392,-0.2,0.19,-0.307,0.156,0.184,0.357,0.628,0.018,-0.359,0.462,0.304,-0.119,0.338,-0.294,0.396,0.408,0.258,-0.068,0.732,0.422,0.242,0.003,0.597,-0.459,0.19,0.177,0.247,0.585,-0.027,0.664,0.258,-0.461,0.164,0.446,0.566,-0.133,0.322,0.316,0.456,-0.632,0.409,0.325,0.162,0.538,-0.214,-0.315,0.052,0.446,-0.606,0.428,0.324,0.051,0.402,0.362,0.025,0.16,0.3,0.181,0.495,0.209,0.603,0.337,0.278,0.538,0.577,0.144,0.381,-0.121,0.186,0.291,0.218,0.342,0.177,0.306,0.359,0.404,0.341,0.089,-0.235,-0.099,0.156,0.679,-0.003,0.701,0.442,0.053,-0.098,0.193,0.129,-0.281,0.09,0.307,0.162
AMGN,-0.36,-0.24,-0.325,-0.251,-0.426,-0.333,-0.488,0.0,-0.209,-0.212,0.365,-0.328,0.555,0.406,-0.245,-0.52,-0.243,0.453,0.307,-0.498,0.07,0.482,-0.353,-0.518,-0.505,-0.504,-0.301,-0.405,-0.265,0.267,-0.222,-0.461,-0.544,-0.463,-0.346,-0.529,0.112,-0.248,-0.439,-0.423,0.084,-0.314,-0.398,-0.132,-0.145,-0.162,0.111,0.618,-0.233,0.36,-0.456,0.485,-0.449,-0.232,-0.115,-0.061,0.088,-0.546,0.411,0.441,0.338,-0.338,-0.304,-0.2,-0.497,-0.496,-0.53,-0.02,-0.492,-0.413,0.366,-0.513,0.268,0.075,-0.243,0.446,-0.04,-0.436,-0.533,0.014,0.043,-0.018,-0.437,0.01,-0.508,-0.371,-0.518,-0.391,-0.52,0.203,0.781,-0.637,0.095,-0.194,-0.326,0.021,-0.486,-0.483,0.642,-0.491,0.22,-0.317,-0.236,0.188,-0.01,-0.013,-0.598,0.038,-0.286,0.664,-0.332,-0.348,0.233,-0.462,0.415,-0.146,-0.101,-0.4,-0.405,-0.327,0.081,-0.07,-0.254,-0.346,0.623,-0.242,-0.419,-0.288,-0.458,-0.391,0.662,-0.326,-0.262,-0.385,-0.379,-0.057,-0.52,-0.384,0.786,-0.312,-0.356,-0.288,-0.308,-0.19,-0.287,0.244,0.551,-0.35,-0.477,-0.463,-0.328,0.417,-0.092,0.197,-0.306,0.708,-0.405,-0.23,0.08,-0.309,-0.275,-0.495,0.019,-0.307,-0.159,-0.099,-0.362,-0.499,-0.108,-0.381,-0.404,-0.378,-0.574,-0.363,0.538,-0.449,-0.539,-0.207,-0.431,-0.184,-0.469,-0.387,-0.174,-0.621,-0.232,0.709,0.506,-0.384,-0.56,0.717,-0.463,0.336,-0.389,-0.465,-0.341,-0.545,0.144,-0.597,-0.452,-0.512
AMPH,0.871,0.768,0.763,0.738,0.669,0.729,-0.132,-0.209,0.0,0.808,0.62,0.744,-0.778,-0.738,0.05,0.527,0.912,-0.342,-0.632,0.78,0.424,-0.654,0.529,0.548,0.443,0.771,0.586,0.738,0.298,0.07,0.342,0.721,0.491,0.566,0.608,0.775,0.047,0.16,0.751,0.401,-0.362,0.643,0.474,0.668,0.637,0.388,-0.466,-0.642,0.42,-0.171,0.821,-0.618,0.848,0.792,0.069,-0.243,-0.122,0.663,-0.416,0.065,-0.376,0.767,0.539,0.743,0.817,0.736,0.684,0.405,0.787,0.662,-0.317,0.811,0.409,0.694,0.404,-0.135,0.488,0.635,0.61,-0.469,0.496,0.646,0.777,-0.145,0.788,0.336,0.722,0.67,0.842,-0.238,-0.497,0.708,0.736,0.222,0.75,0.137,0.849,0.628,-0.737,0.611,0.004,0.378,0.53,-0.719,-0.423,0.679,0.658,0.646,0.634,-0.74,0.332,0.697,-0.142,0.499,-0.589,0.226,0.487,0.782,0.559,0.615,0.515,0.314,0.522,0.658,-0.489,0.204,0.604,0.769,0.72,0.339,0.01,0.775,0.643,0.733,0.442,0.642,0.303,0.71,-0.335,0.823,-0.077,0.282,0.904,0.284,0.642,-0.563,-0.474,0.564,0.751,0.818,0.317,-0.476,0.452,0.208,0.5,-0.104,0.687,0.503,0.198,0.539,0.479,0.849,0.285,0.59,0.636,-0.127,0.795,0.299,0.2,0.705,0.594,0.5,0.73,0.654,-0.563,0.813,0.783,0.551,0.757,0.495,0.595,0.759,0.336,0.785,0.738,-0.677,-0.758,0.801,0.537,-0.294,0.454,-0.607,0.877,0.835,0.785,0.875,0.043,0.769,0.721,0.7
AMZN,0.93,0.677,0.517,0.648,0.393,0.494,-0.189,-0.212,0.808,0.0,0.421,0.574,-0.678,-0.605,0.1,0.334,0.733,-0.326,-0.403,0.727,0.287,-0.411,0.458,0.249,0.254,0.656,0.258,0.439,0.039,-0.162,0.188,0.558,0.581,0.358,0.435,0.545,-0.096,0.012,0.54,0.169,-0.46,0.308,0.303,0.49,0.509,0.627,-0.256,-0.615,0.124,-0.225,0.584,-0.397,0.647,0.524,-0.124,-0.085,0.098,0.524,-0.159,-0.072,-0.412,0.64,0.245,0.553,0.642,0.489,0.452,0.349,0.624,0.402,-0.115,0.558,0.355,0.67,0.091,-0.133,0.137,0.395,0.467,-0.428,0.251,0.279,0.501,-0.219,0.558,0.308,0.643,0.49,0.817,-0.403,-0.319,0.537,0.509,0.066,0.58,-0.213,0.642,0.508,-0.498,0.313,-0.294,0.079,0.315,-0.696,-0.324,0.488,0.718,0.478,0.281,-0.722,0.052,0.533,-0.368,0.342,-0.656,0.394,0.302,0.619,0.65,0.407,0.801,0.042,0.244,0.377,-0.652,-0.02,0.349,0.557,0.705,0.177,0.038,0.508,0.375,0.481,0.243,0.465,0.11,0.408,-0.402,0.607,0.047,0.145,0.818,-0.029,0.731,-0.552,-0.266,0.504,0.501,0.841,0.159,-0.499,0.236,0.134,0.194,0.078,0.509,0.215,-0.087,0.244,0.143,0.751,0.005,0.246,0.366,0.02,0.54,0.14,0.048,0.404,0.495,0.356,0.597,0.396,-0.476,0.66,0.642,0.239,0.544,0.125,0.341,0.516,0.049,0.661,0.707,-0.627,-0.739,0.611,0.403,-0.243,0.346,-0.631,0.796,0.847,0.5,0.778,0.134,0.691,0.446,0.745
ANIP,0.425,0.403,0.415,0.193,0.434,0.518,-0.452,0.365,0.62,0.421,0.0,0.56,-0.187,-0.191,0.161,0.049,0.672,0.178,-0.144,0.297,0.624,-0.126,0.112,0.239,-0.009,0.418,0.458,0.443,0.074,0.329,0.214,0.271,-0.069,0.349,0.465,0.35,0.163,0.127,0.308,0.17,-0.223,0.486,-0.044,0.642,0.598,-0.044,-0.208,-0.151,0.436,0.097,0.446,-0.149,0.441,0.613,0.212,-0.08,0.02,0.204,-0.369,-0.034,-0.08,0.408,0.351,0.283,0.366,0.376,0.243,0.35,0.471,0.394,0.09,0.394,0.564,0.488,0.401,0.059,0.513,0.32,0.082,-0.292,0.597,0.651,0.376,-0.027,0.356,-0.118,0.182,0.269,0.275,-0.161,0.057,0.185,0.662,-0.066,0.477,0.229,0.404,0.152,-0.256,0.235,0.318,0.372,0.398,-0.259,-0.462,0.425,0.015,0.684,0.537,-0.132,0.418,0.349,0.162,-0.028,-0.177,0.126,0.334,0.353,0.155,0.316,0.331,0.345,0.324,0.397,-0.056,0.059,0.244,0.509,0.309,-0.007,0.288,0.528,0.528,0.472,0.143,0.562,0.013,0.48,0.255,0.532,-0.128,0.214,0.586,0.321,0.137,-0.247,-0.022,0.325,0.282,0.331,0.066,0.1,0.491,0.435,0.309,0.29,0.202,0.394,0.406,0.341,0.37,0.385,0.444,0.454,0.572,-0.188,0.436,0.037,0.398,0.415,0.016,0.098,0.216,0.377,0.065,0.406,0.282,0.555,0.315,0.472,0.33,0.401,0.326,0.252,0.385,-0.114,-0.233,0.506,0.065,0.073,0.052,-0.216,0.437,0.326,0.513,0.363,0.169,0.17,0.404,0.034
AOSL,0.677,0.754,0.845,0.44,0.855,0.91,-0.002,-0.328,0.744,0.574,0.56,0.0,-0.676,-0.532,0.331,0.588,0.783,-0.038,-0.495,0.807,0.399,-0.57,0.493,0.785,0.517,0.786,0.849,0.911,0.573,0.311,0.671,0.793,0.182,0.808,0.928,0.878,0.399,0.54,0.786,0.756,-0.032,0.861,0.437,0.893,0.706,-0.007,-0.323,-0.605,0.757,-0.084,0.88,-0.634,0.89,0.897,0.553,-0.181,-0.309,0.684,-0.777,-0.132,-0.062,0.885,0.805,0.468,0.855,0.895,0.751,0.494,0.862,0.78,-0.151,0.893,0.445,0.565,0.76,-0.045,0.602,0.801,0.684,-0.167,0.775,0.768,0.869,0.149,0.85,0.251,0.719,0.787,0.639,0.028,-0.5,0.717,0.638,0.356,0.898,0.473,0.894,0.695,-0.806,0.785,0.37,0.758,0.747,-0.442,-0.311,0.617,0.497,0.602,0.885,-0.604,0.679,0.88,0.228,0.473,-0.273,0.061,0.599,0.824,0.247,0.833,0.279,0.651,0.764,0.879,-0.447,0.435,0.795,0.83,0.755,0.48,-0.321,0.917,0.884,0.91,0.68,0.882,0.581,0.917,-0.256,0.743,0.215,0.55,0.791,0.711,0.507,-0.287,-0.569,0.76,0.796,0.635,0.616,-0.288,0.612,0.535,0.765,-0.388,0.718,0.813,0.604,0.786,0.801,0.859,0.622,0.865,0.895,-0.005,0.892,0.62,0.551,0.876,0.436,0.579,0.803,0.849,-0.354,0.912,0.862,0.847,0.801,0.828,0.848,0.849,0.71,0.758,0.766,-0.698,-0.56,0.9,0.574,-0.35,0.504,-0.436,0.784,0.657,0.906,0.759,0.063,0.748,0.899,0.506
APDN,-0.826,-0.768,-0.818,-0.836,-0.613,-0.658,-0.219,0.555,-0.778,-0.678,-0.187,-0.676,0.0,0.896,0.064,-0.737,-0.74,0.578,0.73,-0.877,-0.109,0.884,-0.68,-0.703,-0.696,-0.793,-0.584,-0.752,-0.465,0.039,-0.397,-0.845,-0.654,-0.586,-0.542,-0.863,-0.089,-0.291,-0.803,-0.54,0.261,-0.606,-0.698,-0.473,-0.409,-0.468,0.517,0.894,-0.382,0.342,-0.871,0.708,-0.873,-0.633,0.021,0.296,0.295,-0.834,0.451,0.012,0.44,-0.748,-0.56,-0.698,-0.846,-0.8,-0.781,-0.184,-0.764,-0.739,0.563,-0.84,-0.057,-0.477,-0.385,0.306,-0.313,-0.719,-0.787,0.306,-0.246,-0.433,-0.828,0.041,-0.852,-0.419,-0.851,-0.779,-0.901,0.088,0.808,-0.894,-0.47,-0.452,-0.699,-0.123,-0.873,-0.825,0.872,-0.722,0.187,-0.383,-0.529,0.757,0.222,-0.665,-0.817,-0.417,-0.529,0.885,-0.229,-0.764,0.183,-0.777,0.648,-0.139,-0.479,-0.846,-0.573,-0.659,-0.312,-0.296,-0.572,-0.67,0.681,-0.384,-0.725,-0.711,-0.682,-0.612,0.422,-0.721,-0.555,-0.699,-0.601,-0.505,-0.542,-0.697,0.66,-0.761,-0.062,-0.343,-0.818,-0.237,-0.762,0.555,0.762,-0.585,-0.847,-0.828,-0.443,0.765,-0.337,0.041,-0.526,0.53,-0.857,-0.521,-0.013,-0.561,-0.508,-0.889,-0.143,-0.568,-0.538,0.185,-0.833,-0.488,-0.046,-0.726,-0.792,-0.696,-0.863,-0.7,0.772,-0.836,-0.904,-0.47,-0.86,-0.42,-0.586,-0.82,-0.322,-0.912,-0.801,0.839,0.847,-0.736,-0.728,0.467,-0.685,0.578,-0.911,-0.836,-0.759,-0.921,0.285,-0.875,-0.764,-0.881
APLT,-0.751,-0.724,-0.695,-0.911,-0.406,-0.491,-0.049,0.406,-0.738,-0.605,-0.191,-0.532,0.896,0.0,0.266,-0.616,-0.662,0.579,0.818,-0.74,0.026,0.864,-0.593,-0.529,-0.57,-0.689,-0.408,-0.609,-0.327,0.093,-0.176,-0.698,-0.668,-0.337,-0.344,-0.712,0.044,-0.048,-0.648,-0.336,0.397,-0.44,-0.587,-0.31,-0.237,-0.388,0.662,0.793,-0.181,0.253,-0.748,0.593,-0.763,-0.515,0.219,0.415,0.235,-0.717,0.337,-0.099,0.481,-0.561,-0.369,-0.649,-0.687,-0.63,-0.59,-0.204,-0.664,-0.589,0.543,-0.717,-0.017,-0.478,-0.173,0.42,-0.176,-0.534,-0.616,0.419,-0.144,-0.366,-0.689,0.262,-0.699,-0.267,-0.75,-0.618,-0.849,0.147,0.675,-0.725,-0.455,-0.315,-0.583,0.018,-0.743,-0.683,0.762,-0.578,0.275,-0.199,-0.348,0.823,0.343,-0.605,-0.685,-0.309,-0.393,0.764,-0.054,-0.624,0.302,-0.663,0.653,-0.087,-0.34,-0.692,-0.625,-0.493,-0.274,-0.125,-0.391,-0.526,0.55,-0.214,-0.582,-0.558,-0.58,-0.462,0.277,-0.575,-0.372,-0.531,-0.406,-0.373,-0.276,-0.532,0.536,-0.691,0.249,-0.091,-0.743,-0.046,-0.629,0.638,0.653,-0.391,-0.699,-0.717,-0.185,0.781,-0.31,0.205,-0.36,0.404,-0.736,-0.335,0.11,-0.395,-0.336,-0.763,0.043,-0.413,-0.371,0.383,-0.721,-0.313,0.177,-0.569,-0.688,-0.564,-0.739,-0.533,0.836,-0.681,-0.763,-0.309,-0.725,-0.294,-0.368,-0.663,-0.137,-0.777,-0.709,0.704,0.793,-0.582,-0.544,0.447,-0.482,0.628,-0.819,-0.786,-0.612,-0.834,0.336,-0.776,-0.585,-0.815
APVO,0.153,0.178,0.187,-0.354,0.388,0.359,0.348,-0.245,0.05,0.1,0.161,0.331,0.064,0.266,0.0,0.245,0.111,0.053,0.332,0.284,0.543,0.146,-0.072,0.356,0.258,0.386,0.419,0.208,0.256,0.21,0.495,0.265,-0.207,0.454,0.471,0.263,0.173,0.504,0.245,0.461,0.324,0.402,0.072,0.435,0.58,-0.065,0.453,-0.167,0.582,-0.313,0.192,-0.19,0.139,0.254,0.598,0.751,0.03,0.283,-0.313,-0.323,0.289,0.314,0.377,-0.03,0.276,0.302,0.346,0.119,0.268,0.34,0.146,0.222,0.012,-0.064,0.467,0.077,0.367,0.366,0.217,0.459,0.495,0.323,0.201,0.497,0.285,-0.034,0.083,0.188,0.022,-0.07,-0.119,0.208,-0.055,0.109,0.306,0.314,0.226,0.251,-0.161,0.324,0.448,0.569,0.498,0.419,0.302,0.032,0.173,0.217,0.418,-0.218,0.563,0.179,0.379,0.038,0.083,-0.148,0.397,0.201,-0.141,0.334,0.106,0.45,0.367,0.286,-0.078,0.377,0.253,0.271,0.151,0.142,-0.231,0.345,0.439,0.409,0.405,0.298,0.444,0.369,-0.131,0.18,0.58,0.581,0.073,0.503,0.116,0.349,-0.142,0.537,0.162,0.173,0.406,0.371,-0.003,0.581,0.401,-0.236,0.129,0.356,0.321,0.411,0.367,0.107,0.456,0.415,0.402,0.655,0.172,0.489,0.769,0.284,0.016,0.21,0.125,0.352,0.368,0.273,0.197,0.448,0.166,0.338,0.44,0.258,0.454,0.252,0.06,-0.218,-0.074,0.333,0.36,-0.046,0.354,0.263,0.042,0.072,0.241,0.147,0.326,-0.023,0.311,-0.115
ARGX,0.54,0.758,0.841,0.527,0.615,0.597,0.662,-0.52,0.527,0.334,0.049,0.588,-0.737,-0.616,0.245,0.0,0.462,-0.656,-0.695,0.811,0.07,-0.805,0.594,0.834,0.973,0.722,0.728,0.672,0.729,0.36,0.578,0.886,0.275,0.614,0.552,0.835,0.414,0.662,0.813,0.829,0.284,0.729,0.912,0.481,0.501,0.336,-0.406,-0.702,0.64,-0.543,0.773,-0.764,0.702,0.54,0.321,0.022,-0.54,0.87,-0.433,0.184,-0.078,0.719,0.765,0.729,0.827,0.787,0.909,0.002,0.54,0.839,-0.658,0.786,-0.273,0.22,0.607,-0.176,0.559,0.872,0.873,0.24,0.45,0.517,0.819,0.46,0.844,0.419,0.7,0.78,0.605,0.241,-0.768,0.795,0.201,0.766,0.565,0.535,0.797,0.909,-0.785,0.895,0.189,0.621,0.783,-0.251,0.286,0.741,0.678,0.179,0.633,-0.711,0.327,0.726,0.278,0.911,-0.307,-0.3,0.771,0.803,0.198,0.78,-0.022,0.638,0.773,0.734,-0.33,0.813,0.855,0.74,0.522,0.763,-0.485,0.723,0.622,0.759,0.863,0.492,0.761,0.742,-0.543,0.688,0.219,0.66,0.504,0.536,0.674,0.043,-0.933,0.754,0.829,0.645,0.702,-0.568,0.088,0.209,0.756,-0.651,0.888,0.698,0.275,0.778,0.71,0.607,0.33,0.727,0.653,0.219,0.801,0.762,0.392,0.761,0.847,0.907,0.684,0.843,-0.563,0.726,0.827,0.611,0.855,0.569,0.663,0.85,0.65,0.82,0.684,-0.673,-0.552,0.647,0.931,-0.188,0.881,-0.049,0.662,0.48,0.728,0.693,-0.246,0.623,0.794,0.624
ARLP,0.81,0.699,0.758,0.625,0.715,0.759,-0.122,-0.243,0.912,0.733,0.672,0.783,-0.74,-0.662,0.111,0.462,0.0,-0.255,-0.527,0.733,0.539,-0.627,0.476,0.59,0.379,0.781,0.652,0.778,0.275,0.002,0.323,0.679,0.446,0.689,0.656,0.774,0.021,0.205,0.72,0.413,-0.41,0.7,0.352,0.758,0.615,0.287,-0.455,-0.663,0.506,-0.186,0.856,-0.616,0.856,0.85,0.1,-0.238,-0.128,0.595,-0.551,-0.146,-0.467,0.73,0.561,0.618,0.813,0.775,0.659,0.364,0.825,0.694,-0.312,0.828,0.421,0.679,0.483,-0.21,0.546,0.644,0.54,-0.498,0.492,0.708,0.781,-0.121,0.784,0.237,0.643,0.64,0.806,-0.339,-0.55,0.73,0.727,0.15,0.729,0.164,0.829,0.568,-0.762,0.594,0.029,0.484,0.546,-0.627,-0.503,0.627,0.586,0.753,0.695,-0.7,0.48,0.649,-0.103,0.45,-0.591,0.294,0.456,0.765,0.543,0.585,0.388,0.327,0.531,0.667,-0.577,0.202,0.589,0.813,0.685,0.369,-0.03,0.806,0.698,0.735,0.41,0.627,0.33,0.75,-0.353,0.866,0.023,0.358,0.892,0.331,0.542,-0.585,-0.48,0.543,0.708,0.77,0.33,-0.387,0.528,0.207,0.534,-0.124,0.614,0.549,0.233,0.554,0.527,0.842,0.395,0.631,0.681,-0.199,0.763,0.296,0.321,0.735,0.496,0.47,0.673,0.647,-0.477,0.808,0.745,0.632,0.728,0.563,0.611,0.762,0.372,0.768,0.694,-0.689,-0.743,0.846,0.507,-0.359,0.448,-0.597,0.858,0.759,0.808,0.863,0.047,0.731,0.748,0.589
ATEX,-0.484,-0.452,-0.363,-0.551,-0.057,-0.006,-0.49,0.453,-0.342,-0.326,0.178,-0.038,0.578,0.579,0.053,-0.656,-0.255,0.0,0.591,-0.487,0.151,0.623,-0.467,-0.284,-0.655,-0.396,-0.127,-0.119,-0.11,0.053,0.082,-0.441,-0.577,-0.077,0.104,-0.368,0.212,-0.028,-0.382,-0.204,0.131,-0.177,-0.635,0.088,-0.075,-0.667,0.421,0.641,-0.023,0.696,-0.356,0.372,-0.277,-0.002,0.385,-0.114,0.048,-0.577,-0.041,-0.117,0.521,-0.213,-0.116,-0.615,-0.409,-0.259,-0.486,0.41,-0.2,-0.424,0.774,-0.345,0.574,0.066,0.045,0.496,-0.095,-0.367,-0.441,0.033,0.18,0.034,-0.346,-0.113,-0.417,-0.381,-0.378,-0.249,-0.564,0.205,0.685,-0.527,0.132,-0.345,-0.022,0.097,-0.381,-0.504,0.477,-0.392,0.392,0.015,-0.201,0.28,-0.195,-0.388,-0.599,0.069,-0.014,0.625,0.21,-0.14,0.295,-0.706,0.632,0.057,-0.25,-0.348,-0.476,-0.169,0.025,0.051,-0.134,-0.092,0.41,-0.334,-0.289,-0.314,-0.211,-0.416,0.261,-0.186,0.023,-0.191,-0.279,0.18,-0.213,-0.173,0.7,-0.426,-0.026,-0.157,-0.317,0.169,-0.467,0.212,0.614,-0.213,-0.379,-0.576,-0.108,0.576,0.365,0.416,-0.13,0.351,-0.467,-0.04,0.418,-0.153,-0.06,-0.259,0.341,-0.09,-0.011,0.007,-0.293,-0.18,0.153,-0.185,-0.697,-0.551,-0.314,-0.27,0.629,-0.232,-0.403,-0.005,-0.42,0.091,-0.039,-0.375,0.043,-0.593,-0.346,0.449,0.577,-0.135,-0.628,0.242,-0.605,0.124,-0.439,-0.451,-0.198,-0.532,0.212,-0.356,-0.246,-0.565
ATRA,-0.548,-0.698,-0.679,-0.789,-0.408,-0.397,-0.133,0.307,-0.632,-0.403,-0.144,-0.495,0.73,0.818,0.332,-0.695,-0.527,0.591,0.0,-0.629,0.196,0.821,-0.573,-0.529,-0.63,-0.525,-0.432,-0.567,-0.384,-0.174,-0.138,-0.637,-0.463,-0.293,-0.311,-0.643,-0.16,-0.143,-0.614,-0.434,0.14,-0.469,-0.666,-0.324,-0.205,-0.277,0.808,0.576,-0.223,0.282,-0.654,0.535,-0.642,-0.461,0.086,0.496,0.331,-0.627,0.381,-0.293,0.367,-0.54,-0.451,-0.674,-0.641,-0.571,-0.595,-0.053,-0.496,-0.574,0.628,-0.673,0.089,-0.37,-0.239,0.32,-0.283,-0.562,-0.605,0.305,-0.238,-0.383,-0.668,0.075,-0.638,-0.405,-0.611,-0.564,-0.662,-0.071,0.595,-0.586,-0.36,-0.433,-0.433,-0.21,-0.686,-0.612,0.71,-0.617,0.086,-0.241,-0.377,0.588,0.206,-0.641,-0.508,-0.14,-0.415,0.545,-0.035,-0.587,0.119,-0.7,0.457,0.075,-0.372,-0.62,-0.428,-0.505,-0.017,-0.236,-0.432,-0.528,0.332,-0.34,-0.602,-0.567,-0.544,-0.486,0.225,-0.527,-0.347,-0.511,-0.446,-0.369,-0.256,-0.512,0.384,-0.618,0.274,-0.154,-0.597,-0.191,-0.461,0.369,0.704,-0.338,-0.665,-0.573,-0.289,0.699,-0.175,0.152,-0.427,0.349,-0.687,-0.401,-0.099,-0.447,-0.41,-0.598,0.002,-0.449,-0.409,0.348,-0.685,-0.335,0.122,-0.547,-0.669,-0.639,-0.627,-0.564,0.842,-0.566,-0.682,-0.352,-0.681,-0.385,-0.366,-0.63,-0.284,-0.66,-0.645,0.537,0.57,-0.471,-0.55,0.304,-0.462,0.435,-0.684,-0.584,-0.574,-0.667,0.241,-0.675,-0.57,-0.652
AUTL,0.846,0.887,0.876,0.67,0.707,0.776,0.294,-0.498,0.78,0.727,0.297,0.807,-0.877,-0.74,0.284,0.811,0.733,-0.487,-0.629,0.0,0.271,-0.75,0.628,0.768,0.757,0.879,0.713,0.785,0.576,0.139,0.624,0.925,0.454,0.687,0.724,0.911,0.253,0.487,0.884,0.718,-0.061,0.729,0.722,0.661,0.649,0.403,-0.373,-0.841,0.585,-0.444,0.887,-0.75,0.886,0.728,0.263,-0.048,-0.347,0.875,-0.503,0.004,-0.216,0.869,0.711,0.71,0.93,0.859,0.876,0.284,0.805,0.802,-0.402,0.887,0.09,0.521,0.548,-0.179,0.45,0.824,0.835,-0.054,0.518,0.566,0.872,0.153,0.9,0.367,0.867,0.836,0.844,-0.049,-0.695,0.85,0.456,0.527,0.808,0.279,0.925,0.909,-0.856,0.822,0.039,0.578,0.737,-0.548,-0.046,0.723,0.803,0.44,0.666,-0.869,0.379,0.846,0.041,0.755,-0.511,0.027,0.684,0.906,0.44,0.809,0.393,0.52,0.723,0.788,-0.595,0.541,0.819,0.808,0.76,0.594,-0.395,0.833,0.722,0.835,0.757,0.677,0.631,0.798,-0.579,0.816,0.229,0.563,0.801,0.439,0.811,-0.296,-0.758,0.826,0.861,0.859,0.606,-0.582,0.322,0.294,0.686,-0.495,0.899,0.663,0.222,0.723,0.639,0.871,0.322,0.705,0.716,0.142,0.891,0.665,0.362,0.804,0.766,0.786,0.846,0.827,-0.587,0.916,0.95,0.634,0.894,0.544,0.724,0.88,0.541,0.927,0.878,-0.858,-0.762,0.842,0.83,-0.333,0.749,-0.439,0.896,0.785,0.819,0.905,-0.11,0.827,0.838,0.802
AVDL,0.303,0.194,0.3,-0.061,0.462,0.537,-0.083,0.07,0.424,0.287,0.624,0.399,-0.109,0.026,0.543,0.07,0.539,0.151,0.196,0.271,0.0,0.044,-0.045,0.302,0.045,0.461,0.438,0.38,0.154,0.001,0.408,0.271,-0.049,0.502,0.47,0.33,-0.033,0.254,0.362,0.205,-0.062,0.43,-0.051,0.517,0.609,-0.036,0.239,-0.21,0.499,-0.034,0.376,-0.271,0.36,0.565,0.312,0.302,0.018,0.177,-0.304,-0.23,-0.029,0.343,0.372,0.156,0.371,0.389,0.303,0.314,0.487,0.344,0.175,0.341,0.473,0.358,0.412,0.102,0.475,0.294,0.12,-0.039,0.454,0.59,0.342,0.071,0.36,-0.227,0.185,0.263,0.258,-0.296,-0.084,0.27,0.495,-0.073,0.474,0.178,0.328,0.203,-0.227,0.257,0.282,0.457,0.403,-0.022,-0.148,0.212,0.167,0.637,0.514,-0.287,0.574,0.24,0.201,-0.045,-0.114,0.035,0.392,0.331,0.038,0.298,0.268,0.333,0.364,0.379,-0.166,0.136,0.241,0.397,0.182,0.014,0.194,0.469,0.56,0.468,0.24,0.381,0.234,0.434,-0.004,0.477,0.157,0.383,0.353,0.329,0.192,-0.102,-0.045,0.388,0.263,0.298,0.193,0.343,0.417,0.436,0.352,0.031,0.165,0.335,0.223,0.372,0.31,0.325,0.541,0.434,0.459,0.218,0.306,0.211,0.611,0.401,0.025,0.058,0.227,0.3,0.226,0.393,0.232,0.451,0.269,0.364,0.399,0.334,0.301,0.254,0.163,-0.222,-0.245,0.523,0.223,-0.022,0.18,-0.121,0.286,0.222,0.399,0.334,0.093,0.14,0.365,0.046
BCRX,-0.606,-0.738,-0.825,-0.784,-0.543,-0.574,-0.339,0.482,-0.654,-0.411,-0.126,-0.57,0.884,0.864,0.146,-0.805,-0.627,0.623,0.821,-0.75,0.044,0.0,-0.658,-0.741,-0.764,-0.651,-0.639,-0.714,-0.57,-0.151,-0.333,-0.8,-0.464,-0.542,-0.455,-0.813,-0.216,-0.372,-0.741,-0.599,0.102,-0.654,-0.791,-0.44,-0.306,-0.331,0.692,0.753,-0.432,0.37,-0.82,0.731,-0.766,-0.561,-0.016,0.338,0.478,-0.787,0.467,-0.151,0.331,-0.66,-0.607,-0.728,-0.781,-0.77,-0.778,-0.022,-0.572,-0.771,0.71,-0.793,0.163,-0.372,-0.462,0.309,-0.451,-0.739,-0.774,0.197,-0.275,-0.469,-0.816,-0.102,-0.811,-0.428,-0.704,-0.742,-0.72,-0.136,0.819,-0.822,-0.336,-0.597,-0.547,-0.333,-0.799,-0.789,0.845,-0.766,0.012,-0.432,-0.57,0.597,0.111,-0.727,-0.627,-0.282,-0.538,0.717,-0.195,-0.688,-0.025,-0.869,0.477,0.091,-0.514,-0.803,-0.391,-0.656,0.015,-0.41,-0.621,-0.661,0.467,-0.543,-0.756,-0.715,-0.541,-0.717,0.441,-0.705,-0.516,-0.657,-0.63,-0.452,-0.563,-0.697,0.525,-0.693,0.038,-0.418,-0.635,-0.323,-0.593,0.364,0.855,-0.509,-0.811,-0.657,-0.499,0.772,-0.205,0.05,-0.605,0.545,-0.841,-0.599,-0.136,-0.625,-0.603,-0.701,-0.197,-0.615,-0.552,0.244,-0.798,-0.461,-0.075,-0.733,-0.827,-0.777,-0.709,-0.734,0.744,-0.713,-0.812,-0.528,-0.84,-0.513,-0.553,-0.816,-0.429,-0.82,-0.714,0.694,0.679,-0.641,-0.722,0.342,-0.719,0.349,-0.773,-0.607,-0.749,-0.768,0.329,-0.729,-0.754,-0.7
BHAT,0.564,0.669,0.64,0.584,0.368,0.44,0.23,-0.353,0.529,0.458,0.112,0.493,-0.68,-0.593,-0.072,0.594,0.476,-0.467,-0.573,0.628,-0.045,-0.658,0.0,0.494,0.602,0.481,0.474,0.513,0.412,0.184,0.284,0.653,0.364,0.381,0.351,0.608,0.237,0.273,0.529,0.471,-0.021,0.473,0.574,0.349,0.33,0.39,-0.368,-0.598,0.342,-0.352,0.617,-0.546,0.592,0.427,0.01,-0.189,-0.291,0.616,-0.24,0.198,-0.213,0.526,0.446,0.578,0.605,0.543,0.577,0.06,0.488,0.547,-0.475,0.594,0.015,0.378,0.313,-0.051,0.232,0.59,0.64,-0.105,0.3,0.231,0.591,0.202,0.595,0.406,0.587,0.595,0.58,0.099,-0.558,0.598,0.341,0.495,0.483,0.227,0.614,0.631,-0.582,0.58,0.013,0.255,0.379,-0.452,0.012,0.598,0.504,0.126,0.369,-0.529,0.03,0.577,0.015,0.653,-0.388,0.026,0.418,0.62,0.304,0.553,0.112,0.331,0.449,0.459,-0.443,0.345,0.573,0.622,0.477,0.632,-0.267,0.522,0.394,0.537,0.518,0.366,0.382,0.514,-0.394,0.555,0.074,0.352,0.499,0.257,0.581,-0.274,-0.607,0.465,0.603,0.543,0.359,-0.582,0.036,0.015,0.447,-0.322,0.664,0.461,0.103,0.456,0.427,0.567,0.132,0.433,0.438,-0.113,0.609,0.343,0.068,0.517,0.677,0.642,0.586,0.571,-0.459,0.57,0.635,0.34,0.656,0.367,0.41,0.616,0.339,0.657,0.659,-0.553,-0.525,0.475,0.618,-0.178,0.644,-0.332,0.61,0.496,0.536,0.596,-0.022,0.608,0.542,0.608
BLBD,0.474,0.676,0.885,0.39,0.825,0.816,0.496,-0.518,0.548,0.249,0.239,0.785,-0.703,-0.529,0.356,0.834,0.59,-0.284,-0.529,0.768,0.302,-0.741,0.494,0.0,0.809,0.763,0.927,0.89,0.802,0.378,0.72,0.869,0.154,0.853,0.807,0.915,0.482,0.773,0.826,0.916,0.229,0.912,0.719,0.715,0.571,0.026,-0.297,-0.651,0.863,-0.318,0.88,-0.76,0.813,0.763,0.572,-0.052,-0.545,0.839,-0.712,-0.043,-0.004,0.802,0.896,0.551,0.851,0.933,0.906,0.19,0.702,0.903,-0.487,0.88,0.038,0.272,0.851,-0.097,0.718,0.943,0.834,0.142,0.626,0.744,0.905,0.426,0.911,0.32,0.68,0.835,0.534,0.276,-0.75,0.851,0.414,0.647,0.734,0.685,0.849,0.839,-0.842,0.942,0.403,0.869,0.85,-0.234,0.047,0.654,0.559,0.415,0.882,-0.637,0.694,0.824,0.42,0.755,-0.191,-0.215,0.739,0.857,0.1,0.864,-0.053,0.772,0.881,0.904,-0.35,0.792,0.902,0.797,0.536,0.762,-0.542,0.879,0.857,0.896,0.876,0.707,0.874,0.928,-0.42,0.709,0.293,0.75,0.567,0.789,0.506,-0.05,-0.855,0.777,0.866,0.54,0.782,-0.356,0.414,0.396,0.898,-0.726,0.847,0.877,0.543,0.889,0.907,0.709,0.638,0.922,0.841,0.12,0.877,0.834,0.591,0.917,0.652,0.794,0.751,0.923,-0.387,0.838,0.864,0.854,0.871,0.837,0.882,0.915,0.824,0.802,0.631,-0.669,-0.508,0.827,0.815,-0.329,0.799,-0.094,0.67,0.454,0.899,0.681,-0.236,0.639,0.939,0.464
BMRN,0.473,0.71,0.795,0.486,0.555,0.54,0.714,-0.505,0.443,0.254,-0.009,0.517,-0.696,-0.57,0.258,0.973,0.379,-0.655,-0.63,0.757,0.045,-0.764,0.602,0.809,0.0,0.665,0.697,0.621,0.732,0.368,0.586,0.856,0.237,0.555,0.494,0.786,0.405,0.654,0.762,0.813,0.348,0.68,0.893,0.4,0.457,0.312,-0.318,-0.688,0.628,-0.554,0.715,-0.727,0.635,0.467,0.312,0.087,-0.533,0.865,-0.368,0.205,-0.035,0.651,0.731,0.682,0.76,0.731,0.874,-0.052,0.5,0.801,-0.673,0.724,-0.314,0.148,0.574,-0.143,0.497,0.84,0.841,0.324,0.416,0.457,0.773,0.501,0.792,0.397,0.653,0.738,0.542,0.268,-0.757,0.762,0.157,0.779,0.521,0.539,0.731,0.886,-0.727,0.871,0.198,0.594,0.755,-0.19,0.37,0.71,0.64,0.105,0.583,-0.663,0.284,0.673,0.305,0.897,-0.266,-0.342,0.755,0.742,0.132,0.746,-0.069,0.629,0.753,0.68,-0.28,0.814,0.822,0.68,0.438,0.764,-0.506,0.662,0.573,0.708,0.866,0.42,0.76,0.688,-0.536,0.646,0.215,0.646,0.422,0.511,0.651,0.091,-0.918,0.724,0.78,0.567,0.673,-0.542,0.025,0.177,0.731,-0.684,0.857,0.663,0.226,0.748,0.679,0.534,0.313,0.689,0.601,0.237,0.749,0.772,0.373,0.711,0.822,0.89,0.642,0.799,-0.489,0.664,0.769,0.561,0.813,0.533,0.601,0.805,0.628,0.781,0.631,-0.625,-0.518,0.568,0.928,-0.145,0.896,0.009,0.593,0.415,0.659,0.635,-0.272,0.555,0.736,0.586
BNGO,0.816,0.748,0.793,0.556,0.752,0.778,0.242,-0.504,0.771,0.656,0.418,0.786,-0.793,-0.689,0.386,0.722,0.781,-0.396,-0.525,0.879,0.461,-0.651,0.481,0.763,0.665,0.0,0.697,0.77,0.464,0.051,0.543,0.824,0.468,0.691,0.715,0.869,0.165,0.442,0.784,0.631,-0.176,0.722,0.541,0.667,0.649,0.298,-0.284,-0.825,0.608,-0.348,0.879,-0.687,0.86,0.735,0.254,0.06,-0.225,0.834,-0.599,-0.214,-0.292,0.764,0.643,0.558,0.855,0.837,0.789,0.322,0.87,0.829,-0.339,0.852,0.16,0.43,0.528,-0.339,0.48,0.783,0.705,-0.135,0.483,0.649,0.802,0.067,0.861,0.206,0.762,0.733,0.808,-0.213,-0.671,0.824,0.52,0.324,0.807,0.227,0.867,0.793,-0.818,0.742,0.033,0.645,0.695,-0.475,-0.19,0.581,0.761,0.583,0.725,-0.852,0.56,0.74,-0.011,0.585,-0.56,0.058,0.605,0.805,0.504,0.685,0.397,0.439,0.638,0.736,-0.572,0.459,0.716,0.747,0.65,0.485,-0.375,0.797,0.729,0.803,0.658,0.623,0.607,0.788,-0.544,0.822,0.14,0.526,0.84,0.431,0.674,-0.362,-0.673,0.745,0.784,0.799,0.455,-0.428,0.472,0.244,0.62,-0.507,0.762,0.587,0.186,0.655,0.586,0.839,0.344,0.713,0.681,0.078,0.817,0.668,0.415,0.762,0.591,0.633,0.791,0.744,-0.52,0.869,0.862,0.659,0.793,0.543,0.695,0.819,0.473,0.883,0.703,-0.799,-0.783,0.834,0.726,-0.451,0.663,-0.416,0.825,0.786,0.791,0.889,-0.117,0.722,0.801,0.658
BUSE,0.439,0.684,0.888,0.303,0.856,0.881,0.335,-0.301,0.586,0.258,0.458,0.849,-0.584,-0.408,0.419,0.728,0.652,-0.127,-0.432,0.713,0.438,-0.639,0.474,0.927,0.697,0.697,0.0,0.902,0.786,0.511,0.758,0.821,-0.033,0.872,0.864,0.876,0.54,0.776,0.803,0.896,0.272,0.982,0.614,0.846,0.684,-0.079,-0.286,-0.532,0.944,-0.234,0.858,-0.724,0.792,0.841,0.661,-0.03,-0.526,0.721,-0.741,0.017,0.103,0.822,0.929,0.549,0.83,0.913,0.856,0.257,0.689,0.885,-0.367,0.86,0.174,0.378,0.942,0.039,0.823,0.912,0.744,0.115,0.815,0.846,0.893,0.481,0.871,0.23,0.59,0.809,0.437,0.285,-0.598,0.752,0.493,0.601,0.766,0.778,0.83,0.752,-0.78,0.912,0.606,0.911,0.9,-0.177,-0.005,0.697,0.39,0.543,0.942,-0.51,0.745,0.81,0.554,0.646,-0.078,-0.207,0.769,0.828,-0.012,0.886,-0.064,0.865,0.916,0.915,-0.248,0.745,0.882,0.855,0.524,0.694,-0.385,0.944,0.92,0.931,0.844,0.807,0.794,0.973,-0.225,0.724,0.318,0.772,0.561,0.872,0.434,0.002,-0.741,0.78,0.822,0.477,0.789,-0.207,0.441,0.58,0.938,-0.53,0.778,0.95,0.694,0.931,0.969,0.662,0.791,0.971,0.949,0.108,0.875,0.73,0.718,0.94,0.547,0.73,0.657,0.941,-0.202,0.824,0.789,0.956,0.836,0.939,0.887,0.916,0.891,0.713,0.638,-0.579,-0.399,0.855,0.717,-0.173,0.714,-0.079,0.629,0.378,0.931,0.611,-0.04,0.55,0.943,0.329
CAKE,0.585,0.706,0.905,0.527,0.914,0.929,0.147,-0.405,0.738,0.439,0.443,0.911,-0.752,-0.609,0.208,0.672,0.778,-0.119,-0.567,0.785,0.38,-0.714,0.513,0.89,0.621,0.77,0.902,0.0,0.713,0.262,0.696,0.853,0.211,0.854,0.893,0.939,0.403,0.578,0.872,0.788,0.043,0.9,0.584,0.814,0.609,-0.022,-0.363,-0.625,0.767,-0.06,0.932,-0.765,0.925,0.925,0.515,-0.292,-0.465,0.736,-0.753,-0.011,-0.082,0.885,0.877,0.57,0.892,0.958,0.836,0.456,0.843,0.831,-0.324,0.942,0.374,0.561,0.798,-0.019,0.653,0.849,0.782,-0.154,0.7,0.825,0.941,0.161,0.92,0.317,0.751,0.877,0.654,0.138,-0.648,0.818,0.687,0.491,0.886,0.574,0.925,0.763,-0.873,0.879,0.379,0.77,0.77,-0.488,-0.243,0.678,0.546,0.594,0.908,-0.642,0.683,0.9,0.277,0.614,-0.237,-0.039,0.657,0.881,0.183,0.867,0.131,0.684,0.852,0.941,-0.402,0.534,0.879,0.83,0.71,0.609,-0.346,0.945,0.908,0.93,0.761,0.832,0.712,0.956,-0.303,0.757,0.133,0.566,0.748,0.726,0.532,-0.305,-0.7,0.719,0.903,0.598,0.705,-0.361,0.639,0.431,0.851,-0.523,0.813,0.865,0.57,0.856,0.86,0.867,0.679,0.916,0.884,-0.042,0.943,0.682,0.482,0.964,0.568,0.657,0.854,0.894,-0.443,0.925,0.893,0.847,0.895,0.86,0.895,0.91,0.735,0.786,0.723,-0.718,-0.571,0.916,0.66,-0.363,0.598,-0.412,0.787,0.609,0.951,0.769,-0.112,0.787,0.959,0.564
CASY,0.16,0.556,0.774,0.265,0.649,0.71,0.505,-0.265,0.298,0.039,0.074,0.573,-0.465,-0.327,0.256,0.729,0.275,-0.11,-0.384,0.576,0.154,-0.57,0.412,0.802,0.732,0.464,0.786,0.713,0.0,0.476,0.84,0.792,-0.214,0.688,0.684,0.727,0.72,0.834,0.763,0.863,0.62,0.724,0.758,0.556,0.485,-0.108,-0.153,-0.34,0.728,-0.165,0.638,-0.76,0.623,0.636,0.656,-0.149,-0.818,0.604,-0.407,0.385,0.437,0.663,0.882,0.501,0.681,0.74,0.763,0.308,0.419,0.643,-0.237,0.658,0.011,0.36,0.774,0.314,0.6,0.76,0.824,0.464,0.649,0.638,0.733,0.579,0.69,0.188,0.601,0.858,0.246,0.647,-0.453,0.557,0.351,0.881,0.656,0.818,0.637,0.798,-0.571,0.836,0.613,0.681,0.803,-0.153,0.412,0.721,0.325,0.139,0.695,-0.345,0.427,0.802,0.706,0.683,0.278,-0.507,0.821,0.737,-0.334,0.884,-0.139,0.88,0.925,0.845,-0.004,0.818,0.907,0.639,0.42,0.758,-0.328,0.726,0.776,0.766,0.929,0.675,0.831,0.74,-0.1,0.467,0.206,0.707,0.234,0.775,0.541,0.283,-0.75,0.736,0.783,0.292,0.868,-0.34,0.332,0.576,0.892,-0.535,0.795,0.866,0.635,0.91,0.827,0.477,0.718,0.806,0.769,0.289,0.751,0.791,0.56,0.823,0.63,0.782,0.589,0.839,-0.177,0.68,0.675,0.651,0.793,0.741,0.747,0.762,0.842,0.478,0.602,-0.439,-0.162,0.65,0.717,0.125,0.682,0.105,0.455,0.109,0.708,0.36,-0.232,0.467,0.761,0.394
CCOI,-0.065,0.301,0.386,-0.104,0.23,0.252,0.215,0.267,0.07,-0.162,0.329,0.311,0.039,0.093,0.21,0.36,0.002,0.053,-0.174,0.139,0.001,-0.151,0.184,0.378,0.368,0.051,0.511,0.262,0.476,0.0,0.37,0.287,-0.458,0.27,0.329,0.232,0.632,0.597,0.213,0.555,0.537,0.494,0.352,0.409,0.328,-0.145,-0.091,0.123,0.604,-0.113,0.212,-0.115,0.128,0.23,0.568,0.061,-0.389,0.257,-0.193,0.352,0.471,0.326,0.503,0.298,0.2,0.265,0.323,-0.067,-0.023,0.372,-0.159,0.214,-0.03,-0.039,0.575,0.285,0.581,0.469,0.302,0.434,0.614,0.417,0.283,0.658,0.256,0.128,0.012,0.261,-0.21,0.615,0.033,0.082,0.099,0.515,0.149,0.739,0.199,0.263,-0.091,0.415,0.663,0.493,0.511,0.28,0.307,0.461,-0.149,0.031,0.456,0.174,0.251,0.339,0.714,0.291,0.356,-0.438,0.51,0.258,-0.4,0.466,-0.237,0.694,0.481,0.378,0.358,0.618,0.396,0.392,0.02,0.358,-0.062,0.357,0.387,0.385,0.477,0.427,0.339,0.402,0.315,0.147,0.077,0.474,-0.012,0.636,0.022,0.512,-0.307,0.406,0.215,-0.053,0.451,0.061,-0.068,0.528,0.51,-0.081,0.276,0.558,0.658,0.504,0.595,-0.028,0.497,0.507,0.544,0.173,0.321,0.332,0.519,0.34,0.188,0.423,0.02,0.489,0.213,0.176,0.197,0.543,0.281,0.578,0.346,0.373,0.683,0.08,0.241,0.157,0.249,0.203,0.274,0.386,0.345,0.495,0.015,-0.202,0.369,-0.074,0.108,-0.098,0.348,-0.188
CEVA,0.254,0.5,0.684,0.118,0.718,0.785,0.353,-0.222,0.342,0.188,0.214,0.671,-0.397,-0.176,0.495,0.578,0.323,0.082,-0.138,0.624,0.408,-0.333,0.284,0.72,0.586,0.543,0.758,0.696,0.84,0.37,0.0,0.732,-0.228,0.69,0.812,0.701,0.635,0.788,0.729,0.82,0.532,0.707,0.54,0.635,0.649,-0.151,0.097,-0.351,0.761,-0.099,0.599,-0.641,0.612,0.666,0.773,0.089,-0.623,0.547,-0.46,0.151,0.474,0.703,0.839,0.346,0.657,0.719,0.7,0.426,0.539,0.593,0.058,0.62,0.206,0.374,0.764,0.357,0.528,0.693,0.693,0.445,0.718,0.623,0.688,0.497,0.65,0.049,0.597,0.787,0.256,0.432,-0.304,0.499,0.373,0.666,0.774,0.681,0.626,0.73,-0.502,0.732,0.589,0.732,0.794,-0.098,0.324,0.561,0.323,0.292,0.712,-0.387,0.571,0.78,0.629,0.461,0.235,-0.342,0.765,0.686,-0.272,0.844,0.111,0.848,0.883,0.815,-0.069,0.671,0.802,0.589,0.44,0.522,-0.333,0.726,0.824,0.774,0.861,0.762,0.799,0.735,-0.095,0.463,0.34,0.718,0.309,0.776,0.537,0.272,-0.514,0.796,0.702,0.324,0.817,-0.121,0.441,0.747,0.814,-0.475,0.695,0.808,0.637,0.852,0.776,0.522,0.743,0.786,0.796,0.454,0.712,0.78,0.69,0.776,0.426,0.602,0.59,0.773,0.023,0.719,0.649,0.683,0.685,0.699,0.78,0.695,0.798,0.48,0.565,-0.508,-0.188,0.686,0.62,0.09,0.558,0.025,0.438,0.2,0.678,0.383,-0.067,0.427,0.73,0.342
