,AAPL,ACRS,ADP,AFYA,AGNC,AGYS,ALT,AMGN,AMPH,AMZN,ANIP,AOSL,APDN,APLT,APVO,ARGX,ARLP,ATEX,ATRA,AUTL,AVDL,BCRX,BHAT,BLBD,BMRN,BNGO,BUSE,CAKE,CASY,CCOI,CEVA,CHY,CLDX,CLMT,COHU,COLM,COST,CPRT,CSWC,CSX,DBX,DCOM,DKNG,DMLP,DOX,EA,EDIT,ENPH,ENSG,ERNA,ESGR,ETNB,EXTR,FANG,FARO,FATE,FGEN,FIVE,FIVN,FLGT,FOLD,FORM,FOXA,FRPT,FSLR,FTAI,GBDC,GDYN,GGAL,GNLN,GRFS,GT,HCAT,HCM,HFWA,HOLX,HQY,HUBG,IAC,ICLR,IDCC,IEP,IHRT,ILMN,ILPT,IMAB,IMOS,INMD,INTZ,JAZZ,JKHY,JRVR,KIDS,LBRDK,LGND,LMAT,LPLA,LULU,MASI,MAT,MATW,MBIN,MBIO,MCRB,MDB,MDLZ,MELI,MIRM,MLKN,MNMD,MNRO,MPWR,MRCY,MRSN,MTVA,NAAS,NDAQ,NDSN,NEGG,NOVT,NVDA,NWE,NWSA,NXST,OCX,ODFL,OMAB,OPCH,OPRA,ORGO,OTRK,OZK,PAGP,PCH,PEGA,PENG,PENN,PFBC,PGNY,PHAT,PHUN,PINC,PLUG,PLXS,PYPL,QLYS,QNCX,QQQX,QVCGA,RAPT,RBBN,RCKT,REPL,RMBS,ROAD,ROKU,ROP,RUSHA,SANM,SATS,SBCF,SBLK,SBUX,SCHL,SCSC,SDGR,SEIC,SFIX,SGRY,SKYW,SLP,SNES,STAA,STLD,STOK,SWKS,TER,TFIN,TIGO,TILE,TPIC,TTEC,TTEK,TTGT,UXIN,VERU,VLYPP,VNOM,VRNS,VRSN,WDAY,WERN,WINA,WKHS,WRLD,XP,XTKG,YY,ZION,ZM
AAPL,0.0,0.262,-0.383,-0.616,0.517,0.354,0.724,-0.308,0.892,0.694,-0.812,-0.246,0.508,0.929,0.589,0.593,-0.649,0.546,0.81,0.876,-0.613,0.844,-0.461,0.62,0.672,0.532,-0.156,0.087,0.043,-0.725,0.78,0.803,0.623,0.833,-0.05,0.239,0.147,0.843,0.592,0.567,0.869,0.244,0.853,0.288,-0.095,0.678,0.867,0.871,0.759,0.402,-0.095,0.592,0.242,0.439,0.55,0.742,0.294,0.664,0.659,0.098,0.715,0.716,0.656,-0.02,0.251,-0.01,0.888,0.338,0.92,0.172,0.111,0.525,0.774,0.162,-0.178,0.676,0.58,0.16,0.873,0.705,0.091,0.509,0.433,0.807,0.123,0.684,0.202,0.582,0.873,0.557,0.829,0.199,0.284,0.399,0.77,-0.215,0.704,0.865,0.685,0.209,-0.467,0.518,0.659,0.93,0.928,-0.25,0.937,0.134,0.478,-0.049,0.518,0.743,0.02,0.487,-0.137,-0.749,0.78,0.843,0.145,0.863,0.897,0.467,0.88,0.854,0.342,0.793,0.66,0.558,0.626,0.077,-0.85,0.229,0.674,0.248,0.866,0.774,0.773,0.076,0.507,0.671,0.57,0.308,0.398,0.505,0.925,0.761,0.586,0.89,0.04,0.792,0.67,0.939,0.738,0.872,-0.272,-0.333,0.925,0.611,0.089,-0.116,-0.063,-0.152,0.748,0.376,-0.232,0.867,0.629,0.851,0.593,0.337,0.452,-0.396,0.629,0.32,0.867,0.915,0.5,-0.335,-0.587,-0.15,0.87,0.329,0.419,0.841,-0.349,0.497,0.513,0.689,0.901,0.497,0.724,0.849,-0.602,-0.585,0.023,0.786,0.351,0.552,0.225,0.854
ACRS,0.262,0.0,0.485,0.379,-0.006,-0.016,-0.129,0.321,0.467,0.08,-0.072,0.331,-0.236,0.335,0.484,0.131,0.102,-0.358,-0.118,0.139,0.218,0.292,0.107,0.221,0.35,0.12,0.012,0.44,0.045,-0.142,0.41,0.336,0.019,0.017,-0.014,0.064,0.471,0.218,0.179,0.123,0.513,0.152,0.102,0.004,0.211,0.027,0.023,0.258,0.098,0.042,0.317,0.608,0.355,0.064,0.05,0.046,0.529,0.105,0.315,0.199,0.081,0.476,0.036,0.346,0.154,0.129,0.262,0.377,0.244,0.128,-0.285,0.249,0.341,-0.073,-0.004,0.338,0.316,0.404,0.084,0.118,0.55,0.331,0.161,-0.078,0.211,-0.079,0.48,0.362,0.308,0.381,0.245,-0.033,0.117,0.17,0.385,0.422,0.117,0.101,0.174,0.335,0.284,0.01,0.266,0.249,0.04,0.482,0.236,0.415,0.191,-0.106,0.038,0.675,0.638,0.251,0.136,0.03,-0.033,0.089,0.309,0.072,-0.019,0.236,0.177,0.324,0.317,0.252,0.346,0.1,-0.03,0.484,-0.066,0.284,-0.042,0.464,0.454,0.359,-0.045,0.078,-0.29,0.396,-0.134,-0.174,0.746,0.227,0.221,0.121,-0.23,0.093,0.242,0.098,0.04,0.232,-0.05,0.288,0.049,0.419,0.283,0.174,0.456,0.18,0.206,-0.226,0.291,0.189,0.239,-0.061,0.313,-0.013,-0.059,0.266,0.331,0.476,0.316,0.182,-0.1,0.185,0.479,0.173,0.241,0.27,0.158,0.229,-0.004,0.293,0.114,0.186,0.261,-0.103,0.196,0.04,0.455,0.161,0.133,0.093,0.087,0.054,0.086,-0.067,0.064,0.084
ADP,-0.383,0.485,0.0,0.564,-0.014,0.055,-0.383,0.118,-0.278,-0.449,0.653,0.732,-0.681,-0.262,-0.087,-0.016,0.737,-0.806,-0.569,-0.258,0.722,-0.55,0.598,0.075,0.109,-0.109,0.53,0.604,0.486,0.668,-0.032,-0.046,-0.022,-0.354,0.359,0.273,0.654,-0.133,-0.172,0.047,-0.19,0.376,-0.347,0.18,0.686,-0.287,-0.402,-0.515,-0.284,-0.496,0.717,-0.059,0.49,0.076,0.011,-0.156,0.171,0.011,-0.328,-0.042,-0.193,0.134,-0.189,0.47,0.472,0.535,-0.27,0.15,-0.404,0.294,-0.349,0.109,-0.544,-0.66,0.548,-0.197,0.223,0.584,-0.267,-0.266,0.588,-0.042,0.173,-0.44,0.554,-0.48,0.265,0.13,-0.395,0.036,-0.491,0.244,0.013,0.365,0.024,0.729,-0.042,-0.344,-0.503,0.537,0.792,0.002,0.052,-0.352,-0.532,0.668,-0.397,0.291,0.207,-0.427,0.059,0.17,0.781,0.169,0.257,0.606,-0.414,-0.273,0.458,-0.477,-0.606,0.225,-0.391,-0.153,-0.254,0.017,0.209,-0.074,-0.3,0.63,0.524,0.45,-0.232,0.586,0.023,-0.13,-0.31,0.429,-0.705,0.08,-0.254,-0.064,0.523,0.227,-0.456,-0.149,-0.638,-0.3,0.591,-0.216,-0.132,-0.433,-0.514,-0.181,0.599,0.522,-0.212,0.087,0.643,0.631,0.61,0.204,-0.07,0.241,0.717,-0.532,0.057,-0.532,-0.111,0.279,0.213,0.561,0.111,0.403,-0.594,-0.25,0.352,0.723,0.825,0.737,-0.309,0.411,0.033,-0.01,0.15,-0.294,-0.37,-0.32,-0.256,-0.373,0.138,-0.182,0.743,0.738,0.416,-0.399,-0.026,-0.289,0.362,-0.657
AFYA,-0.616,0.379,0.564,0.0,-0.619,-0.528,-0.893,0.76,-0.337,-0.5,0.639,0.309,-0.54,-0.497,-0.259,-0.653,0.545,-0.737,-0.758,-0.753,0.643,-0.428,0.465,-0.592,-0.484,-0.544,-0.133,-0.017,-0.196,0.476,-0.463,-0.605,-0.692,-0.83,-0.212,-0.424,0.259,-0.7,-0.558,-0.65,-0.448,-0.38,-0.722,-0.439,0.117,-0.453,-0.688,-0.411,-0.751,-0.038,0.088,-0.005,-0.196,-0.464,-0.618,-0.735,0.182,-0.646,-0.094,0.174,-0.485,-0.376,-0.721,0.239,-0.311,-0.185,-0.704,0.039,-0.675,-0.347,-0.252,-0.549,-0.326,0.077,-0.079,-0.199,-0.429,-0.027,-0.706,-0.686,0.141,-0.306,-0.541,-0.833,-0.194,-0.721,0.269,-0.312,-0.478,-0.097,-0.352,-0.443,-0.136,-0.293,-0.376,0.278,-0.659,-0.784,-0.176,-0.246,0.47,-0.711,-0.605,-0.719,-0.798,0.611,-0.581,0.184,-0.509,0.124,-0.636,-0.142,0.315,-0.456,0.417,0.639,-0.78,-0.739,0.174,-0.765,-0.73,-0.465,-0.73,-0.62,0.084,-0.617,-0.513,-0.545,-0.633,0.169,0.622,-0.282,-0.783,-0.056,-0.508,-0.48,-0.851,-0.289,-0.538,-0.378,-0.793,-0.628,0.173,-0.469,-0.574,-0.693,-0.499,-0.765,-0.026,-0.71,-0.753,-0.613,-0.568,-0.459,0.016,0.798,-0.618,-0.584,0.139,-0.017,-0.064,-0.205,-0.563,-0.461,0.187,-0.849,-0.498,-0.839,-0.736,-0.375,-0.296,0.672,-0.396,-0.361,-0.792,-0.714,-0.308,0.143,0.478,0.091,-0.723,-0.306,-0.588,-0.605,0.304,-0.08,-0.164,-0.795,-0.721,-0.137,-0.472,-0.681,0.53,0.567,-0.185,-0.8,-0.292,-0.635,-0.421,-0.543
AGNC,0.517,-0.006,-0.014,-0.619,0.0,0.819,0.706,-0.683,0.312,0.543,-0.211,0.23,0.127,0.45,0.035,0.721,-0.033,0.419,0.533,0.731,-0.218,0.198,-0.211,0.83,0.628,0.439,0.57,0.577,0.708,0.001,0.664,0.752,0.775,0.774,0.647,0.816,0.276,0.812,0.658,0.844,0.424,0.765,0.616,0.729,0.435,0.375,0.671,0.319,0.761,0.078,0.43,0.156,0.569,0.842,0.907,0.776,0.066,0.873,0.025,0.092,0.681,0.649,0.863,0.329,0.793,0.631,0.672,0.317,0.554,0.573,0.375,0.786,0.15,-0.323,0.583,0.403,0.861,0.548,0.778,0.724,0.46,0.553,0.833,0.726,0.679,0.616,-0.21,0.663,0.185,0.268,0.209,0.794,0.559,0.718,0.566,0.279,0.845,0.74,-0.007,0.587,0.123,0.836,0.63,0.587,0.56,-0.06,0.454,-0.108,0.854,-0.338,0.869,0.381,0.206,0.568,0.056,-0.334,0.785,0.821,0.147,0.618,0.627,0.835,0.681,0.762,-0.142,0.736,0.694,0.761,0.754,0.181,-0.28,0.691,0.867,0.611,0.657,0.705,0.822,0.697,0.316,0.52,0.707,0.762,0.327,0.841,0.387,0.819,0.477,0.805,0.599,0.825,0.833,0.512,0.485,0.548,0.54,-0.536,0.645,0.878,0.47,0.56,0.546,0.601,0.782,0.788,0.383,0.672,0.782,0.684,0.838,0.68,0.626,-0.658,0.793,0.808,0.632,0.779,0.657,0.378,-0.001,0.49,0.748,0.753,0.913,0.733,-0.247,-0.054,0.027,0.813,0.754,0.256,0.593,0.728,0.042,-0.149,0.702,0.599,0.553,0.75,0.809,0.229
AGYS,0.354,-0.016,0.055,-0.528,0.819,0.0,0.602,-0.696,0.185,0.497,-0.029,0.448,-0.147,0.246,0.109,0.631,0.215,0.354,0.506,0.542,0.054,0.122,-0.118,0.827,0.531,0.568,0.729,0.698,0.686,0.06,0.617,0.684,0.794,0.699,0.818,0.914,0.183,0.725,0.745,0.852,0.356,0.815,0.408,0.847,0.548,0.187,0.538,0.134,0.737,-0.127,0.626,0.092,0.758,0.874,0.893,0.751,0.137,0.788,-0.221,0.206,0.644,0.475,0.775,0.244,0.781,0.783,0.575,0.147,0.461,0.747,0.499,0.82,0.123,-0.388,0.722,0.165,0.776,0.621,0.544,0.785,0.566,0.542,0.759,0.617,0.774,0.49,-0.26,0.716,0.038,0.169,-0.064,0.898,0.623,0.587,0.53,0.455,0.725,0.652,-0.269,0.618,0.367,0.834,0.602,0.5,0.401,0.023,0.189,-0.005,0.852,-0.239,0.903,0.322,0.339,0.438,-0.022,-0.15,0.671,0.718,-0.106,0.543,0.458,0.88,0.573,0.618,-0.284,0.59,0.552,0.792,0.714,0.252,-0.056,0.814,0.853,0.695,0.498,0.671,0.755,0.838,0.193,0.318,0.667,0.895,0.32,0.861,0.179,0.664,0.352,0.677,0.633,0.738,0.792,0.326,0.287,0.235,0.669,-0.514,0.427,0.847,0.553,0.708,0.703,0.761,0.782,0.845,0.501,0.556,0.709,0.528,0.869,0.839,0.573,-0.469,0.79,0.818,0.502,0.629,0.654,0.585,0.217,0.57,0.663,0.715,0.879,0.566,0.115,-0.399,-0.077,0.808,0.566,-0.054,0.539,0.604,0.227,-0.05,0.802,0.563,0.242,0.767,0.833,0.012
ALT,0.724,-0.129,-0.383,-0.893,0.706,0.602,0.0,-0.698,0.495,0.529,-0.644,-0.203,0.493,0.576,0.363,0.874,-0.492,0.67,0.712,0.856,-0.607,0.494,-0.399,0.761,0.769,0.706,0.259,0.216,0.358,-0.455,0.587,0.817,0.788,0.905,0.242,0.565,-0.061,0.834,0.712,0.791,0.627,0.549,0.878,0.52,-0.033,0.489,0.745,0.486,0.89,-0.002,0.095,0.101,0.397,0.583,0.699,0.842,-0.032,0.821,0.139,-0.057,0.586,0.513,0.841,-0.002,0.433,0.305,0.844,-0.035,0.796,0.54,0.109,0.73,0.406,-0.157,0.168,0.258,0.634,0.24,0.819,0.792,0.045,0.54,0.717,0.929,0.363,0.777,-0.197,0.492,0.575,0.305,0.386,0.553,0.249,0.44,0.502,-0.057,0.782,0.918,0.181,0.486,-0.369,0.85,0.829,0.848,0.88,-0.388,0.665,-0.128,0.684,-0.161,0.736,0.347,-0.107,0.692,-0.411,-0.713,0.892,0.849,-0.08,0.873,0.765,0.638,0.869,0.779,0.063,0.814,0.735,0.712,0.661,0.034,-0.68,0.472,0.882,0.242,0.705,0.629,0.934,0.432,0.531,0.568,0.795,0.685,0.056,0.633,0.635,0.814,0.393,0.867,0.206,0.786,0.814,0.715,0.595,0.554,0.088,-0.79,0.793,0.733,-0.006,0.16,0.222,0.179,0.698,0.667,-0.117,0.886,0.727,0.918,0.815,0.569,0.547,-0.589,0.563,0.527,0.822,0.833,0.506,-0.028,-0.358,0.054,0.824,0.496,0.7,0.764,-0.266,0.137,0.174,0.857,0.87,0.186,0.696,0.838,-0.507,-0.584,0.311,0.926,0.279,0.663,0.552,0.533
AMGN,-0.308,0.321,0.118,0.76,-0.683,-0.696,-0.698,0.0,-0.077,-0.235,0.213,-0.119,-0.165,-0.219,-0.088,-0.635,0.056,-0.365,-0.477,-0.554,0.255,-0.008,0.115,-0.669,-0.412,-0.452,-0.524,-0.374,-0.52,0.046,-0.387,-0.51,-0.69,-0.68,-0.572,-0.678,0.005,-0.63,-0.48,-0.743,-0.174,-0.648,-0.474,-0.673,-0.292,-0.229,-0.424,-0.08,-0.606,0.214,-0.365,0.113,-0.475,-0.621,-0.71,-0.647,0.309,-0.663,0.266,0.148,-0.347,-0.355,-0.685,0.116,-0.647,-0.573,-0.52,-0.019,-0.373,-0.583,-0.241,-0.667,0.045,0.428,-0.53,0.042,-0.537,-0.296,-0.554,-0.554,-0.174,-0.172,-0.668,-0.598,-0.562,-0.544,0.285,-0.358,-0.153,-0.031,0.082,-0.697,-0.12,-0.542,-0.259,-0.073,-0.677,-0.587,0.274,-0.52,-0.026,-0.766,-0.526,-0.474,-0.438,0.325,-0.252,0.29,-0.679,0.29,-0.748,-0.094,0.02,-0.481,0.311,0.272,-0.539,-0.627,0.006,-0.493,-0.39,-0.638,-0.496,-0.491,0.363,-0.556,-0.551,-0.586,-0.662,-0.165,0.267,-0.571,-0.734,-0.384,-0.373,-0.383,-0.728,-0.639,-0.212,-0.223,-0.732,-0.772,0.017,-0.666,-0.213,-0.58,-0.216,-0.609,-0.414,-0.638,-0.777,-0.248,-0.233,-0.224,-0.417,0.636,-0.376,-0.693,-0.276,-0.454,-0.472,-0.549,-0.521,-0.647,-0.29,-0.574,-0.49,-0.525,-0.764,-0.597,-0.403,0.507,-0.433,-0.668,-0.457,-0.541,-0.46,-0.346,0.008,-0.394,-0.584,-0.532,-0.708,-0.541,0.147,0.288,0.099,-0.718,-0.518,0.235,-0.435,-0.536,0.043,0.136,-0.537,-0.561,-0.239,-0.63,-0.727,-0.081
AMPH,0.892,0.467,-0.278,-0.337,0.312,0.185,0.495,-0.077,0.0,0.572,-0.747,-0.264,0.418,0.841,0.641,0.455,-0.598,0.379,0.615,0.7,-0.547,0.846,-0.388,0.488,0.572,0.411,-0.253,0.104,-0.072,-0.733,0.721,0.681,0.382,0.628,-0.174,0.085,0.158,0.671,0.459,0.408,0.867,0.135,0.711,0.122,-0.159,0.596,0.692,0.872,0.6,0.466,-0.084,0.791,0.171,0.324,0.375,0.543,0.376,0.491,0.695,0.291,0.56,0.649,0.482,0.019,0.111,-0.127,0.793,0.424,0.827,0.1,-0.027,0.429,0.827,0.259,-0.274,0.648,0.477,0.156,0.681,0.568,0.191,0.486,0.299,0.594,0.049,0.557,0.319,0.484,0.859,0.597,0.812,0.031,0.225,0.309,0.688,-0.19,0.541,0.706,0.694,0.162,-0.374,0.324,0.508,0.832,0.765,-0.078,0.844,0.133,0.378,0.087,0.324,0.749,0.113,0.394,-0.121,-0.693,0.59,0.674,0.075,0.722,0.752,0.357,0.792,0.732,0.537,0.641,0.548,0.411,0.478,0.108,-0.776,0.14,0.468,0.243,0.779,0.729,0.555,-0.034,0.421,0.606,0.313,0.109,0.514,0.394,0.858,0.558,0.459,0.699,0.01,0.629,0.48,0.844,0.567,0.765,-0.343,-0.144,0.816,0.473,0.138,-0.169,-0.099,-0.299,0.635,0.268,-0.194,0.673,0.572,0.674,0.354,0.277,0.413,-0.201,0.494,0.213,0.689,0.748,0.44,-0.355,-0.515,-0.125,0.766,0.245,0.242,0.713,-0.276,0.532,0.615,0.487,0.753,0.458,0.651,0.711,-0.529,-0.518,-0.067,0.638,0.221,0.375,0.066,0.796
AMZN,0.694,0.08,-0.449,-0.5,0.543,0.497,0.529,-0.235,0.572,0.0,-0.522,-0.121,0.303,0.631,0.257,0.319,-0.369,0.686,0.729,0.635,-0.359,0.656,-0.524,0.493,0.357,0.335,-0.06,0.161,0.003,-0.477,0.631,0.625,0.562,0.72,0.262,0.338,0.016,0.684,0.659,0.467,0.649,0.181,0.527,0.438,0.026,0.504,0.723,0.737,0.62,0.478,-0.112,0.397,0.214,0.531,0.609,0.557,0.38,0.484,0.465,0.281,0.701,0.6,0.626,0.033,0.255,0.096,0.653,0.323,0.664,0.067,0.535,0.429,0.691,0.35,-0.014,0.716,0.509,0.244,0.681,0.722,0.192,0.45,0.305,0.69,0.109,0.695,-0.143,0.548,0.47,0.395,0.601,0.271,0.611,0.156,0.593,-0.009,0.471,0.655,0.459,0.002,-0.303,0.404,0.366,0.648,0.687,-0.266,0.612,-0.073,0.363,0.161,0.499,0.556,-0.031,0.185,0.182,-0.439,0.694,0.717,-0.147,0.724,0.817,0.399,0.695,0.668,0.155,0.409,0.322,0.661,0.678,-0.05,-0.409,0.188,0.637,0.244,0.556,0.791,0.652,0.118,0.593,0.405,0.54,0.443,0.312,0.45,0.663,0.689,0.727,0.722,0.026,0.747,0.639,0.642,0.622,0.586,-0.05,-0.282,0.569,0.503,0.135,-0.006,-0.017,0.224,0.725,0.309,-0.142,0.721,0.484,0.679,0.541,0.318,0.329,-0.538,0.603,0.221,0.757,0.737,0.456,-0.195,-0.406,-0.132,0.726,0.218,0.492,0.546,0.027,0.206,0.38,0.665,0.642,0.582,0.442,0.533,-0.318,-0.571,0.265,0.593,0.382,0.746,0.189,0.668
ANIP,-0.812,-0.072,0.653,0.639,-0.211,-0.029,-0.644,0.213,-0.747,-0.522,0.0,0.649,-0.735,-0.722,-0.485,-0.422,0.909,-0.65,-0.67,-0.691,0.834,-0.79,0.53,-0.323,-0.399,-0.321,0.455,0.278,0.331,0.907,-0.461,-0.532,-0.31,-0.624,0.387,0.101,0.316,-0.549,-0.39,-0.267,-0.73,0.08,-0.758,0.059,0.531,-0.549,-0.601,-0.806,-0.554,-0.429,0.487,-0.43,0.156,-0.075,-0.189,-0.436,-0.012,-0.334,-0.632,0.022,-0.317,-0.429,-0.429,0.286,0.165,0.381,-0.724,-0.117,-0.794,0.076,0.093,-0.26,-0.729,-0.355,0.533,-0.468,-0.205,0.251,-0.628,-0.486,0.299,-0.279,-0.205,-0.672,0.281,-0.633,-0.056,-0.131,-0.85,-0.309,-0.804,0.143,0.038,-0.03,-0.375,0.523,-0.422,-0.679,-0.662,0.063,0.793,-0.271,-0.417,-0.775,-0.857,0.502,-0.852,0.087,-0.138,-0.163,-0.176,-0.407,0.365,-0.368,0.431,0.842,-0.608,-0.572,0.081,-0.744,-0.77,-0.088,-0.752,-0.603,-0.43,-0.49,-0.4,-0.296,-0.382,0.223,0.876,0.125,-0.429,0.205,-0.582,-0.468,-0.577,0.258,-0.613,-0.488,-0.414,-0.057,-0.032,-0.106,-0.869,-0.507,-0.471,-0.635,0.39,-0.511,-0.428,-0.797,-0.651,-0.647,0.589,0.436,-0.724,-0.274,0.363,0.499,0.41,0.433,-0.438,-0.055,0.582,-0.731,-0.362,-0.776,-0.272,-0.024,-0.196,0.41,-0.18,0.074,-0.747,-0.648,-0.169,0.637,0.776,0.491,-0.655,0.052,-0.116,-0.564,0.365,-0.602,-0.512,-0.455,-0.703,-0.422,-0.471,-0.556,0.873,0.81,0.306,-0.725,-0.233,-0.36,0.113,-0.896
AOSL,-0.246,0.331,0.732,0.309,0.23,0.448,-0.203,-0.119,-0.264,-0.121,0.649,0.0,-0.745,-0.16,-0.005,0.074,0.841,-0.495,-0.268,-0.142,0.741,-0.36,0.416,0.261,0.139,0.14,0.694,0.733,0.55,0.627,0.155,0.101,0.223,-0.054,0.709,0.548,0.649,0.097,0.164,0.343,-0.167,0.544,-0.288,0.574,0.785,-0.28,-0.132,-0.392,0.028,-0.434,0.837,-0.074,0.711,0.406,0.373,0.098,0.299,0.199,-0.449,0.081,0.193,0.145,0.066,0.468,0.63,0.775,-0.12,0.081,-0.254,0.485,0.206,0.337,-0.336,-0.549,0.769,-0.142,0.365,0.664,-0.11,0.061,0.658,0.144,0.282,-0.189,0.702,-0.21,0.127,0.485,-0.436,0.053,-0.521,0.55,0.296,0.392,0.187,0.799,0.139,-0.124,-0.539,0.492,0.878,0.257,0.164,-0.165,-0.388,0.581,-0.393,0.329,0.404,-0.322,0.375,0.242,0.719,0.079,0.368,0.616,-0.15,-0.0,0.265,-0.209,-0.355,0.483,-0.217,0.026,-0.433,0.121,0.182,0.22,0.133,0.527,0.516,0.634,0.106,0.691,0.044,0.165,-0.044,0.661,-0.547,-0.079,0.062,0.353,0.456,0.505,-0.477,0.04,-0.298,-0.046,0.677,0.054,0.144,-0.292,-0.357,-0.184,0.765,0.269,-0.189,0.324,0.816,0.805,0.771,0.594,0.165,0.464,0.765,-0.226,0.155,-0.321,0.286,0.526,0.228,0.365,0.437,0.561,-0.335,-0.033,0.458,0.845,0.743,0.78,-0.06,0.475,0.35,0.029,0.441,-0.604,-0.286,0.071,-0.14,-0.453,0.123,-0.002,0.787,0.67,0.606,-0.231,0.017,0.136,0.566,-0.615
APDN,0.508,-0.236,-0.681,-0.54,0.127,-0.147,0.493,-0.165,0.418,0.303,-0.735,-0.745,0.0,0.415,0.194,0.233,-0.799,0.602,0.454,0.472,-0.795,0.537,-0.515,0.045,0.127,0.132,-0.482,-0.483,-0.27,-0.662,0.156,0.175,0.057,0.378,-0.422,-0.242,-0.426,0.236,0.075,0.039,0.341,-0.222,0.538,-0.225,-0.583,0.431,0.423,0.531,0.297,0.409,-0.605,0.182,-0.434,-0.05,-0.006,0.235,-0.128,0.128,0.422,-0.104,0.098,0.142,0.256,-0.398,-0.28,-0.487,0.394,-0.001,0.515,-0.239,0.009,0.017,0.457,0.402,-0.52,0.25,-0.057,-0.355,0.408,0.192,-0.458,0.062,0.045,0.441,-0.398,0.437,-0.05,-0.131,0.584,0.084,0.59,-0.252,-0.198,-0.081,0.071,-0.68,0.206,0.417,0.566,-0.207,-0.806,0.106,0.177,0.461,0.602,-0.598,0.576,-0.245,-0.051,0.169,-0.022,0.012,-0.596,0.145,-0.357,-0.747,0.411,0.321,-0.084,0.46,0.578,-0.131,0.466,0.299,0.408,0.224,0.153,0.03,0.208,-0.415,-0.691,-0.314,0.221,-0.416,0.239,0.16,0.343,-0.364,0.524,0.223,0.255,-0.055,-0.285,-0.136,0.609,0.291,0.389,0.378,-0.432,0.255,0.191,0.534,0.47,0.424,-0.565,-0.392,0.455,0.026,-0.541,-0.571,-0.504,-0.371,0.079,-0.111,-0.608,0.513,0.156,0.562,0.078,-0.248,-0.031,-0.44,-0.101,-0.225,0.545,0.37,-0.124,-0.67,-0.807,-0.561,0.372,-0.119,-0.011,0.269,-0.485,0.566,0.394,0.269,0.436,0.427,0.115,0.325,-0.786,-0.611,-0.376,0.446,0.15,0.146,-0.221,0.694
APLT,0.929,0.335,-0.262,-0.497,0.45,0.246,0.576,-0.219,0.841,0.631,-0.722,-0.16,0.415,0.0,0.605,0.443,-0.586,0.369,0.746,0.818,-0.478,0.795,-0.426,0.491,0.592,0.4,-0.232,0.057,-0.002,-0.645,0.771,0.71,0.562,0.72,-0.062,0.131,0.287,0.77,0.451,0.444,0.814,0.142,0.721,0.227,-0.008,0.654,0.815,0.831,0.597,0.394,-0.109,0.607,0.205,0.343,0.481,0.669,0.383,0.546,0.738,-0.009,0.679,0.762,0.514,0.013,0.262,-0.032,0.778,0.444,0.82,0.026,0.1,0.392,0.681,0.142,-0.198,0.761,0.525,0.183,0.81,0.577,0.105,0.348,0.318,0.653,0.076,0.553,0.383,0.552,0.835,0.531,0.846,0.099,0.215,0.357,0.806,-0.196,0.592,0.725,0.734,0.15,-0.421,0.385,0.599,0.838,0.82,-0.281,0.921,0.232,0.37,-0.156,0.426,0.785,0.139,0.384,0.039,-0.602,0.62,0.722,0.329,0.718,0.785,0.373,0.735,0.781,0.231,0.732,0.619,0.413,0.526,0.124,-0.791,0.153,0.525,0.271,0.869,0.713,0.638,-0.015,0.335,0.684,0.517,0.169,0.491,0.43,0.877,0.704,0.512,0.792,0.044,0.741,0.57,0.9,0.649,0.934,-0.293,-0.114,0.84,0.513,0.153,-0.132,-0.112,-0.207,0.654,0.248,-0.2,0.761,0.481,0.706,0.497,0.209,0.366,-0.274,0.601,0.259,0.758,0.85,0.485,-0.333,-0.557,-0.144,0.755,0.287,0.3,0.801,-0.415,0.547,0.475,0.555,0.818,0.47,0.678,0.742,-0.506,-0.429,-0.053,0.621,0.369,0.436,0.149,0.819
APVO,0.589,0.484,-0.087,-0.259,0.035,0.109,0.363,-0.088,0.641,0.257,-0.485,-0.005,0.194,0.605,0.0,0.326,-0.31,0.048,0.44,0.421,-0.154,0.695,-0.253,0.336,0.462,0.635,-0.121,0.154,-0.061,-0.589,0.614,0.512,0.348,0.419,-0.085,0.049,0.167,0.468,0.346,0.316,0.649,0.11,0.348,0.06,-0.071,0.289,0.432,0.403,0.43,-0.06,0.109,0.575,0.275,0.096,0.199,0.474,0.436,0.263,0.347,-0.072,0.24,0.388,0.223,-0.164,0.06,0.035,0.536,0.187,0.599,0.225,-0.064,0.32,0.59,0.019,-0.152,0.227,0.222,0.202,0.308,0.431,0.174,0.349,0.112,0.28,0.109,0.198,0.449,0.441,0.667,0.2,0.376,0.042,-0.116,0.051,0.521,-0.05,0.25,0.48,0.371,0.231,-0.175,0.286,0.574,0.652,0.505,-0.135,0.511,0.404,0.242,-0.213,0.273,0.595,0.284,0.235,-0.276,-0.361,0.252,0.361,0.073,0.436,0.328,0.252,0.494,0.462,0.294,0.476,0.413,0.149,0.192,0.307,-0.55,0.221,0.269,0.248,0.571,0.428,0.355,0.024,-0.111,0.336,0.31,0.123,0.348,0.279,0.496,0.302,-0.052,0.413,0.015,0.357,0.299,0.545,0.225,0.412,-0.214,-0.066,0.469,0.234,0.103,-0.02,0.024,-0.288,0.387,0.229,-0.087,0.436,0.298,0.382,0.298,0.302,0.197,0.285,0.295,0.109,0.338,0.47,0.425,-0.134,-0.216,-0.1,0.46,0.139,0.053,0.452,-0.057,0.148,0.356,0.296,0.463,-0.119,0.621,0.486,-0.333,-0.252,-0.125,0.465,0.015,0.043,0.044,0.453
ARGX,0.593,0.131,-0.016,-0.653,0.721,0.631,0.874,-0.635,0.455,0.319,-0.422,0.074,0.233,0.443,0.326,0.0,-0.228,0.378,0.416,0.769,-0.398,0.301,-0.175,0.858,0.89,0.705,0.5,0.5,0.549,-0.23,0.558,0.841,0.706,0.794,0.36,0.718,0.158,0.806,0.735,0.878,0.602,0.763,0.826,0.602,0.173,0.303,0.555,0.342,0.864,-0.135,0.406,0.118,0.605,0.654,0.724,0.763,-0.016,0.878,-0.018,0.064,0.492,0.557,0.852,0.258,0.597,0.518,0.803,-0.018,0.692,0.755,-0.095,0.876,0.248,-0.402,0.388,0.142,0.773,0.458,0.737,0.726,0.309,0.658,0.879,0.803,0.612,0.654,-0.157,0.552,0.441,0.391,0.202,0.658,0.287,0.606,0.477,0.263,0.837,0.842,-0.041,0.763,-0.047,0.91,0.883,0.768,0.688,-0.033,0.519,-0.042,0.84,-0.215,0.779,0.414,0.182,0.84,-0.38,-0.576,0.799,0.791,0.044,0.756,0.553,0.776,0.791,0.79,0.069,0.871,0.855,0.748,0.609,0.259,-0.508,0.7,0.833,0.482,0.718,0.63,0.834,0.648,0.329,0.625,0.638,0.697,0.243,0.773,0.459,0.776,0.148,0.777,0.438,0.705,0.781,0.587,0.414,0.451,0.334,-0.678,0.763,0.822,0.271,0.432,0.506,0.249,0.689,0.849,0.153,0.699,0.862,0.774,0.79,0.754,0.683,-0.383,0.646,0.736,0.586,0.744,0.654,0.273,-0.046,0.376,0.748,0.693,0.775,0.78,-0.157,0.002,0.106,0.768,0.805,0.033,0.747,0.825,-0.263,-0.366,0.508,0.842,0.269,0.602,0.735,0.268
ARLP,-0.649,0.102,0.737,0.545,-0.033,0.215,-0.492,0.056,-0.598,-0.369,0.909,0.841,-0.799,-0.586,-0.31,-0.228,0.0,-0.611,-0.557,-0.538,0.868,-0.679,0.556,-0.066,-0.213,-0.115,0.631,0.54,0.453,0.829,-0.226,-0.279,-0.098,-0.424,0.593,0.342,0.442,-0.303,-0.139,0.001,-0.544,0.319,-0.627,0.312,0.69,-0.476,-0.48,-0.706,-0.324,-0.48,0.717,-0.297,0.447,0.163,0.052,-0.248,0.094,-0.125,-0.64,0.11,-0.15,-0.23,-0.229,0.364,0.384,0.619,-0.511,-0.045,-0.629,0.314,0.157,0.019,-0.597,-0.469,0.69,-0.38,0.038,0.475,-0.481,-0.248,0.506,-0.078,0.003,-0.516,0.514,-0.486,-0.07,0.133,-0.747,-0.198,-0.79,0.368,0.181,0.164,-0.203,0.726,-0.218,-0.481,-0.725,0.268,0.925,-0.049,-0.216,-0.577,-0.726,0.633,-0.752,0.161,0.111,-0.194,0.065,-0.171,0.557,-0.194,0.37,0.81,-0.452,-0.361,0.091,-0.566,-0.657,0.182,-0.561,-0.386,-0.447,-0.297,-0.197,-0.057,-0.182,0.404,0.828,0.384,-0.206,0.449,-0.374,-0.212,-0.376,0.491,-0.616,-0.369,-0.256,0.167,0.185,0.168,-0.776,-0.32,-0.456,-0.433,0.543,-0.306,-0.193,-0.683,-0.615,-0.558,0.746,0.369,-0.566,-0.025,0.592,0.698,0.631,0.582,-0.178,0.198,0.736,-0.581,-0.136,-0.641,-0.05,0.265,0.028,0.421,0.053,0.307,-0.632,-0.444,0.123,0.811,0.874,0.677,-0.444,0.26,0.107,-0.367,0.483,-0.694,-0.455,-0.238,-0.522,-0.496,-0.221,-0.377,0.931,0.78,0.511,-0.55,-0.162,-0.149,0.336,-0.864
ATEX,0.546,-0.358,-0.806,-0.737,0.419,0.354,0.67,-0.365,0.379,0.686,-0.65,-0.495,0.602,0.369,0.048,0.378,-0.611,0.0,0.686,0.545,-0.715,0.539,-0.593,0.319,0.23,0.306,-0.142,-0.206,-0.116,-0.569,0.283,0.41,0.385,0.66,0.015,0.174,-0.465,0.476,0.507,0.37,0.407,0.065,0.604,0.229,-0.384,0.427,0.607,0.583,0.618,0.396,-0.382,0.07,-0.074,0.346,0.399,0.454,-0.053,0.383,0.219,0.16,0.486,0.186,0.573,-0.226,-0.047,-0.143,0.548,-0.109,0.596,0.053,0.447,0.305,0.559,0.429,-0.197,0.33,0.21,-0.185,0.551,0.581,-0.255,0.337,0.269,0.748,-0.155,0.737,-0.415,0.194,0.408,0.198,0.475,0.181,0.296,-0.012,0.191,-0.38,0.39,0.631,0.344,-0.126,-0.589,0.406,0.274,0.566,0.708,-0.541,0.484,-0.313,0.224,0.311,0.332,0.054,-0.554,0.201,-0.237,-0.675,0.748,0.602,-0.45,0.733,0.786,0.218,0.668,0.462,0.21,0.3,0.16,0.485,0.575,-0.436,-0.521,-0.024,0.615,-0.226,0.261,0.478,0.64,0.003,0.86,0.191,0.537,0.429,-0.245,0.195,0.553,0.5,0.713,0.606,-0.235,0.528,0.504,0.568,0.593,0.332,-0.248,-0.699,0.475,0.344,-0.341,-0.277,-0.208,0.093,0.45,0.197,-0.448,0.751,0.379,0.765,0.459,0.142,0.165,-0.737,0.237,0.033,0.789,0.553,0.051,-0.399,-0.634,-0.374,0.616,-0.004,0.395,0.316,-0.068,0.253,0.354,0.644,0.557,0.46,0.171,0.457,-0.623,-0.757,0.02,0.691,0.168,0.637,0.066,0.643
ATRA,0.81,-0.118,-0.569,-0.758,0.533,0.506,0.712,-0.477,0.615,0.729,-0.67,-0.268,0.454,0.746,0.44,0.416,-0.557,0.686,0.0,0.763,-0.506,0.73,-0.538,0.529,0.435,0.496,-0.091,-0.015,0.07,-0.63,0.701,0.651,0.72,0.818,0.113,0.283,-0.106,0.746,0.562,0.509,0.631,0.195,0.653,0.344,-0.055,0.62,0.899,0.662,0.71,0.348,-0.138,0.382,0.192,0.464,0.581,0.791,0.2,0.591,0.49,0.019,0.73,0.48,0.618,-0.231,0.213,0.037,0.731,0.251,0.795,0.153,0.441,0.413,0.653,0.174,-0.067,0.56,0.422,0.061,0.749,0.736,-0.031,0.36,0.316,0.776,0.084,0.628,0.007,0.511,0.639,0.264,0.627,0.32,0.334,0.249,0.678,-0.321,0.573,0.794,0.531,0.047,-0.44,0.513,0.514,0.772,0.844,-0.508,0.732,0.074,0.391,-0.087,0.56,0.435,-0.157,0.246,-0.107,-0.614,0.756,0.758,-0.085,0.776,0.869,0.416,0.769,0.676,0.081,0.59,0.419,0.514,0.642,-0.091,-0.678,0.174,0.718,0.139,0.641,0.634,0.793,0.105,0.517,0.423,0.714,0.461,0.115,0.424,0.759,0.667,0.735,0.825,0.007,0.774,0.658,0.793,0.697,0.664,-0.189,-0.473,0.695,0.529,-0.049,-0.1,-0.08,0.097,0.687,0.312,-0.242,0.872,0.434,0.803,0.663,0.29,0.269,-0.582,0.55,0.25,0.912,0.803,0.317,-0.292,-0.592,-0.228,0.786,0.236,0.44,0.653,-0.291,0.228,0.367,0.755,0.756,0.402,0.532,0.71,-0.512,-0.539,0.069,0.712,0.256,0.595,0.21,0.748
AUTL,0.876,0.139,-0.258,-0.753,0.731,0.542,0.856,-0.554,0.7,0.635,-0.691,-0.142,0.472,0.818,0.421,0.769,-0.538,0.545,0.763,0.0,-0.565,0.632,-0.443,0.764,0.77,0.563,0.113,0.252,0.294,-0.526,0.775,0.857,0.759,0.907,0.196,0.484,0.117,0.897,0.681,0.736,0.813,0.483,0.899,0.469,0.099,0.588,0.852,0.695,0.833,0.216,0.062,0.377,0.37,0.592,0.711,0.854,0.207,0.821,0.44,0.016,0.694,0.766,0.826,0.021,0.486,0.224,0.916,0.29,0.902,0.359,0.098,0.693,0.523,-0.116,0.082,0.581,0.717,0.304,0.928,0.758,0.17,0.531,0.694,0.882,0.325,0.726,0.017,0.57,0.719,0.478,0.642,0.427,0.331,0.506,0.754,-0.068,0.829,0.915,0.427,0.472,-0.357,0.746,0.79,0.91,0.902,-0.349,0.842,0.05,0.664,-0.222,0.716,0.611,0.042,0.643,-0.192,-0.72,0.86,0.888,0.18,0.862,0.845,0.621,0.89,0.906,0.126,0.865,0.812,0.668,0.683,0.101,-0.732,0.436,0.819,0.36,0.884,0.755,0.888,0.324,0.464,0.762,0.727,0.497,0.344,0.654,0.819,0.909,0.53,0.935,0.221,0.869,0.803,0.879,0.66,0.82,-0.001,-0.484,0.921,0.761,0.155,0.105,0.158,0.072,0.785,0.589,-0.087,0.888,0.754,0.894,0.743,0.486,0.526,-0.54,0.707,0.532,0.844,0.931,0.601,-0.098,-0.446,0.076,0.891,0.507,0.633,0.916,-0.39,0.325,0.319,0.78,0.951,0.392,0.754,0.865,-0.491,-0.516,0.275,0.851,0.387,0.651,0.484,0.693
AVDL,-0.613,0.218,0.722,0.643,-0.218,0.054,-0.607,0.255,-0.547,-0.359,0.834,0.741,-0.795,-0.478,-0.154,-0.398,0.868,-0.715,-0.506,-0.565,0.0,-0.562,0.432,-0.179,-0.285,-0.147,0.395,0.4,0.236,0.694,-0.156,-0.322,-0.169,-0.531,0.412,0.139,0.362,-0.371,-0.18,-0.202,-0.447,0.088,-0.722,0.095,0.647,-0.531,-0.49,-0.641,-0.463,-0.419,0.551,-0.208,0.313,-0.05,-0.122,-0.277,0.175,-0.278,-0.393,0.028,-0.231,-0.198,-0.387,0.271,0.211,0.424,-0.544,0.087,-0.583,0.104,0.119,-0.163,-0.501,-0.389,0.467,-0.3,-0.093,0.337,-0.548,-0.297,0.439,-0.178,-0.186,-0.636,0.334,-0.659,0.104,0.026,-0.643,-0.303,-0.636,0.127,0.137,-0.064,-0.089,0.621,-0.366,-0.548,-0.543,0.128,0.804,-0.229,-0.272,-0.591,-0.722,0.519,-0.659,0.323,-0.073,-0.267,-0.07,-0.089,0.595,-0.362,0.416,0.811,-0.576,-0.491,0.207,-0.653,-0.682,-0.028,-0.622,-0.408,-0.404,-0.383,-0.292,-0.209,-0.353,0.367,0.807,0.213,-0.372,0.391,-0.336,-0.299,-0.492,0.251,-0.711,-0.288,-0.368,-0.058,0.242,-0.021,-0.678,-0.373,-0.473,-0.5,0.358,-0.372,-0.347,-0.618,-0.529,-0.484,0.546,0.557,-0.591,-0.23,0.449,0.525,0.396,0.366,-0.224,-0.008,0.589,-0.629,-0.313,-0.699,-0.193,0.086,-0.154,0.541,-0.001,0.087,-0.675,-0.488,0.055,0.646,0.779,0.469,-0.524,0.073,-0.141,-0.382,0.39,-0.56,-0.493,-0.404,-0.569,-0.442,-0.22,-0.487,0.835,0.753,0.312,-0.6,-0.244,-0.322,0.099,-0.756
BCRX,0.844,0.292,-0.55,-0.428,0.198,0.122,0.494,-0.008,0.846,0.656,-0.79,-0.36,0.537,0.795,0.695,0.301,-0.679,0.539,0.73,0.632,-0.562,0.0,-0.572,0.309,0.402,0.474,-0.421,-0.144,-0.261,-0.843,0.638,0.544,0.346,0.604,-0.251,-0.069,-0.067,0.558,0.434,0.265,0.78,-0.085,0.608,0.042,-0.355,0.598,0.739,0.83,0.574,0.482,-0.319,0.663,0.009,0.21,0.251,0.521,0.47,0.324,0.666,0.143,0.544,0.429,0.376,-0.2,-0.121,-0.292,0.669,0.189,0.821,-0.042,0.178,0.248,0.924,0.482,-0.433,0.584,0.224,-0.053,0.576,0.535,-0.076,0.482,0.085,0.574,-0.197,0.519,0.247,0.431,0.819,0.388,0.797,-0.084,0.153,-0.011,0.583,-0.382,0.356,0.659,0.781,-0.088,-0.55,0.236,0.437,0.785,0.787,-0.356,0.767,0.19,0.155,0.105,0.226,0.592,-0.158,0.17,-0.101,-0.685,0.569,0.565,-0.09,0.719,0.777,0.166,0.718,0.606,0.501,0.48,0.317,0.281,0.428,-0.131,-0.774,-0.043,0.433,-0.037,0.606,0.614,0.508,-0.217,0.419,0.377,0.373,0.096,0.251,0.185,0.799,0.486,0.539,0.637,-0.231,0.527,0.37,0.854,0.592,0.653,-0.497,-0.202,0.673,0.269,-0.139,-0.375,-0.307,-0.335,0.491,0.1,-0.464,0.722,0.359,0.693,0.329,0.099,0.159,-0.21,0.378,-0.049,0.729,0.672,0.231,-0.537,-0.704,-0.443,0.659,-0.005,0.109,0.507,-0.172,0.477,0.612,0.481,0.667,0.444,0.477,0.59,-0.656,-0.605,-0.269,0.601,0.175,0.337,-0.134,0.861
BHAT,-0.461,0.107,0.598,0.465,-0.211,-0.118,-0.399,0.115,-0.388,-0.524,0.53,0.416,-0.515,-0.426,-0.253,-0.175,0.556,-0.593,-0.538,-0.443,0.432,-0.572,0.0,-0.142,-0.175,-0.324,0.334,0.241,0.236,0.507,-0.341,-0.278,-0.202,-0.403,0.091,0.051,0.367,-0.307,-0.321,-0.126,-0.387,0.155,-0.344,-0.046,0.29,-0.174,-0.481,-0.522,-0.349,-0.348,0.42,-0.235,0.149,-0.185,-0.239,-0.346,-0.121,-0.151,-0.343,0.027,-0.347,-0.202,-0.299,0.269,0.108,0.257,-0.386,-0.133,-0.529,0.177,-0.349,-0.107,-0.492,-0.377,0.337,-0.296,-0.086,0.194,-0.373,-0.413,0.161,-0.34,-0.055,-0.409,0.239,-0.394,0.009,-0.069,-0.469,0.107,-0.556,0.117,-0.159,0.258,-0.347,0.414,-0.186,-0.412,-0.435,0.188,0.541,-0.193,-0.204,-0.477,-0.521,0.576,-0.479,0.186,-0.095,-0.102,-0.218,-0.174,0.381,0.076,-0.018,0.51,-0.481,-0.332,0.093,-0.49,-0.576,-0.039,-0.471,-0.384,-0.275,-0.197,-0.121,-0.203,-0.323,0.496,0.454,0.169,-0.346,0.15,-0.281,-0.312,-0.349,0.215,-0.541,-0.302,-0.296,-0.07,0.066,-0.022,-0.495,-0.388,-0.524,-0.425,0.248,-0.38,-0.233,-0.547,-0.571,-0.417,0.348,0.311,-0.329,-0.073,0.303,0.289,0.361,0.159,-0.279,-0.021,0.417,-0.547,-0.159,-0.544,-0.268,0.038,0.287,0.444,-0.129,0.167,-0.559,-0.434,-0.052,0.441,0.605,0.419,-0.427,0.146,-0.103,-0.251,0.246,-0.334,-0.27,-0.373,-0.401,-0.365,-0.037,-0.271,0.533,0.547,0.164,-0.494,-0.068,-0.31,0.159,-0.537
BLBD,0.62,0.221,0.075,-0.592,0.83,0.827,0.761,-0.669,0.488,0.493,-0.323,0.261,0.045,0.491,0.336,0.858,-0.066,0.319,0.529,0.764,-0.179,0.309,-0.142,0.0,0.783,0.644,0.61,0.712,0.643,-0.181,0.761,0.903,0.809,0.824,0.572,0.863,0.256,0.893,0.822,0.938,0.648,0.86,0.708,0.733,0.424,0.313,0.621,0.37,0.863,-0.046,0.554,0.297,0.72,0.796,0.866,0.825,0.094,0.931,0.055,0.212,0.598,0.705,0.894,0.326,0.763,0.664,0.838,0.288,0.69,0.768,0.147,0.94,0.309,-0.441,0.546,0.291,0.924,0.573,0.765,0.855,0.563,0.645,0.9,0.772,0.766,0.613,-0.166,0.718,0.364,0.39,0.209,0.792,0.531,0.701,0.657,0.374,0.926,0.845,-0.056,0.76,0.156,0.894,0.803,0.744,0.631,0.078,0.513,0.024,0.932,-0.298,0.913,0.552,0.372,0.73,-0.214,-0.413,0.778,0.872,0.082,0.714,0.599,0.893,0.793,0.858,-0.043,0.833,0.817,0.846,0.735,0.415,-0.356,0.831,0.882,0.726,0.774,0.761,0.876,0.766,0.236,0.619,0.682,0.794,0.441,0.913,0.479,0.816,0.296,0.831,0.566,0.831,0.886,0.562,0.465,0.499,0.511,-0.544,0.749,0.938,0.517,0.603,0.627,0.48,0.884,0.9,0.408,0.682,0.904,0.718,0.86,0.877,0.732,-0.431,0.841,0.861,0.603,0.808,0.791,0.419,0.092,0.527,0.834,0.798,0.881,0.85,-0.091,-0.103,0.019,0.831,0.804,0.071,0.816,0.815,-0.033,-0.265,0.712,0.758,0.401,0.722,0.839,0.256
BMRN,0.672,0.35,0.109,-0.484,0.628,0.531,0.769,-0.412,0.572,0.357,-0.399,0.139,0.127,0.592,0.462,0.89,-0.213,0.23,0.435,0.77,-0.285,0.402,-0.175,0.783,0.0,0.706,0.385,0.515,0.515,-0.219,0.654,0.895,0.734,0.736,0.271,0.62,0.376,0.805,0.681,0.784,0.687,0.663,0.79,0.52,0.207,0.329,0.616,0.408,0.805,-0.146,0.416,0.247,0.656,0.565,0.671,0.778,0.235,0.848,0.18,0.005,0.59,0.638,0.74,0.37,0.555,0.474,0.779,0.075,0.722,0.664,-0.133,0.779,0.327,-0.354,0.304,0.307,0.79,0.563,0.739,0.681,0.381,0.668,0.77,0.728,0.553,0.562,0.113,0.65,0.535,0.505,0.322,0.566,0.302,0.558,0.651,0.35,0.725,0.807,0.119,0.738,-0.032,0.804,0.91,0.779,0.694,0.04,0.601,0.095,0.763,-0.279,0.711,0.633,0.378,0.818,-0.156,-0.515,0.721,0.741,0.215,0.741,0.529,0.738,0.762,0.806,0.122,0.907,0.897,0.701,0.472,0.362,-0.556,0.653,0.739,0.547,0.842,0.669,0.749,0.538,0.23,0.74,0.536,0.533,0.47,0.738,0.513,0.752,0.099,0.752,0.49,0.695,0.658,0.672,0.425,0.599,0.253,-0.443,0.795,0.763,0.324,0.407,0.452,0.054,0.694,0.783,0.115,0.645,0.81,0.707,0.72,0.7,0.687,-0.186,0.702,0.663,0.588,0.777,0.741,0.215,-0.023,0.334,0.709,0.659,0.656,0.823,-0.156,0.134,0.169,0.647,0.815,0.121,0.834,0.833,-0.246,-0.322,0.417,0.786,0.244,0.474,0.61,0.318
BNGO,0.532,0.12,-0.109,-0.544,0.439,0.568,0.706,-0.452,0.411,0.335,-0.321,0.14,0.132,0.4,0.635,0.705,-0.115,0.306,0.496,0.563,-0.147,0.474,-0.324,0.644,0.706,0.0,0.325,0.359,0.348,-0.314,0.561,0.697,0.673,0.643,0.325,0.532,0.136,0.655,0.635,0.677,0.519,0.497,0.516,0.486,0.156,0.248,0.569,0.247,0.749,-0.217,0.362,0.141,0.585,0.493,0.58,0.768,0.242,0.663,-0.045,-0.043,0.515,0.326,0.577,-0.009,0.396,0.427,0.623,-0.099,0.647,0.62,0.156,0.637,0.364,-0.225,0.246,0.047,0.5,0.396,0.486,0.705,0.224,0.628,0.497,0.594,0.456,0.403,-0.0,0.619,0.454,0.138,0.123,0.517,0.198,0.281,0.555,0.181,0.524,0.712,0.045,0.501,-0.023,0.73,0.785,0.693,0.603,-0.123,0.373,0.169,0.625,-0.255,0.679,0.398,0.205,0.419,-0.323,-0.4,0.625,0.602,-0.095,0.637,0.454,0.615,0.63,0.578,0.114,0.668,0.556,0.513,0.446,0.164,-0.405,0.523,0.695,0.374,0.572,0.516,0.668,0.454,0.154,0.379,0.495,0.622,0.183,0.575,0.34,0.573,0.082,0.629,0.261,0.558,0.542,0.513,0.295,0.291,0.19,-0.499,0.52,0.532,0.147,0.339,0.34,0.164,0.561,0.657,0.052,0.643,0.569,0.608,0.727,0.627,0.382,-0.077,0.531,0.455,0.515,0.609,0.529,0.171,-0.054,0.157,0.603,0.403,0.522,0.542,0.004,-0.135,0.089,0.648,0.601,-0.136,0.643,0.702,-0.204,-0.272,0.272,0.706,0.002,0.365,0.449,0.236
BUSE,-0.156,0.012,0.53,-0.133,0.57,0.729,0.259,-0.524,-0.253,-0.06,0.455,0.694,-0.482,-0.232,-0.121,0.5,0.631,-0.142,-0.091,0.113,0.395,-0.421,0.334,0.61,0.385,0.325,0.0,0.837,0.861,0.558,0.231,0.363,0.495,0.247,0.823,0.88,0.342,0.332,0.419,0.665,-0.072,0.894,0.06,0.704,0.677,-0.196,0.005,-0.423,0.374,-0.533,0.883,-0.211,0.774,0.647,0.607,0.369,-0.008,0.552,-0.628,0.14,0.194,0.193,0.471,0.469,0.788,0.915,0.158,-0.043,-0.045,0.83,0.123,0.667,-0.397,-0.744,0.95,-0.27,0.613,0.697,0.123,0.361,0.661,0.311,0.703,0.195,0.904,0.095,-0.281,0.454,-0.416,0.04,-0.577,0.885,0.353,0.595,0.106,0.739,0.47,0.218,-0.727,0.782,0.732,0.659,0.432,0.034,-0.112,0.384,-0.289,0.013,0.727,-0.355,0.672,0.032,0.537,0.469,-0.044,0.265,0.23,0.296,-0.015,0.074,-0.133,0.742,0.126,0.227,-0.452,0.346,0.429,0.516,0.317,0.503,0.351,0.881,0.481,0.725,0.153,0.254,0.355,0.956,-0.245,0.093,0.377,0.724,0.223,0.719,-0.339,0.265,-0.221,0.205,0.801,0.284,0.466,-0.189,-0.177,-0.181,0.947,-0.327,0.066,0.638,0.646,0.931,0.946,0.778,0.393,0.802,0.796,0.023,0.547,0.045,0.562,0.808,0.514,-0.088,0.487,0.84,-0.055,0.166,0.547,0.922,0.713,0.876,0.205,0.776,0.72,0.246,0.259,-0.618,-0.374,0.417,0.15,-0.397,0.327,0.253,0.606,0.356,0.887,0.165,0.145,0.361,0.888,-0.545
CAKE,0.087,0.44,0.604,-0.017,0.577,0.698,0.216,-0.374,0.104,0.161,0.278,0.733,-0.483,0.057,0.154,0.5,0.54,-0.206,-0.015,0.252,0.4,-0.144,0.241,0.712,0.515,0.359,0.837,0.0,0.743,0.352,0.504,0.564,0.509,0.326,0.772,0.848,0.521,0.491,0.547,0.711,0.258,0.87,0.148,0.7,0.714,-0.111,0.108,-0.102,0.445,-0.335,0.892,0.194,0.855,0.656,0.68,0.408,0.225,0.592,-0.288,0.284,0.298,0.52,0.528,0.575,0.817,0.87,0.361,0.272,0.162,0.76,0.099,0.768,-0.081,-0.615,0.827,0.052,0.775,0.831,0.256,0.481,0.885,0.427,0.72,0.211,0.902,0.177,-0.026,0.624,-0.151,0.228,-0.294,0.781,0.458,0.62,0.38,0.831,0.535,0.321,-0.494,0.81,0.718,0.623,0.49,0.237,0.01,0.488,-0.029,0.124,0.784,-0.32,0.693,0.442,0.762,0.508,0.071,0.202,0.25,0.409,0.146,0.199,0.004,0.798,0.295,0.466,-0.239,0.45,0.556,0.605,0.4,0.639,0.221,0.908,0.483,0.91,0.424,0.532,0.386,0.876,-0.258,0.314,0.317,0.616,0.621,0.822,-0.081,0.389,-0.16,0.327,0.814,0.434,0.54,0.02,-0.086,0.073,0.844,-0.111,0.243,0.708,0.836,0.907,0.911,0.618,0.598,0.817,0.812,0.103,0.672,0.113,0.534,0.871,0.614,0.055,0.651,0.85,0.013,0.346,0.811,0.851,0.663,0.886,0.379,0.794,0.705,0.454,0.278,-0.438,-0.153,0.396,0.294,-0.265,0.56,0.35,0.555,0.259,0.869,0.233,0.287,0.414,0.822,-0.324
CASY,0.043,0.045,0.486,-0.196,0.708,0.686,0.358,-0.52,-0.072,0.003,0.331,0.55,-0.27,-0.002,-0.061,0.549,0.453,-0.116,0.07,0.294,0.236,-0.261,0.236,0.643,0.515,0.348,0.861,0.743,0.0,0.492,0.392,0.468,0.594,0.341,0.702,0.813,0.477,0.44,0.32,0.659,0.021,0.851,0.22,0.618,0.629,0.061,0.258,-0.276,0.426,-0.39,0.794,-0.052,0.685,0.664,0.643,0.527,0.056,0.677,-0.384,-0.01,0.334,0.303,0.504,0.471,0.814,0.815,0.25,0.13,0.096,0.741,0.129,0.627,-0.312,-0.652,0.855,-0.067,0.698,0.721,0.337,0.362,0.626,0.379,0.717,0.289,0.859,0.132,-0.073,0.555,-0.222,0.112,-0.336,0.853,0.319,0.737,0.283,0.56,0.562,0.345,-0.43,0.769,0.575,0.678,0.516,0.154,0.062,0.278,-0.047,0.024,0.771,-0.562,0.697,0.136,0.497,0.528,0.084,0.094,0.343,0.412,0.18,0.148,0.045,0.779,0.238,0.352,-0.318,0.529,0.585,0.486,0.321,0.496,0.109,0.814,0.539,0.728,0.353,0.304,0.445,0.857,-0.199,0.247,0.406,0.639,0.319,0.731,-0.135,0.388,-0.089,0.351,0.874,0.405,0.481,0.032,-0.012,0.125,0.831,-0.294,0.272,0.689,0.607,0.836,0.832,0.627,0.43,0.787,0.723,0.153,0.601,0.183,0.598,0.706,0.581,-0.201,0.569,0.848,0.126,0.341,0.556,0.753,0.519,0.784,0.308,0.836,0.729,0.418,-0.106,-0.326,-0.272,0.45,0.345,-0.145,0.453,0.45,0.489,0.354,0.787,0.211,0.27,0.302,0.861,-0.343
CCOI,-0.725,-0.142,0.668,0.476,0.001,0.06,-0.455,0.046,-0.733,-0.477,0.907,0.627,-0.662,-0.645,-0.589,-0.23,0.829,-0.569,-0.63,-0.526,0.694,-0.843,0.507,-0.181,-0.219,-0.314,0.558,0.352,0.492,0.0,-0.412,-0.377,-0.145,-0.483,0.451,0.236,0.383,-0.405,-0.327,-0.109,-0.7,0.236,-0.573,0.185,0.54,-0.484,-0.51,-0.765,-0.429,-0.476,0.515,-0.513,0.233,0.028,-0.033,-0.329,-0.123,-0.154,-0.646,-0.127,-0.219,-0.299,-0.282,0.404,0.328,0.491,-0.609,-0.121,-0.732,0.159,0.034,-0.132,-0.809,-0.48,0.629,-0.438,-0.02,0.336,-0.434,-0.43,0.314,-0.231,0.006,-0.498,0.383,-0.465,-0.077,-0.092,-0.819,-0.257,-0.755,0.28,0.061,0.141,-0.325,0.563,-0.252,-0.553,-0.693,0.202,0.723,-0.1,-0.28,-0.686,-0.73,0.447,-0.725,-0.068,0.028,-0.274,-0.035,-0.349,0.348,-0.141,0.443,0.753,-0.456,-0.432,0.198,-0.614,-0.677,0.049,-0.63,-0.469,-0.503,-0.306,-0.18,-0.126,-0.303,0.216,0.762,0.226,-0.274,0.274,-0.444,-0.394,-0.412,0.377,-0.495,-0.326,-0.264,0.039,0.002,0.041,-0.808,-0.337,-0.44,-0.497,0.521,-0.37,-0.279,-0.714,-0.529,-0.486,0.673,0.282,-0.582,-0.097,0.408,0.59,0.501,0.468,-0.344,0.091,0.61,-0.621,-0.222,-0.629,-0.128,0.066,-0.069,0.245,-0.089,0.22,-0.618,-0.485,-0.021,0.679,0.77,0.589,-0.532,0.202,0.056,-0.393,0.222,-0.513,-0.548,-0.337,-0.537,-0.349,-0.361,-0.42,0.813,0.735,0.418,-0.59,-0.049,-0.223,0.286,-0.87
CEVA,0.78,0.41,-0.032,-0.463,0.664,0.617,0.587,-0.387,0.721,0.631,-0.461,0.155,0.156,0.771,0.614,0.558,-0.226,0.283,0.701,0.775,-0.156,0.638,-0.341,0.761,0.654,0.561,0.231,0.504,0.392,-0.412,0.0,0.834,0.732,0.743,0.361,0.535,0.283,0.844,0.679,0.691,0.764,0.529,0.594,0.467,0.316,0.464,0.773,0.576,0.722,0.183,0.331,0.641,0.544,0.647,0.721,0.822,0.441,0.724,0.439,0.169,0.687,0.778,0.684,0.135,0.552,0.368,0.802,0.559,0.792,0.41,0.28,0.685,0.589,-0.15,0.24,0.59,0.748,0.504,0.728,0.771,0.536,0.559,0.583,0.621,0.482,0.466,0.208,0.707,0.574,0.359,0.515,0.493,0.421,0.506,0.842,0.154,0.711,0.779,0.351,0.478,0.002,0.642,0.68,0.793,0.682,-0.076,0.695,0.243,0.698,-0.302,0.719,0.76,0.388,0.429,-0.002,-0.444,0.647,0.769,0.178,0.66,0.687,0.684,0.772,0.842,0.126,0.742,0.693,0.607,0.615,0.33,-0.505,0.56,0.706,0.647,0.858,0.816,0.731,0.418,0.158,0.65,0.578,0.475,0.625,0.725,0.678,0.733,0.434,0.81,0.416,0.809,0.712,0.743,0.518,0.722,0.192,-0.232,0.769,0.723,0.447,0.327,0.329,0.206,0.853,0.605,0.253,0.698,0.715,0.661,0.679,0.599,0.504,-0.288,0.785,0.579,0.672,0.848,0.728,0.141,-0.175,0.257,0.802,0.591,0.58,0.814,-0.245,0.168,0.298,0.679,0.795,0.278,0.783,0.741,-0.149,-0.25,0.404,0.644,0.361,0.531,0.498,0.519
