,AAPL,ACRS,ADP,AFYA,AGNC,AGYS,ALT,AMGN,AMPH,AMZN,ANIP,AOSL,APDN,APLT,APVO,ARGX,ARLP,ATEX,ATRA,AUTL,AVDL,BCRX,BHAT,BLBD,BMRN,BNGO,BUSE,CAKE,CASY,CCOI,CEVA,CHY,CLDX,CLMT,COHU,COLM,COST,CPRT,CSWC,CSX,DBX,DCOM,DKNG,DMLP,DOX,EA,EDIT,ENPH,ENSG,ERNA,ESGR,ETNB,EXTR,FANG,FARO,FATE,FGEN,FIVE,FIVN,FLGT,FOLD,FORM,FOXA,FRPT,FSLR,FTAI,GBDC,GDYN,GGAL,GNLN,GRFS,GT,HCAT,HCM,HFWA,HOLX,HQY,HUBG,IAC,ICLR,IDCC,IEP,IHRT,ILMN,ILPT,IMAB,IMOS,INMD,INTZ,JAZZ,JKHY,JRVR,KIDS,LBRDK,LGND,LMAT,LPLA,LULU,MASI,MAT,MATW,MBIN,MBIO,MCRB,MDB,MDLZ,MELI,MIRM,MLKN,MNMD,MNRO,MPWR,MRCY,MRSN,MTVA,NAAS,NDAQ,NDSN,NEGG,NOVT,NVDA,NWE,NWSA,NXST,OCX,ODFL,OMAB,OPCH,OPRA,ORGO,OTRK,OZK,PAGP,PCH,PEGA,PENG,PENN,PFBC,PGNY,PHAT,PHUN,PINC,PLUG,PLXS,PYPL,QLYS,QNCX,QQQX,QVCGA,RAPT,RBBN,RCKT,REPL,RMBS,ROAD,ROKU,ROP,RUSHA,SANM,SATS,SBCF,SBLK,SBUX,SCHL,SCSC,SDGR,SEIC,SFIX,SGRY,SKYW,SLP,SNES,STAA,STLD,STOK,SWKS,TER,TFIN,TIGO,TILE,TPIC,TTEC,TTEK,TTGT,UXIN,VERU,VLYPP,VNOM,VRNS,VRSN,WDAY,WERN,WINA,WKHS,WRLD,XP,XTKG,YY,ZION,ZM
AAPL,0.0,-0.367,0.584,0.841,0.679,0.649,-0.382,0.752,-0.334,0.335,0.151,0.787,-0.263,-0.223,0.798,0.52,0.328,-0.056,0.634,-0.226,0.693,0.735,0.468,0.666,0.666,0.299,0.61,0.718,0.768,0.556,-0.107,0.829,0.779,-0.355,0.602,-0.023,0.772,0.538,0.735,0.757,0.545,0.483,0.75,0.711,0.709,-0.263,-0.409,0.8,0.679,0.286,0.727,0.766,0.685,0.6,0.834,0.868,0.783,0.751,-0.036,0.586,0.85,0.791,0.193,0.747,-0.418,0.619,0.85,0.668,0.743,0.444,0.843,0.577,0.052,0.463,0.601,0.119,0.693,0.708,0.836,0.482,0.851,0.733,0.743,0.086,0.697,-0.56,0.536,0.811,0.547,-0.044,0.724,-0.02,0.333,0.761,0.035,0.699,0.609,0.622,0.84,0.355,0.607,0.608,0.615,0.85,0.754,0.85,0.647,0.816,0.707,0.672,0.541,0.068,-0.382,0.822,0.133,0.685,0.497,0.676,-0.563,0.557,0.695,0.691,0.787,0.722,0.755,0.695,0.829,0.73,-0.17,0.509,-0.531,0.613,0.73,0.467,0.567,0.723,0.867,0.574,0.86,0.54,-0.153,0.635,0.785,0.757,0.288,0.148,0.436,0.928,0.798,-0.359,0.496,0.667,0.681,0.88,0.593,0.731,0.629,0.573,0.756,0.694,0.565,0.774,0.822,0.643,0.763,0.558,0.802,0.17,0.427,0.712,0.152,-0.003,0.704,0.655,0.685,0.193,0.823,0.617,0.747,0.734,0.779,0.815,0.773,0.853,0.505,0.611,0.591,0.691,0.302,0.582,0.802,0.659,0.564,0.606,0.824,-0.203,-0.346,0.284,0.613,-0.452
ACRS,-0.367,0.0,-0.666,-0.494,-0.834,-0.824,0.656,-0.12,0.722,0.405,-0.383,-0.703,0.181,0.337,-0.59,-0.084,-0.816,0.73,-0.846,0.459,-0.793,-0.617,-0.538,-0.795,0.074,-0.102,-0.671,-0.526,-0.346,-0.627,0.854,-0.717,-0.59,0.095,-0.768,0.226,-0.491,0.122,-0.724,-0.605,0.31,-0.568,-0.67,-0.784,-0.7,0.458,0.752,-0.617,-0.766,0.328,-0.595,-0.699,-0.803,-0.81,-0.458,-0.378,-0.295,-0.714,0.346,-0.711,-0.587,-0.752,-0.614,-0.51,0.323,-0.743,-0.417,-0.539,-0.55,0.162,-0.394,-0.523,0.596,0.226,-0.722,0.068,-0.694,-0.724,-0.407,0.278,-0.41,-0.457,-0.674,0.66,-0.703,-0.036,-0.808,-0.435,-0.632,0.612,-0.305,0.174,-0.024,-0.621,0.573,-0.713,-0.778,-0.154,-0.099,-0.613,-0.816,-0.861,-0.829,-0.426,-0.377,-0.571,-0.049,-0.594,-0.687,-0.62,-0.311,0.546,0.693,-0.52,0.288,-0.228,0.364,-0.082,0.372,0.088,0.13,-0.595,-0.711,-0.798,-0.739,-0.388,-0.632,-0.345,0.592,-0.694,0.747,-0.648,-0.733,-0.101,0.033,-0.522,-0.495,-0.638,-0.494,-0.451,0.437,-0.026,-0.709,-0.562,0.303,0.583,-0.605,-0.537,-0.738,0.908,-0.841,-0.741,-0.58,-0.593,-0.848,-0.547,-0.295,-0.289,-0.721,-0.299,-0.759,-0.437,-0.678,-0.639,-0.585,-0.434,-0.492,0.202,-0.446,-0.671,0.704,0.23,-0.546,-0.797,-0.358,0.562,-0.633,-0.595,-0.67,-0.756,-0.406,-0.604,-0.706,-0.26,-0.798,-0.831,-0.602,-0.77,0.372,0.367,-0.335,-0.653,-0.708,-0.751,-0.646,0.604,-0.064,0.191,-0.662,0.618
ADP,0.584,-0.666,0.0,0.697,0.767,0.802,-0.649,0.657,-0.505,-0.349,0.04,0.815,-0.435,-0.676,0.849,0.406,0.642,-0.39,0.638,-0.355,0.726,0.799,0.204,0.813,0.157,-0.033,0.758,0.789,0.591,0.67,-0.511,0.745,0.848,-0.538,0.915,-0.64,0.598,0.524,0.841,0.916,-0.158,0.685,0.592,0.751,0.815,-0.716,-0.791,0.786,0.897,-0.428,0.832,0.668,0.592,0.75,0.64,0.684,0.615,0.826,-0.078,0.56,0.83,0.875,0.522,0.753,-0.317,0.541,0.701,0.519,0.874,0.143,0.722,0.241,0.001,0.426,0.732,0.056,0.745,0.649,0.721,0.226,0.639,0.808,0.848,-0.638,0.595,-0.602,0.57,0.709,0.419,-0.2,0.71,-0.565,0.172,0.812,-0.238,0.906,0.755,0.191,0.293,0.357,0.652,0.752,0.731,0.751,0.291,0.748,0.293,0.681,0.651,0.504,0.342,-0.147,-0.719,0.823,-0.379,0.607,0.197,0.416,-0.824,0.502,0.281,0.664,0.822,0.774,0.662,0.662,0.781,0.843,-0.789,0.484,-0.788,0.84,0.854,0.114,-0.048,0.92,0.626,0.791,0.714,0.639,-0.651,0.544,0.86,0.779,-0.419,-0.483,0.155,0.636,0.745,-0.559,0.743,0.755,0.57,0.83,0.759,0.458,0.295,0.624,0.805,0.503,0.795,0.499,0.785,0.623,0.863,0.049,0.842,-0.088,0.808,0.721,-0.174,-0.411,0.752,0.808,0.648,-0.385,0.866,0.54,0.782,0.84,0.805,0.793,0.873,0.671,0.543,0.716,0.24,0.806,-0.222,0.169,0.57,0.525,0.904,0.544,0.659,-0.474,-0.467,0.332,0.811,-0.884
AFYA,0.841,-0.494,0.697,0.0,0.802,0.77,-0.584,0.8,-0.455,-0.073,0.217,0.907,-0.233,-0.3,0.904,0.372,0.553,-0.224,0.739,-0.322,0.796,0.798,0.529,0.843,0.508,0.349,0.814,0.852,0.845,0.696,-0.342,0.902,0.909,-0.432,0.765,-0.275,0.68,0.497,0.87,0.895,0.306,0.75,0.785,0.808,0.873,-0.497,-0.643,0.849,0.835,0.244,0.887,0.75,0.749,0.806,0.898,0.892,0.761,0.837,-0.203,0.566,0.912,0.886,0.492,0.713,-0.529,0.74,0.935,0.784,0.906,0.502,0.934,0.617,-0.042,0.447,0.799,-0.063,0.876,0.803,0.826,0.398,0.877,0.831,0.881,-0.237,0.814,-0.599,0.635,0.918,0.619,-0.125,0.806,-0.209,0.487,0.838,-0.186,0.802,0.815,0.408,0.704,0.348,0.793,0.755,0.687,0.829,0.615,0.937,0.469,0.814,0.828,0.742,0.653,-0.098,-0.451,0.867,0.207,0.759,0.424,0.628,-0.664,0.597,0.48,0.851,0.909,0.863,0.83,0.756,0.939,0.821,-0.394,0.674,-0.709,0.826,0.886,0.496,0.518,0.837,0.85,0.795,0.94,0.573,-0.22,0.734,0.897,0.867,-0.03,-0.06,0.359,0.901,0.882,-0.465,0.705,0.757,0.652,0.906,0.767,0.687,0.749,0.758,0.891,0.771,0.78,0.869,0.895,0.81,0.891,0.457,0.904,-0.045,0.661,0.863,-0.005,0.034,0.793,0.797,0.755,-0.025,0.909,0.759,0.908,0.859,0.856,0.916,0.887,0.865,0.555,0.762,0.616,0.875,0.142,0.457,0.666,0.782,0.774,0.743,0.904,-0.276,-0.328,0.189,0.82,-0.689
AGNC,0.679,-0.834,0.767,0.802,0.0,0.908,-0.736,0.513,-0.67,-0.297,0.382,0.917,-0.254,-0.362,0.836,0.211,0.793,-0.544,0.936,-0.423,0.942,0.809,0.606,0.947,0.291,0.184,0.869,0.811,0.677,0.775,-0.721,0.925,0.847,-0.248,0.877,-0.236,0.637,0.15,0.899,0.843,-0.037,0.779,0.832,0.937,0.913,-0.538,-0.758,0.799,0.922,-0.097,0.859,0.872,0.917,0.944,0.759,0.719,0.599,0.894,-0.383,0.784,0.863,0.934,0.614,0.665,-0.53,0.875,0.75,0.765,0.821,0.164,0.73,0.709,-0.418,0.08,0.899,-0.121,0.906,0.904,0.679,0.004,0.743,0.695,0.88,-0.491,0.893,-0.286,0.852,0.733,0.694,-0.431,0.593,-0.161,0.289,0.822,-0.461,0.887,0.932,0.258,0.436,0.571,0.944,0.957,0.882,0.713,0.528,0.857,0.229,0.825,0.892,0.755,0.584,-0.439,-0.678,0.758,-0.033,0.527,-0.067,0.343,-0.549,0.217,0.132,0.837,0.925,0.961,0.918,0.616,0.895,0.626,-0.591,0.794,-0.838,0.852,0.938,0.301,0.246,0.752,0.758,0.844,0.818,0.614,-0.431,0.41,0.9,0.825,-0.208,-0.367,0.577,0.824,0.919,-0.826,0.893,0.872,0.714,0.836,0.917,0.675,0.576,0.572,0.934,0.609,0.912,0.75,0.915,0.87,0.851,0.543,0.796,-0.152,0.644,0.905,-0.487,-0.098,0.766,0.935,0.668,-0.402,0.861,0.838,0.906,0.937,0.665,0.842,0.892,0.607,0.785,0.905,0.725,0.959,-0.158,-0.009,0.554,0.848,0.841,0.852,0.903,-0.546,-0.076,-0.049,0.866,-0.766
AGYS,0.649,-0.824,0.802,0.77,0.908,0.0,-0.692,0.423,-0.763,-0.249,0.188,0.918,-0.269,-0.338,0.837,0.345,0.825,-0.662,0.923,-0.344,0.873,0.744,0.537,0.917,0.178,0.066,0.781,0.758,0.551,0.604,-0.685,0.929,0.84,-0.335,0.873,-0.296,0.68,0.243,0.904,0.835,0.024,0.703,0.892,0.844,0.842,-0.573,-0.783,0.9,0.883,-0.229,0.799,0.792,0.882,0.908,0.71,0.652,0.527,0.936,-0.185,0.714,0.813,0.925,0.595,0.751,-0.336,0.88,0.731,0.81,0.796,0.138,0.734,0.574,-0.375,0.141,0.777,-0.065,0.831,0.815,0.763,0.065,0.697,0.705,0.857,-0.511,0.775,-0.281,0.811,0.779,0.815,-0.451,0.624,-0.355,0.108,0.888,-0.424,0.848,0.834,0.414,0.448,0.672,0.878,0.864,0.892,0.671,0.633,0.767,0.43,0.772,0.81,0.797,0.415,-0.263,-0.692,0.793,-0.148,0.519,0.052,0.383,-0.613,0.315,0.234,0.697,0.893,0.904,0.837,0.67,0.873,0.677,-0.619,0.846,-0.837,0.774,0.892,0.354,0.294,0.79,0.823,0.751,0.77,0.678,-0.385,0.382,0.899,0.757,-0.167,-0.444,0.639,0.808,0.903,-0.794,0.946,0.851,0.799,0.843,0.863,0.804,0.518,0.553,0.856,0.454,0.832,0.662,0.878,0.776,0.78,0.479,0.76,-0.097,0.585,0.875,-0.488,-0.089,0.779,0.876,0.572,-0.377,0.889,0.653,0.839,0.893,0.706,0.854,0.88,0.611,0.88,0.903,0.69,0.916,-0.079,0.077,0.562,0.694,0.832,0.88,0.852,-0.461,-0.252,-0.057,0.798,-0.71
ALT,-0.382,0.656,-0.649,-0.584,-0.736,-0.692,0.0,-0.431,0.724,0.56,-0.111,-0.74,0.482,0.423,-0.69,0.186,-0.624,0.41,-0.678,0.466,-0.714,-0.445,-0.467,-0.844,-0.049,-0.211,-0.853,-0.775,-0.677,-0.683,0.732,-0.664,-0.644,0.325,-0.639,0.207,-0.112,0.04,-0.629,-0.626,0.31,-0.798,-0.496,-0.7,-0.758,0.668,0.626,-0.539,-0.712,0.155,-0.795,-0.625,-0.721,-0.799,-0.577,-0.553,-0.263,-0.673,0.672,-0.376,-0.643,-0.712,-0.449,-0.248,0.378,-0.685,-0.519,-0.617,-0.709,-0.279,-0.603,-0.588,0.243,0.066,-0.845,0.501,-0.807,-0.529,-0.461,0.188,-0.605,-0.434,-0.793,0.538,-0.686,0.377,-0.557,-0.601,-0.438,0.567,-0.384,0.161,-0.427,-0.459,0.741,-0.764,-0.792,0.174,-0.097,-0.202,-0.755,-0.754,-0.627,-0.412,-0.143,-0.578,0.099,-0.534,-0.806,-0.463,-0.596,0.658,0.696,-0.483,-0.031,-0.345,0.218,0.031,0.552,-0.255,0.193,-0.728,-0.756,-0.75,-0.678,-0.221,-0.741,-0.432,0.588,-0.619,0.818,-0.811,-0.725,-0.046,-0.043,-0.662,-0.443,-0.817,-0.64,-0.345,0.368,-0.289,-0.707,-0.672,0.536,0.513,-0.311,-0.537,-0.63,0.601,-0.653,-0.548,-0.329,-0.56,-0.704,-0.391,-0.328,-0.464,-0.775,-0.511,-0.843,-0.671,-0.745,-0.832,-0.733,-0.311,-0.716,-0.07,-0.664,-0.784,0.348,0.033,-0.743,-0.758,-0.617,0.486,-0.627,-0.762,-0.78,-0.807,-0.497,-0.54,-0.663,-0.486,-0.637,-0.673,-0.461,-0.799,0.416,0.193,-0.269,-0.628,-0.666,-0.619,-0.726,0.497,0.082,0.031,-0.841,0.804
AMGN,0.752,-0.12,0.657,0.8,0.513,0.423,-0.431,0.0,-0.097,-0.011,-0.014,0.676,-0.361,-0.441,0.785,0.362,0.186,0.224,0.338,-0.225,0.521,0.666,0.165,0.591,0.607,0.256,0.659,0.8,0.854,0.619,0.004,0.611,0.771,-0.535,0.58,-0.392,0.472,0.709,0.641,0.8,0.267,0.634,0.398,0.56,0.688,-0.461,-0.407,0.592,0.651,0.206,0.791,0.545,0.371,0.509,0.761,0.865,0.761,0.604,-0.092,0.283,0.804,0.673,0.216,0.556,-0.495,0.338,0.836,0.463,0.836,0.571,0.858,0.301,0.39,0.703,0.62,-0.047,0.667,0.507,0.713,0.566,0.783,0.771,0.721,-0.096,0.542,-0.865,0.247,0.775,0.176,0.206,0.787,-0.254,0.573,0.618,0.071,0.688,0.576,0.199,0.605,-0.055,0.436,0.47,0.367,0.791,0.278,0.792,0.338,0.637,0.59,0.369,0.607,0.085,-0.317,0.757,0.159,0.791,0.613,0.605,-0.722,0.762,0.538,0.715,0.693,0.576,0.556,0.623,0.746,0.842,-0.364,0.258,-0.503,0.727,0.685,0.3,0.313,0.802,0.614,0.692,0.817,0.461,-0.343,0.866,0.693,0.773,-0.118,0.084,-0.098,0.677,0.588,-0.06,0.325,0.502,0.355,0.764,0.458,0.315,0.533,0.72,0.693,0.755,0.592,0.702,0.697,0.6,0.828,0.099,0.873,0.096,0.719,0.621,0.4,-0.076,0.677,0.565,0.791,0.115,0.739,0.58,0.732,0.664,0.812,0.712,0.706,0.862,0.136,0.413,0.195,0.624,0.116,0.632,0.599,0.534,0.631,0.317,0.651,-0.172,-0.513,0.559,0.692,-0.672
AMPH,-0.334,0.722,-0.505,-0.455,-0.67,-0.763,0.724,-0.097,0.0,0.386,0.067,-0.674,0.281,0.323,-0.586,0.082,-0.608,0.651,-0.743,0.582,-0.587,-0.325,-0.517,-0.726,0.038,-0.104,-0.621,-0.494,-0.39,-0.363,0.809,-0.636,-0.543,0.332,-0.534,0.074,-0.241,0.181,-0.536,-0.443,0.232,-0.519,-0.61,-0.593,-0.607,0.547,0.619,-0.592,-0.536,0.2,-0.559,-0.511,-0.738,-0.682,-0.361,-0.322,-0.017,-0.615,0.415,-0.44,-0.477,-0.614,-0.364,-0.297,0.051,-0.7,-0.367,-0.659,-0.469,-0.063,-0.421,-0.476,0.426,0.277,-0.613,0.371,-0.641,-0.479,-0.41,0.363,-0.417,-0.254,-0.627,0.467,-0.549,0.065,-0.578,-0.443,-0.641,0.773,-0.201,0.148,-0.006,-0.497,0.665,-0.568,-0.619,-0.088,-0.154,-0.461,-0.675,-0.623,-0.638,-0.242,-0.395,-0.427,-0.115,-0.428,-0.628,-0.47,-0.257,0.496,0.711,-0.353,0.127,-0.217,0.284,0.104,0.392,-0.035,0.145,-0.464,-0.654,-0.657,-0.635,-0.17,-0.61,-0.232,0.464,-0.668,0.707,-0.55,-0.553,-0.017,-0.098,-0.485,-0.49,-0.537,-0.472,-0.244,0.279,0.01,-0.636,-0.427,0.267,0.627,-0.568,-0.503,-0.626,0.641,-0.695,-0.48,-0.461,-0.449,-0.612,-0.636,-0.205,-0.163,-0.634,-0.196,-0.622,-0.537,-0.615,-0.627,-0.501,-0.423,-0.451,-0.07,-0.269,-0.648,0.525,0.101,-0.691,-0.607,-0.375,0.459,-0.529,-0.551,-0.601,-0.632,-0.444,-0.419,-0.548,-0.38,-0.805,-0.702,-0.577,-0.679,0.302,0.268,-0.193,-0.496,-0.53,-0.675,-0.64,0.487,-0.015,0.322,-0.584,0.501
AMZN,0.335,0.405,-0.349,-0.073,-0.297,-0.249,0.56,-0.011,0.386,0.0,-0.032,-0.231,0.221,0.429,-0.224,0.484,-0.424,0.319,-0.23,0.457,-0.205,-0.074,-0.061,-0.405,0.365,-0.077,-0.461,-0.273,-0.155,-0.378,0.644,-0.078,-0.217,0.154,-0.362,0.467,0.328,0.294,-0.17,-0.226,0.749,-0.545,0.069,-0.249,-0.36,0.561,0.515,-0.002,-0.334,0.372,-0.33,-0.018,-0.138,-0.417,0.003,0.042,0.228,-0.129,0.557,0.004,-0.076,-0.194,-0.466,0.206,0.146,-0.157,-0.003,-0.073,-0.278,0.088,-0.037,-0.055,0.251,0.282,-0.476,0.54,-0.379,-0.147,0.143,0.51,0.022,-0.046,-0.308,0.75,-0.238,0.021,-0.164,-0.046,-0.043,0.444,-0.006,0.279,-0.215,-0.02,0.621,-0.308,-0.449,0.674,0.517,0.07,-0.349,-0.371,-0.238,0.149,0.44,-0.098,0.612,0.048,-0.249,0.087,-0.225,0.611,0.354,0.058,0.117,0.023,0.472,0.392,0.198,0.164,0.684,-0.283,-0.254,-0.292,-0.186,0.128,-0.164,-0.052,0.614,-0.18,0.434,-0.497,-0.284,0.281,0.483,-0.226,0.15,-0.494,-0.093,0.083,0.423,0.05,-0.245,-0.206,0.883,0.703,0.199,0.153,-0.128,0.295,-0.351,-0.131,0.209,0.001,-0.353,0.198,0.046,-0.177,-0.318,-0.088,-0.499,-0.14,-0.148,-0.338,-0.263,0.268,-0.177,0.267,-0.466,-0.276,0.434,0.11,-0.298,-0.34,-0.205,0.646,-0.101,-0.336,-0.327,-0.293,-0.103,-0.034,-0.221,0.039,-0.186,-0.327,0.047,-0.367,0.686,0.573,0.362,-0.211,-0.443,-0.191,-0.124,0.466,-0.171,0.16,-0.463,0.614
ANIP,0.151,-0.383,0.04,0.217,0.382,0.188,-0.111,-0.014,0.067,-0.032,0.0,0.153,0.117,0.343,0.054,0.005,0.433,-0.196,0.417,0.078,0.47,0.337,0.41,0.258,0.189,0.235,0.245,0.094,0.147,0.494,-0.303,0.301,0.122,0.556,0.217,0.223,0.313,-0.242,0.353,0.172,0.014,0.178,0.315,0.405,0.269,0.261,-0.273,0.05,0.308,0.223,0.14,0.406,0.392,0.389,0.296,0.155,0.31,0.203,-0.358,0.498,0.187,0.259,0.433,0.131,-0.484,0.369,0.177,0.128,0.123,-0.118,0.089,0.497,-0.524,-0.19,0.328,0.076,0.302,0.5,-0.003,-0.059,0.074,0.165,0.145,-0.027,0.511,0.33,0.524,0.129,0.238,0.028,0.235,0.284,0.311,0.135,-0.026,0.143,0.397,0.084,0.193,0.252,0.465,0.476,0.373,0.169,0.201,0.344,-0.203,0.407,0.368,0.413,0.304,-0.427,0.069,0.151,0.226,0.089,-0.29,0.111,0.168,-0.329,-0.116,0.44,0.207,0.381,0.373,0.188,0.222,0.045,-0.024,0.344,-0.103,0.204,0.331,0.255,0.174,-0.085,0.14,0.236,0.24,0.134,0.045,0.106,0.183,0.234,0.021,0.296,0.307,0.22,0.314,-0.473,0.262,0.416,0.268,0.19,0.459,0.079,0.484,0.266,0.275,0.312,0.305,0.197,0.256,0.308,0.124,0.498,0.081,-0.485,0.161,0.231,-0.453,0.095,-0.056,0.334,0.079,-0.251,0.153,0.373,0.246,0.279,-0.126,0.331,0.253,-0.141,0.213,0.285,0.477,0.297,0.003,-0.233,0.082,0.508,0.142,0.408,0.296,-0.155,0.345,-0.213,0.199,-0.083
AOSL,0.787,-0.703,0.815,0.907,0.917,0.918,-0.74,0.676,-0.674,-0.231,0.153,0.0,-0.299,-0.415,0.948,0.275,0.712,-0.424,0.874,-0.418,0.897,0.792,0.572,0.961,0.395,0.203,0.897,0.908,0.792,0.747,-0.574,0.958,0.924,-0.452,0.877,-0.308,0.663,0.361,0.91,0.919,0.116,0.821,0.844,0.888,0.934,-0.647,-0.732,0.902,0.918,-0.023,0.943,0.845,0.867,0.918,0.856,0.815,0.674,0.941,-0.297,0.683,0.915,0.964,0.55,0.724,-0.464,0.844,0.886,0.839,0.915,0.355,0.896,0.646,-0.232,0.258,0.893,-0.165,0.934,0.855,0.837,0.198,0.866,0.81,0.959,-0.427,0.869,-0.5,0.759,0.88,0.704,-0.392,0.72,-0.236,0.347,0.878,-0.406,0.912,0.911,0.337,0.552,0.496,0.892,0.882,0.818,0.78,0.587,0.909,0.404,0.847,0.909,0.771,0.645,-0.27,-0.647,0.852,0.033,0.65,0.199,0.505,-0.677,0.474,0.329,0.846,0.982,0.956,0.892,0.717,0.975,0.764,-0.563,0.784,-0.89,0.901,0.948,0.417,0.371,0.89,0.866,0.875,0.916,0.642,-0.371,0.581,0.963,0.897,-0.179,-0.345,0.497,0.906,0.939,-0.674,0.849,0.806,0.697,0.922,0.87,0.755,0.641,0.652,0.958,0.713,0.903,0.85,0.962,0.889,0.918,0.501,0.917,-0.037,0.675,0.956,-0.238,-0.033,0.895,0.927,0.739,-0.215,0.952,0.807,0.952,0.961,0.855,0.897,0.951,0.796,0.754,0.875,0.658,0.959,-0.069,0.218,0.646,0.794,0.869,0.833,0.949,-0.448,-0.313,0.097,0.919,-0.805
APDN,-0.263,0.181,-0.435,-0.233,-0.254,-0.269,0.482,-0.361,0.281,0.221,0.117,-0.299,0.0,0.399,-0.412,-0.089,-0.124,0.035,-0.147,0.134,-0.188,-0.167,-0.049,-0.365,0.062,-0.141,-0.367,-0.408,-0.422,-0.25,0.205,-0.246,-0.345,0.331,-0.212,0.117,0.004,-0.162,-0.218,-0.324,0.15,-0.334,-0.121,-0.187,-0.299,0.269,0.327,-0.23,-0.308,0.119,-0.409,-0.158,-0.233,-0.271,-0.29,-0.357,-0.075,-0.256,0.318,0.005,-0.38,-0.305,0.044,-0.115,0.051,-0.134,-0.211,-0.204,-0.4,-0.294,-0.307,-0.184,-0.306,-0.235,-0.35,0.208,-0.363,-0.035,-0.272,0.055,-0.284,-0.165,-0.404,0.155,-0.151,0.451,-0.02,-0.322,-0.047,0.098,-0.287,0.218,-0.232,-0.112,0.197,-0.43,-0.251,0.111,-0.07,0.073,-0.177,-0.197,-0.292,-0.255,-0.008,-0.212,0.019,-0.193,-0.281,0.054,-0.097,0.274,0.372,-0.255,0.07,-0.25,-0.02,0.145,0.439,-0.316,0.046,-0.296,-0.315,-0.244,-0.295,0.035,-0.33,-0.379,0.368,-0.086,0.226,-0.398,-0.265,0.215,0.175,-0.391,-0.188,-0.403,-0.303,-0.03,0.332,-0.175,-0.361,-0.27,0.403,0.195,0.118,-0.176,-0.205,-0.022,-0.104,-0.197,-0.12,-0.271,-0.129,-0.097,0.09,-0.382,-0.336,-0.172,-0.313,-0.218,-0.293,-0.316,-0.423,0.106,-0.421,-0.418,-0.478,-0.267,-0.105,0.166,-0.458,-0.213,-0.494,0.341,-0.253,-0.311,-0.333,-0.362,-0.305,-0.19,-0.272,-0.401,-0.166,-0.175,0.005,-0.322,0.253,-0.038,-0.127,-0.177,-0.269,-0.159,-0.274,0.277,0.206,-0.163,-0.372,0.428
APLT,-0.223,0.337,-0.676,-0.3,-0.362,-0.338,0.423,-0.441,0.323,0.429,0.343,-0.415,0.399,0.0,-0.52,-0.08,-0.112,0.143,-0.197,0.562,-0.202,-0.477,0.115,-0.416,0.046,-0.097,-0.399,-0.421,-0.342,-0.371,0.324,-0.253,-0.527,0.637,-0.556,0.679,-0.089,-0.261,-0.307,-0.494,0.386,-0.351,-0.07,-0.373,-0.461,0.626,0.494,-0.349,-0.468,0.431,-0.474,-0.205,-0.15,-0.285,-0.145,-0.406,-0.198,-0.302,0.061,-0.138,-0.47,-0.429,-0.091,-0.291,0.137,-0.048,-0.22,-0.04,-0.482,-0.01,-0.292,0.126,-0.224,-0.212,-0.401,-0.014,-0.377,-0.16,-0.23,0.151,-0.32,-0.329,-0.469,0.607,-0.145,0.604,-0.03,-0.227,0.05,0.277,-0.252,0.422,-0.06,-0.363,0.265,-0.57,-0.361,0.217,0.155,0.107,-0.191,-0.334,-0.344,-0.402,0.11,-0.322,0.035,-0.152,-0.192,0.098,-0.058,0.165,0.685,-0.364,0.494,-0.331,0.029,0.047,0.559,-0.226,0.048,-0.238,-0.449,-0.331,-0.311,-0.124,-0.335,-0.447,0.652,0.089,0.442,-0.539,-0.388,0.432,0.494,-0.615,-0.123,-0.452,-0.317,-0.076,0.677,-0.15,-0.491,-0.356,0.431,0.604,0.213,-0.181,-0.323,0.14,-0.317,-0.314,-0.063,-0.388,-0.308,-0.042,0.233,-0.199,-0.466,-0.162,-0.408,-0.183,-0.319,-0.219,-0.547,0.378,-0.468,-0.131,-0.497,-0.266,-0.074,0.476,-0.538,-0.371,-0.451,0.335,-0.4,-0.282,-0.438,-0.405,-0.546,-0.271,-0.431,-0.502,-0.114,-0.395,0.192,-0.389,0.528,0.045,-0.26,-0.129,-0.567,-0.065,-0.233,0.642,0.182,-0.34,-0.449,0.668
APVO,0.798,-0.59,0.849,0.904,0.836,0.837,-0.69,0.785,-0.586,-0.224,0.054,0.948,-0.412,-0.52,0.0,0.31,0.572,-0.268,0.749,-0.437,0.786,0.775,0.456,0.911,0.458,0.271,0.868,0.917,0.838,0.717,-0.445,0.886,0.943,-0.535,0.824,-0.371,0.61,0.464,0.851,0.929,0.132,0.805,0.733,0.827,0.916,-0.629,-0.699,0.871,0.887,-0.01,0.943,0.745,0.749,0.835,0.846,0.871,0.651,0.879,-0.222,0.517,0.922,0.916,0.475,0.699,-0.403,0.713,0.891,0.754,0.943,0.442,0.899,0.538,-0.008,0.394,0.852,-0.185,0.904,0.772,0.835,0.244,0.867,0.799,0.942,-0.376,0.781,-0.633,0.592,0.889,0.616,-0.257,0.782,-0.301,0.427,0.849,-0.294,0.898,0.846,0.312,0.558,0.368,0.774,0.784,0.75,0.779,0.514,0.893,0.402,0.764,0.827,0.621,0.596,-0.179,-0.605,0.84,0.009,0.737,0.327,0.486,-0.757,0.576,0.355,0.82,0.944,0.874,0.836,0.671,0.941,0.836,-0.575,0.626,-0.8,0.9,0.895,0.34,0.315,0.919,0.839,0.85,0.916,0.563,-0.429,0.642,0.943,0.879,-0.217,-0.297,0.338,0.854,0.873,-0.49,0.739,0.756,0.636,0.91,0.767,0.666,0.576,0.714,0.924,0.681,0.839,0.816,0.92,0.828,0.949,0.33,0.941,0.068,0.749,0.883,-0.079,-0.1,0.921,0.838,0.802,-0.183,0.922,0.766,0.933,0.909,0.901,0.868,0.917,0.876,0.627,0.793,0.528,0.908,-0.065,0.332,0.615,0.711,0.866,0.706,0.885,-0.429,-0.382,0.233,0.885,-0.832
ARGX,0.52,-0.084,0.406,0.372,0.211,0.345,0.186,0.362,0.082,0.484,0.005,0.275,-0.089,-0.08,0.31,0.0,0.109,-0.101,0.209,0.254,0.236,0.552,-0.04,0.135,0.274,-0.217,-0.027,0.163,0.064,0.051,0.228,0.378,0.44,-0.157,0.379,-0.332,0.726,0.705,0.457,0.455,0.461,-0.078,0.42,0.172,0.207,0.073,-0.259,0.495,0.344,-0.094,0.161,0.342,0.127,0.128,0.276,0.41,0.538,0.394,0.676,0.403,0.456,0.397,-0.024,0.77,-0.187,0.101,0.382,0.152,0.324,-0.084,0.373,-0.129,0.285,0.659,-0.045,0.717,0.109,0.247,0.557,0.634,0.23,0.516,0.23,0.087,0.037,-0.347,0.201,0.39,0.26,0.418,0.573,-0.476,-0.201,0.6,0.534,0.299,0.054,0.696,0.562,0.286,0.065,0.106,0.371,0.596,0.578,0.336,0.759,0.465,0.023,0.394,-0.201,0.568,-0.191,0.643,-0.311,0.472,0.584,0.607,-0.447,0.442,0.749,0.086,0.249,0.196,0.198,0.635,0.298,0.628,-0.207,0.145,-0.028,0.085,0.301,0.195,0.255,0.395,0.483,0.039,0.33,0.502,-0.222,0.444,0.369,0.219,0.345,0.281,0.146,0.404,0.351,-0.068,0.253,0.444,0.574,0.541,0.162,0.424,0.119,0.295,0.193,0.033,0.027,0.041,0.256,-0.04,0.269,0.019,0.311,-0.012,0.156,0.116,0.191,-0.275,0.159,0.146,0.257,0.137,0.479,-0.117,0.181,0.246,0.415,0.537,0.356,0.417,0.143,0.238,0.054,0.192,0.537,0.651,0.59,0.041,0.256,0.198,0.204,0.024,-0.585,0.346,0.048,-0.058
ARLP,0.328,-0.816,0.642,0.553,0.793,0.825,-0.624,0.186,-0.608,-0.424,0.433,0.712,-0.124,-0.112,0.572,0.109,0.0,-0.721,0.801,-0.205,0.82,0.551,0.523,0.791,-0.065,-0.041,0.702,0.598,0.342,0.577,-0.747,0.74,0.575,-0.06,0.765,-0.234,0.536,0.074,0.792,0.667,-0.205,0.654,0.738,0.728,0.683,-0.523,-0.738,0.65,0.772,-0.308,0.651,0.631,0.778,0.852,0.573,0.341,0.383,0.781,-0.321,0.656,0.562,0.742,0.794,0.554,-0.342,0.818,0.555,0.674,0.628,0.031,0.502,0.54,-0.559,-0.031,0.716,-0.137,0.696,0.773,0.517,-0.028,0.45,0.6,0.679,-0.593,0.704,0.01,0.847,0.581,0.652,-0.414,0.452,-0.304,0.085,0.665,-0.454,0.698,0.792,0.207,0.196,0.669,0.848,0.833,0.744,0.437,0.344,0.602,0.122,0.606,0.735,0.74,0.382,-0.406,-0.463,0.569,-0.063,0.27,-0.16,0.289,-0.412,0.109,-0.005,0.637,0.691,0.802,0.654,0.58,0.667,0.482,-0.594,0.824,-0.747,0.662,0.78,0.371,0.171,0.546,0.579,0.706,0.522,0.633,-0.236,0.258,0.674,0.645,-0.36,-0.454,0.504,0.553,0.689,-0.839,0.884,0.753,0.612,0.585,0.862,0.514,0.521,0.472,0.67,0.416,0.801,0.464,0.711,0.676,0.576,0.41,0.55,-0.342,0.58,0.762,-0.677,-0.013,0.495,0.819,0.291,-0.498,0.682,0.532,0.651,0.745,0.436,0.69,0.737,0.228,0.754,0.743,0.602,0.786,-0.123,-0.198,0.339,0.637,0.732,0.815,0.655,-0.294,-0.093,-0.207,0.719,-0.638
ATEX,-0.056,0.73,-0.39,-0.224,-0.544,-0.662,0.41,0.224,0.651,0.319,-0.196,-0.424,0.035,0.143,-0.268,-0.101,-0.721,0.0,-0.638,0.187,-0.477,-0.299,-0.444,-0.499,0.361,0.1,-0.31,-0.209,0.077,-0.179,0.739,-0.474,-0.33,0.022,-0.518,0.145,-0.309,0.191,-0.48,-0.303,0.331,-0.264,-0.574,-0.438,-0.367,0.305,0.57,-0.434,-0.461,0.404,-0.271,-0.332,-0.597,-0.553,-0.142,-0.034,0.013,-0.501,0.117,-0.466,-0.27,-0.448,-0.489,-0.38,0.098,-0.63,-0.121,-0.441,-0.232,0.256,-0.108,-0.298,0.596,0.327,-0.334,-0.012,-0.363,-0.425,-0.23,0.364,-0.075,-0.175,-0.332,0.556,-0.329,-0.23,-0.617,-0.243,-0.571,0.511,-0.105,0.275,0.262,-0.452,0.465,-0.411,-0.439,-0.197,0.054,-0.611,-0.568,-0.538,-0.632,-0.134,-0.305,-0.193,-0.115,-0.241,-0.356,-0.488,0.076,0.342,0.578,-0.264,0.293,-0.073,0.405,0.084,0.168,0.183,0.169,-0.186,-0.391,-0.475,-0.414,-0.219,-0.33,-0.145,0.426,-0.608,0.46,-0.27,-0.428,-0.016,0.037,-0.248,-0.303,-0.287,-0.149,-0.353,0.141,0.195,-0.402,-0.205,0.178,0.548,-0.558,-0.26,-0.407,0.715,-0.744,-0.577,-0.56,-0.266,-0.574,-0.451,-0.106,-0.096,-0.355,0.124,-0.428,-0.104,-0.369,-0.305,-0.217,-0.235,-0.154,0.197,-0.197,-0.41,0.775,0.086,-0.293,-0.46,0.017,0.575,-0.366,-0.206,-0.313,-0.404,-0.126,-0.366,-0.378,0.03,-0.675,-0.616,-0.444,-0.484,0.209,0.374,-0.195,-0.306,-0.432,-0.62,-0.355,0.391,-0.108,0.527,-0.318,0.301
ATRA,0.634,-0.846,0.638,0.739,0.936,0.923,-0.678,0.338,-0.743,-0.23,0.417,0.874,-0.147,-0.197,0.749,0.209,0.801,-0.638,0.0,-0.379,0.916,0.731,0.696,0.901,0.28,0.207,0.774,0.692,0.568,0.709,-0.751,0.921,0.772,-0.108,0.804,-0.107,0.624,0.007,0.855,0.731,0.025,0.679,0.892,0.881,0.835,-0.407,-0.747,0.774,0.836,-0.03,0.739,0.857,0.944,0.926,0.689,0.628,0.5,0.861,-0.363,0.814,0.761,0.883,0.565,0.625,-0.502,0.914,0.669,0.765,0.687,0.052,0.659,0.739,-0.555,-0.078,0.814,-0.135,0.854,0.875,0.62,-0.083,0.647,0.575,0.801,-0.411,0.879,-0.101,0.89,0.69,0.803,-0.534,0.54,-0.1,0.218,0.784,-0.481,0.776,0.876,0.342,0.438,0.609,0.939,0.92,0.908,0.599,0.661,0.774,0.273,0.816,0.858,0.818,0.525,-0.469,-0.639,0.688,-0.001,0.464,-0.141,0.284,-0.412,0.08,0.11,0.758,0.864,0.93,0.901,0.553,0.85,0.508,-0.505,0.86,-0.797,0.741,0.861,0.336,0.338,0.621,0.762,0.729,0.77,0.547,-0.31,0.305,0.857,0.709,-0.104,-0.332,0.73,0.804,0.902,-0.857,0.895,0.845,0.745,0.781,0.896,0.773,0.596,0.452,0.868,0.503,0.829,0.724,0.864,0.818,0.706,0.674,0.669,-0.197,0.454,0.859,-0.585,0.012,0.716,0.869,0.563,-0.391,0.801,0.763,0.845,0.874,0.557,0.802,0.828,0.504,0.873,0.928,0.831,0.903,-0.113,-0.075,0.518,0.815,0.719,0.936,0.892,-0.541,-0.009,-0.207,0.764,-0.622
AUTL,-0.226,0.459,-0.355,-0.322,-0.423,-0.344,0.466,-0.225,0.582,0.457,0.078,-0.418,0.134,0.562,-0.437,0.254,-0.205,0.187,-0.379,0.0,-0.278,-0.308,-0.234,-0.465,-0.108,-0.434,-0.477,-0.321,-0.425,-0.396,0.524,-0.32,-0.407,0.335,-0.369,0.202,-0.029,0.177,-0.256,-0.299,0.309,-0.392,-0.151,-0.475,-0.512,0.442,0.482,-0.254,-0.376,0.003,-0.407,-0.29,-0.359,-0.396,-0.186,-0.301,0.049,-0.218,0.413,-0.18,-0.307,-0.362,-0.193,-0.016,0.155,-0.252,-0.227,-0.198,-0.33,-0.043,-0.222,-0.217,0.166,0.263,-0.497,0.365,-0.501,-0.34,-0.093,0.415,-0.281,-0.146,-0.446,0.39,-0.408,0.161,-0.19,-0.189,-0.213,0.567,-0.125,-0.014,-0.235,-0.225,0.437,-0.401,-0.466,0.226,0.012,0.001,-0.402,-0.419,-0.378,-0.161,-0.035,-0.372,0.221,-0.172,-0.358,-0.057,-0.327,0.451,0.491,-0.116,0.119,-0.204,0.228,0.173,0.256,0.102,0.269,-0.398,-0.466,-0.43,-0.478,0.02,-0.356,-0.134,0.381,-0.141,0.425,-0.476,-0.343,0.207,0.168,-0.335,-0.158,-0.407,-0.35,0.168,0.37,0.007,-0.44,-0.321,0.321,0.476,-0.093,-0.253,-0.417,0.298,-0.316,-0.204,-0.018,-0.264,-0.418,-0.175,-0.101,-0.065,-0.519,-0.273,-0.438,-0.466,-0.366,-0.381,-0.414,-0.093,-0.307,-0.03,-0.231,-0.347,0.18,0.183,-0.524,-0.38,-0.432,0.3,-0.274,-0.467,-0.487,-0.385,-0.387,-0.194,-0.361,-0.372,-0.313,-0.511,-0.239,-0.443,0.431,0.252,0.027,-0.409,-0.392,-0.289,-0.38,0.623,-0.236,0.084,-0.417,0.459
AVDL,0.693,-0.793,0.726,0.796,0.942,0.873,-0.714,0.521,-0.587,-0.205,0.47,0.897,-0.188,-0.202,0.786,0.236,0.82,-0.477,0.916,-0.278,0.0,0.793,0.608,0.915,0.332,0.12,0.854,0.807,0.675,0.805,-0.647,0.922,0.796,-0.151,0.85,-0.19,0.678,0.195,0.919,0.833,0.041,0.759,0.84,0.921,0.877,-0.486,-0.702,0.791,0.905,-0.045,0.841,0.925,0.903,0.931,0.804,0.704,0.674,0.903,-0.371,0.829,0.84,0.932,0.632,0.676,-0.568,0.876,0.789,0.759,0.812,0.18,0.765,0.719,-0.447,0.125,0.881,-0.085,0.877,0.914,0.713,0.152,0.746,0.749,0.862,-0.427,0.915,-0.261,0.893,0.756,0.677,-0.358,0.628,-0.139,0.316,0.801,-0.421,0.85,0.917,0.301,0.492,0.575,0.937,0.951,0.832,0.725,0.536,0.86,0.267,0.892,0.923,0.844,0.639,-0.399,-0.574,0.798,0.049,0.512,0.006,0.463,-0.535,0.264,0.22,0.866,0.898,0.956,0.865,0.691,0.9,0.631,-0.535,0.839,-0.843,0.826,0.937,0.426,0.345,0.73,0.767,0.828,0.826,0.694,-0.352,0.497,0.869,0.85,-0.157,-0.252,0.595,0.844,0.908,-0.832,0.854,0.857,0.708,0.848,0.927,0.676,0.669,0.585,0.9,0.685,0.9,0.753,0.92,0.88,0.813,0.631,0.802,-0.207,0.627,0.906,-0.443,-0.031,0.692,0.947,0.614,-0.31,0.877,0.806,0.879,0.94,0.637,0.867,0.895,0.561,0.767,0.841,0.738,0.924,-0.052,0.043,0.592,0.84,0.785,0.847,0.903,-0.421,-0.186,0.016,0.861,-0.724
BCRX,0.735,-0.617,0.799,0.798,0.809,0.744,-0.445,0.666,-0.325,-0.074,0.337,0.792,-0.167,-0.477,0.775,0.552,0.551,-0.299,0.731,-0.308,0.793,0.0,0.353,0.745,0.403,0.161,0.656,0.679,0.605,0.726,-0.397,0.814,0.853,-0.319,0.889,-0.503,0.771,0.482,0.873,0.877,0.113,0.552,0.697,0.822,0.813,-0.431,-0.704,0.779,0.872,-0.078,0.741,0.798,0.643,0.728,0.686,0.801,0.812,0.774,-0.007,0.766,0.89,0.884,0.476,0.827,-0.6,0.581,0.746,0.486,0.795,0.054,0.729,0.372,-0.142,0.407,0.686,0.298,0.738,0.785,0.692,0.303,0.685,0.802,0.77,-0.425,0.701,-0.485,0.648,0.684,0.461,-0.084,0.748,-0.331,0.223,0.865,-0.078,0.808,0.749,0.378,0.515,0.369,0.699,0.781,0.78,0.888,0.541,0.852,0.391,0.823,0.646,0.64,0.422,-0.096,-0.594,0.889,-0.217,0.673,0.229,0.563,-0.636,0.348,0.413,0.711,0.827,0.808,0.755,0.746,0.792,0.792,-0.588,0.493,-0.667,0.748,0.861,0.212,0.168,0.786,0.685,0.687,0.805,0.609,-0.521,0.59,0.855,0.764,-0.042,-0.144,0.319,0.763,0.846,-0.594,0.723,0.853,0.679,0.899,0.781,0.56,0.474,0.567,0.827,0.594,0.712,0.583,0.779,0.595,0.807,0.313,0.769,-0.259,0.604,0.679,-0.159,-0.28,0.629,0.783,0.656,-0.196,0.865,0.605,0.8,0.807,0.745,0.883,0.859,0.696,0.496,0.784,0.459,0.787,0.017,0.289,0.689,0.658,0.783,0.622,0.737,-0.509,-0.272,0.3,0.699,-0.692
BHAT,0.468,-0.538,0.204,0.529,0.606,0.537,-0.467,0.165,-0.517,-0.061,0.41,0.572,-0.049,0.115,0.456,-0.04,0.523,-0.444,0.696,-0.234,0.608,0.353,0.0,0.596,0.211,0.31,0.526,0.452,0.454,0.473,-0.516,0.636,0.439,0.074,0.38,0.246,0.373,-0.15,0.511,0.363,0.143,0.417,0.664,0.545,0.521,-0.138,-0.403,0.451,0.453,0.299,0.478,0.54,0.753,0.619,0.52,0.356,0.306,0.521,-0.465,0.52,0.457,0.521,0.323,0.288,-0.396,0.733,0.486,0.644,0.383,0.188,0.458,0.759,-0.535,-0.23,0.561,-0.234,0.597,0.616,0.351,-0.144,0.443,0.274,0.47,-0.061,0.671,0.064,0.636,0.473,0.577,-0.416,0.298,0.271,0.271,0.416,-0.409,0.43,0.614,0.227,0.403,0.391,0.709,0.609,0.546,0.315,0.502,0.517,0.125,0.529,0.663,0.599,0.464,-0.463,-0.322,0.354,0.323,0.248,-0.152,0.144,-0.137,-0.069,0.034,0.564,0.56,0.637,0.638,0.267,0.581,0.182,-0.02,0.624,-0.479,0.442,0.526,0.342,0.406,0.25,0.531,0.46,0.501,0.232,0.192,0.127,0.526,0.465,0.045,-0.058,0.594,0.595,0.542,-0.56,0.525,0.557,0.492,0.437,0.589,0.537,0.577,0.275,0.563,0.44,0.524,0.627,0.583,0.603,0.385,0.683,0.395,-0.068,0.148,0.618,-0.402,0.198,0.437,0.544,0.268,-0.21,0.445,0.62,0.56,0.539,0.287,0.484,0.48,0.298,0.591,0.574,0.725,0.579,-0.02,-0.085,0.433,0.678,0.329,0.692,0.698,-0.292,0.166,-0.385,0.482,-0.281
BLBD,0.666,-0.795,0.813,0.843,0.947,0.917,-0.844,0.591,-0.726,-0.405,0.258,0.961,-0.365,-0.416,0.911,0.135,0.791,-0.499,0.901,-0.465,0.915,0.745,0.596,0.0,0.276,0.248,0.948,0.897,0.774,0.808,-0.719,0.925,0.885,-0.358,0.871,-0.285,0.543,0.191,0.895,0.88,-0.067,0.879,0.795,0.912,0.947,-0.641,-0.801,0.816,0.935,-0.082,0.938,0.822,0.896,0.974,0.809,0.753,0.556,0.912,-0.456,0.657,0.872,0.944,0.622,0.61,-0.495,0.865,0.799,0.8,0.89,0.294,0.81,0.694,-0.312,0.123,0.956,-0.281,0.969,0.851,0.72,0.016,0.785,0.719,0.952,-0.529,0.892,-0.399,0.789,0.821,0.692,-0.473,0.655,-0.23,0.407,0.797,-0.531,0.92,0.965,0.186,0.407,0.477,0.94,0.937,0.855,0.677,0.472,0.861,0.202,0.793,0.933,0.721,0.649,-0.465,-0.683,0.764,0.029,0.581,0.005,0.32,-0.636,0.345,0.108,0.884,0.96,0.97,0.908,0.591,0.946,0.687,-0.635,0.798,-0.899,0.934,0.947,0.311,0.253,0.827,0.767,0.925,0.864,0.571,-0.414,0.481,0.939,0.871,-0.346,-0.433,0.486,0.812,0.905,-0.738,0.873,0.821,0.643,0.844,0.912,0.661,0.597,0.648,0.963,0.661,0.963,0.816,0.943,0.927,0.904,0.469,0.872,-0.059,0.737,0.952,-0.393,-0.036,0.87,0.943,0.727,-0.407,0.886,0.855,0.958,0.973,0.742,0.843,0.921,0.679,0.783,0.895,0.67,0.988,-0.218,0.023,0.521,0.825,0.877,0.858,0.928,-0.527,-0.18,-0.001,0.95,-0.859
BMRN,0.666,0.074,0.157,0.508,0.291,0.178,-0.049,0.607,0.038,0.365,0.189,0.395,0.062,0.046,0.458,0.274,-0.065,0.361,0.28,-0.108,0.332,0.403,0.211,0.276,0.0,0.303,0.296,0.401,0.585,0.404,0.194,0.428,0.422,-0.087,0.179,0.139,0.42,0.339,0.327,0.387,0.589,0.251,0.341,0.366,0.386,0.063,-0.023,0.314,0.286,0.51,0.375,0.474,0.273,0.253,0.522,0.606,0.56,0.327,0.007,0.267,0.447,0.36,-0.052,0.329,-0.394,0.228,0.568,0.302,0.373,0.356,0.541,0.37,0.131,0.321,0.303,-0.069,0.382,0.441,0.483,0.439,0.537,0.375,0.354,0.391,0.462,-0.332,0.21,0.468,0.239,0.166,0.537,0.219,0.463,0.378,0.261,0.263,0.294,0.392,0.68,-0.027,0.247,0.249,0.208,0.471,0.492,0.571,0.369,0.527,0.387,0.349,0.51,0.109,0.029,0.406,0.326,0.535,0.467,0.509,-0.178,0.314,0.528,0.446,0.393,0.354,0.428,0.411,0.466,0.403,0.085,0.185,-0.188,0.296,0.342,0.416,0.594,0.317,0.539,0.251,0.612,0.232,-0.027,0.605,0.359,0.423,0.335,0.449,0.193,0.578,0.424,0.018,0.057,0.263,0.275,0.503,0.208,0.385,0.568,0.288,0.406,0.563,0.225,0.579,0.467,0.383,0.399,0.455,0.453,-0.022,0.136,0.361,0.314,0.164,0.436,0.267,0.49,0.395,0.416,0.406,0.433,0.34,0.423,0.448,0.366,0.534,0.118,0.227,0.392,0.31,0.322,0.534,0.429,0.413,0.161,0.257,0.491,-0.025,-0.168,0.315,0.278,-0.149
BNGO,0.299,-0.102,-0.033,0.349,0.184,0.066,-0.211,0.256,-0.104,-0.077,0.235,0.203,-0.141,-0.097,0.271,-0.217,-0.041,0.1,0.207,-0.434,0.12,0.161,0.31,0.248,0.303,0.0,0.289,0.186,0.47,0.327,-0.109,0.226,0.247,-0.018,0.049,0.22,-0.014,-0.175,0.111,0.123,0.071,0.25,0.096,0.317,0.297,0.084,-0.21,0.064,0.16,0.612,0.248,0.088,0.248,0.243,0.292,0.395,0.071,0.048,-0.41,-0.061,0.215,0.149,0.09,-0.1,-0.326,0.2,0.214,0.142,0.197,0.331,0.202,0.431,0.018,-0.152,0.333,-0.288,0.387,0.218,0.024,-0.207,0.255,0.013,0.249,0.094,0.367,-0.156,0.036,0.266,0.157,-0.145,0.153,0.315,0.534,-0.002,-0.116,0.155,0.301,-0.02,0.205,-0.201,0.27,0.236,0.188,0.142,0.193,0.323,-0.157,0.09,0.288,0.045,0.393,-0.333,0.003,0.029,0.379,0.315,-0.018,-0.066,0.029,-0.01,-0.089,0.397,0.265,0.236,0.409,-0.118,0.254,0.07,0.08,0.043,-0.032,0.258,0.175,0.019,0.21,0.05,0.135,0.243,0.357,-0.362,0.123,0.078,0.236,0.194,0.03,0.136,0.018,0.218,0.226,0.047,0.04,0.145,0.016,0.146,0.213,0.134,0.348,0.29,0.313,0.287,0.208,0.449,0.222,0.296,0.25,0.235,0.182,0.148,0.16,0.181,0.064,0.231,0.311,0.112,0.308,-0.013,0.09,0.397,0.344,0.191,0.156,0.165,0.21,0.297,0.075,0.284,0.36,0.27,-0.095,0.03,0.014,0.419,0.109,0.292,0.328,-0.277,0.424,-0.087,0.212,-0.117
BUSE,0.61,-0.671,0.758,0.814,0.869,0.781,-0.853,0.659,-0.621,-0.461,0.245,0.897,-0.367,-0.399,0.868,-0.027,0.702,-0.31,0.774,-0.477,0.854,0.656,0.526,0.948,0.296,0.289,0.0,0.917,0.856,0.832,-0.649,0.826,0.81,-0.366,0.779,-0.257,0.41,0.185,0.811,0.833,-0.104,0.947,0.648,0.861,0.913,-0.662,-0.721,0.702,0.868,-0.007,0.952,0.745,0.803,0.917,0.821,0.743,0.545,0.823,-0.577,0.538,0.821,0.86,0.613,0.463,-0.475,0.77,0.792,0.748,0.883,0.418,0.805,0.691,-0.221,0.146,0.981,-0.391,0.955,0.787,0.641,0.047,0.797,0.698,0.927,-0.49,0.882,-0.459,0.69,0.777,0.529,-0.413,0.604,-0.158,0.549,0.664,-0.523,0.871,0.949,0.024,0.373,0.33,0.887,0.88,0.685,0.63,0.294,0.842,0.044,0.732,0.932,0.605,0.753,-0.499,-0.559,0.69,0.17,0.553,0.027,0.307,-0.623,0.393,0.05,0.928,0.906,0.911,0.84,0.521,0.905,0.642,-0.582,0.7,-0.864,0.953,0.901,0.318,0.227,0.796,0.661,0.969,0.843,0.498,-0.383,0.543,0.861,0.881,-0.431,-0.389,0.323,0.745,0.817,-0.62,0.742,0.696,0.465,0.766,0.846,0.5,0.619,0.698,0.928,0.769,0.972,0.84,0.897,0.948,0.906,0.412,0.877,-0.037,0.784,0.927,-0.276,-0.016,0.829,0.906,0.747,-0.353,0.806,0.896,0.929,0.932,0.717,0.753,0.87,0.666,0.64,0.772,0.585,0.935,-0.266,0.025,0.422,0.828,0.832,0.742,0.88,-0.433,-0.146,0.074,0.977,-0.868
CAKE,0.718,-0.526,0.789,0.852,0.811,0.758,-0.775,0.8,-0.494,-0.273,0.094,0.908,-0.408,-0.421,0.917,0.163,0.598,-0.209,0.692,-0.321,0.807,0.679,0.452,0.897,0.401,0.186,0.917,0.0,0.868,0.763,-0.429,0.841,0.86,-0.448,0.778,-0.313,0.48,0.43,0.814,0.892,0.082,0.89,0.672,0.796,0.886,-0.645,-0.605,0.764,0.867,-0.013,0.968,0.744,0.736,0.847,0.877,0.827,0.668,0.87,-0.352,0.475,0.878,0.868,0.486,0.592,-0.499,0.728,0.884,0.751,0.935,0.509,0.898,0.624,-0.024,0.386,0.891,-0.299,0.9,0.748,0.788,0.277,0.882,0.788,0.929,-0.35,0.795,-0.642,0.601,0.885,0.52,-0.217,0.739,-0.257,0.559,0.749,-0.38,0.902,0.863,0.183,0.474,0.295,0.787,0.789,0.662,0.735,0.357,0.855,0.275,0.753,0.887,0.623,0.739,-0.271,-0.537,0.804,0.164,0.678,0.269,0.469,-0.699,0.609,0.291,0.865,0.897,0.849,0.783,0.644,0.927,0.787,-0.547,0.657,-0.823,0.915,0.898,0.411,0.333,0.883,0.77,0.916,0.875,0.632,-0.357,0.692,0.864,0.899,-0.303,-0.251,0.286,0.816,0.783,-0.496,0.702,0.706,0.546,0.843,0.753,0.528,0.627,0.739,0.892,0.767,0.894,0.832,0.921,0.894,0.94,0.336,0.962,0.075,0.82,0.93,-0.082,0.026,0.841,0.856,0.781,-0.193,0.874,0.807,0.921,0.914,0.8,0.825,0.875,0.781,0.563,0.704,0.49,0.892,-0.088,0.287,0.606,0.742,0.824,0.668,0.876,-0.336,-0.391,0.216,0.947,-0.864
CASY,0.768,-0.346,0.591,0.845,0.677,0.551,-0.677,0.854,-0.39,-0.155,0.147,0.792,-0.422,-0.342,0.838,0.064,0.342,0.077,0.568,-0.425,0.675,0.605,0.454,0.774,0.585,0.47,0.856,0.868,0.0,0.757,-0.288,0.738,0.768,-0.431,0.566,-0.11,0.388,0.346,0.67,0.753,0.2,0.785,0.525,0.717,0.797,-0.485,-0.498,0.605,0.698,0.346,0.882,0.667,0.646,0.7,0.86,0.859,0.632,0.661,-0.486,0.385,0.817,0.74,0.309,0.407,-0.518,0.575,0.833,0.649,0.832,0.625,0.865,0.654,0.094,0.359,0.836,-0.343,0.859,0.653,0.671,0.262,0.859,0.658,0.832,-0.12,0.784,-0.654,0.449,0.796,0.379,-0.168,0.658,0.018,0.688,0.553,-0.254,0.738,0.767,0.111,0.587,0.069,0.682,0.66,0.495,0.688,0.359,0.852,0.16,0.709,0.825,0.476,0.794,-0.308,-0.378,0.663,0.334,0.677,0.309,0.404,-0.602,0.552,0.287,0.885,0.82,0.756,0.774,0.471,0.859,0.665,-0.299,0.483,-0.651,0.836,0.758,0.328,0.388,0.736,0.661,0.825,0.889,0.34,-0.251,0.698,0.772,0.839,-0.196,-0.042,0.165,0.771,0.725,-0.28,0.435,0.541,0.364,0.754,0.613,0.452,0.641,0.684,0.842,0.862,0.763,0.906,0.824,0.838,0.869,0.417,0.88,0.157,0.666,0.793,0.148,0.062,0.805,0.708,0.837,-0.039,0.725,0.843,0.863,0.801,0.749,0.688,0.755,0.825,0.387,0.574,0.502,0.777,-0.06,0.338,0.5,0.768,0.622,0.554,0.842,-0.299,-0.217,0.279,0.828,-0.702
CCOI,0.556,-0.627,0.67,0.696,0.775,0.604,-0.683,0.619,-0.363,-0.378,0.494,0.747,-0.25,-0.371,0.717,0.051,0.577,-0.179,0.709,-0.396,0.805,0.726,0.473,0.808,0.404,0.327,0.832,0.763,0.757,0.0,-0.546,0.71,0.728,-0.085,0.748,-0.296,0.406,0.126,0.731,0.749,-0.118,0.766,0.506,0.81,0.826,-0.412,-0.676,0.5,0.819,0.031,0.791,0.774,0.67,0.813,0.676,0.683,0.592,0.685,-0.517,0.635,0.74,0.782,0.48,0.426,-0.721,0.574,0.653,0.429,0.739,0.103,0.654,0.582,-0.265,0.094,0.878,-0.217,0.857,0.755,0.46,0.035,0.616,0.61,0.786,-0.414,0.838,-0.358,0.671,0.611,0.361,-0.295,0.627,-0.071,0.63,0.555,-0.375,0.772,0.883,-0.052,0.266,0.102,0.767,0.843,0.696,0.589,0.246,0.797,-0.087,0.753,0.793,0.518,0.749,-0.561,-0.517,0.636,0.078,0.509,-0.082,0.271,-0.443,0.17,0.026,0.874,0.774,0.819,0.77,0.455,0.776,0.566,-0.565,0.519,-0.717,0.865,0.81,0.177,0.082,0.634,0.507,0.842,0.771,0.379,-0.462,0.551,0.777,0.768,-0.4,-0.186,0.229,0.624,0.727,-0.58,0.583,0.677,0.359,0.716,0.799,0.299,0.543,0.555,0.848,0.733,0.851,0.708,0.777,0.784,0.775,0.389,0.749,-0.237,0.684,0.743,-0.232,-0.073,0.642,0.809,0.689,-0.334,0.697,0.804,0.844,0.836,0.54,0.709,0.784,0.513,0.447,0.715,0.472,0.802,-0.292,-0.05,0.437,0.77,0.705,0.618,0.756,-0.559,-0.068,0.157,0.842,-0.792
CEVA,-0.107,0.854,-0.511,-0.342,-0.721,-0.685,0.732,0.004,0.809,0.644,-0.303,-0.574,0.205,0.324,-0.445,0.228,-0.747,0.739,-0.751,0.524,-0.647,-0.397,-0.516,-0.719,0.194,-0.109,-0.649,-0.429,-0.288,-0.546,0.0,-0.551,-0.462,0.093,-0.611,0.188,-0.157,0.366,-0.556,-0.421,0.563,-0.57,-0.495,-0.638,-0.605,0.51,0.726,-0.395,-0.598,0.313,-0.517,-0.501,-0.704,-0.744,-0.265,-0.213,-0.042,-0.545,0.587,-0.537,-0.414,-0.582,-0.559,-0.205,0.282,-0.667,-0.234,-0.477,-0.414,0.167,-0.259,-0.475,0.632,0.436,-0.688,0.322,-0.64,-0.54,-0.179,0.543,-0.237,-0.21,-0.557,0.712,-0.602,-0.107,-0.668,-0.276,-0.476,0.741,-0.136,0.122,-0.062,-0.391,0.725,-0.565,-0.717,0.176,0.095,-0.407,-0.744,-0.753,-0.669,-0.183,-0.141,-0.399,0.26,-0.405,-0.614,-0.414,-0.275,0.758,0.703,-0.273,0.193,-0.129,0.594,0.237,0.26,0.235,0.427,-0.524,-0.59,-0.678,-0.615,-0.1,-0.514,-0.147,0.6,-0.616,0.7,-0.597,-0.59,0.114,0.172,-0.362,-0.256,-0.612,-0.366,-0.21,0.396,0.096,-0.565,-0.41,0.496,0.689,-0.448,-0.318,-0.554,0.803,-0.731,-0.567,-0.366,-0.345,-0.733,-0.37,-0.192,-0.177,-0.621,-0.205,-0.719,-0.393,-0.537,-0.609,-0.451,-0.333,-0.355,0.236,-0.374,-0.586,0.775,0.147,-0.526,-0.664,-0.278,0.733,-0.43,-0.594,-0.575,-0.627,-0.246,-0.382,-0.529,-0.105,-0.717,-0.714,-0.517,-0.684,0.547,0.582,-0.067,-0.56,-0.58,-0.665,-0.544,0.633,-0.237,0.38,-0.616,0.586
