,AAPL,ACRS,ADP,AFYA,AGNC,AGYS,ALT,AMGN,AMPH,AMZN,ANIP,AOSL,APDN,APLT,APVO,ARGX,ARLP,ATEX,ATRA,AUTL,AVDL,BCRX,BHAT,BLBD,BMRN,BNGO,BUSE,CAKE,CASY,CCOI,CEVA,CHY,CLDX,CLMT,COHU,COLM,COST,CPRT,CSWC,CSX,DBX,DCOM,DKNG,DMLP,DOX,EA,EDIT,ENPH,ENSG,ERNA,ESGR,ETNB,EXTR,FANG,FARO,FATE,FGEN,FIVE,FIVN,FLGT,FOLD,FORM,FOXA,FRPT,FSLR,FTAI,GBDC,GDYN,GGAL,GNLN,GRFS,GT,HCAT,HCM,HFWA,HOLX,HQY,HUBG,IAC,ICLR,IDCC,IEP,IHRT,ILMN,ILPT,IMAB,IMOS,INMD,INTZ,JAZZ,JKHY,JRVR,KIDS,LBRDK,LGND,LMAT,LPLA,LULU,MASI,MAT,MATW,MBIN,MBIO,MCRB,MDB,MDLZ,MELI,MIRM,MLKN,MNMD,MNRO,MPWR,MRCY,MRSN,MTVA,NAAS,NDAQ,NDSN,NEGG,NOVT,NVDA,NWE,NWSA,NXST,OCX,ODFL,OMAB,OPCH,OPRA,ORGO,OTRK,OZK,PAGP,PCH,PEGA,PENG,PENN,PFBC,PGNY,PHAT,PHUN,PINC,PLUG,PLXS,PYPL,QLYS,QNCX,QQQX,QVCGA,RAPT,RBBN,RCKT,REPL,RMBS,ROAD,ROKU,ROP,RUSHA,SANM,SATS,SBCF,SBLK,SBUX,SCHL,SCSC,SDGR,SEIC,SFIX,SGRY,SKYW,SLP,SNES,STAA,STLD,STOK,SWKS,TER,TFIN,TIGO,TILE,TPIC,TTEC,TTEK,TTGT,UXIN,VERU,VLYPP,VNOM,VRNS,VRSN,WDAY,WERN,WINA,WKHS,WRLD,XP,XTKG,YY,ZION,ZM
AAPL,0.0,0.591,0.771,0.093,0.861,0.587,0.631,0.869,0.851,0.886,0.64,0.829,0.706,0.649,0.76,0.803,0.79,0.647,0.52,0.847,0.799,0.755,0.51,0.497,0.458,0.221,0.302,0.742,0.902,0.744,0.772,0.903,0.542,0.771,0.945,0.589,0.909,0.659,0.681,0.745,0.668,-0.196,0.772,0.751,0.927,0.899,0.862,0.936,0.698,-0.333,-0.488,0.039,0.538,0.402,0.737,0.907,0.792,0.919,0.785,0.742,0.704,0.928,0.81,0.691,0.948,0.798,0.256,0.281,-0.134,0.527,0.754,0.796,-0.368,0.616,-0.244,0.867,0.448,0.793,0.898,0.901,0.642,0.567,0.537,0.855,0.688,0.268,0.883,0.854,-0.194,0.857,0.641,0.501,0.891,0.905,0.88,0.903,0.488,0.878,0.761,0.582,0.067,0.033,0.869,0.79,0.899,0.765,0.94,0.819,-0.07,-0.08,0.588,0.912,0.829,0.851,-0.019,0.284,0.913,0.806,-0.517,0.741,0.92,0.594,0.468,0.636,-0.044,0.589,0.777,0.799,0.35,0.558,0.827,0.653,0.757,0.693,0.91,0.284,0.892,0.319,0.715,0.59,0.444,0.323,0.933,0.769,0.889,0.924,0.426,0.942,0.852,-0.556,0.324,0.815,0.769,0.876,-0.157,0.827,0.685,0.715,0.491,-0.027,0.351,0.472,0.898,0.717,0.731,0.396,0.717,0.939,0.657,0.675,0.735,0.674,0.908,0.533,0.483,0.875,0.912,0.102,0.153,0.717,0.454,0.436,0.799,0.855,0.37,0.52,0.589,0.119,0.669,0.888,0.927,0.846,0.867,0.738,0.665,0.845,0.733,0.71,0.746,0.613
ACRS,0.591,0.0,0.603,0.342,0.397,0.441,0.507,0.392,0.46,0.324,0.708,0.346,0.171,0.654,0.301,0.352,0.681,0.027,0.143,0.281,0.434,0.195,0.209,0.151,-0.085,-0.097,0.397,0.431,0.339,0.344,0.366,0.428,-0.144,0.561,0.674,0.664,0.57,0.468,0.294,0.503,0.139,-0.1,0.168,0.417,0.456,0.426,0.329,0.594,0.388,-0.0,0.178,-0.35,0.154,0.2,0.303,0.441,0.2,0.553,0.165,0.155,0.088,0.463,0.643,0.03,0.566,0.397,0.235,-0.054,0.313,0.191,0.274,0.686,-0.149,0.056,0.178,0.365,0.07,0.748,0.309,0.512,0.42,0.653,0.508,0.311,0.635,0.331,0.45,0.692,-0.261,0.749,0.654,0.558,0.548,0.357,0.38,0.541,0.553,0.403,0.268,0.643,0.214,0.077,0.461,0.34,0.297,0.719,0.459,0.424,0.07,-0.541,0.567,0.412,0.361,0.444,0.247,0.158,0.607,0.292,-0.191,0.278,0.436,0.67,0.552,0.512,-0.138,0.298,0.452,0.256,-0.032,0.094,0.271,0.379,0.228,0.251,0.415,0.591,0.532,0.194,0.122,0.444,0.234,0.085,0.458,0.494,0.326,0.455,-0.109,0.504,0.509,-0.296,0.343,0.256,0.557,0.709,0.104,0.248,0.564,0.403,0.224,0.047,0.345,0.637,0.417,0.451,0.585,-0.163,0.503,0.485,0.109,0.527,0.102,0.674,0.366,0.304,0.312,0.479,0.564,0.511,0.623,0.654,0.041,0.289,0.669,0.508,0.357,-0.005,0.528,0.241,0.169,0.346,0.507,0.337,0.383,0.205,0.492,0.328,0.313,0.327,0.446,0.015
ADP,0.771,0.603,0.0,0.474,0.74,0.763,0.449,0.607,0.755,0.486,0.793,0.616,0.32,0.732,0.529,0.701,0.525,0.375,0.559,0.571,0.723,0.438,0.413,0.584,0.211,0.12,0.637,0.778,0.687,0.493,0.65,0.676,0.282,0.565,0.825,0.865,0.673,0.794,0.657,0.883,0.419,0.229,0.496,0.673,0.696,0.553,0.631,0.834,0.82,-0.217,0.028,-0.024,0.566,0.549,0.698,0.627,0.644,0.817,0.469,0.383,0.503,0.73,0.898,0.494,0.757,0.752,0.291,0.471,-0.043,0.542,0.442,0.758,-0.197,0.47,0.231,0.684,0.601,0.747,0.608,0.76,0.716,0.805,0.44,0.58,0.772,0.226,0.673,0.837,-0.143,0.875,0.813,0.501,0.834,0.632,0.621,0.733,0.785,0.694,0.464,0.647,0.404,0.494,0.662,0.519,0.587,0.678,0.672,0.693,0.261,-0.163,0.821,0.702,0.75,0.671,0.303,0.288,0.823,0.757,-0.483,0.7,0.696,0.73,0.756,0.844,0.297,0.763,0.576,0.496,0.342,0.533,0.507,0.705,0.525,0.642,0.749,0.572,0.799,0.595,0.56,0.7,0.565,0.485,0.648,0.851,0.702,0.611,0.329,0.81,0.734,-0.267,0.692,0.615,0.801,0.908,0.233,0.446,0.841,0.758,0.749,0.499,0.56,0.422,0.747,0.856,0.888,0.308,0.864,0.716,0.493,0.775,0.39,0.365,0.638,0.75,0.568,0.835,0.809,0.492,0.406,0.775,0.65,0.812,0.859,0.712,0.302,0.52,0.443,0.338,0.544,0.659,0.772,0.714,0.567,0.467,0.738,0.591,0.357,0.552,0.818,0.211
AFYA,0.093,0.342,0.474,0.0,0.207,0.508,0.37,-0.117,0.021,-0.232,0.592,-0.131,-0.334,0.547,-0.096,0.104,0.022,-0.195,-0.088,-0.13,0.048,-0.324,-0.159,0.112,-0.506,-0.02,0.558,0.266,0.03,-0.139,-0.033,0.068,-0.352,0.051,0.258,0.627,0.078,0.412,0.158,0.361,-0.324,0.32,-0.22,0.214,-0.008,-0.159,-0.13,0.316,0.44,0.196,0.499,-0.433,0.169,0.325,0.058,-0.096,-0.12,0.205,-0.248,-0.312,-0.185,0.132,0.488,-0.14,0.096,0.146,0.283,0.189,0.345,0.025,-0.048,0.361,-0.289,-0.188,0.466,-0.027,0.29,0.37,-0.074,0.242,0.188,0.542,0.275,-0.116,0.532,-0.248,-0.007,0.33,-0.295,0.372,0.525,0.247,0.317,-0.121,-0.068,0.112,0.525,-0.028,-0.263,0.37,0.507,0.44,-0.065,-0.133,-0.139,0.262,0.069,0.045,0.344,-0.378,0.638,-0.012,0.033,0.222,0.626,0.177,0.197,0.166,-0.269,0.147,-0.047,0.588,0.491,0.512,0.313,0.387,0.124,-0.177,-0.167,-0.006,-0.189,0.18,-0.221,0.127,0.201,0.589,0.193,0.295,0.021,0.164,0.447,0.333,-0.057,0.376,-0.055,-0.09,-0.204,0.183,0.16,0.083,0.42,-0.087,0.263,0.357,0.279,-0.274,0.446,0.238,0.457,0.652,0.358,0.217,0.075,0.458,0.385,-0.264,0.492,0.02,-0.14,0.507,-0.306,0.078,-0.096,0.372,0.029,0.236,0.269,0.503,0.596,0.493,0.357,0.55,0.407,0.181,0.22,0.086,0.075,0.323,-0.032,-0.068,0.185,0.076,-0.073,-0.205,0.449,0.068,-0.148,0.023,0.37,-0.428
AGNC,0.861,0.397,0.74,0.207,0.0,0.725,0.499,0.845,0.88,0.802,0.679,0.818,0.624,0.619,0.756,0.863,0.587,0.798,0.608,0.886,0.804,0.757,0.53,0.635,0.499,0.3,0.53,0.915,0.925,0.658,0.787,0.952,0.631,0.794,0.871,0.577,0.699,0.756,0.76,0.779,0.72,0.034,0.799,0.804,0.882,0.782,0.851,0.896,0.78,-0.35,-0.517,0.118,0.647,0.58,0.832,0.851,0.82,0.943,0.795,0.757,0.793,0.869,0.816,0.752,0.911,0.869,0.239,0.482,-0.278,0.648,0.763,0.83,-0.474,0.715,-0.03,0.89,0.648,0.717,0.881,0.876,0.71,0.559,0.568,0.848,0.728,0.223,0.83,0.828,-0.088,0.764,0.542,0.571,0.86,0.848,0.898,0.897,0.522,0.867,0.674,0.61,0.289,0.242,0.794,0.763,0.87,0.547,0.867,0.877,0.152,0.053,0.678,0.857,0.869,0.906,0.148,0.356,0.878,0.911,-0.623,0.815,0.807,0.592,0.538,0.718,0.162,0.545,0.762,0.841,0.442,0.736,0.84,0.815,0.803,0.844,0.926,0.269,0.92,0.565,0.802,0.601,0.48,0.341,0.872,0.845,0.887,0.891,0.515,0.926,0.923,-0.431,0.397,0.867,0.814,0.794,0.009,0.774,0.74,0.836,0.625,0.153,0.593,0.285,0.925,0.835,0.804,0.566,0.831,0.923,0.809,0.736,0.744,0.442,0.892,0.695,0.359,0.833,0.877,0.19,0.027,0.783,0.718,0.52,0.761,0.884,0.185,0.78,0.535,0.22,0.803,0.868,0.919,0.911,0.861,0.819,0.79,0.845,0.703,0.62,0.906,0.583
AGYS,0.587,0.441,0.763,0.508,0.725,0.0,0.443,0.459,0.666,0.348,0.811,0.522,0.22,0.788,0.541,0.581,0.35,0.447,0.477,0.501,0.616,0.307,0.384,0.698,0.085,0.081,0.834,0.784,0.644,0.177,0.527,0.682,0.282,0.629,0.71,0.799,0.428,0.834,0.735,0.767,0.324,0.397,0.446,0.777,0.508,0.375,0.475,0.743,0.713,-0.038,-0.025,-0.097,0.659,0.694,0.663,0.477,0.487,0.723,0.351,0.278,0.414,0.572,0.757,0.416,0.675,0.638,0.406,0.479,-0.247,0.486,0.317,0.842,-0.375,0.398,0.471,0.63,0.707,0.672,0.488,0.616,0.625,0.748,0.541,0.414,0.805,0.072,0.593,0.775,-0.079,0.743,0.598,0.574,0.72,0.437,0.523,0.655,0.719,0.53,0.297,0.624,0.62,0.552,0.409,0.368,0.456,0.359,0.511,0.616,0.454,-0.158,0.881,0.544,0.621,0.752,0.595,0.374,0.616,0.673,-0.547,0.718,0.454,0.699,0.772,0.804,0.416,0.624,0.472,0.463,0.167,0.637,0.436,0.75,0.453,0.7,0.702,0.666,0.742,0.73,0.419,0.61,0.573,0.498,0.482,0.884,0.598,0.525,0.352,0.709,0.797,-0.261,0.551,0.56,0.705,0.704,0.471,0.282,0.66,0.791,0.754,0.613,0.827,0.354,0.645,0.816,0.795,0.293,0.833,0.654,0.523,0.819,0.272,0.224,0.491,0.796,0.293,0.689,0.675,0.527,0.373,0.88,0.707,0.689,0.684,0.704,0.028,0.67,0.397,0.543,0.616,0.477,0.731,0.641,0.423,0.41,0.867,0.44,0.244,0.264,0.898,0.161
ALT,0.631,0.507,0.449,0.37,0.499,0.443,0.0,0.395,0.343,0.461,0.516,0.301,0.232,0.717,0.374,0.444,0.528,0.218,0.027,0.368,0.333,0.241,0.056,0.136,-0.104,0.168,0.223,0.337,0.482,0.222,0.289,0.547,-0.012,0.428,0.656,0.506,0.64,0.452,0.41,0.366,0.116,-0.233,0.317,0.359,0.488,0.501,0.357,0.625,0.465,0.065,-0.166,-0.287,0.293,0.068,0.247,0.482,0.286,0.575,0.3,0.299,0.183,0.647,0.616,0.231,0.537,0.342,0.432,-0.065,0.247,0.039,0.54,0.611,-0.541,0.069,-0.211,0.385,0.206,0.74,0.497,0.627,0.182,0.52,0.588,0.405,0.667,-0.199,0.504,0.654,-0.541,0.621,0.569,0.437,0.62,0.422,0.432,0.555,0.352,0.442,0.283,0.53,0.117,0.017,0.446,0.47,0.452,0.605,0.615,0.385,-0.039,-0.395,0.511,0.49,0.334,0.66,0.198,0.37,0.559,0.374,-0.339,0.393,0.503,0.619,0.306,0.483,-0.143,0.357,0.62,0.39,-0.043,0.079,0.353,0.297,0.191,0.348,0.635,0.377,0.551,-0.013,0.345,0.067,0.519,0.454,0.534,0.423,0.381,0.491,0.031,0.589,0.539,-0.429,0.077,0.302,0.463,0.567,-0.219,0.41,0.359,0.336,0.306,0.098,0.119,0.534,0.451,0.411,0.401,-0.091,0.506,0.515,0.199,0.603,0.191,0.718,0.434,0.203,0.318,0.54,0.648,0.162,0.424,0.607,0.157,0.287,0.513,0.633,0.44,0.148,0.542,-0.106,0.332,0.356,0.638,0.439,0.511,0.224,0.547,0.528,0.375,0.415,0.405,0.17
AMGN,0.869,0.392,0.607,-0.117,0.845,0.459,0.395,0.0,0.915,0.94,0.434,0.934,0.812,0.45,0.733,0.889,0.599,0.824,0.559,0.952,0.84,0.928,0.677,0.476,0.757,0.147,0.174,0.77,0.911,0.83,0.931,0.883,0.746,0.678,0.813,0.372,0.825,0.586,0.625,0.725,0.894,-0.242,0.938,0.722,0.969,0.946,0.97,0.803,0.575,-0.636,-0.676,0.233,0.536,0.488,0.848,0.95,0.922,0.882,0.945,0.906,0.916,0.872,0.69,0.865,0.915,0.849,-0.075,0.366,-0.296,0.672,0.852,0.67,-0.345,0.826,-0.328,0.945,0.45,0.658,0.961,0.802,0.706,0.402,0.357,0.968,0.464,0.531,0.925,0.722,-0.089,0.721,0.445,0.337,0.793,0.972,0.957,0.889,0.286,0.956,0.904,0.392,-0.093,0.038,0.87,0.813,0.936,0.556,0.915,0.88,-0.13,0.122,0.466,0.933,0.909,0.808,-0.189,0.256,0.895,0.886,-0.532,0.712,0.914,0.277,0.287,0.571,-0.069,0.493,0.638,0.939,0.334,0.644,0.951,0.744,0.924,0.744,0.834,-0.024,0.817,0.368,0.715,0.641,0.28,0.306,0.962,0.686,0.944,0.933,0.458,0.899,0.859,-0.555,0.269,0.929,0.791,0.752,-0.092,0.937,0.661,0.722,0.336,-0.163,0.363,0.177,0.934,0.693,0.623,0.647,0.691,0.901,0.862,0.457,0.88,0.47,0.942,0.53,0.412,0.797,0.841,-0.056,-0.206,0.547,0.551,0.303,0.717,0.791,0.125,0.549,0.528,0.14,0.69,0.959,0.831,0.916,0.939,0.901,0.552,0.872,0.777,0.777,0.713,0.711
AMPH,0.851,0.46,0.755,0.021,0.88,0.666,0.343,0.915,0.0,0.807,0.616,0.933,0.699,0.548,0.778,0.862,0.542,0.775,0.698,0.886,0.923,0.813,0.741,0.704,0.67,0.177,0.457,0.877,0.884,0.707,0.896,0.878,0.704,0.753,0.84,0.583,0.719,0.772,0.789,0.86,0.836,0.073,0.875,0.813,0.898,0.834,0.912,0.83,0.714,-0.497,-0.495,0.24,0.638,0.627,0.922,0.867,0.891,0.912,0.844,0.787,0.851,0.841,0.758,0.806,0.928,0.902,0.097,0.455,-0.397,0.785,0.68,0.773,-0.275,0.834,0.004,0.959,0.632,0.689,0.866,0.77,0.84,0.561,0.421,0.856,0.591,0.55,0.91,0.785,0.047,0.789,0.519,0.453,0.831,0.897,0.891,0.897,0.555,0.917,0.837,0.516,0.178,0.293,0.827,0.759,0.861,0.506,0.826,0.922,0.129,0.064,0.64,0.9,0.948,0.811,0.042,0.301,0.891,0.918,-0.525,0.838,0.869,0.412,0.575,0.68,0.136,0.625,0.58,0.861,0.402,0.781,0.86,0.873,0.893,0.839,0.83,0.261,0.897,0.617,0.672,0.793,0.432,0.373,0.877,0.834,0.945,0.876,0.541,0.911,0.916,-0.44,0.487,0.905,0.831,0.842,0.168,0.791,0.759,0.86,0.555,0.092,0.615,0.262,0.928,0.816,0.812,0.665,0.794,0.91,0.85,0.633,0.772,0.348,0.888,0.74,0.525,0.862,0.828,0.205,-0.053,0.681,0.683,0.521,0.756,0.796,0.035,0.665,0.479,0.324,0.767,0.902,0.838,0.924,0.83,0.842,0.717,0.743,0.646,0.634,0.859,0.632
AMZN,0.886,0.324,0.486,-0.232,0.802,0.348,0.461,0.94,0.807,0.0,0.335,0.879,0.857,0.352,0.751,0.798,0.674,0.816,0.495,0.943,0.747,0.931,0.587,0.389,0.725,0.242,0.021,0.657,0.909,0.815,0.824,0.88,0.741,0.687,0.784,0.229,0.834,0.447,0.554,0.556,0.848,-0.372,0.901,0.638,0.941,0.955,0.936,0.778,0.475,-0.527,-0.793,0.234,0.47,0.31,0.739,0.933,0.862,0.821,0.945,0.932,0.856,0.87,0.583,0.827,0.873,0.737,0.016,0.266,-0.285,0.552,0.868,0.587,-0.336,0.754,-0.499,0.881,0.343,0.588,0.967,0.802,0.557,0.253,0.394,0.956,0.409,0.364,0.879,0.654,-0.128,0.614,0.334,0.327,0.753,0.958,0.93,0.846,0.151,0.906,0.875,0.353,-0.168,-0.166,0.867,0.855,0.967,0.547,0.934,0.789,-0.238,0.174,0.309,0.917,0.813,0.774,-0.321,0.237,0.809,0.784,-0.47,0.662,0.912,0.246,0.153,0.413,-0.183,0.372,0.718,0.923,0.384,0.56,0.953,0.58,0.879,0.671,0.836,-0.1,0.77,0.176,0.757,0.465,0.261,0.204,0.963,0.579,0.903,0.939,0.501,0.853,0.778,-0.598,0.094,0.877,0.652,0.65,-0.3,0.981,0.505,0.605,0.245,-0.324,0.197,0.225,0.885,0.527,0.492,0.579,0.533,0.895,0.788,0.397,0.916,0.565,0.953,0.368,0.335,0.737,0.782,-0.222,-0.246,0.46,0.396,0.161,0.595,0.778,0.217,0.513,0.515,-0.039,0.679,0.932,0.824,0.85,0.943,0.888,0.461,0.895,0.839,0.746,0.594,0.801
ANIP,0.64,0.708,0.793,0.592,0.679,0.811,0.516,0.434,0.616,0.335,0.0,0.431,0.097,0.798,0.389,0.584,0.535,0.229,0.364,0.427,0.547,0.245,0.237,0.504,-0.041,-0.022,0.762,0.708,0.568,0.292,0.462,0.629,0.095,0.7,0.773,0.835,0.52,0.712,0.585,0.731,0.189,0.243,0.303,0.658,0.511,0.414,0.452,0.736,0.723,-0.031,0.136,-0.325,0.368,0.527,0.538,0.504,0.398,0.704,0.247,0.199,0.295,0.562,0.807,0.224,0.682,0.642,0.402,0.338,0.007,0.342,0.314,0.84,-0.282,0.233,0.396,0.537,0.442,0.744,0.43,0.659,0.532,0.728,0.553,0.404,0.85,0.07,0.497,0.841,-0.089,0.834,0.753,0.631,0.739,0.402,0.519,0.641,0.713,0.492,0.218,0.706,0.589,0.443,0.435,0.364,0.415,0.591,0.516,0.581,0.314,-0.384,0.851,0.483,0.521,0.662,0.591,0.205,0.667,0.584,-0.566,0.559,0.441,0.798,0.771,0.694,0.243,0.549,0.552,0.354,0.176,0.472,0.376,0.63,0.331,0.526,0.628,0.725,0.711,0.611,0.331,0.59,0.466,0.266,0.496,0.799,0.506,0.54,0.105,0.681,0.698,-0.264,0.504,0.471,0.714,0.806,0.291,0.258,0.678,0.704,0.679,0.454,0.649,0.472,0.579,0.785,0.798,0.105,0.782,0.625,0.321,0.788,0.176,0.454,0.486,0.694,0.333,0.626,0.705,0.576,0.596,0.894,0.516,0.688,0.786,0.682,0.253,0.451,0.391,0.404,0.415,0.461,0.682,0.558,0.434,0.317,0.766,0.439,0.298,0.371,0.816,0.051
AOSL,0.829,0.346,0.616,-0.131,0.818,0.522,0.301,0.934,0.933,0.879,0.431,0.0,0.815,0.376,0.798,0.816,0.516,0.856,0.661,0.932,0.899,0.89,0.834,0.646,0.799,0.202,0.249,0.771,0.891,0.74,0.911,0.841,0.824,0.692,0.771,0.417,0.72,0.687,0.748,0.776,0.904,-0.022,0.944,0.8,0.91,0.87,0.933,0.774,0.558,-0.594,-0.657,0.349,0.632,0.576,0.932,0.859,0.922,0.848,0.927,0.877,0.916,0.834,0.638,0.882,0.884,0.855,-0.008,0.429,-0.505,0.831,0.719,0.658,-0.22,0.911,-0.167,0.98,0.586,0.593,0.901,0.697,0.834,0.381,0.302,0.887,0.432,0.592,0.929,0.64,0.015,0.669,0.326,0.295,0.785,0.93,0.892,0.865,0.399,0.924,0.943,0.354,0.007,0.157,0.814,0.754,0.896,0.384,0.838,0.877,0.023,0.212,0.481,0.936,0.948,0.761,-0.163,0.25,0.821,0.892,-0.481,0.813,0.891,0.215,0.413,0.559,0.026,0.606,0.513,0.913,0.385,0.759,0.924,0.818,0.963,0.811,0.794,0.092,0.825,0.503,0.667,0.753,0.386,0.338,0.893,0.743,0.962,0.864,0.588,0.877,0.841,-0.52,0.376,0.894,0.747,0.742,0.121,0.862,0.644,0.808,0.399,-0.073,0.501,0.173,0.912,0.698,0.664,0.735,0.661,0.89,0.888,0.512,0.883,0.294,0.912,0.663,0.487,0.845,0.765,-0.013,-0.261,0.526,0.631,0.374,0.615,0.739,-0.066,0.594,0.417,0.267,0.716,0.924,0.765,0.925,0.861,0.92,0.596,0.755,0.709,0.633,0.749,0.753
APDN,0.706,0.171,0.32,-0.334,0.624,0.22,0.232,0.812,0.699,0.857,0.097,0.815,0.0,0.136,0.733,0.571,0.524,0.772,0.466,0.819,0.685,0.841,0.634,0.406,0.736,0.32,-0.075,0.533,0.764,0.705,0.693,0.731,0.711,0.526,0.584,0.096,0.619,0.363,0.482,0.412,0.823,-0.273,0.817,0.561,0.785,0.786,0.797,0.586,0.308,-0.511,-0.779,0.389,0.481,0.234,0.678,0.754,0.716,0.653,0.85,0.832,0.769,0.687,0.393,0.743,0.697,0.597,-0.032,0.134,-0.386,0.624,0.713,0.419,-0.236,0.722,-0.438,0.775,0.337,0.391,0.81,0.576,0.555,0.113,0.275,0.795,0.22,0.469,0.78,0.419,-0.058,0.412,0.09,0.215,0.582,0.841,0.761,0.69,0.078,0.758,0.846,0.199,-0.236,-0.164,0.748,0.724,0.821,0.315,0.75,0.687,-0.183,0.259,0.158,0.796,0.711,0.593,-0.417,0.236,0.637,0.643,-0.275,0.581,0.764,0.069,0.092,0.283,-0.2,0.266,0.503,0.807,0.333,0.496,0.843,0.501,0.817,0.605,0.654,-0.167,0.637,0.12,0.649,0.43,0.228,0.148,0.788,0.453,0.776,0.786,0.542,0.674,0.613,-0.468,0.086,0.75,0.49,0.451,-0.198,0.847,0.394,0.479,0.119,-0.398,0.169,0.106,0.724,0.35,0.342,0.585,0.342,0.757,0.733,0.291,0.857,0.354,0.818,0.228,0.252,0.613,0.561,-0.244,-0.375,0.278,0.302,0.043,0.374,0.607,-0.033,0.393,0.356,-0.034,0.615,0.785,0.626,0.722,0.77,0.833,0.348,0.7,0.721,0.512,0.445,0.778
APLT,0.649,0.654,0.732,0.547,0.619,0.788,0.717,0.45,0.548,0.352,0.798,0.376,0.136,0.0,0.385,0.584,0.476,0.196,0.16,0.4,0.503,0.219,0.124,0.337,-0.136,-0.107,0.625,0.6,0.545,0.235,0.463,0.611,0.026,0.524,0.757,0.824,0.632,0.694,0.535,0.703,0.149,0.006,0.337,0.633,0.523,0.459,0.41,0.743,0.655,-0.046,0.089,-0.394,0.384,0.501,0.406,0.539,0.36,0.693,0.246,0.179,0.26,0.59,0.828,0.243,0.66,0.578,0.35,0.235,0.167,0.189,0.364,0.841,-0.498,0.147,0.184,0.497,0.367,0.831,0.476,0.697,0.383,0.783,0.546,0.395,0.793,-0.032,0.558,0.851,-0.356,0.867,0.848,0.511,0.716,0.421,0.499,0.62,0.6,0.491,0.229,0.624,0.334,0.318,0.409,0.332,0.387,0.692,0.563,0.514,0.133,-0.512,0.85,0.485,0.484,0.76,0.594,0.275,0.704,0.549,-0.549,0.477,0.449,0.776,0.617,0.762,0.112,0.546,0.519,0.359,-0.112,0.318,0.357,0.552,0.27,0.434,0.657,0.574,0.66,0.4,0.3,0.448,0.448,0.535,0.507,0.725,0.486,0.538,-0.01,0.685,0.719,-0.417,0.396,0.458,0.73,0.765,0.167,0.273,0.595,0.574,0.562,0.447,0.5,0.48,0.572,0.757,0.677,-0.025,0.802,0.596,0.297,0.731,0.115,0.573,0.416,0.543,0.321,0.607,0.758,0.479,0.623,0.875,0.447,0.542,0.812,0.652,0.366,0.338,0.559,0.366,0.368,0.43,0.735,0.52,0.423,0.222,0.727,0.485,0.259,0.455,0.722,-0.034
APVO,0.76,0.301,0.529,-0.096,0.756,0.541,0.374,0.733,0.778,0.751,0.389,0.798,0.733,0.385,0.0,0.566,0.573,0.727,0.678,0.753,0.794,0.734,0.663,0.733,0.58,0.538,0.346,0.696,0.788,0.447,0.591,0.807,0.611,0.707,0.729,0.434,0.54,0.701,0.811,0.55,0.725,0.153,0.758,0.653,0.72,0.647,0.729,0.722,0.58,-0.12,-0.592,0.399,0.761,0.29,0.758,0.703,0.712,0.775,0.738,0.759,0.671,0.742,0.546,0.64,0.784,0.63,0.44,0.277,-0.453,0.675,0.602,0.675,-0.345,0.681,-0.029,0.812,0.657,0.566,0.745,0.596,0.699,0.44,0.616,0.699,0.55,0.316,0.762,0.604,-0.037,0.565,0.212,0.523,0.712,0.761,0.712,0.807,0.477,0.759,0.72,0.571,0.248,0.166,0.74,0.758,0.812,0.329,0.688,0.806,0.299,0.138,0.414,0.795,0.782,0.723,-0.153,0.487,0.665,0.68,-0.22,0.846,0.767,0.392,0.533,0.544,0.044,0.431,0.628,0.795,0.464,0.726,0.726,0.718,0.762,0.815,0.804,0.246,0.833,0.423,0.716,0.462,0.531,0.265,0.752,0.677,0.782,0.756,0.753,0.741,0.773,-0.366,0.372,0.718,0.607,0.583,0.039,0.723,0.55,0.717,0.504,-0.002,0.517,0.428,0.749,0.531,0.68,0.587,0.505,0.831,0.776,0.669,0.724,0.334,0.81,0.494,0.476,0.77,0.608,0.179,-0.114,0.568,0.448,0.337,0.448,0.763,-0.021,0.609,0.499,0.055,0.857,0.702,0.767,0.767,0.731,0.79,0.712,0.609,0.621,0.286,0.677,0.775
ARGX,0.803,0.352,0.701,0.104,0.863,0.581,0.444,0.889,0.862,0.798,0.584,0.816,0.571,0.584,0.566,0.0,0.449,0.714,0.468,0.871,0.76,0.78,0.531,0.436,0.576,0.008,0.33,0.795,0.864,0.74,0.903,0.837,0.659,0.612,0.789,0.501,0.795,0.629,0.61,0.819,0.74,-0.135,0.836,0.733,0.895,0.856,0.89,0.797,0.663,-0.627,-0.485,0.053,0.459,0.633,0.792,0.865,0.868,0.859,0.822,0.733,0.858,0.83,0.777,0.808,0.846,0.888,-0.074,0.52,-0.212,0.595,0.773,0.679,-0.372,0.742,-0.198,0.868,0.468,0.652,0.89,0.832,0.643,0.48,0.279,0.881,0.525,0.342,0.842,0.769,-0.104,0.764,0.614,0.295,0.811,0.859,0.899,0.804,0.353,0.885,0.739,0.371,0.026,0.218,0.75,0.668,0.825,0.577,0.868,0.811,-0.115,0.043,0.637,0.834,0.848,0.819,0.096,0.182,0.884,0.925,-0.706,0.661,0.799,0.36,0.37,0.647,0.087,0.596,0.578,0.81,0.267,0.621,0.859,0.755,0.791,0.675,0.803,0.064,0.768,0.49,0.657,0.661,0.308,0.453,0.865,0.741,0.89,0.841,0.308,0.897,0.833,-0.544,0.33,0.876,0.834,0.798,0.023,0.799,0.664,0.73,0.476,0.11,0.426,0.069,0.902,0.832,0.67,0.598,0.83,0.831,0.769,0.503,0.72,0.385,0.827,0.656,0.395,0.77,0.876,0.028,-0.067,0.629,0.724,0.486,0.794,0.756,0.177,0.61,0.466,0.245,0.581,0.894,0.812,0.887,0.836,0.754,0.583,0.847,0.65,0.83,0.792,0.462
ARLP,0.79,0.681,0.525,0.022,0.587,0.35,0.528,0.599,0.542,0.674,0.535,0.516,0.524,0.476,0.573,0.449,0.0,0.36,0.386,0.56,0.483,0.521,0.225,0.243,0.219,0.111,0.184,0.471,0.628,0.607,0.444,0.674,0.241,0.746,0.758,0.387,0.7,0.34,0.365,0.387,0.37,-0.315,0.422,0.516,0.658,0.672,0.581,0.712,0.433,-0.063,-0.271,-0.111,0.283,0.099,0.389,0.698,0.444,0.642,0.47,0.51,0.357,0.619,0.548,0.294,0.741,0.467,0.312,0.038,0.064,0.163,0.524,0.669,-0.182,0.242,-0.193,0.538,0.105,0.661,0.595,0.666,0.34,0.43,0.573,0.602,0.615,0.127,0.555,0.701,-0.144,0.649,0.454,0.595,0.614,0.617,0.643,0.668,0.317,0.547,0.453,0.597,0.067,-0.244,0.665,0.561,0.632,0.754,0.671,0.525,-0.114,-0.163,0.33,0.599,0.478,0.607,-0.09,0.181,0.631,0.412,-0.239,0.388,0.634,0.606,0.308,0.358,-0.129,0.195,0.761,0.531,0.317,0.273,0.555,0.32,0.488,0.392,0.644,0.294,0.647,0.095,0.481,0.348,0.244,-0.126,0.699,0.529,0.552,0.739,0.198,0.639,0.574,-0.374,0.055,0.533,0.5,0.633,-0.275,0.58,0.448,0.413,0.249,-0.252,0.161,0.586,0.605,0.379,0.51,0.026,0.368,0.719,0.306,0.494,0.511,0.766,0.673,0.192,0.228,0.532,0.635,0.115,0.332,0.599,0.017,0.166,0.604,0.658,0.434,0.267,0.582,0.047,0.43,0.602,0.691,0.479,0.638,0.497,0.426,0.589,0.648,0.459,0.457,0.444
ATEX,0.647,0.027,0.375,-0.195,0.798,0.447,0.218,0.824,0.775,0.816,0.229,0.856,0.772,0.196,0.727,0.714,0.36,0.0,0.596,0.896,0.721,0.854,0.709,0.599,0.803,0.335,0.196,0.712,0.833,0.637,0.772,0.792,0.87,0.579,0.566,0.138,0.499,0.513,0.637,0.548,0.892,-0.018,0.899,0.672,0.789,0.739,0.836,0.621,0.441,-0.522,-0.803,0.465,0.622,0.497,0.83,0.749,0.832,0.713,0.91,0.881,0.898,0.709,0.444,0.897,0.727,0.706,-0.026,0.45,-0.569,0.734,0.75,0.503,-0.322,0.879,-0.209,0.86,0.598,0.378,0.844,0.603,0.641,0.178,0.301,0.837,0.32,0.397,0.781,0.476,0.046,0.396,0.062,0.281,0.596,0.828,0.832,0.725,0.194,0.796,0.801,0.228,0.014,0.053,0.691,0.712,0.856,0.142,0.738,0.776,0.041,0.398,0.298,0.813,0.811,0.7,-0.214,0.282,0.625,0.815,-0.456,0.734,0.741,0.098,0.191,0.41,0.108,0.347,0.503,0.892,0.413,0.739,0.884,0.697,0.895,0.812,0.732,-0.103,0.706,0.432,0.715,0.505,0.301,0.256,0.782,0.585,0.853,0.778,0.663,0.735,0.748,-0.352,0.161,0.855,0.544,0.461,0.009,0.827,0.471,0.68,0.345,-0.121,0.458,-0.035,0.815,0.537,0.465,0.784,0.532,0.777,0.902,0.389,0.902,0.141,0.831,0.544,0.239,0.661,0.62,-0.181,-0.493,0.387,0.627,0.202,0.387,0.673,-0.167,0.722,0.318,0.152,0.781,0.82,0.68,0.837,0.812,0.922,0.496,0.721,0.669,0.496,0.66,0.778
ATRA,0.52,0.143,0.559,-0.088,0.608,0.477,0.027,0.559,0.698,0.495,0.364,0.661,0.466,0.16,0.678,0.468,0.386,0.596,0.0,0.576,0.664,0.586,0.64,0.796,0.602,0.408,0.455,0.656,0.594,0.368,0.509,0.579,0.573,0.605,0.531,0.412,0.284,0.636,0.735,0.558,0.606,0.441,0.572,0.527,0.531,0.437,0.619,0.498,0.616,-0.169,-0.313,0.489,0.652,0.334,0.729,0.515,0.703,0.593,0.578,0.622,0.605,0.53,0.38,0.57,0.606,0.562,0.297,0.437,-0.577,0.658,0.332,0.492,-0.055,0.666,0.241,0.676,0.693,0.404,0.53,0.398,0.706,0.401,0.365,0.542,0.459,0.337,0.534,0.425,0.287,0.411,0.133,0.441,0.493,0.569,0.541,0.641,0.543,0.601,0.54,0.51,0.437,0.428,0.578,0.569,0.608,0.143,0.427,0.674,0.484,0.361,0.353,0.605,0.723,0.469,-0.099,0.376,0.484,0.62,-0.172,0.755,0.617,0.285,0.535,0.473,0.453,0.476,0.451,0.627,0.675,0.776,0.506,0.676,0.669,0.781,0.598,0.283,0.654,0.692,0.618,0.562,0.454,0.099,0.55,0.681,0.651,0.527,0.7,0.578,0.593,0.033,0.523,0.596,0.53,0.504,0.229,0.502,0.525,0.761,0.594,0.216,0.561,0.297,0.614,0.515,0.696,0.647,0.45,0.612,0.677,0.542,0.594,0.021,0.644,0.635,0.574,0.646,0.405,0.298,-0.094,0.422,0.523,0.521,0.36,0.546,-0.172,0.679,0.271,0.183,0.728,0.562,0.523,0.649,0.531,0.627,0.578,0.365,0.354,0.194,0.614,0.638
AUTL,0.847,0.281,0.571,-0.13,0.886,0.501,0.368,0.952,0.886,0.943,0.427,0.932,0.819,0.4,0.753,0.871,0.56,0.896,0.576,0.0,0.82,0.94,0.683,0.524,0.761,0.208,0.216,0.806,0.947,0.792,0.898,0.92,0.818,0.718,0.786,0.321,0.758,0.576,0.636,0.693,0.89,-0.187,0.94,0.758,0.946,0.911,0.967,0.799,0.552,-0.596,-0.745,0.256,0.545,0.522,0.859,0.927,0.921,0.871,0.955,0.911,0.937,0.853,0.65,0.885,0.892,0.854,-0.017,0.428,-0.388,0.694,0.83,0.658,-0.345,0.851,-0.304,0.946,0.488,0.593,0.965,0.807,0.676,0.3,0.361,0.96,0.457,0.423,0.903,0.689,-0.012,0.645,0.357,0.368,0.788,0.95,0.964,0.865,0.253,0.93,0.866,0.36,-0.032,0.025,0.846,0.814,0.948,0.457,0.906,0.859,-0.106,0.207,0.447,0.922,0.89,0.827,-0.155,0.228,0.839,0.9,-0.602,0.743,0.869,0.274,0.281,0.517,-0.023,0.455,0.658,0.947,0.405,0.695,0.974,0.739,0.94,0.773,0.849,-0.038,0.823,0.402,0.771,0.608,0.315,0.28,0.936,0.703,0.953,0.94,0.545,0.894,0.856,-0.566,0.207,0.946,0.748,0.697,-0.074,0.929,0.592,0.736,0.363,-0.153,0.405,0.117,0.943,0.679,0.587,0.69,0.665,0.922,0.887,0.474,0.916,0.397,0.953,0.559,0.322,0.769,0.815,-0.127,-0.262,0.552,0.619,0.293,0.651,0.807,0.077,0.662,0.45,0.139,0.734,0.956,0.835,0.926,0.923,0.944,0.559,0.881,0.788,0.735,0.75,0.741
AVDL,0.799,0.434,0.723,0.048,0.804,0.616,0.333,0.84,0.923,0.747,0.547,0.899,0.685,0.503,0.794,0.76,0.483,0.721,0.664,0.82,0.0,0.757,0.763,0.712,0.64,0.267,0.418,0.812,0.813,0.632,0.812,0.809,0.673,0.681,0.784,0.583,0.658,0.786,0.804,0.832,0.8,0.136,0.846,0.772,0.833,0.762,0.85,0.777,0.679,-0.43,-0.464,0.294,0.653,0.56,0.886,0.794,0.816,0.853,0.786,0.736,0.794,0.793,0.707,0.754,0.842,0.851,0.15,0.42,-0.404,0.814,0.633,0.714,-0.285,0.797,0.027,0.909,0.678,0.645,0.799,0.692,0.838,0.527,0.39,0.781,0.54,0.528,0.871,0.701,-0.023,0.737,0.462,0.393,0.79,0.843,0.809,0.835,0.564,0.848,0.829,0.474,0.155,0.31,0.776,0.715,0.81,0.448,0.765,0.893,0.173,-0.004,0.595,0.869,0.908,0.753,0.014,0.302,0.828,0.86,-0.451,0.826,0.838,0.367,0.574,0.651,0.147,0.631,0.509,0.797,0.33,0.747,0.8,0.848,0.825,0.818,0.777,0.264,0.865,0.573,0.644,0.764,0.46,0.395,0.81,0.787,0.892,0.796,0.573,0.862,0.842,-0.377,0.511,0.83,0.776,0.789,0.219,0.721,0.703,0.812,0.559,0.111,0.588,0.246,0.851,0.763,0.775,0.674,0.742,0.859,0.814,0.645,0.743,0.295,0.825,0.678,0.539,0.864,0.766,0.222,-0.058,0.614,0.66,0.521,0.67,0.735,0.024,0.609,0.429,0.29,0.721,0.828,0.769,0.873,0.759,0.8,0.7,0.648,0.588,0.53,0.801,0.598
BCRX,0.755,0.195,0.438,-0.324,0.757,0.307,0.241,0.928,0.813,0.931,0.245,0.89,0.841,0.219,0.734,0.78,0.521,0.854,0.586,0.94,0.757,0.0,0.669,0.449,0.859,0.243,0.039,0.695,0.868,0.762,0.844,0.827,0.801,0.619,0.675,0.164,0.688,0.441,0.538,0.544,0.922,-0.248,0.924,0.584,0.89,0.868,0.942,0.651,0.426,-0.612,-0.786,0.403,0.492,0.338,0.794,0.881,0.898,0.772,0.954,0.947,0.925,0.769,0.502,0.853,0.798,0.74,-0.085,0.367,-0.418,0.659,0.816,0.505,-0.252,0.829,-0.405,0.88,0.393,0.476,0.916,0.699,0.6,0.172,0.306,0.94,0.306,0.463,0.833,0.562,0.044,0.508,0.212,0.293,0.671,0.921,0.915,0.793,0.113,0.898,0.867,0.288,-0.132,-0.043,0.834,0.836,0.923,0.372,0.825,0.809,-0.139,0.313,0.256,0.877,0.834,0.686,-0.369,0.222,0.747,0.791,-0.434,0.659,0.842,0.105,0.147,0.395,-0.104,0.315,0.615,0.93,0.436,0.639,0.944,0.657,0.922,0.704,0.754,-0.196,0.72,0.295,0.758,0.498,0.205,0.185,0.896,0.552,0.887,0.874,0.574,0.782,0.738,-0.497,0.145,0.892,0.661,0.556,-0.155,0.946,0.486,0.628,0.246,-0.295,0.269,0.066,0.862,0.512,0.472,0.731,0.513,0.838,0.878,0.319,0.917,0.357,0.924,0.397,0.329,0.676,0.672,-0.195,-0.4,0.372,0.48,0.177,0.517,0.725,0.019,0.549,0.402,-0.027,0.707,0.899,0.735,0.849,0.895,0.934,0.412,0.813,0.751,0.684,0.593,0.803
BHAT,0.51,0.209,0.413,-0.159,0.53,0.384,0.056,0.677,0.741,0.587,0.237,0.834,0.634,0.124,0.663,0.531,0.225,0.709,0.64,0.683,0.763,0.669,0.0,0.676,0.764,0.248,0.222,0.584,0.602,0.471,0.696,0.539,0.691,0.439,0.48,0.303,0.383,0.602,0.673,0.602,0.765,0.247,0.745,0.589,0.616,0.554,0.691,0.475,0.389,-0.463,-0.486,0.5,0.614,0.473,0.832,0.536,0.737,0.575,0.72,0.688,0.725,0.567,0.366,0.717,0.6,0.629,-0.013,0.339,-0.613,0.859,0.456,0.412,-0.025,0.846,0.05,0.781,0.615,0.372,0.612,0.328,0.816,0.286,0.162,0.613,0.224,0.687,0.715,0.342,0.135,0.4,0.046,0.148,0.526,0.657,0.581,0.645,0.39,0.692,0.803,0.218,0.083,0.319,0.597,0.57,0.635,0.033,0.514,0.697,0.234,0.298,0.337,0.716,0.78,0.446,-0.238,0.257,0.515,0.682,-0.222,0.731,0.671,-0.014,0.407,0.418,0.123,0.556,0.205,0.71,0.331,0.703,0.651,0.717,0.789,0.732,0.513,0.1,0.618,0.518,0.437,0.675,0.355,0.307,0.607,0.546,0.719,0.53,0.629,0.599,0.607,-0.256,0.437,0.634,0.526,0.504,0.342,0.603,0.505,0.673,0.312,0.011,0.534,0.118,0.636,0.487,0.509,0.743,0.43,0.605,0.773,0.388,0.701,-0.035,0.648,0.632,0.554,0.674,0.433,0.069,-0.355,0.281,0.567,0.332,0.322,0.483,-0.38,0.463,0.189,0.265,0.591,0.638,0.441,0.725,0.586,0.74,0.466,0.414,0.423,0.326,0.547,0.66
BLBD,0.497,0.151,0.584,0.112,0.635,0.698,0.136,0.476,0.704,0.389,0.504,0.646,0.406,0.337,0.733,0.436,0.243,0.599,0.796,0.524,0.712,0.449,0.676,0.0,0.467,0.483,0.643,0.71,0.607,0.189,0.457,0.599,0.54,0.562,0.526,0.553,0.194,0.789,0.902,0.623,0.552,0.64,0.567,0.644,0.456,0.326,0.524,0.527,0.691,-0.037,-0.245,0.467,0.818,0.475,0.783,0.418,0.595,0.616,0.488,0.483,0.538,0.508,0.473,0.543,0.586,0.603,0.483,0.46,-0.651,0.756,0.29,0.585,-0.164,0.647,0.416,0.686,0.894,0.408,0.471,0.365,0.754,0.507,0.464,0.425,0.551,0.273,0.553,0.473,0.203,0.455,0.182,0.459,0.563,0.483,0.483,0.622,0.684,0.541,0.484,0.508,0.592,0.616,0.473,0.505,0.547,0.026,0.375,0.696,0.644,0.208,0.544,0.601,0.713,0.531,0.145,0.415,0.456,0.655,-0.22,0.87,0.529,0.371,0.738,0.583,0.483,0.588,0.352,0.54,0.511,0.853,0.462,0.783,0.601,0.854,0.615,0.485,0.743,0.758,0.532,0.594,0.585,0.342,0.46,0.742,0.639,0.469,0.79,0.594,0.667,0.033,0.631,0.57,0.529,0.505,0.444,0.371,0.564,0.807,0.775,0.441,0.762,0.279,0.565,0.621,0.739,0.66,0.56,0.613,0.69,0.72,0.487,-0.083,0.565,0.772,0.564,0.709,0.438,0.418,-0.049,0.552,0.686,0.651,0.337,0.58,-0.271,0.74,0.229,0.299,0.81,0.479,0.552,0.664,0.423,0.58,0.755,0.29,0.266,0.034,0.745,0.54
BMRN,0.458,-0.085,0.211,-0.506,0.499,0.085,-0.104,0.757,0.67,0.725,-0.041,0.799,0.736,-0.136,0.58,0.576,0.219,0.803,0.602,0.761,0.64,0.859,0.764,0.467,0.0,0.226,-0.109,0.473,0.638,0.648,0.727,0.53,0.869,0.36,0.339,-0.088,0.381,0.278,0.441,0.395,0.92,-0.063,0.836,0.417,0.656,0.659,0.784,0.337,0.219,-0.662,-0.737,0.666,0.436,0.307,0.745,0.633,0.805,0.479,0.861,0.853,0.875,0.501,0.188,0.83,0.534,0.566,-0.274,0.4,-0.624,0.7,0.595,0.173,0.017,0.886,-0.332,0.734,0.412,0.125,0.699,0.328,0.582,-0.052,-0.018,0.752,-0.037,0.617,0.651,0.216,0.221,0.196,-0.124,-0.009,0.381,0.745,0.689,0.534,-0.016,0.702,0.82,-0.01,-0.211,0.013,0.614,0.624,0.734,0.005,0.537,0.64,-0.081,0.529,-0.009,0.697,0.73,0.373,-0.529,0.097,0.458,0.637,-0.232,0.541,0.667,-0.27,0.011,0.169,-0.005,0.254,0.26,0.767,0.446,0.654,0.785,0.544,0.86,0.601,0.454,-0.342,0.475,0.288,0.537,0.489,0.075,0.102,0.661,0.331,0.741,0.606,0.628,0.52,0.483,-0.258,0.148,0.749,0.395,0.289,0.019,0.777,0.323,0.483,0.144,-0.311,0.206,-0.185,0.632,0.308,0.283,0.867,0.266,0.578,0.817,0.051,0.867,-0.051,0.719,0.364,0.332,0.503,0.368,-0.324,-0.686,0.024,0.434,0.103,0.206,0.407,-0.29,0.46,0.173,0.021,0.584,0.732,0.401,0.671,0.671,0.845,0.166,0.518,0.582,0.471,0.374,0.781
BNGO,0.221,-0.097,0.12,-0.02,0.3,0.081,0.168,0.147,0.177,0.242,-0.022,0.202,0.32,-0.107,0.538,0.008,0.111,0.335,0.408,0.208,0.267,0.243,0.248,0.483,0.226,0.0,0.099,0.255,0.247,-0.012,-0.061,0.282,0.178,0.173,0.184,0.104,-0.03,0.311,0.462,-0.022,0.278,0.341,0.219,-0.007,0.159,0.042,0.168,0.175,0.362,0.328,-0.327,0.536,0.539,-0.284,0.259,0.109,0.209,0.273,0.274,0.37,0.16,0.326,0.108,0.231,0.158,0.079,0.606,0.024,-0.234,0.353,0.284,0.1,-0.297,0.262,-0.011,0.217,0.544,0.096,0.236,0.126,0.282,0.136,0.517,0.189,0.246,-0.052,0.191,0.032,-0.053,-0.027,-0.17,0.339,0.211,0.235,0.122,0.32,0.305,0.259,0.202,0.397,0.356,0.225,0.368,0.511,0.369,-0.077,0.188,0.32,0.498,0.269,-0.013,0.309,0.282,0.141,-0.351,0.541,0.126,0.185,0.261,0.522,0.324,0.199,0.277,0.208,0.035,0.11,0.38,0.293,0.535,0.318,0.15,0.229,0.202,0.496,0.387,0.113,0.391,0.065,0.582,-0.156,0.453,0.106,0.23,0.131,0.191,0.157,0.712,0.187,0.193,0.214,0.318,0.118,0.056,0.042,-0.205,0.288,0.214,0.264,0.371,0.085,0.121,0.323,0.178,0.034,0.273,0.365,0.047,0.249,0.357,0.417,0.322,0.012,0.332,0.092,0.374,0.368,0.075,0.159,-0.174,0.068,0.158,0.215,-0.115,0.324,-0.018,0.354,0.155,-0.469,0.6,0.142,0.261,0.29,0.27,0.314,0.38,0.199,0.186,-0.203,0.152,0.577
BUSE,0.302,0.397,0.637,0.558,0.53,0.834,0.223,0.174,0.457,0.021,0.762,0.249,-0.075,0.625,0.346,0.33,0.184,0.196,0.455,0.216,0.418,0.039,0.222,0.643,-0.109,0.099,0.0,0.666,0.334,-0.034,0.243,0.437,0.029,0.538,0.479,0.751,0.085,0.738,0.607,0.582,0.078,0.634,0.149,0.533,0.214,0.059,0.195,0.474,0.632,0.189,0.238,-0.129,0.481,0.534,0.453,0.208,0.235,0.501,0.042,0.018,0.145,0.294,0.553,0.086,0.416,0.461,0.504,0.359,-0.143,0.343,0.044,0.708,-0.233,0.167,0.743,0.359,0.607,0.522,0.157,0.353,0.479,0.696,0.525,0.117,0.747,0.017,0.268,0.588,0.076,0.555,0.486,0.65,0.449,0.135,0.254,0.429,0.773,0.256,0.011,0.652,0.795,0.675,0.161,0.157,0.168,0.205,0.179,0.435,0.654,-0.219,0.768,0.232,0.379,0.486,0.687,0.323,0.388,0.428,-0.357,0.544,0.163,0.698,0.829,0.651,0.525,0.42,0.339,0.203,0.225,0.517,0.127,0.649,0.194,0.553,0.431,0.738,0.568,0.785,0.224,0.462,0.503,0.28,0.19,0.701,0.297,0.264,0.246,0.427,0.575,0.052,0.558,0.284,0.55,0.524,0.551,-0.021,0.527,0.662,0.715,0.684,0.839,0.356,0.358,0.667,0.736,0.154,0.649,0.403,0.29,0.772,-0.007,0.054,0.216,0.709,0.288,0.433,0.403,0.758,0.502,0.78,0.59,0.653,0.506,0.498,-0.05,0.577,0.307,0.483,0.462,0.176,0.457,0.386,0.168,0.173,0.78,0.133,0.021,-0.019,0.742,-0.053
CAKE,0.742,0.431,0.778,0.266,0.915,0.784,0.337,0.77,0.877,0.657,0.708,0.771,0.533,0.6,0.696,0.795,0.471,0.712,0.656,0.806,0.812,0.695,0.584,0.71,0.473,0.255,0.666,0.0,0.84,0.557,0.767,0.884,0.54,0.756,0.817,0.652,0.561,0.796,0.738,0.805,0.681,0.198,0.714,0.774,0.794,0.649,0.781,0.822,0.763,-0.322,-0.359,0.104,0.665,0.617,0.849,0.753,0.756,0.912,0.692,0.654,0.728,0.758,0.789,0.667,0.834,0.85,0.231,0.523,-0.283,0.713,0.634,0.824,-0.413,0.684,0.183,0.84,0.691,0.709,0.761,0.798,0.767,0.613,0.57,0.742,0.725,0.333,0.763,0.804,0.014,0.742,0.55,0.638,0.807,0.737,0.817,0.851,0.604,0.806,0.589,0.637,0.416,0.42,0.732,0.703,0.75,0.449,0.738,0.852,0.291,0.052,0.742,0.786,0.848,0.833,0.228,0.328,0.829,0.877,-0.592,0.818,0.7,0.594,0.653,0.753,0.271,0.512,0.655,0.761,0.422,0.736,0.74,0.872,0.75,0.851,0.832,0.349,0.904,0.694,0.733,0.672,0.472,0.349,0.763,0.881,0.818,0.794,0.53,0.854,0.911,-0.323,0.52,0.807,0.848,0.76,0.22,0.641,0.785,0.869,0.652,0.275,0.72,0.252,0.87,0.846,0.834,0.579,0.856,0.851,0.803,0.734,0.63,0.31,0.79,0.755,0.356,0.784,0.789,0.354,0.081,0.797,0.779,0.575,0.756,0.84,0.067,0.787,0.49,0.29,0.789,0.771,0.843,0.863,0.74,0.775,0.819,0.721,0.561,0.515,0.93,0.473
CASY,0.902,0.339,0.687,0.03,0.925,0.644,0.482,0.911,0.884,0.909,0.568,0.891,0.764,0.545,0.788,0.864,0.628,0.833,0.594,0.947,0.813,0.868,0.602,0.607,0.638,0.247,0.334,0.84,0.0,0.717,0.857,0.954,0.722,0.747,0.873,0.474,0.79,0.658,0.709,0.732,0.806,-0.103,0.886,0.796,0.935,0.871,0.933,0.881,0.662,-0.456,-0.629,0.183,0.634,0.512,0.864,0.908,0.886,0.922,0.888,0.845,0.874,0.891,0.767,0.839,0.931,0.838,0.156,0.484,-0.372,0.657,0.811,0.751,-0.384,0.776,-0.222,0.938,0.57,0.683,0.954,0.873,0.682,0.44,0.481,0.926,0.616,0.269,0.893,0.8,-0.106,0.74,0.471,0.454,0.894,0.92,0.948,0.908,0.372,0.924,0.78,0.491,0.137,0.125,0.839,0.809,0.94,0.524,0.916,0.857,0.003,0.133,0.577,0.937,0.898,0.886,-0.041,0.292,0.866,0.905,-0.611,0.81,0.873,0.448,0.423,0.64,0.021,0.542,0.75,0.895,0.425,0.726,0.926,0.75,0.881,0.807,0.931,0.142,0.889,0.442,0.802,0.614,0.444,0.358,0.933,0.804,0.951,0.931,0.575,0.943,0.898,-0.561,0.319,0.929,0.794,0.759,-0.062,0.878,0.66,0.78,0.541,0.007,0.46,0.246,0.951,0.744,0.689,0.618,0.751,0.951,0.855,0.614,0.837,0.456,0.957,0.622,0.369,0.849,0.871,-0.005,-0.102,0.687,0.643,0.445,0.727,0.888,0.151,0.685,0.491,0.136,0.793,0.93,0.926,0.933,0.897,0.885,0.682,0.887,0.739,0.702,0.837,0.69
CCOI,0.744,0.344,0.493,-0.139,0.658,0.177,0.222,0.83,0.707,0.815,0.292,0.74,0.705,0.235,0.447,0.74,0.607,0.637,0.368,0.792,0.632,0.762,0.471,0.189,0.648,-0.012,-0.034,0.557,0.717,0.0,0.79,0.666,0.649,0.525,0.628,0.154,0.753,0.257,0.3,0.562,0.732,-0.423,0.718,0.555,0.845,0.865,0.824,0.65,0.386,-0.66,-0.56,0.124,0.194,0.39,0.609,0.824,0.728,0.657,0.798,0.733,0.758,0.689,0.513,0.719,0.726,0.723,-0.274,0.351,-0.112,0.466,0.705,0.416,-0.127,0.673,-0.445,0.713,0.166,0.42,0.796,0.7,0.496,0.153,0.088,0.838,0.243,0.481,0.709,0.545,-0.04,0.542,0.389,0.165,0.587,0.839,0.822,0.641,0.088,0.744,0.761,0.158,-0.329,-0.229,0.74,0.603,0.777,0.618,0.8,0.623,-0.424,0.141,0.221,0.744,0.69,0.561,-0.285,-0.06,0.737,0.7,-0.485,0.399,0.762,0.171,0.053,0.281,-0.093,0.32,0.506,0.695,0.323,0.395,0.816,0.429,0.754,0.439,0.586,-0.179,0.578,0.151,0.574,0.579,0.054,0.039,0.814,0.46,0.771,0.805,0.228,0.714,0.573,-0.43,0.063,0.779,0.556,0.626,-0.256,0.806,0.506,0.428,0.121,-0.348,0.076,-0.002,0.76,0.519,0.414,0.461,0.472,0.726,0.568,0.184,0.806,0.427,0.775,0.321,0.201,0.571,0.709,-0.268,-0.2,0.311,0.355,0.157,0.624,0.517,0.269,0.381,0.395,0.12,0.381,0.877,0.614,0.675,0.771,0.731,0.205,0.783,0.764,0.821,0.465,0.535
CEVA,0.772,0.366,0.65,-0.033,0.787,0.527,0.289,0.931,0.896,0.824,0.462,0.911,0.693,0.463,0.591,0.903,0.444,0.772,0.509,0.898,0.812,0.844,0.696,0.457,0.727,-0.061,0.243,0.767,0.857,0.79,0.0,0.788,0.734,0.575,0.746,0.414,0.767,0.585,0.56,0.808,0.852,-0.165,0.887,0.752,0.914,0.878,0.92,0.763,0.522,-0.737,-0.537,0.17,0.485,0.669,0.866,0.868,0.9,0.824,0.879,0.786,0.906,0.786,0.706,0.867,0.85,0.869,-0.242,0.507,-0.309,0.708,0.738,0.626,-0.222,0.838,-0.212,0.912,0.44,0.61,0.884,0.748,0.743,0.407,0.184,0.899,0.396,0.589,0.892,0.703,-0.068,0.716,0.475,0.22,0.78,0.895,0.896,0.806,0.299,0.912,0.853,0.276,-0.079,0.148,0.769,0.665,0.819,0.482,0.843,0.81,-0.139,0.12,0.546,0.875,0.899,0.748,-0.059,0.147,0.856,0.895,-0.614,0.656,0.826,0.207,0.321,0.613,0.01,0.566,0.477,0.845,0.251,0.645,0.897,0.754,0.907,0.681,0.729,0.018,0.736,0.469,0.589,0.765,0.247,0.413,0.865,0.714,0.919,0.83,0.36,0.861,0.82,-0.573,0.356,0.899,0.802,0.759,0.121,0.823,0.689,0.721,0.344,-0.02,0.439,0.034,0.907,0.756,0.617,0.632,0.758,0.82,0.83,0.388,0.79,0.307,0.844,0.647,0.365,0.757,0.813,-0.046,-0.206,0.531,0.666,0.386,0.75,0.699,0.056,0.518,0.424,0.336,0.571,0.921,0.748,0.88,0.828,0.84,0.502,0.808,0.648,0.81,0.739,0.541
CHY,0.903,0.428,0.676,0.068,0.952,0.682,0.547,0.883,0.878,0.88,0.629,0.841,0.731,0.611,0.807,0.837,0.674,0.792,0.579,0.92,0.809,0.827,0.539,0.599,0.53,0.282,0.437,0.884,0.954,0.666,0.788,0.0,0.63,0.851,0.901,0.526,0.755,0.7,0.736,0.708,0.744,-0.092,0.835,0.797,0.907,0.845,0.887,0.895,0.707,-0.344,-0.608,0.09,0.614,0.48,0.806,0.908,0.814,0.949,0.825,0.807,0.791,0.881,0.764,0.731,0.942,0.842,0.27,0.358,-0.28,0.599,0.801,0.842,-0.48,0.683,-0.138,0.907,0.549,0.747,0.917,0.887,0.643,0.504,0.623,0.881,0.713,0.237,0.869,0.841,-0.077,0.768,0.516,0.613,0.862,0.878,0.934,0.928,0.432,0.886,0.719,0.612,0.198,0.123,0.831,0.817,0.913,0.573,0.902,0.878,0.058,0.048,0.618,0.884,0.84,0.929,0.06,0.359,0.877,0.868,-0.607,0.796,0.83,0.559,0.473,0.638,0.039,0.46,0.815,0.889,0.418,0.687,0.886,0.776,0.822,0.819,0.939,0.211,0.927,0.466,0.802,0.548,0.454,0.292,0.915,0.814,0.9,0.954,0.522,0.935,0.939,-0.519,0.27,0.885,0.815,0.768,-0.066,0.839,0.651,0.794,0.526,0.002,0.519,0.338,0.929,0.747,0.724,0.536,0.754,0.968,0.812,0.702,0.775,0.553,0.927,0.58,0.341,0.807,0.866,0.127,0.031,0.776,0.602,0.405,0.738,0.931,0.194,0.715,0.58,0.131,0.808,0.877,0.945,0.904,0.891,0.848,0.758,0.866,0.75,0.627,0.854,0.661
