,AAPL,ACRS,ADP,AFYA,AGNC,AGYS,ALT,AMGN,AMPH,AMZN,ANIP,AOSL,APDN,APLT,APVO,ARGX,ARLP,ATEX,ATRA,AUTL,AVDL,BCRX,BHAT,BLBD,BMRN,BNGO,BUSE,CAKE,CASY,CCOI,CEVA,CHY,CLDX,CLMT,COHU,COLM,COST,CPRT,CSWC,CSX,DBX,DCOM,DKNG,DMLP,DOX,EA,EDIT,ENPH,ENSG,ERNA,ESGR,ETNB,EXTR,FANG,FARO,FATE,FGEN,FIVE,FIVN,FLGT,FOLD,FORM,FOXA,FRPT,FSLR,FTAI,GBDC,GDYN,GGAL,GNLN,GRFS,GT,HCAT,HCM,HFWA,HOLX,HQY,HUBG,IAC,ICLR,IDCC,IEP,IHRT,ILMN,ILPT,IMAB,IMOS,INMD,INTZ,JAZZ,JKHY,JRVR,KIDS,LBRDK,LGND,LMAT,LPLA,LULU,MASI,MAT,MATW,MBIN,MBIO,MCRB,MDB,MDLZ,MELI,MIRM,MLKN,MNMD,MNRO,MPWR,MRCY,MRSN,MTVA,NAAS,NDAQ,NDSN,NEGG,NOVT,NVDA,NWE,NWSA,NXST,OCX,ODFL,OMAB,OPCH,OPRA,ORGO,OTRK,OZK,PAGP,PCH,PEGA,PENG,PENN,PFBC,PGNY,PHAT,PHUN,PINC,PLUG,PLXS,PYPL,QLYS,QNCX,QQQX,QVCGA,RAPT,RBBN,RCKT,REPL,RMBS,ROAD,ROKU,ROP,RUSHA,SANM,SATS,SBCF,SBLK,SBUX,SCHL,SCSC,SDGR,SEIC,SFIX,SGRY,SKYW,SLP,SNES,STAA,STLD,STOK,SWKS,TER,TFIN,TIGO,TILE,TPIC,TTEC,TTEK,TTGT,UXIN,VERU,VLYPP,VNOM,VRNS,VRSN,WDAY,WERN,WINA,WKHS,WRLD,XP,XTKG,YY,ZION,ZM
AAPL,0.0,-0.23,-0.679,0.475,0.469,0.823,0.132,-0.695,0.051,0.765,0.675,0.885,0.28,-0.039,0.235,-0.761,-0.07,0.84,-0.658,0.237,0.244,-0.586,-0.533,-0.033,-0.605,0.182,0.26,0.274,0.647,-0.231,0.834,0.892,-0.026,-0.586,0.26,-0.773,0.831,0.78,0.688,0.251,0.301,0.654,-0.418,0.502,0.751,0.908,0.677,0.806,0.741,0.004,-0.193,-0.21,0.723,0.448,0.688,0.208,0.002,-0.189,0.849,0.836,0.235,-0.621,-0.438,0.909,0.661,0.723,0.662,0.665,0.47,0.252,-0.513,-0.631,0.14,0.854,-0.372,0.801,-0.617,0.697,0.802,0.288,0.827,0.729,0.245,-0.166,0.775,-0.096,0.746,-0.173,0.388,0.643,0.321,-0.493,0.809,0.93,-0.607,0.101,0.832,0.678,-0.592,0.377,0.875,0.755,0.193,0.374,0.108,0.256,0.858,0.852,0.653,0.665,-0.777,0.89,0.512,-0.295,-0.424,-0.141,0.275,0.629,-0.61,0.805,0.937,0.693,0.702,0.708,0.867,0.32,-0.28,-0.188,0.831,0.033,0.69,0.587,0.543,0.577,0.766,0.26,0.726,-0.56,0.526,0.632,0.555,0.26,0.706,0.77,0.865,0.703,-0.283,0.888,0.784,-0.484,0.788,0.518,0.441,0.489,0.798,0.693,0.647,0.398,0.843,0.846,0.337,0.695,0.216,-0.597,0.297,-0.618,-0.312,-0.555,0.696,-0.192,0.199,-0.083,0.189,0.538,-0.037,0.866,0.613,0.43,0.274,0.337,0.292,0.815,0.708,0.808,-0.437,0.01,0.443,0.263,0.882,0.559,-0.318,-0.449,0.516,0.586,0.832,0.673,0.868,0.42,-0.059,0.618
ACRS,-0.23,0.0,0.236,0.133,0.132,-0.143,0.448,0.479,0.477,0.162,0.015,-0.098,0.401,-0.16,0.486,0.395,-0.015,-0.243,0.316,0.132,0.361,0.225,0.15,-0.243,0.456,0.305,-0.216,-0.111,-0.032,0.281,0.02,-0.05,0.491,0.339,0.054,0.186,-0.276,-0.14,0.022,0.25,0.404,-0.402,0.524,-0.454,-0.064,-0.028,-0.29,-0.024,-0.226,0.179,0.383,0.495,-0.053,0.144,0.083,0.095,0.156,0.3,-0.017,-0.307,-0.222,0.51,0.012,-0.182,-0.122,-0.021,-0.084,0.032,-0.215,0.068,0.493,0.186,0.256,-0.377,0.084,-0.091,0.086,0.08,0.062,0.477,0.064,-0.243,0.424,0.473,-0.216,-0.087,-0.06,0.501,0.022,-0.326,0.314,0.253,-0.33,-0.124,0.574,0.011,-0.34,0.142,0.604,0.045,-0.327,-0.229,0.586,-0.025,0.447,0.049,-0.131,-0.103,-0.065,-0.422,0.285,-0.18,0.194,0.408,0.445,-0.053,0.473,-0.152,0.692,-0.297,-0.138,-0.286,-0.093,-0.231,-0.172,0.452,-0.176,0.192,-0.167,0.378,-0.245,-0.142,-0.038,-0.093,-0.024,0.619,-0.17,0.119,0.061,0.059,0.029,0.406,-0.271,-0.014,-0.12,-0.029,0.147,-0.2,-0.342,0.145,-0.022,0.187,-0.1,0.254,-0.211,-0.065,0.037,-0.116,-0.137,-0.281,-0.089,-0.261,0.198,0.223,0.265,0.406,0.22,0.116,-0.236,-0.278,0.293,-0.051,0.235,-0.082,0.611,0.027,0.25,0.098,0.49,-0.02,0.419,-0.181,-0.09,-0.206,0.04,0.343,0.012,0.262,-0.087,0.169,0.656,0.658,0.065,-0.072,-0.342,-0.163,-0.195,0.01,-0.082,0.17
ADP,-0.679,0.236,0.0,-0.54,-0.545,-0.823,0.293,0.816,0.289,-0.535,-0.438,-0.447,-0.055,0.477,-0.387,0.914,-0.317,-0.537,0.854,0.413,0.025,0.793,0.796,0.39,0.828,-0.219,-0.035,-0.503,-0.374,-0.275,-0.628,-0.671,0.488,0.684,-0.712,0.47,-0.437,-0.708,-0.148,0.131,-0.436,-0.287,0.397,-0.077,-0.776,-0.547,-0.212,-0.433,-0.448,-0.239,0.471,0.736,-0.408,-0.122,-0.652,0.453,0.56,-0.274,-0.727,-0.706,0.322,0.647,0.164,-0.758,-0.237,-0.483,-0.22,-0.199,-0.516,-0.509,0.572,0.483,0.052,-0.522,0.635,-0.884,0.826,-0.239,-0.776,0.068,-0.59,-0.53,-0.227,0.058,-0.816,0.215,-0.567,0.383,-0.703,-0.485,0.194,0.621,-0.427,-0.673,0.338,-0.396,-0.625,-0.47,0.816,-0.385,-0.822,-0.884,0.308,-0.108,-0.356,-0.577,-0.82,-0.588,-0.396,-0.286,0.589,-0.847,-0.374,0.73,0.793,0.539,-0.183,-0.517,0.616,-0.383,-0.713,-0.738,-0.391,-0.736,-0.574,0.049,0.575,0.54,-0.674,0.297,-0.553,-0.425,-0.118,-0.634,-0.891,0.11,-0.46,0.845,-0.386,-0.677,-0.21,-0.272,-0.162,-0.483,-0.882,-0.877,0.777,-0.382,-0.888,0.781,-0.7,-0.142,0.096,-0.078,-0.321,-0.539,-0.728,-0.582,-0.85,-0.621,-0.151,-0.909,-0.371,0.888,0.288,0.78,0.748,0.762,-0.532,0.536,-0.382,0.457,-0.289,-0.451,0.263,-0.78,-0.496,-0.379,-0.459,-0.423,0.185,-0.491,-0.798,-0.707,0.69,0.541,-0.803,-0.139,-0.576,-0.638,0.55,0.34,-0.088,-0.523,-0.822,-0.75,-0.591,-0.035,0.261,-0.328
AFYA,0.475,0.133,-0.54,0.0,0.742,0.712,-0.052,-0.48,-0.127,0.557,0.186,0.481,0.384,-0.671,0.698,-0.565,0.478,0.206,-0.46,-0.073,0.495,-0.776,-0.684,-0.547,-0.533,0.799,0.239,0.623,0.729,0.113,0.674,0.697,0.097,-0.08,0.621,-0.142,0.511,0.777,0.438,0.455,0.543,0.295,0.24,-0.06,0.7,0.436,0.136,0.624,0.601,0.571,0.159,-0.245,0.631,0.665,0.704,-0.312,-0.352,0.512,0.608,0.568,-0.384,-0.455,-0.078,0.542,0.445,0.756,0.401,0.208,0.577,0.005,-0.467,-0.21,0.373,0.332,-0.012,0.676,-0.729,0.28,0.547,0.492,0.71,0.505,0.383,0.053,0.715,-0.436,0.51,-0.363,0.778,0.58,0.351,-0.323,0.298,0.665,-0.097,0.65,0.454,0.764,-0.197,0.84,0.564,0.689,0.161,0.207,0.281,0.714,0.705,0.647,0.595,0.128,-0.288,0.641,0.783,-0.393,-0.488,-0.471,0.783,0.724,-0.02,0.449,0.609,0.602,0.553,0.541,0.484,0.531,-0.234,-0.697,0.358,0.268,0.677,0.632,0.282,0.704,0.756,0.345,0.605,-0.512,0.564,0.684,0.369,0.672,0.282,0.682,0.695,0.71,-0.434,0.243,0.563,-0.665,0.74,0.597,-0.271,0.179,0.412,0.399,0.812,0.698,0.628,0.603,0.595,0.445,0.704,-0.59,0.1,-0.544,-0.51,-0.821,0.666,-0.609,0.578,-0.503,-0.015,0.667,0.451,0.717,0.526,0.868,0.702,0.575,0.434,0.596,0.79,0.71,-0.753,-0.228,0.512,0.594,0.562,0.795,-0.069,-0.117,0.457,0.323,0.579,0.717,0.484,-0.045,0.221,0.374
AGNC,0.469,0.132,-0.545,0.742,0.0,0.712,-0.32,-0.411,-0.034,0.358,0.392,0.434,0.374,-0.583,0.721,-0.517,0.632,0.409,-0.492,-0.143,0.458,-0.752,-0.461,-0.349,-0.512,0.659,0.267,0.789,0.735,0.15,0.731,0.744,0.05,-0.117,0.686,-0.043,0.505,0.831,0.397,0.507,0.534,0.294,0.269,0.064,0.773,0.409,0.221,0.633,0.631,0.629,0.28,-0.301,0.705,0.6,0.861,-0.269,-0.135,0.656,0.605,0.654,-0.19,-0.544,0.026,0.653,0.452,0.694,0.567,0.322,0.675,0.114,-0.431,0.023,0.62,0.334,-0.014,0.691,-0.743,0.299,0.603,0.572,0.766,0.643,0.623,0.125,0.729,-0.462,0.368,-0.142,0.803,0.628,0.208,-0.281,0.402,0.682,0.04,0.685,0.56,0.817,-0.273,0.767,0.621,0.714,0.175,0.293,0.117,0.816,0.701,0.597,0.719,0.172,-0.177,0.658,0.786,-0.384,-0.539,-0.537,0.702,0.812,-0.086,0.424,0.61,0.689,0.654,0.718,0.595,0.587,-0.289,-0.561,0.416,0.402,0.664,0.763,0.359,0.862,0.741,0.347,0.642,-0.52,0.74,0.792,0.522,0.774,0.298,0.72,0.688,0.686,-0.445,0.272,0.674,-0.759,0.715,0.639,-0.186,0.214,0.422,0.449,0.895,0.845,0.623,0.667,0.583,0.597,0.813,-0.658,0.093,-0.65,-0.574,-0.721,0.727,-0.425,0.487,-0.396,0.077,0.837,0.422,0.704,0.531,0.816,0.791,0.785,0.439,0.599,0.867,0.751,-0.846,-0.093,0.599,0.615,0.559,0.748,-0.245,-0.044,0.418,0.302,0.627,0.648,0.524,-0.214,0.131,0.247
AGYS,0.823,-0.143,-0.823,0.712,0.712,0.0,-0.147,-0.797,-0.175,0.636,0.62,0.689,0.214,-0.38,0.509,-0.86,0.307,0.714,-0.805,-0.038,0.2,-0.845,-0.714,-0.221,-0.795,0.425,0.403,0.675,0.722,-0.115,0.91,0.916,-0.176,-0.542,0.554,-0.452,0.74,0.914,0.569,0.34,0.347,0.65,-0.244,0.355,0.835,0.684,0.5,0.765,0.8,0.225,-0.072,-0.456,0.712,0.547,0.776,-0.134,-0.226,0.196,0.767,0.888,-0.1,-0.748,-0.385,0.871,0.675,0.828,0.639,0.549,0.563,0.276,-0.664,-0.334,0.183,0.757,-0.275,0.849,-0.809,0.489,0.793,0.271,0.847,0.862,0.296,-0.247,0.939,-0.342,0.666,-0.39,0.678,0.773,0.238,-0.468,0.719,0.89,-0.361,0.421,0.876,0.776,-0.693,0.599,0.945,0.963,0.059,0.466,0.107,0.626,0.907,0.85,0.791,0.585,-0.695,0.936,0.641,-0.543,-0.647,-0.379,0.472,0.801,-0.533,0.718,0.875,0.89,0.796,0.804,0.794,0.326,-0.294,-0.495,0.691,0.106,0.85,0.743,0.455,0.806,0.903,0.161,0.835,-0.644,0.611,0.841,0.461,0.416,0.575,0.794,0.921,0.828,-0.448,0.6,0.922,-0.705,0.806,0.57,0.176,0.233,0.717,0.521,0.871,0.68,0.887,0.889,0.529,0.833,0.565,-0.777,0.132,-0.754,-0.608,-0.804,0.823,-0.319,0.334,-0.346,-0.002,0.712,0.112,0.844,0.548,0.688,0.487,0.587,0.291,0.832,0.921,0.918,-0.73,-0.239,0.576,0.363,0.822,0.684,-0.434,-0.376,0.483,0.439,0.935,0.827,0.822,0.017,0.077,0.412
ALT,0.132,0.448,0.293,-0.052,-0.32,-0.147,0.0,0.336,0.551,0.378,0.182,0.258,0.384,0.379,-0.097,0.28,-0.644,0.034,0.317,0.606,0.276,0.431,0.231,0.116,0.508,-0.036,-0.038,-0.595,-0.054,-0.188,0.018,0.015,0.522,0.149,-0.494,-0.359,0.059,-0.221,0.361,0.147,0.086,-0.008,0.1,0.005,-0.262,0.346,0.095,0.113,-0.101,-0.377,0.145,0.661,0.016,0.151,-0.111,0.53,0.374,-0.496,0.094,-0.223,0.225,0.471,-0.249,-0.049,0.082,0.013,0.11,0.337,-0.367,0.035,0.453,-0.306,-0.091,0.043,0.047,-0.124,0.342,0.391,0.064,0.327,0.073,-0.186,0.044,0.141,-0.245,0.153,0.224,0.466,-0.456,-0.299,0.531,0.261,0.026,0.048,-0.001,-0.464,-0.123,-0.036,0.418,-0.156,-0.195,-0.283,0.631,0.017,0.303,-0.491,-0.112,0.104,-0.066,0.07,-0.17,-0.104,0.012,0.591,0.649,0.456,0.118,-0.265,0.33,0.044,0.051,-0.318,-0.035,-0.277,0.055,0.284,0.024,0.476,0.127,0.223,-0.24,-0.205,0.278,-0.411,-0.147,0.551,-0.054,0.292,-0.178,-0.233,0.114,-0.029,0.156,0.063,-0.099,-0.171,0.445,0.34,-0.366,0.521,-0.03,0.103,0.46,0.498,0.141,0.05,-0.262,-0.529,-0.038,-0.146,-0.153,-0.344,-0.322,0.462,0.591,0.49,0.614,0.354,-0.241,0.062,-0.081,0.373,0.169,-0.33,0.296,0.049,0.207,-0.193,-0.034,-0.484,0.354,-0.001,-0.304,-0.21,0.486,0.59,-0.294,0.104,0.159,-0.118,0.625,0.276,0.375,0.171,-0.239,-0.277,0.077,0.539,-0.018,0.407
AMGN,-0.695,0.479,0.816,-0.48,-0.411,-0.797,0.336,0.0,0.457,-0.432,-0.332,-0.567,0.077,0.276,-0.195,0.925,-0.319,-0.565,0.754,0.268,0.145,0.803,0.733,0.159,0.929,-0.148,-0.323,-0.542,-0.521,0.154,-0.639,-0.642,0.462,0.556,-0.508,0.436,-0.62,-0.73,-0.374,0.044,-0.078,-0.609,0.557,-0.389,-0.72,-0.47,-0.425,-0.548,-0.601,-0.192,0.337,0.659,-0.473,-0.31,-0.491,0.237,0.406,-0.05,-0.568,-0.798,0.133,0.809,0.228,-0.714,-0.478,-0.563,-0.363,-0.207,-0.584,-0.072,0.862,0.443,0.101,-0.698,0.368,-0.713,0.704,-0.247,-0.57,0.19,-0.556,-0.681,-0.007,0.353,-0.791,0.278,-0.577,0.64,-0.578,-0.687,0.11,0.559,-0.613,-0.697,0.621,-0.422,-0.699,-0.458,0.86,-0.425,-0.848,-0.831,0.325,-0.339,0.081,-0.396,-0.745,-0.651,-0.526,-0.57,0.645,-0.763,-0.326,0.72,0.767,0.395,-0.067,-0.61,0.726,-0.603,-0.691,-0.768,-0.542,-0.67,-0.626,0.123,0.25,0.514,-0.515,0.296,-0.699,-0.581,-0.269,-0.622,-0.698,0.261,-0.583,0.627,-0.488,-0.59,-0.258,-0.099,-0.442,-0.506,-0.746,-0.648,0.549,-0.414,-0.848,0.689,-0.659,-0.228,-0.046,0.043,-0.571,-0.452,-0.588,-0.583,-0.744,-0.758,-0.453,-0.743,-0.255,0.785,0.191,0.79,0.686,0.746,-0.682,0.24,-0.136,0.352,0.084,-0.547,0.303,-0.605,-0.162,-0.467,-0.132,-0.387,0.028,-0.638,-0.718,-0.741,0.619,0.433,-0.553,-0.096,-0.59,-0.515,0.672,0.609,-0.17,-0.349,-0.876,-0.696,-0.684,0.02,-0.093,-0.211
AMPH,0.051,0.477,0.289,-0.127,-0.034,-0.175,0.551,0.457,0.0,0.086,0.425,0.187,0.41,0.43,-0.084,0.368,-0.388,0.104,0.307,0.534,0.408,0.458,0.428,0.301,0.557,-0.102,-0.016,-0.444,0.009,0.058,0.003,0.054,0.533,0.258,-0.385,-0.126,0.03,-0.181,0.265,0.24,0.266,-0.111,0.223,0.032,-0.194,0.306,0.089,0.115,-0.155,-0.239,0.311,0.614,0.201,0.166,0.031,0.483,0.479,-0.219,0.139,-0.189,0.29,0.552,-0.092,0.027,-0.077,-0.081,0.215,0.387,-0.254,0.286,0.598,-0.072,0.339,-0.025,0.063,-0.033,0.364,0.371,0.122,0.459,0.175,-0.125,0.367,0.446,-0.2,0.269,0.143,0.716,-0.362,-0.287,0.372,0.233,0.07,0.015,0.18,-0.392,-0.061,-0.008,0.456,-0.097,-0.185,-0.258,0.592,-0.054,0.274,-0.318,-0.119,-0.052,-0.009,-0.077,0.173,-0.102,0.044,0.642,0.583,0.411,0.094,-0.166,0.343,-0.057,0.022,-0.239,-0.021,-0.078,0.105,0.385,0.009,0.523,0.179,0.399,-0.353,-0.069,0.397,-0.247,-0.127,0.591,-0.074,0.294,-0.045,-0.192,0.255,0.14,0.074,0.123,-0.097,-0.11,0.351,0.34,-0.275,0.393,0.019,0.054,0.426,0.492,0.03,0.216,-0.168,-0.393,-0.051,-0.124,-0.238,-0.145,-0.175,0.447,0.644,0.459,0.574,0.454,-0.21,0.164,-0.113,0.452,0.45,-0.181,0.353,0.011,0.327,-0.172,0.13,-0.199,0.397,-0.045,-0.2,-0.224,0.409,0.645,-0.171,0.316,0.147,-0.142,0.521,0.423,0.388,0.128,-0.253,-0.312,0.064,0.582,-0.04,0.32
AMZN,0.765,0.162,-0.535,0.557,0.358,0.636,0.378,-0.432,0.086,0.0,0.455,0.665,0.393,-0.217,0.489,-0.511,-0.063,0.484,-0.475,0.264,0.393,-0.446,-0.527,-0.256,-0.326,0.308,-0.032,0.142,0.449,-0.052,0.665,0.727,0.111,-0.469,0.268,-0.58,0.607,0.58,0.521,0.183,0.48,0.332,-0.155,0.196,0.552,0.813,0.457,0.67,0.518,0.142,-0.201,-0.01,0.523,0.357,0.517,0.146,-0.084,-0.093,0.739,0.576,0.07,-0.31,-0.521,0.635,0.459,0.625,0.349,0.489,0.204,0.306,-0.255,-0.459,0.097,0.601,-0.361,0.638,-0.521,0.6,0.76,0.356,0.652,0.414,0.122,0.059,0.557,-0.145,0.637,-0.029,0.32,0.421,0.357,-0.456,0.504,0.708,-0.303,0.031,0.499,0.661,-0.224,0.282,0.555,0.542,0.291,0.162,0.467,0.188,0.742,0.636,0.379,0.331,-0.617,0.724,0.446,-0.184,-0.242,-0.077,0.392,0.358,-0.278,0.585,0.776,0.383,0.439,0.394,0.614,0.409,-0.393,-0.138,0.637,0.053,0.513,0.279,0.274,0.393,0.665,0.416,0.506,-0.498,0.321,0.55,0.318,0.226,0.422,0.546,0.73,0.657,-0.246,0.655,0.505,-0.317,0.681,0.547,0.216,0.474,0.514,0.537,0.536,0.2,0.642,0.562,0.134,0.49,0.27,-0.458,0.222,-0.324,-0.192,-0.465,0.46,-0.4,0.31,-0.218,0.265,0.278,0.13,0.788,0.719,0.391,0.398,0.154,0.315,0.619,0.522,0.599,-0.333,0.014,0.365,0.257,0.717,0.599,0.123,-0.228,0.382,0.536,0.551,0.656,0.61,0.437,-0.25,0.748
ANIP,0.675,0.015,-0.438,0.186,0.392,0.62,0.182,-0.332,0.425,0.455,0.0,0.567,0.278,0.216,0.167,-0.445,-0.134,0.755,-0.495,0.353,0.15,-0.232,-0.122,0.317,-0.262,-0.03,0.375,0.169,0.378,-0.225,0.683,0.669,0.007,-0.463,0.023,-0.402,0.552,0.472,0.544,0.31,0.148,0.544,-0.24,0.558,0.37,0.668,0.565,0.549,0.493,-0.262,0.118,0.002,0.542,0.373,0.497,0.36,0.268,-0.195,0.521,0.599,0.305,-0.313,-0.496,0.666,0.464,0.466,0.678,0.781,0.08,0.526,-0.112,-0.185,0.186,0.661,-0.177,0.513,-0.23,0.598,0.623,0.299,0.646,0.646,0.307,-0.143,0.527,0.071,0.564,0.16,0.09,0.375,0.248,-0.185,0.71,0.614,-0.181,-0.173,0.71,0.435,-0.413,0.159,0.653,0.542,0.26,0.488,0.083,0.1,0.537,0.581,0.596,0.598,-0.588,0.617,0.281,-0.016,-0.102,0.152,0.124,0.407,-0.406,0.505,0.621,0.542,0.619,0.557,0.651,0.289,-0.061,0.146,0.655,0.233,0.394,0.455,0.583,0.332,0.477,0.306,0.587,-0.184,0.33,0.461,0.428,0.167,0.561,0.564,0.567,0.416,-0.035,0.743,0.572,-0.159,0.446,0.396,0.64,0.38,0.62,0.388,0.421,0.134,0.638,0.59,0.121,0.594,0.17,-0.228,0.517,-0.262,-0.007,-0.136,0.431,0.172,-0.066,0.204,0.195,0.352,0.105,0.542,0.483,0.229,0.272,0.2,0.324,0.587,0.471,0.493,-0.125,0.25,0.222,0.281,0.656,0.15,-0.203,-0.097,0.609,0.318,0.604,0.327,0.689,0.323,-0.004,0.33
AOSL,0.885,-0.098,-0.447,0.481,0.434,0.689,0.258,-0.567,0.187,0.665,0.567,0.0,0.35,0.065,0.23,-0.593,-0.068,0.743,-0.413,0.35,0.304,-0.483,-0.418,0.011,-0.449,0.251,0.331,0.199,0.733,-0.305,0.771,0.82,0.209,-0.276,0.178,-0.706,0.842,0.733,0.813,0.363,0.238,0.657,-0.286,0.502,0.675,0.851,0.637,0.85,0.701,0.058,0.024,0.012,0.782,0.61,0.652,0.341,0.183,-0.214,0.755,0.741,0.337,-0.462,-0.36,0.815,0.74,0.716,0.69,0.653,0.487,0.001,-0.457,-0.581,0.322,0.762,-0.174,0.692,-0.492,0.719,0.69,0.407,0.795,0.66,0.298,-0.12,0.661,-0.147,0.728,-0.071,0.31,0.604,0.491,-0.31,0.77,0.889,-0.562,0.142,0.706,0.678,-0.359,0.411,0.728,0.6,0.373,0.371,0.025,0.164,0.731,0.814,0.667,0.596,-0.626,0.757,0.568,-0.091,-0.216,-0.049,0.366,0.629,-0.404,0.799,0.846,0.587,0.723,0.608,0.834,0.432,-0.19,-0.126,0.653,0.223,0.616,0.595,0.622,0.531,0.616,0.409,0.687,-0.376,0.591,0.523,0.641,0.351,0.713,0.791,0.724,0.555,-0.067,0.833,0.608,-0.372,0.744,0.595,0.462,0.563,0.823,0.7,0.557,0.373,0.74,0.785,0.446,0.463,0.17,-0.429,0.45,-0.473,-0.158,-0.469,0.67,-0.138,0.205,-0.017,0.145,0.556,0.142,0.758,0.486,0.489,0.246,0.303,0.508,0.788,0.618,0.719,-0.361,0.19,0.337,0.374,0.828,0.535,-0.196,-0.32,0.566,0.47,0.69,0.521,0.837,0.405,0.115,0.567
APDN,0.28,0.401,-0.055,0.384,0.374,0.214,0.384,0.077,0.41,0.393,0.278,0.35,0.0,-0.159,0.346,-0.034,0.002,0.207,-0.062,0.377,0.634,-0.18,0.058,-0.251,0.114,0.494,0.063,0.083,0.41,0.022,0.325,0.374,0.497,0.129,0.027,-0.151,0.271,0.318,0.479,0.49,0.401,0.101,0.491,-0.003,0.258,0.438,0.135,0.414,0.254,0.189,0.241,0.283,0.478,0.405,0.387,0.06,0.169,0.172,0.343,0.14,-0.045,-0.015,-0.033,0.256,0.178,0.419,0.411,0.309,0.102,0.073,0.115,-0.134,0.41,0.059,0.075,0.302,-0.203,0.618,0.285,0.657,0.501,0.13,0.622,0.264,0.15,-0.192,0.193,0.254,0.171,0.134,0.368,-0.036,0.173,0.405,0.128,0.127,0.097,0.434,0.224,0.357,0.178,0.135,0.547,0.038,0.306,0.193,0.252,0.359,0.364,-0.042,-0.125,0.26,0.51,0.229,0.224,-0.073,0.563,0.197,0.321,0.163,0.287,0.162,0.279,0.201,0.347,0.71,-0.197,-0.018,0.273,0.472,0.174,0.283,0.408,0.227,0.284,0.636,0.296,-0.102,0.328,0.115,0.431,0.644,0.183,0.4,0.276,0.216,-0.081,0.309,0.093,-0.165,0.343,0.345,0.033,0.315,0.242,0.224,0.334,0.133,0.257,0.23,0.233,0.074,0.197,-0.012,0.457,-0.032,0.086,-0.126,0.283,-0.294,0.196,0.268,0.134,0.218,0.559,0.41,0.376,0.316,0.564,0.239,0.504,0.295,0.254,0.251,-0.169,0.431,0.201,0.42,0.352,0.341,0.234,0.31,0.388,0.062,0.099,0.07,0.222,0.226,0.087,0.249
APLT,-0.039,-0.16,0.477,-0.671,-0.583,-0.38,0.379,0.276,0.43,-0.217,0.216,0.065,-0.159,0.0,-0.67,0.363,-0.619,0.149,0.378,0.516,-0.284,0.673,0.602,0.811,0.456,-0.69,0.254,-0.613,-0.348,-0.47,-0.286,-0.294,0.137,0.099,-0.77,-0.126,-0.039,-0.46,0.126,-0.078,-0.516,0.194,-0.299,0.478,-0.517,0.026,0.301,-0.146,-0.195,-0.682,0.114,0.468,-0.129,-0.158,-0.412,0.698,0.637,-0.794,-0.309,-0.263,0.722,0.329,-0.174,-0.22,0.002,-0.349,0.122,0.29,-0.484,-0.017,0.347,-0.003,-0.117,0.123,0.216,-0.432,0.729,0.188,-0.235,-0.145,-0.306,-0.131,-0.332,-0.148,-0.444,0.518,-0.061,0.437,-0.825,-0.269,0.128,0.422,0.186,-0.238,-0.223,-0.686,-0.036,-0.458,0.154,-0.543,-0.211,-0.435,0.144,0.081,-0.296,-0.801,-0.434,-0.193,-0.134,0.287,-0.058,-0.333,-0.445,0.627,0.552,0.724,-0.532,-0.36,-0.064,0.044,-0.237,-0.336,-0.127,-0.276,-0.125,-0.23,0.447,0.812,-0.078,0.066,-0.381,-0.213,0.247,-0.569,-0.561,-0.014,-0.168,0.62,-0.327,-0.535,-0.005,-0.543,0.229,-0.162,-0.416,-0.548,0.672,0.295,-0.36,0.697,-0.411,-0.234,0.742,0.193,0.113,-0.15,-0.643,-0.643,-0.27,-0.212,-0.243,-0.326,-0.602,0.649,0.498,0.487,0.71,0.739,-0.316,0.774,-0.622,0.658,-0.011,-0.428,-0.198,-0.421,-0.294,-0.556,-0.637,-0.496,0.009,-0.134,-0.548,-0.428,0.784,0.548,-0.586,-0.252,-0.104,-0.685,0.132,-0.02,0.196,-0.171,-0.259,-0.578,-0.059,0.425,0.169,-0.082
APVO,0.235,0.486,-0.387,0.698,0.721,0.509,-0.097,-0.195,-0.084,0.489,0.167,0.23,0.346,-0.67,0.0,-0.286,0.542,0.161,-0.338,-0.193,0.485,-0.586,-0.469,-0.568,-0.306,0.696,-0.038,0.618,0.501,0.266,0.544,0.529,0.152,-0.118,0.688,0.036,0.251,0.584,0.196,0.343,0.597,0.026,0.369,-0.246,0.579,0.251,0.031,0.439,0.396,0.648,0.159,-0.147,0.399,0.372,0.633,-0.305,-0.215,0.641,0.445,0.399,-0.324,-0.265,-0.113,0.383,0.286,0.563,0.206,0.13,0.365,0.15,-0.226,0.134,0.441,0.107,-0.084,0.493,-0.658,0.16,0.503,0.492,0.543,0.358,0.466,0.207,0.508,-0.397,0.145,-0.053,0.686,0.375,0.165,-0.279,0.115,0.432,0.292,0.567,0.242,0.704,0.022,0.524,0.322,0.497,0.274,0.142,0.329,0.71,0.554,0.39,0.426,-0.1,-0.086,0.479,0.612,-0.296,-0.336,-0.501,0.666,0.491,0.129,0.219,0.413,0.411,0.38,0.391,0.346,0.548,-0.441,-0.41,0.218,0.336,0.483,0.401,0.039,0.659,0.6,0.414,0.394,-0.46,0.531,0.705,0.285,0.668,0.031,0.434,0.526,0.596,-0.4,-0.007,0.422,-0.584,0.534,0.593,-0.333,0.164,0.17,0.245,0.735,0.619,0.424,0.385,0.344,0.399,0.683,-0.543,-0.045,-0.394,-0.509,-0.622,0.446,-0.569,0.535,-0.466,0.1,0.5,0.483,0.577,0.489,0.687,0.776,0.567,0.377,0.392,0.644,0.546,-0.714,-0.145,0.505,0.354,0.368,0.74,0.055,0.151,0.172,0.201,0.366,0.584,0.284,-0.283,-0.115,0.292
ARGX,-0.761,0.395,0.914,-0.565,-0.517,-0.86,0.28,0.925,0.368,-0.511,-0.445,-0.593,-0.034,0.363,-0.286,0.0,-0.312,-0.601,0.849,0.291,0.063,0.837,0.802,0.251,0.921,-0.232,-0.225,-0.542,-0.527,-0.024,-0.701,-0.723,0.459,0.6,-0.612,0.502,-0.61,-0.787,-0.336,0.04,-0.237,-0.516,0.479,-0.316,-0.785,-0.573,-0.352,-0.555,-0.598,-0.196,0.363,0.675,-0.509,-0.292,-0.633,0.31,0.456,-0.144,-0.693,-0.815,0.196,0.792,0.187,-0.806,-0.444,-0.59,-0.383,-0.254,-0.607,-0.271,0.759,0.501,0.024,-0.672,0.482,-0.86,0.8,-0.298,-0.699,0.087,-0.632,-0.667,-0.138,0.259,-0.87,0.238,-0.63,0.546,-0.672,-0.64,0.096,0.607,-0.575,-0.765,0.52,-0.418,-0.717,-0.508,0.86,-0.464,-0.905,-0.904,0.305,-0.274,-0.099,-0.503,-0.828,-0.693,-0.538,-0.496,0.679,-0.859,-0.414,0.724,0.801,0.461,-0.162,-0.637,0.708,-0.557,-0.762,-0.819,-0.552,-0.773,-0.657,0.054,0.379,0.583,-0.637,0.247,-0.689,-0.562,-0.276,-0.652,-0.839,0.169,-0.602,0.758,-0.464,-0.676,-0.304,-0.226,-0.378,-0.567,-0.872,-0.793,0.64,-0.488,-0.916,0.768,-0.729,-0.248,-0.021,-0.035,-0.525,-0.545,-0.711,-0.625,-0.885,-0.759,-0.353,-0.831,-0.308,0.85,0.178,0.831,0.714,0.798,-0.671,0.372,-0.284,0.391,-0.085,-0.571,0.267,-0.748,-0.345,-0.481,-0.323,-0.443,0.061,-0.631,-0.823,-0.792,0.677,0.467,-0.686,-0.142,-0.652,-0.594,0.661,0.504,-0.209,-0.473,-0.92,-0.751,-0.715,-0.03,0.038,-0.277
ARLP,-0.07,-0.015,-0.317,0.478,0.632,0.307,-0.644,-0.319,-0.388,-0.063,-0.134,-0.068,0.002,-0.619,0.542,-0.312,0.0,-0.096,-0.314,-0.562,0.093,-0.593,-0.372,-0.349,-0.472,0.462,0.126,0.755,0.34,0.297,0.239,0.193,-0.26,0.113,0.695,0.391,0.088,0.454,-0.094,0.145,0.235,0.006,0.279,-0.094,0.442,-0.166,-0.171,0.154,0.194,0.777,0.137,-0.48,0.249,0.299,0.364,-0.579,-0.392,0.79,0.105,0.318,-0.392,-0.403,0.284,0.172,0.055,0.238,0.03,-0.262,0.477,-0.105,-0.478,0.359,0.431,-0.076,0.072,0.31,-0.505,-0.256,0.17,0.055,0.209,0.268,0.233,0.088,0.369,-0.425,-0.027,-0.351,0.681,0.353,-0.272,-0.199,-0.022,0.146,0.147,0.798,0.118,0.387,-0.186,0.5,0.245,0.416,-0.29,0.054,-0.019,0.702,0.294,0.09,0.263,-0.197,0.231,0.247,0.296,-0.544,-0.586,-0.565,0.325,0.467,-0.04,0.01,0.117,0.379,0.212,0.387,0.078,0.113,-0.208,-0.624,-0.113,0.079,0.345,0.438,-0.066,0.613,0.355,-0.114,0.208,-0.32,0.508,0.45,0.09,0.437,-0.154,0.16,0.265,0.366,-0.487,-0.302,0.401,-0.668,0.291,0.205,-0.589,-0.277,-0.052,0.137,0.525,0.745,0.197,0.257,0.424,0.375,0.646,-0.535,-0.405,-0.521,-0.647,-0.555,0.384,-0.352,0.325,-0.469,-0.109,0.572,0.1,0.181,0.031,0.576,0.451,0.613,0.053,0.147,0.518,0.354,-0.697,-0.37,0.503,0.334,0.023,0.503,-0.304,-0.045,-0.095,-0.096,0.314,0.426,0.059,-0.498,0.166,-0.205
ATEX,0.84,-0.243,-0.537,0.206,0.409,0.714,0.034,-0.565,0.104,0.484,0.755,0.743,0.207,0.149,0.161,-0.601,-0.096,0.0,-0.598,0.227,0.136,-0.43,-0.245,0.172,-0.481,0.047,0.403,0.287,0.534,-0.342,0.75,0.758,-0.051,-0.576,0.119,-0.655,0.712,0.638,0.604,0.267,0.067,0.722,-0.364,0.593,0.591,0.728,0.678,0.669,0.69,-0.155,-0.052,-0.175,0.609,0.354,0.6,0.289,0.262,-0.247,0.638,0.75,0.379,-0.594,-0.419,0.818,0.681,0.611,0.712,0.721,0.357,0.272,-0.439,-0.398,0.173,0.772,-0.229,0.61,-0.456,0.637,0.657,0.217,0.724,0.775,0.315,-0.327,0.632,-0.008,0.487,0.002,0.205,0.568,0.23,-0.299,0.818,0.792,-0.464,0.035,0.843,0.533,-0.606,0.173,0.8,0.668,0.228,0.475,-0.142,0.21,0.667,0.758,0.689,0.713,-0.729,0.747,0.382,-0.205,-0.283,-0.041,0.099,0.552,-0.608,0.715,0.764,0.664,0.738,0.69,0.821,0.265,-0.193,0.048,0.754,0.139,0.616,0.584,0.626,0.52,0.569,0.203,0.726,-0.338,0.491,0.553,0.558,0.222,0.722,0.661,0.679,0.485,-0.131,0.791,0.722,-0.344,0.541,0.439,0.627,0.409,0.78,0.541,0.528,0.335,0.706,0.766,0.338,0.667,0.111,-0.47,0.341,-0.58,-0.241,-0.326,0.627,0.073,0.007,0.137,0.078,0.483,-0.072,0.656,0.388,0.303,0.16,0.365,0.258,0.725,0.592,0.716,-0.315,0.121,0.307,0.111,0.763,0.321,-0.444,-0.327,0.479,0.38,0.749,0.433,0.798,0.217,0.004,0.342
ATRA,-0.658,0.316,0.854,-0.46,-0.492,-0.805,0.317,0.754,0.307,-0.475,-0.495,-0.413,-0.062,0.378,-0.338,0.849,-0.314,-0.598,0.0,0.29,0.042,0.761,0.655,0.247,0.799,-0.216,-0.103,-0.553,-0.423,-0.132,-0.623,-0.661,0.436,0.673,-0.544,0.433,-0.524,-0.702,-0.231,0.033,-0.336,-0.416,0.347,-0.206,-0.672,-0.54,-0.255,-0.465,-0.507,-0.176,0.389,0.623,-0.457,-0.176,-0.553,0.402,0.432,-0.203,-0.642,-0.741,0.228,0.748,0.233,-0.746,-0.336,-0.511,-0.35,-0.278,-0.434,-0.466,0.565,0.347,0.002,-0.58,0.475,-0.786,0.761,-0.251,-0.659,0.066,-0.578,-0.607,-0.204,0.214,-0.8,0.126,-0.411,0.378,-0.619,-0.533,0.254,0.645,-0.487,-0.669,0.412,-0.314,-0.668,-0.468,0.788,-0.358,-0.823,-0.838,0.3,-0.169,-0.152,-0.562,-0.772,-0.582,-0.477,-0.371,0.589,-0.804,-0.309,0.696,0.737,0.407,-0.12,-0.502,0.647,-0.419,-0.688,-0.791,-0.478,-0.744,-0.614,-0.023,0.428,0.473,-0.605,0.202,-0.605,-0.483,-0.174,-0.629,-0.795,0.189,-0.547,0.72,-0.369,-0.655,-0.226,-0.221,-0.247,-0.472,-0.814,-0.787,0.663,-0.411,-0.871,0.716,-0.589,-0.18,-0.002,0.046,-0.411,-0.477,-0.699,-0.543,-0.754,-0.664,-0.2,-0.876,-0.338,0.794,0.197,0.798,0.695,0.68,-0.591,0.368,-0.224,0.322,-0.14,-0.447,0.219,-0.679,-0.413,-0.367,-0.359,-0.514,0.108,-0.545,-0.75,-0.721,0.641,0.428,-0.666,-0.066,-0.625,-0.553,0.566,0.438,-0.16,-0.344,-0.811,-0.716,-0.639,-0.01,0.181,-0.275
AUTL,0.237,0.132,0.413,-0.073,-0.143,-0.038,0.606,0.268,0.534,0.264,0.353,0.35,0.377,0.516,-0.193,0.291,-0.562,0.227,0.29,0.0,0.395,0.323,0.415,0.434,0.42,-0.005,0.267,-0.33,0.227,-0.657,0.153,0.209,0.65,0.143,-0.687,-0.2,0.381,-0.019,0.642,0.529,-0.164,0.39,0.14,0.469,-0.237,0.403,0.58,0.398,0.316,-0.392,0.37,0.671,0.319,0.319,-0.103,0.798,0.701,-0.595,0.037,0.03,0.612,0.178,-0.487,0.027,0.417,0.282,0.504,0.616,-0.292,-0.145,0.261,-0.04,0.154,0.356,0.36,-0.175,0.376,0.537,-0.05,0.482,0.218,0.165,-0.001,-0.109,-0.146,0.03,0.185,0.292,-0.501,0.167,0.647,0.214,0.43,0.193,-0.116,-0.494,0.176,0.192,0.357,-0.075,-0.044,-0.228,0.65,0.267,-0.147,-0.456,-0.045,0.214,0.262,0.408,-0.245,-0.003,0.15,0.665,0.603,0.621,0.15,-0.031,0.202,0.438,0.171,-0.139,0.316,-0.172,0.249,0.495,0.407,0.507,0.104,0.476,0.112,0.064,0.445,-0.188,-0.225,0.454,0.316,0.436,-0.033,-0.22,0.311,-0.06,0.602,0.279,-0.08,-0.289,0.651,0.531,-0.233,0.506,0.023,0.434,0.659,0.319,0.489,-0.071,-0.188,-0.405,-0.056,0.173,0.138,-0.299,-0.183,0.516,0.822,0.425,0.66,0.383,0.152,0.447,-0.392,0.598,-0.192,-0.071,0.426,0.001,0.163,-0.033,-0.214,-0.181,0.606,0.368,-0.193,0.017,0.429,0.761,-0.574,0.159,0.324,-0.261,0.434,0.012,0.583,-0.062,-0.093,-0.183,0.232,0.456,0.217,0.288
AVDL,0.244,0.361,0.025,0.495,0.458,0.2,0.276,0.145,0.408,0.393,0.15,0.304,0.634,-0.284,0.485,0.063,0.093,0.136,0.042,0.395,0.0,-0.207,-0.021,-0.294,0.139,0.595,-0.012,0.158,0.539,-0.006,0.341,0.458,0.607,0.13,0.061,-0.16,0.362,0.354,0.456,0.536,0.542,0.082,0.593,-0.054,0.254,0.435,0.249,0.495,0.372,0.41,0.249,0.294,0.521,0.418,0.408,0.109,0.189,0.216,0.449,0.168,0.054,0.045,-0.067,0.267,0.238,0.473,0.386,0.351,0.234,0.029,0.118,-0.068,0.585,0.112,0.118,0.277,-0.254,0.41,0.265,0.7,0.535,0.175,0.473,0.349,0.201,-0.23,0.102,0.182,0.212,0.252,0.483,-0.148,0.208,0.395,0.128,0.24,0.179,0.575,0.349,0.408,0.084,0.124,0.628,-0.046,0.242,0.276,0.359,0.284,0.323,-0.051,-0.0,0.273,0.574,0.198,0.16,-0.072,0.597,0.283,0.31,0.276,0.366,0.117,0.279,0.175,0.397,0.755,-0.233,-0.09,0.321,0.526,0.272,0.309,0.4,0.334,0.296,0.627,0.377,-0.124,0.309,0.232,0.421,0.59,0.296,0.433,0.281,0.279,-0.04,0.265,0.074,-0.151,0.454,0.563,-0.038,0.388,0.243,0.295,0.383,0.206,0.159,0.298,0.294,0.034,0.297,-0.056,0.394,-0.033,0.04,-0.193,0.334,-0.32,0.191,0.115,0.119,0.264,0.589,0.408,0.528,0.442,0.473,0.34,0.572,0.39,0.298,0.345,-0.254,0.389,0.045,0.435,0.399,0.447,0.339,0.154,0.421,0.283,0.058,0.261,0.221,0.211,-0.031,0.469
BCRX,-0.586,0.225,0.793,-0.776,-0.752,-0.845,0.431,0.803,0.458,-0.446,-0.232,-0.483,-0.18,0.673,-0.586,0.837,-0.593,-0.43,0.761,0.323,-0.207,0.0,0.786,0.501,0.888,-0.586,-0.218,-0.817,-0.716,-0.059,-0.705,-0.747,0.228,0.387,-0.759,0.241,-0.607,-0.901,-0.368,-0.222,-0.395,-0.452,0.088,-0.109,-0.858,-0.428,-0.285,-0.633,-0.701,-0.562,0.166,0.636,-0.618,-0.435,-0.71,0.48,0.475,-0.484,-0.64,-0.806,0.335,0.814,0.113,-0.708,-0.494,-0.746,-0.405,-0.146,-0.704,-0.052,0.781,0.243,-0.225,-0.517,0.254,-0.803,0.928,-0.219,-0.586,-0.16,-0.705,-0.677,-0.314,0.158,-0.871,0.502,-0.408,0.602,-0.875,-0.779,0.04,0.575,-0.479,-0.743,0.322,-0.712,-0.632,-0.733,0.626,-0.706,-0.798,-0.878,0.167,-0.231,-0.044,-0.794,-0.837,-0.67,-0.641,-0.311,0.452,-0.805,-0.639,0.742,0.814,0.651,-0.468,-0.781,0.442,-0.552,-0.703,-0.834,-0.609,-0.732,-0.629,-0.266,0.388,0.768,-0.453,-0.002,-0.826,-0.698,-0.178,-0.884,-0.845,0.054,-0.669,0.749,-0.645,-0.772,-0.366,-0.518,-0.328,-0.64,-0.824,-0.803,0.677,-0.246,-0.862,0.895,-0.777,-0.474,0.283,0.06,-0.485,-0.426,-0.885,-0.865,-0.732,-0.787,-0.585,-0.741,-0.592,0.884,0.207,0.87,0.846,0.945,-0.823,0.536,-0.411,0.508,0.085,-0.731,-0.082,-0.742,-0.377,-0.745,-0.53,-0.726,-0.16,-0.692,-0.914,-0.881,0.916,0.453,-0.674,-0.302,-0.601,-0.795,0.535,0.424,-0.189,-0.293,-0.819,-0.836,-0.621,0.239,-0.052,-0.223
BHAT,-0.533,0.15,0.796,-0.684,-0.461,-0.714,0.231,0.733,0.428,-0.527,-0.122,-0.418,0.058,0.602,-0.469,0.802,-0.372,-0.245,0.655,0.415,-0.021,0.786,0.0,0.509,0.797,-0.396,0.016,-0.509,-0.456,-0.245,-0.563,-0.581,0.347,0.423,-0.756,0.349,-0.413,-0.664,-0.148,0.103,-0.416,-0.205,0.343,0.064,-0.741,-0.394,-0.086,-0.416,-0.385,-0.419,0.382,0.598,-0.327,-0.244,-0.534,0.458,0.669,-0.345,-0.633,-0.623,0.426,0.538,0.125,-0.611,-0.294,-0.485,-0.069,0.0,-0.591,-0.171,0.633,0.437,0.071,-0.423,0.48,-0.746,0.817,-0.098,-0.611,0.052,-0.482,-0.419,-0.059,0.023,-0.782,0.336,-0.511,0.571,-0.771,-0.494,0.034,0.626,-0.252,-0.586,0.304,-0.543,-0.433,-0.505,0.594,-0.514,-0.644,-0.76,0.232,-0.103,-0.294,-0.606,-0.75,-0.499,-0.287,-0.193,0.413,-0.706,-0.402,0.722,0.746,0.61,-0.307,-0.537,0.481,-0.368,-0.633,-0.634,-0.33,-0.537,-0.435,0.017,0.494,0.705,-0.42,0.302,-0.548,-0.365,0.023,-0.616,-0.803,0.135,-0.362,0.781,-0.382,-0.675,-0.157,-0.245,-0.099,-0.445,-0.758,-0.799,0.63,-0.208,-0.711,0.731,-0.669,-0.254,0.273,-0.028,-0.275,-0.451,-0.693,-0.635,-0.688,-0.544,-0.259,-0.632,-0.409,0.824,0.368,0.664,0.751,0.87,-0.486,0.604,-0.486,0.645,-0.146,-0.497,0.132,-0.673,-0.408,-0.516,-0.391,-0.355,0.033,-0.436,-0.73,-0.644,0.711,0.634,-0.673,-0.156,-0.477,-0.731,0.362,0.371,-0.019,-0.474,-0.683,-0.796,-0.506,0.04,0.159,-0.364
BLBD,-0.033,-0.243,0.39,-0.547,-0.349,-0.221,0.116,0.159,0.301,-0.256,0.317,0.011,-0.251,0.811,-0.568,0.251,-0.349,0.172,0.247,0.434,-0.294,0.501,0.509,0.0,0.292,-0.614,0.425,-0.289,-0.195,-0.56,-0.124,-0.179,-0.039,0.112,-0.639,0.091,0.076,-0.296,0.143,0.068,-0.585,0.349,-0.271,0.651,-0.427,-0.043,0.37,-0.058,-0.028,-0.563,0.274,0.318,-0.007,0.018,-0.367,0.648,0.579,-0.596,-0.321,-0.073,0.715,0.152,-0.213,-0.135,0.149,-0.224,0.269,0.326,-0.343,-0.049,0.165,0.248,-0.024,0.237,0.384,-0.391,0.635,0.084,-0.188,-0.156,-0.211,0.104,-0.351,-0.273,-0.26,0.418,0.004,0.264,-0.646,-0.031,0.118,0.382,0.311,-0.173,-0.152,-0.544,0.146,-0.308,0.002,-0.369,-0.079,-0.263,0.008,0.273,-0.473,-0.567,-0.324,-0.153,0.022,0.426,-0.043,-0.239,-0.39,0.426,0.357,0.712,-0.455,-0.139,-0.167,0.164,-0.143,-0.122,0.082,-0.118,-0.061,-0.225,0.613,0.591,-0.08,0.121,-0.17,-0.031,0.282,-0.353,-0.48,-0.127,0.023,0.581,-0.207,-0.333,0.038,-0.527,0.352,-0.112,-0.344,-0.477,0.655,0.298,-0.194,0.545,-0.32,-0.071,0.695,0.038,0.211,-0.175,-0.47,-0.426,-0.223,-0.032,-0.079,-0.181,-0.307,0.504,0.419,0.352,0.542,0.598,-0.118,0.903,-0.655,0.549,-0.157,-0.136,-0.168,-0.421,-0.298,-0.337,-0.595,-0.288,0.083,0.004,-0.368,-0.26,0.589,0.423,-0.551,-0.098,-0.042,-0.644,0.016,-0.132,0.226,-0.16,-0.083,-0.365,0.055,0.223,0.314,-0.131
BMRN,-0.605,0.456,0.828,-0.533,-0.512,-0.795,0.508,0.929,0.557,-0.326,-0.262,-0.449,0.114,0.456,-0.306,0.921,-0.472,-0.481,0.799,0.42,0.139,0.888,0.797,0.292,0.0,-0.258,-0.244,-0.687,-0.536,0.016,-0.621,-0.623,0.495,0.519,-0.668,0.321,-0.544,-0.764,-0.246,0.025,-0.142,-0.507,0.459,-0.256,-0.779,-0.35,-0.309,-0.48,-0.589,-0.31,0.335,0.747,-0.429,-0.264,-0.54,0.41,0.523,-0.263,-0.538,-0.795,0.261,0.851,0.139,-0.688,-0.436,-0.558,-0.305,-0.091,-0.646,-0.077,0.862,0.325,0.034,-0.591,0.371,-0.728,0.812,-0.128,-0.523,0.175,-0.538,-0.672,-0.073,0.317,-0.83,0.328,-0.442,0.715,-0.735,-0.694,0.206,0.596,-0.5,-0.654,0.502,-0.556,-0.656,-0.489,0.846,-0.493,-0.832,-0.856,0.396,-0.304,0.105,-0.602,-0.754,-0.595,-0.514,-0.447,0.533,-0.752,-0.36,0.826,0.878,0.571,-0.139,-0.666,0.705,-0.521,-0.642,-0.814,-0.527,-0.685,-0.56,0.093,0.297,0.678,-0.443,0.263,-0.728,-0.586,-0.121,-0.732,-0.743,0.315,-0.561,0.712,-0.519,-0.682,-0.259,-0.194,-0.326,-0.485,-0.751,-0.705,0.642,-0.283,-0.884,0.814,-0.645,-0.246,0.139,0.144,-0.472,-0.399,-0.705,-0.736,-0.713,-0.735,-0.452,-0.768,-0.366,0.873,0.335,0.873,0.836,0.846,-0.692,0.331,-0.252,0.474,0.099,-0.626,0.263,-0.604,-0.184,-0.53,-0.234,-0.546,0.076,-0.593,-0.793,-0.779,0.759,0.586,-0.624,-0.079,-0.51,-0.589,0.727,0.581,-0.061,-0.29,-0.857,-0.76,-0.617,0.201,-0.044,-0.116
BNGO,0.182,0.305,-0.219,0.799,0.659,0.425,-0.036,-0.148,-0.102,0.308,-0.03,0.251,0.494,-0.69,0.696,-0.232,0.462,0.047,-0.216,-0.005,0.595,-0.586,-0.396,-0.614,-0.258,0.0,0.135,0.564,0.615,0.087,0.47,0.465,0.277,0.148,0.47,0.025,0.284,0.561,0.341,0.583,0.439,0.112,0.543,-0.232,0.482,0.187,-0.057,0.436,0.472,0.612,0.317,-0.058,0.437,0.562,0.553,-0.286,-0.158,0.59,0.339,0.292,-0.429,-0.302,0.08,0.276,0.359,0.643,0.314,0.108,0.439,-0.184,-0.308,-0.014,0.406,0.007,0.196,0.394,-0.572,0.155,0.241,0.605,0.546,0.309,0.515,0.032,0.412,-0.502,0.143,-0.253,0.657,0.392,0.351,-0.175,0.06,0.43,0.114,0.694,0.178,0.666,0.096,0.708,0.254,0.396,0.359,0.133,0.144,0.675,0.411,0.479,0.49,-0.078,-0.056,0.343,0.755,-0.229,-0.211,-0.479,0.828,0.531,0.272,0.236,0.336,0.353,0.441,0.312,0.288,0.666,-0.186,-0.605,0.102,0.435,0.525,0.507,0.226,0.585,0.486,0.441,0.471,-0.285,0.524,0.51,0.348,0.778,0.153,0.486,0.402,0.414,-0.268,-0.004,0.265,-0.513,0.475,0.549,-0.361,0.096,0.247,0.155,0.652,0.606,0.324,0.369,0.598,0.14,0.652,-0.372,0.098,-0.376,-0.359,-0.629,0.511,-0.57,0.543,-0.32,-0.19,0.545,0.609,0.475,0.326,0.764,0.671,0.591,0.478,0.39,0.565,0.521,-0.659,-0.083,0.336,0.508,0.312,0.664,0.073,0.154,0.333,0.065,0.28,0.441,0.215,-0.238,0.21,0.14
BUSE,0.26,-0.216,-0.035,0.239,0.267,0.403,-0.038,-0.323,-0.016,-0.032,0.375,0.331,0.063,0.254,-0.038,-0.225,0.126,0.403,-0.103,0.267,-0.012,-0.218,0.016,0.425,-0.244,0.135,0.0,0.373,0.374,-0.613,0.439,0.316,-0.006,0.058,-0.141,0.117,0.372,0.34,0.502,0.576,-0.388,0.769,0.008,0.591,0.141,0.1,0.418,0.356,0.533,-0.138,0.579,0.009,0.416,0.616,0.247,0.298,0.367,-0.132,-0.018,0.335,0.24,-0.402,-0.171,0.195,0.599,0.451,0.657,0.468,0.103,-0.237,-0.403,0.183,0.179,0.4,0.597,0.052,0.022,0.346,0.096,0.216,0.323,0.643,-0.007,-0.528,0.272,-0.13,0.311,-0.175,0.002,0.478,0.403,0.349,0.532,0.334,-0.219,0.204,0.561,0.273,-0.248,0.349,0.434,0.367,0.147,0.683,-0.454,0.062,0.146,0.497,0.713,0.599,-0.344,0.207,0.328,0.025,-0.066,0.2,0.249,0.547,-0.158,0.481,0.199,0.456,0.66,0.301,0.271,0.194,0.497,-0.018,0.087,0.43,0.49,0.7,0.621,0.259,0.075,0.14,0.632,0.338,0.355,0.209,0.26,0.125,0.639,0.464,0.122,-0.034,0.325,0.314,0.295,-0.015,0.118,0.343,0.497,0.096,0.61,-0.053,0.204,0.262,0.256,0.453,0.733,0.13,0.285,0.032,0.508,-0.22,0.077,-0.121,0.494,0.459,-0.159,0.151,-0.541,0.465,0.215,0.057,-0.162,0.478,-0.016,0.287,0.43,0.483,0.296,0.341,-0.101,0.204,-0.169,0.381,0.277,-0.075,-0.268,-0.12,0.631,-0.167,0.431,0.056,0.349,-0.13,0.823,-0.194
CAKE,0.274,-0.111,-0.503,0.623,0.789,0.675,-0.595,-0.542,-0.444,0.142,0.169,0.199,0.083,-0.613,0.618,-0.542,0.755,0.287,-0.553,-0.33,0.158,-0.817,-0.509,-0.289,-0.687,0.564,0.373,0.0,0.617,-0.008,0.581,0.546,-0.235,-0.157,0.687,0.193,0.402,0.746,0.227,0.376,0.194,0.396,0.154,0.131,0.642,0.099,0.179,0.451,0.628,0.592,0.205,-0.513,0.489,0.448,0.59,-0.433,-0.274,0.65,0.302,0.622,-0.281,-0.707,-0.01,0.459,0.471,0.639,0.425,0.097,0.594,-0.056,-0.64,0.275,0.405,0.3,0.091,0.483,-0.702,0.073,0.355,0.212,0.512,0.662,0.289,-0.22,0.691,-0.473,0.134,-0.478,0.78,0.722,-0.042,-0.254,0.344,0.503,0.029,0.751,0.527,0.642,-0.432,0.653,0.594,0.718,-0.148,0.367,-0.161,0.843,0.566,0.467,0.661,0.237,-0.179,0.547,0.575,-0.622,-0.682,-0.579,0.491,0.747,-0.23,0.396,0.426,0.751,0.617,0.628,0.406,0.301,-0.131,-0.665,0.142,0.259,0.752,0.7,0.124,0.845,0.579,-0.048,0.64,-0.439,0.619,0.732,0.327,0.519,0.261,0.504,0.527,0.543,-0.418,0.007,0.676,-0.756,0.494,0.503,-0.296,-0.208,0.358,0.14,0.781,0.878,0.441,0.632,0.657,0.567,0.775,-0.679,-0.182,-0.715,-0.734,-0.75,0.744,-0.242,0.308,-0.464,-0.275,0.766,0.221,0.441,0.169,0.757,0.505,0.81,0.232,0.543,0.771,0.723,-0.839,-0.357,0.477,0.302,0.374,0.587,-0.481,-0.25,0.155,0.001,0.629,0.655,0.413,-0.554,0.236,-0.082
CASY,0.647,-0.032,-0.374,0.729,0.735,0.722,-0.054,-0.521,0.009,0.449,0.378,0.733,0.41,-0.348,0.501,-0.527,0.34,0.534,-0.423,0.227,0.539,-0.716,-0.456,-0.195,-0.536,0.615,0.374,0.617,0.0,-0.267,0.797,0.84,0.308,-0.039,0.371,-0.331,0.854,0.881,0.794,0.592,0.353,0.616,0.078,0.331,0.738,0.605,0.53,0.896,0.804,0.464,0.232,-0.065,0.861,0.781,0.695,0.043,0.01,0.246,0.674,0.784,0.052,-0.568,-0.19,0.748,0.762,0.846,0.746,0.459,0.722,-0.227,-0.579,-0.236,0.539,0.638,0.068,0.636,-0.667,0.464,0.49,0.549,0.87,0.754,0.496,-0.062,0.767,-0.475,0.469,-0.319,0.611,0.81,0.454,-0.375,0.663,0.838,-0.307,0.524,0.659,0.86,-0.263,0.778,0.665,0.643,0.376,0.411,-0.173,0.583,0.737,0.734,0.795,0.484,-0.342,0.697,0.77,-0.245,-0.358,-0.301,0.616,0.833,-0.2,0.749,0.772,0.708,0.813,0.632,0.816,0.646,-0.129,-0.465,0.462,0.394,0.788,0.803,0.562,0.815,0.643,0.334,0.783,-0.418,0.76,0.666,0.706,0.614,0.662,0.851,0.671,0.561,-0.188,0.515,0.617,-0.582,0.795,0.779,0.074,0.265,0.762,0.52,0.77,0.712,0.593,0.862,0.74,0.434,0.497,-0.515,0.346,-0.57,-0.433,-0.696,0.868,-0.239,0.241,-0.16,-0.113,0.82,0.47,0.679,0.431,0.804,0.433,0.647,0.691,0.845,0.777,0.839,-0.682,0.134,0.332,0.519,0.781,0.711,-0.187,-0.351,0.555,0.316,0.646,0.654,0.776,0.022,0.271,0.431
CCOI,-0.231,0.281,-0.275,0.113,0.15,-0.115,-0.188,0.154,0.058,-0.052,-0.225,-0.305,0.022,-0.47,0.266,-0.024,0.297,-0.342,-0.132,-0.657,-0.006,-0.059,-0.245,-0.56,0.016,0.087,-0.613,-0.008,-0.267,0.0,-0.249,-0.184,-0.238,0.009,0.563,0.076,-0.431,-0.094,-0.589,-0.456,0.63,-0.75,0.168,-0.741,0.13,-0.128,-0.698,-0.366,-0.522,0.396,-0.339,-0.282,-0.218,-0.343,0.167,-0.681,-0.597,0.605,0.172,-0.242,-0.596,0.273,0.525,-0.032,-0.647,-0.376,-0.551,-0.496,0.142,0.451,0.301,-0.1,0.101,-0.509,-0.507,0.242,-0.262,-0.317,0.186,-0.074,-0.152,-0.475,0.285,0.643,0.017,0.051,-0.104,0.227,0.392,-0.454,-0.429,-0.206,-0.594,-0.2,0.381,0.253,-0.388,-0.172,0.062,0.059,-0.176,0.022,-0.297,-0.617,0.669,0.358,0.017,-0.321,-0.44,-0.737,0.44,-0.03,-0.067,-0.245,-0.271,-0.479,0.057,-0.184,0.19,-0.604,-0.146,-0.105,-0.503,0.098,-0.245,-0.15,-0.634,-0.298,0.01,-0.27,-0.424,-0.287,-0.409,0.019,0.255,-0.017,-0.494,-0.452,-0.135,0.076,-0.235,0.25,-0.79,-0.241,0.093,0.372,-0.601,-0.378,-0.005,-0.338,0.041,-0.414,-0.649,0.027,-0.677,0.266,0.144,0.141,0.03,-0.376,-0.474,0.186,0.139,-0.28,-0.529,-0.108,-0.335,-0.164,-0.376,-0.669,0.542,-0.457,0.708,-0.151,-0.14,0.125,0.272,-0.116,0.479,0.04,-0.443,-0.491,0.073,-0.201,-0.244,-0.431,0.608,0.034,-0.228,0.341,0.084,0.323,-0.448,0.264,-0.187,0.081,-0.303,-0.006,-0.519,0.069
