,AAPL,ACRS,ADP,AFYA,AGNC,AGYS,ALT,AMGN,AMPH,AMZN,ANIP,AOSL,APDN,APLT,APVO,ARGX,ARLP,ATEX,ATRA,AUTL,AVDL,BCRX,BHAT,BLBD,BMRN,BNGO,BUSE,CAKE,CASY,CCOI,CEVA,CHY,CLDX,CLMT,COHU,COLM,COST,CPRT,CSWC,CSX,DBX,DCOM,DKNG,DMLP,DOX,EA,EDIT,ENPH,ENSG,ERNA,ESGR,ETNB,EXTR,FANG,FARO,FATE,FGEN,FIVE,FIVN,FLGT,FOLD,FORM,FOXA,FRPT,FSLR,FTAI,GBDC,GDYN,GGAL,GNLN,GRFS,GT,HCAT,HCM,HFWA,HOLX,HQY,HUBG,IAC,ICLR,IDCC,IEP,IHRT,ILMN,ILPT,IMAB,IMOS,INMD,INTZ,JAZZ,JKHY,JRVR,KIDS,LBRDK,LGND,LMAT,LPLA,LULU,MASI,MAT,MATW,MBIN,MBIO,MCRB,MDB,MDLZ,MELI,MIRM,MLKN,MNMD,MNRO,MPWR,MRCY,MRSN,MTVA,NAAS,NDAQ,NDSN,NEGG,NOVT,NVDA,NWE,NWSA,NXST,OCX,ODFL,OMAB,OPCH,OPRA,ORGO,OTRK,OZK,PAGP,PCH,PEGA,PENG,PENN,PFBC,PGNY,PHAT,PHUN,PINC,PLUG,PLXS,PYPL,QLYS,QNCX,QQQX,QVCGA,RAPT,RBBN,RCKT,REPL,RMBS,ROAD,ROKU,ROP,RUSHA,SANM,SATS,SBCF,SBLK,SBUX,SCHL,SCSC,SDGR,SEIC,SFIX,SGRY,SKYW,SLP,SNES,STAA,STLD,STOK,SWKS,TER,TFIN,TIGO,TILE,TPIC,TTEC,TTEK,TTGT,UXIN,VERU,VLYPP,VNOM,VRNS,VRSN,WDAY,WERN,WINA,WKHS,WRLD,XP,XTKG,YY,ZION,ZM
AAPL,0.0,0.502,0.709,-0.037,0.364,0.623,0.171,-0.383,0.592,0.927,0.394,0.503,0.467,0.639,-0.578,0.524,-0.378,0.358,0.421,0.386,0.411,0.576,0.33,0.008,0.639,-0.187,0.251,0.253,0.486,0.454,0.768,0.722,0.224,0.465,0.725,0.408,0.721,0.72,-0.268,0.481,0.737,0.374,-0.405,-0.151,0.574,0.441,0.621,0.517,0.485,0.229,0.341,-0.533,0.668,0.105,0.39,0.72,0.756,0.654,0.691,-0.092,0.452,0.658,-0.106,0.678,0.567,-0.077,0.131,0.548,-0.454,0.656,0.59,0.445,-0.253,0.125,0.365,0.112,0.492,0.634,0.281,0.631,0.759,0.426,-0.326,0.745,0.246,0.229,0.388,0.642,-0.581,0.683,0.085,0.328,-0.143,0.767,0.126,0.374,0.539,0.761,-0.279,0.247,0.364,0.277,0.019,0.698,0.765,0.877,0.543,0.4,0.084,0.356,0.343,0.684,0.171,0.21,0.697,0.526,0.402,0.474,0.416,0.577,0.736,0.302,-0.082,-0.253,0.476,0.714,0.306,0.506,0.098,0.43,-0.171,-0.096,0.631,0.44,0.611,0.015,-0.269,0.347,0.113,0.693,-0.198,0.097,0.536,0.213,0.622,0.723,-0.13,0.571,0.65,0.813,0.413,0.638,0.241,0.734,0.458,0.649,0.669,0.378,0.363,0.705,0.37,-0.393,0.644,0.374,0.522,0.665,0.676,0.465,0.337,-0.236,0.567,0.117,0.096,0.633,0.615,0.767,0.525,0.444,0.213,0.537,0.652,0.423,0.719,0.749,0.278,0.247,0.414,0.394,0.76,0.851,0.716,0.287,-0.015,-0.016,0.129,0.05,0.487,0.098,0.213,0.394
ACRS,0.502,0.0,0.91,-0.558,0.484,0.899,-0.252,-0.787,0.921,0.474,0.393,0.933,0.005,0.795,-0.836,0.21,-0.316,0.526,0.76,0.068,0.517,0.485,0.226,0.261,0.644,-0.635,0.852,0.893,0.78,0.006,0.901,0.905,0.608,0.941,0.873,0.813,0.888,0.93,-0.614,0.578,0.838,0.89,-0.839,0.062,0.305,-0.307,0.862,0.922,0.722,0.653,0.857,-0.505,0.835,-0.364,0.857,0.907,0.822,0.824,0.896,-0.259,0.794,0.934,-0.176,0.815,0.95,0.014,0.119,0.816,-0.665,0.828,0.843,0.929,-0.654,-0.152,0.878,0.414,0.751,0.672,0.467,0.778,0.902,0.847,-0.452,0.753,-0.066,-0.005,0.813,0.842,-0.839,0.832,-0.327,0.788,0.415,0.343,-0.191,0.006,0.95,0.492,0.298,0.753,0.747,0.762,-0.112,0.74,0.836,0.279,0.868,-0.001,0.691,0.915,0.715,0.933,-0.165,-0.197,0.832,0.391,0.709,0.909,0.541,0.94,0.554,0.772,-0.193,-0.343,0.624,0.9,0.802,0.86,-0.32,0.483,-0.134,0.481,0.808,0.901,0.897,-0.501,-0.798,0.873,-0.519,0.741,-0.445,0.559,0.755,0.676,0.675,0.259,-0.073,-0.053,0.452,0.769,0.816,0.942,0.655,0.897,0.895,0.913,0.827,0.829,0.124,0.743,0.873,-0.124,0.834,0.547,0.763,0.861,0.805,0.891,0.45,0.33,-0.094,0.073,0.618,0.906,0.893,0.767,0.861,0.926,0.823,0.749,0.909,0.898,0.866,0.858,0.784,-0.168,0.548,0.485,0.843,0.311,0.687,-0.023,-0.044,-0.552,0.431,0.529,0.655,0.307,0.704,0.666
ADP,0.709,0.91,0.0,-0.404,0.529,0.878,-0.077,-0.711,0.92,0.677,0.471,0.886,0.182,0.877,-0.799,0.326,-0.211,0.462,0.819,0.233,0.586,0.654,0.224,0.267,0.76,-0.503,0.781,0.769,0.798,0.186,0.941,0.959,0.621,0.897,0.915,0.826,0.901,0.949,-0.459,0.64,0.892,0.847,-0.757,0.089,0.481,-0.18,0.846,0.837,0.841,0.552,0.817,-0.616,0.884,-0.146,0.804,0.938,0.891,0.81,0.889,-0.155,0.759,0.933,-0.049,0.819,0.907,0.12,0.195,0.784,-0.673,0.84,0.769,0.897,-0.579,0.026,0.852,0.468,0.857,0.797,0.554,0.815,0.941,0.827,-0.322,0.894,0.113,0.053,0.801,0.897,-0.838,0.909,-0.17,0.727,0.313,0.497,-0.073,0.224,0.92,0.627,0.233,0.752,0.786,0.724,-0.061,0.763,0.866,0.482,0.811,0.103,0.493,0.786,0.786,0.954,-0.001,0.072,0.881,0.514,0.639,0.861,0.466,0.941,0.717,0.806,-0.061,-0.227,0.696,0.933,0.74,0.862,-0.2,0.452,-0.089,0.46,0.848,0.879,0.955,-0.375,-0.744,0.857,-0.29,0.87,-0.364,0.456,0.77,0.648,0.709,0.397,-0.08,0.186,0.618,0.851,0.736,0.943,0.538,0.92,0.829,0.932,0.849,0.838,0.242,0.821,0.872,-0.194,0.936,0.613,0.786,0.916,0.761,0.823,0.455,0.281,0.188,0.228,0.503,0.902,0.93,0.822,0.859,0.858,0.724,0.701,0.906,0.85,0.9,0.903,0.601,0.006,0.553,0.536,0.887,0.554,0.73,0.129,0.056,-0.398,0.239,0.423,0.636,0.363,0.718,0.513
AFYA,-0.037,-0.558,-0.404,0.0,0.011,-0.399,0.415,0.516,-0.363,-0.039,0.06,-0.446,0.049,-0.181,0.41,0.154,0.241,-0.026,-0.313,0.138,-0.054,-0.004,-0.436,-0.027,-0.281,0.539,-0.609,-0.616,-0.367,0.271,-0.453,-0.342,-0.438,-0.508,-0.398,-0.413,-0.413,-0.362,0.515,-0.279,-0.371,-0.528,0.504,-0.099,0.102,0.394,-0.412,-0.408,-0.264,-0.398,-0.582,-0.001,-0.444,0.527,-0.567,-0.398,-0.295,-0.279,-0.39,0.239,-0.463,-0.484,0.171,-0.232,-0.48,0.112,0.082,-0.407,0.273,-0.44,-0.316,-0.504,0.547,0.285,-0.541,-0.299,-0.331,0.033,-0.089,-0.29,-0.447,-0.219,0.089,-0.291,0.218,-0.01,-0.378,-0.445,0.445,-0.327,0.365,-0.554,-0.19,0.164,0.387,0.045,-0.519,0.118,-0.295,-0.485,-0.356,-0.572,0.317,-0.177,-0.27,0.12,-0.537,0.416,-0.556,-0.64,-0.362,-0.428,0.129,0.323,-0.323,0.028,-0.441,-0.525,-0.538,-0.487,-0.039,-0.408,0.351,0.142,-0.197,-0.303,-0.611,-0.262,0.34,0.067,0.249,-0.355,-0.304,-0.496,-0.41,0.128,0.665,-0.465,0.466,-0.302,0.377,-0.065,-0.194,-0.378,-0.408,0.108,-0.275,0.381,0.161,-0.207,-0.511,-0.394,-0.353,-0.436,-0.578,-0.363,-0.34,-0.422,0.173,-0.33,-0.536,0.1,-0.341,-0.067,-0.121,-0.442,-0.305,-0.565,0.093,-0.286,0.232,0.127,-0.635,-0.311,-0.411,-0.294,-0.533,-0.549,-0.727,-0.18,-0.363,-0.442,-0.286,-0.296,-0.612,0.326,-0.135,0.154,-0.24,0.032,-0.274,0.505,0.133,0.401,-0.295,-0.406,-0.38,-0.269,-0.331,-0.367
AGNC,0.364,0.484,0.529,0.011,0.0,0.544,0.063,-0.396,0.506,0.405,0.537,0.492,0.287,0.581,-0.479,0.228,0.194,0.528,0.458,0.559,0.711,0.62,0.105,0.2,0.672,-0.138,0.352,0.357,0.291,0.31,0.449,0.544,0.259,0.442,0.497,0.55,0.365,0.546,0.018,0.375,0.448,0.414,-0.396,0.113,0.546,0.024,0.62,0.434,0.524,0.274,0.301,-0.254,0.515,0.385,0.226,0.537,0.587,0.594,0.404,0.017,0.296,0.427,0.098,0.481,0.433,0.078,0.083,0.175,-0.166,0.345,0.362,0.416,-0.001,0.198,0.418,0.282,0.417,0.566,0.216,0.372,0.515,0.521,0.112,0.518,0.153,-0.243,0.305,0.337,-0.405,0.584,0.094,0.266,0.146,0.435,0.248,0.397,0.547,0.358,0.073,0.4,0.483,0.275,0.278,0.573,0.541,0.26,0.343,0.251,0.129,0.395,0.424,0.482,0.346,0.243,0.614,0.391,0.243,0.366,-0.052,0.484,0.322,0.467,0.225,0.278,0.36,0.618,0.261,0.559,-0.155,0.414,0.045,0.189,0.507,0.342,0.46,-0.228,-0.296,0.531,-0.063,0.517,-0.165,0.346,0.511,0.479,0.076,0.514,-0.037,0.124,0.596,0.416,0.317,0.506,0.206,0.525,0.337,0.452,0.491,0.474,0.433,0.619,0.405,-0.123,0.548,0.4,0.583,0.449,0.495,0.32,0.168,0.31,0.242,0.254,0.062,0.65,0.584,0.349,0.304,0.356,0.312,0.604,0.493,0.427,0.461,0.525,0.373,0.376,0.465,0.787,0.52,0.263,0.451,0.458,0.135,0.053,-0.173,0.06,0.073,0.04,0.515,0.331
AGYS,0.623,0.899,0.878,-0.399,0.544,0.0,-0.211,-0.761,0.829,0.607,0.395,0.807,0.198,0.758,-0.809,0.24,-0.309,0.545,0.652,0.215,0.488,0.575,0.272,0.078,0.678,-0.552,0.703,0.761,0.669,0.065,0.923,0.859,0.428,0.842,0.874,0.765,0.867,0.91,-0.55,0.61,0.88,0.778,-0.794,-0.023,0.356,-0.055,0.911,0.838,0.676,0.614,0.683,-0.558,0.878,-0.211,0.73,0.926,0.838,0.879,0.87,-0.305,0.759,0.914,-0.265,0.778,0.889,-0.044,0.057,0.745,-0.646,0.849,0.836,0.815,-0.535,-0.121,0.741,0.286,0.646,0.643,0.374,0.688,0.89,0.728,-0.354,0.737,-0.071,-0.014,0.688,0.782,-0.803,0.809,-0.271,0.689,0.227,0.439,-0.139,0.217,0.875,0.569,0.104,0.654,0.601,0.684,-0.104,0.771,0.858,0.463,0.848,0.1,0.541,0.783,0.597,0.922,0.044,-0.087,0.808,0.382,0.662,0.817,0.492,0.871,0.544,0.658,-0.192,-0.326,0.642,0.915,0.692,0.802,-0.098,0.527,-0.19,0.322,0.836,0.751,0.839,-0.304,-0.673,0.744,-0.349,0.739,-0.477,0.482,0.677,0.551,0.664,0.454,-0.147,0.061,0.499,0.801,0.674,0.882,0.601,0.914,0.807,0.842,0.878,0.666,0.17,0.863,0.74,-0.316,0.784,0.494,0.7,0.831,0.798,0.816,0.364,0.215,0.112,0.06,0.522,0.86,0.888,0.741,0.814,0.812,0.653,0.699,0.848,0.801,0.846,0.838,0.637,-0.063,0.5,0.542,0.847,0.461,0.705,0.075,-0.12,-0.363,0.26,0.391,0.58,0.199,0.552,0.69
ALT,0.171,-0.252,-0.077,0.415,0.063,-0.211,0.0,0.63,0.031,0.295,0.484,-0.046,-0.017,0.234,0.311,0.661,0.121,0.152,0.101,0.39,0.419,0.138,-0.495,0.527,0.003,0.679,-0.387,-0.479,0.088,0.783,-0.166,0.043,0.171,-0.34,0.021,-0.243,-0.195,-0.1,0.557,-0.445,-0.097,-0.28,0.534,-0.156,0.522,0.179,-0.138,-0.072,0.064,-0.629,-0.317,0.147,-0.313,0.565,-0.208,-0.138,0.041,-0.237,-0.078,0.736,-0.494,-0.282,0.535,0.193,-0.214,0.427,0.493,-0.155,0.383,-0.325,-0.292,-0.263,0.558,0.726,-0.289,0.379,0.101,0.309,0.419,0.263,-0.138,0.071,0.017,0.23,0.68,-0.004,-0.133,-0.167,0.281,-0.038,0.669,-0.599,0.102,0.567,0.847,0.243,-0.197,0.479,0.129,-0.226,0.161,-0.484,0.74,0.215,0.098,0.233,-0.468,0.528,-0.416,-0.436,0.002,-0.226,0.032,0.507,0.086,0.506,-0.591,-0.347,-0.461,-0.114,0.483,-0.159,0.584,0.272,-0.212,-0.127,-0.542,-0.129,-0.234,-0.169,0.699,-0.234,-0.288,-0.131,-0.008,-0.155,0.423,-0.202,0.629,-0.101,0.665,-0.201,0.292,-0.127,-0.378,0.389,0.46,0.717,0.425,0.163,-0.172,-0.113,-0.592,-0.193,-0.46,-0.028,-0.307,0.093,0.578,-0.238,-0.213,0.346,0.07,0.372,0.137,-0.024,0.0,-0.494,0.407,-0.186,0.464,0.455,-0.718,0.016,-0.185,0.122,-0.445,-0.378,-0.344,0.208,0.041,-0.288,-0.052,0.145,-0.327,0.618,0.397,0.05,0.113,0.335,0.243,0.637,0.699,0.476,-0.149,-0.575,-0.209,0.225,0.085,-0.386
AMGN,-0.383,-0.787,-0.711,0.516,-0.396,-0.761,0.63,0.0,-0.595,-0.315,0.02,-0.614,-0.196,-0.476,0.819,0.263,0.266,-0.341,-0.441,0.049,-0.169,-0.401,-0.482,0.267,-0.551,0.857,-0.764,-0.805,-0.447,0.392,-0.765,-0.626,-0.209,-0.841,-0.641,-0.724,-0.774,-0.746,0.701,-0.783,-0.675,-0.737,0.912,-0.1,0.027,0.122,-0.718,-0.617,-0.486,-0.837,-0.716,0.514,-0.828,0.438,-0.654,-0.756,-0.611,-0.794,-0.685,0.676,-0.878,-0.845,0.511,-0.458,-0.771,0.292,0.248,-0.635,0.712,-0.827,-0.745,-0.767,0.755,0.521,-0.751,0.056,-0.449,-0.343,-0.011,-0.346,-0.735,-0.496,0.263,-0.443,0.399,0.031,-0.568,-0.771,0.788,-0.659,0.627,-0.894,-0.045,-0.011,0.605,-0.016,-0.744,-0.154,0.091,-0.638,-0.364,-0.796,0.539,-0.46,-0.582,-0.25,-0.908,0.191,-0.614,-0.839,-0.486,-0.808,0.026,0.331,-0.613,0.005,-0.86,-0.806,-0.632,-0.707,-0.104,-0.626,0.5,0.358,-0.623,-0.764,-0.832,-0.685,-0.071,-0.504,0.57,-0.387,-0.835,-0.621,-0.621,0.145,0.781,-0.682,0.63,-0.65,0.775,-0.441,-0.286,-0.404,-0.734,-0.145,0.429,0.378,-0.165,-0.49,-0.568,-0.738,-0.804,-0.773,-0.879,-0.691,-0.845,-0.468,0.257,-0.74,-0.684,0.473,-0.549,-0.127,-0.43,-0.651,-0.567,-0.901,-0.008,-0.207,0.169,0.22,-0.805,-0.645,-0.777,-0.439,-0.873,-0.843,-0.641,-0.386,-0.575,-0.757,-0.688,-0.547,-0.668,0.404,-0.081,-0.36,-0.579,-0.206,-0.402,0.296,0.529,0.633,-0.227,-0.582,-0.559,0.027,-0.372,-0.739
AMPH,0.592,0.921,0.92,-0.363,0.506,0.829,0.031,-0.595,0.0,0.577,0.568,0.959,-0.018,0.897,-0.728,0.441,-0.228,0.606,0.844,0.133,0.616,0.537,0.009,0.454,0.611,-0.417,0.77,0.781,0.887,0.275,0.865,0.948,0.68,0.873,0.903,0.779,0.862,0.938,-0.429,0.468,0.816,0.848,-0.674,0.11,0.473,-0.259,0.786,0.93,0.783,0.49,0.814,-0.528,0.753,-0.171,0.847,0.877,0.843,0.765,0.902,-0.029,0.667,0.876,0.001,0.914,0.904,0.218,0.34,0.829,-0.606,0.764,0.793,0.896,-0.501,0.058,0.839,0.544,0.846,0.833,0.678,0.904,0.889,0.928,-0.452,0.852,0.23,0.02,0.809,0.814,-0.756,0.849,-0.14,0.64,0.476,0.545,0.053,0.037,0.914,0.679,0.346,0.739,0.85,0.66,0.085,0.802,0.875,0.378,0.724,0.172,0.603,0.754,0.77,0.887,-0.157,-0.06,0.851,0.534,0.553,0.842,0.387,0.942,0.753,0.783,0.013,-0.306,0.612,0.89,0.672,0.876,-0.354,0.471,0.128,0.483,0.766,0.924,0.938,-0.601,-0.667,0.856,-0.297,0.725,-0.233,0.587,0.874,0.703,0.59,0.328,0.004,0.207,0.646,0.851,0.8,0.939,0.513,0.845,0.778,0.939,0.759,0.902,0.302,0.657,0.855,0.043,0.908,0.755,0.867,0.896,0.811,0.754,0.678,0.327,0.008,0.25,0.404,0.939,0.851,0.857,0.755,0.849,0.733,0.854,0.942,0.871,0.914,0.929,0.65,-0.027,0.697,0.541,0.904,0.408,0.745,0.211,0.204,-0.446,0.445,0.37,0.644,0.435,0.786,0.53
AMZN,0.927,0.474,0.677,-0.039,0.405,0.607,0.295,-0.315,0.577,0.0,0.491,0.467,0.477,0.646,-0.528,0.626,-0.321,0.364,0.456,0.458,0.532,0.629,0.239,0.087,0.666,-0.094,0.179,0.18,0.452,0.577,0.743,0.717,0.264,0.405,0.752,0.373,0.647,0.68,-0.12,0.358,0.704,0.311,-0.297,-0.204,0.642,0.423,0.609,0.49,0.497,0.076,0.26,-0.492,0.634,0.23,0.325,0.688,0.777,0.61,0.638,0.054,0.332,0.601,0.01,0.679,0.513,0.041,0.273,0.478,-0.31,0.577,0.491,0.395,-0.138,0.285,0.294,0.234,0.508,0.671,0.333,0.663,0.709,0.407,-0.273,0.795,0.343,0.122,0.347,0.59,-0.582,0.704,0.184,0.2,-0.188,0.827,0.298,0.492,0.485,0.812,-0.253,0.228,0.421,0.186,0.188,0.724,0.751,0.878,0.447,0.475,-0.009,0.286,0.364,0.633,0.159,0.347,0.713,0.631,0.252,0.367,0.272,0.554,0.737,0.265,0.043,-0.134,0.431,0.691,0.206,0.429,0.021,0.282,-0.062,-0.125,0.581,0.392,0.594,-0.026,-0.25,0.314,0.21,0.689,-0.069,-0.026,0.594,0.165,0.473,0.786,0.047,0.666,0.747,0.791,0.337,0.587,0.088,0.7,0.356,0.644,0.581,0.387,0.447,0.711,0.322,-0.344,0.654,0.412,0.508,0.647,0.649,0.366,0.338,-0.226,0.66,0.164,-0.029,0.614,0.593,0.743,0.429,0.361,0.14,0.553,0.653,0.346,0.663,0.757,0.237,0.395,0.498,0.374,0.769,0.888,0.751,0.4,0.131,0.087,0.031,-0.118,0.411,0.128,0.222,0.292
ANIP,0.394,0.393,0.471,0.06,0.537,0.395,0.484,0.02,0.568,0.491,0.0,0.451,-0.159,0.593,-0.202,0.78,-0.017,0.54,0.538,0.341,0.806,0.481,-0.246,0.653,0.436,0.32,0.122,0.178,0.477,0.718,0.393,0.557,0.416,0.221,0.557,0.293,0.257,0.448,0.196,-0.149,0.465,0.235,-0.0,0.056,0.856,-0.048,0.387,0.458,0.445,-0.213,0.173,-0.071,0.317,0.404,0.293,0.395,0.53,0.34,0.358,0.535,-0.075,0.264,0.582,0.624,0.282,0.485,0.597,0.243,0.166,0.119,0.223,0.273,0.321,0.654,0.22,0.677,0.537,0.634,0.55,0.675,0.47,0.571,-0.078,0.669,0.575,-0.028,0.279,0.142,-0.422,0.595,0.569,-0.095,0.181,0.733,0.669,0.366,0.429,0.698,0.332,0.242,0.629,-0.076,0.706,0.631,0.531,0.344,0.026,0.61,-0.031,0.122,0.429,0.35,0.218,0.302,0.532,0.76,-0.18,0.167,-0.226,0.475,0.619,0.31,0.436,0.21,0.026,0.416,-0.05,0.414,-0.451,0.203,0.364,-0.003,0.218,0.383,0.457,-0.369,-0.076,0.357,0.312,0.45,0.343,0.176,0.735,0.519,-0.122,0.454,0.394,0.58,0.741,0.578,0.321,0.446,-0.209,0.426,0.053,0.433,0.158,0.539,0.846,0.366,0.279,0.269,0.575,0.644,0.673,0.414,0.46,0.018,0.559,0.131,0.398,0.517,-0.348,0.54,0.336,0.623,0.05,0.164,0.211,0.66,0.559,0.36,0.344,0.575,0.198,0.602,0.72,0.481,0.542,0.404,0.492,0.591,0.63,0.335,0.084,-0.203,0.159,0.448,0.531,0.018
AOSL,0.503,0.933,0.886,-0.446,0.492,0.807,-0.046,-0.614,0.959,0.467,0.451,0.0,-0.017,0.857,-0.745,0.327,-0.233,0.569,0.85,0.158,0.577,0.498,0.077,0.414,0.599,-0.504,0.832,0.816,0.846,0.168,0.825,0.92,0.738,0.892,0.845,0.781,0.849,0.913,-0.495,0.5,0.764,0.884,-0.75,0.091,0.378,-0.374,0.815,0.938,0.745,0.573,0.859,-0.52,0.723,-0.284,0.857,0.863,0.796,0.716,0.898,-0.074,0.714,0.863,-0.068,0.873,0.933,0.103,0.184,0.772,-0.658,0.741,0.8,0.913,-0.577,-0.032,0.884,0.503,0.788,0.78,0.627,0.844,0.866,0.904,-0.426,0.774,0.081,-0.059,0.817,0.801,-0.702,0.756,-0.203,0.689,0.606,0.424,-0.032,-0.062,0.932,0.545,0.414,0.741,0.809,0.71,0.023,0.759,0.853,0.224,0.763,0.024,0.66,0.837,0.741,0.883,-0.211,-0.114,0.82,0.463,0.598,0.894,0.465,0.934,0.701,0.795,-0.055,-0.318,0.594,0.878,0.733,0.86,-0.378,0.487,0.091,0.533,0.71,0.926,0.931,-0.629,-0.729,0.891,-0.445,0.657,-0.287,0.616,0.845,0.726,0.6,0.283,-0.001,0.063,0.513,0.776,0.815,0.933,0.578,0.831,0.842,0.901,0.765,0.914,0.231,0.625,0.889,0.025,0.852,0.671,0.848,0.862,0.812,0.796,0.579,0.343,-0.091,0.209,0.493,0.93,0.864,0.778,0.78,0.877,0.802,0.823,0.933,0.875,0.88,0.893,0.716,-0.088,0.643,0.521,0.858,0.289,0.726,0.135,0.125,-0.521,0.451,0.481,0.582,0.377,0.797,0.563
APDN,0.467,0.005,0.182,0.049,0.287,0.198,-0.017,-0.196,-0.018,0.477,-0.159,-0.017,0.0,0.136,-0.2,0.024,-0.072,-0.125,-0.086,0.542,0.081,0.441,0.335,-0.451,0.429,-0.108,-0.11,-0.139,-0.167,0.16,0.25,0.161,-0.013,0.046,0.133,0.035,0.183,0.161,0.113,0.37,0.177,-0.07,-0.173,-0.165,0.133,0.393,0.229,-0.074,0.101,0.068,-0.091,-0.435,0.304,0.266,-0.205,0.246,0.323,0.159,0.104,-0.146,0.149,0.178,-0.208,0.028,0.083,-0.37,-0.305,-0.117,-0.282,0.189,0.086,-0.043,-0.159,0.028,-0.004,-0.298,-0.073,0.156,-0.285,-0.017,0.204,-0.143,0.17,0.202,-0.067,-0.119,-0.117,0.228,-0.109,0.135,-0.003,0.027,-0.355,0.256,-0.012,0.434,0.02,0.093,-0.472,-0.127,-0.111,0.031,-0.133,0.159,0.204,0.407,0.188,0.023,-0.337,0.007,-0.103,0.189,0.339,0.418,0.186,0.141,0.192,0.039,0.274,0.035,0.141,-0.074,-0.058,0.109,0.255,0.275,0.078,-0.039,0.296,0.051,-0.285,-0.234,0.235,-0.117,0.075,0.323,-0.092,-0.019,0.095,0.245,-0.193,-0.324,-0.006,-0.187,0.25,0.526,-0.225,0.209,0.193,0.129,-0.223,0.078,-0.034,0.259,0.106,0.101,0.286,-0.125,0.063,0.469,-0.033,-0.534,0.079,-0.215,-0.027,0.093,0.178,0.116,-0.348,-0.331,0.533,-0.02,0.006,0.111,0.245,0.034,0.158,-0.017,-0.161,-0.024,0.057,-0.116,0.158,0.188,-0.046,0.303,-0.069,0.212,0.161,0.504,0.244,0.213,-0.213,0.19,-0.385,-0.089,-0.116,-0.425,-0.221,0.039
APLT,0.639,0.795,0.877,-0.181,0.581,0.758,0.234,-0.476,0.897,0.646,0.593,0.857,0.136,0.0,-0.669,0.508,-0.196,0.583,0.778,0.338,0.7,0.67,-0.048,0.419,0.675,-0.257,0.594,0.574,0.753,0.399,0.801,0.913,0.615,0.743,0.826,0.676,0.789,0.868,-0.291,0.446,0.762,0.704,-0.579,-0.037,0.541,-0.123,0.78,0.812,0.811,0.374,0.639,-0.538,0.676,0.028,0.675,0.838,0.83,0.706,0.829,0.048,0.583,0.786,0.036,0.877,0.816,0.211,0.3,0.698,-0.541,0.665,0.692,0.767,-0.345,0.206,0.704,0.472,0.776,0.861,0.616,0.836,0.805,0.867,-0.392,0.857,0.231,0.034,0.738,0.758,-0.67,0.819,-0.028,0.486,0.415,0.634,0.227,0.194,0.79,0.749,0.236,0.617,0.747,0.515,0.219,0.85,0.863,0.462,0.612,0.328,0.362,0.615,0.666,0.818,-0.068,0.163,0.856,0.586,0.432,0.715,0.257,0.837,0.815,0.675,0.109,-0.2,0.644,0.855,0.497,0.826,-0.209,0.466,0.172,0.333,0.73,0.764,0.877,-0.459,-0.528,0.738,-0.138,0.749,-0.175,0.484,0.841,0.513,0.511,0.497,0.003,0.335,0.672,0.834,0.643,0.87,0.39,0.796,0.638,0.897,0.721,0.808,0.381,0.654,0.722,-0.068,0.837,0.69,0.865,0.804,0.758,0.629,0.63,0.185,0.263,0.337,0.217,0.902,0.795,0.756,0.635,0.703,0.56,0.794,0.886,0.721,0.862,0.914,0.513,0.173,0.653,0.623,0.897,0.545,0.755,0.365,0.232,-0.312,0.237,0.221,0.501,0.287,0.684,0.428
APVO,-0.578,-0.836,-0.799,0.41,-0.479,-0.809,0.311,0.819,-0.728,-0.528,-0.202,-0.745,-0.2,-0.669,0.0,-0.085,0.476,-0.543,-0.576,-0.163,-0.412,-0.456,-0.396,0.068,-0.647,0.705,-0.667,-0.713,-0.514,0.114,-0.847,-0.806,-0.391,-0.835,-0.773,-0.699,-0.855,-0.864,0.698,-0.66,-0.77,-0.723,0.872,0.243,-0.226,0.031,-0.841,-0.779,-0.562,-0.689,-0.654,0.59,-0.746,0.423,-0.639,-0.875,-0.735,-0.849,-0.849,0.507,-0.814,-0.876,0.436,-0.725,-0.869,0.234,0.088,-0.672,0.688,-0.812,-0.832,-0.782,0.606,0.254,-0.694,-0.055,-0.542,-0.581,-0.204,-0.571,-0.8,-0.634,0.472,-0.608,0.251,-0.066,-0.636,-0.796,0.815,-0.727,0.39,-0.742,-0.209,-0.336,0.293,-0.028,-0.793,-0.473,-0.005,-0.571,-0.435,-0.665,0.24,-0.686,-0.829,-0.41,-0.88,-0.093,-0.533,-0.846,-0.456,-0.892,0.183,0.167,-0.786,-0.243,-0.743,-0.808,-0.563,-0.762,-0.455,-0.588,0.332,0.406,-0.641,-0.867,-0.658,-0.789,0.015,-0.597,0.403,-0.22,-0.774,-0.66,-0.751,0.213,0.678,-0.636,0.582,-0.703,0.541,-0.447,-0.554,-0.368,-0.708,-0.405,0.301,0.038,-0.308,-0.736,-0.594,-0.849,-0.716,-0.858,-0.823,-0.828,-0.86,-0.587,0.021,-0.724,-0.654,0.484,-0.633,-0.259,-0.585,-0.733,-0.756,-0.834,-0.253,-0.037,-0.08,-0.024,-0.568,-0.814,-0.844,-0.628,-0.816,-0.822,-0.602,-0.59,-0.787,-0.725,-0.804,-0.769,-0.71,0.149,-0.316,-0.42,-0.804,-0.387,-0.678,0.072,0.332,0.534,-0.27,-0.455,-0.617,-0.038,-0.413,-0.777
ARGX,0.524,0.21,0.326,0.154,0.228,0.24,0.661,0.263,0.441,0.626,0.78,0.327,0.024,0.508,-0.085,0.0,-0.264,0.319,0.33,0.311,0.596,0.329,-0.295,0.563,0.276,0.472,-0.161,-0.095,0.384,0.864,0.32,0.473,0.397,0.024,0.47,0.003,0.224,0.336,0.237,-0.322,0.334,-0.02,0.203,-0.211,0.753,0.163,0.233,0.384,0.299,-0.42,-0.048,-0.138,0.127,0.391,0.119,0.271,0.468,0.148,0.334,0.616,-0.242,0.148,0.478,0.611,0.178,0.361,0.591,0.212,0.153,0.033,0.161,0.063,0.325,0.694,-0.029,0.513,0.342,0.581,0.479,0.705,0.342,0.403,-0.317,0.616,0.66,0.112,0.175,0.088,-0.228,0.413,0.637,-0.336,0.065,0.855,0.791,0.271,0.196,0.793,0.115,-0.073,0.439,-0.31,0.762,0.615,0.51,0.498,-0.088,0.646,-0.185,-0.086,0.173,0.209,0.015,0.371,0.404,0.803,-0.306,-0.007,-0.089,0.286,0.76,-0.026,0.439,0.016,0.034,0.3,-0.247,0.19,-0.325,-0.001,0.438,-0.308,0.057,0.227,0.33,-0.309,0.135,0.069,0.447,0.276,0.536,-0.078,0.706,0.159,-0.076,0.583,0.429,0.824,0.692,0.576,0.147,0.28,-0.372,0.312,-0.11,0.366,0.027,0.32,0.792,0.217,0.034,0.247,0.41,0.518,0.501,0.292,0.495,-0.128,0.602,-0.223,0.564,0.451,-0.544,0.377,0.141,0.627,-0.108,-0.035,-0.038,0.6,0.513,0.078,0.312,0.567,0.052,0.648,0.707,0.3,0.519,0.591,0.578,0.635,0.663,0.39,0.229,-0.337,0.127,0.265,0.209,-0.107
ARLP,-0.378,-0.316,-0.211,0.241,0.194,-0.309,0.121,0.266,-0.228,-0.321,-0.017,-0.233,-0.072,-0.196,0.476,-0.264,0.0,-0.226,0.003,0.125,0.006,-0.015,-0.248,0.191,-0.126,0.255,-0.006,-0.152,-0.117,0.03,-0.41,-0.303,-0.09,-0.194,-0.325,0.059,-0.448,-0.347,0.552,-0.094,-0.379,-0.068,0.337,0.511,-0.024,-0.238,-0.343,-0.382,0.067,-0.237,-0.053,0.243,-0.211,0.446,-0.238,-0.364,-0.287,-0.311,-0.447,0.326,-0.275,-0.349,0.413,-0.419,-0.351,0.407,0.174,-0.313,0.236,-0.3,-0.49,-0.145,0.222,0.196,-0.033,0.247,0.062,-0.102,0.173,-0.291,-0.352,-0.133,0.634,-0.185,0.237,-0.348,-0.165,-0.231,0.4,-0.209,0.119,-0.141,0.059,-0.331,0.115,0.229,-0.202,-0.38,0.244,0.155,0.122,-0.011,0.083,-0.44,-0.461,-0.382,-0.402,-0.31,-0.146,-0.3,0.233,-0.359,0.288,0.306,-0.334,-0.156,-0.267,-0.293,-0.513,-0.226,-0.271,0.199,0.476,0.567,-0.166,-0.287,-0.066,-0.205,-0.031,-0.339,0.438,0.449,-0.222,-0.123,-0.163,-0.106,0.071,0.052,0.299,-0.21,0.183,-0.02,-0.223,0.197,-0.407,-0.335,0.121,-0.104,0.045,-0.466,-0.173,-0.328,-0.296,-0.428,-0.283,-0.334,-0.323,0.022,-0.061,-0.231,0.028,0.43,-0.02,0.203,-0.209,-0.144,-0.478,-0.301,-0.129,0.577,-0.196,0.244,-0.11,-0.243,-0.187,-0.378,-0.24,-0.255,-0.099,-0.239,-0.383,-0.184,-0.318,-0.384,-0.414,0.054,-0.085,0.058,-0.386,-0.341,-0.435,0.169,0.346,0.209,-0.463,-0.058,-0.4,0.242,0.258,-0.506
ATEX,0.358,0.526,0.462,-0.026,0.528,0.545,0.152,-0.341,0.606,0.364,0.54,0.569,-0.125,0.583,-0.543,0.319,-0.226,0.0,0.526,0.218,0.574,0.399,-0.049,0.259,0.395,-0.212,0.384,0.433,0.517,0.257,0.489,0.575,0.241,0.487,0.574,0.515,0.493,0.63,-0.278,0.274,0.562,0.49,-0.424,-0.054,0.458,0.078,0.587,0.623,0.331,0.35,0.326,-0.2,0.366,-0.023,0.444,0.556,0.54,0.643,0.6,-0.078,0.359,0.49,-0.084,0.692,0.528,0.062,0.266,0.423,-0.219,0.391,0.575,0.492,-0.004,0.091,0.423,0.201,0.377,0.579,0.389,0.506,0.527,0.6,-0.353,0.444,0.157,-0.129,0.362,0.349,-0.466,0.5,0.004,0.263,0.308,0.559,0.221,0.033,0.563,0.57,0.119,0.351,0.38,0.288,0.205,0.628,0.688,0.33,0.392,0.539,0.379,0.432,0.347,0.528,-0.013,-0.115,0.608,0.305,0.315,0.474,0.003,0.568,0.41,0.421,0.03,-0.184,0.251,0.592,0.18,0.61,-0.231,0.63,0.125,0.135,0.445,0.427,0.509,-0.375,-0.204,0.44,-0.227,0.373,-0.144,0.589,0.559,0.397,0.169,0.402,-0.127,0.232,0.491,0.616,0.467,0.648,0.364,0.518,0.398,0.557,0.531,0.503,0.327,0.344,0.379,-0.067,0.442,0.489,0.645,0.527,0.587,0.344,0.544,0.105,0.005,0.163,0.047,0.722,0.538,0.542,0.327,0.484,0.305,0.727,0.581,0.561,0.58,0.619,0.473,0.091,0.499,0.473,0.664,0.213,0.543,0.353,0.027,-0.175,0.259,0.051,0.362,0.146,0.479,0.629
ATRA,0.421,0.76,0.819,-0.313,0.458,0.652,0.101,-0.441,0.844,0.456,0.538,0.85,-0.086,0.778,-0.576,0.33,0.003,0.526,0.0,0.224,0.669,0.595,-0.031,0.546,0.589,-0.321,0.758,0.685,0.77,0.261,0.685,0.825,0.737,0.762,0.758,0.794,0.645,0.766,-0.233,0.417,0.678,0.806,-0.548,0.229,0.511,-0.463,0.67,0.748,0.781,0.401,0.773,-0.457,0.618,-0.083,0.737,0.732,0.712,0.553,0.706,0.136,0.535,0.7,0.245,0.72,0.748,0.365,0.384,0.607,-0.471,0.544,0.546,0.821,-0.369,0.224,0.797,0.692,0.874,0.817,0.749,0.763,0.735,0.826,-0.169,0.782,0.233,-0.106,0.755,0.688,-0.64,0.744,0.014,0.545,0.583,0.395,0.122,0.099,0.807,0.513,0.535,0.739,0.852,0.608,0.152,0.577,0.696,0.172,0.544,0.099,0.435,0.649,0.864,0.755,-0.124,0.182,0.725,0.541,0.379,0.723,0.148,0.853,0.68,0.839,0.155,-0.008,0.503,0.744,0.583,0.74,-0.436,0.309,0.249,0.636,0.576,0.846,0.875,-0.567,-0.663,0.858,-0.289,0.66,-0.089,0.511,0.81,0.755,0.385,0.176,0.078,0.199,0.594,0.672,0.652,0.816,0.364,0.685,0.653,0.793,0.588,0.906,0.324,0.531,0.851,0.145,0.851,0.702,0.784,0.791,0.554,0.591,0.539,0.478,0.03,0.328,0.332,0.806,0.789,0.691,0.645,0.716,0.682,0.66,0.803,0.759,0.714,0.751,0.468,0.09,0.631,0.477,0.743,0.302,0.572,0.284,0.33,-0.32,0.175,0.354,0.429,0.575,0.888,0.272
AUTL,0.386,0.068,0.233,0.138,0.559,0.215,0.39,0.049,0.133,0.458,0.341,0.158,0.542,0.338,-0.163,0.311,0.125,0.218,0.224,0.0,0.608,0.621,0.195,0.072,0.62,0.174,-0.071,-0.184,-0.037,0.555,0.179,0.296,0.21,0.018,0.217,0.173,0.042,0.204,0.371,0.164,0.248,-0.005,-0.062,-0.189,0.61,0.205,0.367,0.007,0.267,-0.189,-0.075,-0.26,0.206,0.546,-0.215,0.234,0.447,0.138,0.084,0.344,-0.069,0.064,0.263,0.172,0.062,-0.159,-0.026,-0.205,0.061,-0.016,-0.026,-0.023,0.172,0.532,0.039,0.192,0.107,0.396,0.043,0.184,0.212,0.089,0.225,0.397,0.166,-0.404,-0.066,0.102,-0.074,0.226,0.433,-0.171,-0.068,0.49,0.466,0.605,0.146,0.228,-0.101,-0.109,0.202,-0.135,0.391,0.288,0.322,0.234,-0.024,0.24,-0.419,0.033,0.119,0.15,0.496,0.703,0.363,0.422,-0.081,-0.031,-0.165,0.132,0.325,0.084,0.404,0.52,0.034,0.301,-0.165,0.055,-0.096,0.068,0.167,-0.163,0.059,-0.054,0.19,0.008,-0.086,0.126,0.233,0.25,0.097,-0.193,0.317,0.124,-0.091,0.668,0.117,0.425,0.449,0.244,-0.068,0.166,-0.264,0.224,-0.017,0.125,0.163,0.16,0.464,0.424,0.051,-0.206,0.23,0.076,0.248,0.175,0.272,-0.072,-0.112,-0.111,0.583,0.291,-0.314,0.3,0.29,0.089,-0.018,-0.102,-0.124,0.274,0.196,-0.068,0.106,0.312,-0.028,0.676,0.301,0.461,0.252,0.519,0.361,0.583,0.25,0.465,-0.497,-0.114,-0.329,-0.166,0.136,-0.067
AVDL,0.411,0.517,0.586,-0.054,0.711,0.488,0.419,-0.169,0.616,0.532,0.806,0.577,0.081,0.7,-0.412,0.596,0.006,0.574,0.669,0.608,0.0,0.719,-0.089,0.559,0.72,0.08,0.29,0.275,0.433,0.614,0.475,0.677,0.546,0.404,0.622,0.501,0.345,0.565,0.156,0.111,0.549,0.365,-0.223,0.006,0.812,-0.134,0.578,0.51,0.61,-0.032,0.293,-0.225,0.423,0.396,0.27,0.527,0.7,0.445,0.44,0.418,0.098,0.388,0.475,0.628,0.426,0.315,0.435,0.198,-0.001,0.192,0.259,0.416,0.103,0.615,0.391,0.639,0.586,0.742,0.501,0.663,0.539,0.635,-0.052,0.747,0.392,-0.201,0.388,0.347,-0.513,0.689,0.456,0.061,0.253,0.67,0.583,0.425,0.527,0.601,0.299,0.324,0.686,0.079,0.638,0.655,0.632,0.278,0.203,0.499,-0.012,0.356,0.562,0.483,0.125,0.484,0.703,0.754,0.009,0.302,-0.149,0.58,0.609,0.454,0.451,0.363,0.209,0.587,0.11,0.495,-0.497,0.208,0.283,0.124,0.346,0.448,0.571,-0.412,-0.303,0.526,0.03,0.598,0.193,0.148,0.79,0.508,-0.012,0.559,0.28,0.468,0.758,0.573,0.338,0.57,-0.091,0.539,0.243,0.567,0.315,0.641,0.699,0.518,0.422,0.097,0.652,0.544,0.685,0.487,0.541,0.202,0.384,0.183,0.417,0.479,-0.185,0.684,0.563,0.539,0.214,0.3,0.267,0.683,0.653,0.397,0.428,0.659,0.338,0.634,0.672,0.617,0.639,0.479,0.609,0.626,0.512,0.183,-0.083,-0.046,0.064,0.294,0.619,0.104
BCRX,0.576,0.485,0.654,-0.004,0.62,0.575,0.138,-0.401,0.537,0.629,0.481,0.498,0.441,0.67,-0.456,0.329,-0.015,0.399,0.595,0.621,0.719,0.0,0.137,0.077,0.802,-0.15,0.323,0.278,0.342,0.4,0.582,0.662,0.364,0.45,0.584,0.551,0.483,0.612,0.039,0.501,0.641,0.4,-0.438,0.08,0.619,0.052,0.654,0.401,0.622,0.226,0.332,-0.484,0.608,0.366,0.262,0.631,0.736,0.538,0.469,0.077,0.376,0.526,0.193,0.497,0.48,0.102,0.102,0.232,-0.35,0.397,0.325,0.45,-0.121,0.303,0.456,0.307,0.52,0.7,0.287,0.472,0.622,0.52,0.114,0.695,0.108,-0.207,0.345,0.512,-0.571,0.694,0.144,0.287,0.097,0.563,0.231,0.471,0.49,0.521,0.017,0.362,0.467,0.284,0.185,0.598,0.597,0.442,0.38,0.381,-0.1,0.351,0.479,0.597,0.339,0.536,0.7,0.54,0.253,0.418,0.031,0.604,0.496,0.484,0.156,0.25,0.501,0.693,0.263,0.491,-0.051,0.361,-0.023,0.179,0.585,0.377,0.583,-0.081,-0.385,0.51,-0.033,0.73,-0.116,0.172,0.563,0.339,0.303,0.576,-0.105,0.332,0.686,0.54,0.229,0.611,0.153,0.635,0.408,0.587,0.579,0.491,0.418,0.705,0.444,-0.328,0.61,0.34,0.614,0.503,0.435,0.377,0.151,0.08,0.513,0.277,0.047,0.633,0.688,0.457,0.444,0.378,0.225,0.435,0.562,0.462,0.528,0.621,0.183,0.439,0.363,0.644,0.616,0.608,0.556,0.546,0.111,0.078,-0.294,0.014,0.137,0.019,0.447,0.175
BHAT,0.33,0.226,0.224,-0.436,0.105,0.272,-0.495,-0.482,0.009,0.239,-0.246,0.077,0.335,-0.048,-0.396,-0.295,-0.248,-0.049,-0.031,0.195,-0.089,0.137,0.0,-0.489,0.44,-0.531,0.246,0.252,-0.059,-0.257,0.327,0.148,-0.105,0.254,0.166,0.233,0.283,0.22,-0.375,0.52,0.351,0.209,-0.447,-0.148,-0.012,0.251,0.356,0.032,0.045,0.366,0.21,-0.044,0.419,-0.252,0.105,0.288,0.231,0.368,0.187,-0.506,0.412,0.315,-0.361,-0.033,0.231,-0.51,-0.452,0.128,-0.209,0.385,0.201,0.177,-0.368,-0.347,0.192,-0.239,0.001,-0.146,-0.359,-0.112,0.315,-0.149,-0.002,0.098,-0.415,-0.043,0.043,0.276,-0.319,0.188,-0.251,0.421,-0.303,-0.089,-0.461,0.246,0.263,-0.155,-0.32,0.091,-0.11,0.315,-0.498,0.034,0.17,0.206,0.448,-0.242,0.157,0.402,0.025,0.303,0.314,-0.078,0.232,-0.187,0.499,0.258,0.432,0.151,-0.147,0.096,-0.401,-0.028,0.134,0.233,0.327,0.07,0.156,0.157,-0.621,-0.057,0.285,0.037,0.11,0.376,-0.303,0.112,-0.292,0.315,-0.508,-0.117,-0.156,0.035,0.413,0.196,-0.172,-0.226,-0.108,0.108,0.176,0.21,0.305,0.341,0.375,0.095,0.397,-0.062,-0.238,0.438,0.154,-0.565,0.099,-0.339,-0.08,0.216,0.159,0.381,-0.456,-0.073,0.109,-0.37,0.46,0.143,0.313,0.076,0.386,0.261,0.247,-0.09,0.08,0.153,0.135,0.087,0.267,-0.166,-0.238,-0.047,0.101,0.256,0.101,-0.376,-0.553,-0.115,-0.168,0.325,0.142,-0.186,-0.107,0.397
BLBD,0.008,0.261,0.267,-0.027,0.2,0.078,0.527,0.267,0.454,0.087,0.653,0.414,-0.451,0.419,0.068,0.563,0.191,0.259,0.546,0.072,0.559,0.077,-0.489,0.0,0.101,0.373,0.215,0.204,0.508,0.534,0.089,0.332,0.566,0.163,0.285,0.219,0.035,0.198,0.263,-0.326,0.123,0.246,0.181,0.22,0.499,-0.462,0.052,0.361,0.415,-0.288,0.267,0.105,-0.004,0.221,0.303,0.11,0.24,-0.025,0.165,0.709,-0.2,0.053,0.681,0.402,0.155,0.62,0.671,0.206,0.207,-0.093,0.029,0.248,0.165,0.6,0.241,0.814,0.514,0.477,0.706,0.582,0.172,0.535,-0.154,0.443,0.593,0.027,0.358,0.074,-0.095,0.303,0.46,-0.126,0.475,0.341,0.597,0.025,0.298,0.356,0.65,0.258,0.68,-0.039,0.66,0.266,0.217,-0.1,-0.149,0.177,0.115,0.085,0.52,0.104,-0.196,0.211,0.225,0.586,-0.253,0.098,-0.292,0.319,0.529,0.34,0.559,0.232,-0.091,0.12,0.004,0.269,-0.701,-0.167,0.7,0.33,-0.053,0.452,0.361,-0.65,-0.104,0.383,0.202,0.108,0.489,0.193,0.643,0.552,-0.242,-0.04,0.513,0.375,0.462,0.293,0.371,0.243,-0.278,0.084,-0.029,0.28,-0.155,0.59,0.568,-0.052,0.343,0.759,0.465,0.684,0.463,0.272,0.218,-0.065,0.64,0.403,-0.036,0.448,-0.235,0.322,0.105,0.405,-0.057,0.107,0.286,0.502,0.387,0.213,0.16,0.334,0.188,0.348,0.67,0.226,0.276,0.028,0.214,0.389,0.819,0.079,0.268,-0.032,0.064,0.663,0.64,-0.248
BMRN,0.639,0.644,0.76,-0.281,0.672,0.678,0.003,-0.551,0.611,0.666,0.436,0.599,0.429,0.675,-0.647,0.276,-0.126,0.395,0.589,0.62,0.72,0.802,0.44,0.101,0.0,-0.348,0.486,0.467,0.446,0.3,0.705,0.733,0.379,0.607,0.682,0.669,0.604,0.711,-0.156,0.57,0.789,0.526,-0.568,0.028,0.592,0.072,0.771,0.503,0.716,0.339,0.479,-0.42,0.727,0.173,0.389,0.738,0.846,0.683,0.575,-0.051,0.497,0.653,0.069,0.539,0.602,-0.089,0.036,0.352,-0.344,0.525,0.443,0.561,-0.32,0.22,0.571,0.347,0.566,0.608,0.225,0.537,0.74,0.516,-0.066,0.768,0.041,-0.149,0.45,0.636,-0.683,0.777,0.1,0.441,0.008,0.521,0.093,0.519,0.676,0.445,-0.006,0.417,0.564,0.413,0.086,0.629,0.681,0.46,0.574,0.182,0.103,0.591,0.559,0.701,0.295,0.382,0.785,0.461,0.474,0.548,0.252,0.687,0.482,0.528,0.11,0.203,0.489,0.744,0.429,0.585,-0.211,0.305,-0.156,0.169,0.651,0.498,0.641,-0.114,-0.522,0.606,-0.163,0.808,-0.323,0.155,0.573,0.449,0.45,0.611,0.027,0.234,0.63,0.629,0.474,0.692,0.242,0.755,0.553,0.654,0.654,0.545,0.348,0.81,0.558,-0.326,0.707,0.296,0.59,0.627,0.603,0.544,0.089,0.112,0.431,0.144,0.255,0.714,0.788,0.547,0.576,0.519,0.42,0.532,0.64,0.538,0.582,0.693,0.44,0.365,0.371,0.58,0.676,0.66,0.621,0.28,0.024,-0.043,-0.139,0.245,0.247,0.067,0.478,0.379
BNGO,-0.187,-0.635,-0.503,0.539,-0.138,-0.552,0.679,0.857,-0.417,-0.094,0.32,-0.504,-0.108,-0.257,0.705,0.472,0.255,-0.212,-0.321,0.174,0.08,-0.15,-0.531,0.373,-0.348,0.0,-0.735,-0.721,-0.353,0.572,-0.569,-0.428,-0.173,-0.738,-0.433,-0.577,-0.643,-0.563,0.739,-0.73,-0.496,-0.685,0.838,-0.058,0.297,0.162,-0.551,-0.474,-0.307,-0.824,-0.68,0.403,-0.603,0.649,-0.583,-0.574,-0.377,-0.61,-0.559,0.749,-0.848,-0.698,0.629,-0.267,-0.671,0.362,0.341,-0.573,0.727,-0.719,-0.614,-0.688,0.806,0.653,-0.666,0.188,-0.32,-0.137,0.0,-0.145,-0.528,-0.328,0.285,-0.206,0.529,0.12,-0.505,-0.657,0.546,-0.37,0.723,-0.874,-0.163,0.216,0.749,0.204,-0.597,0.078,0.03,-0.571,-0.2,-0.81,0.708,-0.21,-0.386,-0.043,-0.825,0.396,-0.671,-0.785,-0.37,-0.639,0.201,0.436,-0.423,0.277,-0.843,-0.73,-0.622,-0.552,0.044,-0.553,0.523,0.429,-0.548,-0.561,-0.785,-0.505,-0.09,-0.413,0.517,-0.451,-0.642,-0.531,-0.49,0.116,0.71,-0.55,0.751,-0.433,0.781,-0.432,-0.079,-0.29,-0.709,0.076,0.407,0.512,0.096,-0.278,-0.51,-0.578,-0.83,-0.555,-0.817,-0.52,-0.718,-0.362,0.527,-0.459,-0.614,0.424,-0.346,-0.006,-0.223,-0.535,-0.365,-0.829,0.094,-0.201,0.386,0.347,-0.87,-0.468,-0.648,-0.255,-0.804,-0.778,-0.578,-0.173,-0.392,-0.62,-0.551,-0.346,-0.564,0.627,0.102,-0.078,-0.395,0.015,-0.275,0.487,0.629,0.74,-0.201,-0.619,-0.467,0.037,-0.272,-0.703
BUSE,0.251,0.852,0.781,-0.609,0.352,0.703,-0.387,-0.764,0.77,0.179,0.122,0.832,-0.11,0.594,-0.667,-0.161,-0.006,0.384,0.758,-0.071,0.29,0.323,0.246,0.215,0.486,-0.735,0.0,0.937,0.755,-0.261,0.7,0.702,0.567,0.917,0.67,0.867,0.745,0.757,-0.581,0.654,0.649,0.961,-0.818,0.331,0.046,-0.517,0.668,0.74,0.679,0.761,0.965,-0.415,0.723,-0.462,0.885,0.734,0.582,0.653,0.723,-0.337,0.833,0.817,-0.186,0.547,0.841,0.085,0.032,0.733,-0.685,0.759,0.677,0.942,-0.76,-0.321,0.965,0.389,0.751,0.483,0.494,0.537,0.731,0.719,-0.212,0.549,-0.127,-0.075,0.808,0.795,-0.66,0.636,-0.487,0.903,0.529,-0.019,-0.437,-0.127,0.885,0.156,0.433,0.886,0.705,0.928,-0.371,0.409,0.565,0.001,0.81,-0.327,0.797,0.887,0.811,0.797,-0.18,-0.268,0.623,0.093,0.762,0.912,0.482,0.849,0.33,0.912,-0.199,-0.256,0.573,0.717,0.915,0.773,-0.296,0.384,-0.093,0.801,0.712,0.897,0.822,-0.478,-0.853,0.93,-0.615,0.598,-0.54,0.627,0.498,0.743,0.647,-0.091,-0.131,-0.311,0.224,0.506,0.81,0.812,0.726,0.687,0.907,0.742,0.731,0.82,-0.153,0.535,0.961,-0.013,0.752,0.51,0.595,0.8,0.513,0.879,0.301,0.602,-0.377,0.025,0.813,0.734,0.82,0.532,0.876,0.93,0.893,0.505,0.679,0.891,0.726,0.601,0.671,-0.432,0.321,0.315,0.598,0.032,0.406,-0.236,-0.122,-0.705,0.333,0.681,0.573,0.436,0.796,0.554
CAKE,0.253,0.893,0.769,-0.616,0.357,0.761,-0.479,-0.805,0.781,0.18,0.178,0.816,-0.139,0.574,-0.713,-0.095,-0.152,0.433,0.685,-0.184,0.275,0.278,0.252,0.204,0.467,-0.721,0.937,0.0,0.732,-0.284,0.735,0.701,0.498,0.912,0.687,0.832,0.766,0.778,-0.659,0.603,0.696,0.911,-0.823,0.26,0.04,-0.444,0.69,0.807,0.634,0.769,0.9,-0.353,0.736,-0.505,0.881,0.75,0.593,0.73,0.752,-0.397,0.816,0.84,-0.239,0.599,0.854,0.047,0.038,0.76,-0.648,0.766,0.747,0.919,-0.716,-0.361,0.906,0.343,0.682,0.445,0.409,0.558,0.754,0.735,-0.329,0.528,-0.177,0.02,0.782,0.754,-0.734,0.678,-0.498,0.881,0.451,0.022,-0.438,-0.15,0.886,0.211,0.389,0.826,0.653,0.868,-0.337,0.477,0.602,0.054,0.837,-0.24,0.824,0.896,0.715,0.815,-0.203,-0.379,0.61,0.11,0.773,0.905,0.515,0.846,0.301,0.813,-0.267,-0.349,0.573,0.727,0.888,0.804,-0.288,0.411,-0.174,0.671,0.746,0.876,0.777,-0.449,-0.795,0.868,-0.626,0.598,-0.54,0.652,0.528,0.721,0.639,-0.072,-0.15,-0.327,0.217,0.532,0.81,0.819,0.75,0.742,0.895,0.759,0.733,0.748,-0.112,0.573,0.887,-0.03,0.724,0.476,0.607,0.749,0.586,0.887,0.344,0.542,-0.378,-0.034,0.806,0.741,0.786,0.592,0.86,0.929,0.895,0.557,0.715,0.898,0.727,0.622,0.765,-0.423,0.328,0.352,0.624,0.028,0.419,-0.264,-0.174,-0.688,0.458,0.656,0.626,0.381,0.712,0.646
CASY,0.486,0.78,0.798,-0.367,0.291,0.669,0.088,-0.447,0.887,0.452,0.477,0.846,-0.167,0.753,-0.514,0.384,-0.117,0.517,0.77,-0.037,0.433,0.342,-0.059,0.508,0.446,-0.353,0.755,0.732,0.0,0.233,0.725,0.793,0.609,0.769,0.796,0.682,0.762,0.803,-0.355,0.348,0.722,0.805,-0.512,0.243,0.367,-0.271,0.584,0.806,0.724,0.412,0.808,-0.375,0.62,-0.191,0.877,0.706,0.685,0.622,0.794,0.037,0.578,0.759,0.053,0.777,0.776,0.308,0.424,0.827,-0.521,0.672,0.652,0.82,-0.505,0.051,0.789,0.551,0.815,0.686,0.754,0.829,0.769,0.834,-0.43,0.747,0.36,0.029,0.752,0.737,-0.598,0.697,-0.111,0.581,0.47,0.453,0.026,-0.06,0.837,0.58,0.402,0.719,0.829,0.645,0.016,0.634,0.711,0.323,0.608,0.066,0.658,0.624,0.779,0.736,-0.14,-0.147,0.695,0.407,0.512,0.767,0.355,0.866,0.689,0.758,0.1,-0.329,0.513,0.706,0.627,0.748,-0.4,0.313,0.252,0.568,0.65,0.904,0.851,-0.587,-0.566,0.787,-0.158,0.588,-0.173,0.588,0.72,0.699,0.559,0.155,0.117,0.209,0.565,0.752,0.824,0.811,0.44,0.677,0.681,0.804,0.613,0.843,0.213,0.455,0.828,0.245,0.849,0.805,0.76,0.857,0.663,0.654,0.719,0.385,-0.137,0.201,0.408,0.783,0.715,0.814,0.682,0.771,0.705,0.754,0.781,0.826,0.811,0.785,0.522,-0.149,0.643,0.343,0.763,0.32,0.616,0.103,0.244,-0.468,0.519,0.391,0.636,0.546,0.762,0.424
CCOI,0.454,0.006,0.186,0.271,0.31,0.065,0.783,0.392,0.275,0.577,0.718,0.168,0.16,0.399,0.114,0.864,0.03,0.257,0.261,0.555,0.614,0.4,-0.257,0.534,0.3,0.572,-0.261,-0.284,0.233,0.0,0.131,0.319,0.297,-0.13,0.306,-0.059,0.007,0.172,0.531,-0.311,0.185,-0.133,0.355,-0.087,0.811,0.22,0.09,0.12,0.217,-0.557,-0.158,-0.056,0.011,0.664,-0.098,0.103,0.384,-0.006,0.107,0.75,-0.39,-0.044,0.609,0.391,-0.038,0.326,0.552,-0.01,0.289,-0.127,-0.07,-0.106,0.446,0.803,-0.118,0.484,0.246,0.528,0.412,0.519,0.191,0.231,-0.02,0.519,0.751,-0.14,-0.042,-0.027,-0.006,0.272,0.744,-0.466,-0.049,0.81,0.874,0.422,0.053,0.617,0.023,-0.173,0.391,-0.401,0.772,0.421,0.329,0.417,-0.293,0.571,-0.381,-0.257,0.151,0.017,0.248,0.581,0.274,0.743,-0.436,-0.188,-0.308,0.134,0.619,-0.045,0.588,0.312,-0.121,0.168,-0.382,0.005,-0.337,-0.087,0.546,-0.269,-0.072,0.052,0.182,-0.241,0.204,0.004,0.61,0.155,0.584,-0.188,0.545,0.144,-0.253,0.587,0.445,0.834,0.724,0.387,-0.007,0.115,-0.558,0.123,-0.266,0.171,-0.093,0.234,0.793,0.149,-0.05,0.291,0.31,0.464,0.375,0.188,0.31,-0.317,0.433,-0.17,0.582,0.449,-0.661,0.258,0.046,0.414,-0.265,-0.217,-0.204,0.484,0.286,-0.089,0.149,0.409,-0.139,0.757,0.641,0.313,0.332,0.567,0.424,0.799,0.732,0.577,-0.072,-0.471,-0.14,0.208,0.191,-0.295
CEVA,0.768,0.901,0.941,-0.453,0.449,0.923,-0.166,-0.765,0.865,0.743,0.393,0.825,0.25,0.801,-0.847,0.32,-0.41,0.489,0.685,0.179,0.475,0.582,0.327,0.089,0.705,-0.569,0.7,0.735,0.725,0.131,0.0,0.926,0.491,0.854,0.933,0.734,0.946,0.95,-0.592,0.634,0.914,0.776,-0.787,-0.045,0.393,0.002,0.878,0.836,0.702,0.576,0.724,-0.607,0.914,-0.251,0.775,0.961,0.89,0.862,0.92,-0.289,0.786,0.965,-0.241,0.832,0.906,-0.047,0.097,0.809,-0.674,0.9,0.851,0.839,-0.593,-0.1,0.761,0.293,0.711,0.692,0.392,0.774,0.965,0.719,-0.422,0.838,-0.008,0.098,0.718,0.876,-0.873,0.868,-0.264,0.719,0.16,0.533,-0.146,0.211,0.879,0.651,0.038,0.644,0.631,0.689,-0.15,0.8,0.898,0.603,0.875,0.149,0.499,0.785,0.619,0.964,-0.012,-0.065,0.868,0.443,0.681,0.846,0.592,0.902,0.661,0.653,-0.242,-0.387,0.68,0.931,0.708,0.793,-0.072,0.497,-0.253,0.281,0.873,0.795,0.886,-0.242,-0.713,0.732,-0.301,0.83,-0.457,0.385,0.693,0.517,0.771,0.492,-0.116,0.173,0.531,0.872,0.714,0.918,0.593,0.966,0.836,0.91,0.89,0.693,0.19,0.87,0.76,-0.357,0.841,0.499,0.715,0.891,0.822,0.846,0.378,0.092,0.221,0.072,0.522,0.868,0.895,0.845,0.866,0.844,0.669,0.679,0.888,0.797,0.906,0.9,0.657,-0.05,0.495,0.447,0.903,0.607,0.773,0.022,-0.111,-0.393,0.315,0.377,0.695,0.225,0.529,0.651
