,AAPL,ACRS,ADP,AFYA,AGNC,AGYS,ALT,AMGN,AMPH,AMZN,ANIP,AOSL,APDN,APLT,APVO,ARGX,ARLP,ATEX,ATRA,AUTL,AVDL,BCRX,BHAT,BLBD,BMRN,BNGO,BUSE,CAKE,CASY,CCOI,CEVA,CHY,CLDX,CLMT,COHU,COLM,COST,CPRT,CSWC,CSX,DBX,DCOM,DKNG,DMLP,DOX,EA,EDIT,ENPH,ENSG,ERNA,ESGR,ETNB,EXTR,FANG,FARO,FATE,FGEN,FIVE,FIVN,FLGT,FOLD,FORM,FOXA,FRPT,FSLR,FTAI,GBDC,GDYN,GGAL,GNLN,GRFS,GT,HCAT,HCM,HFWA,HOLX,HQY,HUBG,IAC,ICLR,IDCC,IEP,IHRT,ILMN,ILPT,IMAB,IMOS,INMD,INTZ,JAZZ,JKHY,JRVR,KIDS,LBRDK,LGND,LMAT,LPLA,LULU,MASI,MAT,MATW,MBIN,MBIO,MCRB,MDB,MDLZ,MELI,MIRM,MLKN,MNMD,MNRO,MPWR,MRCY,MRSN,MTVA,NAAS,NDAQ,NDSN,NEGG,NOVT,NVDA,NWE,NWSA,NXST,OCX,ODFL,OMAB,OPCH,OPRA,ORGO,OTRK,OZK,PAGP,PCH,PEGA,PENG,PENN,PFBC,PGNY,PHAT,PHUN,PINC,PLUG,PLXS,PYPL,QLYS,QNCX,QQQX,QVCGA,RAPT,RBBN,RCKT,REPL,RMBS,ROAD,ROKU,ROP,RUSHA,SANM,SATS,SBCF,SBLK,SBUX,SCHL,SCSC,SDGR,SEIC,SFIX,SGRY,SKYW,SLP,SNES,STAA,STLD,STOK,SWKS,TER,TFIN,TIGO,TILE,TPIC,TTEC,TTEK,TTGT,UXIN,VERU,VLYPP,VNOM,VRNS,VRSN,WDAY,WERN,WINA,WKHS,WRLD,XP,XTKG,YY,ZION,ZM
AAPL,0.0,0.682,-0.382,-0.007,-0.146,-0.672,0.852,0.762,-0.16,0.927,-0.561,-0.299,0.135,-0.794,0.384,0.946,-0.784,-0.791,0.669,0.284,-0.713,0.778,0.559,-0.634,0.669,0.231,-0.471,-0.538,0.286,0.627,0.827,0.765,-0.156,-0.239,-0.079,-0.444,0.935,-0.064,-0.709,0.14,-0.451,-0.857,-0.755,0.022,-0.718,0.905,0.413,0.875,0.032,-0.596,0.57,0.82,-0.486,-0.757,-0.381,0.602,0.607,-0.793,0.787,0.816,0.545,0.729,-0.782,0.534,0.891,0.778,-0.135,-0.597,0.807,-0.43,-0.272,0.679,0.618,0.798,0.032,0.872,-0.536,0.72,0.921,0.923,0.511,-0.021,-0.838,0.745,-0.199,0.025,0.565,-0.011,-0.738,-0.595,0.18,0.893,-0.567,0.139,0.479,0.764,-0.446,0.583,0.5,0.684,0.188,-0.534,-0.584,0.12,0.333,0.076,0.712,-0.101,-0.794,0.081,0.237,0.916,-0.481,0.258,-0.82,-0.43,0.811,-0.252,-0.485,0.248,0.94,-0.292,0.419,-0.503,-0.768,0.88,-0.387,-0.567,0.898,-0.699,0.874,-0.482,-0.642,0.78,0.469,0.693,-0.395,-0.206,0.642,-0.759,0.138,-0.757,0.772,0.59,0.647,0.944,-0.714,0.877,0.436,-0.15,-0.087,0.773,-0.03,-0.335,-0.764,0.838,0.053,0.726,-0.089,-0.841,-0.782,-0.708,-0.302,-0.699,-0.037,0.579,0.296,0.659,0.328,-0.609,0.84,-0.201,0.476,-0.4,-0.074,0.611,0.844,-0.173,-0.264,-0.651,0.846,0.304,0.389,0.827,0.809,-0.82,0.728,-0.732,0.934,0.005,0.492,0.564,-0.26,0.669,-0.435,0.119,0.753,-0.75,-0.692,0.723
ACRS,0.682,0.0,-0.252,-0.163,0.171,-0.114,0.774,0.376,-0.624,0.634,-0.601,0.124,-0.292,-0.489,-0.061,0.716,-0.492,-0.418,0.151,-0.257,-0.432,0.471,0.676,-0.419,0.07,0.485,-0.363,-0.113,0.661,0.48,0.393,0.543,-0.595,0.194,0.024,-0.254,0.793,0.238,-0.246,0.309,-0.428,-0.658,-0.431,-0.234,-0.382,0.578,0.291,0.762,0.206,-0.066,0.73,0.747,-0.173,-0.409,-0.09,0.095,0.16,-0.461,0.395,0.853,-0.088,0.572,-0.503,0.317,0.811,0.653,0.158,-0.241,0.685,-0.488,0.033,0.666,0.595,0.35,-0.054,0.51,-0.331,0.803,0.658,0.675,0.236,0.36,-0.58,0.436,0.15,0.305,0.297,0.219,-0.576,-0.47,-0.284,0.536,-0.096,0.464,0.375,0.406,-0.04,0.537,0.205,0.756,0.517,-0.554,-0.152,-0.217,-0.176,0.399,0.301,-0.508,-0.585,-0.394,0.635,0.628,-0.391,-0.152,-0.548,-0.199,0.721,0.118,-0.659,0.103,0.673,0.035,0.49,-0.307,-0.64,0.615,-0.532,-0.114,0.675,-0.545,0.638,-0.099,-0.245,0.632,0.204,0.598,-0.3,-0.014,0.143,-0.452,0.416,-0.588,0.316,0.435,0.113,0.723,-0.467,0.762,0.392,-0.442,-0.109,0.384,-0.323,-0.077,-0.612,0.731,0.265,0.669,0.279,-0.414,-0.49,-0.478,0.079,-0.318,0.175,0.077,0.556,0.399,0.658,-0.169,0.435,-0.212,-0.14,-0.04,-0.23,0.573,0.322,0.056,-0.23,-0.321,0.636,-0.075,0.236,0.851,0.461,-0.76,0.448,-0.384,0.673,-0.135,0.144,0.425,-0.646,0.25,-0.025,0.064,0.735,-0.784,-0.275,0.253
ADP,-0.382,-0.252,0.0,0.369,0.544,0.691,-0.558,-0.069,0.151,-0.351,0.528,0.709,-0.37,0.527,-0.293,-0.459,0.558,0.482,-0.343,-0.446,0.499,-0.42,0.092,0.726,-0.333,0.115,0.621,0.708,0.31,0.165,-0.149,0.109,0.063,0.274,0.683,0.758,-0.386,0.763,0.681,0.658,0.522,0.487,0.565,0.281,0.685,-0.336,0.081,-0.333,0.771,0.512,-0.037,-0.227,0.583,0.703,0.631,-0.04,0.045,0.69,-0.188,-0.306,-0.297,0.095,0.737,0.249,-0.36,-0.24,0.722,0.754,-0.481,0.28,0.52,0.03,-0.108,-0.409,0.251,-0.137,0.632,-0.027,-0.339,-0.316,0.084,0.644,0.286,0.036,0.774,-0.126,0.122,0.332,0.417,0.742,0.405,-0.369,0.677,0.437,-0.157,-0.137,0.804,0.285,0.278,0.16,0.243,0.598,0.392,0.084,-0.172,0.544,-0.191,0.001,0.318,0.194,0.283,-0.263,0.721,-0.127,0.401,0.534,-0.008,0.714,0.415,0.557,-0.333,0.815,0.407,0.832,0.111,-0.195,0.546,0.54,-0.316,0.476,-0.164,0.714,0.761,-0.125,0.114,0.151,0.463,0.543,-0.236,0.435,-0.03,0.713,-0.303,-0.431,-0.095,-0.222,0.558,-0.124,0.437,0.057,0.408,-0.251,-0.31,0.834,0.708,-0.329,0.575,-0.033,0.521,0.638,0.741,0.693,0.828,0.682,0.541,-0.264,0.483,0.068,0.337,0.754,-0.33,-0.073,-0.328,0.627,0.222,0.171,-0.271,0.362,0.875,0.739,-0.14,0.502,0.408,-0.228,-0.442,0.459,-0.259,0.681,-0.254,0.497,0.037,-0.063,0.36,-0.242,0.666,0.316,-0.392,0.471,0.641,-0.386
AFYA,-0.007,-0.163,0.369,0.0,-0.038,0.075,-0.309,0.195,0.081,0.129,-0.036,0.327,-0.259,0.27,-0.078,0.061,0.225,0.128,0.028,-0.15,0.201,-0.025,0.089,-0.053,0.127,-0.198,-0.158,0.076,0.06,0.285,-0.025,0.216,0.254,0.085,0.373,-0.071,0.009,0.421,-0.065,0.136,0.728,-0.063,0.3,-0.055,-0.144,0.03,0.608,-0.013,0.108,0.168,-0.114,0.142,-0.055,0.299,-0.128,0.375,0.087,0.09,0.212,0.104,0.157,0.378,0.166,0.432,0.032,-0.286,-0.03,0.331,-0.061,-0.381,0.277,-0.25,0.168,-0.047,-0.36,0.045,0.098,0.018,0.069,-0.021,0.139,0.088,-0.022,0.204,0.057,-0.454,0.52,-0.002,0.3,0.319,0.387,-0.213,0.118,0.297,-0.2,-0.079,0.215,0.273,0.681,0.142,-0.377,-0.05,0.145,0.687,0.301,0.099,0.196,0.159,-0.227,0.163,-0.239,0.081,0.193,0.113,0.15,0.146,-0.032,0.384,0.537,0.114,0.158,0.049,0.071,0.235,-0.046,0.216,0.348,-0.124,-0.003,-0.078,0.122,0.104,0.412,-0.087,0.01,0.351,0.076,-0.272,0.071,0.243,-0.448,0.199,-0.011,-0.429,0.337,0.107,0.356,0.221,0.088,0.185,0.729,0.265,-0.357,0.428,-0.017,0.003,0.352,-0.211,-0.198,0.038,0.071,0.432,0.363,-0.103,-0.172,-0.046,0.188,0.427,0.01,-0.015,0.029,-0.115,-0.115,-0.015,0.077,0.461,0.278,-0.309,0.572,0.089,-0.05,0.201,0.034,-0.13,0.183,0.092,-0.191,0.174,0.114,0.617,0.423,0.39,0.35,-0.14,0.058,0.686,-0.005,0.301,0.056,0.146
AGNC,-0.146,0.171,0.544,-0.038,0.0,0.601,-0.148,-0.195,-0.171,-0.3,0.34,0.7,-0.271,0.265,-0.254,-0.183,0.38,0.315,-0.37,-0.416,0.193,-0.243,0.159,0.546,-0.466,0.266,0.432,0.658,0.433,0.15,-0.189,-0.085,-0.402,0.562,0.279,0.569,-0.12,0.704,0.613,0.728,0.019,0.256,0.326,0.036,0.529,-0.292,-0.068,-0.091,0.668,0.391,0.346,-0.056,0.636,0.474,0.802,-0.195,0.003,0.489,-0.253,0.026,-0.504,-0.022,0.432,0.181,0.024,0.112,0.701,0.464,-0.139,0.102,0.47,0.36,0.013,-0.314,0.318,-0.127,0.585,0.202,-0.176,-0.028,0.005,0.734,0.225,-0.006,0.65,0.249,-0.171,0.606,0.093,0.36,-0.194,-0.121,0.577,0.446,0.021,-0.006,0.647,0.182,-0.073,0.243,0.59,0.251,0.378,-0.144,-0.44,0.598,-0.407,-0.285,0.283,-0.259,0.564,-0.122,0.408,-0.069,0.205,0.17,0.168,0.637,-0.078,0.287,-0.214,0.603,0.52,0.59,0.007,-0.117,0.14,0.681,-0.288,0.466,-0.151,0.589,0.516,-0.047,-0.025,0.013,0.314,0.552,-0.481,0.258,0.603,0.378,-0.303,0.054,-0.336,-0.062,0.382,-0.008,0.263,-0.201,-0.041,-0.176,-0.042,0.473,0.418,-0.208,0.672,0.297,0.697,0.516,0.485,0.364,0.694,0.601,0.647,-0.436,0.614,-0.095,0.611,0.716,-0.348,0.011,-0.442,0.583,0.158,0.186,-0.376,0.423,0.479,0.625,0.097,0.128,0.282,0.138,-0.394,0.189,-0.203,0.494,-0.1,-0.018,-0.207,-0.005,-0.13,-0.257,0.706,-0.036,-0.045,-0.01,0.487,-0.546
AGYS,-0.672,-0.114,0.691,0.075,0.601,0.0,-0.547,-0.567,-0.294,-0.659,0.371,0.79,-0.582,0.726,-0.652,-0.639,0.743,0.764,-0.804,-0.754,0.677,-0.693,-0.023,0.714,-0.843,0.135,0.513,0.857,0.393,-0.209,-0.631,-0.362,-0.343,0.619,0.444,0.639,-0.546,0.649,0.905,0.483,0.398,0.613,0.769,-0.154,0.79,-0.687,-0.163,-0.533,0.526,0.753,0.015,-0.394,0.7,0.857,0.697,-0.603,-0.409,0.842,-0.636,-0.325,-0.823,-0.237,0.801,-0.147,-0.446,-0.436,0.599,0.822,-0.521,0.169,0.664,-0.129,-0.18,-0.792,0.072,-0.597,0.67,-0.124,-0.62,-0.592,-0.313,0.658,0.589,-0.424,0.715,0.191,-0.314,0.469,0.542,0.622,-0.251,-0.696,0.892,0.454,-0.236,-0.557,0.877,-0.078,-0.223,-0.011,0.378,0.403,0.618,-0.269,-0.607,0.551,-0.622,-0.292,0.556,-0.37,0.419,-0.602,0.528,-0.512,0.663,0.469,-0.291,0.754,0.208,0.099,-0.617,0.728,0.209,0.74,0.387,-0.54,0.23,0.81,-0.58,0.604,-0.538,0.82,0.862,-0.403,-0.337,-0.218,0.433,0.462,-0.746,0.704,0.25,0.649,-0.749,-0.428,-0.68,-0.511,0.68,-0.357,0.033,-0.146,0.232,-0.581,-0.395,0.701,0.674,-0.463,0.506,-0.251,0.644,0.897,0.824,0.754,0.823,0.825,0.436,-0.746,0.398,-0.355,0.352,0.892,-0.756,0.03,-0.807,0.757,0.057,-0.062,-0.768,0.415,0.532,0.816,-0.427,-0.171,-0.031,-0.317,-0.709,0.5,-0.584,0.839,-0.571,0.098,-0.429,-0.288,-0.112,-0.674,0.828,0.123,-0.432,0.418,0.859,-0.779
ALT,0.852,0.774,-0.558,-0.309,-0.148,-0.547,0.0,0.526,-0.465,0.779,-0.723,-0.333,0.071,-0.723,0.171,0.869,-0.789,-0.659,0.396,0.119,-0.623,0.648,0.516,-0.626,0.441,0.289,-0.512,-0.507,0.393,0.416,0.613,0.566,-0.424,-0.063,-0.137,-0.514,0.906,-0.19,-0.585,-0.005,-0.667,-0.809,-0.687,-0.196,-0.649,0.775,0.256,0.83,-0.097,-0.507,0.688,0.748,-0.45,-0.746,-0.362,0.236,0.3,-0.744,0.541,0.817,0.275,0.539,-0.775,0.284,0.901,0.777,-0.159,-0.625,0.771,-0.406,-0.195,0.635,0.627,0.611,0.046,0.704,-0.57,0.752,0.796,0.804,0.262,0.018,-0.724,0.544,-0.191,0.317,0.302,0.048,-0.726,-0.708,-0.155,0.787,-0.505,0.178,0.57,0.503,-0.413,0.363,0.116,0.635,0.341,-0.636,-0.505,-0.227,0.026,0.163,0.437,-0.354,-0.695,-0.226,0.451,0.757,-0.646,-0.033,-0.743,-0.477,0.781,-0.251,-0.724,-0.039,0.817,-0.301,0.339,-0.614,-0.641,0.718,-0.711,-0.453,0.834,-0.698,0.725,-0.413,-0.663,0.722,0.293,0.478,-0.447,-0.171,0.345,-0.684,0.321,-0.852,0.514,0.655,0.317,0.792,-0.728,0.766,0.275,-0.221,-0.252,0.635,-0.055,-0.47,-0.815,0.874,0.029,0.678,0.024,-0.722,-0.77,-0.738,-0.392,-0.618,-0.095,0.357,0.283,0.382,0.401,-0.519,0.666,-0.172,0.239,-0.309,-0.198,0.412,0.58,-0.077,-0.514,-0.691,0.752,-0.01,0.183,0.88,0.693,-0.859,0.597,-0.681,0.78,-0.32,0.231,0.388,-0.607,0.491,-0.379,-0.06,0.8,-0.796,-0.57,0.491
AMGN,0.762,0.376,-0.069,0.195,-0.195,-0.567,0.526,0.0,0.144,0.844,-0.257,-0.334,0.184,-0.73,0.555,0.735,-0.704,-0.778,0.763,0.156,-0.664,0.75,0.465,-0.393,0.791,0.239,-0.296,-0.556,0.17,0.795,0.762,0.834,0.146,-0.443,0.056,-0.218,0.729,0.07,-0.556,0.183,-0.314,-0.729,-0.682,0.286,-0.61,0.841,0.277,0.729,0.225,-0.433,0.247,0.742,-0.545,-0.632,-0.262,0.801,0.629,-0.715,0.824,0.529,0.623,0.757,-0.603,0.623,0.598,0.681,0.151,-0.289,0.514,-0.322,-0.323,0.519,0.339,0.823,0.094,0.892,-0.449,0.566,0.86,0.774,0.701,-0.01,-0.861,0.867,0.043,-0.251,0.797,-0.147,-0.633,-0.374,0.513,0.73,-0.532,0.128,0.261,0.678,-0.386,0.599,0.684,0.609,0.058,-0.309,-0.557,0.308,0.46,0.071,0.682,0.044,-0.791,0.367,0.074,0.843,-0.052,0.312,-0.767,-0.051,0.728,-0.244,-0.34,0.425,0.767,-0.031,0.475,-0.306,-0.796,0.866,0.009,-0.571,0.715,-0.625,0.866,-0.429,-0.509,0.644,0.754,0.723,-0.419,-0.097,0.736,-0.758,-0.15,-0.445,0.849,0.264,0.783,0.777,-0.612,0.741,0.694,-0.154,-0.062,0.609,-0.027,-0.15,-0.477,0.641,-0.015,0.679,-0.176,-0.751,-0.621,-0.534,-0.217,-0.555,0.027,0.728,0.236,0.849,0.179,-0.485,0.858,-0.24,0.526,-0.402,-0.236,0.582,0.828,-0.315,-0.009,-0.483,0.787,0.536,0.613,0.596,0.681,-0.571,0.787,-0.655,0.868,0.367,0.642,0.444,0.203,0.818,-0.422,0.183,0.488,-0.511,-0.674,0.736
AMPH,-0.16,-0.624,0.151,0.081,-0.171,-0.294,-0.465,0.144,0.0,-0.179,0.681,-0.273,0.548,-0.061,0.574,-0.296,0.031,-0.18,0.483,0.615,-0.076,0.096,-0.408,0.301,0.417,-0.272,0.431,-0.153,-0.663,-0.068,0.213,-0.072,0.817,-0.59,-0.074,0.317,-0.38,-0.259,-0.077,-0.096,0.098,0.356,-0.147,0.751,0.11,-0.065,-0.327,-0.249,-0.04,-0.144,-0.666,-0.421,0.03,-0.059,0.061,0.381,0.221,0.031,0.139,-0.574,0.54,-0.312,0.081,-0.138,-0.498,-0.086,-0.04,-0.145,-0.311,0.547,-0.46,-0.182,-0.564,0.269,0.35,0.063,0.02,-0.515,-0.157,-0.098,0.321,-0.388,0.052,0.056,-0.154,-0.558,0.059,-0.386,0.037,0.273,0.623,0.074,-0.27,-0.58,-0.198,0.272,-0.268,-0.058,0.168,-0.489,-0.341,0.537,-0.055,0.392,0.537,-0.513,0.22,0.625,0.278,0.792,-0.652,-0.071,0.464,0.636,-0.069,0.221,-0.307,-0.366,0.388,0.347,-0.262,-0.026,-0.246,0.111,0.104,-0.113,0.684,-0.153,-0.261,0.292,-0.114,-0.205,-0.163,-0.119,0.329,-0.137,0.074,0.233,0.436,-0.144,-0.384,0.392,0.355,-0.017,0.362,-0.253,-0.036,-0.427,0.048,0.238,-0.135,-0.165,0.576,-0.006,0.423,-0.503,-0.456,-0.11,-0.318,-0.053,0.144,-0.06,-0.255,0.108,0.193,0.482,-0.468,0.041,-0.524,-0.054,0.166,0.111,0.689,-0.223,0.262,-0.366,0.172,0.006,0.203,0.192,-0.094,0.544,0.31,-0.436,-0.13,0.465,0.208,-0.072,-0.188,0.273,0.204,-0.127,0.861,0.398,-0.27,-0.305,-0.42,0.313,-0.18,0.174
AMZN,0.927,0.634,-0.351,0.129,-0.3,-0.659,0.779,0.844,-0.179,0.0,-0.64,-0.345,0.124,-0.8,0.44,0.93,-0.781,-0.817,0.721,0.18,-0.738,0.822,0.585,-0.706,0.7,0.309,-0.606,-0.626,0.229,0.672,0.757,0.82,-0.077,-0.376,-0.069,-0.535,0.93,-0.058,-0.757,0.028,-0.347,-0.921,-0.739,-0.016,-0.782,0.941,0.442,0.864,-0.028,-0.518,0.416,0.879,-0.666,-0.771,-0.52,0.705,0.499,-0.823,0.885,0.779,0.539,0.822,-0.813,0.529,0.828,0.727,-0.143,-0.499,0.745,-0.57,-0.36,0.513,0.534,0.822,-0.155,0.84,-0.65,0.695,0.951,0.825,0.572,-0.101,-0.913,0.749,-0.177,-0.111,0.72,-0.222,-0.715,-0.655,0.231,0.77,-0.596,0.139,0.297,0.619,-0.493,0.634,0.61,0.657,0.036,-0.611,-0.567,0.246,0.468,-0.003,0.784,-0.133,-0.91,0.068,0.135,0.939,-0.407,0.227,-0.806,-0.238,0.755,-0.297,-0.472,0.186,0.967,-0.297,0.315,-0.588,-0.824,0.915,-0.335,-0.714,0.923,-0.841,0.926,-0.576,-0.582,0.667,0.587,0.773,-0.537,-0.348,0.708,-0.793,-0.099,-0.764,0.8,0.379,0.759,0.929,-0.692,0.886,0.487,-0.25,-0.043,0.724,-0.124,-0.286,-0.809,0.851,-0.013,0.649,-0.276,-0.883,-0.828,-0.672,-0.31,-0.789,-0.187,0.675,0.205,0.805,0.205,-0.676,0.882,-0.273,0.421,-0.543,-0.291,0.691,0.873,-0.38,-0.272,-0.72,0.76,0.257,0.311,0.749,0.884,-0.813,0.719,-0.801,0.953,0.244,0.668,0.622,-0.17,0.695,-0.544,0.255,0.714,-0.714,-0.766,0.838
ANIP,-0.561,-0.601,0.528,-0.036,0.34,0.371,-0.723,-0.257,0.681,-0.64,0.0,0.215,0.123,0.367,0.086,-0.68,0.476,0.334,-0.124,0.041,0.333,-0.418,-0.439,0.762,-0.204,-0.225,0.798,0.405,-0.336,-0.252,-0.226,-0.35,0.413,-0.05,0.112,0.733,-0.716,0.161,0.591,0.292,0.184,0.743,0.295,0.606,0.649,-0.588,-0.53,-0.612,0.365,0.278,-0.51,-0.642,0.495,0.495,0.577,-0.099,-0.018,0.525,-0.403,-0.71,-0.113,-0.502,0.597,-0.22,-0.735,-0.327,0.41,0.388,-0.55,0.687,0.036,-0.155,-0.619,-0.297,0.458,-0.313,0.586,-0.54,-0.555,-0.418,0.016,0.096,0.471,-0.241,0.328,-0.213,-0.252,0.143,0.345,0.658,0.255,-0.337,0.323,-0.255,-0.269,-0.034,0.337,-0.204,-0.152,-0.442,0.021,0.772,0.259,0.029,-0.101,-0.036,-0.349,0.371,0.626,0.465,-0.266,-0.497,0.713,0.231,0.355,0.37,-0.415,0.142,0.406,0.359,-0.704,0.438,0.015,0.644,0.36,-0.501,0.74,0.498,-0.663,0.707,-0.486,0.408,0.345,-0.38,0.009,-0.37,0.383,0.582,-0.148,0.327,-0.046,0.794,-0.177,-0.219,-0.244,-0.586,0.359,-0.643,0.055,0.179,-0.115,-0.58,0.309,0.316,0.863,-0.787,-0.11,-0.202,0.222,0.545,0.686,0.412,0.261,0.67,0.473,-0.121,-0.077,-0.314,-0.176,0.555,-0.411,0.173,0.089,0.384,0.262,-0.44,-0.406,0.334,0.451,0.715,-0.338,0.352,0.29,-0.599,-0.659,0.69,-0.164,0.502,-0.548,0.102,-0.298,-0.456,0.654,-0.086,0.408,-0.314,-0.672,0.515,0.438,-0.456
AOSL,-0.299,0.124,0.709,0.327,0.7,0.79,-0.333,-0.334,-0.273,-0.345,0.215,0.0,-0.637,0.583,-0.565,-0.316,0.551,0.56,-0.577,-0.621,0.541,-0.454,0.176,0.567,-0.614,0.25,0.434,0.846,0.566,0.078,-0.274,-0.058,-0.328,0.639,0.638,0.538,-0.214,0.821,0.649,0.707,0.46,0.39,0.609,-0.072,0.562,-0.379,0.2,-0.203,0.614,0.61,0.258,-0.106,0.652,0.719,0.621,-0.333,-0.234,0.68,-0.318,-0.001,-0.598,0.064,0.646,0.147,-0.104,-0.196,0.563,0.649,-0.291,0.023,0.653,0.133,0.089,-0.529,0.107,-0.285,0.553,0.157,-0.309,-0.253,-0.1,0.775,0.335,-0.154,0.7,0.08,-0.023,0.503,0.352,0.56,-0.026,-0.394,0.755,0.603,-0.096,-0.231,0.874,0.31,0.125,0.249,0.455,0.307,0.576,-0.063,-0.425,0.662,-0.323,-0.36,0.303,-0.236,0.484,-0.254,0.399,-0.291,0.411,0.353,0.008,0.901,0.234,0.277,-0.245,0.695,0.384,0.702,0.105,-0.182,0.133,0.658,-0.287,0.367,-0.198,0.751,0.818,-0.1,-0.206,0.124,0.355,0.482,-0.547,0.527,0.187,0.511,-0.51,-0.221,-0.367,-0.157,0.559,-0.021,0.205,-0.094,0.453,-0.248,-0.434,0.772,0.444,-0.205,0.696,-0.023,0.657,0.68,0.655,0.657,0.891,0.661,0.513,-0.597,0.61,-0.058,0.572,0.785,-0.482,-0.081,-0.65,0.672,0.152,0.262,-0.4,0.419,0.656,0.739,-0.118,0.092,0.165,-0.018,-0.456,0.296,-0.411,0.695,-0.248,0.212,-0.144,0.093,-0.155,-0.491,0.732,0.276,-0.172,0.21,0.706,-0.561
APDN,0.135,-0.292,-0.37,-0.259,-0.271,-0.582,0.071,0.184,0.548,0.124,0.123,-0.637,0.0,-0.438,0.728,0.098,-0.222,-0.451,0.578,0.666,-0.432,0.417,-0.306,-0.215,0.514,-0.24,-0.105,-0.572,-0.66,-0.13,0.252,-0.055,0.464,-0.622,-0.458,-0.245,0.015,-0.634,-0.441,-0.454,-0.337,-0.109,-0.48,0.26,-0.266,0.198,-0.312,0.072,-0.409,-0.384,-0.359,-0.157,-0.313,-0.468,-0.236,0.381,0.209,-0.377,0.297,-0.17,0.586,-0.224,-0.433,-0.314,-0.076,0.248,-0.34,-0.58,0.167,0.191,-0.591,-0.078,-0.331,0.486,0.171,0.123,-0.341,-0.327,0.143,0.045,0.36,-0.597,-0.186,0.095,-0.454,-0.292,0.021,-0.527,-0.224,-0.322,0.141,0.317,-0.606,-0.666,0.046,0.182,-0.678,-0.242,-0.144,-0.391,-0.307,-0.068,-0.195,0.184,0.524,-0.64,0.34,0.431,0.015,0.292,-0.475,0.182,-0.027,0.613,-0.26,-0.163,-0.101,-0.711,-0.072,-0.103,0.062,-0.49,-0.39,-0.455,0.028,0.034,0.115,-0.526,0.075,-0.073,0.029,-0.566,-0.557,-0.063,0.357,-0.199,-0.342,-0.121,0.409,-0.444,-0.127,-0.255,0.416,0.28,0.376,0.002,-0.313,-0.202,-0.191,0.04,-0.439,0.144,0.815,-0.533,-0.088,-0.085,-0.493,0.074,-0.465,-0.422,-0.327,-0.467,-0.63,-0.371,-0.146,0.587,-0.56,0.035,-0.545,-0.407,0.368,0.165,0.731,-0.488,-0.032,-0.257,0.34,-0.151,-0.353,-0.348,0.07,0.093,-0.03,-0.052,0.283,0.052,0.26,-0.464,0.069,-0.017,0.252,-0.056,0.403,0.444,-0.554,-0.285,0.041,-0.037,-0.514,0.415
APLT,-0.794,-0.489,0.527,0.27,0.265,0.726,-0.723,-0.73,-0.061,-0.8,0.367,0.583,-0.438,0.0,-0.709,-0.759,0.852,0.951,-0.838,-0.36,0.938,-0.874,-0.391,0.574,-0.67,-0.262,0.466,0.725,0.084,-0.408,-0.697,-0.553,0.029,0.578,0.396,0.414,-0.748,0.338,0.724,0.046,0.737,0.798,0.951,-0.222,0.689,-0.784,0.086,-0.721,0.141,0.611,-0.185,-0.614,0.65,0.914,0.358,-0.631,-0.428,0.867,-0.749,-0.517,-0.484,-0.491,0.884,-0.194,-0.621,-0.82,0.146,0.668,-0.655,0.316,0.654,-0.515,-0.147,-0.918,-0.048,-0.728,0.678,-0.5,-0.851,-0.766,-0.651,0.301,0.86,-0.619,0.229,0.129,-0.491,0.313,0.893,0.781,-0.09,-0.831,0.738,0.275,-0.201,-0.672,0.71,-0.385,-0.255,-0.365,-0.134,0.48,0.659,-0.095,-0.437,0.247,-0.601,0.069,0.687,-0.096,0.009,-0.826,0.312,-0.387,0.88,0.209,-0.556,0.624,0.665,-0.182,-0.712,0.363,-0.173,0.69,0.77,-0.738,0.232,0.661,-0.731,0.674,-0.755,0.736,0.829,-0.492,-0.668,-0.482,0.638,0.187,-0.685,0.958,-0.053,0.74,-0.889,-0.587,-0.62,-0.721,0.889,-0.563,-0.417,0.39,0.561,-0.484,-0.282,0.537,0.643,-0.553,0.338,-0.734,0.288,0.894,0.827,0.86,0.587,0.704,0.061,-0.789,0.077,-0.601,0.038,0.674,-0.835,0.032,-0.592,0.654,0.356,-0.382,-0.7,0.34,0.525,0.637,-0.737,-0.183,-0.342,-0.61,-0.708,0.699,-0.832,0.906,-0.789,-0.011,-0.449,-0.406,0.046,-0.858,0.637,0.235,-0.56,0.768,0.879,-0.707
APVO,0.384,-0.061,-0.293,-0.078,-0.254,-0.652,0.171,0.555,0.574,0.44,0.086,-0.565,0.728,-0.709,0.0,0.352,-0.517,-0.751,0.869,0.549,-0.708,0.689,0.056,-0.295,0.674,0.064,-0.203,-0.614,-0.531,0.215,0.468,0.289,0.465,-0.774,-0.393,-0.252,0.275,-0.39,-0.57,-0.195,-0.393,-0.389,-0.708,0.447,-0.476,0.476,-0.223,0.323,-0.205,-0.404,-0.322,0.194,-0.549,-0.66,-0.256,0.702,0.306,-0.586,0.613,0.002,0.619,0.157,-0.601,0.027,0.106,0.49,-0.158,-0.467,0.262,-0.056,-0.797,0.133,-0.314,0.794,0.084,0.43,-0.497,-0.012,0.486,0.359,0.66,-0.479,-0.562,0.389,-0.255,-0.428,0.412,-0.58,-0.564,-0.489,0.314,0.499,-0.668,-0.561,-0.162,0.467,-0.686,0.168,0.251,-0.125,-0.223,-0.135,-0.391,0.424,0.687,-0.538,0.535,0.316,-0.367,0.425,-0.451,0.524,0.058,0.685,-0.591,0.055,0.135,-0.676,-0.239,0.144,0.335,-0.341,-0.165,-0.482,-0.446,0.411,0.216,-0.638,0.298,-0.339,0.435,-0.705,-0.598,0.108,0.679,0.223,-0.562,-0.114,0.678,-0.741,-0.272,-0.309,0.776,0.251,0.674,0.286,-0.537,0.103,0.232,-0.205,-0.467,0.184,0.618,-0.422,-0.248,0.046,-0.501,0.372,-0.537,-0.652,-0.517,-0.579,-0.546,-0.495,-0.053,0.828,-0.413,0.483,-0.419,-0.522,0.638,-0.014,0.747,-0.69,-0.289,0.095,0.566,-0.395,-0.28,-0.374,0.369,0.302,0.253,0.118,0.45,-0.133,0.623,-0.705,0.421,0.265,0.533,0.237,0.511,0.78,-0.667,-0.246,0.164,-0.356,-0.757,0.615
ARGX,0.946,0.716,-0.459,0.061,-0.183,-0.639,0.869,0.735,-0.296,0.93,-0.68,-0.316,0.098,-0.759,0.352,0.0,-0.771,-0.767,0.61,0.181,-0.703,0.799,0.562,-0.727,0.624,0.246,-0.622,-0.596,0.291,0.624,0.707,0.723,-0.223,-0.184,-0.134,-0.581,0.963,-0.055,-0.716,0.025,-0.417,-0.923,-0.709,-0.135,-0.8,0.89,0.471,0.885,-0.057,-0.539,0.56,0.893,-0.576,-0.752,-0.449,0.583,0.474,-0.824,0.779,0.87,0.478,0.732,-0.833,0.502,0.917,0.743,-0.177,-0.557,0.815,-0.581,-0.253,0.575,0.625,0.758,-0.112,0.806,-0.608,0.745,0.927,0.877,0.47,-0.035,-0.85,0.697,-0.229,0.064,0.585,-0.06,-0.708,-0.668,0.053,0.786,-0.572,0.212,0.417,0.606,-0.472,0.527,0.495,0.682,0.126,-0.696,-0.51,0.186,0.319,0.067,0.666,-0.193,-0.869,-0.054,0.233,0.906,-0.514,0.195,-0.789,-0.409,0.788,-0.244,-0.529,0.054,0.95,-0.355,0.347,-0.587,-0.758,0.893,-0.468,-0.616,0.879,-0.768,0.874,-0.515,-0.599,0.707,0.439,0.683,-0.506,-0.328,0.539,-0.73,0.12,-0.823,0.694,0.488,0.614,0.921,-0.672,0.894,0.36,-0.236,-0.06,0.77,-0.089,-0.383,-0.866,0.871,0.074,0.676,-0.185,-0.844,-0.847,-0.687,-0.319,-0.766,-0.158,0.502,0.281,0.684,0.325,-0.643,0.804,-0.262,0.357,-0.46,-0.2,0.641,0.803,-0.286,-0.319,-0.73,0.797,0.127,0.256,0.833,0.852,-0.842,0.667,-0.761,0.938,0.026,0.517,0.608,-0.332,0.591,-0.475,0.181,0.802,-0.776,-0.713,0.71
ARLP,-0.784,-0.492,0.558,0.225,0.38,0.743,-0.789,-0.704,0.031,-0.781,0.476,0.551,-0.222,0.852,-0.517,-0.771,0.0,0.857,-0.707,-0.322,0.771,-0.762,-0.394,0.538,-0.684,-0.271,0.427,0.682,-0.075,-0.402,-0.75,-0.605,0.018,0.45,0.182,0.429,-0.788,0.331,0.716,0.103,0.68,0.759,0.838,-0.184,0.745,-0.823,-0.053,-0.733,0.166,0.628,-0.311,-0.644,0.661,0.91,0.434,-0.469,-0.316,0.861,-0.67,-0.516,-0.494,-0.495,0.813,-0.261,-0.664,-0.757,0.214,0.642,-0.552,0.213,0.562,-0.496,-0.299,-0.841,-0.109,-0.791,0.725,-0.579,-0.82,-0.818,-0.449,0.234,0.829,-0.656,0.254,-0.051,-0.451,0.246,0.839,0.713,-0.186,-0.821,0.723,0.134,-0.326,-0.653,0.622,-0.399,-0.267,-0.418,-0.157,0.42,0.691,0.029,-0.303,0.101,-0.524,0.196,0.736,-0.176,-0.08,-0.792,0.455,-0.195,0.909,0.231,-0.642,0.484,0.632,-0.089,-0.75,0.312,-0.205,0.667,0.764,-0.769,0.445,0.604,-0.761,0.723,-0.799,0.649,0.82,-0.649,-0.526,-0.477,0.551,0.143,-0.61,0.87,0.021,0.682,-0.785,-0.562,-0.549,-0.711,0.876,-0.6,-0.414,0.187,0.374,-0.501,-0.126,0.529,0.713,-0.656,0.324,-0.647,0.251,0.856,0.83,0.825,0.606,0.642,0.102,-0.672,0.018,-0.525,-0.079,0.66,-0.824,0.126,-0.528,0.591,0.302,-0.287,-0.695,0.286,0.526,0.682,-0.744,-0.221,-0.35,-0.636,-0.635,0.707,-0.819,0.857,-0.756,0.136,-0.369,-0.368,0.181,-0.805,0.642,0.241,-0.526,0.727,0.797,-0.619
ATEX,-0.791,-0.418,0.482,0.128,0.315,0.764,-0.659,-0.778,-0.18,-0.817,0.334,0.56,-0.451,0.951,-0.751,-0.767,0.857,0.0,-0.903,-0.419,0.91,-0.931,-0.338,0.545,-0.766,-0.197,0.438,0.756,0.14,-0.443,-0.764,-0.6,-0.12,0.617,0.312,0.404,-0.749,0.294,0.759,0.069,0.622,0.779,0.952,-0.296,0.743,-0.822,0.015,-0.73,0.16,0.608,-0.097,-0.62,0.685,0.911,0.393,-0.707,-0.395,0.872,-0.838,-0.49,-0.608,-0.493,0.886,-0.184,-0.594,-0.809,0.183,0.703,-0.61,0.288,0.674,-0.451,-0.102,-0.97,-0.088,-0.759,0.754,-0.493,-0.873,-0.769,-0.74,0.315,0.912,-0.654,0.242,0.255,-0.6,0.4,0.867,0.717,-0.235,-0.823,0.807,0.243,-0.184,-0.685,0.729,-0.472,-0.412,-0.352,-0.073,0.473,0.6,-0.259,-0.562,0.276,-0.708,0.056,0.707,-0.219,0.102,-0.877,0.22,-0.499,0.93,0.156,-0.552,0.59,0.571,-0.18,-0.74,0.351,-0.128,0.678,0.81,-0.804,0.164,0.741,-0.722,0.692,-0.805,0.771,0.797,-0.51,-0.724,-0.536,0.69,0.158,-0.711,0.973,0.059,0.693,-0.924,-0.535,-0.728,-0.719,0.89,-0.554,-0.445,0.389,0.439,-0.497,-0.291,0.512,0.647,-0.525,0.352,-0.709,0.37,0.912,0.84,0.848,0.583,0.705,0.042,-0.826,0.101,-0.702,0.058,0.677,-0.897,0.094,-0.677,0.705,0.344,-0.412,-0.785,0.387,0.445,0.628,-0.75,-0.259,-0.416,-0.584,-0.725,0.652,-0.858,0.915,-0.803,-0.133,-0.582,-0.512,-0.063,-0.904,0.712,0.199,-0.52,0.753,0.913,-0.746
ATRA,0.669,0.151,-0.343,0.028,-0.37,-0.804,0.396,0.763,0.483,0.721,-0.124,-0.577,0.578,-0.838,0.869,0.61,-0.707,-0.903,0.0,0.613,-0.822,0.849,0.215,-0.475,0.829,0.131,-0.33,-0.723,-0.353,0.441,0.741,0.557,0.417,-0.798,-0.306,-0.322,0.547,-0.33,-0.756,-0.129,-0.382,-0.603,-0.835,0.452,-0.635,0.743,0.023,0.573,-0.172,-0.582,-0.15,0.455,-0.628,-0.807,-0.425,0.849,0.489,-0.744,0.857,0.263,0.753,0.422,-0.753,0.234,0.367,0.623,-0.211,-0.607,0.439,-0.168,-0.764,0.286,-0.044,0.941,0.033,0.689,-0.648,0.233,0.725,0.62,0.732,-0.449,-0.776,0.594,-0.309,-0.455,0.582,-0.55,-0.703,-0.555,0.467,0.713,-0.769,-0.405,0.018,0.682,-0.731,0.435,0.509,0.152,-0.194,-0.251,-0.538,0.462,0.788,-0.468,0.771,0.232,-0.598,0.482,-0.364,0.763,-0.071,0.685,-0.782,-0.06,0.371,-0.644,-0.276,0.293,0.626,-0.367,-0.005,-0.576,-0.665,0.676,0.113,-0.766,0.593,-0.557,0.698,-0.772,-0.695,0.392,0.749,0.491,-0.549,-0.195,0.865,-0.873,-0.289,-0.49,0.953,0.364,0.869,0.596,-0.71,0.403,0.385,-0.213,-0.335,0.448,0.401,-0.389,-0.468,0.335,-0.416,0.52,-0.531,-0.85,-0.698,-0.725,-0.557,-0.664,-0.071,0.939,-0.267,0.687,-0.273,-0.686,0.859,-0.107,0.829,-0.743,-0.201,0.298,0.804,-0.396,-0.268,-0.55,0.572,0.439,0.376,0.345,0.68,-0.419,0.78,-0.842,0.678,0.331,0.686,0.454,0.381,0.908,-0.749,-0.138,0.35,-0.509,-0.884,0.828
AUTL,0.284,-0.257,-0.446,-0.15,-0.416,-0.754,0.119,0.156,0.615,0.18,0.041,-0.621,0.666,-0.36,0.549,0.181,-0.322,-0.419,0.613,0.0,-0.372,0.39,-0.278,-0.323,0.58,-0.242,-0.111,-0.515,-0.613,-0.081,0.429,0.003,0.558,-0.601,-0.442,-0.264,0.07,-0.639,-0.587,-0.468,-0.164,-0.089,-0.444,0.336,-0.299,0.294,-0.003,0.125,-0.506,-0.557,-0.32,-0.098,-0.236,-0.514,-0.429,0.385,0.316,-0.357,0.359,-0.127,0.721,-0.207,-0.416,-0.104,0.008,0.118,-0.55,-0.674,0.122,0.244,-0.595,-0.099,-0.158,0.476,0.085,0.223,-0.383,-0.271,0.133,0.218,0.144,-0.675,-0.14,0.044,-0.674,-0.277,-0.096,-0.482,-0.213,-0.274,0.314,0.408,-0.612,-0.627,0.084,0.415,-0.683,-0.112,0.031,-0.357,-0.434,0.018,-0.294,0.295,0.644,-0.698,0.429,0.526,-0.008,0.511,-0.568,0.201,-0.217,0.676,-0.289,-0.338,-0.105,-0.67,0.129,0.017,0.174,-0.579,-0.401,-0.462,0.021,0.08,0.096,-0.499,0.169,-0.103,0.099,-0.613,-0.575,0.129,0.151,-0.099,-0.061,-0.23,0.554,-0.374,-0.193,-0.254,0.468,0.353,0.493,0.116,-0.345,-0.113,-0.258,0.262,-0.236,0.308,0.588,-0.459,-0.217,-0.024,-0.486,-0.03,-0.533,-0.489,-0.381,-0.513,-0.67,-0.413,-0.186,0.561,-0.584,-0.008,-0.523,-0.579,0.413,0.125,0.84,-0.539,0.349,-0.307,0.415,-0.082,-0.293,-0.425,0.071,0.252,-0.044,-0.056,0.337,-0.06,0.28,-0.462,0.114,-0.086,0.259,0.107,0.319,0.441,-0.648,-0.33,0.092,-0.067,-0.538,0.486
AVDL,-0.713,-0.432,0.499,0.201,0.193,0.677,-0.623,-0.664,-0.076,-0.738,0.333,0.541,-0.432,0.938,-0.708,-0.703,0.771,0.91,-0.822,-0.372,0.0,-0.891,-0.324,0.56,-0.584,-0.299,0.531,0.702,0.142,-0.399,-0.606,-0.474,0.061,0.563,0.464,0.396,-0.685,0.253,0.696,0.054,0.645,0.778,0.888,-0.195,0.639,-0.711,0.049,-0.668,0.178,0.547,-0.091,-0.603,0.637,0.861,0.332,-0.684,-0.355,0.789,-0.768,-0.459,-0.407,-0.466,0.85,-0.172,-0.567,-0.76,0.124,0.592,-0.524,0.355,0.663,-0.372,-0.038,-0.869,0.065,-0.614,0.673,-0.481,-0.792,-0.696,-0.64,0.318,0.814,-0.535,0.201,0.159,-0.447,0.35,0.852,0.791,-0.067,-0.72,0.722,0.254,-0.025,-0.606,0.704,-0.363,-0.28,-0.304,-0.094,0.503,0.553,-0.216,-0.525,0.292,-0.547,0.107,0.665,-0.027,0.07,-0.79,0.183,-0.492,0.815,0.135,-0.467,0.607,0.654,-0.138,-0.655,0.339,-0.111,0.697,0.73,-0.686,0.167,0.631,-0.627,0.635,-0.699,0.781,0.717,-0.322,-0.676,-0.446,0.631,0.259,-0.6,0.916,-0.07,0.689,-0.836,-0.47,-0.649,-0.661,0.785,-0.496,-0.375,0.491,0.572,-0.43,-0.283,0.52,0.626,-0.443,0.251,-0.69,0.363,0.834,0.799,0.797,0.548,0.667,0.07,-0.741,0.122,-0.624,0.076,0.641,-0.758,-0.003,-0.53,0.713,0.332,-0.402,-0.603,0.44,0.486,0.613,-0.652,-0.133,-0.261,-0.529,-0.679,0.654,-0.736,0.873,-0.749,-0.124,-0.524,-0.51,0.02,-0.803,0.638,0.217,-0.511,0.747,0.891,-0.657
BCRX,0.778,0.471,-0.42,-0.025,-0.243,-0.693,0.648,0.75,0.096,0.822,-0.418,-0.454,0.417,-0.874,0.689,0.799,-0.762,-0.931,0.849,0.39,-0.891,0.0,0.358,-0.581,0.702,0.263,-0.536,-0.7,-0.077,0.489,0.695,0.622,0.049,-0.543,-0.3,-0.441,0.779,-0.167,-0.744,-0.066,-0.483,-0.814,-0.861,0.164,-0.722,0.832,0.164,0.776,-0.159,-0.489,0.136,0.681,-0.64,-0.84,-0.386,0.738,0.346,-0.806,0.886,0.558,0.58,0.541,-0.865,0.198,0.65,0.78,-0.155,-0.649,0.605,-0.389,-0.587,0.402,0.131,0.921,-0.032,0.695,-0.759,0.563,0.875,0.737,0.755,-0.256,-0.893,0.638,-0.184,-0.273,0.631,-0.416,-0.783,-0.708,0.194,0.747,-0.751,-0.099,0.138,0.61,-0.68,0.492,0.478,0.405,0.07,-0.58,-0.429,0.396,0.627,-0.233,0.744,-0.116,-0.715,0.092,-0.053,0.89,-0.146,0.563,-0.851,-0.119,0.554,-0.498,-0.539,0.129,0.771,-0.338,0.111,-0.677,-0.779,0.818,-0.168,-0.742,0.72,-0.69,0.81,-0.762,-0.662,0.469,0.721,0.603,-0.692,-0.235,0.638,-0.913,-0.028,-0.695,0.859,0.445,0.771,0.741,-0.765,0.607,0.423,-0.475,-0.336,0.544,0.244,-0.438,-0.691,0.548,-0.187,0.694,-0.388,-0.866,-0.836,-0.767,-0.479,-0.708,-0.051,0.751,-0.044,0.766,0.004,-0.636,0.856,-0.152,0.587,-0.697,-0.256,0.516,0.762,-0.434,-0.339,-0.632,0.732,0.219,0.365,0.624,0.789,-0.63,0.77,-0.861,0.821,0.263,0.71,0.682,0.013,0.821,-0.7,-0.062,0.608,-0.754,-0.892,0.753
BHAT,0.559,0.676,0.092,0.089,0.159,-0.023,0.516,0.465,-0.408,0.585,-0.439,0.176,-0.306,-0.391,0.056,0.562,-0.394,-0.338,0.215,-0.278,-0.324,0.358,0.0,-0.224,0.097,0.528,-0.224,0.024,0.594,0.555,0.455,0.651,-0.401,0.026,0.279,-0.049,0.639,0.366,-0.174,0.438,-0.174,-0.548,-0.265,-0.043,-0.279,0.553,0.323,0.603,0.412,-0.069,0.557,0.627,-0.1,-0.265,0.043,0.262,0.341,-0.28,0.453,0.607,-0.043,0.7,-0.304,0.54,0.615,0.515,0.325,0.027,0.415,-0.453,0.049,0.613,0.563,0.347,-0.054,0.562,-0.26,0.685,0.594,0.549,0.349,0.425,-0.553,0.525,0.282,0.077,0.452,0.13,-0.459,-0.297,0.09,0.447,0.058,0.424,0.154,0.373,0.135,0.676,0.464,0.748,0.369,-0.248,-0.233,-0.021,0.01,0.398,0.307,-0.257,-0.543,-0.156,0.525,0.578,-0.19,-0.124,-0.433,0.062,0.643,0.236,-0.383,0.374,0.62,0.22,0.531,-0.094,-0.63,0.607,-0.249,-0.078,0.649,-0.415,0.654,0.032,-0.082,0.576,0.341,0.733,-0.153,0.039,0.328,-0.379,0.147,-0.382,0.368,0.282,0.283,0.686,-0.319,0.724,0.573,-0.347,0.054,0.451,-0.358,0.223,-0.391,0.616,0.334,0.597,0.252,-0.328,-0.286,-0.264,0.244,-0.228,0.27,0.203,0.544,0.541,0.539,-0.109,0.437,-0.393,-0.101,0.002,-0.168,0.635,0.369,0.08,0.09,-0.153,0.592,0.267,0.356,0.658,0.443,-0.511,0.396,-0.277,0.626,0.191,0.273,0.412,-0.293,0.327,0.001,0.181,0.538,-0.547,-0.2,0.33
BLBD,-0.634,-0.419,0.726,-0.053,0.546,0.714,-0.626,-0.393,0.301,-0.706,0.762,0.567,-0.215,0.574,-0.295,-0.727,0.538,0.545,-0.475,-0.323,0.56,-0.581,-0.224,0.0,-0.48,0.021,0.888,0.73,0.095,-0.235,-0.3,-0.303,0.082,0.297,0.51,0.89,-0.651,0.421,0.825,0.5,0.199,0.793,0.54,0.419,0.815,-0.611,-0.431,-0.575,0.557,0.503,-0.204,-0.611,0.737,0.681,0.804,-0.433,-0.225,0.757,-0.537,-0.613,-0.432,-0.429,0.78,-0.219,-0.61,-0.268,0.624,0.577,-0.647,0.669,0.378,-0.032,-0.422,-0.52,0.592,-0.365,0.624,-0.287,-0.606,-0.458,-0.108,0.507,0.525,-0.228,0.659,0.055,-0.299,0.342,0.401,0.734,0.184,-0.421,0.611,0.126,-0.096,-0.224,0.703,-0.066,-0.212,-0.199,0.391,0.779,0.447,-0.258,-0.397,0.373,-0.518,-0.019,0.702,0.179,0.211,-0.538,0.697,-0.16,0.435,0.529,-0.268,0.535,0.28,0.369,-0.692,0.756,0.2,0.78,0.344,-0.496,0.466,0.741,-0.606,0.743,-0.492,0.716,0.58,-0.258,-0.072,-0.306,0.476,0.802,-0.467,0.475,0.159,0.824,-0.457,-0.17,-0.471,-0.574,0.459,-0.548,0.184,0.06,0.032,-0.606,0.039,0.579,0.885,-0.641,0.219,-0.114,0.609,0.791,0.849,0.58,0.553,0.922,0.688,-0.394,0.217,-0.371,0.178,0.876,-0.533,0.147,-0.28,0.673,0.273,-0.347,-0.583,0.577,0.577,0.888,-0.279,0.302,0.332,-0.416,-0.791,0.656,-0.289,0.722,-0.606,0.034,-0.378,-0.402,0.287,-0.284,0.665,-0.229,-0.615,0.504,0.724,-0.693
BMRN,0.669,0.07,-0.333,0.127,-0.466,-0.843,0.441,0.791,0.417,0.7,-0.204,-0.614,0.514,-0.67,0.674,0.624,-0.684,-0.766,0.829,0.58,-0.584,0.702,0.097,-0.48,0.0,-0.117,-0.294,-0.751,-0.239,0.429,0.74,0.586,0.485,-0.587,-0.141,-0.409,0.549,-0.357,-0.749,-0.227,-0.28,-0.57,-0.701,0.331,-0.706,0.753,0.207,0.585,-0.162,-0.618,0.011,0.456,-0.617,-0.719,-0.491,0.743,0.542,-0.761,0.728,0.315,0.907,0.408,-0.659,0.335,0.421,0.499,-0.298,-0.61,0.48,-0.109,-0.505,0.262,0.205,0.825,0.134,0.755,-0.536,0.238,0.689,0.628,0.55,-0.408,-0.691,0.668,-0.407,-0.295,0.604,-0.365,-0.504,-0.37,0.505,0.714,-0.8,-0.239,0.324,0.599,-0.663,0.281,0.495,0.199,-0.257,-0.271,-0.538,0.379,0.619,-0.308,0.736,0.313,-0.602,0.528,-0.302,0.686,-0.229,0.489,-0.709,-0.232,0.459,-0.527,-0.119,0.147,0.644,-0.418,0.065,-0.461,-0.508,0.689,-0.018,-0.743,0.609,-0.531,0.663,-0.625,-0.711,0.531,0.556,0.419,-0.407,-0.213,0.804,-0.698,-0.316,-0.456,0.812,0.344,0.786,0.567,-0.607,0.464,0.3,0.156,-0.061,0.581,0.305,-0.436,-0.501,0.483,-0.34,0.382,-0.474,-0.814,-0.683,-0.606,-0.563,-0.675,-0.202,0.797,-0.154,0.584,-0.175,-0.686,0.837,-0.126,0.809,-0.584,-0.055,0.248,0.877,-0.338,-0.204,-0.617,0.571,0.47,0.391,0.353,0.675,-0.41,0.681,-0.728,0.658,0.165,0.582,0.352,0.33,0.76,-0.659,0.052,0.387,-0.307,-0.759,0.788
BNGO,0.231,0.485,0.115,-0.198,0.266,0.135,0.289,0.239,-0.272,0.309,-0.225,0.25,-0.24,-0.262,0.064,0.246,-0.271,-0.197,0.131,-0.242,-0.299,0.263,0.528,0.021,-0.117,0.0,-0.065,0.176,0.37,0.384,0.182,0.349,-0.297,-0.126,0.184,0.11,0.359,0.325,0.018,0.331,-0.255,-0.248,-0.127,0.061,0.044,0.339,0.033,0.354,0.299,0.067,0.269,0.433,-0.032,-0.212,0.157,0.139,-0.053,-0.012,0.319,0.215,-0.268,0.347,-0.145,0.195,0.283,0.458,0.405,0.16,0.034,-0.158,-0.204,0.355,0.064,0.199,-0.004,0.219,-0.247,0.485,0.295,0.264,0.183,0.326,-0.352,0.214,0.435,0.146,0.112,-0.137,-0.434,-0.33,0.01,0.17,0.132,0.281,-0.152,0.167,0.149,0.546,0.152,0.373,0.436,-0.063,-0.049,-0.16,0.06,0.224,0.101,-0.5,-0.279,-0.173,0.459,0.352,0.084,-0.048,-0.296,0.434,0.381,0.141,-0.509,0.244,0.296,0.355,0.286,-0.133,-0.493,0.302,-0.219,0.022,0.331,-0.259,0.413,-0.026,0.064,0.221,0.423,0.414,-0.144,0.197,0.126,-0.341,0.155,-0.129,0.21,0.126,0.176,0.359,-0.181,0.333,0.509,-0.54,-0.29,-0.03,-0.17,0.245,-0.178,0.289,0.198,0.472,0.167,-0.078,-0.108,-0.205,0.2,0.049,0.294,0.195,0.254,0.325,0.347,0.131,0.232,-0.207,-0.178,-0.1,-0.264,0.299,0.0,0.053,-0.041,-0.0,0.285,0.172,0.177,0.383,0.135,-0.252,0.28,-0.215,0.323,0.242,0.301,0.307,-0.295,0.273,0.012,-0.115,0.207,-0.458,-0.126,0.117
BUSE,-0.471,-0.363,0.621,-0.158,0.432,0.513,-0.512,-0.296,0.431,-0.606,0.798,0.434,-0.105,0.466,-0.203,-0.622,0.427,0.438,-0.33,-0.111,0.531,-0.536,-0.224,0.888,-0.294,-0.065,0.0,0.627,0.064,-0.171,-0.108,-0.219,0.23,0.177,0.467,0.872,-0.574,0.266,0.707,0.46,0.115,0.784,0.388,0.555,0.753,-0.498,-0.409,-0.472,0.544,0.368,-0.157,-0.58,0.714,0.552,0.667,-0.379,-0.031,0.628,-0.474,-0.541,-0.201,-0.432,0.688,-0.161,-0.56,-0.195,0.529,0.385,-0.486,0.786,0.274,0.112,-0.326,-0.404,0.721,-0.196,0.596,-0.314,-0.538,-0.335,-0.089,0.409,0.457,-0.187,0.495,0.038,-0.311,0.325,0.338,0.742,0.277,-0.229,0.508,0.007,0.077,-0.01,0.6,-0.054,-0.208,-0.173,0.352,0.84,0.302,-0.307,-0.361,0.279,-0.351,0.164,0.663,0.404,0.155,-0.466,0.558,-0.099,0.314,0.346,-0.167,0.402,0.308,0.457,-0.604,0.656,0.229,0.74,0.322,-0.451,0.471,0.66,-0.48,0.68,-0.411,0.688,0.402,-0.033,-0.064,-0.283,0.505,0.858,-0.249,0.386,0.122,0.74,-0.304,-0.028,-0.405,-0.48,0.316,-0.489,0.177,0.245,0.04,-0.489,0.098,0.48,0.841,-0.539,0.064,-0.078,0.582,0.648,0.786,0.411,0.421,0.833,0.703,-0.256,0.195,-0.395,0.183,0.752,-0.389,0.051,-0.036,0.662,0.358,-0.447,-0.424,0.723,0.528,0.797,-0.19,0.425,0.414,-0.33,-0.71,0.588,-0.151,0.625,-0.523,-0.09,-0.416,-0.501,0.33,-0.152,0.594,-0.304,-0.541,0.439,0.666,-0.555
CAKE,-0.538,-0.113,0.708,0.076,0.658,0.857,-0.507,-0.556,-0.153,-0.626,0.405,0.846,-0.572,0.725,-0.614,-0.596,0.682,0.756,-0.723,-0.515,0.702,-0.7,0.024,0.73,-0.751,0.176,0.627,0.0,0.403,-0.187,-0.447,-0.293,-0.261,0.593,0.549,0.691,-0.508,0.624,0.795,0.568,0.438,0.66,0.764,-0.029,0.781,-0.597,-0.011,-0.474,0.558,0.611,0.126,-0.414,0.81,0.81,0.712,-0.554,-0.245,0.867,-0.606,-0.329,-0.651,-0.239,0.848,-0.001,-0.383,-0.405,0.54,0.727,-0.509,0.319,0.613,0.027,-0.064,-0.725,0.205,-0.489,0.711,-0.116,-0.602,-0.452,-0.364,0.661,0.627,-0.363,0.615,0.224,-0.374,0.494,0.518,0.668,-0.083,-0.523,0.877,0.391,-0.169,-0.294,0.9,0.002,-0.184,-0.009,0.396,0.575,0.543,-0.268,-0.546,0.526,-0.572,-0.174,0.617,-0.166,0.419,-0.566,0.396,-0.38,0.61,0.343,-0.228,0.781,0.341,0.235,-0.548,0.695,0.234,0.801,0.389,-0.511,0.242,0.845,-0.501,0.658,-0.486,0.852,0.811,-0.239,-0.394,-0.174,0.666,0.549,-0.596,0.692,0.255,0.7,-0.655,-0.24,-0.573,-0.438,0.66,-0.316,0.047,0.054,0.324,-0.44,-0.326,0.733,0.669,-0.424,0.52,-0.235,0.674,0.857,0.846,0.734,0.825,0.845,0.531,-0.666,0.402,-0.402,0.403,0.871,-0.678,0.086,-0.638,0.765,0.328,-0.115,-0.663,0.559,0.624,0.85,-0.359,0.072,0.044,-0.278,-0.68,0.519,-0.532,0.843,-0.543,0.013,-0.408,-0.234,-0.075,-0.601,0.811,0.102,-0.402,0.418,0.862,-0.726
CASY,0.286,0.661,0.31,0.06,0.433,0.393,0.393,0.17,-0.663,0.229,-0.336,0.566,-0.66,0.084,-0.531,0.291,-0.075,0.14,-0.353,-0.613,0.142,-0.077,0.594,0.095,-0.239,0.37,0.064,0.403,0.0,0.49,0.155,0.424,-0.62,0.61,0.534,0.181,0.433,0.637,0.27,0.618,-0.042,-0.223,0.155,-0.272,0.081,0.218,0.396,0.398,0.619,0.263,0.801,0.47,0.271,0.177,0.311,-0.211,0.133,0.084,0.002,0.572,-0.357,0.526,0.145,0.503,0.517,0.284,0.524,0.326,0.227,-0.248,0.613,0.584,0.656,-0.144,0.141,0.306,0.199,0.684,0.257,0.345,-0.02,0.797,-0.176,0.328,0.563,0.43,0.192,0.628,-0.106,0.108,-0.085,0.164,0.43,0.825,0.416,0.117,0.582,0.46,0.19,0.806,0.642,-0.11,0.094,-0.364,-0.532,0.855,-0.083,-0.509,-0.26,-0.351,0.871,0.224,-0.11,-0.535,-0.104,-0.019,0.638,0.685,-0.278,0.276,0.326,0.547,0.759,0.311,-0.318,0.323,-0.376,0.38,0.329,-0.136,0.329,0.521,0.283,0.529,-0.039,0.464,0.161,0.296,-0.24,0.085,0.408,-0.075,-0.15,0.116,-0.199,0.408,0.029,0.581,0.471,-0.115,0.304,0.257,-0.637,0.41,-0.121,0.527,0.681,0.424,0.709,0.144,0.099,0.131,0.59,0.219,0.38,-0.357,0.849,0.191,0.884,0.352,0.016,-0.226,-0.504,0.534,0.007,0.471,-0.015,0.373,0.305,0.152,0.422,0.105,0.34,0.604,0.011,-0.361,0.043,0.227,0.327,-0.087,-0.105,0.154,-0.574,-0.133,0.508,0.313,0.377,-0.267,0.327,-0.194
CCOI,0.627,0.48,0.165,0.285,0.15,-0.209,0.416,0.795,-0.068,0.672,-0.252,0.078,-0.13,-0.408,0.215,0.624,-0.402,-0.443,0.441,-0.081,-0.399,0.489,0.555,-0.235,0.429,0.384,-0.171,-0.187,0.49,0.0,0.57,0.727,-0.074,-0.1,0.251,-0.021,0.644,0.427,-0.237,0.424,-0.092,-0.552,-0.321,0.121,-0.325,0.675,0.453,0.664,0.461,-0.135,0.405,0.727,-0.175,-0.291,-0.01,0.589,0.586,-0.365,0.668,0.568,0.302,0.779,-0.326,0.793,0.589,0.549,0.402,0.035,0.346,-0.369,0.028,0.547,0.46,0.504,0.047,0.725,-0.186,0.584,0.651,0.646,0.497,0.365,-0.656,0.682,0.281,-0.164,0.604,0.104,-0.435,-0.161,0.425,0.514,-0.081,0.478,0.262,0.513,0.009,0.689,0.697,0.738,0.193,-0.202,-0.263,0.226,0.254,0.34,0.483,-0.083,-0.645,0.221,0.33,0.686,0.06,0.102,-0.508,0.011,0.726,0.151,-0.272,0.513,0.674,0.263,0.675,-0.037,-0.671,0.708,0.007,-0.241,0.554,-0.452,0.711,-0.078,-0.126,0.628,0.573,0.726,-0.163,0.019,0.444,-0.445,0.022,-0.286,0.545,0.082,0.566,0.718,-0.265,0.756,0.666,-0.179,0.123,0.572,-0.31,0.197,-0.331,0.598,0.393,0.613,0.118,-0.418,-0.332,-0.28,0.194,-0.262,0.23,0.383,0.491,0.748,0.473,-0.177,0.597,-0.341,0.188,-0.073,-0.12,0.597,0.563,-0.077,0.242,-0.243,0.687,0.47,0.54,0.651,0.494,-0.442,0.51,-0.323,0.757,0.385,0.523,0.381,0.003,0.506,-0.071,0.286,0.499,-0.431,-0.34,0.484
