,AAPL,ACRS,ADP,AFYA,AGNC,AGYS,ALT,AMGN,AMPH,AMZN,ANIP,AOSL,APDN,APLT,APVO,ARGX,ARLP,ATEX,ATRA,AUTL,AVDL,BCRX,BHAT,BLBD,BMRN,BNGO,BUSE,CAKE,CASY,CCOI,CEVA,CHY,CLDX,CLMT,COHU,COLM,COST,CPRT,CSWC,CSX,DBX,DCOM,DKNG,DMLP,DOX,EA,EDIT,ENPH,ENSG,ERNA,ESGR,ETNB,EXTR,FANG,FARO,FATE,FGEN,FIVE,FIVN,FLGT,FOLD,FORM,FOXA,FRPT,FSLR,FTAI,GBDC,GDYN,GGAL,GNLN,GRFS,GT,HCAT,HCM,HFWA,HOLX,HQY,HUBG,IAC,ICLR,IDCC,IEP,IHRT,ILMN,ILPT,IMAB,IMOS,INMD,INTZ,JAZZ,JKHY,JRVR,KIDS,LBRDK,LGND,LMAT,LPLA,LULU,MASI,MAT,MATW,MBIN,MBIO,MCRB,MDB,MDLZ,MELI,MIRM,MLKN,MNMD,MNRO,MPWR,MRCY,MRSN,MTVA,NAAS,NDAQ,NDSN,NEGG,NOVT,NVDA,NWE,NWSA,NXST,OCX,ODFL,OMAB,OPCH,OPRA,ORGO,OTRK,OZK,PAGP,PCH,PEGA,PENG,PENN,PFBC,PGNY,PHAT,PHUN,PINC,PLUG,PLXS,PYPL,QLYS,QNCX,QQQX,QVCGA,RAPT,RBBN,RCKT,REPL,RMBS,ROAD,ROKU,ROP,RUSHA,SANM,SATS,SBCF,SBLK,SBUX,SCHL,SCSC,SDGR,SEIC,SFIX,SGRY,SKYW,SLP,SNES,STAA,STLD,STOK,SWKS,TER,TFIN,TIGO,TILE,TPIC,TTEC,TTEK,TTGT,UXIN,VERU,VLYPP,VNOM,VRNS,VRSN,WDAY,WERN,WINA,WKHS,WRLD,XP,XTKG,YY,ZION,ZM
AAPL,0.0,-0.334,0.549,0.838,0.676,0.682,-0.368,0.783,-0.3,0.349,0.127,0.79,-0.26,-0.234,0.784,0.498,0.291,-0.015,0.662,-0.219,0.689,0.724,0.435,0.665,0.61,0.295,0.601,0.713,0.771,0.553,-0.073,0.851,0.776,-0.365,0.579,-0.039,0.769,0.564,0.731,0.748,0.454,0.471,0.77,0.714,0.704,-0.259,-0.382,0.814,0.669,0.255,0.718,0.779,0.694,0.607,0.81,0.873,0.709,0.759,-0.033,0.579,0.828,0.788,0.159,0.727,-0.422,0.626,0.843,0.676,0.727,0.44,0.84,0.521,0.106,0.484,0.589,0.143,0.691,0.705,0.833,0.475,0.844,0.731,0.741,0.077,0.668,-0.603,0.526,0.809,0.611,-0.011,0.714,-0.016,0.312,0.768,0.058,0.669,0.602,0.617,0.835,0.322,0.61,0.603,0.632,0.836,0.782,0.838,0.645,0.82,0.701,0.686,0.488,0.075,-0.325,0.801,0.091,0.686,0.496,0.613,-0.506,0.562,0.699,0.684,0.785,0.726,0.757,0.687,0.834,0.715,-0.151,0.534,-0.519,0.604,0.728,0.328,0.453,0.706,0.891,0.566,0.863,0.532,-0.14,0.638,0.777,0.752,0.247,0.145,0.446,0.934,0.832,-0.338,0.499,0.655,0.687,0.876,0.586,0.809,0.517,0.553,0.753,0.681,0.553,0.758,0.822,0.641,0.753,0.515,0.799,0.179,0.416,0.711,0.248,-0.055,0.699,0.649,0.705,0.18,0.824,0.604,0.745,0.731,0.762,0.823,0.768,0.849,0.551,0.625,0.609,0.696,0.286,0.583,0.819,0.618,0.547,0.635,0.823,-0.189,-0.334,0.33,0.603,-0.436
ACRS,-0.334,0.0,-0.706,-0.437,-0.807,-0.798,0.646,-0.193,0.708,0.396,-0.257,-0.664,0.331,0.544,-0.586,-0.115,-0.811,0.712,-0.78,0.541,-0.766,-0.632,-0.389,-0.758,0.219,-0.044,-0.643,-0.481,-0.329,-0.607,0.855,-0.632,-0.556,0.249,-0.774,0.379,-0.406,0.046,-0.698,-0.59,0.493,-0.473,-0.511,-0.735,-0.672,0.551,0.753,-0.562,-0.75,0.433,-0.599,-0.647,-0.733,-0.734,-0.319,-0.352,-0.143,-0.668,0.297,-0.667,-0.612,-0.73,-0.452,-0.519,0.321,-0.609,-0.341,-0.39,-0.562,0.191,-0.342,-0.293,0.432,0.176,-0.696,-0.076,-0.638,-0.619,-0.365,0.335,-0.326,-0.421,-0.641,0.727,-0.516,0.135,-0.69,-0.307,-0.424,0.593,-0.206,0.243,0.083,-0.575,0.573,-0.738,-0.709,-0.054,-0.032,-0.454,-0.728,-0.788,-0.717,-0.503,-0.163,-0.473,0.077,-0.486,-0.594,-0.417,-0.127,0.534,0.75,-0.531,0.457,-0.22,0.409,0.088,0.191,0.101,0.144,-0.571,-0.676,-0.717,-0.614,-0.308,-0.567,-0.371,0.616,-0.545,0.711,-0.642,-0.688,0.259,0.349,-0.54,-0.341,-0.614,-0.405,-0.376,0.524,0.002,-0.691,-0.516,0.444,0.635,-0.42,-0.439,-0.668,0.883,-0.804,-0.744,-0.492,-0.574,-0.812,-0.397,0.01,-0.177,-0.687,-0.233,-0.739,-0.319,-0.636,-0.539,-0.599,-0.192,-0.479,0.103,-0.49,-0.567,0.615,0.475,-0.498,-0.749,-0.334,0.628,-0.595,-0.516,-0.592,-0.733,-0.442,-0.525,-0.684,-0.282,-0.721,-0.797,-0.443,-0.717,0.458,0.4,-0.329,-0.473,-0.699,-0.562,-0.525,0.661,0.033,-0.058,-0.647,0.669
ADP,0.549,-0.706,0.0,0.655,0.766,0.858,-0.647,0.668,-0.55,-0.34,-0.061,0.809,-0.524,-0.765,0.85,0.45,0.686,-0.432,0.626,-0.427,0.728,0.798,0.074,0.808,-0.0,-0.086,0.73,0.736,0.541,0.623,-0.55,0.71,0.831,-0.615,0.921,-0.707,0.538,0.548,0.841,0.9,-0.321,0.616,0.5,0.714,0.802,-0.754,-0.807,0.783,0.897,-0.514,0.819,0.645,0.558,0.725,0.507,0.658,0.389,0.827,-0.016,0.536,0.837,0.874,0.396,0.763,-0.293,0.462,0.627,0.44,0.87,0.077,0.672,0.062,0.121,0.432,0.704,0.162,0.713,0.572,0.71,0.132,0.554,0.759,0.84,-0.688,0.439,-0.686,0.489,0.62,0.316,-0.223,0.629,-0.616,0.039,0.813,-0.268,0.914,0.7,0.159,0.249,0.263,0.601,0.695,0.679,0.78,0.174,0.646,0.243,0.6,0.58,0.381,0.157,-0.131,-0.75,0.83,-0.497,0.58,0.133,0.221,-0.592,0.467,0.249,0.634,0.803,0.722,0.571,0.606,0.743,0.845,-0.812,0.42,-0.765,0.822,0.822,-0.18,-0.281,0.917,0.547,0.759,0.652,0.603,-0.702,0.488,0.862,0.717,-0.515,-0.532,0.025,0.568,0.74,-0.566,0.767,0.768,0.543,0.825,0.741,0.419,0.03,0.513,0.781,0.382,0.783,0.4,0.761,0.561,0.856,-0.119,0.81,-0.001,0.814,0.652,-0.123,-0.498,0.728,0.774,0.645,-0.464,0.853,0.461,0.724,0.841,0.813,0.748,0.859,0.674,0.533,0.737,0.141,0.789,-0.271,0.116,0.512,0.36,0.9,0.436,0.569,-0.529,-0.527,0.481,0.794,-0.892
AFYA,0.838,-0.437,0.655,0.0,0.787,0.782,-0.56,0.855,-0.395,-0.052,0.187,0.899,-0.239,-0.324,0.883,0.346,0.503,-0.157,0.742,-0.298,0.78,0.778,0.496,0.833,0.454,0.348,0.805,0.846,0.86,0.697,-0.286,0.906,0.898,-0.455,0.732,-0.283,0.66,0.539,0.856,0.882,0.225,0.731,0.776,0.799,0.861,-0.492,-0.603,0.84,0.815,0.221,0.88,0.738,0.739,0.804,0.866,0.893,0.69,0.831,-0.202,0.541,0.889,0.871,0.441,0.686,-0.537,0.731,0.93,0.772,0.89,0.521,0.933,0.548,0.035,0.486,0.783,-0.023,0.869,0.787,0.815,0.396,0.865,0.829,0.872,-0.217,0.767,-0.674,0.607,0.907,0.628,-0.073,0.792,-0.173,0.466,0.826,-0.162,0.764,0.802,0.372,0.695,0.277,0.789,0.737,0.676,0.827,0.583,0.921,0.433,0.797,0.815,0.723,0.59,-0.087,-0.384,0.841,0.145,0.767,0.428,0.562,-0.601,0.605,0.497,0.848,0.9,0.856,0.809,0.743,0.936,0.807,-0.335,0.688,-0.693,0.816,0.878,0.323,0.383,0.817,0.845,0.788,0.935,0.544,-0.194,0.745,0.878,0.865,-0.054,-0.037,0.285,0.892,0.895,-0.423,0.699,0.739,0.633,0.892,0.752,0.704,0.609,0.738,0.882,0.775,0.763,0.849,0.888,0.8,0.88,0.384,0.905,-0.018,0.653,0.855,0.115,-0.038,0.779,0.785,0.762,-0.012,0.901,0.746,0.902,0.844,0.842,0.911,0.875,0.865,0.559,0.757,0.592,0.872,0.125,0.464,0.706,0.726,0.753,0.743,0.889,-0.255,-0.322,0.27,0.808,-0.672
AGNC,0.676,-0.807,0.766,0.787,0.0,0.92,-0.728,0.595,-0.632,-0.286,0.317,0.909,-0.32,-0.473,0.831,0.203,0.764,-0.498,0.935,-0.452,0.937,0.817,0.535,0.942,0.202,0.165,0.867,0.805,0.696,0.786,-0.694,0.907,0.838,-0.335,0.87,-0.312,0.597,0.212,0.891,0.841,-0.156,0.74,0.772,0.928,0.91,-0.584,-0.741,0.776,0.917,-0.142,0.872,0.859,0.9,0.931,0.693,0.721,0.51,0.884,-0.373,0.767,0.873,0.929,0.524,0.66,-0.549,0.831,0.726,0.703,0.828,0.168,0.718,0.578,-0.312,0.128,0.894,-0.032,0.894,0.868,0.658,-0.016,0.712,0.689,0.872,-0.506,0.801,-0.417,0.804,0.679,0.617,-0.391,0.549,-0.164,0.244,0.804,-0.45,0.885,0.914,0.182,0.405,0.47,0.926,0.937,0.846,0.757,0.41,0.822,0.141,0.784,0.862,0.664,0.478,-0.44,-0.653,0.757,-0.128,0.538,-0.087,0.242,-0.448,0.218,0.14,0.84,0.92,0.942,0.872,0.579,0.88,0.636,-0.565,0.757,-0.827,0.859,0.932,0.051,0.03,0.758,0.697,0.846,0.789,0.573,-0.444,0.414,0.893,0.821,-0.281,-0.374,0.469,0.789,0.91,-0.809,0.891,0.879,0.674,0.829,0.91,0.62,0.369,0.52,0.932,0.604,0.91,0.7,0.909,0.836,0.864,0.399,0.806,-0.097,0.667,0.873,-0.401,-0.234,0.748,0.927,0.672,-0.412,0.85,0.816,0.885,0.932,0.683,0.817,0.889,0.626,0.787,0.902,0.655,0.952,-0.214,-0.02,0.597,0.752,0.836,0.788,0.86,-0.56,-0.114,0.112,0.868,-0.789
AGYS,0.682,-0.798,0.858,0.782,0.92,0.0,-0.704,0.586,-0.703,-0.236,0.101,0.932,-0.378,-0.548,0.871,0.346,0.789,-0.597,0.887,-0.413,0.878,0.804,0.486,0.923,0.081,0.047,0.812,0.792,0.619,0.655,-0.659,0.912,0.86,-0.5,0.907,-0.429,0.651,0.375,0.92,0.875,-0.146,0.665,0.81,0.849,0.864,-0.687,-0.781,0.895,0.907,-0.285,0.865,0.786,0.857,0.879,0.662,0.692,0.486,0.939,-0.19,0.707,0.881,0.947,0.476,0.787,-0.384,0.807,0.739,0.73,0.855,0.174,0.759,0.416,-0.206,0.239,0.8,0.066,0.832,0.776,0.763,0.062,0.7,0.747,0.871,-0.571,0.669,-0.517,0.738,0.731,0.656,-0.39,0.593,-0.359,0.078,0.887,-0.405,0.901,0.832,0.314,0.426,0.514,0.845,0.854,0.821,0.795,0.458,0.762,0.326,0.743,0.787,0.663,0.322,-0.269,-0.723,0.835,-0.263,0.577,0.046,0.287,-0.528,0.356,0.274,0.733,0.918,0.891,0.784,0.65,0.879,0.738,-0.613,0.735,-0.851,0.825,0.914,0.036,-0.002,0.849,0.746,0.79,0.756,0.642,-0.435,0.427,0.922,0.798,-0.288,-0.471,0.436,0.786,0.877,-0.761,0.931,0.888,0.755,0.871,0.871,0.701,0.282,0.518,0.882,0.508,0.857,0.619,0.899,0.734,0.848,0.278,0.824,-0.03,0.659,0.85,-0.314,-0.313,0.784,0.89,0.594,-0.408,0.908,0.651,0.834,0.912,0.783,0.846,0.915,0.684,0.81,0.888,0.545,0.914,-0.168,0.083,0.678,0.601,0.861,0.75,0.813,-0.513,-0.315,0.201,0.838,-0.795
ALT,-0.368,0.646,-0.647,-0.56,-0.728,-0.704,0.0,-0.48,0.725,0.557,-0.049,-0.73,0.505,0.499,-0.686,0.181,-0.614,0.384,-0.668,0.489,-0.706,-0.449,-0.387,-0.843,0.021,-0.186,-0.848,-0.761,-0.676,-0.681,0.722,-0.637,-0.632,0.391,-0.633,0.27,-0.058,-0.001,-0.616,-0.619,0.379,-0.77,-0.421,-0.688,-0.751,0.693,0.621,-0.516,-0.704,0.201,-0.798,-0.604,-0.704,-0.792,-0.507,-0.542,-0.187,-0.662,0.65,-0.348,-0.646,-0.704,-0.373,-0.244,0.381,-0.643,-0.484,-0.567,-0.71,-0.264,-0.582,-0.466,0.156,0.036,-0.839,0.419,-0.795,-0.479,-0.442,0.209,-0.568,-0.417,-0.786,0.547,-0.598,0.474,-0.502,-0.549,-0.351,0.552,-0.339,0.181,-0.364,-0.433,0.732,-0.758,-0.771,0.253,-0.06,-0.087,-0.73,-0.729,-0.585,-0.44,-0.015,-0.533,0.18,-0.484,-0.776,-0.366,-0.483,0.656,0.661,-0.481,0.077,-0.348,0.239,0.106,0.439,-0.252,0.199,-0.72,-0.747,-0.726,-0.628,-0.175,-0.723,-0.437,0.577,-0.59,0.808,-0.811,-0.71,0.138,0.127,-0.663,-0.376,-0.812,-0.605,-0.306,0.385,-0.279,-0.701,-0.654,0.572,0.526,-0.197,-0.493,-0.61,0.587,-0.648,-0.544,-0.275,-0.547,-0.691,-0.323,-0.157,-0.409,-0.766,-0.48,-0.84,-0.621,-0.732,-0.806,-0.737,-0.183,-0.713,-0.118,-0.677,-0.752,0.286,0.195,-0.731,-0.744,-0.613,0.498,-0.612,-0.731,-0.756,-0.802,-0.506,-0.506,-0.654,-0.494,-0.654,-0.667,-0.39,-0.792,0.461,0.206,-0.271,-0.535,-0.656,-0.554,-0.681,0.51,0.112,-0.102,-0.839,0.812
AMGN,0.783,-0.193,0.668,0.855,0.595,0.586,-0.48,0.0,-0.186,-0.031,-0.015,0.764,-0.351,-0.398,0.838,0.394,0.269,0.158,0.467,-0.231,0.602,0.693,0.154,0.684,0.554,0.245,0.706,0.836,0.859,0.634,-0.054,0.721,0.839,-0.519,0.628,-0.373,0.521,0.706,0.723,0.852,0.22,0.695,0.504,0.629,0.755,-0.461,-0.466,0.695,0.72,0.148,0.824,0.624,0.461,0.627,0.78,0.904,0.666,0.71,-0.079,0.332,0.828,0.752,0.256,0.595,-0.497,0.439,0.872,0.564,0.869,0.539,0.899,0.31,0.376,0.699,0.665,-0.052,0.743,0.573,0.786,0.531,0.809,0.802,0.801,-0.125,0.581,-0.855,0.319,0.848,0.339,0.16,0.831,-0.29,0.518,0.715,0.03,0.711,0.637,0.257,0.634,0.003,0.529,0.534,0.488,0.789,0.38,0.82,0.4,0.698,0.652,0.475,0.557,0.078,-0.309,0.795,0.096,0.808,0.596,0.554,-0.673,0.768,0.534,0.75,0.763,0.66,0.629,0.673,0.825,0.865,-0.402,0.414,-0.566,0.765,0.753,0.241,0.291,0.831,0.725,0.732,0.885,0.527,-0.344,0.866,0.765,0.801,-0.126,0.039,-0.031,0.743,0.725,-0.13,0.452,0.559,0.447,0.827,0.528,0.481,0.477,0.733,0.755,0.71,0.65,0.735,0.766,0.682,0.858,0.13,0.903,0.099,0.731,0.7,0.385,-0.065,0.744,0.631,0.858,0.064,0.818,0.603,0.801,0.743,0.827,0.795,0.768,0.881,0.289,0.534,0.295,0.724,0.118,0.617,0.589,0.54,0.686,0.458,0.72,-0.192,-0.514,0.532,0.738,-0.682
AMPH,-0.3,0.708,-0.55,-0.395,-0.632,-0.703,0.725,-0.186,0.0,0.389,0.192,-0.631,0.418,0.546,-0.581,0.074,-0.572,0.609,-0.648,0.682,-0.541,-0.341,-0.393,-0.683,0.183,-0.061,-0.603,-0.457,-0.393,-0.352,0.813,-0.535,-0.504,0.489,-0.533,0.238,-0.13,0.109,-0.491,-0.42,0.434,-0.426,-0.428,-0.534,-0.577,0.646,0.617,-0.521,-0.507,0.306,-0.57,-0.445,-0.659,-0.584,-0.223,-0.298,0.096,-0.549,0.395,-0.381,-0.505,-0.579,-0.181,-0.293,0.052,-0.552,-0.29,-0.513,-0.48,-0.043,-0.37,-0.253,0.249,0.236,-0.596,0.239,-0.587,-0.354,-0.351,0.423,-0.339,-0.214,-0.594,0.555,-0.363,0.257,-0.431,-0.306,-0.394,0.765,-0.086,0.194,0.08,-0.426,0.666,-0.596,-0.549,0.049,-0.081,-0.254,-0.571,-0.541,-0.484,-0.328,-0.155,-0.332,0.035,-0.315,-0.537,-0.229,-0.095,0.507,0.768,-0.352,0.312,-0.214,0.338,0.263,0.22,-0.023,0.169,-0.446,-0.619,-0.567,-0.508,-0.064,-0.544,-0.25,0.486,-0.485,0.672,-0.551,-0.499,0.331,0.245,-0.502,-0.318,-0.519,-0.383,-0.137,0.379,0.036,-0.613,-0.386,0.418,0.686,-0.336,-0.399,-0.527,0.584,-0.616,-0.461,-0.344,-0.418,-0.562,-0.471,0.091,-0.052,-0.602,-0.155,-0.601,-0.432,-0.57,-0.529,-0.52,-0.177,-0.446,-0.166,-0.314,-0.543,0.386,0.415,-0.654,-0.549,-0.359,0.536,-0.477,-0.489,-0.525,-0.602,-0.481,-0.317,-0.52,-0.409,-0.688,-0.644,-0.392,-0.615,0.411,0.309,-0.193,-0.329,-0.515,-0.452,-0.524,0.56,0.062,0.067,-0.573,0.561
AMZN,0.349,0.396,-0.34,-0.052,-0.286,-0.236,0.557,-0.031,0.389,0.0,-0.005,-0.216,0.22,0.434,-0.217,0.476,-0.42,0.307,-0.207,0.448,-0.19,-0.075,-0.027,-0.399,0.371,-0.063,-0.455,-0.262,-0.152,-0.375,0.632,-0.042,-0.206,0.18,-0.353,0.456,0.367,0.276,-0.154,-0.218,0.702,-0.534,0.139,-0.236,-0.351,0.558,0.509,0.029,-0.324,0.358,-0.326,0.012,-0.109,-0.413,0.037,0.056,0.227,-0.105,0.543,0.027,-0.077,-0.18,-0.439,0.21,0.145,-0.115,0.019,-0.025,-0.274,0.089,-0.021,-0.002,0.217,0.268,-0.472,0.495,-0.368,-0.115,0.168,0.507,0.045,-0.034,-0.296,0.699,-0.193,0.064,-0.127,-0.009,0.049,0.435,0.02,0.27,-0.186,0.008,0.61,-0.3,-0.438,0.743,0.542,0.141,-0.332,-0.356,-0.207,0.13,0.568,-0.073,0.682,0.086,-0.225,0.172,-0.175,0.609,0.328,0.062,0.134,0.023,0.476,0.398,0.153,0.166,0.687,-0.275,-0.242,-0.273,-0.151,0.158,-0.143,-0.052,0.585,-0.137,0.428,-0.494,-0.271,0.304,0.504,-0.223,0.217,-0.489,-0.066,0.116,0.393,0.055,-0.235,-0.192,0.84,0.678,0.336,0.194,-0.095,0.284,-0.349,-0.121,0.268,0.017,-0.342,0.32,0.101,-0.15,-0.308,-0.078,-0.494,-0.112,-0.131,-0.317,-0.26,0.333,-0.17,0.243,-0.466,-0.253,0.442,0.112,-0.287,-0.328,-0.193,0.603,-0.083,-0.318,-0.31,-0.282,-0.106,-0.004,-0.21,0.038,-0.161,-0.319,0.123,-0.358,0.701,0.574,0.369,-0.168,-0.436,-0.138,-0.09,0.456,-0.148,0.099,-0.458,0.606
ANIP,0.127,-0.257,-0.061,0.187,0.317,0.101,-0.049,-0.015,0.192,-0.005,0.0,0.088,0.191,0.391,-0.023,-0.078,0.313,-0.087,0.396,0.157,0.403,0.259,0.444,0.194,0.245,0.261,0.203,0.073,0.153,0.476,-0.183,0.268,0.063,0.581,0.121,0.289,0.292,-0.247,0.28,0.11,0.102,0.16,0.319,0.368,0.209,0.315,-0.172,-0.024,0.23,0.312,0.087,0.365,0.361,0.361,0.31,0.123,0.362,0.137,-0.386,0.454,0.105,0.184,0.441,0.048,-0.475,0.371,0.171,0.107,0.054,-0.049,0.069,0.528,-0.539,-0.182,0.279,0.028,0.263,0.492,-0.061,0.001,0.074,0.143,0.084,0.085,0.529,0.35,0.529,0.121,0.262,0.106,0.227,0.368,0.365,0.059,0.034,0.043,0.373,0.043,0.182,0.251,0.454,0.453,0.374,0.099,0.197,0.345,-0.244,0.399,0.355,0.443,0.349,-0.412,0.189,0.065,0.304,0.073,-0.243,0.173,0.082,-0.323,-0.095,0.406,0.153,0.357,0.368,0.166,0.184,-0.021,0.102,0.366,-0.056,0.152,0.287,0.308,0.244,-0.152,0.122,0.197,0.22,0.086,0.163,0.118,0.104,0.22,0.104,0.373,0.325,0.201,0.269,-0.411,0.195,0.335,0.229,0.121,0.408,0.027,0.511,0.283,0.225,0.365,0.244,0.204,0.207,0.292,0.062,0.529,0.05,-0.5,0.096,0.215,-0.438,0.245,-0.106,0.293,0.036,-0.109,0.091,0.373,0.224,0.206,-0.184,0.298,0.191,-0.181,0.201,0.218,0.494,0.246,0.028,-0.194,0.123,0.527,0.072,0.448,0.29,-0.058,0.391,-0.259,0.145,-0.008
AOSL,0.79,-0.664,0.809,0.899,0.909,0.932,-0.73,0.764,-0.631,-0.216,0.088,0.0,-0.351,-0.511,0.947,0.264,0.674,-0.364,0.865,-0.439,0.887,0.8,0.506,0.958,0.311,0.188,0.898,0.91,0.817,0.758,-0.536,0.948,0.921,-0.532,0.867,-0.37,0.627,0.431,0.903,0.921,-0.003,0.789,0.793,0.878,0.932,-0.686,-0.708,0.892,0.912,-0.066,0.958,0.832,0.848,0.906,0.799,0.823,0.588,0.937,-0.29,0.659,0.923,0.961,0.462,0.717,-0.482,0.801,0.872,0.795,0.924,0.365,0.894,0.522,-0.117,0.314,0.888,-0.083,0.925,0.818,0.826,0.185,0.846,0.812,0.956,-0.438,0.782,-0.635,0.704,0.843,0.646,-0.346,0.687,-0.231,0.307,0.867,-0.387,0.906,0.895,0.268,0.528,0.381,0.869,0.859,0.776,0.819,0.487,0.881,0.335,0.813,0.883,0.69,0.545,-0.264,-0.613,0.851,-0.062,0.668,0.191,0.408,-0.577,0.488,0.345,0.849,0.981,0.94,0.848,0.689,0.968,0.774,-0.534,0.751,-0.883,0.91,0.944,0.168,0.16,0.898,0.824,0.879,0.898,0.606,-0.38,0.594,0.959,0.898,-0.246,-0.347,0.375,0.882,0.937,-0.639,0.842,0.806,0.655,0.919,0.859,0.726,0.44,0.607,0.958,0.714,0.9,0.811,0.96,0.861,0.932,0.364,0.933,0.015,0.696,0.932,-0.107,-0.188,0.888,0.92,0.75,-0.225,0.948,0.786,0.937,0.958,0.873,0.879,0.951,0.819,0.75,0.868,0.582,0.953,-0.12,0.218,0.692,0.704,0.862,0.774,0.914,-0.457,-0.342,0.255,0.923,-0.823
APDN,-0.26,0.331,-0.524,-0.239,-0.32,-0.378,0.505,-0.351,0.418,0.22,0.191,-0.351,0.0,0.523,-0.474,-0.212,-0.286,0.171,-0.184,0.261,-0.263,-0.244,0.077,-0.414,0.201,-0.054,-0.378,-0.378,-0.358,-0.225,0.336,-0.259,-0.379,0.423,-0.313,0.278,0.003,-0.185,-0.291,-0.368,0.326,-0.294,-0.075,-0.206,-0.34,0.362,0.43,-0.292,-0.377,0.292,-0.434,-0.19,-0.253,-0.288,-0.181,-0.35,0.109,-0.317,0.205,-0.041,-0.448,-0.372,0.116,-0.223,0.04,-0.103,-0.171,-0.168,-0.451,-0.179,-0.287,-0.022,-0.361,-0.229,-0.375,0.066,-0.373,-0.013,-0.324,0.143,-0.217,-0.16,-0.452,0.319,-0.036,0.501,0.002,-0.265,0.028,0.186,-0.228,0.356,-0.045,-0.185,0.26,-0.512,-0.236,0.069,-0.065,0.097,-0.17,-0.188,-0.279,-0.348,0.046,-0.147,0.01,-0.153,-0.248,0.135,0.08,0.244,0.522,-0.341,0.31,-0.239,0.048,0.273,0.207,-0.275,0.06,-0.304,-0.351,-0.237,-0.24,0.027,-0.336,-0.435,0.482,-0.07,0.255,-0.417,-0.283,0.425,0.371,-0.446,-0.153,-0.4,-0.275,-0.054,0.466,-0.125,-0.429,-0.239,0.5,0.319,0.181,-0.154,-0.251,0.067,-0.18,-0.286,-0.149,-0.332,-0.177,-0.11,0.288,-0.281,-0.36,-0.038,-0.356,-0.144,-0.32,-0.293,-0.46,0.223,-0.413,-0.458,-0.516,-0.236,-0.081,0.46,-0.463,-0.23,-0.5,0.469,-0.302,-0.247,-0.309,-0.42,-0.372,-0.195,-0.321,-0.426,-0.174,-0.256,0.041,-0.356,0.278,0.014,-0.055,-0.047,-0.339,-0.087,-0.225,0.377,0.315,-0.292,-0.401,0.487
APLT,-0.234,0.544,-0.765,-0.324,-0.473,-0.548,0.499,-0.398,0.546,0.434,0.391,-0.511,0.523,0.0,-0.611,-0.239,-0.348,0.357,-0.317,0.647,-0.329,-0.541,0.224,-0.518,0.207,-0.004,-0.433,-0.406,-0.278,-0.338,0.504,-0.32,-0.585,0.678,-0.664,0.747,-0.109,-0.256,-0.426,-0.554,0.521,-0.344,-0.084,-0.414,-0.532,0.682,0.631,-0.462,-0.571,0.581,-0.515,-0.279,-0.23,-0.368,-0.062,-0.416,0.046,-0.422,-0.035,-0.208,-0.555,-0.536,-0.042,-0.412,0.113,-0.081,-0.195,-0.068,-0.552,0.105,-0.291,0.237,-0.25,-0.18,-0.443,-0.112,-0.427,-0.165,-0.324,0.257,-0.264,-0.324,-0.554,0.718,-0.057,0.608,-0.053,-0.209,0.027,0.406,-0.222,0.576,0.129,-0.482,0.363,-0.672,-0.374,0.124,0.128,0.06,-0.237,-0.354,-0.399,-0.481,0.099,-0.255,-0.018,-0.145,-0.199,0.117,0.125,0.156,0.799,-0.474,0.648,-0.318,0.11,0.212,0.301,-0.192,0.08,-0.269,-0.514,-0.364,-0.293,-0.144,-0.379,-0.519,0.786,0.028,0.497,-0.57,-0.434,0.583,0.612,-0.674,-0.144,-0.469,-0.32,-0.144,0.787,-0.095,-0.596,-0.326,0.543,0.698,0.184,-0.191,-0.437,0.29,-0.483,-0.434,-0.157,-0.479,-0.39,-0.15,0.403,-0.122,-0.513,0.009,-0.483,-0.129,-0.384,-0.243,-0.593,0.441,-0.47,-0.201,-0.552,-0.276,0.042,0.598,-0.581,-0.416,-0.495,0.506,-0.483,-0.231,-0.44,-0.512,-0.602,-0.312,-0.504,-0.53,-0.25,-0.548,0.156,-0.474,0.524,0.111,-0.148,-0.011,-0.649,-0.068,-0.218,0.72,0.321,-0.421,-0.501,0.72
APVO,0.784,-0.586,0.85,0.883,0.831,0.871,-0.686,0.838,-0.581,-0.217,-0.023,0.947,-0.474,-0.611,0.0,0.325,0.565,-0.249,0.74,-0.474,0.779,0.78,0.36,0.91,0.332,0.233,0.857,0.897,0.83,0.703,-0.44,0.869,0.938,-0.609,0.824,-0.444,0.566,0.515,0.848,0.926,-0.021,0.762,0.67,0.806,0.911,-0.669,-0.696,0.869,0.886,-0.093,0.945,0.727,0.725,0.82,0.759,0.866,0.511,0.878,-0.191,0.49,0.927,0.916,0.375,0.7,-0.403,0.658,0.853,0.7,0.946,0.412,0.877,0.391,0.108,0.432,0.838,-0.093,0.889,0.719,0.825,0.197,0.82,0.781,0.94,-0.418,0.669,-0.743,0.524,0.837,0.559,-0.237,0.733,-0.331,0.337,0.847,-0.294,0.898,0.815,0.261,0.524,0.259,0.743,0.749,0.709,0.812,0.416,0.837,0.344,0.714,0.783,0.524,0.454,-0.169,-0.608,0.842,-0.127,0.734,0.295,0.351,-0.611,0.57,0.35,0.807,0.937,0.846,0.779,0.631,0.925,0.843,-0.577,0.579,-0.788,0.899,0.882,0.069,0.084,0.924,0.791,0.841,0.883,0.527,-0.466,0.626,0.943,0.854,-0.301,-0.33,0.214,0.814,0.875,-0.467,0.743,0.764,0.602,0.908,0.753,0.647,0.344,0.643,0.915,0.626,0.833,0.751,0.91,0.79,0.955,0.18,0.937,0.128,0.765,0.844,0.029,-0.274,0.91,0.82,0.816,-0.233,0.917,0.72,0.904,0.909,0.912,0.842,0.912,0.888,0.621,0.8,0.449,0.902,-0.118,0.308,0.619,0.592,0.864,0.633,0.832,-0.458,-0.426,0.38,0.881,-0.848
ARGX,0.498,-0.115,0.45,0.346,0.203,0.346,0.181,0.394,0.074,0.476,-0.078,0.264,-0.212,-0.239,0.325,0.0,0.141,-0.117,0.152,0.156,0.231,0.557,-0.128,0.117,0.137,-0.255,-0.038,0.136,0.048,0.036,0.176,0.336,0.432,-0.254,0.403,-0.424,0.681,0.734,0.458,0.455,0.233,-0.147,0.334,0.137,0.199,-0.023,-0.286,0.484,0.348,-0.204,0.174,0.308,0.078,0.069,0.177,0.389,0.357,0.386,0.696,0.383,0.481,0.399,-0.139,0.78,-0.173,0.002,0.334,0.061,0.345,-0.113,0.342,-0.259,0.391,0.677,-0.056,0.784,0.077,0.178,0.554,0.538,0.169,0.487,0.218,-0.038,-0.086,-0.443,0.119,0.32,0.12,0.402,0.514,-0.511,-0.274,0.597,0.483,0.337,0.007,0.674,0.524,0.194,-0.005,0.05,0.294,0.628,0.499,0.265,0.721,0.388,-0.038,0.269,-0.305,0.566,-0.297,0.656,-0.41,0.461,0.521,0.43,-0.294,0.418,0.725,0.075,0.236,0.141,0.107,0.595,0.266,0.64,-0.25,0.025,-0.013,0.092,0.279,-0.081,0.01,0.417,0.414,0.029,0.278,0.473,-0.311,0.408,0.376,0.187,0.184,0.18,0.015,0.349,0.319,-0.05,0.23,0.472,0.555,0.542,0.144,0.385,-0.082,0.215,0.179,-0.024,0.024,-0.031,0.24,-0.113,0.286,-0.132,0.303,0.069,0.195,0.051,0.289,-0.394,0.14,0.119,0.233,0.016,0.471,-0.166,0.133,0.242,0.444,0.499,0.351,0.43,0.033,0.212,-0.068,0.161,0.47,0.595,0.565,-0.079,0.264,0.046,0.127,-0.053,-0.626,0.488,0.05,-0.119
ARLP,0.291,-0.811,0.686,0.503,0.764,0.789,-0.614,0.269,-0.572,-0.42,0.313,0.674,-0.286,-0.348,0.565,0.141,0.0,-0.698,0.719,-0.304,0.795,0.568,0.389,0.753,-0.223,-0.096,0.68,0.56,0.33,0.559,-0.749,0.654,0.538,-0.218,0.772,-0.396,0.447,0.158,0.769,0.656,-0.414,0.563,0.58,0.665,0.656,-0.618,-0.739,0.591,0.759,-0.411,0.659,0.576,0.701,0.776,0.434,0.32,0.224,0.737,-0.279,0.61,0.591,0.717,0.632,0.565,-0.346,0.691,0.487,0.531,0.644,0.013,0.455,0.313,-0.381,0.024,0.694,0.005,0.642,0.668,0.477,-0.088,0.366,0.571,0.652,-0.673,0.512,-0.17,0.73,0.458,0.425,-0.39,0.355,-0.358,-0.021,0.617,-0.456,0.727,0.724,0.104,0.13,0.511,0.767,0.761,0.615,0.529,0.105,0.506,-0.01,0.505,0.647,0.551,0.199,-0.397,-0.557,0.58,-0.276,0.26,-0.207,0.104,-0.227,0.098,-0.016,0.623,0.658,0.721,0.522,0.509,0.604,0.511,-0.611,0.699,-0.715,0.66,0.739,-0.036,-0.171,0.565,0.424,0.688,0.436,0.56,-0.352,0.238,0.653,0.605,-0.506,-0.502,0.278,0.453,0.607,-0.808,0.845,0.757,0.523,0.566,0.83,0.333,0.192,0.374,0.637,0.358,0.786,0.347,0.671,0.582,0.593,0.165,0.545,-0.247,0.629,0.665,-0.575,-0.382,0.443,0.774,0.275,-0.569,0.646,0.457,0.575,0.723,0.477,0.614,0.718,0.255,0.631,0.697,0.424,0.731,-0.211,-0.233,0.347,0.458,0.735,0.629,0.534,-0.37,-0.193,0.043,0.71,-0.695
ATEX,-0.015,0.712,-0.432,-0.157,-0.498,-0.597,0.384,0.158,0.609,0.307,-0.087,-0.364,0.171,0.357,-0.249,-0.117,-0.698,0.0,-0.537,0.264,-0.427,-0.309,-0.325,-0.438,0.487,0.146,-0.27,-0.158,0.098,-0.158,0.732,-0.366,-0.282,0.167,-0.517,0.294,-0.221,0.12,-0.437,-0.277,0.498,-0.155,-0.41,-0.371,-0.323,0.397,0.556,-0.356,-0.431,0.488,-0.269,-0.248,-0.51,-0.449,-0.006,0.004,0.126,-0.435,0.078,-0.416,-0.292,-0.406,-0.336,-0.385,0.095,-0.489,-0.04,-0.288,-0.236,0.281,-0.046,-0.087,0.448,0.287,-0.291,-0.156,-0.287,-0.31,-0.171,0.417,0.014,-0.137,-0.272,0.623,-0.142,-0.069,-0.491,-0.105,-0.334,0.476,-0.004,0.312,0.341,-0.388,0.462,-0.437,-0.361,-0.091,0.128,-0.453,-0.457,-0.453,-0.489,-0.207,-0.078,-0.094,0.011,-0.115,-0.249,-0.271,0.222,0.333,0.635,-0.267,0.439,-0.068,0.453,0.229,0.018,0.2,0.179,-0.151,-0.339,-0.376,-0.272,-0.135,-0.247,-0.163,0.439,-0.434,0.408,-0.255,-0.371,0.304,0.34,-0.258,-0.13,-0.256,-0.041,-0.274,0.24,0.224,-0.367,-0.157,0.316,0.585,-0.355,-0.148,-0.288,0.672,-0.69,-0.576,-0.474,-0.228,-0.528,-0.271,0.16,0.01,-0.305,0.166,-0.395,0.02,-0.311,-0.178,-0.222,0.005,-0.134,0.11,-0.237,-0.294,0.701,0.38,-0.233,-0.399,0.074,0.623,-0.31,-0.127,-0.217,-0.356,-0.157,-0.274,-0.343,0.018,-0.555,-0.549,-0.255,-0.406,0.293,0.412,-0.206,-0.139,-0.411,-0.408,-0.221,0.448,-0.029,0.294,-0.294,0.351
ATRA,0.662,-0.78,0.626,0.742,0.935,0.887,-0.668,0.467,-0.648,-0.207,0.396,0.865,-0.184,-0.317,0.74,0.152,0.719,-0.537,0.0,-0.399,0.91,0.76,0.705,0.892,0.253,0.23,0.793,0.717,0.643,0.775,-0.692,0.912,0.766,-0.194,0.79,-0.159,0.597,0.081,0.841,0.734,-0.06,0.651,0.848,0.896,0.839,-0.454,-0.705,0.732,0.826,-0.013,0.774,0.86,0.94,0.911,0.671,0.653,0.518,0.837,-0.414,0.82,0.784,0.876,0.485,0.608,-0.574,0.88,0.678,0.703,0.699,0.099,0.672,0.663,-0.471,-0.024,0.832,-0.056,0.856,0.868,0.58,-0.068,0.657,0.593,0.786,-0.398,0.839,-0.26,0.864,0.649,0.713,-0.462,0.511,-0.033,0.245,0.747,-0.444,0.774,0.888,0.233,0.422,0.47,0.935,0.931,0.871,0.665,0.543,0.791,0.15,0.813,0.858,0.739,0.497,-0.507,-0.588,0.682,-0.037,0.506,-0.149,0.241,-0.369,0.087,0.139,0.793,0.87,0.933,0.887,0.519,0.851,0.512,-0.436,0.799,-0.792,0.769,0.872,0.124,0.142,0.624,0.701,0.754,0.764,0.489,-0.283,0.346,0.848,0.745,-0.153,-0.303,0.614,0.795,0.878,-0.824,0.859,0.853,0.691,0.775,0.9,0.691,0.45,0.427,0.885,0.595,0.836,0.718,0.873,0.797,0.735,0.567,0.707,-0.176,0.475,0.846,-0.456,-0.118,0.701,0.878,0.569,-0.359,0.788,0.792,0.849,0.868,0.578,0.788,0.835,0.535,0.847,0.908,0.768,0.895,-0.18,-0.069,0.639,0.787,0.701,0.885,0.885,-0.548,0.001,-0.04,0.78,-0.653
AUTL,-0.219,0.541,-0.427,-0.298,-0.452,-0.413,0.489,-0.231,0.682,0.448,0.157,-0.439,0.261,0.647,-0.474,0.156,-0.304,0.264,-0.399,0.0,-0.315,-0.346,-0.101,-0.488,0.027,-0.34,-0.472,-0.3,-0.379,-0.369,0.594,-0.311,-0.421,0.409,-0.425,0.315,-0.006,0.137,-0.293,-0.323,0.429,-0.346,-0.087,-0.475,-0.523,0.5,0.545,-0.282,-0.411,0.166,-0.422,-0.291,-0.358,-0.396,-0.09,-0.283,0.169,-0.248,0.331,-0.186,-0.355,-0.398,-0.109,-0.086,0.143,-0.204,-0.179,-0.144,-0.367,0.031,-0.199,-0.067,0.097,0.234,-0.5,0.243,-0.492,-0.291,-0.121,0.46,-0.221,-0.128,-0.462,0.478,-0.29,0.239,-0.141,-0.135,-0.143,0.611,-0.074,0.123,-0.084,-0.258,0.462,-0.457,-0.437,0.23,0.036,0.058,-0.375,-0.393,-0.352,-0.224,0.048,-0.301,0.245,-0.118,-0.317,0.053,-0.147,0.43,0.576,-0.177,0.304,-0.197,0.273,0.282,0.087,0.111,0.277,-0.385,-0.476,-0.405,-0.415,0.043,-0.345,-0.184,0.467,-0.092,0.43,-0.483,-0.343,0.411,0.355,-0.376,-0.108,-0.399,-0.309,0.165,0.467,0.041,-0.478,-0.282,0.413,0.554,-0.018,-0.215,-0.431,0.342,-0.36,-0.262,-0.012,-0.293,-0.431,-0.155,0.108,0.013,-0.519,-0.153,-0.455,-0.384,-0.373,-0.342,-0.436,0.043,-0.302,-0.1,-0.28,-0.306,0.194,0.407,-0.522,-0.375,-0.422,0.411,-0.294,-0.398,-0.452,-0.414,-0.421,-0.178,-0.381,-0.384,-0.339,-0.559,-0.184,-0.455,0.46,0.277,0.07,-0.278,-0.42,-0.207,-0.326,0.667,-0.109,-0.056,-0.429,0.505
AVDL,0.689,-0.766,0.728,0.78,0.937,0.878,-0.706,0.602,-0.541,-0.19,0.403,0.887,-0.263,-0.329,0.779,0.231,0.795,-0.427,0.91,-0.315,0.0,0.803,0.534,0.906,0.238,0.097,0.851,0.8,0.693,0.816,-0.619,0.902,0.783,-0.241,0.844,-0.271,0.638,0.26,0.913,0.832,-0.088,0.718,0.779,0.909,0.871,-0.534,-0.683,0.768,0.9,-0.097,0.853,0.918,0.884,0.915,0.737,0.706,0.577,0.893,-0.36,0.814,0.85,0.927,0.539,0.672,-0.589,0.83,0.765,0.696,0.82,0.184,0.754,0.585,-0.339,0.176,0.876,0.005,0.862,0.875,0.694,0.133,0.714,0.746,0.853,-0.449,0.82,-0.392,0.847,0.701,0.597,-0.316,0.583,-0.147,0.266,0.781,-0.407,0.849,0.897,0.228,0.463,0.471,0.917,0.929,0.786,0.771,0.416,0.823,0.182,0.857,0.893,0.766,0.527,-0.398,-0.566,0.798,-0.068,0.523,-0.011,0.356,-0.428,0.268,0.229,0.87,0.891,0.934,0.812,0.658,0.884,0.642,-0.513,0.814,-0.832,0.832,0.93,0.15,0.117,0.736,0.704,0.829,0.797,0.659,-0.376,0.503,0.861,0.845,-0.236,-0.265,0.49,0.809,0.898,-0.816,0.845,0.862,0.667,0.843,0.92,0.619,0.45,0.533,0.895,0.678,0.897,0.7,0.913,0.847,0.826,0.489,0.812,-0.153,0.651,0.872,-0.348,-0.219,0.668,0.939,0.618,-0.328,0.868,0.779,0.855,0.937,0.655,0.843,0.892,0.58,0.76,0.829,0.668,0.912,-0.106,0.033,0.632,0.741,0.779,0.779,0.858,-0.442,-0.226,0.18,0.862,-0.747
BCRX,0.724,-0.632,0.798,0.778,0.817,0.804,-0.449,0.693,-0.341,-0.075,0.259,0.8,-0.244,-0.541,0.78,0.557,0.568,-0.309,0.76,-0.346,0.803,0.0,0.268,0.753,0.296,0.124,0.647,0.662,0.59,0.71,-0.413,0.818,0.855,-0.382,0.892,-0.536,0.746,0.511,0.884,0.878,-0.012,0.518,0.671,0.82,0.814,-0.469,-0.717,0.795,0.879,-0.151,0.742,0.796,0.639,0.734,0.611,0.789,0.66,0.789,0.019,0.758,0.889,0.895,0.407,0.828,-0.594,0.55,0.709,0.445,0.798,0.022,0.709,0.254,-0.073,0.432,0.679,0.36,0.729,0.753,0.688,0.254,0.642,0.782,0.77,-0.455,0.614,-0.559,0.616,0.647,0.441,-0.082,0.708,-0.369,0.143,0.883,-0.087,0.808,0.731,0.35,0.484,0.31,0.688,0.764,0.783,0.893,0.494,0.803,0.356,0.788,0.613,0.587,0.3,-0.091,-0.59,0.89,-0.292,0.663,0.195,0.435,-0.506,0.338,0.4,0.695,0.828,0.797,0.718,0.718,0.783,0.793,-0.599,0.479,-0.663,0.747,0.857,-0.012,-0.01,0.79,0.659,0.678,0.778,0.594,-0.535,0.565,0.865,0.737,-0.124,-0.194,0.259,0.736,0.876,-0.606,0.762,0.876,0.671,0.901,0.783,0.579,0.283,0.5,0.824,0.529,0.712,0.529,0.775,0.564,0.809,0.195,0.761,-0.202,0.614,0.651,-0.115,-0.318,0.622,0.776,0.659,-0.25,0.87,0.563,0.779,0.815,0.752,0.874,0.859,0.7,0.536,0.816,0.414,0.795,-0.032,0.264,0.678,0.56,0.783,0.591,0.701,-0.528,-0.312,0.403,0.697,-0.705
BHAT,0.435,-0.389,0.074,0.496,0.535,0.486,-0.387,0.154,-0.393,-0.027,0.444,0.506,0.077,0.224,0.36,-0.128,0.389,-0.325,0.705,-0.101,0.534,0.268,0.0,0.534,0.294,0.341,0.475,0.423,0.447,0.454,-0.368,0.62,0.373,0.151,0.267,0.331,0.357,-0.16,0.429,0.291,0.255,0.409,0.702,0.521,0.452,-0.035,-0.279,0.389,0.365,0.389,0.406,0.504,0.738,0.606,0.538,0.319,0.383,0.464,-0.486,0.474,0.35,0.437,0.355,0.19,-0.382,0.769,0.475,0.665,0.293,0.241,0.43,0.784,-0.56,-0.222,0.503,-0.275,0.556,0.617,0.292,-0.063,0.444,0.255,0.4,0.078,0.701,0.105,0.652,0.472,0.726,-0.323,0.298,0.365,0.344,0.347,-0.318,0.297,0.59,0.195,0.39,0.406,0.705,0.587,0.574,0.219,0.547,0.519,0.107,0.529,0.654,0.658,0.514,-0.438,-0.095,0.251,0.406,0.232,-0.094,0.227,-0.208,-0.061,0.054,0.521,0.498,0.621,0.646,0.252,0.544,0.103,0.111,0.709,-0.421,0.376,0.478,0.42,0.476,0.16,0.547,0.413,0.484,0.196,0.315,0.143,0.435,0.447,0.153,0.056,0.681,0.583,0.512,-0.491,0.481,0.45,0.467,0.357,0.534,0.578,0.617,0.301,0.505,0.491,0.453,0.631,0.529,0.597,0.305,0.725,0.351,-0.116,0.074,0.612,-0.379,0.323,0.388,0.503,0.222,-0.055,0.38,0.613,0.539,0.458,0.197,0.459,0.412,0.233,0.671,0.523,0.785,0.535,0.023,-0.039,0.459,0.698,0.241,0.795,0.698,-0.16,0.249,-0.435,0.415,-0.176
BLBD,0.665,-0.758,0.808,0.833,0.942,0.923,-0.843,0.684,-0.683,-0.399,0.194,0.958,-0.414,-0.518,0.91,0.117,0.753,-0.438,0.892,-0.488,0.906,0.753,0.534,0.0,0.198,0.237,0.955,0.902,0.806,0.827,-0.684,0.909,0.88,-0.444,0.862,-0.35,0.496,0.258,0.885,0.882,-0.172,0.855,0.731,0.904,0.947,-0.684,-0.781,0.794,0.93,-0.117,0.957,0.806,0.878,0.967,0.754,0.762,0.485,0.902,-0.459,0.63,0.882,0.939,0.537,0.599,-0.52,0.82,0.783,0.746,0.901,0.309,0.806,0.571,-0.198,0.176,0.959,-0.202,0.965,0.814,0.699,0.004,0.766,0.72,0.949,-0.534,0.809,-0.539,0.735,0.778,0.615,-0.428,0.618,-0.223,0.372,0.774,-0.514,0.916,0.955,0.096,0.375,0.351,0.923,0.92,0.815,0.72,0.341,0.835,0.106,0.757,0.911,0.628,0.555,-0.472,-0.647,0.76,-0.064,0.599,-0.006,0.232,-0.542,0.357,0.116,0.893,0.96,0.955,0.867,0.553,0.938,0.697,-0.603,0.759,-0.894,0.949,0.945,0.075,0.046,0.835,0.708,0.936,0.843,0.525,-0.419,0.496,0.934,0.876,-0.407,-0.433,0.348,0.78,0.893,-0.706,0.863,0.821,0.589,0.838,0.904,0.595,0.401,0.606,0.966,0.67,0.966,0.777,0.94,0.905,0.922,0.327,0.891,-0.008,0.763,0.929,-0.279,-0.193,0.862,0.938,0.741,-0.407,0.878,0.841,0.946,0.972,0.762,0.82,0.921,0.703,0.777,0.888,0.589,0.985,-0.277,0.019,0.568,0.739,0.872,0.798,0.894,-0.537,-0.21,0.161,0.96,-0.882
BMRN,0.61,0.219,-0.0,0.454,0.202,0.081,0.021,0.554,0.183,0.371,0.245,0.311,0.201,0.207,0.332,0.137,-0.223,0.487,0.253,0.027,0.238,0.296,0.294,0.198,0.0,0.339,0.236,0.367,0.565,0.373,0.318,0.401,0.341,0.034,0.05,0.277,0.397,0.289,0.231,0.295,0.655,0.242,0.376,0.322,0.303,0.173,0.097,0.24,0.182,0.601,0.286,0.422,0.24,0.223,0.544,0.543,0.629,0.248,-0.061,0.215,0.308,0.26,-0.001,0.197,-0.386,0.243,0.543,0.314,0.26,0.392,0.498,0.447,0.065,0.299,0.242,-0.144,0.331,0.434,0.389,0.49,0.529,0.334,0.268,0.496,0.511,-0.242,0.22,0.475,0.328,0.257,0.517,0.338,0.527,0.291,0.332,0.112,0.27,0.344,0.637,-0.038,0.238,0.233,0.219,0.328,0.546,0.571,0.342,0.53,0.377,0.414,0.571,0.099,0.225,0.272,0.455,0.476,0.488,0.573,-0.281,0.298,0.512,0.382,0.319,0.332,0.444,0.376,0.419,0.28,0.227,0.211,-0.128,0.22,0.289,0.524,0.672,0.199,0.554,0.199,0.583,0.184,0.161,0.586,0.25,0.393,0.434,0.522,0.233,0.559,0.382,0.103,-0.027,0.162,0.22,0.397,0.143,0.407,0.644,0.309,0.337,0.604,0.144,0.584,0.396,0.37,0.295,0.525,0.391,-0.091,0.033,0.352,0.38,0.375,0.367,0.218,0.437,0.493,0.333,0.404,0.407,0.244,0.295,0.411,0.278,0.433,0.126,0.149,0.422,0.252,0.334,0.547,0.461,0.471,0.061,0.33,0.5,0.105,-0.033,0.168,0.199,-0.029
BNGO,0.295,-0.044,-0.086,0.348,0.165,0.047,-0.186,0.245,-0.061,-0.063,0.261,0.188,-0.054,-0.004,0.233,-0.255,-0.096,0.146,0.23,-0.34,0.097,0.124,0.341,0.237,0.339,0.0,0.277,0.185,0.472,0.325,-0.049,0.24,0.23,0.034,0.006,0.264,-0.005,-0.187,0.087,0.098,0.141,0.266,0.131,0.323,0.279,0.128,-0.161,0.047,0.131,0.608,0.222,0.08,0.262,0.261,0.32,0.385,0.124,0.031,-0.423,-0.071,0.169,0.124,0.126,-0.136,-0.322,0.238,0.224,0.172,0.161,0.348,0.203,0.471,-0.019,-0.155,0.315,-0.315,0.389,0.241,0.005,-0.163,0.27,0.012,0.23,0.154,0.41,-0.118,0.057,0.294,0.246,-0.109,0.17,0.35,0.547,-0.025,-0.086,0.1,0.31,-0.025,0.211,-0.212,0.295,0.246,0.225,0.09,0.245,0.342,-0.158,0.105,0.305,0.085,0.423,-0.326,0.088,-0.01,0.395,0.309,0.009,-0.001,-0.035,-0.007,-0.074,0.385,0.251,0.25,0.443,-0.114,0.255,0.033,0.139,0.074,-0.018,0.235,0.168,0.12,0.276,0.015,0.165,0.233,0.371,-0.374,0.185,0.089,0.206,0.199,0.092,0.181,0.045,0.234,0.237,0.075,0.024,0.111,0.01,0.12,0.204,0.174,0.389,0.311,0.302,0.317,0.187,0.472,0.213,0.316,0.217,0.289,0.17,0.112,0.121,0.199,0.078,0.236,0.305,0.107,0.303,0.058,0.073,0.409,0.355,0.167,0.115,0.17,0.19,0.266,0.119,0.287,0.428,0.27,-0.064,0.05,0.04,0.449,0.076,0.383,0.354,-0.201,0.449,-0.14,0.191,-0.069
BUSE,0.601,-0.643,0.73,0.805,0.867,0.812,-0.848,0.706,-0.603,-0.455,0.203,0.898,-0.378,-0.433,0.857,-0.038,0.68,-0.27,0.793,-0.472,0.851,0.647,0.475,0.955,0.236,0.277,0.0,0.913,0.864,0.832,-0.618,0.828,0.802,-0.403,0.76,-0.282,0.377,0.219,0.805,0.826,-0.157,0.939,0.621,0.859,0.91,-0.665,-0.7,0.693,0.86,-0.031,0.95,0.737,0.803,0.935,0.777,0.74,0.474,0.825,-0.57,0.517,0.809,0.854,0.565,0.446,-0.482,0.764,0.776,0.732,0.875,0.419,0.797,0.604,-0.155,0.176,0.977,-0.34,0.956,0.767,0.627,0.037,0.777,0.689,0.927,-0.47,0.827,-0.534,0.666,0.755,0.517,-0.385,0.577,-0.152,0.503,0.651,-0.508,0.846,0.944,-0.035,0.35,0.258,0.893,0.873,0.676,0.638,0.214,0.817,-0.019,0.71,0.923,0.564,0.664,-0.498,-0.504,0.674,0.082,0.554,0.019,0.241,-0.543,0.394,0.052,0.926,0.904,0.91,0.819,0.496,0.902,0.635,-0.545,0.726,-0.861,0.951,0.898,0.148,0.095,0.786,0.635,0.968,0.83,0.47,-0.364,0.543,0.853,0.873,-0.444,-0.378,0.247,0.726,0.83,-0.606,0.755,0.689,0.433,0.756,0.843,0.48,0.468,0.665,0.926,0.753,0.97,0.812,0.895,0.947,0.902,0.325,0.877,-0.006,0.783,0.921,-0.214,-0.112,0.823,0.904,0.758,-0.339,0.799,0.879,0.923,0.931,0.712,0.741,0.865,0.668,0.689,0.782,0.556,0.944,-0.298,0.022,0.442,0.761,0.822,0.741,0.862,-0.424,-0.161,0.164,0.975,-0.859
CAKE,0.713,-0.481,0.736,0.846,0.805,0.792,-0.761,0.836,-0.457,-0.262,0.073,0.91,-0.378,-0.406,0.897,0.136,0.56,-0.158,0.717,-0.3,0.8,0.662,0.423,0.902,0.367,0.185,0.913,0.0,0.875,0.762,-0.382,0.856,0.853,-0.452,0.746,-0.294,0.462,0.455,0.804,0.881,0.053,0.892,0.676,0.799,0.879,-0.62,-0.568,0.766,0.853,-0.005,0.957,0.746,0.742,0.871,0.855,0.827,0.616,0.879,-0.354,0.456,0.849,0.859,0.461,0.564,-0.506,0.74,0.877,0.759,0.914,0.514,0.895,0.571,0.025,0.411,0.884,-0.272,0.903,0.742,0.778,0.281,0.875,0.785,0.928,-0.308,0.768,-0.69,0.592,0.883,0.56,-0.18,0.728,-0.225,0.536,0.745,-0.349,0.857,0.862,0.145,0.46,0.248,0.798,0.788,0.678,0.72,0.322,0.844,0.242,0.75,0.887,0.622,0.681,-0.267,-0.442,0.776,0.127,0.679,0.273,0.425,-0.638,0.615,0.296,0.859,0.893,0.856,0.782,0.632,0.931,0.766,-0.495,0.707,-0.817,0.906,0.897,0.288,0.247,0.859,0.779,0.911,0.875,0.62,-0.307,0.697,0.85,0.895,-0.29,-0.224,0.245,0.813,0.805,-0.474,0.72,0.686,0.533,0.83,0.746,0.546,0.522,0.721,0.887,0.762,0.886,0.819,0.919,0.904,0.925,0.287,0.959,0.083,0.801,0.937,-0.008,-0.017,0.837,0.855,0.796,-0.161,0.869,0.798,0.923,0.909,0.779,0.828,0.866,0.773,0.617,0.714,0.479,0.904,-0.103,0.294,0.626,0.704,0.805,0.698,0.876,-0.307,-0.37,0.264,0.938,-0.833
CASY,0.771,-0.329,0.541,0.86,0.696,0.619,-0.676,0.859,-0.393,-0.152,0.153,0.817,-0.358,-0.278,0.83,0.048,0.33,0.098,0.643,-0.379,0.693,0.59,0.447,0.806,0.565,0.472,0.864,0.875,0.0,0.76,-0.263,0.792,0.779,-0.396,0.547,-0.077,0.399,0.344,0.681,0.751,0.199,0.816,0.583,0.747,0.81,-0.444,-0.48,0.636,0.701,0.332,0.873,0.699,0.691,0.763,0.868,0.869,0.594,0.694,-0.486,0.391,0.787,0.751,0.331,0.39,-0.518,0.638,0.844,0.71,0.814,0.619,0.874,0.649,0.094,0.359,0.841,-0.346,0.889,0.686,0.682,0.269,0.87,0.665,0.852,-0.086,0.806,-0.647,0.484,0.829,0.503,-0.156,0.674,0.03,0.665,0.575,-0.236,0.697,0.792,0.113,0.594,0.076,0.732,0.688,0.56,0.655,0.409,0.862,0.168,0.741,0.856,0.541,0.757,-0.306,-0.288,0.643,0.295,0.68,0.315,0.394,-0.576,0.556,0.288,0.888,0.837,0.798,0.818,0.482,0.889,0.646,-0.268,0.594,-0.662,0.832,0.776,0.295,0.371,0.714,0.72,0.829,0.919,0.351,-0.196,0.701,0.777,0.845,-0.158,-0.026,0.202,0.8,0.795,-0.286,0.479,0.528,0.389,0.757,0.629,0.549,0.59,0.691,0.856,0.849,0.77,0.92,0.843,0.885,0.854,0.434,0.88,0.142,0.64,0.833,0.18,0.07,0.824,0.727,0.867,-0.012,0.74,0.852,0.892,0.817,0.722,0.719,0.762,0.811,0.501,0.624,0.577,0.819,-0.051,0.342,0.504,0.765,0.615,0.664,0.879,-0.262,-0.188,0.26,0.829,-0.663
CCOI,0.553,-0.607,0.623,0.697,0.786,0.655,-0.681,0.634,-0.352,-0.375,0.476,0.758,-0.225,-0.338,0.703,0.036,0.559,-0.158,0.775,-0.369,0.816,0.71,0.454,0.827,0.373,0.325,0.832,0.762,0.76,0.0,-0.517,0.741,0.73,-0.087,0.725,-0.267,0.402,0.135,0.736,0.743,-0.108,0.779,0.53,0.823,0.831,-0.389,-0.656,0.505,0.818,0.039,0.782,0.796,0.697,0.864,0.666,0.685,0.543,0.702,-0.514,0.637,0.715,0.786,0.476,0.406,-0.724,0.606,0.652,0.439,0.722,0.105,0.653,0.553,-0.253,0.101,0.875,-0.206,0.873,0.77,0.452,0.04,0.612,0.608,0.795,-0.365,0.833,-0.375,0.697,0.618,0.424,-0.274,0.626,-0.058,0.598,0.561,-0.359,0.734,0.898,-0.077,0.259,0.074,0.807,0.863,0.753,0.57,0.242,0.794,-0.115,0.768,0.806,0.55,0.695,-0.56,-0.427,0.616,0.063,0.507,-0.078,0.247,-0.416,0.17,0.028,0.872,0.779,0.845,0.791,0.451,0.79,0.549,-0.521,0.593,-0.723,0.86,0.82,0.124,0.055,0.615,0.522,0.842,0.783,0.374,-0.398,0.552,0.775,0.767,-0.369,-0.163,0.234,0.63,0.775,-0.593,0.621,0.67,0.359,0.712,0.811,0.32,0.469,0.545,0.854,0.72,0.852,0.704,0.784,0.808,0.761,0.373,0.746,-0.232,0.663,0.761,-0.226,-0.031,0.645,0.82,0.712,-0.292,0.701,0.803,0.858,0.844,0.522,0.723,0.783,0.505,0.536,0.758,0.506,0.828,-0.297,-0.048,0.45,0.745,0.696,0.692,0.769,-0.521,-0.062,0.171,0.838,-0.76
CEVA,-0.073,0.855,-0.55,-0.286,-0.694,-0.659,0.722,-0.054,0.813,0.632,-0.183,-0.536,0.336,0.504,-0.44,0.176,-0.749,0.732,-0.692,0.594,-0.619,-0.413,-0.368,-0.684,0.318,-0.049,-0.618,-0.382,-0.263,-0.517,0.0,-0.467,-0.429,0.229,-0.616,0.33,-0.071,0.297,-0.53,-0.405,0.69,-0.482,-0.341,-0.587,-0.576,0.582,0.733,-0.339,-0.581,0.411,-0.514,-0.448,-0.638,-0.676,-0.131,-0.187,0.085,-0.499,0.526,-0.493,-0.437,-0.558,-0.407,-0.22,0.278,-0.544,-0.158,-0.341,-0.423,0.2,-0.206,-0.26,0.484,0.389,-0.661,0.182,-0.587,-0.434,-0.14,0.583,-0.154,-0.172,-0.526,0.76,-0.424,0.044,-0.553,-0.154,-0.27,0.726,-0.042,0.198,0.048,-0.345,0.717,-0.588,-0.647,0.27,0.154,-0.253,-0.66,-0.679,-0.559,-0.261,0.067,-0.303,0.376,-0.303,-0.522,-0.218,-0.098,0.737,0.745,-0.286,0.37,-0.117,0.627,0.372,0.087,0.246,0.438,-0.496,-0.554,-0.598,-0.495,-0.022,-0.451,-0.176,0.626,-0.488,0.662,-0.585,-0.542,0.406,0.44,-0.378,-0.104,-0.583,-0.281,-0.137,0.48,0.123,-0.548,-0.359,0.602,0.724,-0.266,-0.221,-0.482,0.779,-0.698,-0.564,-0.278,-0.326,-0.694,-0.218,0.083,-0.073,-0.586,-0.13,-0.696,-0.282,-0.493,-0.518,-0.46,-0.113,-0.338,0.143,-0.412,-0.486,0.721,0.419,-0.481,-0.612,-0.259,0.777,-0.391,-0.513,-0.499,-0.603,-0.279,-0.302,-0.504,-0.127,-0.653,-0.684,-0.374,-0.635,0.613,0.602,-0.047,-0.389,-0.569,-0.493,-0.43,0.681,-0.132,0.152,-0.598,0.624
