,AAPL,ACRS,ADP,AFYA,AGNC,AGYS,ALT,AMGN,AMPH,AMZN,ANIP,AOSL,APDN,APLT,APVO,ARGX,ARLP,ATEX,ATRA,AUTL,AVDL,BCRX,BHAT,BLBD,BMRN,BNGO,BUSE,CAKE,CASY,CCOI,CEVA,CHY,CLDX,CLMT,COHU,COLM,COST,CPRT,CSWC,CSX,DBX,DCOM,DKNG,DMLP,DOX,EA,EDIT,ENPH,ENSG,ERNA,ESGR,ETNB,EXTR,FANG,FARO,FATE,FGEN,FIVE,FIVN,FLGT,FOLD,FORM,FOXA,FRPT,FSLR,FTAI,GBDC,GDYN,GGAL,GNLN,GRFS,GT,HCAT,HCM,HFWA,HOLX,HQY,HUBG,IAC,ICLR,IDCC,IEP,IHRT,ILMN,ILPT,IMAB,IMOS,INMD,INTZ,JAZZ,JKHY,JRVR,KIDS,LBRDK,LGND,LMAT,LPLA,LULU,MASI,MAT,MATW,MBIN,MBIO,MCRB,MDB,MDLZ,MELI,MIRM,MLKN,MNMD,MNRO,MPWR,MRCY,MRSN,MTVA,NAAS,NDAQ,NDSN,NEGG,NOVT,NVDA,NWE,NWSA,NXST,OCX,ODFL,OMAB,OPCH,OPRA,ORGO,OTRK,OZK,PAGP,PCH,PEGA,PENG,PENN,PFBC,PGNY,PHAT,PHUN,PINC,PLUG,PLXS,PYPL,QLYS,QNCX,QQQX,QVCGA,RAPT,RBBN,RCKT,REPL,RMBS,ROAD,ROKU,ROP,RUSHA,SANM,SATS,SBCF,SBLK,SBUX,SCHL,SCSC,SDGR,SEIC,SFIX,SGRY,SKYW,SLP,SNES,STAA,STLD,STOK,SWKS,TER,TFIN,TIGO,TILE,TPIC,TTEC,TTEK,TTGT,UXIN,VERU,VLYPP,VNOM,VRNS,VRSN,WDAY,WERN,WINA,WKHS,WRLD,XP,XTKG,YY,ZION,ZM
AAPL,0.0,0.487,-0.087,0.685,-0.581,-0.741,0.707,0.834,0.844,0.906,-0.232,-0.558,0.503,-0.562,0.699,0.694,-0.747,-0.748,0.881,0.704,-0.231,0.521,0.1,-0.219,0.866,-0.529,-0.136,-0.6,-0.418,0.724,0.831,0.607,0.702,-0.694,0.392,-0.28,0.403,-0.376,-0.704,-0.333,0.369,-0.415,-0.543,-0.077,-0.665,0.903,0.659,-0.149,-0.307,0.312,-0.306,0.226,-0.557,-0.646,-0.563,0.87,0.861,-0.402,0.87,0.373,0.872,0.787,-0.655,0.705,0.189,0.075,-0.531,-0.65,-0.051,-0.011,-0.453,-0.328,0.506,0.824,0.245,0.856,-0.122,0.113,0.85,0.791,0.163,-0.528,-0.663,0.823,0.043,0.534,0.755,-0.429,0.156,0.284,0.781,0.805,-0.651,-0.478,-0.108,0.456,-0.446,0.066,0.732,0.169,-0.509,0.321,-0.463,0.795,0.904,-0.149,0.889,0.762,-0.489,0.664,-0.551,0.816,-0.259,0.783,-0.716,0.234,0.562,-0.341,0.444,0.166,0.921,-0.523,-0.064,-0.334,-0.286,0.748,0.04,-0.756,0.908,-0.554,0.811,-0.469,-0.681,0.597,0.607,-0.102,0.142,-0.108,0.789,-0.775,0.045,0.095,0.861,0.481,0.936,0.18,0.181,0.245,0.56,0.683,-0.07,0.836,0.458,-0.231,-0.045,0.769,-0.209,-0.075,-0.533,-0.77,-0.593,0.158,-0.457,-0.473,-0.476,0.883,-0.47,0.705,-0.499,-0.573,0.895,0.52,0.858,-0.37,-0.221,0.131,0.938,-0.451,-0.31,-0.591,0.739,0.593,0.282,0.588,-0.093,-0.327,0.654,-0.67,0.832,0.152,0.848,0.679,0.866,0.769,-0.529,0.659,-0.668,0.64,-0.57,0.854
ACRS,0.487,0.0,0.228,0.448,-0.089,-0.119,0.171,0.384,0.271,0.423,-0.098,-0.014,-0.004,-0.091,0.203,0.354,-0.316,-0.216,0.32,0.111,0.082,0.132,0.257,0.119,0.31,-0.09,0.089,-0.068,0.125,0.547,0.395,0.457,0.262,-0.095,0.474,0.075,0.312,0.179,-0.136,0.061,0.43,-0.067,-0.048,-0.046,-0.216,0.412,0.45,-0.047,0.077,0.599,0.117,0.219,-0.069,-0.113,-0.055,0.371,0.359,0.03,0.344,0.617,0.38,0.595,-0.178,0.462,0.374,0.111,-0.111,-0.098,-0.098,-0.068,-0.007,-0.111,0.357,0.302,0.216,0.388,0.189,0.461,0.422,0.383,0.17,-0.024,-0.261,0.539,0.419,0.428,0.422,0.074,0.143,0.384,0.371,0.285,-0.031,0.066,-0.041,0.244,0.114,0.282,0.423,0.401,-0.056,0.308,-0.074,0.404,0.364,0.348,0.405,0.297,-0.139,0.132,0.052,0.477,0.094,0.306,-0.264,0.32,0.481,0.171,0.077,0.241,0.439,-0.067,0.24,0.06,-0.241,0.452,0.185,-0.184,0.489,-0.163,0.464,-0.011,-0.139,0.401,0.369,0.126,0.192,0.174,0.273,-0.295,0.372,0.443,0.297,0.293,0.421,0.185,0.36,0.32,0.497,0.239,0.07,0.385,0.038,0.211,0.187,0.447,0.227,0.118,-0.057,-0.171,-0.115,0.376,0.064,0.054,-0.103,0.345,-0.022,0.459,0.01,-0.061,0.364,0.459,0.229,0.064,-0.055,0.388,0.427,-0.125,-0.006,-0.106,0.459,0.316,0.285,0.609,-0.204,-0.238,0.289,-0.181,0.435,0.302,0.506,0.611,0.362,0.237,-0.008,0.493,-0.374,0.341,-0.031,0.307
ADP,-0.087,0.228,0.0,-0.197,0.649,0.63,-0.417,0.09,-0.148,-0.014,0.648,0.732,-0.132,0.31,-0.175,0.228,0.542,0.326,-0.183,-0.287,0.37,-0.078,0.402,0.644,-0.241,0.481,0.814,0.689,0.833,0.317,0.225,0.643,-0.5,0.503,0.669,0.824,0.507,0.784,0.618,0.843,0.32,0.546,0.352,0.622,0.604,-0.245,-0.006,0.416,0.889,0.044,0.774,0.161,0.707,0.691,0.726,0.074,-0.287,0.366,-0.192,0.386,-0.145,0.229,0.697,0.235,0.7,0.587,0.647,0.516,0.125,0.494,0.54,0.654,0.154,-0.099,0.619,0.131,0.796,0.753,-0.038,0.163,0.669,0.809,0.266,0.265,0.702,-0.198,0.062,0.758,-0.172,0.608,0.289,-0.263,0.514,0.732,0.679,0.502,0.785,0.725,0.127,0.788,0.729,0.552,0.688,0.096,-0.133,0.884,-0.253,-0.085,0.451,0.068,0.747,0.282,0.824,-0.208,0.506,-0.195,0.647,0.784,-0.377,0.829,0.05,0.793,0.919,0.865,-0.171,0.316,0.771,0.582,-0.062,0.425,0.083,0.836,0.693,0.476,0.32,0.84,0.382,0.797,0.158,0.329,0.347,0.725,-0.162,0.24,-0.099,0.692,0.05,0.707,0.427,-0.203,0.655,-0.063,-0.343,0.9,0.803,0.053,0.742,0.761,0.789,0.626,0.758,0.293,0.841,0.812,0.736,-0.155,0.803,0.177,0.835,0.778,-0.143,0.145,-0.304,0.848,0.69,0.812,-0.093,0.725,0.873,0.711,0.238,0.589,0.763,0.238,0.367,0.108,-0.036,0.655,0.073,0.808,0.158,0.274,-0.012,-0.161,0.772,-0.019,0.333,-0.235,0.711,-0.426
AFYA,0.685,0.448,-0.197,0.0,-0.56,-0.609,0.406,0.552,0.462,0.61,-0.658,-0.537,0.055,-0.078,0.226,0.28,-0.717,-0.349,0.475,0.289,0.175,-0.012,0.053,-0.166,0.675,-0.667,-0.373,-0.484,-0.289,0.574,0.445,0.307,0.757,-0.323,0.397,-0.436,0.005,-0.287,-0.521,-0.477,0.639,-0.4,-0.064,-0.527,-0.708,0.735,0.84,-0.347,-0.428,0.491,-0.124,0.215,-0.551,-0.449,-0.638,0.507,0.815,-0.138,0.601,0.46,0.68,0.753,-0.511,0.697,0.07,-0.335,-0.529,-0.376,-0.212,-0.424,-0.088,-0.508,0.733,0.372,-0.092,0.595,-0.134,0.072,0.588,0.389,-0.267,-0.46,-0.439,0.608,0.11,0.683,0.729,-0.256,0.591,0.336,0.457,0.652,-0.377,-0.256,-0.343,-0.061,-0.198,-0.217,0.656,0.179,-0.632,0.047,-0.628,0.554,0.51,0.004,0.773,0.558,-0.584,0.299,-0.367,0.393,-0.514,0.436,-0.591,0.399,0.363,-0.159,0.659,-0.222,0.682,-0.618,-0.222,-0.323,-0.053,0.485,-0.333,-0.677,0.773,-0.454,0.611,-0.431,-0.586,0.356,0.204,-0.36,0.241,-0.316,0.303,-0.459,-0.016,0.036,0.428,0.104,0.68,-0.236,0.573,0.123,0.439,0.733,0.117,0.77,0.091,-0.301,-0.183,0.785,-0.046,-0.457,-0.585,-0.614,-0.581,0.593,-0.393,-0.51,-0.696,0.531,-0.432,0.521,-0.53,-0.556,0.635,0.312,0.552,-0.32,-0.478,0.02,0.747,-0.641,-0.379,-0.656,0.488,0.259,-0.089,0.522,-0.493,-0.215,0.243,-0.52,0.568,-0.124,0.584,0.512,0.547,0.354,-0.504,0.894,-0.715,0.814,-0.347,0.744
AGNC,-0.581,-0.089,0.649,-0.56,0.0,0.89,-0.589,-0.478,-0.566,-0.501,0.646,0.853,-0.31,0.38,-0.405,-0.192,0.829,0.555,-0.56,-0.607,0.204,-0.218,0.154,0.596,-0.727,0.718,0.658,0.901,0.798,-0.214,-0.345,0.02,-0.75,0.751,0.11,0.781,0.153,0.769,0.893,0.835,-0.141,0.595,0.455,0.493,0.847,-0.72,-0.461,0.508,0.805,-0.198,0.677,0.056,0.813,0.841,0.9,-0.39,-0.649,0.497,-0.554,0.105,-0.657,-0.33,0.796,-0.254,0.467,0.544,0.867,0.706,0.326,0.257,0.485,0.832,-0.324,-0.494,0.265,-0.427,0.655,0.427,-0.458,-0.289,0.481,0.901,0.546,-0.379,0.524,-0.479,-0.401,0.734,-0.333,0.155,-0.422,-0.521,0.749,0.689,0.451,0.197,0.788,0.466,-0.375,0.478,0.881,0.11,0.736,-0.356,-0.61,0.55,-0.634,-0.522,0.607,-0.442,0.86,-0.206,0.734,-0.449,0.701,-0.26,0.059,0.713,-0.632,0.512,-0.472,0.829,0.661,0.767,-0.075,-0.242,0.521,0.853,-0.601,0.656,-0.409,0.818,0.879,-0.033,-0.088,0.64,0.132,0.668,-0.346,0.583,0.295,0.269,-0.531,-0.024,-0.625,0.397,-0.131,0.332,0.015,-0.673,0.397,-0.586,-0.439,0.737,0.612,-0.552,0.6,0.667,0.877,0.862,0.865,-0.033,0.892,0.831,0.827,-0.596,0.849,-0.252,0.849,0.919,-0.573,-0.303,-0.693,0.762,0.532,0.548,-0.627,0.764,0.788,0.889,-0.194,0.032,0.343,-0.129,0.246,0.261,-0.35,0.841,-0.347,0.46,-0.405,-0.259,-0.579,-0.506,0.861,-0.465,0.709,-0.646,0.787,-0.78
AGYS,-0.741,-0.119,0.63,-0.609,0.89,0.0,-0.799,-0.591,-0.771,-0.641,0.59,0.931,-0.536,0.561,-0.642,-0.301,0.892,0.739,-0.784,-0.772,0.324,-0.388,0.234,0.535,-0.866,0.749,0.574,0.899,0.851,-0.307,-0.516,-0.089,-0.851,0.849,0.058,0.73,0.082,0.839,0.93,0.828,-0.1,0.589,0.618,0.426,0.903,-0.838,-0.52,0.432,0.808,-0.197,0.684,0.058,0.848,0.922,0.917,-0.591,-0.8,0.593,-0.735,0.069,-0.793,-0.423,0.887,-0.386,0.382,0.311,0.859,0.843,0.241,0.201,0.685,0.704,-0.311,-0.695,0.12,-0.593,0.579,0.419,-0.62,-0.448,0.355,0.917,0.62,-0.499,0.439,-0.551,-0.488,0.821,-0.274,0.169,-0.463,-0.774,0.864,0.818,0.454,-0.017,0.836,0.481,-0.39,0.421,0.877,-0.002,0.78,-0.503,-0.785,0.63,-0.801,-0.665,0.61,-0.565,0.881,-0.398,0.719,-0.704,0.818,-0.299,-0.069,0.785,-0.581,0.43,-0.61,0.896,0.607,0.788,0.02,-0.354,0.441,0.948,-0.745,0.639,-0.569,0.865,0.963,-0.16,-0.27,0.646,0.077,0.568,-0.529,0.771,0.234,0.295,-0.726,-0.209,-0.794,0.347,-0.106,0.331,-0.153,-0.742,0.43,-0.705,-0.638,0.768,0.49,-0.595,0.652,0.556,0.924,0.962,0.915,0.024,0.88,0.84,0.841,-0.797,0.894,-0.349,0.904,0.905,-0.772,-0.349,-0.882,0.814,0.554,0.467,-0.776,0.787,0.759,0.921,-0.368,-0.149,0.254,-0.235,0.306,0.283,-0.517,0.923,-0.519,0.425,-0.567,-0.326,-0.697,-0.69,0.91,-0.515,0.773,-0.711,0.861,-0.899
ALT,0.707,0.171,-0.417,0.406,-0.589,-0.799,0.0,0.648,0.83,0.662,-0.317,-0.767,0.738,-0.757,0.826,0.442,-0.736,-0.887,0.879,0.71,-0.494,0.727,-0.158,-0.272,0.8,-0.546,-0.283,-0.719,-0.685,0.362,0.622,0.234,0.72,-0.798,0.03,-0.416,0.142,-0.687,-0.709,-0.573,-0.127,-0.476,-0.776,-0.14,-0.721,0.773,0.319,-0.096,-0.558,0.219,-0.622,-0.037,-0.662,-0.803,-0.61,0.667,0.676,-0.642,0.81,0.007,0.747,0.416,-0.852,0.268,-0.158,0.191,-0.56,-0.841,-0.065,-0.027,-0.779,-0.358,0.048,0.857,0.196,0.665,-0.433,-0.177,0.744,0.535,0.083,-0.68,-0.691,0.558,-0.14,0.452,0.549,-0.762,-0.007,-0.181,0.435,0.832,-0.841,-0.755,-0.286,0.248,-0.744,-0.287,0.325,-0.198,-0.527,0.082,-0.563,0.585,0.832,-0.535,0.8,0.618,-0.423,0.507,-0.635,0.628,-0.328,0.84,-0.789,0.335,0.219,-0.674,0.255,-0.151,0.571,-0.659,-0.358,-0.651,-0.244,0.506,-0.141,-0.826,0.725,-0.5,0.645,-0.686,-0.821,0.296,0.611,-0.413,-0.219,-0.186,0.602,-0.91,0.004,-0.296,0.817,0.488,0.779,-0.147,-0.09,-0.243,0.384,0.454,-0.433,0.609,0.778,-0.578,-0.196,0.467,-0.59,-0.108,-0.681,-0.827,-0.747,-0.204,-0.671,-0.583,-0.532,0.855,-0.708,0.489,-0.681,-0.607,0.838,0.336,0.877,-0.649,-0.419,-0.218,0.745,-0.566,-0.545,-0.659,0.63,0.305,0.067,0.423,-0.192,-0.237,0.703,-0.811,0.624,-0.152,0.664,0.414,0.697,0.837,-0.744,0.337,-0.607,0.513,-0.77,0.805
AMGN,0.834,0.384,0.09,0.552,-0.478,-0.591,0.648,0.0,0.764,0.946,-0.118,-0.481,0.45,-0.609,0.709,0.739,-0.619,-0.759,0.845,0.488,-0.283,0.607,0.194,-0.115,0.829,-0.346,-0.029,-0.531,-0.248,0.789,0.803,0.726,0.551,-0.662,0.427,-0.13,0.593,-0.217,-0.566,-0.204,0.246,-0.475,-0.566,0.086,-0.572,0.848,0.501,0.084,-0.082,0.246,-0.246,0.404,-0.515,-0.55,-0.411,0.888,0.705,-0.528,0.864,0.34,0.766,0.791,-0.532,0.714,0.274,0.263,-0.286,-0.422,-0.081,0.018,-0.403,-0.166,0.403,0.849,0.326,0.92,-0.101,0.276,0.92,0.805,0.312,-0.349,-0.773,0.862,0.183,0.354,0.836,-0.369,-0.018,0.217,0.787,0.701,-0.589,-0.286,-0.01,0.48,-0.354,0.189,0.763,0.328,-0.359,0.361,-0.354,0.792,0.814,0.002,0.747,0.643,-0.568,0.714,-0.366,0.865,-0.017,0.606,-0.649,0.307,0.72,-0.274,0.242,0.278,0.876,-0.294,0.145,-0.204,-0.496,0.873,0.203,-0.645,0.843,-0.618,0.906,-0.337,-0.548,0.622,0.792,0.086,0.014,0.006,0.814,-0.756,-0.075,0.194,0.871,0.353,0.885,0.324,0.023,0.406,0.735,0.519,-0.03,0.72,0.354,-0.116,0.035,0.799,-0.168,0.137,-0.408,-0.67,-0.482,0.083,-0.313,-0.353,-0.319,0.855,-0.312,0.871,-0.333,-0.415,0.867,0.391,0.737,-0.308,-0.201,0.241,0.838,-0.37,-0.152,-0.45,0.811,0.676,0.484,0.586,0.072,-0.366,0.768,-0.59,0.914,0.404,0.881,0.561,0.873,0.841,-0.412,0.554,-0.529,0.502,-0.525,0.737
AMPH,0.844,0.271,-0.148,0.462,-0.566,-0.771,0.83,0.764,0.0,0.751,-0.14,-0.645,0.717,-0.612,0.819,0.56,-0.698,-0.804,0.938,0.87,-0.233,0.573,-0.125,-0.098,0.907,-0.521,0.041,-0.585,-0.494,0.555,0.874,0.538,0.677,-0.775,0.375,-0.201,0.244,-0.577,-0.688,-0.416,0.15,-0.191,-0.642,0.084,-0.616,0.833,0.482,-0.1,-0.362,0.226,-0.461,-0.105,-0.499,-0.68,-0.546,0.773,0.724,-0.535,0.794,0.074,0.903,0.578,-0.655,0.54,-0.016,0.237,-0.548,-0.794,-0.157,0.271,-0.659,-0.28,0.28,0.905,0.492,0.859,-0.166,-0.045,0.742,0.711,0.177,-0.559,-0.58,0.767,-0.048,0.494,0.571,-0.574,0.04,0.165,0.751,0.851,-0.777,-0.622,0.017,0.521,-0.544,-0.061,0.449,0.008,-0.434,0.496,-0.394,0.685,0.941,-0.317,0.819,0.792,-0.276,0.784,-0.559,0.745,-0.228,0.817,-0.685,0.241,0.48,-0.46,0.299,0.147,0.719,-0.508,-0.091,-0.378,-0.193,0.648,0.121,-0.745,0.845,-0.418,0.743,-0.451,-0.721,0.643,0.663,-0.18,0.116,0.052,0.835,-0.818,-0.001,0.114,0.872,0.654,0.894,0.051,0.006,-0.039,0.533,0.676,-0.154,0.757,0.701,-0.298,0.071,0.631,-0.423,-0.022,-0.531,-0.728,-0.548,-0.047,-0.524,-0.381,-0.398,0.944,-0.575,0.507,-0.517,-0.489,0.915,0.513,0.956,-0.431,-0.118,-0.07,0.883,-0.336,-0.307,-0.53,0.716,0.664,0.305,0.473,-0.12,-0.235,0.764,-0.678,0.654,-0.006,0.807,0.53,0.859,0.863,-0.557,0.441,-0.649,0.614,-0.577,0.783
AMZN,0.906,0.423,-0.014,0.61,-0.501,-0.641,0.662,0.946,0.751,0.0,-0.147,-0.498,0.442,-0.673,0.719,0.791,-0.644,-0.795,0.862,0.509,-0.371,0.616,0.167,-0.246,0.815,-0.395,-0.133,-0.58,-0.328,0.722,0.777,0.659,0.566,-0.68,0.328,-0.219,0.605,-0.26,-0.638,-0.231,0.242,-0.568,-0.617,0.046,-0.615,0.847,0.494,0.038,-0.149,0.187,-0.3,0.441,-0.586,-0.599,-0.471,0.927,0.742,-0.544,0.887,0.417,0.748,0.775,-0.609,0.69,0.317,0.199,-0.359,-0.467,0.05,-0.081,-0.435,-0.189,0.423,0.85,0.203,0.88,-0.143,0.217,0.946,0.833,0.285,-0.417,-0.791,0.814,0.081,0.32,0.845,-0.376,-0.025,0.163,0.725,0.72,-0.63,-0.36,-0.071,0.472,-0.419,0.174,0.795,0.274,-0.414,0.262,-0.389,0.813,0.817,-0.096,0.767,0.634,-0.632,0.663,-0.474,0.861,-0.111,0.633,-0.686,0.272,0.62,-0.325,0.295,0.227,0.943,-0.38,0.07,-0.27,-0.505,0.85,0.14,-0.688,0.841,-0.675,0.885,-0.409,-0.591,0.538,0.705,0.061,-0.025,-0.102,0.813,-0.766,-0.108,0.077,0.897,0.337,0.879,0.344,0.009,0.416,0.65,0.513,-0.069,0.715,0.344,-0.174,-0.056,0.764,-0.201,0.082,-0.463,-0.734,-0.552,0.047,-0.363,-0.459,-0.382,0.845,-0.342,0.866,-0.4,-0.494,0.858,0.384,0.735,-0.379,-0.237,0.257,0.852,-0.428,-0.217,-0.493,0.763,0.597,0.395,0.543,0.086,-0.446,0.741,-0.632,0.938,0.356,0.833,0.574,0.858,0.809,-0.446,0.566,-0.528,0.478,-0.596,0.767
ANIP,-0.232,-0.098,0.648,-0.658,0.646,0.59,-0.317,-0.118,-0.14,-0.147,0.0,0.707,0.032,-0.026,-0.006,0.216,0.654,0.155,-0.174,-0.142,-0.114,0.201,0.142,0.422,-0.402,0.706,0.741,0.56,0.528,-0.064,0.057,0.322,-0.678,0.262,0.135,0.757,0.517,0.551,0.546,0.811,-0.309,0.494,-0.017,0.889,0.748,-0.447,-0.563,0.549,0.782,-0.412,0.338,0.043,0.65,0.507,0.763,-0.057,-0.563,0.192,-0.255,-0.042,-0.391,-0.294,0.55,-0.271,0.405,0.681,0.672,0.377,0.376,0.636,0.156,0.771,-0.425,-0.067,0.515,-0.099,0.431,0.387,-0.2,0.197,0.713,0.664,0.215,-0.11,0.231,-0.634,-0.28,0.451,-0.657,0.124,0.074,-0.391,0.361,0.43,0.641,0.547,0.438,0.728,-0.119,0.316,0.772,0.362,0.8,-0.119,-0.199,0.377,-0.481,-0.293,0.482,0.11,0.47,0.167,0.804,-0.216,0.452,-0.341,0.25,0.445,-0.607,0.742,-0.137,0.806,0.674,0.618,-0.272,0.082,0.727,0.65,-0.382,0.381,-0.156,0.655,0.647,0.19,0.243,0.814,-0.025,0.683,0.153,0.289,0.075,0.353,-0.089,0.197,-0.316,0.744,-0.524,0.458,0.042,-0.524,0.194,-0.48,-0.136,0.693,0.543,-0.439,0.319,0.821,0.758,0.572,0.702,-0.42,0.609,0.674,0.89,-0.23,0.712,-0.043,0.756,0.684,-0.294,-0.062,-0.328,0.6,0.709,0.472,-0.352,0.834,0.717,0.772,-0.021,0.335,0.645,-0.089,0.703,0.153,0.096,0.564,-0.123,0.64,-0.13,-0.086,-0.118,-0.075,0.667,-0.61,0.63,-0.698,0.449,-0.583
AOSL,-0.558,-0.014,0.732,-0.537,0.853,0.931,-0.767,-0.481,-0.645,-0.498,0.707,0.0,-0.481,0.526,-0.562,-0.143,0.849,0.669,-0.677,-0.648,0.33,-0.319,0.265,0.554,-0.761,0.756,0.657,0.884,0.869,-0.195,-0.34,0.087,-0.826,0.798,0.194,0.765,0.26,0.88,0.847,0.917,0.002,0.613,0.551,0.55,0.876,-0.735,-0.433,0.46,0.867,-0.222,0.748,0.109,0.856,0.89,0.918,-0.447,-0.732,0.602,-0.637,0.179,-0.686,-0.328,0.891,-0.297,0.501,0.371,0.817,0.766,0.288,0.32,0.676,0.751,-0.214,-0.58,0.241,-0.462,0.617,0.509,-0.513,-0.256,0.465,0.923,0.55,-0.36,0.441,-0.556,-0.378,0.84,-0.303,0.299,-0.259,-0.704,0.797,0.822,0.541,0.151,0.851,0.653,-0.227,0.472,0.88,0.123,0.832,-0.379,-0.661,0.711,-0.711,-0.597,0.594,-0.381,0.814,-0.227,0.748,-0.601,0.754,-0.352,0.09,0.831,-0.512,0.557,-0.42,0.918,0.683,0.851,-0.046,-0.191,0.504,0.917,-0.633,0.577,-0.446,0.886,0.954,-0.017,-0.187,0.766,0.112,0.641,-0.367,0.722,0.205,0.421,-0.608,-0.096,-0.667,0.512,-0.126,0.473,-0.097,-0.631,0.509,-0.622,-0.595,0.846,0.531,-0.498,0.689,0.623,0.945,0.911,0.924,0.049,0.892,0.851,0.883,-0.696,0.938,-0.243,0.948,0.886,-0.675,-0.241,-0.781,0.864,0.645,0.569,-0.637,0.845,0.824,0.928,-0.268,0.023,0.41,-0.148,0.399,0.294,-0.426,0.9,-0.411,0.534,-0.431,-0.155,-0.551,-0.603,0.912,-0.457,0.733,-0.687,0.845,-0.841
APDN,0.503,-0.004,-0.132,0.055,-0.31,-0.536,0.738,0.45,0.717,0.442,0.032,-0.481,0.0,-0.593,0.8,0.446,-0.35,-0.625,0.705,0.725,-0.346,0.598,-0.255,-0.201,0.616,-0.405,0.053,-0.471,-0.45,0.21,0.559,0.287,0.337,-0.574,0.105,-0.191,0.159,-0.576,-0.484,-0.314,-0.152,-0.123,-0.614,0.119,-0.381,0.464,0.111,-0.037,-0.295,0.038,-0.354,-0.297,-0.331,-0.483,-0.304,0.586,0.401,-0.526,0.475,-0.026,0.622,0.22,-0.526,0.146,-0.017,0.366,-0.403,-0.699,0.143,0.312,-0.577,-0.137,-0.025,0.71,0.441,0.469,-0.066,-0.239,0.467,0.334,0.314,-0.43,-0.309,0.477,-0.162,0.246,0.243,-0.473,-0.102,-0.051,0.396,0.538,-0.691,-0.581,0.173,0.365,-0.562,-0.206,-0.018,-0.163,-0.222,0.249,-0.127,0.444,0.705,-0.377,0.488,0.59,-0.004,0.432,-0.444,0.508,-0.076,0.673,-0.351,-0.063,0.237,-0.482,0.009,0.06,0.377,-0.367,-0.088,-0.342,0.049,0.328,0.171,-0.526,0.461,-0.172,0.33,-0.308,-0.503,0.314,0.512,-0.15,-0.13,0.065,0.61,-0.6,0.111,-0.119,0.594,0.592,0.562,0.049,-0.125,-0.18,0.151,0.378,-0.219,0.465,0.856,-0.295,0.118,0.298,-0.379,0.109,-0.334,-0.491,-0.362,-0.262,-0.394,-0.265,-0.194,0.686,-0.434,0.189,-0.361,-0.279,0.6,0.43,0.71,-0.29,0.035,-0.056,0.566,-0.121,-0.208,-0.335,0.412,0.378,0.157,0.214,0.14,-0.082,0.472,-0.474,0.351,-0.046,0.52,0.264,0.603,0.594,-0.37,0.16,-0.297,0.319,-0.455,0.482
APLT,-0.562,-0.091,0.31,-0.078,0.38,0.561,-0.757,-0.609,-0.612,-0.673,-0.026,0.526,-0.593,0.0,-0.84,-0.513,0.483,0.904,-0.777,-0.491,0.855,-0.864,0.006,0.339,-0.536,0.15,0.238,0.594,0.569,-0.213,-0.465,-0.215,-0.335,0.807,0.21,0.239,-0.423,0.467,0.584,0.261,0.489,0.621,0.922,-0.174,0.453,-0.538,0.124,-0.138,0.268,0.1,0.638,-0.16,0.565,0.713,0.326,-0.659,-0.395,0.678,-0.699,0.081,-0.399,-0.246,0.703,-0.106,0.03,-0.358,0.27,0.536,-0.151,0.05,0.793,0.064,0.285,-0.813,-0.074,-0.501,0.463,0.084,-0.724,-0.612,-0.318,0.492,0.763,-0.382,0.188,0.027,-0.442,0.65,0.509,0.433,-0.3,-0.571,0.688,0.655,0.239,-0.369,0.689,-0.004,-0.285,0.168,0.274,-0.025,0.335,-0.452,-0.631,0.534,-0.459,-0.327,0.464,-0.434,0.559,-0.614,0.086,-0.567,0.656,-0.24,-0.13,0.66,0.08,-0.071,-0.504,0.35,0.173,0.523,0.574,-0.49,-0.062,0.556,-0.473,0.577,-0.564,0.569,0.602,-0.094,-0.633,0.068,0.46,0.171,-0.612,0.809,0.181,0.357,-0.847,-0.31,-0.56,-0.207,0.514,0.016,-0.328,-0.049,0.587,-0.262,-0.579,0.399,0.223,-0.172,0.575,-0.191,0.446,0.687,0.571,0.537,0.506,0.501,0.231,-0.707,0.471,-0.569,0.474,0.474,-0.613,-0.207,-0.597,0.619,0.299,0.048,-0.462,0.372,0.383,0.384,-0.517,-0.239,-0.203,-0.225,-0.221,0.395,-0.764,0.683,-0.625,-0.124,-0.472,-0.222,-0.583,-0.831,0.533,0.021,0.241,-0.05,0.789,-0.524
APVO,0.699,0.203,-0.175,0.226,-0.405,-0.642,0.826,0.709,0.819,0.719,-0.006,-0.562,0.8,-0.84,0.0,0.609,-0.571,-0.875,0.896,0.68,-0.552,0.768,-0.041,-0.209,0.739,-0.304,-0.05,-0.566,-0.504,0.412,0.678,0.42,0.477,-0.776,0.114,-0.232,0.373,-0.523,-0.606,-0.312,-0.195,-0.395,-0.794,0.146,-0.538,0.69,0.16,0.045,-0.275,0.082,-0.483,0.03,-0.54,-0.682,-0.372,0.768,0.544,-0.633,0.733,0.019,0.677,0.433,-0.681,0.346,0.019,0.412,-0.379,-0.64,0.052,0.127,-0.774,-0.126,-0.026,0.912,0.356,0.688,-0.236,-0.055,0.763,0.635,0.345,-0.481,-0.661,0.624,-0.054,0.272,0.521,-0.612,-0.27,-0.151,0.508,0.706,-0.744,-0.64,-0.073,0.465,-0.611,-0.044,0.301,-0.069,-0.306,0.263,-0.29,0.596,0.816,-0.387,0.629,0.61,-0.343,0.586,-0.523,0.739,-0.107,0.733,-0.643,0.193,0.373,-0.552,0.015,0.115,0.629,-0.403,-0.079,-0.429,-0.365,0.591,0.13,-0.651,0.648,-0.468,0.667,-0.467,-0.636,0.382,0.716,-0.091,-0.248,0.009,0.763,-0.849,-0.048,-0.103,0.868,0.526,0.744,0.139,-0.219,-0.02,0.434,0.36,-0.353,0.505,0.757,-0.327,0.003,0.405,-0.487,0.166,-0.466,-0.689,-0.534,-0.287,-0.469,-0.394,-0.276,0.862,-0.498,0.545,-0.456,-0.428,0.784,0.389,0.786,-0.481,-0.201,0.009,0.694,-0.319,-0.301,-0.429,0.647,0.474,0.273,0.375,0.082,-0.202,0.772,-0.677,0.663,0.1,0.689,0.383,0.767,0.863,-0.514,0.222,-0.417,0.316,-0.667,0.644
ARGX,0.694,0.354,0.228,0.28,-0.192,-0.301,0.442,0.739,0.56,0.791,0.216,-0.143,0.446,-0.513,0.609,0.0,-0.245,-0.572,0.651,0.39,-0.236,0.577,0.153,-0.183,0.563,-0.192,0.169,-0.29,-0.061,0.574,0.688,0.709,0.177,-0.392,0.342,0.015,0.754,-0.033,-0.351,0.087,0.209,-0.278,-0.464,0.345,-0.285,0.529,0.265,0.199,0.157,-0.026,-0.07,0.414,-0.259,-0.253,-0.128,0.794,0.406,-0.484,0.594,0.506,0.53,0.554,-0.307,0.506,0.524,0.386,-0.124,-0.273,0.311,0.152,-0.221,0.108,0.326,0.688,0.362,0.698,0.129,0.301,0.724,0.738,0.55,-0.087,-0.519,0.675,0.095,0.054,0.615,-0.069,-0.185,0.262,0.617,0.407,-0.42,-0.099,0.315,0.63,-0.196,0.356,0.631,0.396,-0.055,0.295,0.042,0.77,0.636,0.066,0.477,0.513,-0.321,0.578,-0.269,0.804,0.193,0.444,-0.312,-0.063,0.611,-0.068,0.051,0.449,0.772,-0.047,0.358,0.042,-0.393,0.782,0.451,-0.359,0.563,-0.398,0.651,-0.028,-0.225,0.578,0.604,0.385,-0.028,0.156,0.757,-0.463,-0.046,0.177,0.67,0.394,0.609,0.623,-0.131,0.593,0.462,0.284,0.167,0.486,0.24,0.128,0.164,0.539,-0.017,0.36,-0.098,-0.391,-0.187,-0.082,-0.035,-0.138,0.008,0.597,-0.001,0.681,-0.029,-0.147,0.605,0.361,0.501,-0.021,0.167,0.479,0.629,0.005,0.132,-0.12,0.606,0.589,0.55,0.371,0.401,-0.315,0.635,-0.284,0.757,0.545,0.628,0.469,0.661,0.559,-0.073,0.304,-0.184,0.167,-0.281,0.421
ARLP,-0.747,-0.316,0.542,-0.717,0.829,0.892,-0.736,-0.619,-0.698,-0.644,0.654,0.849,-0.35,0.483,-0.571,-0.245,0.0,0.705,-0.739,-0.594,0.258,-0.365,0.032,0.32,-0.81,0.642,0.565,0.813,0.713,-0.461,-0.506,-0.136,-0.908,0.789,-0.079,0.646,0.076,0.647,0.824,0.746,-0.173,0.587,0.47,0.506,0.872,-0.902,-0.604,0.414,0.724,-0.413,0.613,-0.074,0.837,0.884,0.817,-0.567,-0.839,0.382,-0.782,0.009,-0.767,-0.585,0.843,-0.482,0.36,0.294,0.743,0.707,0.425,0.265,0.612,0.728,-0.334,-0.643,0.117,-0.621,0.539,0.186,-0.66,-0.458,0.327,0.813,0.688,-0.571,0.143,-0.71,-0.619,0.766,-0.299,0.031,-0.497,-0.773,0.711,0.697,0.559,0.069,0.665,0.338,-0.53,0.243,0.808,0.008,0.826,-0.469,-0.744,0.431,-0.852,-0.566,0.66,-0.43,0.707,-0.454,0.625,-0.679,0.891,-0.479,-0.189,0.608,-0.548,0.379,-0.641,0.815,0.559,0.733,0.174,-0.443,0.502,0.916,-0.786,0.649,-0.661,0.824,0.913,-0.213,-0.362,0.601,0.074,0.47,-0.413,0.824,0.112,0.182,-0.691,-0.18,-0.804,0.398,-0.268,0.268,-0.354,-0.676,0.403,-0.707,-0.484,0.642,0.45,-0.623,0.489,0.499,0.868,0.904,0.887,-0.162,0.806,0.731,0.825,-0.777,0.82,-0.479,0.844,0.856,-0.796,-0.308,-0.8,0.744,0.658,0.377,-0.777,0.837,0.745,0.889,-0.495,-0.157,0.193,-0.402,0.491,0.202,-0.501,0.906,-0.567,0.334,-0.647,-0.481,-0.678,-0.696,0.869,-0.6,0.851,-0.749,0.775,-0.916
ATEX,-0.748,-0.216,0.326,-0.349,0.555,0.739,-0.887,-0.759,-0.804,-0.795,0.155,0.669,-0.625,0.904,-0.875,-0.572,0.705,0.0,-0.917,-0.629,0.656,-0.841,0.063,0.272,-0.772,0.393,0.241,0.705,0.626,-0.401,-0.672,-0.34,-0.584,0.865,-0.018,0.321,-0.398,0.548,0.711,0.42,0.231,0.598,0.902,-0.043,0.663,-0.776,-0.174,-0.016,0.397,-0.073,0.65,-0.159,0.683,0.819,0.513,-0.758,-0.606,0.702,-0.868,-0.022,-0.66,-0.453,0.814,-0.296,0.041,-0.286,0.454,0.72,-0.009,0.028,0.793,0.244,0.04,-0.929,-0.194,-0.711,0.485,0.027,-0.864,-0.708,-0.238,0.598,0.861,-0.588,0.117,-0.235,-0.642,0.729,0.273,0.229,-0.502,-0.777,0.818,0.677,0.246,-0.374,0.713,0.034,-0.484,0.102,0.436,-0.114,0.491,-0.625,-0.809,0.472,-0.723,-0.508,0.536,-0.592,0.631,-0.752,0.195,-0.743,0.835,-0.319,-0.305,0.646,-0.107,-0.007,-0.682,0.51,0.226,0.58,0.545,-0.661,0.027,0.763,-0.712,0.656,-0.762,0.655,0.761,-0.305,-0.7,0.197,0.353,0.156,-0.684,0.942,0.173,0.243,-0.935,-0.41,-0.777,-0.085,0.323,0.049,-0.479,-0.313,0.459,-0.521,-0.642,0.475,0.216,-0.424,0.589,-0.058,0.601,0.828,0.71,0.336,0.603,0.56,0.408,-0.864,0.599,-0.685,0.593,0.587,-0.836,-0.306,-0.811,0.666,0.398,0.078,-0.715,0.516,0.468,0.562,-0.69,-0.372,-0.241,-0.4,0.001,0.379,-0.838,0.814,-0.749,-0.06,-0.69,-0.43,-0.747,-0.935,0.677,-0.234,0.51,-0.331,0.826,-0.73
ATRA,0.881,0.32,-0.183,0.475,-0.56,-0.784,0.879,0.845,0.938,0.862,-0.174,-0.677,0.705,-0.777,0.896,0.651,-0.739,-0.917,0.0,0.775,-0.43,0.71,-0.043,-0.212,0.899,-0.487,-0.097,-0.646,-0.532,0.591,0.843,0.528,0.673,-0.826,0.264,-0.266,0.358,-0.547,-0.717,-0.408,0.061,-0.426,-0.754,0.035,-0.688,0.877,0.433,-0.04,-0.358,0.215,-0.492,0.089,-0.606,-0.75,-0.552,0.869,0.765,-0.636,0.894,0.148,0.852,0.647,-0.746,0.563,0.052,0.274,-0.51,-0.743,-0.067,0.09,-0.731,-0.269,0.238,0.966,0.349,0.867,-0.232,0.001,0.878,0.76,0.227,-0.577,-0.73,0.781,-0.011,0.456,0.673,-0.609,-0.066,0.026,0.678,0.876,-0.794,-0.65,-0.117,0.507,-0.609,-0.037,0.528,0.037,-0.464,0.34,-0.456,0.744,0.946,-0.349,0.845,0.747,-0.444,0.716,-0.595,0.824,-0.214,0.852,-0.765,0.257,0.49,-0.537,0.229,0.128,0.792,-0.532,-0.097,-0.456,-0.371,0.724,0.087,-0.788,0.865,-0.545,0.83,-0.541,-0.754,0.542,0.736,-0.166,-0.034,-0.05,0.848,-0.921,-0.038,-0.025,0.961,0.567,0.923,0.115,-0.062,0.029,0.579,0.566,-0.246,0.744,0.679,-0.357,-0.017,0.634,-0.46,0.038,-0.585,-0.812,-0.642,-0.103,-0.528,-0.472,-0.434,0.977,-0.583,0.658,-0.56,-0.549,0.945,0.46,0.93,-0.525,-0.256,0.008,0.882,-0.453,-0.359,-0.577,0.765,0.589,0.291,0.489,-0.077,-0.324,0.816,-0.77,0.8,0.083,0.83,0.552,0.869,0.93,-0.612,0.444,-0.639,0.555,-0.696,0.835
AUTL,0.704,0.111,-0.287,0.289,-0.607,-0.772,0.71,0.488,0.87,0.509,-0.142,-0.648,0.725,-0.491,0.68,0.39,-0.594,-0.629,0.775,0.0,-0.209,0.416,-0.317,-0.31,0.781,-0.547,-0.059,-0.61,-0.608,0.278,0.707,0.306,0.569,-0.726,0.15,-0.326,0.005,-0.715,-0.72,-0.512,0.097,-0.107,-0.58,0.011,-0.531,0.652,0.388,-0.314,-0.506,0.069,-0.507,-0.333,-0.447,-0.667,-0.61,0.583,0.611,-0.457,0.568,-0.091,0.797,0.309,-0.616,0.324,-0.221,0.003,-0.687,-0.847,-0.135,0.315,-0.605,-0.413,0.205,0.708,0.323,0.583,-0.217,-0.296,0.453,0.49,-0.015,-0.666,-0.329,0.532,-0.35,0.433,0.236,-0.572,0.121,0.051,0.6,0.662,-0.778,-0.701,0.032,0.402,-0.644,-0.25,0.178,-0.273,-0.492,0.398,-0.336,0.498,0.844,-0.475,0.652,0.753,-0.119,0.674,-0.678,0.468,-0.369,0.741,-0.503,0.01,0.189,-0.573,0.345,-0.014,0.512,-0.58,-0.254,-0.466,0.13,0.321,0.008,-0.669,0.66,-0.289,0.43,-0.486,-0.699,0.415,0.35,-0.322,0.159,-0.125,0.706,-0.624,-0.022,0.0,0.675,0.585,0.728,-0.055,-0.018,-0.245,0.149,0.689,-0.227,0.652,0.722,-0.399,-0.048,0.45,-0.486,-0.209,-0.551,-0.667,-0.528,-0.141,-0.608,-0.433,-0.423,0.775,-0.649,0.155,-0.566,-0.55,0.694,0.558,0.881,-0.447,0.004,-0.265,0.716,-0.275,-0.386,-0.553,0.366,0.446,0.048,0.178,-0.05,-0.208,0.531,-0.617,0.363,-0.237,0.564,0.397,0.691,0.643,-0.567,0.303,-0.577,0.55,-0.561,0.658
AVDL,-0.231,0.082,0.37,0.175,0.204,0.324,-0.494,-0.283,-0.233,-0.371,-0.114,0.33,-0.346,0.855,-0.552,-0.236,0.258,0.656,-0.43,-0.209,0.0,-0.738,0.036,0.351,-0.16,-0.122,0.346,0.461,0.495,0.064,-0.09,0.08,-0.067,0.621,0.509,0.2,-0.304,0.305,0.372,0.155,0.716,0.616,0.788,-0.164,0.207,-0.217,0.407,-0.159,0.203,0.288,0.604,-0.247,0.446,0.569,0.157,-0.376,-0.106,0.475,-0.448,0.26,0.002,0.075,0.531,0.215,0.179,-0.262,0.061,0.265,-0.134,0.131,0.653,0.004,0.556,-0.464,0.193,-0.109,0.584,0.118,-0.405,-0.353,-0.205,0.362,0.62,0.005,0.266,0.281,-0.139,0.574,0.624,0.646,0.013,-0.244,0.465,0.488,0.357,-0.14,0.589,-0.001,-0.077,0.298,0.141,0.236,0.235,-0.058,-0.28,0.541,-0.123,0.062,0.432,-0.14,0.428,-0.306,0.005,-0.288,0.481,-0.182,0.129,0.622,0.252,0.051,-0.2,0.182,0.253,0.521,0.538,-0.166,0.094,0.291,-0.107,0.503,-0.259,0.519,0.385,0.288,-0.393,0.063,0.603,0.28,-0.261,0.555,0.243,0.519,-0.541,0.034,-0.209,-0.152,0.636,0.101,-0.056,0.288,0.717,0.125,-0.327,0.396,0.384,0.166,0.501,-0.178,0.314,0.466,0.43,0.687,0.42,0.432,0.094,-0.351,0.32,-0.359,0.352,0.365,-0.247,0.042,-0.244,0.567,0.309,0.152,-0.058,0.287,0.375,0.25,-0.168,0.083,-0.021,0.014,-0.27,0.356,-0.493,0.504,-0.354,-0.084,-0.129,0.036,-0.221,-0.552,0.416,0.312,-0.021,0.268,0.693,-0.219
BCRX,0.521,0.132,-0.078,-0.012,-0.218,-0.388,0.727,0.607,0.573,0.616,0.201,-0.319,0.598,-0.864,0.768,0.577,-0.365,-0.841,0.71,0.416,-0.738,0.0,0.004,-0.107,0.47,-0.051,-0.025,-0.423,-0.352,0.298,0.517,0.349,0.245,-0.635,-0.051,-0.021,0.566,-0.24,-0.385,-0.062,-0.431,-0.451,-0.838,0.317,-0.29,0.501,-0.104,0.328,-0.057,-0.072,-0.459,0.24,-0.39,-0.536,-0.127,0.637,0.295,-0.543,0.681,0.033,0.371,0.241,-0.529,0.048,0.137,0.543,-0.069,-0.478,0.221,0.165,-0.639,0.08,-0.3,0.77,0.287,0.519,-0.309,0.175,0.701,0.647,0.545,-0.265,-0.72,0.421,0.047,-0.052,0.498,-0.494,-0.5,-0.201,0.364,0.517,-0.588,-0.403,-0.024,0.462,-0.509,0.185,0.345,0.04,-0.049,0.023,-0.137,0.497,0.596,-0.293,0.458,0.25,-0.285,0.413,-0.344,0.714,0.204,0.6,-0.597,0.15,0.331,-0.437,-0.206,0.24,0.493,-0.13,0.005,-0.329,-0.599,0.594,0.199,-0.428,0.413,-0.45,0.577,-0.38,-0.41,0.258,0.743,0.108,-0.446,0.078,0.569,-0.755,-0.069,-0.231,0.767,0.361,0.518,0.321,-0.52,0.117,0.419,-0.06,-0.395,0.225,0.504,-0.21,-0.049,0.153,-0.382,0.406,-0.238,-0.517,-0.398,-0.494,-0.312,-0.252,-0.013,0.632,-0.241,0.62,-0.237,-0.252,0.614,0.177,0.54,-0.381,-0.129,0.116,0.432,-0.186,-0.157,-0.212,0.621,0.34,0.453,0.344,0.288,-0.215,0.747,-0.504,0.627,0.323,0.543,0.361,0.547,0.789,-0.364,-0.059,-0.145,-0.044,-0.594,0.415
BHAT,0.1,0.257,0.402,0.053,0.154,0.234,-0.158,0.194,-0.125,0.167,0.142,0.265,-0.255,0.006,-0.041,0.153,0.032,0.063,-0.043,-0.317,0.036,0.004,0.0,0.226,-0.134,0.235,0.12,0.181,0.329,0.343,0.074,0.274,-0.027,0.088,0.223,0.217,0.367,0.463,0.161,0.387,0.146,-0.07,0.104,0.125,0.102,0.037,0.064,0.211,0.37,0.305,0.302,0.329,0.189,0.181,0.25,0.065,-0.008,0.142,0.089,0.228,-0.087,0.283,0.166,0.231,0.295,0.13,0.264,0.33,-0.076,-0.09,0.224,0.189,0.126,0.005,0.01,0.157,0.177,0.384,0.152,0.21,0.227,0.298,-0.164,0.161,0.381,-0.039,0.251,0.242,-0.121,0.227,0.182,-0.113,0.329,0.294,-0.069,0.069,0.315,0.492,0.385,0.403,0.156,0.101,-0.035,0.095,-0.063,0.433,-0.008,-0.062,-0.134,0.005,0.285,0.193,0.271,-0.098,-0.01,0.3,0.316,0.364,0.088,0.35,0.155,0.294,0.294,0.287,-0.364,0.275,0.191,0.162,0.074,-0.082,0.217,0.204,0.197,0.145,0.212,0.399,0.045,0.174,0.073,0.019,0.241,0.267,0.045,-0.055,0.034,0.355,0.125,0.48,0.321,-0.151,0.129,0.007,-0.286,0.364,0.055,0.114,0.394,0.286,0.236,0.107,0.18,0.207,0.275,0.177,0.203,-0.039,0.315,0.324,0.28,0.138,-0.019,-0.119,-0.173,0.254,0.02,0.35,0.005,0.086,0.175,0.172,0.257,0.183,0.32,0.333,0.098,-0.089,0.024,0.129,0.254,0.435,0.09,0.153,0.033,0.039,0.172,0.044,0.083,-0.109,0.149,-0.011
BLBD,-0.219,0.119,0.644,-0.166,0.596,0.535,-0.272,-0.115,-0.098,-0.246,0.422,0.554,-0.201,0.339,-0.209,-0.183,0.32,0.272,-0.212,-0.31,0.351,-0.107,0.226,0.0,-0.286,0.438,0.7,0.656,0.647,0.159,0.101,0.328,-0.258,0.427,0.564,0.766,0.1,0.606,0.626,0.612,0.097,0.642,0.383,0.408,0.518,-0.217,-0.056,0.298,0.611,0.168,0.476,-0.089,0.61,0.541,0.66,-0.175,-0.263,0.531,-0.152,0.009,-0.191,0.073,0.56,0.054,0.28,0.55,0.601,0.38,-0.198,0.443,0.305,0.513,-0.09,-0.153,0.609,0.049,0.503,0.616,-0.149,0.003,0.42,0.676,0.247,0.078,0.764,-0.003,-0.007,0.458,-0.129,0.465,0.106,-0.088,0.488,0.514,0.358,0.229,0.719,0.528,-0.018,0.565,0.626,0.442,0.431,-0.155,-0.185,0.639,-0.163,-0.258,0.496,-0.084,0.762,0.131,0.613,-0.128,0.231,0.129,0.423,0.696,-0.347,0.542,-0.157,0.616,0.554,0.638,-0.198,0.134,0.408,0.473,-0.099,0.506,0.016,0.594,0.527,0.368,0.283,0.457,0.269,0.782,-0.149,0.181,0.376,0.527,-0.223,0.278,-0.164,0.19,0.086,0.227,0.456,-0.269,0.336,-0.162,-0.205,0.644,0.682,-0.162,0.546,0.554,0.637,0.563,0.612,0.255,0.603,0.753,0.575,-0.162,0.562,0.04,0.582,0.68,-0.098,-0.022,-0.251,0.612,0.338,0.419,-0.158,0.526,0.605,0.579,0.261,0.397,0.545,0.279,-0.133,0.3,-0.023,0.521,-0.123,0.402,0.087,0.18,-0.165,-0.093,0.556,-0.111,0.163,-0.146,0.628,-0.358
BMRN,0.866,0.31,-0.241,0.675,-0.727,-0.866,0.8,0.829,0.907,0.815,-0.402,-0.761,0.616,-0.536,0.739,0.563,-0.81,-0.772,0.899,0.781,-0.16,0.47,-0.134,-0.286,0.0,-0.687,-0.209,-0.734,-0.564,0.587,0.798,0.491,0.783,-0.762,0.351,-0.437,0.208,-0.614,-0.805,-0.582,0.312,-0.414,-0.569,-0.177,-0.806,0.92,0.646,-0.248,-0.495,0.291,-0.441,0.021,-0.684,-0.748,-0.727,0.791,0.826,-0.58,0.82,0.192,0.95,0.691,-0.741,0.636,-0.033,-0.008,-0.694,-0.771,-0.2,0.01,-0.541,-0.495,0.482,0.851,0.264,0.848,-0.255,-0.056,0.806,0.637,-0.005,-0.673,-0.649,0.813,-0.109,0.6,0.703,-0.592,0.252,0.149,0.725,0.833,-0.829,-0.598,-0.111,0.31,-0.6,-0.213,0.555,-0.024,-0.638,0.321,-0.546,0.752,0.922,-0.285,0.878,0.814,-0.499,0.706,-0.651,0.694,-0.401,0.759,-0.736,0.279,0.467,-0.51,0.462,-0.071,0.797,-0.667,-0.198,-0.482,-0.128,0.676,-0.076,-0.874,0.918,-0.572,0.784,-0.575,-0.818,0.535,0.558,-0.323,0.075,-0.196,0.756,-0.797,-0.105,0.056,0.826,0.463,0.943,-0.057,0.172,-0.012,0.492,0.812,-0.123,0.862,0.615,-0.434,-0.116,0.812,-0.409,-0.241,-0.698,-0.841,-0.71,0.139,-0.614,-0.57,-0.625,0.928,-0.663,0.586,-0.649,-0.656,0.922,0.539,0.938,-0.532,-0.305,-0.082,0.95,-0.56,-0.44,-0.716,0.659,0.53,0.146,0.458,-0.187,-0.3,0.667,-0.779,0.721,-0.058,0.835,0.574,0.876,0.789,-0.669,0.662,-0.771,0.781,-0.66,0.882
BNGO,-0.529,-0.09,0.481,-0.667,0.718,0.749,-0.546,-0.346,-0.521,-0.395,0.706,0.756,-0.405,0.15,-0.304,-0.192,0.642,0.393,-0.487,-0.547,-0.122,-0.051,0.235,0.438,-0.687,0.0,0.457,0.647,0.579,-0.196,-0.367,-0.034,-0.72,0.424,-0.075,0.637,0.234,0.681,0.68,0.743,-0.41,0.364,0.253,0.568,0.773,-0.601,-0.635,0.444,0.706,-0.332,0.373,0.229,0.585,0.541,0.808,-0.322,-0.684,0.439,-0.442,-0.203,-0.696,-0.405,0.624,-0.375,0.158,0.425,0.796,0.693,0.092,0.275,0.243,0.645,-0.569,-0.401,0.106,-0.423,0.271,0.397,-0.405,-0.137,0.378,0.693,0.271,-0.392,0.334,-0.574,-0.412,0.436,-0.585,-0.093,-0.277,-0.605,0.606,0.561,0.224,0.119,0.547,0.572,-0.267,0.22,0.75,0.069,0.63,-0.5,-0.532,0.399,-0.696,-0.667,0.358,-0.298,0.624,-0.175,0.686,-0.501,0.483,-0.104,-0.004,0.471,-0.667,0.433,-0.424,0.8,0.481,0.525,-0.299,-0.195,0.348,0.767,-0.617,0.383,-0.328,0.577,0.717,-0.193,0.02,0.616,-0.118,0.476,-0.269,0.423,0.069,0.261,-0.365,-0.195,-0.561,0.428,-0.355,0.289,-0.025,-0.748,0.006,-0.746,-0.425,0.603,0.302,-0.592,0.376,0.611,0.705,0.686,0.677,-0.273,0.605,0.644,0.755,-0.505,0.686,-0.146,0.714,0.669,-0.564,-0.309,-0.674,0.494,0.4,0.299,-0.666,0.621,0.544,0.737,-0.258,-0.033,0.314,-0.221,0.381,0.231,-0.15,0.597,-0.315,0.474,-0.36,-0.256,-0.487,-0.303,0.651,-0.654,0.639,-0.775,0.482,-0.72
BUSE,-0.136,0.089,0.814,-0.373,0.658,0.574,-0.283,-0.029,0.041,-0.133,0.741,0.657,0.053,0.238,-0.05,0.169,0.565,0.241,-0.097,-0.059,0.346,-0.025,0.12,0.7,-0.209,0.457,0.0,0.7,0.722,0.152,0.292,0.518,-0.505,0.414,0.606,0.882,0.355,0.544,0.589,0.748,0.135,0.792,0.227,0.773,0.631,-0.314,-0.16,0.472,0.779,-0.061,0.563,-0.158,0.759,0.635,0.707,-0.014,-0.363,0.263,-0.245,0.171,-0.091,0.015,0.632,0.076,0.542,0.699,0.584,0.299,0.159,0.721,0.295,0.727,-0.046,-0.013,0.837,0.117,0.732,0.517,-0.132,0.128,0.694,0.727,0.359,0.154,0.541,-0.244,-0.136,0.607,-0.284,0.515,0.222,-0.167,0.379,0.507,0.8,0.635,0.651,0.617,-0.111,0.613,0.796,0.681,0.756,0.045,-0.073,0.599,-0.259,-0.008,0.681,0.167,0.652,0.231,0.771,-0.107,0.504,-0.272,0.474,0.665,-0.475,0.824,-0.093,0.744,0.833,0.793,-0.066,0.186,0.832,0.578,-0.123,0.543,-0.023,0.832,0.621,0.577,0.289,0.753,0.361,0.949,0.223,0.284,0.313,0.663,-0.114,0.498,-0.149,0.573,-0.12,0.419,0.326,-0.207,0.584,-0.131,-0.113,0.821,0.883,-0.124,0.466,0.76,0.783,0.627,0.787,0.021,0.734,0.86,0.809,-0.105,0.674,-0.031,0.777,0.813,-0.109,0.118,-0.175,0.777,0.789,0.594,-0.112,0.859,0.834,0.777,0.229,0.612,0.735,0.147,0.321,0.187,0.063,0.638,-0.091,0.573,0.069,0.117,-0.037,-0.077,0.742,-0.243,0.382,-0.3,0.688,-0.462
CAKE,-0.6,-0.068,0.689,-0.484,0.901,0.899,-0.719,-0.531,-0.585,-0.58,0.56,0.884,-0.471,0.594,-0.566,-0.29,0.813,0.705,-0.646,-0.61,0.461,-0.423,0.181,0.656,-0.734,0.647,0.7,0.0,0.883,-0.202,-0.329,0.034,-0.715,0.846,0.256,0.792,0.021,0.783,0.896,0.827,0.083,0.731,0.653,0.427,0.824,-0.712,-0.302,0.424,0.783,-0.13,0.78,-0.044,0.877,0.922,0.864,-0.493,-0.633,0.607,-0.662,0.092,-0.619,-0.276,0.917,-0.169,0.444,0.371,0.794,0.742,0.175,0.317,0.6,0.763,-0.14,-0.587,0.288,-0.428,0.735,0.448,-0.55,-0.324,0.349,0.915,0.691,-0.357,0.543,-0.371,-0.424,0.837,-0.157,0.322,-0.349,-0.537,0.832,0.749,0.473,0.194,0.894,0.447,-0.358,0.508,0.855,0.204,0.741,-0.4,-0.651,0.651,-0.642,-0.477,0.705,-0.408,0.885,-0.303,0.649,-0.52,0.768,-0.325,0.052,0.827,-0.484,0.518,-0.516,0.83,0.666,0.859,0.07,-0.275,0.508,0.889,-0.578,0.731,-0.449,0.89,0.91,0.057,-0.231,0.613,0.365,0.686,-0.377,0.694,0.27,0.418,-0.623,0.004,-0.642,0.3,0.012,0.313,-0.003,-0.535,0.586,-0.507,-0.557,0.791,0.662,-0.486,0.647,0.545,0.894,0.922,0.918,0.175,0.918,0.903,0.799,-0.652,0.846,-0.353,0.869,0.93,-0.609,-0.227,-0.713,0.846,0.606,0.505,-0.614,0.781,0.828,0.9,-0.224,0.065,0.322,-0.169,0.146,0.354,-0.444,0.91,-0.451,0.37,-0.44,-0.192,-0.593,-0.601,0.887,-0.362,0.624,-0.525,0.914,-0.778
CASY,-0.418,0.125,0.833,-0.289,0.798,0.851,-0.685,-0.248,-0.494,-0.328,0.528,0.869,-0.45,0.569,-0.504,-0.061,0.713,0.626,-0.532,-0.608,0.495,-0.352,0.329,0.647,-0.564,0.579,0.722,0.883,0.0,0.079,-0.147,0.3,-0.65,0.795,0.446,0.797,0.274,0.882,0.829,0.854,0.27,0.609,0.631,0.453,0.733,-0.533,-0.134,0.478,0.887,-0.009,0.845,0.177,0.801,0.89,0.821,-0.276,-0.494,0.536,-0.492,0.344,-0.462,-0.005,0.879,0.054,0.614,0.389,0.795,0.769,0.154,0.292,0.704,0.716,0.066,-0.458,0.364,-0.199,0.782,0.628,-0.334,-0.16,0.475,0.926,0.508,-0.109,0.661,-0.307,-0.154,0.893,-0.096,0.513,-0.102,-0.485,0.785,0.877,0.566,0.245,0.929,0.597,-0.067,0.737,0.809,0.298,0.725,-0.174,-0.514,0.841,-0.498,-0.358,0.52,-0.278,0.886,-0.092,0.736,-0.5,0.686,-0.24,0.328,0.904,-0.417,0.643,-0.261,0.862,0.82,0.928,-0.053,-0.004,0.601,0.798,-0.388,0.564,-0.219,0.917,0.881,0.256,-0.049,0.754,0.35,0.712,-0.215,0.621,0.27,0.58,-0.495,-0.015,-0.464,0.482,0.099,0.585,0.206,-0.414,0.707,-0.332,-0.619,0.891,0.698,-0.207,0.761,0.603,0.886,0.834,0.882,0.299,0.945,0.88,0.772,-0.525,0.902,-0.063,0.909,0.881,-0.455,-0.172,-0.632,0.897,0.616,0.683,-0.422,0.748,0.884,0.841,-0.024,0.24,0.516,0.027,0.223,0.259,-0.332,0.854,-0.204,0.602,-0.229,-0.033,-0.386,-0.482,0.896,-0.157,0.552,-0.403,0.884,-0.656
CCOI,0.724,0.547,0.317,0.574,-0.214,-0.307,0.362,0.789,0.555,0.722,-0.064,-0.195,0.21,-0.213,0.412,0.574,-0.461,-0.401,0.591,0.278,0.064,0.298,0.343,0.159,0.587,-0.196,0.152,-0.202,0.079,0.0,0.672,0.736,0.493,-0.307,0.624,0.104,0.441,0.106,-0.215,0.014,0.502,-0.139,-0.134,-0.009,-0.331,0.703,0.656,0.141,0.126,0.528,0.09,0.462,-0.182,-0.219,-0.176,0.683,0.682,-0.056,0.683,0.477,0.653,0.861,-0.246,0.815,0.349,0.232,-0.05,-0.164,-0.141,0.028,-0.097,-0.076,0.541,0.54,0.36,0.772,0.24,0.421,0.668,0.639,0.282,-0.062,-0.465,0.762,0.506,0.517,0.698,-0.051,0.204,0.555,0.715,0.561,-0.16,0.033,0.025,0.38,0.041,0.323,0.738,0.558,-0.195,0.392,-0.197,0.637,0.619,0.325,0.688,0.572,-0.323,0.488,-0.02,0.734,0.129,0.51,-0.431,0.287,0.792,0.115,0.25,0.399,0.734,-0.098,0.306,0.088,-0.328,0.728,0.238,-0.39,0.71,-0.295,0.734,-0.06,-0.26,0.714,0.673,0.168,0.319,0.213,0.599,-0.509,0.295,0.395,0.583,0.311,0.721,0.274,0.403,0.506,0.761,0.456,0.212,0.67,0.08,0.166,0.275,0.761,0.216,0.173,-0.158,-0.362,-0.198,0.398,-0.013,-0.037,-0.161,0.621,-0.058,0.728,-0.069,-0.163,0.685,0.315,0.524,0.062,-0.111,0.356,0.708,-0.196,0.038,-0.268,0.755,0.655,0.481,0.761,-0.133,-0.104,0.47,-0.295,0.767,0.432,0.793,0.594,0.675,0.54,-0.14,0.649,-0.457,0.52,-0.132,0.606
