,AAPL,ACRS,ADP,AFYA,AGNC,AGYS,ALT,AMGN,AMPH,AMZN,ANIP,AOSL,APDN,APLT,APVO,ARGX,ARLP,ATEX,ATRA,AUTL,AVDL,BCRX,BHAT,BLBD,BMRN,BNGO,BUSE,CAKE,CASY,CCOI,CEVA,CHY,CLDX,CLMT,COHU,COLM,COST,CPRT,CSWC,CSX,DBX,DCOM,DKNG,DMLP,DOX,EA,EDIT,ENPH,ENSG,ERNA,ESGR,ETNB,EXTR,FANG,FARO,FATE,FGEN,FIVE,FIVN,FLGT,FOLD,FORM,FOXA,FRPT,FSLR,FTAI,GBDC,GDYN,GGAL,GNLN,GRFS,GT,HCAT,HCM,HFWA,HOLX,HQY,HUBG,IAC,ICLR,IDCC,IEP,IHRT,ILMN,ILPT,IMAB,IMOS,INMD,INTZ,JAZZ,JKHY,JRVR,KIDS,LBRDK,LGND,LMAT,LPLA,LULU,MASI,MAT,MATW,MBIN,MBIO,MCRB,MDB,MDLZ,MELI,MIRM,MLKN,MNMD,MNRO,MPWR,MRCY,MRSN,MTVA,NAAS,NDAQ,NDSN,NEGG,NOVT,NVDA,NWE,NWSA,NXST,OCX,ODFL,OMAB,OPCH,OPRA,ORGO,OTRK,OZK,PAGP,PCH,PEGA,PENG,PENN,PFBC,PGNY,PHAT,PHUN,PINC,PLUG,PLXS,PYPL,QLYS,QNCX,QQQX,QVCGA,RAPT,RBBN,RCKT,REPL,RMBS,ROAD,ROKU,ROP,RUSHA,SANM,SATS,SBCF,SBLK,SBUX,SCHL,SCSC,SDGR,SEIC,SFIX,SGRY,SKYW,SLP,SNES,STAA,STLD,STOK,SWKS,TER,TFIN,TIGO,TILE,TPIC,TTEC,TTEK,TTGT,UXIN,VERU,VLYPP,VNOM,VRNS,VRSN,WDAY,WERN,WINA,WKHS,WRLD,XP,XTKG,YY,ZION,ZM
AAPL,0.0,-0.254,0.679,0.545,-0.1,-0.022,-0.334,0.466,0.487,0.929,0.138,0.761,0.09,0.263,0.377,-0.197,0.026,0.216,-0.181,-0.272,0.047,-0.01,-0.072,-0.099,-0.445,-0.428,0.504,0.447,0.548,0.43,0.719,0.404,0.07,-0.606,-0.021,-0.005,0.533,0.419,0.503,-0.125,0.624,0.459,-0.278,0.409,0.35,0.359,-0.301,0.197,0.66,-0.519,0.721,0.586,0.252,0.14,0.414,-0.25,-0.386,-0.337,-0.094,-0.3,0.059,0.103,0.466,0.71,0.777,0.135,0.112,0.43,0.518,0.618,0.185,0.463,-0.135,0.151,0.505,-0.244,0.717,0.575,0.8,0.477,0.526,0.474,0.373,0.695,0.263,0.3,-0.049,-0.104,-0.673,0.044,0.32,0.658,0.747,0.003,0.655,-0.357,0.571,0.683,0.199,-0.309,0.153,-0.042,-0.299,0.034,0.193,0.734,0.675,0.33,-0.585,-0.036,0.505,0.236,-0.295,-0.284,-0.01,0.003,0.716,0.346,0.516,0.037,0.573,0.592,0.037,-0.107,0.028,0.588,0.537,0.057,-0.193,0.45,0.49,0.619,0.374,0.786,0.857,-0.064,-0.336,0.567,0.484,-0.186,0.452,0.697,0.06,0.714,0.808,0.717,-0.422,0.656,0.4,-0.037,0.078,-0.166,0.331,0.275,0.485,-0.127,0.682,0.14,0.317,0.15,0.564,-0.172,0.652,0.595,0.413,0.213,0.696,0.112,-0.053,0.354,0.171,0.239,-0.244,-0.078,-0.497,0.465,0.573,0.42,0.2,0.197,0.773,0.619,0.511,0.185,0.069,-0.235,0.201,0.447,0.421,0.098,0.604,0.453,-0.011,-0.382,0.169,0.516,0.651,0.011,0.452,-0.364
ACRS,-0.254,0.0,0.203,0.251,0.012,0.208,0.368,0.441,-0.554,-0.3,-0.03,-0.121,-0.211,-0.676,-0.121,0.884,-0.506,-0.597,-0.178,-0.237,-0.428,-0.154,-0.635,0.245,0.539,0.834,-0.624,-0.595,0.186,-0.692,0.221,-0.053,0.748,0.748,0.868,-0.259,0.446,0.621,-0.027,0.429,-0.537,-0.666,0.935,-0.405,0.033,0.433,-0.188,0.772,0.303,0.414,-0.472,-0.808,0.248,-0.293,0.597,0.838,-0.195,0.33,0.865,0.772,0.483,0.786,-0.136,0.102,-0.487,0.714,0.555,0.234,-0.837,-0.621,0.546,-0.655,0.762,-0.436,-0.597,0.845,-0.624,-0.447,-0.378,0.453,-0.657,0.057,-0.496,-0.596,0.151,0.301,0.025,0.746,0.379,0.52,0.469,-0.688,0.068,0.776,-0.483,0.431,-0.553,-0.257,0.748,0.902,-0.155,0.045,0.144,0.714,0.638,-0.094,0.217,-0.26,0.843,0.687,-0.759,0.726,0.734,0.184,-0.204,0.689,-0.547,0.063,0.146,0.783,0.48,-0.571,-0.413,-0.361,0.188,-0.713,-0.34,0.703,0.771,-0.501,-0.664,-0.492,-0.579,-0.169,-0.122,0.669,0.864,-0.681,0.33,0.634,0.098,0.021,0.795,-0.396,0.05,-0.33,0.524,0.012,-0.653,-0.233,-0.235,0.047,-0.353,0.375,0.21,0.759,-0.301,0.572,0.065,-0.624,-0.599,0.773,-0.004,-0.645,0.165,-0.439,0.081,0.075,0.304,-0.59,0.603,0.602,0.887,0.012,0.703,0.625,0.503,0.511,-0.309,-0.39,0.127,-0.058,0.47,0.716,-0.028,-0.233,0.125,-0.709,0.575,0.627,0.309,-0.783,0.746,0.548,0.732,-0.78,0.165,0.522,-0.647,0.773
ADP,0.679,0.203,0.0,0.448,0.147,0.383,0.053,0.777,0.385,0.539,0.444,0.751,0.128,0.066,0.536,0.237,0.056,0.144,-0.057,-0.181,-0.046,0.148,-0.174,0.325,-0.114,-0.006,0.38,0.289,0.691,0.219,0.637,0.485,0.363,-0.182,0.425,0.013,0.559,0.627,0.473,0.326,0.354,0.319,0.169,0.482,0.545,0.215,-0.241,0.447,0.761,-0.323,0.36,0.167,0.566,0.241,0.777,0.218,-0.247,0.092,0.124,-0.132,0.487,0.405,0.675,0.681,0.548,0.584,0.484,0.7,0.111,0.339,0.534,0.29,0.348,0.083,0.425,0.036,0.399,0.509,0.56,0.658,0.331,0.746,0.369,0.47,0.648,0.239,0.239,0.314,-0.296,0.411,0.491,0.336,0.832,0.348,0.332,-0.181,0.474,0.419,0.582,0.154,0.397,0.328,0.008,0.405,0.237,0.821,0.447,0.454,-0.082,0.114,0.119,0.479,-0.025,0.055,0.189,0.264,0.509,0.627,0.585,0.534,0.652,0.398,0.057,-0.034,0.377,0.321,0.646,0.305,0.059,0.43,0.037,0.544,0.307,0.797,0.661,0.455,0.091,0.343,0.68,0.178,0.606,0.673,0.423,0.654,0.506,0.227,0.047,0.583,-0.054,0.013,0.255,0.053,0.262,0.749,0.826,-0.02,0.581,0.632,0.665,0.072,0.465,0.351,0.852,0.328,0.49,0.016,0.641,0.088,0.359,0.291,0.385,0.508,0.157,0.3,-0.096,0.689,0.712,0.647,0.211,0.332,0.777,0.755,0.865,0.454,0.331,-0.147,0.379,0.202,0.429,0.417,0.506,0.1,0.371,0.036,0.605,0.114,0.71,0.356,0.342,-0.197
AFYA,0.545,0.251,0.448,0.0,-0.175,-0.08,-0.4,0.423,-0.244,0.567,-0.425,0.414,0.14,-0.355,-0.047,0.401,-0.482,-0.335,-0.4,-0.491,-0.694,-0.246,-0.563,-0.257,-0.182,0.07,-0.252,-0.2,0.468,-0.247,0.687,-0.073,0.611,-0.18,0.277,-0.086,0.708,0.692,0.667,0.15,0.137,-0.244,0.36,-0.192,-0.078,0.64,-0.604,0.689,0.568,-0.341,0.213,-0.046,-0.01,-0.546,0.474,0.355,-0.541,-0.272,0.498,0.337,0.205,0.305,0.154,0.588,0.328,0.46,0.211,0.247,-0.134,-0.07,0.668,-0.183,0.471,-0.494,-0.206,0.398,0.065,0.154,0.228,0.733,-0.255,0.166,-0.242,0.276,0.03,0.523,-0.439,0.4,-0.372,0.451,0.275,0.078,0.537,0.422,0.421,0.119,-0.178,0.299,0.638,0.14,-0.229,-0.463,-0.353,0.536,0.628,0.389,0.782,-0.247,-0.14,0.567,-0.217,0.644,0.145,-0.209,-0.473,0.285,0.086,0.197,0.375,0.291,0.764,-0.11,-0.479,-0.46,0.012,0.039,0.078,0.566,0.522,-0.257,0.076,-0.076,-0.34,0.358,0.399,0.175,0.233,-0.214,0.738,-0.03,0.018,0.466,0.34,0.085,0.735,0.567,-0.142,0.374,-0.065,-0.39,-0.37,-0.374,-0.062,0.177,0.267,0.42,0.107,0.219,-0.144,-0.539,-0.175,0.232,0.353,-0.043,0.117,-0.395,0.414,-0.029,-0.139,-0.316,0.755,0.723,0.346,-0.475,0.057,0.716,0.592,0.657,-0.072,-0.4,0.588,0.179,0.588,0.746,-0.21,-0.603,0.187,-0.351,0.603,0.275,0.738,-0.104,0.592,-0.095,0.348,-0.169,0.495,-0.059,-0.315,0.317
AGNC,-0.1,0.012,0.147,-0.175,0.0,0.812,0.533,0.046,0.361,-0.289,0.466,0.016,0.623,0.522,0.671,-0.089,0.67,0.56,0.834,0.831,0.249,0.873,0.596,0.729,0.15,0.14,0.264,0.301,-0.008,0.424,-0.387,0.636,-0.126,0.121,0.033,0.514,-0.428,-0.081,0.166,0.729,0.446,0.359,0.049,0.286,0.379,-0.485,0.708,-0.214,-0.114,0.172,-0.486,0.055,0.388,0.24,-0.082,0.178,0.661,0.724,-0.142,-0.325,0.358,-0.262,0.596,0.074,0.153,0.23,0.302,0.258,0.07,0.041,0.052,0.387,0.232,0.57,0.315,-0.144,-0.026,0.272,0.124,-0.042,0.218,0.538,0.539,0.154,0.648,-0.487,0.656,0.316,0.663,0.421,-0.21,0.137,-0.144,0.186,-0.133,-0.192,0.312,-0.577,0.027,0.042,0.717,0.687,0.832,0.247,-0.44,0.253,-0.479,0.5,0.077,-0.435,-0.099,-0.311,-0.374,0.863,0.724,-0.398,0.177,0.676,-0.172,-0.086,-0.08,0.234,0.685,0.793,0.747,0.193,0.475,-0.456,-0.246,0.486,0.143,0.087,0.523,0.091,0.033,0.08,0.296,0.037,-0.118,0.462,0.312,-0.313,0.248,0.246,-0.459,-0.36,0.729,0.41,-0.268,0.724,0.764,0.791,0.402,0.448,0.052,-0.339,-0.073,0.315,0.425,0.584,0.19,0.086,0.404,0.149,-0.42,0.458,-0.305,0.691,0.664,0.511,-0.121,-0.171,0.066,0.601,0.432,-0.127,-0.258,-0.306,0.702,0.572,-0.163,0.356,-0.051,-0.207,0.754,0.701,0.618,0.042,-0.309,0.006,-0.555,0.116,-0.165,0.633,-0.165,0.108,-0.471,0.4,0.336,-0.231
AGYS,-0.022,0.208,0.383,-0.08,0.812,0.0,0.54,0.318,0.338,-0.193,0.577,0.175,0.539,0.338,0.672,0.065,0.598,0.525,0.706,0.66,0.118,0.779,0.41,0.827,0.1,0.23,0.253,0.291,0.273,0.37,-0.242,0.691,-0.021,0.177,0.274,0.539,-0.183,0.134,0.222,0.736,0.402,0.342,0.188,0.392,0.518,-0.355,0.585,-0.002,0.08,0.021,-0.408,-0.061,0.52,0.229,0.208,0.299,0.537,0.79,-0.023,-0.247,0.483,-0.019,0.703,0.19,0.216,0.455,0.445,0.457,-0.027,0.069,0.226,0.353,0.433,0.496,0.319,-0.037,-0.072,0.409,0.203,0.21,0.2,0.701,0.453,0.182,0.82,-0.346,0.633,0.52,0.559,0.516,-0.093,0.117,0.129,0.379,-0.091,-0.067,0.341,-0.406,0.23,0.235,0.768,0.701,0.747,0.4,-0.351,0.439,-0.381,0.587,0.183,-0.304,-0.135,-0.096,-0.241,0.807,0.694,-0.245,0.225,0.81,-0.001,0.22,0.089,0.242,0.603,0.668,0.692,0.196,0.516,-0.261,-0.098,0.489,-0.037,0.195,0.471,0.275,0.158,0.308,0.364,0.014,0.134,0.509,0.462,-0.125,0.346,0.328,-0.353,-0.415,0.716,0.544,-0.39,0.561,0.785,0.722,0.37,0.743,0.337,-0.252,0.116,0.479,0.608,0.447,0.237,0.353,0.593,0.149,-0.308,0.331,-0.13,0.468,0.793,0.463,0.016,0.048,0.156,0.673,0.394,0.147,-0.02,-0.007,0.602,0.631,0.09,0.533,0.303,0.031,0.727,0.538,0.612,-0.004,-0.1,0.217,-0.366,0.033,0.083,0.505,0.119,0.024,-0.222,0.545,0.299,-0.197
ALT,-0.334,0.368,0.053,-0.4,0.533,0.54,0.0,0.184,0.015,-0.5,0.533,-0.248,-0.033,0.078,0.402,0.25,0.232,0.111,0.43,0.484,0.367,0.422,0.264,0.616,0.512,0.484,-0.054,-0.036,-0.129,-0.033,-0.304,0.339,-0.007,0.536,0.364,0.122,-0.232,-0.01,-0.409,0.455,-0.07,-0.059,0.325,-0.033,0.317,-0.261,0.548,-0.013,-0.017,0.447,-0.524,-0.363,0.429,0.337,0.151,0.312,0.436,0.529,0.126,0.119,0.408,0.207,0.117,-0.192,-0.353,0.29,0.307,0.185,-0.334,-0.186,-0.02,-0.087,0.222,0.294,-0.045,0.133,-0.285,-0.265,-0.2,-0.162,-0.079,0.237,0.07,-0.395,0.353,-0.187,0.615,0.34,0.643,0.264,0.134,-0.317,-0.199,0.334,-0.547,0.138,-0.007,-0.422,0.119,0.411,0.31,0.546,0.634,0.25,-0.14,-0.107,-0.419,0.345,0.573,-0.077,-0.27,-0.014,0.195,0.58,0.49,0.128,-0.18,0.241,-0.086,0.306,-0.101,-0.113,0.285,0.367,0.497,-0.364,-0.006,-0.101,0.046,0.144,-0.371,-0.158,0.157,-0.194,-0.192,0.415,0.47,-0.198,-0.076,0.621,0.293,-0.297,0.367,-0.097,-0.451,-0.608,0.631,0.019,-0.43,0.418,0.465,0.602,0.005,0.341,0.027,0.101,-0.197,0.349,0.353,0.234,-0.097,0.286,0.049,-0.251,-0.05,0.121,-0.222,0.436,0.501,0.092,-0.106,-0.15,0.32,0.446,0.451,-0.061,-0.079,-0.234,0.142,0.246,-0.273,0.079,-0.055,-0.083,0.483,0.398,0.142,-0.086,-0.03,0.357,-0.421,-0.396,0.023,0.601,0.232,-0.201,-0.246,0.576,0.002,0.125
AMGN,0.466,0.441,0.777,0.423,0.046,0.318,0.184,0.0,0.126,0.342,0.339,0.466,-0.097,-0.167,0.325,0.5,-0.164,-0.073,-0.063,-0.216,-0.171,0.056,-0.35,0.385,0.143,0.334,0.038,0.003,0.59,-0.059,0.665,0.395,0.515,0.081,0.655,-0.091,0.696,0.738,0.241,0.371,0.146,-0.021,0.444,0.15,0.451,0.423,-0.186,0.628,0.659,-0.071,0.084,-0.139,0.528,0.023,0.808,0.508,-0.271,0.172,0.451,0.189,0.549,0.638,0.418,0.656,0.287,0.69,0.613,0.659,-0.223,0.032,0.547,0.012,0.485,0.013,0.067,0.354,0.071,0.151,0.352,0.685,0.002,0.553,0.025,0.132,0.528,0.475,0.289,0.546,-0.118,0.435,0.605,-0.001,0.659,0.62,0.048,-0.037,0.176,0.304,0.654,0.369,0.224,0.23,0.109,0.572,0.395,0.634,0.468,0.28,0.198,0.293,-0.181,0.65,0.21,0.109,0.108,0.444,0.181,0.527,0.49,0.654,0.728,0.059,-0.036,-0.215,0.255,-0.044,0.267,0.445,0.31,0.146,-0.188,0.233,0.03,0.548,0.517,0.656,0.383,-0.004,0.536,0.494,0.5,0.362,0.638,0.3,0.478,0.031,0.231,0.513,-0.287,-0.008,0.131,0.091,0.105,0.688,0.595,0.314,0.32,0.669,0.529,-0.148,0.097,0.443,0.622,0.032,0.435,-0.084,0.443,0.166,0.409,-0.003,0.469,0.603,0.415,0.215,0.143,0.8,0.733,0.639,0.05,0.035,0.651,0.583,0.759,0.553,0.214,-0.18,0.362,-0.12,0.604,0.653,0.489,-0.293,0.507,0.169,0.701,-0.193,0.588,0.597,0.015,0.145
AMPH,0.487,-0.554,0.385,-0.244,0.361,0.338,0.015,0.126,0.0,0.399,0.676,0.601,0.229,0.867,0.675,-0.627,0.707,0.787,0.505,0.324,0.592,0.466,0.631,0.399,-0.53,-0.61,0.945,0.848,0.322,0.878,0.02,0.701,-0.476,-0.604,-0.347,0.208,-0.19,-0.26,0.169,-0.095,0.739,0.942,-0.644,0.821,0.379,-0.536,0.328,-0.433,0.087,-0.354,0.5,0.777,0.276,0.555,-0.017,-0.58,0.156,0.097,-0.648,-0.864,-0.005,-0.406,0.721,0.41,0.743,-0.095,0.135,0.528,0.819,0.865,-0.283,0.936,-0.462,0.725,0.933,-0.726,0.82,0.742,0.792,-0.009,0.906,0.661,0.849,0.735,0.602,-0.269,0.559,-0.384,-0.266,-0.055,-0.16,0.84,0.342,-0.405,0.443,-0.712,0.9,0.291,-0.315,-0.482,0.717,0.562,0.227,-0.368,-0.609,0.633,-0.194,0.733,-0.602,-0.778,0.757,-0.509,-0.761,0.101,0.628,-0.492,0.759,0.542,0.251,-0.314,-0.145,0.861,0.737,0.503,0.3,0.794,0.788,-0.62,-0.825,0.909,0.652,0.84,0.928,0.715,0.592,-0.339,-0.56,0.856,-0.125,-0.136,0.655,0.284,-0.157,0.796,0.047,0.096,-0.084,0.529,0.474,0.62,0.715,0.469,0.797,0.258,0.343,-0.737,0.482,0.132,0.571,0.825,0.923,-0.292,0.578,0.863,0.126,0.783,0.146,0.298,0.401,0.907,-0.487,-0.332,-0.629,0.522,-0.507,-0.167,-0.127,-0.086,0.681,0.834,0.392,0.736,0.093,-0.505,0.536,0.474,0.387,0.768,-0.279,-0.357,-0.252,0.736,-0.546,-0.225,-0.171,0.772,0.152,0.061,0.947,-0.887
AMZN,0.929,-0.3,0.539,0.567,-0.289,-0.193,-0.5,0.342,0.399,0.0,-0.013,0.725,0.036,0.196,0.196,-0.255,-0.081,0.121,-0.315,-0.417,-0.029,-0.197,-0.137,-0.314,-0.508,-0.519,0.434,0.407,0.51,0.358,0.712,0.243,0.043,-0.643,-0.12,-0.06,0.557,0.381,0.524,-0.309,0.559,0.384,-0.333,0.354,0.193,0.417,-0.403,0.177,0.601,-0.554,0.825,0.589,0.109,0.046,0.305,-0.363,-0.484,-0.49,-0.115,-0.26,-0.078,0.055,0.329,0.656,0.737,0.027,-0.001,0.32,0.547,0.631,0.092,0.393,-0.252,0.013,0.426,-0.245,0.723,0.548,0.755,0.427,0.505,0.304,0.256,0.671,0.103,0.342,-0.249,-0.231,-0.779,-0.041,0.289,0.678,0.713,-0.051,0.744,-0.314,0.475,0.768,0.116,-0.354,-0.013,-0.25,-0.501,-0.096,0.212,0.615,0.735,0.137,-0.655,0.009,0.567,0.187,-0.272,-0.479,-0.177,-0.016,0.665,0.173,0.516,-0.029,0.478,0.551,-0.075,-0.219,-0.171,0.6,0.382,0.102,-0.167,0.335,0.525,0.557,0.261,0.718,0.824,-0.187,-0.417,0.543,0.465,-0.285,0.331,0.716,-0.047,0.651,0.85,0.816,-0.6,0.552,0.531,-0.171,-0.071,-0.319,0.278,0.092,0.41,-0.097,0.64,0.041,0.149,0.054,0.511,-0.259,0.506,0.573,0.385,0.123,0.674,-0.023,-0.225,0.262,0.17,0.216,-0.288,-0.236,-0.591,0.43,0.501,0.408,0.112,0.081,0.748,0.522,0.429,0.219,-0.162,-0.35,0.075,0.44,0.447,-0.018,0.668,0.521,-0.028,-0.545,0.097,0.546,0.643,-0.2,0.36,-0.326
ANIP,0.138,-0.03,0.444,-0.425,0.466,0.577,0.533,0.339,0.676,-0.013,0.0,0.333,0.044,0.496,0.667,-0.146,0.573,0.495,0.442,0.405,0.62,0.474,0.466,0.613,0.105,-0.032,0.631,0.563,0.206,0.482,-0.073,0.641,-0.239,0.026,0.172,0.144,-0.129,-0.069,-0.161,0.209,0.323,0.562,-0.165,0.646,0.535,-0.449,0.509,-0.212,0.227,0.033,0.106,0.18,0.685,0.742,0.243,-0.127,0.363,0.382,-0.311,-0.431,0.375,0.086,0.532,0.15,0.233,0.174,0.293,0.511,0.249,0.443,-0.131,0.497,-0.126,0.604,0.636,-0.344,0.379,0.352,0.37,-0.092,0.576,0.61,0.595,0.177,0.659,-0.18,0.768,-0.012,0.182,0.118,0.212,0.288,0.312,0.025,-0.102,-0.254,0.627,0.094,-0.029,0.048,0.653,0.738,0.417,-0.107,-0.398,0.369,-0.326,0.705,0.07,-0.488,0.33,-0.186,-0.187,0.304,0.699,-0.014,0.378,0.484,0.252,0.237,-0.135,0.494,0.609,0.473,0.425,0.284,0.514,-0.269,-0.45,0.701,0.019,0.561,0.671,0.426,0.293,0.249,-0.058,0.51,-0.023,0.3,0.671,0.145,0.222,0.524,-0.197,-0.289,0.289,0.324,-0.038,0.474,0.73,0.586,0.452,0.552,0.509,-0.369,0.313,0.513,0.781,0.635,0.623,0.109,0.496,0.355,0.339,0.477,0.156,0.291,0.54,0.633,-0.334,-0.178,-0.131,0.796,-0.09,-0.049,0.073,-0.079,0.408,0.742,0.186,0.653,0.194,-0.287,0.614,0.512,0.285,0.516,-0.061,0.104,-0.284,0.205,-0.243,0.174,0.243,0.317,0.116,0.423,0.635,-0.47
AOSL,0.761,-0.121,0.751,0.414,0.016,0.175,-0.248,0.466,0.601,0.725,0.333,0.0,0.198,0.32,0.503,-0.088,0.071,0.208,-0.017,-0.246,0.045,0.144,-0.082,0.083,-0.516,-0.368,0.568,0.398,0.665,0.39,0.623,0.504,0.244,-0.546,0.077,-0.183,0.415,0.338,0.611,-0.068,0.454,0.513,-0.161,0.639,0.206,0.065,-0.298,0.236,0.571,-0.393,0.648,0.487,0.319,0.165,0.475,-0.148,-0.424,-0.177,-0.088,-0.37,0.244,0.065,0.683,0.701,0.707,0.38,0.317,0.65,0.477,0.641,0.235,0.499,0.019,0.119,0.603,-0.184,0.691,0.655,0.725,0.542,0.564,0.67,0.56,0.67,0.518,0.118,0.076,-0.065,-0.565,0.249,0.226,0.663,0.763,-0.015,0.625,-0.485,0.56,0.503,0.333,-0.125,0.358,0.19,-0.214,0.11,0.088,0.781,0.478,0.369,-0.43,-0.086,0.41,0.181,-0.306,-0.23,0.12,0.001,0.579,0.521,0.723,0.183,0.467,0.564,0.117,-0.059,0.183,0.563,0.688,0.089,-0.193,0.562,0.417,0.68,0.435,0.862,0.777,-0.005,-0.234,0.567,0.471,-0.061,0.639,0.754,0.225,0.742,0.611,0.462,-0.183,0.609,0.388,0.072,0.186,0.045,0.607,0.424,0.72,-0.252,0.551,0.398,0.49,0.199,0.627,0.068,0.663,0.654,0.428,0.262,0.568,0.089,0.193,0.412,0.252,0.382,-0.129,0.126,-0.306,0.488,0.497,0.553,0.398,0.371,0.849,0.769,0.644,0.25,0.166,-0.086,0.338,0.381,0.295,-0.04,0.453,0.464,0.094,-0.175,0.318,0.403,0.68,-0.051,0.51,-0.446
APDN,0.09,-0.211,0.128,0.14,0.623,0.539,-0.033,-0.097,0.229,0.036,0.044,0.198,0.0,0.356,0.385,-0.179,0.431,0.399,0.477,0.475,-0.126,0.572,0.408,0.238,-0.199,-0.156,0.167,0.219,0.083,0.38,-0.25,0.278,-0.038,-0.219,-0.241,0.452,-0.242,-0.107,0.482,0.425,0.479,0.311,-0.117,0.277,0.095,-0.298,0.276,-0.156,-0.102,-0.246,-0.188,0.176,0.037,-0.072,-0.151,0.013,0.375,0.324,-0.219,-0.333,0.137,-0.4,0.534,0.137,0.32,0.116,-0.002,0.031,0.199,0.092,0.192,0.336,0.176,0.191,0.245,-0.195,0.079,0.482,0.135,0.092,0.198,0.364,0.492,0.366,0.354,-0.323,0.113,0.122,0.262,0.316,-0.376,0.313,0.029,0.037,0.258,-0.165,0.196,-0.327,0.058,-0.127,0.432,0.239,0.324,0.198,-0.334,0.299,-0.207,0.235,-0.265,-0.313,-0.002,-0.268,-0.435,0.515,0.246,-0.494,0.264,0.538,0.025,-0.21,0.011,0.225,0.341,0.546,0.518,0.395,0.469,-0.324,-0.13,0.333,0.25,0.096,0.335,0.163,0.059,-0.086,0.034,0.053,0.147,0.05,0.036,-0.048,-0.027,0.308,-0.179,0.053,0.277,0.355,-0.023,0.343,0.435,0.288,0.318,0.325,0.068,-0.366,0.001,0.073,0.173,0.344,0.195,-0.063,0.384,0.221,-0.48,0.148,-0.189,0.32,0.261,0.363,0.111,0.015,-0.089,0.161,0.16,-0.037,-0.169,-0.141,0.599,0.368,-0.035,0.225,0.042,0.007,0.308,0.348,0.325,0.024,-0.28,-0.272,-0.267,0.337,-0.027,0.261,-0.3,0.178,-0.316,-0.089,0.227,-0.285
APLT,0.263,-0.676,0.066,-0.355,0.522,0.338,0.078,-0.167,0.867,0.196,0.496,0.32,0.356,0.0,0.59,-0.759,0.81,0.837,0.708,0.593,0.583,0.614,0.811,0.388,-0.462,-0.594,0.804,0.773,0.041,0.881,-0.293,0.653,-0.632,-0.533,-0.564,0.361,-0.475,-0.492,0.123,-0.009,0.761,0.873,-0.709,0.669,0.221,-0.646,0.57,-0.664,-0.184,-0.227,0.26,0.77,0.085,0.446,-0.392,-0.621,0.382,0.204,-0.715,-0.872,-0.112,-0.669,0.59,0.195,0.592,-0.281,-0.064,0.232,0.811,0.722,-0.43,0.889,-0.52,0.779,0.791,-0.758,0.67,0.653,0.595,-0.244,0.806,0.492,0.79,0.636,0.448,-0.449,0.523,-0.389,-0.009,-0.111,-0.382,0.783,0.028,-0.491,0.374,-0.618,0.764,-0.032,-0.507,-0.587,0.667,0.505,0.376,-0.435,-0.761,0.387,-0.404,0.597,-0.621,-0.889,0.679,-0.754,-0.853,0.29,0.684,-0.765,0.636,0.453,-0.022,-0.613,-0.319,0.748,0.837,0.716,0.304,0.752,0.639,-0.818,-0.847,0.816,0.763,0.589,0.891,0.407,0.381,-0.534,-0.522,0.698,-0.325,-0.095,0.435,-0.052,-0.337,0.622,-0.183,0.048,0.035,0.452,0.473,0.759,0.758,0.595,0.767,0.033,-0.008,-0.837,0.281,-0.116,0.356,0.904,0.743,-0.475,0.341,0.776,-0.238,0.845,-0.168,0.417,0.343,0.87,-0.57,-0.523,-0.654,0.443,-0.358,-0.439,-0.448,-0.434,0.794,0.768,0.047,0.51,-0.27,-0.669,0.518,0.67,0.402,0.679,-0.518,-0.464,-0.528,0.749,-0.688,-0.113,-0.526,0.805,-0.244,-0.057,0.854,-0.836
APVO,0.377,-0.121,0.536,-0.047,0.671,0.672,0.402,0.325,0.675,0.196,0.667,0.503,0.385,0.59,0.0,-0.197,0.616,0.665,0.559,0.46,0.391,0.718,0.458,0.63,-0.174,-0.104,0.611,0.603,0.326,0.659,0.06,0.811,-0.138,-0.253,0.083,0.31,-0.048,0.142,0.217,0.414,0.622,0.632,-0.168,0.594,0.591,-0.368,0.438,-0.088,0.249,-0.195,0.056,0.362,0.605,0.46,0.308,-0.072,0.319,0.346,-0.255,-0.488,0.332,-0.109,0.792,0.433,0.554,0.291,0.348,0.606,0.365,0.496,0.044,0.628,0.008,0.587,0.666,-0.363,0.419,0.506,0.594,0.183,0.604,0.768,0.72,0.48,0.772,-0.282,0.671,0.111,0.125,0.322,-0.02,0.458,0.335,0.114,0.149,-0.442,0.673,0.014,0.076,-0.106,0.749,0.668,0.553,0.199,-0.379,0.628,-0.165,0.752,-0.212,-0.485,0.282,-0.163,-0.469,0.485,0.722,-0.215,0.543,0.784,0.268,0.059,0.124,0.585,0.599,0.548,0.605,0.462,0.718,-0.402,-0.421,0.777,0.274,0.537,0.754,0.576,0.506,0.112,-0.018,0.47,0.139,0.275,0.672,0.152,0.257,0.616,-0.019,-0.078,0.334,0.597,-0.025,0.607,0.748,0.592,0.537,0.605,0.452,-0.395,0.377,0.41,0.677,0.637,0.593,-0.016,0.717,0.501,0.016,0.512,0.115,0.551,0.612,0.696,-0.157,-0.089,-0.156,0.536,-0.053,0.112,0.065,-0.006,0.642,0.683,0.358,0.762,0.283,-0.161,0.716,0.44,0.584,0.409,-0.066,0.051,-0.189,0.343,-0.222,0.232,0.109,0.371,0.091,0.429,0.627,-0.523
ARGX,-0.197,0.884,0.237,0.401,-0.089,0.065,0.25,0.5,-0.627,-0.255,-0.146,-0.088,-0.179,-0.759,-0.197,0.0,-0.689,-0.728,-0.309,-0.373,-0.585,-0.254,-0.734,0.076,0.531,0.811,-0.716,-0.707,0.125,-0.804,0.334,-0.249,0.873,0.642,0.813,-0.411,0.545,0.648,0.032,0.377,-0.578,-0.766,0.95,-0.503,-0.119,0.499,-0.38,0.865,0.358,0.346,-0.445,-0.83,0.139,-0.44,0.634,0.9,-0.328,0.123,0.9,0.84,0.551,0.784,-0.195,0.13,-0.486,0.749,0.496,0.182,-0.886,-0.7,0.725,-0.747,0.81,-0.625,-0.69,0.885,-0.599,-0.515,-0.447,0.493,-0.748,-0.025,-0.566,-0.578,0.004,0.476,-0.107,0.718,0.273,0.579,0.488,-0.719,0.157,0.775,-0.437,0.46,-0.669,-0.211,0.859,0.846,-0.334,-0.121,-0.0,0.772,0.759,-0.116,0.339,-0.363,0.787,0.811,-0.829,0.835,0.775,0.08,-0.375,0.745,-0.628,0.003,0.236,0.806,0.585,-0.721,-0.593,-0.545,0.185,-0.761,-0.36,0.838,0.876,-0.61,-0.708,-0.568,-0.703,-0.192,-0.175,0.734,0.833,-0.751,0.492,0.522,-0.076,0.069,0.773,-0.481,0.165,-0.205,0.444,-0.093,-0.651,-0.352,-0.404,-0.107,-0.394,0.321,0.213,0.837,-0.395,0.565,-0.056,-0.757,-0.672,0.741,-0.038,-0.707,0.225,-0.63,0.091,0.022,0.157,-0.727,0.778,0.722,0.919,-0.191,0.691,0.677,0.584,0.568,-0.355,-0.577,0.143,-0.16,0.48,0.816,-0.157,-0.422,0.042,-0.791,0.605,0.604,0.409,-0.849,0.853,0.528,0.771,-0.859,0.253,0.395,-0.74,0.821
ARLP,0.026,-0.506,0.056,-0.482,0.67,0.598,0.232,-0.164,0.707,-0.081,0.573,0.071,0.431,0.81,0.616,-0.689,0.0,0.929,0.743,0.789,0.589,0.748,0.871,0.556,-0.203,-0.396,0.713,0.751,-0.019,0.844,-0.478,0.634,-0.706,-0.281,-0.397,0.696,-0.598,-0.435,-0.001,0.29,0.641,0.799,-0.576,0.648,0.49,-0.691,0.757,-0.705,-0.271,-0.166,-0.023,0.547,0.298,0.582,-0.343,-0.435,0.717,0.514,-0.716,-0.801,-0.061,-0.577,0.568,-0.033,0.437,-0.313,-0.083,0.139,0.593,0.493,-0.415,0.789,-0.335,0.856,0.742,-0.709,0.351,0.582,0.401,-0.309,0.684,0.466,0.722,0.487,0.56,-0.648,0.611,-0.178,0.275,-0.144,-0.39,0.523,-0.091,-0.351,0.138,-0.36,0.744,-0.172,-0.537,-0.474,0.804,0.66,0.609,-0.331,-0.849,0.315,-0.632,0.704,-0.393,-0.871,0.494,-0.707,-0.719,0.542,0.829,-0.685,0.584,0.524,-0.251,-0.438,-0.453,0.678,0.912,0.901,0.334,0.65,0.611,-0.838,-0.764,0.785,0.452,0.547,0.864,0.263,0.135,-0.285,-0.367,0.58,-0.378,-0.033,0.353,-0.253,-0.341,0.542,-0.491,-0.242,0.217,0.321,0.129,0.669,0.864,0.621,0.48,0.265,0.05,-0.815,0.34,-0.06,0.504,0.919,0.663,-0.315,0.399,0.558,-0.327,0.72,-0.218,0.288,0.441,0.874,-0.672,-0.584,-0.577,0.721,-0.225,-0.484,-0.499,-0.502,0.639,0.88,-0.16,0.457,-0.21,-0.684,0.693,0.756,0.398,0.606,-0.614,-0.267,-0.646,0.598,-0.63,0.002,-0.488,0.611,-0.408,0.164,0.779,-0.741
ATEX,0.216,-0.597,0.144,-0.335,0.56,0.525,0.111,-0.073,0.787,0.121,0.495,0.208,0.399,0.837,0.665,-0.728,0.929,0.0,0.681,0.648,0.539,0.661,0.821,0.494,-0.41,-0.544,0.79,0.847,0.108,0.936,-0.314,0.666,-0.704,-0.479,-0.431,0.673,-0.436,-0.34,0.088,0.169,0.781,0.878,-0.643,0.659,0.523,-0.615,0.604,-0.613,-0.195,-0.353,0.131,0.686,0.214,0.492,-0.238,-0.51,0.575,0.355,-0.733,-0.865,-0.135,-0.595,0.659,0.166,0.655,-0.265,-0.023,0.276,0.713,0.634,-0.346,0.896,-0.38,0.832,0.806,-0.779,0.505,0.67,0.603,-0.16,0.755,0.526,0.735,0.665,0.584,-0.551,0.567,-0.233,0.052,-0.095,-0.44,0.67,0.034,-0.35,0.292,-0.492,0.826,0.001,-0.512,-0.574,0.787,0.577,0.511,-0.314,-0.83,0.485,-0.487,0.755,-0.577,-0.87,0.613,-0.672,-0.844,0.45,0.773,-0.716,0.719,0.579,-0.181,-0.481,-0.328,0.779,0.859,0.783,0.304,0.759,0.686,-0.851,-0.811,0.821,0.575,0.647,0.912,0.442,0.316,-0.351,-0.483,0.661,-0.267,-0.137,0.401,-0.121,-0.367,0.617,-0.297,-0.112,0.083,0.438,0.219,0.666,0.84,0.535,0.543,0.264,0.07,-0.805,0.422,-0.109,0.464,0.881,0.74,-0.374,0.519,0.694,-0.319,0.74,-0.126,0.291,0.433,0.909,-0.641,-0.561,-0.68,0.576,-0.38,-0.371,-0.432,-0.36,0.651,0.852,0.042,0.531,-0.106,-0.637,0.665,0.603,0.469,0.652,-0.527,-0.306,-0.515,0.677,-0.629,-0.164,-0.447,0.689,-0.254,0.174,0.839,-0.822
ATRA,-0.181,-0.178,-0.057,-0.4,0.834,0.706,0.43,-0.063,0.505,-0.315,0.442,-0.017,0.477,0.708,0.559,-0.309,0.743,0.681,0.0,0.834,0.343,0.85,0.72,0.761,-0.093,-0.021,0.357,0.358,-0.017,0.551,-0.527,0.678,-0.345,-0.006,-0.175,0.459,-0.568,-0.333,0.041,0.493,0.496,0.484,-0.162,0.338,0.244,-0.648,0.779,-0.405,-0.385,0.12,-0.426,0.215,0.167,0.185,-0.288,-0.045,0.607,0.703,-0.287,-0.498,0.144,-0.457,0.567,0.063,0.217,0.082,0.26,0.258,0.261,0.192,-0.191,0.547,0.011,0.701,0.376,-0.281,0.049,0.349,0.216,-0.137,0.344,0.493,0.574,0.226,0.597,-0.558,0.695,0.147,0.582,0.247,-0.43,0.271,-0.262,-0.033,-0.083,-0.386,0.364,-0.594,-0.216,-0.082,0.763,0.697,0.835,0.028,-0.659,0.223,-0.637,0.487,-0.079,-0.664,0.07,-0.572,-0.592,0.782,0.794,-0.645,0.186,0.627,-0.215,-0.333,-0.249,0.293,0.825,0.823,0.599,0.298,0.446,-0.683,-0.465,0.544,0.342,0.136,0.623,0.073,0.053,-0.184,0.088,0.124,-0.397,0.394,0.338,-0.441,0.061,0.226,-0.539,-0.444,0.651,0.423,-0.09,0.905,0.812,0.864,0.605,0.269,-0.126,-0.522,-0.101,0.103,0.347,0.707,0.25,-0.045,0.256,0.329,-0.564,0.687,-0.502,0.637,0.73,0.604,-0.34,-0.345,-0.162,0.565,0.281,-0.29,-0.485,-0.419,0.819,0.628,-0.191,0.329,-0.241,-0.438,0.689,0.815,0.588,0.117,-0.494,-0.183,-0.743,0.263,-0.372,0.464,-0.364,0.26,-0.575,0.318,0.447,-0.409
AUTL,-0.272,-0.237,-0.181,-0.491,0.831,0.66,0.484,-0.216,0.324,-0.417,0.405,-0.246,0.475,0.593,0.46,-0.373,0.789,0.648,0.834,0.0,0.467,0.858,0.768,0.587,0.192,0.01,0.29,0.324,-0.303,0.493,-0.637,0.51,-0.485,0.102,-0.211,0.599,-0.702,-0.399,-0.093,0.554,0.388,0.39,-0.23,0.297,0.359,-0.551,0.915,-0.589,-0.352,0.266,-0.485,0.138,0.268,0.386,-0.449,-0.057,0.841,0.694,-0.386,-0.418,0.143,-0.443,0.332,-0.274,0.013,-0.204,-0.053,-0.092,0.18,0.039,-0.33,0.385,-0.048,0.718,0.313,-0.348,-0.08,0.183,-0.022,-0.425,0.264,0.245,0.482,0.066,0.388,-0.665,0.582,0.097,0.674,0.013,-0.329,0.114,-0.379,-0.075,-0.236,-0.073,0.329,-0.621,-0.369,-0.205,0.591,0.643,0.804,-0.098,-0.637,-0.007,-0.685,0.429,-0.007,-0.603,0.028,-0.567,-0.405,0.793,0.782,-0.589,0.182,0.41,-0.41,-0.335,-0.401,0.236,0.802,0.915,0.445,0.231,0.287,-0.674,-0.434,0.479,0.198,0.057,0.538,-0.174,-0.156,-0.088,0.041,0.117,-0.441,0.287,0.11,-0.56,-0.142,0.143,-0.647,-0.378,0.571,0.211,-0.172,0.685,0.734,0.747,0.269,0.197,-0.179,-0.527,-0.014,-0.096,0.325,0.714,0.185,-0.202,0.102,0.138,-0.51,0.552,-0.431,0.485,0.432,0.521,-0.432,-0.507,-0.169,0.627,0.276,-0.502,-0.526,-0.675,0.55,0.577,-0.46,0.136,-0.408,-0.552,0.659,0.854,0.361,0.216,-0.56,-0.05,-0.757,0.207,-0.465,0.465,-0.494,0.265,-0.706,0.245,0.379,-0.321
AVDL,0.047,-0.428,-0.046,-0.694,0.249,0.118,0.367,-0.171,0.592,-0.029,0.62,0.045,-0.126,0.583,0.391,-0.585,0.589,0.539,0.343,0.467,0.0,0.345,0.653,0.227,0.025,-0.338,0.669,0.532,-0.232,0.58,-0.275,0.434,-0.642,-0.151,-0.28,0.095,-0.486,-0.451,-0.438,-0.189,0.257,0.583,-0.578,0.49,0.427,-0.444,0.59,-0.671,-0.102,0.172,0.225,0.419,0.36,0.859,-0.241,-0.558,0.418,0.081,-0.613,-0.544,-0.136,-0.251,0.14,-0.271,0.096,-0.451,-0.169,0.052,0.494,0.513,-0.726,0.49,-0.658,0.724,0.615,-0.611,0.427,0.105,0.276,-0.6,0.65,0.118,0.581,0.097,0.184,-0.492,0.542,-0.543,0.035,-0.449,-0.018,0.343,-0.162,-0.424,-0.137,-0.322,0.626,0.078,-0.597,-0.39,0.372,0.564,0.255,-0.598,-0.56,0.024,-0.424,0.529,-0.191,-0.621,0.596,-0.537,-0.299,0.064,0.627,-0.26,0.415,0.011,-0.081,-0.243,-0.55,0.583,0.611,0.514,0.047,0.305,0.236,-0.601,-0.74,0.662,0.217,0.512,0.685,0.093,0.149,-0.18,-0.434,0.656,-0.521,0.009,0.37,-0.029,-0.257,0.383,-0.278,-0.145,-0.087,0.006,0.306,0.444,0.514,0.36,0.264,0.002,0.048,-0.523,0.37,-0.147,0.43,0.76,0.587,-0.44,0.027,0.419,0.19,0.602,0.099,0.233,0.094,0.614,-0.741,-0.682,-0.508,0.551,-0.338,-0.532,-0.308,-0.55,0.193,0.619,-0.167,0.224,-0.364,-0.741,0.355,0.595,-0.036,0.766,-0.355,-0.171,-0.43,0.408,-0.765,-0.031,-0.248,0.555,-0.136,0.101,0.678,-0.57
BCRX,-0.01,-0.154,0.148,-0.246,0.873,0.779,0.422,0.056,0.466,-0.197,0.474,0.144,0.572,0.614,0.718,-0.254,0.748,0.661,0.85,0.858,0.345,0.0,0.624,0.69,0.017,0.014,0.391,0.341,0.053,0.56,-0.332,0.716,-0.231,-0.062,-0.05,0.482,-0.465,-0.142,0.182,0.654,0.501,0.483,-0.136,0.449,0.418,-0.506,0.748,-0.348,-0.173,0.117,-0.366,0.22,0.431,0.315,-0.143,0.058,0.622,0.66,-0.264,-0.45,0.287,-0.344,0.626,0.072,0.266,0.101,0.191,0.221,0.228,0.162,-0.11,0.499,0.134,0.685,0.447,-0.261,0.049,0.377,0.22,-0.073,0.366,0.549,0.654,0.288,0.632,-0.598,0.619,0.227,0.525,0.203,-0.237,0.251,-0.074,0.041,-0.036,-0.296,0.438,-0.491,-0.102,-0.131,0.745,0.709,0.805,0.161,-0.526,0.325,-0.473,0.547,-0.083,-0.545,0.016,-0.378,-0.477,0.784,0.812,-0.489,0.294,0.704,-0.094,-0.164,-0.107,0.334,0.768,0.837,0.6,0.356,0.546,-0.576,-0.377,0.63,0.271,0.241,0.629,0.152,0.118,0.009,0.107,0.2,-0.217,0.36,0.363,-0.317,0.091,0.354,-0.408,-0.278,0.623,0.454,-0.148,0.713,0.757,0.763,0.483,0.444,0.123,-0.511,0.132,0.165,0.507,0.702,0.309,-0.061,0.389,0.313,-0.38,0.578,-0.268,0.573,0.598,0.599,-0.224,-0.226,-0.089,0.62,0.289,-0.178,-0.268,-0.364,0.717,0.643,-0.103,0.449,-0.071,-0.336,0.743,0.764,0.569,0.188,-0.398,-0.005,-0.53,0.257,-0.298,0.507,-0.284,0.247,-0.442,0.309,0.462,-0.392
BHAT,-0.072,-0.635,-0.174,-0.563,0.596,0.41,0.264,-0.35,0.631,-0.137,0.466,-0.082,0.408,0.811,0.458,-0.734,0.871,0.821,0.72,0.768,0.653,0.624,0.0,0.378,-0.189,-0.447,0.636,0.65,-0.221,0.762,-0.617,0.446,-0.791,-0.266,-0.587,0.569,-0.714,-0.629,-0.156,0.094,0.588,0.709,-0.666,0.466,0.304,-0.723,0.757,-0.803,-0.412,-0.094,-0.044,0.499,0.112,0.525,-0.534,-0.569,0.698,0.325,-0.772,-0.777,-0.18,-0.69,0.373,-0.208,0.301,-0.444,-0.204,-0.008,0.6,0.47,-0.543,0.699,-0.528,0.782,0.621,-0.747,0.355,0.406,0.284,-0.528,0.634,0.222,0.651,0.357,0.307,-0.628,0.553,-0.387,0.28,-0.194,-0.48,0.483,-0.287,-0.449,0.074,-0.376,0.604,-0.229,-0.658,-0.549,0.607,0.5,0.509,-0.51,-0.856,0.091,-0.666,0.567,-0.406,-0.856,0.536,-0.831,-0.702,0.43,0.724,-0.721,0.467,0.293,-0.335,-0.571,-0.625,0.565,0.816,0.834,0.299,0.549,0.426,-0.876,-0.809,0.679,0.453,0.388,0.789,0.064,-0.0,-0.407,-0.431,0.519,-0.487,-0.095,0.194,-0.303,-0.433,0.372,-0.539,-0.212,0.1,0.155,0.217,0.697,0.755,0.532,0.445,-0.001,-0.177,-0.766,0.143,-0.229,0.257,0.893,0.559,-0.481,0.17,0.493,-0.388,0.66,-0.323,0.339,0.286,0.788,-0.713,-0.71,-0.646,0.521,-0.263,-0.666,-0.645,-0.698,0.599,0.735,-0.336,0.199,-0.48,-0.792,0.54,0.711,0.199,0.604,-0.665,-0.423,-0.752,0.598,-0.761,0.003,-0.617,0.64,-0.526,-0.025,0.697,-0.71
BLBD,-0.099,0.245,0.325,-0.257,0.729,0.827,0.616,0.385,0.399,-0.314,0.613,0.083,0.238,0.388,0.63,0.076,0.556,0.494,0.761,0.587,0.227,0.69,0.378,0.0,0.082,0.313,0.264,0.258,0.282,0.337,-0.238,0.73,-0.042,0.208,0.299,0.372,-0.202,0.062,-0.012,0.638,0.287,0.338,0.211,0.321,0.466,-0.417,0.568,-0.008,-0.03,0.135,-0.432,-0.039,0.43,0.226,0.23,0.298,0.426,0.824,0.028,-0.254,0.418,0.01,0.639,0.241,0.155,0.454,0.595,0.567,-0.034,0.091,0.131,0.375,0.353,0.594,0.292,0.006,-0.089,0.253,0.216,0.195,0.185,0.687,0.409,0.102,0.812,-0.255,0.809,0.477,0.541,0.425,-0.087,0.054,-0.015,0.277,-0.222,-0.246,0.333,-0.409,0.157,0.281,0.811,0.801,0.834,0.341,-0.381,0.425,-0.451,0.589,0.251,-0.367,-0.137,-0.127,-0.273,0.78,0.759,-0.209,0.144,0.744,-0.065,0.145,0.075,0.205,0.649,0.591,0.655,0.051,0.472,-0.313,-0.18,0.46,-0.026,0.185,0.479,0.254,0.139,0.259,0.377,0.026,-0.113,0.614,0.536,-0.233,0.41,0.238,-0.393,-0.62,0.761,0.474,-0.36,0.741,0.769,0.799,0.435,0.64,0.195,-0.233,0.014,0.482,0.608,0.468,0.212,0.403,0.493,0.174,-0.241,0.481,-0.259,0.52,0.937,0.467,-0.122,0.001,0.139,0.698,0.381,0.113,-0.081,0.01,0.582,0.596,0.088,0.492,0.221,-0.106,0.755,0.609,0.603,-0.033,-0.151,0.239,-0.468,-0.099,0.011,0.519,0.163,-0.023,-0.185,0.698,0.33,-0.204
BMRN,-0.445,0.539,-0.114,-0.182,0.15,0.1,0.512,0.143,-0.53,-0.508,0.105,-0.516,-0.199,-0.462,-0.174,0.531,-0.203,-0.41,-0.093,0.192,0.025,0.017,-0.189,0.082,0.0,0.684,-0.501,-0.444,-0.415,-0.55,-0.136,-0.208,0.258,0.799,0.511,-0.054,-0.021,0.204,-0.426,0.413,-0.504,-0.58,0.551,-0.403,0.083,0.255,0.262,0.174,0.11,0.63,-0.548,-0.714,0.34,0.145,0.091,0.568,0.346,0.293,0.422,0.593,0.424,0.523,-0.457,-0.452,-0.723,0.106,0.031,-0.288,-0.723,-0.683,0.097,-0.639,0.338,-0.134,-0.509,0.486,-0.594,-0.641,-0.645,-0.276,-0.507,-0.292,-0.413,-0.765,-0.166,0.041,0.119,0.388,0.593,0.082,0.53,-0.745,-0.208,0.477,-0.705,0.62,-0.433,-0.35,0.248,0.499,-0.289,0.103,0.229,0.233,0.346,-0.5,-0.099,-0.205,0.773,0.425,-0.581,0.367,0.722,0.243,0.003,0.513,-0.493,-0.261,-0.219,0.513,-0.017,-0.533,-0.172,-0.019,0.071,-0.667,-0.513,0.396,0.471,-0.389,-0.695,-0.508,-0.422,-0.567,-0.463,0.609,0.617,-0.503,-0.009,0.491,-0.271,-0.34,0.354,-0.435,-0.3,-0.299,0.42,-0.355,-0.6,-0.207,-0.14,0.084,-0.576,0.116,-0.032,0.497,-0.286,0.26,0.026,-0.258,-0.518,0.283,-0.305,-0.736,0.174,-0.373,-0.059,0.053,-0.052,-0.458,0.17,0.054,0.638,0.216,0.569,0.043,0.174,-0.19,-0.408,-0.306,-0.452,-0.325,-0.119,0.194,0.037,0.085,-0.187,-0.348,0.243,0.573,-0.029,-0.684,0.26,0.553,0.296,-0.53,-0.233,0.364,-0.491,0.647
BNGO,-0.428,0.834,-0.006,0.07,0.14,0.23,0.484,0.334,-0.61,-0.519,-0.032,-0.368,-0.156,-0.594,-0.104,0.811,-0.396,-0.544,-0.021,0.01,-0.338,0.014,-0.447,0.313,0.684,0.0,-0.706,-0.655,-0.092,-0.682,-0.012,-0.105,0.591,0.814,0.711,-0.213,0.208,0.411,-0.232,0.516,-0.566,-0.717,0.864,-0.503,0.006,0.307,0.06,0.555,0.103,0.56,-0.69,-0.87,0.27,-0.252,0.37,0.841,0.025,0.399,0.79,0.768,0.534,0.657,-0.246,-0.116,-0.643,0.539,0.352,0.002,-0.879,-0.738,0.397,-0.709,0.701,-0.343,-0.665,0.801,-0.77,-0.602,-0.56,0.181,-0.68,-0.105,-0.484,-0.733,0.028,0.237,0.11,0.726,0.62,0.424,0.361,-0.802,-0.159,0.725,-0.692,0.5,-0.629,-0.476,0.588,0.835,-0.183,0.083,0.306,0.67,0.497,-0.295,-0.006,-0.27,0.877,0.558,-0.86,0.592,0.715,0.338,-0.061,0.574,-0.684,0.029,-0.033,0.64,0.312,-0.714,-0.322,-0.203,0.242,-0.804,-0.435,0.554,0.725,-0.497,-0.735,-0.66,-0.561,-0.436,-0.322,0.704,0.903,-0.769,0.133,0.702,-0.069,-0.274,0.683,-0.549,-0.158,-0.455,0.641,-0.124,-0.753,-0.092,-0.178,0.15,-0.383,0.289,-0.014,0.693,-0.432,0.413,0.035,-0.499,-0.709,0.58,-0.168,-0.754,-0.003,-0.446,-0.194,0.192,0.284,-0.606,0.505,0.468,0.865,0.014,0.774,0.384,0.304,0.163,-0.249,-0.425,-0.165,-0.215,0.154,0.507,0.003,-0.014,0.02,-0.723,0.361,0.62,0.034,-0.83,0.576,0.69,0.522,-0.795,-0.113,0.506,-0.692,0.765
BUSE,0.504,-0.624,0.38,-0.252,0.264,0.253,-0.054,0.038,0.945,0.434,0.631,0.568,0.167,0.804,0.611,-0.716,0.713,0.79,0.357,0.29,0.669,0.391,0.636,0.264,-0.501,-0.706,0.0,0.874,0.293,0.887,0.026,0.612,-0.571,-0.634,-0.39,0.267,-0.222,-0.281,0.137,-0.161,0.686,0.965,-0.742,0.837,0.444,-0.488,0.285,-0.524,0.102,-0.412,0.593,0.817,0.3,0.678,-0.049,-0.677,0.187,0.012,-0.757,-0.889,-0.123,-0.421,0.636,0.277,0.725,-0.244,0.003,0.424,0.863,0.88,-0.37,0.915,-0.553,0.722,0.978,-0.811,0.835,0.728,0.759,-0.111,0.93,0.574,0.839,0.744,0.511,-0.348,0.473,-0.496,-0.363,-0.212,-0.13,0.839,0.336,-0.503,0.473,-0.636,0.954,0.395,-0.422,-0.592,0.651,0.508,0.117,-0.497,-0.619,0.594,-0.17,0.732,-0.647,-0.745,0.845,-0.513,-0.717,0.003,0.597,-0.457,0.84,0.416,0.164,-0.322,-0.233,0.929,0.685,0.5,0.164,0.834,0.758,-0.622,-0.865,0.902,0.618,0.922,0.924,0.69,0.554,-0.359,-0.679,0.951,-0.141,-0.284,0.571,0.337,-0.312,0.828,0.042,0.158,-0.242,0.425,0.522,0.467,0.642,0.307,0.644,0.218,0.365,-0.784,0.626,0.023,0.56,0.821,0.974,-0.364,0.55,0.867,0.199,0.716,0.279,0.14,0.233,0.918,-0.572,-0.407,-0.726,0.533,-0.622,-0.243,-0.132,-0.122,0.517,0.85,0.342,0.671,0.082,-0.558,0.491,0.404,0.261,0.885,-0.305,-0.341,-0.189,0.792,-0.609,-0.352,-0.215,0.82,0.2,-0.021,0.981,-0.914
CAKE,0.447,-0.595,0.289,-0.2,0.301,0.291,-0.036,0.003,0.848,0.407,0.563,0.398,0.219,0.773,0.603,-0.707,0.751,0.847,0.358,0.324,0.532,0.341,0.65,0.258,-0.444,-0.655,0.874,0.0,0.182,0.879,-0.053,0.565,-0.649,-0.573,-0.392,0.487,-0.16,-0.229,0.068,-0.106,0.772,0.891,-0.688,0.751,0.462,-0.444,0.351,-0.494,0.095,-0.482,0.498,0.749,0.253,0.574,-0.103,-0.644,0.335,0.046,-0.725,-0.835,-0.096,-0.418,0.575,0.304,0.728,-0.276,-0.08,0.329,0.793,0.803,-0.285,0.881,-0.529,0.667,0.879,-0.837,0.773,0.703,0.736,-0.107,0.864,0.496,0.661,0.703,0.488,-0.268,0.424,-0.383,-0.266,-0.112,-0.205,0.779,0.316,-0.382,0.425,-0.458,0.891,0.388,-0.437,-0.597,0.605,0.396,0.164,-0.45,-0.655,0.518,-0.219,0.75,-0.648,-0.779,0.806,-0.521,-0.735,0.084,0.557,-0.508,0.817,0.408,0.033,-0.351,-0.228,0.874,0.665,0.526,0.168,0.808,0.678,-0.644,-0.794,0.786,0.584,0.778,0.866,0.616,0.496,-0.334,-0.613,0.822,-0.047,-0.284,0.471,0.206,-0.354,0.76,0.001,0.155,-0.216,0.417,0.364,0.429,0.691,0.335,0.515,0.206,0.224,-0.701,0.525,0.004,0.473,0.758,0.886,-0.386,0.573,0.744,0.029,0.634,0.136,0.142,0.225,0.859,-0.582,-0.488,-0.709,0.475,-0.628,-0.241,-0.195,-0.169,0.491,0.774,0.262,0.627,0.039,-0.519,0.503,0.356,0.302,0.815,-0.258,-0.314,-0.226,0.737,-0.566,-0.434,-0.246,0.8,0.085,0.09,0.873,-0.834
CASY,0.548,0.186,0.691,0.468,-0.008,0.273,-0.129,0.59,0.322,0.51,0.206,0.665,0.083,0.041,0.326,0.125,-0.019,0.108,-0.017,-0.303,-0.232,0.053,-0.221,0.282,-0.415,-0.092,0.293,0.182,0.0,0.21,0.558,0.428,0.327,-0.276,0.331,0.012,0.528,0.475,0.531,0.127,0.3,0.285,0.123,0.292,0.292,0.15,-0.337,0.431,0.415,-0.43,0.343,0.208,0.281,-0.094,0.595,0.108,-0.428,0.058,0.15,-0.147,0.122,0.224,0.613,0.715,0.568,0.548,0.538,0.667,0.183,0.356,0.418,0.325,0.303,0.04,0.317,0.108,0.301,0.534,0.566,0.753,0.226,0.651,0.257,0.512,0.544,0.269,0.139,0.277,-0.394,0.334,0.188,0.374,0.649,0.201,0.472,-0.379,0.329,0.416,0.425,0.164,0.386,0.118,-0.067,0.348,0.14,0.776,0.426,0.304,-0.173,0.068,0.129,0.306,-0.175,-0.029,0.018,0.156,0.38,0.562,0.445,0.292,0.547,0.342,0.013,-0.107,0.229,0.332,0.502,0.173,0.052,0.288,0.179,0.491,0.215,0.742,0.614,0.129,0.041,0.246,0.439,0.082,0.541,0.542,0.326,0.51,0.475,0.145,-0.007,0.609,0.126,0.06,0.155,-0.022,0.41,0.528,0.555,-0.036,0.422,0.448,0.398,-0.013,0.34,0.353,0.683,0.433,0.279,0.107,0.403,0.045,0.382,0.267,0.311,0.515,0.044,0.114,-0.134,0.637,0.491,0.701,0.251,0.269,0.756,0.646,0.758,0.413,0.2,-0.207,0.374,0.021,0.359,0.169,0.448,0.155,0.343,-0.158,0.398,0.075,0.611,0.191,0.246,-0.196
CCOI,0.43,-0.692,0.219,-0.247,0.424,0.37,-0.033,-0.059,0.878,0.358,0.482,0.39,0.38,0.881,0.659,-0.804,0.844,0.936,0.551,0.493,0.58,0.56,0.762,0.337,-0.55,-0.682,0.887,0.879,0.21,0.0,-0.146,0.674,-0.67,-0.65,-0.496,0.51,-0.317,-0.331,0.183,-0.022,0.841,0.944,-0.767,0.731,0.49,-0.532,0.474,-0.608,-0.08,-0.454,0.385,0.838,0.224,0.529,-0.206,-0.655,0.378,0.134,-0.766,-0.902,-0.234,-0.584,0.668,0.281,0.762,-0.31,-0.092,0.285,0.859,0.803,-0.403,0.952,-0.518,0.784,0.892,-0.819,0.699,0.762,0.738,-0.124,0.875,0.535,0.817,0.77,0.51,-0.43,0.478,-0.401,-0.175,-0.209,-0.363,0.83,0.164,-0.442,0.454,-0.634,0.902,0.198,-0.523,-0.657,0.716,0.473,0.304,-0.394,-0.756,0.56,-0.296,0.707,-0.732,-0.871,0.773,-0.656,-0.861,0.244,0.648,-0.676,0.816,0.537,-0.007,-0.526,-0.258,0.887,0.782,0.676,0.229,0.87,0.721,-0.812,-0.864,0.884,0.693,0.772,0.947,0.572,0.489,-0.433,-0.624,0.817,-0.222,-0.233,0.483,0.076,-0.386,0.754,-0.063,0.112,-0.136,0.501,0.459,0.601,0.754,0.382,0.625,0.206,0.138,-0.826,0.553,-0.133,0.474,0.892,0.853,-0.504,0.542,0.844,-0.145,0.759,0.056,0.277,0.291,0.941,-0.614,-0.504,-0.76,0.455,-0.549,-0.326,-0.314,-0.307,0.656,0.833,0.187,0.606,-0.073,-0.618,0.518,0.52,0.389,0.783,-0.449,-0.387,-0.346,0.811,-0.667,-0.299,-0.458,0.82,-0.089,0.015,0.918,-0.907
CEVA,0.719,0.221,0.637,0.687,-0.387,-0.242,-0.304,0.665,0.02,0.712,-0.073,0.623,-0.25,-0.293,0.06,0.334,-0.478,-0.314,-0.527,-0.637,-0.275,-0.332,-0.617,-0.238,-0.136,-0.012,0.026,-0.053,0.558,-0.146,0.0,0.091,0.565,-0.245,0.45,-0.377,0.836,0.72,0.402,-0.094,0.089,-0.087,0.23,0.066,0.154,0.673,-0.619,0.648,0.74,-0.215,0.523,0.1,0.25,-0.131,0.689,0.223,-0.668,-0.407,0.41,0.235,0.218,0.567,0.14,0.679,0.384,0.402,0.303,0.414,-0.003,0.164,0.425,-0.063,0.223,-0.299,0.035,0.279,0.295,0.127,0.426,0.679,0.033,0.241,-0.078,0.273,0.073,0.574,-0.254,0.175,-0.628,0.153,0.617,0.16,0.746,0.33,0.379,-0.059,0.097,0.655,0.551,0.115,-0.197,-0.219,-0.434,0.329,0.643,0.506,0.879,-0.053,-0.133,0.468,0.039,0.704,0.224,-0.444,-0.345,0.519,0.235,0.129,0.639,0.466,0.778,0.094,-0.409,-0.57,-0.133,0.072,0.147,0.569,0.319,-0.031,0.048,0.265,-0.158,0.565,0.631,0.305,0.04,0.133,0.586,0.003,0.295,0.631,0.396,0.308,0.888,0.586,-0.292,0.371,0.134,-0.402,-0.35,-0.375,0.013,0.269,0.516,0.378,0.432,0.355,0.194,-0.377,0.1,0.171,0.388,0.126,0.637,-0.204,0.693,-0.104,-0.16,-0.181,0.522,0.603,0.246,-0.266,-0.172,0.772,0.841,0.736,-0.213,-0.264,0.794,0.4,0.682,0.592,-0.193,-0.543,0.051,-0.016,0.738,0.413,0.876,-0.078,0.425,-0.207,0.569,-0.058,0.812,0.112,-0.051,0.155
