,AAPL,ACRS,ADP,AFYA,AGNC,AGYS,ALT,AMGN,AMPH,AMZN,ANIP,AOSL,APDN,APLT,APVO,ARGX,ARLP,ATEX,ATRA,AUTL,AVDL,BCRX,BHAT,BLBD,BMRN,BNGO,BUSE,CAKE,CASY,CCOI,CEVA,CHY,CLDX,CLMT,COHU,COLM,COST,CPRT,CSWC,CSX,DBX,DCOM,DKNG,DMLP,DOX,EA,EDIT,ENPH,ENSG,ERNA,ESGR,ETNB,EXTR,FANG,FARO,FATE,FGEN,FIVE,FIVN,FLGT,FOLD,FORM,FOXA,FRPT,FSLR,FTAI,GBDC,GDYN,GGAL,GNLN,GRFS,GT,HCAT,HCM,HFWA,HOLX,HQY,HUBG,IAC,ICLR,IDCC,IEP,IHRT,ILMN,ILPT,IMAB,IMOS,INMD,INTZ,JAZZ,JKHY,JRVR,KIDS,LBRDK,LGND,LMAT,LPLA,LULU,MASI,MAT,MATW,MBIN,MBIO,MCRB,MDB,MDLZ,MELI,MIRM,MLKN,MNMD,MNRO,MPWR,MRCY,MRSN,MTVA,NAAS,NDAQ,NDSN,NEGG,NOVT,NVDA,NWE,NWSA,NXST,OCX,ODFL,OMAB,OPCH,OPRA,ORGO,OTRK,OZK,PAGP,PCH,PEGA,PENG,PENN,PFBC,PGNY,PHAT,PHUN,PINC,PLUG,PLXS,PYPL,QLYS,QNCX,QQQX,QVCGA,RAPT,RBBN,RCKT,REPL,RMBS,ROAD,ROKU,ROP,RUSHA,SANM,SATS,SBCF,SBLK,SBUX,SCHL,SCSC,SDGR,SEIC,SFIX,SGRY,SKYW,SLP,SNES,STAA,STLD,STOK,SWKS,TER,TFIN,TIGO,TILE,TPIC,TTEC,TTEK,TTGT,UXIN,VERU,VLYPP,VNOM,VRNS,VRSN,WDAY,WERN,WINA,WKHS,WRLD,XP,XTKG,YY,ZION,ZM
AAPL,0.0,0.751,0.742,0.318,0.409,0.561,0.601,0.871,0.846,0.9,0.7,0.908,0.67,0.771,0.365,0.805,0.505,0.669,-0.073,0.861,0.854,0.753,0.38,-0.107,0.415,-0.122,0.365,0.569,0.879,0.696,0.732,0.9,0.537,0.748,0.931,0.667,0.923,0.436,0.285,0.766,0.635,-0.506,0.821,0.745,0.909,0.867,0.843,0.865,0.58,-0.277,-0.212,-0.477,0.127,0.457,0.833,0.906,0.811,0.863,0.815,0.644,0.706,0.908,0.849,0.73,0.958,0.779,0.035,0.41,0.098,0.082,0.678,0.807,-0.271,0.562,-0.305,0.926,-0.111,0.874,0.902,0.932,0.796,0.461,0.274,0.859,0.745,0.298,0.893,0.779,-0.303,0.89,0.771,0.671,0.876,0.889,0.883,0.925,0.384,0.872,0.775,0.576,0.13,-0.057,0.876,0.673,0.883,0.816,0.945,0.833,-0.422,-0.022,0.667,0.937,0.866,0.849,0.173,-0.245,0.888,0.812,-0.301,0.662,0.936,0.71,0.434,0.386,0.178,0.396,0.772,0.798,0.034,0.219,0.844,0.677,0.756,0.499,0.822,0.328,0.714,0.163,0.512,0.614,-0.053,0.452,0.887,0.78,0.941,0.923,-0.027,0.927,0.858,-0.549,0.007,0.779,0.805,0.861,-0.193,0.804,0.738,0.574,0.348,-0.276,0.311,0.602,0.905,0.647,0.726,0.184,0.746,0.885,0.564,0.422,0.771,0.886,0.886,0.56,0.394,0.875,0.923,0.186,0.433,0.787,0.318,0.439,0.848,0.876,0.448,0.282,0.547,0.245,0.273,0.877,0.829,0.873,0.816,0.633,0.483,0.739,0.761,0.752,0.733,0.311
ACRS,0.751,0.0,0.616,0.298,0.284,0.527,0.425,0.58,0.626,0.579,0.664,0.661,0.329,0.679,0.118,0.521,0.529,0.311,-0.076,0.553,0.689,0.404,0.41,-0.113,0.129,-0.321,0.392,0.321,0.515,0.51,0.524,0.622,0.189,0.713,0.768,0.635,0.707,0.373,0.247,0.657,0.266,-0.392,0.466,0.662,0.638,0.651,0.518,0.654,0.335,-0.154,0.135,-0.466,-0.01,0.462,0.511,0.648,0.508,0.602,0.445,0.331,0.332,0.591,0.637,0.345,0.778,0.631,0.047,0.253,0.207,-0.031,0.391,0.737,-0.145,0.199,-0.05,0.652,-0.18,0.739,0.563,0.652,0.667,0.511,0.129,0.547,0.635,0.337,0.605,0.72,-0.16,0.779,0.661,0.509,0.59,0.597,0.596,0.663,0.419,0.522,0.539,0.503,0.074,-0.06,0.588,0.288,0.49,0.672,0.616,0.583,-0.302,-0.191,0.54,0.603,0.607,0.605,0.341,-0.115,0.655,0.518,-0.256,0.336,0.616,0.623,0.486,0.32,0.116,0.367,0.541,0.472,-0.075,0.111,0.548,0.44,0.51,0.196,0.494,0.47,0.49,0.282,0.179,0.653,-0.062,0.244,0.6,0.677,0.623,0.668,-0.257,0.679,0.647,-0.378,0.117,0.529,0.617,0.788,0.057,0.426,0.564,0.516,0.242,-0.136,0.377,0.638,0.608,0.54,0.612,-0.2,0.561,0.621,0.182,0.371,0.419,0.792,0.584,0.446,0.309,0.597,0.692,0.356,0.682,0.669,0.057,0.326,0.712,0.576,0.479,0.072,0.485,0.434,0.061,0.593,0.56,0.504,0.53,0.316,0.328,0.444,0.571,0.561,0.572,0.047
ADP,0.742,0.616,0.0,0.628,0.179,0.631,0.287,0.663,0.836,0.543,0.665,0.545,0.275,0.784,0.066,0.704,0.053,0.534,-0.213,0.638,0.676,0.414,0.173,-0.198,0.242,-0.29,0.656,0.369,0.567,0.74,0.705,0.683,0.287,0.498,0.707,0.879,0.733,0.408,0.209,0.823,0.29,-0.167,0.498,0.585,0.756,0.7,0.493,0.553,0.553,-0.161,0.33,-0.513,0.026,0.621,0.674,0.597,0.778,0.587,0.558,0.247,0.481,0.674,0.78,0.648,0.748,0.72,0.013,0.703,-0.134,-0.066,0.601,0.646,-0.175,0.27,0.112,0.747,-0.108,0.736,0.638,0.814,0.93,0.591,-0.079,0.682,0.787,0.276,0.636,0.639,-0.176,0.853,0.894,0.606,0.822,0.746,0.626,0.741,0.508,0.56,0.637,0.514,0.424,0.469,0.665,0.304,0.504,0.843,0.619,0.7,-0.276,0.27,0.709,0.678,0.812,0.627,0.456,-0.348,0.854,0.843,-0.048,0.604,0.687,0.849,0.57,0.348,0.577,0.512,0.619,0.455,0.019,0.141,0.586,0.578,0.397,0.277,0.59,0.452,0.366,0.486,0.441,0.688,-0.0,0.684,0.484,0.86,0.697,0.681,-0.126,0.839,0.76,-0.188,0.36,0.539,0.734,0.793,0.05,0.378,0.936,0.541,0.585,-0.012,0.555,0.544,0.694,0.805,0.831,0.15,0.883,0.511,0.291,0.373,0.543,0.569,0.748,0.785,0.548,0.723,0.767,0.525,0.583,0.77,0.432,0.783,0.786,0.646,0.453,0.319,0.419,0.425,0.131,0.761,0.564,0.703,0.45,0.211,0.323,0.414,0.403,0.619,0.778,-0.077
AFYA,0.318,0.298,0.628,0.0,0.151,0.627,0.308,0.199,0.379,0.046,0.594,0.112,-0.165,0.637,0.014,0.383,-0.127,0.157,-0.172,0.197,0.315,-0.099,-0.05,0.026,-0.284,-0.172,0.66,0.214,0.245,0.234,0.272,0.301,-0.023,0.201,0.364,0.744,0.307,0.527,0.337,0.644,-0.206,0.198,0.09,0.458,0.267,0.203,0.069,0.328,0.531,0.012,0.458,-0.356,0.126,0.566,0.367,0.145,0.307,0.285,0.078,-0.169,0.115,0.334,0.542,0.255,0.343,0.414,0.16,0.472,-0.119,0.003,0.246,0.472,-0.248,0.001,0.408,0.344,0.197,0.451,0.224,0.424,0.598,0.537,-0.039,0.186,0.633,-0.043,0.264,0.358,-0.099,0.509,0.6,0.297,0.498,0.227,0.199,0.319,0.561,0.14,0.155,0.317,0.518,0.584,0.122,-0.062,0.094,0.402,0.238,0.309,0.057,0.029,0.683,0.22,0.373,0.423,0.667,-0.144,0.428,0.525,-0.109,0.42,0.232,0.627,0.551,0.401,0.548,0.631,0.218,0.051,-0.181,0.161,0.133,0.424,-0.049,0.259,0.354,0.554,0.188,0.548,0.136,0.457,0.178,0.51,0.101,0.627,0.27,0.199,-0.165,0.466,0.412,0.021,0.304,0.197,0.421,0.508,0.251,-0.091,0.604,0.469,0.579,0.322,0.559,0.257,0.307,0.718,0.555,-0.036,0.621,0.163,0.021,0.414,0.061,0.14,0.221,0.632,0.3,0.461,0.444,0.537,0.542,0.583,0.571,0.724,0.461,0.313,0.174,0.316,0.194,0.45,0.015,0.288,0.281,0.395,0.06,-0.132,0.413,0.111,-0.006,0.239,0.625,-0.362
AGNC,0.409,0.284,0.179,0.151,0.0,0.453,0.376,0.214,0.116,0.318,0.357,0.544,0.304,0.202,0.641,0.284,0.661,0.208,0.62,0.323,0.691,0.35,0.295,0.695,-0.017,0.438,0.252,0.735,0.568,-0.101,-0.089,0.522,0.423,0.494,0.598,0.267,0.196,0.763,0.817,0.308,0.385,0.149,0.432,0.325,0.215,0.082,0.515,0.641,0.572,0.015,-0.392,0.397,0.68,-0.063,0.406,0.411,0.228,0.737,0.272,0.576,0.396,0.544,0.468,0.178,0.463,0.517,0.528,-0.244,0.292,0.815,0.294,0.528,-0.526,0.506,-0.045,0.323,0.702,0.257,0.433,0.353,0.366,0.56,0.691,0.295,0.457,-0.411,0.259,0.705,-0.027,0.22,0.074,0.183,0.156,0.305,0.318,0.321,0.462,0.536,0.017,0.614,0.09,0.104,0.389,0.614,0.538,-0.054,0.412,0.48,0.427,-0.498,0.278,0.467,0.434,0.518,0.062,0.584,0.206,0.311,-0.448,0.609,0.334,0.397,0.411,0.78,-0.341,0.43,0.61,0.471,0.503,0.714,0.276,0.544,0.532,0.78,0.732,0.239,0.734,0.352,0.678,0.03,0.546,-0.321,0.588,0.361,0.464,0.318,0.52,0.295,0.303,-0.117,0.408,0.602,0.404,0.522,-0.24,0.415,0.195,0.767,0.537,0.462,0.282,0.165,0.533,0.48,0.471,0.281,0.177,0.641,0.647,0.757,0.185,0.282,0.342,-0.112,0.167,0.579,0.449,0.212,0.246,0.284,0.415,0.221,0.373,0.41,0.567,0.672,0.443,-0.271,0.808,0.172,0.775,0.409,0.609,0.641,0.729,0.746,0.404,0.185,0.527,0.506
AGYS,0.561,0.527,0.631,0.627,0.453,0.0,0.503,0.378,0.537,0.319,0.794,0.476,0.096,0.792,0.217,0.515,0.247,0.393,0.092,0.471,0.607,0.231,0.149,0.277,-0.12,-0.162,0.788,0.631,0.605,0.194,0.424,0.664,0.175,0.592,0.688,0.761,0.441,0.721,0.506,0.738,0.161,0.091,0.405,0.771,0.464,0.358,0.406,0.711,0.588,0.012,0.218,-0.38,0.401,0.64,0.672,0.46,0.431,0.676,0.271,0.141,0.363,0.516,0.759,0.368,0.65,0.608,0.284,0.389,0.03,0.165,0.25,0.819,-0.328,0.244,0.388,0.594,0.292,0.657,0.474,0.623,0.633,0.648,0.341,0.374,0.776,-0.072,0.541,0.783,-0.067,0.689,0.604,0.589,0.596,0.373,0.497,0.59,0.65,0.451,0.182,0.592,0.504,0.429,0.362,0.223,0.393,0.404,0.486,0.548,0.05,-0.188,0.853,0.486,0.596,0.728,0.707,-0.014,0.529,0.594,-0.444,0.615,0.382,0.694,0.764,0.644,0.352,0.537,0.484,0.397,-0.005,0.46,0.408,0.753,0.39,0.576,0.625,0.698,0.635,0.707,0.282,0.567,0.124,0.346,0.42,0.859,0.584,0.498,0.019,0.643,0.716,-0.268,0.191,0.564,0.661,0.683,0.433,0.208,0.549,0.752,0.68,0.336,0.794,0.41,0.619,0.702,0.71,0.045,0.71,0.597,0.428,0.645,0.185,0.405,0.425,0.619,0.12,0.636,0.661,0.578,0.658,0.812,0.628,0.639,0.681,0.671,0.241,0.558,0.354,0.523,0.353,0.412,0.676,0.58,0.363,0.27,0.732,0.417,0.258,0.356,0.852,-0.159
ALT,0.601,0.425,0.287,0.308,0.376,0.503,0.0,0.421,0.348,0.511,0.547,0.588,0.32,0.571,0.368,0.443,0.428,0.353,0.095,0.462,0.465,0.368,0.264,0.123,0.065,0.03,0.179,0.474,0.606,0.128,0.357,0.551,0.184,0.445,0.627,0.409,0.524,0.52,0.368,0.494,0.349,-0.276,0.519,0.551,0.482,0.419,0.532,0.744,0.485,-0.198,-0.203,-0.282,0.329,0.237,0.545,0.541,0.358,0.643,0.405,0.403,0.448,0.617,0.638,0.382,0.578,0.404,0.191,0.058,0.399,0.061,0.256,0.596,-0.259,0.388,-0.221,0.525,0.163,0.616,0.576,0.532,0.328,0.405,0.463,0.407,0.461,0.021,0.664,0.613,-0.175,0.532,0.364,0.382,0.514,0.381,0.498,0.574,0.449,0.596,0.3,0.445,0.066,-0.074,0.44,0.466,0.578,0.337,0.639,0.413,-0.202,-0.246,0.553,0.576,0.5,0.637,0.14,0.0,0.441,0.388,-0.353,0.46,0.551,0.298,0.391,0.443,-0.076,0.474,0.426,0.511,0.053,0.155,0.451,0.514,0.476,0.522,0.597,0.393,0.695,0.071,0.188,0.258,-0.032,0.208,0.624,0.487,0.568,0.471,-0.022,0.533,0.518,-0.517,-0.234,0.453,0.461,0.593,0.114,0.516,0.277,0.442,0.253,-0.017,0.14,0.403,0.562,0.327,0.403,-0.045,0.397,0.614,0.415,0.456,0.308,0.555,0.397,0.293,0.215,0.634,0.587,0.09,0.343,0.495,0.346,0.284,0.502,0.607,0.236,0.225,0.406,0.137,0.208,0.381,0.589,0.565,0.558,0.411,0.579,0.55,0.435,0.457,0.397,0.145
AMGN,0.871,0.58,0.663,0.199,0.214,0.378,0.421,0.0,0.915,0.941,0.519,0.868,0.711,0.701,0.191,0.897,0.244,0.821,-0.303,0.947,0.721,0.884,0.36,-0.405,0.703,-0.314,0.259,0.449,0.821,0.847,0.886,0.859,0.704,0.615,0.756,0.477,0.908,0.15,-0.022,0.688,0.769,-0.703,0.92,0.644,0.966,0.956,0.865,0.649,0.379,-0.525,-0.298,-0.559,-0.11,0.536,0.831,0.933,0.921,0.722,0.948,0.7,0.86,0.806,0.726,0.874,0.888,0.748,-0.315,0.556,-0.045,-0.096,0.809,0.663,-0.246,0.634,-0.436,0.954,-0.359,0.805,0.936,0.915,0.719,0.245,0.015,0.968,0.591,0.563,0.89,0.595,-0.304,0.82,0.752,0.627,0.853,0.943,0.955,0.9,0.057,0.857,0.901,0.347,0.013,-0.119,0.848,0.608,0.851,0.85,0.913,0.826,-0.627,0.245,0.552,0.873,0.851,0.795,0.093,-0.423,0.928,0.872,-0.222,0.456,0.892,0.544,0.121,0.161,0.279,0.113,0.669,0.875,-0.131,0.058,0.95,0.644,0.801,0.344,0.665,-0.025,0.491,0.068,0.43,0.594,-0.301,0.575,0.843,0.659,0.911,0.955,-0.205,0.904,0.874,-0.555,-0.155,0.799,0.806,0.675,-0.221,0.865,0.751,0.374,0.098,-0.517,0.239,0.371,0.877,0.599,0.558,0.381,0.778,0.748,0.646,0.089,0.904,0.815,0.909,0.589,0.226,0.655,0.865,0.014,0.132,0.708,0.306,0.279,0.786,0.826,0.263,0.203,0.505,0.279,0.109,0.966,0.656,0.895,0.817,0.668,0.223,0.679,0.778,0.851,0.653,0.248
AMPH,0.846,0.626,0.836,0.379,0.116,0.537,0.348,0.915,0.0,0.807,0.653,0.74,0.535,0.817,0.102,0.871,0.097,0.783,-0.363,0.876,0.7,0.71,0.262,-0.4,0.531,-0.385,0.534,0.426,0.726,0.879,0.905,0.843,0.545,0.662,0.743,0.679,0.853,0.216,0.009,0.782,0.581,-0.506,0.766,0.703,0.933,0.919,0.709,0.601,0.444,-0.35,-0.017,-0.68,-0.163,0.69,0.813,0.826,0.895,0.658,0.817,0.47,0.711,0.739,0.753,0.804,0.875,0.76,-0.229,0.711,-0.177,-0.206,0.727,0.721,-0.194,0.45,-0.13,0.934,-0.362,0.831,0.823,0.928,0.828,0.326,-0.068,0.881,0.716,0.539,0.83,0.594,-0.226,0.899,0.878,0.747,0.907,0.885,0.886,0.891,0.233,0.721,0.839,0.416,0.272,0.129,0.781,0.445,0.707,0.932,0.811,0.828,-0.56,0.326,0.682,0.781,0.843,0.784,0.363,-0.51,0.957,0.911,-0.146,0.517,0.808,0.717,0.349,0.124,0.528,0.171,0.646,0.726,-0.13,0.072,0.86,0.686,0.635,0.286,0.602,0.218,0.424,0.302,0.368,0.711,-0.292,0.71,0.674,0.806,0.854,0.922,-0.251,0.931,0.923,-0.433,-0.038,0.691,0.804,0.714,-0.041,0.659,0.864,0.424,0.272,-0.423,0.474,0.479,0.823,0.704,0.722,0.295,0.898,0.673,0.483,0.158,0.797,0.758,0.881,0.789,0.298,0.646,0.843,0.276,0.336,0.841,0.371,0.49,0.817,0.807,0.245,0.264,0.446,0.466,0.059,0.947,0.599,0.845,0.647,0.46,0.271,0.492,0.653,0.757,0.768,0.057
AMZN,0.9,0.579,0.543,0.046,0.318,0.319,0.511,0.941,0.807,0.0,0.455,0.927,0.82,0.583,0.323,0.798,0.413,0.799,-0.18,0.938,0.735,0.933,0.442,-0.278,0.707,-0.122,0.114,0.465,0.867,0.74,0.771,0.875,0.723,0.656,0.79,0.368,0.884,0.163,0.069,0.55,0.823,-0.718,0.94,0.585,0.926,0.912,0.9,0.706,0.342,-0.441,-0.481,-0.412,0.017,0.338,0.8,0.931,0.85,0.769,0.958,0.825,0.841,0.851,0.682,0.825,0.878,0.684,-0.16,0.376,0.015,0.043,0.787,0.63,-0.253,0.677,-0.569,0.917,-0.273,0.753,0.955,0.873,0.628,0.201,0.184,0.944,0.544,0.43,0.891,0.615,-0.298,0.727,0.602,0.592,0.796,0.925,0.927,0.885,0.041,0.898,0.867,0.394,-0.068,-0.27,0.882,0.745,0.934,0.738,0.944,0.792,-0.562,0.162,0.442,0.927,0.812,0.772,-0.092,-0.281,0.84,0.766,-0.234,0.505,0.922,0.474,0.1,0.18,0.061,0.087,0.742,0.916,0.005,0.102,0.951,0.572,0.86,0.422,0.733,-0.031,0.589,-0.084,0.512,0.44,-0.199,0.422,0.916,0.567,0.913,0.939,-0.03,0.854,0.804,-0.603,-0.187,0.799,0.723,0.646,-0.336,0.956,0.605,0.371,0.07,-0.518,0.12,0.423,0.874,0.454,0.482,0.378,0.627,0.823,0.689,0.163,0.917,0.859,0.919,0.414,0.219,0.696,0.825,-0.101,0.077,0.615,0.194,0.166,0.692,0.844,0.32,0.188,0.512,0.087,0.241,0.903,0.724,0.867,0.892,0.783,0.272,0.77,0.849,0.792,0.563,0.458
ANIP,0.7,0.664,0.665,0.594,0.357,0.794,0.547,0.519,0.653,0.455,0.0,0.573,0.11,0.797,0.176,0.664,0.371,0.364,0.061,0.541,0.609,0.336,0.134,0.109,-0.011,-0.277,0.719,0.654,0.659,0.373,0.542,0.677,0.187,0.73,0.756,0.773,0.59,0.591,0.352,0.823,0.23,-0.042,0.432,0.801,0.581,0.514,0.56,0.758,0.683,-0.132,0.22,-0.564,0.113,0.641,0.729,0.605,0.508,0.689,0.355,0.172,0.44,0.564,0.792,0.372,0.737,0.682,0.126,0.446,0.058,0.008,0.26,0.831,-0.106,0.298,0.291,0.675,0.053,0.746,0.525,0.691,0.647,0.521,0.299,0.482,0.749,0.088,0.599,0.744,-0.053,0.807,0.714,0.655,0.716,0.448,0.639,0.687,0.621,0.549,0.29,0.586,0.517,0.298,0.458,0.297,0.504,0.582,0.602,0.601,-0.152,-0.183,0.862,0.549,0.608,0.715,0.638,-0.25,0.632,0.644,-0.466,0.566,0.512,0.673,0.746,0.441,0.361,0.504,0.494,0.429,0.015,0.412,0.504,0.788,0.426,0.474,0.59,0.681,0.667,0.656,0.178,0.713,-0.05,0.325,0.541,0.85,0.669,0.623,-0.163,0.711,0.718,-0.388,0.03,0.561,0.742,0.787,0.318,0.338,0.588,0.708,0.554,0.071,0.627,0.459,0.663,0.703,0.778,0.053,0.725,0.686,0.323,0.549,0.314,0.554,0.516,0.725,0.247,0.667,0.724,0.487,0.678,0.856,0.587,0.654,0.799,0.705,0.195,0.402,0.306,0.532,0.125,0.558,0.63,0.647,0.444,0.306,0.643,0.404,0.394,0.497,0.818,-0.147
AOSL,0.908,0.661,0.545,0.112,0.544,0.476,0.588,0.868,0.74,0.927,0.573,0.0,0.757,0.623,0.39,0.79,0.589,0.712,0.015,0.907,0.846,0.875,0.51,-0.058,0.557,-0.133,0.202,0.657,0.919,0.611,0.694,0.894,0.733,0.723,0.881,0.437,0.852,0.371,0.234,0.667,0.786,-0.609,0.924,0.712,0.879,0.823,0.939,0.854,0.439,-0.466,-0.428,-0.337,0.161,0.401,0.835,0.944,0.783,0.894,0.864,0.796,0.845,0.862,0.787,0.747,0.915,0.787,-0.073,0.281,0.198,0.263,0.668,0.748,-0.281,0.746,-0.454,0.897,-0.08,0.765,0.933,0.868,0.653,0.351,0.308,0.872,0.584,0.305,0.88,0.795,-0.211,0.747,0.59,0.551,0.744,0.858,0.916,0.848,0.218,0.93,0.735,0.461,-0.087,-0.237,0.844,0.726,0.914,0.64,0.944,0.775,-0.438,-0.086,0.544,0.928,0.84,0.835,0.038,-0.124,0.795,0.752,-0.44,0.545,0.862,0.505,0.259,0.405,-0.046,0.265,0.738,0.889,0.075,0.259,0.9,0.683,0.923,0.528,0.796,0.108,0.749,0.098,0.518,0.542,-0.074,0.259,0.957,0.647,0.951,0.91,0.0,0.835,0.792,-0.654,-0.101,0.895,0.783,0.781,-0.208,0.897,0.568,0.546,0.189,-0.291,0.217,0.381,0.935,0.561,0.554,0.281,0.624,0.921,0.725,0.352,0.793,0.824,0.846,0.382,0.171,0.759,0.887,-0.039,0.224,0.656,0.339,0.22,0.784,0.835,0.415,0.313,0.538,0.155,0.341,0.837,0.838,0.857,0.914,0.842,0.431,0.871,0.847,0.804,0.66,0.383
APDN,0.67,0.329,0.275,-0.165,0.304,0.096,0.32,0.711,0.535,0.82,0.11,0.757,0.0,0.275,0.388,0.476,0.418,0.647,-0.091,0.732,0.595,0.797,0.418,-0.153,0.627,0.065,-0.122,0.324,0.683,0.546,0.487,0.684,0.679,0.454,0.55,0.087,0.625,0.033,0.052,0.23,0.737,-0.643,0.775,0.39,0.681,0.677,0.707,0.497,0.137,-0.368,-0.601,-0.127,0.098,0.075,0.54,0.717,0.58,0.571,0.781,0.748,0.662,0.629,0.402,0.618,0.626,0.459,-0.084,0.087,-0.004,0.197,0.637,0.391,-0.259,0.54,-0.641,0.664,-0.182,0.45,0.757,0.611,0.395,0.047,0.179,0.723,0.294,0.317,0.673,0.4,-0.238,0.413,0.28,0.365,0.506,0.749,0.683,0.61,-0.128,0.67,0.715,0.217,-0.266,-0.407,0.711,0.649,0.762,0.465,0.717,0.588,-0.435,0.111,0.131,0.727,0.568,0.548,-0.292,-0.107,0.572,0.495,-0.116,0.341,0.689,0.272,-0.108,0.073,-0.133,-0.089,0.588,0.742,0.059,0.036,0.762,0.29,0.732,0.326,0.563,-0.212,0.452,-0.288,0.498,0.193,-0.098,0.192,0.727,0.304,0.68,0.733,0.126,0.579,0.519,-0.449,-0.179,0.653,0.432,0.371,-0.438,0.806,0.344,0.168,-0.078,-0.502,-0.077,0.243,0.64,0.199,0.194,0.308,0.305,0.665,0.584,0.104,0.785,0.656,0.726,0.049,0.035,0.472,0.546,-0.258,-0.1,0.322,-0.021,-0.086,0.395,0.591,0.256,0.116,0.389,-0.112,0.298,0.661,0.559,0.611,0.723,0.731,0.132,0.653,0.74,0.533,0.303,0.552
APLT,0.771,0.679,0.784,0.637,0.202,0.792,0.571,0.701,0.817,0.583,0.797,0.623,0.275,0.0,0.117,0.76,0.141,0.539,-0.283,0.675,0.657,0.421,0.18,-0.187,0.094,-0.401,0.664,0.467,0.675,0.569,0.742,0.751,0.241,0.602,0.772,0.855,0.764,0.526,0.244,0.891,0.292,-0.313,0.596,0.843,0.754,0.709,0.548,0.719,0.572,-0.224,0.175,-0.698,0.049,0.774,0.73,0.692,0.677,0.681,0.54,0.227,0.516,0.671,0.849,0.6,0.819,0.726,-0.041,0.606,-0.01,-0.171,0.485,0.855,-0.308,0.28,0.086,0.816,-0.125,0.89,0.683,0.837,0.763,0.545,0.095,0.639,0.783,0.295,0.77,0.702,-0.303,0.932,0.888,0.648,0.86,0.647,0.716,0.81,0.475,0.614,0.568,0.492,0.356,0.27,0.561,0.264,0.53,0.794,0.712,0.69,-0.365,0.001,0.901,0.661,0.743,0.85,0.645,-0.349,0.836,0.805,-0.307,0.547,0.646,0.736,0.585,0.414,0.461,0.487,0.51,0.545,-0.278,0.16,0.64,0.741,0.47,0.36,0.627,0.5,0.524,0.464,0.217,0.722,-0.129,0.681,0.57,0.901,0.744,0.738,-0.312,0.859,0.887,-0.483,0.041,0.589,0.822,0.78,0.221,0.421,0.775,0.585,0.423,-0.089,0.602,0.522,0.738,0.792,0.751,-0.003,0.898,0.638,0.388,0.389,0.46,0.683,0.639,0.807,0.287,0.701,0.831,0.45,0.619,0.925,0.536,0.597,0.854,0.754,0.238,0.279,0.467,0.608,0.041,0.723,0.641,0.755,0.484,0.261,0.527,0.436,0.431,0.64,0.832,-0.178
APVO,0.365,0.118,0.066,0.014,0.641,0.217,0.368,0.191,0.102,0.323,0.176,0.39,0.388,0.117,0.0,0.103,0.6,0.159,0.513,0.229,0.482,0.328,0.178,0.565,0.004,0.565,0.135,0.495,0.462,-0.12,-0.159,0.403,0.269,0.429,0.446,0.143,0.136,0.533,0.643,0.051,0.331,0.121,0.298,0.144,0.134,0.044,0.354,0.475,0.439,0.276,-0.482,0.371,0.568,-0.312,0.24,0.319,0.138,0.521,0.24,0.482,0.204,0.429,0.228,0.047,0.36,0.157,0.587,-0.244,0.057,0.454,0.25,0.419,-0.402,0.276,-0.073,0.239,0.508,0.225,0.327,0.244,0.238,0.363,0.739,0.206,0.378,-0.26,0.221,0.403,-0.019,0.109,-0.047,0.332,0.173,0.239,0.204,0.289,0.321,0.403,0.068,0.573,0.196,-0.099,0.355,0.645,0.514,0.006,0.319,0.372,0.4,-0.307,0.077,0.363,0.252,0.406,-0.19,0.364,0.134,0.124,-0.039,0.594,0.335,0.377,0.283,0.425,-0.278,0.126,0.557,0.405,0.468,0.515,0.184,0.332,0.344,0.65,0.623,0.184,0.577,0.017,0.564,-0.179,0.358,-0.214,0.473,0.201,0.323,0.276,0.635,0.178,0.231,-0.121,0.168,0.365,0.185,0.261,-0.404,0.396,0.153,0.451,0.3,0.132,0.124,0.347,0.35,0.232,0.341,0.147,-0.015,0.54,0.486,0.55,0.249,0.285,0.296,-0.174,0.191,0.418,0.227,0.182,0.087,0.228,0.087,0.02,0.14,0.367,0.323,0.523,0.514,-0.417,0.727,0.123,0.622,0.292,0.441,0.524,0.625,0.466,0.314,-0.055,0.314,0.685
ARGX,0.805,0.521,0.704,0.383,0.284,0.515,0.443,0.897,0.871,0.798,0.664,0.79,0.476,0.76,0.103,0.0,0.151,0.721,-0.256,0.869,0.686,0.746,0.253,-0.309,0.522,-0.367,0.409,0.564,0.802,0.739,0.857,0.811,0.631,0.559,0.737,0.591,0.851,0.288,0.053,0.822,0.657,-0.515,0.839,0.696,0.886,0.859,0.823,0.681,0.506,-0.551,-0.147,-0.59,-0.097,0.674,0.855,0.849,0.868,0.735,0.832,0.541,0.835,0.769,0.801,0.835,0.832,0.82,-0.307,0.614,0.016,-0.014,0.699,0.681,-0.241,0.645,-0.256,0.899,-0.242,0.788,0.864,0.896,0.722,0.328,0.005,0.876,0.613,0.416,0.838,0.636,-0.278,0.833,0.81,0.561,0.844,0.826,0.901,0.831,0.181,0.827,0.744,0.336,0.13,0.109,0.742,0.492,0.754,0.779,0.87,0.781,-0.538,0.12,0.725,0.804,0.816,0.801,0.317,-0.403,0.888,0.918,-0.409,0.479,0.789,0.556,0.271,0.296,0.34,0.295,0.571,0.763,-0.14,0.161,0.86,0.754,0.707,0.366,0.656,0.087,0.51,0.291,0.383,0.673,-0.234,0.597,0.77,0.728,0.889,0.855,-0.263,0.889,0.848,-0.546,-0.073,0.77,0.859,0.737,-0.043,0.74,0.753,0.482,0.261,-0.287,0.364,0.245,0.871,0.734,0.626,0.424,0.864,0.716,0.613,0.173,0.737,0.667,0.789,0.699,0.254,0.683,0.882,0.104,0.224,0.747,0.584,0.466,0.849,0.793,0.236,0.305,0.428,0.379,0.064,0.892,0.651,0.894,0.726,0.568,0.33,0.671,0.65,0.862,0.755,0.026
ARLP,0.505,0.529,0.053,-0.127,0.661,0.247,0.428,0.244,0.097,0.413,0.371,0.589,0.418,0.141,0.6,0.151,0.0,0.062,0.613,0.268,0.557,0.383,0.378,0.505,0.046,0.267,-0.003,0.546,0.519,-0.055,-0.033,0.419,0.239,0.589,0.602,0.146,0.303,0.472,0.51,0.202,0.368,-0.107,0.344,0.383,0.235,0.176,0.536,0.671,0.387,0.018,-0.34,0.2,0.47,-0.164,0.335,0.475,0.115,0.62,0.228,0.519,0.255,0.434,0.359,0.016,0.491,0.314,0.385,-0.336,0.419,0.48,0.084,0.503,-0.126,0.364,-0.173,0.296,0.341,0.332,0.356,0.259,0.226,0.353,0.7,0.255,0.316,-0.181,0.308,0.601,-0.017,0.262,0.019,0.25,0.156,0.254,0.344,0.346,0.352,0.486,0.076,0.536,-0.098,-0.349,0.415,0.536,0.529,0.058,0.435,0.335,0.16,-0.568,0.165,0.456,0.291,0.4,-0.19,0.384,0.145,0.076,-0.36,0.357,0.402,0.239,0.325,0.489,-0.436,0.228,0.51,0.42,0.382,0.461,0.267,0.339,0.555,0.536,0.554,0.287,0.723,0.052,0.345,0.152,0.297,-0.46,0.627,0.267,0.434,0.362,0.325,0.239,0.211,-0.289,0.035,0.485,0.304,0.48,-0.204,0.458,0.022,0.498,0.208,0.075,0.014,0.364,0.449,0.135,0.322,-0.08,-0.031,0.685,0.366,0.544,0.225,0.473,0.296,-0.186,0.097,0.493,0.364,0.038,0.319,0.245,-0.01,-0.018,0.359,0.396,0.384,0.24,0.387,-0.149,0.494,0.171,0.627,0.261,0.553,0.587,0.528,0.556,0.499,0.173,0.256,0.501
ATEX,0.669,0.311,0.534,0.157,0.208,0.393,0.353,0.821,0.783,0.799,0.364,0.712,0.647,0.539,0.159,0.721,0.062,0.0,-0.304,0.872,0.563,0.786,0.363,-0.294,0.699,-0.138,0.317,0.426,0.723,0.731,0.764,0.795,0.773,0.51,0.549,0.312,0.646,0.1,-0.001,0.48,0.748,-0.496,0.844,0.548,0.822,0.789,0.69,0.483,0.244,-0.368,-0.366,-0.405,0.006,0.488,0.776,0.733,0.793,0.586,0.871,0.657,0.803,0.66,0.564,0.87,0.706,0.592,-0.205,0.571,-0.259,0.008,0.764,0.535,-0.286,0.619,-0.286,0.83,-0.225,0.606,0.811,0.77,0.597,0.132,0.042,0.848,0.523,0.402,0.756,0.456,-0.204,0.587,0.505,0.633,0.702,0.813,0.83,0.763,0.02,0.686,0.763,0.286,0.137,-0.048,0.694,0.528,0.746,0.628,0.742,0.735,-0.469,0.42,0.428,0.753,0.741,0.693,0.081,-0.362,0.748,0.791,-0.135,0.488,0.697,0.467,0.068,0.076,0.359,-0.088,0.612,0.806,-0.065,0.142,0.866,0.6,0.709,0.44,0.588,-0.042,0.412,0.127,0.453,0.391,-0.261,0.551,0.653,0.56,0.766,0.818,-0.013,0.771,0.793,-0.352,-0.177,0.697,0.595,0.428,-0.106,0.732,0.603,0.325,0.165,-0.443,0.385,0.235,0.755,0.451,0.433,0.527,0.696,0.613,0.686,0.098,0.862,0.578,0.826,0.558,0.066,0.516,0.693,-0.018,-0.076,0.602,0.345,0.215,0.526,0.754,0.104,0.364,0.366,0.236,0.247,0.815,0.546,0.799,0.703,0.679,0.206,0.552,0.662,0.613,0.606,0.274
ATRA,-0.073,-0.076,-0.213,-0.172,0.62,0.092,0.095,-0.303,-0.363,-0.18,0.061,0.015,-0.091,-0.283,0.513,-0.256,0.613,-0.304,0.0,-0.237,0.148,-0.073,0.008,0.836,-0.241,0.579,0.041,0.471,0.058,-0.529,-0.507,-0.031,-0.097,0.173,0.141,-0.065,-0.302,0.5,0.591,-0.153,0.017,0.539,-0.151,-0.121,-0.303,-0.424,0.074,0.241,0.383,0.318,-0.125,0.609,0.646,-0.476,-0.039,-0.069,-0.238,0.268,-0.259,0.194,-0.112,0.014,-0.007,-0.362,-0.051,-0.068,0.597,-0.523,0.388,0.603,-0.302,0.083,-0.09,0.156,0.224,-0.237,0.74,-0.143,-0.15,-0.231,-0.109,0.303,0.726,-0.242,0.048,-0.601,-0.224,0.261,0.266,-0.234,-0.377,-0.018,-0.332,-0.259,-0.198,-0.122,0.411,0.076,-0.503,0.474,0.151,0.109,-0.028,0.317,0.074,-0.457,-0.131,-0.034,0.697,-0.501,-0.088,-0.046,-0.055,-0.037,-0.211,0.653,-0.342,-0.286,-0.193,0.287,-0.106,0.008,0.328,0.52,-0.376,0.214,0.228,0.003,0.7,0.62,-0.303,0.17,0.079,0.545,0.263,0.257,0.454,0.266,0.331,-0.267,0.536,-0.701,0.119,-0.039,-0.069,-0.202,0.621,-0.253,-0.227,0.232,0.299,0.088,-0.042,0.084,-0.094,-0.024,-0.265,0.43,0.398,0.586,0.01,0.088,0.005,-0.087,0.169,0.054,-0.351,0.214,0.221,0.57,-0.279,-0.155,-0.166,-0.41,0.141,0.162,-0.13,0.214,0.163,-0.148,0.071,0.048,-0.058,-0.023,0.218,0.411,0.139,-0.423,0.637,-0.362,0.301,-0.136,0.132,0.225,0.522,0.217,-0.037,-0.313,-0.007,0.395
AUTL,0.861,0.553,0.638,0.197,0.323,0.471,0.462,0.947,0.876,0.938,0.541,0.907,0.732,0.675,0.229,0.869,0.268,0.872,-0.237,0.0,0.755,0.909,0.443,-0.289,0.701,-0.231,0.308,0.535,0.879,0.776,0.847,0.92,0.787,0.673,0.775,0.459,0.85,0.213,0.055,0.675,0.783,-0.643,0.943,0.685,0.948,0.909,0.886,0.692,0.37,-0.497,-0.356,-0.499,-0.02,0.542,0.883,0.923,0.91,0.778,0.945,0.734,0.9,0.811,0.756,0.874,0.89,0.793,-0.208,0.53,-0.066,0.058,0.789,0.695,-0.273,0.704,-0.396,0.963,-0.263,0.776,0.956,0.922,0.707,0.238,0.087,0.954,0.617,0.47,0.902,0.656,-0.189,0.773,0.682,0.666,0.841,0.919,0.964,0.895,0.102,0.87,0.845,0.381,0.046,-0.107,0.854,0.649,0.876,0.759,0.914,0.83,-0.563,0.243,0.569,0.888,0.868,0.822,0.12,-0.359,0.894,0.876,-0.308,0.508,0.851,0.547,0.191,0.216,0.222,0.118,0.71,0.901,-0.03,0.152,0.973,0.688,0.867,0.437,0.708,0.021,0.577,0.13,0.497,0.569,-0.242,0.515,0.852,0.683,0.931,0.958,-0.096,0.906,0.885,-0.572,-0.168,0.857,0.804,0.681,-0.151,0.869,0.694,0.443,0.164,-0.442,0.316,0.341,0.912,0.599,0.542,0.437,0.759,0.804,0.728,0.177,0.901,0.769,0.921,0.576,0.149,0.661,0.872,0.008,0.129,0.721,0.391,0.289,0.753,0.873,0.261,0.319,0.473,0.254,0.215,0.94,0.705,0.926,0.837,0.77,0.292,0.742,0.796,0.831,0.711,0.283
AVDL,0.854,0.689,0.676,0.315,0.691,0.607,0.465,0.721,0.7,0.735,0.609,0.846,0.595,0.657,0.482,0.686,0.557,0.563,0.148,0.755,0.0,0.665,0.422,0.178,0.296,0.058,0.425,0.694,0.805,0.52,0.498,0.867,0.593,0.73,0.894,0.622,0.717,0.619,0.544,0.708,0.609,-0.312,0.754,0.683,0.749,0.665,0.782,0.83,0.644,-0.192,-0.245,-0.184,0.337,0.372,0.728,0.826,0.685,0.902,0.685,0.655,0.665,0.83,0.784,0.608,0.874,0.852,0.217,0.261,0.145,0.409,0.625,0.792,-0.495,0.581,-0.194,0.798,0.205,0.704,0.812,0.824,0.794,0.574,0.367,0.74,0.719,0.112,0.71,0.856,-0.188,0.738,0.638,0.53,0.668,0.786,0.753,0.773,0.449,0.791,0.583,0.635,0.083,0.052,0.797,0.659,0.801,0.609,0.796,0.85,-0.138,-0.192,0.573,0.826,0.831,0.818,0.233,0.037,0.757,0.754,-0.366,0.691,0.766,0.717,0.479,0.578,0.064,0.443,0.794,0.723,0.197,0.469,0.719,0.695,0.731,0.624,0.845,0.278,0.76,0.331,0.689,0.518,0.192,0.222,0.821,0.746,0.855,0.809,0.161,0.798,0.761,-0.359,0.267,0.844,0.752,0.834,-0.208,0.681,0.683,0.727,0.495,0.016,0.394,0.445,0.846,0.739,0.737,0.27,0.652,0.864,0.657,0.601,0.637,0.716,0.785,0.359,0.313,0.819,0.843,0.287,0.454,0.683,0.412,0.439,0.782,0.743,0.605,0.527,0.554,0.124,0.523,0.726,0.884,0.76,0.783,0.673,0.591,0.805,0.684,0.618,0.784,0.377
BCRX,0.753,0.404,0.414,-0.099,0.35,0.231,0.368,0.884,0.71,0.933,0.336,0.875,0.797,0.421,0.328,0.746,0.383,0.786,-0.073,0.909,0.665,0.0,0.446,-0.221,0.819,-0.08,0.044,0.513,0.832,0.649,0.703,0.814,0.816,0.586,0.675,0.199,0.741,0.088,0.013,0.431,0.894,-0.668,0.926,0.473,0.836,0.8,0.907,0.603,0.282,-0.513,-0.559,-0.27,0.04,0.266,0.772,0.887,0.822,0.719,0.934,0.865,0.899,0.729,0.57,0.787,0.775,0.643,-0.216,0.345,-0.007,0.13,0.734,0.522,-0.22,0.75,-0.572,0.834,-0.231,0.601,0.9,0.768,0.513,0.088,0.186,0.908,0.411,0.41,0.784,0.552,-0.144,0.573,0.452,0.528,0.666,0.846,0.889,0.785,-0.086,0.874,0.756,0.33,-0.108,-0.272,0.833,0.754,0.897,0.586,0.842,0.745,-0.492,0.214,0.319,0.839,0.751,0.681,-0.19,-0.22,0.725,0.698,-0.265,0.422,0.803,0.326,-0.004,0.169,-0.006,-0.06,0.699,0.913,0.111,0.188,0.912,0.559,0.904,0.439,0.664,-0.211,0.551,-0.057,0.552,0.349,-0.222,0.29,0.866,0.456,0.847,0.865,0.05,0.73,0.706,-0.539,-0.204,0.826,0.674,0.508,-0.331,0.943,0.501,0.335,0.029,-0.495,0.079,0.238,0.829,0.377,0.379,0.537,0.519,0.77,0.8,0.082,0.887,0.698,0.859,0.306,0.092,0.553,0.703,-0.175,-0.098,0.487,0.239,0.087,0.605,0.775,0.232,0.259,0.429,-0.007,0.299,0.827,0.664,0.808,0.87,0.861,0.203,0.769,0.789,0.748,0.505,0.5
BHAT,0.38,0.41,0.173,-0.05,0.295,0.149,0.264,0.36,0.262,0.442,0.134,0.51,0.418,0.18,0.178,0.253,0.378,0.363,0.008,0.443,0.422,0.446,0.0,0.018,0.327,-0.011,0.003,0.287,0.396,0.261,0.249,0.392,0.375,0.303,0.394,0.07,0.356,0.077,0.132,0.167,0.335,-0.34,0.441,0.269,0.373,0.365,0.442,0.356,0.053,-0.184,-0.281,-0.027,0.107,0.088,0.336,0.415,0.364,0.378,0.425,0.469,0.364,0.38,0.219,0.315,0.408,0.332,0.036,-0.01,0.12,0.232,0.352,0.293,-0.159,0.324,-0.325,0.388,-0.04,0.328,0.442,0.347,0.258,0.138,0.137,0.414,0.23,0.188,0.349,0.378,-0.097,0.244,0.155,0.189,0.236,0.394,0.383,0.351,-0.002,0.394,0.379,0.152,-0.176,-0.192,0.423,0.383,0.428,0.205,0.415,0.317,-0.163,0.009,0.103,0.454,0.339,0.312,-0.141,0.152,0.273,0.29,-0.297,0.249,0.39,0.189,0.002,0.122,-0.106,0.046,0.388,0.461,0.046,0.063,0.402,0.152,0.461,0.245,0.343,-0.093,0.344,-0.062,0.258,0.149,-0.051,0.018,0.474,0.203,0.393,0.389,0.117,0.337,0.307,-0.251,-0.022,0.398,0.269,0.301,-0.137,0.437,0.15,0.216,-0.017,-0.174,0.053,0.247,0.392,0.166,0.088,0.104,0.164,0.407,0.327,0.17,0.411,0.426,0.39,0.067,0.143,0.31,0.339,-0.111,0.069,0.193,0.061,-0.047,0.267,0.349,0.269,0.149,0.249,-0.029,0.221,0.337,0.347,0.342,0.464,0.477,0.108,0.425,0.464,0.404,0.209,0.33
BLBD,-0.107,-0.113,-0.198,0.026,0.695,0.277,0.123,-0.405,-0.4,-0.278,0.109,-0.058,-0.153,-0.187,0.565,-0.309,0.505,-0.294,0.836,-0.289,0.178,-0.221,0.018,0.0,-0.454,0.66,0.186,0.484,0.071,-0.625,-0.602,-0.006,-0.115,0.143,0.12,0.014,-0.392,0.633,0.79,-0.132,-0.113,0.676,-0.198,-0.028,-0.384,-0.519,-0.056,0.243,0.421,0.486,-0.114,0.635,0.781,-0.391,-0.055,-0.177,-0.357,0.259,-0.356,0.055,-0.21,-0.007,0.001,-0.392,-0.09,-0.037,0.773,-0.497,0.227,0.702,-0.294,0.14,-0.268,0.046,0.341,-0.259,0.908,-0.185,-0.196,-0.219,-0.096,0.364,0.76,-0.338,0.136,-0.752,-0.289,0.282,0.159,-0.249,-0.36,-0.033,-0.313,-0.331,-0.264,-0.183,0.468,-0.046,-0.582,0.448,0.258,0.231,-0.137,0.24,0.009,-0.527,-0.182,-0.035,0.815,-0.556,-0.006,-0.079,-0.114,0.028,0.011,0.704,-0.385,-0.254,-0.236,0.396,-0.21,0.112,0.443,0.588,-0.324,0.293,0.197,-0.105,0.6,0.698,-0.348,0.178,-0.036,0.608,0.301,0.374,0.476,0.346,0.352,-0.304,0.643,-0.608,0.016,0.026,-0.106,-0.256,0.738,-0.255,-0.193,0.295,0.41,0.053,-0.108,0.034,-0.012,-0.165,-0.255,0.494,0.549,0.723,0.181,0.042,-0.056,0.033,0.173,0.053,-0.293,0.187,0.211,0.698,-0.364,-0.233,-0.229,-0.363,0.051,0.185,-0.124,0.277,0.198,-0.072,0.232,0.125,-0.119,-0.03,0.25,0.571,0.092,-0.385,0.735,-0.432,0.341,-0.159,0.019,0.158,0.648,0.179,-0.123,-0.445,0.126,0.334
BMRN,0.415,0.129,0.242,-0.284,-0.017,-0.12,0.065,0.703,0.531,0.707,-0.011,0.557,0.627,0.094,0.004,0.522,0.046,0.699,-0.241,0.701,0.296,0.819,0.327,-0.454,0.0,-0.165,-0.172,0.161,0.488,0.669,0.638,0.471,0.746,0.23,0.257,-0.124,0.486,-0.357,-0.369,0.143,0.815,-0.655,0.695,0.135,0.645,0.651,0.639,0.175,-0.07,-0.561,-0.415,-0.2,-0.21,0.158,0.534,0.602,0.68,0.293,0.79,0.683,0.754,0.38,0.243,0.706,0.43,0.345,-0.469,0.394,-0.123,-0.088,0.617,0.088,0.043,0.621,-0.586,0.562,-0.418,0.27,0.638,0.477,0.29,-0.181,-0.184,0.74,0.061,0.58,0.533,0.171,-0.031,0.28,0.229,0.304,0.405,0.662,0.663,0.485,-0.374,0.558,0.669,-0.013,-0.22,-0.309,0.611,0.484,0.615,0.451,0.532,0.472,-0.588,0.532,-0.034,0.557,0.532,0.29,-0.402,-0.376,0.506,0.472,-0.008,0.061,0.56,0.021,-0.313,-0.193,0.083,-0.338,0.401,0.642,0.075,-0.065,0.735,0.204,0.673,0.087,0.24,-0.471,0.146,-0.238,0.303,0.214,-0.437,0.276,0.544,0.13,0.552,0.61,-0.034,0.457,0.418,-0.275,-0.302,0.563,0.342,0.15,-0.273,0.73,0.353,-0.085,-0.191,-0.626,-0.139,-0.018,0.505,0.073,0.083,0.611,0.309,0.366,0.558,-0.326,0.816,0.389,0.655,0.202,-0.006,0.195,0.383,-0.37,-0.413,0.142,0.014,-0.06,0.3,0.448,0.034,0.031,0.227,-0.034,0.051,0.671,0.234,0.52,0.589,0.642,-0.255,0.44,0.624,0.606,0.156,0.349
BNGO,-0.122,-0.321,-0.29,-0.172,0.438,-0.162,0.03,-0.314,-0.385,-0.122,-0.277,-0.133,0.065,-0.401,0.565,-0.367,0.267,-0.138,0.579,-0.231,0.058,-0.08,-0.011,0.66,-0.165,0.0,-0.165,0.136,-0.029,-0.451,-0.593,-0.063,-0.008,-0.056,-0.053,-0.213,-0.364,0.304,0.576,-0.426,0.0,0.463,-0.131,-0.376,-0.323,-0.413,-0.109,-0.012,0.253,0.554,-0.4,0.707,0.616,-0.69,-0.186,-0.201,-0.26,0.074,-0.135,0.248,-0.194,0.06,-0.215,-0.225,-0.197,-0.233,0.712,-0.473,0.035,0.514,-0.063,-0.157,-0.355,0.034,-0.054,-0.269,0.693,-0.293,-0.116,-0.242,-0.157,0.056,0.601,-0.218,-0.024,-0.61,-0.274,-0.079,-0.014,-0.412,-0.475,-0.068,-0.3,-0.181,-0.289,-0.156,0.17,-0.04,-0.324,0.307,0.138,0.068,0.02,0.4,0.117,-0.442,-0.149,-0.026,0.661,-0.155,-0.356,-0.037,-0.134,-0.127,-0.43,0.602,-0.346,-0.267,0.155,0.38,-0.053,-0.022,0.076,0.252,-0.351,0.031,0.228,-0.014,0.623,0.409,-0.284,-0.109,-0.093,0.469,0.255,-0.015,0.24,-0.138,0.521,-0.645,0.529,-0.426,0.005,-0.261,-0.175,-0.245,0.828,-0.277,-0.28,0.366,0.303,-0.123,-0.308,-0.206,-0.476,0.022,-0.249,0.16,0.281,0.349,-0.194,0.099,-0.148,-0.211,-0.021,0.255,-0.407,0.034,0.204,0.416,-0.088,-0.187,-0.092,-0.477,0.201,0.126,-0.243,0.031,-0.173,-0.3,-0.064,-0.062,-0.386,-0.08,0.19,0.36,0.048,-0.754,0.66,-0.334,0.17,-0.142,0.072,0.144,0.338,0.141,-0.056,-0.469,-0.156,0.682
BUSE,0.365,0.392,0.656,0.66,0.252,0.788,0.179,0.259,0.534,0.114,0.719,0.202,-0.122,0.664,0.135,0.409,-0.003,0.317,0.041,0.308,0.425,0.044,0.003,0.186,-0.172,-0.165,0.0,0.499,0.342,0.257,0.34,0.496,0.023,0.551,0.466,0.759,0.23,0.587,0.409,0.612,-0.028,0.329,0.161,0.563,0.321,0.252,0.163,0.398,0.551,0.197,0.399,-0.393,0.166,0.589,0.493,0.268,0.36,0.421,0.113,-0.069,0.15,0.309,0.513,0.197,0.476,0.498,0.282,0.487,-0.218,-0.039,0.202,0.689,-0.216,0.013,0.657,0.44,0.176,0.541,0.235,0.471,0.609,0.564,0.196,0.242,0.761,-0.013,0.283,0.514,0.051,0.576,0.576,0.678,0.486,0.254,0.334,0.465,0.64,0.203,0.117,0.577,0.753,0.635,0.204,0.051,0.174,0.416,0.23,0.477,0.167,0.025,0.718,0.244,0.427,0.53,0.769,-0.137,0.456,0.532,-0.19,0.562,0.203,0.759,0.76,0.371,0.605,0.317,0.412,0.21,0.059,0.425,0.22,0.681,0.126,0.433,0.41,0.668,0.379,0.844,0.203,0.494,0.09,0.392,0.154,0.765,0.355,0.376,-0.004,0.502,0.61,0.031,0.287,0.307,0.544,0.504,0.383,-0.025,0.585,0.661,0.655,0.265,0.886,0.42,0.394,0.691,0.739,0.066,0.659,0.362,0.195,0.542,0.108,0.236,0.325,0.707,0.267,0.406,0.444,0.783,0.651,0.767,0.563,0.659,0.525,0.497,0.133,0.575,0.322,0.505,0.239,0.316,0.409,0.42,0.139,0.044,0.599,0.098,0.104,0.145,0.787,-0.234
CAKE,0.569,0.321,0.369,0.214,0.735,0.631,0.474,0.449,0.426,0.465,0.654,0.657,0.324,0.467,0.495,0.564,0.546,0.426,0.471,0.535,0.694,0.513,0.287,0.484,0.161,0.136,0.499,0.0,0.74,0.133,0.298,0.689,0.492,0.635,0.683,0.429,0.377,0.671,0.548,0.568,0.554,0.037,0.578,0.617,0.45,0.322,0.689,0.781,0.696,-0.145,-0.268,-0.064,0.483,0.311,0.69,0.619,0.424,0.81,0.426,0.506,0.587,0.561,0.635,0.384,0.631,0.644,0.256,0.097,0.219,0.476,0.232,0.698,-0.298,0.612,0.079,0.555,0.418,0.51,0.555,0.543,0.445,0.489,0.623,0.456,0.529,-0.149,0.518,0.739,0.022,0.486,0.346,0.495,0.411,0.402,0.598,0.562,0.489,0.668,0.144,0.6,0.311,0.172,0.499,0.58,0.641,0.215,0.578,0.579,0.103,-0.313,0.586,0.587,0.578,0.693,0.264,0.154,0.415,0.525,-0.585,0.673,0.44,0.456,0.547,0.636,0.012,0.343,0.568,0.59,0.339,0.706,0.475,0.823,0.626,0.777,0.731,0.315,0.847,0.554,0.505,0.362,0.164,-0.031,0.663,0.611,0.679,0.552,0.313,0.518,0.575,-0.326,0.095,0.714,0.647,0.608,0.063,0.512,0.33,0.763,0.534,0.222,0.459,0.203,0.704,0.557,0.612,0.373,0.463,0.79,0.713,0.633,0.345,0.369,0.454,0.308,0.154,0.637,0.606,0.231,0.306,0.564,0.667,0.376,0.631,0.637,0.281,0.705,0.39,0.117,0.583,0.411,0.78,0.61,0.611,0.668,0.756,0.677,0.483,0.385,0.693,0.257
CASY,0.879,0.515,0.567,0.245,0.568,0.605,0.606,0.821,0.726,0.867,0.659,0.919,0.683,0.675,0.462,0.802,0.519,0.723,0.058,0.879,0.805,0.832,0.396,0.071,0.488,-0.029,0.342,0.74,0.0,0.519,0.653,0.917,0.695,0.714,0.872,0.507,0.78,0.477,0.334,0.68,0.742,-0.433,0.889,0.743,0.822,0.734,0.917,0.875,0.572,-0.347,-0.405,-0.326,0.279,0.409,0.915,0.891,0.771,0.908,0.818,0.732,0.846,0.845,0.825,0.74,0.891,0.751,0.049,0.368,0.029,0.262,0.642,0.783,-0.317,0.72,-0.314,0.893,0.057,0.757,0.911,0.873,0.66,0.377,0.405,0.835,0.676,0.153,0.844,0.787,-0.258,0.743,0.589,0.626,0.802,0.791,0.898,0.862,0.285,0.913,0.618,0.549,0.156,-0.059,0.796,0.736,0.919,0.587,0.911,0.785,-0.305,-0.06,0.648,0.904,0.827,0.877,0.128,-0.132,0.767,0.783,-0.467,0.676,0.818,0.574,0.379,0.488,0.05,0.306,0.763,0.858,0.123,0.425,0.859,0.774,0.866,0.668,0.871,0.199,0.804,0.209,0.567,0.501,-0.018,0.318,0.915,0.719,0.941,0.869,0.136,0.843,0.823,-0.605,-0.063,0.876,0.809,0.731,-0.147,0.847,0.593,0.621,0.372,-0.199,0.322,0.368,0.925,0.616,0.623,0.399,0.679,0.926,0.807,0.432,0.743,0.723,0.826,0.475,0.178,0.81,0.871,0.053,0.22,0.737,0.512,0.366,0.775,0.908,0.307,0.472,0.497,0.131,0.431,0.796,0.881,0.906,0.854,0.828,0.586,0.834,0.737,0.711,0.775,0.374
CCOI,0.696,0.51,0.74,0.234,-0.101,0.194,0.128,0.847,0.879,0.74,0.373,0.611,0.546,0.569,-0.12,0.739,-0.055,0.731,-0.529,0.776,0.52,0.649,0.261,-0.625,0.669,-0.451,0.257,0.133,0.519,0.0,0.87,0.631,0.556,0.416,0.515,0.455,0.79,-0.121,-0.253,0.589,0.55,-0.622,0.66,0.474,0.865,0.903,0.582,0.335,0.158,-0.459,0.001,-0.613,-0.383,0.568,0.621,0.694,0.823,0.397,0.793,0.428,0.643,0.588,0.536,0.796,0.686,0.626,-0.425,0.717,-0.228,-0.269,0.741,0.413,-0.052,0.395,-0.3,0.782,-0.557,0.624,0.714,0.772,0.723,0.103,-0.363,0.835,0.465,0.677,0.694,0.344,-0.228,0.719,0.748,0.515,0.758,0.859,0.763,0.714,-0.028,0.561,0.906,0.141,0.037,-0.012,0.692,0.295,0.574,0.899,0.677,0.655,-0.701,0.49,0.391,0.676,0.72,0.513,0.113,-0.619,0.859,0.795,0.033,0.266,0.726,0.513,0.038,-0.143,0.49,0.02,0.47,0.58,-0.204,-0.172,0.795,0.37,0.523,0.002,0.358,-0.048,0.127,0.053,0.276,0.641,-0.383,0.683,0.532,0.56,0.694,0.798,-0.356,0.791,0.702,-0.304,-0.066,0.54,0.606,0.537,-0.151,0.595,0.772,0.127,0.04,-0.571,0.224,0.305,0.645,0.516,0.473,0.295,0.737,0.441,0.286,-0.124,0.826,0.634,0.811,0.644,0.274,0.457,0.686,0.04,0.125,0.563,0.13,0.328,0.63,0.563,0.217,0.015,0.331,0.383,-0.149,0.901,0.332,0.681,0.521,0.357,-0.124,0.371,0.618,0.747,0.491,0.032
CEVA,0.732,0.524,0.705,0.272,-0.089,0.424,0.357,0.886,0.905,0.771,0.542,0.694,0.487,0.742,-0.159,0.857,-0.033,0.764,-0.507,0.847,0.498,0.703,0.249,-0.602,0.638,-0.593,0.34,0.298,0.653,0.87,0.0,0.706,0.541,0.453,0.588,0.508,0.843,-0.022,-0.286,0.733,0.6,-0.674,0.761,0.662,0.913,0.92,0.687,0.506,0.232,-0.587,0.012,-0.783,-0.308,0.763,0.779,0.782,0.86,0.517,0.803,0.399,0.757,0.604,0.7,0.847,0.755,0.673,-0.518,0.75,-0.078,-0.329,0.634,0.552,-0.0,0.493,-0.271,0.869,-0.55,0.758,0.779,0.837,0.65,0.145,-0.265,0.846,0.484,0.658,0.842,0.476,-0.212,0.823,0.813,0.574,0.848,0.806,0.869,0.798,0.034,0.682,0.826,0.142,0.064,-0.002,0.677,0.29,0.61,0.876,0.772,0.657,-0.782,0.393,0.633,0.716,0.769,0.658,0.279,-0.634,0.884,0.829,-0.208,0.258,0.73,0.441,0.151,0.02,0.479,0.102,0.422,0.662,-0.315,-0.122,0.858,0.569,0.64,0.087,0.404,0.05,0.294,0.162,0.138,0.739,-0.501,0.743,0.606,0.67,0.796,0.836,-0.462,0.856,0.823,-0.551,-0.259,0.643,0.754,0.597,0.112,0.642,0.724,0.205,0.059,-0.516,0.309,0.272,0.748,0.536,0.489,0.253,0.843,0.549,0.427,-0.096,0.757,0.659,0.77,0.775,0.141,0.501,0.779,0.029,0.17,0.701,0.357,0.376,0.77,0.716,0.078,0.021,0.303,0.571,-0.2,0.912,0.416,0.782,0.564,0.413,0.037,0.434,0.589,0.859,0.588,-0.143
CHY,0.9,0.622,0.683,0.301,0.522,0.664,0.551,0.859,0.843,0.875,0.677,0.894,0.684,0.751,0.403,0.811,0.419,0.795,-0.031,0.92,0.867,0.814,0.392,-0.006,0.471,-0.063,0.496,0.689,0.917,0.631,0.706,0.0,0.651,0.827,0.898,0.621,0.789,0.499,0.373,0.705,0.692,-0.42,0.881,0.761,0.877,0.81,0.846,0.812,0.571,-0.256,-0.317,-0.415,0.221,0.484,0.882,0.897,0.818,0.902,0.831,0.719,0.79,0.862,0.816,0.742,0.945,0.828,0.106,0.424,-0.048,0.191,0.734,0.858,-0.42,0.607,-0.204,0.945,-0.01,0.828,0.917,0.923,0.767,0.447,0.351,0.871,0.799,0.222,0.856,0.809,-0.189,0.811,0.686,0.762,0.832,0.859,0.91,0.93,0.338,0.859,0.706,0.638,0.233,0.05,0.832,0.699,0.881,0.7,0.888,0.895,-0.308,0.061,0.678,0.889,0.871,0.919,0.261,-0.164,0.859,0.857,-0.347,0.712,0.82,0.716,0.443,0.417,0.207,0.248,0.843,0.884,0.108,0.373,0.885,0.814,0.817,0.647,0.86,0.265,0.745,0.326,0.622,0.524,-0.014,0.418,0.86,0.816,0.925,0.941,0.069,0.915,0.928,-0.492,0.007,0.859,0.844,0.766,-0.122,0.797,0.699,0.676,0.41,-0.218,0.496,0.496,0.924,0.688,0.713,0.373,0.771,0.901,0.761,0.478,0.776,0.8,0.904,0.553,0.243,0.782,0.884,0.256,0.354,0.832,0.449,0.412,0.784,0.939,0.369,0.501,0.57,0.213,0.441,0.843,0.863,0.915,0.844,0.753,0.58,0.775,0.766,0.68,0.844,0.357
