,AAPL,ACRS,ADP,AFYA,AGNC,AGYS,ALT,AMGN,AMPH,AMZN,ANIP,AOSL,APDN,APLT,APVO,ARGX,ARLP,ATEX,ATRA,AUTL,AVDL,BCRX,BHAT,BLBD,BMRN,BNGO,BUSE,CAKE,CASY,CCOI,CEVA,CHY,CLDX,CLMT,COHU,COLM,COST,CPRT,CSWC,CSX,DBX,DCOM,DKNG,DMLP,DOX,EA,EDIT,ENPH,ENSG,ERNA,ESGR,ETNB,EXTR,FANG,FARO,FATE,FGEN,FIVE,FIVN,FLGT,FOLD,FORM,FOXA,FRPT,FSLR,FTAI,GBDC,GDYN,GGAL,GNLN,GRFS,GT,HCAT,HCM,HFWA,HOLX,HQY,HUBG,IAC,ICLR,IDCC,IEP,IHRT,ILMN,ILPT,IMAB,IMOS,INMD,INTZ,JAZZ,JKHY,JRVR,KIDS,LBRDK,LGND,LMAT,LPLA,LULU,MASI,MAT,MATW,MBIN,MBIO,MCRB,MDB,MDLZ,MELI,MIRM,MLKN,MNMD,MNRO,MPWR,MRCY,MRSN,MTVA,NAAS,NDAQ,NDSN,NEGG,NOVT,NVDA,NWE,NWSA,NXST,OCX,ODFL,OMAB,OPCH,OPRA,ORGO,OTRK,OZK,PAGP,PCH,PEGA,PENG,PENN,PFBC,PGNY,PHAT,PHUN,PINC,PLUG,PLXS,PYPL,QLYS,QNCX,QQQX,QVCGA,RAPT,RBBN,RCKT,REPL,RMBS,ROAD,ROKU,ROP,RUSHA,SANM,SATS,SBCF,SBLK,SBUX,SCHL,SCSC,SDGR,SEIC,SFIX,SGRY,SKYW,SLP,SNES,STAA,STLD,STOK,SWKS,TER,TFIN,TIGO,TILE,TPIC,TTEC,TTEK,TTGT,UXIN,VERU,VLYPP,VNOM,VRNS,VRSN,WDAY,WERN,WINA,WKHS,WRLD,XP,XTKG,YY,ZION,ZM
AAPL,0.0,0.202,0.66,0.77,-0.0,0.129,-0.199,0.563,0.408,0.913,0.019,0.475,0.123,0.103,0.306,0.179,-0.141,0.023,-0.107,-0.338,-0.357,-0.007,-0.327,0.169,-0.407,-0.174,0.383,0.316,0.623,0.257,0.692,0.439,0.392,-0.207,0.242,0.082,0.577,0.54,0.716,0.103,0.545,0.322,0.11,0.245,0.297,0.374,-0.399,0.448,0.618,-0.47,0.672,0.384,0.208,-0.265,0.52,0.2,-0.351,-0.213,0.319,0.05,0.259,0.266,0.57,0.656,0.705,0.511,0.388,0.518,0.252,0.523,0.502,0.382,0.332,-0.017,0.411,0.187,0.731,0.534,0.74,0.626,0.341,0.536,0.19,0.663,0.377,0.349,-0.03,0.364,-0.631,0.505,0.309,0.591,0.583,0.358,0.633,-0.348,0.469,0.689,0.495,0.114,0.28,0.013,-0.205,0.513,0.379,0.72,0.688,0.128,-0.376,0.254,0.358,0.432,-0.17,-0.166,-0.058,0.143,0.608,0.523,0.494,0.238,0.734,0.487,-0.109,-0.224,0.252,0.487,0.545,0.282,0.133,0.279,0.494,0.544,0.154,0.69,0.703,-0.104,0.015,0.473,0.595,0.04,0.391,0.604,0.342,0.646,0.818,0.662,-0.214,0.78,0.244,0.005,0.021,0.075,0.406,0.398,0.457,0.182,0.727,0.321,0.264,-0.134,0.462,0.23,0.686,0.534,0.304,0.167,0.514,0.325,0.238,0.191,0.541,0.481,0.151,0.018,-0.142,0.661,0.575,0.492,0.311,0.09,0.637,0.594,0.562,0.49,0.118,-0.346,0.463,0.091,0.496,0.177,0.624,0.297,0.355,-0.219,0.339,0.235,0.638,0.177,0.329,-0.094
ACRS,0.202,0.0,0.704,0.366,-0.245,0.118,0.441,0.693,0.455,0.174,0.357,0.85,-0.538,-0.355,-0.108,0.826,-0.47,-0.495,-0.251,-0.509,-0.211,-0.371,-0.717,0.478,0.248,0.508,0.191,0.057,0.709,-0.322,0.691,0.413,0.856,0.818,0.867,0.073,0.78,0.872,0.16,-0.024,-0.271,-0.083,0.622,-0.006,0.247,-0.027,-0.353,0.922,0.771,0.109,0.561,-0.521,0.328,-0.187,0.825,0.792,0.034,-0.15,0.893,0.76,0.656,0.902,0.216,0.74,0.395,0.73,0.651,0.638,-0.608,0.035,0.762,-0.008,0.393,-0.19,0.277,0.805,0.19,0.329,0.45,0.79,-0.165,0.605,-0.428,-0.117,0.289,0.294,0.196,0.772,-0.158,0.578,0.629,-0.169,0.792,0.735,0.363,-0.018,0.195,0.538,0.86,0.915,0.364,0.337,-0.149,0.768,0.824,-0.058,0.578,-0.263,0.605,0.765,0.01,0.824,0.548,-0.342,-0.092,0.82,-0.209,0.427,0.389,0.873,0.719,0.491,-0.36,-0.588,0.195,-0.107,0.153,0.77,0.405,-0.221,0.056,0.525,-0.398,0.65,0.681,-0.214,0.411,0.159,0.461,0.126,0.517,0.765,0.95,0.338,0.433,0.005,0.07,0.093,-0.206,-0.155,-0.191,0.497,0.231,0.401,0.764,0.805,0.305,0.929,0.264,-0.589,0.407,0.857,0.505,-0.019,0.841,0.097,0.858,0.24,0.487,-0.281,0.4,0.767,0.751,0.594,0.666,0.753,0.82,0.883,-0.116,0.021,0.775,0.564,0.824,0.853,0.188,-0.53,0.442,-0.415,0.85,0.257,0.677,-0.283,0.868,-0.059,0.824,-0.441,0.674,0.542,0.121,0.536
ADP,0.66,0.704,0.0,0.595,0.084,0.454,0.286,0.861,0.62,0.525,0.489,0.806,-0.082,-0.041,0.317,0.635,-0.184,-0.125,-0.035,-0.347,-0.277,-0.021,-0.515,0.601,-0.044,0.256,0.5,0.326,0.847,0.067,0.774,0.64,0.756,0.387,0.727,0.184,0.753,0.837,0.569,0.328,0.227,0.303,0.482,0.34,0.53,0.012,-0.337,0.786,0.864,-0.233,0.614,-0.107,0.525,-0.062,0.882,0.692,-0.064,0.04,0.64,0.343,0.722,0.69,0.698,0.838,0.7,0.867,0.718,0.802,-0.219,0.362,0.85,0.337,0.647,0.018,0.578,0.523,0.545,0.656,0.706,0.867,0.231,0.86,0.057,0.412,0.662,0.285,0.301,0.807,-0.299,0.778,0.582,0.28,0.885,0.695,0.555,-0.229,0.565,0.606,0.879,0.649,0.588,0.469,0.001,0.84,0.615,0.577,0.619,0.131,0.208,0.512,0.147,0.737,0.172,-0.053,0.116,0.541,0.343,0.786,0.612,0.752,0.865,0.644,-0.105,-0.311,0.52,0.316,0.652,0.599,0.267,0.236,0.223,0.758,0.028,0.887,0.815,0.007,0.33,0.484,0.717,0.211,0.655,0.813,0.78,0.738,0.589,0.186,0.183,0.602,-0.127,0.041,0.123,0.47,0.46,0.774,0.896,0.441,0.737,0.817,0.625,-0.271,0.674,0.719,0.886,0.348,0.695,0.175,0.798,0.333,0.625,0.122,0.597,0.798,0.567,0.561,0.415,0.861,0.849,0.825,0.288,0.311,0.861,0.834,0.925,0.801,0.385,-0.379,0.639,-0.084,0.71,0.372,0.665,0.013,0.764,0.033,0.758,-0.111,0.796,0.545,0.43,0.103
AFYA,0.77,0.366,0.595,0.0,-0.357,-0.135,-0.312,0.541,0.093,0.792,-0.231,0.474,-0.124,-0.377,-0.018,0.46,-0.484,-0.359,-0.555,-0.651,-0.718,-0.402,-0.653,-0.086,-0.221,0.011,0.01,0.005,0.609,-0.178,0.788,0.076,0.559,-0.01,0.393,0.007,0.75,0.67,0.675,-0.029,0.13,-0.098,0.398,0.016,0.083,0.585,-0.71,0.628,0.687,-0.435,0.665,0.014,0.123,-0.505,0.604,0.414,-0.454,-0.463,0.537,0.417,0.267,0.455,0.244,0.594,0.5,0.507,0.315,0.416,-0.129,0.162,0.67,-0.026,0.498,-0.436,0.092,0.476,0.383,0.317,0.475,0.691,-0.134,0.335,-0.268,0.398,0.123,0.543,-0.355,0.478,-0.686,0.483,0.422,0.216,0.598,0.488,0.578,0.02,0.104,0.814,0.607,0.263,-0.0,-0.281,-0.515,0.602,0.61,0.442,0.828,-0.25,-0.14,0.597,0.042,0.674,0.212,-0.489,-0.444,0.428,0.271,0.273,0.437,0.432,0.757,0.256,-0.509,-0.575,-0.063,0.183,0.225,0.616,0.547,-0.196,0.223,0.359,-0.311,0.574,0.547,-0.042,0.124,0.108,0.771,-0.197,0.136,0.668,0.39,0.368,0.862,0.683,-0.441,0.383,0.055,-0.484,-0.378,-0.197,0.047,0.255,0.469,0.48,0.545,0.366,0.004,-0.583,0.178,0.403,0.517,0.166,0.472,-0.239,0.618,-0.055,-0.013,-0.256,0.739,0.634,0.379,-0.118,-0.072,0.751,0.669,0.629,-0.161,-0.259,0.624,0.401,0.657,0.714,-0.16,-0.718,0.27,-0.335,0.637,0.292,0.822,-0.009,0.605,-0.409,0.493,-0.154,0.745,0.065,-0.083,0.321
AGNC,-0.0,-0.245,0.084,-0.357,0.0,0.785,0.41,-0.034,0.382,-0.216,0.603,-0.117,0.562,0.7,0.748,-0.396,0.854,0.781,0.811,0.823,0.675,0.881,0.69,0.546,0.096,-0.1,0.591,0.599,-0.105,0.717,-0.368,0.557,-0.374,-0.15,-0.144,0.497,-0.443,-0.222,0.019,0.724,0.582,0.65,-0.291,0.499,0.636,-0.462,0.755,-0.386,-0.15,0.086,-0.4,0.353,0.547,0.77,-0.157,-0.15,0.639,0.784,-0.462,-0.594,0.12,-0.338,0.549,-0.106,0.141,-0.047,0.08,0.125,0.391,0.303,-0.238,0.563,-0.026,0.764,0.556,-0.518,0.195,0.248,0.165,-0.233,0.63,0.326,0.757,0.285,0.611,-0.588,0.689,0.026,0.624,0.12,-0.198,0.333,-0.161,-0.078,-0.161,-0.251,0.64,-0.523,-0.253,-0.26,0.608,0.673,0.843,-0.079,-0.542,0.38,-0.515,0.768,-0.136,-0.607,0.232,-0.423,-0.503,0.87,0.817,-0.437,0.548,0.488,-0.188,-0.2,-0.261,0.339,0.832,0.836,0.656,0.398,0.532,-0.585,-0.622,0.804,0.135,0.285,0.839,0.058,-0.021,0.15,0.069,0.484,-0.238,0.435,0.283,-0.281,-0.114,0.405,-0.472,-0.361,0.751,0.429,-0.154,0.711,0.864,0.47,0.304,0.457,0.017,-0.554,0.267,-0.052,0.633,0.832,0.417,-0.174,0.331,0.338,-0.299,0.511,-0.22,0.549,0.462,0.809,-0.451,-0.354,-0.283,0.496,0.143,-0.281,-0.3,-0.336,0.676,0.772,-0.188,0.301,-0.148,-0.425,0.74,0.749,0.426,0.725,-0.383,0.029,-0.536,0.344,-0.406,0.584,-0.243,0.443,-0.407,0.351,0.635,-0.59
AGYS,0.129,0.118,0.454,-0.135,0.785,0.0,0.525,0.333,0.58,-0.062,0.771,0.246,0.45,0.521,0.711,-0.053,0.656,0.637,0.688,0.536,0.402,0.7,0.388,0.751,0.014,0.028,0.704,0.663,0.296,0.615,-0.092,0.698,-0.043,0.091,0.183,0.563,-0.08,0.131,0.176,0.666,0.529,0.69,-0.049,0.567,0.707,-0.517,0.511,0.009,0.176,-0.121,-0.114,0.138,0.625,0.568,0.234,0.146,0.565,0.711,-0.154,-0.365,0.435,-0.0,0.76,0.213,0.392,0.352,0.365,0.465,0.189,0.408,0.181,0.621,0.27,0.629,0.716,-0.242,0.327,0.533,0.402,0.163,0.618,0.646,0.607,0.374,0.823,-0.405,0.713,0.394,0.436,0.481,-0.034,0.366,0.25,0.234,0.108,-0.242,0.744,-0.19,0.151,0.118,0.787,0.752,0.687,0.271,-0.262,0.511,-0.291,0.769,0.043,-0.302,0.277,-0.083,-0.352,0.706,0.741,-0.152,0.531,0.755,0.064,0.209,0.054,0.547,0.653,0.561,0.769,0.474,0.687,-0.249,-0.412,0.763,0.105,0.567,0.695,0.417,0.283,0.145,0.164,0.545,0.133,0.406,0.495,0.116,0.219,0.607,-0.284,-0.38,0.715,0.548,-0.272,0.593,0.831,0.627,0.46,0.765,0.428,-0.281,0.465,0.327,0.775,0.554,0.666,0.224,0.647,0.407,-0.028,0.446,0.117,0.483,0.722,0.725,-0.171,0.027,-0.054,0.705,0.269,0.103,0.051,0.09,0.68,0.854,0.196,0.594,0.292,-0.003,0.777,0.427,0.58,0.528,-0.035,0.104,-0.241,0.308,0.022,0.382,0.143,0.298,-0.032,0.523,0.691,-0.489
ALT,-0.199,0.441,0.286,-0.312,0.41,0.525,0.0,0.346,0.311,-0.379,0.678,0.264,-0.216,0.132,0.359,0.322,0.163,0.071,0.358,0.275,0.529,0.274,0.057,0.652,0.475,0.526,0.236,0.179,0.144,0.038,0.001,0.457,0.175,0.574,0.439,0.195,0.055,0.236,-0.359,0.344,-0.063,0.118,0.316,0.069,0.45,-0.38,0.4,0.22,0.235,0.377,-0.195,-0.364,0.508,0.491,0.33,0.4,0.472,0.403,0.239,0.216,0.5,0.358,0.213,0.145,-0.032,0.354,0.373,0.342,-0.365,0.001,0.163,0.09,0.135,0.339,0.257,0.201,-0.067,-0.006,0.092,0.116,0.095,0.392,0.041,-0.288,0.385,-0.165,0.655,0.431,0.55,0.311,0.27,-0.233,0.186,0.386,-0.199,0.01,0.263,-0.186,0.263,0.478,0.435,0.618,0.538,0.337,0.099,-0.107,-0.176,0.325,0.6,0.093,-0.05,0.169,0.22,0.403,0.472,0.295,-0.103,0.341,0.037,0.425,0.097,0.246,0.233,0.153,0.534,-0.229,0.138,0.068,-0.054,0.237,-0.18,0.207,0.176,0.151,0.157,0.145,0.493,0.085,0.024,0.568,0.393,0.105,0.437,0.16,-0.265,-0.555,0.653,0.022,-0.366,0.391,0.417,0.63,0.157,0.402,0.297,0.226,-0.012,0.446,0.471,0.155,0.262,0.378,0.236,-0.082,0.282,0.262,0.216,0.485,0.548,0.164,-0.174,0.082,0.355,0.595,0.607,0.108,0.176,0.157,0.157,0.369,0.119,0.293,0.213,0.126,0.516,0.188,0.26,0.088,0.202,0.33,-0.139,-0.316,0.203,0.515,0.357,-0.154,0.011,0.635,0.263,0.102
AMGN,0.563,0.693,0.861,0.541,-0.034,0.333,0.346,0.0,0.49,0.445,0.458,0.7,-0.249,-0.143,0.22,0.712,-0.296,-0.221,-0.078,-0.368,-0.271,-0.085,-0.534,0.563,0.124,0.419,0.302,0.173,0.739,-0.072,0.78,0.537,0.718,0.412,0.761,0.069,0.792,0.806,0.351,0.268,0.129,0.108,0.578,0.176,0.443,0.138,-0.295,0.783,0.795,-0.106,0.477,-0.242,0.509,-0.158,0.848,0.788,-0.085,-0.01,0.707,0.457,0.742,0.751,0.52,0.785,0.566,0.84,0.723,0.766,-0.369,0.194,0.791,0.195,0.6,-0.013,0.369,0.612,0.38,0.418,0.599,0.797,0.069,0.719,-0.119,0.213,0.524,0.465,0.348,0.814,-0.243,0.709,0.657,0.084,0.804,0.794,0.408,-0.189,0.389,0.629,0.83,0.641,0.436,0.356,0.016,0.834,0.622,0.467,0.615,0.085,0.311,0.542,-0.001,0.766,0.271,-0.086,0.079,0.629,0.145,0.667,0.545,0.769,0.839,0.448,-0.151,-0.419,0.417,0.094,0.409,0.616,0.347,0.115,0.096,0.594,-0.086,0.763,0.72,0.148,0.465,0.262,0.613,0.394,0.567,0.662,0.776,0.517,0.591,0.112,0.218,0.509,-0.232,0.025,0.059,0.427,0.364,0.676,0.752,0.563,0.49,0.771,0.52,-0.338,0.472,0.658,0.745,0.185,0.706,0.111,0.694,0.364,0.574,-0.026,0.57,0.732,0.63,0.491,0.449,0.858,0.826,0.756,0.149,0.118,0.782,0.724,0.819,0.753,0.318,-0.389,0.561,-0.264,0.752,0.508,0.644,-0.226,0.727,0.047,0.763,-0.264,0.737,0.629,0.248,0.254
AMPH,0.408,0.455,0.62,0.093,0.382,0.58,0.311,0.49,0.0,0.287,0.661,0.742,0.054,0.593,0.463,0.081,0.341,0.383,0.553,0.086,0.213,0.325,-0.019,0.813,-0.353,-0.144,0.911,0.74,0.692,0.604,0.343,0.872,0.333,0.195,0.308,0.391,0.304,0.448,0.402,0.144,0.525,0.786,-0.109,0.615,0.432,-0.512,0.147,0.409,0.412,-0.188,0.525,0.348,0.316,0.145,0.455,0.173,0.278,0.318,0.212,-0.126,0.429,0.234,0.807,0.73,0.78,0.519,0.612,0.746,0.31,0.75,0.375,0.829,0.021,0.521,0.914,0.039,0.762,0.796,0.834,0.602,0.681,0.872,0.416,0.581,0.76,-0.161,0.601,0.414,-0.075,0.502,0.051,0.657,0.589,0.234,0.552,-0.634,0.878,0.25,0.388,0.369,0.9,0.718,0.35,0.411,0.121,0.48,0.13,0.346,-0.108,-0.064,0.67,0.144,-0.386,0.184,0.518,0.002,0.488,0.838,0.312,0.27,0.421,0.889,0.472,0.126,0.527,0.63,0.763,0.004,-0.457,0.61,0.668,0.906,0.518,0.809,0.748,-0.49,-0.145,0.873,0.126,0.135,0.707,0.502,0.601,0.792,0.18,-0.094,0.345,0.665,0.211,0.605,0.554,0.806,0.877,0.506,0.589,-0.005,0.549,0.662,0.605,0.273,0.934,0.514,0.731,0.754,0.343,0.782,0.498,0.596,0.831,0.62,-0.117,0.377,0.01,0.745,0.204,0.39,0.343,0.539,0.773,0.731,0.657,0.856,0.564,0.297,0.593,0.132,0.795,0.423,0.314,-0.227,0.113,0.473,0.319,-0.037,0.317,0.379,0.312,0.458,0.892,-0.418
AMZN,0.913,0.174,0.525,0.792,-0.216,-0.062,-0.379,0.445,0.287,0.0,-0.166,0.445,0.076,-0.009,0.108,0.128,-0.27,-0.097,-0.261,-0.478,-0.476,-0.192,-0.381,-0.049,-0.456,-0.277,0.249,0.227,0.58,0.145,0.682,0.284,0.372,-0.237,0.154,0.032,0.592,0.51,0.729,-0.11,0.458,0.196,0.054,0.154,0.108,0.454,-0.493,0.436,0.55,-0.495,0.762,0.363,0.046,-0.423,0.422,0.079,-0.444,-0.383,0.313,0.101,0.127,0.225,0.417,0.613,0.654,0.403,0.277,0.405,0.265,0.509,0.409,0.275,0.175,-0.178,0.276,0.211,0.682,0.494,0.669,0.585,0.282,0.379,0.045,0.615,0.195,0.402,-0.252,0.216,-0.757,0.394,0.279,0.582,0.543,0.307,0.699,-0.286,0.311,0.794,0.423,0.076,0.112,-0.218,-0.429,0.389,0.4,0.58,0.764,-0.088,-0.443,0.31,0.417,0.395,-0.132,-0.384,-0.226,0.13,0.507,0.346,0.495,0.178,0.653,0.408,-0.241,-0.325,0.003,0.474,0.364,0.328,0.197,0.117,0.495,0.444,-0.003,0.611,0.656,-0.211,-0.083,0.386,0.555,-0.073,0.284,0.588,0.283,0.546,0.855,0.778,-0.469,0.664,0.395,-0.165,-0.157,-0.07,0.326,0.208,0.39,0.221,0.651,0.264,0.059,-0.248,0.355,0.169,0.537,0.48,0.262,0.05,0.478,0.175,0.056,0.059,0.553,0.463,0.108,-0.133,-0.266,0.633,0.521,0.478,0.197,-0.067,0.616,0.487,0.492,0.52,-0.132,-0.456,0.313,0.025,0.522,0.052,0.686,0.356,0.341,-0.425,0.263,0.247,0.617,-0.051,0.179,-0.015
ANIP,0.019,0.357,0.489,-0.231,0.603,0.771,0.678,0.458,0.661,-0.166,0.0,0.373,0.033,0.415,0.605,0.23,0.411,0.31,0.571,0.31,0.465,0.459,0.143,0.827,0.2,0.332,0.621,0.508,0.359,0.35,0.049,0.691,0.164,0.376,0.421,0.228,0.083,0.238,-0.012,0.454,0.221,0.495,0.213,0.547,0.521,-0.478,0.411,0.204,0.306,0.152,0.008,-0.102,0.674,0.631,0.399,0.308,0.433,0.614,0.119,-0.077,0.564,0.286,0.613,0.328,0.247,0.529,0.545,0.598,-0.064,0.346,0.237,0.452,0.225,0.493,0.626,0.06,0.315,0.373,0.364,0.241,0.481,0.674,0.415,0.083,0.769,-0.181,0.807,0.448,0.463,0.552,0.249,0.172,0.332,0.365,-0.011,-0.237,0.608,-0.107,0.31,0.442,0.749,0.819,0.565,0.327,-0.052,0.306,-0.201,0.535,0.378,-0.146,0.182,0.085,-0.044,0.455,0.656,0.13,0.183,0.647,0.248,0.419,0.144,0.476,0.506,0.293,0.69,0.165,0.527,0.011,-0.263,0.585,0.047,0.547,0.507,0.436,0.338,0.126,0.385,0.477,0.125,0.62,0.607,0.24,0.456,0.511,-0.192,-0.49,0.78,0.397,-0.252,0.561,0.697,0.736,0.542,0.679,0.527,-0.02,0.21,0.535,0.811,0.373,0.612,0.452,0.542,0.283,0.332,0.483,0.241,0.547,0.809,0.516,-0.128,0.17,0.262,0.791,0.467,0.22,0.221,0.235,0.579,0.723,0.289,0.657,0.367,0.129,0.659,0.348,0.556,0.358,0.162,0.16,-0.157,0.034,0.193,0.478,0.418,0.067,0.127,0.629,0.615,-0.235
AOSL,0.475,0.85,0.806,0.474,-0.117,0.246,0.264,0.7,0.742,0.445,0.373,0.0,-0.263,0.005,0.062,0.566,-0.268,-0.222,-0.038,-0.406,-0.198,-0.16,-0.589,0.547,-0.134,0.129,0.541,0.332,0.852,0.048,0.755,0.645,0.804,0.515,0.663,0.2,0.748,0.843,0.485,-0.05,0.096,0.303,0.282,0.262,0.263,-0.169,-0.308,0.851,0.776,-0.129,0.789,-0.087,0.28,-0.226,0.764,0.589,0.033,-0.159,0.714,0.471,0.634,0.689,0.528,0.896,0.737,0.706,0.629,0.723,-0.181,0.418,0.741,0.38,0.272,0.021,0.622,0.573,0.578,0.676,0.739,0.885,0.212,0.799,-0.103,0.325,0.449,0.175,0.208,0.666,-0.362,0.575,0.433,0.304,0.902,0.557,0.689,-0.308,0.535,0.623,0.804,0.716,0.577,0.416,-0.134,0.73,0.696,0.222,0.623,-0.15,0.182,0.575,0.375,0.684,0.166,-0.297,0.046,0.541,0.146,0.674,0.516,0.681,0.78,0.774,-0.143,-0.427,0.262,0.333,0.479,0.585,0.141,0.105,0.449,0.815,-0.105,0.872,0.891,-0.445,0.061,0.568,0.469,-0.021,0.63,0.842,0.904,0.65,0.553,0.212,-0.007,0.405,0.108,0.035,-0.017,0.613,0.581,0.458,0.833,0.54,0.599,0.917,0.378,-0.354,0.731,0.769,0.689,0.416,0.754,0.36,0.893,0.354,0.56,0.033,0.374,0.795,0.474,0.628,0.455,0.746,0.783,0.905,0.262,0.253,0.919,0.777,0.861,0.804,0.262,-0.409,0.629,-0.088,0.766,0.013,0.656,0.141,0.781,-0.203,0.652,-0.051,0.692,0.385,0.474,0.155
APDN,0.123,-0.538,-0.082,-0.124,0.562,0.45,-0.216,-0.249,0.054,0.076,0.033,-0.263,0.0,0.479,0.399,-0.583,0.628,0.646,0.421,0.56,0.187,0.608,0.598,-0.027,-0.27,-0.503,0.308,0.367,-0.198,0.617,-0.369,0.13,-0.429,-0.56,-0.499,0.371,-0.418,-0.397,0.27,0.372,0.568,0.498,-0.54,0.367,0.264,-0.227,0.396,-0.51,-0.286,-0.352,-0.218,0.507,0.109,0.309,-0.351,-0.406,0.303,0.339,-0.636,-0.675,-0.179,-0.564,0.382,-0.236,0.152,-0.29,-0.336,-0.225,0.56,0.234,-0.254,0.404,-0.097,0.381,0.31,-0.644,0.178,0.31,0.021,-0.292,0.507,0.026,0.704,0.454,0.229,-0.439,0.081,-0.295,0.155,-0.154,-0.436,0.458,-0.21,-0.335,0.055,-0.148,0.36,-0.318,-0.361,-0.544,0.208,0.142,0.3,-0.24,-0.57,0.397,-0.364,0.494,-0.566,-0.577,0.246,-0.485,-0.582,0.546,0.323,-0.606,0.607,0.255,-0.059,-0.428,-0.299,0.143,0.498,0.676,0.295,0.557,0.399,-0.568,-0.438,0.589,0.129,0.097,0.598,-0.059,-0.156,0.14,-0.329,0.335,-0.096,-0.058,-0.057,-0.268,-0.439,0.314,-0.275,0.076,0.109,0.314,0.097,0.273,0.502,-0.061,0.1,0.272,-0.129,-0.674,0.301,-0.356,0.294,0.63,0.24,-0.467,0.161,0.306,-0.522,0.104,-0.333,0.046,-0.051,0.583,-0.178,-0.32,-0.54,-0.01,-0.324,-0.325,-0.362,-0.415,0.5,0.462,-0.265,0.027,-0.25,-0.387,0.2,0.512,0.03,0.613,-0.502,-0.249,-0.383,0.553,-0.446,0.123,-0.493,0.52,-0.378,-0.23,0.356,-0.657
APLT,0.103,-0.355,-0.041,-0.377,0.7,0.521,0.132,-0.143,0.593,-0.009,0.415,0.005,0.479,0.0,0.56,-0.676,0.825,0.84,0.877,0.689,0.585,0.736,0.685,0.475,-0.402,-0.506,0.768,0.722,-0.004,0.893,-0.344,0.589,-0.444,-0.389,-0.453,0.414,-0.451,-0.339,0.112,0.221,0.737,0.875,-0.705,0.54,0.253,-0.626,0.656,-0.439,-0.281,-0.135,-0.052,0.752,0.074,0.436,-0.337,-0.501,0.444,0.516,-0.569,-0.759,-0.075,-0.546,0.552,0.038,0.38,-0.205,-0.018,0.12,0.796,0.659,-0.356,0.84,-0.45,0.833,0.697,-0.681,0.543,0.472,0.384,-0.173,0.84,0.339,0.771,0.565,0.453,-0.538,0.558,-0.255,0.252,-0.092,-0.473,0.723,-0.121,-0.423,0.181,-0.566,0.748,-0.347,-0.401,-0.414,0.609,0.514,0.619,-0.286,-0.607,0.367,-0.462,0.593,-0.548,-0.75,0.675,-0.612,-0.837,0.588,0.723,-0.69,0.62,0.453,-0.132,-0.504,-0.263,0.506,0.872,0.733,0.405,0.683,0.561,-0.728,-0.887,0.824,0.627,0.42,0.886,0.176,0.151,-0.348,-0.476,0.756,-0.4,0.12,0.278,-0.238,-0.186,0.467,-0.333,-0.188,0.386,0.52,0.358,0.833,0.797,0.529,0.662,0.115,-0.116,-0.711,0.242,-0.11,0.381,0.868,0.597,-0.264,0.231,0.721,-0.384,0.798,-0.251,0.5,0.412,0.886,-0.596,-0.338,-0.634,0.348,-0.222,-0.377,-0.415,-0.294,0.891,0.753,-0.078,0.327,-0.236,-0.51,0.529,0.726,0.425,0.869,-0.442,-0.427,-0.565,0.695,-0.498,0.118,-0.471,0.815,-0.407,0.032,0.826,-0.864
APVO,0.306,-0.108,0.317,-0.018,0.748,0.711,0.359,0.22,0.463,0.108,0.605,0.062,0.399,0.56,0.0,-0.159,0.616,0.623,0.575,0.429,0.372,0.698,0.355,0.575,-0.142,0.003,0.577,0.585,0.204,0.662,-0.042,0.587,-0.177,-0.226,0.051,0.27,-0.093,0.034,0.235,0.572,0.595,0.597,-0.039,0.649,0.614,-0.213,0.383,-0.107,0.119,-0.149,-0.117,0.349,0.62,0.579,0.193,-0.038,0.291,0.54,-0.242,-0.414,0.22,-0.122,0.702,0.163,0.31,0.297,0.324,0.444,0.348,0.48,0.022,0.543,0.177,0.48,0.577,-0.324,0.378,0.303,0.403,0.078,0.656,0.505,0.69,0.42,0.722,-0.279,0.588,0.178,0.294,0.429,-0.078,0.437,0.047,0.162,0.03,-0.358,0.65,-0.137,-0.005,-0.074,0.603,0.573,0.624,0.239,-0.356,0.646,-0.237,0.723,-0.159,-0.433,0.241,-0.182,-0.422,0.598,0.626,-0.248,0.593,0.617,0.14,0.02,0.048,0.378,0.561,0.499,0.677,0.378,0.636,-0.338,-0.393,0.777,0.199,0.429,0.779,0.327,0.211,0.182,0.175,0.504,0.156,0.451,0.395,0.034,0.043,0.531,-0.079,-0.187,0.597,0.604,-0.107,0.584,0.748,0.38,0.407,0.575,0.216,-0.345,0.404,0.074,0.681,0.578,0.471,0.048,0.549,0.465,-0.087,0.415,-0.03,0.561,0.581,0.696,-0.159,-0.154,-0.102,0.336,-0.004,0.083,-0.037,-0.069,0.651,0.652,0.092,0.55,0.143,-0.148,0.627,0.403,0.517,0.568,-0.122,0.128,-0.239,0.295,-0.159,0.407,0.08,0.327,0.004,0.428,0.581,-0.524
ARGX,0.179,0.826,0.635,0.46,-0.396,-0.053,0.322,0.712,0.081,0.128,0.23,0.566,-0.583,-0.676,-0.159,0.0,-0.701,-0.717,-0.537,-0.662,-0.408,-0.513,-0.826,0.214,0.411,0.708,-0.189,-0.295,0.524,-0.637,0.708,0.077,0.845,0.7,0.909,-0.267,0.801,0.787,0.079,0.016,-0.505,-0.446,0.896,-0.158,0.142,0.309,-0.556,0.865,0.749,0.155,0.356,-0.736,0.354,-0.239,0.851,0.906,-0.251,-0.274,0.905,0.853,0.624,0.942,0.008,0.531,0.091,0.766,0.587,0.511,-0.84,-0.288,0.785,-0.389,0.675,-0.489,-0.106,0.899,-0.077,-0.018,0.15,0.665,-0.48,0.362,-0.555,-0.326,0.137,0.563,0.023,0.75,-0.203,0.586,0.766,-0.469,0.653,0.807,0.082,0.216,-0.163,0.542,0.874,0.855,0.011,0.107,-0.298,0.774,0.842,-0.034,0.619,-0.319,0.739,0.852,-0.43,0.918,0.799,-0.415,-0.325,0.934,-0.398,0.193,0.473,0.931,0.713,0.05,-0.616,-0.751,0.107,-0.452,-0.051,0.914,0.752,-0.437,-0.344,0.202,-0.606,0.431,0.418,0.239,0.668,-0.236,0.622,0.216,0.297,0.653,0.766,0.065,0.503,0.027,0.053,-0.068,-0.408,-0.437,-0.408,0.119,-0.092,0.41,0.659,0.874,0.112,0.714,0.194,-0.766,0.026,0.754,0.349,-0.338,0.841,-0.31,0.699,0.003,0.254,-0.571,0.674,0.74,0.923,0.271,0.626,0.791,0.84,0.758,-0.428,-0.299,0.601,0.339,0.745,0.847,-0.029,-0.669,0.182,-0.704,0.809,0.551,0.73,-0.651,0.86,0.071,0.919,-0.762,0.757,0.508,-0.263,0.749
ARLP,-0.141,-0.47,-0.184,-0.484,0.854,0.656,0.163,-0.296,0.341,-0.27,0.411,-0.268,0.628,0.825,0.616,-0.701,0.0,0.923,0.861,0.861,0.58,0.838,0.839,0.414,-0.163,-0.376,0.569,0.655,-0.214,0.838,-0.604,0.374,-0.652,-0.346,-0.482,0.59,-0.647,-0.475,-0.022,0.514,0.647,0.73,-0.597,0.546,0.399,-0.559,0.776,-0.613,-0.436,-0.093,-0.421,0.557,0.214,0.639,-0.447,-0.489,0.649,0.772,-0.73,-0.8,-0.152,-0.63,0.442,-0.253,0.117,-0.334,-0.147,-0.059,0.638,0.371,-0.433,0.653,-0.29,0.762,0.524,-0.77,0.169,0.29,0.101,-0.383,0.696,0.161,0.747,0.391,0.455,-0.681,0.516,-0.211,0.583,-0.113,-0.534,0.466,-0.352,-0.392,-0.089,-0.262,0.59,-0.596,-0.548,-0.487,0.546,0.493,0.763,-0.356,-0.786,0.299,-0.716,0.714,-0.397,-0.839,0.407,-0.715,-0.751,0.806,0.747,-0.741,0.572,0.337,-0.376,-0.502,-0.502,0.291,0.907,0.918,0.439,0.552,0.473,-0.811,-0.816,0.769,0.304,0.214,0.892,-0.074,-0.183,-0.074,-0.303,0.493,-0.4,0.133,0.07,-0.445,-0.384,0.313,-0.627,-0.377,0.539,0.323,0.015,0.718,0.865,0.363,0.32,0.189,-0.22,-0.789,0.146,-0.27,0.405,0.917,0.383,-0.317,0.159,0.435,-0.569,0.553,-0.437,0.321,0.345,0.874,-0.695,-0.565,-0.636,0.347,-0.207,-0.521,-0.584,-0.5,0.719,0.782,-0.369,0.151,-0.351,-0.646,0.593,0.795,0.281,0.815,-0.636,-0.276,-0.741,0.578,-0.586,0.273,-0.532,0.648,-0.62,0.081,0.639,-0.797
ATEX,0.023,-0.495,-0.125,-0.359,0.781,0.637,0.071,-0.221,0.383,-0.097,0.31,-0.222,0.646,0.84,0.623,-0.717,0.923,0.0,0.853,0.779,0.481,0.801,0.812,0.384,-0.357,-0.52,0.618,0.73,-0.142,0.916,-0.491,0.444,-0.609,-0.472,-0.484,0.599,-0.539,-0.407,0.07,0.442,0.797,0.799,-0.657,0.47,0.445,-0.536,0.687,-0.542,-0.409,-0.263,-0.324,0.68,0.113,0.431,-0.38,-0.506,0.538,0.644,-0.701,-0.848,-0.191,-0.644,0.535,-0.121,0.31,-0.269,-0.091,0.029,0.736,0.491,-0.37,0.76,-0.28,0.768,0.559,-0.807,0.309,0.378,0.262,-0.274,0.735,0.212,0.748,0.564,0.487,-0.604,0.501,-0.21,0.363,-0.044,-0.603,0.597,-0.266,-0.362,0.02,-0.396,0.649,-0.45,-0.496,-0.543,0.544,0.43,0.724,-0.296,-0.754,0.443,-0.597,0.76,-0.569,-0.82,0.501,-0.672,-0.88,0.786,0.738,-0.766,0.688,0.424,-0.305,-0.539,-0.388,0.354,0.873,0.847,0.433,0.659,0.534,-0.83,-0.842,0.789,0.398,0.259,0.905,0.041,-0.057,-0.115,-0.412,0.537,-0.345,0.06,0.149,-0.409,-0.367,0.342,-0.481,-0.276,0.44,0.48,0.064,0.751,0.848,0.346,0.383,0.219,-0.212,-0.767,0.226,-0.28,0.356,0.876,0.424,-0.376,0.252,0.541,-0.62,0.575,-0.42,0.354,0.36,0.894,-0.618,-0.502,-0.716,0.246,-0.33,-0.43,-0.54,-0.424,0.76,0.739,-0.234,0.196,-0.295,-0.595,0.597,0.699,0.372,0.782,-0.574,-0.301,-0.646,0.632,-0.576,0.124,-0.525,0.706,-0.525,0.114,0.674,-0.861
ATRA,-0.107,-0.251,-0.035,-0.555,0.811,0.688,0.358,-0.078,0.553,-0.261,0.571,-0.038,0.421,0.877,0.575,-0.537,0.861,0.853,0.0,0.803,0.736,0.838,0.754,0.616,-0.156,-0.279,0.71,0.648,-0.062,0.817,-0.432,0.628,-0.423,-0.173,-0.279,0.465,-0.499,-0.312,-0.091,0.428,0.619,0.789,-0.544,0.468,0.452,-0.722,0.809,-0.411,-0.33,0.032,-0.31,0.487,0.273,0.574,-0.267,-0.317,0.613,0.721,-0.503,-0.69,0.012,-0.431,0.536,-0.031,0.259,-0.14,0.082,0.155,0.564,0.474,-0.357,0.754,-0.321,0.89,0.643,-0.585,0.296,0.361,0.281,-0.218,0.753,0.341,0.749,0.356,0.538,-0.641,0.751,-0.115,0.513,-0.028,-0.406,0.468,-0.156,-0.267,-0.054,-0.497,0.69,-0.527,-0.355,-0.277,0.677,0.688,0.848,-0.219,-0.611,0.286,-0.599,0.707,-0.271,-0.715,0.469,-0.561,-0.71,0.775,0.883,-0.571,0.475,0.495,-0.206,-0.339,-0.333,0.428,0.925,0.804,0.546,0.517,0.514,-0.718,-0.874,0.823,0.356,0.356,0.874,0.096,0.058,-0.157,-0.248,0.606,-0.5,0.315,0.347,-0.333,-0.1,0.363,-0.537,-0.477,0.655,0.422,0.044,0.915,0.875,0.624,0.553,0.278,-0.067,-0.625,0.174,-0.043,0.506,0.888,0.514,-0.202,0.23,0.526,-0.372,0.751,-0.286,0.553,0.553,0.872,-0.659,-0.376,-0.501,0.516,0.02,-0.378,-0.411,-0.314,0.823,0.809,-0.13,0.296,-0.225,-0.523,0.704,0.804,0.423,0.748,-0.443,-0.253,-0.649,0.502,-0.481,0.367,-0.372,0.589,-0.482,0.27,0.77,-0.764
AUTL,-0.338,-0.509,-0.347,-0.651,0.823,0.536,0.275,-0.368,0.086,-0.478,0.31,-0.406,0.56,0.689,0.429,-0.662,0.861,0.779,0.803,0.0,0.755,0.86,0.879,0.252,0.145,-0.225,0.339,0.375,-0.504,0.62,-0.695,0.244,-0.662,-0.259,-0.495,0.444,-0.765,-0.569,-0.268,0.54,0.426,0.486,-0.584,0.262,0.35,-0.516,0.92,-0.706,-0.515,0.206,-0.642,0.351,0.207,0.693,-0.585,-0.4,0.715,0.7,-0.71,-0.679,-0.108,-0.615,0.174,-0.472,-0.139,-0.506,-0.339,-0.318,0.443,0.061,-0.573,0.387,-0.34,0.773,0.283,-0.717,-0.102,-0.006,-0.185,-0.607,0.472,-0.083,0.642,0.087,0.185,-0.745,0.496,-0.305,0.717,-0.32,-0.442,0.161,-0.47,-0.413,-0.349,-0.079,0.357,-0.8,-0.606,-0.543,0.295,0.434,0.789,-0.455,-0.73,0.007,-0.752,0.597,-0.233,-0.741,0.141,-0.693,-0.545,0.854,0.759,-0.654,0.33,0.119,-0.474,-0.516,-0.603,0.053,0.839,0.93,0.346,0.284,0.197,-0.802,-0.72,0.635,0.069,-0.068,0.708,-0.353,-0.347,0.102,-0.2,0.255,-0.579,0.253,-0.064,-0.634,-0.436,0.034,-0.74,-0.393,0.59,0.084,-0.108,0.646,0.715,0.32,0.082,0.065,-0.344,-0.726,-0.031,-0.381,0.287,0.888,0.125,-0.5,-0.108,0.138,-0.581,0.414,-0.519,0.315,0.106,0.658,-0.668,-0.632,-0.538,0.283,0.009,-0.687,-0.634,-0.671,0.488,0.562,-0.533,-0.124,-0.557,-0.736,0.526,0.89,0.062,0.717,-0.678,-0.111,-0.794,0.338,-0.695,0.505,-0.626,0.512,-0.771,0.019,0.42,-0.611
AVDL,-0.357,-0.211,-0.277,-0.718,0.675,0.402,0.529,-0.271,0.213,-0.476,0.465,-0.198,0.187,0.585,0.372,-0.408,0.58,0.481,0.736,0.755,0.0,0.651,0.664,0.364,0.207,0.014,0.349,0.225,-0.377,0.426,-0.518,0.376,-0.407,0.028,-0.232,0.111,-0.596,-0.399,-0.432,0.24,0.181,0.364,-0.351,0.179,0.272,-0.512,0.825,-0.46,-0.347,0.489,-0.46,0.148,0.263,0.732,-0.361,-0.292,0.534,0.546,-0.386,-0.395,-0.015,-0.32,0.122,-0.326,-0.203,-0.268,-0.068,-0.089,0.26,0.167,-0.571,0.285,-0.457,0.695,0.26,-0.402,-0.016,-0.135,-0.092,-0.482,0.428,-0.006,0.545,-0.176,0.185,-0.631,0.612,-0.306,0.661,-0.196,-0.231,0.061,-0.388,-0.253,-0.405,-0.215,0.282,-0.695,-0.411,-0.181,0.308,0.554,0.686,-0.35,-0.477,-0.145,-0.593,0.433,0.073,-0.517,0.201,-0.511,-0.287,0.598,0.719,-0.359,0.061,0.072,-0.252,-0.281,-0.499,0.125,0.678,0.676,0.377,0.002,0.073,-0.583,-0.641,0.554,0.028,-0.023,0.581,-0.262,-0.165,-0.004,0.029,0.253,-0.629,0.517,0.203,-0.4,-0.112,-0.007,-0.583,-0.484,0.606,0.048,0.009,0.716,0.6,0.478,0.226,0.013,-0.217,-0.402,-0.17,-0.153,0.301,0.725,0.137,-0.288,-0.167,0.126,-0.29,0.523,-0.312,0.561,0.261,0.502,-0.621,-0.484,-0.258,0.345,0.266,-0.522,-0.442,-0.473,0.437,0.493,-0.333,-0.049,-0.446,-0.565,0.428,0.805,0.075,0.603,-0.393,-0.139,-0.654,0.159,-0.56,0.651,-0.338,0.336,-0.57,0.157,0.404,-0.391
BCRX,-0.007,-0.371,-0.021,-0.402,0.881,0.7,0.274,-0.085,0.325,-0.192,0.459,-0.16,0.608,0.736,0.698,-0.513,0.838,0.801,0.838,0.86,0.651,0.0,0.736,0.427,-0.025,-0.228,0.557,0.477,-0.171,0.743,-0.397,0.504,-0.435,-0.323,-0.292,0.4,-0.527,-0.328,0.038,0.67,0.591,0.653,-0.466,0.496,0.503,-0.493,0.779,-0.485,-0.292,0.058,-0.418,0.462,0.446,0.655,-0.291,-0.235,0.571,0.693,-0.554,-0.675,0.06,-0.47,0.512,-0.17,0.153,-0.176,-0.072,-0.001,0.506,0.284,-0.357,0.578,-0.084,0.76,0.524,-0.589,0.16,0.242,0.118,-0.301,0.665,0.234,0.823,0.354,0.465,-0.674,0.575,-0.1,0.522,-0.055,-0.307,0.378,-0.194,-0.235,-0.114,-0.33,0.58,-0.559,-0.347,-0.415,0.509,0.562,0.802,-0.141,-0.6,0.36,-0.528,0.73,-0.292,-0.658,0.214,-0.496,-0.605,0.83,0.838,-0.529,0.517,0.441,-0.157,-0.319,-0.315,0.256,0.824,0.852,0.553,0.479,0.511,-0.682,-0.679,0.844,0.208,0.242,0.832,-0.014,-0.064,0.113,-0.125,0.488,-0.351,0.349,0.234,-0.382,-0.226,0.334,-0.471,-0.273,0.667,0.388,-0.061,0.699,0.783,0.42,0.337,0.353,-0.039,-0.67,0.297,-0.176,0.546,0.874,0.361,-0.334,0.221,0.386,-0.391,0.503,-0.324,0.464,0.324,0.786,-0.451,-0.406,-0.412,0.38,0.058,-0.37,-0.377,-0.425,0.688,0.698,-0.224,0.23,-0.257,-0.521,0.674,0.796,0.312,0.727,-0.491,-0.052,-0.552,0.433,-0.512,0.525,-0.409,0.503,-0.467,0.142,0.609,-0.702
BHAT,-0.327,-0.717,-0.515,-0.653,0.69,0.388,0.057,-0.534,-0.019,-0.381,0.143,-0.589,0.598,0.685,0.355,-0.826,0.839,0.812,0.754,0.879,0.664,0.736,0.0,0.072,-0.095,-0.412,0.25,0.343,-0.566,0.647,-0.806,0.099,-0.829,-0.48,-0.705,0.364,-0.835,-0.747,-0.279,0.347,0.486,0.467,-0.706,0.201,0.207,-0.45,0.836,-0.841,-0.701,0.026,-0.637,0.482,-0.002,0.557,-0.713,-0.673,0.516,0.61,-0.864,-0.846,-0.39,-0.803,0.122,-0.56,-0.173,-0.592,-0.423,-0.382,0.618,0.16,-0.736,0.389,-0.482,0.658,0.155,-0.851,-0.067,-0.038,-0.207,-0.7,0.501,-0.238,0.648,0.157,0.102,-0.654,0.36,-0.533,0.561,-0.384,-0.623,0.267,-0.627,-0.579,-0.35,-0.144,0.247,-0.741,-0.774,-0.702,0.167,0.204,0.647,-0.642,-0.882,0.066,-0.79,0.591,-0.421,-0.876,0.252,-0.863,-0.684,0.739,0.652,-0.813,0.368,-0.02,-0.495,-0.714,-0.749,-0.073,0.786,0.919,0.197,0.308,0.121,-0.917,-0.772,0.599,0.074,-0.191,0.735,-0.44,-0.467,0.069,-0.326,0.18,-0.636,0.173,-0.102,-0.723,-0.632,-0.062,-0.727,-0.368,0.376,0.089,0.044,0.622,0.681,0.082,0.06,-0.081,-0.526,-0.841,-0.129,-0.592,0.122,0.906,0.009,-0.673,-0.208,0.186,-0.786,0.317,-0.722,0.174,0.006,0.679,-0.711,-0.755,-0.748,0.01,-0.318,-0.769,-0.801,-0.787,0.497,0.484,-0.625,-0.258,-0.7,-0.858,0.34,0.854,-0.076,0.716,-0.802,-0.276,-0.866,0.435,-0.847,0.304,-0.752,0.598,-0.811,-0.156,0.339,-0.719
BLBD,0.169,0.478,0.601,-0.086,0.546,0.751,0.652,0.563,0.813,-0.049,0.827,0.547,-0.027,0.475,0.575,0.214,0.414,0.384,0.616,0.252,0.364,0.427,0.072,0.0,0.006,0.218,0.751,0.626,0.55,0.474,0.176,0.814,0.247,0.372,0.435,0.434,0.199,0.394,0.087,0.434,0.371,0.634,0.134,0.528,0.608,-0.518,0.317,0.341,0.373,-0.01,0.137,0.048,0.526,0.38,0.479,0.357,0.455,0.593,0.211,-0.062,0.554,0.308,0.722,0.535,0.51,0.551,0.666,0.728,0.029,0.477,0.381,0.642,0.216,0.586,0.751,0.091,0.416,0.542,0.593,0.453,0.519,0.815,0.343,0.286,0.804,-0.162,0.813,0.572,0.307,0.56,0.14,0.311,0.436,0.369,0.221,-0.42,0.763,0.013,0.376,0.445,0.888,0.862,0.624,0.464,0.038,0.418,-0.088,0.518,0.227,-0.073,0.341,0.16,-0.213,0.458,0.651,0.111,0.35,0.8,0.124,0.393,0.322,0.694,0.52,0.235,0.716,0.324,0.665,-0.003,-0.367,0.575,0.285,0.726,0.517,0.63,0.533,-0.143,0.201,0.612,0.106,0.421,0.652,0.337,0.572,0.629,-0.079,-0.457,0.674,0.517,-0.181,0.683,0.684,0.841,0.636,0.655,0.524,0.034,0.377,0.637,0.732,0.315,0.758,0.563,0.696,0.469,0.314,0.648,0.372,0.611,0.942,0.573,-0.181,0.26,0.165,0.836,0.421,0.332,0.294,0.413,0.632,0.75,0.47,0.735,0.506,0.209,0.769,0.24,0.695,0.309,0.246,0.108,-0.052,0.119,0.295,0.271,0.398,0.153,0.211,0.728,0.748,-0.293
BMRN,-0.407,0.248,-0.044,-0.221,0.096,0.014,0.475,0.124,-0.353,-0.456,0.2,-0.134,-0.27,-0.402,-0.142,0.411,-0.163,-0.357,-0.156,0.145,0.207,-0.025,-0.095,0.006,0.0,0.682,-0.417,-0.363,-0.312,-0.51,-0.075,-0.18,0.117,0.583,0.36,-0.068,-0.007,0.102,-0.477,0.349,-0.485,-0.53,0.493,-0.313,0.125,0.182,0.24,0.067,0.137,0.605,-0.424,-0.712,0.397,0.367,0.059,0.48,0.349,0.175,0.256,0.465,0.344,0.379,-0.421,-0.267,-0.537,-0.006,-0.048,-0.219,-0.714,-0.693,0.027,-0.569,0.216,-0.093,-0.398,0.363,-0.577,-0.509,-0.503,-0.227,-0.462,-0.212,-0.337,-0.736,-0.202,0.048,0.136,0.257,0.563,0.002,0.552,-0.75,-0.055,0.377,-0.532,0.575,-0.359,-0.25,0.136,0.304,-0.255,0.092,0.141,0.096,0.228,-0.497,-0.062,-0.135,0.733,0.315,-0.614,0.256,0.672,0.128,0.028,0.453,-0.481,-0.269,-0.179,0.381,-0.067,-0.349,-0.153,-0.03,0.067,-0.626,-0.447,0.295,0.405,-0.304,-0.623,-0.367,-0.35,-0.359,-0.275,0.477,0.684,-0.495,-0.015,0.455,-0.18,-0.156,0.154,-0.334,-0.246,-0.225,0.367,-0.446,-0.56,-0.22,-0.122,0.045,-0.513,0.068,0.039,0.364,-0.309,0.124,0.063,-0.17,-0.386,0.102,-0.224,-0.703,0.265,-0.321,0.042,0.023,-0.13,-0.398,0.076,-0.03,0.586,0.214,0.616,-0.022,0.143,-0.108,-0.466,-0.244,-0.233,-0.228,-0.085,0.082,0.062,0.059,-0.241,-0.291,0.172,0.584,0.01,-0.666,0.113,0.541,0.216,-0.512,-0.131,0.291,-0.404,0.612
BNGO,-0.174,0.508,0.256,0.011,-0.1,0.028,0.526,0.419,-0.144,-0.277,0.332,0.129,-0.503,-0.506,0.003,0.708,-0.376,-0.52,-0.279,-0.225,0.014,-0.228,-0.412,0.218,0.682,0.0,-0.333,-0.339,0.075,-0.568,0.23,-0.047,0.402,0.664,0.639,-0.303,0.344,0.369,-0.371,0.191,-0.553,-0.507,0.755,-0.206,0.19,0.201,-0.101,0.41,0.392,0.466,-0.143,-0.807,0.525,0.197,0.474,0.659,-0.014,0.006,0.575,0.646,0.513,0.683,-0.21,0.075,-0.333,0.402,0.292,0.195,-0.8,-0.447,0.332,-0.524,0.423,-0.279,-0.263,0.623,-0.395,-0.379,-0.197,0.149,-0.402,0.047,-0.388,-0.639,0.033,0.359,0.209,0.51,0.332,0.322,0.632,-0.672,0.194,0.613,-0.406,0.362,-0.299,0.051,0.461,0.643,-0.096,0.171,0.027,0.433,0.454,-0.255,0.134,-0.119,0.838,0.472,-0.607,0.556,0.756,-0.092,-0.064,0.709,-0.522,-0.018,0.154,0.674,0.259,-0.228,-0.354,-0.368,0.198,-0.662,-0.263,0.556,0.538,-0.302,-0.598,-0.17,-0.396,-0.027,0.034,0.496,0.823,-0.419,0.253,0.494,0.109,0.212,0.44,-0.185,0.068,-0.279,0.335,-0.263,-0.612,-0.179,-0.185,0.093,-0.266,0.274,0.282,0.612,-0.179,0.372,0.24,-0.401,-0.229,0.401,0.034,-0.56,0.532,-0.319,0.262,0.115,0.18,-0.464,0.32,0.307,0.769,0.213,0.578,0.345,0.439,0.242,-0.4,-0.235,0.113,0.072,0.275,0.37,0.045,-0.197,-0.087,-0.467,0.422,0.629,0.227,-0.704,0.409,0.441,0.623,-0.668,0.285,0.51,-0.376,0.632
BUSE,0.383,0.191,0.5,0.01,0.591,0.704,0.236,0.302,0.911,0.249,0.621,0.541,0.308,0.768,0.577,-0.189,0.569,0.618,0.71,0.339,0.349,0.557,0.25,0.751,-0.417,-0.333,0.0,0.809,0.531,0.779,0.143,0.868,0.095,-0.034,0.082,0.487,0.05,0.221,0.442,0.285,0.677,0.94,-0.326,0.669,0.478,-0.588,0.324,0.134,0.232,-0.253,0.366,0.539,0.307,0.305,0.237,-0.04,0.363,0.466,-0.077,-0.409,0.308,-0.04,0.865,0.53,0.743,0.337,0.458,0.61,0.54,0.792,0.186,0.926,-0.041,0.69,0.968,-0.24,0.768,0.81,0.755,0.388,0.817,0.8,0.659,0.7,0.779,-0.386,0.624,0.237,0.008,0.392,-0.124,0.777,0.413,0.023,0.517,-0.642,0.957,0.044,0.174,0.101,0.905,0.736,0.48,0.213,-0.133,0.575,-0.043,0.521,-0.297,-0.289,0.725,-0.09,-0.598,0.396,0.664,-0.246,0.678,0.82,0.175,0.045,0.229,0.868,0.666,0.408,0.577,0.776,0.838,-0.254,-0.64,0.789,0.686,0.859,0.73,0.684,0.615,-0.431,-0.271,0.95,0.006,0.121,0.633,0.322,0.355,0.809,0.013,-0.092,0.413,0.739,0.254,0.712,0.711,0.756,0.855,0.508,0.458,-0.3,0.595,0.438,0.637,0.523,0.936,0.282,0.683,0.826,0.098,0.822,0.308,0.589,0.752,0.817,-0.228,0.182,-0.223,0.693,0.105,0.175,0.128,0.304,0.896,0.867,0.478,0.76,0.375,0.063,0.675,0.356,0.752,0.651,0.069,-0.278,-0.084,0.652,0.059,0.056,0.07,0.581,0.109,0.327,0.976,-0.645
CAKE,0.316,0.057,0.326,0.005,0.599,0.663,0.179,0.173,0.74,0.227,0.508,0.332,0.367,0.722,0.585,-0.295,0.655,0.73,0.648,0.375,0.225,0.477,0.343,0.626,-0.363,-0.339,0.809,0.0,0.348,0.799,-0.004,0.71,-0.121,-0.101,-0.027,0.686,0.018,0.137,0.279,0.301,0.782,0.841,-0.34,0.593,0.499,-0.474,0.385,0.023,0.138,-0.364,0.224,0.513,0.231,0.265,0.104,-0.157,0.485,0.463,-0.194,-0.455,0.199,-0.135,0.722,0.426,0.662,0.18,0.277,0.441,0.527,0.7,0.137,0.856,-0.118,0.608,0.808,-0.412,0.674,0.699,0.667,0.259,0.759,0.614,0.488,0.643,0.696,-0.288,0.521,0.22,0.094,0.407,-0.245,0.706,0.279,0.049,0.388,-0.403,0.857,0.073,0.015,-0.046,0.77,0.54,0.491,0.112,-0.278,0.503,-0.159,0.614,-0.372,-0.423,0.703,-0.202,-0.652,0.457,0.594,-0.365,0.701,0.688,-0.01,-0.075,0.104,0.743,0.647,0.467,0.504,0.735,0.706,-0.357,-0.599,0.659,0.588,0.648,0.713,0.53,0.453,-0.344,-0.258,0.752,0.065,0.058,0.449,0.142,0.173,0.693,-0.07,-0.087,0.341,0.661,0.082,0.611,0.756,0.63,0.62,0.428,0.245,-0.318,0.45,0.287,0.503,0.512,0.781,0.152,0.631,0.666,-0.117,0.667,0.112,0.483,0.631,0.773,-0.34,-0.025,-0.332,0.541,-0.126,0.078,-0.027,0.156,0.783,0.761,0.298,0.633,0.242,-0.035,0.638,0.319,0.671,0.655,0.001,-0.252,-0.184,0.603,-0.032,-0.134,-0.026,0.605,-0.033,0.395,0.815,-0.609
CASY,0.623,0.709,0.847,0.609,-0.105,0.296,0.144,0.739,0.692,0.58,0.359,0.852,-0.198,-0.004,0.204,0.524,-0.214,-0.142,-0.062,-0.504,-0.377,-0.171,-0.566,0.55,-0.312,0.075,0.531,0.348,0.0,0.121,0.756,0.585,0.703,0.324,0.633,0.175,0.759,0.788,0.622,0.005,0.215,0.35,0.363,0.329,0.298,-0.038,-0.472,0.794,0.723,-0.368,0.777,0.028,0.276,-0.275,0.808,0.495,-0.192,-0.085,0.617,0.32,0.48,0.598,0.651,0.891,0.755,0.819,0.76,0.847,-0.071,0.527,0.773,0.425,0.441,-0.04,0.59,0.526,0.619,0.714,0.801,0.926,0.244,0.834,-0.027,0.488,0.592,0.295,0.191,0.675,-0.46,0.679,0.387,0.416,0.829,0.546,0.726,-0.427,0.539,0.719,0.764,0.649,0.611,0.33,-0.15,0.731,0.565,0.533,0.617,0.0,0.085,0.461,0.377,0.619,0.054,-0.262,-0.045,0.459,0.31,0.711,0.529,0.627,0.792,0.707,-0.14,-0.415,0.314,0.393,0.587,0.534,0.162,0.149,0.436,0.84,0.009,0.928,0.832,-0.327,0.109,0.543,0.611,-0.018,0.602,0.858,0.758,0.731,0.616,0.179,-0.021,0.578,0.136,0.046,0.046,0.408,0.611,0.539,0.783,0.432,0.638,0.8,0.416,-0.324,0.697,0.788,0.8,0.526,0.665,0.304,0.788,0.274,0.642,0.145,0.423,0.758,0.398,0.48,0.216,0.835,0.745,0.884,0.314,0.314,0.876,0.829,0.91,0.767,0.25,-0.488,0.654,-0.118,0.695,0.052,0.652,0.172,0.76,-0.278,0.683,-0.031,0.774,0.397,0.451,0.043
CCOI,0.257,-0.322,0.067,-0.178,0.717,0.615,0.038,-0.072,0.604,0.145,0.35,0.048,0.617,0.893,0.662,-0.637,0.838,0.916,0.817,0.62,0.426,0.743,0.647,0.474,-0.51,-0.568,0.779,0.799,0.121,0.0,-0.268,0.611,-0.414,-0.443,-0.392,0.58,-0.331,-0.214,0.282,0.321,0.873,0.904,-0.657,0.584,0.454,-0.515,0.556,-0.347,-0.215,-0.365,-0.013,0.78,0.153,0.366,-0.205,-0.458,0.456,0.512,-0.541,-0.746,-0.134,-0.514,0.696,0.14,0.529,-0.113,0.034,0.203,0.797,0.7,-0.231,0.892,-0.306,0.74,0.735,-0.66,0.548,0.586,0.504,-0.041,0.851,0.411,0.787,0.712,0.563,-0.519,0.499,-0.153,0.176,0.036,-0.522,0.786,-0.058,-0.277,0.275,-0.601,0.802,-0.228,-0.336,-0.402,0.684,0.469,0.6,-0.125,-0.589,0.548,-0.38,0.653,-0.638,-0.714,0.703,-0.54,-0.884,0.636,0.672,-0.671,0.762,0.588,-0.142,-0.445,-0.171,0.584,0.809,0.72,0.469,0.801,0.669,-0.706,-0.834,0.849,0.616,0.507,0.918,0.291,0.211,-0.308,-0.464,0.76,-0.232,0.044,0.305,-0.149,-0.157,0.57,-0.232,-0.105,0.31,0.635,0.286,0.761,0.821,0.426,0.592,0.275,-0.032,-0.659,0.422,-0.078,0.427,0.812,0.63,-0.224,0.429,0.764,-0.414,0.696,-0.168,0.495,0.458,0.936,-0.523,-0.306,-0.648,0.317,-0.315,-0.236,-0.34,-0.206,0.883,0.787,0.011,0.412,-0.095,-0.399,0.554,0.584,0.517,0.826,-0.39,-0.406,-0.443,0.767,-0.407,0.019,-0.411,0.762,-0.331,0.101,0.827,-0.877
CEVA,0.692,0.691,0.774,0.788,-0.368,-0.092,0.001,0.78,0.343,0.682,0.049,0.755,-0.369,-0.344,-0.042,0.708,-0.604,-0.491,-0.432,-0.695,-0.518,-0.397,-0.806,0.176,-0.075,0.23,0.143,-0.004,0.756,-0.268,0.0,0.339,0.863,0.317,0.721,-0.139,0.907,0.869,0.526,-0.071,-0.005,-0.078,0.544,-0.002,0.14,0.361,-0.646,0.877,0.837,-0.157,0.76,-0.158,0.236,-0.471,0.822,0.686,-0.41,-0.445,0.827,0.604,0.543,0.766,0.302,0.828,0.583,0.735,0.591,0.623,-0.319,0.18,0.785,0.031,0.498,-0.312,0.223,0.719,0.442,0.371,0.599,0.871,-0.088,0.546,-0.299,0.254,0.224,0.549,-0.094,0.653,-0.633,0.565,0.664,0.12,0.835,0.664,0.591,-0.144,0.19,0.848,0.857,0.603,0.167,0.039,-0.392,0.768,0.84,0.328,0.91,-0.291,0.147,0.744,0.042,0.868,0.357,-0.501,-0.301,0.696,0.066,0.429,0.65,0.699,0.938,0.401,-0.483,-0.697,0.079,0.085,0.262,0.769,0.528,-0.173,0.235,0.507,-0.371,0.737,0.782,-0.092,0.264,0.211,0.663,0.03,0.426,0.787,0.753,0.441,0.881,0.521,-0.205,0.395,0.052,-0.298,-0.366,0.174,0.276,0.373,0.7,0.7,0.523,0.709,0.199,-0.62,0.34,0.615,0.566,0.168,0.778,-0.016,0.803,0.166,0.235,-0.293,0.739,0.84,0.642,0.178,0.313,0.911,0.911,0.854,-0.073,-0.198,0.86,0.59,0.818,0.878,-0.028,-0.672,0.405,-0.419,0.865,0.347,0.908,-0.152,0.788,-0.21,0.732,-0.295,0.871,0.322,0.051,0.427
