,AAPL,ACRS,ADP,AFYA,AGNC,AGYS,ALT,AMGN,AMPH,AMZN,ANIP,AOSL,APDN,APLT,APVO,ARGX,ARLP,ATEX,ATRA,AUTL,AVDL,BCRX,BHAT,BLBD,BMRN,BNGO,BUSE,CAKE,CASY,CCOI,CEVA,CHY,CLDX,CLMT,COHU,COLM,COST,CPRT,CSWC,CSX,DBX,DCOM,DKNG,DMLP,DOX,EA,EDIT,ENPH,ENSG,ERNA,ESGR,ETNB,EXTR,FANG,FARO,FATE,FGEN,FIVE,FIVN,FLGT,FOLD,FORM,FOXA,FRPT,FSLR,FTAI,GBDC,GDYN,GGAL,GNLN,GRFS,GT,HCAT,HCM,HFWA,HOLX,HQY,HUBG,IAC,ICLR,IDCC,IEP,IHRT,ILMN,ILPT,IMAB,IMOS,INMD,INTZ,JAZZ,JKHY,JRVR,KIDS,LBRDK,LGND,LMAT,LPLA,LULU,MASI,MAT,MATW,MBIN,MBIO,MCRB,MDB,MDLZ,MELI,MIRM,MLKN,MNMD,MNRO,MPWR,MRCY,MRSN,MTVA,NAAS,NDAQ,NDSN,NEGG,NOVT,NVDA,NWE,NWSA,NXST,OCX,ODFL,OMAB,OPCH,OPRA,ORGO,OTRK,OZK,PAGP,PCH,PEGA,PENG,PENN,PFBC,PGNY,PHAT,PHUN,PINC,PLUG,PLXS,PYPL,QLYS,QNCX,QQQX,QVCGA,RAPT,RBBN,RCKT,REPL,RMBS,ROAD,ROKU,ROP,RUSHA,SANM,SATS,SBCF,SBLK,SBUX,SCHL,SCSC,SDGR,SEIC,SFIX,SGRY,SKYW,SLP,SNES,STAA,STLD,STOK,SWKS,TER,TFIN,TIGO,TILE,TPIC,TTEC,TTEK,TTGT,UXIN,VERU,VLYPP,VNOM,VRNS,VRSN,WDAY,WERN,WINA,WKHS,WRLD,XP,XTKG,YY,ZION,ZM
AAPL,0.0,0.34,0.71,0.815,0.005,0.186,-0.107,0.611,0.412,0.908,0.086,0.507,0.042,0.015,0.212,0.374,-0.215,-0.048,-0.127,-0.383,-0.37,0.013,-0.432,0.274,-0.293,-0.057,0.372,0.287,0.69,0.197,0.735,0.458,0.506,-0.002,0.432,0.179,0.646,0.619,0.738,0.225,0.502,0.284,0.253,0.204,0.414,0.312,-0.416,0.553,0.642,-0.424,0.637,0.29,0.331,-0.326,0.645,0.45,-0.208,-0.16,0.456,0.195,0.339,0.401,0.596,0.674,0.696,0.61,0.501,0.583,0.105,0.475,0.625,0.373,0.564,-0.025,0.416,0.385,0.734,0.53,0.734,0.696,0.285,0.578,0.093,0.662,0.421,0.409,0.046,0.554,-0.61,0.496,0.396,0.575,0.615,0.498,0.633,-0.331,0.467,0.698,0.594,0.26,0.354,0.052,-0.129,0.646,0.477,0.716,0.697,0.127,-0.27,0.391,0.313,0.564,-0.081,-0.133,-0.035,0.319,0.566,0.59,0.491,0.394,0.796,0.49,-0.183,-0.288,0.312,0.47,0.561,0.397,0.224,0.219,0.436,0.575,0.075,0.71,0.684,-0.079,0.101,0.454,0.612,0.135,0.417,0.617,0.436,0.633,0.822,0.632,-0.148,0.763,0.155,-0.012,-0.021,0.152,0.394,0.515,0.519,0.328,0.746,0.417,0.329,-0.239,0.454,0.364,0.732,0.514,0.406,0.137,0.557,0.351,0.309,0.136,0.597,0.57,0.299,0.148,0.052,0.747,0.649,0.564,0.266,0.1,0.636,0.613,0.661,0.574,0.261,-0.412,0.511,-0.065,0.542,0.357,0.684,0.225,0.497,-0.217,0.451,0.087,0.687,0.325,0.315,0.017
ACRS,0.34,0.0,0.785,0.34,-0.152,0.18,0.382,0.395,0.658,0.394,0.497,0.922,-0.489,-0.11,-0.295,0.805,-0.468,-0.432,-0.128,-0.462,-0.001,-0.194,-0.692,0.548,0.308,0.398,0.42,0.311,0.712,-0.186,0.767,0.631,0.862,0.865,0.889,0.266,0.815,0.901,0.251,-0.08,-0.095,0.122,0.414,0.085,0.39,-0.198,-0.179,0.925,0.847,0.153,0.792,-0.436,0.342,-0.196,0.802,0.856,0.308,-0.129,0.883,0.733,0.741,0.91,0.409,0.83,0.618,0.73,0.655,0.627,-0.533,0.193,0.745,0.242,0.333,-0.0,0.511,0.795,0.532,0.551,0.583,0.837,0.115,0.699,-0.367,0.079,0.284,0.297,0.272,0.829,-0.446,0.773,0.66,0.154,0.816,0.738,0.576,-0.058,0.405,0.649,0.838,0.903,0.502,0.316,-0.088,0.841,0.852,-0.041,0.722,-0.181,0.514,0.815,0.382,0.849,0.437,-0.365,0.084,0.838,-0.103,0.551,0.432,0.875,0.75,0.695,-0.334,-0.489,0.294,0.207,0.319,0.765,0.246,-0.117,0.187,0.604,-0.289,0.75,0.821,-0.431,0.183,0.456,0.357,0.386,0.497,0.781,0.966,0.485,0.513,0.241,0.004,0.194,-0.03,-0.029,-0.139,0.705,0.426,0.522,0.838,0.84,0.455,0.947,0.38,-0.509,0.608,0.802,0.601,0.133,0.881,0.248,0.908,0.507,0.465,-0.19,0.459,0.776,0.725,0.718,0.734,0.757,0.84,0.918,0.073,0.157,0.88,0.687,0.829,0.876,0.539,-0.37,0.546,-0.218,0.893,0.253,0.713,-0.037,0.855,-0.22,0.764,-0.298,0.642,0.506,0.343,0.46
ADP,0.71,0.785,0.0,0.568,0.102,0.469,0.291,0.658,0.735,0.646,0.572,0.863,-0.13,0.073,0.095,0.7,-0.245,-0.152,0.01,-0.36,-0.129,0.05,-0.564,0.658,0.046,0.243,0.622,0.465,0.862,0.104,0.823,0.743,0.804,0.54,0.808,0.316,0.799,0.878,0.597,0.276,0.281,0.4,0.404,0.359,0.601,-0.129,-0.238,0.837,0.899,-0.153,0.776,-0.108,0.54,-0.105,0.895,0.812,0.16,0.043,0.713,0.423,0.778,0.762,0.763,0.879,0.796,0.878,0.747,0.799,-0.233,0.463,0.86,0.468,0.659,0.118,0.698,0.607,0.779,0.757,0.774,0.902,0.387,0.888,0.024,0.494,0.629,0.305,0.352,0.881,-0.481,0.818,0.628,0.488,0.894,0.74,0.682,-0.235,0.661,0.684,0.889,0.725,0.664,0.452,0.032,0.895,0.695,0.51,0.716,0.13,0.218,0.626,0.387,0.799,0.163,-0.11,0.211,0.642,0.344,0.826,0.629,0.81,0.879,0.765,-0.142,-0.306,0.56,0.481,0.699,0.655,0.198,0.25,0.294,0.796,0.034,0.926,0.886,-0.177,0.212,0.649,0.626,0.387,0.651,0.838,0.833,0.791,0.636,0.323,0.142,0.622,-0.035,0.099,0.107,0.619,0.589,0.816,0.918,0.566,0.779,0.86,0.662,-0.291,0.777,0.75,0.902,0.434,0.763,0.272,0.848,0.506,0.621,0.124,0.628,0.831,0.618,0.667,0.545,0.873,0.874,0.872,0.374,0.376,0.903,0.879,0.937,0.843,0.577,-0.31,0.696,-0.008,0.777,0.396,0.713,0.158,0.809,-0.095,0.764,-0.068,0.786,0.559,0.542,0.123
AFYA,0.815,0.34,0.568,0.0,-0.353,-0.119,-0.309,0.532,0.121,0.85,-0.183,0.435,-0.142,-0.397,-0.048,0.511,-0.495,-0.377,-0.549,-0.656,-0.695,-0.389,-0.658,-0.051,-0.199,0.03,0.034,0.029,0.613,-0.188,0.742,0.108,0.548,0.04,0.415,0.036,0.719,0.622,0.684,-0.027,0.147,-0.091,0.443,0.017,0.113,0.546,-0.695,0.597,0.639,-0.419,0.68,-0.005,0.142,-0.511,0.616,0.46,-0.367,-0.462,0.536,0.446,0.281,0.461,0.256,0.554,0.484,0.513,0.329,0.422,-0.175,0.187,0.693,-0.006,0.582,-0.42,0.116,0.52,0.466,0.329,0.488,0.651,-0.13,0.337,-0.293,0.42,0.129,0.549,-0.329,0.489,-0.669,0.399,0.442,0.268,0.59,0.516,0.575,0.018,0.128,0.794,0.61,0.281,0.03,-0.269,-0.512,0.566,0.586,0.442,0.761,-0.247,-0.139,0.576,0.078,0.656,0.238,-0.5,-0.413,0.45,0.291,0.283,0.448,0.451,0.743,0.267,-0.522,-0.583,-0.043,0.21,0.24,0.622,0.572,-0.207,0.252,0.366,-0.328,0.555,0.526,-0.062,0.125,0.136,0.781,-0.119,0.143,0.669,0.36,0.39,0.872,0.758,-0.455,0.405,0.062,-0.478,-0.384,-0.114,0.066,0.275,0.444,0.477,0.547,0.357,0.031,-0.604,0.201,0.425,0.513,0.185,0.461,-0.228,0.561,-0.008,0.005,-0.267,0.735,0.626,0.41,-0.058,-0.028,0.744,0.651,0.575,-0.158,-0.245,0.552,0.398,0.645,0.677,-0.059,-0.731,0.283,-0.383,0.592,0.346,0.801,-0.008,0.614,-0.424,0.516,-0.186,0.743,0.091,-0.057,0.357
AGNC,0.005,-0.152,0.102,-0.353,0.0,0.786,0.433,-0.048,0.368,-0.222,0.582,-0.074,0.552,0.756,0.667,-0.386,0.828,0.776,0.813,0.808,0.676,0.882,0.653,0.543,0.128,-0.096,0.593,0.61,-0.078,0.743,-0.306,0.505,-0.321,-0.097,-0.107,0.489,-0.38,-0.158,0.024,0.779,0.614,0.677,-0.319,0.512,0.629,-0.456,0.75,-0.316,-0.104,0.095,-0.372,0.377,0.563,0.768,-0.132,-0.116,0.598,0.802,-0.404,-0.572,0.131,-0.275,0.532,-0.07,0.142,-0.026,0.097,0.132,0.444,0.339,-0.212,0.57,-0.014,0.768,0.541,-0.504,0.23,0.248,0.167,-0.183,0.692,0.321,0.775,0.298,0.612,-0.576,0.687,0.061,0.553,0.126,-0.173,0.396,-0.134,-0.05,-0.137,-0.254,0.635,-0.479,-0.221,-0.214,0.586,0.676,0.869,-0.034,-0.462,0.379,-0.423,0.769,-0.136,-0.512,0.266,-0.358,-0.521,0.88,0.804,-0.387,0.573,0.468,-0.186,-0.161,-0.225,0.326,0.823,0.834,0.652,0.417,0.527,-0.538,-0.65,0.83,0.142,0.284,0.861,0.073,-0.001,0.146,0.069,0.493,-0.236,0.398,0.287,-0.258,-0.062,0.413,-0.46,-0.381,0.782,0.444,-0.178,0.718,0.863,0.411,0.319,0.453,0.037,-0.472,0.267,-0.018,0.621,0.836,0.41,-0.15,0.329,0.364,-0.238,0.524,-0.149,0.507,0.467,0.82,-0.421,-0.31,-0.263,0.456,0.169,-0.246,-0.252,-0.254,0.713,0.772,-0.131,0.296,-0.116,-0.354,0.575,0.761,0.418,0.85,-0.31,0.053,-0.484,0.402,-0.363,0.584,-0.224,0.534,-0.385,0.38,0.637,-0.61
AGYS,0.186,0.18,0.469,-0.119,0.786,0.0,0.543,0.283,0.609,0.006,0.77,0.291,0.441,0.621,0.606,-0.034,0.62,0.633,0.704,0.512,0.437,0.71,0.345,0.749,0.032,0.006,0.762,0.731,0.324,0.665,-0.012,0.688,0.017,0.144,0.221,0.572,-0.011,0.183,0.212,0.681,0.6,0.766,-0.1,0.605,0.71,-0.532,0.527,0.072,0.233,-0.093,-0.011,0.174,0.64,0.559,0.263,0.185,0.564,0.7,-0.092,-0.336,0.455,0.059,0.775,0.264,0.436,0.373,0.38,0.48,0.251,0.523,0.212,0.683,0.276,0.656,0.753,-0.222,0.482,0.576,0.455,0.208,0.749,0.643,0.635,0.435,0.825,-0.38,0.718,0.414,0.311,0.442,0.012,0.52,0.29,0.265,0.184,-0.255,0.786,-0.113,0.187,0.16,0.78,0.757,0.695,0.298,-0.169,0.514,-0.17,0.768,0.029,-0.208,0.415,-0.018,-0.383,0.679,0.742,-0.097,0.583,0.749,0.101,0.245,0.105,0.584,0.64,0.556,0.775,0.561,0.712,-0.196,-0.459,0.812,0.169,0.594,0.725,0.447,0.34,0.073,0.124,0.627,0.135,0.393,0.515,0.167,0.259,0.657,-0.229,-0.332,0.713,0.605,-0.248,0.617,0.836,0.609,0.539,0.758,0.44,-0.194,0.498,0.35,0.781,0.557,0.709,0.244,0.653,0.484,0.05,0.499,0.18,0.51,0.728,0.752,-0.129,0.073,-0.032,0.677,0.301,0.143,0.106,0.152,0.76,0.877,0.253,0.61,0.32,0.062,0.664,0.45,0.598,0.677,0.048,0.116,-0.173,0.44,0.063,0.335,0.168,0.419,-0.001,0.548,0.749,-0.517
ALT,-0.107,0.382,0.291,-0.309,0.433,0.543,0.0,0.27,0.407,-0.257,0.681,0.312,-0.18,0.306,0.333,0.256,0.183,0.119,0.414,0.282,0.607,0.311,0.073,0.647,0.415,0.476,0.372,0.315,0.169,0.147,0.042,0.511,0.175,0.501,0.382,0.209,0.073,0.229,-0.3,0.27,0.054,0.256,0.21,0.146,0.424,-0.42,0.456,0.218,0.266,0.366,-0.031,-0.274,0.486,0.501,0.304,0.321,0.456,0.368,0.225,0.169,0.493,0.32,0.293,0.204,0.092,0.343,0.354,0.362,-0.263,0.194,0.128,0.224,0.02,0.419,0.375,0.136,0.151,0.112,0.213,0.141,0.291,0.41,0.134,-0.186,0.4,-0.172,0.655,0.365,0.404,0.298,0.262,-0.041,0.227,0.35,-0.071,-0.048,0.37,-0.099,0.253,0.446,0.462,0.625,0.511,0.295,0.11,-0.079,-0.086,0.343,0.551,0.079,0.17,0.147,0.136,0.358,0.499,0.249,-0.024,0.375,0.101,0.38,0.114,0.359,0.267,0.188,0.556,-0.082,0.209,0.048,-0.163,0.352,-0.038,0.278,0.26,0.221,0.262,0.0,0.413,0.248,0.004,0.513,0.449,0.175,0.413,0.257,-0.189,-0.461,0.622,0.132,-0.254,0.473,0.468,0.628,0.324,0.375,0.312,0.201,0.06,0.424,0.484,0.216,0.383,0.346,0.264,0.067,0.273,0.385,0.233,0.538,0.562,0.248,-0.157,0.1,0.31,0.558,0.546,0.108,0.182,0.178,0.298,0.445,0.202,0.351,0.207,0.138,0.46,0.268,0.305,0.291,0.239,0.243,-0.106,-0.162,0.169,0.435,0.329,0.024,0.026,0.602,0.391,0.014
AMGN,0.611,0.395,0.658,0.532,-0.048,0.283,0.27,0.0,0.414,0.514,0.348,0.507,-0.177,-0.076,0.297,0.587,-0.231,-0.161,-0.071,-0.341,-0.281,-0.102,-0.444,0.456,-0.033,0.34,0.314,0.188,0.654,-0.002,0.618,0.415,0.56,0.206,0.561,-0.013,0.632,0.576,0.369,0.198,0.201,0.165,0.544,0.211,0.289,0.161,-0.287,0.589,0.605,-0.175,0.48,-0.121,0.426,-0.156,0.716,0.59,-0.184,-0.067,0.551,0.339,0.578,0.546,0.466,0.611,0.488,0.717,0.613,0.709,-0.259,0.35,0.669,0.223,0.55,-0.007,0.343,0.48,0.513,0.373,0.619,0.619,0.15,0.575,-0.031,0.271,0.498,0.426,0.284,0.59,-0.198,0.378,0.544,0.204,0.7,0.653,0.38,-0.232,0.373,0.572,0.699,0.476,0.344,0.319,-0.064,0.573,0.458,0.495,0.467,0.076,0.206,0.354,0.057,0.574,0.183,-0.12,0.034,0.457,0.203,0.56,0.554,0.591,0.71,0.391,-0.106,-0.39,0.348,0.126,0.381,0.489,0.3,0.19,0.234,0.555,-0.03,0.653,0.614,0.103,0.434,0.281,0.595,0.225,0.563,0.622,0.516,0.506,0.597,0.18,0.16,0.584,-0.151,0.049,0.088,0.276,0.428,0.511,0.554,0.382,0.438,0.544,0.433,-0.278,0.446,0.545,0.626,0.293,0.508,0.149,0.473,0.272,0.525,0.036,0.504,0.616,0.511,0.31,0.266,0.729,0.664,0.537,0.21,0.119,0.579,0.615,0.666,0.575,0.122,-0.357,0.487,-0.201,0.577,0.396,0.541,-0.139,0.575,0.011,0.665,-0.172,0.685,0.55,0.26,0.155
AMPH,0.412,0.658,0.735,0.121,0.368,0.609,0.407,0.414,0.0,0.316,0.738,0.806,-0.066,0.568,0.212,0.311,0.188,0.26,0.516,0.013,0.256,0.346,-0.177,0.886,-0.134,-0.023,0.914,0.757,0.754,0.527,0.491,0.898,0.508,0.462,0.556,0.508,0.465,0.62,0.403,0.217,0.474,0.763,-0.04,0.56,0.583,-0.571,0.166,0.584,0.555,-0.071,0.597,0.204,0.428,0.079,0.598,0.487,0.454,0.347,0.418,0.085,0.572,0.46,0.83,0.797,0.815,0.632,0.714,0.775,0.146,0.714,0.522,0.831,0.183,0.524,0.925,0.279,0.835,0.823,0.828,0.718,0.693,0.909,0.276,0.567,0.742,-0.067,0.661,0.658,-0.215,0.645,0.222,0.701,0.664,0.421,0.612,-0.569,0.882,0.351,0.528,0.558,0.936,0.715,0.417,0.634,0.337,0.408,0.321,0.322,0.048,0.216,0.735,0.379,-0.268,0.164,0.546,0.267,0.41,0.884,0.322,0.489,0.542,0.908,0.345,0.051,0.583,0.662,0.774,0.2,-0.393,0.525,0.608,0.907,0.419,0.848,0.792,-0.525,-0.123,0.896,0.123,0.325,0.687,0.55,0.735,0.796,0.23,-0.073,0.379,0.613,0.156,0.571,0.474,0.851,0.877,0.657,0.708,0.264,0.601,0.781,0.674,0.146,0.939,0.646,0.79,0.715,0.534,0.759,0.64,0.68,0.846,0.525,0.019,0.507,0.207,0.847,0.462,0.52,0.501,0.682,0.739,0.72,0.737,0.885,0.689,0.478,0.726,0.094,0.83,0.367,0.478,-0.055,0.268,0.461,0.506,-0.083,0.446,0.274,0.376,0.594,0.888,-0.271
AMZN,0.908,0.394,0.646,0.85,-0.222,0.006,-0.257,0.514,0.316,0.0,-0.057,0.529,-0.046,-0.145,-0.019,0.401,-0.385,-0.211,-0.296,-0.549,-0.502,-0.178,-0.53,0.1,-0.276,-0.118,0.231,0.191,0.683,0.042,0.776,0.352,0.548,0.043,0.431,0.164,0.717,0.66,0.746,0.033,0.384,0.127,0.243,0.084,0.287,0.381,-0.516,0.608,0.633,-0.43,0.737,0.196,0.205,-0.504,0.608,0.423,-0.252,-0.326,0.516,0.311,0.269,0.437,0.462,0.685,0.675,0.554,0.437,0.495,0.035,0.408,0.594,0.254,0.457,-0.196,0.29,0.491,0.647,0.509,0.668,0.711,0.185,0.467,-0.113,0.592,0.242,0.491,-0.15,0.496,-0.751,0.476,0.423,0.517,0.624,0.515,0.712,-0.253,0.313,0.831,0.582,0.286,0.222,-0.17,-0.338,0.611,0.559,0.563,0.814,-0.102,-0.283,0.512,0.351,0.598,0.011,-0.354,-0.195,0.383,0.434,0.455,0.497,0.409,0.771,0.433,-0.351,-0.419,0.081,0.445,0.393,0.501,0.333,0.01,0.393,0.49,-0.129,0.666,0.672,-0.179,0.026,0.36,0.588,0.084,0.307,0.621,0.454,0.541,0.873,0.753,-0.402,0.623,0.288,-0.2,-0.224,0.066,0.288,0.391,0.518,0.436,0.697,0.433,0.16,-0.397,0.358,0.353,0.628,0.417,0.434,-0.0,0.583,0.241,0.147,-0.033,0.643,0.6,0.319,0.066,0.005,0.774,0.656,0.611,0.116,-0.069,0.665,0.542,0.65,0.663,0.133,-0.558,0.388,-0.202,0.621,0.291,0.792,0.234,0.551,-0.424,0.426,0.029,0.693,0.14,0.159,0.16
ANIP,0.086,0.497,0.572,-0.183,0.582,0.77,0.681,0.348,0.738,-0.057,0.0,0.495,-0.018,0.492,0.39,0.323,0.309,0.255,0.563,0.244,0.514,0.479,0.032,0.858,0.274,0.348,0.707,0.599,0.437,0.366,0.202,0.75,0.292,0.503,0.535,0.327,0.219,0.379,0.056,0.434,0.256,0.563,0.177,0.556,0.587,-0.54,0.422,0.341,0.427,0.188,0.187,-0.122,0.695,0.547,0.47,0.454,0.526,0.592,0.254,0.028,0.628,0.406,0.675,0.445,0.384,0.586,0.599,0.627,-0.09,0.429,0.315,0.544,0.261,0.534,0.711,0.171,0.49,0.484,0.447,0.371,0.601,0.724,0.374,0.162,0.75,-0.124,0.811,0.568,0.227,0.619,0.325,0.326,0.412,0.446,0.15,-0.247,0.679,0.038,0.392,0.537,0.792,0.792,0.569,0.467,0.118,0.281,0.017,0.51,0.417,0.054,0.358,0.235,-0.034,0.388,0.68,0.266,0.186,0.699,0.289,0.516,0.25,0.586,0.43,0.248,0.717,0.299,0.581,0.127,-0.291,0.585,0.088,0.603,0.489,0.532,0.46,-0.013,0.314,0.603,0.106,0.663,0.622,0.323,0.559,0.574,-0.093,-0.401,0.743,0.427,-0.208,0.574,0.647,0.777,0.644,0.733,0.604,0.152,0.303,0.614,0.826,0.311,0.697,0.518,0.603,0.354,0.443,0.54,0.389,0.636,0.808,0.496,-0.026,0.283,0.341,0.824,0.58,0.311,0.333,0.385,0.64,0.747,0.433,0.715,0.456,0.271,0.699,0.351,0.615,0.439,0.309,0.202,-0.012,0.132,0.304,0.36,0.465,0.095,0.191,0.662,0.686,-0.203
AOSL,0.507,0.922,0.863,0.435,-0.074,0.291,0.312,0.507,0.806,0.529,0.495,0.0,-0.321,0.082,-0.152,0.69,-0.337,-0.262,0.007,-0.401,-0.057,-0.06,-0.633,0.627,0.055,0.178,0.618,0.441,0.844,0.045,0.811,0.748,0.864,0.691,0.804,0.349,0.808,0.901,0.474,-0.019,0.128,0.354,0.251,0.243,0.422,-0.287,-0.184,0.907,0.836,-0.019,0.88,-0.167,0.351,-0.249,0.81,0.794,0.285,-0.114,0.804,0.575,0.734,0.799,0.602,0.925,0.809,0.746,0.676,0.709,-0.282,0.425,0.788,0.469,0.354,0.113,0.702,0.701,0.735,0.749,0.761,0.917,0.311,0.826,-0.171,0.363,0.421,0.224,0.298,0.812,-0.512,0.722,0.541,0.425,0.908,0.658,0.758,-0.267,0.602,0.684,0.841,0.803,0.649,0.405,-0.046,0.852,0.786,0.167,0.728,-0.113,0.261,0.711,0.543,0.789,0.204,-0.292,0.152,0.693,0.123,0.73,0.504,0.79,0.817,0.838,-0.198,-0.408,0.344,0.453,0.534,0.667,0.115,0.086,0.439,0.807,-0.127,0.888,0.926,-0.536,-0.003,0.677,0.389,0.252,0.584,0.829,0.947,0.68,0.576,0.312,0.001,0.392,0.129,0.082,-0.03,0.738,0.633,0.589,0.887,0.687,0.653,0.956,0.468,-0.382,0.79,0.799,0.734,0.42,0.842,0.402,0.924,0.527,0.558,0.01,0.443,0.827,0.575,0.743,0.634,0.784,0.837,0.94,0.298,0.301,0.945,0.814,0.891,0.863,0.553,-0.34,0.673,-0.072,0.835,0.13,0.712,0.202,0.848,-0.279,0.686,-0.087,0.67,0.461,0.55,0.226
APDN,0.042,-0.489,-0.13,-0.142,0.552,0.441,-0.18,-0.177,-0.066,-0.046,-0.018,-0.321,0.0,0.403,0.414,-0.574,0.632,0.64,0.395,0.573,0.119,0.58,0.601,-0.049,-0.243,-0.476,0.19,0.253,-0.227,0.581,-0.398,0.008,-0.432,-0.528,-0.478,0.314,-0.432,-0.4,0.212,0.483,0.52,0.419,-0.495,0.319,0.24,-0.17,0.362,-0.502,-0.328,-0.339,-0.368,0.485,0.13,0.321,-0.351,-0.384,0.222,0.377,-0.622,-0.667,-0.219,-0.547,0.282,-0.292,0.023,-0.302,-0.342,-0.252,0.557,0.136,-0.25,0.298,-0.026,0.32,0.18,-0.637,0.01,0.181,-0.083,-0.322,0.411,-0.042,0.692,0.378,0.221,-0.441,0.072,-0.287,0.268,-0.226,-0.451,0.35,-0.257,-0.328,-0.063,-0.117,0.254,-0.385,-0.372,-0.533,0.139,0.146,0.341,-0.248,-0.564,0.386,-0.408,0.489,-0.552,-0.556,0.081,-0.475,-0.562,0.62,0.268,-0.585,0.584,0.181,-0.117,-0.419,-0.324,0.009,0.496,0.672,0.26,0.436,0.32,-0.565,-0.39,0.557,0.026,0.024,0.569,-0.141,-0.256,0.267,-0.251,0.191,-0.086,-0.124,-0.096,-0.329,-0.432,0.227,-0.348,-0.043,0.172,0.253,-0.014,0.232,0.49,-0.159,-0.02,0.236,-0.184,-0.647,0.217,-0.368,0.251,0.622,0.114,-0.46,0.099,0.224,-0.51,0.018,-0.357,-0.063,-0.055,0.557,-0.209,-0.341,-0.535,-0.066,-0.309,-0.337,-0.38,-0.425,0.431,0.406,-0.329,-0.058,-0.267,-0.399,0.053,0.481,-0.028,0.582,-0.516,-0.193,-0.409,0.498,-0.438,0.206,-0.489,0.492,-0.405,-0.198,0.251,-0.645
APLT,0.015,-0.11,0.073,-0.397,0.756,0.621,0.306,-0.076,0.568,-0.145,0.492,0.082,0.403,0.0,0.474,-0.518,0.795,0.819,0.921,0.705,0.589,0.799,0.606,0.611,-0.238,-0.388,0.745,0.691,0.068,0.883,-0.247,0.591,-0.289,-0.161,-0.226,0.515,-0.335,-0.168,0.072,0.433,0.701,0.864,-0.64,0.495,0.409,-0.701,0.692,-0.267,-0.186,-0.056,-0.15,0.671,0.225,0.426,-0.201,-0.235,0.548,0.65,-0.399,-0.637,0.034,-0.36,0.571,0.111,0.369,-0.094,0.107,0.182,0.715,0.581,-0.231,0.831,-0.287,0.861,0.675,-0.51,0.441,0.452,0.347,-0.05,0.809,0.394,0.708,0.523,0.518,-0.514,0.688,-0.01,0.299,0.036,-0.381,0.665,-0.064,-0.275,0.148,-0.565,0.732,-0.351,-0.284,-0.241,0.683,0.608,0.802,-0.058,-0.452,0.35,-0.373,0.633,-0.415,-0.552,0.598,-0.427,-0.794,0.724,0.768,-0.496,0.563,0.532,-0.194,-0.32,-0.172,0.481,0.862,0.726,0.488,0.637,0.578,-0.615,-0.873,0.803,0.543,0.441,0.857,0.205,0.147,-0.285,-0.391,0.707,-0.43,0.204,0.287,-0.257,-0.007,0.442,-0.402,-0.377,0.561,0.468,0.22,0.863,0.813,0.536,0.627,0.272,0.008,-0.514,0.259,0.043,0.472,0.832,0.568,-0.127,0.298,0.685,-0.222,0.797,-0.118,0.503,0.518,0.881,-0.57,-0.237,-0.504,0.463,0.01,-0.275,-0.296,-0.14,0.876,0.786,0.002,0.351,-0.104,-0.363,0.579,0.718,0.476,0.835,-0.322,-0.28,-0.492,0.632,-0.338,0.193,-0.372,0.758,-0.396,0.232,0.815,-0.81
APVO,0.212,-0.295,0.095,-0.048,0.667,0.606,0.333,0.297,0.212,-0.019,0.39,-0.152,0.414,0.474,0.0,-0.234,0.628,0.612,0.505,0.437,0.247,0.595,0.409,0.408,-0.21,0.017,0.386,0.401,0.087,0.614,-0.194,0.292,-0.284,-0.361,-0.098,0.118,-0.221,-0.151,0.149,0.605,0.529,0.482,0.021,0.563,0.417,-0.093,0.316,-0.243,-0.081,-0.178,-0.293,0.361,0.534,0.56,0.073,-0.174,0.081,0.501,-0.335,-0.466,0.036,-0.257,0.484,-0.044,0.084,0.159,0.192,0.322,0.38,0.438,-0.069,0.38,0.192,0.367,0.345,-0.397,0.216,0.102,0.253,-0.093,0.537,0.267,0.687,0.314,0.632,-0.292,0.475,-0.007,0.44,0.029,-0.173,0.314,-0.08,0.048,-0.133,-0.322,0.449,-0.25,-0.113,-0.2,0.39,0.505,0.568,0.012,-0.446,0.605,-0.368,0.654,-0.166,-0.52,0.053,-0.303,-0.417,0.617,0.467,-0.348,0.549,0.403,0.052,-0.113,-0.078,0.14,0.551,0.484,0.528,0.203,0.466,-0.409,-0.34,0.728,0.155,0.273,0.725,0.12,-0.004,0.3,0.261,0.289,0.145,0.167,0.312,-0.077,-0.167,0.37,-0.161,-0.294,0.6,0.53,-0.188,0.505,0.7,0.085,0.268,0.37,-0.002,-0.442,0.242,-0.121,0.51,0.576,0.259,-0.041,0.347,0.4,-0.232,0.311,-0.219,0.281,0.492,0.655,-0.231,-0.252,-0.181,0.094,-0.146,-0.037,-0.17,-0.24,0.549,0.525,-0.132,0.312,-0.003,-0.276,0.202,0.357,0.335,0.537,-0.265,0.102,-0.325,0.208,-0.257,0.467,0.001,0.317,-0.073,0.381,0.412,-0.533
ARGX,0.374,0.805,0.7,0.511,-0.386,-0.034,0.256,0.587,0.311,0.401,0.323,0.69,-0.574,-0.518,-0.234,0.0,-0.73,-0.712,-0.493,-0.706,-0.288,-0.471,-0.859,0.262,0.353,0.634,0.043,-0.069,0.601,-0.548,0.789,0.284,0.872,0.697,0.897,-0.181,0.855,0.813,0.208,-0.15,-0.377,-0.27,0.807,-0.047,0.166,0.21,-0.503,0.888,0.834,0.141,0.672,-0.668,0.33,-0.266,0.868,0.89,-0.13,-0.353,0.922,0.856,0.694,0.943,0.175,0.65,0.319,0.802,0.614,0.577,-0.798,-0.063,0.8,-0.177,0.605,-0.381,0.132,0.896,0.307,0.21,0.363,0.732,-0.245,0.477,-0.501,-0.152,0.16,0.584,0.04,0.736,-0.451,0.658,0.806,-0.185,0.749,0.812,0.32,0.152,0.04,0.7,0.908,0.871,0.128,0.108,-0.382,0.771,0.877,-0.002,0.739,-0.311,0.678,0.861,-0.1,0.926,0.749,-0.555,-0.235,0.932,-0.306,0.301,0.611,0.932,0.777,0.299,-0.623,-0.759,0.166,-0.2,0.092,0.939,0.669,-0.34,-0.154,0.344,-0.542,0.584,0.622,-0.005,0.526,0.052,0.627,0.323,0.387,0.798,0.79,0.246,0.67,0.297,-0.064,0.088,-0.223,-0.359,-0.385,0.317,0.155,0.442,0.729,0.881,0.257,0.755,0.259,-0.758,0.263,0.764,0.445,-0.154,0.868,-0.152,0.762,0.215,0.275,-0.513,0.744,0.801,0.926,0.361,0.617,0.833,0.888,0.806,-0.263,-0.192,0.729,0.494,0.783,0.885,0.17,-0.614,0.3,-0.583,0.882,0.479,0.802,-0.462,0.871,-0.097,0.935,-0.674,0.831,0.458,-0.057,0.706
ARLP,-0.215,-0.468,-0.245,-0.495,0.828,0.62,0.183,-0.231,0.188,-0.385,0.309,-0.337,0.632,0.795,0.628,-0.73,0.0,0.921,0.826,0.864,0.504,0.791,0.843,0.34,-0.17,-0.366,0.449,0.543,-0.255,0.821,-0.619,0.206,-0.653,-0.374,-0.5,0.49,-0.654,-0.49,-0.074,0.593,0.617,0.667,-0.582,0.507,0.325,-0.474,0.73,-0.613,-0.472,-0.101,-0.544,0.574,0.207,0.645,-0.465,-0.519,0.495,0.786,-0.726,-0.812,-0.214,-0.633,0.327,-0.318,-0.013,-0.361,-0.181,-0.099,0.693,0.329,-0.453,0.549,-0.283,0.693,0.378,-0.795,0.036,0.157,0.006,-0.42,0.639,0.058,0.752,0.323,0.431,-0.68,0.473,-0.25,0.655,-0.221,-0.556,0.395,-0.397,-0.413,-0.194,-0.237,0.471,-0.641,-0.564,-0.503,0.429,0.478,0.776,-0.385,-0.77,0.289,-0.719,0.694,-0.398,-0.813,0.283,-0.709,-0.756,0.853,0.661,-0.743,0.553,0.235,-0.423,-0.52,-0.528,0.141,0.906,0.912,0.379,0.437,0.382,-0.811,-0.796,0.751,0.258,0.131,0.878,-0.162,-0.279,0.033,-0.241,0.354,-0.393,0.01,0.033,-0.496,-0.41,0.224,-0.682,-0.501,0.589,0.276,-0.067,0.675,0.851,0.173,0.224,0.119,-0.282,-0.773,0.061,-0.32,0.334,0.92,0.249,-0.336,0.076,0.389,-0.576,0.486,-0.462,0.167,0.317,0.859,-0.711,-0.581,-0.653,0.207,-0.241,-0.54,-0.599,-0.515,0.668,0.713,-0.42,0.043,-0.382,-0.647,0.304,0.77,0.191,0.857,-0.639,-0.275,-0.749,0.56,-0.598,0.342,-0.545,0.698,-0.639,0.09,0.532,-0.812
ATEX,-0.048,-0.432,-0.152,-0.377,0.776,0.633,0.119,-0.161,0.26,-0.211,0.255,-0.262,0.64,0.819,0.612,-0.712,0.921,0.0,0.837,0.789,0.425,0.781,0.804,0.358,-0.331,-0.501,0.519,0.64,-0.162,0.907,-0.493,0.308,-0.582,-0.434,-0.452,0.542,-0.529,-0.39,0.02,0.552,0.778,0.751,-0.64,0.434,0.424,-0.484,0.662,-0.513,-0.418,-0.251,-0.444,0.687,0.137,0.44,-0.371,-0.477,0.449,0.687,-0.667,-0.837,-0.211,-0.606,0.446,-0.17,0.19,-0.271,-0.094,0.007,0.778,0.451,-0.36,0.676,-0.236,0.722,0.44,-0.799,0.194,0.267,0.176,-0.288,0.687,0.142,0.743,0.508,0.483,-0.604,0.494,-0.192,0.441,-0.122,-0.6,0.545,-0.292,-0.346,-0.076,-0.376,0.554,-0.494,-0.487,-0.519,0.469,0.438,0.777,-0.28,-0.712,0.435,-0.592,0.758,-0.562,-0.761,0.391,-0.634,-0.886,0.857,0.683,-0.729,0.673,0.355,-0.358,-0.513,-0.395,0.227,0.873,0.846,0.405,0.563,0.467,-0.809,-0.828,0.774,0.346,0.196,0.894,-0.03,-0.142,-0.014,-0.354,0.418,-0.342,-0.009,0.119,-0.454,-0.347,0.27,-0.543,-0.413,0.515,0.438,-0.037,0.727,0.843,0.207,0.298,0.197,-0.233,-0.717,0.162,-0.282,0.323,0.876,0.313,-0.364,0.198,0.5,-0.583,0.521,-0.41,0.234,0.361,0.884,-0.628,-0.499,-0.707,0.175,-0.305,-0.428,-0.529,-0.412,0.721,0.694,-0.275,0.115,-0.296,-0.569,0.375,0.681,0.31,0.809,-0.557,-0.264,-0.643,0.613,-0.554,0.195,-0.516,0.746,-0.542,0.165,0.588,-0.866
ATRA,-0.127,-0.128,0.01,-0.549,0.813,0.704,0.414,-0.071,0.516,-0.296,0.563,0.007,0.395,0.921,0.505,-0.493,0.826,0.837,0.0,0.787,0.728,0.84,0.701,0.628,-0.106,-0.257,0.697,0.638,-0.032,0.829,-0.353,0.573,-0.337,-0.088,-0.194,0.471,-0.416,-0.218,-0.096,0.499,0.628,0.802,-0.563,0.46,0.476,-0.719,0.806,-0.312,-0.254,0.062,-0.308,0.491,0.316,0.56,-0.214,-0.232,0.59,0.749,-0.413,-0.639,0.049,-0.339,0.522,0.008,0.25,-0.097,0.118,0.172,0.601,0.499,-0.31,0.749,-0.301,0.884,0.616,-0.532,0.303,0.346,0.272,-0.152,0.793,0.336,0.744,0.353,0.547,-0.616,0.768,-0.034,0.47,0.025,-0.359,0.506,-0.12,-0.213,-0.043,-0.494,0.67,-0.485,-0.297,-0.203,0.66,0.704,0.896,-0.122,-0.501,0.277,-0.491,0.706,-0.245,-0.585,0.484,-0.456,-0.717,0.803,0.862,-0.481,0.466,0.491,-0.211,-0.262,-0.281,0.404,0.906,0.789,0.555,0.513,0.505,-0.646,-0.89,0.833,0.354,0.356,0.871,0.11,0.069,-0.149,-0.235,0.592,-0.506,0.291,0.35,-0.314,-0.02,0.354,-0.536,-0.542,0.71,0.418,0.007,0.918,0.869,0.55,0.559,0.309,-0.012,-0.509,0.178,0.016,0.513,0.873,0.492,-0.155,0.241,0.542,-0.278,0.754,-0.195,0.511,0.574,0.873,-0.619,-0.315,-0.455,0.495,0.091,-0.323,-0.338,-0.217,0.841,0.808,-0.068,0.292,-0.166,-0.421,0.578,0.805,0.423,0.822,-0.345,-0.224,-0.58,0.549,-0.407,0.377,-0.333,0.657,-0.458,0.332,0.759,-0.766
AUTL,-0.383,-0.462,-0.36,-0.656,0.808,0.512,0.282,-0.341,0.013,-0.549,0.244,-0.401,0.573,0.705,0.437,-0.706,0.864,0.789,0.787,0.0,0.71,0.831,0.878,0.205,0.136,-0.238,0.279,0.318,-0.513,0.629,-0.671,0.144,-0.645,-0.283,-0.508,0.377,-0.741,-0.545,-0.292,0.591,0.423,0.465,-0.62,0.247,0.292,-0.461,0.892,-0.673,-0.506,0.196,-0.691,0.384,0.195,0.697,-0.594,-0.438,0.583,0.706,-0.697,-0.699,-0.149,-0.607,0.117,-0.465,-0.188,-0.516,-0.356,-0.334,0.515,0.036,-0.591,0.337,-0.376,0.735,0.208,-0.755,-0.185,-0.064,-0.229,-0.589,0.461,-0.126,0.667,0.055,0.172,-0.745,0.463,-0.33,0.723,-0.315,-0.461,0.127,-0.481,-0.435,-0.385,-0.071,0.294,-0.798,-0.61,-0.544,0.229,0.422,0.796,-0.448,-0.701,0.005,-0.712,0.588,-0.254,-0.709,0.081,-0.676,-0.571,0.881,0.697,-0.659,0.328,0.065,-0.497,-0.527,-0.603,-0.017,0.844,0.932,0.307,0.231,0.151,-0.798,-0.733,0.645,0.048,-0.104,0.717,-0.374,-0.373,0.153,-0.18,0.186,-0.581,0.15,-0.082,-0.647,-0.412,-0.011,-0.765,-0.469,0.622,0.063,-0.153,0.63,0.713,0.191,0.037,0.02,-0.352,-0.702,-0.073,-0.381,0.24,0.904,0.059,-0.516,-0.145,0.119,-0.563,0.383,-0.494,0.211,0.09,0.663,-0.673,-0.628,-0.563,0.185,-0.03,-0.685,-0.625,-0.625,0.476,0.529,-0.503,-0.167,-0.557,-0.704,0.307,0.893,0.019,0.8,-0.642,-0.124,-0.781,0.353,-0.696,0.539,-0.642,0.599,-0.775,0.01,0.366,-0.644
AVDL,-0.37,-0.001,-0.129,-0.695,0.676,0.437,0.607,-0.281,0.256,-0.502,0.514,-0.057,0.119,0.589,0.247,-0.288,0.504,0.425,0.728,0.71,0.0,0.662,0.558,0.435,0.341,0.104,0.363,0.239,-0.283,0.397,-0.363,0.408,-0.259,0.18,-0.066,0.185,-0.435,-0.21,-0.425,0.308,0.149,0.358,-0.327,0.164,0.366,-0.539,0.815,-0.282,-0.196,0.533,-0.407,0.058,0.335,0.704,-0.244,-0.11,0.582,0.587,-0.238,-0.283,0.087,-0.151,0.165,-0.182,-0.118,-0.165,0.025,-0.035,0.178,0.118,-0.454,0.294,-0.404,0.7,0.288,-0.274,-0.044,-0.074,-0.076,-0.317,0.434,0.084,0.488,-0.192,0.207,-0.583,0.653,-0.119,0.548,0.007,-0.133,0.035,-0.286,-0.13,-0.332,-0.2,0.304,-0.595,-0.291,-0.044,0.363,0.579,0.75,-0.145,-0.311,-0.163,-0.416,0.433,0.183,-0.323,0.208,-0.332,-0.229,0.609,0.733,-0.2,0.023,0.143,-0.244,-0.13,-0.376,0.171,0.625,0.637,0.421,0.015,0.107,-0.452,-0.629,0.526,-0.042,0.018,0.55,-0.164,-0.078,-0.01,0.056,0.273,-0.617,0.544,0.215,-0.34,0.047,0.016,-0.554,-0.535,0.662,0.021,-0.051,0.712,0.571,0.495,0.229,0.128,-0.072,-0.228,-0.113,-0.002,0.353,0.669,0.17,-0.18,-0.075,0.094,-0.13,0.524,-0.135,0.566,0.305,0.466,-0.537,-0.358,-0.146,0.419,0.403,-0.399,-0.298,-0.272,0.433,0.502,-0.167,0.027,-0.308,-0.387,0.454,0.788,0.134,0.63,-0.235,-0.037,-0.528,0.121,-0.41,0.645,-0.246,0.303,-0.505,0.251,0.414,-0.327
BCRX,0.013,-0.194,0.05,-0.389,0.882,0.71,0.311,-0.102,0.346,-0.178,0.479,-0.06,0.58,0.799,0.595,-0.471,0.791,0.781,0.84,0.831,0.662,0.0,0.672,0.45,0.029,-0.23,0.579,0.507,-0.124,0.764,-0.292,0.495,-0.335,-0.203,-0.2,0.422,-0.417,-0.207,0.051,0.727,0.625,0.688,-0.506,0.508,0.531,-0.503,0.779,-0.359,-0.184,0.085,-0.357,0.481,0.482,0.645,-0.227,-0.151,0.572,0.708,-0.451,-0.622,0.115,-0.353,0.521,-0.081,0.189,-0.12,-0.024,0.03,0.557,0.316,-0.298,0.601,-0.066,0.768,0.537,-0.541,0.216,0.271,0.142,-0.204,0.739,0.269,0.825,0.375,0.475,-0.645,0.594,-0.013,0.428,0.053,-0.246,0.457,-0.132,-0.173,-0.061,-0.327,0.597,-0.484,-0.276,-0.319,0.519,0.577,0.834,-0.04,-0.471,0.352,-0.393,0.729,-0.291,-0.513,0.27,-0.381,-0.614,0.83,0.835,-0.433,0.537,0.453,-0.139,-0.233,-0.242,0.286,0.802,0.835,0.564,0.516,0.524,-0.598,-0.703,0.866,0.222,0.265,0.845,0.038,-0.001,0.089,-0.138,0.522,-0.346,0.359,0.244,-0.332,-0.099,0.36,-0.44,-0.269,0.697,0.406,-0.075,0.704,0.777,0.414,0.364,0.391,0.036,-0.533,0.319,-0.073,0.561,0.86,0.384,-0.283,0.253,0.412,-0.271,0.52,-0.191,0.467,0.342,0.79,-0.4,-0.329,-0.363,0.399,0.131,-0.299,-0.284,-0.284,0.728,0.707,-0.112,0.261,-0.18,-0.397,0.579,0.801,0.337,0.845,-0.359,-0.012,-0.468,0.508,-0.426,0.512,-0.36,0.589,-0.425,0.187,0.63,-0.707
BHAT,-0.432,-0.692,-0.564,-0.658,0.653,0.345,0.073,-0.444,-0.177,-0.53,0.032,-0.633,0.601,0.606,0.409,-0.859,0.843,0.804,0.701,0.878,0.558,0.672,0.0,-0.003,-0.107,-0.388,0.099,0.194,-0.603,0.602,-0.821,-0.074,-0.829,-0.518,-0.724,0.253,-0.845,-0.75,-0.339,0.423,0.418,0.364,-0.672,0.142,0.124,-0.348,0.766,-0.834,-0.731,0.01,-0.791,0.478,-0.014,0.559,-0.731,-0.712,0.34,0.622,-0.863,-0.859,-0.455,-0.81,-0.002,-0.613,-0.31,-0.618,-0.455,-0.421,0.65,0.062,-0.758,0.251,-0.481,0.564,-0.007,-0.878,-0.283,-0.183,-0.323,-0.721,0.382,-0.327,0.64,0.059,0.077,-0.654,0.304,-0.565,0.67,-0.46,-0.657,0.119,-0.675,-0.607,-0.472,-0.111,0.104,-0.8,-0.791,-0.716,0.053,0.183,0.651,-0.654,-0.877,0.054,-0.814,0.563,-0.411,-0.865,0.059,-0.86,-0.672,0.789,0.544,-0.824,0.32,-0.117,-0.552,-0.733,-0.774,-0.229,0.779,0.902,0.13,0.15,0.017,-0.922,-0.726,0.557,-0.023,-0.276,0.702,-0.52,-0.569,0.208,-0.239,0.0,-0.624,0.012,-0.146,-0.78,-0.638,-0.175,-0.796,-0.526,0.427,0.014,-0.059,0.559,0.655,-0.101,-0.072,-0.152,-0.571,-0.838,-0.225,-0.619,0.042,0.898,-0.143,-0.688,-0.288,0.099,-0.79,0.22,-0.732,-0.008,-0.023,0.645,-0.736,-0.772,-0.766,-0.115,-0.364,-0.786,-0.816,-0.783,0.406,0.4,-0.663,-0.358,-0.719,-0.856,0.071,0.812,-0.167,0.696,-0.81,-0.271,-0.881,0.353,-0.856,0.391,-0.766,0.605,-0.829,-0.158,0.199,-0.72
BLBD,0.274,0.548,0.658,-0.051,0.543,0.749,0.647,0.456,0.886,0.1,0.858,0.627,-0.049,0.611,0.408,0.262,0.34,0.358,0.628,0.205,0.435,0.45,-0.003,0.0,0.038,0.179,0.862,0.752,0.591,0.528,0.298,0.86,0.338,0.455,0.504,0.495,0.304,0.479,0.159,0.395,0.458,0.744,0.055,0.576,0.642,-0.572,0.351,0.43,0.479,0.02,0.335,0.091,0.54,0.341,0.526,0.439,0.528,0.556,0.297,-0.002,0.616,0.394,0.785,0.614,0.622,0.593,0.694,0.752,0.083,0.637,0.429,0.755,0.195,0.636,0.849,0.148,0.675,0.652,0.694,0.528,0.7,0.846,0.348,0.387,0.795,-0.119,0.822,0.63,0.09,0.611,0.216,0.538,0.514,0.421,0.372,-0.433,0.851,0.148,0.439,0.507,0.909,0.847,0.611,0.536,0.169,0.407,0.099,0.508,0.21,0.073,0.578,0.265,-0.242,0.384,0.684,0.202,0.398,0.83,0.2,0.462,0.4,0.794,0.477,0.215,0.735,0.483,0.727,0.085,-0.425,0.621,0.403,0.781,0.542,0.702,0.642,-0.29,0.107,0.77,0.099,0.493,0.673,0.422,0.625,0.718,0.028,-0.323,0.627,0.59,-0.09,0.708,0.67,0.862,0.766,0.694,0.595,0.158,0.464,0.68,0.761,0.294,0.857,0.591,0.736,0.581,0.412,0.728,0.475,0.701,0.929,0.592,-0.087,0.338,0.212,0.848,0.49,0.398,0.384,0.503,0.737,0.789,0.57,0.794,0.562,0.319,0.755,0.268,0.744,0.461,0.366,0.108,0.063,0.284,0.364,0.164,0.433,0.271,0.267,0.747,0.848,-0.304
BMRN,-0.293,0.308,0.046,-0.199,0.128,0.032,0.415,-0.033,-0.134,-0.276,0.274,0.055,-0.243,-0.238,-0.21,0.353,-0.17,-0.331,-0.106,0.136,0.341,0.029,-0.107,0.038,0.0,0.617,-0.221,-0.171,-0.253,-0.424,0.034,0.014,0.154,0.576,0.339,0.002,0.062,0.174,-0.38,0.225,-0.385,-0.387,0.354,-0.215,0.138,0.098,0.307,0.125,0.252,0.613,-0.163,-0.648,0.375,0.375,0.051,0.43,0.411,0.133,0.271,0.442,0.402,0.386,-0.27,-0.104,-0.309,0.018,-0.035,-0.176,-0.65,-0.573,0.003,-0.394,0.067,0.015,-0.187,0.314,-0.339,-0.304,-0.345,-0.118,-0.257,-0.086,-0.268,-0.614,-0.194,0.046,0.142,0.246,0.317,0.199,0.564,-0.561,0.025,0.358,-0.318,0.543,-0.185,-0.109,0.153,0.322,-0.148,0.083,0.087,0.14,0.275,-0.491,0.088,-0.119,0.677,0.344,-0.351,0.277,0.615,0.026,0.115,0.437,-0.414,-0.168,-0.083,0.371,-0.011,-0.114,-0.137,-0.002,0.12,-0.416,-0.334,0.306,0.298,-0.206,-0.517,-0.245,-0.268,-0.192,-0.063,0.277,0.561,-0.252,-0.044,0.517,-0.108,-0.04,0.247,-0.195,-0.129,-0.027,0.288,-0.345,-0.419,-0.145,-0.092,0.219,-0.321,0.092,0.141,0.378,-0.191,0.201,0.108,-0.128,-0.181,0.087,-0.132,-0.585,0.307,-0.19,0.165,0.2,-0.132,-0.34,0.129,0.027,0.567,0.286,0.602,0.008,0.194,0.017,-0.324,-0.145,-0.018,-0.073,-0.043,0.147,0.198,0.159,-0.136,-0.101,0.271,0.515,0.075,-0.498,0.108,0.414,0.194,-0.372,-0.082,0.208,-0.235,0.557
BNGO,-0.057,0.398,0.243,0.03,-0.096,0.006,0.476,0.34,-0.023,-0.118,0.348,0.178,-0.476,-0.388,0.017,0.634,-0.366,-0.501,-0.257,-0.238,0.104,-0.23,-0.388,0.179,0.617,0.0,-0.202,-0.212,0.072,-0.511,0.246,0.039,0.356,0.557,0.534,-0.325,0.332,0.318,-0.316,0.043,-0.479,-0.411,0.696,-0.113,0.126,0.191,-0.069,0.359,0.41,0.46,0.049,-0.766,0.488,0.237,0.429,0.526,-0.028,-0.079,0.514,0.594,0.501,0.609,-0.138,0.118,-0.212,0.377,0.251,0.212,-0.751,-0.289,0.271,-0.42,0.277,-0.233,-0.132,0.535,-0.178,-0.263,-0.076,0.139,-0.234,0.075,-0.305,-0.569,0.032,0.363,0.185,0.387,0.191,0.298,0.624,-0.538,0.222,0.558,-0.277,0.338,-0.191,0.132,0.432,0.581,-0.082,0.159,-0.068,0.334,0.416,-0.24,0.181,-0.116,0.802,0.403,-0.423,0.488,0.723,-0.207,-0.034,0.626,-0.463,-0.003,0.264,0.602,0.254,-0.089,-0.335,-0.358,0.205,-0.536,-0.209,0.521,0.472,-0.206,-0.494,-0.106,-0.326,0.043,0.148,0.37,0.774,-0.254,0.265,0.462,0.173,0.301,0.38,-0.086,0.176,-0.105,0.255,-0.155,-0.505,-0.13,-0.153,0.158,-0.113,0.216,0.274,0.536,-0.122,0.329,0.243,-0.358,-0.098,0.341,0.048,-0.465,0.483,-0.232,0.258,0.201,0.158,-0.419,0.341,0.294,0.727,0.186,0.474,0.323,0.422,0.223,-0.288,-0.184,0.173,0.141,0.238,0.341,0.046,-0.128,-0.045,-0.322,0.425,0.561,0.231,-0.595,0.34,0.37,0.601,-0.579,0.319,0.439,-0.265,0.578
BUSE,0.372,0.42,0.622,0.034,0.593,0.762,0.372,0.314,0.914,0.231,0.707,0.618,0.19,0.745,0.386,0.043,0.449,0.519,0.697,0.279,0.363,0.579,0.099,0.862,-0.221,-0.202,0.0,0.813,0.621,0.723,0.287,0.883,0.284,0.236,0.344,0.59,0.218,0.408,0.436,0.417,0.636,0.928,-0.233,0.626,0.632,-0.646,0.334,0.331,0.369,-0.155,0.395,0.407,0.445,0.253,0.405,0.278,0.503,0.529,0.141,-0.211,0.45,0.197,0.888,0.615,0.764,0.473,0.59,0.674,0.396,0.76,0.354,0.926,0.156,0.696,0.969,-0.001,0.803,0.823,0.758,0.523,0.818,0.852,0.543,0.682,0.806,-0.306,0.715,0.498,-0.063,0.508,0.037,0.796,0.505,0.221,0.548,-0.609,0.959,0.126,0.332,0.308,0.96,0.784,0.584,0.448,0.08,0.533,0.12,0.513,-0.135,-0.026,0.745,0.144,-0.494,0.423,0.691,0.013,0.617,0.884,0.176,0.274,0.36,0.874,0.575,0.338,0.646,0.779,0.857,-0.065,-0.582,0.728,0.631,0.883,0.65,0.732,0.654,-0.435,-0.211,0.953,0.017,0.27,0.642,0.37,0.518,0.819,0.037,-0.144,0.502,0.703,0.16,0.699,0.664,0.787,0.856,0.665,0.58,-0.035,0.638,0.585,0.721,0.413,0.939,0.445,0.756,0.8,0.298,0.816,0.454,0.644,0.821,0.754,-0.121,0.322,-0.027,0.8,0.361,0.319,0.292,0.463,0.875,0.873,0.561,0.8,0.524,0.249,0.746,0.307,0.802,0.605,0.235,-0.106,0.058,0.626,0.263,0.053,0.218,0.494,0.177,0.509,0.976,-0.522
CAKE,0.287,0.311,0.465,0.029,0.61,0.731,0.315,0.188,0.757,0.191,0.599,0.441,0.253,0.691,0.401,-0.069,0.543,0.64,0.638,0.318,0.239,0.507,0.194,0.752,-0.171,-0.212,0.813,0.0,0.452,0.748,0.148,0.743,0.081,0.175,0.238,0.785,0.18,0.333,0.277,0.443,0.74,0.828,-0.247,0.554,0.657,-0.547,0.39,0.228,0.275,-0.275,0.241,0.378,0.372,0.213,0.275,0.16,0.612,0.542,0.029,-0.265,0.343,0.103,0.758,0.519,0.687,0.323,0.421,0.515,0.379,0.651,0.303,0.86,0.075,0.619,0.818,-0.178,0.678,0.72,0.667,0.409,0.752,0.688,0.367,0.627,0.735,-0.221,0.619,0.485,0.029,0.511,-0.093,0.712,0.37,0.241,0.425,-0.376,0.864,0.14,0.175,0.171,0.846,0.594,0.606,0.36,-0.06,0.464,0.005,0.612,-0.215,-0.153,0.709,0.037,-0.558,0.494,0.634,-0.105,0.636,0.768,-0.015,0.155,0.236,0.76,0.562,0.4,0.581,0.737,0.732,-0.172,-0.542,0.598,0.515,0.686,0.642,0.593,0.499,-0.343,-0.197,0.754,0.069,0.219,0.466,0.19,0.367,0.701,-0.059,-0.165,0.439,0.618,-0.043,0.603,0.715,0.675,0.616,0.593,0.395,-0.06,0.499,0.452,0.593,0.406,0.789,0.322,0.709,0.635,0.096,0.657,0.286,0.545,0.712,0.715,-0.239,0.129,-0.141,0.67,0.142,0.223,0.141,0.336,0.76,0.779,0.407,0.684,0.4,0.154,0.717,0.271,0.732,0.601,0.163,-0.078,-0.044,0.566,0.174,-0.133,0.119,0.515,0.036,0.586,0.816,-0.493
CASY,0.69,0.712,0.862,0.613,-0.078,0.324,0.169,0.654,0.754,0.683,0.437,0.844,-0.227,0.068,0.087,0.601,-0.255,-0.162,-0.032,-0.513,-0.283,-0.124,-0.603,0.591,-0.253,0.072,0.621,0.452,0.0,0.145,0.787,0.644,0.736,0.426,0.699,0.262,0.788,0.803,0.657,-0.011,0.27,0.427,0.347,0.366,0.373,-0.113,-0.414,0.812,0.758,-0.313,0.876,0.025,0.32,-0.28,0.844,0.601,-0.028,-0.08,0.661,0.382,0.549,0.657,0.704,0.887,0.8,0.846,0.791,0.862,-0.088,0.64,0.815,0.513,0.479,0.021,0.673,0.599,0.831,0.776,0.856,0.925,0.365,0.855,-0.045,0.555,0.601,0.317,0.241,0.74,-0.552,0.676,0.452,0.585,0.848,0.606,0.794,-0.423,0.62,0.761,0.796,0.697,0.655,0.349,-0.124,0.761,0.617,0.514,0.664,0.014,0.102,0.532,0.555,0.672,0.062,-0.294,0.032,0.534,0.338,0.744,0.572,0.687,0.819,0.773,-0.159,-0.417,0.362,0.508,0.636,0.586,0.137,0.17,0.516,0.874,0.02,0.944,0.865,-0.421,0.054,0.66,0.596,0.124,0.622,0.887,0.752,0.794,0.662,0.281,-0.035,0.623,0.199,0.075,0.05,0.5,0.701,0.598,0.795,0.508,0.686,0.804,0.471,-0.344,0.769,0.821,0.825,0.597,0.706,0.364,0.796,0.39,0.651,0.152,0.467,0.781,0.459,0.551,0.319,0.859,0.779,0.874,0.385,0.362,0.858,0.861,0.926,0.791,0.37,-0.463,0.696,-0.067,0.722,0.09,0.688,0.281,0.801,-0.336,0.722,-0.0,0.793,0.443,0.537,0.066
CCOI,0.197,-0.186,0.104,-0.188,0.743,0.665,0.147,-0.002,0.527,0.042,0.366,0.045,0.581,0.883,0.614,-0.548,0.821,0.907,0.829,0.629,0.397,0.764,0.602,0.528,-0.424,-0.511,0.723,0.748,0.145,0.0,-0.227,0.537,-0.327,-0.307,-0.262,0.604,-0.273,-0.133,0.245,0.486,0.864,0.883,-0.613,0.553,0.526,-0.523,0.56,-0.256,-0.179,-0.327,-0.117,0.753,0.245,0.367,-0.128,-0.308,0.47,0.595,-0.443,-0.677,-0.085,-0.401,0.66,0.137,0.457,-0.057,0.098,0.226,0.784,0.667,-0.156,0.85,-0.19,0.728,0.666,-0.567,0.472,0.52,0.451,0.001,0.825,0.399,0.755,0.676,0.599,-0.505,0.561,-0.022,0.242,0.042,-0.469,0.761,-0.04,-0.187,0.209,-0.593,0.754,-0.252,-0.271,-0.307,0.68,0.522,0.714,-0.018,-0.495,0.545,-0.343,0.673,-0.583,-0.589,0.632,-0.431,-0.869,0.737,0.666,-0.555,0.745,0.589,-0.193,-0.337,-0.129,0.501,0.801,0.713,0.497,0.741,0.65,-0.638,-0.816,0.836,0.569,0.486,0.902,0.263,0.159,-0.228,-0.396,0.683,-0.232,0.06,0.294,-0.177,-0.078,0.534,-0.289,-0.249,0.425,0.603,0.177,0.761,0.83,0.365,0.531,0.345,0.008,-0.538,0.401,-0.014,0.46,0.791,0.562,-0.147,0.434,0.736,-0.319,0.667,-0.115,0.434,0.513,0.933,-0.511,-0.259,-0.578,0.34,-0.187,-0.182,-0.277,-0.138,0.864,0.783,0.007,0.38,-0.032,-0.32,0.473,0.561,0.514,0.833,-0.33,-0.312,-0.407,0.75,-0.314,0.088,-0.351,0.759,-0.33,0.234,0.786,-0.853
CEVA,0.735,0.767,0.823,0.742,-0.306,-0.012,0.042,0.618,0.491,0.776,0.202,0.811,-0.398,-0.247,-0.194,0.789,-0.619,-0.493,-0.353,-0.671,-0.363,-0.292,-0.821,0.298,0.034,0.246,0.287,0.148,0.787,-0.227,0.0,0.494,0.894,0.484,0.814,0.035,0.927,0.901,0.546,-0.081,0.049,0.025,0.5,0.035,0.276,0.189,-0.521,0.909,0.872,-0.086,0.878,-0.191,0.291,-0.467,0.854,0.823,-0.128,-0.39,0.874,0.667,0.634,0.831,0.417,0.864,0.685,0.772,0.642,0.644,-0.376,0.246,0.821,0.171,0.547,-0.189,0.377,0.803,0.642,0.504,0.667,0.901,0.045,0.629,-0.321,0.327,0.243,0.543,0.008,0.761,-0.731,0.666,0.712,0.279,0.857,0.729,0.691,-0.151,0.321,0.88,0.881,0.689,0.307,0.076,-0.318,0.84,0.875,0.29,0.931,-0.248,0.184,0.81,0.244,0.911,0.361,-0.504,-0.161,0.783,0.079,0.526,0.656,0.776,0.946,0.545,-0.485,-0.659,0.174,0.243,0.354,0.808,0.465,-0.147,0.283,0.572,-0.348,0.794,0.846,-0.235,0.179,0.381,0.594,0.233,0.444,0.812,0.805,0.522,0.889,0.626,-0.203,0.421,0.111,-0.216,-0.337,0.385,0.393,0.486,0.765,0.777,0.594,0.776,0.299,-0.617,0.476,0.669,0.636,0.235,0.83,0.082,0.844,0.353,0.283,-0.268,0.752,0.868,0.702,0.365,0.463,0.923,0.93,0.887,0.015,-0.089,0.887,0.67,0.854,0.906,0.286,-0.596,0.491,-0.385,0.893,0.4,0.918,-0.062,0.84,-0.293,0.756,-0.302,0.853,0.373,0.19,0.449
