,AAPL,ACRS,ADP,AFYA,AGNC,AGYS,ALT,AMGN,AMPH,AMZN,ANIP,AOSL,APDN,APLT,APVO,ARGX,ARLP,ATEX,ATRA,AUTL,AVDL,BCRX,BHAT,BLBD,BMRN,BNGO,BUSE,CAKE,CASY,CCOI,CEVA,CHY,CLDX,CLMT,COHU,COLM,COST,CPRT,CSWC,CSX,DBX,DCOM,DKNG,DMLP,DOX,EA,EDIT,ENPH,ENSG,ERNA,ESGR,ETNB,EXTR,FANG,FARO,FATE,FGEN,FIVE,FIVN,FLGT,FOLD,FORM,FOXA,FRPT,FSLR,FTAI,GBDC,GDYN,GGAL,GNLN,GRFS,GT,HCAT,HCM,HFWA,HOLX,HQY,HUBG,IAC,ICLR,IDCC,IEP,IHRT,ILMN,ILPT,IMAB,IMOS,INMD,INTZ,JAZZ,JKHY,JRVR,KIDS,LBRDK,LGND,LMAT,LPLA,LULU,MASI,MAT,MATW,MBIN,MBIO,MCRB,MDB,MDLZ,MELI,MIRM,MLKN,MNMD,MNRO,MPWR,MRCY,MRSN,MTVA,NAAS,NDAQ,NDSN,NEGG,NOVT,NVDA,NWE,NWSA,NXST,OCX,ODFL,OMAB,OPCH,OPRA,ORGO,OTRK,OZK,PAGP,PCH,PEGA,PENG,PENN,PFBC,PGNY,PHAT,PHUN,PINC,PLUG,PLXS,PYPL,QLYS,QNCX,QQQX,QVCGA,RAPT,RBBN,RCKT,REPL,RMBS,ROAD,ROKU,ROP,RUSHA,SANM,SATS,SBCF,SBLK,SBUX,SCHL,SCSC,SDGR,SEIC,SFIX,SGRY,SKYW,SLP,SNES,STAA,STLD,STOK,SWKS,TER,TFIN,TIGO,TILE,TPIC,TTEC,TTEK,TTGT,UXIN,VERU,VLYPP,VNOM,VRNS,VRSN,WDAY,WERN,WINA,WKHS,WRLD,XP,XTKG,YY,ZION,ZM
AAPL,0.0,0.187,-0.007,0.827,-0.132,-0.288,0.867,0.638,-0.748,0.942,-0.783,-0.519,0.617,-0.474,0.744,0.857,-0.696,-0.49,-0.773,0.555,-0.748,0.73,0.701,-0.626,0.446,0.582,-0.655,-0.42,0.675,0.368,0.903,0.778,-0.096,-0.601,0.937,0.84,0.857,0.72,0.671,0.091,0.871,-0.341,0.846,-0.774,0.663,0.082,0.833,0.799,0.817,0.84,-0.136,0.502,-0.052,-0.792,0.383,0.73,0.797,0.545,0.627,0.57,0.722,0.773,-0.809,-0.457,0.643,-0.045,-0.702,0.387,0.566,0.804,-0.474,-0.745,0.855,0.792,-0.625,0.881,-0.371,-0.427,0.117,0.055,0.677,0.028,-0.379,0.896,0.431,-0.259,0.891,-0.287,0.677,0.494,0.781,-0.577,0.835,0.685,0.255,0.924,-0.658,0.708,0.379,0.857,-0.601,-0.732,0.765,-0.539,0.685,0.691,0.802,0.07,0.676,0.691,-0.309,0.581,-0.34,0.159,0.673,0.78,0.605,0.505,0.885,0.048,0.935,0.832,-0.594,-0.54,0.602,0.245,0.776,0.663,0.859,0.641,0.754,-0.595,-0.414,-0.216,0.848,0.816,0.611,-0.733,0.4,0.63,0.865,0.606,-0.052,0.074,0.948,0.788,-0.505,0.931,0.153,0.662,0.681,0.888,0.669,0.922,0.315,0.717,0.947,-0.771,0.316,-0.186,-0.748,0.041,0.888,-0.727,-0.142,0.861,0.09,-0.243,0.79,-0.773,0.784,0.849,0.833,0.804,-0.062,0.928,0.904,-0.784,0.583,-0.671,0.771,0.859,-0.269,0.631,0.915,0.734,0.532,-0.835,0.86,0.9,0.78,0.783,-0.698,0.72,0.22,0.908,0.726,0.638,-0.624,0.845
ACRS,0.187,0.0,0.106,-0.114,0.373,0.212,0.061,-0.006,0.264,0.223,0.158,0.508,0.411,0.31,0.015,-0.026,-0.114,0.006,0.26,0.398,0.241,0.25,0.216,0.4,0.34,0.622,0.231,0.53,0.343,-0.043,0.271,0.123,0.117,-0.223,0.293,0.261,0.38,0.328,-0.233,-0.06,0.34,0.144,-0.105,-0.016,0.129,-0.121,0.143,0.177,-0.042,-0.015,0.203,0.463,0.148,0.101,0.734,0.058,0.009,0.507,0.195,0.282,0.043,0.437,0.114,-0.008,-0.131,0.25,0.064,0.33,-0.183,0.083,0.166,0.15,0.188,0.152,0.394,0.068,0.603,0.246,0.36,0.296,0.252,-0.302,0.189,0.1,-0.268,-0.214,0.079,0.467,0.325,0.461,0.316,-0.203,0.125,-0.189,0.469,0.142,0.301,0.346,0.342,0.1,0.34,0.034,0.332,0.267,0.111,-0.089,0.088,0.235,0.221,0.404,0.544,0.466,0.368,0.373,0.27,-0.199,0.24,0.49,-0.046,0.541,0.197,-0.141,0.389,0.467,0.253,0.35,0.139,-0.21,0.332,0.131,0.127,0.314,0.423,0.398,0.338,0.191,0.333,0.225,0.166,-0.148,0.272,0.118,0.56,0.365,0.118,0.184,0.179,0.076,0.604,0.05,0.208,0.119,0.174,0.108,0.547,0.176,0.12,0.187,0.365,0.274,0.155,0.076,0.102,-0.094,0.467,0.106,0.624,0.526,-0.191,0.198,-0.156,0.119,0.127,0.237,0.342,0.168,0.115,-0.062,0.075,0.091,0.255,0.209,0.315,0.456,0.115,0.542,0.258,0.078,0.042,0.01,-0.052,0.166,0.308,0.227,-0.046,0.034,0.2,0.154,0.27,0.012
ADP,-0.007,0.106,0.0,-0.291,0.257,0.439,-0.314,-0.544,0.332,-0.202,0.428,0.426,-0.235,0.476,-0.481,-0.273,0.502,0.658,0.266,-0.373,0.363,-0.496,0.153,0.141,0.178,-0.146,0.563,0.257,0.138,0.479,-0.175,-0.024,0.387,0.635,-0.13,-0.264,0.084,-0.237,0.313,0.802,-0.255,0.646,-0.189,0.524,0.396,0.315,-0.386,0.103,-0.335,-0.233,0.617,-0.595,0.71,0.458,0.062,-0.458,-0.245,-0.247,-0.562,-0.431,0.041,-0.179,0.435,-0.248,-0.086,0.122,0.481,0.032,0.093,-0.208,-0.34,0.398,-0.376,-0.445,0.418,-0.308,0.315,0.487,0.375,-0.085,0.289,0.651,0.501,-0.315,0.57,0.023,-0.315,0.074,0.006,0.51,-0.236,0.613,-0.405,0.217,-0.491,-0.061,0.542,-0.393,0.049,-0.279,0.487,0.559,-0.447,-0.265,-0.312,-0.009,-0.463,-0.462,-0.486,-0.244,-0.072,-0.278,0.623,-0.302,-0.582,-0.004,0.632,-0.022,-0.22,-0.014,-0.06,0.055,0.317,0.168,-0.357,0.066,0.319,-0.036,0.059,-0.548,-0.468,0.464,0.392,-0.082,-0.219,-0.411,0.195,0.51,-0.125,0.008,-0.352,-0.284,-0.191,0.643,-0.083,-0.283,0.269,-0.124,0.154,-0.577,0.106,-0.336,-0.353,-0.217,0.329,0.136,-0.091,0.44,0.495,0.217,0.507,0.468,0.08,0.503,0.611,-0.427,0.502,-0.013,-0.246,0.381,-0.123,-0.153,-0.335,0.064,-0.31,-0.299,-0.221,0.524,-0.064,0.539,-0.475,0.196,0.831,-0.147,-0.062,-0.046,-0.373,0.379,-0.239,-0.14,-0.245,-0.354,0.034,-0.484,0.408,-0.284,-0.061,0.131,0.465,-0.281
AFYA,0.827,-0.114,-0.291,0.0,-0.419,-0.433,0.852,0.801,-0.854,0.869,-0.923,-0.812,0.493,-0.708,0.867,0.93,-0.785,-0.712,-0.905,0.465,-0.94,0.786,0.485,-0.739,0.252,0.342,-0.883,-0.709,0.433,0.33,0.814,0.74,-0.29,-0.703,0.782,0.748,0.687,0.593,0.544,-0.164,0.767,-0.602,0.892,-0.905,0.484,-0.012,0.853,0.699,0.857,0.862,-0.346,0.554,-0.378,-0.933,0.06,0.824,0.866,0.459,0.684,0.569,0.661,0.579,-0.94,-0.331,0.711,-0.239,-0.878,0.198,0.598,0.762,-0.337,-0.9,0.873,0.861,-0.875,0.911,-0.678,-0.687,-0.134,-0.011,0.475,-0.078,-0.657,0.923,0.335,-0.121,0.914,-0.46,0.545,0.226,0.681,-0.613,0.864,0.633,0.241,0.792,-0.903,0.667,0.234,0.853,-0.841,-0.864,0.741,-0.522,0.738,0.759,0.862,0.095,0.665,0.505,-0.504,0.455,-0.662,0.128,0.715,0.8,0.287,0.211,0.945,-0.151,0.83,0.816,-0.84,-0.761,0.616,0.059,0.554,0.693,0.604,0.711,0.792,-0.856,-0.676,-0.387,0.697,0.822,0.287,-0.917,0.404,0.683,0.831,0.56,-0.162,-0.305,0.871,0.81,-0.762,0.882,-0.269,0.788,0.618,0.914,0.686,0.911,0.022,0.57,0.855,-0.932,-0.059,-0.264,-0.919,-0.203,0.738,-0.808,-0.55,0.906,-0.324,-0.464,0.829,-0.921,0.831,0.805,0.824,0.563,-0.185,0.897,0.897,-0.878,0.518,-0.863,0.819,0.634,-0.596,0.508,0.817,0.48,0.487,-0.914,0.87,0.902,0.863,0.739,-0.79,0.734,0.04,0.907,0.613,0.5,-0.877,0.884
AGNC,-0.132,0.373,0.257,-0.419,0.0,0.356,-0.173,-0.476,0.45,-0.223,0.457,0.573,0.078,0.612,-0.239,-0.383,0.198,0.303,0.534,0.014,0.522,-0.105,-0.135,0.263,0.345,0.204,0.457,0.59,-0.053,0.069,-0.126,0.011,0.41,0.241,-0.121,-0.071,-0.086,0.04,-0.116,0.102,-0.019,0.253,-0.469,0.328,-0.124,-0.289,-0.126,-0.11,-0.324,-0.455,0.201,-0.073,0.217,0.441,0.25,-0.189,-0.481,0.184,-0.129,-0.23,-0.033,0.208,0.433,0.361,-0.505,0.127,0.396,0.226,-0.484,-0.157,0.437,0.499,-0.228,-0.376,0.509,-0.29,0.523,0.629,0.349,0.41,0.11,-0.018,0.564,-0.308,-0.053,-0.024,-0.221,0.554,0.075,0.142,0.059,0.054,-0.278,-0.18,0.124,-0.234,0.513,0.125,0.358,-0.22,0.542,0.343,-0.172,0.366,-0.119,-0.185,-0.171,0.051,-0.039,0.131,0.711,0.266,0.356,0.149,-0.181,-0.371,0.19,0.487,-0.388,0.672,-0.082,-0.35,0.684,0.684,-0.005,0.563,-0.083,-0.19,-0.021,-0.167,-0.382,0.481,0.429,0.563,0.065,-0.04,0.122,0.481,0.293,-0.288,-0.154,-0.251,0.556,0.371,-0.183,-0.095,0.411,-0.313,0.59,-0.327,-0.321,-0.235,0.147,-0.23,0.21,0.067,-0.192,0.525,0.294,0.539,0.446,-0.063,-0.099,0.196,0.71,-0.233,0.462,0.665,-0.31,0.52,-0.535,-0.282,-0.167,-0.124,0.561,-0.207,-0.165,0.262,-0.033,0.387,-0.204,-0.202,0.503,0.184,-0.166,0.297,0.025,0.412,-0.128,-0.271,-0.126,-0.037,0.514,-0.349,0.449,-0.132,0.123,-0.228,0.463,-0.305
AGYS,-0.288,0.212,0.439,-0.433,0.356,0.0,-0.487,-0.435,0.514,-0.36,0.533,0.484,-0.291,0.726,-0.32,-0.316,0.536,0.532,0.487,-0.083,0.514,-0.499,-0.172,0.599,0.08,0.013,0.547,0.503,-0.322,0.243,-0.248,-0.272,0.636,0.459,-0.315,-0.417,-0.246,-0.215,-0.132,0.15,-0.253,0.372,-0.423,0.519,-0.086,-0.02,-0.428,-0.03,-0.489,-0.469,0.18,-0.3,0.347,0.56,0.175,-0.345,-0.51,-0.241,-0.243,-0.382,-0.26,-0.123,0.56,0.309,-0.372,0.281,0.521,0.177,-0.291,-0.263,0.202,0.565,-0.394,-0.518,0.534,-0.427,0.425,0.392,0.437,0.105,0.102,0.203,0.58,-0.486,0.131,0.205,-0.472,0.458,-0.02,-0.013,-0.216,0.572,-0.386,-0.226,-0.064,-0.36,0.558,-0.314,0.103,-0.46,0.623,0.545,-0.248,0.479,-0.199,-0.33,-0.342,0.063,-0.277,-0.043,0.309,-0.082,0.443,0.042,-0.506,-0.228,0.133,0.003,-0.504,0.223,-0.285,-0.403,0.533,0.489,-0.253,-0.056,-0.143,-0.071,-0.304,-0.424,-0.528,0.5,0.443,0.22,-0.193,-0.358,0.163,0.599,0.132,-0.159,-0.384,-0.478,0.227,0.22,-0.295,-0.282,0.449,-0.321,0.259,-0.453,-0.099,-0.473,-0.259,-0.42,0.062,0.017,-0.374,0.576,0.056,0.239,0.607,0.198,-0.296,0.516,0.497,-0.435,0.259,0.383,-0.22,0.589,-0.384,-0.422,-0.29,-0.334,0.204,-0.456,-0.388,0.548,0.06,0.537,-0.344,-0.179,0.532,-0.052,-0.228,-0.121,-0.015,0.573,-0.308,-0.349,-0.282,-0.57,0.419,-0.505,0.102,-0.341,-0.24,-0.375,0.482,-0.357
ALT,0.867,0.061,-0.314,0.852,-0.173,-0.487,0.0,0.741,-0.819,0.917,-0.858,-0.625,0.579,-0.632,0.856,0.854,-0.84,-0.721,-0.802,0.512,-0.829,0.849,0.506,-0.712,0.345,0.515,-0.823,-0.491,0.497,0.224,0.862,0.792,-0.267,-0.74,0.841,0.839,0.768,0.753,0.482,-0.157,0.869,-0.599,0.824,-0.895,0.487,-0.151,0.927,0.655,0.806,0.815,-0.353,0.633,-0.367,-0.892,0.289,0.845,0.824,0.645,0.732,0.597,0.752,0.758,-0.902,-0.276,0.573,-0.176,-0.832,0.404,0.433,0.785,-0.236,-0.811,0.91,0.843,-0.762,0.901,-0.512,-0.516,0.042,0.213,0.496,-0.195,-0.562,0.931,0.19,-0.331,0.934,-0.263,0.639,0.332,0.817,-0.785,0.89,0.531,0.359,0.856,-0.803,0.807,0.423,0.918,-0.765,-0.885,0.778,-0.412,0.771,0.723,0.898,0.189,0.79,0.675,-0.244,0.647,-0.576,0.171,0.794,0.681,0.327,0.489,0.878,0.085,0.885,0.737,-0.652,-0.539,0.673,0.314,0.607,0.584,0.771,0.766,0.787,-0.753,-0.567,-0.133,0.822,0.911,0.413,-0.854,0.49,0.565,0.89,0.642,0.046,-0.154,0.901,0.857,-0.629,0.853,0.045,0.816,0.541,0.93,0.777,0.922,0.143,0.6,0.897,-0.866,0.098,-0.208,-0.879,-0.222,0.752,-0.874,-0.372,0.915,-0.151,-0.255,0.728,-0.837,0.704,0.789,0.87,0.672,-0.032,0.934,0.937,-0.917,0.443,-0.85,0.838,0.631,-0.529,0.665,0.805,0.677,0.548,-0.898,0.898,0.9,0.861,0.867,-0.64,0.763,0.09,0.91,0.742,0.458,-0.777,0.838
AMGN,0.638,-0.006,-0.544,0.801,-0.476,-0.435,0.741,0.0,-0.739,0.754,-0.838,-0.73,0.455,-0.733,0.791,0.797,-0.719,-0.742,-0.758,0.501,-0.799,0.731,0.367,-0.444,0.0,0.34,-0.828,-0.545,0.388,0.087,0.696,0.451,-0.358,-0.794,0.654,0.672,0.533,0.586,0.266,-0.419,0.654,-0.616,0.762,-0.843,0.331,-0.007,0.74,0.406,0.771,0.793,-0.397,0.724,-0.489,-0.837,0.163,0.748,0.81,0.381,0.734,0.615,0.418,0.489,-0.837,-0.242,0.614,-0.063,-0.795,0.129,0.497,0.619,-0.191,-0.769,0.807,0.844,-0.741,0.789,-0.487,-0.71,-0.204,-0.004,0.296,-0.299,-0.643,0.805,-0.044,-0.234,0.766,-0.369,0.383,-0.021,0.611,-0.664,0.829,0.351,0.385,0.649,-0.832,0.581,0.135,0.767,-0.771,-0.828,0.766,-0.255,0.599,0.525,0.789,0.282,0.772,0.512,-0.337,0.427,-0.64,0.253,0.771,0.606,-0.005,0.28,0.776,-0.19,0.614,0.592,-0.748,-0.599,0.542,-0.065,0.31,0.484,0.469,0.713,0.806,-0.707,-0.524,-0.226,0.579,0.734,0.202,-0.841,0.261,0.492,0.754,0.619,-0.148,-0.4,0.662,0.696,-0.534,0.727,-0.175,0.851,0.554,0.804,0.56,0.742,0.101,0.234,0.71,-0.844,-0.152,-0.392,-0.839,-0.2,0.497,-0.745,-0.614,0.816,-0.264,-0.394,0.705,-0.799,0.714,0.669,0.715,0.487,-0.022,0.784,0.724,-0.818,0.472,-0.786,0.801,0.468,-0.716,0.439,0.62,0.366,0.556,-0.77,0.674,0.723,0.633,0.645,-0.594,0.8,-0.173,0.732,0.39,0.294,-0.742,0.726
AMPH,-0.748,0.264,0.332,-0.854,0.45,0.514,-0.819,-0.739,0.0,-0.797,0.927,0.8,-0.322,0.753,-0.774,-0.86,0.657,0.681,0.908,-0.317,0.881,-0.651,-0.437,0.733,-0.066,-0.263,0.85,0.705,-0.404,-0.249,-0.741,-0.623,0.215,0.543,-0.699,-0.629,-0.585,-0.626,-0.578,0.08,-0.639,0.553,-0.873,0.798,-0.508,-0.031,-0.778,-0.496,-0.803,-0.868,0.356,-0.402,0.334,0.855,-0.007,-0.729,-0.812,-0.295,-0.55,-0.415,-0.575,-0.465,0.874,0.328,-0.695,0.144,0.78,-0.223,-0.601,-0.703,0.43,0.791,-0.795,-0.727,0.873,-0.798,0.734,0.593,0.079,0.066,-0.368,-0.032,0.585,-0.829,-0.257,0.186,-0.828,0.531,-0.46,-0.106,-0.58,0.618,-0.824,-0.548,-0.111,-0.814,0.861,-0.552,-0.169,-0.799,0.879,0.816,-0.623,0.535,-0.665,-0.663,-0.784,0.036,-0.673,-0.479,0.556,-0.347,0.66,0.02,-0.63,-0.809,-0.209,-0.202,-0.871,0.246,-0.753,-0.778,0.802,0.724,-0.478,0.019,-0.577,-0.67,-0.537,-0.645,-0.699,0.814,0.62,0.335,-0.596,-0.732,-0.275,0.886,-0.375,-0.64,-0.708,-0.665,0.302,0.228,-0.81,-0.719,0.615,-0.82,0.227,-0.796,-0.541,-0.813,-0.612,-0.807,-0.009,-0.421,-0.801,0.9,-0.013,0.472,0.881,0.068,-0.625,0.713,0.586,-0.815,0.308,0.57,-0.793,0.895,-0.843,-0.69,-0.745,-0.617,0.217,-0.795,-0.826,0.813,-0.427,0.791,-0.657,-0.614,0.621,-0.448,-0.732,-0.385,-0.344,0.857,-0.809,-0.877,-0.762,-0.674,0.815,-0.643,-0.035,-0.814,-0.572,-0.382,0.813,-0.765
AMZN,0.942,0.223,-0.202,0.869,-0.223,-0.36,0.917,0.754,-0.797,0.0,-0.851,-0.56,0.592,-0.577,0.851,0.906,-0.804,-0.683,-0.806,0.583,-0.817,0.849,0.59,-0.583,0.375,0.6,-0.772,-0.445,0.623,0.294,0.951,0.822,-0.219,-0.719,0.931,0.853,0.876,0.821,0.505,-0.068,0.917,-0.51,0.867,-0.872,0.618,-0.078,0.913,0.773,0.823,0.87,-0.243,0.654,-0.259,-0.864,0.451,0.831,0.872,0.665,0.734,0.624,0.73,0.791,-0.869,-0.334,0.651,-0.101,-0.811,0.469,0.518,0.809,-0.333,-0.789,0.95,0.87,-0.699,0.918,-0.443,-0.473,0.139,0.15,0.58,-0.144,-0.534,0.958,0.234,-0.301,0.935,-0.239,0.708,0.451,0.851,-0.727,0.922,0.538,0.384,0.934,-0.742,0.812,0.433,0.935,-0.709,-0.832,0.841,-0.421,0.805,0.735,0.893,0.164,0.795,0.734,-0.266,0.664,-0.479,0.219,0.79,0.746,0.451,0.496,0.909,0.086,0.952,0.764,-0.628,-0.515,0.683,0.265,0.709,0.626,0.79,0.746,0.809,-0.697,-0.478,-0.151,0.875,0.909,0.502,-0.81,0.504,0.602,0.927,0.672,0.05,-0.056,0.963,0.89,-0.595,0.927,0.102,0.82,0.7,0.943,0.751,0.951,0.283,0.685,0.951,-0.837,0.205,-0.253,-0.832,-0.079,0.791,-0.828,-0.317,0.933,-0.005,-0.262,0.758,-0.82,0.768,0.832,0.891,0.735,-0.087,0.969,0.962,-0.888,0.499,-0.795,0.886,0.76,-0.431,0.742,0.86,0.718,0.577,-0.88,0.912,0.94,0.846,0.832,-0.677,0.795,0.065,0.909,0.765,0.521,-0.726,0.857
ANIP,-0.783,0.158,0.428,-0.923,0.457,0.533,-0.858,-0.838,0.927,-0.851,0.0,0.826,-0.486,0.771,-0.848,-0.914,0.747,0.742,0.936,-0.515,0.926,-0.75,-0.511,0.713,-0.088,-0.315,0.894,0.674,-0.446,-0.239,-0.799,-0.639,0.274,0.71,-0.791,-0.765,-0.622,-0.625,-0.552,0.199,-0.728,0.579,-0.931,0.898,-0.474,-0.053,-0.854,-0.552,-0.906,-0.923,0.357,-0.567,0.368,0.937,-0.053,-0.792,-0.894,-0.379,-0.691,-0.52,-0.581,-0.539,0.96,0.395,-0.74,0.08,0.901,-0.154,-0.625,-0.805,0.366,0.856,-0.868,-0.865,0.886,-0.872,0.674,0.705,0.167,0.113,-0.419,0.082,0.643,-0.903,-0.204,0.234,-0.909,0.557,-0.486,-0.088,-0.665,0.674,-0.869,-0.582,-0.179,-0.836,0.928,-0.624,-0.123,-0.835,0.901,0.883,-0.751,0.505,-0.667,-0.642,-0.849,-0.052,-0.742,-0.511,0.526,-0.393,0.665,-0.084,-0.726,-0.812,-0.134,-0.231,-0.931,0.259,-0.77,-0.814,0.88,0.759,-0.569,0.058,-0.56,-0.668,-0.583,-0.718,-0.844,0.835,0.638,0.408,-0.655,-0.813,-0.361,0.956,-0.329,-0.683,-0.822,-0.633,0.242,0.287,-0.848,-0.755,0.681,-0.874,0.18,-0.868,-0.597,-0.916,-0.649,-0.894,-0.053,-0.417,-0.852,0.961,0.021,0.423,0.941,0.121,-0.701,0.806,0.603,-0.9,0.303,0.516,-0.838,0.93,-0.868,-0.812,-0.796,-0.645,0.151,-0.881,-0.872,0.903,-0.539,0.87,-0.799,-0.641,0.688,-0.422,-0.778,-0.459,-0.458,0.924,-0.829,-0.898,-0.783,-0.753,0.813,-0.809,-0.017,-0.88,-0.58,-0.48,0.851,-0.875
AOSL,-0.519,0.508,0.426,-0.812,0.573,0.484,-0.625,-0.73,0.8,-0.56,0.826,0.0,-0.183,0.815,-0.719,-0.77,0.636,0.646,0.843,-0.199,0.898,-0.538,-0.192,0.774,-0.037,0.002,0.888,0.907,-0.144,-0.202,-0.452,-0.475,0.386,0.508,-0.438,-0.434,-0.283,-0.28,-0.475,0.23,-0.419,0.645,-0.756,0.764,-0.235,0.034,-0.622,-0.428,-0.681,-0.693,0.521,-0.333,0.513,0.829,0.326,-0.695,-0.683,-0.161,-0.495,-0.415,-0.488,-0.187,0.817,0.188,-0.59,0.356,0.792,0.074,-0.506,-0.562,0.253,0.845,-0.639,-0.656,0.931,-0.721,0.856,0.733,0.425,0.157,-0.093,0.015,0.737,-0.706,-0.329,-0.076,-0.686,0.619,-0.215,0.166,-0.389,0.474,-0.642,-0.553,-0.085,-0.539,0.933,-0.367,-0.016,-0.66,0.851,0.763,-0.46,0.44,-0.521,-0.653,-0.661,-0.063,-0.46,-0.228,0.638,-0.119,0.818,0.004,-0.524,-0.697,0.064,0.085,-0.77,0.418,-0.502,-0.676,0.907,0.871,-0.472,0.15,-0.261,-0.707,-0.215,-0.603,-0.632,0.889,0.848,0.4,-0.381,-0.565,0.003,0.894,-0.211,-0.597,-0.545,-0.415,0.373,0.595,-0.563,-0.538,0.68,-0.614,0.565,-0.669,-0.314,-0.668,-0.493,-0.657,0.312,-0.321,-0.612,0.864,0.392,0.294,0.836,0.349,-0.442,0.636,0.758,-0.693,0.695,0.667,-0.775,0.882,-0.725,-0.556,-0.616,-0.27,0.276,-0.621,-0.619,0.711,-0.302,0.792,-0.547,-0.328,0.786,-0.156,-0.537,-0.062,-0.28,0.78,-0.657,-0.67,-0.679,-0.513,0.728,-0.522,0.096,-0.694,-0.349,-0.226,0.894,-0.705
APDN,0.617,0.411,-0.235,0.493,0.078,-0.291,0.579,0.455,-0.322,0.592,-0.486,-0.183,0.0,-0.176,0.503,0.506,-0.609,-0.24,-0.387,0.821,-0.353,0.647,0.63,-0.305,0.482,0.749,-0.371,-0.032,0.324,-0.086,0.593,0.4,0.008,-0.638,0.742,0.695,0.557,0.361,0.266,-0.332,0.739,-0.23,0.47,-0.596,0.116,0.105,0.663,0.435,0.672,0.473,-0.215,0.67,-0.065,-0.579,0.266,0.568,0.44,0.46,0.702,0.687,0.265,0.746,-0.57,-0.338,0.189,0.237,-0.514,0.179,0.188,0.713,-0.099,-0.532,0.615,0.725,-0.257,0.663,0.138,-0.449,-0.214,0.08,0.45,-0.4,-0.135,0.609,-0.029,-0.161,0.665,0.014,0.558,0.236,0.593,-0.497,0.609,0.437,0.492,0.529,-0.408,0.631,0.277,0.451,-0.208,-0.545,0.78,-0.139,0.312,0.209,0.592,0.341,0.468,0.684,0.106,0.577,-0.109,0.309,0.695,0.324,0.226,0.412,0.532,0.281,0.566,0.374,-0.286,-0.276,0.647,0.242,0.347,0.295,0.704,0.633,0.708,-0.303,-0.209,-0.022,0.708,0.589,0.569,-0.481,0.121,0.307,0.764,0.257,0.217,-0.069,0.569,0.424,-0.14,0.581,0.276,0.374,0.24,0.679,0.505,0.6,0.201,0.387,0.534,-0.491,0.099,0.171,-0.517,-0.135,0.698,-0.65,0.151,0.675,0.168,0.277,0.507,-0.466,0.376,0.733,0.638,0.549,0.471,0.666,0.534,-0.607,0.591,-0.463,0.656,0.568,-0.244,0.344,0.714,0.799,0.594,-0.589,0.521,0.427,0.386,0.655,-0.174,0.764,0.082,0.633,0.492,0.646,-0.33,0.708
APLT,-0.474,0.31,0.476,-0.708,0.612,0.726,-0.632,-0.733,0.753,-0.577,0.771,0.815,-0.176,0.0,-0.616,-0.654,0.669,0.712,0.788,-0.11,0.828,-0.588,-0.148,0.655,0.05,-0.03,0.821,0.762,-0.318,-0.048,-0.441,-0.456,0.569,0.541,-0.437,-0.435,-0.387,-0.37,-0.3,0.202,-0.406,0.617,-0.714,0.727,-0.241,0.053,-0.607,-0.289,-0.626,-0.697,0.429,-0.401,0.5,0.779,0.163,-0.632,-0.732,-0.3,-0.476,-0.469,-0.453,-0.174,0.755,0.215,-0.563,0.313,0.778,0.027,-0.45,-0.462,0.222,0.77,-0.649,-0.658,0.826,-0.657,0.683,0.641,0.375,0.082,0.046,0.135,0.812,-0.706,-0.056,0.038,-0.65,0.55,-0.187,0.074,-0.402,0.625,-0.637,-0.381,-0.15,-0.577,0.829,-0.416,0.014,-0.691,0.811,0.757,-0.43,0.431,-0.474,-0.613,-0.597,0.001,-0.511,-0.195,0.559,-0.148,0.717,-0.063,-0.609,-0.553,0.115,0.024,-0.719,0.374,-0.456,-0.61,0.808,0.716,-0.449,0.093,-0.245,-0.478,-0.291,-0.615,-0.666,0.798,0.731,0.274,-0.343,-0.524,0.068,0.833,-0.124,-0.452,-0.56,-0.541,0.311,0.463,-0.51,-0.522,0.616,-0.534,0.424,-0.738,-0.357,-0.641,-0.429,-0.618,0.149,-0.186,-0.601,0.803,0.274,0.302,0.785,0.282,-0.35,0.648,0.762,-0.646,0.478,0.622,-0.542,0.795,-0.671,-0.555,-0.552,-0.334,0.343,-0.613,-0.604,0.721,-0.114,0.758,-0.532,-0.32,0.745,-0.217,-0.387,-0.081,-0.163,0.733,-0.582,-0.624,-0.562,-0.56,0.635,-0.598,0.22,-0.552,-0.369,-0.264,0.792,-0.597
APVO,0.744,0.015,-0.481,0.867,-0.239,-0.32,0.856,0.791,-0.774,0.851,-0.848,-0.719,0.503,-0.616,0.0,0.883,-0.876,-0.794,-0.776,0.555,-0.86,0.864,0.322,-0.635,0.37,0.534,-0.913,-0.559,0.258,0.173,0.802,0.763,-0.275,-0.771,0.733,0.705,0.67,0.715,0.307,-0.411,0.86,-0.792,0.763,-0.942,0.289,-0.334,0.921,0.648,0.729,0.719,-0.592,0.695,-0.593,-0.909,0.223,0.943,0.755,0.652,0.848,0.647,0.65,0.715,-0.883,-0.009,0.456,-0.237,-0.883,0.469,0.296,0.766,-0.035,-0.839,0.931,0.832,-0.824,0.906,-0.599,-0.601,-0.006,0.275,0.349,-0.373,-0.653,0.906,0.082,-0.141,0.902,-0.16,0.659,0.116,0.828,-0.787,0.903,0.411,0.531,0.739,-0.875,0.837,0.497,0.863,-0.77,-0.926,0.829,-0.152,0.859,0.71,0.958,0.363,0.819,0.726,-0.191,0.689,-0.747,0.292,0.828,0.632,0.164,0.38,0.816,0.153,0.813,0.586,-0.648,-0.53,0.778,0.288,0.417,0.658,0.501,0.859,0.753,-0.859,-0.696,-0.068,0.819,0.921,0.288,-0.881,0.626,0.541,0.869,0.528,0.172,-0.459,0.824,0.878,-0.645,0.758,-0.142,0.848,0.429,0.88,0.843,0.866,-0.059,0.613,0.806,-0.862,-0.214,-0.143,-0.892,-0.432,0.575,-0.907,-0.52,0.932,-0.383,-0.188,0.763,-0.829,0.624,0.676,0.921,0.425,0.046,0.87,0.884,-0.929,0.43,-0.91,0.877,0.448,-0.682,0.69,0.732,0.575,0.646,-0.865,0.91,0.838,0.905,0.777,-0.569,0.728,-0.112,0.896,0.697,0.241,-0.885,0.841
ARGX,0.857,-0.026,-0.273,0.93,-0.383,-0.316,0.854,0.797,-0.86,0.906,-0.914,-0.77,0.506,-0.654,0.883,0.0,-0.748,-0.662,-0.902,0.537,-0.906,0.765,0.522,-0.644,0.28,0.462,-0.854,-0.638,0.473,0.367,0.862,0.741,-0.129,-0.656,0.834,0.742,0.702,0.627,0.605,-0.134,0.794,-0.56,0.931,-0.878,0.529,0.004,0.87,0.763,0.863,0.906,-0.353,0.589,-0.295,-0.905,0.19,0.85,0.868,0.477,0.735,0.563,0.676,0.611,-0.906,-0.309,0.723,-0.127,-0.868,0.269,0.62,0.843,-0.323,-0.859,0.908,0.852,-0.848,0.913,-0.604,-0.662,-0.018,-0.007,0.472,-0.033,-0.581,0.921,0.361,-0.101,0.906,-0.434,0.609,0.233,0.707,-0.6,0.884,0.659,0.271,0.868,-0.873,0.685,0.283,0.862,-0.785,-0.834,0.798,-0.445,0.749,0.734,0.872,0.111,0.717,0.602,-0.478,0.471,-0.624,0.169,0.702,0.848,0.273,0.252,0.941,-0.133,0.854,0.799,-0.797,-0.728,0.67,0.036,0.614,0.795,0.635,0.729,0.815,-0.822,-0.659,-0.314,0.747,0.837,0.436,-0.89,0.451,0.739,0.857,0.552,-0.12,-0.256,0.897,0.816,-0.625,0.91,-0.155,0.817,0.664,0.92,0.734,0.923,0.033,0.635,0.878,-0.909,-0.023,-0.252,-0.873,-0.145,0.756,-0.789,-0.468,0.924,-0.275,-0.445,0.896,-0.895,0.862,0.837,0.863,0.622,-0.131,0.907,0.908,-0.858,0.587,-0.821,0.826,0.707,-0.565,0.56,0.864,0.547,0.549,-0.892,0.897,0.917,0.849,0.707,-0.757,0.761,0.062,0.919,0.691,0.488,-0.843,0.924
ARLP,-0.696,-0.114,0.502,-0.785,0.198,0.536,-0.84,-0.719,0.657,-0.804,0.747,0.636,-0.609,0.669,-0.876,-0.748,0.0,0.81,0.676,-0.525,0.796,-0.938,-0.267,0.676,-0.512,-0.571,0.871,0.529,-0.28,0.024,-0.705,-0.77,0.509,0.816,-0.696,-0.695,-0.66,-0.626,-0.162,0.439,-0.852,0.824,-0.651,0.941,-0.147,0.431,-0.916,-0.586,-0.657,-0.61,0.64,-0.755,0.676,0.898,-0.203,-0.932,-0.704,-0.793,-0.825,-0.782,-0.656,-0.724,0.854,0.0,-0.302,0.346,0.864,-0.388,-0.138,-0.683,-0.035,0.869,-0.895,-0.87,0.739,-0.897,0.495,0.56,0.2,-0.333,-0.2,0.551,0.737,-0.9,0.038,0.105,-0.881,0.06,-0.635,-0.206,-0.822,0.894,-0.853,-0.332,-0.656,-0.658,0.81,-0.885,-0.531,-0.863,0.68,0.935,-0.798,0.154,-0.792,-0.715,-0.899,-0.454,-0.701,-0.694,0.051,-0.734,0.716,-0.337,-0.927,-0.454,-0.115,-0.38,-0.765,-0.265,-0.767,-0.498,0.565,0.482,-0.864,-0.446,-0.309,-0.498,-0.533,-0.911,-0.764,0.824,0.723,-0.069,-0.829,-0.872,-0.138,0.846,-0.494,-0.392,-0.873,-0.527,-0.287,0.501,-0.742,-0.811,0.657,-0.653,0.142,-0.773,-0.26,-0.85,-0.796,-0.805,0.072,-0.62,-0.75,0.808,0.27,-0.029,0.868,0.582,-0.536,0.958,0.447,-0.904,0.359,0.079,-0.604,0.802,-0.483,-0.66,-0.888,-0.364,-0.094,-0.846,-0.824,0.938,-0.21,0.927,-0.861,-0.369,0.702,-0.67,-0.652,-0.614,-0.613,0.87,-0.844,-0.717,-0.826,-0.865,0.421,-0.753,0.212,-0.816,-0.699,-0.292,0.849,-0.785
ATEX,-0.49,0.006,0.658,-0.712,0.303,0.532,-0.721,-0.742,0.681,-0.683,0.742,0.646,-0.24,0.712,-0.794,-0.662,0.81,0.0,0.634,-0.319,0.768,-0.819,0.013,0.528,-0.139,-0.263,0.853,0.549,-0.279,-0.032,-0.616,-0.622,0.557,0.739,-0.489,-0.55,-0.447,-0.66,-0.017,0.433,-0.612,0.821,-0.582,0.832,-0.195,0.471,-0.757,-0.398,-0.546,-0.591,0.506,-0.665,0.756,0.766,-0.169,-0.78,-0.685,-0.648,-0.634,-0.514,-0.546,-0.456,0.758,-0.101,-0.437,0.399,0.774,-0.275,-0.167,-0.443,-0.091,0.683,-0.761,-0.71,0.734,-0.68,0.647,0.459,0.1,-0.256,-0.096,0.433,0.778,-0.753,0.175,0.187,-0.717,0.196,-0.4,-0.033,-0.646,0.863,-0.754,-0.082,-0.487,-0.534,0.776,-0.716,-0.311,-0.804,0.787,0.834,-0.603,0.121,-0.784,-0.628,-0.794,-0.298,-0.729,-0.445,0.124,-0.545,0.793,-0.264,-0.765,-0.412,0.103,-0.279,-0.667,-0.074,-0.598,-0.409,0.568,0.38,-0.596,-0.228,-0.185,-0.363,-0.268,-0.721,-0.648,0.784,0.593,-0.005,-0.583,-0.786,0.088,0.784,-0.513,-0.349,-0.682,-0.627,-0.21,0.465,-0.597,-0.793,0.753,-0.535,0.165,-0.87,-0.338,-0.712,-0.692,-0.68,0.033,-0.367,-0.61,0.736,0.243,0.251,0.8,0.473,-0.248,0.765,0.704,-0.758,0.414,0.293,-0.468,0.707,-0.455,-0.431,-0.684,-0.25,0.061,-0.704,-0.736,0.846,-0.054,0.855,-0.785,-0.184,0.779,-0.62,-0.391,-0.328,-0.441,0.717,-0.704,-0.673,-0.745,-0.7,0.454,-0.61,0.269,-0.649,-0.501,-0.023,0.8,-0.554
ATRA,-0.773,0.26,0.266,-0.905,0.534,0.487,-0.802,-0.758,0.908,-0.806,0.936,0.843,-0.387,0.788,-0.776,-0.902,0.676,0.634,0.0,-0.377,0.934,-0.635,-0.482,0.746,-0.123,-0.209,0.844,0.748,-0.445,-0.36,-0.713,-0.664,0.272,0.551,-0.726,-0.659,-0.631,-0.498,-0.67,0.01,-0.648,0.506,-0.959,0.82,-0.524,-0.104,-0.786,-0.614,-0.851,-0.898,0.307,-0.399,0.268,0.893,0.019,-0.739,-0.897,-0.307,-0.585,-0.437,-0.653,-0.408,0.903,0.431,-0.749,0.143,0.869,-0.118,-0.663,-0.758,0.426,0.852,-0.796,-0.782,0.89,-0.826,0.694,0.696,0.142,0.175,-0.354,-0.096,0.651,-0.863,-0.39,0.115,-0.853,0.638,-0.471,-0.165,-0.575,0.557,-0.778,-0.68,-0.048,-0.837,0.891,-0.506,-0.082,-0.798,0.844,0.805,-0.62,0.602,-0.586,-0.707,-0.747,0.118,-0.606,-0.406,0.674,-0.245,0.595,-0.004,-0.593,-0.85,-0.187,-0.109,-0.919,0.362,-0.717,-0.88,0.912,0.842,-0.523,0.103,-0.603,-0.737,-0.558,-0.643,-0.781,0.842,0.707,0.473,-0.578,-0.697,-0.365,0.911,-0.275,-0.738,-0.756,-0.516,0.348,0.267,-0.821,-0.672,0.675,-0.845,0.274,-0.784,-0.59,-0.849,-0.557,-0.858,0.005,-0.467,-0.845,0.927,0.047,0.376,0.878,0.084,-0.711,0.725,0.576,-0.826,0.332,0.625,-0.837,0.919,-0.906,-0.808,-0.741,-0.623,0.322,-0.804,-0.817,0.814,-0.443,0.814,-0.672,-0.675,0.605,-0.364,-0.769,-0.377,-0.322,0.896,-0.809,-0.878,-0.769,-0.668,0.859,-0.722,-0.038,-0.828,-0.595,-0.531,0.847,-0.853
AUTL,0.555,0.398,-0.373,0.465,0.014,-0.083,0.512,0.501,-0.317,0.583,-0.515,-0.199,0.821,-0.11,0.555,0.537,-0.525,-0.319,-0.377,0.0,-0.344,0.6,0.532,-0.132,0.314,0.706,-0.374,-0.015,0.308,-0.134,0.591,0.314,0.045,-0.643,0.711,0.652,0.467,0.422,0.211,-0.393,0.705,-0.231,0.479,-0.572,0.117,0.055,0.611,0.43,0.647,0.48,-0.237,0.702,-0.118,-0.534,0.358,0.563,0.436,0.401,0.719,0.65,0.196,0.667,-0.535,-0.236,0.281,0.317,-0.492,0.199,0.206,0.696,-0.065,-0.468,0.596,0.68,-0.229,0.59,0.064,-0.409,-0.128,-0.027,0.373,-0.386,-0.147,0.561,-0.082,-0.081,0.601,0.01,0.509,0.044,0.584,-0.477,0.582,0.26,0.497,0.507,-0.414,0.583,0.168,0.412,-0.237,-0.505,0.803,0.027,0.336,0.088,0.605,0.425,0.55,0.679,0.079,0.524,-0.123,0.36,0.642,0.356,0.09,0.419,0.489,0.181,0.504,0.331,-0.305,-0.218,0.6,0.076,0.31,0.348,0.549,0.621,0.753,-0.285,-0.155,-0.066,0.675,0.605,0.61,-0.471,0.167,0.37,0.704,0.247,0.257,-0.13,0.534,0.416,-0.148,0.561,0.321,0.49,0.316,0.638,0.467,0.566,0.189,0.352,0.494,-0.465,0.045,-0.05,-0.484,-0.043,0.553,-0.559,0.03,0.67,0.116,0.227,0.579,-0.426,0.413,0.625,0.628,0.521,0.451,0.621,0.492,-0.577,0.628,-0.449,0.705,0.51,-0.346,0.364,0.652,0.702,0.642,-0.534,0.498,0.419,0.377,0.572,-0.189,0.779,-0.049,0.616,0.431,0.489,-0.318,0.675
AVDL,-0.748,0.241,0.363,-0.94,0.522,0.514,-0.829,-0.799,0.881,-0.817,0.926,0.898,-0.353,0.828,-0.86,-0.906,0.796,0.768,0.934,-0.344,0.0,-0.757,-0.347,0.799,-0.208,-0.247,0.947,0.813,-0.371,-0.252,-0.711,-0.723,0.409,0.662,-0.686,-0.651,-0.611,-0.553,-0.507,0.155,-0.684,0.685,-0.892,0.907,-0.422,0.107,-0.83,-0.642,-0.797,-0.839,0.446,-0.508,0.48,0.944,0.025,-0.836,-0.865,-0.446,-0.652,-0.545,-0.706,-0.463,0.934,0.256,-0.682,0.351,0.907,-0.198,-0.548,-0.717,0.302,0.921,-0.851,-0.816,0.952,-0.876,0.791,0.682,0.184,0.019,-0.284,0.089,0.78,-0.906,-0.313,0.083,-0.878,0.519,-0.481,-0.131,-0.638,0.653,-0.828,-0.588,-0.223,-0.771,0.953,-0.621,-0.204,-0.864,0.908,0.891,-0.659,0.488,-0.733,-0.797,-0.834,-0.088,-0.652,-0.442,0.569,-0.373,0.76,-0.081,-0.697,-0.792,-0.156,-0.109,-0.924,0.23,-0.753,-0.791,0.892,0.802,-0.62,-0.053,-0.496,-0.706,-0.478,-0.737,-0.77,0.935,0.806,0.342,-0.625,-0.782,-0.183,0.957,-0.377,-0.662,-0.777,-0.554,0.204,0.417,-0.805,-0.77,0.785,-0.808,0.357,-0.823,-0.521,-0.865,-0.658,-0.864,0.092,-0.532,-0.825,0.949,0.184,0.292,0.936,0.277,-0.623,0.805,0.693,-0.87,0.477,0.568,-0.807,0.947,-0.815,-0.742,-0.798,-0.485,0.293,-0.839,-0.854,0.879,-0.348,0.902,-0.759,-0.53,0.708,-0.464,-0.708,-0.347,-0.409,0.92,-0.854,-0.872,-0.856,-0.728,0.784,-0.692,0.085,-0.847,-0.607,-0.39,0.945,-0.844
BCRX,0.73,0.25,-0.496,0.786,-0.105,-0.499,0.849,0.731,-0.651,0.849,-0.75,-0.538,0.647,-0.588,0.864,0.765,-0.938,-0.819,-0.635,0.6,-0.757,0.0,0.297,-0.571,0.454,0.633,-0.82,-0.429,0.393,0.011,0.795,0.769,-0.387,-0.829,0.769,0.759,0.693,0.731,0.162,-0.422,0.88,-0.75,0.65,-0.922,0.239,-0.386,0.927,0.608,0.704,0.651,-0.475,0.842,-0.586,-0.856,0.339,0.902,0.719,0.804,0.833,0.753,0.645,0.778,-0.83,-0.017,0.388,-0.274,-0.826,0.407,0.189,0.677,0.058,-0.794,0.909,0.872,-0.679,0.869,-0.424,-0.475,-0.073,0.335,0.298,-0.512,-0.657,0.897,-0.062,-0.158,0.89,-0.043,0.657,0.243,0.832,-0.894,0.883,0.291,0.666,0.694,-0.757,0.929,0.506,0.864,-0.666,-0.894,0.841,-0.17,0.818,0.663,0.908,0.397,0.777,0.696,0.0,0.783,-0.653,0.394,0.934,0.47,0.179,0.484,0.773,0.318,0.809,0.495,-0.505,-0.383,0.838,0.452,0.356,0.448,0.585,0.883,0.792,-0.749,-0.568,0.078,0.848,0.93,0.201,-0.804,0.551,0.395,0.893,0.601,0.359,-0.339,0.775,0.87,-0.638,0.703,-0.002,0.826,0.396,0.883,0.852,0.835,0.069,0.598,0.758,-0.773,-0.101,-0.017,-0.842,-0.466,0.567,-0.916,-0.389,0.926,-0.196,-0.032,0.596,-0.754,0.494,0.681,0.874,0.449,0.164,0.888,0.866,-0.934,0.304,-0.866,0.916,0.414,-0.613,0.755,0.669,0.706,0.61,-0.829,0.85,0.748,0.829,0.88,-0.41,0.78,-0.111,0.835,0.708,0.341,-0.777,0.769
BHAT,0.701,0.216,0.153,0.485,-0.135,-0.172,0.506,0.367,-0.437,0.59,-0.511,-0.192,0.63,-0.148,0.322,0.522,-0.267,0.013,-0.482,0.532,-0.347,0.297,0.0,-0.303,0.104,0.423,-0.222,-0.067,0.555,0.211,0.622,0.292,0.154,-0.409,0.757,0.711,0.581,0.352,0.634,0.182,0.555,0.168,0.609,-0.39,0.526,0.566,0.444,0.446,0.669,0.66,0.19,0.273,0.394,-0.459,0.301,0.263,0.531,0.1,0.335,0.34,0.265,0.536,-0.507,-0.778,0.528,0.412,-0.377,0.055,0.629,0.662,-0.668,-0.432,0.48,0.554,-0.249,0.551,0.037,-0.357,0.083,-0.319,0.698,0.165,0.068,0.52,0.361,-0.396,0.552,-0.348,0.364,0.412,0.391,-0.14,0.472,0.679,-0.074,0.657,-0.31,0.268,0.023,0.41,-0.287,-0.333,0.568,-0.539,0.161,0.183,0.374,-0.046,0.352,0.439,-0.316,0.227,0.142,-0.102,0.33,0.58,0.472,0.279,0.588,-0.157,0.577,0.645,-0.425,-0.435,0.197,-0.125,0.711,0.371,0.808,0.232,0.533,-0.138,-0.001,-0.439,0.491,0.398,0.738,-0.385,-0.091,0.505,0.56,0.335,-0.351,0.359,0.625,0.317,-0.111,0.72,0.269,0.241,0.599,0.594,0.208,0.596,0.42,0.286,0.604,-0.487,0.521,-0.254,-0.407,0.412,0.836,-0.375,0.16,0.491,0.331,-0.132,0.575,-0.469,0.634,0.74,0.414,0.79,-0.028,0.608,0.503,-0.394,0.722,-0.256,0.425,0.832,0.064,0.13,0.774,0.56,0.39,-0.535,0.391,0.544,0.269,0.417,-0.565,0.585,0.307,0.568,0.344,0.76,-0.167,0.621
BLBD,-0.626,0.4,0.141,-0.739,0.263,0.599,-0.712,-0.444,0.733,-0.583,0.713,0.774,-0.305,0.655,-0.635,-0.644,0.676,0.528,0.746,-0.132,0.799,-0.571,-0.303,0.0,-0.345,-0.117,0.761,0.766,-0.225,-0.22,-0.472,-0.669,0.386,0.404,-0.507,-0.506,-0.455,-0.316,-0.555,-0.021,-0.521,0.539,-0.672,0.707,-0.289,0.127,-0.684,-0.501,-0.605,-0.583,0.394,-0.194,0.354,0.771,0.258,-0.652,-0.603,-0.33,-0.379,-0.381,-0.685,-0.365,0.772,0.266,-0.435,0.43,0.702,-0.112,-0.369,-0.585,0.318,0.791,-0.603,-0.591,0.813,-0.722,0.75,0.49,0.275,0.001,-0.226,-0.025,0.583,-0.718,-0.438,0.05,-0.74,0.484,-0.406,-0.182,-0.481,0.525,-0.581,-0.642,-0.054,-0.595,0.777,-0.477,-0.247,-0.678,0.729,0.724,-0.383,0.572,-0.522,-0.727,-0.623,0.017,-0.351,-0.307,0.474,-0.266,0.636,0.082,-0.494,-0.633,-0.254,-0.096,-0.75,0.133,-0.636,-0.709,0.716,0.73,-0.501,-0.237,-0.45,-0.599,-0.428,-0.567,-0.525,0.799,0.77,0.311,-0.51,-0.596,-0.091,0.792,-0.258,-0.519,-0.573,-0.37,0.207,0.318,-0.65,-0.557,0.71,-0.596,0.372,-0.48,-0.18,-0.676,-0.549,-0.703,0.177,-0.518,-0.68,0.766,0.141,0.053,0.773,0.333,-0.59,0.677,0.457,-0.659,0.472,0.442,-0.634,0.807,-0.582,-0.593,-0.628,-0.394,0.254,-0.647,-0.679,0.7,-0.169,0.743,-0.48,-0.399,0.512,-0.268,-0.596,-0.319,-0.18,0.794,-0.706,-0.676,-0.729,-0.681,0.686,-0.427,-0.105,-0.72,-0.547,-0.386,0.795,-0.675
BMRN,0.446,0.34,0.178,0.252,0.345,0.08,0.345,0.0,-0.066,0.375,-0.088,-0.037,0.482,0.05,0.37,0.28,-0.512,-0.139,-0.123,0.314,-0.208,0.454,0.104,-0.345,0.0,0.637,-0.203,-0.064,0.081,0.163,0.333,0.629,0.026,-0.186,0.381,0.207,0.468,0.241,0.143,-0.022,0.565,-0.32,0.141,-0.34,0.029,-0.47,0.485,0.561,0.132,0.044,-0.338,0.258,-0.177,-0.284,0.184,0.519,0.114,0.616,0.396,0.42,0.522,0.587,-0.223,0.208,-0.218,-0.256,-0.25,0.482,-0.257,0.382,0.189,-0.314,0.411,0.291,-0.141,0.435,0.02,0.002,0.018,0.468,0.171,-0.257,-0.115,0.387,0.214,0.179,0.422,0.376,0.67,0.438,0.543,-0.349,0.341,0.277,0.529,0.28,-0.138,0.595,0.679,0.366,0.084,-0.313,0.371,0.069,0.446,0.48,0.419,0.285,0.143,0.576,0.304,0.605,-0.13,0.327,0.392,0.113,0.419,0.316,0.256,0.638,0.494,0.128,0.07,-0.006,0.692,0.683,0.239,0.348,0.353,0.494,0.189,-0.303,-0.346,0.383,0.652,0.412,0.226,-0.182,0.491,0.137,0.481,-0.073,0.559,-0.131,0.412,0.41,-0.189,0.228,0.105,0.08,-0.079,0.342,0.551,0.346,-0.05,0.765,0.367,-0.145,-0.121,0.629,-0.211,-0.431,0.331,-0.442,0.301,0.404,0.02,0.379,0.224,-0.194,-0.004,0.302,0.537,0.086,0.307,0.361,0.4,-0.346,0.015,-0.317,0.345,0.247,0.011,0.549,0.427,0.637,0.35,-0.308,0.526,0.276,0.483,0.444,0.082,0.165,0.043,0.405,0.635,0.151,-0.304,0.392
BNGO,0.582,0.622,-0.146,0.342,0.204,0.013,0.515,0.34,-0.263,0.6,-0.315,0.002,0.749,-0.03,0.534,0.462,-0.571,-0.263,-0.209,0.706,-0.247,0.633,0.423,-0.117,0.637,0.0,-0.294,0.106,0.28,-0.094,0.606,0.455,0.123,-0.516,0.667,0.509,0.596,0.527,0.067,-0.334,0.776,-0.313,0.325,-0.506,0.12,-0.213,0.629,0.484,0.4,0.328,-0.334,0.654,-0.155,-0.437,0.568,0.606,0.301,0.644,0.7,0.714,0.312,0.822,-0.397,-0.017,0.013,0.167,-0.364,0.539,-0.053,0.606,0.035,-0.394,0.63,0.569,-0.133,0.595,0.19,-0.224,0.112,0.351,0.365,-0.486,-0.12,0.549,-0.138,-0.033,0.564,0.371,0.732,0.292,0.694,-0.531,0.606,0.176,0.742,0.507,-0.244,0.722,0.592,0.469,-0.05,-0.489,0.781,0.172,0.503,0.222,0.615,0.499,0.525,0.867,0.344,0.781,-0.101,0.435,0.692,0.202,0.34,0.559,0.384,0.586,0.609,0.158,-0.011,0.006,0.713,0.453,0.307,0.297,0.613,0.663,0.525,-0.241,-0.141,0.332,0.812,0.599,0.547,-0.316,0.397,0.167,0.694,0.316,0.534,-0.056,0.54,0.51,-0.044,0.471,0.412,0.376,0.21,0.549,0.589,0.505,0.219,0.571,0.486,-0.328,0.062,0.248,-0.374,-0.189,0.457,-0.591,0.231,0.612,0.233,0.459,0.382,-0.312,0.204,0.502,0.697,0.444,0.495,0.58,0.52,-0.527,0.393,-0.395,0.631,0.483,-0.15,0.655,0.614,0.841,0.676,-0.449,0.547,0.39,0.418,0.559,0.003,0.583,-0.085,0.546,0.587,0.323,-0.268,0.569
BUSE,-0.655,0.231,0.563,-0.883,0.457,0.547,-0.823,-0.828,0.85,-0.772,0.894,0.888,-0.371,0.821,-0.913,-0.854,0.871,0.853,0.844,-0.374,0.947,-0.82,-0.222,0.761,-0.203,-0.294,0.0,0.772,-0.223,-0.08,-0.677,-0.683,0.47,0.741,-0.62,-0.622,-0.528,-0.586,-0.306,0.391,-0.7,0.84,-0.785,0.944,-0.237,0.275,-0.85,-0.537,-0.735,-0.743,0.627,-0.608,0.677,0.949,0.018,-0.894,-0.783,-0.516,-0.74,-0.616,-0.619,-0.505,0.926,0.067,-0.533,0.384,0.914,-0.255,-0.369,-0.669,0.114,0.915,-0.86,-0.823,0.944,-0.871,0.79,0.689,0.23,-0.123,-0.172,0.318,0.817,-0.885,-0.096,0.087,-0.857,0.364,-0.464,0.006,-0.673,0.774,-0.854,-0.419,-0.4,-0.677,0.974,-0.702,-0.298,-0.85,0.907,0.949,-0.703,0.295,-0.778,-0.741,-0.886,-0.288,-0.706,-0.518,0.389,-0.489,0.877,-0.18,-0.796,-0.649,-0.023,-0.17,-0.843,0.085,-0.71,-0.626,0.804,0.701,-0.688,-0.145,-0.325,-0.634,-0.388,-0.822,-0.756,0.956,0.83,0.187,-0.655,-0.825,-0.064,0.967,-0.448,-0.532,-0.771,-0.571,0.042,0.578,-0.735,-0.789,0.746,-0.714,0.374,-0.854,-0.371,-0.836,-0.729,-0.81,0.193,-0.491,-0.75,0.934,0.332,0.255,0.955,0.463,-0.497,0.874,0.741,-0.885,0.573,0.43,-0.751,0.922,-0.675,-0.637,-0.83,-0.358,0.124,-0.816,-0.82,0.921,-0.292,0.953,-0.799,-0.359,0.833,-0.51,-0.629,-0.349,-0.495,0.898,-0.839,-0.797,-0.851,-0.745,0.655,-0.695,0.205,-0.827,-0.568,-0.226,0.969,-0.794
CAKE,-0.42,0.53,0.257,-0.709,0.59,0.503,-0.491,-0.545,0.705,-0.445,0.674,0.907,-0.032,0.762,-0.559,-0.638,0.529,0.549,0.748,-0.015,0.813,-0.429,-0.067,0.766,-0.064,0.106,0.772,0.0,-0.116,-0.181,-0.293,-0.451,0.493,0.297,-0.306,-0.264,-0.228,-0.161,-0.443,0.036,-0.262,0.551,-0.65,0.613,-0.261,0.05,-0.477,-0.404,-0.529,-0.568,0.4,-0.145,0.448,0.694,0.375,-0.57,-0.581,-0.115,-0.263,-0.369,-0.478,-0.006,0.671,0.165,-0.544,0.548,0.653,0.119,-0.469,-0.407,0.291,0.77,-0.491,-0.507,0.839,-0.587,0.883,0.556,0.463,0.194,0.053,-0.106,0.777,-0.598,-0.407,-0.257,-0.555,0.615,-0.111,0.103,-0.235,0.362,-0.48,-0.512,-0.017,-0.456,0.798,-0.238,0.037,-0.557,0.757,0.609,-0.244,0.492,-0.42,-0.662,-0.48,0.057,-0.238,-0.065,0.686,0.026,0.729,0.118,-0.392,-0.609,-0.032,0.194,-0.678,0.442,-0.421,-0.626,0.836,0.843,-0.398,0.106,-0.234,-0.664,-0.091,-0.488,-0.507,0.824,0.83,0.377,-0.252,-0.404,0.162,0.771,-0.124,-0.535,-0.371,-0.367,0.392,0.533,-0.448,-0.397,0.689,-0.469,0.656,-0.52,-0.221,-0.529,-0.357,-0.535,0.311,-0.347,-0.515,0.73,0.372,0.254,0.723,0.309,-0.315,0.47,0.723,-0.547,0.674,0.74,-0.633,0.817,-0.656,-0.421,-0.481,-0.212,0.456,-0.477,-0.503,0.558,-0.064,0.659,-0.378,-0.267,0.66,-0.107,-0.397,0.069,-0.057,0.665,-0.55,-0.556,-0.586,-0.443,0.676,-0.348,0.135,-0.54,-0.299,-0.223,0.817,-0.553
CASY,0.675,0.343,0.138,0.433,-0.053,-0.322,0.497,0.388,-0.404,0.623,-0.446,-0.144,0.324,-0.318,0.258,0.473,-0.28,-0.279,-0.445,0.308,-0.371,0.393,0.555,-0.225,0.081,0.28,-0.223,-0.116,0.0,0.284,0.598,0.385,-0.138,-0.347,0.651,0.646,0.599,0.491,0.534,0.37,0.428,0.135,0.565,-0.352,0.701,0.326,0.392,0.483,0.555,0.671,0.385,0.306,0.288,-0.36,0.496,0.223,0.585,0.314,0.167,0.265,0.432,0.363,-0.406,-0.598,0.7,0.063,-0.295,0.037,0.605,0.388,-0.552,-0.317,0.452,0.462,-0.211,0.422,-0.056,-0.098,0.196,-0.233,0.514,0.277,-0.152,0.512,0.304,-0.36,0.469,-0.388,0.221,0.512,0.36,-0.305,0.425,0.446,-0.048,0.673,-0.236,0.311,-0.051,0.541,-0.338,-0.284,0.387,-0.567,0.238,0.334,0.321,-0.24,0.406,0.25,-0.276,0.171,0.085,0.075,0.324,0.505,0.432,0.371,0.594,-0.177,0.54,0.639,-0.348,-0.244,0.136,0.002,0.67,0.238,0.683,0.21,0.541,-0.123,0.04,-0.252,0.403,0.412,0.466,-0.329,-0.004,0.39,0.496,0.541,-0.197,0.463,0.553,0.414,-0.274,0.639,0.362,0.413,0.688,0.532,0.238,0.573,0.591,0.291,0.64,-0.386,0.634,-0.295,-0.334,0.439,0.615,-0.263,-0.009,0.441,0.452,-0.311,0.382,-0.387,0.609,0.605,0.299,0.787,-0.221,0.601,0.528,-0.386,0.349,-0.22,0.441,0.732,0.044,0.343,0.519,0.447,0.147,-0.441,0.389,0.554,0.293,0.49,-0.525,0.505,0.261,0.461,0.428,0.601,-0.141,0.396
CCOI,0.368,-0.043,0.479,0.33,0.069,0.243,0.224,0.087,-0.249,0.294,-0.239,-0.202,-0.086,-0.048,0.173,0.367,0.024,-0.032,-0.36,-0.134,-0.252,0.011,0.211,-0.22,0.163,-0.094,-0.08,-0.181,0.284,0.0,0.338,0.424,0.313,0.14,0.252,0.178,0.321,0.18,0.608,0.492,0.15,0.098,0.388,-0.086,0.639,0.122,0.202,0.429,0.211,0.324,0.298,-0.139,0.28,-0.116,0.065,0.131,0.322,0.05,-0.035,-0.308,0.447,0.083,-0.17,-0.216,0.37,0.012,-0.193,0.042,0.393,0.231,-0.192,-0.055,0.201,0.062,-0.227,0.194,-0.198,-0.016,0.341,-0.036,0.504,0.604,0.049,0.218,0.648,-0.082,0.252,-0.316,0.292,0.423,0.192,0.108,0.16,0.499,-0.355,0.371,-0.12,0.055,0.149,0.301,-0.12,-0.031,-0.009,-0.431,0.232,0.459,0.139,-0.498,0.148,-0.023,-0.323,-0.014,-0.03,-0.151,-0.146,0.464,0.381,0.128,0.322,-0.164,0.351,0.502,-0.241,-0.243,0.048,-0.046,0.491,0.471,0.239,-0.111,-0.004,-0.15,-0.07,-0.271,0.143,0.181,0.32,-0.118,0.356,0.496,0.172,0.053,-0.198,0.299,0.403,0.327,-0.273,0.361,0.014,0.148,0.506,0.248,0.235,0.358,0.263,0.335,0.399,-0.157,0.303,0.037,-0.086,0.154,0.382,-0.019,0.093,0.156,0.108,-0.378,0.288,-0.163,0.36,0.269,0.153,0.25,-0.309,0.222,0.367,-0.096,0.261,-0.094,0.081,0.417,0.246,0.191,0.328,0.162,-0.064,-0.138,0.333,0.467,0.369,0.033,-0.458,-0.048,0.53,0.296,0.302,0.169,-0.171,0.236
