,AAPL,ACRS,ADP,AFYA,AGNC,AGYS,ALT,AMGN,AMPH,AMZN,ANIP,AOSL,APDN,APLT,APVO,ARGX,ARLP,ATEX,ATRA,AUTL,AVDL,BCRX,BHAT,BLBD,BMRN,BNGO,BUSE,CAKE,CASY,CCOI,CEVA,CHY,CLDX,CLMT,COHU,COLM,COST,CPRT,CSWC,CSX,DBX,DCOM,DKNG,DMLP,DOX,EA,EDIT,ENPH,ENSG,ERNA,ESGR,ETNB,EXTR,FANG,FARO,FATE,FGEN,FIVE,FIVN,FLGT,FOLD,FORM,FOXA,FRPT,FSLR,FTAI,GBDC,GDYN,GGAL,GNLN,GRFS,GT,HCAT,HCM,HFWA,HOLX,HQY,HUBG,IAC,ICLR,IDCC,IEP,IHRT,ILMN,ILPT,IMAB,IMOS,INMD,INTZ,JAZZ,JKHY,JRVR,KIDS,LBRDK,LGND,LMAT,LPLA,LULU,MASI,MAT,MATW,MBIN,MBIO,MCRB,MDB,MDLZ,MELI,MIRM,MLKN,MNMD,MNRO,MPWR,MRCY,MRSN,MTVA,NAAS,NDAQ,NDSN,NEGG,NOVT,NVDA,NWE,NWSA,NXST,OCX,ODFL,OMAB,OPCH,OPRA,ORGO,OTRK,OZK,PAGP,PCH,PEGA,PENG,PENN,PFBC,PGNY,PHAT,PHUN,PINC,PLUG,PLXS,PYPL,QLYS,QNCX,QQQX,QVCGA,RAPT,RBBN,RCKT,REPL,RMBS,ROAD,ROKU,ROP,RUSHA,SANM,SATS,SBCF,SBLK,SBUX,SCHL,SCSC,SDGR,SEIC,SFIX,SGRY,SKYW,SLP,SNES,STAA,STLD,STOK,SWKS,TER,TFIN,TIGO,TILE,TPIC,TTEC,TTEK,TTGT,UXIN,VERU,VLYPP,VNOM,VRNS,VRSN,WDAY,WERN,WINA,WKHS,WRLD,XP,XTKG,YY,ZION,ZM
AAPL,0.0,0.068,0.298,0.822,-0.225,-0.068,0.832,0.694,-0.589,0.929,-0.785,-0.532,0.718,-0.422,0.717,0.867,-0.685,-0.286,-0.822,0.683,-0.729,0.677,0.717,-0.645,0.547,0.653,-0.604,-0.451,0.747,0.585,0.858,0.759,-0.031,-0.533,0.923,0.766,0.871,0.527,0.772,0.376,0.879,-0.233,0.867,-0.77,0.77,0.177,0.824,0.873,0.868,0.821,-0.188,0.396,0.149,-0.813,0.385,0.745,0.818,0.451,0.634,0.574,0.788,0.741,-0.818,-0.574,0.537,-0.082,-0.697,0.399,0.586,0.722,-0.536,-0.777,0.796,0.797,-0.57,0.892,-0.21,-0.468,0.112,-0.064,0.714,0.244,-0.335,0.891,0.696,-0.051,0.868,-0.337,0.766,0.622,0.81,-0.48,0.829,0.781,0.168,0.933,-0.646,0.678,0.301,0.817,-0.376,-0.745,0.819,-0.566,0.499,0.696,0.803,-0.042,0.606,0.764,-0.38,0.473,-0.134,0.547,0.688,0.793,0.751,0.533,0.876,-0.024,0.891,0.884,-0.608,-0.591,0.653,0.204,0.849,0.736,0.877,0.675,0.819,-0.579,-0.475,-0.26,0.881,0.713,0.731,-0.725,0.27,0.721,0.889,0.428,-0.083,0.109,0.935,0.728,-0.459,0.925,0.229,0.632,0.716,0.858,0.585,0.897,0.3,0.807,0.95,-0.775,0.295,-0.065,-0.74,0.061,0.893,-0.717,0.098,0.873,0.154,-0.193,0.845,-0.766,0.821,0.882,0.88,0.833,-0.062,0.897,0.822,-0.792,0.689,-0.66,0.714,0.903,-0.231,0.593,0.935,0.775,0.547,-0.859,0.869,0.876,0.759,0.793,-0.72,0.792,0.207,0.907,0.752,0.727,-0.622,0.865
ACRS,0.068,0.0,-0.02,-0.144,0.399,0.13,0.042,-0.046,0.21,0.156,0.175,0.529,0.38,0.302,0.003,-0.076,-0.109,-0.059,0.303,0.353,0.261,0.264,0.161,0.422,0.284,0.545,0.236,0.553,0.278,-0.169,0.242,0.083,0.076,-0.281,0.255,0.259,0.291,0.363,-0.286,-0.189,0.285,0.109,-0.155,0.003,0.013,-0.161,0.124,0.069,-0.074,-0.039,0.242,0.546,0.066,0.136,0.708,0.034,-0.049,0.506,0.244,0.275,-0.043,0.443,0.139,0.071,-0.117,0.311,0.094,0.291,-0.215,0.095,0.204,0.196,0.191,0.147,0.403,0.019,0.548,0.264,0.367,0.323,0.163,-0.422,0.191,0.05,-0.396,-0.241,0.058,0.49,0.124,0.427,0.235,-0.25,0.128,-0.265,0.519,0.055,0.324,0.33,0.331,0.067,0.275,0.05,0.334,0.295,0.142,-0.133,0.079,0.296,0.254,0.323,0.567,0.499,0.309,-0.063,0.3,-0.231,0.122,0.425,-0.088,0.545,0.154,-0.213,0.409,0.492,0.205,0.333,0.026,-0.273,0.245,0.134,0.089,0.331,0.446,0.406,0.246,0.215,0.17,0.236,0.186,-0.219,0.234,0.165,0.558,0.353,0.062,0.163,0.193,0.018,0.532,0.057,0.136,0.106,0.175,0.056,0.532,0.074,0.039,0.217,0.361,0.238,0.175,0.079,0.039,-0.092,0.346,0.08,0.595,0.519,-0.233,0.235,-0.199,0.054,0.062,0.153,0.418,0.142,0.107,-0.045,0.011,0.101,0.277,0.058,0.329,0.419,0.037,0.456,0.255,0.126,-0.009,-0.033,-0.085,0.138,0.343,0.205,-0.057,-0.015,0.159,0.058,0.298,-0.027
ADP,0.298,-0.02,0.0,-0.051,0.085,0.417,-0.086,-0.157,0.194,0.051,0.125,0.217,0.249,0.321,-0.28,-0.006,0.282,0.663,-0.055,0.131,0.174,-0.306,0.409,-0.01,0.276,0.203,0.388,0.179,0.216,0.489,0.044,-0.002,0.514,0.434,0.167,-0.089,0.24,-0.207,0.469,0.727,0.059,0.575,0.094,0.256,0.41,0.455,-0.105,0.14,0.07,0.015,0.324,-0.427,0.716,0.143,-0.072,-0.176,0.018,-0.336,-0.248,-0.183,0.065,0.096,0.128,-0.444,-0.115,0.3,0.242,0.101,0.19,0.015,-0.413,0.106,-0.159,-0.142,0.265,0.01,0.425,0.156,0.07,-0.155,0.459,0.571,0.478,-0.048,0.553,0.038,-0.046,0.002,0.374,0.367,0.075,0.475,-0.091,0.42,-0.367,0.186,0.299,-0.163,0.006,-0.123,0.473,0.266,-0.047,-0.291,-0.324,-0.003,-0.161,-0.349,-0.255,0.179,-0.107,-0.129,0.598,0.376,-0.275,0.209,0.656,0.158,0.014,-0.047,0.101,0.287,0.101,-0.047,-0.063,0.003,0.436,0.176,0.331,-0.224,-0.068,0.282,0.211,-0.108,0.132,-0.256,0.5,0.249,-0.177,0.212,0.003,-0.258,-0.238,0.52,0.163,-0.146,0.3,0.149,0.273,-0.365,0.211,-0.076,-0.212,-0.011,0.292,0.206,0.164,0.156,0.388,0.192,0.228,0.432,0.32,0.233,0.683,-0.101,0.527,0.103,0.137,0.145,0.158,0.196,0.056,0.313,0.09,-0.046,-0.078,0.228,0.398,0.309,-0.267,0.482,0.657,-0.105,0.285,0.28,-0.054,0.061,0.036,0.057,-0.108,-0.079,-0.086,-0.074,0.363,0.009,0.081,0.361,0.267,0.053
AFYA,0.822,-0.144,-0.051,0.0,-0.437,-0.287,0.85,0.812,-0.776,0.873,-0.935,-0.811,0.515,-0.68,0.868,0.932,-0.784,-0.595,-0.899,0.488,-0.938,0.769,0.508,-0.76,0.352,0.37,-0.867,-0.73,0.536,0.51,0.813,0.788,-0.266,-0.671,0.789,0.732,0.734,0.513,0.629,0.086,0.775,-0.533,0.894,-0.912,0.619,0.041,0.857,0.801,0.874,0.864,-0.314,0.484,-0.219,-0.941,0.125,0.83,0.869,0.455,0.691,0.559,0.757,0.571,-0.949,-0.41,0.696,-0.283,-0.877,0.232,0.636,0.734,-0.418,-0.903,0.861,0.871,-0.855,0.912,-0.603,-0.687,-0.062,-0.074,0.529,0.118,-0.636,0.924,0.546,-0.009,0.916,-0.494,0.559,0.415,0.69,-0.558,0.874,0.682,0.161,0.809,-0.905,0.653,0.226,0.856,-0.721,-0.877,0.764,-0.588,0.662,0.817,0.871,-0.018,0.628,0.522,-0.566,0.397,-0.528,0.286,0.723,0.82,0.459,0.241,0.948,-0.186,0.843,0.829,-0.842,-0.776,0.63,0.071,0.644,0.727,0.635,0.722,0.804,-0.849,-0.692,-0.427,0.709,0.789,0.378,-0.926,0.357,0.719,0.839,0.478,-0.184,-0.235,0.881,0.802,-0.767,0.886,-0.211,0.778,0.674,0.915,0.653,0.917,0.061,0.675,0.863,-0.938,-0.004,-0.184,-0.929,-0.158,0.761,-0.809,-0.373,0.917,-0.254,-0.474,0.829,-0.92,0.839,0.808,0.827,0.601,-0.316,0.899,0.887,-0.889,0.539,-0.863,0.804,0.657,-0.571,0.526,0.817,0.508,0.473,-0.915,0.875,0.91,0.874,0.747,-0.824,0.754,0.075,0.91,0.662,0.558,-0.873,0.89
AGNC,-0.225,0.399,0.085,-0.437,0.0,0.238,-0.188,-0.511,0.376,-0.269,0.47,0.577,0.043,0.595,-0.241,-0.415,0.204,0.212,0.555,-0.028,0.531,-0.085,-0.178,0.295,0.25,0.157,0.447,0.608,-0.133,-0.106,-0.151,-0.045,0.372,0.198,-0.153,-0.066,-0.167,0.094,-0.221,-0.079,-0.058,0.205,-0.497,0.338,-0.255,-0.324,-0.14,-0.232,-0.354,-0.467,0.213,-0.005,0.1,0.465,0.199,-0.208,-0.512,0.18,-0.099,-0.234,-0.139,0.21,0.45,0.414,-0.484,0.215,0.411,0.171,-0.514,-0.139,0.485,0.52,-0.216,-0.383,0.498,-0.326,0.459,0.639,0.329,0.437,0.017,-0.164,0.545,-0.341,-0.251,-0.086,-0.236,0.573,-0.081,0.033,-0.013,-0.005,-0.282,-0.282,0.182,-0.3,0.518,0.116,0.349,-0.248,0.446,0.352,-0.186,0.406,-0.074,-0.246,-0.179,0.13,0.005,0.065,0.737,0.305,0.26,-0.168,-0.175,-0.402,0.036,0.416,-0.418,0.683,-0.125,-0.415,0.689,0.692,-0.05,0.53,-0.203,-0.267,-0.095,-0.167,-0.403,0.483,0.453,0.568,-0.014,-0.006,-0.018,0.488,0.313,-0.36,-0.177,-0.177,0.559,0.328,-0.232,-0.111,0.417,-0.35,0.51,-0.32,-0.375,-0.243,0.17,-0.264,0.177,-0.061,-0.257,0.538,0.263,0.476,0.453,-0.082,-0.16,0.19,0.546,-0.254,0.409,0.657,-0.351,0.538,-0.556,-0.32,-0.218,-0.19,0.7,-0.228,-0.171,0.274,-0.09,0.387,-0.189,-0.292,0.512,0.149,-0.223,0.225,0.027,0.443,-0.178,-0.309,-0.164,-0.068,0.541,-0.377,0.416,-0.168,0.053,-0.294,0.476,-0.334
AGYS,-0.068,0.13,0.417,-0.287,0.238,0.0,-0.361,-0.224,0.439,-0.201,0.38,0.357,-0.044,0.653,-0.198,-0.147,0.405,0.517,0.268,0.204,0.394,-0.396,-0.045,0.489,0.141,0.197,0.451,0.431,-0.239,0.263,-0.128,-0.239,0.671,0.36,-0.152,-0.327,-0.132,-0.206,-0.005,0.061,-0.076,0.319,-0.237,0.37,-0.059,0.039,-0.274,0.025,-0.268,-0.33,-0.013,-0.202,0.335,0.382,0.126,-0.176,-0.334,-0.264,-0.064,-0.244,-0.209,0.016,0.396,0.17,-0.38,0.317,0.387,0.215,-0.229,-0.16,0.161,0.383,-0.282,-0.362,0.449,-0.241,0.463,0.215,0.31,0.059,0.185,0.154,0.542,-0.321,0.173,0.23,-0.327,0.401,0.197,-0.107,-0.032,0.505,-0.227,-0.059,0.018,-0.188,0.431,-0.186,0.077,-0.358,0.613,0.392,-0.031,0.457,-0.197,-0.303,-0.175,0.146,-0.158,0.186,0.273,-0.004,0.423,0.306,-0.359,-0.098,0.149,0.095,-0.352,0.196,-0.188,-0.197,0.403,0.349,-0.074,-0.093,-0.039,0.065,-0.132,-0.247,-0.295,0.387,0.31,0.199,0.013,-0.277,0.322,0.467,0.107,-0.007,-0.18,-0.461,0.215,0.123,-0.144,-0.197,0.441,-0.159,0.312,-0.331,-0.028,-0.335,-0.182,-0.289,0.026,0.086,-0.193,0.424,-0.027,0.231,0.476,0.158,-0.147,0.38,0.514,-0.255,0.247,0.44,0.007,0.45,-0.199,-0.199,-0.06,-0.174,0.458,-0.313,-0.306,0.39,0.293,0.407,-0.228,0.04,0.434,-0.017,-0.023,0.054,0.172,0.373,-0.137,-0.226,-0.186,-0.405,0.324,-0.29,0.054,-0.17,-0.135,-0.195,0.356,-0.169
ALT,0.832,0.042,-0.086,0.85,-0.188,-0.361,0.0,0.734,-0.748,0.913,-0.859,-0.617,0.57,-0.601,0.858,0.85,-0.838,-0.626,-0.788,0.495,-0.829,0.834,0.516,-0.732,0.422,0.507,-0.807,-0.518,0.583,0.405,0.861,0.848,-0.255,-0.711,0.835,0.828,0.803,0.692,0.554,0.095,0.86,-0.538,0.818,-0.897,0.624,-0.11,0.926,0.758,0.803,0.813,-0.302,0.57,-0.225,-0.891,0.372,0.841,0.821,0.658,0.729,0.578,0.846,0.747,-0.902,-0.339,0.576,-0.247,-0.827,0.435,0.475,0.763,-0.314,-0.806,0.901,0.843,-0.747,0.891,-0.468,-0.484,0.163,0.162,0.541,-0.015,-0.548,0.926,0.402,-0.234,0.932,-0.298,0.6,0.547,0.806,-0.747,0.894,0.575,0.282,0.855,-0.797,0.796,0.429,0.924,-0.668,-0.891,0.782,-0.482,0.719,0.792,0.902,0.078,0.767,0.659,-0.309,0.602,-0.461,0.234,0.8,0.697,0.488,0.503,0.878,0.053,0.9,0.744,-0.65,-0.554,0.666,0.338,0.682,0.614,0.773,0.767,0.772,-0.745,-0.577,-0.174,0.804,0.889,0.442,-0.854,0.461,0.598,0.88,0.571,0.026,-0.065,0.902,0.856,-0.652,0.849,0.081,0.805,0.596,0.928,0.753,0.926,0.189,0.691,0.89,-0.865,0.169,-0.139,-0.882,-0.179,0.762,-0.875,-0.23,0.915,-0.091,-0.283,0.709,-0.834,0.706,0.772,0.847,0.686,-0.178,0.933,0.936,-0.923,0.433,-0.847,0.826,0.625,-0.481,0.689,0.784,0.668,0.519,-0.889,0.892,0.907,0.875,0.866,-0.678,0.761,0.137,0.902,0.78,0.497,-0.771,0.829
AMGN,0.694,-0.046,-0.157,0.812,-0.511,-0.224,0.734,0.0,-0.588,0.795,-0.811,-0.718,0.384,-0.681,0.764,0.821,-0.697,-0.597,-0.779,0.439,-0.812,0.678,0.387,-0.498,0.128,0.313,-0.782,-0.611,0.549,0.433,0.706,0.571,-0.347,-0.692,0.649,0.641,0.647,0.497,0.435,-0.018,0.648,-0.503,0.791,-0.818,0.602,0.049,0.716,0.632,0.741,0.792,-0.3,0.592,-0.267,-0.821,0.302,0.73,0.846,0.42,0.64,0.557,0.616,0.432,-0.817,-0.352,0.639,-0.233,-0.78,0.195,0.591,0.559,-0.329,-0.771,0.772,0.809,-0.711,0.791,-0.445,-0.612,-0.013,-0.07,0.413,0.011,-0.631,0.822,0.368,-0.117,0.753,-0.437,0.478,0.288,0.635,-0.545,0.79,0.498,0.246,0.713,-0.793,0.553,0.153,0.801,-0.622,-0.792,0.72,-0.369,0.537,0.675,0.755,0.089,0.684,0.49,-0.458,0.329,-0.465,0.34,0.71,0.66,0.282,0.324,0.806,-0.252,0.67,0.694,-0.752,-0.634,0.527,-0.004,0.514,0.591,0.519,0.65,0.77,-0.688,-0.553,-0.28,0.589,0.67,0.299,-0.803,0.226,0.606,0.73,0.518,-0.188,-0.258,0.707,0.705,-0.592,0.756,-0.122,0.81,0.674,0.784,0.497,0.781,0.186,0.446,0.772,-0.824,-0.04,-0.296,-0.8,-0.135,0.556,-0.693,-0.408,0.794,-0.173,-0.474,0.698,-0.802,0.75,0.679,0.702,0.545,-0.303,0.782,0.731,-0.787,0.443,-0.751,0.754,0.561,-0.607,0.492,0.635,0.367,0.491,-0.773,0.7,0.771,0.685,0.642,-0.675,0.765,-0.094,0.736,0.47,0.395,-0.739,0.713
AMPH,-0.589,0.21,0.194,-0.776,0.376,0.439,-0.748,-0.588,0.0,-0.689,0.846,0.723,-0.172,0.689,-0.72,-0.756,0.569,0.631,0.759,-0.15,0.812,-0.58,-0.371,0.673,-0.09,-0.167,0.79,0.67,-0.425,-0.289,-0.67,-0.641,0.251,0.459,-0.614,-0.576,-0.541,-0.587,-0.529,-0.121,-0.535,0.489,-0.757,0.712,-0.544,-0.015,-0.69,-0.513,-0.686,-0.798,0.212,-0.312,0.251,0.75,-0.09,-0.632,-0.701,-0.321,-0.457,-0.33,-0.601,-0.382,0.779,0.282,-0.716,0.225,0.692,-0.208,-0.58,-0.632,0.441,0.678,-0.726,-0.645,0.817,-0.679,0.737,0.527,-0.101,0.071,-0.321,-0.185,0.56,-0.725,-0.3,0.128,-0.746,0.511,-0.257,-0.272,-0.451,0.556,-0.75,-0.448,-0.007,-0.703,0.787,-0.448,-0.192,-0.747,0.841,0.729,-0.504,0.589,-0.647,-0.687,-0.694,0.131,-0.603,-0.325,0.567,-0.276,0.586,0.088,-0.532,-0.739,-0.286,-0.134,-0.786,0.242,-0.703,-0.644,0.727,0.644,-0.384,0.019,-0.526,-0.568,-0.447,-0.547,-0.569,0.746,0.542,0.368,-0.466,-0.68,-0.194,0.82,-0.391,-0.548,-0.594,-0.621,0.305,0.119,-0.718,-0.676,0.623,-0.718,0.239,-0.731,-0.534,-0.74,-0.562,-0.731,-0.069,-0.432,-0.681,0.814,-0.11,0.428,0.807,0.002,-0.545,0.628,0.521,-0.715,0.272,0.616,-0.645,0.808,-0.727,-0.556,-0.597,-0.534,0.459,-0.715,-0.784,0.726,-0.279,0.716,-0.585,-0.451,0.533,-0.447,-0.596,-0.293,-0.22,0.731,-0.7,-0.805,-0.713,-0.572,0.794,-0.51,-0.091,-0.71,-0.549,-0.315,0.733,-0.656
AMZN,0.929,0.156,0.051,0.873,-0.269,-0.201,0.913,0.795,-0.689,0.0,-0.868,-0.568,0.641,-0.546,0.85,0.913,-0.807,-0.546,-0.824,0.639,-0.817,0.83,0.615,-0.613,0.461,0.631,-0.751,-0.478,0.703,0.489,0.944,0.849,-0.175,-0.692,0.934,0.829,0.904,0.714,0.602,0.189,0.926,-0.435,0.878,-0.883,0.744,-0.006,0.92,0.863,0.856,0.871,-0.243,0.591,-0.093,-0.883,0.498,0.844,0.883,0.633,0.756,0.624,0.813,0.786,-0.886,-0.428,0.612,-0.153,-0.816,0.495,0.557,0.78,-0.414,-0.808,0.934,0.885,-0.676,0.929,-0.352,-0.471,0.207,0.07,0.635,0.043,-0.506,0.962,0.476,-0.171,0.937,-0.285,0.721,0.63,0.866,-0.673,0.939,0.621,0.313,0.941,-0.744,0.807,0.406,0.928,-0.565,-0.853,0.886,-0.475,0.703,0.779,0.911,0.057,0.772,0.767,-0.334,0.605,-0.334,0.375,0.819,0.769,0.611,0.526,0.914,0.037,0.952,0.797,-0.64,-0.552,0.704,0.269,0.788,0.682,0.81,0.773,0.836,-0.692,-0.513,-0.19,0.886,0.866,0.573,-0.817,0.432,0.661,0.941,0.565,0.021,0.011,0.966,0.871,-0.588,0.932,0.159,0.813,0.745,0.942,0.712,0.953,0.305,0.774,0.956,-0.85,0.241,-0.17,-0.844,-0.045,0.813,-0.836,-0.134,0.952,0.06,-0.257,0.781,-0.826,0.791,0.846,0.906,0.764,-0.165,0.968,0.938,-0.908,0.551,-0.796,0.871,0.777,-0.398,0.74,0.867,0.739,0.582,-0.896,0.92,0.943,0.851,0.847,-0.71,0.839,0.093,0.917,0.799,0.589,-0.729,0.872
ANIP,-0.785,0.175,0.125,-0.935,0.47,0.38,-0.859,-0.811,0.846,-0.868,0.0,0.822,-0.427,0.737,-0.846,-0.924,0.728,0.636,0.928,-0.452,0.94,-0.718,-0.525,0.754,-0.192,-0.295,0.875,0.728,-0.573,-0.49,-0.807,-0.739,0.272,0.635,-0.788,-0.754,-0.698,-0.565,-0.656,-0.15,-0.719,0.493,-0.938,0.888,-0.681,-0.096,-0.844,-0.722,-0.887,-0.931,0.258,-0.454,0.187,0.93,-0.165,-0.777,-0.907,-0.413,-0.631,-0.471,-0.739,-0.497,0.956,0.47,-0.778,0.204,0.899,-0.197,-0.698,-0.776,0.475,0.853,-0.854,-0.848,0.878,-0.865,0.652,0.649,0.0,0.173,-0.496,-0.192,0.643,-0.909,-0.495,0.132,-0.907,0.617,-0.491,-0.357,-0.662,0.597,-0.851,-0.657,-0.049,-0.865,0.917,-0.594,-0.139,-0.861,0.804,0.869,-0.718,0.615,-0.625,-0.76,-0.83,0.126,-0.686,-0.476,0.628,-0.311,0.532,-0.209,-0.682,-0.847,-0.363,-0.251,-0.95,0.307,-0.811,-0.847,0.888,0.783,-0.553,0.021,-0.69,-0.723,-0.607,-0.677,-0.813,0.83,0.655,0.473,-0.645,-0.781,-0.41,0.95,-0.309,-0.739,-0.802,-0.564,0.277,0.163,-0.871,-0.765,0.737,-0.888,0.146,-0.847,-0.69,-0.913,-0.616,-0.923,-0.124,-0.572,-0.875,0.96,-0.084,0.351,0.934,0.059,-0.734,0.78,0.442,-0.889,0.235,0.59,-0.814,0.937,-0.878,-0.798,-0.771,-0.678,0.417,-0.882,-0.886,0.892,-0.503,0.856,-0.769,-0.658,0.61,-0.465,-0.769,-0.456,-0.384,0.917,-0.836,-0.932,-0.823,-0.745,0.882,-0.781,-0.09,-0.882,-0.642,-0.537,0.852,-0.865
AOSL,-0.532,0.529,0.217,-0.811,0.577,0.357,-0.617,-0.718,0.723,-0.568,0.822,0.0,-0.146,0.793,-0.713,-0.767,0.622,0.551,0.823,-0.166,0.899,-0.507,-0.206,0.793,-0.124,-0.001,0.878,0.933,-0.24,-0.384,-0.446,-0.536,0.377,0.444,-0.432,-0.409,-0.344,-0.215,-0.546,-0.006,-0.413,0.593,-0.752,0.755,-0.378,-0.004,-0.609,-0.545,-0.666,-0.687,0.481,-0.233,0.378,0.823,0.27,-0.685,-0.685,-0.171,-0.451,-0.383,-0.592,-0.146,0.812,0.254,-0.595,0.411,0.788,0.041,-0.548,-0.527,0.329,0.837,-0.619,-0.64,0.922,-0.714,0.812,0.713,0.364,0.201,-0.158,-0.186,0.73,-0.704,-0.527,-0.162,-0.676,0.65,-0.274,0.01,-0.394,0.407,-0.623,-0.595,0.01,-0.562,0.936,-0.339,-0.021,-0.668,0.758,0.757,-0.431,0.507,-0.471,-0.726,-0.646,0.057,-0.4,-0.216,0.702,-0.046,0.715,-0.171,-0.49,-0.714,-0.109,0.058,-0.771,0.453,-0.523,-0.69,0.907,0.874,-0.463,0.123,-0.367,-0.727,-0.249,-0.582,-0.617,0.884,0.854,0.437,-0.384,-0.526,-0.091,0.896,-0.185,-0.63,-0.529,-0.348,0.397,0.543,-0.576,-0.533,0.704,-0.62,0.526,-0.647,-0.377,-0.656,-0.459,-0.667,0.274,-0.435,-0.626,0.86,0.343,0.226,0.834,0.312,-0.468,0.615,0.608,-0.682,0.642,0.706,-0.751,0.881,-0.724,-0.549,-0.6,-0.307,0.47,-0.613,-0.614,0.699,-0.292,0.783,-0.513,-0.377,0.787,-0.179,-0.537,-0.08,-0.231,0.769,-0.657,-0.683,-0.696,-0.505,0.761,-0.502,0.049,-0.69,-0.389,-0.288,0.891,-0.696
APDN,0.718,0.38,0.249,0.515,0.043,-0.044,0.57,0.384,-0.172,0.641,-0.427,-0.146,0.0,-0.061,0.46,0.552,-0.575,-0.035,-0.454,0.816,-0.351,0.582,0.674,-0.368,0.64,0.764,-0.271,-0.094,0.53,0.285,0.599,0.521,0.038,-0.491,0.761,0.664,0.691,0.236,0.484,0.121,0.754,-0.052,0.533,-0.549,0.4,0.183,0.64,0.68,0.663,0.474,-0.099,0.509,0.218,-0.558,0.416,0.549,0.498,0.482,0.604,0.648,0.489,0.713,-0.536,-0.484,0.193,0.066,-0.476,0.243,0.283,0.644,-0.251,-0.548,0.559,0.687,-0.183,0.675,0.222,-0.358,-0.036,-0.012,0.569,-0.062,-0.098,0.633,0.426,0.008,0.651,-0.057,0.635,0.593,0.628,-0.347,0.549,0.613,0.344,0.628,-0.321,0.592,0.289,0.478,-0.004,-0.478,0.747,-0.284,0.21,0.349,0.542,0.139,0.32,0.688,-0.021,0.474,0.146,0.453,0.617,0.4,0.548,0.457,0.576,0.227,0.623,0.544,-0.284,-0.326,0.661,0.282,0.569,0.436,0.776,0.574,0.703,-0.26,-0.248,-0.106,0.744,0.5,0.687,-0.409,0.067,0.466,0.763,0.126,0.189,0.118,0.632,0.419,-0.179,0.627,0.356,0.28,0.387,0.657,0.435,0.644,0.293,0.624,0.628,-0.453,0.231,0.309,-0.44,-0.051,0.773,-0.586,0.396,0.655,0.29,0.245,0.545,-0.458,0.453,0.77,0.658,0.64,0.311,0.664,0.525,-0.56,0.602,-0.401,0.582,0.696,-0.003,0.395,0.761,0.831,0.533,-0.606,0.566,0.482,0.438,0.658,-0.289,0.744,0.169,0.654,0.599,0.762,-0.308,0.714
APLT,-0.422,0.302,0.321,-0.68,0.595,0.653,-0.601,-0.681,0.689,-0.546,0.737,0.793,-0.061,0.0,-0.588,-0.614,0.631,0.66,0.721,0.019,0.813,-0.551,-0.119,0.653,0.013,0.032,0.805,0.784,-0.361,-0.189,-0.409,-0.506,0.589,0.478,-0.388,-0.398,-0.4,-0.332,-0.327,-0.002,-0.353,0.576,-0.668,0.691,-0.355,0.045,-0.562,-0.373,-0.553,-0.667,0.337,-0.314,0.407,0.736,0.095,-0.585,-0.695,-0.328,-0.397,-0.415,-0.533,-0.097,0.716,0.227,-0.589,0.396,0.757,0.016,-0.476,-0.41,0.271,0.726,-0.617,-0.613,0.815,-0.606,0.686,0.58,0.275,0.102,0.018,-0.03,0.826,-0.67,-0.217,-0.014,-0.612,0.574,-0.154,-0.087,-0.353,0.579,-0.588,-0.382,-0.059,-0.549,0.81,-0.366,-0.001,-0.685,0.762,0.724,-0.346,0.49,-0.451,-0.679,-0.544,0.129,-0.453,-0.113,0.612,-0.072,0.653,-0.044,-0.558,-0.538,-0.014,0.037,-0.691,0.401,-0.453,-0.571,0.786,0.696,-0.393,0.062,-0.298,-0.469,-0.264,-0.558,-0.591,0.78,0.711,0.303,-0.285,-0.483,0.053,0.809,-0.117,-0.441,-0.493,-0.504,0.333,0.397,-0.482,-0.507,0.652,-0.499,0.424,-0.71,-0.394,-0.605,-0.394,-0.602,0.108,-0.258,-0.566,0.774,0.214,0.261,0.761,0.252,-0.332,0.606,0.675,-0.595,0.452,0.693,-0.465,0.772,-0.625,-0.487,-0.476,-0.314,0.609,-0.577,-0.591,0.681,-0.027,0.728,-0.483,-0.287,0.729,-0.234,-0.332,-0.034,-0.06,0.678,-0.539,-0.611,-0.561,-0.511,0.65,-0.527,0.177,-0.508,-0.37,-0.257,0.771,-0.542
APVO,0.717,0.003,-0.28,0.868,-0.241,-0.198,0.858,0.764,-0.72,0.85,-0.846,-0.713,0.46,-0.588,0.0,0.875,-0.88,-0.724,-0.751,0.504,-0.868,0.859,0.324,-0.665,0.44,0.504,-0.912,-0.591,0.346,0.338,0.805,0.843,-0.277,-0.744,0.722,0.695,0.714,0.672,0.387,-0.203,0.848,-0.761,0.754,-0.944,0.428,-0.315,0.921,0.752,0.703,0.709,-0.55,0.645,-0.476,-0.902,0.307,0.941,0.75,0.692,0.863,0.62,0.755,0.703,-0.88,-0.069,0.471,-0.316,-0.883,0.512,0.342,0.752,-0.11,-0.825,0.929,0.826,-0.817,0.894,-0.585,-0.554,0.137,0.244,0.395,-0.211,-0.653,0.903,0.297,-0.047,0.901,-0.186,0.593,0.32,0.812,-0.755,0.906,0.456,0.464,0.739,-0.874,0.826,0.524,0.881,-0.698,-0.933,0.83,-0.222,0.84,0.802,0.969,0.273,0.797,0.688,-0.263,0.656,-0.662,0.215,0.831,0.658,0.326,0.389,0.819,0.129,0.841,0.602,-0.643,-0.538,0.762,0.327,0.499,0.677,0.51,0.86,0.72,-0.858,-0.706,-0.105,0.789,0.914,0.304,-0.883,0.621,0.577,0.849,0.476,0.157,-0.395,0.83,0.889,-0.685,0.757,-0.119,0.846,0.487,0.879,0.83,0.873,-0.013,0.715,0.801,-0.856,-0.153,-0.071,-0.891,-0.403,0.592,-0.908,-0.397,0.929,-0.339,-0.233,0.73,-0.825,0.62,0.654,0.889,0.439,-0.114,0.868,0.898,-0.932,0.392,-0.915,0.874,0.452,-0.665,0.729,0.705,0.554,0.627,-0.847,0.903,0.851,0.932,0.77,-0.61,0.703,-0.065,0.888,0.733,0.286,-0.887,0.829
ARGX,0.867,-0.076,-0.006,0.932,-0.415,-0.147,0.85,0.821,-0.756,0.913,-0.924,-0.767,0.552,-0.614,0.875,0.0,-0.746,-0.517,-0.909,0.591,-0.9,0.74,0.554,-0.671,0.386,0.503,-0.826,-0.658,0.579,0.563,0.857,0.779,-0.094,-0.611,0.843,0.717,0.754,0.521,0.698,0.138,0.809,-0.478,0.938,-0.882,0.669,0.073,0.874,0.863,0.891,0.905,-0.342,0.512,-0.115,-0.918,0.248,0.859,0.88,0.454,0.748,0.558,0.771,0.604,-0.917,-0.412,0.684,-0.18,-0.866,0.306,0.656,0.806,-0.41,-0.87,0.885,0.862,-0.815,0.922,-0.501,-0.664,0.048,-0.081,0.54,0.176,-0.55,0.926,0.597,0.029,0.906,-0.469,0.648,0.415,0.732,-0.533,0.894,0.727,0.188,0.887,-0.868,0.673,0.261,0.86,-0.632,-0.847,0.835,-0.509,0.646,0.784,0.882,-0.003,0.677,0.639,-0.54,0.406,-0.462,0.37,0.714,0.867,0.459,0.296,0.944,-0.174,0.862,0.833,-0.799,-0.749,0.692,0.046,0.711,0.83,0.678,0.748,0.842,-0.808,-0.681,-0.353,0.772,0.789,0.528,-0.893,0.381,0.784,0.873,0.447,-0.144,-0.184,0.909,0.799,-0.617,0.918,-0.081,0.804,0.72,0.916,0.689,0.926,0.071,0.743,0.894,-0.914,0.024,-0.16,-0.877,-0.101,0.787,-0.787,-0.261,0.938,-0.193,-0.435,0.905,-0.893,0.878,0.853,0.879,0.668,-0.226,0.907,0.885,-0.87,0.631,-0.816,0.803,0.743,-0.536,0.569,0.873,0.585,0.547,-0.903,0.906,0.922,0.855,0.723,-0.791,0.798,0.095,0.925,0.734,0.569,-0.836,0.934
ARLP,-0.685,-0.109,0.282,-0.784,0.204,0.405,-0.838,-0.697,0.569,-0.807,0.728,0.622,-0.575,0.631,-0.88,-0.746,0.0,0.72,0.665,-0.48,0.796,-0.931,-0.276,0.7,-0.584,-0.558,0.857,0.563,-0.376,-0.186,-0.703,-0.843,0.504,0.789,-0.686,-0.679,-0.708,-0.571,-0.268,0.227,-0.845,0.779,-0.651,0.941,-0.311,0.398,-0.912,-0.712,-0.628,-0.6,0.594,-0.7,0.539,0.89,-0.304,-0.927,-0.706,-0.827,-0.823,-0.77,-0.775,-0.705,0.845,0.079,-0.308,0.432,0.862,-0.427,-0.183,-0.649,0.044,0.861,-0.888,-0.864,0.721,-0.886,0.459,0.507,0.079,-0.291,-0.263,0.388,0.737,-0.897,-0.224,0.017,-0.876,0.095,-0.592,-0.437,-0.811,0.864,-0.843,-0.407,-0.6,-0.675,0.797,-0.878,-0.557,-0.877,0.582,0.938,-0.79,0.229,-0.752,-0.801,-0.895,-0.348,-0.662,-0.669,0.118,-0.694,0.606,-0.268,-0.939,-0.474,-0.302,-0.4,-0.768,-0.247,-0.791,-0.538,0.555,0.494,-0.853,-0.491,-0.42,-0.541,-0.547,-0.913,-0.735,0.818,0.73,-0.033,-0.809,-0.851,-0.207,0.834,-0.477,-0.445,-0.856,-0.46,-0.281,0.427,-0.749,-0.817,0.692,-0.656,0.105,-0.751,-0.332,-0.843,-0.783,-0.818,0.023,-0.726,-0.757,0.799,0.206,-0.107,0.864,0.557,-0.556,0.961,0.301,-0.897,0.303,0.111,-0.58,0.8,-0.49,-0.642,-0.859,-0.394,0.062,-0.842,-0.826,0.938,-0.183,0.923,-0.846,-0.409,0.664,-0.71,-0.639,-0.607,-0.579,0.856,-0.839,-0.733,-0.849,-0.857,0.469,-0.734,0.167,-0.81,-0.739,-0.345,0.846,-0.771
ATEX,-0.286,-0.059,0.663,-0.595,0.212,0.517,-0.626,-0.597,0.631,-0.546,0.636,0.551,-0.035,0.66,-0.724,-0.517,0.72,0.0,0.445,-0.093,0.677,-0.757,0.116,0.445,-0.09,-0.109,0.798,0.495,-0.231,-0.021,-0.524,-0.606,0.594,0.701,-0.358,-0.482,-0.353,-0.655,0.059,0.394,-0.466,0.804,-0.425,0.734,-0.188,0.516,-0.647,-0.351,-0.373,-0.484,0.367,-0.624,0.745,0.631,-0.231,-0.658,-0.537,-0.679,-0.55,-0.408,-0.513,-0.356,0.637,-0.18,-0.45,0.438,0.676,-0.247,-0.125,-0.365,-0.111,0.534,-0.688,-0.601,0.677,-0.525,0.679,0.322,-0.053,-0.286,-0.026,0.397,0.754,-0.616,0.175,0.199,-0.609,0.157,-0.149,-0.137,-0.48,0.839,-0.656,0.03,-0.437,-0.383,0.694,-0.625,-0.337,-0.725,0.781,0.738,-0.457,0.119,-0.788,-0.617,-0.691,-0.241,-0.68,-0.25,0.106,-0.498,0.782,0.14,-0.683,-0.306,0.098,-0.198,-0.543,-0.092,-0.521,-0.244,0.465,0.272,-0.45,-0.259,-0.11,-0.234,-0.135,-0.611,-0.459,0.706,0.487,-0.013,-0.396,-0.744,0.214,0.696,-0.537,-0.214,-0.522,-0.613,-0.223,0.401,-0.467,-0.734,0.758,-0.397,0.21,-0.807,-0.284,-0.612,-0.648,-0.573,-0.0,-0.303,-0.45,0.623,0.176,0.239,0.714,0.441,-0.133,0.678,0.701,-0.626,0.404,0.346,-0.271,0.597,-0.304,-0.252,-0.483,-0.127,0.271,-0.595,-0.68,0.742,0.143,0.774,-0.723,-0.011,0.758,-0.6,-0.211,-0.178,-0.31,0.555,-0.557,-0.571,-0.668,-0.572,0.385,-0.441,0.233,-0.505,-0.423,0.085,0.706,-0.4
ATRA,-0.822,0.303,-0.055,-0.899,0.555,0.268,-0.788,-0.779,0.759,-0.824,0.928,0.823,-0.454,0.721,-0.751,-0.909,0.665,0.445,0.0,-0.457,0.91,-0.594,-0.525,0.761,-0.269,-0.296,0.791,0.753,-0.564,-0.589,-0.706,-0.7,0.21,0.472,-0.74,-0.62,-0.7,-0.37,-0.771,-0.314,-0.678,0.398,-0.963,0.81,-0.684,-0.182,-0.782,-0.747,-0.876,-0.884,0.299,-0.287,0.052,0.898,-0.049,-0.745,-0.906,-0.279,-0.567,-0.43,-0.759,-0.401,0.901,0.541,-0.68,0.192,0.855,-0.173,-0.693,-0.697,0.512,0.863,-0.757,-0.779,0.829,-0.842,0.543,0.69,0.082,0.249,-0.45,-0.337,0.598,-0.869,-0.673,-0.044,-0.842,0.654,-0.588,-0.358,-0.626,0.462,-0.77,-0.771,0.043,-0.869,0.866,-0.493,-0.065,-0.79,0.638,0.804,-0.652,0.649,-0.458,-0.753,-0.746,0.243,-0.538,-0.479,0.719,-0.169,0.39,-0.406,-0.586,-0.866,-0.413,-0.183,-0.918,0.388,-0.728,-0.918,0.895,0.85,-0.563,0.079,-0.726,-0.796,-0.624,-0.649,-0.815,0.809,0.723,0.493,-0.639,-0.625,-0.51,0.893,-0.194,-0.804,-0.776,-0.383,0.355,0.182,-0.84,-0.648,0.645,-0.86,0.162,-0.749,-0.656,-0.833,-0.497,-0.86,-0.039,-0.619,-0.873,0.918,-0.001,0.251,0.863,0.039,-0.753,0.708,0.307,-0.835,0.223,0.582,-0.862,0.906,-0.92,-0.835,-0.78,-0.682,0.417,-0.798,-0.778,0.813,-0.521,0.791,-0.628,-0.753,0.553,-0.383,-0.807,-0.452,-0.321,0.905,-0.826,-0.879,-0.772,-0.686,0.877,-0.762,-0.073,-0.841,-0.647,-0.629,0.828,-0.865
AUTL,0.683,0.353,0.131,0.488,-0.028,0.204,0.495,0.439,-0.15,0.639,-0.452,-0.166,0.816,0.019,0.504,0.591,-0.48,-0.093,-0.457,0.0,-0.344,0.526,0.579,-0.201,0.483,0.729,-0.268,-0.087,0.519,0.278,0.594,0.439,0.088,-0.478,0.73,0.607,0.612,0.281,0.459,0.08,0.722,-0.046,0.55,-0.516,0.422,0.144,0.582,0.695,0.633,0.48,-0.118,0.532,0.19,-0.509,0.516,0.546,0.5,0.413,0.614,0.603,0.439,0.623,-0.497,-0.404,0.278,0.137,-0.452,0.271,0.308,0.611,-0.229,-0.491,0.532,0.631,-0.149,0.606,0.161,-0.308,0.075,-0.134,0.512,-0.017,-0.109,0.59,0.432,0.115,0.579,-0.067,0.624,0.395,0.627,-0.308,0.514,0.486,0.339,0.621,-0.322,0.534,0.172,0.439,-0.01,-0.431,0.773,-0.119,0.219,0.237,0.547,0.218,0.399,0.692,-0.058,0.403,0.15,0.52,0.547,0.444,0.444,0.469,0.535,0.12,0.564,0.526,-0.305,-0.281,0.622,0.113,0.556,0.507,0.64,0.552,0.753,-0.239,-0.202,-0.147,0.725,0.504,0.744,-0.39,0.104,0.546,0.704,0.109,0.221,0.058,0.604,0.406,-0.175,0.617,0.409,0.399,0.474,0.609,0.387,0.615,0.285,0.619,0.604,-0.426,0.173,0.093,-0.396,0.045,0.645,-0.478,0.306,0.649,0.242,0.195,0.627,-0.42,0.499,0.68,0.658,0.622,0.292,0.614,0.475,-0.522,0.649,-0.378,0.623,0.675,-0.108,0.418,0.718,0.745,0.586,-0.554,0.551,0.478,0.433,0.57,-0.308,0.758,0.039,0.644,0.539,0.637,-0.296,0.684
AVDL,-0.729,0.261,0.174,-0.938,0.531,0.394,-0.829,-0.812,0.812,-0.817,0.94,0.899,-0.351,0.813,-0.868,-0.9,0.796,0.677,0.91,-0.344,0.0,-0.748,-0.364,0.812,-0.285,-0.263,0.946,0.83,-0.453,-0.41,-0.711,-0.768,0.39,0.641,-0.687,-0.638,-0.648,-0.493,-0.567,-0.06,-0.686,0.64,-0.881,0.917,-0.542,0.064,-0.833,-0.73,-0.802,-0.839,0.42,-0.45,0.351,0.95,-0.034,-0.839,-0.86,-0.45,-0.659,-0.534,-0.786,-0.449,0.944,0.319,-0.677,0.388,0.912,-0.228,-0.582,-0.697,0.369,0.917,-0.847,-0.825,0.945,-0.872,0.735,0.677,0.116,0.067,-0.34,-0.08,0.769,-0.903,-0.49,-0.003,-0.88,0.547,-0.484,-0.295,-0.639,0.616,-0.839,-0.619,-0.154,-0.773,0.967,-0.611,-0.204,-0.868,0.815,0.909,-0.672,0.545,-0.678,-0.85,-0.844,0.014,-0.631,-0.446,0.621,-0.323,0.658,-0.211,-0.708,-0.801,-0.308,-0.137,-0.922,0.258,-0.766,-0.783,0.893,0.807,-0.619,-0.071,-0.57,-0.722,-0.5,-0.748,-0.768,0.934,0.81,0.374,-0.625,-0.761,-0.256,0.972,-0.345,-0.679,-0.775,-0.489,0.222,0.364,-0.808,-0.767,0.797,-0.808,0.312,-0.824,-0.571,-0.867,-0.637,-0.869,0.056,-0.617,-0.821,0.958,0.137,0.229,0.954,0.242,-0.639,0.811,0.542,-0.878,0.421,0.587,-0.789,0.948,-0.81,-0.731,-0.786,-0.511,0.449,-0.839,-0.85,0.892,-0.356,0.908,-0.75,-0.542,0.718,-0.484,-0.7,-0.367,-0.387,0.913,-0.85,-0.877,-0.866,-0.73,0.807,-0.703,0.049,-0.845,-0.639,-0.436,0.944,-0.842
BCRX,0.677,0.264,-0.306,0.769,-0.085,-0.396,0.834,0.678,-0.58,0.83,-0.718,-0.507,0.582,-0.551,0.859,0.74,-0.931,-0.757,-0.594,0.526,-0.748,0.0,0.278,-0.585,0.527,0.593,-0.799,-0.448,0.482,0.183,0.785,0.842,-0.406,-0.806,0.746,0.744,0.722,0.699,0.238,-0.223,0.851,-0.708,0.622,-0.906,0.368,-0.381,0.912,0.709,0.655,0.629,-0.384,0.809,-0.473,-0.825,0.446,0.882,0.695,0.857,0.824,0.722,0.747,0.757,-0.804,-0.059,0.407,-0.341,-0.801,0.437,0.22,0.641,-0.009,-0.761,0.899,0.853,-0.655,0.832,-0.412,-0.389,0.076,0.309,0.332,-0.372,-0.657,0.874,0.152,-0.08,0.874,-0.061,0.563,0.479,0.792,-0.872,0.868,0.328,0.614,0.679,-0.727,0.914,0.536,0.867,-0.594,-0.879,0.814,-0.241,0.798,0.743,0.891,0.298,0.739,0.633,-0.054,0.752,-0.561,0.204,0.936,0.473,0.336,0.483,0.758,0.309,0.824,0.498,-0.48,-0.374,0.805,0.502,0.431,0.46,0.569,0.87,0.738,-0.731,-0.559,0.045,0.795,0.921,0.21,-0.781,0.552,0.408,0.86,0.562,0.36,-0.25,0.764,0.872,-0.679,0.68,0.006,0.806,0.446,0.867,0.84,0.831,0.123,0.684,0.741,-0.744,-0.019,0.053,-0.821,-0.431,0.565,-0.906,-0.284,0.903,-0.141,-0.073,0.539,-0.729,0.475,0.637,0.813,0.445,0.005,0.874,0.871,-0.919,0.235,-0.852,0.906,0.399,-0.553,0.793,0.621,0.674,0.558,-0.791,0.827,0.749,0.843,0.862,-0.441,0.736,-0.065,0.807,0.744,0.355,-0.757,0.73
BHAT,0.717,0.161,0.409,0.508,-0.178,-0.045,0.516,0.387,-0.371,0.615,-0.525,-0.206,0.674,-0.119,0.324,0.554,-0.276,0.116,-0.525,0.579,-0.364,0.278,0.0,-0.345,0.205,0.453,-0.199,-0.113,0.635,0.378,0.632,0.345,0.171,-0.368,0.771,0.699,0.632,0.278,0.692,0.45,0.58,0.247,0.637,-0.4,0.637,0.593,0.459,0.554,0.706,0.672,0.197,0.201,0.523,-0.484,0.351,0.286,0.564,0.096,0.324,0.344,0.37,0.539,-0.526,-0.803,0.506,0.304,-0.385,0.095,0.659,0.645,-0.72,-0.463,0.471,0.571,-0.234,0.58,0.087,-0.362,0.142,-0.362,0.728,0.343,0.077,0.546,0.537,-0.277,0.566,-0.382,0.418,0.577,0.433,-0.076,0.483,0.714,-0.145,0.688,-0.303,0.269,0.018,0.431,-0.18,-0.34,0.604,-0.587,0.103,0.252,0.386,-0.139,0.316,0.479,-0.373,0.182,0.261,0.229,0.328,0.611,0.608,0.312,0.613,-0.191,0.6,0.681,-0.443,-0.469,0.243,-0.111,0.768,0.441,0.819,0.238,0.565,-0.143,-0.057,-0.465,0.532,0.364,0.741,-0.389,-0.124,0.56,0.587,0.254,-0.363,0.438,0.653,0.324,-0.127,0.736,0.309,0.224,0.645,0.604,0.18,0.617,0.443,0.402,0.638,-0.501,0.561,-0.181,-0.409,0.438,0.846,-0.374,0.281,0.514,0.378,-0.135,0.609,-0.486,0.661,0.753,0.461,0.805,-0.1,0.622,0.501,-0.407,0.747,-0.256,0.41,0.807,0.162,0.154,0.78,0.586,0.391,-0.567,0.433,0.571,0.305,0.444,-0.605,0.623,0.331,0.591,0.408,0.776,-0.185,0.646
BLBD,-0.645,0.422,-0.01,-0.76,0.295,0.489,-0.732,-0.498,0.673,-0.613,0.754,0.793,-0.368,0.653,-0.665,-0.671,0.7,0.445,0.761,-0.201,0.812,-0.585,-0.345,0.0,-0.41,-0.188,0.777,0.777,-0.304,-0.353,-0.494,-0.695,0.349,0.405,-0.54,-0.511,-0.503,-0.266,-0.603,-0.185,-0.561,0.513,-0.696,0.745,-0.39,0.069,-0.716,-0.579,-0.654,-0.607,0.415,-0.156,0.244,0.812,0.222,-0.686,-0.632,-0.318,-0.415,-0.406,-0.741,-0.384,0.812,0.339,-0.418,0.41,0.733,-0.145,-0.405,-0.585,0.372,0.818,-0.62,-0.63,0.816,-0.753,0.667,0.525,0.277,0.051,-0.29,-0.15,0.574,-0.743,-0.563,-0.03,-0.767,0.508,-0.456,-0.291,-0.522,0.514,-0.62,-0.668,-0.019,-0.628,0.814,-0.497,-0.235,-0.693,0.639,0.775,-0.44,0.601,-0.464,-0.756,-0.664,0.083,-0.351,-0.369,0.511,-0.241,0.546,-0.209,-0.542,-0.657,-0.374,-0.148,-0.768,0.157,-0.655,-0.718,0.734,0.749,-0.536,-0.239,-0.519,-0.632,-0.474,-0.617,-0.579,0.813,0.784,0.331,-0.553,-0.592,-0.214,0.832,-0.218,-0.561,-0.614,-0.315,0.219,0.296,-0.675,-0.566,0.704,-0.629,0.304,-0.499,-0.246,-0.704,-0.547,-0.725,0.153,-0.586,-0.701,0.803,0.123,0.002,0.82,0.312,-0.621,0.715,0.316,-0.702,0.414,0.43,-0.665,0.83,-0.613,-0.623,-0.666,-0.447,0.308,-0.672,-0.681,0.744,-0.245,0.772,-0.492,-0.459,0.547,-0.291,-0.629,-0.377,-0.203,0.819,-0.728,-0.696,-0.743,-0.709,0.707,-0.489,-0.121,-0.748,-0.58,-0.447,0.812,-0.71
BMRN,0.547,0.284,0.276,0.352,0.25,0.141,0.422,0.128,-0.09,0.461,-0.192,-0.124,0.64,0.013,0.44,0.386,-0.584,-0.09,-0.269,0.483,-0.285,0.527,0.205,-0.41,0.0,0.748,-0.267,-0.125,0.19,0.262,0.397,0.642,0.056,-0.247,0.48,0.264,0.526,0.214,0.278,0.024,0.664,-0.328,0.271,-0.437,0.125,-0.36,0.579,0.608,0.274,0.144,-0.411,0.301,-0.095,-0.4,0.18,0.613,0.231,0.572,0.541,0.509,0.573,0.659,-0.337,0.037,-0.201,-0.156,-0.345,0.487,-0.163,0.421,0.101,-0.428,0.485,0.407,-0.185,0.542,0.084,-0.129,-0.042,0.366,0.26,-0.202,-0.148,0.483,0.351,0.267,0.51,0.29,0.687,0.486,0.625,-0.392,0.45,0.392,0.545,0.388,-0.228,0.648,0.625,0.425,0.124,-0.431,0.533,-0.0,0.387,0.499,0.526,0.273,0.199,0.693,0.214,0.608,-0.071,0.409,0.523,0.225,0.504,0.384,0.35,0.573,0.538,0.281,-0.031,-0.12,0.769,0.623,0.332,0.438,0.451,0.624,0.36,-0.363,-0.412,0.308,0.738,0.456,0.386,-0.281,0.424,0.271,0.605,-0.064,0.508,-0.161,0.494,0.445,-0.189,0.346,0.165,0.162,0.027,0.434,0.582,0.428,-0.037,0.797,0.462,-0.256,-0.141,0.639,-0.31,-0.421,0.432,-0.544,0.374,0.524,0.056,0.389,0.376,-0.288,0.143,0.431,0.655,0.222,0.437,0.445,0.437,-0.456,0.199,-0.4,0.412,0.392,-0.04,0.562,0.549,0.732,0.452,-0.418,0.601,0.352,0.525,0.528,-0.031,0.329,0.028,0.519,0.666,0.3,-0.374,0.51
BNGO,0.653,0.545,0.203,0.37,0.157,0.197,0.507,0.313,-0.167,0.631,-0.295,-0.001,0.764,0.032,0.504,0.503,-0.558,-0.109,-0.296,0.729,-0.263,0.593,0.453,-0.188,0.748,0.0,-0.24,0.046,0.441,0.186,0.604,0.532,0.137,-0.414,0.685,0.478,0.675,0.421,0.273,-0.02,0.787,-0.205,0.395,-0.481,0.309,-0.133,0.622,0.638,0.421,0.341,-0.267,0.548,0.053,-0.437,0.634,0.609,0.358,0.625,0.678,0.681,0.465,0.803,-0.394,-0.162,0.012,0.11,-0.344,0.569,0.035,0.55,-0.099,-0.421,0.602,0.554,-0.092,0.61,0.25,-0.176,0.227,0.247,0.451,-0.251,-0.101,0.572,0.232,0.124,0.559,0.291,0.74,0.531,0.71,-0.436,0.587,0.346,0.638,0.577,-0.199,0.689,0.56,0.484,0.096,-0.467,0.792,0.054,0.403,0.319,0.597,0.368,0.43,0.87,0.218,0.695,0.082,0.453,0.666,0.291,0.56,0.578,0.425,0.511,0.637,0.326,-0.038,-0.066,0.721,0.455,0.471,0.407,0.658,0.651,0.554,-0.224,-0.193,0.247,0.824,0.537,0.629,-0.288,0.331,0.309,0.716,0.23,0.475,0.049,0.59,0.495,-0.061,0.519,0.448,0.331,0.313,0.54,0.528,0.535,0.267,0.726,0.564,-0.322,0.135,0.342,-0.33,-0.12,0.531,-0.562,0.394,0.613,0.32,0.426,0.444,-0.316,0.293,0.56,0.719,0.515,0.44,0.581,0.507,-0.509,0.438,-0.367,0.585,0.586,-0.004,0.665,0.66,0.858,0.653,-0.475,0.585,0.433,0.453,0.573,-0.103,0.594,-0.037,0.575,0.654,0.442,-0.264,0.588
BUSE,-0.604,0.236,0.388,-0.867,0.447,0.451,-0.807,-0.782,0.79,-0.751,0.875,0.878,-0.271,0.805,-0.912,-0.826,0.857,0.798,0.791,-0.268,0.946,-0.799,-0.199,0.777,-0.267,-0.24,0.0,0.805,-0.301,-0.245,-0.661,-0.756,0.494,0.699,-0.584,-0.597,-0.557,-0.549,-0.362,0.183,-0.66,0.813,-0.751,0.93,-0.371,0.271,-0.826,-0.639,-0.679,-0.721,0.56,-0.532,0.576,0.923,-0.063,-0.869,-0.757,-0.559,-0.705,-0.57,-0.721,-0.456,0.904,0.1,-0.561,0.472,0.9,-0.281,-0.405,-0.632,0.179,0.883,-0.845,-0.795,0.944,-0.833,0.798,0.629,0.1,-0.098,-0.204,0.15,0.829,-0.86,-0.289,0.018,-0.837,0.393,-0.401,-0.192,-0.631,0.735,-0.831,-0.437,-0.32,-0.659,0.97,-0.671,-0.325,-0.856,0.854,0.939,-0.65,0.367,-0.765,-0.831,-0.865,-0.176,-0.66,-0.444,0.455,-0.432,0.811,-0.118,-0.769,-0.648,-0.174,-0.16,-0.828,0.11,-0.723,-0.61,0.79,0.693,-0.645,-0.187,-0.399,-0.633,-0.371,-0.793,-0.69,0.954,0.827,0.225,-0.6,-0.805,-0.078,0.961,-0.45,-0.536,-0.721,-0.525,0.058,0.518,-0.721,-0.791,0.8,-0.689,0.376,-0.834,-0.418,-0.814,-0.709,-0.806,0.155,-0.577,-0.726,0.917,0.269,0.199,0.948,0.434,-0.49,0.857,0.642,-0.854,0.543,0.499,-0.682,0.908,-0.645,-0.584,-0.763,-0.35,0.366,-0.795,-0.824,0.903,-0.211,0.946,-0.775,-0.343,0.829,-0.54,-0.576,-0.308,-0.423,0.858,-0.812,-0.798,-0.868,-0.716,0.686,-0.633,0.161,-0.796,-0.596,-0.241,0.964,-0.752
CAKE,-0.451,0.553,0.179,-0.73,0.608,0.431,-0.518,-0.611,0.67,-0.478,0.728,0.933,-0.094,0.784,-0.591,-0.658,0.563,0.495,0.753,-0.087,0.83,-0.448,-0.113,0.777,-0.125,0.046,0.805,0.0,-0.181,-0.273,-0.32,-0.476,0.465,0.31,-0.343,-0.276,-0.279,-0.125,-0.48,-0.07,-0.306,0.55,-0.667,0.659,-0.33,0.009,-0.514,-0.461,-0.585,-0.594,0.448,-0.125,0.376,0.74,0.361,-0.609,-0.605,-0.109,-0.302,-0.398,-0.521,-0.027,0.719,0.226,-0.528,0.522,0.691,0.084,-0.493,-0.421,0.332,0.794,-0.512,-0.554,0.856,-0.622,0.817,0.607,0.513,0.224,-0.015,-0.193,0.77,-0.625,-0.484,-0.297,-0.588,0.629,-0.21,0.051,-0.287,0.362,-0.527,-0.532,0.006,-0.487,0.851,-0.264,0.044,-0.576,0.697,0.666,-0.298,0.513,-0.382,-0.685,-0.528,0.1,-0.247,-0.131,0.706,0.041,0.675,-0.149,-0.448,-0.627,-0.123,0.142,-0.696,0.459,-0.446,-0.626,0.855,0.85,-0.435,0.098,-0.302,-0.671,-0.154,-0.547,-0.557,0.848,0.843,0.389,-0.306,-0.408,0.026,0.826,-0.096,-0.556,-0.414,-0.324,0.401,0.545,-0.48,-0.411,0.687,-0.5,0.593,-0.554,-0.265,-0.561,-0.358,-0.558,0.3,-0.403,-0.539,0.773,0.371,0.216,0.781,0.299,-0.356,0.511,0.6,-0.595,0.633,0.728,-0.655,0.843,-0.671,-0.457,-0.522,-0.264,0.526,-0.508,-0.514,0.608,-0.136,0.699,-0.399,-0.326,0.76,-0.125,-0.434,0.002,-0.083,0.696,-0.578,-0.578,-0.603,-0.482,0.687,-0.411,0.124,-0.57,-0.338,-0.282,0.841,-0.591
CASY,0.747,0.278,0.216,0.536,-0.133,-0.239,0.583,0.549,-0.425,0.703,-0.573,-0.24,0.53,-0.361,0.346,0.579,-0.376,-0.231,-0.564,0.519,-0.453,0.482,0.635,-0.304,0.19,0.441,-0.301,-0.181,0.0,0.373,0.664,0.42,-0.087,-0.447,0.749,0.701,0.651,0.45,0.609,0.455,0.557,0.119,0.662,-0.474,0.742,0.38,0.511,0.548,0.71,0.752,0.283,0.371,0.347,-0.498,0.482,0.351,0.672,0.285,0.319,0.38,0.5,0.459,-0.538,-0.668,0.661,0.1,-0.41,0.08,0.632,0.446,-0.581,-0.449,0.539,0.6,-0.264,0.552,0.02,-0.256,0.132,-0.286,0.571,0.333,-0.184,0.616,0.429,-0.222,0.573,-0.422,0.387,0.549,0.484,-0.361,0.558,0.543,-0.02,0.742,-0.346,0.393,-0.064,0.601,-0.284,-0.425,0.578,-0.588,0.196,0.366,0.453,-0.232,0.494,0.424,-0.321,0.196,0.133,0.366,0.479,0.587,0.514,0.442,0.674,-0.192,0.594,0.702,-0.439,-0.347,0.282,-0.022,0.704,0.362,0.758,0.36,0.713,-0.206,-0.072,-0.286,0.544,0.468,0.59,-0.449,-0.038,0.493,0.639,0.503,-0.203,0.429,0.636,0.463,-0.269,0.73,0.41,0.515,0.731,0.637,0.29,0.648,0.568,0.396,0.71,-0.51,0.585,-0.239,-0.457,0.404,0.693,-0.384,0.101,0.584,0.458,-0.257,0.539,-0.489,0.696,0.714,0.469,0.844,-0.121,0.692,0.569,-0.521,0.529,-0.325,0.529,0.775,-0.033,0.376,0.645,0.58,0.273,-0.564,0.498,0.62,0.362,0.591,-0.584,0.696,0.231,0.586,0.489,0.682,-0.236,0.537
CCOI,0.585,-0.169,0.489,0.51,-0.106,0.263,0.405,0.433,-0.289,0.489,-0.49,-0.384,0.285,-0.189,0.338,0.563,-0.186,-0.021,-0.589,0.278,-0.41,0.183,0.378,-0.353,0.262,0.186,-0.245,-0.273,0.373,0.0,0.49,0.451,0.361,-0.044,0.462,0.306,0.449,0.16,0.7,0.477,0.393,0.014,0.588,-0.325,0.669,0.217,0.427,0.5,0.522,0.5,0.02,0.005,0.292,-0.383,-0.002,0.372,0.522,0.013,0.242,-0.095,0.503,0.275,-0.425,-0.381,0.327,0.078,-0.403,0.112,0.465,0.379,-0.258,-0.306,0.367,0.315,-0.352,0.447,-0.096,-0.275,0.117,-0.111,0.613,0.577,-0.008,0.434,0.701,-0.002,0.456,-0.377,0.573,0.351,0.442,-0.018,0.409,0.644,-0.253,0.549,-0.341,0.251,0.098,0.428,-0.092,-0.297,0.324,-0.428,0.194,0.483,0.397,-0.425,0.336,0.318,-0.366,0.08,-0.034,0.459,0.129,0.602,0.434,0.282,0.499,-0.206,0.466,0.656,-0.414,-0.413,0.296,-0.069,0.597,0.624,0.442,0.174,0.329,-0.312,-0.252,-0.276,0.418,0.299,0.542,-0.348,0.273,0.64,0.445,0.05,-0.216,0.164,0.572,0.429,-0.269,0.555,0.118,0.351,0.577,0.448,0.334,0.512,0.206,0.431,0.581,-0.394,0.186,0.047,-0.326,0.089,0.546,-0.252,0.185,0.425,0.106,-0.286,0.566,-0.361,0.56,0.525,0.46,0.438,-0.054,0.419,0.463,-0.356,0.587,-0.305,0.262,0.621,0.017,0.237,0.567,0.397,0.193,-0.4,0.537,0.599,0.48,0.274,-0.531,0.299,0.457,0.515,0.417,0.371,-0.351,0.49
