,AAPL,ACRS,ADP,AFYA,AGNC,AGYS,ALT,AMGN,AMPH,AMZN,ANIP,AOSL,APDN,APLT,APVO,ARGX,ARLP,ATEX,ATRA,AUTL,AVDL,BCRX,BHAT,BLBD,BMRN,BNGO,BUSE,CAKE,CASY,CCOI,CEVA,CHY,CLDX,CLMT,COHU,COLM,COST,CPRT,CSWC,CSX,DBX,DCOM,DKNG,DMLP,DOX,EA,EDIT,ENPH,ENSG,ERNA,ESGR,ETNB,EXTR,FANG,FARO,FATE,FGEN,FIVE,FIVN,FLGT,FOLD,FORM,FOXA,FRPT,FSLR,FTAI,GBDC,GDYN,GGAL,GNLN,GRFS,GT,HCAT,HCM,HFWA,HOLX,HQY,HUBG,IAC,ICLR,IDCC,IEP,IHRT,ILMN,ILPT,IMAB,IMOS,INMD,INTZ,JAZZ,JKHY,JRVR,KIDS,LBRDK,LGND,LMAT,LPLA,LULU,MASI,MAT,MATW,MBIN,MBIO,MCRB,MDB,MDLZ,MELI,MIRM,MLKN,MNMD,MNRO,MPWR,MRCY,MRSN,MTVA,NAAS,NDAQ,NDSN,NEGG,NOVT,NVDA,NWE,NWSA,NXST,OCX,ODFL,OMAB,OPCH,OPRA,ORGO,OTRK,OZK,PAGP,PCH,PEGA,PENG,PENN,PFBC,PGNY,PHAT,PHUN,PINC,PLUG,PLXS,PYPL,QLYS,QNCX,QQQX,QVCGA,RAPT,RBBN,RCKT,REPL,RMBS,ROAD,ROKU,ROP,RUSHA,SANM,SATS,SBCF,SBLK,SBUX,SCHL,SCSC,SDGR,SEIC,SFIX,SGRY,SKYW,SLP,SNES,STAA,STLD,STOK,SWKS,TER,TFIN,TIGO,TILE,TPIC,TTEC,TTEK,TTGT,UXIN,VERU,VLYPP,VNOM,VRNS,VRSN,WDAY,WERN,WINA,WKHS,WRLD,XP,XTKG,YY,ZION,ZM
AAPL,0.0,-0.379,0.589,-0.603,-0.542,-0.056,-0.257,-0.109,-0.002,0.312,-0.471,-0.491,-0.425,-0.301,-0.454,-0.217,0.268,-0.03,-0.701,-0.539,0.182,0.245,-0.522,0.431,-0.668,-0.644,-0.251,0.166,0.192,0.372,-0.379,-0.313,0.694,-0.149,0.191,-0.124,0.558,0.572,0.209,0.124,0.047,-0.222,-0.377,0.124,-0.019,0.278,-0.752,-0.334,-0.432,-0.772,0.406,-0.248,-0.279,-0.506,-0.391,-0.619,-0.391,-0.082,-0.07,-0.205,-0.748,-0.087,-0.226,-0.248,-0.351,-0.41,0.721,-0.089,-0.142,-0.563,-0.648,-0.376,-0.291,0.202,-0.305,0.231,-0.559,-0.318,-0.583,0.023,-0.567,0.57,-0.494,0.18,0.552,-0.472,0.717,0.603,-0.584,-0.284,0.583,0.121,-0.444,-0.274,-0.663,-0.629,0.034,0.528,0.672,-0.077,-0.34,0.162,-0.678,-0.391,-0.131,0.608,0.185,-0.349,-0.465,-0.305,-0.025,0.362,-0.012,-0.562,-0.033,-0.412,0.476,0.573,-0.098,-0.349,-0.372,0.572,-0.32,-0.264,-0.402,0.188,-0.534,-0.548,-0.049,-0.412,-0.606,0.078,-0.43,-0.199,-0.345,0.026,-0.364,-0.384,-0.581,-0.32,-0.657,0.372,-0.693,-0.353,0.507,-0.381,0.328,0.164,-0.375,-0.162,-0.172,-0.195,-0.585,-0.215,0.343,0.187,0.736,0.604,-0.299,-0.427,-0.404,-0.452,0.72,-0.583,-0.46,-0.655,-0.198,-0.472,-0.523,-0.321,-0.686,-0.311,-0.648,0.133,-0.366,0.331,0.094,0.316,0.495,-0.286,-0.542,-0.106,0.362,-0.342,-0.215,-0.627,-0.098,-0.343,0.199,-0.263,-0.111,0.339,0.438,-0.71,0.399,-0.078,-0.374,-0.396,-0.113,-0.523
ACRS,-0.379,0.0,-0.567,0.649,0.885,0.436,-0.122,-0.241,-0.142,0.464,0.493,0.891,0.657,0.818,0.65,0.293,0.088,0.026,0.742,0.783,-0.175,-0.088,0.776,-0.449,0.83,0.795,0.577,0.439,-0.217,-0.337,0.474,0.863,-0.562,0.595,0.166,0.714,-0.639,-0.619,0.638,0.146,0.259,0.36,0.49,0.145,0.568,-0.171,0.692,0.711,0.638,0.703,-0.796,0.258,0.688,0.864,0.949,0.646,0.847,0.486,-0.12,0.137,0.322,0.254,0.595,0.792,0.887,0.886,-0.128,0.436,0.578,0.884,0.806,0.866,0.43,-0.549,0.396,-0.46,0.847,0.736,0.731,-0.476,0.853,-0.179,0.678,-0.133,-0.626,0.415,-0.577,-0.591,0.676,0.882,-0.743,-0.235,0.658,0.349,0.75,0.902,0.206,-0.463,-0.507,0.05,0.459,0.28,0.767,0.455,0.328,-0.756,-0.081,0.516,0.821,0.815,0.506,-0.427,0.429,0.705,-0.194,0.462,-0.525,-0.492,0.569,0.719,0.867,-0.727,0.812,0.525,0.786,0.169,0.845,0.815,0.809,0.906,0.87,0.534,0.855,0.843,0.612,0.527,0.676,0.732,0.855,0.6,0.863,-0.43,0.747,0.667,0.101,0.826,0.076,0.144,0.887,0.325,0.807,0.488,0.667,0.535,-0.467,-0.011,-0.621,-0.58,0.667,0.866,0.725,0.88,-0.422,0.909,0.283,0.848,0.462,0.823,0.817,0.766,0.738,0.701,0.843,0.227,0.578,0.079,0.431,-0.181,-0.365,0.693,0.809,0.402,-0.29,0.758,0.414,0.851,-0.079,0.746,-0.078,0.48,0.633,-0.104,-0.84,0.763,-0.505,0.093,0.728,0.446,0.406,0.709
ADP,0.589,-0.567,0.0,-0.728,-0.603,-0.095,0.021,-0.248,0.432,-0.291,-0.382,-0.629,-0.592,-0.748,-0.722,-0.605,0.623,-0.209,-0.678,-0.835,0.506,0.356,-0.773,0.726,-0.722,-0.599,-0.13,-0.292,0.636,0.455,-0.015,-0.283,0.667,-0.655,-0.032,-0.139,0.805,0.745,-0.182,0.179,0.402,0.285,-0.108,0.424,-0.372,0.381,-0.707,-0.203,-0.694,-0.682,0.675,-0.619,-0.114,-0.539,-0.59,-0.451,-0.636,-0.124,0.389,0.201,-0.485,0.114,-0.103,-0.754,-0.552,-0.752,0.521,-0.063,-0.323,-0.624,-0.616,-0.443,-0.041,0.497,0.152,0.692,-0.609,-0.334,-0.473,0.725,-0.582,0.761,-0.217,0.461,0.799,-0.422,0.719,0.712,-0.643,-0.638,0.672,0.144,-0.24,-0.15,-0.699,-0.663,0.444,0.719,0.665,0.527,-0.089,-0.023,-0.661,-0.686,0.094,0.489,0.471,-0.783,-0.503,-0.613,-0.493,0.773,-0.116,-0.803,-0.052,-0.78,0.7,0.728,-0.437,-0.189,-0.432,0.803,-0.349,0.068,-0.683,0.585,-0.492,-0.59,-0.534,-0.455,-0.727,0.151,-0.46,-0.255,-0.665,-0.352,-0.351,-0.388,-0.719,-0.702,-0.703,0.539,-0.609,-0.074,-0.187,-0.483,0.113,0.386,-0.473,-0.383,-0.599,-0.734,-0.464,0.012,0.695,0.38,0.705,0.75,-0.145,-0.56,-0.547,-0.399,0.748,-0.707,0.086,-0.695,-0.329,-0.611,-0.736,-0.255,-0.618,-0.656,-0.782,0.55,-0.776,0.066,-0.072,0.628,0.443,-0.25,-0.729,0.113,0.722,-0.341,-0.15,-0.73,0.523,-0.205,0.346,-0.792,-0.25,0.492,0.463,-0.598,0.743,0.18,-0.656,-0.604,0.239,-0.279
AFYA,-0.603,0.649,-0.728,0.0,0.748,0.462,-0.203,0.172,-0.499,0.143,0.449,0.857,0.583,0.804,0.459,0.322,-0.459,-0.059,0.851,0.884,-0.686,-0.602,0.925,-0.766,0.883,0.65,0.543,0.183,-0.451,-0.121,0.302,0.547,-0.62,0.663,-0.263,0.448,-0.918,-0.907,0.338,-0.247,-0.248,-0.021,0.075,-0.224,0.615,-0.256,0.833,0.334,0.8,0.736,-0.815,0.46,0.571,0.746,0.732,0.397,0.794,0.002,-0.506,-0.309,0.692,-0.083,0.239,0.653,0.791,0.807,-0.489,0.329,0.561,0.754,0.848,0.722,0.021,-0.51,0.26,-0.748,0.846,0.699,0.595,-0.509,0.833,-0.62,0.369,-0.59,-0.761,0.686,-0.511,-0.722,0.879,0.778,-0.903,0.304,0.241,-0.119,0.581,0.754,-0.259,-0.851,-0.763,-0.256,0.566,0.175,0.856,0.855,-0.152,-0.739,-0.497,0.692,0.61,0.791,0.437,-0.743,0.108,0.898,-0.123,0.855,-0.821,-0.655,0.397,0.315,0.542,-0.756,0.569,0.229,0.832,-0.251,0.738,0.502,0.513,0.704,0.871,0.209,0.633,0.503,0.453,0.59,0.281,0.72,0.767,0.883,0.805,-0.387,0.708,0.456,-0.173,0.641,-0.47,-0.226,0.685,0.097,0.53,0.598,0.571,0.278,-0.763,-0.522,-0.821,-0.843,0.593,0.722,0.855,0.564,-0.867,0.802,0.182,0.688,0.579,0.62,0.902,0.578,0.578,0.742,0.839,-0.09,0.836,-0.053,0.093,-0.521,-0.649,0.668,0.902,0.139,-0.702,0.384,0.532,0.815,-0.185,0.391,-0.602,0.747,0.133,-0.036,-0.58,0.788,-0.864,0.089,0.805,0.851,0.088,0.503
AGNC,-0.542,0.885,-0.603,0.748,0.0,0.588,0.113,-0.078,-0.05,0.253,0.651,0.893,0.686,0.789,0.691,0.332,-0.024,0.124,0.846,0.832,-0.171,-0.06,0.844,-0.385,0.896,0.91,0.633,0.463,-0.112,-0.361,0.571,0.809,-0.587,0.59,0.193,0.741,-0.7,-0.634,0.416,0.204,0.19,0.419,0.588,0.201,0.554,-0.153,0.856,0.733,0.674,0.799,-0.682,0.435,0.671,0.884,0.9,0.775,0.765,0.534,-0.09,0.18,0.539,0.359,0.656,0.754,0.809,0.87,-0.206,0.43,0.586,0.913,0.848,0.885,0.429,-0.484,0.526,-0.469,0.916,0.735,0.877,-0.41,0.891,-0.26,0.774,-0.142,-0.565,0.495,-0.659,-0.607,0.699,0.797,-0.713,-0.037,0.67,0.356,0.842,0.875,0.28,-0.507,-0.627,0.111,0.582,0.333,0.892,0.499,0.34,-0.757,-0.036,0.616,0.864,0.795,0.542,-0.415,0.46,0.795,-0.114,0.53,-0.484,-0.408,0.364,0.685,0.817,-0.687,0.828,0.634,0.84,0.095,0.798,0.816,0.744,0.874,0.893,0.543,0.883,0.732,0.674,0.324,0.776,0.816,0.872,0.65,0.917,-0.31,0.881,0.724,-0.023,0.727,-0.067,0.186,0.889,0.318,0.768,0.488,0.792,0.634,-0.398,-0.007,-0.655,-0.573,0.701,0.926,0.805,0.869,-0.53,0.941,0.488,0.915,0.662,0.877,0.872,0.833,0.827,0.711,0.894,0.185,0.625,0.145,0.478,-0.112,-0.344,0.723,0.843,0.506,-0.266,0.795,0.474,0.951,-0.103,0.779,-0.066,0.497,0.622,-0.13,-0.699,0.892,-0.479,0.285,0.67,0.57,0.523,0.734
AGYS,-0.056,0.436,-0.095,0.462,0.588,0.0,0.085,-0.153,0.009,0.195,0.515,0.582,0.282,0.384,0.132,-0.04,0.172,-0.083,0.459,0.401,-0.091,-0.027,0.479,-0.032,0.506,0.498,0.569,0.425,0.088,0.164,0.516,0.608,-0.03,0.349,0.238,0.717,-0.382,-0.316,0.352,0.223,0.254,0.427,0.407,0.449,0.426,0.13,0.477,0.543,0.367,0.37,-0.365,0.126,0.594,0.597,0.57,0.304,0.454,0.311,-0.127,0.088,0.243,0.421,0.59,0.391,0.568,0.464,0.221,0.439,0.622,0.546,0.465,0.689,0.152,-0.25,0.606,-0.311,0.629,0.582,0.573,-0.15,0.604,0.136,0.487,-0.093,-0.147,0.297,-0.116,-0.16,0.375,0.487,-0.419,0.316,0.312,-0.094,0.35,0.337,0.372,-0.247,-0.367,0.324,0.648,0.484,0.503,0.286,0.277,-0.509,0.119,0.277,0.546,0.545,0.329,-0.061,0.254,0.386,-0.164,0.27,-0.16,0.0,-0.054,0.326,0.576,-0.234,0.633,0.656,0.614,0.235,0.394,0.262,0.5,0.608,0.47,0.635,0.614,0.459,0.359,0.242,0.531,0.669,0.407,0.392,0.471,0.063,0.53,0.652,-0.014,0.376,-0.213,0.422,0.664,-0.017,0.445,0.11,0.542,0.688,-0.128,0.111,-0.275,-0.182,0.701,0.63,0.603,0.538,-0.188,0.486,0.468,0.423,0.6,0.584,0.527,0.726,0.297,0.506,0.413,0.384,0.274,0.462,0.495,0.14,-0.066,0.752,0.518,0.537,0.036,0.547,0.568,0.521,0.018,0.591,-0.036,0.183,0.339,0.331,-0.339,0.581,-0.188,0.438,0.423,0.499,0.626,0.464
ALT,-0.257,-0.122,0.021,-0.203,0.113,0.085,0.0,0.111,0.466,-0.391,0.33,-0.175,0.01,-0.204,0.343,0.261,0.119,0.507,-0.018,-0.045,0.451,0.52,-0.116,0.546,-0.06,0.367,-0.146,-0.054,0.437,-0.104,0.26,-0.2,0.191,-0.259,0.516,0.08,0.274,0.351,-0.324,0.197,0.2,0.25,0.469,0.112,-0.286,-0.116,0.189,0.254,-0.207,0.095,0.409,0.254,-0.129,-0.117,-0.104,0.517,-0.359,0.301,0.432,0.449,0.285,0.507,0.109,-0.129,-0.275,-0.166,0.083,-0.061,-0.196,0.016,-0.17,-0.09,0.432,0.537,0.294,0.358,-0.103,-0.31,0.215,0.249,-0.139,0.193,0.238,0.496,0.342,0.166,-0.211,0.314,-0.363,-0.328,0.345,-0.087,0.319,0.295,0.311,-0.084,0.378,0.324,0.129,0.3,0.075,0.1,0.136,-0.307,0.274,0.073,0.461,0.027,-0.017,-0.167,-0.189,0.411,0.268,-0.126,0.439,-0.172,0.435,0.375,-0.45,0.17,-0.059,0.177,-0.1,0.225,0.006,0.061,-0.273,0.113,-0.098,-0.17,-0.017,0.009,-0.042,-0.3,0.133,-0.664,0.41,-0.062,-0.035,-0.26,0.077,0.312,0.134,0.132,-0.094,-0.212,0.353,0.157,-0.063,0.488,0.012,0.011,0.31,0.214,0.507,0.321,0.234,0.419,-0.059,-0.047,-0.103,-0.041,0.093,-0.071,0.435,0.242,0.162,0.119,-0.135,0.016,0.194,-0.18,0.039,-0.019,-0.195,0.192,0.298,0.454,0.275,-0.143,-0.132,0.259,0.425,0.214,0.084,0.115,0.069,0.139,0.5,-0.253,0.219,-0.27,0.28,0.116,0.474,0.139,-0.444,-0.192,0.3,-0.08
AMGN,-0.109,-0.241,-0.248,0.172,-0.078,-0.153,0.111,0.0,-0.242,-0.09,0.15,-0.112,0.015,0.067,0.157,0.226,-0.513,0.365,0.107,0.128,-0.338,-0.119,0.07,-0.133,-0.046,-0.064,-0.09,0.147,-0.153,0.166,-0.334,-0.388,0.037,0.255,-0.003,-0.344,-0.213,-0.172,-0.215,-0.187,-0.627,-0.36,-0.293,-0.316,0.209,0.013,0.158,-0.436,0.267,-0.086,0.179,0.522,-0.316,-0.072,-0.147,-0.032,-0.127,-0.124,-0.452,-0.319,0.203,-0.248,-0.184,0.152,-0.215,-0.018,-0.27,-0.422,-0.031,-0.091,-0.068,-0.119,-0.299,0.087,-0.266,-0.302,-0.031,-0.121,-0.038,-0.325,-0.094,-0.473,-0.185,-0.244,-0.098,0.09,-0.16,-0.048,0.057,-0.093,0.068,0.423,-0.336,-0.242,0.038,-0.081,-0.404,-0.265,-0.201,-0.504,-0.184,0.206,0.047,0.26,-0.43,0.335,-0.254,0.425,-0.116,0.001,0.292,-0.374,-0.033,0.281,0.118,0.257,-0.128,-0.067,-0.257,-0.386,-0.38,0.129,-0.124,-0.27,0.039,-0.469,-0.185,-0.238,-0.167,-0.269,-0.023,-0.099,-0.118,-0.26,0.156,-0.157,-0.171,0.11,-0.135,0.189,-0.06,-0.075,-0.092,-0.313,0.255,-0.408,-0.044,-0.335,-0.138,-0.008,0.045,0.351,0.102,-0.311,-0.088,-0.183,-0.078,-0.082,-0.291,-0.088,0.149,-0.338,-0.166,-0.079,-0.204,-0.046,0.115,-0.067,0.079,-0.217,-0.084,-0.11,0.013,-0.534,0.335,0.085,-0.127,-0.074,0.199,-0.189,-0.074,-0.372,-0.315,-0.314,-0.212,-0.021,-0.55,-0.283,-0.309,0.25,-0.258,-0.117,0.32,-0.043,-0.211,0.031,-0.16,0.254,-0.282,-0.414
AMPH,-0.002,-0.142,0.432,-0.499,-0.05,0.009,0.466,-0.242,0.0,-0.262,0.133,-0.304,-0.078,-0.524,-0.075,-0.186,0.488,0.059,-0.178,-0.498,0.855,0.796,-0.46,0.657,-0.235,0.068,-0.173,-0.081,0.537,-0.229,0.374,0.03,0.054,-0.504,0.399,0.059,0.508,0.572,-0.451,0.649,0.639,0.618,0.656,0.598,-0.541,0.333,-0.154,0.368,-0.482,0.035,0.512,-0.314,-0.06,-0.117,-0.204,0.351,-0.43,0.582,0.754,0.765,-0.236,0.631,0.33,-0.32,-0.391,-0.352,0.189,0.023,-0.331,-0.135,-0.188,-0.152,0.443,0.304,0.266,0.707,-0.186,-0.154,0.234,0.605,-0.227,0.417,0.4,0.688,0.431,-0.362,-0.098,0.237,-0.431,-0.449,0.491,-0.418,0.379,0.577,0.122,-0.198,0.696,0.704,0.354,0.622,-0.161,-0.22,-0.236,-0.752,0.718,0.143,0.806,-0.466,0.056,-0.52,-0.314,0.719,0.168,-0.444,0.176,-0.698,0.641,0.471,-0.416,0.356,0.056,0.349,0.005,0.439,-0.324,0.513,-0.19,0.189,-0.165,-0.099,-0.328,0.065,0.037,-0.124,0.059,-0.683,0.395,-0.179,-0.09,-0.621,-0.124,0.219,0.134,0.161,-0.172,-0.173,0.358,0.665,-0.13,-0.036,-0.241,-0.476,0.08,0.362,0.782,0.748,0.346,0.484,-0.095,-0.118,-0.439,0.133,0.535,-0.199,0.462,0.007,-0.235,0.067,-0.401,0.046,0.161,-0.347,-0.211,0.249,-0.661,0.134,0.283,0.563,0.364,-0.185,-0.408,0.453,0.771,0.353,-0.205,-0.143,0.419,0.263,0.797,-0.689,0.413,0.022,0.18,-0.036,0.725,0.356,-0.433,-0.542,0.471,0.23
AMZN,0.312,0.464,-0.291,0.143,0.253,0.195,-0.391,-0.09,-0.262,0.0,-0.035,0.272,0.146,0.466,0.234,0.02,0.003,-0.021,0.074,0.308,-0.13,0.033,0.241,-0.273,0.255,0.118,0.083,0.506,-0.274,-0.153,-0.324,0.342,-0.164,0.437,0.205,0.238,-0.262,-0.214,0.666,0.038,0.038,-0.127,0.014,0.039,0.436,-0.082,-0.045,0.074,0.305,-0.004,-0.359,0.043,0.051,0.266,0.425,-0.043,0.402,0.114,-0.24,-0.037,-0.356,-0.233,0.176,0.586,0.385,0.423,0.282,-0.039,0.332,0.241,0.191,0.291,-0.035,-0.515,-0.246,-0.357,0.249,0.163,0.065,-0.618,0.233,-0.01,0.029,-0.157,-0.288,-0.221,-0.113,-0.265,0.214,0.583,-0.25,-0.231,-0.035,0.113,0.223,0.299,-0.183,-0.194,-0.143,-0.253,-0.208,0.335,0.029,0.201,0.119,-0.061,-0.08,0.218,0.335,0.417,0.41,-0.364,0.202,0.283,-0.227,0.155,-0.282,-0.313,0.57,0.051,0.322,-0.188,0.306,-0.061,0.272,-0.192,0.277,0.251,0.637,0.319,0.263,0.232,0.277,0.459,0.493,0.461,0.254,0.173,0.246,0.27,0.167,-0.222,0.074,-0.086,0.693,0.399,0.224,0.024,0.321,0.207,0.503,0.29,-0.016,-0.046,-0.378,0.127,-0.107,-0.247,0.017,0.295,0.191,0.267,0.064,0.336,-0.439,0.234,0.05,0.332,0.279,0.176,0.105,0.467,0.209,-0.133,0.352,0.392,0.031,-0.312,0.096,0.176,0.25,-0.172,-0.234,0.269,-0.158,0.22,-0.41,0.074,0.016,0.358,0.308,-0.133,-0.353,0.037,-0.28,-0.206,0.462,0.124,-0.106,0.12
ANIP,-0.471,0.493,-0.382,0.449,0.651,0.515,0.33,0.15,0.133,-0.035,0.0,0.576,0.499,0.397,0.474,0.206,-0.009,0.27,0.664,0.489,-0.013,0.086,0.51,-0.045,0.574,0.652,0.426,0.404,0.006,-0.066,0.58,0.494,-0.282,0.424,0.407,0.531,-0.461,-0.383,0.043,0.25,0.097,0.43,0.543,0.317,0.298,0.033,0.702,0.58,0.504,0.595,-0.344,0.373,0.468,0.665,0.596,0.632,0.432,0.524,-0.057,0.207,0.423,0.537,0.617,0.485,0.477,0.524,-0.174,0.341,0.522,0.668,0.561,0.658,0.216,-0.117,0.488,-0.29,0.66,0.577,0.71,-0.225,0.607,-0.167,0.652,0.014,-0.324,0.398,-0.555,-0.298,0.385,0.404,-0.409,0.044,0.599,0.271,0.678,0.513,0.335,-0.298,-0.495,0.176,0.499,0.433,0.63,0.264,0.284,-0.484,0.117,0.48,0.642,0.469,0.4,-0.181,0.336,0.532,0.011,0.304,-0.182,-0.129,-0.101,0.499,0.546,-0.378,0.626,0.628,0.619,0.108,0.421,0.524,0.352,0.533,0.532,0.44,0.667,0.34,0.579,-0.026,0.637,0.628,0.518,0.363,0.601,-0.249,0.658,0.613,-0.053,0.244,0.005,0.243,0.656,0.118,0.542,0.28,0.814,0.58,-0.064,0.125,-0.469,-0.242,0.525,0.668,0.567,0.544,-0.32,0.583,0.588,0.595,0.503,0.666,0.588,0.634,0.542,0.319,0.545,0.139,0.327,0.303,0.544,0.133,-0.051,0.569,0.532,0.506,-0.017,0.569,0.443,0.612,-0.109,0.661,0.004,0.204,0.402,0.117,-0.309,0.678,-0.212,0.409,0.293,0.436,0.545,0.438
AOSL,-0.491,0.891,-0.629,0.857,0.893,0.582,-0.175,-0.112,-0.304,0.272,0.576,0.0,0.685,0.858,0.541,0.269,-0.118,-0.075,0.898,0.864,-0.422,-0.368,0.919,-0.615,0.926,0.767,0.669,0.398,-0.324,-0.199,0.549,0.845,-0.611,0.686,-0.011,0.702,-0.838,-0.827,0.505,0.031,0.05,0.29,0.337,0.088,0.681,-0.147,0.85,0.615,0.779,0.809,-0.896,0.339,0.787,0.935,0.946,0.544,0.934,0.328,-0.352,-0.094,0.528,0.204,0.572,0.766,0.947,0.928,-0.323,0.496,0.701,0.927,0.913,0.941,0.201,-0.581,0.478,-0.67,0.963,0.876,0.769,-0.484,0.97,-0.369,0.633,-0.411,-0.749,0.575,-0.555,-0.708,0.86,0.905,-0.904,0.07,0.55,0.1,0.711,0.871,0.061,-0.683,-0.712,-0.017,0.664,0.29,0.899,0.692,0.13,-0.847,-0.297,0.638,0.834,0.879,0.549,-0.591,0.313,0.851,-0.225,0.682,-0.708,-0.579,0.458,0.571,0.832,-0.797,0.839,0.535,0.878,0.061,0.887,0.693,0.686,0.938,0.935,0.503,0.884,0.782,0.553,0.634,0.554,0.86,0.88,0.781,0.915,-0.468,0.819,0.734,-0.083,0.764,-0.274,0.089,0.932,0.141,0.751,0.498,0.739,0.534,-0.629,-0.25,-0.786,-0.744,0.812,0.933,0.888,0.845,-0.666,0.933,0.355,0.802,0.622,0.805,0.945,0.838,0.713,0.736,0.892,0.19,0.701,0.05,0.386,-0.302,-0.511,0.839,0.945,0.411,-0.482,0.659,0.58,0.894,-0.105,0.718,-0.38,0.629,0.434,0.059,-0.807,0.881,-0.714,0.209,0.829,0.742,0.39,0.704
APDN,-0.425,0.657,-0.592,0.583,0.686,0.282,0.01,0.015,-0.078,0.146,0.499,0.685,0.0,0.633,0.559,0.542,-0.206,0.09,0.691,0.634,-0.093,-0.012,0.701,-0.399,0.661,0.666,0.34,0.403,-0.382,-0.438,0.442,0.532,-0.494,0.546,0.202,0.353,-0.638,-0.513,0.122,0.36,-0.011,0.182,0.444,0.072,0.294,-0.084,0.694,0.546,0.481,0.706,-0.552,0.403,0.418,0.68,0.658,0.588,0.587,0.491,-0.157,0.046,0.247,0.381,0.509,0.629,0.604,0.724,-0.278,0.34,0.466,0.674,0.636,0.597,0.204,-0.292,0.255,-0.403,0.694,0.543,0.689,-0.453,0.633,-0.37,0.506,-0.166,-0.603,0.464,-0.586,-0.528,0.556,0.572,-0.536,-0.123,0.5,0.208,0.672,0.633,0.095,-0.369,-0.421,-0.116,0.276,0.138,0.661,0.314,0.232,-0.621,-0.028,0.572,0.643,0.563,0.474,-0.4,0.215,0.641,-0.107,0.52,-0.35,-0.414,0.195,0.488,0.687,-0.658,0.584,0.366,0.66,-0.048,0.532,0.693,0.603,0.634,0.671,0.207,0.679,0.434,0.595,0.281,0.58,0.583,0.717,0.511,0.701,-0.339,0.714,0.452,0.073,0.423,0.128,0.117,0.633,0.188,0.566,0.611,0.6,0.386,-0.301,-0.111,-0.514,-0.477,0.42,0.687,0.558,0.636,-0.379,0.679,0.293,0.68,0.44,0.67,0.668,0.53,0.634,0.478,0.74,-0.099,0.471,0.088,0.464,-0.158,-0.284,0.481,0.676,0.295,-0.317,0.524,0.33,0.704,-0.234,0.61,-0.069,0.525,0.529,-0.212,-0.56,0.661,-0.407,0.23,0.533,0.518,0.243,0.513
APLT,-0.301,0.818,-0.748,0.804,0.789,0.384,-0.204,0.067,-0.524,0.466,0.397,0.858,0.633,0.0,0.677,0.502,-0.366,0.126,0.73,0.924,-0.557,-0.397,0.909,-0.666,0.789,0.654,0.481,0.487,-0.434,-0.222,0.181,0.592,-0.524,0.827,0.064,0.554,-0.823,-0.77,0.632,-0.111,-0.221,-0.093,0.094,-0.218,0.775,-0.314,0.691,0.382,0.821,0.594,-0.829,0.565,0.503,0.735,0.842,0.404,0.835,0.211,-0.538,-0.317,0.424,-0.031,0.292,0.878,0.834,0.94,-0.197,0.322,0.605,0.785,0.72,0.75,0.071,-0.557,0.128,-0.785,0.79,0.631,0.531,-0.777,0.771,-0.461,0.359,-0.466,-0.698,0.521,-0.481,-0.625,0.731,0.922,-0.773,0.114,0.359,0.043,0.616,0.792,-0.216,-0.717,-0.588,-0.369,0.418,0.334,0.78,0.778,-0.108,-0.587,-0.464,0.803,0.656,0.885,0.664,-0.743,0.375,0.878,-0.125,0.809,-0.703,-0.547,0.612,0.389,0.611,-0.731,0.637,0.186,0.851,-0.239,0.702,0.618,0.801,0.739,0.874,0.319,0.672,0.625,0.602,0.676,0.423,0.686,0.78,0.887,0.802,-0.436,0.604,0.405,0.26,0.677,-0.074,-0.191,0.753,0.356,0.826,0.769,0.52,0.213,-0.721,-0.392,-0.618,-0.68,0.531,0.808,0.834,0.586,-0.636,0.846,-0.003,0.715,0.654,0.678,0.912,0.591,0.559,0.784,0.825,-0.111,0.886,0.066,0.298,-0.445,-0.415,0.598,0.886,0.151,-0.617,0.476,0.404,0.827,-0.433,0.436,-0.416,0.837,0.371,-0.17,-0.619,0.652,-0.775,-0.012,0.79,0.712,0.077,0.38
APVO,-0.454,0.65,-0.722,0.459,0.691,0.132,0.343,0.157,-0.075,0.234,0.474,0.541,0.559,0.677,0.0,0.69,-0.265,0.533,0.54,0.745,-0.139,0.052,0.624,-0.304,0.583,0.753,0.182,0.357,-0.176,-0.464,0.212,0.313,-0.478,0.508,0.357,0.343,-0.482,-0.397,0.253,0.092,-0.066,-0.01,0.411,-0.227,0.355,-0.305,0.657,0.475,0.528,0.593,-0.41,0.704,0.165,0.483,0.619,0.751,0.435,0.474,-0.033,0.157,0.437,0.225,0.26,0.708,0.465,0.662,-0.231,0.123,0.165,0.617,0.481,0.456,0.46,-0.241,0.069,-0.326,0.527,0.257,0.564,-0.545,0.485,-0.389,0.479,0.005,-0.443,0.379,-0.683,-0.404,0.35,0.513,-0.381,-0.244,0.494,0.455,0.803,0.696,-0.035,-0.353,-0.34,-0.249,0.151,0.132,0.623,0.368,0.171,-0.363,-0.102,0.731,0.527,0.572,0.46,-0.396,0.471,0.608,0.251,0.487,-0.32,-0.318,0.379,0.501,0.48,-0.605,0.411,0.15,0.65,-0.212,0.419,0.707,0.609,0.444,0.666,0.12,0.503,0.317,0.66,0.08,0.59,0.418,0.718,0.517,0.677,-0.274,0.581,0.254,0.26,0.49,0.299,-0.185,0.509,0.713,0.717,0.696,0.558,0.25,-0.274,-0.032,-0.403,-0.371,0.168,0.577,0.479,0.489,-0.424,0.685,0.119,0.802,0.402,0.673,0.621,0.329,0.705,0.551,0.762,-0.297,0.615,0.042,0.38,-0.203,-0.225,0.192,0.567,0.213,-0.288,0.553,0.137,0.762,-0.406,0.395,0.093,0.532,0.562,-0.543,-0.382,0.555,-0.346,-0.054,0.38,0.267,0.054,0.3
ARGX,-0.217,0.293,-0.605,0.322,0.332,-0.04,0.261,0.226,-0.186,0.02,0.206,0.269,0.542,0.502,0.69,0.0,-0.514,0.391,0.295,0.504,-0.185,-0.016,0.477,-0.29,0.279,0.442,-0.131,0.178,-0.392,-0.404,0.002,-0.068,-0.223,0.424,0.283,0.041,-0.346,-0.196,-0.016,0.095,-0.283,-0.338,0.134,-0.441,0.136,-0.318,0.418,0.204,0.291,0.347,-0.218,0.676,-0.082,0.142,0.261,0.439,0.151,0.266,-0.188,-0.149,0.23,0.205,-0.041,0.441,0.205,0.447,-0.141,0.148,0.049,0.255,0.179,0.092,0.176,0.061,-0.187,-0.283,0.221,-0.027,0.265,-0.489,0.128,-0.412,0.076,-0.099,-0.302,0.462,-0.377,-0.188,0.136,0.247,-0.149,-0.096,0.196,0.143,0.436,0.281,-0.216,-0.215,-0.027,-0.505,-0.06,-0.058,0.363,0.253,-0.05,-0.159,-0.138,0.613,0.143,0.288,0.312,-0.298,0.218,0.414,0.235,0.514,-0.13,-0.141,0.184,0.201,0.205,-0.451,0.038,-0.169,0.467,-0.372,0.031,0.449,0.445,0.117,0.384,-0.242,0.15,-0.097,0.443,0.073,0.263,0.109,0.443,0.451,0.387,-0.142,0.312,-0.038,0.284,0.156,0.371,-0.277,0.138,0.555,0.382,0.793,0.216,-0.026,-0.179,-0.286,-0.115,-0.175,-0.064,0.26,0.242,0.112,-0.312,0.298,-0.134,0.455,0.317,0.302,0.374,-0.008,0.372,0.32,0.499,-0.523,0.484,0.003,0.324,-0.262,-0.201,-0.045,0.358,-0.003,-0.309,0.207,0.077,0.435,-0.435,0.083,0.013,0.539,0.382,-0.56,-0.059,0.222,-0.285,-0.129,0.179,0.252,-0.216,-0.075
ARLP,0.268,0.088,0.623,-0.459,-0.024,0.172,0.119,-0.513,0.488,0.003,-0.009,-0.118,-0.206,-0.366,-0.265,-0.514,0.0,-0.136,-0.265,-0.405,0.625,0.511,-0.388,0.601,-0.199,-0.025,0.169,0.008,0.657,0.143,0.383,0.34,0.345,-0.484,0.23,0.336,0.56,0.462,0.194,0.357,0.791,0.678,0.421,0.686,-0.165,0.317,-0.268,0.366,-0.406,-0.217,0.224,-0.56,0.279,0.024,0.03,0.123,-0.131,0.315,0.601,0.609,-0.285,0.41,0.403,-0.282,-0.015,-0.268,0.45,0.173,-0.032,-0.013,-0.143,0.094,0.468,0.128,0.493,0.573,-0.11,0.068,0.051,0.565,-0.038,0.805,0.338,0.612,0.443,-0.295,0.255,0.4,-0.313,-0.162,0.255,-0.283,0.299,0.27,-0.104,-0.058,0.766,0.57,0.324,0.771,0.162,0.171,-0.212,-0.582,0.546,-0.045,0.631,-0.591,0.048,-0.137,-0.252,0.68,0.159,-0.495,-0.165,-0.698,0.471,0.43,-0.127,0.361,0.205,0.347,0.217,0.53,-0.25,0.809,0.047,-0.025,-0.083,0.109,-0.212,0.559,0.127,0.341,-0.231,-0.222,0.23,0.033,-0.22,-0.55,-0.16,0.211,-0.114,0.423,-0.125,0.062,0.27,0.588,0.12,-0.088,-0.049,-0.609,0.069,0.496,0.529,0.661,0.313,0.473,0.27,-0.019,-0.226,0.254,0.593,-0.122,0.411,-0.09,-0.197,0.003,-0.329,0.244,-0.05,-0.264,-0.283,0.781,-0.606,0.143,0.234,0.698,0.361,0.13,-0.305,0.433,0.715,0.271,0.028,-0.218,0.574,0.406,0.547,-0.681,0.278,0.353,-0.177,-0.095,0.608,0.226,-0.304,-0.517,0.604,0.307
ATEX,-0.03,0.026,-0.209,-0.059,0.124,-0.083,0.507,0.365,0.059,-0.021,0.27,-0.075,0.09,0.126,0.533,0.391,-0.136,0.0,-0.032,0.162,0.047,0.289,0.028,0.228,-0.027,0.208,-0.146,0.292,0.076,-0.084,-0.043,-0.227,0.164,0.22,0.538,0.0,0.044,0.134,0.006,0.065,-0.16,-0.185,0.153,-0.179,-0.017,-0.066,0.128,0.128,0.075,-0.016,0.185,0.519,-0.257,-0.044,0.034,0.347,-0.181,0.294,0.105,0.137,0.151,0.204,-0.056,0.263,-0.122,0.042,0.045,-0.108,-0.133,0.108,-0.173,-0.052,0.218,0.158,-0.1,0.046,-0.071,-0.194,0.071,-0.257,-0.125,-0.052,0.102,0.334,0.115,0.026,-0.238,0.263,-0.261,-0.108,0.22,0.046,0.15,0.186,0.29,0.073,0.017,0.087,0.143,-0.21,-0.085,0.139,0.061,-0.016,0.051,0.26,0.102,0.451,0.064,0.062,0.307,0.02,0.356,0.03,0.434,0.087,0.217,0.219,-0.173,0.104,-0.053,-0.041,-0.057,-0.081,0.202,-0.135,-0.255,0.131,0.18,-0.169,0.034,-0.046,-0.036,-0.223,0.253,-0.333,0.224,-0.026,0.09,0.05,0.061,-0.037,0.001,-0.098,0.343,-0.09,0.464,-0.177,0.001,0.618,0.377,0.377,0.24,0.044,0.193,0.164,0.128,0.228,-0.226,0.03,0.013,-0.11,0.056,0.064,0.031,0.178,0.12,0.217,0.084,-0.122,0.05,0.058,0.13,-0.284,0.177,0.257,0.397,0.169,0.19,-0.192,-0.01,0.198,0.076,0.148,0.079,0.14,-0.403,0.05,0.289,0.114,0.209,-0.297,0.206,0.025,0.133,-0.007,-0.212,-0.089,-0.051,-0.188
ATRA,-0.701,0.742,-0.678,0.851,0.846,0.459,-0.018,0.107,-0.178,0.074,0.664,0.898,0.691,0.73,0.54,0.295,-0.265,-0.032,0.0,0.804,-0.349,-0.299,0.871,-0.591,0.919,0.786,0.552,0.31,-0.346,-0.334,0.52,0.705,-0.724,0.622,-0.056,0.522,-0.864,-0.836,0.184,0.062,-0.071,0.321,0.376,0.068,0.541,-0.179,0.94,0.501,0.722,0.903,-0.759,0.408,0.687,0.903,0.809,0.629,0.817,0.316,-0.323,-0.065,0.644,0.213,0.552,0.667,0.744,0.84,-0.563,0.307,0.613,0.878,0.924,0.847,0.117,-0.467,0.432,-0.632,0.929,0.788,0.83,-0.406,0.908,-0.557,0.655,-0.453,-0.791,0.572,-0.7,-0.802,0.868,0.748,-0.835,0.062,0.511,0.156,0.786,0.806,0.014,-0.686,-0.799,-0.038,0.562,0.17,0.921,0.643,0.11,-0.784,-0.273,0.646,0.791,0.688,0.475,-0.618,0.214,0.888,-0.188,0.673,-0.689,-0.61,0.293,0.462,0.701,-0.755,0.737,0.518,0.786,-0.043,0.835,0.694,0.49,0.828,0.876,0.329,0.854,0.607,0.6,0.423,0.567,0.808,0.835,0.697,0.914,-0.525,0.893,0.653,-0.213,0.582,-0.338,0.082,0.818,0.053,0.606,0.465,0.823,0.41,-0.55,-0.252,-0.855,-0.77,0.689,0.866,0.822,0.767,-0.737,0.877,0.418,0.805,0.574,0.748,0.897,0.775,0.785,0.599,0.859,0.035,0.667,0.001,0.282,-0.334,-0.459,0.713,0.871,0.31,-0.516,0.595,0.496,0.873,-0.139,0.649,-0.384,0.598,0.367,-0.029,-0.692,0.923,-0.675,0.321,0.721,0.776,0.351,0.663
AUTL,-0.539,0.783,-0.835,0.884,0.832,0.401,-0.045,0.128,-0.498,0.308,0.489,0.864,0.634,0.924,0.745,0.504,-0.405,0.162,0.804,0.0,-0.592,-0.453,0.943,-0.706,0.876,0.766,0.481,0.369,-0.422,-0.261,0.257,0.552,-0.609,0.731,-0.021,0.481,-0.859,-0.84,0.488,-0.195,-0.249,-0.067,0.157,-0.282,0.682,-0.399,0.834,0.405,0.828,0.71,-0.807,0.644,0.481,0.743,0.83,0.53,0.816,0.155,-0.451,-0.22,0.635,-0.033,0.276,0.812,0.821,0.898,-0.371,0.268,0.528,0.811,0.79,0.737,0.171,-0.523,0.206,-0.748,0.82,0.61,0.605,-0.697,0.817,-0.569,0.421,-0.478,-0.751,0.623,-0.604,-0.68,0.787,0.851,-0.827,0.097,0.362,0.084,0.718,0.852,-0.245,-0.807,-0.701,-0.323,0.473,0.27,0.879,0.814,-0.103,-0.668,-0.489,0.834,0.647,0.895,0.582,-0.756,0.26,0.909,-0.033,0.852,-0.764,-0.639,0.528,0.385,0.597,-0.811,0.594,0.193,0.865,-0.29,0.727,0.623,0.682,0.711,0.933,0.264,0.672,0.571,0.592,0.542,0.451,0.708,0.824,0.865,0.861,-0.397,0.695,0.427,0.083,0.681,-0.206,-0.286,0.739,0.408,0.758,0.734,0.612,0.256,-0.744,-0.419,-0.747,-0.767,0.518,0.78,0.857,0.615,-0.788,0.89,0.112,0.821,0.614,0.704,0.928,0.567,0.674,0.805,0.911,-0.166,0.905,-0.024,0.22,-0.475,-0.507,0.572,0.91,0.128,-0.668,0.472,0.432,0.904,-0.369,0.432,-0.439,0.829,0.313,-0.265,-0.628,0.77,-0.786,-0.048,0.781,0.731,0.064,0.443
AVDL,0.182,-0.175,0.506,-0.686,-0.171,-0.091,0.451,-0.338,0.855,-0.13,-0.013,-0.422,-0.093,-0.557,-0.139,-0.185,0.625,0.047,-0.349,-0.592,0.0,0.888,-0.568,0.767,-0.384,-0.039,-0.247,0.011,0.542,-0.247,0.224,-0.02,0.242,-0.548,0.504,0.004,0.652,0.717,-0.344,0.669,0.649,0.57,0.597,0.609,-0.591,0.29,-0.333,0.268,-0.621,-0.173,0.577,-0.401,-0.175,-0.209,-0.285,0.234,-0.494,0.519,0.785,0.751,-0.439,0.579,0.303,-0.356,-0.456,-0.417,0.358,-0.016,-0.293,-0.229,-0.375,-0.247,0.388,0.335,0.192,0.758,-0.325,-0.329,0.07,0.542,-0.356,0.591,0.261,0.777,0.525,-0.487,0.034,0.388,-0.573,-0.479,0.617,-0.532,0.334,0.53,-0.011,-0.299,0.706,0.811,0.466,0.625,-0.289,-0.137,-0.386,-0.883,0.705,0.227,0.84,-0.567,-0.06,-0.552,-0.324,0.782,0.142,-0.582,0.068,-0.797,0.777,0.526,-0.394,0.223,0.024,0.424,-0.06,0.351,-0.442,0.472,-0.311,0.096,-0.147,-0.178,-0.44,0.074,-0.054,-0.151,-0.016,-0.677,0.366,-0.295,-0.276,-0.753,-0.266,0.256,-0.052,0.067,-0.002,-0.25,0.549,0.657,-0.195,0.004,-0.251,-0.501,-0.018,0.251,0.822,0.797,0.501,0.635,-0.179,-0.198,-0.571,0.033,0.728,-0.309,0.32,-0.112,-0.303,-0.043,-0.523,-0.041,0.006,-0.434,-0.38,0.281,-0.76,0.178,0.261,0.634,0.548,-0.258,-0.516,0.288,0.823,0.237,-0.312,-0.294,0.338,0.223,0.887,-0.727,0.403,-0.073,0.174,-0.212,0.862,0.283,-0.529,-0.671,0.424,0.101
BCRX,0.245,-0.088,0.356,-0.602,-0.06,-0.027,0.52,-0.119,0.796,0.033,0.086,-0.368,-0.012,-0.397,0.052,-0.016,0.511,0.289,-0.299,-0.453,0.888,0.0,-0.464,0.743,-0.322,0.069,-0.257,0.202,0.501,-0.258,0.158,-0.042,0.257,-0.342,0.65,0.04,0.574,0.669,-0.236,0.7,0.542,0.465,0.619,0.543,-0.406,0.318,-0.248,0.283,-0.515,-0.164,0.57,-0.126,-0.201,-0.161,-0.185,0.337,-0.45,0.644,0.673,0.699,-0.41,0.588,0.328,-0.134,-0.418,-0.289,0.414,-0.105,-0.26,-0.154,-0.338,-0.179,0.408,0.317,0.112,0.629,-0.265,-0.3,0.167,0.317,-0.33,0.502,0.274,0.763,0.479,-0.437,-0.041,0.377,-0.558,-0.386,0.618,-0.448,0.31,0.564,0.114,-0.243,0.657,0.777,0.458,0.42,-0.361,0.013,-0.317,-0.787,0.667,0.305,0.853,-0.336,0.002,-0.451,-0.13,0.667,0.298,-0.44,0.103,-0.686,0.741,0.542,-0.376,0.251,0.032,0.393,-0.004,0.333,-0.287,0.397,-0.324,0.165,0.035,-0.175,-0.353,0.144,0.006,-0.129,0.174,-0.684,0.464,-0.212,-0.197,-0.618,-0.195,0.21,-0.006,0.014,0.248,-0.24,0.677,0.604,-0.127,0.151,-0.033,-0.261,0.06,0.255,0.805,0.839,0.5,0.636,-0.23,-0.122,-0.448,0.049,0.725,-0.233,0.249,0.003,-0.204,0.087,-0.416,-0.019,0.061,-0.33,-0.262,0.141,-0.578,0.384,0.405,0.652,0.625,-0.274,-0.462,0.285,0.763,0.347,-0.278,-0.191,0.093,0.237,0.903,-0.574,0.532,-0.116,0.215,-0.162,0.779,0.294,-0.508,-0.589,0.386,0.039
BHAT,-0.522,0.776,-0.773,0.925,0.844,0.479,-0.116,0.07,-0.46,0.241,0.51,0.919,0.701,0.909,0.624,0.477,-0.388,0.028,0.871,0.943,-0.568,-0.464,0.0,-0.704,0.906,0.748,0.545,0.357,-0.445,-0.255,0.35,0.629,-0.605,0.735,-0.066,0.546,-0.897,-0.858,0.419,-0.102,-0.188,0.024,0.189,-0.164,0.67,-0.271,0.862,0.45,0.79,0.774,-0.849,0.545,0.612,0.806,0.839,0.507,0.85,0.193,-0.475,-0.269,0.613,0.055,0.357,0.772,0.851,0.919,-0.377,0.398,0.627,0.828,0.847,0.8,0.099,-0.514,0.286,-0.761,0.884,0.718,0.672,-0.617,0.867,-0.536,0.455,-0.528,-0.763,0.671,-0.567,-0.709,0.837,0.856,-0.866,0.156,0.379,0.007,0.685,0.804,-0.161,-0.779,-0.71,-0.253,0.549,0.245,0.904,0.803,-0.053,-0.75,-0.439,0.779,0.692,0.867,0.565,-0.722,0.238,0.916,-0.123,0.858,-0.753,-0.593,0.464,0.403,0.67,-0.818,0.654,0.3,0.905,-0.199,0.759,0.636,0.668,0.785,0.924,0.291,0.738,0.589,0.563,0.597,0.449,0.753,0.839,0.9,0.871,-0.4,0.755,0.526,-0.026,0.673,-0.281,-0.14,0.782,0.234,0.7,0.7,0.644,0.328,-0.72,-0.448,-0.76,-0.775,0.625,0.836,0.887,0.664,-0.782,0.88,0.187,0.778,0.67,0.713,0.948,0.666,0.66,0.778,0.9,-0.065,0.85,0.02,0.279,-0.435,-0.565,0.688,0.949,0.215,-0.642,0.505,0.537,0.896,-0.274,0.52,-0.475,0.809,0.327,-0.12,-0.647,0.815,-0.805,0.1,0.812,0.814,0.171,0.518
BLBD,0.431,-0.449,0.726,-0.766,-0.385,-0.032,0.546,-0.133,0.657,-0.273,-0.045,-0.615,-0.399,-0.666,-0.304,-0.29,0.601,0.228,-0.591,-0.706,0.767,0.743,-0.704,0.0,-0.651,-0.266,-0.185,-0.051,0.71,0.255,0.079,-0.293,0.705,-0.548,0.508,-0.011,0.801,0.862,-0.282,0.395,0.473,0.365,0.285,0.518,-0.487,0.374,-0.512,0.055,-0.656,-0.524,0.767,-0.342,-0.238,-0.462,-0.481,-0.03,-0.701,0.251,0.592,0.475,-0.413,0.468,0.103,-0.528,-0.598,-0.646,0.618,-0.102,-0.267,-0.438,-0.641,-0.379,0.196,0.65,0.194,0.724,-0.543,-0.462,-0.22,0.585,-0.57,0.788,-0.001,0.78,0.845,-0.376,0.404,0.806,-0.812,-0.658,0.791,-0.075,0.065,0.116,-0.324,-0.571,0.656,0.836,0.637,0.556,-0.141,0.156,-0.518,-0.806,0.344,0.485,0.764,-0.568,-0.328,-0.574,-0.373,0.878,0.156,-0.731,0.186,-0.777,0.914,0.844,-0.615,0.005,-0.296,0.739,-0.25,0.223,-0.486,0.472,-0.612,-0.324,-0.325,-0.447,-0.635,0.163,-0.343,-0.367,-0.294,-0.698,0.075,-0.358,-0.59,-0.727,-0.523,0.524,-0.408,-0.016,0.048,-0.529,0.515,0.478,-0.366,-0.003,-0.32,-0.505,-0.158,0.176,0.914,0.667,0.759,0.915,-0.212,-0.417,-0.535,-0.324,0.791,-0.583,0.269,-0.415,-0.165,-0.302,-0.665,-0.185,-0.407,-0.62,-0.618,0.376,-0.759,0.353,0.274,0.813,0.649,-0.281,-0.667,0.283,0.894,-0.05,-0.146,-0.513,0.323,-0.006,0.713,-0.789,0.076,0.21,0.533,-0.446,0.92,0.274,-0.785,-0.65,0.408,-0.277
BMRN,-0.668,0.83,-0.722,0.883,0.896,0.506,-0.06,-0.046,-0.235,0.255,0.574,0.926,0.661,0.789,0.583,0.279,-0.199,-0.027,0.919,0.876,-0.384,-0.322,0.906,-0.651,0.0,0.827,0.531,0.31,-0.336,-0.342,0.462,0.762,-0.735,0.586,-0.05,0.591,-0.846,-0.836,0.368,-0.015,0.047,0.269,0.399,0.019,0.549,-0.268,0.889,0.575,0.746,0.884,-0.829,0.363,0.661,0.89,0.881,0.632,0.862,0.274,-0.241,0.024,0.632,0.122,0.489,0.735,0.848,0.884,-0.453,0.365,0.577,0.9,0.937,0.847,0.25,-0.597,0.401,-0.603,0.941,0.754,0.786,-0.443,0.939,-0.483,0.628,-0.394,-0.783,0.542,-0.708,-0.794,0.867,0.842,-0.894,-0.021,0.507,0.228,0.822,0.888,-0.011,-0.71,-0.786,-0.018,0.553,0.191,0.906,0.676,0.192,-0.835,-0.272,0.616,0.819,0.795,0.459,-0.62,0.242,0.874,-0.115,0.683,-0.737,-0.665,0.455,0.522,0.77,-0.813,0.733,0.462,0.835,-0.068,0.868,0.749,0.61,0.864,0.94,0.332,0.83,0.683,0.644,0.484,0.596,0.767,0.885,0.731,0.924,-0.477,0.881,0.614,-0.148,0.774,-0.32,0.025,0.834,0.221,0.663,0.475,0.739,0.448,-0.651,-0.226,-0.853,-0.809,0.67,0.865,0.806,0.812,-0.749,0.942,0.353,0.875,0.531,0.812,0.918,0.747,0.801,0.759,0.913,0.037,0.71,0.01,0.222,-0.401,-0.54,0.724,0.921,0.309,-0.523,0.665,0.485,0.927,-0.113,0.632,-0.317,0.632,0.405,-0.128,-0.776,0.913,-0.703,0.135,0.814,0.722,0.303,0.74
BNGO,-0.644,0.795,-0.599,0.65,0.91,0.498,0.367,-0.064,0.068,0.118,0.652,0.767,0.666,0.654,0.753,0.442,-0.025,0.208,0.786,0.766,-0.039,0.069,0.748,-0.266,0.827,0.0,0.477,0.287,-0.052,-0.424,0.584,0.66,-0.545,0.422,0.267,0.639,-0.57,-0.516,0.265,0.195,0.235,0.416,0.679,0.126,0.362,-0.256,0.859,0.749,0.525,0.81,-0.536,0.449,0.563,0.764,0.792,0.891,0.617,0.521,0.07,0.314,0.611,0.439,0.567,0.634,0.67,0.745,-0.253,0.328,0.426,0.836,0.75,0.748,0.563,-0.282,0.517,-0.306,0.796,0.542,0.852,-0.298,0.771,-0.244,0.738,-0.008,-0.494,0.559,-0.709,-0.512,0.562,0.634,-0.598,-0.168,0.67,0.422,0.884,0.806,0.288,-0.394,-0.531,0.153,0.49,0.212,0.857,0.366,0.397,-0.737,0.076,0.54,0.735,0.659,0.339,-0.279,0.386,0.685,0.042,0.46,-0.361,-0.343,0.231,0.678,0.747,-0.657,0.683,0.577,0.778,0.078,0.672,0.813,0.63,0.748,0.854,0.4,0.775,0.545,0.654,0.113,0.801,0.682,0.819,0.513,0.887,-0.253,0.871,0.664,-0.103,0.653,0.051,0.138,0.759,0.483,0.657,0.472,0.806,0.584,-0.262,0.036,-0.591,-0.459,0.592,0.789,0.665,0.786,-0.524,0.841,0.526,0.956,0.562,0.828,0.755,0.707,0.852,0.628,0.864,0.102,0.523,0.101,0.44,-0.055,-0.335,0.585,0.751,0.447,-0.175,0.784,0.45,0.915,-0.043,0.715,0.074,0.405,0.627,-0.291,-0.613,0.867,-0.334,0.192,0.511,0.45,0.482,0.662
BUSE,-0.251,0.577,-0.13,0.543,0.633,0.569,-0.146,-0.09,-0.173,0.083,0.426,0.669,0.34,0.481,0.182,-0.131,0.169,-0.146,0.552,0.481,-0.247,-0.257,0.545,-0.185,0.531,0.477,0.0,0.303,0.068,0.165,0.481,0.685,-0.166,0.434,-0.035,0.649,-0.481,-0.479,0.44,0.014,0.146,0.422,0.241,0.329,0.518,0.158,0.522,0.451,0.535,0.4,-0.519,0.039,0.683,0.673,0.613,0.268,0.606,0.188,-0.233,-0.031,0.322,0.164,0.57,0.382,0.654,0.516,0.004,0.429,0.674,0.613,0.568,0.755,0.104,-0.309,0.619,-0.409,0.669,0.687,0.519,-0.165,0.696,0.041,0.505,-0.173,-0.261,0.372,-0.14,-0.256,0.541,0.574,-0.574,0.273,0.402,-0.12,0.297,0.553,0.324,-0.436,-0.481,0.278,0.709,0.492,0.59,0.413,0.076,-0.575,-0.107,0.284,0.557,0.661,0.361,-0.238,0.25,0.481,-0.357,0.319,-0.32,-0.189,0.13,0.393,0.551,-0.323,0.717,0.593,0.558,0.268,0.615,0.283,0.4,0.678,0.559,0.706,0.632,0.656,0.171,0.403,0.36,0.744,0.439,0.462,0.519,-0.056,0.465,0.699,-0.133,0.43,-0.281,0.185,0.7,-0.09,0.473,0.122,0.537,0.56,-0.297,-0.068,-0.451,-0.336,0.734,0.664,0.729,0.573,-0.317,0.6,0.49,0.427,0.613,0.505,0.605,0.717,0.276,0.323,0.472,0.523,0.37,0.089,0.293,0.061,-0.21,0.776,0.582,0.444,-0.107,0.383,0.568,0.556,0.132,0.597,-0.296,0.197,0.16,0.294,-0.514,0.589,-0.349,0.384,0.461,0.489,0.589,0.475
CAKE,0.166,0.439,-0.292,0.183,0.463,0.425,-0.054,0.147,-0.081,0.506,0.404,0.398,0.403,0.487,0.357,0.178,0.008,0.292,0.31,0.369,0.011,0.202,0.357,-0.051,0.31,0.287,0.303,0.0,-0.202,-0.131,0.09,0.427,-0.037,0.644,0.549,0.341,-0.371,-0.242,0.367,0.411,-0.104,0.139,0.289,0.342,0.465,0.14,0.281,0.293,0.41,0.19,-0.276,0.362,0.161,0.526,0.495,0.193,0.402,0.52,-0.298,0.003,-0.184,0.235,0.576,0.699,0.368,0.532,0.238,0.107,0.589,0.479,0.221,0.509,-0.119,-0.488,0.097,-0.474,0.449,0.366,0.423,-0.641,0.395,-0.046,0.37,-0.049,-0.262,-0.188,-0.282,-0.177,0.246,0.49,-0.176,0.015,0.315,0.12,0.387,0.319,0.163,-0.214,-0.278,-0.101,0.092,0.568,0.271,0.178,0.215,-0.042,-0.007,0.523,0.576,0.472,0.86,-0.315,0.37,0.404,-0.245,0.224,-0.068,-0.109,0.07,0.096,0.462,-0.236,0.597,0.382,0.443,-0.057,0.217,0.323,0.59,0.413,0.293,0.483,0.559,0.421,0.596,0.174,0.58,0.5,0.274,0.276,0.328,-0.301,0.328,0.225,0.641,0.093,0.201,0.312,0.563,0.082,0.699,0.345,0.442,0.285,-0.154,0.277,-0.163,-0.116,0.229,0.605,0.427,0.365,0.115,0.451,0.031,0.293,0.408,0.576,0.467,0.483,0.2,0.34,0.288,-0.029,0.313,0.503,0.577,0.046,0.39,0.4,0.353,0.204,-0.107,0.39,0.059,0.381,-0.606,0.478,0.066,0.343,0.397,-0.008,-0.3,0.337,-0.152,0.329,0.299,0.329,0.307,0.177
CASY,0.192,-0.217,0.636,-0.451,-0.112,0.088,0.437,-0.153,0.537,-0.274,0.006,-0.324,-0.382,-0.434,-0.176,-0.392,0.657,0.076,-0.346,-0.422,0.542,0.501,-0.445,0.71,-0.336,-0.052,0.068,-0.202,0.0,0.308,0.269,-0.049,0.382,-0.584,0.205,0.236,0.648,0.562,-0.056,0.181,0.564,0.504,0.252,0.43,-0.149,0.235,-0.26,0.15,-0.346,-0.336,0.527,-0.248,0.049,-0.259,-0.218,0.131,-0.437,0.193,0.576,0.484,0.034,0.302,0.096,-0.443,-0.304,-0.457,0.384,0.0,-0.326,-0.222,-0.293,-0.124,0.447,0.416,0.441,0.629,-0.268,-0.149,-0.068,0.639,-0.242,0.658,0.196,0.61,0.7,-0.18,0.327,0.51,-0.478,-0.401,0.474,0.048,0.162,0.28,-0.175,-0.214,0.618,0.583,0.402,0.667,0.193,0.142,-0.224,-0.488,0.273,0.233,0.556,-0.483,-0.188,-0.305,-0.396,0.681,0.251,-0.469,0.154,-0.634,0.537,0.655,-0.305,0.261,-0.218,0.573,-0.037,0.335,-0.354,0.61,-0.2,-0.199,-0.279,-0.176,-0.295,0.398,-0.149,-0.011,-0.32,-0.51,0.074,-0.091,-0.331,-0.468,-0.257,0.507,-0.215,0.244,-0.228,-0.134,0.181,0.338,-0.133,0.052,-0.193,-0.516,-0.063,0.319,0.654,0.518,0.473,0.605,0.095,-0.209,-0.242,-0.071,0.464,-0.275,0.426,-0.138,0.011,-0.19,-0.401,0.031,-0.107,-0.36,-0.349,0.568,-0.481,0.055,0.096,0.731,0.372,-0.109,-0.423,0.369,0.755,0.099,-0.057,-0.24,0.499,0.088,0.505,-0.646,0.071,0.285,0.304,-0.186,0.65,0.182,-0.513,-0.522,0.486,0.016
CCOI,0.372,-0.337,0.455,-0.121,-0.361,0.164,-0.104,0.166,-0.229,-0.153,-0.066,-0.199,-0.438,-0.222,-0.464,-0.404,0.143,-0.084,-0.334,-0.261,-0.247,-0.258,-0.255,0.255,-0.342,-0.424,0.165,-0.131,0.308,0.0,-0.05,-0.186,0.608,-0.111,-0.039,0.061,0.232,0.148,0.156,-0.368,-0.045,-0.096,-0.413,0.056,0.158,0.32,-0.304,-0.238,0.046,-0.48,0.154,-0.237,0.033,-0.247,-0.196,-0.501,-0.183,-0.38,-0.258,-0.268,-0.039,-0.123,-0.199,-0.251,-0.07,-0.333,0.355,0.039,0.098,-0.262,-0.3,-0.093,-0.233,0.277,0.13,0.001,-0.216,-0.017,-0.393,0.195,-0.175,0.329,-0.303,0.034,0.384,0.056,0.556,0.509,-0.216,-0.169,0.119,0.58,-0.268,-0.571,-0.52,-0.351,-0.027,0.052,0.159,0.118,0.302,0.407,-0.243,0.062,-0.371,0.233,-0.072,-0.205,-0.31,-0.002,-0.146,0.186,-0.065,-0.258,-0.009,-0.123,0.122,0.321,-0.327,-0.223,-0.316,0.488,-0.107,-0.042,-0.149,0.151,-0.278,-0.65,-0.332,-0.237,-0.265,0.26,-0.307,-0.136,-0.415,0.089,-0.45,-0.006,-0.449,-0.052,-0.364,0.3,-0.468,0.015,-0.019,-0.269,-0.169,-0.05,-0.131,-0.278,-0.171,-0.247,-0.2,0.035,0.105,-0.05,0.262,0.307,0.121,-0.275,0.031,-0.397,0.163,-0.376,0.003,-0.464,0.037,-0.321,-0.214,-0.126,-0.591,-0.265,-0.385,0.3,-0.127,0.144,-0.057,0.272,0.153,0.137,-0.208,0.01,0.182,-0.376,0.158,-0.375,0.162,-0.221,-0.267,-0.249,-0.484,0.573,0.294,-0.311,0.075,-0.012,-0.243,0.001,0.074,-0.361
CEVA,-0.379,0.474,-0.015,0.302,0.571,0.516,0.26,-0.334,0.374,-0.324,0.58,0.549,0.442,0.181,0.212,0.002,0.383,-0.043,0.52,0.257,0.224,0.158,0.35,0.079,0.462,0.584,0.481,0.09,0.269,-0.05,0.0,0.654,-0.228,0.04,0.185,0.599,-0.182,-0.197,-0.01,0.403,0.52,0.734,0.659,0.523,0.123,0.27,0.581,0.789,0.178,0.584,-0.3,0.018,0.712,0.596,0.512,0.624,0.367,0.59,0.295,0.418,0.394,0.764,0.646,0.169,0.491,0.339,-0.137,0.62,0.283,0.588,0.523,0.614,0.495,-0.062,0.768,0.064,0.562,0.647,0.724,0.264,0.579,0.124,0.748,0.207,-0.164,0.38,-0.283,-0.196,0.329,0.241,-0.351,-0.024,0.722,0.326,0.448,0.44,0.642,0.003,-0.246,0.563,0.642,0.07,0.555,-0.009,0.522,-0.648,0.32,0.102,0.52,0.306,0.041,0.212,0.263,0.215,-0.067,0.014,-0.028,0.026,-0.164,0.731,0.652,-0.349,0.618,0.81,0.434,0.593,0.499,0.479,0.231,0.607,0.45,0.515,0.649,0.44,0.173,-0.011,0.554,0.569,0.507,0.12,0.566,-0.131,0.659,0.862,-0.464,0.406,-0.075,0.533,0.618,-0.039,0.276,-0.077,0.657,0.846,0.149,0.255,-0.35,-0.137,0.744,0.577,0.384,0.698,-0.158,0.466,0.831,0.518,0.329,0.551,0.375,0.685,0.549,0.238,0.465,0.557,-0.039,0.057,0.609,0.352,-0.218,0.591,0.42,0.767,0.28,0.673,0.578,0.495,0.431,0.8,0.186,-0.102,0.523,0.291,-0.434,0.664,0.023,0.512,0.242,0.189,0.726,0.714
