,AAPL,ACRS,ADP,AFYA,AGNC,AGYS,ALT,AMGN,AMPH,AMZN,ANIP,AOSL,APDN,APLT,APVO,ARGX,ARLP,ATEX,ATRA,AUTL,AVDL,BCRX,BHAT,BLBD,BMRN,BNGO,BUSE,CAKE,CASY,CCOI,CEVA,CHY,CLDX,CLMT,COHU,COLM,COST,CPRT,CSWC,CSX,DBX,DCOM,DKNG,DMLP,DOX,EA,EDIT,ENPH,ENSG,ERNA,ESGR,ETNB,EXTR,FANG,FARO,FATE,FGEN,FIVE,FIVN,FLGT,FOLD,FORM,FOXA,FRPT,FSLR,FTAI,GBDC,GDYN,GGAL,GNLN,GRFS,GT,HCAT,HCM,HFWA,HOLX,HQY,HUBG,IAC,ICLR,IDCC,IEP,IHRT,ILMN,ILPT,IMAB,IMOS,INMD,INTZ,JAZZ,JKHY,JRVR,KIDS,LBRDK,LGND,LMAT,LPLA,LULU,MASI,MAT,MATW,MBIN,MBIO,MCRB,MDB,MDLZ,MELI,MIRM,MLKN,MNMD,MNRO,MPWR,MRCY,MRSN,MTVA,NAAS,NDAQ,NDSN,NEGG,NOVT,NVDA,NWE,NWSA,NXST,OCX,ODFL,OMAB,OPCH,OPRA,ORGO,OTRK,OZK,PAGP,PCH,PEGA,PENG,PENN,PFBC,PGNY,PHAT,PHUN,PINC,PLUG,PLXS,PYPL,QLYS,QNCX,QQQX,QVCGA,RAPT,RBBN,RCKT,REPL,RMBS,ROAD,ROKU,ROP,RUSHA,SANM,SATS,SBCF,SBLK,SBUX,SCHL,SCSC,SDGR,SEIC,SFIX,SGRY,SKYW,SLP,SNES,STAA,STLD,STOK,SWKS,TER,TFIN,TIGO,TILE,TPIC,TTEC,TTEK,TTGT,UXIN,VERU,VLYPP,VNOM,VRNS,VRSN,WDAY,WERN,WINA,WKHS,WRLD,XP,XTKG,YY,ZION,ZM
AAPL,0.0,-0.312,0.362,-0.171,0.248,0.271,0.08,0.158,0.516,0.659,0.15,0.12,-0.013,0.096,0.224,0.301,0.1,0.132,0.051,0.287,-0.191,-0.004,0.057,-0.064,0.506,0.225,0.001,0.176,0.004,0.016,0.201,0.049,0.192,-0.009,0.256,0.067,0.556,0.455,0.191,-0.15,0.2,0.276,0.252,-0.204,0.317,0.31,0.369,0.3,0.324,-0.452,-0.006,-0.247,0.291,-0.166,0.487,0.506,0.295,0.292,0.176,0.416,0.081,0.253,-0.014,0.411,0.286,0.392,0.102,0.316,0.123,-0.09,0.276,-0.296,0.289,0.083,0.205,0.072,-0.039,-0.146,0.478,0.409,0.015,0.04,0.101,0.286,0.302,0.038,0.1,0.319,0.124,0.667,0.545,-0.054,-0.097,0.271,0.197,0.272,0.075,0.412,0.347,-0.215,-0.116,0.01,0.215,0.194,0.388,0.337,0.305,-0.171,-0.047,0.417,-0.042,0.182,0.086,0.088,-0.06,0.155,0.318,0.026,0.355,0.37,0.157,-0.002,0.379,0.149,0.112,-0.065,0.243,0.454,-0.24,-0.155,0.238,0.127,0.199,-0.149,0.719,0.259,0.34,0.234,0.135,0.309,-0.13,0.28,0.166,0.308,0.304,0.518,0.025,0.257,0.137,-0.072,0.273,0.271,-0.063,0.23,0.084,0.347,0.205,-0.035,0.511,-0.379,0.446,0.113,0.181,0.299,0.538,0.158,0.255,0.2,0.109,0.071,-0.132,-0.006,0.086,-0.001,0.122,0.32,0.224,-0.042,0.238,0.152,0.299,0.034,0.484,0.344,0.031,0.121,-0.109,0.006,0.379,0.682,0.544,-0.013,0.537,0.044,0.204,0.068,-0.001,0.112,-0.175,0.364
ACRS,-0.312,0.0,-0.269,-0.39,-0.107,-0.358,-0.308,0.127,-0.045,-0.336,0.03,0.189,-0.419,-0.261,-0.089,-0.31,-0.561,-0.232,-0.088,-0.212,-0.004,-0.209,-0.292,0.077,-0.408,-0.352,-0.075,-0.636,0.471,-0.259,-0.057,-0.083,-0.383,0.093,0.199,0.009,-0.067,0.125,-0.219,0.108,-0.262,0.216,-0.349,-0.07,-0.263,-0.251,-0.419,0.062,-0.178,0.044,-0.005,0.094,0.024,-0.314,-0.368,-0.413,-0.568,-0.362,0.283,-0.531,-0.536,0.315,-0.018,0.004,-0.068,-0.28,-0.066,-0.045,-0.284,-0.318,0.068,0.264,-0.335,-0.151,-0.019,0.224,0.054,0.248,0.132,0.326,-0.241,-0.144,-0.389,-0.291,-0.366,-0.015,-0.252,-0.217,-0.068,-0.403,-0.698,-0.243,-0.38,0.315,-0.031,-0.35,0.503,-0.272,0.218,-0.29,0.014,0.414,-0.28,0.127,-0.321,0.014,0.297,0.166,-0.192,-0.116,-0.021,-0.034,-0.29,-0.385,-0.423,0.185,-0.27,-0.214,0.179,0.038,-0.226,-0.279,-0.036,0.298,-0.047,0.463,-0.365,-0.419,0.441,0.261,-0.722,-0.252,-0.379,0.416,-0.556,0.039,-0.324,-0.189,-0.09,0.029,-0.182,0.046,-0.207,0.381,-0.192,-0.504,-0.356,-0.231,-0.168,0.171,-0.284,-0.492,0.274,-0.007,-0.255,-0.002,-0.195,0.17,0.15,0.006,-0.151,-0.003,0.056,-0.513,-0.209,-0.255,-0.057,-0.376,-0.288,0.05,-0.178,-0.163,-0.085,-0.319,-0.299,0.09,0.128,-0.192,0.275,-0.202,0.051,-0.066,-0.494,0.344,-0.115,-0.143,-0.118,-0.458,-0.306,0.053,0.15,0.36,-0.337,-0.459,0.001,-0.212,-0.231,0.201,0.126,-0.098
ADP,0.362,-0.269,0.0,0.471,0.822,0.839,-0.098,-0.658,-0.344,0.35,0.215,0.665,-0.271,0.771,0.685,0.419,0.446,0.806,-0.539,0.399,0.153,0.739,0.708,-0.032,0.656,0.697,0.847,0.251,-0.486,0.163,0.655,0.828,0.689,0.671,0.603,-0.508,0.359,0.584,0.826,0.021,0.797,0.565,0.847,0.676,0.829,0.757,0.713,0.662,0.271,-0.583,0.693,-0.66,0.715,0.626,0.86,0.02,0.604,0.469,0.097,0.617,0.487,0.43,-0.401,0.543,0.749,0.785,0.85,-0.406,0.709,0.685,-0.632,0.377,0.79,0.853,0.59,-0.541,0.73,-0.579,0.407,-0.297,0.806,-0.289,0.76,0.833,0.824,0.801,0.798,0.812,0.761,0.152,0.457,0.742,0.492,0.013,-0.566,0.898,-0.205,0.752,-0.269,0.59,-0.59,0.237,0.714,-0.605,0.775,0.836,0.319,-0.59,0.796,0.128,-0.551,0.825,0.747,0.289,0.29,0.422,0.893,0.79,0.431,0.764,0.858,-0.228,-0.038,0.135,0.654,-0.159,0.561,0.735,0.439,-0.244,0.314,0.454,0.813,-0.21,0.501,0.837,0.65,0.522,0.797,0.226,0.541,-0.493,0.784,0.323,0.884,0.478,0.72,0.875,0.748,-0.604,0.822,0.549,-0.217,0.863,0.832,0.65,0.908,-0.543,0.648,0.413,0.318,-0.533,0.627,0.706,0.016,0.819,0.805,0.812,0.818,0.499,-0.01,0.713,0.817,0.526,0.774,0.782,0.791,0.439,-0.309,0.864,0.472,0.576,0.313,0.047,0.768,0.807,0.683,0.472,0.747,0.07,0.086,-0.506,0.686,0.641,0.764,-0.457,0.68,-0.715,-0.002,0.798
AFYA,-0.171,-0.39,0.471,0.0,0.391,0.578,0.329,-0.512,-0.425,-0.096,0.176,0.138,0.2,0.513,0.269,0.072,0.726,0.658,-0.058,0.279,0.348,0.768,0.703,0.107,0.414,0.72,0.525,0.472,-0.627,0.525,0.007,0.412,0.601,0.483,0.009,-0.543,-0.237,-0.295,0.461,-0.17,0.575,0.155,0.553,0.544,0.641,0.409,0.506,0.006,0.213,0.033,0.4,-0.101,0.197,0.887,0.423,-0.037,0.696,0.346,-0.607,0.524,0.868,-0.274,-0.459,-0.233,0.177,0.324,0.529,-0.321,0.802,0.71,-0.663,0.317,0.446,0.631,0.312,-0.764,0.378,-0.457,-0.353,-0.805,0.663,-0.448,0.805,0.594,0.687,0.439,0.652,0.399,0.496,-0.271,0.359,0.776,0.885,-0.723,-0.385,0.601,-0.743,0.327,-0.766,0.613,-0.206,-0.05,0.519,-0.694,0.467,0.158,-0.484,-0.159,0.734,0.191,-0.186,0.38,0.572,0.59,0.738,-0.319,0.557,0.526,-0.098,0.239,0.622,0.139,-0.587,-0.586,0.538,-0.444,0.619,0.424,0.137,-0.445,0.635,0.659,0.758,-0.615,0.214,0.309,0.279,0.43,0.433,-0.469,0.725,-0.729,0.559,-0.277,0.369,0.362,0.601,0.498,0.188,-0.235,0.629,0.61,-0.674,0.361,0.713,-0.057,0.403,-0.445,0.015,0.721,0.14,-0.318,-0.127,0.772,-0.36,0.55,0.456,0.687,0.698,0.192,0.266,0.649,0.395,0.769,0.449,0.191,0.202,0.437,-0.813,0.599,-0.287,0.409,0.311,-0.717,0.693,0.52,0.776,0.828,0.327,-0.699,-0.679,-0.745,0.236,0.857,0.131,0.125,0.712,-0.814,0.097,0.381
AGNC,0.248,-0.107,0.822,0.391,0.0,0.803,0.003,-0.729,-0.306,0.429,0.282,0.867,-0.363,0.786,0.884,0.453,0.364,0.871,-0.606,0.403,0.012,0.818,0.799,-0.222,0.67,0.736,0.863,0.066,-0.495,-0.153,0.598,0.839,0.791,0.799,0.746,-0.613,0.369,0.616,0.913,-0.272,0.891,0.6,0.835,0.599,0.826,0.712,0.771,0.799,0.147,-0.815,0.62,-0.69,0.881,0.551,0.855,0.06,0.482,0.426,0.179,0.68,0.33,0.454,-0.628,0.574,0.882,0.735,0.943,-0.486,0.743,0.624,-0.533,0.285,0.821,0.906,0.472,-0.618,0.847,-0.659,0.54,-0.352,0.807,-0.386,0.666,0.856,0.821,0.81,0.795,0.898,0.891,-0.031,0.127,0.733,0.387,-0.133,-0.758,0.837,-0.205,0.749,-0.427,0.427,-0.744,0.399,0.822,-0.54,0.853,0.839,0.407,-0.648,0.787,0.314,-0.704,0.861,0.537,0.114,0.278,0.427,0.857,0.721,0.574,0.894,0.846,-0.598,-0.166,0.116,0.838,-0.149,0.449,0.748,0.584,-0.432,0.207,0.315,0.812,-0.252,0.41,0.917,0.631,0.381,0.942,0.101,0.577,-0.346,0.92,0.521,0.875,0.244,0.782,0.939,0.565,-0.343,0.868,0.478,-0.197,0.901,0.873,0.75,0.794,-0.577,0.722,0.282,0.172,-0.526,0.55,0.662,0.019,0.877,0.755,0.826,0.818,0.568,-0.047,0.814,0.882,0.335,0.748,0.839,0.866,0.194,-0.316,0.923,0.575,0.365,0.036,0.021,0.846,0.933,0.731,0.316,0.729,-0.032,0.055,-0.464,0.596,0.652,0.844,-0.53,0.808,-0.701,-0.207,0.915
AGYS,0.271,-0.358,0.839,0.578,0.803,0.0,-0.044,-0.8,-0.433,0.261,0.035,0.579,-0.069,0.925,0.697,0.27,0.501,0.832,-0.575,0.52,0.255,0.826,0.808,-0.286,0.663,0.9,0.835,0.323,-0.676,0.171,0.624,0.86,0.751,0.631,0.373,-0.67,0.185,0.4,0.905,-0.189,0.923,0.325,0.961,0.637,0.833,0.901,0.807,0.615,0.293,-0.558,0.566,-0.636,0.713,0.755,0.895,0.135,0.726,0.604,-0.104,0.805,0.636,0.246,-0.423,0.537,0.69,0.861,0.83,-0.541,0.84,0.772,-0.704,0.163,0.915,0.873,0.372,-0.702,0.675,-0.798,0.315,-0.55,0.909,-0.36,0.86,0.933,0.883,0.718,0.914,0.907,0.729,0.031,0.462,0.804,0.614,-0.272,-0.64,0.931,-0.542,0.892,-0.539,0.53,-0.671,0.038,0.884,-0.695,0.9,0.741,0.096,-0.716,0.872,0.189,-0.653,0.841,0.825,0.531,0.502,0.248,0.896,0.847,0.346,0.68,0.948,-0.258,-0.238,-0.147,0.735,-0.531,0.535,0.904,0.408,-0.425,0.383,0.446,0.927,-0.479,0.612,0.791,0.775,0.43,0.845,0.17,0.762,-0.543,0.889,0.151,0.896,0.557,0.88,0.916,0.622,-0.63,0.925,0.762,-0.401,0.817,0.908,0.618,0.84,-0.741,0.448,0.405,0.08,-0.547,0.445,0.855,-0.127,0.943,0.762,0.947,0.931,0.275,0.216,0.814,0.833,0.506,0.877,0.71,0.74,0.382,-0.584,0.903,0.361,0.633,0.248,-0.214,0.867,0.86,0.781,0.483,0.879,-0.057,-0.069,-0.778,0.692,0.835,0.638,-0.408,0.806,-0.831,-0.246,0.842
ALT,0.08,-0.308,-0.098,0.329,0.003,-0.044,0.0,0.326,0.456,0.212,0.483,-0.139,0.544,-0.126,-0.069,0.186,0.611,0.168,0.466,0.237,0.051,0.207,0.231,0.126,0.472,0.243,-0.245,0.368,-0.23,-0.014,-0.339,-0.298,0.432,0.138,-0.091,0.032,-0.105,-0.373,-0.143,-0.506,0.093,0.232,-0.071,-0.217,0.13,-0.141,0.312,-0.161,0.157,-0.009,-0.188,0.556,-0.012,0.181,0.033,0.507,0.332,0.101,-0.327,0.335,0.411,-0.33,-0.154,-0.376,-0.041,0.001,-0.075,0.293,0.248,-0.023,0.216,-0.162,-0.041,0.013,0.191,-0.147,-0.197,0.033,-0.094,-0.175,-0.128,-0.113,0.1,0.097,0.265,-0.197,-0.134,-0.005,0.049,0.175,0.153,0.026,0.354,-0.536,0.291,0.021,-0.302,-0.12,-0.222,-0.009,0.128,0.301,0.181,0.164,0.097,-0.333,-0.253,0.486,-0.021,0.623,0.241,-0.219,-0.187,0.186,0.498,-0.279,-0.065,-0.345,0.058,0.045,-0.1,0.086,-0.071,-0.555,0.206,-0.189,0.24,0.117,-0.417,-0.426,0.644,0.421,0.163,-0.415,0.233,-0.138,-0.033,0.26,-0.096,-0.33,0.214,0.104,0.05,-0.126,-0.221,0.225,0.0,-0.023,-0.394,0.529,0.138,0.305,-0.342,-0.141,0.073,-0.29,-0.319,0.096,-0.039,0.042,0.483,0.402,-0.495,0.305,0.306,-0.072,-0.11,0.085,0.016,0.015,0.415,0.184,-0.202,0.3,-0.113,-0.262,-0.327,-0.056,-0.222,-0.048,-0.274,-0.352,0.373,-0.3,0.086,-0.011,0.059,0.436,-0.034,-0.326,-0.24,-0.055,-0.14,0.246,-0.235,0.653,0.272,0.037,0.097,0.016
AMGN,0.158,0.127,-0.658,-0.512,-0.729,-0.8,0.326,0.0,0.766,-0.048,0.134,-0.674,0.289,-0.883,-0.656,-0.26,-0.24,-0.729,0.648,-0.259,-0.216,-0.753,-0.725,0.333,-0.294,-0.662,-0.894,-0.128,0.59,-0.043,-0.609,-0.892,-0.574,-0.57,-0.424,0.626,-0.021,-0.373,-0.875,-0.017,-0.773,-0.121,-0.834,-0.772,-0.62,-0.737,-0.596,-0.584,-0.09,0.441,-0.675,0.733,-0.624,-0.695,-0.666,0.217,-0.455,-0.383,-0.067,-0.51,-0.379,-0.272,0.401,-0.512,-0.65,-0.627,-0.822,0.758,-0.666,-0.82,0.845,-0.343,-0.78,-0.838,-0.211,0.647,-0.83,0.684,-0.138,0.673,-0.919,0.287,-0.715,-0.733,-0.618,-0.799,-0.876,-0.756,-0.687,0.344,-0.06,-0.827,-0.452,0.176,0.887,-0.772,0.404,-0.705,0.584,-0.658,0.663,-0.006,-0.695,0.713,-0.681,-0.661,-0.123,0.814,-0.871,0.183,0.709,-0.844,-0.75,-0.298,-0.287,-0.299,-0.731,-0.916,-0.195,-0.565,-0.836,0.418,0.325,-0.079,-0.601,0.323,-0.338,-0.603,-0.666,0.192,-0.086,-0.137,-0.73,0.179,-0.158,-0.731,-0.606,-0.193,-0.84,-0.131,-0.678,0.64,-0.816,-0.145,-0.819,-0.071,-0.851,-0.804,-0.667,0.58,-0.719,-0.481,0.126,-0.787,-0.818,-0.615,-0.798,0.659,-0.296,-0.521,0.273,0.781,-0.567,-0.574,0.442,-0.887,-0.627,-0.808,-0.856,-0.381,-0.037,-0.722,-0.876,-0.312,-0.831,-0.701,-0.763,-0.336,0.561,-0.847,-0.429,-0.666,0.137,0.185,-0.808,-0.854,-0.755,-0.302,-0.684,0.282,0.207,0.631,-0.404,-0.675,-0.717,0.674,-0.751,0.82,0.235,-0.693
AMPH,0.516,-0.045,-0.344,-0.425,-0.306,-0.433,0.456,0.766,0.0,0.399,0.397,-0.316,0.292,-0.555,-0.314,0.118,-0.029,-0.386,0.614,0.027,-0.326,-0.426,-0.364,0.157,0.13,-0.27,-0.639,0.097,0.368,-0.124,-0.4,-0.635,-0.156,-0.381,-0.128,0.477,0.168,-0.06,-0.49,-0.231,-0.391,0.142,-0.447,-0.617,-0.243,-0.44,-0.12,-0.252,0.083,-0.035,-0.463,0.462,-0.275,-0.521,-0.177,0.534,-0.073,-0.15,0.074,-0.05,-0.158,-0.19,0.203,-0.178,-0.289,-0.221,-0.507,0.707,-0.35,-0.575,0.821,-0.397,-0.364,-0.513,0.051,0.446,-0.561,0.453,0.188,0.587,-0.631,0.194,-0.385,-0.336,-0.212,-0.567,-0.57,-0.305,-0.396,0.614,0.114,-0.586,-0.332,0.135,0.71,-0.375,0.315,-0.354,0.455,-0.548,0.448,0.116,-0.316,0.693,-0.255,-0.399,0.022,0.486,-0.592,0.521,0.53,-0.541,-0.598,-0.217,-0.128,-0.195,-0.391,-0.686,0.017,-0.144,-0.545,0.166,0.378,-0.049,-0.34,0.209,-0.053,-0.122,-0.654,0.022,0.122,0.013,-0.367,0.046,0.282,-0.373,-0.185,0.101,-0.461,-0.004,-0.471,0.607,-0.405,0.091,-0.471,0.093,-0.534,-0.407,-0.486,0.534,-0.316,-0.183,0.075,-0.429,-0.483,-0.222,-0.549,0.528,0.083,-0.607,0.512,0.738,-0.38,-0.15,0.691,-0.505,-0.349,-0.416,-0.513,-0.041,-0.039,-0.454,-0.548,-0.186,-0.504,-0.372,-0.459,-0.298,0.51,-0.467,-0.114,-0.561,0.305,0.307,-0.468,-0.471,-0.575,-0.119,-0.284,0.395,0.325,0.497,-0.053,-0.43,-0.33,0.582,-0.4,0.637,0.075,-0.259
AMZN,0.659,-0.336,0.35,-0.096,0.429,0.261,0.212,-0.048,0.399,0.0,0.38,0.388,0.076,0.21,0.403,0.697,0.284,0.243,-0.049,0.206,-0.434,0.198,0.293,-0.13,0.523,0.24,0.116,0.327,-0.109,-0.261,0.383,0.195,0.466,0.066,0.518,0.181,0.512,0.474,0.343,-0.188,0.312,0.206,0.338,0.054,0.308,0.221,0.538,0.387,0.179,-0.59,0.156,-0.252,0.347,-0.017,0.53,0.56,0.241,0.34,0.368,0.463,0.044,0.341,-0.276,0.479,0.439,0.353,0.245,0.101,0.16,0.174,0.225,-0.158,0.337,0.214,0.179,0.0,0.211,-0.076,0.478,0.139,0.152,0.201,0.193,0.284,0.335,0.171,0.127,0.416,0.284,0.44,0.242,0.094,-0.108,0.177,-0.053,0.324,0.114,0.363,0.074,0.092,-0.206,0.114,0.307,0.266,0.409,0.275,0.467,-0.281,0.104,0.363,-0.096,0.248,-0.067,-0.081,0.052,0.202,0.313,0.119,0.244,0.485,0.165,-0.333,0.465,0.256,0.169,0.1,0.328,0.389,-0.065,-0.21,0.339,0.01,0.243,0.017,0.497,0.331,0.51,0.162,0.32,0.236,0.12,0.216,0.334,0.353,0.346,0.244,0.242,0.401,0.153,0.13,0.291,0.187,0.14,0.339,0.238,0.482,0.187,0.065,0.468,-0.333,0.317,-0.011,0.351,0.299,0.564,0.296,0.198,0.3,0.202,0.453,-0.095,0.101,0.265,0.073,0.27,0.356,0.282,0.045,0.259,0.281,0.502,-0.125,0.313,0.343,0.134,0.321,-0.045,0.183,0.357,0.396,0.48,0.095,0.464,0.086,0.438,0.012,0.277,0.079,-0.165,0.458
ANIP,0.15,0.03,0.215,0.176,0.282,0.035,0.483,0.134,0.397,0.38,0.0,0.281,0.108,-0.063,0.14,0.34,0.413,0.229,0.236,0.232,-0.302,0.357,0.264,0.37,0.409,0.228,0.112,0.122,0.122,-0.029,-0.108,-0.018,0.41,0.326,0.366,0.011,0.207,0.038,0.048,-0.182,0.166,0.541,0.042,0.259,0.388,-0.185,0.235,0.023,0.047,-0.281,0.179,0.168,0.146,0.217,0.206,0.19,0.143,0.026,-0.084,0.128,0.196,-0.03,-0.479,-0.12,0.116,0.058,0.216,0.333,0.294,0.086,0.127,0.391,-0.026,0.192,0.485,-0.237,0.131,0.232,0.149,-0.057,0.051,-0.183,0.224,0.155,0.322,0.127,-0.013,0.152,0.282,0.118,-0.014,0.175,0.145,-0.146,0.072,0.158,0.126,-0.063,-0.213,0.158,0.087,0.544,0.13,0.034,0.131,0.025,0.098,0.172,0.188,0.499,0.245,-0.022,-0.187,-0.162,0.388,0.027,0.202,-0.097,0.055,0.383,0.077,-0.158,0.011,-0.096,0.213,0.306,0.496,0.085,-0.075,-0.186,0.232,0.451,0.237,-0.075,0.035,0.199,0.091,0.524,0.163,-0.255,0.213,-0.137,0.17,0.352,-0.004,0.062,0.081,0.205,-0.127,0.283,0.208,-0.011,-0.135,0.164,0.23,-0.009,-0.054,0.28,0.459,0.112,0.595,0.179,-0.06,0.272,0.333,0.047,0.212,0.113,0.121,0.582,-0.061,0.171,0.036,0.372,-0.065,0.04,0.033,0.145,0.113,0.219,-0.04,-0.167,0.143,0.094,0.224,0.167,0.178,0.496,-0.065,-0.175,-0.088,0.104,0.153,0.118,0.218,0.291,0.276,-0.076,0.412,0.258
AOSL,0.12,0.189,0.665,0.138,0.867,0.579,-0.139,-0.674,-0.316,0.388,0.281,0.0,-0.523,0.665,0.795,0.482,0.061,0.709,-0.585,0.298,-0.006,0.672,0.655,-0.275,0.462,0.494,0.769,-0.11,-0.292,-0.373,0.654,0.771,0.626,0.72,0.867,-0.454,0.296,0.74,0.791,-0.174,0.708,0.583,0.663,0.532,0.596,0.552,0.619,0.863,0.064,-0.803,0.659,-0.626,0.87,0.33,0.697,-0.022,0.234,0.255,0.495,0.446,0.031,0.629,-0.49,0.67,0.88,0.619,0.837,-0.483,0.504,0.497,-0.465,0.333,0.668,0.781,0.432,-0.382,0.875,-0.487,0.631,-0.189,0.668,-0.286,0.446,0.678,0.558,0.818,0.63,0.783,0.777,-0.113,-0.21,0.567,0.144,0.131,-0.754,0.666,0.084,0.596,-0.212,0.387,-0.701,0.542,0.662,-0.328,0.669,0.761,0.616,-0.603,0.648,0.162,-0.694,0.837,0.391,-0.089,0.036,0.592,0.655,0.614,0.604,0.893,0.653,-0.771,-0.027,0.372,0.673,0.092,0.243,0.528,0.651,-0.183,-0.095,0.042,0.541,0.052,0.178,0.899,0.529,0.272,0.885,0.274,0.418,-0.293,0.797,0.697,0.778,-0.094,0.615,0.796,0.558,-0.198,0.675,0.262,0.174,0.899,0.675,0.835,0.674,-0.422,0.745,0.186,0.078,-0.523,0.699,0.373,0.007,0.744,0.614,0.626,0.65,0.658,-0.098,0.672,0.864,0.1,0.646,0.884,0.888,0.059,-0.132,0.778,0.746,0.329,-0.209,0.328,0.718,0.853,0.516,0.078,0.627,0.061,0.189,-0.175,0.377,0.346,0.904,-0.66,0.683,-0.498,-0.189,0.832
APDN,-0.013,-0.419,-0.271,0.2,-0.363,-0.069,0.544,0.289,0.292,0.076,0.108,-0.523,0.0,-0.13,-0.414,-0.075,0.421,-0.203,0.465,0.149,0.09,-0.087,-0.049,0.1,0.078,0.117,-0.393,0.601,-0.19,0.241,-0.178,-0.328,0.099,-0.375,-0.479,0.31,-0.268,-0.558,-0.287,-0.148,-0.106,-0.29,-0.103,-0.173,-0.18,-0.118,0.076,-0.479,0.183,0.383,-0.296,0.606,-0.412,0.162,-0.142,0.503,0.271,0.274,-0.394,0.212,0.405,-0.381,0.173,-0.305,-0.432,-0.054,-0.383,0.228,-0.002,0.061,0.199,-0.313,-0.142,-0.265,-0.183,0.063,-0.502,0.147,-0.325,-0.25,-0.197,0.299,0.057,-0.115,0.009,-0.469,-0.217,-0.184,-0.356,0.156,0.283,-0.119,0.19,-0.367,0.512,-0.148,-0.319,-0.052,-0.208,0.114,0.373,-0.248,-0.029,0.225,-0.104,-0.556,-0.415,0.298,-0.13,0.208,0.426,-0.401,-0.096,0.392,0.501,-0.465,-0.236,-0.262,-0.366,-0.405,-0.223,0.453,0.17,-0.535,-0.247,-0.355,0.169,0.008,-0.519,-0.158,0.529,0.281,-0.017,-0.231,0.197,-0.426,0.131,0.018,-0.382,-0.119,0.234,0.029,-0.223,-0.588,-0.356,0.338,-0.045,-0.24,-0.28,0.208,-0.115,0.3,-0.189,-0.401,-0.114,-0.43,-0.376,0.161,-0.489,-0.027,0.101,0.408,-0.394,0.18,0.126,-0.175,-0.286,-0.052,-0.104,-0.276,0.549,-0.164,-0.396,0.268,-0.09,-0.513,-0.536,0.226,-0.163,-0.288,-0.427,-0.173,0.41,-0.37,-0.19,-0.299,-0.168,0.351,-0.07,-0.217,-0.144,-0.113,-0.083,0.111,-0.476,0.706,-0.011,0.163,0.077,-0.266
APLT,0.096,-0.261,0.771,0.513,0.786,0.925,-0.126,-0.883,-0.555,0.21,-0.063,0.665,-0.13,0.0,0.76,0.307,0.376,0.804,-0.642,0.494,0.367,0.802,0.836,-0.472,0.598,0.803,0.846,0.257,-0.751,0.02,0.72,0.922,0.72,0.653,0.42,-0.685,0.02,0.445,0.926,-0.214,0.9,0.242,0.949,0.672,0.692,0.91,0.787,0.73,0.229,-0.561,0.59,-0.637,0.772,0.716,0.852,0.056,0.682,0.489,0.1,0.744,0.534,0.352,-0.383,0.572,0.765,0.866,0.838,-0.734,0.738,0.82,-0.746,0.1,0.948,0.886,0.276,-0.656,0.758,-0.85,0.355,-0.553,0.907,-0.296,0.796,0.902,0.809,0.806,0.913,0.906,0.766,-0.022,0.236,0.773,0.566,-0.2,-0.75,0.899,-0.476,0.842,-0.501,0.562,-0.782,0.06,0.882,-0.676,0.862,0.736,0.23,-0.765,0.869,0.084,-0.801,0.899,0.806,0.424,0.377,0.413,0.802,0.865,0.415,0.652,0.917,-0.398,-0.211,-0.074,0.704,-0.531,0.363,0.842,0.495,-0.399,0.312,0.215,0.855,-0.357,0.498,0.796,0.719,0.262,0.891,0.302,0.749,-0.565,0.899,0.125,0.917,0.385,0.868,0.904,0.701,-0.615,0.886,0.726,-0.19,0.852,0.861,0.733,0.856,-0.809,0.325,0.365,-0.104,-0.596,0.56,0.745,-0.245,0.968,0.644,0.932,0.909,0.276,0.29,0.837,0.914,0.353,0.945,0.766,0.783,0.257,-0.604,0.88,0.526,0.583,0.054,-0.125,0.876,0.9,0.732,0.352,0.903,-0.072,-0.003,-0.697,0.502,0.758,0.725,-0.553,0.833,-0.806,-0.391,0.825
APVO,0.224,-0.089,0.685,0.269,0.884,0.697,-0.069,-0.656,-0.314,0.403,0.14,0.795,-0.414,0.76,0.0,0.382,0.252,0.746,-0.664,0.379,0.088,0.692,0.744,-0.46,0.638,0.609,0.719,-0.088,-0.529,-0.291,0.589,0.797,0.647,0.762,0.652,-0.657,0.251,0.592,0.854,-0.418,0.81,0.413,0.751,0.466,0.657,0.705,0.667,0.835,0.052,-0.769,0.409,-0.645,0.878,0.41,0.786,0.031,0.403,0.284,0.249,0.577,0.196,0.477,-0.575,0.512,0.855,0.671,0.826,-0.568,0.594,0.5,-0.443,0.049,0.787,0.78,0.221,-0.585,0.762,-0.74,0.586,-0.217,0.69,-0.411,0.536,0.78,0.694,0.757,0.715,0.84,0.881,-0.028,0.023,0.545,0.323,-0.104,-0.729,0.722,-0.211,0.656,-0.331,0.221,-0.843,0.304,0.789,-0.511,0.807,0.79,0.481,-0.614,0.639,0.283,-0.802,0.802,0.422,0.022,0.162,0.538,0.707,0.602,0.647,0.797,0.767,-0.668,-0.172,0.085,0.781,-0.255,0.235,0.691,0.501,-0.541,0.167,0.06,0.694,-0.305,0.416,0.802,0.467,0.097,0.889,0.194,0.476,-0.228,0.831,0.452,0.825,0.257,0.676,0.854,0.488,-0.325,0.782,0.429,-0.139,0.805,0.719,0.784,0.697,-0.673,0.551,0.085,-0.041,-0.417,0.501,0.527,-0.079,0.801,0.544,0.742,0.677,0.356,0.029,0.769,0.823,0.096,0.687,0.803,0.793,-0.069,-0.316,0.789,0.631,0.202,-0.129,0.083,0.75,0.847,0.604,0.138,0.701,0.096,0.188,-0.428,0.434,0.554,0.756,-0.583,0.703,-0.598,-0.444,0.839
ARGX,0.301,-0.31,0.419,0.072,0.453,0.27,0.186,-0.26,0.118,0.697,0.34,0.482,-0.075,0.307,0.382,0.0,0.278,0.391,-0.031,0.268,-0.343,0.361,0.416,-0.099,0.534,0.231,0.284,0.29,-0.189,-0.185,0.392,0.322,0.56,0.153,0.536,0.116,0.336,0.493,0.417,-0.022,0.345,0.183,0.396,0.227,0.352,0.222,0.555,0.418,0.124,-0.592,0.46,-0.338,0.352,0.113,0.513,0.431,0.313,0.323,0.46,0.409,0.126,0.266,-0.159,0.454,0.513,0.368,0.342,-0.05,0.252,0.355,-0.069,0.099,0.365,0.371,0.269,-0.049,0.409,-0.073,0.286,-0.1,0.327,0.247,0.295,0.33,0.304,0.443,0.242,0.445,0.317,0.331,0.147,0.287,0.042,0.189,-0.247,0.439,0.052,0.312,0.062,0.39,-0.224,0.212,0.344,0.168,0.395,0.289,0.368,-0.302,0.29,0.14,-0.199,0.382,0.139,-0.021,0.082,0.265,0.379,0.299,0.115,0.503,0.235,-0.366,0.35,0.353,0.192,0.135,0.266,0.361,0.097,-0.012,0.318,-0.008,0.265,0.144,0.302,0.416,0.474,0.247,0.428,0.266,0.166,-0.032,0.427,0.271,0.409,-0.04,0.392,0.444,0.275,0.106,0.32,0.248,0.271,0.453,0.346,0.511,0.336,0.04,0.395,-0.092,0.184,-0.241,0.474,0.31,0.35,0.392,0.269,0.373,0.346,0.574,-0.094,0.249,0.437,0.119,0.442,0.408,0.372,0.059,0.035,0.403,0.568,0.052,0.161,0.31,0.268,0.446,0.054,0.25,0.362,0.133,0.187,0.095,0.311,0.152,0.545,-0.195,0.384,-0.095,-0.111,0.461
ARLP,0.1,-0.561,0.446,0.726,0.364,0.501,0.611,-0.24,-0.029,0.284,0.413,0.061,0.421,0.376,0.252,0.278,0.0,0.523,0.003,0.306,0.157,0.618,0.599,0.143,0.641,0.624,0.322,0.521,-0.6,0.291,0.064,0.253,0.653,0.411,0.032,-0.346,0.013,-0.235,0.35,-0.29,0.517,0.214,0.45,0.411,0.595,0.331,0.55,-0.009,0.165,-0.092,0.151,0.026,0.166,0.72,0.442,0.263,0.642,0.397,-0.529,0.537,0.751,-0.193,-0.388,-0.204,0.183,0.31,0.385,-0.11,0.679,0.511,-0.328,0.144,0.371,0.459,0.27,-0.617,0.177,-0.348,-0.17,-0.541,0.431,-0.269,0.666,0.507,0.69,0.231,0.414,0.384,0.426,0.028,0.529,0.524,0.731,-0.645,-0.143,0.514,-0.639,0.29,-0.588,0.41,-0.154,0.028,0.51,-0.453,0.484,0.106,-0.324,0.005,0.534,0.327,-0.028,0.218,0.328,0.453,0.733,-0.229,0.467,0.285,-0.006,0.25,0.482,0.153,-0.241,-0.53,0.491,-0.399,0.633,0.47,-0.072,-0.537,0.777,0.672,0.682,-0.601,0.376,0.213,0.317,0.429,0.298,-0.337,0.641,-0.388,0.419,-0.282,0.285,0.568,0.51,0.47,0.057,-0.144,0.535,0.525,-0.638,0.253,0.6,-0.066,0.246,-0.295,0.077,0.45,0.368,-0.059,-0.18,0.721,0.013,0.416,0.342,0.556,0.52,0.18,0.324,0.55,0.24,0.702,0.344,0.066,0.05,0.329,-0.545,0.449,-0.213,0.081,0.471,-0.531,0.511,0.38,0.585,0.819,0.287,-0.439,-0.374,-0.576,0.31,0.732,0.118,0.32,0.584,-0.527,0.111,0.327
ATEX,0.132,-0.232,0.806,0.658,0.871,0.832,0.168,-0.729,-0.386,0.243,0.229,0.709,-0.203,0.804,0.746,0.391,0.523,0.0,-0.447,0.448,0.266,0.907,0.882,-0.138,0.703,0.841,0.836,0.235,-0.624,0.114,0.468,0.779,0.846,0.792,0.558,-0.64,0.172,0.397,0.862,-0.242,0.888,0.552,0.838,0.599,0.864,0.734,0.823,0.657,0.314,-0.618,0.692,-0.497,0.787,0.737,0.823,0.093,0.678,0.48,-0.038,0.736,0.603,0.246,-0.512,0.393,0.778,0.732,0.902,-0.473,0.88,0.745,-0.701,0.319,0.82,0.946,0.539,-0.678,0.774,-0.69,0.294,-0.531,0.877,-0.49,0.791,0.902,0.871,0.838,0.819,0.842,0.822,-0.056,0.239,0.877,0.651,-0.303,-0.676,0.892,-0.435,0.721,-0.531,0.558,-0.639,0.37,0.845,-0.632,0.834,0.704,0.119,-0.506,0.876,0.361,-0.642,0.839,0.709,0.403,0.469,0.251,0.865,0.741,0.448,0.801,0.865,-0.368,-0.279,-0.126,0.839,-0.298,0.551,0.75,0.469,-0.424,0.383,0.51,0.878,-0.411,0.432,0.84,0.599,0.507,0.873,-0.006,0.707,-0.532,0.921,0.321,0.813,0.305,0.806,0.88,0.498,-0.316,0.913,0.691,-0.365,0.854,0.927,0.563,0.777,-0.616,0.562,0.527,0.235,-0.535,0.393,0.806,-0.086,0.877,0.8,0.896,0.911,0.451,0.18,0.887,0.841,0.545,0.772,0.728,0.755,0.317,-0.612,0.921,0.372,0.533,0.206,-0.188,0.927,0.912,0.819,0.528,0.742,-0.265,-0.223,-0.633,0.476,0.8,0.686,-0.347,0.896,-0.828,-0.148,0.864
ATRA,0.051,-0.088,-0.539,-0.058,-0.606,-0.575,0.466,0.648,0.614,-0.049,0.236,-0.585,0.465,-0.642,-0.664,-0.031,0.003,-0.447,0.0,-0.112,-0.143,-0.417,-0.413,0.407,-0.191,-0.342,-0.648,0.283,0.35,0.323,-0.692,-0.747,-0.283,-0.552,-0.422,0.54,-0.212,-0.558,-0.674,0.086,-0.614,-0.171,-0.579,-0.421,-0.374,-0.63,-0.262,-0.659,0.141,0.485,-0.297,0.664,-0.644,-0.268,-0.493,0.252,-0.032,-0.268,-0.227,-0.258,0.096,-0.556,0.328,-0.532,-0.616,-0.513,-0.639,0.699,-0.33,-0.354,0.501,-0.111,-0.579,-0.57,0.041,0.361,-0.605,0.654,-0.435,0.134,-0.569,0.249,-0.301,-0.528,-0.367,-0.602,-0.545,-0.605,-0.632,0.249,0.052,-0.37,-0.087,-0.086,0.673,-0.499,0.114,-0.595,0.228,-0.176,0.766,-0.077,-0.55,0.566,-0.56,-0.741,-0.422,0.611,-0.481,0.206,0.746,-0.694,-0.425,0.04,0.058,-0.528,-0.548,-0.622,-0.476,-0.501,-0.652,0.529,0.072,-0.227,-0.562,0.188,0.053,-0.423,-0.648,0.258,0.186,0.104,-0.444,0.108,-0.104,-0.649,-0.353,0.143,-0.668,-0.31,-0.384,0.221,-0.553,-0.299,-0.698,-0.152,-0.558,-0.655,-0.516,0.619,-0.488,-0.16,0.034,-0.64,-0.531,-0.59,-0.658,0.661,-0.308,-0.132,0.357,0.56,-0.542,-0.183,0.267,-0.615,-0.463,-0.489,-0.489,-0.062,0.005,-0.547,-0.708,0.052,-0.587,-0.662,-0.718,-0.003,0.171,-0.562,-0.516,-0.272,0.298,-0.047,-0.491,-0.596,-0.469,0.132,-0.524,-0.166,-0.231,0.415,-0.349,-0.353,-0.579,0.736,-0.411,0.485,0.344,-0.555
AUTL,0.287,-0.212,0.399,0.279,0.403,0.52,0.237,-0.259,0.027,0.206,0.232,0.298,0.149,0.494,0.379,0.268,0.306,0.448,-0.112,0.0,0.212,0.517,0.538,-0.237,0.606,0.592,0.319,0.23,-0.383,0.044,0.295,0.378,0.534,0.404,0.089,-0.375,-0.042,0.24,0.442,-0.402,0.541,0.336,0.533,0.195,0.483,0.488,0.549,0.403,0.192,-0.452,0.224,-0.145,0.458,0.365,0.577,0.346,0.618,0.354,-0.02,0.592,0.432,0.08,-0.238,0.244,0.367,0.609,0.361,-0.137,0.5,0.324,-0.288,-0.074,0.555,0.442,0.333,-0.373,0.327,-0.492,0.333,-0.23,0.423,-0.243,0.479,0.612,0.541,0.393,0.434,0.581,0.376,0.355,0.279,0.315,0.377,-0.197,-0.197,0.568,-0.335,0.481,-0.191,0.162,-0.391,0.173,0.622,-0.227,0.579,0.335,0.029,-0.227,0.407,0.471,-0.368,0.399,0.451,0.42,0.365,0.153,0.49,0.299,0.334,0.418,0.485,-0.217,-0.112,-0.262,0.432,-0.469,0.216,0.677,-0.014,-0.376,0.351,0.316,0.521,-0.426,0.539,0.436,0.427,0.339,0.469,0.186,0.438,-0.243,0.522,0.104,0.444,0.393,0.452,0.498,0.22,-0.185,0.59,0.668,-0.207,0.424,0.436,0.407,0.363,-0.435,0.223,0.021,0.222,-0.077,0.139,0.582,0.094,0.496,0.322,0.54,0.482,0.049,0.374,0.489,0.424,0.249,0.527,0.343,0.334,0.025,-0.378,0.477,0.214,0.223,0.186,-0.019,0.509,0.465,0.33,0.324,0.595,0.087,0.003,-0.381,0.366,0.446,0.279,-0.078,0.498,-0.392,-0.242,0.541
AVDL,-0.191,-0.004,0.153,0.348,0.012,0.255,0.051,-0.216,-0.326,-0.434,-0.302,-0.006,0.09,0.367,0.088,-0.343,0.157,0.266,-0.143,0.212,0.0,0.202,0.283,-0.261,0.142,0.24,0.181,0.085,-0.555,0.229,0.177,0.237,0.08,0.338,-0.153,-0.463,-0.514,-0.13,0.143,-0.181,0.22,0.107,0.238,0.145,0.054,0.413,0.158,0.202,0.271,0.222,0.06,0.153,0.23,0.376,0.118,-0.147,0.42,-0.062,-0.122,0.176,0.39,0.073,0.161,-0.101,0.162,0.286,0.158,-0.482,0.208,0.289,-0.416,-0.17,0.341,0.249,0.074,-0.202,0.081,-0.497,0.005,-0.15,0.226,-0.338,0.29,0.325,0.281,0.235,0.313,0.161,0.185,-0.023,0.06,0.215,0.525,-0.224,-0.128,0.25,-0.319,0.147,-0.102,0.108,-0.306,0.022,0.271,-0.427,0.192,0.091,-0.105,0.054,0.278,0.008,-0.362,0.29,0.464,0.444,0.111,0.13,0.08,0.19,0.356,-0.019,0.307,0.167,-0.292,-0.39,0.266,-0.485,-0.088,0.244,0.034,-0.229,0.212,0.132,0.265,-0.27,0.174,0.134,-0.056,-0.0,0.134,0.154,0.305,-0.355,0.181,-0.279,0.229,0.317,0.071,0.121,0.281,-0.349,0.291,0.422,-0.194,0.198,0.195,0.061,0.258,-0.587,-0.232,0.344,-0.037,-0.051,-0.03,0.242,-0.406,0.24,0.072,0.283,0.249,-0.3,0.603,0.396,0.236,0.153,0.308,0.193,0.135,0.037,-0.565,0.139,0.013,0.242,0.12,-0.17,0.356,0.177,0.306,0.095,0.358,-0.163,-0.091,-0.387,-0.215,0.335,0.01,-0.05,0.249,-0.348,-0.231,0.093
BCRX,-0.004,-0.209,0.739,0.768,0.818,0.826,0.207,-0.753,-0.426,0.198,0.357,0.672,-0.087,0.802,0.692,0.361,0.618,0.907,-0.417,0.517,0.202,0.0,0.914,-0.134,0.677,0.897,0.827,0.259,-0.636,0.144,0.411,0.768,0.866,0.789,0.467,-0.694,0.056,0.242,0.833,-0.302,0.897,0.46,0.84,0.692,0.877,0.663,0.786,0.525,0.165,-0.533,0.633,-0.445,0.684,0.842,0.779,0.061,0.679,0.472,-0.185,0.721,0.672,0.135,-0.648,0.266,0.644,0.667,0.877,-0.491,0.939,0.803,-0.73,0.39,0.759,0.929,0.458,-0.813,0.765,-0.672,0.156,-0.705,0.892,-0.512,0.874,0.889,0.869,0.79,0.838,0.827,0.828,-0.197,0.191,0.885,0.712,-0.474,-0.688,0.866,-0.545,0.664,-0.709,0.611,-0.606,0.289,0.849,-0.697,0.808,0.601,-0.009,-0.499,0.926,0.343,-0.564,0.769,0.657,0.418,0.651,0.121,0.85,0.741,0.286,0.734,0.881,-0.382,-0.426,-0.252,0.827,-0.357,0.611,0.722,0.471,-0.506,0.421,0.543,0.919,-0.516,0.343,0.775,0.594,0.511,0.866,-0.15,0.84,-0.674,0.911,0.205,0.746,0.285,0.862,0.883,0.412,-0.32,0.905,0.671,-0.448,0.795,0.945,0.472,0.687,-0.612,0.467,0.576,0.141,-0.514,0.289,0.846,-0.195,0.875,0.736,0.903,0.921,0.455,0.197,0.895,0.806,0.606,0.757,0.639,0.672,0.326,-0.686,0.922,0.221,0.476,0.092,-0.343,0.949,0.9,0.876,0.655,0.669,-0.418,-0.362,-0.716,0.464,0.867,0.614,-0.27,0.934,-0.894,-0.081,0.828
BHAT,0.057,-0.292,0.708,0.703,0.799,0.808,0.231,-0.725,-0.364,0.293,0.264,0.655,-0.049,0.836,0.744,0.416,0.599,0.882,-0.413,0.538,0.283,0.914,0.0,-0.326,0.722,0.843,0.745,0.339,-0.741,0.001,0.467,0.764,0.868,0.741,0.436,-0.658,-0.046,0.276,0.824,-0.423,0.884,0.396,0.841,0.615,0.768,0.704,0.815,0.615,0.197,-0.556,0.535,-0.398,0.725,0.784,0.811,0.169,0.752,0.434,-0.063,0.771,0.641,0.161,-0.573,0.284,0.702,0.733,0.81,-0.564,0.833,0.775,-0.641,0.156,0.841,0.873,0.393,-0.767,0.734,-0.73,0.266,-0.609,0.826,-0.435,0.827,0.893,0.874,0.746,0.829,0.836,0.82,-0.051,0.188,0.794,0.725,-0.45,-0.663,0.865,-0.55,0.636,-0.635,0.558,-0.664,0.262,0.883,-0.609,0.833,0.548,0.065,-0.504,0.847,0.363,-0.622,0.757,0.605,0.372,0.554,0.221,0.75,0.669,0.389,0.694,0.83,-0.425,-0.336,-0.283,0.792,-0.446,0.478,0.769,0.335,-0.562,0.531,0.417,0.882,-0.494,0.473,0.726,0.573,0.384,0.854,-0.011,0.802,-0.543,0.902,0.148,0.756,0.355,0.806,0.858,0.467,-0.293,0.896,0.725,-0.341,0.775,0.878,0.56,0.668,-0.664,0.364,0.403,0.132,-0.404,0.307,0.83,-0.162,0.872,0.577,0.912,0.862,0.419,0.336,0.908,0.802,0.519,0.79,0.639,0.635,0.2,-0.656,0.862,0.361,0.357,0.12,-0.256,0.917,0.873,0.772,0.598,0.743,-0.313,-0.223,-0.65,0.395,0.826,0.629,-0.296,0.942,-0.799,-0.276,0.813
BLBD,-0.064,0.077,-0.032,0.107,-0.222,-0.286,0.126,0.333,0.157,-0.13,0.37,-0.275,0.1,-0.472,-0.46,-0.099,0.143,-0.138,0.407,-0.237,-0.261,-0.134,-0.326,0.0,-0.248,-0.191,-0.098,0.115,0.513,0.469,-0.335,-0.338,-0.17,-0.155,-0.022,0.385,0.22,-0.268,-0.362,0.545,-0.338,0.259,-0.343,0.062,0.048,-0.449,-0.291,-0.535,0.145,0.355,0.17,0.293,-0.437,0.037,-0.343,-0.14,-0.221,0.029,-0.345,-0.366,0.066,-0.163,0.028,-0.37,-0.4,-0.402,-0.169,0.576,-0.041,-0.156,0.078,0.611,-0.504,-0.181,0.407,0.151,-0.244,0.619,-0.356,0.018,-0.198,0.103,-0.08,-0.342,-0.151,-0.2,-0.299,-0.41,-0.303,-0.103,0.181,0.037,-0.022,0.029,0.335,-0.236,0.26,-0.327,0.026,0.178,0.639,0.153,-0.426,0.113,-0.401,-0.222,-0.292,0.449,-0.101,-0.055,0.627,-0.355,-0.116,0.068,0.12,-0.403,-0.066,-0.169,-0.375,-0.185,-0.261,0.517,0.071,0.06,-0.23,0.561,0.379,-0.42,-0.095,0.405,-0.064,0.543,-0.179,0.239,-0.374,-0.208,-0.132,0.409,-0.378,-0.435,-0.166,-0.088,-0.335,-0.012,-0.381,-0.089,-0.234,-0.299,-0.243,0.194,-0.281,-0.297,-0.176,-0.265,-0.105,-0.547,-0.18,0.597,0.141,0.363,0.525,0.083,-0.198,-0.126,0.199,-0.39,0.149,-0.323,-0.186,0.255,-0.259,-0.32,-0.386,0.472,-0.427,-0.355,-0.296,0.54,0.237,-0.177,-0.504,0.103,0.347,-0.102,-0.25,-0.329,-0.023,0.337,-0.502,-0.29,-0.315,0.238,0.088,-0.154,-0.268,0.447,-0.25,0.095,0.864,-0.317
BMRN,0.506,-0.408,0.656,0.414,0.67,0.663,0.472,-0.294,0.13,0.523,0.409,0.462,0.078,0.598,0.638,0.534,0.641,0.703,-0.191,0.606,0.142,0.677,0.722,-0.248,0.0,0.725,0.439,0.275,-0.577,-0.004,0.362,0.49,0.788,0.596,0.395,-0.469,0.271,0.337,0.615,-0.504,0.728,0.472,0.663,0.259,0.707,0.625,0.821,0.56,0.294,-0.644,0.285,-0.264,0.668,0.464,0.785,0.501,0.714,0.454,0.002,0.774,0.559,0.198,-0.389,0.289,0.642,0.699,0.592,-0.179,0.696,0.447,-0.229,-0.07,0.695,0.64,0.353,-0.511,0.414,-0.593,0.413,-0.21,0.515,-0.296,0.608,0.781,0.799,0.522,0.544,0.749,0.66,0.388,0.451,0.467,0.526,-0.256,-0.265,0.727,-0.398,0.612,-0.234,0.204,-0.54,0.324,0.783,-0.298,0.803,0.525,0.216,-0.265,0.542,0.615,-0.448,0.557,0.413,0.344,0.499,0.28,0.662,0.362,0.496,0.675,0.639,-0.27,-0.03,-0.228,0.692,-0.411,0.454,0.793,0.065,-0.606,0.597,0.425,0.739,-0.517,0.725,0.592,0.5,0.397,0.632,0.136,0.519,-0.185,0.699,0.179,0.628,0.581,0.574,0.725,0.263,-0.138,0.776,0.71,-0.342,0.6,0.654,0.506,0.5,-0.499,0.469,0.08,0.369,-0.104,0.203,0.755,0.216,0.655,0.495,0.713,0.633,0.256,0.298,0.704,0.549,0.351,0.591,0.523,0.468,0.004,-0.386,0.635,0.343,0.107,0.335,-0.036,0.656,0.651,0.492,0.466,0.687,0.094,0.117,-0.47,0.447,0.626,0.466,-0.041,0.662,-0.474,-0.267,0.743
BNGO,0.225,-0.352,0.697,0.72,0.736,0.9,0.243,-0.662,-0.27,0.24,0.228,0.494,0.117,0.803,0.609,0.231,0.624,0.841,-0.342,0.592,0.24,0.897,0.843,-0.191,0.725,0.0,0.706,0.412,-0.663,0.261,0.389,0.693,0.827,0.622,0.274,-0.655,0.079,0.183,0.802,-0.36,0.893,0.387,0.87,0.528,0.857,0.763,0.831,0.447,0.303,-0.503,0.49,-0.392,0.62,0.803,0.829,0.283,0.797,0.611,-0.294,0.865,0.773,0.03,-0.508,0.309,0.546,0.763,0.758,-0.389,0.942,0.735,-0.616,0.146,0.808,0.834,0.405,-0.758,0.571,-0.726,0.18,-0.651,0.836,-0.455,0.875,0.919,0.895,0.608,0.822,0.848,0.682,-0.027,0.419,0.802,0.711,-0.496,-0.5,0.862,-0.666,0.791,-0.675,0.489,-0.527,0.119,0.889,-0.626,0.879,0.55,-0.113,-0.536,0.843,0.451,-0.495,0.697,0.692,0.598,0.713,0.01,0.838,0.695,0.264,0.642,0.86,-0.21,-0.36,-0.385,0.755,-0.574,0.637,0.856,0.278,-0.549,0.507,0.619,0.94,-0.644,0.604,0.694,0.704,0.526,0.771,-0.079,0.825,-0.57,0.874,0.083,0.719,0.514,0.833,0.837,0.365,-0.373,0.924,0.817,-0.557,0.697,0.893,0.433,0.645,-0.639,0.407,0.433,0.191,-0.367,0.188,0.942,-0.075,0.861,0.706,0.923,0.907,0.255,0.324,0.819,0.695,0.596,0.753,0.559,0.581,0.329,-0.681,0.852,0.139,0.514,0.289,-0.402,0.885,0.807,0.8,0.634,0.764,-0.267,-0.271,-0.819,0.609,0.888,0.467,-0.125,0.86,-0.833,-0.163,0.815
BUSE,0.001,-0.075,0.847,0.525,0.863,0.835,-0.245,-0.894,-0.639,0.116,0.112,0.769,-0.393,0.846,0.719,0.284,0.322,0.836,-0.648,0.319,0.181,0.827,0.745,-0.098,0.439,0.706,0.0,0.092,-0.485,0.115,0.628,0.919,0.653,0.744,0.608,-0.645,0.213,0.5,0.9,0.053,0.821,0.462,0.851,0.83,0.793,0.731,0.638,0.652,0.157,-0.547,0.785,-0.746,0.728,0.723,0.751,-0.231,0.469,0.383,0.056,0.52,0.412,0.38,-0.511,0.51,0.743,0.676,0.944,-0.596,0.757,0.789,-0.809,0.528,0.775,0.932,0.49,-0.667,0.881,-0.633,0.259,-0.541,0.93,-0.378,0.764,0.806,0.756,0.89,0.882,0.806,0.798,-0.212,0.151,0.878,0.482,-0.112,-0.849,0.853,-0.27,0.724,-0.508,0.653,-0.652,0.243,0.719,-0.752,0.733,0.828,0.232,-0.713,0.924,-0.03,-0.666,0.892,0.775,0.255,0.294,0.378,0.879,0.909,0.34,0.733,0.908,-0.385,-0.291,0.142,0.721,-0.156,0.491,0.632,0.706,-0.21,0.096,0.353,0.814,-0.172,0.193,0.867,0.617,0.44,0.893,0.075,0.651,-0.647,0.861,0.332,0.882,0.179,0.831,0.888,0.71,-0.591,0.806,0.448,-0.201,0.887,0.904,0.638,0.906,-0.597,0.564,0.587,0.039,-0.749,0.62,0.637,-0.246,0.889,0.824,0.825,0.893,0.527,-0.062,0.782,0.906,0.473,0.805,0.79,0.857,0.43,-0.463,0.943,0.43,0.672,-0.002,-0.098,0.87,0.902,0.838,0.402,0.68,-0.214,-0.156,-0.582,0.552,0.695,0.811,-0.626,0.771,-0.862,-0.029,0.796
CAKE,0.176,-0.636,0.251,0.472,0.066,0.323,0.368,-0.128,0.097,0.327,0.122,-0.11,0.601,0.257,-0.088,0.29,0.521,0.235,0.283,0.23,0.085,0.259,0.339,0.115,0.275,0.412,0.092,0.0,-0.409,0.422,0.15,0.102,0.429,-0.16,-0.107,0.189,-0.225,-0.186,0.16,0.055,0.196,-0.041,0.35,0.181,0.192,0.229,0.458,-0.138,0.45,0.086,0.254,0.146,-0.097,0.475,0.342,0.523,0.668,0.426,-0.184,0.522,0.691,-0.214,0.085,0.037,-0.02,0.369,0.034,0.034,0.301,0.5,-0.134,-0.114,0.308,0.177,0.325,-0.108,-0.032,-0.033,-0.124,-0.424,0.259,0.319,0.507,0.269,0.401,0.006,0.276,0.211,-0.068,0.346,0.486,0.324,0.487,-0.247,0.163,0.366,-0.347,0.257,-0.288,0.574,0.224,-0.264,0.252,0.029,0.233,-0.181,-0.277,-0.108,0.288,0.16,0.222,0.046,0.301,0.507,0.458,-0.27,0.188,0.241,-0.27,-0.034,0.149,0.386,0.167,-0.298,-0.084,-0.309,0.52,0.351,-0.377,-0.014,0.68,0.462,0.354,-0.137,0.478,0.017,0.532,0.416,0.054,0.025,0.365,-0.292,0.208,-0.364,0.119,0.39,0.283,0.177,0.258,-0.064,0.28,0.527,-0.098,0.07,0.288,-0.012,0.167,0.027,-0.142,0.142,0.371,0.143,0.063,0.557,0.282,0.251,0.091,0.39,0.345,0.221,0.385,0.124,0.075,0.597,0.329,-0.08,-0.097,0.526,-0.247,0.202,-0.063,0.245,0.69,-0.281,0.19,0.135,0.098,0.637,0.316,-0.234,-0.177,-0.223,0.321,0.368,0.03,0.393,0.351,-0.212,0.152,0.117
CASY,0.004,0.471,-0.486,-0.627,-0.495,-0.676,-0.23,0.59,0.368,-0.109,0.122,-0.292,-0.19,-0.751,-0.529,-0.189,-0.6,-0.624,0.35,-0.383,-0.555,-0.636,-0.741,0.513,-0.577,-0.663,-0.485,-0.409,0.0,-0.05,-0.409,-0.596,-0.635,-0.519,-0.085,0.622,0.285,-0.022,-0.606,0.447,-0.693,-0.048,-0.71,-0.415,-0.464,-0.688,-0.663,-0.431,-0.132,0.207,-0.166,0.232,-0.491,-0.678,-0.612,-0.143,-0.771,-0.279,0.156,-0.698,-0.66,-0.052,0.245,-0.143,-0.503,-0.608,-0.524,0.663,-0.596,-0.678,0.553,0.223,-0.755,-0.609,-0.008,0.586,-0.415,0.8,-0.128,0.532,-0.604,0.315,-0.685,-0.725,-0.705,-0.47,-0.69,-0.631,-0.598,-0.03,-0.285,-0.544,-0.729,0.474,0.447,-0.673,0.659,-0.52,0.509,-0.393,0.612,0.139,-0.725,0.574,-0.664,-0.305,0.068,0.37,-0.635,-0.161,0.571,-0.559,-0.548,-0.463,-0.453,-0.141,-0.481,-0.533,-0.322,-0.305,-0.674,0.149,0.301,0.408,-0.579,0.721,-0.265,-0.689,-0.146,0.581,-0.652,-0.211,-0.726,0.562,-0.53,-0.414,-0.389,-0.072,-0.568,-0.075,-0.663,0.409,-0.637,0.271,-0.596,-0.515,-0.637,-0.625,-0.455,0.425,-0.704,-0.713,0.346,-0.493,-0.638,-0.386,-0.512,0.778,0.074,-0.299,0.103,0.207,-0.124,-0.697,0.299,-0.7,-0.269,-0.755,-0.652,0.017,-0.51,-0.728,-0.59,-0.316,-0.709,-0.41,-0.365,-0.082,0.719,-0.568,-0.234,-0.191,-0.162,0.391,-0.683,-0.619,-0.59,-0.423,-0.674,0.253,0.159,0.685,-0.184,-0.772,-0.349,0.168,-0.692,0.63,0.479,-0.485
CCOI,0.016,-0.259,0.163,0.525,-0.153,0.171,-0.014,-0.043,-0.124,-0.261,-0.029,-0.373,0.241,0.02,-0.291,-0.185,0.291,0.114,0.323,0.044,0.229,0.144,0.001,0.469,-0.004,0.261,0.115,0.422,-0.05,0.0,-0.21,-0.012,-0.04,-0.141,-0.336,-0.044,-0.149,-0.392,-0.021,0.406,-0.037,-0.059,0.113,0.23,0.234,0.076,0.027,-0.447,0.379,0.424,0.254,0.058,-0.352,0.439,0.012,-0.076,0.378,0.146,-0.569,0.055,0.611,-0.387,0.072,-0.284,-0.337,-0.031,-0.019,0.162,0.327,0.343,-0.279,0.29,-0.022,0.079,0.261,-0.183,-0.133,0.069,-0.561,-0.332,0.217,-0.039,0.417,0.067,0.178,0.011,0.199,-0.092,-0.181,0.019,0.502,0.347,0.439,-0.208,0.176,0.156,-0.331,0.057,-0.211,0.348,0.369,-0.333,-0.09,-0.308,-0.038,-0.084,-0.554,0.027,0.263,-0.052,0.308,-0.057,0.419,0.594,0.365,-0.501,0.207,0.252,-0.467,-0.226,0.159,0.728,-0.294,-0.28,-0.133,-0.166,0.5,0.026,-0.09,0.135,0.245,0.557,0.245,-0.196,0.068,-0.115,0.107,0.402,-0.151,-0.359,0.175,-0.533,-0.026,-0.408,-0.022,0.299,0.05,-0.047,0.034,-0.267,0.081,0.238,-0.443,-0.112,0.174,-0.365,0.163,0.035,-0.139,0.5,0.191,-0.092,-0.156,0.355,-0.135,0.029,0.276,0.146,0.234,-0.061,0.008,-0.045,-0.117,0.592,0.034,-0.172,-0.13,0.563,-0.36,0.107,-0.542,0.499,0.514,-0.455,0.113,-0.071,0.269,0.539,-0.042,-0.348,-0.455,-0.383,0.235,0.304,-0.241,0.351,-0.002,-0.364,0.435,-0.088
CEVA,0.201,-0.057,0.655,0.007,0.598,0.624,-0.339,-0.609,-0.4,0.383,-0.108,0.654,-0.178,0.72,0.589,0.392,0.064,0.468,-0.692,0.295,0.177,0.411,0.467,-0.335,0.362,0.389,0.628,0.15,-0.409,-0.21,0.0,0.799,0.445,0.394,0.603,-0.251,0.185,0.704,0.689,0.068,0.598,0.246,0.703,0.496,0.36,0.728,0.527,0.737,0.207,-0.525,0.524,-0.55,0.658,0.313,0.659,0.172,0.288,0.477,0.521,0.425,0.08,0.763,-0.105,0.776,0.711,0.714,0.582,-0.587,0.305,0.542,-0.465,0.059,0.681,0.574,0.181,-0.126,0.575,-0.514,0.596,-0.096,0.577,0.131,0.42,0.588,0.442,0.654,0.565,0.717,0.496,0.12,0.078,0.399,0.121,0.341,-0.487,0.618,0.05,0.725,-0.009,0.437,-0.621,0.121,0.611,-0.251,0.622,0.677,0.605,-0.625,0.534,-0.144,-0.644,0.767,0.533,0.181,-0.025,0.615,0.563,0.677,0.474,0.575,0.611,-0.404,0.347,0.411,0.398,-0.121,0.153,0.548,0.475,-0.039,-0.0,-0.038,0.432,0.147,0.338,0.73,0.7,0.083,0.667,0.632,0.415,-0.266,0.584,0.265,0.782,0.248,0.574,0.688,0.712,-0.523,0.534,0.368,0.284,0.754,0.533,0.802,0.741,-0.501,0.373,0.063,-0.101,-0.447,0.841,0.301,0.019,0.688,0.508,0.558,0.558,0.304,0.231,0.481,0.756,0.101,0.778,0.755,0.76,0.253,-0.088,0.578,0.753,0.394,0.023,0.351,0.49,0.629,0.302,0.023,0.733,0.346,0.46,-0.234,0.491,0.26,0.721,-0.564,0.469,-0.362,-0.283,0.652
