,AAPL,ACRS,ADP,AFYA,AGNC,AGYS,ALT,AMGN,AMPH,AMZN,ANIP,AOSL,APDN,APLT,APVO,ARGX,ARLP,ATEX,ATRA,AUTL,AVDL,BCRX,BHAT,BLBD,BMRN,BNGO,BUSE,CAKE,CASY,CCOI,CEVA,CHY,CLDX,CLMT,COHU,COLM,COST,CPRT,CSWC,CSX,DBX,DCOM,DKNG,DMLP,DOX,EA,EDIT,ENPH,ENSG,ERNA,ESGR,ETNB,EXTR,FANG,FARO,FATE,FGEN,FIVE,FIVN,FLGT,FOLD,FORM,FOXA,FRPT,FSLR,FTAI,GBDC,GDYN,GGAL,GNLN,GRFS,GT,HCAT,HCM,HFWA,HOLX,HQY,HUBG,IAC,ICLR,IDCC,IEP,IHRT,ILMN,ILPT,IMAB,IMOS,INMD,INTZ,JAZZ,JKHY,JRVR,KIDS,LBRDK,LGND,LMAT,LPLA,LULU,MASI,MAT,MATW,MBIN,MBIO,MCRB,MDB,MDLZ,MELI,MIRM,MLKN,MNMD,MNRO,MPWR,MRCY,MRSN,MTVA,NAAS,NDAQ,NDSN,NEGG,NOVT,NVDA,NWE,NWSA,NXST,OCX,ODFL,OMAB,OPCH,OPRA,ORGO,OTRK,OZK,PAGP,PCH,PEGA,PENG,PENN,PFBC,PGNY,PHAT,PHUN,PINC,PLUG,PLXS,PYPL,QLYS,QNCX,QQQX,QVCGA,RAPT,RBBN,RCKT,REPL,RMBS,ROAD,ROKU,ROP,RUSHA,SANM,SATS,SBCF,SBLK,SBUX,SCHL,SCSC,SDGR,SEIC,SFIX,SGRY,SKYW,SLP,SNES,STAA,STLD,STOK,SWKS,TER,TFIN,TIGO,TILE,TPIC,TTEC,TTEK,TTGT,UXIN,VERU,VLYPP,VNOM,VRNS,VRSN,WDAY,WERN,WINA,WKHS,WRLD,XP,XTKG,YY,ZION,ZM
AAPL,0.0,-0.295,0.505,-0.44,-0.308,-0.171,-0.37,0.271,0.263,0.498,0.356,0.388,-0.01,0.108,-0.172,0.287,-0.248,0.178,0.524,0.283,0.347,-0.544,0.32,0.373,0.441,0.225,0.313,0.375,0.312,0.347,0.603,0.466,0.017,0.135,0.574,0.369,0.557,0.545,-0.111,-0.15,-0.245,0.317,-0.358,-0.443,-0.501,-0.234,-0.062,0.425,0.393,-0.015,-0.023,0.11,0.637,0.412,0.412,0.08,0.521,0.512,-0.187,0.291,0.541,0.534,-0.209,-0.145,-0.043,-0.239,-0.448,0.332,-0.235,-0.146,-0.358,0.412,0.097,-0.019,0.231,-0.237,0.135,0.546,-0.223,-0.206,0.517,-0.274,0.032,-0.193,-0.255,0.001,0.664,0.373,0.333,-0.348,-0.558,-0.352,0.247,-0.129,0.395,0.124,-0.007,0.522,0.341,0.32,0.39,0.399,0.202,0.376,0.43,0.404,0.18,0.317,0.586,0.328,0.47,0.603,-0.168,0.322,0.24,-0.249,0.55,0.438,0.239,0.375,0.446,-0.289,0.095,0.403,-0.221,0.508,0.12,0.085,0.046,0.23,0.207,0.373,-0.066,0.41,-0.243,0.408,-0.416,0.052,0.202,-0.381,-0.162,0.435,0.374,-0.022,-0.274,0.442,-0.334,0.556,-0.402,0.497,0.146,0.119,0.471,0.578,0.443,-0.456,0.204,0.481,0.504,0.324,0.25,-0.447,0.268,0.439,0.28,0.001,0.076,-0.136,0.395,0.086,0.478,0.242,-0.33,-0.163,0.33,0.134,0.508,0.475,0.025,0.322,-0.298,0.165,0.541,0.443,-0.016,0.244,0.266,-0.094,-0.394,0.439,0.441,0.369,0.48,0.248,0.243,-0.4,-0.112,-0.212,0.146,-0.018
ACRS,-0.295,0.0,-0.547,0.714,0.113,0.035,-0.021,0.119,-0.692,-0.625,0.164,-0.518,0.549,0.414,0.867,0.167,0.662,0.445,-0.162,-0.589,-0.302,0.522,0.212,-0.576,-0.069,0.45,-0.538,-0.329,-0.238,-0.453,-0.35,-0.438,0.204,-0.66,-0.49,-0.373,-0.552,-0.36,-0.349,0.56,0.714,-0.159,0.703,0.459,0.46,0.01,0.239,-0.234,-0.289,0.557,0.136,0.531,-0.567,0.196,-0.146,0.331,-0.243,-0.51,-0.568,-0.633,-0.156,-0.181,0.074,0.718,0.644,0.469,0.648,-0.596,0.015,-0.194,0.467,-0.428,0.742,-0.379,-0.423,-0.332,0.068,-0.445,0.727,-0.025,-0.529,0.716,-0.702,0.771,0.739,-0.231,0.009,0.067,-0.183,-0.137,0.374,0.329,0.658,-0.24,-0.397,-0.358,0.144,-0.108,-0.633,-0.443,-0.42,-0.212,-0.101,-0.681,-0.58,-0.485,-0.16,0.301,-0.362,0.604,-0.209,-0.641,0.126,0.096,0.453,0.193,-0.013,-0.473,-0.764,0.527,-0.375,0.511,0.019,-0.506,0.687,-0.34,-0.742,0.364,-0.411,0.325,0.56,-0.313,0.103,-0.347,0.134,-0.389,0.568,-0.251,-0.136,0.282,0.077,-0.265,-0.299,-0.269,0.517,-0.442,0.083,-0.323,0.192,-0.256,-0.483,0.304,-0.369,-0.45,-0.31,0.551,-0.284,-0.254,-0.063,-0.707,-0.055,0.436,-0.286,-0.286,0.399,0.79,-0.397,0.61,-0.632,-0.344,-0.341,-0.254,0.459,0.074,-0.675,0.563,-0.3,-0.502,-0.232,-0.639,0.804,0.677,-0.286,-0.588,-0.382,-0.578,0.04,-0.453,0.692,-0.542,-0.553,-0.627,-0.549,0.008,-0.366,0.363,0.365,-0.383,-0.661,0.461
ADP,0.505,-0.547,0.0,-0.907,-0.676,-0.325,-0.713,0.247,0.768,0.749,0.428,0.902,-0.597,-0.417,-0.578,0.42,-0.609,0.202,0.635,0.737,0.851,-0.786,0.394,0.85,0.722,-0.18,0.708,0.728,0.664,0.83,0.841,0.885,-0.483,0.749,0.904,0.918,0.957,0.719,-0.171,-0.306,-0.815,0.722,-0.891,-0.837,-0.912,-0.058,-0.161,0.876,0.844,-0.584,-0.211,-0.132,0.84,0.175,0.729,-0.305,0.786,0.918,0.101,0.409,0.654,0.838,-0.589,-0.732,0.055,-0.661,-0.908,0.796,-0.11,-0.334,-0.915,0.784,-0.381,-0.379,0.752,-0.144,0.318,0.931,-0.789,-0.064,0.812,-0.337,0.302,-0.768,-0.807,-0.327,0.548,0.62,0.481,-0.542,-0.853,-0.886,0.076,-0.481,0.888,-0.105,-0.698,0.806,0.694,0.883,0.778,0.77,0.57,0.881,0.856,0.86,0.281,0.214,0.686,-0.03,0.782,0.919,-0.428,0.506,-0.228,-0.457,0.769,0.871,0.611,0.125,0.893,-0.232,-0.044,0.834,-0.542,0.898,0.484,0.24,0.005,0.144,-0.215,0.66,-0.336,0.404,-0.797,0.897,-0.911,0.439,0.311,-0.89,-0.272,0.528,0.846,-0.182,-0.864,0.902,-0.745,0.912,-0.349,0.721,0.204,0.203,0.839,0.874,0.832,-0.935,0.316,0.689,0.494,0.819,0.552,-0.903,-0.041,0.829,-0.145,-0.591,0.423,-0.371,0.789,0.294,0.936,0.56,-0.918,0.158,0.861,-0.393,0.914,0.925,-0.268,0.747,-0.836,-0.223,0.891,0.941,-0.063,0.696,0.485,-0.147,-0.726,0.892,0.938,0.141,0.946,0.359,0.585,-0.416,-0.38,-0.298,0.425,-0.662
AFYA,-0.44,0.714,-0.907,0.0,0.5,0.142,0.543,-0.159,-0.842,-0.722,-0.349,-0.879,0.638,0.489,0.68,-0.309,0.702,-0.041,-0.551,-0.78,-0.731,0.747,-0.161,-0.875,-0.58,0.24,-0.764,-0.68,-0.611,-0.772,-0.778,-0.84,0.37,-0.815,-0.875,-0.821,-0.91,-0.648,0.092,0.477,0.859,-0.664,0.891,0.8,0.816,0.04,0.137,-0.717,-0.721,0.609,0.134,0.226,-0.835,-0.121,-0.639,0.282,-0.701,-0.883,-0.277,-0.502,-0.59,-0.715,0.432,0.809,0.198,0.664,0.92,-0.799,0.042,0.189,0.834,-0.777,0.525,0.111,-0.76,0.042,-0.294,-0.862,0.829,0.045,-0.82,0.482,-0.467,0.829,0.877,0.119,-0.4,-0.5,-0.42,0.322,0.749,0.747,0.163,0.288,-0.812,-0.046,0.586,-0.642,-0.728,-0.796,-0.774,-0.706,-0.503,-0.901,-0.861,-0.816,-0.279,-0.094,-0.642,0.195,-0.638,-0.905,0.344,-0.377,0.291,0.389,-0.588,-0.863,-0.743,0.068,-0.814,0.321,-0.043,-0.832,0.591,-0.807,-0.618,-0.1,-0.073,-0.048,0.342,-0.677,0.188,-0.487,0.609,-0.839,0.868,-0.53,-0.36,0.736,0.207,-0.517,-0.777,-0.034,0.83,-0.846,0.52,-0.804,0.244,-0.661,-0.368,-0.109,-0.779,-0.855,-0.751,0.896,-0.29,-0.674,-0.42,-0.87,-0.524,0.818,-0.094,-0.745,0.218,0.707,-0.542,0.44,-0.819,-0.351,-0.822,-0.502,0.811,-0.119,-0.881,0.48,-0.77,-0.9,0.207,-0.815,0.895,0.376,-0.781,-0.92,-0.058,-0.733,-0.376,-0.093,0.763,-0.895,-0.901,-0.269,-0.901,-0.292,-0.595,0.392,0.316,0.117,-0.625,0.663
AGNC,-0.308,0.113,-0.676,0.5,0.0,0.635,0.641,-0.156,-0.307,-0.263,-0.47,-0.556,0.433,0.186,0.178,-0.472,0.375,-0.573,-0.478,-0.312,-0.736,0.445,-0.62,-0.449,-0.676,-0.106,-0.24,-0.244,-0.343,-0.7,-0.597,-0.583,0.516,-0.35,-0.6,-0.661,-0.64,-0.45,0.375,-0.087,0.396,-0.552,0.487,0.665,0.798,0.122,0.136,-0.84,-0.65,0.397,0.429,-0.155,-0.546,-0.001,-0.502,0.431,-0.545,-0.536,0.021,-0.311,-0.511,-0.64,0.711,0.384,-0.468,0.567,0.504,-0.334,0.292,0.47,0.618,-0.346,0.015,0.628,-0.314,0.152,-0.106,-0.629,0.399,-0.15,-0.443,-0.064,0.199,0.367,0.359,0.49,-0.457,-0.698,-0.609,0.741,0.774,0.769,-0.414,0.811,-0.753,0.492,0.669,-0.767,-0.549,-0.661,-0.391,-0.542,-0.481,-0.512,-0.41,-0.603,0.087,-0.405,-0.27,-0.142,-0.743,-0.555,0.726,-0.47,0.175,0.463,-0.733,-0.54,-0.193,-0.332,-0.591,0.04,0.483,-0.472,0.218,-0.734,-0.011,-0.269,0.415,-0.172,0.144,-0.305,0.61,0.119,0.893,-0.644,0.521,-0.104,0.08,0.84,0.329,-0.239,-0.751,0.736,0.64,-0.569,0.854,-0.674,0.119,-0.447,0.364,-0.232,-0.575,-0.652,-0.5,0.566,0.023,-0.319,-0.188,-0.416,-0.344,0.732,0.575,-0.565,0.206,0.251,0.154,0.223,-0.379,0.173,-0.771,-0.302,0.69,-0.009,-0.461,-0.095,-0.816,-0.592,0.494,-0.213,0.42,0.077,-0.782,-0.576,0.185,-0.396,-0.224,0.619,0.446,-0.49,-0.715,0.231,-0.6,-0.604,-0.197,0.519,0.376,0.472,0.137,0.354
AGYS,-0.171,0.035,-0.325,0.142,0.635,0.0,0.396,0.229,0.138,0.023,-0.059,-0.093,0.177,0.202,0.111,0.116,0.003,-0.254,0.036,0.089,-0.251,-0.006,-0.548,0.036,-0.117,0.072,0.247,0.186,0.198,-0.435,-0.254,-0.079,0.548,0.038,-0.139,-0.19,-0.243,-0.173,0.107,-0.372,0.102,0.054,0.126,0.287,0.407,0.029,0.459,-0.498,-0.133,0.453,0.722,0.055,-0.095,0.34,0.07,0.65,-0.04,-0.028,0.04,-0.332,-0.022,-0.133,0.606,0.033,-0.365,0.117,0.112,0.07,0.543,0.459,0.198,0.16,0.01,0.458,0.172,-0.02,0.284,-0.205,0.058,-0.455,0.041,0.035,0.296,0.079,0.041,0.307,-0.329,-0.219,-0.42,0.568,0.393,0.447,-0.237,0.535,-0.293,0.212,0.215,-0.282,-0.451,-0.205,0.161,-0.0,0.006,-0.115,0.097,-0.127,0.46,-0.076,0.172,0.113,-0.386,-0.258,0.607,-0.031,0.328,0.041,-0.267,-0.082,0.118,-0.105,-0.115,0.103,0.639,0.086,0.305,-0.235,0.191,-0.133,-0.114,0.145,0.198,0.294,0.764,0.488,0.555,-0.139,0.092,0.382,0.393,0.463,0.154,0.296,-0.315,0.735,0.226,-0.058,0.693,-0.219,0.098,0.05,0.622,0.159,-0.036,-0.233,0.018,0.135,0.096,-0.028,0.205,-0.021,0.127,0.39,0.464,-0.042,0.362,0.179,0.501,0.428,0.12,0.422,-0.336,0.09,0.374,0.072,-0.078,-0.175,-0.382,-0.121,0.103,0.167,0.126,0.291,-0.339,-0.135,-0.003,-0.106,0.193,0.599,0.136,0.039,-0.295,-0.061,-0.156,-0.404,0.348,0.458,0.45,0.283,0.432,0.048
ALT,-0.37,-0.021,-0.713,0.543,0.641,0.396,0.0,-0.245,-0.322,-0.362,-0.491,-0.603,0.29,0.315,0.049,-0.484,0.177,-0.498,-0.491,-0.349,-0.678,0.436,-0.491,-0.493,-0.64,-0.041,-0.305,-0.518,-0.518,-0.579,-0.62,-0.622,0.441,-0.362,-0.602,-0.728,-0.663,-0.506,0.433,-0.096,0.381,-0.603,0.487,0.592,0.664,0.067,0.047,-0.755,-0.663,0.341,0.22,-0.172,-0.461,-0.256,-0.632,0.173,-0.628,-0.64,0.197,0.018,-0.477,-0.757,0.708,0.324,-0.482,0.338,0.539,-0.421,0.134,0.631,0.634,-0.513,-0.036,0.687,-0.474,0.426,-0.315,-0.668,0.336,0.056,-0.445,-0.116,0.182,0.298,0.381,0.509,-0.605,-0.691,-0.321,0.773,0.669,0.755,-0.499,0.654,-0.643,0.287,0.671,-0.784,-0.317,-0.638,-0.495,-0.655,-0.495,-0.441,-0.521,-0.57,-0.143,-0.335,-0.426,-0.295,-0.673,-0.557,0.453,-0.518,0.056,0.233,-0.793,-0.592,-0.131,-0.448,-0.702,0.008,0.097,-0.511,0.153,-0.713,0.001,-0.57,0.208,-0.322,-0.099,-0.413,0.343,-0.192,0.772,-0.669,0.603,-0.225,-0.365,0.75,0.099,-0.303,-0.664,0.357,0.625,-0.661,0.755,-0.73,0.242,-0.542,0.183,-0.397,-0.599,-0.662,-0.643,0.671,-0.255,-0.675,-0.399,-0.333,-0.51,0.704,0.211,-0.652,-0.097,0.146,-0.115,0.054,-0.404,-0.064,-0.773,-0.397,0.704,-0.268,-0.441,0.07,-0.752,-0.676,0.515,-0.356,0.393,-0.199,-0.749,-0.599,0.408,-0.266,-0.57,0.502,0.261,-0.573,-0.643,0.236,-0.618,-0.279,-0.345,0.283,0.035,0.672,0.012,0.4
AMGN,0.271,0.119,0.247,-0.159,-0.156,0.229,-0.245,0.0,0.339,0.22,0.703,0.345,0.071,0.348,0.306,0.778,-0.106,0.439,0.785,0.174,0.525,-0.531,0.151,0.347,0.625,0.653,0.531,0.554,0.733,0.064,0.316,0.513,0.377,0.158,0.411,0.378,0.342,0.124,-0.578,-0.293,-0.031,0.692,-0.163,-0.223,-0.37,0.166,0.379,0.333,0.433,0.47,0.613,0.733,0.433,0.599,0.709,0.53,0.682,0.425,-0.382,-0.301,0.704,0.602,0.156,-0.156,0.29,-0.314,-0.352,0.237,0.52,-0.04,-0.417,0.575,0.197,-0.121,0.512,-0.523,0.806,0.367,-0.112,-0.581,0.534,0.437,-0.14,0.018,-0.028,-0.355,0.094,0.456,0.331,-0.159,-0.406,-0.298,0.434,-0.17,0.476,-0.16,-0.181,0.446,-0.031,0.245,0.65,0.696,0.687,0.292,0.272,0.546,0.49,0.65,0.429,0.593,0.313,0.208,0.105,0.825,0.691,-0.366,0.456,0.43,-0.081,0.549,0.471,0.569,0.332,0.54,0.455,0.401,-0.059,0.221,-0.437,0.485,0.549,0.687,0.458,0.517,-0.218,0.47,-0.318,0.241,0.081,-0.308,-0.152,0.775,0.347,0.237,-0.315,0.473,-0.243,0.425,-0.157,0.743,0.385,0.793,0.629,0.377,0.577,-0.303,-0.288,0.3,0.753,0.289,0.509,-0.401,0.215,0.639,0.524,0.296,0.122,0.53,0.466,0.306,0.409,0.437,-0.303,-0.132,0.378,0.141,0.357,0.426,-0.117,0.203,-0.118,0.518,0.392,0.277,-0.556,0.207,0.576,-0.341,-0.231,0.381,0.156,-0.143,0.347,0.352,0.435,0.168,0.177,-0.484,0.153,-0.152
AMPH,0.263,-0.692,0.768,-0.842,-0.307,0.138,-0.322,0.339,0.0,0.812,0.289,0.898,-0.634,-0.398,-0.676,0.402,-0.808,-0.11,0.604,0.858,0.73,-0.823,-0.072,0.926,0.589,-0.262,0.87,0.783,0.771,0.585,0.617,0.857,-0.274,0.92,0.82,0.787,0.8,0.47,-0.089,-0.747,-0.874,0.714,-0.906,-0.685,-0.706,0.083,0.06,0.579,0.779,-0.419,0.161,-0.203,0.79,0.133,0.69,-0.081,0.648,0.855,0.323,0.354,0.582,0.655,-0.173,-0.916,-0.323,-0.693,-0.876,0.906,0.246,0.143,-0.84,0.871,-0.624,0.002,0.881,0.048,0.413,0.749,-0.925,-0.249,0.861,-0.368,0.679,-0.888,-0.903,-0.145,0.15,0.373,0.276,-0.06,-0.641,-0.616,-0.313,-0.111,0.743,0.137,-0.612,0.482,0.579,0.811,0.886,0.73,0.568,0.897,0.891,0.811,0.545,0.013,0.668,-0.217,0.526,0.8,-0.138,0.398,-0.207,-0.569,0.428,0.828,0.801,-0.195,0.795,-0.113,0.223,0.916,-0.459,0.715,0.8,-0.051,0.025,0.148,-0.328,0.8,0.116,0.566,-0.483,0.833,-0.884,0.53,0.325,-0.627,-0.242,0.699,0.696,0.244,-0.838,0.858,-0.318,0.7,-0.247,0.699,0.65,0.249,0.812,0.709,0.785,-0.864,0.196,0.433,0.475,0.96,0.503,-0.669,0.213,0.774,-0.193,-0.713,0.713,-0.239,0.933,0.595,0.687,0.638,-0.733,0.052,0.932,-0.612,0.664,0.815,-0.032,0.876,-0.909,-0.31,0.613,0.861,0.091,0.831,0.478,0.218,-0.77,0.898,0.772,0.261,0.871,0.176,0.825,-0.133,-0.303,0.089,0.724,-0.791
AMZN,0.498,-0.625,0.749,-0.722,-0.263,0.023,-0.362,0.22,0.812,0.0,0.117,0.811,-0.457,-0.201,-0.624,0.256,-0.572,-0.189,0.534,0.815,0.642,-0.794,0.051,0.805,0.482,-0.364,0.685,0.805,0.667,0.454,0.573,0.758,-0.277,0.773,0.72,0.701,0.74,0.422,0.104,-0.538,-0.796,0.51,-0.804,-0.514,-0.67,-0.083,0.098,0.535,0.722,-0.358,0.071,-0.312,0.689,0.167,0.594,0.02,0.577,0.793,0.131,0.188,0.45,0.614,-0.266,-0.76,-0.32,-0.451,-0.796,0.874,0.185,0.106,-0.785,0.786,-0.585,-0.145,0.72,-0.127,0.266,0.669,-0.825,-0.35,0.719,-0.4,0.588,-0.775,-0.824,-0.264,0.428,0.196,0.08,-0.215,-0.635,-0.627,-0.178,0.033,0.571,0.304,-0.496,0.448,0.445,0.739,0.741,0.582,0.481,0.773,0.875,0.678,0.67,-0.006,0.702,-0.157,0.519,0.797,-0.183,0.35,-0.186,-0.443,0.433,0.643,0.727,-0.115,0.789,-0.219,0.219,0.774,-0.464,0.609,0.728,0.026,0.303,0.174,-0.182,0.608,0.05,0.524,-0.443,0.723,-0.858,0.264,0.361,-0.578,-0.331,0.558,0.514,0.19,-0.729,0.805,-0.376,0.719,-0.483,0.648,0.576,0.226,0.711,0.59,0.775,-0.818,0.387,0.409,0.486,0.777,0.39,-0.588,0.398,0.702,-0.032,-0.561,0.547,-0.269,0.84,0.687,0.645,0.708,-0.701,0.179,0.793,-0.599,0.632,0.662,0.062,0.855,-0.825,-0.15,0.529,0.781,0.003,0.68,0.58,0.166,-0.617,0.748,0.658,0.318,0.812,-0.037,0.765,-0.096,-0.366,0.02,0.485,-0.745
ANIP,0.356,0.164,0.428,-0.349,-0.47,-0.059,-0.491,0.703,0.289,0.117,0.0,0.472,-0.042,0.172,0.312,0.838,-0.251,0.726,0.73,0.214,0.65,-0.47,0.529,0.461,0.84,0.674,0.43,0.429,0.602,0.412,0.589,0.628,0.064,0.181,0.637,0.528,0.49,0.336,-0.819,-0.159,-0.137,0.816,-0.198,-0.479,-0.546,-0.128,0.27,0.635,0.56,0.254,0.187,0.705,0.593,0.61,0.768,0.264,0.736,0.539,-0.33,-0.021,0.83,0.747,-0.177,-0.148,0.542,-0.451,-0.452,0.251,0.051,-0.287,-0.477,0.53,0.394,-0.352,0.468,-0.526,0.618,0.569,-0.155,-0.257,0.539,0.34,-0.33,-0.054,-0.109,-0.344,0.346,0.826,0.563,-0.467,-0.643,-0.488,0.585,-0.627,0.653,-0.39,-0.413,0.752,0.178,0.423,0.606,0.794,0.676,0.337,0.334,0.587,0.216,0.75,0.41,0.696,0.61,0.387,-0.229,0.772,0.522,-0.463,0.761,0.567,-0.0,0.673,0.552,0.323,0.066,0.547,0.293,0.639,-0.215,0.473,-0.644,0.547,0.42,0.695,0.14,0.264,-0.49,0.622,-0.34,0.304,0.191,-0.599,-0.304,0.597,0.67,-0.187,-0.429,0.529,-0.547,0.627,0.057,0.737,0.118,0.574,0.659,0.581,0.608,-0.376,-0.325,0.442,0.64,0.326,0.626,-0.623,-0.133,0.688,0.41,0.237,0.06,0.252,0.376,-0.034,0.617,0.446,-0.387,-0.217,0.344,0.342,0.632,0.567,-0.376,0.192,-0.134,0.463,0.672,0.439,-0.402,0.264,0.463,-0.505,-0.291,0.5,0.447,-0.311,0.481,0.675,0.312,-0.095,0.055,-0.611,0.002,-0.102
AOSL,0.388,-0.518,0.902,-0.879,-0.556,-0.093,-0.603,0.345,0.898,0.811,0.472,0.0,-0.61,-0.347,-0.529,0.547,-0.698,0.136,0.695,0.866,0.886,-0.844,0.262,0.969,0.779,-0.163,0.806,0.839,0.81,0.705,0.804,0.957,-0.424,0.887,0.927,0.919,0.909,0.554,-0.242,-0.54,-0.87,0.829,-0.89,-0.788,-0.859,-0.001,0.107,0.822,0.922,-0.436,0.025,-0.077,0.844,0.256,0.829,-0.098,0.781,0.938,0.087,0.279,0.697,0.851,-0.421,-0.842,0.001,-0.651,-0.918,0.91,0.122,-0.112,-0.942,0.915,-0.44,-0.339,0.878,-0.171,0.443,0.89,-0.873,-0.235,0.873,-0.214,0.438,-0.819,-0.874,-0.385,0.459,0.602,0.404,-0.411,-0.84,-0.826,0.015,-0.393,0.858,0.015,-0.764,0.721,0.608,0.925,0.906,0.853,0.676,0.881,0.934,0.872,0.523,0.208,0.724,0.005,0.737,0.902,-0.381,0.57,-0.154,-0.574,0.701,0.885,0.721,0.079,0.944,-0.089,0.138,0.945,-0.399,0.874,0.636,0.207,-0.071,0.323,-0.204,0.805,-0.078,0.484,-0.734,0.968,-0.941,0.501,0.4,-0.838,-0.341,0.67,0.872,-0.018,-0.914,0.962,-0.61,0.904,-0.297,0.811,0.428,0.375,0.918,0.836,0.92,-0.949,0.206,0.6,0.573,0.903,0.611,-0.823,0.08,0.909,-0.089,-0.596,0.582,-0.212,0.886,0.527,0.886,0.745,-0.853,0.181,0.915,-0.451,0.875,0.899,-0.2,0.877,-0.866,-0.146,0.832,0.943,-0.082,0.811,0.642,-0.071,-0.711,0.934,0.901,0.094,0.964,0.337,0.794,-0.173,-0.312,-0.214,0.504,-0.811
APDN,-0.01,0.549,-0.597,0.638,0.433,0.177,0.29,0.071,-0.634,-0.457,-0.042,-0.61,0.0,0.527,0.647,-0.048,0.582,0.023,-0.138,-0.703,-0.539,0.39,-0.127,-0.644,-0.3,0.463,-0.441,-0.324,-0.325,-0.49,-0.352,-0.496,0.485,-0.709,-0.511,-0.621,-0.508,-0.249,-0.045,0.319,0.787,-0.385,0.66,0.574,0.556,0.124,0.057,-0.488,-0.538,0.655,0.236,0.424,-0.447,0.253,-0.311,0.447,-0.263,-0.523,-0.474,-0.386,-0.154,-0.318,0.508,0.751,0.159,0.461,0.591,-0.525,-0.016,0.079,0.544,-0.38,0.623,0.236,-0.496,-0.256,0.004,-0.449,0.749,-0.072,-0.41,0.301,-0.335,0.802,0.787,0.161,-0.096,-0.217,-0.166,0.2,0.433,0.574,0.338,0.235,-0.557,-0.041,0.621,-0.306,-0.495,-0.692,-0.436,-0.381,-0.348,-0.662,-0.576,-0.511,-0.032,0.169,-0.259,0.456,-0.435,-0.597,0.342,-0.06,0.619,0.344,-0.232,-0.474,-0.635,0.364,-0.48,0.301,0.409,-0.536,0.487,-0.458,-0.551,0.113,-0.039,0.162,0.722,-0.327,0.302,-0.094,0.52,-0.547,0.584,-0.31,-0.142,0.531,0.123,-0.215,-0.559,0.189,0.699,-0.524,0.394,-0.446,-0.161,-0.256,-0.13,0.07,-0.441,-0.529,-0.421,0.621,-0.178,-0.238,0.028,-0.631,-0.306,0.509,0.184,-0.403,0.516,0.751,-0.383,0.517,-0.547,-0.222,-0.537,-0.353,0.578,-0.183,-0.66,0.507,-0.5,-0.54,0.282,-0.598,0.722,0.539,-0.442,-0.633,-0.177,-0.531,-0.13,-0.069,0.564,-0.536,-0.655,-0.151,-0.61,-0.126,-0.371,0.295,0.306,-0.082,-0.429,0.641
APLT,0.108,0.414,-0.417,0.489,0.186,0.202,0.315,0.348,-0.398,-0.201,0.172,-0.347,0.527,0.0,0.598,0.227,0.456,0.253,0.095,-0.312,-0.178,0.119,0.079,-0.346,0.003,0.6,-0.264,-0.131,-0.059,-0.505,-0.174,-0.233,0.485,-0.512,-0.278,-0.37,-0.345,-0.302,-0.108,0.238,0.494,-0.081,0.538,0.396,0.228,-0.147,0.325,-0.246,-0.245,0.768,0.345,0.532,-0.165,0.361,-0.004,0.539,-0.014,-0.297,-0.56,-0.444,0.096,-0.106,0.334,0.516,0.209,0.279,0.33,-0.367,0.218,0.186,0.279,-0.159,0.477,-0.003,-0.302,-0.445,0.167,-0.333,0.475,-0.364,-0.208,0.41,-0.458,0.595,0.525,-0.151,0.025,-0.098,0.011,0.019,0.124,0.279,0.423,0.123,-0.279,-0.012,0.363,-0.104,-0.505,-0.418,-0.164,-0.091,0.017,-0.403,-0.315,-0.225,0.192,0.527,-0.054,0.544,-0.212,-0.376,0.191,0.271,0.683,0.156,-0.054,-0.355,-0.47,0.431,-0.219,0.38,0.115,-0.23,0.54,-0.288,-0.451,-0.022,-0.203,0.387,0.615,-0.035,0.324,-0.038,0.303,-0.267,0.371,-0.303,-0.269,0.283,-0.284,0.055,-0.298,0.077,0.449,-0.272,0.163,-0.156,-0.045,0.066,0.054,0.317,-0.113,-0.29,-0.103,0.422,-0.379,-0.252,0.283,-0.399,-0.107,0.295,0.158,-0.079,0.546,0.735,-0.41,0.451,-0.267,-0.028,-0.246,-0.026,0.416,-0.087,-0.393,0.446,-0.251,-0.398,0.12,-0.338,0.52,0.571,-0.222,-0.402,-0.288,-0.306,0.092,-0.215,0.317,-0.372,-0.459,-0.288,-0.333,0.072,-0.18,0.372,0.155,-0.204,-0.435,0.393
APVO,-0.172,0.867,-0.578,0.68,0.178,0.111,0.049,0.306,-0.676,-0.624,0.312,-0.529,0.647,0.598,0.0,0.273,0.651,0.469,-0.039,-0.634,-0.295,0.463,0.177,-0.567,-0.033,0.698,-0.487,-0.317,-0.178,-0.548,-0.341,-0.398,0.458,-0.708,-0.458,-0.448,-0.55,-0.451,-0.479,0.462,0.766,-0.098,0.762,0.515,0.445,-0.04,0.388,-0.271,-0.349,0.771,0.282,0.73,-0.466,0.348,-0.081,0.546,-0.136,-0.493,-0.597,-0.676,-0.042,-0.151,0.219,0.736,0.609,0.468,0.595,-0.63,0.133,-0.194,0.49,-0.366,0.77,-0.227,-0.434,-0.52,0.171,-0.462,0.765,-0.215,-0.465,0.753,-0.762,0.837,0.792,-0.186,-0.074,0.072,-0.136,-0.129,0.301,0.364,0.672,-0.125,-0.381,-0.277,0.273,-0.107,-0.678,-0.535,-0.347,-0.137,0.005,-0.677,-0.599,-0.417,-0.073,0.44,-0.351,0.715,-0.244,-0.634,0.122,0.227,0.676,0.214,-0.025,-0.466,-0.802,0.628,-0.374,0.534,0.091,-0.453,0.86,-0.38,-0.81,0.331,-0.469,0.355,0.73,-0.213,0.272,-0.24,0.254,-0.386,0.597,-0.311,-0.12,0.322,0.047,-0.135,-0.335,-0.115,0.512,-0.441,0.113,-0.319,0.2,-0.113,-0.327,0.428,-0.308,-0.404,-0.272,0.579,-0.444,-0.211,0.075,-0.717,-0.033,0.348,-0.086,-0.238,0.623,0.91,-0.511,0.645,-0.57,-0.287,-0.354,-0.173,0.494,-0.112,-0.661,0.655,-0.342,-0.487,-0.19,-0.648,0.807,0.792,-0.299,-0.61,-0.542,-0.644,0.095,-0.453,0.64,-0.549,-0.592,-0.562,-0.578,0.089,-0.367,0.358,0.455,-0.484,-0.662,0.534
ARGX,0.287,0.167,0.42,-0.309,-0.472,0.116,-0.484,0.778,0.402,0.256,0.838,0.547,-0.048,0.227,0.273,0.0,-0.285,0.625,0.869,0.311,0.697,-0.629,0.375,0.522,0.875,0.62,0.511,0.571,0.77,0.293,0.543,0.69,0.101,0.264,0.614,0.557,0.518,0.289,-0.701,-0.296,-0.177,0.855,-0.293,-0.465,-0.564,-0.043,0.411,0.609,0.671,0.348,0.382,0.676,0.602,0.642,0.863,0.398,0.777,0.6,-0.38,-0.179,0.841,0.795,-0.142,-0.245,0.446,-0.494,-0.452,0.383,0.234,-0.152,-0.555,0.653,0.293,-0.382,0.545,-0.532,0.644,0.575,-0.251,-0.492,0.628,0.406,-0.213,-0.11,-0.169,-0.45,0.307,0.763,0.441,-0.437,-0.661,-0.466,0.587,-0.546,0.629,-0.477,-0.535,0.737,0.071,0.495,0.711,0.829,0.713,0.367,0.471,0.627,0.461,0.702,0.53,0.706,0.581,0.337,-0.217,0.83,0.566,-0.59,0.753,0.571,0.066,0.68,0.653,0.372,0.18,0.658,0.356,0.657,-0.041,0.357,-0.658,0.651,0.445,0.76,0.244,0.404,-0.5,0.668,-0.469,0.354,0.23,-0.588,-0.287,0.779,0.625,-0.073,-0.486,0.645,-0.464,0.649,-0.169,0.811,0.264,0.761,0.76,0.551,0.719,-0.478,-0.224,0.384,0.731,0.383,0.535,-0.554,-0.135,0.775,0.465,0.225,0.136,0.455,0.523,0.188,0.611,0.58,-0.427,-0.124,0.417,0.216,0.64,0.575,-0.37,0.284,-0.191,0.571,0.648,0.448,-0.481,0.321,0.659,-0.465,-0.323,0.585,0.441,-0.442,0.525,0.504,0.57,0.014,0.07,-0.552,0.046,-0.249
ARLP,-0.248,0.662,-0.609,0.702,0.375,0.003,0.177,-0.106,-0.808,-0.572,-0.251,-0.698,0.582,0.456,0.651,-0.285,0.0,0.063,-0.423,-0.653,-0.54,0.624,0.067,-0.737,-0.507,0.257,-0.643,-0.419,-0.458,-0.635,-0.487,-0.658,0.344,-0.741,-0.722,-0.573,-0.655,-0.46,0.141,0.728,0.753,-0.536,0.774,0.708,0.58,0.11,0.133,-0.493,-0.649,0.447,0.052,0.253,-0.748,0.081,-0.453,0.336,-0.431,-0.653,-0.45,-0.609,-0.461,-0.441,0.118,0.779,0.366,0.772,0.696,-0.734,0.154,-0.212,0.596,-0.59,0.497,-0.137,-0.6,-0.3,-0.053,-0.595,0.82,-0.008,-0.71,0.476,-0.636,0.824,0.75,-0.121,-0.03,-0.364,-0.31,-0.037,0.563,0.41,0.388,0.222,-0.631,0.022,0.527,-0.404,-0.599,-0.712,-0.637,-0.521,-0.273,-0.764,-0.668,-0.619,-0.195,0.081,-0.441,0.276,-0.53,-0.669,0.201,-0.092,0.347,0.733,-0.349,-0.702,-0.753,0.303,-0.523,0.28,0.017,-0.699,0.524,-0.631,-0.666,0.168,0.122,0.121,0.448,-0.594,0.052,-0.252,0.409,-0.635,0.645,-0.384,-0.197,0.576,0.217,-0.508,-0.624,-0.003,0.698,-0.618,0.246,-0.485,0.021,-0.426,-0.454,0.082,-0.574,-0.623,-0.498,0.672,-0.123,-0.193,-0.172,-0.832,-0.276,0.568,0.05,-0.508,0.421,0.696,-0.523,0.421,-0.719,-0.216,-0.498,-0.393,0.54,0.366,-0.705,0.391,-0.595,-0.643,0.086,-0.613,0.757,0.426,-0.526,-0.674,-0.379,-0.7,-0.097,-0.21,0.821,-0.74,-0.72,-0.276,-0.695,-0.28,-0.606,0.415,0.426,-0.325,-0.582,0.542
ATEX,0.178,0.445,0.202,-0.041,-0.573,-0.254,-0.498,0.439,-0.11,-0.189,0.726,0.136,0.023,0.253,0.469,0.625,0.063,0.0,0.408,-0.09,0.441,-0.087,0.545,0.07,0.601,0.606,-0.0,0.057,0.246,0.294,0.298,0.277,-0.022,-0.139,0.279,0.335,0.194,0.167,-0.703,0.339,0.158,0.521,0.107,-0.307,-0.357,-0.203,0.198,0.495,0.333,0.236,-0.049,0.645,0.225,0.317,0.453,0.066,0.437,0.208,-0.293,-0.122,0.477,0.477,-0.375,0.124,0.727,-0.269,-0.137,-0.126,-0.125,-0.494,-0.179,0.118,0.558,-0.573,0.109,-0.461,0.384,0.26,0.163,-0.038,0.139,0.449,-0.623,0.237,0.191,-0.404,0.303,0.712,0.44,-0.619,-0.431,-0.394,0.711,-0.715,0.426,-0.589,-0.371,0.632,-0.029,0.185,0.195,0.462,0.455,0.042,0.01,0.242,-0.101,0.752,0.097,0.611,0.448,0.065,-0.312,0.551,0.342,-0.228,0.631,0.225,-0.292,0.668,0.269,0.283,-0.296,0.168,0.367,0.402,-0.557,0.476,-0.714,0.41,0.374,0.282,-0.161,-0.098,-0.503,0.319,-0.031,0.13,0.04,-0.464,-0.321,0.218,0.466,-0.53,-0.195,0.235,-0.565,0.393,0.229,0.357,-0.358,0.428,0.326,0.349,0.273,-0.109,-0.384,0.238,0.267,-0.067,0.377,-0.378,-0.492,0.366,0.272,0.402,-0.284,0.221,0.012,-0.363,0.438,0.115,-0.198,-0.132,-0.002,0.496,0.455,0.253,-0.607,-0.185,0.17,0.479,0.5,0.147,-0.427,-0.1,0.253,-0.695,0.023,0.147,0.23,-0.559,0.178,0.557,-0.024,-0.121,0.021,-0.687,-0.354,0.11
ATRA,0.524,-0.162,0.635,-0.551,-0.478,0.036,-0.491,0.785,0.604,0.534,0.73,0.695,-0.138,0.095,-0.039,0.869,-0.423,0.408,0.0,0.474,0.755,-0.85,0.304,0.666,0.85,0.445,0.71,0.744,0.846,0.449,0.703,0.816,0.11,0.42,0.77,0.666,0.752,0.463,-0.488,-0.428,-0.377,0.85,-0.561,-0.612,-0.731,0.032,0.229,0.676,0.742,0.136,0.355,0.48,0.804,0.565,0.883,0.293,0.911,0.771,-0.274,0.031,0.918,0.883,-0.147,-0.429,0.175,-0.599,-0.67,0.58,0.201,-0.151,-0.725,0.814,0.039,-0.217,0.681,-0.445,0.663,0.767,-0.447,-0.502,0.852,0.093,0.058,-0.325,-0.38,-0.31,0.43,0.681,0.471,-0.405,-0.769,-0.576,0.409,-0.381,0.756,-0.301,-0.453,0.756,0.298,0.589,0.849,0.867,0.702,0.627,0.646,0.797,0.513,0.598,0.719,0.512,0.612,0.582,-0.185,0.823,0.464,-0.586,0.755,0.757,0.275,0.561,0.79,0.206,0.263,0.802,0.077,0.765,0.2,0.251,-0.35,0.506,0.345,0.829,0.198,0.618,-0.531,0.78,-0.688,0.394,0.204,-0.653,-0.247,0.89,0.671,0.073,-0.613,0.802,-0.491,0.764,-0.417,0.914,0.413,0.689,0.896,0.725,0.838,-0.688,-0.041,0.538,0.822,0.605,0.552,-0.685,0.084,0.872,0.355,-0.019,0.278,0.274,0.739,0.321,0.731,0.598,-0.607,-0.113,0.653,0.0,0.736,0.753,-0.238,0.486,-0.454,0.356,0.749,0.632,-0.406,0.494,0.64,-0.295,-0.542,0.743,0.59,-0.094,0.71,0.441,0.663,-0.144,-0.077,-0.428,0.297,-0.378
AUTL,0.283,-0.589,0.737,-0.78,-0.312,0.089,-0.349,0.174,0.858,0.815,0.214,0.866,-0.703,-0.312,-0.634,0.311,-0.653,-0.09,0.474,0.0,0.696,-0.727,0.045,0.923,0.538,-0.35,0.725,0.754,0.673,0.506,0.605,0.773,-0.319,0.875,0.759,0.751,0.715,0.407,0.002,-0.58,-0.876,0.628,-0.807,-0.617,-0.667,-0.106,0.187,0.575,0.761,-0.412,0.086,-0.295,0.702,0.167,0.632,-0.061,0.55,0.798,0.19,0.274,0.477,0.599,-0.304,-0.817,-0.233,-0.48,-0.811,0.858,0.215,0.111,-0.775,0.785,-0.588,-0.174,0.804,0.007,0.291,0.69,-0.875,-0.275,0.722,-0.315,0.561,-0.844,-0.901,-0.243,0.395,0.31,0.176,-0.169,-0.612,-0.624,-0.226,-0.118,0.641,0.239,-0.609,0.453,0.471,0.806,0.769,0.648,0.505,0.803,0.887,0.686,0.53,0.007,0.658,-0.188,0.556,0.789,-0.226,0.345,-0.276,-0.468,0.429,0.704,0.833,-0.165,0.765,-0.221,0.122,0.829,-0.429,0.649,0.741,0.025,0.1,0.197,-0.402,0.682,0.052,0.467,-0.499,0.781,-0.827,0.476,0.434,-0.612,-0.283,0.554,0.659,0.149,-0.758,0.801,-0.361,0.703,-0.147,0.628,0.541,0.204,0.736,0.638,0.785,-0.817,0.242,0.453,0.446,0.831,0.485,-0.582,0.223,0.719,-0.149,-0.65,0.647,-0.307,0.804,0.643,0.666,0.695,-0.636,0.25,0.841,-0.538,0.645,0.715,-0.109,0.944,-0.823,-0.25,0.593,0.815,0.096,0.736,0.527,0.198,-0.665,0.8,0.737,0.194,0.849,0.1,0.766,-0.038,-0.307,0.042,0.606,-0.791
AVDL,0.347,-0.302,0.851,-0.731,-0.736,-0.251,-0.678,0.525,0.73,0.642,0.65,0.886,-0.539,-0.178,-0.295,0.697,-0.54,0.441,0.755,0.696,0.0,-0.784,0.472,0.839,0.884,0.114,0.682,0.737,0.816,0.69,0.736,0.929,-0.397,0.73,0.864,0.922,0.841,0.5,-0.47,-0.321,-0.667,0.889,-0.724,-0.735,-0.917,-0.036,0.167,0.903,0.901,-0.282,-0.045,0.225,0.774,0.305,0.874,-0.087,0.83,0.866,-0.03,0.165,0.755,0.889,-0.535,-0.7,0.316,-0.666,-0.83,0.706,0.153,-0.235,-0.92,0.804,-0.238,-0.539,0.791,-0.317,0.528,0.833,-0.707,-0.222,0.764,0.08,0.104,-0.615,-0.662,-0.607,0.445,0.735,0.562,-0.594,-0.892,-0.9,0.272,-0.599,0.92,-0.208,-0.799,0.838,0.554,0.881,0.843,0.903,0.819,0.773,0.772,0.896,0.442,0.456,0.596,0.196,0.82,0.781,-0.496,0.751,0.009,-0.597,0.808,0.807,0.488,0.288,0.911,0.131,-0.075,0.872,-0.182,0.891,0.334,0.312,-0.3,0.404,-0.059,0.762,-0.147,0.327,-0.847,0.94,-0.835,0.354,0.233,-0.909,-0.418,0.642,0.891,-0.251,-0.886,0.908,-0.797,0.908,-0.213,0.845,0.214,0.52,0.913,0.79,0.884,-0.833,-0.014,0.522,0.587,0.754,0.636,-0.88,-0.145,0.93,0.015,-0.363,0.283,-0.071,0.785,0.33,0.938,0.738,-0.864,0.117,0.818,-0.187,0.919,0.85,-0.339,0.66,-0.703,0.018,0.875,0.855,-0.28,0.69,0.633,-0.423,-0.599,0.817,0.826,-0.113,0.895,0.543,0.642,-0.184,-0.288,-0.49,0.243,-0.678
BCRX,-0.544,0.522,-0.786,0.747,0.445,-0.006,0.436,-0.531,-0.823,-0.794,-0.47,-0.844,0.39,0.119,0.463,-0.629,0.624,-0.087,-0.85,-0.727,-0.784,0.0,-0.175,-0.847,-0.743,-0.07,-0.818,-0.826,-0.84,-0.539,-0.771,-0.879,0.115,-0.687,-0.852,-0.752,-0.869,-0.539,0.193,0.612,0.692,-0.761,0.811,0.705,0.823,-0.002,-0.064,-0.69,-0.803,0.156,-0.223,-0.087,-0.887,-0.392,-0.818,-0.071,-0.829,-0.881,0.069,-0.256,-0.807,-0.821,0.221,0.687,0.128,0.69,0.833,-0.814,-0.165,-0.011,0.852,-0.88,0.314,0.117,-0.789,0.228,-0.498,-0.833,0.746,0.466,-0.928,0.225,-0.386,0.657,0.696,0.238,-0.446,-0.501,-0.433,0.27,0.807,0.648,-0.075,0.231,-0.784,0.036,0.512,-0.675,-0.501,-0.751,-0.896,-0.814,-0.595,-0.808,-0.849,-0.867,-0.553,-0.318,-0.813,-0.16,-0.653,-0.789,0.254,-0.621,-0.137,0.62,-0.641,-0.813,-0.61,-0.23,-0.861,0.039,-0.214,-0.902,0.286,-0.794,-0.566,-0.023,0.051,-0.348,-0.021,-0.816,-0.113,-0.63,0.55,-0.833,0.876,-0.401,-0.252,0.697,0.261,-0.842,-0.692,-0.155,0.73,-0.887,0.466,-0.814,0.515,-0.859,-0.564,-0.421,-0.905,-0.759,-0.876,0.856,-0.136,-0.533,-0.74,-0.834,-0.485,0.726,-0.191,-0.872,-0.095,0.394,-0.455,0.036,-0.904,-0.5,-0.766,-0.683,0.737,0.012,-0.853,0.314,-0.768,-0.833,0.049,-0.743,0.752,-0.006,-0.746,-0.799,0.128,-0.716,-0.585,0.062,0.764,-0.873,-0.736,-0.148,-0.871,-0.264,-0.772,0.204,0.287,0.145,-0.514,0.602
BHAT,0.32,0.212,0.394,-0.161,-0.62,-0.548,-0.491,0.151,-0.072,0.051,0.529,0.262,-0.127,0.079,0.177,0.375,0.067,0.545,0.304,0.045,0.472,-0.175,0.0,0.172,0.53,0.294,0.061,0.099,0.143,0.405,0.445,0.321,-0.351,-0.022,0.367,0.369,0.334,0.278,-0.423,0.335,-0.073,0.346,-0.075,-0.344,-0.472,-0.245,-0.025,0.644,0.374,-0.089,-0.369,0.287,0.278,0.254,0.364,-0.121,0.367,0.263,-0.344,0.031,0.385,0.48,-0.519,0.054,0.664,-0.145,-0.192,0.067,-0.308,-0.464,-0.336,0.116,0.342,-0.645,0.066,-0.393,0.077,0.4,-0.01,0.092,0.147,0.232,-0.507,0.013,-0.016,-0.518,0.564,0.562,0.481,-0.696,-0.529,-0.523,0.608,-0.672,0.421,-0.36,-0.35,0.6,0.25,0.328,0.124,0.355,0.373,0.118,0.119,0.308,-0.093,0.444,0.158,0.446,0.618,0.326,-0.496,0.432,0.114,-0.216,0.641,0.213,-0.144,0.534,0.359,0.058,-0.347,0.153,0.04,0.462,-0.319,0.407,-0.249,0.287,0.176,0.11,-0.442,-0.194,-0.564,0.368,-0.19,-0.097,-0.047,-0.555,-0.303,0.052,0.491,-0.611,-0.256,0.273,-0.731,0.494,-0.076,0.322,-0.377,0.181,0.312,0.343,0.322,-0.221,-0.1,0.242,0.247,0.052,0.259,-0.486,-0.383,0.355,0.132,0.162,-0.322,-0.019,0.034,-0.264,0.524,0.317,-0.377,0.052,0.098,0.376,0.569,0.282,-0.277,-0.006,-0.014,0.23,0.544,0.307,-0.225,0.119,0.219,-0.664,-0.089,0.172,0.378,-0.235,0.3,0.577,-0.076,-0.218,-0.166,-0.586,-0.404,-0.024
BLBD,0.373,-0.576,0.85,-0.875,-0.449,0.036,-0.493,0.347,0.926,0.805,0.461,0.969,-0.644,-0.346,-0.567,0.522,-0.737,0.07,0.666,0.923,0.839,-0.847,0.172,0.0,0.735,-0.158,0.836,0.825,0.807,0.652,0.757,0.931,-0.334,0.909,0.914,0.87,0.863,0.538,-0.218,-0.629,-0.875,0.811,-0.872,-0.756,-0.802,-0.04,0.168,0.731,0.869,-0.385,0.098,-0.101,0.849,0.306,0.805,-0.037,0.736,0.929,0.156,0.317,0.683,0.792,-0.324,-0.857,-0.106,-0.642,-0.911,0.906,0.183,0.011,-0.892,0.903,-0.468,-0.204,0.894,-0.097,0.435,0.852,-0.891,-0.268,0.869,-0.244,0.491,-0.842,-0.896,-0.292,0.402,0.542,0.373,-0.276,-0.779,-0.739,-0.097,-0.293,0.812,0.08,-0.698,0.651,0.589,0.892,0.911,0.831,0.645,0.874,0.943,0.853,0.545,0.155,0.739,-0.023,0.688,0.882,-0.289,0.512,-0.139,-0.568,0.624,0.862,0.796,0.006,0.896,-0.136,0.163,0.952,-0.388,0.828,0.692,0.142,-0.074,0.302,-0.271,0.835,0.041,0.532,-0.617,0.925,-0.91,0.541,0.458,-0.755,-0.298,0.698,0.819,0.092,-0.871,0.928,-0.493,0.847,-0.208,0.795,0.537,0.317,0.888,0.794,0.89,-0.91,0.2,0.573,0.569,0.92,0.605,-0.764,0.148,0.871,-0.063,-0.608,0.635,-0.225,0.902,0.56,0.816,0.748,-0.77,0.141,0.92,-0.448,0.801,0.881,-0.142,0.921,-0.868,-0.168,0.766,0.925,-0.003,0.816,0.595,0.05,-0.731,0.934,0.86,0.156,0.947,0.296,0.811,-0.137,-0.27,-0.114,0.608,-0.773
BMRN,0.441,-0.069,0.722,-0.58,-0.676,-0.117,-0.64,0.625,0.589,0.482,0.84,0.779,-0.3,0.003,-0.033,0.875,-0.507,0.601,0.85,0.538,0.884,-0.743,0.53,0.735,0.0,0.368,0.625,0.674,0.788,0.623,0.762,0.868,-0.224,0.502,0.854,0.807,0.762,0.522,-0.629,-0.308,-0.484,0.937,-0.567,-0.705,-0.799,-0.146,0.192,0.848,0.881,-0.015,0.107,0.434,0.795,0.514,0.925,0.088,0.88,0.801,-0.245,0.099,0.89,0.926,-0.363,-0.459,0.426,-0.653,-0.692,0.608,0.032,-0.249,-0.789,0.767,0.102,-0.496,0.702,-0.421,0.567,0.804,-0.52,-0.295,0.77,0.168,-0.055,-0.408,-0.451,-0.476,0.496,0.873,0.576,-0.557,-0.855,-0.723,0.483,-0.683,0.857,-0.362,-0.694,0.9,0.364,0.753,0.812,0.928,0.735,0.631,0.671,0.815,0.397,0.625,0.652,0.527,0.809,0.663,-0.404,0.799,0.275,-0.686,0.907,0.776,0.309,0.543,0.821,0.189,0.061,0.812,-0.006,0.883,0.135,0.417,-0.515,0.521,0.214,0.818,-0.017,0.345,-0.75,0.877,-0.687,0.411,0.268,-0.837,-0.41,0.723,0.861,-0.254,-0.704,0.817,-0.692,0.864,-0.155,0.864,0.196,0.569,0.884,0.763,0.852,-0.708,-0.109,0.509,0.701,0.624,0.662,-0.786,-0.175,0.898,0.229,-0.088,0.252,0.129,0.669,0.194,0.849,0.652,-0.678,-0.069,0.632,0.048,0.896,0.784,-0.396,0.5,-0.461,0.298,0.874,0.725,-0.285,0.548,0.632,-0.438,-0.558,0.78,0.739,-0.249,0.783,0.618,0.627,-0.167,-0.186,-0.507,0.162,-0.447
BNGO,0.225,0.45,-0.18,0.24,-0.106,0.072,-0.041,0.653,-0.262,-0.364,0.674,-0.163,0.463,0.6,0.698,0.62,0.257,0.606,0.445,-0.35,0.114,-0.07,0.294,-0.158,0.368,0.0,-0.029,-0.044,0.192,-0.15,0.119,0.064,0.508,-0.421,0.044,-0.105,-0.051,-0.02,-0.643,0.102,0.496,0.305,0.389,0.054,-0.03,0.005,0.289,0.081,-0.053,0.728,0.331,0.923,0.118,0.613,0.31,0.494,0.33,-0.037,-0.512,-0.251,0.504,0.256,0.204,0.421,0.52,-0.026,0.126,-0.348,0.135,-0.123,0.094,0.017,0.709,-0.018,-0.081,-0.487,0.441,0.018,0.448,-0.291,0.074,0.575,-0.641,0.562,0.516,-0.146,0.052,0.417,0.408,-0.181,-0.151,0.072,0.639,-0.279,0.111,-0.35,0.199,0.29,-0.209,-0.236,0.1,0.282,0.293,-0.239,-0.243,0.083,0.012,0.721,0.048,0.811,0.094,-0.189,0.025,0.556,0.866,-0.079,0.318,0.008,-0.484,0.759,0.003,0.48,0.071,0.01,0.648,0.087,-0.597,0.208,-0.612,0.499,0.687,0.236,0.298,0.105,0.054,0.011,0.226,-0.064,-0.114,-0.002,-0.084,0.325,0.081,-0.03,0.202,-0.038,-0.101,0.079,0.031,0.348,-0.049,0.5,0.169,0.057,0.077,0.228,-0.527,0.082,0.464,-0.235,0.182,-0.089,-0.072,0.179,0.635,0.723,-0.395,0.562,-0.118,-0.268,0.05,0.022,0.174,-0.322,-0.198,0.727,0.047,0.006,-0.106,-0.354,0.44,0.653,0.156,-0.184,-0.462,-0.212,0.142,-0.481,0.144,-0.08,-0.178,-0.327,-0.133,0.522,-0.137,0.108,0.314,-0.545,-0.306,0.478
BUSE,0.313,-0.538,0.708,-0.764,-0.24,0.247,-0.305,0.531,0.87,0.685,0.43,0.806,-0.441,-0.264,-0.487,0.511,-0.643,-0.0,0.71,0.725,0.682,-0.818,0.061,0.836,0.625,-0.029,0.0,0.792,0.806,0.54,0.662,0.811,-0.074,0.754,0.79,0.721,0.775,0.519,-0.163,-0.671,-0.701,0.76,-0.775,-0.674,-0.638,0.145,0.077,0.56,0.707,-0.226,0.368,0.015,0.783,0.329,0.744,0.09,0.735,0.811,0.089,0.276,0.703,0.711,-0.028,-0.719,-0.199,-0.657,-0.812,0.79,0.289,0.084,-0.778,0.869,-0.378,0.041,0.854,-0.09,0.561,0.762,-0.724,-0.328,0.894,-0.274,0.538,-0.68,-0.714,-0.117,0.232,0.442,0.351,-0.052,-0.58,-0.537,-0.114,-0.123,0.714,0.044,-0.457,0.52,0.512,0.674,0.898,0.775,0.585,0.796,0.792,0.798,0.518,0.195,0.749,0.003,0.542,0.715,0.032,0.531,0.066,-0.506,0.484,0.818,0.636,0.032,0.761,0.005,0.378,0.871,-0.268,0.715,0.632,0.037,-0.062,0.235,-0.077,0.867,0.197,0.696,-0.392,0.782,-0.781,0.629,0.333,-0.543,-0.208,0.81,0.648,0.356,-0.69,0.811,-0.279,0.681,-0.264,0.751,0.662,0.354,0.824,0.689,0.792,-0.779,0.158,0.535,0.665,0.86,0.57,-0.628,0.256,0.785,-0.0,-0.493,0.673,-0.036,0.859,0.528,0.662,0.588,-0.64,0.059,0.849,-0.417,0.624,0.81,-0.013,0.788,-0.736,-0.133,0.631,0.807,-0.018,0.735,0.504,0.161,-0.694,0.859,0.685,0.214,0.804,0.244,0.743,-0.082,-0.192,-0.035,0.726,-0.599
CAKE,0.375,-0.329,0.728,-0.68,-0.244,0.186,-0.518,0.554,0.783,0.805,0.429,0.839,-0.324,-0.131,-0.317,0.571,-0.419,0.057,0.744,0.754,0.737,-0.826,0.099,0.825,0.674,-0.044,0.792,0.0,0.894,0.381,0.638,0.839,-0.063,0.717,0.754,0.769,0.751,0.4,-0.179,-0.487,-0.675,0.773,-0.734,-0.526,-0.666,0.035,0.243,0.577,0.795,-0.123,0.38,0.072,0.684,0.467,0.834,0.268,0.799,0.845,-0.168,-0.089,0.672,0.807,-0.166,-0.643,-0.036,-0.394,-0.779,0.839,0.412,-0.056,-0.833,0.942,-0.351,-0.263,0.891,-0.402,0.653,0.753,-0.683,-0.573,0.805,-0.054,0.383,-0.599,-0.688,-0.402,0.444,0.407,0.156,-0.264,-0.638,-0.632,0.107,-0.113,0.67,0.137,-0.538,0.573,0.263,0.714,0.906,0.813,0.665,0.727,0.85,0.784,0.752,0.242,0.801,0.188,0.537,0.697,-0.111,0.685,0.15,-0.411,0.597,0.757,0.528,0.22,0.87,0.141,0.466,0.88,-0.161,0.678,0.526,0.256,0.027,0.406,0.155,0.823,0.275,0.703,-0.512,0.82,-0.847,0.519,0.474,-0.609,-0.167,0.76,0.587,0.3,-0.701,0.875,-0.388,0.787,-0.419,0.854,0.571,0.565,0.859,0.653,0.922,-0.823,0.241,0.639,0.772,0.726,0.674,-0.628,0.407,0.879,0.238,-0.325,0.636,0.098,0.844,0.752,0.711,0.748,-0.718,0.284,0.802,-0.483,0.659,0.771,-0.113,0.836,-0.686,0.164,0.623,0.752,-0.323,0.613,0.809,0.03,-0.536,0.812,0.602,0.037,0.809,0.048,0.849,0.147,-0.06,-0.282,0.529,-0.72
CASY,0.312,-0.238,0.664,-0.611,-0.343,0.198,-0.518,0.733,0.771,0.667,0.602,0.81,-0.325,-0.059,-0.178,0.77,-0.458,0.246,0.846,0.673,0.816,-0.84,0.143,0.807,0.788,0.192,0.806,0.894,0.0,0.379,0.616,0.862,-0.013,0.672,0.763,0.786,0.734,0.394,-0.392,-0.53,-0.556,0.891,-0.661,-0.534,-0.696,0.116,0.35,0.625,0.814,0.026,0.442,0.313,0.705,0.504,0.914,0.299,0.855,0.838,-0.143,-0.087,0.774,0.852,-0.166,-0.632,0.112,-0.541,-0.731,0.731,0.468,-0.027,-0.817,0.926,-0.202,-0.268,0.872,-0.384,0.743,0.736,-0.624,-0.566,0.83,0.126,0.237,-0.509,-0.582,-0.424,0.311,0.576,0.308,-0.259,-0.686,-0.611,0.215,-0.256,0.732,-0.048,-0.605,0.658,0.261,0.714,0.944,0.906,0.765,0.69,0.787,0.817,0.704,0.425,0.721,0.321,0.594,0.636,-0.101,0.79,0.291,-0.529,0.651,0.771,0.439,0.331,0.854,0.269,0.334,0.895,0.035,0.734,0.427,0.241,-0.258,0.504,0.175,0.901,0.331,0.7,-0.534,0.851,-0.791,0.49,0.382,-0.641,-0.202,0.858,0.671,0.223,-0.727,0.874,-0.427,0.77,-0.309,0.907,0.539,0.697,0.91,0.655,0.904,-0.766,0.057,0.542,0.786,0.707,0.665,-0.648,0.21,0.922,0.305,-0.211,0.5,0.272,0.847,0.597,0.728,0.751,-0.661,0.146,0.781,-0.278,0.694,0.784,-0.175,0.705,-0.603,0.259,0.657,0.705,-0.389,0.6,0.78,-0.165,-0.512,0.813,0.604,-0.051,0.776,0.233,0.859,0.104,0.007,-0.355,0.467,-0.623
CCOI,0.347,-0.453,0.83,-0.772,-0.7,-0.435,-0.579,0.064,0.585,0.454,0.412,0.705,-0.49,-0.505,-0.548,0.293,-0.635,0.294,0.449,0.506,0.69,-0.539,0.405,0.652,0.623,-0.15,0.54,0.381,0.379,0.0,0.739,0.701,-0.586,0.586,0.777,0.77,0.818,0.774,-0.225,-0.224,-0.622,0.584,-0.709,-0.836,-0.766,0.018,-0.352,0.799,0.67,-0.647,-0.401,-0.144,0.714,-0.003,0.51,-0.53,0.578,0.716,0.263,0.649,0.538,0.652,-0.512,-0.569,0.113,-0.745,-0.743,0.576,-0.404,-0.321,-0.715,0.508,-0.183,-0.26,0.544,0.13,0.133,0.812,-0.607,0.365,0.65,-0.4,0.247,-0.623,-0.599,-0.134,0.371,0.678,0.619,-0.455,-0.704,-0.748,0.022,-0.624,0.794,-0.297,-0.589,0.739,0.805,0.739,0.538,0.586,0.395,0.708,0.596,0.688,-0.07,0.198,0.456,-0.108,0.698,0.772,-0.392,0.28,-0.325,-0.453,0.677,0.762,0.5,0.033,0.663,-0.286,-0.2,0.605,-0.59,0.836,0.328,0.263,-0.109,0.007,-0.332,0.477,-0.523,0.129,-0.72,0.727,-0.644,0.424,0.173,-0.789,-0.299,0.301,0.824,-0.369,-0.703,0.683,-0.682,0.711,-0.108,0.459,-0.014,-0.066,0.617,0.726,0.555,-0.691,0.211,0.515,0.21,0.7,0.398,-0.79,-0.351,0.59,-0.379,-0.573,0.298,-0.439,0.546,-0.107,0.792,0.269,-0.717,-0.033,0.653,-0.152,0.817,0.785,-0.246,0.486,-0.652,-0.387,0.833,0.818,0.194,0.633,0.117,-0.166,-0.63,0.735,0.877,0.144,0.775,0.563,0.298,-0.553,-0.487,-0.154,0.34,-0.399
