,AAPL,ACRS,ADP,AFYA,AGNC,AGYS,ALT,AMGN,AMPH,AMZN,ANIP,AOSL,APDN,APLT,APVO,ARGX,ARLP,ATEX,ATRA,AUTL,AVDL,BCRX,BHAT,BLBD,BMRN,BNGO,BUSE,CAKE,CASY,CCOI,CEVA,CHY,CLDX,CLMT,COHU,COLM,COST,CPRT,CSWC,CSX,DBX,DCOM,DKNG,DMLP,DOX,EA,EDIT,ENPH,ENSG,ERNA,ESGR,ETNB,EXTR,FANG,FARO,FATE,FGEN,FIVE,FIVN,FLGT,FOLD,FORM,FOXA,FRPT,FSLR,FTAI,GBDC,GDYN,GGAL,GNLN,GRFS,GT,HCAT,HCM,HFWA,HOLX,HQY,HUBG,IAC,ICLR,IDCC,IEP,IHRT,ILMN,ILPT,IMAB,IMOS,INMD,INTZ,JAZZ,JKHY,JRVR,KIDS,LBRDK,LGND,LMAT,LPLA,LULU,MASI,MAT,MATW,MBIN,MBIO,MCRB,MDB,MDLZ,MELI,MIRM,MLKN,MNMD,MNRO,MPWR,MRCY,MRSN,MTVA,NAAS,NDAQ,NDSN,NEGG,NOVT,NVDA,NWE,NWSA,NXST,OCX,ODFL,OMAB,OPCH,OPRA,ORGO,OTRK,OZK,PAGP,PCH,PEGA,PENG,PENN,PFBC,PGNY,PHAT,PHUN,PINC,PLUG,PLXS,PYPL,QLYS,QNCX,QQQX,QVCGA,RAPT,RBBN,RCKT,REPL,RMBS,ROAD,ROKU,ROP,RUSHA,SANM,SATS,SBCF,SBLK,SBUX,SCHL,SCSC,SDGR,SEIC,SFIX,SGRY,SKYW,SLP,SNES,STAA,STLD,STOK,SWKS,TER,TFIN,TIGO,TILE,TPIC,TTEC,TTEK,TTGT,UXIN,VERU,VLYPP,VNOM,VRNS,VRSN,WDAY,WERN,WINA,WKHS,WRLD,XP,XTKG,YY,ZION,ZM
AAPL,0.0,0.065,0.511,0.346,0.204,-0.012,-0.593,-0.254,-0.051,0.893,-0.643,-0.455,-0.359,-0.446,-0.122,0.712,-0.539,0.343,0.314,-0.369,-0.156,-0.274,-0.18,-0.189,0.472,-0.497,-0.491,-0.097,-0.104,0.291,-0.295,0.095,-0.007,0.411,-0.424,-0.217,0.229,0.587,-0.381,-0.389,0.297,-0.507,-0.225,-0.478,0.181,0.558,0.007,-0.451,-0.557,-0.046,-0.56,0.547,-0.443,-0.512,-0.281,-0.4,-0.052,-0.417,0.544,-0.589,0.044,-0.355,-0.376,-0.075,0.023,0.016,-0.346,-0.229,0.517,-0.607,-0.501,-0.407,-0.145,-0.651,-0.505,-0.524,-0.282,-0.274,-0.217,-0.338,-0.428,-0.505,-0.393,0.053,0.58,-0.476,-0.283,-0.204,-0.24,-0.264,-0.06,-0.479,0.523,0.68,-0.154,-0.421,-0.417,-0.093,-0.225,-0.492,-0.424,-0.531,-0.244,-0.421,0.263,0.18,-0.088,-0.215,-0.296,0.459,-0.504,-0.31,0.46,0.55,-0.266,-0.112,-0.454,-0.197,0.046,-0.361,-0.073,-0.369,-0.28,-0.413,-0.167,-0.208,-0.389,-0.25,-0.545,-0.202,0.309,-0.545,-0.522,0.156,0.263,-0.321,-0.197,-0.487,-0.29,-0.18,-0.227,-0.549,-0.39,-0.563,0.035,0.365,-0.463,0.458,-0.402,-0.221,-0.234,-0.118,-0.117,-0.443,-0.517,-0.309,0.071,-0.341,-0.441,-0.244,-0.472,-0.506,0.488,-0.342,-0.389,-0.212,-0.489,0.041,-0.378,-0.139,-0.155,-0.129,-0.364,-0.58,-0.013,-0.216,-0.396,-0.529,0.561,-0.401,-0.54,0.113,-0.399,-0.385,-0.205,-0.356,0.257,-0.471,-0.061,0.607,0.561,-0.35,0.135,-0.47,-0.536,0.288,-0.333,-0.367,-0.531,-0.055
ACRS,0.065,0.0,-0.502,-0.482,0.797,0.491,0.149,0.682,-0.629,0.188,0.357,0.428,0.551,-0.527,-0.713,0.241,0.457,0.362,-0.394,-0.12,0.036,0.759,0.638,0.767,0.135,0.527,0.381,0.718,0.73,0.225,0.7,0.647,0.412,0.434,0.617,0.378,-0.538,-0.522,0.292,0.076,-0.274,0.34,0.256,0.487,0.39,0.601,-0.468,0.238,0.354,0.564,0.227,-0.406,0.544,0.345,0.407,0.249,0.788,0.235,0.076,0.414,-0.617,0.609,0.29,0.427,0.07,0.661,0.609,0.635,-0.552,0.18,0.542,0.286,0.522,0.008,0.428,0.059,0.654,0.465,0.588,0.541,0.507,0.487,0.46,0.814,-0.08,0.287,0.456,0.709,0.631,0.457,-0.427,-0.336,-0.037,-0.016,0.812,0.556,0.45,-0.345,-0.49,0.288,0.3,0.234,0.632,-0.163,0.185,-0.488,0.734,-0.266,0.59,0.382,0.375,0.494,-0.401,-0.103,-0.565,-0.452,0.447,-0.718,0.563,0.411,0.09,-0.215,0.496,0.104,0.659,0.572,-0.39,0.771,0.497,0.693,0.665,0.348,0.3,0.425,0.702,0.554,0.475,0.1,0.753,0.672,0.266,-0.212,0.426,0.122,0.6,0.488,0.58,0.612,0.409,0.174,0.376,-0.612,0.324,0.569,0.284,0.549,-0.141,0.56,0.277,0.586,0.362,0.429,0.022,0.306,-0.108,0.686,0.242,0.763,0.441,0.456,-0.144,0.773,0.481,0.211,0.819,0.467,0.519,0.254,0.141,0.291,0.291,0.27,0.443,0.562,0.459,-0.152,0.17,0.466,0.634,-0.336,-0.26,0.487,-0.532,-0.024,0.11,0.778,0.364,0.598,0.228,0.446
ADP,0.511,-0.502,0.0,0.661,-0.566,-0.424,-0.599,-0.866,0.3,0.424,-0.897,-0.908,-0.798,0.236,0.539,0.518,-0.912,0.177,0.843,-0.097,0.257,-0.863,-0.851,-0.764,0.516,-0.919,-0.837,-0.756,-0.803,0.072,-0.883,-0.537,-0.458,0.215,-0.924,-0.62,0.424,0.904,-0.789,-0.535,0.671,-0.855,-0.421,-0.906,-0.419,0.104,0.454,-0.718,-0.854,-0.716,-0.826,0.913,-0.882,-0.901,-0.541,-0.613,-0.595,-0.838,0.502,-0.919,0.675,-0.892,-0.769,-0.255,-0.121,-0.436,-0.913,-0.677,0.845,-0.784,-0.723,-0.788,-0.726,-0.664,-0.894,-0.51,-0.877,-0.768,-0.854,-0.807,-0.854,-0.921,-0.839,-0.531,0.602,-0.692,-0.842,-0.847,-0.802,-0.766,0.27,-0.148,0.626,0.764,-0.784,-0.871,-0.848,0.26,0.083,-0.783,-0.817,-0.748,-0.849,-0.264,0.145,0.493,-0.693,-0.198,-0.848,-0.096,-0.919,-0.811,0.803,0.711,0.246,0.412,-0.889,0.163,-0.447,-0.752,-0.344,-0.345,-0.777,-0.58,-0.838,-0.672,-0.053,-0.824,-0.861,-0.85,0.002,-0.886,-0.8,-0.344,-0.153,-0.762,-0.619,-0.689,-0.846,-0.676,-0.639,-0.514,-0.826,-0.762,-0.415,0.101,-0.764,-0.379,-0.854,-0.001,-0.596,0.432,-0.544,-0.9,-0.812,-0.761,0.254,-0.83,-0.734,-0.803,-0.847,-0.866,0.261,-0.757,-0.431,-0.762,-0.704,-0.47,-0.781,-0.612,-0.062,-0.792,-0.831,-0.797,-0.586,-0.612,-0.87,-0.823,0.221,-0.828,-0.802,-0.154,-0.828,-0.876,-0.662,-0.261,0.269,-0.914,-0.495,0.906,0.788,-0.782,0.6,-0.441,-0.794,-0.202,-0.766,-0.904,-0.797,-0.231
AFYA,0.346,-0.482,0.661,0.0,-0.448,-0.655,-0.453,-0.578,0.627,0.295,-0.53,-0.506,-0.652,0.12,0.667,0.12,-0.745,-0.455,0.359,0.185,-0.023,-0.746,-0.643,-0.74,0.476,-0.561,-0.399,-0.716,-0.547,-0.274,-0.578,-0.61,-0.392,-0.136,-0.656,-0.625,0.642,0.688,-0.298,-0.198,0.131,-0.524,-0.557,-0.702,-0.168,0.017,0.463,-0.259,-0.385,-0.412,-0.388,0.478,-0.603,-0.469,-0.238,-0.449,-0.717,-0.389,-0.04,-0.51,0.381,-0.697,-0.202,-0.056,-0.115,-0.555,-0.578,-0.564,0.583,-0.438,-0.551,-0.465,-0.654,-0.092,-0.484,-0.138,-0.499,-0.464,-0.581,-0.475,-0.487,-0.527,-0.376,-0.35,0.46,-0.216,-0.454,-0.755,-0.798,-0.278,0.673,0.313,0.207,0.477,-0.727,-0.394,-0.604,0.372,0.445,-0.55,-0.305,-0.387,-0.526,-0.073,-0.416,0.691,-0.788,0.06,-0.597,0.049,-0.515,-0.449,0.565,0.178,0.238,0.439,-0.572,0.443,-0.743,-0.536,-0.254,-0.003,-0.236,0.062,-0.65,-0.615,0.465,-0.495,-0.52,-0.634,-0.299,-0.502,-0.591,0.088,-0.27,-0.277,-0.685,-0.181,-0.563,-0.683,-0.254,0.045,-0.633,-0.281,-0.629,-0.186,-0.692,-0.184,-0.495,-0.33,-0.462,0.347,-0.511,-0.693,-0.441,-0.645,0.569,-0.452,-0.303,-0.58,-0.447,-0.666,0.485,-0.164,0.168,-0.7,-0.197,-0.741,-0.381,-0.472,0.367,-0.565,-0.73,-0.335,-0.644,-0.117,-0.612,-0.395,0.395,-0.339,-0.49,-0.115,-0.468,-0.59,-0.565,-0.06,0.046,-0.563,-0.597,0.505,0.211,-0.476,0.612,-0.097,-0.538,-0.505,-0.465,-0.778,-0.38,-0.741
AGNC,0.204,0.797,-0.566,-0.448,0.0,0.587,0.074,0.754,-0.566,0.22,0.343,0.536,0.634,-0.68,-0.737,0.107,0.54,0.271,-0.515,-0.242,-0.148,0.797,0.756,0.798,-0.079,0.566,0.496,0.837,0.803,0.19,0.752,0.797,0.482,0.29,0.668,0.609,-0.489,-0.448,0.446,0.253,-0.299,0.478,0.38,0.59,0.622,0.547,-0.51,0.338,0.377,0.675,0.356,-0.447,0.596,0.498,0.411,0.371,0.762,0.452,0.011,0.413,-0.649,0.701,0.424,0.36,0.219,0.673,0.662,0.739,-0.499,0.28,0.424,0.525,0.766,0.031,0.535,0.054,0.706,0.613,0.692,0.612,0.529,0.524,0.522,0.686,-0.104,0.328,0.597,0.802,0.724,0.623,-0.417,-0.343,-0.104,-0.138,0.856,0.575,0.594,-0.551,-0.414,0.433,0.468,0.341,0.787,-0.103,0.19,-0.454,0.799,-0.17,0.717,0.518,0.538,0.621,-0.41,-0.159,-0.529,-0.49,0.568,-0.515,0.586,0.512,0.191,0.001,0.54,0.232,0.778,0.664,-0.352,0.756,0.529,0.778,0.408,0.474,0.431,0.572,0.626,0.495,0.616,0.296,0.761,0.641,0.442,-0.039,0.582,0.261,0.629,0.504,0.539,0.79,0.586,0.059,0.473,-0.699,0.578,0.633,0.426,0.65,-0.155,0.66,0.386,0.729,0.508,0.533,0.088,0.458,0.018,0.755,0.321,0.724,0.526,0.654,-0.172,0.837,0.643,0.3,0.782,0.462,0.627,0.369,0.125,0.514,0.385,0.33,0.539,0.664,0.578,-0.11,-0.044,0.567,0.649,-0.414,-0.248,0.557,-0.674,0.024,0.338,0.714,0.547,0.687,0.38,0.314
AGYS,-0.012,0.491,-0.424,-0.655,0.587,0.0,0.358,0.497,-0.776,-0.159,0.305,0.427,0.564,-0.253,-0.698,0.068,0.582,0.528,-0.049,-0.383,0.314,0.684,0.515,0.711,-0.142,0.26,0.415,0.777,0.595,0.436,0.484,0.76,0.022,0.561,0.553,0.824,-0.851,-0.511,0.064,0.287,0.23,0.488,0.822,0.624,0.199,0.104,-0.083,0.375,0.325,0.253,0.352,-0.234,0.6,0.37,0.452,0.595,0.856,0.247,0.363,0.27,-0.031,0.608,0.195,0.42,0.436,0.546,0.389,0.564,-0.395,0.36,0.51,0.413,0.783,-0.155,0.429,0.271,0.523,0.576,0.33,0.471,0.51,0.442,0.188,0.451,-0.267,0.117,0.35,0.709,0.764,0.103,-0.579,-0.181,0.188,-0.288,0.739,0.256,0.561,-0.316,-0.345,0.538,0.251,0.464,0.509,0.067,0.621,-0.749,0.691,-0.044,0.676,0.273,0.409,0.36,-0.439,-0.107,0.064,-0.267,0.422,-0.303,0.833,0.592,0.133,-0.011,0.269,-0.138,0.647,0.754,-0.412,0.445,0.288,0.47,0.519,0.449,0.61,0.289,0.633,0.107,0.826,0.158,0.504,0.84,-0.007,-0.018,0.594,0.235,0.804,0.518,0.678,0.237,0.477,0.637,0.574,-0.219,0.709,0.593,0.395,0.689,-0.461,0.519,0.356,0.627,0.444,0.548,-0.477,0.205,-0.229,0.747,0.203,0.851,0.368,0.741,-0.295,0.481,0.627,0.256,0.623,0.195,0.529,0.373,-0.102,0.243,0.455,0.597,0.5,0.601,0.629,0.279,-0.094,0.468,0.781,-0.402,0.119,0.583,-0.683,0.282,0.463,0.61,0.327,0.591,0.387,0.739
ALT,-0.593,0.149,-0.599,-0.453,0.074,0.358,0.0,0.527,-0.29,-0.655,0.794,0.729,0.612,0.266,-0.131,-0.557,0.716,-0.232,-0.306,0.149,0.32,0.507,0.481,0.338,-0.291,0.523,0.682,0.441,0.497,0.066,0.568,0.316,0.104,-0.099,0.676,0.466,-0.515,-0.671,0.543,0.693,-0.219,0.689,0.56,0.702,0.141,-0.301,0.143,0.79,0.772,0.296,0.713,-0.708,0.754,0.681,0.718,0.734,0.332,0.571,-0.125,0.717,-0.046,0.575,0.423,0.523,0.467,-0.084,0.574,0.267,-0.741,0.821,0.744,0.633,0.364,0.657,0.646,0.865,0.602,0.646,0.434,0.703,0.784,0.751,0.484,0.332,-0.81,0.729,0.562,0.489,0.472,0.189,0.145,0.587,-0.362,-0.745,0.418,0.587,0.693,0.358,0.421,0.733,0.598,0.792,0.393,0.685,0.069,-0.514,0.371,0.476,0.559,-0.125,0.6,0.645,-0.796,-0.748,0.234,-0.258,0.691,0.243,0.392,0.775,0.551,0.057,0.494,0.387,0.585,0.633,0.23,0.519,0.673,0.37,-0.004,0.724,0.733,0.084,0.171,0.41,0.536,0.526,0.475,0.565,0.315,0.57,0.693,0.739,0.441,-0.006,0.68,-0.041,0.519,0.441,0.735,0.09,0.383,0.69,0.737,0.671,0.037,0.621,0.737,0.482,0.707,0.742,-0.411,0.509,0.434,0.583,0.735,0.192,0.643,0.428,0.407,0.343,0.6,0.752,0.221,0.613,0.695,0.783,-0.342,0.497,0.828,0.448,0.734,0.712,0.663,0.66,-0.383,0.733,0.563,-0.759,-0.474,0.736,-0.256,0.789,0.673,-0.032,0.601,0.561,0.746,0.219
AMGN,-0.254,0.682,-0.866,-0.578,0.754,0.497,0.527,0.0,-0.448,-0.203,0.781,0.856,0.893,-0.424,-0.663,-0.376,0.844,-0.072,-0.77,-0.042,-0.23,0.921,0.904,0.824,-0.356,0.888,0.858,0.887,0.944,0.077,0.952,0.739,0.501,-0.09,0.909,0.67,-0.526,-0.752,0.818,0.644,-0.589,0.818,0.458,0.87,0.664,0.243,-0.402,0.69,0.806,0.787,0.763,-0.865,0.89,0.838,0.719,0.698,0.696,0.823,-0.339,0.824,-0.69,0.935,0.756,0.505,0.228,0.435,0.918,0.716,-0.807,0.712,0.772,0.82,0.788,0.533,0.89,0.498,0.93,0.867,0.867,0.933,0.868,0.877,0.854,0.734,-0.531,0.76,0.902,0.92,0.801,0.784,-0.129,0.094,-0.421,-0.551,0.896,0.903,0.898,-0.329,-0.047,0.762,0.818,0.714,0.87,0.273,-0.055,-0.465,0.823,0.16,0.847,0.346,0.867,0.896,-0.827,-0.625,-0.398,-0.587,0.909,-0.273,0.521,0.819,0.388,0.188,0.813,0.586,0.917,0.85,-0.009,0.95,0.851,0.91,0.136,0.842,0.748,0.469,0.389,0.706,0.667,0.673,0.932,0.733,0.69,0.374,0.852,0.694,0.571,0.262,0.815,0.634,0.82,0.047,0.722,-0.621,0.638,0.904,0.83,0.875,-0.045,0.914,0.773,0.895,0.865,0.884,0.019,0.777,0.357,0.874,0.75,0.564,0.862,0.73,0.154,0.914,0.803,0.721,0.778,0.747,0.934,0.8,-0.081,0.788,0.739,0.305,0.896,0.913,0.75,0.251,-0.327,0.89,0.673,-0.829,-0.673,0.883,-0.647,0.41,0.719,0.426,0.844,0.908,0.778,0.203
AMPH,-0.051,-0.629,0.3,0.627,-0.566,-0.776,-0.29,-0.448,0.0,0.034,-0.191,-0.26,-0.508,0.249,0.645,-0.259,-0.435,-0.65,-0.044,0.342,-0.364,-0.623,-0.458,-0.628,0.002,-0.208,-0.214,-0.673,-0.494,-0.376,-0.431,-0.7,-0.177,-0.601,-0.455,-0.557,0.798,0.432,0.009,-0.107,-0.248,-0.274,-0.647,-0.472,-0.137,-0.364,0.12,-0.159,-0.162,-0.207,-0.104,0.154,-0.465,-0.183,-0.362,-0.4,-0.813,-0.039,-0.466,-0.139,0.144,-0.489,0.037,-0.382,-0.282,-0.478,-0.357,-0.488,0.405,-0.167,-0.446,-0.268,-0.587,0.239,-0.231,-0.145,-0.383,-0.397,-0.28,-0.396,-0.382,-0.302,-0.065,-0.527,0.263,-0.081,-0.235,-0.615,-0.633,0.0,0.547,0.345,-0.258,0.05,-0.691,-0.197,-0.415,0.275,0.425,-0.338,-0.043,-0.228,-0.401,0.024,-0.65,0.768,-0.699,0.17,-0.506,-0.245,-0.214,-0.297,0.412,-0.043,0.129,0.348,-0.291,0.574,-0.796,-0.434,-0.176,0.366,-0.128,0.29,-0.57,-0.652,0.567,-0.451,-0.261,-0.427,-0.643,-0.235,-0.38,-0.117,-0.72,-0.059,-0.666,0.112,-0.463,-0.699,-0.012,0.27,-0.445,-0.03,-0.797,-0.596,-0.614,-0.276,-0.267,-0.613,-0.459,0.331,-0.521,-0.483,-0.201,-0.593,0.373,-0.375,-0.158,-0.464,-0.246,-0.427,0.382,-0.004,0.377,-0.688,-0.06,-0.824,-0.215,-0.466,0.269,-0.494,-0.515,-0.05,-0.651,-0.14,-0.428,-0.168,0.165,-0.035,-0.283,-0.45,-0.335,-0.473,-0.586,-0.051,-0.11,-0.339,-0.762,0.229,-0.155,-0.426,0.578,-0.096,-0.208,-0.753,-0.28,-0.504,-0.158,-0.77
AMZN,0.893,0.188,0.424,0.295,0.22,-0.159,-0.655,-0.203,0.034,0.0,-0.579,-0.454,-0.388,-0.552,-0.12,0.742,-0.533,0.299,0.128,-0.329,-0.307,-0.223,-0.121,-0.155,0.501,-0.374,-0.508,-0.118,-0.066,0.218,-0.242,0.007,0.055,0.34,-0.399,-0.331,0.363,0.514,-0.328,-0.527,0.07,-0.561,-0.405,-0.495,0.167,0.617,-0.231,-0.525,-0.529,0.044,-0.574,0.447,-0.47,-0.51,-0.394,-0.559,-0.074,-0.394,0.387,-0.489,-0.147,-0.35,-0.298,-0.164,-0.183,0.105,-0.273,-0.175,0.499,-0.649,-0.529,-0.453,-0.246,-0.574,-0.489,-0.642,-0.241,-0.32,-0.116,-0.346,-0.432,-0.48,-0.287,0.126,0.659,-0.488,-0.304,-0.19,-0.229,-0.111,-0.131,-0.547,0.349,0.689,-0.142,-0.328,-0.456,-0.101,-0.323,-0.573,-0.4,-0.609,-0.235,-0.471,0.084,0.25,-0.069,-0.313,-0.323,0.392,-0.507,-0.331,0.513,0.55,-0.428,-0.144,-0.441,-0.325,-0.039,-0.453,-0.157,-0.348,-0.204,-0.354,-0.168,-0.321,-0.346,-0.197,-0.474,-0.089,0.376,-0.56,-0.613,0.099,0.185,-0.156,-0.302,-0.466,-0.235,-0.23,-0.165,-0.62,-0.46,-0.596,-0.114,0.217,-0.492,0.527,-0.382,-0.402,-0.371,-0.196,-0.259,-0.449,-0.553,-0.395,0.036,-0.352,-0.522,-0.289,-0.506,-0.546,0.643,-0.333,-0.382,-0.268,-0.505,0.046,-0.339,-0.229,-0.218,-0.054,-0.404,-0.555,0.052,-0.212,-0.421,-0.565,0.628,-0.364,-0.595,-0.113,-0.434,-0.412,-0.316,-0.526,0.354,-0.478,-0.185,0.601,0.402,-0.409,0.206,-0.645,-0.63,0.271,-0.356,-0.322,-0.583,-0.082
ANIP,-0.643,0.357,-0.897,-0.53,0.343,0.305,0.794,0.781,-0.191,-0.579,0.0,0.921,0.743,0.023,-0.33,-0.657,0.87,-0.369,-0.755,0.195,-0.091,0.724,0.736,0.581,-0.464,0.86,0.877,0.612,0.716,-0.133,0.816,0.371,0.296,-0.274,0.891,0.515,-0.386,-0.875,0.805,0.66,-0.615,0.888,0.422,0.854,0.339,-0.23,-0.235,0.84,0.95,0.587,0.893,-0.943,0.889,0.911,0.672,0.655,0.43,0.836,-0.525,0.955,-0.485,0.81,0.776,0.379,0.2,0.219,0.855,0.509,-0.875,0.895,0.783,0.791,0.55,0.825,0.899,0.732,0.843,0.771,0.736,0.826,0.909,0.948,0.834,0.481,-0.704,0.823,0.794,0.707,0.646,0.653,-0.011,0.44,-0.651,-0.835,0.625,0.881,0.832,0.044,0.186,0.809,0.862,0.848,0.715,0.461,-0.238,-0.421,0.532,0.339,0.769,-0.006,0.886,0.81,-0.834,-0.863,-0.047,-0.356,0.879,0.064,0.32,0.801,0.438,0.338,0.798,0.667,0.745,0.634,0.254,0.759,0.88,0.71,-0.076,0.908,0.804,0.275,0.073,0.756,0.543,0.753,0.75,0.607,0.587,0.657,0.788,0.869,0.34,-0.182,0.744,0.204,0.802,0.077,0.659,-0.215,0.423,0.86,0.868,0.718,-0.052,0.816,0.832,0.691,0.877,0.856,-0.248,0.797,0.58,0.662,0.84,0.269,0.841,0.556,0.267,0.638,0.722,0.903,0.423,0.722,0.848,0.901,-0.223,0.801,0.878,0.229,0.862,0.85,0.655,0.491,-0.339,0.911,0.453,-0.945,-0.828,0.811,-0.41,0.633,0.792,-0.007,0.738,0.792,0.872,0.099
AOSL,-0.455,0.428,-0.908,-0.506,0.536,0.427,0.729,0.856,-0.26,-0.454,0.921,0.0,0.804,-0.14,-0.459,-0.63,0.908,-0.295,-0.766,0.052,-0.128,0.799,0.846,0.696,-0.475,0.832,0.939,0.755,0.84,-0.022,0.91,0.579,0.358,-0.211,0.948,0.693,-0.477,-0.806,0.826,0.758,-0.571,0.934,0.527,0.931,0.516,-0.136,-0.267,0.888,0.943,0.704,0.933,-0.929,0.954,0.978,0.742,0.747,0.515,0.903,-0.445,0.93,-0.524,0.872,0.786,0.44,0.359,0.268,0.864,0.611,-0.858,0.903,0.75,0.893,0.724,0.726,0.943,0.719,0.92,0.893,0.822,0.906,0.933,0.969,0.86,0.511,-0.683,0.836,0.884,0.812,0.745,0.706,-0.021,0.38,-0.513,-0.825,0.728,0.891,0.927,-0.078,0.196,0.904,0.926,0.901,0.828,0.435,-0.125,-0.482,0.642,0.408,0.892,0.118,0.936,0.906,-0.845,-0.84,-0.113,-0.435,0.944,0.099,0.452,0.887,0.483,0.336,0.837,0.712,0.852,0.743,0.187,0.839,0.875,0.749,-0.068,0.96,0.882,0.432,0.191,0.715,0.688,0.805,0.819,0.681,0.61,0.644,0.903,0.892,0.457,0.007,0.736,0.384,0.872,0.094,0.774,-0.349,0.584,0.93,0.933,0.837,0.002,0.914,0.91,0.805,0.954,0.901,-0.205,0.862,0.581,0.775,0.876,0.38,0.897,0.712,0.224,0.753,0.836,0.935,0.471,0.799,0.928,0.943,-0.158,0.907,0.932,0.428,0.939,0.938,0.762,0.485,-0.441,0.98,0.605,-0.947,-0.762,0.894,-0.519,0.658,0.847,0.145,0.815,0.847,0.927,0.086
APDN,-0.359,0.551,-0.798,-0.652,0.634,0.564,0.612,0.893,-0.508,-0.388,0.743,0.804,0.0,-0.16,-0.639,-0.455,0.867,0.054,-0.581,-0.047,-0.067,0.852,0.812,0.787,-0.492,0.784,0.801,0.858,0.806,0.072,0.86,0.773,0.43,-0.113,0.862,0.742,-0.647,-0.708,0.717,0.713,-0.378,0.816,0.625,0.886,0.525,0.072,-0.276,0.651,0.739,0.618,0.726,-0.775,0.876,0.803,0.713,0.774,0.678,0.756,-0.248,0.745,-0.525,0.888,0.58,0.471,0.28,0.338,0.799,0.649,-0.801,0.732,0.787,0.827,0.827,0.463,0.822,0.548,0.805,0.796,0.751,0.875,0.807,0.812,0.721,0.546,-0.643,0.718,0.836,0.882,0.8,0.602,-0.163,0.083,-0.306,-0.618,0.841,0.753,0.908,-0.36,-0.002,0.814,0.718,0.737,0.799,0.325,0.153,-0.53,0.838,0.268,0.797,0.13,0.817,0.849,-0.846,-0.582,-0.231,-0.512,0.889,-0.21,0.593,0.867,0.42,0.129,0.624,0.456,0.839,0.885,-0.101,0.839,0.787,0.768,0.05,0.815,0.814,0.312,0.344,0.493,0.772,0.587,0.85,0.713,0.603,0.385,0.899,0.664,0.67,0.307,0.824,0.411,0.757,0.233,0.759,-0.529,0.709,0.902,0.824,0.92,-0.119,0.821,0.755,0.85,0.826,0.935,-0.19,0.634,0.242,0.9,0.685,0.561,0.764,0.698,0.099,0.825,0.863,0.673,0.679,0.618,0.92,0.778,-0.327,0.706,0.774,0.363,0.844,0.882,0.819,0.335,-0.392,0.857,0.746,-0.805,-0.545,0.848,-0.703,0.482,0.79,0.471,0.863,0.897,0.762,0.315
APLT,-0.446,-0.527,0.236,0.12,-0.68,-0.253,0.266,-0.424,0.249,-0.552,0.023,-0.14,-0.16,0.0,0.458,-0.363,-0.097,-0.121,0.377,0.249,0.363,-0.433,-0.373,-0.431,-0.248,-0.279,-0.138,-0.421,-0.505,-0.295,-0.366,-0.444,-0.349,-0.213,-0.215,-0.215,0.054,0.095,-0.225,0.093,0.324,-0.04,0.079,-0.143,-0.544,-0.572,0.386,-0.037,-0.05,-0.524,-0.008,0.142,-0.123,-0.103,-0.04,-0.045,-0.428,-0.187,-0.042,-0.117,0.467,-0.331,-0.296,-0.123,-0.136,-0.515,-0.315,-0.426,0.036,0.095,-0.007,-0.125,-0.335,0.141,-0.191,0.29,-0.386,-0.237,-0.427,-0.249,-0.135,-0.146,-0.267,-0.539,-0.264,-0.002,-0.273,-0.401,-0.362,-0.486,0.281,0.372,0.072,-0.176,-0.476,-0.288,-0.173,0.448,0.39,0.02,-0.192,0.057,-0.385,0.131,0.035,0.097,-0.386,0.372,-0.256,-0.604,-0.16,-0.229,0.064,-0.129,0.575,0.382,-0.164,0.435,-0.204,-0.069,0.088,-0.042,-0.335,-0.079,-0.4,-0.257,0.166,-0.39,-0.175,-0.537,-0.405,-0.1,0.003,-0.487,-0.388,-0.372,-0.112,-0.103,-0.402,-0.288,-0.281,0.266,-0.138,0.043,-0.203,-0.334,-0.163,-0.751,-0.262,0.258,-0.066,0.442,-0.275,-0.187,-0.056,-0.193,0.141,-0.322,-0.003,-0.387,-0.139,-0.085,-0.389,-0.231,0.007,-0.296,-0.019,-0.428,-0.185,-0.339,0.074,-0.473,-0.174,0.03,-0.569,-0.211,-0.209,-0.03,-0.366,-0.212,0.061,0.005,-0.179,-0.22,-0.084,0.363,-0.06,-0.139,-0.2,0.046,0.057,-0.205,0.322,0.231,0.031,-0.41,-0.219,-0.278,-0.036,-0.086
APVO,-0.122,-0.713,0.539,0.667,-0.737,-0.698,-0.131,-0.663,0.645,-0.12,-0.33,-0.459,-0.639,0.458,0.0,-0.078,-0.593,-0.485,0.381,0.241,0.172,-0.738,-0.669,-0.876,0.225,-0.467,-0.419,-0.851,-0.693,-0.421,-0.659,-0.826,-0.389,-0.285,-0.612,-0.648,0.625,0.488,-0.274,-0.207,0.131,-0.47,-0.477,-0.625,-0.438,-0.27,0.432,-0.214,-0.326,-0.564,-0.326,0.346,-0.578,-0.415,-0.347,-0.429,-0.833,-0.373,-0.083,-0.389,0.474,-0.723,-0.274,-0.214,-0.103,-0.707,-0.535,-0.594,0.442,-0.276,-0.439,-0.408,-0.768,0.142,-0.488,0.001,-0.582,-0.538,-0.576,-0.504,-0.456,-0.48,-0.442,-0.56,0.114,-0.143,-0.516,-0.824,-0.799,-0.416,0.583,0.481,-0.075,0.193,-0.825,-0.411,-0.58,0.585,0.531,-0.484,-0.331,-0.302,-0.657,0.237,-0.4,0.482,-0.834,0.144,-0.655,-0.246,-0.501,-0.468,0.449,0.053,0.404,0.515,-0.513,0.569,-0.761,-0.499,-0.063,-0.034,-0.366,-0.01,-0.664,-0.682,0.569,-0.619,-0.386,-0.69,-0.423,-0.441,-0.522,-0.252,-0.455,-0.309,-0.677,-0.181,-0.691,-0.731,-0.263,0.146,-0.591,-0.204,-0.717,-0.456,-0.579,-0.515,-0.531,-0.164,-0.458,0.572,-0.544,-0.649,-0.378,-0.66,0.459,-0.521,-0.332,-0.725,-0.441,-0.552,0.165,-0.31,0.191,-0.743,-0.17,-0.856,-0.432,-0.668,0.386,-0.749,-0.636,-0.228,-0.807,-0.261,-0.595,-0.31,0.043,-0.382,-0.341,-0.332,-0.478,-0.568,-0.486,0.026,0.036,-0.514,-0.678,0.37,0.142,-0.529,0.692,0.013,-0.41,-0.742,-0.425,-0.717,-0.328,-0.59
ARGX,0.712,0.241,0.518,0.12,0.107,0.068,-0.557,-0.376,-0.259,0.742,-0.657,-0.63,-0.455,-0.363,-0.078,0.0,-0.574,0.592,0.469,-0.267,0.134,-0.23,-0.315,-0.166,0.69,-0.504,-0.697,-0.185,-0.225,0.336,-0.417,-0.085,-0.054,0.713,-0.475,-0.385,0.103,0.38,-0.653,-0.77,0.408,-0.706,-0.282,-0.564,-0.151,0.595,-0.047,-0.647,-0.672,-0.245,-0.771,0.642,-0.533,-0.721,-0.477,-0.581,0.127,-0.753,0.704,-0.652,0.09,-0.432,-0.577,-0.129,-0.151,0.219,-0.375,-0.192,0.457,-0.78,-0.423,-0.699,-0.303,-0.755,-0.67,-0.642,-0.394,-0.503,-0.348,-0.513,-0.497,-0.582,-0.604,0.166,0.595,-0.672,-0.562,-0.264,-0.212,-0.459,-0.406,-0.64,0.482,0.784,-0.115,-0.512,-0.611,-0.027,-0.564,-0.713,-0.724,-0.701,-0.364,-0.536,0.337,-0.006,-0.104,-0.561,-0.398,0.319,-0.682,-0.552,0.536,0.756,-0.245,0.046,-0.64,-0.569,0.09,-0.557,-0.302,-0.574,-0.432,-0.751,-0.254,-0.308,-0.525,-0.335,-0.559,-0.201,0.677,-0.719,-0.662,-0.017,0.442,-0.277,-0.283,-0.794,-0.347,-0.086,-0.483,-0.801,-0.594,-0.789,0.062,0.302,-0.343,0.178,-0.566,0.067,-0.449,0.035,-0.308,-0.53,-0.768,-0.451,-0.23,-0.499,-0.715,-0.377,-0.702,-0.611,0.177,-0.63,-0.649,-0.256,-0.73,0.232,-0.609,-0.343,-0.312,-0.252,-0.447,-0.787,0.105,-0.461,-0.569,-0.747,0.463,-0.717,-0.681,-0.105,-0.596,-0.486,-0.332,-0.568,0.649,-0.619,-0.105,0.711,0.661,-0.51,0.139,-0.654,-0.77,0.398,-0.573,-0.419,-0.773,0.336
ARLP,-0.539,0.457,-0.912,-0.745,0.54,0.582,0.716,0.844,-0.435,-0.533,0.87,0.908,0.867,-0.097,-0.593,-0.574,0.0,-0.026,-0.664,0.026,-0.043,0.876,0.826,0.812,-0.572,0.822,0.857,0.833,0.782,0.05,0.877,0.688,0.4,-0.156,0.936,0.801,-0.63,-0.844,0.719,0.67,-0.445,0.912,0.653,0.981,0.434,-0.167,-0.325,0.748,0.829,0.628,0.847,-0.853,0.928,0.904,0.637,0.787,0.652,0.822,-0.333,0.873,-0.45,0.924,0.637,0.316,0.288,0.438,0.828,0.7,-0.829,0.844,0.788,0.869,0.812,0.563,0.896,0.597,0.834,0.821,0.779,0.84,0.854,0.906,0.757,0.438,-0.67,0.684,0.821,0.893,0.887,0.623,-0.267,0.16,-0.47,-0.814,0.806,0.786,0.932,-0.262,-0.011,0.92,0.796,0.817,0.806,0.381,0.099,-0.571,0.775,0.25,0.892,0.021,0.903,0.826,-0.833,-0.673,-0.114,-0.447,0.921,-0.089,0.607,0.861,0.405,0.318,0.651,0.494,0.836,0.81,-0.021,0.775,0.835,0.784,-0.006,0.912,0.923,0.237,0.199,0.575,0.786,0.691,0.813,0.759,0.561,0.496,0.934,0.777,0.625,0.07,0.837,0.286,0.846,0.232,0.73,-0.389,0.68,0.964,0.878,0.89,-0.28,0.836,0.783,0.825,0.888,0.949,-0.376,0.672,0.354,0.85,0.715,0.572,0.794,0.763,-0.001,0.751,0.919,0.821,0.607,0.595,0.929,0.847,-0.39,0.812,0.874,0.335,0.867,0.907,0.759,0.387,-0.33,0.935,0.667,-0.893,-0.619,0.847,-0.664,0.536,0.881,0.318,0.79,0.95,0.849,0.379
ATEX,0.343,0.362,0.177,-0.455,0.271,0.528,-0.232,-0.072,-0.65,0.299,-0.369,-0.295,0.054,-0.121,-0.485,0.592,-0.026,0.0,0.411,-0.486,0.301,0.157,0.041,0.292,0.064,-0.267,-0.365,0.287,-0.01,0.427,-0.075,0.414,0.089,0.636,-0.077,0.242,-0.467,0.08,-0.517,-0.376,0.536,-0.257,0.351,-0.031,-0.157,0.323,-0.215,-0.454,-0.45,-0.158,-0.411,0.403,-0.102,-0.352,-0.233,-0.118,0.476,-0.428,0.669,-0.398,0.077,-0.01,-0.557,-0.116,-0.014,0.403,-0.173,0.183,0.141,-0.365,-0.066,-0.241,0.233,-0.759,-0.329,-0.432,-0.185,-0.148,-0.124,-0.205,-0.245,-0.299,-0.42,0.051,0.181,-0.518,-0.267,0.197,0.279,-0.405,-0.702,-0.753,0.551,0.382,0.264,-0.395,-0.109,-0.364,-0.638,-0.139,-0.488,-0.333,-0.074,-0.426,0.807,-0.451,0.415,-0.353,0.027,0.073,-0.31,-0.238,0.169,0.621,-0.16,-0.142,-0.212,-0.606,0.629,-0.081,-0.072,-0.485,-0.434,-0.731,0.065,0.152,-0.842,-0.082,-0.273,-0.007,0.555,-0.325,-0.123,-0.286,0.438,-0.43,0.353,-0.568,-0.038,0.294,-0.372,-0.707,-0.028,-0.539,0.517,0.499,0.088,0.065,-0.228,0.442,-0.046,-0.274,0.164,-0.025,-0.347,0.093,-0.477,-0.237,-0.398,-0.03,-0.321,-0.099,-0.279,-0.561,-0.786,0.223,-0.54,0.66,-0.311,0.063,-0.697,0.077,0.116,-0.463,0.333,-0.438,-0.109,-0.422,-0.059,-0.417,-0.244,0.167,-0.257,-0.11,0.145,-0.341,0.386,-0.227,0.374,0.363,0.608,-0.173,-0.304,-0.454,-0.243,0.739,-0.208,0.094,-0.411,0.745
ATRA,0.314,-0.394,0.843,0.359,-0.515,-0.049,-0.306,-0.77,-0.044,0.128,-0.755,-0.766,-0.581,0.377,0.381,0.469,-0.664,0.411,0.0,-0.133,0.585,-0.659,-0.752,-0.557,0.418,-0.879,-0.717,-0.55,-0.698,0.164,-0.773,-0.313,-0.469,0.419,-0.735,-0.326,-0.003,0.656,-0.841,-0.403,0.889,-0.676,-0.018,-0.649,-0.551,-0.011,0.59,-0.56,-0.734,-0.751,-0.713,0.856,-0.646,-0.779,-0.337,-0.307,-0.29,-0.828,0.693,-0.82,0.795,-0.706,-0.829,-0.108,0.05,-0.363,-0.832,-0.537,0.641,-0.594,-0.433,-0.673,-0.493,-0.689,-0.775,-0.29,-0.764,-0.621,-0.846,-0.666,-0.667,-0.758,-0.877,-0.474,0.317,-0.642,-0.757,-0.645,-0.559,-0.897,0.07,-0.129,0.75,0.571,-0.565,-0.849,-0.649,0.269,0.028,-0.541,-0.811,-0.522,-0.735,-0.117,0.488,0.098,-0.491,-0.097,-0.644,-0.167,-0.802,-0.718,0.557,0.647,0.419,0.441,-0.767,0.065,-0.094,-0.502,-0.243,-0.479,-0.796,-0.714,-0.661,-0.387,-0.189,-0.713,-0.757,-0.798,0.171,-0.716,-0.506,-0.361,0.074,-0.821,-0.295,-0.704,-0.706,-0.347,-0.745,-0.471,-0.586,-0.658,-0.086,0.253,-0.434,-0.535,-0.756,0.461,-0.342,0.484,-0.266,-0.669,-0.67,-0.476,0.056,-0.692,-0.594,-0.628,-0.701,-0.631,-0.193,-0.788,-0.554,-0.471,-0.639,-0.186,-0.727,-0.429,-0.117,-0.701,-0.578,-0.706,-0.453,-0.596,-0.683,-0.674,-0.033,-0.832,-0.574,0.114,-0.667,-0.656,-0.387,-0.057,0.207,-0.734,-0.161,0.729,0.85,-0.572,0.348,-0.186,-0.586,0.002,-0.654,-0.717,-0.644,0.153
AUTL,-0.369,-0.12,-0.097,0.185,-0.242,-0.383,0.149,-0.042,0.342,-0.329,0.195,0.052,-0.047,0.249,0.241,-0.267,0.026,-0.486,-0.133,0.0,-0.088,-0.089,-0.179,-0.096,0.057,0.191,0.074,-0.271,-0.157,-0.187,-0.04,-0.327,0.163,-0.362,-0.024,-0.309,0.287,-0.098,0.206,0.027,-0.274,0.067,-0.39,-0.03,-0.058,-0.274,0.168,0.095,0.174,0.001,0.071,-0.138,-0.035,0.088,0.001,0.029,-0.223,0.049,-0.36,0.237,-0.037,-0.007,0.139,-0.061,-0.2,-0.071,0.102,-0.086,-0.076,0.064,0.137,-0.049,-0.206,0.401,0.099,0.17,-0.016,-0.147,0.052,-0.03,0.039,0.135,0.17,-0.042,-0.003,0.174,0.078,-0.14,-0.174,0.175,0.265,0.254,-0.39,-0.183,-0.161,0.141,-0.068,0.142,0.129,-0.021,0.082,0.033,-0.001,0.107,-0.452,0.427,-0.27,-0.001,-0.097,-0.252,0.121,0.009,-0.085,-0.197,-0.025,0.153,0.02,0.081,-0.439,-0.137,-0.196,0.304,0.106,0.242,-0.196,-0.146,0.402,-0.028,0.132,-0.003,-0.302,0.091,0.057,0.018,-0.269,0.311,-0.366,0.157,0.071,-0.182,0.218,0.333,-0.09,0.199,-0.245,-0.308,0.001,-0.26,0.028,-0.172,-0.136,0.243,-0.261,-0.027,0.054,-0.139,-0.004,-0.026,0.052,-0.027,0.038,0.024,-0.082,0.148,0.377,-0.158,0.134,-0.341,-0.048,-0.197,0.371,-0.101,-0.106,0.118,-0.109,0.059,-0.028,0.071,-0.272,0.099,-0.004,-0.363,-0.01,-0.037,-0.284,-0.029,0.033,0.063,-0.287,-0.109,-0.337,-0.011,0.191,0.192,0.057,-0.313,0.008,-0.068,0.088,-0.212
AVDL,-0.156,0.036,0.257,-0.023,-0.148,0.314,0.32,-0.23,-0.364,-0.307,-0.091,-0.128,-0.067,0.363,0.172,0.134,-0.043,0.301,0.585,-0.088,0.0,-0.056,-0.2,-0.115,0.278,-0.309,-0.113,-0.055,-0.161,0.122,-0.139,0.031,-0.288,0.514,-0.052,0.105,-0.449,0.032,-0.363,0.033,0.594,-0.091,0.412,-0.048,-0.353,-0.009,0.392,0.056,-0.101,-0.362,-0.132,0.226,0.023,-0.183,0.209,0.16,0.138,-0.36,0.566,-0.214,0.541,-0.158,-0.412,0.364,0.405,-0.091,-0.244,0.029,-0.07,0.022,0.171,-0.132,-0.089,-0.182,-0.189,0.292,-0.147,-0.046,-0.338,-0.057,0.009,-0.108,-0.385,-0.03,-0.148,-0.054,-0.304,-0.116,-0.056,-0.506,-0.008,0.19,0.336,0.06,-0.031,-0.241,-0.071,0.326,0.112,0.023,-0.258,0.072,-0.216,0.235,0.497,-0.377,-0.045,-0.049,-0.022,-0.156,-0.26,-0.104,0.041,0.098,0.426,0.253,-0.155,0.044,0.258,0.109,0.135,-0.36,-0.263,-0.339,-0.061,0.127,-0.118,-0.112,-0.069,-0.314,0.356,-0.118,0.024,-0.093,0.43,-0.288,0.196,-0.281,-0.128,0.165,-0.4,-0.14,-0.022,-0.116,0.345,0.36,0.12,-0.345,-0.238,0.747,0.194,0.292,0.003,-0.041,-0.088,0.076,0.096,-0.078,-0.022,-0.177,-0.115,-0.046,-0.422,-0.32,-0.226,0.082,-0.05,0.144,-0.133,-0.011,0.047,-0.245,-0.02,-0.091,-0.101,-0.029,-0.08,-0.089,-0.214,-0.336,0.09,0.443,-0.066,0.006,0.154,0.253,0.098,-0.114,0.342,0.112,0.428,0.001,0.046,0.291,-0.152,0.168,-0.15,-0.16,-0.08,0.331
BCRX,-0.274,0.759,-0.863,-0.746,0.797,0.684,0.507,0.921,-0.623,-0.223,0.724,0.799,0.852,-0.433,-0.738,-0.23,0.876,0.157,-0.659,-0.089,-0.056,0.0,0.874,0.925,-0.3,0.823,0.753,0.928,0.904,0.177,0.907,0.789,0.467,0.129,0.906,0.75,-0.664,-0.809,0.63,0.463,-0.451,0.763,0.558,0.881,0.531,0.22,-0.45,0.601,0.702,0.703,0.661,-0.758,0.867,0.755,0.593,0.649,0.854,0.676,-0.166,0.761,-0.617,0.932,0.61,0.425,0.25,0.644,0.868,0.811,-0.781,0.615,0.751,0.736,0.841,0.355,0.806,0.38,0.885,0.792,0.834,0.821,0.809,0.826,0.723,0.721,-0.453,0.568,0.772,0.966,0.924,0.676,-0.432,-0.086,-0.367,-0.538,0.96,0.791,0.839,-0.409,-0.29,0.732,0.676,0.636,0.844,0.17,0.145,-0.624,0.884,-0.021,0.892,0.312,0.791,0.779,-0.75,-0.473,-0.381,-0.529,0.822,-0.418,0.673,0.758,0.279,0.161,0.682,0.354,0.911,0.844,-0.206,0.88,0.788,0.903,0.338,0.775,0.746,0.421,0.491,0.663,0.746,0.518,0.91,0.845,0.562,0.209,0.826,0.56,0.698,0.319,0.858,0.553,0.792,0.21,0.659,-0.565,0.654,0.905,0.721,0.856,-0.303,0.843,0.628,0.871,0.765,0.841,-0.205,0.604,0.175,0.906,0.573,0.773,0.722,0.756,-0.077,0.87,0.85,0.618,0.852,0.574,0.869,0.684,-0.151,0.685,0.686,0.309,0.794,0.88,0.732,0.152,-0.155,0.836,0.733,-0.757,-0.509,0.809,-0.716,0.314,0.656,0.571,0.736,0.936,0.667,0.488
BHAT,-0.18,0.638,-0.851,-0.643,0.756,0.515,0.481,0.904,-0.458,-0.121,0.736,0.846,0.812,-0.373,-0.669,-0.315,0.826,0.041,-0.752,-0.179,-0.2,0.874,0.0,0.778,-0.461,0.809,0.758,0.884,0.898,0.057,0.929,0.745,0.555,-0.035,0.907,0.692,-0.477,-0.724,0.735,0.555,-0.503,0.774,0.51,0.852,0.585,0.217,-0.553,0.621,0.723,0.809,0.708,-0.809,0.855,0.816,0.586,0.572,0.653,0.773,-0.21,0.747,-0.716,0.858,0.635,0.361,0.244,0.422,0.861,0.726,-0.799,0.696,0.643,0.796,0.797,0.45,0.789,0.426,0.852,0.827,0.887,0.852,0.808,0.812,0.748,0.609,-0.509,0.654,0.833,0.902,0.802,0.695,-0.266,-0.01,-0.391,-0.558,0.858,0.797,0.855,-0.289,-0.093,0.738,0.753,0.67,0.868,0.18,0.073,-0.564,0.856,0.193,0.878,0.251,0.817,0.868,-0.732,-0.578,-0.396,-0.563,0.881,-0.217,0.648,0.799,0.529,0.103,0.718,0.48,0.948,0.76,-0.182,0.863,0.8,0.866,0.135,0.77,0.696,0.372,0.384,0.602,0.747,0.558,0.836,0.693,0.588,0.298,0.838,0.634,0.578,0.197,0.669,0.657,0.778,0.022,0.706,-0.646,0.591,0.864,0.75,0.823,-0.091,0.814,0.7,0.781,0.79,0.821,-0.019,0.681,0.293,0.844,0.645,0.578,0.798,0.654,-0.01,0.863,0.841,0.693,0.636,0.656,0.88,0.721,-0.095,0.755,0.758,0.348,0.807,0.883,0.781,0.187,-0.251,0.858,0.672,-0.761,-0.578,0.768,-0.63,0.323,0.682,0.447,0.765,0.891,0.697,0.233
BLBD,-0.189,0.767,-0.764,-0.74,0.798,0.711,0.338,0.824,-0.628,-0.155,0.581,0.696,0.787,-0.431,-0.876,-0.166,0.812,0.292,-0.557,-0.096,-0.115,0.925,0.778,0.0,-0.314,0.7,0.662,0.922,0.816,0.277,0.834,0.839,0.442,0.165,0.82,0.776,-0.701,-0.693,0.481,0.377,-0.319,0.691,0.547,0.831,0.487,0.186,-0.443,0.458,0.57,0.647,0.569,-0.592,0.778,0.667,0.498,0.599,0.883,0.579,-0.139,0.648,-0.551,0.893,0.494,0.315,0.173,0.747,0.732,0.776,-0.633,0.493,0.644,0.637,0.868,0.15,0.727,0.211,0.781,0.709,0.744,0.693,0.664,0.72,0.645,0.622,-0.299,0.38,0.683,0.942,0.924,0.622,-0.534,-0.267,-0.167,-0.445,0.94,0.655,0.768,-0.564,-0.43,0.687,0.569,0.532,0.826,-0.005,0.248,-0.544,0.886,-0.066,0.839,0.227,0.727,0.659,-0.619,-0.296,-0.383,-0.503,0.719,-0.481,0.699,0.655,0.099,0.186,0.561,0.255,0.784,0.788,-0.314,0.787,0.641,0.825,0.34,0.693,0.728,0.381,0.442,0.542,0.757,0.442,0.865,0.826,0.45,0.093,0.77,0.448,0.707,0.385,0.782,0.485,0.76,0.215,0.58,-0.568,0.668,0.85,0.619,0.809,-0.402,0.746,0.53,0.873,0.674,0.759,-0.269,0.512,0.042,0.871,0.421,0.859,0.616,0.795,-0.263,0.856,0.817,0.497,0.857,0.444,0.78,0.553,-0.168,0.627,0.565,0.327,0.68,0.771,0.607,0.094,-0.14,0.748,0.729,-0.626,-0.388,0.711,-0.756,0.197,0.6,0.679,0.619,0.882,0.567,0.554
BMRN,0.472,0.135,0.516,0.476,-0.079,-0.142,-0.291,-0.356,0.002,0.501,-0.464,-0.475,-0.492,-0.248,0.225,0.69,-0.572,0.064,0.418,0.057,0.278,-0.3,-0.461,-0.314,0.0,-0.452,-0.442,-0.346,-0.204,0.24,-0.386,-0.306,-0.24,0.539,-0.449,-0.498,0.201,0.351,-0.456,-0.505,0.207,-0.588,-0.399,-0.56,-0.077,0.447,0.366,-0.297,-0.376,-0.24,-0.516,0.475,-0.427,-0.571,-0.16,-0.385,-0.069,-0.613,0.457,-0.42,0.274,-0.441,-0.309,0.206,0.002,0.036,-0.347,-0.293,0.401,-0.581,-0.264,-0.598,-0.501,-0.369,-0.478,-0.225,-0.256,-0.388,-0.413,-0.364,-0.301,-0.378,-0.421,0.267,0.523,-0.348,-0.505,-0.397,-0.379,-0.337,0.097,-0.056,0.29,0.612,-0.264,-0.293,-0.559,0.346,-0.127,-0.609,-0.472,-0.472,-0.429,-0.165,-0.074,0.225,-0.408,-0.434,-0.399,0.332,-0.581,-0.448,0.414,0.413,-0.015,0.201,-0.574,-0.214,-0.247,-0.469,-0.386,-0.326,-0.177,-0.37,-0.347,-0.315,0.051,-0.264,-0.403,-0.289,0.554,-0.52,-0.551,0.25,0.379,0.0,-0.489,-0.45,-0.296,-0.124,-0.359,-0.426,-0.588,-0.465,-0.129,0.216,-0.292,0.058,-0.498,0.07,-0.357,0.306,-0.439,-0.509,-0.555,-0.459,0.142,-0.298,-0.429,-0.355,-0.496,-0.585,0.273,-0.314,-0.18,-0.364,-0.356,-0.072,-0.417,-0.294,0.173,-0.343,-0.561,-0.494,-0.027,-0.107,-0.522,-0.495,0.533,-0.536,-0.54,0.008,-0.409,-0.412,-0.445,-0.277,0.487,-0.489,-0.199,0.528,0.386,-0.316,0.387,-0.238,-0.714,0.046,-0.487,-0.535,-0.513,-0.012
BNGO,-0.497,0.527,-0.919,-0.561,0.566,0.26,0.523,0.888,-0.208,-0.374,0.86,0.832,0.784,-0.279,-0.467,-0.504,0.822,-0.267,-0.879,0.191,-0.309,0.823,0.809,0.7,-0.452,0.0,0.807,0.689,0.782,-0.115,0.867,0.463,0.553,-0.314,0.861,0.475,-0.283,-0.801,0.867,0.522,-0.754,0.787,0.228,0.802,0.537,0.042,-0.511,0.633,0.809,0.702,0.76,-0.915,0.802,0.836,0.525,0.531,0.512,0.823,-0.567,0.89,-0.751,0.864,0.782,0.269,0.065,0.415,0.932,0.668,-0.832,0.707,0.727,0.756,0.629,0.709,0.864,0.446,0.834,0.703,0.878,0.807,0.791,0.864,0.872,0.579,-0.526,0.755,0.847,0.789,0.698,0.826,-0.131,0.147,-0.703,-0.642,0.748,0.906,0.792,-0.306,-0.046,0.68,0.809,0.647,0.81,0.228,-0.301,-0.301,0.66,0.092,0.741,0.128,0.883,0.834,-0.759,-0.66,-0.413,-0.453,0.872,-0.204,0.276,0.672,0.336,0.351,0.778,0.636,0.781,0.637,0.105,0.842,0.908,0.875,-0.064,0.82,0.67,0.342,0.132,0.813,0.461,0.688,0.848,0.543,0.749,0.462,0.742,0.71,0.349,-0.057,0.709,0.442,0.801,-0.122,0.523,-0.512,0.407,0.83,0.782,0.69,-0.1,0.798,0.69,0.769,0.799,0.825,-0.042,0.758,0.512,0.687,0.709,0.358,0.783,0.516,0.165,0.774,0.749,0.738,0.625,0.627,0.841,0.762,-0.193,0.798,0.704,-0.01,0.784,0.817,0.574,0.153,-0.241,0.847,0.389,-0.837,-0.821,0.726,-0.48,0.343,0.71,0.178,0.778,0.855,0.732,0.096
BUSE,-0.491,0.381,-0.837,-0.399,0.496,0.415,0.682,0.858,-0.214,-0.508,0.877,0.939,0.801,-0.138,-0.419,-0.697,0.857,-0.365,-0.717,0.074,-0.113,0.753,0.758,0.662,-0.442,0.807,0.0,0.724,0.815,-0.021,0.867,0.553,0.252,-0.262,0.887,0.7,-0.492,-0.745,0.832,0.837,-0.544,0.951,0.521,0.888,0.539,-0.146,-0.13,0.9,0.951,0.663,0.96,-0.89,0.922,0.952,0.816,0.822,0.482,0.912,-0.519,0.894,-0.422,0.861,0.869,0.534,0.376,0.231,0.799,0.581,-0.778,0.91,0.762,0.885,0.713,0.723,0.984,0.753,0.906,0.911,0.721,0.922,0.912,0.938,0.884,0.499,-0.638,0.858,0.868,0.759,0.667,0.741,0.117,0.483,-0.449,-0.768,0.7,0.892,0.926,-0.12,0.268,0.891,0.955,0.922,0.802,0.497,-0.21,-0.383,0.57,0.382,0.836,0.178,0.939,0.877,-0.826,-0.839,-0.021,-0.419,0.922,0.145,0.345,0.877,0.365,0.436,0.874,0.802,0.776,0.766,0.335,0.831,0.83,0.711,-0.121,0.973,0.886,0.479,0.164,0.673,0.634,0.908,0.823,0.645,0.623,0.701,0.877,0.913,0.39,0.074,0.764,0.338,0.869,0.12,0.762,-0.33,0.633,0.89,0.964,0.837,0.095,0.946,0.949,0.843,0.986,0.889,-0.133,0.919,0.612,0.743,0.936,0.319,0.926,0.775,0.3,0.74,0.752,0.928,0.481,0.827,0.914,0.968,-0.152,0.9,0.892,0.432,0.969,0.903,0.686,0.541,-0.53,0.94,0.569,-0.946,-0.762,0.923,-0.502,0.718,0.857,0.082,0.819,0.784,0.971,-0.014
CAKE,-0.097,0.718,-0.756,-0.716,0.837,0.777,0.441,0.887,-0.673,-0.118,0.612,0.755,0.858,-0.421,-0.851,-0.185,0.833,0.287,-0.55,-0.271,-0.055,0.928,0.884,0.922,-0.346,0.689,0.724,0.0,0.902,0.275,0.881,0.913,0.426,0.193,0.864,0.851,-0.737,-0.682,0.555,0.528,-0.276,0.744,0.685,0.868,0.578,0.244,-0.408,0.563,0.627,0.678,0.64,-0.649,0.85,0.718,0.632,0.692,0.864,0.655,-0.028,0.637,-0.523,0.901,0.525,0.45,0.325,0.6,0.769,0.761,-0.696,0.602,0.675,0.743,0.921,0.195,0.758,0.359,0.833,0.83,0.76,0.813,0.758,0.751,0.644,0.656,-0.421,0.503,0.749,0.972,0.919,0.579,-0.419,-0.149,-0.142,-0.467,0.956,0.681,0.858,-0.457,-0.254,0.756,0.641,0.635,0.835,0.123,0.316,-0.646,0.933,0.072,0.889,0.315,0.751,0.768,-0.7,-0.396,-0.302,-0.559,0.804,-0.359,0.798,0.799,0.34,0.101,0.613,0.295,0.913,0.892,-0.319,0.834,0.679,0.83,0.324,0.736,0.761,0.408,0.533,0.473,0.867,0.486,0.857,0.85,0.464,0.156,0.855,0.524,0.791,0.451,0.787,0.598,0.755,0.27,0.736,-0.615,0.753,0.88,0.705,0.903,-0.265,0.816,0.641,0.878,0.753,0.823,-0.174,0.566,0.076,0.938,0.534,0.82,0.729,0.839,-0.165,0.873,0.861,0.567,0.813,0.553,0.863,0.65,-0.105,0.653,0.681,0.489,0.79,0.864,0.785,0.202,-0.23,0.8,0.836,-0.681,-0.356,0.806,-0.766,0.305,0.669,0.657,0.712,0.904,0.652,0.493
CASY,-0.104,0.73,-0.803,-0.547,0.803,0.595,0.497,0.944,-0.494,-0.066,0.716,0.84,0.806,-0.505,-0.693,-0.225,0.782,-0.01,-0.698,-0.157,-0.161,0.904,0.898,0.816,-0.204,0.782,0.815,0.902,0.0,0.213,0.926,0.755,0.426,0.106,0.891,0.689,-0.562,-0.724,0.702,0.575,-0.498,0.77,0.497,0.829,0.674,0.305,-0.375,0.699,0.772,0.786,0.72,-0.789,0.877,0.783,0.713,0.657,0.749,0.741,-0.185,0.761,-0.63,0.889,0.722,0.561,0.35,0.47,0.868,0.694,-0.763,0.656,0.713,0.743,0.781,0.423,0.838,0.477,0.949,0.879,0.833,0.903,0.864,0.846,0.793,0.79,-0.454,0.684,0.828,0.903,0.8,0.702,-0.191,0.082,-0.307,-0.488,0.899,0.846,0.852,-0.249,-0.088,0.712,0.776,0.706,0.841,0.229,0.02,-0.553,0.807,0.135,0.867,0.44,0.794,0.841,-0.756,-0.57,-0.354,-0.574,0.838,-0.272,0.605,0.798,0.382,0.122,0.831,0.518,0.938,0.84,-0.057,0.922,0.765,0.878,0.303,0.791,0.71,0.554,0.52,0.701,0.699,0.613,0.886,0.795,0.563,0.3,0.805,0.643,0.603,0.332,0.765,0.69,0.775,0.119,0.731,-0.559,0.626,0.862,0.765,0.842,-0.048,0.913,0.743,0.864,0.821,0.801,0.016,0.751,0.308,0.861,0.709,0.636,0.828,0.762,0.114,0.886,0.765,0.684,0.772,0.759,0.874,0.76,0.097,0.726,0.717,0.452,0.879,0.901,0.757,0.253,-0.29,0.846,0.722,-0.767,-0.566,0.874,-0.624,0.4,0.626,0.472,0.75,0.841,0.731,0.252
CCOI,0.291,0.225,0.072,-0.274,0.19,0.436,0.066,0.077,-0.376,0.218,-0.133,-0.022,0.072,-0.295,-0.421,0.336,0.05,0.427,0.164,-0.187,0.122,0.177,0.057,0.277,0.24,-0.115,-0.021,0.275,0.213,0.0,0.049,0.326,0.046,0.419,0.027,0.229,-0.341,0.01,-0.205,-0.034,0.23,-0.063,0.166,0.06,0.196,0.088,0.08,-0.065,-0.079,0.096,-0.068,0.136,0.059,-0.122,0.038,0.188,0.363,-0.121,0.449,-0.089,0.163,0.138,-0.137,0.215,0.393,0.261,-0.028,0.011,0.05,-0.091,0.07,-0.112,0.199,-0.421,-0.027,-0.108,0.087,0.089,0.077,0.056,0.02,-0.025,-0.042,0.247,0.133,-0.192,-0.053,0.204,0.243,-0.184,-0.26,-0.243,0.355,0.118,0.241,-0.134,0.072,-0.117,-0.244,0.033,-0.12,-0.024,-0.051,-0.05,0.438,-0.237,0.242,-0.223,0.07,0.192,-0.094,-0.046,-0.091,0.296,-0.103,-0.378,0.002,-0.217,0.437,0.085,-0.13,-0.01,-0.03,-0.312,0.128,0.259,-0.358,0.021,-0.105,0.094,0.425,-0.029,0.082,0.001,0.282,-0.097,0.202,-0.109,0.058,0.321,-0.159,-0.34,0.086,-0.13,0.364,0.509,0.134,0.125,-0.068,0.289,0.152,0.021,0.138,0.089,-0.032,0.153,-0.282,0.053,-0.04,0.179,-0.013,0.04,-0.129,-0.111,-0.287,0.184,-0.117,0.452,-0.056,0.261,-0.207,0.078,0.084,-0.12,0.373,-0.057,0.04,-0.047,0.131,-0.129,-0.046,0.27,0.074,0.035,0.057,-0.06,-0.016,-0.022,0.377,0.135,0.348,0.15,-0.133,-0.071,-0.034,0.337,-0.022,0.08,-0.052,0.439
