,AAPL,ACRS,ADP,AFYA,AGNC,AGYS,ALT,AMGN,AMPH,AMZN,ANIP,AOSL,APDN,APLT,APVO,ARGX,ARLP,ATEX,ATRA,AUTL,AVDL,BCRX,BHAT,BLBD,BMRN,BNGO,BUSE,CAKE,CASY,CCOI,CEVA,CHY,CLDX,CLMT,COHU,COLM,COST,CPRT,CSWC,CSX,DBX,DCOM,DKNG,DMLP,DOX,EA,EDIT,ENPH,ENSG,ERNA,ESGR,ETNB,EXTR,FANG,FARO,FATE,FGEN,FIVE,FIVN,FLGT,FOLD,FORM,FOXA,FRPT,FSLR,FTAI,GBDC,GDYN,GGAL,GNLN,GRFS,GT,HCAT,HCM,HFWA,HOLX,HQY,HUBG,IAC,ICLR,IDCC,IEP,IHRT,ILMN,ILPT,IMAB,IMOS,INMD,INTZ,JAZZ,JKHY,JRVR,KIDS,LBRDK,LGND,LMAT,LPLA,LULU,MASI,MAT,MATW,MBIN,MBIO,MCRB,MDB,MDLZ,MELI,MIRM,MLKN,MNMD,MNRO,MPWR,MRCY,MRSN,MTVA,NAAS,NDAQ,NDSN,NEGG,NOVT,NVDA,NWE,NWSA,NXST,OCX,ODFL,OMAB,OPCH,OPRA,ORGO,OTRK,OZK,PAGP,PCH,PEGA,PENG,PENN,PFBC,PGNY,PHAT,PHUN,PINC,PLUG,PLXS,PYPL,QLYS,QNCX,QQQX,QVCGA,RAPT,RBBN,RCKT,REPL,RMBS,ROAD,ROKU,ROP,RUSHA,SANM,SATS,SBCF,SBLK,SBUX,SCHL,SCSC,SDGR,SEIC,SFIX,SGRY,SKYW,SLP,SNES,STAA,STLD,STOK,SWKS,TER,TFIN,TIGO,TILE,TPIC,TTEC,TTEK,TTGT,UXIN,VERU,VLYPP,VNOM,VRNS,VRSN,WDAY,WERN,WINA,WKHS,WRLD,XP,XTKG,YY,ZION,ZM
AAPL,0.0,0.551,0.094,0.266,-0.371,0.312,-0.739,0.765,0.732,-0.577,0.499,0.754,-0.291,-0.72,-0.446,0.818,0.19,-0.723,-0.724,-0.042,-0.835,-0.343,-0.725,-0.823,-0.467,-0.712,-0.379,0.093,-0.632,-0.143,-0.403,-0.488,-0.464,-0.538,0.362,-0.191,0.365,0.025,-0.612,0.56,-0.329,-0.755,-0.685,0.587,0.35,0.005,-0.558,-0.762,-0.057,-0.692,0.646,-0.524,0.524,0.136,-0.369,-0.123,0.77,-0.596,-0.506,-0.405,-0.572,0.199,-0.404,-0.558,-0.741,0.137,0.351,0.207,0.323,-0.617,-0.609,-0.086,-0.84,-0.06,-0.587,0.36,-0.913,0.261,0.008,0.171,-0.227,-0.622,-0.424,0.479,0.337,-0.776,0.022,-0.711,0.423,-0.356,0.786,-0.527,-0.315,-0.814,-0.77,-0.269,-0.293,-0.834,-0.5,-0.657,-0.069,-0.732,-0.402,-0.256,-0.118,0.58,-0.424,0.116,-0.157,-0.678,-0.438,-0.758,-0.132,-0.758,-0.697,-0.068,-0.162,0.175,-0.828,0.482,-0.6,0.507,-0.291,-0.569,-0.321,0.123,0.68,-0.164,-0.691,-0.364,-0.526,-0.318,-0.702,0.853,-0.422,0.594,-0.526,-0.622,-0.602,-0.342,-0.275,-0.239,-0.752,0.695,0.17,0.177,-0.164,0.285,-0.338,-0.463,0.244,-0.479,-0.559,0.849,-0.71,-0.029,-0.283,-0.087,0.383,-0.759,-0.58,0.394,0.74,-0.285,0.412,-0.421,-0.156,-0.874,0.675,-0.447,-0.427,-0.763,-0.56,-0.493,-0.776,0.436,0.887,-0.43,-0.75,0.014,-0.686,0.477,-0.721,-0.508,-0.684,-0.751,0.108,-0.39,-0.496,-0.18,0.122,0.387,-0.499,-0.713,0.628,0.337,-0.608,-0.397,-0.59,-0.675
ACRS,0.551,0.0,0.433,0.12,-0.028,0.229,-0.272,0.63,0.677,0.031,0.719,0.24,-0.495,-0.298,-0.285,0.495,0.402,-0.156,-0.389,-0.027,-0.256,0.189,-0.118,-0.265,0.106,-0.044,0.199,0.323,-0.479,0.119,0.22,0.229,0.304,-0.519,0.783,0.24,0.292,0.371,-0.215,0.422,0.21,-0.212,-0.146,0.592,0.699,0.538,0.108,-0.288,0.458,-0.12,0.635,0.062,0.416,-0.083,0.298,0.344,0.365,-0.102,0.044,0.126,-0.067,0.216,0.299,-0.166,-0.278,0.732,0.13,-0.037,0.434,-0.0,0.171,0.1,-0.23,0.037,-0.002,0.439,-0.452,0.529,-0.055,0.7,0.431,-0.065,0.284,0.758,0.444,-0.203,0.208,-0.065,0.587,0.35,0.573,0.222,0.224,-0.317,-0.271,0.361,0.12,-0.436,0.206,-0.139,0.092,-0.163,0.114,-0.53,0.426,0.59,0.338,0.695,0.283,-0.127,0.112,-0.424,0.31,-0.102,-0.249,0.17,0.345,0.234,-0.51,0.711,-0.288,0.086,0.125,-0.026,0.283,-0.143,0.782,0.448,-0.055,-0.139,0.153,0.17,-0.23,0.688,0.027,0.386,-0.165,-0.063,0.147,0.306,0.137,0.442,-0.209,0.672,0.559,0.652,-0.191,0.544,0.04,0.258,0.736,0.18,0.134,0.518,-0.093,0.366,0.437,0.343,0.694,-0.227,-0.058,-0.097,0.426,0.009,0.646,0.075,0.465,-0.355,0.612,0.054,0.366,-0.126,0.166,0.116,-0.151,0.543,0.539,-0.392,-0.209,0.489,0.021,0.414,-0.468,0.129,-0.14,-0.186,-0.011,-0.009,0.059,0.194,0.503,0.469,-0.178,-0.019,0.731,0.267,0.001,0.207,-0.133,0.059
ADP,0.094,0.433,0.0,0.122,0.508,0.367,0.192,0.074,0.24,0.509,0.287,-0.141,-0.312,0.163,-0.032,-0.08,-0.024,0.327,0.125,0.312,0.257,0.208,0.265,0.302,0.353,0.368,0.447,0.644,-0.04,0.586,0.543,0.602,0.554,-0.048,0.522,0.674,0.217,0.716,0.432,0.437,0.517,0.305,0.352,0.13,0.504,0.578,0.437,0.279,0.659,0.38,0.245,0.616,0.247,0.182,0.633,0.082,-0.101,0.491,0.306,0.1,0.234,0.299,0.618,0.385,0.265,0.556,0.186,0.093,0.203,0.513,0.436,0.479,0.243,-0.221,0.278,0.064,0.053,0.702,0.203,0.379,0.56,0.404,0.638,0.365,0.332,0.298,0.386,0.436,0.224,0.538,0.079,0.415,0.549,0.213,0.132,0.635,0.47,0.156,0.603,0.371,0.495,0.326,0.556,-0.333,0.663,0.171,0.578,0.375,0.713,0.283,0.579,0.089,0.099,0.353,0.026,0.093,0.716,0.686,0.016,0.467,0.211,-0.127,0.643,0.553,0.567,0.134,0.37,0.572,0.401,0.176,0.531,0.487,0.327,0.249,0.541,0.21,0.322,0.317,0.504,0.633,0.419,0.581,0.335,0.35,0.605,0.653,-0.056,0.637,0.535,0.438,0.358,0.483,0.532,0.191,0.402,0.389,0.665,0.652,0.545,0.278,0.439,-0.079,0.365,0.255,0.651,0.306,0.633,0.23,0.585,0.552,0.595,0.287,0.542,0.382,0.318,0.635,0.087,0.215,0.36,0.643,0.485,0.334,0.1,0.593,0.319,0.252,0.017,0.489,0.507,0.537,0.709,0.465,0.44,0.373,0.287,0.376,0.32,0.428,0.355,0.397
AFYA,0.266,0.12,0.122,0.0,0.065,0.386,0.034,0.095,-0.151,-0.067,-0.271,0.489,0.228,0.081,-0.428,0.36,-0.417,-0.004,-0.07,0.394,-0.27,-0.162,-0.322,-0.256,-0.214,-0.19,-0.52,0.058,-0.41,-0.185,0.039,-0.345,-0.236,0.034,-0.129,-0.044,-0.328,0.213,0.018,0.289,0.064,-0.331,-0.123,-0.238,-0.237,-0.07,-0.178,-0.156,-0.224,-0.156,-0.151,-0.037,0.413,0.264,-0.375,0.075,0.471,-0.039,0.185,-0.13,-0.108,0.217,-0.243,0.027,-0.201,-0.111,0.505,0.493,0.295,-0.021,-0.383,0.154,-0.244,-0.037,-0.599,0.113,-0.31,-0.195,0.548,-0.028,-0.081,-0.24,-0.25,-0.162,0.194,-0.17,0.341,-0.195,-0.16,-0.24,0.09,-0.467,-0.028,-0.154,-0.177,-0.067,-0.367,-0.1,-0.091,0.024,0.004,-0.347,0.111,0.308,0.15,-0.167,-0.31,0.083,-0.044,0.034,-0.121,0.074,-0.572,-0.203,-0.139,-0.13,0.078,0.002,-0.174,0.053,0.025,-0.087,0.226,-0.043,0.185,0.305,-0.043,-0.492,-0.203,0.029,-0.12,-0.432,-0.149,0.174,-0.066,0.517,0.125,-0.432,-0.158,-0.205,0.188,-0.241,-0.197,0.144,0.248,0.193,0.532,0.123,0.284,-0.113,-0.282,-0.075,-0.225,0.404,-0.333,0.293,-0.271,-0.187,-0.1,-0.375,-0.258,0.657,0.198,-0.055,0.166,0.228,-0.411,-0.238,0.369,-0.098,-0.292,-0.354,-0.199,-0.455,-0.362,0.158,0.381,0.078,-0.182,-0.155,-0.154,0.297,-0.008,0.001,-0.292,-0.255,0.233,-0.005,-0.033,0.145,0.257,-0.206,0.118,-0.227,-0.042,0.244,-0.398,-0.415,-0.426,-0.105
AGNC,-0.371,-0.028,0.508,0.065,0.0,0.609,0.663,-0.404,-0.216,0.755,-0.271,-0.304,0.039,0.537,0.451,-0.526,-0.196,0.718,0.681,0.691,0.675,0.468,0.581,0.695,0.699,0.652,0.479,0.714,0.201,0.639,0.661,0.566,0.659,0.597,0.025,0.867,-0.208,0.553,0.807,0.293,0.53,0.685,0.774,-0.34,-0.103,0.167,0.67,0.655,0.663,0.816,-0.29,0.799,0.259,0.615,0.669,0.22,-0.26,0.814,0.537,0.095,0.665,0.507,0.651,0.7,0.697,0.156,-0.061,0.205,-0.019,0.733,0.52,0.81,0.577,-0.069,0.367,-0.162,0.464,0.5,0.537,-0.108,0.537,0.676,0.711,-0.159,-0.067,0.626,0.382,0.725,-0.042,0.611,-0.447,0.515,0.827,0.6,0.58,0.696,0.727,0.614,0.631,0.806,0.679,0.692,0.852,0.234,0.549,-0.441,0.523,0.018,0.824,0.725,0.849,0.59,-0.203,0.691,0.518,-0.185,0.689,0.589,0.547,0.263,0.651,-0.121,0.763,0.852,0.772,0.41,-0.262,0.422,0.708,0.751,0.722,0.624,0.851,-0.298,0.76,0.215,0.894,0.612,0.642,0.745,0.524,0.415,0.734,-0.072,0.507,0.208,0.228,0.52,0.861,0.321,-0.035,0.663,0.666,-0.091,0.587,0.631,0.379,0.692,0.214,0.711,0.678,0.196,0.178,0.672,0.45,0.692,0.436,0.607,0.276,0.885,0.505,0.51,0.715,0.61,0.56,0.403,-0.328,0.708,0.754,0.634,0.716,0.45,0.713,0.7,0.642,0.596,0.144,0.869,0.707,0.633,0.529,0.136,0.903,0.657,-0.302,0.234,0.52,0.51,0.705,0.506
AGYS,0.312,0.229,0.367,0.386,0.609,0.0,0.189,0.04,0.151,0.322,-0.105,0.43,-0.034,0.189,0.022,0.129,-0.191,0.233,0.291,0.706,0.014,0.097,-0.0,0.045,0.277,0.117,0.034,0.662,-0.223,0.463,0.42,0.033,0.224,0.28,0.134,0.603,-0.202,0.558,0.36,0.622,0.31,0.097,0.248,-0.125,-0.109,-0.038,0.227,0.125,0.458,0.285,0.059,0.334,0.69,0.715,0.256,0.262,0.416,0.355,0.279,-0.329,0.39,0.791,0.109,0.345,0.184,0.034,0.346,0.501,0.341,0.261,-0.051,0.739,-0.012,-0.194,-0.199,-0.058,-0.195,0.42,0.708,-0.026,0.343,0.16,0.204,0.01,0.159,0.009,0.544,0.141,-0.023,0.207,-0.001,-0.046,0.564,0.001,0.123,0.471,0.407,0.093,0.206,0.355,0.547,0.11,0.523,0.336,0.363,-0.227,0.07,0.064,0.577,0.268,0.414,0.184,-0.408,0.107,0.011,-0.228,0.38,0.588,-0.016,0.554,0.344,0.219,0.514,0.338,0.514,0.607,0.028,0.104,0.182,0.587,0.274,0.249,0.271,0.205,0.349,0.756,0.544,0.101,0.177,0.305,0.393,-0.025,0.172,0.381,0.562,0.173,0.435,0.639,0.625,-0.023,-0.094,0.367,0.211,0.574,0.034,0.509,-0.066,0.433,0.313,0.064,0.218,0.615,0.675,0.496,0.649,0.474,0.12,-0.042,0.715,0.469,0.063,-0.143,0.245,0.062,-0.051,0.606,0.375,0.531,0.186,0.377,0.145,0.846,0.314,0.31,0.055,0.01,0.316,0.548,0.378,0.404,0.467,0.171,0.516,0.101,-0.027,0.542,-0.011,0.04,0.209,-0.051
ALT,-0.739,-0.272,0.192,0.034,0.663,0.189,0.0,-0.76,-0.692,0.841,-0.455,-0.471,0.338,0.851,0.502,-0.663,-0.303,0.857,0.869,0.608,0.898,0.537,0.734,0.873,0.713,0.887,0.313,0.196,0.305,0.321,0.74,0.613,0.679,0.662,-0.14,0.516,-0.356,0.343,0.823,-0.364,0.647,0.743,0.919,-0.625,-0.349,-0.007,0.845,0.917,0.31,0.905,-0.721,0.741,-0.124,0.234,0.536,0.438,-0.619,0.864,0.825,0.413,0.797,0.314,0.468,0.829,0.878,0.02,-0.263,0.234,-0.18,0.861,0.617,0.45,0.888,0.236,0.387,-0.286,0.788,-0.099,0.47,-0.048,0.398,0.752,0.561,-0.294,-0.417,0.91,0.202,0.863,-0.242,0.519,-0.835,0.571,0.574,0.66,0.887,0.527,0.452,0.917,0.64,0.87,0.194,0.779,0.805,0.399,0.536,-0.725,0.57,0.092,0.46,0.941,0.632,0.898,-0.057,0.878,0.834,0.101,0.602,0.108,0.883,-0.166,0.871,-0.559,0.581,0.73,0.627,0.158,-0.624,0.25,0.881,0.716,0.766,0.375,0.811,-0.769,0.736,-0.105,0.829,0.669,0.742,0.551,0.58,0.264,0.915,-0.594,0.249,0.121,0.462,0.226,0.656,0.656,-0.23,0.73,0.705,-0.434,0.75,0.51,0.291,0.257,-0.274,0.8,0.572,-0.119,-0.422,0.452,-0.137,0.844,0.178,0.822,-0.292,0.643,0.563,0.807,0.741,0.496,0.82,-0.002,-0.578,0.613,0.87,0.173,0.802,-0.036,0.813,0.783,0.855,0.917,0.148,0.696,0.803,0.452,0.319,-0.431,0.791,0.862,-0.557,0.068,0.727,0.618,0.649,0.773
AMGN,0.765,0.63,0.074,0.095,-0.404,0.04,-0.76,0.0,0.824,-0.5,0.728,0.469,-0.34,-0.774,-0.374,0.773,0.599,-0.687,-0.786,-0.428,-0.742,-0.105,-0.589,-0.778,-0.385,-0.642,-0.126,-0.077,-0.483,-0.302,-0.381,-0.353,-0.324,-0.653,0.593,-0.271,0.441,0.029,-0.686,0.584,-0.235,-0.619,-0.686,0.823,0.671,0.361,-0.522,-0.825,-0.01,-0.659,0.787,-0.539,0.404,-0.071,-0.267,0.043,0.719,-0.671,-0.448,-0.066,-0.54,-0.018,-0.107,-0.748,-0.795,0.431,0.219,-0.027,0.447,-0.567,-0.316,-0.295,-0.729,-0.054,-0.294,0.676,-0.806,0.275,-0.275,0.451,0.011,-0.586,-0.247,0.602,0.5,-0.742,-0.006,-0.603,0.557,-0.114,0.906,-0.23,-0.263,-0.533,-0.757,-0.188,-0.133,-0.87,-0.345,-0.582,-0.037,-0.597,-0.43,-0.516,-0.078,0.885,-0.195,0.361,-0.223,-0.728,-0.324,-0.837,0.247,-0.647,-0.639,-0.163,-0.149,-0.115,-0.841,0.564,-0.683,0.558,-0.312,-0.548,-0.239,-0.211,0.834,-0.001,-0.67,-0.559,-0.397,-0.113,-0.579,0.895,-0.614,0.37,-0.615,-0.472,-0.416,-0.2,-0.275,0.057,-0.741,0.74,0.258,0.291,-0.407,0.065,-0.411,-0.364,0.619,-0.486,-0.508,0.608,-0.659,-0.038,0.072,-0.043,0.564,-0.624,-0.458,0.189,0.488,-0.209,0.468,-0.441,0.155,-0.76,0.487,-0.422,-0.26,-0.655,-0.414,-0.253,-0.683,0.159,0.751,-0.681,-0.746,0.197,-0.534,0.289,-0.745,-0.508,-0.675,-0.691,-0.099,-0.431,-0.567,-0.085,0.091,0.458,-0.6,-0.584,0.865,0.139,-0.465,-0.325,-0.445,-0.504
AMPH,0.732,0.677,0.24,-0.151,-0.216,0.151,-0.692,0.824,0.0,-0.392,0.78,0.381,-0.633,-0.721,-0.23,0.581,0.608,-0.556,-0.667,-0.295,-0.58,-0.048,-0.451,-0.573,-0.173,-0.488,0.212,0.237,-0.381,-0.033,-0.269,-0.145,-0.128,-0.622,0.621,0.02,0.435,0.052,-0.493,0.626,-0.28,-0.377,-0.535,0.781,0.707,0.336,-0.356,-0.666,0.286,-0.469,0.891,-0.296,0.395,0.007,0.024,-0.053,0.59,-0.473,-0.529,-0.254,-0.38,0.082,0.088,-0.591,-0.603,0.515,0.134,-0.211,0.389,-0.438,-0.145,-0.023,-0.618,-0.124,-0.04,0.409,-0.669,0.565,-0.329,0.387,0.18,-0.308,0.002,0.588,0.479,-0.605,0.048,-0.457,0.525,0.106,0.79,-0.05,-0.028,-0.474,-0.606,0.036,0.118,-0.768,-0.218,-0.469,0.216,-0.353,-0.254,-0.495,-0.069,0.804,-0.073,0.289,0.109,-0.58,-0.058,-0.765,0.23,-0.457,-0.626,-0.194,-0.055,0.213,-0.788,0.708,-0.625,0.575,-0.171,-0.291,-0.141,-0.176,0.88,0.298,-0.449,-0.368,-0.28,0.183,-0.408,0.894,-0.382,0.372,-0.472,-0.215,-0.286,0.068,-0.185,0.256,-0.57,0.785,0.242,0.214,-0.454,0.212,-0.319,-0.296,0.666,-0.281,-0.24,0.567,-0.458,-0.03,0.177,0.315,0.731,-0.397,-0.179,0.011,0.621,0.006,0.597,-0.429,0.352,-0.626,0.568,-0.15,-0.047,-0.502,-0.232,0.031,-0.461,0.36,0.594,-0.492,-0.514,0.442,-0.365,0.44,-0.663,-0.354,-0.529,-0.556,-0.07,-0.221,-0.406,-0.077,0.087,0.614,-0.417,-0.447,0.803,0.155,-0.338,-0.116,-0.189,-0.466
AMZN,-0.577,0.031,0.509,-0.067,0.755,0.322,0.841,-0.5,-0.392,0.0,-0.153,-0.487,0.119,0.769,0.406,-0.589,-0.154,0.893,0.78,0.516,0.857,0.549,0.815,0.849,0.785,0.931,0.529,0.438,0.253,0.563,0.927,0.829,0.88,0.478,0.247,0.748,-0.187,0.655,0.823,-0.106,0.825,0.781,0.921,-0.402,0.015,0.376,0.936,0.869,0.627,0.935,-0.407,0.879,0.042,0.182,0.806,0.535,-0.564,0.902,0.866,0.448,0.809,0.446,0.71,0.838,0.849,0.319,-0.214,0.189,0.012,0.926,0.803,0.571,0.872,-0.003,0.534,-0.157,0.674,0.282,0.422,0.264,0.684,0.753,0.799,0.027,-0.142,0.867,0.376,0.939,-0.048,0.716,-0.629,0.758,0.771,0.684,0.811,0.802,0.676,0.818,0.873,0.9,0.382,0.787,0.892,0.097,0.757,-0.439,0.833,0.369,0.698,0.866,0.816,0.757,0.173,0.908,0.71,0.193,0.739,0.361,0.713,0.163,0.832,-0.469,0.722,0.808,0.826,0.109,-0.287,0.548,0.912,0.645,0.915,0.597,0.812,-0.506,0.812,-0.029,0.811,0.75,0.932,0.774,0.604,0.537,0.918,-0.283,0.542,0.444,0.246,0.511,0.778,0.756,0.078,0.892,0.874,-0.273,0.855,0.569,0.605,0.535,0.058,0.816,0.71,-0.218,-0.212,0.516,0.242,0.845,0.547,0.801,0.008,0.787,0.802,0.828,0.937,0.626,0.829,0.317,-0.398,0.565,0.872,0.466,0.907,0.112,0.707,0.918,0.875,0.856,0.029,0.775,0.927,0.616,0.588,-0.064,0.789,0.927,-0.252,0.144,0.815,0.746,0.743,0.872
ANIP,0.499,0.719,0.287,-0.271,-0.271,-0.105,-0.455,0.728,0.78,-0.153,0.0,0.124,-0.445,-0.569,-0.14,0.445,0.771,-0.381,-0.56,-0.371,-0.339,0.183,-0.178,-0.359,0.001,-0.161,0.308,0.051,-0.312,-0.137,-0.027,0.181,0.129,-0.599,0.844,0.003,0.527,0.133,-0.406,0.325,0.012,-0.238,-0.293,0.772,0.865,0.476,-0.05,-0.423,0.315,-0.279,0.726,-0.201,0.223,-0.257,0.195,0.244,0.22,-0.31,-0.219,0.179,-0.268,-0.006,0.275,-0.444,-0.417,0.756,-0.115,-0.183,0.307,-0.216,0.183,-0.197,-0.302,0.108,0.116,0.479,-0.439,0.45,-0.404,0.671,0.31,-0.118,0.206,0.817,0.276,-0.308,-0.097,-0.179,0.682,0.249,0.628,0.28,-0.073,-0.354,-0.402,0.09,0.164,-0.563,0.025,-0.315,-0.077,-0.18,-0.15,-0.711,0.223,0.812,0.276,0.552,0.049,-0.367,-0.022,-0.602,0.607,-0.227,-0.331,0.121,0.167,0.002,-0.543,0.562,-0.451,0.28,-0.129,-0.231,-0.028,-0.409,0.852,0.483,-0.212,-0.419,-0.041,0.246,-0.352,0.664,-0.255,0.107,-0.442,0.002,-0.007,0.123,-0.079,0.433,-0.331,0.53,0.3,0.46,-0.502,0.272,-0.353,0.115,0.856,-0.087,-0.04,0.377,-0.192,0.107,0.453,0.248,0.649,-0.202,-0.148,-0.357,0.276,-0.058,0.422,-0.234,0.523,-0.404,0.37,-0.146,0.27,-0.133,-0.002,0.198,-0.155,0.274,0.474,-0.648,-0.344,0.418,-0.122,0.165,-0.632,-0.106,-0.201,-0.223,-0.147,-0.218,-0.178,-0.044,0.214,0.482,-0.457,-0.117,0.917,-0.014,0.024,0.231,-0.047,-0.099
AOSL,0.754,0.24,-0.141,0.489,-0.304,0.43,-0.471,0.469,0.381,-0.487,0.124,0.0,-0.027,-0.409,-0.528,0.699,-0.033,-0.49,-0.364,0.162,-0.725,-0.335,-0.738,-0.723,-0.441,-0.586,-0.513,-0.083,-0.55,-0.353,-0.272,-0.66,-0.565,-0.203,0.045,-0.281,-0.126,-0.019,-0.476,0.415,-0.311,-0.624,-0.581,0.103,-0.084,-0.351,-0.527,-0.571,-0.319,-0.57,0.33,-0.505,0.621,0.251,-0.553,0.054,0.798,-0.464,-0.307,-0.553,-0.323,0.385,-0.618,-0.393,-0.557,-0.189,0.594,0.483,0.446,-0.54,-0.692,0.077,-0.694,0.005,-0.663,0.088,-0.719,-0.162,0.328,0.048,-0.181,-0.512,-0.573,0.045,0.186,-0.646,0.259,-0.684,-0.046,-0.437,0.414,-0.71,-0.292,-0.653,-0.508,-0.323,-0.335,-0.548,-0.511,-0.408,-0.048,-0.643,-0.294,0.324,-0.24,0.134,-0.623,0.039,-0.227,-0.41,-0.396,-0.335,-0.389,-0.631,-0.586,-0.166,-0.267,-0.046,-0.606,0.319,-0.25,0.426,-0.166,-0.484,-0.233,0.309,0.269,-0.42,-0.55,-0.125,-0.565,-0.388,-0.573,0.537,-0.496,0.698,-0.319,-0.513,-0.561,-0.508,-0.112,-0.539,-0.611,0.447,0.086,-0.1,0.39,0.095,-0.228,-0.468,-0.143,-0.367,-0.523,0.79,-0.689,-0.086,-0.538,-0.209,0.131,-0.699,-0.481,0.609,0.539,-0.176,0.185,-0.236,-0.453,-0.743,0.475,-0.44,-0.572,-0.765,-0.587,-0.568,-0.675,0.145,0.795,-0.16,-0.6,-0.264,-0.642,0.461,-0.369,-0.446,-0.686,-0.656,0.237,-0.301,-0.407,-0.178,-0.13,-0.108,-0.335,-0.661,0.269,0.263,-0.654,-0.581,-0.519,-0.668
APDN,-0.291,-0.495,-0.312,0.228,0.039,-0.034,0.338,-0.34,-0.633,0.119,-0.445,-0.027,0.0,0.267,0.163,-0.143,-0.22,0.129,0.318,0.126,0.163,0.142,0.037,0.115,-0.006,0.122,-0.471,-0.378,0.102,-0.202,0.0,-0.173,-0.118,0.558,-0.36,-0.269,-0.086,-0.059,0.178,-0.375,0.199,-0.019,0.222,-0.33,-0.493,-0.386,0.076,0.264,-0.433,0.104,-0.668,-0.168,0.001,0.187,-0.272,0.194,-0.202,0.113,0.298,0.364,0.092,0.002,-0.315,0.195,0.22,-0.437,-0.128,0.527,-0.319,0.013,-0.164,-0.211,0.191,0.352,-0.361,0.108,0.17,-0.536,0.339,-0.258,-0.34,-0.043,-0.274,-0.232,-0.569,0.172,-0.296,0.126,-0.141,-0.417,-0.398,-0.139,-0.244,0.095,0.249,-0.295,-0.194,0.338,-0.045,0.121,-0.374,-0.046,-0.018,0.312,0.068,-0.464,-0.108,-0.295,-0.392,0.165,-0.194,0.375,-0.077,0.013,0.499,0.128,0.02,-0.362,0.513,-0.527,0.443,-0.135,-0.113,-0.139,-0.068,0.274,-0.636,-0.39,0.004,0.073,-0.008,-0.357,0.096,-0.562,0.06,-0.102,0.242,-0.081,-0.064,-0.305,-0.119,-0.458,0.195,-0.642,-0.149,-0.056,0.265,-0.171,0.074,0.003,-0.402,-0.079,-0.19,-0.109,0.036,0.077,-0.321,-0.534,-0.675,0.053,-0.257,0.31,-0.399,-0.125,-0.468,0.306,-0.434,0.185,-0.315,-0.183,-0.29,0.098,-0.098,-0.256,0.042,-0.307,-0.051,0.173,0.026,-0.477,-0.03,-0.251,0.33,-0.004,0.217,0.22,0.141,-0.014,0.064,0.123,0.008,-0.434,0.111,0.118,-0.365,-0.072,0.134,-0.07,-0.071,0.097
APLT,-0.72,-0.298,0.163,0.081,0.537,0.189,0.851,-0.774,-0.721,0.769,-0.569,-0.409,0.267,0.0,0.226,-0.638,-0.456,0.884,0.894,0.451,0.788,0.245,0.664,0.805,0.52,0.791,0.281,0.235,0.429,0.42,0.736,0.547,0.612,0.537,-0.243,0.453,-0.505,0.42,0.785,-0.328,0.653,0.736,0.773,-0.736,-0.409,0.06,0.734,0.854,0.256,0.803,-0.595,0.742,-0.133,0.103,0.477,0.344,-0.541,0.785,0.771,0.205,0.8,0.279,0.363,0.834,0.84,-0.094,0.021,0.203,-0.066,0.801,0.54,0.444,0.859,-0.139,0.415,-0.474,0.78,-0.135,0.449,-0.045,0.413,0.678,0.494,-0.423,-0.134,0.778,0.411,0.764,-0.504,0.423,-0.789,0.433,0.597,0.745,0.879,0.562,0.36,0.907,0.667,0.806,0.249,0.692,0.674,0.492,0.391,-0.735,0.482,0.097,0.434,0.852,0.551,0.897,-0.062,0.814,0.632,0.181,0.358,0.173,0.75,-0.197,0.811,-0.618,0.62,0.715,0.602,0.211,-0.615,0.161,0.795,0.611,0.655,0.318,0.718,-0.713,0.651,-0.161,0.748,0.593,0.749,0.422,0.506,0.189,0.827,-0.459,0.212,0.069,0.553,0.158,0.718,0.651,-0.333,0.778,0.727,-0.483,0.767,0.248,0.225,0.233,-0.261,0.657,0.658,-0.126,-0.393,0.39,-0.085,0.73,0.164,0.806,-0.226,0.614,0.511,0.683,0.711,0.349,0.732,0.004,-0.57,0.713,0.821,0.061,0.747,-0.094,0.848,0.77,0.697,0.746,0.072,0.652,0.79,0.351,0.201,-0.352,0.719,0.76,-0.651,0.019,0.553,0.36,0.56,0.714
APVO,-0.446,-0.285,-0.032,-0.428,0.451,0.022,0.502,-0.374,-0.23,0.406,-0.14,-0.528,0.163,0.226,0.0,-0.503,0.165,0.295,0.382,0.244,0.568,0.542,0.467,0.521,0.505,0.441,0.345,0.104,0.319,0.236,0.162,0.366,0.387,0.475,-0.066,0.31,0.206,-0.007,0.469,-0.202,0.244,0.446,0.556,-0.023,-0.094,-0.022,0.447,0.464,0.303,0.537,-0.422,0.31,-0.215,0.313,0.364,0.111,-0.455,0.412,0.203,0.373,0.394,0.076,0.397,0.313,0.477,0.053,-0.639,-0.035,-0.459,0.377,0.388,0.133,0.456,0.325,0.315,0.046,0.465,0.155,0.027,-0.242,0.073,0.423,0.353,-0.08,-0.514,0.482,-0.32,0.518,0.197,0.307,-0.409,0.478,0.271,0.34,0.448,0.168,0.495,0.43,0.193,0.383,0.157,0.527,0.382,-0.003,0.192,-0.244,0.349,-0.234,0.226,0.38,0.386,0.3,0.1,0.449,0.579,-0.178,0.363,0.087,0.578,-0.111,0.38,-0.032,0.089,0.361,0.112,0.047,-0.351,0.316,0.431,0.436,0.463,0.391,0.572,-0.465,0.429,-0.156,0.434,0.454,0.291,0.462,0.053,0.217,0.523,-0.457,-0.014,-0.091,-0.238,0.048,0.19,0.154,0.023,0.192,0.279,-0.337,0.367,0.305,0.152,0.173,-0.134,0.629,0.25,-0.145,-0.172,0.377,-0.116,0.338,0.248,0.47,-0.299,0.389,0.261,0.494,0.376,0.503,0.476,-0.037,-0.462,0.253,0.461,0.308,0.397,0.016,0.379,0.272,0.588,0.593,0.108,0.42,0.297,0.238,0.167,-0.024,0.428,0.499,-0.279,0.113,0.563,0.558,0.537,0.285
ARGX,0.818,0.495,-0.08,0.36,-0.526,0.129,-0.663,0.773,0.581,-0.589,0.445,0.699,-0.143,-0.638,-0.503,0.0,0.211,-0.735,-0.734,-0.193,-0.853,-0.282,-0.782,-0.862,-0.549,-0.689,-0.531,-0.192,-0.726,-0.339,-0.396,-0.547,-0.468,-0.607,0.34,-0.423,0.205,-0.001,-0.747,0.372,-0.272,-0.842,-0.728,0.555,0.322,0.058,-0.568,-0.794,-0.264,-0.731,0.544,-0.61,0.36,-0.083,-0.512,0.041,0.795,-0.677,-0.36,-0.213,-0.517,0.04,-0.496,-0.608,-0.817,0.182,0.325,0.184,0.435,-0.616,-0.572,-0.325,-0.781,0.059,-0.635,0.486,-0.86,-0.044,-0.155,0.297,-0.268,-0.721,-0.544,0.484,0.281,-0.767,-0.097,-0.71,0.438,-0.369,0.72,-0.541,-0.373,-0.759,-0.762,-0.313,-0.449,-0.809,-0.49,-0.678,-0.267,-0.794,-0.466,-0.25,-0.095,0.583,-0.414,0.228,-0.397,-0.662,-0.562,-0.713,-0.123,-0.748,-0.594,0.038,-0.244,-0.113,-0.792,0.399,-0.593,0.312,-0.44,-0.675,-0.333,-0.066,0.605,-0.328,-0.72,-0.533,-0.501,-0.517,-0.743,0.752,-0.575,0.528,-0.612,-0.733,-0.582,-0.428,-0.102,-0.309,-0.802,0.589,0.214,0.23,-0.056,0.033,-0.437,-0.408,0.263,-0.5,-0.61,0.772,-0.756,-0.015,-0.333,-0.355,0.223,-0.843,-0.673,0.347,0.461,-0.434,0.239,-0.316,-0.249,-0.886,0.502,-0.61,-0.452,-0.754,-0.564,-0.637,-0.802,0.208,0.821,-0.562,-0.829,-0.192,-0.738,0.255,-0.73,-0.584,-0.737,-0.731,0.019,-0.579,-0.504,-0.19,0.068,0.088,-0.621,-0.707,0.608,0.256,-0.63,-0.464,-0.749,-0.576
ARLP,0.19,0.402,-0.024,-0.417,-0.196,-0.191,-0.303,0.599,0.608,-0.154,0.771,-0.033,-0.22,-0.456,0.165,0.211,0.0,-0.326,-0.35,-0.505,-0.165,0.416,-0.084,-0.227,0.137,-0.12,0.41,-0.112,0.034,-0.272,-0.144,0.08,0.094,-0.274,0.598,-0.121,0.442,-0.09,-0.304,0.245,-0.058,-0.025,-0.202,0.715,0.668,0.293,-0.081,-0.344,0.193,-0.177,0.536,-0.287,0.142,-0.085,0.118,0.279,0.178,-0.313,-0.237,0.309,-0.096,-0.043,0.302,-0.535,-0.275,0.586,-0.242,-0.209,0.158,-0.232,0.229,-0.293,-0.169,0.234,0.275,0.548,-0.233,0.254,-0.426,0.473,0.309,0.014,0.176,0.513,0.158,-0.258,-0.165,-0.109,0.498,0.261,0.483,0.353,-0.072,-0.058,-0.185,-0.008,0.307,-0.413,-0.024,-0.19,0.012,0.032,-0.18,-0.476,0.014,0.675,0.194,0.321,-0.087,-0.309,0.032,-0.446,0.678,-0.136,-0.124,-0.204,0.054,-0.28,-0.302,0.419,-0.32,0.449,-0.194,-0.187,-0.123,-0.377,0.552,0.431,-0.191,-0.294,-0.036,0.366,-0.098,0.417,-0.384,-0.023,-0.297,0.168,-0.015,0.102,-0.208,0.359,-0.223,0.282,0.091,0.146,-0.49,-0.071,-0.371,0.001,0.78,-0.173,-0.11,0.087,-0.186,0.011,0.403,0.16,0.505,0.002,-0.049,-0.247,0.032,0.158,0.256,-0.21,0.472,-0.225,0.043,-0.089,0.133,-0.105,-0.013,0.364,-0.054,-0.166,0.23,-0.559,-0.259,0.401,-0.045,0.086,-0.365,-0.188,-0.166,-0.097,-0.114,-0.119,-0.29,-0.024,-0.044,0.309,-0.355,-0.032,0.709,-0.103,0.075,0.162,0.17,-0.144
ATEX,-0.723,-0.156,0.327,-0.004,0.718,0.233,0.857,-0.687,-0.556,0.893,-0.381,-0.49,0.129,0.884,0.295,-0.735,-0.326,0.0,0.879,0.49,0.878,0.374,0.788,0.897,0.692,0.893,0.498,0.392,0.376,0.472,0.846,0.716,0.749,0.533,-0.062,0.656,-0.462,0.477,0.849,-0.205,0.653,0.857,0.87,-0.658,-0.228,0.19,0.84,0.897,0.464,0.913,-0.497,0.87,-0.065,0.146,0.678,0.37,-0.597,0.882,0.779,0.237,0.806,0.317,0.604,0.857,0.891,0.083,-0.066,0.115,-0.011,0.897,0.72,0.604,0.895,-0.107,0.554,-0.426,0.803,0.094,0.426,0.042,0.594,0.791,0.724,-0.303,-0.118,0.881,0.453,0.87,-0.351,0.625,-0.756,0.626,0.717,0.792,0.869,0.703,0.552,0.9,0.778,0.916,0.398,0.819,0.819,0.329,0.514,-0.645,0.65,0.228,0.65,0.923,0.764,0.884,0.007,0.932,0.65,0.146,0.527,0.269,0.742,-0.037,0.823,-0.531,0.742,0.855,0.786,0.133,-0.475,0.363,0.912,0.677,0.766,0.542,0.831,-0.638,0.75,-0.14,0.817,0.759,0.871,0.627,0.567,0.405,0.916,-0.379,0.317,0.164,0.428,0.307,0.78,0.693,-0.151,0.876,0.866,-0.455,0.85,0.413,0.439,0.498,-0.052,0.818,0.789,-0.217,-0.331,0.518,0.069,0.76,0.375,0.86,-0.149,0.783,0.688,0.799,0.852,0.602,0.838,0.13,-0.586,0.684,0.935,0.321,0.896,0.024,0.833,0.861,0.803,0.809,0.042,0.768,0.846,0.455,0.307,-0.194,0.798,0.87,-0.493,-0.034,0.691,0.553,0.72,0.81
ATRA,-0.724,-0.389,0.125,-0.07,0.681,0.291,0.869,-0.786,-0.667,0.78,-0.56,-0.364,0.318,0.894,0.382,-0.734,-0.35,0.879,0.0,0.514,0.844,0.381,0.674,0.838,0.657,0.809,0.356,0.27,0.498,0.431,0.704,0.511,0.605,0.748,-0.272,0.523,-0.451,0.335,0.827,-0.247,0.571,0.817,0.832,-0.723,-0.455,-0.117,0.73,0.9,0.3,0.863,-0.619,0.714,-0.045,0.307,0.528,0.344,-0.544,0.828,0.692,0.161,0.862,0.43,0.372,0.832,0.921,-0.185,-0.059,0.253,-0.171,0.752,0.532,0.557,0.848,-0.005,0.444,-0.454,0.797,-0.071,0.506,-0.122,0.43,0.753,0.512,-0.456,-0.275,0.797,0.385,0.776,-0.485,0.44,-0.835,0.463,0.629,0.754,0.924,0.533,0.542,0.938,0.637,0.866,0.372,0.784,0.703,0.568,0.331,-0.796,0.447,-0.069,0.503,0.883,0.648,0.945,-0.067,0.822,0.693,0.041,0.43,0.199,0.837,-0.147,0.912,-0.409,0.608,0.752,0.602,0.365,-0.691,0.256,0.833,0.743,0.637,0.455,0.817,-0.762,0.672,-0.091,0.832,0.709,0.702,0.444,0.436,0.119,0.887,-0.505,0.16,-0.062,0.522,0.178,0.702,0.521,-0.361,0.758,0.722,-0.431,0.768,0.276,0.211,0.326,-0.233,0.768,0.71,-0.04,-0.327,0.511,-0.083,0.718,0.181,0.818,-0.231,0.677,0.466,0.677,0.693,0.477,0.784,-0.039,-0.56,0.804,0.859,0.14,0.757,0.016,0.954,0.736,0.736,0.775,0.129,0.735,0.764,0.407,0.143,-0.333,0.803,0.771,-0.674,0.005,0.609,0.411,0.717,0.633
AUTL,-0.042,-0.027,0.312,0.394,0.691,0.706,0.608,-0.428,-0.295,0.516,-0.371,0.162,0.126,0.451,0.244,-0.193,-0.505,0.49,0.514,0.0,0.378,0.205,0.261,0.393,0.426,0.437,-0.003,0.499,-0.215,0.369,0.522,0.237,0.324,0.474,-0.098,0.609,-0.312,0.432,0.582,0.139,0.356,0.27,0.568,-0.489,-0.355,-0.188,0.495,0.506,0.324,0.557,-0.427,0.556,0.329,0.597,0.28,0.241,-0.052,0.639,0.509,-0.129,0.453,0.617,0.153,0.658,0.48,-0.071,0.078,0.497,0.048,0.544,0.102,0.734,0.316,0.11,-0.117,-0.281,0.204,0.161,0.743,-0.214,0.183,0.375,0.278,-0.187,-0.261,0.466,0.341,0.418,-0.088,0.255,-0.461,0.076,0.495,0.096,0.393,0.408,0.297,0.459,0.266,0.574,0.328,0.312,0.744,0.49,0.457,-0.598,0.168,-0.004,0.562,0.632,0.476,0.53,-0.554,0.42,0.369,-0.037,0.544,0.481,0.396,0.155,0.597,-0.218,0.559,0.515,0.536,0.485,-0.309,0.019,0.501,0.726,0.453,0.157,0.462,-0.256,0.63,0.486,0.707,0.268,0.301,0.388,0.548,0.013,0.496,-0.13,0.401,0.123,0.55,0.558,0.645,0.221,-0.343,0.467,0.377,0.247,0.28,0.639,-0.088,0.338,-0.067,0.349,0.257,0.395,0.285,0.395,0.218,0.661,-0.066,0.271,0.31,0.515,0.197,0.276,0.371,0.135,0.282,0.485,-0.017,0.615,0.501,0.218,0.357,0.492,0.485,0.502,0.446,0.434,0.332,0.616,0.58,0.415,0.446,-0.213,0.711,0.37,-0.359,0.411,0.276,0.337,0.295,0.267
AVDL,-0.835,-0.256,0.257,-0.27,0.675,0.014,0.898,-0.742,-0.58,0.857,-0.339,-0.725,0.163,0.788,0.568,-0.853,-0.165,0.878,0.844,0.378,0.0,0.557,0.888,0.976,0.773,0.93,0.577,0.269,0.517,0.448,0.702,0.777,0.775,0.6,-0.069,0.585,-0.192,0.283,0.848,-0.362,0.587,0.899,0.935,-0.499,-0.177,0.137,0.861,0.945,0.449,0.939,-0.577,0.809,-0.286,0.114,0.722,0.292,-0.798,0.871,0.694,0.461,0.757,0.156,0.666,0.787,0.937,0.107,-0.398,-0.043,-0.301,0.869,0.793,0.419,0.953,0.133,0.662,-0.305,0.901,0.111,0.224,-0.008,0.477,0.841,0.73,-0.236,-0.325,0.955,0.152,0.941,-0.198,0.638,-0.782,0.76,0.615,0.798,0.906,0.592,0.595,0.921,0.74,0.868,0.285,0.907,0.749,0.178,0.47,-0.579,0.709,0.063,0.549,0.887,0.735,0.827,0.173,0.948,0.823,0.121,0.581,0.179,0.89,-0.175,0.789,-0.506,0.563,0.813,0.6,0.057,-0.524,0.485,0.928,0.636,0.805,0.577,0.883,-0.749,0.767,-0.342,0.769,0.815,0.823,0.681,0.431,0.474,0.97,-0.556,0.146,0.108,0.16,0.194,0.607,0.681,-0.075,0.753,0.815,-0.63,0.897,0.366,0.519,0.429,-0.135,0.938,0.736,-0.363,-0.475,0.486,-0.087,0.678,0.416,0.942,-0.37,0.736,0.711,0.928,0.834,0.713,0.943,-0.02,-0.739,0.569,0.942,0.34,0.917,-0.166,0.791,0.807,0.927,0.951,0.017,0.71,0.781,0.436,0.263,-0.183,0.767,0.933,-0.492,-0.06,0.844,0.725,0.812,0.84
BCRX,-0.343,0.189,0.208,-0.162,0.468,0.097,0.537,-0.105,-0.048,0.549,0.183,-0.335,0.142,0.245,0.542,-0.282,0.416,0.374,0.381,0.205,0.557,0.0,0.446,0.467,0.735,0.581,0.432,0.094,0.154,0.089,0.423,0.505,0.624,0.401,0.338,0.343,0.21,0.174,0.42,-0.072,0.468,0.459,0.59,0.091,0.21,0.195,0.587,0.449,0.43,0.567,-0.224,0.355,0.127,0.219,0.474,0.624,-0.278,0.45,0.495,0.697,0.521,0.281,0.569,0.241,0.482,0.509,-0.461,0.117,-0.195,0.439,0.629,0.14,0.481,0.593,0.328,0.388,0.334,0.179,0.128,0.363,0.504,0.521,0.539,0.267,-0.316,0.501,-0.043,0.59,0.346,0.55,-0.237,0.64,0.43,0.387,0.511,0.399,0.529,0.361,0.486,0.505,0.141,0.538,0.547,-0.108,0.541,-0.061,0.581,0.257,0.293,0.51,0.506,0.332,0.351,0.513,0.671,-0.085,0.631,-0.047,0.486,0.241,0.476,-0.115,0.251,0.42,0.373,-0.024,-0.054,0.548,0.504,0.366,0.634,0.434,0.538,-0.238,0.381,0.015,0.492,0.506,0.501,0.575,0.228,0.495,0.538,-0.232,0.296,0.382,-0.087,0.197,0.3,0.427,0.443,0.416,0.408,-0.142,0.352,0.602,0.513,0.27,0.144,0.565,0.303,-0.107,-0.278,0.479,0.171,0.596,0.412,0.416,-0.091,0.41,0.492,0.511,0.539,0.627,0.547,0.008,-0.175,0.008,0.421,0.492,0.549,0.076,0.307,0.454,0.559,0.609,0.172,0.394,0.402,0.576,0.419,-0.063,0.387,0.622,0.103,0.04,0.601,0.631,0.508,0.53
BHAT,-0.725,-0.118,0.265,-0.322,0.581,-0.0,0.734,-0.589,-0.451,0.815,-0.178,-0.738,0.037,0.664,0.467,-0.782,-0.084,0.788,0.674,0.261,0.888,0.446,0.0,0.881,0.694,0.863,0.606,0.309,0.501,0.457,0.679,0.802,0.744,0.417,0.073,0.589,-0.126,0.273,0.721,-0.322,0.534,0.812,0.861,-0.382,-0.05,0.248,0.806,0.827,0.494,0.84,-0.423,0.763,-0.282,-0.048,0.747,0.269,-0.761,0.78,0.651,0.464,0.618,0.082,0.679,0.689,0.815,0.203,-0.4,-0.174,-0.196,0.799,0.805,0.34,0.878,0.027,0.705,-0.292,0.799,0.225,0.129,0.077,0.499,0.739,0.732,-0.077,-0.196,0.858,0.138,0.876,-0.129,0.617,-0.621,0.795,0.554,0.701,0.767,0.618,0.551,0.786,0.729,0.766,0.208,0.834,0.652,-0.009,0.473,-0.405,0.757,0.191,0.526,0.752,0.683,0.666,0.322,0.858,0.69,0.208,0.484,0.177,0.742,-0.139,0.63,-0.458,0.5,0.72,0.576,-0.092,-0.354,0.538,0.841,0.525,0.8,0.583,0.746,-0.602,0.702,-0.401,0.661,0.77,0.822,0.663,0.386,0.563,0.87,-0.419,0.159,0.174,0.016,0.284,0.525,0.669,0.042,0.714,0.779,-0.598,0.872,0.301,0.582,0.45,-0.049,0.861,0.675,-0.455,-0.416,0.414,0.015,0.562,0.478,0.885,-0.305,0.712,0.753,0.902,0.816,0.673,0.87,0.055,-0.661,0.449,0.858,0.356,0.879,-0.159,0.604,0.784,0.875,0.854,-0.102,0.61,0.735,0.337,0.276,-0.027,0.631,0.885,-0.325,-0.08,0.834,0.751,0.751,0.829
BLBD,-0.823,-0.265,0.302,-0.256,0.695,0.045,0.873,-0.778,-0.573,0.849,-0.359,-0.723,0.115,0.805,0.521,-0.862,-0.227,0.897,0.838,0.393,0.976,0.467,0.881,0.0,0.749,0.924,0.588,0.365,0.518,0.526,0.718,0.796,0.781,0.59,-0.105,0.65,-0.257,0.311,0.873,-0.336,0.57,0.91,0.931,-0.547,-0.204,0.133,0.857,0.945,0.494,0.938,-0.552,0.854,-0.297,0.1,0.737,0.218,-0.807,0.894,0.666,0.369,0.754,0.141,0.673,0.826,0.938,0.098,-0.348,-0.095,-0.276,0.872,0.786,0.479,0.944,0.022,0.679,-0.418,0.899,0.159,0.222,-0.054,0.482,0.861,0.758,-0.258,-0.282,0.939,0.176,0.938,-0.25,0.632,-0.787,0.74,0.643,0.799,0.895,0.622,0.573,0.92,0.764,0.86,0.314,0.91,0.746,0.177,0.462,-0.602,0.698,0.034,0.603,0.888,0.746,0.825,0.124,0.943,0.774,0.117,0.55,0.281,0.862,-0.18,0.753,-0.522,0.611,0.855,0.626,0.059,-0.515,0.488,0.937,0.649,0.79,0.579,0.871,-0.733,0.811,-0.355,0.787,0.815,0.833,0.678,0.472,0.492,0.964,-0.52,0.135,0.09,0.175,0.219,0.647,0.664,-0.118,0.785,0.853,-0.626,0.924,0.344,0.5,0.481,-0.113,0.928,0.775,-0.387,-0.425,0.504,-0.057,0.651,0.417,0.943,-0.305,0.788,0.73,0.915,0.845,0.715,0.936,0.053,-0.767,0.616,0.97,0.354,0.917,-0.139,0.79,0.829,0.915,0.917,0.015,0.729,0.816,0.396,0.263,-0.141,0.788,0.921,-0.52,-0.086,0.8,0.704,0.798,0.829
BMRN,-0.467,0.106,0.353,-0.214,0.699,0.277,0.713,-0.385,-0.173,0.785,0.001,-0.441,-0.006,0.52,0.505,-0.549,0.137,0.692,0.657,0.426,0.773,0.735,0.694,0.749,0.0,0.801,0.598,0.4,0.267,0.403,0.701,0.705,0.808,0.54,0.226,0.661,-0.089,0.336,0.693,-0.068,0.54,0.73,0.82,-0.206,0.031,0.174,0.8,0.731,0.638,0.841,-0.287,0.696,0.061,0.233,0.741,0.495,-0.464,0.756,0.632,0.418,0.741,0.453,0.699,0.605,0.777,0.372,-0.338,0.075,-0.12,0.717,0.762,0.503,0.707,0.243,0.545,-0.021,0.56,0.32,0.268,0.213,0.624,0.749,0.757,0.068,-0.231,0.735,0.224,0.794,0.061,0.704,-0.491,0.753,0.682,0.559,0.732,0.696,0.669,0.626,0.72,0.764,0.377,0.771,0.78,0.062,0.588,-0.346,0.713,0.248,0.647,0.763,0.733,0.59,0.223,0.776,0.67,-0.025,0.679,0.239,0.62,0.236,0.664,-0.256,0.536,0.716,0.648,0.034,-0.207,0.617,0.798,0.647,0.764,0.625,0.726,-0.386,0.688,-0.031,0.727,0.725,0.74,0.715,0.473,0.551,0.813,-0.249,0.34,0.265,0.114,0.401,0.587,0.572,0.197,0.745,0.741,-0.236,0.692,0.596,0.592,0.574,0.151,0.797,0.623,-0.223,-0.194,0.627,0.221,0.707,0.508,0.64,-0.027,0.729,0.709,0.71,0.784,0.734,0.764,0.191,-0.377,0.381,0.756,0.569,0.815,0.188,0.583,0.727,0.747,0.767,0.106,0.686,0.703,0.577,0.443,-0.043,0.681,0.824,-0.137,0.085,0.742,0.761,0.753,0.692
BNGO,-0.712,-0.044,0.368,-0.19,0.652,0.117,0.887,-0.642,-0.488,0.931,-0.161,-0.586,0.122,0.791,0.441,-0.689,-0.12,0.893,0.809,0.437,0.93,0.581,0.863,0.924,0.801,0.0,0.561,0.327,0.344,0.465,0.865,0.86,0.877,0.506,0.15,0.653,-0.224,0.459,0.802,-0.319,0.719,0.833,0.949,-0.463,-0.057,0.235,0.953,0.936,0.535,0.943,-0.482,0.846,-0.161,0.039,0.786,0.484,-0.731,0.908,0.824,0.495,0.802,0.288,0.682,0.843,0.908,0.277,-0.326,0.049,-0.115,0.904,0.847,0.469,0.947,0.145,0.618,-0.272,0.795,0.163,0.282,0.229,0.617,0.837,0.788,-0.017,-0.289,0.943,0.226,0.964,-0.102,0.701,-0.732,0.793,0.667,0.697,0.889,0.712,0.592,0.879,0.854,0.88,0.228,0.845,0.821,0.107,0.667,-0.514,0.822,0.294,0.605,0.924,0.752,0.81,0.229,0.946,0.79,0.271,0.669,0.234,0.801,-0.022,0.815,-0.576,0.631,0.807,0.733,0.018,-0.375,0.577,0.965,0.615,0.872,0.569,0.794,-0.639,0.799,-0.217,0.763,0.816,0.915,0.709,0.582,0.53,0.958,-0.442,0.351,0.315,0.245,0.367,0.641,0.8,0.046,0.885,0.902,-0.445,0.916,0.483,0.59,0.471,-0.04,0.86,0.714,-0.407,-0.402,0.449,0.036,0.785,0.482,0.867,-0.189,0.731,0.837,0.928,0.912,0.685,0.938,0.158,-0.571,0.506,0.917,0.367,0.933,-0.08,0.704,0.906,0.927,0.941,0.016,0.69,0.906,0.466,0.42,-0.189,0.731,0.969,-0.329,-0.019,0.872,0.801,0.753,0.908
BUSE,-0.379,0.199,0.447,-0.52,0.479,0.034,0.313,-0.126,0.212,0.529,0.308,-0.513,-0.471,0.281,0.345,-0.531,0.41,0.498,0.356,-0.003,0.577,0.432,0.606,0.588,0.598,0.561,0.0,0.503,0.426,0.414,0.492,0.727,0.682,0.066,0.388,0.603,0.039,0.312,0.498,0.177,0.32,0.783,0.487,0.063,0.459,0.446,0.553,0.43,0.705,0.579,0.264,0.629,-0.025,0.031,0.793,0.174,-0.391,0.499,0.19,0.148,0.487,0.125,0.837,0.293,0.489,0.564,-0.194,-0.366,0.111,0.545,0.769,0.421,0.54,-0.188,0.884,-0.181,0.507,0.576,-0.172,0.275,0.741,0.731,0.83,0.1,0.237,0.486,0.284,0.593,0.036,0.825,-0.16,0.797,0.631,0.597,0.465,0.664,0.804,0.344,0.603,0.55,0.589,0.777,0.52,-0.188,0.279,0.095,0.657,0.283,0.684,0.429,0.783,0.245,0.472,0.659,0.21,-0.074,0.412,0.339,0.242,0.364,0.233,-0.005,0.52,0.691,0.493,-0.166,0.209,0.791,0.613,0.298,0.579,0.936,0.635,-0.041,0.377,-0.195,0.378,0.839,0.67,0.745,0.305,0.78,0.533,0.121,0.252,0.153,-0.209,0.23,0.324,0.51,0.506,0.554,0.713,-0.368,0.617,0.145,0.749,0.813,0.577,0.717,0.818,-0.501,-0.021,0.586,0.406,0.208,0.84,0.544,0.009,0.719,0.739,0.57,0.691,0.871,0.67,0.136,-0.439,0.246,0.62,0.758,0.696,0.128,0.325,0.554,0.479,0.515,-0.15,0.604,0.442,0.276,0.134,0.359,0.426,0.599,0.139,-0.059,0.573,0.585,0.835,0.458
CAKE,0.093,0.323,0.644,0.058,0.714,0.662,0.196,-0.077,0.237,0.438,0.051,-0.083,-0.378,0.235,0.104,-0.192,-0.112,0.392,0.27,0.499,0.269,0.094,0.309,0.365,0.4,0.327,0.503,0.0,0.029,0.777,0.489,0.488,0.53,0.115,0.231,0.872,-0.084,0.599,0.517,0.584,0.34,0.424,0.406,-0.031,0.178,0.304,0.416,0.278,0.803,0.457,0.235,0.667,0.352,0.493,0.653,-0.046,0.02,0.555,0.185,-0.238,0.378,0.446,0.578,0.465,0.342,0.307,0.156,-0.025,0.195,0.464,0.32,0.797,0.212,-0.397,0.305,-0.248,0.079,0.81,0.332,0.028,0.514,0.486,0.66,0.108,0.347,0.232,0.447,0.408,0.052,0.545,0.006,0.352,0.741,0.274,0.218,0.685,0.595,0.187,0.499,0.435,0.713,0.422,0.605,-0.055,0.428,-0.071,0.411,0.095,0.87,0.358,0.685,0.148,-0.144,0.368,0.03,-0.104,0.497,0.859,0.034,0.494,0.186,0.029,0.701,0.681,0.637,0.359,0.218,0.529,0.413,0.513,0.457,0.588,0.48,0.209,0.615,0.341,0.572,0.395,0.449,0.64,0.422,0.488,0.349,0.428,0.533,0.271,0.036,0.679,0.7,0.209,0.158,0.535,0.554,0.185,0.393,0.451,0.356,0.822,0.568,0.359,0.592,0.122,0.597,0.54,0.751,0.338,0.528,0.247,0.665,0.788,0.482,0.196,0.536,0.478,0.25,0.721,-0.034,0.522,0.457,0.744,0.465,0.633,0.3,0.54,0.287,0.2,0.075,0.705,0.523,0.31,0.525,0.526,0.616,0.333,0.039,0.345,0.198,0.32,0.462,0.214
CASY,-0.632,-0.479,-0.04,-0.41,0.201,-0.223,0.305,-0.483,-0.381,0.253,-0.312,-0.55,0.102,0.429,0.319,-0.726,0.034,0.376,0.498,-0.215,0.517,0.154,0.501,0.518,0.267,0.344,0.426,0.029,0.0,0.235,0.108,0.267,0.228,0.431,-0.344,0.116,-0.047,-0.155,0.434,-0.217,0.12,0.617,0.359,-0.287,-0.222,-0.033,0.211,0.435,0.103,0.374,-0.265,0.259,-0.333,0.003,0.275,-0.133,-0.477,0.313,0.077,0.162,0.388,-0.116,0.29,0.235,0.526,-0.232,-0.147,-0.238,-0.396,0.247,0.365,-0.011,0.508,-0.212,0.56,-0.305,0.584,-0.023,-0.019,-0.237,0.194,0.466,0.285,-0.449,0.016,0.341,0.116,0.377,-0.503,0.15,-0.355,0.356,0.176,0.682,0.546,0.122,0.321,0.517,0.305,0.36,0.216,0.572,0.083,0.189,-0.155,-0.268,0.192,-0.328,0.082,0.256,0.281,0.414,0.324,0.396,0.268,-0.162,-0.068,-0.041,0.496,-0.361,0.31,-0.046,0.204,0.381,0.023,0.051,-0.448,0.272,0.348,0.242,0.235,0.385,0.475,-0.502,0.198,-0.511,0.312,0.501,0.342,0.155,-0.176,0.153,0.451,-0.368,-0.341,-0.312,-0.054,-0.304,0.201,0.222,-0.147,0.233,0.304,-0.724,0.466,-0.338,0.238,0.149,-0.149,0.54,0.509,-0.229,-0.4,0.339,-0.189,0.006,0.206,0.671,-0.437,0.347,0.199,0.372,0.287,0.435,0.503,-0.407,-0.615,0.351,0.464,0.089,0.449,-0.272,0.541,0.319,0.341,0.386,-0.111,0.314,0.175,0.086,-0.282,0.06,0.301,0.407,-0.44,-0.216,0.309,0.093,0.55,0.268
CCOI,-0.143,0.119,0.586,-0.185,0.639,0.463,0.321,-0.302,-0.033,0.563,-0.137,-0.353,-0.202,0.42,0.236,-0.339,-0.272,0.472,0.431,0.369,0.448,0.089,0.457,0.526,0.403,0.465,0.414,0.777,0.235,0.0,0.541,0.596,0.627,0.199,0.126,0.78,0.052,0.585,0.568,0.247,0.479,0.479,0.52,-0.103,0.076,0.336,0.53,0.485,0.721,0.553,-0.005,0.702,0.038,0.308,0.723,-0.045,-0.277,0.614,0.316,-0.024,0.499,0.35,0.503,0.63,0.532,0.149,-0.08,-0.07,-0.09,0.552,0.417,0.586,0.432,-0.399,0.37,-0.264,0.278,0.667,0.206,-0.011,0.386,0.479,0.606,0.111,0.179,0.388,0.283,0.56,0.017,0.47,-0.184,0.441,0.712,0.376,0.386,0.679,0.55,0.413,0.595,0.43,0.547,0.483,0.53,-0.114,0.47,-0.169,0.552,-0.03,0.731,0.398,0.581,0.273,-0.01,0.463,0.252,0.113,0.485,0.829,0.296,0.267,0.363,-0.199,0.539,0.632,0.528,0.377,-0.031,0.527,0.522,0.462,0.578,0.466,0.53,-0.098,0.762,0.09,0.547,0.403,0.538,0.651,0.318,0.391,0.517,0.158,0.426,0.32,-0.066,0.601,0.68,0.331,0.045,0.613,0.638,-0.043,0.603,0.281,0.367,0.577,0.267,0.434,0.576,-0.064,0.334,0.328,0.504,0.395,0.513,0.447,0.414,0.702,0.543,0.39,0.638,0.407,0.417,0.651,-0.22,0.593,0.537,0.501,0.52,0.313,0.413,0.601,0.498,0.368,-0.007,0.627,0.669,0.419,0.555,0.461,0.62,0.479,-0.206,0.344,0.394,0.415,0.463,0.405
CEVA,-0.403,0.22,0.543,0.039,0.661,0.42,0.74,-0.381,-0.269,0.927,-0.027,-0.272,0.0,0.736,0.162,-0.396,-0.144,0.846,0.704,0.522,0.702,0.423,0.679,0.718,0.701,0.865,0.492,0.489,0.108,0.541,0.0,0.783,0.856,0.33,0.361,0.749,-0.289,0.742,0.718,-0.008,0.822,0.682,0.802,-0.38,0.076,0.378,0.894,0.761,0.637,0.837,-0.233,0.841,0.159,0.124,0.785,0.598,-0.401,0.827,0.863,0.289,0.804,0.554,0.633,0.806,0.743,0.394,-0.009,0.227,0.254,0.876,0.739,0.628,0.772,-0.081,0.471,-0.221,0.527,0.291,0.445,0.406,0.752,0.706,0.761,0.117,0.004,0.748,0.521,0.827,-0.057,0.73,-0.521,0.673,0.785,0.555,0.719,0.858,0.61,0.703,0.866,0.837,0.372,0.685,0.854,0.109,0.78,-0.37,0.794,0.517,0.716,0.827,0.762,0.695,0.158,0.824,0.538,0.279,0.701,0.407,0.522,0.308,0.755,-0.462,0.759,0.756,0.879,0.105,-0.134,0.53,0.861,0.599,0.841,0.563,0.67,-0.334,0.736,0.129,0.724,0.693,0.908,0.707,0.711,0.506,0.8,-0.086,0.649,0.494,0.398,0.597,0.755,0.787,0.134,0.94,0.877,-0.087,0.787,0.559,0.576,0.575,0.204,0.657,0.682,-0.213,-0.077,0.476,0.344,0.831,0.546,0.649,0.185,0.734,0.812,0.704,0.897,0.537,0.728,0.429,-0.214,0.525,0.78,0.454,0.827,0.226,0.606,0.912,0.731,0.726,0.021,0.729,0.93,0.538,0.581,-0.076,0.71,0.833,-0.126,0.198,0.693,0.658,0.639,0.796
