,AAPL,ACRS,ADP,AFYA,AGNC,AGYS,ALT,AMGN,AMPH,AMZN,ANIP,AOSL,APDN,APLT,APVO,ARGX,ARLP,ATEX,ATRA,AUTL,AVDL,BCRX,BHAT,BLBD,BMRN,BNGO,BUSE,CAKE,CASY,CCOI,CEVA,CHY,CLDX,CLMT,COHU,COLM,COST,CPRT,CSWC,CSX,DBX,DCOM,DKNG,DMLP,DOX,EA,EDIT,ENPH,ENSG,ERNA,ESGR,ETNB,EXTR,FANG,FARO,FATE,FGEN,FIVE,FIVN,FLGT,FOLD,FORM,FOXA,FRPT,FSLR,FTAI,GBDC,GDYN,GGAL,GNLN,GRFS,GT,HCAT,HCM,HFWA,HOLX,HQY,HUBG,IAC,ICLR,IDCC,IEP,IHRT,ILMN,ILPT,IMAB,IMOS,INMD,INTZ,JAZZ,JKHY,JRVR,KIDS,LBRDK,LGND,LMAT,LPLA,LULU,MASI,MAT,MATW,MBIN,MBIO,MCRB,MDB,MDLZ,MELI,MIRM,MLKN,MNMD,MNRO,MPWR,MRCY,MRSN,MTVA,NAAS,NDAQ,NDSN,NEGG,NOVT,NVDA,NWE,NWSA,NXST,OCX,ODFL,OMAB,OPCH,OPRA,ORGO,OTRK,OZK,PAGP,PCH,PEGA,PENG,PENN,PFBC,PGNY,PHAT,PHUN,PINC,PLUG,PLXS,PYPL,QLYS,QNCX,QQQX,QVCGA,RAPT,RBBN,RCKT,REPL,RMBS,ROAD,ROKU,ROP,RUSHA,SANM,SATS,SBCF,SBLK,SBUX,SCHL,SCSC,SDGR,SEIC,SFIX,SGRY,SKYW,SLP,SNES,STAA,STLD,STOK,SWKS,TER,TFIN,TIGO,TILE,TPIC,TTEC,TTEK,TTGT,UXIN,VERU,VLYPP,VNOM,VRNS,VRSN,WDAY,WERN,WINA,WKHS,WRLD,XP,XTKG,YY,ZION,ZM
AAPL,0.0,0.136,-0.758,0.703,-0.238,-0.642,0.04,0.699,0.852,0.836,0.582,-0.154,0.75,0.598,0.46,0.284,-0.063,-0.79,0.93,0.793,-0.226,-0.5,0.03,-0.446,0.739,0.318,-0.674,-0.736,-0.341,0.275,-0.318,0.059,-0.801,-0.308,0.222,-0.383,0.825,0.612,-0.681,-0.79,0.68,-0.825,0.307,-0.704,-0.339,0.563,0.922,0.87,0.479,0.409,-0.517,-0.426,-0.008,-0.406,-0.785,0.534,0.184,-0.192,-0.396,0.656,0.787,-0.15,-0.782,0.227,0.957,-0.472,-0.237,-0.51,0.078,0.058,0.816,-0.778,0.777,0.81,-0.878,0.843,0.447,-0.029,-0.049,0.549,0.649,-0.795,-0.084,-0.204,0.709,0.223,-0.632,-0.269,0.68,-0.372,-0.081,0.149,-0.708,0.452,0.821,-0.017,-0.574,0.883,0.73,-0.805,-0.661,-0.71,0.952,0.939,0.458,0.806,0.839,0.491,-0.26,-0.153,-0.497,0.09,0.888,0.806,0.761,-0.067,0.22,-0.429,-0.309,-0.032,0.036,-0.765,-0.511,-0.66,0.029,-0.447,0.454,0.407,-0.56,-0.37,0.894,-0.842,0.17,-0.336,0.13,-0.633,0.014,-0.807,0.258,-0.465,0.583,0.645,0.967,-0.523,0.163,0.676,0.753,0.159,0.402,0.849,0.082,0.762,0.809,-0.557,-0.12,0.486,0.855,0.177,-0.399,0.247,-0.796,-0.667,-0.021,-0.653,-0.029,-0.349,-0.371,0.717,-0.382,-0.87,0.911,0.46,0.354,-0.738,0.703,0.02,-0.151,-0.767,-0.281,-0.73,0.658,0.309,-0.535,0.294,0.401,-0.042,0.936,-0.36,-0.018,0.771,0.157,-0.636,0.321,0.923,0.56,0.471,-0.394,-0.121,-0.788,0.475
ACRS,0.136,0.0,-0.31,0.191,0.373,0.398,0.668,-0.037,0.261,0.101,0.51,0.626,0.419,-0.166,0.605,0.54,0.366,0.198,-0.02,-0.076,0.419,-0.198,0.594,-0.529,0.389,0.692,0.101,0.13,0.564,0.395,0.539,0.633,0.095,0.386,0.693,0.189,0.202,0.465,0.259,0.082,0.366,-0.02,0.129,0.343,0.497,0.486,-0.104,0.313,0.332,0.651,0.103,0.356,0.417,0.333,-0.009,0.33,0.63,0.424,0.387,0.5,-0.33,0.652,-0.045,0.658,0.176,0.533,0.075,-0.067,0.5,0.523,-0.2,0.203,0.463,0.459,-0.177,0.322,0.049,-0.169,0.65,0.372,0.609,0.149,0.496,0.663,0.471,-0.091,0.329,0.32,0.194,0.267,-0.388,0.736,0.118,0.349,-0.092,0.206,0.385,0.418,0.622,-0.021,0.106,-0.184,0.086,0.154,0.523,-0.09,0.391,0.553,0.178,0.661,0.323,0.534,0.213,0.35,0.474,0.409,0.454,-0.041,0.583,0.65,0.737,0.072,0.499,0.061,0.444,0.153,0.154,0.225,0.532,0.238,0.242,0.048,-0.421,0.51,0.573,0.427,0.098,-0.047,0.137,0.258,0.542,0.042,0.035,0.214,0.743,-0.424,-0.019,0.55,0.424,0.413,0.662,-0.09,-0.308,0.488,-0.65,0.681,-0.132,-0.651,0.298,0.374,0.096,0.431,0.414,0.243,0.204,0.462,0.432,0.065,-0.32,0.009,0.222,0.579,0.608,0.188,-0.201,0.577,0.677,0.173,0.256,-0.065,0.565,0.641,0.166,0.674,0.626,0.664,-0.01,0.588,0.687,0.427,0.571,0.324,0.181,0.205,-0.177,0.44,0.4,0.722,0.097,0.685
ADP,-0.758,-0.31,0.0,-0.381,0.255,0.522,-0.123,-0.7,-0.626,-0.662,-0.441,0.078,-0.732,-0.274,-0.573,-0.169,0.149,0.525,-0.662,-0.533,0.214,0.419,-0.115,0.727,-0.616,-0.492,0.696,0.661,0.188,-0.014,0.079,-0.019,0.702,0.295,-0.218,0.481,-0.715,-0.498,0.598,0.717,-0.475,0.81,0.062,0.584,0.265,-0.682,-0.701,-0.63,-0.248,-0.535,0.543,0.482,0.063,0.429,0.779,-0.37,-0.184,0.23,0.374,-0.561,-0.482,0.04,0.574,-0.161,-0.816,0.309,0.419,0.61,-0.116,-0.013,-0.655,0.665,-0.68,-0.653,0.83,-0.724,-0.227,0.372,0.021,-0.729,-0.583,0.701,-0.268,-0.074,-0.531,0.031,0.553,0.32,-0.426,0.311,0.429,-0.248,0.673,-0.308,-0.548,0.128,0.468,-0.75,-0.738,0.793,0.698,0.756,-0.677,-0.739,-0.296,-0.516,-0.764,-0.415,0.494,-0.01,0.413,-0.063,-0.747,-0.602,-0.716,0.09,-0.027,0.693,0.033,-0.019,-0.156,0.751,0.393,0.681,-0.144,0.582,-0.344,-0.277,0.33,0.505,-0.767,0.708,0.113,0.208,-0.184,0.467,0.215,0.806,-0.285,0.528,-0.65,-0.421,-0.735,0.582,-0.196,-0.52,-0.405,-0.073,-0.385,-0.685,-0.109,-0.39,-0.478,0.338,0.407,-0.467,-0.526,0.161,0.493,-0.009,0.716,0.486,0.222,0.601,0.267,0.262,0.311,-0.708,0.285,0.75,-0.692,-0.449,-0.336,0.634,-0.37,-0.158,0.035,0.672,0.048,0.769,-0.605,-0.211,0.568,-0.287,-0.351,-0.036,-0.733,0.227,-0.117,-0.585,-0.078,0.541,-0.084,-0.778,-0.525,-0.327,0.162,0.02,0.73,-0.497
AFYA,0.703,0.191,-0.381,0.0,0.087,-0.298,0.208,0.21,0.709,0.697,0.593,0.097,0.461,0.616,0.352,0.528,0.343,-0.501,0.681,0.664,0.056,-0.318,0.01,-0.192,0.607,0.24,-0.287,-0.458,-0.147,0.461,-0.169,0.314,-0.385,0.156,0.313,0.041,0.586,0.621,-0.306,-0.38,0.74,-0.48,0.57,-0.329,-0.019,0.273,0.607,0.638,0.612,0.331,-0.22,-0.001,0.155,-0.055,-0.425,0.561,0.274,0.152,-0.045,0.556,0.503,0.085,-0.631,0.396,0.563,-0.234,0.266,-0.217,0.252,0.193,0.45,-0.415,0.566,0.716,-0.581,0.698,0.278,0.279,0.266,0.181,0.539,-0.375,-0.251,-0.112,0.688,0.477,-0.334,0.12,0.646,-0.201,0.226,0.202,-0.344,0.397,0.546,0.097,-0.178,0.673,0.515,-0.405,-0.295,-0.291,0.731,0.707,0.586,0.608,0.655,0.483,0.105,0.08,-0.118,0.07,0.64,0.768,0.518,0.171,0.557,-0.06,-0.282,0.157,0.12,-0.381,-0.18,-0.249,0.175,-0.063,0.46,0.643,-0.318,0.01,0.571,-0.526,0.24,-0.139,0.237,-0.299,0.383,-0.422,0.165,-0.046,0.42,0.591,0.648,-0.099,0.351,0.311,0.616,0.346,0.349,0.665,0.258,0.693,0.636,-0.308,-0.043,0.454,0.554,0.071,0.043,0.483,-0.466,-0.31,0.388,-0.287,0.378,-0.094,0.021,0.207,-0.32,-0.514,0.756,0.465,0.384,-0.343,0.525,-0.003,0.071,-0.401,-0.271,-0.371,0.593,0.474,-0.148,0.412,0.499,0.076,0.605,-0.078,0.072,0.654,0.408,-0.315,0.617,0.643,0.137,0.633,-0.146,0.162,-0.397,0.472
AGNC,-0.238,0.373,0.255,0.087,0.0,0.783,0.677,-0.545,0.1,-0.194,0.45,0.802,-0.179,0.069,0.296,0.688,0.824,0.401,-0.193,-0.196,0.777,0.193,0.47,0.118,0.164,0.241,0.752,0.665,0.727,0.609,0.619,0.852,0.626,0.825,0.688,0.785,-0.071,0.391,0.778,0.644,0.235,0.519,0.581,0.768,0.856,-0.038,-0.336,0.02,0.365,0.158,0.816,0.769,0.711,0.844,0.629,0.501,0.669,0.821,0.622,0.257,-0.488,0.809,0.485,0.615,-0.305,0.764,0.713,0.746,0.597,0.738,-0.6,0.692,0.133,0.19,0.398,-0.197,0.0,0.563,0.805,-0.026,0.208,0.7,0.412,0.511,0.295,0.044,0.699,0.88,0.125,0.525,0.241,0.625,0.734,0.231,-0.251,0.091,0.846,0.009,0.023,0.486,0.725,0.614,-0.1,-0.077,0.601,-0.333,0.057,0.499,0.806,0.763,0.822,0.524,-0.003,0.253,0.038,0.484,0.623,0.619,0.452,0.764,0.719,0.639,0.792,0.665,0.695,0.757,0.342,0.164,0.627,0.706,-0.102,0.616,0.002,0.856,0.792,0.772,0.705,0.583,0.51,0.836,0.178,0.091,-0.34,0.818,0.684,-0.707,-0.097,0.748,0.376,0.127,0.678,0.091,-0.246,0.67,-0.235,0.524,-0.332,-0.157,0.846,0.641,0.673,0.683,0.711,0.792,0.799,0.896,0.879,-0.539,-0.166,0.598,-0.046,0.529,0.639,0.757,-0.09,0.511,0.744,0.726,0.138,0.673,0.387,0.64,0.811,0.635,0.594,0.69,-0.263,0.824,0.71,0.086,0.809,0.742,0.541,-0.221,-0.689,0.427,0.504,0.747,0.713,0.473
AGYS,-0.642,0.398,0.522,-0.298,0.783,0.0,0.622,-0.707,-0.313,-0.608,0.127,0.718,-0.43,-0.336,0.134,0.433,0.57,0.736,-0.594,-0.637,0.792,0.232,0.533,0.213,-0.166,0.124,0.898,0.913,0.884,0.397,0.674,0.683,0.832,0.741,0.537,0.805,-0.433,0.083,0.954,0.788,-0.071,0.787,0.23,0.948,0.89,-0.169,-0.738,-0.315,-0.011,0.0,0.837,0.875,0.673,0.859,0.845,0.094,0.548,0.759,0.726,0.028,-0.811,0.756,0.709,0.515,-0.627,0.925,0.543,0.744,0.46,0.664,-0.885,0.93,-0.126,-0.178,0.692,-0.553,-0.113,0.379,0.726,-0.246,-0.018,0.893,0.464,0.616,-0.039,-0.283,0.925,0.793,-0.167,0.717,0.04,0.554,0.899,0.073,-0.532,0.15,0.968,-0.354,-0.182,0.732,0.877,0.677,-0.537,-0.5,0.285,-0.66,-0.354,0.272,0.726,0.705,0.783,0.432,-0.407,-0.166,-0.234,0.503,0.37,0.679,0.665,0.721,0.655,0.896,0.951,0.781,0.523,0.839,0.006,-0.169,0.884,0.8,-0.423,0.843,-0.244,0.856,0.589,0.958,0.449,0.815,0.164,0.841,-0.051,-0.345,-0.713,0.825,0.577,-0.938,-0.415,0.541,0.11,-0.239,0.634,-0.379,-0.668,0.88,-0.356,0.268,-0.624,-0.37,0.865,0.468,0.913,0.91,0.619,0.941,0.565,0.87,0.813,-0.634,-0.13,0.857,-0.443,0.28,0.418,0.921,-0.399,0.433,0.733,0.955,0.264,0.818,0.035,0.479,0.874,0.477,0.356,0.741,-0.659,0.878,0.667,-0.229,0.589,0.955,0.171,-0.593,-0.773,0.057,0.645,0.767,0.908,0.276
ALT,0.04,0.668,-0.123,0.208,0.677,0.622,0.0,-0.216,0.35,0.15,0.599,0.78,0.255,-0.005,0.704,0.794,0.663,0.438,0.012,-0.084,0.767,0.041,0.706,-0.359,0.445,0.666,0.358,0.373,0.795,0.573,0.683,0.865,0.37,0.609,0.855,0.563,0.339,0.707,0.573,0.247,0.511,0.152,0.347,0.514,0.804,0.517,-0.077,0.285,0.302,0.559,0.398,0.681,0.757,0.564,0.341,0.676,0.81,0.812,0.63,0.592,-0.43,0.839,0.161,0.807,0.046,0.694,0.366,0.391,0.891,0.808,-0.415,0.347,0.441,0.546,-0.032,0.19,-0.056,0.182,0.924,0.32,0.45,0.445,0.643,0.751,0.439,-0.17,0.543,0.672,0.258,0.397,-0.038,0.892,0.478,0.485,-0.124,0.097,0.664,0.397,0.495,0.175,0.332,0.07,0.107,0.209,0.751,-0.051,0.427,0.709,0.407,0.859,0.602,0.616,0.258,0.442,0.476,0.542,0.78,0.189,0.679,0.924,0.93,0.393,0.66,0.215,0.803,0.544,0.462,0.159,0.699,0.519,0.208,0.229,-0.343,0.707,0.854,0.686,0.506,0.142,0.527,0.641,0.591,-0.086,-0.099,0.438,0.917,-0.566,-0.086,0.894,0.523,0.405,0.868,0.016,-0.176,0.715,-0.736,0.838,-0.128,-0.621,0.604,0.614,0.326,0.546,0.629,0.482,0.522,0.679,0.741,-0.182,-0.416,0.292,0.158,0.727,0.864,0.451,-0.035,0.715,0.861,0.444,0.06,0.191,0.674,0.757,0.544,0.853,0.806,0.817,-0.031,0.731,0.873,0.429,0.876,0.624,0.402,0.132,-0.528,0.655,0.741,0.893,0.357,0.835
AMGN,0.699,-0.037,-0.7,0.21,-0.545,-0.707,-0.216,0.0,0.521,0.539,0.17,-0.433,0.602,0.196,0.259,-0.221,-0.496,-0.604,0.618,0.458,-0.416,-0.454,-0.019,-0.51,0.467,0.093,-0.722,-0.684,-0.423,-0.154,-0.382,-0.364,-0.784,-0.618,-0.091,-0.601,0.594,0.218,-0.752,-0.818,0.229,-0.729,-0.286,-0.759,-0.565,0.522,0.674,0.483,0.034,0.227,-0.593,-0.684,-0.257,-0.613,-0.797,0.074,-0.062,-0.51,-0.603,0.315,0.629,-0.392,-0.548,-0.196,0.77,-0.53,-0.658,-0.666,-0.129,-0.251,0.745,-0.749,0.47,0.392,-0.702,0.574,0.344,-0.426,-0.395,0.636,0.352,-0.793,0.063,-0.206,0.307,-0.132,-0.724,-0.624,0.263,-0.431,-0.271,-0.06,-0.734,0.13,0.608,-0.147,-0.682,0.536,0.49,-0.831,-0.728,-0.785,0.575,0.571,-0.059,0.641,0.513,0.107,-0.577,-0.388,-0.607,-0.188,0.616,0.365,0.558,-0.261,-0.27,-0.632,-0.236,-0.294,-0.213,-0.748,-0.612,-0.736,-0.224,-0.7,0.224,0.009,-0.538,-0.668,0.662,-0.74,-0.046,-0.457,-0.171,-0.677,-0.394,-0.794,0.122,-0.746,0.402,0.269,0.679,-0.799,-0.186,0.698,0.441,-0.234,0.17,0.468,-0.231,0.313,0.518,-0.547,-0.135,0.115,0.686,0.098,-0.718,-0.19,-0.761,-0.692,-0.479,-0.708,-0.502,-0.557,-0.611,0.808,-0.265,-0.78,0.505,0.165,-0.015,-0.785,0.353,-0.103,-0.389,-0.774,-0.143,-0.758,0.298,-0.139,-0.754,-0.075,0.03,-0.264,0.737,-0.512,-0.231,0.401,-0.269,-0.709,-0.115,0.69,0.689,0.006,-0.415,-0.374,-0.79,0.138
AMPH,0.852,0.261,-0.626,0.709,0.1,-0.313,0.35,0.521,0.0,0.703,0.692,0.179,0.661,0.545,0.537,0.518,0.215,-0.562,0.824,0.709,0.164,-0.51,0.295,-0.407,0.887,0.364,-0.365,-0.447,0.005,0.568,-0.082,0.378,-0.522,0.014,0.54,-0.008,0.77,0.766,-0.338,-0.586,0.751,-0.561,0.413,-0.387,0.003,0.557,0.733,0.814,0.572,0.437,-0.167,-0.07,0.256,-0.066,-0.53,0.684,0.531,0.158,-0.168,0.755,0.548,0.176,-0.57,0.491,0.807,-0.156,0.014,-0.246,0.374,0.309,0.537,-0.497,0.834,0.879,-0.706,0.745,0.48,0.131,0.28,0.514,0.735,-0.493,0.108,0.02,0.825,0.14,-0.343,0.024,0.669,-0.109,0.017,0.451,-0.401,0.538,0.701,-0.077,-0.215,0.85,0.731,-0.617,-0.357,-0.524,0.861,0.856,0.657,0.713,0.813,0.653,0.049,0.16,-0.184,0.247,0.882,0.884,0.784,0.199,0.465,-0.161,-0.094,0.299,0.313,-0.46,-0.146,-0.408,0.288,-0.137,0.602,0.458,-0.252,-0.085,0.832,-0.581,0.127,0.002,0.424,-0.303,0.271,-0.56,0.476,-0.134,0.635,0.585,0.779,-0.209,0.438,0.353,0.709,0.43,0.557,0.891,0.352,0.75,0.693,-0.25,-0.268,0.645,0.701,0.062,-0.069,0.5,-0.523,-0.372,0.264,-0.301,0.266,-0.016,-0.002,0.532,-0.524,-0.616,0.853,0.662,0.593,-0.429,0.629,0.195,0.147,-0.457,-0.302,-0.464,0.831,0.562,-0.233,0.523,0.639,0.236,0.798,-0.033,0.254,0.802,0.449,-0.345,0.5,0.808,0.282,0.61,-0.115,0.188,-0.483,0.663
AMZN,0.836,0.101,-0.662,0.697,-0.194,-0.608,0.15,0.539,0.703,0.0,0.527,-0.115,0.688,0.591,0.461,0.309,0.101,-0.557,0.766,0.732,-0.295,-0.134,-0.129,-0.514,0.605,0.414,-0.68,-0.779,-0.385,0.144,-0.228,0.037,-0.663,-0.216,0.147,-0.385,0.831,0.586,-0.598,-0.63,0.597,-0.81,0.228,-0.647,-0.252,0.64,0.859,0.661,0.48,0.516,-0.566,-0.39,-0.061,-0.464,-0.661,0.565,0.06,-0.139,-0.279,0.52,0.638,-0.116,-0.742,0.128,0.759,-0.484,-0.128,-0.429,0.247,-0.037,0.691,-0.755,0.538,0.737,-0.812,0.885,0.068,-0.107,0.022,0.531,0.435,-0.632,-0.113,-0.098,0.529,0.388,-0.591,-0.223,0.508,-0.504,0.061,0.114,-0.626,0.401,0.544,-0.122,-0.517,0.842,0.656,-0.664,-0.681,-0.607,0.805,0.842,0.422,0.8,0.857,0.357,-0.354,-0.093,-0.292,0.063,0.78,0.681,0.66,-0.14,0.393,-0.555,-0.332,-0.026,0.049,-0.688,-0.536,-0.632,0.108,-0.414,0.565,0.459,-0.498,-0.416,0.685,-0.797,0.078,-0.362,0.107,-0.519,0.034,-0.777,0.327,-0.347,0.552,0.552,0.771,-0.496,0.148,0.634,0.46,0.234,0.299,0.669,0.054,0.591,0.713,-0.455,-0.113,0.45,0.635,0.004,-0.357,0.096,-0.769,-0.62,-0.045,-0.668,-0.03,-0.402,-0.204,0.42,-0.127,-0.743,0.722,0.359,0.284,-0.657,0.509,0.155,-0.099,-0.72,-0.252,-0.742,0.575,0.177,-0.473,0.231,0.317,-0.157,0.809,-0.368,0.005,0.737,0.191,-0.531,0.375,0.808,0.348,0.656,-0.171,-0.098,-0.724,0.431
ANIP,0.582,0.51,-0.441,0.593,0.45,0.127,0.599,0.17,0.692,0.527,0.0,0.451,0.505,0.527,0.712,0.745,0.53,-0.26,0.585,0.379,0.343,-0.285,0.424,-0.309,0.71,0.549,0.011,-0.125,0.363,0.656,0.259,0.703,-0.231,0.335,0.712,0.255,0.611,0.822,0.028,-0.188,0.768,-0.326,0.562,0.042,0.45,0.528,0.449,0.718,0.595,0.563,0.089,0.305,0.597,0.278,-0.18,0.702,0.647,0.446,0.202,0.795,0.216,0.507,-0.342,0.726,0.536,0.23,0.26,0.025,0.523,0.644,0.201,-0.105,0.779,0.79,-0.399,0.549,0.369,0.359,0.603,0.419,0.795,-0.13,0.217,0.325,0.857,0.108,0.1,0.399,0.645,0.206,-0.031,0.637,-0.067,0.571,0.487,0.065,0.186,0.749,0.719,-0.301,-0.012,-0.17,0.649,0.686,0.795,0.337,0.684,0.865,0.347,0.462,0.144,0.435,0.697,0.844,0.699,0.295,0.655,0.079,0.171,0.611,0.61,-0.125,0.225,-0.13,0.541,0.241,0.635,0.395,0.11,0.296,0.655,-0.257,0.073,0.347,0.667,0.113,0.381,-0.228,0.382,0.207,0.674,0.568,0.469,0.137,0.703,-0.004,0.422,0.668,0.591,0.798,0.703,0.531,0.366,0.11,-0.44,0.797,0.376,-0.107,0.341,0.717,-0.149,0.049,0.573,0.045,0.479,0.337,0.324,0.15,-0.498,-0.283,0.692,0.822,0.785,-0.044,0.444,0.458,0.469,-0.08,-0.008,-0.155,0.825,0.815,0.173,0.809,0.786,0.571,0.507,0.366,0.559,0.734,0.736,0.119,0.658,0.568,-0.049,0.699,0.123,0.556,-0.125,0.825
AOSL,-0.154,0.626,0.078,0.097,0.802,0.718,0.78,-0.433,0.179,-0.115,0.451,0.0,0.03,-0.207,0.392,0.7,0.754,0.465,-0.231,-0.13,0.796,0.075,0.609,-0.234,0.25,0.529,0.532,0.506,0.768,0.523,0.778,0.842,0.56,0.788,0.8,0.669,-0.009,0.452,0.687,0.533,0.308,0.4,0.4,0.696,0.788,0.191,-0.351,0.07,0.338,0.448,0.566,0.678,0.552,0.706,0.462,0.479,0.75,0.796,0.652,0.306,-0.605,0.926,0.358,0.709,-0.195,0.787,0.537,0.47,0.686,0.65,-0.584,0.541,0.226,0.295,0.193,-0.005,-0.079,0.239,0.875,0.138,0.332,0.602,0.545,0.73,0.332,0.048,0.646,0.707,0.046,0.426,0.001,0.804,0.581,0.295,-0.351,0.19,0.778,0.175,0.289,0.359,0.519,0.31,-0.122,-0.041,0.633,-0.302,0.232,0.492,0.569,0.894,0.728,0.726,0.071,0.241,0.19,0.611,0.646,0.381,0.625,0.838,0.835,0.487,0.804,0.504,0.717,0.608,0.254,0.254,0.767,0.536,-0.073,0.455,-0.275,0.826,0.811,0.777,0.584,0.375,0.4,0.719,0.293,-0.016,-0.275,0.716,0.829,-0.757,-0.167,0.747,0.451,0.223,0.725,-0.05,-0.361,0.78,-0.468,0.63,-0.346,-0.507,0.729,0.51,0.511,0.739,0.661,0.654,0.603,0.821,0.866,-0.344,-0.192,0.457,0.007,0.549,0.678,0.632,-0.264,0.647,0.912,0.601,0.239,0.415,0.505,0.7,0.672,0.704,0.66,0.73,-0.274,0.842,0.843,0.21,0.804,0.666,0.405,-0.103,-0.602,0.532,0.643,0.856,0.549,0.623
APDN,0.75,0.419,-0.732,0.461,-0.179,-0.43,0.255,0.602,0.661,0.688,0.505,0.03,0.0,0.299,0.527,0.276,-0.061,-0.473,0.587,0.438,-0.154,-0.265,0.155,-0.618,0.631,0.518,-0.622,-0.574,-0.141,0.21,-0.071,0.147,-0.622,-0.194,0.322,-0.378,0.641,0.499,-0.531,-0.598,0.456,-0.702,0.036,-0.481,-0.195,0.74,0.63,0.735,0.4,0.616,-0.508,-0.272,0.018,-0.372,-0.657,0.435,0.277,-0.161,-0.138,0.646,0.477,0.032,-0.602,0.284,0.752,-0.154,-0.335,-0.527,0.203,0.155,0.549,-0.615,0.611,0.715,-0.775,0.74,0.29,-0.333,0.103,0.643,0.615,-0.607,0.117,0.106,0.594,0.232,-0.407,-0.299,0.385,-0.287,-0.239,0.326,-0.556,0.266,0.504,-0.016,-0.406,0.82,0.792,-0.674,-0.606,-0.691,0.661,0.685,0.467,0.523,0.805,0.426,-0.363,0.076,-0.359,0.227,0.658,0.603,0.721,-0.027,0.208,-0.482,-0.04,0.122,0.262,-0.571,-0.342,-0.629,0.115,-0.417,0.364,0.32,-0.183,-0.311,0.724,-0.651,-0.239,-0.172,0.138,-0.361,-0.195,-0.733,0.198,-0.353,0.772,0.329,0.698,-0.439,0.271,0.411,0.436,0.206,0.327,0.737,0.144,0.367,0.388,-0.249,-0.381,0.557,0.479,-0.195,-0.37,0.097,-0.662,-0.415,-0.063,-0.536,-0.173,-0.223,-0.228,0.624,-0.238,-0.712,0.612,0.467,0.394,-0.612,0.261,0.281,0.064,-0.608,-0.062,-0.727,0.618,0.31,-0.493,0.345,0.426,0.075,0.656,-0.153,0.216,0.761,0.186,-0.389,0.173,0.78,0.374,0.494,-0.124,0.067,-0.659,0.544
APLT,0.598,-0.166,-0.274,0.616,0.069,-0.336,-0.005,0.196,0.545,0.591,0.527,-0.207,0.299,0.0,0.219,0.356,0.228,-0.639,0.707,0.536,-0.18,-0.09,-0.261,0.18,0.469,-0.081,-0.201,-0.387,-0.287,0.39,-0.404,0.151,-0.48,-0.014,0.082,-0.034,0.462,0.435,-0.322,-0.382,0.465,-0.45,0.517,-0.358,-0.067,0.132,0.673,0.563,0.535,0.056,-0.081,-0.049,0.253,-0.085,-0.332,0.419,0.043,-0.026,-0.25,0.515,0.698,-0.198,-0.532,0.171,0.474,-0.36,0.215,-0.002,-0.042,0.18,0.523,-0.353,0.436,0.528,-0.351,0.441,0.394,0.477,-0.012,0.034,0.379,-0.396,-0.414,-0.38,0.58,0.389,-0.318,0.091,0.651,-0.088,0.287,-0.092,-0.329,0.268,0.7,-0.118,-0.284,0.498,0.228,-0.33,-0.202,-0.07,0.725,0.67,0.378,0.519,0.418,0.432,0.208,-0.225,-0.216,-0.124,0.528,0.673,0.307,-0.116,0.302,0.017,-0.508,-0.057,-0.086,-0.312,-0.321,-0.226,0.024,-0.025,0.495,0.387,-0.55,0.098,0.592,-0.44,0.51,-0.215,0.057,-0.407,0.212,-0.263,0.218,-0.102,0.34,0.68,0.606,-0.119,0.021,0.509,0.635,0.158,0.131,0.556,0.108,0.761,0.733,-0.505,0.222,0.237,0.52,0.533,0.015,0.451,-0.383,-0.503,0.231,-0.272,0.391,-0.126,-0.14,0.1,-0.166,-0.456,0.637,0.351,0.226,-0.346,0.739,-0.155,-0.272,-0.365,-0.349,-0.207,0.367,0.281,-0.148,0.207,0.263,-0.037,0.653,-0.229,-0.13,0.523,0.236,-0.318,0.495,0.491,0.197,0.355,-0.386,-0.143,-0.339,0.206
APVO,0.46,0.605,-0.573,0.352,0.296,0.134,0.704,0.259,0.537,0.461,0.712,0.392,0.527,0.219,0.0,0.606,0.317,-0.017,0.4,0.15,0.325,-0.294,0.606,-0.544,0.619,0.702,-0.092,-0.114,0.421,0.419,0.395,0.592,-0.214,0.17,0.672,0.073,0.666,0.754,0.041,-0.218,0.615,-0.321,0.245,0.001,0.414,0.683,0.349,0.612,0.341,0.654,-0.054,0.189,0.524,0.159,-0.218,0.622,0.562,0.426,0.168,0.669,0.034,0.508,-0.343,0.634,0.526,0.265,-0.076,-0.094,0.629,0.632,0.135,-0.137,0.707,0.733,-0.435,0.528,0.159,-0.023,0.556,0.602,0.713,-0.1,0.563,0.476,0.636,-0.175,0.068,0.31,0.519,0.113,-0.291,0.704,-0.058,0.624,0.283,0.044,0.182,0.674,0.728,-0.292,-0.126,-0.352,0.464,0.54,0.644,0.26,0.659,0.736,0.053,0.527,0.152,0.482,0.572,0.637,0.775,0.398,0.57,-0.238,0.434,0.592,0.686,-0.153,0.226,-0.21,0.647,0.059,0.527,0.258,0.227,0.127,0.541,-0.222,-0.236,0.306,0.626,0.181,0.192,-0.329,0.473,0.094,0.73,0.196,0.359,-0.077,0.714,-0.061,0.171,0.679,0.545,0.63,0.673,0.198,0.141,0.247,-0.7,0.815,0.248,-0.435,0.15,0.471,-0.15,0.078,0.35,0.005,0.22,0.267,0.289,0.284,-0.553,-0.227,0.489,0.743,0.756,-0.041,0.209,0.562,0.51,-0.072,0.043,-0.274,0.769,0.61,0.046,0.746,0.777,0.614,0.421,0.358,0.646,0.59,0.604,0.13,0.259,0.511,-0.001,0.596,0.345,0.596,-0.138,0.847
ARGX,0.284,0.54,-0.169,0.528,0.688,0.433,0.794,-0.221,0.518,0.309,0.745,0.7,0.276,0.356,0.606,0.0,0.768,0.042,0.29,0.217,0.664,-0.109,0.451,-0.211,0.538,0.464,0.263,0.2,0.547,0.722,0.36,0.872,0.18,0.644,0.77,0.555,0.444,0.797,0.392,0.137,0.682,-0.032,0.679,0.34,0.709,0.325,0.162,0.471,0.566,0.439,0.356,0.588,0.728,0.52,0.191,0.793,0.703,0.719,0.433,0.678,-0.069,0.661,-0.101,0.781,0.176,0.484,0.571,0.385,0.68,0.788,-0.153,0.202,0.558,0.729,-0.194,0.32,0.09,0.449,0.86,0.225,0.557,0.245,0.271,0.408,0.669,0.143,0.338,0.693,0.56,0.245,0.181,0.731,0.319,0.508,0.18,0.131,0.508,0.525,0.469,0.03,0.237,0.082,0.426,0.466,0.885,0.148,0.528,0.783,0.532,0.671,0.444,0.464,0.449,0.715,0.472,0.547,0.851,0.249,0.294,0.784,0.753,0.185,0.494,0.174,0.675,0.494,0.471,0.389,0.389,0.521,0.385,0.008,-0.088,0.567,0.825,0.424,0.652,0.045,0.456,0.592,0.55,0.331,0.185,0.423,0.841,-0.382,0.33,0.833,0.506,0.577,0.785,0.447,0.152,0.385,-0.462,0.817,0.141,-0.307,0.633,0.771,0.137,0.307,0.771,0.348,0.75,0.596,0.623,-0.195,-0.504,0.078,0.461,0.751,0.821,0.284,0.27,0.394,0.66,0.278,-0.189,0.13,0.727,0.86,0.516,0.838,0.841,0.688,0.21,0.564,0.675,0.576,0.935,0.39,0.654,0.339,-0.476,0.681,0.414,0.747,0.198,0.768
ARLP,-0.063,0.366,0.149,0.343,0.824,0.57,0.663,-0.496,0.215,0.101,0.53,0.754,-0.061,0.228,0.317,0.768,0.0,0.308,-0.035,0.103,0.647,0.245,0.297,0.029,0.311,0.4,0.528,0.358,0.518,0.566,0.569,0.804,0.494,0.852,0.636,0.646,0.101,0.502,0.599,0.516,0.437,0.303,0.641,0.591,0.738,0.028,-0.119,0.127,0.47,0.365,0.541,0.655,0.577,0.708,0.447,0.582,0.582,0.792,0.578,0.284,-0.354,0.737,0.203,0.626,-0.17,0.538,0.807,0.586,0.621,0.598,-0.41,0.445,0.165,0.343,0.171,0.103,-0.145,0.532,0.785,-0.062,0.241,0.565,0.228,0.501,0.369,0.312,0.524,0.824,0.19,0.299,0.303,0.572,0.523,0.265,-0.203,0.091,0.673,0.184,0.138,0.412,0.475,0.453,0.069,0.122,0.663,-0.106,0.239,0.488,0.665,0.712,0.721,0.43,0.119,0.378,0.116,0.4,0.797,0.425,0.328,0.671,0.614,0.427,0.599,0.51,0.674,0.637,0.448,0.397,0.458,0.564,-0.024,0.364,0.128,0.652,0.707,0.607,0.75,0.39,0.48,0.763,0.247,0.249,-0.166,0.703,0.687,-0.531,-0.041,0.741,0.371,0.242,0.659,0.225,-0.056,0.538,-0.135,0.515,-0.215,-0.185,0.753,0.628,0.428,0.554,0.698,0.569,0.799,0.702,0.832,-0.571,-0.115,0.406,0.149,0.532,0.593,0.589,0.014,0.441,0.694,0.496,0.117,0.445,0.504,0.633,0.639,0.647,0.591,0.542,-0.125,0.703,0.595,0.232,0.837,0.546,0.638,-0.069,-0.608,0.663,0.503,0.685,0.514,0.485
ATEX,-0.79,0.198,0.525,-0.501,0.401,0.736,0.438,-0.604,-0.562,-0.557,-0.26,0.465,-0.473,-0.639,-0.017,0.042,0.308,0.0,-0.774,-0.624,0.51,0.486,0.38,0.091,-0.435,0.203,0.626,0.678,0.626,-0.116,0.69,0.271,0.85,0.425,0.167,0.496,-0.446,-0.176,0.79,0.718,-0.308,0.723,-0.191,0.765,0.573,-0.16,-0.773,-0.629,-0.4,0.004,0.451,0.598,0.245,0.503,0.759,-0.124,0.166,0.542,0.628,-0.363,-0.915,0.52,0.706,0.145,-0.736,0.63,0.243,0.467,0.444,0.234,-0.848,0.69,-0.473,-0.448,0.657,-0.532,-0.546,-0.027,0.43,-0.228,-0.387,0.852,0.452,0.617,-0.498,-0.303,0.73,0.46,-0.52,0.365,0.009,0.296,0.763,-0.102,-0.827,0.131,0.723,-0.549,-0.325,0.721,0.596,0.503,-0.777,-0.694,-0.094,-0.676,-0.455,-0.165,0.237,0.564,0.697,0.236,-0.621,-0.542,-0.325,0.332,0.193,0.293,0.698,0.433,0.383,0.746,0.662,0.524,0.399,0.541,-0.178,-0.272,0.804,0.412,-0.7,0.754,-0.325,0.518,0.239,0.83,0.214,0.624,-0.003,0.616,-0.197,-0.714,-0.855,0.543,0.296,-0.781,-0.821,0.287,-0.012,-0.573,0.306,-0.743,-0.749,0.833,-0.298,-0.028,-0.763,-0.576,0.494,-0.078,0.745,0.822,0.206,0.674,0.097,0.495,0.627,-0.599,0.169,0.833,-0.721,-0.13,0.078,0.783,-0.647,0.411,0.574,0.767,0.339,0.589,-0.245,-0.012,0.634,0.135,0.03,0.34,-0.813,0.575,0.389,-0.49,0.194,0.762,-0.18,-0.657,-0.656,-0.023,0.827,0.499,0.76,0.005
ATRA,0.93,-0.02,-0.662,0.681,-0.193,-0.594,0.012,0.618,0.824,0.766,0.585,-0.231,0.587,0.707,0.4,0.29,-0.035,-0.774,0.0,0.807,-0.174,-0.486,-0.009,-0.231,0.716,0.189,-0.567,-0.647,-0.301,0.332,-0.386,0.076,-0.74,-0.312,0.191,-0.243,0.792,0.653,-0.6,-0.779,0.727,-0.776,0.384,-0.651,-0.291,0.438,0.94,0.833,0.36,0.251,-0.409,-0.314,0.1,-0.33,-0.675,0.556,0.192,-0.115,-0.363,0.658,0.819,-0.198,-0.706,0.248,0.884,-0.499,-0.141,-0.388,0.074,0.085,0.791,-0.703,0.78,0.755,-0.774,0.731,0.522,0.192,-0.048,0.391,0.581,-0.739,-0.16,-0.296,0.676,0.133,-0.573,-0.17,0.778,-0.24,0.047,0.08,-0.632,0.472,0.905,-0.019,-0.515,0.777,0.617,-0.706,-0.552,-0.602,0.956,0.946,0.452,0.796,0.718,0.534,-0.148,-0.204,-0.486,-0.028,0.861,0.831,0.665,-0.067,0.212,-0.271,-0.368,-0.015,-0.013,-0.672,-0.478,-0.622,0.055,-0.294,0.482,0.322,-0.596,-0.221,0.884,-0.786,0.368,-0.358,0.135,-0.613,0.123,-0.699,0.249,-0.4,0.528,0.64,0.917,-0.445,0.125,0.69,0.753,0.162,0.398,0.814,0.119,0.844,0.912,-0.568,-0.065,0.417,0.859,0.331,-0.297,0.349,-0.716,-0.655,0.086,-0.568,0.061,-0.322,-0.39,0.629,-0.457,-0.795,0.915,0.436,0.369,-0.66,0.855,-0.097,-0.207,-0.68,-0.353,-0.596,0.596,0.339,-0.422,0.306,0.376,-0.046,0.915,-0.392,-0.105,0.696,0.161,-0.588,0.398,0.852,0.534,0.399,-0.405,-0.141,-0.703,0.438
AUTL,0.793,-0.076,-0.533,0.664,-0.196,-0.637,-0.084,0.458,0.709,0.732,0.379,-0.13,0.438,0.536,0.15,0.217,0.103,-0.624,0.807,0.0,-0.187,-0.306,-0.14,-0.226,0.576,0.228,-0.571,-0.687,-0.416,0.136,-0.272,-0.009,-0.523,-0.226,0.069,-0.262,0.693,0.499,-0.538,-0.62,0.62,-0.664,0.357,-0.566,-0.371,0.247,0.825,0.553,0.297,0.241,-0.441,-0.374,-0.152,-0.322,-0.595,0.517,0.05,-0.078,-0.341,0.36,0.661,-0.17,-0.589,0.096,0.692,-0.582,0.03,-0.382,0.101,-0.162,0.682,-0.701,0.52,0.608,-0.713,0.737,0.198,0.09,-0.085,0.271,0.337,-0.586,-0.237,-0.263,0.436,0.345,-0.585,-0.175,0.537,-0.448,0.206,-0.02,-0.564,0.298,0.592,0.012,-0.508,0.618,0.428,-0.558,-0.556,-0.503,0.796,0.799,0.308,0.748,0.651,0.288,-0.202,-0.133,-0.319,-0.085,0.698,0.645,0.516,-0.101,0.25,-0.322,-0.378,-0.116,-0.116,-0.685,-0.497,-0.532,0.022,-0.348,0.339,0.443,-0.578,-0.366,0.633,-0.708,0.461,-0.357,0.07,-0.57,0.236,-0.647,0.244,-0.327,0.328,0.549,0.769,-0.339,0.071,0.604,0.557,0.104,0.434,0.621,-0.021,0.762,0.842,-0.518,0.122,0.256,0.69,0.243,-0.306,0.14,-0.685,-0.561,0.006,-0.552,0.051,-0.328,-0.256,0.437,-0.2,-0.676,0.787,0.19,0.193,-0.56,0.669,-0.137,-0.164,-0.655,-0.357,-0.549,0.49,0.155,-0.396,0.14,0.236,-0.241,0.714,-0.396,-0.198,0.503,0.099,-0.655,0.355,0.743,0.424,0.449,-0.284,-0.201,-0.622,0.241
AVDL,-0.226,0.419,0.214,0.056,0.777,0.792,0.767,-0.416,0.164,-0.295,0.343,0.796,-0.154,-0.18,0.325,0.664,0.647,0.51,-0.174,-0.187,0.0,-0.043,0.703,0.005,0.258,0.281,0.681,0.704,0.866,0.58,0.637,0.808,0.656,0.709,0.757,0.853,-0.025,0.484,0.8,0.444,0.367,0.505,0.44,0.719,0.824,0.026,-0.367,0.027,0.097,0.122,0.729,0.8,0.75,0.811,0.617,0.483,0.795,0.883,0.619,0.336,-0.555,0.815,0.482,0.721,-0.239,0.804,0.544,0.633,0.699,0.761,-0.642,0.643,0.256,0.239,0.303,-0.201,0.069,0.435,0.853,-0.016,0.218,0.665,0.585,0.604,0.257,-0.263,0.699,0.808,0.154,0.561,0.124,0.755,0.74,0.284,-0.191,0.183,0.86,0.002,0.104,0.436,0.648,0.35,-0.116,-0.076,0.591,-0.273,0.054,0.531,0.682,0.797,0.675,0.465,0.022,0.249,0.144,0.674,0.562,0.57,0.664,0.855,0.764,0.648,0.846,0.544,0.705,0.752,0.234,0.002,0.768,0.693,-0.032,0.533,-0.178,0.818,0.805,0.789,0.71,0.493,0.429,0.761,0.225,-0.211,-0.332,0.671,0.796,-0.776,-0.067,0.738,0.446,0.151,0.753,0.014,-0.266,0.77,-0.481,0.56,-0.214,-0.388,0.792,0.649,0.63,0.731,0.708,0.778,0.667,0.836,0.767,-0.309,-0.455,0.577,-0.029,0.54,0.693,0.714,-0.088,0.415,0.811,0.724,0.024,0.581,0.416,0.694,0.766,0.707,0.675,0.782,-0.278,0.815,0.733,0.066,0.783,0.732,0.372,-0.17,-0.644,0.311,0.636,0.842,0.654,0.579
BCRX,-0.5,-0.198,0.419,-0.318,0.193,0.232,0.041,-0.454,-0.51,-0.134,-0.285,0.075,-0.265,-0.09,-0.294,-0.109,0.245,0.486,-0.486,-0.306,-0.043,0.0,-0.305,0.244,-0.481,-0.003,0.269,0.265,0.001,-0.31,0.254,-0.073,0.473,0.216,-0.219,0.145,-0.348,-0.301,0.337,0.522,-0.424,0.362,-0.104,0.339,0.139,-0.126,-0.333,-0.515,-0.136,-0.079,0.221,0.2,-0.003,0.101,0.482,-0.122,-0.241,0.069,0.282,-0.326,-0.394,0.075,0.47,-0.247,-0.56,0.118,0.243,0.412,0.097,-0.116,-0.443,0.305,-0.6,-0.451,0.49,-0.297,-0.483,0.065,0.021,-0.265,-0.561,0.477,-0.076,0.173,-0.525,0.163,0.336,0.171,-0.46,0.004,0.211,-0.196,0.394,-0.323,-0.574,0.024,0.237,-0.416,-0.412,0.497,0.278,0.522,-0.457,-0.412,-0.228,-0.393,-0.261,-0.315,0.076,0.069,0.479,0.027,-0.497,-0.454,-0.419,-0.162,0.037,0.093,0.049,-0.009,-0.05,0.384,0.083,0.308,0.065,0.269,-0.034,-0.154,0.2,0.126,-0.477,0.438,0.018,0.159,-0.117,0.345,0.064,0.38,0.074,0.303,-0.153,-0.325,-0.522,0.331,-0.151,-0.196,-0.609,-0.001,-0.15,-0.484,-0.104,-0.378,-0.316,0.283,0.202,-0.221,-0.584,-0.051,0.187,-0.259,0.359,0.258,-0.093,0.241,0.026,0.157,0.31,-0.606,0.711,0.487,-0.552,-0.295,-0.211,0.365,-0.398,0.231,0.087,0.347,0.171,0.335,-0.372,-0.318,0.28,-0.184,-0.264,-0.126,-0.458,0.103,-0.006,-0.376,-0.045,0.347,-0.065,-0.44,-0.386,0.041,0.315,-0.05,0.397,-0.299
BHAT,0.03,0.594,-0.115,0.01,0.47,0.533,0.706,-0.019,0.295,-0.129,0.424,0.609,0.155,-0.261,0.606,0.451,0.297,0.38,-0.009,-0.14,0.703,-0.305,0.0,-0.32,0.364,0.536,0.368,0.413,0.784,0.424,0.658,0.648,0.291,0.334,0.729,0.461,0.216,0.493,0.477,0.134,0.391,0.267,0.186,0.446,0.598,0.337,-0.169,0.235,0.036,0.4,0.344,0.496,0.58,0.523,0.234,0.399,0.735,0.655,0.429,0.405,-0.417,0.71,0.216,0.682,0.126,0.624,0.04,0.142,0.656,0.699,-0.328,0.316,0.454,0.353,0.024,0.049,0.163,0.062,0.652,0.339,0.469,0.335,0.747,0.671,0.332,-0.459,0.465,0.467,0.179,0.452,-0.27,0.777,0.398,0.463,-0.049,0.159,0.56,0.222,0.411,0.089,0.367,-0.044,0.019,0.06,0.49,-0.096,0.221,0.56,0.323,0.711,0.38,0.561,0.218,0.276,0.498,0.635,0.419,0.215,0.811,0.725,0.765,0.321,0.636,0.169,0.667,0.39,0.19,-0.064,0.644,0.399,0.163,0.266,-0.278,0.601,0.684,0.57,0.33,0.133,0.33,0.414,0.408,-0.196,-0.096,0.302,0.754,-0.528,-0.076,0.617,0.555,0.293,0.708,-0.101,-0.227,0.637,-0.693,0.627,-0.004,-0.513,0.417,0.452,0.344,0.544,0.445,0.467,0.25,0.574,0.48,0.138,-0.564,0.244,0.1,0.547,0.706,0.404,-0.05,0.602,0.73,0.394,0.176,0.211,0.524,0.592,0.427,0.683,0.683,0.747,-0.064,0.651,0.714,0.181,0.561,0.483,0.137,0.089,-0.228,0.286,0.57,0.747,0.329,0.697
BLBD,-0.446,-0.529,0.727,-0.192,0.118,0.213,-0.359,-0.51,-0.407,-0.514,-0.309,-0.234,-0.618,0.18,-0.544,-0.211,0.029,0.091,-0.231,-0.226,0.005,0.244,-0.32,0.0,-0.379,-0.602,0.52,0.409,-0.051,0.089,-0.204,-0.1,0.334,0.119,-0.305,0.338,-0.578,-0.401,0.302,0.37,-0.277,0.519,0.216,0.308,0.046,-0.765,-0.312,-0.328,-0.214,-0.677,0.417,0.337,0.067,0.34,0.459,-0.325,-0.248,0.082,0.129,-0.359,-0.041,-0.22,0.284,-0.148,-0.499,-0.026,0.357,0.434,-0.372,-0.065,-0.27,0.412,-0.42,-0.524,0.643,-0.579,0.159,0.58,-0.215,-0.815,-0.378,0.355,-0.523,-0.425,-0.314,0.067,0.311,0.236,-0.077,0.385,0.366,-0.479,0.353,-0.291,-0.043,0.101,0.186,-0.623,-0.676,0.589,0.507,0.652,-0.308,-0.413,-0.262,-0.353,-0.696,-0.252,0.496,-0.244,0.084,-0.26,-0.534,-0.322,-0.636,-0.087,-0.187,0.691,-0.273,-0.219,-0.374,0.484,0.129,0.468,-0.235,0.453,-0.212,-0.158,-0.098,0.502,-0.412,0.47,0.616,-0.044,-0.341,0.101,0.194,0.643,-0.299,0.262,-0.503,-0.101,-0.349,0.426,-0.35,-0.104,-0.058,-0.216,-0.314,-0.41,-0.162,-0.017,-0.034,-0.057,0.6,-0.53,-0.271,0.633,0.345,0.14,0.468,0.157,0.188,0.402,0.302,0.127,-0.008,-0.468,0.169,0.426,-0.304,-0.362,-0.324,0.382,0.098,-0.43,-0.275,0.388,-0.04,0.64,-0.505,-0.179,0.335,-0.292,-0.352,-0.159,-0.405,0.004,-0.363,-0.49,-0.207,0.214,-0.056,-0.554,-0.129,-0.373,-0.199,-0.218,0.481,-0.51
BMRN,0.739,0.389,-0.616,0.607,0.164,-0.166,0.445,0.467,0.887,0.605,0.71,0.25,0.631,0.469,0.619,0.538,0.311,-0.435,0.716,0.576,0.258,-0.481,0.364,-0.379,0.0,0.469,-0.239,-0.343,0.152,0.641,0.09,0.462,-0.45,0.162,0.665,0.055,0.662,0.757,-0.223,-0.51,0.785,-0.484,0.311,-0.23,0.171,0.543,0.614,0.785,0.486,0.485,-0.075,0.025,0.362,0.104,-0.477,0.601,0.646,0.262,-0.062,0.794,0.384,0.308,-0.494,0.603,0.756,-0.006,0.049,-0.223,0.424,0.371,0.424,-0.342,0.852,0.828,-0.611,0.733,0.532,0.08,0.361,0.488,0.823,-0.367,0.242,0.186,0.836,0.058,-0.194,0.138,0.584,0.08,-0.124,0.547,-0.347,0.474,0.631,-0.133,-0.066,0.808,0.767,-0.5,-0.288,-0.484,0.74,0.761,0.662,0.621,0.746,0.73,0.115,0.283,-0.093,0.276,0.796,0.854,0.72,0.213,0.443,-0.099,0.048,0.39,0.424,-0.331,0.013,-0.287,0.384,-0.062,0.688,0.423,-0.125,0.02,0.811,-0.444,0.159,0.12,0.465,-0.154,0.232,-0.424,0.524,-0.098,0.728,0.532,0.652,-0.148,0.532,0.227,0.574,0.462,0.518,0.891,0.526,0.604,0.535,-0.084,-0.333,0.647,0.528,-0.015,0.041,0.596,-0.385,-0.203,0.29,-0.145,0.319,0.129,0.088,0.445,-0.579,-0.508,0.824,0.793,0.663,-0.267,0.518,0.273,0.258,-0.347,-0.067,-0.357,0.89,0.634,-0.206,0.614,0.675,0.368,0.677,0.176,0.371,0.725,0.506,-0.217,0.399,0.646,0.292,0.612,-0.051,0.34,-0.35,0.729
BNGO,0.318,0.692,-0.492,0.24,0.241,0.124,0.666,0.093,0.364,0.414,0.549,0.529,0.518,-0.081,0.702,0.464,0.4,0.203,0.189,0.228,0.281,-0.003,0.536,-0.602,0.469,0.0,-0.154,-0.154,0.399,0.211,0.673,0.52,-0.025,0.247,0.63,0.0,0.495,0.584,0.072,-0.049,0.502,-0.238,0.114,0.117,0.332,0.684,0.213,0.423,0.21,0.815,-0.18,0.163,0.239,0.119,-0.15,0.539,0.51,0.431,0.403,0.467,-0.234,0.633,-0.18,0.601,0.378,0.248,-0.027,-0.19,0.686,0.382,-0.001,-0.151,0.473,0.542,-0.393,0.532,-0.124,-0.231,0.556,0.515,0.522,0.021,0.534,0.721,0.355,-0.035,0.196,0.228,0.163,0.064,-0.389,0.688,-0.036,0.421,-0.06,0.152,0.174,0.57,0.736,-0.156,-0.188,-0.346,0.241,0.379,0.558,0.104,0.632,0.533,-0.112,0.681,0.242,0.62,0.385,0.376,0.627,0.26,0.545,-0.284,0.59,0.592,0.688,-0.13,0.222,-0.232,0.607,0.052,0.318,0.247,0.375,0.013,0.326,-0.137,-0.218,0.318,0.532,0.294,0.156,-0.306,0.342,0.177,0.615,0.027,0.204,0.079,0.696,-0.14,-0.17,0.598,0.571,0.504,0.601,-0.035,-0.044,0.428,-0.63,0.704,-0.015,-0.631,0.086,0.197,-0.125,0.283,0.217,-0.019,0.023,0.276,0.365,0.182,-0.177,-0.145,0.344,0.53,0.665,0.029,-0.029,0.742,0.69,-0.069,0.339,-0.297,0.69,0.48,0.044,0.658,0.589,0.468,0.148,0.397,0.659,0.477,0.515,0.167,0.155,0.377,-0.0,0.724,0.52,0.579,-0.097,0.737
BUSE,-0.674,0.101,0.696,-0.287,0.752,0.898,0.358,-0.722,-0.365,-0.68,0.011,0.532,-0.622,-0.201,-0.092,0.263,0.528,0.626,-0.567,-0.571,0.681,0.269,0.368,0.52,-0.239,-0.154,0.0,0.91,0.695,0.349,0.525,0.521,0.829,0.682,0.335,0.816,-0.547,-0.08,0.911,0.813,-0.15,0.888,0.308,0.9,0.753,-0.46,-0.718,-0.396,-0.043,-0.267,0.914,0.802,0.58,0.886,0.861,-0.02,0.372,0.673,0.593,-0.156,-0.677,0.572,0.73,0.337,-0.684,0.748,0.601,0.803,0.261,0.526,-0.818,0.939,-0.263,-0.346,0.846,-0.645,-0.022,0.567,0.501,-0.457,-0.162,0.892,0.237,0.364,-0.128,-0.194,0.848,0.771,-0.187,0.689,0.206,0.293,0.892,-0.049,-0.462,0.116,0.893,-0.526,-0.441,0.816,0.962,0.857,-0.543,-0.564,0.112,-0.635,-0.529,0.117,0.844,0.491,0.75,0.268,-0.484,-0.241,-0.393,0.418,0.246,0.821,0.452,0.492,0.383,0.922,0.842,0.893,0.397,0.846,-0.007,-0.183,0.658,0.797,-0.507,0.91,0.077,0.742,0.404,0.828,0.511,0.94,0.14,0.793,-0.266,-0.256,-0.72,0.846,0.345,-0.815,-0.357,0.38,0.019,-0.363,0.456,-0.284,-0.53,0.69,-0.001,0.018,-0.58,-0.02,0.852,0.455,0.962,0.809,0.548,0.963,0.625,0.799,0.724,-0.708,-0.039,0.892,-0.474,0.122,0.22,0.939,-0.297,0.217,0.508,0.945,0.215,0.961,-0.118,0.299,0.866,0.276,0.195,0.549,-0.656,0.76,0.423,-0.421,0.422,0.849,0.164,-0.695,-0.692,-0.082,0.437,0.544,0.963,0.029
CAKE,-0.736,0.13,0.661,-0.458,0.665,0.913,0.373,-0.684,-0.447,-0.779,-0.125,0.506,-0.574,-0.387,-0.114,0.2,0.358,0.678,-0.647,-0.687,0.704,0.265,0.413,0.409,-0.343,-0.154,0.91,0.0,0.747,0.246,0.5,0.46,0.849,0.578,0.312,0.773,-0.584,-0.129,0.91,0.767,-0.258,0.867,0.163,0.883,0.707,-0.369,-0.782,-0.45,-0.201,-0.3,0.87,0.768,0.558,0.801,0.909,-0.064,0.37,0.597,0.611,-0.146,-0.742,0.542,0.82,0.296,-0.714,0.82,0.452,0.796,0.263,0.512,-0.872,0.935,-0.283,-0.39,0.805,-0.74,-0.044,0.402,0.49,-0.395,-0.241,0.872,0.364,0.397,-0.246,-0.367,0.858,0.683,-0.245,0.696,0.113,0.316,0.929,-0.09,-0.511,0.184,0.875,-0.571,-0.43,0.771,0.912,0.746,-0.621,-0.626,0.064,-0.692,-0.549,0.084,0.697,0.487,0.682,0.263,-0.546,-0.336,-0.425,0.399,0.102,0.754,0.536,0.513,0.426,0.918,0.838,0.811,0.337,0.798,-0.166,-0.351,0.767,0.752,-0.506,0.904,-0.151,0.746,0.394,0.848,0.395,0.879,0.098,0.752,-0.248,-0.461,-0.764,0.773,0.321,-0.856,-0.393,0.326,0.005,-0.408,0.402,-0.386,-0.641,0.748,-0.167,0.033,-0.595,-0.161,0.769,0.337,0.942,0.811,0.463,0.926,0.466,0.779,0.634,-0.598,-0.036,0.903,-0.572,0.063,0.212,0.894,-0.393,0.218,0.514,0.957,0.165,0.898,-0.204,0.256,0.83,0.237,0.147,0.559,-0.714,0.721,0.448,-0.448,0.356,0.878,0.015,-0.696,-0.698,-0.219,0.466,0.536,0.922,0.02
CASY,-0.341,0.564,0.188,-0.147,0.727,0.884,0.795,-0.423,0.005,-0.385,0.363,0.768,-0.141,-0.287,0.421,0.547,0.518,0.626,-0.301,-0.416,0.866,0.001,0.784,-0.051,0.152,0.399,0.695,0.747,0.0,0.509,0.752,0.8,0.628,0.633,0.772,0.755,-0.113,0.393,0.825,0.483,0.224,0.537,0.232,0.804,0.879,0.155,-0.486,-0.028,-0.017,0.237,0.68,0.823,0.765,0.781,0.615,0.317,0.78,0.83,0.708,0.34,-0.691,0.861,0.542,0.74,-0.286,0.894,0.373,0.521,0.682,0.771,-0.699,0.706,0.244,0.131,0.385,-0.279,0.071,0.271,0.838,0.05,0.28,0.684,0.671,0.752,0.201,-0.439,0.817,0.737,0.049,0.725,-0.12,0.794,0.727,0.316,-0.29,0.167,0.883,-0.036,0.192,0.436,0.68,0.353,-0.276,-0.2,0.483,-0.426,-0.042,0.549,0.599,0.832,0.671,0.551,-0.08,0.115,0.128,0.589,0.462,0.527,0.811,0.887,0.853,0.703,0.917,0.503,0.691,0.743,0.177,-0.135,0.882,0.731,-0.084,0.609,-0.277,0.848,0.756,0.886,0.449,0.531,0.282,0.714,0.272,-0.286,-0.457,0.66,0.792,-0.819,-0.284,0.696,0.416,0.091,0.827,-0.242,-0.474,0.887,-0.673,0.535,-0.386,-0.511,0.758,0.569,0.7,0.818,0.665,0.798,0.477,0.844,0.752,-0.294,-0.394,0.61,-0.148,0.511,0.703,0.748,-0.197,0.604,0.855,0.767,0.254,0.572,0.345,0.682,0.748,0.719,0.607,0.875,-0.399,0.865,0.813,0.039,0.703,0.834,0.252,-0.279,-0.584,0.239,0.696,0.897,0.69,0.606
CCOI,0.275,0.395,-0.014,0.461,0.609,0.397,0.573,-0.154,0.568,0.144,0.656,0.523,0.21,0.39,0.419,0.722,0.566,-0.116,0.332,0.136,0.58,-0.31,0.424,0.089,0.641,0.211,0.349,0.246,0.509,0.0,0.212,0.781,0.042,0.582,0.78,0.538,0.202,0.62,0.321,0.04,0.603,0.089,0.599,0.318,0.606,0.145,0.118,0.558,0.562,0.225,0.457,0.61,0.653,0.588,0.111,0.535,0.774,0.611,0.4,0.66,0.029,0.548,-0.12,0.795,0.229,0.436,0.518,0.323,0.438,0.662,-0.079,0.237,0.598,0.565,-0.073,0.204,0.504,0.483,0.664,0.019,0.649,0.154,0.147,0.22,0.73,0.116,0.346,0.568,0.547,0.521,0.102,0.616,0.21,0.507,0.365,0.119,0.429,0.438,0.436,0.051,0.344,0.086,0.385,0.353,0.788,0.144,0.311,0.705,0.669,0.484,0.262,0.44,0.388,0.651,0.306,0.405,0.604,0.543,0.135,0.647,0.596,0.272,0.491,0.269,0.394,0.522,0.517,0.338,0.262,0.648,0.407,0.078,0.152,0.46,0.594,0.315,0.5,0.19,0.333,0.459,0.434,0.415,0.214,0.443,0.651,-0.281,0.466,0.655,0.346,0.605,0.681,0.471,0.165,0.276,-0.258,0.594,0.17,0.051,0.6,0.852,0.194,0.249,0.772,0.403,0.745,0.536,0.432,-0.045,-0.561,0.029,0.486,0.715,0.705,0.256,0.368,0.295,0.486,0.246,-0.027,0.242,0.622,0.836,0.36,0.704,0.668,0.609,0.215,0.526,0.517,0.547,0.729,0.336,0.533,0.175,-0.2,0.523,0.119,0.591,0.223,0.629
CEVA,-0.318,0.539,0.079,-0.169,0.619,0.674,0.683,-0.382,-0.082,-0.228,0.259,0.778,-0.071,-0.404,0.395,0.36,0.569,0.69,-0.386,-0.272,0.637,0.254,0.658,-0.204,0.09,0.673,0.525,0.5,0.752,0.212,0.0,0.621,0.596,0.603,0.635,0.479,-0.086,0.25,0.664,0.556,0.124,0.47,0.09,0.699,0.684,0.208,-0.426,-0.099,-0.013,0.44,0.449,0.549,0.414,0.63,0.472,0.278,0.57,0.711,0.693,0.096,-0.768,0.884,0.473,0.552,-0.245,0.696,0.262,0.345,0.689,0.502,-0.611,0.514,0.045,0.029,0.315,-0.09,-0.201,0.014,0.672,0.148,0.158,0.652,0.689,0.877,0.012,-0.201,0.71,0.582,-0.225,0.455,-0.265,0.692,0.571,0.162,-0.525,0.169,0.718,-0.026,0.207,0.439,0.471,0.298,-0.347,-0.228,0.346,-0.448,0.074,0.33,0.343,0.861,0.723,0.675,-0.125,-0.057,0.144,0.446,0.439,0.236,0.829,0.722,0.739,0.517,0.721,0.425,0.711,0.524,0.145,-0.016,0.785,0.399,-0.219,0.58,-0.193,0.738,0.621,0.812,0.373,0.395,0.365,0.598,0.219,-0.29,-0.439,0.598,0.68,-0.68,-0.558,0.601,0.409,0.015,0.657,-0.399,-0.521,0.862,-0.486,0.454,-0.526,-0.583,0.532,0.247,0.576,0.814,0.361,0.624,0.275,0.729,0.758,-0.302,-0.039,0.544,-0.203,0.374,0.548,0.679,-0.42,0.773,0.884,0.589,0.541,0.409,0.361,0.401,0.565,0.571,0.476,0.647,-0.429,0.807,0.782,-0.075,0.546,0.687,0.063,-0.277,-0.426,0.419,0.737,0.749,0.596,0.491
