,AAPL,ACRS,ADP,AFYA,AGNC,AGYS,ALT,AMGN,AMPH,AMZN,ANIP,AOSL,APDN,APLT,APVO,ARGX,ARLP,ATEX,ATRA,AUTL,AVDL,BCRX,BHAT,BLBD,BMRN,BNGO,BUSE,CAKE,CASY,CCOI,CEVA,CHY,CLDX,CLMT,COHU,COLM,COST,CPRT,CSWC,CSX,DBX,DCOM,DKNG,DMLP,DOX,EA,EDIT,ENPH,ENSG,ERNA,ESGR,ETNB,EXTR,FANG,FARO,FATE,FGEN,FIVE,FIVN,FLGT,FOLD,FORM,FOXA,FRPT,FSLR,FTAI,GBDC,GDYN,GGAL,GNLN,GRFS,GT,HCAT,HCM,HFWA,HOLX,HQY,HUBG,IAC,ICLR,IDCC,IEP,IHRT,ILMN,ILPT,IMAB,IMOS,INMD,INTZ,JAZZ,JKHY,JRVR,KIDS,LBRDK,LGND,LMAT,LPLA,LULU,MASI,MAT,MATW,MBIN,MBIO,MCRB,MDB,MDLZ,MELI,MIRM,MLKN,MNMD,MNRO,MPWR,MRCY,MRSN,MTVA,NAAS,NDAQ,NDSN,NEGG,NOVT,NVDA,NWE,NWSA,NXST,OCX,ODFL,OMAB,OPCH,OPRA,ORGO,OTRK,OZK,PAGP,PCH,PEGA,PENG,PENN,PFBC,PGNY,PHAT,PHUN,PINC,PLUG,PLXS,PYPL,QLYS,QNCX,QQQX,QVCGA,RAPT,RBBN,RCKT,REPL,RMBS,ROAD,ROKU,ROP,RUSHA,SANM,SATS,SBCF,SBLK,SBUX,SCHL,SCSC,SDGR,SEIC,SFIX,SGRY,SKYW,SLP,SNES,STAA,STLD,STOK,SWKS,TER,TFIN,TIGO,TILE,TPIC,TTEC,TTEK,TTGT,UXIN,VERU,VLYPP,VNOM,VRNS,VRSN,WDAY,WERN,WINA,WKHS,WRLD,XP,XTKG,YY,ZION,ZM
AAPL,0.0,0.822,-0.564,0.667,0.003,0.4,0.785,-0.332,0.133,0.888,0.371,0.718,0.226,-0.311,0.365,0.489,0.846,0.858,0.764,0.781,0.376,0.284,0.618,-0.31,0.496,0.503,0.299,0.586,0.089,0.883,0.572,0.601,0.75,0.65,0.721,0.103,0.751,0.581,0.792,-0.794,0.714,-0.332,0.745,0.872,0.389,0.752,0.616,0.12,0.254,0.696,-0.697,0.621,-0.057,0.557,0.475,-0.368,0.31,-0.792,-0.618,-0.03,0.778,0.776,0.238,0.478,0.369,-0.253,-0.001,0.843,0.738,0.655,0.004,0.495,0.789,0.428,0.072,0.809,0.242,0.741,0.488,0.746,-0.103,-0.421,0.748,-0.482,0.534,0.754,0.431,0.683,0.337,-0.125,-0.01,-0.744,0.833,0.47,0.853,0.892,0.528,-0.062,-0.194,-0.253,0.627,0.695,0.476,0.531,0.758,-0.636,0.814,0.818,-0.271,0.047,0.511,0.629,-0.544,0.69,0.783,-0.031,0.886,0.855,0.395,0.598,0.605,0.607,-0.065,0.329,-0.12,0.832,0.783,0.701,0.594,0.617,-0.267,-0.243,0.238,0.771,0.715,0.769,0.692,0.634,0.772,0.802,0.701,0.152,0.535,0.647,0.894,0.76,-0.11,0.82,0.016,0.841,-0.135,0.85,0.727,0.539,0.588,-0.334,0.417,-0.465,0.696,0.63,-0.122,0.697,0.641,0.516,0.703,0.841,-0.132,-0.227,0.841,0.464,0.532,0.272,0.874,-0.515,0.222,0.302,0.648,0.47,0.384,0.762,-0.455,0.754,0.867,0.868,0.335,0.784,-0.021,0.785,0.849,0.844,0.763,0.67,0.477,-0.096,0.529,0.747,0.077,0.71,0.657,-0.788
ACRS,0.822,0.0,-0.768,0.731,0.133,0.519,0.938,-0.597,0.026,0.947,0.376,0.901,0.251,-0.334,0.547,0.654,0.938,0.888,0.928,0.929,0.592,0.483,0.846,-0.47,0.678,0.703,0.414,0.767,0.101,0.849,0.734,0.79,0.898,0.812,0.851,0.317,0.727,0.753,0.884,-0.868,0.797,-0.322,0.908,0.878,0.189,0.809,0.808,0.221,0.196,0.856,-0.789,0.743,0.018,0.695,0.563,-0.474,0.158,-0.832,-0.631,0.079,0.902,0.908,0.205,0.564,0.447,-0.195,-0.038,0.887,0.858,0.812,-0.028,0.537,0.903,0.38,0.043,0.902,0.422,0.769,0.683,0.862,-0.048,-0.629,0.868,-0.672,0.438,0.732,0.687,0.864,0.162,-0.222,-0.243,-0.854,0.915,0.487,0.955,0.878,0.683,0.105,-0.132,-0.28,0.677,0.753,0.633,0.446,0.823,-0.81,0.91,0.924,-0.226,-0.026,0.415,0.803,-0.616,0.565,0.903,0.195,0.941,0.93,0.549,0.808,0.775,0.399,-0.105,0.434,-0.132,0.878,0.785,0.833,0.723,0.858,-0.413,-0.204,0.223,0.871,0.821,0.915,0.866,0.766,0.93,0.888,0.888,0.33,0.59,0.785,0.891,0.908,0.062,0.924,0.099,0.918,-0.107,0.939,0.859,0.56,0.735,-0.382,0.186,-0.492,0.813,0.783,-0.138,0.844,0.707,0.396,0.841,0.953,-0.03,-0.247,0.915,0.628,0.609,0.459,0.831,-0.5,0.357,0.331,0.78,0.649,0.321,0.891,-0.346,0.752,0.954,0.948,0.621,0.95,0.008,0.934,0.948,0.903,0.897,0.752,0.513,-0.037,0.633,0.89,0.014,0.886,0.846,-0.833
ADP,-0.564,-0.768,0.0,-0.355,0.065,-0.067,-0.881,0.798,0.291,-0.742,0.081,-0.692,0.063,0.161,-0.534,-0.689,-0.725,-0.737,-0.806,-0.797,-0.383,-0.068,-0.689,0.813,-0.513,-0.407,-0.139,-0.499,-0.04,-0.612,-0.48,-0.667,-0.887,-0.746,-0.657,-0.002,-0.616,-0.551,-0.654,0.833,-0.322,0.51,-0.848,-0.66,0.076,-0.758,-0.647,0.042,0.357,-0.56,0.882,-0.594,0.285,-0.312,-0.212,0.611,0.145,0.71,0.57,0.241,-0.728,-0.81,0.106,-0.266,-0.216,0.251,0.452,-0.853,-0.812,-0.615,-0.054,-0.046,-0.617,0.007,0.304,-0.75,-0.008,-0.597,-0.755,-0.883,0.419,0.846,-0.771,0.818,-0.172,-0.454,-0.455,-0.866,0.01,0.58,0.564,0.814,-0.693,-0.374,-0.776,-0.686,-0.422,0.006,-0.229,0.472,-0.395,-0.306,-0.561,-0.05,-0.761,0.877,-0.712,-0.837,0.339,0.472,-0.053,-0.757,0.79,-0.336,-0.725,-0.152,-0.656,-0.828,-0.168,-0.655,-0.743,-0.345,0.598,-0.171,0.573,-0.761,-0.437,-0.834,-0.557,-0.605,0.728,0.491,0.162,-0.582,-0.783,-0.731,-0.764,-0.652,-0.837,-0.675,-0.709,-0.604,-0.424,-0.634,-0.677,-0.755,0.196,-0.838,0.211,-0.76,0.468,-0.674,-0.6,-0.162,-0.281,0.561,0.226,0.705,-0.521,-0.519,0.504,-0.805,-0.378,-0.37,-0.829,-0.657,0.235,0.356,-0.624,-0.594,-0.168,-0.622,-0.636,0.658,-0.208,0.009,-0.456,-0.359,0.208,-0.713,0.37,-0.461,-0.667,-0.664,-0.581,-0.771,-0.039,-0.666,-0.791,-0.804,-0.771,-0.627,-0.46,0.169,-0.708,-0.629,0.453,-0.839,-0.632,0.747
AFYA,0.667,0.731,-0.355,0.0,-0.005,0.519,0.565,-0.289,0.13,0.691,0.425,0.612,0.37,-0.338,0.263,0.253,0.711,0.657,0.517,0.592,0.367,0.517,0.639,-0.071,0.321,0.554,0.285,0.521,-0.076,0.657,0.462,0.59,0.481,0.563,0.55,0.233,0.47,0.504,0.727,-0.627,0.816,-0.196,0.604,0.695,0.382,0.403,0.472,0.202,0.395,0.695,-0.374,0.477,0.046,0.602,0.471,-0.107,0.361,-0.645,-0.332,0.194,0.546,0.54,0.135,0.493,0.432,-0.207,0.193,0.547,0.515,0.678,-0.177,0.682,0.706,0.483,0.05,0.564,0.637,0.404,0.227,0.464,0.155,-0.269,0.474,-0.221,0.288,0.703,0.422,0.44,0.334,0.188,-0.155,-0.624,0.597,0.122,0.62,0.635,0.487,0.069,-0.548,-0.129,0.42,0.592,0.245,0.583,0.623,-0.534,0.697,0.614,-0.155,0.266,0.408,0.385,-0.269,0.46,0.586,0.218,0.699,0.573,0.527,0.475,0.369,0.157,0.24,0.23,0.27,0.561,0.74,0.414,0.425,0.559,0.06,-0.029,0.494,0.697,0.383,0.641,0.57,0.399,0.589,0.553,0.582,0.032,0.355,0.396,0.649,0.608,0.08,0.588,0.097,0.692,0.184,0.661,0.485,0.45,0.778,-0.269,0.143,-0.281,0.608,0.544,0.029,0.388,0.613,0.281,0.513,0.765,-0.129,-0.09,0.698,0.325,0.686,0.103,0.645,-0.221,0.087,0.275,0.571,0.509,0.556,0.584,-0.194,0.547,0.745,0.718,0.271,0.638,-0.078,0.694,0.656,0.559,0.531,0.317,0.318,-0.028,0.189,0.708,0.348,0.54,0.58,-0.523
AGNC,0.003,0.133,0.065,-0.005,0.0,0.618,0.065,0.203,0.524,0.143,0.521,0.38,0.492,0.267,0.275,0.486,0.015,-0.121,0.295,0.313,0.58,0.714,0.258,0.38,0.547,0.685,0.703,0.635,0.61,0.078,0.606,0.207,0.098,0.083,0.343,0.803,-0.37,0.554,0.056,0.204,0.193,0.564,0.17,-0.064,-0.399,0.206,0.344,0.769,0.479,0.379,-0.078,0.333,0.797,0.602,0.71,-0.019,-0.036,0.3,0.025,0.502,0.336,0.216,0.797,0.029,-0.113,0.726,0.61,-0.144,0.248,0.106,-0.162,0.421,0.31,0.082,0.809,0.093,0.318,0.345,0.357,0.014,0.737,0.274,0.346,-0.036,0.215,0.037,0.501,0.119,0.124,0.076,0.227,0.249,0.154,0.504,0.125,-0.097,0.676,0.083,0.103,0.716,0.556,0.429,0.66,0.168,-0.196,-0.003,0.279,-0.035,0.795,0.482,0.584,0.292,0.465,0.279,0.258,0.548,0.142,0.081,0.623,0.078,0.357,-0.301,0.497,0.836,0.343,0.125,0.109,0.268,0.495,0.385,0.063,0.791,0.156,0.355,0.27,0.305,0.341,0.452,0.175,0.329,0.423,-0.403,0.693,0.483,0.189,0.282,0.731,0.134,0.888,-0.016,0.64,0.266,0.376,0.548,0.298,0.597,0.284,0.637,0.463,0.607,0.765,0.297,0.012,0.147,0.208,0.197,0.839,0.684,0.306,0.604,0.425,0.178,0.012,0.534,0.764,0.741,0.506,0.542,0.413,0.351,0.583,0.377,0.112,0.162,0.599,0.225,0.096,0.296,0.15,-0.119,0.247,0.362,0.062,0.767,-0.145,0.395,0.324,0.245,0.5,0.105
AGYS,0.4,0.519,-0.067,0.519,0.618,0.0,0.376,0.055,0.618,0.514,0.643,0.686,0.613,-0.211,0.46,0.452,0.389,0.282,0.537,0.586,0.733,0.852,0.502,0.282,0.686,0.791,0.753,0.825,0.482,0.541,0.817,0.381,0.374,0.338,0.651,0.706,0.062,0.726,0.384,-0.141,0.637,0.29,0.43,0.331,-0.035,0.375,0.515,0.811,0.664,0.65,-0.309,0.522,0.706,0.766,0.864,-0.129,0.193,-0.223,-0.252,0.447,0.612,0.497,0.648,0.231,0.109,0.405,0.564,0.208,0.486,0.432,-0.127,0.69,0.537,0.287,0.732,0.483,0.675,0.596,0.411,0.327,0.643,0.138,0.541,-0.247,0.581,0.259,0.721,0.375,0.118,0.098,0.324,-0.148,0.489,0.592,0.446,0.296,0.825,0.053,-0.277,0.487,0.788,0.713,0.598,0.491,0.159,-0.227,0.606,0.33,0.435,0.58,0.644,0.52,0.172,0.659,0.566,0.423,0.541,0.411,0.797,0.48,0.508,-0.018,0.539,0.772,0.421,0.475,0.506,0.445,0.677,0.692,0.042,0.551,0.249,0.715,0.498,0.612,0.604,0.65,0.482,0.649,0.677,-0.38,0.678,0.622,0.523,0.603,0.73,0.388,0.753,0.337,0.636,0.596,0.566,0.802,0.683,0.318,0.454,0.368,0.715,0.815,0.602,0.431,0.265,0.238,0.445,0.541,0.637,0.416,0.664,0.594,0.648,0.083,0.386,0.212,0.625,0.814,0.725,0.674,0.679,0.643,0.291,0.718,0.555,0.561,0.59,0.576,-0.057,0.617,0.532,0.281,0.569,0.57,0.364,0.535,0.04,0.726,0.391,0.501,0.67,-0.262
ALT,0.785,0.938,-0.881,0.565,0.065,0.376,0.0,-0.724,-0.125,0.926,0.153,0.878,0.128,-0.298,0.536,0.732,0.924,0.902,0.943,0.94,0.549,0.293,0.827,-0.637,0.659,0.618,0.356,0.709,0.071,0.807,0.67,0.799,0.973,0.879,0.852,0.198,0.771,0.745,0.842,-0.909,0.606,-0.393,0.956,0.85,0.103,0.839,0.794,0.107,-0.039,0.783,-0.89,0.773,-0.106,0.598,0.473,-0.644,-0.034,-0.834,-0.61,-0.011,0.909,0.952,0.075,0.451,0.384,-0.225,-0.197,0.945,0.921,0.795,-0.033,0.343,0.82,0.166,-0.076,0.943,0.219,0.785,0.776,0.947,-0.243,-0.785,0.913,-0.776,0.357,0.624,0.595,0.942,0.11,-0.393,-0.339,-0.881,0.859,0.486,0.928,0.872,0.649,0.093,0.054,-0.352,0.598,0.627,0.661,0.268,0.868,-0.901,0.872,0.971,-0.275,-0.273,0.3,0.857,-0.757,0.527,0.89,0.136,0.906,0.963,0.386,0.789,0.855,0.451,-0.338,0.338,-0.362,0.913,0.699,0.906,0.699,0.796,-0.601,-0.321,0.065,0.813,0.876,0.905,0.906,0.796,0.966,0.855,0.873,0.425,0.546,0.805,0.862,0.912,-0.017,0.965,-0.01,0.894,-0.259,0.885,0.797,0.453,0.552,-0.49,0.083,-0.609,0.755,0.728,-0.285,0.921,0.593,0.444,0.924,0.859,-0.091,-0.345,0.85,0.701,0.433,0.548,0.785,-0.59,0.349,0.236,0.715,0.545,0.08,0.896,-0.345,0.695,0.908,0.897,0.631,0.948,-0.015,0.887,0.954,0.943,0.928,0.791,0.525,-0.106,0.758,0.817,-0.229,0.937,0.829,-0.829
AMGN,-0.332,-0.597,0.798,-0.289,0.203,0.055,-0.724,0.0,0.599,-0.551,0.322,-0.55,0.226,0.178,-0.216,-0.486,-0.608,-0.559,-0.559,-0.582,-0.335,0.009,-0.663,0.823,-0.263,-0.285,0.009,-0.289,0.288,-0.267,-0.267,-0.729,-0.733,-0.796,-0.499,0.051,-0.602,-0.376,-0.511,0.716,-0.161,0.431,-0.743,-0.532,0.12,-0.426,-0.433,0.202,0.514,-0.422,0.61,-0.533,0.373,-0.25,-0.035,0.713,0.412,0.53,0.261,0.13,-0.526,-0.664,0.369,-0.24,-0.46,0.451,0.55,-0.653,-0.689,-0.576,0.089,0.125,-0.449,0.324,0.435,-0.61,-0.081,-0.265,-0.624,-0.684,0.467,0.922,-0.572,0.73,0.192,-0.299,-0.251,-0.775,0.093,0.492,0.655,0.696,-0.395,-0.004,-0.532,-0.5,-0.274,-0.44,-0.222,0.489,-0.093,-0.128,-0.314,0.315,-0.642,0.824,-0.473,-0.679,0.395,0.71,0.143,-0.635,0.786,-0.006,-0.42,-0.147,-0.5,-0.64,-0.002,-0.596,-0.656,-0.121,0.604,0.128,0.561,-0.497,-0.286,-0.618,-0.322,-0.522,0.699,0.493,0.173,-0.312,-0.506,-0.58,-0.644,-0.42,-0.707,-0.381,-0.496,-0.682,-0.064,-0.488,-0.485,-0.541,0.182,-0.71,0.286,-0.523,0.39,-0.402,-0.352,0.019,-0.164,0.502,0.46,0.688,-0.327,-0.281,0.541,-0.651,-0.341,-0.26,-0.674,-0.429,0.322,0.395,-0.362,-0.464,-0.065,-0.622,-0.314,0.466,-0.105,0.112,-0.334,-0.18,0.402,-0.515,0.21,-0.147,-0.487,-0.446,-0.503,-0.592,-0.139,-0.504,-0.578,-0.678,-0.584,-0.429,-0.247,0.242,-0.733,-0.399,0.572,-0.709,-0.536,0.484
AMPH,0.133,0.026,0.291,0.13,0.524,0.618,-0.125,0.599,0.0,0.081,0.612,0.169,0.409,-0.001,0.29,0.099,-0.111,-0.098,0.091,0.108,0.302,0.529,-0.059,0.547,0.338,0.343,0.488,0.394,0.591,0.28,0.448,-0.187,-0.1,-0.252,0.153,0.432,-0.299,0.264,-0.063,0.283,0.285,0.408,-0.113,-0.071,0.002,0.149,0.098,0.677,0.669,0.148,0.021,-0.019,0.649,0.281,0.512,0.287,0.429,0.149,-0.166,0.161,0.141,-0.016,0.705,-0.032,-0.321,0.524,0.54,-0.162,-0.003,-0.134,0.134,0.428,0.127,0.365,0.735,-0.019,0.33,0.337,0.013,-0.101,0.679,0.563,0.101,0.138,0.653,0.032,0.334,-0.139,0.184,0.201,0.612,0.301,0.172,0.565,0.058,-0.059,0.369,-0.29,-0.223,0.569,0.572,0.342,0.284,0.579,-0.276,0.309,0.186,-0.15,0.504,0.763,0.56,0.048,0.513,0.575,0.164,0.216,0.077,-0.039,0.561,-0.014,0.01,-0.004,0.585,0.645,0.482,0.1,0.188,0.026,0.338,0.192,0.298,0.56,0.092,0.326,0.143,0.103,0.047,0.285,-0.042,0.28,0.205,-0.55,0.478,0.175,0.132,0.133,0.496,-0.096,0.635,-0.04,0.534,0.195,0.25,0.501,0.245,0.528,0.577,0.56,0.276,0.392,0.635,-0.046,-0.054,0.124,-0.075,0.136,0.589,0.554,0.236,0.134,0.334,-0.211,0.151,0.278,0.342,0.572,0.25,0.358,0.644,0.165,0.227,0.441,0.064,0.129,0.167,0.057,0.043,0.095,0.067,-0.15,0.1,0.207,0.257,0.516,-0.322,0.274,0.488,-0.023,0.124,-0.006
AMZN,0.888,0.947,-0.742,0.691,0.143,0.514,0.926,-0.551,0.081,0.0,0.338,0.909,0.261,-0.396,0.483,0.629,0.931,0.89,0.915,0.932,0.552,0.471,0.836,-0.421,0.684,0.669,0.349,0.789,0.072,0.857,0.747,0.757,0.892,0.84,0.892,0.27,0.706,0.765,0.847,-0.88,0.745,-0.383,0.921,0.891,0.143,0.824,0.702,0.218,0.14,0.874,-0.809,0.814,-0.023,0.71,0.597,-0.465,0.061,-0.82,-0.675,0.015,0.891,0.925,0.221,0.447,0.419,-0.233,-0.023,0.884,0.915,0.812,-0.131,0.549,0.909,0.327,0.076,0.926,0.337,0.803,0.675,0.867,-0.064,-0.6,0.886,-0.678,0.425,0.736,0.627,0.854,0.272,-0.28,-0.193,-0.851,0.918,0.516,0.953,0.895,0.679,0.109,-0.186,-0.271,0.706,0.773,0.664,0.43,0.797,-0.813,0.896,0.922,-0.237,-0.018,0.437,0.793,-0.593,0.642,0.914,0.146,0.957,0.954,0.546,0.764,0.784,0.406,-0.107,0.438,-0.206,0.881,0.823,0.837,0.762,0.83,-0.396,-0.209,0.156,0.869,0.822,0.942,0.891,0.784,0.94,0.901,0.89,0.249,0.607,0.822,0.944,0.912,0.073,0.952,0.131,0.895,-0.119,0.944,0.796,0.566,0.653,-0.352,0.223,-0.502,0.852,0.814,-0.157,0.845,0.708,0.39,0.869,0.912,-0.025,-0.194,0.926,0.679,0.56,0.41,0.884,-0.5,0.357,0.365,0.808,0.587,0.34,0.912,-0.363,0.739,0.943,0.953,0.599,0.921,0.051,0.899,0.97,0.9,0.929,0.772,0.545,0.031,0.576,0.87,0.002,0.897,0.855,-0.852
ANIP,0.371,0.376,0.081,0.425,0.521,0.643,0.153,0.322,0.612,0.338,0.0,0.342,0.487,0.143,0.389,0.257,0.264,0.247,0.318,0.318,0.467,0.695,0.248,0.382,0.33,0.566,0.464,0.514,0.386,0.427,0.491,0.247,0.133,0.07,0.239,0.536,0.028,0.376,0.362,-0.035,0.653,0.292,0.139,0.215,0.254,0.316,0.444,0.587,0.801,0.447,-0.095,0.22,0.558,0.544,0.557,0.121,0.615,-0.076,-0.291,0.457,0.366,0.175,0.746,0.461,0.11,0.305,0.515,0.102,0.156,0.136,0.12,0.578,0.462,0.609,0.548,0.165,0.494,0.363,0.123,0.073,0.656,0.296,0.259,0.092,0.494,0.495,0.493,0.059,0.313,0.445,0.359,-0.037,0.413,0.426,0.397,0.211,0.484,-0.123,-0.294,0.373,0.646,0.622,0.334,0.651,0.05,0.031,0.415,0.114,0.342,0.741,0.728,0.194,0.28,0.431,0.395,0.361,0.388,0.243,0.583,0.199,0.184,0.035,0.622,0.675,0.547,0.263,0.395,0.217,0.388,0.459,0.276,0.459,0.476,0.449,0.21,0.291,0.214,0.356,0.183,0.467,0.397,-0.327,0.533,0.3,0.38,0.312,0.31,0.209,0.539,0.297,0.516,0.436,0.527,0.488,0.588,0.36,0.564,0.36,0.39,0.504,0.573,0.125,0.4,0.223,0.078,0.516,0.406,0.383,0.478,0.189,0.68,0.048,0.303,0.172,0.377,0.549,0.38,0.44,0.69,0.303,0.065,0.528,0.389,0.383,0.294,0.304,0.026,0.443,0.26,0.139,0.226,0.249,0.182,0.349,-0.092,0.476,0.651,0.188,0.347,-0.26
AOSL,0.718,0.901,-0.692,0.612,0.38,0.686,0.878,-0.55,0.169,0.909,0.342,0.0,0.331,-0.33,0.569,0.754,0.82,0.725,0.926,0.951,0.762,0.631,0.862,-0.355,0.81,0.822,0.597,0.907,0.286,0.746,0.901,0.755,0.879,0.79,0.965,0.485,0.527,0.887,0.732,-0.717,0.669,-0.139,0.909,0.773,-0.063,0.79,0.753,0.469,0.204,0.863,-0.793,0.818,0.259,0.807,0.751,-0.542,-0.04,-0.652,-0.564,0.135,0.917,0.951,0.374,0.356,0.336,0.026,0.074,0.758,0.931,0.805,-0.136,0.545,0.872,0.186,0.312,0.892,0.464,0.825,0.798,0.83,0.143,-0.512,0.939,-0.748,0.449,0.536,0.794,0.89,0.079,-0.324,-0.134,-0.681,0.833,0.61,0.858,0.735,0.85,0.172,-0.059,-0.007,0.765,0.767,0.804,0.337,0.682,-0.784,0.904,0.838,0.041,0.034,0.521,0.903,-0.449,0.642,0.858,0.334,0.87,0.879,0.695,0.799,0.891,0.202,-0.039,0.604,-0.12,0.864,0.691,0.871,0.855,0.911,-0.462,0.044,0.076,0.9,0.866,0.975,0.951,0.894,0.948,0.892,0.946,0.183,0.704,0.931,0.901,0.92,0.371,0.895,0.385,0.746,0.108,0.89,0.818,0.728,0.68,-0.189,0.153,-0.252,0.912,0.914,0.078,0.896,0.514,0.431,0.891,0.834,0.249,0.015,0.892,0.817,0.56,0.493,0.724,-0.276,0.551,0.61,0.915,0.745,0.321,0.967,-0.066,0.776,0.871,0.887,0.805,0.942,0.036,0.9,0.94,0.783,0.958,0.863,0.61,0.265,0.564,0.915,-0.038,0.931,0.954,-0.708
APDN,0.226,0.251,0.063,0.37,0.492,0.613,0.128,0.226,0.409,0.261,0.487,0.331,0.0,-0.095,0.2,0.248,0.209,0.123,0.234,0.31,0.335,0.653,0.251,0.433,0.329,0.573,0.46,0.49,0.297,0.315,0.387,0.183,0.08,0.093,0.292,0.505,-0.166,0.413,0.282,0.014,0.46,0.305,0.19,0.085,-0.101,0.128,0.365,0.553,0.539,0.507,-0.034,0.332,0.558,0.58,0.577,0.219,0.233,-0.092,0.024,0.542,0.275,0.176,0.498,0.109,0.002,0.419,0.607,0.026,0.183,0.288,-0.303,0.664,0.283,0.366,0.506,0.144,0.483,0.264,0.125,0.082,0.519,0.298,0.208,0.121,0.16,0.23,0.367,0.052,0.209,0.348,0.1,-0.014,0.236,0.24,0.199,0.101,0.542,-0.059,-0.331,0.425,0.393,0.492,0.427,0.444,0.056,-0.111,0.361,0.109,0.423,0.582,0.445,0.113,0.352,0.321,0.358,0.46,0.224,0.158,0.512,0.049,0.133,-0.186,0.585,0.569,0.592,0.212,0.33,0.168,0.354,0.27,0.352,0.519,0.482,0.457,0.144,0.292,0.295,0.252,0.156,0.322,0.401,-0.447,0.568,0.243,0.228,0.307,0.556,0.157,0.562,0.233,0.557,0.338,0.275,0.49,0.569,0.298,0.297,0.342,0.431,0.512,0.513,0.16,0.142,0.083,0.205,0.329,0.397,0.38,0.424,0.367,0.576,-0.122,0.222,0.368,0.417,0.501,0.39,0.405,0.674,0.352,0.359,0.448,0.298,0.329,0.289,0.259,-0.342,0.426,0.242,-0.002,0.214,0.191,0.127,0.458,-0.234,0.461,0.575,0.176,0.374,-0.002
APLT,-0.311,-0.334,0.161,-0.338,0.267,-0.211,-0.298,0.178,-0.001,-0.396,0.143,-0.33,-0.095,0.0,0.03,0.219,-0.408,-0.347,-0.236,-0.228,0.125,-0.054,-0.277,0.004,-0.247,-0.022,0.074,-0.254,0.245,-0.33,-0.166,-0.024,-0.219,-0.284,-0.446,0.062,-0.311,-0.204,-0.291,0.431,-0.334,0.386,-0.293,-0.467,-0.073,-0.141,0.062,0.182,0.016,-0.39,0.149,-0.302,0.262,-0.21,-0.205,-0.087,0.161,0.55,0.315,0.262,-0.167,-0.327,0.213,0.109,-0.261,0.326,-0.084,-0.328,-0.278,-0.465,0.413,-0.427,-0.303,-0.206,0.055,-0.414,-0.138,-0.264,0.028,-0.288,0.29,0.143,-0.203,0.19,-0.138,-0.201,-0.143,-0.246,0.036,0.201,-0.003,0.45,-0.383,0.008,-0.278,-0.448,-0.076,-0.078,0.518,0.341,-0.094,-0.357,-0.032,-0.153,-0.342,0.266,-0.194,-0.396,0.437,0.003,0.173,-0.119,0.234,-0.223,-0.33,0.414,-0.372,-0.299,-0.243,-0.331,-0.068,-0.183,-0.012,0.125,0.072,-0.254,-0.461,-0.086,-0.235,-0.213,-0.097,0.218,-0.022,-0.324,-0.186,-0.401,-0.284,-0.149,-0.324,-0.227,-0.249,0.011,0.009,-0.218,-0.314,-0.27,-0.003,-0.263,0.161,-0.308,0.205,-0.364,-0.107,-0.262,-0.291,0.333,-0.0,0.346,-0.442,-0.254,0.224,-0.204,-0.374,0.176,-0.274,-0.237,0.218,0.32,-0.361,-0.101,-0.022,0.332,-0.514,0.315,0.132,0.003,-0.363,-0.212,-0.281,-0.338,0.362,-0.185,-0.397,-0.434,0.032,-0.293,0.1,-0.271,-0.402,-0.323,-0.407,-0.177,-0.259,0.091,-0.051,-0.26,-0.076,-0.214,-0.26,0.371
APVO,0.365,0.547,-0.534,0.263,0.275,0.46,0.536,-0.216,0.29,0.483,0.389,0.569,0.2,0.03,0.0,0.661,0.364,0.386,0.642,0.622,0.575,0.377,0.387,-0.285,0.615,0.534,0.471,0.614,0.623,0.585,0.663,0.293,0.566,0.265,0.516,0.375,0.263,0.567,0.345,-0.324,0.339,-0.014,0.475,0.312,-0.047,0.676,0.658,0.485,0.193,0.357,-0.698,0.305,0.318,0.274,0.45,-0.357,0.194,-0.339,-0.557,0.049,0.614,0.555,0.399,0.158,-0.197,0.329,-0.027,0.449,0.5,0.26,0.363,0.152,0.407,0.175,0.264,0.448,0.156,0.638,0.648,0.616,0.105,-0.267,0.577,-0.562,0.592,0.197,0.65,0.545,-0.149,-0.355,0.105,-0.369,0.574,0.717,0.569,0.331,0.564,-0.339,0.224,0.139,0.659,0.343,0.579,0.292,0.319,-0.356,0.606,0.467,0.161,0.152,0.433,0.651,-0.3,0.501,0.623,0.322,0.482,0.517,0.434,0.588,0.604,0.195,-0.113,0.543,-0.135,0.627,0.223,0.684,0.67,0.576,-0.497,0.019,-0.186,0.58,0.713,0.529,0.544,0.743,0.553,0.656,0.653,0.027,0.6,0.49,0.502,0.638,0.177,0.453,0.2,0.45,0.015,0.549,0.591,0.418,0.253,-0.03,0.213,-0.065,0.395,0.581,0.044,0.551,0.082,0.418,0.52,0.521,0.319,0.084,0.552,0.491,0.227,0.499,0.414,-0.323,0.303,0.401,0.4,0.464,0.101,0.575,-0.07,0.629,0.476,0.476,0.586,0.598,0.089,0.492,0.552,0.446,0.581,0.561,0.457,0.08,0.376,0.647,-0.061,0.61,0.468,-0.546
ARGX,0.489,0.654,-0.689,0.253,0.486,0.452,0.732,-0.486,0.099,0.629,0.257,0.754,0.248,0.219,0.661,0.0,0.544,0.498,0.803,0.827,0.773,0.458,0.64,-0.477,0.684,0.766,0.631,0.714,0.527,0.57,0.748,0.703,0.796,0.617,0.684,0.498,0.353,0.781,0.552,-0.465,0.328,0.078,0.757,0.424,-0.186,0.745,0.805,0.525,0.068,0.556,-0.818,0.625,0.386,0.571,0.575,-0.665,-0.041,-0.331,-0.375,0.212,0.835,0.779,0.402,0.312,0.022,0.31,-0.052,0.599,0.786,0.473,0.154,0.158,0.587,-0.029,0.249,0.653,0.225,0.697,0.903,0.756,0.151,-0.51,0.835,-0.7,0.363,0.296,0.666,0.792,0.058,-0.341,-0.194,-0.418,0.581,0.677,0.669,0.445,0.801,0.024,0.45,0.204,0.652,0.424,0.808,0.143,0.512,-0.667,0.791,0.634,0.313,-0.121,0.536,0.865,-0.384,0.507,0.669,0.549,0.614,0.726,0.399,0.6,0.892,0.163,-0.206,0.64,-0.236,0.768,0.348,0.896,0.731,0.71,-0.668,0.101,-0.063,0.698,0.832,0.7,0.801,0.838,0.766,0.745,0.803,0.221,0.737,0.774,0.658,0.799,0.31,0.737,0.383,0.563,0.109,0.634,0.733,0.522,0.39,-0.061,0.139,-0.108,0.58,0.705,0.098,0.827,0.148,0.556,0.798,0.638,0.38,0.143,0.654,0.818,0.418,0.766,0.395,-0.152,0.619,0.543,0.616,0.554,0.003,0.772,0.17,0.7,0.599,0.593,0.816,0.772,0.029,0.703,0.702,0.602,0.736,0.78,0.436,0.24,0.594,0.75,-0.245,0.828,0.763,-0.486
ARLP,0.846,0.938,-0.725,0.711,0.015,0.389,0.924,-0.608,-0.111,0.931,0.264,0.82,0.209,-0.408,0.364,0.544,0.0,0.937,0.851,0.86,0.415,0.343,0.834,-0.451,0.539,0.595,0.293,0.66,-0.099,0.814,0.563,0.793,0.847,0.863,0.801,0.194,0.785,0.668,0.94,-0.928,0.774,-0.386,0.897,0.915,0.304,0.708,0.721,0.013,0.125,0.846,-0.713,0.78,-0.15,0.677,0.488,-0.439,0.083,-0.889,-0.522,0.091,0.82,0.872,0.065,0.563,0.545,-0.316,-0.01,0.915,0.821,0.865,-0.193,0.557,0.887,0.369,-0.097,0.9,0.349,0.702,0.553,0.816,-0.194,-0.674,0.803,-0.556,0.287,0.809,0.505,0.806,0.296,-0.134,-0.317,-0.895,0.846,0.297,0.908,0.948,0.589,0.177,-0.226,-0.379,0.522,0.74,0.519,0.421,0.906,-0.849,0.842,0.953,-0.336,-0.112,0.338,0.683,-0.65,0.472,0.865,0.038,0.943,0.909,0.393,0.704,0.694,0.45,-0.118,0.272,-0.169,0.842,0.859,0.744,0.596,0.729,-0.315,-0.269,0.342,0.819,0.712,0.872,0.822,0.639,0.892,0.782,0.796,0.326,0.478,0.71,0.853,0.829,-0.041,0.926,-0.039,0.937,-0.171,0.891,0.746,0.471,0.7,-0.527,0.178,-0.594,0.786,0.686,-0.223,0.812,0.778,0.372,0.821,0.912,-0.194,-0.38,0.885,0.581,0.58,0.338,0.841,-0.504,0.255,0.207,0.736,0.561,0.3,0.84,-0.38,0.678,0.961,0.945,0.457,0.897,-0.079,0.915,0.917,0.903,0.841,0.66,0.443,-0.149,0.607,0.795,0.013,0.817,0.8,-0.784
ATEX,0.858,0.888,-0.737,0.657,-0.121,0.282,0.902,-0.559,-0.098,0.89,0.247,0.725,0.123,-0.347,0.386,0.498,0.937,0.0,0.812,0.799,0.349,0.183,0.701,-0.495,0.484,0.464,0.208,0.55,-0.097,0.833,0.479,0.698,0.846,0.792,0.691,0.022,0.838,0.556,0.871,-0.915,0.687,-0.447,0.828,0.881,0.377,0.739,0.701,-0.069,0.073,0.737,-0.738,0.637,-0.241,0.521,0.328,-0.467,0.17,-0.897,-0.616,-0.023,0.794,0.799,0.037,0.534,0.422,-0.403,-0.159,0.927,0.767,0.719,-0.011,0.405,0.785,0.369,-0.171,0.857,0.2,0.683,0.539,0.832,-0.289,-0.685,0.753,-0.553,0.365,0.75,0.422,0.767,0.269,-0.194,-0.237,-0.895,0.847,0.353,0.899,0.921,0.465,0.017,-0.145,-0.48,0.527,0.659,0.461,0.431,0.865,-0.773,0.771,0.919,-0.437,-0.17,0.279,0.631,-0.727,0.51,0.838,-0.008,0.894,0.895,0.306,0.676,0.629,0.602,-0.229,0.205,-0.205,0.825,0.77,0.733,0.542,0.664,-0.381,-0.399,0.254,0.735,0.705,0.774,0.729,0.623,0.827,0.774,0.735,0.39,0.424,0.622,0.804,0.795,-0.222,0.878,-0.153,0.923,-0.312,0.847,0.722,0.338,0.596,-0.558,0.216,-0.677,0.657,0.587,-0.309,0.734,0.725,0.419,0.762,0.863,-0.277,-0.475,0.801,0.468,0.457,0.36,0.835,-0.661,0.187,0.074,0.575,0.423,0.203,0.755,-0.528,0.63,0.898,0.884,0.368,0.835,-0.074,0.821,0.863,0.921,0.785,0.625,0.434,-0.241,0.657,0.713,-0.032,0.766,0.669,-0.845
ATRA,0.764,0.928,-0.806,0.517,0.295,0.537,0.943,-0.559,0.091,0.915,0.318,0.926,0.234,-0.236,0.642,0.803,0.851,0.812,0.0,0.97,0.669,0.462,0.803,-0.487,0.824,0.729,0.509,0.844,0.307,0.83,0.831,0.727,0.942,0.778,0.911,0.393,0.65,0.842,0.775,-0.788,0.631,-0.26,0.909,0.792,0.004,0.898,0.825,0.324,0.116,0.815,-0.889,0.788,0.122,0.674,0.624,-0.577,0.011,-0.731,-0.672,0.056,0.962,0.956,0.298,0.409,0.266,-0.018,-0.037,0.858,0.918,0.74,0.021,0.425,0.851,0.238,0.166,0.927,0.25,0.887,0.822,0.912,-0.039,-0.612,0.955,-0.772,0.502,0.563,0.747,0.916,0.08,-0.409,-0.165,-0.772,0.907,0.686,0.941,0.808,0.767,0.041,0.094,-0.164,0.766,0.713,0.791,0.334,0.732,-0.788,0.894,0.896,-0.088,-0.075,0.427,0.9,-0.602,0.626,0.937,0.22,0.903,0.94,0.541,0.816,0.888,0.41,-0.2,0.56,-0.27,0.914,0.678,0.935,0.833,0.867,-0.567,-0.135,0.017,0.869,0.941,0.932,0.914,0.885,0.951,0.939,0.939,0.276,0.707,0.901,0.882,0.946,0.178,0.921,0.216,0.836,-0.126,0.94,0.88,0.617,0.587,-0.303,0.235,-0.397,0.84,0.857,-0.091,0.944,0.55,0.419,0.903,0.866,0.166,-0.174,0.902,0.774,0.479,0.546,0.789,-0.474,0.504,0.441,0.818,0.649,0.212,0.935,-0.262,0.795,0.891,0.9,0.721,0.955,0.016,0.899,0.95,0.875,0.954,0.889,0.579,0.095,0.672,0.887,-0.117,0.937,0.878,-0.814
AUTL,0.781,0.929,-0.797,0.592,0.313,0.586,0.94,-0.582,0.108,0.932,0.318,0.951,0.31,-0.228,0.622,0.827,0.86,0.799,0.97,0.0,0.697,0.535,0.843,-0.459,0.782,0.796,0.534,0.864,0.29,0.833,0.838,0.786,0.937,0.821,0.918,0.401,0.593,0.865,0.798,-0.783,0.662,-0.215,0.948,0.78,-0.03,0.85,0.829,0.387,0.127,0.853,-0.877,0.833,0.162,0.736,0.683,-0.557,0.023,-0.718,-0.593,0.106,0.964,0.96,0.311,0.391,0.275,0.008,0.011,0.845,0.948,0.78,-0.068,0.478,0.853,0.208,0.187,0.913,0.365,0.846,0.823,0.902,0.027,-0.601,0.953,-0.753,0.463,0.603,0.726,0.912,0.15,-0.345,-0.218,-0.752,0.864,0.632,0.913,0.789,0.824,0.069,0.016,-0.092,0.755,0.701,0.811,0.358,0.749,-0.841,0.942,0.898,-0.019,-0.042,0.473,0.894,-0.544,0.67,0.92,0.324,0.894,0.934,0.565,0.766,0.897,0.341,-0.133,0.574,-0.202,0.915,0.705,0.934,0.819,0.858,-0.522,-0.076,0.089,0.906,0.921,0.954,0.964,0.887,0.962,0.922,0.959,0.246,0.753,0.887,0.896,0.962,0.237,0.939,0.267,0.854,-0.016,0.926,0.844,0.629,0.63,-0.256,0.176,-0.37,0.855,0.881,-0.052,0.93,0.517,0.482,0.937,0.876,0.157,-0.067,0.916,0.83,0.559,0.547,0.78,-0.398,0.547,0.474,0.825,0.67,0.264,0.957,-0.146,0.812,0.898,0.904,0.765,0.959,0.009,0.922,0.963,0.844,0.953,0.852,0.571,0.15,0.625,0.928,-0.089,0.96,0.916,-0.762
AVDL,0.376,0.592,-0.383,0.367,0.58,0.733,0.549,-0.335,0.302,0.552,0.467,0.762,0.335,0.125,0.575,0.773,0.415,0.349,0.669,0.697,0.0,0.715,0.604,-0.189,0.66,0.816,0.719,0.755,0.492,0.438,0.845,0.659,0.619,0.528,0.652,0.646,0.226,0.752,0.397,-0.265,0.412,0.259,0.606,0.357,-0.148,0.546,0.689,0.743,0.346,0.544,-0.564,0.538,0.61,0.686,0.689,-0.588,0.008,-0.166,-0.294,0.366,0.731,0.656,0.531,0.37,0.143,0.305,0.092,0.363,0.675,0.417,0.137,0.28,0.574,-0.061,0.515,0.546,0.512,0.59,0.769,0.54,0.501,-0.264,0.705,-0.585,0.414,0.193,0.749,0.656,0.001,-0.145,0.043,-0.232,0.474,0.637,0.547,0.285,0.826,0.196,0.229,0.39,0.722,0.562,0.701,0.193,0.28,-0.449,0.687,0.435,0.428,0.149,0.643,0.801,-0.154,0.502,0.53,0.637,0.553,0.565,0.633,0.625,0.821,-0.065,0.091,0.696,0.066,0.598,0.312,0.711,0.72,0.808,-0.471,0.346,-0.006,0.637,0.646,0.659,0.711,0.784,0.655,0.695,0.737,0.002,0.61,0.746,0.612,0.674,0.537,0.58,0.616,0.36,0.444,0.55,0.696,0.645,0.501,0.206,0.182,0.18,0.587,0.736,0.394,0.632,0.157,0.479,0.601,0.568,0.556,0.32,0.563,0.691,0.538,0.664,0.235,0.077,0.65,0.755,0.671,0.617,0.19,0.694,0.305,0.623,0.528,0.505,0.816,0.685,0.087,0.642,0.587,0.459,0.662,0.73,0.398,0.423,0.465,0.718,-0.028,0.708,0.751,-0.346
BCRX,0.284,0.483,-0.068,0.517,0.714,0.852,0.293,0.009,0.529,0.471,0.695,0.631,0.653,-0.054,0.377,0.458,0.343,0.183,0.462,0.535,0.715,0.0,0.563,0.289,0.58,0.849,0.634,0.782,0.389,0.362,0.748,0.468,0.289,0.335,0.545,0.797,-0.094,0.669,0.382,-0.111,0.634,0.314,0.414,0.251,-0.163,0.3,0.467,0.784,0.614,0.681,-0.209,0.53,0.699,0.811,0.814,-0.007,0.15,-0.083,-0.176,0.544,0.514,0.416,0.644,0.281,0.173,0.395,0.572,0.103,0.444,0.438,-0.217,0.713,0.587,0.318,0.645,0.333,0.744,0.419,0.372,0.216,0.754,0.12,0.453,-0.181,0.287,0.355,0.693,0.302,0.257,0.21,0.118,-0.114,0.41,0.429,0.413,0.19,0.774,0.224,-0.311,0.501,0.661,0.662,0.605,0.441,0.104,-0.245,0.568,0.24,0.518,0.619,0.648,0.431,0.291,0.454,0.478,0.632,0.45,0.336,0.79,0.38,0.45,-0.278,0.613,0.775,0.483,0.334,0.463,0.381,0.613,0.669,0.12,0.606,0.36,0.628,0.356,0.563,0.549,0.53,0.426,0.551,0.643,-0.296,0.663,0.554,0.471,0.524,0.722,0.376,0.783,0.307,0.698,0.516,0.511,0.667,0.69,0.39,0.276,0.394,0.651,0.76,0.598,0.354,0.331,0.134,0.377,0.544,0.604,0.55,0.6,0.58,0.736,0.194,0.284,0.365,0.616,0.766,0.682,0.639,0.685,0.557,0.386,0.551,0.468,0.48,0.654,0.487,0.025,0.588,0.441,0.166,0.459,0.413,0.254,0.603,-0.082,0.678,0.507,0.45,0.67,-0.185
BHAT,0.618,0.846,-0.689,0.639,0.258,0.502,0.827,-0.663,-0.059,0.836,0.248,0.862,0.251,-0.277,0.387,0.64,0.834,0.701,0.803,0.843,0.604,0.563,0.0,-0.407,0.577,0.736,0.433,0.762,-0.017,0.63,0.687,0.866,0.78,0.868,0.802,0.461,0.517,0.777,0.8,-0.739,0.645,-0.232,0.891,0.714,0.04,0.621,0.685,0.275,0.134,0.835,-0.658,0.816,0.082,0.748,0.63,-0.469,-0.108,-0.629,-0.354,0.238,0.772,0.841,0.14,0.475,0.521,-0.129,0.053,0.709,0.842,0.839,-0.3,0.543,0.846,0.114,0.054,0.795,0.499,0.631,0.642,0.715,0.061,-0.628,0.792,-0.585,0.14,0.623,0.595,0.775,0.263,-0.161,-0.391,-0.7,0.672,0.3,0.773,0.718,0.728,0.325,-0.145,-0.104,0.541,0.659,0.586,0.283,0.709,-0.834,0.822,0.794,-0.022,-0.065,0.387,0.745,-0.465,0.376,0.773,0.319,0.804,0.796,0.535,0.681,0.775,0.112,-0.008,0.404,-0.129,0.738,0.752,0.734,0.656,0.784,-0.349,-0.017,0.265,0.79,0.663,0.869,0.873,0.676,0.867,0.714,0.808,0.266,0.531,0.76,0.771,0.798,0.248,0.858,0.23,0.751,0.087,0.777,0.657,0.511,0.674,-0.296,-0.041,-0.338,0.785,0.764,-0.046,0.783,0.619,0.343,0.815,0.808,0.04,-0.075,0.814,0.734,0.635,0.438,0.613,-0.19,0.387,0.388,0.795,0.64,0.266,0.84,-0.025,0.611,0.819,0.789,0.674,0.841,0.043,0.846,0.83,0.72,0.803,0.654,0.393,0.083,0.482,0.813,-0.036,0.848,0.869,-0.572
BLBD,-0.31,-0.47,0.813,-0.071,0.38,0.282,-0.637,0.823,0.547,-0.421,0.382,-0.355,0.433,0.004,-0.285,-0.477,-0.451,-0.495,-0.487,-0.459,-0.189,0.289,-0.407,0.0,-0.172,-0.024,0.115,-0.065,0.167,-0.295,-0.14,-0.511,-0.676,-0.557,-0.32,0.291,-0.628,-0.178,-0.383,0.631,-0.01,0.524,-0.574,-0.427,-0.005,-0.491,-0.385,0.321,0.598,-0.124,0.675,-0.292,0.487,0.069,0.223,0.676,0.222,0.514,0.374,0.432,-0.436,-0.541,0.447,-0.241,-0.211,0.456,0.77,-0.67,-0.531,-0.318,-0.291,0.39,-0.268,0.248,0.584,-0.514,0.175,-0.264,-0.576,-0.67,0.601,0.867,-0.476,0.742,0.016,-0.191,-0.157,-0.693,0.157,0.569,0.592,0.609,-0.367,-0.119,-0.49,-0.458,-0.06,-0.108,-0.47,0.608,-0.043,0.067,-0.192,0.251,-0.602,0.666,-0.392,-0.602,0.506,0.755,0.207,-0.578,0.858,-0.064,-0.334,0.05,-0.377,-0.585,0.195,-0.532,-0.548,-0.344,0.84,0.195,0.727,-0.501,-0.125,-0.579,-0.192,-0.341,0.815,0.704,0.356,-0.193,-0.526,-0.372,-0.434,-0.351,-0.572,-0.351,-0.332,-0.799,0.046,-0.343,-0.388,-0.432,0.422,-0.586,0.498,-0.465,0.631,-0.287,-0.334,0.143,0.041,0.632,0.341,0.755,-0.105,-0.085,0.683,-0.561,-0.15,-0.258,-0.547,-0.34,0.43,0.539,-0.239,-0.24,0.128,-0.641,-0.285,0.65,0.064,0.286,-0.099,-0.011,0.568,-0.37,0.414,-0.135,-0.364,-0.337,-0.327,-0.49,-0.1,-0.323,-0.48,-0.665,-0.476,-0.405,-0.282,0.465,-0.78,-0.233,0.709,-0.567,-0.272,0.537
BMRN,0.496,0.678,-0.513,0.321,0.547,0.686,0.659,-0.263,0.338,0.684,0.33,0.81,0.329,-0.247,0.615,0.684,0.539,0.484,0.824,0.782,0.66,0.58,0.577,-0.172,0.0,0.717,0.625,0.88,0.552,0.615,0.893,0.409,0.691,0.502,0.844,0.583,0.309,0.815,0.44,-0.438,0.472,-0.028,0.665,0.482,-0.236,0.716,0.608,0.543,0.189,0.7,-0.684,0.612,0.403,0.62,0.684,-0.384,-0.131,-0.417,-0.617,0.098,0.823,0.758,0.482,0.091,-0.022,0.275,0.197,0.494,0.74,0.498,0.027,0.431,0.634,0.221,0.484,0.723,0.224,0.809,0.725,0.687,0.199,-0.265,0.802,-0.648,0.538,0.226,0.845,0.705,-0.047,-0.49,0.11,-0.473,0.761,0.811,0.701,0.483,0.773,0.034,0.112,0.112,0.814,0.634,0.83,0.2,0.347,-0.456,0.678,0.591,0.167,0.136,0.396,0.765,-0.251,0.628,0.781,0.255,0.679,0.675,0.696,0.741,0.731,0.224,0.0,0.727,-0.115,0.664,0.441,0.749,0.883,0.8,-0.426,0.16,-0.155,0.729,0.839,0.78,0.767,0.853,0.733,0.828,0.855,-0.003,0.747,0.85,0.661,0.832,0.453,0.636,0.507,0.506,0.06,0.772,0.702,0.682,0.481,-0.004,0.353,-0.025,0.786,0.873,0.186,0.778,0.349,0.151,0.725,0.611,0.572,0.091,0.757,0.784,0.295,0.384,0.609,-0.225,0.632,0.621,0.787,0.6,0.312,0.794,-0.078,0.695,0.643,0.698,0.733,0.758,0.071,0.679,0.738,0.564,0.813,0.808,0.48,0.408,0.373,0.776,0.006,0.756,0.776,-0.604
BNGO,0.503,0.703,-0.407,0.554,0.685,0.791,0.618,-0.285,0.343,0.669,0.566,0.822,0.573,-0.022,0.534,0.766,0.595,0.464,0.729,0.796,0.816,0.849,0.736,-0.024,0.717,0.0,0.777,0.891,0.463,0.574,0.84,0.709,0.621,0.598,0.736,0.754,0.183,0.864,0.614,-0.383,0.631,0.26,0.709,0.468,-0.127,0.562,0.756,0.72,0.478,0.796,-0.526,0.678,0.613,0.877,0.862,-0.344,0.086,-0.304,-0.256,0.513,0.786,0.704,0.619,0.387,0.227,0.402,0.398,0.431,0.712,0.61,-0.156,0.634,0.745,0.206,0.555,0.593,0.635,0.635,0.683,0.552,0.523,-0.219,0.74,-0.431,0.363,0.471,0.739,0.62,0.203,0.018,-0.065,-0.354,0.588,0.564,0.625,0.435,0.943,0.165,-0.052,0.404,0.747,0.691,0.793,0.413,0.407,-0.567,0.796,0.545,0.468,0.319,0.706,0.699,-0.052,0.559,0.689,0.648,0.661,0.612,0.749,0.555,0.744,-0.041,0.334,0.78,0.252,0.647,0.556,0.704,0.77,0.785,-0.209,0.465,0.327,0.813,0.651,0.777,0.809,0.781,0.705,0.735,0.848,-0.101,0.83,0.754,0.678,0.765,0.588,0.662,0.662,0.559,0.514,0.708,0.732,0.728,0.712,0.178,0.231,0.159,0.772,0.874,0.46,0.685,0.361,0.458,0.692,0.726,0.52,0.379,0.771,0.824,0.737,0.471,0.444,0.135,0.729,0.746,0.791,0.793,0.493,0.804,0.33,0.755,0.679,0.672,0.806,0.754,-0.011,0.803,0.685,0.459,0.698,0.658,0.389,0.486,0.3,0.872,0.263,0.739,0.886,-0.369
BUSE,0.299,0.414,-0.139,0.285,0.703,0.753,0.356,0.009,0.488,0.349,0.464,0.597,0.46,0.074,0.471,0.631,0.293,0.208,0.509,0.534,0.719,0.634,0.433,0.115,0.625,0.777,0.0,0.706,0.651,0.435,0.728,0.381,0.381,0.246,0.54,0.695,-0.004,0.699,0.324,-0.056,0.393,0.513,0.403,0.205,-0.075,0.412,0.629,0.754,0.589,0.455,-0.35,0.353,0.776,0.642,0.771,-0.267,0.168,-0.083,-0.068,0.447,0.588,0.478,0.641,0.259,-0.09,0.613,0.458,0.201,0.426,0.326,0.047,0.474,0.444,0.135,0.723,0.391,0.515,0.555,0.534,0.335,0.589,0.047,0.554,-0.271,0.537,0.121,0.625,0.396,0.019,0.049,0.215,0.0,0.337,0.632,0.329,0.2,0.847,-0.064,0.134,0.61,0.662,0.51,0.637,0.393,0.183,-0.261,0.58,0.286,0.642,0.372,0.669,0.55,0.131,0.555,0.43,0.461,0.409,0.333,0.676,0.392,0.569,0.046,0.346,0.752,0.364,0.504,0.321,0.499,0.608,0.53,-0.16,0.635,0.225,0.655,0.542,0.499,0.55,0.696,0.437,0.541,0.595,-0.266,0.721,0.589,0.403,0.527,0.641,0.339,0.699,0.253,0.597,0.453,0.586,0.755,0.525,0.271,0.374,0.426,0.58,0.701,0.691,0.498,-0.003,0.474,0.462,0.448,0.678,0.426,0.54,0.653,0.534,0.295,0.207,0.288,0.696,0.785,0.628,0.725,0.41,0.62,0.484,0.726,0.426,0.434,0.637,0.549,-0.108,0.528,0.436,0.223,0.496,0.577,0.345,0.461,0.211,0.636,0.213,0.471,0.636,-0.112
CAKE,0.586,0.767,-0.499,0.521,0.635,0.825,0.709,-0.289,0.394,0.789,0.514,0.907,0.49,-0.254,0.614,0.714,0.66,0.55,0.844,0.864,0.755,0.782,0.762,-0.065,0.88,0.891,0.706,0.0,0.46,0.688,0.94,0.604,0.705,0.632,0.888,0.692,0.277,0.919,0.603,-0.493,0.644,0.048,0.762,0.576,-0.172,0.698,0.695,0.655,0.387,0.858,-0.65,0.759,0.49,0.839,0.881,-0.349,-0.023,-0.445,-0.512,0.297,0.848,0.808,0.584,0.235,0.17,0.294,0.354,0.534,0.808,0.657,-0.188,0.652,0.792,0.241,0.563,0.742,0.466,0.812,0.711,0.668,0.367,-0.26,0.84,-0.557,0.504,0.449,0.805,0.701,0.146,-0.239,0.051,-0.482,0.754,0.713,0.743,0.558,0.922,0.082,-0.114,0.239,0.871,0.79,0.839,0.387,0.429,-0.578,0.806,0.645,0.279,0.288,0.603,0.769,-0.166,0.666,0.84,0.42,0.765,0.724,0.807,0.687,0.779,0.109,0.219,0.8,0.056,0.724,0.638,0.766,0.897,0.856,-0.275,0.322,0.119,0.863,0.788,0.882,0.873,0.877,0.796,0.849,0.926,-0.105,0.836,0.879,0.764,0.858,0.544,0.726,0.611,0.607,0.307,0.838,0.759,0.764,0.659,0.083,0.305,0.036,0.898,0.981,0.322,0.777,0.452,0.322,0.772,0.741,0.524,0.252,0.867,0.862,0.591,0.355,0.638,-0.071,0.688,0.722,0.89,0.76,0.498,0.887,0.092,0.797,0.755,0.779,0.804,0.82,0.064,0.817,0.805,0.567,0.846,0.785,0.475,0.465,0.314,0.899,0.175,0.813,0.911,-0.57
CASY,0.089,0.101,-0.04,-0.076,0.61,0.482,0.071,0.288,0.591,0.072,0.386,0.286,0.297,0.245,0.623,0.527,-0.099,-0.097,0.307,0.29,0.492,0.389,-0.017,0.167,0.552,0.463,0.651,0.46,0.0,0.257,0.576,-0.099,0.153,-0.171,0.288,0.535,-0.203,0.46,-0.065,0.198,0.05,0.491,0.062,-0.074,-0.263,0.4,0.357,0.722,0.384,0.084,-0.332,0.013,0.725,0.177,0.484,-0.107,0.194,0.178,-0.249,0.139,0.348,0.21,0.691,-0.146,-0.519,0.8,0.302,-0.031,0.169,-0.077,0.376,0.102,0.091,0.155,0.689,0.075,0.068,0.45,0.415,0.2,0.458,0.305,0.323,-0.232,0.622,-0.197,0.544,0.158,-0.222,-0.208,0.422,0.191,0.231,0.764,0.148,-0.103,0.514,-0.414,0.334,0.63,0.55,0.157,0.523,0.211,-0.132,0.116,0.312,0.0,0.649,0.41,0.544,0.372,0.227,0.486,0.241,0.343,0.092,0.099,0.409,0.209,0.34,-0.011,0.177,0.669,0.166,0.298,-0.115,0.382,0.525,0.285,-0.226,0.494,-0.232,0.352,0.46,0.213,0.224,0.535,0.155,0.39,0.381,-0.357,0.633,0.343,0.214,0.329,0.457,0.037,0.561,-0.025,0.347,0.241,0.379,0.521,0.09,0.406,0.426,0.489,0.24,0.417,0.514,0.262,-0.296,0.308,0.21,0.146,0.75,0.482,0.262,0.392,0.08,0.266,0.081,0.135,0.46,0.661,0.288,0.415,0.204,0.296,0.303,0.514,0.083,0.126,0.408,0.233,-0.023,0.156,0.178,-0.03,0.25,0.405,0.308,0.457,0.03,0.389,0.122,0.233,0.257,-0.093
CCOI,0.883,0.849,-0.612,0.657,0.078,0.541,0.807,-0.267,0.28,0.857,0.427,0.746,0.315,-0.33,0.585,0.57,0.814,0.833,0.83,0.833,0.438,0.362,0.63,-0.295,0.615,0.574,0.435,0.688,0.257,0.0,0.661,0.542,0.765,0.59,0.745,0.229,0.66,0.677,0.808,-0.732,0.753,-0.289,0.742,0.788,0.351,0.781,0.737,0.262,0.353,0.707,-0.751,0.62,0.062,0.542,0.561,-0.307,0.391,-0.811,-0.624,0.0,0.823,0.774,0.269,0.455,0.201,-0.047,0.105,0.831,0.718,0.639,0.071,0.555,0.744,0.492,0.129,0.82,0.307,0.837,0.524,0.791,-0.044,-0.387,0.766,-0.49,0.694,0.672,0.562,0.677,0.254,-0.145,0.021,-0.713,0.87,0.611,0.862,0.853,0.632,-0.244,-0.159,-0.166,0.717,0.702,0.53,0.648,0.73,-0.613,0.865,0.822,-0.169,0.159,0.483,0.656,-0.492,0.758,0.88,0.034,0.872,0.843,0.48,0.637,0.62,0.609,-0.01,0.456,-0.055,0.887,0.795,0.748,0.657,0.65,-0.272,-0.166,0.231,0.875,0.798,0.776,0.729,0.72,0.773,0.865,0.779,0.08,0.641,0.643,0.822,0.83,0.021,0.769,0.074,0.876,-0.085,0.9,0.784,0.608,0.632,-0.331,0.449,-0.389,0.728,0.723,-0.068,0.708,0.547,0.466,0.732,0.871,-0.008,-0.222,0.901,0.525,0.575,0.229,0.872,-0.518,0.289,0.326,0.646,0.569,0.446,0.812,-0.373,0.873,0.89,0.887,0.392,0.835,-0.118,0.811,0.87,0.804,0.797,0.71,0.496,-0.099,0.479,0.835,0.099,0.73,0.657,-0.777
CEVA,0.572,0.734,-0.48,0.462,0.606,0.817,0.67,-0.267,0.448,0.747,0.491,0.901,0.387,-0.166,0.663,0.748,0.563,0.479,0.831,0.838,0.845,0.748,0.687,-0.14,0.893,0.84,0.728,0.94,0.576,0.661,0.0,0.554,0.709,0.545,0.873,0.666,0.287,0.882,0.501,-0.422,0.571,0.079,0.707,0.545,-0.164,0.743,0.68,0.731,0.37,0.724,-0.692,0.664,0.543,0.747,0.822,-0.428,0.029,-0.379,-0.55,0.188,0.846,0.801,0.605,0.252,0.092,0.308,0.216,0.511,0.786,0.564,0.032,0.51,0.734,0.196,0.593,0.719,0.437,0.822,0.77,0.666,0.414,-0.228,0.842,-0.654,0.613,0.324,0.878,0.723,0.032,-0.313,0.131,-0.411,0.741,0.813,0.722,0.496,0.884,0.042,0.036,0.271,0.889,0.717,0.833,0.358,0.382,-0.5,0.8,0.594,0.307,0.275,0.639,0.846,-0.194,0.708,0.763,0.42,0.721,0.701,0.808,0.732,0.821,0.111,0.126,0.808,0.008,0.735,0.521,0.788,0.904,0.877,-0.399,0.284,-0.046,0.83,0.83,0.841,0.823,0.909,0.78,0.871,0.889,-0.058,0.787,0.891,0.778,0.838,0.55,0.689,0.627,0.522,0.29,0.791,0.789,0.806,0.583,0.123,0.33,0.079,0.83,0.93,0.333,0.766,0.332,0.362,0.732,0.704,0.574,0.279,0.799,0.789,0.52,0.463,0.576,-0.095,0.647,0.791,0.868,0.736,0.404,0.865,0.071,0.791,0.696,0.728,0.823,0.807,0.118,0.742,0.781,0.576,0.842,0.845,0.554,0.457,0.394,0.862,0.073,0.803,0.854,-0.569
