,AAPL,ACRS,ADP,AFYA,AGNC,AGYS,ALT,AMGN,AMPH,AMZN,ANIP,AOSL,APDN,APLT,APVO,ARGX,ARLP,ATEX,ATRA,AUTL,AVDL,BCRX,BHAT,BLBD,BMRN,BNGO,BUSE,CAKE,CASY,CCOI,CEVA,CHY,CLDX,CLMT,COHU,COLM,COST,CPRT,CSWC,CSX,DBX,DCOM,DKNG,DMLP,DOX,EA,EDIT,ENPH,ENSG,ERNA,ESGR,ETNB,EXTR,FANG,FARO,FATE,FGEN,FIVE,FIVN,FLGT,FOLD,FORM,FOXA,FRPT,FSLR,FTAI,GBDC,GDYN,GGAL,GNLN,GRFS,GT,HCAT,HCM,HFWA,HOLX,HQY,HUBG,IAC,ICLR,IDCC,IEP,IHRT,ILMN,ILPT,IMAB,IMOS,INMD,INTZ,JAZZ,JKHY,JRVR,KIDS,LBRDK,LGND,LMAT,LPLA,LULU,MASI,MAT,MATW,MBIN,MBIO,MCRB,MDB,MDLZ,MELI,MIRM,MLKN,MNMD,MNRO,MPWR,MRCY,MRSN,MTVA,NAAS,NDAQ,NDSN,NEGG,NOVT,NVDA,NWE,NWSA,NXST,OCX,ODFL,OMAB,OPCH,OPRA,ORGO,OTRK,OZK,PAGP,PCH,PEGA,PENG,PENN,PFBC,PGNY,PHAT,PHUN,PINC,PLUG,PLXS,PYPL,QLYS,QNCX,QQQX,QVCGA,RAPT,RBBN,RCKT,REPL,RMBS,ROAD,ROKU,ROP,RUSHA,SANM,SATS,SBCF,SBLK,SBUX,SCHL,SCSC,SDGR,SEIC,SFIX,SGRY,SKYW,SLP,SNES,STAA,STLD,STOK,SWKS,TER,TFIN,TIGO,TILE,TPIC,TTEC,TTEK,TTGT,UXIN,VERU,VLYPP,VNOM,VRNS,VRSN,WDAY,WERN,WINA,WKHS,WRLD,XP,XTKG,YY,ZION,ZM
AAPL,0.0,-0.181,0.516,0.805,-0.32,0.057,0.799,0.748,-0.43,0.922,-0.751,-0.53,0.749,-0.369,0.705,0.87,-0.66,-0.079,-0.844,0.727,-0.705,0.554,0.717,-0.65,0.429,0.653,-0.515,-0.496,0.75,0.716,0.836,0.711,0.092,-0.442,0.905,0.665,0.824,0.419,0.824,0.706,0.862,-0.1,0.871,-0.727,0.807,0.312,0.798,0.894,0.88,0.77,-0.363,0.135,0.331,-0.799,0.339,0.749,0.837,0.266,0.573,0.501,0.793,0.708,-0.786,-0.664,0.448,0.056,-0.663,0.466,0.612,0.68,-0.617,-0.772,0.744,0.759,-0.506,0.888,-0.222,-0.328,0.018,-0.163,0.722,0.514,-0.257,0.876,0.825,0.1,0.807,-0.432,0.8,0.684,0.827,-0.317,0.778,0.847,-0.059,0.933,-0.592,0.131,0.204,0.809,-0.159,-0.718,0.844,-0.58,0.348,0.68,0.795,-0.26,0.553,0.808,-0.468,0.342,0.069,0.679,0.659,0.808,0.779,0.518,0.862,-0.179,0.859,0.912,-0.626,-0.633,0.649,0.298,0.881,0.792,0.89,0.591,0.824,-0.549,-0.511,-0.19,0.902,0.618,0.782,-0.669,0.113,0.784,0.877,0.032,-0.122,0.128,0.929,0.635,-0.449,0.907,0.231,0.565,0.726,0.834,0.491,0.899,0.191,0.845,0.941,-0.738,0.296,0.052,-0.7,0.099,0.855,-0.61,0.305,0.855,0.125,-0.182,0.862,-0.745,0.848,0.86,0.896,0.843,-0.156,0.877,0.752,-0.747,0.705,-0.557,0.687,0.93,-0.137,0.48,0.937,0.775,0.467,-0.859,0.877,0.84,0.748,0.78,-0.702,0.817,0.125,0.911,0.75,0.78,-0.608,0.866
ACRS,-0.181,0.0,-0.007,-0.326,0.437,0.019,-0.137,-0.345,0.206,-0.07,0.345,0.637,0.144,0.349,-0.244,-0.304,0.097,-0.015,0.454,0.057,0.401,0.136,-0.002,0.477,0.279,0.347,0.376,0.589,0.075,-0.333,0.04,-0.024,0.041,-0.081,0.049,0.111,0.138,0.257,-0.387,-0.175,0.07,0.192,-0.334,0.215,-0.13,-0.216,-0.072,-0.202,-0.293,-0.175,0.449,0.499,0.039,0.339,0.569,-0.198,-0.243,0.432,0.035,0.105,-0.175,0.268,0.331,0.174,-0.174,0.15,0.277,0.121,-0.297,-0.067,0.257,0.381,0.007,-0.062,0.482,-0.222,0.554,0.331,0.327,0.332,-0.032,-0.422,0.228,-0.169,-0.496,-0.28,-0.113,0.515,-0.124,0.368,-0.026,-0.166,-0.055,-0.41,0.466,-0.157,0.486,0.345,0.261,-0.141,0.241,0.268,0.076,0.246,0.056,-0.209,-0.162,0.222,0.058,0.018,0.566,0.398,0.272,-0.277,0.1,-0.363,0.031,0.227,-0.268,0.552,-0.023,-0.379,0.519,0.57,0.009,0.194,-0.152,-0.453,0.006,-0.023,-0.151,0.426,0.532,0.402,-0.025,0.052,-0.081,0.391,0.16,-0.41,0.009,0.212,0.479,0.438,-0.147,0.013,0.287,-0.179,0.41,-0.116,-0.039,-0.099,0.053,-0.193,0.498,-0.119,-0.176,0.388,0.361,0.158,0.316,0.154,-0.113,0.07,0.198,-0.142,0.607,0.433,-0.438,0.387,-0.354,-0.12,-0.195,-0.028,0.381,-0.074,-0.044,0.156,-0.25,0.244,0.054,-0.167,0.429,0.327,-0.182,0.256,0.034,0.331,-0.213,-0.194,-0.27,-0.055,0.454,-0.065,0.036,-0.27,0.021,-0.118,0.437,-0.261
ADP,0.516,-0.007,0.0,0.129,0.041,0.495,0.099,0.166,0.171,0.282,-0.046,0.109,0.523,0.282,-0.059,0.224,0.09,0.646,-0.226,0.443,0.043,-0.169,0.59,-0.065,0.269,0.453,0.281,0.143,0.354,0.573,0.271,0.09,0.571,0.264,0.393,0.093,0.417,-0.072,0.556,0.71,0.32,0.52,0.279,0.058,0.533,0.526,0.101,0.347,0.311,0.163,0.052,-0.329,0.723,-0.061,0.165,0.049,0.213,-0.248,-0.016,0.023,0.171,0.348,-0.062,-0.526,-0.066,0.388,0.068,0.248,0.27,0.194,-0.444,-0.073,0.037,0.087,0.194,0.26,0.439,0.085,0.117,-0.167,0.669,0.543,0.463,0.177,0.598,0.075,0.138,-0.026,0.563,0.402,0.361,0.394,0.113,0.55,-0.28,0.395,0.163,-0.184,0.092,0.074,0.494,0.068,0.269,-0.237,-0.262,0.048,0.083,-0.278,-0.044,0.47,-0.087,0.033,0.606,0.518,-0.053,0.334,0.73,0.459,0.194,-0.037,0.283,0.445,-0.016,-0.131,0.147,0.114,0.564,0.362,0.541,-0.06,0.186,0.193,0.126,-0.091,0.4,-0.096,0.69,0.108,-0.15,0.389,0.249,-0.264,-0.155,0.459,0.354,0.007,0.26,0.353,0.432,-0.213,0.379,0.134,-0.074,0.238,0.356,0.353,0.377,-0.011,0.392,0.25,0.086,0.362,0.49,0.067,0.742,0.131,0.543,0.212,0.357,-0.008,0.317,0.371,0.316,0.497,0.255,0.181,0.08,0.032,0.71,0.2,-0.043,0.63,0.599,0.008,0.513,0.524,0.223,-0.151,0.233,0.22,0.063,0.123,-0.186,0.225,0.293,0.267,0.205,0.504,0.136,0.293
AFYA,0.805,-0.326,0.129,0.0,-0.506,-0.225,0.841,0.778,-0.703,0.869,-0.93,-0.818,0.505,-0.665,0.872,0.927,-0.774,-0.471,-0.905,0.47,-0.939,0.716,0.502,-0.791,0.315,0.336,-0.835,-0.781,0.527,0.56,0.806,0.79,-0.191,-0.64,0.781,0.687,0.717,0.442,0.683,0.361,0.767,-0.447,0.894,-0.909,0.651,0.133,0.851,0.779,0.866,0.854,-0.352,0.315,-0.078,-0.94,0.022,0.825,0.866,0.336,0.67,0.5,0.787,0.534,-0.945,-0.481,0.663,-0.205,-0.868,0.261,0.668,0.714,-0.5,-0.902,0.852,0.868,-0.839,0.911,-0.632,-0.616,-0.139,-0.146,0.524,0.339,-0.603,0.924,0.617,0.081,0.905,-0.577,0.556,0.504,0.678,-0.459,0.866,0.707,-0.027,0.805,-0.89,0.298,0.152,0.853,-0.595,-0.874,0.775,-0.669,0.586,0.848,0.877,-0.218,0.591,0.51,-0.67,0.292,-0.391,0.364,0.708,0.838,0.509,0.168,0.948,-0.302,0.838,0.836,-0.857,-0.815,0.614,0.117,0.678,0.723,0.633,0.681,0.8,-0.847,-0.721,-0.401,0.697,0.755,0.401,-0.913,0.258,0.717,0.838,0.216,-0.254,-0.195,0.874,0.768,-0.786,0.885,-0.252,0.751,0.676,0.913,0.603,0.918,-0.016,0.706,0.859,-0.932,0.018,-0.121,-0.924,-0.107,0.753,-0.766,-0.216,0.92,-0.268,-0.525,0.822,-0.918,0.849,0.805,0.816,0.607,-0.46,0.9,0.87,-0.882,0.517,-0.827,0.806,0.663,-0.51,0.459,0.81,0.491,0.389,-0.911,0.873,0.906,0.874,0.737,-0.834,0.755,0.054,0.908,0.673,0.588,-0.872,0.887
AGNC,-0.32,0.437,0.041,-0.506,0.0,0.17,-0.263,-0.619,0.358,-0.365,0.539,0.613,-0.066,0.595,-0.34,-0.501,0.292,0.195,0.602,-0.152,0.579,-0.134,-0.25,0.324,0.262,0.077,0.496,0.618,-0.183,-0.203,-0.238,-0.085,0.325,0.306,-0.234,-0.124,-0.236,0.056,-0.276,-0.126,-0.151,0.217,-0.558,0.436,-0.315,-0.351,-0.221,-0.304,-0.446,-0.522,0.295,-0.038,0.058,0.55,0.138,-0.3,-0.571,0.185,-0.205,-0.326,-0.196,0.154,0.53,0.445,-0.483,0.133,0.488,0.08,-0.54,-0.202,0.501,0.589,-0.299,-0.5,0.518,-0.431,0.459,0.644,0.321,0.447,-0.074,-0.199,0.543,-0.435,-0.321,-0.125,-0.305,0.584,-0.195,-0.009,-0.129,0.008,-0.365,-0.354,0.181,-0.383,0.578,0.186,0.33,-0.327,0.379,0.444,-0.318,0.389,-0.081,-0.281,-0.281,0.144,-0.074,-0.071,0.745,0.298,0.208,-0.261,-0.276,-0.449,-0.024,0.349,-0.484,0.688,-0.195,-0.471,0.718,0.705,-0.14,0.431,-0.286,-0.336,-0.189,-0.231,-0.514,0.513,0.481,0.551,-0.132,-0.049,-0.131,0.549,0.323,-0.422,-0.268,-0.102,0.543,0.349,-0.303,-0.166,0.453,-0.427,0.45,-0.396,-0.432,-0.325,0.141,-0.366,0.164,-0.142,-0.345,0.608,0.253,0.406,0.514,-0.058,-0.223,0.261,0.402,-0.352,0.399,0.623,-0.433,0.594,-0.598,-0.39,-0.319,-0.266,0.733,-0.32,-0.229,0.364,-0.199,0.444,-0.292,-0.364,0.538,0.117,-0.315,0.133,-0.047,0.52,-0.257,-0.375,-0.237,-0.157,0.579,-0.515,0.439,-0.269,-0.006,-0.353,0.526,-0.428
AGYS,0.057,0.019,0.495,-0.225,0.17,0.0,-0.321,-0.07,0.458,-0.128,0.335,0.303,0.053,0.631,-0.157,-0.06,0.383,0.588,0.149,0.302,0.344,-0.454,0.026,0.428,0.094,0.262,0.46,0.365,-0.102,0.367,-0.084,-0.223,0.705,0.465,-0.093,-0.378,-0.097,-0.23,0.087,0.173,-0.036,0.352,-0.14,0.364,0.042,0.123,-0.234,0.146,-0.16,-0.297,-0.146,-0.344,0.403,0.322,0.163,-0.107,-0.214,-0.355,-0.082,-0.27,-0.162,0.047,0.356,0.06,-0.375,0.359,0.355,0.278,-0.164,-0.129,0.089,0.311,-0.281,-0.367,0.431,-0.177,0.438,0.237,0.268,0.01,0.247,0.262,0.548,-0.267,0.294,0.284,-0.319,0.316,0.294,-0.088,0.054,0.568,-0.216,0.082,-0.047,-0.087,0.412,-0.344,0.054,-0.291,0.658,0.366,0.021,0.443,-0.249,-0.277,-0.135,0.079,-0.162,0.299,0.223,-0.034,0.477,0.397,-0.362,-0.022,0.202,0.149,-0.279,0.128,-0.145,-0.065,0.323,0.263,-0.022,-0.022,0.056,0.185,-0.022,-0.254,-0.232,0.35,0.24,0.215,0.118,-0.313,0.409,0.447,0.052,0.118,-0.137,-0.531,0.213,0.114,-0.05,-0.211,0.429,-0.097,0.344,-0.335,0.05,-0.29,-0.188,-0.218,-0.003,0.162,-0.111,0.387,-0.019,0.268,0.436,0.154,-0.099,0.423,0.568,-0.216,0.234,0.454,0.103,0.39,-0.086,-0.142,0.042,-0.08,0.489,-0.278,-0.302,0.384,0.374,0.433,-0.232,0.176,0.451,-0.036,0.069,0.122,0.189,0.281,-0.041,-0.181,-0.132,-0.343,0.276,-0.229,0.026,-0.091,-0.072,-0.064,0.303,-0.095
ALT,0.799,-0.137,0.099,0.841,-0.263,-0.321,0.0,0.672,-0.694,0.901,-0.849,-0.623,0.538,-0.596,0.845,0.831,-0.824,-0.513,-0.794,0.442,-0.83,0.791,0.501,-0.776,0.398,0.456,-0.776,-0.578,0.562,0.453,0.848,0.864,-0.2,-0.668,0.819,0.794,0.79,0.636,0.612,0.384,0.848,-0.454,0.812,-0.887,0.656,-0.032,0.92,0.724,0.783,0.804,-0.309,0.411,-0.095,-0.881,0.276,0.823,0.81,0.564,0.695,0.506,0.888,0.717,-0.894,-0.406,0.545,-0.202,-0.811,0.443,0.511,0.74,-0.399,-0.798,0.89,0.828,-0.737,0.878,-0.512,-0.401,0.09,0.096,0.519,0.204,-0.526,0.919,0.489,-0.157,0.923,-0.386,0.577,0.657,0.777,-0.672,0.882,0.597,0.1,0.842,-0.777,0.455,0.363,0.916,-0.567,-0.882,0.768,-0.586,0.655,0.842,0.897,-0.125,0.739,0.611,-0.422,0.515,-0.34,0.291,0.782,0.714,0.539,0.437,0.876,-0.058,0.896,0.751,-0.665,-0.598,0.638,0.368,0.712,0.605,0.752,0.727,0.75,-0.748,-0.608,-0.149,0.768,0.866,0.429,-0.838,0.375,0.591,0.873,0.324,-0.053,-0.007,0.889,0.831,-0.676,0.841,0.03,0.776,0.588,0.92,0.71,0.915,0.114,0.714,0.88,-0.855,0.199,-0.093,-0.876,-0.12,0.754,-0.841,-0.111,0.908,-0.103,-0.355,0.688,-0.831,0.715,0.763,0.818,0.681,-0.33,0.929,0.925,-0.916,0.371,-0.815,0.814,0.615,-0.416,0.636,0.763,0.64,0.418,-0.877,0.882,0.906,0.872,0.855,-0.69,0.738,0.135,0.885,0.79,0.517,-0.77,0.81
AMGN,0.748,-0.345,0.166,0.778,-0.619,-0.07,0.672,0.0,-0.404,0.78,-0.75,-0.702,0.403,-0.603,0.696,0.809,-0.635,-0.322,-0.818,0.454,-0.779,0.491,0.403,-0.535,0.04,0.278,-0.654,-0.665,0.573,0.653,0.652,0.538,-0.184,-0.532,0.614,0.478,0.597,0.342,0.561,0.438,0.585,-0.311,0.804,-0.731,0.683,0.218,0.657,0.723,0.751,0.727,-0.449,0.248,0.001,-0.781,0.187,0.704,0.862,0.169,0.476,0.417,0.658,0.327,-0.762,-0.503,0.53,-0.085,-0.711,0.291,0.631,0.483,-0.471,-0.759,0.678,0.715,-0.628,0.766,-0.456,-0.419,-0.125,-0.196,0.428,0.384,-0.528,0.785,0.655,0.072,0.65,-0.555,0.58,0.417,0.625,-0.317,0.697,0.658,-0.062,0.739,-0.704,-0.056,0.027,0.774,-0.348,-0.724,0.669,-0.431,0.339,0.683,0.694,-0.208,0.553,0.542,-0.59,0.119,-0.189,0.564,0.617,0.701,0.385,0.239,0.792,-0.435,0.631,0.78,-0.765,-0.69,0.5,0.118,0.633,0.685,0.569,0.518,0.736,-0.646,-0.596,-0.212,0.618,0.502,0.428,-0.714,0.028,0.711,0.685,0.039,-0.265,-0.194,0.72,0.571,-0.587,0.739,-0.127,0.699,0.682,0.726,0.35,0.762,0.06,0.555,0.779,-0.762,-0.004,-0.143,-0.729,-0.056,0.532,-0.53,-0.092,0.737,-0.186,-0.486,0.722,-0.768,0.803,0.662,0.711,0.581,-0.472,0.726,0.63,-0.702,0.418,-0.618,0.657,0.69,-0.46,0.345,0.655,0.357,0.32,-0.77,0.727,0.733,0.666,0.618,-0.669,0.733,-0.159,0.714,0.494,0.514,-0.709,0.696
AMPH,-0.43,0.206,0.171,-0.703,0.358,0.458,-0.694,-0.404,0.0,-0.601,0.797,0.674,-0.054,0.669,-0.666,-0.651,0.515,0.632,0.641,-0.01,0.759,-0.577,-0.296,0.646,-0.096,-0.058,0.778,0.642,-0.292,-0.136,-0.611,-0.62,0.276,0.451,-0.534,-0.574,-0.494,-0.575,-0.449,-0.157,-0.478,0.475,-0.649,0.688,-0.453,0.029,-0.634,-0.338,-0.565,-0.757,0.067,-0.319,0.264,0.681,0.015,-0.542,-0.576,-0.316,-0.445,-0.283,-0.558,-0.317,0.729,0.212,-0.693,0.29,0.645,-0.13,-0.53,-0.58,0.408,0.602,-0.707,-0.621,0.797,-0.6,0.741,0.508,-0.096,0.063,-0.234,-0.176,0.558,-0.658,-0.154,0.146,-0.72,0.481,-0.137,-0.28,-0.346,0.551,-0.727,-0.302,0.027,-0.588,0.755,-0.435,-0.173,-0.663,0.832,0.684,-0.436,0.625,-0.646,-0.678,-0.644,0.178,-0.587,-0.169,0.579,-0.242,0.587,0.176,-0.492,-0.652,-0.248,-0.041,-0.706,0.23,-0.644,-0.509,0.659,0.582,-0.305,0.07,-0.433,-0.394,-0.324,-0.525,-0.481,0.711,0.489,0.386,-0.328,-0.675,-0.061,0.789,-0.385,-0.381,-0.53,-0.594,0.363,0.084,-0.601,-0.671,0.623,-0.641,0.3,-0.714,-0.437,-0.68,-0.535,-0.643,-0.059,-0.337,-0.588,0.768,-0.106,0.447,0.766,-0.028,-0.49,0.632,0.531,-0.664,0.267,0.677,-0.519,0.748,-0.607,-0.48,-0.468,-0.434,0.572,-0.661,-0.761,0.701,-0.174,0.714,-0.55,-0.278,0.51,-0.433,-0.48,-0.199,-0.157,0.635,-0.582,-0.752,-0.643,-0.499,0.756,-0.421,-0.123,-0.614,-0.472,-0.208,0.678,-0.563
AMZN,0.922,-0.07,0.282,0.869,-0.365,-0.128,0.901,0.78,-0.601,0.0,-0.857,-0.578,0.64,-0.525,0.836,0.911,-0.786,-0.379,-0.854,0.624,-0.816,0.752,0.62,-0.657,0.406,0.604,-0.695,-0.547,0.694,0.586,0.937,0.846,-0.078,-0.617,0.926,0.765,0.89,0.637,0.684,0.53,0.92,-0.318,0.89,-0.862,0.796,0.114,0.911,0.852,0.861,0.858,-0.316,0.384,0.08,-0.879,0.42,0.836,0.893,0.489,0.711,0.548,0.847,0.754,-0.875,-0.525,0.564,-0.077,-0.796,0.525,0.604,0.753,-0.518,-0.809,0.913,0.866,-0.651,0.926,-0.386,-0.366,0.116,-0.023,0.633,0.312,-0.459,0.959,0.613,-0.054,0.913,-0.394,0.733,0.732,0.861,-0.553,0.92,0.689,0.097,0.945,-0.711,0.364,0.319,0.922,-0.41,-0.836,0.897,-0.567,0.595,0.812,0.907,-0.184,0.732,0.756,-0.459,0.491,-0.17,0.474,0.798,0.801,0.677,0.475,0.917,-0.104,0.945,0.834,-0.668,-0.613,0.688,0.32,0.836,0.709,0.814,0.717,0.83,-0.688,-0.555,-0.154,0.878,0.808,0.599,-0.789,0.306,0.693,0.937,0.247,-0.061,0.067,0.965,0.82,-0.598,0.932,0.126,0.771,0.751,0.933,0.645,0.952,0.217,0.81,0.958,-0.836,0.268,-0.097,-0.834,0.02,0.808,-0.77,0.037,0.948,0.051,-0.311,0.788,-0.825,0.823,0.842,0.901,0.779,-0.307,0.963,0.909,-0.888,0.527,-0.734,0.854,0.797,-0.31,0.665,0.869,0.73,0.484,-0.899,0.926,0.939,0.848,0.84,-0.723,0.841,0.07,0.913,0.812,0.639,-0.727,0.868
ANIP,-0.751,0.345,-0.046,-0.93,0.539,0.335,-0.849,-0.75,0.797,-0.857,0.0,0.831,-0.388,0.734,-0.838,-0.908,0.709,0.533,0.924,-0.402,0.944,-0.667,-0.514,0.793,-0.158,-0.233,0.854,0.783,-0.546,-0.513,-0.794,-0.748,0.222,0.59,-0.772,-0.72,-0.684,-0.504,-0.701,-0.419,-0.7,0.414,-0.93,0.884,-0.705,-0.165,-0.834,-0.683,-0.865,-0.926,0.268,-0.296,0.068,0.924,-0.046,-0.758,-0.89,-0.303,-0.591,-0.395,-0.771,-0.441,0.954,0.523,-0.757,0.161,0.892,-0.207,-0.73,-0.756,0.553,0.849,-0.846,-0.844,0.874,-0.856,0.696,0.584,0.071,0.242,-0.475,-0.394,0.626,-0.904,-0.547,0.056,-0.898,0.697,-0.488,-0.442,-0.635,0.511,-0.838,-0.662,0.141,-0.85,0.909,-0.292,-0.064,-0.85,0.706,0.862,-0.707,0.711,-0.56,-0.802,-0.823,0.332,-0.655,-0.434,0.74,-0.194,0.419,-0.262,-0.653,-0.861,-0.411,-0.165,-0.947,0.415,-0.804,-0.842,0.902,0.819,-0.523,-0.01,-0.716,-0.695,-0.589,-0.635,-0.797,0.834,0.682,0.469,-0.612,-0.749,-0.399,0.944,-0.221,-0.714,-0.791,-0.335,0.366,0.118,-0.854,-0.738,0.773,-0.881,0.2,-0.832,-0.68,-0.909,-0.563,-0.914,-0.053,-0.592,-0.867,0.957,-0.104,0.309,0.931,0.0,-0.726,0.743,0.316,-0.886,0.25,0.667,-0.791,0.937,-0.877,-0.788,-0.741,-0.67,0.597,-0.878,-0.874,0.887,-0.459,0.834,-0.758,-0.637,0.558,-0.402,-0.748,-0.419,-0.274,0.906,-0.822,-0.932,-0.817,-0.73,0.903,-0.768,-0.084,-0.867,-0.643,-0.548,0.852,-0.851
AOSL,-0.53,0.637,0.109,-0.818,0.613,0.303,-0.623,-0.702,0.674,-0.578,0.831,0.0,-0.153,0.78,-0.741,-0.771,0.634,0.479,0.815,-0.17,0.902,-0.487,-0.216,0.807,-0.094,0.016,0.879,0.952,-0.242,-0.406,-0.45,-0.538,0.327,0.447,-0.434,-0.386,-0.343,-0.175,-0.569,-0.158,-0.417,0.555,-0.751,0.781,-0.406,-0.059,-0.618,-0.526,-0.668,-0.686,0.475,-0.138,0.286,0.836,0.359,-0.696,-0.682,-0.096,-0.465,-0.369,-0.608,-0.115,0.825,0.299,-0.571,0.334,0.8,0.005,-0.564,-0.524,0.375,0.843,-0.63,-0.664,0.913,-0.731,0.823,0.676,0.405,0.241,-0.167,-0.307,0.709,-0.719,-0.531,-0.216,-0.683,0.688,-0.307,-0.034,-0.405,0.357,-0.632,-0.594,0.117,-0.567,0.946,-0.127,0.019,-0.674,0.662,0.779,-0.45,0.544,-0.428,-0.742,-0.671,0.169,-0.393,-0.232,0.758,0.029,0.616,-0.231,-0.501,-0.719,-0.151,0.099,-0.774,0.511,-0.526,-0.684,0.908,0.882,-0.468,0.079,-0.402,-0.692,-0.267,-0.579,-0.631,0.883,0.859,0.425,-0.393,-0.517,-0.135,0.905,-0.124,-0.615,-0.538,-0.186,0.439,0.529,-0.576,-0.524,0.725,-0.625,0.538,-0.653,-0.383,-0.668,-0.437,-0.68,0.316,-0.455,-0.633,0.87,0.331,0.18,0.844,0.291,-0.47,0.613,0.463,-0.703,0.642,0.729,-0.746,0.885,-0.722,-0.551,-0.603,-0.321,0.577,-0.626,-0.612,0.717,-0.294,0.784,-0.529,-0.396,0.766,-0.141,-0.542,-0.078,-0.194,0.772,-0.655,-0.688,-0.703,-0.511,0.769,-0.522,0.066,-0.703,-0.396,-0.317,0.894,-0.706
APDN,0.749,0.144,0.523,0.505,-0.066,0.053,0.538,0.403,-0.054,0.64,-0.388,-0.153,0.0,-0.023,0.399,0.553,-0.535,0.175,-0.506,0.816,-0.345,0.454,0.679,-0.417,0.585,0.748,-0.169,-0.165,0.537,0.468,0.568,0.52,0.131,-0.35,0.749,0.565,0.672,0.104,0.588,0.516,0.728,0.107,0.561,-0.48,0.481,0.299,0.607,0.729,0.67,0.439,-0.219,0.246,0.408,-0.535,0.329,0.534,0.534,0.308,0.497,0.563,0.549,0.669,-0.503,-0.595,0.127,0.116,-0.427,0.304,0.339,0.599,-0.379,-0.554,0.491,0.627,-0.136,0.664,0.188,-0.217,-0.129,-0.111,0.578,0.248,-0.042,0.615,0.623,0.142,0.588,-0.172,0.672,0.731,0.619,-0.166,0.478,0.705,0.1,0.652,-0.254,0.12,0.196,0.47,0.168,-0.423,0.731,-0.369,0.064,0.391,0.493,-0.099,0.186,0.694,-0.153,0.332,0.334,0.571,0.55,0.459,0.628,0.389,0.583,0.064,0.61,0.624,-0.32,-0.397,0.647,0.36,0.659,0.516,0.798,0.478,0.684,-0.245,-0.302,-0.067,0.754,0.378,0.72,-0.347,-0.078,0.555,0.746,-0.204,0.118,0.179,0.652,0.318,-0.202,0.626,0.333,0.177,0.411,0.628,0.326,0.638,0.197,0.705,0.644,-0.414,0.265,0.397,-0.396,0.023,0.766,-0.468,0.543,0.62,0.27,0.207,0.565,-0.447,0.517,0.775,0.664,0.662,0.177,0.635,0.461,-0.497,0.578,-0.305,0.512,0.755,0.116,0.291,0.771,0.825,0.416,-0.612,0.596,0.468,0.438,0.649,-0.308,0.725,0.131,0.643,0.627,0.817,-0.301,0.709
APLT,-0.369,0.349,0.282,-0.665,0.595,0.631,-0.596,-0.603,0.669,-0.525,0.734,0.78,-0.023,0.0,-0.599,-0.587,0.636,0.644,0.676,0.064,0.802,-0.564,-0.102,0.65,0.023,0.075,0.816,0.787,-0.322,-0.164,-0.396,-0.5,0.579,0.517,-0.369,-0.395,-0.387,-0.315,-0.318,-0.07,-0.338,0.569,-0.632,0.71,-0.336,0.034,-0.557,-0.31,-0.513,-0.658,0.279,-0.308,0.368,0.728,0.164,-0.569,-0.649,-0.314,-0.42,-0.413,-0.523,-0.058,0.712,0.222,-0.583,0.335,0.762,0.026,-0.47,-0.397,0.281,0.708,-0.629,-0.635,0.811,-0.595,0.695,0.57,0.307,0.118,0.044,-0.083,0.823,-0.663,-0.193,-0.027,-0.618,0.584,-0.139,-0.098,-0.328,0.582,-0.593,-0.337,-0.007,-0.512,0.817,-0.263,0.029,-0.67,0.723,0.737,-0.338,0.525,-0.441,-0.683,-0.548,0.202,-0.47,-0.077,0.643,-0.022,0.611,-0.04,-0.577,-0.516,-0.02,0.096,-0.667,0.423,-0.439,-0.518,0.765,0.681,-0.373,0.061,-0.28,-0.406,-0.234,-0.565,-0.581,0.772,0.696,0.307,-0.246,-0.493,0.061,0.816,-0.091,-0.38,-0.483,-0.414,0.368,0.385,-0.451,-0.509,0.669,-0.477,0.459,-0.729,-0.37,-0.603,-0.381,-0.585,0.137,-0.236,-0.538,0.771,0.211,0.25,0.763,0.235,-0.314,0.621,0.596,-0.596,0.453,0.728,-0.427,0.758,-0.582,-0.466,-0.439,-0.288,0.72,-0.575,-0.591,0.694,0.017,0.741,-0.501,-0.242,0.726,-0.212,-0.3,0.001,0.004,0.649,-0.502,-0.599,-0.544,-0.494,0.644,-0.526,0.167,-0.489,-0.35,-0.234,0.76,-0.521
APVO,0.705,-0.244,-0.059,0.872,-0.34,-0.157,0.845,0.696,-0.666,0.836,-0.838,-0.741,0.399,-0.599,0.0,0.867,-0.861,-0.597,-0.784,0.425,-0.89,0.787,0.288,-0.74,0.426,0.431,-0.888,-0.697,0.369,0.447,0.776,0.879,-0.214,-0.642,0.694,0.594,0.687,0.582,0.482,0.146,0.813,-0.683,0.765,-0.923,0.485,-0.228,0.911,0.758,0.679,0.693,-0.556,0.405,-0.321,-0.896,0.138,0.936,0.759,0.561,0.809,0.5,0.822,0.636,-0.867,-0.166,0.44,-0.256,-0.869,0.538,0.393,0.721,-0.227,-0.829,0.906,0.774,-0.828,0.874,-0.669,-0.463,0.033,0.17,0.352,0.085,-0.646,0.89,0.459,0.056,0.879,-0.308,0.583,0.447,0.771,-0.649,0.88,0.52,0.233,0.735,-0.862,0.42,0.448,0.88,-0.596,-0.921,0.79,-0.354,0.779,0.888,0.96,0.024,0.736,0.638,-0.422,0.532,-0.531,0.304,0.784,0.706,0.398,0.245,0.827,-0.02,0.839,0.644,-0.682,-0.618,0.734,0.374,0.557,0.698,0.497,0.809,0.676,-0.89,-0.777,-0.069,0.756,0.873,0.307,-0.871,0.534,0.6,0.828,0.174,0.066,-0.351,0.842,0.85,-0.732,0.747,-0.226,0.805,0.486,0.865,0.782,0.856,-0.143,0.774,0.795,-0.846,-0.134,-0.015,-0.894,-0.343,0.572,-0.845,-0.256,0.914,-0.387,-0.34,0.719,-0.833,0.656,0.644,0.869,0.431,-0.324,0.848,0.879,-0.909,0.286,-0.881,0.844,0.489,-0.603,0.659,0.686,0.501,0.476,-0.842,0.919,0.856,0.948,0.748,-0.634,0.642,-0.072,0.87,0.77,0.333,-0.91,0.81
ARGX,0.87,-0.304,0.224,0.927,-0.501,-0.06,0.831,0.809,-0.651,0.911,-0.908,-0.771,0.553,-0.587,0.867,0.0,-0.722,-0.344,-0.929,0.588,-0.895,0.646,0.557,-0.707,0.328,0.478,-0.767,-0.719,0.594,0.656,0.844,0.773,0.002,-0.521,0.835,0.635,0.73,0.423,0.773,0.481,0.791,-0.358,0.946,-0.855,0.721,0.192,0.859,0.869,0.891,0.884,-0.417,0.279,0.066,-0.91,0.147,0.855,0.891,0.29,0.7,0.471,0.808,0.555,-0.901,-0.512,0.633,-0.078,-0.844,0.352,0.698,0.778,-0.517,-0.87,0.856,0.834,-0.782,0.918,-0.529,-0.559,-0.042,-0.173,0.541,0.452,-0.498,0.919,0.718,0.147,0.873,-0.57,0.668,0.517,0.725,-0.392,0.865,0.782,-0.045,0.892,-0.835,0.226,0.169,0.857,-0.465,-0.828,0.844,-0.591,0.534,0.813,0.875,-0.242,0.621,0.645,-0.66,0.267,-0.282,0.484,0.676,0.896,0.526,0.22,0.945,-0.317,0.852,0.867,-0.821,-0.801,0.676,0.117,0.766,0.847,0.695,0.682,0.837,-0.798,-0.718,-0.312,0.774,0.721,0.568,-0.862,0.252,0.808,0.866,0.117,-0.218,-0.136,0.914,0.737,-0.629,0.916,-0.114,0.757,0.732,0.906,0.616,0.927,-0.025,0.793,0.896,-0.896,0.051,-0.074,-0.857,-0.036,0.776,-0.706,-0.067,0.93,-0.207,-0.479,0.909,-0.887,0.904,0.85,0.879,0.684,-0.376,0.897,0.847,-0.842,0.615,-0.749,0.782,0.775,-0.449,0.479,0.875,0.573,0.441,-0.903,0.915,0.913,0.854,0.711,-0.801,0.799,0.061,0.926,0.751,0.627,-0.831,0.933
ARLP,-0.66,0.097,0.09,-0.774,0.292,0.383,-0.824,-0.635,0.515,-0.786,0.709,0.634,-0.535,0.636,-0.861,-0.722,0.0,0.604,0.684,-0.406,0.802,-0.894,-0.246,0.761,-0.568,-0.501,0.829,0.647,-0.361,-0.285,-0.665,-0.86,0.453,0.737,-0.65,-0.597,-0.685,-0.486,-0.339,-0.051,-0.82,0.715,-0.647,0.93,-0.358,0.32,-0.903,-0.678,-0.603,-0.575,0.577,-0.546,0.406,0.883,-0.164,-0.913,-0.701,-0.742,-0.795,-0.718,-0.815,-0.652,0.83,0.16,-0.258,0.386,0.849,-0.437,-0.217,-0.61,0.134,0.859,-0.866,-0.839,0.719,-0.867,0.516,0.425,0.184,-0.227,-0.219,0.156,0.73,-0.884,-0.357,-0.077,-0.856,0.191,-0.578,-0.535,-0.777,0.795,-0.818,-0.459,-0.44,-0.661,0.776,-0.509,-0.495,-0.864,0.475,0.929,-0.759,0.335,-0.68,-0.858,-0.881,-0.151,-0.59,-0.615,0.239,-0.606,0.489,-0.326,-0.936,-0.498,-0.362,-0.294,-0.763,-0.131,-0.777,-0.563,0.578,0.551,-0.839,-0.526,-0.461,-0.544,-0.525,-0.886,-0.701,0.837,0.78,-0.071,-0.772,-0.805,-0.208,0.818,-0.383,-0.458,-0.835,-0.204,-0.208,0.39,-0.736,-0.774,0.724,-0.633,0.185,-0.707,-0.312,-0.823,-0.739,-0.791,0.127,-0.748,-0.741,0.785,0.196,-0.159,0.867,0.522,-0.533,0.931,0.172,-0.883,0.329,0.189,-0.561,0.802,-0.512,-0.624,-0.83,-0.385,0.222,-0.819,-0.8,0.927,-0.074,0.896,-0.819,-0.434,0.611,-0.653,-0.616,-0.569,-0.468,0.847,-0.833,-0.721,-0.845,-0.845,0.472,-0.694,0.174,-0.779,-0.755,-0.377,0.856,-0.744
ATEX,-0.079,-0.015,0.646,-0.471,0.195,0.588,-0.513,-0.322,0.632,-0.379,0.533,0.479,0.175,0.644,-0.597,-0.344,0.604,0.0,0.306,0.161,0.591,-0.709,0.257,0.415,-0.087,0.086,0.748,0.485,-0.085,0.114,-0.381,-0.549,0.624,0.639,-0.195,-0.381,-0.233,-0.59,0.132,0.353,-0.305,0.781,-0.277,0.634,-0.079,0.554,-0.523,-0.129,-0.19,-0.392,0.145,-0.588,0.741,0.497,-0.045,-0.5,-0.372,-0.64,-0.44,-0.27,-0.429,-0.196,0.52,-0.243,-0.416,0.491,0.571,-0.123,-0.065,-0.242,-0.135,0.4,-0.59,-0.479,0.643,-0.354,0.706,0.274,-0.006,-0.289,0.139,0.357,0.75,-0.47,0.253,0.22,-0.511,0.151,0.036,-0.116,-0.276,0.818,-0.555,0.155,-0.363,-0.213,0.615,-0.556,-0.275,-0.585,0.79,0.626,-0.262,0.187,-0.764,-0.59,-0.556,-0.143,-0.588,-0.003,0.141,-0.408,0.785,0.272,-0.571,-0.201,0.155,0.009,-0.412,-0.076,-0.399,-0.093,0.381,0.212,-0.3,-0.164,0.013,-0.052,0.045,-0.522,-0.283,0.657,0.425,-0.008,-0.176,-0.681,0.38,0.617,-0.518,-0.033,-0.363,-0.569,-0.143,0.348,-0.304,-0.667,0.738,-0.249,0.341,-0.736,-0.147,-0.479,-0.582,-0.397,0.054,-0.161,-0.284,0.521,0.178,0.29,0.638,0.39,-0.008,0.605,0.725,-0.489,0.415,0.454,-0.093,0.494,-0.169,-0.114,-0.278,0.018,0.421,-0.455,-0.599,0.643,0.388,0.724,-0.616,0.149,0.723,-0.538,-0.03,0.001,-0.129,0.397,-0.393,-0.463,-0.547,-0.433,0.312,-0.24,0.172,-0.32,-0.322,0.207,0.62,-0.223
ATRA,-0.844,0.454,-0.226,-0.905,0.602,0.149,-0.794,-0.818,0.641,-0.854,0.924,0.815,-0.506,0.676,-0.784,-0.929,0.684,0.306,0.0,-0.524,0.901,-0.546,-0.554,0.764,-0.208,-0.325,0.752,0.767,-0.581,-0.658,-0.729,-0.692,0.116,0.459,-0.762,-0.59,-0.705,-0.321,-0.809,-0.558,-0.711,0.313,-0.968,0.826,-0.725,-0.272,-0.798,-0.772,-0.896,-0.866,0.408,-0.142,-0.089,0.912,-0.027,-0.774,-0.917,-0.177,-0.586,-0.412,-0.785,-0.408,0.908,0.605,-0.62,0.067,0.857,-0.251,-0.71,-0.693,0.575,0.877,-0.764,-0.804,0.785,-0.877,0.537,0.594,0.132,0.309,-0.49,-0.517,0.54,-0.894,-0.742,-0.143,-0.836,0.698,-0.649,-0.435,-0.679,0.37,-0.774,-0.803,0.187,-0.888,0.848,-0.124,-0.018,-0.809,0.462,0.823,-0.72,0.659,-0.374,-0.759,-0.783,0.394,-0.546,-0.55,0.768,-0.095,0.226,-0.513,-0.608,-0.877,-0.471,-0.196,-0.924,0.469,-0.74,-0.93,0.894,0.862,-0.589,-0.023,-0.775,-0.812,-0.669,-0.628,-0.851,0.788,0.736,0.44,-0.689,-0.598,-0.575,0.876,-0.093,-0.824,-0.808,-0.106,0.371,0.161,-0.855,-0.622,0.655,-0.875,0.132,-0.74,-0.678,-0.851,-0.453,-0.895,0.019,-0.675,-0.896,0.913,-0.018,0.149,0.851,0.014,-0.756,0.678,0.099,-0.864,0.22,0.556,-0.88,0.902,-0.929,-0.84,-0.816,-0.71,0.506,-0.823,-0.762,0.824,-0.567,0.754,-0.658,-0.779,0.488,-0.335,-0.832,-0.487,-0.299,0.921,-0.845,-0.879,-0.786,-0.707,0.874,-0.824,-0.017,-0.877,-0.66,-0.676,0.823,-0.893
AUTL,0.727,0.057,0.443,0.47,-0.152,0.302,0.442,0.454,-0.01,0.624,-0.402,-0.17,0.816,0.064,0.425,0.588,-0.406,0.161,-0.524,0.0,-0.33,0.342,0.578,-0.256,0.412,0.701,-0.139,-0.177,0.558,0.505,0.541,0.418,0.217,-0.266,0.705,0.449,0.567,0.11,0.585,0.539,0.662,0.147,0.581,-0.412,0.516,0.301,0.526,0.766,0.642,0.434,-0.26,0.175,0.427,-0.473,0.406,0.52,0.543,0.163,0.446,0.462,0.49,0.535,-0.443,-0.551,0.203,0.203,-0.384,0.341,0.374,0.548,-0.383,-0.485,0.426,0.524,-0.09,0.571,0.127,-0.147,-0.047,-0.254,0.512,0.362,-0.033,0.551,0.672,0.274,0.486,-0.212,0.669,0.527,0.6,-0.08,0.412,0.623,0.026,0.645,-0.236,-0.019,0.04,0.42,0.195,-0.348,0.726,-0.22,0.031,0.267,0.473,-0.084,0.229,0.703,-0.216,0.199,0.376,0.666,0.435,0.509,0.539,0.363,0.537,-0.078,0.533,0.621,-0.347,-0.372,0.589,0.201,0.65,0.606,0.674,0.418,0.725,-0.219,-0.267,-0.091,0.734,0.34,0.794,-0.309,-0.076,0.642,0.66,-0.291,0.133,0.133,0.63,0.262,-0.172,0.607,0.375,0.274,0.501,0.559,0.247,0.592,0.159,0.709,0.609,-0.37,0.213,0.201,-0.34,0.141,0.624,-0.297,0.505,0.59,0.22,0.15,0.65,-0.402,0.575,0.677,0.664,0.651,0.137,0.559,0.381,-0.424,0.61,-0.238,0.521,0.767,0.033,0.275,0.73,0.727,0.405,-0.556,0.588,0.45,0.42,0.542,-0.316,0.724,-0.001,0.622,0.576,0.726,-0.281,0.668
AVDL,-0.705,0.401,0.043,-0.939,0.579,0.344,-0.83,-0.779,0.759,-0.816,0.944,0.902,-0.345,0.802,-0.89,-0.895,0.802,0.591,0.901,-0.33,0.0,-0.728,-0.361,0.832,-0.25,-0.235,0.938,0.865,-0.437,-0.44,-0.711,-0.768,0.331,0.65,-0.681,-0.614,-0.638,-0.45,-0.601,-0.255,-0.688,0.587,-0.873,0.937,-0.563,-0.009,-0.839,-0.69,-0.794,-0.835,0.422,-0.351,0.242,0.957,0.052,-0.84,-0.847,-0.372,-0.682,-0.506,-0.801,-0.422,0.95,0.37,-0.651,0.307,0.918,-0.247,-0.603,-0.688,0.426,0.915,-0.858,-0.844,0.936,-0.878,0.756,0.629,0.174,0.12,-0.336,-0.241,0.745,-0.911,-0.523,-0.069,-0.884,0.605,-0.483,-0.351,-0.637,0.561,-0.847,-0.622,-0.021,-0.765,0.968,-0.328,-0.15,-0.866,0.711,0.924,-0.694,0.603,-0.627,-0.871,-0.865,0.166,-0.632,-0.435,0.698,-0.246,0.55,-0.27,-0.72,-0.806,-0.346,-0.085,-0.918,0.341,-0.763,-0.772,0.898,0.827,-0.611,-0.104,-0.59,-0.696,-0.496,-0.738,-0.775,0.933,0.824,0.354,-0.612,-0.755,-0.276,0.974,-0.271,-0.658,-0.781,-0.284,0.278,0.338,-0.796,-0.755,0.813,-0.805,0.344,-0.824,-0.568,-0.874,-0.61,-0.874,0.113,-0.626,-0.815,0.961,0.122,0.18,0.961,0.209,-0.633,0.804,0.397,-0.893,0.428,0.628,-0.777,0.947,-0.805,-0.727,-0.775,-0.513,0.57,-0.849,-0.847,0.905,-0.338,0.897,-0.772,-0.538,0.682,-0.439,-0.692,-0.354,-0.335,0.907,-0.837,-0.876,-0.865,-0.726,0.812,-0.719,0.063,-0.848,-0.639,-0.454,0.943,-0.842
BCRX,0.554,0.136,-0.169,0.716,-0.134,-0.454,0.791,0.491,-0.577,0.752,-0.667,-0.487,0.454,-0.564,0.787,0.646,-0.894,-0.709,-0.546,0.342,-0.728,0.0,0.185,-0.634,0.554,0.472,-0.772,-0.512,0.383,0.147,0.714,0.87,-0.415,-0.745,0.664,0.679,0.678,0.639,0.243,-0.007,0.784,-0.669,0.554,-0.868,0.346,-0.383,0.869,0.57,0.552,0.586,-0.258,0.737,-0.416,-0.768,0.275,0.808,0.619,0.827,0.77,0.639,0.767,0.676,-0.755,-0.062,0.373,-0.406,-0.755,0.379,0.215,0.569,-0.046,-0.71,0.863,0.799,-0.658,0.75,-0.482,-0.311,-0.01,0.289,0.217,-0.222,-0.678,0.814,0.163,-0.044,0.841,-0.117,0.449,0.578,0.678,-0.844,0.826,0.28,0.499,0.594,-0.685,0.7,0.487,0.807,-0.568,-0.829,0.717,-0.373,0.771,0.808,0.83,0.119,0.651,0.46,-0.153,0.685,-0.52,0.126,0.9,0.441,0.356,0.326,0.71,0.248,0.783,0.44,-0.459,-0.387,0.74,0.491,0.401,0.361,0.461,0.836,0.638,-0.741,-0.575,0.072,0.664,0.893,0.084,-0.748,0.513,0.313,0.795,0.421,0.284,-0.186,0.687,0.846,-0.716,0.608,-0.12,0.758,0.365,0.81,0.81,0.742,0.04,0.643,0.665,-0.699,-0.004,0.055,-0.804,-0.388,0.509,-0.879,-0.267,0.85,-0.159,-0.192,0.432,-0.696,0.423,0.574,0.698,0.367,-0.165,0.815,0.846,-0.886,0.032,-0.831,0.856,0.304,-0.503,0.764,0.52,0.579,0.401,-0.721,0.759,0.712,0.805,0.812,-0.417,0.613,-0.024,0.705,0.729,0.298,-0.74,0.633
BHAT,0.717,-0.002,0.59,0.502,-0.25,0.026,0.501,0.403,-0.296,0.62,-0.514,-0.216,0.679,-0.102,0.288,0.557,-0.246,0.257,-0.554,0.578,-0.361,0.185,0.0,-0.373,0.158,0.436,-0.139,-0.163,0.615,0.458,0.625,0.343,0.24,-0.28,0.769,0.662,0.626,0.205,0.737,0.721,0.574,0.354,0.647,-0.366,0.679,0.66,0.442,0.563,0.71,0.658,0.072,-0.003,0.629,-0.478,0.298,0.276,0.575,-0.042,0.241,0.281,0.404,0.517,-0.515,-0.838,0.462,0.318,-0.364,0.138,0.687,0.626,-0.776,-0.467,0.436,0.554,-0.21,0.582,0.061,-0.276,0.076,-0.427,0.73,0.532,0.115,0.542,0.609,-0.183,0.537,-0.454,0.467,0.659,0.438,0.048,0.45,0.729,-0.325,0.696,-0.271,-0.028,-0.049,0.426,-0.059,-0.311,0.613,-0.645,0.001,0.282,0.362,-0.321,0.249,0.486,-0.458,0.075,0.372,0.327,0.283,0.63,0.653,0.291,0.617,-0.288,0.594,0.705,-0.462,-0.508,0.231,-0.047,0.803,0.475,0.814,0.174,0.563,-0.136,-0.096,-0.431,0.539,0.287,0.729,-0.359,-0.223,0.577,0.586,0.03,-0.423,0.478,0.655,0.267,-0.129,0.739,0.297,0.167,0.646,0.593,0.102,0.618,0.377,0.446,0.649,-0.487,0.571,-0.114,-0.389,0.484,0.845,-0.303,0.376,0.502,0.371,-0.164,0.616,-0.484,0.679,0.748,0.467,0.809,-0.198,0.615,0.466,-0.376,0.757,-0.189,0.368,0.789,0.239,0.082,0.781,0.584,0.32,-0.573,0.45,0.567,0.304,0.443,-0.612,0.633,0.303,0.59,0.417,0.785,-0.185,0.646
BLBD,-0.65,0.477,-0.065,-0.791,0.324,0.428,-0.776,-0.535,0.646,-0.657,0.793,0.807,-0.417,0.65,-0.74,-0.707,0.761,0.415,0.764,-0.256,0.832,-0.634,-0.373,0.0,-0.389,-0.221,0.81,0.784,-0.301,-0.359,-0.543,-0.714,0.301,0.49,-0.58,-0.562,-0.534,-0.28,-0.612,-0.272,-0.631,0.513,-0.712,0.823,-0.419,0.018,-0.771,-0.567,-0.687,-0.634,0.431,-0.14,0.19,0.859,0.242,-0.734,-0.647,-0.324,-0.507,-0.46,-0.763,-0.434,0.861,0.365,-0.41,0.333,0.781,-0.182,-0.422,-0.622,0.394,0.844,-0.684,-0.712,0.823,-0.812,0.668,0.519,0.291,0.077,-0.328,-0.209,0.563,-0.798,-0.533,-0.066,-0.823,0.527,-0.475,-0.332,-0.581,0.529,-0.681,-0.648,0.019,-0.652,0.852,-0.329,-0.232,-0.728,0.571,0.844,-0.53,0.615,-0.463,-0.773,-0.744,0.13,-0.406,-0.41,0.535,-0.254,0.482,-0.254,-0.625,-0.665,-0.4,-0.195,-0.793,0.189,-0.69,-0.711,0.745,0.754,-0.577,-0.268,-0.543,-0.613,-0.498,-0.67,-0.639,0.824,0.789,0.311,-0.588,-0.651,-0.258,0.871,-0.189,-0.557,-0.679,-0.204,0.225,0.299,-0.687,-0.609,0.721,-0.665,0.284,-0.542,-0.272,-0.755,-0.577,-0.78,0.167,-0.601,-0.732,0.842,0.118,-0.03,0.856,0.318,-0.648,0.785,0.217,-0.772,0.409,0.425,-0.685,0.855,-0.623,-0.648,-0.699,-0.476,0.339,-0.734,-0.722,0.816,-0.297,0.807,-0.572,-0.465,0.551,-0.299,-0.658,-0.42,-0.253,0.848,-0.741,-0.726,-0.774,-0.748,0.719,-0.569,-0.092,-0.802,-0.59,-0.462,0.831,-0.756
BMRN,0.429,0.279,0.269,0.315,0.262,0.094,0.398,0.04,-0.096,0.406,-0.158,-0.094,0.585,0.023,0.426,0.328,-0.568,-0.087,-0.208,0.412,-0.25,0.554,0.158,-0.389,0.0,0.732,-0.251,-0.115,0.117,0.144,0.366,0.615,0.049,-0.244,0.441,0.254,0.493,0.195,0.224,0.002,0.66,-0.329,0.214,-0.423,0.073,-0.362,0.561,0.442,0.21,0.114,-0.284,0.327,-0.101,-0.362,0.147,0.573,0.17,0.596,0.621,0.53,0.518,0.68,-0.301,0.065,-0.212,-0.17,-0.316,0.419,-0.184,0.405,0.119,-0.378,0.48,0.399,-0.17,0.498,0.09,-0.136,-0.058,0.372,0.209,-0.207,-0.137,0.444,0.203,0.247,0.507,0.293,0.528,0.451,0.573,-0.405,0.442,0.287,0.571,0.315,-0.202,0.592,0.623,0.377,0.106,-0.408,0.543,-0.012,0.384,0.467,0.515,0.265,0.18,0.581,0.217,0.645,-0.084,0.245,0.536,0.178,0.457,0.362,0.3,0.573,0.503,0.199,-0.0,-0.093,0.74,0.558,0.243,0.321,0.366,0.638,0.318,-0.343,-0.378,0.308,0.647,0.474,0.281,-0.259,0.427,0.174,0.58,-0.032,0.501,-0.147,0.421,0.435,-0.162,0.294,0.128,0.131,-0.018,0.405,0.6,0.376,-0.047,0.685,0.393,-0.223,-0.141,0.598,-0.296,-0.41,0.393,-0.56,0.305,0.505,0.058,0.375,0.308,-0.252,0.089,0.388,0.58,0.169,0.474,0.417,0.425,-0.44,0.145,-0.389,0.414,0.271,-0.024,0.562,0.48,0.697,0.482,-0.358,0.522,0.313,0.479,0.485,0.003,0.287,0.06,0.47,0.617,0.226,-0.34,0.461
BNGO,0.653,0.347,0.453,0.336,0.077,0.262,0.456,0.278,-0.058,0.604,-0.233,0.016,0.748,0.075,0.431,0.478,-0.501,0.086,-0.325,0.701,-0.235,0.472,0.436,-0.221,0.732,0.0,-0.128,-0.012,0.465,0.331,0.556,0.525,0.232,-0.237,0.659,0.347,0.641,0.298,0.363,0.334,0.75,-0.059,0.397,-0.389,0.367,-0.022,0.576,0.658,0.398,0.292,-0.315,0.294,0.235,-0.389,0.561,0.577,0.365,0.484,0.58,0.595,0.503,0.763,-0.332,-0.267,-0.056,0.162,-0.27,0.592,0.074,0.497,-0.21,-0.399,0.527,0.461,-0.034,0.568,0.237,-0.047,0.136,0.166,0.431,0.036,-0.039,0.529,0.413,0.237,0.487,0.195,0.717,0.657,0.672,-0.279,0.514,0.428,0.442,0.574,-0.11,0.269,0.483,0.453,0.248,-0.393,0.766,-0.031,0.279,0.349,0.536,0.157,0.297,0.837,0.107,0.587,0.256,0.521,0.598,0.326,0.628,0.504,0.409,0.375,0.612,0.381,-0.049,-0.124,0.692,0.506,0.527,0.455,0.658,0.563,0.509,-0.197,-0.23,0.312,0.803,0.423,0.633,-0.207,0.21,0.365,0.685,-0.079,0.424,0.123,0.593,0.394,-0.042,0.495,0.409,0.216,0.317,0.489,0.434,0.496,0.172,0.779,0.549,-0.259,0.174,0.421,-0.271,-0.041,0.507,-0.436,0.522,0.557,0.316,0.396,0.437,-0.283,0.332,0.55,0.699,0.519,0.358,0.529,0.434,-0.426,0.373,-0.254,0.505,0.621,0.122,0.579,0.648,0.845,0.539,-0.453,0.591,0.399,0.43,0.537,-0.09,0.54,-0.056,0.538,0.678,0.496,-0.235,0.556
BUSE,-0.515,0.376,0.281,-0.835,0.496,0.46,-0.776,-0.654,0.778,-0.695,0.854,0.879,-0.169,0.816,-0.888,-0.767,0.829,0.748,0.752,-0.139,0.938,-0.772,-0.139,0.81,-0.251,-0.128,0.0,0.858,-0.24,-0.226,-0.606,-0.758,0.485,0.664,-0.518,-0.535,-0.513,-0.489,-0.373,0.014,-0.601,0.785,-0.704,0.92,-0.36,0.246,-0.792,-0.534,-0.608,-0.695,0.459,-0.428,0.511,0.893,0.11,-0.82,-0.698,-0.489,-0.678,-0.499,-0.723,-0.366,0.88,0.116,-0.541,0.461,0.88,-0.243,-0.411,-0.583,0.222,0.851,-0.823,-0.766,0.953,-0.785,0.859,0.588,0.174,-0.059,-0.128,0.011,0.838,-0.822,-0.292,-0.022,-0.814,0.451,-0.337,-0.235,-0.551,0.692,-0.805,-0.399,-0.193,-0.598,0.964,-0.457,-0.266,-0.812,0.81,0.921,-0.582,0.46,-0.733,-0.87,-0.835,-0.028,-0.61,-0.329,0.552,-0.335,0.758,-0.095,-0.736,-0.63,-0.189,-0.021,-0.793,0.187,-0.686,-0.564,0.784,0.708,-0.588,-0.173,-0.384,-0.548,-0.298,-0.766,-0.625,0.963,0.839,0.226,-0.504,-0.779,-0.016,0.954,-0.397,-0.462,-0.669,-0.381,0.148,0.492,-0.661,-0.768,0.832,-0.64,0.481,-0.813,-0.365,-0.776,-0.67,-0.748,0.236,-0.542,-0.673,0.9,0.271,0.196,0.945,0.399,-0.447,0.839,0.576,-0.822,0.573,0.603,-0.613,0.891,-0.606,-0.535,-0.68,-0.296,0.544,-0.755,-0.801,0.887,-0.087,0.942,-0.743,-0.285,0.809,-0.489,-0.504,-0.218,-0.309,0.809,-0.753,-0.772,-0.838,-0.669,0.683,-0.556,0.144,-0.733,-0.567,-0.21,0.956,-0.692
CAKE,-0.496,0.589,0.143,-0.781,0.618,0.365,-0.578,-0.665,0.642,-0.547,0.783,0.952,-0.165,0.787,-0.697,-0.719,0.647,0.485,0.767,-0.177,0.865,-0.512,-0.163,0.784,-0.115,-0.012,0.858,0.0,-0.223,-0.307,-0.39,-0.509,0.428,0.422,-0.409,-0.335,-0.326,-0.152,-0.505,-0.127,-0.386,0.566,-0.701,0.757,-0.366,-0.031,-0.586,-0.493,-0.636,-0.633,0.475,-0.15,0.322,0.807,0.357,-0.685,-0.639,-0.125,-0.416,-0.483,-0.563,-0.077,0.785,0.264,-0.533,0.405,0.758,0.023,-0.514,-0.475,0.358,0.841,-0.596,-0.659,0.869,-0.705,0.814,0.614,0.517,0.242,-0.076,-0.239,0.768,-0.703,-0.478,-0.319,-0.659,0.64,-0.269,0.006,-0.37,0.388,-0.605,-0.539,0.019,-0.536,0.908,-0.146,0.037,-0.639,0.635,0.755,-0.412,0.515,-0.4,-0.711,-0.63,0.12,-0.329,-0.219,0.722,0.031,0.61,-0.219,-0.551,-0.651,-0.16,0.099,-0.741,0.479,-0.502,-0.639,0.87,0.855,-0.499,0.039,-0.353,-0.665,-0.222,-0.617,-0.644,0.866,0.852,0.375,-0.378,-0.483,-0.064,0.883,-0.082,-0.568,-0.498,-0.22,0.391,0.562,-0.526,-0.468,0.721,-0.556,0.562,-0.626,-0.312,-0.636,-0.399,-0.641,0.304,-0.451,-0.595,0.829,0.36,0.167,0.829,0.311,-0.4,0.584,0.47,-0.685,0.629,0.709,-0.694,0.881,-0.687,-0.507,-0.587,-0.313,0.567,-0.592,-0.57,0.696,-0.213,0.755,-0.511,-0.364,0.786,-0.145,-0.489,-0.058,-0.143,0.745,-0.618,-0.625,-0.657,-0.541,0.714,-0.518,0.157,-0.652,-0.372,-0.325,0.874,-0.663
CASY,0.75,0.075,0.354,0.527,-0.183,-0.102,0.562,0.573,-0.292,0.694,-0.546,-0.242,0.537,-0.322,0.369,0.594,-0.361,-0.085,-0.581,0.558,-0.437,0.383,0.615,-0.301,0.117,0.465,-0.24,-0.223,0.0,0.501,0.651,0.388,-0.001,-0.393,0.747,0.616,0.603,0.363,0.64,0.697,0.539,0.196,0.662,-0.43,0.743,0.446,0.496,0.618,0.695,0.694,0.028,0.176,0.463,-0.488,0.479,0.382,0.681,0.154,0.257,0.311,0.503,0.451,-0.508,-0.697,0.582,0.269,-0.381,0.17,0.627,0.416,-0.622,-0.45,0.495,0.559,-0.221,0.548,-0.003,-0.149,0.06,-0.332,0.566,0.543,-0.127,0.603,0.549,-0.1,0.527,-0.47,0.442,0.581,0.504,-0.246,0.513,0.581,-0.198,0.733,-0.308,-0.016,-0.119,0.614,-0.129,-0.413,0.614,-0.58,0.109,0.36,0.457,-0.393,0.487,0.498,-0.367,0.1,0.266,0.496,0.453,0.603,0.525,0.418,0.659,-0.293,0.58,0.705,-0.441,-0.387,0.289,0.091,0.695,0.466,0.77,0.29,0.708,-0.192,-0.127,-0.2,0.582,0.42,0.632,-0.406,-0.123,0.546,0.633,0.147,-0.194,0.411,0.664,0.391,-0.26,0.711,0.397,0.469,0.736,0.629,0.223,0.653,0.436,0.466,0.695,-0.476,0.554,-0.135,-0.425,0.414,0.647,-0.277,0.257,0.571,0.397,-0.218,0.56,-0.469,0.701,0.689,0.514,0.82,-0.188,0.678,0.513,-0.478,0.538,-0.243,0.536,0.773,0.021,0.288,0.649,0.573,0.183,-0.563,0.535,0.59,0.376,0.573,-0.558,0.717,0.158,0.612,0.506,0.701,-0.242,0.548
CCOI,0.716,-0.333,0.573,0.56,-0.203,0.367,0.453,0.653,-0.136,0.586,-0.513,-0.406,0.468,-0.164,0.447,0.656,-0.285,0.114,-0.658,0.505,-0.44,0.147,0.458,-0.359,0.144,0.331,-0.226,-0.307,0.501,0.0,0.554,0.424,0.415,-0.081,0.546,0.279,0.468,0.142,0.725,0.66,0.482,0.066,0.655,-0.381,0.707,0.35,0.491,0.673,0.637,0.491,-0.325,-0.141,0.412,-0.468,0.109,0.493,0.625,-0.072,0.289,-0.032,0.531,0.353,-0.473,-0.499,0.259,0.276,-0.442,0.285,0.483,0.414,-0.351,-0.404,0.402,0.375,-0.306,0.555,-0.094,-0.172,0.047,-0.183,0.668,0.7,0.021,0.52,0.824,0.148,0.461,-0.421,0.692,0.394,0.59,0.047,0.439,0.747,-0.344,0.643,-0.351,-0.222,0.062,0.52,0.099,-0.377,0.48,-0.351,0.106,0.451,0.498,-0.485,0.394,0.556,-0.376,0.057,0.153,0.679,0.229,0.635,0.478,0.39,0.559,-0.295,0.508,0.733,-0.461,-0.463,0.399,0.126,0.669,0.744,0.586,0.189,0.465,-0.315,-0.322,-0.159,0.595,0.292,0.696,-0.358,0.12,0.754,0.534,-0.283,-0.144,0.105,0.653,0.395,-0.269,0.61,0.199,0.363,0.634,0.516,0.304,0.622,0.12,0.559,0.652,-0.427,0.171,0.176,-0.355,0.058,0.556,-0.226,0.405,0.505,0.069,-0.162,0.67,-0.412,0.642,0.567,0.611,0.538,-0.04,0.499,0.45,-0.401,0.696,-0.263,0.356,0.753,0.033,0.19,0.666,0.506,0.246,-0.511,0.633,0.6,0.534,0.378,-0.518,0.474,0.246,0.632,0.475,0.526,-0.391,0.595
