,AAPL,ACRS,ADP,AFYA,AGNC,AGYS,ALT,AMGN,AMPH,AMZN,ANIP,AOSL,APDN,APLT,APVO,ARGX,ARLP,ATEX,ATRA,AUTL,AVDL,BCRX,BHAT,BLBD,BMRN,BNGO,BUSE,CAKE,CASY,CCOI,CEVA,CHY,CLDX,CLMT,COHU,COLM,COST,CPRT,CSWC,CSX,DBX,DCOM,DKNG,DMLP,DOX,EA,EDIT,ENPH,ENSG,ERNA,ESGR,ETNB,EXTR,FANG,FARO,FATE,FGEN,FIVE,FIVN,FLGT,FOLD,FORM,FOXA,FRPT,FSLR,FTAI,GBDC,GDYN,GGAL,GNLN,GRFS,GT,HCAT,HCM,HFWA,HOLX,HQY,HUBG,IAC,ICLR,IDCC,IEP,IHRT,ILMN,ILPT,IMAB,IMOS,INMD,INTZ,JAZZ,JKHY,JRVR,KIDS,LBRDK,LGND,LMAT,LPLA,LULU,MASI,MAT,MATW,MBIN,MBIO,MCRB,MDB,MDLZ,MELI,MIRM,MLKN,MNMD,MNRO,MPWR,MRCY,MRSN,MTVA,NAAS,NDAQ,NDSN,NEGG,NOVT,NVDA,NWE,NWSA,NXST,OCX,ODFL,OMAB,OPCH,OPRA,ORGO,OTRK,OZK,PAGP,PCH,PEGA,PENG,PENN,PFBC,PGNY,PHAT,PHUN,PINC,PLUG,PLXS,PYPL,QLYS,QNCX,QQQX,QVCGA,RAPT,RBBN,RCKT,REPL,RMBS,ROAD,ROKU,ROP,RUSHA,SANM,SATS,SBCF,SBLK,SBUX,SCHL,SCSC,SDGR,SEIC,SFIX,SGRY,SKYW,SLP,SNES,STAA,STLD,STOK,SWKS,TER,TFIN,TIGO,TILE,TPIC,TTEC,TTEK,TTGT,UXIN,VERU,VLYPP,VNOM,VRNS,VRSN,WDAY,WERN,WINA,WKHS,WRLD,XP,XTKG,YY,ZION,ZM
AAPL,0.0,0.074,-0.778,0.845,-0.034,-0.77,0.397,0.794,0.858,0.88,0.818,-0.011,0.799,0.745,0.6,0.813,0.321,-0.811,0.934,0.824,0.101,-0.741,0.162,-0.546,0.806,0.496,-0.802,-0.812,-0.207,0.574,-0.136,0.287,-0.852,-0.437,0.475,-0.411,0.816,0.821,-0.82,-0.87,0.862,-0.901,-0.002,-0.837,-0.394,0.652,0.93,0.904,0.723,0.575,-0.597,-0.558,0.271,-0.551,-0.856,0.785,0.429,-0.164,-0.429,0.809,0.812,0.027,-0.733,0.495,0.965,-0.571,-0.432,-0.615,0.391,0.343,0.857,-0.854,0.852,0.92,-0.87,0.889,0.456,-0.161,0.204,0.606,0.75,-0.691,-0.261,0.003,0.842,0.102,-0.714,-0.427,0.725,-0.364,-0.093,0.261,-0.683,0.308,0.83,-0.322,-0.729,0.91,0.781,-0.78,-0.747,-0.727,0.967,0.961,0.798,0.826,0.873,0.739,-0.421,0.077,-0.622,0.157,0.927,0.951,0.803,0.062,0.648,-0.55,-0.194,0.288,0.355,-0.832,-0.605,-0.745,0.412,-0.592,0.084,0.433,-0.586,-0.489,0.743,-0.881,-0.072,-0.264,0.52,-0.72,-0.018,-0.856,0.502,-0.631,0.743,0.763,0.969,-0.634,0.472,0.805,0.783,0.263,0.589,0.879,0.428,0.833,0.835,-0.535,-0.301,0.726,0.911,-0.024,-0.615,0.057,-0.88,-0.741,-0.057,-0.765,0.166,-0.294,-0.433,0.85,-0.656,-0.931,0.949,0.706,0.657,-0.859,0.702,0.148,0.045,-0.846,-0.489,-0.822,0.79,0.402,-0.546,0.547,0.718,0.178,0.937,-0.23,0.3,0.856,0.657,-0.737,0.519,0.922,0.311,0.686,-0.249,0.023,-0.888,0.636
ACRS,0.074,0.0,-0.121,-0.058,0.027,0.359,0.274,-0.036,-0.062,-0.061,0.259,0.546,0.182,-0.388,0.353,0.119,0.015,0.217,-0.122,-0.141,0.134,-0.061,0.549,-0.281,0.022,0.38,0.046,0.14,0.428,0.111,0.36,0.656,0.086,0.366,0.464,-0.031,-0.088,0.131,0.189,0.061,0.15,0.032,0.204,0.277,0.412,0.298,-0.18,0.193,0.085,0.41,0.145,0.251,0.164,0.255,-0.022,0.036,-0.066,0.358,0.418,0.248,-0.318,0.553,0.121,0.505,0.094,0.493,-0.022,-0.16,0.096,0.324,-0.089,0.194,0.247,0.118,0.008,0.157,0.065,-0.24,0.623,0.009,0.439,-0.158,0.556,0.458,0.263,-0.05,0.286,0.267,0.093,0.22,-0.469,0.653,-0.053,0.451,-0.097,0.356,0.306,0.155,0.459,0.136,0.175,-0.004,-0.087,-0.025,0.206,-0.208,0.103,0.187,0.142,0.506,0.227,0.475,0.062,0.093,0.17,0.302,0.145,-0.065,0.533,0.39,0.438,0.03,0.476,0.096,-0.037,0.111,0.186,0.169,0.478,0.239,-0.168,0.042,-0.236,0.39,0.191,0.357,0.032,0.009,-0.211,0.078,0.239,-0.192,0.014,0.254,0.608,-0.362,-0.09,0.513,0.024,0.08,0.348,-0.216,-0.359,0.425,-0.412,0.36,-0.151,-0.464,0.224,0.247,0.08,0.376,0.379,0.133,-0.206,0.391,0.328,0.396,0.074,-0.035,0.01,0.137,0.191,0.153,-0.192,0.495,0.55,0.177,0.418,-0.125,0.086,0.626,-0.077,0.543,0.303,0.496,-0.097,0.418,0.351,0.256,0.192,0.283,-0.006,0.026,0.269,-0.027,0.222,0.703,0.033,0.492
ADP,-0.778,-0.121,0.0,-0.637,-0.213,0.594,-0.612,-0.792,-0.807,-0.776,-0.763,-0.153,-0.832,-0.584,-0.76,-0.824,-0.432,0.584,-0.741,-0.597,-0.235,0.713,-0.378,0.813,-0.785,-0.689,0.762,0.75,-0.067,-0.36,-0.173,-0.294,0.761,0.404,-0.547,0.439,-0.82,-0.792,0.69,0.78,-0.694,0.855,0.345,0.654,0.116,-0.777,-0.772,-0.674,-0.617,-0.776,0.666,0.548,-0.296,0.539,0.843,-0.69,-0.532,0.145,0.55,-0.752,-0.523,-0.201,0.63,-0.466,-0.849,0.394,0.574,0.7,-0.563,-0.41,-0.607,0.748,-0.795,-0.868,0.859,-0.806,-0.197,0.463,-0.339,-0.809,-0.693,0.418,0.087,-0.318,-0.729,0.206,0.607,0.472,-0.47,0.311,0.382,-0.397,0.598,-0.1,-0.547,0.511,0.528,-0.846,-0.77,0.852,0.798,0.788,-0.784,-0.825,-0.678,-0.67,-0.857,-0.766,0.657,-0.346,0.446,-0.072,-0.838,-0.805,-0.862,-0.057,-0.553,0.768,-0.115,-0.433,-0.561,0.79,0.445,0.782,-0.637,0.702,-0.008,-0.282,0.304,0.669,-0.808,0.746,0.307,0.006,-0.676,0.471,0.301,0.852,-0.643,0.579,-0.839,-0.673,-0.728,0.746,-0.565,-0.557,-0.456,-0.156,-0.714,-0.793,-0.58,-0.502,-0.582,0.261,0.599,-0.754,-0.637,0.367,0.693,0.095,0.771,0.499,0.307,0.65,0.071,0.181,0.203,-0.627,0.712,0.782,-0.799,-0.797,-0.742,0.74,-0.357,-0.338,-0.234,0.773,0.413,0.809,-0.853,-0.23,0.498,-0.541,-0.744,-0.344,-0.795,-0.075,-0.531,-0.708,-0.726,0.62,-0.35,-0.843,-0.036,-0.728,-0.076,-0.221,0.785,-0.609
AFYA,0.845,-0.058,-0.637,0.0,-0.142,-0.782,0.298,0.698,0.777,0.813,0.615,-0.15,0.671,0.68,0.425,0.671,0.268,-0.712,0.818,0.767,0.094,-0.716,0.031,-0.454,0.72,0.4,-0.759,-0.812,-0.269,0.482,-0.176,0.054,-0.748,-0.435,0.311,-0.324,0.73,0.684,-0.798,-0.774,0.787,-0.796,-0.103,-0.802,-0.542,0.487,0.806,0.713,0.616,0.463,-0.672,-0.517,0.102,-0.594,-0.808,0.608,0.451,-0.224,-0.416,0.621,0.734,-0.074,-0.765,0.37,0.807,-0.673,-0.394,-0.699,0.371,0.126,0.752,-0.825,0.677,0.776,-0.81,0.815,0.376,-0.191,0.083,0.506,0.587,-0.541,-0.458,-0.055,0.677,0.167,-0.734,-0.52,0.611,-0.387,0.005,0.06,-0.607,0.156,0.684,-0.315,-0.7,0.762,0.625,-0.726,-0.745,-0.708,0.827,0.804,0.647,0.806,0.749,0.56,-0.482,-0.004,-0.627,-0.013,0.758,0.794,0.668,0.092,0.631,-0.487,-0.255,0.162,0.181,-0.743,-0.621,-0.699,0.366,-0.608,-0.075,0.493,-0.598,-0.511,0.68,-0.806,-0.062,-0.415,0.349,-0.723,-0.028,-0.788,0.379,-0.626,0.578,0.684,0.827,-0.649,0.331,0.752,0.66,0.052,0.534,0.745,0.305,0.699,0.786,-0.542,-0.212,0.522,0.791,-0.062,-0.643,-0.08,-0.84,-0.667,-0.059,-0.724,0.075,-0.433,-0.466,0.642,-0.614,-0.841,0.847,0.57,0.505,-0.815,0.555,-0.008,-0.032,-0.832,-0.528,-0.745,0.678,0.207,-0.512,0.355,0.574,0.004,0.781,-0.288,0.152,0.693,0.505,-0.778,0.481,0.805,0.21,0.677,-0.211,-0.058,-0.813,0.459
AGNC,-0.034,0.027,-0.213,-0.142,0.0,0.293,0.456,0.235,0.234,-0.038,0.202,0.49,0.175,0.002,0.263,0.232,0.443,0.101,0.001,-0.103,0.625,-0.072,0.514,-0.232,0.28,0.291,0.169,0.197,0.574,0.267,0.556,0.46,0.123,0.086,0.504,0.355,0.175,0.226,0.278,0.147,-0.038,0.072,-0.248,0.284,0.424,0.308,-0.011,0.045,0.053,0.237,0.147,0.164,0.424,0.262,0.114,0.283,0.429,0.342,0.015,0.204,-0.219,0.578,0.066,0.272,0.083,0.302,-0.26,0.205,0.464,0.475,-0.268,0.131,0.203,0.124,-0.038,-0.041,0.212,-0.134,0.402,0.407,0.136,0.454,0.274,0.483,0.092,-0.453,0.261,0.059,-0.103,0.299,-0.208,0.388,0.391,-0.125,-0.079,-0.244,0.404,0.126,0.157,-0.145,0.005,-0.121,0.004,0.035,0.252,-0.007,0.193,0.341,0.043,0.56,0.322,0.345,0.147,0.086,0.235,0.194,0.088,0.034,0.474,0.545,0.553,0.18,0.354,-0.003,0.518,0.06,-0.063,-0.268,0.332,-0.064,0.273,0.269,-0.2,0.699,0.583,0.388,0.033,0.005,0.566,0.253,0.319,0.08,-0.104,-0.011,0.359,-0.244,-0.171,0.266,0.486,0.214,0.411,-0.039,-0.055,0.437,-0.343,0.356,-0.144,-0.159,0.025,-0.104,0.207,0.301,-0.079,0.378,0.12,0.626,0.496,0.033,-0.252,0.194,0.02,0.409,0.485,0.18,-0.171,0.519,0.499,0.127,0.025,0.21,0.342,0.052,0.375,0.303,0.39,0.489,0.033,0.63,0.584,0.012,0.465,0.141,0.024,0.071,-0.329,0.273,0.275,0.367,0.242,0.254
AGYS,-0.77,0.359,0.594,-0.782,0.293,0.0,-0.025,-0.601,-0.657,-0.804,-0.431,0.394,-0.555,-0.753,-0.246,-0.516,-0.22,0.792,-0.772,-0.832,0.282,0.554,0.326,0.357,-0.551,-0.224,0.834,0.899,0.658,-0.209,0.4,0.311,0.792,0.579,0.053,0.61,-0.683,-0.484,0.925,0.754,-0.597,0.819,0.115,0.916,0.76,-0.268,-0.836,-0.555,-0.596,-0.322,0.738,0.792,0.208,0.747,0.812,-0.509,-0.261,0.508,0.649,-0.358,-0.854,0.44,0.722,0.025,-0.706,0.883,0.289,0.645,-0.152,0.18,-0.852,0.893,-0.451,-0.66,0.773,-0.735,-0.097,0.161,0.317,-0.439,-0.334,0.604,0.593,0.34,-0.487,-0.36,0.912,0.603,-0.486,0.672,-0.179,0.269,0.735,0.01,-0.616,0.378,0.946,-0.631,-0.358,0.706,0.801,0.622,-0.805,-0.757,-0.419,-0.781,-0.639,-0.32,0.581,0.287,0.695,0.265,-0.659,-0.656,-0.527,0.206,-0.449,0.589,0.551,0.199,0.11,0.887,0.92,0.71,-0.221,0.749,0.088,-0.477,0.838,0.69,-0.602,0.859,-0.081,0.667,-0.134,0.928,0.144,0.786,-0.346,0.703,-0.383,-0.745,-0.805,0.705,0.058,-0.897,-0.655,0.215,-0.379,-0.581,0.03,-0.735,-0.828,0.801,-0.089,-0.28,-0.793,-0.148,0.773,0.197,0.902,0.866,0.338,0.9,-0.072,0.704,0.646,-0.418,0.45,0.844,-0.752,-0.344,-0.247,0.873,-0.569,0.261,0.379,0.913,0.6,0.762,-0.517,0.143,0.636,0.019,-0.278,0.384,-0.779,0.586,0.132,-0.542,-0.252,0.899,-0.399,-0.75,-0.197,-0.556,0.367,0.478,0.878,-0.117
ALT,0.397,0.274,-0.612,0.298,0.456,-0.025,0.0,0.629,0.618,0.533,0.589,0.492,0.693,0.22,0.758,0.771,0.493,0.013,0.371,0.182,0.727,-0.418,0.743,-0.743,0.682,0.816,-0.412,-0.333,0.643,0.429,0.607,0.558,-0.287,-0.249,0.774,0.018,0.691,0.741,-0.116,-0.393,0.49,-0.445,-0.532,-0.172,0.376,0.9,0.413,0.456,0.278,0.789,-0.447,0.034,0.629,-0.253,-0.323,0.657,0.689,0.32,-0.076,0.678,0.006,0.634,-0.451,0.672,0.543,0.027,-0.68,-0.335,0.907,0.664,0.056,-0.407,0.601,0.665,-0.58,0.525,0.108,-0.567,0.77,0.76,0.503,0.186,0.117,0.748,0.399,-0.557,-0.047,-0.317,0.179,0.056,-0.398,0.669,0.052,0.125,0.138,-0.458,0.02,0.665,0.719,-0.559,-0.525,-0.686,0.401,0.497,0.693,0.463,0.693,0.725,-0.527,0.739,-0.086,0.43,0.526,0.48,0.75,0.305,0.729,-0.527,0.66,0.877,0.915,-0.202,0.06,-0.582,0.815,-0.306,-0.14,-0.09,0.299,-0.357,0.66,-0.318,-0.61,0.415,0.842,0.157,-0.242,-0.563,0.683,0.011,0.817,0.166,0.282,-0.516,0.817,0.035,-0.02,0.491,0.703,0.639,0.834,0.05,0.21,0.4,-0.856,0.845,0.265,-0.699,-0.386,-0.213,-0.336,0.021,-0.162,-0.16,-0.253,0.23,0.294,0.389,-0.692,-0.281,0.426,0.777,0.879,-0.325,0.02,0.76,0.71,-0.347,-0.312,-0.462,0.778,0.245,0.061,0.691,0.784,0.686,0.397,0.51,0.871,0.56,0.887,-0.154,0.035,0.547,-0.388,0.752,0.617,0.641,-0.31,0.74
AMGN,0.794,-0.036,-0.792,0.698,0.235,-0.601,0.629,0.0,0.879,0.811,0.787,0.081,0.808,0.691,0.648,0.882,0.444,-0.631,0.776,0.607,0.383,-0.805,0.291,-0.708,0.892,0.556,-0.717,-0.751,0.057,0.552,0.072,0.199,-0.754,-0.505,0.538,-0.291,0.899,0.82,-0.678,-0.759,0.703,-0.816,-0.446,-0.691,-0.188,0.748,0.803,0.706,0.661,0.643,-0.654,-0.52,0.454,-0.552,-0.769,0.713,0.703,-0.211,-0.554,0.755,0.623,0.146,-0.781,0.413,0.85,-0.49,-0.688,-0.599,0.618,0.427,0.619,-0.776,0.776,0.87,-0.859,0.789,0.366,-0.41,0.277,0.852,0.662,-0.277,-0.325,0.26,0.721,-0.224,-0.638,-0.612,0.497,-0.298,-0.164,0.28,-0.397,0.007,0.619,-0.599,-0.545,0.86,0.706,-0.887,-0.813,-0.853,0.832,0.836,0.74,0.832,0.859,0.777,-0.576,0.228,-0.526,0.076,0.836,0.83,0.841,0.109,0.658,-0.643,0.029,0.483,0.543,-0.683,-0.464,-0.782,0.67,-0.707,-0.165,0.196,-0.384,-0.669,0.896,-0.738,-0.381,0.006,0.737,-0.522,-0.267,-0.843,0.726,-0.554,0.808,0.725,0.724,-0.822,0.505,0.589,0.562,0.118,0.728,0.87,0.578,0.593,0.687,-0.303,-0.491,0.748,0.767,-0.242,-0.715,-0.215,-0.77,-0.564,-0.313,-0.585,-0.003,-0.177,-0.259,0.584,-0.861,-0.74,0.822,0.859,0.763,-0.783,0.402,0.25,0.176,-0.795,-0.609,-0.716,0.887,0.159,-0.34,0.503,0.763,0.316,0.834,0.065,0.523,0.731,0.823,-0.719,0.356,0.862,-0.129,0.782,0.006,0.124,-0.739,0.584
AMPH,0.858,-0.062,-0.807,0.777,0.234,-0.657,0.618,0.879,0.0,0.82,0.771,0.124,0.842,0.728,0.62,0.88,0.46,-0.687,0.858,0.726,0.405,-0.828,0.338,-0.649,0.93,0.561,-0.727,-0.755,0.047,0.668,0.045,0.293,-0.793,-0.493,0.615,-0.218,0.874,0.859,-0.69,-0.833,0.765,-0.809,-0.345,-0.709,-0.241,0.725,0.851,0.773,0.698,0.646,-0.633,-0.432,0.377,-0.515,-0.8,0.768,0.686,-0.111,-0.55,0.813,0.676,0.16,-0.755,0.536,0.899,-0.51,-0.582,-0.607,0.622,0.404,0.653,-0.813,0.85,0.93,-0.872,0.821,0.446,-0.31,0.292,0.776,0.711,-0.368,-0.324,0.188,0.801,-0.148,-0.617,-0.57,0.546,-0.252,-0.147,0.342,-0.483,0.108,0.695,-0.552,-0.575,0.881,0.748,-0.877,-0.792,-0.848,0.887,0.884,0.79,0.854,0.877,0.795,-0.507,0.24,-0.547,0.122,0.889,0.887,0.86,0.155,0.693,-0.54,-0.016,0.483,0.516,-0.707,-0.471,-0.781,0.636,-0.614,-0.073,0.278,-0.413,-0.593,0.884,-0.75,-0.238,-0.061,0.684,-0.561,-0.181,-0.836,0.712,-0.512,0.823,0.74,0.814,-0.733,0.526,0.638,0.642,0.166,0.759,0.912,0.575,0.704,0.775,-0.337,-0.456,0.75,0.797,-0.167,-0.656,-0.08,-0.793,-0.591,-0.163,-0.589,0.154,-0.205,-0.247,0.687,-0.845,-0.804,0.883,0.836,0.786,-0.798,0.523,0.244,0.181,-0.814,-0.617,-0.723,0.912,0.242,-0.392,0.513,0.796,0.312,0.877,0.006,0.488,0.801,0.796,-0.715,0.437,0.895,0.003,0.814,-0.026,0.114,-0.766,0.6
AMZN,0.88,-0.061,-0.776,0.813,-0.038,-0.804,0.533,0.811,0.82,0.0,0.705,-0.047,0.787,0.713,0.624,0.828,0.424,-0.628,0.845,0.779,0.118,-0.615,0.109,-0.681,0.801,0.618,-0.896,-0.907,-0.203,0.43,-0.01,0.094,-0.79,-0.545,0.404,-0.485,0.919,0.81,-0.803,-0.81,0.792,-0.922,-0.274,-0.854,-0.372,0.73,0.916,0.746,0.629,0.665,-0.791,-0.638,0.204,-0.733,-0.816,0.795,0.542,-0.199,-0.461,0.677,0.704,0.027,-0.827,0.362,0.885,-0.689,-0.585,-0.673,0.589,0.22,0.77,-0.933,0.709,0.884,-0.924,0.912,0.17,-0.397,0.201,0.731,0.567,-0.465,-0.341,0.139,0.622,0.041,-0.756,-0.593,0.56,-0.499,-0.066,0.173,-0.571,0.193,0.608,-0.483,-0.743,0.906,0.737,-0.819,-0.89,-0.84,0.881,0.904,0.764,0.897,0.919,0.645,-0.702,0.148,-0.585,0.115,0.867,0.817,0.808,0.021,0.785,-0.756,-0.103,0.31,0.408,-0.82,-0.699,-0.856,0.573,-0.727,-0.069,0.365,-0.54,-0.692,0.782,-0.881,-0.257,-0.332,0.563,-0.663,-0.158,-0.934,0.621,-0.593,0.745,0.697,0.835,-0.8,0.429,0.784,0.526,0.2,0.61,0.815,0.42,0.652,0.799,-0.427,-0.371,0.709,0.803,-0.236,-0.774,-0.265,-0.911,-0.715,-0.286,-0.832,-0.092,-0.419,-0.355,0.628,-0.674,-0.844,0.85,0.682,0.662,-0.866,0.527,0.26,0.103,-0.906,-0.597,-0.873,0.805,0.114,-0.461,0.425,0.652,0.061,0.867,-0.24,0.362,0.785,0.673,-0.781,0.361,0.888,0.046,0.834,0.003,-0.009,-0.886,0.587
ANIP,0.818,0.259,-0.763,0.615,0.202,-0.431,0.589,0.787,0.771,0.705,0.0,0.193,0.785,0.592,0.76,0.813,0.36,-0.561,0.788,0.555,0.31,-0.697,0.478,-0.575,0.799,0.641,-0.588,-0.598,0.215,0.619,0.173,0.549,-0.724,-0.349,0.67,-0.208,0.754,0.851,-0.561,-0.727,0.804,-0.77,-0.142,-0.532,0.033,0.756,0.745,0.827,0.527,0.678,-0.472,-0.26,0.535,-0.326,-0.692,0.702,0.526,0.052,-0.262,0.879,0.544,0.324,-0.617,0.684,0.868,-0.27,-0.56,-0.561,0.527,0.6,0.618,-0.644,0.896,0.844,-0.736,0.757,0.525,-0.199,0.455,0.667,0.852,-0.456,-0.055,0.304,0.848,-0.224,-0.381,-0.333,0.614,-0.037,-0.342,0.502,-0.47,0.313,0.729,-0.311,-0.396,0.844,0.858,-0.712,-0.605,-0.688,0.798,0.83,0.791,0.634,0.792,0.886,-0.337,0.35,-0.462,0.273,0.848,0.881,0.824,0.193,0.587,-0.454,0.156,0.58,0.601,-0.612,-0.261,-0.693,0.551,-0.408,0.081,0.192,-0.233,-0.311,0.725,-0.663,-0.168,0.054,0.667,-0.375,-0.142,-0.725,0.486,-0.485,0.868,0.634,0.752,-0.537,0.684,0.532,0.521,0.365,0.678,0.863,0.713,0.566,0.593,-0.176,-0.564,0.809,0.676,-0.212,-0.429,0.099,-0.657,-0.391,0.07,-0.479,0.041,-0.008,-0.224,0.791,-0.731,-0.744,0.824,0.828,0.798,-0.641,0.51,0.399,0.318,-0.639,-0.29,-0.677,0.816,0.544,-0.305,0.768,0.831,0.502,0.776,0.142,0.539,0.792,0.768,-0.469,0.445,0.816,0.222,0.656,-0.033,0.37,-0.669,0.779
AOSL,-0.011,0.546,-0.153,-0.15,0.49,0.394,0.492,0.081,0.124,-0.047,0.193,0.0,0.216,-0.441,0.27,0.232,0.403,0.33,-0.166,-0.08,0.605,-0.024,0.658,-0.419,0.166,0.508,0.084,0.162,0.637,0.15,0.734,0.638,0.226,0.371,0.633,0.291,0.024,0.207,0.326,0.199,0.063,0.131,-0.106,0.356,0.465,0.396,-0.189,0.066,0.039,0.481,0.126,0.234,0.166,0.273,0.082,0.198,0.25,0.505,0.333,0.181,-0.488,0.853,0.122,0.483,0.048,0.512,-0.153,-0.012,0.428,0.31,-0.331,0.144,0.186,0.119,-0.027,0.095,0.032,-0.341,0.71,0.26,0.273,0.264,0.497,0.701,0.122,-0.156,0.353,0.111,-0.195,0.223,-0.384,0.717,0.251,0.161,-0.297,0.07,0.468,0.178,0.403,0.004,0.078,-0.108,-0.138,-0.038,0.298,-0.145,0.236,0.209,0.015,0.794,0.388,0.712,0.105,0.017,0.208,0.457,0.226,-0.057,0.689,0.629,0.642,0.146,0.572,0.077,0.357,0.115,0.011,0.036,0.642,0.025,0.014,0.201,-0.381,0.701,0.51,0.545,0.113,-0.009,0.212,0.315,0.275,-0.161,-0.114,0.22,0.66,-0.51,-0.282,0.466,0.317,0.164,0.428,-0.248,-0.304,0.69,-0.467,0.428,-0.233,-0.523,0.178,-0.041,0.166,0.533,0.15,0.31,-0.15,0.615,0.688,0.251,-0.029,0.138,-0.027,0.275,0.39,0.234,-0.374,0.731,0.838,0.198,0.295,0.007,0.277,0.388,0.27,0.483,0.401,0.527,-0.138,0.676,0.657,0.152,0.426,0.266,-0.051,0.029,-0.141,0.241,0.498,0.707,0.18,0.481
APDN,0.799,0.182,-0.832,0.671,0.175,-0.555,0.693,0.808,0.842,0.787,0.785,0.216,0.0,0.556,0.724,0.872,0.395,-0.558,0.716,0.544,0.322,-0.741,0.448,-0.76,0.821,0.72,-0.769,-0.725,0.12,0.543,0.172,0.38,-0.745,-0.435,0.626,-0.399,0.825,0.784,-0.677,-0.733,0.69,-0.808,-0.356,-0.621,-0.137,0.816,0.747,0.795,0.675,0.828,-0.719,-0.405,0.326,-0.553,-0.784,0.729,0.62,-0.124,-0.397,0.784,0.55,0.251,-0.725,0.579,0.86,-0.321,-0.652,-0.702,0.61,0.52,0.579,-0.774,0.774,0.911,-0.879,0.79,0.292,-0.507,0.426,0.801,0.732,-0.364,-0.206,0.337,0.745,-0.063,-0.524,-0.578,0.444,-0.288,-0.275,0.45,-0.484,0.096,0.548,-0.482,-0.533,0.907,0.831,-0.828,-0.809,-0.846,0.785,0.801,0.836,0.702,0.891,0.753,-0.634,0.394,-0.562,0.243,0.801,0.784,0.883,0.13,0.701,-0.644,0.167,0.52,0.653,-0.677,-0.432,-0.814,0.634,-0.647,-0.111,0.277,-0.19,-0.577,0.814,-0.735,-0.446,-0.027,0.65,-0.432,-0.347,-0.859,0.58,-0.432,0.894,0.602,0.745,-0.72,0.617,0.487,0.498,0.238,0.672,0.856,0.576,0.481,0.547,-0.188,-0.589,0.826,0.666,-0.388,-0.686,-0.155,-0.771,-0.459,-0.215,-0.641,-0.137,-0.194,-0.236,0.704,-0.769,-0.785,0.774,0.805,0.794,-0.779,0.321,0.42,0.323,-0.781,-0.465,-0.814,0.873,0.279,-0.421,0.566,0.789,0.357,0.759,0.112,0.605,0.842,0.79,-0.581,0.327,0.864,-0.052,0.81,0.092,0.27,-0.775,0.666
APLT,0.745,-0.388,-0.584,0.68,0.002,-0.753,0.22,0.691,0.728,0.713,0.592,-0.441,0.556,0.0,0.378,0.631,0.191,-0.811,0.855,0.658,-0.009,-0.629,-0.141,-0.209,0.707,0.203,-0.632,-0.714,-0.299,0.518,-0.32,-0.072,-0.808,-0.645,0.183,-0.317,0.72,0.604,-0.742,-0.765,0.599,-0.752,-0.203,-0.773,-0.46,0.368,0.858,0.67,0.541,0.231,-0.582,-0.49,0.321,-0.547,-0.692,0.553,0.502,-0.378,-0.608,0.613,0.883,-0.318,-0.756,0.221,0.75,-0.755,-0.469,-0.442,0.236,0.234,0.764,-0.751,0.63,0.688,-0.692,0.589,0.488,0.006,-0.201,0.495,0.48,-0.425,-0.609,-0.23,0.595,-0.054,-0.661,-0.529,0.648,-0.219,0.056,-0.193,-0.483,0.02,0.818,-0.489,-0.738,0.654,0.399,-0.712,-0.694,-0.622,0.851,0.794,0.554,0.756,0.607,0.608,-0.368,-0.233,-0.727,-0.156,0.686,0.752,0.571,-0.125,0.414,-0.392,-0.38,0.068,0.109,-0.641,-0.703,-0.691,0.398,-0.557,-0.145,0.207,-0.766,-0.434,0.771,-0.7,0.088,-0.407,0.327,-0.777,-0.196,-0.664,0.506,-0.612,0.553,0.781,0.78,-0.702,0.052,0.885,0.697,-0.128,0.488,0.723,0.279,0.781,0.876,-0.684,-0.057,0.414,0.776,0.293,-0.628,-0.114,-0.722,-0.798,-0.224,-0.624,0.233,-0.377,-0.617,0.462,-0.683,-0.731,0.793,0.58,0.496,-0.773,0.746,-0.158,-0.317,-0.778,-0.668,-0.533,0.617,-0.012,-0.359,0.199,0.448,-0.002,0.818,-0.33,0.083,0.577,0.446,-0.768,0.296,0.712,0.114,0.552,-0.378,-0.344,-0.7,0.27
APVO,0.6,0.353,-0.76,0.425,0.263,-0.246,0.758,0.648,0.62,0.624,0.76,0.27,0.724,0.378,0.0,0.739,0.343,-0.247,0.539,0.284,0.327,-0.511,0.665,-0.684,0.657,0.74,-0.5,-0.469,0.354,0.391,0.366,0.558,-0.556,-0.305,0.665,-0.259,0.704,0.774,-0.36,-0.561,0.617,-0.621,-0.254,-0.379,0.259,0.823,0.562,0.64,0.43,0.776,-0.457,-0.183,0.524,-0.283,-0.569,0.641,0.436,0.201,-0.237,0.727,0.262,0.422,-0.494,0.616,0.712,-0.082,-0.608,-0.492,0.664,0.67,0.373,-0.505,0.74,0.761,-0.625,0.679,0.211,-0.395,0.566,0.69,0.716,-0.249,0.195,0.481,0.656,-0.365,-0.254,-0.195,0.447,-0.082,-0.459,0.628,-0.333,0.367,0.402,-0.296,-0.19,0.731,0.774,-0.586,-0.537,-0.635,0.579,0.637,0.645,0.481,0.719,0.765,-0.443,0.51,-0.181,0.321,0.66,0.666,0.825,0.329,0.639,-0.608,0.405,0.614,0.711,-0.481,-0.114,-0.581,0.653,-0.388,0.138,0.153,0.006,-0.345,0.596,-0.494,-0.363,0.175,0.653,-0.116,-0.217,-0.642,0.556,-0.347,0.837,0.335,0.522,-0.538,0.75,0.292,0.213,0.514,0.634,0.656,0.737,0.231,0.324,0.063,-0.743,0.81,0.429,-0.488,-0.392,0.062,-0.496,-0.219,-0.036,-0.367,-0.082,0.007,0.048,0.6,-0.641,-0.532,0.574,0.752,0.763,-0.46,0.214,0.582,0.451,-0.48,-0.195,-0.635,0.742,0.368,-0.3,0.721,0.827,0.611,0.605,0.288,0.672,0.648,0.73,-0.268,0.162,0.668,0.042,0.641,0.291,0.549,-0.502,0.745
ARGX,0.813,0.119,-0.824,0.671,0.232,-0.516,0.771,0.882,0.88,0.828,0.813,0.232,0.872,0.631,0.739,0.0,0.397,-0.543,0.788,0.591,0.454,-0.74,0.429,-0.764,0.864,0.72,-0.773,-0.708,0.213,0.57,0.186,0.385,-0.712,-0.516,0.668,-0.237,0.915,0.905,-0.608,-0.75,0.734,-0.833,-0.394,-0.64,-0.087,0.896,0.808,0.771,0.597,0.755,-0.681,-0.376,0.519,-0.592,-0.709,0.832,0.723,-0.073,-0.387,0.86,0.546,0.292,-0.761,0.605,0.867,-0.405,-0.729,-0.587,0.728,0.552,0.579,-0.787,0.847,0.932,-0.888,0.789,0.347,-0.447,0.491,0.851,0.707,-0.296,-0.229,0.389,0.718,-0.295,-0.489,-0.564,0.554,-0.212,-0.285,0.446,-0.352,0.171,0.593,-0.504,-0.487,0.921,0.845,-0.86,-0.811,-0.886,0.829,0.876,0.866,0.79,0.923,0.853,-0.621,0.39,-0.518,0.295,0.857,0.839,0.898,0.223,0.776,-0.666,0.198,0.659,0.71,-0.652,-0.383,-0.854,0.724,-0.592,-0.192,0.147,-0.219,-0.569,0.875,-0.75,-0.459,0.054,0.808,-0.403,-0.238,-0.879,0.683,-0.411,0.88,0.611,0.748,-0.744,0.669,0.531,0.492,0.301,0.772,0.905,0.694,0.557,0.653,-0.156,-0.672,0.893,0.731,-0.401,-0.661,-0.212,-0.767,-0.488,-0.173,-0.597,-0.146,-0.092,-0.182,0.695,-0.842,-0.746,0.817,0.86,0.888,-0.771,0.436,0.437,0.367,-0.749,-0.584,-0.769,0.909,0.302,-0.22,0.658,0.853,0.455,0.793,0.079,0.661,0.827,0.895,-0.609,0.301,0.898,-0.13,0.834,0.152,0.273,-0.747,0.736
ARLP,0.321,0.015,-0.432,0.268,0.443,-0.22,0.493,0.444,0.46,0.424,0.36,0.403,0.395,0.191,0.343,0.397,0.0,-0.034,0.295,0.461,0.471,-0.157,0.347,-0.437,0.572,0.644,-0.276,-0.352,0.179,0.206,0.593,0.285,-0.131,0.027,0.476,-0.014,0.47,0.46,-0.144,-0.175,0.418,-0.286,-0.283,-0.132,0.038,0.429,0.378,0.285,0.183,0.535,-0.301,-0.212,0.15,-0.038,-0.274,0.5,0.473,0.298,-0.091,0.26,0.005,0.499,-0.284,0.342,0.411,-0.186,-0.246,-0.228,0.612,0.164,0.142,-0.357,0.321,0.381,-0.403,0.479,0.005,-0.289,0.325,0.478,0.257,0.184,0.041,0.567,0.196,-0.118,-0.131,-0.153,-0.022,-0.112,-0.172,0.323,-0.022,-0.109,0.021,-0.345,-0.053,0.405,0.385,-0.33,-0.407,-0.414,0.308,0.378,0.424,0.361,0.51,0.364,-0.322,0.559,0.088,0.264,0.389,0.319,0.456,0.05,0.487,-0.364,0.431,0.418,0.447,-0.265,-0.078,-0.308,0.617,-0.279,-0.036,0.138,0.001,-0.427,0.432,-0.164,-0.045,0.266,0.545,0.014,0.122,-0.367,0.643,-0.001,0.45,0.264,0.237,-0.27,0.432,0.16,-0.069,0.235,0.587,0.443,0.443,0.184,0.298,0.212,-0.222,0.429,0.174,-0.267,-0.316,-0.237,-0.255,0.072,-0.297,-0.113,-0.029,0.19,0.33,0.156,-0.314,-0.185,0.374,0.515,0.515,-0.146,0.03,0.492,0.493,-0.325,-0.054,-0.244,0.599,-0.027,-0.051,0.383,0.469,0.194,0.286,0.406,0.462,0.23,0.546,-0.282,0.074,0.355,-0.09,0.635,0.348,0.236,-0.169,0.362
ATEX,-0.811,0.217,0.584,-0.712,0.101,0.792,0.013,-0.631,-0.687,-0.628,-0.561,0.33,-0.558,-0.811,-0.247,-0.543,-0.034,0.0,-0.817,-0.675,0.172,0.75,0.219,0.249,-0.608,-0.065,0.653,0.684,0.464,-0.496,0.488,0.074,0.854,0.473,-0.148,0.434,-0.568,-0.487,0.857,0.76,-0.573,0.752,-0.002,0.812,0.592,-0.269,-0.783,-0.71,-0.726,-0.205,0.484,0.65,-0.081,0.522,0.78,-0.442,-0.311,0.54,0.616,-0.58,-0.915,0.361,0.645,-0.153,-0.764,0.643,0.286,0.493,0.019,-0.097,-0.838,0.701,-0.638,-0.666,0.683,-0.607,-0.539,-0.024,0.255,-0.406,-0.546,0.698,0.508,0.38,-0.719,-0.194,0.752,0.493,-0.645,0.316,-0.014,0.143,0.695,-0.038,-0.847,0.334,0.804,-0.653,-0.428,0.692,0.621,0.544,-0.846,-0.769,-0.495,-0.703,-0.583,-0.511,0.265,0.348,0.757,0.146,-0.714,-0.765,-0.497,0.169,-0.219,0.315,0.576,0.098,0.018,0.763,0.695,0.558,-0.121,0.584,0.041,-0.348,0.79,0.446,-0.649,0.759,-0.096,0.407,-0.22,0.877,0.173,0.644,-0.333,0.73,-0.431,-0.855,-0.864,0.584,-0.004,-0.829,-0.898,0.193,-0.339,-0.681,-0.089,-0.863,-0.781,0.808,-0.051,-0.351,-0.845,-0.356,0.575,-0.069,0.761,0.844,0.138,0.695,-0.336,0.404,0.7,-0.616,0.542,0.843,-0.815,-0.491,-0.337,0.821,-0.686,0.289,0.387,0.782,0.535,0.593,-0.53,-0.163,0.576,-0.135,-0.363,0.075,-0.833,0.399,0.017,-0.62,-0.329,0.776,-0.46,-0.71,-0.33,-0.383,0.679,0.378,0.789,-0.213
ATRA,0.934,-0.122,-0.741,0.818,0.001,-0.772,0.371,0.776,0.858,0.845,0.788,-0.166,0.716,0.855,0.539,0.788,0.295,-0.817,0.0,0.826,0.123,-0.731,0.096,-0.427,0.802,0.409,-0.754,-0.779,-0.188,0.593,-0.204,0.205,-0.833,-0.554,0.423,-0.279,0.817,0.839,-0.785,-0.895,0.864,-0.887,-0.054,-0.821,-0.395,0.577,0.958,0.853,0.595,0.45,-0.597,-0.47,0.367,-0.549,-0.795,0.773,0.492,-0.169,-0.474,0.808,0.857,-0.081,-0.719,0.467,0.917,-0.654,-0.427,-0.557,0.402,0.323,0.839,-0.834,0.848,0.865,-0.828,0.809,0.523,-0.018,0.126,0.567,0.661,-0.622,-0.37,-0.066,0.788,-0.024,-0.693,-0.431,0.786,-0.267,-0.014,0.13,-0.62,0.251,0.892,-0.364,-0.717,0.84,0.688,-0.769,-0.732,-0.722,0.971,0.965,0.753,0.844,0.803,0.767,-0.398,-0.026,-0.656,0.016,0.89,0.946,0.75,0.03,0.589,-0.455,-0.265,0.281,0.293,-0.777,-0.632,-0.773,0.452,-0.517,0.042,0.309,-0.653,-0.443,0.784,-0.851,0.037,-0.329,0.506,-0.74,-0.008,-0.81,0.519,-0.626,0.722,0.765,0.926,-0.659,0.373,0.866,0.754,0.179,0.621,0.859,0.45,0.877,0.928,-0.577,-0.275,0.649,0.906,0.092,-0.586,0.057,-0.846,-0.766,-0.024,-0.716,0.222,-0.327,-0.534,0.749,-0.726,-0.884,0.945,0.693,0.662,-0.841,0.807,0.027,-0.054,-0.83,-0.568,-0.719,0.754,0.333,-0.442,0.505,0.671,0.144,0.927,-0.3,0.221,0.778,0.621,-0.752,0.535,0.884,0.258,0.66,-0.268,-0.069,-0.843,0.565
AUTL,0.824,-0.141,-0.597,0.767,-0.103,-0.832,0.182,0.607,0.726,0.779,0.555,-0.08,0.544,0.658,0.284,0.591,0.461,-0.675,0.826,0.0,0.025,-0.518,-0.06,-0.362,0.647,0.382,-0.731,-0.782,-0.378,0.334,-0.147,0.051,-0.619,-0.412,0.239,-0.339,0.696,0.656,-0.716,-0.74,0.757,-0.754,0.031,-0.734,-0.574,0.376,0.848,0.61,0.474,0.39,-0.555,-0.568,0.005,-0.512,-0.705,0.695,0.316,-0.106,-0.418,0.502,0.715,-0.09,-0.587,0.258,0.75,-0.724,-0.182,-0.532,0.34,-0.036,0.761,-0.807,0.608,0.705,-0.733,0.789,0.234,-0.06,0.01,0.421,0.435,-0.544,-0.352,-0.102,0.542,0.225,-0.712,-0.376,0.57,-0.472,0.164,0.021,-0.599,0.176,0.626,-0.256,-0.726,0.677,0.506,-0.613,-0.663,-0.583,0.822,0.824,0.547,0.771,0.702,0.487,-0.394,0.003,-0.462,-0.039,0.748,0.757,0.602,-0.053,0.561,-0.463,-0.298,0.088,0.109,-0.79,-0.662,-0.647,0.318,-0.531,0.033,0.454,-0.656,-0.523,0.588,-0.777,0.195,-0.38,0.356,-0.712,0.172,-0.732,0.435,-0.527,0.493,0.646,0.803,-0.506,0.26,0.784,0.592,0.118,0.575,0.672,0.215,0.805,0.858,-0.553,-0.055,0.449,0.778,0.078,-0.566,-0.051,-0.798,-0.677,-0.098,-0.714,0.171,-0.368,-0.369,0.575,-0.451,-0.771,0.819,0.424,0.437,-0.717,0.672,-0.029,-0.057,-0.774,-0.498,-0.669,0.612,0.156,-0.468,0.294,0.473,-0.139,0.753,-0.384,0.041,0.586,0.441,-0.785,0.502,0.773,0.267,0.602,-0.194,-0.19,-0.757,0.362
AVDL,0.101,0.134,-0.235,0.094,0.625,0.282,0.727,0.383,0.405,0.118,0.31,0.605,0.322,-0.009,0.327,0.454,0.471,0.172,0.123,0.025,0.0,-0.247,0.681,-0.387,0.461,0.451,0.019,0.08,0.755,0.383,0.594,0.527,0.107,-0.003,0.678,0.547,0.323,0.486,0.264,-0.078,0.252,-0.031,-0.358,0.166,0.411,0.541,0.083,0.168,-0.006,0.377,-0.007,0.317,0.635,0.119,0.071,0.424,0.59,0.462,0.086,0.434,-0.214,0.693,-0.1,0.571,0.202,0.275,-0.369,0.077,0.7,0.546,-0.291,-0.016,0.371,0.306,-0.199,0.139,0.269,-0.223,0.7,0.449,0.225,0.433,0.183,0.659,0.189,-0.569,0.256,-0.048,0.002,0.308,-0.196,0.57,0.418,-0.033,0.001,-0.286,0.39,0.297,0.373,-0.244,-0.117,-0.345,0.115,0.185,0.464,0.206,0.365,0.494,-0.085,0.66,0.179,0.394,0.263,0.235,0.396,0.416,0.388,-0.049,0.638,0.816,0.715,0.191,0.394,-0.174,0.64,0.074,-0.138,-0.267,0.466,-0.059,0.409,0.076,-0.434,0.655,0.725,0.397,0.099,-0.151,0.556,0.281,0.468,-0.046,-0.026,-0.14,0.656,-0.259,-0.108,0.392,0.577,0.387,0.647,-0.003,0.054,0.553,-0.601,0.547,0.059,-0.432,-0.007,-0.109,0.057,0.301,0.03,0.283,-0.03,0.533,0.486,0.196,-0.473,0.09,0.156,0.544,0.656,0.042,-0.1,0.565,0.696,0.045,-0.164,0.022,0.497,0.248,0.4,0.549,0.593,0.65,0.098,0.635,0.731,0.219,0.705,0.093,0.098,0.211,-0.477,0.442,0.517,0.602,0.105,0.524
BCRX,-0.741,-0.061,0.713,-0.716,-0.072,0.554,-0.418,-0.805,-0.828,-0.615,-0.697,-0.024,-0.741,-0.629,-0.511,-0.74,-0.157,0.75,-0.731,-0.518,-0.247,0.0,-0.232,0.566,-0.801,-0.366,0.65,0.666,-0.023,-0.644,0.134,-0.187,0.806,0.47,-0.501,0.245,-0.675,-0.671,0.707,0.774,-0.646,0.725,0.362,0.64,0.273,-0.55,-0.658,-0.698,-0.681,-0.534,0.598,0.419,-0.321,0.486,0.808,-0.45,-0.616,0.346,0.573,-0.738,-0.641,-0.025,0.734,-0.473,-0.785,0.411,0.57,0.7,-0.337,-0.326,-0.612,0.668,-0.799,-0.784,0.77,-0.702,-0.563,0.315,-0.157,-0.645,-0.759,0.421,0.415,-0.07,-0.843,0.119,0.587,0.602,-0.555,0.157,0.249,-0.219,0.536,-0.033,-0.689,0.466,0.549,-0.766,-0.673,0.818,0.693,0.788,-0.753,-0.725,-0.614,-0.732,-0.686,-0.715,0.417,-0.056,0.657,0.004,-0.719,-0.794,-0.697,-0.15,-0.435,0.423,0.14,-0.337,-0.378,0.658,0.363,0.654,-0.422,0.626,0.187,-0.298,0.399,0.494,-0.804,0.704,0.297,0.101,-0.516,0.59,0.372,0.717,-0.424,0.676,-0.678,-0.75,-0.724,0.705,-0.404,-0.521,-0.686,0.062,-0.585,-0.81,-0.501,-0.588,-0.59,0.42,0.418,-0.582,-0.72,0.133,0.582,0.027,0.721,0.536,0.065,0.526,-0.11,0.247,0.418,-0.649,0.832,0.791,-0.811,-0.75,-0.611,0.78,-0.395,-0.016,-0.031,0.748,0.505,0.654,-0.75,-0.301,0.457,-0.428,-0.66,-0.328,-0.744,-0.003,-0.372,-0.723,-0.626,0.692,-0.372,-0.761,-0.049,-0.59,0.257,-0.105,0.726,-0.486
BHAT,0.162,0.549,-0.378,0.031,0.514,0.326,0.743,0.291,0.338,0.109,0.478,0.658,0.448,-0.141,0.665,0.429,0.347,0.219,0.096,-0.06,0.681,-0.232,0.0,-0.474,0.377,0.61,0.04,0.085,0.789,0.299,0.656,0.793,0.015,0.098,0.771,0.3,0.267,0.512,0.233,-0.146,0.314,-0.076,-0.131,0.223,0.652,0.625,0.049,0.261,0.047,0.614,0.017,0.358,0.572,0.246,-0.065,0.389,0.286,0.642,0.128,0.513,-0.275,0.74,0.036,0.701,0.28,0.48,-0.318,-0.135,0.646,0.754,-0.216,0.029,0.468,0.398,-0.164,0.266,0.18,-0.263,0.83,0.391,0.494,0.152,0.519,0.712,0.38,-0.534,0.301,0.179,0.065,0.286,-0.431,0.855,0.111,0.23,0.027,-0.109,0.414,0.355,0.548,-0.186,-0.044,-0.258,0.107,0.182,0.411,0.058,0.348,0.564,-0.029,0.761,0.304,0.443,0.3,0.299,0.556,0.549,0.407,-0.146,0.772,0.763,0.775,0.075,0.485,-0.165,0.528,0.136,0.22,-0.154,0.574,0.065,0.261,0.025,-0.321,0.619,0.586,0.473,0.02,-0.156,0.357,0.197,0.608,-0.139,0.026,-0.065,0.836,-0.313,-0.13,0.631,0.529,0.323,0.757,-0.151,-0.129,0.579,-0.76,0.625,-0.027,-0.589,0.113,0.26,0.05,0.365,0.217,0.233,-0.015,0.46,0.509,0.363,-0.405,-0.034,0.15,0.515,0.647,0.079,-0.148,0.696,0.744,0.074,0.152,-0.14,0.482,0.48,0.086,0.727,0.717,0.798,0.119,0.683,0.727,0.323,0.62,0.274,0.103,0.261,-0.112,0.348,0.534,0.859,0.049,0.639
BLBD,-0.546,-0.281,0.813,-0.454,-0.232,0.357,-0.743,-0.708,-0.649,-0.681,-0.575,-0.419,-0.76,-0.209,-0.684,-0.764,-0.437,0.249,-0.427,-0.362,-0.387,0.566,-0.474,0.0,-0.638,-0.753,0.69,0.607,-0.239,-0.201,-0.376,-0.258,0.5,0.32,-0.557,0.37,-0.742,-0.67,0.468,0.524,-0.482,0.679,0.525,0.462,-0.026,-0.842,-0.506,-0.445,-0.512,-0.843,0.639,0.487,-0.216,0.553,0.613,-0.597,-0.568,0.106,0.377,-0.562,-0.188,-0.402,0.535,-0.379,-0.629,0.173,0.649,0.603,-0.701,-0.346,-0.311,0.611,-0.579,-0.735,0.765,-0.697,0.079,0.736,-0.523,-0.855,-0.501,0.129,-0.038,-0.577,-0.486,0.242,0.443,0.525,-0.159,0.41,0.375,-0.538,0.306,-0.034,-0.149,0.491,0.31,-0.751,-0.729,0.756,0.729,0.783,-0.51,-0.59,-0.596,-0.576,-0.81,-0.579,0.758,-0.508,0.238,-0.233,-0.657,-0.542,-0.772,-0.188,-0.625,0.825,-0.36,-0.565,-0.694,0.603,0.246,0.685,-0.653,0.674,0.16,-0.143,-0.04,0.733,-0.664,0.581,0.697,-0.188,-0.745,0.181,0.374,0.78,-0.616,0.369,-0.723,-0.412,-0.449,0.691,-0.641,-0.202,-0.16,-0.221,-0.618,-0.633,-0.548,-0.179,-0.269,-0.071,0.72,-0.765,-0.423,0.729,0.653,0.333,0.624,0.237,0.382,0.516,0.376,0.109,-0.085,-0.456,0.608,0.543,-0.525,-0.693,-0.678,0.587,0.037,-0.533,-0.489,0.607,0.366,0.749,-0.759,-0.125,0.286,-0.481,-0.678,-0.39,-0.554,-0.232,-0.677,-0.621,-0.752,0.435,-0.168,-0.692,0.292,-0.719,-0.355,-0.394,0.624,-0.603
BMRN,0.806,0.022,-0.785,0.72,0.28,-0.551,0.682,0.892,0.93,0.801,0.799,0.166,0.821,0.707,0.657,0.864,0.572,-0.608,0.802,0.647,0.461,-0.801,0.377,-0.638,0.0,0.648,-0.673,-0.727,0.159,0.72,0.193,0.345,-0.749,-0.379,0.695,-0.203,0.85,0.838,-0.624,-0.761,0.775,-0.764,-0.434,-0.611,-0.103,0.753,0.799,0.773,0.648,0.697,-0.617,-0.389,0.465,-0.43,-0.771,0.71,0.751,-0.062,-0.455,0.825,0.572,0.285,-0.778,0.616,0.891,-0.45,-0.625,-0.614,0.661,0.421,0.599,-0.745,0.848,0.882,-0.842,0.828,0.497,-0.395,0.35,0.788,0.769,-0.257,-0.291,0.327,0.783,-0.209,-0.517,-0.544,0.482,-0.109,-0.259,0.369,-0.426,0.073,0.636,-0.608,-0.477,0.887,0.791,-0.834,-0.776,-0.847,0.819,0.838,0.809,0.838,0.864,0.835,-0.495,0.344,-0.514,0.2,0.845,0.851,0.832,0.122,0.698,-0.53,0.098,0.556,0.608,-0.612,-0.362,-0.734,0.705,-0.61,-0.09,0.26,-0.341,-0.553,0.898,-0.676,-0.247,0.041,0.731,-0.456,-0.246,-0.78,0.749,-0.491,0.858,0.737,0.739,-0.721,0.584,0.574,0.523,0.178,0.745,0.935,0.698,0.597,0.696,-0.214,-0.483,0.758,0.7,-0.208,-0.625,-0.128,-0.716,-0.476,-0.209,-0.495,0.101,-0.066,-0.16,0.633,-0.851,-0.735,0.874,0.918,0.839,-0.707,0.453,0.372,0.282,-0.772,-0.495,-0.659,0.952,0.27,-0.348,0.578,0.797,0.394,0.802,0.188,0.589,0.758,0.84,-0.675,0.327,0.804,0.012,0.849,0.016,0.221,-0.679,0.665
BNGO,0.496,0.38,-0.689,0.4,0.291,-0.224,0.816,0.556,0.561,0.618,0.641,0.508,0.72,0.203,0.74,0.72,0.644,-0.065,0.409,0.382,0.451,-0.366,0.61,-0.753,0.648,0.0,-0.562,-0.523,0.411,0.297,0.689,0.498,-0.366,-0.185,0.695,-0.265,0.683,0.691,-0.297,-0.378,0.572,-0.545,-0.423,-0.245,0.172,0.823,0.48,0.523,0.329,0.921,-0.607,-0.183,0.314,-0.329,-0.486,0.637,0.585,0.241,-0.047,0.582,0.034,0.646,-0.524,0.655,0.618,-0.14,-0.613,-0.574,0.8,0.443,0.228,-0.544,0.585,0.661,-0.659,0.68,0.004,-0.619,0.654,0.712,0.57,0.018,0.057,0.753,0.403,-0.265,-0.129,-0.338,0.178,-0.097,-0.521,0.59,-0.178,0.134,0.11,-0.331,-0.165,0.704,0.795,-0.552,-0.627,-0.701,0.445,0.553,0.69,0.432,0.754,0.66,-0.623,0.771,-0.153,0.5,0.54,0.483,0.75,0.23,0.739,-0.636,0.614,0.726,0.812,-0.431,-0.089,-0.635,0.751,-0.432,-0.167,0.141,0.165,-0.464,0.605,-0.417,-0.433,0.246,0.719,0.025,-0.236,-0.653,0.552,-0.141,0.777,0.279,0.405,-0.472,0.8,0.165,-0.058,0.424,0.704,0.658,0.755,0.079,0.233,0.308,-0.707,0.791,0.244,-0.69,-0.487,-0.278,-0.472,0.027,-0.199,-0.349,-0.39,0.119,0.203,0.445,-0.526,-0.429,0.528,0.693,0.796,-0.393,0.028,0.775,0.735,-0.495,-0.122,-0.606,0.779,0.233,-0.122,0.68,0.724,0.51,0.399,0.425,0.779,0.569,0.772,-0.295,0.028,0.596,-0.12,0.82,0.523,0.567,-0.439,0.715
BUSE,-0.802,0.046,0.762,-0.759,0.169,0.834,-0.412,-0.717,-0.727,-0.896,-0.588,0.084,-0.769,-0.632,-0.5,-0.773,-0.276,0.653,-0.754,-0.731,0.019,0.65,0.04,0.69,-0.673,-0.562,0.0,0.924,0.302,-0.316,0.127,0.032,0.789,0.577,-0.256,0.629,-0.829,-0.67,0.868,0.767,-0.663,0.921,0.331,0.852,0.521,-0.629,-0.823,-0.658,-0.638,-0.648,0.884,0.689,0.003,0.868,0.834,-0.645,-0.492,0.424,0.504,-0.569,-0.681,0.103,0.823,-0.254,-0.795,0.702,0.546,0.76,-0.441,-0.049,-0.751,0.939,-0.614,-0.811,0.947,-0.824,-0.051,0.51,-0.11,-0.69,-0.499,0.497,0.435,-0.048,-0.554,-0.137,0.796,0.7,-0.499,0.579,0.095,-0.049,0.636,-0.103,-0.511,0.429,0.832,-0.83,-0.671,0.825,0.928,0.85,-0.804,-0.822,-0.669,-0.803,-0.839,-0.524,0.815,-0.076,0.708,-0.02,-0.742,-0.713,-0.709,0.087,-0.663,0.791,0.188,-0.202,-0.318,0.885,0.753,0.884,-0.445,0.832,0.236,-0.426,0.52,0.746,-0.733,0.925,0.347,0.429,-0.452,0.722,0.323,0.954,-0.443,0.639,-0.64,-0.686,-0.797,0.8,-0.307,-0.722,-0.528,0.001,-0.536,-0.745,-0.264,-0.59,-0.695,0.488,0.35,-0.604,-0.75,0.293,0.861,0.369,0.962,0.71,0.325,0.928,0.263,0.529,0.472,-0.564,0.604,0.868,-0.789,-0.57,-0.534,0.924,-0.429,-0.129,-0.014,0.935,0.605,0.923,-0.699,-0.044,0.529,-0.278,-0.495,0.062,-0.769,0.34,-0.255,-0.749,-0.552,0.84,-0.314,-0.853,0.013,-0.747,0.055,0.114,0.943,-0.445
CAKE,-0.812,0.14,0.75,-0.812,0.197,0.899,-0.333,-0.751,-0.755,-0.907,-0.598,0.162,-0.725,-0.714,-0.469,-0.708,-0.352,0.684,-0.779,-0.782,0.08,0.666,0.085,0.607,-0.727,-0.523,0.924,0.0,0.389,-0.327,0.114,0.123,0.829,0.578,-0.204,0.634,-0.829,-0.638,0.909,0.775,-0.681,0.896,0.354,0.876,0.564,-0.535,-0.85,-0.642,-0.653,-0.608,0.871,0.745,0.04,0.811,0.907,-0.587,-0.489,0.42,0.594,-0.517,-0.729,0.153,0.861,-0.198,-0.81,0.816,0.54,0.814,-0.391,0.012,-0.8,0.95,-0.588,-0.783,0.902,-0.866,-0.099,0.438,0.045,-0.663,-0.521,0.481,0.534,-0.001,-0.576,-0.187,0.841,0.725,-0.459,0.59,0.071,0.046,0.695,-0.014,-0.55,0.519,0.869,-0.799,-0.607,0.825,0.926,0.816,-0.817,-0.817,-0.596,-0.829,-0.799,-0.495,0.753,-0.002,0.695,0.058,-0.743,-0.721,-0.708,0.082,-0.655,0.772,0.254,-0.1,-0.204,0.895,0.79,0.849,-0.457,0.854,0.2,-0.466,0.658,0.775,-0.75,0.895,0.181,0.487,-0.383,0.786,0.312,0.912,-0.466,0.724,-0.61,-0.775,-0.802,0.823,-0.229,-0.802,-0.523,0.095,-0.526,-0.741,-0.261,-0.598,-0.755,0.567,0.205,-0.512,-0.737,0.167,0.872,0.356,0.944,0.729,0.393,0.888,0.153,0.566,0.482,-0.504,0.625,0.877,-0.82,-0.57,-0.481,0.904,-0.452,-0.055,0.077,0.964,0.578,0.872,-0.722,0.042,0.572,-0.22,-0.479,0.118,-0.794,0.338,-0.178,-0.672,-0.493,0.902,-0.305,-0.831,-0.082,-0.759,0.11,0.199,0.911,-0.376
CASY,-0.207,0.428,-0.067,-0.269,0.574,0.658,0.643,0.057,0.047,-0.203,0.215,0.637,0.12,-0.299,0.354,0.213,0.179,0.464,-0.188,-0.378,0.755,-0.023,0.789,-0.239,0.159,0.411,0.302,0.389,0.0,0.26,0.698,0.68,0.287,0.194,0.656,0.544,0.013,0.249,0.548,0.165,0.013,0.219,-0.288,0.535,0.804,0.423,-0.261,-0.016,-0.246,0.309,0.209,0.619,0.651,0.396,0.285,0.104,0.367,0.596,0.368,0.325,-0.534,0.784,0.176,0.598,-0.065,0.631,-0.266,0.134,0.524,0.607,-0.519,0.326,0.234,0.043,0.111,-0.131,0.197,-0.209,0.776,0.24,0.228,0.502,0.442,0.747,0.061,-0.683,0.612,0.191,-0.126,0.621,-0.441,0.681,0.514,0.099,-0.209,-0.051,0.684,0.049,0.31,0.03,0.195,-0.077,-0.221,-0.123,0.222,-0.193,0.056,0.398,0.102,0.726,0.376,0.461,-0.031,-0.023,0.176,0.408,0.137,0.141,0.823,0.805,0.744,0.446,0.734,0.058,0.446,0.336,-0.049,-0.4,0.764,0.282,0.109,0.363,-0.392,0.788,0.528,0.729,-0.069,0.15,0.211,0.41,0.365,-0.314,-0.316,0.141,0.662,-0.57,-0.399,0.452,0.34,0.13,0.703,-0.386,-0.354,0.818,-0.711,0.396,-0.328,-0.526,0.316,0.057,0.375,0.62,0.265,0.552,-0.167,0.688,0.605,0.064,-0.247,0.33,-0.125,0.353,0.511,0.363,-0.28,0.675,0.773,0.366,0.213,0.227,0.226,0.393,0.511,0.575,0.426,0.813,-0.222,0.793,0.703,0.051,0.473,0.468,-0.112,-0.098,-0.34,0.144,0.596,0.834,0.377,0.483
CCOI,0.574,0.111,-0.36,0.482,0.267,-0.209,0.429,0.552,0.668,0.43,0.619,0.15,0.543,0.518,0.391,0.57,0.206,-0.496,0.593,0.334,0.383,-0.644,0.299,-0.201,0.72,0.297,-0.316,-0.327,0.26,0.0,0.028,0.502,-0.55,-0.135,0.675,0.06,0.442,0.576,-0.331,-0.514,0.558,-0.403,-0.142,-0.304,0.058,0.454,0.485,0.722,0.544,0.338,-0.222,0.065,0.503,-0.076,-0.456,0.426,0.573,0.055,-0.07,0.726,0.436,0.281,-0.531,0.686,0.625,-0.158,-0.339,-0.298,0.334,0.427,0.43,-0.39,0.709,0.575,-0.48,0.454,0.762,-0.093,0.342,0.39,0.704,-0.245,-0.201,0.142,0.715,-0.097,-0.158,-0.298,0.511,0.307,-0.225,0.352,-0.221,0.294,0.637,-0.221,-0.223,0.608,0.636,-0.462,-0.336,-0.532,0.57,0.543,0.713,0.499,0.499,0.641,-0.014,0.197,-0.445,0.35,0.562,0.646,0.455,0.127,0.422,0.018,0.002,0.5,0.47,-0.228,-0.048,-0.37,0.312,-0.17,-0.009,0.17,-0.181,-0.007,0.567,-0.368,-0.09,0.087,0.458,-0.259,-0.116,-0.38,0.367,-0.273,0.597,0.545,0.562,-0.294,0.451,0.356,0.547,0.252,0.403,0.721,0.537,0.515,0.459,-0.097,-0.303,0.537,0.492,0.089,-0.196,0.119,-0.375,-0.28,0.26,-0.162,0.3,0.127,-0.197,0.634,-0.62,-0.495,0.64,0.671,0.626,-0.426,0.48,0.285,0.227,-0.412,-0.234,-0.296,0.595,0.518,-0.157,0.545,0.565,0.413,0.536,0.193,0.408,0.662,0.584,-0.346,0.23,0.471,0.194,0.506,-0.174,0.218,-0.368,0.567
