,AAPL,ACRS,ADP,AFYA,AGNC,AGYS,ALT,AMGN,AMPH,AMZN,ANIP,AOSL,APDN,APLT,APVO,ARGX,ARLP,ATEX,ATRA,AUTL,AVDL,BCRX,BHAT,BLBD,BMRN,BNGO,BUSE,CAKE,CASY,CCOI,CEVA,CHY,CLDX,CLMT,COHU,COLM,COST,CPRT,CSWC,CSX,DBX,DCOM,DKNG,DMLP,DOX,EA,EDIT,ENPH,ENSG,ERNA,ESGR,ETNB,EXTR,FANG,FARO,FATE,FGEN,FIVE,FIVN,FLGT,FOLD,FORM,FOXA,FRPT,FSLR,FTAI,GBDC,GDYN,GGAL,GNLN,GRFS,GT,HCAT,HCM,HFWA,HOLX,HQY,HUBG,IAC,ICLR,IDCC,IEP,IHRT,ILMN,ILPT,IMAB,IMOS,INMD,INTZ,JAZZ,JKHY,JRVR,KIDS,LBRDK,LGND,LMAT,LPLA,LULU,MASI,MAT,MATW,MBIN,MBIO,MCRB,MDB,MDLZ,MELI,MIRM,MLKN,MNMD,MNRO,MPWR,MRCY,MRSN,MTVA,NAAS,NDAQ,NDSN,NEGG,NOVT,NVDA,NWE,NWSA,NXST,OCX,ODFL,OMAB,OPCH,OPRA,ORGO,OTRK,OZK,PAGP,PCH,PEGA,PENG,PENN,PFBC,PGNY,PHAT,PHUN,PINC,PLUG,PLXS,PYPL,QLYS,QNCX,QQQX,QVCGA,RAPT,RBBN,RCKT,REPL,RMBS,ROAD,ROKU,ROP,RUSHA,SANM,SATS,SBCF,SBLK,SBUX,SCHL,SCSC,SDGR,SEIC,SFIX,SGRY,SKYW,SLP,SNES,STAA,STLD,STOK,SWKS,TER,TFIN,TIGO,TILE,TPIC,TTEC,TTEK,TTGT,UXIN,VERU,VLYPP,VNOM,VRNS,VRSN,WDAY,WERN,WINA,WKHS,WRLD,XP,XTKG,YY,ZION,ZM
AAPL,0.0,0.02,-0.122,-0.543,0.622,-0.15,0.623,-0.22,-0.514,-0.047,-0.448,0.241,-0.411,-0.234,-0.567,0.408,0.631,-0.502,0.415,0.307,0.264,-0.358,-0.396,-0.395,0.149,-0.386,0.114,0.293,0.617,-0.55,-0.399,0.079,0.314,0.042,-0.286,0.04,0.673,-0.356,0.143,0.491,-0.38,-0.13,0.477,0.368,0.609,0.521,0.434,-0.425,-0.305,-0.293,-0.524,0.371,-0.314,-0.208,-0.373,-0.544,-0.578,0.52,-0.498,-0.326,0.542,-0.22,0.409,-0.471,0.488,0.046,-0.149,0.359,0.517,-0.491,-0.542,-0.132,-0.424,-0.55,0.404,0.63,-0.598,0.696,-0.124,0.241,0.165,-0.298,0.051,-0.129,0.292,-0.443,0.1,0.291,0.233,-0.478,0.593,0.252,-0.312,0.691,0.378,-0.069,0.414,-0.036,0.189,-0.102,0.581,0.302,0.091,-0.505,0.429,0.209,0.359,0.252,0.031,-0.358,-0.265,0.491,-0.523,0.404,0.055,-0.573,0.745,0.682,-0.3,0.512,0.44,0.516,-0.491,-0.228,-0.5,0.739,0.401,0.489,-0.179,0.182,-0.478,0.204,-0.105,0.075,0.462,-0.443,0.292,0.435,-0.005,0.049,-0.427,0.223,-0.388,0.328,0.325,0.577,0.317,0.379,-0.337,-0.198,-0.272,-0.37,-0.362,-0.237,0.282,-0.502,-0.194,-0.122,0.165,0.244,0.297,0.669,-0.362,-0.232,0.45,-0.491,0.334,-0.482,-0.226,0.443,-0.371,0.307,-0.055,0.606,-0.203,-0.194,-0.391,0.246,-0.417,-0.071,-0.161,0.459,0.536,0.033,-0.453,0.524,0.035,0.192,0.421,-0.043,0.427,0.719,-0.123,-0.476,0.149,0.038,0.299,0.107,0.488,-0.535
ACRS,0.02,0.0,-0.102,0.413,0.234,0.779,0.124,-0.023,0.377,0.779,0.369,0.773,0.327,0.161,0.361,0.439,0.368,0.34,0.581,0.682,0.717,0.609,0.682,0.241,0.656,0.737,0.606,0.759,0.106,0.398,0.67,0.575,0.437,0.77,0.712,0.735,-0.322,0.644,0.575,-0.305,0.436,0.421,0.419,0.416,-0.384,0.013,0.011,0.633,0.446,0.677,0.009,0.429,0.679,0.75,0.691,-0.042,0.196,-0.243,0.424,0.345,0.254,0.722,0.064,0.393,0.115,0.483,0.412,0.085,0.442,0.476,0.054,0.408,0.513,0.12,0.295,0.317,0.508,0.071,0.548,0.243,0.281,0.019,0.314,-0.289,0.067,0.331,0.619,0.502,0.051,0.306,-0.24,-0.153,0.393,-0.006,0.69,0.336,0.458,0.773,-0.026,0.694,0.514,0.321,0.583,0.341,0.537,-0.618,0.141,0.615,0.808,0.337,0.485,0.413,0.325,0.572,0.502,0.478,0.48,0.24,0.578,0.005,0.517,-0.434,0.36,0.626,0.35,0.16,0.335,0.317,0.627,0.746,0.134,0.352,0.358,0.876,0.287,0.656,0.681,0.375,0.642,0.771,0.717,-0.224,0.472,0.724,0.662,0.167,0.054,0.562,0.577,0.512,0.582,0.564,0.448,0.546,0.254,0.388,0.137,0.612,0.747,0.512,0.258,0.166,0.258,0.431,0.376,0.484,0.69,0.44,0.567,0.456,0.569,0.195,0.051,0.059,0.681,0.745,0.584,0.265,0.377,0.819,0.706,0.502,0.471,0.545,0.736,0.614,0.065,0.664,0.685,0.518,0.572,0.188,0.312,0.532,0.222,0.495,0.035,0.717,0.451,0.336
ADP,-0.122,-0.102,0.0,0.512,-0.247,0.4,-0.602,0.393,0.427,0.038,0.432,-0.162,0.478,-0.154,-0.141,-0.717,-0.132,0.425,-0.612,-0.469,-0.252,0.279,0.085,0.771,-0.46,0.258,0.103,-0.225,-0.608,0.338,0.117,0.005,-0.712,-0.361,0.037,0.122,-0.254,0.071,0.237,-0.012,0.675,0.365,-0.556,0.312,-0.102,-0.631,-0.135,0.274,0.671,0.324,0.823,-0.202,0.445,0.384,0.343,0.671,0.484,-0.187,0.379,0.321,-0.38,-0.152,0.078,0.364,0.323,0.064,0.583,-0.387,-0.6,0.2,0.092,0.629,0.239,0.646,0.221,-0.426,0.448,-0.534,-0.508,-0.783,0.351,0.839,-0.315,0.776,-0.064,0.477,-0.085,-0.773,0.196,0.386,0.123,0.222,0.164,-0.563,-0.373,0.298,-0.149,0.209,-0.712,0.4,-0.18,0.34,-0.363,0.612,-0.614,0.292,-0.053,-0.608,-0.009,0.721,0.317,-0.694,0.333,-0.074,-0.043,0.26,-0.182,-0.728,0.401,-0.33,-0.651,-0.303,0.593,0.216,0.478,-0.526,0.085,-0.745,-0.133,-0.115,0.758,0.309,0.668,0.058,-0.762,0.178,-0.468,-0.409,-0.426,-0.088,0.147,-0.613,0.294,-0.469,-0.028,-0.442,0.067,-0.475,0.218,0.182,0.59,0.241,0.161,0.389,0.23,0.295,0.287,0.487,0.078,0.062,0.305,-0.652,0.472,0.099,-0.653,0.312,-0.055,0.191,0.036,-0.534,0.502,-0.647,0.2,-0.038,-0.089,0.264,0.238,0.131,0.547,-0.155,0.174,-0.166,0.059,0.233,-0.061,-0.536,-0.306,0.144,-0.529,-0.267,-0.598,-0.585,-0.104,0.244,-0.515,0.143,0.389,-0.566,-0.227,0.434
AFYA,-0.543,0.413,0.512,0.0,-0.597,0.668,-0.785,0.494,0.887,0.623,0.869,-0.006,0.715,0.398,0.523,-0.443,-0.435,0.652,-0.335,-0.174,-0.024,0.773,0.807,0.797,-0.004,0.763,0.101,0.034,-0.782,0.824,0.794,0.129,-0.38,0.285,0.664,0.354,-0.826,0.791,0.239,-0.732,0.748,0.366,-0.507,0.068,-0.61,-0.553,-0.621,0.879,0.848,0.741,0.773,-0.22,0.744,0.757,0.815,0.641,0.854,-0.743,0.925,0.747,-0.604,0.516,-0.398,0.849,-0.298,-0.01,0.632,-0.616,-0.494,0.861,0.601,0.442,0.831,0.839,-0.274,-0.539,0.943,-0.724,0.302,-0.378,-0.055,0.691,0.223,0.426,-0.306,0.861,0.067,-0.302,0.015,0.82,-0.398,-0.386,0.523,-0.789,-0.03,0.37,-0.341,0.656,-0.325,0.605,-0.382,-0.052,-0.05,0.901,-0.345,-0.299,-0.433,-0.147,0.421,0.804,0.785,-0.469,0.769,-0.154,0.122,0.869,-0.269,-0.622,0.6,-0.743,-0.35,-0.846,0.91,0.536,0.821,-0.734,0.051,-0.589,0.539,0.095,0.83,-0.036,0.605,0.456,-0.603,0.796,-0.187,-0.536,0.333,0.338,0.718,-0.734,0.574,-0.039,0.206,-0.628,-0.427,-0.261,0.826,0.404,0.693,0.821,0.746,0.765,-0.087,0.856,0.654,0.618,0.274,-0.098,-0.187,-0.746,0.801,0.462,-0.518,0.907,0.003,0.814,0.629,-0.417,0.853,-0.511,0.128,-0.561,0.54,0.79,0.845,-0.294,0.897,0.431,0.423,-0.194,-0.245,0.317,0.659,-0.361,0.033,0.139,-0.159,0.293,-0.349,-0.693,0.103,0.866,-0.215,0.173,-0.058,0.03,-0.409,0.925
AGNC,0.622,0.234,-0.247,-0.597,0.0,0.015,0.824,-0.556,-0.644,-0.102,-0.601,0.593,-0.352,-0.421,-0.483,0.632,0.906,-0.297,0.606,0.658,0.451,-0.309,-0.374,-0.365,0.306,-0.152,0.545,0.571,0.76,-0.59,-0.423,0.511,0.456,0.161,-0.272,0.316,0.61,-0.42,0.439,0.685,-0.145,0.173,0.826,0.395,0.357,0.339,0.85,-0.47,-0.386,-0.127,-0.523,0.681,-0.126,-0.076,-0.264,-0.406,-0.692,0.772,-0.599,-0.469,0.868,-0.146,0.766,-0.629,0.677,0.637,-0.025,0.681,0.757,-0.631,-0.828,0.241,-0.51,-0.601,0.781,0.71,-0.537,0.622,-0.27,0.185,0.626,-0.41,-0.209,-0.241,0.179,-0.496,0.424,0.313,0.406,-0.666,0.122,0.57,-0.266,0.692,0.453,-0.041,0.874,-0.049,-0.094,0.14,0.849,0.596,0.451,-0.535,0.645,-0.157,0.811,0.322,0.225,-0.319,-0.486,0.524,-0.554,0.62,0.424,-0.511,0.675,0.574,0.014,0.754,0.529,0.473,-0.497,0.095,-0.511,0.783,0.279,0.645,-0.22,0.453,-0.487,0.673,-0.005,0.229,0.563,-0.36,0.657,0.818,-0.176,0.153,-0.177,0.365,-0.023,0.374,0.287,0.807,0.754,0.654,-0.466,0.187,0.013,-0.466,-0.531,-0.342,0.558,-0.681,-0.682,-0.025,0.416,0.745,0.746,0.762,-0.559,-0.15,0.719,-0.566,0.661,-0.626,-0.381,0.793,-0.261,0.481,0.121,0.857,-0.205,-0.291,-0.486,0.763,-0.531,-0.014,0.318,0.636,0.822,0.295,-0.254,0.694,-0.265,0.585,0.499,-0.282,0.556,0.637,-0.064,-0.499,-0.061,0.449,0.384,0.307,0.905,-0.643
AGYS,-0.15,0.779,0.4,0.668,0.015,0.0,-0.221,0.155,0.557,0.731,0.57,0.579,0.553,0.042,0.354,-0.053,0.251,0.528,0.162,0.374,0.444,0.74,0.687,0.65,0.375,0.797,0.608,0.611,-0.322,0.549,0.696,0.502,0.026,0.529,0.704,0.687,-0.459,0.671,0.554,-0.349,0.761,0.592,0.07,0.461,-0.46,-0.379,-0.083,0.695,0.723,0.778,0.466,0.328,0.777,0.869,0.824,0.357,0.455,-0.407,0.641,0.584,0.012,0.6,0.102,0.503,0.177,0.467,0.727,-0.141,0.071,0.583,0.062,0.694,0.611,0.432,0.341,0.051,0.726,-0.269,0.224,-0.167,0.344,0.465,0.184,0.15,0.026,0.53,0.555,0.038,0.095,0.452,-0.2,-0.053,0.487,-0.312,0.334,0.45,0.325,0.811,-0.433,0.804,0.322,0.478,0.347,0.632,0.162,-0.492,0.093,0.246,0.655,0.689,0.573,-0.015,0.475,0.496,0.487,0.574,0.304,-0.2,0.715,-0.221,0.11,-0.568,0.698,0.711,0.569,-0.184,0.294,-0.131,0.533,0.546,0.555,0.463,0.625,0.823,-0.164,0.731,0.398,0.093,0.358,0.649,0.749,-0.617,0.553,0.369,0.553,-0.142,0.049,0.219,0.647,0.598,0.818,0.656,0.506,0.721,0.266,0.506,0.295,0.739,0.73,0.482,0.323,-0.207,0.49,0.448,-0.003,0.614,0.567,0.489,0.531,0.146,0.77,-0.283,0.23,-0.054,0.558,0.783,0.68,0.254,0.657,0.658,0.731,0.4,0.442,0.677,0.606,0.228,-0.137,0.645,0.353,0.281,0.21,-0.191,0.162,0.635,-0.176,0.536,0.202,0.349,0.263,0.591
ALT,0.623,0.124,-0.602,-0.785,0.824,-0.221,0.0,-0.707,-0.798,-0.189,-0.795,0.52,-0.558,-0.371,-0.386,0.784,0.761,-0.526,0.727,0.667,0.469,-0.51,-0.46,-0.728,0.423,-0.391,0.319,0.46,0.921,-0.721,-0.477,0.307,0.72,0.229,-0.291,0.042,0.763,-0.439,0.113,0.625,-0.558,-0.104,0.885,0.185,0.414,0.606,0.755,-0.579,-0.713,-0.388,-0.87,0.583,-0.409,-0.366,-0.496,-0.769,-0.86,0.717,-0.742,-0.553,0.881,-0.099,0.531,-0.775,0.415,0.346,-0.433,0.718,0.89,-0.682,-0.698,-0.231,-0.649,-0.909,0.517,0.86,-0.746,0.807,-0.03,0.588,0.281,-0.78,-0.025,-0.615,0.262,-0.78,0.396,0.644,0.025,-0.805,0.231,0.327,-0.379,0.913,0.425,-0.251,0.714,-0.185,0.302,-0.168,0.745,0.245,0.377,-0.829,0.764,-0.16,0.653,0.543,0.0,-0.726,-0.606,0.809,-0.758,0.512,0.264,-0.632,0.652,0.826,-0.306,0.844,0.752,0.61,-0.781,-0.208,-0.732,0.959,0.126,0.873,-0.169,0.41,-0.849,0.317,-0.475,0.068,0.844,-0.457,0.686,0.865,0.038,0.102,-0.322,0.597,-0.308,0.455,0.193,0.895,0.592,0.667,-0.569,-0.097,-0.359,-0.58,-0.565,-0.467,0.307,-0.764,-0.683,-0.366,0.182,0.506,0.387,0.95,-0.797,-0.243,0.878,-0.714,0.497,-0.699,-0.442,0.825,-0.599,0.675,-0.074,0.703,-0.252,-0.43,-0.584,0.507,-0.777,-0.02,0.048,0.527,0.633,0.042,-0.313,0.81,-0.108,0.31,0.629,-0.074,0.741,0.866,0.029,-0.642,0.301,0.251,0.084,0.47,0.792,-0.794
AMGN,-0.22,-0.023,0.393,0.494,-0.556,0.155,-0.707,0.0,0.7,0.192,0.687,-0.431,0.252,0.288,0.15,-0.59,-0.463,0.221,-0.451,-0.575,-0.272,0.348,0.347,0.58,-0.243,0.181,-0.447,-0.184,-0.557,0.538,0.296,-0.546,-0.607,-0.089,0.231,0.082,-0.605,0.335,-0.039,-0.423,0.259,-0.146,-0.717,-0.011,-0.11,-0.236,-0.767,0.415,0.595,0.377,0.552,-0.541,0.214,0.292,0.419,0.435,0.551,-0.626,0.484,0.298,-0.78,-0.017,-0.535,0.633,-0.406,-0.391,0.401,-0.705,-0.661,0.586,0.478,0.127,0.556,0.673,-0.457,-0.578,0.468,-0.245,0.118,-0.368,-0.41,0.551,0.266,0.503,-0.11,0.625,-0.465,-0.464,0.049,0.806,0.16,-0.482,0.157,-0.655,-0.214,0.164,-0.642,0.063,-0.204,-0.001,-0.465,-0.216,-0.319,0.621,-0.611,0.465,-0.719,-0.213,0.248,0.55,0.559,-0.632,0.771,-0.359,-0.322,0.327,-0.314,-0.383,0.072,-0.679,-0.588,-0.331,0.532,0.01,0.45,-0.644,0.363,-0.638,0.037,-0.427,0.626,-0.437,0.501,0.116,-0.594,0.236,-0.531,-0.72,0.148,-0.151,0.099,-0.463,0.05,-0.195,-0.235,-0.702,-0.627,-0.426,0.58,-0.075,0.078,0.505,0.448,0.212,-0.232,0.644,0.701,0.483,-0.077,-0.496,-0.406,-0.578,0.741,-0.018,-0.638,0.482,-0.41,0.713,0.677,-0.574,0.357,-0.632,-0.135,-0.455,0.432,0.384,0.444,-0.565,0.695,0.222,-0.267,-0.388,-0.47,-0.239,0.234,-0.516,0.461,-0.228,-0.35,0.157,-0.445,-0.398,0.069,0.545,-0.064,-0.563,0.049,-0.394,-0.648,0.486
AMPH,-0.514,0.377,0.427,0.887,-0.644,0.557,-0.798,0.7,0.0,0.631,0.911,-0.064,0.623,0.414,0.517,-0.428,-0.485,0.641,-0.257,-0.244,-0.042,0.695,0.804,0.77,0.043,0.684,-0.068,0.007,-0.747,0.896,0.791,-0.087,-0.392,0.279,0.707,0.318,-0.881,0.792,0.185,-0.766,0.635,0.168,-0.601,0.063,-0.599,-0.438,-0.773,0.892,0.842,0.747,0.707,-0.295,0.707,0.707,0.837,0.559,0.83,-0.833,0.887,0.629,-0.714,0.528,-0.572,0.918,-0.383,-0.084,0.577,-0.642,-0.524,0.905,0.694,0.34,0.876,0.855,-0.377,-0.525,0.891,-0.566,0.393,-0.31,-0.219,0.642,0.283,0.361,-0.241,0.895,-0.066,-0.25,-0.082,0.941,-0.278,-0.522,0.483,-0.806,0.062,0.414,-0.484,0.54,-0.215,0.483,-0.397,-0.109,-0.054,0.89,-0.421,-0.145,-0.622,-0.035,0.436,0.746,0.836,-0.471,0.874,-0.243,0.091,0.819,-0.283,-0.524,0.456,-0.805,-0.363,-0.772,0.839,0.447,0.786,-0.747,0.177,-0.584,0.509,0.009,0.791,-0.232,0.56,0.43,-0.538,0.781,-0.266,-0.581,0.423,0.331,0.678,-0.657,0.545,0.062,0.117,-0.688,-0.543,-0.226,0.881,0.291,0.56,0.887,0.776,0.692,-0.182,0.932,0.769,0.654,0.232,-0.2,-0.315,-0.704,0.86,0.366,-0.56,0.894,-0.099,0.929,0.785,-0.458,0.776,-0.551,-0.005,-0.618,0.677,0.816,0.87,-0.427,0.905,0.529,0.261,-0.301,-0.361,0.14,0.718,-0.374,0.168,0.084,-0.151,0.441,-0.286,-0.585,0.26,0.911,-0.018,-0.077,-0.167,0.015,-0.524,0.876
AMZN,-0.047,0.779,0.038,0.623,-0.102,0.731,-0.189,0.192,0.631,0.0,0.598,0.494,0.549,0.338,0.511,0.206,0.095,0.472,0.422,0.491,0.364,0.739,0.87,0.416,0.641,0.801,0.386,0.595,-0.232,0.659,0.872,0.398,0.267,0.732,0.907,0.601,-0.546,0.889,0.498,-0.679,0.493,0.296,0.129,0.247,-0.559,-0.092,-0.335,0.797,0.581,0.799,0.203,0.368,0.706,0.833,0.844,0.187,0.453,-0.573,0.712,0.63,-0.062,0.871,-0.183,0.605,-0.169,0.291,0.574,-0.141,0.209,0.756,0.269,0.361,0.77,0.386,-0.015,0.108,0.672,-0.154,0.634,0.164,-0.013,0.247,0.441,-0.097,-0.111,0.602,0.387,0.351,0.074,0.512,-0.294,-0.431,0.59,-0.212,0.64,0.541,0.126,0.87,0.037,0.7,0.179,0.18,0.502,0.541,0.337,-0.65,-0.153,0.542,0.684,0.482,0.709,0.187,0.497,0.331,0.58,0.665,0.367,0.063,0.544,-0.393,0.347,-0.595,0.613,0.67,0.532,-0.118,0.281,0.083,0.823,0.482,0.378,0.12,0.374,0.808,0.098,0.871,0.455,0.034,0.726,0.804,0.805,-0.549,0.587,0.648,0.694,-0.116,-0.229,0.392,0.791,0.534,0.553,0.846,0.695,0.795,-0.063,0.653,0.54,0.54,0.712,0.294,-0.072,-0.075,0.566,0.486,0.143,0.756,0.516,0.647,0.746,0.255,0.707,-0.092,0.234,-0.298,0.753,0.892,0.857,-0.089,0.618,0.809,0.591,0.313,0.207,0.578,0.765,0.317,0.094,0.457,0.569,0.627,0.401,-0.057,0.209,0.764,0.094,0.409,-0.169,0.616,0.121,0.654
ANIP,-0.448,0.369,0.432,0.869,-0.601,0.57,-0.795,0.687,0.911,0.598,0.0,-0.137,0.64,0.605,0.569,-0.399,-0.463,0.57,-0.308,-0.247,-0.012,0.778,0.783,0.738,-0.078,0.706,-0.018,0.018,-0.773,0.819,0.779,0.023,-0.37,0.286,0.592,0.336,-0.833,0.769,0.232,-0.746,0.646,0.326,-0.588,-0.002,-0.499,-0.442,-0.71,0.841,0.878,0.675,0.727,-0.291,0.661,0.737,0.785,0.563,0.887,-0.765,0.917,0.773,-0.665,0.457,-0.45,0.942,-0.362,-0.118,0.594,-0.628,-0.551,0.881,0.688,0.299,0.881,0.827,-0.378,-0.612,0.892,-0.605,0.395,-0.335,-0.211,0.641,0.343,0.427,-0.224,0.913,-0.071,-0.274,0.052,0.918,-0.261,-0.415,0.527,-0.751,0.066,0.367,-0.447,0.587,-0.147,0.489,-0.358,-0.076,-0.018,0.908,-0.386,-0.17,-0.588,-0.126,0.496,0.784,0.91,-0.464,0.835,-0.22,-0.009,0.813,-0.281,-0.496,0.438,-0.835,-0.326,-0.707,0.897,0.527,0.789,-0.733,0.117,-0.562,0.479,-0.028,0.792,-0.162,0.654,0.396,-0.587,0.717,-0.271,-0.609,0.373,0.34,0.604,-0.663,0.436,0.031,0.195,-0.768,-0.63,-0.26,0.873,0.364,0.549,0.827,0.824,0.695,-0.258,0.917,0.815,0.654,0.177,-0.269,-0.295,-0.697,0.908,0.512,-0.6,0.905,-0.126,0.894,0.756,-0.469,0.827,-0.477,0.016,-0.629,0.668,0.773,0.83,-0.442,0.906,0.468,0.263,-0.183,-0.349,0.181,0.644,-0.398,0.221,0.04,-0.2,0.378,-0.365,-0.589,0.066,0.868,-0.062,-0.069,-0.064,-0.042,-0.503,0.899
AOSL,0.241,0.773,-0.162,-0.006,0.593,0.579,0.52,-0.431,-0.064,0.494,-0.137,0.0,0.09,-0.252,0.048,0.589,0.693,0.182,0.702,0.821,0.748,0.22,0.282,0.012,0.663,0.417,0.714,0.799,0.418,-0.002,0.271,0.654,0.546,0.598,0.438,0.643,0.097,0.25,0.546,0.135,0.218,0.353,0.714,0.569,-0.223,0.154,0.461,0.222,0.059,0.397,-0.262,0.678,0.413,0.456,0.354,-0.242,-0.255,0.183,-0.027,-0.005,0.626,0.516,0.411,-0.112,0.434,0.71,0.214,0.429,0.736,0.0,-0.363,0.42,0.051,-0.258,0.655,0.649,0.087,0.325,0.222,0.379,0.541,-0.222,0.057,-0.426,0.088,-0.097,0.764,0.541,0.073,-0.186,-0.123,0.155,0.138,0.355,0.677,0.206,0.769,0.523,-0.115,0.57,0.774,0.497,0.574,-0.069,0.673,-0.584,0.55,0.64,0.564,0.024,0.034,0.593,-0.116,0.722,0.621,0.097,0.659,0.403,0.392,0.472,0.638,-0.106,-0.032,0.456,-0.009,0.517,0.302,0.545,0.396,0.8,-0.18,0.594,0.105,0.738,0.515,0.343,0.827,0.75,0.365,0.611,0.486,0.024,0.346,0.691,0.592,0.554,0.504,0.722,0.115,0.505,0.452,0.152,-0.005,0.266,0.473,-0.107,-0.317,0.364,0.729,0.813,0.557,0.49,-0.202,0.173,0.66,0.011,0.834,-0.059,0.134,0.723,0.201,0.342,0.089,0.463,0.292,0.383,0.175,0.62,-0.032,0.591,0.676,0.617,0.776,0.547,0.397,0.79,-0.243,0.787,0.75,0.262,0.728,0.446,0.362,0.105,0.135,0.656,0.183,0.703,0.789,-0.103
APDN,-0.411,0.327,0.478,0.715,-0.352,0.553,-0.558,0.252,0.623,0.549,0.64,0.09,0.0,0.292,0.456,-0.285,-0.28,0.637,-0.222,-0.004,-0.067,0.681,0.579,0.624,0.07,0.694,0.312,0.046,-0.609,0.694,0.65,0.289,-0.203,0.182,0.547,0.32,-0.586,0.613,0.48,-0.545,0.696,0.543,-0.298,0.05,-0.623,-0.561,-0.307,0.646,0.684,0.666,0.659,0.049,0.691,0.714,0.667,0.627,0.685,-0.526,0.72,0.725,-0.318,0.472,-0.127,0.618,-0.142,0.215,0.589,-0.245,-0.31,0.612,0.354,0.503,0.616,0.671,-0.005,-0.422,0.74,-0.612,0.15,-0.322,0.161,0.624,-0.045,0.329,-0.197,0.634,0.127,-0.242,0.103,0.536,-0.42,-0.117,0.634,-0.533,0.031,0.536,-0.095,0.528,-0.275,0.548,-0.174,0.162,0.197,0.702,-0.169,-0.4,-0.163,-0.121,0.292,0.664,0.625,-0.372,0.561,0.026,0.298,0.667,-0.25,-0.559,0.601,-0.549,-0.222,-0.553,0.728,0.641,0.692,-0.512,-0.142,-0.384,0.442,0.12,0.683,0.247,0.509,0.339,-0.412,0.697,-0.059,-0.278,0.09,0.383,0.649,-0.621,0.553,0.018,0.317,-0.476,-0.233,-0.166,0.533,0.564,0.633,0.63,0.536,0.761,-0.13,0.608,0.472,0.44,0.342,0.116,0.016,-0.575,0.639,0.503,-0.346,0.686,0.137,0.511,0.432,-0.249,0.729,-0.373,0.376,-0.441,0.381,0.595,0.665,-0.021,0.646,0.339,0.479,0.0,-0.098,0.487,0.484,-0.295,-0.218,0.19,-0.116,0.217,-0.23,-0.547,-0.031,0.618,-0.279,0.353,-0.028,0.027,-0.156,0.741
APLT,-0.234,0.161,-0.154,0.398,-0.421,0.042,-0.371,0.288,0.414,0.338,0.605,-0.252,0.292,0.0,0.583,0.114,-0.458,0.219,-0.026,-0.055,0.006,0.483,0.477,0.057,-0.029,0.379,-0.13,-0.143,-0.33,0.44,0.52,0.101,0.119,0.283,0.271,-0.021,-0.413,0.503,0.022,-0.618,0.105,0.144,-0.269,-0.327,-0.261,-0.066,-0.453,0.422,0.31,0.172,0.172,-0.202,0.236,0.274,0.279,0.075,0.581,-0.389,0.54,0.583,-0.323,0.362,-0.352,0.605,-0.499,-0.237,0.035,-0.224,-0.248,0.522,0.646,-0.277,0.575,0.313,-0.526,-0.415,0.421,-0.325,0.559,0.058,-0.395,0.042,0.371,0.0,-0.134,0.482,-0.152,0.132,-0.014,0.48,-0.257,-0.365,0.41,-0.277,0.231,0.153,-0.373,0.298,0.493,0.119,-0.291,-0.324,0.175,0.372,-0.029,-0.25,-0.447,0.013,0.28,0.168,0.622,-0.036,0.372,-0.272,-0.115,0.516,-0.251,-0.075,0.044,-0.597,0.08,-0.292,0.375,0.313,0.389,-0.347,-0.255,-0.043,0.358,-0.076,0.18,-0.337,0.117,0.013,-0.115,0.394,-0.138,-0.372,0.36,0.285,0.267,-0.136,0.117,0.154,0.224,-0.489,-0.645,-0.053,0.492,0.177,0.028,0.459,0.585,0.342,-0.561,0.568,0.594,0.073,-0.154,-0.423,-0.483,-0.273,0.498,0.563,-0.265,0.567,-0.192,0.523,0.437,-0.244,0.405,0.113,-0.033,-0.616,0.482,0.365,0.474,-0.509,0.32,0.219,0.025,-0.11,-0.477,-0.043,0.405,-0.197,0.377,-0.245,-0.107,0.458,-0.217,-0.235,-0.113,0.45,0.24,-0.159,-0.373,0.154,-0.402,0.517
APVO,-0.567,0.361,-0.141,0.523,-0.483,0.354,-0.386,0.15,0.517,0.511,0.569,0.048,0.456,0.583,0.0,0.035,-0.419,0.479,0.07,0.105,0.092,0.615,0.654,0.179,0.285,0.599,0.122,0.11,-0.391,0.66,0.755,0.203,0.2,0.412,0.627,0.217,-0.512,0.688,-0.013,-0.734,0.297,0.248,-0.149,-0.241,-0.519,-0.272,-0.441,0.557,0.364,0.342,0.231,-0.073,0.445,0.431,0.563,0.201,0.58,-0.591,0.615,0.566,-0.291,0.68,-0.325,0.605,-0.528,0.026,0.182,-0.117,-0.133,0.662,0.617,-0.037,0.68,0.321,-0.378,-0.328,0.629,-0.413,0.643,0.168,-0.328,0.042,0.307,-0.206,-0.016,0.45,0.091,0.27,-0.17,0.465,-0.362,-0.381,0.591,-0.355,0.164,0.348,-0.196,0.45,0.295,0.314,-0.267,-0.192,0.34,0.412,0.066,-0.518,-0.324,0.219,0.293,0.264,0.566,0.039,0.507,-0.06,0.135,0.569,-0.202,-0.201,0.345,-0.449,0.171,-0.446,0.514,0.496,0.491,-0.38,-0.321,-0.03,0.6,0.117,0.242,-0.182,-0.01,0.222,-0.017,0.7,0.129,-0.153,0.463,0.415,0.559,-0.299,0.348,0.266,0.297,-0.455,-0.515,0.02,0.544,0.299,0.23,0.596,0.637,0.52,-0.543,0.625,0.475,0.164,0.097,-0.181,-0.369,-0.305,0.471,0.66,-0.135,0.66,0.041,0.576,0.532,-0.11,0.489,0.075,0.155,-0.692,0.48,0.544,0.66,-0.316,0.375,0.46,0.289,0.023,-0.339,0.223,0.651,-0.055,0.282,-0.072,0.098,0.591,0.055,-0.315,0.112,0.565,0.193,0.077,-0.548,0.4,-0.265,0.594
ARGX,0.408,0.439,-0.717,-0.443,0.632,-0.053,0.784,-0.59,-0.428,0.206,-0.399,0.589,-0.285,0.114,0.035,0.0,0.555,-0.2,0.857,0.824,0.63,-0.137,0.01,-0.602,0.57,0.046,0.378,0.522,0.765,-0.307,-0.026,0.534,0.867,0.593,0.074,0.255,0.394,0.015,0.296,0.172,-0.361,0.023,0.845,0.06,0.066,0.551,0.496,-0.129,-0.442,-0.057,-0.772,0.579,-0.033,-0.031,-0.12,-0.709,-0.505,0.472,-0.347,-0.218,0.735,0.33,0.311,-0.32,0.191,0.428,-0.327,0.612,0.883,-0.274,-0.308,-0.234,-0.203,-0.662,0.283,0.676,-0.359,0.577,0.424,0.685,0.184,-0.75,0.155,-0.695,0.075,-0.386,0.436,0.829,0.077,-0.439,-0.094,0.085,-0.103,0.672,0.755,-0.067,0.616,0.168,0.525,0.151,0.637,0.13,0.611,-0.536,0.855,-0.501,0.461,0.687,0.351,-0.554,-0.179,0.868,-0.421,0.387,0.396,-0.141,0.588,0.793,-0.11,0.522,0.899,0.232,-0.489,0.12,-0.421,0.754,0.037,0.934,0.227,0.582,-0.7,0.221,-0.351,0.263,0.836,-0.023,0.774,0.771,0.395,0.433,0.102,0.484,0.038,0.685,0.451,0.712,0.334,0.823,-0.162,0.127,-0.123,-0.171,-0.154,-0.166,0.137,-0.335,-0.387,-0.158,0.254,0.443,0.214,0.78,-0.478,0.15,0.844,-0.245,0.589,-0.271,-0.077,0.815,-0.212,0.842,-0.106,0.393,0.164,-0.003,-0.166,0.325,-0.522,0.314,0.323,0.482,0.449,0.121,0.185,0.823,0.059,0.394,0.702,0.321,0.752,0.692,0.098,-0.222,0.475,0.349,-0.2,0.79,0.674,-0.422
ARLP,0.631,0.368,-0.132,-0.435,0.906,0.251,0.761,-0.463,-0.485,0.095,-0.463,0.693,-0.28,-0.458,-0.419,0.555,0.0,-0.206,0.623,0.676,0.539,-0.183,-0.198,-0.193,0.419,-0.034,0.604,0.741,0.657,-0.476,-0.255,0.501,0.435,0.319,-0.057,0.458,0.511,-0.221,0.474,0.573,-0.066,0.24,0.793,0.521,0.287,0.326,0.727,-0.3,-0.247,0.038,-0.447,0.713,-0.006,0.099,-0.072,-0.392,-0.625,0.605,-0.446,-0.302,0.814,0.027,0.695,-0.534,0.648,0.649,0.121,0.552,0.778,-0.44,-0.799,0.328,-0.366,-0.547,0.802,0.775,-0.4,0.623,-0.19,0.21,0.57,-0.342,-0.031,-0.21,0.183,-0.416,0.538,0.329,0.327,-0.545,0.198,0.425,-0.216,0.649,0.503,0.024,0.861,0.174,-0.187,0.282,0.907,0.691,0.413,-0.409,0.619,-0.225,0.744,0.448,0.342,-0.199,-0.301,0.524,-0.462,0.685,0.516,-0.405,0.807,0.58,0.068,0.687,0.55,0.348,-0.34,0.163,-0.443,0.757,0.452,0.595,-0.034,0.523,-0.375,0.671,0.095,0.462,0.514,-0.189,0.716,0.794,-0.002,0.307,-0.032,0.14,0.003,0.458,0.398,0.752,0.691,0.703,-0.265,0.217,0.136,-0.28,-0.381,-0.152,0.591,-0.552,-0.529,0.14,0.57,0.803,0.703,0.743,-0.429,-0.129,0.73,-0.426,0.751,-0.475,-0.213,0.821,-0.16,0.339,0.086,0.824,-0.069,-0.08,-0.298,0.712,-0.335,0.199,0.377,0.696,0.921,0.39,-0.154,0.74,-0.251,0.705,0.611,-0.189,0.633,0.646,-0.004,-0.35,-0.049,0.486,0.392,0.38,0.913,-0.504
ATEX,-0.502,0.34,0.425,0.652,-0.297,0.528,-0.526,0.221,0.641,0.472,0.57,0.182,0.637,0.219,0.479,-0.2,-0.206,0.0,-0.109,0.044,0.041,0.55,0.56,0.654,0.123,0.732,0.363,0.069,-0.495,0.761,0.629,0.334,-0.143,0.219,0.595,0.418,-0.556,0.576,0.29,-0.51,0.675,0.475,-0.269,0.099,-0.612,-0.484,-0.227,0.62,0.647,0.629,0.631,-0.002,0.73,0.617,0.73,0.517,0.65,-0.417,0.635,0.496,-0.236,0.561,-0.034,0.62,-0.105,0.435,0.513,-0.124,-0.265,0.559,0.424,0.513,0.621,0.638,0.077,-0.357,0.723,-0.605,0.175,-0.28,0.174,0.491,-0.103,0.251,-0.08,0.6,0.074,-0.204,0.027,0.519,-0.356,-0.035,0.524,-0.567,0.14,0.526,-0.014,0.445,-0.282,0.644,-0.132,0.265,0.234,0.647,-0.224,-0.376,-0.088,-0.073,0.338,0.584,0.504,-0.341,0.598,0.02,0.376,0.664,-0.191,-0.546,0.601,-0.449,-0.197,-0.523,0.68,0.636,0.683,-0.554,-0.188,-0.306,0.437,0.165,0.605,0.247,0.424,0.29,-0.349,0.727,-0.019,-0.148,0.076,0.38,0.744,-0.536,0.757,0.052,0.252,-0.409,-0.08,0.005,0.509,0.525,0.668,0.656,0.508,0.58,-0.009,0.597,0.339,0.481,0.286,0.18,0.16,-0.535,0.556,0.593,-0.297,0.683,0.261,0.499,0.353,-0.19,0.7,-0.238,0.275,-0.401,0.425,0.62,0.632,0.084,0.539,0.35,0.545,-0.028,-0.087,0.453,0.591,-0.262,-0.233,0.336,-0.16,0.33,-0.201,-0.561,0.118,0.63,-0.126,0.339,-0.225,0.135,-0.125,0.648
ATRA,0.415,0.581,-0.612,-0.335,0.606,0.162,0.727,-0.451,-0.257,0.422,-0.308,0.702,-0.222,-0.026,0.07,0.857,0.623,-0.109,0.0,0.89,0.589,-0.024,0.142,-0.44,0.826,0.157,0.461,0.716,0.704,-0.154,0.162,0.457,0.847,0.648,0.347,0.373,0.294,0.185,0.293,0.051,-0.23,0.017,0.821,0.285,-0.013,0.511,0.387,-0.006,-0.299,0.121,-0.667,0.661,0.09,0.146,0.092,-0.581,-0.445,0.221,-0.211,-0.186,0.697,0.509,0.285,-0.242,0.144,0.453,-0.101,0.602,0.881,-0.097,-0.316,-0.077,-0.047,-0.544,0.341,0.807,-0.234,0.616,0.478,0.653,0.13,-0.598,0.275,-0.688,0.25,-0.28,0.516,0.851,0.018,-0.348,-0.01,-0.018,0.076,0.646,0.813,0.166,0.633,0.281,0.42,0.216,0.706,0.249,0.705,-0.398,0.856,-0.531,0.403,0.857,0.399,-0.407,-0.115,0.841,-0.279,0.625,0.604,-0.123,0.721,0.767,0.058,0.458,0.899,0.226,-0.332,0.241,-0.315,0.714,0.204,0.849,0.371,0.655,-0.558,0.223,-0.285,0.487,0.877,0.169,0.859,0.761,0.537,0.611,0.233,0.285,0.155,0.875,0.561,0.681,0.318,0.826,0.013,0.204,-0.049,0.081,-0.005,0.037,0.135,-0.207,-0.237,-0.036,0.555,0.554,0.218,0.787,-0.328,0.162,0.846,-0.122,0.713,-0.161,0.114,0.853,-0.111,0.603,0.081,0.311,0.326,0.174,0.052,0.319,-0.339,0.495,0.345,0.611,0.559,0.333,0.284,0.895,0.06,0.494,0.891,0.462,0.921,0.724,0.259,-0.046,0.468,0.367,-0.196,0.833,0.683,-0.292
AUTL,0.307,0.682,-0.469,-0.174,0.658,0.374,0.667,-0.575,-0.244,0.491,-0.247,0.821,-0.004,-0.055,0.105,0.824,0.676,0.044,0.89,0.0,0.633,0.161,0.235,-0.284,0.775,0.352,0.674,0.768,0.582,-0.081,0.238,0.709,0.806,0.676,0.379,0.493,0.206,0.237,0.491,0.048,0.031,0.267,0.871,0.269,-0.165,0.299,0.523,0.084,-0.169,0.278,-0.49,0.827,0.243,0.311,0.212,-0.38,-0.329,0.259,-0.089,0.003,0.769,0.547,0.422,-0.218,0.283,0.664,0.086,0.61,0.874,-0.065,-0.415,0.185,0.002,-0.429,0.495,0.724,-0.07,0.402,0.357,0.499,0.384,-0.426,0.098,-0.554,0.132,-0.195,0.659,0.736,0.145,-0.343,-0.204,0.152,0.18,0.534,0.784,0.235,0.796,0.439,0.19,0.443,0.73,0.407,0.78,-0.265,0.903,-0.723,0.571,0.735,0.471,-0.199,-0.092,0.76,-0.25,0.71,0.735,0.029,0.682,0.581,0.278,0.437,0.842,0.047,-0.175,0.44,-0.153,0.628,0.114,0.779,0.412,0.749,-0.383,0.501,-0.11,0.571,0.743,0.29,0.937,0.789,0.417,0.656,0.412,0.149,0.32,0.772,0.66,0.668,0.467,0.821,0.018,0.44,0.227,0.105,-0.028,0.167,0.278,-0.191,-0.325,0.061,0.661,0.728,0.418,0.655,-0.285,0.265,0.828,-0.031,0.831,-0.18,0.064,0.868,0.103,0.563,0.225,0.365,0.298,0.25,0.114,0.521,-0.25,0.509,0.632,0.702,0.688,0.561,0.328,0.85,-0.138,0.647,0.848,0.311,0.838,0.527,0.122,0.011,0.201,0.673,-0.054,0.843,0.808,-0.159
AVDL,0.264,0.717,-0.252,-0.024,0.451,0.444,0.469,-0.272,-0.042,0.364,-0.012,0.748,-0.067,0.006,0.092,0.63,0.539,0.041,0.589,0.633,0.0,0.143,0.256,-0.072,0.403,0.294,0.478,0.648,0.422,-0.072,0.2,0.521,0.493,0.661,0.262,0.569,0.107,0.213,0.367,0.161,0.049,0.254,0.549,0.415,-0.068,0.317,0.305,0.254,0.048,0.232,-0.346,0.392,0.295,0.332,0.24,-0.479,-0.224,0.214,-0.047,-0.029,0.467,0.375,0.2,0.037,0.325,0.429,-0.043,0.238,0.626,0.01,-0.123,0.12,0.053,-0.336,0.428,0.491,0.053,0.381,0.353,0.426,0.372,-0.36,0.236,-0.473,0.031,-0.106,0.617,0.571,-0.041,-0.03,-0.007,0.048,-0.088,0.331,0.677,-0.085,0.544,0.497,0.076,0.43,0.661,0.288,0.365,-0.072,0.539,-0.363,0.314,0.568,0.61,-0.081,0.153,0.624,-0.07,0.452,0.243,0.123,0.583,0.506,0.105,0.432,0.654,-0.118,-0.102,0.224,-0.127,0.497,0.33,0.555,0.271,0.718,-0.292,0.336,0.072,0.603,0.427,0.18,0.632,0.611,0.456,0.5,0.35,0.13,0.104,0.575,0.468,0.402,0.246,0.714,0.162,0.238,0.314,0.071,0.054,0.09,0.361,-0.03,-0.193,0.425,0.392,0.48,0.363,0.448,-0.185,0.173,0.528,0.008,0.603,0.064,0.176,0.55,0.122,0.511,-0.346,0.4,0.345,0.375,0.095,0.371,-0.051,0.558,0.478,0.41,0.573,0.164,0.389,0.714,-0.022,0.62,0.601,0.364,0.589,0.512,0.336,0.07,0.432,0.326,0.113,0.643,0.586,-0.149
BCRX,-0.358,0.609,0.279,0.773,-0.309,0.74,-0.51,0.348,0.695,0.739,0.778,0.22,0.681,0.483,0.615,-0.137,-0.183,0.55,-0.024,0.161,0.143,0.0,0.799,0.589,0.249,0.876,0.324,0.279,-0.527,0.759,0.83,0.381,-0.033,0.427,0.687,0.46,-0.689,0.779,0.455,-0.679,0.742,0.533,-0.156,0.069,-0.567,-0.491,-0.376,0.74,0.778,0.725,0.582,0.117,0.745,0.825,0.811,0.561,0.762,-0.617,0.823,0.797,-0.28,0.614,-0.17,0.723,-0.196,0.2,0.691,-0.24,-0.211,0.774,0.386,0.502,0.86,0.661,-0.094,-0.357,0.855,-0.524,0.409,-0.221,0.068,0.534,0.166,0.201,-0.073,0.724,0.224,-0.013,0.19,0.661,-0.365,-0.276,0.776,-0.531,0.23,0.535,-0.004,0.721,-0.135,0.646,-0.106,0.147,0.389,0.749,0.078,-0.489,-0.227,0.078,0.57,0.743,0.734,-0.215,0.636,0.224,0.309,0.725,-0.061,-0.362,0.708,-0.571,-0.046,-0.636,0.81,0.732,0.798,-0.48,0.025,-0.262,0.617,0.282,0.658,0.191,0.562,0.563,-0.293,0.816,0.18,-0.252,0.351,0.551,0.742,-0.603,0.544,0.25,0.502,-0.468,-0.363,-0.007,0.708,0.578,0.651,0.772,0.654,0.776,-0.206,0.765,0.584,0.543,0.462,0.068,-0.04,-0.471,0.737,0.611,-0.244,0.819,0.222,0.672,0.688,-0.132,0.875,-0.246,0.382,-0.466,0.636,0.772,0.828,-0.091,0.729,0.56,0.568,0.21,-0.028,0.55,0.644,-0.077,0.109,0.228,0.125,0.363,-0.028,-0.462,-0.008,0.74,-0.212,0.356,0.001,0.224,-0.101,0.799
BHAT,-0.396,0.682,0.085,0.807,-0.374,0.687,-0.46,0.347,0.804,0.87,0.783,0.282,0.579,0.477,0.654,0.01,-0.198,0.56,0.142,0.235,0.256,0.799,0.0,0.538,0.408,0.838,0.225,0.39,-0.475,0.784,0.916,0.265,0.036,0.665,0.878,0.546,-0.785,0.95,0.356,-0.804,0.561,0.269,-0.135,0.06,-0.649,-0.245,-0.554,0.914,0.698,0.807,0.398,0.093,0.723,0.801,0.892,0.324,0.661,-0.709,0.853,0.717,-0.357,0.808,-0.405,0.792,-0.337,0.143,0.557,-0.395,-0.073,0.901,0.511,0.311,0.89,0.571,-0.245,-0.205,0.848,-0.383,0.636,0.035,-0.129,0.332,0.443,0.04,-0.261,0.764,0.244,0.161,0.009,0.735,-0.435,-0.514,0.539,-0.511,0.401,0.418,-0.128,0.809,-0.022,0.661,-0.108,-0.023,0.281,0.722,0.075,-0.569,-0.379,0.34,0.661,0.588,0.815,-0.044,0.695,0.027,0.368,0.843,0.047,-0.188,0.534,-0.585,0.104,-0.782,0.748,0.61,0.65,-0.421,0.208,-0.164,0.785,0.319,0.54,-0.043,0.429,0.69,-0.163,0.913,0.214,-0.22,0.7,0.611,0.844,-0.568,0.588,0.426,0.46,-0.39,-0.419,0.157,0.886,0.469,0.592,0.891,0.778,0.766,-0.139,0.823,0.615,0.61,0.492,0.059,-0.238,-0.362,0.712,0.514,-0.107,0.897,0.252,0.843,0.814,-0.003,0.786,-0.215,0.071,-0.49,0.791,0.905,0.924,-0.259,0.763,0.752,0.539,0.046,-0.081,0.369,0.866,0.054,0.17,0.277,0.292,0.555,0.112,-0.334,0.204,0.883,0.062,0.249,-0.245,0.477,-0.152,0.806
BLBD,-0.395,0.241,0.771,0.797,-0.365,0.65,-0.728,0.58,0.77,0.416,0.738,0.012,0.624,0.057,0.179,-0.602,-0.193,0.654,-0.44,-0.284,-0.072,0.589,0.538,0.0,-0.165,0.619,0.117,0.06,-0.752,0.658,0.494,0.04,-0.623,0.064,0.441,0.419,-0.705,0.509,0.312,-0.384,0.8,0.414,-0.539,0.3,-0.505,-0.614,-0.417,0.666,0.847,0.725,0.868,-0.168,0.669,0.714,0.74,0.746,0.672,-0.531,0.711,0.543,-0.532,0.22,-0.174,0.657,-0.022,0.168,0.769,-0.554,-0.536,0.629,0.293,0.704,0.615,0.836,0.041,-0.496,0.771,-0.594,-0.084,-0.583,0.185,0.817,0.006,0.658,-0.333,0.772,0.006,-0.597,0.174,0.731,-0.187,-0.153,0.36,-0.77,-0.122,0.335,-0.208,0.458,-0.675,0.586,-0.227,0.223,-0.12,0.872,-0.527,-0.026,-0.288,-0.289,0.397,0.881,0.604,-0.688,0.713,-0.09,0.137,0.654,-0.216,-0.694,0.546,-0.584,-0.576,-0.657,0.856,0.467,0.705,-0.704,0.233,-0.707,0.249,-0.015,0.922,0.193,0.79,0.422,-0.735,0.562,-0.266,-0.461,0.002,0.168,0.587,-0.767,0.563,-0.207,0.027,-0.583,-0.182,-0.285,0.64,0.451,0.739,0.65,0.481,0.559,0.145,0.674,0.489,0.757,0.304,0.075,0.118,-0.719,0.735,0.218,-0.564,0.656,0.056,0.645,0.484,-0.398,0.742,-0.698,0.116,-0.264,0.387,0.607,0.613,-0.051,0.868,0.305,0.378,-0.203,-0.028,0.293,0.437,-0.459,-0.17,0.29,-0.316,-0.003,-0.453,-0.667,0.079,0.708,-0.41,0.124,0.304,-0.247,-0.276,0.72
BMRN,0.149,0.656,-0.46,-0.004,0.306,0.375,0.423,-0.243,0.043,0.641,-0.078,0.663,0.07,-0.029,0.285,0.57,0.419,0.123,0.826,0.775,0.403,0.249,0.408,-0.165,0.0,0.38,0.473,0.716,0.381,0.187,0.471,0.325,0.717,0.677,0.68,0.387,-0.023,0.475,0.275,-0.295,-0.024,0.093,0.623,0.29,-0.289,0.259,0.088,0.224,-0.066,0.379,-0.374,0.565,0.255,0.358,0.373,-0.266,-0.149,-0.196,0.09,0.087,0.454,0.735,0.061,-0.033,-0.12,0.411,0.166,0.406,0.678,0.259,-0.156,0.103,0.265,-0.233,0.222,0.633,0.078,0.382,0.55,0.56,-0.021,-0.327,0.332,-0.578,0.229,-0.071,0.451,0.753,-0.106,-0.103,-0.087,-0.238,0.385,0.381,0.656,0.408,0.455,0.412,0.312,0.297,0.487,0.201,0.736,-0.114,0.713,-0.615,0.175,0.885,0.415,-0.161,0.102,0.612,-0.003,0.645,0.673,0.094,0.574,0.497,0.295,0.172,0.696,0.017,-0.018,0.402,-0.005,0.415,0.184,0.585,0.638,0.509,-0.244,0.171,-0.188,0.631,0.715,0.499,0.789,0.548,0.633,0.683,0.479,-0.012,0.305,0.863,0.575,0.4,0.091,0.645,0.271,0.315,0.059,0.393,0.215,0.364,-0.032,0.079,0.022,0.078,0.724,0.478,0.053,0.521,-0.036,0.227,0.687,0.166,0.676,0.102,0.375,0.698,0.101,0.273,0.289,-0.013,0.498,0.396,0.394,0.198,-0.018,0.69,0.374,0.542,0.402,0.504,0.446,0.723,0.104,0.387,0.871,0.555,0.851,0.465,0.234,0.245,0.322,0.408,-0.297,0.805,0.507,0.034
BNGO,-0.386,0.737,0.258,0.763,-0.152,0.797,-0.391,0.181,0.684,0.801,0.706,0.417,0.694,0.379,0.599,0.046,-0.034,0.732,0.157,0.352,0.294,0.876,0.838,0.619,0.38,0.0,0.513,0.416,-0.403,0.785,0.853,0.571,0.096,0.572,0.776,0.649,-0.65,0.817,0.569,-0.63,0.769,0.618,-0.002,0.18,-0.676,-0.445,-0.224,0.81,0.761,0.841,0.519,0.239,0.898,0.901,0.906,0.461,0.668,-0.488,0.786,0.689,-0.113,0.752,-0.05,0.697,-0.078,0.477,0.684,-0.12,-0.026,0.732,0.336,0.592,0.805,0.592,0.09,-0.196,0.856,-0.486,0.436,-0.136,0.235,0.442,0.116,0.12,-0.159,0.722,0.336,0.074,0.19,0.595,-0.498,-0.177,0.727,-0.48,0.401,0.576,0.183,0.799,-0.186,0.849,0.059,0.265,0.495,0.718,0.151,-0.646,-0.054,0.2,0.691,0.682,0.698,-0.097,0.613,0.275,0.517,0.808,0.054,-0.323,0.809,-0.447,0.093,-0.685,0.78,0.837,0.752,-0.388,0.006,-0.115,0.691,0.476,0.595,0.344,0.557,0.66,-0.184,0.895,0.346,-0.026,0.401,0.691,0.907,-0.583,0.782,0.363,0.557,-0.29,-0.146,0.203,0.722,0.678,0.801,0.797,0.648,0.771,-0.009,0.722,0.421,0.644,0.571,0.313,0.154,-0.379,0.625,0.695,-0.075,0.816,0.477,0.649,0.622,0.062,0.894,-0.105,0.323,-0.345,0.668,0.842,0.819,0.101,0.665,0.653,0.786,0.255,0.126,0.623,0.802,0.062,-0.044,0.482,0.211,0.441,0.08,-0.412,0.115,0.783,-0.099,0.537,-0.057,0.429,0.082,0.756
BUSE,0.114,0.606,0.103,0.101,0.545,0.608,0.319,-0.447,-0.068,0.386,-0.018,0.714,0.312,-0.13,0.122,0.378,0.604,0.363,0.461,0.674,0.478,0.324,0.225,0.117,0.473,0.513,0.0,0.629,0.229,0.082,0.308,0.812,0.432,0.383,0.344,0.521,0.123,0.219,0.59,0.084,0.446,0.726,0.569,0.457,-0.179,-0.143,0.552,0.139,0.229,0.347,0.052,0.599,0.528,0.514,0.357,0.017,-0.015,0.208,0.088,0.206,0.628,0.462,0.618,-0.021,0.483,0.8,0.365,0.523,0.494,-0.016,-0.324,0.568,0.129,-0.1,0.755,0.419,0.206,0.017,0.023,0.009,0.634,0.019,-0.12,-0.162,0.253,-0.019,0.649,0.284,0.174,-0.213,-0.2,0.47,0.334,0.268,0.468,0.444,0.788,0.504,-0.172,0.66,0.703,0.731,0.617,0.067,0.507,-0.605,0.654,0.292,0.451,0.177,0.095,0.352,-0.092,0.716,0.64,0.129,0.491,0.093,0.616,0.308,0.463,-0.027,0.184,0.684,0.13,0.319,-0.017,0.357,0.336,0.637,0.017,0.824,0.272,0.537,0.295,0.37,0.646,0.657,0.033,0.622,0.465,-0.13,0.451,0.469,0.66,0.343,0.505,0.493,0.064,0.508,0.582,0.143,0.085,0.407,0.339,-0.106,-0.254,0.336,0.689,0.802,0.724,0.281,-0.062,0.515,0.426,0.124,0.83,-0.15,-0.025,0.543,0.382,0.255,0.386,0.318,0.172,0.318,0.197,0.751,0.005,0.376,0.764,0.723,0.706,0.774,0.282,0.522,-0.373,0.708,0.448,0.12,0.449,0.174,-0.021,0.069,-0.09,0.8,0.147,0.46,0.755,0.056
CAKE,0.293,0.759,-0.225,0.034,0.571,0.611,0.46,-0.184,0.007,0.595,0.018,0.799,0.046,-0.143,0.11,0.522,0.741,0.069,0.716,0.768,0.648,0.279,0.39,0.06,0.716,0.416,0.629,0.0,0.356,-0.0,0.325,0.493,0.489,0.722,0.491,0.757,-0.012,0.376,0.535,0.009,0.163,0.311,0.672,0.483,-0.131,0.236,0.263,0.238,0.106,0.475,-0.265,0.636,0.339,0.522,0.435,-0.225,-0.235,0.041,0.072,0.095,0.508,0.512,0.349,-0.048,0.228,0.602,0.376,0.266,0.697,0.161,-0.399,0.376,0.179,-0.232,0.501,0.604,0.108,0.411,0.338,0.371,0.287,-0.226,0.373,-0.317,0.065,0.018,0.629,0.507,0.191,-0.074,-0.052,-0.036,0.134,0.336,0.663,0.191,0.673,0.554,-0.091,0.513,0.742,0.509,0.591,-0.008,0.644,-0.548,0.378,0.729,0.707,0.082,0.174,0.511,0.043,0.684,0.625,0.07,0.729,0.501,0.314,0.299,0.614,-0.085,0.097,0.477,-0.058,0.466,0.516,0.501,0.441,0.622,-0.106,0.468,0.242,0.846,0.466,0.347,0.832,0.609,0.517,0.623,0.428,-0.142,0.254,0.747,0.568,0.451,0.269,0.716,0.308,0.442,0.331,0.273,0.139,0.255,0.346,-0.008,-0.115,0.444,0.811,0.693,0.387,0.53,0.003,0.164,0.657,0.102,0.8,0.099,0.356,0.787,0.212,0.189,0.082,0.379,0.464,0.426,0.265,0.403,0.12,0.683,0.562,0.679,0.728,0.523,0.418,0.76,-0.014,0.738,0.827,0.233,0.739,0.475,0.181,0.229,0.083,0.445,0.184,0.685,0.713,-0.024
CASY,0.617,0.106,-0.608,-0.782,0.76,-0.322,0.921,-0.557,-0.747,-0.232,-0.773,0.418,-0.609,-0.33,-0.391,0.765,0.657,-0.495,0.704,0.582,0.422,-0.527,-0.475,-0.752,0.381,-0.403,0.229,0.356,0.0,-0.65,-0.493,0.22,0.679,0.171,-0.31,0.04,0.764,-0.466,0.082,0.601,-0.582,-0.162,0.815,0.179,0.468,0.604,0.67,-0.585,-0.686,-0.404,-0.866,0.418,-0.381,-0.418,-0.502,-0.785,-0.833,0.719,-0.782,-0.664,0.796,-0.131,0.459,-0.704,0.378,0.29,-0.487,0.698,0.82,-0.668,-0.591,-0.276,-0.605,-0.858,0.431,0.781,-0.741,0.816,0.003,0.541,0.239,-0.769,-0.066,-0.629,0.326,-0.75,0.245,0.62,0.055,-0.724,0.273,0.268,-0.394,0.843,0.423,-0.211,0.633,-0.243,0.355,-0.208,0.654,0.175,0.337,-0.836,0.69,-0.006,0.584,0.488,0.035,-0.736,-0.593,0.758,-0.647,0.444,0.162,-0.644,0.593,0.808,-0.302,0.825,0.7,0.635,-0.801,-0.266,-0.719,0.909,0.11,0.862,-0.238,0.361,-0.859,0.21,-0.492,-0.013,0.826,-0.485,0.601,0.804,0.025,0.047,-0.356,0.666,-0.282,0.428,0.174,0.859,0.542,0.636,-0.57,-0.246,-0.413,-0.568,-0.559,-0.542,0.258,-0.718,-0.657,-0.335,0.07,0.401,0.348,0.893,-0.75,-0.216,0.828,-0.695,0.45,-0.635,-0.368,0.735,-0.614,0.739,-0.121,0.657,-0.241,-0.414,-0.595,0.446,-0.794,-0.044,-0.032,0.455,0.525,-0.069,-0.289,0.757,0.054,0.247,0.559,0.014,0.686,0.842,0.058,-0.63,0.388,0.129,0.009,0.442,0.696,-0.825
CCOI,-0.55,0.398,0.338,0.824,-0.59,0.549,-0.721,0.538,0.896,0.659,0.819,-0.002,0.694,0.44,0.66,-0.307,-0.476,0.761,-0.154,-0.081,-0.072,0.759,0.784,0.658,0.187,0.785,0.082,-0.0,-0.65,0.0,0.85,0.077,-0.182,0.304,0.764,0.311,-0.784,0.801,0.229,-0.824,0.657,0.288,-0.453,-0.019,-0.634,-0.507,-0.628,0.81,0.79,0.731,0.667,-0.15,0.749,0.691,0.847,0.561,0.849,-0.779,0.852,0.649,-0.544,0.652,-0.45,0.837,-0.379,0.084,0.585,-0.379,-0.417,0.864,0.642,0.369,0.886,0.793,-0.294,-0.491,0.882,-0.592,0.414,-0.243,-0.172,0.596,0.106,0.252,-0.088,0.811,-0.073,-0.127,-0.061,0.816,-0.344,-0.393,0.699,-0.727,0.107,0.633,-0.32,0.542,-0.115,0.542,-0.373,-0.034,0.168,0.793,-0.251,-0.295,-0.477,0.008,0.392,0.682,0.747,-0.382,0.813,-0.081,0.24,0.774,-0.269,-0.524,0.593,-0.739,-0.237,-0.671,0.804,0.574,0.851,-0.691,-0.062,-0.418,0.578,0.061,0.714,-0.096,0.418,0.352,-0.381,0.87,-0.111,-0.431,0.346,0.411,0.751,-0.628,0.654,0.138,0.269,-0.629,-0.476,-0.143,0.759,0.37,0.559,0.875,0.71,0.724,-0.302,0.877,0.698,0.5,0.271,-0.128,-0.236,-0.661,0.799,0.572,-0.434,0.876,0.041,0.808,0.739,-0.363,0.8,-0.389,0.251,-0.7,0.62,0.793,0.875,-0.3,0.753,0.517,0.381,-0.122,-0.338,0.32,0.7,-0.323,0.158,0.065,-0.105,0.521,-0.196,-0.598,0.15,0.834,-0.029,0.119,-0.317,0.137,-0.414,0.86
CEVA,-0.399,0.67,0.117,0.794,-0.423,0.696,-0.477,0.296,0.791,0.872,0.779,0.271,0.65,0.52,0.755,-0.026,-0.255,0.629,0.162,0.238,0.2,0.83,0.916,0.494,0.471,0.853,0.308,0.325,-0.493,0.85,0.0,0.298,0.126,0.58,0.919,0.443,-0.71,0.942,0.29,-0.851,0.585,0.374,-0.155,0.107,-0.654,-0.319,-0.522,0.869,0.7,0.728,0.439,0.079,0.755,0.808,0.872,0.36,0.735,-0.767,0.873,0.742,-0.299,0.878,-0.346,0.799,-0.362,0.132,0.524,-0.25,-0.106,0.897,0.579,0.284,0.911,0.578,-0.218,-0.203,0.864,-0.44,0.657,0.025,-0.151,0.367,0.389,-0.027,-0.041,0.717,0.264,0.22,-0.091,0.673,-0.379,-0.439,0.732,-0.447,0.385,0.585,-0.126,0.781,0.08,0.622,-0.099,0.03,0.389,0.712,0.09,-0.6,-0.347,0.321,0.542,0.571,0.814,-0.011,0.66,0.16,0.387,0.802,0.013,-0.228,0.597,-0.601,0.137,-0.666,0.766,0.713,0.727,-0.424,0.001,-0.151,0.823,0.326,0.522,-0.02,0.346,0.617,-0.101,0.962,0.201,-0.197,0.638,0.709,0.832,-0.569,0.592,0.47,0.555,-0.436,-0.449,0.106,0.846,0.485,0.555,0.92,0.837,0.872,-0.286,0.824,0.677,0.508,0.509,0.042,-0.221,-0.368,0.709,0.667,-0.151,0.909,0.264,0.774,0.762,-0.068,0.8,-0.186,0.245,-0.618,0.747,0.898,0.961,-0.234,0.715,0.724,0.497,0.145,-0.108,0.499,0.82,0.035,0.145,0.22,0.281,0.672,0.14,-0.324,0.175,0.857,0.109,0.29,-0.337,0.447,-0.162,0.842
