,AAPL,ACRS,ADP,AFYA,AGNC,AGYS,ALT,AMGN,AMPH,AMZN,ANIP,AOSL,APDN,APLT,APVO,ARGX,ARLP,ATEX,ATRA,AUTL,AVDL,BCRX,BHAT,BLBD,BMRN,BNGO,BUSE,CAKE,CASY,CCOI,CEVA,CHY,CLDX,CLMT,COHU,COLM,COST,CPRT,CSWC,CSX,DBX,DCOM,DKNG,DMLP,DOX,EA,EDIT,ENPH,ENSG,ERNA,ESGR,ETNB,EXTR,FANG,FARO,FATE,FGEN,FIVE,FIVN,FLGT,FOLD,FORM,FOXA,FRPT,FSLR,FTAI,GBDC,GDYN,GGAL,GNLN,GRFS,GT,HCAT,HCM,HFWA,HOLX,HQY,HUBG,IAC,ICLR,IDCC,IEP,IHRT,ILMN,ILPT,IMAB,IMOS,INMD,INTZ,JAZZ,JKHY,JRVR,KIDS,LBRDK,LGND,LMAT,LPLA,LULU,MASI,MAT,MATW,MBIN,MBIO,MCRB,MDB,MDLZ,MELI,MIRM,MLKN,MNMD,MNRO,MPWR,MRCY,MRSN,MTVA,NAAS,NDAQ,NDSN,NEGG,NOVT,NVDA,NWE,NWSA,NXST,OCX,ODFL,OMAB,OPCH,OPRA,ORGO,OTRK,OZK,PAGP,PCH,PEGA,PENG,PENN,PFBC,PGNY,PHAT,PHUN,PINC,PLUG,PLXS,PYPL,QLYS,QNCX,QQQX,QVCGA,RAPT,RBBN,RCKT,REPL,RMBS,ROAD,ROKU,ROP,RUSHA,SANM,SATS,SBCF,SBLK,SBUX,SCHL,SCSC,SDGR,SEIC,SFIX,SGRY,SKYW,SLP,SNES,STAA,STLD,STOK,SWKS,TER,TFIN,TIGO,TILE,TPIC,TTEC,TTEK,TTGT,UXIN,VERU,VLYPP,VNOM,VRNS,VRSN,WDAY,WERN,WINA,WKHS,WRLD,XP,XTKG,YY,ZION,ZM
AAPL,0.0,0.586,0.077,-0.344,0.719,0.549,0.512,0.568,-0.316,0.738,-0.118,0.219,0.224,-0.163,0.105,0.457,-0.103,0.428,-0.122,-0.274,0.442,0.328,0.651,-0.077,0.392,0.699,-0.381,0.717,0.82,0.35,0.643,0.33,0.386,0.527,-0.032,-0.099,-0.2,-0.635,0.107,-0.796,0.071,0.371,0.203,-0.085,0.421,0.692,-0.688,-0.258,0.057,0.46,-0.626,-0.266,0.202,0.136,0.177,-0.79,0.71,-0.334,-0.208,0.209,-0.685,-0.192,0.623,0.228,0.105,0.014,0.5,0.494,-0.609,-0.59,-0.431,-0.36,0.764,-0.368,-0.342,-0.167,0.834,-0.186,0.412,-0.098,0.561,0.32,0.568,0.676,0.323,0.071,-0.274,0.516,0.266,0.051,-0.481,-0.527,0.64,0.2,0.603,0.675,-0.51,-0.556,-0.648,-0.694,0.344,-0.245,0.158,-0.537,0.057,-0.328,0.176,-0.07,0.183,0.688,-0.095,-0.232,-0.446,0.059,-0.212,-0.352,0.072,-0.586,0.445,-0.067,0.217,-0.7,0.386,0.078,0.786,-0.043,-0.71,0.627,-0.063,0.544,0.76,0.595,-0.698,0.094,0.251,0.225,0.274,-0.442,0.143,0.55,0.332,-0.701,0.4,-0.754,0.182,0.526,0.397,0.899,0.59,-0.387,0.345,-0.043,-0.234,-0.014,-0.696,0.056,-0.106,0.203,-0.362,-0.27,-0.326,-0.521,-0.098,0.363,-0.337,0.299,-0.4,0.743,0.093,-0.295,0.351,0.445,0.501,-0.534,0.164,0.249,-0.131,0.483,-0.239,-0.157,-0.067,0.581,0.244,0.469,0.614,-0.014,0.549,0.023,0.365,-0.362,0.313,0.182,-0.442,0.387,-0.218,0.53,0.381,0.342,-0.622,0.292
ACRS,0.586,0.0,0.028,-0.505,0.793,0.179,0.53,0.318,-0.805,0.79,-0.423,0.499,0.626,0.181,-0.276,0.724,0.361,0.241,-0.361,-0.646,0.547,0.741,0.683,0.307,0.22,0.843,-0.599,0.794,0.507,-0.021,0.721,0.449,0.72,0.762,-0.043,0.003,-0.785,-0.729,0.263,-0.777,0.202,-0.073,0.476,0.273,0.645,0.602,-0.814,-0.5,0.15,0.746,-0.697,-0.313,0.675,0.175,-0.078,-0.693,0.894,-0.565,-0.21,0.664,-0.876,-0.307,0.288,0.32,-0.424,0.241,0.664,0.737,-0.639,-0.646,-0.622,-0.324,0.745,-0.573,-0.477,0.215,0.724,-0.527,0.733,-0.27,0.373,0.64,0.649,0.885,0.122,0.414,-0.474,0.831,0.375,-0.311,-0.778,-0.869,0.68,-0.054,0.851,0.871,-0.279,-0.698,-0.747,-0.414,0.476,0.107,0.192,-0.465,0.414,-0.739,0.541,-0.457,0.47,0.41,0.37,-0.405,-0.709,0.523,-0.707,-0.59,0.077,-0.91,0.679,-0.075,-0.005,-0.75,0.648,0.418,0.831,-0.142,-0.84,0.913,-0.36,0.852,0.811,0.691,-0.718,-0.192,0.165,0.421,0.549,-0.612,0.671,0.793,0.648,-0.791,0.428,-0.711,0.418,0.637,0.663,0.722,0.652,-0.385,0.604,0.092,-0.449,-0.02,-0.774,0.36,-0.542,-0.043,-0.555,-0.184,-0.558,-0.351,-0.314,0.25,-0.296,0.567,-0.706,0.728,0.619,-0.181,0.398,0.413,0.738,-0.707,0.297,0.653,-0.473,0.158,-0.418,-0.341,-0.154,0.533,-0.1,0.785,0.537,0.141,0.495,0.258,0.719,-0.13,0.47,-0.29,-0.589,0.599,-0.08,0.85,0.459,0.688,-0.723,0.595
ADP,0.077,0.028,0.0,0.253,-0.03,-0.353,0.406,-0.456,0.262,0.134,-0.515,0.118,-0.066,0.515,0.69,0.247,0.071,-0.675,0.699,-0.31,0.551,-0.004,-0.034,-0.713,-0.153,-0.008,-0.481,0.112,-0.19,-0.328,-0.435,-0.142,0.458,0.056,-0.707,-0.1,-0.057,0.083,0.426,-0.067,0.697,-0.154,0.409,-0.32,0.382,-0.102,0.08,-0.299,-0.034,0.426,-0.336,0.427,0.348,-0.129,0.063,-0.164,0.097,-0.418,-0.353,0.404,-0.072,-0.704,0.034,0.286,-0.232,-0.601,-0.147,0.241,0.306,-0.068,-0.493,-0.107,-0.017,0.252,-0.597,0.576,-0.099,-0.445,0.337,-0.526,-0.382,0.092,0.134,0.267,-0.15,0.519,-0.574,-0.039,-0.618,-0.625,0.214,0.075,0.553,-0.268,0.256,0.316,-0.263,-0.029,0.225,-0.137,0.372,0.444,-0.634,0.346,0.092,-0.055,-0.525,0.336,-0.103,-0.236,0.098,-0.481,-0.418,-0.198,0.342,-0.15,-0.196,-0.076,0.338,-0.222,0.084,-0.311,0.417,0.638,0.103,-0.426,-0.011,0.014,-0.552,0.023,0.086,0.308,-0.434,-0.398,-0.355,-0.412,0.064,-0.106,-0.23,0.144,0.387,0.048,-0.271,-0.131,0.062,0.259,0.431,0.005,0.25,-0.294,0.556,0.503,-0.531,-0.804,-0.337,-0.353,0.04,-0.613,-0.185,-0.575,-0.469,-0.468,-0.08,0.041,0.239,-0.247,-0.293,-0.212,0.424,-0.303,0.774,-0.551,0.383,-0.339,-0.666,0.433,-0.588,0.327,-0.567,-0.304,-0.103,0.254,-0.339,0.343,0.13,0.55,-0.424,-0.264,0.082,0.443,0.362,-0.497,-0.01,0.611,0.26,0.3,0.363,0.198,-0.238,-0.415
AFYA,-0.344,-0.505,0.253,0.0,-0.23,0.04,0.009,-0.465,0.569,-0.237,0.328,0.079,-0.399,0.276,0.395,-0.042,0.047,-0.429,0.489,0.486,-0.161,-0.368,-0.545,-0.199,0.216,-0.603,0.468,-0.615,-0.479,0.26,-0.448,0.177,-0.26,-0.083,0.15,0.331,0.571,0.821,0.327,0.692,0.081,-0.171,-0.0,-0.119,-0.092,-0.405,0.673,0.531,0.408,-0.425,0.587,0.688,-0.158,0.125,0.601,0.653,-0.565,0.444,0.474,-0.245,0.661,0.262,-0.513,0.422,0.131,-0.013,-0.043,-0.182,0.584,0.657,0.324,0.649,-0.633,0.802,0.136,0.297,-0.613,0.498,-0.159,0.085,-0.116,-0.026,-0.711,-0.537,0.291,0.278,0.37,-0.358,-0.247,-0.034,0.777,0.703,-0.316,0.195,-0.559,-0.518,0.535,0.729,0.688,0.385,-0.104,0.326,0.026,0.735,0.152,0.419,-0.178,0.656,0.073,0.005,-0.095,0.402,0.51,-0.012,0.275,0.534,0.223,0.639,-0.569,0.433,0.418,0.454,-0.118,0.126,-0.448,0.404,0.669,-0.279,0.178,-0.384,-0.552,-0.57,0.366,0.394,0.298,0.109,-0.071,0.575,-0.151,-0.262,-0.307,0.684,-0.428,0.646,0.297,-0.643,-0.225,-0.233,-0.534,0.551,-0.055,0.378,0.354,-0.13,0.51,0.124,0.394,0.04,0.723,0.328,0.344,0.332,0.728,0.256,0.755,0.022,0.625,-0.776,-0.239,0.38,0.116,-0.098,-0.405,0.607,-0.165,-0.13,0.336,0.099,0.26,0.297,0.486,0.091,0.215,-0.242,0.03,0.334,-0.259,0.168,-0.063,0.626,0.15,0.197,0.764,-0.258,-0.368,-0.32,0.063,-0.143,0.632,-0.343
AGNC,0.719,0.793,-0.03,-0.23,0.0,0.615,0.769,0.267,-0.541,0.883,-0.111,0.74,0.471,0.285,-0.055,0.855,0.475,0.272,-0.238,-0.421,0.501,0.688,0.628,0.306,0.328,0.828,-0.348,0.697,0.506,0.413,0.712,0.785,0.647,0.885,0.192,0.323,-0.497,-0.509,0.445,-0.648,0.211,0.101,0.594,0.392,0.767,0.511,-0.713,-0.185,0.447,0.613,-0.445,0.003,0.639,0.505,0.292,-0.55,0.835,-0.17,0.048,0.56,-0.677,-0.061,0.203,0.577,-0.279,0.406,0.874,0.867,-0.524,-0.367,-0.57,0.067,0.757,-0.216,-0.375,0.243,0.635,-0.205,0.776,-0.29,0.468,0.778,0.385,0.731,0.477,0.492,-0.285,0.889,0.547,-0.209,-0.62,-0.7,0.617,0.133,0.733,0.723,-0.023,-0.524,-0.65,-0.308,0.585,0.211,0.422,-0.231,0.618,-0.616,0.646,-0.072,0.684,0.732,0.425,-0.177,-0.47,0.642,-0.607,-0.363,0.363,-0.694,0.462,0.268,0.385,-0.571,0.651,0.442,0.907,0.215,-0.728,0.912,-0.245,0.857,0.661,0.601,-0.606,0.156,0.384,0.564,0.712,-0.278,0.662,0.887,0.58,-0.592,0.535,-0.533,0.671,0.352,0.613,0.899,0.577,-0.092,0.639,0.344,-0.1,0.077,-0.649,0.574,-0.482,0.13,-0.172,0.054,-0.322,-0.165,0.067,0.588,0.046,0.792,-0.462,0.579,0.463,0.041,0.407,0.593,0.689,-0.443,0.35,0.593,-0.207,0.472,-0.293,-0.046,0.277,0.801,0.211,0.793,0.799,0.274,0.598,0.504,0.803,-0.088,0.722,-0.025,-0.286,0.508,-0.305,0.813,0.617,0.774,-0.452,0.7
AGYS,0.549,0.179,-0.353,0.04,0.615,0.0,0.402,0.457,0.019,0.361,0.554,0.344,0.033,-0.146,0.003,0.305,0.114,0.558,-0.078,0.332,0.051,0.087,0.291,0.425,0.435,0.402,0.37,0.258,0.493,0.867,0.552,0.672,-0.013,0.391,0.579,0.356,0.192,-0.116,0.179,-0.187,-0.179,0.558,0.11,0.321,0.211,0.247,-0.257,0.265,0.486,-0.066,0.137,0.082,-0.011,0.528,0.637,-0.101,0.3,0.412,0.241,-0.164,-0.084,0.531,0.219,0.411,0.231,0.56,0.568,0.354,-0.283,0.096,0.117,0.309,0.386,0.149,0.271,-0.279,0.377,0.481,0.175,0.161,0.578,0.394,0.065,0.084,0.777,-0.07,0.278,0.419,0.626,0.399,-0.106,-0.09,0.111,0.51,0.091,0.125,0.22,-0.101,-0.394,-0.136,0.177,-0.135,0.641,-0.105,0.202,0.075,0.454,0.193,0.402,0.766,0.047,0.342,0.19,0.405,-0.17,0.17,0.563,-0.076,-0.139,0.408,0.387,0.01,0.094,-0.091,0.416,0.665,-0.202,0.406,0.378,0.329,0.252,0.113,0.007,0.612,0.578,0.552,0.296,0.294,0.286,0.396,-0.057,-0.179,0.469,-0.113,0.438,-0.174,0.062,0.646,0.138,0.379,0.035,0.107,0.434,0.51,-0.026,0.531,0.043,0.582,0.368,0.486,0.372,0.234,0.497,0.606,0.141,0.623,0.215,0.317,-0.301,0.354,-0.082,0.77,0.066,0.179,0.588,-0.096,0.512,0.514,0.138,0.408,0.471,0.482,0.646,0.135,0.509,-0.012,0.582,0.527,0.3,-0.317,0.299,0.628,0.128,-0.13,-0.484,0.176,0.267,0.257,0.128,0.483
ALT,0.512,0.53,0.406,0.009,0.769,0.402,0.0,-0.194,-0.175,0.716,-0.296,0.747,0.355,0.641,0.419,0.821,0.559,-0.21,0.265,-0.458,0.632,0.62,0.335,-0.071,0.098,0.666,-0.469,0.529,0.107,0.266,0.244,0.63,0.775,0.704,-0.219,0.318,-0.427,-0.294,0.586,-0.463,0.493,-0.025,0.732,0.275,0.839,0.204,-0.445,-0.29,0.445,0.68,-0.409,0.43,0.695,0.456,0.306,-0.399,0.678,-0.224,-0.15,0.729,-0.44,-0.367,0.112,0.573,-0.447,0.062,0.592,0.889,-0.137,-0.208,-0.728,0.147,0.554,0.092,-0.597,0.605,0.322,-0.375,0.825,-0.635,-0.042,0.731,0.285,0.625,0.437,0.701,-0.551,0.705,0.167,-0.541,-0.367,-0.481,0.719,-0.173,0.671,0.643,-0.052,-0.43,-0.351,-0.162,0.656,0.512,0.0,0.161,0.621,-0.501,0.225,0.27,0.491,0.399,0.501,-0.415,-0.562,0.511,-0.294,-0.322,0.22,-0.523,0.418,0.12,0.347,-0.462,0.673,0.735,0.745,0.024,-0.498,0.667,-0.573,0.675,0.467,0.645,-0.564,-0.071,-0.032,0.21,0.606,-0.094,0.409,0.779,0.772,-0.331,0.395,-0.374,0.619,0.323,0.693,0.612,0.582,-0.042,0.83,0.707,-0.299,-0.311,-0.62,0.32,-0.535,-0.289,-0.126,-0.171,-0.469,-0.251,0.025,0.531,0.294,0.581,-0.492,0.241,0.596,-0.092,0.693,0.184,0.76,-0.447,-0.121,0.729,-0.445,0.64,-0.607,-0.122,0.319,0.815,-0.095,0.813,0.682,0.528,0.159,0.408,0.644,0.161,0.861,-0.277,-0.158,0.743,-0.105,0.805,0.676,0.767,-0.363,0.404
AMGN,0.568,0.318,-0.456,-0.465,0.267,0.457,-0.194,0.0,-0.29,0.191,0.285,-0.291,0.146,-0.697,-0.411,-0.145,-0.46,0.826,-0.437,0.213,-0.105,0.009,0.385,0.329,0.418,0.374,0.116,0.378,0.826,0.334,0.65,-0.017,-0.234,0.043,0.358,-0.249,-0.008,-0.498,-0.401,-0.459,-0.482,0.502,-0.407,-0.102,-0.244,0.639,-0.404,-0.079,-0.155,-0.087,-0.239,-0.655,-0.255,-0.141,0.064,-0.448,0.312,-0.138,-0.071,-0.36,-0.394,0.314,0.574,-0.162,0.336,0.255,0.155,-0.11,-0.641,-0.45,0.236,-0.466,0.395,-0.496,0.357,-0.7,0.705,0.229,-0.203,0.516,0.691,-0.128,0.427,0.25,0.185,-0.537,0.207,0.122,0.398,0.664,-0.304,-0.252,0.065,0.503,0.138,0.226,-0.348,-0.322,-0.56,-0.573,-0.209,-0.727,0.356,-0.735,-0.413,0.096,0.258,-0.406,-0.112,0.465,-0.351,0.17,0.026,-0.039,-0.155,-0.085,0.059,-0.305,0.112,-0.126,-0.178,-0.268,-0.16,-0.539,0.283,0.207,-0.369,0.264,0.516,0.138,0.524,0.117,-0.172,0.285,0.365,0.289,-0.149,-0.303,0.078,0.043,-0.216,-0.576,0.214,-0.481,-0.23,0.3,-0.161,0.481,0.175,-0.119,-0.341,-0.645,0.123,0.498,-0.194,0.035,0.213,0.588,-0.196,0.125,0.136,-0.159,-0.052,0.064,-0.634,0.109,0.024,0.693,-0.376,-0.12,-0.324,0.616,-0.092,-0.164,0.608,-0.338,0.357,-0.014,0.274,-0.025,-0.315,-0.092,0.488,-0.147,0.09,-0.544,0.628,-0.103,-0.044,-0.653,-0.381,0.582,-0.372,-0.268,-0.247,-0.022,-0.148,-0.194,-0.314,0.239
AMPH,-0.316,-0.805,0.262,0.569,-0.541,0.019,-0.175,-0.29,0.0,-0.584,0.398,-0.281,-0.528,0.005,0.495,-0.501,-0.244,-0.237,0.653,0.637,-0.21,-0.675,-0.49,-0.366,-0.174,-0.631,0.494,-0.554,-0.35,0.204,-0.586,-0.226,-0.453,-0.613,-0.024,0.175,0.722,0.689,0.021,0.627,0.046,0.257,-0.21,-0.213,-0.383,-0.525,0.651,0.386,-0.011,-0.547,0.587,0.504,-0.457,0.026,0.364,0.546,-0.665,0.516,0.064,-0.495,0.745,0.183,-0.168,-0.039,0.367,-0.264,-0.535,-0.457,0.636,0.634,0.425,0.381,-0.523,0.655,0.334,-0.061,-0.529,0.489,-0.477,0.07,-0.329,-0.406,-0.476,-0.685,0.162,-0.227,0.324,-0.624,-0.343,0.182,0.779,0.81,-0.295,0.062,-0.635,-0.618,0.262,0.564,0.642,0.333,-0.148,0.061,-0.213,0.537,-0.274,0.742,-0.543,0.67,-0.315,-0.299,-0.25,0.291,0.555,-0.382,0.743,0.58,0.138,0.798,-0.506,0.18,0.162,0.59,-0.366,-0.12,-0.592,0.202,0.686,-0.69,0.289,-0.678,-0.615,-0.427,0.527,0.195,-0.144,-0.406,-0.319,0.663,-0.589,-0.549,-0.477,0.667,-0.233,0.546,-0.186,-0.511,-0.405,-0.45,-0.395,0.386,-0.296,0.144,0.349,-0.09,0.587,-0.225,0.557,-0.027,0.571,0.094,0.489,0.265,0.427,-0.005,0.391,-0.401,0.615,-0.611,-0.505,0.194,-0.118,-0.326,-0.477,0.595,-0.369,-0.466,0.401,0.241,0.133,0.436,0.324,-0.203,0.197,-0.52,-0.208,0.149,-0.442,-0.148,-0.491,0.176,-0.204,0.297,0.551,-0.324,0.029,-0.563,-0.163,-0.445,0.637,-0.527
AMZN,0.738,0.79,0.134,-0.237,0.883,0.361,0.716,0.191,-0.584,0.0,-0.298,0.626,0.464,0.327,0.026,0.811,0.375,0.132,-0.211,-0.588,0.448,0.752,0.556,0.048,0.303,0.749,-0.543,0.661,0.452,0.183,0.61,0.6,0.661,0.84,-0.04,0.097,-0.489,-0.535,0.35,-0.682,0.219,-0.121,0.544,0.175,0.762,0.654,-0.69,-0.303,0.324,0.717,-0.605,-0.04,0.63,0.222,0.117,-0.659,0.79,-0.416,0.016,0.629,-0.738,-0.299,0.257,0.454,-0.299,0.144,0.756,0.788,-0.495,-0.513,-0.672,-0.124,0.678,-0.313,-0.563,0.336,0.629,-0.371,0.76,-0.292,0.398,0.639,0.369,0.815,0.274,0.564,-0.395,0.772,0.307,-0.332,-0.585,-0.709,0.636,0.024,0.748,0.745,-0.235,-0.481,-0.534,-0.442,0.516,0.243,0.209,-0.225,0.534,-0.667,0.486,-0.071,0.521,0.603,0.303,-0.28,-0.574,0.422,-0.566,-0.546,0.159,-0.72,0.501,0.125,0.378,-0.728,0.61,0.44,0.873,-0.004,-0.716,0.842,-0.43,0.799,0.704,0.594,-0.756,-0.029,0.259,0.415,0.57,-0.468,0.512,0.795,0.647,-0.587,0.354,-0.611,0.49,0.546,0.554,0.864,0.557,-0.303,0.655,0.262,-0.328,-0.163,-0.747,0.318,-0.519,-0.019,-0.345,-0.21,-0.553,-0.455,-0.054,0.374,-0.051,0.585,-0.555,0.524,0.572,-0.226,0.511,0.404,0.71,-0.609,0.115,0.701,-0.396,0.295,-0.303,-0.294,0.088,0.737,0.005,0.788,0.682,0.213,0.514,0.277,0.767,0.107,0.674,-0.154,-0.306,0.583,-0.232,0.833,0.5,0.654,-0.632,0.491
ANIP,-0.118,-0.423,-0.515,0.328,-0.111,0.554,-0.296,0.285,0.398,-0.298,0.0,-0.141,-0.285,-0.31,-0.234,-0.357,-0.121,0.424,-0.061,0.818,-0.56,-0.363,-0.343,0.439,0.285,-0.327,0.858,-0.414,0.079,0.676,0.155,0.229,-0.69,-0.228,0.767,0.26,0.572,0.436,-0.182,0.495,-0.432,0.413,-0.394,0.183,-0.406,-0.084,0.398,0.649,0.4,-0.65,0.693,0.088,-0.515,0.217,0.546,0.531,-0.45,0.715,0.471,-0.676,0.568,0.885,-0.117,0.039,0.482,0.523,0.029,-0.341,0.134,0.548,0.762,0.448,-0.323,0.374,0.822,-0.493,-0.174,0.881,-0.484,0.596,0.4,-0.141,-0.424,-0.586,0.552,-0.407,0.798,-0.256,0.349,0.736,0.451,0.518,-0.546,0.499,-0.647,-0.598,0.483,0.524,0.196,0.303,-0.252,-0.246,0.598,0.179,-0.177,0.581,0.251,0.238,0.049,0.259,-0.191,0.751,0.779,0.072,0.158,0.468,0.532,0.563,-0.686,0.489,0.229,0.631,-0.489,-0.524,-0.402,0.72,0.499,-0.256,0.76,-0.332,-0.337,-0.528,0.668,0.702,0.54,0.414,-0.213,0.655,-0.036,-0.28,-0.683,0.427,0.037,0.507,0.021,-0.557,-0.58,-0.053,-0.479,0.674,-0.541,-0.225,0.733,0.695,0.693,0.411,0.462,0.729,0.741,0.728,0.838,0.571,0.626,0.164,0.239,0.117,0.81,-0.242,-0.707,0.503,-0.59,0.5,-0.631,0.746,0.517,-0.588,0.913,0.025,0.624,0.616,0.447,-0.115,0.727,-0.541,-0.121,-0.268,0.256,0.293,-0.132,-0.092,-0.281,0.84,0.539,-0.736,-0.411,-0.487,-0.252,-0.354,0.679,0.073
AOSL,0.219,0.499,0.118,0.079,0.74,0.344,0.747,-0.291,-0.281,0.626,-0.141,0.0,0.297,0.643,0.045,0.847,0.801,-0.161,-0.054,-0.376,0.457,0.602,0.354,0.292,0.059,0.45,-0.222,0.352,-0.063,0.282,0.321,0.841,0.669,0.764,0.169,0.657,-0.428,-0.038,0.7,-0.204,0.407,-0.156,0.799,0.588,0.785,-0.015,-0.379,-0.002,0.566,0.517,-0.065,0.426,0.765,0.728,0.305,-0.088,0.515,0.134,0.227,0.657,-0.295,-0.06,-0.296,0.672,-0.411,0.409,0.727,0.848,-0.028,0.099,-0.563,0.528,0.416,0.145,-0.373,0.626,0.123,-0.154,0.801,-0.534,0.066,0.869,-0.01,0.409,0.405,0.72,-0.233,0.772,0.459,-0.52,-0.362,-0.433,0.419,-0.111,0.509,0.428,0.425,-0.198,-0.222,0.256,0.707,0.675,0.334,0.288,0.892,-0.578,0.577,0.217,0.867,0.382,0.681,-0.074,-0.301,0.734,-0.522,-0.09,0.45,-0.345,0.308,0.482,0.512,-0.206,0.688,0.716,0.602,0.232,-0.383,0.645,-0.399,0.684,0.199,0.406,-0.275,0.099,0.234,0.478,0.86,0.09,0.662,0.78,0.565,-0.143,0.472,-0.056,0.856,-0.015,0.602,0.514,0.362,0.118,0.735,0.714,-0.001,-0.038,-0.311,0.654,-0.55,-0.12,0.116,0.158,-0.19,0.125,0.221,0.623,0.52,0.766,-0.312,0.079,0.596,0.331,0.402,0.243,0.61,-0.132,0.056,0.674,-0.258,0.463,-0.319,0.213,0.592,0.778,0.047,0.779,0.731,0.625,0.229,0.706,0.805,0.305,0.881,-0.297,0.06,0.516,-0.186,0.69,0.642,0.834,-0.035,0.595
APDN,0.224,0.626,-0.066,-0.399,0.471,0.033,0.355,0.146,-0.528,0.464,-0.285,0.297,0.0,0.251,-0.253,0.456,0.37,0.141,-0.3,-0.453,0.277,0.666,0.314,0.272,0.038,0.608,-0.429,0.534,0.204,-0.09,0.334,0.256,0.494,0.469,-0.116,0.019,-0.62,-0.521,0.14,-0.477,0.07,-0.151,0.326,0.262,0.422,0.362,-0.457,-0.485,0.112,0.504,-0.447,-0.102,0.47,-0.019,-0.177,-0.4,0.581,-0.444,-0.247,0.553,-0.577,-0.219,0.229,0.082,-0.548,0.175,0.428,0.482,-0.34,-0.491,-0.426,-0.228,0.458,-0.412,-0.315,0.218,0.434,-0.455,0.499,-0.24,0.132,0.428,0.435,0.585,0.026,0.315,-0.385,0.565,0.249,-0.284,-0.563,-0.645,0.364,-0.22,0.557,0.543,-0.169,-0.556,-0.533,-0.26,0.243,0.11,0.067,-0.294,0.24,-0.471,0.384,-0.406,0.259,0.139,0.362,-0.394,-0.556,0.47,-0.484,-0.444,0.004,-0.656,0.348,-0.125,-0.227,-0.409,0.395,0.276,0.459,-0.095,-0.519,0.546,-0.374,0.598,0.54,0.456,-0.409,-0.242,-0.042,0.275,0.291,-0.377,0.488,0.503,0.571,-0.457,0.247,-0.463,0.221,0.454,0.445,0.319,0.462,-0.214,0.397,0.085,-0.344,-0.054,-0.492,0.218,-0.595,-0.156,-0.447,-0.044,-0.482,-0.104,-0.298,0.039,-0.209,0.398,-0.512,0.426,0.455,-0.201,0.204,0.249,0.517,-0.544,0.234,0.448,-0.368,0.041,-0.331,-0.34,-0.219,0.194,-0.259,0.518,0.295,0.058,0.318,0.127,0.393,-0.083,0.297,-0.277,-0.434,0.438,0.075,0.609,0.365,0.485,-0.508,0.49
APLT,-0.163,0.181,0.515,0.276,0.285,-0.146,0.641,-0.697,0.005,0.327,-0.31,0.643,0.251,0.0,0.361,0.585,0.76,-0.665,0.353,-0.432,0.388,0.489,-0.116,-0.156,-0.323,0.168,-0.379,0.062,-0.482,-0.151,-0.273,0.398,0.613,0.434,-0.337,0.367,-0.357,0.133,0.615,0.074,0.613,-0.384,0.754,0.352,0.698,-0.243,-0.02,-0.202,0.471,0.542,-0.089,0.658,0.71,0.288,0.067,0.093,0.209,-0.102,-0.05,0.728,-0.05,-0.392,-0.341,0.451,-0.628,-0.089,0.307,0.609,0.356,0.171,-0.558,0.378,0.041,0.289,-0.517,0.851,-0.289,-0.376,0.672,-0.641,-0.448,0.557,-0.097,0.261,0.125,0.83,-0.444,0.396,-0.132,-0.752,-0.051,-0.177,0.364,-0.425,0.321,0.246,0.258,-0.045,0.14,0.326,0.577,0.891,-0.217,0.579,0.688,-0.37,0.094,0.312,0.463,-0.162,0.674,-0.375,-0.378,0.458,-0.135,-0.219,0.218,-0.169,0.218,0.145,0.258,-0.062,0.527,0.834,0.216,-0.102,-0.042,0.269,-0.703,0.36,-0.035,0.302,-0.188,-0.292,-0.239,-0.01,0.479,0.119,0.287,0.48,0.612,0.208,0.056,0.105,0.515,0.054,0.514,0.016,0.225,0.037,0.753,0.781,-0.308,-0.484,-0.204,0.245,-0.487,-0.565,0.015,-0.121,-0.401,-0.009,0.02,0.15,0.574,0.274,-0.315,-0.328,0.716,0.043,0.562,-0.264,0.53,-0.192,-0.399,0.691,-0.519,0.27,-0.518,-0.068,0.314,0.46,-0.367,0.619,0.289,0.667,-0.282,0.323,0.51,0.651,0.761,-0.577,0.132,0.598,0.166,0.573,0.482,0.615,-0.032,0.168
APVO,0.105,-0.276,0.69,0.395,-0.055,0.003,0.419,-0.411,0.495,0.026,-0.234,0.045,-0.253,0.361,0.0,0.079,-0.114,-0.517,0.807,-0.035,0.234,-0.195,-0.184,-0.718,-0.071,-0.1,-0.166,-0.161,-0.256,-0.024,-0.49,-0.1,0.175,-0.085,-0.526,-0.109,0.313,0.232,0.224,0.102,0.355,0.009,0.201,-0.414,0.191,-0.181,0.248,-0.006,0.002,0.114,-0.097,0.558,0.024,-0.051,0.242,-0.033,-0.119,-0.104,-0.17,0.101,0.175,-0.445,0.019,0.211,0.005,-0.606,-0.187,0.092,0.311,0.096,-0.246,0.065,-0.141,0.503,-0.424,0.378,-0.241,-0.147,0.101,-0.356,-0.43,-0.09,-0.1,-0.019,0.023,0.35,-0.332,-0.219,-0.564,-0.374,0.398,0.305,0.292,0.023,0.009,0.002,-0.183,0.119,0.358,-0.16,0.085,0.274,-0.493,0.418,0.032,0.169,-0.567,0.657,-0.245,-0.043,-0.171,-0.199,-0.117,-0.304,0.395,0.026,-0.205,0.183,0.025,-0.126,0.283,-0.119,0.094,0.387,0.026,-0.149,0.189,-0.137,-0.364,-0.214,-0.137,0.055,-0.219,-0.112,-0.297,-0.444,-0.111,0.167,-0.397,-0.06,0.227,0.212,-0.19,0.023,-0.028,-0.02,0.151,-0.019,0.021,0.046,0.265,0.449,-0.202,-0.591,-0.125,-0.404,0.172,-0.398,0.097,-0.401,-0.227,-0.341,0.129,0.096,0.275,-0.186,-0.005,-0.35,0.096,-0.287,0.542,-0.372,0.149,-0.07,-0.568,0.206,-0.255,0.394,-0.292,-0.163,0.118,0.235,-0.207,0.058,0.084,0.314,-0.436,-0.198,-0.137,0.299,0.286,-0.168,0.24,0.327,-0.002,0.053,0.185,-0.034,-0.016,-0.478
ARGX,0.457,0.724,0.247,-0.042,0.855,0.305,0.821,-0.145,-0.501,0.811,-0.357,0.847,0.456,0.585,0.079,0.0,0.688,-0.156,-0.082,-0.567,0.644,0.72,0.481,0.131,0.178,0.665,-0.502,0.583,0.16,0.18,0.386,0.752,0.816,0.926,-0.059,0.385,-0.55,-0.321,0.694,-0.485,0.486,-0.22,0.795,0.389,0.916,0.241,-0.538,-0.239,0.478,0.729,-0.427,0.256,0.815,0.493,0.222,-0.378,0.742,-0.22,0.046,0.778,-0.566,-0.284,-0.04,0.687,-0.508,0.275,0.838,0.929,-0.233,-0.228,-0.721,0.207,0.579,-0.018,-0.612,0.607,0.351,-0.386,0.916,-0.558,0.205,0.868,0.232,0.695,0.314,0.781,-0.447,0.859,0.338,-0.569,-0.507,-0.623,0.641,-0.129,0.726,0.712,0.084,-0.415,-0.433,-0.117,0.658,0.529,0.211,0.074,0.794,-0.713,0.487,-0.002,0.718,0.523,0.593,-0.351,-0.573,0.686,-0.558,-0.326,0.272,-0.635,0.499,0.256,0.392,-0.536,0.807,0.727,0.783,0.037,-0.593,0.826,-0.511,0.855,0.5,0.572,-0.617,-0.039,0.244,0.458,0.777,-0.26,0.634,0.911,0.723,-0.379,0.337,-0.373,0.793,0.254,0.78,0.692,0.534,-0.147,0.847,0.639,-0.26,-0.236,-0.631,0.502,-0.598,-0.207,-0.17,-0.035,-0.487,-0.132,0.065,0.57,0.327,0.725,-0.543,0.288,0.686,0.081,0.666,0.251,0.765,-0.463,0.067,0.766,-0.468,0.446,-0.466,-0.139,0.293,0.816,-0.035,0.912,0.766,0.557,0.331,0.484,0.81,0.239,0.906,-0.367,-0.204,0.69,-0.152,0.855,0.748,0.902,-0.392,0.571
ARLP,-0.103,0.361,0.071,0.047,0.475,0.114,0.559,-0.46,-0.244,0.375,-0.121,0.801,0.37,0.76,-0.114,0.688,0.0,-0.29,-0.074,-0.356,0.403,0.593,0.112,0.378,-0.266,0.32,-0.225,0.283,-0.236,0.123,0.081,0.695,0.623,0.594,0.055,0.59,-0.478,-0.028,0.665,-0.04,0.491,-0.195,0.825,0.809,0.711,-0.253,-0.252,-0.165,0.553,0.523,0.011,0.447,0.728,0.611,0.048,0.119,0.378,0.129,0.023,0.684,-0.15,-0.06,-0.279,0.434,-0.633,0.414,0.589,0.72,0.222,0.212,-0.477,0.518,0.273,0.089,-0.293,0.596,-0.074,-0.216,0.754,-0.595,-0.119,0.818,-0.001,0.261,0.308,0.612,-0.265,0.701,0.429,-0.553,-0.323,-0.404,0.302,-0.419,0.393,0.313,0.495,-0.218,-0.202,0.467,0.643,0.782,0.205,0.366,0.807,-0.449,0.483,0.002,0.755,0.029,0.842,-0.267,-0.316,0.802,-0.353,-0.154,0.535,-0.29,0.217,0.28,0.18,0.019,0.608,0.699,0.325,0.098,-0.22,0.412,-0.459,0.624,0.099,0.382,-0.022,-0.169,0.002,0.324,0.729,0.182,0.53,0.695,0.521,0.079,0.421,0.074,0.724,-0.06,0.591,0.18,0.358,0.034,0.7,0.677,-0.108,-0.058,-0.152,0.61,-0.67,-0.304,0.026,0.226,-0.183,0.309,0.053,0.325,0.512,0.578,-0.323,-0.054,0.593,0.398,0.311,0.044,0.577,-0.102,0.012,0.548,-0.298,0.342,-0.455,0.252,0.434,0.489,-0.156,0.684,0.403,0.606,0.043,0.678,0.623,0.411,0.772,-0.423,-0.0,0.491,0.172,0.631,0.572,0.819,0.05,0.61
ATEX,0.428,0.241,-0.675,-0.429,0.272,0.558,-0.21,0.826,-0.237,0.132,0.424,-0.161,0.141,-0.665,-0.517,-0.156,-0.29,0.0,-0.518,0.251,-0.21,0.001,0.38,0.539,0.294,0.298,0.311,0.301,0.678,0.442,0.729,0.159,-0.295,0.02,0.607,-0.035,0.019,-0.365,-0.41,-0.317,-0.524,0.515,-0.371,0.135,-0.273,0.466,-0.41,0.075,-0.098,-0.221,0.002,-0.613,-0.289,0.092,0.093,-0.293,0.214,0.168,0.093,-0.388,-0.272,0.51,0.397,-0.205,0.359,0.463,0.188,-0.096,-0.602,-0.229,0.315,-0.209,0.364,-0.455,0.478,-0.735,0.565,0.358,-0.219,0.549,0.636,-0.089,0.301,0.059,0.247,-0.556,0.365,0.161,0.574,0.677,-0.298,-0.228,-0.1,0.456,0.044,0.062,-0.077,-0.242,-0.498,-0.274,-0.18,-0.622,0.569,-0.658,-0.248,0.081,0.468,-0.313,0.028,0.434,-0.267,0.362,0.204,0.062,-0.256,0.021,0.264,-0.169,-0.061,0.11,-0.043,-0.08,-0.24,-0.575,0.227,0.354,-0.314,0.234,0.598,0.112,0.324,0.018,0.048,0.34,0.405,0.336,0.007,-0.117,0.177,0.01,-0.285,-0.437,0.442,-0.305,-0.11,0.107,-0.262,0.414,0.051,0.069,-0.402,-0.621,0.324,0.75,0.002,0.293,0.155,0.666,-0.005,0.286,0.351,0.101,0.043,0.04,-0.516,0.261,0.128,0.614,-0.446,0.048,-0.567,0.748,-0.159,0.06,0.672,-0.371,0.53,-0.034,0.368,0.207,-0.012,-0.057,0.51,-0.182,0.14,-0.558,0.626,0.135,0.034,-0.672,-0.348,0.608,-0.216,-0.389,-0.292,-0.082,-0.185,-0.145,-0.105,0.364
ATRA,-0.122,-0.361,0.699,0.489,-0.238,-0.078,0.265,-0.437,0.653,-0.211,-0.061,-0.054,-0.3,0.353,0.807,-0.082,-0.074,-0.518,0.0,0.193,0.227,-0.33,-0.318,-0.552,-0.042,-0.266,0.026,-0.241,-0.31,0.028,-0.558,-0.149,0.051,-0.273,-0.439,0.052,0.318,0.415,0.267,0.291,0.386,0.056,0.115,-0.321,0.077,-0.305,0.444,0.006,0.011,-0.031,0.106,0.616,-0.047,-0.088,0.38,0.219,-0.254,-0.012,-0.215,0.006,0.359,-0.274,-0.019,0.243,-0.016,-0.463,-0.344,-0.046,0.525,0.263,-0.03,0.147,-0.307,0.559,-0.189,0.31,-0.336,0.011,-0.022,-0.274,-0.446,-0.105,-0.097,-0.174,0.146,0.223,-0.201,-0.322,-0.561,-0.234,0.582,0.487,0.194,-0.005,-0.133,-0.116,0.013,0.245,0.439,0.029,0.109,0.281,-0.509,0.554,-0.084,0.406,-0.615,0.566,-0.283,-0.25,-0.115,-0.128,0.045,-0.221,0.495,0.229,-0.105,0.317,-0.126,-0.104,0.069,0.152,0.075,0.355,-0.21,-0.003,0.413,-0.284,-0.165,-0.326,-0.236,-0.039,0.044,-0.113,-0.268,-0.36,-0.188,0.343,-0.367,-0.163,0.039,0.377,-0.303,0.198,-0.076,-0.1,0.043,-0.228,-0.058,0.181,0.183,0.441,-0.134,-0.469,0.091,-0.29,0.321,-0.314,0.248,-0.229,-0.015,-0.118,0.229,0.065,0.341,-0.283,0.158,-0.452,-0.036,-0.124,0.454,-0.372,-0.003,0.109,-0.458,0.094,-0.103,0.362,-0.282,0.018,0.082,0.076,-0.137,-0.058,-0.073,0.322,-0.498,-0.173,-0.176,0.35,0.117,-0.052,0.342,0.21,0.036,-0.062,0.179,-0.112,0.187,-0.432
AUTL,-0.274,-0.646,-0.31,0.486,-0.421,0.332,-0.458,0.213,0.637,-0.588,0.818,-0.376,-0.453,-0.432,-0.035,-0.567,-0.356,0.251,0.193,0.0,-0.515,-0.678,-0.484,0.219,0.315,-0.599,0.891,-0.589,-0.05,0.573,-0.161,-0.043,-0.776,-0.507,0.55,0.156,0.774,0.624,-0.177,0.649,-0.455,0.379,-0.56,-0.079,-0.62,-0.289,0.655,0.636,0.14,-0.809,0.759,0.166,-0.682,0.021,0.562,0.673,-0.676,0.653,0.385,-0.83,0.751,0.762,-0.157,-0.001,0.525,0.271,-0.288,-0.598,0.349,0.604,0.864,0.376,-0.556,0.539,0.81,-0.483,-0.348,0.881,-0.695,0.585,0.218,-0.361,-0.505,-0.769,0.409,-0.511,0.77,-0.55,0.086,0.693,0.729,0.781,-0.607,0.525,-0.799,-0.727,0.419,0.649,0.395,0.282,-0.464,-0.372,0.322,0.27,-0.404,0.852,-0.117,0.303,-0.212,0.051,-0.409,0.694,0.83,-0.145,0.425,0.71,0.307,0.747,-0.733,0.296,0.054,0.708,-0.573,-0.551,-0.636,0.628,0.708,-0.532,0.798,-0.606,-0.5,-0.69,0.743,0.624,0.413,0.173,-0.438,0.685,-0.275,-0.556,-0.796,0.557,-0.243,0.601,-0.136,-0.682,-0.636,-0.289,-0.61,0.658,-0.664,-0.226,0.699,0.499,0.787,0.115,0.668,0.575,0.755,0.614,0.826,0.536,0.66,0.122,0.258,-0.116,0.91,-0.413,-0.85,0.47,-0.504,0.235,-0.794,0.815,0.351,-0.771,0.883,0.003,0.595,0.57,0.273,-0.333,0.63,-0.741,-0.275,-0.19,0.011,0.061,-0.442,-0.04,-0.468,0.791,0.58,-0.765,-0.35,-0.726,-0.362,-0.574,0.762,-0.225
AVDL,0.442,0.547,0.551,-0.161,0.501,0.051,0.632,-0.105,-0.21,0.448,-0.56,0.457,0.277,0.388,0.234,0.644,0.403,-0.21,0.227,-0.515,0.0,0.326,0.545,-0.157,-0.106,0.52,-0.621,0.709,0.317,-0.042,0.125,0.299,0.836,0.515,-0.427,0.246,-0.478,-0.391,0.671,-0.57,0.744,0.13,0.726,0.212,0.693,0.034,-0.536,-0.561,0.013,0.677,-0.542,0.187,0.674,0.319,0.045,-0.485,0.674,-0.355,-0.514,0.659,-0.576,-0.565,0.314,0.43,-0.431,-0.082,0.366,0.688,-0.027,-0.275,-0.746,-0.071,0.612,-0.165,-0.632,0.383,0.456,-0.526,0.76,-0.712,0.013,0.596,0.592,0.64,0.113,0.414,-0.693,0.609,0.044,-0.563,-0.398,-0.488,0.865,-0.351,0.735,0.764,-0.172,-0.59,-0.482,-0.223,0.688,0.339,-0.231,-0.095,0.369,-0.423,-0.029,-0.096,0.374,0.118,0.429,-0.677,-0.692,0.344,-0.056,-0.203,0.105,-0.561,0.675,-0.144,-0.023,-0.519,0.86,0.73,0.597,-0.323,-0.575,0.507,-0.45,0.612,0.571,0.754,-0.6,-0.384,-0.136,-0.017,0.588,-0.272,0.207,0.682,0.597,-0.461,0.342,-0.528,0.44,0.377,0.881,0.469,0.758,-0.501,0.816,0.496,-0.517,-0.429,-0.671,0.09,-0.308,-0.472,-0.413,-0.375,-0.504,-0.281,-0.193,0.395,0.067,0.242,-0.656,0.404,0.513,-0.075,0.724,-0.101,0.807,-0.563,-0.242,0.495,-0.597,0.665,-0.811,-0.067,-0.051,0.548,-0.154,0.777,0.586,0.596,0.017,0.142,0.429,0.036,0.596,-0.5,-0.468,0.836,0.291,0.702,0.762,0.72,-0.472,0.265
BCRX,0.328,0.741,-0.004,-0.368,0.688,0.087,0.62,0.009,-0.675,0.752,-0.363,0.602,0.666,0.489,-0.195,0.72,0.593,0.001,-0.33,-0.678,0.326,0.0,0.311,0.242,0.009,0.718,-0.577,0.562,0.131,-0.079,0.422,0.459,0.667,0.724,-0.104,0.119,-0.755,-0.538,0.248,-0.547,0.188,-0.271,0.537,0.404,0.682,0.44,-0.607,-0.44,0.309,0.728,-0.504,-0.021,0.727,0.175,-0.171,-0.479,0.728,-0.444,-0.105,0.808,-0.654,-0.297,0.124,0.208,-0.597,0.215,0.63,0.753,-0.351,-0.486,-0.659,-0.109,0.557,-0.392,-0.468,0.484,0.431,-0.525,0.741,-0.396,0.089,0.625,0.344,0.736,0.103,0.559,-0.447,0.75,0.317,-0.457,-0.687,-0.777,0.474,-0.293,0.696,0.664,-0.121,-0.548,-0.502,-0.162,0.483,0.393,0.117,-0.17,0.535,-0.733,0.539,-0.255,0.503,0.245,0.598,-0.415,-0.65,0.574,-0.638,-0.622,0.081,-0.741,0.465,0.011,0.049,-0.507,0.508,0.48,0.674,-0.106,-0.612,0.72,-0.579,0.772,0.587,0.596,-0.537,-0.204,-0.056,0.35,0.513,-0.427,0.615,0.713,0.795,-0.497,0.358,-0.461,0.406,0.531,0.509,0.495,0.556,-0.235,0.636,0.281,-0.383,-0.098,-0.62,0.353,-0.786,-0.203,-0.427,-0.116,-0.577,-0.278,-0.3,0.163,-0.071,0.532,-0.632,0.412,0.746,-0.189,0.333,0.252,0.696,-0.606,0.094,0.741,-0.51,0.081,-0.369,-0.332,-0.033,0.478,-0.281,0.769,0.433,0.187,0.318,0.312,0.653,0.09,0.586,-0.379,-0.371,0.598,0.025,0.808,0.378,0.669,-0.552,0.594
BHAT,0.651,0.683,-0.034,-0.545,0.628,0.291,0.335,0.385,-0.49,0.556,-0.343,0.354,0.314,-0.116,-0.184,0.481,0.112,0.38,-0.318,-0.484,0.545,0.311,0.0,0.172,0.094,0.659,-0.417,0.752,0.633,0.057,0.638,0.316,0.55,0.505,0.014,0.104,-0.451,-0.631,0.245,-0.734,0.182,0.261,0.385,0.165,0.437,0.394,-0.791,-0.374,-0.11,0.484,-0.539,-0.351,0.408,0.297,-0.09,-0.682,0.737,-0.255,-0.22,0.351,-0.746,-0.232,0.367,0.198,-0.096,0.112,0.452,0.52,-0.554,-0.461,-0.515,-0.255,0.793,-0.52,-0.369,-0.053,0.706,-0.346,0.503,-0.197,0.392,0.422,0.607,0.649,0.061,0.067,-0.378,0.649,0.404,-0.159,-0.69,-0.677,0.57,0.008,0.701,0.685,-0.259,-0.643,-0.679,-0.435,0.518,-0.077,0.209,-0.549,0.234,-0.541,0.343,-0.314,0.394,0.426,0.158,-0.292,-0.489,0.231,-0.43,-0.307,0.039,-0.634,0.628,-0.025,0.097,-0.623,0.568,0.225,0.75,-0.156,-0.788,0.628,-0.123,0.646,0.617,0.603,-0.591,-0.116,0.161,0.177,0.546,-0.46,0.361,0.608,0.344,-0.729,0.509,-0.65,0.293,0.406,0.536,0.684,0.627,-0.457,0.39,0.007,-0.246,0.022,-0.657,0.161,-0.237,0.032,-0.469,-0.207,-0.283,-0.218,-0.25,0.349,-0.35,0.369,-0.585,0.749,0.291,-0.086,0.229,0.281,0.59,-0.514,0.195,0.372,-0.296,0.328,-0.332,-0.059,-0.057,0.457,0.054,0.573,0.584,0.109,0.448,0.159,0.426,-0.408,0.308,-0.196,-0.556,0.439,-0.032,0.548,0.422,0.498,-0.543,0.443
BLBD,-0.077,0.307,-0.713,-0.199,0.306,0.425,-0.071,0.329,-0.366,0.048,0.439,0.292,0.272,-0.156,-0.718,0.131,0.378,0.539,-0.552,0.219,-0.157,0.242,0.172,0.0,0.214,0.216,0.405,0.149,0.177,0.463,0.563,0.499,-0.054,0.24,0.738,0.392,-0.24,-0.093,0.02,0.025,-0.329,0.18,0.019,0.707,0.015,0.027,-0.188,0.176,0.329,-0.126,0.326,-0.2,0.12,0.445,0.155,0.223,0.187,0.355,0.281,-0.052,-0.042,0.663,-0.119,0.117,-0.057,0.852,0.415,0.163,-0.171,0.134,0.265,0.308,0.163,-0.193,0.508,-0.241,0.171,0.361,0.088,0.275,0.441,0.414,0.037,-0.031,0.429,-0.189,0.369,0.44,0.832,0.347,-0.295,-0.239,-0.215,0.193,0.017,0.002,0.505,-0.083,-0.378,0.331,0.059,-0.057,0.733,-0.134,0.231,-0.067,0.752,-0.352,0.511,0.263,0.34,0.337,0.213,0.672,-0.498,0.085,0.507,-0.121,-0.103,0.322,-0.09,0.266,0.024,-0.158,0.09,0.549,-0.086,0.294,0.39,0.346,0.107,-0.028,0.379,0.352,0.454,0.688,0.314,0.219,0.596,0.271,-0.117,-0.121,0.443,0.142,0.368,-0.214,-0.025,0.167,0.013,0.375,-0.11,-0.109,0.416,0.755,0.231,0.733,-0.217,0.519,0.219,0.743,0.431,0.606,0.186,0.271,0.021,0.612,0.15,0.266,-0.112,0.584,-0.474,0.636,-0.05,0.275,0.804,-0.107,0.429,-0.064,0.23,0.46,0.248,0.04,0.364,0.06,0.113,-0.113,0.474,0.674,0.329,-0.223,-0.005,0.316,-0.006,-0.278,-0.23,0.095,0.006,0.248,0.248,0.714
BMRN,0.392,0.22,-0.153,0.216,0.328,0.435,0.098,0.418,-0.174,0.303,0.285,0.059,0.038,-0.323,-0.071,0.178,-0.266,0.294,-0.042,0.315,-0.106,0.009,0.094,0.214,0.0,0.077,0.281,0.01,0.352,0.533,0.431,0.278,-0.168,0.248,0.392,0.009,0.186,0.044,0.016,-0.085,-0.4,0.017,-0.286,-0.248,0.01,0.447,0.112,0.374,0.246,-0.159,0.04,-0.074,-0.15,-0.025,0.576,-0.018,0.098,-0.019,0.443,-0.229,-0.021,0.368,0.026,0.387,0.321,0.324,0.281,0.031,-0.258,-0.163,0.245,0.005,-0.003,0.147,0.187,-0.14,0.281,0.343,-0.094,0.437,0.617,0.144,-0.075,0.117,0.465,0.02,0.316,0.064,0.216,0.364,0.122,0.101,-0.071,0.602,-0.048,0.061,-0.017,0.211,-0.073,-0.338,-0.156,-0.378,0.384,-0.041,-0.077,0.112,0.207,0.003,0.08,0.624,-0.343,0.395,0.203,0.102,-0.275,0.135,-0.03,-0.054,-0.177,0.232,0.175,-0.116,-0.029,-0.235,0.173,0.474,0.023,0.303,0.361,0.112,0.23,-0.207,-0.111,0.631,0.678,0.668,-0.114,-0.021,0.288,0.101,-0.142,-0.172,-0.186,-0.024,0.204,-0.049,-0.153,0.462,-0.169,0.315,-0.157,-0.052,0.283,0.25,-0.045,0.222,0.236,0.599,0.283,0.331,0.189,-0.065,0.457,0.445,0.073,0.331,0.289,0.153,-0.266,0.133,0.062,0.522,-0.212,0.119,0.546,-0.016,0.35,-0.01,0.405,-0.012,0.048,0.253,0.467,-0.059,0.202,-0.146,0.556,0.139,0.208,-0.003,-0.022,0.544,0.195,-0.226,-0.709,-0.022,0.058,-0.094,0.004,0.127
BNGO,0.699,0.843,-0.008,-0.603,0.828,0.402,0.666,0.374,-0.631,0.749,-0.327,0.45,0.608,0.168,-0.1,0.665,0.32,0.298,-0.266,-0.599,0.52,0.718,0.659,0.216,0.077,0.0,-0.589,0.842,0.555,0.102,0.642,0.42,0.687,0.673,-0.109,-0.01,-0.707,-0.831,0.182,-0.858,0.193,0.127,0.472,0.264,0.641,0.587,-0.838,-0.541,0.136,0.731,-0.711,-0.266,0.579,0.219,-0.082,-0.769,0.948,-0.469,-0.35,0.619,-0.849,-0.289,0.47,0.231,-0.397,0.193,0.626,0.772,-0.661,-0.662,-0.657,-0.358,0.88,-0.524,-0.44,0.119,0.755,-0.51,0.701,-0.367,0.274,0.572,0.709,0.875,0.215,0.292,-0.521,0.827,0.408,-0.222,-0.83,-0.87,0.707,-0.083,0.871,0.862,-0.385,-0.824,-0.82,-0.481,0.467,0.035,0.149,-0.519,0.339,-0.657,0.436,-0.35,0.363,0.478,0.395,-0.487,-0.713,0.472,-0.52,-0.599,0.078,-0.897,0.653,-0.14,-0.027,-0.68,0.556,0.347,0.907,-0.096,-0.878,0.826,-0.396,0.833,0.797,0.807,-0.708,-0.18,-0.006,0.26,0.495,-0.524,0.525,0.797,0.693,-0.784,0.542,-0.775,0.327,0.677,0.639,0.732,0.757,-0.354,0.577,0.139,-0.377,-0.025,-0.811,0.263,-0.605,-0.046,-0.562,-0.207,-0.533,-0.36,-0.381,0.268,-0.361,0.53,-0.729,0.794,0.531,-0.269,0.382,0.409,0.772,-0.742,0.27,0.562,-0.433,0.346,-0.507,-0.335,-0.131,0.536,-0.073,0.748,0.54,0.075,0.48,0.202,0.572,-0.38,0.494,-0.177,-0.642,0.609,0.018,0.819,0.478,0.676,-0.729,0.643
BUSE,-0.381,-0.599,-0.481,0.468,-0.348,0.37,-0.469,0.116,0.494,-0.543,0.858,-0.222,-0.429,-0.379,-0.166,-0.502,-0.225,0.311,0.026,0.891,-0.621,-0.577,-0.417,0.405,0.281,-0.589,0.0,-0.626,-0.169,0.556,-0.054,0.098,-0.773,-0.413,0.743,0.269,0.69,0.659,-0.182,0.712,-0.485,0.309,-0.496,0.074,-0.588,-0.325,0.606,0.753,0.236,-0.835,0.883,0.155,-0.602,0.178,0.528,0.739,-0.67,0.786,0.574,-0.784,0.754,0.885,-0.335,0.029,0.533,0.443,-0.179,-0.532,0.297,0.696,0.87,0.534,-0.567,0.509,0.859,-0.435,-0.434,0.918,-0.644,0.641,0.226,-0.276,-0.601,-0.801,0.385,-0.44,0.85,-0.452,0.237,0.665,0.639,0.716,-0.724,0.561,-0.796,-0.768,0.614,0.702,0.428,0.447,-0.393,-0.241,0.534,0.314,-0.223,0.688,0.132,0.304,-0.029,0.103,-0.285,0.845,0.912,-0.025,0.214,0.661,0.38,0.76,-0.773,0.481,0.183,0.764,-0.57,-0.529,-0.605,0.728,0.697,-0.442,0.789,-0.528,-0.593,-0.742,0.812,0.703,0.506,0.301,-0.285,0.756,-0.073,-0.502,-0.781,0.565,-0.144,0.714,-0.012,-0.773,-0.675,-0.288,-0.687,0.777,-0.672,-0.197,0.816,0.634,0.861,0.305,0.585,0.656,0.836,0.767,0.926,0.688,0.696,0.157,0.329,0.062,0.918,-0.45,-0.765,0.604,-0.651,0.344,-0.803,0.907,0.464,-0.666,0.926,-0.124,0.725,0.625,0.439,-0.278,0.612,-0.7,-0.249,-0.21,0.076,0.259,-0.293,-0.025,-0.404,0.721,0.703,-0.83,-0.436,-0.709,-0.379,-0.5,0.853,-0.107
CAKE,0.717,0.794,0.112,-0.615,0.697,0.258,0.529,0.378,-0.554,0.661,-0.414,0.352,0.534,0.062,-0.161,0.583,0.283,0.301,-0.241,-0.589,0.709,0.562,0.752,0.149,0.01,0.842,-0.626,0.0,0.683,0.059,0.569,0.315,0.718,0.584,-0.2,0.036,-0.64,-0.817,0.266,-0.878,0.397,0.234,0.516,0.297,0.596,0.472,-0.865,-0.646,-0.049,0.734,-0.727,-0.277,0.556,0.22,-0.167,-0.789,0.907,-0.48,-0.518,0.587,-0.871,-0.394,0.632,0.144,-0.345,0.125,0.502,0.668,-0.503,-0.625,-0.675,-0.374,0.889,-0.633,-0.49,0.018,0.834,-0.525,0.693,-0.429,0.326,0.553,0.834,0.834,0.139,0.14,-0.599,0.769,0.37,-0.25,-0.774,-0.829,0.823,-0.225,0.878,0.898,-0.392,-0.852,-0.849,-0.461,0.575,0.017,0.024,-0.571,0.211,-0.565,0.272,-0.414,0.323,0.337,0.368,-0.602,-0.757,0.365,-0.327,-0.516,0.123,-0.835,0.714,-0.268,-0.151,-0.686,0.68,0.37,0.822,-0.274,-0.874,0.686,-0.317,0.782,0.882,0.885,-0.683,-0.328,-0.055,0.146,0.517,-0.537,0.33,0.744,0.595,-0.792,0.569,-0.812,0.246,0.673,0.732,0.697,0.886,-0.581,0.623,0.082,-0.506,-0.105,-0.811,0.17,-0.471,-0.171,-0.647,-0.29,-0.52,-0.381,-0.435,0.257,-0.382,0.355,-0.753,0.838,0.446,-0.241,0.42,0.278,0.808,-0.732,0.117,0.436,-0.455,0.452,-0.622,-0.173,-0.22,0.447,-0.11,0.737,0.54,0.146,0.372,0.165,0.458,-0.367,0.398,-0.256,-0.741,0.693,0.254,0.769,0.566,0.669,-0.741,0.533
CASY,0.82,0.507,-0.19,-0.479,0.506,0.493,0.107,0.826,-0.35,0.452,0.079,-0.063,0.204,-0.482,-0.256,0.16,-0.236,0.678,-0.31,-0.05,0.317,0.131,0.633,0.177,0.352,0.555,-0.169,0.683,0.0,0.356,0.687,0.157,0.128,0.305,0.164,-0.118,-0.145,-0.635,-0.072,-0.705,-0.083,0.545,-0.039,0.001,0.121,0.663,-0.638,-0.276,-0.117,0.234,-0.486,-0.511,-0.018,0.008,0.082,-0.672,0.574,-0.242,-0.275,-0.072,-0.621,0.051,0.742,0.017,0.18,0.174,0.351,0.209,-0.601,-0.545,-0.122,-0.431,0.669,-0.536,0.009,-0.549,0.897,0.019,0.156,0.169,0.711,0.14,0.651,0.5,0.258,-0.322,-0.07,0.379,0.375,0.368,-0.452,-0.446,0.451,0.262,0.427,0.519,-0.43,-0.535,-0.741,-0.656,0.159,-0.516,0.249,-0.73,-0.224,-0.105,0.212,-0.38,0.072,0.546,-0.171,-0.132,-0.252,0.038,-0.138,-0.193,0.144,-0.501,0.322,-0.161,-0.099,-0.51,0.242,-0.224,0.544,0.033,-0.606,0.445,0.286,0.406,0.753,0.457,-0.444,0.084,0.333,0.275,0.119,-0.4,0.076,0.374,0.007,-0.684,0.379,-0.694,-0.045,0.451,0.219,0.718,0.528,-0.39,0.057,-0.397,-0.108,0.269,-0.481,0.081,0.084,0.374,-0.358,-0.072,-0.078,-0.304,-0.121,0.219,-0.541,0.151,-0.243,0.83,-0.189,-0.186,0.018,0.523,0.283,-0.383,0.41,-0.107,0.111,0.341,-0.068,0.005,-0.26,0.227,0.414,0.209,0.37,-0.255,0.606,-0.041,0.171,-0.549,-0.061,0.379,-0.526,0.113,-0.092,0.301,0.25,0.133,-0.514,0.335
CCOI,0.35,-0.021,-0.328,0.26,0.413,0.867,0.266,0.334,0.204,0.183,0.676,0.282,-0.09,-0.151,-0.024,0.18,0.123,0.442,0.028,0.573,-0.042,-0.079,0.057,0.463,0.533,0.102,0.556,0.059,0.356,0.0,0.399,0.637,-0.159,0.244,0.639,0.439,0.355,0.162,0.224,0.074,-0.201,0.455,0.003,0.334,0.116,0.079,0.028,0.402,0.518,-0.246,0.366,0.249,-0.143,0.502,0.759,0.187,0.051,0.515,0.335,-0.3,0.179,0.645,0.1,0.424,0.236,0.569,0.42,0.177,-0.006,0.31,0.304,0.457,0.122,0.337,0.408,-0.272,0.185,0.667,0.025,0.236,0.547,0.359,-0.148,-0.152,0.839,-0.109,0.434,0.235,0.557,0.452,0.18,0.167,-0.035,0.484,-0.139,-0.096,0.385,0.156,-0.175,0.039,0.074,-0.125,0.622,0.124,0.13,0.307,0.359,0.287,0.345,0.623,-0.028,0.45,0.387,0.385,-0.034,0.371,0.624,0.166,-0.358,0.449,0.352,0.211,0.018,-0.138,0.144,0.739,0.088,0.187,0.507,0.146,0.088,-0.097,0.249,0.662,0.641,0.592,0.177,0.512,0.178,0.238,-0.247,0.09,0.291,0.152,0.398,-0.364,-0.058,0.45,-0.03,0.514,-0.05,0.139,0.524,0.499,0.217,0.552,0.169,0.605,0.582,0.633,0.529,0.393,0.658,0.634,0.338,0.531,0.462,0.09,-0.463,0.488,-0.117,0.677,-0.13,0.423,0.544,-0.254,0.656,0.488,0.235,0.577,0.517,0.385,0.712,-0.028,0.384,0.059,0.455,0.575,0.212,-0.091,0.197,0.717,0.308,-0.253,-0.518,-0.002,0.207,0.126,0.362,0.358
