,AAPL,ACRS,ADP,AFYA,AGNC,AGYS,ALT,AMGN,AMPH,AMZN,ANIP,AOSL,APDN,APLT,APVO,ARGX,ARLP,ATEX,ATRA,AUTL,AVDL,BCRX,BHAT,BLBD,BMRN,BNGO,BUSE,CAKE,CASY,CCOI,CEVA,CHY,CLDX,CLMT,COHU,COLM,COST,CPRT,CSWC,CSX,DBX,DCOM,DKNG,DMLP,DOX,EA,EDIT,ENPH,ENSG,ERNA,ESGR,ETNB,EXTR,FANG,FARO,FATE,FGEN,FIVE,FIVN,FLGT,FOLD,FORM,FOXA,FRPT,FSLR,FTAI,GBDC,GDYN,GGAL,GNLN,GRFS,GT,HCAT,HCM,HFWA,HOLX,HQY,HUBG,IAC,ICLR,IDCC,IEP,IHRT,ILMN,ILPT,IMAB,IMOS,INMD,INTZ,JAZZ,JKHY,JRVR,KIDS,LBRDK,LGND,LMAT,LPLA,LULU,MASI,MAT,MATW,MBIN,MBIO,MCRB,MDB,MDLZ,MELI,MIRM,MLKN,MNMD,MNRO,MPWR,MRCY,MRSN,MTVA,NAAS,NDAQ,NDSN,NEGG,NOVT,NVDA,NWE,NWSA,NXST,OCX,ODFL,OMAB,OPCH,OPRA,ORGO,OTRK,OZK,PAGP,PCH,PEGA,PENG,PENN,PFBC,PGNY,PHAT,PHUN,PINC,PLUG,PLXS,PYPL,QLYS,QNCX,QQQX,QVCGA,RAPT,RBBN,RCKT,REPL,RMBS,ROAD,ROKU,ROP,RUSHA,SANM,SATS,SBCF,SBLK,SBUX,SCHL,SCSC,SDGR,SEIC,SFIX,SGRY,SKYW,SLP,SNES,STAA,STLD,STOK,SWKS,TER,TFIN,TIGO,TILE,TPIC,TTEC,TTEK,TTGT,UXIN,VERU,VLYPP,VNOM,VRNS,VRSN,WDAY,WERN,WINA,WKHS,WRLD,XP,XTKG,YY,ZION,ZM
AAPL,0.0,-0.73,-0.431,0.084,-0.267,-0.335,-0.571,0.754,0.598,0.093,0.456,-0.572,-0.384,-0.207,-0.382,-0.524,-0.597,-0.314,0.448,0.784,-0.493,-0.572,-0.438,0.418,0.462,-0.385,0.185,-0.315,-0.137,0.243,-0.205,-0.384,-0.745,-0.509,-0.153,-0.406,0.589,-0.375,-0.619,-0.588,-0.38,0.222,-0.372,-0.603,-0.596,0.044,0.479,0.317,0.083,-0.619,-0.175,-0.533,-0.542,-0.362,-0.391,-0.425,-0.41,-0.305,-0.489,-0.534,0.661,-0.091,0.283,-0.43,0.802,-0.477,-0.203,-0.422,-0.659,-0.369,0.798,-0.538,0.126,-0.144,0.4,-0.578,0.726,0.627,-0.638,0.359,0.297,-0.676,-0.325,-0.642,0.289,-0.441,-0.224,-0.497,0.323,0.35,0.42,-0.257,-0.461,0.409,0.11,-0.333,-0.583,0.021,-0.521,-0.69,-0.472,-0.576,0.593,0.004,-0.53,0.778,-0.164,-0.187,-0.314,-0.304,-0.7,0.099,0.604,-0.187,0.269,-0.142,-0.213,0.3,-0.619,-0.486,-0.511,-0.518,-0.581,-0.595,-0.394,-0.148,-0.064,-0.14,-0.53,-0.491,0.43,-0.505,0.6,-0.127,-0.182,-0.585,-0.437,-0.331,-0.463,-0.557,-0.594,0.21,0.758,-0.486,-0.54,0.543,0.145,-0.094,-0.194,0.149,-0.543,0.016,0.599,-0.405,0.653,-0.396,0.821,0.821,-0.173,0.004,-0.262,-0.579,-0.118,-0.414,-0.335,-0.397,0.242,0.685,-0.723,-0.64,-0.06,0.213,-0.553,-0.345,0.662,-0.745,0.044,-0.457,0.191,-0.148,-0.246,-0.287,0.151,-0.556,-0.313,-0.467,0.741,-0.485,-0.548,-0.428,-0.52,0.155,-0.038,-0.216,-0.086,-0.584,-0.659,-0.615,-0.479,-0.458
ACRS,-0.73,0.0,0.477,0.171,0.58,0.571,0.776,-0.808,-0.133,-0.063,-0.109,0.813,0.604,0.45,0.649,0.785,0.819,0.066,-0.144,-0.759,0.739,0.418,0.627,-0.439,-0.17,0.589,-0.018,0.567,0.364,0.183,0.316,0.706,0.815,0.735,0.439,0.627,-0.611,0.6,0.771,0.623,0.678,-0.123,0.682,0.82,0.842,-0.008,-0.458,-0.03,0.292,0.823,0.492,0.75,0.808,0.703,0.407,0.593,0.8,0.451,0.484,0.835,-0.639,0.287,-0.238,0.764,-0.61,0.725,0.376,0.616,0.757,0.672,-0.898,0.786,0.391,0.513,-0.476,0.772,-0.414,-0.482,0.873,-0.342,0.152,0.75,0.482,0.808,0.269,0.52,0.303,0.757,-0.03,-0.13,-0.519,0.536,0.647,-0.374,0.205,0.563,0.777,0.228,0.778,0.698,0.781,0.754,-0.383,0.329,0.775,-0.779,0.342,0.588,0.667,0.474,0.862,-0.045,-0.509,0.595,0.037,0.265,0.418,-0.071,0.759,0.698,0.746,0.623,0.846,0.884,0.605,0.332,0.225,0.297,0.617,0.772,-0.013,0.741,-0.526,0.403,0.443,0.709,0.622,0.608,0.629,0.741,0.826,0.137,-0.493,0.664,0.807,-0.672,0.221,0.347,0.503,0.273,0.842,0.301,-0.648,0.446,-0.782,0.712,-0.801,-0.805,0.413,0.366,0.433,0.727,0.391,0.702,0.629,0.73,-0.158,-0.678,0.719,0.632,0.505,0.132,0.847,0.461,-0.616,0.882,0.09,0.668,-0.311,0.449,0.643,0.688,-0.023,0.86,0.656,0.794,-0.628,0.797,0.802,0.719,0.802,-0.067,0.179,0.52,0.149,0.796,0.597,0.858,0.632,0.756
ADP,-0.431,0.477,0.0,0.069,0.17,0.159,0.413,-0.544,-0.025,0.131,-0.358,0.314,0.229,0.397,0.26,0.42,0.522,0.003,0.107,-0.435,0.553,0.383,0.233,-0.163,-0.549,0.221,-0.257,0.56,0.1,-0.068,-0.165,0.219,0.678,0.241,-0.142,0.368,-0.249,0.239,0.481,0.231,0.582,0.082,0.598,0.384,0.457,-0.213,-0.202,-0.385,0.006,0.552,0.079,0.436,0.502,0.232,0.441,0.354,0.433,0.108,0.035,0.455,-0.275,-0.214,0.101,0.268,-0.607,0.204,0.138,0.565,0.598,0.287,-0.633,0.277,0.06,0.131,-0.351,0.435,-0.298,-0.322,0.532,-0.645,-0.385,0.505,0.354,0.409,-0.096,0.313,-0.135,0.461,-0.133,-0.454,0.076,0.088,0.73,-0.395,0.26,0.725,0.316,-0.242,0.035,0.482,0.548,0.57,-0.41,0.217,0.333,-0.171,-0.123,0.127,0.308,-0.044,0.603,-0.425,-0.613,0.258,0.235,0.013,0.429,-0.192,0.481,0.21,0.202,0.385,0.408,0.609,0.284,0.139,0.008,-0.08,0.206,0.452,0.064,0.608,-0.355,-0.145,-0.012,0.266,0.459,0.305,0.197,0.566,0.432,-0.086,-0.292,0.181,0.309,-0.187,0.298,0.186,0.533,-0.22,0.435,0.316,-0.411,0.02,-0.434,0.242,-0.33,-0.55,0.067,-0.02,0.097,0.206,0.095,0.254,0.331,0.149,-0.367,-0.402,0.553,0.434,0.33,-0.326,0.565,0.035,-0.456,0.454,-0.252,0.42,-0.719,0.28,0.048,0.186,-0.044,0.444,0.209,0.3,-0.435,0.229,0.284,0.411,0.431,-0.197,-0.048,0.609,0.398,0.64,0.376,0.4,0.244,0.237
AFYA,0.084,0.171,0.069,0.0,0.573,0.239,0.29,-0.316,0.388,0.542,0.377,0.39,0.048,0.515,0.172,0.536,0.509,-0.199,0.351,0.171,0.266,0.168,0.041,0.342,0.355,0.04,0.364,0.024,-0.022,0.483,0.045,0.494,0.232,0.552,0.361,0.526,0.166,0.54,0.284,0.389,0.389,-0.082,0.568,0.248,0.314,-0.268,0.261,0.379,0.638,0.048,0.515,0.403,0.324,0.464,0.264,0.572,0.263,0.453,0.313,0.311,0.108,0.302,-0.329,0.397,-0.088,0.19,0.727,0.447,0.23,0.358,-0.147,0.311,0.213,0.628,-0.079,0.428,-0.089,0.461,0.366,-0.3,0.163,0.28,-0.3,-0.003,0.516,0.538,0.135,0.504,0.589,-0.038,0.33,0.182,0.145,0.133,0.198,0.055,0.383,0.448,0.226,0.289,0.355,0.487,0.45,0.575,0.515,-0.05,0.556,0.426,0.604,0.281,0.356,0.14,0.29,0.639,-0.133,0.306,0.541,0.451,-0.114,0.324,0.237,0.237,0.239,0.418,0.362,0.469,0.472,0.653,-0.005,0.408,0.023,-0.008,0.28,0.306,0.415,0.198,0.626,0.402,0.463,0.407,0.211,0.527,0.202,0.524,0.401,-0.234,0.367,0.417,0.1,0.515,0.291,0.614,0.33,0.036,0.064,0.409,-0.074,0.052,0.573,0.619,0.177,0.197,0.629,0.367,0.684,0.426,0.322,-0.486,0.124,0.173,0.465,0.381,0.25,0.35,0.24,0.226,0.179,0.234,-0.09,0.446,0.519,0.474,0.3,0.355,0.487,0.234,0.205,0.324,0.214,0.381,0.5,0.065,0.683,0.275,-0.33,0.396,0.067,0.31,0.358,0.358
AGNC,-0.267,0.58,0.17,0.573,0.0,0.841,0.839,-0.548,0.329,0.207,0.547,0.853,0.311,0.424,0.68,0.862,0.764,0.19,0.119,-0.26,0.687,0.251,0.566,-0.0,0.444,0.59,0.637,0.526,0.549,0.758,0.523,0.949,0.608,0.851,0.82,0.84,-0.006,0.841,0.788,0.725,0.55,0.179,0.664,0.808,0.824,0.09,-0.191,0.446,0.591,0.398,0.873,0.848,0.719,0.888,0.708,0.845,0.739,0.837,0.731,0.639,-0.435,0.727,-0.148,0.888,-0.328,0.795,0.743,0.766,0.684,0.837,-0.576,0.863,0.52,0.878,-0.027,0.471,-0.178,0.283,0.802,-0.103,0.429,0.757,0.234,0.552,0.706,0.433,0.63,0.86,0.511,0.295,0.01,0.762,0.589,0.16,0.112,0.218,0.876,0.567,0.662,0.616,0.754,0.663,0.168,0.536,0.849,-0.437,0.693,0.841,0.829,0.786,0.698,0.421,0.126,0.785,0.017,0.539,0.775,0.575,0.355,0.864,0.847,0.795,0.764,0.707,0.828,0.843,0.609,0.538,0.631,0.812,0.059,0.507,-0.123,0.8,0.839,0.791,0.736,0.89,0.76,0.828,0.604,0.335,-0.22,0.848,0.874,-0.765,0.175,0.835,0.346,0.725,0.772,0.486,-0.112,0.626,-0.49,0.898,-0.458,-0.357,0.923,0.836,0.75,0.735,0.89,0.882,0.849,0.916,0.491,-0.633,0.207,0.684,0.455,0.689,0.705,0.82,0.004,0.639,0.592,0.795,-0.046,0.823,0.916,0.892,0.549,0.795,0.87,0.764,-0.239,0.858,0.798,0.626,0.89,0.475,0.684,0.238,-0.442,0.677,0.547,0.814,0.861,0.871
AGYS,-0.335,0.571,0.159,0.239,0.841,0.0,0.903,-0.394,0.234,-0.115,0.509,0.787,0.246,0.078,0.779,0.706,0.579,0.533,-0.155,-0.38,0.738,0.127,0.767,-0.265,0.384,0.687,0.693,0.699,0.834,0.712,0.702,0.888,0.609,0.719,0.864,0.749,0.047,0.728,0.854,0.637,0.435,0.445,0.402,0.865,0.819,0.389,-0.508,0.266,0.352,0.411,0.794,0.836,0.672,0.831,0.798,0.637,0.758,0.848,0.729,0.541,-0.689,0.818,0.122,0.872,-0.346,0.909,0.5,0.642,0.753,0.849,-0.612,0.925,0.521,0.705,0.145,0.211,-0.121,0.152,0.774,0.127,0.476,0.815,0.563,0.716,0.552,0.052,0.802,0.742,0.316,0.504,-0.136,0.94,0.68,0.22,-0.109,0.228,0.89,0.406,0.633,0.582,0.724,0.433,-0.089,0.18,0.677,-0.438,0.441,0.783,0.636,0.884,0.619,0.478,0.028,0.519,0.248,0.612,0.729,0.493,0.533,0.907,0.935,0.896,0.829,0.579,0.758,0.814,0.456,0.237,0.888,0.752,0.05,0.635,-0.371,0.849,0.858,0.928,0.508,0.902,0.577,0.768,0.528,-0.049,-0.47,0.661,0.879,-0.884,-0.064,0.891,0.362,0.524,0.788,0.094,-0.38,0.871,-0.67,0.886,-0.44,-0.52,0.831,0.717,0.92,0.859,0.798,0.915,0.617,0.869,0.551,-0.432,0.005,0.83,0.182,0.71,0.676,0.876,-0.12,0.571,0.763,0.923,0.025,0.797,0.805,0.819,0.599,0.755,0.834,0.85,-0.423,0.898,0.862,0.478,0.786,0.715,0.411,0.019,-0.403,0.529,0.725,0.85,0.909,0.881
ALT,-0.571,0.776,0.413,0.29,0.839,0.903,0.0,-0.683,0.111,0.034,0.257,0.875,0.419,0.35,0.809,0.858,0.799,0.401,-0.079,-0.578,0.838,0.395,0.722,-0.267,0.146,0.713,0.425,0.718,0.663,0.56,0.527,0.903,0.83,0.807,0.703,0.832,-0.201,0.787,0.943,0.688,0.627,0.217,0.621,0.933,0.942,0.223,-0.474,0.084,0.348,0.623,0.737,0.951,0.837,0.848,0.793,0.74,0.859,0.779,0.682,0.758,-0.71,0.6,-0.002,0.897,-0.614,0.868,0.545,0.8,0.89,0.849,-0.842,0.947,0.466,0.712,-0.145,0.523,-0.32,-0.072,0.932,-0.204,0.235,0.923,0.549,0.798,0.469,0.32,0.606,0.881,0.232,0.205,-0.201,0.796,0.791,-0.063,0.053,0.421,0.937,0.298,0.68,0.76,0.848,0.684,-0.235,0.338,0.804,-0.594,0.415,0.781,0.722,0.757,0.838,0.203,-0.255,0.646,0.129,0.498,0.733,0.261,0.621,0.9,0.914,0.909,0.908,0.8,0.827,0.748,0.482,0.31,0.816,0.892,0.027,0.745,-0.434,0.67,0.721,0.919,0.669,0.891,0.685,0.895,0.771,0.012,-0.546,0.737,0.928,-0.844,0.062,0.771,0.498,0.454,0.908,0.27,-0.484,0.738,-0.798,0.888,-0.685,-0.713,0.767,0.651,0.764,0.853,0.731,0.917,0.741,0.878,0.272,-0.665,0.355,0.865,0.363,0.502,0.847,0.778,-0.332,0.795,0.491,0.933,-0.242,0.742,0.79,0.838,0.375,0.894,0.835,0.879,-0.56,0.911,0.885,0.643,0.909,0.426,0.38,0.304,-0.231,0.783,0.801,0.94,0.885,0.912
AMGN,0.754,-0.808,-0.544,-0.316,-0.548,-0.394,-0.683,0.0,0.261,-0.182,0.237,-0.719,-0.499,-0.626,-0.495,-0.811,-0.869,0.063,-0.015,0.7,-0.641,-0.565,-0.426,0.155,0.29,-0.416,0.096,-0.421,-0.088,-0.081,-0.095,-0.623,-0.824,-0.714,-0.25,-0.63,0.527,-0.602,-0.707,-0.615,-0.686,0.301,-0.777,-0.682,-0.768,0.243,0.213,0.082,-0.275,-0.663,-0.418,-0.709,-0.733,-0.596,-0.44,-0.685,-0.615,-0.413,-0.451,-0.795,0.447,-0.107,0.352,-0.627,0.717,-0.503,-0.502,-0.724,-0.715,-0.564,0.847,-0.64,-0.213,-0.502,0.625,-0.795,0.589,0.408,-0.811,0.605,0.134,-0.712,-0.222,-0.588,-0.129,-0.698,-0.162,-0.775,-0.012,0.388,0.283,-0.273,-0.569,0.485,-0.259,-0.494,-0.676,-0.169,-0.584,-0.746,-0.7,-0.855,0.254,-0.48,-0.781,0.721,-0.366,-0.486,-0.653,-0.317,-0.825,0.159,0.498,-0.598,0.218,-0.16,-0.412,0.094,-0.467,-0.578,-0.574,-0.52,-0.693,-0.842,-0.552,-0.336,-0.256,-0.363,-0.389,-0.76,0.141,-0.57,0.358,-0.206,-0.336,-0.561,-0.709,-0.529,-0.676,-0.76,-0.76,-0.253,0.4,-0.68,-0.685,0.518,-0.283,-0.249,-0.416,-0.218,-0.734,-0.494,0.429,-0.248,0.61,-0.597,0.784,0.69,-0.404,-0.327,-0.265,-0.554,-0.368,-0.558,-0.704,-0.608,0.251,0.821,-0.764,-0.572,-0.541,0.028,-0.775,-0.376,0.487,-0.858,0.087,-0.546,0.44,-0.39,-0.537,-0.597,0.12,-0.775,-0.548,-0.617,0.547,-0.613,-0.636,-0.7,-0.783,0.241,-0.297,-0.593,-0.095,-0.829,-0.521,-0.732,-0.545,-0.62
AMPH,0.598,-0.133,-0.025,0.388,0.329,0.234,0.111,0.261,0.0,0.066,0.561,0.1,-0.077,0.135,0.086,0.13,0.016,-0.195,0.577,0.434,0.236,-0.422,0.11,0.241,0.593,-0.022,0.406,0.243,0.309,0.7,-0.016,0.255,-0.102,0.059,0.322,0.306,0.348,0.236,0.074,-0.195,0.199,0.375,0.208,0.041,0.074,0.028,0.191,0.331,0.377,-0.163,0.431,0.175,0.111,0.275,0.094,0.128,0.333,0.219,-0.139,0.092,0.253,0.227,0.277,0.244,0.363,0.12,0.214,0.17,-0.006,0.209,0.14,0.13,0.574,0.412,0.216,-0.129,0.61,0.585,0.073,0.064,0.472,-0.062,0.071,-0.112,0.719,-0.172,0.042,0.154,0.561,0.426,0.329,0.302,0.149,0.308,0.338,0.067,0.09,0.212,-0.064,-0.2,0.249,-0.031,0.445,0.372,0.074,0.419,0.069,0.347,0.308,0.133,-0.041,0.098,0.446,0.414,0.443,0.276,0.298,0.528,-0.145,0.136,0.087,0.127,0.122,0.091,0.161,0.349,0.331,0.149,-0.021,0.176,0.553,0.037,0.316,0.289,0.306,-0.012,0.178,0.308,0.051,0.106,-0.026,0.318,0.482,0.069,0.124,-0.014,0.439,0.389,0.29,0.506,0.108,0.408,0.331,-0.021,0.087,0.203,0.391,0.325,0.349,0.495,0.199,-0.043,0.438,0.263,0.275,0.218,0.321,0.241,-0.391,-0.094,0.379,0.509,0.114,0.109,0.437,-0.188,0.253,0.2,-0.175,0.434,0.329,0.346,0.377,0.114,0.305,0.154,0.433,0.143,0.045,0.111,0.153,0.279,0.288,0.212,-0.116,0.021,-0.144,0.053,0.102,0.198
AMZN,0.093,-0.063,0.131,0.542,0.207,-0.115,0.034,-0.182,0.066,0.0,0.207,0.053,0.074,0.502,-0.049,0.208,0.293,-0.175,0.285,0.205,-0.202,0.497,-0.421,0.365,0.058,-0.026,0.047,-0.3,-0.388,0.115,-0.158,0.101,-0.005,0.183,-0.065,0.102,0.195,0.176,-0.049,0.228,0.063,-0.308,0.273,-0.074,0.049,-0.061,0.457,0.091,0.418,0.03,0.055,0.091,0.047,-0.023,0.076,0.267,-0.141,0.051,0.111,0.056,0.266,-0.052,-0.284,-0.032,-0.147,-0.191,0.45,0.228,0.015,-0.036,0.057,-0.091,-0.235,0.222,-0.028,0.36,-0.244,0.287,0.049,-0.291,-0.214,0.047,-0.528,-0.182,0.136,0.551,-0.111,0.161,0.237,-0.273,0.438,-0.235,-0.105,0.106,0.073,-0.136,-0.009,0.29,-0.005,0.16,-0.019,0.341,0.343,0.407,0.194,0.155,0.373,0.064,0.187,-0.078,0.134,0.024,0.151,0.268,-0.307,-0.177,0.309,0.06,-0.349,-0.045,-0.093,-0.045,-0.164,0.107,0.099,0.212,0.457,0.422,-0.308,0.088,-0.118,-0.237,0.332,-0.104,-0.022,-0.09,0.241,0.068,0.2,0.14,0.061,0.473,0.141,0.185,-0.03,0.184,0.043,0.123,-0.148,0.167,-0.036,0.352,0.335,-0.224,0.31,0.012,-0.104,0.194,0.214,0.166,-0.195,-0.176,0.242,-0.099,0.303,0.006,0.139,-0.464,0.222,-0.083,0.152,0.062,-0.041,-0.033,0.207,0.128,-0.114,-0.138,-0.028,-0.04,0.069,0.043,0.032,0.005,-0.003,-0.177,0.214,-0.081,-0.091,0.252,0.164,-0.055,0.509,0.12,-0.236,0.297,-0.086,-0.071,-0.022,-0.036
ANIP,0.456,-0.109,-0.358,0.377,0.547,0.509,0.257,0.237,0.561,0.207,0.0,0.225,-0.098,0.044,0.315,0.22,0.089,0.138,0.228,0.351,0.084,-0.205,0.188,0.251,0.766,0.232,0.776,0.11,0.47,0.767,0.479,0.478,-0.183,0.289,0.659,0.315,0.549,0.423,0.181,0.185,0.062,0.308,0.05,0.23,0.213,0.354,0.154,0.641,0.479,-0.161,0.555,0.263,0.143,0.442,0.302,0.287,0.206,0.53,0.359,0.031,0.043,0.679,0.052,0.41,0.398,0.351,0.409,0.187,0.061,0.416,0.201,0.335,0.471,0.531,0.515,-0.159,0.385,0.735,0.111,0.406,0.717,0.121,-0.028,0.027,0.726,-0.129,0.574,0.238,0.607,0.712,0.208,0.527,0.023,0.528,-0.044,-0.293,0.298,0.604,0.247,0.019,0.2,-0.002,0.557,0.275,0.227,0.147,0.46,0.551,0.381,0.516,0.002,0.583,0.66,0.371,0.251,0.341,0.469,0.727,-0.154,0.413,0.381,0.317,0.173,-0.032,0.309,0.592,0.551,0.249,0.234,0.241,0.258,-0.021,0.333,0.649,0.632,0.311,0.136,0.483,0.228,0.184,-0.049,0.349,0.212,0.302,0.321,-0.258,-0.04,0.658,-0.027,0.649,0.22,0.126,0.314,0.377,0.092,0.46,0.233,0.33,0.65,0.687,0.543,0.261,0.646,0.406,0.347,0.427,0.738,0.015,-0.499,0.143,0.124,0.813,0.055,0.519,0.498,-0.069,0.667,0.302,0.385,0.532,0.567,0.488,0.682,0.196,0.465,0.288,0.35,0.374,0.293,0.117,0.272,0.708,0.506,-0.264,-0.498,-0.013,0.035,0.207,0.406,0.405
AOSL,-0.572,0.813,0.314,0.39,0.853,0.787,0.875,-0.719,0.1,0.053,0.225,0.0,0.451,0.327,0.648,0.878,0.852,0.245,-0.137,-0.494,0.784,0.359,0.674,-0.324,0.188,0.656,0.382,0.557,0.514,0.5,0.568,0.9,0.792,0.899,0.746,0.823,-0.347,0.779,0.867,0.798,0.608,0.102,0.66,0.897,0.875,0.067,-0.439,0.187,0.467,0.646,0.747,0.846,0.738,0.856,0.641,0.773,0.808,0.76,0.731,0.718,-0.683,0.659,-0.183,0.886,-0.555,0.844,0.642,0.719,0.8,0.756,-0.803,0.9,0.417,0.731,-0.226,0.64,-0.375,-0.108,0.902,-0.173,0.293,0.862,0.393,0.759,0.474,0.538,0.567,0.841,0.184,0.079,-0.243,0.767,0.632,-0.073,0.009,0.378,0.922,0.454,0.793,0.737,0.799,0.715,-0.154,0.379,0.871,-0.665,0.621,0.715,0.785,0.778,0.841,0.343,-0.15,0.671,-0.034,0.534,0.661,0.301,0.58,0.879,0.891,0.769,0.89,0.846,0.775,0.662,0.433,0.5,0.757,0.798,-0.114,0.638,-0.385,0.709,0.754,0.867,0.749,0.816,0.765,0.854,0.701,0.218,-0.462,0.868,0.931,-0.869,0.111,0.661,0.417,0.522,0.836,0.35,-0.42,0.687,-0.647,0.863,-0.699,-0.656,0.764,0.622,0.674,0.865,0.722,0.875,0.79,0.906,0.294,-0.709,0.458,0.758,0.428,0.455,0.785,0.761,-0.366,0.823,0.494,0.805,-0.1,0.683,0.863,0.848,0.331,0.858,0.821,0.812,-0.526,0.918,0.897,0.676,0.909,0.266,0.483,0.296,-0.242,0.778,0.683,0.91,0.849,0.878
APDN,-0.384,0.604,0.229,0.048,0.311,0.246,0.419,-0.499,-0.077,0.074,-0.098,0.451,0.0,0.346,0.36,0.434,0.472,-0.159,-0.071,-0.582,0.349,0.426,0.256,-0.328,-0.137,0.259,-0.143,0.349,0.095,0.109,0.011,0.37,0.411,0.409,0.172,0.284,-0.559,0.225,0.33,0.273,0.306,-0.215,0.394,0.414,0.428,0.114,-0.272,-0.001,0.273,0.531,0.231,0.432,0.451,0.287,0.083,0.258,0.466,0.031,0.147,0.595,-0.226,0.034,-0.019,0.348,-0.404,0.475,0.132,0.324,0.338,0.399,-0.533,0.42,0.176,0.284,-0.441,0.492,-0.071,-0.407,0.481,-0.106,0.087,0.304,0.269,0.414,0.26,0.486,0.045,0.342,-0.133,-0.211,-0.277,0.216,0.335,-0.46,0.227,0.31,0.362,0.148,0.47,0.265,0.404,0.462,-0.211,0.194,0.442,-0.504,0.255,0.31,0.332,0.149,0.446,-0.117,-0.387,0.377,-0.034,0.021,0.055,-0.135,0.257,0.293,0.396,0.276,0.425,0.518,0.242,0.061,0.213,0.162,0.298,0.438,0.198,0.434,-0.487,0.139,0.101,0.314,0.201,0.257,0.324,0.34,0.695,0.161,-0.171,0.28,0.373,-0.304,0.267,0.069,0.316,0.224,0.42,0.204,-0.481,0.108,-0.46,0.384,-0.596,-0.458,0.119,0.148,0.058,0.288,0.114,0.314,0.332,0.396,-0.208,-0.383,0.48,0.164,0.306,0.104,0.506,0.046,-0.499,0.567,-0.072,0.299,-0.238,0.08,0.318,0.374,-0.276,0.47,0.354,0.418,-0.303,0.428,0.459,0.586,0.438,-0.136,0.089,0.497,0.175,0.494,0.196,0.434,0.191,0.393
APLT,-0.207,0.45,0.397,0.515,0.424,0.078,0.35,-0.626,0.135,0.502,0.044,0.327,0.346,0.0,0.318,0.635,0.661,-0.542,0.595,-0.29,0.326,0.415,0.012,0.385,-0.089,0.022,-0.127,0.156,-0.171,0.229,-0.336,0.423,0.383,0.439,0.04,0.46,-0.165,0.524,0.332,0.232,0.59,-0.471,0.781,0.288,0.491,-0.348,0.386,0.177,0.446,0.379,0.364,0.488,0.652,0.385,0.153,0.568,0.389,0.162,0.077,0.713,0.202,-0.194,-0.419,0.399,-0.279,0.114,0.464,0.632,0.312,0.446,-0.398,0.3,0.326,0.538,-0.489,0.67,-0.157,0.05,0.496,-0.641,-0.029,0.258,-0.164,0.117,0.401,0.632,-0.146,0.598,0.452,-0.284,0.015,-0.048,0.295,-0.297,0.704,0.314,0.321,0.241,0.299,0.357,0.517,0.763,0.221,0.841,0.595,-0.286,0.272,0.5,0.651,-0.095,0.505,-0.328,-0.176,0.764,-0.134,-0.047,0.305,0.035,0.1,0.25,0.205,0.217,0.319,0.604,0.329,0.271,0.439,0.357,-0.165,0.631,0.294,0.199,0.15,-0.022,0.125,0.098,0.578,0.343,0.5,0.471,0.609,0.6,0.195,0.432,0.347,-0.008,0.622,0.128,0.304,0.391,0.487,0.806,0.075,-0.25,-0.217,0.362,-0.328,-0.137,0.298,0.444,-0.053,0.033,0.346,0.282,0.68,0.36,-0.33,-0.609,0.576,0.094,0.741,0.065,0.559,0.023,0.011,0.507,-0.384,0.209,-0.509,0.319,0.385,0.457,-0.137,0.55,0.388,0.352,0.12,0.26,0.241,0.679,0.577,-0.363,0.389,0.74,0.123,0.62,0.015,0.347,0.192,0.362
APVO,-0.382,0.649,0.26,0.172,0.68,0.779,0.809,-0.495,0.086,-0.049,0.315,0.648,0.36,0.318,0.0,0.653,0.591,0.31,0.022,-0.566,0.644,0.195,0.701,-0.187,0.128,0.671,0.413,0.616,0.614,0.484,0.484,0.743,0.591,0.567,0.553,0.598,-0.065,0.602,0.738,0.526,0.512,0.266,0.519,0.761,0.794,0.181,-0.412,0.146,0.247,0.553,0.562,0.763,0.723,0.73,0.529,0.496,0.684,0.594,0.444,0.622,-0.553,0.474,0.009,0.761,-0.359,0.706,0.279,0.552,0.689,0.792,-0.637,0.791,0.515,0.58,-0.06,0.381,-0.103,-0.05,0.727,-0.102,0.407,0.698,0.575,0.658,0.525,0.137,0.481,0.738,0.274,0.28,-0.296,0.657,0.645,0.064,0.17,0.388,0.758,0.194,0.563,0.524,0.698,0.544,-0.205,0.264,0.604,-0.495,0.229,0.719,0.578,0.616,0.613,0.177,-0.227,0.554,0.286,0.473,0.565,0.138,0.595,0.687,0.749,0.7,0.771,0.667,0.768,0.589,0.446,0.23,0.63,0.758,0.147,0.696,-0.294,0.53,0.541,0.72,0.445,0.78,0.452,0.641,0.682,0.039,-0.337,0.501,0.753,-0.646,0.054,0.651,0.491,0.394,0.797,0.128,-0.461,0.561,-0.702,0.731,-0.549,-0.558,0.595,0.559,0.67,0.7,0.594,0.784,0.54,0.738,0.182,-0.442,0.21,0.645,0.35,0.511,0.746,0.629,-0.259,0.636,0.385,0.78,-0.156,0.64,0.675,0.684,0.258,0.765,0.743,0.807,-0.41,0.805,0.747,0.472,0.703,0.377,0.221,0.304,-0.082,0.629,0.596,0.788,0.729,0.799
ARGX,-0.524,0.785,0.42,0.536,0.862,0.706,0.858,-0.811,0.13,0.208,0.22,0.878,0.434,0.635,0.653,0.0,0.928,0.02,0.135,-0.498,0.786,0.415,0.549,-0.019,0.146,0.477,0.318,0.565,0.386,0.563,0.282,0.911,0.777,0.902,0.631,0.868,-0.222,0.87,0.856,0.716,0.745,-0.087,0.841,0.832,0.916,-0.114,-0.17,0.261,0.536,0.584,0.778,0.9,0.874,0.872,0.655,0.89,0.787,0.732,0.638,0.847,-0.428,0.453,-0.316,0.881,-0.542,0.74,0.749,0.882,0.773,0.843,-0.771,0.863,0.48,0.856,-0.343,0.704,-0.36,0.009,0.923,-0.419,0.227,0.813,0.235,0.597,0.528,0.61,0.451,0.937,0.419,0.003,-0.126,0.608,0.666,-0.145,0.288,0.408,0.883,0.458,0.696,0.763,0.842,0.852,0.031,0.641,0.949,-0.607,0.575,0.793,0.896,0.599,0.85,0.123,-0.158,0.856,-0.061,0.458,0.714,0.327,0.475,0.829,0.807,0.751,0.83,0.878,0.737,0.685,0.506,0.496,0.557,0.927,0.045,0.573,-0.245,0.573,0.702,0.747,0.851,0.813,0.815,0.908,0.768,0.375,-0.282,0.847,0.892,-0.722,0.377,0.642,0.423,0.561,0.869,0.613,-0.262,0.468,-0.598,0.867,-0.619,-0.557,0.78,0.735,0.575,0.694,0.772,0.836,0.941,0.87,0.142,-0.808,0.5,0.698,0.626,0.423,0.839,0.667,-0.216,0.786,0.263,0.773,-0.321,0.737,0.839,0.877,0.304,0.902,0.842,0.805,-0.351,0.829,0.795,0.784,0.97,0.143,0.545,0.504,-0.183,0.812,0.575,0.872,0.794,0.846
ARLP,-0.597,0.819,0.522,0.509,0.764,0.579,0.799,-0.869,0.016,0.293,0.089,0.852,0.472,0.661,0.591,0.928,0.0,0.024,0.111,-0.51,0.754,0.542,0.478,-0.13,-0.044,0.527,0.137,0.506,0.288,0.373,0.268,0.821,0.846,0.885,0.468,0.786,-0.339,0.78,0.821,0.714,0.795,-0.135,0.871,0.819,0.874,-0.173,-0.202,0.074,0.463,0.73,0.6,0.85,0.811,0.783,0.575,0.81,0.75,0.626,0.56,0.815,-0.492,0.344,-0.254,0.801,-0.664,0.633,0.724,0.817,0.803,0.71,-0.828,0.771,0.366,0.695,-0.465,0.798,-0.455,-0.133,0.916,-0.547,0.081,0.821,0.261,0.667,0.398,0.708,0.322,0.915,0.219,-0.189,-0.139,0.494,0.672,-0.304,0.243,0.52,0.82,0.311,0.647,0.787,0.817,0.898,-0.123,0.598,0.887,-0.631,0.486,0.663,0.813,0.515,0.902,-0.03,-0.33,0.773,-0.074,0.312,0.682,0.131,0.509,0.725,0.709,0.639,0.802,0.915,0.69,0.552,0.465,0.49,0.495,0.858,-0.01,0.629,-0.237,0.412,0.561,0.696,0.84,0.732,0.735,0.897,0.777,0.395,-0.357,0.788,0.831,-0.641,0.309,0.524,0.512,0.398,0.844,0.576,-0.361,0.398,-0.592,0.744,-0.716,-0.637,0.63,0.561,0.442,0.692,0.631,0.741,0.864,0.763,0.019,-0.851,0.637,0.664,0.645,0.241,0.844,0.565,-0.374,0.833,0.165,0.701,-0.347,0.63,0.738,0.774,0.141,0.889,0.733,0.722,-0.459,0.773,0.728,0.77,0.932,-0.011,0.485,0.565,-0.03,0.921,0.6,0.839,0.709,0.757
ATEX,-0.314,0.066,0.003,-0.199,0.19,0.533,0.401,0.063,-0.195,-0.175,0.138,0.245,-0.159,-0.542,0.31,0.02,0.024,0.0,-0.617,-0.097,0.219,0.149,0.413,-0.384,0.083,0.518,0.439,0.263,0.556,0.065,0.712,0.224,0.29,0.153,0.365,0.176,0.167,0.118,0.407,0.324,-0.103,0.575,-0.278,0.396,0.231,0.447,-0.606,-0.224,-0.237,0.092,0.102,0.271,0.009,0.205,0.527,0.049,0.119,0.487,0.486,-0.184,-0.708,0.57,0.316,0.217,-0.33,0.393,0.025,0.002,0.43,0.156,-0.232,0.348,-0.162,-0.061,0.476,-0.206,-0.312,-0.026,0.193,0.318,0.005,0.522,0.436,0.46,-0.192,-0.288,0.588,0.126,-0.229,0.307,-0.009,0.513,0.3,0.298,-0.699,-0.015,0.376,-0.094,0.098,0.353,0.118,-0.118,-0.399,-0.551,-0.008,-0.155,0.011,0.033,-0.105,0.615,0.204,0.398,-0.087,-0.297,0.156,0.382,0.374,0.078,0.346,0.378,0.407,0.498,0.286,-0.024,0.335,0.334,0.083,-0.053,0.669,0.064,-0.437,0.317,-0.308,0.393,0.33,0.589,0.002,0.345,0.025,0.235,-0.024,-0.611,-0.729,0.114,0.313,-0.528,-0.748,0.495,0.025,-0.208,0.191,-0.616,-0.334,0.763,-0.311,0.223,-0.241,-0.384,0.297,0.008,0.599,0.569,0.223,0.35,-0.089,0.203,0.547,-0.075,-0.218,0.647,-0.541,0.216,0.038,0.599,-0.179,0.121,0.682,0.457,0.328,0.238,0.103,0.07,0.431,0.111,0.205,0.205,-0.554,0.336,0.322,-0.23,0.103,0.651,-0.031,-0.549,-0.373,0.062,0.722,0.319,0.508,0.267
ATRA,0.448,-0.144,0.107,0.351,0.119,-0.155,-0.079,-0.015,0.577,0.285,0.228,-0.137,-0.071,0.595,0.022,0.135,0.111,-0.617,0.0,0.297,0.081,-0.163,-0.15,0.629,0.229,-0.224,0.004,0.052,-0.149,0.328,-0.443,0.061,-0.095,-0.084,-0.106,0.187,0.285,0.233,-0.09,-0.332,0.369,-0.2,0.423,-0.151,0.011,-0.347,0.673,0.274,0.133,-0.137,0.208,0.08,0.23,0.109,-0.097,0.194,0.169,-0.051,-0.319,0.271,0.573,-0.282,0.008,0.081,0.327,-0.238,0.149,0.257,-0.102,0.106,0.15,-0.106,0.498,0.271,-0.191,0.123,0.46,0.457,0.01,-0.394,0.089,-0.236,-0.169,-0.291,0.45,0.031,-0.329,0.191,0.622,0.077,0.278,-0.202,0.019,0.023,0.804,0.174,-0.099,0.021,-0.135,-0.164,0.164,0.2,0.498,0.764,0.104,0.332,-0.055,0.327,0.285,-0.319,-0.062,-0.322,0.238,0.524,0.142,-0.118,0.006,0.249,-0.243,-0.098,-0.185,-0.14,-0.071,0.11,0.086,0.186,0.299,0.024,-0.471,0.226,0.638,-0.1,0.602,-0.166,-0.028,-0.319,0.253,0.08,0.102,0.011,0.142,0.502,0.675,-0.009,-0.07,0.388,0.627,0.005,0.273,0.41,0.095,0.732,0.488,-0.466,0.145,-0.009,0.317,0.402,0.091,0.355,-0.187,-0.337,0.193,-0.001,0.269,0.043,-0.265,0.065,-0.041,-0.315,0.671,0.159,0.19,-0.226,0.501,-0.085,-0.328,-0.071,-0.399,0.243,0.132,0.191,-0.049,0.129,0.099,0.008,0.564,-0.121,-0.198,0.158,0.105,-0.251,0.255,0.548,0.182,0.104,-0.39,-0.101,-0.165,0.031
AUTL,0.784,-0.759,-0.435,0.171,-0.26,-0.38,-0.578,0.7,0.434,0.205,0.351,-0.494,-0.582,-0.29,-0.566,-0.498,-0.51,-0.097,0.297,0.0,-0.515,-0.398,-0.504,0.493,0.448,-0.352,0.217,-0.501,-0.235,0.098,-0.088,-0.386,-0.614,-0.427,-0.142,-0.349,0.645,-0.298,-0.551,-0.423,-0.398,0.17,-0.402,-0.55,-0.63,-0.129,0.524,0.177,-0.035,-0.668,-0.183,-0.52,-0.612,-0.346,-0.28,-0.291,-0.516,-0.134,-0.295,-0.665,0.544,-0.007,0.164,-0.454,0.605,-0.553,0.012,-0.435,-0.571,-0.502,0.771,-0.564,-0.135,-0.178,0.478,-0.467,0.402,0.66,-0.629,0.218,0.041,-0.532,-0.501,-0.638,0.029,-0.308,-0.159,-0.466,0.282,0.205,0.576,-0.297,-0.514,0.471,-0.161,-0.433,-0.524,0.005,-0.561,-0.487,-0.531,-0.539,0.554,-0.032,-0.519,0.744,-0.07,-0.293,-0.331,-0.194,-0.595,0.157,0.615,-0.242,0.016,-0.091,-0.115,0.32,-0.621,-0.446,-0.516,-0.497,-0.616,-0.614,-0.358,-0.091,-0.063,0.022,-0.511,-0.557,0.092,-0.628,0.753,-0.115,-0.142,-0.509,-0.27,-0.319,-0.361,-0.501,-0.678,0.104,0.545,-0.335,-0.496,0.459,-0.111,-0.073,-0.296,0.043,-0.585,-0.009,0.731,-0.3,0.746,-0.462,0.711,0.763,-0.094,-0.037,-0.244,-0.486,-0.045,-0.406,-0.288,-0.394,0.378,0.477,-0.636,-0.48,-0.166,0.072,-0.649,-0.178,0.704,-0.736,0.125,-0.478,0.302,-0.137,-0.269,-0.362,0.252,-0.608,-0.366,-0.59,0.592,-0.512,-0.603,-0.563,-0.511,0.112,0.093,-0.401,-0.257,-0.56,-0.483,-0.615,-0.371,-0.517
AVDL,-0.493,0.739,0.553,0.266,0.687,0.738,0.838,-0.641,0.236,-0.202,0.084,0.784,0.349,0.326,0.644,0.786,0.754,0.219,0.081,-0.515,0.0,0.166,0.747,-0.281,0.009,0.503,0.239,0.832,0.681,0.482,0.342,0.783,0.856,0.713,0.558,0.845,-0.242,0.734,0.906,0.454,0.816,0.248,0.719,0.856,0.867,-0.032,-0.462,-0.017,0.179,0.604,0.663,0.869,0.823,0.801,0.677,0.669,0.902,0.664,0.455,0.77,-0.625,0.416,0.142,0.851,-0.542,0.773,0.462,0.749,0.881,0.776,-0.844,0.852,0.596,0.602,-0.297,0.452,-0.118,-0.115,0.907,-0.36,0.219,0.815,0.673,0.741,0.401,0.216,0.421,0.835,0.207,0.127,-0.176,0.719,0.873,-0.228,0.264,0.647,0.851,0.105,0.536,0.642,0.878,0.631,-0.273,0.368,0.737,-0.488,0.221,0.686,0.713,0.585,0.793,-0.054,-0.321,0.657,0.326,0.524,0.624,0.265,0.692,0.795,0.776,0.78,0.915,0.829,0.678,0.581,0.307,0.135,0.724,0.85,0.221,0.809,-0.417,0.499,0.642,0.77,0.726,0.776,0.557,0.836,0.695,-0.002,-0.41,0.59,0.854,-0.741,0.325,0.628,0.706,0.309,0.875,0.377,-0.476,0.568,-0.792,0.773,-0.501,-0.703,0.591,0.545,0.637,0.76,0.625,0.85,0.694,0.758,0.037,-0.473,0.333,0.763,0.541,0.313,0.898,0.61,-0.39,0.654,0.327,0.888,-0.447,0.779,0.674,0.779,0.304,0.883,0.791,0.838,-0.5,0.8,0.777,0.615,0.836,0.209,0.232,0.519,0.076,0.739,0.683,0.887,0.746,0.827
BCRX,-0.572,0.418,0.383,0.168,0.251,0.127,0.395,-0.565,-0.422,0.497,-0.205,0.359,0.426,0.415,0.195,0.415,0.542,0.149,-0.163,-0.398,0.166,0.0,-0.046,-0.054,-0.352,0.366,-0.166,0.077,-0.143,-0.192,0.095,0.245,0.514,0.389,-0.013,0.265,-0.332,0.27,0.348,0.497,0.209,-0.26,0.34,0.358,0.379,0.052,-0.06,-0.238,0.144,0.455,0.086,0.39,0.364,0.152,0.339,0.386,0.178,0.145,0.376,0.404,-0.312,0.003,-0.179,0.185,-0.657,0.158,0.296,0.431,0.452,0.17,-0.504,0.249,-0.266,0.101,-0.19,0.573,-0.574,-0.269,0.415,-0.372,-0.441,0.467,-0.045,0.381,-0.188,0.565,0.098,0.38,-0.182,-0.413,-0.069,-0.006,0.292,-0.318,-0.09,0.261,0.315,0.021,0.284,0.537,0.288,0.591,-0.255,0.199,0.367,-0.459,0.299,0.139,0.233,0.122,0.579,-0.072,-0.442,0.19,-0.296,-0.113,0.274,-0.24,0.211,0.26,0.245,0.305,0.23,0.414,0.285,0.205,0.287,0.228,0.164,0.352,-0.226,0.288,-0.174,0.037,0.002,0.333,0.327,0.232,0.405,0.41,0.523,0.016,-0.443,0.392,0.283,-0.176,-0.195,0.115,0.169,-0.041,0.329,0.136,-0.253,0.159,-0.272,0.224,-0.661,-0.439,0.178,0.011,0.049,0.254,0.107,0.181,0.305,0.227,-0.081,-0.673,0.676,0.381,0.052,-0.14,0.336,0.17,-0.373,0.604,-0.079,0.225,-0.147,0.04,0.124,0.149,-0.116,0.36,0.157,0.184,-0.419,0.234,0.281,0.336,0.39,-0.113,0.197,0.238,-0.035,0.59,0.406,0.312,0.278,0.225
BHAT,-0.438,0.627,0.233,0.041,0.566,0.767,0.722,-0.426,0.11,-0.421,0.188,0.674,0.256,0.012,0.701,0.549,0.478,0.413,-0.15,-0.504,0.747,-0.046,0.0,-0.364,0.155,0.527,0.452,0.703,0.752,0.398,0.591,0.691,0.617,0.538,0.651,0.664,-0.145,0.598,0.777,0.439,0.501,0.399,0.393,0.765,0.718,0.158,-0.562,0.117,0.056,0.452,0.593,0.694,0.641,0.735,0.57,0.478,0.725,0.663,0.522,0.537,-0.673,0.576,0.099,0.767,-0.308,0.788,0.216,0.437,0.705,0.737,-0.64,0.803,0.552,0.464,-0.013,0.251,-0.07,-0.115,0.685,0.067,0.393,0.696,0.689,0.706,0.329,-0.034,0.575,0.622,0.162,0.342,-0.373,0.768,0.626,0.042,0.032,0.358,0.777,0.168,0.585,0.501,0.771,0.385,-0.239,0.072,0.555,-0.494,0.201,0.614,0.557,0.671,0.563,0.257,-0.132,0.403,0.312,0.609,0.413,0.311,0.707,0.743,0.79,0.722,0.82,0.58,0.623,0.518,0.219,0.03,0.785,0.658,0.022,0.67,-0.403,0.606,0.659,0.78,0.469,0.703,0.468,0.618,0.502,-0.136,-0.489,0.507,0.777,-0.782,0.008,0.582,0.481,0.285,0.735,0.036,-0.464,0.698,-0.735,0.705,-0.387,-0.585,0.546,0.49,0.774,0.805,0.525,0.803,0.448,0.695,0.198,-0.272,0.112,0.728,0.22,0.391,0.674,0.689,-0.284,0.59,0.497,0.792,-0.051,0.689,0.631,0.668,0.367,0.711,0.732,0.796,-0.475,0.779,0.753,0.349,0.627,0.374,0.152,0.154,-0.09,0.43,0.658,0.782,0.759,0.781
BLBD,0.418,-0.439,-0.163,0.342,-0.0,-0.265,-0.267,0.155,0.241,0.365,0.251,-0.324,-0.328,0.385,-0.187,-0.019,-0.13,-0.384,0.629,0.493,-0.281,-0.054,-0.364,0.0,0.287,-0.411,0.217,-0.33,-0.365,0.158,-0.358,-0.089,-0.317,-0.204,-0.115,0.015,0.585,0.165,-0.248,-0.214,-0.04,-0.257,0.122,-0.362,-0.249,-0.35,0.832,0.424,0.072,-0.544,0.147,-0.114,-0.013,-0.04,-0.025,0.223,-0.294,0.05,-0.08,-0.101,0.692,-0.192,-0.322,-0.156,0.392,-0.402,0.201,0.12,-0.317,-0.01,0.438,-0.276,0.077,0.195,0.208,-0.078,0.175,0.673,-0.282,-0.255,-0.069,-0.303,-0.621,-0.595,0.137,0.025,-0.123,-0.003,0.713,0.034,0.454,-0.349,-0.268,0.279,0.398,-0.257,-0.225,0.159,-0.301,-0.055,-0.141,0.044,0.748,0.526,-0.029,0.335,0.114,0.119,0.165,-0.272,-0.252,0.002,0.439,0.252,-0.202,-0.074,-0.019,0.389,-0.494,-0.18,-0.309,-0.181,-0.385,-0.24,-0.066,0.194,0.221,0.115,-0.557,-0.002,0.156,-0.471,0.741,-0.11,-0.04,-0.365,0.164,-0.041,0.168,-0.159,-0.179,0.273,0.587,0.017,-0.211,0.416,0.278,0.031,-0.231,0.276,-0.205,0.492,0.793,-0.416,0.499,-0.134,0.423,0.658,0.138,0.303,-0.134,-0.449,0.182,-0.151,0.171,-0.111,0.055,0.006,-0.212,-0.258,0.19,0.091,-0.231,-0.095,0.748,-0.319,-0.218,-0.255,-0.047,0.128,-0.034,-0.041,0.172,-0.175,-0.033,-0.247,0.643,-0.336,-0.366,-0.152,-0.103,-0.103,0.315,0.06,-0.23,-0.245,-0.397,-0.332,-0.118,-0.208
BMRN,0.462,-0.17,-0.549,0.355,0.444,0.384,0.146,0.29,0.593,0.058,0.766,0.188,-0.137,-0.089,0.128,0.146,-0.044,0.083,0.229,0.448,0.009,-0.352,0.155,0.287,0.0,0.085,0.748,-0.045,0.308,0.751,0.384,0.381,-0.272,0.192,0.673,0.282,0.437,0.379,0.06,0.059,-0.069,0.183,-0.1,0.078,0.054,0.229,0.22,0.702,0.352,-0.34,0.577,0.14,0.03,0.387,0.141,0.227,0.17,0.47,0.322,-0.029,0.121,0.625,-0.086,0.328,0.486,0.272,0.343,0.06,-0.109,0.256,0.294,0.236,0.455,0.522,0.445,-0.131,0.378,0.67,-0.017,0.448,0.64,-0.025,-0.142,-0.099,0.678,-0.148,0.444,0.121,0.649,0.677,0.171,0.442,-0.208,0.614,-0.001,-0.405,0.213,0.6,0.266,-0.075,0.047,-0.199,0.637,0.253,0.173,0.21,0.478,0.455,0.304,0.451,-0.132,0.581,0.784,0.341,-0.012,0.356,0.21,0.711,-0.236,0.338,0.274,0.189,0.073,-0.13,0.272,0.51,0.425,0.311,0.136,0.108,0.147,-0.266,0.384,0.62,0.556,0.179,0.129,0.33,0.304,-0.0,-0.081,0.295,0.294,0.312,0.243,-0.222,0.008,0.47,-0.203,0.754,0.082,0.181,0.496,0.317,0.162,0.339,0.284,0.412,0.593,0.661,0.413,0.167,0.579,0.348,0.279,0.402,0.682,0.113,-0.53,0.007,0.079,0.792,-0.1,0.451,0.619,-0.161,0.591,0.145,0.468,0.382,0.532,0.431,0.528,0.076,0.386,0.177,0.437,0.274,0.146,-0.023,0.156,0.526,0.506,-0.31,-0.583,-0.226,-0.078,0.091,0.301,0.301
BNGO,-0.385,0.589,0.221,0.04,0.59,0.687,0.713,-0.416,-0.022,-0.026,0.232,0.656,0.259,0.022,0.671,0.477,0.527,0.518,-0.224,-0.352,0.503,0.366,0.527,-0.411,0.085,0.0,0.297,0.485,0.529,0.265,0.74,0.58,0.616,0.517,0.497,0.424,-0.235,0.387,0.621,0.571,0.347,0.322,0.283,0.724,0.633,0.311,-0.49,-0.072,0.15,0.583,0.36,0.574,0.428,0.574,0.511,0.366,0.611,0.541,0.528,0.377,-0.75,0.58,0.153,0.599,-0.412,0.608,0.23,0.387,0.632,0.458,-0.594,0.62,0.254,0.317,0.031,0.386,-0.295,-0.18,0.611,0.015,0.154,0.701,0.581,0.799,0.264,0.146,0.495,0.573,-0.104,0.202,-0.376,0.638,0.565,-0.026,-0.226,0.406,0.628,0.09,0.524,0.565,0.505,0.385,-0.39,0.039,0.417,-0.476,0.256,0.483,0.305,0.695,0.637,0.262,-0.281,0.244,0.203,0.284,0.512,0.003,0.569,0.61,0.665,0.594,0.631,0.517,0.728,0.491,0.222,0.204,0.673,0.482,-0.079,0.692,-0.246,0.547,0.434,0.726,0.323,0.621,0.376,0.576,0.528,-0.115,-0.501,0.509,0.648,-0.597,-0.335,0.549,0.45,0.278,0.645,-0.077,-0.518,0.696,-0.593,0.56,-0.627,-0.583,0.486,0.276,0.613,0.765,0.386,0.632,0.321,0.635,0.299,-0.387,0.271,0.643,0.156,0.346,0.559,0.648,-0.358,0.631,0.545,0.655,0.016,0.434,0.572,0.5,0.256,0.598,0.499,0.581,-0.633,0.725,0.688,0.218,0.551,0.42,0.105,0.033,-0.12,0.61,0.676,0.676,0.657,0.627
BUSE,0.185,-0.018,-0.257,0.364,0.637,0.693,0.425,0.096,0.406,0.047,0.776,0.382,-0.143,-0.127,0.413,0.318,0.137,0.439,0.004,0.217,0.239,-0.166,0.452,0.217,0.748,0.297,0.0,0.246,0.562,0.74,0.632,0.595,0.041,0.373,0.789,0.472,0.568,0.547,0.392,0.399,0.048,0.487,0.069,0.375,0.307,0.298,-0.045,0.619,0.345,-0.18,0.715,0.411,0.231,0.573,0.555,0.468,0.257,0.75,0.621,0.03,-0.193,0.827,0.008,0.521,0.195,0.517,0.453,0.29,0.245,0.557,0.032,0.506,0.369,0.589,0.598,-0.153,0.119,0.676,0.233,0.382,0.558,0.36,0.058,0.161,0.55,-0.138,0.746,0.357,0.621,0.641,0.233,0.678,0.172,0.688,-0.198,-0.231,0.508,0.563,0.3,0.252,0.309,0.056,0.473,0.136,0.343,0.007,0.532,0.566,0.445,0.717,0.112,0.758,0.601,0.324,0.131,0.572,0.555,0.81,0.032,0.586,0.547,0.549,0.316,0.069,0.485,0.767,0.459,0.267,0.467,0.332,-0.04,0.065,0.158,0.793,0.768,0.535,0.313,0.647,0.426,0.33,-0.008,0.054,-0.051,0.475,0.496,-0.536,-0.173,0.811,-0.079,0.593,0.296,0.058,0.264,0.627,-0.037,0.577,0.108,0.132,0.784,0.73,0.782,0.472,0.762,0.594,0.404,0.572,0.84,-0.116,-0.455,0.458,-0.07,0.798,0.116,0.754,0.486,0.047,0.819,0.5,0.429,0.655,0.612,0.536,0.79,0.278,0.594,0.415,0.124,0.498,0.42,0.062,0.375,0.797,0.592,-0.351,-0.672,-0.003,0.306,0.357,0.661,0.502
CAKE,-0.315,0.567,0.56,0.024,0.526,0.699,0.718,-0.421,0.243,-0.3,0.11,0.557,0.349,0.156,0.616,0.565,0.506,0.263,0.052,-0.501,0.832,0.077,0.703,-0.33,-0.045,0.485,0.246,0.0,0.755,0.437,0.301,0.618,0.672,0.471,0.448,0.644,-0.141,0.508,0.75,0.253,0.659,0.366,0.507,0.716,0.713,0.206,-0.493,-0.056,0.041,0.54,0.507,0.714,0.68,0.612,0.652,0.441,0.778,0.485,0.314,0.629,-0.564,0.345,0.407,0.682,-0.404,0.709,0.196,0.594,0.738,0.698,-0.682,0.72,0.575,0.416,-0.158,0.168,0.084,-0.115,0.721,-0.182,0.235,0.662,0.785,0.664,0.335,-0.058,0.407,0.632,0.116,0.256,-0.165,0.653,0.891,-0.156,0.251,0.655,0.673,-0.023,0.369,0.434,0.756,0.439,-0.317,0.175,0.494,-0.335,0.022,0.599,0.468,0.48,0.61,-0.043,-0.343,0.438,0.497,0.418,0.52,0.202,0.632,0.637,0.67,0.707,0.774,0.613,0.559,0.488,0.122,-0.141,0.687,0.701,0.385,0.846,-0.479,0.425,0.513,0.666,0.436,0.653,0.321,0.675,0.56,-0.125,-0.369,0.321,0.66,-0.586,0.241,0.57,0.712,0.199,0.742,0.177,-0.53,0.518,-0.78,0.663,-0.355,-0.612,0.439,0.417,0.604,0.616,0.444,0.711,0.451,0.598,0.041,-0.211,0.164,0.65,0.394,0.309,0.771,0.474,-0.346,0.495,0.335,0.821,-0.416,0.665,0.486,0.604,0.288,0.715,0.638,0.755,-0.474,0.657,0.672,0.437,0.634,0.352,0.046,0.45,0.199,0.548,0.575,0.735,0.595,0.687
CASY,-0.137,0.364,0.1,-0.022,0.549,0.834,0.663,-0.088,0.309,-0.388,0.47,0.514,0.095,-0.171,0.614,0.386,0.288,0.556,-0.149,-0.235,0.681,-0.143,0.752,-0.365,0.308,0.529,0.562,0.755,0.0,0.581,0.65,0.638,0.423,0.427,0.71,0.569,0.135,0.505,0.697,0.256,0.393,0.584,0.172,0.703,0.606,0.469,-0.57,0.096,0.018,0.324,0.564,0.619,0.484,0.618,0.615,0.318,0.657,0.658,0.453,0.354,-0.647,0.692,0.47,0.696,-0.171,0.757,0.206,0.341,0.637,0.645,-0.441,0.735,0.598,0.405,0.254,-0.109,0.214,0.136,0.559,0.257,0.551,0.596,0.746,0.635,0.418,-0.345,0.711,0.482,0.172,0.672,-0.154,0.866,0.648,0.178,-0.109,0.232,0.67,0.163,0.414,0.298,0.586,0.138,-0.199,-0.047,0.349,-0.205,0.109,0.607,0.378,0.737,0.401,0.304,0.023,0.283,0.546,0.556,0.539,0.433,0.554,0.71,0.752,0.715,0.718,0.325,0.527,0.574,0.267,-0.127,0.821,0.543,0.275,0.648,-0.336,0.671,0.718,0.761,0.252,0.698,0.235,0.519,0.305,-0.213,-0.445,0.313,0.663,-0.696,-0.118,0.738,0.5,0.272,0.647,-0.146,-0.391,0.787,-0.66,0.653,-0.188,-0.437,0.558,0.496,0.821,0.716,0.571,0.745,0.302,0.61,0.474,-0.038,-0.236,0.666,0.103,0.56,0.552,0.702,-0.132,0.273,0.723,0.813,0.035,0.724,0.55,0.615,0.601,0.569,0.646,0.72,-0.366,0.684,0.675,0.254,0.497,0.709,0.116,-0.051,-0.109,0.28,0.621,0.676,0.689,0.711
CCOI,0.243,0.183,-0.068,0.483,0.758,0.712,0.56,-0.081,0.7,0.115,0.767,0.5,0.109,0.229,0.484,0.563,0.373,0.065,0.328,0.098,0.482,-0.192,0.398,0.158,0.751,0.265,0.74,0.437,0.581,0.0,0.336,0.728,0.173,0.533,0.765,0.618,0.349,0.642,0.486,0.267,0.345,0.313,0.37,0.474,0.52,0.195,-0.013,0.569,0.569,0.027,0.793,0.591,0.461,0.687,0.504,0.521,0.562,0.65,0.389,0.385,-0.096,0.638,0.083,0.667,0.093,0.583,0.574,0.533,0.33,0.67,-0.153,0.609,0.661,0.807,0.183,0.05,0.302,0.571,0.461,0.13,0.637,0.373,0.178,0.206,0.874,0.03,0.533,0.543,0.689,0.583,0.204,0.688,0.355,0.383,0.212,-0.025,0.56,0.546,0.367,0.181,0.492,0.222,0.449,0.467,0.529,0.016,0.454,0.745,0.627,0.594,0.247,0.4,0.458,0.658,0.22,0.49,0.604,0.71,0.037,0.622,0.595,0.54,0.488,0.336,0.506,0.737,0.551,0.321,0.42,0.562,0.386,0.198,0.059,0.711,0.759,0.484,0.416,0.716,0.451,0.495,0.273,0.363,0.146,0.473,0.581,-0.505,0.337,0.765,0.199,0.775,0.496,0.424,0.129,0.441,-0.219,0.677,0.025,0.034,0.794,0.856,0.617,0.412,0.819,0.676,0.637,0.678,0.579,-0.179,-0.312,0.348,0.39,0.857,0.401,0.587,0.348,0.162,0.597,0.591,0.011,0.718,0.742,0.758,0.606,0.494,0.699,0.561,0.189,0.603,0.49,0.42,0.592,0.608,0.566,0.111,-0.443,0.258,0.202,0.487,0.571,0.621
CEVA,-0.205,0.316,-0.165,0.045,0.523,0.702,0.527,-0.095,-0.016,-0.158,0.479,0.568,0.011,-0.336,0.484,0.282,0.268,0.712,-0.443,-0.088,0.342,0.095,0.591,-0.358,0.384,0.74,0.632,0.301,0.65,0.336,0.0,0.54,0.316,0.459,0.722,0.383,0.048,0.396,0.517,0.545,0.095,0.449,-0.029,0.591,0.432,0.47,-0.483,0.205,0.099,0.254,0.441,0.396,0.211,0.548,0.501,0.303,0.382,0.681,0.704,0.078,-0.718,0.887,0.105,0.549,-0.121,0.626,0.244,0.159,0.465,0.412,-0.293,0.577,0.24,0.287,0.414,0.056,-0.157,0.104,0.376,0.416,0.418,0.58,0.414,0.625,0.231,-0.072,0.793,0.367,0.012,0.497,-0.265,0.748,0.282,0.311,-0.509,0.023,0.59,0.331,0.52,0.45,0.342,0.091,-0.134,-0.185,0.309,-0.357,0.449,0.42,0.266,0.847,0.363,0.671,0.145,0.063,0.159,0.502,0.446,0.349,0.432,0.647,0.666,0.545,0.504,0.205,0.558,0.528,0.208,0.173,0.748,0.283,-0.284,0.408,-0.152,0.75,0.662,0.748,0.233,0.57,0.369,0.38,0.148,-0.167,-0.52,0.491,0.6,-0.674,-0.568,0.64,0.126,0.284,0.443,-0.318,-0.282,0.875,-0.362,0.552,-0.326,-0.314,0.578,0.358,0.779,0.797,0.478,0.605,0.214,0.58,0.664,-0.167,-0.12,0.627,-0.16,0.519,0.25,0.805,-0.124,0.346,0.86,0.574,0.492,0.473,0.574,0.471,0.581,0.4,0.52,0.499,-0.443,0.657,0.637,0.012,0.381,0.684,0.228,-0.416,-0.413,0.218,0.605,0.545,0.709,0.574
