,AAPL,ACRS,ADP,AFYA,AGNC,AGYS,ALT,AMGN,AMPH,AMZN,ANIP,AOSL,APDN,APLT,APVO,ARGX,ARLP,ATEX,ATRA,AUTL,AVDL,BCRX,BHAT,BLBD,BMRN,BNGO,BUSE,CAKE,CASY,CCOI,CEVA,CHY,CLDX,CLMT,COHU,COLM,COST,CPRT,CSWC,CSX,DBX,DCOM,DKNG,DMLP,DOX,EA,EDIT,ENPH,ENSG,ERNA,ESGR,ETNB,EXTR,FANG,FARO,FATE,FGEN,FIVE,FIVN,FLGT,FOLD,FORM,FOXA,FRPT,FSLR,FTAI,GBDC,GDYN,GGAL,GNLN,GRFS,GT,HCAT,HCM,HFWA,HOLX,HQY,HUBG,IAC,ICLR,IDCC,IEP,IHRT,ILMN,ILPT,IMAB,IMOS,INMD,INTZ,JAZZ,JKHY,JRVR,KIDS,LBRDK,LGND,LMAT,LPLA,LULU,MASI,MAT,MATW,MBIN,MBIO,MCRB,MDB,MDLZ,MELI,MIRM,MLKN,MNMD,MNRO,MPWR,MRCY,MRSN,MTVA,NAAS,NDAQ,NDSN,NEGG,NOVT,NVDA,NWE,NWSA,NXST,OCX,ODFL,OMAB,OPCH,OPRA,ORGO,OTRK,OZK,PAGP,PCH,PEGA,PENG,PENN,PFBC,PGNY,PHAT,PHUN,PINC,PLUG,PLXS,PYPL,QLYS,QNCX,QQQX,QVCGA,RAPT,RBBN,RCKT,REPL,RMBS,ROAD,ROKU,ROP,RUSHA,SANM,SATS,SBCF,SBLK,SBUX,SCHL,SCSC,SDGR,SEIC,SFIX,SGRY,SKYW,SLP,SNES,STAA,STLD,STOK,SWKS,TER,TFIN,TIGO,TILE,TPIC,TTEC,TTEK,TTGT,UXIN,VERU,VLYPP,VNOM,VRNS,VRSN,WDAY,WERN,WINA,WKHS,WRLD,XP,XTKG,YY,ZION,ZM
AAPL,0.0,0.702,-0.251,0.512,-0.68,0.428,-0.092,-0.011,-0.82,0.768,-0.185,0.757,0.438,0.104,0.639,0.763,-0.034,-0.602,0.451,0.678,0.344,-0.019,0.73,0.253,0.808,0.647,-0.256,-0.478,0.067,-0.778,0.92,0.651,0.011,-0.044,0.846,0.689,-0.676,0.018,-0.151,-0.386,0.828,-0.594,0.823,-0.487,0.263,0.535,0.658,0.802,0.636,-0.473,0.529,0.515,-0.359,-0.298,0.859,0.704,0.188,0.448,0.676,0.894,0.784,0.808,0.118,0.296,0.762,0.368,0.21,-0.393,-0.264,0.799,-0.228,-0.634,0.212,0.909,-0.224,0.742,0.1,-0.698,0.73,-0.599,0.793,-0.531,-0.665,0.834,-0.402,0.209,0.658,0.864,0.749,-0.497,0.45,0.735,-0.53,-0.663,0.881,0.485,-0.364,0.438,0.789,-0.303,0.627,-0.593,0.632,-0.022,0.898,-0.722,0.875,0.378,-0.527,0.081,-0.038,0.933,0.82,0.851,0.734,0.714,-0.515,0.152,-0.252,0.857,0.887,0.107,-0.091,0.63,0.719,-0.695,0.466,0.828,0.055,0.537,0.405,-0.656,-0.649,-0.227,0.912,0.722,0.717,0.073,0.271,0.768,0.599,0.382,0.811,-0.093,0.945,0.759,0.663,0.79,-0.346,0.432,0.761,0.482,-0.432,0.733,-0.447,0.872,-0.516,0.251,0.478,-0.569,-0.409,-0.737,0.551,-0.037,-0.583,0.88,-0.318,0.837,-0.456,0.78,0.822,0.322,0.295,-0.789,-0.006,0.9,0.805,0.638,-0.807,-0.69,0.732,0.753,0.886,0.826,-0.455,0.677,0.425,-0.479,0.898,-0.559,0.896,-0.471,-0.335,0.866,-0.461,-0.642,0.845,0.919,-0.647,0.9
ACRS,0.702,0.0,0.039,0.28,-0.92,-0.054,-0.523,0.378,-0.7,0.313,-0.179,0.475,0.234,-0.307,0.218,0.552,0.159,-0.455,0.143,0.311,0.69,-0.365,0.558,-0.215,0.491,0.311,-0.478,-0.764,-0.209,-0.876,0.731,0.41,-0.447,-0.211,0.794,0.425,-0.728,-0.364,-0.65,-0.537,0.696,-0.792,0.679,-0.862,-0.012,0.127,0.497,0.756,0.768,-0.759,0.243,0.268,-0.754,-0.687,0.836,0.34,-0.212,0.029,0.298,0.853,0.507,0.872,0.182,-0.235,0.539,0.092,-0.22,-0.548,-0.603,0.799,-0.032,-0.664,-0.25,0.805,-0.583,0.891,-0.413,-0.455,0.348,-0.81,0.777,-0.672,-0.561,0.692,-0.371,-0.263,0.35,0.626,0.696,-0.29,0.288,0.697,-0.829,-0.803,0.821,0.214,-0.764,0.011,0.913,-0.618,0.364,-0.791,0.345,-0.261,0.765,-0.859,0.598,-0.042,-0.457,-0.438,-0.493,0.779,0.76,0.752,0.65,0.394,-0.682,-0.23,-0.682,0.676,0.74,0.463,0.071,0.659,0.423,-0.9,0.756,0.7,-0.409,0.394,0.147,-0.873,-0.823,-0.429,0.77,0.898,0.691,-0.159,-0.261,0.471,0.477,0.318,0.571,-0.492,0.723,0.697,0.297,0.484,-0.405,0.13,0.831,0.028,-0.807,0.734,-0.706,0.783,-0.834,-0.027,0.297,-0.61,-0.719,-0.863,0.686,0.053,-0.62,0.64,-0.277,0.664,-0.779,0.668,0.629,-0.015,-0.173,-0.916,-0.152,0.623,0.484,0.691,-0.825,-0.792,0.491,0.84,0.821,0.406,-0.829,0.644,0.222,-0.779,0.762,-0.877,0.762,-0.165,-0.28,0.721,-0.443,-0.63,0.857,0.724,-0.763,0.78
ADP,-0.251,0.039,0.0,-0.371,-0.112,-0.092,-0.53,0.836,0.345,-0.687,0.253,-0.32,-0.38,-0.606,-0.694,-0.292,0.597,0.249,-0.333,-0.45,0.34,0.177,-0.498,-0.219,-0.239,-0.344,0.178,-0.261,-0.031,-0.008,-0.271,0.221,-0.368,-0.239,-0.081,-0.06,0.26,-0.163,-0.4,0.311,-0.251,0.075,-0.339,-0.112,0.077,-0.31,-0.343,0.043,-0.011,-0.309,0.055,-0.357,-0.405,-0.453,-0.063,-0.41,-0.446,-0.6,-0.543,-0.119,-0.39,0.108,0.353,-0.611,-0.113,-0.239,-0.501,0.102,-0.147,-0.2,0.566,0.449,-0.507,-0.169,-0.071,0.133,-0.38,0.379,-0.56,0.216,0.078,0.238,0.428,-0.021,0.077,-0.013,-0.169,-0.342,-0.406,0.503,0.008,-0.424,0.066,0.144,-0.261,-0.177,-0.303,-0.327,-0.001,-0.038,0.038,0.067,-0.428,-0.103,-0.302,-0.061,-0.372,-0.495,0.078,-0.303,-0.468,-0.191,-0.263,-0.308,-0.392,-0.14,0.19,-0.166,-0.163,-0.168,-0.229,0.309,0.505,0.223,-0.545,0.11,0.327,-0.329,-0.494,-0.288,-0.281,0.071,-0.026,0.35,-0.258,0.163,-0.299,0.141,-0.526,-0.426,-0.438,0.053,-0.449,0.123,-0.311,-0.063,-0.42,-0.458,0.276,-0.404,0.056,-0.411,-0.272,-0.04,-0.209,-0.273,-0.168,-0.165,0.21,0.25,0.13,0.182,0.326,0.162,0.144,-0.401,-0.135,-0.335,-0.049,-0.191,-0.145,-0.251,-0.251,0.182,-0.26,-0.248,-0.151,-0.088,0.069,0.149,-0.235,-0.081,-0.143,-0.373,-0.28,-0.315,-0.418,-0.112,-0.279,-0.045,-0.266,0.195,0.278,-0.359,0.093,0.393,-0.272,-0.276,0.043,-0.221
AFYA,0.512,0.28,-0.371,0.0,-0.313,0.109,-0.1,-0.161,-0.456,0.503,-0.357,0.279,0.303,0.034,0.467,0.367,-0.015,-0.545,0.235,0.322,0.218,0.089,0.327,0.24,0.446,0.235,-0.359,-0.41,0.217,-0.542,0.423,0.154,0.062,-0.214,0.49,0.441,-0.443,0.051,-0.139,-0.372,0.651,-0.405,0.291,-0.192,0.04,0.393,0.173,0.327,0.28,-0.369,-0.068,0.494,-0.272,-0.115,0.55,0.393,0.035,0.242,0.306,0.513,0.372,0.434,0.334,0.236,0.476,0.36,0.007,-0.102,0.263,0.368,0.069,-0.473,0.006,0.454,-0.227,0.469,0.035,-0.377,0.394,-0.367,0.583,-0.111,-0.338,0.475,-0.138,0.059,0.479,0.461,0.39,-0.185,0.233,0.379,-0.361,-0.363,0.527,0.118,-0.328,0.211,0.352,-0.272,0.261,-0.561,0.21,-0.146,0.523,-0.345,0.349,0.079,-0.386,0.089,-0.075,0.52,0.541,0.479,0.298,0.598,-0.493,0.113,-0.205,0.608,0.552,-0.076,0.113,0.352,0.332,-0.434,0.218,0.369,0.243,-0.08,0.284,-0.409,-0.207,0.127,0.556,0.295,0.344,-0.08,0.226,0.337,0.215,-0.088,0.362,0.04,0.543,0.615,0.452,0.363,0.046,-0.026,0.53,0.175,-0.279,0.372,-0.359,0.541,-0.267,0.089,0.319,-0.14,-0.42,-0.428,0.162,-0.136,-0.476,0.37,-0.034,0.531,-0.31,0.332,0.495,0.074,-0.035,-0.418,0.208,0.543,0.461,0.312,-0.431,-0.406,0.278,0.545,0.47,0.362,-0.305,0.222,0.403,-0.285,0.483,-0.25,0.554,-0.282,-0.071,0.415,-0.055,-0.497,0.368,0.503,-0.32,0.476
AGNC,-0.68,-0.92,-0.112,-0.313,0.0,0.157,0.609,-0.47,0.712,-0.264,0.263,-0.388,-0.229,0.398,-0.171,-0.506,-0.138,0.544,-0.126,-0.251,-0.703,0.4,-0.535,0.211,-0.473,-0.283,0.498,0.862,0.244,0.912,-0.706,-0.387,0.508,0.271,-0.801,-0.401,0.785,0.441,0.725,0.585,-0.711,0.827,-0.629,0.903,0.066,-0.043,-0.449,-0.764,-0.729,0.82,-0.16,-0.221,0.861,0.817,-0.856,-0.299,0.304,0.077,-0.273,-0.847,-0.436,-0.91,-0.193,0.338,-0.517,-0.003,0.352,0.6,0.611,-0.812,-0.082,0.686,0.323,-0.791,0.629,-0.937,0.474,0.458,-0.3,0.826,-0.79,0.667,0.575,-0.729,0.471,0.244,-0.306,-0.613,-0.669,0.341,-0.275,-0.692,0.884,0.833,-0.798,-0.121,0.84,0.066,-0.908,0.692,-0.255,0.839,-0.246,0.286,-0.78,0.936,-0.556,0.136,0.506,0.439,0.587,-0.766,-0.735,-0.695,-0.592,-0.38,0.76,0.263,0.726,-0.703,-0.722,-0.431,-0.041,-0.661,-0.366,0.928,-0.792,-0.661,0.477,-0.268,-0.119,0.906,0.874,0.374,-0.774,-0.905,-0.661,0.156,0.343,-0.409,-0.471,-0.206,-0.536,0.53,-0.721,-0.732,-0.232,-0.424,0.419,0.003,-0.87,0.098,0.883,-0.744,0.753,-0.79,0.896,0.016,-0.226,0.62,0.746,0.883,-0.703,-0.057,0.668,-0.58,0.273,-0.684,0.854,-0.579,-0.634,0.063,0.305,0.916,0.186,-0.61,-0.432,-0.642,0.837,0.845,-0.443,-0.861,-0.817,-0.312,0.89,-0.638,-0.185,0.887,-0.77,0.912,-0.763,0.147,0.253,-0.703,0.458,0.687,-0.831,-0.736,0.777,-0.795
AGYS,0.428,-0.054,-0.092,0.109,0.157,0.0,0.523,-0.295,-0.156,0.496,0.089,0.576,0.422,0.54,0.464,0.528,0.243,-0.243,0.602,0.633,-0.2,0.633,0.293,0.668,0.542,0.674,0.27,0.232,0.282,-0.098,0.437,0.735,0.608,0.244,0.245,0.583,-0.005,0.543,0.561,0.476,0.302,0.12,0.37,0.391,0.573,0.661,0.388,0.408,0.039,0.171,0.497,0.417,0.364,0.298,0.26,0.648,0.606,0.468,0.422,0.265,0.466,0.18,0.17,0.614,0.615,0.675,0.564,0.101,0.273,0.067,-0.146,0.136,0.578,0.382,0.361,-0.002,0.743,-0.458,0.473,0.329,0.153,0.215,-0.095,0.422,-0.037,0.645,0.639,0.451,0.151,-0.199,0.453,0.051,0.338,0.129,0.242,0.725,0.371,0.764,0.054,0.517,0.765,0.158,0.648,0.444,0.3,0.059,0.5,0.675,-0.137,0.68,0.427,0.42,0.129,0.343,0.307,0.576,0.258,0.686,0.562,0.408,0.248,-0.376,0.013,0.291,0.445,0.193,-0.001,0.281,0.561,0.293,0.568,0.247,0.084,0.177,0.322,-0.013,0.1,0.157,0.715,0.545,0.27,0.253,0.461,0.598,0.345,0.221,0.582,0.317,0.097,0.632,0.121,0.791,0.348,0.175,0.266,0.177,0.346,0.165,0.441,-0.081,0.393,0.092,-0.105,-0.239,-0.146,0.447,-0.457,0.256,0.495,0.401,0.499,0.668,0.814,0.043,0.201,0.552,0.716,0.042,-0.214,0.052,0.649,-0.049,0.259,0.693,0.34,0.166,0.292,0.464,0.326,0.336,0.312,-0.683,-0.185,0.345,-0.09,0.088,0.145,0.357,-0.075,0.304
ALT,-0.092,-0.523,-0.53,-0.1,0.609,0.523,0.0,-0.786,0.126,0.421,-0.071,0.268,0.448,0.847,0.45,0.173,-0.262,0.047,0.584,0.521,-0.705,0.261,0.214,0.664,0.025,0.493,0.268,0.703,0.042,0.454,-0.033,0.023,0.797,0.429,-0.288,0.023,0.191,0.512,0.853,0.375,-0.094,0.408,0.071,0.675,0.209,0.43,0.268,-0.128,-0.374,0.721,0.083,0.238,0.827,0.742,-0.32,0.472,0.75,0.568,0.436,-0.279,0.239,-0.45,-0.29,0.804,0.046,0.449,0.674,0.274,0.411,-0.272,-0.438,0.11,0.786,-0.134,0.531,-0.601,0.844,-0.236,0.439,0.466,-0.499,0.336,0.039,-0.119,0.078,0.512,0.15,0.094,0.03,-0.321,0.07,-0.034,0.516,0.391,-0.125,0.343,0.772,0.619,-0.46,0.574,0.135,0.455,0.547,0.529,-0.065,0.481,0.16,0.731,0.264,0.749,0.731,-0.107,-0.18,-0.014,0.183,0.143,0.368,0.56,0.775,-0.075,-0.188,-0.657,-0.34,-0.39,0.391,0.518,-0.55,-0.018,0.805,0.234,0.517,0.558,0.492,-0.053,-0.105,-0.604,-0.106,-0.087,0.778,0.364,0.295,-0.037,0.266,0.455,-0.075,-0.26,0.321,0.043,0.083,0.565,-0.451,0.706,0.81,-0.283,0.688,-0.163,0.73,0.187,-0.225,0.08,0.489,0.432,-0.614,-0.279,0.076,0.154,-0.108,-0.015,0.729,-0.003,0.008,0.596,0.646,0.4,0.44,0.04,0.13,-0.401,0.289,0.372,0.299,-0.457,-0.262,0.351,0.778,0.022,0.178,0.728,-0.046,0.658,-0.094,-0.403,-0.286,-0.002,0.163,0.156,-0.198,-0.037,0.306,-0.102
AMGN,-0.011,0.378,0.836,-0.161,-0.47,-0.295,-0.786,0.0,0.078,-0.547,0.214,-0.247,-0.4,-0.784,-0.614,-0.189,0.424,0.159,-0.447,-0.425,0.604,-0.06,-0.306,-0.425,-0.146,-0.366,-0.046,-0.578,-0.066,-0.295,-0.052,0.195,-0.655,-0.431,0.198,-0.051,0.015,-0.355,-0.731,-0.049,-0.016,-0.229,-0.162,-0.523,-0.06,-0.363,-0.243,0.195,0.279,-0.596,0.048,-0.281,-0.714,-0.711,0.19,-0.389,-0.64,-0.603,-0.396,0.182,-0.239,0.39,0.407,-0.737,-0.075,-0.354,-0.652,-0.06,-0.343,0.117,0.551,0.099,-0.69,0.049,-0.343,0.471,-0.676,0.295,-0.465,-0.182,0.397,-0.052,0.216,0.136,0.026,-0.25,-0.115,-0.151,-0.155,0.438,-0.013,-0.102,-0.277,-0.186,0.034,-0.307,-0.629,-0.495,0.353,-0.436,-0.016,-0.291,-0.409,-0.358,-0.038,-0.392,-0.212,-0.619,-0.096,-0.593,-0.687,0.047,0.023,-0.054,-0.215,-0.116,-0.105,-0.428,-0.546,0.016,0.104,0.596,0.513,0.358,-0.409,-0.279,0.522,-0.135,-0.736,-0.16,-0.33,-0.35,-0.331,0.222,0.006,0.484,-0.008,0.089,-0.708,-0.375,-0.34,0.116,-0.305,-0.161,-0.049,0.173,-0.307,-0.211,0.123,-0.497,0.347,-0.54,-0.626,0.224,-0.58,0.044,-0.551,-0.151,0.271,0.057,-0.265,-0.16,0.63,0.244,0.017,-0.206,-0.016,-0.107,-0.489,-0.027,-0.015,-0.476,-0.472,-0.182,-0.335,-0.125,-0.096,0.188,-0.186,-0.15,-0.226,0.264,0.133,-0.31,-0.633,-0.1,-0.354,-0.494,-0.038,-0.431,-0.025,0.317,0.265,-0.127,-0.037,0.097,0.026,-0.058,-0.214,0.019
AMPH,-0.82,-0.7,0.345,-0.456,0.712,-0.156,0.126,0.078,0.0,-0.722,0.364,-0.599,-0.434,-0.191,-0.683,-0.76,0.167,0.629,-0.402,-0.659,-0.15,0.281,-0.842,-0.115,-0.741,-0.557,0.477,0.561,-0.015,0.75,-0.873,-0.373,-0.038,-0.217,-0.704,-0.56,0.767,0.054,0.193,0.518,-0.701,0.734,-0.888,0.576,-0.215,-0.23,-0.554,-0.736,-0.512,0.351,-0.394,-0.541,0.39,0.405,-0.791,-0.611,-0.231,-0.374,-0.661,-0.782,-0.728,-0.728,0.178,-0.233,-0.627,-0.11,-0.249,0.689,0.535,-0.704,0.395,0.814,-0.274,-0.873,0.395,-0.672,-0.042,0.771,-0.61,0.702,-0.556,0.729,0.92,-0.684,0.403,-0.168,-0.558,-0.868,-0.721,0.715,-0.458,-0.812,0.656,0.674,-0.843,-0.446,0.426,-0.275,-0.76,0.341,-0.417,0.641,-0.524,0.133,-0.866,0.745,-0.856,-0.364,0.631,-0.0,0.096,-0.822,-0.782,-0.73,-0.722,-0.524,0.591,-0.1,0.251,-0.78,-0.721,-0.18,0.42,-0.522,-0.658,0.781,-0.366,-0.91,0.01,-0.579,-0.291,0.726,0.794,0.495,-0.801,-0.63,-0.68,0.126,-0.243,-0.696,-0.614,-0.409,-0.778,0.349,-0.817,-0.626,-0.649,-0.712,0.706,-0.477,-0.629,-0.378,0.467,-0.575,0.285,-0.736,0.473,-0.095,-0.109,0.828,0.536,0.79,-0.469,0.186,0.608,-0.8,0.291,-0.725,0.56,-0.578,-0.716,-0.233,-0.195,0.874,0.224,-0.757,-0.57,-0.499,0.879,0.904,-0.668,-0.663,-0.782,-0.627,0.463,-0.741,-0.423,0.577,-0.843,0.589,-0.79,0.458,0.23,-0.921,0.633,0.839,-0.827,-0.852,0.761,-0.829
AMZN,0.768,0.313,-0.687,0.503,-0.264,0.496,0.421,-0.547,-0.722,0.0,-0.254,0.72,0.61,0.583,0.864,0.749,-0.336,-0.549,0.609,0.835,-0.137,0.05,0.778,0.463,0.721,0.744,-0.223,-0.048,0.135,-0.42,0.792,0.333,0.42,0.219,0.508,0.506,-0.523,0.285,0.325,-0.283,0.642,-0.359,0.756,-0.115,0.299,0.62,0.626,0.541,0.28,0.001,0.39,0.647,0.158,0.134,0.54,0.804,0.581,0.715,0.858,0.588,0.752,0.394,-0.144,0.723,0.626,0.467,0.581,-0.306,-0.052,0.534,-0.517,-0.614,0.615,0.686,0.01,0.288,0.511,-0.768,0.826,-0.346,0.376,-0.373,-0.697,0.566,-0.279,0.372,0.633,0.801,0.678,-0.669,0.399,0.662,-0.224,-0.379,0.704,0.555,0.091,0.628,0.442,-0.006,0.468,-0.31,0.759,0.189,0.739,-0.37,0.829,0.653,-0.417,0.427,0.345,0.719,0.649,0.697,0.692,0.626,-0.331,0.381,0.125,0.674,0.665,-0.189,-0.398,0.272,0.838,-0.4,0.005,0.743,0.451,0.578,0.553,-0.334,-0.358,-0.31,0.707,0.262,0.556,-0.06,0.673,0.791,0.66,0.303,0.838,0.043,0.767,0.489,0.787,0.742,-0.407,0.656,0.366,0.728,0.049,0.435,0.008,0.648,-0.062,0.232,0.183,-0.495,-0.203,-0.474,0.127,-0.24,-0.438,0.827,-0.227,0.69,-0.097,0.596,0.67,0.469,0.545,-0.526,0.133,0.754,0.662,0.362,-0.565,-0.483,0.704,0.424,0.576,0.838,0.024,0.602,0.52,-0.089,0.74,-0.165,0.698,-0.579,-0.368,0.783,-0.367,-0.595,0.618,0.757,-0.411,0.694
ANIP,-0.185,-0.179,0.253,-0.357,0.263,0.089,-0.071,0.214,0.364,-0.254,0.0,-0.08,-0.457,-0.071,-0.282,-0.386,-0.077,0.599,-0.399,-0.244,0.065,0.134,-0.356,-0.302,-0.209,-0.344,0.391,0.366,0.041,0.368,-0.185,0.021,-0.196,0.094,-0.186,-0.279,0.451,0.054,0.017,0.126,-0.415,0.414,-0.25,0.106,-0.088,-0.246,-0.183,-0.371,0.014,0.123,0.346,-0.383,0.207,0.261,-0.39,-0.404,-0.254,-0.014,-0.225,-0.186,-0.171,-0.225,-0.081,-0.153,-0.391,-0.335,0.002,0.466,0.018,-0.146,0.032,0.47,-0.144,-0.315,0.318,-0.173,-0.127,0.496,-0.28,0.204,-0.091,0.042,0.361,-0.413,0.305,-0.181,-0.304,-0.306,-0.309,0.454,-0.4,-0.269,0.338,0.21,-0.341,-0.147,0.262,-0.245,-0.165,0.15,0.003,0.516,-0.251,0.141,-0.371,0.246,-0.197,-0.135,0.264,-0.264,0.226,-0.288,-0.351,-0.22,-0.419,-0.262,0.461,-0.263,-0.032,-0.398,-0.094,0.244,0.18,-0.196,-0.224,0.295,-0.239,-0.252,-0.2,0.176,-0.225,0.217,0.194,0.153,-0.363,-0.02,-0.051,0.446,-0.147,-0.369,-0.359,0.128,-0.373,0.033,-0.238,-0.379,-0.148,0.104,0.167,-0.027,-0.248,-0.152,0.139,-0.013,0.015,-0.258,0.112,0.025,0.144,0.271,0.315,0.269,0.094,0.417,0.584,-0.18,0.318,-0.329,0.115,-0.132,-0.447,-0.363,0.104,0.305,-0.184,-0.327,-0.127,0.152,0.356,0.414,-0.384,-0.214,-0.207,-0.114,0.076,-0.231,-0.128,0.214,-0.33,0.129,-0.355,0.44,0.259,-0.335,0.109,0.49,-0.228,-0.365,0.389,-0.352
AOSL,0.757,0.475,-0.32,0.279,-0.388,0.576,0.268,-0.247,-0.599,0.72,-0.08,0.0,0.605,0.314,0.607,0.618,-0.105,-0.492,0.635,0.764,0.218,-0.013,0.703,0.431,0.566,0.759,0.065,-0.155,-0.208,-0.526,0.801,0.62,0.125,0.154,0.745,0.48,-0.623,0.017,0.076,-0.292,0.707,-0.265,0.774,-0.189,0.047,0.581,0.849,0.658,0.637,-0.242,0.558,0.24,-0.069,0.063,0.596,0.73,0.267,0.683,0.694,0.724,0.785,0.597,-0.007,0.39,0.61,0.475,0.232,-0.217,-0.119,0.738,-0.394,-0.378,0.331,0.707,0.13,0.476,0.293,-0.51,0.799,-0.417,0.493,-0.411,-0.473,0.632,-0.48,0.24,0.413,0.724,0.793,-0.453,0.145,0.573,-0.348,-0.582,0.699,0.465,0.035,0.525,0.487,-0.1,0.611,-0.263,0.783,0.349,0.773,-0.538,0.834,0.557,-0.07,0.29,0.36,0.769,0.588,0.835,0.75,0.617,-0.349,0.17,-0.063,0.647,0.776,-0.268,-0.193,0.373,0.883,-0.406,0.358,0.685,0.398,0.643,0.632,-0.301,-0.354,-0.337,0.724,0.534,0.779,0.214,0.489,0.823,0.753,0.152,0.807,-0.021,0.821,0.627,0.586,0.705,-0.203,0.583,0.598,0.683,-0.083,0.753,-0.161,0.743,-0.272,0.464,0.347,-0.408,-0.04,-0.58,0.249,0.203,-0.57,0.912,-0.268,0.765,-0.106,0.896,0.655,0.494,0.393,-0.51,0.304,0.806,0.827,0.611,-0.524,-0.378,0.709,0.55,0.746,0.8,-0.195,0.665,0.33,-0.199,0.8,-0.352,0.789,-0.465,-0.671,0.721,-0.109,-0.38,0.744,0.783,-0.263,0.76
APDN,0.438,0.234,-0.38,0.303,-0.229,0.422,0.448,-0.4,-0.434,0.61,-0.457,0.605,0.0,0.494,0.538,0.661,0.108,-0.58,0.869,0.708,0.008,0.067,0.613,0.594,0.39,0.761,-0.222,-0.104,-0.158,-0.421,0.542,0.367,0.413,0.074,0.398,0.408,-0.541,0.151,0.216,-0.03,0.624,-0.315,0.533,-0.027,0.142,0.62,0.649,0.594,0.17,-0.091,0.007,0.528,0.033,0.001,0.478,0.785,0.575,0.429,0.612,0.445,0.568,0.347,0.101,0.501,0.627,0.656,0.252,-0.212,-0.001,0.378,-0.232,-0.399,0.444,0.548,-0.084,0.205,0.491,-0.651,0.673,-0.145,0.199,-0.095,-0.381,0.6,-0.398,0.357,0.477,0.589,0.567,-0.518,0.4,0.409,-0.234,-0.283,0.577,0.514,-0.005,0.651,0.281,-0.001,0.355,-0.354,0.756,0.443,0.617,-0.294,0.579,0.566,-0.139,0.463,0.143,0.576,0.396,0.598,0.685,0.542,-0.368,0.447,0.127,0.61,0.407,-0.428,-0.126,0.25,0.651,-0.265,0.258,0.451,0.499,0.248,0.786,-0.137,-0.19,-0.35,0.603,0.151,0.391,-0.333,0.481,0.742,0.757,-0.05,0.775,0.15,0.551,0.503,0.55,0.205,-0.15,0.426,0.38,0.627,0.115,0.333,0.052,0.506,-0.034,0.049,0.12,-0.383,-0.146,-0.313,-0.133,-0.313,-0.662,0.581,-0.486,0.603,0.121,0.516,0.661,0.653,0.365,-0.348,0.506,0.63,0.584,0.112,-0.44,-0.347,0.739,0.329,0.466,0.539,0.033,0.523,0.352,0.0,0.628,-0.094,0.618,-0.666,-0.57,0.573,-0.003,-0.301,0.462,0.604,-0.325,0.628
APLT,0.104,-0.307,-0.606,0.034,0.398,0.54,0.847,-0.784,-0.191,0.583,-0.071,0.314,0.494,0.0,0.683,0.402,-0.242,-0.085,0.615,0.651,-0.701,0.2,0.44,0.564,0.312,0.547,0.009,0.5,0.172,0.235,0.204,0.122,0.834,0.616,-0.16,0.234,0.004,0.527,0.773,0.269,0.015,0.138,0.334,0.485,0.361,0.338,0.286,0.033,-0.271,0.659,0.174,0.497,0.689,0.564,-0.096,0.562,0.835,0.567,0.521,-0.08,0.427,-0.267,-0.401,0.841,0.227,0.399,0.833,0.029,0.164,-0.159,-0.543,-0.12,0.864,0.121,0.325,-0.405,0.832,-0.475,0.494,0.29,-0.374,0.066,-0.304,0.013,0.071,0.525,0.354,0.353,0.11,-0.553,0.272,0.171,0.332,0.257,0.079,0.567,0.585,0.626,-0.238,0.53,0.289,0.272,0.589,0.45,0.137,0.319,0.404,0.826,-0.08,0.652,0.623,0.086,-0.006,0.128,0.299,0.235,0.228,0.601,0.703,0.136,-0.057,-0.485,-0.504,-0.21,0.441,0.261,-0.511,0.249,0.713,0.365,0.497,0.32,0.192,-0.243,0.069,-0.451,0.014,-0.212,0.808,0.485,0.391,0.133,0.422,0.311,0.106,-0.155,0.547,0.246,-0.268,0.741,-0.326,0.712,0.62,-0.207,0.661,-0.042,0.624,0.037,-0.248,-0.279,0.265,0.226,-0.503,-0.452,-0.014,0.291,-0.182,0.094,0.546,0.025,0.152,0.586,0.725,0.126,0.17,0.207,0.248,-0.3,-0.005,0.032,0.445,-0.316,-0.077,0.437,0.641,0.206,0.434,0.582,0.134,0.51,0.057,-0.56,-0.116,0.272,-0.16,-0.108,0.003,0.137,0.005,0.076
APVO,0.639,0.218,-0.694,0.467,-0.171,0.464,0.45,-0.614,-0.683,0.864,-0.282,0.607,0.538,0.683,0.0,0.675,-0.298,-0.549,0.606,0.801,-0.31,-0.021,0.802,0.488,0.679,0.685,-0.201,-0.034,0.139,-0.347,0.674,0.341,0.515,0.445,0.408,0.568,-0.515,0.279,0.406,-0.196,0.55,-0.27,0.735,0.028,0.282,0.427,0.561,0.433,0.236,0.137,0.358,0.616,0.188,0.201,0.477,0.741,0.571,0.664,0.728,0.482,0.711,0.31,-0.309,0.697,0.567,0.417,0.648,-0.33,-0.039,0.412,-0.528,-0.518,0.692,0.604,0.048,0.206,0.542,-0.743,0.752,-0.274,0.223,-0.369,-0.701,0.465,-0.284,0.395,0.575,0.771,0.553,-0.77,0.378,0.638,-0.223,-0.323,0.558,0.584,0.16,0.584,0.286,0.094,0.482,-0.218,0.661,0.193,0.654,-0.273,0.784,0.748,-0.391,0.458,0.443,0.598,0.487,0.561,0.62,0.577,-0.258,0.434,0.274,0.617,0.483,-0.321,-0.534,0.211,0.718,-0.295,-0.066,0.689,0.533,0.493,0.48,-0.211,-0.28,-0.321,0.593,0.127,0.484,-0.052,0.696,0.757,0.611,0.255,0.739,-0.012,0.634,0.352,0.671,0.69,-0.465,0.702,0.25,0.658,0.072,0.317,0.177,0.507,0.077,0.237,0.007,-0.604,-0.102,-0.365,-0.078,-0.297,-0.371,0.718,-0.219,0.613,-0.011,0.452,0.557,0.552,0.528,-0.427,0.071,0.668,0.589,0.206,-0.505,-0.47,0.673,0.291,0.471,0.689,0.095,0.626,0.597,0.006,0.645,-0.066,0.588,-0.613,-0.277,0.73,-0.423,-0.597,0.55,0.649,-0.364,0.583
ARGX,0.763,0.552,-0.292,0.367,-0.506,0.528,0.173,-0.189,-0.76,0.749,-0.386,0.618,0.661,0.402,0.675,0.0,0.192,-0.607,0.723,0.787,0.05,0.144,0.813,0.491,0.767,0.752,-0.416,-0.319,0.203,-0.666,0.838,0.593,0.42,0.132,0.548,0.78,-0.555,0.377,0.102,-0.013,0.712,-0.592,0.79,-0.303,0.601,0.553,0.509,0.846,0.283,-0.208,0.249,0.764,-0.138,-0.291,0.769,0.841,0.602,0.43,0.698,0.674,0.721,0.611,0.115,0.497,0.879,0.553,0.473,-0.484,-0.317,0.477,-0.211,-0.633,0.553,0.853,-0.267,0.483,0.456,-0.893,0.695,-0.291,0.494,-0.281,-0.676,0.817,-0.249,0.488,0.819,0.911,0.571,-0.654,0.81,0.676,-0.346,-0.32,0.816,0.794,-0.254,0.744,0.689,-0.039,0.677,-0.54,0.765,0.006,0.8,-0.504,0.85,0.628,-0.657,0.315,-0.072,0.839,0.703,0.702,0.74,0.706,-0.331,0.568,0.057,0.833,0.572,0.045,-0.13,0.658,0.621,-0.508,0.355,0.841,0.162,0.515,0.607,-0.45,-0.562,-0.301,0.817,0.435,0.424,-0.293,0.503,0.823,0.587,0.536,0.84,0.079,0.71,0.6,0.772,0.491,-0.443,0.661,0.505,0.67,-0.216,0.396,-0.103,0.633,-0.186,-0.091,0.263,-0.692,-0.373,-0.495,0.317,-0.46,-0.599,0.76,-0.686,0.648,-0.185,0.567,0.904,0.592,0.542,-0.689,-0.067,0.803,0.694,0.281,-0.83,-0.683,0.918,0.506,0.661,0.802,-0.186,0.636,0.474,-0.197,0.799,-0.278,0.723,-0.796,-0.208,0.874,-0.6,-0.608,0.652,0.813,-0.765,0.803
ARLP,-0.034,0.159,0.597,-0.015,-0.138,0.243,-0.262,0.424,0.167,-0.336,-0.077,-0.105,0.108,-0.242,-0.298,0.192,0.0,-0.112,0.147,-0.089,0.335,0.409,-0.192,0.138,0.025,0.052,-0.074,-0.262,0.059,-0.268,-0.013,0.457,0.04,-0.213,0.08,0.365,0.056,0.104,-0.22,0.517,0.116,-0.148,-0.119,-0.043,0.34,0.122,-0.127,0.333,-0.012,-0.315,-0.198,0.155,-0.316,-0.391,0.259,0.08,-0.012,-0.41,-0.32,0.1,-0.1,0.245,0.621,-0.243,0.396,0.377,-0.211,0.048,0.026,-0.151,0.564,0.26,-0.207,0.146,-0.168,0.217,-0.009,-0.083,-0.219,0.258,0.206,0.358,0.259,0.324,0.023,0.187,0.257,0.009,-0.212,0.283,0.427,-0.257,0.018,0.139,0.052,0.331,-0.355,0.206,0.14,0.124,0.404,-0.199,0.01,0.003,-0.016,-0.024,-0.106,-0.108,-0.166,-0.015,-0.475,0.124,-0.029,-0.016,-0.045,0.215,0.021,0.287,-0.007,0.212,-0.12,0.088,0.608,0.483,-0.304,-0.004,0.442,-0.096,-0.147,-0.331,0.12,0.037,-0.023,0.208,0.09,0.146,-0.268,-0.186,-0.184,-0.003,-0.13,0.053,-0.059,0.311,-0.088,0.211,-0.037,-0.434,0.278,-0.108,0.232,-0.041,-0.205,-0.02,-0.175,-0.07,-0.075,-0.334,0.368,0.06,-0.042,0.095,0.104,-0.222,-0.217,-0.17,-0.568,-0.087,0.118,0.026,0.293,0.273,0.055,-0.001,-0.01,0.112,0.198,-0.084,-0.181,-0.035,0.241,0.047,0.072,-0.048,-0.174,-0.16,-0.048,0.061,-0.003,0.025,0.023,-0.355,0.14,-0.064,0.023,0.248,-0.09,0.002,-0.234,0.063
ATEX,-0.602,-0.455,0.249,-0.545,0.544,-0.243,0.047,0.159,0.629,-0.549,0.599,-0.492,-0.58,-0.085,-0.549,-0.607,-0.112,0.0,-0.512,-0.49,-0.215,0.001,-0.587,-0.301,-0.618,-0.584,0.352,0.487,0.056,0.703,-0.66,-0.374,-0.087,0.057,-0.596,-0.533,0.738,0.071,0.08,0.296,-0.738,0.537,-0.595,0.262,-0.134,-0.421,-0.508,-0.677,-0.34,0.473,-0.045,-0.434,0.353,0.331,-0.735,-0.593,-0.177,-0.222,-0.364,-0.632,-0.38,-0.621,-0.148,-0.156,-0.738,-0.447,-0.005,0.54,0.102,-0.545,0.06,0.498,-0.14,-0.681,0.353,-0.546,-0.158,0.663,-0.459,0.415,-0.519,0.305,0.575,-0.732,0.618,-0.194,-0.527,-0.641,-0.574,0.524,-0.396,-0.495,0.511,0.561,-0.625,-0.391,0.329,-0.389,-0.464,0.173,-0.368,0.572,-0.451,-0.078,-0.722,0.59,-0.585,-0.256,0.447,-0.281,0.099,-0.704,-0.531,-0.581,-0.559,-0.672,0.595,-0.291,0.148,-0.764,-0.523,0.285,0.198,-0.518,-0.502,0.529,-0.462,-0.549,-0.196,-0.01,-0.411,0.418,0.486,0.177,-0.692,-0.43,-0.442,0.167,-0.254,-0.59,-0.574,0.037,-0.665,0.136,-0.658,-0.658,-0.391,-0.354,0.296,-0.24,-0.63,-0.301,0.352,-0.511,0.255,-0.614,0.352,-0.039,-0.205,0.461,0.328,0.612,-0.111,0.248,0.747,-0.566,0.422,-0.681,0.267,-0.508,-0.727,-0.45,-0.091,0.566,-0.161,-0.771,-0.615,-0.341,0.671,0.628,-0.649,-0.553,-0.616,-0.448,0.337,-0.559,-0.371,0.37,-0.707,0.398,-0.736,0.563,0.425,-0.675,0.289,0.58,-0.618,-0.704,0.507,-0.704
ATRA,0.451,0.143,-0.333,0.235,-0.126,0.602,0.584,-0.447,-0.402,0.609,-0.399,0.635,0.869,0.615,0.606,0.723,0.147,-0.512,0.0,0.829,-0.16,0.198,0.636,0.763,0.474,0.844,-0.14,0.033,-0.084,-0.344,0.54,0.514,0.61,0.194,0.335,0.54,-0.445,0.345,0.385,0.142,0.568,-0.24,0.543,0.13,0.332,0.675,0.637,0.61,0.11,0.061,0.098,0.51,0.174,0.111,0.441,0.859,0.681,0.501,0.628,0.385,0.638,0.293,0.049,0.606,0.684,0.74,0.42,-0.152,0.049,0.291,-0.257,-0.333,0.647,0.543,0.047,0.118,0.681,-0.695,0.743,-0.004,0.139,0.034,-0.334,0.621,-0.309,0.566,0.536,0.626,0.5,-0.6,0.511,0.397,-0.096,-0.147,0.522,0.645,0.12,0.847,0.209,0.189,0.536,-0.223,0.849,0.395,0.584,-0.214,0.631,0.738,-0.159,0.61,0.257,0.565,0.381,0.567,0.694,0.661,-0.209,0.619,0.351,0.619,0.323,-0.529,-0.143,0.263,0.65,-0.116,0.176,0.504,0.598,0.347,0.842,-0.034,-0.1,-0.249,0.57,0.053,0.3,-0.308,0.632,0.812,0.723,0.081,0.747,0.265,0.501,0.436,0.598,0.228,-0.096,0.602,0.278,0.783,0.224,0.267,0.161,0.447,0.135,0.101,0.063,-0.379,-0.018,-0.184,-0.175,-0.384,-0.604,0.596,-0.64,0.563,0.252,0.502,0.69,0.821,0.563,-0.265,0.456,0.64,0.613,-0.016,-0.416,-0.282,0.845,0.216,0.398,0.676,0.154,0.488,0.379,0.171,0.596,0.066,0.566,-0.773,-0.517,0.568,-0.136,-0.299,0.401,0.597,-0.338,0.591
AUTL,0.678,0.311,-0.45,0.322,-0.251,0.633,0.521,-0.425,-0.659,0.835,-0.244,0.764,0.708,0.651,0.801,0.787,-0.089,-0.49,0.829,0.0,-0.172,0.084,0.785,0.625,0.661,0.903,-0.18,-0.069,-0.041,-0.433,0.765,0.562,0.528,0.32,0.506,0.582,-0.537,0.269,0.335,-0.074,0.617,-0.375,0.773,-0.057,0.348,0.608,0.738,0.675,0.286,0.04,0.425,0.606,0.122,0.071,0.548,0.905,0.641,0.623,0.811,0.583,0.804,0.438,-0.111,0.704,0.683,0.581,0.567,-0.26,-0.081,0.471,-0.446,-0.532,0.681,0.721,0.012,0.277,0.604,-0.815,0.835,-0.242,0.283,-0.263,-0.589,0.644,-0.312,0.512,0.644,0.806,0.678,-0.72,0.478,0.609,-0.195,-0.342,0.692,0.658,0.075,0.74,0.396,0.099,0.607,-0.293,0.907,0.281,0.73,-0.383,0.833,0.783,-0.323,0.51,0.314,0.721,0.591,0.709,0.807,0.713,-0.289,0.471,0.286,0.704,0.549,-0.319,-0.326,0.276,0.837,-0.324,0.116,0.724,0.534,0.619,0.734,-0.253,-0.337,-0.343,0.68,0.221,0.511,-0.188,0.674,0.898,0.767,0.312,0.863,0.123,0.697,0.492,0.752,0.559,-0.33,0.745,0.369,0.828,0.083,0.424,0.059,0.597,0.017,0.194,0.085,-0.551,-0.126,-0.371,0.025,-0.336,-0.555,0.812,-0.472,0.676,0.037,0.614,0.727,0.676,0.649,-0.467,0.227,0.747,0.709,0.182,-0.591,-0.46,0.865,0.319,0.543,0.845,0.029,0.633,0.417,0.017,0.74,-0.079,0.69,-0.747,-0.461,0.769,-0.358,-0.525,0.6,0.754,-0.47,0.707
AVDL,0.344,0.69,0.34,0.218,-0.703,-0.2,-0.705,0.604,-0.15,-0.137,0.065,0.218,0.008,-0.701,-0.31,0.05,0.335,-0.215,-0.16,-0.172,0.0,-0.202,-0.015,-0.364,0.051,-0.064,-0.155,-0.641,-0.307,-0.655,0.301,0.271,-0.766,-0.633,0.636,0.088,-0.441,-0.547,-0.818,-0.432,0.488,-0.446,0.12,-0.712,-0.341,0.053,0.224,0.411,0.66,-0.878,-0.024,-0.175,-0.796,-0.597,0.542,-0.067,-0.623,-0.261,-0.146,0.595,0.079,0.67,0.531,-0.593,0.233,0.02,-0.701,-0.11,-0.199,0.618,0.405,-0.195,-0.729,0.374,-0.399,0.76,-0.666,0.086,-0.011,-0.575,0.739,-0.291,0.039,0.438,-0.319,-0.51,-0.035,0.109,0.401,0.301,-0.111,0.221,-0.608,-0.628,0.444,-0.211,-0.721,-0.271,0.631,-0.659,0.07,-0.583,-0.051,-0.213,0.376,-0.629,0.08,-0.488,-0.084,-0.583,-0.581,0.426,0.422,0.463,0.203,0.165,-0.571,-0.498,-0.849,0.33,0.527,0.393,0.537,0.483,0.051,-0.625,0.806,0.169,-0.509,-0.088,-0.011,-0.603,-0.455,-0.041,0.445,0.798,0.449,0.087,-0.599,0.028,0.167,-0.119,0.136,-0.332,0.413,0.597,-0.11,0.099,0.173,-0.422,0.766,-0.352,-0.737,0.65,-0.858,0.546,-0.868,0.02,0.491,-0.012,-0.509,-0.611,0.587,0.409,-0.427,0.224,-0.049,0.412,-0.652,0.495,0.299,-0.254,-0.515,-0.522,0.105,0.296,0.268,0.678,-0.362,-0.328,0.038,0.71,0.579,0.033,-0.808,0.204,-0.039,-0.692,0.392,-0.779,0.474,0.211,-0.248,0.202,0.105,-0.121,0.5,0.353,-0.29,0.437
BCRX,-0.019,-0.365,0.177,0.089,0.4,0.633,0.261,-0.06,0.281,0.05,0.134,-0.013,0.067,0.2,-0.021,0.144,0.409,0.001,0.198,0.084,-0.202,0.0,-0.29,0.417,0.206,0.135,0.274,0.301,0.495,0.174,-0.061,0.298,0.506,-0.075,-0.236,0.287,0.48,0.612,0.462,0.705,-0.077,0.289,-0.25,0.527,0.627,0.506,-0.215,0.006,-0.406,0.173,0.04,0.293,0.371,0.219,-0.083,0.18,0.4,-0.036,-0.078,-0.182,-0.06,-0.181,0.511,0.331,0.302,0.515,0.314,0.318,0.482,-0.426,0.293,0.439,0.277,-0.087,0.311,-0.269,0.555,-0.063,-0.075,0.668,0.015,0.654,0.327,0.097,0.328,0.572,0.446,-0.048,-0.388,0.291,0.409,-0.477,0.684,0.561,-0.188,0.405,0.298,0.488,-0.23,0.543,0.449,0.264,0.09,0.204,-0.209,0.41,-0.093,0.174,-0.113,0.513,0.111,-0.038,-0.176,-0.161,-0.23,0.317,0.46,0.625,0.511,0.045,-0.162,-0.192,0.381,0.122,-0.153,0.446,-0.19,-0.197,0.289,-0.214,0.191,0.438,0.41,0.577,-0.09,-0.301,-0.495,0.055,0.388,-0.028,-0.31,0.155,-0.11,0.768,-0.12,0.025,0.24,-0.197,0.417,0.136,-0.184,0.333,0.404,-0.264,0.241,-0.272,0.475,-0.21,0.449,0.417,0.416,0.464,-0.185,-0.322,0.169,-0.17,-0.335,-0.245,0.59,-0.11,0.184,0.314,0.587,0.389,0.134,0.089,0.257,-0.305,0.106,0.346,0.17,-0.309,-0.218,0.242,0.418,-0.425,0.039,0.571,-0.19,0.584,-0.161,-0.419,0.267,-0.189,0.095,0.407,-0.386,-0.14,0.135,-0.179
BHAT,0.73,0.558,-0.498,0.327,-0.535,0.293,0.214,-0.306,-0.842,0.778,-0.356,0.703,0.613,0.44,0.802,0.813,-0.192,-0.587,0.636,0.785,-0.015,-0.29,0.0,0.392,0.657,0.709,-0.326,-0.308,-0.053,-0.596,0.826,0.409,0.26,0.351,0.608,0.57,-0.73,0.118,0.059,-0.359,0.681,-0.513,0.911,-0.371,0.219,0.296,0.667,0.702,0.478,-0.156,0.358,0.525,-0.143,-0.16,0.674,0.749,0.403,0.607,0.769,0.692,0.773,0.583,-0.253,0.434,0.628,0.283,0.414,-0.543,-0.429,0.66,-0.459,-0.714,0.526,0.79,-0.189,0.49,0.293,-0.78,0.775,-0.531,0.387,-0.583,-0.815,0.643,-0.428,0.262,0.514,0.92,0.73,-0.817,0.44,0.892,-0.566,-0.564,0.782,0.565,-0.151,0.505,0.622,-0.186,0.478,-0.467,0.715,0.087,0.855,-0.613,0.909,0.634,-0.44,0.202,0.161,0.784,0.638,0.748,0.795,0.531,-0.43,0.282,-0.053,0.736,0.655,-0.061,-0.47,0.475,0.764,-0.567,0.276,0.863,0.21,0.661,0.528,-0.489,-0.591,-0.536,0.77,0.462,0.721,-0.128,0.466,0.822,0.745,0.367,0.857,-0.251,0.747,0.488,0.624,0.703,-0.63,0.676,0.485,0.565,-0.254,0.551,-0.049,0.714,-0.259,0.213,0.001,-0.829,-0.351,-0.624,0.27,-0.165,-0.586,0.86,-0.355,0.744,-0.32,0.62,0.699,0.46,0.312,-0.721,-0.059,0.738,0.606,0.412,-0.739,-0.716,0.777,0.556,0.682,0.685,-0.251,0.89,0.478,-0.337,0.848,-0.419,0.743,-0.556,-0.407,0.902,-0.546,-0.749,0.785,0.814,-0.603,0.802
BLBD,0.253,-0.215,-0.219,0.24,0.211,0.668,0.664,-0.425,-0.115,0.463,-0.302,0.431,0.594,0.564,0.488,0.491,0.138,-0.301,0.763,0.625,-0.364,0.417,0.392,0.0,0.296,0.635,0.264,0.212,0.218,-0.033,0.251,0.448,0.745,0.188,0.125,0.487,-0.076,0.597,0.571,0.395,0.348,0.194,0.231,0.454,0.471,0.59,0.285,0.339,-0.109,0.299,0.152,0.385,0.382,0.346,0.166,0.717,0.632,0.471,0.513,0.099,0.461,0.044,0.132,0.627,0.486,0.641,0.483,0.176,0.37,-0.018,-0.111,-0.049,0.692,0.229,0.426,-0.129,0.791,-0.466,0.621,0.324,-0.001,0.394,-0.05,0.395,-0.08,0.783,0.486,0.406,0.18,-0.384,0.457,0.174,0.23,0.178,0.207,0.493,0.388,0.809,-0.071,0.376,0.529,0.069,0.609,0.342,0.293,0.091,0.376,0.711,-0.013,0.781,0.449,0.303,0.154,0.272,0.351,0.536,0.126,0.721,0.606,0.409,0.12,-0.594,-0.034,0.162,0.448,0.271,-0.027,0.213,0.709,0.194,0.703,0.333,0.281,0.209,0.303,-0.204,0.033,0.047,0.776,0.573,0.335,0.081,0.435,0.588,0.22,0.198,0.465,0.082,0.198,0.445,0.021,0.745,0.435,0.043,0.399,0.168,0.398,0.317,0.096,-0.046,0.361,0.203,-0.19,-0.243,-0.275,0.365,-0.491,0.325,0.506,0.275,0.501,0.732,0.579,0.111,0.407,0.421,0.483,-0.21,-0.105,0.092,0.605,-0.024,0.123,0.563,0.431,0.197,0.262,0.408,0.298,0.401,0.255,-0.688,-0.321,0.254,0.046,-0.103,0.013,0.36,0.007,0.288
BMRN,0.808,0.491,-0.239,0.446,-0.473,0.542,0.025,-0.146,-0.741,0.721,-0.209,0.566,0.39,0.312,0.679,0.767,0.025,-0.618,0.474,0.661,0.051,0.206,0.657,0.296,0.0,0.66,-0.297,-0.33,0.306,-0.615,0.817,0.569,0.29,0.199,0.571,0.769,-0.51,0.222,0.11,-0.15,0.644,-0.5,0.763,-0.227,0.516,0.482,0.454,0.699,0.36,-0.263,0.499,0.641,-0.167,-0.223,0.732,0.667,0.401,0.36,0.531,0.692,0.632,0.6,-0.013,0.386,0.815,0.398,0.426,-0.466,-0.225,0.496,-0.22,-0.477,0.399,0.797,-0.202,0.518,0.358,-0.759,0.542,-0.305,0.554,-0.391,-0.693,0.702,-0.294,0.378,0.769,0.809,0.48,-0.554,0.624,0.549,-0.304,-0.378,0.671,0.696,-0.222,0.509,0.581,0.025,0.681,-0.393,0.551,0.074,0.735,-0.506,0.797,0.467,-0.666,0.32,0.04,0.78,0.593,0.637,0.547,0.687,-0.315,0.446,0.05,0.802,0.605,0.013,-0.256,0.604,0.53,-0.491,0.249,0.74,0.154,0.364,0.378,-0.433,-0.537,-0.095,0.715,0.453,0.432,-0.026,0.46,0.66,0.439,0.429,0.704,0.057,0.739,0.562,0.676,0.642,-0.46,0.577,0.509,0.531,-0.251,0.457,-0.124,0.598,-0.21,0.037,0.361,-0.598,-0.237,-0.503,0.307,-0.343,-0.46,0.685,-0.413,0.609,-0.2,0.509,0.744,0.389,0.467,-0.589,-0.19,0.84,0.726,0.35,-0.744,-0.634,0.741,0.48,0.64,0.724,-0.22,0.568,0.485,-0.199,0.721,-0.249,0.692,-0.637,-0.078,0.794,-0.601,-0.564,0.61,0.738,-0.629,0.7
BNGO,0.647,0.311,-0.344,0.235,-0.283,0.674,0.493,-0.366,-0.557,0.744,-0.344,0.759,0.761,0.547,0.685,0.752,0.052,-0.584,0.844,0.903,-0.064,0.135,0.709,0.635,0.66,0.0,-0.116,-0.126,-0.104,-0.473,0.723,0.639,0.475,0.184,0.535,0.58,-0.564,0.175,0.328,0.019,0.659,-0.348,0.723,-0.032,0.325,0.681,0.782,0.737,0.308,-0.084,0.367,0.552,0.052,0.006,0.589,0.906,0.593,0.531,0.689,0.588,0.688,0.486,0.005,0.603,0.765,0.693,0.433,-0.278,-0.008,0.495,-0.359,-0.406,0.561,0.709,0.052,0.304,0.589,-0.799,0.766,-0.181,0.311,-0.174,-0.477,0.712,-0.479,0.49,0.656,0.74,0.663,-0.636,0.484,0.516,-0.217,-0.367,0.655,0.656,0.042,0.739,0.371,0.108,0.614,-0.307,0.914,0.381,0.723,-0.398,0.763,0.709,-0.247,0.595,0.236,0.724,0.517,0.704,0.798,0.721,-0.312,0.511,0.277,0.726,0.523,-0.424,-0.237,0.32,0.785,-0.291,0.238,0.615,0.543,0.417,0.767,-0.187,-0.3,-0.255,0.671,0.243,0.472,-0.178,0.611,0.875,0.803,0.182,0.871,0.212,0.685,0.547,0.622,0.431,-0.218,0.666,0.442,0.795,0.049,0.46,0.027,0.592,-0.03,0.226,0.179,-0.474,-0.055,-0.369,-0.045,-0.335,-0.633,0.757,-0.5,0.679,0.101,0.659,0.757,0.762,0.569,-0.407,0.327,0.793,0.766,0.185,-0.569,-0.404,0.903,0.309,0.54,0.771,0.007,0.621,0.338,0.039,0.742,-0.084,0.717,-0.788,-0.578,0.718,-0.232,-0.424,0.595,0.744,-0.433,0.713
BUSE,-0.256,-0.478,0.178,-0.359,0.498,0.27,0.268,-0.046,0.477,-0.223,0.391,0.065,-0.222,0.009,-0.201,-0.416,-0.074,0.352,-0.14,-0.18,-0.155,0.274,-0.326,0.264,-0.297,-0.116,0.0,0.467,0.038,0.509,-0.314,0.089,0.079,0.117,-0.194,-0.192,0.446,0.159,0.322,0.339,-0.329,0.798,-0.325,0.519,-0.09,0.021,-0.091,-0.367,-0.09,0.322,0.339,-0.491,0.406,0.521,-0.458,-0.167,-0.111,0.101,-0.168,-0.351,-0.143,-0.341,0.004,-0.033,-0.327,-0.047,0.007,0.518,0.378,-0.224,-0.018,0.622,0.048,-0.416,0.821,-0.394,0.182,0.435,-0.072,0.442,-0.245,0.356,0.497,-0.351,0.106,0.191,-0.304,-0.358,-0.262,0.308,-0.383,-0.368,0.502,0.304,-0.475,-0.192,0.612,-0.002,-0.464,0.335,0.048,0.661,-0.148,0.296,-0.394,0.379,-0.269,0.054,0.614,0.289,0.545,-0.344,-0.437,-0.263,-0.333,-0.213,0.512,0.029,0.33,-0.393,-0.206,-0.337,0.073,-0.276,-0.057,0.611,-0.204,-0.41,0.286,-0.02,-0.041,0.664,0.596,0.398,-0.383,-0.248,-0.147,0.742,0.186,-0.18,-0.222,-0.186,-0.294,0.428,-0.298,-0.341,-0.289,-0.089,0.434,-0.076,-0.318,0.047,0.437,-0.079,0.367,-0.322,0.344,0.572,0.145,0.505,0.817,0.464,-0.141,0.525,0.419,-0.167,0.261,-0.243,0.514,-0.01,-0.329,0.029,0.13,0.597,0.237,-0.225,-0.012,-0.042,0.567,0.671,-0.258,-0.369,-0.287,-0.063,0.425,-0.294,-0.273,0.423,-0.356,0.408,-0.351,0.201,-0.124,-0.437,0.474,0.495,-0.381,-0.312,0.729,-0.382
CAKE,-0.478,-0.764,-0.261,-0.41,0.862,0.232,0.703,-0.578,0.561,-0.048,0.366,-0.155,-0.104,0.5,-0.034,-0.319,-0.262,0.487,0.033,-0.069,-0.641,0.301,-0.308,0.212,-0.33,-0.126,0.467,0.0,0.157,0.841,-0.47,-0.314,0.507,0.341,-0.674,-0.346,0.643,0.482,0.75,0.468,-0.587,0.746,-0.395,0.767,0.079,0.049,-0.231,-0.615,-0.598,0.79,-0.035,-0.203,0.921,0.844,-0.754,-0.147,0.399,0.3,-0.051,-0.68,-0.248,-0.822,-0.311,0.441,-0.415,0.021,0.483,0.532,0.412,-0.586,-0.254,0.529,0.454,-0.616,0.628,-0.859,0.538,0.337,-0.083,0.685,-0.709,0.465,0.401,-0.605,0.396,0.214,-0.316,-0.41,-0.452,0.154,-0.253,-0.465,0.781,0.696,-0.613,0.023,0.878,0.223,-0.722,0.649,-0.192,0.841,-0.046,0.375,-0.589,0.775,-0.312,0.283,0.465,0.408,0.677,-0.589,-0.582,-0.49,-0.394,-0.326,0.699,0.289,0.631,-0.601,-0.549,-0.366,-0.145,-0.548,-0.138,0.794,-0.742,-0.412,0.432,0.012,-0.003,0.77,0.726,0.148,-0.578,-0.745,-0.444,0.178,0.422,-0.216,-0.237,-0.055,-0.297,0.388,-0.522,-0.661,-0.107,-0.164,0.231,0.225,-0.801,0.229,0.866,-0.571,0.715,-0.585,0.801,0.075,-0.236,0.447,0.673,0.703,-0.564,0.031,0.603,-0.315,0.185,-0.499,0.767,-0.365,-0.512,0.154,0.403,0.724,0.179,-0.454,-0.333,-0.428,0.725,0.739,-0.268,-0.694,-0.622,-0.081,0.844,-0.417,-0.082,0.804,-0.558,0.751,-0.6,0.138,0.102,-0.479,0.287,0.588,-0.595,-0.553,0.687,-0.596
CASY,0.067,-0.209,-0.031,0.217,0.244,0.282,0.042,-0.066,-0.015,0.135,0.041,-0.208,-0.158,0.172,0.139,0.203,0.059,0.056,-0.084,-0.041,-0.307,0.495,-0.053,0.218,0.306,-0.104,0.038,0.157,0.0,0.129,-0.048,0.06,0.418,0.076,-0.222,0.332,0.337,0.662,0.366,0.395,-0.086,0.178,-0.104,0.268,0.669,0.099,-0.479,-0.071,-0.375,0.224,0.073,0.365,0.264,0.138,-0.014,0.011,0.298,0.12,0.023,-0.16,-0.077,-0.159,0.173,0.29,0.183,0.074,0.428,-0.003,0.226,-0.35,0.08,0.095,0.303,-0.054,0.116,-0.162,0.349,-0.072,-0.086,0.401,0.055,0.358,0.009,0.009,0.429,0.429,0.468,0.094,-0.395,0.054,0.493,-0.129,0.361,0.491,-0.083,0.305,0.167,0.254,-0.018,0.319,0.245,0.11,-0.147,-0.328,-0.124,0.261,0.021,0.184,-0.369,0.286,0.085,-0.02,-0.055,-0.195,-0.315,0.154,0.407,0.516,0.314,0.08,-0.116,0.229,0.088,0.217,-0.238,0.254,-0.273,0.013,-0.014,-0.073,-0.013,0.218,0.131,0.531,-0.046,-0.218,-0.389,0.115,0.358,-0.116,-0.459,0.442,-0.132,0.465,-0.113,-0.085,0.233,0.073,0.032,0.119,-0.223,0.157,0.146,-0.345,0.285,-0.241,0.339,-0.158,0.278,0.039,0.167,0.28,0.091,-0.322,0.341,-0.135,-0.07,-0.242,0.185,-0.272,0.098,-0.003,0.34,0.143,-0.36,0.022,0.023,-0.199,-0.034,0.039,0.025,-0.211,-0.139,0.105,0.318,-0.27,0.185,0.321,-0.154,0.346,-0.189,-0.162,0.566,-0.007,-0.226,0.044,-0.281,-0.105,-0.036,-0.158
CCOI,-0.778,-0.876,-0.008,-0.542,0.912,-0.098,0.454,-0.295,0.75,-0.42,0.368,-0.526,-0.421,0.235,-0.347,-0.666,-0.268,0.703,-0.344,-0.433,-0.655,0.174,-0.596,-0.033,-0.615,-0.473,0.509,0.841,0.129,0.0,-0.794,-0.54,0.28,0.264,-0.86,-0.608,0.828,0.274,0.551,0.462,-0.863,0.829,-0.681,0.733,-0.077,-0.306,-0.53,-0.864,-0.693,0.797,-0.151,-0.418,0.77,0.692,-0.964,-0.508,0.107,-0.063,-0.349,-0.911,-0.55,-0.947,-0.338,0.115,-0.75,-0.309,0.223,0.56,0.373,-0.797,-0.091,0.665,0.173,-0.883,0.572,-0.936,0.236,0.606,-0.447,0.724,-0.858,0.517,0.57,-0.876,0.509,0.049,-0.539,-0.726,-0.713,0.363,-0.435,-0.667,0.799,0.784,-0.883,-0.322,0.765,-0.192,-0.883,0.539,-0.457,0.882,-0.422,0.202,-0.867,0.874,-0.655,-0.044,0.565,0.191,0.48,-0.886,-0.798,-0.798,-0.675,-0.645,0.768,0.025,0.562,-0.864,-0.776,-0.225,-0.125,-0.732,-0.463,0.879,-0.79,-0.713,0.21,-0.207,-0.334,0.819,0.794,0.263,-0.874,-0.85,-0.646,0.184,0.108,-0.585,-0.552,-0.181,-0.665,0.307,-0.818,-0.874,-0.412,-0.438,0.293,-0.11,-0.935,-0.132,0.766,-0.749,0.692,-0.842,0.776,0.013,-0.399,0.592,0.684,0.857,-0.562,0.091,0.802,-0.664,0.423,-0.782,0.687,-0.678,-0.815,-0.186,0.1,0.893,0.017,-0.794,-0.648,-0.618,0.904,0.842,-0.633,-0.863,-0.87,-0.484,0.783,-0.639,-0.309,0.726,-0.858,0.785,-0.884,0.406,0.311,-0.781,0.397,0.675,-0.847,-0.841,0.79,-0.881
