,AAPL,ACRS,ADP,AFYA,AGNC,AGYS,ALT,AMGN,AMPH,AMZN,ANIP,AOSL,APDN,APLT,APVO,ARGX,ARLP,ATEX,ATRA,AUTL,AVDL,BCRX,BHAT,BLBD,BMRN,BNGO,BUSE,CAKE,CASY,CCOI,CEVA,CHY,CLDX,CLMT,COHU,COLM,COST,CPRT,CSWC,CSX,DBX,DCOM,DKNG,DMLP,DOX,EA,EDIT,ENPH,ENSG,ERNA,ESGR,ETNB,EXTR,FANG,FARO,FATE,FGEN,FIVE,FIVN,FLGT,FOLD,FORM,FOXA,FRPT,FSLR,FTAI,GBDC,GDYN,GGAL,GNLN,GRFS,GT,HCAT,HCM,HFWA,HOLX,HQY,HUBG,IAC,ICLR,IDCC,IEP,IHRT,ILMN,ILPT,IMAB,IMOS,INMD,INTZ,JAZZ,JKHY,JRVR,KIDS,LBRDK,LGND,LMAT,LPLA,LULU,MASI,MAT,MATW,MBIN,MBIO,MCRB,MDB,MDLZ,MELI,MIRM,MLKN,MNMD,MNRO,MPWR,MRCY,MRSN,MTVA,NAAS,NDAQ,NDSN,NEGG,NOVT,NVDA,NWE,NWSA,NXST,OCX,ODFL,OMAB,OPCH,OPRA,ORGO,OTRK,OZK,PAGP,PCH,PEGA,PENG,PENN,PFBC,PGNY,PHAT,PHUN,PINC,PLUG,PLXS,PYPL,QLYS,QNCX,QQQX,QVCGA,RAPT,RBBN,RCKT,REPL,RMBS,ROAD,ROKU,ROP,RUSHA,SANM,SATS,SBCF,SBLK,SBUX,SCHL,SCSC,SDGR,SEIC,SFIX,SGRY,SKYW,SLP,SNES,STAA,STLD,STOK,SWKS,TER,TFIN,TIGO,TILE,TPIC,TTEC,TTEK,TTGT,UXIN,VERU,VLYPP,VNOM,VRNS,VRSN,WDAY,WERN,WINA,WKHS,WRLD,XP,XTKG,YY,ZION,ZM
AAPL,0.0,-0.423,0.256,-0.631,0.594,-0.37,0.755,-0.462,-0.647,-0.443,-0.535,0.104,0.015,-0.227,-0.707,0.482,0.51,-0.502,0.118,0.262,0.18,-0.459,-0.651,-0.528,-0.535,-0.529,-0.005,-0.359,0.568,-0.695,-0.475,0.271,0.272,-0.26,-0.669,0.207,0.753,-0.576,0.444,0.662,-0.379,0.044,0.554,-0.266,0.546,0.02,0.607,-0.525,-0.381,-0.469,-0.547,0.527,-0.384,-0.397,-0.615,-0.458,-0.609,0.729,-0.604,-0.112,0.649,-0.426,0.474,-0.639,0.647,-0.276,-0.271,0.482,0.571,-0.696,-0.661,-0.166,-0.615,-0.603,0.522,0.723,-0.715,0.597,-0.522,0.169,0.449,-0.347,-0.292,0.186,-0.039,-0.511,0.311,0.044,0.159,-0.624,0.636,0.536,-0.121,0.75,-0.208,-0.061,0.316,-0.063,0.211,-0.074,0.335,-0.274,-0.217,-0.6,0.482,0.168,0.497,0.035,-0.289,-0.445,-0.386,0.573,-0.665,0.269,0.199,-0.69,0.814,0.674,-0.419,0.57,0.457,0.563,-0.574,-0.32,-0.636,0.829,0.008,0.533,-0.503,-0.113,-0.524,0.352,-0.242,-0.403,0.248,-0.568,0.07,0.377,-0.453,-0.14,-0.653,0.311,-0.525,-0.205,-0.13,0.685,0.47,0.142,-0.572,-0.07,-0.305,-0.654,-0.48,-0.113,0.085,-0.664,-0.402,-0.413,-0.183,0.429,0.383,0.742,-0.578,-0.212,0.484,-0.648,0.274,-0.656,-0.559,0.421,-0.429,0.359,0.113,0.677,-0.558,-0.438,-0.6,0.42,-0.585,-0.547,-0.097,0.336,0.617,0.06,-0.581,0.56,0.113,0.085,-0.189,-0.453,0.361,0.666,-0.314,-0.682,-0.081,0.294,0.455,-0.427,0.558,-0.614
ACRS,-0.423,0.0,-0.153,0.703,-0.082,0.789,-0.499,0.513,0.685,0.737,0.757,0.498,0.023,0.462,0.618,-0.005,0.092,0.478,0.432,0.227,0.499,0.75,0.814,0.63,0.655,0.832,0.404,0.762,-0.283,0.658,0.591,0.158,0.002,0.773,0.721,0.284,-0.705,0.722,-0.065,-0.543,0.595,0.28,-0.094,0.558,-0.335,0.155,-0.449,0.752,0.745,0.741,0.455,-0.326,0.743,0.823,0.822,0.192,0.596,-0.527,0.696,0.299,-0.396,0.536,-0.178,0.78,-0.431,0.538,0.531,-0.465,-0.053,0.719,0.557,0.406,0.732,0.546,-0.227,-0.523,0.808,-0.299,0.677,-0.124,-0.205,0.371,0.428,-0.079,0.074,0.685,-0.104,0.247,0.2,0.736,-0.434,-0.415,0.085,-0.635,0.715,0.091,0.181,0.552,-0.222,0.576,0.3,0.515,0.507,0.729,0.037,-0.282,-0.322,0.315,0.882,0.683,0.71,-0.242,0.702,0.169,-0.115,0.79,-0.159,-0.177,0.611,-0.446,0.07,-0.669,0.686,0.611,0.733,-0.483,0.416,-0.154,0.64,0.682,0.529,-0.006,0.721,0.88,-0.093,0.621,0.561,-0.015,0.677,0.554,0.787,-0.403,0.587,0.677,0.632,-0.444,-0.388,0.435,0.768,0.298,0.686,0.737,0.625,0.247,0.284,0.737,0.499,0.802,0.608,-0.213,-0.018,-0.423,0.679,0.479,-0.142,0.758,0.33,0.746,0.73,0.144,0.771,-0.056,-0.289,-0.274,0.772,0.795,0.694,-0.245,0.71,0.846,0.531,0.205,-0.157,0.171,0.76,0.199,-0.061,0.471,0.775,0.604,0.335,-0.262,0.331,0.763,0.19,-0.129,-0.036,0.782,-0.097,0.626
ADP,0.256,-0.153,0.0,0.185,0.079,0.384,0.016,-0.27,0.008,-0.183,-0.03,0.312,0.61,-0.405,-0.369,-0.235,0.214,0.287,-0.472,0.129,0.021,0.098,-0.182,0.29,-0.381,0.121,0.324,-0.3,-0.321,-0.013,0.089,0.391,-0.317,-0.167,-0.026,0.479,0.271,-0.042,0.587,0.262,0.514,0.443,-0.011,-0.122,-0.201,-0.658,0.368,0.102,0.309,0.253,0.494,0.543,0.338,0.242,0.007,0.469,0.104,0.215,0.054,0.386,0.282,0.052,0.305,-0.285,0.591,0.029,0.419,0.177,-0.096,-0.223,-0.487,0.606,-0.127,0.241,0.62,0.343,0.027,-0.295,-0.614,-0.443,0.611,0.571,-0.429,0.684,-0.21,0.097,0.498,-0.63,0.013,-0.215,0.232,0.415,0.33,0.177,-0.44,0.425,0.23,0.426,-0.543,0.517,0.048,-0.156,-0.233,0.111,-0.071,-0.161,0.399,-0.262,-0.164,0.351,0.014,-0.073,-0.282,0.365,0.56,-0.117,0.44,-0.412,0.22,0.099,-0.202,-0.101,0.219,0.201,-0.033,0.101,-0.071,-0.31,-0.181,0.028,0.406,0.595,0.223,-0.012,-0.575,0.191,-0.054,0.004,-0.468,0.163,0.042,-0.423,0.164,-0.422,-0.092,0.203,0.498,-0.249,-0.132,0.426,0.483,-0.121,-0.097,0.539,0.168,-0.255,-0.159,-0.019,0.392,0.639,0.507,-0.227,-0.227,0.031,-0.196,-0.086,0.47,-0.309,-0.302,-0.1,0.266,-0.371,0.451,0.304,-0.369,-0.03,0.011,0.532,0.064,-0.277,0.47,0.142,0.633,0.546,-0.147,-0.105,-0.205,0.429,-0.514,-0.439,-0.437,-0.294,-0.176,-0.248,-0.534,0.605,0.42,-0.453,0.354,0.116
AFYA,-0.631,0.703,0.185,0.0,-0.56,0.813,-0.836,0.517,0.888,0.689,0.855,0.184,0.324,0.389,0.652,-0.441,-0.314,0.644,-0.09,-0.042,0.077,0.805,0.869,0.802,0.587,0.836,0.211,0.47,-0.792,0.837,0.783,0.011,-0.325,0.648,0.899,0.226,-0.778,0.905,-0.07,-0.787,0.713,0.229,-0.522,0.328,-0.605,-0.164,-0.634,0.899,0.839,0.847,0.801,-0.282,0.759,0.837,0.866,0.565,0.859,-0.787,0.932,0.599,-0.622,0.699,-0.433,0.762,-0.433,0.254,0.68,-0.631,-0.518,0.837,0.59,0.444,0.845,0.849,-0.368,-0.598,0.938,-0.695,0.537,-0.266,-0.282,0.691,0.427,0.25,-0.145,0.854,-0.097,-0.106,0.021,0.769,-0.462,-0.548,0.315,-0.722,0.323,0.29,-0.233,0.642,-0.324,0.588,-0.22,0.251,0.219,0.881,-0.302,-0.371,-0.478,0.168,0.597,0.809,0.786,-0.493,0.691,-0.092,0.057,0.874,-0.295,-0.613,0.625,-0.764,-0.291,-0.853,0.913,0.58,0.811,-0.773,0.268,-0.614,0.757,0.327,0.841,-0.135,0.624,0.753,-0.512,0.873,0.119,-0.491,0.629,0.487,0.849,-0.747,0.655,0.361,0.413,-0.656,-0.481,-0.037,0.849,0.343,0.696,0.86,0.786,0.593,0.018,0.791,0.677,0.65,0.611,-0.218,-0.266,-0.842,0.707,0.444,-0.557,0.906,0.135,0.759,0.697,-0.321,0.851,-0.512,-0.029,-0.587,0.646,0.793,0.904,-0.393,0.89,0.709,0.466,-0.094,-0.301,0.28,0.743,-0.319,-0.044,0.245,0.389,0.506,-0.224,-0.699,0.263,0.8,-0.05,-0.035,-0.195,0.522,-0.417,0.93
AGNC,0.594,-0.082,0.079,-0.56,0.0,-0.143,0.722,-0.412,-0.62,-0.206,-0.516,0.415,-0.131,-0.395,-0.55,0.49,0.857,-0.267,0.375,0.388,0.279,-0.318,-0.487,-0.276,-0.252,-0.237,0.421,0.104,0.671,-0.6,-0.578,0.479,0.242,-0.201,-0.591,0.253,0.494,-0.592,0.417,0.716,-0.032,0.274,0.803,0.149,0.399,-0.003,0.72,-0.532,-0.329,-0.265,-0.355,0.429,-0.151,-0.156,-0.368,-0.218,-0.617,0.763,-0.574,-0.376,0.695,-0.485,0.8,-0.474,0.466,0.397,-0.047,0.517,0.759,-0.603,-0.612,0.269,-0.541,-0.483,0.681,0.46,-0.502,0.446,-0.454,-0.185,0.599,-0.225,-0.422,0.101,0.011,-0.432,0.28,-0.073,0.494,-0.531,0.112,0.665,-0.239,0.452,0.15,-0.06,0.817,-0.143,-0.205,0.072,0.709,0.262,0.196,-0.424,0.519,0.02,0.728,-0.248,0.025,-0.227,-0.453,0.291,-0.431,0.557,0.211,-0.487,0.507,0.392,0.026,0.657,0.321,0.481,-0.45,0.044,-0.425,0.641,0.044,0.54,-0.485,0.249,-0.367,0.668,0.079,-0.097,0.329,-0.524,0.517,0.766,-0.53,-0.055,-0.35,0.363,-0.101,-0.095,0.137,0.686,0.679,0.493,-0.515,0.193,0.052,-0.519,-0.564,-0.346,0.486,-0.537,-0.636,-0.11,0.102,0.541,0.787,0.683,-0.404,-0.144,0.665,-0.548,0.519,-0.531,-0.464,0.813,-0.218,0.423,0.148,0.833,-0.367,-0.3,-0.607,0.666,-0.472,-0.34,0.234,0.484,0.663,0.233,-0.425,0.599,-0.305,0.48,0.038,-0.507,0.395,0.498,-0.236,-0.456,-0.297,0.359,0.539,-0.173,0.84,-0.6
AGYS,-0.37,0.789,0.384,0.813,-0.143,0.0,-0.559,0.367,0.673,0.591,0.747,0.506,0.325,0.223,0.458,-0.295,0.123,0.6,0.0,0.19,0.359,0.797,0.691,0.796,0.397,0.836,0.546,0.557,-0.583,0.64,0.633,0.294,-0.243,0.598,0.698,0.448,-0.563,0.694,0.149,-0.442,0.856,0.533,-0.212,0.463,-0.429,-0.253,-0.288,0.742,0.875,0.8,0.793,-0.066,0.808,0.886,0.792,0.519,0.701,-0.479,0.751,0.566,-0.296,0.532,-0.022,0.603,-0.157,0.479,0.768,-0.388,-0.248,0.612,0.309,0.693,0.67,0.694,0.057,-0.392,0.823,-0.533,0.309,-0.422,0.041,0.725,0.244,0.343,0.01,0.715,0.135,-0.189,0.167,0.592,-0.316,-0.191,0.306,-0.543,0.347,0.322,0.214,0.716,-0.526,0.749,0.227,0.414,0.315,0.8,-0.108,-0.355,-0.137,0.041,0.682,0.868,0.671,-0.362,0.545,0.362,0.17,0.688,-0.013,-0.492,0.694,-0.448,-0.151,-0.677,0.842,0.706,0.707,-0.516,0.312,-0.439,0.538,0.532,0.789,0.269,0.785,0.8,-0.471,0.716,0.403,-0.124,0.376,0.576,0.761,-0.687,0.599,0.351,0.533,-0.449,-0.177,0.146,0.677,0.495,0.867,0.662,0.587,0.548,0.281,0.586,0.439,0.728,0.776,0.068,0.179,-0.605,0.57,0.493,-0.369,0.711,0.462,0.557,0.536,-0.031,0.874,-0.397,0.029,-0.215,0.537,0.718,0.7,-0.016,0.762,0.635,0.677,0.28,0.121,0.483,0.599,-0.025,-0.16,0.574,0.396,0.311,-0.071,-0.505,0.181,0.621,-0.191,0.158,0.159,0.415,0.01,0.728
ALT,0.755,-0.499,0.016,-0.836,0.722,-0.559,0.0,-0.762,-0.897,-0.626,-0.83,0.209,-0.033,-0.335,-0.728,0.699,0.488,-0.537,0.217,0.358,0.267,-0.631,-0.833,-0.785,-0.551,-0.623,0.097,-0.471,0.809,-0.868,-0.661,0.426,0.539,-0.39,-0.855,0.131,0.886,-0.799,0.445,0.853,-0.486,0.105,0.812,-0.364,0.459,-0.05,0.861,-0.732,-0.722,-0.692,-0.754,0.574,-0.501,-0.598,-0.838,-0.562,-0.782,0.945,-0.849,-0.335,0.876,-0.508,0.63,-0.83,0.7,-0.188,-0.586,0.747,0.824,-0.91,-0.713,-0.264,-0.84,-0.832,0.629,0.799,-0.862,0.562,-0.62,0.269,0.618,-0.643,-0.479,-0.182,-0.072,-0.791,0.484,0.213,0.074,-0.869,0.343,0.727,-0.145,0.882,-0.265,-0.185,0.485,-0.242,0.273,-0.234,0.382,-0.32,-0.147,-0.838,0.637,0.017,0.753,-0.051,-0.452,-0.729,-0.671,0.739,-0.85,0.35,0.204,-0.789,0.591,0.659,-0.411,0.849,0.581,0.704,-0.839,-0.34,-0.813,0.947,-0.335,0.796,-0.664,-0.01,-0.807,0.451,-0.523,-0.607,0.496,-0.699,0.226,0.685,-0.639,-0.177,-0.697,0.687,-0.533,-0.338,-0.218,0.882,0.697,0.25,-0.83,-0.05,-0.393,-0.883,-0.682,-0.295,0.107,-0.871,-0.791,-0.635,-0.406,0.568,0.53,0.9,-0.848,-0.228,0.754,-0.851,0.245,-0.858,-0.81,0.559,-0.625,0.671,0.137,0.765,-0.722,-0.67,-0.857,0.645,-0.876,-0.697,-0.063,0.281,0.629,0.032,-0.647,0.667,-0.034,0.103,-0.302,-0.578,0.462,0.704,-0.344,-0.862,-0.028,0.424,0.361,-0.376,0.744,-0.85
AMGN,-0.462,0.513,-0.27,0.517,-0.412,0.367,-0.762,0.0,0.734,0.621,0.717,-0.299,-0.343,0.309,0.559,-0.567,-0.2,0.199,0.027,-0.463,-0.147,0.414,0.698,0.667,0.494,0.377,-0.262,0.677,-0.387,0.647,0.314,-0.655,-0.513,0.366,0.603,-0.232,-0.814,0.569,-0.547,-0.618,0.172,-0.313,-0.687,0.58,-0.031,0.428,-0.863,0.473,0.561,0.536,0.425,-0.753,0.245,0.443,0.716,0.188,0.451,-0.798,0.573,-0.012,-0.868,0.139,-0.55,0.812,-0.797,0.22,0.467,-0.81,-0.625,0.811,0.663,0.106,0.696,0.561,-0.658,-0.783,0.615,-0.013,0.69,-0.198,-0.733,0.384,0.621,0.112,0.237,0.606,-0.712,-0.137,0.115,0.894,-0.059,-0.779,-0.233,-0.824,0.476,-0.079,-0.41,-0.056,-0.218,-0.023,-0.088,0.498,0.135,0.656,-0.6,0.441,-0.807,0.126,0.626,0.544,0.568,-0.727,0.895,-0.351,-0.517,0.577,-0.481,-0.24,0.186,-0.687,-0.525,-0.414,0.582,0.092,0.632,-0.737,0.673,-0.582,0.428,-0.016,0.557,-0.565,0.617,0.656,-0.238,0.3,-0.177,-0.525,0.682,-0.055,0.418,-0.466,0.286,0.461,0.197,-0.774,-0.748,-0.021,0.775,-0.208,0.121,0.761,0.499,-0.153,0.047,0.825,0.775,0.738,0.257,-0.733,-0.51,-0.533,0.879,-0.0,-0.56,0.633,-0.327,0.876,0.91,-0.306,0.359,-0.542,-0.438,-0.519,0.82,0.577,0.6,-0.745,0.765,0.756,-0.233,-0.223,-0.644,-0.374,0.455,-0.437,0.17,-0.116,0.523,0.592,-0.212,-0.253,0.351,0.816,0.234,-0.762,-0.208,0.354,-0.679,0.519
AMPH,-0.647,0.685,0.008,0.888,-0.62,0.673,-0.897,0.734,0.0,0.68,0.92,0.045,0.132,0.483,0.691,-0.433,-0.39,0.61,0.033,-0.15,0.049,0.706,0.904,0.796,0.609,0.753,-0.013,0.503,-0.732,0.918,0.769,-0.244,-0.387,0.65,0.927,0.104,-0.876,0.903,-0.234,-0.835,0.557,-0.009,-0.686,0.373,-0.534,0.05,-0.81,0.897,0.833,0.842,0.7,-0.447,0.693,0.756,0.907,0.436,0.827,-0.875,0.899,0.415,-0.788,0.665,-0.624,0.871,-0.572,0.23,0.61,-0.705,-0.617,0.915,0.709,0.307,0.907,0.855,-0.532,-0.665,0.908,-0.481,0.669,-0.181,-0.489,0.593,0.526,0.154,-0.056,0.909,-0.313,-0.051,-0.057,0.92,-0.371,-0.717,0.198,-0.816,0.423,0.239,-0.41,0.451,-0.222,0.444,-0.23,0.265,0.216,0.876,-0.471,-0.134,-0.703,0.322,0.655,0.759,0.818,-0.555,0.836,-0.302,-0.061,0.874,-0.394,-0.486,0.434,-0.838,-0.356,-0.814,0.856,0.457,0.816,-0.842,0.428,-0.629,0.714,0.227,0.794,-0.376,0.62,0.738,-0.44,0.813,-0.04,-0.576,0.749,0.394,0.813,-0.664,0.631,0.518,0.29,-0.771,-0.643,0.017,0.924,0.167,0.537,0.931,0.789,0.405,-0.038,0.888,0.803,0.729,0.518,-0.411,-0.435,-0.807,0.818,0.339,-0.638,0.912,-0.039,0.903,0.861,-0.386,0.758,-0.533,-0.235,-0.664,0.807,0.792,0.925,-0.573,0.907,0.818,0.256,-0.241,-0.488,-0.004,0.813,-0.395,0.107,0.149,0.416,0.664,-0.2,-0.59,0.425,0.886,0.176,-0.328,-0.315,0.551,-0.609,0.875
AMZN,-0.443,0.737,-0.183,0.689,-0.206,0.591,-0.626,0.621,0.68,0.0,0.743,0.065,-0.03,0.479,0.665,-0.285,-0.087,0.427,0.306,-0.115,0.065,0.675,0.805,0.648,0.774,0.714,0.183,0.754,-0.428,0.655,0.419,-0.065,-0.128,0.607,0.722,0.023,-0.77,0.719,-0.184,-0.682,0.474,0.139,-0.281,0.624,-0.256,0.176,-0.597,0.638,0.607,0.631,0.525,-0.456,0.556,0.722,0.798,0.288,0.604,-0.663,0.732,0.344,-0.583,0.416,-0.237,0.826,-0.61,0.427,0.557,-0.633,-0.24,0.776,0.718,0.286,0.733,0.605,-0.46,-0.676,0.754,-0.372,0.708,-0.327,-0.402,0.431,0.493,0.035,0.05,0.667,-0.383,0.068,0.348,0.746,-0.425,-0.532,-0.001,-0.711,0.745,0.159,-0.097,0.363,-0.182,0.328,-0.012,0.625,0.4,0.771,-0.12,-0.156,-0.44,0.126,0.736,0.594,0.671,-0.505,0.698,-0.031,-0.22,0.746,-0.338,-0.32,0.613,-0.657,-0.112,-0.516,0.69,0.479,0.733,-0.633,0.338,-0.319,0.716,0.369,0.563,-0.165,0.643,0.754,0.019,0.568,0.283,-0.205,0.646,0.419,0.662,-0.513,0.561,0.499,0.742,-0.579,-0.514,0.263,0.762,0.205,0.481,0.819,0.678,0.22,0.051,0.83,0.659,0.69,0.423,-0.391,-0.234,-0.51,0.787,0.409,-0.364,0.788,0.1,0.764,0.731,-0.021,0.647,-0.256,-0.186,-0.483,0.754,0.915,0.692,-0.489,0.726,0.764,0.258,-0.022,-0.422,0.109,0.553,-0.131,-0.192,0.132,0.667,0.621,0.08,-0.342,0.246,0.799,0.106,-0.256,-0.215,0.66,-0.322,0.695
ANIP,-0.535,0.757,-0.03,0.855,-0.516,0.747,-0.83,0.717,0.92,0.743,0.0,0.086,0.127,0.607,0.744,-0.365,-0.271,0.523,0.118,-0.05,0.118,0.782,0.908,0.758,0.642,0.786,0.099,0.603,-0.697,0.859,0.805,-0.151,-0.277,0.71,0.916,0.144,-0.839,0.914,-0.204,-0.83,0.563,0.137,-0.576,0.432,-0.448,0.079,-0.759,0.872,0.87,0.794,0.674,-0.416,0.667,0.818,0.911,0.393,0.843,-0.848,0.91,0.52,-0.707,0.674,-0.504,0.884,-0.554,0.256,0.649,-0.653,-0.522,0.915,0.706,0.29,0.916,0.804,-0.499,-0.65,0.902,-0.421,0.702,-0.166,-0.486,0.564,0.603,0.141,0.042,0.897,-0.282,0.034,0.051,0.888,-0.332,-0.657,0.253,-0.726,0.517,0.24,-0.302,0.523,-0.154,0.463,-0.086,0.342,0.324,0.908,-0.342,-0.196,-0.656,0.341,0.727,0.776,0.88,-0.47,0.811,-0.11,-0.085,0.847,-0.304,-0.368,0.466,-0.812,-0.214,-0.706,0.885,0.559,0.801,-0.759,0.432,-0.523,0.75,0.251,0.76,-0.3,0.679,0.792,-0.326,0.792,0.099,-0.509,0.77,0.495,0.781,-0.68,0.542,0.621,0.465,-0.804,-0.686,0.06,0.93,0.235,0.527,0.922,0.843,0.453,-0.075,0.884,0.839,0.76,0.581,-0.419,-0.398,-0.696,0.839,0.463,-0.564,0.921,0.022,0.881,0.865,-0.271,0.792,-0.467,-0.194,-0.655,0.835,0.834,0.928,-0.563,0.914,0.841,0.275,-0.018,-0.4,0.1,0.781,-0.277,0.122,0.153,0.538,0.682,-0.073,-0.444,0.379,0.876,0.158,-0.306,-0.236,0.577,-0.515,0.872
AOSL,0.104,0.498,0.312,0.184,0.415,0.506,0.209,-0.299,0.045,0.065,0.086,0.0,0.337,-0.035,-0.039,0.434,0.446,0.366,0.298,0.672,0.705,0.293,0.123,0.188,0.03,0.443,0.65,0.169,0.089,0.058,0.254,0.715,0.217,0.367,0.136,0.657,0.056,0.119,0.509,0.196,0.498,0.568,0.487,0.167,-0.29,-0.247,0.389,0.301,0.328,0.35,0.146,0.414,0.559,0.447,0.206,0.08,0.085,0.293,0.079,0.21,0.397,0.324,0.393,-0.015,0.411,0.464,0.244,0.256,0.493,-0.077,-0.213,0.534,0.052,0.084,0.579,0.258,0.207,-0.152,-0.116,0.005,0.588,0.119,-0.227,0.025,-0.246,0.173,0.569,0.103,0.16,-0.052,-0.228,0.337,0.216,0.1,0.227,0.162,0.631,0.568,-0.287,0.704,0.53,0.083,0.278,0.151,0.405,-0.499,0.455,0.185,0.4,0.308,0.157,0.311,-0.068,0.5,0.422,0.197,0.407,0.012,0.366,0.302,0.369,-0.309,0.163,0.508,0.134,0.215,0.035,0.26,0.105,0.654,0.127,0.632,0.327,0.366,-0.048,0.296,0.669,0.525,-0.048,0.455,0.389,-0.038,0.353,0.241,0.299,0.285,0.419,0.502,0.038,0.574,0.662,-0.01,0.038,0.331,0.439,-0.081,-0.27,0.276,0.511,0.585,0.625,0.064,-0.119,0.325,0.354,0.083,0.74,-0.061,-0.067,0.492,0.427,0.293,0.047,0.415,0.007,0.215,0.1,0.572,0.061,0.174,0.783,0.414,0.613,0.465,0.322,0.576,-0.215,0.775,0.2,-0.045,0.394,-0.001,0.155,-0.001,-0.133,0.549,0.394,0.321,0.627,0.048
APDN,0.015,0.023,0.61,0.324,-0.131,0.325,-0.033,-0.343,0.132,-0.03,0.127,0.337,0.0,0.11,-0.034,0.091,-0.159,0.412,-0.224,0.346,0.067,0.367,0.017,0.102,0.043,0.355,0.354,-0.373,-0.396,0.194,0.414,0.543,0.114,0.112,0.221,0.568,0.136,0.248,0.726,-0.084,0.482,0.562,0.085,-0.403,-0.564,-0.701,0.262,0.327,0.29,0.353,0.404,0.597,0.448,0.386,0.065,0.484,0.386,0.036,0.267,0.708,0.267,0.474,0.122,-0.15,0.474,-0.074,0.301,0.268,0.013,-0.061,-0.238,0.382,0.104,0.351,0.385,0.207,0.191,-0.487,-0.314,-0.105,0.527,0.404,-0.292,0.307,-0.352,0.229,0.584,-0.15,-0.021,-0.148,-0.201,0.279,0.715,0.224,-0.288,0.62,0.067,0.587,-0.089,0.491,-0.147,-0.353,0.107,0.181,0.249,-0.638,0.299,0.141,-0.085,0.262,0.248,0.146,-0.229,0.317,0.674,0.1,0.22,-0.344,0.341,-0.129,0.119,-0.211,0.275,0.477,0.083,0.027,-0.375,-0.045,0.165,0.046,0.331,0.471,0.04,-0.02,-0.302,0.515,0.126,-0.068,-0.218,0.485,0.277,-0.317,0.24,-0.155,0.084,0.078,0.237,-0.137,-0.001,0.637,0.407,0.035,0.221,0.828,-0.229,-0.117,-0.03,-0.171,0.392,0.598,0.232,-0.275,-0.192,0.367,-0.061,0.154,0.408,-0.192,-0.175,-0.077,0.413,-0.12,0.576,-0.075,-0.227,0.099,0.247,0.384,0.093,-0.097,0.556,0.14,0.367,0.663,0.142,-0.02,-0.062,0.271,-0.334,-0.163,-0.105,-0.336,-0.194,-0.142,-0.338,0.684,0.102,-0.117,0.261,0.336
APLT,-0.227,0.462,-0.405,0.389,-0.395,0.223,-0.335,0.309,0.483,0.479,0.607,-0.035,0.11,0.0,0.65,0.237,-0.361,0.232,0.507,0.182,0.17,0.564,0.572,0.075,0.652,0.484,0.02,0.235,-0.249,0.514,0.638,0.048,0.422,0.617,0.588,-0.006,-0.406,0.661,-0.092,-0.687,0.078,0.069,-0.178,0.014,-0.293,0.18,-0.458,0.5,0.348,0.293,0.067,-0.154,0.311,0.419,0.419,-0.056,0.611,-0.512,0.568,0.517,-0.286,0.675,-0.377,0.555,-0.39,-0.061,0.098,-0.185,-0.087,0.552,0.593,-0.262,0.658,0.29,-0.494,-0.303,0.469,-0.183,0.673,0.326,-0.427,-0.048,0.548,-0.311,0.091,0.482,-0.124,0.625,-0.042,0.459,-0.208,-0.465,0.403,-0.203,0.515,0.254,-0.312,0.39,0.579,0.158,-0.102,0.005,0.507,0.388,0.205,-0.368,-0.446,0.621,0.418,0.178,0.667,0.126,0.367,-0.086,-0.033,0.515,-0.112,0.157,0.134,-0.588,0.404,-0.266,0.405,0.442,0.408,-0.289,-0.03,0.116,0.625,0.155,0.13,-0.364,0.111,0.32,0.214,0.564,0.199,-0.268,0.653,0.583,0.431,-0.162,0.204,0.688,0.47,-0.49,-0.636,0.249,0.57,0.165,0.03,0.568,0.733,0.396,-0.508,0.536,0.66,0.194,0.156,-0.351,-0.511,-0.139,0.453,0.618,-0.166,0.62,-0.045,0.498,0.527,-0.067,0.447,0.151,-0.041,-0.649,0.569,0.479,0.629,-0.495,0.372,0.531,0.061,0.113,-0.411,0.066,0.525,0.079,0.314,-0.133,0.509,0.703,0.458,-0.052,0.078,0.467,0.456,-0.18,-0.499,0.606,-0.351,0.537
APVO,-0.707,0.618,-0.369,0.652,-0.55,0.458,-0.728,0.559,0.691,0.665,0.744,-0.039,-0.034,0.65,0.0,-0.249,-0.435,0.476,0.215,-0.124,0.012,0.657,0.792,0.457,0.736,0.658,0.098,0.539,-0.483,0.781,0.669,-0.152,0.018,0.519,0.801,-0.124,-0.723,0.761,-0.439,-0.823,0.339,0.052,-0.444,0.365,-0.358,0.142,-0.689,0.612,0.539,0.442,0.426,-0.549,0.47,0.537,0.732,0.229,0.722,-0.773,0.724,0.307,-0.632,0.634,-0.424,0.82,-0.702,0.272,0.311,-0.458,-0.413,0.813,0.832,0.014,0.811,0.52,-0.605,-0.741,0.775,-0.442,0.799,0.008,-0.591,0.224,0.522,-0.29,0.241,0.607,-0.375,0.323,-0.011,0.717,-0.409,-0.602,0.225,-0.677,0.523,0.203,-0.264,0.282,0.124,0.193,-0.168,0.366,0.46,0.649,-0.215,-0.225,-0.572,0.222,0.507,0.463,0.668,-0.338,0.733,-0.144,-0.272,0.718,-0.518,-0.347,0.428,-0.629,-0.034,-0.512,0.659,0.483,0.706,-0.695,0.059,-0.276,0.732,0.243,0.427,-0.391,0.295,0.527,0.016,0.664,0.153,-0.289,0.691,0.379,0.663,-0.398,0.454,0.6,0.538,-0.772,-0.711,0.096,0.715,0.067,0.276,0.78,0.722,0.244,-0.284,0.802,0.69,0.52,0.229,-0.562,-0.472,-0.566,0.74,0.576,-0.42,0.802,-0.112,0.761,0.733,-0.278,0.563,-0.1,-0.139,-0.783,0.703,0.667,0.764,-0.57,0.621,0.72,0.107,-0.008,-0.62,0.009,0.661,-0.26,0.1,-0.115,0.529,0.79,0.061,-0.408,0.298,0.759,0.304,-0.364,-0.578,0.707,-0.543,0.699
ARGX,0.482,-0.005,-0.235,-0.441,0.49,-0.295,0.699,-0.567,-0.433,-0.285,-0.365,0.434,0.091,0.237,-0.249,0.0,0.29,-0.151,0.66,0.672,0.526,-0.204,-0.302,-0.608,-0.022,-0.106,0.234,-0.251,0.649,-0.371,-0.089,0.583,0.791,0.181,-0.303,0.298,0.502,-0.24,0.434,0.333,-0.27,0.159,0.751,-0.334,0.074,0.058,0.539,-0.192,-0.343,-0.27,-0.654,0.495,-0.034,-0.18,-0.383,-0.547,-0.329,0.612,-0.394,-0.056,0.671,0.132,0.338,-0.364,0.466,-0.001,-0.441,0.616,0.85,-0.465,-0.311,-0.255,-0.301,-0.515,0.36,0.597,-0.405,0.342,-0.107,0.509,0.418,-0.624,-0.189,-0.423,-0.16,-0.306,0.445,0.667,0.08,-0.462,0.007,0.404,0.113,0.617,0.178,0.03,0.399,0.16,0.548,0.145,0.367,-0.302,0.274,-0.485,0.774,-0.373,0.478,0.465,-0.023,-0.49,-0.164,0.84,-0.486,0.213,0.329,-0.257,0.541,0.692,-0.193,0.484,0.868,0.261,-0.479,0.075,-0.443,0.69,-0.274,0.896,-0.127,0.302,-0.625,0.283,-0.352,-0.252,0.56,-0.149,0.511,0.604,-0.107,0.311,-0.158,0.54,-0.113,0.241,0.112,0.616,0.372,0.593,-0.355,0.123,-0.113,-0.415,-0.17,0.011,-0.009,-0.443,-0.414,-0.336,-0.129,0.432,0.305,0.697,-0.508,0.218,0.769,-0.312,0.424,-0.419,-0.387,0.636,-0.159,0.854,0.039,0.402,-0.259,-0.24,-0.318,0.421,-0.549,-0.207,0.251,0.314,0.409,0.108,-0.019,0.814,0.151,0.26,0.116,-0.026,0.822,0.54,-0.171,-0.43,0.279,0.405,-0.007,0.261,0.578,-0.422
ARLP,0.51,0.092,0.214,-0.314,0.857,0.123,0.488,-0.2,-0.39,-0.087,-0.271,0.446,-0.159,-0.361,-0.435,0.29,0.0,-0.129,0.253,0.281,0.329,-0.162,-0.257,0.014,-0.21,-0.081,0.519,0.317,0.457,-0.431,-0.4,0.403,0.035,-0.032,-0.373,0.3,0.307,-0.364,0.309,0.568,0.106,0.34,0.59,0.334,0.363,0.044,0.515,-0.323,-0.066,-0.054,-0.138,0.29,0.023,0.057,-0.125,-0.154,-0.46,0.564,-0.34,-0.239,0.51,-0.35,0.685,-0.272,0.313,0.511,0.153,0.263,0.597,-0.36,-0.503,0.388,-0.329,-0.338,0.638,0.344,-0.285,0.388,-0.334,-0.234,0.459,-0.044,-0.21,0.248,0.04,-0.24,0.236,-0.182,0.456,-0.304,0.143,0.486,-0.293,0.235,0.223,-0.079,0.789,0.07,-0.36,0.238,0.82,0.408,0.125,-0.201,0.284,0.048,0.561,-0.21,0.202,0.01,-0.16,0.115,-0.23,0.488,0.154,-0.288,0.524,0.291,0.087,0.493,0.185,0.268,-0.196,0.127,-0.256,0.486,0.304,0.322,-0.314,0.318,-0.131,0.621,0.335,0.194,0.067,-0.37,0.475,0.63,-0.336,0.047,-0.174,0.061,-0.037,0.023,0.241,0.475,0.519,0.497,-0.265,0.16,0.255,-0.304,-0.386,-0.235,0.604,-0.338,-0.407,0.175,0.305,0.443,0.724,0.515,-0.17,-0.121,0.533,-0.34,0.547,-0.306,-0.249,0.749,-0.043,0.196,0.007,0.778,-0.172,-0.126,-0.382,0.552,-0.177,-0.11,0.275,0.539,0.657,0.233,-0.261,0.494,-0.305,0.616,0.149,-0.404,0.256,0.411,-0.216,-0.239,-0.309,0.26,0.563,-0.106,0.74,-0.384
ATEX,-0.502,0.478,0.287,0.644,-0.267,0.6,-0.537,0.199,0.61,0.427,0.523,0.366,0.412,0.232,0.476,-0.151,-0.129,0.0,0.076,0.185,0.11,0.551,0.544,0.611,0.528,0.744,0.45,0.244,-0.504,0.716,0.612,0.277,-0.066,0.427,0.704,0.357,-0.455,0.616,0.104,-0.507,0.663,0.395,-0.25,0.171,-0.625,-0.284,-0.226,0.618,0.624,0.67,0.681,-0.011,0.738,0.637,0.667,0.498,0.667,-0.401,0.617,0.427,-0.206,0.7,-0.049,0.479,-0.16,0.498,0.517,-0.123,-0.252,0.489,0.346,0.515,0.592,0.647,0.032,-0.325,0.671,-0.64,0.264,-0.231,0.02,0.514,0.01,0.161,-0.02,0.588,0.023,-0.109,0.005,0.436,-0.376,-0.135,0.421,-0.454,0.275,0.525,0.076,0.477,-0.268,0.635,-0.04,0.238,0.403,0.593,-0.183,-0.462,-0.104,0.127,0.393,0.57,0.491,-0.318,0.447,0.125,0.36,0.612,-0.165,-0.586,0.583,-0.436,-0.135,-0.534,0.658,0.668,0.615,-0.537,-0.076,-0.282,0.527,0.297,0.61,0.184,0.389,0.423,-0.316,0.776,0.211,-0.078,0.223,0.503,0.779,-0.533,0.765,0.281,0.351,-0.387,-0.1,0.171,0.486,0.502,0.665,0.607,0.517,0.515,0.029,0.479,0.327,0.424,0.527,0.11,0.115,-0.608,0.419,0.576,-0.291,0.636,0.431,0.414,0.351,-0.107,0.694,-0.22,0.202,-0.392,0.403,0.566,0.641,0.035,0.498,0.454,0.588,0.053,-0.075,0.464,0.609,-0.262,-0.218,0.428,0.053,0.405,-0.164,-0.6,0.174,0.505,-0.052,0.21,-0.285,0.428,-0.088,0.638
ATRA,0.118,0.432,-0.472,-0.09,0.375,0.0,0.217,0.027,0.033,0.306,0.118,0.298,-0.224,0.507,0.215,0.66,0.253,0.076,0.0,0.457,0.43,0.123,0.201,-0.134,0.443,0.269,0.242,0.37,0.449,0.071,0.08,0.317,0.578,0.477,0.115,0.132,-0.074,0.16,0.046,-0.096,-0.033,0.073,0.432,0.227,0.062,0.367,0.045,0.113,0.026,0.085,-0.324,-0.007,0.233,0.202,0.16,-0.383,-0.008,0.111,0.043,-0.105,0.165,0.238,0.178,0.248,-0.126,0.338,-0.074,0.162,0.541,0.09,0.218,-0.13,0.175,-0.147,-0.057,0.05,0.062,0.2,0.435,0.247,-0.036,-0.356,0.215,-0.392,0.086,0.134,-0.03,0.631,0.296,0.112,-0.209,-0.026,-0.04,0.026,0.709,0.032,0.318,0.128,0.381,0.192,0.424,0.252,0.567,0.008,0.488,-0.228,0.066,0.417,0.457,-0.102,0.161,0.335,0.127,0.145,0.043,0.202,0.181,0.471,0.107,0.034,0.643,0.028,-0.035,0.301,0.065,0.173,0.049,0.594,0.216,0.542,-0.259,0.016,0.112,0.23,0.561,0.077,0.604,0.423,0.337,0.428,0.206,0.24,0.274,0.638,0.482,0.155,-0.048,0.723,0.171,0.116,0.091,0.182,0.233,-0.132,0.072,0.168,0.076,0.181,0.093,-0.018,0.098,0.37,0.133,0.427,0.424,0.175,0.352,0.164,0.183,0.594,0.169,0.614,-0.165,0.043,0.345,0.247,0.086,-0.037,-0.06,0.286,0.232,0.297,-0.005,0.017,0.297,0.587,0.006,0.302,0.589,0.429,0.803,0.318,0.099,0.184,0.449,-0.042,-0.171,0.642,0.214,-0.025
AUTL,0.262,0.227,0.129,-0.042,0.388,0.19,0.358,-0.463,-0.15,-0.115,-0.05,0.672,0.346,0.182,-0.124,0.672,0.281,0.185,0.457,0.0,0.506,0.156,-0.049,-0.178,0.028,0.279,0.534,-0.109,0.247,-0.051,0.289,0.764,0.494,0.29,0.014,0.548,0.252,0.027,0.514,0.174,0.264,0.48,0.593,-0.202,-0.198,-0.193,0.475,0.115,0.107,0.136,-0.116,0.616,0.349,0.208,-0.017,-0.021,0.058,0.399,-0.055,0.251,0.557,0.375,0.376,-0.191,0.509,0.252,0.056,0.526,0.545,-0.223,-0.332,0.251,-0.036,-0.063,0.491,0.434,-0.017,-0.073,-0.149,0.147,0.53,-0.066,-0.26,-0.038,-0.166,0.07,0.514,0.301,0.15,-0.265,-0.183,0.43,0.429,0.373,0.097,0.315,0.52,0.456,0.11,0.571,0.356,-0.146,0.404,-0.084,0.618,-0.573,0.479,0.304,0.164,0.061,-0.031,0.558,-0.243,0.456,0.663,0.009,0.493,0.238,0.156,0.294,0.591,-0.058,-0.021,0.477,-0.076,0.35,-0.205,0.488,0.03,0.418,-0.105,0.538,0.033,0.013,0.165,0.228,0.611,0.452,-0.114,0.506,0.196,0.111,0.229,0.259,0.206,0.387,0.404,0.488,-0.134,0.447,0.333,-0.152,0.011,0.352,0.174,-0.26,-0.266,-0.073,0.39,0.56,0.469,0.272,-0.265,0.434,0.496,-0.014,0.689,-0.252,-0.226,0.541,0.276,0.486,0.299,0.293,-0.112,0.008,0.025,0.532,-0.21,-0.039,0.651,0.52,0.565,0.509,0.214,0.568,0.019,0.526,0.115,-0.04,0.533,0.086,-0.07,-0.2,-0.1,0.607,0.176,0.239,0.592,-0.056
AVDL,0.18,0.499,0.021,0.077,0.279,0.359,0.267,-0.147,0.049,0.065,0.118,0.705,0.067,0.17,0.012,0.526,0.329,0.11,0.43,0.506,0.0,0.153,0.12,0.026,-0.011,0.254,0.328,0.183,0.231,-0.024,0.165,0.452,0.307,0.538,0.073,0.509,0.063,0.111,0.264,0.172,0.158,0.301,0.367,0.158,-0.069,0.083,0.2,0.272,0.191,0.165,-0.153,0.204,0.331,0.279,0.123,-0.344,-0.015,0.218,0.005,0.075,0.267,0.243,0.131,0.075,0.257,0.177,-0.06,0.109,0.508,-0.033,-0.024,0.126,0.058,-0.139,0.316,0.239,0.11,0.148,0.098,0.227,0.319,-0.2,0.082,-0.269,-0.172,0.054,0.408,0.399,-0.029,0.051,0.003,0.127,-0.018,0.148,0.329,-0.128,0.351,0.471,0.003,0.443,0.45,0.001,0.129,0.054,0.349,-0.218,0.194,0.461,0.439,0.072,0.203,0.464,-0.027,0.289,0.086,0.142,0.441,0.356,0.04,0.307,0.55,-0.211,0.01,0.196,-0.042,0.284,0.172,0.402,0.076,0.581,-0.128,0.269,0.167,0.32,0.12,0.13,0.523,0.439,0.199,0.387,0.24,0.101,0.057,0.307,0.227,0.199,0.149,0.606,0.108,0.199,0.361,-0.016,0.097,0.111,0.279,-0.017,-0.125,0.295,0.185,0.283,0.326,0.234,-0.1,0.237,0.334,0.048,0.483,0.049,0.041,0.382,0.217,0.458,-0.354,0.313,0.129,0.24,0.051,0.274,0.008,0.275,0.435,0.225,0.404,0.049,0.31,0.696,0.06,0.547,0.328,0.186,0.598,0.288,0.191,-0.001,0.325,0.205,0.22,0.416,0.41,-0.068
BCRX,-0.459,0.75,0.098,0.805,-0.318,0.797,-0.631,0.414,0.706,0.675,0.782,0.293,0.367,0.564,0.657,-0.204,-0.162,0.551,0.123,0.156,0.153,0.0,0.78,0.63,0.671,0.891,0.377,0.472,-0.603,0.754,0.737,0.23,-0.034,0.621,0.779,0.288,-0.649,0.806,0.12,-0.695,0.744,0.427,-0.213,0.255,-0.529,-0.243,-0.425,0.733,0.79,0.755,0.705,-0.081,0.737,0.85,0.776,0.581,0.843,-0.628,0.831,0.689,-0.378,0.663,-0.204,0.664,-0.322,0.322,0.707,-0.353,-0.306,0.714,0.444,0.496,0.836,0.739,-0.217,-0.53,0.847,-0.605,0.494,-0.262,-0.127,0.621,0.289,0.156,0.02,0.75,-0.004,0.062,0.207,0.639,-0.425,-0.37,0.542,-0.56,0.407,0.463,0.03,0.664,-0.171,0.576,-0.049,0.277,0.546,0.77,0.085,-0.476,-0.302,0.207,0.63,0.78,0.741,-0.343,0.567,0.288,0.131,0.733,-0.177,-0.453,0.72,-0.648,-0.066,-0.651,0.833,0.737,0.796,-0.599,0.141,-0.342,0.717,0.398,0.727,0.08,0.608,0.697,-0.291,0.823,0.439,-0.284,0.488,0.609,0.78,-0.61,0.587,0.47,0.62,-0.569,-0.423,0.102,0.702,0.497,0.652,0.752,0.689,0.615,-0.134,0.698,0.609,0.543,0.665,-0.11,-0.106,-0.635,0.643,0.599,-0.375,0.813,0.261,0.618,0.646,-0.113,0.887,-0.276,0.211,-0.512,0.606,0.721,0.821,-0.215,0.737,0.664,0.554,0.252,-0.166,0.47,0.626,-0.103,0.017,0.241,0.476,0.453,0.076,-0.572,0.065,0.656,-0.13,0.104,-0.079,0.516,-0.171,0.823
BHAT,-0.651,0.814,-0.182,0.869,-0.487,0.691,-0.833,0.698,0.904,0.805,0.908,0.123,0.017,0.572,0.792,-0.302,-0.257,0.544,0.201,-0.049,0.12,0.78,0.0,0.74,0.739,0.819,0.136,0.689,-0.614,0.862,0.749,-0.134,-0.231,0.742,0.934,0.076,-0.908,0.932,-0.289,-0.863,0.543,0.042,-0.492,0.473,-0.463,0.169,-0.781,0.869,0.795,0.792,0.606,-0.484,0.67,0.788,0.935,0.351,0.799,-0.84,0.904,0.422,-0.732,0.681,-0.511,0.934,-0.661,0.361,0.589,-0.698,-0.437,0.95,0.763,0.276,0.944,0.747,-0.558,-0.724,0.934,-0.467,0.795,-0.129,-0.517,0.486,0.603,0.019,-0.007,0.87,-0.341,0.119,0.1,0.907,-0.486,-0.7,0.13,-0.826,0.62,0.172,-0.238,0.506,-0.144,0.458,-0.081,0.43,0.372,0.876,-0.28,-0.241,-0.647,0.305,0.75,0.732,0.843,-0.481,0.856,-0.223,-0.154,0.93,-0.382,-0.388,0.513,-0.773,-0.184,-0.799,0.851,0.539,0.832,-0.789,0.434,-0.471,0.829,0.374,0.705,-0.32,0.642,0.838,-0.274,0.792,0.189,-0.415,0.836,0.458,0.854,-0.605,0.633,0.661,0.538,-0.758,-0.67,0.18,0.934,0.178,0.561,0.939,0.807,0.354,0.028,0.924,0.792,0.777,0.546,-0.47,-0.408,-0.698,0.877,0.441,-0.451,0.96,0.026,0.925,0.889,-0.18,0.791,-0.359,-0.257,-0.633,0.867,0.847,0.926,-0.573,0.894,0.887,0.313,-0.063,-0.49,0.048,0.817,-0.229,0.02,0.157,0.669,0.72,-0.001,-0.515,0.338,0.93,0.176,-0.309,-0.331,0.737,-0.5,0.865
BLBD,-0.528,0.63,0.29,0.802,-0.276,0.796,-0.785,0.667,0.796,0.648,0.758,0.188,0.102,0.075,0.457,-0.608,0.014,0.611,-0.134,-0.178,0.026,0.63,0.74,0.0,0.446,0.717,0.24,0.642,-0.683,0.72,0.497,-0.138,-0.604,0.458,0.733,0.179,-0.779,0.684,-0.157,-0.54,0.717,0.217,-0.535,0.635,-0.438,-0.065,-0.56,0.698,0.819,0.836,0.858,-0.367,0.661,0.8,0.87,0.603,0.625,-0.672,0.753,0.317,-0.619,0.368,-0.253,0.722,-0.458,0.509,0.803,-0.646,-0.531,0.755,0.441,0.662,0.706,0.803,-0.182,-0.624,0.815,-0.46,0.397,-0.501,-0.235,0.776,0.331,0.441,-0.075,0.764,-0.263,-0.444,0.19,0.776,-0.298,-0.462,0.061,-0.799,0.378,0.185,-0.043,0.382,-0.65,0.518,0.046,0.528,0.215,0.868,-0.531,-0.038,-0.432,-0.051,0.657,0.869,0.627,-0.767,0.756,-0.009,-0.035,0.747,-0.299,-0.652,0.571,-0.622,-0.571,-0.683,0.859,0.496,0.764,-0.767,0.505,-0.724,0.534,0.27,0.904,0.001,0.829,0.813,-0.571,0.619,0.079,-0.335,0.441,0.277,0.762,-0.766,0.665,0.29,0.328,-0.644,-0.351,0.017,0.762,0.318,0.71,0.795,0.535,0.286,0.287,0.751,0.583,0.829,0.68,-0.208,-0.03,-0.762,0.767,0.195,-0.558,0.729,0.189,0.74,0.696,-0.178,0.723,-0.672,-0.133,-0.336,0.661,0.695,0.719,-0.277,0.891,0.702,0.372,-0.077,-0.181,0.175,0.572,-0.431,-0.237,0.381,0.321,0.351,-0.416,-0.61,0.291,0.795,-0.169,-0.189,0.091,0.317,-0.295,0.734
BMRN,-0.535,0.655,-0.381,0.587,-0.252,0.397,-0.551,0.494,0.609,0.774,0.642,0.03,0.043,0.652,0.736,-0.022,-0.21,0.528,0.443,0.028,-0.011,0.671,0.739,0.446,0.0,0.734,0.185,0.579,-0.312,0.709,0.524,0.0,0.187,0.639,0.728,-0.004,-0.692,0.729,-0.168,-0.772,0.363,0.151,-0.165,0.349,-0.424,0.102,-0.542,0.551,0.48,0.594,0.383,-0.384,0.536,0.623,0.697,0.257,0.652,-0.619,0.676,0.339,-0.443,0.584,-0.267,0.719,-0.631,0.406,0.436,-0.37,-0.153,0.728,0.679,0.15,0.752,0.549,-0.479,-0.599,0.686,-0.404,0.739,-0.027,-0.441,0.24,0.413,-0.155,0.051,0.605,-0.36,0.335,0.235,0.639,-0.515,-0.514,0.265,-0.591,0.671,0.301,-0.081,0.282,0.141,0.28,-0.081,0.41,0.674,0.609,0.033,-0.331,-0.424,0.33,0.65,0.404,0.629,-0.351,0.64,-0.027,-0.071,0.712,-0.4,-0.245,0.569,-0.655,0.027,-0.425,0.599,0.583,0.7,-0.582,0.062,-0.084,0.748,0.279,0.421,-0.201,0.409,0.571,0.16,0.644,0.373,-0.158,0.612,0.495,0.703,-0.334,0.612,0.604,0.628,-0.533,-0.566,0.316,0.679,0.273,0.325,0.776,0.67,0.228,-0.19,0.75,0.599,0.483,0.351,-0.377,-0.31,-0.427,0.685,0.563,-0.134,0.758,0.121,0.684,0.68,0.072,0.599,-0.031,-0.012,-0.632,0.736,0.701,0.689,-0.447,0.571,0.708,0.252,0.019,-0.516,0.157,0.632,-0.131,-0.027,0.028,0.589,0.678,0.193,-0.373,0.095,0.732,0.204,-0.195,-0.439,0.74,-0.307,0.656
BNGO,-0.529,0.832,0.121,0.836,-0.237,0.836,-0.623,0.377,0.753,0.714,0.786,0.443,0.355,0.484,0.658,-0.106,-0.081,0.744,0.269,0.279,0.254,0.891,0.819,0.717,0.734,0.0,0.495,0.541,-0.543,0.82,0.765,0.325,-0.005,0.705,0.853,0.4,-0.674,0.835,0.121,-0.679,0.798,0.472,-0.165,0.356,-0.617,-0.201,-0.383,0.818,0.839,0.855,0.721,-0.091,0.892,0.914,0.871,0.527,0.821,-0.569,0.831,0.579,-0.338,0.762,-0.141,0.713,-0.307,0.543,0.709,-0.322,-0.197,0.722,0.484,0.582,0.825,0.764,-0.13,-0.482,0.892,-0.632,0.519,-0.254,-0.064,0.6,0.245,0.13,-0.061,0.814,-0.009,0.066,0.231,0.661,-0.552,-0.329,0.488,-0.602,0.523,0.478,0.139,0.699,-0.251,0.753,0.061,0.368,0.591,0.818,0.023,-0.54,-0.235,0.245,0.72,0.786,0.739,-0.328,0.619,0.249,0.234,0.836,-0.162,-0.493,0.791,-0.589,-0.024,-0.716,0.853,0.825,0.809,-0.612,0.137,-0.281,0.757,0.547,0.732,0.151,0.653,0.75,-0.253,0.885,0.533,-0.123,0.512,0.709,0.919,-0.619,0.799,0.535,0.637,-0.503,-0.307,0.273,0.74,0.541,0.802,0.796,0.706,0.584,0.051,0.721,0.533,0.66,0.721,-0.023,0.023,-0.643,0.639,0.68,-0.274,0.852,0.453,0.656,0.633,0.025,0.93,-0.195,0.122,-0.451,0.653,0.792,0.833,-0.127,0.735,0.726,0.711,0.221,-0.11,0.478,0.769,-0.057,-0.116,0.452,0.484,0.537,0.088,-0.597,0.181,0.724,-0.042,0.155,-0.124,0.674,-0.095,0.821
BUSE,-0.005,0.404,0.324,0.211,0.421,0.546,0.097,-0.262,-0.013,0.183,0.099,0.65,0.354,0.02,0.098,0.234,0.519,0.45,0.242,0.534,0.328,0.377,0.136,0.24,0.185,0.495,0.0,0.278,0.02,0.124,0.234,0.746,0.288,0.232,0.164,0.397,0.044,0.153,0.408,0.076,0.622,0.812,0.466,0.266,-0.21,-0.335,0.392,0.163,0.337,0.292,0.336,0.333,0.558,0.494,0.259,0.227,0.194,0.199,0.18,0.315,0.415,0.302,0.578,0.057,0.237,0.695,0.365,0.332,0.394,-0.009,-0.16,0.604,0.123,0.091,0.595,0.048,0.265,-0.32,-0.088,-0.302,0.489,0.288,-0.221,0.109,0.127,0.112,0.423,0.006,0.259,-0.092,-0.308,0.435,0.305,0.017,0.274,0.416,0.783,0.48,-0.281,0.65,0.641,0.439,0.524,0.179,0.377,-0.571,0.516,-0.178,0.287,0.327,0.194,0.084,-0.013,0.663,0.41,0.197,0.229,-0.209,0.557,0.144,0.284,-0.115,0.289,0.704,0.234,0.084,-0.184,0.21,0.178,0.59,0.218,0.758,0.385,0.338,-0.02,0.31,0.663,0.601,-0.187,0.59,0.397,-0.19,0.452,0.238,0.595,0.155,0.38,0.394,0.037,0.502,0.674,0.081,0.094,0.381,0.342,-0.014,-0.151,0.24,0.583,0.496,0.685,-0.004,0.034,0.572,0.28,0.17,0.776,-0.087,-0.079,0.496,0.493,0.195,0.337,0.243,0.013,0.209,0.134,0.565,0.086,0.138,0.76,0.678,0.513,0.71,0.151,0.311,-0.43,0.679,0.173,-0.033,0.227,-0.115,-0.135,0.056,-0.285,0.572,0.207,0.275,0.644,0.185
CAKE,-0.359,0.762,-0.3,0.47,0.104,0.557,-0.471,0.677,0.503,0.754,0.603,0.169,-0.373,0.235,0.539,-0.251,0.317,0.244,0.37,-0.109,0.183,0.472,0.689,0.642,0.579,0.541,0.278,0.0,-0.159,0.44,0.214,-0.158,-0.237,0.53,0.506,-0.0,-0.707,0.493,-0.36,-0.413,0.361,0.086,-0.143,0.835,0.006,0.419,-0.506,0.408,0.517,0.518,0.358,-0.574,0.403,0.604,0.719,0.112,0.3,-0.487,0.502,-0.033,-0.496,0.137,-0.047,0.742,-0.657,0.64,0.523,-0.585,-0.098,0.669,0.528,0.331,0.576,0.357,-0.311,-0.651,0.604,-0.051,0.657,-0.276,-0.421,0.279,0.532,0.01,0.201,0.508,-0.44,0.011,0.393,0.689,-0.303,-0.449,-0.301,-0.704,0.771,-0.133,0.201,0.147,-0.345,0.239,0.41,0.825,0.404,0.612,-0.21,0.081,-0.364,0.006,0.817,0.552,0.521,-0.518,0.753,0.056,-0.385,0.594,-0.274,-0.134,0.447,-0.375,-0.171,-0.388,0.556,0.395,0.597,-0.494,0.603,-0.252,0.479,0.443,0.438,-0.098,0.76,0.847,-0.022,0.257,0.39,0.021,0.586,0.196,0.527,-0.378,0.421,0.591,0.609,-0.479,-0.435,0.402,0.671,0.051,0.429,0.661,0.419,-0.166,0.384,0.702,0.477,0.83,0.471,-0.431,-0.04,-0.261,0.786,0.206,-0.135,0.581,0.133,0.725,0.726,0.257,0.474,-0.207,-0.399,-0.168,0.765,0.659,0.472,-0.374,0.661,0.764,0.157,0.181,-0.284,-0.053,0.456,0.002,-0.196,0.31,0.808,0.464,0.134,-0.107,0.269,0.764,0.087,-0.443,0.018,0.601,-0.147,0.42
CASY,0.568,-0.283,-0.321,-0.792,0.671,-0.583,0.809,-0.387,-0.732,-0.428,-0.697,0.089,-0.396,-0.249,-0.483,0.649,0.457,-0.504,0.449,0.247,0.231,-0.603,-0.614,-0.683,-0.312,-0.543,0.02,-0.159,0.0,-0.67,-0.647,0.16,0.494,-0.282,-0.705,-0.071,0.627,-0.691,0.103,0.677,-0.559,-0.109,0.702,-0.095,0.573,0.28,0.563,-0.674,-0.64,-0.608,-0.815,0.153,-0.456,-0.579,-0.613,-0.712,-0.781,0.751,-0.796,-0.629,0.59,-0.526,0.458,-0.519,0.321,0.031,-0.583,0.533,0.744,-0.657,-0.422,-0.337,-0.641,-0.804,0.336,0.496,-0.717,0.703,-0.262,0.286,0.289,-0.73,-0.301,-0.395,0.183,-0.704,0.073,0.346,0.147,-0.566,0.312,0.417,-0.399,0.563,0.035,-0.31,0.457,-0.433,0.308,-0.314,0.435,-0.042,0.009,-0.75,0.496,0.285,0.482,-0.014,-0.19,-0.694,-0.596,0.547,-0.48,0.163,-0.107,-0.621,0.357,0.698,-0.382,0.75,0.511,0.645,-0.782,-0.401,-0.63,0.757,-0.123,0.799,-0.581,0.093,-0.818,0.177,-0.402,-0.424,0.63,-0.722,0.281,0.7,-0.369,-0.268,-0.582,0.725,-0.39,-0.067,-0.115,0.706,0.459,0.401,-0.629,-0.346,-0.441,-0.667,-0.627,-0.615,0.181,-0.585,-0.612,-0.357,-0.471,0.198,0.361,0.836,-0.539,-0.213,0.769,-0.695,0.161,-0.539,-0.47,0.591,-0.623,0.739,-0.141,0.633,-0.405,-0.514,-0.752,0.364,-0.755,-0.428,-0.187,0.218,0.317,-0.258,-0.467,0.635,0.052,0.041,0.011,-0.239,0.584,0.742,-0.149,-0.569,0.229,0.037,0.153,-0.067,0.52,-0.832
CCOI,-0.695,0.658,-0.013,0.837,-0.6,0.64,-0.868,0.647,0.918,0.655,0.859,0.058,0.194,0.514,0.781,-0.371,-0.431,0.716,0.071,-0.051,-0.024,0.754,0.862,0.72,0.709,0.82,0.124,0.44,-0.67,0.0,0.803,-0.13,-0.21,0.58,0.938,0.07,-0.811,0.876,-0.213,-0.861,0.593,0.104,-0.582,0.308,-0.538,-0.035,-0.712,0.818,0.815,0.793,0.719,-0.393,0.725,0.726,0.89,0.48,0.886,-0.826,0.864,0.438,-0.679,0.741,-0.516,0.834,-0.555,0.342,0.61,-0.519,-0.579,0.875,0.692,0.34,0.915,0.839,-0.465,-0.689,0.904,-0.561,0.646,-0.189,-0.441,0.591,0.362,0.103,0.096,0.849,-0.345,0.012,-0.022,0.844,-0.412,-0.594,0.372,-0.776,0.404,0.449,-0.29,0.417,-0.148,0.476,-0.24,0.29,0.389,0.828,-0.353,-0.224,-0.608,0.247,0.578,0.723,0.744,-0.525,0.804,-0.143,0.015,0.832,-0.433,-0.559,0.536,-0.793,-0.286,-0.705,0.84,0.565,0.877,-0.831,0.215,-0.512,0.738,0.232,0.752,-0.265,0.527,0.622,-0.308,0.865,0.078,-0.457,0.636,0.43,0.843,-0.637,0.711,0.528,0.384,-0.766,-0.598,0.031,0.824,0.214,0.537,0.898,0.737,0.437,-0.139,0.853,0.758,0.632,0.511,-0.384,-0.358,-0.82,0.788,0.533,-0.564,0.9,0.053,0.821,0.807,-0.365,0.79,-0.407,-0.027,-0.739,0.75,0.742,0.916,-0.472,0.793,0.763,0.34,-0.076,-0.493,0.143,0.761,-0.415,0.084,0.091,0.355,0.701,-0.165,-0.66,0.314,0.829,0.142,-0.215,-0.421,0.589,-0.54,0.862
CEVA,-0.475,0.591,0.089,0.783,-0.578,0.633,-0.661,0.314,0.769,0.419,0.805,0.254,0.414,0.638,0.669,-0.089,-0.4,0.612,0.08,0.289,0.165,0.737,0.749,0.497,0.524,0.765,0.234,0.214,-0.647,0.803,0.0,0.155,-0.008,0.643,0.863,0.284,-0.571,0.866,0.0,-0.755,0.561,0.275,-0.39,0.026,-0.629,-0.172,-0.508,0.852,0.775,0.685,0.557,-0.078,0.713,0.701,0.718,0.4,0.862,-0.643,0.822,0.652,-0.416,0.907,-0.447,0.623,-0.238,0.119,0.48,-0.279,-0.386,0.708,0.487,0.233,0.812,0.695,-0.3,-0.374,0.795,-0.553,0.51,0.073,-0.246,0.445,0.366,0.041,-0.059,0.793,0.049,0.201,-0.147,0.601,-0.373,-0.442,0.593,-0.429,0.234,0.436,-0.234,0.682,0.059,0.616,-0.165,-0.016,0.368,0.692,-0.088,-0.531,-0.431,0.456,0.461,0.634,0.767,-0.111,0.533,-0.07,0.278,0.736,-0.141,-0.332,0.374,-0.637,0.035,-0.723,0.771,0.649,0.667,-0.567,0.061,-0.318,0.721,0.271,0.61,-0.136,0.373,0.523,-0.355,0.909,0.154,-0.404,0.597,0.651,0.767,-0.575,0.547,0.578,0.323,-0.585,-0.492,0.052,0.716,0.348,0.517,0.713,0.774,0.707,-0.222,0.617,0.653,0.436,0.574,-0.147,-0.319,-0.629,0.538,0.627,-0.357,0.816,0.189,0.607,0.588,-0.25,0.785,-0.225,0.079,-0.63,0.544,0.595,0.893,-0.308,0.664,0.601,0.467,0.095,-0.202,0.31,0.793,-0.172,0.218,0.177,0.312,0.587,0.016,-0.491,0.279,0.618,0.109,0.049,-0.337,0.535,-0.349,0.823
