,AAPL,ACRS,ADP,AFYA,AGNC,AGYS,ALT,AMGN,AMPH,AMZN,ANIP,AOSL,APDN,APLT,APVO,ARGX,ARLP,ATEX,ATRA,AUTL,AVDL,BCRX,BHAT,BLBD,BMRN,BNGO,BUSE,CAKE,CASY,CCOI,CEVA,CHY,CLDX,CLMT,COHU,COLM,COST,CPRT,CSWC,CSX,DBX,DCOM,DKNG,DMLP,DOX,EA,EDIT,ENPH,ENSG,ERNA,ESGR,ETNB,EXTR,FANG,FARO,FATE,FGEN,FIVE,FIVN,FLGT,FOLD,FORM,FOXA,FRPT,FSLR,FTAI,GBDC,GDYN,GGAL,GNLN,GRFS,GT,HCAT,HCM,HFWA,HOLX,HQY,HUBG,IAC,ICLR,IDCC,IEP,IHRT,ILMN,ILPT,IMAB,IMOS,INMD,INTZ,JAZZ,JKHY,JRVR,KIDS,LBRDK,LGND,LMAT,LPLA,LULU,MASI,MAT,MATW,MBIN,MBIO,MCRB,MDB,MDLZ,MELI,MIRM,MLKN,MNMD,MNRO,MPWR,MRCY,MRSN,MTVA,NAAS,NDAQ,NDSN,NEGG,NOVT,NVDA,NWE,NWSA,NXST,OCX,ODFL,OMAB,OPCH,OPRA,ORGO,OTRK,OZK,PAGP,PCH,PEGA,PENG,PENN,PFBC,PGNY,PHAT,PHUN,PINC,PLUG,PLXS,PYPL,QLYS,QNCX,QQQX,QVCGA,RAPT,RBBN,RCKT,REPL,RMBS,ROAD,ROKU,ROP,RUSHA,SANM,SATS,SBCF,SBLK,SBUX,SCHL,SCSC,SDGR,SEIC,SFIX,SGRY,SKYW,SLP,SNES,STAA,STLD,STOK,SWKS,TER,TFIN,TIGO,TILE,TPIC,TTEC,TTEK,TTGT,UXIN,VERU,VLYPP,VNOM,VRNS,VRSN,WDAY,WERN,WINA,WKHS,WRLD,XP,XTKG,YY,ZION,ZM
AAPL,0.0,0.856,-0.121,-0.005,-0.534,0.908,0.143,-0.359,-0.849,0.889,-0.305,0.822,0.6,0.7,0.765,0.834,-0.428,-0.45,0.119,-0.13,0.12,-0.313,0.854,0.595,0.898,0.857,0.046,0.307,0.257,-0.656,0.941,0.844,0.76,0.389,0.915,0.896,-0.589,0.669,0.464,0.507,0.453,-0.6,0.912,-0.344,0.683,0.79,0.928,0.831,0.828,0.185,0.826,0.821,0.242,0.185,0.839,0.897,0.649,0.821,0.846,0.909,0.91,0.875,0.097,0.821,0.886,0.773,0.727,-0.685,-0.544,0.93,-0.568,-0.644,0.84,0.907,-0.236,0.838,0.307,-0.813,0.872,-0.712,0.668,-0.196,-0.777,0.812,-0.241,0.012,0.93,0.906,0.777,-0.762,0.895,0.835,-0.062,-0.54,0.917,0.926,0.489,0.932,0.884,0.635,0.865,-0.348,0.69,-0.203,0.874,-0.756,0.931,0.867,-0.86,0.699,0.658,0.957,0.81,0.935,0.849,0.788,-0.008,0.858,0.538,0.549,0.961,0.579,-0.06,0.643,0.818,-0.551,0.351,0.866,0.609,0.808,0.47,-0.659,-0.753,0.39,0.92,0.843,0.9,-0.016,0.653,0.885,0.818,0.737,0.664,-0.458,0.967,0.742,0.482,0.828,-0.472,0.526,0.621,0.909,-0.345,0.898,0.287,0.816,0.358,0.181,0.184,-0.706,-0.071,-0.819,0.781,-0.618,-0.08,0.946,-0.561,0.532,-0.458,0.881,0.887,0.671,0.881,-0.829,-0.525,0.945,0.92,0.808,-0.883,-0.768,0.945,0.411,0.941,0.955,-0.357,0.784,0.494,-0.387,0.932,-0.297,0.942,-0.831,-0.0,0.916,-0.727,-0.631,0.931,0.911,-0.73,0.772
ACRS,0.856,0.0,-0.044,-0.195,-0.635,0.815,-0.058,-0.244,-0.873,0.72,-0.41,0.719,0.539,0.726,0.68,0.743,-0.362,-0.447,-0.079,-0.294,0.335,-0.412,0.837,0.335,0.785,0.728,-0.089,0.219,-0.005,-0.713,0.91,0.862,0.598,0.437,0.845,0.825,-0.698,0.539,0.362,0.439,0.442,-0.694,0.887,-0.545,0.517,0.706,0.794,0.858,0.807,0.129,0.725,0.813,0.139,0.028,0.801,0.788,0.444,0.771,0.766,0.831,0.786,0.897,0.125,0.627,0.85,0.697,0.633,-0.843,-0.716,0.914,-0.519,-0.732,0.806,0.851,-0.525,0.868,0.09,-0.838,0.812,-0.782,0.51,-0.181,-0.78,0.795,-0.287,-0.185,0.878,0.863,0.702,-0.808,0.885,0.816,-0.151,-0.617,0.837,0.868,0.346,0.885,0.9,0.617,0.745,-0.373,0.706,-0.383,0.826,-0.837,0.897,0.796,-0.894,0.525,0.478,0.923,0.742,0.864,0.793,0.747,-0.173,0.773,0.602,0.429,0.856,0.638,-0.055,0.603,0.753,-0.664,0.408,0.847,0.481,0.756,0.317,-0.777,-0.845,0.323,0.833,0.904,0.828,-0.261,0.538,0.809,0.811,0.796,0.545,-0.617,0.853,0.664,0.351,0.765,-0.533,0.469,0.59,0.817,-0.525,0.852,0.266,0.718,0.222,-0.112,-0.028,-0.777,-0.249,-0.8,0.822,-0.738,-0.141,0.895,-0.737,0.407,-0.697,0.743,0.914,0.744,0.804,-0.886,-0.627,0.875,0.817,0.765,-0.921,-0.85,0.924,0.232,0.862,0.81,-0.483,0.771,0.448,-0.657,0.893,-0.516,0.891,-0.799,-0.076,0.902,-0.81,-0.654,0.924,0.845,-0.86,0.696
ADP,-0.121,-0.044,0.0,-0.385,-0.012,0.002,-0.569,0.878,0.229,-0.44,0.274,-0.21,-0.341,-0.376,-0.51,-0.25,0.466,0.26,-0.23,-0.28,0.289,0.123,-0.355,-0.005,-0.151,-0.248,0.49,-0.156,0.136,0.069,-0.173,0.093,-0.529,-0.221,-0.036,-0.025,0.359,-0.01,-0.249,0.391,-0.214,0.275,-0.199,-0.039,0.149,-0.21,-0.267,-0.002,0.062,-0.348,0.116,-0.337,-0.439,-0.394,-0.085,-0.306,-0.591,-0.212,-0.349,-0.133,-0.198,0.077,0.239,-0.409,-0.12,-0.175,-0.262,0.129,0.036,-0.133,0.43,0.499,-0.375,-0.122,0.211,0.116,-0.453,0.388,-0.338,0.365,0.165,0.336,0.374,-0.025,0.15,0.047,-0.161,-0.255,-0.412,0.338,-0.049,-0.325,0.085,0.293,-0.222,-0.151,-0.152,-0.175,-0.041,0.037,0.06,0.202,-0.356,0.013,-0.263,0.002,-0.19,-0.348,0.224,-0.337,-0.157,-0.141,-0.269,-0.244,-0.328,-0.091,0.396,-0.073,-0.093,-0.129,-0.14,0.155,0.523,0.271,-0.387,0.374,0.47,-0.283,-0.373,-0.104,-0.239,0.305,0.093,0.38,-0.216,0.193,-0.191,0.443,-0.463,-0.326,-0.338,-0.045,-0.386,0.141,-0.212,-0.056,-0.379,-0.143,0.317,-0.327,0.072,-0.298,-0.363,0.046,-0.144,-0.298,-0.141,0.184,0.297,0.267,0.483,0.205,0.252,0.294,0.246,-0.256,-0.015,-0.263,0.093,-0.057,-0.152,-0.282,-0.219,0.3,-0.125,-0.169,-0.047,0.048,0.144,0.188,-0.183,0.055,-0.083,-0.246,-0.43,-0.245,-0.339,-0.043,-0.223,-0.009,-0.169,0.26,0.419,-0.274,0.138,0.431,-0.236,-0.222,0.244,-0.164
AFYA,-0.005,-0.195,-0.385,0.0,-0.017,-0.164,0.326,-0.27,0.176,0.11,-0.261,0.115,0.333,-0.199,0.138,0.188,0.327,-0.37,0.646,0.538,-0.05,0.389,-0.057,0.331,0.056,0.215,-0.375,-0.455,0.034,-0.371,-0.108,-0.236,0.243,-0.291,0.125,0.031,-0.182,-0.152,-0.058,-0.402,0.482,-0.149,-0.161,0.153,-0.067,0.197,0.132,0.094,-0.132,-0.411,-0.396,0.024,-0.218,-0.095,0.28,0.21,0.284,-0.225,-0.051,0.193,-0.057,-0.0,0.237,0.053,0.23,0.322,-0.175,0.364,0.53,-0.114,0.231,-0.043,-0.183,0.112,-0.007,0.04,0.47,-0.116,0.048,-0.008,0.339,0.061,0.106,0.234,-0.259,0.379,0.018,0.026,0.295,0.143,0.006,-0.082,-0.387,-0.306,0.118,-0.077,-0.432,-0.049,-0.103,-0.363,-0.07,-0.539,0.137,0.264,0.19,0.069,-0.156,-0.099,0.073,0.352,-0.261,0.032,0.221,0.07,0.147,0.159,-0.472,-0.103,-0.24,0.537,0.028,-0.58,0.056,0.095,0.086,-0.216,0.131,-0.008,0.267,-0.386,0.507,-0.11,0.319,-0.208,0.201,-0.187,-0.102,-0.207,0.18,0.152,0.029,-0.41,0.359,0.451,0.098,0.357,0.339,-0.234,0.305,0.003,0.438,0.008,0.072,-0.024,-0.424,0.356,-0.294,0.048,0.247,0.17,-0.404,-0.118,-0.456,0.111,-0.588,-0.074,-0.103,0.519,0.237,0.136,0.053,0.188,-0.166,-0.031,0.651,0.129,0.09,-0.293,0.006,0.16,0.024,0.318,0.045,0.054,0.045,-0.07,0.16,0.164,0.064,-0.039,0.11,-0.238,-0.484,-0.042,0.368,-0.152,-0.043,0.162,-0.046,0.291
AGNC,-0.534,-0.635,-0.012,-0.017,0.0,-0.394,0.378,-0.021,0.61,-0.347,0.55,-0.278,-0.549,-0.31,-0.237,-0.568,0.045,0.771,-0.278,-0.008,-0.459,0.396,-0.555,-0.346,-0.437,-0.459,0.397,0.193,0.104,0.712,-0.612,-0.483,-0.243,-0.004,-0.603,-0.61,0.766,-0.014,0.355,-0.33,-0.217,0.808,-0.545,0.569,-0.171,-0.437,-0.503,-0.694,-0.549,0.155,-0.305,-0.511,0.477,0.346,-0.716,-0.536,-0.39,-0.289,-0.393,-0.6,-0.561,-0.724,-0.353,-0.201,-0.641,-0.437,0.019,0.496,0.624,-0.623,0.354,0.544,-0.382,-0.535,0.552,-0.754,0.087,0.652,-0.349,0.578,-0.368,0.167,0.542,-0.606,0.719,-0.005,-0.554,-0.508,-0.458,0.524,-0.752,-0.557,0.416,0.558,-0.694,-0.557,0.182,-0.491,-0.745,-0.235,-0.57,0.691,-0.269,0.317,-0.566,0.808,-0.526,-0.462,0.697,-0.313,-0.135,-0.636,-0.622,-0.644,-0.595,-0.499,0.523,-0.557,0.016,-0.41,-0.484,-0.361,0.097,-0.586,-0.289,0.8,-0.512,-0.546,-0.003,-0.449,-0.392,0.718,0.68,-0.059,-0.668,-0.619,-0.479,0.307,-0.027,-0.678,-0.549,-0.259,-0.347,0.463,-0.56,-0.631,-0.157,-0.164,0.35,-0.008,-0.604,-0.486,0.575,-0.518,0.239,-0.579,0.193,0.158,0.238,0.561,0.433,0.685,-0.479,0.579,0.59,-0.518,0.846,-0.274,0.75,-0.419,-0.718,-0.378,-0.304,0.729,0.282,-0.624,-0.434,-0.421,0.754,0.727,-0.644,-0.6,-0.665,-0.52,0.739,-0.454,-0.031,0.638,-0.673,0.648,-0.63,0.749,0.369,-0.575,0.588,0.588,-0.588,-0.701,0.728,-0.496
AGYS,0.908,0.815,0.002,-0.164,-0.394,0.0,0.069,-0.292,-0.832,0.789,-0.165,0.721,0.473,0.773,0.674,0.62,-0.477,-0.332,-0.189,-0.376,0.201,-0.359,0.752,0.455,0.815,0.735,0.204,0.5,0.195,-0.485,0.905,0.939,0.637,0.416,0.841,0.843,-0.491,0.603,0.483,0.665,0.294,-0.495,0.873,-0.162,0.535,0.75,0.825,0.681,0.839,0.294,0.896,0.831,0.317,0.366,0.68,0.771,0.406,0.885,0.76,0.797,0.86,0.827,0.142,0.8,0.765,0.751,0.708,-0.765,-0.588,0.913,-0.544,-0.517,0.803,0.768,-0.232,0.789,0.089,-0.672,0.793,-0.62,0.544,0.009,-0.674,0.664,-0.112,-0.258,0.911,0.806,0.588,-0.713,0.758,0.731,0.199,-0.387,0.798,0.864,0.65,0.904,0.768,0.806,0.853,-0.138,0.622,-0.251,0.719,-0.678,0.908,0.837,-0.781,0.591,0.755,0.877,0.636,0.869,0.713,0.775,0.097,0.864,0.613,0.312,0.914,0.707,0.057,0.502,0.719,-0.384,0.261,0.718,0.646,0.821,0.312,-0.494,-0.778,0.611,0.762,0.797,0.889,0.029,0.553,0.746,0.768,0.737,0.425,-0.571,0.879,0.652,0.346,0.87,-0.364,0.416,0.482,0.851,-0.288,0.873,0.375,0.619,0.529,0.125,0.129,-0.605,0.098,-0.658,0.832,-0.684,0.114,0.883,-0.393,0.29,-0.412,0.766,0.817,0.594,0.875,-0.659,-0.615,0.859,0.888,0.893,-0.781,-0.752,0.848,0.21,0.848,0.843,-0.347,0.681,0.449,-0.261,0.83,-0.117,0.873,-0.701,0.176,0.831,-0.776,-0.437,0.86,0.761,-0.571,0.559
ALT,0.143,-0.058,-0.569,0.326,0.378,0.069,0.0,-0.548,-0.021,0.478,0.136,0.46,0.264,0.259,0.518,0.323,-0.224,0.124,0.273,0.383,-0.592,0.296,0.272,0.215,0.29,0.424,-0.047,0.141,0.071,-0.001,0.096,-0.052,0.616,0.322,0.096,-0.011,0.014,0.293,0.644,-0.466,0.485,0.132,0.151,0.153,0.219,0.098,0.338,0.078,-0.114,0.221,-0.004,0.205,0.596,0.371,0.053,0.364,0.452,0.201,0.409,0.202,0.108,-0.094,-0.481,0.46,0.099,0.141,0.496,0.099,0.332,0.064,-0.094,-0.227,0.292,0.24,0.168,-0.174,0.767,-0.195,0.412,-0.161,0.091,-0.236,-0.174,0.14,0.255,0.314,0.068,0.331,0.487,-0.211,-0.062,0.244,-0.079,-0.191,0.134,0.082,0.234,0.152,-0.066,-0.086,-0.146,0.092,0.546,0.334,0.333,0.095,0.165,0.264,0.025,0.427,0.136,0.112,0.157,0.119,0.294,0.125,0.056,-0.05,0.232,0.358,0.226,-0.308,-0.253,-0.131,0.513,0.016,-0.323,0.256,0.525,-0.002,0.395,-0.064,0.222,-0.24,0.159,-0.139,0.222,-0.086,0.696,0.182,0.295,0.111,0.557,0.254,0.213,0.018,0.623,0.349,-0.204,0.603,-0.006,0.249,0.43,0.099,0.37,0.336,0.118,0.174,0.169,-0.146,-0.116,-0.035,-0.156,0.088,0.064,0.252,0.222,0.523,0.303,0.229,0.022,0.325,0.27,-0.087,0.207,0.12,0.155,-0.119,0.007,0.122,0.145,-0.248,0.019,0.248,0.587,0.323,0.448,0.319,0.161,0.167,0.126,-0.066,-0.151,0.229,0.152,-0.208,0.178,0.178,-0.037,0.358
AMGN,-0.359,-0.244,0.878,-0.27,-0.021,-0.292,-0.548,0.0,0.464,-0.642,0.31,-0.362,-0.41,-0.604,-0.669,-0.356,0.624,0.276,-0.075,-0.029,0.321,0.304,-0.534,-0.131,-0.38,-0.387,0.332,-0.427,-0.005,0.097,-0.403,-0.169,-0.703,-0.415,-0.211,-0.265,0.405,-0.245,-0.453,0.116,-0.183,0.328,-0.451,-0.098,-0.028,-0.375,-0.449,-0.096,-0.167,-0.511,-0.203,-0.552,-0.595,-0.586,-0.195,-0.459,-0.638,-0.508,-0.504,-0.272,-0.44,-0.096,0.281,-0.659,-0.272,-0.354,-0.532,0.368,0.22,-0.368,0.609,0.565,-0.601,-0.304,0.176,-0.047,-0.39,0.486,-0.532,0.515,0.078,0.314,0.571,-0.118,0.064,0.227,-0.387,-0.442,-0.497,0.545,-0.225,-0.497,-0.001,0.291,-0.395,-0.404,-0.458,-0.43,-0.188,-0.301,-0.191,0.11,-0.435,0.046,-0.391,0.106,-0.439,-0.553,0.39,-0.446,-0.473,-0.336,-0.397,-0.434,-0.479,-0.275,0.227,-0.374,-0.316,-0.125,-0.362,-0.118,0.48,0.139,-0.537,0.34,0.432,-0.464,-0.588,-0.359,-0.185,0.306,0.298,0.135,-0.358,0.001,-0.448,0.329,-0.59,-0.473,-0.527,-0.256,-0.398,0.354,-0.421,-0.173,-0.369,-0.435,0.444,-0.417,0.051,-0.49,-0.313,-0.182,-0.432,-0.355,-0.454,0.054,0.249,0.418,0.303,0.382,-0.014,0.451,0.077,-0.465,-0.057,-0.243,0.124,-0.245,-0.31,-0.376,-0.44,0.403,0.135,-0.376,-0.282,-0.284,0.302,0.39,-0.371,0.005,-0.291,-0.421,-0.343,-0.408,-0.468,-0.026,-0.405,-0.089,-0.382,0.369,0.169,-0.468,0.36,0.51,-0.445,-0.357,0.279,-0.236
AMPH,-0.849,-0.873,0.229,0.176,0.61,-0.832,-0.021,0.464,0.0,-0.799,0.483,-0.638,-0.596,-0.872,-0.74,-0.673,0.616,0.529,0.118,0.321,-0.131,0.626,-0.906,-0.372,-0.744,-0.709,0.151,-0.41,-0.0,0.553,-0.943,-0.852,-0.714,-0.531,-0.778,-0.808,0.767,-0.44,-0.332,-0.497,-0.23,0.772,-0.948,0.396,-0.363,-0.672,-0.809,-0.719,-0.768,-0.422,-0.79,-0.907,-0.247,-0.258,-0.691,-0.8,-0.567,-0.877,-0.821,-0.759,-0.905,-0.82,-0.021,-0.762,-0.74,-0.638,-0.658,0.906,0.828,-0.933,0.763,0.808,-0.908,-0.772,0.498,-0.774,-0.035,0.857,-0.807,0.872,-0.285,0.217,0.911,-0.632,0.358,0.293,-0.888,-0.85,-0.675,0.915,-0.829,-0.87,0.03,0.561,-0.869,-0.869,-0.53,-0.886,-0.819,-0.729,-0.777,0.332,-0.631,0.409,-0.769,0.816,-0.945,-0.894,0.92,-0.552,-0.69,-0.882,-0.736,-0.892,-0.825,-0.746,0.219,-0.862,-0.571,-0.267,-0.829,-0.715,0.249,-0.396,-0.742,0.692,-0.138,-0.838,-0.59,-0.876,-0.271,0.733,0.931,-0.318,-0.787,-0.737,-0.903,0.295,-0.534,-0.859,-0.885,-0.748,-0.47,0.794,-0.852,-0.617,-0.351,-0.781,0.646,-0.424,-0.408,-0.884,0.308,-0.755,-0.411,-0.631,-0.483,0.064,0.261,0.834,0.234,0.79,-0.792,0.869,0.124,-0.918,0.56,-0.261,0.699,-0.643,-0.878,-0.661,-0.817,0.864,0.702,-0.844,-0.746,-0.815,0.909,0.965,-0.892,-0.217,-0.841,-0.804,0.41,-0.771,-0.409,0.552,-0.894,0.32,-0.88,0.826,0.03,-0.919,0.925,0.726,-0.919,-0.827,0.773,-0.559
AMZN,0.889,0.72,-0.44,0.11,-0.347,0.789,0.478,-0.642,-0.799,0.0,-0.271,0.837,0.672,0.758,0.876,0.837,-0.537,-0.418,0.161,-0.005,-0.152,-0.243,0.873,0.545,0.858,0.886,-0.083,0.385,0.215,-0.548,0.882,0.677,0.907,0.478,0.773,0.739,-0.574,0.637,0.616,0.26,0.509,-0.557,0.873,-0.232,0.605,0.715,0.931,0.701,0.636,0.316,0.694,0.844,0.459,0.354,0.711,0.911,0.774,0.822,0.904,0.823,0.842,0.691,-0.123,0.92,0.778,0.711,0.809,-0.627,-0.43,0.851,-0.629,-0.704,0.874,0.842,-0.225,0.626,0.508,-0.816,0.897,-0.752,0.511,-0.287,-0.817,0.691,-0.17,0.01,0.831,0.902,0.863,-0.803,0.749,0.839,-0.074,-0.562,0.864,0.846,0.557,0.873,0.733,0.568,0.678,-0.293,0.778,-0.085,0.865,-0.639,0.884,0.858,-0.782,0.764,0.674,0.861,0.776,0.868,0.876,0.7,-0.068,0.753,0.514,0.536,0.899,0.428,-0.237,0.426,0.904,-0.528,0.105,0.859,0.736,0.739,0.525,-0.627,-0.636,0.195,0.836,0.634,0.874,-0.144,0.814,0.841,0.88,0.67,0.754,-0.418,0.911,0.637,0.649,0.844,-0.574,0.653,0.462,0.886,-0.095,0.781,0.431,0.791,0.407,0.18,0.09,-0.702,-0.182,-0.776,0.594,-0.59,-0.056,0.924,-0.397,0.579,-0.365,0.813,0.791,0.676,0.865,-0.786,-0.413,0.854,0.804,0.695,-0.786,-0.692,0.87,0.25,0.799,0.903,-0.089,0.798,0.581,-0.231,0.877,-0.216,0.867,-0.769,-0.074,0.904,-0.633,-0.679,0.889,0.857,-0.654,0.753
ANIP,-0.305,-0.41,0.274,-0.261,0.55,-0.165,0.136,0.31,0.483,-0.271,0.0,-0.127,-0.48,-0.313,-0.293,-0.314,0.198,0.586,-0.186,0.074,-0.288,0.459,-0.426,-0.266,-0.199,-0.302,0.494,0.173,0.237,0.484,-0.343,-0.236,-0.282,-0.018,-0.358,-0.328,0.691,-0.008,0.118,-0.08,-0.234,0.617,-0.352,0.41,0.077,-0.432,-0.312,-0.441,-0.266,-0.008,-0.02,-0.45,0.199,0.189,-0.459,-0.428,-0.379,-0.227,-0.346,-0.338,-0.362,-0.407,-0.3,-0.236,-0.426,-0.432,-0.054,0.457,0.395,-0.375,0.3,0.629,-0.327,-0.341,0.502,-0.433,0.047,0.575,-0.351,0.481,-0.068,0.06,0.489,-0.424,0.527,0.062,-0.403,-0.336,-0.409,0.456,-0.488,-0.402,0.374,0.435,-0.474,-0.286,0.112,-0.357,-0.395,-0.053,-0.216,0.696,-0.244,0.306,-0.43,0.476,-0.319,-0.318,0.478,-0.336,-0.02,-0.418,-0.497,-0.456,-0.446,-0.354,0.629,-0.399,-0.22,-0.261,-0.3,-0.16,0.178,-0.234,-0.308,0.647,-0.17,-0.346,-0.267,-0.206,-0.185,0.531,0.442,-0.0,-0.495,-0.229,-0.275,0.544,-0.135,-0.498,-0.438,-0.118,-0.272,0.368,-0.377,-0.509,0.001,-0.057,0.218,0.038,-0.367,-0.353,0.297,-0.242,0.053,-0.415,-0.013,0.262,0.306,0.363,0.526,0.506,-0.194,0.549,0.594,-0.336,0.464,-0.221,0.493,-0.195,-0.515,-0.419,-0.091,0.528,0.081,-0.42,-0.265,-0.178,0.497,0.567,-0.431,-0.374,-0.406,-0.258,0.329,-0.298,-0.131,0.623,-0.479,0.315,-0.461,0.575,0.478,-0.386,0.355,0.615,-0.377,-0.444,0.517,-0.319
AOSL,0.822,0.719,-0.21,0.115,-0.278,0.721,0.46,-0.362,-0.638,0.837,-0.127,0.0,0.544,0.572,0.833,0.838,-0.262,-0.291,0.225,0.1,-0.065,0.083,0.759,0.426,0.876,0.895,0.037,0.097,0.164,-0.677,0.777,0.66,0.786,0.507,0.817,0.687,-0.486,0.613,0.694,0.077,0.71,-0.402,0.767,-0.331,0.689,0.624,0.886,0.805,0.623,0.016,0.611,0.657,0.352,0.099,0.771,0.83,0.585,0.643,0.767,0.872,0.654,0.723,-0.133,0.711,0.828,0.65,0.761,-0.496,-0.233,0.737,-0.344,-0.538,0.713,0.885,-0.162,0.66,0.646,-0.716,0.831,-0.592,0.669,-0.347,-0.661,0.802,-0.177,0.255,0.761,0.892,0.838,-0.646,0.667,0.66,-0.154,-0.662,0.728,0.788,0.336,0.739,0.685,0.387,0.585,-0.218,0.856,0.034,0.883,-0.628,0.794,0.726,-0.666,0.757,0.421,0.824,0.659,0.742,0.775,0.68,-0.022,0.545,0.544,0.712,0.849,0.204,-0.162,0.542,0.903,-0.486,0.257,0.826,0.637,0.534,0.519,-0.579,-0.473,0.124,0.788,0.737,0.755,-0.013,0.879,0.73,0.732,0.689,0.848,-0.135,0.863,0.647,0.693,0.801,-0.497,0.8,0.645,0.766,-0.244,0.831,0.333,0.804,0.131,0.135,0.361,-0.651,-0.061,-0.701,0.513,-0.373,-0.105,0.851,-0.473,0.732,-0.204,0.863,0.723,0.804,0.836,-0.729,-0.334,0.832,0.854,0.518,-0.745,-0.518,0.828,0.107,0.749,0.817,-0.075,0.786,0.607,-0.278,0.802,-0.35,0.788,-0.708,-0.126,0.842,-0.438,-0.537,0.837,0.798,-0.665,0.851
APDN,0.6,0.539,-0.341,0.333,-0.549,0.473,0.264,-0.41,-0.596,0.672,-0.48,0.544,0.0,0.517,0.554,0.696,-0.142,-0.658,0.427,0.154,0.137,-0.184,0.669,0.576,0.563,0.689,-0.334,0.038,-0.017,-0.677,0.654,0.475,0.65,0.134,0.635,0.597,-0.714,0.233,0.12,0.124,0.579,-0.614,0.608,-0.231,0.227,0.601,0.702,0.65,0.429,-0.036,0.28,0.738,-0.043,0.094,0.705,0.765,0.669,0.493,0.628,0.689,0.639,0.616,0.155,0.565,0.691,0.657,0.293,-0.437,-0.347,0.66,-0.368,-0.599,0.53,0.632,-0.41,0.603,0.303,-0.676,0.637,-0.624,0.431,-0.08,-0.585,0.659,-0.448,0.08,0.604,0.676,0.687,-0.58,0.664,0.613,-0.365,-0.584,0.77,0.569,0.09,0.64,0.606,0.271,0.446,-0.631,0.589,0.036,0.733,-0.656,0.62,0.591,-0.578,0.603,0.3,0.677,0.639,0.72,0.732,0.555,-0.463,0.591,0.175,0.58,0.65,0.197,-0.009,0.453,0.585,-0.664,0.323,0.602,0.525,0.406,0.696,-0.559,-0.477,0.077,0.737,0.485,0.639,-0.373,0.433,0.74,0.784,0.268,0.643,-0.277,0.707,0.738,0.567,0.411,-0.327,0.265,0.588,0.622,-0.113,0.557,0.113,0.727,0.015,-0.023,-0.032,-0.535,-0.453,-0.659,0.361,-0.534,-0.463,0.639,-0.562,0.559,-0.372,0.568,0.729,0.576,0.433,-0.662,-0.003,0.691,0.56,0.453,-0.671,-0.608,0.694,0.44,0.683,0.6,-0.33,0.608,0.369,-0.323,0.747,-0.435,0.742,-0.731,-0.318,0.68,-0.396,-0.516,0.662,0.755,-0.582,0.677
APLT,0.7,0.726,-0.376,-0.199,-0.31,0.773,0.259,-0.604,-0.872,0.758,-0.313,0.572,0.517,0.0,0.763,0.475,-0.733,-0.316,-0.275,-0.359,0.065,-0.578,0.805,0.174,0.661,0.595,-0.118,0.568,-0.154,-0.309,0.817,0.778,0.729,0.613,0.597,0.622,-0.627,0.452,0.484,0.352,0.2,-0.564,0.837,-0.171,0.17,0.628,0.707,0.514,0.63,0.603,0.699,0.896,0.555,0.514,0.449,0.688,0.501,0.875,0.809,0.596,0.778,0.599,-0.105,0.803,0.558,0.583,0.717,-0.856,-0.702,0.8,-0.763,-0.767,0.901,0.612,-0.446,0.532,0.081,-0.744,0.798,-0.72,0.088,-0.157,-0.785,0.454,-0.115,-0.363,0.762,0.752,0.586,-0.848,0.57,0.772,0.169,-0.393,0.688,0.715,0.677,0.807,0.589,0.709,0.552,-0.087,0.679,-0.31,0.642,-0.565,0.858,0.872,-0.753,0.494,0.669,0.732,0.557,0.769,0.67,0.704,-0.14,0.709,0.73,0.101,0.751,0.629,-0.237,0.102,0.74,-0.509,-0.161,0.693,0.729,0.77,0.229,-0.579,-0.782,0.311,0.605,0.51,0.829,-0.391,0.599,0.728,0.835,0.674,0.379,-0.755,0.739,0.431,0.329,0.801,-0.551,0.436,0.178,0.83,-0.013,0.636,0.547,0.505,0.621,-0.221,-0.344,-0.702,-0.219,-0.559,0.657,-0.85,0.032,0.826,-0.278,0.195,-0.489,0.445,0.715,0.623,0.806,-0.663,-0.575,0.687,0.649,0.696,-0.698,-0.803,0.742,-0.044,0.636,0.688,-0.084,0.692,0.484,-0.355,0.752,-0.014,0.751,-0.637,-0.007,0.797,-0.823,-0.579,0.793,0.644,-0.607,0.403
APVO,0.765,0.68,-0.51,0.138,-0.237,0.674,0.518,-0.669,-0.74,0.876,-0.293,0.833,0.554,0.763,0.0,0.749,-0.541,-0.333,0.129,0.029,-0.218,-0.225,0.868,0.371,0.815,0.826,-0.126,0.225,0.057,-0.552,0.78,0.633,0.89,0.652,0.721,0.664,-0.611,0.565,0.718,0.042,0.573,-0.468,0.822,-0.25,0.478,0.565,0.857,0.665,0.602,0.315,0.59,0.763,0.499,0.276,0.664,0.824,0.674,0.735,0.821,0.779,0.711,0.63,-0.28,0.801,0.727,0.607,0.827,-0.607,-0.364,0.743,-0.558,-0.721,0.853,0.811,-0.271,0.561,0.574,-0.815,0.873,-0.735,0.385,-0.436,-0.812,0.656,-0.208,0.043,0.755,0.891,0.832,-0.815,0.607,0.801,-0.185,-0.668,0.714,0.78,0.477,0.755,0.6,0.446,0.541,-0.21,0.834,-0.05,0.85,-0.57,0.82,0.831,-0.729,0.734,0.546,0.78,0.638,0.746,0.79,0.672,-0.126,0.59,0.628,0.541,0.781,0.251,-0.407,0.319,0.913,-0.532,0.018,0.831,0.762,0.59,0.428,-0.601,-0.56,0.044,0.747,0.554,0.806,-0.222,0.91,0.763,0.809,0.671,0.773,-0.388,0.809,0.491,0.622,0.81,-0.638,0.792,0.442,0.795,-0.156,0.713,0.49,0.744,0.362,0.053,0.011,-0.784,-0.21,-0.689,0.431,-0.548,-0.087,0.863,-0.359,0.637,-0.325,0.689,0.693,0.797,0.802,-0.756,-0.413,0.779,0.754,0.52,-0.733,-0.624,0.81,0.034,0.69,0.757,0.038,0.842,0.682,-0.311,0.802,-0.225,0.767,-0.732,-0.158,0.87,-0.582,-0.727,0.849,0.762,-0.68,0.732
ARGX,0.834,0.743,-0.25,0.188,-0.568,0.62,0.323,-0.356,-0.673,0.837,-0.314,0.838,0.696,0.475,0.749,0.0,-0.17,-0.508,0.474,0.227,-0.057,-0.064,0.829,0.627,0.827,0.887,-0.177,-0.014,0.291,-0.8,0.79,0.58,0.772,0.316,0.823,0.761,-0.606,0.574,0.408,0.136,0.691,-0.598,0.778,-0.468,0.736,0.575,0.874,0.857,0.589,-0.048,0.511,0.663,0.072,-0.064,0.883,0.891,0.722,0.588,0.77,0.881,0.73,0.774,-0.058,0.664,0.863,0.645,0.601,-0.448,-0.321,0.78,-0.363,-0.627,0.681,0.901,-0.274,0.741,0.569,-0.782,0.789,-0.738,0.705,-0.357,-0.719,0.852,-0.345,0.269,0.743,0.892,0.898,-0.697,0.847,0.791,-0.45,-0.683,0.869,0.808,0.151,0.763,0.83,0.325,0.643,-0.539,0.747,-0.071,0.923,-0.744,0.776,0.707,-0.745,0.686,0.389,0.848,0.805,0.805,0.892,0.652,-0.151,0.63,0.275,0.781,0.812,0.25,-0.162,0.691,0.792,-0.634,0.476,0.883,0.462,0.571,0.657,-0.717,-0.538,0.005,0.895,0.754,0.756,-0.1,0.711,0.827,0.789,0.578,0.864,-0.216,0.849,0.705,0.712,0.657,-0.55,0.667,0.705,0.747,-0.4,0.769,0.169,0.889,-0.016,0.239,0.241,-0.741,-0.304,-0.862,0.532,-0.383,-0.292,0.835,-0.695,0.766,-0.463,0.873,0.8,0.709,0.68,-0.871,-0.3,0.84,0.76,0.537,-0.835,-0.621,0.873,0.431,0.826,0.839,-0.309,0.802,0.507,-0.379,0.864,-0.593,0.829,-0.808,-0.195,0.866,-0.489,-0.71,0.857,0.912,-0.775,0.931
ARLP,-0.428,-0.362,0.466,0.327,0.045,-0.477,-0.224,0.624,0.616,-0.537,0.198,-0.262,-0.142,-0.733,-0.541,-0.17,0.0,0.021,0.317,0.338,0.171,0.644,-0.558,-0.01,-0.328,-0.279,0.044,-0.672,0.027,-0.139,-0.508,-0.407,-0.503,-0.493,-0.19,-0.263,0.312,-0.358,-0.438,-0.285,0.222,0.288,-0.568,0.076,-0.063,-0.361,-0.383,-0.122,-0.347,-0.755,-0.558,-0.538,-0.672,-0.536,-0.038,-0.351,-0.457,-0.682,-0.579,-0.196,-0.545,-0.189,0.223,-0.66,-0.153,-0.21,-0.597,0.607,0.594,-0.477,0.763,0.586,-0.745,-0.239,0.161,-0.118,-0.018,0.445,-0.502,0.458,0.238,0.198,0.597,-0.041,-0.032,0.396,-0.482,-0.416,-0.285,0.62,-0.282,-0.563,-0.38,0.053,-0.372,-0.428,-0.757,-0.498,-0.319,-0.511,-0.334,-0.182,-0.287,0.306,-0.272,0.249,-0.567,-0.644,0.52,-0.28,-0.646,-0.38,-0.311,-0.46,-0.362,-0.31,-0.065,-0.494,-0.535,0.243,-0.408,-0.572,0.43,0.191,-0.485,0.231,0.505,-0.442,-0.435,-0.685,0.09,0.291,0.586,-0.204,-0.281,-0.147,-0.533,0.222,-0.41,-0.404,-0.477,-0.57,-0.115,0.653,-0.412,-0.07,-0.015,-0.54,0.485,-0.311,0.256,-0.571,-0.222,-0.258,-0.561,-0.169,-0.753,0.13,0.412,0.466,0.021,0.261,-0.415,0.609,-0.26,-0.542,-0.105,0.121,0.329,-0.164,-0.323,-0.235,-0.584,0.376,0.585,-0.329,-0.286,-0.462,0.368,0.523,-0.389,0.104,-0.28,-0.451,-0.154,-0.434,-0.22,0.175,-0.412,-0.251,-0.359,0.28,-0.127,-0.492,0.677,0.453,-0.458,-0.28,0.283,-0.026
ATEX,-0.45,-0.447,0.26,-0.37,0.771,-0.332,0.124,0.276,0.529,-0.418,0.586,-0.291,-0.658,-0.316,-0.333,-0.508,0.021,0.0,-0.35,-0.131,-0.25,0.219,-0.494,-0.364,-0.423,-0.485,0.489,0.153,0.058,0.669,-0.526,-0.347,-0.345,0.024,-0.525,-0.508,0.771,0.074,0.223,-0.146,-0.307,0.758,-0.464,0.22,-0.034,-0.46,-0.504,-0.532,-0.378,0.203,-0.155,-0.534,0.359,0.102,-0.654,-0.537,-0.422,-0.275,-0.3,-0.556,-0.449,-0.577,-0.306,-0.264,-0.611,-0.533,0.021,0.395,0.387,-0.527,0.329,0.451,-0.299,-0.455,0.486,-0.596,-0.073,0.591,-0.296,0.546,-0.352,0.078,0.504,-0.515,0.78,0.037,-0.52,-0.456,-0.463,0.461,-0.569,-0.441,0.398,0.666,-0.602,-0.467,0.129,-0.429,-0.494,-0.216,-0.474,0.702,-0.289,0.091,-0.531,0.66,-0.439,-0.393,0.559,-0.462,-0.186,-0.548,-0.527,-0.586,-0.562,-0.484,0.621,-0.499,0.063,-0.455,-0.437,-0.103,0.18,-0.433,-0.291,0.731,-0.324,-0.431,-0.206,-0.25,-0.426,0.564,0.499,-0.022,-0.59,-0.388,-0.437,0.361,-0.15,-0.614,-0.55,-0.03,-0.375,0.349,-0.523,-0.638,-0.276,-0.149,0.282,-0.036,-0.572,-0.431,0.337,-0.451,0.192,-0.552,0.118,0.098,0.18,0.432,0.442,0.664,-0.204,0.556,0.66,-0.439,0.613,-0.308,0.486,-0.408,-0.621,-0.4,-0.232,0.585,0.064,-0.607,-0.416,-0.346,0.628,0.622,-0.55,-0.491,-0.571,-0.424,0.545,-0.398,-0.137,0.355,-0.601,0.471,-0.59,0.724,0.463,-0.502,0.418,0.53,-0.519,-0.611,0.522,-0.434
ATRA,0.119,-0.079,-0.23,0.646,-0.278,-0.189,0.273,-0.075,0.118,0.161,-0.186,0.225,0.427,-0.275,0.129,0.474,0.317,-0.35,0.0,0.765,-0.128,0.328,0.121,0.503,0.172,0.331,-0.343,-0.542,0.251,-0.452,-0.007,-0.244,0.252,-0.22,0.19,0.084,-0.212,-0.015,-0.138,-0.388,0.479,-0.155,-0.025,-0.178,0.267,0.046,0.229,0.304,-0.079,-0.459,-0.282,-0.07,-0.356,-0.369,0.403,0.289,0.502,-0.253,0.071,0.291,0.057,0.099,0.051,0.005,0.293,0.121,-0.168,0.412,0.351,-0.021,0.169,-0.078,-0.097,0.249,0.106,0.132,0.603,-0.176,0.07,-0.078,0.417,-0.248,-0.036,0.353,-0.396,0.662,0.012,0.166,0.391,0.044,0.211,0.098,-0.634,-0.347,0.251,0.045,-0.507,-0.036,0.162,-0.442,0.008,-0.566,0.157,0.338,0.334,-0.162,-0.045,-0.006,-0.037,0.317,-0.283,0.126,0.312,0.151,0.269,0.067,-0.333,-0.057,-0.369,0.702,0.076,-0.491,-0.113,0.38,0.122,-0.323,0.308,0.214,-0.025,-0.197,0.633,-0.213,0.21,-0.411,0.338,0.01,-0.0,-0.001,0.18,0.255,0.096,-0.248,0.557,0.475,0.175,0.342,0.438,-0.233,-0.006,0.194,0.471,0.058,-0.078,0.066,-0.365,0.484,-0.497,0.224,0.308,-0.089,-0.337,-0.283,-0.303,0.268,-0.575,0.04,-0.317,0.644,0.078,0.271,0.106,0.166,-0.138,-0.222,0.489,0.183,0.09,-0.271,-0.145,0.092,0.148,0.599,0.175,0.177,-0.099,0.17,0.136,0.01,0.191,-0.368,0.135,-0.276,-0.403,0.102,0.302,-0.274,0.064,0.312,-0.205,0.502
AUTL,-0.13,-0.294,-0.28,0.538,-0.008,-0.376,0.383,-0.029,0.321,-0.005,0.074,0.1,0.154,-0.359,0.029,0.227,0.338,-0.131,0.765,0.0,-0.287,0.522,-0.102,0.163,0.006,0.141,-0.282,-0.574,0.064,-0.204,-0.225,-0.439,0.089,-0.139,-0.06,-0.197,0.001,-0.166,-0.101,-0.636,0.401,0.057,-0.232,-0.032,0.094,-0.158,0.026,0.066,-0.324,-0.384,-0.415,-0.264,-0.205,-0.29,0.107,0.044,0.357,-0.435,-0.081,0.061,-0.212,-0.161,-0.186,-0.152,0.015,-0.153,-0.222,0.555,0.5,-0.282,0.233,0.073,-0.254,0.025,0.187,-0.162,0.651,-0.02,-0.112,0.107,0.175,-0.356,0.119,0.101,-0.206,0.746,-0.234,-0.035,0.239,0.232,-0.118,-0.14,-0.463,-0.257,-0.063,-0.183,-0.512,-0.294,-0.121,-0.563,-0.269,-0.288,0.122,0.403,0.106,0.083,-0.259,-0.186,0.192,0.176,-0.432,-0.131,0.077,-0.116,0.028,-0.136,-0.23,-0.392,-0.344,0.504,-0.139,-0.669,-0.241,0.042,0.033,-0.162,0.025,0.046,-0.131,-0.391,0.407,-0.069,0.419,-0.58,0.021,-0.216,-0.238,0.03,0.158,0.027,-0.118,-0.344,0.41,0.609,-0.067,0.028,0.444,-0.323,0.001,0.245,0.214,-0.106,0.12,-0.157,-0.343,0.245,-0.545,0.096,0.198,0.067,-0.248,-0.04,-0.504,0.429,-0.456,-0.153,-0.09,0.494,0.228,0.023,-0.162,0.013,-0.203,0.003,0.541,-0.077,-0.128,-0.518,0.096,0.333,-0.111,0.219,-0.129,-0.021,0.171,-0.025,0.008,0.186,-0.077,-0.169,-0.14,-0.033,-0.44,-0.118,0.47,-0.119,-0.153,0.067,-0.038,0.288
AVDL,0.12,0.335,0.289,-0.05,-0.459,0.201,-0.592,0.321,-0.131,-0.152,-0.288,-0.065,0.137,0.065,-0.218,-0.057,0.171,-0.25,-0.128,-0.287,0.0,-0.109,-0.063,-0.107,0.005,-0.045,-0.093,-0.148,-0.324,-0.339,0.163,0.301,-0.313,-0.373,0.23,0.179,-0.275,-0.079,-0.381,0.337,0.065,-0.261,0.016,-0.308,-0.182,0.451,0.013,0.293,0.255,-0.355,0.0,0.19,-0.328,-0.263,0.269,0.028,-0.158,-0.02,-0.038,0.173,0.069,0.349,0.745,-0.144,0.293,0.381,-0.305,-0.272,-0.263,0.204,0.08,-0.115,-0.055,0.08,-0.376,0.405,-0.394,-0.171,0.022,0.086,0.247,0.352,0.088,0.313,-0.245,-0.172,0.241,-0.013,-0.054,0.076,0.265,-0.047,0.124,-0.029,0.17,0.099,-0.233,0.188,0.334,0.045,0.155,-0.34,0.016,-0.298,0.061,-0.257,0.071,0.003,-0.219,-0.03,-0.254,0.245,0.154,0.234,-0.028,0.323,-0.326,0.193,0.133,0.02,0.185,0.242,0.48,0.249,-0.074,-0.31,0.37,-0.02,-0.112,0.004,0.061,-0.237,-0.289,0.359,0.222,0.367,-0.023,-0.242,-0.323,0.149,0.034,0.027,-0.127,-0.144,0.163,0.371,-0.291,-0.135,0.337,-0.412,0.391,0.094,-0.334,0.237,-0.506,0.145,-0.22,-0.54,0.03,0.1,-0.19,-0.141,0.254,-0.35,-0.341,0.049,-0.45,-0.067,-0.312,0.024,0.355,0.163,0.049,-0.164,0.071,0.227,0.229,0.194,-0.231,-0.246,0.185,0.276,0.243,0.108,-0.465,-0.111,-0.103,-0.43,0.189,-0.251,0.244,-0.233,-0.273,0.036,-0.18,0.103,0.104,0.151,-0.267,0.038
BCRX,-0.313,-0.412,0.123,0.389,0.396,-0.359,0.296,0.304,0.626,-0.243,0.459,0.083,-0.184,-0.578,-0.225,-0.064,0.644,0.219,0.328,0.522,-0.109,0.0,-0.493,-0.117,-0.107,-0.061,0.165,-0.502,0.095,-0.033,-0.437,-0.421,-0.238,-0.326,-0.178,-0.353,0.47,-0.127,0.084,-0.527,0.399,0.448,-0.503,0.203,0.13,-0.2,-0.196,-0.128,-0.427,-0.634,-0.456,-0.472,-0.121,-0.285,-0.096,-0.212,-0.223,-0.545,-0.372,-0.107,-0.539,-0.286,0.026,-0.365,-0.116,-0.127,-0.24,0.65,0.807,-0.462,0.679,0.517,-0.564,-0.144,0.34,-0.288,0.48,0.372,-0.299,0.471,0.327,0.045,0.537,-0.006,0.185,0.549,-0.381,-0.271,-0.055,0.58,-0.397,-0.542,-0.041,0.011,-0.386,-0.369,-0.475,-0.425,-0.381,-0.524,-0.394,0.091,0.028,0.528,-0.161,0.376,-0.477,-0.533,0.502,0.004,-0.54,-0.326,-0.261,-0.405,-0.272,-0.218,0.106,-0.582,-0.318,0.322,-0.253,-0.71,0.256,-0.014,-0.136,0.299,0.145,-0.325,-0.175,-0.658,0.133,0.29,0.698,-0.257,-0.249,-0.205,-0.472,0.264,0.068,-0.4,-0.401,-0.375,0.149,0.839,-0.274,-0.084,0.291,-0.282,0.401,0.132,0.189,-0.402,0.105,-0.17,-0.383,-0.04,-0.61,0.146,0.629,0.509,0.126,0.291,-0.499,0.67,-0.071,-0.378,0.138,0.324,0.626,0.0,-0.351,-0.065,-0.263,0.374,0.627,-0.255,-0.141,-0.523,0.4,0.673,-0.34,-0.2,-0.344,-0.239,0.305,-0.332,-0.018,0.396,-0.371,0.01,-0.342,0.293,-0.18,-0.388,0.722,0.416,-0.375,-0.253,0.308,0.082
BHAT,0.854,0.837,-0.355,-0.057,-0.555,0.752,0.272,-0.534,-0.906,0.873,-0.426,0.759,0.669,0.805,0.868,0.829,-0.558,-0.494,0.121,-0.102,-0.063,-0.493,0.0,0.497,0.805,0.828,-0.167,0.293,0.084,-0.618,0.911,0.75,0.848,0.601,0.785,0.798,-0.752,0.55,0.48,0.298,0.43,-0.669,0.951,-0.428,0.499,0.589,0.88,0.777,0.731,0.338,0.707,0.849,0.29,0.198,0.754,0.871,0.679,0.838,0.875,0.821,0.86,0.784,-0.154,0.797,0.784,0.612,0.74,-0.769,-0.659,0.903,-0.675,-0.805,0.932,0.844,-0.407,0.736,0.323,-0.876,0.877,-0.864,0.378,-0.369,-0.911,0.707,-0.353,-0.078,0.837,0.951,0.802,-0.929,0.83,0.963,-0.267,-0.653,0.877,0.881,0.474,0.868,0.821,0.576,0.707,-0.356,0.739,-0.247,0.888,-0.803,0.941,0.921,-0.873,0.65,0.637,0.889,0.734,0.874,0.884,0.697,-0.165,0.789,0.535,0.48,0.843,0.523,-0.352,0.501,0.835,-0.659,0.187,0.914,0.607,0.801,0.452,-0.721,-0.794,0.143,0.844,0.713,0.934,-0.252,0.712,0.879,0.91,0.742,0.689,-0.617,0.87,0.588,0.492,0.806,-0.719,0.629,0.461,0.863,-0.329,0.781,0.478,0.764,0.378,0.06,-0.139,-0.91,-0.265,-0.811,0.675,-0.705,-0.148,0.941,-0.562,0.504,-0.62,0.719,0.842,0.735,0.798,-0.897,-0.596,0.851,0.759,0.701,-0.895,-0.853,0.923,0.254,0.825,0.827,-0.297,0.936,0.532,-0.484,0.926,-0.409,0.871,-0.823,-0.101,0.966,-0.794,-0.798,0.949,0.875,-0.799,0.732
BLBD,0.595,0.335,-0.005,0.331,-0.346,0.455,0.215,-0.131,-0.372,0.545,-0.266,0.426,0.576,0.174,0.371,0.627,-0.01,-0.364,0.503,0.163,-0.107,-0.117,0.497,0.0,0.461,0.633,0.156,0.029,0.522,-0.49,0.466,0.39,0.554,-0.052,0.608,0.615,-0.299,0.376,0.156,0.384,0.399,-0.264,0.451,-0.087,0.575,0.401,0.555,0.508,0.464,-0.064,0.398,0.421,-0.167,0.049,0.624,0.656,0.475,0.394,0.459,0.594,0.609,0.537,0.175,0.483,0.553,0.528,0.315,-0.112,-0.056,0.526,-0.132,-0.269,0.37,0.569,0.192,0.545,0.307,-0.391,0.516,-0.415,0.636,0.129,-0.328,0.565,-0.189,0.218,0.518,0.519,0.54,-0.379,0.632,0.547,-0.354,-0.326,0.653,0.462,0.125,0.541,0.522,0.218,0.607,-0.517,0.307,-0.02,0.578,-0.46,0.46,0.46,-0.368,0.522,0.403,0.54,0.596,0.586,0.614,0.406,-0.025,0.602,0.031,0.592,0.543,0.202,0.146,0.582,0.391,-0.207,0.514,0.461,0.405,0.396,0.623,-0.227,-0.239,0.357,0.639,0.413,0.542,0.209,0.315,0.572,0.484,0.208,0.494,-0.008,0.565,0.618,0.364,0.337,-0.053,0.178,0.535,0.453,-0.279,0.505,0.067,0.609,0.103,0.597,0.291,-0.322,-0.006,-0.471,0.374,-0.149,-0.141,0.484,-0.328,0.533,-0.155,0.656,0.522,0.296,0.283,-0.405,-0.044,0.55,0.515,0.437,-0.465,-0.332,0.548,0.641,0.622,0.547,-0.372,0.472,0.343,-0.049,0.563,-0.249,0.585,-0.526,0.053,0.483,-0.206,-0.427,0.48,0.622,-0.285,0.595
BMRN,0.898,0.785,-0.151,0.056,-0.437,0.815,0.29,-0.38,-0.744,0.858,-0.199,0.876,0.563,0.661,0.815,0.827,-0.328,-0.423,0.172,0.006,0.005,-0.107,0.805,0.461,0.0,0.905,0.012,0.18,0.195,-0.682,0.867,0.746,0.779,0.52,0.859,0.812,-0.562,0.605,0.575,0.257,0.594,-0.507,0.862,-0.283,0.68,0.677,0.935,0.816,0.752,0.07,0.732,0.739,0.28,0.131,0.817,0.864,0.608,0.709,0.771,0.904,0.769,0.8,-0.095,0.729,0.88,0.72,0.747,-0.588,-0.395,0.838,-0.467,-0.566,0.752,0.91,-0.232,0.759,0.494,-0.782,0.813,-0.665,0.645,-0.354,-0.759,0.802,-0.273,0.128,0.824,0.898,0.808,-0.718,0.766,0.744,-0.185,-0.637,0.798,0.89,0.393,0.814,0.757,0.561,0.728,-0.245,0.78,0.022,0.888,-0.7,0.863,0.779,-0.761,0.785,0.536,0.885,0.692,0.845,0.813,0.789,-0.034,0.7,0.531,0.662,0.898,0.35,-0.169,0.614,0.843,-0.54,0.314,0.833,0.64,0.623,0.492,-0.619,-0.598,0.233,0.834,0.781,0.832,-0.017,0.785,0.8,0.805,0.657,0.751,-0.326,0.909,0.669,0.6,0.823,-0.554,0.703,0.639,0.83,-0.318,0.891,0.356,0.813,0.235,0.167,0.226,-0.72,-0.043,-0.795,0.613,-0.486,-0.124,0.887,-0.499,0.651,-0.292,0.845,0.789,0.739,0.825,-0.771,-0.442,0.914,0.892,0.656,-0.817,-0.654,0.887,0.26,0.826,0.859,-0.245,0.81,0.551,-0.294,0.869,-0.29,0.869,-0.79,-0.075,0.881,-0.602,-0.612,0.887,0.853,-0.697,0.823
BNGO,0.857,0.728,-0.248,0.215,-0.459,0.735,0.424,-0.387,-0.709,0.886,-0.302,0.895,0.689,0.595,0.826,0.887,-0.279,-0.485,0.331,0.141,-0.045,-0.061,0.828,0.633,0.905,0.0,-0.05,0.06,0.192,-0.758,0.833,0.686,0.843,0.403,0.88,0.767,-0.641,0.548,0.551,0.173,0.716,-0.538,0.817,-0.349,0.668,0.66,0.946,0.863,0.666,-0.006,0.605,0.748,0.187,0.066,0.862,0.943,0.664,0.66,0.811,0.933,0.753,0.807,-0.049,0.74,0.888,0.734,0.679,-0.522,-0.294,0.82,-0.379,-0.637,0.73,0.913,-0.225,0.764,0.598,-0.823,0.847,-0.694,0.69,-0.266,-0.725,0.861,-0.35,0.227,0.821,0.917,0.91,-0.728,0.782,0.781,-0.309,-0.733,0.854,0.8,0.277,0.794,0.753,0.409,0.669,-0.441,0.832,0.019,0.954,-0.759,0.823,0.77,-0.732,0.878,0.462,0.887,0.763,0.86,0.878,0.746,-0.184,0.669,0.458,0.778,0.886,0.237,-0.176,0.603,0.885,-0.592,0.365,0.835,0.688,0.565,0.668,-0.642,-0.542,0.199,0.882,0.725,0.817,-0.096,0.821,0.822,0.849,0.606,0.868,-0.216,0.904,0.753,0.691,0.742,-0.484,0.696,0.721,0.811,-0.322,0.868,0.273,0.896,0.124,0.219,0.227,-0.701,-0.165,-0.783,0.528,-0.471,-0.245,0.878,-0.551,0.763,-0.34,0.875,0.824,0.771,0.755,-0.787,-0.295,0.9,0.854,0.556,-0.822,-0.627,0.899,0.288,0.816,0.843,-0.262,0.827,0.57,-0.301,0.896,-0.387,0.876,-0.84,-0.212,0.887,-0.507,-0.682,0.872,0.903,-0.715,0.898
BUSE,0.046,-0.089,0.49,-0.375,0.397,0.204,-0.047,0.332,0.151,-0.083,0.494,0.037,-0.334,-0.118,-0.126,-0.177,0.044,0.489,-0.343,-0.282,-0.093,0.165,-0.167,0.156,0.012,-0.05,0.0,0.278,0.419,0.295,-0.061,0.161,-0.14,0.045,0.004,0.044,0.537,0.27,0.305,0.403,-0.166,0.568,-0.057,0.242,0.307,-0.066,-0.073,-0.149,0.124,0.045,0.347,-0.182,0.17,0.155,-0.164,-0.129,-0.351,0.08,-0.108,-0.079,-0.026,-0.034,-0.011,-0.047,-0.138,-0.068,0.208,0.102,0.155,-0.031,0.216,0.437,-0.069,-0.028,0.67,-0.067,-0.095,0.328,-0.031,0.293,0.183,0.262,0.255,-0.109,0.486,-0.035,-0.014,-0.086,-0.246,0.182,-0.097,-0.119,0.396,0.326,-0.192,-0.021,0.361,0.007,-0.078,0.187,0.179,0.523,-0.135,0.065,-0.173,0.213,-0.026,-0.05,0.25,-0.069,0.24,-0.087,-0.228,-0.123,-0.198,-0.105,0.679,0.076,0.147,-0.167,0.014,0.197,0.287,0.075,-0.08,0.596,0.129,-0.15,-0.016,0.068,-0.202,0.538,0.177,0.506,-0.159,0.114,0.007,0.734,-0.027,-0.229,-0.199,0.155,-0.193,0.178,-0.07,-0.16,-0.193,0.192,0.213,-0.002,-0.132,-0.124,-0.055,0.089,0.288,-0.234,0.251,0.486,0.429,0.212,0.81,0.273,0.225,0.323,0.653,-0.057,0.362,-0.159,0.386,0.12,-0.161,-0.186,0.079,0.337,-0.191,-0.092,0.086,0.203,0.221,0.276,-0.112,-0.178,-0.026,-0.034,0.1,-0.097,0.05,0.296,-0.17,0.303,-0.117,0.307,0.573,-0.123,0.099,0.357,-0.093,-0.193,0.401,-0.144
CAKE,0.307,0.219,-0.156,-0.455,0.193,0.5,0.141,-0.427,-0.41,0.385,0.173,0.097,0.038,0.568,0.225,-0.014,-0.672,0.153,-0.542,-0.574,-0.148,-0.502,0.293,0.029,0.18,0.06,0.278,0.0,0.182,0.381,0.364,0.401,0.292,0.301,0.048,0.235,0.055,0.36,0.363,0.536,-0.371,-0.02,0.391,0.267,0.065,0.252,0.187,-0.134,0.269,0.717,0.567,0.428,0.648,0.793,-0.155,0.143,0.138,0.668,0.351,0.012,0.426,0.032,-0.148,0.554,-0.02,0.168,0.504,-0.461,-0.461,0.379,-0.538,-0.174,0.514,0.045,0.056,-0.019,-0.247,-0.051,0.313,-0.227,-0.188,0.171,-0.285,-0.163,0.402,-0.648,0.3,0.202,-0.02,-0.358,0.124,0.33,0.6,0.314,0.212,0.321,0.858,0.441,0.146,0.686,0.347,0.434,0.074,-0.252,0.005,-0.035,0.423,0.453,-0.226,-0.008,0.762,0.192,0.082,0.284,0.153,0.167,0.398,0.505,0.338,-0.451,0.294,0.697,0.006,-0.157,0.193,0.184,-0.374,0.186,0.316,0.621,-0.18,0.074,-0.396,0.472,0.07,0.096,0.445,0.085,0.145,0.162,0.302,0.442,-0.171,-0.583,0.232,-0.064,-0.054,0.539,-0.207,0.07,-0.421,0.363,0.326,0.155,0.572,-0.085,0.814,0.13,-0.21,-0.174,0.253,-0.039,0.495,-0.406,0.614,0.349,0.305,-0.366,-0.109,0.134,0.153,-0.05,0.443,-0.059,-0.527,0.154,0.166,0.626,-0.089,-0.315,0.183,-0.144,0.199,0.286,0.14,0.178,0.168,0.206,0.178,0.355,0.213,0.049,0.538,0.273,-0.524,0.029,0.278,0.058,0.095,-0.187
CASY,0.257,-0.005,0.136,0.034,0.104,0.195,0.071,-0.005,-0.0,0.215,0.237,0.164,-0.017,-0.154,0.057,0.291,0.027,0.058,0.251,0.064,-0.324,0.095,0.084,0.522,0.195,0.192,0.419,0.182,0.0,0.0,0.077,0.046,0.154,-0.097,0.167,0.227,0.244,0.329,0.241,0.349,-0.016,0.193,0.107,0.17,0.592,-0.02,0.143,0.014,0.123,-0.028,0.306,-0.093,-0.005,0.134,0.155,0.134,0.108,0.189,0.051,0.126,0.19,0.083,0.015,0.172,0.119,0.106,0.241,0.171,0.184,0.132,0.051,0.247,0.02,0.172,0.523,0.086,0.196,0.146,0.04,-0.011,0.411,0.107,0.015,0.08,0.16,0.078,0.158,0.095,0.075,0.016,0.234,0.11,-0.063,0.103,0.155,0.216,0.231,0.15,0.158,0.18,0.376,0.016,-0.118,-0.019,0.086,0.018,0.114,0.097,-0.004,0.148,0.392,0.101,0.117,0.129,0.144,-0.002,0.481,0.275,-0.221,0.178,0.132,0.166,0.095,0.32,0.021,0.308,0.265,0.113,-0.036,0.195,0.149,0.214,0.066,0.256,0.152,0.138,0.151,0.626,0.124,0.037,-0.008,0.093,0.104,0.154,0.138,0.101,0.113,0.197,0.018,0.14,0.091,0.077,-0.126,0.134,0.14,0.077,0.163,0.768,0.506,-0.04,0.408,-0.185,0.141,0.294,0.362,0.112,0.115,0.086,0.164,0.412,0.001,-0.104,0.067,0.009,-0.171,0.133,0.15,0.259,-0.025,0.082,0.09,0.295,0.217,0.185,-0.047,0.068,0.172,0.366,0.062,-0.024,0.09,0.043,0.451,0.087,0.036,-0.008,0.112,0.087,0.2,0.142
CCOI,-0.656,-0.713,0.069,-0.371,0.712,-0.485,-0.001,0.097,0.553,-0.548,0.484,-0.677,-0.677,-0.309,-0.552,-0.8,-0.139,0.669,-0.452,-0.204,-0.339,-0.033,-0.618,-0.49,-0.682,-0.758,0.295,0.381,0.0,0.0,-0.658,-0.542,-0.499,-0.115,-0.819,-0.704,0.738,-0.264,-0.12,-0.067,-0.757,0.675,-0.588,0.524,-0.451,-0.584,-0.723,-0.892,-0.566,0.408,-0.281,-0.572,0.303,0.355,-0.938,-0.752,-0.449,-0.329,-0.502,-0.857,-0.531,-0.832,-0.271,-0.348,-0.895,-0.699,-0.259,0.412,0.245,-0.66,0.117,0.548,-0.412,-0.813,0.473,-0.847,-0.376,0.75,-0.6,0.605,-0.734,0.186,0.54,-0.908,0.592,-0.269,-0.676,-0.724,-0.762,0.517,-0.771,-0.56,0.554,0.807,-0.752,-0.655,0.221,-0.606,-0.737,-0.16,-0.543,0.748,-0.652,0.091,-0.837,0.774,-0.59,-0.488,0.679,-0.649,-0.045,-0.782,-0.707,-0.71,-0.733,-0.68,0.487,-0.496,-0.213,-0.824,-0.675,-0.062,-0.027,-0.708,-0.608,0.763,-0.657,-0.68,-0.37,-0.272,-0.629,0.728,0.478,-0.053,-0.819,-0.745,-0.547,0.272,-0.478,-0.729,-0.653,-0.35,-0.732,0.124,-0.729,-0.808,-0.536,-0.382,0.29,-0.395,-0.927,-0.567,0.611,-0.73,0.172,-0.837,0.307,0.038,-0.217,0.583,0.426,0.789,-0.376,0.423,0.617,-0.641,0.862,-0.735,0.484,-0.714,-0.805,-0.747,-0.464,0.791,0.096,-0.805,-0.716,-0.373,0.811,0.585,-0.786,-0.428,-0.756,-0.633,0.536,-0.614,-0.399,0.558,-0.779,0.709,-0.777,0.855,0.443,-0.704,0.364,0.612,-0.722,-0.83,0.801,-0.852
