,AAPL,ACRS,ADP,AFYA,AGNC,AGYS,ALT,AMGN,AMPH,AMZN,ANIP,AOSL,APDN,APLT,APVO,ARGX,ARLP,ATEX,ATRA,AUTL,AVDL,BCRX,BHAT,BLBD,BMRN,BNGO,BUSE,CAKE,CASY,CCOI,CEVA,CHY,CLDX,CLMT,COHU,COLM,COST,CPRT,CSWC,CSX,DBX,DCOM,DKNG,DMLP,DOX,EA,EDIT,ENPH,ENSG,ERNA,ESGR,ETNB,EXTR,FANG,FARO,FATE,FGEN,FIVE,FIVN,FLGT,FOLD,FORM,FOXA,FRPT,FSLR,FTAI,GBDC,GDYN,GGAL,GNLN,GRFS,GT,HCAT,HCM,HFWA,HOLX,HQY,HUBG,IAC,ICLR,IDCC,IEP,IHRT,ILMN,ILPT,IMAB,IMOS,INMD,INTZ,JAZZ,JKHY,JRVR,KIDS,LBRDK,LGND,LMAT,LPLA,LULU,MASI,MAT,MATW,MBIN,MBIO,MCRB,MDB,MDLZ,MELI,MIRM,MLKN,MNMD,MNRO,MPWR,MRCY,MRSN,MTVA,NAAS,NDAQ,NDSN,NEGG,NOVT,NVDA,NWE,NWSA,NXST,OCX,ODFL,OMAB,OPCH,OPRA,ORGO,OTRK,OZK,PAGP,PCH,PEGA,PENG,PENN,PFBC,PGNY,PHAT,PHUN,PINC,PLUG,PLXS,PYPL,QLYS,QNCX,QQQX,QVCGA,RAPT,RBBN,RCKT,REPL,RMBS,ROAD,ROKU,ROP,RUSHA,SANM,SATS,SBCF,SBLK,SBUX,SCHL,SCSC,SDGR,SEIC,SFIX,SGRY,SKYW,SLP,SNES,STAA,STLD,STOK,SWKS,TER,TFIN,TIGO,TILE,TPIC,TTEC,TTEK,TTGT,UXIN,VERU,VLYPP,VNOM,VRNS,VRSN,WDAY,WERN,WINA,WKHS,WRLD,XP,XTKG,YY,ZION,ZM
AAPL,0.0,0.014,-0.098,0.445,-0.005,0.622,0.493,-0.015,-0.125,0.731,-0.07,0.807,0.443,0.48,0.233,0.668,0.604,0.099,0.438,0.557,0.201,0.03,0.187,-0.147,0.375,0.61,-0.417,-0.184,0.163,-0.026,0.736,0.817,0.321,-0.06,0.71,0.174,0.591,0.646,0.297,0.03,-0.044,-0.342,0.098,-0.042,-0.06,0.651,0.573,0.835,-0.08,0.599,-0.36,0.417,0.618,-0.433,0.681,0.649,0.39,0.51,0.764,0.514,0.571,0.833,-0.378,0.665,0.798,-0.466,-0.004,0.446,0.451,0.565,0.491,-0.372,0.382,0.449,-0.465,0.633,0.356,-0.342,0.696,0.091,0.418,0.352,-0.077,0.694,-0.224,0.679,0.028,0.469,0.263,0.371,0.305,0.28,0.379,-0.011,0.237,0.348,-0.096,0.696,0.659,0.114,-0.426,-0.422,0.721,0.298,0.64,-0.208,0.735,0.298,-0.273,0.678,-0.395,0.771,0.682,0.605,0.439,0.31,-0.253,-0.112,0.065,0.562,0.794,-0.147,-0.17,-0.235,0.584,-0.128,-0.122,0.279,0.185,0.001,0.286,-0.287,-0.38,0.106,0.612,0.698,0.431,-0.428,0.285,-0.029,0.331,-0.086,0.581,-0.146,0.82,0.303,-0.223,0.224,0.047,0.162,0.569,0.666,0.505,0.734,0.229,0.715,-0.025,-0.248,-0.233,-0.443,-0.337,-0.097,0.171,-0.452,-0.349,0.684,-0.223,0.424,0.233,0.144,0.658,0.12,0.659,-0.316,0.455,0.873,0.739,-0.199,-0.127,-0.052,0.5,0.101,0.619,0.739,0.622,0.583,-0.032,0.095,0.626,0.469,0.573,-0.403,-0.303,0.354,-0.392,0.596,0.526,0.653,-0.314,0.713
ACRS,0.014,0.0,0.678,-0.658,0.635,-0.089,0.162,0.663,0.409,0.091,0.838,0.284,0.062,-0.076,0.453,-0.27,-0.303,0.784,-0.275,0.512,0.632,0.759,0.556,0.012,-0.309,0.032,0.644,0.691,0.487,0.801,-0.17,0.08,-0.354,0.747,0.257,0.667,0.007,0.238,0.635,0.487,0.768,0.548,0.868,-0.485,0.711,-0.515,0.202,0.053,0.764,-0.02,0.649,0.552,0.346,0.175,0.265,0.256,-0.49,0.452,-0.167,0.277,-0.406,0.09,0.617,0.312,0.106,0.341,0.102,0.579,0.318,0.31,0.433,-0.061,0.134,-0.495,0.542,-0.199,-0.59,0.721,0.299,-0.144,0.471,-0.603,0.7,-0.229,0.673,-0.141,0.66,0.516,0.81,0.444,-0.282,0.112,-0.35,0.699,0.82,0.153,0.85,0.244,-0.451,0.682,0.565,0.518,0.3,0.672,-0.441,0.697,-0.315,0.609,0.668,-0.395,0.318,-0.136,0.418,-0.4,0.408,-0.271,0.592,0.674,0.632,-0.044,-0.109,0.688,0.83,0.628,-0.004,0.815,0.586,0.332,0.445,0.908,-0.323,0.33,0.252,0.091,-0.466,-0.11,0.453,0.594,0.223,-0.217,0.529,-0.098,-0.174,0.68,-0.152,0.54,0.384,0.856,0.398,0.736,-0.019,0.504,-0.0,-0.105,0.406,-0.347,0.73,0.726,0.715,0.404,0.4,0.858,0.592,0.557,0.436,-0.243,0.658,-0.568,0.702,0.228,-0.122,0.35,-0.215,0.601,-0.643,0.067,-0.298,0.41,0.504,0.407,-0.1,0.895,-0.136,-0.077,0.017,0.245,0.673,0.326,-0.341,-0.129,0.298,0.582,0.672,0.158,0.276,-0.472,0.313,-0.127,0.419,-0.293
ADP,-0.098,0.678,0.0,-0.703,0.718,-0.232,0.101,0.749,0.592,-0.041,0.855,0.08,-0.131,-0.318,0.627,-0.423,-0.411,0.887,-0.168,0.289,0.71,0.809,0.336,0.304,-0.315,-0.124,0.856,0.858,0.556,0.818,-0.38,-0.26,-0.645,0.928,0.17,0.499,-0.251,0.166,0.484,0.479,0.93,0.821,0.617,-0.394,0.913,-0.714,0.1,-0.196,0.825,0.037,0.862,0.173,0.279,0.539,0.184,-0.064,-0.613,0.287,-0.505,0.35,-0.585,-0.038,0.81,0.158,-0.159,0.621,-0.222,0.197,0.309,0.113,0.212,0.04,0.132,-0.626,0.797,-0.432,-0.601,0.903,-0.151,-0.1,0.671,-0.538,0.844,-0.484,0.934,-0.48,0.524,0.012,0.721,0.501,-0.058,0.151,-0.673,0.782,0.782,-0.284,0.838,0.053,-0.658,0.759,0.793,0.735,0.122,0.592,-0.694,0.892,-0.501,0.659,0.797,-0.653,0.609,-0.464,0.244,-0.645,0.251,-0.228,0.858,0.956,0.703,-0.348,-0.307,0.936,0.894,0.864,-0.109,0.872,0.788,0.435,0.176,0.759,-0.331,0.768,0.518,0.423,-0.653,-0.386,0.422,0.822,0.275,-0.145,0.453,0.332,-0.418,0.908,-0.448,0.689,0.611,0.791,0.555,0.804,-0.121,0.422,-0.107,-0.355,0.654,-0.617,0.77,0.927,0.925,0.64,0.732,0.742,0.756,0.703,0.755,-0.574,0.877,-0.767,0.648,0.457,-0.173,0.076,-0.516,0.827,-0.831,-0.086,-0.571,0.351,0.765,0.822,-0.146,0.82,-0.232,-0.361,-0.064,0.236,0.842,0.65,-0.484,-0.395,0.26,0.696,0.82,0.161,0.566,-0.632,0.168,-0.485,0.728,-0.576
AFYA,0.445,-0.658,-0.703,0.0,-0.611,0.488,0.166,-0.6,-0.563,0.22,-0.711,0.204,0.25,0.506,-0.418,0.595,0.571,-0.639,0.375,0.038,-0.46,-0.733,-0.212,-0.12,0.417,0.332,-0.835,-0.725,-0.214,-0.631,0.578,0.406,0.525,-0.707,0.196,-0.342,0.382,0.098,-0.405,-0.386,-0.697,-0.705,-0.612,0.363,-0.731,0.768,-0.015,0.495,-0.749,0.319,-0.858,-0.004,0.033,-0.536,0.154,0.128,0.715,0.015,0.694,-0.118,0.762,0.366,-0.805,0.167,0.391,-0.713,-0.047,-0.225,-0.036,0.085,0.152,-0.248,-0.058,0.796,-0.796,0.559,0.784,-0.823,0.199,0.121,-0.259,0.661,-0.7,0.625,-0.788,0.617,-0.406,-0.029,-0.473,-0.057,0.376,-0.065,0.597,-0.667,-0.471,0.196,-0.752,0.148,0.794,-0.458,-0.825,-0.767,0.168,-0.469,0.831,-0.759,0.703,-0.322,-0.774,0.789,-0.62,0.656,0.018,0.668,-0.104,0.461,-0.738,-0.696,-0.539,0.512,0.537,-0.699,-0.781,-0.766,0.275,-0.745,-0.687,-0.115,-0.077,-0.656,0.442,-0.566,-0.542,-0.268,0.763,0.549,-0.162,-0.808,-0.181,-0.079,-0.248,-0.088,0.535,-0.713,0.631,-0.376,-0.626,-0.656,-0.469,-0.522,0.384,-0.1,0.435,0.577,-0.261,0.698,-0.681,-0.778,-0.818,-0.674,-0.642,-0.639,-0.469,-0.758,-0.728,0.716,-0.752,0.887,-0.521,-0.248,0.465,-0.064,0.63,-0.805,0.808,0.428,0.753,-0.477,-0.651,-0.493,0.273,-0.676,0.535,0.583,0.3,0.113,-0.698,-0.307,0.608,0.397,0.01,-0.707,-0.83,0.042,-0.581,0.814,0.044,0.516,-0.592,0.703
AGNC,-0.005,0.635,0.718,-0.611,0.0,-0.076,0.528,0.803,0.609,0.336,0.815,0.316,0.273,0.145,0.592,-0.054,0.024,0.766,-0.084,0.544,0.771,0.686,0.583,-0.062,0.123,0.288,0.65,0.645,0.704,0.866,0.04,0.002,-0.385,0.742,0.45,0.695,0.242,0.461,0.564,0.542,0.77,0.565,0.502,-0.502,0.795,-0.382,0.503,0.004,0.812,0.268,0.612,0.398,0.551,0.132,0.222,0.317,-0.219,0.445,-0.328,0.473,-0.278,0.25,0.509,0.255,0.237,0.241,-0.295,0.5,0.633,0.455,0.308,-0.285,0.356,-0.348,0.477,-0.09,-0.526,0.659,0.112,0.37,0.589,-0.173,0.67,-0.045,0.697,-0.296,0.603,0.121,0.689,0.531,-0.187,0.016,-0.27,0.464,0.633,-0.196,0.823,0.427,-0.428,0.423,0.466,0.444,0.437,0.691,-0.414,0.784,-0.154,0.838,0.571,-0.291,0.36,-0.151,0.513,-0.424,0.669,-0.235,0.675,0.702,0.813,0.095,0.089,0.746,0.74,0.577,0.344,0.627,0.592,0.306,0.136,0.622,0.138,0.53,0.141,0.42,-0.283,-0.021,0.379,0.531,0.699,-0.17,0.73,0.451,-0.267,0.568,-0.187,0.75,0.236,0.75,0.796,0.835,0.329,0.554,0.164,-0.005,0.519,-0.265,0.794,0.732,0.67,0.259,0.5,0.747,0.403,0.677,0.518,-0.195,0.782,-0.677,0.477,0.708,0.036,0.437,-0.065,0.612,-0.681,0.208,-0.261,-0.001,0.415,0.702,0.327,0.655,0.017,-0.214,0.345,0.538,0.815,0.623,-0.087,-0.329,0.616,0.366,0.658,0.334,0.153,-0.258,0.571,-0.335,0.624,-0.379
AGYS,0.622,-0.089,-0.232,0.488,-0.076,0.0,0.522,-0.324,0.113,0.635,-0.185,0.722,0.673,0.445,0.148,0.74,0.625,-0.082,0.735,0.314,0.165,-0.008,0.343,-0.206,0.302,0.696,-0.379,-0.196,-0.001,-0.091,0.726,0.673,0.501,-0.278,0.446,0.115,0.582,0.647,0.358,0.263,-0.228,-0.229,0.093,0.275,-0.208,0.585,0.513,0.769,-0.145,0.641,-0.36,0.428,0.562,-0.429,0.789,0.718,0.496,0.406,0.741,0.17,0.689,0.741,-0.488,0.7,0.688,-0.377,0.053,0.21,0.327,0.676,0.456,-0.209,0.603,0.402,-0.362,0.415,0.624,-0.378,0.656,0.064,0.379,0.475,-0.354,0.589,-0.304,0.712,-0.293,0.502,0.084,0.178,0.38,0.286,0.313,-0.279,0.126,0.469,-0.149,0.635,0.756,-0.005,-0.341,-0.266,0.602,0.205,0.673,-0.419,0.76,0.232,-0.22,0.634,-0.276,0.649,0.439,0.71,0.33,0.721,-0.357,-0.202,0.079,0.568,0.646,-0.31,-0.359,-0.369,0.571,-0.138,-0.373,0.566,0.068,-0.166,0.329,-0.163,-0.376,0.291,0.695,0.789,0.585,-0.371,0.212,0.265,0.336,0.152,0.808,-0.247,0.835,0.134,-0.122,-0.022,0.206,0.056,0.432,0.422,0.362,0.649,0.323,0.7,-0.167,-0.323,-0.409,-0.414,-0.151,-0.181,0.037,-0.28,-0.233,0.714,-0.288,0.378,0.269,0.257,0.815,-0.001,0.57,-0.217,0.59,0.575,0.631,-0.246,-0.045,0.053,0.441,0.033,0.763,0.861,0.702,0.621,-0.108,-0.038,0.748,0.225,0.452,-0.404,-0.451,0.341,-0.197,0.613,0.391,0.753,-0.106,0.736
ALT,0.493,0.162,0.101,0.166,0.528,0.522,0.0,0.363,0.319,0.786,0.287,0.723,0.777,0.778,0.401,0.67,0.681,0.238,0.366,0.645,0.633,0.184,0.569,-0.429,0.643,0.819,-0.077,-0.028,0.578,0.43,0.776,0.494,0.079,0.15,0.746,0.52,0.832,0.826,0.368,0.306,0.207,-0.083,0.061,-0.306,0.22,0.392,0.783,0.619,0.329,0.736,-0.125,0.533,0.885,-0.472,0.579,0.721,0.523,0.466,0.365,0.51,0.519,0.782,-0.279,0.626,0.82,-0.464,-0.426,0.499,0.85,0.775,0.556,-0.701,0.472,0.314,-0.248,0.428,0.159,-0.054,0.501,0.607,0.478,0.538,0.017,0.679,0.032,0.354,0.271,0.247,0.389,0.548,-0.067,-0.067,0.322,-0.189,0.312,0.001,0.293,0.833,0.339,-0.027,-0.288,-0.258,0.847,0.569,0.408,0.177,0.653,0.743,-0.131,0.47,-0.275,0.545,0.745,0.252,0.805,0.299,0.012,0.106,0.512,0.687,0.77,0.162,0.107,-0.127,0.889,0.009,-0.024,0.378,0.022,0.058,0.75,0.023,-0.493,0.326,0.518,0.582,0.41,-0.203,0.795,-0.175,0.78,0.398,0.345,-0.114,0.531,0.535,-0.331,0.324,0.608,0.561,0.871,0.633,0.648,0.646,0.447,0.494,0.326,0.096,-0.065,-0.454,-0.067,0.303,-0.068,0.07,-0.096,0.578,0.129,-0.031,0.158,0.624,0.695,0.542,0.677,-0.071,0.051,0.712,0.494,-0.513,-0.143,0.302,0.846,0.179,0.72,0.454,0.837,0.891,0.323,0.442,0.683,-0.039,0.895,-0.321,-0.153,0.456,-0.468,0.549,0.874,0.278,0.128,0.377
AMGN,-0.015,0.663,0.749,-0.6,0.803,-0.324,0.363,0.0,0.303,0.189,0.871,0.15,0.008,0.109,0.467,-0.195,-0.136,0.813,-0.458,0.556,0.662,0.6,0.378,-0.028,0.021,0.038,0.602,0.561,0.696,0.771,-0.123,-0.1,-0.536,0.815,0.412,0.634,0.114,0.283,0.316,0.313,0.786,0.436,0.448,-0.796,0.811,-0.445,0.25,-0.155,0.706,0.067,0.58,0.32,0.465,0.085,0.012,0.03,-0.315,0.356,-0.406,0.47,-0.406,0.102,0.565,0.06,0.069,0.186,-0.402,0.457,0.505,0.168,0.366,-0.36,-0.023,-0.294,0.411,-0.092,-0.735,0.656,-0.031,0.317,0.463,-0.332,0.799,-0.089,0.659,-0.367,0.826,0.022,0.695,0.528,-0.26,-0.081,-0.234,0.556,0.6,-0.256,0.795,0.291,-0.552,0.444,0.391,0.311,0.312,0.56,-0.5,0.885,-0.296,0.765,0.457,-0.391,0.191,-0.17,0.499,-0.595,0.597,-0.456,0.663,0.694,0.673,0.002,0.004,0.784,0.817,0.603,0.193,0.575,0.739,0.036,0.227,0.659,0.08,0.371,0.054,0.114,-0.426,-0.172,0.089,0.487,0.505,-0.448,0.62,0.241,-0.576,0.589,-0.325,0.636,0.096,0.761,0.539,0.826,0.274,0.49,0.199,-0.015,0.369,-0.394,0.872,0.744,0.739,0.243,0.299,0.79,0.408,0.539,0.371,-0.291,0.745,-0.63,0.366,0.369,-0.21,0.512,-0.128,0.474,-0.801,0.192,-0.298,0.069,0.294,0.491,0.164,0.639,-0.091,-0.383,0.087,0.319,0.752,0.548,-0.319,-0.275,0.509,0.412,0.731,0.192,0.025,-0.363,0.49,-0.492,0.412,-0.499
AMPH,-0.125,0.409,0.592,-0.563,0.609,0.113,0.319,0.303,0.0,0.2,0.515,0.227,0.319,-0.172,0.607,-0.077,-0.161,0.481,0.376,0.005,0.718,0.63,0.437,-0.098,-0.023,0.205,0.636,0.587,0.37,0.63,-0.054,-0.175,-0.32,0.504,0.026,0.4,0.094,0.39,0.554,0.668,0.59,0.655,0.407,0.045,0.594,-0.341,0.49,0.007,0.782,0.318,0.627,0.166,0.332,0.425,0.32,0.355,-0.26,0.105,-0.355,0.1,-0.233,0.094,0.473,0.288,0.094,0.482,-0.028,0.141,0.412,0.385,-0.013,0.023,0.492,-0.518,0.647,-0.344,-0.171,0.602,0.081,0.149,0.525,-0.076,0.318,-0.256,0.673,-0.35,-0.05,0.095,0.416,0.174,-0.04,0.13,-0.537,0.33,0.505,-0.291,0.605,0.198,-0.331,0.351,0.627,0.685,0.267,0.71,-0.403,0.539,-0.121,0.527,0.622,-0.406,0.628,-0.374,0.164,-0.213,0.247,0.085,0.63,0.57,0.663,-0.152,-0.105,0.549,0.489,0.508,0.2,0.624,0.245,0.607,-0.103,0.394,-0.032,0.688,0.379,0.762,-0.222,-0.172,0.632,0.587,0.53,0.324,0.448,0.483,0.077,0.488,-0.177,0.614,0.609,0.49,0.704,0.568,-0.017,0.278,-0.147,-0.294,0.567,-0.276,0.416,0.602,0.486,0.428,0.713,0.454,0.343,0.583,0.699,-0.326,0.596,-0.714,0.546,0.666,0.254,-0.028,-0.272,0.726,-0.427,-0.127,-0.397,-0.003,0.677,0.75,0.221,0.553,0.004,-0.08,0.213,0.47,0.698,0.536,0.045,-0.366,0.368,0.412,0.393,0.294,0.498,-0.312,0.259,-0.169,0.685,-0.243
AMZN,0.731,0.091,-0.041,0.22,0.336,0.635,0.786,0.189,0.2,0.0,0.088,0.784,0.716,0.647,0.279,0.788,0.673,0.115,0.503,0.553,0.428,0.111,0.311,-0.389,0.652,0.855,-0.277,-0.193,0.358,0.203,0.798,0.654,0.365,-0.027,0.744,0.383,0.844,0.824,0.363,0.35,0.03,-0.252,0.059,-0.184,0.022,0.614,0.869,0.743,0.139,0.661,-0.249,0.452,0.833,-0.52,0.616,0.845,0.569,0.391,0.583,0.607,0.643,0.883,-0.41,0.673,0.852,-0.48,-0.289,0.448,0.634,0.696,0.435,-0.625,0.646,0.346,-0.374,0.602,0.279,-0.25,0.757,0.516,0.439,0.529,-0.115,0.776,-0.144,0.484,0.063,0.31,0.324,0.353,0.079,-0.003,0.453,-0.118,0.213,0.256,0.091,0.91,0.56,-0.079,-0.348,-0.329,0.82,0.568,0.548,-0.019,0.782,0.543,-0.191,0.574,-0.345,0.692,0.694,0.539,0.668,0.286,-0.045,-0.085,0.404,0.739,0.866,-0.067,-0.08,-0.237,0.851,-0.126,-0.18,0.306,-0.002,-0.007,0.609,-0.176,-0.567,0.335,0.683,0.682,0.409,-0.352,0.673,0.112,0.624,0.304,0.547,-0.205,0.753,0.534,-0.219,0.279,0.486,0.37,0.771,0.693,0.657,0.708,0.209,0.726,0.204,-0.127,-0.196,-0.557,-0.22,0.041,-0.024,-0.167,-0.261,0.679,-0.029,0.118,0.172,0.435,0.767,0.361,0.726,-0.176,0.299,0.813,0.65,-0.492,-0.143,0.113,0.794,0.155,0.758,0.654,0.81,0.839,0.172,0.185,0.783,0.328,0.879,-0.505,-0.204,0.474,-0.437,0.612,0.744,0.507,-0.117,0.632
ANIP,-0.07,0.838,0.855,-0.711,0.815,-0.185,0.287,0.871,0.515,0.088,0.0,0.223,0.037,-0.068,0.62,-0.328,-0.265,0.907,-0.313,0.5,0.794,0.834,0.541,0.046,-0.235,-0.017,0.803,0.788,0.69,0.896,-0.209,-0.104,-0.609,0.92,0.291,0.665,0.009,0.29,0.565,0.453,0.916,0.704,0.732,-0.578,0.907,-0.624,0.215,-0.115,0.863,0.097,0.767,0.396,0.433,0.303,0.211,0.113,-0.508,0.469,-0.409,0.329,-0.509,0.045,0.734,0.202,0.032,0.422,-0.152,0.499,0.505,0.256,0.411,-0.139,0.112,-0.509,0.661,-0.311,-0.704,0.842,0.004,0.049,0.614,-0.503,0.856,-0.294,0.837,-0.355,0.73,0.222,0.797,0.55,-0.227,0.134,-0.493,0.692,0.807,-0.187,0.944,0.232,-0.621,0.704,0.645,0.592,0.291,0.676,-0.606,0.906,-0.393,0.77,0.714,-0.522,0.429,-0.291,0.465,-0.601,0.493,-0.28,0.709,0.857,0.711,-0.147,-0.145,0.901,0.931,0.767,0.079,0.828,0.771,0.353,0.321,0.836,-0.166,0.575,0.324,0.277,-0.55,-0.222,0.393,0.717,0.421,-0.332,0.645,0.215,-0.426,0.8,-0.347,0.648,0.385,0.881,0.592,0.901,0.069,0.492,0.03,-0.164,0.597,-0.508,0.838,0.898,0.857,0.489,0.57,0.933,0.603,0.705,0.615,-0.402,0.841,-0.734,0.629,0.446,-0.161,0.33,-0.303,0.722,-0.831,0.05,-0.449,0.32,0.583,0.668,0.001,0.854,-0.142,-0.281,0.048,0.327,0.875,0.648,-0.394,-0.395,0.396,0.649,0.785,0.213,0.314,-0.498,0.379,-0.394,0.625,-0.52
AOSL,0.807,0.284,0.08,0.204,0.316,0.722,0.723,0.15,0.227,0.784,0.223,0.0,0.67,0.549,0.499,0.632,0.604,0.301,0.49,0.67,0.539,0.307,0.54,-0.284,0.319,0.706,-0.132,0.072,0.372,0.322,0.784,0.806,0.133,0.141,0.763,0.382,0.717,0.839,0.588,0.231,0.2,-0.08,0.342,-0.084,0.196,0.438,0.71,0.851,0.264,0.727,-0.118,0.613,0.83,-0.376,0.858,0.844,0.341,0.637,0.627,0.491,0.499,0.884,-0.215,0.812,0.866,-0.353,0.002,0.61,0.714,0.786,0.666,-0.42,0.563,0.269,-0.23,0.391,0.221,-0.067,0.737,0.183,0.629,0.293,0.073,0.624,0.013,0.65,0.177,0.607,0.451,0.504,0.084,0.307,0.252,0.064,0.492,0.346,0.246,0.798,0.503,0.233,-0.225,-0.215,0.871,0.563,0.5,0.007,0.685,0.595,-0.06,0.536,-0.234,0.684,0.818,0.476,0.644,0.412,-0.13,0.124,0.309,0.588,0.779,0.073,0.08,-0.063,0.733,0.148,0.008,0.531,0.278,0.206,0.343,-0.03,-0.301,0.299,0.516,0.722,0.666,-0.188,0.519,-0.056,0.642,0.046,0.575,0.032,0.751,0.411,-0.111,0.454,0.38,0.472,0.638,0.81,0.482,0.721,0.523,0.602,0.17,0.03,-0.041,-0.328,-0.081,0.253,0.267,-0.124,-0.099,0.614,0.001,0.136,0.448,0.417,0.731,0.259,0.615,-0.057,0.254,0.816,0.601,-0.176,0.073,0.211,0.598,0.346,0.684,0.739,0.731,0.795,0.264,0.291,0.633,0.192,0.718,-0.198,-0.172,0.434,-0.299,0.511,0.721,0.606,0.003,0.579
APDN,0.443,0.062,-0.131,0.25,0.273,0.673,0.777,0.008,0.319,0.716,0.037,0.67,0.0,0.695,0.18,0.753,0.671,-0.017,0.544,0.397,0.409,0.03,0.486,-0.404,0.6,0.879,-0.259,-0.165,0.352,0.21,0.79,0.563,0.383,-0.175,0.497,0.456,0.814,0.686,0.275,0.404,-0.068,-0.19,0.016,0.056,-0.067,0.512,0.761,0.678,0.11,0.703,-0.305,0.602,0.671,-0.532,0.604,0.755,0.596,0.324,0.531,0.237,0.666,0.689,-0.45,0.657,0.771,-0.499,-0.155,0.283,0.569,0.774,0.358,-0.555,0.519,0.352,-0.335,0.391,0.423,-0.259,0.63,0.458,0.3,0.633,-0.315,0.674,-0.201,0.477,-0.042,0.349,0.171,0.34,0.146,-0.12,0.414,-0.366,0.17,0.237,0.042,0.781,0.529,-0.169,-0.36,-0.292,0.744,0.397,0.551,-0.138,0.695,0.489,-0.216,0.576,-0.336,0.585,0.502,0.419,0.641,0.384,-0.154,-0.118,0.365,0.717,0.728,-0.139,-0.175,-0.38,0.822,-0.091,-0.37,0.345,0.126,-0.046,0.684,-0.16,-0.468,0.25,0.634,0.677,0.417,-0.323,0.546,0.191,0.577,0.309,0.602,-0.316,0.635,0.331,-0.242,0.065,0.491,0.273,0.706,0.413,0.511,0.647,0.237,0.608,0.053,-0.175,-0.316,-0.504,-0.167,0.116,-0.169,-0.084,-0.231,0.658,-0.135,0.12,0.128,0.439,0.787,0.388,0.697,-0.185,0.319,0.593,0.553,-0.556,-0.172,0.089,0.76,0.049,0.755,0.585,0.731,0.768,0.023,0.144,0.778,0.148,0.69,-0.425,-0.313,0.576,-0.431,0.635,0.708,0.464,-0.039,0.51
APLT,0.48,-0.076,-0.318,0.506,0.145,0.445,0.778,0.109,-0.172,0.647,-0.068,0.549,0.695,0.0,-0.099,0.765,0.765,-0.119,0.206,0.577,0.172,-0.275,0.283,-0.357,0.76,0.768,-0.51,-0.432,0.4,0.08,0.854,0.594,0.344,-0.258,0.695,0.415,0.836,0.548,0.02,0.037,-0.219,-0.487,-0.235,-0.197,-0.235,0.625,0.531,0.669,-0.13,0.529,-0.589,0.595,0.61,-0.787,0.35,0.52,0.794,0.374,0.603,0.356,0.767,0.699,-0.648,0.509,0.781,-0.853,-0.306,0.36,0.571,0.55,0.484,-0.785,0.187,0.61,-0.681,0.627,0.399,-0.486,0.509,0.555,0.096,0.707,-0.333,0.872,-0.448,0.585,0.252,0.184,0.096,0.473,-0.032,-0.319,0.737,-0.467,-0.019,0.241,-0.124,0.713,0.6,-0.322,-0.716,-0.695,0.696,0.095,0.709,-0.209,0.745,0.393,-0.514,0.76,-0.709,0.808,0.553,0.399,0.613,0.179,-0.365,-0.295,0.114,0.879,0.854,-0.237,-0.252,-0.549,0.811,-0.378,-0.36,-0.033,0.1,-0.151,0.839,-0.439,-0.742,-0.206,0.693,0.712,-0.0,-0.603,0.45,-0.265,0.482,0.129,0.378,-0.5,0.643,0.189,-0.733,-0.067,0.163,0.159,0.913,0.406,0.742,0.839,0.007,0.693,-0.026,-0.337,-0.456,-0.784,-0.56,0.049,-0.346,-0.296,-0.58,0.815,-0.31,0.407,-0.222,0.183,0.591,0.608,0.904,-0.551,0.363,0.769,0.778,-0.659,-0.619,-0.188,0.767,-0.206,0.75,0.493,0.675,0.604,-0.195,0.053,0.725,0.26,0.653,-0.634,-0.472,0.225,-0.819,0.814,0.727,0.355,-0.312,0.559
APVO,0.233,0.453,0.627,-0.418,0.592,0.148,0.401,0.467,0.607,0.279,0.62,0.499,0.18,-0.099,0.0,-0.056,0.013,0.648,0.215,0.306,0.804,0.773,0.498,-0.172,-0.173,0.119,0.564,0.685,0.479,0.585,0.079,0.093,-0.496,0.685,0.343,0.256,0.158,0.58,0.622,0.269,0.712,0.539,0.548,-0.181,0.742,-0.271,0.417,0.173,0.73,0.439,0.579,0.144,0.533,0.34,0.545,0.374,-0.356,0.41,-0.2,0.281,-0.265,0.279,0.525,0.339,0.239,0.409,-0.079,0.419,0.665,0.424,0.346,0.027,0.443,-0.35,0.512,-0.247,-0.322,0.605,0.096,0.06,0.718,-0.232,0.623,-0.11,0.701,-0.145,0.223,0.283,0.633,0.386,-0.053,0.513,-0.53,0.54,0.623,-0.196,0.681,0.327,-0.285,0.634,0.496,0.477,0.477,0.708,-0.321,0.583,-0.003,0.661,0.49,-0.268,0.495,-0.15,0.599,-0.196,0.44,0.135,0.394,0.68,0.442,-0.162,0.089,0.639,0.588,0.621,0.271,0.62,0.562,0.648,0.13,0.404,-0.095,0.599,0.364,0.671,-0.199,-0.023,0.726,0.504,0.574,-0.115,0.557,0.252,-0.018,0.618,-0.012,0.511,0.476,0.723,0.585,0.705,0.101,0.601,-0.042,-0.05,0.787,-0.192,0.474,0.647,0.591,0.429,0.585,0.519,0.565,0.411,0.633,-0.2,0.589,-0.501,0.677,0.644,0.221,0.009,-0.167,0.601,-0.407,0.187,-0.225,0.257,0.655,0.688,0.179,0.608,0.041,0.059,0.279,0.541,0.794,0.728,-0.0,-0.416,0.421,0.434,0.397,0.278,0.319,-0.242,0.396,-0.037,0.545,-0.201
ARGX,0.668,-0.27,-0.423,0.595,-0.054,0.74,0.67,-0.195,-0.077,0.788,-0.328,0.632,0.753,0.765,-0.056,0.0,0.768,-0.258,0.595,0.351,0.06,-0.303,0.115,-0.411,0.698,0.86,-0.672,-0.526,0.088,-0.197,0.9,0.709,0.602,-0.472,0.578,0.157,0.837,0.643,0.002,0.122,-0.406,-0.611,-0.297,0.048,-0.385,0.855,0.644,0.792,-0.275,0.653,-0.67,0.417,0.62,-0.801,0.551,0.674,0.839,0.209,0.785,0.331,0.904,0.792,-0.78,0.57,0.813,-0.783,-0.237,0.168,0.42,0.611,0.316,-0.633,0.502,0.605,-0.728,0.676,0.641,-0.657,0.666,0.48,0.133,0.779,-0.538,0.924,-0.539,0.705,-0.19,0.206,-0.007,0.173,0.238,-0.111,0.714,-0.538,-0.143,0.387,-0.36,0.776,0.862,-0.418,-0.719,-0.667,0.719,0.122,0.86,-0.467,0.929,0.234,-0.573,0.848,-0.641,0.837,0.504,0.701,0.502,0.473,-0.448,-0.462,0.037,0.845,0.901,-0.481,-0.518,-0.686,0.83,-0.497,-0.572,0.133,-0.014,-0.402,0.736,-0.508,-0.779,0.053,0.9,0.808,0.208,-0.735,0.348,0.143,0.336,0.169,0.7,-0.615,0.873,0.142,-0.526,-0.199,0.185,-0.043,0.764,0.399,0.563,0.831,-0.022,0.899,-0.173,-0.565,-0.631,-0.825,-0.565,-0.314,-0.281,-0.491,-0.63,0.902,-0.478,0.492,-0.1,0.184,0.816,0.307,0.892,-0.589,0.658,0.75,0.872,-0.669,-0.496,-0.227,0.752,-0.263,0.88,0.736,0.788,0.671,-0.305,-0.168,0.93,0.401,0.627,-0.8,-0.582,0.437,-0.679,0.849,0.598,0.626,-0.455,0.805
ARLP,0.604,-0.303,-0.411,0.571,0.024,0.625,0.681,-0.136,-0.161,0.673,-0.265,0.604,0.671,0.765,0.013,0.768,0.0,-0.241,0.408,0.437,0.04,-0.241,0.251,-0.297,0.77,0.751,-0.536,-0.431,0.142,-0.165,0.862,0.661,0.515,-0.372,0.613,0.154,0.723,0.573,0.06,0.005,-0.374,-0.47,-0.257,0.115,-0.289,0.732,0.583,0.666,-0.268,0.596,-0.557,0.299,0.521,-0.595,0.438,0.598,0.724,0.336,0.666,0.343,0.742,0.758,-0.663,0.442,0.756,-0.654,-0.16,0.288,0.461,0.592,0.384,-0.447,0.325,0.705,-0.64,0.646,0.54,-0.562,0.496,0.42,0.09,0.7,-0.387,0.81,-0.51,0.621,-0.044,0.237,-0.14,0.238,0.214,0.048,0.663,-0.501,-0.194,0.252,-0.234,0.665,0.704,-0.326,-0.645,-0.615,0.613,0.045,0.742,-0.398,0.81,0.209,-0.488,0.823,-0.534,0.781,0.489,0.656,0.514,0.357,-0.433,-0.368,0.021,0.746,0.808,-0.384,-0.42,-0.521,0.721,-0.451,-0.357,0.071,-0.038,-0.377,0.677,-0.337,-0.557,0.076,0.776,0.813,0.118,-0.582,0.439,0.059,0.364,0.174,0.536,-0.494,0.737,0.036,-0.537,-0.16,0.131,-0.046,0.759,0.381,0.661,0.82,0.064,0.791,-0.171,-0.44,-0.523,-0.656,-0.428,-0.222,-0.361,-0.294,-0.443,0.804,-0.303,0.515,-0.129,0.309,0.668,0.378,0.823,-0.462,0.563,0.747,0.77,-0.453,-0.48,-0.161,0.758,-0.31,0.731,0.616,0.778,0.573,-0.257,0.056,0.798,0.292,0.532,-0.624,-0.518,0.292,-0.585,0.817,0.589,0.58,-0.228,0.678
ATEX,0.099,0.784,0.887,-0.639,0.766,-0.082,0.238,0.813,0.481,0.115,0.907,0.301,-0.017,-0.119,0.648,-0.258,-0.241,0.0,-0.217,0.557,0.735,0.834,0.511,0.156,-0.272,-0.002,0.75,0.831,0.596,0.822,-0.17,0.019,-0.545,0.914,0.372,0.612,-0.042,0.324,0.61,0.437,0.895,0.679,0.737,-0.544,0.917,-0.558,0.211,-0.015,0.812,0.164,0.745,0.418,0.444,0.295,0.321,0.116,-0.534,0.533,-0.296,0.405,-0.473,0.143,0.727,0.279,0.076,0.426,-0.089,0.504,0.445,0.286,0.44,-0.066,0.143,-0.477,0.626,-0.237,-0.624,0.799,0.052,-0.059,0.723,-0.51,0.87,-0.267,0.833,-0.22,0.664,0.279,0.797,0.568,-0.049,0.273,-0.486,0.742,0.82,-0.107,0.876,0.242,-0.505,0.762,0.622,0.577,0.322,0.618,-0.528,0.834,-0.332,0.752,0.719,-0.432,0.422,-0.224,0.515,-0.518,0.469,-0.231,0.692,0.874,0.676,-0.158,-0.104,0.866,0.88,0.766,0.069,0.845,0.804,0.415,0.394,0.816,-0.258,0.589,0.349,0.31,-0.513,-0.134,0.483,0.681,0.344,-0.261,0.588,0.188,-0.347,0.833,-0.234,0.663,0.417,0.881,0.531,0.856,0.039,0.569,-0.043,-0.092,0.662,-0.434,0.822,0.846,0.85,0.507,0.567,0.821,0.748,0.623,0.591,-0.341,0.791,-0.646,0.712,0.436,-0.117,0.241,-0.301,0.7,-0.737,0.143,-0.367,0.365,0.636,0.7,-0.035,0.874,-0.115,-0.198,0.1,0.336,0.841,0.582,-0.367,-0.337,0.387,0.635,0.773,0.211,0.365,-0.486,0.344,-0.293,0.586,-0.423
ATRA,0.438,-0.275,-0.168,0.375,-0.084,0.735,0.366,-0.458,0.376,0.503,-0.313,0.49,0.544,0.206,0.215,0.595,0.408,-0.217,0.0,-0.048,0.166,-0.059,0.081,-0.203,0.32,0.57,-0.278,-0.156,-0.014,-0.111,0.528,0.345,0.402,-0.299,0.216,-0.039,0.435,0.52,0.222,0.313,-0.192,-0.088,-0.131,0.538,-0.235,0.498,0.521,0.595,-0.071,0.559,-0.257,0.098,0.335,-0.106,0.61,0.572,0.446,0.107,0.476,0.052,0.586,0.522,-0.383,0.525,0.497,-0.164,0.007,-0.111,0.271,0.484,0.061,-0.082,0.671,0.171,-0.181,0.239,0.723,-0.301,0.443,0.118,0.324,0.538,-0.443,0.386,-0.168,0.376,-0.615,0.152,-0.036,0.009,0.419,0.185,0.095,-0.26,0.002,0.133,-0.254,0.433,0.615,-0.072,-0.167,-0.054,0.447,0.246,0.496,-0.36,0.635,0.092,-0.114,0.427,0.038,0.333,0.173,0.628,0.09,0.645,-0.159,-0.175,0.049,0.344,0.456,-0.262,-0.406,-0.298,0.442,-0.162,-0.489,0.585,-0.233,-0.305,0.273,0.052,-0.131,0.549,0.613,0.427,0.605,-0.256,0.266,0.468,0.114,0.361,0.789,-0.231,0.599,0.228,0.122,-0.149,0.228,-0.057,0.282,0.225,0.203,0.27,0.294,0.555,-0.329,-0.295,-0.388,-0.25,0.06,-0.356,-0.022,-0.232,-0.037,0.443,-0.243,0.252,0.13,0.364,0.805,-0.246,0.346,-0.075,0.536,0.314,0.41,-0.365,0.104,0.227,0.418,-0.094,0.574,0.681,0.564,0.549,-0.075,0.092,0.717,0.147,0.323,-0.393,-0.476,0.339,0.019,0.488,0.201,0.506,0.032,0.621
AUTL,0.557,0.512,0.289,0.038,0.544,0.314,0.645,0.556,0.005,0.553,0.5,0.67,0.397,0.577,0.306,0.351,0.437,0.557,-0.048,0.0,0.474,0.32,0.606,-0.048,0.3,0.527,0.057,0.236,0.575,0.523,0.506,0.583,0.015,0.407,0.82,0.641,0.521,0.581,0.463,0.241,0.403,0.049,0.4,-0.507,0.405,0.136,0.469,0.523,0.327,0.472,0.038,0.692,0.712,-0.39,0.47,0.493,0.148,0.742,0.384,0.568,0.211,0.669,0.014,0.549,0.662,-0.338,-0.198,0.704,0.625,0.613,0.713,-0.498,0.163,0.255,-0.142,0.474,-0.148,0.139,0.501,0.234,0.523,0.032,0.407,0.475,0.154,0.367,0.657,0.486,0.584,0.693,0.024,0.119,0.258,0.216,0.555,0.215,0.453,0.658,0.167,0.339,-0.146,-0.172,0.716,0.444,0.233,0.319,0.342,0.72,0.096,0.352,-0.222,0.523,0.804,0.077,0.744,0.019,0.132,0.292,0.475,0.548,0.566,0.337,0.38,0.122,0.523,0.273,0.322,0.183,0.419,0.473,0.27,-0.023,-0.301,-0.035,0.193,0.529,0.319,-0.027,0.47,-0.436,0.664,0.031,0.092,0.214,0.415,0.509,-0.29,0.572,0.303,0.602,0.638,0.736,0.553,0.61,0.392,0.286,0.498,0.255,0.223,-0.222,-0.094,0.532,0.277,0.085,-0.098,0.433,0.279,0.031,0.328,0.338,0.283,0.529,0.471,0.006,-0.157,0.741,0.407,-0.062,-0.06,0.223,0.438,0.461,0.406,0.345,0.583,0.61,0.361,0.313,0.227,0.113,0.669,-0.009,0.184,0.326,-0.351,0.265,0.713,0.174,0.096,0.225
AVDL,0.201,0.632,0.71,-0.46,0.771,0.165,0.633,0.662,0.718,0.428,0.794,0.539,0.409,0.172,0.804,0.06,0.04,0.735,0.166,0.474,0.0,0.773,0.612,-0.185,0.061,0.342,0.597,0.607,0.748,0.839,0.2,0.101,-0.474,0.75,0.483,0.601,0.363,0.633,0.649,0.519,0.797,0.57,0.569,-0.355,0.778,-0.276,0.581,0.259,0.858,0.513,0.569,0.429,0.713,0.181,0.549,0.482,-0.178,0.44,-0.163,0.388,-0.14,0.393,0.455,0.534,0.399,0.224,-0.264,0.493,0.797,0.547,0.45,-0.345,0.403,-0.357,0.486,-0.18,-0.345,0.637,0.244,0.229,0.747,-0.083,0.578,0.021,0.714,-0.136,0.418,0.264,0.754,0.6,-0.167,0.159,-0.396,0.476,0.769,-0.249,0.805,0.517,-0.3,0.59,0.451,0.446,0.598,0.861,-0.28,0.735,0.042,0.862,0.523,-0.233,0.338,-0.057,0.638,-0.287,0.612,0.054,0.557,0.728,0.716,0.087,0.211,0.763,0.707,0.551,0.475,0.672,0.487,0.642,0.155,0.585,0.17,0.562,0.175,0.584,-0.154,0.01,0.673,0.504,0.7,-0.15,0.807,0.377,-0.024,0.572,-0.003,0.756,0.374,0.801,0.76,0.92,0.355,0.638,0.202,0.053,0.767,-0.167,0.627,0.731,0.599,0.247,0.54,0.747,0.487,0.54,0.544,-0.092,0.649,-0.614,0.605,0.651,0.356,0.302,0.003,0.596,-0.532,0.287,-0.169,0.014,0.573,0.747,0.403,0.725,0.222,0.081,0.384,0.695,0.847,0.769,0.095,-0.357,0.684,0.364,0.443,0.366,0.181,-0.134,0.609,-0.103,0.598,-0.178
BCRX,0.03,0.759,0.809,-0.733,0.686,-0.008,0.184,0.6,0.63,0.111,0.834,0.307,0.03,-0.275,0.773,-0.303,-0.241,0.834,-0.059,0.32,0.773,0.0,0.517,0.106,-0.322,-0.005,0.799,0.841,0.458,0.764,-0.192,0.003,-0.494,0.83,0.215,0.489,-0.091,0.32,0.724,0.492,0.827,0.761,0.836,-0.285,0.863,-0.569,0.287,-0.006,0.863,0.154,0.822,0.291,0.371,0.444,0.398,0.263,-0.598,0.396,-0.322,0.304,-0.509,0.093,0.727,0.322,0.043,0.6,0.065,0.483,0.415,0.33,0.242,0.125,0.315,-0.607,0.739,-0.385,-0.556,0.816,0.122,-0.192,0.661,-0.541,0.764,-0.362,0.845,-0.267,0.441,0.371,0.717,0.408,-0.153,0.405,-0.599,0.735,0.776,-0.06,0.882,0.217,-0.515,0.762,0.755,0.71,0.281,0.711,-0.56,0.739,-0.342,0.619,0.804,-0.502,0.569,-0.304,0.417,-0.403,0.349,-0.064,0.654,0.848,0.639,-0.273,-0.173,0.802,0.834,0.796,0.041,0.874,0.712,0.579,0.28,0.744,-0.357,0.643,0.511,0.493,-0.513,-0.163,0.645,0.759,0.371,0.03,0.547,0.116,-0.171,0.825,-0.221,0.57,0.672,0.875,0.588,0.763,-0.114,0.536,-0.156,-0.218,0.686,-0.424,0.68,0.841,0.816,0.601,0.71,0.756,0.701,0.715,0.759,-0.401,0.778,-0.725,0.833,0.5,-0.012,0.107,-0.372,0.82,-0.632,0.003,-0.447,0.538,0.788,0.703,-0.043,0.865,-0.164,-0.13,0.075,0.319,0.827,0.584,-0.304,-0.34,0.295,0.682,0.696,0.143,0.538,-0.54,0.24,-0.147,0.671,-0.381
BHAT,0.187,0.556,0.336,-0.212,0.583,0.343,0.569,0.378,0.437,0.311,0.541,0.54,0.486,0.283,0.498,0.115,0.251,0.511,0.081,0.606,0.612,0.517,0.0,-0.161,0.043,0.384,0.369,0.489,0.416,0.598,0.329,0.359,-0.094,0.448,0.443,0.556,0.356,0.51,0.681,0.342,0.487,0.357,0.617,-0.206,0.529,-0.121,0.423,0.316,0.557,0.473,0.322,0.62,0.542,-0.058,0.498,0.537,-0.131,0.618,0.073,0.202,-0.048,0.38,0.279,0.467,0.476,0.05,0.148,0.606,0.594,0.7,0.517,-0.086,0.247,-0.02,0.238,0.088,-0.212,0.383,0.365,0.081,0.517,-0.109,0.384,0.121,0.376,0.168,0.405,0.637,0.498,0.438,-0.053,0.281,-0.172,0.195,0.616,0.094,0.632,0.444,-0.064,0.381,0.2,0.228,0.523,0.517,-0.029,0.364,0.135,0.675,0.335,0.068,0.173,0.142,0.573,-0.043,0.663,0.149,0.203,0.418,0.55,0.21,0.237,0.415,0.441,0.303,0.356,0.558,0.35,0.49,0.37,0.51,0.088,0.28,0.104,0.254,-0.03,0.393,0.567,0.3,0.501,-0.145,0.618,0.04,0.12,0.33,0.194,0.369,0.072,0.566,0.49,0.597,0.326,0.492,0.125,0.268,0.569,0.004,0.436,0.438,0.329,0.182,0.324,0.624,0.247,0.345,0.333,0.161,0.398,-0.297,0.541,0.502,0.237,0.356,0.16,0.363,-0.251,0.31,0.039,0.12,0.313,0.427,0.311,0.548,0.179,0.202,0.392,0.53,0.518,0.397,0.124,-0.224,0.459,0.339,0.231,0.25,0.033,0.016,0.556,0.151,0.427,-0.031
BLBD,-0.147,0.012,0.304,-0.12,-0.062,-0.206,-0.429,-0.028,-0.098,-0.389,0.046,-0.284,-0.404,-0.357,-0.172,-0.411,-0.297,0.156,-0.203,-0.048,-0.185,0.106,-0.161,0.0,-0.254,-0.297,0.245,0.234,-0.148,0.079,-0.394,-0.15,-0.142,0.21,-0.098,-0.065,-0.614,-0.479,0.013,-0.015,0.132,0.39,0.111,0.196,0.126,-0.429,-0.418,-0.231,-0.035,-0.259,0.26,-0.097,-0.303,0.39,-0.127,-0.419,-0.37,-0.015,-0.144,0.113,-0.341,-0.229,0.271,0.0,-0.391,0.334,0.065,-0.252,-0.389,-0.275,-0.154,0.345,-0.211,-0.227,0.297,-0.248,-0.118,0.248,-0.307,-0.546,0.134,-0.349,0.225,-0.459,0.203,-0.11,0.144,-0.189,-0.039,0.25,0.148,0.014,-0.285,0.29,0.169,0.011,0.024,-0.379,-0.257,0.299,0.313,0.264,-0.394,-0.278,-0.265,0.088,-0.47,-0.162,0.308,-0.267,0.187,-0.249,-0.381,-0.27,-0.383,-0.035,0.251,0.338,0.034,-0.371,-0.398,0.234,0.189,0.283,-0.46,0.266,0.277,-0.029,0.19,0.27,-0.463,0.285,0.468,-0.164,-0.473,-0.237,-0.143,0.357,-0.436,0.153,-0.208,-0.107,-0.246,0.401,-0.314,0.0,0.293,0.036,-0.14,-0.043,-0.368,-0.118,-0.208,-0.263,0.09,-0.381,0.006,0.228,0.318,0.351,0.269,0.054,0.394,0.215,0.241,-0.348,0.146,-0.122,0.038,-0.216,-0.341,-0.28,-0.394,0.241,-0.186,-0.202,-0.287,0.369,0.271,0.208,-0.434,0.13,-0.361,-0.259,-0.341,-0.378,-0.041,0.013,-0.476,-0.005,-0.338,0.33,0.28,-0.27,0.457,-0.339,-0.418,-0.204,0.283,-0.294
BMRN,0.375,-0.309,-0.315,0.417,0.123,0.302,0.643,0.021,-0.023,0.652,-0.235,0.319,0.6,0.76,-0.173,0.698,0.77,-0.272,0.32,0.3,0.061,-0.322,0.043,-0.254,0.0,0.735,-0.471,-0.5,0.271,-0.058,0.705,0.369,0.476,-0.341,0.507,0.276,0.697,0.399,-0.128,0.163,-0.32,-0.429,-0.464,-0.001,-0.28,0.656,0.64,0.456,-0.184,0.422,-0.493,0.195,0.418,-0.543,0.106,0.461,0.763,0.075,0.412,0.395,0.669,0.6,-0.629,0.285,0.62,-0.651,-0.386,0.127,0.395,0.407,0.113,-0.631,0.234,0.606,-0.573,0.67,0.458,-0.509,0.409,0.663,-0.05,0.783,-0.426,0.755,-0.44,0.294,-0.026,-0.091,-0.162,0.207,0.133,-0.322,0.67,-0.512,-0.257,-0.021,-0.231,0.588,0.519,-0.496,-0.585,-0.548,0.507,0.109,0.589,-0.208,0.672,0.216,-0.457,0.649,-0.478,0.587,0.296,0.497,0.458,0.069,-0.134,-0.374,0.185,0.746,0.702,-0.293,-0.354,-0.519,0.71,-0.494,-0.434,-0.132,-0.21,-0.358,0.806,-0.313,-0.594,0.077,0.688,0.552,-0.112,-0.539,0.541,0.147,0.315,0.334,0.342,-0.547,0.497,0.246,-0.514,-0.222,0.19,-0.018,0.797,0.24,0.716,0.61,-0.162,0.652,-0.087,-0.387,-0.475,-0.697,-0.421,-0.216,-0.533,-0.21,-0.443,0.635,-0.197,0.309,-0.335,0.277,0.572,0.482,0.754,-0.42,0.37,0.611,0.632,-0.695,-0.541,-0.147,0.864,-0.357,0.603,0.337,0.654,0.529,-0.234,0.061,0.731,0.341,0.612,-0.677,-0.409,0.239,-0.598,0.718,0.575,0.252,-0.196,0.521
BNGO,0.61,0.032,-0.124,0.332,0.288,0.696,0.819,0.038,0.205,0.855,-0.017,0.706,0.879,0.768,0.119,0.86,0.751,-0.002,0.57,0.527,0.342,-0.005,0.384,-0.297,0.735,0.0,-0.359,-0.233,0.337,0.18,0.859,0.672,0.503,-0.182,0.678,0.473,0.829,0.731,0.282,0.416,-0.096,-0.285,-0.022,-0.035,-0.112,0.615,0.816,0.798,0.061,0.695,-0.374,0.595,0.742,-0.629,0.605,0.8,0.683,0.381,0.667,0.499,0.766,0.842,-0.544,0.733,0.866,-0.593,-0.268,0.33,0.569,0.793,0.363,-0.629,0.599,0.42,-0.455,0.615,0.483,-0.341,0.732,0.467,0.319,0.652,-0.307,0.803,-0.256,0.556,0.017,0.319,0.237,0.439,0.154,-0.147,0.547,-0.328,0.15,0.339,-0.011,0.879,0.65,-0.181,-0.444,-0.394,0.826,0.4,0.671,-0.178,0.801,0.502,-0.253,0.691,-0.435,0.738,0.564,0.528,0.658,0.368,-0.133,-0.146,0.418,0.833,0.855,-0.168,-0.203,-0.398,0.866,-0.173,-0.363,0.305,0.017,-0.065,0.703,-0.237,-0.603,0.2,0.722,0.762,0.394,-0.43,0.555,0.175,0.586,0.303,0.673,-0.334,0.767,0.451,-0.33,0.09,0.455,0.254,0.814,0.564,0.651,0.748,0.179,0.752,0.107,-0.231,-0.337,-0.62,-0.273,0.018,-0.129,-0.157,-0.338,0.775,-0.143,0.226,0.131,0.468,0.828,0.443,0.802,-0.265,0.39,0.761,0.714,-0.589,-0.277,0.065,0.818,0.046,0.826,0.658,0.867,0.824,-0.023,0.102,0.846,0.326,0.788,-0.567,-0.337,0.511,-0.499,0.702,0.745,0.517,-0.124,0.667
BUSE,-0.417,0.644,0.856,-0.835,0.65,-0.379,-0.077,0.602,0.636,-0.277,0.803,-0.132,-0.259,-0.51,0.564,-0.672,-0.536,0.75,-0.278,0.057,0.597,0.799,0.369,0.245,-0.471,-0.359,0.0,0.896,0.372,0.74,-0.576,-0.478,-0.701,0.864,-0.125,0.334,-0.423,-0.05,0.468,0.364,0.854,0.933,0.643,-0.255,0.865,-0.866,-0.067,-0.467,0.813,-0.174,0.969,-0.018,0.031,0.736,-0.028,-0.167,-0.774,0.151,-0.726,0.064,-0.796,-0.325,0.923,-0.086,-0.374,0.821,0.006,0.168,0.171,-0.018,0.021,0.334,0.017,-0.733,0.956,-0.638,-0.704,0.968,-0.338,-0.192,0.472,-0.665,0.809,-0.723,0.939,-0.63,0.404,0.01,0.508,0.226,-0.195,0.236,-0.811,0.712,0.627,-0.378,0.851,-0.221,-0.85,0.671,0.929,0.903,-0.151,0.49,-0.877,0.853,-0.699,0.44,0.886,-0.826,0.8,-0.718,0.014,-0.703,0.075,-0.27,0.795,0.875,0.578,-0.575,-0.579,0.888,0.878,0.923,-0.317,0.878,0.785,0.359,0.11,0.699,-0.483,0.858,0.723,0.433,-0.806,-0.559,0.338,0.971,0.217,-0.075,0.303,0.236,-0.525,0.897,-0.661,0.437,0.705,0.686,0.487,0.65,-0.361,0.132,-0.341,-0.609,0.575,-0.798,0.662,0.947,0.922,0.839,0.894,0.722,0.569,0.873,0.908,-0.766,0.879,-0.862,0.563,0.42,-0.386,-0.033,-0.721,0.942,-0.877,-0.418,-0.812,0.553,0.812,0.773,-0.301,0.734,-0.503,-0.522,-0.253,-0.008,0.832,0.598,-0.64,-0.609,-0.001,0.88,0.824,-0.0,0.735,-0.794,-0.061,-0.544,0.859,-0.743
CAKE,-0.184,0.691,0.858,-0.725,0.645,-0.196,-0.028,0.561,0.587,-0.193,0.788,0.072,-0.165,-0.432,0.685,-0.526,-0.431,0.831,-0.156,0.236,0.607,0.841,0.489,0.234,-0.5,-0.233,0.896,0.0,0.388,0.728,-0.424,-0.228,-0.621,0.865,0.031,0.404,-0.347,0.084,0.604,0.353,0.883,0.867,0.749,-0.248,0.884,-0.76,-0.012,-0.228,0.793,-0.009,0.873,0.183,0.131,0.62,0.195,-0.061,-0.752,0.386,-0.512,0.133,-0.671,-0.161,0.877,0.096,-0.195,0.729,0.119,0.283,0.243,0.158,0.159,0.352,0.13,-0.639,0.852,-0.49,-0.583,0.906,-0.192,-0.284,0.615,-0.66,0.836,-0.59,0.913,-0.413,0.419,0.24,0.635,0.358,-0.047,0.412,-0.751,0.765,0.748,-0.173,0.837,-0.089,-0.663,0.789,0.836,0.805,0.05,0.479,-0.711,0.763,-0.543,0.531,0.846,-0.652,0.741,-0.531,0.207,-0.595,0.176,-0.187,0.681,0.885,0.552,-0.487,-0.426,0.855,0.833,0.895,-0.234,0.92,0.779,0.462,0.269,0.749,-0.523,0.786,0.688,0.402,-0.704,-0.343,0.531,0.879,0.193,-0.128,0.346,0.143,-0.347,0.909,-0.445,0.472,0.655,0.745,0.427,0.662,-0.29,0.313,-0.335,-0.43,0.674,-0.652,0.639,0.882,0.892,0.808,0.814,0.72,0.724,0.714,0.836,-0.609,0.808,-0.7,0.747,0.494,-0.285,-0.039,-0.606,0.866,-0.749,-0.222,-0.623,0.576,0.809,0.764,-0.296,0.79,-0.416,-0.364,-0.137,0.118,0.804,0.593,-0.543,-0.522,0.035,0.844,0.75,0.046,0.646,-0.691,0.032,-0.399,0.751,-0.593
CASY,0.163,0.487,0.556,-0.214,0.704,-0.001,0.578,0.696,0.37,0.358,0.69,0.372,0.352,0.4,0.479,0.088,0.142,0.596,-0.014,0.575,0.748,0.458,0.416,-0.148,0.271,0.337,0.372,0.388,0.0,0.745,0.227,0.029,-0.366,0.594,0.57,0.735,0.43,0.464,0.332,0.445,0.624,0.364,0.257,-0.407,0.57,-0.159,0.465,0.211,0.587,0.375,0.292,0.438,0.552,-0.014,0.263,0.259,0.083,0.478,-0.121,0.36,0.014,0.359,0.255,0.353,0.362,-0.077,-0.44,0.42,0.724,0.315,0.476,-0.558,0.155,-0.043,0.207,0.052,-0.201,0.404,0.142,0.424,0.505,0.091,0.461,0.182,0.466,-0.153,0.556,0.037,0.634,0.718,0.016,-0.125,-0.094,0.343,0.538,-0.288,0.609,0.479,-0.223,0.453,0.17,0.148,0.528,0.58,-0.161,0.651,0.07,0.778,0.295,-0.07,0.114,0.097,0.561,-0.315,0.563,-0.195,0.491,0.55,0.579,0.325,0.294,0.646,0.582,0.335,0.456,0.397,0.318,0.254,0.124,0.489,0.356,0.33,-0.035,0.265,-0.03,0.036,0.3,0.279,0.634,-0.399,0.656,0.434,-0.155,0.366,-0.047,0.717,0.004,0.569,0.479,0.767,0.536,0.507,0.515,0.183,0.456,-0.094,0.506,0.538,0.413,-0.002,0.252,0.662,0.256,0.39,0.238,0.034,0.541,-0.296,0.243,0.504,0.272,0.454,0.168,0.317,-0.49,0.404,0.0,-0.202,0.18,0.548,0.424,0.445,0.26,-0.01,0.333,0.577,0.591,0.702,0.081,-0.148,0.629,0.112,0.352,0.271,-0.109,0.083,0.651,-0.309,0.404,-0.164
CCOI,-0.026,0.801,0.818,-0.631,0.866,-0.091,0.43,0.771,0.63,0.203,0.896,0.322,0.21,0.08,0.585,-0.197,-0.165,0.822,-0.111,0.523,0.839,0.764,0.598,0.079,-0.058,0.18,0.74,0.728,0.745,0.0,-0.048,-0.027,-0.532,0.838,0.39,0.738,0.128,0.373,0.641,0.55,0.88,0.697,0.656,-0.442,0.823,-0.542,0.361,0.06,0.888,0.189,0.695,0.499,0.504,0.25,0.314,0.258,-0.33,0.442,-0.301,0.382,-0.333,0.194,0.596,0.385,0.181,0.31,-0.201,0.48,0.585,0.363,0.414,-0.25,0.245,-0.489,0.594,-0.259,-0.514,0.782,0.122,0.122,0.652,-0.32,0.704,-0.183,0.792,-0.254,0.655,0.201,0.797,0.667,-0.249,0.028,-0.396,0.611,0.83,-0.166,0.896,0.327,-0.494,0.622,0.576,0.543,0.383,0.726,-0.462,0.84,-0.253,0.811,0.669,-0.402,0.393,-0.188,0.441,-0.507,0.503,-0.191,0.712,0.828,0.798,0.005,-0.008,0.864,0.86,0.666,0.217,0.797,0.604,0.433,0.245,0.823,-0.028,0.605,0.273,0.331,-0.419,-0.135,0.47,0.659,0.52,-0.257,0.697,0.314,-0.237,0.715,-0.23,0.745,0.345,0.833,0.666,0.903,0.214,0.547,0.119,-0.084,0.63,-0.376,0.753,0.852,0.758,0.363,0.571,0.898,0.552,0.711,0.583,-0.272,0.772,-0.692,0.574,0.551,0.039,0.374,-0.161,0.685,-0.74,0.136,-0.327,0.142,0.54,0.736,0.166,0.816,-0.006,-0.159,0.182,0.463,0.826,0.663,-0.21,-0.329,0.507,0.523,0.649,0.213,0.271,-0.349,0.478,-0.334,0.68,-0.38
CEVA,0.736,-0.17,-0.38,0.578,0.04,0.726,0.776,-0.123,-0.054,0.798,-0.209,0.784,0.79,0.854,0.079,0.9,0.862,-0.17,0.528,0.506,0.2,-0.192,0.329,-0.394,0.705,0.859,-0.576,-0.424,0.227,-0.048,0.0,0.81,0.464,-0.338,0.713,0.251,0.887,0.705,0.195,0.062,-0.287,-0.494,-0.158,0.045,-0.268,0.796,0.691,0.876,-0.149,0.732,-0.603,0.531,0.687,-0.719,0.627,0.761,0.772,0.417,0.783,0.37,0.842,0.872,-0.689,0.679,0.929,-0.772,-0.111,0.398,0.604,0.696,0.451,-0.612,0.424,0.631,-0.68,0.667,0.56,-0.563,0.697,0.422,0.233,0.744,-0.414,0.927,-0.472,0.765,-0.038,0.375,0.049,0.353,0.153,0.006,0.662,-0.46,0.003,0.315,-0.206,0.799,0.797,-0.274,-0.692,-0.647,0.8,0.19,0.848,-0.378,0.928,0.329,-0.512,0.877,-0.613,0.889,0.642,0.672,0.592,0.423,-0.468,-0.343,0.052,0.846,0.956,-0.353,-0.388,-0.569,0.881,-0.369,-0.438,0.207,0.079,-0.253,0.736,-0.405,-0.643,0.052,0.857,0.873,0.291,-0.639,0.481,0.004,0.453,0.074,0.674,-0.51,0.88,0.17,-0.539,-0.047,0.179,0.09,0.845,0.507,0.635,0.906,0.134,0.875,-0.175,-0.436,-0.54,-0.739,-0.481,-0.128,-0.254,-0.417,-0.515,0.911,-0.406,0.478,-0.035,0.253,0.823,0.368,0.939,-0.515,0.601,0.86,0.887,-0.568,-0.432,-0.149,0.829,-0.179,0.838,0.763,0.807,0.71,-0.191,0.031,0.911,0.35,0.678,-0.661,-0.58,0.345,-0.683,0.889,0.711,0.648,-0.322,0.783
