,AAPL,ACRS,ADP,AFYA,AGNC,AGYS,ALT,AMGN,AMPH,AMZN,ANIP,AOSL,APDN,APLT,APVO,ARGX,ARLP,ATEX,ATRA,AUTL,AVDL,BCRX,BHAT,BLBD,BMRN,BNGO,BUSE,CAKE,CASY,CCOI,CEVA,CHY,CLDX,CLMT,COHU,COLM,COST,CPRT,CSWC,CSX,DBX,DCOM,DKNG,DMLP,DOX,EA,EDIT,ENPH,ENSG,ERNA,ESGR,ETNB,EXTR,FANG,FARO,FATE,FGEN,FIVE,FIVN,FLGT,FOLD,FORM,FOXA,FRPT,FSLR,FTAI,GBDC,GDYN,GGAL,GNLN,GRFS,GT,HCAT,HCM,HFWA,HOLX,HQY,HUBG,IAC,ICLR,IDCC,IEP,IHRT,ILMN,ILPT,IMAB,IMOS,INMD,INTZ,JAZZ,JKHY,JRVR,KIDS,LBRDK,LGND,LMAT,LPLA,LULU,MASI,MAT,MATW,MBIN,MBIO,MCRB,MDB,MDLZ,MELI,MIRM,MLKN,MNMD,MNRO,MPWR,MRCY,MRSN,MTVA,NAAS,NDAQ,NDSN,NEGG,NOVT,NVDA,NWE,NWSA,NXST,OCX,ODFL,OMAB,OPCH,OPRA,ORGO,OTRK,OZK,PAGP,PCH,PEGA,PENG,PENN,PFBC,PGNY,PHAT,PHUN,PINC,PLUG,PLXS,PYPL,QLYS,QNCX,QQQX,QVCGA,RAPT,RBBN,RCKT,REPL,RMBS,ROAD,ROKU,ROP,RUSHA,SANM,SATS,SBCF,SBLK,SBUX,SCHL,SCSC,SDGR,SEIC,SFIX,SGRY,SKYW,SLP,SNES,STAA,STLD,STOK,SWKS,TER,TFIN,TIGO,TILE,TPIC,TTEC,TTEK,TTGT,UXIN,VERU,VLYPP,VNOM,VRNS,VRSN,WDAY,WERN,WINA,WKHS,WRLD,XP,XTKG,YY,ZION,ZM
AAPL,0.0,0.895,0.574,0.34,0.528,0.188,-0.538,-0.394,0.582,0.838,-0.573,-0.611,-0.799,0.109,-0.914,0.558,-0.859,0.75,-0.733,-0.358,-0.346,-0.113,-0.36,0.889,0.767,0.385,0.076,-0.168,-0.249,0.552,0.665,0.907,-0.429,-0.76,0.531,0.728,-0.362,0.927,0.394,-0.261,0.6,-0.22,0.005,-0.63,0.905,0.743,0.761,0.889,-0.219,0.385,0.498,-0.161,0.808,0.043,0.499,0.445,-0.551,0.219,0.789,0.291,0.391,-0.239,-0.343,0.799,0.875,-0.004,0.456,0.763,-0.331,-0.105,-0.193,-0.399,0.894,0.341,-0.664,-0.124,0.481,-0.142,0.914,-0.471,-0.145,0.061,0.31,0.89,0.208,0.742,-0.688,0.78,0.673,0.833,0.304,0.544,0.182,-0.653,0.746,0.791,0.869,-0.429,-0.035,0.744,0.125,0.138,0.688,-0.128,0.72,0.235,0.759,-0.772,-0.784,0.142,0.863,0.896,0.859,0.855,0.314,-0.746,0.729,0.136,-0.338,0.011,-0.38,0.555,-0.346,-0.129,0.433,-0.624,0.44,-0.125,-0.539,0.856,0.711,0.461,-0.491,0.756,0.72,0.543,0.761,0.843,0.81,-0.844,0.82,-0.47,0.86,0.19,0.821,0.861,-0.669,0.818,0.723,-0.71,-0.231,0.367,-0.627,-0.272,-0.069,0.702,0.306,0.407,-0.343,-0.44,0.748,0.551,0.475,-0.41,-0.434,0.847,0.665,0.501,0.525,-0.731,0.892,0.648,0.469,-0.777,0.812,0.543,0.622,0.434,-0.371,0.8,0.85,0.629,-0.397,0.579,-0.857,0.569,-0.088,-0.841,0.874,0.777,0.79,-0.349,0.246,0.115,-0.719,0.777,-0.343,-0.913,0.325,-0.67
ACRS,0.895,0.0,0.554,0.314,0.428,0.315,-0.41,-0.6,0.474,0.651,-0.571,-0.7,-0.851,0.158,-0.924,0.622,-0.797,0.851,-0.702,-0.394,-0.291,-0.044,-0.485,0.883,0.804,0.39,-0.039,-0.197,-0.302,0.54,0.592,0.915,-0.505,-0.715,0.63,0.808,-0.567,0.871,0.266,-0.411,0.705,-0.316,0.154,-0.516,0.879,0.777,0.826,0.949,-0.246,0.156,0.492,-0.216,0.889,-0.038,0.531,0.505,-0.528,-0.011,0.886,0.285,0.508,-0.399,-0.533,0.853,0.951,-0.046,0.502,0.845,-0.553,-0.019,-0.097,-0.518,0.947,0.358,-0.805,0.046,0.393,-0.203,0.926,-0.551,-0.08,0.143,0.046,0.922,0.031,0.763,-0.801,0.806,0.81,0.754,0.127,0.63,0.159,-0.784,0.83,0.786,0.913,-0.397,-0.14,0.786,-0.065,0.206,0.704,-0.058,0.814,0.078,0.794,-0.797,-0.838,0.169,0.849,0.919,0.863,0.904,0.481,-0.743,0.679,0.064,-0.295,0.042,-0.399,0.391,-0.516,-0.32,0.483,-0.622,0.464,-0.179,-0.496,0.845,0.831,0.425,-0.46,0.75,0.87,0.483,0.866,0.836,0.808,-0.896,0.798,-0.533,0.948,0.128,0.911,0.935,-0.706,0.687,0.696,-0.672,-0.262,0.424,-0.683,-0.279,-0.178,0.816,0.182,0.424,-0.471,-0.537,0.713,0.687,0.282,-0.58,-0.583,0.934,0.576,0.595,0.455,-0.842,0.951,0.59,0.568,-0.855,0.836,0.459,0.589,0.39,-0.502,0.715,0.96,0.67,-0.487,0.697,-0.881,0.599,0.01,-0.882,0.957,0.748,0.884,-0.284,0.187,0.269,-0.751,0.82,-0.406,-0.936,0.293,-0.56
ADP,0.574,0.554,0.0,-0.097,0.097,0.466,-0.046,-0.153,-0.093,0.525,0.002,-0.588,-0.593,0.393,-0.565,0.605,-0.321,0.371,-0.376,-0.44,0.252,0.302,-0.188,0.479,0.766,-0.194,0.25,0.024,-0.174,0.68,0.085,0.666,-0.276,-0.081,0.445,0.593,-0.662,0.63,-0.116,-0.077,0.728,0.085,0.595,0.028,0.524,0.645,0.522,0.658,0.007,0.001,0.686,0.269,0.749,-0.245,0.811,0.388,0.149,-0.283,0.7,-0.316,0.725,-0.106,-0.581,0.53,0.482,0.144,0.198,0.295,-0.311,0.131,0.41,-0.212,0.599,-0.29,-0.495,0.301,-0.046,0.175,0.414,-0.438,0.523,0.278,-0.185,0.646,0.401,0.324,-0.618,0.637,0.597,0.224,0.462,0.708,0.214,-0.27,0.583,0.309,0.65,0.07,-0.204,0.778,-0.158,0.573,0.154,-0.216,0.695,-0.041,0.739,-0.705,-0.404,0.35,0.481,0.536,0.538,0.525,0.713,-0.465,0.334,0.07,0.219,0.597,-0.063,0.128,-0.672,-0.551,0.477,-0.376,0.291,-0.453,-0.417,0.321,0.63,0.053,-0.124,0.628,0.578,-0.134,0.789,0.512,0.445,-0.476,0.485,-0.45,0.577,0.47,0.754,0.617,-0.517,0.428,0.447,-0.097,-0.332,0.256,-0.472,0.077,-0.302,0.677,0.435,0.368,0.035,-0.573,0.614,0.191,0.114,-0.24,-0.425,0.678,0.266,0.649,0.389,-0.386,0.465,0.079,0.066,-0.598,0.691,0.162,0.626,0.516,0.168,0.345,0.523,0.862,-0.247,0.249,-0.399,0.57,0.329,-0.418,0.631,0.766,0.725,0.169,0.464,0.147,-0.627,0.713,-0.452,-0.549,-0.145,-0.026
AFYA,0.34,0.314,-0.097,0.0,0.702,0.008,-0.545,-0.284,0.493,0.289,-0.646,-0.029,-0.051,-0.624,-0.222,-0.287,-0.571,0.381,-0.194,0.397,-0.774,-0.774,-0.46,0.515,-0.065,0.318,-0.097,0.451,0.458,-0.274,0.529,0.321,-0.005,-0.545,0.235,0.41,0.105,0.146,0.467,0.351,-0.261,-0.108,-0.382,-0.512,0.301,-0.151,0.005,0.124,-0.303,0.115,-0.286,-0.24,0.069,0.028,-0.337,-0.311,-0.527,0.426,-0.024,0.284,-0.274,-0.119,0.386,0.468,0.42,-0.105,0.212,0.329,-0.068,-0.005,-0.6,-0.048,0.318,0.371,-0.103,-0.553,0.604,-0.287,0.344,0.22,-0.579,-0.356,0.298,0.254,-0.481,0.327,-0.078,-0.114,0.234,0.481,0.088,-0.307,0.226,-0.202,-0.036,0.609,0.315,-0.081,0.178,-0.082,0.443,-0.542,0.746,-0.119,-0.11,0.646,-0.124,0.068,-0.454,-0.56,0.247,0.372,0.142,0.309,-0.191,-0.031,0.33,0.172,-0.816,-0.728,-0.267,0.412,0.393,0.49,-0.432,0.173,0.507,0.688,-0.114,0.464,0.022,0.131,-0.011,-0.089,0.404,0.494,-0.004,0.049,0.055,-0.42,0.326,0.003,0.28,-0.311,0.119,0.229,0.161,0.385,0.448,-0.586,0.489,-0.267,0.05,-0.585,0.232,-0.032,-0.275,-0.133,0.082,0.445,-0.103,0.625,0.085,-0.452,-0.121,0.08,0.37,-0.373,0.398,-0.177,0.362,0.582,0.171,-0.287,0.012,0.63,-0.156,-0.008,-0.379,0.442,0.305,-0.186,0.312,0.32,-0.505,-0.387,-0.68,-0.404,0.171,-0.157,0.277,-0.165,-0.554,0.071,0.242,0.289,0.431,-0.294,0.845,-0.486
AGNC,0.528,0.428,0.097,0.702,0.0,0.148,-0.561,-0.14,0.5,0.387,-0.475,0.015,-0.181,-0.511,-0.337,-0.17,-0.589,0.366,-0.319,0.22,-0.515,-0.52,-0.267,0.629,0.123,0.314,0.244,0.271,0.157,-0.117,0.628,0.474,-0.195,-0.517,0.36,0.525,0.077,0.376,0.463,0.382,-0.022,0.085,-0.282,-0.57,0.494,0.093,0.166,0.288,-0.086,0.343,-0.04,-0.068,0.197,0.244,-0.126,-0.009,-0.436,0.448,0.083,0.285,-0.129,0.09,0.286,0.57,0.5,0.214,0.224,0.465,-0.058,-0.144,-0.532,0.173,0.448,0.393,-0.007,-0.482,0.597,0.002,0.43,0.207,-0.369,-0.2,0.44,0.312,-0.068,0.449,-0.159,0.099,0.183,0.629,0.248,-0.064,0.209,-0.224,0.166,0.6,0.4,-0.277,0.292,0.136,0.57,-0.291,0.684,0.013,-0.001,0.518,0.064,-0.144,-0.357,-0.339,0.44,0.455,0.42,0.397,-0.059,-0.181,0.516,0.293,-0.724,-0.481,-0.283,0.645,0.309,0.529,-0.19,0.007,0.385,0.576,-0.183,0.509,0.157,0.448,-0.057,0.225,0.373,0.617,0.185,0.318,0.289,-0.376,0.426,0.101,0.431,-0.029,0.228,0.308,-0.016,0.527,0.483,-0.462,0.383,-0.049,0.012,-0.228,0.402,0.115,0.115,0.173,0.096,0.285,0.265,0.446,0.203,-0.214,0.068,0.226,0.644,-0.135,0.345,-0.15,0.409,0.585,0.429,-0.258,0.173,0.722,0.105,0.223,-0.336,0.596,0.386,0.023,0.117,0.277,-0.469,-0.145,-0.385,-0.378,0.289,0.108,0.347,-0.249,-0.278,0.089,0.024,0.406,0.201,-0.441,0.8,-0.598
AGYS,0.188,0.315,0.466,0.008,0.148,0.0,0.274,-0.528,-0.374,-0.109,-0.057,-0.037,-0.072,0.105,-0.202,0.232,-0.028,0.321,0.191,0.001,0.125,0.019,-0.495,0.295,0.234,-0.501,-0.161,0.258,-0.062,0.165,-0.24,0.4,-0.37,0.228,0.345,0.513,-0.694,0.068,-0.595,0.119,0.501,0.102,0.634,0.144,0.028,0.091,0.291,0.249,0.04,-0.413,0.048,0.438,0.348,-0.267,0.345,0.407,0.301,-0.56,0.352,-0.225,0.529,-0.109,-0.51,0.465,0.328,0.093,-0.239,0.186,-0.242,0.222,0.178,-0.304,0.339,-0.44,-0.328,0.459,-0.059,0.233,0.07,-0.094,0.471,0.017,-0.536,0.214,-0.165,-0.06,-0.334,0.157,0.31,-0.221,-0.184,0.195,0.615,-0.105,0.266,-0.068,0.182,0.181,0.079,0.249,-0.359,0.353,0.071,0.118,0.337,-0.328,0.266,-0.11,-0.183,-0.041,-0.016,0.087,0.208,0.344,0.758,-0.097,-0.012,-0.011,0.172,0.253,-0.097,-0.234,-0.306,-0.438,0.123,0.156,-0.078,-0.059,-0.371,-0.073,0.522,0.041,0.373,0.135,0.475,-0.128,0.509,0.043,0.004,-0.092,-0.038,-0.032,0.41,-0.059,0.39,0.237,-0.046,-0.144,0.045,0.242,0.217,0.104,0.055,0.161,-0.224,0.465,-0.216,0.004,0.072,-0.117,0.055,0.302,-0.436,-0.344,-0.375,0.332,-0.05,0.385,0.109,-0.071,0.179,-0.029,0.336,-0.254,0.182,0.145,0.0,0.284,-0.176,-0.21,0.327,0.407,0.037,0.339,-0.104,0.078,0.022,-0.178,0.329,0.191,0.577,0.444,-0.141,0.625,-0.084,0.395,-0.261,-0.266,0.088,0.287
ALT,-0.538,-0.41,-0.046,-0.545,-0.561,0.274,0.0,0.006,-0.656,-0.503,0.54,0.248,0.389,0.241,0.417,0.039,0.58,-0.238,0.532,0.149,0.502,0.288,0.081,-0.515,-0.202,-0.398,-0.292,-0.013,0.045,-0.025,-0.544,-0.4,0.189,0.597,-0.065,-0.261,-0.178,-0.489,-0.556,0.055,-0.0,0.108,0.392,0.474,-0.537,-0.338,-0.286,-0.329,0.143,-0.585,-0.199,0.161,-0.196,-0.44,-0.036,-0.047,0.597,-0.618,-0.164,-0.247,0.322,0.237,-0.281,-0.245,-0.33,-0.117,-0.173,-0.485,-0.155,0.404,0.455,0.026,-0.452,-0.335,0.099,0.489,-0.325,-0.001,-0.5,0.185,0.586,0.235,-0.501,-0.322,-0.136,-0.421,0.058,-0.246,-0.159,-0.683,-0.213,-0.077,-0.044,0.322,-0.233,-0.548,-0.384,0.489,-0.094,-0.225,-0.527,0.119,-0.56,0.398,-0.148,-0.394,-0.106,0.235,0.365,0.022,-0.575,-0.422,-0.482,-0.313,0.249,0.365,-0.369,-0.109,0.53,0.413,0.568,-0.503,-0.153,-0.405,0.063,0.411,-0.428,-0.236,0.286,-0.517,-0.104,-0.466,0.376,-0.414,-0.208,-0.54,-0.131,-0.469,-0.413,0.469,-0.48,-0.041,-0.316,-0.003,-0.165,-0.352,0.342,-0.536,-0.537,0.644,0.123,-0.188,0.252,0.468,-0.223,-0.165,-0.231,-0.382,0.122,-0.052,-0.392,-0.183,-0.55,-0.001,-0.005,-0.275,-0.558,-0.011,-0.355,0.293,-0.446,-0.497,-0.141,0.291,-0.249,-0.373,-0.085,-0.142,0.288,-0.744,-0.261,-0.126,0.239,-0.404,0.502,-0.121,0.316,0.37,-0.293,-0.234,-0.144,0.355,0.064,0.147,0.157,-0.238,0.025,0.486,-0.395,0.78
AMGN,-0.394,-0.6,-0.153,-0.284,-0.14,-0.528,0.006,0.0,-0.08,-0.066,0.592,0.342,0.34,-0.007,0.514,-0.377,0.471,-0.698,0.097,0.048,0.334,0.254,0.773,-0.567,-0.239,0.059,0.494,-0.042,0.1,-0.178,-0.12,-0.513,0.528,0.323,-0.383,-0.601,0.655,-0.263,0.245,0.29,-0.422,0.412,-0.195,0.309,-0.285,-0.199,-0.508,-0.475,0.342,0.339,0.141,0.088,-0.425,0.305,-0.103,-0.315,0.346,0.425,-0.529,-0.112,-0.396,0.439,0.484,-0.575,-0.633,0.296,-0.072,-0.477,0.485,-0.176,0.23,0.693,-0.533,-0.046,0.683,-0.176,-0.266,0.301,-0.466,0.33,0.119,0.065,0.378,-0.466,0.495,-0.216,0.569,-0.309,-0.524,-0.212,0.491,-0.11,-0.467,0.602,-0.427,-0.306,-0.423,0.192,0.24,-0.229,0.456,0.021,-0.497,-0.075,-0.456,0.203,-0.347,0.246,0.55,0.162,-0.207,-0.412,-0.332,-0.576,-0.503,0.319,-0.119,0.111,0.124,0.153,0.292,0.099,0.246,0.352,-0.158,0.086,-0.037,0.046,0.422,-0.339,-0.598,-0.068,-0.011,-0.14,-0.669,-0.145,-0.493,-0.25,-0.28,0.484,-0.176,0.337,-0.595,0.392,-0.512,-0.534,0.234,-0.073,-0.177,0.349,-0.099,-0.161,0.227,0.327,0.268,-0.538,0.478,0.016,0.392,0.134,-0.053,-0.652,0.275,0.658,0.639,-0.519,-0.006,-0.289,-0.108,0.515,-0.55,-0.374,-0.493,0.588,-0.299,-0.246,0.015,0.092,0.609,-0.047,-0.635,-0.246,0.19,-0.574,0.498,-0.152,0.257,0.605,-0.589,-0.16,-0.629,-0.095,0.33,-0.571,0.268,-0.391,0.168,0.588,-0.309,0.072
AMPH,0.582,0.474,-0.093,0.493,0.5,-0.374,-0.656,-0.08,0.0,0.505,-0.56,-0.268,-0.494,-0.182,-0.549,0.147,-0.646,0.463,-0.638,-0.163,-0.615,-0.255,-0.032,0.52,0.211,0.73,-0.005,-0.225,-0.161,0.086,0.75,0.416,-0.292,-0.834,0.243,0.203,0.293,0.566,0.701,-0.165,0.002,-0.421,-0.623,-0.712,0.674,0.385,0.407,0.421,-0.171,0.582,0.113,-0.606,0.303,0.409,-0.062,0.153,-0.777,0.657,0.273,0.723,-0.276,-0.192,0.184,0.415,0.494,0.036,0.477,0.611,-0.116,-0.426,-0.509,-0.222,0.496,0.689,-0.291,-0.402,0.455,-0.189,0.691,-0.205,-0.586,-0.143,0.655,0.474,-0.067,0.615,-0.112,0.4,0.252,0.797,0.096,0.084,-0.081,-0.507,0.377,0.668,0.423,-0.621,0.179,0.192,0.375,-0.342,0.575,-0.103,0.241,0.444,0.246,-0.26,-0.573,0.035,0.636,0.575,0.56,0.526,-0.408,-0.501,0.585,0.317,-0.584,-0.509,-0.459,0.581,0.114,0.328,0.029,-0.47,0.317,0.246,-0.216,0.724,0.204,0.525,-0.622,0.357,0.257,0.794,0.142,0.598,0.562,-0.599,0.573,-0.122,0.448,-0.124,0.237,0.501,-0.434,0.57,0.474,-0.806,-0.109,0.289,-0.441,-0.377,0.392,0.213,0.281,0.357,-0.346,-0.059,0.379,0.429,0.681,-0.22,-0.062,0.353,0.672,0.03,0.473,-0.533,0.636,0.583,0.38,-0.324,0.422,0.389,0.221,0.143,-0.519,0.725,0.466,-0.055,-0.288,0.467,-0.665,0.196,-0.304,-0.556,0.447,0.295,0.191,-0.564,-0.117,-0.203,-0.269,0.157,-0.079,-0.504,0.396,-0.881
AMZN,0.838,0.651,0.525,0.289,0.387,-0.109,-0.503,-0.066,0.505,0.0,-0.407,-0.591,-0.649,0.057,-0.694,0.459,-0.756,0.492,-0.683,-0.249,-0.289,-0.089,-0.148,0.66,0.698,0.361,0.151,-0.137,-0.026,0.469,0.569,0.706,-0.085,-0.668,0.308,0.548,-0.134,0.817,0.536,-0.153,0.397,-0.115,-0.033,-0.536,0.754,0.607,0.455,0.687,-0.287,0.431,0.485,-0.207,0.634,-0.071,0.4,0.142,-0.428,0.379,0.584,0.141,0.277,-0.108,-0.097,0.578,0.62,-0.18,0.466,0.467,-0.129,0.027,-0.11,-0.199,0.661,0.292,-0.45,-0.338,0.467,-0.239,0.721,-0.347,-0.183,0.004,0.473,0.731,0.33,0.597,-0.538,0.603,0.532,0.761,0.558,0.443,-0.046,-0.405,0.506,0.7,0.761,-0.233,-0.113,0.643,0.213,0.069,0.557,-0.139,0.537,0.42,0.652,-0.684,-0.631,0.111,0.694,0.769,0.629,0.645,0.116,-0.551,0.637,0.027,-0.302,0.042,-0.135,0.545,-0.268,0.003,0.322,-0.525,0.594,-0.145,-0.387,0.767,0.443,0.209,-0.47,0.613,0.51,0.331,0.564,0.655,0.664,-0.713,0.759,-0.528,0.567,0.298,0.655,0.673,-0.511,0.895,0.709,-0.628,-0.273,0.116,-0.503,-0.321,-0.132,0.446,0.369,0.249,-0.222,-0.367,0.632,0.332,0.532,-0.266,-0.353,0.636,0.496,0.292,0.503,-0.557,0.668,0.602,0.099,-0.662,0.683,0.445,0.626,0.367,-0.019,0.75,0.594,0.511,-0.19,0.24,-0.697,0.474,-0.151,-0.69,0.64,0.692,0.583,-0.4,0.355,-0.185,-0.64,0.673,-0.125,-0.663,0.23,-0.553
ANIP,-0.573,-0.571,0.002,-0.646,-0.475,-0.057,0.54,0.592,-0.56,-0.407,0.0,0.343,0.317,0.178,0.544,-0.232,0.78,-0.664,0.288,-0.044,0.649,0.576,0.547,-0.649,-0.162,-0.257,0.342,-0.12,-0.061,0.013,-0.498,-0.471,0.325,0.676,-0.2,-0.497,0.202,-0.429,-0.292,0.078,-0.117,0.388,0.312,0.629,-0.458,-0.166,-0.41,-0.42,0.681,-0.051,0.197,0.217,-0.275,-0.045,0.088,-0.015,0.67,-0.184,-0.347,-0.276,-0.066,0.45,-0.078,-0.482,-0.591,0.21,-0.229,-0.499,0.076,0.139,0.619,0.382,-0.527,-0.387,0.452,0.264,-0.669,0.41,-0.593,0.208,0.661,0.308,-0.15,-0.474,0.358,-0.396,0.364,-0.303,-0.459,-0.629,0.235,0.109,-0.304,0.458,-0.361,-0.57,-0.465,0.468,0.15,-0.061,-0.013,0.389,-0.807,0.067,-0.253,-0.326,-0.15,0.154,0.6,0.246,-0.423,-0.51,-0.364,-0.553,0.034,0.314,-0.264,-0.2,0.513,0.536,0.366,-0.37,-0.154,-0.187,0.055,0.179,-0.328,-0.236,0.405,-0.581,-0.268,-0.218,0.143,-0.173,-0.581,-0.429,-0.227,-0.322,-0.435,0.592,-0.334,0.298,-0.469,0.442,-0.342,-0.49,0.208,-0.455,-0.466,0.722,-0.112,-0.06,0.163,0.713,0.076,-0.305,0.193,-0.104,0.318,-0.173,-0.107,-0.624,-0.256,0.487,0.411,-0.401,-0.29,0.05,-0.325,0.421,-0.599,-0.716,-0.287,0.503,-0.249,-0.376,0.072,0.155,0.595,-0.449,-0.534,0.016,0.039,-0.48,0.654,-0.073,0.565,0.658,-0.481,-0.092,-0.426,0.301,0.406,-0.278,0.169,-0.286,-0.085,0.6,-0.633,0.579
AOSL,-0.611,-0.7,-0.588,-0.029,0.015,-0.037,0.248,0.342,-0.268,-0.591,0.343,0.0,0.792,-0.503,0.718,-0.745,0.541,-0.59,0.698,0.703,-0.054,-0.182,0.226,-0.516,-0.778,-0.188,0.08,0.08,0.354,-0.681,-0.183,-0.629,0.334,0.423,-0.268,-0.457,0.561,-0.732,-0.163,0.603,-0.699,0.366,-0.366,0.156,-0.657,-0.756,-0.702,-0.797,0.321,-0.078,-0.623,0.189,-0.779,0.122,-0.687,-0.279,0.324,0.155,-0.831,-0.037,-0.511,0.621,0.565,-0.462,-0.607,0.256,-0.446,-0.533,0.364,-0.004,-0.308,0.476,-0.66,-0.093,0.731,-0.162,-0.125,0.184,-0.687,0.747,-0.025,-0.228,0.116,-0.796,-0.168,-0.434,0.749,-0.804,-0.81,-0.486,-0.141,-0.754,0.062,0.68,-0.741,-0.49,-0.778,0.235,0.49,-0.776,0.342,-0.396,-0.412,0.153,-0.824,0.075,-0.751,0.752,0.65,-0.426,-0.651,-0.685,-0.589,-0.648,-0.476,0.66,-0.303,0.119,-0.103,-0.283,0.315,-0.148,0.695,0.598,-0.564,0.676,-0.486,0.49,0.483,-0.572,-0.702,-0.185,0.477,-0.716,-0.647,0.01,-0.748,-0.672,-0.672,0.762,-0.593,0.664,-0.661,-0.112,-0.76,-0.786,0.722,-0.502,-0.568,0.514,0.645,-0.51,0.723,0.382,0.383,-0.737,-0.244,-0.544,0.514,0.658,-0.616,-0.376,-0.364,0.42,0.666,-0.794,-0.289,-0.632,-0.325,0.679,-0.703,-0.21,-0.053,0.731,-0.789,0.104,-0.495,-0.235,0.149,-0.489,-0.685,-0.689,0.546,-0.46,0.614,-0.739,-0.136,0.665,-0.771,-0.727,-0.629,0.195,-0.405,-0.163,0.782,-0.582,0.535,0.699,0.06,0.305
APDN,-0.799,-0.851,-0.593,-0.051,-0.181,-0.072,0.389,0.34,-0.494,-0.649,0.317,0.792,0.0,-0.377,0.89,-0.687,0.596,-0.664,0.858,0.667,0.138,-0.293,0.123,-0.648,-0.821,-0.427,-0.097,0.378,0.518,-0.685,-0.491,-0.807,0.535,0.648,-0.488,-0.526,0.428,-0.91,-0.306,0.584,-0.718,0.388,-0.152,0.388,-0.873,-0.927,-0.857,-0.914,0.037,-0.355,-0.712,0.328,-0.887,-0.054,-0.696,-0.611,0.487,-0.08,-0.892,-0.309,-0.407,0.445,0.582,-0.646,-0.752,0.02,-0.54,-0.779,0.51,0.223,-0.119,0.528,-0.866,-0.265,0.798,-0.105,-0.079,0.021,-0.867,0.732,-0.02,-0.205,-0.14,-0.876,-0.195,-0.699,0.683,-0.896,-0.696,-0.67,-0.232,-0.799,0.018,0.772,-0.862,-0.655,-0.82,0.411,0.181,-0.871,0.1,-0.359,-0.417,0.203,-0.885,0.042,-0.871,0.859,0.781,-0.503,-0.855,-0.84,-0.885,-0.809,-0.388,0.854,-0.614,-0.024,0.072,-0.203,0.49,-0.273,0.711,0.471,-0.603,0.837,-0.362,0.394,0.484,-0.762,-0.809,-0.437,0.715,-0.834,-0.632,-0.396,-0.834,-0.931,-0.814,0.852,-0.813,0.526,-0.85,-0.243,-0.827,-0.919,0.879,-0.604,-0.631,0.649,0.581,-0.626,0.865,0.171,0.108,-0.82,-0.414,-0.607,0.574,0.77,-0.823,-0.415,-0.488,0.44,0.54,-0.905,-0.555,-0.758,-0.503,0.875,-0.887,-0.358,-0.382,0.79,-0.937,-0.183,-0.662,-0.444,0.351,-0.709,-0.827,-0.72,0.712,-0.644,0.783,-0.772,-0.26,0.759,-0.909,-0.877,-0.715,0.288,-0.398,0.007,0.865,-0.658,0.626,0.829,0.072,0.573
APLT,0.109,0.158,0.393,-0.624,-0.511,0.105,0.241,-0.007,-0.182,0.057,0.178,-0.503,-0.377,0.0,-0.219,0.711,0.144,-0.01,-0.183,-0.719,0.652,0.654,0.226,-0.11,0.525,-0.152,0.09,-0.248,-0.531,0.579,-0.237,0.116,-0.078,0.221,0.029,-0.118,-0.367,0.305,-0.273,-0.55,0.645,0.014,0.529,0.396,0.117,0.534,0.424,0.369,-0.028,-0.11,0.617,0.198,0.428,0.133,0.74,0.44,0.305,-0.405,0.511,-0.23,0.539,-0.267,-0.549,-0.112,0.037,0.16,0.021,0.044,-0.004,0.027,0.667,-0.212,0.154,-0.247,-0.311,0.74,-0.332,0.11,0.141,-0.62,0.478,0.467,-0.306,0.294,0.488,0.02,-0.311,0.581,0.312,-0.079,-0.037,0.644,-0.129,-0.145,0.543,-0.209,0.176,-0.109,-0.329,0.45,-0.524,0.673,-0.26,-0.05,0.581,-0.533,0.471,-0.435,-0.021,0.719,0.246,0.095,0.211,0.168,0.407,-0.31,-0.152,-0.078,0.75,0.731,-0.021,-0.218,-0.593,-0.675,0.708,-0.528,-0.088,-0.835,-0.13,-0.062,0.323,0.112,-0.125,0.522,0.108,-0.333,0.416,0.329,0.399,-0.118,0.067,-0.238,0.164,0.33,0.352,0.241,-0.53,-0.031,0.12,0.204,-0.749,0.508,-0.415,0.216,-0.36,0.463,0.369,0.504,-0.269,-0.62,0.469,-0.229,0.248,0.175,-0.26,0.393,0.008,0.628,-0.016,-0.138,0.129,-0.374,-0.088,-0.109,0.45,-0.605,0.369,0.177,0.207,-0.018,0.146,0.531,-0.459,0.154,0.035,0.778,0.518,0.01,0.288,0.545,0.137,-0.031,0.643,0.185,-0.569,0.07,-0.68,-0.171,-0.619,0.136
APVO,-0.914,-0.924,-0.565,-0.222,-0.337,-0.202,0.417,0.514,-0.549,-0.694,0.544,0.718,0.89,-0.219,0.0,-0.648,0.785,-0.832,0.771,0.522,0.305,-0.03,0.36,-0.844,-0.763,-0.371,0.083,0.292,0.442,-0.619,-0.54,-0.889,0.613,0.744,-0.506,-0.662,0.49,-0.909,-0.245,0.46,-0.71,0.425,-0.068,0.604,-0.911,-0.819,-0.886,-0.925,0.197,-0.294,-0.521,0.243,-0.855,0.008,-0.564,-0.584,0.581,-0.063,-0.879,-0.356,-0.441,0.434,0.544,-0.776,-0.868,0.065,-0.466,-0.842,0.522,0.227,0.102,0.612,-0.925,-0.292,0.831,-0.011,-0.284,0.073,-0.92,0.663,0.118,-0.072,-0.145,-0.902,-0.083,-0.711,0.714,-0.871,-0.726,-0.729,-0.104,-0.633,-0.213,0.787,-0.855,-0.708,-0.844,0.488,0.123,-0.786,0.108,-0.214,-0.58,0.209,-0.833,-0.027,-0.786,0.78,0.841,-0.313,-0.863,-0.869,-0.896,-0.911,-0.382,0.864,-0.627,-0.082,0.208,-0.047,0.513,-0.351,0.53,0.375,-0.508,0.723,-0.308,0.234,0.616,-0.805,-0.836,-0.487,0.62,-0.77,-0.73,-0.492,-0.83,-0.898,-0.822,0.887,-0.784,0.538,-0.911,-0.047,-0.85,-0.926,0.797,-0.643,-0.6,0.717,0.356,-0.563,0.774,0.269,0.108,-0.825,-0.26,-0.484,0.536,0.59,-0.734,-0.554,-0.405,0.485,0.55,-0.915,-0.562,-0.667,-0.493,0.874,-0.937,-0.526,-0.506,0.83,-0.876,-0.364,-0.558,-0.343,0.523,-0.687,-0.909,-0.648,0.604,-0.661,0.88,-0.678,-0.073,0.892,-0.947,-0.793,-0.799,0.282,-0.224,-0.143,0.798,-0.717,0.534,0.934,-0.174,0.638
ARGX,0.558,0.622,0.605,-0.287,-0.17,0.232,0.039,-0.377,0.147,0.459,-0.232,-0.745,-0.687,0.711,-0.648,0.0,-0.409,0.499,-0.41,-0.606,0.248,0.423,-0.165,0.389,0.762,0.039,-0.094,-0.319,-0.452,0.679,0.143,0.546,-0.336,-0.254,0.405,0.401,-0.556,0.679,-0.077,-0.522,0.827,-0.192,0.407,-0.064,0.53,0.731,0.696,0.742,-0.32,-0.069,0.564,-0.066,0.761,-0.047,0.736,0.519,-0.044,-0.347,0.818,-0.025,0.719,-0.357,-0.608,0.406,0.535,-0.081,0.289,0.358,-0.277,0.066,0.323,-0.506,0.6,-0.014,-0.671,0.467,0.098,-0.148,0.586,-0.699,0.278,0.349,-0.174,0.694,0.31,0.342,-0.637,0.823,0.651,0.346,0.032,0.678,0.068,-0.473,0.791,0.237,0.617,-0.357,-0.412,0.653,-0.508,0.502,0.218,0.069,0.83,-0.249,0.779,-0.677,-0.49,0.573,0.546,0.557,0.537,0.631,0.52,-0.555,0.256,0.054,0.375,0.515,-0.088,0.098,-0.672,-0.642,0.689,-0.599,0.186,-0.738,-0.419,0.426,0.644,0.151,-0.263,0.675,0.561,-0.053,0.716,0.619,0.75,-0.553,0.408,-0.584,0.58,0.261,0.716,0.692,-0.728,0.401,0.405,-0.22,-0.638,0.476,-0.56,-0.048,-0.448,0.734,0.372,0.512,-0.428,-0.667,0.62,0.231,0.29,-0.272,-0.581,0.778,0.187,0.677,0.207,-0.559,0.595,0.171,0.2,-0.585,0.748,-0.19,0.566,0.287,-0.098,0.284,0.619,0.651,-0.457,0.343,-0.46,0.832,0.271,-0.517,0.73,0.763,0.575,-0.174,0.478,0.322,-0.793,0.421,-0.612,-0.615,-0.267,-0.164
ARLP,-0.859,-0.797,-0.321,-0.571,-0.589,-0.028,0.58,0.471,-0.646,-0.756,0.78,0.541,0.596,0.144,0.785,-0.409,0.0,-0.756,0.598,0.079,0.527,0.442,0.445,-0.857,-0.529,-0.443,0.084,0.041,-0.011,-0.317,-0.717,-0.722,0.309,0.841,-0.435,-0.69,0.243,-0.748,-0.495,0.112,-0.336,0.322,0.238,0.761,-0.792,-0.45,-0.528,-0.711,0.498,-0.275,-0.157,0.278,-0.588,0.075,-0.156,-0.095,0.658,-0.241,-0.578,-0.286,-0.242,0.245,0.073,-0.752,-0.824,0.195,-0.515,-0.622,0.325,0.053,0.46,0.344,-0.752,-0.49,0.542,0.389,-0.744,0.409,-0.834,0.287,0.452,0.101,-0.336,-0.761,0.041,-0.689,0.622,-0.551,-0.645,-0.858,-0.215,-0.241,-0.135,0.601,-0.552,-0.817,-0.792,0.446,0.184,-0.456,-0.153,0.182,-0.872,0.061,-0.473,-0.478,-0.497,0.556,0.755,0.131,-0.723,-0.836,-0.622,-0.738,-0.101,0.529,-0.642,-0.238,0.568,0.305,0.268,-0.661,0.076,-0.106,-0.18,0.37,-0.544,-0.126,0.426,-0.862,-0.486,-0.27,0.371,-0.493,-0.722,-0.541,-0.509,-0.621,-0.692,0.802,-0.679,0.546,-0.701,0.03,-0.64,-0.751,0.43,-0.809,-0.66,0.799,0.022,-0.104,0.422,0.521,0.093,-0.452,-0.113,-0.222,0.286,0.104,-0.469,-0.677,-0.342,0.507,0.418,-0.654,-0.508,-0.147,-0.407,0.643,-0.809,-0.781,-0.344,0.757,-0.574,-0.586,-0.38,-0.167,0.446,-0.715,-0.776,-0.311,0.145,-0.411,0.842,-0.295,0.37,0.862,-0.728,-0.469,-0.66,0.427,0.05,-0.169,0.484,-0.628,0.022,0.832,-0.577,0.682
ATEX,0.75,0.851,0.371,0.381,0.366,0.321,-0.238,-0.698,0.463,0.492,-0.664,-0.59,-0.664,-0.01,-0.832,0.499,-0.756,0.0,-0.52,-0.235,-0.479,-0.21,-0.629,0.819,0.538,0.307,-0.355,-0.091,-0.191,0.328,0.463,0.78,-0.587,-0.717,0.528,0.742,-0.555,0.663,0.158,-0.326,0.502,-0.491,0.033,-0.582,0.734,0.534,0.769,0.767,-0.346,-0.017,0.174,-0.322,0.713,-0.206,0.265,0.374,-0.619,-0.085,0.737,0.422,0.406,-0.447,-0.495,0.812,0.853,-0.267,0.49,0.755,-0.587,-0.06,-0.258,-0.631,0.797,0.332,-0.815,-0.013,0.419,-0.266,0.795,-0.448,-0.189,-0.002,-0.051,0.781,-0.318,0.602,-0.71,0.646,0.747,0.598,-0.119,0.348,0.316,-0.745,0.639,0.717,0.755,-0.331,-0.14,0.54,-0.201,-0.053,0.66,0.022,0.659,0.076,0.612,-0.553,-0.846,-0.004,0.611,0.767,0.668,0.848,0.39,-0.672,0.531,0.021,-0.357,-0.173,-0.363,0.205,-0.364,-0.314,0.285,-0.402,0.286,-0.012,-0.53,0.745,0.76,0.284,-0.405,0.43,0.795,0.427,0.687,0.645,0.588,-0.814,0.621,-0.532,0.838,-0.188,0.75,0.824,-0.509,0.493,0.439,-0.695,-0.041,0.327,-0.565,-0.373,-0.133,0.716,-0.074,0.191,-0.501,-0.379,0.401,0.784,0.144,-0.738,-0.652,0.781,0.413,0.424,0.422,-0.813,0.859,0.684,0.557,-0.768,0.672,0.444,0.339,0.166,-0.625,0.473,0.892,0.407,-0.329,0.649,-0.834,0.371,-0.106,-0.891,0.855,0.493,0.782,-0.146,-0.112,0.219,-0.56,0.654,-0.265,-0.811,0.42,-0.438
ATRA,-0.733,-0.702,-0.376,-0.194,-0.319,0.191,0.532,0.097,-0.638,-0.683,0.288,0.698,0.858,-0.183,0.771,-0.41,0.598,-0.52,0.0,0.603,0.239,-0.109,-0.027,-0.589,-0.677,-0.623,-0.189,0.3,0.457,-0.566,-0.576,-0.672,0.377,0.718,-0.299,-0.329,0.116,-0.832,-0.549,0.505,-0.458,0.359,0.089,0.529,-0.842,-0.784,-0.678,-0.766,-0.028,-0.564,-0.647,0.427,-0.69,-0.18,-0.496,-0.367,0.614,-0.389,-0.676,-0.442,-0.07,0.398,0.311,-0.525,-0.644,0.053,-0.578,-0.753,0.386,0.291,-0.035,0.342,-0.729,-0.447,0.585,0.193,-0.147,0.026,-0.821,0.579,0.208,-0.12,-0.419,-0.754,-0.223,-0.709,0.506,-0.737,-0.529,-0.742,-0.344,-0.69,0.207,0.693,-0.688,-0.69,-0.722,0.383,0.062,-0.749,-0.131,-0.174,-0.439,0.27,-0.67,-0.144,-0.668,0.745,0.701,-0.376,-0.845,-0.782,-0.799,-0.67,-0.081,0.81,-0.659,0.012,0.281,0.032,0.536,-0.437,0.477,0.195,-0.448,0.804,-0.471,0.159,0.364,-0.771,-0.618,-0.516,0.824,-0.766,-0.443,-0.533,-0.615,-0.856,-0.712,0.8,-0.838,0.392,-0.699,-0.193,-0.636,-0.762,0.744,-0.645,-0.633,0.744,0.498,-0.586,0.829,0.274,-0.105,-0.598,-0.4,-0.568,0.537,0.596,-0.762,-0.333,-0.615,0.265,0.313,-0.706,-0.639,-0.558,-0.497,0.763,-0.782,-0.344,-0.283,0.618,-0.791,-0.224,-0.57,-0.419,0.315,-0.788,-0.68,-0.513,0.653,-0.538,0.741,-0.616,-0.103,0.685,-0.719,-0.746,-0.517,0.495,-0.376,0.193,0.721,-0.551,0.488,0.7,-0.047,0.718
AUTL,-0.358,-0.394,-0.44,0.397,0.22,0.001,0.149,0.048,-0.163,-0.249,-0.044,0.703,0.667,-0.719,0.522,-0.606,0.079,-0.235,0.603,0.0,-0.364,-0.583,-0.149,-0.188,-0.586,-0.067,-0.133,0.263,0.789,-0.667,0.079,-0.394,0.456,0.097,-0.013,-0.031,0.353,-0.569,0.087,0.714,-0.682,0.248,-0.389,-0.078,-0.443,-0.776,-0.71,-0.57,-0.133,-0.251,-0.737,0.018,-0.55,-0.27,-0.768,-0.586,0.129,0.103,-0.642,-0.085,-0.293,0.522,0.612,-0.085,-0.242,-0.104,-0.113,-0.463,0.159,0.314,-0.481,0.355,-0.416,0.083,0.482,-0.418,0.372,-0.276,-0.415,0.778,-0.214,-0.254,0.111,-0.454,-0.442,-0.179,0.37,-0.76,-0.396,-0.211,0.063,-0.788,0.049,0.518,-0.678,-0.056,-0.365,0.364,0.2,-0.672,0.348,-0.634,0.103,0.259,-0.709,0.527,-0.592,0.575,0.268,-0.753,-0.525,-0.305,-0.576,-0.393,-0.362,0.675,-0.046,0.145,-0.449,-0.482,0.513,0.091,0.679,0.651,-0.674,0.81,0.014,0.657,0.444,-0.181,-0.588,-0.485,0.56,-0.753,-0.157,0.033,-0.58,-0.667,-0.538,0.393,-0.353,0.224,-0.443,-0.156,-0.45,-0.49,0.759,-0.093,-0.25,0.185,0.82,-0.846,0.694,-0.074,0.065,-0.667,-0.395,-0.759,0.525,0.754,-0.672,0.13,-0.483,-0.087,0.278,-0.584,-0.292,-0.81,-0.13,0.435,-0.41,0.225,-0.128,0.289,-0.65,0.42,-0.379,-0.241,0.103,-0.307,-0.352,-0.629,0.825,-0.435,0.239,-0.831,-0.493,0.289,-0.517,-0.683,-0.254,0.102,-0.578,-0.042,0.718,-0.213,0.855,0.43,0.465,0.256
AVDL,-0.346,-0.291,0.252,-0.774,-0.515,0.125,0.502,0.334,-0.615,-0.289,0.649,-0.054,0.138,0.652,0.305,0.248,0.527,-0.479,0.239,-0.364,0.0,0.619,0.414,-0.464,0.171,-0.42,0.33,-0.063,-0.257,0.3,-0.516,-0.308,0.229,0.7,-0.145,-0.291,-0.197,-0.155,-0.459,-0.129,0.31,0.376,0.593,0.696,-0.323,0.082,-0.122,-0.097,0.258,-0.201,0.387,0.501,-0.023,-0.011,0.45,0.086,0.726,-0.51,0.012,-0.584,0.399,0.172,-0.302,-0.421,-0.367,0.272,-0.256,-0.403,0.111,0.209,0.738,0.306,-0.331,-0.423,0.271,0.602,-0.433,0.275,-0.399,-0.114,0.696,0.459,-0.414,-0.209,0.615,-0.317,-0.026,0.067,-0.083,-0.454,0.095,0.393,-0.258,0.294,0.042,-0.563,-0.206,0.23,-0.254,0.148,-0.314,0.671,-0.571,0.091,0.062,-0.502,0.074,-0.114,0.538,0.447,-0.193,-0.327,-0.218,-0.374,0.353,0.225,-0.377,-0.052,0.795,0.829,0.369,-0.216,-0.32,-0.429,0.427,-0.026,-0.235,-0.599,0.19,-0.508,-0.08,-0.151,0.266,0.175,-0.248,-0.627,0.054,-0.149,-0.063,0.435,-0.323,0.01,-0.275,0.493,-0.056,-0.258,-0.023,-0.312,-0.22,0.699,-0.427,0.135,0.05,0.56,-0.271,-0.011,0.316,0.21,0.218,-0.283,0.145,-0.577,-0.162,0.508,0.186,-0.088,-0.292,0.272,-0.447,0.385,-0.418,-0.685,-0.286,0.289,-0.048,-0.599,0.198,0.052,0.586,-0.372,-0.316,0.326,-0.129,-0.392,0.566,0.343,0.629,0.466,-0.221,0.137,-0.203,0.2,0.598,0.188,-0.146,-0.125,-0.306,0.284,-0.643,0.543
BCRX,-0.113,-0.044,0.302,-0.774,-0.52,0.019,0.288,0.254,-0.255,-0.089,0.576,-0.182,-0.293,0.654,-0.03,0.423,0.442,-0.21,-0.109,-0.583,0.619,0.0,0.442,-0.304,0.313,-0.131,0.234,-0.53,-0.591,0.344,-0.273,0.005,-0.14,0.325,-0.001,-0.22,-0.131,0.164,-0.291,-0.394,0.491,0.113,0.444,0.412,0.022,0.496,0.265,0.158,0.341,0.049,0.573,0.028,0.238,0.151,0.57,0.594,0.364,-0.253,0.268,-0.127,0.306,0.005,-0.478,-0.204,-0.198,0.225,-0.066,0.003,-0.084,-0.142,0.591,-0.088,0.038,-0.313,-0.114,0.553,-0.675,0.466,-0.078,-0.456,0.578,0.343,-0.181,0.003,0.49,-0.082,0.032,0.38,-0.071,-0.242,0.046,0.554,-0.206,-0.0,0.316,-0.361,-0.079,-0.099,-0.081,0.377,-0.352,0.65,-0.602,-0.06,0.406,-0.602,0.387,-0.292,0.154,0.838,0.069,-0.097,0.205,0.013,0.252,-0.238,-0.09,-0.171,0.691,0.717,-0.033,-0.35,-0.642,-0.573,0.541,-0.424,-0.293,-0.732,-0.025,-0.215,0.216,0.108,-0.256,0.36,-0.216,-0.287,0.283,0.273,0.22,0.104,0.029,0.019,0.026,0.431,0.131,0.085,-0.488,-0.186,-0.109,0.362,-0.654,0.48,-0.314,0.572,-0.072,0.356,0.493,0.46,-0.23,-0.69,0.4,-0.505,0.127,0.324,-0.042,0.222,-0.066,0.626,-0.103,-0.114,-0.063,-0.45,0.023,0.067,0.319,-0.527,0.385,0.208,0.23,-0.105,-0.067,0.397,-0.515,-0.01,0.208,0.604,0.738,0.191,0.111,0.463,-0.049,0.087,0.587,-0.138,-0.449,-0.088,-0.646,0.087,-0.8,0.197
BHAT,-0.36,-0.485,-0.188,-0.46,-0.267,-0.495,0.081,0.773,-0.032,-0.148,0.547,0.226,0.123,0.226,0.36,-0.165,0.445,-0.629,-0.027,-0.149,0.414,0.442,0.0,-0.585,-0.17,0.128,0.443,-0.308,-0.178,-0.003,-0.085,-0.473,0.304,0.265,-0.326,-0.676,0.581,-0.148,0.202,0.056,-0.216,0.21,-0.181,0.244,-0.201,-0.041,-0.292,-0.332,0.342,0.431,0.193,-0.02,-0.302,0.367,0.027,-0.025,0.305,0.318,-0.346,-0.014,-0.298,0.266,0.315,-0.529,-0.53,0.286,-0.032,-0.349,0.266,-0.363,0.27,0.451,-0.401,-0.02,0.484,-0.028,-0.372,0.347,-0.33,0.049,0.124,0.1,0.398,-0.371,0.466,-0.153,0.492,-0.107,-0.429,-0.176,0.311,0.058,-0.495,0.394,-0.147,-0.362,-0.395,-0.014,0.043,-0.148,0.243,0.109,-0.513,-0.076,-0.245,-0.01,-0.206,0.144,0.437,0.446,-0.101,-0.338,-0.186,-0.435,-0.431,0.13,-0.139,0.178,0.284,0.222,0.125,0.056,0.045,0.164,0.038,-0.122,-0.154,-0.129,0.306,-0.29,-0.429,0.044,-0.199,0.001,-0.609,-0.077,-0.375,-0.079,-0.083,0.382,-0.119,0.229,-0.451,0.343,-0.431,-0.378,-0.017,-0.149,-0.138,0.275,-0.34,0.111,0.05,0.357,0.222,-0.367,0.513,0.22,0.134,-0.051,0.076,-0.634,0.294,0.58,0.507,-0.366,-0.032,-0.069,-0.17,0.324,-0.396,-0.421,-0.367,0.457,-0.123,-0.439,0.034,0.129,0.398,-0.075,-0.493,-0.198,-0.063,-0.439,0.412,0.073,0.364,0.487,-0.426,-0.034,-0.575,-0.146,0.33,-0.46,0.092,-0.452,-0.091,0.463,-0.47,-0.022
BLBD,0.889,0.883,0.479,0.515,0.629,0.295,-0.515,-0.567,0.52,0.66,-0.649,-0.516,-0.648,-0.11,-0.844,0.389,-0.857,0.819,-0.589,-0.188,-0.464,-0.304,-0.585,0.0,0.623,0.331,-0.044,-0.029,-0.117,0.357,0.623,0.879,-0.456,-0.722,0.57,0.826,-0.446,0.758,0.297,-0.159,0.504,-0.246,-0.001,-0.635,0.829,0.568,0.685,0.799,-0.259,0.185,0.289,-0.128,0.714,-0.023,0.314,0.343,-0.552,0.115,0.691,0.282,0.347,-0.279,-0.312,0.853,0.896,-0.041,0.401,0.781,-0.426,-0.026,-0.299,-0.424,0.863,0.354,-0.643,-0.181,0.521,-0.191,0.838,-0.36,-0.211,0.007,0.149,0.809,-0.038,0.679,-0.657,0.62,0.681,0.761,0.144,0.38,0.306,-0.657,0.647,0.795,0.822,-0.364,-0.026,0.614,0.102,0.007,0.777,-0.139,0.604,0.253,0.587,-0.618,-0.759,-0.072,0.761,0.836,0.76,0.827,0.343,-0.651,0.654,0.124,-0.477,-0.157,-0.398,0.482,-0.223,-0.062,0.253,-0.433,0.453,0.083,-0.514,0.799,0.68,0.426,-0.333,0.596,0.788,0.553,0.701,0.705,0.672,-0.818,0.723,-0.391,0.849,0.01,0.772,0.802,-0.506,0.688,0.63,-0.69,0.002,0.261,-0.492,-0.358,-0.004,0.675,0.071,0.28,-0.292,-0.254,0.571,0.691,0.238,-0.509,-0.431,0.768,0.599,0.371,0.457,-0.688,0.852,0.686,0.557,-0.754,0.656,0.654,0.449,0.321,-0.486,0.695,0.856,0.515,-0.281,0.604,-0.855,0.36,-0.201,-0.834,0.816,0.571,0.802,-0.255,0.014,0.242,-0.536,0.774,-0.204,-0.886,0.536,-0.6
BMRN,0.767,0.804,0.766,-0.065,0.123,0.234,-0.202,-0.239,0.211,0.698,-0.162,-0.778,-0.821,0.525,-0.763,0.762,-0.529,0.538,-0.677,-0.586,0.171,0.313,-0.17,0.623,0.0,0.261,0.197,-0.248,-0.342,0.748,0.384,0.775,-0.197,-0.407,0.556,0.599,-0.552,0.854,0.204,-0.454,0.828,-0.063,0.436,-0.166,0.767,0.875,0.715,0.91,-0.118,0.156,0.824,-0.043,0.93,-0.041,0.822,0.475,-0.138,-0.102,0.902,0.003,0.668,-0.269,-0.614,0.61,0.726,0.052,0.464,0.583,-0.415,0.168,0.384,-0.326,0.784,0.145,-0.66,0.261,0.132,-0.101,0.75,-0.646,0.301,0.438,-0.009,0.876,0.44,0.663,-0.778,0.86,0.768,0.557,0.422,0.883,-0.111,-0.56,0.818,0.572,0.858,-0.183,-0.219,0.936,-0.144,0.56,0.376,-0.119,0.874,-0.04,0.894,-0.917,-0.61,0.437,0.798,0.806,0.75,0.722,0.557,-0.668,0.59,-0.063,0.1,0.499,-0.141,0.306,-0.727,-0.51,0.691,-0.71,0.5,-0.543,-0.319,0.654,0.747,0.304,-0.413,0.878,0.705,0.161,0.889,0.781,0.779,-0.742,0.748,-0.572,0.758,0.518,0.922,0.811,-0.755,0.682,0.674,-0.36,-0.563,0.424,-0.737,-0.047,-0.332,0.784,0.463,0.513,-0.313,-0.757,0.846,0.361,0.339,-0.284,-0.477,0.895,0.497,0.72,0.367,-0.667,0.74,0.244,0.286,-0.71,0.887,0.16,0.817,0.559,-0.032,0.625,0.767,0.879,-0.495,0.447,-0.64,0.816,0.285,-0.63,0.826,0.928,0.773,-0.299,0.643,0.134,-0.877,0.796,-0.545,-0.754,-0.092,-0.317
BNGO,0.385,0.39,-0.194,0.318,0.314,-0.501,-0.398,0.059,0.73,0.361,-0.257,-0.188,-0.427,-0.152,-0.371,0.039,-0.443,0.307,-0.623,-0.067,-0.42,-0.131,0.128,0.331,0.261,0.0,0.102,-0.381,-0.091,0.054,0.795,0.239,0.016,-0.754,0.341,0.079,0.366,0.441,0.838,-0.232,-0.079,-0.302,-0.59,-0.556,0.571,0.333,0.229,0.375,-0.039,0.437,0.19,-0.739,0.281,0.321,-0.083,0.027,-0.658,0.603,0.221,0.722,-0.261,-0.044,0.142,0.303,0.447,0.065,0.69,0.519,-0.301,-0.167,-0.267,-0.025,0.365,0.889,-0.213,-0.347,0.35,-0.307,0.606,-0.086,-0.436,0.19,0.6,0.415,-0.017,0.764,-0.148,0.294,0.219,0.688,0.239,0.187,-0.523,-0.434,0.277,0.681,0.404,-0.387,0.186,0.22,0.42,-0.286,0.442,0.036,0.164,0.44,0.236,-0.338,-0.475,-0.008,0.58,0.581,0.428,0.347,-0.456,-0.396,0.706,0.189,-0.578,-0.387,-0.147,0.542,0.028,0.296,0.109,-0.442,0.418,0.179,0.249,0.718,0.121,0.412,-0.634,0.299,0.203,0.785,0.077,0.496,0.471,-0.529,0.618,-0.182,0.348,0.138,0.243,0.382,-0.346,0.538,0.418,-0.655,-0.153,0.152,-0.507,-0.192,0.32,0.085,0.272,0.209,-0.353,-0.186,0.362,0.418,0.513,-0.191,0.104,0.282,0.619,-0.034,0.36,-0.536,0.527,0.43,0.379,-0.22,0.359,0.346,0.403,0.211,-0.373,0.662,0.432,-0.075,-0.268,0.335,-0.567,0.147,-0.104,-0.399,0.319,0.253,0.124,-0.722,0.13,-0.315,-0.283,0.169,0.025,-0.325,0.259,-0.684
BUSE,0.076,-0.039,0.25,-0.097,0.244,-0.161,-0.292,0.494,-0.005,0.151,0.342,0.08,-0.097,0.09,0.083,-0.094,0.084,-0.355,-0.189,-0.133,0.33,0.234,0.443,-0.044,0.197,0.102,0.0,0.038,-0.028,0.138,0.191,-0.013,0.209,0.118,0.087,-0.034,0.21,0.176,0.262,0.228,0.019,0.57,0.031,0.188,0.143,0.194,-0.097,0.037,0.408,0.446,0.465,0.253,0.05,0.317,0.272,-0.012,0.225,0.221,-0.077,-0.283,-0.049,0.38,0.21,-0.122,-0.103,0.535,0.071,-0.072,0.112,-0.045,0.178,0.489,-0.008,-0.013,0.404,-0.051,-0.075,0.29,-0.059,0.096,0.231,0.313,0.32,-0.019,0.652,0.16,0.075,0.043,-0.134,0.159,0.597,0.286,-0.261,0.2,0.029,0.062,0.075,-0.007,0.016,0.231,0.502,0.321,-0.046,-0.242,-0.077,0.16,0.037,-0.254,0.259,0.193,0.26,0.063,0.115,-0.186,-0.043,0.065,0.167,0.122,0.026,0.315,0.026,0.361,0.024,0.258,0.14,-0.137,0.184,-0.055,0.199,-0.014,-0.181,0.199,-0.008,0.332,-0.145,0.046,0.02,0.159,0.102,0.124,0.149,0.178,-0.077,0.719,-0.002,-0.033,-0.052,0.2,0.23,0.147,-0.21,0.019,-0.053,0.309,0.181,-0.091,0.557,0.297,0.43,-0.03,0.457,-0.378,0.189,0.485,0.449,-0.026,0.328,0.026,-0.017,0.219,-0.106,-0.08,-0.06,0.105,0.061,0.091,0.319,0.276,0.448,0.359,-0.141,0.284,-0.044,-0.185,0.155,0.126,0.367,0.266,-0.1,0.228,-0.12,-0.106,0.438,-0.183,-0.05,0.132,-0.086,-0.001,-0.061,-0.149
CAKE,-0.168,-0.197,0.024,0.451,0.271,0.258,-0.013,-0.042,-0.225,-0.137,-0.12,0.08,0.378,-0.248,0.292,-0.319,0.041,-0.091,0.3,0.263,-0.063,-0.53,-0.308,-0.029,-0.248,-0.381,0.038,0.0,0.484,-0.172,-0.28,-0.148,0.164,0.27,-0.151,0.074,-0.097,-0.303,-0.131,0.486,-0.266,0.24,0.166,0.235,-0.288,-0.443,-0.318,-0.273,-0.052,-0.262,-0.261,0.333,-0.223,-0.161,-0.167,-0.517,0.116,-0.116,-0.275,-0.29,-0.112,-0.03,0.275,-0.042,-0.108,-0.081,-0.189,-0.29,0.261,0.319,-0.04,0.259,-0.25,-0.267,0.294,-0.067,0.215,-0.016,-0.297,0.406,-0.042,-0.148,-0.206,-0.174,-0.232,-0.304,0.012,-0.405,0.022,-0.213,-0.011,-0.315,0.303,0.21,-0.387,-0.05,-0.079,0.376,0.024,-0.252,0.144,-0.128,0.188,-0.061,-0.34,0.222,-0.349,0.323,0.176,-0.525,-0.311,-0.22,-0.389,-0.246,0.139,0.383,-0.277,-0.059,-0.147,-0.195,0.059,-0.009,0.377,0.194,-0.402,0.54,0.173,0.383,0.003,-0.272,-0.192,-0.206,0.548,-0.311,0.045,-0.275,-0.185,-0.446,-0.427,0.198,-0.302,0.153,-0.193,-0.229,-0.183,-0.246,0.541,-0.168,-0.012,0.125,0.414,-0.345,0.358,-0.243,0.024,-0.253,-0.374,-0.254,0.446,0.522,-0.367,0.132,-0.24,-0.095,-0.001,-0.29,-0.063,-0.391,-0.001,0.466,-0.263,-0.091,-0.247,0.164,-0.353,0.061,-0.385,-0.139,0.227,-0.178,-0.206,-0.1,0.526,-0.071,0.222,-0.456,-0.355,0.199,-0.263,-0.389,-0.036,0.41,-0.292,0.239,0.507,0.006,0.355,0.155,0.469,0.254
CASY,-0.249,-0.302,-0.174,0.458,0.157,-0.062,0.045,0.1,-0.161,-0.026,-0.061,0.354,0.518,-0.531,0.442,-0.452,-0.011,-0.191,0.457,0.789,-0.257,-0.591,-0.178,-0.117,-0.342,-0.091,-0.028,0.484,0.0,-0.409,0.029,-0.288,0.578,0.098,0.047,0.085,0.186,-0.436,0.205,0.659,-0.596,0.293,-0.188,0.105,-0.334,-0.631,-0.657,-0.419,-0.181,-0.192,-0.459,0.064,-0.339,-0.379,-0.545,-0.768,0.145,0.055,-0.469,-0.259,-0.143,0.406,0.504,-0.052,-0.164,-0.16,0.017,-0.488,0.158,0.46,-0.217,0.359,-0.351,-0.004,0.385,-0.377,0.414,-0.414,-0.322,0.645,-0.096,-0.127,0.075,-0.234,-0.32,-0.114,0.129,-0.617,-0.076,-0.132,0.253,-0.56,-0.027,0.412,-0.605,0.115,-0.099,0.585,-0.015,-0.438,0.384,-0.442,0.229,0.176,-0.54,0.629,-0.423,0.34,0.143,-0.742,-0.408,-0.141,-0.553,-0.346,-0.196,0.616,-0.035,0.094,-0.386,-0.299,0.558,0.116,0.511,0.495,-0.555,0.681,0.334,0.532,0.388,-0.072,-0.472,-0.58,0.555,-0.575,0.027,-0.143,-0.421,-0.601,-0.501,0.21,-0.203,-0.028,-0.378,0.036,-0.253,-0.342,0.657,0.078,-0.058,0.108,0.641,-0.85,0.512,-0.228,-0.106,-0.574,-0.308,-0.65,0.62,0.614,-0.537,0.232,-0.354,-0.195,0.087,-0.437,-0.217,-0.76,0.058,0.377,-0.308,0.225,-0.38,0.112,-0.459,0.386,-0.231,-0.084,0.369,-0.143,-0.27,-0.346,0.845,-0.385,0.146,-0.7,-0.491,0.204,-0.398,-0.507,-0.124,0.144,-0.381,-0.109,0.574,0.005,0.849,0.296,0.464,0.295
CCOI,0.552,0.54,0.68,-0.274,-0.117,0.165,-0.025,-0.178,0.086,0.469,0.013,-0.681,-0.685,0.579,-0.619,0.679,-0.317,0.328,-0.566,-0.667,0.3,0.344,-0.003,0.357,0.748,0.054,0.138,-0.172,-0.409,0.0,0.085,0.501,-0.306,-0.17,0.278,0.279,-0.506,0.636,-0.009,-0.47,0.715,-0.126,0.382,-0.041,0.542,0.691,0.627,0.668,0.12,0.223,0.699,0.066,0.71,-0.12,0.757,0.429,-0.049,-0.23,0.735,-0.069,0.558,-0.268,-0.633,0.36,0.505,-0.039,0.271,0.367,-0.339,0.009,0.48,-0.413,0.509,-0.109,-0.546,0.306,-0.055,0.037,0.528,-0.577,0.363,0.352,-0.028,0.671,0.45,0.379,-0.629,0.721,0.561,0.272,0.25,0.8,0.024,-0.519,0.656,0.27,0.606,-0.106,-0.293,0.767,-0.25,0.602,0.101,-0.218,0.724,-0.207,0.713,-0.727,-0.397,0.474,0.561,0.527,0.533,0.48,0.506,-0.607,0.346,-0.059,0.342,0.543,-0.183,0.195,-0.662,-0.617,0.612,-0.634,0.145,-0.532,-0.402,0.361,0.643,0.193,-0.38,0.73,0.42,-0.03,0.693,0.602,0.547,-0.491,0.47,-0.529,0.535,0.365,0.679,0.612,-0.639,0.357,0.315,-0.223,-0.529,0.555,-0.706,0.061,-0.331,0.589,0.347,0.42,-0.237,-0.657,0.643,0.148,0.294,-0.163,-0.406,0.663,0.244,0.695,0.187,-0.488,0.519,-0.044,0.052,-0.541,0.722,-0.069,0.571,0.436,0.073,0.352,0.534,0.763,-0.525,0.284,-0.373,0.753,0.362,-0.439,0.635,0.773,0.555,-0.026,0.639,0.119,-0.728,0.522,-0.597,-0.582,-0.309,-0.15
