,AAPL,ACRS,ADP,AFYA,AGNC,AGYS,ALT,AMGN,AMPH,AMZN,ANIP,AOSL,APDN,APLT,APVO,ARGX,ARLP,ATEX,ATRA,AUTL,AVDL,BCRX,BHAT,BLBD,BMRN,BNGO,BUSE,CAKE,CASY,CCOI,CEVA,CHY,CLDX,CLMT,COHU,COLM,COST,CPRT,CSWC,CSX,DBX,DCOM,DKNG,DMLP,DOX,EA,EDIT,ENPH,ENSG,ERNA,ESGR,ETNB,EXTR,FANG,FARO,FATE,FGEN,FIVE,FIVN,FLGT,FOLD,FORM,FOXA,FRPT,FSLR,FTAI,GBDC,GDYN,GGAL,GNLN,GRFS,GT,HCAT,HCM,HFWA,HOLX,HQY,HUBG,IAC,ICLR,IDCC,IEP,IHRT,ILMN,ILPT,IMAB,IMOS,INMD,INTZ,JAZZ,JKHY,JRVR,KIDS,LBRDK,LGND,LMAT,LPLA,LULU,MASI,MAT,MATW,MBIN,MBIO,MCRB,MDB,MDLZ,MELI,MIRM,MLKN,MNMD,MNRO,MPWR,MRCY,MRSN,MTVA,NAAS,NDAQ,NDSN,NEGG,NOVT,NVDA,NWE,NWSA,NXST,OCX,ODFL,OMAB,OPCH,OPRA,ORGO,OTRK,OZK,PAGP,PCH,PEGA,PENG,PENN,PFBC,PGNY,PHAT,PHUN,PINC,PLUG,PLXS,PYPL,QLYS,QNCX,QQQX,QVCGA,RAPT,RBBN,RCKT,REPL,RMBS,ROAD,ROKU,ROP,RUSHA,SANM,SATS,SBCF,SBLK,SBUX,SCHL,SCSC,SDGR,SEIC,SFIX,SGRY,SKYW,SLP,SNES,STAA,STLD,STOK,SWKS,TER,TFIN,TIGO,TILE,TPIC,TTEC,TTEK,TTGT,UXIN,VERU,VLYPP,VNOM,VRNS,VRSN,WDAY,WERN,WINA,WKHS,WRLD,XP,XTKG,YY,ZION,ZM
AAPL,0.0,-0.569,0.961,-0.798,-0.731,0.19,-0.859,0.611,-0.596,0.823,-0.185,-0.508,-0.907,-0.733,-0.908,-0.556,0.448,-0.798,-0.87,-0.731,-0.682,-0.566,0.068,-0.789,-0.526,-0.881,-0.625,-0.519,-0.499,-0.393,-0.555,-0.248,0.722,0.049,-0.114,-0.027,0.905,0.926,0.658,-0.192,0.506,-0.843,-0.744,-0.113,0.417,0.438,0.083,-0.05,0.249,-0.877,0.137,-0.836,-0.278,-0.608,-0.455,-0.402,-0.556,-0.645,0.021,-0.333,-0.89,-0.128,-0.792,-0.684,0.268,-0.727,0.759,0.607,-0.792,-0.407,-0.847,-0.664,-0.415,0.721,-0.844,0.735,-0.778,-0.148,-0.845,-0.081,-0.847,0.672,-0.813,-0.02,0.694,-0.609,0.907,0.6,-0.777,0.155,0.621,-0.088,-0.878,0.396,-0.78,-0.839,-0.52,0.877,0.943,-0.079,-0.773,-0.564,-0.909,-0.842,-0.849,0.692,-0.259,-0.923,-0.606,-0.671,-0.285,0.804,-0.397,-0.898,-0.259,-0.927,0.007,0.414,0.73,0.472,0.132,0.334,-0.531,-0.458,-0.258,0.492,-0.589,-0.612,-0.176,-0.462,-0.865,-0.085,-0.682,0.319,-0.71,0.83,-0.801,-0.804,-0.672,-0.366,-0.763,0.816,-0.822,-0.585,0.806,0.097,-0.034,0.454,-0.724,-0.702,-0.714,0.379,-0.705,-0.294,-0.205,-0.244,0.953,0.709,-0.553,-0.862,-0.789,-0.866,0.966,-0.77,-0.87,-0.809,-0.252,-0.651,-0.801,-0.734,-0.712,0.177,-0.866,0.315,-0.704,0.71,-0.59,-0.696,-0.035,-0.365,-0.624,0.273,0.709,-0.638,-0.686,-0.884,-0.07,-0.788,-0.049,0.579,-0.664,0.546,0.401,-0.851,-0.256,-0.879,0.427,-0.842,-0.673,-0.289
ACRS,-0.569,0.0,-0.613,0.637,0.891,0.194,0.479,-0.619,0.46,-0.141,0.364,0.818,0.751,0.743,0.709,0.371,0.28,0.417,0.722,0.863,0.699,0.523,0.475,0.427,0.76,0.75,0.657,0.718,0.41,0.088,0.639,0.846,-0.591,0.273,0.429,0.602,-0.676,-0.674,-0.078,0.524,0.218,0.744,0.811,0.476,0.113,-0.185,0.157,0.579,0.151,0.686,-0.743,0.429,0.709,0.839,0.897,0.605,0.889,0.78,0.235,0.508,0.488,0.367,0.744,0.831,0.345,0.907,-0.252,-0.209,0.576,0.659,0.831,0.851,0.624,-0.569,0.691,-0.483,0.817,0.652,0.757,-0.418,0.848,-0.142,0.752,0.302,-0.575,0.438,-0.687,-0.564,0.707,0.644,-0.802,-0.29,0.742,0.035,0.756,0.871,0.774,-0.534,-0.599,0.582,0.651,0.497,0.703,0.581,0.727,-0.823,0.464,0.606,0.762,0.792,0.596,-0.419,0.511,0.711,-0.03,0.553,-0.21,-0.335,-0.158,0.152,0.513,-0.538,0.844,0.681,0.652,0.268,0.864,0.838,0.678,0.891,0.828,0.541,0.854,0.514,0.781,-0.224,0.836,0.717,0.849,0.53,0.723,-0.498,0.738,0.782,-0.25,0.573,0.366,0.032,0.855,0.528,0.822,0.109,0.666,0.508,-0.068,0.519,-0.646,-0.602,0.768,0.689,0.714,0.78,-0.502,0.918,0.683,0.831,0.508,0.844,0.834,0.77,0.763,0.337,0.783,0.333,0.549,-0.325,0.618,0.491,-0.013,0.693,0.829,0.071,-0.224,0.704,0.519,0.809,0.132,0.823,0.443,-0.129,0.823,-0.304,-0.873,0.676,-0.034,0.517,0.106,0.504,0.725,0.709
ADP,0.961,-0.613,0.0,-0.789,-0.729,0.172,-0.874,0.734,-0.554,0.72,-0.095,-0.523,-0.896,-0.77,-0.912,-0.604,0.4,-0.801,-0.828,-0.742,-0.718,-0.579,0.081,-0.778,-0.521,-0.881,-0.604,-0.536,-0.484,-0.392,-0.529,-0.287,0.71,0.093,-0.147,-0.082,0.88,0.913,0.597,-0.148,0.442,-0.823,-0.745,-0.084,0.457,0.459,0.158,-0.077,0.302,-0.868,0.235,-0.794,-0.271,-0.588,-0.497,-0.374,-0.622,-0.663,-0.044,-0.347,-0.855,-0.095,-0.776,-0.709,0.235,-0.76,0.678,0.578,-0.814,-0.404,-0.837,-0.666,-0.466,0.779,-0.821,0.751,-0.781,-0.13,-0.833,0.014,-0.854,0.599,-0.789,-0.044,0.733,-0.551,0.897,0.587,-0.75,0.108,0.663,0.01,-0.892,0.417,-0.758,-0.835,-0.494,0.828,0.929,-0.074,-0.759,-0.554,-0.894,-0.832,-0.904,0.751,-0.296,-0.895,-0.579,-0.693,-0.243,0.785,-0.346,-0.864,-0.279,-0.922,0.029,0.468,0.688,0.474,0.087,0.413,-0.517,-0.4,-0.277,0.486,-0.587,-0.604,-0.23,-0.488,-0.886,-0.045,-0.683,0.294,-0.733,0.788,-0.813,-0.762,-0.701,-0.353,-0.767,0.85,-0.821,-0.565,0.722,-0.019,-0.11,0.445,-0.723,-0.761,-0.743,0.382,-0.663,-0.308,-0.086,-0.266,0.948,0.719,-0.555,-0.873,-0.762,-0.881,0.945,-0.784,-0.827,-0.823,-0.195,-0.671,-0.782,-0.74,-0.712,0.134,-0.871,0.317,-0.7,0.719,-0.601,-0.674,0.022,-0.356,-0.64,0.292,0.727,-0.669,-0.676,-0.899,-0.134,-0.795,-0.143,0.557,-0.718,0.573,0.452,-0.842,-0.246,-0.873,0.382,-0.825,-0.638,-0.322
AFYA,-0.798,0.637,-0.789,0.0,0.824,0.12,0.74,-0.606,0.648,-0.511,0.267,0.576,0.844,0.833,0.749,0.62,-0.18,0.759,0.824,0.793,0.789,0.757,0.236,0.695,0.641,0.752,0.712,0.686,0.523,0.31,0.551,0.485,-0.662,0.201,0.119,0.431,-0.869,-0.807,-0.298,0.433,-0.269,0.833,0.758,0.389,-0.252,-0.432,-0.1,0.201,-0.154,0.739,-0.246,0.662,0.461,0.714,0.581,0.424,0.65,0.78,0.076,0.265,0.718,0.167,0.824,0.665,-0.149,0.819,-0.404,-0.186,0.777,0.392,0.813,0.777,0.538,-0.76,0.775,-0.723,0.873,0.442,0.809,-0.026,0.854,-0.295,0.823,0.05,-0.618,0.49,-0.74,-0.564,0.724,0.112,-0.666,0.114,0.825,-0.351,0.702,0.795,0.741,-0.737,-0.819,0.29,0.721,0.652,0.8,0.67,0.848,-0.777,0.371,0.792,0.729,0.636,0.479,-0.692,0.363,0.882,0.046,0.858,0.139,-0.293,-0.577,-0.304,0.076,-0.312,0.657,0.6,0.377,-0.203,0.669,0.601,0.434,0.648,0.827,0.212,0.792,-0.03,0.75,-0.649,0.826,0.801,0.682,0.616,0.661,-0.705,0.781,0.616,-0.596,0.169,0.222,-0.218,0.74,0.644,0.719,-0.183,0.623,0.431,0.165,0.248,-0.85,-0.64,0.643,0.886,0.817,0.813,-0.712,0.831,0.824,0.794,0.365,0.762,0.8,0.857,0.661,0.039,0.809,0.033,0.782,-0.619,0.533,0.686,0.149,0.588,0.652,-0.146,-0.377,0.638,0.626,0.837,0.349,0.859,0.237,-0.366,0.694,-0.366,-0.402,0.713,0.358,0.814,-0.281,0.75,0.749,0.439
AGNC,-0.731,0.891,-0.729,0.824,0.0,0.309,0.607,-0.519,0.674,-0.42,0.492,0.858,0.886,0.797,0.82,0.466,0.094,0.548,0.886,0.929,0.721,0.627,0.51,0.571,0.866,0.871,0.738,0.801,0.463,0.109,0.792,0.776,-0.635,0.319,0.445,0.573,-0.809,-0.781,-0.304,0.613,0.074,0.879,0.929,0.544,-0.044,-0.251,0.238,0.555,0.176,0.833,-0.528,0.658,0.715,0.903,0.871,0.719,0.83,0.911,0.183,0.56,0.709,0.49,0.879,0.873,0.265,0.92,-0.402,-0.281,0.643,0.679,0.927,0.921,0.667,-0.579,0.832,-0.551,0.932,0.63,0.908,-0.209,0.933,-0.299,0.913,0.297,-0.599,0.633,-0.799,-0.617,0.825,0.48,-0.811,-0.025,0.85,-0.012,0.885,0.906,0.874,-0.631,-0.745,0.602,0.747,0.593,0.857,0.736,0.814,-0.859,0.604,0.805,0.86,0.82,0.694,-0.485,0.597,0.86,0.091,0.742,-0.099,-0.261,-0.408,0.058,0.419,-0.52,0.891,0.807,0.68,0.116,0.879,0.848,0.657,0.872,0.908,0.559,0.905,0.315,0.892,-0.476,0.937,0.868,0.862,0.687,0.829,-0.565,0.873,0.867,-0.421,0.358,0.226,0.032,0.917,0.55,0.877,0.101,0.824,0.641,0.219,0.588,-0.763,-0.637,0.83,0.791,0.846,0.871,-0.663,0.964,0.86,0.935,0.644,0.911,0.939,0.854,0.853,0.294,0.915,0.197,0.64,-0.357,0.74,0.668,0.085,0.727,0.888,0.138,-0.238,0.813,0.679,0.915,0.048,0.905,0.432,-0.169,0.88,-0.337,-0.748,0.829,0.12,0.677,-0.027,0.692,0.87,0.699
AGYS,0.19,0.194,0.172,0.12,0.309,0.0,-0.152,0.21,0.29,0.14,0.522,0.534,0.12,-0.002,-0.043,-0.19,0.429,-0.224,0.169,0.141,-0.122,-0.045,0.603,-0.126,0.462,0.125,0.185,0.468,-0.2,-0.244,0.577,0.544,0.257,0.465,0.612,0.494,-0.002,0.045,0.05,0.549,0.541,0.183,0.361,0.568,0.086,0.343,0.508,0.654,0.623,0.131,-0.253,0.061,0.56,0.425,0.463,0.412,0.264,0.422,0.01,0.409,-0.004,0.743,0.237,0.276,0.693,0.142,0.3,0.193,-0.126,0.429,0.135,0.374,0.182,0.247,0.173,0.195,0.286,0.491,0.236,-0.174,0.169,0.197,0.271,0.347,0.071,0.257,0.066,0.064,0.21,0.552,-0.28,0.318,0.077,0.341,0.23,0.022,0.388,0.212,0.11,0.696,0.116,0.074,0.098,0.113,0.049,-0.214,0.651,0.078,0.313,0.233,0.631,0.457,0.273,-0.014,-0.061,-0.016,0.038,0.291,-0.004,0.505,0.643,-0.284,0.475,0.514,0.622,0.558,0.257,0.204,0.592,0.434,0.122,0.642,0.271,0.44,0.326,0.249,0.256,0.226,0.169,0.366,0.253,0.233,0.221,0.499,0.391,0.176,-0.069,0.717,0.326,-0.276,0.29,0.394,0.383,0.723,0.43,0.637,0.155,0.171,0.476,-0.052,0.171,0.114,0.212,0.167,0.134,0.201,0.59,0.399,0.289,0.156,0.141,0.531,0.184,0.404,-0.222,0.557,0.505,0.145,0.139,0.549,0.444,0.705,0.509,0.407,0.326,0.103,-0.361,0.193,0.419,0.36,0.315,0.364,-0.308,0.224,-0.07,-0.059,0.415,0.116,0.378,0.455
ALT,-0.859,0.479,-0.874,0.74,0.607,-0.152,0.0,-0.702,0.563,-0.695,-0.104,0.364,0.821,0.802,0.841,0.658,-0.399,0.843,0.729,0.605,0.688,0.579,-0.284,0.891,0.355,0.812,0.638,0.513,0.612,0.596,0.4,0.144,-0.496,-0.123,-0.012,0.135,-0.763,-0.785,-0.49,0.015,-0.564,0.802,0.553,-0.001,-0.358,-0.528,-0.415,-0.091,-0.301,0.752,-0.054,0.831,0.216,0.426,0.358,0.139,0.506,0.549,-0.216,0.099,0.882,-0.029,0.765,0.657,-0.326,0.629,-0.447,-0.451,0.888,0.15,0.705,0.594,0.411,-0.846,0.799,-0.767,0.703,0.065,0.686,0.16,0.773,-0.384,0.681,-0.001,-0.466,0.399,-0.702,-0.342,0.593,-0.163,-0.402,0.193,0.858,-0.573,0.614,0.707,0.496,-0.73,-0.823,-0.067,0.733,0.729,0.873,0.833,0.882,-0.527,0.209,0.842,0.468,0.743,0.211,-0.757,0.421,0.781,0.259,0.899,0.234,-0.189,-0.739,-0.65,-0.303,-0.071,0.403,0.368,0.187,-0.451,0.486,0.392,0.228,0.362,0.81,0.093,0.527,-0.367,0.562,-0.718,0.662,0.777,0.506,0.384,0.628,-0.731,0.633,0.472,-0.579,-0.12,0.143,-0.537,0.631,0.773,0.723,-0.537,0.551,0.17,0.118,0.076,-0.836,-0.542,0.513,0.877,0.749,0.809,-0.784,0.618,0.729,0.675,0.252,0.52,0.683,0.717,0.459,-0.242,0.727,-0.224,0.692,-0.783,0.523,0.81,0.239,0.327,0.489,-0.405,-0.696,0.57,0.742,0.8,0.194,0.687,0.022,-0.629,0.607,-0.358,-0.276,0.73,0.482,0.916,-0.587,0.871,0.663,0.059
AMGN,0.611,-0.619,0.734,-0.606,-0.519,0.21,-0.702,0.0,-0.236,0.223,0.189,-0.363,-0.646,-0.765,-0.619,-0.441,0.108,-0.651,-0.498,-0.539,-0.711,-0.549,0.185,-0.645,-0.245,-0.575,-0.543,-0.489,-0.482,-0.479,-0.189,-0.345,0.575,0.065,0.021,-0.264,0.664,0.696,0.137,-0.083,0.305,-0.616,-0.459,-0.111,0.241,0.45,0.501,0.05,0.477,-0.528,0.423,-0.411,-0.256,-0.409,-0.431,0.035,-0.663,-0.452,0.04,-0.054,-0.44,0.212,-0.586,-0.522,0.256,-0.716,0.23,0.322,-0.797,-0.201,-0.608,-0.562,-0.311,0.851,-0.597,0.742,-0.617,-0.216,-0.545,0.277,-0.687,0.132,-0.504,0.14,0.573,-0.169,0.56,0.436,-0.51,-0.067,0.559,0.193,-0.691,0.553,-0.382,-0.653,-0.395,0.589,0.685,-0.002,-0.645,-0.557,-0.595,-0.528,-0.762,0.662,-0.075,-0.535,-0.428,-0.561,-0.123,0.71,-0.14,-0.642,-0.011,-0.656,-0.017,0.39,0.336,0.47,0.072,0.23,-0.412,-0.199,-0.086,0.24,-0.482,-0.397,-0.279,-0.485,-0.676,0.002,-0.585,0.043,-0.473,0.382,-0.607,-0.54,-0.557,-0.315,-0.483,0.735,-0.541,-0.348,0.399,-0.271,-0.274,0.407,-0.575,-0.698,-0.598,0.502,-0.252,-0.109,0.276,-0.01,0.721,0.544,-0.465,-0.789,-0.61,-0.717,0.572,-0.637,-0.532,-0.536,0.002,-0.471,-0.545,-0.694,-0.414,0.119,-0.584,-0.016,-0.658,0.711,-0.356,-0.5,0.037,-0.359,-0.431,0.418,0.602,-0.447,-0.424,-0.669,-0.448,-0.672,-0.089,0.52,-0.563,0.286,0.419,-0.508,-0.235,-0.71,0.204,-0.582,-0.456,-0.222
AMPH,-0.596,0.46,-0.554,0.648,0.674,0.29,0.563,-0.236,0.0,-0.474,0.26,0.567,0.688,0.565,0.65,0.476,-0.221,0.423,0.743,0.546,0.527,0.52,0.297,0.482,0.741,0.664,0.418,0.421,0.201,-0.075,0.654,0.404,-0.524,0.227,0.204,0.362,-0.582,-0.538,-0.416,0.45,0.001,0.683,0.667,0.274,-0.322,-0.345,0.156,0.372,0.273,0.751,-0.22,0.687,0.434,0.573,0.542,0.535,0.469,0.724,0.083,0.369,0.71,0.474,0.678,0.659,0.152,0.545,-0.337,-0.151,0.403,0.318,0.676,0.582,0.554,-0.375,0.559,-0.311,0.657,0.316,0.624,0.306,0.622,-0.35,0.709,0.206,-0.39,0.328,-0.602,-0.516,0.581,0.24,-0.451,0.098,0.682,0.119,0.786,0.581,0.592,-0.325,-0.496,0.267,0.396,0.318,0.699,0.523,0.633,-0.463,0.523,0.62,0.685,0.545,0.429,-0.332,0.627,0.609,0.319,0.618,-0.113,-0.148,-0.39,-0.012,0.169,-0.349,0.49,0.636,0.444,-0.083,0.667,0.638,0.573,0.528,0.642,0.242,0.504,-0.009,0.695,-0.408,0.602,0.637,0.596,0.582,0.613,-0.352,0.625,0.572,-0.359,0.101,0.07,0.054,0.581,0.404,0.632,-0.009,0.642,0.437,0.372,0.391,-0.539,-0.553,0.5,0.562,0.54,0.653,-0.534,0.59,0.578,0.697,0.454,0.648,0.684,0.541,0.586,0.227,0.699,-0.112,0.351,-0.285,0.533,0.524,0.016,0.428,0.625,0.188,-0.123,0.695,0.677,0.639,0.003,0.532,0.371,-0.027,0.657,-0.261,-0.414,0.633,0.153,0.517,-0.163,0.617,0.677,0.404
AMZN,0.823,-0.141,0.72,-0.511,-0.42,0.14,-0.695,0.223,-0.474,0.0,-0.216,-0.289,-0.689,-0.383,-0.657,-0.284,0.601,-0.604,-0.692,-0.36,-0.299,-0.277,0.234,-0.696,-0.269,-0.674,-0.427,-0.358,-0.316,-0.421,-0.495,0.077,0.366,0.084,-0.122,0.27,0.685,0.711,0.853,-0.086,0.628,-0.643,-0.5,-0.045,0.437,0.199,-0.041,0.109,0.172,-0.704,-0.22,-0.805,-0.108,-0.374,-0.134,-0.236,-0.189,-0.394,0.321,-0.19,-0.807,-0.206,-0.583,-0.438,0.325,-0.36,0.784,0.696,-0.568,-0.278,-0.567,-0.406,-0.037,0.375,-0.7,0.546,-0.501,0.06,-0.649,-0.31,-0.566,0.746,-0.591,0.053,0.429,-0.631,0.679,0.323,-0.584,0.45,0.298,-0.431,-0.625,0.394,-0.563,-0.478,-0.283,0.686,0.769,0.037,-0.637,-0.429,-0.734,-0.777,-0.537,0.335,-0.212,-0.8,-0.349,-0.436,-0.218,0.562,-0.345,-0.66,-0.339,-0.773,-0.139,0.102,0.849,0.524,0.319,0.093,-0.307,-0.343,-0.121,0.564,-0.235,-0.295,0.129,-0.12,-0.562,-0.059,-0.385,0.584,-0.446,0.803,-0.52,-0.65,-0.3,-0.172,-0.588,0.6,-0.606,-0.447,0.753,0.572,0.293,0.341,-0.49,-0.372,-0.455,0.423,-0.636,-0.227,-0.52,-0.189,0.693,0.373,-0.395,-0.585,-0.601,-0.602,0.82,-0.39,-0.728,-0.49,-0.289,-0.354,-0.573,-0.457,-0.416,0.387,-0.593,0.441,-0.383,0.441,-0.553,-0.636,-0.166,-0.213,-0.399,0.155,0.614,-0.44,-0.647,-0.6,0.274,-0.512,0.229,0.583,-0.361,0.271,0.058,-0.723,-0.23,-0.747,0.527,-0.791,-0.536,0.004
ANIP,-0.185,0.364,-0.095,0.267,0.492,0.522,-0.104,0.189,0.26,-0.216,0.0,0.586,0.31,0.055,0.185,-0.169,0.267,0.009,0.447,0.412,0.121,0.125,0.66,-0.014,0.531,0.265,0.276,0.494,0.007,-0.202,0.626,0.526,-0.145,0.453,0.628,0.327,-0.315,-0.279,-0.176,0.622,0.27,0.316,0.537,0.588,0.104,0.213,0.747,0.544,0.457,0.322,-0.286,0.124,0.559,0.644,0.513,0.662,0.355,0.496,0.112,0.467,0.152,0.677,0.348,0.287,0.404,0.367,-0.279,-0.085,-0.006,0.67,0.358,0.519,0.153,0.172,0.343,-0.031,0.413,0.594,0.474,-0.25,0.368,-0.185,0.461,0.208,-0.316,0.644,-0.359,-0.252,0.397,0.34,-0.493,0.111,0.22,0.282,0.462,0.294,0.474,-0.176,-0.242,0.703,0.361,0.116,0.257,0.239,0.09,-0.429,0.436,0.335,0.53,0.187,0.651,0.059,0.224,0.32,-0.001,0.198,-0.129,-0.052,-0.151,0.457,0.572,-0.388,0.622,0.596,0.551,0.371,0.35,0.43,0.253,0.5,0.285,0.499,0.555,0.359,0.442,-0.146,0.483,0.361,0.397,0.295,0.401,-0.112,0.456,0.626,-0.158,0.062,-0.064,0.461,0.49,-0.141,0.348,0.496,0.614,0.58,0.549,0.569,-0.187,-0.04,0.52,0.134,0.384,0.232,-0.198,0.438,0.503,0.383,0.577,0.532,0.485,0.343,0.48,0.222,0.371,0.303,0.047,0.315,0.496,0.187,0.088,0.575,0.532,0.53,0.247,0.349,0.239,0.307,-0.327,0.441,0.212,0.124,0.288,0.106,-0.378,0.373,-0.151,0.073,0.287,0.158,0.452,0.512
AOSL,-0.508,0.818,-0.523,0.576,0.858,0.534,0.364,-0.363,0.567,-0.289,0.586,0.0,0.76,0.556,0.625,0.184,0.233,0.246,0.791,0.696,0.453,0.315,0.624,0.317,0.88,0.744,0.604,0.777,0.098,-0.113,0.929,0.889,-0.435,0.425,0.694,0.512,-0.647,-0.651,-0.34,0.698,0.323,0.765,0.899,0.64,-0.07,0.1,0.475,0.77,0.438,0.761,-0.655,0.514,0.849,0.921,0.916,0.746,0.835,0.884,0.123,0.708,0.502,0.768,0.754,0.815,0.604,0.793,-0.33,-0.283,0.406,0.862,0.822,0.875,0.452,-0.282,0.718,-0.305,0.842,0.691,0.836,-0.301,0.807,-0.294,0.838,0.359,-0.581,0.616,-0.641,-0.564,0.827,0.632,-0.852,0.032,0.72,0.202,0.821,0.746,0.738,-0.396,-0.555,0.8,0.635,0.371,0.703,0.644,0.64,-0.817,0.764,0.638,0.766,0.708,0.772,-0.186,0.563,0.632,-0.007,0.526,-0.284,-0.227,-0.267,0.319,0.698,-0.703,0.919,0.775,0.796,0.345,0.833,0.828,0.693,0.892,0.768,0.685,0.836,0.451,0.86,-0.155,0.839,0.732,0.792,0.564,0.847,-0.428,0.83,0.934,-0.176,0.345,0.092,0.394,0.887,0.249,0.817,0.171,0.856,0.85,0.286,0.791,-0.546,-0.487,0.894,0.549,0.685,0.762,-0.478,0.823,0.693,0.806,0.677,0.882,0.879,0.686,0.768,0.383,0.807,0.28,0.27,0.032,0.866,0.472,-0.038,0.775,0.953,0.46,-0.081,0.862,0.657,0.747,-0.226,0.786,0.476,0.043,0.866,-0.135,-0.856,0.805,-0.156,0.489,0.284,0.597,0.788,0.829
APDN,-0.907,0.751,-0.896,0.844,0.886,0.12,0.821,-0.646,0.688,-0.689,0.31,0.76,0.0,0.815,0.896,0.499,-0.201,0.701,0.948,0.802,0.69,0.584,0.171,0.771,0.722,0.942,0.752,0.759,0.455,0.323,0.76,0.559,-0.655,0.168,0.323,0.3,-0.932,-0.93,-0.58,0.455,-0.246,0.953,0.885,0.396,-0.302,-0.298,0.048,0.323,-0.035,0.943,-0.373,0.824,0.578,0.812,0.705,0.497,0.77,0.836,-0.063,0.439,0.856,0.377,0.938,0.864,0.036,0.875,-0.593,-0.515,0.809,0.565,0.947,0.866,0.478,-0.698,0.927,-0.724,0.929,0.417,0.938,-0.042,0.963,-0.516,0.929,0.13,-0.681,0.64,-0.866,-0.611,0.88,0.171,-0.777,0.137,0.945,-0.279,0.867,0.895,0.736,-0.778,-0.912,0.351,0.842,0.647,0.964,0.889,0.914,-0.816,0.505,0.922,0.793,0.828,0.559,-0.667,0.581,0.919,0.158,0.915,-0.017,-0.308,-0.665,-0.283,0.16,-0.433,0.774,0.704,0.511,-0.203,0.774,0.745,0.473,0.716,0.939,0.38,0.837,-0.038,0.848,-0.626,0.912,0.922,0.775,0.559,0.859,-0.756,0.907,0.808,-0.613,0.059,0.07,-0.174,0.907,0.623,0.878,-0.276,0.829,0.545,0.269,0.477,-0.906,-0.686,0.798,0.899,0.888,0.966,-0.848,0.889,0.915,0.887,0.505,0.822,0.947,0.859,0.761,0.016,0.939,-0.051,0.642,-0.541,0.789,0.766,0.07,0.64,0.835,-0.042,-0.522,0.819,0.825,0.944,0.012,0.911,0.192,-0.438,0.837,-0.357,-0.62,0.927,0.181,0.887,-0.255,0.908,0.866,0.499
APLT,-0.733,0.743,-0.77,0.833,0.797,-0.002,0.802,-0.765,0.565,-0.383,0.055,0.556,0.815,0.0,0.807,0.611,0.042,0.785,0.754,0.785,0.822,0.83,0.117,0.805,0.576,0.766,0.718,0.722,0.624,0.42,0.449,0.518,-0.578,0.251,0.1,0.553,-0.77,-0.755,-0.152,0.247,-0.214,0.857,0.659,0.347,-0.13,-0.585,-0.27,0.131,-0.202,0.701,-0.402,0.672,0.513,0.659,0.658,0.294,0.757,0.74,-0.024,0.152,0.703,0.045,0.839,0.761,-0.085,0.863,-0.244,-0.237,0.851,0.316,0.774,0.801,0.605,-0.811,0.771,-0.771,0.833,0.388,0.712,-0.13,0.852,-0.085,0.781,0.101,-0.515,0.372,-0.664,-0.444,0.64,0.251,-0.618,0.033,0.889,-0.392,0.665,0.843,0.771,-0.642,-0.769,0.232,0.716,0.79,0.813,0.701,0.854,-0.733,0.305,0.754,0.721,0.761,0.471,-0.711,0.495,0.852,0.062,0.793,0.108,-0.23,-0.453,-0.35,0.024,-0.224,0.637,0.605,0.322,-0.106,0.749,0.583,0.513,0.683,0.848,0.304,0.741,0.096,0.666,-0.493,0.783,0.821,0.616,0.67,0.644,-0.725,0.656,0.611,-0.396,0.258,0.469,-0.306,0.78,0.774,0.835,-0.259,0.555,0.318,-0.002,0.226,-0.804,-0.566,0.671,0.932,0.834,0.847,-0.606,0.817,0.732,0.763,0.339,0.665,0.767,0.876,0.572,0.028,0.78,0.184,0.804,-0.699,0.521,0.781,0.245,0.578,0.624,-0.217,-0.379,0.659,0.671,0.816,0.392,0.848,0.209,-0.39,0.726,-0.306,-0.526,0.667,0.432,0.808,-0.344,0.734,0.782,0.319
APVO,-0.908,0.709,-0.912,0.749,0.82,-0.043,0.841,-0.619,0.65,-0.657,0.185,0.625,0.896,0.807,0.0,0.638,-0.221,0.766,0.845,0.837,0.705,0.586,0.066,0.766,0.649,0.929,0.65,0.584,0.538,0.314,0.63,0.392,-0.648,-0.018,0.284,0.236,-0.795,-0.835,-0.516,0.2,-0.267,0.857,0.801,0.125,-0.323,-0.454,-0.041,0.24,-0.066,0.873,-0.268,0.856,0.37,0.643,0.636,0.533,0.645,0.746,0.115,0.47,0.9,0.242,0.805,0.819,-0.036,0.777,-0.56,-0.529,0.738,0.486,0.854,0.726,0.652,-0.691,0.845,-0.617,0.811,0.193,0.836,-0.008,0.874,-0.49,0.853,0.259,-0.581,0.596,-0.878,-0.515,0.733,0.084,-0.628,0.002,0.922,-0.222,0.87,0.906,0.608,-0.728,-0.839,0.238,0.759,0.613,0.925,0.855,0.876,-0.707,0.42,0.917,0.648,0.82,0.391,-0.646,0.552,0.847,0.352,0.857,-0.031,-0.324,-0.583,-0.287,0.022,-0.408,0.599,0.527,0.421,-0.315,0.704,0.703,0.394,0.571,0.922,0.263,0.692,-0.104,0.786,-0.709,0.843,0.827,0.744,0.476,0.816,-0.701,0.804,0.668,-0.548,0.129,0.238,-0.365,0.788,0.806,0.853,-0.174,0.749,0.427,0.2,0.394,-0.859,-0.641,0.621,0.842,0.795,0.894,-0.852,0.833,0.829,0.903,0.368,0.747,0.849,0.737,0.761,0.022,0.915,-0.187,0.701,-0.614,0.666,0.735,0.047,0.411,0.709,-0.143,-0.546,0.752,0.726,0.917,0.033,0.793,0.313,-0.429,0.807,-0.577,-0.558,0.849,0.312,0.805,-0.34,0.78,0.732,0.379
ARGX,-0.556,0.371,-0.604,0.62,0.466,-0.19,0.658,-0.441,0.476,-0.284,-0.169,0.184,0.499,0.611,0.638,0.0,-0.26,0.575,0.457,0.578,0.683,0.557,0.003,0.469,0.375,0.498,0.274,0.199,0.403,0.177,0.164,0.113,-0.498,-0.151,-0.154,0.256,-0.461,-0.421,-0.088,0.033,-0.246,0.445,0.371,-0.096,-0.162,-0.517,-0.35,0.001,-0.188,0.465,-0.125,0.492,0.028,0.23,0.274,0.258,0.324,0.42,0.264,0.072,0.61,-0.104,0.476,0.448,-0.224,0.466,-0.175,0.089,0.527,-0.018,0.492,0.317,0.653,-0.675,0.381,-0.438,0.486,0.032,0.399,0.253,0.503,-0.13,0.434,0.105,-0.339,0.122,-0.502,-0.325,0.314,-0.002,-0.24,-0.218,0.572,-0.203,0.487,0.524,0.377,-0.421,-0.459,-0.126,0.29,0.423,0.531,0.371,0.649,-0.398,0.112,0.504,0.345,0.471,0.018,-0.506,0.265,0.514,0.16,0.573,0.095,-0.292,-0.315,-0.306,-0.145,-0.151,0.194,0.216,0.153,-0.346,0.397,0.364,0.233,0.247,0.56,-0.142,0.315,-0.167,0.458,-0.495,0.396,0.421,0.473,0.376,0.313,-0.446,0.365,0.162,-0.357,0.26,0.384,-0.431,0.316,0.71,0.425,-0.071,0.282,0.019,-0.178,-0.086,-0.574,-0.528,0.193,0.598,0.369,0.475,-0.468,0.472,0.401,0.549,-0.0,0.443,0.412,0.45,0.421,-0.037,0.497,-0.237,0.589,-0.637,0.134,0.403,0.053,0.08,0.268,-0.384,-0.387,0.33,0.321,0.527,0.429,0.422,0.313,-0.146,0.487,-0.53,-0.226,0.335,0.334,0.508,-0.437,0.416,0.318,0.136
ARLP,0.448,0.28,0.4,-0.18,0.094,0.429,-0.399,0.108,-0.221,0.601,0.267,0.233,-0.201,0.042,-0.221,-0.26,0.0,-0.247,-0.181,0.114,-0.107,0.056,0.522,-0.246,0.149,-0.212,0.064,0.292,-0.05,-0.219,0.051,0.498,0.32,0.431,0.326,0.606,0.307,0.279,0.648,0.195,0.612,-0.09,-0.021,0.415,0.47,0.05,0.257,0.36,0.334,-0.298,-0.418,-0.327,0.45,0.209,0.403,0.146,0.272,0.112,0.059,0.052,-0.389,0.2,-0.026,0.037,0.554,0.105,0.551,0.391,-0.222,0.184,-0.15,0.214,0.211,0.262,-0.121,0.185,-0.006,0.44,-0.166,-0.503,-0.053,0.68,-0.018,0.226,0.179,-0.022,0.309,0.244,-0.16,0.684,-0.136,-0.111,-0.153,0.319,-0.087,-0.006,0.289,0.342,0.318,0.481,-0.076,0.1,-0.232,-0.236,-0.237,-0.077,0.128,-0.258,0.188,0.058,0.475,0.358,0.074,-0.178,-0.286,-0.367,-0.074,0.253,0.533,0.514,0.529,-0.056,0.293,0.242,0.255,0.767,0.222,0.028,0.419,0.34,-0.093,0.563,0.15,0.838,-0.075,0.583,0.005,-0.036,-0.074,0.204,-0.119,0.253,-0.206,0.219,0.633,0.427,0.482,0.433,0.14,-0.14,0.151,0.502,-0.028,0.254,-0.084,0.286,0.347,0.357,0.24,-0.152,0.023,-0.114,0.526,0.083,-0.164,-0.048,0.23,0.073,-0.012,0.061,-0.072,0.362,-0.125,0.793,-0.099,0.384,0.026,-0.028,0.232,0.361,0.079,0.416,0.614,0.014,-0.123,-0.176,0.077,0.058,0.227,0.392,0.024,0.354,-0.328,-0.231,0.0,-0.361,0.326,-0.335,0.102,0.186
ATEX,-0.798,0.417,-0.801,0.759,0.548,-0.224,0.843,-0.651,0.423,-0.604,0.009,0.246,0.701,0.785,0.766,0.575,-0.247,0.0,0.63,0.621,0.672,0.72,-0.24,0.875,0.271,0.667,0.61,0.509,0.679,0.641,0.252,0.069,-0.451,-0.052,0.023,0.197,-0.692,-0.723,-0.305,-0.085,-0.568,0.708,0.49,-0.007,-0.386,-0.65,-0.414,-0.176,-0.416,0.595,0.025,0.685,0.131,0.393,0.314,0.125,0.42,0.504,-0.103,0.04,0.751,-0.166,0.657,0.515,-0.453,0.597,-0.396,-0.381,0.834,0.124,0.561,0.556,0.455,-0.777,0.716,-0.771,0.624,0.044,0.587,-0.0,0.682,-0.23,0.646,0.029,-0.456,0.448,-0.671,-0.215,0.431,-0.27,-0.39,0.198,0.775,-0.615,0.521,0.672,0.462,-0.7,-0.8,-0.066,0.722,0.742,0.739,0.71,0.759,-0.515,0.11,0.791,0.482,0.566,0.249,-0.768,0.272,0.752,0.305,0.844,0.329,-0.185,-0.683,-0.626,-0.326,-0.037,0.333,0.292,0.058,-0.45,0.369,0.282,0.109,0.301,0.727,0.013,0.533,-0.337,0.471,-0.761,0.648,0.686,0.398,0.347,0.494,-0.762,0.549,0.381,-0.548,-0.087,0.366,-0.585,0.561,0.857,0.665,-0.385,0.454,0.133,0.158,0.021,-0.8,-0.388,0.404,0.85,0.746,0.71,-0.717,0.61,0.714,0.617,0.106,0.466,0.588,0.711,0.388,-0.295,0.661,-0.129,0.809,-0.799,0.391,0.786,0.295,0.316,0.361,-0.414,-0.536,0.445,0.595,0.716,0.372,0.698,0.019,-0.675,0.446,-0.37,-0.147,0.589,0.664,0.82,-0.631,0.713,0.583,-0.018
ATRA,-0.87,0.722,-0.828,0.824,0.886,0.169,0.729,-0.498,0.743,-0.692,0.447,0.791,0.948,0.754,0.845,0.457,-0.181,0.63,0.0,0.784,0.7,0.593,0.297,0.681,0.784,0.902,0.694,0.725,0.384,0.189,0.814,0.59,-0.682,0.252,0.338,0.323,-0.905,-0.907,-0.58,0.519,-0.2,0.943,0.886,0.454,-0.251,-0.283,0.193,0.355,0.064,0.937,-0.38,0.793,0.658,0.868,0.723,0.612,0.76,0.869,-0.048,0.442,0.833,0.468,0.918,0.815,0.075,0.849,-0.649,-0.458,0.725,0.62,0.948,0.878,0.443,-0.593,0.883,-0.653,0.923,0.516,0.941,0.006,0.934,-0.548,0.933,0.088,-0.723,0.677,-0.862,-0.69,0.902,0.211,-0.775,0.127,0.901,-0.158,0.899,0.854,0.745,-0.719,-0.87,0.416,0.785,0.567,0.935,0.837,0.832,-0.808,0.515,0.891,0.809,0.736,0.592,-0.642,0.559,0.916,0.118,0.873,-0.13,-0.32,-0.624,-0.182,0.224,-0.482,0.792,0.753,0.53,-0.1,0.815,0.767,0.442,0.749,0.903,0.396,0.864,0.024,0.854,-0.599,0.903,0.904,0.774,0.555,0.862,-0.716,0.916,0.846,-0.643,0.041,0.031,-0.048,0.89,0.509,0.835,-0.18,0.888,0.552,0.336,0.485,-0.876,-0.699,0.812,0.837,0.864,0.915,-0.824,0.873,0.91,0.887,0.547,0.819,0.937,0.851,0.812,0.052,0.913,-0.001,0.597,-0.456,0.769,0.711,0.117,0.653,0.838,0.044,-0.444,0.808,0.792,0.904,-0.024,0.889,0.181,-0.288,0.814,-0.301,-0.625,0.912,0.112,0.817,-0.191,0.866,0.868,0.549
AUTL,-0.731,0.863,-0.742,0.793,0.929,0.141,0.605,-0.539,0.546,-0.36,0.412,0.696,0.802,0.785,0.837,0.578,0.114,0.621,0.784,0.0,0.748,0.669,0.429,0.563,0.747,0.807,0.667,0.69,0.567,0.176,0.621,0.643,-0.65,0.177,0.314,0.516,-0.743,-0.737,-0.18,0.425,-0.017,0.775,0.837,0.359,0.014,-0.389,0.131,0.423,0.036,0.729,-0.466,0.609,0.556,0.782,0.788,0.669,0.75,0.795,0.283,0.473,0.687,0.293,0.793,0.783,0.114,0.87,-0.378,-0.228,0.629,0.551,0.838,0.816,0.758,-0.629,0.756,-0.567,0.831,0.501,0.809,-0.244,0.87,-0.248,0.823,0.277,-0.587,0.61,-0.783,-0.544,0.696,0.386,-0.726,-0.158,0.787,-0.067,0.819,0.901,0.783,-0.666,-0.722,0.435,0.691,0.595,0.797,0.655,0.774,-0.803,0.413,0.778,0.774,0.777,0.551,-0.541,0.487,0.823,0.116,0.712,-0.083,-0.353,-0.352,-0.021,0.298,-0.447,0.768,0.676,0.559,0.017,0.788,0.763,0.553,0.753,0.879,0.424,0.834,0.275,0.78,-0.547,0.874,0.783,0.817,0.585,0.704,-0.559,0.768,0.726,-0.433,0.411,0.352,-0.165,0.817,0.676,0.816,0.139,0.703,0.464,0.089,0.444,-0.76,-0.612,0.687,0.778,0.789,0.798,-0.661,0.932,0.813,0.908,0.469,0.844,0.832,0.801,0.819,0.259,0.861,0.137,0.733,-0.485,0.568,0.625,0.107,0.591,0.744,-0.049,-0.276,0.669,0.549,0.874,0.163,0.849,0.414,-0.218,0.769,-0.474,-0.667,0.712,0.215,0.613,-0.135,0.572,0.737,0.573
AVDL,-0.682,0.699,-0.718,0.789,0.721,-0.122,0.688,-0.711,0.527,-0.299,0.121,0.453,0.69,0.822,0.705,0.683,-0.107,0.672,0.7,0.748,0.0,0.785,0.141,0.621,0.513,0.644,0.561,0.529,0.59,0.295,0.335,0.452,-0.731,0.051,0.021,0.506,-0.742,-0.704,-0.092,0.284,-0.241,0.714,0.589,0.27,-0.061,-0.55,-0.264,0.076,-0.285,0.61,-0.417,0.478,0.392,0.587,0.553,0.324,0.68,0.651,0.13,0.089,0.583,-0.036,0.683,0.589,-0.233,0.81,-0.306,-0.111,0.743,0.274,0.744,0.689,0.535,-0.82,0.633,-0.709,0.746,0.445,0.661,-0.09,0.778,-0.161,0.637,-0.055,-0.587,0.271,-0.713,-0.602,0.56,0.19,-0.541,-0.275,0.742,-0.335,0.601,0.746,0.649,-0.603,-0.694,0.168,0.623,0.585,0.683,0.513,0.779,-0.711,0.145,0.644,0.609,0.566,0.28,-0.735,0.24,0.803,0.084,0.72,0.002,-0.342,-0.37,-0.302,0.011,-0.255,0.54,0.454,0.283,-0.097,0.646,0.577,0.335,0.634,0.755,0.077,0.731,0.08,0.631,-0.532,0.714,0.658,0.719,0.568,0.538,-0.664,0.633,0.477,-0.56,0.358,0.355,-0.313,0.646,0.714,0.636,-0.169,0.467,0.119,-0.113,0.017,-0.782,-0.667,0.534,0.838,0.694,0.703,-0.614,0.775,0.696,0.703,0.235,0.648,0.678,0.817,0.638,0.005,0.664,0.063,0.782,-0.711,0.34,0.555,0.102,0.446,0.508,-0.343,-0.439,0.474,0.431,0.757,0.491,0.753,0.231,-0.314,0.637,-0.336,-0.447,0.536,0.261,0.684,-0.266,0.563,0.606,0.345
BCRX,-0.566,0.523,-0.579,0.757,0.627,-0.045,0.579,-0.549,0.52,-0.277,0.125,0.315,0.584,0.83,0.586,0.557,0.056,0.72,0.593,0.669,0.785,0.0,0.161,0.68,0.46,0.528,0.497,0.549,0.613,0.331,0.248,0.325,-0.53,0.263,-0.039,0.549,-0.59,-0.574,0.006,0.215,-0.221,0.656,0.477,0.332,-0.044,-0.671,-0.195,-0.023,-0.295,0.48,-0.224,0.494,0.37,0.502,0.475,0.231,0.545,0.598,0.037,-0.035,0.539,-0.082,0.638,0.493,-0.265,0.697,-0.193,-0.063,0.651,0.114,0.558,0.63,0.56,-0.641,0.562,-0.674,0.635,0.355,0.512,-0.04,0.633,0.009,0.585,-0.054,-0.402,0.303,-0.521,-0.382,0.402,0.103,-0.412,-0.016,0.65,-0.319,0.508,0.627,0.664,-0.47,-0.606,0.095,0.522,0.643,0.588,0.43,0.607,-0.57,0.121,0.575,0.649,0.441,0.369,-0.651,0.296,0.748,0.07,0.632,0.124,-0.163,-0.354,-0.321,-0.076,-0.099,0.444,0.54,0.129,-0.097,0.561,0.411,0.333,0.512,0.63,0.125,0.616,0.08,0.472,-0.511,0.611,0.637,0.437,0.608,0.378,-0.566,0.466,0.403,-0.427,0.216,0.469,-0.289,0.571,0.688,0.596,-0.123,0.364,0.113,0.071,0.051,-0.647,-0.422,0.439,0.78,0.692,0.616,-0.467,0.648,0.604,0.603,0.194,0.491,0.549,0.75,0.462,-0.002,0.581,0.195,0.781,-0.647,0.25,0.652,0.309,0.456,0.364,-0.265,-0.158,0.427,0.437,0.605,0.551,0.68,0.137,-0.248,0.476,-0.227,-0.257,0.415,0.482,0.581,-0.399,0.497,0.613,0.16
BHAT,0.068,0.475,0.081,0.236,0.51,0.603,-0.284,0.185,0.297,0.234,0.66,0.624,0.171,0.117,0.066,0.003,0.522,-0.24,0.297,0.429,0.141,0.161,0.0,-0.281,0.69,0.143,0.168,0.398,-0.174,-0.545,0.541,0.757,-0.183,0.583,0.503,0.589,-0.132,-0.055,0.19,0.708,0.694,0.195,0.502,0.644,0.322,0.242,0.699,0.759,0.61,0.199,-0.559,-0.067,0.676,0.624,0.644,0.732,0.44,0.557,0.421,0.512,-0.052,0.666,0.26,0.327,0.686,0.39,0.051,0.351,-0.183,0.594,0.33,0.457,0.378,0.191,0.108,0.181,0.386,0.714,0.331,-0.249,0.271,0.12,0.376,0.333,-0.237,0.289,-0.156,-0.354,0.345,0.754,-0.513,-0.184,0.117,0.603,0.423,0.272,0.534,0.086,0.027,0.762,0.041,-0.064,0.096,-0.025,0.063,-0.453,0.529,0.064,0.531,0.168,0.611,0.239,0.281,0.169,-0.211,-0.058,-0.351,-0.118,0.265,0.739,0.838,-0.548,0.611,0.599,0.64,0.627,0.531,0.548,0.567,0.642,0.208,0.534,0.483,0.725,0.464,0.226,0.376,0.207,0.444,0.467,0.296,0.105,0.335,0.52,0.155,0.518,0.146,0.68,0.393,-0.195,0.279,0.695,0.413,0.586,0.137,0.603,-0.007,-0.189,0.439,0.013,0.176,0.155,0.098,0.436,0.215,0.381,0.494,0.545,0.366,0.252,0.477,0.63,0.298,0.456,-0.047,0.41,0.311,-0.056,-0.1,0.536,0.529,0.63,0.503,0.39,0.063,0.2,-0.113,0.328,0.527,0.56,0.403,0.005,-0.573,0.193,-0.333,-0.157,0.554,-0.062,0.339,0.745
BLBD,-0.789,0.427,-0.778,0.695,0.571,-0.126,0.891,-0.645,0.482,-0.696,-0.014,0.317,0.771,0.805,0.766,0.469,-0.246,0.875,0.681,0.563,0.621,0.68,-0.281,0.0,0.264,0.731,0.695,0.632,0.665,0.734,0.359,0.126,-0.349,0.023,0.045,0.221,-0.729,-0.749,-0.426,0.003,-0.586,0.798,0.485,0.185,-0.279,-0.559,-0.383,-0.18,-0.377,0.639,-0.011,0.815,0.267,0.438,0.353,0.027,0.471,0.518,-0.38,-0.048,0.795,-0.05,0.773,0.61,-0.378,0.626,-0.363,-0.513,0.884,0.123,0.607,0.636,0.313,-0.745,0.822,-0.848,0.654,0.1,0.624,0.056,0.736,-0.256,0.659,-0.046,-0.329,0.46,-0.613,-0.172,0.501,-0.203,-0.352,0.331,0.807,-0.649,0.525,0.657,0.573,-0.694,-0.825,-0.029,0.812,0.841,0.817,0.819,0.745,-0.47,0.151,0.831,0.529,0.695,0.375,-0.719,0.427,0.79,0.248,0.861,0.397,0.021,-0.768,-0.683,-0.359,0.07,0.429,0.451,0.11,-0.395,0.415,0.287,0.192,0.346,0.723,0.215,0.537,-0.314,0.448,-0.705,0.636,0.821,0.344,0.454,0.53,-0.703,0.539,0.503,-0.522,-0.242,0.201,-0.513,0.666,0.74,0.725,-0.529,0.524,0.174,0.289,0.074,-0.769,-0.333,0.544,0.887,0.836,0.779,-0.688,0.574,0.762,0.574,0.309,0.444,0.665,0.76,0.333,-0.296,0.652,-0.024,0.719,-0.737,0.539,0.915,0.413,0.441,0.41,-0.375,-0.514,0.497,0.749,0.716,0.197,0.715,-0.143,-0.703,0.496,-0.155,-0.172,0.654,0.603,0.889,-0.651,0.836,0.736,-0.084
BMRN,-0.526,0.76,-0.521,0.641,0.866,0.462,0.355,-0.245,0.741,-0.269,0.531,0.88,0.722,0.576,0.649,0.375,0.149,0.271,0.784,0.747,0.513,0.46,0.69,0.264,0.0,0.734,0.46,0.614,0.088,-0.279,0.858,0.797,-0.558,0.435,0.552,0.538,-0.591,-0.575,-0.31,0.666,0.375,0.71,0.895,0.525,-0.122,-0.09,0.499,0.773,0.461,0.78,-0.59,0.538,0.722,0.852,0.864,0.849,0.731,0.9,0.36,0.722,0.573,0.722,0.708,0.817,0.554,0.74,-0.344,-0.139,0.316,0.721,0.803,0.773,0.656,-0.269,0.593,-0.202,0.81,0.59,0.779,-0.096,0.733,-0.317,0.818,0.445,-0.554,0.521,-0.673,-0.636,0.754,0.613,-0.766,-0.08,0.695,0.374,0.894,0.75,0.725,-0.322,-0.486,0.692,0.448,0.249,0.682,0.53,0.644,-0.757,0.759,0.593,0.806,0.638,0.659,-0.189,0.632,0.62,0.116,0.511,-0.347,-0.289,-0.189,0.36,0.653,-0.727,0.798,0.798,0.77,0.227,0.861,0.896,0.714,0.834,0.73,0.523,0.741,0.393,0.898,-0.23,0.785,0.66,0.8,0.605,0.789,-0.337,0.792,0.802,-0.233,0.447,0.158,0.331,0.776,0.318,0.741,0.298,0.811,0.74,0.231,0.753,-0.542,-0.625,0.716,0.512,0.572,0.704,-0.488,0.811,0.626,0.859,0.565,0.868,0.82,0.599,0.822,0.524,0.811,0.117,0.304,-0.037,0.703,0.405,-0.136,0.633,0.886,0.442,-0.012,0.87,0.604,0.716,-0.111,0.695,0.632,0.189,0.856,-0.335,-0.803,0.732,-0.124,0.401,0.233,0.521,0.724,0.831
BNGO,-0.881,0.75,-0.881,0.752,0.871,0.125,0.812,-0.575,0.664,-0.674,0.265,0.744,0.942,0.766,0.929,0.498,-0.212,0.667,0.902,0.807,0.644,0.528,0.143,0.731,0.734,0.0,0.674,0.672,0.471,0.286,0.771,0.505,-0.606,0.081,0.397,0.256,-0.824,-0.867,-0.607,0.344,-0.185,0.904,0.886,0.263,-0.268,-0.274,0.097,0.385,0.034,0.94,-0.332,0.857,0.515,0.751,0.7,0.589,0.709,0.806,0.04,0.555,0.899,0.411,0.857,0.894,0.102,0.803,-0.586,-0.582,0.737,0.587,0.911,0.801,0.551,-0.64,0.897,-0.598,0.872,0.319,0.922,-0.045,0.914,-0.554,0.874,0.28,-0.597,0.658,-0.87,-0.553,0.835,0.172,-0.694,0.088,0.915,-0.168,0.893,0.889,0.662,-0.714,-0.843,0.365,0.79,0.585,0.961,0.915,0.895,-0.754,0.567,0.909,0.682,0.866,0.488,-0.566,0.596,0.846,0.28,0.856,-0.052,-0.244,-0.64,-0.223,0.157,-0.479,0.716,0.653,0.576,-0.193,0.744,0.761,0.454,0.659,0.942,0.412,0.757,-0.055,0.859,-0.656,0.891,0.879,0.771,0.475,0.898,-0.657,0.893,0.789,-0.546,0.102,0.061,-0.185,0.865,0.657,0.873,-0.199,0.852,0.539,0.245,0.544,-0.849,-0.664,0.739,0.813,0.819,0.928,-0.848,0.851,0.859,0.924,0.518,0.799,0.913,0.759,0.786,0.118,0.937,-0.122,0.587,-0.478,0.8,0.748,0.056,0.531,0.828,-0.028,-0.536,0.851,0.808,0.948,-0.101,0.827,0.31,-0.389,0.87,-0.45,-0.645,0.949,0.18,0.819,-0.227,0.858,0.818,0.51
BUSE,-0.625,0.657,-0.604,0.712,0.738,0.185,0.638,-0.543,0.418,-0.427,0.276,0.604,0.752,0.718,0.65,0.274,0.064,0.61,0.694,0.667,0.561,0.497,0.168,0.695,0.46,0.674,0.0,0.79,0.516,0.471,0.54,0.548,-0.331,0.311,0.246,0.438,-0.74,-0.703,-0.227,0.335,-0.231,0.782,0.63,0.476,-0.059,-0.185,-0.091,0.209,-0.01,0.598,-0.303,0.568,0.573,0.69,0.603,0.271,0.681,0.653,-0.228,0.19,0.56,0.203,0.814,0.651,0.022,0.72,-0.222,-0.282,0.76,0.427,0.688,0.805,0.318,-0.609,0.799,-0.701,0.764,0.506,0.703,-0.264,0.796,-0.111,0.729,0.075,-0.389,0.495,-0.538,-0.268,0.634,0.228,-0.604,0.229,0.739,-0.409,0.544,0.707,0.757,-0.68,-0.71,0.41,0.799,0.778,0.729,0.706,0.684,-0.65,0.349,0.718,0.635,0.744,0.649,-0.543,0.401,0.738,-0.086,0.703,0.268,-0.075,-0.541,-0.26,0.126,-0.165,0.736,0.612,0.416,0.04,0.605,0.445,0.434,0.648,0.728,0.542,0.739,0.163,0.555,-0.413,0.732,0.822,0.529,0.539,0.59,-0.536,0.627,0.704,-0.317,0.038,0.195,-0.143,0.77,0.47,0.765,-0.226,0.61,0.467,0.206,0.31,-0.675,-0.337,0.729,0.773,0.852,0.744,-0.508,0.729,0.777,0.632,0.561,0.654,0.751,0.802,0.421,-0.089,0.678,0.327,0.612,-0.449,0.621,0.738,0.337,0.703,0.625,-0.061,-0.281,0.549,0.681,0.734,0.156,0.797,0.023,-0.471,0.585,-0.054,-0.462,0.658,0.327,0.743,-0.224,0.707,0.802,0.303
CAKE,-0.519,0.718,-0.536,0.686,0.801,0.468,0.513,-0.489,0.421,-0.358,0.494,0.777,0.759,0.722,0.584,0.199,0.292,0.509,0.725,0.69,0.529,0.549,0.398,0.632,0.614,0.672,0.79,0.0,0.427,0.388,0.719,0.741,-0.221,0.468,0.542,0.632,-0.706,-0.668,-0.201,0.533,0.026,0.81,0.741,0.747,0.028,-0.101,0.159,0.433,0.116,0.624,-0.482,0.533,0.79,0.849,0.786,0.397,0.779,0.793,-0.223,0.296,0.501,0.474,0.842,0.753,0.266,0.819,-0.151,-0.247,0.678,0.606,0.702,0.922,0.342,-0.47,0.808,-0.642,0.832,0.669,0.76,-0.373,0.828,-0.026,0.788,0.194,-0.414,0.608,-0.537,-0.248,0.661,0.426,-0.715,0.291,0.74,-0.268,0.612,0.681,0.868,-0.519,-0.671,0.637,0.821,0.759,0.716,0.707,0.66,-0.749,0.544,0.71,0.778,0.746,0.861,-0.345,0.499,0.726,-0.036,0.666,0.221,0.032,-0.505,-0.067,0.386,-0.284,0.885,0.807,0.615,0.233,0.651,0.53,0.579,0.797,0.726,0.703,0.846,0.309,0.665,-0.301,0.815,0.85,0.545,0.651,0.655,-0.527,0.69,0.871,-0.197,0.113,0.228,0.176,0.9,0.367,0.838,-0.029,0.734,0.683,0.349,0.57,-0.592,-0.249,0.912,0.743,0.871,0.757,-0.413,0.765,0.796,0.652,0.712,0.764,0.827,0.858,0.506,0.115,0.692,0.455,0.493,-0.208,0.809,0.756,0.379,0.907,0.773,0.202,-0.079,0.683,0.719,0.721,0.003,0.885,0.161,-0.309,0.677,0.107,-0.578,0.699,0.228,0.672,-0.091,0.706,0.899,0.467
CASY,-0.499,0.41,-0.484,0.523,0.463,-0.2,0.612,-0.482,0.201,-0.316,0.007,0.098,0.455,0.624,0.538,0.403,-0.05,0.679,0.384,0.567,0.59,0.613,-0.174,0.665,0.088,0.471,0.516,0.427,0.0,0.662,0.055,0.065,-0.322,-0.151,-0.122,0.29,-0.442,-0.448,-0.022,0.019,-0.409,0.506,0.27,-0.008,0.201,-0.522,-0.378,-0.226,-0.368,0.324,0.1,0.423,0.125,0.239,0.211,0.031,0.281,0.287,-0.149,-0.142,0.509,-0.293,0.471,0.351,-0.427,0.488,-0.155,-0.237,0.662,-0.047,0.394,0.434,0.363,-0.635,0.552,-0.622,0.421,0.163,0.392,-0.057,0.514,0.01,0.384,-0.058,-0.121,0.325,-0.397,-0.112,0.219,-0.104,-0.12,0.13,0.48,-0.51,0.277,0.489,0.461,-0.511,-0.54,-0.062,0.585,0.715,0.518,0.485,0.507,-0.27,-0.064,0.537,0.318,0.492,0.158,-0.596,0.247,0.589,0.166,0.56,0.375,0.095,-0.4,-0.479,-0.358,0.303,0.267,0.286,0.043,-0.106,0.274,0.165,0.085,0.247,0.536,0.179,0.445,-0.063,0.232,-0.565,0.482,0.55,0.279,0.337,0.225,-0.406,0.318,0.278,-0.385,0.027,0.262,-0.509,0.407,0.626,0.471,-0.21,0.209,-0.079,0.071,-0.138,-0.501,-0.17,0.314,0.652,0.629,0.459,-0.429,0.479,0.546,0.415,0.315,0.27,0.385,0.613,0.291,-0.249,0.408,0.13,0.756,-0.677,0.156,0.657,0.493,0.241,0.18,-0.47,-0.348,0.155,0.306,0.564,0.348,0.512,-0.084,-0.524,0.267,-0.149,-0.022,0.329,0.618,0.588,-0.572,0.437,0.48,-0.096
CCOI,-0.393,0.088,-0.392,0.31,0.109,-0.244,0.596,-0.479,-0.075,-0.421,-0.202,-0.113,0.323,0.42,0.314,0.177,-0.219,0.641,0.189,0.176,0.295,0.331,-0.545,0.734,-0.279,0.286,0.471,0.388,0.662,0.0,-0.082,-0.19,0.068,-0.131,-0.134,0.019,-0.38,-0.369,-0.14,-0.248,-0.651,0.356,0.021,-0.002,0.012,-0.288,-0.586,-0.455,-0.531,0.166,0.208,0.359,-0.055,0.034,-0.056,-0.405,0.093,0.014,-0.543,-0.396,0.35,-0.37,0.365,0.189,-0.558,0.239,-0.063,-0.338,0.706,-0.202,0.139,0.25,-0.085,-0.576,0.476,-0.7,0.223,-0.05,0.207,-0.04,0.34,0.022,0.151,-0.193,0.019,0.181,-0.184,0.27,0.054,-0.408,0.031,0.376,0.358,-0.854,-0.018,0.209,0.231,-0.49,-0.489,-0.26,0.606,0.727,0.377,0.477,0.376,-0.084,-0.233,0.444,0.089,0.39,0.094,-0.484,0.053,0.38,0.094,0.521,0.684,0.233,-0.639,-0.762,-0.525,0.475,0.098,0.073,-0.132,-0.343,-0.122,-0.208,-0.19,-0.029,0.294,0.054,0.191,-0.406,-0.033,-0.474,0.226,0.443,-0.04,0.081,0.059,-0.41,0.111,0.113,-0.301,-0.364,0.083,-0.562,0.267,0.453,0.302,-0.577,0.08,-0.165,0.078,-0.273,-0.406,0.077,0.217,0.542,0.502,0.322,-0.311,0.139,0.419,0.066,0.099,0.048,0.197,0.44,-0.13,-0.491,0.162,0.045,0.491,-0.593,0.19,0.628,0.53,0.233,-0.017,-0.563,-0.449,-0.023,0.357,0.323,0.209,0.364,-0.441,-0.805,0.007,0.15,0.203,0.225,0.59,0.599,-0.669,0.49,0.341,-0.423
CEVA,-0.555,0.639,-0.529,0.551,0.792,0.577,0.4,-0.189,0.654,-0.495,0.626,0.929,0.76,0.449,0.63,0.164,0.051,0.252,0.814,0.621,0.335,0.248,0.541,0.359,0.858,0.771,0.54,0.719,0.055,-0.082,0.0,0.714,-0.35,0.374,0.706,0.35,-0.63,-0.638,-0.551,0.647,0.206,0.757,0.891,0.572,-0.168,0.136,0.556,0.725,0.476,0.808,-0.445,0.648,0.761,0.858,0.802,0.758,0.672,0.847,0.031,0.715,0.622,0.864,0.741,0.794,0.547,0.662,-0.438,-0.39,0.356,0.818,0.779,0.797,0.381,-0.181,0.734,-0.262,0.79,0.553,0.847,-0.109,0.753,-0.455,0.826,0.366,-0.51,0.705,-0.652,-0.491,0.812,0.441,-0.739,0.221,0.699,0.203,0.849,0.657,0.664,-0.389,-0.563,0.726,0.626,0.329,0.743,0.712,0.6,-0.695,0.8,0.704,0.705,0.679,0.746,-0.127,0.611,0.605,0.138,0.58,-0.218,-0.128,-0.441,0.238,0.582,-0.642,0.836,0.782,0.79,0.197,0.715,0.75,0.582,0.744,0.724,0.655,0.735,0.225,0.837,-0.289,0.79,0.745,0.696,0.505,0.856,-0.373,0.83,0.922,-0.256,0.105,-0.104,0.388,0.835,0.188,0.767,0.135,0.929,0.861,0.504,0.823,-0.528,-0.431,0.846,0.494,0.657,0.727,-0.54,0.71,0.721,0.777,0.713,0.836,0.856,0.599,0.727,0.341,0.79,0.093,0.173,0.089,0.92,0.525,0.008,0.709,0.912,0.491,-0.099,0.869,0.751,0.716,-0.424,0.712,0.406,0.001,0.806,-0.125,-0.713,0.856,-0.112,0.51,0.184,0.675,0.789,0.717
