,AAPL,ACRS,ADP,AFYA,AGNC,AGYS,ALT,AMGN,AMPH,AMZN,ANIP,AOSL,APDN,APLT,APVO,ARGX,ARLP,ATEX,ATRA,AUTL,AVDL,BCRX,BHAT,BLBD,BMRN,BNGO,BUSE,CAKE,CASY,CCOI,CEVA,CHY,CLDX,CLMT,COHU,COLM,COST,CPRT,CSWC,CSX,DBX,DCOM,DKNG,DMLP,DOX,EA,EDIT,ENPH,ENSG,ERNA,ESGR,ETNB,EXTR,FANG,FARO,FATE,FGEN,FIVE,FIVN,FLGT,FOLD,FORM,FOXA,FRPT,FSLR,FTAI,GBDC,GDYN,GGAL,GNLN,GRFS,GT,HCAT,HCM,HFWA,HOLX,HQY,HUBG,IAC,ICLR,IDCC,IEP,IHRT,ILMN,ILPT,IMAB,IMOS,INMD,INTZ,JAZZ,JKHY,JRVR,KIDS,LBRDK,LGND,LMAT,LPLA,LULU,MASI,MAT,MATW,MBIN,MBIO,MCRB,MDB,MDLZ,MELI,MIRM,MLKN,MNMD,MNRO,MPWR,MRCY,MRSN,MTVA,NAAS,NDAQ,NDSN,NEGG,NOVT,NVDA,NWE,NWSA,NXST,OCX,ODFL,OMAB,OPCH,OPRA,ORGO,OTRK,OZK,PAGP,PCH,PEGA,PENG,PENN,PFBC,PGNY,PHAT,PHUN,PINC,PLUG,PLXS,PYPL,QLYS,QNCX,QQQX,QVCGA,RAPT,RBBN,RCKT,REPL,RMBS,ROAD,ROKU,ROP,RUSHA,SANM,SATS,SBCF,SBLK,SBUX,SCHL,SCSC,SDGR,SEIC,SFIX,SGRY,SKYW,SLP,SNES,STAA,STLD,STOK,SWKS,TER,TFIN,TIGO,TILE,TPIC,TTEC,TTEK,TTGT,UXIN,VERU,VLYPP,VNOM,VRNS,VRSN,WDAY,WERN,WINA,WKHS,WRLD,XP,XTKG,YY,ZION,ZM
AAPL,0.0,0.597,-0.002,-0.419,0.739,0.553,0.527,0.635,-0.375,0.742,-0.118,0.22,0.288,-0.222,0.01,0.475,-0.113,0.494,-0.175,-0.299,0.477,0.351,0.663,-0.023,0.29,0.705,-0.397,0.722,0.828,0.311,0.656,0.356,0.406,0.525,0.001,-0.299,-0.245,-0.682,0.081,-0.8,0.05,0.384,0.214,-0.024,0.435,0.736,-0.689,-0.297,0.013,0.468,-0.652,-0.388,0.203,0.128,0.128,-0.79,0.722,-0.34,-0.203,0.195,-0.693,-0.158,0.616,0.193,0.115,-0.007,0.515,0.525,-0.68,-0.639,-0.424,-0.404,0.756,-0.445,-0.338,-0.238,0.835,-0.194,0.436,0.001,0.574,0.327,0.579,0.681,0.256,0.051,-0.225,0.539,0.298,0.083,-0.508,-0.544,0.658,0.193,0.62,0.683,-0.548,-0.572,-0.659,-0.686,0.329,-0.324,0.193,-0.61,0.072,-0.356,0.234,-0.094,0.181,0.665,-0.109,-0.175,-0.465,0.06,-0.24,-0.473,0.131,-0.603,0.456,-0.051,0.226,-0.719,0.422,-0.012,0.8,-0.021,-0.709,0.64,-0.034,0.568,0.759,0.606,-0.686,0.063,0.24,0.148,0.312,-0.501,0.149,0.575,0.337,-0.717,0.418,-0.768,0.184,0.574,0.411,0.908,0.606,-0.405,0.363,-0.193,-0.227,0.073,-0.691,0.137,-0.126,0.225,-0.406,-0.251,-0.323,-0.395,-0.178,0.282,-0.459,0.327,-0.416,0.755,0.09,-0.335,0.311,0.48,0.523,-0.559,0.208,0.234,-0.084,0.5,-0.251,-0.199,-0.097,0.614,0.237,0.506,0.696,-0.172,0.539,0.051,0.391,-0.42,0.314,0.22,-0.48,0.381,-0.159,0.549,0.425,0.37,-0.655,0.322
ACRS,0.597,0.0,-0.089,-0.616,0.809,0.186,0.522,0.434,-0.82,0.785,-0.415,0.516,0.642,0.12,-0.382,0.744,0.367,0.381,-0.45,-0.667,0.56,0.757,0.7,0.361,0.091,0.854,-0.611,0.804,0.535,-0.087,0.755,0.474,0.745,0.749,0.008,-0.209,-0.8,-0.802,0.24,-0.782,0.165,-0.042,0.504,0.325,0.655,0.674,-0.824,-0.543,0.082,0.749,-0.735,-0.499,0.7,0.16,-0.182,-0.709,0.902,-0.571,-0.207,0.657,-0.887,-0.256,0.285,0.241,-0.416,0.212,0.676,0.77,-0.76,-0.714,-0.602,-0.374,0.755,-0.682,-0.464,0.136,0.727,-0.534,0.768,-0.131,0.4,0.661,0.668,0.883,0.01,0.39,-0.4,0.851,0.42,-0.27,-0.805,-0.874,0.688,-0.059,0.864,0.872,-0.312,-0.723,-0.766,-0.403,0.441,0.012,0.245,-0.582,0.44,-0.758,0.578,-0.488,0.482,0.369,0.369,-0.328,-0.721,0.544,-0.72,-0.76,0.162,-0.92,0.689,-0.062,0.006,-0.783,0.721,0.337,0.844,-0.118,-0.849,0.918,-0.316,0.874,0.804,0.697,-0.695,-0.233,0.141,0.296,0.611,-0.694,0.676,0.814,0.649,-0.818,0.488,-0.74,0.429,0.704,0.677,0.73,0.664,-0.41,0.623,-0.119,-0.432,0.109,-0.76,0.415,-0.555,-0.011,-0.619,-0.168,-0.547,-0.209,-0.435,0.064,-0.473,0.59,-0.718,0.764,0.61,-0.238,0.319,0.475,0.759,-0.734,0.355,0.632,-0.399,0.048,-0.428,-0.4,-0.199,0.528,-0.108,0.831,0.589,-0.032,0.487,0.285,0.739,-0.217,0.459,-0.24,-0.643,0.583,-0.001,0.864,0.494,0.73,-0.774,0.627
ADP,-0.002,-0.089,0.0,0.294,-0.201,-0.442,0.291,-0.464,0.321,0.042,-0.473,-0.113,-0.23,0.448,0.704,0.099,-0.116,-0.673,0.698,-0.228,0.471,-0.101,-0.2,-0.776,-0.08,-0.121,-0.415,-0.048,-0.242,-0.391,-0.503,-0.374,0.307,-0.061,-0.751,-0.549,0.074,0.096,0.241,-0.01,0.619,-0.187,0.223,-0.474,0.255,-0.116,0.2,-0.19,-0.037,0.323,-0.298,0.401,0.189,-0.345,-0.028,-0.144,-0.044,-0.489,-0.361,0.307,0.038,-0.716,0.065,0.172,-0.119,-0.697,-0.303,0.061,0.325,-0.088,-0.412,-0.293,-0.182,0.26,-0.533,0.525,-0.168,-0.421,0.177,-0.494,-0.431,-0.11,0.084,0.177,-0.22,0.423,-0.561,-0.244,-0.724,-0.558,0.294,0.192,0.438,-0.237,0.109,0.203,-0.431,0.094,0.313,-0.2,0.258,0.395,-0.704,0.335,-0.107,0.051,-0.606,0.307,-0.351,-0.286,-0.07,-0.501,-0.308,-0.42,0.413,-0.208,-0.342,0.027,0.226,-0.357,-0.022,-0.222,0.332,0.607,-0.052,-0.539,0.119,-0.126,-0.529,-0.161,0.03,0.182,-0.392,-0.374,-0.419,-0.431,-0.224,-0.058,-0.373,-0.022,0.285,0.124,-0.39,-0.075,-0.162,0.23,0.301,-0.13,0.108,-0.275,0.431,0.484,-0.564,-0.809,-0.272,-0.502,0.13,-0.584,-0.204,-0.633,-0.448,-0.576,-0.14,-0.092,0.208,-0.432,-0.201,-0.279,0.341,-0.378,0.753,-0.602,0.211,-0.269,-0.691,0.357,-0.586,0.209,-0.436,-0.401,-0.227,0.113,-0.385,0.165,-0.142,0.53,-0.446,-0.429,-0.119,0.432,0.223,-0.457,0.08,0.531,0.206,0.13,0.111,-0.014,-0.202,-0.588
AFYA,-0.419,-0.616,0.294,0.0,-0.42,-0.062,-0.148,-0.509,0.656,-0.341,0.375,-0.091,-0.565,0.199,0.473,-0.214,-0.152,-0.53,0.473,0.572,-0.398,-0.478,-0.699,-0.311,0.322,-0.703,0.529,-0.759,-0.537,0.237,-0.553,-0.074,-0.469,-0.197,0.061,0.202,0.692,0.822,0.142,0.735,-0.095,-0.193,-0.258,-0.327,-0.267,-0.447,0.77,0.631,0.438,-0.518,0.613,0.71,-0.373,-0.055,0.56,0.656,-0.713,0.359,0.439,-0.389,0.753,0.216,-0.471,0.361,0.256,-0.095,-0.223,-0.396,0.633,0.65,0.443,0.472,-0.779,0.827,0.22,0.247,-0.669,0.497,-0.387,0.108,-0.175,-0.201,-0.743,-0.617,0.279,0.167,0.352,-0.585,-0.416,0.036,0.838,0.791,-0.475,0.229,-0.725,-0.633,0.366,0.827,0.76,0.31,-0.239,0.293,-0.104,0.749,-0.103,0.53,-0.393,0.618,-0.126,-0.029,-0.284,0.361,0.594,-0.248,0.373,0.581,-0.033,0.721,-0.671,0.258,0.289,0.53,-0.356,0.063,-0.619,0.247,0.763,-0.43,0.161,-0.59,-0.596,-0.689,0.402,0.437,0.232,0.151,-0.43,0.641,-0.307,-0.446,-0.42,0.751,-0.582,0.692,0.087,-0.671,-0.395,-0.372,-0.694,0.57,-0.261,0.428,0.291,-0.227,0.581,-0.213,0.483,0.078,0.716,0.245,0.367,0.055,0.712,0.273,0.793,-0.222,0.708,-0.824,-0.329,0.343,0.065,-0.239,-0.611,0.657,-0.226,-0.222,0.299,-0.022,0.411,0.237,0.393,-0.071,0.158,-0.491,-0.264,0.363,-0.281,-0.03,-0.314,0.626,-0.0,0.21,0.81,-0.389,-0.427,-0.508,-0.299,-0.404,0.671,-0.568
AGNC,0.739,0.809,-0.201,-0.42,0.0,0.612,0.728,0.444,-0.654,0.876,-0.091,0.725,0.553,0.172,-0.212,0.83,0.43,0.461,-0.392,-0.456,0.393,0.717,0.633,0.37,0.186,0.857,-0.368,0.704,0.55,0.323,0.782,0.773,0.611,0.853,0.243,0.088,-0.539,-0.649,0.334,-0.672,0.09,0.138,0.555,0.415,0.732,0.639,-0.75,-0.251,0.373,0.61,-0.526,-0.272,0.602,0.453,0.142,-0.604,0.836,-0.22,0.041,0.499,-0.717,-0.005,0.217,0.449,-0.228,0.35,0.869,0.861,-0.734,-0.493,-0.507,-0.04,0.764,-0.399,-0.338,0.103,0.648,-0.227,0.756,-0.071,0.51,0.749,0.427,0.734,0.328,0.426,-0.186,0.881,0.576,-0.118,-0.687,-0.751,0.578,0.143,0.723,0.711,-0.119,-0.577,-0.692,-0.332,0.489,0.061,0.47,-0.423,0.595,-0.651,0.677,-0.139,0.651,0.684,0.374,-0.079,-0.501,0.613,-0.635,-0.618,0.406,-0.738,0.463,0.237,0.37,-0.646,0.57,0.265,0.907,0.199,-0.774,0.918,-0.193,0.849,0.666,0.593,-0.586,0.105,0.344,0.409,0.705,-0.43,0.646,0.875,0.565,-0.663,0.585,-0.597,0.64,0.477,0.561,0.9,0.556,-0.133,0.589,0.056,-0.107,0.238,-0.625,0.572,-0.497,0.198,-0.283,0.047,-0.316,-0.073,-0.113,0.355,-0.208,0.784,-0.48,0.657,0.436,-0.054,0.266,0.669,0.675,-0.504,0.437,0.544,-0.119,0.32,-0.262,-0.152,0.199,0.764,0.185,0.781,0.808,0.017,0.607,0.499,0.791,-0.22,0.677,0.064,-0.391,0.426,-0.218,0.808,0.585,0.764,-0.554,0.702
AGYS,0.553,0.186,-0.442,-0.062,0.612,0.0,0.38,0.535,-0.086,0.349,0.568,0.332,0.125,-0.223,-0.078,0.268,0.082,0.609,-0.15,0.299,-0.052,0.104,0.291,0.443,0.343,0.411,0.357,0.26,0.508,0.839,0.567,0.68,-0.066,0.366,0.596,0.379,0.144,-0.183,0.11,-0.195,-0.271,0.579,0.063,0.327,0.168,0.307,-0.279,0.211,0.447,-0.077,0.094,-0.048,-0.066,0.529,0.598,-0.125,0.297,0.399,0.237,-0.233,-0.114,0.559,0.224,0.38,0.269,0.543,0.563,0.339,-0.381,0.04,0.178,0.284,0.386,0.054,0.303,-0.382,0.378,0.476,0.137,0.3,0.594,0.381,0.085,0.079,0.726,-0.127,0.336,0.411,0.621,0.474,-0.149,-0.138,0.071,0.515,0.078,0.108,0.191,-0.14,-0.41,-0.144,0.11,-0.225,0.647,-0.196,0.182,0.047,0.447,0.163,0.396,0.743,0.01,0.399,0.164,0.395,-0.18,0.074,0.552,-0.107,-0.143,0.395,0.381,-0.04,-0.056,-0.247,0.412,0.66,-0.239,0.404,0.413,0.318,0.249,0.107,0.025,0.58,0.562,0.472,0.285,0.191,0.272,0.381,-0.075,-0.216,0.446,-0.145,0.438,-0.106,0.003,0.642,0.121,0.357,-0.035,-0.046,0.432,0.568,-0.001,0.487,0.036,0.625,0.32,0.48,0.38,0.254,0.433,0.558,0.019,0.606,0.203,0.35,-0.329,0.321,-0.182,0.777,0.05,0.14,0.62,-0.143,0.56,0.508,0.16,0.378,0.451,0.472,0.639,0.097,0.531,-0.199,0.58,0.523,0.292,-0.383,0.263,0.69,0.057,-0.215,-0.428,0.169,0.251,0.237,0.071,0.481
ALT,0.527,0.522,0.291,-0.148,0.728,0.38,0.0,-0.056,-0.273,0.709,-0.278,0.694,0.362,0.57,0.32,0.775,0.469,-0.054,0.157,-0.481,0.512,0.637,0.271,-0.064,0.025,0.683,-0.491,0.487,0.117,0.17,0.295,0.539,0.721,0.654,-0.224,-0.055,-0.428,-0.438,0.427,-0.485,0.371,-0.015,0.654,0.222,0.801,0.328,-0.45,-0.312,0.421,0.679,-0.498,0.217,0.624,0.336,0.148,-0.465,0.649,-0.327,-0.175,0.682,-0.452,-0.358,0.144,0.415,-0.377,-0.048,0.537,0.859,-0.337,-0.347,-0.682,-0.034,0.512,-0.06,-0.577,0.513,0.311,-0.417,0.779,-0.485,-0.042,0.661,0.315,0.625,0.299,0.654,-0.501,0.635,0.133,-0.479,-0.411,-0.504,0.673,-0.164,0.629,0.615,-0.236,-0.441,-0.365,-0.228,0.554,0.403,-0.003,0.003,0.539,-0.517,0.222,0.228,0.351,0.348,0.405,-0.362,-0.583,0.401,-0.299,-0.598,0.195,-0.549,0.388,0.021,0.307,-0.528,0.55,0.63,0.714,-0.056,-0.518,0.648,-0.572,0.611,0.472,0.622,-0.563,-0.105,-0.118,0.069,0.468,-0.223,0.34,0.733,0.77,-0.383,0.384,-0.429,0.514,0.45,0.625,0.584,0.523,-0.067,0.785,0.535,-0.356,-0.201,-0.602,0.25,-0.541,-0.237,-0.244,-0.224,-0.49,-0.271,-0.174,0.289,0.082,0.511,-0.495,0.294,0.576,-0.224,0.608,0.234,0.71,-0.505,-0.07,0.702,-0.403,0.513,-0.561,-0.285,0.216,0.77,-0.164,0.761,0.578,0.359,0.159,0.344,0.569,0.052,0.829,-0.2,-0.222,0.688,-0.063,0.77,0.545,0.699,-0.468,0.327
AMGN,0.635,0.434,-0.464,-0.509,0.444,0.535,-0.056,0.0,-0.398,0.292,0.225,-0.15,0.335,-0.639,-0.46,0.008,-0.289,0.836,-0.42,0.102,0.07,0.127,0.548,0.417,0.279,0.483,0.031,0.533,0.864,0.364,0.712,0.214,-0.053,0.156,0.406,-0.099,-0.162,-0.515,-0.232,-0.513,-0.353,0.516,-0.21,0.101,-0.097,0.656,-0.516,-0.195,-0.182,0.023,-0.281,-0.665,-0.079,0.034,0.135,-0.46,0.461,-0.073,-0.059,-0.247,-0.498,0.326,0.538,-0.04,0.218,0.325,0.316,0.083,-0.666,-0.448,0.131,-0.316,0.551,-0.523,0.27,-0.662,0.763,0.193,-0.017,0.507,0.72,0.04,0.473,0.345,0.212,-0.436,0.196,0.341,0.53,0.595,-0.399,-0.381,0.214,0.451,0.303,0.349,-0.209,-0.446,-0.637,-0.5,-0.1,-0.702,0.444,-0.736,-0.196,-0.034,0.416,-0.373,0.078,0.5,-0.187,0.191,-0.09,0.173,-0.25,-0.118,0.242,-0.407,0.231,0.028,-0.064,-0.348,-0.001,-0.519,0.447,0.322,-0.486,0.407,0.5,0.336,0.575,0.254,-0.217,0.228,0.414,0.265,0.151,-0.367,0.224,0.218,-0.098,-0.641,0.388,-0.532,-0.027,0.343,-0.005,0.61,0.332,-0.152,-0.178,-0.688,0.157,0.541,-0.27,0.29,0.104,0.541,-0.205,0.18,0.1,0.049,-0.031,0.14,-0.656,0.318,-0.085,0.742,-0.278,-0.081,-0.272,0.681,0.106,-0.239,0.635,-0.249,0.357,0.14,0.117,0.038,-0.222,0.065,0.52,0.063,0.389,-0.603,0.623,0.074,0.184,-0.651,-0.256,0.545,-0.452,-0.159,-0.16,0.164,0.177,0.034,-0.358,0.434
AMPH,-0.375,-0.82,0.321,0.656,-0.654,-0.086,-0.273,-0.398,0.0,-0.593,0.379,-0.441,-0.721,-0.035,0.571,-0.594,-0.407,-0.434,0.625,0.657,-0.337,-0.705,-0.628,-0.468,0.06,-0.695,0.507,-0.675,-0.401,0.191,-0.674,-0.447,-0.587,-0.617,-0.129,0.068,0.776,0.685,-0.207,0.609,-0.082,0.147,-0.438,-0.43,-0.484,-0.545,0.727,0.493,0.073,-0.587,0.582,0.603,-0.599,-0.153,0.342,0.523,-0.736,0.374,0.056,-0.536,0.782,0.093,-0.124,-0.071,0.425,-0.271,-0.627,-0.605,0.718,0.595,0.451,0.176,-0.668,0.691,0.358,-0.057,-0.54,0.452,-0.621,-0.016,-0.364,-0.529,-0.492,-0.685,0.207,-0.291,0.223,-0.776,-0.504,0.214,0.8,0.857,-0.411,0.095,-0.719,-0.658,0.085,0.667,0.679,0.205,-0.213,0.079,-0.338,0.582,-0.477,0.765,-0.699,0.56,-0.476,-0.255,-0.395,0.166,0.605,-0.555,0.734,0.647,-0.181,0.812,-0.569,-0.016,0.019,0.634,-0.516,-0.121,-0.69,0.031,0.765,-0.749,0.223,-0.789,-0.586,-0.51,0.48,0.249,-0.153,-0.212,-0.637,0.71,-0.648,-0.648,-0.522,0.703,-0.526,0.569,-0.386,-0.547,-0.517,-0.535,-0.513,0.379,-0.439,0.266,0.239,-0.26,0.565,-0.526,0.582,-0.007,0.544,0.014,0.433,-0.083,0.434,0.112,0.488,-0.587,0.639,-0.663,-0.516,0.165,-0.095,-0.448,-0.626,0.611,-0.414,-0.47,0.271,0.19,0.284,0.34,0.203,-0.303,0.131,-0.685,-0.488,0.162,-0.392,-0.326,-0.662,0.228,-0.323,0.253,0.636,-0.381,-0.117,-0.684,-0.503,-0.647,0.645,-0.675
AMZN,0.742,0.785,0.042,-0.341,0.876,0.349,0.709,0.292,-0.593,0.0,-0.286,0.653,0.447,0.265,-0.061,0.833,0.338,0.235,-0.306,-0.592,0.404,0.751,0.542,0.08,0.221,0.744,-0.549,0.643,0.47,0.123,0.625,0.581,0.653,0.833,-0.015,-0.136,-0.489,-0.615,0.296,-0.69,0.145,-0.103,0.53,0.174,0.768,0.722,-0.682,-0.323,0.284,0.715,-0.647,-0.209,0.62,0.165,0.017,-0.686,0.778,-0.459,0.01,0.607,-0.736,-0.271,0.268,0.398,-0.264,0.097,0.745,0.799,-0.605,-0.593,-0.651,-0.223,0.651,-0.415,-0.546,0.266,0.63,-0.387,0.768,-0.173,0.418,0.642,0.386,0.814,0.182,0.538,-0.341,0.75,0.309,-0.288,-0.602,-0.697,0.623,0.032,0.735,0.738,-0.327,-0.485,-0.544,-0.464,0.481,0.158,0.229,-0.338,0.51,-0.669,0.469,-0.112,0.503,0.577,0.261,-0.223,-0.577,0.388,-0.57,-0.736,0.172,-0.724,0.494,0.095,0.364,-0.749,0.654,0.366,0.859,-0.026,-0.705,0.831,-0.408,0.788,0.705,0.58,-0.748,-0.054,0.23,0.324,0.558,-0.532,0.491,0.799,0.637,-0.609,0.357,-0.638,0.467,0.61,0.538,0.856,0.539,-0.326,0.654,0.102,-0.338,-0.067,-0.735,0.298,-0.518,0.022,-0.414,-0.221,-0.552,-0.388,-0.169,0.235,-0.203,0.557,-0.555,0.553,0.557,-0.298,0.449,0.434,0.695,-0.633,0.161,0.684,-0.349,0.195,-0.278,-0.376,0.028,0.742,-0.019,0.8,0.699,0.073,0.515,0.259,0.737,0.033,0.678,-0.106,-0.352,0.556,-0.183,0.819,0.456,0.647,-0.68,0.472
ANIP,-0.118,-0.415,-0.473,0.375,-0.091,0.568,-0.278,0.225,0.379,-0.286,0.0,-0.104,-0.255,-0.287,-0.176,-0.352,-0.094,0.321,-0.012,0.803,-0.617,-0.36,-0.335,0.405,0.303,-0.322,0.853,-0.4,0.069,0.733,0.111,0.277,-0.715,-0.204,0.745,0.597,0.55,0.475,-0.145,0.495,-0.432,0.403,-0.395,0.17,-0.404,-0.119,0.386,0.633,0.423,-0.651,0.706,0.176,-0.525,0.282,0.648,0.54,-0.438,0.746,0.476,-0.691,0.553,0.869,-0.122,0.155,0.475,0.572,0.053,-0.332,0.194,0.59,0.776,0.541,-0.308,0.418,0.825,-0.482,-0.171,0.896,-0.494,0.578,0.388,-0.097,-0.432,-0.581,0.635,-0.397,0.779,-0.238,0.326,0.746,0.447,0.493,-0.553,0.498,-0.642,-0.593,0.565,0.502,0.201,0.312,-0.214,-0.211,0.566,0.238,-0.155,0.57,0.184,0.262,0.11,0.294,-0.165,0.734,0.76,0.119,0.154,0.585,0.473,0.552,-0.683,0.519,0.243,0.625,-0.586,-0.546,-0.389,0.738,0.477,-0.247,0.756,-0.317,-0.333,-0.519,0.663,0.711,0.57,0.471,-0.188,0.661,-0.017,-0.264,-0.68,0.427,-0.011,0.513,0.083,-0.582,-0.603,-0.042,-0.471,0.682,-0.567,-0.152,0.74,0.614,0.692,0.324,0.457,0.722,0.782,0.729,0.837,0.505,0.72,0.32,0.326,0.121,0.801,-0.256,-0.707,0.554,-0.584,0.449,-0.625,0.744,0.484,-0.585,0.892,0.125,0.621,0.678,0.509,-0.071,0.75,-0.557,-0.087,-0.242,0.255,0.302,-0.117,-0.056,-0.263,0.839,0.537,-0.765,-0.425,-0.475,-0.232,-0.348,0.693,0.09
AOSL,0.22,0.516,-0.113,-0.091,0.725,0.332,0.694,-0.15,-0.441,0.653,-0.104,0.0,0.367,0.58,-0.101,0.812,0.768,0.036,-0.275,-0.442,0.198,0.684,0.274,0.353,-0.034,0.496,-0.238,0.304,-0.069,0.173,0.417,0.798,0.581,0.761,0.227,0.44,-0.462,-0.211,0.478,-0.218,0.209,-0.194,0.727,0.568,0.746,0.144,-0.414,-0.009,0.576,0.513,-0.148,0.147,0.707,0.659,0.077,-0.157,0.489,0.053,0.275,0.612,-0.328,-0.005,-0.323,0.476,-0.332,0.351,0.731,0.813,-0.297,-0.05,-0.488,0.407,0.385,-0.057,-0.346,0.524,0.093,-0.2,0.763,-0.302,0.07,0.817,0.0,0.403,0.226,0.679,-0.134,0.735,0.465,-0.428,-0.458,-0.513,0.292,-0.109,0.455,0.37,0.299,-0.222,-0.238,0.24,0.581,0.597,0.395,0.107,0.889,-0.649,0.612,0.16,0.818,0.346,0.619,-0.009,-0.31,0.671,-0.593,-0.46,0.436,-0.396,0.269,0.428,0.503,-0.288,0.448,0.542,0.577,0.161,-0.434,0.661,-0.397,0.636,0.185,0.36,-0.245,0.068,0.174,0.353,0.78,-0.083,0.661,0.741,0.565,-0.203,0.491,-0.108,0.814,0.134,0.468,0.487,0.259,0.119,0.636,0.473,-0.027,0.128,-0.27,0.58,-0.606,-0.031,-0.011,0.129,-0.199,0.104,-0.007,0.299,0.288,0.737,-0.323,0.149,0.604,0.226,0.21,0.337,0.546,-0.183,0.147,0.665,-0.194,0.158,-0.211,0.063,0.536,0.719,-0.028,0.716,0.593,0.378,0.243,0.698,0.782,0.201,0.851,-0.213,-0.007,0.383,-0.156,0.666,0.461,0.784,-0.155,0.567
APDN,0.288,0.642,-0.23,-0.565,0.553,0.125,0.362,0.335,-0.721,0.447,-0.255,0.367,0.0,0.192,-0.433,0.454,0.469,0.44,-0.368,-0.499,0.301,0.664,0.471,0.409,-0.244,0.66,-0.427,0.63,0.285,-0.126,0.516,0.442,0.547,0.422,0.056,0.038,-0.687,-0.559,0.256,-0.461,0.141,-0.03,0.487,0.484,0.434,0.43,-0.6,-0.565,-0.027,0.502,-0.461,-0.358,0.538,0.157,-0.23,-0.401,0.628,-0.282,-0.188,0.507,-0.639,-0.083,0.159,0.009,-0.516,0.171,0.5,0.558,-0.554,-0.471,-0.385,-0.048,0.615,-0.545,-0.293,0.115,0.434,-0.387,0.565,-0.045,0.207,0.45,0.44,0.55,-0.108,0.298,-0.207,0.69,0.447,-0.234,-0.642,-0.742,0.412,-0.209,0.606,0.541,-0.007,-0.661,-0.583,-0.12,0.222,0.01,0.25,-0.439,0.42,-0.542,0.634,-0.336,0.368,0.087,0.446,-0.178,-0.573,0.573,-0.514,-0.525,0.334,-0.679,0.416,0.072,-0.051,-0.496,0.371,0.157,0.552,0.059,-0.652,0.599,-0.236,0.666,0.477,0.498,-0.336,-0.295,-0.018,0.02,0.573,-0.522,0.522,0.537,0.541,-0.546,0.591,-0.495,0.357,0.507,0.468,0.401,0.523,-0.242,0.447,-0.189,-0.203,0.218,-0.43,0.545,-0.58,-0.108,-0.443,0.025,-0.384,0.244,-0.362,-0.21,-0.406,0.565,-0.527,0.53,0.428,-0.182,0.074,0.416,0.612,-0.549,0.316,0.386,-0.182,0.005,-0.409,-0.254,-0.108,0.233,-0.163,0.608,0.516,-0.072,0.273,0.307,0.559,-0.202,0.326,-0.184,-0.561,0.392,0.221,0.673,0.644,0.62,-0.538,0.614
APLT,-0.222,0.12,0.448,0.199,0.172,-0.223,0.57,-0.639,-0.035,0.265,-0.287,0.58,0.192,0.0,0.305,0.492,0.693,-0.561,0.279,-0.416,0.224,0.46,-0.236,-0.179,-0.359,0.125,-0.363,-0.036,-0.525,-0.263,-0.269,0.261,0.517,0.349,-0.358,0.135,-0.31,0.07,0.506,0.111,0.531,-0.406,0.681,0.263,0.627,-0.197,0.019,-0.183,0.466,0.497,-0.115,0.541,0.634,0.152,-0.095,0.079,0.117,-0.177,-0.066,0.679,-0.012,-0.393,-0.342,0.303,-0.579,-0.187,0.207,0.515,0.25,0.11,-0.494,0.258,-0.046,0.204,-0.474,0.823,-0.36,-0.391,0.591,-0.56,-0.483,0.454,-0.116,0.204,0.005,0.794,-0.404,0.269,-0.198,-0.722,-0.044,-0.149,0.257,-0.428,0.222,0.159,0.142,-0.009,0.175,0.304,0.488,0.87,-0.253,0.498,0.592,-0.339,0.052,0.275,0.339,-0.256,0.6,-0.347,-0.34,0.339,-0.097,-0.391,0.151,-0.138,0.147,0.035,0.188,-0.062,0.403,0.815,0.116,-0.199,-0.013,0.189,-0.714,0.24,-0.088,0.222,-0.147,-0.324,-0.333,-0.125,0.314,0.061,0.196,0.373,0.567,0.215,0.023,0.11,0.39,0.109,0.412,-0.087,0.116,0.03,0.687,0.701,-0.352,-0.427,-0.138,0.124,-0.465,-0.548,-0.051,-0.177,-0.406,-0.064,-0.118,-0.11,0.469,0.154,-0.277,-0.331,0.692,-0.045,0.477,-0.263,0.431,-0.19,-0.394,0.652,-0.5,0.069,-0.441,-0.184,0.226,0.345,-0.444,0.519,0.084,0.655,-0.303,0.227,0.39,0.62,0.712,-0.544,0.124,0.519,0.188,0.484,0.304,0.506,-0.07,0.057
APVO,0.01,-0.382,0.704,0.473,-0.212,-0.078,0.32,-0.46,0.571,-0.061,-0.176,-0.101,-0.433,0.305,0.0,-0.042,-0.278,-0.584,0.79,0.067,0.129,-0.297,-0.346,-0.765,0.052,-0.23,-0.076,-0.321,-0.312,-0.031,-0.572,-0.301,0.013,-0.17,-0.556,-0.389,0.435,0.279,0.037,0.162,0.246,-0.026,0.013,-0.556,0.069,-0.237,0.372,0.124,0.046,0.004,-0.024,0.596,-0.14,-0.209,0.211,0.006,-0.259,-0.147,-0.17,0.002,0.291,-0.449,0.041,0.168,0.11,-0.633,-0.322,-0.072,0.396,0.12,-0.164,-0.075,-0.317,0.545,-0.336,0.343,-0.301,-0.101,-0.06,-0.38,-0.46,-0.243,-0.164,-0.112,0.034,0.254,-0.332,-0.411,-0.66,-0.308,0.482,0.431,0.161,0.058,-0.141,-0.109,-0.307,0.267,0.44,-0.204,-0.009,0.258,-0.562,0.449,-0.165,0.279,-0.665,0.611,-0.433,-0.06,-0.32,-0.225,0.012,-0.488,0.459,0.078,-0.368,0.294,-0.097,-0.245,0.164,0.008,-0.004,0.384,-0.134,-0.249,0.332,-0.273,-0.348,-0.383,-0.19,-0.08,-0.173,-0.055,-0.325,-0.37,-0.384,0.267,-0.513,-0.207,0.113,0.305,-0.386,0.104,-0.217,-0.098,0.026,-0.151,-0.119,0.081,0.123,0.52,-0.22,-0.634,-0.055,-0.574,0.256,-0.353,0.124,-0.437,-0.189,-0.482,0.146,0.117,0.329,-0.374,0.099,-0.429,0.01,-0.298,0.521,-0.455,-0.032,0.029,-0.594,0.13,-0.267,0.366,-0.142,-0.199,0.041,0.128,-0.228,-0.125,-0.154,0.343,-0.421,-0.35,-0.337,0.316,0.181,-0.145,0.349,0.239,-0.091,-0.121,-0.09,-0.242,0.063,-0.626
ARGX,0.475,0.744,0.099,-0.214,0.83,0.268,0.775,0.008,-0.594,0.833,-0.352,0.812,0.454,0.492,-0.042,0.0,0.606,0.006,-0.267,-0.613,0.498,0.766,0.417,0.148,0.113,0.696,-0.536,0.544,0.18,0.06,0.449,0.665,0.759,0.928,-0.054,-0.016,-0.56,-0.498,0.535,-0.524,0.332,-0.24,0.71,0.327,0.891,0.391,-0.555,-0.259,0.467,0.743,-0.54,-0.012,0.758,0.351,0.016,-0.467,0.725,-0.352,0.042,0.738,-0.598,-0.275,-0.018,0.541,-0.442,0.189,0.823,0.901,-0.467,-0.398,-0.674,0.005,0.536,-0.2,-0.601,0.508,0.349,-0.444,0.885,-0.374,0.236,0.821,0.266,0.715,0.146,0.744,-0.389,0.801,0.308,-0.505,-0.573,-0.66,0.574,-0.113,0.691,0.698,-0.112,-0.43,-0.461,-0.2,0.533,0.413,0.221,-0.118,0.724,-0.758,0.47,-0.096,0.623,0.499,0.494,-0.306,-0.597,0.593,-0.592,-0.657,0.228,-0.683,0.481,0.148,0.347,-0.623,0.724,0.596,0.76,-0.063,-0.623,0.83,-0.516,0.815,0.52,0.539,-0.638,-0.077,0.185,0.342,0.653,-0.417,0.591,0.889,0.723,-0.444,0.329,-0.445,0.712,0.396,0.72,0.677,0.464,-0.192,0.789,0.412,-0.33,-0.124,-0.63,0.402,-0.622,-0.142,-0.318,-0.089,-0.528,-0.177,-0.154,0.305,0.098,0.658,-0.56,0.355,0.686,-0.054,0.568,0.309,0.711,-0.536,0.138,0.752,-0.437,0.193,-0.388,-0.338,0.163,0.757,-0.107,0.872,0.652,0.343,0.366,0.416,0.743,0.132,0.873,-0.299,-0.275,0.614,-0.12,0.828,0.59,0.849,-0.523,0.505
ARLP,-0.113,0.367,-0.116,-0.152,0.43,0.082,0.469,-0.289,-0.407,0.338,-0.094,0.768,0.469,0.693,-0.278,0.606,0.0,-0.062,-0.243,-0.393,0.219,0.63,0.08,0.441,-0.39,0.356,-0.239,0.275,-0.215,0.002,0.183,0.65,0.556,0.526,0.101,0.488,-0.516,-0.175,0.578,-0.045,0.382,-0.179,0.798,0.81,0.646,-0.128,-0.303,-0.223,0.497,0.511,-0.066,0.183,0.681,0.551,-0.165,0.071,0.354,0.079,0.015,0.627,-0.194,-0.003,-0.279,0.21,-0.598,0.358,0.559,0.671,-0.019,0.098,-0.391,0.444,0.281,-0.108,-0.241,0.482,-0.092,-0.243,0.711,-0.405,-0.098,0.771,0.032,0.24,0.135,0.542,-0.163,0.669,0.45,-0.481,-0.405,-0.479,0.207,-0.433,0.35,0.265,0.434,-0.277,-0.243,0.468,0.535,0.686,0.252,0.178,0.781,-0.485,0.532,-0.08,0.705,-0.064,0.818,-0.181,-0.34,0.776,-0.379,-0.411,0.555,-0.339,0.196,0.226,0.138,-0.06,0.438,0.556,0.291,0.058,-0.293,0.4,-0.421,0.584,0.081,0.356,0.031,-0.233,-0.07,0.156,0.683,0.01,0.5,0.643,0.499,0.001,0.482,0.017,0.671,0.07,0.508,0.138,0.303,-0.003,0.629,0.431,-0.125,0.11,-0.092,0.585,-0.698,-0.25,-0.093,0.217,-0.175,0.349,-0.154,-0.026,0.278,0.553,-0.335,0.035,0.573,0.319,0.133,0.135,0.537,-0.159,0.1,0.488,-0.216,0.102,-0.411,0.15,0.352,0.368,-0.212,0.629,0.277,0.443,0.045,0.665,0.59,0.296,0.709,-0.351,-0.111,0.385,0.262,0.606,0.492,0.791,-0.056,0.597
ATEX,0.494,0.381,-0.673,-0.53,0.461,0.609,-0.054,0.836,-0.434,0.235,0.321,0.036,0.44,-0.561,-0.584,0.006,-0.062,0.0,-0.514,0.084,-0.05,0.157,0.563,0.619,0.087,0.44,0.176,0.488,0.701,0.418,0.797,0.419,-0.077,0.134,0.628,0.23,-0.19,-0.415,-0.202,-0.377,-0.365,0.518,-0.109,0.368,-0.103,0.499,-0.557,-0.11,-0.14,-0.061,-0.088,-0.656,-0.072,0.299,0.122,-0.323,0.385,0.215,0.084,-0.25,-0.417,0.494,0.332,-0.122,0.198,0.496,0.361,0.131,-0.668,-0.247,0.191,-0.021,0.559,-0.514,0.35,-0.66,0.608,0.273,-0.003,0.545,0.649,0.098,0.362,0.177,0.223,-0.409,0.346,0.414,0.702,0.554,-0.431,-0.414,0.071,0.365,0.236,0.208,0.085,-0.416,-0.593,-0.177,-0.056,-0.571,0.642,-0.677,0.017,-0.097,0.641,-0.276,0.256,0.423,-0.055,0.381,0.028,0.295,-0.35,-0.049,0.473,-0.318,0.099,0.266,0.087,-0.217,-0.121,-0.54,0.412,0.457,-0.485,0.398,0.535,0.333,0.371,0.184,-0.01,0.23,0.419,0.233,0.364,-0.247,0.333,0.201,-0.123,-0.531,0.629,-0.381,0.133,0.196,-0.08,0.545,0.235,0.006,-0.208,-0.686,0.331,0.777,-0.085,0.555,0.006,0.576,-0.049,0.323,0.279,0.329,0.023,0.037,-0.566,0.491,-0.024,0.681,-0.3,0.067,-0.515,0.796,0.087,-0.066,0.681,-0.253,0.508,0.094,0.156,0.249,0.092,0.103,0.504,0.06,0.474,-0.586,0.589,0.333,0.3,-0.653,-0.185,0.527,-0.363,-0.257,-0.142,0.151,0.185,0.127,-0.196,0.56
ATRA,-0.175,-0.45,0.698,0.473,-0.392,-0.15,0.157,-0.42,0.625,-0.306,-0.012,-0.275,-0.368,0.279,0.79,-0.267,-0.243,-0.514,0.0,0.26,0.072,-0.407,-0.448,-0.601,0.012,-0.346,0.077,-0.358,-0.356,-0.02,-0.586,-0.343,-0.106,-0.41,-0.474,-0.306,0.397,0.412,0.114,0.349,0.288,0.046,-0.084,-0.437,-0.066,-0.294,0.523,0.088,0.014,-0.112,0.123,0.589,-0.229,-0.26,0.342,0.251,-0.38,-0.067,-0.21,-0.126,0.433,-0.272,-0.018,0.118,0.093,-0.571,-0.489,-0.226,0.49,0.248,0.089,-0.009,-0.428,0.553,-0.121,0.246,-0.4,0.023,-0.207,-0.197,-0.477,-0.305,-0.143,-0.253,0.079,0.138,-0.161,-0.494,-0.655,-0.173,0.626,0.538,0.074,0.032,-0.274,-0.224,-0.131,0.33,0.505,-0.009,-0.031,0.218,-0.558,0.549,-0.268,0.48,-0.655,0.561,-0.525,-0.307,-0.281,-0.085,0.104,-0.43,0.547,0.217,-0.21,0.381,-0.217,-0.207,0.011,0.184,-0.17,0.278,-0.344,-0.08,0.466,-0.392,-0.148,-0.494,-0.291,-0.135,0.1,-0.07,-0.321,-0.387,-0.49,0.349,-0.494,-0.329,-0.053,0.421,-0.356,0.241,-0.282,-0.102,-0.103,-0.327,-0.195,0.208,0.041,0.408,-0.168,-0.468,0.177,-0.397,0.402,-0.267,0.243,-0.253,0.021,-0.235,0.168,-0.063,0.305,-0.42,0.238,-0.489,-0.12,-0.186,0.413,-0.419,-0.162,0.146,-0.468,0.009,-0.077,0.271,-0.174,-0.059,-0.005,-0.071,-0.174,-0.255,-0.33,0.309,-0.542,-0.287,-0.334,0.334,-0.033,-0.004,0.369,0.11,0.011,-0.206,-0.037,-0.328,0.212,-0.614
AUTL,-0.299,-0.667,-0.228,0.572,-0.456,0.299,-0.481,0.102,0.657,-0.592,0.803,-0.442,-0.499,-0.416,0.067,-0.613,-0.393,0.084,0.26,0.0,-0.585,-0.692,-0.519,0.13,0.376,-0.625,0.885,-0.617,-0.093,0.608,-0.245,-0.091,-0.836,-0.51,0.477,0.344,0.779,0.674,-0.204,0.653,-0.479,0.338,-0.646,-0.157,-0.663,-0.346,0.67,0.657,0.181,-0.827,0.772,0.301,-0.744,0.003,0.647,0.682,-0.701,0.639,0.374,-0.855,0.759,0.7,-0.153,0.084,0.532,0.279,-0.318,-0.657,0.453,0.644,0.877,0.396,-0.585,0.612,0.805,-0.452,-0.368,0.875,-0.761,0.529,0.166,-0.392,-0.528,-0.777,0.486,-0.52,0.709,-0.597,-0.004,0.694,0.743,0.782,-0.652,0.513,-0.826,-0.746,0.427,0.667,0.431,0.255,-0.482,-0.324,0.236,0.359,-0.454,0.859,-0.225,0.321,-0.244,0.073,-0.442,0.624,0.837,-0.182,0.45,0.848,0.164,0.757,-0.753,0.259,0.027,0.729,-0.715,-0.564,-0.664,0.576,0.718,-0.559,0.758,-0.649,-0.508,-0.704,0.726,0.636,0.413,0.254,-0.535,0.73,-0.305,-0.595,-0.804,0.581,-0.337,0.62,-0.162,-0.72,-0.693,-0.32,-0.643,0.658,-0.734,-0.119,0.665,0.353,0.782,-0.039,0.677,0.547,0.784,0.574,0.803,0.372,0.744,0.286,0.376,-0.183,0.909,-0.461,-0.851,0.504,-0.471,0.13,-0.834,0.825,0.272,-0.77,0.813,0.066,0.622,0.594,0.284,-0.35,0.615,-0.816,-0.347,-0.17,0.008,0.004,-0.488,0.019,-0.508,0.759,0.623,-0.799,-0.397,-0.758,-0.421,-0.644,0.789,-0.275
AVDL,0.477,0.56,0.471,-0.398,0.393,-0.052,0.512,0.07,-0.337,0.404,-0.617,0.198,0.301,0.224,0.129,0.498,0.219,-0.05,0.072,-0.585,0.0,0.325,0.491,-0.198,-0.207,0.555,-0.71,0.699,0.371,-0.247,0.177,0.062,0.785,0.413,-0.516,-0.461,-0.495,-0.637,0.423,-0.654,0.654,0.179,0.588,0.112,0.588,0.175,-0.575,-0.644,-0.074,0.708,-0.724,-0.144,0.552,0.089,-0.259,-0.631,0.657,-0.569,-0.655,0.586,-0.634,-0.64,0.423,0.092,-0.34,-0.289,0.241,0.579,-0.284,-0.501,-0.715,-0.431,0.581,-0.409,-0.649,0.203,0.482,-0.652,0.672,-0.566,0.014,0.421,0.718,0.676,-0.137,0.272,-0.705,0.5,-0.049,-0.507,-0.477,-0.542,0.86,-0.389,0.71,0.782,-0.514,-0.64,-0.542,-0.362,0.544,0.155,-0.306,-0.357,0.167,-0.448,-0.061,-0.237,0.115,-0.002,0.255,-0.715,-0.767,0.114,-0.016,-0.559,0.03,-0.631,0.704,-0.384,-0.163,-0.65,0.769,0.584,0.546,-0.542,-0.636,0.472,-0.473,0.517,0.629,0.775,-0.649,-0.498,-0.299,-0.247,0.345,-0.469,0.057,0.594,0.585,-0.562,0.339,-0.659,0.188,0.579,0.863,0.418,0.74,-0.644,0.737,0.172,-0.688,-0.353,-0.696,-0.033,-0.292,-0.467,-0.656,-0.526,-0.579,-0.389,-0.538,-0.011,-0.263,0.088,-0.718,0.509,0.49,-0.274,0.641,-0.092,0.768,-0.692,-0.226,0.413,-0.616,0.471,-0.818,-0.302,-0.31,0.372,-0.289,0.685,0.362,0.366,0.0,-0.01,0.285,-0.125,0.421,-0.474,-0.597,0.808,0.399,0.657,0.575,0.6,-0.662,0.11
BCRX,0.351,0.757,-0.101,-0.478,0.717,0.104,0.637,0.127,-0.705,0.751,-0.36,0.684,0.664,0.46,-0.297,0.766,0.63,0.157,-0.407,-0.692,0.325,0.0,0.36,0.299,-0.096,0.738,-0.589,0.594,0.172,-0.13,0.484,0.508,0.711,0.724,-0.051,0.06,-0.773,-0.605,0.28,-0.56,0.171,-0.23,0.6,0.454,0.716,0.504,-0.64,-0.488,0.25,0.739,-0.544,-0.176,0.779,0.189,-0.254,-0.499,0.748,-0.441,-0.106,0.821,-0.681,-0.249,0.119,0.142,-0.606,0.195,0.653,0.81,-0.476,-0.542,-0.656,-0.121,0.593,-0.493,-0.461,0.442,0.445,-0.531,0.797,-0.303,0.128,0.674,0.372,0.742,0.014,0.56,-0.382,0.787,0.372,-0.442,-0.719,-0.791,0.492,-0.295,0.72,0.677,-0.127,-0.589,-0.538,-0.148,0.485,0.331,0.176,-0.283,0.581,-0.754,0.575,-0.281,0.549,0.208,0.625,-0.333,-0.666,0.621,-0.649,-0.769,0.175,-0.762,0.486,0.037,0.069,-0.552,0.581,0.45,0.699,-0.072,-0.649,0.74,-0.542,0.808,0.586,0.612,-0.522,-0.238,-0.068,0.239,0.602,-0.508,0.633,0.749,0.8,-0.542,0.435,-0.499,0.447,0.59,0.537,0.518,0.58,-0.263,0.689,0.138,-0.364,0.027,-0.609,0.421,-0.796,-0.175,-0.477,-0.096,-0.566,-0.14,-0.399,0.012,-0.214,0.571,-0.648,0.468,0.745,-0.227,0.27,0.324,0.731,-0.635,0.156,0.731,-0.442,-0.005,-0.395,-0.372,-0.056,0.492,-0.28,0.836,0.509,0.106,0.319,0.353,0.688,0.011,0.622,-0.341,-0.444,0.603,0.094,0.834,0.443,0.735,-0.601,0.634
BHAT,0.663,0.7,-0.2,-0.699,0.633,0.291,0.271,0.548,-0.628,0.542,-0.335,0.274,0.471,-0.236,-0.346,0.417,0.08,0.563,-0.448,-0.519,0.491,0.36,0.0,0.252,-0.064,0.698,-0.439,0.771,0.669,-0.042,0.713,0.318,0.53,0.453,0.076,-0.164,-0.515,-0.745,0.122,-0.747,0.105,0.294,0.36,0.239,0.383,0.512,-0.828,-0.448,-0.199,0.481,-0.607,-0.619,0.377,0.257,-0.245,-0.715,0.746,-0.277,-0.22,0.292,-0.787,-0.169,0.366,0.002,-0.068,0.064,0.455,0.502,-0.746,-0.566,-0.46,-0.324,0.811,-0.686,-0.338,-0.197,0.71,-0.357,0.483,0.014,0.43,0.351,0.637,0.645,-0.099,-0.009,-0.277,0.667,0.459,-0.081,-0.753,-0.738,0.543,0.002,0.706,0.674,-0.31,-0.699,-0.718,-0.433,0.413,-0.229,0.274,-0.72,0.236,-0.585,0.451,-0.37,0.353,0.363,0.122,-0.187,-0.518,0.21,-0.464,-0.508,0.153,-0.682,0.637,-0.025,0.093,-0.687,0.492,0.031,0.761,-0.136,-0.832,0.643,-0.065,0.653,0.61,0.607,-0.559,-0.178,0.122,0.006,0.58,-0.599,0.354,0.586,0.337,-0.793,0.593,-0.703,0.245,0.519,0.494,0.687,0.627,-0.498,0.336,-0.324,-0.235,0.191,-0.631,0.283,-0.263,0.08,-0.566,-0.194,-0.277,-0.067,-0.421,0.07,-0.602,0.407,-0.607,0.811,0.269,-0.173,0.087,0.385,0.599,-0.568,0.28,0.318,-0.2,0.175,-0.329,-0.145,-0.131,0.393,0.038,0.569,0.603,-0.187,0.45,0.186,0.455,-0.53,0.218,-0.118,-0.643,0.365,0.067,0.561,0.449,0.497,-0.632,0.478
BLBD,-0.023,0.361,-0.776,-0.311,0.37,0.443,-0.064,0.417,-0.468,0.08,0.405,0.353,0.409,-0.179,-0.765,0.148,0.441,0.619,-0.601,0.13,-0.198,0.299,0.252,0.0,0.081,0.291,0.334,0.233,0.223,0.417,0.614,0.587,-0.011,0.25,0.748,0.608,-0.324,-0.17,0.043,-0.021,-0.34,0.205,0.085,0.749,0.033,0.11,-0.28,0.061,0.264,-0.077,0.241,-0.332,0.173,0.51,0.11,0.163,0.253,0.354,0.265,-0.042,-0.137,0.666,-0.119,0.078,-0.087,0.841,0.467,0.221,-0.304,0.071,0.265,0.365,0.264,-0.297,0.479,-0.288,0.207,0.326,0.137,0.386,0.464,0.478,0.084,0.016,0.354,-0.183,0.402,0.52,0.854,0.357,-0.371,-0.339,-0.184,0.168,0.084,0.048,0.558,-0.194,-0.432,0.338,0.046,-0.111,0.754,-0.231,0.312,-0.147,0.765,-0.363,0.596,0.238,0.396,0.387,0.118,0.759,-0.529,0.022,0.569,-0.203,-0.044,0.367,-0.047,0.146,-0.04,-0.252,0.166,0.575,-0.206,0.355,0.399,0.415,0.131,0.032,0.357,0.283,0.44,0.571,0.445,0.073,0.635,0.319,-0.073,-0.207,0.516,0.061,0.452,-0.112,-0.005,0.222,0.071,0.318,-0.097,-0.263,0.413,0.799,0.209,0.746,-0.262,0.516,0.156,0.724,0.401,0.653,0.115,0.172,-0.104,0.672,0.079,0.339,-0.082,0.559,-0.543,0.677,0.031,0.181,0.819,-0.101,0.457,-0.126,0.168,0.439,0.253,0.046,0.357,0.119,0.208,-0.246,0.466,0.718,0.414,-0.282,-0.001,0.334,-0.122,-0.294,-0.139,0.174,0.122,0.334,0.149,0.78
BMRN,0.29,0.091,-0.08,0.322,0.186,0.343,0.025,0.279,0.06,0.221,0.303,-0.034,-0.244,-0.359,0.052,0.113,-0.39,0.087,0.012,0.376,-0.207,-0.096,-0.064,0.081,0.0,-0.058,0.325,-0.139,0.251,0.521,0.223,0.115,-0.288,0.19,0.291,-0.117,0.3,0.12,-0.119,-0.016,-0.499,-0.025,-0.456,-0.382,-0.071,0.335,0.245,0.454,0.276,-0.233,0.104,0.033,-0.272,-0.145,0.591,0.04,-0.03,-0.051,0.416,-0.296,0.109,0.31,0.032,0.439,0.388,0.278,0.156,-0.091,-0.092,-0.109,0.3,-0.1,-0.175,0.237,0.227,-0.149,0.194,0.354,-0.217,0.418,0.511,0.075,-0.137,0.033,0.482,-0.038,0.277,-0.107,0.048,0.395,0.234,0.248,-0.167,0.592,-0.165,-0.031,-0.108,0.333,0.046,-0.357,-0.218,-0.367,0.241,0.053,-0.226,0.21,-0.045,0.008,-0.034,0.591,-0.455,0.333,0.28,-0.034,-0.167,0.214,-0.201,0.07,-0.261,0.123,0.094,0.001,-0.1,-0.277,0.031,0.361,0.179,0.158,0.336,-0.029,0.166,-0.292,-0.073,0.641,0.622,0.703,-0.337,0.1,0.17,0.001,-0.214,-0.038,-0.366,0.063,0.088,-0.127,-0.254,0.328,-0.272,0.333,-0.27,0.021,0.235,0.106,0.007,-0.058,0.303,0.582,0.312,0.272,0.199,-0.23,0.483,0.575,0.162,0.127,0.355,0.019,-0.314,0.128,0.07,0.335,-0.344,0.191,0.428,-0.061,0.298,-0.059,0.494,-0.035,-0.006,0.195,0.418,-0.196,0.027,-0.214,0.487,-0.0,0.022,0.046,-0.107,0.527,0.301,-0.289,-0.727,-0.16,-0.169,-0.254,0.088,-0.032
BNGO,0.705,0.854,-0.121,-0.703,0.857,0.411,0.683,0.483,-0.695,0.744,-0.322,0.496,0.66,0.125,-0.23,0.696,0.356,0.44,-0.346,-0.625,0.555,0.738,0.698,0.291,-0.058,0.0,-0.601,0.861,0.578,0.042,0.693,0.48,0.732,0.663,-0.041,-0.15,-0.738,-0.883,0.193,-0.851,0.185,0.157,0.538,0.349,0.668,0.648,-0.854,-0.59,0.064,0.74,-0.738,-0.441,0.622,0.243,-0.166,-0.769,0.961,-0.451,-0.334,0.62,-0.865,-0.229,0.446,0.163,-0.403,0.174,0.653,0.829,-0.773,-0.71,-0.646,-0.363,0.893,-0.628,-0.432,0.052,0.753,-0.51,0.756,-0.249,0.308,0.608,0.718,0.871,0.109,0.282,-0.438,0.87,0.471,-0.196,-0.854,-0.883,0.729,-0.093,0.894,0.867,-0.38,-0.844,-0.834,-0.442,0.452,-0.047,0.22,-0.622,0.396,-0.687,0.519,-0.367,0.399,0.431,0.424,-0.392,-0.731,0.523,-0.548,-0.748,0.198,-0.908,0.671,-0.096,0.006,-0.718,0.626,0.276,0.927,-0.048,-0.891,0.843,-0.347,0.872,0.782,0.817,-0.677,-0.224,-0.016,0.132,0.603,-0.612,0.547,0.833,0.698,-0.812,0.603,-0.794,0.367,0.732,0.671,0.748,0.781,-0.376,0.621,-0.047,-0.345,0.116,-0.79,0.379,-0.621,-0.021,-0.608,-0.174,-0.515,-0.175,-0.484,0.104,-0.522,0.584,-0.741,0.823,0.528,-0.308,0.31,0.481,0.813,-0.763,0.331,0.545,-0.35,0.307,-0.535,-0.367,-0.148,0.552,-0.072,0.816,0.642,-0.07,0.465,0.262,0.625,-0.45,0.513,-0.134,-0.696,0.605,0.102,0.85,0.571,0.748,-0.769,0.696
BUSE,-0.397,-0.611,-0.415,0.529,-0.368,0.357,-0.491,0.031,0.507,-0.549,0.853,-0.238,-0.427,-0.363,-0.076,-0.536,-0.239,0.176,0.077,0.885,-0.71,-0.589,-0.439,0.334,0.325,-0.601,0.0,-0.637,-0.196,0.601,-0.119,0.088,-0.832,-0.413,0.69,0.569,0.692,0.701,-0.205,0.716,-0.512,0.287,-0.551,0.017,-0.629,-0.376,0.607,0.751,0.273,-0.849,0.897,0.269,-0.646,0.199,0.61,0.74,-0.683,0.793,0.562,-0.814,0.754,0.843,-0.33,0.119,0.54,0.472,-0.194,-0.574,0.382,0.739,0.891,0.591,-0.573,0.569,0.864,-0.415,-0.444,0.924,-0.698,0.606,0.197,-0.284,-0.613,-0.808,0.464,-0.447,0.808,-0.478,0.173,0.671,0.648,0.705,-0.761,0.557,-0.817,-0.782,0.659,0.697,0.446,0.438,-0.398,-0.196,0.465,0.382,-0.247,0.694,0.026,0.32,-0.017,0.124,-0.296,0.797,0.909,-0.028,0.241,0.803,0.278,0.763,-0.787,0.468,0.166,0.773,-0.712,-0.546,-0.622,0.699,0.69,-0.459,0.765,-0.555,-0.598,-0.754,0.801,0.712,0.517,0.366,-0.328,0.782,-0.085,-0.53,-0.793,0.583,-0.216,0.726,0.002,-0.805,-0.729,-0.307,-0.708,0.782,-0.744,-0.101,0.8,0.516,0.863,0.164,0.591,0.64,0.874,0.738,0.917,0.55,0.79,0.324,0.435,0.015,0.92,-0.478,-0.77,0.652,-0.645,0.259,-0.831,0.911,0.402,-0.672,0.877,-0.078,0.745,0.671,0.476,-0.282,0.614,-0.765,-0.288,-0.182,0.077,0.223,-0.322,0.027,-0.429,0.704,0.715,-0.875,-0.468,-0.728,-0.421,-0.546,0.871,-0.133
CAKE,0.722,0.804,-0.048,-0.759,0.704,0.26,0.487,0.533,-0.675,0.643,-0.4,0.304,0.63,-0.036,-0.321,0.544,0.275,0.488,-0.358,-0.617,0.699,0.594,0.771,0.233,-0.139,0.861,-0.637,0.0,0.706,-0.035,0.649,0.333,0.721,0.536,-0.125,-0.245,-0.686,-0.905,0.202,-0.875,0.354,0.264,0.523,0.368,0.566,0.576,-0.889,-0.696,-0.131,0.726,-0.776,-0.52,0.547,0.197,-0.301,-0.799,0.909,-0.485,-0.5,0.546,-0.895,-0.319,0.609,-0.04,-0.327,0.079,0.507,0.672,-0.687,-0.71,-0.628,-0.431,0.899,-0.777,-0.461,-0.103,0.826,-0.526,0.697,-0.245,0.362,0.523,0.842,0.823,-0.015,0.085,-0.487,0.789,0.43,-0.188,-0.822,-0.866,0.805,-0.225,0.88,0.882,-0.432,-0.882,-0.872,-0.443,0.499,-0.119,0.105,-0.722,0.226,-0.606,0.399,-0.454,0.296,0.27,0.352,-0.475,-0.77,0.365,-0.368,-0.703,0.233,-0.863,0.717,-0.248,-0.133,-0.742,0.675,0.22,0.832,-0.234,-0.907,0.702,-0.255,0.794,0.859,0.88,-0.644,-0.372,-0.083,-0.016,0.562,-0.662,0.333,0.737,0.585,-0.841,0.644,-0.846,0.215,0.761,0.721,0.702,0.882,-0.608,0.614,-0.212,-0.479,0.075,-0.773,0.302,-0.491,-0.122,-0.721,-0.26,-0.501,-0.196,-0.592,-0.013,-0.613,0.406,-0.762,0.883,0.427,-0.31,0.296,0.38,0.82,-0.769,0.205,0.385,-0.349,0.343,-0.625,-0.25,-0.28,0.395,-0.121,0.756,0.577,-0.091,0.368,0.207,0.494,-0.477,0.341,-0.182,-0.807,0.645,0.335,0.781,0.618,0.694,-0.807,0.568
CASY,0.828,0.535,-0.242,-0.537,0.55,0.508,0.117,0.864,-0.401,0.47,0.069,-0.069,0.285,-0.525,-0.312,0.18,-0.215,0.701,-0.356,-0.093,0.371,0.172,0.669,0.223,0.251,0.578,-0.196,0.706,0.0,0.334,0.696,0.214,0.165,0.32,0.194,-0.247,-0.202,-0.671,-0.093,-0.714,-0.086,0.56,-0.01,0.078,0.141,0.691,-0.654,-0.319,-0.146,0.26,-0.511,-0.611,0.002,0.034,0.054,-0.675,0.606,-0.234,-0.27,-0.075,-0.64,0.075,0.723,-0.019,0.166,0.172,0.389,0.257,-0.656,-0.577,-0.126,-0.444,0.686,-0.588,-0.001,-0.609,0.902,0.003,0.193,0.248,0.722,0.169,0.66,0.52,0.214,-0.332,-0.037,0.434,0.414,0.384,-0.484,-0.478,0.487,0.249,0.465,0.547,-0.435,-0.559,-0.754,-0.63,0.161,-0.575,0.289,-0.781,-0.184,-0.154,0.278,-0.389,0.104,0.533,-0.152,-0.082,-0.289,0.076,-0.177,-0.287,0.211,-0.529,0.349,-0.125,-0.069,-0.538,0.301,-0.313,0.581,0.066,-0.623,0.48,0.296,0.457,0.757,0.486,-0.443,0.054,0.331,0.212,0.193,-0.446,0.106,0.421,0.031,-0.698,0.412,-0.707,-0.023,0.489,0.257,0.745,0.566,-0.404,0.079,-0.545,-0.097,0.328,-0.487,0.176,0.045,0.384,-0.388,-0.053,-0.081,-0.187,-0.175,0.165,-0.635,0.213,-0.273,0.835,-0.173,-0.202,-0.018,0.55,0.333,-0.413,0.439,-0.11,0.142,0.383,-0.106,-0.007,-0.266,0.253,0.411,0.261,0.472,-0.413,0.595,0.015,0.229,-0.587,-0.07,0.396,-0.558,0.117,-0.038,0.349,0.327,0.188,-0.542,0.385
CCOI,0.311,-0.087,-0.391,0.237,0.323,0.839,0.17,0.364,0.191,0.123,0.733,0.173,-0.126,-0.263,-0.031,0.06,0.002,0.418,-0.02,0.608,-0.247,-0.13,-0.042,0.417,0.521,0.042,0.601,-0.035,0.334,0.0,0.339,0.542,-0.323,0.17,0.626,0.437,0.401,0.142,0.041,0.107,-0.367,0.462,-0.174,0.233,-0.008,0.096,0.081,0.429,0.519,-0.328,0.371,0.178,-0.306,0.422,0.739,0.188,-0.037,0.491,0.335,-0.441,0.224,0.666,0.119,0.373,0.338,0.544,0.341,0.052,-0.039,0.286,0.43,0.388,0.026,0.301,0.493,-0.397,0.145,0.704,-0.123,0.377,0.536,0.274,-0.176,-0.217,0.825,-0.225,0.492,0.113,0.47,0.576,0.205,0.203,-0.16,0.519,-0.248,-0.185,0.318,0.201,-0.131,0.0,-0.058,-0.221,0.572,0.079,-0.001,0.354,0.24,0.26,0.241,0.605,-0.153,0.492,0.434,0.284,0.009,0.36,0.5,0.207,-0.443,0.376,0.293,0.23,-0.231,-0.331,0.049,0.688,0.133,0.106,0.553,0.031,0.05,-0.182,0.297,0.676,0.62,0.563,0.002,0.484,0.091,0.135,-0.334,0.115,0.16,0.17,0.297,-0.353,-0.21,0.378,-0.133,0.527,-0.224,0.025,0.517,0.497,0.288,0.359,0.221,0.673,0.573,0.606,0.564,0.293,0.638,0.628,0.281,0.409,0.519,0.062,-0.551,0.467,-0.234,0.626,-0.256,0.445,0.544,-0.353,0.701,0.444,0.345,0.546,0.468,0.302,0.705,-0.19,0.255,-0.136,0.457,0.486,0.087,-0.133,0.076,0.808,0.32,-0.409,-0.53,-0.11,0.034,-0.021,0.358,0.264
