,AAPL,ACRS,ADP,AFYA,AGNC,AGYS,ALT,AMGN,AMPH,AMZN,ANIP,AOSL,APDN,APLT,APVO,ARGX,ARLP,ATEX,ATRA,AUTL,AVDL,BCRX,BHAT,BLBD,BMRN,BNGO,BUSE,CAKE,CASY,CCOI,CEVA,CHY,CLDX,CLMT,COHU,COLM,COST,CPRT,CSWC,CSX,DBX,DCOM,DKNG,DMLP,DOX,EA,EDIT,ENPH,ENSG,ERNA,ESGR,ETNB,EXTR,FANG,FARO,FATE,FGEN,FIVE,FIVN,FLGT,FOLD,FORM,FOXA,FRPT,FSLR,FTAI,GBDC,GDYN,GGAL,GNLN,GRFS,GT,HCAT,HCM,HFWA,HOLX,HQY,HUBG,IAC,ICLR,IDCC,IEP,IHRT,ILMN,ILPT,IMAB,IMOS,INMD,INTZ,JAZZ,JKHY,JRVR,KIDS,LBRDK,LGND,LMAT,LPLA,LULU,MASI,MAT,MATW,MBIN,MBIO,MCRB,MDB,MDLZ,MELI,MIRM,MLKN,MNMD,MNRO,MPWR,MRCY,MRSN,MTVA,NAAS,NDAQ,NDSN,NEGG,NOVT,NVDA,NWE,NWSA,NXST,OCX,ODFL,OMAB,OPCH,OPRA,ORGO,OTRK,OZK,PAGP,PCH,PEGA,PENG,PENN,PFBC,PGNY,PHAT,PHUN,PINC,PLUG,PLXS,PYPL,QLYS,QNCX,QQQX,QVCGA,RAPT,RBBN,RCKT,REPL,RMBS,ROAD,ROKU,ROP,RUSHA,SANM,SATS,SBCF,SBLK,SBUX,SCHL,SCSC,SDGR,SEIC,SFIX,SGRY,SKYW,SLP,SNES,STAA,STLD,STOK,SWKS,TER,TFIN,TIGO,TILE,TPIC,TTEC,TTEK,TTGT,UXIN,VERU,VLYPP,VNOM,VRNS,VRSN,WDAY,WERN,WINA,WKHS,WRLD,XP,XTKG,YY,ZION,ZM
AAPL,0.0,0.158,-0.158,0.833,-0.125,-0.374,0.878,0.657,-0.739,0.954,-0.745,-0.511,0.497,-0.499,0.746,0.84,-0.691,-0.637,-0.732,0.437,-0.746,0.771,0.651,-0.592,0.306,0.486,-0.688,-0.382,0.654,0.295,0.923,0.769,-0.21,-0.608,0.899,0.857,0.844,0.809,0.549,-0.048,0.847,-0.417,0.814,-0.768,0.552,-0.052,0.812,0.733,0.762,0.835,-0.116,0.549,-0.212,-0.755,0.364,0.705,0.795,0.588,0.556,0.5,0.642,0.744,-0.78,-0.316,0.654,-0.198,-0.699,0.4,0.576,0.762,-0.352,-0.712,0.845,0.765,-0.644,0.864,-0.439,-0.367,0.111,0.189,0.671,-0.107,-0.382,0.898,0.213,-0.467,0.865,-0.242,0.583,0.424,0.768,-0.617,0.787,0.598,0.278,0.921,-0.654,0.731,0.403,0.893,-0.714,-0.714,0.701,-0.463,0.764,0.733,0.782,0.162,0.723,0.631,-0.223,0.617,-0.465,0.184,0.646,0.757,0.454,0.49,0.887,0.08,0.959,0.793,-0.558,-0.457,0.537,0.291,0.645,0.574,0.83,0.583,0.685,-0.599,-0.37,-0.139,0.807,0.851,0.464,-0.703,0.491,0.563,0.834,0.658,-0.03,0.05,0.947,0.865,-0.535,0.932,0.088,0.696,0.695,0.883,0.714,0.925,0.311,0.611,0.939,-0.758,0.32,-0.26,-0.739,-0.011,0.871,-0.716,-0.302,0.827,0.021,-0.249,0.708,-0.765,0.733,0.81,0.778,0.761,-0.031,0.932,0.928,-0.777,0.532,-0.667,0.785,0.823,-0.302,0.673,0.905,0.671,0.516,-0.804,0.833,0.915,0.8,0.738,-0.662,0.637,0.218,0.894,0.692,0.516,-0.627,0.807
ACRS,0.158,0.0,0.219,-0.173,0.409,0.244,0.005,-0.112,0.328,0.183,0.257,0.556,0.244,0.373,-0.07,-0.096,-0.008,0.046,0.32,0.253,0.305,0.19,0.196,0.439,0.334,0.619,0.29,0.52,0.301,0.021,0.203,0.14,0.143,-0.05,0.202,0.193,0.384,0.292,-0.265,0.068,0.273,0.227,-0.178,0.08,0.217,-0.11,0.05,0.207,-0.148,-0.084,0.298,0.312,0.22,0.2,0.758,-0.032,-0.041,0.506,0.037,0.217,0.097,0.317,0.21,-0.042,-0.124,0.196,0.13,0.296,-0.185,-0.01,0.144,0.229,0.09,0.052,0.44,-0.006,0.596,0.322,0.449,0.3,0.258,-0.14,0.136,0.053,-0.164,-0.22,-0.015,0.458,0.247,0.52,0.272,-0.105,-0.009,-0.273,0.353,0.103,0.362,0.239,0.358,0.061,0.368,0.134,0.183,0.239,0.051,-0.072,-0.022,0.132,0.125,0.316,0.562,0.363,0.416,0.267,0.127,-0.243,0.311,0.385,-0.104,0.561,0.167,-0.194,0.457,0.544,0.167,0.33,0.199,-0.249,0.334,0.016,0.024,0.367,0.485,0.395,0.262,0.118,0.376,0.315,0.16,-0.184,0.176,0.118,0.586,0.422,0.065,0.127,0.13,0.043,0.608,-0.031,0.22,0.034,0.135,0.068,0.557,0.208,0.065,0.266,0.406,0.273,0.24,0.068,0.066,0.003,0.505,0.002,0.637,0.457,-0.303,0.258,-0.244,0.042,0.029,0.232,0.178,0.086,0.056,0.037,-0.009,0.176,0.149,0.194,0.399,0.437,0.086,0.515,0.186,0.17,-0.044,-0.039,-0.089,0.044,0.303,0.09,0.017,-0.03,0.175,0.167,0.324,-0.073
ADP,-0.158,0.219,0.0,-0.411,0.345,0.459,-0.435,-0.671,0.489,-0.321,0.62,0.517,-0.544,0.58,-0.612,-0.44,0.64,0.633,0.399,-0.634,0.487,-0.549,0.013,0.215,0.091,-0.301,0.648,0.226,0.027,0.505,-0.318,-0.016,0.365,0.742,-0.378,-0.391,-0.007,-0.272,0.273,0.847,-0.428,0.718,-0.378,0.662,0.496,0.292,-0.559,0.1,-0.573,-0.39,0.73,-0.699,0.741,0.641,0.192,-0.614,-0.357,-0.198,-0.746,-0.572,0.133,-0.385,0.613,-0.273,-0.084,-0.01,0.588,-0.063,0.053,-0.46,-0.344,0.556,-0.54,-0.615,0.496,-0.485,0.292,0.617,0.571,-0.061,0.231,0.734,0.334,-0.431,0.655,-0.021,-0.514,0.06,-0.249,0.595,-0.334,0.688,-0.61,-0.046,-0.587,-0.236,0.648,-0.517,0.068,-0.353,0.513,0.698,-0.658,-0.275,-0.383,-0.005,-0.627,-0.556,-0.585,-0.448,-0.022,-0.398,0.665,-0.493,-0.732,-0.133,0.678,-0.205,-0.367,0.077,-0.164,-0.082,0.464,0.3,-0.54,0.021,0.384,-0.125,-0.065,-0.725,-0.689,0.558,0.524,-0.071,-0.42,-0.507,0.05,0.674,-0.123,-0.117,-0.548,-0.218,-0.042,0.701,-0.246,-0.363,0.148,-0.24,0.177,-0.66,0.103,-0.502,-0.389,-0.334,0.314,0.139,-0.26,0.585,0.521,0.187,0.649,0.375,-0.086,0.638,0.624,-0.616,0.483,-0.111,-0.514,0.504,-0.345,-0.387,-0.556,-0.074,-0.499,-0.46,-0.342,0.662,-0.27,0.661,-0.603,0.016,0.897,-0.17,-0.244,-0.236,-0.492,0.569,-0.434,-0.27,-0.326,-0.561,0.043,-0.712,0.456,-0.443,-0.167,0.035,0.554,-0.509
AFYA,0.833,-0.173,-0.411,0.0,-0.439,-0.479,0.85,0.804,-0.852,0.864,-0.897,-0.813,0.471,-0.724,0.864,0.933,-0.782,-0.786,-0.906,0.443,-0.938,0.793,0.444,-0.712,0.167,0.286,-0.894,-0.668,0.4,0.238,0.813,0.69,-0.357,-0.698,0.779,0.747,0.657,0.617,0.458,-0.291,0.76,-0.655,0.903,-0.897,0.324,-0.105,0.846,0.625,0.843,0.862,-0.372,0.594,-0.5,-0.916,-0.007,0.817,0.86,0.447,0.659,0.548,0.538,0.575,-0.927,-0.2,0.684,-0.303,-0.878,0.209,0.574,0.773,-0.221,-0.899,0.866,0.851,-0.882,0.915,-0.702,-0.678,-0.194,0.064,0.434,-0.212,-0.601,0.922,0.129,-0.215,0.91,-0.415,0.527,0.105,0.665,-0.639,0.833,0.614,0.288,0.798,-0.899,0.678,0.22,0.853,-0.889,-0.854,0.718,-0.433,0.77,0.744,0.85,0.194,0.69,0.487,-0.456,0.484,-0.739,0.182,0.705,0.793,0.124,0.227,0.948,-0.157,0.822,0.81,-0.835,-0.749,0.605,0.084,0.391,0.66,0.569,0.699,0.784,-0.86,-0.673,-0.327,0.688,0.83,0.179,-0.901,0.44,0.662,0.824,0.536,-0.175,-0.354,0.871,0.836,-0.719,0.877,-0.321,0.802,0.582,0.91,0.692,0.909,-0.009,0.472,0.856,-0.929,-0.105,-0.294,-0.91,-0.231,0.736,-0.803,-0.66,0.894,-0.386,-0.419,0.821,-0.927,0.834,0.814,0.819,0.527,-0.075,0.895,0.899,-0.871,0.506,-0.859,0.822,0.628,-0.614,0.508,0.843,0.448,0.496,-0.909,0.863,0.9,0.863,0.722,-0.738,0.711,-0.006,0.909,0.58,0.428,-0.88,0.906
AGNC,-0.125,0.409,0.345,-0.439,0.0,0.37,-0.193,-0.52,0.484,-0.23,0.492,0.586,-0.012,0.628,-0.283,-0.41,0.248,0.336,0.548,-0.051,0.541,-0.127,-0.117,0.245,0.41,0.234,0.487,0.548,-0.047,0.121,-0.152,0.053,0.434,0.319,-0.158,-0.102,-0.062,0.015,-0.036,0.221,-0.042,0.322,-0.502,0.369,-0.004,-0.237,-0.171,-0.052,-0.369,-0.479,0.264,-0.162,0.302,0.477,0.301,-0.234,-0.492,0.198,-0.208,-0.241,0.06,0.14,0.466,0.265,-0.473,0.143,0.422,0.193,-0.463,-0.191,0.361,0.526,-0.273,-0.413,0.524,-0.316,0.521,0.649,0.393,0.375,0.132,0.109,0.484,-0.314,0.085,-0.002,-0.258,0.513,0.047,0.221,0.06,0.115,-0.336,-0.225,0.042,-0.244,0.534,0.056,0.358,-0.231,0.564,0.385,-0.234,0.297,-0.168,-0.168,-0.228,-0.05,-0.106,0.1,0.696,0.194,0.419,0.06,-0.243,-0.38,0.298,0.395,-0.409,0.679,-0.079,-0.358,0.703,0.706,-0.053,0.52,0.051,-0.159,0.015,-0.215,-0.427,0.503,0.458,0.526,0.039,-0.084,0.213,0.511,0.271,-0.301,-0.189,-0.207,0.575,0.414,-0.197,-0.139,0.347,-0.31,0.601,-0.364,-0.291,-0.269,0.128,-0.237,0.224,0.156,-0.203,0.549,0.327,0.536,0.477,-0.061,-0.087,0.235,0.761,-0.279,0.49,0.585,-0.364,0.539,-0.58,-0.315,-0.209,-0.098,0.375,-0.239,-0.186,0.305,-0.073,0.421,-0.252,-0.209,0.531,0.164,-0.154,0.312,-0.023,0.447,-0.173,-0.29,-0.139,-0.111,0.47,-0.399,0.479,-0.15,0.132,-0.193,0.484,-0.34
AGYS,-0.374,0.244,0.459,-0.479,0.37,0.0,-0.524,-0.471,0.548,-0.404,0.561,0.521,-0.358,0.735,-0.364,-0.369,0.568,0.558,0.559,-0.174,0.551,-0.525,-0.2,0.631,0.04,-0.026,0.567,0.497,-0.375,0.281,-0.293,-0.261,0.648,0.472,-0.39,-0.441,-0.268,-0.232,-0.151,0.207,-0.313,0.408,-0.496,0.553,-0.013,-0.006,-0.476,-0.018,-0.551,-0.508,0.243,-0.338,0.387,0.601,0.21,-0.393,-0.561,-0.228,-0.306,-0.441,-0.227,-0.187,0.606,0.301,-0.373,0.236,0.551,0.163,-0.296,-0.316,0.184,0.622,-0.429,-0.573,0.553,-0.486,0.415,0.448,0.468,0.098,0.107,0.251,0.534,-0.538,0.176,0.189,-0.531,0.453,-0.099,0.068,-0.264,0.593,-0.428,-0.265,-0.117,-0.418,0.587,-0.353,0.131,-0.489,0.62,0.581,-0.314,0.46,-0.216,-0.318,-0.395,-0.005,-0.32,-0.106,0.314,-0.129,0.454,-0.079,-0.54,-0.267,0.181,-0.063,-0.552,0.236,-0.308,-0.483,0.578,0.546,-0.311,-0.051,-0.094,-0.09,-0.36,-0.475,-0.616,0.527,0.474,0.217,-0.264,-0.386,0.174,0.635,0.123,-0.199,-0.453,-0.461,0.236,0.266,-0.345,-0.308,0.422,-0.367,0.282,-0.488,-0.109,-0.517,-0.278,-0.461,0.075,0.027,-0.442,0.617,0.099,0.23,0.635,0.189,-0.355,0.556,0.504,-0.49,0.259,0.333,-0.3,0.629,-0.45,-0.503,-0.369,-0.397,0.073,-0.503,-0.42,0.583,-0.002,0.569,-0.388,-0.257,0.539,-0.058,-0.302,-0.185,-0.048,0.626,-0.359,-0.381,-0.31,-0.592,0.424,-0.57,0.132,-0.397,-0.249,-0.464,0.512,-0.436
ALT,0.878,0.005,-0.435,0.85,-0.193,-0.524,0.0,0.755,-0.816,0.912,-0.834,-0.626,0.55,-0.648,0.855,0.85,-0.836,-0.797,-0.788,0.492,-0.825,0.856,0.457,-0.678,0.271,0.476,-0.833,-0.438,0.472,0.133,0.861,0.739,-0.335,-0.732,0.838,0.835,0.739,0.778,0.374,-0.292,0.866,-0.657,0.824,-0.887,0.319,-0.255,0.919,0.573,0.791,0.808,-0.385,0.666,-0.495,-0.876,0.211,0.838,0.817,0.631,0.704,0.575,0.63,0.751,-0.888,-0.133,0.537,-0.235,-0.83,0.411,0.403,0.791,-0.105,-0.804,0.9,0.835,-0.765,0.9,-0.531,-0.506,-0.05,0.301,0.454,-0.321,-0.503,0.927,-0.016,-0.432,0.928,-0.21,0.631,0.199,0.81,-0.806,0.857,0.496,0.4,0.862,-0.801,0.816,0.405,0.919,-0.807,-0.875,0.755,-0.316,0.802,0.703,0.887,0.286,0.811,0.662,-0.177,0.673,-0.656,0.269,0.78,0.661,0.16,0.507,0.874,0.081,0.874,0.719,-0.641,-0.499,0.661,0.338,0.434,0.527,0.752,0.751,0.78,-0.756,-0.56,-0.065,0.821,0.916,0.332,-0.839,0.527,0.532,0.883,0.615,0.04,-0.214,0.9,0.884,-0.586,0.841,-0.008,0.832,0.507,0.925,0.783,0.916,0.113,0.501,0.899,-0.859,0.046,-0.234,-0.87,-0.25,0.744,-0.868,-0.479,0.902,-0.207,-0.203,0.715,-0.83,0.693,0.79,0.867,0.644,0.075,0.931,0.937,-0.909,0.432,-0.848,0.841,0.619,-0.56,0.668,0.821,0.662,0.552,-0.889,0.889,0.895,0.859,0.839,-0.572,0.74,0.041,0.91,0.71,0.368,-0.778,0.848
AMGN,0.657,-0.112,-0.671,0.804,-0.52,-0.471,0.755,0.0,-0.782,0.753,-0.885,-0.735,0.596,-0.764,0.82,0.829,-0.761,-0.737,-0.764,0.61,-0.809,0.72,0.401,-0.421,-0.048,0.365,-0.842,-0.458,0.366,-0.048,0.715,0.36,-0.373,-0.838,0.741,0.702,0.511,0.574,0.187,-0.566,0.696,-0.685,0.813,-0.871,0.086,-0.062,0.786,0.299,0.841,0.824,-0.507,0.779,-0.591,-0.883,0.016,0.786,0.797,0.32,0.798,0.656,0.223,0.568,-0.88,-0.11,0.532,-0.032,-0.816,0.178,0.441,0.732,-0.079,-0.808,0.847,0.877,-0.744,0.834,-0.457,-0.738,-0.381,0.031,0.248,-0.47,-0.474,0.805,-0.276,-0.265,0.822,-0.297,0.47,-0.188,0.599,-0.703,0.875,0.452,0.474,0.701,-0.847,0.635,0.098,0.742,-0.776,-0.86,0.829,-0.141,0.627,0.453,0.827,0.409,0.799,0.584,-0.304,0.492,-0.705,0.357,0.818,0.621,-0.192,0.362,0.795,-0.232,0.609,0.602,-0.778,-0.619,0.608,-0.022,0.097,0.463,0.472,0.776,0.873,-0.726,-0.58,-0.165,0.638,0.747,0.207,-0.879,0.258,0.497,0.805,0.515,-0.224,-0.48,0.692,0.699,-0.39,0.725,-0.207,0.859,0.453,0.84,0.549,0.746,0.052,0.115,0.741,-0.871,-0.218,-0.375,-0.869,-0.174,0.541,-0.781,-0.683,0.864,-0.312,-0.263,0.803,-0.819,0.787,0.757,0.784,0.509,0.188,0.814,0.734,-0.848,0.54,-0.816,0.826,0.531,-0.778,0.41,0.683,0.417,0.604,-0.825,0.728,0.729,0.623,0.722,-0.499,0.87,-0.255,0.763,0.386,0.268,-0.752,0.817
AMPH,-0.739,0.328,0.489,-0.852,0.484,0.548,-0.816,-0.782,0.0,-0.782,0.923,0.803,-0.344,0.781,-0.788,-0.862,0.678,0.757,0.892,-0.339,0.883,-0.658,-0.375,0.692,0.034,-0.205,0.868,0.637,-0.376,-0.135,-0.746,-0.542,0.284,0.613,-0.71,-0.631,-0.529,-0.648,-0.459,0.27,-0.637,0.64,-0.879,0.812,-0.29,0.075,-0.783,-0.383,-0.805,-0.872,0.423,-0.483,0.485,0.859,0.091,-0.739,-0.803,-0.266,-0.579,-0.394,-0.414,-0.491,0.878,0.157,-0.648,0.191,0.784,-0.241,-0.563,-0.712,0.285,0.789,-0.801,-0.737,0.879,-0.798,0.745,0.596,0.202,-0.018,-0.311,0.161,0.49,-0.813,-0.008,0.274,-0.834,0.468,-0.465,0.054,-0.564,0.662,-0.826,-0.535,-0.194,-0.811,0.866,-0.588,-0.14,-0.794,0.916,0.829,-0.637,0.42,-0.713,-0.624,-0.801,-0.106,-0.718,-0.477,0.497,-0.402,0.756,-0.108,-0.655,-0.789,-0.006,-0.26,-0.867,0.262,-0.729,-0.759,0.802,0.697,-0.484,-0.013,-0.351,-0.613,-0.48,-0.654,-0.711,0.824,0.629,0.264,-0.599,-0.751,-0.161,0.89,-0.405,-0.607,-0.711,-0.612,0.319,0.307,-0.805,-0.755,0.545,-0.794,0.274,-0.826,-0.49,-0.815,-0.613,-0.794,0.026,-0.283,-0.796,0.901,0.057,0.489,0.888,0.087,-0.596,0.723,0.706,-0.821,0.372,0.485,-0.809,0.888,-0.854,-0.693,-0.759,-0.574,0.047,-0.802,-0.829,0.824,-0.432,0.804,-0.687,-0.596,0.677,-0.448,-0.723,-0.354,-0.37,0.86,-0.815,-0.871,-0.755,-0.686,0.729,-0.655,0.039,-0.812,-0.525,-0.259,0.82,-0.776
AMZN,0.954,0.183,-0.321,0.864,-0.23,-0.404,0.912,0.753,-0.782,0.0,-0.811,-0.552,0.522,-0.589,0.84,0.893,-0.79,-0.776,-0.781,0.522,-0.808,0.86,0.541,-0.541,0.284,0.55,-0.781,-0.399,0.598,0.21,0.949,0.785,-0.299,-0.7,0.913,0.848,0.858,0.86,0.389,-0.193,0.906,-0.566,0.856,-0.854,0.471,-0.188,0.892,0.705,0.783,0.859,-0.258,0.674,-0.389,-0.831,0.393,0.81,0.864,0.671,0.678,0.59,0.627,0.767,-0.842,-0.198,0.628,-0.186,-0.803,0.475,0.496,0.795,-0.211,-0.769,0.932,0.847,-0.701,0.907,-0.473,-0.443,0.075,0.247,0.543,-0.258,-0.5,0.954,0.038,-0.426,0.914,-0.189,0.675,0.34,0.843,-0.746,0.867,0.474,0.411,0.94,-0.731,0.816,0.428,0.941,-0.763,-0.811,0.792,-0.332,0.844,0.732,0.868,0.25,0.811,0.703,-0.196,0.684,-0.564,0.293,0.759,0.723,0.297,0.496,0.901,0.096,0.949,0.739,-0.604,-0.459,0.65,0.292,0.556,0.565,0.764,0.71,0.777,-0.695,-0.456,-0.082,0.859,0.915,0.414,-0.781,0.554,0.555,0.905,0.669,0.06,-0.102,0.96,0.923,-0.578,0.919,0.05,0.833,0.682,0.93,0.764,0.946,0.261,0.595,0.95,-0.821,0.169,-0.293,-0.814,-0.116,0.776,-0.813,-0.433,0.904,-0.061,-0.231,0.717,-0.808,0.741,0.816,0.869,0.705,-0.009,0.959,0.964,-0.871,0.466,-0.785,0.88,0.755,-0.453,0.755,0.871,0.688,0.569,-0.856,0.889,0.936,0.846,0.788,-0.619,0.743,0.028,0.9,0.731,0.426,-0.723,0.85
ANIP,-0.745,0.257,0.62,-0.897,0.492,0.561,-0.834,-0.885,0.923,-0.811,0.0,0.813,-0.561,0.799,-0.86,-0.9,0.775,0.786,0.889,-0.575,0.907,-0.737,-0.45,0.638,0.014,-0.272,0.902,0.557,-0.405,-0.077,-0.789,-0.508,0.336,0.79,-0.81,-0.757,-0.541,-0.623,-0.387,0.432,-0.723,0.682,-0.921,0.908,-0.179,0.063,-0.86,-0.39,-0.919,-0.907,0.463,-0.663,0.54,0.943,0.09,-0.806,-0.857,-0.318,-0.744,-0.505,-0.347,-0.583,0.96,0.179,-0.639,0.097,0.889,-0.186,-0.549,-0.83,0.175,0.846,-0.874,-0.875,0.869,-0.864,0.647,0.708,0.344,0.025,-0.337,0.326,0.481,-0.86,0.115,0.304,-0.911,0.451,-0.513,0.126,-0.627,0.72,-0.891,-0.593,-0.295,-0.816,0.92,-0.666,-0.082,-0.799,0.91,0.895,-0.786,0.336,-0.702,-0.558,-0.869,-0.239,-0.787,-0.531,0.437,-0.462,0.764,-0.252,-0.769,-0.765,0.123,-0.313,-0.907,0.281,-0.718,-0.762,0.867,0.711,-0.595,0.01,-0.267,-0.573,-0.509,-0.745,-0.866,0.831,0.653,0.305,-0.664,-0.815,-0.266,0.959,-0.342,-0.635,-0.829,-0.533,0.282,0.394,-0.823,-0.771,0.538,-0.816,0.239,-0.884,-0.497,-0.91,-0.628,-0.852,-0.001,-0.23,-0.827,0.95,0.115,0.419,0.944,0.125,-0.664,0.815,0.718,-0.909,0.366,0.372,-0.868,0.9,-0.873,-0.823,-0.815,-0.582,-0.091,-0.876,-0.849,0.909,-0.562,0.879,-0.824,-0.616,0.771,-0.402,-0.754,-0.444,-0.495,0.924,-0.836,-0.866,-0.75,-0.785,0.67,-0.839,0.085,-0.861,-0.523,-0.356,0.84,-0.887
AOSL,-0.511,0.556,0.517,-0.813,0.586,0.521,-0.626,-0.735,0.803,-0.552,0.813,0.0,-0.212,0.824,-0.724,-0.78,0.646,0.698,0.859,-0.221,0.901,-0.547,-0.145,0.762,0.035,0.052,0.89,0.866,-0.127,-0.109,-0.458,-0.419,0.438,0.532,-0.448,-0.436,-0.24,-0.296,-0.421,0.338,-0.417,0.683,-0.777,0.765,-0.09,0.102,-0.629,-0.35,-0.692,-0.699,0.542,-0.389,0.608,0.826,0.38,-0.7,-0.682,-0.141,-0.507,-0.413,-0.373,-0.212,0.818,0.079,-0.557,0.376,0.793,0.059,-0.48,-0.586,0.159,0.856,-0.644,-0.662,0.933,-0.733,0.86,0.739,0.463,0.108,-0.05,0.151,0.663,-0.706,-0.148,-0.017,-0.695,0.578,-0.211,0.264,-0.376,0.504,-0.64,-0.556,-0.144,-0.541,0.926,-0.395,0.005,-0.656,0.878,0.763,-0.474,0.361,-0.545,-0.621,-0.666,-0.158,-0.493,-0.233,0.606,-0.164,0.862,-0.064,-0.54,-0.694,0.204,0.046,-0.775,0.425,-0.488,-0.681,0.913,0.888,-0.479,0.128,-0.123,-0.701,-0.163,-0.613,-0.647,0.89,0.849,0.352,-0.382,-0.575,0.127,0.887,-0.232,-0.585,-0.555,-0.39,0.389,0.629,-0.562,-0.558,0.618,-0.605,0.606,-0.685,-0.274,-0.674,-0.496,-0.652,0.34,-0.226,-0.615,0.869,0.433,0.312,0.834,0.362,-0.429,0.645,0.838,-0.698,0.736,0.603,-0.792,0.894,-0.744,-0.573,-0.627,-0.224,0.136,-0.628,-0.622,0.716,-0.311,0.794,-0.565,-0.302,0.775,-0.149,-0.547,-0.03,-0.299,0.79,-0.662,-0.668,-0.675,-0.522,0.68,-0.533,0.142,-0.7,-0.323,-0.145,0.895,-0.737
APDN,0.497,0.244,-0.544,0.471,-0.012,-0.358,0.55,0.596,-0.344,0.522,-0.561,-0.212,0.0,-0.292,0.554,0.473,-0.664,-0.36,-0.273,0.841,-0.365,0.647,0.51,-0.205,0.315,0.653,-0.443,0.085,0.262,-0.263,0.582,0.238,-0.114,-0.781,0.727,0.685,0.417,0.388,-0.052,-0.616,0.702,-0.428,0.402,-0.644,-0.21,-0.064,0.672,0.2,0.681,0.462,-0.366,0.789,-0.338,-0.617,0.065,0.595,0.395,0.386,0.765,0.632,-0.006,0.766,-0.601,-0.039,0.092,0.169,-0.522,0.207,0.117,0.697,0.164,-0.509,0.642,0.738,-0.29,0.627,0.097,-0.45,-0.419,0.201,0.334,-0.66,0.007,0.535,-0.436,-0.291,0.661,0.116,0.537,-0.049,0.529,-0.588,0.682,0.409,0.594,0.433,-0.446,0.688,0.219,0.423,-0.301,-0.601,0.809,0.065,0.408,0.133,0.65,0.536,0.565,0.664,0.219,0.646,-0.325,0.515,0.755,0.226,-0.125,0.485,0.493,0.22,0.487,0.229,-0.29,-0.173,0.646,0.284,-0.023,0.093,0.559,0.658,0.705,-0.342,-0.25,0.094,0.68,0.62,0.392,-0.538,0.161,0.194,0.75,0.179,0.142,-0.23,0.508,0.486,-0.028,0.467,0.162,0.457,0.13,0.676,0.495,0.526,0.123,0.111,0.46,-0.501,-0.027,0.121,-0.572,-0.157,0.589,-0.673,-0.086,0.69,0.039,0.375,0.517,-0.419,0.343,0.693,0.633,0.394,0.637,0.663,0.521,-0.648,0.589,-0.523,0.707,0.43,-0.47,0.327,0.585,0.732,0.615,-0.59,0.533,0.396,0.359,0.703,0.008,0.785,-0.051,0.582,0.4,0.432,-0.355,0.661
APLT,-0.499,0.373,0.58,-0.724,0.628,0.735,-0.648,-0.764,0.781,-0.589,0.799,0.824,-0.292,0.0,-0.652,-0.689,0.704,0.736,0.815,-0.218,0.842,-0.602,-0.139,0.641,0.085,-0.036,0.835,0.696,-0.326,0.047,-0.472,-0.391,0.594,0.597,-0.501,-0.463,-0.368,-0.382,-0.24,0.347,-0.445,0.671,-0.764,0.756,-0.065,0.109,-0.65,-0.211,-0.687,-0.725,0.495,-0.481,0.592,0.812,0.244,-0.672,-0.742,-0.262,-0.545,-0.497,-0.316,-0.251,0.789,0.104,-0.514,0.283,0.793,-0.009,-0.42,-0.532,0.126,0.803,-0.684,-0.7,0.831,-0.696,0.664,0.675,0.472,0.045,0.073,0.288,0.686,-0.719,0.129,0.071,-0.696,0.495,-0.25,0.205,-0.409,0.661,-0.681,-0.44,-0.237,-0.616,0.838,-0.468,0.039,-0.688,0.821,0.786,-0.503,0.341,-0.505,-0.561,-0.644,-0.128,-0.558,-0.255,0.524,-0.219,0.763,-0.19,-0.655,-0.562,0.258,-0.061,-0.743,0.39,-0.455,-0.634,0.83,0.738,-0.502,0.062,-0.092,-0.461,-0.278,-0.665,-0.73,0.809,0.754,0.228,-0.393,-0.554,0.136,0.857,-0.137,-0.458,-0.613,-0.485,0.346,0.521,-0.537,-0.549,0.512,-0.539,0.452,-0.761,-0.308,-0.677,-0.437,-0.629,0.174,-0.093,-0.633,0.829,0.324,0.302,0.81,0.269,-0.368,0.683,0.817,-0.692,0.504,0.514,-0.617,0.814,-0.727,-0.619,-0.612,-0.335,0.129,-0.647,-0.621,0.751,-0.178,0.782,-0.577,-0.352,0.772,-0.217,-0.416,-0.108,-0.22,0.775,-0.626,-0.639,-0.566,-0.611,0.574,-0.661,0.274,-0.584,-0.37,-0.231,0.801,-0.664
APVO,0.746,-0.07,-0.612,0.864,-0.283,-0.364,0.855,0.82,-0.788,0.84,-0.86,-0.724,0.554,-0.652,0.0,0.892,-0.886,-0.837,-0.767,0.596,-0.862,0.859,0.289,-0.598,0.311,0.523,-0.921,-0.488,0.236,0.05,0.805,0.675,-0.329,-0.794,0.765,0.713,0.63,0.717,0.185,-0.548,0.872,-0.843,0.78,-0.946,0.082,-0.415,0.93,0.543,0.758,0.73,-0.64,0.744,-0.709,-0.919,0.103,0.949,0.746,0.603,0.852,0.654,0.477,0.738,-0.895,0.142,0.401,-0.245,-0.887,0.479,0.259,0.816,0.1,-0.85,0.938,0.847,-0.826,0.921,-0.593,-0.616,-0.161,0.334,0.295,-0.511,-0.539,0.898,-0.152,-0.206,0.919,-0.103,0.692,-0.05,0.814,-0.813,0.903,0.429,0.585,0.752,-0.88,0.852,0.45,0.848,-0.796,-0.932,0.844,-0.042,0.876,0.653,0.962,0.471,0.843,0.747,-0.136,0.72,-0.816,0.421,0.842,0.618,-0.032,0.427,0.818,0.115,0.793,0.565,-0.66,-0.514,0.795,0.305,0.211,0.619,0.465,0.875,0.784,-0.863,-0.71,-0.005,0.84,0.922,0.224,-0.891,0.63,0.514,0.885,0.47,0.119,-0.523,0.828,0.888,-0.548,0.74,-0.192,0.865,0.366,0.891,0.829,0.857,-0.095,0.497,0.813,-0.871,-0.275,-0.159,-0.901,-0.429,0.571,-0.914,-0.62,0.943,-0.434,-0.107,0.8,-0.832,0.648,0.707,0.948,0.389,0.2,0.878,0.881,-0.934,0.458,-0.917,0.89,0.438,-0.728,0.666,0.757,0.581,0.666,-0.882,0.921,0.831,0.888,0.794,-0.481,0.757,-0.181,0.905,0.666,0.14,-0.885,0.885
ARGX,0.84,-0.096,-0.44,0.933,-0.41,-0.369,0.85,0.829,-0.862,0.893,-0.9,-0.78,0.473,-0.689,0.892,0.0,-0.76,-0.767,-0.88,0.506,-0.91,0.782,0.447,-0.599,0.163,0.386,-0.881,-0.585,0.437,0.255,0.864,0.676,-0.22,-0.693,0.819,0.74,0.646,0.663,0.472,-0.31,0.778,-0.65,0.927,-0.883,0.331,-0.119,0.865,0.661,0.845,0.904,-0.399,0.651,-0.465,-0.895,0.1,0.848,0.86,0.463,0.718,0.525,0.529,0.608,-0.9,-0.129,0.688,-0.209,-0.873,0.276,0.593,0.842,-0.164,-0.851,0.907,0.847,-0.866,0.907,-0.643,-0.653,-0.117,0.091,0.414,-0.211,-0.521,0.908,0.106,-0.219,0.898,-0.379,0.577,0.083,0.685,-0.645,0.865,0.621,0.328,0.855,-0.876,0.712,0.263,0.864,-0.854,-0.838,0.78,-0.33,0.804,0.717,0.873,0.236,0.759,0.574,-0.413,0.513,-0.74,0.277,0.707,0.826,0.064,0.274,0.937,-0.141,0.836,0.763,-0.792,-0.692,0.652,0.065,0.408,0.738,0.565,0.716,0.801,-0.836,-0.66,-0.242,0.729,0.856,0.302,-0.885,0.501,0.698,0.846,0.531,-0.13,-0.33,0.886,0.861,-0.581,0.887,-0.228,0.85,0.625,0.918,0.75,0.91,-0.009,0.501,0.864,-0.909,-0.086,-0.294,-0.878,-0.183,0.722,-0.791,-0.619,0.914,-0.358,-0.393,0.882,-0.889,0.852,0.827,0.852,0.55,-0.004,0.906,0.912,-0.863,0.572,-0.832,0.842,0.669,-0.621,0.566,0.856,0.493,0.556,-0.883,0.889,0.914,0.849,0.696,-0.682,0.737,0.001,0.911,0.647,0.353,-0.854,0.928
ARLP,-0.691,-0.008,0.64,-0.782,0.248,0.568,-0.836,-0.761,0.678,-0.79,0.775,0.646,-0.664,0.704,-0.886,-0.76,0.0,0.846,0.664,-0.584,0.8,-0.925,-0.231,0.636,-0.458,-0.565,0.882,0.452,-0.263,0.139,-0.711,-0.671,0.552,0.831,-0.733,-0.701,-0.615,-0.627,-0.021,0.578,-0.863,0.872,-0.666,0.946,0.057,0.507,-0.927,-0.47,-0.697,-0.626,0.686,-0.801,0.787,0.912,-0.074,-0.94,-0.695,-0.727,-0.839,-0.788,-0.471,-0.748,0.871,-0.153,-0.248,0.338,0.865,-0.401,-0.105,-0.733,-0.171,0.879,-0.904,-0.885,0.743,-0.911,0.488,0.581,0.34,-0.385,-0.148,0.67,0.603,-0.888,0.276,0.166,-0.9,0.005,-0.673,-0.018,-0.802,0.91,-0.866,-0.359,-0.7,-0.667,0.817,-0.895,-0.474,-0.842,0.71,0.942,-0.822,0.04,-0.808,-0.648,-0.911,-0.553,-0.737,-0.719,-0.004,-0.76,0.787,-0.47,-0.932,-0.435,0.087,-0.431,-0.767,-0.214,-0.743,-0.468,0.582,0.465,-0.881,-0.454,-0.104,-0.441,-0.498,-0.927,-0.8,0.828,0.737,-0.129,-0.85,-0.874,-0.049,0.862,-0.498,-0.363,-0.893,-0.463,-0.218,0.566,-0.743,-0.821,0.546,-0.629,0.197,-0.795,-0.198,-0.862,-0.78,-0.792,0.109,-0.494,-0.754,0.821,0.33,-0.004,0.882,0.565,-0.528,0.962,0.551,-0.919,0.41,-0.002,-0.651,0.803,-0.51,-0.696,-0.916,-0.322,-0.251,-0.856,-0.82,0.944,-0.253,0.934,-0.875,-0.349,0.756,-0.641,-0.666,-0.625,-0.636,0.89,-0.859,-0.712,-0.807,-0.877,0.33,-0.788,0.276,-0.822,-0.669,-0.202,0.848,-0.828
ATEX,-0.637,0.046,0.633,-0.786,0.336,0.558,-0.797,-0.737,0.757,-0.776,0.786,0.698,-0.36,0.736,-0.837,-0.767,0.846,0.0,0.768,-0.429,0.831,-0.855,-0.075,0.599,-0.207,-0.373,0.879,0.573,-0.331,0.001,-0.682,-0.65,0.554,0.691,-0.617,-0.613,-0.536,-0.674,-0.099,0.428,-0.718,0.805,-0.725,0.871,-0.152,0.459,-0.834,-0.446,-0.656,-0.677,0.536,-0.668,0.751,0.832,-0.125,-0.842,-0.762,-0.645,-0.668,-0.626,-0.531,-0.526,0.828,-0.075,-0.457,0.337,0.835,-0.303,-0.19,-0.602,-0.067,0.787,-0.822,-0.783,0.776,-0.798,0.645,0.538,0.18,-0.236,-0.12,0.437,0.739,-0.859,0.19,0.168,-0.819,0.212,-0.531,0.015,-0.721,0.873,-0.78,-0.19,-0.514,-0.686,0.823,-0.746,-0.3,-0.852,0.804,0.874,-0.671,0.134,-0.786,-0.633,-0.832,-0.323,-0.742,-0.554,0.165,-0.574,0.781,-0.316,-0.792,-0.512,0.114,-0.323,-0.761,-0.04,-0.676,-0.539,0.65,0.49,-0.685,-0.228,-0.197,-0.479,-0.38,-0.8,-0.769,0.827,0.654,0.01,-0.698,-0.819,-0.0,0.837,-0.51,-0.44,-0.787,-0.622,-0.16,0.491,-0.707,-0.805,0.716,-0.646,0.175,-0.89,-0.345,-0.796,-0.721,-0.777,0.042,-0.429,-0.737,0.815,0.264,0.25,0.845,0.454,-0.377,0.824,0.706,-0.837,0.417,0.265,-0.596,0.811,-0.584,-0.581,-0.803,-0.381,-0.025,-0.779,-0.798,0.89,-0.143,0.893,-0.816,-0.338,0.745,-0.625,-0.578,-0.447,-0.496,0.818,-0.787,-0.745,-0.795,-0.748,0.505,-0.7,0.289,-0.762,-0.577,-0.12,0.847,-0.724
ATRA,-0.732,0.32,0.399,-0.906,0.548,0.559,-0.788,-0.764,0.892,-0.781,0.889,0.859,-0.273,0.815,-0.767,-0.88,0.664,0.768,0.0,-0.276,0.939,-0.652,-0.376,0.723,0.03,-0.058,0.864,0.736,-0.409,-0.27,-0.696,-0.62,0.39,0.552,-0.658,-0.633,-0.563,-0.537,-0.563,0.144,-0.594,0.577,-0.944,0.803,-0.382,0.012,-0.752,-0.512,-0.796,-0.884,0.309,-0.434,0.429,0.854,0.08,-0.708,-0.897,-0.306,-0.523,-0.359,-0.559,-0.358,0.873,0.292,-0.747,0.251,0.863,-0.089,-0.661,-0.707,0.301,0.828,-0.767,-0.749,0.916,-0.792,0.766,0.672,0.162,0.087,-0.288,0.038,0.65,-0.846,-0.184,0.264,-0.817,0.625,-0.376,-0.056,-0.54,0.584,-0.719,-0.582,-0.064,-0.8,0.885,-0.509,-0.055,-0.804,0.934,0.784,-0.555,0.529,-0.632,-0.715,-0.721,0.031,-0.63,-0.32,0.636,-0.258,0.703,-0.051,-0.562,-0.823,-0.005,-0.079,-0.907,0.365,-0.685,-0.855,0.904,0.82,-0.456,0.098,-0.45,-0.673,-0.461,-0.589,-0.725,0.851,0.687,0.424,-0.508,-0.703,-0.161,0.883,-0.331,-0.683,-0.711,-0.539,0.342,0.317,-0.788,-0.713,0.687,-0.818,0.37,-0.811,-0.576,-0.828,-0.574,-0.832,0.052,-0.328,-0.815,0.917,0.096,0.449,0.863,0.14,-0.645,0.708,0.74,-0.782,0.42,0.633,-0.77,0.913,-0.872,-0.76,-0.685,-0.534,0.251,-0.781,-0.814,0.799,-0.382,0.81,-0.667,-0.596,0.619,-0.361,-0.719,-0.259,-0.287,0.864,-0.768,-0.869,-0.769,-0.606,0.826,-0.647,-0.007,-0.796,-0.534,-0.392,0.857,-0.819
AUTL,0.437,0.253,-0.634,0.443,-0.051,-0.174,0.492,0.61,-0.339,0.522,-0.575,-0.221,0.841,-0.218,0.596,0.506,-0.584,-0.429,-0.276,0.0,-0.352,0.611,0.434,-0.046,0.146,0.627,-0.44,0.092,0.245,-0.307,0.583,0.173,-0.075,-0.76,0.699,0.651,0.348,0.447,-0.079,-0.641,0.676,-0.408,0.419,-0.616,-0.179,-0.097,0.624,0.206,0.659,0.47,-0.362,0.81,-0.366,-0.569,0.175,0.586,0.393,0.347,0.767,0.608,-0.049,0.69,-0.564,0.027,0.185,0.26,-0.503,0.221,0.14,0.7,0.171,-0.449,0.623,0.693,-0.259,0.565,0.033,-0.407,-0.317,0.089,0.272,-0.631,-0.023,0.501,-0.461,-0.218,0.602,0.106,0.482,-0.191,0.529,-0.563,0.644,0.231,0.588,0.428,-0.447,0.642,0.125,0.386,-0.325,-0.555,0.824,0.21,0.418,0.022,0.651,0.591,0.628,0.666,0.19,0.592,-0.317,0.52,0.701,0.271,-0.227,0.472,0.456,0.141,0.439,0.19,-0.305,-0.122,0.6,0.126,-0.01,0.166,0.419,0.647,0.747,-0.318,-0.189,0.043,0.648,0.632,0.463,-0.52,0.207,0.259,0.697,0.192,0.19,-0.268,0.48,0.471,-0.04,0.465,0.212,0.555,0.207,0.643,0.468,0.501,0.116,0.093,0.426,-0.477,-0.061,-0.092,-0.534,-0.075,0.454,-0.59,-0.178,0.683,-0.0,0.318,0.576,-0.391,0.378,0.596,0.619,0.387,0.593,0.622,0.483,-0.618,0.626,-0.504,0.746,0.379,-0.525,0.343,0.543,0.642,0.657,-0.537,0.506,0.391,0.351,0.62,-0.028,0.794,-0.153,0.571,0.355,0.286,-0.338,0.643
AVDL,-0.746,0.305,0.487,-0.938,0.541,0.551,-0.825,-0.809,0.883,-0.808,0.907,0.901,-0.365,0.842,-0.862,-0.91,0.8,0.831,0.939,-0.352,0.0,-0.763,-0.292,0.774,-0.128,-0.196,0.954,0.763,-0.348,-0.15,-0.71,-0.659,0.476,0.672,-0.689,-0.648,-0.571,-0.569,-0.418,0.298,-0.68,0.737,-0.907,0.903,-0.245,0.198,-0.83,-0.554,-0.798,-0.839,0.479,-0.559,0.601,0.934,0.105,-0.836,-0.86,-0.421,-0.647,-0.53,-0.57,-0.472,0.927,0.116,-0.641,0.391,0.906,-0.207,-0.517,-0.735,0.182,0.926,-0.849,-0.817,0.956,-0.882,0.804,0.685,0.266,-0.047,-0.234,0.237,0.703,-0.902,-0.098,0.163,-0.879,0.47,-0.477,0.004,-0.621,0.681,-0.812,-0.579,-0.279,-0.776,0.947,-0.639,-0.18,-0.858,0.945,0.887,-0.657,0.393,-0.759,-0.764,-0.831,-0.196,-0.679,-0.437,0.522,-0.41,0.828,-0.173,-0.7,-0.78,0.016,-0.142,-0.926,0.241,-0.735,-0.786,0.892,0.797,-0.62,-0.077,-0.327,-0.671,-0.427,-0.736,-0.777,0.937,0.806,0.283,-0.622,-0.789,-0.06,0.946,-0.403,-0.641,-0.779,-0.522,0.222,0.472,-0.803,-0.792,0.718,-0.794,0.413,-0.838,-0.475,-0.865,-0.66,-0.856,0.129,-0.424,-0.826,0.95,0.237,0.317,0.931,0.297,-0.607,0.806,0.797,-0.867,0.533,0.503,-0.812,0.952,-0.826,-0.754,-0.804,-0.439,0.143,-0.839,-0.852,0.877,-0.349,0.902,-0.768,-0.512,0.725,-0.458,-0.718,-0.317,-0.421,0.923,-0.852,-0.867,-0.85,-0.722,0.723,-0.689,0.138,-0.848,-0.579,-0.302,0.946,-0.869
BCRX,0.771,0.19,-0.549,0.793,-0.127,-0.525,0.856,0.72,-0.658,0.86,-0.737,-0.547,0.647,-0.602,0.859,0.782,-0.925,-0.855,-0.652,0.611,-0.763,0.0,0.289,-0.565,0.442,0.654,-0.82,-0.398,0.389,-0.059,0.801,0.733,-0.427,-0.768,0.798,0.761,0.692,0.735,0.091,-0.476,0.902,-0.761,0.677,-0.909,0.121,-0.444,0.929,0.563,0.715,0.663,-0.49,0.83,-0.653,-0.85,0.265,0.898,0.725,0.782,0.793,0.775,0.553,0.776,-0.83,0.067,0.362,-0.282,-0.828,0.411,0.171,0.724,0.139,-0.812,0.904,0.872,-0.685,0.893,-0.43,-0.487,-0.152,0.377,0.268,-0.557,-0.597,0.916,-0.197,-0.207,0.904,-0.013,0.688,0.135,0.84,-0.89,0.847,0.294,0.674,0.73,-0.752,0.92,0.481,0.862,-0.689,-0.883,0.824,-0.11,0.82,0.637,0.892,0.443,0.774,0.714,0.037,0.787,-0.686,0.475,0.903,0.47,0.065,0.494,0.786,0.3,0.814,0.501,-0.516,-0.383,0.845,0.458,0.252,0.436,0.596,0.881,0.813,-0.751,-0.575,0.115,0.874,0.927,0.162,-0.799,0.563,0.382,0.91,0.578,0.332,-0.377,0.794,0.871,-0.586,0.716,-0.042,0.826,0.364,0.891,0.852,0.847,0.043,0.553,0.785,-0.782,-0.141,-0.034,-0.836,-0.473,0.593,-0.914,-0.454,0.925,-0.233,0.004,0.616,-0.771,0.512,0.722,0.897,0.455,0.229,0.894,0.87,-0.924,0.316,-0.861,0.904,0.435,-0.612,0.742,0.732,0.738,0.616,-0.844,0.855,0.753,0.828,0.856,-0.371,0.777,-0.147,0.857,0.707,0.321,-0.78,0.823
BHAT,0.651,0.196,0.013,0.444,-0.117,-0.2,0.457,0.401,-0.375,0.541,-0.45,-0.145,0.51,-0.139,0.289,0.447,-0.231,-0.075,-0.376,0.434,-0.292,0.289,0.0,-0.198,-0.076,0.298,-0.209,0.038,0.556,0.145,0.612,0.202,0.075,-0.436,0.692,0.696,0.502,0.398,0.489,0.035,0.49,0.107,0.519,-0.354,0.405,0.5,0.377,0.324,0.593,0.619,0.213,0.319,0.276,-0.388,0.274,0.193,0.498,0.079,0.269,0.21,0.144,0.495,-0.444,-0.676,0.522,0.342,-0.322,0.018,0.646,0.544,-0.566,-0.337,0.423,0.512,-0.216,0.467,0.03,-0.297,0.072,-0.234,0.705,0.036,0.127,0.447,0.151,-0.611,0.474,-0.302,0.241,0.32,0.335,-0.15,0.419,0.573,-0.072,0.567,-0.261,0.256,-0.009,0.391,-0.336,-0.288,0.498,-0.467,0.19,0.152,0.339,0.041,0.383,0.339,-0.212,0.239,0.065,-0.01,0.292,0.504,0.322,0.283,0.541,-0.138,0.527,0.561,-0.353,-0.305,0.085,-0.122,0.567,0.19,0.763,0.126,0.448,-0.085,0.103,-0.391,0.411,0.394,0.663,-0.325,-0.062,0.422,0.49,0.343,-0.336,0.357,0.564,0.361,-0.094,0.671,0.226,0.247,0.632,0.544,0.195,0.538,0.441,0.1,0.531,-0.428,0.54,-0.328,-0.367,0.421,0.79,-0.322,0.061,0.42,0.321,-0.1,0.469,-0.38,0.544,0.66,0.311,0.728,0.036,0.573,0.47,-0.356,0.697,-0.216,0.42,0.797,0.018,0.126,0.706,0.479,0.36,-0.455,0.308,0.505,0.221,0.343,-0.494,0.499,0.327,0.497,0.238,0.679,-0.112,0.506
BLBD,-0.592,0.439,0.215,-0.712,0.245,0.631,-0.678,-0.421,0.692,-0.541,0.638,0.762,-0.205,0.641,-0.598,-0.599,0.636,0.599,0.723,-0.046,0.774,-0.565,-0.198,0.0,-0.28,-0.005,0.743,0.75,-0.188,-0.161,-0.434,-0.636,0.467,0.366,-0.431,-0.46,-0.391,-0.323,-0.488,0.057,-0.465,0.555,-0.628,0.661,-0.194,0.225,-0.633,-0.429,-0.536,-0.536,0.363,-0.201,0.446,0.707,0.289,-0.606,-0.573,-0.324,-0.309,-0.309,-0.622,-0.309,0.715,0.157,-0.408,0.518,0.666,-0.087,-0.345,-0.514,0.225,0.755,-0.549,-0.539,0.805,-0.678,0.79,0.45,0.254,-0.071,-0.173,0.051,0.57,-0.687,-0.303,0.141,-0.687,0.459,-0.33,-0.11,-0.443,0.518,-0.506,-0.569,-0.054,-0.54,0.736,-0.453,-0.237,-0.663,0.765,0.675,-0.31,0.521,-0.528,-0.725,-0.573,-0.032,-0.342,-0.231,0.424,-0.259,0.678,0.062,-0.441,-0.589,-0.141,-0.068,-0.719,0.114,-0.6,-0.68,0.679,0.7,-0.441,-0.254,-0.347,-0.545,-0.346,-0.502,-0.457,0.779,0.734,0.266,-0.451,-0.576,0.108,0.733,-0.291,-0.465,-0.517,-0.372,0.185,0.334,-0.606,-0.566,0.705,-0.549,0.436,-0.468,-0.148,-0.629,-0.547,-0.668,0.213,-0.441,-0.641,0.728,0.171,0.083,0.726,0.382,-0.535,0.637,0.542,-0.599,0.526,0.433,-0.557,0.782,-0.518,-0.531,-0.568,-0.3,0.206,-0.604,-0.65,0.657,-0.102,0.706,-0.449,-0.305,0.48,-0.259,-0.549,-0.237,-0.139,0.746,-0.655,-0.645,-0.714,-0.603,0.651,-0.345,-0.093,-0.681,-0.502,-0.281,0.776,-0.624
BMRN,0.306,0.334,0.091,0.167,0.41,0.04,0.271,-0.048,0.034,0.284,0.014,0.035,0.315,0.085,0.311,0.163,-0.458,-0.207,0.03,0.146,-0.128,0.442,-0.076,-0.28,0.0,0.553,-0.167,-0.003,-0.016,0.093,0.262,0.614,-0.052,-0.146,0.234,0.13,0.398,0.247,-0.075,-0.075,0.474,-0.336,-0.029,-0.268,-0.057,-0.637,0.4,0.482,-0.018,-0.077,-0.284,0.244,-0.286,-0.179,0.174,0.441,0.006,0.666,0.273,0.322,0.461,0.503,-0.118,0.388,-0.306,-0.408,-0.175,0.478,-0.343,0.253,0.358,-0.211,0.329,0.183,-0.098,0.336,0.001,0.127,0.066,0.618,0.1,-0.31,-0.118,0.301,0.066,0.065,0.316,0.476,0.553,0.412,0.479,-0.332,0.235,0.114,0.517,0.136,-0.061,0.566,0.732,0.32,0.062,-0.229,0.246,0.178,0.462,0.495,0.334,0.321,0.112,0.476,0.455,0.598,-0.189,0.298,0.311,-0.026,0.309,0.238,0.156,0.732,0.441,-0.062,0.194,0.157,0.61,0.755,0.122,0.217,0.221,0.394,0.022,-0.256,-0.279,0.513,0.554,0.373,-0.034,-0.084,0.569,-0.019,0.377,-0.081,0.644,-0.132,0.31,0.412,-0.204,0.101,0.044,0.036,-0.162,0.251,0.562,0.249,-0.095,0.716,0.245,-0.046,-0.138,0.647,-0.134,-0.531,0.188,-0.379,0.228,0.296,-0.037,0.398,0.039,-0.093,-0.198,0.149,0.411,-0.129,0.272,0.274,0.342,-0.273,-0.123,-0.255,0.287,0.02,0.024,0.557,0.286,0.55,0.292,-0.195,0.436,0.193,0.451,0.34,0.207,0.009,0.042,0.297,0.597,-0.081,-0.254,0.252
BNGO,0.486,0.619,-0.301,0.286,0.234,-0.026,0.476,0.365,-0.205,0.55,-0.272,0.052,0.653,-0.036,0.523,0.386,-0.565,-0.373,-0.058,0.627,-0.196,0.654,0.298,-0.005,0.553,0.0,-0.299,0.216,0.211,-0.215,0.586,0.387,0.035,-0.536,0.597,0.482,0.524,0.58,-0.24,-0.473,0.745,-0.396,0.196,-0.487,-0.043,-0.381,0.592,0.352,0.315,0.257,-0.344,0.701,-0.326,-0.384,0.53,0.575,0.231,0.679,0.646,0.676,0.183,0.805,-0.344,0.202,-0.07,0.073,-0.326,0.561,-0.13,0.534,0.244,-0.318,0.604,0.529,-0.106,0.535,0.19,-0.153,0.07,0.513,0.307,-0.616,-0.083,0.49,-0.402,-0.184,0.504,0.495,0.669,0.186,0.674,-0.569,0.563,0.015,0.79,0.405,-0.213,0.747,0.62,0.448,-0.092,-0.465,0.729,0.341,0.561,0.192,0.594,0.607,0.562,0.84,0.524,0.831,-0.213,0.565,0.673,0.072,0.155,0.563,0.31,0.661,0.568,-0.035,0.085,0.185,0.671,0.517,0.112,0.118,0.521,0.618,0.441,-0.214,-0.084,0.477,0.777,0.609,0.4,-0.271,0.472,0.004,0.646,0.322,0.605,-0.105,0.469,0.554,-0.014,0.378,0.373,0.394,0.153,0.508,0.614,0.435,0.192,0.434,0.396,-0.272,0.023,0.231,-0.347,-0.262,0.33,-0.573,0.112,0.562,0.183,0.533,0.265,-0.229,0.061,0.4,0.639,0.3,0.541,0.545,0.494,-0.507,0.331,-0.38,0.635,0.326,-0.207,0.687,0.507,0.808,0.671,-0.377,0.493,0.333,0.388,0.512,0.161,0.508,-0.13,0.479,0.53,0.097,-0.238,0.477
BUSE,-0.688,0.29,0.648,-0.894,0.487,0.567,-0.833,-0.842,0.868,-0.781,0.902,0.89,-0.443,0.835,-0.921,-0.881,0.882,0.879,0.864,-0.44,0.954,-0.82,-0.209,0.743,-0.167,-0.299,0.0,0.712,-0.22,0.012,-0.694,-0.617,0.503,0.753,-0.673,-0.641,-0.509,-0.592,-0.233,0.501,-0.73,0.869,-0.828,0.95,-0.066,0.337,-0.872,-0.465,-0.775,-0.766,0.662,-0.654,0.758,0.962,0.107,-0.91,-0.789,-0.476,-0.758,-0.64,-0.478,-0.549,0.942,-0.051,-0.49,0.375,0.924,-0.277,-0.341,-0.734,0.012,0.941,-0.877,-0.847,0.943,-0.904,0.773,0.713,0.338,-0.166,-0.138,0.435,0.703,-0.896,0.092,0.126,-0.889,0.315,-0.517,0.136,-0.677,0.795,-0.86,-0.462,-0.458,-0.714,0.974,-0.727,-0.265,-0.845,0.917,0.957,-0.735,0.208,-0.795,-0.693,-0.898,-0.383,-0.733,-0.557,0.354,-0.53,0.915,-0.304,-0.811,-0.657,0.127,-0.236,-0.861,0.113,-0.708,-0.644,0.822,0.717,-0.722,-0.165,-0.161,-0.629,-0.376,-0.847,-0.806,0.959,0.845,0.141,-0.696,-0.835,-0.005,0.974,-0.452,-0.535,-0.804,-0.514,0.083,0.622,-0.759,-0.803,0.652,-0.719,0.4,-0.866,-0.326,-0.858,-0.723,-0.822,0.215,-0.409,-0.78,0.95,0.377,0.259,0.961,0.453,-0.518,0.888,0.806,-0.908,0.604,0.342,-0.809,0.94,-0.722,-0.691,-0.876,-0.35,-0.038,-0.837,-0.829,0.93,-0.335,0.959,-0.818,-0.38,0.837,-0.5,-0.68,-0.373,-0.528,0.927,-0.865,-0.805,-0.847,-0.769,0.592,-0.736,0.26,-0.857,-0.558,-0.172,0.971,-0.862
CAKE,-0.382,0.52,0.226,-0.668,0.548,0.497,-0.438,-0.458,0.637,-0.399,0.557,0.866,0.085,0.696,-0.488,-0.585,0.452,0.573,0.736,0.092,0.763,-0.398,0.038,0.75,-0.003,0.216,0.712,0.0,-0.081,-0.165,-0.238,-0.43,0.532,0.205,-0.213,-0.201,-0.172,-0.148,-0.425,0.025,-0.189,0.499,-0.61,0.531,-0.236,0.099,-0.4,-0.373,-0.434,-0.508,0.318,-0.102,0.46,0.596,0.354,-0.494,-0.545,-0.111,-0.158,-0.305,-0.456,0.067,0.583,0.117,-0.533,0.616,0.594,0.154,-0.454,-0.32,0.252,0.718,-0.411,-0.429,0.8,-0.528,0.896,0.499,0.352,0.16,0.095,-0.1,0.778,-0.56,-0.363,-0.224,-0.477,0.606,-0.011,0.1,-0.189,0.316,-0.366,-0.428,0.017,-0.401,0.724,-0.185,0.044,-0.526,0.747,0.524,-0.145,0.472,-0.389,-0.657,-0.395,0.061,-0.193,0.025,0.667,0.059,0.698,0.144,-0.3,-0.576,0.004,0.239,-0.633,0.415,-0.377,-0.615,0.783,0.834,-0.32,0.109,-0.196,-0.663,-0.002,-0.395,-0.424,0.772,0.766,0.355,-0.173,-0.356,0.36,0.673,-0.137,-0.502,-0.295,-0.37,0.352,0.492,-0.393,-0.371,0.692,-0.428,0.683,-0.469,-0.211,-0.459,-0.335,-0.492,0.324,-0.312,-0.468,0.666,0.368,0.271,0.637,0.339,-0.246,0.4,0.742,-0.46,0.688,0.746,-0.541,0.784,-0.597,-0.345,-0.401,-0.131,0.437,-0.411,-0.455,0.481,0.012,0.584,-0.313,-0.191,0.531,-0.09,-0.348,0.176,-0.0,0.591,-0.473,-0.511,-0.554,-0.337,0.665,-0.241,0.119,-0.487,-0.247,-0.147,0.771,-0.495
CASY,0.654,0.301,0.027,0.4,-0.047,-0.375,0.472,0.366,-0.376,0.598,-0.405,-0.127,0.262,-0.326,0.236,0.437,-0.263,-0.331,-0.409,0.245,-0.348,0.389,0.556,-0.188,-0.016,0.211,-0.22,-0.081,0.0,0.208,0.576,0.343,-0.199,-0.322,0.614,0.628,0.573,0.5,0.503,0.258,0.38,0.09,0.536,-0.325,0.592,0.286,0.354,0.414,0.513,0.653,0.358,0.316,0.201,-0.322,0.453,0.186,0.559,0.31,0.134,0.22,0.361,0.322,-0.371,-0.55,0.688,0.016,-0.268,0.022,0.594,0.355,-0.509,-0.278,0.418,0.421,-0.203,0.384,-0.074,-0.058,0.143,-0.196,0.481,0.168,-0.134,0.485,0.174,-0.474,0.43,-0.368,0.143,0.431,0.315,-0.306,0.375,0.397,-0.037,0.669,-0.21,0.298,-0.068,0.519,-0.379,-0.255,0.334,-0.522,0.243,0.316,0.286,-0.179,0.397,0.196,-0.237,0.169,0.028,0.038,0.296,0.474,0.324,0.326,0.57,-0.173,0.518,0.618,-0.32,-0.196,0.081,0.009,0.591,0.154,0.672,0.172,0.487,-0.105,0.068,-0.216,0.344,0.394,0.419,-0.299,0.013,0.329,0.458,0.554,-0.201,0.425,0.52,0.412,-0.254,0.622,0.315,0.404,0.66,0.505,0.233,0.542,0.573,0.199,0.614,-0.361,0.618,-0.338,-0.312,0.427,0.605,-0.24,-0.092,0.396,0.417,-0.308,0.316,-0.364,0.577,0.585,0.234,0.81,-0.173,0.572,0.507,-0.359,0.306,-0.203,0.418,0.757,-0.005,0.321,0.495,0.395,0.122,-0.406,0.344,0.528,0.264,0.441,-0.492,0.442,0.241,0.417,0.396,0.597,-0.119,0.353
CCOI,0.295,0.021,0.505,0.238,0.121,0.281,0.133,-0.048,-0.135,0.21,-0.077,-0.109,-0.263,0.047,0.05,0.255,0.139,0.001,-0.27,-0.307,-0.15,-0.059,0.145,-0.161,0.093,-0.215,0.012,-0.165,0.208,0.0,0.232,0.41,0.308,0.246,0.107,0.092,0.271,0.139,0.626,0.51,0.034,0.178,0.287,0.039,0.649,0.107,0.071,0.425,0.046,0.222,0.388,-0.228,0.316,0.028,0.119,0.004,0.231,0.054,-0.191,-0.428,0.448,-0.048,-0.026,-0.195,0.344,-0.085,-0.096,0.002,0.363,0.106,-0.181,0.062,0.08,-0.073,-0.148,0.077,-0.192,0.098,0.429,-0.014,0.479,0.612,0.015,0.129,0.656,-0.134,0.113,-0.298,0.151,0.47,0.109,0.19,-0.008,0.394,-0.417,0.291,-0.01,-0.045,0.17,0.232,-0.082,0.094,-0.167,-0.428,0.176,0.446,-0.001,-0.53,0.042,-0.162,-0.293,-0.094,0.021,-0.292,-0.272,0.395,0.403,0.024,0.222,-0.118,0.288,0.451,-0.131,-0.161,-0.079,-0.044,0.488,0.439,0.165,-0.248,-0.167,-0.06,0.027,-0.255,0.013,0.097,0.262,0.025,0.341,0.438,0.027,0.052,-0.142,0.36,0.311,0.257,-0.287,0.29,0.042,0.043,0.483,0.128,0.18,0.286,0.268,0.325,0.304,-0.04,0.34,0.029,0.038,0.127,0.318,0.099,0.107,0.01,0.111,-0.405,0.123,-0.074,0.241,0.14,0.005,0.181,-0.399,0.105,0.28,0.029,0.131,0.022,-0.036,0.361,0.337,0.169,0.251,0.041,-0.143,-0.005,0.204,0.384,0.298,-0.105,-0.432,-0.217,0.55,0.196,0.246,0.099,-0.084,0.112
