,AAPL,ACRS,ADP,AFYA,AGNC,AGYS,ALT,AMGN,AMPH,AMZN,ANIP,AOSL,APDN,APLT,APVO,ARGX,ARLP,ATEX,ATRA,AUTL,AVDL,BCRX,BHAT,BLBD,BMRN,BNGO,BUSE,CAKE,CASY,CCOI,CEVA,CHY,CLDX,CLMT,COHU,COLM,COST,CPRT,CSWC,CSX,DBX,DCOM,DKNG,DMLP,DOX,EA,EDIT,ENPH,ENSG,ERNA,ESGR,ETNB,EXTR,FANG,FARO,FATE,FGEN,FIVE,FIVN,FLGT,FOLD,FORM,FOXA,FRPT,FSLR,FTAI,GBDC,GDYN,GGAL,GNLN,GRFS,GT,HCAT,HCM,HFWA,HOLX,HQY,HUBG,IAC,ICLR,IDCC,IEP,IHRT,ILMN,ILPT,IMAB,IMOS,INMD,INTZ,JAZZ,JKHY,JRVR,KIDS,LBRDK,LGND,LMAT,LPLA,LULU,MASI,MAT,MATW,MBIN,MBIO,MCRB,MDB,MDLZ,MELI,MIRM,MLKN,MNMD,MNRO,MPWR,MRCY,MRSN,MTVA,NAAS,NDAQ,NDSN,NEGG,NOVT,NVDA,NWE,NWSA,NXST,OCX,ODFL,OMAB,OPCH,OPRA,ORGO,OTRK,OZK,PAGP,PCH,PEGA,PENG,PENN,PFBC,PGNY,PHAT,PHUN,PINC,PLUG,PLXS,PYPL,QLYS,QNCX,QQQX,QVCGA,RAPT,RBBN,RCKT,REPL,RMBS,ROAD,ROKU,ROP,RUSHA,SANM,SATS,SBCF,SBLK,SBUX,SCHL,SCSC,SDGR,SEIC,SFIX,SGRY,SKYW,SLP,SNES,STAA,STLD,STOK,SWKS,TER,TFIN,TIGO,TILE,TPIC,TTEC,TTEK,TTGT,UXIN,VERU,VLYPP,VNOM,VRNS,VRSN,WDAY,WERN,WINA,WKHS,WRLD,XP,XTKG,YY,ZION,ZM
AAPL,0.0,0.098,-0.777,0.789,-0.214,-0.692,0.159,0.753,0.862,0.871,0.679,-0.142,0.783,0.687,0.509,0.475,0.028,-0.803,0.933,0.808,-0.177,-0.556,0.037,-0.494,0.778,0.389,-0.726,-0.767,-0.335,0.331,-0.279,0.098,-0.831,-0.375,0.278,-0.419,0.822,0.702,-0.733,-0.842,0.72,-0.871,0.207,-0.766,-0.356,0.615,0.926,0.869,0.6,0.488,-0.554,-0.496,0.039,-0.458,-0.822,0.635,0.247,-0.185,-0.461,0.739,0.797,-0.137,-0.799,0.273,0.967,-0.51,-0.305,-0.568,0.192,0.12,0.834,-0.817,0.786,0.867,-0.879,0.879,0.397,-0.083,-0.005,0.571,0.674,-0.802,-0.141,-0.16,0.772,0.21,-0.677,-0.322,0.657,-0.406,-0.057,0.184,-0.751,0.334,0.825,-0.205,-0.633,0.908,0.75,-0.799,-0.72,-0.75,0.96,0.957,0.57,0.82,0.877,0.591,-0.338,-0.108,-0.553,0.03,0.898,0.883,0.767,-0.057,0.359,-0.498,-0.32,0.026,0.111,-0.803,-0.549,-0.709,0.148,-0.514,0.512,0.421,-0.576,-0.435,0.775,-0.865,0.135,-0.342,0.227,-0.671,-0.007,-0.834,0.379,-0.504,0.684,0.693,0.965,-0.59,0.225,0.709,0.758,0.188,0.453,0.888,0.177,0.784,0.817,-0.574,-0.179,0.576,0.895,0.096,-0.487,0.304,-0.831,-0.695,-0.074,-0.696,0.035,-0.378,-0.407,0.805,-0.432,-0.897,0.928,0.567,0.457,-0.784,0.676,0.048,-0.141,-0.802,-0.349,-0.772,0.72,0.328,-0.595,0.36,0.509,-0.007,0.937,-0.355,0.067,0.821,0.318,-0.68,0.457,0.924,0.547,0.619,-0.36,-0.106,-0.829,0.516
ACRS,0.098,0.0,-0.202,0.047,0.233,0.372,0.509,-0.019,0.114,-0.02,0.394,0.586,0.261,-0.336,0.492,0.396,0.216,0.215,-0.062,-0.119,0.325,-0.268,0.622,-0.418,0.21,0.558,0.087,0.151,0.52,0.303,0.471,0.604,0.077,0.344,0.625,0.109,0.065,0.309,0.227,0.062,0.281,0.027,0.136,0.312,0.438,0.348,-0.157,0.282,0.187,0.486,0.1,0.301,0.323,0.305,-0.012,0.189,0.536,0.363,0.391,0.368,-0.329,0.613,0.02,0.6,0.157,0.511,-0.03,-0.146,0.328,0.427,-0.138,0.195,0.407,0.283,-0.09,0.19,0.098,-0.216,0.607,0.204,0.551,0.033,0.565,0.592,0.371,-0.148,0.311,0.265,0.159,0.268,-0.49,0.685,0.091,0.419,-0.089,0.306,0.343,0.27,0.556,0.046,0.141,-0.173,-0.005,0.055,0.409,-0.161,0.245,0.392,0.153,0.59,0.237,0.55,0.136,0.213,0.323,0.373,0.328,-0.031,0.604,0.573,0.637,0.053,0.48,0.073,0.246,0.115,0.069,0.174,0.507,0.22,-0.02,0.068,-0.387,0.466,0.445,0.384,0.045,-0.02,-0.061,0.172,0.353,-0.1,0.037,0.215,0.682,-0.395,-0.045,0.509,0.258,0.264,0.545,-0.164,-0.34,0.461,-0.555,0.559,-0.106,-0.559,0.254,0.288,0.1,0.408,0.379,0.206,0.024,0.418,0.362,0.295,-0.189,0.004,0.125,0.388,0.439,0.173,-0.181,0.553,0.638,0.169,0.328,-0.059,0.313,0.619,0.116,0.619,0.49,0.597,-0.066,0.523,0.568,0.331,0.419,0.299,0.041,0.108,0.023,0.205,0.328,0.688,0.073,0.628
ADP,-0.777,-0.202,0.0,-0.522,0.129,0.556,-0.33,-0.772,-0.724,-0.742,-0.581,0.034,-0.805,-0.44,-0.645,-0.423,-0.019,0.555,-0.695,-0.568,0.107,0.473,-0.175,0.775,-0.726,-0.586,0.725,0.706,0.146,-0.091,-0.003,-0.074,0.726,0.347,-0.301,0.485,-0.787,-0.635,0.636,0.763,-0.539,0.832,0.207,0.626,0.22,-0.749,-0.745,-0.623,-0.427,-0.66,0.605,0.527,-0.034,0.476,0.813,-0.506,-0.292,0.2,0.507,-0.667,-0.5,-0.002,0.632,-0.227,-0.841,0.346,0.5,0.656,-0.318,-0.125,-0.624,0.711,-0.693,-0.767,0.862,-0.796,-0.144,0.42,-0.069,-0.802,-0.613,0.611,-0.125,-0.15,-0.61,0.091,0.599,0.365,-0.395,0.355,0.359,-0.291,0.698,-0.155,-0.543,0.387,0.498,-0.82,-0.752,0.846,0.769,0.804,-0.733,-0.787,-0.436,-0.612,-0.839,-0.574,0.582,-0.1,0.399,0.018,-0.787,-0.708,-0.796,0.09,-0.216,0.74,0.035,-0.128,-0.283,0.771,0.43,0.747,-0.359,0.649,-0.41,-0.269,0.333,0.596,-0.811,0.742,0.149,0.18,-0.347,0.47,0.254,0.842,-0.494,0.518,-0.804,-0.544,-0.716,0.692,-0.288,-0.53,-0.416,-0.108,-0.517,-0.77,-0.274,-0.424,-0.523,0.335,0.474,-0.594,-0.588,0.253,0.582,-0.083,0.738,0.501,0.3,0.625,0.186,0.272,0.276,-0.674,0.427,0.766,-0.744,-0.638,-0.51,0.676,-0.333,-0.247,-0.007,0.721,0.203,0.795,-0.756,-0.205,0.596,-0.363,-0.504,-0.108,-0.772,0.16,-0.264,-0.645,-0.326,0.577,-0.244,-0.821,-0.373,-0.583,0.086,-0.022,0.75,-0.529
AFYA,0.789,0.047,-0.522,0.0,-0.117,-0.53,0.14,0.464,0.74,0.718,0.563,-0.095,0.52,0.601,0.365,0.475,0.175,-0.62,0.764,0.725,-0.038,-0.593,0.053,-0.31,0.633,0.263,-0.502,-0.621,-0.258,0.37,-0.243,0.141,-0.579,-0.149,0.23,-0.171,0.654,0.61,-0.54,-0.623,0.734,-0.627,0.313,-0.577,-0.251,0.341,0.705,0.664,0.556,0.341,-0.447,-0.271,0.011,-0.286,-0.633,0.534,0.214,-0.009,-0.295,0.544,0.627,-0.073,-0.727,0.309,0.719,-0.444,-0.023,-0.491,0.226,0.096,0.631,-0.627,0.607,0.722,-0.704,0.733,0.297,0.076,0.1,0.316,0.544,-0.558,-0.269,-0.175,0.669,0.308,-0.562,-0.145,0.604,-0.327,0.125,0.128,-0.556,0.306,0.646,-0.114,-0.427,0.7,0.543,-0.588,-0.524,-0.54,0.777,0.748,0.535,0.711,0.673,0.461,-0.175,-0.037,-0.393,-0.074,0.711,0.764,0.599,0.088,0.492,-0.271,-0.294,0.033,0.039,-0.583,-0.385,-0.488,0.154,-0.328,0.39,0.551,-0.464,-0.256,0.574,-0.687,0.205,-0.327,0.172,-0.52,0.204,-0.614,0.205,-0.282,0.409,0.587,0.755,-0.4,0.255,0.5,0.66,0.193,0.385,0.687,0.178,0.68,0.713,-0.466,-0.091,0.422,0.745,0.049,-0.265,0.379,-0.645,-0.48,0.149,-0.505,0.226,-0.329,-0.244,0.511,-0.43,-0.691,0.799,0.445,0.365,-0.563,0.564,-0.073,-0.074,-0.615,-0.358,-0.563,0.592,0.331,-0.385,0.317,0.466,-0.038,0.701,-0.253,-0.001,0.644,0.331,-0.546,0.562,0.721,0.34,0.605,-0.234,0.004,-0.608,0.422
AGNC,-0.214,0.233,0.129,-0.117,0.0,0.678,0.559,-0.331,0.095,-0.299,0.306,0.703,-0.211,-0.129,0.271,0.498,0.7,0.343,-0.163,-0.209,0.75,-0.139,0.67,0.033,0.119,0.203,0.642,0.587,0.719,0.487,0.603,0.758,0.519,0.635,0.621,0.677,-0.017,0.272,0.672,0.479,0.148,0.464,0.343,0.646,0.772,-0.055,-0.29,-0.003,0.14,0.057,0.652,0.613,0.598,0.736,0.494,0.381,0.625,0.754,0.393,0.124,-0.445,0.744,0.464,0.514,-0.176,0.675,0.46,0.589,0.499,0.679,-0.518,0.567,0.157,0.092,0.294,-0.281,0.067,0.381,0.702,0.084,0.165,0.629,0.548,0.473,0.168,-0.303,0.57,0.754,0.044,0.478,0.051,0.582,0.637,0.225,-0.197,0.006,0.751,-0.045,-0.016,0.278,0.541,0.375,-0.12,-0.113,0.466,-0.284,-0.019,0.388,0.604,0.707,0.697,0.455,0.035,0.119,0.103,0.44,0.417,0.468,0.569,0.69,0.662,0.52,0.709,0.468,0.624,0.586,0.158,-0.055,0.579,0.494,-0.033,0.534,-0.038,0.816,0.737,0.689,0.563,0.436,0.434,0.734,0.011,-0.018,-0.293,0.541,0.591,-0.633,-0.103,0.632,0.395,0.069,0.569,-0.008,-0.236,0.614,-0.275,0.424,-0.229,-0.137,0.668,0.495,0.591,0.623,0.501,0.702,0.665,0.816,0.777,-0.287,-0.288,0.508,-0.069,0.413,0.562,0.641,-0.063,0.469,0.676,0.592,0.107,0.566,0.29,0.488,0.708,0.516,0.488,0.633,-0.211,0.774,0.648,-0.055,0.685,0.62,0.298,-0.187,-0.549,0.21,0.446,0.656,0.608,0.398
AGYS,-0.692,0.372,0.556,-0.53,0.678,0.0,0.411,-0.683,-0.446,-0.756,-0.083,0.647,-0.554,-0.577,0.003,0.167,0.387,0.759,-0.651,-0.706,0.701,0.138,0.585,0.276,-0.336,-0.02,0.895,0.922,0.853,0.257,0.599,0.604,0.826,0.709,0.419,0.769,-0.52,-0.129,0.949,0.769,-0.209,0.828,0.186,0.939,0.857,-0.289,-0.784,-0.378,-0.286,-0.189,0.811,0.862,0.567,0.843,0.836,-0.118,0.419,0.703,0.697,-0.16,-0.826,0.694,0.759,0.404,-0.638,0.917,0.459,0.712,0.24,0.548,-0.863,0.924,-0.194,-0.374,0.719,-0.689,-0.053,0.316,0.639,-0.332,-0.113,0.83,0.575,0.532,-0.211,-0.429,0.918,0.768,-0.236,0.725,-0.093,0.472,0.891,0.137,-0.541,0.278,0.964,-0.5,-0.27,0.709,0.867,0.645,-0.639,-0.612,0.081,-0.714,-0.515,0.057,0.695,0.606,0.74,0.428,-0.483,-0.367,-0.335,0.466,0.126,0.667,0.714,0.613,0.518,0.892,0.948,0.759,0.29,0.822,-0.163,-0.308,0.875,0.774,-0.505,0.852,-0.231,0.82,0.413,0.948,0.379,0.808,-0.08,0.804,-0.295,-0.528,-0.73,0.773,0.458,-0.932,-0.459,0.444,-0.045,-0.397,0.466,-0.503,-0.725,0.866,-0.276,0.079,-0.64,-0.283,0.86,0.333,0.92,0.907,0.563,0.936,0.415,0.847,0.771,-0.511,-0.036,0.858,-0.55,0.033,0.203,0.916,-0.396,0.351,0.669,0.949,0.346,0.816,-0.208,0.392,0.861,0.351,0.156,0.66,-0.708,0.821,0.516,-0.391,0.358,0.95,-0.094,-0.661,-0.625,-0.272,0.574,0.706,0.903,0.169
ALT,0.159,0.509,-0.33,0.14,0.559,0.411,0.0,0.11,0.433,0.188,0.549,0.656,0.343,-0.074,0.742,0.751,0.545,0.308,0.128,-0.013,0.72,-0.291,0.883,-0.519,0.5,0.705,0.122,0.16,0.742,0.452,0.655,0.754,0.156,0.32,0.811,0.363,0.479,0.695,0.35,-0.038,0.499,-0.017,0.018,0.271,0.686,0.6,0.078,0.316,0.178,0.579,0.106,0.453,0.67,0.328,0.093,0.639,0.785,0.696,0.285,0.571,-0.307,0.743,0.015,0.74,0.264,0.513,-0.006,0.112,0.889,0.758,-0.263,0.095,0.506,0.564,-0.238,0.245,-0.042,-0.098,0.861,0.501,0.462,0.306,0.65,0.737,0.384,-0.501,0.313,0.431,0.188,0.259,-0.21,0.862,0.263,0.413,-0.02,-0.152,0.459,0.454,0.544,-0.141,0.021,-0.265,0.187,0.275,0.692,0.118,0.465,0.69,0.069,0.808,0.405,0.486,0.372,0.409,0.621,0.461,0.718,-0.079,0.746,0.884,0.915,0.174,0.47,-0.099,0.796,0.261,0.348,-0.024,0.59,0.2,0.369,0.021,-0.414,0.584,0.835,0.525,0.276,-0.122,0.547,0.464,0.574,-0.11,0.019,0.028,0.871,-0.399,-0.053,0.794,0.585,0.444,0.84,-0.042,-0.083,0.602,-0.818,0.826,0.075,-0.667,0.295,0.477,0.123,0.387,0.333,0.266,0.311,0.492,0.59,0.116,-0.582,0.09,0.227,0.715,0.863,0.211,0.002,0.729,0.781,0.186,-0.056,-0.045,0.683,0.598,0.319,0.785,0.782,0.76,0.12,0.631,0.858,0.403,0.86,0.41,0.226,0.27,-0.404,0.611,0.707,0.804,0.132,0.802
AMGN,0.753,-0.019,-0.772,0.464,-0.331,-0.683,0.11,0.0,0.682,0.715,0.431,-0.284,0.766,0.466,0.424,0.173,-0.212,-0.632,0.679,0.535,-0.244,-0.405,-0.016,-0.598,0.678,0.286,-0.726,-0.721,-0.338,0.034,-0.253,-0.195,-0.773,-0.554,0.099,-0.521,0.719,0.488,-0.733,-0.815,0.386,-0.806,-0.302,-0.745,-0.434,0.678,0.75,0.542,0.343,0.461,-0.582,-0.636,-0.052,-0.584,-0.801,0.343,0.14,-0.396,-0.622,0.558,0.633,-0.26,-0.63,-0.032,0.791,-0.489,-0.621,-0.623,0.169,-0.046,0.678,-0.752,0.548,0.638,-0.769,0.75,0.26,-0.404,-0.198,0.721,0.464,-0.676,-0.075,-0.065,0.51,-0.06,-0.708,-0.566,0.308,-0.446,-0.15,0.078,-0.72,-0.005,0.615,-0.408,-0.638,0.717,0.591,-0.848,-0.779,-0.791,0.701,0.709,0.211,0.735,0.708,0.393,-0.57,-0.211,-0.494,-0.209,0.709,0.604,0.677,-0.186,0.043,-0.663,-0.264,-0.083,0.016,-0.74,-0.581,-0.751,0.092,-0.685,0.416,0.111,-0.498,-0.657,0.77,-0.769,-0.088,-0.354,0.099,-0.619,-0.331,-0.817,0.431,-0.661,0.707,0.47,0.683,-0.801,0.017,0.667,0.486,-0.082,0.362,0.665,0.044,0.433,0.578,-0.498,-0.257,0.368,0.682,-0.049,-0.703,0.002,-0.778,-0.672,-0.436,-0.677,-0.293,-0.472,-0.483,0.683,-0.388,-0.788,0.639,0.48,0.275,-0.784,0.321,0.022,-0.265,-0.777,-0.283,-0.78,0.591,-0.017,-0.732,0.125,0.313,-0.105,0.801,-0.369,0.015,0.581,0.112,-0.684,0.182,0.788,0.455,0.412,-0.29,-0.232,-0.78,0.284
AMPH,0.862,0.114,-0.724,0.74,0.095,-0.446,0.433,0.682,0.0,0.741,0.721,0.113,0.725,0.607,0.572,0.641,0.258,-0.622,0.841,0.723,0.169,-0.665,0.324,-0.515,0.908,0.435,-0.505,-0.567,-0.032,0.544,-0.067,0.321,-0.625,-0.175,0.525,-0.12,0.819,0.807,-0.474,-0.725,0.74,-0.663,0.134,-0.529,-0.076,0.623,0.783,0.776,0.623,0.515,-0.35,-0.228,0.237,-0.225,-0.654,0.717,0.537,0.084,-0.392,0.783,0.597,0.113,-0.646,0.46,0.867,-0.279,-0.185,-0.404,0.457,0.314,0.587,-0.625,0.821,0.906,-0.786,0.782,0.402,-0.038,0.254,0.63,0.713,-0.509,0.006,0.041,0.817,-0.007,-0.481,-0.14,0.586,-0.21,-0.017,0.42,-0.522,0.347,0.711,-0.343,-0.352,0.873,0.726,-0.744,-0.558,-0.689,0.875,0.869,0.691,0.773,0.838,0.707,-0.177,0.151,-0.303,0.099,0.895,0.899,0.833,0.146,0.525,-0.339,-0.097,0.299,0.343,-0.574,-0.275,-0.583,0.398,-0.323,0.563,0.37,-0.318,-0.297,0.821,-0.675,0.056,-0.071,0.473,-0.403,0.124,-0.685,0.583,-0.241,0.708,0.631,0.789,-0.464,0.427,0.445,0.691,0.36,0.622,0.908,0.4,0.718,0.719,-0.321,-0.339,0.676,0.78,-0.031,-0.281,0.467,-0.626,-0.458,0.07,-0.425,0.263,-0.136,-0.099,0.645,-0.622,-0.701,0.866,0.733,0.656,-0.565,0.585,0.191,0.091,-0.597,-0.414,-0.587,0.87,0.454,-0.375,0.498,0.687,0.218,0.837,-0.072,0.303,0.797,0.564,-0.478,0.532,0.844,0.261,0.721,-0.109,0.127,-0.598,0.623
AMZN,0.871,-0.02,-0.742,0.718,-0.299,-0.756,0.188,0.715,0.741,0.0,0.545,-0.226,0.735,0.623,0.495,0.346,0.035,-0.625,0.805,0.757,-0.315,-0.303,-0.073,-0.596,0.654,0.462,-0.812,-0.864,-0.428,0.092,-0.228,-0.079,-0.777,-0.464,0.12,-0.537,0.858,0.619,-0.747,-0.783,0.598,-0.885,0.005,-0.806,-0.392,0.687,0.9,0.657,0.508,0.562,-0.71,-0.594,-0.125,-0.625,-0.787,0.59,0.062,-0.241,-0.473,0.546,0.697,-0.203,-0.793,0.081,0.847,-0.618,-0.368,-0.612,0.305,-0.061,0.778,-0.88,0.56,0.768,-0.871,0.907,0.047,-0.269,-0.07,0.62,0.444,-0.707,-0.163,-0.094,0.533,0.244,-0.736,-0.426,0.451,-0.579,0.012,0.084,-0.754,0.272,0.587,-0.317,-0.686,0.859,0.667,-0.772,-0.818,-0.767,0.831,0.86,0.427,0.859,0.872,0.4,-0.572,-0.13,-0.46,-0.054,0.815,0.701,0.723,-0.186,0.415,-0.693,-0.321,-0.07,0.052,-0.807,-0.669,-0.781,0.184,-0.611,0.532,0.38,-0.574,-0.611,0.685,-0.879,0.033,-0.467,0.131,-0.649,-0.111,-0.883,0.423,-0.499,0.604,0.578,0.809,-0.702,0.111,0.741,0.475,0.142,0.377,0.703,0.059,0.576,0.75,-0.537,-0.179,0.474,0.758,-0.055,-0.605,0.027,-0.865,-0.715,-0.257,-0.805,-0.154,-0.558,-0.369,0.592,-0.265,-0.838,0.751,0.417,0.338,-0.793,0.5,0.155,-0.174,-0.849,-0.347,-0.851,0.629,0.062,-0.635,0.186,0.345,-0.201,0.855,-0.456,0.022,0.737,0.217,-0.679,0.377,0.847,0.417,0.72,-0.187,-0.191,-0.847,0.404
ANIP,0.679,0.394,-0.581,0.563,0.306,-0.083,0.549,0.431,0.721,0.545,0.0,0.308,0.556,0.491,0.727,0.727,0.408,-0.386,0.676,0.444,0.258,-0.581,0.521,-0.418,0.718,0.564,-0.204,-0.296,0.276,0.585,0.195,0.611,-0.431,0.063,0.665,0.055,0.671,0.812,-0.193,-0.438,0.763,-0.488,0.33,-0.195,0.294,0.579,0.559,0.761,0.527,0.553,-0.124,0.072,0.508,0.071,-0.395,0.678,0.61,0.319,-0.041,0.795,0.343,0.392,-0.448,0.671,0.705,0.051,-0.052,-0.233,0.482,0.589,0.383,-0.319,0.835,0.79,-0.539,0.588,0.412,0.152,0.505,0.509,0.815,-0.32,0.227,0.272,0.85,-0.102,-0.108,0.176,0.615,0.092,-0.175,0.593,-0.278,0.501,0.603,-0.124,-0.036,0.769,0.757,-0.49,-0.251,-0.424,0.701,0.732,0.766,0.453,0.696,0.855,0.08,0.375,-0.104,0.31,0.772,0.844,0.755,0.225,0.585,-0.138,0.173,0.542,0.564,-0.33,0.046,-0.378,0.496,-0.006,0.566,0.283,-0.022,0.051,0.607,-0.429,0.043,0.203,0.622,-0.08,0.203,-0.432,0.377,-0.007,0.657,0.55,0.589,-0.165,0.648,0.179,0.476,0.563,0.61,0.819,0.66,0.517,0.443,-0.034,-0.488,0.781,0.556,-0.126,0.067,0.64,-0.336,-0.112,0.356,-0.159,0.324,0.157,0.108,0.494,-0.594,-0.471,0.741,0.793,0.764,-0.265,0.496,0.402,0.355,-0.294,-0.091,-0.359,0.785,0.724,-0.051,0.768,0.766,0.5,0.612,0.234,0.508,0.73,0.71,-0.089,0.586,0.652,0.167,0.644,0.036,0.45,-0.338,0.806
AOSL,-0.142,0.586,0.034,-0.095,0.703,0.647,0.656,-0.284,0.113,-0.226,0.308,0.0,-0.037,-0.451,0.335,0.535,0.645,0.453,-0.237,-0.15,0.754,-0.162,0.773,-0.267,0.151,0.478,0.445,0.452,0.759,0.39,0.77,0.785,0.488,0.693,0.755,0.57,-0.029,0.316,0.606,0.42,0.226,0.386,0.253,0.608,0.715,0.148,-0.348,0.051,0.123,0.345,0.454,0.557,0.413,0.623,0.363,0.344,0.694,0.743,0.521,0.169,-0.601,0.911,0.364,0.643,-0.11,0.738,0.341,0.314,0.564,0.556,-0.513,0.449,0.223,0.168,0.151,-0.091,-0.03,0.066,0.828,0.14,0.301,0.495,0.679,0.712,0.21,-0.172,0.562,0.594,-0.041,0.39,-0.183,0.792,0.497,0.339,-0.335,0.182,0.707,0.092,0.273,0.247,0.418,0.155,-0.177,-0.104,0.51,-0.298,0.138,0.347,0.418,0.868,0.633,0.734,0.069,0.095,0.183,0.596,0.487,0.272,0.737,0.781,0.778,0.397,0.76,0.382,0.584,0.479,0.099,0.118,0.755,0.388,-0.117,0.4,-0.312,0.791,0.732,0.724,0.476,0.279,0.247,0.63,0.116,-0.171,-0.241,0.546,0.779,-0.719,-0.192,0.673,0.382,0.13,0.616,-0.167,-0.386,0.765,-0.47,0.53,-0.261,-0.494,0.602,0.357,0.452,0.708,0.512,0.577,0.416,0.764,0.82,-0.065,-0.211,0.387,-0.045,0.389,0.559,0.553,-0.263,0.659,0.901,0.513,0.272,0.33,0.342,0.617,0.582,0.624,0.545,0.671,-0.268,0.797,0.779,0.097,0.672,0.585,0.183,-0.112,-0.421,0.307,0.606,0.817,0.465,0.578
APDN,0.783,0.261,-0.805,0.52,-0.211,-0.554,0.343,0.766,0.725,0.735,0.556,-0.037,0.0,0.383,0.57,0.37,-0.091,-0.539,0.643,0.488,-0.13,-0.419,0.203,-0.692,0.701,0.575,-0.732,-0.676,-0.161,0.191,-0.049,0.083,-0.72,-0.385,0.323,-0.494,0.724,0.563,-0.656,-0.734,0.481,-0.772,-0.178,-0.613,-0.273,0.778,0.699,0.716,0.467,0.68,-0.657,-0.434,-0.001,-0.51,-0.769,0.488,0.304,-0.229,-0.369,0.679,0.534,-0.019,-0.67,0.267,0.83,-0.275,-0.557,-0.68,0.31,0.166,0.603,-0.732,0.627,0.767,-0.837,0.773,0.231,-0.467,0.071,0.737,0.619,-0.626,0.01,0.127,0.606,0.081,-0.538,-0.472,0.33,-0.367,-0.249,0.31,-0.663,0.125,0.533,-0.308,-0.538,0.852,0.791,-0.793,-0.76,-0.83,0.705,0.725,0.507,0.614,0.838,0.5,-0.558,0.076,-0.495,0.106,0.713,0.643,0.798,-0.077,0.265,-0.614,-0.037,0.127,0.298,-0.675,-0.459,-0.771,0.242,-0.586,0.345,0.25,-0.25,-0.507,0.758,-0.735,-0.262,-0.229,0.208,-0.458,-0.322,-0.831,0.358,-0.462,0.826,0.409,0.72,-0.657,0.266,0.5,0.445,0.144,0.433,0.777,0.198,0.366,0.453,-0.312,-0.432,0.604,0.596,-0.25,-0.582,0.059,-0.744,-0.498,-0.254,-0.651,-0.255,-0.346,-0.339,0.753,-0.389,-0.788,0.662,0.572,0.484,-0.73,0.258,0.309,0.02,-0.733,-0.202,-0.816,0.706,0.211,-0.618,0.33,0.488,0.064,0.722,-0.187,0.271,0.767,0.284,-0.513,0.212,0.825,0.365,0.625,-0.117,0.01,-0.759,0.52
APLT,0.687,-0.336,-0.44,0.601,-0.129,-0.577,-0.074,0.466,0.607,0.623,0.491,-0.451,0.383,0.0,0.244,0.263,0.003,-0.762,0.792,0.598,-0.287,-0.355,-0.213,0.015,0.518,-0.037,-0.421,-0.56,-0.402,0.283,-0.477,-0.069,-0.683,-0.38,-0.024,-0.264,0.564,0.425,-0.563,-0.632,0.45,-0.596,0.229,-0.614,-0.312,0.22,0.774,0.581,0.49,0.091,-0.326,-0.336,0.121,-0.331,-0.55,0.383,-0.025,-0.218,-0.52,0.503,0.823,-0.394,-0.639,0.053,0.64,-0.584,-0.104,-0.265,-0.06,0.085,0.702,-0.574,0.478,0.549,-0.507,0.493,0.401,0.269,-0.242,0.229,0.378,-0.564,-0.442,-0.441,0.551,0.18,-0.554,-0.195,0.598,-0.221,0.186,-0.188,-0.545,0.161,0.793,-0.311,-0.551,0.541,0.255,-0.548,-0.452,-0.336,0.777,0.715,0.301,0.639,0.454,0.418,-0.088,-0.369,-0.512,-0.279,0.608,0.664,0.431,-0.21,0.179,-0.209,-0.513,-0.207,-0.173,-0.52,-0.541,-0.483,0.031,-0.307,0.41,0.264,-0.704,-0.188,0.624,-0.608,0.46,-0.415,-0.013,-0.638,-0.002,-0.474,0.277,-0.348,0.34,0.689,0.709,-0.446,-0.114,0.706,0.672,-0.04,0.214,0.589,0.02,0.745,0.81,-0.672,0.155,0.197,0.719,0.498,-0.319,0.333,-0.566,-0.68,-0.058,-0.496,0.234,-0.372,-0.449,0.358,-0.317,-0.634,0.686,0.346,0.217,-0.575,0.774,-0.238,-0.453,-0.591,-0.447,-0.408,0.408,0.094,-0.394,0.078,0.218,-0.155,0.756,-0.415,-0.203,0.507,0.131,-0.559,0.408,0.588,0.388,0.338,-0.476,-0.344,-0.553,0.134
APVO,0.509,0.492,-0.645,0.365,0.271,0.003,0.742,0.424,0.572,0.495,0.727,0.335,0.57,0.244,0.0,0.686,0.324,-0.105,0.454,0.202,0.305,-0.459,0.666,-0.602,0.641,0.717,-0.231,-0.235,0.377,0.385,0.379,0.568,-0.331,0.002,0.663,-0.043,0.696,0.772,-0.092,-0.366,0.615,-0.422,0.049,-0.14,0.364,0.706,0.424,0.615,0.349,0.672,-0.218,0.051,0.505,0.02,-0.35,0.636,0.559,0.363,-0.035,0.683,0.112,0.459,-0.42,0.614,0.617,0.153,-0.295,-0.252,0.653,0.629,0.218,-0.273,0.721,0.745,-0.522,0.563,0.147,-0.168,0.553,0.644,0.708,-0.171,0.49,0.467,0.635,-0.316,-0.066,0.181,0.478,0.024,-0.357,0.681,-0.183,0.521,0.334,-0.141,0.058,0.695,0.737,-0.43,-0.304,-0.521,0.507,0.572,0.663,0.349,0.678,0.755,-0.14,0.51,0.043,0.377,0.612,0.648,0.797,0.353,0.605,-0.381,0.426,0.591,0.697,-0.277,0.107,-0.371,0.67,-0.106,0.492,0.186,0.15,-0.058,0.54,-0.331,-0.268,0.237,0.646,0.08,0.066,-0.455,0.506,-0.016,0.753,0.227,0.416,-0.294,0.714,0.042,0.197,0.647,0.572,0.651,0.698,0.195,0.203,0.169,-0.72,0.829,0.351,-0.46,-0.031,0.434,-0.267,-0.019,0.196,-0.121,0.154,0.159,0.208,0.451,-0.606,-0.335,0.526,0.765,0.775,-0.183,0.218,0.568,0.465,-0.219,-0.054,-0.399,0.76,0.536,-0.091,0.74,0.801,0.595,0.488,0.315,0.66,0.595,0.676,-0.003,0.229,0.567,0.044,0.635,0.32,0.56,-0.264,0.826
ARGX,0.475,0.396,-0.423,0.475,0.498,0.167,0.751,0.173,0.641,0.346,0.727,0.535,0.37,0.263,0.686,0.0,0.586,-0.137,0.474,0.336,0.615,-0.612,0.697,-0.416,0.615,0.516,-0.023,-0.034,0.483,0.624,0.286,0.755,-0.102,0.291,0.737,0.314,0.63,0.822,0.108,-0.236,0.738,-0.241,0.377,0.022,0.534,0.429,0.356,0.582,0.435,0.446,0.031,0.289,0.62,0.256,-0.117,0.794,0.686,0.588,0.067,0.685,0.113,0.526,-0.275,0.735,0.484,0.258,0.175,0.036,0.657,0.755,0.105,-0.109,0.71,0.787,-0.45,0.385,0.163,0.176,0.764,0.448,0.633,-0.008,0.348,0.356,0.666,-0.239,0.045,0.42,0.567,0.092,-0.025,0.724,0.051,0.525,0.371,-0.095,0.236,0.613,0.568,-0.324,-0.101,-0.331,0.557,0.583,0.868,0.349,0.593,0.789,0.172,0.589,0.109,0.348,0.634,0.735,0.68,0.502,0.777,-0.048,0.387,0.716,0.726,-0.108,0.272,-0.201,0.654,0.162,0.339,0.217,0.243,0.172,0.504,-0.259,-0.157,0.404,0.819,0.179,0.442,-0.279,0.46,0.358,0.51,0.302,0.394,-0.029,0.803,-0.17,0.447,0.726,0.596,0.654,0.738,0.447,0.294,0.219,-0.581,0.836,0.486,-0.344,0.282,0.664,-0.118,0.099,0.485,0.072,0.554,0.361,0.359,0.277,-0.743,-0.193,0.584,0.744,0.843,-0.012,0.401,0.354,0.55,-0.026,-0.327,-0.157,0.753,0.749,0.261,0.791,0.844,0.624,0.411,0.4,0.632,0.585,0.902,0.111,0.502,0.525,-0.231,0.593,0.335,0.633,-0.098,0.784
ARLP,0.028,0.216,-0.019,0.175,0.7,0.387,0.545,-0.212,0.258,0.035,0.408,0.645,-0.091,0.003,0.324,0.586,0.0,0.239,0.052,0.192,0.618,-0.177,0.563,-0.109,0.327,0.446,0.36,0.212,0.48,0.408,0.594,0.678,0.348,0.63,0.579,0.464,0.216,0.429,0.428,0.295,0.436,0.216,0.399,0.395,0.587,0.034,-0.014,0.153,0.226,0.317,0.308,0.402,0.378,0.567,0.243,0.51,0.542,0.743,0.315,0.13,-0.293,0.672,0.142,0.544,0.048,0.365,0.558,0.333,0.564,0.494,-0.249,0.237,0.225,0.291,0.007,0.082,-0.115,0.31,0.659,0.094,0.23,0.427,0.396,0.501,0.251,-0.045,0.325,0.66,0.091,0.198,0.109,0.549,0.356,0.296,-0.135,-0.041,0.505,0.171,0.147,0.159,0.239,0.144,0.097,0.138,0.558,0.017,0.208,0.376,0.386,0.673,0.53,0.362,0.228,0.272,0.242,0.357,0.672,0.211,0.504,0.569,0.544,0.229,0.464,0.255,0.648,0.394,0.287,0.217,0.37,0.263,0.054,0.224,0.14,0.551,0.665,0.461,0.637,0.182,0.45,0.638,0.052,0.156,-0.06,0.375,0.611,-0.408,-0.033,0.618,0.442,0.222,0.552,0.151,0.014,0.463,-0.169,0.421,0.005,-0.182,0.488,0.457,0.288,0.475,0.416,0.408,0.599,0.549,0.691,-0.251,-0.301,0.259,0.186,0.418,0.537,0.433,0.095,0.41,0.641,0.295,0.098,0.282,0.466,0.46,0.469,0.536,0.49,0.438,-0.032,0.62,0.519,0.113,0.726,0.347,0.418,0.002,-0.368,0.514,0.473,0.574,0.35,0.433
ATEX,-0.803,0.215,0.555,-0.62,0.343,0.759,0.308,-0.632,-0.622,-0.625,-0.386,0.453,-0.539,-0.762,-0.105,-0.137,0.239,0.0,-0.793,-0.649,0.45,0.508,0.374,0.167,-0.517,0.094,0.648,0.692,0.6,-0.205,0.637,0.237,0.864,0.463,0.096,0.503,-0.5,-0.3,0.814,0.74,-0.379,0.748,-0.128,0.791,0.581,-0.246,-0.783,-0.648,-0.569,-0.12,0.475,0.637,0.18,0.523,0.774,-0.241,0.08,0.534,0.648,-0.469,-0.916,0.504,0.726,0.083,-0.749,0.645,0.251,0.489,0.297,0.157,-0.849,0.707,-0.509,-0.545,0.672,-0.598,-0.496,-0.022,0.405,-0.314,-0.435,0.828,0.502,0.556,-0.592,-0.317,0.75,0.491,-0.533,0.38,-0.039,0.247,0.78,-0.036,-0.825,0.251,0.755,-0.615,-0.373,0.711,0.626,0.53,-0.809,-0.735,-0.218,-0.699,-0.536,-0.298,0.267,0.518,0.745,0.259,-0.654,-0.645,-0.397,0.313,0.08,0.327,0.696,0.375,0.295,0.761,0.679,0.551,0.233,0.573,-0.255,-0.313,0.801,0.444,-0.648,0.763,-0.289,0.507,0.125,0.851,0.215,0.641,-0.164,0.635,-0.339,-0.796,-0.855,0.572,0.233,-0.791,-0.827,0.261,-0.127,-0.642,0.2,-0.789,-0.767,0.833,-0.215,-0.141,-0.806,-0.49,0.541,-0.169,0.757,0.827,0.219,0.692,-0.018,0.505,0.667,-0.605,0.244,0.841,-0.758,-0.281,-0.063,0.802,-0.632,0.368,0.556,0.783,0.398,0.608,-0.379,-0.049,0.658,0.067,-0.095,0.286,-0.825,0.549,0.287,-0.567,0.04,0.785,-0.346,-0.684,-0.599,-0.215,0.785,0.483,0.776,-0.051
ATRA,0.933,-0.062,-0.695,0.764,-0.163,-0.651,0.128,0.679,0.841,0.805,0.676,-0.237,0.643,0.792,0.454,0.474,0.052,-0.793,0.0,0.82,-0.13,-0.552,0.007,-0.304,0.756,0.269,-0.627,-0.687,-0.297,0.39,-0.35,0.105,-0.777,-0.404,0.24,-0.274,0.796,0.741,-0.656,-0.836,0.763,-0.826,0.258,-0.716,-0.313,0.5,0.942,0.831,0.471,0.34,-0.467,-0.377,0.15,-0.389,-0.721,0.65,0.252,-0.115,-0.439,0.738,0.832,-0.199,-0.734,0.29,0.901,-0.544,-0.208,-0.45,0.185,0.143,0.811,-0.749,0.791,0.814,-0.793,0.778,0.473,0.136,-0.014,0.453,0.603,-0.744,-0.217,-0.252,0.737,0.101,-0.625,-0.223,0.755,-0.281,0.066,0.108,-0.68,0.357,0.906,-0.201,-0.578,0.812,0.64,-0.721,-0.628,-0.664,0.966,0.961,0.558,0.816,0.764,0.632,-0.236,-0.169,-0.55,-0.09,0.87,0.902,0.688,-0.057,0.334,-0.349,-0.375,0.038,0.058,-0.717,-0.524,-0.681,0.177,-0.366,0.526,0.325,-0.615,-0.299,0.774,-0.815,0.319,-0.377,0.225,-0.657,0.093,-0.739,0.37,-0.441,0.633,0.692,0.919,-0.53,0.178,0.726,0.756,0.182,0.46,0.854,0.212,0.863,0.918,-0.59,-0.132,0.501,0.902,0.244,-0.386,0.411,-0.758,-0.686,0.034,-0.616,0.139,-0.36,-0.446,0.701,-0.503,-0.827,0.93,0.541,0.469,-0.715,0.825,-0.081,-0.206,-0.728,-0.418,-0.649,0.664,0.347,-0.484,0.363,0.477,-0.014,0.919,-0.392,-0.025,0.745,0.315,-0.643,0.526,0.862,0.512,0.546,-0.375,-0.135,-0.75,0.47
AUTL,0.808,-0.119,-0.568,0.725,-0.209,-0.706,-0.013,0.535,0.723,0.757,0.444,-0.15,0.488,0.598,0.202,0.336,0.192,-0.649,0.82,0.0,-0.165,-0.375,-0.118,-0.288,0.611,0.285,-0.631,-0.72,-0.425,0.157,-0.251,-0.019,-0.572,-0.324,0.095,-0.316,0.698,0.562,-0.604,-0.687,0.649,-0.705,0.243,-0.641,-0.431,0.312,0.834,0.563,0.373,0.31,-0.5,-0.465,-0.152,-0.388,-0.648,0.586,0.087,-0.094,-0.417,0.417,0.683,-0.187,-0.616,0.112,0.727,-0.641,-0.026,-0.458,0.182,-0.14,0.719,-0.753,0.538,0.653,-0.727,0.764,0.17,0.035,-0.09,0.339,0.363,-0.612,-0.273,-0.237,0.478,0.312,-0.646,-0.246,0.519,-0.481,0.221,-0.008,-0.62,0.219,0.608,-0.145,-0.587,0.65,0.454,-0.591,-0.618,-0.566,0.808,0.814,0.375,0.764,0.684,0.359,-0.291,-0.118,-0.386,-0.137,0.717,0.698,0.552,-0.107,0.347,-0.392,-0.377,-0.1,-0.077,-0.736,-0.554,-0.594,0.112,-0.431,0.373,0.443,-0.608,-0.45,0.579,-0.74,0.422,-0.393,0.131,-0.63,0.202,-0.688,0.333,-0.381,0.408,0.586,0.782,-0.431,0.097,0.651,0.566,0.101,0.472,0.656,0.031,0.774,0.852,-0.55,0.063,0.316,0.757,0.183,-0.413,0.16,-0.726,-0.603,-0.068,-0.613,0.084,-0.385,-0.317,0.516,-0.268,-0.716,0.801,0.273,0.269,-0.621,0.657,-0.119,-0.178,-0.707,-0.404,-0.601,0.544,0.138,-0.466,0.165,0.304,-0.238,0.732,-0.423,-0.151,0.539,0.195,-0.72,0.455,0.755,0.436,0.554,-0.27,-0.223,-0.677,0.261
AVDL,-0.177,0.325,0.107,-0.038,0.75,0.701,0.72,-0.244,0.169,-0.315,0.258,0.754,-0.13,-0.287,0.305,0.615,0.618,0.45,-0.13,-0.165,0.0,-0.256,0.836,-0.064,0.241,0.262,0.576,0.597,0.849,0.508,0.611,0.774,0.561,0.603,0.723,0.801,0.034,0.427,0.705,0.297,0.331,0.431,0.252,0.608,0.794,0.045,-0.294,0.023,-0.057,0.077,0.579,0.719,0.712,0.717,0.493,0.421,0.772,0.849,0.426,0.277,-0.5,0.775,0.418,0.677,-0.129,0.727,0.386,0.515,0.646,0.729,-0.58,0.52,0.272,0.199,0.195,-0.204,0.1,0.295,0.843,0.066,0.196,0.599,0.618,0.577,0.185,-0.485,0.59,0.73,0.098,0.496,0.018,0.729,0.647,0.255,-0.138,0.056,0.789,-0.005,0.099,0.249,0.479,0.17,-0.098,-0.07,0.527,-0.192,0.033,0.47,0.529,0.768,0.603,0.393,0.061,0.184,0.195,0.647,0.48,0.434,0.717,0.835,0.732,0.546,0.769,0.377,0.647,0.627,0.127,-0.136,0.721,0.533,0.043,0.429,-0.206,0.776,0.774,0.724,0.612,0.354,0.372,0.706,0.151,-0.279,-0.28,0.438,0.765,-0.708,-0.055,0.682,0.431,0.132,0.714,-0.041,-0.231,0.72,-0.499,0.507,-0.11,-0.388,0.676,0.582,0.534,0.66,0.57,0.694,0.613,0.776,0.725,-0.135,-0.505,0.48,-0.019,0.47,0.643,0.602,-0.067,0.388,0.775,0.597,-0.017,0.467,0.355,0.612,0.679,0.659,0.627,0.749,-0.212,0.781,0.695,0.001,0.758,0.632,0.235,-0.111,-0.576,0.199,0.606,0.809,0.553,0.538
BCRX,-0.556,-0.268,0.473,-0.593,-0.139,0.138,-0.291,-0.405,-0.665,-0.303,-0.581,-0.162,-0.419,-0.355,-0.459,-0.612,-0.177,0.508,-0.552,-0.375,-0.256,0.0,-0.36,0.318,-0.664,-0.166,0.217,0.27,-0.127,-0.604,0.131,-0.385,0.437,-0.009,-0.466,-0.032,-0.46,-0.575,0.259,0.48,-0.609,0.403,-0.154,0.257,-0.108,-0.263,-0.396,-0.599,-0.479,-0.296,0.166,0.024,-0.274,-0.015,0.455,-0.384,-0.486,-0.128,0.255,-0.573,-0.389,-0.119,0.536,-0.494,-0.57,0.009,0.043,0.309,-0.176,-0.375,-0.356,0.265,-0.703,-0.677,0.54,-0.461,-0.436,-0.041,-0.3,-0.366,-0.702,0.325,0.029,0.039,-0.772,0.047,0.269,-0.017,-0.569,-0.022,0.084,-0.375,0.338,-0.276,-0.589,0.195,0.104,-0.586,-0.525,0.501,0.28,0.483,-0.579,-0.544,-0.558,-0.469,-0.448,-0.613,-0.045,-0.146,0.325,0.001,-0.589,-0.71,-0.524,-0.266,-0.33,0.063,0.067,-0.281,-0.306,0.339,-0.02,0.277,-0.223,0.165,-0.237,-0.311,0.126,0.034,-0.574,0.445,0.048,0.0,-0.408,0.235,-0.074,0.375,-0.191,0.128,-0.449,-0.541,-0.532,0.277,-0.423,-0.11,-0.675,-0.239,-0.323,-0.668,-0.425,-0.524,-0.372,0.207,0.313,-0.487,-0.586,0.066,0.023,-0.574,0.343,0.196,-0.3,0.148,-0.394,-0.015,0.081,-0.428,0.785,0.471,-0.68,-0.612,-0.498,0.318,-0.394,0.111,-0.089,0.311,0.275,0.317,-0.62,-0.563,0.177,-0.452,-0.57,-0.347,-0.521,-0.113,-0.263,-0.572,-0.505,0.269,-0.428,-0.529,-0.097,-0.333,0.2,-0.283,0.347,-0.484
BHAT,0.037,0.622,-0.175,0.053,0.67,0.585,0.883,-0.016,0.324,-0.073,0.521,0.773,0.203,-0.213,0.666,0.697,0.563,0.374,0.007,-0.118,0.836,-0.36,0.0,-0.341,0.425,0.602,0.357,0.365,0.867,0.531,0.729,0.861,0.302,0.456,0.867,0.555,0.261,0.6,0.521,0.118,0.447,0.186,0.147,0.481,0.781,0.379,-0.126,0.259,0.085,0.453,0.322,0.604,0.731,0.571,0.225,0.508,0.845,0.795,0.385,0.49,-0.426,0.85,0.163,0.816,0.137,0.694,0.073,0.183,0.769,0.838,-0.393,0.312,0.492,0.429,-0.032,0.082,0.141,0.048,0.892,0.335,0.512,0.408,0.701,0.749,0.4,-0.502,0.503,0.589,0.185,0.446,-0.261,0.892,0.418,0.385,-0.041,0.005,0.651,0.284,0.453,0.033,0.256,-0.092,0.054,0.112,0.644,-0.088,0.28,0.667,0.332,0.861,0.503,0.562,0.243,0.349,0.507,0.681,0.605,0.161,0.836,0.911,0.914,0.328,0.697,0.123,0.774,0.434,0.229,-0.053,0.704,0.406,0.215,0.237,-0.325,0.724,0.831,0.657,0.382,0.097,0.4,0.519,0.485,-0.162,-0.094,0.246,0.92,-0.576,-0.061,0.784,0.575,0.359,0.882,-0.087,-0.217,0.698,-0.746,0.744,-0.064,-0.583,0.498,0.566,0.327,0.581,0.518,0.509,0.423,0.687,0.668,0.114,-0.593,0.235,0.151,0.657,0.822,0.407,-0.069,0.652,0.856,0.383,0.113,0.181,0.581,0.701,0.47,0.841,0.83,0.876,-0.037,0.797,0.857,0.252,0.823,0.534,0.215,0.128,-0.381,0.413,0.637,0.913,0.34,0.786
BLBD,-0.494,-0.418,0.775,-0.31,0.033,0.276,-0.519,-0.598,-0.515,-0.596,-0.418,-0.267,-0.692,0.015,-0.602,-0.416,-0.109,0.167,-0.304,-0.288,-0.064,0.318,-0.341,0.0,-0.503,-0.668,0.582,0.489,-0.061,0.045,-0.246,-0.131,0.395,0.179,-0.363,0.37,-0.655,-0.519,0.369,0.455,-0.339,0.59,0.337,0.378,0.025,-0.806,-0.404,-0.345,-0.347,-0.758,0.495,0.403,0.009,0.408,0.531,-0.436,-0.326,0.075,0.283,-0.46,-0.101,-0.241,0.377,-0.191,-0.558,0.035,0.464,0.502,-0.51,-0.143,-0.275,0.489,-0.454,-0.63,0.703,-0.654,0.197,0.642,-0.294,-0.84,-0.414,0.31,-0.378,-0.463,-0.385,0.13,0.384,0.301,-0.069,0.429,0.333,-0.5,0.413,-0.146,-0.087,0.328,0.237,-0.694,-0.694,0.671,0.611,0.724,-0.397,-0.493,-0.371,-0.456,-0.761,-0.388,0.605,-0.306,0.081,-0.162,-0.591,-0.428,-0.702,-0.07,-0.338,0.754,-0.241,-0.301,-0.467,0.54,0.19,0.567,-0.396,0.541,-0.255,-0.146,-0.059,0.6,-0.547,0.537,0.61,-0.046,-0.461,0.13,0.248,0.707,-0.466,0.278,-0.639,-0.23,-0.374,0.555,-0.419,-0.149,-0.099,-0.236,-0.426,-0.513,-0.288,-0.068,-0.116,-0.025,0.638,-0.628,-0.332,0.674,0.451,0.109,0.528,0.204,0.278,0.453,0.289,0.157,-0.04,-0.46,0.311,0.482,-0.394,-0.516,-0.462,0.455,0.096,-0.479,-0.293,0.47,0.106,0.693,-0.636,-0.161,0.392,-0.348,-0.474,-0.204,-0.48,-0.034,-0.469,-0.548,-0.41,0.278,-0.16,-0.62,-0.008,-0.575,-0.235,-0.243,0.536,-0.533
BMRN,0.778,0.21,-0.726,0.633,0.119,-0.336,0.5,0.678,0.908,0.654,0.718,0.151,0.701,0.518,0.641,0.615,0.327,-0.517,0.756,0.611,0.241,-0.664,0.425,-0.503,0.0,0.523,-0.405,-0.492,0.093,0.582,0.088,0.371,-0.58,-0.053,0.624,-0.093,0.748,0.777,-0.396,-0.681,0.76,-0.594,0.014,-0.412,0.069,0.619,0.696,0.75,0.514,0.553,-0.297,-0.176,0.316,-0.09,-0.631,0.622,0.628,0.16,-0.336,0.798,0.461,0.219,-0.586,0.542,0.849,-0.166,-0.195,-0.416,0.493,0.351,0.502,-0.512,0.834,0.855,-0.718,0.773,0.451,-0.118,0.3,0.627,0.792,-0.418,0.128,0.185,0.809,-0.121,-0.37,-0.065,0.488,-0.056,-0.161,0.492,-0.495,0.288,0.655,-0.41,-0.241,0.835,0.757,-0.683,-0.515,-0.677,0.775,0.787,0.663,0.718,0.779,0.758,-0.146,0.252,-0.244,0.116,0.832,0.853,0.802,0.135,0.47,-0.306,0.042,0.361,0.428,-0.478,-0.153,-0.502,0.466,-0.288,0.627,0.316,-0.218,-0.241,0.823,-0.571,0.092,0.024,0.495,-0.287,0.052,-0.589,0.62,-0.23,0.775,0.566,0.685,-0.451,0.491,0.352,0.57,0.356,0.589,0.903,0.546,0.57,0.587,-0.182,-0.39,0.662,0.659,-0.093,-0.218,0.532,-0.517,-0.325,0.038,-0.305,0.268,-0.025,-0.039,0.597,-0.676,-0.624,0.841,0.836,0.706,-0.44,0.488,0.276,0.176,-0.525,-0.217,-0.51,0.915,0.489,-0.378,0.56,0.697,0.318,0.745,0.108,0.393,0.709,0.584,-0.383,0.398,0.721,0.318,0.701,-0.061,0.249,-0.497,0.667
BNGO,0.389,0.558,-0.586,0.263,0.203,-0.02,0.705,0.286,0.435,0.462,0.564,0.478,0.575,-0.037,0.717,0.516,0.446,0.094,0.269,0.285,0.262,-0.166,0.602,-0.668,0.523,0.0,-0.296,-0.287,0.351,0.158,0.656,0.474,-0.158,0.086,0.616,-0.13,0.57,0.608,-0.076,-0.214,0.508,-0.344,-0.086,-0.036,0.264,0.716,0.316,0.435,0.217,0.832,-0.356,0.01,0.194,-0.033,-0.299,0.555,0.507,0.359,0.149,0.486,-0.136,0.584,-0.28,0.572,0.493,0.12,-0.247,-0.366,0.716,0.367,0.086,-0.302,0.5,0.579,-0.498,0.575,-0.131,-0.383,0.544,0.597,0.527,-0.045,0.446,0.707,0.355,-0.182,0.045,0.075,0.123,-0.035,-0.445,0.659,-0.173,0.315,0.009,-0.101,0.036,0.611,0.745,-0.34,-0.371,-0.524,0.314,0.433,0.568,0.229,0.662,0.56,-0.319,0.668,0.135,0.503,0.453,0.397,0.691,0.201,0.586,-0.431,0.577,0.586,0.695,-0.265,0.088,-0.407,0.64,-0.13,0.277,0.17,0.287,-0.19,0.431,-0.264,-0.244,0.244,0.554,0.187,0.017,-0.448,0.412,0.072,0.652,0.079,0.272,-0.176,0.686,-0.026,-0.126,0.547,0.608,0.544,0.622,-0.031,0.041,0.342,-0.654,0.719,0.108,-0.646,-0.119,0.131,-0.249,0.17,0.031,-0.158,-0.103,0.156,0.296,0.329,-0.297,-0.267,0.401,0.57,0.693,-0.126,-0.01,0.762,0.646,-0.233,0.199,-0.427,0.71,0.383,-0.099,0.637,0.61,0.436,0.253,0.351,0.673,0.484,0.577,0.022,0.12,0.461,0.04,0.775,0.494,0.529,-0.233,0.709
BUSE,-0.726,0.087,0.725,-0.502,0.642,0.895,0.122,-0.726,-0.505,-0.812,-0.204,0.445,-0.732,-0.421,-0.231,-0.023,0.36,0.648,-0.627,-0.631,0.576,0.217,0.357,0.582,-0.405,-0.296,0.0,0.917,0.641,0.216,0.432,0.426,0.832,0.668,0.201,0.794,-0.631,-0.289,0.912,0.809,-0.287,0.912,0.296,0.895,0.701,-0.566,-0.765,-0.458,-0.309,-0.452,0.902,0.794,0.466,0.882,0.864,-0.226,0.224,0.616,0.597,-0.337,-0.687,0.493,0.775,0.213,-0.709,0.734,0.57,0.799,0.027,0.396,-0.794,0.942,-0.338,-0.529,0.868,-0.769,0.041,0.539,0.382,-0.545,-0.259,0.821,0.334,0.262,-0.293,-0.28,0.849,0.765,-0.247,0.696,0.103,0.195,0.889,0.005,-0.469,0.267,0.889,-0.658,-0.53,0.805,0.946,0.839,-0.642,-0.667,-0.096,-0.7,-0.678,-0.101,0.844,0.372,0.716,0.259,-0.564,-0.43,-0.502,0.391,-0.005,0.813,0.466,0.357,0.219,0.923,0.838,0.883,0.153,0.849,-0.161,-0.292,0.636,0.795,-0.583,0.919,0.102,0.695,0.21,0.808,0.471,0.939,-0.109,0.759,-0.506,-0.434,-0.733,0.82,0.205,-0.801,-0.392,0.272,-0.151,-0.512,0.27,-0.389,-0.585,0.663,0.091,-0.182,-0.625,0.075,0.87,0.332,0.965,0.801,0.512,0.966,0.53,0.779,0.674,-0.626,0.078,0.896,-0.574,-0.134,-0.006,0.939,-0.29,0.091,0.423,0.947,0.304,0.961,-0.351,0.212,0.856,0.137,-0.01,0.45,-0.711,0.689,0.249,-0.572,0.168,0.845,-0.082,-0.759,-0.535,-0.405,0.35,0.463,0.964,-0.087
CAKE,-0.767,0.151,0.706,-0.621,0.587,0.922,0.16,-0.721,-0.567,-0.864,-0.296,0.452,-0.676,-0.56,-0.235,-0.034,0.212,0.692,-0.687,-0.72,0.597,0.27,0.365,0.489,-0.492,-0.287,0.917,0.0,0.69,0.147,0.402,0.41,0.855,0.606,0.206,0.771,-0.663,-0.306,0.923,0.787,-0.358,0.889,0.219,0.898,0.682,-0.482,-0.815,-0.482,-0.407,-0.458,0.868,0.797,0.47,0.814,0.92,-0.236,0.239,0.552,0.653,-0.3,-0.741,0.485,0.845,0.205,-0.741,0.822,0.474,0.816,0.045,0.394,-0.844,0.945,-0.342,-0.548,0.831,-0.834,0.016,0.417,0.418,-0.505,-0.317,0.8,0.431,0.298,-0.372,-0.381,0.872,0.71,-0.259,0.703,0.042,0.235,0.933,0.009,-0.515,0.372,0.891,-0.674,-0.491,0.788,0.921,0.76,-0.694,-0.701,-0.098,-0.755,-0.666,-0.113,0.735,0.385,0.668,0.291,-0.613,-0.49,-0.531,0.368,-0.107,0.776,0.528,0.405,0.282,0.922,0.841,0.829,0.097,0.831,-0.275,-0.398,0.747,0.781,-0.601,0.911,-0.11,0.714,0.219,0.84,0.389,0.891,-0.158,0.738,-0.455,-0.591,-0.758,0.798,0.212,-0.848,-0.416,0.269,-0.163,-0.537,0.234,-0.448,-0.673,0.724,-0.054,-0.134,-0.639,-0.049,0.828,0.248,0.945,0.804,0.491,0.929,0.386,0.776,0.61,-0.537,0.115,0.906,-0.647,-0.164,0.001,0.904,-0.367,0.122,0.455,0.962,0.274,0.906,-0.419,0.216,0.843,0.136,-0.034,0.474,-0.754,0.66,0.287,-0.548,0.137,0.886,-0.178,-0.75,-0.575,-0.49,0.379,0.482,0.926,-0.066
CASY,-0.335,0.52,0.146,-0.258,0.719,0.853,0.742,-0.338,-0.032,-0.428,0.276,0.759,-0.161,-0.402,0.377,0.483,0.48,0.6,-0.297,-0.425,0.849,-0.127,0.867,-0.061,0.093,0.351,0.641,0.69,0.0,0.452,0.73,0.81,0.582,0.592,0.748,0.734,-0.11,0.314,0.788,0.408,0.167,0.499,0.124,0.761,0.902,0.125,-0.457,-0.049,-0.169,0.163,0.595,0.813,0.75,0.738,0.552,0.232,0.749,0.82,0.6,0.272,-0.671,0.854,0.515,0.714,-0.24,0.872,0.258,0.453,0.601,0.745,-0.677,0.646,0.233,0.058,0.334,-0.314,0.105,0.177,0.863,0.046,0.244,0.645,0.708,0.73,0.125,-0.603,0.775,0.712,0.004,0.7,-0.227,0.776,0.681,0.309,-0.268,0.129,0.868,-0.077,0.169,0.338,0.579,0.249,-0.293,-0.226,0.414,-0.398,-0.095,0.471,0.515,0.815,0.65,0.516,-0.086,0.03,0.108,0.574,0.371,0.451,0.85,0.887,0.828,0.654,0.893,0.41,0.6,0.689,0.074,-0.246,0.869,0.653,-0.084,0.557,-0.294,0.84,0.707,0.875,0.375,0.457,0.185,0.692,0.177,-0.365,-0.438,0.526,0.775,-0.792,-0.293,0.672,0.356,0.039,0.798,-0.308,-0.475,0.873,-0.661,0.469,-0.368,-0.493,0.721,0.518,0.651,0.792,0.606,0.765,0.408,0.832,0.757,-0.171,-0.375,0.562,-0.171,0.412,0.625,0.693,-0.193,0.583,0.846,0.701,0.248,0.51,0.236,0.644,0.71,0.692,0.545,0.866,-0.379,0.863,0.775,-0.03,0.667,0.797,0.109,-0.266,-0.525,0.101,0.673,0.903,0.641,0.57
CCOI,0.331,0.303,-0.091,0.37,0.487,0.257,0.452,0.034,0.544,0.092,0.585,0.39,0.191,0.283,0.385,0.624,0.408,-0.205,0.39,0.157,0.508,-0.604,0.531,0.045,0.582,0.158,0.216,0.147,0.452,0.0,0.123,0.718,-0.11,0.413,0.738,0.412,0.214,0.543,0.171,-0.149,0.574,0.016,0.437,0.157,0.494,0.126,0.169,0.594,0.454,0.139,0.299,0.478,0.567,0.468,-0.039,0.439,0.738,0.518,0.225,0.605,0.122,0.444,-0.172,0.755,0.355,0.316,0.329,0.136,0.322,0.592,0.072,0.095,0.639,0.491,-0.149,0.17,0.6,0.351,0.566,0.067,0.655,-0.014,0.201,0.135,0.694,-0.08,0.207,0.415,0.534,0.478,-0.041,0.568,0.062,0.533,0.467,0.067,0.278,0.401,0.442,-0.081,0.19,-0.116,0.391,0.342,0.728,0.19,0.256,0.629,0.519,0.379,0.03,0.375,0.419,0.59,0.323,0.354,0.469,0.43,0.16,0.562,0.514,0.141,0.378,0.102,0.272,0.369,0.427,0.228,0.165,0.495,0.308,-0.028,0.151,0.346,0.498,0.167,0.368,0.06,0.23,0.304,0.329,0.347,0.309,0.22,0.573,-0.156,0.517,0.559,0.31,0.564,0.596,0.444,0.21,0.168,-0.259,0.513,0.321,0.103,0.438,0.818,0.081,0.137,0.654,0.272,0.683,0.405,0.241,0.282,-0.597,-0.1,0.489,0.616,0.624,0.107,0.443,0.227,0.382,0.097,-0.045,0.12,0.503,0.781,0.203,0.636,0.586,0.54,0.273,0.418,0.419,0.502,0.625,0.187,0.397,0.204,0.036,0.357,0.009,0.493,0.081,0.586
CEVA,-0.279,0.471,-0.003,-0.243,0.603,0.599,0.655,-0.253,-0.067,-0.228,0.195,0.77,-0.049,-0.477,0.379,0.286,0.594,0.637,-0.35,-0.251,0.611,0.131,0.729,-0.246,0.088,0.656,0.432,0.402,0.73,0.123,0.0,0.59,0.519,0.542,0.608,0.404,-0.03,0.204,0.586,0.451,0.087,0.395,-0.05,0.618,0.666,0.218,-0.356,-0.106,-0.128,0.408,0.321,0.47,0.352,0.546,0.37,0.223,0.536,0.681,0.533,0.047,-0.726,0.879,0.408,0.512,-0.163,0.633,0.103,0.234,0.65,0.46,-0.569,0.412,0.049,0.007,0.221,-0.087,-0.189,-0.12,0.665,0.188,0.139,0.614,0.691,0.871,-0.053,-0.351,0.629,0.508,-0.28,0.398,-0.371,0.671,0.489,0.126,-0.493,0.057,0.661,-0.021,0.205,0.281,0.324,0.154,-0.323,-0.214,0.285,-0.373,0.062,0.279,0.201,0.859,0.708,0.621,-0.092,-0.112,0.178,0.411,0.385,0.118,0.861,0.71,0.722,0.432,0.655,0.289,0.667,0.417,0.062,-0.114,0.747,0.264,-0.095,0.49,-0.214,0.71,0.59,0.777,0.275,0.281,0.321,0.548,0.169,-0.327,-0.4,0.41,0.659,-0.621,-0.557,0.56,0.389,0.008,0.634,-0.454,-0.491,0.832,-0.494,0.413,-0.492,-0.586,0.425,0.149,0.493,0.763,0.228,0.551,0.156,0.686,0.77,-0.199,-0.095,0.464,-0.187,0.32,0.506,0.587,-0.419,0.788,0.876,0.481,0.484,0.311,0.313,0.314,0.483,0.532,0.434,0.619,-0.368,0.798,0.768,-0.122,0.519,0.612,-0.085,-0.219,-0.367,0.352,0.722,0.73,0.514,0.455
