,AAPL,ACRS,ADP,AFYA,AGNC,AGYS,ALT,AMGN,AMPH,AMZN,ANIP,AOSL,APDN,APLT,APVO,ARGX,ARLP,ATEX,ATRA,AUTL,AVDL,BCRX,BHAT,BLBD,BMRN,BNGO,BUSE,CAKE,CASY,CCOI,CEVA,CHY,CLDX,CLMT,COHU,COLM,COST,CPRT,CSWC,CSX,DBX,DCOM,DKNG,DMLP,DOX,EA,EDIT,ENPH,ENSG,ERNA,ESGR,ETNB,EXTR,FANG,FARO,FATE,FGEN,FIVE,FIVN,FLGT,FOLD,FORM,FOXA,FRPT,FSLR,FTAI,GBDC,GDYN,GGAL,GNLN,GRFS,GT,HCAT,HCM,HFWA,HOLX,HQY,HUBG,IAC,ICLR,IDCC,IEP,IHRT,ILMN,ILPT,IMAB,IMOS,INMD,INTZ,JAZZ,JKHY,JRVR,KIDS,LBRDK,LGND,LMAT,LPLA,LULU,MASI,MAT,MATW,MBIN,MBIO,MCRB,MDB,MDLZ,MELI,MIRM,MLKN,MNMD,MNRO,MPWR,MRCY,MRSN,MTVA,NAAS,NDAQ,NDSN,NEGG,NOVT,NVDA,NWE,NWSA,NXST,OCX,ODFL,OMAB,OPCH,OPRA,ORGO,OTRK,OZK,PAGP,PCH,PEGA,PENG,PENN,PFBC,PGNY,PHAT,PHUN,PINC,PLUG,PLXS,PYPL,QLYS,QNCX,QQQX,QVCGA,RAPT,RBBN,RCKT,REPL,RMBS,ROAD,ROKU,ROP,RUSHA,SANM,SATS,SBCF,SBLK,SBUX,SCHL,SCSC,SDGR,SEIC,SFIX,SGRY,SKYW,SLP,SNES,STAA,STLD,STOK,SWKS,TER,TFIN,TIGO,TILE,TPIC,TTEC,TTEK,TTGT,UXIN,VERU,VLYPP,VNOM,VRNS,VRSN,WDAY,WERN,WINA,WKHS,WRLD,XP,XTKG,YY,ZION,ZM
AAPL,0.0,0.689,0.272,0.405,-0.496,0.502,-0.377,0.587,-0.117,0.73,0.094,0.886,0.274,0.117,-0.08,-0.465,0.325,0.678,0.177,0.038,0.106,0.642,0.633,-0.019,-0.604,0.588,0.802,0.622,-0.247,0.648,0.223,0.579,-0.517,0.683,0.676,-0.208,0.609,0.519,0.426,-0.074,-0.089,0.664,0.744,0.272,-0.407,0.711,0.644,0.01,0.079,-0.584,-0.546,-0.242,-0.133,0.705,0.528,0.54,-0.115,-0.4,-0.478,0.622,-0.428,-0.222,0.031,0.573,0.578,0.03,0.252,0.802,-0.325,0.325,-0.127,0.562,-0.364,-0.584,0.72,-0.025,-0.227,0.454,0.228,0.737,0.434,0.668,0.415,0.869,-0.072,0.189,0.261,0.284,-0.433,-0.285,0.555,0.701,0.667,0.542,0.756,-0.006,0.124,0.2,0.064,0.186,-0.405,0.477,0.743,0.559,-0.437,-0.333,0.845,0.69,0.685,0.248,-0.44,0.13,0.371,-0.23,-0.378,0.642,0.47,-0.115,0.67,0.828,-0.232,-0.47,-0.055,-0.392,0.042,0.331,0.626,-0.402,-0.328,0.263,0.494,0.694,0.531,0.339,0.272,0.664,0.903,0.716,0.407,-0.227,0.704,-0.471,0.668,0.366,0.725,0.787,0.67,0.703,0.287,0.478,0.125,-0.477,-0.565,0.245,0.608,0.726,0.192,-0.001,0.737,0.76,0.384,-0.331,-0.308,0.61,0.786,0.25,0.454,-0.045,0.276,-0.396,0.806,0.457,0.357,-0.344,0.061,0.156,0.339,0.636,0.263,0.703,0.378,0.694,0.634,0.743,-0.066,0.406,-0.609,0.508,-0.294,0.061,-0.443,-0.03,0.028,0.772,0.397,0.613,0.566,-0.568,0.717,0.819
ACRS,0.689,0.0,-0.285,0.302,-0.755,0.477,-0.784,0.391,-0.449,0.498,0.097,0.754,-0.059,-0.211,-0.318,-0.852,0.098,0.891,-0.312,-0.152,-0.414,0.518,0.353,-0.346,-0.823,0.691,0.859,0.824,-0.128,0.529,0.16,0.309,-0.649,0.825,0.196,-0.617,0.705,0.013,0.13,-0.356,-0.452,0.448,0.292,-0.006,-0.797,0.301,0.62,-0.358,0.014,-0.609,-0.79,-0.011,-0.567,0.768,0.357,0.291,-0.406,-0.772,-0.716,0.568,-0.786,-0.6,-0.498,0.507,0.477,-0.184,0.052,0.687,-0.616,-0.07,-0.444,0.334,-0.724,-0.849,0.676,-0.483,-0.45,0.372,-0.311,0.697,-0.184,0.761,0.067,0.803,-0.161,0.106,-0.385,-0.19,-0.403,-0.514,0.268,0.517,0.642,0.096,0.828,-0.389,-0.043,-0.09,-0.221,-0.233,-0.576,0.066,0.701,0.519,-0.455,-0.743,0.736,0.83,0.901,0.341,-0.636,-0.226,-0.073,-0.442,-0.555,0.469,0.051,-0.495,0.327,0.619,-0.596,-0.711,-0.575,-0.818,-0.23,0.196,0.476,-0.763,-0.32,0.017,0.393,0.705,0.319,0.119,0.14,0.345,0.695,0.542,0.268,-0.439,0.742,-0.785,0.605,-0.204,0.796,0.699,0.519,0.747,-0.107,0.611,0.315,-0.506,-0.544,-0.358,0.726,0.244,-0.304,-0.235,0.506,0.705,0.044,-0.206,-0.788,0.467,0.696,0.418,0.038,-0.23,-0.176,-0.637,0.662,0.427,0.1,-0.617,0.217,-0.226,-0.091,0.383,0.057,0.384,0.268,0.123,0.521,0.612,-0.362,0.241,-0.83,0.305,-0.348,-0.316,-0.771,-0.452,-0.175,0.647,-0.084,0.292,0.506,-0.755,0.602,0.718
ADP,0.272,-0.285,0.0,-0.098,0.563,-0.108,0.508,0.08,0.534,0.24,0.185,0.05,0.303,0.285,0.186,0.535,0.208,-0.208,0.345,0.137,0.585,0.101,0.136,0.211,0.471,-0.347,-0.071,-0.208,-0.004,0.229,0.093,0.211,0.181,-0.219,0.463,0.781,-0.092,0.679,0.464,0.653,0.544,0.15,0.42,0.358,0.649,0.441,-0.149,0.627,0.38,-0.002,0.434,-0.196,0.76,-0.26,0.129,0.086,0.178,0.55,0.429,0.022,0.564,0.522,0.731,0.01,0.174,0.33,0.467,0.06,0.5,0.338,0.613,0.574,0.407,0.337,0.052,0.73,0.29,0.285,0.595,0.034,0.805,-0.368,0.547,0.012,0.404,-0.289,0.533,0.516,-0.019,0.566,0.55,0.045,-0.007,0.475,-0.216,0.663,0.296,0.241,0.693,0.621,0.49,0.705,-0.045,0.224,0.074,0.731,0.178,-0.128,-0.183,-0.193,0.398,0.492,0.565,0.368,0.249,0.083,0.57,0.714,0.082,0.324,0.571,0.627,0.653,0.505,0.43,0.324,0.107,0.536,0.074,0.506,-0.254,-0.03,0.175,0.645,0.367,0.527,0.115,0.271,0.147,0.196,-0.24,0.625,0.009,0.856,-0.243,0.183,0.062,0.053,0.491,-0.305,-0.111,0.206,0.111,0.723,-0.263,0.469,0.822,0.325,0.273,0.0,0.507,0.165,0.695,0.174,0.187,-0.125,0.71,0.404,0.486,0.445,0.186,0.163,0.347,0.605,-0.226,0.583,0.65,0.325,0.603,0.599,0.15,0.701,0.183,0.065,0.12,-0.219,0.4,0.257,0.26,0.708,0.408,0.801,0.578,-0.07,0.487,0.139,-0.106,0.166,0.179,-0.06
AFYA,0.405,0.302,-0.098,0.0,-0.452,0.288,-0.134,0.434,-0.122,0.232,-0.373,0.374,0.363,-0.146,0.145,-0.247,-0.009,0.211,0.418,0.126,0.183,0.188,0.255,0.207,-0.428,0.565,0.324,0.117,-0.142,0.077,0.119,0.379,-0.232,0.255,0.344,-0.337,0.055,0.049,-0.124,-0.416,-0.14,0.329,0.312,-0.013,-0.295,0.252,0.248,-0.232,-0.282,-0.048,-0.317,-0.142,-0.434,0.365,0.556,0.372,0.209,-0.144,-0.295,0.295,-0.267,-0.126,-0.253,0.248,0.011,-0.096,-0.327,0.295,-0.243,0.034,-0.264,-0.138,-0.072,-0.274,0.29,-0.153,-0.088,-0.045,0.046,0.268,0.061,0.464,-0.173,0.446,-0.521,0.515,0.242,0.037,-0.091,-0.475,0.027,0.548,0.291,0.179,0.42,-0.087,-0.097,0.17,-0.427,-0.143,-0.486,-0.058,0.287,0.082,-0.075,-0.235,0.364,0.223,0.179,0.173,-0.146,0.019,0.32,-0.153,-0.219,0.222,0.059,-0.258,0.6,0.262,-0.246,-0.532,-0.167,-0.304,-0.102,0.038,0.391,-0.222,-0.223,-0.067,0.497,0.26,0.072,-0.189,-0.079,0.045,0.423,0.21,-0.012,0.05,0.445,-0.38,0.217,0.058,0.418,0.224,0.2,0.103,0.012,0.367,-0.122,-0.349,-0.299,0.044,0.589,0.311,0.07,0.025,0.308,0.319,0.094,-0.651,-0.15,0.163,0.313,0.009,0.014,-0.367,0.063,-0.43,0.288,-0.158,0.394,-0.168,0.036,-0.15,-0.029,0.32,-0.322,0.201,-0.058,0.299,0.447,0.413,0.326,0.504,-0.371,0.039,-0.309,-0.181,-0.156,-0.178,-0.283,0.479,0.368,0.51,0.277,-0.217,0.221,0.55
AGNC,-0.496,-0.755,0.563,-0.452,0.0,-0.328,0.774,-0.601,0.525,-0.253,0.233,-0.622,-0.003,0.188,-0.012,0.8,-0.075,-0.65,-0.029,-0.087,0.279,-0.38,-0.411,-0.078,0.931,-0.767,-0.65,-0.541,0.246,-0.379,0.189,-0.214,0.707,-0.673,0.012,0.746,-0.563,0.092,0.233,0.744,0.715,-0.401,-0.252,0.081,0.875,-0.224,-0.473,0.628,0.423,0.423,0.93,0.286,0.769,-0.715,-0.284,-0.48,0.209,0.774,0.869,-0.581,0.829,0.667,0.659,-0.49,-0.226,0.44,0.211,-0.462,0.651,-0.095,0.712,0.124,0.752,0.783,-0.541,0.756,0.217,-0.033,0.371,-0.56,0.394,-0.712,0.306,-0.598,0.506,-0.336,0.22,0.442,0.281,0.756,-0.074,-0.519,-0.482,-0.144,-0.807,0.705,-0.027,-0.067,0.681,0.37,0.619,0.267,-0.615,-0.229,0.525,0.821,-0.523,-0.661,-0.675,-0.384,0.501,0.465,0.079,0.611,0.605,-0.429,0.032,0.801,-0.436,-0.308,0.831,0.885,0.667,0.682,0.189,0.217,-0.51,0.834,0.479,0.336,-0.58,-0.601,-0.263,0.411,0.376,0.123,-0.553,-0.382,-0.204,0.373,-0.737,0.927,-0.347,0.464,-0.752,-0.405,-0.452,-0.353,0.25,-0.425,0.041,0.737,0.662,0.563,-0.701,-0.138,0.579,0.133,-0.405,-0.605,-0.03,0.605,0.786,-0.42,-0.44,-0.011,0.176,0.579,0.297,0.709,-0.338,-0.176,-0.056,0.667,-0.009,0.552,0.368,-0.339,0.477,-0.13,-0.034,-0.01,-0.267,-0.403,0.126,-0.544,0.846,-0.1,0.689,0.717,0.81,0.627,0.369,-0.646,0.033,-0.485,-0.589,0.645,-0.369,-0.605
AGYS,0.502,0.477,-0.108,0.288,-0.328,0.0,-0.3,0.324,0.146,0.645,0.093,0.649,0.199,0.31,-0.397,-0.261,0.52,0.452,-0.104,0.099,0.001,0.733,0.149,-0.196,-0.462,0.252,0.604,0.542,-0.329,0.316,0.15,0.123,-0.276,0.661,0.252,-0.347,0.469,0.263,0.109,-0.071,0.068,0.699,0.464,0.466,-0.419,0.514,0.603,-0.202,0.276,-0.68,-0.347,-0.028,-0.293,0.719,0.108,0.397,-0.137,-0.401,-0.39,0.39,-0.334,-0.504,-0.047,0.574,0.662,-0.032,0.177,0.63,0.003,0.089,-0.055,0.401,-0.394,-0.443,0.599,0.03,-0.27,0.549,0.275,0.641,0.087,0.631,0.036,0.675,0.1,0.046,0.092,0.289,-0.671,-0.1,0.326,0.659,0.472,0.143,0.649,-0.209,0.182,0.309,0.04,0.201,-0.303,0.289,0.664,0.321,-0.426,-0.414,0.551,0.443,0.514,-0.041,-0.74,-0.235,0.281,-0.128,-0.458,0.539,0.337,0.001,0.571,0.579,-0.355,-0.521,0.026,-0.314,-0.028,0.225,0.452,-0.299,-0.43,0.07,0.556,0.631,0.591,0.048,0.183,0.271,0.608,0.546,0.489,-0.43,0.693,-0.421,0.794,0.165,0.563,0.566,0.564,0.482,0.329,0.51,0.051,-0.305,-0.51,0.054,0.564,0.569,-0.098,-0.149,0.583,0.609,0.189,-0.238,-0.393,0.446,0.267,0.302,0.204,-0.193,0.339,-0.451,0.671,0.539,-0.179,-0.648,0.033,-0.214,-0.267,0.391,0.109,0.338,0.623,0.331,0.327,0.764,-0.287,0.207,-0.576,0.587,-0.156,0.06,-0.363,-0.245,-0.126,0.744,0.2,0.509,0.558,-0.576,0.687,0.572
ALT,-0.377,-0.784,0.508,-0.134,0.774,-0.3,0.0,-0.43,0.53,-0.339,-0.202,-0.62,0.414,0.138,0.135,0.84,-0.15,-0.843,0.329,0.151,0.415,-0.414,-0.154,0.172,0.863,-0.568,-0.745,-0.785,-0.084,-0.454,0.104,-0.241,0.751,-0.787,0.136,0.649,-0.789,0.09,0.051,0.424,0.667,-0.32,-0.137,-0.006,0.911,-0.078,-0.411,0.709,0.123,0.444,0.848,0.252,0.51,-0.646,0.052,-0.307,0.678,0.924,0.874,-0.535,0.936,0.779,0.69,-0.561,-0.3,0.397,-0.121,-0.54,0.567,0.051,0.729,-0.158,0.844,0.875,-0.645,0.7,0.449,-0.323,0.535,-0.63,0.382,-0.694,0.059,-0.579,0.123,-0.017,0.587,0.464,0.278,0.536,-0.15,-0.283,-0.707,-0.129,-0.725,0.656,-0.139,0.099,0.443,0.32,0.462,0.113,-0.608,-0.397,0.508,0.788,-0.587,-0.775,-0.845,-0.271,0.502,0.497,0.395,0.797,0.55,-0.363,0.111,0.783,-0.152,-0.351,0.742,0.687,0.698,0.65,0.209,0.127,-0.466,0.937,0.424,0.016,-0.298,-0.676,-0.23,0.084,0.146,-0.028,-0.444,-0.524,-0.347,0.648,-0.621,0.869,-0.336,0.485,-0.784,-0.578,-0.307,-0.543,0.231,-0.42,-0.079,0.692,0.548,0.613,-0.516,-0.009,0.633,0.314,-0.352,-0.681,-0.083,0.218,0.895,-0.481,-0.382,-0.169,0.124,0.248,0.374,0.643,-0.329,-0.265,0.207,0.68,-0.067,0.46,0.314,-0.299,0.241,-0.073,-0.064,0.149,-0.193,-0.379,0.568,-0.224,0.844,-0.089,0.551,0.57,0.887,0.619,0.159,-0.409,0.181,-0.163,-0.516,0.729,-0.468,-0.474
AMGN,0.587,0.391,0.08,0.434,-0.601,0.324,-0.43,0.0,0.116,0.406,-0.257,0.691,0.213,0.255,0.092,-0.318,0.466,0.399,0.542,0.577,0.413,0.537,0.425,0.526,-0.617,0.431,0.523,0.283,-0.325,0.693,-0.468,0.28,-0.726,0.512,0.134,-0.078,0.545,0.533,-0.201,-0.442,-0.48,0.682,0.684,0.458,-0.424,0.707,0.338,-0.348,-0.237,-0.468,-0.693,-0.75,-0.17,0.572,0.223,0.891,-0.036,-0.356,-0.73,0.801,-0.412,-0.448,-0.198,0.77,0.464,-0.602,0.273,0.512,-0.083,0.465,-0.256,0.277,-0.572,-0.581,0.714,-0.297,0.26,0.223,0.199,0.687,0.114,0.375,-0.035,0.62,-0.113,0.019,0.307,-0.219,-0.326,-0.364,0.655,0.683,0.526,0.629,0.708,-0.505,0.551,0.658,-0.358,0.278,-0.07,0.167,0.661,0.37,-0.723,-0.217,0.669,0.581,0.484,0.351,-0.169,-0.452,0.434,-0.514,-0.445,0.597,0.574,-0.393,0.678,0.555,-0.627,-0.442,-0.106,-0.205,0.427,-0.385,0.862,-0.54,-0.724,0.06,0.47,0.705,0.585,-0.189,-0.436,-0.032,0.508,0.627,0.527,-0.317,0.674,-0.503,0.302,0.165,0.597,0.46,0.564,0.135,0.304,-0.009,-0.592,-0.858,-0.836,-0.155,0.506,0.576,-0.136,0.413,0.781,0.672,0.634,-0.721,-0.223,0.773,0.408,-0.426,0.449,-0.374,0.238,-0.544,0.387,0.325,0.241,-0.313,-0.55,-0.435,-0.15,0.702,-0.338,0.521,0.256,0.553,0.223,0.421,-0.06,0.56,-0.657,0.387,-0.826,-0.361,-0.629,-0.152,0.093,0.667,0.349,0.821,0.785,-0.676,0.543,0.43
AMPH,-0.117,-0.449,0.534,-0.122,0.525,0.146,0.53,0.116,0.0,0.183,0.019,-0.063,0.281,0.609,-0.162,0.613,0.518,-0.431,0.329,0.546,0.639,0.254,-0.167,0.194,0.492,-0.611,-0.247,-0.31,-0.231,0.127,-0.263,-0.196,0.116,-0.22,-0.017,0.694,-0.12,0.563,0.038,0.444,0.49,0.348,0.372,0.649,0.57,0.471,-0.113,0.378,0.368,-0.179,0.422,-0.251,0.56,-0.105,-0.227,0.299,0.356,0.527,0.328,0.091,0.629,0.158,0.64,0.221,0.364,-0.067,0.481,0.009,0.847,0.318,0.672,0.426,0.243,0.395,0.046,0.615,0.527,0.337,0.774,0.078,0.404,-0.434,0.12,-0.106,0.566,-0.444,0.519,0.395,-0.291,0.673,0.493,0.17,-0.151,0.25,-0.181,0.241,0.574,0.681,0.495,0.784,0.675,0.425,0.024,0.099,-0.174,0.598,-0.046,-0.25,-0.288,-0.195,0.138,-0.093,0.547,0.389,0.178,0.187,0.632,0.525,0.187,0.191,0.222,0.497,0.798,0.621,0.625,-0.097,0.189,0.523,-0.263,0.32,-0.096,0.064,0.442,0.142,0.064,-0.013,-0.16,0.131,0.431,0.031,-0.062,0.556,0.142,0.639,-0.284,-0.05,0.139,-0.296,0.72,-0.403,-0.449,0.107,-0.095,0.451,-0.213,0.447,0.372,0.509,0.351,-0.05,0.504,-0.023,0.594,0.244,-0.295,-0.314,0.577,0.158,0.7,0.294,0.095,0.242,-0.049,0.28,-0.542,0.002,-0.028,0.261,0.275,0.296,0.473,0.451,-0.155,0.127,-0.024,-0.146,0.288,0.526,0.11,0.458,0.293,0.556,0.459,0.042,0.299,0.296,0.171,0.014,0.203,-0.324
AMZN,0.73,0.498,0.24,0.232,-0.253,0.645,-0.339,0.406,0.183,0.0,0.412,0.819,0.086,0.431,-0.258,-0.26,0.594,0.598,-0.026,-0.031,0.126,0.856,0.343,-0.272,-0.456,0.238,0.781,0.732,-0.152,0.485,0.21,0.388,-0.494,0.739,0.473,-0.149,0.723,0.52,0.521,0.261,0.204,0.803,0.725,0.547,-0.359,0.681,0.535,-0.097,0.29,-0.717,-0.324,-0.199,0.055,0.721,0.067,0.5,-0.265,-0.445,-0.363,0.475,-0.338,-0.41,0.22,0.711,0.702,0.132,0.505,0.856,0.099,0.266,-0.05,0.714,-0.338,-0.404,0.753,0.21,-0.441,0.816,0.466,0.826,0.44,0.631,0.451,0.783,0.312,0.007,0.154,0.499,-0.669,0.034,0.537,0.654,0.746,0.536,0.68,-0.003,0.365,0.289,0.249,0.403,-0.283,0.579,0.806,0.685,-0.451,-0.311,0.777,0.621,0.66,-0.032,-0.608,-0.019,0.198,-0.16,-0.337,0.749,0.519,-0.081,0.64,0.826,-0.133,-0.351,0.228,-0.108,0.055,0.397,0.52,-0.268,-0.426,0.438,0.508,0.772,0.669,0.37,0.463,0.606,0.747,0.82,0.744,-0.537,0.702,-0.356,0.844,0.348,0.746,0.865,0.59,0.695,0.54,0.577,0.103,-0.361,-0.517,0.296,0.48,0.786,0.085,-0.25,0.703,0.76,0.456,-0.162,-0.323,0.661,0.374,0.384,0.544,0.205,0.441,-0.265,0.817,0.554,-0.064,-0.497,0.097,0.048,0.118,0.597,0.402,0.504,0.612,0.583,0.412,0.893,-0.416,0.241,-0.527,0.72,-0.091,0.232,-0.368,0.036,0.037,0.705,0.454,0.493,0.612,-0.576,0.872,0.686
ANIP,0.094,0.097,0.185,-0.373,0.233,0.093,-0.202,-0.257,0.019,0.412,0.0,0.191,-0.462,0.188,-0.181,-0.006,0.243,0.344,-0.466,-0.522,-0.216,0.28,-0.222,-0.495,0.051,-0.189,0.294,0.487,0.463,0.06,0.307,0.15,0.011,0.258,0.157,0.105,0.425,0.13,0.555,0.607,0.325,0.042,0.102,0.185,-0.042,-0.03,0.207,0.115,0.565,-0.194,0.165,0.103,0.465,0.076,-0.423,-0.204,-0.551,-0.266,0.07,-0.13,-0.122,-0.086,0.273,0.12,0.225,0.418,0.46,0.31,0.127,-0.104,-0.025,0.5,-0.031,-0.016,0.193,0.232,-0.468,0.599,-0.006,0.185,0.18,0.165,0.533,0.077,0.535,-0.183,-0.299,0.388,-0.254,0.423,0.114,-0.155,0.443,0.075,0.024,0.323,0.138,-0.299,0.509,0.093,0.035,0.447,0.16,0.403,0.081,-0.096,0.216,0.205,0.287,-0.409,-0.217,0.244,-0.36,-0.064,0.142,0.103,-0.067,0.039,-0.184,0.214,0.27,0.206,0.126,0.181,-0.129,0.46,-0.137,-0.003,0.163,0.464,-0.182,0.191,0.12,0.617,0.552,0.523,0.126,0.358,0.31,-0.39,-0.072,0.067,0.297,0.147,0.193,0.425,-0.004,0.508,0.143,0.237,0.42,0.167,0.202,0.246,-0.126,0.085,0.019,-0.476,0.022,0.279,0.11,0.558,-0.16,0.107,-0.08,0.432,0.096,0.524,0.043,0.246,0.245,0.176,-0.384,-0.09,0.358,0.357,0.327,-0.031,0.523,-0.009,0.219,-0.024,0.042,0.198,-0.495,-0.324,-0.008,0.186,0.341,0.28,-0.004,0.164,0.199,-0.125,-0.018,-0.331,-0.05,-0.038,0.324,0.091
AOSL,0.886,0.754,0.05,0.374,-0.622,0.649,-0.62,0.691,-0.063,0.819,0.191,0.0,0.088,0.254,-0.158,-0.566,0.519,0.801,0.09,0.123,0.051,0.811,0.481,-0.035,-0.767,0.583,0.91,0.787,-0.254,0.707,0.063,0.503,-0.735,0.878,0.443,-0.329,0.828,0.513,0.318,-0.156,-0.25,0.814,0.78,0.434,-0.635,0.735,0.679,-0.283,0.077,-0.726,-0.7,-0.389,-0.228,0.877,0.277,0.691,-0.298,-0.639,-0.719,0.767,-0.623,-0.554,-0.135,0.82,0.705,-0.183,0.396,0.899,-0.247,0.31,-0.298,0.607,-0.62,-0.751,0.901,-0.18,-0.288,0.631,0.177,0.921,0.248,0.785,0.336,0.919,0.047,0.09,0.089,0.134,-0.601,-0.31,0.595,0.76,0.834,0.563,0.911,-0.3,0.348,0.337,-0.081,0.235,-0.377,0.4,0.91,0.665,-0.651,-0.523,0.918,0.841,0.855,0.244,-0.611,-0.208,0.222,-0.449,-0.501,0.779,0.48,-0.355,0.718,0.866,-0.499,-0.621,-0.127,-0.417,0.12,0.142,0.784,-0.632,-0.596,0.309,0.577,0.91,0.679,0.197,0.155,0.498,0.878,0.855,0.647,-0.525,0.87,-0.658,0.773,0.188,0.9,0.888,0.729,0.706,0.367,0.511,-0.032,-0.684,-0.758,0.019,0.659,0.729,-0.118,-0.062,0.837,0.923,0.484,-0.411,-0.534,0.799,0.668,0.185,0.441,-0.117,0.301,-0.559,0.847,0.576,0.098,-0.604,-0.059,-0.159,0.029,0.714,0.11,0.627,0.522,0.57,0.489,0.839,-0.339,0.438,-0.827,0.615,-0.483,-0.139,-0.685,-0.227,0.001,0.845,0.348,0.674,0.774,-0.791,0.869,0.793
APDN,0.274,-0.059,0.303,0.363,-0.003,0.199,0.414,0.213,0.281,0.086,-0.462,0.088,0.0,0.036,0.164,0.19,0.025,-0.221,0.462,0.306,0.377,0.076,0.37,0.274,0.079,0.13,-0.062,-0.26,-0.39,0.004,0.078,0.128,0.09,-0.098,0.377,0.107,-0.275,0.241,0.042,-0.139,0.163,0.293,0.321,0.044,0.27,0.365,0.012,0.284,-0.192,-0.085,0.027,0.006,-0.104,0.065,0.566,0.227,0.553,0.398,0.167,0.031,0.273,0.263,0.252,-0.022,0.058,0.049,-0.165,-0.034,0.133,0.254,0.28,-0.011,0.25,0.178,-0.021,0.242,0.222,-0.18,0.427,0.058,0.299,-0.028,-0.097,0.178,-0.239,0.288,0.581,0.266,-0.045,-0.133,0.147,0.348,-0.158,0.218,0.051,0.181,-0.079,0.288,0.028,0.217,-0.109,0.059,0.104,0.012,0.004,0.161,0.085,-0.106,-0.174,0.178,0.027,0.208,0.578,0.378,-0.03,0.163,0.292,0.335,0.449,0.166,0.127,-0.11,0.25,0.007,0.134,0.064,0.171,0.266,-0.094,-0.123,0.257,-0.013,0.097,-0.066,0.037,0.138,0.248,-0.005,-0.028,0.251,0.185,0.109,0.161,0.347,-0.039,-0.014,0.234,-0.093,0.181,0.03,-0.163,-0.003,-0.137,0.35,0.172,0.41,0.367,0.236,0.254,-0.038,0.112,-0.322,0.322,0.019,0.267,-0.12,0.241,-0.173,0.375,-0.099,0.232,0.033,0.495,0.112,-0.153,0.061,0.134,0.238,0.04,0.375,0.088,0.494,0.168,0.229,0.482,0.304,0.09,0.195,-0.005,0.156,0.214,0.153,-0.023,0.336,0.448,0.427,0.108,0.04,0.073,0.235
APLT,0.117,-0.211,0.285,-0.146,0.188,0.31,0.138,0.255,0.609,0.431,0.188,0.254,0.036,0.0,-0.116,0.357,0.732,-0.106,0.207,0.452,0.493,0.531,0.097,0.142,0.104,-0.403,0.103,-0.001,-0.369,0.277,-0.292,-0.195,-0.192,0.162,0.024,0.396,0.299,0.62,0.146,0.319,0.285,0.573,0.511,0.673,0.191,0.593,0.077,0.057,0.178,-0.404,0.113,-0.421,0.411,0.219,-0.357,0.482,0.097,0.047,-0.048,0.287,0.23,-0.191,0.511,0.474,0.572,-0.094,0.582,0.328,0.578,0.444,0.374,0.44,-0.083,0.089,0.328,0.383,0.236,0.488,0.7,0.371,0.353,-0.048,0.271,0.082,0.525,-0.372,0.453,0.355,-0.552,0.427,0.513,0.376,0.137,0.404,0.158,-0.0,0.658,0.633,0.276,0.724,0.413,0.406,0.357,0.291,-0.466,0.211,0.165,-0.004,0.031,-0.191,-0.235,-0.234,0.303,0.105,0.008,0.535,0.681,0.169,0.422,0.348,-0.027,0.167,0.659,0.476,0.565,-0.116,0.341,0.145,-0.461,0.275,0.259,0.354,0.643,0.007,-0.012,0.051,0.085,0.403,0.642,-0.26,0.243,0.167,0.383,0.437,0.055,0.208,0.454,-0.049,0.722,-0.206,-0.382,-0.188,-0.386,0.27,-0.021,0.585,0.076,0.237,0.453,0.246,0.533,-0.108,0.213,0.497,-0.171,-0.258,0.556,0.126,0.661,0.122,0.243,0.448,-0.312,-0.169,-0.451,-0.139,-0.144,0.484,0.186,0.29,0.613,0.441,-0.201,0.345,-0.229,0.069,-0.047,0.603,-0.143,0.176,-0.016,0.262,0.226,0.312,0.354,0.449,0.47,-0.221,0.441,-0.074
APVO,-0.08,-0.318,0.186,0.145,-0.012,-0.397,0.135,0.092,-0.162,-0.258,-0.181,-0.158,0.164,-0.116,0.0,0.26,-0.176,-0.206,0.502,0.02,0.329,-0.288,0.194,0.659,0.069,0.11,-0.214,-0.37,0.1,-0.153,-0.222,0.215,-0.015,-0.243,-0.016,0.136,-0.217,0.131,0.063,-0.159,-0.199,-0.137,0.047,-0.189,0.151,-0.069,-0.463,-0.067,-0.452,0.47,0.045,-0.378,0.086,-0.348,0.059,0.031,0.066,0.202,0.029,-0.109,0.053,0.192,-0.027,-0.148,-0.468,0.06,-0.126,-0.367,0.0,0.34,-0.194,-0.314,0.184,0.167,-0.132,-0.101,0.194,-0.361,-0.096,-0.21,0.144,-0.195,-0.101,-0.298,-0.303,0.265,0.228,-0.223,0.364,-0.096,-0.079,-0.203,-0.102,0.353,-0.213,0.039,0.063,-0.079,-0.266,-0.059,0.042,-0.073,-0.179,-0.051,0.136,0.212,-0.097,-0.141,-0.272,-0.117,0.523,0.132,-0.01,-0.188,0.118,-0.119,-0.088,-0.073,0.031,-0.298,0.099,0.076,-0.053,0.261,0.095,-0.262,0.021,0.057,-0.01,-0.124,-0.098,-0.197,-0.322,-0.168,-0.335,-0.143,-0.15,-0.024,-0.196,0.042,-0.261,0.056,-0.489,-0.007,-0.126,-0.122,-0.269,-0.33,-0.191,-0.314,-0.325,-0.173,0.087,0.023,-0.312,-0.059,0.079,-0.012,-0.144,-0.097,0.228,-0.238,0.251,-0.073,-0.048,-0.55,0.007,-0.186,-0.163,0.054,-0.34,-0.412,0.257,0.324,-0.2,0.023,0.141,0.078,-0.257,-0.008,-0.481,0.102,-0.252,-0.351,0.368,0.169,0.228,-0.43,-0.227,-0.159,0.135,0.066,-0.017,-0.235,0.385,0.064,-0.186,0.264,-0.229,-0.139
ARGX,-0.465,-0.852,0.535,-0.247,0.8,-0.261,0.84,-0.318,0.613,-0.26,-0.006,-0.566,0.19,0.357,0.26,0.0,0.114,-0.772,0.298,0.203,0.583,-0.24,-0.256,0.282,0.827,-0.739,-0.669,-0.729,0.003,-0.326,-0.137,-0.258,0.598,-0.679,-0.044,0.757,-0.582,0.277,0.021,0.512,0.634,-0.202,-0.092,0.231,0.859,-0.01,-0.48,0.516,0.197,0.384,0.806,-0.013,0.668,-0.647,-0.307,-0.19,0.402,0.801,0.714,-0.437,0.841,0.547,0.693,-0.326,-0.169,0.305,0.135,-0.492,0.745,0.174,0.68,-0.046,0.681,0.79,-0.449,0.704,0.479,-0.117,0.538,-0.492,0.429,-0.711,0.034,-0.614,0.328,-0.212,0.502,0.383,0.129,0.706,0.043,-0.286,-0.518,-0.003,-0.677,0.534,0.181,0.209,0.465,0.442,0.645,0.244,-0.486,-0.293,0.315,0.827,-0.484,-0.735,-0.791,-0.484,0.471,0.296,0.337,0.548,0.477,-0.29,0.224,0.687,-0.162,-0.345,0.619,0.748,0.734,0.775,0.394,-0.005,-0.33,0.83,0.224,0.097,-0.291,-0.51,-0.116,0.1,-0.005,-0.119,-0.531,-0.304,-0.089,0.322,-0.617,0.843,-0.356,0.517,-0.722,-0.468,-0.318,-0.556,0.319,-0.578,-0.269,0.49,0.425,0.53,-0.596,0.047,0.543,0.266,-0.239,-0.505,0.168,0.213,0.856,-0.286,-0.573,-0.37,0.233,0.247,0.364,0.636,-0.372,-0.22,-0.081,0.587,-0.27,0.312,0.154,-0.16,0.186,-0.068,0.01,0.162,-0.363,-0.367,0.286,-0.338,0.767,-0.066,0.384,0.524,0.768,0.621,0.289,-0.438,0.217,-0.121,-0.387,0.582,-0.307,-0.572
ARLP,0.325,0.098,0.208,-0.009,-0.075,0.52,-0.15,0.466,0.518,0.594,0.243,0.519,0.025,0.732,-0.176,0.114,0.0,0.261,0.125,0.44,0.424,0.825,0.259,0.094,-0.213,-0.244,0.422,0.272,-0.401,0.438,-0.401,-0.054,-0.486,0.508,-0.034,0.189,0.612,0.635,0.154,0.252,0.089,0.772,0.626,0.912,-0.142,0.729,0.262,-0.115,0.244,-0.705,-0.228,-0.55,0.235,0.552,-0.363,0.651,-0.164,-0.265,-0.382,0.451,-0.074,-0.508,0.312,0.76,0.765,-0.23,0.718,0.541,0.462,0.474,0.238,0.602,-0.427,-0.269,0.665,0.167,0.131,0.69,0.566,0.678,0.293,0.18,0.162,0.39,0.589,-0.417,0.243,0.21,-0.779,0.358,0.694,0.492,0.427,0.528,0.485,-0.232,0.808,0.676,0.182,0.7,0.269,0.508,0.623,0.456,-0.734,-0.039,0.501,0.295,0.36,-0.104,-0.41,-0.438,0.361,-0.149,-0.226,0.672,0.737,-0.04,0.5,0.58,-0.311,-0.083,0.404,0.229,0.516,-0.11,0.597,-0.181,-0.684,0.366,0.348,0.697,0.884,0.094,-0.029,0.06,0.327,0.685,0.834,-0.543,0.505,-0.126,0.545,0.346,0.319,0.456,0.549,0.2,0.725,-0.015,-0.427,-0.44,-0.651,0.078,0.169,0.694,-0.069,0.167,0.733,0.609,0.717,-0.218,-0.095,0.737,-0.038,-0.196,0.63,-0.048,0.557,-0.185,0.456,0.667,-0.327,-0.354,-0.472,-0.314,-0.262,0.628,0.116,0.468,0.706,0.466,-0.162,0.588,-0.462,0.033,-0.398,0.804,-0.381,0.009,-0.364,0.059,0.352,0.523,0.306,0.572,0.664,-0.563,0.747,0.088
ATEX,0.678,0.891,-0.208,0.211,-0.65,0.452,-0.843,0.399,-0.431,0.598,0.344,0.801,-0.221,-0.106,-0.206,-0.772,0.261,0.0,-0.31,-0.248,-0.356,0.603,0.352,-0.316,-0.811,0.598,0.914,0.906,0.046,0.549,0.14,0.414,-0.702,0.884,0.194,-0.556,0.844,0.1,0.285,-0.184,-0.414,0.486,0.356,0.145,-0.81,0.317,0.575,-0.403,0.095,-0.594,-0.748,-0.122,-0.372,0.756,0.136,0.332,-0.632,-0.85,-0.745,0.542,-0.832,-0.662,-0.447,0.617,0.496,-0.126,0.263,0.745,-0.523,0.018,-0.472,0.46,-0.724,-0.859,0.774,-0.445,-0.543,0.525,-0.302,0.76,-0.061,0.774,0.213,0.792,0.054,0.065,-0.434,-0.132,-0.433,-0.387,0.314,0.431,0.829,0.259,0.805,-0.349,0.108,-0.106,-0.164,-0.142,-0.506,0.22,0.735,0.602,-0.481,-0.71,0.816,0.859,0.939,0.247,-0.594,-0.215,-0.194,-0.592,-0.463,0.512,0.06,-0.531,0.33,0.648,-0.517,-0.636,-0.526,-0.677,-0.185,0.207,0.514,-0.804,-0.357,0.259,0.328,0.783,0.365,0.271,0.2,0.413,0.693,0.694,0.402,-0.615,0.696,-0.764,0.59,-0.162,0.841,0.802,0.457,0.804,-0.012,0.616,0.255,-0.55,-0.53,-0.305,0.573,0.306,-0.321,-0.335,0.533,0.832,0.211,-0.111,-0.803,0.561,0.613,0.388,0.124,-0.075,-0.149,-0.616,0.642,0.44,-0.042,-0.623,0.209,-0.167,-0.024,0.423,0.084,0.367,0.27,0.136,0.391,0.626,-0.505,0.174,-0.826,0.314,-0.378,-0.274,-0.78,-0.453,-0.075,0.565,-0.009,0.238,0.526,-0.761,0.704,0.677
ATRA,0.177,-0.312,0.345,0.418,-0.029,-0.104,0.329,0.542,0.329,-0.026,-0.466,0.09,0.462,0.207,0.502,0.298,0.125,-0.31,0.0,0.57,0.652,-0.035,0.332,0.822,0.048,0.156,-0.19,-0.423,-0.211,0.141,-0.345,0.224,-0.111,-0.21,0.233,0.307,-0.201,0.407,-0.09,-0.258,-0.128,0.242,0.476,0.233,0.242,0.437,-0.155,0.148,-0.422,0.201,0.007,-0.557,0.15,-0.053,0.364,0.575,0.56,0.355,-0.029,0.246,0.254,0.244,0.196,0.18,-0.108,-0.268,-0.019,-0.059,0.23,0.49,0.1,-0.111,0.218,0.16,0.066,0.077,0.565,-0.272,0.432,0.02,0.319,-0.144,0.024,0.025,-0.228,0.285,0.742,-0.004,0.193,-0.133,0.27,0.289,-0.064,0.555,0.02,-0.024,0.279,0.567,-0.268,0.349,0.134,0.027,0.021,0.027,-0.125,0.362,0.066,-0.049,-0.276,0.235,0.429,0.014,0.526,0.043,0.148,0.213,0.423,0.063,0.531,0.108,0.013,0.044,0.308,0.293,0.496,-0.4,0.415,0.133,-0.315,0.057,0.166,0.009,0.141,-0.252,-0.372,-0.135,0.059,0.051,0.047,0.272,0.073,0.116,-0.18,0.342,-0.034,-0.11,0.111,-0.441,0.31,-0.305,-0.674,-0.301,-0.253,0.26,-0.049,0.415,0.245,0.557,0.285,0.015,0.464,-0.596,0.463,0.257,0.084,-0.627,0.367,-0.131,0.423,-0.076,-0.027,-0.159,0.588,0.314,-0.504,-0.08,0.148,0.364,-0.313,0.257,-0.058,0.485,-0.016,-0.044,0.608,0.512,0.079,0.062,-0.431,-0.078,0.133,0.169,0.053,0.177,0.55,0.588,0.256,0.094,-0.034,0.001
AUTL,0.038,-0.152,0.137,0.126,-0.087,0.099,0.151,0.577,0.546,-0.031,-0.522,0.123,0.306,0.452,0.02,0.203,0.44,-0.248,0.57,0.0,0.536,0.206,0.147,0.568,-0.002,-0.108,-0.126,-0.336,-0.602,0.424,-0.625,-0.221,-0.317,-0.054,-0.199,0.333,0.021,0.452,-0.442,-0.283,-0.238,0.415,0.395,0.532,0.143,0.576,-0.037,-0.009,-0.221,-0.233,-0.168,-0.57,0.058,0.174,0.057,0.653,0.469,0.206,-0.225,0.528,0.249,-0.102,0.115,0.425,0.359,-0.644,0.269,0.067,0.382,0.387,0.303,0.114,-0.197,-0.062,0.223,-0.013,0.741,-0.034,0.498,0.218,0.001,-0.237,-0.126,0.055,0.101,-0.314,0.523,-0.224,-0.164,0.014,0.507,0.417,-0.147,0.31,0.186,-0.375,0.569,0.915,-0.153,0.566,0.447,0.003,0.202,0.003,-0.573,0.263,0.043,0.021,-0.093,0.31,0.075,-0.543,0.579,0.053,-0.218,0.344,0.678,0.012,0.41,0.216,-0.397,0.039,0.354,0.178,0.733,-0.625,0.555,-0.027,-0.634,-0.045,0.156,0.245,0.522,-0.432,-0.523,-0.408,-0.058,0.107,0.311,0.117,0.283,0.047,0.041,0.247,-0.062,-0.123,0.352,-0.451,0.533,-0.472,-0.781,-0.397,-0.575,-0.091,0.115,0.366,-0.006,0.83,0.483,0.076,0.468,-0.507,0.258,0.498,0.017,-0.649,0.466,-0.293,0.527,-0.113,0.033,0.272,0.152,0.004,-0.834,-0.492,-0.337,0.446,-0.257,0.367,0.396,0.358,-0.151,0.042,0.119,0.332,-0.125,0.42,-0.531,-0.196,-0.19,0.111,0.217,0.318,0.206,0.645,0.448,-0.291,0.121,-0.207
AVDL,0.106,-0.414,0.585,0.183,0.279,0.001,0.415,0.413,0.639,0.126,-0.216,0.051,0.377,0.493,0.329,0.583,0.424,-0.356,0.652,0.536,0.0,0.208,0.121,0.634,0.248,-0.329,-0.133,-0.404,-0.237,0.269,-0.393,0.127,-0.042,-0.16,0.139,0.646,-0.104,0.68,0.013,0.187,0.27,0.384,0.464,0.53,0.449,0.545,-0.193,0.174,0.051,-0.003,0.204,-0.569,0.469,-0.133,0.003,0.487,0.303,0.481,0.107,0.232,0.407,0.182,0.486,0.283,0.204,-0.101,0.348,0.011,0.577,0.512,0.401,0.235,0.205,0.243,0.181,0.482,0.52,0.107,0.639,0.125,0.598,-0.31,0.035,-0.025,0.176,-0.182,0.667,0.22,-0.162,0.36,0.566,0.25,-0.01,0.543,-0.075,0.176,0.538,0.613,0.219,0.61,0.505,0.436,0.087,0.092,-0.232,0.602,0.14,-0.217,-0.292,-0.189,0.308,0.011,0.616,0.056,0.074,0.189,0.653,0.34,0.386,0.18,0.13,0.361,0.579,0.518,0.638,-0.227,0.389,0.354,-0.32,0.166,0.121,0.1,0.357,0.041,-0.231,-0.028,-0.009,0.262,0.339,0.018,-0.036,0.392,-0.092,0.655,-0.161,0.019,0.169,-0.301,0.509,-0.486,-0.623,-0.223,-0.242,0.438,-0.141,0.514,0.489,0.487,0.431,0.077,0.671,-0.39,0.592,0.309,-0.133,-0.586,0.631,-0.101,0.485,0.138,0.019,0.044,0.19,0.321,-0.622,0.038,0.093,0.481,0.007,0.407,0.145,0.65,-0.067,0.09,0.209,0.086,0.193,0.26,-0.222,0.272,0.216,0.478,0.329,0.127,0.499,0.516,0.211,-0.007,0.202,-0.12
BCRX,0.642,0.518,0.101,0.188,-0.38,0.733,-0.414,0.537,0.254,0.856,0.28,0.811,0.076,0.531,-0.288,-0.24,0.825,0.603,-0.035,0.206,0.208,0.0,0.381,-0.15,-0.547,0.119,0.792,0.643,-0.373,0.591,-0.146,0.155,-0.637,0.813,0.182,-0.149,0.809,0.56,0.26,0.117,0.036,0.913,0.686,0.738,-0.445,0.774,0.538,-0.24,0.279,-0.872,-0.482,-0.379,-0.055,0.813,-0.112,0.657,-0.296,-0.534,-0.565,0.61,-0.389,-0.654,0.127,0.867,0.866,-0.105,0.58,0.825,0.144,0.355,-0.001,0.674,-0.595,-0.549,0.86,0.066,-0.203,0.816,0.434,0.908,0.293,0.557,0.183,0.734,0.386,-0.209,0.097,0.27,-0.888,0.092,0.663,0.733,0.692,0.486,0.793,-0.248,0.6,0.476,0.127,0.467,-0.116,0.561,0.888,0.618,-0.743,-0.36,0.785,0.583,0.684,-0.036,-0.714,-0.355,0.298,-0.27,-0.479,0.814,0.651,-0.192,0.656,0.801,-0.441,-0.408,0.164,-0.144,0.263,0.16,0.661,-0.383,-0.669,0.306,0.572,0.904,0.862,0.183,0.144,0.302,0.666,0.869,0.848,-0.666,0.779,-0.434,0.834,0.282,0.681,0.783,0.744,0.594,0.586,0.377,-0.112,-0.53,-0.745,0.039,0.526,0.779,-0.093,-0.091,0.852,0.848,0.591,-0.303,-0.416,0.79,0.261,0.141,0.57,-0.085,0.411,-0.38,0.769,0.707,-0.275,-0.624,-0.175,-0.273,-0.219,0.708,0.203,0.566,0.735,0.544,0.223,0.877,-0.533,0.166,-0.675,0.81,-0.355,-0.006,-0.565,-0.071,0.144,0.803,0.333,0.643,0.77,-0.775,0.952,0.535
BHAT,0.633,0.353,0.136,0.255,-0.411,0.149,-0.154,0.425,-0.167,0.343,-0.222,0.481,0.37,0.097,0.194,-0.256,0.259,0.352,0.332,0.147,0.121,0.381,0.0,0.198,-0.42,0.371,0.423,0.202,-0.463,0.328,-0.12,0.17,-0.478,0.392,0.305,-0.198,0.324,0.329,0.313,-0.214,-0.23,0.468,0.477,0.149,-0.266,0.513,0.155,0.035,-0.362,-0.368,-0.451,-0.296,-0.214,0.439,0.422,0.467,0.103,-0.237,-0.37,0.349,-0.264,-0.149,0.071,0.34,0.269,-0.019,0.137,0.342,-0.255,0.573,-0.017,0.136,-0.256,-0.311,0.388,-0.149,-0.0,0.05,0.217,0.456,0.271,0.277,0.1,0.449,-0.146,0.23,0.318,0.012,-0.247,-0.307,0.311,0.501,0.228,0.533,0.498,-0.146,0.113,0.17,-0.187,0.164,-0.351,0.156,0.483,0.364,-0.423,-0.248,0.488,0.322,0.343,0.357,-0.201,-0.019,0.296,-0.101,-0.154,0.578,0.397,-0.174,0.553,0.456,-0.208,-0.384,-0.044,-0.231,0.12,0.033,0.412,-0.28,-0.266,0.032,0.385,0.407,0.351,-0.043,-0.013,0.226,0.521,0.366,0.246,-0.103,0.473,-0.373,0.32,0.079,0.363,0.349,0.441,0.241,0.163,0.234,-0.055,-0.378,-0.491,0.006,0.334,0.538,0.036,0.043,0.464,0.429,0.3,-0.281,-0.176,0.431,0.528,-0.074,0.359,-0.038,0.173,-0.283,0.454,0.35,0.347,-0.197,-0.11,-0.082,0.117,0.531,0.055,0.476,0.189,0.455,0.136,0.407,0.147,0.416,-0.373,0.313,-0.371,-0.179,-0.318,-0.131,-0.024,0.56,0.419,0.541,0.458,-0.304,0.406,0.43
BLBD,-0.019,-0.346,0.211,0.207,-0.078,-0.196,0.172,0.526,0.194,-0.272,-0.495,-0.035,0.274,0.142,0.659,0.282,0.094,-0.316,0.822,0.568,0.634,-0.15,0.198,0.0,0.024,0.061,-0.258,-0.489,-0.193,0.167,-0.569,0.096,-0.156,-0.221,-0.087,0.326,-0.194,0.377,-0.266,-0.355,-0.332,0.113,0.312,0.155,0.174,0.28,-0.342,-0.079,-0.468,0.284,-0.091,-0.707,0.109,-0.194,0.136,0.495,0.327,0.301,-0.152,0.238,0.138,0.109,0.003,0.138,-0.199,-0.412,0.007,-0.264,0.166,0.513,-0.032,-0.212,0.029,0.083,0.037,-0.104,0.616,-0.36,0.164,-0.05,0.155,-0.273,-0.163,-0.151,-0.237,0.107,0.513,-0.336,0.247,-0.134,0.265,0.077,-0.16,0.491,-0.055,-0.234,0.372,0.477,-0.363,0.253,0.304,-0.082,-0.058,-0.067,-0.202,0.331,-0.003,-0.089,-0.277,0.124,0.54,-0.188,0.362,-0.229,0.078,0.029,0.309,-0.043,0.277,-0.133,-0.15,0.093,0.082,0.282,0.531,-0.618,0.398,-0.006,-0.333,-0.13,0.024,-0.028,0.042,-0.377,-0.645,-0.347,-0.118,0.028,0.012,0.118,-0.06,0.069,-0.439,0.149,-0.138,-0.203,0.004,-0.549,0.075,-0.577,-0.765,-0.446,-0.278,-0.009,-0.191,0.172,0.04,0.549,0.196,-0.01,0.501,-0.56,0.383,0.218,-0.022,-0.866,0.24,-0.354,0.144,-0.102,-0.275,-0.178,0.397,0.302,-0.661,-0.237,-0.061,0.315,-0.483,0.187,-0.229,0.326,-0.261,-0.287,0.456,0.384,0.064,-0.145,-0.577,-0.243,-0.007,0.063,0.077,0.018,0.379,0.471,0.206,0.046,-0.13,-0.199
BMRN,-0.604,-0.823,0.471,-0.428,0.931,-0.462,0.863,-0.617,0.492,-0.456,0.051,-0.767,0.079,0.104,0.069,0.827,-0.213,-0.811,0.048,-0.002,0.248,-0.547,-0.42,0.024,0.0,-0.755,-0.821,-0.721,0.175,-0.499,0.1,-0.331,0.78,-0.837,-0.086,0.735,-0.728,-0.008,0.063,0.577,0.634,-0.536,-0.343,-0.074,0.926,-0.308,-0.542,0.654,0.251,0.535,0.935,0.284,0.67,-0.821,-0.241,-0.526,0.387,0.863,0.916,-0.643,0.916,0.742,0.603,-0.638,-0.37,0.361,0.028,-0.646,0.612,-0.11,0.679,-0.088,0.798,0.874,-0.714,0.647,0.365,-0.252,0.312,-0.727,0.243,-0.819,0.137,-0.755,0.334,-0.264,0.255,0.317,0.4,0.682,-0.19,-0.595,-0.686,-0.248,-0.899,0.654,-0.103,-0.071,0.568,0.284,0.632,0.075,-0.753,-0.363,0.584,0.823,-0.687,-0.764,-0.821,-0.352,0.594,0.439,0.094,0.7,0.649,-0.535,-0.05,0.76,-0.502,-0.49,0.792,0.872,0.623,0.697,0.193,0.097,-0.595,0.885,0.527,0.135,-0.612,-0.753,-0.383,0.209,0.208,-0.059,-0.668,-0.576,-0.362,0.524,-0.826,0.945,-0.498,0.363,-0.875,-0.622,-0.518,-0.536,0.13,-0.545,-0.016,0.772,0.708,0.486,-0.736,-0.271,0.512,0.224,-0.526,-0.775,-0.139,0.508,0.848,-0.535,-0.515,-0.136,0.037,0.403,0.216,0.736,-0.504,-0.29,0.02,0.753,-0.05,0.485,0.314,-0.437,0.329,-0.226,-0.143,-0.103,-0.366,-0.581,0.286,-0.491,0.927,-0.217,0.66,0.59,0.858,0.622,0.282,-0.718,-0.071,-0.499,-0.676,0.761,-0.566,-0.71
BNGO,0.588,0.691,-0.347,0.565,-0.767,0.252,-0.568,0.431,-0.611,0.238,-0.189,0.583,0.13,-0.403,0.11,-0.739,-0.244,0.598,0.156,-0.108,-0.329,0.119,0.371,0.061,-0.755,0.0,0.553,0.499,-0.02,0.275,0.277,0.524,-0.43,0.496,0.386,-0.684,0.314,-0.145,0.024,-0.633,-0.552,0.215,0.269,-0.285,-0.676,0.12,0.455,-0.345,-0.375,-0.116,-0.668,-0.04,-0.642,0.555,0.653,0.283,-0.064,-0.534,-0.57,0.419,-0.675,-0.258,-0.574,0.245,-0.014,-0.136,-0.364,0.404,-0.718,-0.068,-0.645,-0.113,-0.373,-0.612,0.382,-0.544,-0.351,-0.1,-0.361,0.367,-0.191,0.735,0.042,0.625,-0.642,0.61,-0.066,-0.218,0.085,-0.84,-0.089,0.432,0.45,0.156,0.619,-0.359,-0.318,-0.119,-0.569,-0.441,-0.76,-0.243,0.419,0.203,-0.122,-0.644,0.47,0.645,0.55,0.478,-0.287,-0.016,-0.052,-0.416,-0.399,0.258,-0.176,-0.535,0.437,0.326,-0.439,-0.765,-0.605,-0.703,-0.343,0.038,0.396,-0.649,-0.175,-0.16,0.453,0.373,0.001,-0.161,-0.042,0.231,0.623,0.244,-0.104,-0.058,0.576,-0.746,0.291,-0.286,0.691,0.411,0.261,0.396,-0.284,0.587,0.139,-0.465,-0.348,-0.235,0.607,0.134,-0.244,-0.161,0.235,0.445,-0.133,-0.424,-0.572,0.224,0.683,0.211,-0.187,-0.284,-0.189,-0.579,0.406,-0.052,0.431,-0.424,0.274,-0.131,0.062,0.187,-0.3,0.161,-0.111,0.081,0.53,0.339,0.201,0.626,-0.622,-0.058,-0.4,-0.431,-0.483,-0.52,-0.452,0.51,0.144,0.342,0.321,-0.359,0.214,0.734
BUSE,0.802,0.859,-0.071,0.324,-0.65,0.604,-0.745,0.523,-0.247,0.781,0.294,0.91,-0.062,0.103,-0.214,-0.669,0.422,0.914,-0.19,-0.126,-0.133,0.792,0.423,-0.258,-0.821,0.553,0.0,0.886,-0.109,0.612,0.131,0.431,-0.715,0.936,0.326,-0.466,0.873,0.295,0.301,-0.103,-0.235,0.707,0.532,0.315,-0.731,0.52,0.622,-0.403,0.157,-0.725,-0.724,-0.221,-0.322,0.848,0.174,0.475,-0.514,-0.777,-0.726,0.637,-0.739,-0.649,-0.268,0.73,0.634,-0.057,0.308,0.868,-0.369,0.125,-0.382,0.552,-0.699,-0.811,0.869,-0.237,-0.496,0.662,-0.038,0.889,0.146,0.808,0.227,0.89,0.042,0.042,-0.202,0.066,-0.617,-0.316,0.453,0.648,0.853,0.395,0.898,-0.282,0.241,0.074,-0.081,0.025,-0.483,0.4,0.862,0.625,-0.567,-0.63,0.896,0.823,0.925,0.145,-0.676,-0.191,0.042,-0.525,-0.582,0.656,0.295,-0.427,0.525,0.776,-0.506,-0.641,-0.318,-0.549,-0.113,0.289,0.621,-0.682,-0.475,0.229,0.524,0.889,0.557,0.267,0.224,0.478,0.835,0.846,0.569,-0.62,0.807,-0.722,0.737,0.051,0.891,0.906,0.626,0.835,0.173,0.626,0.184,-0.598,-0.646,-0.133,0.693,0.534,-0.166,-0.299,0.705,0.912,0.345,-0.267,-0.702,0.662,0.61,0.368,0.301,-0.116,0.016,-0.565,0.77,0.509,-0.063,-0.654,0.134,-0.148,-0.032,0.588,0.136,0.52,0.388,0.391,0.499,0.814,-0.481,0.245,-0.839,0.491,-0.37,-0.139,-0.728,-0.294,-0.031,0.758,0.204,0.459,0.646,-0.807,0.855,0.794
CAKE,0.622,0.824,-0.208,0.117,-0.541,0.542,-0.785,0.283,-0.31,0.732,0.487,0.787,-0.26,-0.001,-0.37,-0.729,0.272,0.906,-0.423,-0.336,-0.404,0.643,0.202,-0.489,-0.721,0.499,0.886,0.0,0.081,0.459,0.285,0.383,-0.594,0.883,0.244,-0.547,0.839,0.092,0.377,-0.017,-0.212,0.496,0.371,0.154,-0.752,0.274,0.618,-0.37,0.241,-0.645,-0.619,-0.018,-0.277,0.754,0.044,0.261,-0.631,-0.817,-0.62,0.436,-0.755,-0.634,-0.327,0.59,0.527,-0.018,0.306,0.789,-0.413,-0.032,-0.453,0.519,-0.642,-0.74,0.711,-0.286,-0.665,0.65,-0.186,0.756,-0.043,0.799,0.293,0.787,0.143,0.051,-0.429,0.08,-0.497,-0.277,0.254,0.424,0.823,0.198,0.75,-0.278,0.09,-0.118,-0.03,-0.08,-0.513,0.218,0.732,0.605,-0.398,-0.717,0.746,0.822,0.911,0.137,-0.696,-0.17,-0.266,-0.492,-0.412,0.533,0.042,-0.45,0.304,0.648,-0.394,-0.591,-0.372,-0.559,-0.266,0.316,0.405,-0.681,-0.286,0.311,0.342,0.748,0.392,0.302,0.377,0.506,0.69,0.679,0.495,-0.652,0.693,-0.697,0.713,-0.155,0.859,0.839,0.435,0.861,0.062,0.708,0.364,-0.424,-0.443,-0.172,0.544,0.319,-0.329,-0.464,0.474,0.773,0.123,-0.003,-0.774,0.508,0.498,0.541,0.111,0.069,-0.054,-0.505,0.687,0.463,-0.172,-0.678,0.332,-0.091,-0.011,0.338,0.205,0.253,0.359,0.117,0.415,0.698,-0.605,0.141,-0.754,0.396,-0.184,-0.119,-0.678,-0.391,-0.086,0.543,0.008,0.158,0.519,-0.686,0.714,0.699
CASY,-0.247,-0.128,-0.004,-0.142,0.246,-0.329,-0.084,-0.325,-0.231,-0.152,0.463,-0.254,-0.39,-0.369,0.1,0.003,-0.401,0.046,-0.211,-0.602,-0.237,-0.373,-0.463,-0.193,0.175,-0.02,-0.109,0.081,0.0,-0.281,0.351,0.372,0.331,-0.193,0.12,0.011,-0.108,-0.37,0.087,0.257,0.134,-0.517,-0.384,-0.341,0.041,-0.557,-0.045,0.026,0.267,0.495,0.254,0.274,0.26,-0.388,-0.209,-0.496,-0.455,-0.007,0.233,-0.4,-0.073,0.213,-0.152,-0.331,-0.46,0.268,-0.158,-0.165,-0.121,-0.47,-0.308,-0.105,0.284,0.125,-0.233,0.027,-0.304,-0.055,-0.472,-0.335,-0.003,0.006,0.117,-0.208,0.011,0.143,-0.414,0.094,0.462,0.051,-0.347,-0.543,0.204,-0.211,-0.374,0.327,-0.317,-0.556,0.107,-0.419,-0.09,-0.0,-0.376,-0.133,0.593,0.094,-0.148,-0.063,-0.113,-0.273,0.317,0.43,-0.492,-0.202,0.258,-0.546,-0.567,-0.001,-0.495,-0.286,0.388,0.228,-0.264,0.062,-0.4,0.254,-0.385,0.062,0.521,0.184,-0.41,-0.315,-0.525,0.437,0.255,0.198,-0.203,-0.153,-0.273,0.003,-0.468,0.151,-0.348,-0.077,-0.062,-0.057,-0.552,0.151,-0.415,0.095,0.321,0.254,0.601,0.138,-0.333,-0.465,0.066,-0.383,-0.453,-0.177,-0.242,0.313,0.012,-0.408,-0.21,0.269,-0.378,0.38,-0.418,0.133,-0.323,-0.514,-0.031,0.289,0.46,0.437,0.416,-0.467,-0.007,-0.421,-0.546,-0.329,0.079,-0.319,-0.068,-0.282,0.239,-0.499,0.315,0.16,0.233,0.011,0.047,-0.56,-0.286,-0.631,-0.48,0.318,-0.282,-0.104
CCOI,0.648,0.529,0.229,0.077,-0.379,0.316,-0.454,0.693,0.127,0.485,0.06,0.707,0.004,0.277,-0.153,-0.326,0.438,0.549,0.141,0.424,0.269,0.591,0.328,0.167,-0.499,0.275,0.612,0.459,-0.281,0.0,-0.271,0.307,-0.666,0.588,0.18,0.074,0.65,0.606,0.072,-0.114,-0.287,0.628,0.602,0.458,-0.32,0.721,0.436,-0.13,0.157,-0.557,-0.559,-0.51,0.044,0.544,0.162,0.68,-0.203,-0.335,-0.594,0.834,-0.355,-0.386,-0.02,0.746,0.702,-0.393,0.539,0.682,-0.107,0.362,0.015,0.623,-0.578,-0.628,0.734,-0.094,0.146,0.442,0.207,0.722,0.278,0.331,0.3,0.639,0.24,-0.29,0.122,-0.085,-0.442,-0.105,0.781,0.611,0.578,0.473,0.651,-0.303,0.482,0.496,0.068,0.382,0.092,0.422,0.699,0.497,-0.714,-0.12,0.718,0.623,0.619,0.259,-0.308,-0.337,0.294,-0.416,-0.445,0.591,0.644,-0.195,0.472,0.737,-0.486,-0.185,-0.01,-0.288,0.487,-0.153,0.742,-0.46,-0.573,0.256,0.262,0.714,0.631,0.172,-0.134,0.268,0.49,0.675,0.545,-0.357,0.595,-0.34,0.437,0.323,0.538,0.633,0.654,0.406,0.394,-0.009,-0.235,-0.64,-0.717,-0.052,0.432,0.549,0.026,0.372,0.792,0.699,0.564,-0.305,-0.249,0.776,0.559,-0.163,0.585,-0.08,0.298,-0.321,0.568,0.527,0.102,-0.316,-0.428,-0.189,-0.005,0.683,0.127,0.676,0.487,0.574,0.373,0.464,-0.322,0.227,-0.592,0.498,-0.524,-0.096,-0.616,-0.012,0.254,0.584,0.194,0.586,0.667,-0.728,0.63,0.42
CEVA,0.223,0.16,0.093,0.119,0.189,0.15,0.104,-0.468,-0.263,0.21,0.307,0.063,0.078,-0.292,-0.222,-0.137,-0.401,0.14,-0.345,-0.625,-0.393,-0.146,-0.12,-0.569,0.1,0.277,0.131,0.285,0.351,-0.271,0.0,0.425,0.443,-0.007,0.663,-0.207,-0.157,-0.254,0.462,0.334,0.474,-0.224,-0.097,-0.367,0.068,-0.268,0.258,0.249,0.356,0.166,0.289,0.661,0.003,0.002,0.389,-0.512,-0.04,0.068,0.402,-0.328,0.049,0.401,0.067,-0.382,-0.175,0.667,-0.295,0.168,-0.261,-0.493,-0.033,0.085,0.42,0.123,-0.184,0.327,-0.593,0.097,-0.102,-0.154,0.227,0.325,0.438,0.187,-0.171,0.374,-0.079,0.579,0.192,-0.094,-0.405,-0.108,0.102,-0.248,-0.12,0.577,-0.66,-0.543,0.307,-0.288,-0.449,0.127,-0.161,-0.082,0.615,-0.073,-0.02,0.001,0.047,-0.037,-0.14,0.715,-0.137,0.288,0.119,-0.23,-0.367,0.299,-0.101,0.071,0.541,-0.053,-0.006,-0.178,-0.607,0.773,-0.343,0.214,0.556,0.195,-0.005,-0.216,-0.306,0.482,0.801,0.692,0.346,-0.1,-0.354,0.28,-0.095,0.08,0.234,0.144,0.088,0.18,-0.146,0.482,-0.15,0.609,0.726,0.51,0.51,0.479,0.073,-0.062,0.374,-0.46,-0.285,-0.108,-0.505,0.369,-0.022,-0.395,0.318,0.793,-0.237,0.383,-0.041,0.156,0.254,-0.19,0.168,0.056,0.796,0.702,0.563,-0.327,0.411,-0.056,-0.127,0.012,0.525,0.205,0.121,-0.093,0.176,-0.108,0.681,0.51,0.387,0.087,-0.158,-0.063,0.021,-0.368,-0.411,0.316,-0.057,0.417
