,AAPL,ACRS,ADP,AFYA,AGNC,AGYS,ALT,AMGN,AMPH,AMZN,ANIP,AOSL,APDN,APLT,APVO,ARGX,ARLP,ATEX,ATRA,AUTL,AVDL,BCRX,BHAT,BLBD,BMRN,BNGO,BUSE,CAKE,CASY,CCOI,CEVA,CHY,CLDX,CLMT,COHU,COLM,COST,CPRT,CSWC,CSX,DBX,DCOM,DKNG,DMLP,DOX,EA,EDIT,ENPH,ENSG,ERNA,ESGR,ETNB,EXTR,FANG,FARO,FATE,FGEN,FIVE,FIVN,FLGT,FOLD,FORM,FOXA,FRPT,FSLR,FTAI,GBDC,GDYN,GGAL,GNLN,GRFS,GT,HCAT,HCM,HFWA,HOLX,HQY,HUBG,IAC,ICLR,IDCC,IEP,IHRT,ILMN,ILPT,IMAB,IMOS,INMD,INTZ,JAZZ,JKHY,JRVR,KIDS,LBRDK,LGND,LMAT,LPLA,LULU,MASI,MAT,MATW,MBIN,MBIO,MCRB,MDB,MDLZ,MELI,MIRM,MLKN,MNMD,MNRO,MPWR,MRCY,MRSN,MTVA,NAAS,NDAQ,NDSN,NEGG,NOVT,NVDA,NWE,NWSA,NXST,OCX,ODFL,OMAB,OPCH,OPRA,ORGO,OTRK,OZK,PAGP,PCH,PEGA,PENG,PENN,PFBC,PGNY,PHAT,PHUN,PINC,PLUG,PLXS,PYPL,QLYS,QNCX,QQQX,QVCGA,RAPT,RBBN,RCKT,REPL,RMBS,ROAD,ROKU,ROP,RUSHA,SANM,SATS,SBCF,SBLK,SBUX,SCHL,SCSC,SDGR,SEIC,SFIX,SGRY,SKYW,SLP,SNES,STAA,STLD,STOK,SWKS,TER,TFIN,TIGO,TILE,TPIC,TTEC,TTEK,TTGT,UXIN,VERU,VLYPP,VNOM,VRNS,VRSN,WDAY,WERN,WINA,WKHS,WRLD,XP,XTKG,YY,ZION,ZM
AAPL,0.0,0.703,0.025,0.445,0.797,0.61,0.464,-0.46,-0.529,0.829,-0.511,0.598,0.579,0.486,0.843,-0.238,-0.56,0.69,0.753,0.408,0.307,0.753,0.097,0.463,-0.623,0.879,0.529,0.654,-0.381,0.006,0.841,0.492,0.235,0.174,0.601,0.534,-0.292,0.779,0.452,0.611,0.724,-0.123,0.806,0.17,0.129,0.809,0.863,0.667,0.649,0.701,0.456,0.633,0.728,0.063,0.717,0.807,0.443,-0.624,0.169,0.774,0.796,0.77,0.295,-0.295,0.752,0.55,-0.402,-0.245,0.823,0.676,0.449,0.626,0.868,0.624,0.353,-0.031,-0.057,0.505,0.786,-0.111,0.682,-0.361,-0.07,0.522,0.813,0.709,0.627,0.664,0.449,-0.519,-0.033,0.185,0.808,0.208,0.886,0.102,-0.68,-0.168,0.639,0.312,0.637,0.569,0.862,0.749,0.676,-0.308,0.845,-0.671,0.367,0.637,-0.219,0.761,0.742,-0.184,0.612,-0.603,0.171,0.689,0.055,0.723,0.826,-0.006,0.76,0.732,0.853,0.46,0.252,-0.178,0.829,0.339,0.703,0.502,-0.473,0.142,0.698,0.528,0.714,0.496,0.819,-0.304,0.691,-0.347,0.819,0.54,0.827,-0.079,0.776,0.929,0.619,0.564,0.254,0.835,-0.062,0.742,-0.22,0.889,0.439,0.507,0.38,-0.328,0.6,0.038,0.778,0.743,0.387,0.768,0.733,0.574,0.171,-0.098,0.036,0.418,0.85,-0.432,0.333,0.728,0.709,0.647,-0.28,0.543,0.508,0.398,0.812,0.719,0.333,-0.664,0.648,-0.435,-0.036,0.723,0.784,0.414,-0.078,0.868,-0.251,0.664,0.52,-0.181,0.407,0.851
ACRS,0.703,0.0,-0.51,0.586,0.781,0.781,0.608,-0.734,-0.817,0.847,-0.582,0.847,0.801,0.151,0.698,-0.622,-0.494,0.682,0.683,0.154,0.513,0.777,-0.267,0.77,-0.79,0.688,0.779,0.714,-0.644,-0.483,0.826,0.711,-0.166,0.514,0.793,0.757,-0.677,0.568,0.527,0.833,0.651,-0.092,0.775,-0.185,-0.319,0.783,0.469,0.281,0.406,0.793,0.427,0.721,0.733,0.239,0.736,0.459,0.323,-0.638,-0.245,0.719,0.748,0.865,0.665,-0.428,0.579,0.558,-0.432,-0.656,0.725,0.812,0.049,0.752,0.639,0.613,0.6,-0.456,-0.36,0.796,0.464,-0.583,0.834,-0.632,0.291,-0.009,0.75,0.75,0.812,0.729,0.69,-0.545,-0.452,-0.272,0.432,0.155,0.738,-0.377,-0.599,-0.505,0.71,0.573,0.658,0.805,0.646,0.617,0.218,-0.631,0.646,-0.827,0.261,0.812,-0.234,0.893,0.824,-0.298,0.812,-0.403,-0.394,0.67,-0.384,0.767,0.862,-0.406,0.874,0.835,0.67,0.778,-0.06,-0.319,0.556,-0.237,0.795,0.773,-0.468,0.388,0.729,0.845,0.801,0.819,0.801,-0.596,0.825,-0.441,0.589,0.748,0.667,-0.163,0.667,0.71,0.688,0.229,0.608,0.695,-0.522,0.884,-0.353,0.778,-0.149,0.816,0.714,-0.064,0.771,0.415,0.799,0.474,0.745,0.706,0.733,0.539,0.192,-0.118,-0.346,0.659,0.767,-0.054,0.19,0.832,0.838,0.854,-0.564,0.631,0.589,0.557,0.763,0.702,0.654,-0.549,0.736,-0.45,-0.1,0.332,0.738,0.726,0.392,0.659,-0.278,0.696,0.756,0.015,0.73,0.723
ADP,0.025,-0.51,0.0,-0.513,-0.409,-0.641,-0.644,0.776,0.625,-0.417,0.549,-0.763,-0.712,0.452,-0.054,0.796,0.255,-0.175,-0.294,0.208,-0.685,-0.315,0.789,-0.812,0.299,-0.045,-0.717,-0.398,0.715,0.955,-0.367,-0.574,0.537,-0.583,-0.728,-0.688,0.849,-0.198,-0.182,-0.654,-0.145,0.175,-0.335,0.776,0.782,-0.346,0.232,0.509,0.253,-0.551,-0.219,-0.5,-0.419,-0.519,-0.503,0.335,-0.241,0.273,0.777,-0.405,-0.337,-0.546,-0.895,0.55,0.001,-0.136,0.212,0.844,-0.126,-0.553,0.596,-0.523,-0.02,-0.327,-0.732,0.685,0.766,-0.814,-0.037,0.676,-0.589,0.784,-0.468,0.618,-0.272,-0.482,-0.645,-0.546,-0.723,0.404,0.943,0.897,0.221,-0.233,-0.175,0.866,0.211,0.816,-0.558,-0.75,-0.465,-0.745,-0.096,-0.233,0.495,0.792,-0.204,0.598,0.003,-0.673,0.321,-0.568,-0.397,0.466,-0.416,0.087,0.886,-0.46,0.783,-0.541,-0.458,0.895,-0.54,-0.514,-0.003,-0.845,0.635,0.451,-0.04,0.702,-0.577,-0.751,0.189,-0.636,-0.474,-0.758,-0.519,-0.786,-0.35,0.727,-0.616,0.334,0.108,-0.696,-0.195,0.168,-0.236,-0.043,-0.517,0.188,-0.776,-0.137,0.895,-0.599,0.58,-0.277,0.729,-0.79,-0.828,-0.137,-0.573,-0.493,-0.417,0.334,-0.826,-0.378,-0.398,-0.448,0.035,0.15,0.733,-0.672,-0.252,-0.351,-0.194,-0.615,-0.633,-0.698,0.801,-0.49,-0.578,-0.578,-0.363,-0.416,-0.842,0.163,-0.446,0.48,0.188,0.455,-0.419,-0.834,-0.834,-0.028,0.265,-0.491,-0.683,-0.443,-0.819,-0.177
AFYA,0.445,0.586,-0.513,0.0,0.57,0.542,0.601,-0.612,-0.59,0.597,-0.601,0.728,0.669,0.241,0.527,-0.519,-0.559,0.343,0.559,0.2,0.487,0.479,-0.509,0.638,-0.29,0.356,0.645,0.303,-0.512,-0.533,0.535,0.301,0.062,0.397,0.718,0.565,-0.461,0.573,0.228,0.656,0.161,-0.359,0.445,-0.377,-0.446,0.524,0.204,0.009,0.205,0.661,0.467,0.603,0.444,0.304,0.628,0.093,0.318,-0.564,-0.574,0.547,0.564,0.637,0.667,-0.675,0.22,0.161,-0.46,-0.57,0.49,0.666,-0.197,0.443,0.308,0.432,0.584,-0.05,-0.495,0.703,0.405,-0.19,0.583,-0.683,0.031,0.032,0.571,0.559,0.679,0.654,0.564,-0.268,-0.556,-0.454,0.161,0.167,0.483,-0.598,-0.52,-0.659,0.68,0.471,0.551,0.689,0.57,0.498,-0.074,-0.67,0.51,-0.593,-0.037,0.681,-0.253,0.683,0.553,-0.476,0.622,-0.546,-0.406,0.7,-0.331,0.648,0.659,-0.473,0.662,0.607,0.382,0.702,-0.434,-0.389,0.387,-0.312,0.688,0.629,-0.416,0.23,0.421,0.663,0.506,0.666,0.596,-0.533,0.641,-0.283,0.201,0.575,0.517,-0.403,0.519,0.51,0.582,0.377,0.41,0.4,-0.468,0.67,-0.658,0.488,-0.055,0.647,0.551,-0.417,0.648,0.286,0.595,0.173,0.552,0.514,0.509,0.387,-0.09,-0.387,-0.508,0.548,0.587,-0.057,0.224,0.676,0.678,0.706,-0.607,0.48,0.512,0.256,0.56,0.474,0.714,-0.589,0.625,-0.417,-0.481,0.064,0.569,0.727,0.53,0.368,-0.541,0.637,0.514,-0.032,0.747,0.371
AGNC,0.797,0.781,-0.409,0.57,0.0,0.807,0.743,-0.769,-0.711,0.886,-0.794,0.835,0.788,0.125,0.678,-0.565,-0.689,0.596,0.834,0.338,0.534,0.786,-0.225,0.753,-0.624,0.829,0.816,0.749,-0.705,-0.381,0.891,0.637,-0.039,0.373,0.853,0.791,-0.644,0.842,0.519,0.832,0.674,-0.237,0.883,-0.249,-0.134,0.905,0.686,0.286,0.547,0.897,0.57,0.816,0.819,0.191,0.9,0.574,0.597,-0.706,-0.183,0.878,0.89,0.893,0.677,-0.556,0.713,0.669,-0.362,-0.557,0.763,0.774,0.203,0.806,0.85,0.686,0.665,-0.267,-0.453,0.821,0.788,-0.311,0.872,-0.699,0.034,0.256,0.864,0.844,0.828,0.865,0.733,-0.726,-0.486,-0.199,0.637,0.388,0.884,-0.281,-0.77,-0.558,0.854,0.586,0.861,0.85,0.77,0.811,0.379,-0.613,0.834,-0.869,0.414,0.872,-0.357,0.868,0.816,-0.328,0.606,-0.652,-0.188,0.843,-0.264,0.898,0.917,-0.406,0.861,0.892,0.815,0.778,-0.097,-0.399,0.74,0.074,0.909,0.808,-0.641,0.478,0.873,0.744,0.868,0.773,0.918,-0.577,0.915,-0.425,0.562,0.807,0.872,-0.177,0.851,0.82,0.788,0.413,0.526,0.803,-0.466,0.913,-0.457,0.896,0.146,0.782,0.679,-0.185,0.807,0.168,0.918,0.505,0.711,0.863,0.882,0.717,0.074,-0.224,-0.309,0.704,0.911,-0.378,0.451,0.916,0.879,0.879,-0.634,0.775,0.754,0.687,0.902,0.86,0.64,-0.677,0.81,-0.706,-0.192,0.479,0.922,0.741,0.261,0.802,-0.343,0.852,0.745,0.013,0.718,0.831
AGYS,0.61,0.781,-0.641,0.542,0.807,0.0,0.885,-0.908,-0.846,0.894,-0.774,0.877,0.901,0.066,0.62,-0.594,-0.671,0.708,0.855,0.327,0.62,0.851,-0.468,0.943,-0.584,0.703,0.916,0.698,-0.875,-0.548,0.876,0.798,-0.077,0.562,0.93,0.806,-0.832,0.724,0.443,0.778,0.611,-0.268,0.841,-0.43,-0.492,0.822,0.537,0.227,0.382,0.907,0.638,0.882,0.913,0.296,0.91,0.437,0.66,-0.655,-0.302,0.866,0.878,0.907,0.782,-0.579,0.421,0.52,-0.529,-0.731,0.679,0.76,0.032,0.739,0.65,0.832,0.69,-0.458,-0.729,0.88,0.658,-0.606,0.969,-0.774,0.228,0.068,0.815,0.889,0.937,0.914,0.883,-0.576,-0.701,-0.517,0.518,0.428,0.783,-0.452,-0.713,-0.732,0.895,0.815,0.892,0.897,0.699,0.807,0.128,-0.797,0.784,-0.815,0.285,0.944,-0.511,0.86,0.895,-0.287,0.547,-0.519,-0.45,0.802,-0.506,0.917,0.888,-0.654,0.84,0.904,0.613,0.858,-0.142,-0.619,0.646,-0.089,0.909,0.889,-0.568,0.579,0.863,0.841,0.922,0.871,0.834,-0.526,0.887,-0.588,0.568,0.946,0.777,-0.308,0.805,0.648,0.933,0.387,0.794,0.798,-0.496,0.902,-0.577,0.824,-0.202,0.892,0.858,-0.032,0.812,0.255,0.794,0.127,0.837,0.863,0.801,0.834,-0.053,-0.233,-0.584,0.877,0.733,-0.201,0.568,0.928,0.895,0.922,-0.805,0.757,0.89,0.78,0.87,0.893,0.796,-0.637,0.739,-0.644,-0.234,0.267,0.89,0.808,0.488,0.695,-0.436,0.877,0.886,0.432,0.781,0.806
ALT,0.464,0.608,-0.644,0.601,0.743,0.885,0.0,-0.919,-0.765,0.738,-0.909,0.801,0.865,0.127,0.549,-0.465,-0.816,0.619,0.868,0.507,0.688,0.787,-0.603,0.884,-0.372,0.615,0.839,0.451,-0.939,-0.515,0.755,0.581,-0.052,0.36,0.884,0.653,-0.782,0.768,0.194,0.642,0.317,-0.562,0.724,-0.559,-0.589,0.688,0.482,0.108,0.308,0.912,0.773,0.914,0.757,0.302,0.905,0.27,0.797,-0.728,-0.388,0.794,0.836,0.796,0.739,-0.789,0.243,0.359,-0.647,-0.726,0.584,0.676,-0.013,0.546,0.574,0.828,0.636,-0.301,-0.874,0.831,0.63,-0.465,0.852,-0.895,-0.011,0.133,0.769,0.9,0.902,0.94,0.915,-0.556,-0.793,-0.601,0.475,0.49,0.704,-0.564,-0.81,-0.876,0.927,0.708,0.913,0.813,0.666,0.861,-0.0,-0.882,0.77,-0.724,0.177,0.909,-0.68,0.712,0.821,-0.413,0.406,-0.716,-0.455,0.833,-0.462,0.899,0.793,-0.694,0.66,0.84,0.528,0.799,-0.327,-0.799,0.634,-0.064,0.9,0.795,-0.634,0.448,0.763,0.731,0.791,0.752,0.781,-0.434,0.825,-0.617,0.368,0.879,0.773,-0.512,0.821,0.57,0.873,0.536,0.605,0.731,-0.456,0.799,-0.811,0.695,-0.087,0.8,0.722,-0.271,0.728,0.038,0.719,-0.101,0.696,0.881,0.712,0.763,-0.307,-0.528,-0.684,0.805,0.657,-0.349,0.723,0.857,0.792,0.859,-0.913,0.685,0.94,0.624,0.804,0.834,0.847,-0.709,0.74,-0.743,-0.478,0.138,0.832,0.792,0.462,0.622,-0.68,0.877,0.729,0.473,0.723,0.64
AMGN,-0.46,-0.734,0.776,-0.612,-0.769,-0.908,-0.919,0.0,0.881,-0.793,0.888,-0.889,-0.919,0.023,-0.547,0.672,0.691,-0.59,-0.789,-0.273,-0.698,-0.762,0.6,-0.941,0.586,-0.599,-0.897,-0.609,0.958,0.682,-0.797,-0.744,0.295,-0.498,-0.936,-0.774,0.918,-0.659,-0.367,-0.779,-0.407,0.375,-0.748,0.54,0.649,-0.717,-0.37,-0.025,-0.254,-0.904,-0.673,-0.899,-0.79,-0.39,-0.888,-0.194,-0.593,0.718,0.49,-0.793,-0.797,-0.865,-0.826,0.728,-0.332,-0.418,0.582,0.854,-0.617,-0.767,0.097,-0.689,-0.531,-0.769,-0.716,0.518,0.823,-0.923,-0.508,0.667,-0.892,0.891,-0.219,0.078,-0.763,-0.875,-0.933,-0.894,-0.956,0.669,0.835,0.655,-0.372,-0.311,-0.645,0.628,0.733,0.871,-0.872,-0.763,-0.857,-0.899,-0.585,-0.74,0.048,0.897,-0.708,0.871,-0.173,-0.927,0.633,-0.816,-0.818,0.517,-0.568,0.576,0.626,-0.79,0.626,-0.896,-0.842,0.737,-0.766,-0.897,-0.512,-0.898,0.3,0.713,-0.528,0.281,-0.906,-0.887,0.564,-0.559,-0.793,-0.839,-0.848,-0.873,-0.795,0.659,-0.878,0.614,-0.386,-0.919,-0.704,0.426,-0.759,-0.562,-0.848,-0.292,-0.703,-0.683,0.649,-0.882,0.711,-0.707,0.298,-0.906,-0.845,0.123,-0.79,-0.272,-0.773,0.033,-0.831,-0.821,-0.751,-0.718,0.175,0.389,0.681,-0.838,-0.678,0.136,-0.51,-0.902,-0.863,-0.932,0.935,-0.724,-0.868,-0.707,-0.808,-0.821,-0.882,0.659,-0.78,0.73,0.367,-0.085,-0.814,-0.867,-0.549,-0.59,0.507,-0.83,-0.804,-0.383,-0.825,-0.617
AMPH,-0.529,-0.817,0.625,-0.59,-0.711,-0.846,-0.765,0.881,0.0,-0.848,0.736,-0.826,-0.828,-0.093,-0.633,0.588,0.685,-0.703,-0.762,-0.221,-0.5,-0.811,0.388,-0.848,0.782,-0.667,-0.867,-0.644,0.839,0.533,-0.827,-0.748,0.268,-0.543,-0.863,-0.76,0.781,-0.61,-0.583,-0.789,-0.467,0.217,-0.79,0.374,0.495,-0.73,-0.373,-0.229,-0.444,-0.812,-0.669,-0.809,-0.804,-0.168,-0.83,-0.32,-0.356,0.779,0.408,-0.783,-0.808,-0.863,-0.685,0.559,-0.412,-0.41,0.61,0.713,-0.717,-0.702,-0.093,-0.711,-0.533,-0.778,-0.609,0.447,0.638,-0.846,-0.46,0.665,-0.872,0.702,-0.281,-0.025,-0.825,-0.812,-0.919,-0.832,-0.827,0.599,0.625,0.427,-0.399,-0.168,-0.656,0.497,0.74,0.674,-0.784,-0.705,-0.775,-0.834,-0.575,-0.663,-0.024,0.744,-0.684,0.882,-0.268,-0.826,0.422,-0.86,-0.867,0.515,-0.645,0.52,0.469,-0.771,0.47,-0.82,-0.859,0.488,-0.797,-0.889,-0.624,-0.826,0.131,0.619,-0.497,0.253,-0.838,-0.868,0.652,-0.512,-0.743,-0.863,-0.86,-0.847,-0.823,0.555,-0.842,0.482,-0.539,-0.862,-0.704,0.492,-0.746,-0.645,-0.818,-0.248,-0.686,-0.731,0.505,-0.881,0.532,-0.728,0.24,-0.885,-0.782,0.179,-0.818,-0.403,-0.813,-0.143,-0.764,-0.729,-0.794,-0.602,0.063,0.314,0.588,-0.827,-0.734,0.148,-0.281,-0.851,-0.835,-0.895,0.775,-0.727,-0.702,-0.658,-0.826,-0.799,-0.69,0.717,-0.764,0.587,0.37,-0.279,-0.754,-0.785,-0.524,-0.665,0.429,-0.74,-0.725,-0.198,-0.747,-0.681
AMZN,0.829,0.847,-0.417,0.597,0.886,0.894,0.738,-0.793,-0.848,0.0,-0.718,0.847,0.816,0.197,0.759,-0.54,-0.705,0.739,0.871,0.306,0.447,0.872,-0.221,0.805,-0.743,0.851,0.865,0.783,-0.715,-0.372,0.951,0.766,-0.03,0.455,0.876,0.816,-0.66,0.804,0.652,0.827,0.747,-0.141,0.923,-0.205,-0.244,0.924,0.676,0.45,0.599,0.872,0.617,0.842,0.921,0.13,0.906,0.621,0.496,-0.724,-0.161,0.918,0.917,0.946,0.64,-0.478,0.678,0.601,-0.494,-0.574,0.838,0.757,0.25,0.821,0.805,0.791,0.634,-0.322,-0.464,0.814,0.768,-0.455,0.937,-0.63,0.164,0.283,0.915,0.854,0.897,0.876,0.753,-0.615,-0.452,-0.229,0.654,0.331,0.874,-0.262,-0.766,-0.527,0.858,0.692,0.845,0.864,0.796,0.798,0.377,-0.617,0.885,-0.891,0.381,0.879,-0.323,0.936,0.92,-0.331,0.668,-0.58,-0.207,0.863,-0.273,0.906,0.964,-0.373,0.911,0.924,0.803,0.785,0.008,-0.459,0.755,0.044,0.902,0.851,-0.648,0.533,0.881,0.816,0.938,0.825,0.936,-0.523,0.9,-0.479,0.753,0.859,0.881,-0.26,0.865,0.855,0.892,0.425,0.665,0.863,-0.375,0.945,-0.432,0.947,0.066,0.833,0.75,-0.154,0.841,0.288,0.909,0.452,0.744,0.861,0.91,0.77,0.099,-0.152,-0.348,0.789,0.907,-0.292,0.386,0.933,0.918,0.902,-0.636,0.775,0.756,0.709,0.946,0.906,0.634,-0.732,0.793,-0.611,-0.173,0.559,0.93,0.728,0.319,0.838,-0.349,0.845,0.808,0.115,0.725,0.905
ANIP,-0.511,-0.582,0.549,-0.601,-0.794,-0.774,-0.909,0.888,0.736,-0.718,0.0,-0.756,-0.824,-0.157,-0.581,0.505,0.825,-0.543,-0.845,-0.51,-0.584,-0.742,0.507,-0.779,0.455,-0.64,-0.782,-0.459,0.885,0.448,-0.742,-0.506,0.152,-0.204,-0.836,-0.591,0.751,-0.79,-0.236,-0.652,-0.268,0.516,-0.701,0.434,0.502,-0.709,-0.524,-0.113,-0.344,-0.889,-0.765,-0.914,-0.694,-0.25,-0.886,-0.245,-0.706,0.797,0.379,-0.753,-0.809,-0.775,-0.669,0.84,-0.35,-0.341,0.64,0.708,-0.621,-0.69,-0.043,-0.534,-0.603,-0.726,-0.616,0.24,0.755,-0.788,-0.639,0.434,-0.775,0.864,0.066,-0.179,-0.795,-0.844,-0.852,-0.881,-0.877,0.697,0.691,0.488,-0.512,-0.334,-0.688,0.51,0.857,0.832,-0.857,-0.534,-0.868,-0.792,-0.666,-0.832,-0.046,0.819,-0.762,0.777,-0.134,-0.858,0.717,-0.696,-0.767,0.553,-0.462,0.807,0.404,-0.817,0.37,-0.866,-0.802,0.557,-0.654,-0.855,-0.573,-0.743,0.263,0.754,-0.626,0.062,-0.888,-0.746,0.672,-0.352,-0.712,-0.66,-0.735,-0.716,-0.798,0.509,-0.811,0.618,-0.368,-0.792,-0.786,0.531,-0.824,-0.625,-0.785,-0.516,-0.414,-0.709,0.467,-0.789,0.794,-0.684,-0.037,-0.725,-0.623,0.351,-0.718,0.033,-0.747,-0.01,-0.603,-0.84,-0.722,-0.651,0.369,0.561,0.602,-0.695,-0.718,0.417,-0.646,-0.834,-0.763,-0.831,0.885,-0.63,-0.859,-0.524,-0.798,-0.778,-0.777,0.757,-0.768,0.787,0.52,-0.189,-0.811,-0.746,-0.298,-0.658,0.625,-0.843,-0.639,-0.233,-0.703,-0.576
AOSL,0.598,0.847,-0.763,0.728,0.835,0.877,0.801,-0.889,-0.826,0.847,-0.756,0.0,0.918,-0.045,0.579,-0.789,-0.596,0.555,0.715,0.108,0.698,0.721,-0.585,0.936,-0.602,0.581,0.92,0.69,-0.794,-0.746,0.807,0.712,-0.259,0.572,0.961,0.888,-0.829,0.673,0.434,0.91,0.535,-0.226,0.758,-0.529,-0.512,0.801,0.347,-0.013,0.225,0.879,0.473,0.797,0.776,0.413,0.86,0.243,0.468,-0.623,-0.539,0.806,0.778,0.912,0.909,-0.647,0.457,0.444,-0.424,-0.821,0.612,0.862,-0.18,0.803,0.557,0.626,0.832,-0.494,-0.645,0.97,0.536,-0.556,0.89,-0.859,0.285,-0.13,0.741,0.821,0.912,0.867,0.83,-0.627,-0.766,-0.596,0.326,0.367,0.711,-0.634,-0.609,-0.764,0.871,0.795,0.78,0.961,0.63,0.661,-0.002,-0.821,0.68,-0.89,0.225,0.939,-0.351,0.93,0.789,-0.511,0.715,-0.486,-0.559,0.822,-0.557,0.885,0.884,-0.699,0.918,0.866,0.553,0.97,-0.398,-0.468,0.537,-0.339,0.902,0.926,-0.479,0.589,0.797,0.941,0.845,0.948,0.802,-0.757,0.928,-0.398,0.384,0.89,0.679,-0.216,0.676,0.613,0.799,0.22,0.771,0.625,-0.745,0.94,-0.619,0.765,-0.269,0.948,0.886,-0.124,0.865,0.4,0.827,0.223,0.888,0.763,0.789,0.695,0.064,-0.222,-0.583,0.807,0.76,-0.018,0.368,0.947,0.954,0.966,-0.813,0.736,0.769,0.696,0.795,0.768,0.877,-0.569,0.776,-0.647,-0.24,0.104,0.828,0.944,0.647,0.55,-0.402,0.831,0.861,0.19,0.932,0.665
APDN,0.579,0.801,-0.712,0.669,0.788,0.901,0.865,-0.919,-0.828,0.816,-0.824,0.918,0.0,0.116,0.674,-0.68,-0.62,0.585,0.777,0.253,0.716,0.769,-0.555,0.915,-0.596,0.619,0.861,0.619,-0.873,-0.671,0.832,0.755,-0.178,0.576,0.937,0.764,-0.862,0.661,0.335,0.794,0.497,-0.325,0.753,-0.386,-0.593,0.743,0.424,0.109,0.281,0.913,0.599,0.889,0.792,0.486,0.877,0.271,0.571,-0.703,-0.427,0.784,0.789,0.896,0.82,-0.681,0.405,0.457,-0.538,-0.861,0.694,0.884,-0.104,0.709,0.568,0.722,0.706,-0.505,-0.698,0.9,0.522,-0.616,0.896,-0.866,0.192,-0.065,0.768,0.851,0.915,0.871,0.904,-0.624,-0.764,-0.581,0.397,0.261,0.712,-0.584,-0.683,-0.805,0.853,0.703,0.812,0.902,0.697,0.746,0.048,-0.867,0.716,-0.842,0.164,0.931,-0.589,0.869,0.832,-0.453,0.667,-0.546,-0.601,0.766,-0.599,0.896,0.883,-0.702,0.836,0.902,0.536,0.877,-0.212,-0.574,0.566,-0.288,0.9,0.842,-0.464,0.455,0.776,0.854,0.841,0.878,0.799,-0.671,0.874,-0.601,0.455,0.885,0.694,-0.313,0.755,0.642,0.827,0.352,0.672,0.688,-0.637,0.908,-0.655,0.741,-0.265,0.885,0.851,-0.131,0.764,0.316,0.778,0.122,0.825,0.82,0.753,0.677,-0.071,-0.306,-0.589,0.778,0.706,-0.044,0.459,0.924,0.895,0.937,-0.867,0.701,0.826,0.635,0.813,0.794,0.878,-0.611,0.784,-0.636,-0.264,0.132,0.815,0.835,0.476,0.604,-0.45,0.822,0.813,0.264,0.825,0.635
APLT,0.486,0.151,0.452,0.241,0.125,0.066,0.127,0.023,-0.093,0.197,-0.157,-0.045,0.116,0.0,0.679,0.387,-0.393,0.408,0.415,0.683,-0.019,0.347,0.277,-0.052,-0.076,0.406,-0.056,-0.172,-0.013,0.491,0.249,-0.154,0.635,-0.193,0.008,-0.23,0.184,0.388,-0.147,-0.15,0.012,-0.31,0.182,0.496,0.199,0.16,0.588,0.694,0.457,0.232,0.418,0.29,0.139,-0.089,0.21,0.536,0.316,-0.428,0.374,0.144,0.324,0.139,-0.272,-0.2,0.062,-0.02,-0.537,0.13,0.486,0.218,0.451,-0.183,0.334,0.387,-0.307,0.455,0.124,-0.145,0.346,0.204,0.092,0.039,-0.403,0.659,0.38,0.272,0.14,0.203,0.045,0.081,0.331,0.381,0.517,-0.044,0.411,0.259,-0.455,0.042,0.195,-0.277,0.202,-0.063,0.604,0.467,0.39,-0.045,0.392,0.015,-0.135,0.093,-0.257,0.087,0.325,0.081,0.244,-0.547,0.38,0.184,0.379,0.159,0.26,0.359,0.098,0.202,0.401,-0.196,0.4,-0.216,0.426,0.425,0.17,-0.161,-0.206,-0.551,-0.042,-0.109,0.072,-0.127,0.265,0.346,0.011,-0.263,0.472,-0.036,0.405,-0.428,0.412,0.513,0.192,0.734,-0.368,0.46,0.518,0.09,-0.152,0.256,0.592,-0.127,-0.258,-0.519,0.048,-0.394,0.112,0.331,-0.312,0.303,0.103,0.034,-0.327,-0.432,0.06,-0.099,0.27,-0.478,0.3,0.096,0.038,0.03,0.045,-0.077,0.108,-0.341,0.257,0.163,-0.059,-0.521,0.139,0.078,-0.347,0.483,0.187,-0.174,-0.418,0.456,-0.398,0.248,-0.089,-0.235,-0.166,0.274
APVO,0.843,0.698,-0.054,0.527,0.678,0.62,0.549,-0.547,-0.633,0.759,-0.581,0.579,0.674,0.679,0.0,-0.205,-0.655,0.721,0.793,0.521,0.32,0.799,-0.017,0.507,-0.62,0.799,0.53,0.463,-0.496,-0.026,0.817,0.455,0.244,0.262,0.618,0.411,-0.365,0.711,0.346,0.499,0.503,-0.273,0.696,0.218,-0.076,0.678,0.76,0.655,0.647,0.729,0.614,0.733,0.69,0.102,0.72,0.71,0.46,-0.743,0.062,0.7,0.781,0.76,0.287,-0.438,0.542,0.47,-0.638,-0.367,0.878,0.722,0.38,0.471,0.737,0.702,0.258,-0.018,-0.194,0.487,0.624,-0.251,0.691,-0.453,-0.123,0.488,0.825,0.729,0.694,0.697,0.53,-0.433,-0.13,0.054,0.722,0.067,0.835,-0.026,-0.761,-0.339,0.67,0.249,0.652,0.556,0.896,0.785,0.494,-0.477,0.789,-0.644,0.144,0.647,-0.415,0.721,0.796,-0.264,0.643,-0.688,-0.003,0.65,-0.059,0.712,0.823,-0.064,0.689,0.761,0.745,0.436,0.232,-0.344,0.698,0.18,0.694,0.46,-0.478,-0.011,0.565,0.524,0.652,0.498,0.802,-0.285,0.63,-0.466,0.718,0.553,0.767,-0.376,0.796,0.871,0.632,0.63,0.209,0.825,-0.051,0.717,-0.344,0.75,0.315,0.511,0.382,-0.379,0.571,0.03,0.699,0.548,0.353,0.747,0.656,0.457,-0.044,-0.312,-0.137,0.421,0.78,-0.378,0.344,0.692,0.672,0.649,-0.41,0.483,0.519,0.253,0.766,0.681,0.419,-0.774,0.653,-0.392,-0.287,0.613,0.719,0.402,-0.042,0.782,-0.42,0.691,0.479,-0.149,0.405,0.7
ARGX,-0.238,-0.622,0.796,-0.519,-0.565,-0.594,-0.465,0.672,0.588,-0.54,0.505,-0.789,-0.68,0.387,-0.205,0.0,0.227,-0.148,-0.31,0.24,-0.455,-0.343,0.549,-0.734,0.515,-0.166,-0.735,-0.526,0.53,0.823,-0.454,-0.54,0.506,-0.514,-0.712,-0.728,0.76,-0.305,-0.351,-0.761,-0.325,-0.106,-0.394,0.501,0.495,-0.544,0.05,0.372,0.119,-0.54,-0.124,-0.486,-0.472,-0.413,-0.514,0.132,-0.121,0.289,0.667,-0.445,-0.386,-0.622,-0.842,0.527,-0.28,-0.25,0.157,0.767,-0.239,-0.702,0.479,-0.634,-0.173,-0.166,-0.814,0.55,0.46,-0.786,-0.186,0.603,-0.599,0.687,-0.443,0.494,-0.386,-0.429,-0.617,-0.492,-0.588,0.51,0.688,0.648,0.044,-0.12,-0.325,0.695,0.24,0.641,-0.53,-0.61,-0.435,-0.807,-0.229,-0.229,0.302,0.643,-0.245,0.705,-0.005,-0.666,0.167,-0.676,-0.424,0.499,-0.662,0.14,0.681,-0.479,0.595,-0.551,-0.572,0.654,-0.713,-0.573,-0.173,-0.815,0.495,0.212,-0.121,0.587,-0.617,-0.748,0.172,-0.553,-0.479,-0.748,-0.532,-0.839,-0.443,0.853,-0.661,0.264,-0.044,-0.625,-0.271,0.037,-0.248,-0.225,-0.469,0.249,-0.67,-0.187,0.878,-0.667,0.417,-0.398,0.499,-0.745,-0.766,-0.114,-0.673,-0.463,-0.522,-0.081,-0.807,-0.335,-0.489,-0.384,-0.052,0.009,0.539,-0.553,-0.457,-0.303,-0.094,-0.657,-0.719,-0.708,0.647,-0.463,-0.475,-0.526,-0.418,-0.381,-0.701,0.2,-0.461,0.381,0.119,0.234,-0.504,-0.795,-0.648,-0.145,0.141,-0.541,-0.718,-0.027,-0.871,-0.281
ARLP,-0.56,-0.494,0.255,-0.559,-0.689,-0.671,-0.816,0.691,0.685,-0.705,0.825,-0.596,-0.62,-0.393,-0.655,0.227,0.0,-0.634,-0.896,-0.691,-0.319,-0.778,0.316,-0.629,0.377,-0.689,-0.703,-0.275,0.716,0.119,-0.698,-0.302,-0.135,-0.09,-0.699,-0.45,0.451,-0.864,-0.274,-0.471,-0.186,0.538,-0.676,0.306,0.268,-0.699,-0.623,-0.356,-0.545,-0.778,-0.856,-0.833,-0.673,0.104,-0.84,-0.442,-0.688,0.827,0.221,-0.742,-0.846,-0.676,-0.43,0.749,-0.302,-0.282,0.735,0.404,-0.652,-0.504,-0.303,-0.39,-0.631,-0.766,-0.44,-0.114,0.622,-0.597,-0.738,0.17,-0.694,0.672,0.284,-0.528,-0.844,-0.792,-0.785,-0.861,-0.677,0.458,0.43,0.24,-0.636,-0.429,-0.743,0.301,0.923,0.645,-0.854,-0.452,-0.853,-0.645,-0.74,-0.869,-0.128,0.644,-0.794,0.631,-0.158,-0.725,0.502,-0.604,-0.789,0.454,-0.356,0.902,0.034,-0.847,0.016,-0.782,-0.748,0.248,-0.556,-0.749,-0.674,-0.555,0.205,0.744,-0.685,-0.228,-0.794,-0.624,0.807,-0.236,-0.606,-0.537,-0.658,-0.549,-0.797,0.183,-0.694,0.427,-0.459,-0.688,-0.846,0.7,-0.843,-0.678,-0.774,-0.7,-0.304,-0.78,0.11,-0.671,0.71,-0.68,-0.352,-0.572,-0.418,0.533,-0.696,0.191,-0.697,-0.101,-0.385,-0.778,-0.714,-0.607,0.41,0.626,0.51,-0.655,-0.755,0.675,-0.661,-0.718,-0.662,-0.691,0.687,-0.571,-0.75,-0.401,-0.784,-0.748,-0.547,0.897,-0.648,0.649,0.691,-0.444,-0.786,-0.579,-0.219,-0.713,0.755,-0.827,-0.506,-0.146,-0.526,-0.636
ATEX,0.69,0.682,-0.175,0.343,0.596,0.708,0.619,-0.59,-0.703,0.739,-0.543,0.555,0.585,0.408,0.721,-0.148,-0.634,0.0,0.781,0.563,0.404,0.893,-0.136,0.587,-0.628,0.783,0.579,0.496,-0.603,-0.043,0.773,0.477,0.144,0.265,0.605,0.435,-0.404,0.623,0.349,0.523,0.47,-0.318,0.73,-0.071,-0.209,0.636,0.7,0.578,0.582,0.725,0.63,0.663,0.702,0.029,0.69,0.665,0.535,-0.735,0.008,0.704,0.81,0.696,0.299,-0.397,0.36,0.384,-0.661,-0.369,0.654,0.535,0.355,0.431,0.645,0.809,0.234,-0.081,-0.381,0.539,0.537,-0.401,0.726,-0.448,-0.086,0.371,0.797,0.786,0.731,0.721,0.595,-0.402,-0.226,-0.062,0.748,0.261,0.781,-0.072,-0.749,-0.367,0.668,0.411,0.686,0.523,0.675,0.762,0.339,-0.504,0.699,-0.576,0.297,0.669,-0.402,0.657,0.827,-0.179,0.418,-0.583,-0.05,0.632,-0.126,0.683,0.73,-0.136,0.617,0.74,0.681,0.496,0.167,-0.481,0.689,0.199,0.694,0.544,-0.569,0.151,0.597,0.597,0.69,0.508,0.753,-0.161,0.66,-0.483,0.687,0.639,0.705,-0.438,0.757,0.697,0.665,0.545,0.364,0.859,-0.038,0.669,-0.4,0.714,0.156,0.6,0.437,-0.279,0.608,0.044,0.671,0.338,0.406,0.751,0.604,0.516,-0.064,-0.325,-0.28,0.57,0.675,-0.46,0.461,0.638,0.607,0.647,-0.461,0.515,0.58,0.42,0.75,0.707,0.426,-0.731,0.65,-0.416,-0.313,0.486,0.668,0.478,0.119,0.783,-0.496,0.632,0.552,0.204,0.371,0.772
ATRA,0.753,0.683,-0.294,0.559,0.834,0.855,0.868,-0.789,-0.762,0.871,-0.845,0.715,0.777,0.415,0.793,-0.31,-0.896,0.781,0.0,0.667,0.451,0.916,-0.258,0.749,-0.538,0.862,0.785,0.527,-0.793,-0.177,0.892,0.552,0.177,0.273,0.814,0.593,-0.587,0.901,0.382,0.62,0.49,-0.454,0.849,-0.189,-0.259,0.846,0.795,0.499,0.64,0.913,0.837,0.928,0.856,0.079,0.939,0.647,0.774,-0.842,-0.098,0.873,0.968,0.849,0.517,-0.667,0.477,0.507,-0.709,-0.513,0.81,0.676,0.352,0.575,0.808,0.889,0.495,-0.074,-0.601,0.704,0.824,-0.324,0.877,-0.691,-0.135,0.491,0.944,0.917,0.887,0.936,0.783,-0.557,-0.447,-0.218,0.777,0.402,0.904,-0.224,-0.942,-0.628,0.911,0.543,0.942,0.751,0.871,0.971,0.333,-0.684,0.912,-0.745,0.278,0.862,-0.581,0.769,0.926,-0.32,0.484,-0.832,-0.108,0.865,-0.162,0.908,0.898,-0.334,0.725,0.9,0.801,0.65,-0.004,-0.676,0.811,0.247,0.905,0.721,-0.736,0.297,0.784,0.653,0.836,0.666,0.919,-0.293,0.819,-0.578,0.668,0.818,0.937,-0.529,0.961,0.825,0.894,0.703,0.448,0.935,-0.165,0.829,-0.612,0.855,0.256,0.694,0.574,-0.346,0.757,-0.051,0.819,0.275,0.546,0.93,0.815,0.746,-0.234,-0.477,-0.431,0.736,0.847,-0.58,0.676,0.859,0.797,0.82,-0.703,0.696,0.85,0.556,0.922,0.891,0.623,-0.884,0.769,-0.664,-0.465,0.549,0.909,0.629,0.173,0.871,-0.628,0.904,0.668,0.209,0.584,0.834
AUTL,0.408,0.154,0.208,0.2,0.338,0.327,0.507,-0.273,-0.221,0.306,-0.51,0.108,0.253,0.683,0.521,0.24,-0.691,0.563,0.667,0.0,0.151,0.559,-0.033,0.217,-0.026,0.508,0.215,-0.116,-0.387,0.365,0.341,-0.108,0.575,-0.244,0.215,-0.104,-0.069,0.614,-0.227,-0.026,-0.05,-0.621,0.343,0.053,-0.058,0.343,0.701,0.507,0.424,0.49,0.669,0.525,0.316,-0.156,0.458,0.484,0.768,-0.589,0.234,0.323,0.556,0.237,-0.055,-0.526,-0.023,0.053,-0.679,-0.055,0.365,0.211,0.398,-0.143,0.438,0.599,-0.09,0.46,-0.343,0.091,0.555,0.074,0.295,-0.307,-0.597,0.665,0.539,0.526,0.358,0.487,0.354,-0.131,-0.014,0.065,0.659,0.354,0.537,0.038,-0.721,-0.314,0.478,-0.014,0.532,0.137,0.596,0.735,0.214,-0.341,0.529,-0.106,-0.067,0.365,-0.573,0.114,0.501,0.031,0.056,-0.793,0.257,0.385,0.26,0.385,0.353,0.046,0.123,0.388,0.463,0.029,0.141,-0.601,0.589,0.536,0.428,0.083,-0.535,-0.334,0.192,0.01,0.25,0.046,0.421,0.314,0.243,-0.486,0.384,0.219,0.6,-0.61,0.614,0.447,0.424,0.856,-0.201,0.625,0.379,0.202,-0.513,0.364,0.58,0.064,-0.109,-0.53,0.234,-0.622,0.232,0.043,-0.124,0.539,0.237,0.332,-0.628,-0.722,-0.29,0.21,0.36,-0.812,0.785,0.264,0.158,0.215,-0.299,0.085,0.501,-0.036,0.424,0.385,0.189,-0.66,0.292,-0.253,-0.596,0.383,0.435,0.076,-0.276,0.583,-0.719,0.511,0.149,0.159,0.009,0.435
AVDL,0.307,0.513,-0.685,0.487,0.534,0.62,0.688,-0.698,-0.5,0.447,-0.584,0.698,0.716,-0.019,0.32,-0.455,-0.319,0.404,0.451,0.151,0.0,0.459,-0.55,0.695,-0.243,0.336,0.577,0.403,-0.677,-0.652,0.505,0.462,-0.169,0.488,0.68,0.566,-0.664,0.414,-0.013,0.579,0.272,-0.427,0.461,-0.524,-0.547,0.378,0.177,-0.17,-0.003,0.694,0.362,0.548,0.433,0.557,0.583,0.023,0.506,-0.426,-0.395,0.509,0.488,0.576,0.704,-0.548,0.131,0.283,-0.257,-0.685,0.309,0.633,-0.306,0.458,0.317,0.543,0.501,-0.428,-0.628,0.718,0.257,-0.4,0.589,-0.717,0.15,-0.287,0.417,0.671,0.618,0.624,0.737,-0.458,-0.734,-0.592,0.154,0.352,0.432,-0.588,-0.376,-0.682,0.615,0.561,0.566,0.616,0.343,0.493,-0.07,-0.698,0.44,-0.54,0.141,0.687,-0.461,0.557,0.478,-0.252,0.375,-0.332,-0.58,0.518,-0.629,0.635,0.533,-0.712,0.548,0.576,0.25,0.701,-0.378,-0.401,0.37,-0.33,0.652,0.587,-0.227,0.327,0.527,0.643,0.54,0.599,0.486,-0.552,0.638,-0.398,0.092,0.627,0.396,-0.116,0.462,0.336,0.495,0.2,0.488,0.384,-0.631,0.61,-0.58,0.439,-0.344,0.695,0.635,-0.091,0.491,0.272,0.509,-0.055,0.626,0.621,0.425,0.464,-0.018,-0.299,-0.522,0.521,0.38,0.067,0.404,0.636,0.589,0.671,-0.684,0.537,0.606,0.448,0.505,0.535,0.761,-0.296,0.593,-0.571,-0.118,-0.201,0.506,0.697,0.475,0.299,-0.362,0.53,0.616,0.397,0.607,0.384
BCRX,0.753,0.777,-0.315,0.479,0.786,0.851,0.787,-0.762,-0.811,0.872,-0.742,0.721,0.769,0.347,0.799,-0.343,-0.778,0.893,0.916,0.559,0.459,0.0,-0.234,0.736,-0.671,0.857,0.755,0.594,-0.755,-0.194,0.908,0.598,0.086,0.354,0.787,0.599,-0.566,0.767,0.428,0.667,0.545,-0.375,0.841,-0.148,-0.283,0.789,0.745,0.534,0.624,0.877,0.732,0.853,0.842,0.058,0.863,0.657,0.646,-0.828,-0.089,0.842,0.931,0.857,0.481,-0.563,0.498,0.523,-0.678,-0.511,0.779,0.682,0.316,0.577,0.757,0.854,0.427,-0.165,-0.532,0.706,0.688,-0.442,0.879,-0.644,-0.092,0.379,0.916,0.889,0.881,0.882,0.745,-0.535,-0.398,-0.192,0.746,0.273,0.887,-0.218,-0.874,-0.546,0.836,0.513,0.852,0.713,0.803,0.889,0.346,-0.675,0.826,-0.755,0.295,0.838,-0.512,0.805,0.949,-0.28,0.536,-0.7,-0.164,0.776,-0.228,0.855,0.889,-0.321,0.749,0.89,0.768,0.659,0.064,-0.569,0.748,0.14,0.857,0.699,-0.701,0.268,0.771,0.727,0.826,0.668,0.9,-0.329,0.811,-0.586,0.681,0.798,0.844,-0.464,0.891,0.788,0.801,0.581,0.484,0.933,-0.205,0.834,-0.512,0.824,0.136,0.722,0.588,-0.287,0.743,0.078,0.82,0.343,0.573,0.876,0.762,0.634,-0.11,-0.369,-0.367,0.726,0.822,-0.47,0.548,0.819,0.784,0.817,-0.633,0.661,0.74,0.553,0.891,0.86,0.586,-0.813,0.784,-0.573,-0.369,0.518,0.854,0.627,0.202,0.85,-0.561,0.809,0.692,0.186,0.551,0.844
BHAT,0.097,-0.267,0.789,-0.509,-0.225,-0.468,-0.603,0.6,0.388,-0.221,0.507,-0.585,-0.555,0.277,-0.017,0.549,0.316,-0.136,-0.258,-0.033,-0.55,-0.234,0.0,-0.646,-0.039,0.099,-0.512,-0.022,0.588,0.754,-0.175,-0.237,0.29,-0.268,-0.556,-0.368,0.606,-0.177,0.161,-0.372,0.186,0.425,-0.098,0.731,0.817,-0.198,0.21,0.507,0.394,-0.439,-0.182,-0.426,-0.235,-0.512,-0.376,0.404,-0.357,0.214,0.761,-0.23,-0.228,-0.346,-0.697,0.646,0.289,0.193,0.383,0.713,0.048,-0.406,0.622,-0.161,0.143,-0.239,-0.569,0.339,0.764,-0.587,-0.041,0.426,-0.377,0.743,-0.114,0.433,-0.147,-0.366,-0.491,-0.464,-0.559,0.132,0.808,0.893,0.202,-0.248,-0.067,0.794,0.208,0.802,-0.481,-0.56,-0.349,-0.531,-0.117,-0.237,0.601,0.759,-0.134,0.322,0.28,-0.54,0.433,-0.337,-0.279,0.495,-0.256,0.215,0.729,-0.357,0.565,-0.395,-0.282,0.797,-0.297,-0.323,0.168,-0.63,0.716,0.512,-0.04,0.556,-0.444,-0.49,0.1,-0.335,-0.23,-0.522,-0.254,-0.539,-0.172,0.456,-0.409,0.283,0.241,-0.501,-0.095,0.329,-0.148,0.103,-0.381,-0.057,-0.507,-0.051,0.62,-0.363,0.727,-0.101,0.514,-0.532,-0.568,0.105,-0.374,-0.16,-0.174,0.46,-0.555,-0.297,-0.144,-0.352,0.284,0.356,0.735,-0.497,-0.093,-0.167,-0.399,-0.429,-0.434,-0.489,0.71,-0.197,-0.508,-0.296,-0.184,-0.215,-0.783,0.215,-0.295,0.323,0.411,0.528,-0.29,-0.66,-0.711,0.1,0.511,-0.428,-0.466,-0.486,-0.639,0.01
BLBD,0.463,0.77,-0.812,0.638,0.753,0.943,0.884,-0.941,-0.848,0.805,-0.779,0.936,0.915,-0.052,0.507,-0.734,-0.629,0.587,0.749,0.217,0.695,0.736,-0.646,0.0,-0.516,0.529,0.943,0.599,-0.888,-0.73,0.763,0.738,-0.215,0.576,0.948,0.828,-0.902,0.644,0.359,0.801,0.455,-0.28,0.726,-0.599,-0.62,0.739,0.321,-0.024,0.179,0.875,0.566,0.833,0.808,0.408,0.862,0.202,0.583,-0.604,-0.53,0.776,0.777,0.859,0.899,-0.682,0.279,0.372,-0.517,-0.839,0.54,0.788,-0.203,0.707,0.479,0.724,0.781,-0.518,-0.807,0.939,0.506,-0.645,0.912,-0.863,0.296,-0.141,0.718,0.845,0.927,0.879,0.9,-0.552,-0.835,-0.701,0.311,0.433,0.656,-0.675,-0.63,-0.852,0.885,0.861,0.83,0.94,0.577,0.693,-0.129,-0.885,0.652,-0.815,0.154,0.938,-0.475,0.837,0.808,-0.421,0.598,-0.481,-0.621,0.783,-0.61,0.868,0.826,-0.779,0.824,0.846,0.465,0.936,-0.37,-0.643,0.496,-0.31,0.889,0.922,-0.489,0.606,0.768,0.886,0.844,0.932,0.743,-0.633,0.871,-0.52,0.363,0.929,0.662,-0.348,0.68,0.506,0.872,0.255,0.82,0.638,-0.677,0.878,-0.679,0.709,-0.352,0.937,0.9,-0.047,0.83,0.314,0.728,-0.003,0.881,0.765,0.733,0.767,-0.115,-0.298,-0.733,0.865,0.643,-0.056,0.513,0.91,0.891,0.932,-0.884,0.702,0.859,0.732,0.773,0.783,0.901,-0.569,0.703,-0.617,-0.323,0.028,0.807,0.909,0.675,0.522,-0.477,0.857,0.883,0.418,0.897,0.646
BMRN,-0.623,-0.79,0.299,-0.29,-0.624,-0.584,-0.372,0.586,0.782,-0.743,0.455,-0.602,-0.596,-0.076,-0.62,0.515,0.377,-0.628,-0.538,-0.026,-0.243,-0.671,-0.039,-0.516,0.0,-0.687,-0.599,-0.752,0.508,0.277,-0.758,-0.69,0.359,-0.416,-0.6,-0.614,0.537,-0.407,-0.686,-0.718,-0.621,-0.122,-0.713,-0.044,0.143,-0.673,-0.426,-0.371,-0.527,-0.584,-0.39,-0.562,-0.647,-0.028,-0.584,-0.456,-0.047,0.633,0.093,-0.623,-0.629,-0.737,-0.39,0.224,-0.657,-0.563,0.353,0.478,-0.721,-0.618,-0.28,-0.712,-0.587,-0.511,-0.393,0.422,0.128,-0.603,-0.324,0.607,-0.668,0.377,-0.306,-0.033,-0.708,-0.574,-0.655,-0.528,-0.545,0.659,0.216,0.019,-0.468,0.106,-0.597,0.112,0.548,0.246,-0.466,-0.373,-0.503,-0.611,-0.458,-0.446,-0.334,0.363,-0.538,0.809,-0.36,-0.569,0.208,-0.762,-0.675,0.385,-0.648,0.29,0.227,-0.509,0.281,-0.609,-0.743,0.1,-0.722,-0.758,-0.65,-0.572,-0.205,0.185,-0.421,0.137,-0.609,-0.63,0.47,-0.348,-0.632,-0.677,-0.714,-0.632,-0.721,0.568,-0.676,0.332,-0.636,-0.591,-0.542,0.139,-0.577,-0.678,-0.5,-0.007,-0.421,-0.63,0.381,-0.742,0.09,-0.666,0.106,-0.659,-0.559,0.019,-0.624,-0.426,-0.757,-0.501,-0.582,-0.539,-0.695,-0.319,-0.235,-0.045,0.123,-0.504,-0.702,0.065,0.054,-0.651,-0.678,-0.679,0.404,-0.589,-0.367,-0.518,-0.678,-0.602,-0.338,0.506,-0.628,0.429,0.006,-0.462,-0.581,-0.503,-0.135,-0.658,0.043,-0.451,-0.549,0.16,-0.485,-0.617
BNGO,0.879,0.688,-0.045,0.356,0.829,0.703,0.615,-0.599,-0.667,0.851,-0.64,0.581,0.619,0.406,0.799,-0.166,-0.689,0.783,0.862,0.508,0.336,0.857,0.099,0.529,-0.687,0.0,0.6,0.679,-0.596,0.009,0.907,0.602,0.165,0.249,0.654,0.576,-0.398,0.803,0.544,0.616,0.714,-0.251,0.92,0.086,0.06,0.809,0.882,0.692,0.803,0.789,0.678,0.747,0.808,-0.014,0.819,0.837,0.546,-0.776,0.188,0.856,0.899,0.8,0.299,-0.319,0.723,0.684,-0.463,-0.31,0.888,0.586,0.633,0.67,0.932,0.816,0.305,-0.108,-0.262,0.565,0.79,-0.225,0.772,-0.414,-0.111,0.568,0.911,0.828,0.724,0.768,0.611,-0.621,-0.165,0.147,0.867,0.267,0.904,0.106,-0.835,-0.259,0.708,0.394,0.788,0.582,0.8,0.853,0.656,-0.381,0.887,-0.732,0.547,0.692,-0.383,0.744,0.856,-0.152,0.451,-0.661,0.13,0.742,-0.049,0.802,0.851,-0.073,0.701,0.836,0.943,0.495,0.314,-0.398,0.817,0.395,0.766,0.589,-0.682,0.28,0.805,0.552,0.832,0.505,0.906,-0.25,0.761,-0.411,0.822,0.674,0.905,-0.249,0.924,0.931,0.728,0.573,0.314,0.944,-0.038,0.779,-0.256,0.903,0.375,0.586,0.45,-0.277,0.636,0.068,0.856,0.575,0.433,0.862,0.832,0.614,0.081,-0.217,-0.058,0.569,0.872,-0.541,0.408,0.757,0.698,0.702,-0.424,0.71,0.635,0.567,0.915,0.866,0.335,-0.76,0.779,-0.592,-0.143,0.784,0.832,0.434,-0.06,0.974,-0.312,0.695,0.548,-0.003,0.359,0.908
BUSE,0.529,0.779,-0.717,0.645,0.816,0.916,0.839,-0.897,-0.867,0.865,-0.782,0.92,0.861,-0.056,0.53,-0.735,-0.703,0.579,0.785,0.215,0.577,0.755,-0.512,0.943,-0.599,0.6,0.0,0.663,-0.83,-0.642,0.807,0.712,-0.215,0.568,0.952,0.875,-0.824,0.736,0.532,0.851,0.506,-0.183,0.778,-0.552,-0.468,0.826,0.378,0.043,0.339,0.86,0.626,0.826,0.847,0.215,0.897,0.282,0.519,-0.651,-0.501,0.842,0.834,0.883,0.87,-0.658,0.414,0.465,-0.464,-0.748,0.607,0.757,-0.061,0.778,0.566,0.703,0.832,-0.394,-0.718,0.934,0.607,-0.543,0.925,-0.8,0.269,-0.007,0.802,0.817,0.937,0.897,0.844,-0.599,-0.744,-0.571,0.389,0.455,0.718,-0.578,-0.685,-0.781,0.904,0.839,0.874,0.966,0.597,0.705,-0.034,-0.79,0.702,-0.874,0.266,0.918,-0.358,0.872,0.822,-0.464,0.611,-0.536,-0.465,0.86,-0.491,0.894,0.874,-0.637,0.878,0.878,0.582,0.927,-0.352,-0.573,0.521,-0.2,0.911,0.97,-0.627,0.657,0.806,0.888,0.875,0.954,0.825,-0.633,0.901,-0.409,0.411,0.932,0.734,-0.363,0.725,0.589,0.882,0.251,0.799,0.672,-0.639,0.906,-0.599,0.757,-0.206,0.935,0.879,-0.07,0.919,0.32,0.822,0.127,0.865,0.752,0.842,0.752,-0.073,-0.243,-0.661,0.886,0.762,-0.159,0.456,0.93,0.923,0.944,-0.825,0.784,0.828,0.773,0.835,0.826,0.802,-0.63,0.726,-0.659,-0.356,0.187,0.863,0.907,0.625,0.592,-0.433,0.884,0.889,0.261,0.911,0.706
CAKE,0.654,0.714,-0.398,0.303,0.749,0.698,0.451,-0.609,-0.644,0.783,-0.459,0.69,0.619,-0.172,0.463,-0.526,-0.275,0.496,0.527,-0.116,0.403,0.594,-0.022,0.599,-0.752,0.679,0.663,0.0,-0.5,-0.406,0.792,0.816,-0.33,0.499,0.698,0.819,-0.575,0.505,0.697,0.828,0.858,0.17,0.804,-0.174,-0.083,0.737,0.458,0.238,0.425,0.627,0.262,0.521,0.763,0.131,0.644,0.491,0.204,-0.372,-0.049,0.771,0.648,0.788,0.569,-0.096,0.806,0.748,-0.03,-0.409,0.642,0.603,0.168,0.912,0.705,0.515,0.581,-0.546,-0.192,0.713,0.496,-0.447,0.754,-0.407,0.456,-0.004,0.633,0.598,0.647,0.596,0.567,-0.711,-0.354,-0.102,0.445,0.204,0.649,-0.091,-0.395,-0.256,0.541,0.597,0.591,0.698,0.457,0.47,0.488,-0.321,0.646,-0.795,0.546,0.637,-0.106,0.808,0.594,-0.216,0.463,-0.168,-0.216,0.598,-0.37,0.705,0.745,-0.314,0.801,0.731,0.622,0.687,0.113,-0.069,0.538,-0.036,0.646,0.741,-0.402,0.628,0.862,0.73,0.825,0.699,0.73,-0.631,0.769,-0.279,0.591,0.689,0.587,0.23,0.571,0.653,0.598,0.005,0.657,0.618,-0.51,0.797,-0.058,0.79,-0.148,0.74,0.704,0.187,0.645,0.451,0.815,0.485,0.731,0.643,0.781,0.622,0.485,0.299,-0.051,0.608,0.698,-0.023,0.044,0.756,0.768,0.739,-0.394,0.753,0.504,0.778,0.729,0.747,0.429,-0.308,0.656,-0.588,0.297,0.429,0.711,0.607,0.247,0.635,0.153,0.524,0.673,0.093,0.575,0.746
CASY,-0.381,-0.644,0.715,-0.512,-0.705,-0.875,-0.939,0.958,0.839,-0.715,0.885,-0.794,-0.873,-0.013,-0.496,0.53,0.716,-0.603,-0.793,-0.387,-0.677,-0.755,0.588,-0.888,0.508,-0.596,-0.83,-0.5,0.0,0.59,-0.738,-0.691,0.219,-0.433,-0.862,-0.666,0.888,-0.628,-0.262,-0.668,-0.321,0.502,-0.722,0.539,0.66,-0.658,-0.387,-0.05,-0.279,-0.88,-0.722,-0.892,-0.733,-0.35,-0.862,-0.182,-0.667,0.749,0.419,-0.728,-0.781,-0.78,-0.735,0.711,-0.225,-0.366,0.614,0.82,-0.574,-0.66,0.021,-0.578,-0.506,-0.816,-0.593,0.467,0.879,-0.843,-0.479,0.656,-0.838,0.857,-0.104,0.026,-0.735,-0.87,-0.887,-0.871,-0.952,0.647,0.822,0.628,-0.383,-0.364,-0.601,0.588,0.767,0.863,-0.834,-0.714,-0.855,-0.804,-0.539,-0.763,0.077,0.877,-0.677,0.776,-0.183,-0.88,0.724,-0.703,-0.806,0.427,-0.423,0.592,0.581,-0.731,0.59,-0.844,-0.764,0.724,-0.641,-0.854,-0.502,-0.809,0.244,0.811,-0.528,0.2,-0.855,-0.809,0.617,-0.492,-0.746,-0.738,-0.805,-0.767,-0.741,0.5,-0.819,0.637,-0.368,-0.878,-0.689,0.497,-0.777,-0.509,-0.83,-0.36,-0.621,-0.69,0.531,-0.796,0.73,-0.646,0.272,-0.826,-0.767,0.142,-0.698,-0.178,-0.698,0.137,-0.74,-0.814,-0.691,-0.69,0.283,0.492,0.719,-0.823,-0.593,0.237,-0.599,-0.831,-0.756,-0.856,0.937,-0.675,-0.881,-0.671,-0.774,-0.802,-0.833,0.66,-0.73,0.731,0.42,-0.083,-0.756,-0.781,-0.475,-0.598,0.572,-0.772,-0.743,-0.483,-0.701,-0.587
CCOI,0.006,-0.483,0.955,-0.533,-0.381,-0.548,-0.515,0.682,0.533,-0.372,0.448,-0.746,-0.671,0.491,-0.026,0.823,0.119,-0.043,-0.177,0.365,-0.652,-0.194,0.754,-0.73,0.277,0.009,-0.642,-0.406,0.59,0.0,-0.317,-0.556,0.541,-0.608,-0.679,-0.691,0.779,-0.124,-0.207,-0.665,-0.18,0.086,-0.275,0.698,0.716,-0.306,0.306,0.558,0.299,-0.473,-0.071,-0.4,-0.339,-0.597,-0.424,0.381,-0.092,0.182,0.789,-0.345,-0.238,-0.511,-0.882,0.453,-0.039,-0.129,0.069,0.826,-0.114,-0.563,0.613,-0.549,0.029,-0.2,-0.728,0.687,0.63,-0.774,0.018,0.61,-0.51,0.707,-0.498,0.69,-0.19,-0.372,-0.552,-0.445,-0.63,0.376,0.884,0.846,0.307,-0.155,-0.106,0.828,0.08,0.712,-0.456,-0.697,-0.344,-0.707,-0.053,-0.114,0.46,0.701,-0.133,0.578,-0.0,-0.601,0.228,-0.563,-0.303,0.463,-0.461,-0.024,0.876,-0.397,0.805,-0.479,-0.417,0.864,-0.547,-0.445,0.026,-0.816,0.63,0.286,0.03,0.768,-0.501,-0.695,0.073,-0.629,-0.419,-0.722,-0.46,-0.751,-0.283,0.803,-0.565,0.201,0.144,-0.616,-0.106,0.008,-0.144,-0.033,-0.419,0.285,-0.737,-0.024,0.929,-0.569,0.483,-0.235,0.75,-0.742,-0.81,-0.173,-0.51,-0.598,-0.387,0.227,-0.817,-0.28,-0.351,-0.358,-0.103,0.017,0.614,-0.584,-0.221,-0.492,-0.038,-0.576,-0.609,-0.65,0.701,-0.456,-0.457,-0.532,-0.298,-0.323,-0.787,0.056,-0.412,0.42,0.057,0.462,-0.35,-0.798,-0.815,0.047,0.132,-0.392,-0.634,-0.302,-0.804,-0.11
