,AAPL,ACRS,ADP,AFYA,AGNC,AGYS,ALT,AMGN,AMPH,AMZN,ANIP,AOSL,APDN,APLT,APVO,ARGX,ARLP,ATEX,ATRA,AUTL,AVDL,BCRX,BHAT,BLBD,BMRN,BNGO,BUSE,CAKE,CASY,CCOI,CEVA,CHY,CLDX,CLMT,COHU,COLM,COST,CPRT,CSWC,CSX,DBX,DCOM,DKNG,DMLP,DOX,EA,EDIT,ENPH,ENSG,ERNA,ESGR,ETNB,EXTR,FANG,FARO,FATE,FGEN,FIVE,FIVN,FLGT,FOLD,FORM,FOXA,FRPT,FSLR,FTAI,GBDC,GDYN,GGAL,GNLN,GRFS,GT,HCAT,HCM,HFWA,HOLX,HQY,HUBG,IAC,ICLR,IDCC,IEP,IHRT,ILMN,ILPT,IMAB,IMOS,INMD,INTZ,JAZZ,JKHY,JRVR,KIDS,LBRDK,LGND,LMAT,LPLA,LULU,MASI,MAT,MATW,MBIN,MBIO,MCRB,MDB,MDLZ,MELI,MIRM,MLKN,MNMD,MNRO,MPWR,MRCY,MRSN,MTVA,NAAS,NDAQ,NDSN,NEGG,NOVT,NVDA,NWE,NWSA,NXST,OCX,ODFL,OMAB,OPCH,OPRA,ORGO,OTRK,OZK,PAGP,PCH,PEGA,PENG,PENN,PFBC,PGNY,PHAT,PHUN,PINC,PLUG,PLXS,PYPL,QLYS,QNCX,QQQX,QVCGA,RAPT,RBBN,RCKT,REPL,RMBS,ROAD,ROKU,ROP,RUSHA,SANM,SATS,SBCF,SBLK,SBUX,SCHL,SCSC,SDGR,SEIC,SFIX,SGRY,SKYW,SLP,SNES,STAA,STLD,STOK,SWKS,TER,TFIN,TIGO,TILE,TPIC,TTEC,TTEK,TTGT,UXIN,VERU,VLYPP,VNOM,VRNS,VRSN,WDAY,WERN,WINA,WKHS,WRLD,XP,XTKG,YY,ZION,ZM
AAPL,0.0,0.701,-0.063,0.859,-0.224,0.558,0.855,0.448,0.345,0.677,-0.521,0.649,-0.166,-0.289,0.411,0.631,-0.097,0.492,0.333,0.656,0.65,0.601,0.137,0.468,0.808,0.545,0.289,0.429,0.38,0.499,0.515,0.75,0.78,0.429,0.283,0.713,0.871,0.458,0.862,0.313,0.789,-0.463,0.754,0.533,0.707,0.06,0.17,0.759,-0.04,-0.25,0.456,-0.443,0.068,0.52,-0.156,0.418,0.558,0.663,0.571,0.471,0.074,0.267,0.721,0.795,-0.216,0.415,0.796,-0.007,0.908,0.013,-0.19,0.138,0.285,-0.046,0.013,0.598,0.531,0.055,0.536,0.903,0.244,0.865,0.478,0.192,0.262,-0.217,0.375,0.867,-0.152,0.765,0.794,0.566,-0.132,0.902,0.799,-0.024,0.811,0.867,0.596,0.552,0.161,0.358,-0.271,0.33,0.701,0.059,0.612,0.675,0.508,0.603,-0.634,0.514,-0.526,-0.15,-0.263,-0.005,0.581,0.363,0.169,0.134,0.723,0.367,0.776,0.795,0.041,0.59,0.779,0.71,0.528,0.265,-0.099,0.209,0.752,0.457,0.823,0.085,0.732,0.462,0.588,0.432,0.453,-0.037,0.656,0.096,-0.44,0.564,-0.364,0.761,-0.382,0.102,0.141,0.554,-0.303,0.593,0.675,0.42,0.763,-0.476,0.762,0.497,-0.244,0.757,0.136,0.269,0.448,0.331,0.624,0.207,0.626,-0.318,0.127,0.447,0.58,0.749,-0.221,0.15,-0.361,0.099,0.66,0.116,-0.154,0.119,0.619,0.485,0.561,0.661,-0.524,0.484,0.663,0.466,0.236,-0.097,0.324,0.398,-0.243,0.423,0.693,0.481,0.751,0.114
ACRS,0.701,0.0,-0.312,0.683,-0.526,0.559,0.817,0.363,0.598,0.572,-0.571,0.825,-0.572,-0.628,0.207,0.632,-0.351,0.734,0.352,0.75,0.569,0.941,0.028,0.666,0.872,0.38,0.066,0.849,-0.066,0.788,0.315,0.58,0.801,0.613,0.132,0.914,0.847,0.055,0.713,-0.169,0.738,-0.624,0.697,0.629,0.929,-0.045,-0.244,0.83,-0.002,-0.526,0.439,-0.662,-0.252,0.572,-0.287,0.257,0.929,0.658,0.715,0.346,-0.072,0.037,0.886,0.807,-0.529,0.365,0.899,-0.444,0.582,-0.339,-0.65,-0.097,0.167,-0.323,0.004,0.729,0.916,0.168,0.529,0.811,-0.173,0.739,0.62,-0.142,-0.236,-0.465,0.233,0.769,0.067,0.594,0.617,0.277,-0.138,0.821,0.777,-0.139,0.943,0.576,0.565,0.705,-0.261,0.236,-0.562,0.372,0.873,-0.008,0.423,0.942,0.736,0.898,-0.778,0.455,-0.712,-0.34,-0.627,-0.423,0.103,-0.02,-0.124,-0.032,0.533,0.183,0.814,0.936,-0.23,0.284,0.941,0.866,0.653,0.219,-0.462,0.2,0.586,0.378,0.694,-0.201,0.953,0.261,0.466,0.782,0.654,-0.333,0.478,-0.124,-0.767,0.63,-0.621,0.384,-0.28,-0.009,-0.201,0.769,-0.554,0.561,0.682,0.336,0.46,-0.743,0.43,0.599,-0.115,0.946,-0.207,0.091,0.303,0.127,0.413,0.118,0.789,-0.654,-0.237,0.323,0.712,0.643,-0.1,-0.189,-0.501,-0.122,0.574,-0.069,-0.499,-0.222,0.664,0.251,0.261,0.758,-0.732,0.523,0.779,0.174,-0.118,-0.453,0.265,0.203,-0.01,0.76,0.774,0.214,0.872,-0.204
ADP,-0.063,-0.312,0.0,-0.332,0.562,0.398,-0.068,0.447,-0.132,0.4,0.659,0.184,0.772,0.79,0.731,0.421,0.235,0.087,0.095,0.246,0.33,-0.233,0.604,0.157,-0.01,0.636,0.625,0.057,0.461,-0.082,0.702,0.374,0.119,0.288,0.687,-0.093,-0.224,0.773,-0.195,0.736,0.073,0.763,0.175,-0.696,-0.219,0.336,0.73,0.119,0.649,0.75,-0.678,0.864,0.849,-0.441,0.921,0.478,-0.482,0.39,0.302,0.592,0.711,0.563,-0.106,0.107,0.74,0.591,-0.222,0.835,-0.195,0.81,0.71,0.706,0.738,0.929,0.786,-0.172,-0.552,0.641,0.16,-0.202,0.744,0.003,0.02,0.923,0.765,0.912,0.772,0.128,0.6,0.335,0.194,0.472,0.786,-0.083,0.018,0.889,-0.209,0.178,0.536,0.212,0.835,0.563,0.873,-0.136,0.03,0.45,0.383,-0.168,-0.408,-0.196,0.641,0.592,0.709,0.907,0.803,0.499,0.68,0.666,0.877,0.918,0.477,-0.353,0.089,-0.111,0.755,0.449,-0.235,-0.039,-0.084,0.719,0.866,0.701,-0.289,0.587,0.114,0.824,-0.301,0.232,0.416,-0.66,0.314,0.747,0.538,0.843,0.501,-0.011,0.909,0.427,0.625,0.744,0.874,0.26,0.833,0.504,-0.415,0.543,0.247,0.591,0.354,0.375,0.57,-0.326,0.591,0.583,0.679,0.627,0.622,0.499,0.189,0.525,0.909,0.514,0.356,0.33,0.372,0.658,0.88,0.904,0.339,0.843,0.764,0.719,0.357,0.394,0.644,0.289,0.738,-0.421,0.294,0.677,0.714,0.86,0.347,0.671,0.704,-0.711,-0.356,0.609,-0.228,0.807
AFYA,0.859,0.683,-0.332,0.0,-0.179,0.444,0.731,0.353,0.314,0.494,-0.508,0.521,-0.307,-0.411,0.222,0.403,0.02,0.401,0.349,0.496,0.457,0.603,0.018,0.389,0.663,0.348,0.13,0.337,0.29,0.48,0.271,0.617,0.612,0.419,0.146,0.576,0.767,0.182,0.741,0.14,0.624,-0.553,0.682,0.577,0.623,-0.202,0.032,0.626,-0.137,-0.32,0.611,-0.579,-0.063,0.601,-0.353,0.263,0.613,0.414,0.38,0.339,-0.041,0.089,0.62,0.685,-0.289,0.242,0.729,-0.152,0.875,-0.157,-0.35,-0.082,0.145,-0.263,-0.209,0.4,0.576,-0.087,0.416,0.833,0.042,0.797,0.524,-0.096,0.068,-0.398,0.122,0.732,-0.363,0.618,0.572,0.311,-0.222,0.758,0.689,-0.224,0.739,0.64,0.328,0.418,-0.029,0.15,-0.416,0.438,0.554,-0.097,0.519,0.605,0.558,0.559,-0.677,0.276,-0.599,-0.324,-0.387,-0.239,0.335,0.109,-0.015,-0.121,0.525,0.482,0.595,0.682,-0.192,0.271,0.712,0.665,0.5,0.123,-0.239,-0.011,0.656,0.314,0.658,-0.077,0.719,0.267,0.519,0.534,0.283,-0.124,0.407,-0.086,-0.39,0.389,-0.539,0.626,-0.419,0.001,-0.033,0.45,-0.422,0.432,0.767,0.287,0.492,-0.502,0.508,0.307,-0.285,0.727,0.08,0.145,0.209,0.163,0.327,0.16,0.463,-0.301,-0.094,0.313,0.329,0.585,-0.19,0.058,-0.566,-0.102,0.466,-0.053,-0.282,0.052,0.34,0.294,0.267,0.513,-0.625,0.612,0.467,0.184,0.03,-0.35,0.145,0.257,-0.387,0.578,0.726,0.255,0.731,-0.066
AGNC,-0.224,-0.526,0.562,-0.179,0.0,0.247,-0.196,0.216,-0.417,0.014,0.823,-0.181,0.751,0.847,0.473,-0.124,0.714,-0.329,0.391,-0.187,0.07,-0.377,0.508,-0.09,-0.327,0.357,0.52,-0.275,0.478,-0.177,0.349,0.137,-0.119,0.044,0.635,-0.513,-0.528,0.487,-0.373,0.6,-0.224,0.788,0.08,-0.648,-0.566,-0.217,0.742,-0.236,0.466,0.903,-0.239,0.752,0.784,-0.206,0.621,0.5,-0.549,-0.108,-0.174,0.393,0.703,0.556,-0.427,-0.226,0.88,0.365,-0.459,0.818,-0.099,0.747,0.714,0.548,0.45,0.696,0.403,-0.718,-0.701,0.318,0.059,-0.371,0.557,-0.029,0.127,0.488,0.724,0.729,0.339,-0.112,0.055,-0.026,-0.284,0.156,0.677,-0.467,-0.157,0.565,-0.48,-0.145,-0.052,-0.133,0.759,0.236,0.829,0.228,-0.379,-0.019,0.267,-0.471,-0.322,-0.32,0.766,0.1,0.775,0.757,0.76,0.332,0.409,0.423,0.682,0.502,0.187,0.065,-0.337,-0.452,0.581,-0.046,-0.541,-0.265,-0.368,0.527,0.821,0.302,-0.419,0.308,-0.061,0.768,-0.412,-0.051,0.364,-0.581,-0.158,0.633,0.164,0.595,0.867,-0.309,0.673,0.339,0.659,0.657,0.67,-0.047,0.845,0.18,-0.168,0.356,-0.217,0.821,-0.042,-0.144,0.592,-0.596,0.749,0.477,0.245,0.552,0.169,0.603,-0.241,0.814,0.699,0.389,-0.238,-0.023,0.652,0.799,0.694,0.589,0.006,0.672,0.796,0.777,-0.313,0.139,0.184,-0.13,0.74,-0.102,-0.22,0.181,0.505,0.554,0.12,0.564,0.423,-0.551,-0.318,0.335,-0.315,0.717
AGYS,0.558,0.559,0.398,0.444,0.247,0.0,0.686,0.563,0.291,0.753,0.192,0.804,0.107,0.189,0.769,0.725,0.192,0.552,0.589,0.77,0.824,0.65,0.568,0.768,0.75,0.858,0.656,0.67,0.406,0.71,0.824,0.847,0.776,0.825,0.792,0.566,0.455,0.651,0.395,0.516,0.616,0.16,0.908,-0.041,0.488,-0.103,0.505,0.727,0.665,0.348,0.089,0.132,0.582,0.356,0.476,0.725,0.382,0.768,0.759,0.889,0.683,0.573,0.673,0.753,0.27,0.822,0.516,0.4,0.464,0.477,0.037,0.492,0.779,0.432,0.582,0.204,0.288,0.635,0.623,0.516,0.374,0.725,0.747,0.508,0.516,0.358,0.766,0.779,0.266,0.776,0.518,0.541,0.633,0.565,0.667,0.566,0.584,0.54,0.813,0.795,0.545,0.656,0.271,0.498,0.675,0.044,0.777,0.589,0.321,0.613,-0.073,0.824,0.064,0.486,0.171,-0.051,0.611,0.411,0.666,0.648,0.861,-0.057,0.699,0.668,0.459,0.423,0.549,0.757,0.373,0.811,0.373,0.664,0.169,0.845,0.703,0.626,0.594,0.343,0.933,0.216,0.679,0.393,0.818,0.633,-0.028,0.365,0.124,0.791,0.329,0.736,0.572,0.883,0.293,0.921,0.446,0.782,0.428,0.009,0.611,0.637,0.47,0.467,0.534,0.713,0.7,0.762,0.786,0.644,0.773,0.032,0.549,0.754,0.72,0.792,0.439,0.558,0.282,0.588,0.729,0.685,0.303,0.569,0.637,0.403,0.597,0.866,0.006,0.34,0.793,0.631,0.452,0.233,0.403,0.847,0.501,0.119,0.351,0.696,0.621,0.567
ALT,0.855,0.817,-0.068,0.731,-0.196,0.686,0.0,0.424,0.322,0.678,-0.376,0.76,-0.257,-0.29,0.439,0.669,-0.185,0.636,0.584,0.731,0.679,0.772,0.208,0.594,0.904,0.609,0.301,0.655,0.213,0.691,0.575,0.682,0.905,0.513,0.404,0.783,0.801,0.389,0.774,0.144,0.798,-0.399,0.823,0.473,0.742,-0.052,0.182,0.821,0.062,-0.181,0.416,-0.438,0.055,0.502,-0.066,0.617,0.747,0.72,0.667,0.49,0.231,0.371,0.789,0.839,-0.193,0.489,0.789,-0.063,0.754,0.046,-0.304,0.153,0.355,-0.016,0.097,0.594,0.665,0.182,0.688,0.799,0.184,0.819,0.603,0.154,0.189,-0.188,0.427,0.893,0.091,0.697,0.729,0.535,0.005,0.825,0.91,0.07,0.84,0.76,0.643,0.611,0.101,0.372,-0.238,0.538,0.81,0.05,0.645,0.775,0.673,0.809,-0.573,0.567,-0.435,-0.07,-0.309,-0.066,0.447,0.288,0.175,0.195,0.724,0.302,0.807,0.842,0.064,0.449,0.789,0.825,0.555,0.427,-0.104,0.295,0.63,0.461,0.866,0.12,0.818,0.356,0.664,0.554,0.547,-0.081,0.711,0.114,-0.441,0.645,-0.374,0.671,-0.157,0.205,0.084,0.733,-0.231,0.659,0.733,0.519,0.578,-0.458,0.652,0.553,-0.078,0.761,0.149,0.363,0.458,0.453,0.61,0.372,0.686,-0.379,0.097,0.536,0.708,0.674,0.097,0.151,-0.273,0.095,0.635,0.169,-0.108,0.114,0.647,0.5,0.519,0.751,-0.486,0.455,0.759,0.387,0.248,-0.151,0.448,0.486,-0.006,0.564,0.749,0.49,0.774,0.149
AMGN,0.448,0.363,0.447,0.353,0.216,0.563,0.424,0.0,0.412,0.63,0.164,0.658,0.269,0.117,0.683,0.632,0.077,0.547,0.367,0.51,0.46,0.448,0.307,0.432,0.407,0.609,0.575,0.499,0.325,0.317,0.671,0.623,0.557,0.58,0.6,0.497,0.319,0.51,0.216,0.429,0.481,0.166,0.495,-0.165,0.396,0.158,0.267,0.615,0.35,0.178,-0.229,0.201,0.477,-0.096,0.411,0.411,0.285,0.514,0.611,0.6,0.355,0.444,0.395,0.554,0.217,0.645,0.378,0.32,0.286,0.238,0.085,0.403,0.569,0.41,0.521,0.232,0.141,0.606,0.325,0.367,0.497,0.514,0.491,0.496,0.403,0.26,0.614,0.54,0.29,0.559,0.572,0.509,0.438,0.383,0.476,0.541,0.461,0.417,0.576,0.523,0.491,0.465,0.256,0.091,0.496,0.404,0.534,0.497,0.339,0.289,-0.061,0.568,0.057,0.392,0.138,-0.052,0.485,0.485,0.508,0.592,0.655,0.177,0.497,0.444,0.313,0.349,0.447,0.458,0.162,0.652,0.287,0.656,0.18,0.687,0.412,0.511,0.377,0.265,0.535,-0.041,0.649,0.332,0.557,0.434,-0.038,0.397,0.213,0.558,0.18,0.48,0.494,0.602,0.221,0.705,0.172,0.511,0.389,-0.053,0.368,0.581,0.525,0.363,0.277,0.426,0.709,0.399,0.68,0.472,0.546,0.037,0.539,0.576,0.542,0.62,0.25,0.42,0.245,0.589,0.49,0.566,0.203,0.374,0.569,0.53,0.547,0.582,0.004,-0.017,0.573,0.418,0.39,0.261,0.403,0.564,0.48,-0.062,0.272,0.451,0.413,0.385
AMPH,0.345,0.598,-0.132,0.314,-0.417,0.291,0.322,0.412,0.0,0.456,-0.297,0.569,-0.324,-0.492,0.196,0.469,-0.008,0.607,0.044,0.537,0.369,0.658,-0.009,0.349,0.477,0.138,0.167,0.6,-0.197,0.34,0.134,0.425,0.427,0.549,0.0,0.615,0.494,-0.077,0.316,-0.173,0.298,-0.316,0.32,0.432,0.626,0.193,-0.301,0.501,-0.018,-0.422,0.085,-0.32,-0.171,0.382,-0.198,-0.078,0.528,0.363,0.448,0.334,-0.158,-0.252,0.582,0.412,-0.497,0.317,0.599,-0.359,0.244,-0.372,-0.502,-0.14,0.021,-0.189,0.26,0.527,0.559,0.185,0.051,0.404,-0.255,0.425,0.401,-0.082,-0.194,-0.309,0.119,0.369,0.039,0.407,0.296,0.228,-0.081,0.494,0.34,-0.034,0.622,0.161,0.337,0.56,-0.16,0.262,-0.38,-0.126,0.51,0.061,0.046,0.677,0.305,0.49,-0.544,0.269,-0.491,-0.182,-0.477,-0.327,-0.044,-0.18,-0.091,0.006,0.285,0.077,0.539,0.621,-0.217,0.102,0.619,0.486,0.171,0.123,-0.381,0.314,0.411,0.362,0.207,-0.118,0.551,0.323,0.171,0.332,0.661,-0.267,0.15,-0.048,-0.615,0.248,-0.366,0.139,-0.215,0.007,-0.048,0.499,-0.382,0.384,0.318,0.054,0.275,-0.6,0.117,0.492,0.135,0.661,-0.35,0.024,0.296,-0.157,0.332,-0.202,0.585,-0.575,-0.131,0.137,0.39,0.497,-0.221,-0.303,-0.265,0.075,0.458,0.017,-0.519,-0.308,0.516,0.115,0.093,0.515,-0.507,0.319,0.451,0.014,-0.334,-0.323,0.024,0.059,0.186,0.253,0.392,-0.027,0.658,-0.327
AMZN,0.677,0.572,0.4,0.494,0.014,0.753,0.678,0.63,0.456,0.0,-0.047,0.803,0.195,0.02,0.742,0.896,0.045,0.779,0.385,0.846,0.755,0.601,0.456,0.535,0.738,0.792,0.619,0.602,0.32,0.43,0.774,0.864,0.8,0.694,0.612,0.727,0.617,0.616,0.555,0.437,0.677,-0.019,0.767,0.147,0.628,0.236,0.442,0.808,0.292,0.094,-0.103,0.039,0.451,0.314,0.291,0.571,0.385,0.831,0.77,0.773,0.415,0.317,0.639,0.742,0.06,0.729,0.661,0.303,0.528,0.302,-0.015,0.413,0.595,0.414,0.554,0.535,0.354,0.401,0.571,0.623,0.365,0.71,0.477,0.589,0.446,0.219,0.708,0.804,0.319,0.858,0.662,0.746,0.345,0.696,0.653,0.457,0.721,0.69,0.783,0.712,0.445,0.669,0.168,0.107,0.745,0.247,0.652,0.669,0.21,0.566,-0.305,0.745,-0.147,0.319,0.032,0.123,0.682,0.452,0.569,0.584,0.855,0.005,0.796,0.699,0.329,0.532,0.592,0.691,0.392,0.661,0.246,0.651,0.502,0.737,0.691,0.457,0.549,0.59,0.697,0.085,0.816,0.192,0.801,0.469,-0.254,0.563,0.063,0.784,0.109,0.49,0.542,0.762,0.108,0.804,0.417,0.707,0.616,-0.277,0.636,0.699,0.23,0.609,0.19,0.516,0.749,0.475,0.857,0.372,0.732,-0.284,0.497,0.71,0.773,0.864,0.045,0.261,0.127,0.597,0.744,0.51,0.103,0.336,0.806,0.656,0.779,0.823,-0.172,0.288,0.809,0.568,0.397,0.228,0.365,0.698,0.379,0.07,0.536,0.633,0.681,0.4
ANIP,-0.521,-0.571,0.659,-0.508,0.823,0.192,-0.376,0.164,-0.297,-0.047,0.0,-0.18,0.671,0.817,0.411,-0.112,0.523,-0.21,0.208,-0.181,-0.039,-0.374,0.496,-0.081,-0.393,0.257,0.483,-0.184,0.208,-0.221,0.313,-0.031,-0.252,0.109,0.567,-0.52,-0.68,0.324,-0.626,0.416,-0.421,0.913,-0.093,-0.793,-0.621,-0.092,0.6,-0.315,0.591,0.875,-0.516,0.873,0.746,-0.415,0.758,0.355,-0.57,-0.152,-0.135,0.335,0.685,0.429,-0.451,-0.341,0.777,0.326,-0.589,0.728,-0.468,0.7,0.596,0.473,0.477,0.715,0.595,-0.7,-0.674,0.455,-0.099,-0.625,0.414,-0.307,0.021,0.491,0.569,0.781,0.358,-0.291,0.332,-0.131,-0.393,0.083,0.797,-0.589,-0.294,0.701,-0.563,-0.409,-0.023,-0.125,0.651,0.294,0.852,0.001,-0.399,0.101,0.08,-0.484,-0.456,-0.395,0.856,0.147,0.879,0.819,0.767,0.321,0.188,0.217,0.64,0.599,0.047,-0.264,-0.384,-0.494,0.59,-0.188,-0.6,-0.296,-0.473,0.538,0.766,0.426,-0.638,0.277,-0.314,0.738,-0.538,-0.077,0.234,-0.654,-0.042,0.644,0.072,0.642,0.786,-0.412,0.779,0.066,0.778,0.698,0.645,-0.014,0.892,0.171,-0.412,0.245,-0.411,0.816,-0.189,-0.071,0.768,-0.666,0.57,0.513,0.267,0.461,0.116,0.451,-0.222,0.693,0.669,0.241,-0.172,-0.14,0.663,0.624,0.841,0.645,-0.097,0.693,0.742,0.661,-0.23,0.021,0.057,-0.108,0.83,-0.334,-0.202,0.156,0.377,0.595,0.116,0.46,0.675,-0.696,-0.563,0.187,-0.434,0.595
AOSL,0.649,0.825,0.184,0.521,-0.181,0.804,0.76,0.658,0.569,0.803,-0.18,0.0,-0.118,-0.218,0.632,0.878,-0.159,0.786,0.468,0.896,0.757,0.857,0.299,0.818,0.853,0.729,0.443,0.881,0.133,0.732,0.701,0.812,0.876,0.808,0.562,0.875,0.719,0.437,0.563,0.228,0.755,-0.184,0.814,0.255,0.823,0.132,0.136,0.927,0.376,-0.116,0.061,-0.186,0.245,0.363,0.199,0.502,0.682,0.823,0.89,0.696,0.29,0.331,0.844,0.848,-0.111,0.758,0.796,0.018,0.452,0.064,-0.279,0.325,0.545,0.166,0.452,0.598,0.618,0.56,0.625,0.691,0.168,0.762,0.62,0.341,0.148,0.013,0.678,0.825,0.319,0.805,0.693,0.485,0.324,0.73,0.717,0.335,0.861,0.625,0.816,0.879,0.195,0.547,-0.087,0.302,0.891,0.263,0.635,0.898,0.53,0.774,-0.448,0.772,-0.314,0.171,-0.206,-0.258,0.433,0.337,0.368,0.452,0.838,0.027,0.87,0.883,0.15,0.478,0.846,0.845,0.535,0.623,-0.013,0.613,0.408,0.737,0.708,0.293,0.81,0.381,0.674,0.454,0.889,0.063,0.759,0.34,-0.485,0.653,-0.167,0.63,0.094,0.407,0.267,0.931,-0.107,0.866,0.452,0.636,0.583,-0.429,0.582,0.777,0.294,0.779,0.092,0.368,0.678,0.427,0.73,0.366,0.927,-0.364,0.246,0.672,0.882,0.845,0.14,0.207,-0.025,0.388,0.737,0.398,-0.12,0.138,0.836,0.434,0.594,0.922,-0.359,0.331,0.919,0.48,0.2,-0.033,0.364,0.609,0.419,0.391,0.569,0.549,0.784,0.211
APDN,-0.166,-0.572,0.772,-0.307,0.751,0.107,-0.257,0.269,-0.324,0.195,0.671,-0.118,0.0,0.847,0.582,0.142,0.465,-0.192,0.14,-0.03,0.083,-0.506,0.475,-0.197,-0.324,0.417,0.547,-0.292,0.455,-0.403,0.436,0.202,-0.106,-0.016,0.575,-0.404,-0.375,0.626,-0.238,0.733,-0.199,0.802,-0.033,-0.583,-0.463,0.222,0.786,-0.15,0.321,0.776,-0.548,0.837,0.795,-0.378,0.694,0.393,-0.662,0.059,-0.135,0.383,0.569,0.461,-0.453,-0.24,0.795,0.427,-0.373,0.866,-0.176,0.744,0.854,0.678,0.413,0.85,0.562,-0.401,-0.757,0.3,-0.028,-0.315,0.645,-0.113,-0.252,0.785,0.769,0.807,0.519,-0.078,0.288,0.122,-0.067,0.338,0.578,-0.332,-0.229,0.666,-0.407,0.029,0.097,-0.126,0.779,0.438,0.877,-0.202,-0.335,0.385,0.151,-0.448,-0.548,-0.434,0.696,0.198,0.713,0.787,0.828,0.604,0.597,0.661,0.746,0.649,0.284,0.022,-0.203,-0.408,0.655,0.287,-0.499,-0.32,-0.262,0.474,0.827,0.483,-0.192,0.305,-0.088,0.738,-0.507,0.252,0.165,-0.813,0.009,0.628,0.303,0.698,0.667,-0.155,0.812,0.361,0.597,0.569,0.766,-0.106,0.827,0.206,-0.39,0.297,0.139,0.702,0.169,0.104,0.471,-0.551,0.539,0.401,0.475,0.427,0.364,0.342,-0.141,0.652,0.776,0.425,-0.058,0.117,0.273,0.648,0.78,0.758,0.121,0.681,0.748,0.646,-0.012,0.342,0.473,-0.09,0.759,-0.335,-0.106,0.357,0.518,0.747,0.208,0.526,0.441,-0.749,-0.349,0.396,-0.359,0.662
APLT,-0.289,-0.628,0.79,-0.411,0.847,0.189,-0.29,0.117,-0.492,0.02,0.817,-0.218,0.847,0.0,0.498,-0.049,0.556,-0.378,0.211,-0.159,0.099,-0.553,0.56,-0.102,-0.338,0.416,0.537,-0.313,0.531,-0.259,0.425,0.108,-0.171,-0.039,0.616,-0.543,-0.538,0.618,-0.351,0.705,-0.229,0.906,0.003,-0.741,-0.6,-0.005,0.815,-0.28,0.54,0.949,-0.435,0.903,0.842,-0.364,0.805,0.479,-0.722,0.017,-0.138,0.369,0.721,0.63,-0.48,-0.259,0.93,0.369,-0.546,0.922,-0.25,0.909,0.902,0.664,0.533,0.842,0.554,-0.637,-0.819,0.389,0.042,-0.451,0.65,-0.165,-0.098,0.702,0.787,0.906,0.487,-0.151,0.302,0.001,-0.21,0.253,0.737,-0.454,-0.232,0.705,-0.563,-0.051,0.091,-0.159,0.827,0.394,0.948,0.023,-0.404,0.167,0.209,-0.573,-0.514,-0.447,0.896,0.249,0.87,0.861,0.937,0.599,0.524,0.559,0.778,0.672,0.206,-0.161,-0.327,-0.485,0.756,0.206,-0.593,-0.335,-0.329,0.507,0.942,0.414,-0.431,0.287,-0.075,0.817,-0.559,0.074,0.288,-0.73,-0.164,0.697,0.275,0.735,0.829,-0.32,0.891,0.305,0.734,0.687,0.77,-0.089,0.951,0.195,-0.394,0.35,-0.058,0.92,0.148,-0.015,0.546,-0.685,0.709,0.518,0.359,0.638,0.269,0.557,-0.205,0.864,0.781,0.349,-0.103,-0.008,0.531,0.797,0.873,0.697,0.044,0.749,0.903,0.776,-0.156,0.183,0.349,-0.105,0.895,-0.278,-0.147,0.422,0.612,0.825,0.232,0.572,0.461,-0.758,-0.561,0.426,-0.469,0.797
APVO,0.411,0.207,0.731,0.222,0.473,0.769,0.439,0.683,0.196,0.742,0.411,0.632,0.582,0.498,0.0,0.728,0.296,0.428,0.487,0.665,0.703,0.292,0.621,0.513,0.466,0.902,0.754,0.429,0.478,0.297,0.87,0.804,0.6,0.665,0.864,0.317,0.244,0.822,0.24,0.759,0.424,0.46,0.652,-0.286,0.246,0.185,0.726,0.586,0.615,0.558,-0.301,0.498,0.807,0.059,0.704,0.708,0.014,0.658,0.575,0.894,0.734,0.608,0.359,0.515,0.533,0.879,0.298,0.69,0.295,0.67,0.423,0.7,0.81,0.774,0.76,0.081,-0.112,0.696,0.475,0.294,0.644,0.555,0.414,0.833,0.763,0.651,0.896,0.611,0.45,0.736,0.491,0.643,0.718,0.352,0.442,0.797,0.326,0.478,0.743,0.596,0.786,0.726,0.609,0.207,0.419,0.363,0.669,0.325,-0.023,0.298,0.202,0.782,0.339,0.764,0.487,0.265,0.81,0.661,0.885,0.833,0.85,-0.027,0.51,0.383,0.621,0.545,0.266,0.445,0.208,0.878,0.666,0.787,0.122,0.827,0.52,0.812,0.247,0.434,0.762,-0.243,0.626,0.591,0.809,0.827,0.2,0.262,0.503,0.794,0.478,0.82,0.843,0.668,0.578,0.855,0.11,0.737,0.499,0.24,0.607,0.658,0.55,0.174,0.572,0.668,0.864,0.732,0.858,0.587,0.598,0.27,0.822,0.836,0.604,0.741,0.367,0.677,0.575,0.881,0.696,0.842,0.518,0.683,0.602,0.574,0.768,0.692,0.322,0.054,0.629,0.689,0.6,0.547,0.392,0.894,0.629,-0.276,0.152,0.768,0.344,0.701
ARGX,0.631,0.632,0.421,0.403,-0.124,0.725,0.669,0.632,0.469,0.896,-0.112,0.878,0.142,-0.049,0.728,0.0,-0.178,0.782,0.282,0.916,0.744,0.626,0.345,0.663,0.757,0.804,0.469,0.707,0.161,0.469,0.768,0.81,0.792,0.719,0.569,0.772,0.649,0.589,0.546,0.404,0.719,-0.07,0.739,0.132,0.713,0.381,0.328,0.86,0.351,-0.009,-0.177,0.019,0.37,0.191,0.344,0.499,0.439,0.839,0.825,0.707,0.327,0.313,0.672,0.782,0.02,0.727,0.69,0.216,0.419,0.232,-0.031,0.425,0.633,0.415,0.525,0.618,0.408,0.495,0.599,0.613,0.359,0.642,0.389,0.6,0.33,0.222,0.78,0.791,0.487,0.859,0.737,0.594,0.338,0.71,0.631,0.482,0.747,0.691,0.873,0.784,0.333,0.603,0.133,0.12,0.826,0.418,0.659,0.726,0.252,0.598,-0.338,0.82,-0.17,0.313,0.014,0.045,0.634,0.495,0.521,0.607,0.85,-0.053,0.815,0.741,0.291,0.589,0.669,0.705,0.54,0.648,0.184,0.668,0.427,0.699,0.668,0.375,0.59,0.469,0.622,0.154,0.863,0.196,0.851,0.466,-0.356,0.613,0.078,0.679,0.086,0.422,0.448,0.814,0.048,0.822,0.247,0.693,0.691,-0.338,0.677,0.834,0.21,0.647,0.117,0.417,0.763,0.451,0.832,0.29,0.83,-0.301,0.438,0.7,0.894,0.833,-0.023,0.217,0.144,0.575,0.737,0.462,0.049,0.249,0.891,0.586,0.794,0.877,-0.15,0.139,0.911,0.618,0.401,0.199,0.369,0.652,0.435,0.153,0.502,0.667,0.609,0.357
ARLP,-0.097,-0.351,0.235,0.02,0.714,0.192,-0.185,0.077,-0.008,0.045,0.523,-0.159,0.465,0.556,0.296,-0.178,0.0,-0.332,0.356,-0.091,0.208,-0.217,0.386,-0.045,-0.198,0.197,0.501,-0.257,0.379,-0.114,0.098,0.221,-0.066,0.117,0.373,-0.415,-0.369,0.238,-0.155,0.407,-0.196,0.522,0.157,-0.268,-0.372,-0.267,0.499,-0.233,0.289,0.615,0.047,0.456,0.552,0.251,0.242,0.258,-0.441,-0.121,-0.203,0.39,0.42,0.236,-0.227,-0.215,0.521,0.284,-0.246,0.538,0.102,0.489,0.464,0.273,0.197,0.357,0.317,-0.621,-0.493,0.086,-0.048,-0.249,0.147,0.151,0.201,0.203,0.535,0.418,0.095,-0.105,-0.289,0.072,-0.332,0.112,0.4,-0.306,-0.199,0.205,-0.28,-0.127,-0.166,-0.002,0.558,0.274,0.485,0.162,-0.348,-0.335,0.12,-0.326,-0.316,-0.248,0.434,-0.003,0.414,0.442,0.463,0.197,0.251,0.091,0.459,0.198,0.13,0.176,-0.282,-0.258,0.358,-0.128,-0.329,-0.218,-0.399,0.245,0.513,0.193,-0.138,0.238,-0.077,0.556,-0.263,0.105,0.286,-0.335,-0.102,0.288,-0.005,0.362,0.574,-0.439,0.342,0.329,0.379,0.463,0.487,-0.025,0.508,0.113,0.032,0.226,-0.177,0.52,-0.029,-0.157,0.419,-0.319,0.406,0.293,0.065,0.351,0.086,0.324,-0.165,0.551,0.406,0.232,-0.355,0.104,0.372,0.527,0.347,0.379,0.065,0.464,0.382,0.434,-0.349,-0.062,0.042,-0.065,0.392,0.329,-0.275,-0.029,0.119,0.272,-0.061,0.41,0.145,-0.41,-0.266,0.158,-0.013,0.387
ATEX,0.492,0.734,0.087,0.401,-0.329,0.552,0.636,0.547,0.607,0.779,-0.21,0.786,-0.192,-0.378,0.428,0.782,-0.332,0.0,0.249,0.754,0.456,0.782,0.216,0.457,0.673,0.454,0.31,0.767,-0.061,0.456,0.495,0.574,0.701,0.636,0.303,0.842,0.645,0.194,0.427,-0.048,0.52,-0.269,0.55,0.29,0.702,0.187,-0.007,0.782,0.061,-0.275,-0.09,-0.254,0.031,0.216,0.035,0.313,0.674,0.678,0.72,0.473,0.134,0.011,0.667,0.689,-0.336,0.474,0.698,-0.157,0.303,-0.135,-0.466,0.068,0.315,0.055,0.378,0.721,0.674,0.323,0.397,0.564,0.03,0.491,0.436,0.209,-0.005,-0.144,0.416,0.669,0.4,0.589,0.558,0.515,0.101,0.66,0.651,0.251,0.783,0.402,0.625,0.613,-0.009,0.43,-0.194,0.002,0.767,0.252,0.341,0.801,0.398,0.669,-0.517,0.509,-0.361,-0.008,-0.383,-0.213,0.214,0.092,0.144,0.306,0.543,-0.03,0.783,0.733,-0.047,0.265,0.682,0.757,0.405,0.468,-0.185,0.473,0.457,0.503,0.487,0.05,0.673,0.443,0.42,0.295,0.824,-0.081,0.521,0.154,-0.548,0.591,-0.25,0.375,-0.042,0.193,0.153,0.723,-0.21,0.609,0.44,0.386,0.389,-0.567,0.321,0.637,0.146,0.702,-0.153,0.292,0.565,0.094,0.587,0.112,0.688,-0.638,0.097,0.426,0.749,0.639,-0.057,-0.176,-0.13,0.269,0.567,0.183,-0.252,-0.036,0.812,0.52,0.44,0.724,-0.433,0.167,0.76,0.269,0.039,-0.126,0.293,0.34,0.384,0.347,0.671,0.245,0.703,-0.037
ATRA,0.333,0.352,0.095,0.349,0.391,0.589,0.584,0.367,0.044,0.385,0.208,0.468,0.14,0.211,0.487,0.282,0.356,0.249,0.0,0.361,0.515,0.445,0.475,0.368,0.448,0.532,0.527,0.443,0.356,0.485,0.47,0.473,0.625,0.378,0.643,0.257,0.234,0.398,0.317,0.261,0.358,0.168,0.591,0.087,0.238,-0.273,0.458,0.411,0.208,0.326,0.235,0.015,0.382,0.409,0.192,0.767,0.363,0.423,0.346,0.5,0.561,0.588,0.337,0.38,0.287,0.601,0.322,0.272,0.349,0.335,0.07,0.407,0.34,0.231,0.33,-0.009,0.173,0.305,0.505,0.301,0.238,0.555,0.537,0.219,0.384,0.143,0.371,0.495,0.076,0.345,0.217,0.398,0.362,0.2,0.506,0.236,0.345,0.32,0.282,0.338,0.385,0.436,0.195,0.57,0.308,-0.013,0.409,0.347,0.436,0.481,0.025,0.337,0.08,0.299,0.068,0.009,0.351,0.313,0.378,0.292,0.549,0.376,0.348,0.355,0.26,0.209,0.287,0.44,0.147,0.563,0.243,0.405,0.237,0.436,0.559,0.462,0.429,0.263,0.569,0.232,0.303,0.096,0.457,0.314,0.074,0.289,-0.039,0.543,0.41,0.483,0.277,0.536,0.267,0.519,0.532,0.475,0.18,0.116,0.293,0.285,0.418,0.228,0.397,0.424,0.406,0.596,0.403,0.621,0.359,0.149,0.278,0.599,0.312,0.43,0.612,0.498,0.117,0.278,0.417,0.461,0.218,0.336,0.199,0.381,0.301,0.394,-0.029,0.412,0.319,0.177,0.221,0.073,0.424,0.6,0.282,0.234,0.361,0.357,0.456,0.341
AUTL,0.656,0.75,0.246,0.496,-0.187,0.77,0.731,0.51,0.537,0.846,-0.181,0.896,-0.03,-0.159,0.665,0.916,-0.091,0.754,0.361,0.0,0.833,0.76,0.337,0.768,0.863,0.764,0.42,0.787,0.111,0.634,0.65,0.837,0.856,0.808,0.487,0.8,0.694,0.463,0.618,0.286,0.722,-0.168,0.818,0.283,0.781,0.246,0.241,0.855,0.377,-0.081,0.027,-0.129,0.274,0.446,0.203,0.468,0.543,0.838,0.812,0.736,0.288,0.204,0.814,0.806,-0.114,0.718,0.793,0.076,0.506,0.151,-0.193,0.287,0.556,0.252,0.463,0.601,0.545,0.422,0.596,0.649,0.17,0.745,0.516,0.428,0.236,0.101,0.682,0.816,0.338,0.884,0.646,0.528,0.286,0.765,0.674,0.321,0.822,0.646,0.841,0.882,0.222,0.582,-0.024,0.26,0.854,0.21,0.633,0.805,0.306,0.745,-0.448,0.781,-0.28,0.205,-0.128,-0.062,0.524,0.295,0.428,0.452,0.82,-0.03,0.848,0.844,0.186,0.509,0.764,0.786,0.556,0.588,0.056,0.585,0.462,0.683,0.681,0.286,0.721,0.459,0.67,0.341,0.862,0.068,0.79,0.383,-0.443,0.524,-0.09,0.663,0.042,0.406,0.351,0.89,-0.073,0.822,0.391,0.681,0.628,-0.434,0.664,0.82,0.162,0.761,0.061,0.352,0.648,0.431,0.762,0.254,0.885,-0.38,0.298,0.663,0.859,0.868,-0.017,0.136,-0.004,0.45,0.779,0.384,-0.109,0.147,0.841,0.398,0.669,0.948,-0.303,0.386,0.914,0.494,0.228,0.028,0.288,0.617,0.36,0.296,0.542,0.615,0.76,0.233
AVDL,0.65,0.569,0.33,0.457,0.07,0.824,0.679,0.46,0.369,0.755,-0.039,0.757,0.083,0.099,0.703,0.744,0.208,0.456,0.515,0.833,0.0,0.6,0.44,0.771,0.776,0.813,0.571,0.612,0.313,0.582,0.68,0.862,0.826,0.72,0.572,0.578,0.535,0.598,0.624,0.479,0.752,0.001,0.871,0.171,0.605,0.161,0.404,0.698,0.507,0.16,0.128,0.026,0.444,0.537,0.293,0.589,0.316,0.761,0.744,0.806,0.434,0.422,0.723,0.736,0.16,0.749,0.65,0.277,0.579,0.381,0.086,0.396,0.619,0.369,0.509,0.32,0.298,0.446,0.685,0.557,0.34,0.831,0.569,0.477,0.456,0.292,0.701,0.747,0.205,0.849,0.551,0.524,0.385,0.631,0.583,0.344,0.64,0.693,0.792,0.867,0.487,0.6,0.158,0.438,0.708,0.063,0.725,0.604,0.239,0.6,-0.236,0.811,-0.1,0.347,0.096,0.063,0.653,0.389,0.568,0.488,0.843,0.027,0.715,0.715,0.379,0.575,0.617,0.611,0.428,0.617,0.284,0.565,0.387,0.695,0.748,0.497,0.599,0.419,0.768,0.289,0.683,0.179,0.795,0.47,-0.178,0.331,0.043,0.78,0.163,0.503,0.481,0.809,0.11,0.813,0.342,0.783,0.625,-0.16,0.737,0.712,0.231,0.574,0.277,0.41,0.587,0.654,0.781,0.419,0.781,-0.035,0.451,0.749,0.704,0.859,0.154,0.395,0.137,0.519,0.775,0.52,0.094,0.318,0.656,0.352,0.717,0.872,-0.102,0.534,0.773,0.574,0.396,0.241,0.264,0.731,0.305,0.152,0.354,0.77,0.66,0.467
BCRX,0.601,0.941,-0.233,0.603,-0.377,0.65,0.772,0.448,0.658,0.601,-0.374,0.857,-0.506,-0.553,0.292,0.626,-0.217,0.782,0.445,0.76,0.6,0.0,0.113,0.708,0.84,0.405,0.195,0.88,-0.088,0.79,0.363,0.607,0.802,0.721,0.241,0.881,0.731,0.061,0.555,-0.159,0.646,-0.472,0.71,0.502,0.844,-0.068,-0.194,0.805,0.139,-0.393,0.33,-0.525,-0.126,0.552,-0.178,0.301,0.887,0.624,0.743,0.465,0.057,0.041,0.89,0.777,-0.451,0.471,0.842,-0.364,0.49,-0.281,-0.656,-0.047,0.227,-0.24,0.163,0.62,0.857,0.286,0.478,0.703,-0.176,0.721,0.71,-0.103,-0.169,-0.364,0.284,0.725,0.07,0.588,0.514,0.295,0.019,0.728,0.736,-0.038,0.895,0.43,0.57,0.781,-0.155,0.29,-0.454,0.368,0.845,-0.043,0.411,0.943,0.679,0.883,-0.679,0.477,-0.565,-0.196,-0.578,-0.495,0.065,-0.069,-0.026,0.058,0.553,0.104,0.804,0.906,-0.183,0.185,0.888,0.86,0.482,0.353,-0.385,0.311,0.451,0.494,0.605,-0.058,0.921,0.245,0.523,0.708,0.746,-0.247,0.447,-0.021,-0.654,0.55,-0.542,0.386,-0.148,0.137,-0.086,0.84,-0.424,0.631,0.649,0.383,0.34,-0.66,0.328,0.571,0.1,0.879,-0.138,0.175,0.343,0.151,0.45,0.162,0.8,-0.604,-0.125,0.404,0.684,0.657,0.065,-0.123,-0.372,0.007,0.578,0.06,-0.444,-0.151,0.649,0.21,0.223,0.79,-0.65,0.507,0.754,0.131,-0.137,-0.411,0.212,0.297,0.19,0.656,0.707,0.218,0.887,-0.148
BHAT,0.137,0.028,0.604,0.018,0.508,0.568,0.208,0.307,-0.009,0.456,0.496,0.299,0.475,0.56,0.621,0.345,0.386,0.216,0.475,0.337,0.44,0.113,0.0,0.223,0.238,0.622,0.644,0.276,0.575,0.27,0.628,0.508,0.316,0.4,0.699,0.073,0.04,0.65,0.072,0.58,0.183,0.508,0.416,-0.3,-0.02,-0.055,0.688,0.236,0.498,0.602,-0.165,0.484,0.695,0.062,0.587,0.651,-0.099,0.497,0.34,0.655,0.776,0.546,0.123,0.223,0.508,0.617,0.037,0.624,0.127,0.661,0.368,0.561,0.595,0.622,0.629,-0.1,-0.197,0.457,0.247,0.092,0.53,0.276,0.392,0.622,0.659,0.569,0.571,0.33,0.3,0.386,0.172,0.538,0.667,0.112,0.331,0.61,0.043,0.256,0.451,0.279,0.658,0.627,0.568,0.162,0.136,0.164,0.352,0.053,-0.076,0.139,0.383,0.501,0.385,0.63,0.479,0.277,0.57,0.49,0.688,0.676,0.523,-0.11,0.256,0.144,0.511,0.355,-0.013,0.267,0.092,0.696,0.619,0.57,-0.022,0.619,0.365,0.648,0.068,0.354,0.594,-0.27,0.282,0.558,0.495,0.684,0.303,0.087,0.466,0.565,0.583,0.746,0.682,0.432,0.607,0.563,0.138,0.517,0.204,0.408,0.336,0.324,0.469,-0.063,0.586,0.675,0.605,0.67,0.566,0.587,0.282,0.334,0.661,0.537,0.348,0.463,0.453,0.591,0.535,0.637,0.479,0.745,0.539,0.664,0.301,0.371,0.432,0.377,0.384,0.084,0.324,0.518,0.463,0.505,0.455,0.669,0.502,-0.304,-0.013,0.429,0.159,0.602
BLBD,0.468,0.666,0.157,0.389,-0.09,0.768,0.594,0.432,0.349,0.535,-0.081,0.818,-0.197,-0.102,0.513,0.663,-0.045,0.457,0.368,0.768,0.771,0.708,0.223,0.0,0.735,0.673,0.253,0.716,0.024,0.756,0.55,0.664,0.694,0.749,0.468,0.633,0.462,0.317,0.381,0.209,0.704,-0.123,0.77,0.055,0.658,0.038,0.077,0.716,0.632,0.001,0.118,-0.099,0.257,0.348,0.27,0.365,0.489,0.602,0.787,0.61,0.265,0.307,0.771,0.751,0.045,0.611,0.592,0.047,0.359,0.162,-0.17,0.222,0.6,0.162,0.312,0.293,0.463,0.565,0.665,0.463,0.122,0.663,0.605,0.235,0.086,0.14,0.617,0.62,0.25,0.689,0.507,0.161,0.407,0.523,0.499,0.256,0.634,0.483,0.742,0.898,0.181,0.309,-0.019,0.559,0.77,0.046,0.72,0.702,0.423,0.647,-0.286,0.76,-0.139,0.227,-0.062,-0.32,0.314,0.186,0.37,0.371,0.693,-0.192,0.636,0.723,0.156,0.294,0.701,0.643,0.469,0.539,0.09,0.422,0.054,0.599,0.576,0.306,0.657,0.02,0.664,0.534,0.668,0.115,0.651,0.31,-0.254,0.371,-0.064,0.507,0.106,0.392,0.217,0.855,-0.048,0.749,0.222,0.713,0.374,-0.252,0.509,0.588,0.26,0.61,0.17,0.236,0.393,0.516,0.505,0.397,0.79,-0.117,0.218,0.602,0.727,0.662,0.254,0.29,0.027,0.309,0.543,0.337,-0.023,0.17,0.565,0.047,0.456,0.859,-0.179,0.363,0.79,0.413,0.282,-0.013,0.105,0.577,0.354,0.378,0.283,0.662,0.561,0.326
BMRN,0.808,0.872,-0.01,0.663,-0.327,0.75,0.904,0.407,0.477,0.738,-0.393,0.853,-0.324,-0.338,0.466,0.757,-0.198,0.673,0.448,0.863,0.776,0.84,0.238,0.735,0.0,0.634,0.3,0.757,0.178,0.787,0.578,0.747,0.902,0.687,0.378,0.859,0.823,0.378,0.73,0.15,0.806,-0.398,0.842,0.455,0.841,0.063,0.107,0.869,0.226,-0.233,0.336,-0.407,0.058,0.557,-0.013,0.481,0.736,0.816,0.8,0.582,0.209,0.247,0.934,0.886,-0.276,0.554,0.84,-0.101,0.671,0.013,-0.368,0.155,0.422,-0.03,0.203,0.658,0.709,0.287,0.62,0.815,0.086,0.809,0.655,0.197,0.114,-0.163,0.493,0.879,0.12,0.807,0.751,0.497,0.088,0.893,0.847,0.095,0.896,0.733,0.774,0.787,0.073,0.446,-0.266,0.43,0.896,0.049,0.634,0.868,0.573,0.832,-0.605,0.68,-0.468,-0.037,-0.318,-0.155,0.428,0.207,0.213,0.249,0.757,0.069,0.89,0.937,0.048,0.481,0.873,0.881,0.608,0.434,-0.138,0.382,0.555,0.585,0.825,0.113,0.848,0.391,0.683,0.597,0.683,-0.059,0.712,0.163,-0.555,0.632,-0.34,0.64,-0.149,0.264,0.119,0.846,-0.272,0.741,0.643,0.566,0.609,-0.529,0.683,0.652,-0.026,0.861,0.071,0.346,0.496,0.426,0.657,0.285,0.839,-0.462,0.107,0.506,0.815,0.786,0.009,0.081,-0.247,0.158,0.701,0.205,-0.199,0.064,0.758,0.367,0.51,0.886,-0.514,0.466,0.869,0.453,0.176,-0.148,0.361,0.473,0.082,0.514,0.638,0.5,0.828,0.117
BNGO,0.545,0.38,0.636,0.348,0.357,0.858,0.609,0.609,0.138,0.792,0.257,0.729,0.417,0.416,0.902,0.804,0.197,0.454,0.532,0.764,0.813,0.405,0.622,0.673,0.634,0.0,0.665,0.535,0.475,0.493,0.911,0.855,0.725,0.697,0.865,0.452,0.383,0.831,0.419,0.708,0.655,0.288,0.816,-0.182,0.41,0.141,0.7,0.688,0.63,0.471,-0.144,0.338,0.737,0.153,0.64,0.787,0.167,0.772,0.713,0.865,0.699,0.686,0.477,0.692,0.489,0.856,0.431,0.621,0.441,0.672,0.349,0.674,0.879,0.701,0.631,0.173,0.053,0.615,0.688,0.439,0.645,0.666,0.495,0.778,0.675,0.582,0.918,0.752,0.464,0.817,0.573,0.632,0.676,0.479,0.59,0.692,0.461,0.674,0.841,0.692,0.695,0.68,0.506,0.409,0.608,0.296,0.842,0.442,0.151,0.464,0.075,0.884,0.208,0.652,0.416,0.235,0.832,0.686,0.834,0.802,0.931,-0.048,0.594,0.518,0.595,0.591,0.401,0.575,0.411,0.864,0.615,0.718,0.183,0.8,0.71,0.737,0.402,0.355,0.865,-0.024,0.639,0.509,0.945,0.741,0.102,0.405,0.387,0.863,0.404,0.756,0.734,0.773,0.459,0.898,0.205,0.875,0.564,0.134,0.731,0.713,0.419,0.334,0.554,0.656,0.796,0.843,0.857,0.683,0.679,0.208,0.732,0.862,0.748,0.78,0.369,0.686,0.449,0.768,0.724,0.769,0.485,0.662,0.648,0.557,0.84,0.804,0.218,0.178,0.785,0.743,0.692,0.46,0.447,0.934,0.51,-0.063,0.266,0.874,0.418,0.75
BUSE,0.289,0.066,0.625,0.13,0.52,0.656,0.301,0.575,0.167,0.619,0.483,0.443,0.547,0.537,0.754,0.469,0.501,0.31,0.527,0.42,0.571,0.195,0.644,0.253,0.3,0.665,0.0,0.295,0.602,0.185,0.731,0.668,0.479,0.484,0.776,0.175,0.129,0.718,0.198,0.647,0.21,0.571,0.535,-0.212,0.052,0.006,0.7,0.358,0.455,0.597,-0.18,0.49,0.77,0.133,0.591,0.7,-0.09,0.562,0.402,0.784,0.71,0.627,0.207,0.293,0.475,0.784,0.178,0.672,0.196,0.64,0.389,0.633,0.583,0.643,0.825,-0.061,-0.171,0.538,0.256,0.166,0.483,0.46,0.387,0.665,0.787,0.56,0.69,0.433,0.233,0.517,0.268,0.707,0.64,0.205,0.352,0.693,0.203,0.34,0.488,0.398,0.804,0.847,0.559,0.003,0.19,0.199,0.39,0.155,-0.074,0.116,0.29,0.56,0.332,0.652,0.47,0.361,0.676,0.532,0.759,0.737,0.673,0.09,0.355,0.263,0.674,0.457,0.128,0.322,-0.128,0.707,0.593,0.793,0.185,0.723,0.375,0.819,0.125,0.652,0.631,-0.315,0.48,0.448,0.597,0.733,0.228,0.099,0.417,0.694,0.57,0.772,0.788,0.492,0.603,0.7,0.222,0.516,0.344,0.357,0.458,0.448,0.641,0.027,0.538,0.75,0.764,0.671,0.75,0.555,0.401,0.298,0.727,0.605,0.355,0.629,0.414,0.656,0.54,0.77,0.552,0.844,0.484,0.588,0.441,0.505,0.6,0.475,0.287,0.163,0.372,0.549,0.376,0.567,0.516,0.773,0.553,-0.414,0.018,0.467,0.352,0.577
CAKE,0.429,0.849,0.057,0.337,-0.275,0.67,0.655,0.499,0.6,0.602,-0.184,0.881,-0.292,-0.313,0.429,0.707,-0.257,0.767,0.443,0.787,0.612,0.88,0.276,0.716,0.757,0.535,0.295,0.0,-0.016,0.791,0.492,0.591,0.773,0.73,0.387,0.828,0.616,0.229,0.46,-0.031,0.622,-0.223,0.653,0.299,0.796,0.04,-0.051,0.791,0.295,-0.215,0.108,-0.276,0.03,0.355,0.108,0.414,0.761,0.747,0.796,0.521,0.223,0.228,0.77,0.712,-0.244,0.609,0.742,-0.203,0.261,-0.089,-0.429,0.17,0.386,0.02,0.397,0.595,0.71,0.509,0.507,0.564,0.0,0.6,0.646,0.127,-0.069,-0.103,0.479,0.672,0.413,0.544,0.491,0.332,0.246,0.595,0.675,0.235,0.768,0.427,0.683,0.773,-0.017,0.43,-0.212,0.287,0.817,0.173,0.402,0.86,0.589,0.85,-0.407,0.598,-0.375,0.049,-0.353,-0.339,0.173,0.144,0.151,0.303,0.593,-0.007,0.758,0.814,0.018,0.334,0.772,0.797,0.529,0.512,-0.178,0.508,0.323,0.573,0.6,0.091,0.822,0.288,0.523,0.536,0.8,-0.102,0.559,0.181,-0.583,0.575,-0.264,0.347,0.148,0.295,0.063,0.883,-0.19,0.699,0.446,0.467,0.382,-0.458,0.345,0.737,0.289,0.734,-0.04,0.269,0.53,0.308,0.549,0.314,0.848,-0.445,0.035,0.466,0.811,0.66,0.192,0.016,-0.076,0.206,0.65,0.273,-0.242,-0.029,0.742,0.303,0.363,0.802,-0.389,0.32,0.826,0.296,0.013,-0.168,0.397,0.402,0.46,0.486,0.563,0.309,0.731,0.032
CASY,0.38,-0.066,0.461,0.29,0.478,0.406,0.213,0.325,-0.197,0.32,0.208,0.133,0.455,0.531,0.478,0.161,0.379,-0.061,0.356,0.111,0.313,-0.088,0.575,0.024,0.178,0.475,0.602,-0.016,0.0,0.168,0.551,0.482,0.248,0.142,0.547,-0.003,0.209,0.762,0.27,0.736,0.228,0.352,0.388,-0.173,-0.091,-0.176,0.674,0.191,0.25,0.519,0.081,0.309,0.593,0.061,0.395,0.56,-0.188,0.471,0.178,0.483,0.599,0.648,0.048,0.274,0.489,0.45,0.058,0.63,0.35,0.612,0.49,0.547,0.447,0.419,0.351,-0.108,-0.289,0.302,0.133,0.326,0.608,0.351,0.308,0.539,0.712,0.414,0.443,0.408,-0.052,0.365,0.331,0.581,0.394,0.246,0.36,0.425,0.019,0.491,0.353,0.069,0.666,0.525,0.426,0.081,-0.009,0.154,0.322,-0.074,0.012,-0.049,0.305,0.335,0.236,0.413,0.487,0.323,0.694,0.667,0.58,0.499,0.494,0.162,0.234,0.098,0.451,0.622,0.008,0.234,0.066,0.425,0.555,0.354,0.199,0.537,0.45,0.554,0.057,0.42,0.523,-0.265,-0.019,0.499,0.434,0.547,0.301,0.123,0.353,0.665,0.338,0.549,0.604,0.18,0.466,0.426,0.276,0.329,0.439,0.45,0.531,0.156,0.18,-0.09,0.726,0.586,0.537,0.59,0.513,0.589,0.173,0.465,0.573,0.356,0.183,0.43,0.232,0.669,0.32,0.433,0.419,0.61,0.54,0.668,0.213,0.448,0.435,0.185,0.274,0.1,0.179,0.611,0.462,0.54,0.522,0.535,0.047,-0.304,0.011,0.352,0.116,0.562
CCOI,0.499,0.788,-0.082,0.48,-0.177,0.71,0.691,0.317,0.34,0.43,-0.221,0.732,-0.403,-0.259,0.297,0.469,-0.114,0.456,0.485,0.634,0.582,0.79,0.27,0.756,0.787,0.493,0.185,0.791,0.168,0.0,0.429,0.53,0.692,0.649,0.372,0.688,0.551,0.232,0.441,0.014,0.645,-0.267,0.712,0.247,0.678,-0.291,-0.009,0.677,0.386,-0.106,0.375,-0.343,0.033,0.434,0.05,0.405,0.721,0.655,0.676,0.467,0.293,0.311,0.787,0.72,-0.168,0.476,0.612,-0.149,0.419,-0.004,-0.403,0.142,0.402,-0.125,0.138,0.371,0.629,0.414,0.47,0.597,-0.032,0.625,0.794,0.002,-0.031,-0.135,0.358,0.663,0.097,0.497,0.461,0.197,0.248,0.596,0.676,0.081,0.657,0.455,0.596,0.69,-0.009,0.274,-0.246,0.559,0.725,-0.162,0.537,0.739,0.674,0.812,-0.354,0.506,-0.339,-0.007,-0.283,-0.416,0.15,0.108,0.139,0.197,0.555,-0.027,0.65,0.762,0.026,0.24,0.704,0.785,0.531,0.405,-0.133,0.293,0.179,0.543,0.654,0.093,0.787,0.048,0.642,0.661,0.501,-0.029,0.493,0.122,-0.399,0.507,-0.293,0.408,0.033,0.329,-0.008,0.816,-0.188,0.624,0.57,0.484,0.262,-0.309,0.363,0.473,0.171,0.671,0.205,0.309,0.308,0.435,0.408,0.473,0.717,-0.262,0.002,0.359,0.649,0.54,0.341,0.181,-0.163,0.022,0.507,0.218,-0.109,0.112,0.478,0.061,0.201,0.72,-0.368,0.411,0.698,0.268,0.097,-0.228,0.378,0.388,0.191,0.545,0.453,0.314,0.657,0.136
CEVA,0.515,0.315,0.702,0.271,0.349,0.824,0.575,0.671,0.134,0.774,0.313,0.701,0.436,0.425,0.87,0.768,0.098,0.495,0.47,0.65,0.68,0.363,0.628,0.55,0.578,0.911,0.731,0.492,0.551,0.429,0.0,0.783,0.667,0.622,0.883,0.452,0.378,0.868,0.309,0.71,0.557,0.358,0.711,-0.253,0.321,0.169,0.692,0.665,0.607,0.491,-0.225,0.389,0.751,-0.005,0.701,0.791,0.142,0.77,0.708,0.829,0.752,0.733,0.437,0.654,0.476,0.824,0.341,0.643,0.333,0.658,0.331,0.695,0.858,0.693,0.691,0.214,0.02,0.683,0.564,0.417,0.705,0.547,0.451,0.806,0.71,0.57,0.918,0.71,0.479,0.733,0.628,0.701,0.698,0.47,0.612,0.78,0.413,0.613,0.842,0.595,0.733,0.721,0.529,0.252,0.552,0.4,0.741,0.4,0.165,0.354,0.131,0.862,0.257,0.669,0.429,0.255,0.813,0.734,0.815,0.872,0.893,-0.067,0.607,0.485,0.62,0.614,0.362,0.584,0.304,0.889,0.608,0.77,0.153,0.855,0.642,0.762,0.332,0.423,0.815,-0.13,0.62,0.584,0.894,0.78,0.103,0.43,0.428,0.809,0.419,0.78,0.756,0.713,0.515,0.89,0.199,0.757,0.547,0.191,0.684,0.656,0.484,0.248,0.617,0.767,0.882,0.796,0.884,0.663,0.647,0.18,0.784,0.772,0.745,0.728,0.39,0.683,0.517,0.785,0.689,0.812,0.55,0.71,0.699,0.642,0.787,0.729,0.253,-0.019,0.743,0.814,0.685,0.538,0.557,0.878,0.571,-0.172,0.204,0.761,0.361,0.732
CHY,0.75,0.58,0.374,0.617,0.137,0.847,0.682,0.623,0.425,0.864,-0.031,0.812,0.202,0.108,0.804,0.81,0.221,0.574,0.473,0.837,0.862,0.607,0.508,0.664,0.747,0.855,0.668,0.591,0.482,0.53,0.783,0.0,0.805,0.781,0.683,0.622,0.641,0.709,0.636,0.61,0.674,0.026,0.879,0.172,0.587,0.087,0.491,0.78,0.432,0.181,0.097,0.043,0.54,0.462,0.314,0.615,0.335,0.798,0.719,0.898,0.479,0.445,0.677,0.765,0.151,0.846,0.692,0.38,0.655,0.39,0.07,0.499,0.65,0.412,0.546,0.358,0.289,0.453,0.57,0.688,0.386,0.87,0.577,0.563,0.552,0.263,0.762,0.849,0.143,0.912,0.623,0.678,0.419,0.712,0.674,0.435,0.7,0.721,0.795,0.788,0.531,0.718,0.173,0.264,0.669,0.166,0.705,0.628,0.205,0.571,-0.264,0.794,-0.141,0.366,0.102,0.063,0.754,0.505,0.636,0.569,0.929,0.1,0.769,0.735,0.373,0.629,0.645,0.719,0.429,0.685,0.309,0.655,0.478,0.825,0.729,0.542,0.615,0.574,0.832,0.155,0.726,0.296,0.833,0.582,-0.187,0.41,0.053,0.917,0.156,0.602,0.601,0.791,0.15,0.903,0.467,0.703,0.682,-0.164,0.763,0.723,0.262,0.586,0.362,0.551,0.742,0.603,0.867,0.443,0.799,-0.059,0.519,0.781,0.699,0.952,0.088,0.468,0.13,0.606,0.856,0.598,0.126,0.439,0.727,0.504,0.737,0.859,-0.153,0.445,0.785,0.65,0.362,0.211,0.346,0.797,0.305,0.085,0.469,0.707,0.739,0.439
