,AAPL,ACRS,ADP,AFYA,AGNC,AGYS,ALT,AMGN,AMPH,AMZN,ANIP,AOSL,APDN,APLT,APVO,ARGX,ARLP,ATEX,ATRA,AUTL,AVDL,BCRX,BHAT,BLBD,BMRN,BNGO,BUSE,CAKE,CASY,CCOI,CEVA,CHY,CLDX,CLMT,COHU,COLM,COST,CPRT,CSWC,CSX,DBX,DCOM,DKNG,DMLP,DOX,EA,EDIT,ENPH,ENSG,ERNA,ESGR,ETNB,EXTR,FANG,FARO,FATE,FGEN,FIVE,FIVN,FLGT,FOLD,FORM,FOXA,FRPT,FSLR,FTAI,GBDC,GDYN,GGAL,GNLN,GRFS,GT,HCAT,HCM,HFWA,HOLX,HQY,HUBG,IAC,ICLR,IDCC,IEP,IHRT,ILMN,ILPT,IMAB,IMOS,INMD,INTZ,JAZZ,JKHY,JRVR,KIDS,LBRDK,LGND,LMAT,LPLA,LULU,MASI,MAT,MATW,MBIN,MBIO,MCRB,MDB,MDLZ,MELI,MIRM,MLKN,MNMD,MNRO,MPWR,MRCY,MRSN,MTVA,NAAS,NDAQ,NDSN,NEGG,NOVT,NVDA,NWE,NWSA,NXST,OCX,ODFL,OMAB,OPCH,OPRA,ORGO,OTRK,OZK,PAGP,PCH,PEGA,PENG,PENN,PFBC,PGNY,PHAT,PHUN,PINC,PLUG,PLXS,PYPL,QLYS,QNCX,QQQX,QVCGA,RAPT,RBBN,RCKT,REPL,RMBS,ROAD,ROKU,ROP,RUSHA,SANM,SATS,SBCF,SBLK,SBUX,SCHL,SCSC,SDGR,SEIC,SFIX,SGRY,SKYW,SLP,SNES,STAA,STLD,STOK,SWKS,TER,TFIN,TIGO,TILE,TPIC,TTEC,TTEK,TTGT,UXIN,VERU,VLYPP,VNOM,VRNS,VRSN,WDAY,WERN,WINA,WKHS,WRLD,XP,XTKG,YY,ZION,ZM
AAPL,0.0,0.421,0.757,0.534,0.567,0.641,0.16,0.22,-0.043,0.566,0.425,0.83,-0.251,0.157,0.328,0.48,0.045,0.701,0.705,0.353,0.637,0.245,0.246,0.0,0.464,0.258,-0.05,0.576,0.399,0.42,0.716,0.766,0.474,-0.126,0.776,0.668,0.691,0.736,0.67,0.563,0.735,0.108,0.093,-0.025,0.43,0.685,0.057,0.424,0.742,0.177,0.111,0.63,0.744,0.042,0.696,0.335,0.289,0.828,0.102,0.184,0.465,0.818,-0.095,0.497,0.288,0.291,0.405,0.532,0.614,0.062,0.119,0.504,0.679,0.459,-0.07,0.011,0.242,0.782,0.464,0.63,0.716,-0.163,0.702,0.161,0.407,0.263,0.644,0.483,-0.18,-0.105,0.26,0.276,0.722,0.616,0.484,0.806,-0.059,0.59,0.598,0.186,0.689,0.233,0.017,0.524,0.448,0.027,0.777,0.327,0.865,0.141,0.66,0.668,0.404,0.216,-0.28,-0.12,0.587,0.63,0.159,0.739,0.847,0.365,0.596,0.355,0.246,0.688,0.177,0.747,0.667,0.435,0.396,-0.06,0.063,0.669,0.745,0.764,0.588,-0.034,0.626,0.537,-0.232,0.534,0.431,0.747,0.772,0.516,0.527,0.929,0.389,0.394,-0.109,0.478,0.618,0.906,0.344,0.386,0.597,0.232,0.609,0.516,-0.022,0.307,0.748,0.138,0.635,0.042,0.259,0.571,0.866,0.299,0.293,0.006,0.446,0.186,0.722,0.68,0.881,0.663,0.412,0.708,0.167,0.751,0.668,0.805,0.268,0.243,0.532,-0.06,0.558,0.757,0.321,0.777,0.68,0.034,0.191,0.274,0.09,-0.5,-0.071,-0.121
ACRS,0.421,0.0,0.399,0.729,-0.237,0.605,0.752,-0.421,-0.633,0.741,0.905,0.509,0.312,0.769,0.627,0.825,-0.584,0.841,0.688,0.727,0.82,-0.146,0.219,-0.717,0.587,0.684,-0.697,0.499,-0.105,0.754,0.8,0.685,0.944,-0.727,0.589,0.218,0.702,0.714,0.067,0.022,0.707,-0.575,0.636,-0.806,-0.363,0.37,0.704,0.746,0.381,0.735,-0.582,0.34,0.393,-0.659,0.767,0.936,0.801,0.546,0.45,0.848,0.629,0.442,-0.66,0.172,0.367,0.19,-0.376,0.852,0.527,0.247,-0.459,-0.286,0.869,0.675,-0.73,0.623,-0.417,0.25,-0.088,0.696,0.58,-0.781,0.267,-0.255,-0.182,0.737,0.354,0.896,0.182,-0.636,-0.32,-0.395,0.814,0.722,0.878,0.769,-0.748,0.796,0.897,-0.531,-0.003,-0.171,0.682,0.579,0.887,-0.62,0.718,-0.106,0.423,0.723,0.403,0.882,-0.265,-0.17,0.155,0.188,0.819,0.626,0.694,0.813,0.72,-0.3,-0.024,-0.318,0.747,0.664,-0.493,0.857,0.195,0.875,0.937,-0.723,-0.662,0.076,0.72,0.393,0.684,-0.684,0.866,0.904,0.149,0.257,0.703,0.439,0.458,0.81,0.803,0.483,-0.472,0.174,-0.056,0.874,0.56,0.671,0.296,0.894,0.678,-0.456,0.113,0.631,-0.656,-0.279,0.683,-0.304,-0.078,0.616,-0.543,0.427,0.708,-0.107,0.195,0.399,0.916,-0.151,0.544,-0.085,0.468,-0.102,-0.33,0.539,0.668,0.636,0.697,0.797,0.407,0.454,0.682,-0.721,0.831,0.761,0.759,0.159,0.75,0.698,0.819,0.267,0.395,-0.437,-0.777,0.686
ADP,0.757,0.399,0.0,0.603,0.576,0.566,0.04,0.367,0.108,0.172,0.304,0.924,-0.645,-0.063,0.036,0.632,0.31,0.693,0.752,-0.01,0.598,0.158,-0.117,-0.109,0.49,-0.147,0.19,0.64,0.685,0.202,0.4,0.719,0.45,-0.104,0.656,0.498,0.612,0.553,0.409,0.867,0.463,0.347,-0.208,0.057,0.583,0.819,-0.273,0.059,0.93,-0.151,0.364,0.725,0.936,0.266,0.426,0.272,0.166,0.865,0.235,0.078,0.703,0.885,0.151,0.026,-0.211,0.612,0.599,0.276,0.419,-0.341,0.256,0.644,0.54,0.441,0.136,-0.238,0.372,0.753,0.599,0.66,0.759,0.001,0.841,-0.176,0.73,0.0,0.809,0.292,-0.66,-0.0,0.521,0.532,0.572,0.753,0.576,0.788,0.073,0.38,0.447,0.451,0.837,0.618,-0.258,0.533,0.295,0.357,0.616,0.433,0.679,-0.158,0.867,0.479,0.686,0.466,-0.364,-0.412,0.5,0.285,-0.189,0.66,0.572,0.597,0.799,0.459,-0.003,0.616,0.387,0.719,0.532,0.205,0.22,0.19,0.249,0.711,0.499,0.842,0.59,0.222,0.45,0.419,-0.541,0.842,0.046,0.889,0.632,0.352,0.569,0.812,0.421,0.791,0.148,0.269,0.597,0.761,-0.049,0.26,0.547,0.531,0.909,0.535,0.229,0.551,0.649,0.479,0.799,-0.337,0.35,0.698,0.83,0.539,0.34,-0.234,0.259,0.529,0.863,0.566,0.843,0.553,0.661,0.837,-0.133,0.825,0.406,0.731,-0.13,-0.17,0.603,0.156,0.301,0.817,0.052,0.827,0.617,-0.249,0.005,-0.206,-0.241,-0.656,0.103,-0.243
AFYA,0.534,0.729,0.603,0.0,-0.054,0.419,0.5,0.016,-0.269,0.498,0.57,0.735,-0.137,0.517,0.508,0.742,-0.268,0.694,0.595,0.444,0.745,0.118,0.213,-0.47,0.618,0.351,-0.431,0.265,0.341,0.483,0.643,0.812,0.679,-0.567,0.506,0.427,0.681,0.744,0.136,0.286,0.635,-0.266,0.327,-0.437,0.003,0.506,0.333,0.507,0.575,0.298,-0.329,0.465,0.684,-0.431,0.591,0.69,0.526,0.737,0.414,0.735,0.51,0.637,-0.335,0.18,0.192,0.47,0.018,0.609,0.6,-0.064,-0.063,-0.046,0.849,0.746,-0.429,0.478,-0.188,0.461,0.099,0.822,0.598,-0.587,0.481,-0.124,0.219,0.616,0.538,0.732,-0.215,-0.345,-0.054,0.069,0.786,0.877,0.799,0.753,-0.54,0.686,0.807,-0.178,0.283,0.105,0.268,0.413,0.722,-0.232,0.85,0.153,0.575,0.329,0.448,0.757,0.061,-0.04,-0.331,-0.168,0.827,0.496,0.323,0.803,0.658,0.117,0.304,0.006,0.272,0.665,-0.078,0.814,0.294,0.564,0.698,-0.467,-0.371,0.587,0.767,0.685,0.719,-0.365,0.814,0.687,-0.239,0.604,0.444,0.512,0.395,0.802,0.71,0.713,-0.154,0.301,0.11,0.553,0.329,0.692,0.13,0.775,0.78,-0.192,0.365,0.494,-0.366,0.009,0.686,-0.044,0.235,0.334,-0.338,0.609,0.687,-0.06,0.215,-0.061,0.671,0.003,0.826,0.035,0.604,0.108,0.028,0.577,0.35,0.698,0.605,0.778,0.164,0.246,0.677,-0.485,0.707,0.866,0.593,0.423,0.662,0.296,0.579,0.098,0.156,-0.658,-0.506,0.454
AGNC,0.567,-0.237,0.576,-0.054,0.0,0.218,-0.522,0.714,0.609,-0.147,-0.133,0.474,-0.632,-0.554,-0.282,-0.026,0.712,0.23,0.354,-0.411,-0.003,0.506,-0.283,0.374,0.283,-0.442,0.685,0.356,0.605,-0.32,-0.012,0.275,-0.123,0.511,0.238,0.158,-0.048,-0.024,0.6,0.64,0.242,0.771,-0.374,0.637,0.883,0.57,-0.579,-0.379,0.62,-0.472,0.795,0.57,0.552,0.765,-0.063,-0.301,-0.139,0.357,0.049,-0.469,0.122,0.538,0.679,0.089,-0.327,0.471,0.859,-0.172,0.238,-0.196,0.676,0.891,-0.061,0.123,0.674,-0.621,0.838,0.413,0.772,0.183,0.503,0.595,0.757,0.231,0.764,-0.474,0.584,-0.291,-0.466,0.613,0.713,0.729,0.135,0.134,-0.034,0.299,0.699,-0.21,-0.173,0.691,0.712,0.726,-0.573,0.337,-0.22,0.633,0.113,0.578,0.368,-0.5,0.652,-0.088,0.824,0.571,-0.165,-0.458,-0.133,-0.133,-0.548,0.04,0.18,0.57,0.86,0.837,-0.302,0.018,0.759,0.135,0.525,-0.156,-0.323,0.674,0.765,0.572,0.087,0.606,0.248,0.697,-0.046,-0.208,-0.399,0.552,-0.341,0.544,0.486,-0.141,0.06,0.433,0.789,0.482,0.248,-0.227,0.242,0.353,-0.244,-0.361,-0.075,0.713,0.73,0.243,0.692,0.711,0.067,0.712,0.864,-0.637,0.81,0.446,0.394,0.8,0.451,-0.341,-0.315,0.44,0.307,0.59,0.524,0.538,0.779,0.403,-0.418,0.399,-0.032,0.25,-0.368,-0.125,0.083,0.697,-0.241,0.184,-0.382,0.547,0.027,-0.563,-0.472,-0.01,-0.468,-0.041,0.683,-0.694
AGYS,0.641,0.605,0.566,0.419,0.218,0.0,0.421,-0.161,-0.231,0.518,0.54,0.629,-0.011,0.305,0.491,0.67,-0.079,0.748,0.564,0.402,0.603,-0.035,0.052,-0.258,0.489,0.367,-0.204,0.734,0.156,0.578,0.642,0.618,0.65,-0.191,0.785,0.333,0.615,0.584,0.421,0.373,0.622,-0.067,0.446,-0.341,0.068,0.584,0.288,0.432,0.547,0.381,-0.057,0.566,0.481,-0.122,0.604,0.584,0.487,0.657,0.367,0.356,0.701,0.635,-0.248,0.294,0.194,0.246,0.059,0.585,0.391,0.089,-0.213,0.295,0.593,0.48,-0.268,0.098,0.028,0.513,0.376,0.52,0.639,-0.274,0.506,-0.112,0.171,0.35,0.538,0.567,-0.094,-0.335,0.087,-0.006,0.597,0.546,0.549,0.722,-0.241,0.534,0.597,-0.012,0.361,0.166,0.31,0.611,0.527,-0.198,0.586,0.24,0.48,0.278,0.651,0.623,0.15,0.248,0.139,-0.03,0.519,0.529,0.351,0.627,0.694,0.061,0.323,0.12,0.54,0.541,-0.136,0.733,0.484,0.55,0.55,-0.201,-0.139,0.238,0.568,0.507,0.697,-0.204,0.527,0.685,0.011,0.361,0.447,0.547,0.664,0.445,0.678,0.581,-0.041,0.468,-0.043,0.62,0.726,0.746,0.176,0.458,0.443,0.067,0.401,0.677,-0.16,0.182,0.606,0.056,0.321,0.23,-0.053,0.497,0.743,0.324,0.307,0.296,0.606,0.167,0.597,0.488,0.654,0.311,0.108,0.546,0.361,0.695,0.51,0.737,0.286,0.211,0.541,-0.193,0.582,0.632,0.39,0.41,0.62,0.257,0.319,0.218,0.059,-0.195,-0.259,0.202
ALT,0.16,0.752,0.04,0.5,-0.522,0.421,0.0,-0.618,-0.781,0.618,0.601,0.222,0.504,0.651,0.785,0.613,-0.615,0.522,0.218,0.783,0.731,-0.346,0.525,-0.407,0.183,0.739,-0.747,0.191,-0.321,0.681,0.694,0.371,0.644,-0.487,0.538,0.259,0.643,0.555,-0.051,-0.202,0.366,-0.711,0.548,-0.706,-0.586,0.165,0.684,0.725,0.045,0.8,-0.738,0.107,-0.009,-0.735,0.643,0.779,0.653,0.381,0.244,0.709,0.511,0.162,-0.731,0.12,0.501,-0.223,-0.583,0.702,0.243,0.436,-0.674,-0.485,0.684,0.487,-0.811,0.567,-0.62,0.197,-0.241,0.253,0.26,-0.683,-0.058,-0.309,-0.418,0.75,-0.024,0.688,0.419,-0.793,-0.331,-0.56,0.477,0.495,0.469,0.441,-0.838,0.648,0.673,-0.509,-0.174,-0.539,0.813,0.227,0.56,-0.652,0.501,-0.146,0.304,0.727,-0.036,0.678,-0.477,-0.131,0.247,0.298,0.547,0.484,0.752,0.63,0.438,-0.357,-0.359,-0.57,0.728,0.489,-0.752,0.589,0.23,0.656,0.798,-0.753,-0.696,-0.135,0.437,0.044,0.406,-0.79,0.571,0.844,0.255,-0.047,0.708,0.198,0.243,0.48,0.656,0.292,-0.597,0.03,-0.176,0.774,0.509,0.328,0.375,0.84,0.477,-0.491,-0.149,0.55,-0.722,-0.3,0.553,-0.596,-0.348,0.774,-0.727,0.037,0.413,-0.38,-0.185,0.534,0.782,-0.122,0.309,-0.132,0.158,-0.179,-0.464,0.344,0.839,0.275,0.672,0.472,0.635,0.427,0.443,-0.767,0.653,0.482,0.546,-0.001,0.652,0.704,0.632,0.16,0.431,-0.309,-0.802,0.753
AMGN,0.22,-0.421,0.367,0.016,0.714,-0.161,-0.618,0.0,0.801,-0.437,-0.393,0.268,-0.733,-0.647,-0.345,-0.155,0.79,-0.1,0.071,-0.658,-0.247,0.642,-0.377,0.356,0.199,-0.665,0.737,-0.092,0.697,-0.65,-0.348,0.069,-0.362,0.542,-0.069,-0.097,-0.302,-0.272,0.21,0.459,-0.055,0.808,-0.52,0.767,0.844,0.358,-0.678,-0.629,0.402,-0.728,0.755,0.39,0.45,0.747,-0.423,-0.439,-0.247,0.109,0.138,-0.413,-0.152,0.288,0.833,-0.095,-0.566,0.592,0.856,-0.464,0.079,-0.338,0.846,0.711,-0.276,0.071,0.773,-0.535,0.803,0.107,0.657,0.103,0.29,0.664,0.538,0.257,0.779,-0.469,0.463,-0.461,-0.578,0.819,0.728,0.828,-0.097,0.069,-0.127,0.007,0.722,-0.468,-0.371,0.723,0.505,0.75,-0.732,0.064,-0.38,0.813,-0.056,0.61,0.041,-0.705,0.381,-0.346,0.769,0.522,-0.344,-0.628,-0.277,-0.483,-0.774,-0.185,-0.146,0.6,0.72,0.784,-0.603,-0.268,0.869,-0.134,0.28,-0.445,-0.497,0.723,0.801,0.589,-0.178,0.48,0.063,0.801,-0.201,-0.455,-0.544,0.572,-0.607,0.212,0.12,-0.234,-0.087,0.189,0.636,0.354,0.473,-0.545,-0.145,0.023,-0.531,-0.447,-0.189,0.624,0.559,-0.05,0.757,0.706,-0.25,0.761,0.713,-0.67,0.646,0.3,0.023,0.614,0.347,-0.691,-0.565,0.415,0.227,0.307,0.242,0.226,0.7,0.089,-0.565,0.149,-0.35,-0.013,-0.68,-0.221,-0.074,0.743,-0.49,-0.003,-0.513,0.312,-0.249,-0.718,-0.529,-0.179,-0.576,-0.043,0.732,-0.6
AMPH,-0.043,-0.633,0.108,-0.269,0.609,-0.231,-0.781,0.801,0.0,-0.662,-0.608,-0.013,-0.69,-0.786,-0.485,-0.389,0.838,-0.354,-0.158,-0.834,-0.574,0.601,-0.54,0.416,0.054,-0.812,0.845,-0.199,0.582,-0.759,-0.629,-0.141,-0.556,0.678,-0.372,-0.309,-0.623,-0.562,0.154,0.268,-0.277,0.891,-0.453,0.803,0.746,0.073,-0.717,-0.812,0.188,-0.858,0.836,0.306,0.187,0.801,-0.703,-0.604,-0.42,-0.153,0.099,-0.566,-0.363,0.066,0.893,-0.168,-0.654,0.52,0.767,-0.673,-0.217,-0.44,0.877,0.667,-0.589,-0.191,0.914,-0.62,0.833,-0.135,0.556,-0.1,-0.015,0.797,0.334,0.265,0.665,-0.686,0.23,-0.672,-0.557,0.936,0.564,0.826,-0.309,-0.277,-0.32,-0.278,0.874,-0.731,-0.628,0.684,0.266,0.743,-0.818,-0.105,-0.55,0.77,-0.355,0.471,-0.239,-0.87,0.218,-0.642,0.665,0.486,-0.239,-0.588,-0.552,-0.628,-0.867,-0.532,-0.398,0.491,0.57,0.794,-0.697,-0.575,0.911,-0.403,0.062,-0.613,-0.691,0.829,0.854,0.371,-0.413,0.272,-0.044,0.92,-0.464,-0.721,-0.467,0.341,-0.793,-0.11,-0.119,-0.426,-0.344,-0.11,0.584,0.216,0.415,-0.74,-0.328,-0.232,-0.632,-0.726,-0.524,0.588,0.334,-0.19,0.889,0.651,-0.522,0.801,0.538,-0.75,0.623,0.131,-0.267,0.613,0.424,-0.686,-0.748,0.17,-0.026,0.216,-0.062,0.114,0.605,-0.255,-0.774,-0.116,-0.638,-0.305,-0.705,-0.385,-0.322,0.84,-0.645,-0.326,-0.632,0.025,-0.554,-0.823,-0.693,-0.189,-0.717,0.29,0.866,-0.699
AMZN,0.566,0.741,0.172,0.498,-0.147,0.518,0.618,-0.437,-0.662,0.0,0.826,0.326,0.556,0.808,0.612,0.476,-0.693,0.645,0.506,0.859,0.64,-0.067,0.503,-0.474,0.44,0.866,-0.738,0.349,-0.326,0.756,0.904,0.581,0.696,-0.639,0.627,0.392,0.694,0.795,0.297,-0.132,0.818,-0.66,0.693,-0.672,-0.371,0.199,0.775,0.907,0.123,0.813,-0.642,0.062,0.17,-0.667,0.877,0.727,0.669,0.418,0.138,0.677,0.335,0.319,-0.712,0.597,0.741,-0.181,-0.409,0.849,0.608,0.555,-0.511,-0.313,0.804,0.541,-0.749,0.691,-0.454,0.289,-0.187,0.562,0.413,-0.751,0.086,0.201,-0.419,0.789,0.187,0.879,0.514,-0.628,-0.453,-0.554,0.715,0.46,0.554,0.623,-0.67,0.873,0.844,-0.615,-0.045,-0.454,0.738,0.462,0.836,-0.715,0.733,-0.151,0.542,0.829,0.18,0.864,-0.407,-0.393,0.097,0.405,0.787,0.834,0.822,0.745,0.836,-0.387,-0.154,-0.33,0.756,0.669,-0.538,0.682,0.245,0.848,0.831,-0.755,-0.666,0.074,0.806,0.186,0.444,-0.751,0.836,0.769,0.446,-0.064,0.897,0.275,0.555,0.792,0.537,0.5,-0.317,-0.192,-0.292,0.839,0.407,0.676,0.632,0.773,0.713,-0.553,-0.13,0.359,-0.747,-0.476,0.654,-0.529,-0.162,0.741,-0.388,0.283,0.598,-0.32,0.027,0.54,0.863,-0.284,0.315,0.051,0.492,0.087,-0.441,0.355,0.762,0.494,0.775,0.719,0.654,0.717,0.479,-0.725,0.873,0.575,0.862,0.162,0.628,0.788,0.808,0.643,0.62,-0.212,-0.725,0.597
ANIP,0.425,0.905,0.304,0.57,-0.133,0.54,0.601,-0.393,-0.608,0.826,0.0,0.375,0.447,0.798,0.499,0.662,-0.614,0.794,0.688,0.733,0.675,-0.048,0.166,-0.73,0.616,0.741,-0.69,0.454,-0.244,0.685,0.809,0.635,0.894,-0.732,0.521,0.12,0.597,0.673,0.148,-0.069,0.778,-0.577,0.671,-0.766,-0.356,0.306,0.741,0.755,0.247,0.768,-0.553,0.206,0.291,-0.621,0.763,0.845,0.836,0.389,0.371,0.784,0.493,0.339,-0.615,0.257,0.418,0.132,-0.369,0.87,0.646,0.384,-0.427,-0.292,0.793,0.639,-0.697,0.655,-0.37,0.128,-0.103,0.689,0.556,-0.75,0.213,-0.046,-0.297,0.702,0.33,0.881,0.331,-0.559,-0.382,-0.479,0.786,0.578,0.79,0.695,-0.663,0.78,0.853,-0.615,-0.076,-0.213,0.685,0.648,0.905,-0.668,0.655,-0.088,0.373,0.803,0.355,0.858,-0.294,-0.294,0.226,0.29,0.788,0.647,0.716,0.743,0.747,-0.444,-0.041,-0.247,0.784,0.6,-0.443,0.746,0.143,0.921,0.892,-0.72,-0.642,0.002,0.721,0.3,0.577,-0.673,0.844,0.792,0.361,0.116,0.728,0.354,0.472,0.811,0.681,0.389,-0.392,-0.001,-0.09,0.827,0.434,0.64,0.354,0.8,0.66,-0.526,0.01,0.502,-0.676,-0.398,0.562,-0.303,-0.126,0.61,-0.437,0.412,0.645,-0.119,0.224,0.493,0.872,-0.199,0.345,-0.158,0.47,-0.135,-0.403,0.442,0.666,0.604,0.649,0.764,0.38,0.602,0.606,-0.683,0.788,0.649,0.812,0.076,0.621,0.78,0.86,0.495,0.496,-0.265,-0.726,0.638
AOSL,0.83,0.509,0.924,0.735,0.474,0.629,0.222,0.268,-0.013,0.326,0.375,0.0,-0.495,0.082,0.271,0.69,0.167,0.746,0.751,0.19,0.731,0.136,0.058,-0.151,0.527,0.051,0.038,0.584,0.637,0.359,0.582,0.801,0.541,-0.176,0.742,0.592,0.719,0.668,0.448,0.75,0.587,0.204,-0.027,-0.05,0.471,0.779,-0.094,0.25,0.901,0.025,0.186,0.744,0.925,0.094,0.562,0.403,0.287,0.937,0.273,0.259,0.702,0.93,0.007,0.145,0.004,0.554,0.457,0.469,0.554,-0.225,0.168,0.527,0.698,0.577,-0.022,-0.072,0.242,0.791,0.517,0.693,0.767,-0.157,0.811,-0.148,0.62,0.215,0.758,0.441,-0.518,-0.119,0.393,0.433,0.685,0.83,0.644,0.852,-0.092,0.527,0.581,0.324,0.767,0.461,-0.074,0.561,0.418,0.183,0.757,0.385,0.764,-0.011,0.798,0.642,0.536,0.369,-0.314,-0.315,0.604,0.414,0.006,0.754,0.716,0.505,0.728,0.362,0.131,0.691,0.248,0.811,0.569,0.341,0.385,0.019,0.102,0.712,0.65,0.895,0.682,0.059,0.589,0.572,-0.457,0.794,0.231,0.868,0.693,0.499,0.673,0.904,0.325,0.708,0.125,0.4,0.623,0.853,0.083,0.435,0.631,0.39,0.814,0.63,0.085,0.459,0.76,0.319,0.701,-0.11,0.195,0.728,0.875,0.407,0.348,-0.168,0.431,0.369,0.914,0.563,0.89,0.574,0.549,0.83,0.068,0.853,0.56,0.805,0.042,-0.029,0.659,-0.012,0.482,0.882,0.209,0.795,0.736,-0.101,0.141,-0.072,-0.092,-0.694,-0.052,-0.076
APDN,-0.251,0.312,-0.645,-0.137,-0.632,-0.011,0.504,-0.733,-0.69,0.556,0.447,-0.495,0.0,0.694,0.412,-0.095,-0.814,-0.022,-0.172,0.699,0.062,-0.353,0.414,-0.35,-0.13,0.8,-0.745,-0.154,-0.87,0.477,0.356,-0.178,0.264,-0.45,-0.045,-0.135,0.069,0.136,-0.185,-0.756,0.164,-0.833,0.661,-0.651,-0.818,-0.487,0.827,0.646,-0.665,0.816,-0.795,-0.534,-0.653,-0.747,0.343,0.367,0.411,-0.394,-0.104,0.461,-0.195,-0.52,-0.714,0.245,0.685,-0.643,-0.869,0.486,0.121,0.655,-0.712,-0.804,0.176,-0.004,-0.731,0.703,-0.723,-0.391,-0.667,-0.15,-0.299,-0.604,-0.648,0.067,-0.94,0.588,-0.556,0.43,0.924,-0.585,-0.775,-0.913,0.064,-0.263,0.012,-0.159,-0.621,0.37,0.29,-0.847,-0.707,-0.861,0.827,-0.01,0.393,-0.86,-0.025,-0.541,-0.193,0.817,-0.544,0.293,-0.879,-0.658,0.484,0.749,0.181,0.389,0.823,0.043,0.14,-0.796,-0.806,-0.707,0.643,0.058,-0.814,-0.055,-0.294,0.503,0.49,-0.749,-0.764,-0.655,0.149,-0.576,-0.168,-0.795,0.215,0.318,0.777,-0.765,0.659,-0.462,-0.143,0.254,0.012,-0.334,-0.623,-0.692,-0.389,0.473,-0.069,-0.134,0.532,0.392,0.075,-0.832,-0.806,-0.083,-0.789,-0.831,-0.003,-0.821,-0.824,0.828,-0.622,-0.389,-0.199,-0.672,-0.261,0.69,0.491,-0.597,-0.489,-0.48,-0.341,-0.396,-0.89,-0.34,0.706,-0.302,0.288,-0.062,0.605,0.588,-0.079,-0.713,0.402,-0.216,0.577,-0.538,0.043,0.856,0.625,0.552,0.718,0.297,-0.686,0.658
APLT,0.157,0.769,-0.063,0.517,-0.554,0.305,0.651,-0.647,-0.786,0.808,0.798,0.082,0.694,0.0,0.52,0.455,-0.918,0.467,0.344,0.852,0.53,-0.279,0.403,-0.674,0.321,0.861,-0.937,0.175,-0.5,0.8,0.702,0.391,0.716,-0.889,0.28,0.189,0.55,0.669,-0.114,-0.366,0.582,-0.894,0.749,-0.922,-0.684,-0.055,0.913,0.899,-0.139,0.848,-0.875,-0.202,-0.032,-0.919,0.72,0.779,0.607,0.162,0.14,0.845,0.219,-0.001,-0.874,0.349,0.68,-0.213,-0.717,0.786,0.453,0.393,-0.689,-0.696,0.721,0.434,-0.915,0.897,-0.758,0.005,-0.551,0.466,0.143,-0.964,-0.228,-0.052,-0.632,0.867,-0.054,0.895,0.533,-0.758,-0.739,-0.76,0.585,0.386,0.605,0.408,-0.885,0.826,0.831,-0.875,-0.375,-0.592,0.824,0.277,0.88,-0.888,0.558,-0.426,0.223,0.905,-0.083,0.768,-0.695,-0.671,0.12,0.507,0.777,0.751,0.891,0.595,0.583,-0.584,-0.462,-0.62,0.734,0.574,-0.736,0.536,-0.186,0.8,0.869,-0.951,-0.938,-0.175,0.682,-0.046,0.302,-0.92,0.741,0.713,0.489,-0.228,0.841,-0.004,0.122,0.797,0.422,0.179,-0.644,-0.387,-0.33,0.788,0.147,0.407,0.569,0.82,0.653,-0.814,-0.396,0.188,-0.929,-0.773,0.506,-0.695,-0.524,0.834,-0.686,0.101,0.335,-0.595,-0.087,0.506,0.875,-0.48,0.149,-0.354,0.142,-0.226,-0.736,0.114,0.75,0.272,0.635,0.499,0.581,0.573,0.416,-0.936,0.849,0.445,0.94,-0.111,0.478,0.912,0.959,0.48,0.709,-0.234,-0.935,0.817
APVO,0.328,0.627,0.036,0.508,-0.282,0.491,0.785,-0.345,-0.485,0.612,0.499,0.271,0.412,0.52,0.0,0.534,-0.421,0.477,0.222,0.661,0.604,0.016,0.477,-0.232,0.367,0.669,-0.58,0.133,-0.128,0.542,0.684,0.454,0.577,-0.24,0.49,0.21,0.487,0.475,0.116,-0.244,0.499,-0.491,0.608,-0.472,-0.383,0.232,0.639,0.622,0.136,0.679,-0.582,0.33,0.085,-0.571,0.538,0.705,0.681,0.386,0.4,0.675,0.358,0.245,-0.515,0.343,0.469,-0.026,-0.359,0.621,0.349,0.371,-0.357,-0.277,0.626,0.526,-0.609,0.455,-0.37,0.163,-0.046,0.318,0.351,-0.484,0.11,-0.041,-0.257,0.643,0.09,0.625,0.422,-0.461,-0.222,-0.353,0.534,0.467,0.451,0.456,-0.631,0.51,0.61,-0.41,-0.156,-0.385,0.673,0.296,0.522,-0.541,0.559,0.075,0.291,0.565,0.012,0.614,-0.319,-0.051,0.264,0.14,0.445,0.453,0.613,0.561,0.465,-0.304,-0.183,-0.279,0.572,0.324,-0.51,0.56,0.377,0.621,0.725,-0.614,-0.482,0.035,0.506,0.236,0.548,-0.581,0.599,0.72,0.182,0.075,0.6,0.116,0.286,0.517,0.644,0.401,-0.42,-0.001,-0.022,0.722,0.458,0.396,0.26,0.745,0.32,-0.452,-0.123,0.537,-0.516,-0.123,0.44,-0.392,-0.165,0.73,-0.623,0.135,0.432,-0.206,0.032,0.355,0.689,-0.23,0.328,0.089,0.236,-0.111,-0.346,0.221,0.683,0.309,0.589,0.498,0.478,0.575,0.46,-0.576,0.624,0.453,0.498,-0.005,0.501,0.555,0.523,0.349,0.271,-0.197,-0.619,0.657
ARGX,0.48,0.825,0.632,0.742,-0.026,0.67,0.613,-0.155,-0.389,0.476,0.662,0.69,-0.095,0.455,0.534,0.0,-0.199,0.826,0.666,0.403,0.802,0.04,-0.019,-0.505,0.665,0.341,-0.424,0.579,0.243,0.519,0.659,0.695,0.814,-0.466,0.634,0.186,0.672,0.608,-0.028,0.269,0.621,-0.243,0.349,-0.514,-0.107,0.668,0.346,0.432,0.66,0.402,-0.3,0.583,0.649,-0.34,0.564,0.835,0.654,0.706,0.609,0.675,0.831,0.648,-0.372,0.084,-0.021,0.48,-0.034,0.601,0.385,-0.146,-0.196,0.053,0.773,0.662,-0.488,0.238,-0.099,0.382,0.277,0.688,0.758,-0.484,0.542,-0.295,0.215,0.429,0.645,0.704,-0.204,-0.414,0.106,-0.072,0.723,0.891,0.818,0.852,-0.541,0.607,0.754,-0.171,0.238,0.179,0.36,0.542,0.681,-0.266,0.712,0.282,0.405,0.372,0.605,0.745,0.113,0.179,0.032,-0.239,0.666,0.401,0.333,0.796,0.594,-0.057,0.275,-0.063,0.502,0.557,-0.215,0.882,0.37,0.614,0.736,-0.434,-0.333,0.286,0.606,0.605,0.784,-0.37,0.75,0.807,-0.158,0.622,0.357,0.605,0.457,0.659,0.842,0.577,-0.359,0.494,0.192,0.707,0.616,0.668,-0.069,0.761,0.559,-0.1,0.454,0.647,-0.339,0.136,0.617,0.053,0.25,0.286,-0.398,0.505,0.795,0.198,0.273,0.115,0.707,0.184,0.719,0.189,0.618,-0.054,0.02,0.645,0.386,0.826,0.512,0.823,0.075,0.223,0.672,-0.395,0.628,0.857,0.465,0.338,0.696,0.316,0.511,-0.028,0.02,-0.534,-0.535,0.511
ARLP,0.045,-0.584,0.31,-0.268,0.712,-0.079,-0.615,0.79,0.838,-0.693,-0.614,0.167,-0.814,-0.918,-0.421,-0.199,0.0,-0.197,-0.145,-0.838,-0.363,0.487,-0.497,0.568,0.016,-0.831,0.922,0.003,0.666,-0.752,-0.532,-0.111,-0.512,0.825,-0.109,-0.184,-0.429,-0.509,0.198,0.503,-0.314,0.961,-0.633,0.884,0.818,0.331,-0.89,-0.853,0.381,-0.841,0.921,0.421,0.301,0.941,-0.616,-0.579,-0.398,0.05,0.107,-0.669,-0.02,0.246,0.928,-0.283,-0.753,0.5,0.87,-0.642,-0.243,-0.459,0.799,0.848,-0.515,-0.138,0.899,-0.862,0.893,0.088,0.785,-0.169,0.178,0.906,0.522,0.097,0.814,-0.783,0.39,-0.716,-0.659,0.804,0.871,0.869,-0.339,-0.104,-0.366,-0.138,0.86,-0.706,-0.626,0.912,0.514,0.802,-0.827,-0.055,-0.67,0.92,-0.315,0.672,-0.108,-0.887,0.352,-0.574,0.856,0.783,-0.148,-0.681,-0.585,-0.683,-0.895,-0.376,-0.392,0.61,0.695,0.814,-0.666,-0.462,0.86,-0.282,0.348,-0.622,-0.695,0.924,0.973,0.4,-0.461,0.332,0.016,0.943,-0.513,-0.555,-0.543,0.515,-0.81,0.19,0.053,-0.579,-0.178,0.029,0.661,0.542,0.498,-0.669,-0.032,-0.163,-0.693,-0.658,-0.492,0.842,0.605,-0.012,0.941,0.902,-0.39,0.863,0.722,-0.838,0.699,0.157,-0.073,0.777,0.278,-0.567,-0.726,0.59,0.099,0.425,0.116,0.217,0.824,0.067,-0.704,0.042,-0.536,-0.21,-0.678,-0.452,-0.211,0.943,-0.71,-0.184,-0.813,0.228,-0.356,-0.89,-0.838,-0.383,-0.798,0.156,0.898,-0.737
ATEX,0.701,0.841,0.693,0.694,0.23,0.748,0.522,-0.1,-0.354,0.645,0.794,0.746,-0.022,0.467,0.477,0.826,-0.197,0.0,0.794,0.51,0.837,0.069,0.085,-0.467,0.67,0.453,-0.358,0.726,0.177,0.596,0.792,0.83,0.847,-0.447,0.758,0.332,0.702,0.719,0.354,0.362,0.786,-0.192,0.423,-0.483,0.066,0.671,0.366,0.555,0.69,0.48,-0.185,0.605,0.646,-0.271,0.733,0.78,0.69,0.761,0.453,0.586,0.733,0.71,-0.331,0.184,0.196,0.38,0.044,0.762,0.593,0.119,-0.167,0.181,0.826,0.717,-0.402,0.28,0.001,0.496,0.318,0.775,0.822,-0.475,0.66,-0.188,0.204,0.489,0.658,0.741,-0.063,-0.383,0.097,-0.033,0.861,0.793,0.804,0.911,-0.403,0.696,0.806,-0.152,0.392,0.182,0.39,0.674,0.742,-0.281,0.762,0.218,0.631,0.462,0.717,0.831,0.142,0.163,0.055,-0.065,0.735,0.551,0.411,0.838,0.791,0.009,0.392,0.106,0.602,0.685,-0.122,0.928,0.487,0.782,0.757,-0.381,-0.272,0.376,0.748,0.671,0.815,-0.339,0.796,0.819,-0.048,0.523,0.531,0.733,0.68,0.688,0.828,0.715,-0.086,0.438,0.042,0.742,0.72,0.847,0.161,0.718,0.633,-0.064,0.5,0.765,-0.313,0.103,0.733,0.035,0.353,0.283,-0.151,0.587,0.917,0.277,0.38,0.264,0.752,0.168,0.707,0.24,0.724,0.166,0.072,0.775,0.466,0.842,0.691,0.916,0.263,0.322,0.758,-0.371,0.701,0.858,0.539,0.453,0.752,0.398,0.545,0.204,0.107,-0.446,-0.437,0.333
ATRA,0.705,0.688,0.752,0.595,0.354,0.564,0.218,0.071,-0.158,0.506,0.688,0.751,-0.172,0.344,0.222,0.666,-0.145,0.794,0.0,0.347,0.651,0.036,-0.067,-0.489,0.575,0.237,-0.172,0.626,0.365,0.487,0.607,0.713,0.765,-0.457,0.585,0.321,0.619,0.611,0.309,0.482,0.665,-0.033,0.182,-0.348,0.222,0.56,0.238,0.394,0.722,0.287,0.007,0.629,0.758,-0.119,0.622,0.554,0.51,0.673,0.29,0.392,0.609,0.699,-0.185,0.092,0.089,0.481,0.185,0.575,0.56,-0.103,0.014,0.261,0.681,0.51,-0.196,0.144,0.077,0.48,0.237,0.729,0.696,-0.351,0.599,-0.178,0.321,0.294,0.572,0.585,-0.254,-0.188,0.054,0.12,0.766,0.693,0.839,0.83,-0.208,0.605,0.662,-0.055,0.467,0.316,0.163,0.786,0.629,-0.12,0.638,0.095,0.58,0.283,0.762,0.705,0.285,0.079,-0.071,-0.069,0.649,0.508,0.197,0.702,0.746,0.183,0.508,0.169,0.392,0.661,0.071,0.782,0.263,0.548,0.539,-0.196,-0.158,0.359,0.652,0.705,0.569,-0.137,0.707,0.586,-0.199,0.534,0.356,0.704,0.598,0.648,0.638,0.662,0.129,0.473,0.0,0.603,0.602,0.796,0.201,0.488,0.586,0.082,0.552,0.578,-0.139,0.097,0.666,0.187,0.434,0.052,0.06,0.678,0.808,0.311,0.502,0.051,0.561,0.042,0.657,0.328,0.719,0.34,0.218,0.682,0.168,0.784,0.544,0.797,0.041,0.097,0.65,-0.216,0.578,0.787,0.422,0.53,0.67,0.212,0.424,0.087,0.105,-0.587,-0.25,0.09
AUTL,0.353,0.727,-0.01,0.444,-0.411,0.402,0.783,-0.658,-0.834,0.859,0.733,0.19,0.699,0.852,0.661,0.403,-0.838,0.51,0.347,0.0,0.673,-0.359,0.631,-0.447,0.153,0.944,-0.854,0.252,-0.501,0.841,0.833,0.402,0.682,-0.672,0.5,0.436,0.679,0.726,0.141,-0.249,0.567,-0.834,0.662,-0.779,-0.592,0.039,0.845,0.954,-0.065,0.928,-0.794,-0.057,-0.037,-0.821,0.856,0.689,0.575,0.322,-0.016,0.681,0.282,0.107,-0.862,0.438,0.828,-0.386,-0.64,0.868,0.495,0.597,-0.701,-0.548,0.77,0.388,-0.862,0.745,-0.692,0.239,-0.415,0.318,0.174,-0.837,-0.159,-0.055,-0.593,0.856,-0.115,0.817,0.62,-0.821,-0.616,-0.689,0.603,0.35,0.471,0.469,-0.817,0.848,0.786,-0.69,-0.19,-0.689,0.866,0.315,0.724,-0.835,0.585,-0.41,0.461,0.903,-0.078,0.803,-0.585,-0.455,0.172,0.626,0.696,0.809,0.943,0.651,0.677,-0.444,-0.402,-0.579,0.778,0.661,-0.771,0.569,0.137,0.782,0.839,-0.858,-0.82,-0.144,0.674,0.001,0.286,-0.889,0.683,0.8,0.452,-0.27,0.964,0.159,0.345,0.648,0.496,0.366,-0.43,-0.263,-0.46,0.853,0.426,0.483,0.743,0.807,0.623,-0.643,-0.294,0.36,-0.862,-0.596,0.655,-0.761,-0.401,0.87,-0.567,0.107,0.444,-0.545,-0.145,0.651,0.866,-0.384,0.206,-0.094,0.247,0.054,-0.563,0.276,0.855,0.251,0.81,0.526,0.824,0.588,0.408,-0.87,0.841,0.45,0.792,0.08,0.673,0.87,0.781,0.496,0.76,-0.282,-0.847,0.668
AVDL,0.637,0.82,0.598,0.745,-0.003,0.603,0.731,-0.247,-0.574,0.64,0.675,0.731,0.062,0.53,0.604,0.802,-0.363,0.837,0.651,0.673,0.0,-0.176,0.382,-0.381,0.413,0.55,-0.502,0.553,0.104,0.715,0.83,0.703,0.79,-0.487,0.773,0.551,0.865,0.797,0.258,0.342,0.634,-0.389,0.328,-0.533,-0.098,0.624,0.411,0.679,0.58,0.59,-0.384,0.482,0.548,-0.449,0.819,0.761,0.564,0.791,0.244,0.613,0.726,0.611,-0.501,0.173,0.372,0.151,-0.115,0.769,0.542,0.172,-0.368,-0.031,0.907,0.626,-0.565,0.349,-0.265,0.621,0.105,0.572,0.658,-0.583,0.467,-0.364,0.083,0.628,0.423,0.74,-0.0,-0.61,0.013,-0.147,0.774,0.815,0.716,0.842,-0.612,0.784,0.825,-0.191,0.359,-0.089,0.504,0.484,0.662,-0.352,0.778,0.051,0.71,0.545,0.475,0.859,0.0,0.061,-0.018,0.083,0.762,0.627,0.528,0.877,0.737,0.076,0.201,-0.164,0.604,0.801,-0.356,0.901,0.452,0.682,0.784,-0.516,-0.43,0.315,0.711,0.553,0.641,-0.517,0.749,0.912,-0.113,0.416,0.653,0.723,0.56,0.629,0.824,0.743,-0.186,0.381,-0.086,0.792,0.712,0.742,0.356,0.832,0.725,-0.121,0.412,0.754,-0.468,0.011,0.87,-0.238,0.202,0.425,-0.298,0.419,0.84,-0.0,0.109,0.283,0.795,0.139,0.722,0.203,0.624,0.25,0.02,0.785,0.614,0.68,0.837,0.804,0.452,0.269,0.746,-0.547,0.735,0.868,0.518,0.532,0.893,0.449,0.545,0.049,0.282,-0.675,-0.582,0.409
BCRX,0.245,-0.146,0.158,0.118,0.506,-0.035,-0.346,0.642,0.601,-0.067,-0.048,0.136,-0.353,-0.279,0.016,0.04,0.487,0.069,0.036,-0.359,-0.176,0.0,-0.345,0.172,0.585,-0.265,0.313,-0.129,0.379,-0.493,-0.029,0.258,-0.139,0.319,-0.098,-0.299,-0.329,-0.125,0.203,-0.014,0.344,0.485,-0.02,0.445,0.49,0.311,-0.231,-0.316,0.282,-0.377,0.352,0.357,0.325,0.371,-0.256,-0.053,0.195,0.055,0.506,0.023,-0.201,0.259,0.492,0.288,-0.374,0.585,0.573,-0.166,0.216,-0.097,0.751,0.446,-0.056,0.311,0.404,-0.146,0.694,-0.118,0.609,0.348,0.426,0.342,0.471,0.613,0.425,-0.229,0.545,-0.088,-0.148,0.703,0.408,0.476,0.23,0.151,0.02,0.138,0.382,-0.281,-0.072,0.238,0.076,0.484,-0.404,0.085,0.014,0.303,0.195,0.697,-0.009,-0.345,0.221,-0.085,0.457,0.308,-0.158,-0.587,-0.088,-0.254,-0.398,-0.005,0.028,0.008,0.472,0.648,-0.282,-0.337,0.628,0.054,0.367,0.002,-0.088,0.274,0.473,0.508,0.103,0.469,0.399,0.44,0.173,-0.248,-0.131,0.461,-0.342,-0.006,0.141,0.141,0.041,0.179,0.22,-0.014,0.488,-0.255,-0.201,0.118,-0.546,-0.106,-0.152,0.108,0.227,-0.043,0.394,0.452,-0.282,0.573,0.457,-0.229,0.203,0.276,0.127,0.442,0.361,-0.468,-0.24,0.062,0.123,0.122,0.267,-0.175,0.281,-0.102,-0.286,0.28,-0.211,0.206,-0.463,0.353,-0.082,0.407,-0.169,0.07,-0.089,-0.0,-0.251,-0.334,-0.135,0.333,-0.443,0.223,0.338,-0.131
BHAT,0.246,0.219,-0.117,0.213,-0.283,0.052,0.525,-0.377,-0.54,0.503,0.166,0.058,0.414,0.403,0.477,-0.019,-0.497,0.085,-0.067,0.631,0.382,-0.345,0.0,0.052,-0.217,0.594,-0.469,-0.08,-0.299,0.498,0.48,0.165,0.14,-0.207,0.361,0.624,0.493,0.491,0.273,-0.114,0.163,-0.535,0.25,-0.294,-0.313,-0.076,0.411,0.632,-0.162,0.519,-0.511,-0.19,-0.173,-0.505,0.553,0.215,0.058,0.244,-0.355,0.214,-0.002,-0.003,-0.548,0.379,0.779,-0.596,-0.377,0.395,0.177,0.516,-0.55,-0.351,0.406,0.126,-0.507,0.383,-0.548,0.361,-0.36,-0.046,-0.116,-0.431,-0.224,0.034,-0.399,0.579,-0.304,0.35,0.44,-0.573,-0.341,-0.403,0.175,0.071,-0.006,0.091,-0.486,0.499,0.373,-0.282,0.012,-0.643,0.513,-0.156,0.194,-0.415,0.349,-0.296,0.487,0.494,-0.291,0.366,-0.427,-0.289,-0.089,0.477,0.352,0.542,0.555,0.342,0.334,-0.035,-0.337,-0.412,0.34,0.449,-0.53,0.213,0.225,0.282,0.348,-0.465,-0.448,0.061,0.364,-0.129,-0.044,-0.56,0.253,0.434,0.205,-0.286,0.662,0.063,0.198,0.213,0.116,0.335,-0.1,-0.24,-0.481,0.402,0.194,0.211,0.726,0.41,0.396,-0.31,-0.249,0.125,-0.517,-0.337,0.49,-0.683,-0.245,0.568,-0.266,-0.18,0.155,-0.549,-0.431,0.409,0.427,-0.186,0.123,0.064,0.042,0.28,-0.303,0.179,0.582,-0.101,0.621,0.142,0.759,0.335,0.135,-0.537,0.46,0.179,0.34,0.176,0.375,0.454,0.307,0.235,0.494,-0.22,-0.428,0.272
BLBD,0.0,-0.717,-0.109,-0.47,0.374,-0.258,-0.407,0.356,0.416,-0.474,-0.73,-0.151,-0.35,-0.674,-0.232,-0.505,0.568,-0.467,-0.489,-0.447,-0.381,0.172,0.052,0.0,-0.462,-0.455,0.568,-0.158,0.218,-0.467,-0.381,-0.357,-0.665,0.727,-0.168,0.183,-0.306,-0.356,0.234,0.164,-0.424,0.497,-0.575,0.744,0.427,-0.021,-0.61,-0.478,-0.031,-0.512,0.492,-0.024,-0.143,0.582,-0.391,-0.667,-0.586,-0.114,-0.375,-0.717,-0.312,-0.1,0.491,0.041,-0.149,-0.198,0.429,-0.578,-0.365,-0.14,0.378,0.432,-0.48,-0.463,0.557,-0.648,0.42,0.169,0.289,-0.538,-0.226,0.666,0.035,0.224,0.309,-0.597,-0.136,-0.662,-0.137,0.418,0.5,0.424,-0.493,-0.378,-0.694,-0.377,0.554,-0.502,-0.573,0.616,0.264,0.111,-0.548,-0.428,-0.732,0.561,-0.351,0.252,-0.007,-0.569,-0.222,-0.521,0.381,0.377,-0.158,-0.232,-0.599,-0.29,-0.506,-0.373,-0.416,0.398,0.143,0.324,-0.572,-0.322,0.349,-0.455,0.287,-0.597,-0.656,0.588,0.616,0.167,-0.384,-0.119,-0.335,0.529,-0.584,-0.492,-0.271,-0.016,-0.423,-0.056,-0.161,-0.65,-0.475,-0.032,0.565,0.051,-0.012,-0.506,-0.093,-0.313,-0.12,-0.553,-0.458,0.532,0.136,-0.288,0.537,0.464,-0.282,0.246,0.312,-0.433,0.5,-0.283,-0.251,0.188,-0.267,-0.283,-0.63,0.326,-0.217,0.472,-0.128,0.342,0.49,-0.111,-0.439,-0.343,-0.258,-0.433,-0.099,-0.284,-0.369,0.597,-0.525,-0.386,-0.665,0.212,-0.322,-0.597,-0.757,-0.232,-0.408,0.153,0.608,-0.574
BMRN,0.464,0.587,0.49,0.618,0.283,0.489,0.183,0.199,0.054,0.44,0.616,0.527,-0.13,0.321,0.367,0.665,0.016,0.67,0.575,0.153,0.413,0.585,-0.217,-0.462,0.0,0.209,-0.194,0.319,0.301,0.178,0.51,0.737,0.587,-0.279,0.346,-0.103,0.255,0.389,0.193,0.133,0.788,0.034,0.478,-0.24,0.153,0.574,0.266,0.223,0.532,0.175,-0.05,0.552,0.603,-0.122,0.307,0.621,0.69,0.457,0.707,0.595,0.45,0.572,-0.015,0.285,-0.104,0.692,0.234,0.455,0.575,-0.024,0.244,0.214,0.558,0.772,-0.171,0.236,0.255,0.088,0.455,0.8,0.758,-0.266,0.637,0.239,0.272,0.295,0.761,0.565,-0.129,0.096,0.115,0.118,0.709,0.691,0.677,0.689,-0.195,0.339,0.572,-0.156,0.113,0.392,0.141,0.6,0.663,-0.162,0.656,0.516,0.237,0.204,0.589,0.546,0.241,0.108,0.029,-0.375,0.539,0.223,0.135,0.546,0.531,-0.179,0.468,0.371,0.297,0.219,0.195,0.654,0.353,0.604,0.569,-0.244,-0.067,0.43,0.602,0.673,0.828,-0.087,0.724,0.418,0.009,0.618,0.16,0.351,0.477,0.708,0.623,0.457,-0.13,0.256,0.391,0.409,0.213,0.598,-0.255,0.494,0.393,-0.158,0.342,0.429,-0.1,0.164,0.252,0.337,0.343,0.153,-0.162,0.671,0.627,0.386,0.545,-0.063,0.485,0.019,0.527,0.053,0.604,-0.173,0.027,0.328,0.185,0.77,0.248,0.747,-0.178,0.516,0.493,-0.14,0.462,0.628,0.474,0.107,0.296,0.208,0.457,0.415,-0.107,-0.106,-0.233,0.355
BNGO,0.258,0.684,-0.147,0.351,-0.442,0.367,0.739,-0.665,-0.812,0.866,0.741,0.051,0.8,0.861,0.669,0.341,-0.831,0.453,0.237,0.944,0.55,-0.265,0.594,-0.455,0.209,0.0,-0.863,0.165,-0.602,0.75,0.798,0.338,0.639,-0.62,0.412,0.252,0.551,0.617,0.11,-0.401,0.581,-0.845,0.753,-0.765,-0.656,-0.04,0.89,0.916,-0.186,0.953,-0.825,-0.149,-0.154,-0.821,0.767,0.685,0.633,0.157,0.039,0.708,0.2,-0.001,-0.835,0.451,0.806,-0.39,-0.692,0.839,0.484,0.639,-0.698,-0.598,0.677,0.402,-0.873,0.769,-0.685,0.062,-0.416,0.285,0.159,-0.804,-0.219,0.051,-0.686,0.835,-0.128,0.799,0.728,-0.758,-0.644,-0.769,0.537,0.253,0.4,0.371,-0.805,0.769,0.731,-0.76,-0.326,-0.717,0.891,0.269,0.721,-0.876,0.511,-0.329,0.311,0.942,-0.158,0.749,-0.663,-0.513,0.312,0.631,0.623,0.729,0.963,0.567,0.609,-0.608,-0.477,-0.557,0.806,0.511,-0.772,0.473,0.092,0.796,0.825,-0.878,-0.816,-0.241,0.607,-0.091,0.269,-0.897,0.653,0.74,0.594,-0.338,0.928,0.017,0.272,0.628,0.427,0.233,-0.512,-0.376,-0.348,0.801,0.307,0.395,0.663,0.769,0.531,-0.743,-0.42,0.263,-0.881,-0.648,0.488,-0.757,-0.488,0.921,-0.609,0.037,0.345,-0.547,-0.131,0.704,0.835,-0.411,0.058,-0.185,0.18,-0.112,-0.666,0.143,0.878,0.197,0.704,0.459,0.764,0.717,0.326,-0.847,0.785,0.337,0.805,-0.092,0.522,0.928,0.814,0.63,0.785,-0.096,-0.846,0.742
BUSE,-0.05,-0.697,0.19,-0.431,0.685,-0.204,-0.747,0.737,0.845,-0.738,-0.69,0.038,-0.745,-0.937,-0.58,-0.424,0.922,-0.358,-0.172,-0.854,-0.502,0.313,-0.469,0.568,-0.194,-0.863,0.0,-0.044,0.599,-0.746,-0.653,-0.278,-0.616,0.812,-0.224,-0.153,-0.505,-0.586,0.225,0.483,-0.457,0.953,-0.679,0.894,0.802,0.103,-0.889,-0.862,0.243,-0.86,0.959,0.252,0.17,0.961,-0.646,-0.731,-0.554,-0.098,-0.095,-0.816,-0.181,0.127,0.929,-0.331,-0.644,0.339,0.786,-0.71,-0.328,-0.42,0.747,0.782,-0.646,-0.319,0.965,-0.86,0.816,0.051,0.585,-0.312,-0.043,0.926,0.342,0.087,0.715,-0.83,0.165,-0.811,-0.611,0.802,0.73,0.828,-0.483,-0.32,-0.464,-0.295,0.95,-0.74,-0.744,0.89,0.475,0.725,-0.84,-0.101,-0.76,0.913,-0.482,0.411,-0.146,-0.898,0.267,-0.683,0.765,0.641,-0.143,-0.511,-0.663,-0.67,-0.89,-0.534,-0.454,0.65,0.608,0.723,-0.719,-0.471,0.836,-0.446,0.161,-0.712,-0.824,0.987,0.954,0.266,-0.559,0.167,-0.217,0.97,-0.642,-0.69,-0.467,0.31,-0.803,0.111,-0.003,-0.677,-0.363,-0.102,0.762,0.44,0.397,-0.741,-0.114,-0.267,-0.53,-0.811,-0.537,0.86,0.496,-0.133,0.967,0.754,-0.431,0.794,0.633,-0.874,0.818,0.088,-0.231,0.689,0.245,-0.549,-0.807,0.483,-0.053,0.388,-0.017,0.325,0.783,-0.027,-0.761,-0.143,-0.592,-0.379,-0.629,-0.574,-0.299,0.96,-0.764,-0.35,-0.844,0.192,-0.439,-0.886,-0.883,-0.417,-0.687,0.215,0.978,-0.853
CAKE,0.576,0.499,0.64,0.265,0.356,0.734,0.191,-0.092,-0.199,0.349,0.454,0.584,-0.154,0.175,0.133,0.579,0.003,0.726,0.626,0.252,0.553,-0.129,-0.08,-0.158,0.319,0.165,-0.044,0.0,0.168,0.485,0.466,0.464,0.596,-0.191,0.628,0.343,0.517,0.451,0.305,0.506,0.451,0.018,0.165,-0.256,0.174,0.583,0.1,0.29,0.638,0.224,0.111,0.488,0.51,0.053,0.521,0.437,0.286,0.59,0.261,0.115,0.691,0.555,-0.157,0.119,0.079,0.214,0.148,0.439,0.202,-0.11,-0.134,0.364,0.473,0.22,-0.129,-0.107,0.152,0.521,0.358,0.408,0.616,-0.158,0.546,-0.255,0.291,0.067,0.496,0.388,-0.208,-0.274,0.235,0.056,0.488,0.443,0.503,0.719,-0.063,0.438,0.458,0.112,0.487,0.288,0.134,0.547,0.38,-0.043,0.363,0.044,0.466,0.188,0.724,0.49,0.297,0.3,0.069,-0.018,0.373,0.432,0.182,0.534,0.538,0.191,0.379,0.12,0.365,0.55,-0.045,0.645,0.405,0.441,0.371,-0.034,-0.032,0.175,0.445,0.421,0.54,-0.069,0.382,0.558,-0.146,0.378,0.321,0.707,0.588,0.269,0.541,0.511,0.155,0.553,-0.02,0.537,0.778,0.646,0.141,0.293,0.311,0.258,0.553,0.586,-0.054,0.204,0.57,0.163,0.447,-0.019,0.187,0.42,0.75,0.454,0.322,0.193,0.441,0.349,0.51,0.515,0.57,0.378,0.256,0.698,0.148,0.64,0.415,0.636,0.175,-0.034,0.525,-0.046,0.428,0.579,0.205,0.544,0.564,0.131,0.143,-0.07,-0.031,-0.297,-0.12,-0.003
CASY,0.399,-0.105,0.685,0.341,0.605,0.156,-0.321,0.697,0.582,-0.326,-0.244,0.637,-0.87,-0.5,-0.128,0.243,0.666,0.177,0.365,-0.501,0.104,0.379,-0.299,0.218,0.301,-0.602,0.599,0.168,0.0,-0.304,-0.122,0.346,-0.052,0.314,0.196,0.215,0.093,0.041,0.269,0.699,0.054,0.71,-0.458,0.499,0.755,0.521,-0.608,-0.442,0.738,-0.608,0.649,0.623,0.765,0.575,-0.163,-0.139,-0.128,0.528,0.251,-0.23,0.28,0.653,0.595,-0.181,-0.508,0.707,0.792,-0.266,0.086,-0.573,0.662,0.735,0.037,0.248,0.567,-0.527,0.622,0.44,0.614,0.326,0.448,0.424,0.705,-0.044,0.889,-0.374,0.595,-0.2,-0.81,0.5,0.677,0.846,0.127,0.442,0.225,0.325,0.446,-0.166,-0.065,0.699,0.698,0.79,-0.622,0.253,-0.178,0.705,0.223,0.553,0.304,-0.632,0.625,-0.054,0.803,0.56,-0.469,-0.699,0.006,-0.214,-0.651,0.148,0.07,0.73,0.828,0.649,-0.488,0.078,0.722,0.238,0.33,-0.293,-0.263,0.567,0.61,0.714,0.08,0.717,0.337,0.641,0.033,-0.12,-0.684,0.83,-0.471,0.522,0.263,-0.001,0.201,0.481,0.569,0.678,0.425,-0.236,0.162,0.316,-0.415,-0.168,0.081,0.699,0.793,0.264,0.656,0.752,0.153,0.751,0.811,-0.619,0.482,0.531,0.344,0.634,0.356,-0.642,-0.249,0.465,0.602,0.513,0.485,0.402,0.796,0.418,-0.505,0.458,-0.083,0.255,-0.52,-0.433,0.254,0.535,-0.171,0.395,-0.363,0.55,0.105,-0.668,-0.408,-0.409,-0.623,-0.382,0.519,-0.463
CCOI,0.42,0.754,0.202,0.483,-0.32,0.578,0.681,-0.65,-0.759,0.756,0.685,0.359,0.477,0.8,0.542,0.519,-0.752,0.596,0.487,0.841,0.715,-0.493,0.498,-0.467,0.178,0.75,-0.746,0.485,-0.304,0.0,0.768,0.478,0.743,-0.71,0.567,0.54,0.766,0.774,0.149,0.01,0.542,-0.714,0.602,-0.817,-0.459,0.155,0.726,0.896,0.139,0.787,-0.65,0.06,0.135,-0.732,0.858,0.715,0.432,0.47,-0.027,0.616,0.46,0.25,-0.822,0.332,0.725,-0.266,-0.537,0.798,0.386,0.303,-0.732,-0.389,0.768,0.325,-0.772,0.597,-0.65,0.421,-0.393,0.377,0.215,-0.826,-0.022,-0.31,-0.388,0.757,-0.004,0.813,0.325,-0.829,-0.519,-0.554,0.594,0.44,0.596,0.561,-0.756,0.866,0.815,-0.586,0.002,-0.46,0.725,0.361,0.741,-0.719,0.594,-0.428,0.503,0.757,0.165,0.792,-0.479,-0.436,0.055,0.5,0.749,0.871,0.804,0.669,0.703,-0.214,-0.238,-0.521,0.736,0.786,-0.692,0.675,0.034,0.726,0.785,-0.743,-0.769,-0.063,0.717,0.126,0.362,-0.779,0.645,0.83,0.235,-0.12,0.86,0.321,0.345,0.646,0.527,0.436,-0.381,-0.031,-0.487,0.854,0.502,0.605,0.726,0.736,0.655,-0.452,-0.088,0.49,-0.738,-0.509,0.783,-0.623,-0.253,0.652,-0.457,0.167,0.554,-0.365,-0.038,0.511,0.878,-0.281,0.366,0.07,0.309,0.223,-0.417,0.41,0.687,0.365,0.796,0.574,0.716,0.303,0.553,-0.8,0.871,0.576,0.755,0.25,0.714,0.724,0.728,0.251,0.583,-0.421,-0.769,0.522
CEVA,0.716,0.8,0.4,0.643,-0.012,0.642,0.694,-0.348,-0.629,0.904,0.809,0.582,0.356,0.702,0.684,0.659,-0.532,0.792,0.607,0.833,0.83,-0.029,0.48,-0.381,0.51,0.798,-0.653,0.466,-0.122,0.768,0.0,0.736,0.771,-0.545,0.772,0.518,0.821,0.873,0.388,0.078,0.845,-0.527,0.567,-0.595,-0.228,0.446,0.634,0.862,0.376,0.759,-0.53,0.312,0.396,-0.567,0.928,0.77,0.696,0.658,0.201,0.68,0.545,0.545,-0.637,0.504,0.627,-0.001,-0.242,0.914,0.694,0.403,-0.422,-0.124,0.919,0.649,-0.69,0.539,-0.336,0.507,0.024,0.626,0.603,-0.689,0.327,0.047,-0.19,0.742,0.38,0.875,0.324,-0.623,-0.233,-0.369,0.821,0.674,0.637,0.797,-0.662,0.892,0.902,-0.424,0.185,-0.3,0.644,0.516,0.802,-0.59,0.853,0.042,0.694,0.734,0.336,0.95,-0.195,-0.177,0.066,0.246,0.814,0.823,0.741,0.889,0.896,-0.226,0.054,-0.192,0.714,0.766,-0.446,0.842,0.466,0.85,0.862,-0.674,-0.549,0.247,0.861,0.436,0.62,-0.663,0.865,0.891,0.242,0.19,0.845,0.515,0.636,0.773,0.695,0.708,-0.217,0.06,-0.203,0.86,0.597,0.812,0.544,0.842,0.752,-0.362,0.14,0.559,-0.633,-0.223,0.795,-0.388,0.044,0.643,-0.354,0.393,0.8,-0.16,0.087,0.459,0.889,-0.099,0.527,0.216,0.673,0.216,-0.211,0.588,0.723,0.676,0.88,0.851,0.615,0.613,0.609,-0.647,0.879,0.766,0.751,0.376,0.797,0.664,0.711,0.508,0.516,-0.419,-0.679,0.525
CHY,0.766,0.685,0.719,0.812,0.275,0.618,0.371,0.069,-0.141,0.581,0.635,0.801,-0.178,0.391,0.454,0.695,-0.111,0.83,0.713,0.402,0.703,0.258,0.165,-0.357,0.737,0.338,-0.278,0.464,0.346,0.478,0.736,0.0,0.666,-0.386,0.654,0.464,0.654,0.762,0.46,0.415,0.792,-0.071,0.379,-0.321,0.192,0.643,0.254,0.489,0.679,0.279,-0.105,0.629,0.726,-0.236,0.655,0.626,0.534,0.816,0.367,0.557,0.565,0.787,-0.226,0.346,0.197,0.489,0.224,0.662,0.661,0.049,0.011,0.261,0.808,0.752,-0.278,0.28,0.05,0.562,0.355,0.885,0.695,-0.423,0.695,0.069,0.297,0.492,0.706,0.696,-0.186,-0.231,0.071,0.147,0.85,0.803,0.722,0.833,-0.324,0.651,0.784,-0.077,0.44,0.245,0.19,0.549,0.703,-0.18,0.892,0.321,0.712,0.286,0.624,0.761,0.23,0.125,-0.202,-0.17,0.777,0.564,0.277,0.809,0.786,0.141,0.508,0.281,0.325,0.655,0.074,0.861,0.539,0.677,0.664,-0.316,-0.177,0.64,0.838,0.794,0.835,-0.22,0.787,0.651,-0.122,0.605,0.445,0.616,0.677,0.757,0.697,0.836,0.069,0.384,-0.021,0.568,0.496,0.871,0.172,0.639,0.703,-0.047,0.482,0.591,-0.198,0.158,0.714,0.115,0.412,0.206,-0.12,0.706,0.856,0.185,0.354,0.059,0.66,0.064,0.796,0.283,0.785,0.293,0.159,0.639,0.274,0.812,0.654,0.887,0.233,0.336,0.708,-0.316,0.713,0.857,0.542,0.502,0.654,0.244,0.47,0.325,0.058,-0.457,-0.323,0.224
CLDX,0.474,0.944,0.45,0.679,-0.123,0.65,0.644,-0.362,-0.556,0.696,0.894,0.541,0.264,0.716,0.577,0.814,-0.512,0.847,0.765,0.682,0.79,-0.139,0.14,-0.665,0.587,0.639,-0.616,0.596,-0.052,0.743,0.771,0.666,0.0,-0.674,0.565,0.203,0.679,0.666,0.089,0.08,0.708,-0.497,0.59,-0.738,-0.295,0.432,0.667,0.692,0.438,0.699,-0.483,0.409,0.446,-0.566,0.742,0.892,0.776,0.536,0.425,0.773,0.656,0.438,-0.584,0.157,0.326,0.27,-0.293,0.819,0.543,0.128,-0.392,-0.193,0.832,0.605,-0.653,0.5,-0.341,0.264,-0.033,0.664,0.623,-0.702,0.326,-0.292,-0.104,0.631,0.371,0.847,0.12,-0.566,-0.264,-0.337,0.818,0.696,0.901,0.797,-0.656,0.757,0.862,-0.464,0.055,-0.093,0.612,0.684,0.847,-0.564,0.664,-0.073,0.402,0.684,0.467,0.862,-0.163,-0.149,0.191,0.194,0.755,0.63,0.622,0.788,0.722,-0.263,0.057,-0.212,0.734,0.651,-0.409,0.835,0.173,0.823,0.883,-0.645,-0.587,0.056,0.71,0.447,0.674,-0.595,0.824,0.875,0.095,0.295,0.656,0.464,0.423,0.77,0.796,0.496,-0.357,0.238,-0.023,0.875,0.604,0.681,0.283,0.823,0.606,-0.375,0.173,0.648,-0.58,-0.224,0.654,-0.214,0.005,0.549,-0.436,0.467,0.739,-0.006,0.321,0.377,0.868,-0.136,0.525,0.023,0.496,-0.023,-0.24,0.558,0.588,0.665,0.653,0.792,0.315,0.393,0.717,-0.628,0.798,0.757,0.692,0.225,0.744,0.654,0.749,0.248,0.371,-0.471,-0.7,0.599
CLMT,-0.126,-0.727,-0.104,-0.567,0.511,-0.191,-0.487,0.542,0.678,-0.639,-0.732,-0.176,-0.45,-0.889,-0.24,-0.466,0.825,-0.447,-0.457,-0.672,-0.487,0.319,-0.207,0.727,-0.279,-0.62,0.812,-0.191,0.314,-0.71,-0.545,-0.386,-0.674,0.0,-0.203,-0.203,-0.544,-0.648,0.21,0.169,-0.474,0.762,-0.506,0.87,0.549,0.038,-0.715,-0.746,0.006,-0.619,0.732,0.185,-0.135,0.801,-0.64,-0.672,-0.457,-0.209,-0.09,-0.752,-0.241,-0.073,0.777,-0.161,-0.473,0.076,0.586,-0.657,-0.396,-0.162,0.569,0.612,-0.667,-0.336,0.776,-0.807,0.682,-0.065,0.552,-0.533,-0.13,0.923,0.181,0.15,0.452,-0.719,-0.015,-0.806,-0.254,0.679,0.66,0.589,-0.559,-0.442,-0.667,-0.411,0.794,-0.781,-0.773,0.75,0.243,0.4,-0.591,-0.263,-0.828,0.707,-0.518,0.465,-0.23,-0.726,-0.036,-0.704,0.548,0.636,0.104,-0.373,-0.799,-0.665,-0.686,-0.581,-0.54,0.397,0.33,0.573,-0.543,-0.618,0.573,-0.523,0.324,-0.644,-0.735,0.815,0.854,0.084,-0.626,-0.035,-0.228,0.773,-0.692,-0.601,-0.267,0.09,-0.666,-0.09,-0.07,-0.775,-0.342,-0.182,0.545,0.242,0.321,-0.638,-0.072,-0.407,-0.475,-0.715,-0.706,0.652,0.233,-0.108,0.805,0.711,-0.52,0.531,0.411,-0.582,0.553,-0.173,-0.322,0.531,0.073,-0.3,-0.747,0.378,-0.237,0.373,-0.185,0.165,0.559,-0.182,-0.5,-0.315,-0.527,-0.472,-0.395,-0.3,-0.415,0.832,-0.755,-0.496,-0.85,-0.015,-0.476,-0.717,-0.875,-0.243,-0.597,0.412,0.828,-0.653
COHU,0.776,0.589,0.656,0.506,0.238,0.785,0.538,-0.069,-0.372,0.627,0.521,0.742,-0.045,0.28,0.49,0.634,-0.109,0.758,0.585,0.5,0.773,-0.098,0.361,-0.168,0.346,0.412,-0.224,0.628,0.196,0.567,0.772,0.654,0.565,-0.203,0.0,0.609,0.832,0.749,0.492,0.495,0.597,-0.125,0.216,-0.262,0.147,0.633,0.199,0.531,0.587,0.403,-0.102,0.483,0.548,-0.142,0.769,0.525,0.444,0.809,0.153,0.29,0.717,0.733,-0.296,0.285,0.333,0.075,0.111,0.638,0.475,0.227,-0.275,0.295,0.707,0.509,-0.325,0.111,-0.045,0.734,0.339,0.503,0.665,-0.298,0.514,-0.101,0.188,0.445,0.528,0.562,-0.065,-0.453,0.201,-0.008,0.586,0.644,0.482,0.771,-0.296,0.666,0.636,0.077,0.583,0.03,0.331,0.528,0.461,-0.104,0.696,0.23,0.745,0.326,0.609,0.719,0.186,0.269,-0.048,0.006,0.601,0.582,0.366,0.789,0.786,0.245,0.34,0.032,0.491,0.728,-0.172,0.779,0.625,0.509,0.533,-0.216,-0.143,0.393,0.6,0.518,0.545,-0.273,0.574,0.76,-0.047,0.391,0.563,0.738,0.8,0.424,0.697,0.773,0.085,0.492,-0.119,0.623,0.788,0.81,0.368,0.539,0.645,0.162,0.507,0.66,-0.227,0.209,0.795,-0.068,0.402,0.238,0.01,0.431,0.82,0.178,0.086,0.256,0.608,0.341,0.691,0.542,0.774,0.486,0.201,0.763,0.469,0.704,0.717,0.791,0.427,0.239,0.574,-0.253,0.586,0.747,0.346,0.621,0.79,0.248,0.306,0.142,0.165,-0.454,-0.279,0.137
COLM,0.668,0.218,0.498,0.427,0.158,0.333,0.259,-0.097,-0.309,0.392,0.12,0.592,-0.135,0.189,0.21,0.186,-0.184,0.332,0.321,0.436,0.551,-0.299,0.624,0.183,-0.103,0.252,-0.153,0.343,0.215,0.54,0.518,0.464,0.203,-0.203,0.609,0.0,0.746,0.732,0.525,0.527,0.275,-0.148,-0.08,-0.106,0.18,0.337,0.022,0.494,0.396,0.174,-0.084,0.179,0.403,-0.157,0.672,0.113,-0.135,0.711,-0.364,0.013,0.305,0.513,-0.314,0.349,0.543,-0.222,0.102,0.384,0.336,0.111,-0.248,0.164,0.562,0.136,-0.203,0.075,-0.206,0.868,-0.017,0.244,0.179,-0.291,0.247,-0.078,0.152,0.333,0.141,0.335,-0.116,-0.448,0.016,0.084,0.351,0.382,0.189,0.45,-0.227,0.61,0.466,0.139,0.604,-0.151,0.084,0.082,0.203,-0.034,0.568,-0.146,0.853,0.155,0.233,0.483,0.104,-0.026,-0.481,0.186,0.516,0.682,0.257,0.569,0.57,0.484,0.216,-0.076,0.065,0.79,-0.144,0.485,0.411,0.193,0.229,-0.143,-0.154,0.504,0.574,0.339,0.154,-0.22,0.319,0.449,-0.215,0.178,0.516,0.586,0.481,0.269,0.245,0.753,0.36,0.239,-0.466,0.364,0.447,0.596,0.686,0.315,0.631,0.199,0.359,0.282,-0.184,0.032,0.814,-0.263,0.312,0.106,0.157,0.254,0.542,-0.177,-0.231,0.071,0.374,0.159,0.572,0.512,0.524,0.797,0.267,0.602,0.194,0.32,0.713,0.431,0.581,-0.06,0.389,-0.258,0.51,0.549,0.236,0.772,0.629,0.065,0.089,-0.033,0.263,-0.605,-0.158,-0.133
COST,0.691,0.702,0.612,0.681,-0.048,0.615,0.643,-0.302,-0.623,0.694,0.597,0.719,0.069,0.55,0.487,0.672,-0.429,0.702,0.619,0.679,0.865,-0.329,0.493,-0.306,0.255,0.551,-0.505,0.517,0.093,0.766,0.821,0.654,0.679,-0.544,0.832,0.746,0.0,0.909,0.29,0.424,0.569,-0.426,0.219,-0.508,-0.101,0.504,0.368,0.729,0.502,0.537,-0.395,0.298,0.534,-0.443,0.896,0.609,0.381,0.803,-0.008,0.477,0.705,0.621,-0.58,0.283,0.494,-0.02,-0.133,0.725,0.512,0.131,-0.486,-0.025,0.864,0.462,-0.59,0.343,-0.395,0.756,-0.015,0.533,0.508,-0.608,0.321,-0.25,0.014,0.615,0.353,0.73,-0.029,-0.709,-0.093,-0.206,0.653,0.731,0.61,0.757,-0.606,0.882,0.817,-0.165,0.458,-0.192,0.441,0.405,0.615,-0.32,0.784,-0.043,0.765,0.522,0.412,0.856,-0.054,-0.081,-0.203,0.168,0.809,0.781,0.545,0.901,0.804,0.161,0.142,-0.26,0.525,0.931,-0.406,0.819,0.369,0.552,0.66,-0.495,-0.466,0.34,0.738,0.438,0.433,-0.544,0.691,0.857,-0.068,0.308,0.709,0.683,0.574,0.601,0.639,0.774,-0.081,0.347,-0.282,0.742,0.658,0.779,0.584,0.729,0.851,-0.061,0.363,0.529,-0.51,-0.096,0.939,-0.338,0.174,0.39,-0.192,0.375,0.786,-0.172,-0.081,0.304,0.757,0.156,0.699,0.343,0.688,0.465,0.028,0.748,0.527,0.652,0.858,0.757,0.544,0.194,0.658,-0.55,0.765,0.84,0.545,0.646,0.899,0.42,0.514,0.066,0.425,-0.732,-0.564,0.316
CPRT,0.736,0.714,0.553,0.744,-0.024,0.584,0.555,-0.272,-0.562,0.795,0.673,0.668,0.136,0.669,0.475,0.608,-0.509,0.719,0.611,0.726,0.797,-0.125,0.491,-0.356,0.389,0.617,-0.586,0.451,0.041,0.774,0.873,0.762,0.666,-0.648,0.749,0.732,0.909,0.0,0.373,0.304,0.732,-0.467,0.366,-0.56,-0.099,0.447,0.472,0.819,0.446,0.545,-0.449,0.233,0.522,-0.526,0.928,0.641,0.42,0.77,0.05,0.577,0.503,0.607,-0.62,0.485,0.588,0.004,-0.13,0.78,0.623,0.231,-0.408,-0.071,0.915,0.552,-0.603,0.529,-0.372,0.704,-0.051,0.701,0.502,-0.716,0.315,-0.007,-0.052,0.716,0.403,0.847,0.069,-0.631,-0.227,-0.222,0.769,0.715,0.642,0.763,-0.619,0.936,0.909,-0.313,0.365,-0.213,0.443,0.375,0.765,-0.437,0.904,-0.048,0.809,0.567,0.375,0.897,-0.124,-0.231,-0.316,0.18,0.929,0.887,0.598,0.915,0.879,0.049,0.122,-0.199,0.497,0.935,-0.345,0.846,0.342,0.681,0.737,-0.589,-0.528,0.461,0.9,0.471,0.526,-0.582,0.813,0.803,0.041,0.266,0.783,0.586,0.584,0.775,0.582,0.795,-0.102,0.111,-0.345,0.736,0.502,0.849,0.618,0.764,0.927,-0.234,0.25,0.434,-0.569,-0.223,0.923,-0.364,0.137,0.46,-0.228,0.423,0.786,-0.25,-0.063,0.254,0.799,-0.021,0.685,0.247,0.702,0.402,-0.087,0.634,0.528,0.663,0.89,0.827,0.588,0.356,0.63,-0.622,0.874,0.84,0.738,0.591,0.812,0.49,0.653,0.303,0.451,-0.605,-0.609,0.36
CSWC,0.67,0.067,0.409,0.136,0.6,0.421,-0.051,0.21,0.154,0.297,0.148,0.448,-0.185,-0.114,0.116,-0.028,0.198,0.354,0.309,0.141,0.258,0.203,0.273,0.234,0.193,0.11,0.225,0.305,0.269,0.149,0.388,0.46,0.089,0.21,0.492,0.525,0.29,0.373,0.0,0.44,0.424,0.274,0.063,0.223,0.474,0.337,-0.104,0.185,0.395,0.032,0.323,0.368,0.322,0.223,0.403,-0.019,0.068,0.47,-0.164,-0.148,0.086,0.503,0.149,0.329,0.293,0.062,0.414,0.268,0.402,0.31,0.201,0.492,0.273,0.281,0.212,-0.122,0.329,0.573,0.379,0.267,0.359,0.108,0.491,0.262,0.275,0.061,0.3,0.123,-0.048,0.082,0.217,0.344,0.363,0.131,0.049,0.364,0.228,0.219,0.194,0.292,0.551,0.173,-0.093,0.287,0.089,0.131,0.381,0.212,0.669,-0.01,0.402,0.256,0.346,0.199,-0.156,-0.024,0.223,0.365,0.021,0.312,0.495,0.368,0.491,0.466,0.1,0.354,0.288,0.322,0.558,0.237,0.073,0.185,0.264,0.504,0.399,0.445,0.341,0.164,0.206,0.165,-0.073,0.217,0.255,0.489,0.608,0.123,0.17,0.597,0.579,0.203,-0.123,0.123,0.349,0.546,0.331,0.014,0.284,0.295,0.384,0.397,0.19,0.32,0.416,0.175,0.497,-0.062,0.476,0.36,0.472,0.321,0.202,0.074,0.128,0.121,0.353,0.474,0.517,0.631,0.395,0.443,0.084,0.307,0.424,0.394,0.327,0.156,0.278,0.134,0.225,0.296,0.058,0.509,0.327,-0.052,-0.076,0.309,0.006,-0.037,0.244,-0.353
CSX,0.563,0.022,0.867,0.286,0.64,0.373,-0.202,0.459,0.268,-0.132,-0.069,0.75,-0.756,-0.366,-0.244,0.269,0.503,0.362,0.482,-0.249,0.342,-0.014,-0.114,0.164,0.133,-0.401,0.483,0.506,0.699,0.01,0.078,0.415,0.08,0.169,0.495,0.527,0.424,0.304,0.44,0.0,0.106,0.548,-0.477,0.333,0.726,0.653,-0.571,-0.197,0.757,-0.398,0.612,0.546,0.739,0.524,0.188,-0.127,-0.231,0.683,-0.103,-0.321,0.536,0.696,0.385,-0.125,-0.276,0.425,0.701,-0.037,0.183,-0.365,0.302,0.745,0.205,0.13,0.418,-0.501,0.443,0.755,0.562,0.294,0.451,0.285,0.699,-0.24,0.78,-0.239,0.575,-0.083,-0.761,0.123,0.627,0.666,0.193,0.442,0.205,0.46,0.353,0.111,0.083,0.704,0.915,0.655,-0.478,0.309,-0.098,0.615,0.289,0.35,0.556,-0.417,0.729,0.133,0.761,0.529,-0.393,-0.357,0.199,0.07,-0.414,0.329,0.291,0.817,0.797,0.518,-0.244,0.463,0.507,0.376,0.417,-0.158,-0.165,0.501,0.483,0.608,0.181,0.626,0.246,0.465,0.033,0.108,-0.601,0.67,-0.167,0.794,0.5,-0.045,0.25,0.621,0.653,0.82,0.077,-0.059,0.454,0.493,-0.036,-0.104,0.34,0.788,0.893,0.363,0.48,0.631,0.485,0.525,0.802,-0.591,0.635,0.531,0.544,0.569,0.21,-0.301,-0.075,0.669,0.671,0.603,0.641,0.722,0.822,0.706,-0.334,0.519,0.201,0.374,-0.179,-0.457,0.381,0.412,-0.025,0.509,-0.279,0.83,0.411,-0.493,-0.338,-0.406,-0.335,-0.535,0.421,-0.57
DBX,0.735,0.707,0.463,0.635,0.242,0.622,0.366,-0.055,-0.277,0.818,0.778,0.587,0.164,0.582,0.499,0.621,-0.314,0.786,0.665,0.567,0.634,0.344,0.163,-0.424,0.788,0.581,-0.457,0.451,0.054,0.542,0.845,0.792,0.708,-0.474,0.597,0.275,0.569,0.732,0.424,0.106,0.0,-0.264,0.594,-0.43,0.013,0.513,0.516,0.646,0.478,0.513,-0.294,0.42,0.527,-0.354,0.721,0.705,0.689,0.581,0.418,0.651,0.409,0.591,-0.356,0.58,0.393,0.312,0.016,0.751,0.727,0.265,-0.059,0.071,0.806,0.73,-0.434,0.465,-0.002,0.355,0.242,0.795,0.727,-0.529,0.524,0.282,0.02,0.578,0.609,0.802,0.163,-0.239,-0.113,-0.136,0.876,0.67,0.677,0.805,-0.405,0.714,0.813,-0.346,0.175,0.031,0.399,0.602,0.837,-0.436,0.851,0.248,0.576,0.528,0.513,0.829,0.002,-0.126,-0.006,-0.004,0.77,0.667,0.497,0.761,0.861,-0.217,0.302,0.138,0.571,0.572,-0.09,0.802,0.408,0.806,0.759,-0.489,-0.326,0.403,0.878,0.603,0.76,-0.395,0.898,0.664,0.169,0.367,0.607,0.458,0.657,0.852,0.632,0.665,-0.119,0.047,0.011,0.681,0.388,0.823,0.25,0.681,0.651,-0.311,0.226,0.482,-0.402,-0.097,0.597,-0.065,0.231,0.434,-0.169,0.566,0.777,0.11,0.353,0.217,0.733,-0.149,0.537,0.18,0.726,0.117,-0.102,0.462,0.493,0.77,0.648,0.878,0.293,0.658,0.542,-0.412,0.775,0.728,0.739,0.303,0.585,0.482,0.661,0.612,0.276,-0.231,-0.464,0.403
DCOM,0.108,-0.575,0.347,-0.266,0.771,-0.067,-0.711,0.808,0.891,-0.66,-0.577,0.204,-0.833,-0.894,-0.491,-0.243,0.961,-0.192,-0.033,-0.834,-0.389,0.485,-0.535,0.497,0.034,-0.845,0.953,0.018,0.71,-0.714,-0.527,-0.071,-0.497,0.762,-0.125,-0.148,-0.426,-0.467,0.274,0.548,-0.264,0.0,-0.618,0.867,0.873,0.283,-0.874,-0.828,0.412,-0.858,0.966,0.439,0.358,0.951,-0.576,-0.602,-0.433,0.06,0.064,-0.684,-0.078,0.299,0.934,-0.245,-0.712,0.531,0.894,-0.617,-0.186,-0.467,0.84,0.878,-0.506,-0.149,0.947,-0.83,0.909,0.115,0.735,-0.102,0.151,0.879,0.529,0.136,0.827,-0.775,0.392,-0.687,-0.694,0.847,0.792,0.906,-0.287,-0.123,-0.309,-0.118,0.909,-0.664,-0.604,0.884,0.543,0.846,-0.861,0.01,-0.616,0.906,-0.286,0.589,-0.059,-0.898,0.411,-0.551,0.859,0.703,-0.201,-0.646,-0.528,-0.61,-0.896,-0.385,-0.311,0.647,0.753,0.847,-0.67,-0.411,0.919,-0.267,0.27,-0.6,-0.704,0.944,0.969,0.427,-0.402,0.382,-0.001,0.976,-0.47,-0.593,-0.53,0.5,-0.791,0.208,0.105,-0.507,-0.222,0.057,0.729,0.513,0.443,-0.671,-0.061,-0.091,-0.614,-0.698,-0.436,0.847,0.616,-0.032,0.975,0.849,-0.342,0.897,0.745,-0.878,0.777,0.239,-0.058,0.787,0.351,-0.602,-0.716,0.487,0.115,0.443,0.158,0.316,0.836,0.051,-0.763,0.063,-0.522,-0.186,-0.679,-0.489,-0.194,0.945,-0.66,-0.17,-0.753,0.262,-0.351,-0.9,-0.802,-0.338,-0.753,0.144,0.934,-0.814
DKNG,0.093,0.636,-0.208,0.327,-0.374,0.446,0.548,-0.52,-0.453,0.693,0.671,-0.027,0.661,0.749,0.608,0.349,-0.633,0.423,0.182,0.662,0.328,-0.02,0.25,-0.575,0.478,0.753,-0.679,0.165,-0.458,0.602,0.567,0.379,0.59,-0.506,0.216,-0.08,0.219,0.366,0.063,-0.477,0.594,-0.618,0.0,-0.711,-0.554,-0.076,0.852,0.676,-0.187,0.732,-0.636,-0.016,-0.164,-0.7,0.461,0.718,0.674,0.043,0.369,0.742,0.125,-0.013,-0.583,0.42,0.55,-0.087,-0.575,0.673,0.367,0.503,-0.458,-0.48,0.501,0.522,-0.651,0.712,-0.44,-0.207,-0.261,0.383,0.143,-0.669,-0.106,0.14,-0.547,0.725,-0.023,0.714,0.577,-0.454,-0.606,-0.589,0.492,0.186,0.458,0.31,-0.595,0.513,0.601,-0.743,-0.484,-0.394,0.772,0.364,0.737,-0.803,0.406,-0.205,0.048,0.72,-0.0,0.535,-0.577,-0.409,0.36,0.383,0.494,0.489,0.756,0.322,0.454,-0.641,-0.33,-0.31,0.717,0.199,-0.529,0.402,-0.006,0.784,0.766,-0.724,-0.657,-0.212,0.537,-0.009,0.502,-0.662,0.587,0.542,0.6,-0.238,0.664,-0.171,0.245,0.645,0.448,0.053,-0.565,-0.338,-0.111,0.649,0.133,0.309,0.301,0.613,0.299,-0.736,-0.437,0.333,-0.645,-0.537,0.219,-0.45,-0.445,0.789,-0.605,0.194,0.229,-0.268,0.206,0.533,0.745,-0.54,0.058,-0.297,0.048,-0.325,-0.692,-0.082,0.709,0.206,0.389,0.413,0.478,0.68,0.315,-0.684,0.69,0.216,0.776,-0.376,0.235,0.798,0.756,0.662,0.441,0.258,-0.663,0.739
DMLP,-0.025,-0.806,0.057,-0.437,0.637,-0.341,-0.706,0.767,0.803,-0.672,-0.766,-0.05,-0.651,-0.922,-0.472,-0.514,0.884,-0.483,-0.348,-0.779,-0.533,0.445,-0.294,0.744,-0.24,-0.765,0.894,-0.256,0.499,-0.817,-0.595,-0.321,-0.738,0.87,-0.262,-0.106,-0.508,-0.56,0.223,0.333,-0.43,0.867,-0.711,0.0,0.743,0.079,-0.867,-0.811,0.123,-0.823,0.838,0.155,0.072,0.9,-0.638,-0.802,-0.581,-0.145,-0.182,-0.799,-0.328,0.024,0.883,-0.122,-0.548,0.218,0.771,-0.732,-0.272,-0.299,0.763,0.696,-0.633,-0.344,0.893,-0.803,0.774,0.036,0.567,-0.386,-0.09,0.93,0.255,0.302,0.618,-0.778,0.102,-0.824,-0.449,0.811,0.714,0.758,-0.509,-0.353,-0.627,-0.376,0.88,-0.737,-0.753,0.846,0.392,0.538,-0.828,-0.262,-0.807,0.873,-0.424,0.498,-0.123,-0.846,0.04,-0.684,0.697,0.57,-0.213,-0.502,-0.685,-0.641,-0.845,-0.514,-0.469,0.561,0.5,0.681,-0.746,-0.517,0.781,-0.522,0.257,-0.757,-0.838,0.902,0.936,0.321,-0.533,0.106,-0.289,0.892,-0.63,-0.72,-0.44,0.243,-0.751,-0.005,-0.067,-0.683,-0.453,-0.069,0.729,0.252,0.325,-0.778,-0.237,-0.327,-0.475,-0.77,-0.531,0.748,0.362,-0.285,0.876,0.726,-0.478,0.655,0.565,-0.754,0.745,-0.041,-0.297,0.517,0.061,-0.54,-0.854,0.431,-0.131,0.378,-0.036,0.296,0.721,-0.127,-0.694,-0.228,-0.546,-0.432,-0.551,-0.372,-0.422,0.917,-0.776,-0.406,-0.834,0.176,-0.469,-0.865,-0.886,-0.273,-0.592,0.22,0.923,-0.79
DOX,0.43,-0.363,0.583,0.003,0.883,0.068,-0.586,0.844,0.746,-0.371,-0.356,0.471,-0.818,-0.684,-0.383,-0.107,0.818,0.066,0.222,-0.592,-0.098,0.49,-0.313,0.427,0.153,-0.656,0.802,0.174,0.755,-0.459,-0.228,0.192,-0.295,0.549,0.147,0.18,-0.101,-0.099,0.474,0.726,0.013,0.873,-0.554,0.743,0.0,0.484,-0.746,-0.541,0.592,-0.709,0.87,0.508,0.569,0.824,-0.231,-0.434,-0.326,0.354,0.025,-0.54,0.03,0.502,0.79,-0.077,-0.465,0.516,0.923,-0.357,0.107,-0.333,0.761,0.897,-0.175,0.056,0.805,-0.656,0.843,0.424,0.722,0.134,0.369,0.661,0.682,0.147,0.888,-0.518,0.525,-0.431,-0.656,0.695,0.776,0.892,-0.011,0.112,-0.08,0.146,0.769,-0.332,-0.295,0.834,0.758,0.808,-0.742,0.17,-0.369,0.828,0.031,0.567,0.298,-0.726,0.591,-0.238,0.866,0.625,-0.362,-0.564,-0.201,-0.296,-0.734,-0.06,0.014,0.781,0.866,0.811,-0.539,-0.029,0.863,0.027,0.396,-0.392,-0.484,0.796,0.838,0.683,-0.054,0.604,0.137,0.826,-0.182,-0.339,-0.585,0.605,-0.506,0.477,0.336,-0.245,-0.018,0.392,0.819,0.54,0.276,-0.438,0.107,0.22,-0.336,-0.461,-0.088,0.827,0.762,0.147,0.818,0.791,0.015,0.779,0.882,-0.768,0.83,0.395,0.235,0.739,0.347,-0.599,-0.481,0.49,0.377,0.522,0.42,0.551,0.856,0.321,-0.567,0.284,-0.134,0.105,-0.492,-0.341,0.027,0.767,-0.386,0.134,-0.527,0.565,-0.057,-0.762,-0.594,-0.236,-0.605,-0.136,0.791,-0.779
EA,0.685,0.37,0.819,0.506,0.57,0.584,0.165,0.358,0.073,0.199,0.306,0.779,-0.487,-0.055,0.232,0.668,0.331,0.671,0.56,0.039,0.624,0.311,-0.076,-0.021,0.574,-0.04,0.103,0.583,0.521,0.155,0.446,0.643,0.432,0.038,0.633,0.337,0.504,0.447,0.337,0.653,0.513,0.283,-0.076,0.079,0.484,0.0,-0.178,0.066,0.823,-0.029,0.253,0.748,0.765,0.222,0.36,0.359,0.288,0.752,0.387,0.153,0.692,0.727,0.17,0.091,-0.218,0.552,0.546,0.267,0.431,-0.189,0.217,0.58,0.522,0.501,0.052,-0.253,0.398,0.608,0.711,0.514,0.848,0.06,0.854,-0.148,0.642,0.046,0.8,0.265,-0.447,0.029,0.622,0.405,0.528,0.746,0.455,0.746,0.007,0.274,0.413,0.372,0.663,0.523,-0.117,0.47,0.261,0.267,0.581,0.642,0.543,-0.067,0.737,0.438,0.61,0.529,-0.14,-0.473,0.387,0.182,-0.132,0.61,0.466,0.397,0.696,0.475,0.11,0.437,0.288,0.692,0.665,0.253,0.297,0.105,0.251,0.598,0.44,0.774,0.654,0.147,0.421,0.459,-0.438,0.793,0.048,0.776,0.569,0.288,0.645,0.716,0.238,0.679,0.23,0.331,0.579,0.629,-0.18,0.337,0.376,0.395,0.8,0.629,0.171,0.584,0.518,0.426,0.71,-0.2,0.212,0.53,0.793,0.582,0.347,-0.124,0.267,0.551,0.722,0.48,0.741,0.315,0.53,0.727,0.035,0.769,0.393,0.691,-0.145,0.069,0.511,0.145,0.243,0.735,0.021,0.682,0.509,-0.166,0.005,-0.099,-0.29,-0.496,0.041,-0.091
EDIT,0.057,0.704,-0.273,0.333,-0.579,0.288,0.684,-0.678,-0.717,0.775,0.741,-0.094,0.827,0.913,0.639,0.346,-0.89,0.366,0.238,0.845,0.411,-0.231,0.411,-0.61,0.266,0.89,-0.889,0.1,-0.608,0.726,0.634,0.254,0.667,-0.715,0.199,0.022,0.368,0.472,-0.104,-0.571,0.516,-0.874,0.852,-0.867,-0.746,-0.178,0.0,0.844,-0.269,0.901,-0.871,-0.171,-0.23,-0.899,0.605,0.758,0.669,0.001,0.211,0.799,0.097,-0.143,-0.832,0.356,0.701,-0.294,-0.787,0.733,0.336,0.518,-0.66,-0.728,0.576,0.359,-0.866,0.851,-0.71,-0.166,-0.547,0.297,0.06,-0.849,-0.326,0.005,-0.727,0.816,-0.213,0.792,0.716,-0.665,-0.766,-0.801,0.499,0.194,0.503,0.283,-0.813,0.665,0.688,-0.901,-0.545,-0.671,0.899,0.28,0.77,-0.943,0.4,-0.437,0.074,0.9,-0.194,0.642,-0.766,-0.609,0.327,0.563,0.569,0.634,0.9,0.427,0.47,-0.702,-0.574,-0.626,0.781,0.355,-0.774,0.406,-0.167,0.782,0.834,-0.917,-0.891,-0.348,0.533,-0.156,0.269,-0.887,0.646,0.646,0.581,-0.379,0.812,-0.184,0.08,0.679,0.405,0.033,-0.685,-0.469,-0.301,0.784,0.169,0.257,0.523,0.736,0.398,-0.871,-0.555,0.224,-0.883,-0.75,0.331,-0.71,-0.613,0.926,-0.745,-0.011,0.2,-0.559,-0.013,0.574,0.809,-0.629,-0.025,-0.359,-0.03,-0.334,-0.826,-0.063,0.799,0.107,0.533,0.37,0.6,0.659,0.296,-0.886,0.761,0.246,0.845,-0.308,0.363,0.936,0.88,0.559,0.677,-0.01,-0.882,0.838
ENPH,0.424,0.746,0.059,0.507,-0.379,0.432,0.725,-0.629,-0.812,0.907,0.755,0.25,0.646,0.899,0.622,0.432,-0.853,0.555,0.394,0.954,0.679,-0.316,0.632,-0.478,0.223,0.916,-0.862,0.29,-0.442,0.896,0.862,0.489,0.692,-0.746,0.531,0.494,0.729,0.819,0.185,-0.197,0.646,-0.828,0.676,-0.811,-0.541,0.066,0.844,0.0,0.0,0.883,-0.794,-0.076,0.041,-0.837,0.903,0.727,0.545,0.381,-0.006,0.716,0.285,0.175,-0.885,0.495,0.855,-0.35,-0.605,0.873,0.51,0.52,-0.708,-0.514,0.811,0.424,-0.872,0.782,-0.689,0.319,-0.431,0.431,0.213,-0.895,-0.107,-0.027,-0.551,0.882,-0.032,0.889,0.557,-0.814,-0.612,-0.673,0.651,0.408,0.529,0.517,-0.827,0.917,0.861,-0.716,-0.126,-0.636,0.816,0.277,0.807,-0.832,0.671,-0.389,0.526,0.893,-0.009,0.851,-0.594,-0.537,0.056,0.55,0.798,0.896,0.92,0.711,0.748,-0.393,-0.351,-0.554,0.764,0.742,-0.729,0.638,0.091,0.813,0.857,-0.874,-0.844,-0.032,0.775,0.063,0.337,-0.893,0.752,0.816,0.422,-0.213,0.973,0.204,0.357,0.741,0.473,0.433,-0.435,-0.279,-0.473,0.855,0.378,0.58,0.775,0.822,0.713,-0.646,-0.252,0.343,-0.872,-0.625,0.722,-0.74,-0.354,0.83,-0.537,0.108,0.503,-0.543,-0.135,0.564,0.905,-0.384,0.269,-0.065,0.312,0.098,-0.563,0.312,0.814,0.326,0.85,0.594,0.804,0.569,0.476,-0.89,0.912,0.532,0.876,0.15,0.667,0.856,0.842,0.498,0.735,-0.323,-0.857,0.651
ENSG,0.742,0.381,0.93,0.575,0.62,0.547,0.045,0.402,0.188,0.123,0.247,0.901,-0.665,-0.139,0.136,0.66,0.381,0.69,0.722,-0.065,0.58,0.282,-0.162,-0.031,0.532,-0.186,0.243,0.638,0.738,0.139,0.376,0.679,0.438,0.006,0.587,0.396,0.502,0.446,0.395,0.757,0.478,0.412,-0.187,0.123,0.592,0.823,-0.269,0.0,0.0,-0.168,0.38,0.836,0.931,0.314,0.34,0.307,0.211,0.834,0.384,0.095,0.662,0.891,0.211,0.026,-0.257,0.669,0.607,0.229,0.336,-0.398,0.369,0.675,0.499,0.452,0.185,-0.303,0.484,0.688,0.665,0.612,0.812,0.079,0.902,-0.157,0.782,-0.079,0.809,0.245,-0.635,0.119,0.592,0.584,0.588,0.751,0.563,0.791,0.114,0.283,0.389,0.466,0.778,0.659,-0.274,0.491,0.25,0.358,0.578,0.499,0.627,-0.206,0.866,0.435,0.694,0.54,-0.286,-0.539,0.393,0.198,-0.237,0.604,0.513,0.554,0.816,0.503,-0.009,0.488,0.423,0.718,0.583,0.198,0.208,0.225,0.315,0.7,0.459,0.887,0.674,0.278,0.46,0.4,-0.602,0.891,-0.035,0.871,0.591,0.332,0.572,0.786,0.385,0.779,0.29,0.27,0.612,0.721,-0.177,0.255,0.387,0.532,0.911,0.598,0.3,0.639,0.57,0.554,0.834,-0.329,0.318,0.648,0.822,0.641,0.452,-0.298,0.218,0.474,0.827,0.609,0.787,0.465,0.68,0.81,-0.151,0.815,0.342,0.703,-0.193,-0.155,0.562,0.222,0.262,0.779,-0.011,0.76,0.562,-0.303,-0.056,-0.239,-0.349,-0.591,0.139,-0.21
ERNA,0.177,0.735,-0.151,0.298,-0.472,0.381,0.8,-0.728,-0.858,0.813,0.768,0.025,0.816,0.848,0.679,0.402,-0.841,0.48,0.287,0.928,0.59,-0.377,0.519,-0.512,0.175,0.953,-0.86,0.224,-0.608,0.787,0.759,0.279,0.699,-0.619,0.403,0.174,0.537,0.545,0.032,-0.398,0.513,-0.858,0.732,-0.823,-0.709,-0.029,0.901,0.883,-0.168,0.0,-0.824,-0.106,-0.188,-0.828,0.734,0.74,0.676,0.134,0.068,0.707,0.294,-0.043,-0.84,0.287,0.737,-0.385,-0.744,0.822,0.388,0.596,-0.758,-0.627,0.645,0.364,-0.89,0.722,-0.707,0.021,-0.448,0.22,0.157,-0.791,-0.223,-0.14,-0.691,0.792,-0.176,0.768,0.714,-0.797,-0.616,-0.801,0.506,0.257,0.443,0.372,-0.826,0.73,0.701,-0.78,-0.355,-0.701,0.941,0.322,0.697,-0.887,0.421,-0.387,0.234,0.963,-0.126,0.722,-0.677,-0.483,0.424,0.626,0.571,0.671,0.95,0.532,0.539,-0.617,-0.5,-0.619,0.88,0.485,-0.833,0.476,0.029,0.804,0.837,-0.874,-0.836,-0.367,0.521,-0.127,0.254,-0.909,0.611,0.773,0.564,-0.347,0.88,0.047,0.225,0.568,0.478,0.152,-0.585,-0.297,-0.332,0.852,0.384,0.34,0.61,0.772,0.454,-0.721,-0.398,0.371,-0.873,-0.635,0.477,-0.745,-0.522,0.893,-0.656,-0.021,0.341,-0.482,-0.086,0.746,0.849,-0.397,0.016,-0.221,0.098,-0.177,-0.682,0.184,0.894,0.174,0.679,0.425,0.719,0.626,0.368,-0.857,0.744,0.327,0.748,-0.14,0.545,0.944,0.807,0.486,0.727,-0.123,-0.866,0.754
ESGR,0.111,-0.582,0.364,-0.329,0.795,-0.057,-0.738,0.755,0.836,-0.642,-0.553,0.186,-0.795,-0.875,-0.582,-0.3,0.921,-0.185,0.007,-0.794,-0.384,0.352,-0.511,0.492,-0.05,-0.825,0.959,0.111,0.649,-0.65,-0.53,-0.105,-0.483,0.732,-0.102,-0.084,-0.395,-0.449,0.323,0.612,-0.294,0.966,-0.636,0.838,0.87,0.253,-0.871,-0.794,0.38,-0.824,0.0,0.379,0.32,0.958,-0.524,-0.644,-0.477,0.047,-0.053,-0.758,-0.058,0.259,0.908,-0.268,-0.649,0.444,0.869,-0.597,-0.197,-0.428,0.766,0.87,-0.513,-0.227,0.947,-0.842,0.869,0.157,0.685,-0.146,0.107,0.868,0.492,0.086,0.789,-0.787,0.329,-0.698,-0.675,0.778,0.758,0.865,-0.317,-0.187,-0.327,-0.123,0.934,-0.627,-0.608,0.89,0.584,0.816,-0.841,0.054,-0.628,0.9,-0.338,0.468,-0.02,-0.856,0.43,-0.551,0.857,0.677,-0.173,-0.526,-0.528,-0.553,-0.863,-0.396,-0.297,0.683,0.736,0.813,-0.646,-0.339,0.886,-0.288,0.242,-0.591,-0.723,0.96,0.947,0.363,-0.409,0.313,-0.075,0.962,-0.516,-0.592,-0.498,0.419,-0.734,0.253,0.138,-0.552,-0.251,0.041,0.803,0.527,0.334,-0.646,-0.004,-0.089,-0.504,-0.739,-0.414,0.882,0.62,-0.034,0.951,0.79,-0.302,0.85,0.737,-0.898,0.857,0.24,-0.05,0.774,0.34,-0.531,-0.706,0.518,0.082,0.458,0.151,0.406,0.841,0.1,-0.752,0.029,-0.485,-0.203,-0.612,-0.539,-0.189,0.935,-0.652,-0.192,-0.753,0.312,-0.316,-0.859,-0.809,-0.351,-0.691,0.138,0.947,-0.869
ETNB,0.63,0.34,0.725,0.465,0.57,0.566,0.107,0.39,0.306,0.062,0.206,0.744,-0.534,-0.202,0.33,0.583,0.421,0.605,0.629,-0.057,0.482,0.357,-0.19,-0.024,0.552,-0.149,0.252,0.488,0.623,0.06,0.312,0.629,0.409,0.185,0.483,0.179,0.298,0.233,0.368,0.546,0.42,0.439,-0.016,0.155,0.508,0.748,-0.171,-0.076,0.836,-0.106,0.379,0.0,0.745,0.294,0.19,0.31,0.322,0.674,0.485,0.129,0.553,0.743,0.288,0.008,-0.299,0.687,0.555,0.198,0.304,-0.266,0.421,0.624,0.384,0.447,0.232,-0.308,0.518,0.44,0.707,0.491,0.714,0.191,0.842,-0.148,0.69,-0.063,0.682,0.147,-0.487,0.227,0.534,0.569,0.552,0.608,0.498,0.669,0.162,0.099,0.268,0.421,0.553,0.615,-0.177,0.551,0.174,0.293,0.461,0.552,0.442,-0.22,0.731,0.307,0.643,0.648,-0.03,-0.493,0.2,0.043,-0.225,0.414,0.402,0.426,0.733,0.584,0.053,0.212,0.419,0.599,0.63,0.203,0.227,0.231,0.361,0.529,0.32,0.834,0.699,0.314,0.368,0.331,-0.512,0.768,-0.092,0.624,0.527,0.253,0.617,0.642,0.298,0.718,0.3,0.261,0.608,0.566,-0.288,0.212,0.13,0.42,0.738,0.673,0.351,0.678,0.375,0.556,0.7,-0.222,0.172,0.618,0.678,0.669,0.598,-0.199,0.179,0.266,0.707,0.537,0.603,0.305,0.569,0.571,-0.113,0.654,0.217,0.584,-0.203,-0.048,0.469,0.243,0.185,0.594,-0.084,0.491,0.411,-0.275,-0.108,-0.105,-0.411,-0.371,0.172,-0.156
EXTR,0.744,0.393,0.936,0.684,0.552,0.481,-0.009,0.45,0.187,0.17,0.291,0.925,-0.653,-0.032,0.085,0.649,0.301,0.646,0.758,-0.037,0.548,0.325,-0.173,-0.143,0.603,-0.154,0.17,0.51,0.765,0.135,0.396,0.726,0.446,-0.135,0.548,0.403,0.534,0.522,0.322,0.739,0.527,0.358,-0.164,0.072,0.569,0.765,-0.23,0.041,0.931,-0.188,0.32,0.745,0.0,0.234,0.362,0.302,0.225,0.82,0.359,0.184,0.601,0.897,0.174,0.09,-0.24,0.737,0.6,0.26,0.473,-0.423,0.39,0.602,0.551,0.512,0.139,-0.171,0.404,0.647,0.586,0.724,0.779,-0.028,0.838,-0.064,0.74,0.023,0.846,0.324,-0.669,0.12,0.468,0.56,0.622,0.806,0.634,0.791,0.057,0.36,0.46,0.39,0.741,0.642,-0.283,0.524,0.35,0.325,0.667,0.481,0.615,-0.181,0.825,0.493,0.664,0.394,-0.407,-0.506,0.507,0.252,-0.21,0.639,0.579,0.516,0.809,0.493,-0.059,0.528,0.451,0.712,0.472,0.202,0.241,0.15,0.237,0.755,0.543,0.909,0.635,0.235,0.538,0.37,-0.547,0.903,-0.004,0.802,0.56,0.468,0.55,0.797,0.36,0.687,0.286,0.236,0.454,0.752,-0.141,0.298,0.527,0.44,0.855,0.454,0.231,0.523,0.571,0.526,0.782,-0.296,0.28,0.744,0.786,0.508,0.421,-0.372,0.249,0.399,0.863,0.528,0.847,0.453,0.626,0.725,-0.175,0.857,0.338,0.74,-0.242,-0.107,0.561,0.15,0.324,0.821,0.117,0.743,0.546,-0.265,0.056,-0.141,-0.253,-0.651,0.079,-0.157
FANG,0.042,-0.659,0.266,-0.431,0.765,-0.122,-0.735,0.747,0.801,-0.667,-0.621,0.094,-0.747,-0.919,-0.571,-0.34,0.941,-0.271,-0.119,-0.821,-0.449,0.371,-0.505,0.582,-0.122,-0.821,0.961,0.053,0.575,-0.732,-0.567,-0.236,-0.566,0.801,-0.142,-0.157,-0.443,-0.526,0.223,0.524,-0.354,0.951,-0.7,0.9,0.824,0.222,-0.899,-0.837,0.314,-0.828,0.958,0.294,0.234,0.0,-0.582,-0.701,-0.505,-0.043,-0.06,-0.81,-0.089,0.187,0.913,-0.243,-0.671,0.364,0.831,-0.661,-0.262,-0.407,0.752,0.845,-0.589,-0.297,0.933,-0.889,0.868,0.096,0.686,-0.269,0.08,0.93,0.424,0.145,0.743,-0.847,0.286,-0.768,-0.604,0.79,0.792,0.803,-0.422,-0.248,-0.451,-0.206,0.937,-0.689,-0.693,0.902,0.525,0.749,-0.837,-0.052,-0.716,0.911,-0.414,0.518,-0.113,-0.862,0.332,-0.607,0.819,0.692,-0.115,-0.539,-0.623,-0.629,-0.866,-0.442,-0.375,0.602,0.652,0.753,-0.656,-0.424,0.831,-0.373,0.25,-0.669,-0.789,0.973,0.974,0.284,-0.503,0.212,-0.168,0.954,-0.582,-0.63,-0.461,0.365,-0.776,0.19,0.076,-0.647,-0.324,-0.041,0.753,0.477,0.391,-0.693,-0.044,-0.183,-0.553,-0.773,-0.498,0.882,0.563,-0.125,0.942,0.795,-0.393,0.809,0.693,-0.886,0.848,0.12,-0.128,0.749,0.235,-0.504,-0.782,0.571,-0.03,0.461,0.102,0.331,0.821,0.043,-0.738,-0.027,-0.552,-0.286,-0.634,-0.493,-0.299,0.985,-0.744,-0.283,-0.821,0.26,-0.371,-0.876,-0.866,-0.358,-0.672,0.191,0.953,-0.844
FARO,0.696,0.767,0.426,0.591,-0.063,0.604,0.643,-0.423,-0.703,0.877,0.763,0.562,0.343,0.72,0.538,0.564,-0.616,0.733,0.622,0.856,0.819,-0.256,0.553,-0.391,0.307,0.767,-0.646,0.521,-0.163,0.858,0.928,0.655,0.742,-0.64,0.769,0.672,0.896,0.928,0.403,0.188,0.721,-0.576,0.461,-0.638,-0.231,0.36,0.605,0.903,0.34,0.734,-0.524,0.19,0.362,-0.582,0.0,0.677,0.51,0.656,-0.013,0.566,0.509,0.498,-0.711,0.461,0.707,-0.157,-0.289,0.873,0.61,0.41,-0.547,-0.168,0.895,0.474,-0.689,0.542,-0.452,0.614,-0.137,0.552,0.467,-0.738,0.212,-0.063,-0.223,0.737,0.245,0.845,0.278,-0.73,-0.318,-0.397,0.755,0.59,0.606,0.738,-0.659,0.946,0.884,-0.41,0.256,-0.366,0.615,0.45,0.756,-0.569,0.792,-0.188,0.763,0.732,0.312,0.92,-0.241,-0.266,-0.066,0.371,0.849,0.912,0.748,0.873,0.896,-0.096,-0.006,-0.314,0.685,0.901,-0.509,0.802,0.338,0.769,0.791,-0.652,-0.606,0.211,0.838,0.335,0.449,-0.687,0.787,0.868,0.194,0.081,0.897,0.554,0.611,0.71,0.592,0.7,-0.149,0.065,-0.398,0.846,0.606,0.799,0.731,0.777,0.827,-0.31,0.135,0.493,-0.664,-0.32,0.897,-0.484,0.017,0.591,-0.253,0.328,0.761,-0.264,-0.041,0.465,0.859,-0.09,0.526,0.229,0.621,0.378,-0.198,0.624,0.675,0.574,0.922,0.778,0.714,0.449,0.6,-0.683,0.88,0.741,0.738,0.491,0.847,0.652,0.688,0.377,0.608,-0.521,-0.67,0.413
FATE,0.335,0.936,0.272,0.69,-0.301,0.584,0.779,-0.439,-0.604,0.727,0.845,0.403,0.367,0.779,0.705,0.835,-0.579,0.78,0.554,0.689,0.761,-0.053,0.215,-0.667,0.621,0.685,-0.731,0.437,-0.139,0.715,0.77,0.626,0.892,-0.672,0.525,0.113,0.609,0.641,-0.019,-0.127,0.705,-0.602,0.718,-0.802,-0.434,0.359,0.758,0.727,0.307,0.74,-0.644,0.31,0.302,-0.701,0.677,0.0,0.834,0.469,0.551,0.896,0.586,0.354,-0.651,0.197,0.355,0.185,-0.423,0.789,0.429,0.206,-0.454,-0.344,0.817,0.694,-0.762,0.628,-0.412,0.151,-0.091,0.643,0.566,-0.767,0.23,-0.227,-0.226,0.74,0.33,0.887,0.253,-0.6,-0.301,-0.447,0.767,0.702,0.824,0.718,-0.777,0.733,0.871,-0.593,-0.129,-0.203,0.732,0.504,0.871,-0.668,0.681,-0.021,0.312,0.724,0.32,0.823,-0.331,-0.189,0.195,0.114,0.747,0.571,0.683,0.745,0.625,-0.396,-0.094,-0.328,0.752,0.533,-0.517,0.817,0.161,0.861,0.951,-0.766,-0.678,0.037,0.685,0.341,0.715,-0.703,0.85,0.881,0.197,0.236,0.655,0.322,0.335,0.804,0.811,0.398,-0.604,0.073,0.032,0.878,0.485,0.576,0.195,0.91,0.573,-0.536,0.022,0.62,-0.673,-0.292,0.58,-0.316,-0.149,0.674,-0.655,0.314,0.64,-0.12,0.21,0.366,0.907,-0.198,0.475,-0.126,0.364,-0.254,-0.433,0.418,0.703,0.603,0.636,0.754,0.358,0.498,0.656,-0.734,0.811,0.707,0.761,0.036,0.62,0.716,0.823,0.272,0.305,-0.319,-0.806,0.784
FGEN,0.289,0.801,0.166,0.526,-0.139,0.487,0.653,-0.247,-0.42,0.669,0.836,0.287,0.411,0.607,0.681,0.654,-0.398,0.69,0.51,0.575,0.564,0.195,0.058,-0.586,0.69,0.633,-0.554,0.286,-0.128,0.432,0.696,0.534,0.776,-0.457,0.444,-0.135,0.381,0.42,0.068,-0.231,0.689,-0.433,0.674,-0.581,-0.326,0.288,0.669,0.545,0.211,0.676,-0.477,0.322,0.225,-0.505,0.51,0.834,0.0,0.283,0.613,0.792,0.45,0.294,-0.414,0.158,0.237,0.28,-0.292,0.727,0.534,0.354,-0.219,-0.239,0.643,0.707,-0.577,0.549,-0.195,-0.061,0.079,0.586,0.611,-0.537,0.241,0.021,-0.229,0.588,0.335,0.722,0.361,-0.338,-0.204,-0.358,0.684,0.548,0.691,0.597,-0.562,0.521,0.675,-0.495,-0.192,-0.146,0.648,0.628,0.74,-0.55,0.531,0.16,0.159,0.651,0.28,0.703,-0.202,-0.064,0.372,0.076,0.54,0.354,0.577,0.607,0.55,-0.5,-0.033,-0.138,0.687,0.279,-0.34,0.627,0.254,0.815,0.818,-0.607,-0.469,-0.027,0.52,0.312,0.658,-0.529,0.751,0.696,0.327,0.199,0.524,0.206,0.359,0.674,0.737,0.27,-0.44,0.038,0.232,0.71,0.398,0.468,0.037,0.746,0.389,-0.489,-0.024,0.544,-0.518,-0.183,0.301,-0.153,-0.107,0.622,-0.532,0.345,0.518,0.017,0.312,0.361,0.733,-0.161,0.279,-0.155,0.365,-0.363,-0.369,0.299,0.651,0.547,0.46,0.669,0.202,0.664,0.493,-0.524,0.591,0.517,0.624,-0.115,0.456,0.666,0.712,0.49,0.271,-0.093,-0.613,0.712
FIVE,0.828,0.546,0.865,0.737,0.357,0.657,0.381,0.109,-0.153,0.418,0.389,0.937,-0.394,0.162,0.386,0.706,0.05,0.761,0.673,0.322,0.791,0.055,0.244,-0.114,0.457,0.157,-0.098,0.59,0.528,0.47,0.658,0.816,0.536,-0.209,0.809,0.711,0.803,0.77,0.47,0.683,0.581,0.06,0.043,-0.145,0.354,0.752,0.001,0.381,0.834,0.134,0.047,0.674,0.82,-0.043,0.656,0.469,0.283,0.0,0.233,0.286,0.718,0.89,-0.15,0.242,0.144,0.372,0.344,0.514,0.49,-0.107,0.007,0.432,0.755,0.568,-0.157,-0.0,0.118,0.863,0.433,0.662,0.703,-0.252,0.725,-0.145,0.502,0.312,0.676,0.511,-0.389,-0.278,0.317,0.31,0.69,0.821,0.608,0.847,-0.219,0.612,0.65,0.232,0.726,0.296,0.06,0.463,0.441,0.058,0.809,0.31,0.837,0.087,0.71,0.674,0.411,0.327,-0.356,-0.243,0.656,0.525,0.126,0.812,0.721,0.466,0.591,0.216,0.205,0.767,0.079,0.853,0.626,0.402,0.462,-0.103,-0.016,0.71,0.704,0.804,0.69,-0.086,0.614,0.659,-0.391,0.693,0.361,0.849,0.711,0.509,0.7,0.939,0.235,0.63,-0.045,0.509,0.694,0.853,0.211,0.521,0.676,0.301,0.729,0.665,-0.04,0.391,0.851,0.144,0.616,0.011,0.075,0.626,0.894,0.279,0.196,-0.053,0.519,0.335,0.916,0.565,0.836,0.573,0.435,0.835,0.191,0.813,0.691,0.821,0.241,0.029,0.681,-0.153,0.572,0.9,0.27,0.79,0.791,-0.005,0.187,-0.063,-0.062,-0.673,-0.171,0.002
FIVN,0.102,0.45,0.235,0.414,0.049,0.367,0.244,0.138,0.099,0.138,0.371,0.273,-0.104,0.14,0.4,0.609,0.107,0.453,0.29,-0.016,0.244,0.506,-0.355,-0.375,0.707,0.039,-0.095,0.261,0.251,-0.027,0.201,0.367,0.425,-0.09,0.153,-0.364,-0.008,0.05,-0.164,-0.103,0.418,0.064,0.369,-0.182,0.025,0.387,0.211,-0.006,0.384,0.068,-0.053,0.485,0.359,-0.06,-0.013,0.551,0.613,0.233,0.0,0.502,0.343,0.342,0.055,0.028,-0.304,0.596,0.078,0.22,0.159,-0.137,0.257,0.101,0.281,0.555,-0.1,0.135,0.271,-0.166,0.408,0.522,0.584,-0.089,0.424,0.086,0.234,0.115,0.542,0.326,-0.103,0.161,0.192,0.099,0.417,0.481,0.528,0.435,-0.12,0.05,0.295,-0.094,-0.112,0.348,0.121,0.402,0.398,-0.084,0.309,0.427,-0.087,0.042,0.401,0.259,0.156,0.306,0.184,-0.442,0.184,-0.117,0.015,0.27,0.156,-0.22,0.241,0.175,0.168,-0.093,0.113,0.436,0.24,0.386,0.405,-0.137,-0.01,0.186,0.227,0.434,0.687,0.001,0.447,0.3,-0.009,0.493,-0.05,0.135,0.245,0.413,0.569,0.135,-0.305,0.248,0.539,0.273,0.214,0.228,-0.526,0.362,0.016,-0.129,0.218,0.403,0.001,0.244,-0.016,0.349,0.21,0.133,-0.317,0.407,0.342,0.372,0.426,-0.17,0.287,0.017,0.333,-0.045,0.252,-0.447,-0.056,0.123,0.114,0.501,-0.02,0.455,-0.311,0.3,0.254,-0.032,0.211,0.369,0.222,-0.135,0.087,0.074,0.251,0.106,-0.322,0.068,-0.171,0.433
FLGT,0.184,0.848,0.078,0.735,-0.469,0.356,0.709,-0.413,-0.566,0.677,0.784,0.259,0.461,0.845,0.675,0.675,-0.669,0.586,0.392,0.681,0.613,0.023,0.214,-0.717,0.595,0.708,-0.816,0.115,-0.23,0.616,0.68,0.557,0.773,-0.752,0.29,0.013,0.477,0.577,-0.148,-0.321,0.651,-0.684,0.742,-0.799,-0.54,0.153,0.799,0.716,0.095,0.707,-0.758,0.129,0.184,-0.81,0.566,0.896,0.792,0.286,0.502,0.0,0.333,0.179,-0.667,0.224,0.38,0.178,-0.515,0.753,0.501,0.234,-0.406,-0.54,0.759,0.674,-0.788,0.821,-0.515,-0.042,-0.255,0.64,0.383,-0.837,0.042,-0.09,-0.366,0.819,0.203,0.876,0.33,-0.537,-0.485,-0.494,0.713,0.613,0.747,0.536,-0.833,0.687,0.826,-0.723,-0.335,-0.319,0.697,0.347,0.888,-0.729,0.654,-0.091,0.179,0.735,0.073,0.764,-0.482,-0.4,0.122,0.155,0.753,0.514,0.704,0.636,0.549,-0.518,-0.229,-0.383,0.656,0.423,-0.512,0.654,-0.012,0.805,0.913,-0.854,-0.762,0.021,0.66,0.25,0.604,-0.751,0.83,0.742,0.26,0.121,0.632,0.069,0.146,0.856,0.636,0.27,-0.686,-0.166,0.024,0.72,0.162,0.438,0.185,0.894,0.58,-0.732,-0.202,0.383,-0.748,-0.459,0.427,-0.409,-0.341,0.752,-0.771,0.25,0.421,-0.351,0.141,0.298,0.843,-0.384,0.352,-0.365,0.232,-0.393,-0.572,0.18,0.667,0.438,0.53,0.608,0.317,0.581,0.51,-0.807,0.778,0.577,0.842,-0.138,0.48,0.745,0.903,0.403,0.434,-0.278,-0.858,0.868
FOLD,0.465,0.629,0.703,0.51,0.122,0.701,0.511,-0.152,-0.363,0.335,0.493,0.702,-0.195,0.219,0.358,0.831,-0.02,0.733,0.609,0.282,0.726,-0.201,-0.002,-0.312,0.45,0.2,-0.181,0.691,0.28,0.46,0.545,0.565,0.656,-0.241,0.717,0.305,0.705,0.503,0.086,0.536,0.409,-0.078,0.125,-0.328,0.03,0.692,0.097,0.285,0.662,0.294,-0.058,0.553,0.601,-0.089,0.509,0.586,0.45,0.718,0.343,0.333,0.0,0.65,-0.214,-0.07,-0.047,0.342,0.084,0.484,0.272,-0.19,-0.24,0.251,0.599,0.467,-0.319,-0.066,-0.03,0.523,0.365,0.455,0.658,-0.242,0.558,-0.417,0.291,0.212,0.581,0.467,-0.312,-0.441,0.281,0.01,0.49,0.751,0.591,0.75,-0.333,0.502,0.543,0.103,0.465,0.243,0.24,0.554,0.407,-0.048,0.51,0.276,0.412,0.236,0.649,0.599,0.276,0.345,0.119,-0.173,0.483,0.313,0.215,0.678,0.498,0.143,0.377,0.021,0.416,0.569,-0.157,0.728,0.435,0.413,0.491,-0.173,-0.13,0.182,0.402,0.5,0.578,-0.203,0.469,0.709,-0.171,0.565,0.266,0.721,0.53,0.344,0.727,0.546,-0.076,0.747,0.142,0.577,0.753,0.603,0.009,0.52,0.466,0.223,0.598,0.646,-0.158,0.273,0.609,0.124,0.356,0.066,-0.113,0.494,0.755,0.335,0.218,0.231,0.554,0.493,0.649,0.382,0.639,0.201,0.239,0.76,0.28,0.761,0.453,0.678,0.09,-0.011,0.63,-0.177,0.432,0.744,0.196,0.47,0.696,0.168,0.225,-0.19,-0.013,-0.516,-0.295,0.237
FORM,0.818,0.442,0.885,0.637,0.538,0.635,0.162,0.288,0.066,0.319,0.339,0.93,-0.52,-0.001,0.245,0.648,0.246,0.71,0.699,0.107,0.611,0.259,-0.003,-0.1,0.572,-0.001,0.127,0.555,0.653,0.25,0.545,0.787,0.438,-0.073,0.733,0.513,0.621,0.607,0.503,0.696,0.591,0.299,-0.013,0.024,0.502,0.727,-0.143,0.175,0.891,-0.043,0.259,0.743,0.897,0.187,0.498,0.354,0.294,0.89,0.342,0.179,0.65,0.0,0.08,0.214,-0.048,0.557,0.503,0.395,0.483,-0.191,0.245,0.615,0.609,0.582,0.058,-0.136,0.349,0.739,0.599,0.7,0.757,-0.059,0.825,0.037,0.625,0.114,0.81,0.388,-0.496,-0.019,0.419,0.463,0.635,0.768,0.55,0.814,0.009,0.446,0.5,0.357,0.746,0.508,-0.122,0.54,0.367,0.213,0.732,0.478,0.733,-0.085,0.812,0.564,0.574,0.444,-0.304,-0.416,0.527,0.356,-0.044,0.697,0.688,0.454,0.755,0.434,0.08,0.578,0.31,0.762,0.643,0.329,0.318,0.096,0.2,0.728,0.599,0.861,0.691,0.138,0.562,0.474,-0.335,0.783,0.153,0.821,0.768,0.46,0.609,0.856,0.354,0.676,0.192,0.34,0.601,0.836,0.004,0.348,0.561,0.425,0.802,0.561,0.167,0.513,0.662,0.41,0.739,-0.162,0.238,0.748,0.843,0.476,0.34,-0.163,0.364,0.381,0.855,0.622,0.902,0.532,0.563,0.767,0.006,0.866,0.459,0.794,0.018,0.016,0.559,0.088,0.421,0.807,0.172,0.717,0.625,-0.157,0.076,0.008,-0.165,-0.505,0.039,-0.111
FOXA,-0.095,-0.66,0.151,-0.335,0.679,-0.248,-0.731,0.833,0.893,-0.712,-0.615,0.007,-0.714,-0.874,-0.515,-0.372,0.928,-0.331,-0.185,-0.862,-0.501,0.492,-0.548,0.491,-0.015,-0.835,0.929,-0.157,0.595,-0.822,-0.637,-0.226,-0.584,0.777,-0.296,-0.314,-0.58,-0.62,0.149,0.385,-0.356,0.934,-0.583,0.883,0.79,0.17,-0.832,-0.885,0.211,-0.84,0.908,0.288,0.174,0.913,-0.711,-0.651,-0.414,-0.15,0.055,-0.667,-0.214,0.08,0.0,-0.344,-0.72,0.48,0.798,-0.697,-0.211,-0.392,0.841,0.721,-0.607,-0.151,0.938,-0.76,0.855,-0.103,0.638,-0.227,0.044,0.899,0.399,0.156,0.717,-0.759,0.249,-0.766,-0.573,0.888,0.743,0.823,-0.408,-0.235,-0.407,-0.286,0.904,-0.765,-0.701,0.811,0.363,0.775,-0.803,-0.041,-0.672,0.884,-0.429,0.553,-0.243,-0.856,0.25,-0.662,0.754,0.624,-0.105,-0.602,-0.627,-0.749,-0.895,-0.528,-0.472,0.541,0.633,0.801,-0.686,-0.567,0.885,-0.433,0.15,-0.652,-0.744,0.916,0.942,0.3,-0.525,0.225,-0.125,0.953,-0.558,-0.698,-0.427,0.38,-0.839,0.031,-0.052,-0.573,-0.299,-0.142,0.663,0.369,0.523,-0.748,-0.231,-0.3,-0.681,-0.726,-0.526,0.737,0.459,-0.119,0.931,0.742,-0.528,0.844,0.598,-0.826,0.728,0.149,-0.25,0.71,0.339,-0.571,-0.786,0.44,-0.058,0.221,-0.03,0.125,0.71,-0.097,-0.701,-0.097,-0.632,-0.344,-0.757,-0.42,-0.291,0.93,-0.771,-0.329,-0.779,0.065,-0.504,-0.831,-0.782,-0.313,-0.718,0.259,0.928,-0.723
FRPT,0.497,0.172,0.026,0.18,0.089,0.294,0.12,-0.095,-0.168,0.597,0.257,0.145,0.245,0.349,0.343,0.084,-0.283,0.184,0.092,0.438,0.173,0.288,0.379,0.041,0.285,0.451,-0.331,0.119,-0.181,0.332,0.504,0.346,0.157,-0.161,0.285,0.349,0.283,0.485,0.329,-0.125,0.58,-0.245,0.42,-0.122,-0.077,0.091,0.356,0.495,0.026,0.287,-0.268,0.008,0.09,-0.243,0.461,0.197,0.158,0.242,0.028,0.224,-0.07,0.214,-0.344,0.0,0.528,-0.15,-0.035,0.35,0.368,0.37,-0.074,0.013,0.39,0.195,-0.275,0.31,-0.07,0.257,0.065,0.308,0.139,-0.293,0.071,0.639,-0.201,0.376,0.174,0.435,0.324,-0.139,-0.257,-0.208,0.373,0.128,0.07,0.288,-0.2,0.431,0.402,-0.259,-0.018,-0.272,0.215,0.038,0.392,-0.368,0.524,0.062,0.398,0.301,-0.021,0.381,-0.139,-0.247,-0.183,0.177,0.383,0.581,0.396,0.345,0.519,-0.229,-0.032,0.0,0.254,0.293,-0.148,0.294,0.338,0.384,0.327,-0.325,-0.206,0.253,0.576,0.133,0.282,-0.288,0.437,0.248,0.281,-0.075,0.498,0.019,0.421,0.436,0.083,0.408,-0.013,-0.303,-0.26,0.329,0.073,0.433,0.417,0.285,0.34,-0.293,-0.15,-0.051,-0.3,-0.19,0.316,-0.311,0.034,0.403,-0.069,0.201,0.305,-0.212,-0.113,0.152,0.34,-0.262,0.151,0.281,0.371,0.248,-0.167,-0.004,0.279,0.252,0.393,0.386,0.446,0.599,0.094,-0.253,0.506,0.216,0.501,0.176,0.22,0.277,0.295,0.656,0.317,0.091,-0.25,0.19
FSLR,0.288,0.367,-0.211,0.192,-0.327,0.194,0.501,-0.566,-0.654,0.741,0.418,0.004,0.685,0.68,0.469,-0.021,-0.753,0.196,0.089,0.828,0.372,-0.374,0.779,-0.149,-0.104,0.806,-0.644,0.079,-0.508,0.725,0.627,0.197,0.326,-0.473,0.333,0.543,0.494,0.588,0.293,-0.276,0.393,-0.712,0.55,-0.548,-0.465,-0.218,0.701,0.855,-0.257,0.737,-0.649,-0.299,-0.24,-0.671,0.707,0.355,0.237,0.144,-0.304,0.38,-0.047,-0.048,-0.72,0.528,0.0,-0.624,-0.586,0.633,0.34,0.623,-0.631,-0.494,0.507,0.155,-0.652,0.641,-0.642,0.249,-0.536,0.084,-0.118,-0.661,-0.315,0.137,-0.625,0.711,-0.339,0.579,0.666,-0.664,-0.631,-0.616,0.333,0.022,0.138,0.174,-0.575,0.69,0.537,-0.578,-0.167,-0.747,0.69,0.055,0.477,-0.704,0.39,-0.523,0.437,0.725,-0.26,0.55,-0.627,-0.581,0.057,0.677,0.499,0.78,0.808,0.381,0.531,-0.31,-0.445,-0.518,0.554,0.54,-0.653,0.272,0.01,0.542,0.53,-0.66,-0.674,-0.122,0.546,-0.182,0.009,-0.728,0.429,0.502,0.497,-0.486,0.881,-0.019,0.243,0.441,0.122,0.255,-0.189,-0.451,-0.556,0.585,0.19,0.331,0.894,0.495,0.478,-0.545,-0.429,0.117,-0.711,-0.648,0.517,-0.795,-0.41,0.749,-0.322,-0.062,0.192,-0.621,-0.251,0.532,0.625,-0.447,-0.005,-0.017,0.077,0.238,-0.524,0.081,0.714,-0.03,0.687,0.247,0.87,0.479,0.195,-0.706,0.686,0.17,0.66,0.067,0.416,0.717,0.57,0.522,0.739,-0.093,-0.595,0.416
FTAI,0.291,0.19,0.612,0.47,0.471,0.246,-0.223,0.592,0.52,-0.181,0.132,0.554,-0.643,-0.213,-0.026,0.48,0.5,0.38,0.481,-0.386,0.151,0.585,-0.596,-0.198,0.692,-0.39,0.339,0.214,0.707,-0.266,-0.001,0.489,0.27,0.076,0.075,-0.222,-0.02,0.004,0.062,0.425,0.312,0.531,-0.087,0.218,0.516,0.552,-0.294,-0.35,0.669,-0.385,0.444,0.687,0.737,0.364,-0.157,0.185,0.28,0.372,0.596,0.178,0.342,0.557,0.48,-0.15,-0.624,0.0,0.616,-0.03,0.296,-0.535,0.655,0.533,0.165,0.458,0.363,-0.233,0.587,0.085,0.635,0.575,0.616,0.21,0.726,0.001,0.713,-0.204,0.748,0.055,-0.656,0.49,0.477,0.632,0.385,0.541,0.494,0.457,0.258,-0.108,0.124,0.362,0.354,0.807,-0.414,0.434,0.179,0.404,0.297,0.619,0.047,-0.375,0.651,0.111,0.659,0.435,-0.144,-0.669,0.143,-0.232,-0.448,0.216,0.147,0.283,0.732,0.654,-0.202,-0.041,0.645,0.356,0.218,0.042,0.061,0.294,0.403,0.523,0.172,0.757,0.603,0.461,0.277,0.018,-0.474,0.84,-0.403,0.366,0.191,0.27,0.39,0.328,0.207,0.547,0.642,-0.078,0.097,0.331,-0.641,0.054,0.085,0.333,0.626,0.304,0.438,0.575,0.003,0.763,0.612,-0.394,0.185,0.628,0.392,0.651,0.637,-0.514,-0.035,0.257,0.53,0.169,0.467,-0.034,0.509,0.287,-0.364,0.61,-0.162,0.417,-0.66,-0.092,0.347,0.355,-0.031,0.442,-0.082,0.234,0.086,-0.367,-0.059,-0.1,-0.485,-0.238,0.255,-0.11
GBDC,0.405,-0.376,0.599,0.018,0.859,0.059,-0.583,0.856,0.767,-0.409,-0.369,0.457,-0.869,-0.717,-0.359,-0.034,0.87,0.044,0.185,-0.64,-0.115,0.573,-0.377,0.429,0.234,-0.692,0.786,0.148,0.792,-0.537,-0.242,0.224,-0.293,0.586,0.111,0.102,-0.133,-0.13,0.414,0.701,0.016,0.894,-0.575,0.771,0.923,0.546,-0.787,-0.605,0.607,-0.744,0.869,0.555,0.6,0.831,-0.289,-0.423,-0.292,0.344,0.078,-0.515,0.084,0.503,0.798,-0.035,-0.586,0.616,0.0,-0.413,0.073,-0.411,0.807,0.917,-0.187,0.058,0.791,-0.706,0.871,0.37,0.818,0.166,0.395,0.696,0.72,0.195,0.894,-0.577,0.617,-0.431,-0.722,0.721,0.819,0.903,-0.008,0.167,-0.103,0.174,0.744,-0.386,-0.304,0.844,0.732,0.832,-0.796,0.137,-0.382,0.842,0.059,0.695,0.239,-0.752,0.553,-0.269,0.943,0.675,-0.4,-0.659,-0.217,-0.344,-0.787,-0.044,-0.033,0.713,0.872,0.888,-0.583,-0.111,0.905,0.023,0.46,-0.407,-0.48,0.785,0.867,0.685,-0.083,0.6,0.198,0.838,-0.185,-0.358,-0.61,0.691,-0.578,0.436,0.291,-0.248,-0.01,0.383,0.763,0.57,0.367,-0.46,0.074,0.2,-0.471,-0.449,-0.118,0.801,0.765,0.089,0.822,0.857,-0.054,0.834,0.885,-0.78,0.751,0.404,0.244,0.753,0.32,-0.607,-0.507,0.558,0.387,0.545,0.442,0.45,0.891,0.295,-0.634,0.325,-0.232,0.126,-0.563,-0.318,0.021,0.795,-0.413,0.152,-0.546,0.534,-0.088,-0.797,-0.624,-0.222,-0.661,-0.117,0.773,-0.741
GDYN,0.532,0.852,0.276,0.609,-0.172,0.585,0.702,-0.464,-0.673,0.849,0.87,0.469,0.486,0.786,0.621,0.601,-0.642,0.762,0.575,0.868,0.769,-0.166,0.395,-0.578,0.455,0.839,-0.71,0.439,-0.266,0.798,0.914,0.662,0.819,-0.657,0.638,0.384,0.725,0.78,0.268,-0.037,0.751,-0.617,0.673,-0.732,-0.357,0.267,0.733,0.873,0.229,0.822,-0.597,0.198,0.26,-0.661,0.873,0.789,0.727,0.514,0.22,0.753,0.484,0.395,-0.697,0.35,0.633,-0.03,-0.413,0.0,0.689,0.444,-0.511,-0.287,0.867,0.619,-0.74,0.669,-0.444,0.328,-0.134,0.592,0.472,-0.78,0.178,-0.061,-0.326,0.798,0.236,0.887,0.402,-0.682,-0.4,-0.47,0.779,0.558,0.681,0.693,-0.702,0.866,0.876,-0.55,0.02,-0.355,0.734,0.531,0.845,-0.692,0.722,-0.169,0.548,0.81,0.263,0.922,-0.348,-0.278,0.188,0.42,0.795,0.762,0.832,0.782,0.83,-0.336,-0.075,-0.314,0.764,0.715,-0.531,0.76,0.266,0.901,0.895,-0.74,-0.666,0.067,0.791,0.323,0.564,-0.727,0.809,0.877,0.345,0.036,0.874,0.39,0.542,0.767,0.685,0.535,-0.316,-0.011,-0.233,0.842,0.534,0.716,0.551,0.823,0.698,-0.479,0.003,0.544,-0.695,-0.38,0.715,-0.461,-0.138,0.703,-0.447,0.361,0.675,-0.241,0.134,0.522,0.926,-0.227,0.42,-0.017,0.515,0.094,-0.371,0.485,0.759,0.554,0.813,0.753,0.626,0.574,0.623,-0.735,0.871,0.658,0.8,0.199,0.749,0.773,0.793,0.522,0.623,-0.336,-0.742,0.597
GGAL,0.614,0.527,0.419,0.6,0.238,0.391,0.243,0.079,-0.217,0.608,0.646,0.554,0.121,0.453,0.349,0.385,-0.243,0.593,0.56,0.495,0.542,0.216,0.177,-0.365,0.575,0.484,-0.328,0.202,0.086,0.386,0.694,0.661,0.543,-0.396,0.475,0.336,0.512,0.623,0.402,0.183,0.727,-0.186,0.367,-0.272,0.107,0.431,0.336,0.51,0.336,0.388,-0.197,0.304,0.473,-0.262,0.61,0.429,0.534,0.49,0.159,0.501,0.272,0.483,-0.211,0.368,0.34,0.296,0.073,0.689,0.0,0.306,-0.026,0.054,0.683,0.622,-0.296,0.412,-0.063,0.327,0.157,0.625,0.538,-0.432,0.407,0.199,0.047,0.532,0.438,0.591,0.11,-0.183,-0.109,-0.041,0.669,0.546,0.546,0.582,-0.308,0.601,0.636,-0.207,0.234,0.015,0.289,0.515,0.635,-0.271,0.688,0.202,0.502,0.416,0.375,0.694,0.053,-0.155,-0.047,0.122,0.659,0.518,0.4,0.627,0.728,-0.067,0.299,0.155,0.38,0.537,-0.021,0.582,0.296,0.604,0.567,-0.36,-0.232,0.386,0.713,0.536,0.48,-0.287,0.671,0.494,0.118,0.298,0.513,0.409,0.528,0.659,0.513,0.581,0.082,0.051,-0.006,0.446,0.212,0.655,0.31,0.523,0.649,-0.204,0.221,0.351,-0.287,-0.092,0.514,-0.07,0.189,0.306,-0.036,0.542,0.579,0.003,0.263,0.147,0.563,-0.075,0.439,0.012,0.647,0.242,-0.001,0.4,0.387,0.601,0.586,0.667,0.207,0.524,0.511,-0.326,0.57,0.589,0.567,0.329,0.485,0.385,0.525,0.562,0.395,-0.344,-0.314,0.227
GNLN,0.062,0.247,-0.341,-0.064,-0.196,0.089,0.436,-0.338,-0.44,0.555,0.384,-0.225,0.655,0.393,0.371,-0.146,-0.459,0.119,-0.103,0.597,0.172,-0.097,0.516,-0.14,-0.024,0.639,-0.42,-0.11,-0.573,0.303,0.403,0.049,0.128,-0.162,0.227,0.111,0.131,0.231,0.31,-0.365,0.265,-0.467,0.503,-0.299,-0.333,-0.189,0.518,0.52,-0.398,0.596,-0.428,-0.266,-0.423,-0.407,0.41,0.206,0.354,-0.107,-0.137,0.234,-0.19,-0.191,-0.392,0.37,0.623,-0.535,-0.411,0.444,0.306,0.0,-0.417,-0.371,0.232,0.208,-0.396,0.491,-0.345,-0.092,-0.252,-0.054,-0.07,-0.335,-0.271,0.294,-0.576,0.546,-0.292,0.301,0.728,-0.358,-0.404,-0.495,0.148,-0.159,-0.071,-0.022,-0.315,0.293,0.224,-0.428,-0.302,-0.591,0.611,0.099,0.254,-0.5,0.153,-0.234,0.171,0.576,-0.275,0.265,-0.472,-0.246,0.304,0.549,0.202,0.311,0.606,0.137,0.276,-0.418,-0.392,-0.3,0.504,0.136,-0.466,0.06,0.166,0.469,0.374,-0.425,-0.375,-0.228,0.205,-0.283,-0.018,-0.495,0.213,0.269,0.588,-0.51,0.611,-0.137,0.291,0.17,0.13,-0.007,-0.195,-0.429,-0.342,0.337,0.071,0.066,0.505,0.295,0.204,-0.475,-0.442,0.136,-0.47,-0.41,0.141,-0.562,-0.383,0.61,-0.222,-0.103,-0.001,-0.356,-0.243,0.55,0.348,-0.282,-0.201,-0.253,-0.054,-0.075,-0.479,-0.077,0.686,-0.17,0.404,0.099,0.648,0.65,-0.018,-0.432,0.29,-0.1,0.389,-0.211,0.16,0.597,0.394,0.626,0.513,0.305,-0.339,0.317
GRFS,0.119,-0.459,0.256,-0.063,0.676,-0.213,-0.674,0.846,0.877,-0.511,-0.427,0.168,-0.712,-0.689,-0.357,-0.196,0.799,-0.167,0.014,-0.701,-0.368,0.751,-0.55,0.378,0.244,-0.698,0.747,-0.134,0.662,-0.732,-0.422,0.011,-0.392,0.569,-0.275,-0.248,-0.486,-0.408,0.201,0.302,-0.059,0.84,-0.458,0.763,0.761,0.217,-0.66,-0.708,0.369,-0.758,0.766,0.421,0.39,0.752,-0.547,-0.454,-0.219,0.007,0.257,-0.406,-0.24,0.245,0.841,-0.074,-0.631,0.655,0.807,-0.511,-0.026,-0.417,0.0,0.675,-0.359,0.015,0.818,-0.544,0.883,-0.056,0.647,0.087,0.224,0.696,0.499,0.359,0.722,-0.617,0.425,-0.505,-0.542,0.906,0.617,0.84,-0.067,-0.023,-0.159,-0.048,0.755,-0.571,-0.447,0.656,0.326,0.753,-0.777,0.033,-0.395,0.717,-0.134,0.563,-0.077,-0.754,0.295,-0.421,0.757,0.51,-0.269,-0.649,-0.39,-0.54,-0.779,-0.302,-0.236,0.417,0.677,0.811,-0.652,-0.448,0.915,-0.204,0.219,-0.435,-0.519,0.72,0.81,0.489,-0.232,0.45,0.119,0.841,-0.215,-0.565,-0.469,0.533,-0.692,0.083,0.021,-0.228,-0.172,0.074,0.601,0.267,0.557,-0.59,-0.223,-0.07,-0.652,-0.497,-0.358,0.552,0.459,-0.113,0.793,0.691,-0.395,0.833,0.656,-0.665,0.576,0.335,-0.06,0.642,0.428,-0.702,-0.617,0.244,0.115,0.256,0.153,0.095,0.678,-0.057,-0.675,0.11,-0.491,-0.087,-0.7,-0.221,-0.194,0.772,-0.515,-0.107,-0.516,0.141,-0.354,-0.746,-0.577,-0.124,-0.65,0.126,0.746,-0.563
GT,0.504,-0.286,0.644,-0.046,0.891,0.295,-0.485,0.711,0.667,-0.313,-0.292,0.527,-0.804,-0.696,-0.277,0.053,0.848,0.181,0.261,-0.548,-0.031,0.446,-0.351,0.432,0.214,-0.598,0.782,0.364,0.735,-0.389,-0.124,0.261,-0.193,0.612,0.295,0.164,-0.025,-0.071,0.492,0.745,0.071,0.878,-0.48,0.696,0.897,0.58,-0.728,-0.514,0.675,-0.627,0.87,0.624,0.602,0.845,-0.168,-0.344,-0.239,0.432,0.101,-0.54,0.251,0.615,0.721,0.013,-0.494,0.533,0.917,-0.287,0.054,-0.371,0.675,0.0,-0.14,0.052,0.738,-0.762,0.857,0.471,0.865,0.149,0.451,0.683,0.766,0.143,0.867,-0.569,0.637,-0.374,-0.665,0.597,0.821,0.83,0.025,0.169,-0.073,0.262,0.733,-0.299,-0.253,0.852,0.791,0.816,-0.687,0.237,-0.35,0.774,0.072,0.669,0.309,-0.683,0.665,-0.176,0.911,0.752,-0.224,-0.587,-0.214,-0.244,-0.67,0.015,0.084,0.684,0.878,0.845,-0.417,-0.027,0.797,0.115,0.56,-0.309,-0.42,0.78,0.848,0.596,-0.043,0.606,0.262,0.791,-0.168,-0.224,-0.501,0.643,-0.474,0.538,0.462,-0.266,0.066,0.436,0.766,0.675,0.311,-0.323,0.308,0.317,-0.377,-0.421,-0.129,0.865,0.815,0.229,0.804,0.873,0.052,0.804,0.912,-0.735,0.773,0.432,0.361,0.83,0.37,-0.427,-0.393,0.602,0.397,0.715,0.533,0.554,0.89,0.4,-0.542,0.413,-0.142,0.203,-0.432,-0.325,0.082,0.786,-0.325,0.188,-0.528,0.57,0.024,-0.729,-0.625,-0.202,-0.621,-0.065,0.749,-0.729
HCAT,0.679,0.869,0.54,0.849,-0.061,0.593,0.684,-0.276,-0.589,0.804,0.793,0.698,0.176,0.721,0.626,0.773,-0.515,0.826,0.681,0.77,0.907,-0.056,0.406,-0.48,0.558,0.677,-0.646,0.473,0.037,0.768,0.919,0.808,0.832,-0.667,0.707,0.562,0.864,0.915,0.273,0.205,0.806,-0.506,0.501,-0.633,-0.175,0.522,0.576,0.811,0.499,0.645,-0.513,0.384,0.551,-0.589,0.895,0.817,0.643,0.755,0.281,0.759,0.599,0.609,-0.607,0.39,0.507,0.165,-0.187,0.867,0.683,0.232,-0.359,-0.14,0.0,0.717,-0.671,0.567,-0.35,0.554,0.011,0.741,0.633,-0.75,0.402,-0.094,-0.04,0.762,0.447,0.903,0.105,-0.618,-0.204,-0.245,0.875,0.831,0.792,0.86,-0.703,0.913,0.961,-0.377,0.24,-0.167,0.556,0.52,0.851,-0.509,0.92,0.007,0.721,0.651,0.415,0.96,-0.118,-0.154,-0.118,0.128,0.917,0.785,0.649,0.94,0.86,-0.082,0.142,-0.191,0.602,0.844,-0.378,0.923,0.385,0.807,0.884,-0.67,-0.568,0.381,0.907,0.555,0.69,-0.628,0.914,0.904,0.038,0.367,0.77,0.593,0.577,0.857,0.773,0.763,-0.224,0.18,-0.146,0.843,0.557,0.824,0.453,0.91,0.856,-0.322,0.261,0.593,-0.609,-0.184,0.867,-0.309,0.113,0.561,-0.377,0.519,0.834,-0.156,0.111,0.285,0.896,-0.067,0.714,0.13,0.679,0.206,-0.139,0.665,0.636,0.73,0.868,0.887,0.503,0.466,0.716,-0.672,0.901,0.896,0.759,0.461,0.847,0.582,0.73,0.311,0.427,-0.614,-0.7,0.545
HCM,0.459,0.675,0.441,0.746,0.123,0.48,0.487,0.071,-0.191,0.541,0.639,0.577,-0.004,0.434,0.526,0.662,-0.138,0.717,0.51,0.388,0.626,0.311,0.126,-0.463,0.772,0.402,-0.319,0.22,0.248,0.325,0.649,0.752,0.605,-0.336,0.509,0.136,0.462,0.552,0.281,0.13,0.73,-0.149,0.522,-0.344,0.056,0.501,0.359,0.424,0.452,0.364,-0.227,0.447,0.512,-0.297,0.474,0.694,0.707,0.568,0.555,0.674,0.467,0.582,-0.151,0.195,0.155,0.458,0.058,0.619,0.622,0.208,0.015,0.052,0.717,0.0,-0.34,0.396,0.009,0.228,0.301,0.732,0.673,-0.424,0.552,0.081,0.159,0.58,0.593,0.658,-0.015,-0.182,0.041,0.02,0.707,0.753,0.661,0.677,-0.39,0.527,0.676,-0.185,0.168,0.177,0.368,0.558,0.669,-0.256,0.749,0.388,0.438,0.368,0.485,0.666,0.075,0.084,-0.009,-0.209,0.656,0.298,0.33,0.654,0.587,-0.1,0.364,0.177,0.423,0.407,-0.016,0.726,0.405,0.669,0.685,-0.381,-0.223,0.471,0.665,0.629,0.781,-0.283,0.746,0.603,0.087,0.524,0.384,0.431,0.536,0.714,0.728,0.55,-0.155,0.216,0.281,0.513,0.314,0.623,-0.028,0.694,0.589,-0.199,0.31,0.602,-0.259,0.083,0.461,0.063,0.217,0.35,-0.268,0.64,0.634,0.155,0.319,0.121,0.63,0.026,0.622,-0.055,0.568,-0.087,-0.053,0.477,0.522,0.702,0.517,0.754,0.12,0.479,0.596,-0.343,0.566,0.695,0.53,0.148,0.495,0.369,0.555,0.351,0.062,-0.223,-0.376,0.468
HFWA,-0.07,-0.73,0.136,-0.429,0.674,-0.268,-0.811,0.773,0.914,-0.749,-0.697,-0.022,-0.731,-0.915,-0.609,-0.488,0.899,-0.402,-0.196,-0.862,-0.565,0.404,-0.507,0.557,-0.171,-0.873,0.965,-0.129,0.567,-0.772,-0.69,-0.278,-0.653,0.776,-0.325,-0.203,-0.59,-0.603,0.212,0.418,-0.434,0.947,-0.651,0.893,0.805,0.052,-0.866,-0.872,0.185,-0.89,0.947,0.232,0.139,0.933,-0.689,-0.762,-0.577,-0.157,-0.1,-0.788,-0.319,0.058,0.938,-0.275,-0.652,0.363,0.791,-0.74,-0.296,-0.396,0.818,0.738,-0.671,-0.34,0.0,-0.787,0.833,-0.025,0.547,-0.283,-0.093,0.906,0.306,0.162,0.692,-0.808,0.141,-0.812,-0.585,0.876,0.663,0.847,-0.456,-0.362,-0.472,-0.345,0.959,-0.771,-0.751,0.829,0.394,0.724,-0.874,-0.145,-0.731,0.884,-0.477,0.397,-0.185,-0.916,0.209,-0.716,0.733,0.568,-0.204,-0.507,-0.654,-0.672,-0.909,-0.582,-0.469,0.611,0.582,0.75,-0.746,-0.521,0.881,-0.484,0.093,-0.714,-0.831,0.962,0.943,0.288,-0.542,0.166,-0.223,0.982,-0.633,-0.763,-0.475,0.274,-0.818,0.014,-0.069,-0.636,-0.424,-0.136,0.737,0.322,0.345,-0.795,-0.232,-0.295,-0.547,-0.831,-0.548,0.776,0.418,-0.196,0.962,0.705,-0.484,0.788,0.585,-0.87,0.793,0.076,-0.291,0.647,0.267,-0.6,-0.846,0.373,-0.09,0.308,-0.072,0.274,0.739,-0.141,-0.8,-0.195,-0.627,-0.409,-0.648,-0.534,-0.35,0.941,-0.771,-0.396,-0.801,0.136,-0.504,-0.892,-0.847,-0.339,-0.696,0.257,0.977,-0.861
HOLX,0.011,0.623,-0.238,0.478,-0.621,0.098,0.567,-0.535,-0.62,0.691,0.655,-0.072,0.703,0.897,0.455,0.238,-0.862,0.28,0.144,0.745,0.349,-0.146,0.383,-0.648,0.236,0.769,-0.86,-0.107,-0.527,0.597,0.539,0.28,0.5,-0.807,0.111,0.075,0.343,0.529,-0.122,-0.501,0.465,-0.83,0.712,-0.803,-0.656,-0.253,0.851,0.782,-0.303,0.722,-0.842,-0.308,-0.171,-0.889,0.542,0.628,0.549,-0.0,0.135,0.821,-0.066,-0.136,-0.76,0.31,0.641,-0.233,-0.706,0.669,0.412,0.491,-0.544,-0.762,0.567,0.396,-0.787,0.0,-0.7,-0.151,-0.593,0.42,-0.013,-0.884,-0.356,0.083,-0.677,0.864,-0.17,0.768,0.579,-0.596,-0.776,-0.67,0.486,0.22,0.456,0.199,-0.788,0.667,0.673,-0.855,-0.495,-0.62,0.726,0.095,0.775,-0.823,0.449,-0.448,0.116,0.787,-0.251,0.597,-0.747,-0.696,0.021,0.481,0.675,0.581,0.802,0.414,0.454,-0.577,-0.531,-0.586,0.588,0.388,-0.625,0.348,-0.257,0.686,0.742,-0.879,-0.867,-0.137,0.539,-0.131,0.204,-0.83,0.636,0.519,0.494,-0.325,0.742,-0.205,0.013,0.717,0.266,0.044,-0.639,-0.551,-0.267,0.552,-0.092,0.239,0.479,0.699,0.567,-0.872,-0.539,0.05,-0.856,-0.785,0.323,-0.692,-0.604,0.819,-0.693,0.002,0.101,-0.686,-0.126,0.389,0.709,-0.581,0.048,-0.541,-0.022,-0.342,-0.771,-0.083,0.68,0.067,0.482,0.331,0.531,0.583,0.231,-0.881,0.702,0.256,0.887,-0.267,0.299,0.827,0.907,0.534,0.673,-0.083,-0.834,0.774
HQY,0.242,-0.417,0.372,-0.188,0.838,0.028,-0.62,0.803,0.833,-0.454,-0.37,0.242,-0.723,-0.758,-0.37,-0.099,0.893,0.001,0.077,-0.692,-0.265,0.694,-0.548,0.42,0.255,-0.685,0.816,0.152,0.622,-0.65,-0.336,0.05,-0.341,0.682,-0.045,-0.206,-0.395,-0.372,0.329,0.443,-0.002,0.909,-0.44,0.774,0.843,0.398,-0.71,-0.689,0.484,-0.707,0.869,0.518,0.404,0.868,-0.452,-0.412,-0.195,0.118,0.271,-0.515,-0.03,0.349,0.855,-0.07,-0.642,0.587,0.871,-0.444,-0.063,-0.345,0.883,0.857,-0.35,0.009,0.833,-0.7,0.0,0.087,0.836,0.055,0.369,0.782,0.637,0.283,0.784,-0.681,0.53,-0.51,-0.535,0.847,0.793,0.831,-0.062,-0.021,-0.184,0.069,0.83,-0.549,-0.442,0.758,0.476,0.826,-0.736,0.128,-0.416,0.76,-0.145,0.664,0.016,-0.735,0.493,-0.384,0.844,0.7,-0.124,-0.657,-0.418,-0.507,-0.766,-0.245,-0.156,0.477,0.77,0.866,-0.498,-0.376,0.887,-0.103,0.413,-0.369,-0.507,0.806,0.9,0.466,-0.232,0.474,0.204,0.873,-0.249,-0.452,-0.441,0.543,-0.654,0.271,0.232,-0.326,-0.074,0.144,0.64,0.439,0.495,-0.503,0.034,0.042,-0.64,-0.536,-0.392,0.707,0.613,0.073,0.851,0.825,-0.304,0.876,0.78,-0.734,0.701,0.303,0.107,0.849,0.467,-0.538,-0.567,0.436,0.15,0.438,0.267,0.197,0.752,0.117,-0.608,0.222,-0.411,0.012,-0.627,-0.226,-0.131,0.857,-0.519,-0.059,-0.585,0.245,-0.266,-0.752,-0.648,-0.144,-0.722,0.199,0.81,-0.659
HUBG,0.782,0.25,0.753,0.461,0.413,0.513,0.197,0.107,-0.135,0.289,0.128,0.791,-0.391,0.005,0.163,0.382,0.088,0.496,0.48,0.239,0.621,-0.118,0.361,0.169,0.088,0.062,0.051,0.521,0.44,0.421,0.507,0.562,0.264,-0.065,0.734,0.868,0.756,0.704,0.573,0.755,0.355,0.115,-0.207,0.036,0.424,0.608,-0.166,0.319,0.688,0.021,0.157,0.44,0.647,0.096,0.614,0.151,-0.061,0.863,-0.166,-0.042,0.523,0.739,-0.103,0.257,0.249,0.085,0.37,0.328,0.327,-0.092,-0.056,0.471,0.554,0.228,-0.025,-0.151,0.087,0.0,0.317,0.369,0.465,-0.108,0.546,-0.145,0.459,0.158,0.442,0.289,-0.36,-0.267,0.332,0.317,0.425,0.548,0.288,0.615,-0.064,0.516,0.44,0.364,0.822,0.174,-0.089,0.22,0.174,0.178,0.609,0.168,0.858,-0.02,0.541,0.487,0.395,0.25,-0.444,-0.117,0.488,0.545,0.042,0.651,0.597,0.627,0.505,0.162,0.045,0.781,0.075,0.615,0.545,0.151,0.186,0.061,0.082,0.649,0.543,0.59,0.348,0.003,0.338,0.471,-0.417,0.472,0.321,0.806,0.599,0.229,0.382,0.854,0.43,0.529,-0.239,0.324,0.609,0.713,0.412,0.267,0.595,0.455,0.671,0.463,0.048,0.35,0.824,0.048,0.599,-0.122,0.321,0.374,0.722,0.182,-0.04,-0.07,0.298,0.384,0.729,0.673,0.722,0.816,0.52,0.77,0.071,0.563,0.659,0.576,0.325,-0.145,0.485,-0.023,0.404,0.684,0.088,0.921,0.698,-0.134,-0.027,-0.164,0.018,-0.659,0.004,-0.265
IAC,0.464,-0.088,0.599,0.099,0.772,0.376,-0.241,0.657,0.556,-0.187,-0.103,0.517,-0.667,-0.551,-0.046,0.277,0.785,0.318,0.237,-0.415,0.105,0.609,-0.36,0.289,0.455,-0.416,0.585,0.358,0.614,-0.393,0.024,0.355,-0.033,0.552,0.339,-0.017,-0.015,-0.051,0.379,0.562,0.242,0.735,-0.261,0.567,0.722,0.711,-0.547,-0.431,0.665,-0.448,0.685,0.707,0.586,0.686,-0.137,-0.091,0.079,0.433,0.408,-0.255,0.365,0.599,0.638,0.065,-0.536,0.635,0.818,-0.134,0.157,-0.252,0.647,0.865,0.011,0.301,0.547,-0.593,0.836,0.317,0.0,0.265,0.639,0.571,0.818,0.206,0.772,-0.403,0.752,-0.21,-0.531,0.534,0.829,0.706,0.179,0.335,0.034,0.382,0.535,-0.25,-0.111,0.71,0.603,0.758,-0.5,0.298,-0.18,0.617,0.195,0.833,0.235,-0.508,0.637,-0.046,0.847,0.822,-0.069,-0.647,-0.129,-0.29,-0.52,0.136,0.117,0.437,0.806,0.812,-0.246,-0.096,0.683,0.244,0.714,-0.1,-0.175,0.581,0.735,0.553,0.024,0.636,0.497,0.63,0.01,-0.05,-0.4,0.721,-0.39,0.501,0.505,-0.117,0.287,0.426,0.506,0.652,0.489,-0.176,0.351,0.319,-0.552,-0.179,-0.103,0.655,0.752,0.331,0.639,0.871,0.004,0.766,0.82,-0.511,0.506,0.466,0.438,0.816,0.421,-0.306,-0.225,0.602,0.439,0.558,0.563,0.243,0.734,0.398,-0.332,0.525,-0.11,0.349,-0.429,-0.037,0.13,0.653,-0.234,0.279,-0.392,0.411,0.076,-0.546,-0.449,-0.046,-0.601,0.01,0.544,-0.407
ICLR,0.63,0.696,0.66,0.822,0.183,0.52,0.253,0.103,-0.1,0.562,0.689,0.693,-0.15,0.466,0.318,0.688,-0.169,0.775,0.729,0.318,0.572,0.348,-0.046,-0.538,0.8,0.285,-0.312,0.408,0.326,0.377,0.626,0.885,0.664,-0.533,0.503,0.244,0.533,0.701,0.267,0.294,0.795,-0.102,0.383,-0.386,0.134,0.514,0.297,0.431,0.612,0.22,-0.146,0.491,0.724,-0.269,0.552,0.643,0.586,0.662,0.522,0.64,0.455,0.7,-0.227,0.308,0.084,0.575,0.166,0.592,0.625,-0.054,0.087,0.149,0.741,0.732,-0.283,0.42,0.055,0.369,0.265,0.0,0.689,-0.48,0.587,0.137,0.245,0.467,0.721,0.735,-0.2,-0.143,-0.019,0.109,0.834,0.772,0.803,0.789,-0.325,0.626,0.77,-0.193,0.295,0.28,0.146,0.564,0.792,-0.205,0.828,0.27,0.532,0.28,0.62,0.723,0.174,-0.017,-0.279,-0.226,0.805,0.494,0.236,0.752,0.734,0.018,0.438,0.211,0.284,0.576,0.118,0.802,0.304,0.661,0.644,-0.35,-0.237,0.598,0.791,0.719,0.786,-0.218,0.836,0.552,-0.079,0.596,0.367,0.503,0.551,0.842,0.627,0.671,-0.059,0.257,0.108,0.494,0.307,0.793,0.044,0.612,0.715,-0.16,0.395,0.416,-0.243,0.03,0.572,0.159,0.337,0.186,-0.167,0.7,0.743,0.137,0.364,-0.041,0.614,-0.018,0.722,0.096,0.716,0.08,0.045,0.509,0.191,0.81,0.492,0.865,0.049,0.328,0.625,-0.325,0.676,0.813,0.642,0.366,0.514,0.253,0.581,0.313,0.048,-0.393,-0.361,0.313
IDCC,0.716,0.58,0.759,0.598,0.503,0.639,0.26,0.29,-0.015,0.413,0.556,0.767,-0.299,0.143,0.351,0.758,0.178,0.822,0.696,0.174,0.658,0.426,-0.116,-0.226,0.758,0.159,-0.043,0.616,0.448,0.215,0.603,0.695,0.623,-0.13,0.665,0.179,0.508,0.502,0.359,0.451,0.727,0.151,0.143,-0.09,0.369,0.848,0.06,0.213,0.812,0.157,0.107,0.714,0.779,0.08,0.467,0.566,0.611,0.703,0.584,0.383,0.658,0.757,0.044,0.139,-0.118,0.616,0.395,0.472,0.538,-0.07,0.224,0.451,0.633,0.673,-0.093,-0.013,0.369,0.465,0.639,0.689,0.0,-0.116,0.822,-0.02,0.503,0.173,0.84,0.473,-0.265,0.013,0.456,0.273,0.726,0.785,0.655,0.857,-0.105,0.398,0.565,0.164,0.519,0.446,0.061,0.645,0.497,0.072,0.659,0.581,0.522,0.14,0.792,0.622,0.475,0.407,-0.018,-0.406,0.5,0.271,0.054,0.72,0.631,0.159,0.62,0.388,0.308,0.443,0.213,0.792,0.609,0.49,0.491,-0.067,0.097,0.547,0.562,0.793,0.787,0.003,0.665,0.582,-0.266,0.766,0.196,0.747,0.618,0.515,0.747,0.695,0.101,0.54,0.378,0.477,0.598,0.737,-0.171,0.488,0.441,0.187,0.691,0.659,0.007,0.437,0.494,0.38,0.64,0.013,0.09,0.59,0.854,0.56,0.458,-0.075,0.435,0.369,0.7,0.386,0.792,0.141,0.354,0.725,0.212,0.878,0.443,0.841,-0.113,0.301,0.558,0.006,0.392,0.789,0.245,0.537,0.57,0.058,0.255,0.118,-0.146,-0.407,-0.125,0.138
IEP,-0.163,-0.781,0.001,-0.587,0.595,-0.274,-0.683,0.664,0.797,-0.751,-0.75,-0.157,-0.604,-0.964,-0.484,-0.484,0.906,-0.475,-0.351,-0.837,-0.583,0.342,-0.431,0.666,-0.266,-0.804,0.926,-0.158,0.424,-0.826,-0.689,-0.423,-0.702,0.923,-0.298,-0.291,-0.608,-0.716,0.108,0.285,-0.529,0.879,-0.669,0.93,0.661,0.06,-0.849,-0.895,0.079,-0.791,0.868,0.191,-0.028,0.93,-0.738,-0.767,-0.537,-0.252,-0.089,-0.837,-0.242,-0.059,0.899,-0.293,-0.661,0.21,0.696,-0.78,-0.432,-0.335,0.696,0.683,-0.75,-0.424,0.906,-0.884,0.782,-0.108,0.571,-0.48,-0.116,0.0,0.218,0.141,0.576,-0.87,0.056,-0.89,-0.435,0.801,0.723,0.697,-0.598,-0.438,-0.628,-0.422,0.915,-0.849,-0.844,0.825,0.296,0.576,-0.771,-0.205,-0.855,0.854,-0.591,0.462,-0.295,-0.851,0.07,-0.776,0.674,0.658,0.012,-0.485,-0.813,-0.76,-0.857,-0.629,-0.585,0.485,0.439,0.647,-0.675,-0.644,0.728,-0.571,0.192,-0.76,-0.854,0.938,0.945,0.103,-0.693,0.002,-0.308,0.913,-0.734,-0.732,-0.383,0.178,-0.829,-0.061,-0.113,-0.794,-0.424,-0.24,0.63,0.324,0.362,-0.755,-0.154,-0.431,-0.589,-0.834,-0.705,0.757,0.334,-0.21,0.91,0.737,-0.586,0.699,0.496,-0.789,0.694,-0.101,-0.353,0.626,0.14,-0.438,-0.871,0.454,-0.235,0.343,-0.16,0.159,0.668,-0.179,-0.709,-0.281,-0.67,-0.504,-0.611,-0.454,-0.453,0.956,-0.858,-0.5,-0.912,0.033,-0.542,-0.852,-0.928,-0.361,-0.681,0.344,0.938,-0.776
IHRT,0.702,0.267,0.841,0.481,0.757,0.506,-0.058,0.538,0.334,0.086,0.213,0.811,-0.648,-0.228,0.11,0.542,0.522,0.66,0.599,-0.159,0.467,0.471,-0.224,0.035,0.637,-0.219,0.342,0.546,0.705,-0.022,0.327,0.695,0.326,0.181,0.514,0.247,0.321,0.315,0.491,0.699,0.524,0.529,-0.106,0.255,0.682,0.854,-0.326,-0.107,0.902,-0.223,0.492,0.842,0.838,0.424,0.212,0.23,0.241,0.725,0.424,0.042,0.558,0.825,0.399,0.071,-0.315,0.726,0.72,0.178,0.407,-0.271,0.499,0.766,0.402,0.552,0.306,-0.356,0.637,0.546,0.818,0.587,0.822,0.218,0.0,-0.003,0.798,-0.115,0.869,0.148,-0.565,0.287,0.684,0.64,0.535,0.67,0.431,0.704,0.255,0.136,0.285,0.509,0.735,0.74,-0.31,0.503,0.189,0.415,0.529,0.693,0.539,-0.254,0.837,0.327,0.755,0.615,-0.175,-0.589,0.279,0.051,-0.308,0.478,0.434,0.486,0.899,0.73,-0.035,0.3,0.569,0.613,0.661,0.214,0.154,0.314,0.462,0.719,0.414,0.884,0.717,0.388,0.375,0.27,-0.47,0.874,-0.121,0.773,0.621,0.265,0.539,0.716,0.456,0.713,0.39,0.152,0.494,0.646,-0.309,0.169,0.267,0.527,0.88,0.599,0.404,0.711,0.402,0.651,0.857,-0.366,0.396,0.68,0.753,0.752,0.526,-0.262,0.129,0.496,0.724,0.52,0.755,0.371,0.681,0.703,-0.14,0.777,0.249,0.65,-0.268,-0.017,0.499,0.342,0.15,0.657,-0.067,0.619,0.382,-0.325,-0.121,-0.064,-0.443,-0.347,0.273,-0.257
ILMN,0.161,-0.255,-0.176,-0.124,0.231,-0.112,-0.309,0.257,0.265,0.201,-0.046,-0.148,0.067,-0.052,-0.041,-0.295,0.097,-0.188,-0.178,-0.055,-0.364,0.613,0.034,0.224,0.239,0.051,0.087,-0.255,-0.044,-0.31,0.047,0.069,-0.292,0.15,-0.101,-0.078,-0.25,-0.007,0.262,-0.24,0.282,0.136,0.14,0.302,0.147,-0.148,0.005,-0.027,-0.157,-0.14,0.086,-0.148,-0.064,0.145,-0.063,-0.227,0.021,-0.145,0.086,-0.09,-0.417,0.037,0.156,0.639,0.137,0.001,0.195,-0.061,0.199,0.294,0.359,0.143,-0.094,0.081,0.162,0.083,0.283,-0.145,0.206,0.137,-0.02,0.141,-0.003,0.0,-0.078,-0.06,0.134,-0.016,0.237,0.361,-0.059,0.053,0.01,-0.187,-0.272,-0.108,0.238,-0.072,-0.081,-0.017,-0.134,-0.027,-0.163,-0.066,0.019,0.008,0.142,0.255,0.024,-0.077,-0.142,-0.065,0.063,-0.06,-0.122,-0.102,-0.035,0.041,-0.032,-0.069,0.11,-0.226,0.054,0.267,-0.186,-0.223,0.252,-0.171,0.218,0.033,-0.119,0.068,0.19,0.231,0.147,-0.011,0.022,0.139,0.092,-0.301,0.344,-0.081,0.009,-0.276,0.246,0.124,-0.288,0.033,0.218,-0.377,0.031,-0.202,-0.317,0.053,-0.014,-0.17,-0.01,-0.114,-0.211,-0.435,0.079,-0.018,-0.256,0.1,0.088,0.062,0.175,0.147,-0.097,-0.048,-0.031,-0.095,-0.152,-0.168,-0.175,0.116,0.174,-0.014,-0.035,-0.326,-0.095,0.014,-0.136,0.03,0.007,0.521,-0.313,0.185,-0.006,-0.191,0.132,-0.126,-0.269,-0.043,-0.028,0.664,0.049,0.456,0.183,-0.035
ILPT,0.407,-0.182,0.73,0.219,0.764,0.171,-0.418,0.779,0.665,-0.419,-0.297,0.62,-0.94,-0.632,-0.257,0.215,0.814,0.204,0.321,-0.593,0.083,0.425,-0.399,0.309,0.272,-0.686,0.715,0.291,0.889,-0.388,-0.19,0.297,-0.104,0.452,0.188,0.152,0.014,-0.052,0.275,0.78,0.02,0.827,-0.547,0.618,0.888,0.642,-0.727,-0.551,0.782,-0.691,0.789,0.69,0.74,0.743,-0.223,-0.226,-0.229,0.502,0.234,-0.366,0.291,0.625,0.717,-0.201,-0.625,0.713,0.894,-0.326,0.047,-0.576,0.722,0.867,-0.04,0.159,0.692,-0.677,0.784,0.459,0.772,0.245,0.503,0.576,0.798,-0.078,0.0,-0.506,0.657,-0.325,-0.842,0.588,0.843,0.918,0.086,0.37,0.126,0.32,0.6,-0.277,-0.171,0.832,0.767,0.9,-0.716,0.216,-0.277,0.812,0.132,0.634,0.282,-0.721,0.7,-0.145,0.916,0.718,-0.376,-0.735,-0.108,-0.321,-0.743,0.081,0.007,0.787,0.902,0.76,-0.511,0.024,0.801,0.206,0.425,-0.348,-0.351,0.71,0.763,0.711,-0.012,0.726,0.328,0.765,-0.073,-0.17,-0.77,0.839,-0.558,0.587,0.291,-0.147,0.183,0.458,0.644,0.751,0.428,-0.311,0.228,0.269,-0.508,-0.28,-0.035,0.829,0.894,0.286,0.77,0.881,0.097,0.842,0.918,-0.752,0.632,0.486,0.367,0.792,0.407,-0.634,-0.363,0.58,0.574,0.539,0.47,0.43,0.896,0.462,-0.57,0.447,-0.145,0.223,-0.588,-0.445,0.198,0.693,-0.3,0.333,-0.508,0.601,0.071,-0.77,-0.543,-0.456,-0.701,-0.329,0.647,-0.608
IMAB,0.263,0.737,0.0,0.616,-0.474,0.35,0.75,-0.469,-0.686,0.789,0.702,0.215,0.588,0.867,0.643,0.429,-0.783,0.489,0.294,0.856,0.628,-0.229,0.579,-0.597,0.295,0.835,-0.83,0.067,-0.374,0.757,0.742,0.492,0.631,-0.719,0.445,0.333,0.615,0.716,0.061,-0.239,0.578,-0.775,0.725,-0.778,-0.518,0.046,0.816,0.882,-0.079,0.792,-0.787,-0.063,0.023,-0.847,0.737,0.74,0.588,0.312,0.115,0.819,0.212,0.114,-0.759,0.376,0.711,-0.204,-0.577,0.798,0.532,0.546,-0.617,-0.569,0.762,0.58,-0.808,0.864,-0.681,0.158,-0.403,0.467,0.173,-0.87,-0.115,-0.06,-0.506,0.0,-0.018,0.846,0.469,-0.707,-0.592,-0.582,0.595,0.448,0.547,0.421,-0.823,0.8,0.804,-0.695,-0.216,-0.546,0.799,0.245,0.791,-0.755,0.652,-0.28,0.379,0.803,-0.047,0.756,-0.599,-0.491,0.022,0.448,0.786,0.681,0.832,0.614,0.628,-0.374,-0.329,-0.488,0.7,0.599,-0.639,0.579,0.022,0.754,0.85,-0.848,-0.805,0.012,0.681,0.093,0.372,-0.831,0.714,0.746,0.372,-0.146,0.855,0.082,0.273,0.743,0.532,0.339,-0.536,-0.273,-0.305,0.714,0.201,0.463,0.582,0.836,0.707,-0.692,-0.291,0.365,-0.813,-0.581,0.6,-0.679,-0.416,0.83,-0.634,0.156,0.363,-0.553,-0.102,0.449,0.843,-0.391,0.319,-0.297,0.208,-0.081,-0.602,0.187,0.832,0.267,0.732,0.533,0.654,0.567,0.445,-0.878,0.815,0.484,0.85,-0.005,0.557,0.812,0.868,0.474,0.642,-0.263,-0.825,0.722
IMOS,0.644,0.354,0.809,0.538,0.584,0.538,-0.024,0.463,0.23,0.187,0.33,0.758,-0.556,-0.054,0.09,0.645,0.39,0.658,0.572,-0.115,0.423,0.545,-0.304,-0.136,0.761,-0.128,0.165,0.496,0.595,-0.004,0.38,0.706,0.371,-0.015,0.528,0.141,0.353,0.403,0.3,0.575,0.609,0.392,-0.023,0.102,0.525,0.8,-0.213,-0.032,0.809,-0.176,0.329,0.682,0.846,0.286,0.245,0.33,0.335,0.676,0.542,0.203,0.581,0.81,0.249,0.174,-0.339,0.748,0.617,0.236,0.438,-0.292,0.425,0.637,0.447,0.593,0.141,-0.17,0.53,0.442,0.752,0.721,0.84,0.056,0.869,0.134,0.657,-0.018,0.0,0.305,-0.534,0.215,0.542,0.469,0.576,0.735,0.496,0.726,0.114,0.232,0.392,0.336,0.603,0.671,-0.253,0.477,0.357,0.292,0.618,0.705,0.437,-0.165,0.788,0.412,0.641,0.469,-0.228,-0.584,0.412,0.123,-0.2,0.556,0.499,0.273,0.77,0.608,0.006,0.308,0.48,0.643,0.561,0.283,0.254,0.153,0.307,0.68,0.464,0.81,0.724,0.251,0.498,0.313,-0.308,0.855,-0.065,0.664,0.591,0.418,0.541,0.643,0.229,0.582,0.407,0.175,0.381,0.678,-0.351,0.253,0.39,0.347,0.763,0.404,0.236,0.55,0.361,0.589,0.737,-0.276,0.228,0.689,0.733,0.61,0.391,-0.28,0.21,0.479,0.708,0.426,0.812,0.194,0.515,0.595,-0.117,0.868,0.196,0.733,-0.307,0.121,0.434,0.224,0.237,0.699,0.123,0.517,0.375,-0.222,0.068,0.067,-0.33,-0.304,0.103,-0.077
INMD,0.483,0.896,0.292,0.732,-0.291,0.567,0.688,-0.461,-0.672,0.879,0.881,0.441,0.43,0.895,0.625,0.704,-0.716,0.741,0.585,0.817,0.74,-0.088,0.35,-0.662,0.565,0.799,-0.811,0.388,-0.2,0.813,0.875,0.696,0.847,-0.806,0.562,0.335,0.73,0.847,0.123,-0.083,0.802,-0.687,0.714,-0.824,-0.431,0.265,0.792,0.889,0.245,0.768,-0.698,0.147,0.324,-0.768,0.845,0.887,0.722,0.511,0.326,0.876,0.467,0.388,-0.766,0.435,0.579,0.055,-0.431,0.887,0.591,0.301,-0.505,-0.374,0.903,0.658,-0.812,0.768,-0.51,0.289,-0.21,0.735,0.473,-0.89,0.148,-0.016,-0.325,0.846,0.305,0.0,0.303,-0.676,-0.473,-0.495,0.819,0.667,0.781,0.72,-0.806,0.915,0.967,-0.659,-0.06,-0.33,0.705,0.465,0.964,-0.736,0.819,-0.139,0.495,0.8,0.255,0.93,-0.396,-0.409,0.008,0.271,0.919,0.81,0.791,0.831,0.807,-0.379,-0.119,-0.36,0.722,0.731,-0.529,0.817,0.136,0.894,0.946,-0.838,-0.766,0.145,0.862,0.321,0.62,-0.781,0.921,0.863,0.293,0.123,0.832,0.321,0.424,0.921,0.664,0.517,-0.477,-0.082,-0.189,0.865,0.394,0.715,0.474,0.907,0.797,-0.595,-0.047,0.436,-0.778,-0.461,0.707,-0.458,-0.175,0.724,-0.567,0.377,0.66,-0.321,0.077,0.402,0.95,-0.275,0.489,-0.067,0.494,-0.043,-0.45,0.409,0.706,0.61,0.759,0.8,0.528,0.565,0.627,-0.816,0.948,0.737,0.932,0.17,0.689,0.774,0.91,0.466,0.541,-0.374,-0.845,0.724
INTZ,-0.18,0.182,-0.66,-0.215,-0.466,-0.094,0.419,-0.578,-0.557,0.514,0.331,-0.518,0.924,0.533,0.422,-0.204,-0.659,-0.063,-0.254,0.62,-0.0,-0.148,0.44,-0.137,-0.129,0.728,-0.611,-0.208,-0.81,0.325,0.324,-0.186,0.12,-0.254,-0.065,-0.116,-0.029,0.069,-0.048,-0.761,0.163,-0.694,0.577,-0.449,-0.656,-0.447,0.716,0.557,-0.635,0.714,-0.675,-0.487,-0.669,-0.604,0.278,0.253,0.361,-0.389,-0.103,0.33,-0.312,-0.496,-0.573,0.324,0.666,-0.656,-0.722,0.402,0.11,0.728,-0.542,-0.665,0.105,-0.015,-0.585,0.579,-0.535,-0.36,-0.531,-0.2,-0.265,-0.435,-0.565,0.237,-0.842,0.469,-0.534,0.303,0.0,-0.412,-0.62,-0.785,0.033,-0.329,-0.125,-0.193,-0.472,0.247,0.188,-0.719,-0.653,-0.818,0.72,-0.065,0.26,-0.743,-0.042,-0.41,-0.14,0.702,-0.566,0.203,-0.763,-0.525,0.447,0.65,0.056,0.308,0.713,-0.004,0.082,-0.728,-0.722,-0.582,0.52,-0.039,-0.692,-0.113,-0.125,0.448,0.386,-0.623,-0.588,-0.529,0.116,-0.526,-0.169,-0.665,0.164,0.21,0.735,-0.733,0.583,-0.462,-0.089,0.157,-0.032,-0.275,-0.467,-0.721,-0.379,0.391,-0.058,-0.161,0.484,0.298,-0.041,-0.74,-0.761,-0.091,-0.655,-0.677,-0.068,-0.737,-0.694,0.753,-0.507,-0.424,-0.2,-0.58,-0.261,0.622,0.364,-0.558,-0.524,-0.391,-0.337,-0.354,-0.791,-0.356,0.648,-0.348,0.285,-0.098,0.595,0.668,-0.132,-0.57,0.292,-0.281,0.439,-0.504,-0.026,0.729,0.474,0.605,0.61,0.377,-0.537,0.53
JAZZ,-0.105,-0.636,-0.0,-0.345,0.613,-0.335,-0.793,0.819,0.936,-0.628,-0.559,-0.119,-0.585,-0.758,-0.461,-0.414,0.804,-0.383,-0.188,-0.821,-0.61,0.703,-0.573,0.418,0.096,-0.758,0.802,-0.274,0.5,-0.829,-0.623,-0.231,-0.566,0.679,-0.453,-0.448,-0.709,-0.631,0.082,0.123,-0.239,0.847,-0.454,0.811,0.695,0.029,-0.665,-0.814,0.119,-0.797,0.778,0.227,0.12,0.79,-0.73,-0.6,-0.338,-0.278,0.161,-0.537,-0.441,-0.019,0.888,-0.139,-0.664,0.49,0.721,-0.682,-0.183,-0.358,0.906,0.597,-0.618,-0.182,0.876,-0.596,0.847,-0.267,0.534,-0.143,0.013,0.801,0.287,0.361,0.588,-0.707,0.215,-0.676,-0.412,0.0,0.555,0.731,-0.321,-0.303,-0.358,-0.32,0.854,-0.77,-0.658,0.596,0.143,0.678,-0.777,-0.104,-0.544,0.717,-0.39,0.503,-0.326,-0.794,0.134,-0.645,0.614,0.434,-0.133,-0.588,-0.601,-0.683,-0.833,-0.56,-0.445,0.332,0.508,0.748,-0.668,-0.663,0.866,-0.454,0.04,-0.568,-0.677,0.784,0.838,0.281,-0.445,0.204,-0.097,0.881,-0.434,-0.754,-0.36,0.291,-0.805,-0.164,-0.154,-0.418,-0.379,-0.201,0.516,0.096,0.474,-0.731,-0.402,-0.309,-0.681,-0.703,-0.587,0.495,0.253,-0.266,0.841,0.595,-0.625,0.777,0.485,-0.703,0.59,0.07,-0.314,0.601,0.356,-0.661,-0.769,0.143,-0.167,0.132,-0.103,-0.025,0.525,-0.319,-0.725,-0.147,-0.668,-0.34,-0.761,-0.232,-0.389,0.842,-0.692,-0.392,-0.62,-0.08,-0.615,-0.762,-0.646,-0.11,-0.67,0.359,0.832,-0.626
JKHY,0.26,-0.32,0.521,-0.054,0.713,0.087,-0.331,0.728,0.564,-0.453,-0.382,0.393,-0.775,-0.739,-0.222,0.106,0.871,0.097,0.054,-0.616,0.013,0.408,-0.341,0.5,0.115,-0.644,0.73,0.235,0.677,-0.519,-0.233,0.071,-0.264,0.66,0.201,0.016,-0.093,-0.227,0.217,0.627,-0.113,0.792,-0.606,0.714,0.776,0.622,-0.766,-0.612,0.592,-0.616,0.758,0.534,0.468,0.792,-0.318,-0.301,-0.204,0.317,0.192,-0.485,0.281,0.419,0.743,-0.257,-0.631,0.477,0.819,-0.4,-0.109,-0.404,0.617,0.821,-0.204,0.041,0.663,-0.776,0.793,0.332,0.829,-0.019,0.456,0.723,0.684,-0.059,0.843,-0.592,0.542,-0.473,-0.62,0.555,0.0,0.767,-0.123,0.207,-0.164,0.158,0.621,-0.426,-0.342,0.857,0.664,0.736,-0.641,0.065,-0.474,0.833,-0.07,0.728,0.137,-0.661,0.5,-0.273,0.852,0.814,-0.146,-0.701,-0.334,-0.482,-0.725,-0.037,-0.172,0.643,0.73,0.687,-0.456,-0.16,0.681,0.031,0.531,-0.4,-0.437,0.734,0.818,0.489,-0.25,0.466,0.178,0.732,-0.265,-0.206,-0.601,0.668,-0.586,0.493,0.231,-0.407,0.105,0.274,0.565,0.684,0.477,-0.366,0.252,0.063,-0.577,-0.346,-0.237,0.824,0.78,0.23,0.748,0.909,-0.083,0.754,0.802,-0.703,0.595,0.189,0.238,0.779,0.226,-0.449,-0.46,0.772,0.31,0.516,0.33,0.262,0.819,0.404,-0.456,0.281,-0.221,0.066,-0.548,-0.354,0.067,0.758,-0.49,0.135,-0.669,0.467,-0.049,-0.731,-0.658,-0.452,-0.716,-0.13,0.673,-0.571
JRVR,0.276,-0.395,0.532,0.069,0.729,-0.006,-0.56,0.828,0.826,-0.554,-0.479,0.433,-0.913,-0.76,-0.353,-0.072,0.869,-0.033,0.12,-0.689,-0.147,0.476,-0.403,0.424,0.118,-0.769,0.828,0.056,0.846,-0.554,-0.369,0.147,-0.337,0.589,-0.008,0.084,-0.206,-0.222,0.344,0.666,-0.136,0.906,-0.589,0.758,0.892,0.405,-0.801,-0.673,0.584,-0.801,0.865,0.569,0.56,0.803,-0.397,-0.447,-0.358,0.31,0.099,-0.494,0.01,0.463,0.823,-0.208,-0.616,0.632,0.903,-0.47,-0.041,-0.495,0.84,0.83,-0.245,0.02,0.847,-0.67,0.831,0.317,0.706,0.109,0.273,0.697,0.64,0.053,0.918,-0.582,0.469,-0.495,-0.785,0.731,0.767,0.0,-0.064,0.12,-0.09,0.079,0.738,-0.456,-0.374,0.868,0.655,0.843,-0.823,0.054,-0.439,0.864,-0.037,0.557,0.178,-0.838,0.497,-0.351,0.88,0.662,-0.425,-0.676,-0.27,-0.439,-0.825,-0.153,-0.139,0.784,0.824,0.813,-0.654,-0.169,0.898,-0.041,0.343,-0.49,-0.529,0.813,0.854,0.663,-0.173,0.588,0.173,0.874,-0.254,-0.406,-0.723,0.67,-0.651,0.37,0.16,-0.293,-0.036,0.31,0.732,0.59,0.423,-0.534,0.019,0.094,-0.516,-0.474,-0.178,0.805,0.725,0.119,0.868,0.858,-0.096,0.835,0.823,-0.781,0.677,0.386,0.119,0.708,0.372,-0.681,-0.551,0.465,0.401,0.458,0.291,0.407,0.889,0.235,-0.675,0.199,-0.311,0.002,-0.575,-0.484,0.005,0.777,-0.455,0.087,-0.602,0.459,-0.126,-0.857,-0.665,-0.387,-0.71,-0.138,0.79,-0.724
KIDS,0.722,0.814,0.572,0.786,0.135,0.597,0.477,-0.097,-0.309,0.715,0.786,0.685,0.064,0.585,0.534,0.723,-0.339,0.861,0.766,0.603,0.774,0.23,0.175,-0.493,0.709,0.537,-0.483,0.488,0.127,0.594,0.821,0.85,0.818,-0.559,0.586,0.351,0.653,0.769,0.363,0.193,0.876,-0.287,0.492,-0.509,-0.011,0.528,0.499,0.651,0.588,0.506,-0.317,0.552,0.622,-0.422,0.755,0.767,0.684,0.69,0.417,0.713,0.49,0.635,-0.408,0.373,0.333,0.385,-0.008,0.779,0.669,0.148,-0.067,0.025,0.875,0.707,-0.456,0.486,-0.062,0.425,0.179,0.834,0.726,-0.598,0.535,0.01,0.086,0.595,0.576,0.819,0.033,-0.321,-0.123,-0.064,0.0,0.764,0.815,0.865,-0.482,0.745,0.872,-0.308,0.236,0.046,0.385,0.586,0.835,-0.417,0.86,0.128,0.648,0.511,0.521,0.868,0.031,-0.056,-0.09,-0.0,0.813,0.669,0.479,0.83,0.853,-0.091,0.304,0.085,0.557,0.659,-0.11,0.888,0.401,0.792,0.814,-0.516,-0.385,0.43,0.852,0.689,0.791,-0.415,0.919,0.757,-0.014,0.448,0.608,0.545,0.561,0.858,0.714,0.734,-0.136,0.179,-0.012,0.722,0.52,0.836,0.252,0.769,0.683,-0.281,0.311,0.589,-0.415,-0.054,0.708,-0.064,0.242,0.423,-0.252,0.587,0.832,0.066,0.371,0.173,0.764,-0.143,0.677,0.159,0.678,0.143,-0.036,0.581,0.453,0.764,0.708,0.897,0.313,0.459,0.669,-0.489,0.797,0.832,0.689,0.397,0.727,0.457,0.654,0.386,0.263,-0.469,-0.527,0.407
LBRDK,0.616,0.722,0.753,0.877,0.134,0.546,0.495,0.069,-0.277,0.46,0.578,0.83,-0.263,0.386,0.467,0.891,-0.104,0.793,0.693,0.35,0.815,0.151,0.071,-0.378,0.691,0.253,-0.32,0.443,0.442,0.44,0.674,0.803,0.696,-0.442,0.644,0.382,0.731,0.715,0.131,0.442,0.67,-0.123,0.186,-0.353,0.112,0.746,0.194,0.408,0.751,0.257,-0.187,0.608,0.806,-0.248,0.59,0.702,0.548,0.821,0.481,0.613,0.751,0.768,-0.235,0.128,0.022,0.541,0.167,0.558,0.546,-0.159,-0.023,0.169,0.831,0.753,-0.362,0.22,-0.021,0.548,0.335,0.772,0.785,-0.438,0.67,-0.187,0.37,0.448,0.735,0.667,-0.329,-0.303,0.207,0.12,0.764,0.0,0.779,0.866,-0.459,0.637,0.765,-0.028,0.436,0.261,0.197,0.508,0.642,-0.104,0.847,0.383,0.586,0.26,0.614,0.764,0.254,0.174,-0.215,-0.348,0.752,0.427,0.215,0.854,0.653,0.15,0.463,0.111,0.311,0.656,-0.021,0.891,0.43,0.537,0.653,-0.34,-0.219,0.557,0.704,0.756,0.755,-0.263,0.78,0.723,-0.283,0.755,0.328,0.71,0.507,0.708,0.778,0.75,-0.117,0.51,0.2,0.587,0.506,0.748,-0.007,0.744,0.717,0.012,0.588,0.595,-0.245,0.208,0.706,0.128,0.405,0.17,-0.222,0.627,0.833,0.182,0.239,-0.052,0.63,0.273,0.845,0.234,0.749,0.132,0.197,0.727,0.305,0.871,0.592,0.855,0.043,0.189,0.703,-0.32,0.611,0.943,0.448,0.531,0.713,0.185,0.456,-0.015,-0.001,-0.687,-0.416,0.364
LGND,0.484,0.878,0.576,0.799,-0.034,0.549,0.469,-0.127,-0.32,0.554,0.79,0.644,0.012,0.605,0.451,0.818,-0.366,0.804,0.839,0.471,0.716,0.02,-0.006,-0.694,0.677,0.4,-0.464,0.503,0.225,0.596,0.637,0.722,0.901,-0.667,0.482,0.189,0.61,0.642,0.049,0.205,0.677,-0.309,0.458,-0.627,-0.08,0.455,0.503,0.529,0.563,0.443,-0.327,0.498,0.634,-0.451,0.606,0.824,0.691,0.608,0.528,0.747,0.591,0.55,-0.407,0.07,0.138,0.494,-0.103,0.681,0.546,-0.071,-0.159,-0.073,0.792,0.661,-0.472,0.456,-0.184,0.288,0.034,0.803,0.655,-0.628,0.431,-0.272,0.126,0.547,0.496,0.781,-0.125,-0.358,-0.164,-0.09,0.815,0.779,0.0,0.803,-0.523,0.677,0.818,-0.339,0.16,0.148,0.4,0.69,0.825,-0.372,0.699,0.014,0.405,0.456,0.597,0.783,-0.005,-0.099,-0.035,-0.027,0.769,0.519,0.391,0.749,0.678,-0.062,0.243,-0.079,0.502,0.621,-0.165,0.84,0.098,0.695,0.774,-0.501,-0.455,0.286,0.717,0.618,0.709,-0.401,0.834,0.735,-0.108,0.492,0.46,0.502,0.391,0.823,0.78,0.544,-0.267,0.305,0.089,0.72,0.469,0.698,0.126,0.737,0.634,-0.253,0.321,0.605,-0.396,-0.104,0.628,-0.002,0.162,0.34,-0.343,0.587,0.72,0.089,0.419,0.059,0.752,-0.14,0.669,0.01,0.54,-0.003,-0.104,0.539,0.369,0.736,0.561,0.804,0.083,0.241,0.731,-0.51,0.724,0.824,0.636,0.28,0.646,0.434,0.683,0.111,0.159,-0.558,-0.558,0.48
LMAT,0.806,0.769,0.788,0.753,0.299,0.722,0.441,0.007,-0.278,0.623,0.695,0.852,-0.159,0.408,0.456,0.852,-0.138,0.911,0.83,0.469,0.842,0.138,0.091,-0.377,0.689,0.371,-0.295,0.719,0.325,0.561,0.797,0.833,0.797,-0.411,0.771,0.45,0.757,0.763,0.364,0.46,0.805,-0.118,0.31,-0.376,0.146,0.746,0.283,0.517,0.791,0.372,-0.123,0.669,0.791,-0.206,0.738,0.718,0.597,0.847,0.435,0.536,0.75,0.814,-0.286,0.288,0.174,0.457,0.174,0.693,0.582,-0.022,-0.048,0.262,0.86,0.677,-0.345,0.199,0.069,0.615,0.382,0.789,0.857,-0.422,0.704,-0.108,0.32,0.421,0.726,0.72,-0.193,-0.32,0.158,0.079,0.865,0.866,0.803,0.0,-0.359,0.709,0.803,-0.046,0.488,0.238,0.271,0.686,0.704,-0.189,0.838,0.262,0.712,0.354,0.75,0.833,0.285,0.19,-0.101,-0.159,0.745,0.595,0.322,0.879,0.83,0.125,0.49,0.156,0.456,0.724,-0.032,0.949,0.548,0.67,0.696,-0.319,-0.204,0.501,0.79,0.762,0.81,-0.264,0.828,0.784,-0.193,0.647,0.486,0.79,0.703,0.718,0.813,0.824,0.008,0.491,0.09,0.716,0.709,0.894,0.157,0.684,0.678,0.031,0.597,0.687,-0.253,0.189,0.775,0.108,0.474,0.214,-0.086,0.669,0.961,0.295,0.389,0.097,0.704,0.188,0.818,0.417,0.837,0.3,0.205,0.798,0.35,0.913,0.67,0.96,0.199,0.272,0.731,-0.3,0.712,0.935,0.506,0.603,0.795,0.27,0.458,0.152,0.096,-0.575,-0.38,0.264
LPLA,-0.059,-0.748,0.073,-0.54,0.699,-0.241,-0.838,0.722,0.874,-0.67,-0.663,-0.092,-0.621,-0.885,-0.631,-0.541,0.86,-0.403,-0.208,-0.817,-0.612,0.382,-0.486,0.554,-0.195,-0.805,0.95,-0.063,0.446,-0.756,-0.662,-0.324,-0.656,0.794,-0.296,-0.227,-0.606,-0.619,0.228,0.353,-0.405,0.909,-0.595,0.88,0.769,0.007,-0.813,-0.827,0.114,-0.826,0.934,0.162,0.057,0.937,-0.659,-0.777,-0.562,-0.219,-0.12,-0.833,-0.333,0.009,0.904,-0.2,-0.575,0.258,0.744,-0.702,-0.308,-0.315,0.755,0.733,-0.703,-0.39,0.959,-0.788,0.83,-0.064,0.535,-0.325,-0.105,0.915,0.255,0.238,0.6,-0.823,0.114,-0.806,-0.472,0.854,0.621,0.738,-0.482,-0.459,-0.523,-0.359,0.0,-0.755,-0.768,0.785,0.363,0.658,-0.808,-0.106,-0.724,0.83,-0.525,0.342,-0.199,-0.847,0.2,-0.713,0.685,0.552,-0.09,-0.404,-0.695,-0.631,-0.839,-0.612,-0.438,0.53,0.526,0.724,-0.681,-0.536,0.832,-0.52,0.106,-0.678,-0.832,0.953,0.925,0.196,-0.547,0.078,-0.272,0.95,-0.645,-0.765,-0.337,0.158,-0.754,-0.019,-0.012,-0.656,-0.459,-0.18,0.746,0.256,0.282,-0.758,-0.192,-0.291,-0.482,-0.873,-0.596,0.75,0.358,-0.244,0.925,0.64,-0.516,0.737,0.554,-0.831,0.833,0.043,-0.296,0.643,0.263,-0.509,-0.828,0.339,-0.184,0.341,-0.074,0.287,0.669,-0.169,-0.755,-0.213,-0.627,-0.412,-0.593,-0.462,-0.403,0.947,-0.755,-0.457,-0.773,0.095,-0.533,-0.826,-0.841,-0.244,-0.631,0.362,0.977,-0.86
LULU,0.59,0.796,0.38,0.686,-0.21,0.534,0.648,-0.468,-0.731,0.873,0.78,0.527,0.37,0.826,0.51,0.607,-0.706,0.696,0.605,0.848,0.784,-0.281,0.499,-0.502,0.339,0.769,-0.74,0.438,-0.166,0.866,0.892,0.651,0.757,-0.781,0.666,0.61,0.882,0.936,0.219,0.111,0.714,-0.664,0.513,-0.737,-0.332,0.274,0.665,0.917,0.283,0.73,-0.627,0.099,0.36,-0.689,0.946,0.733,0.521,0.612,0.05,0.687,0.502,0.446,-0.765,0.431,0.69,-0.108,-0.386,0.866,0.601,0.293,-0.571,-0.299,0.913,0.527,-0.771,0.667,-0.549,0.516,-0.25,0.626,0.398,-0.849,0.136,-0.072,-0.277,0.8,0.232,0.915,0.247,-0.77,-0.426,-0.456,0.745,0.637,0.677,0.709,-0.755,0.0,0.933,-0.518,0.15,-0.374,0.639,0.418,0.844,-0.635,0.807,-0.238,0.666,0.758,0.264,0.936,-0.338,-0.397,-0.121,0.363,0.919,0.904,0.774,0.859,0.858,-0.173,-0.069,-0.398,0.662,0.895,-0.54,0.792,0.175,0.772,0.828,-0.747,-0.717,0.194,0.866,0.3,0.443,-0.753,0.836,0.856,0.23,0.086,0.881,0.463,0.498,0.814,0.57,0.625,-0.272,-0.003,-0.357,0.835,0.47,0.754,0.684,0.835,0.887,-0.417,0.058,0.395,-0.748,-0.445,0.859,-0.526,-0.091,0.627,-0.381,0.358,0.69,-0.38,-0.044,0.425,0.903,-0.164,0.524,0.085,0.568,0.252,-0.306,0.547,0.668,0.586,0.87,0.761,0.646,0.413,0.601,-0.774,0.931,0.757,0.843,0.387,0.791,0.699,0.792,0.347,0.622,-0.541,-0.767,0.546
MASI,0.598,0.897,0.447,0.807,-0.173,0.597,0.673,-0.371,-0.628,0.844,0.853,0.581,0.29,0.831,0.61,0.754,-0.626,0.806,0.662,0.786,0.825,-0.072,0.373,-0.573,0.572,0.731,-0.744,0.458,-0.065,0.815,0.902,0.784,0.862,-0.773,0.636,0.466,0.817,0.909,0.194,0.083,0.813,-0.604,0.601,-0.753,-0.295,0.413,0.688,0.861,0.389,0.701,-0.608,0.268,0.46,-0.693,0.884,0.871,0.675,0.65,0.295,0.826,0.543,0.5,-0.701,0.402,0.537,0.124,-0.304,0.876,0.636,0.224,-0.447,-0.253,0.961,0.676,-0.751,0.673,-0.442,0.44,-0.111,0.77,0.565,-0.844,0.285,-0.081,-0.171,0.804,0.392,0.967,0.188,-0.658,-0.342,-0.374,0.872,0.765,0.818,0.803,-0.768,0.933,0.0,-0.532,0.106,-0.234,0.618,0.49,0.929,-0.623,0.883,-0.069,0.616,0.729,0.353,0.96,-0.259,-0.301,-0.084,0.197,0.944,0.832,0.71,0.91,0.844,-0.212,0.017,-0.272,0.661,0.815,-0.45,0.892,0.243,0.858,0.927,-0.766,-0.684,0.285,0.912,0.455,0.665,-0.712,0.931,0.895,0.142,0.261,0.802,0.462,0.478,0.909,0.712,0.657,-0.356,0.049,-0.203,0.87,0.483,0.789,0.474,0.916,0.843,-0.465,0.118,0.514,-0.702,-0.336,0.81,-0.379,-0.025,0.627,-0.473,0.439,0.772,-0.244,0.105,0.332,0.937,-0.174,0.613,0.036,0.591,0.088,-0.299,0.547,0.646,0.685,0.837,0.863,0.506,0.494,0.704,-0.76,0.946,0.845,0.861,0.34,0.771,0.682,0.839,0.372,0.467,-0.527,-0.788,0.63
MAT,0.186,-0.531,0.451,-0.178,0.691,-0.012,-0.509,0.723,0.684,-0.615,-0.615,0.324,-0.847,-0.875,-0.41,-0.171,0.912,-0.152,-0.055,-0.69,-0.191,0.238,-0.282,0.616,-0.156,-0.76,0.89,0.112,0.699,-0.586,-0.424,-0.077,-0.464,0.75,0.077,0.139,-0.165,-0.313,0.292,0.704,-0.346,0.884,-0.743,0.846,0.834,0.372,-0.901,-0.716,0.466,-0.78,0.89,0.421,0.39,0.902,-0.41,-0.593,-0.495,0.232,-0.094,-0.723,0.103,0.357,0.811,-0.259,-0.578,0.362,0.844,-0.55,-0.207,-0.428,0.656,0.852,-0.377,-0.185,0.829,-0.855,0.758,0.364,0.71,-0.193,0.164,0.825,0.509,-0.017,0.832,-0.695,0.336,-0.659,-0.719,0.596,0.857,0.868,-0.308,-0.028,-0.339,-0.046,0.785,-0.518,-0.532,0.0,0.711,0.707,-0.79,-0.051,-0.675,0.941,-0.222,0.522,0.128,-0.84,0.386,-0.453,0.872,0.789,-0.263,-0.557,-0.461,-0.501,-0.805,-0.227,-0.255,0.801,0.699,0.694,-0.646,-0.191,0.756,-0.183,0.417,-0.643,-0.673,0.904,0.907,0.462,-0.382,0.347,-0.064,0.865,-0.482,-0.415,-0.634,0.516,-0.645,0.377,0.167,-0.579,-0.139,0.207,0.78,0.663,0.336,-0.572,0.151,-0.042,-0.437,-0.588,-0.291,0.952,0.711,0.037,0.87,0.885,-0.133,0.727,0.779,-0.808,0.774,0.202,0.038,0.672,0.149,-0.513,-0.645,0.692,0.256,0.582,0.232,0.495,0.92,0.27,-0.631,0.075,-0.338,-0.146,-0.48,-0.568,-0.12,0.868,-0.601,-0.055,-0.798,0.493,-0.122,-0.873,-0.849,-0.497,-0.644,-0.094,0.851,-0.788
MATW,0.689,-0.003,0.837,0.283,0.712,0.361,-0.174,0.505,0.266,-0.045,-0.076,0.767,-0.707,-0.375,-0.156,0.238,0.514,0.392,0.467,-0.19,0.359,0.076,0.012,0.264,0.113,-0.326,0.475,0.487,0.698,0.002,0.185,0.44,0.055,0.243,0.583,0.604,0.458,0.365,0.551,0.915,0.175,0.543,-0.484,0.392,0.758,0.663,-0.545,-0.126,0.778,-0.355,0.584,0.553,0.741,0.525,0.256,-0.129,-0.192,0.726,-0.112,-0.335,0.465,0.746,0.363,-0.018,-0.167,0.354,0.732,0.02,0.234,-0.302,0.326,0.791,0.24,0.168,0.394,-0.495,0.476,0.822,0.603,0.295,0.519,0.296,0.735,-0.134,0.767,-0.216,0.603,-0.06,-0.653,0.143,0.664,0.655,0.236,0.436,0.16,0.488,0.363,0.15,0.106,0.711,0.0,0.575,-0.45,0.27,-0.11,0.595,0.352,0.418,0.665,-0.382,0.706,0.182,0.747,0.534,-0.451,-0.368,0.187,0.134,-0.379,0.393,0.373,0.814,0.789,0.55,-0.234,0.481,0.508,0.402,0.544,-0.133,-0.153,0.483,0.505,0.701,0.241,0.655,0.263,0.44,0.082,0.145,-0.563,0.66,-0.092,0.818,0.549,-0.034,0.253,0.715,0.704,0.722,0.083,-0.027,0.506,0.569,0.04,-0.082,0.33,0.775,0.889,0.375,0.457,0.659,0.516,0.477,0.854,-0.523,0.649,0.456,0.599,0.537,0.176,-0.301,-0.07,0.637,0.663,0.704,0.692,0.781,0.825,0.746,-0.263,0.546,0.29,0.426,-0.101,-0.364,0.339,0.412,0.007,0.525,-0.27,0.881,0.433,-0.481,-0.349,-0.319,-0.289,-0.527,0.416,-0.578
MBIN,0.233,-0.171,0.618,0.105,0.726,0.166,-0.539,0.75,0.743,-0.454,-0.213,0.461,-0.861,-0.592,-0.385,0.179,0.802,0.182,0.316,-0.689,-0.089,0.484,-0.643,0.111,0.392,-0.717,0.725,0.288,0.79,-0.46,-0.3,0.245,-0.093,0.4,0.03,-0.151,-0.192,-0.213,0.173,0.655,0.031,0.846,-0.394,0.538,0.808,0.523,-0.671,-0.636,0.659,-0.701,0.816,0.615,0.642,0.749,-0.366,-0.203,-0.146,0.296,0.348,-0.319,0.243,0.508,0.775,-0.272,-0.747,0.807,0.832,-0.355,0.015,-0.591,0.753,0.816,-0.167,0.177,0.724,-0.62,0.826,0.174,0.758,0.28,0.446,0.576,0.74,-0.027,0.9,-0.546,0.671,-0.33,-0.818,0.678,0.736,0.843,0.046,0.261,0.148,0.238,0.658,-0.374,-0.234,0.707,0.575,0.0,-0.698,0.282,-0.211,0.746,0.001,0.611,0.037,-0.702,0.714,-0.231,0.85,0.643,-0.213,-0.718,-0.163,-0.438,-0.75,-0.079,-0.07,0.585,0.869,0.812,-0.455,-0.159,0.849,0.11,0.25,-0.29,-0.355,0.711,0.749,0.527,-0.097,0.628,0.337,0.797,-0.11,-0.283,-0.577,0.758,-0.648,0.425,0.234,-0.128,0.119,0.226,0.531,0.669,0.534,-0.376,0.087,0.184,-0.668,-0.362,-0.144,0.72,0.776,0.208,0.783,0.773,-0.109,0.931,0.792,-0.785,0.602,0.517,0.246,0.859,0.569,-0.579,-0.379,0.504,0.408,0.351,0.371,0.205,0.762,0.289,-0.623,0.426,-0.349,0.165,-0.732,-0.417,0.137,0.719,-0.359,0.204,-0.449,0.333,-0.114,-0.701,-0.464,-0.346,-0.729,-0.076,0.666,-0.551
MBIO,0.017,0.682,-0.258,0.268,-0.573,0.31,0.813,-0.732,-0.818,0.738,0.685,-0.074,0.827,0.824,0.673,0.36,-0.827,0.39,0.163,0.866,0.504,-0.404,0.513,-0.548,0.141,0.891,-0.84,0.134,-0.622,0.725,0.644,0.19,0.612,-0.591,0.331,0.084,0.441,0.443,-0.093,-0.478,0.399,-0.861,0.772,-0.828,-0.742,-0.117,0.899,0.816,-0.274,0.941,-0.841,-0.177,-0.283,-0.837,0.615,0.732,0.648,0.06,0.121,0.697,0.24,-0.122,-0.803,0.215,0.69,-0.414,-0.796,0.734,0.289,0.611,-0.777,-0.687,0.556,0.368,-0.874,0.726,-0.736,-0.089,-0.5,0.146,0.061,-0.771,-0.31,-0.163,-0.716,0.799,-0.253,0.705,0.72,-0.777,-0.641,-0.823,0.385,0.197,0.4,0.271,-0.808,0.639,0.618,-0.79,-0.45,-0.698,0.0,0.271,0.637,-0.874,0.327,-0.415,0.106,0.908,-0.178,0.613,-0.734,-0.453,0.449,0.62,0.491,0.545,0.916,0.421,0.41,-0.629,-0.572,-0.673,0.828,0.374,-0.855,0.395,-0.058,0.73,0.794,-0.857,-0.841,-0.42,0.425,-0.221,0.208,-0.892,0.533,0.701,0.586,-0.401,0.812,-0.064,0.147,0.518,0.481,0.027,-0.666,-0.336,-0.293,0.795,0.301,0.213,0.529,0.727,0.376,-0.737,-0.468,0.347,-0.851,-0.657,0.377,-0.754,-0.603,0.887,-0.711,-0.066,0.212,-0.505,-0.094,0.695,0.801,-0.421,-0.024,-0.328,-0.03,-0.286,-0.764,0.063,0.901,0.093,0.584,0.335,0.67,0.577,0.318,-0.85,0.674,0.235,0.709,-0.277,0.425,0.926,0.775,0.425,0.644,-0.017,-0.844,0.795
MCRB,0.524,0.579,0.533,0.413,0.337,0.611,0.227,0.064,-0.105,0.462,0.648,0.561,-0.01,0.277,0.296,0.542,-0.055,0.674,0.786,0.315,0.484,0.085,-0.156,-0.428,0.6,0.269,-0.101,0.547,0.253,0.361,0.516,0.549,0.684,-0.263,0.528,0.082,0.405,0.375,0.287,0.309,0.602,0.01,0.364,-0.262,0.17,0.47,0.28,0.277,0.491,0.322,0.054,0.551,0.524,-0.052,0.45,0.504,0.628,0.463,0.402,0.347,0.554,0.54,-0.041,0.038,0.055,0.434,0.137,0.531,0.515,0.099,0.033,0.237,0.52,0.558,-0.145,0.095,0.128,0.22,0.298,0.564,0.645,-0.205,0.503,-0.066,0.216,0.245,0.477,0.465,-0.065,-0.104,0.065,0.054,0.586,0.508,0.69,0.686,-0.106,0.418,0.49,-0.051,0.27,0.282,0.271,0.0,0.517,-0.124,0.454,0.186,0.328,0.284,0.683,0.561,0.27,0.187,0.206,-0.001,0.423,0.315,0.213,0.503,0.599,-0.0,0.443,0.213,0.413,0.392,0.055,0.584,0.284,0.534,0.488,-0.135,-0.075,0.167,0.489,0.55,0.546,-0.086,0.556,0.48,0.06,0.39,0.303,0.484,0.592,0.506,0.683,0.438,0.121,0.427,0.11,0.549,0.548,0.601,0.073,0.379,0.372,0.049,0.398,0.593,-0.091,0.109,0.391,0.232,0.328,0.132,0.044,0.7,0.631,0.399,0.531,0.197,0.497,0.022,0.47,0.24,0.587,0.172,0.104,0.479,0.278,0.658,0.371,0.665,-0.019,0.25,0.507,-0.116,0.436,0.557,0.331,0.248,0.484,0.271,0.352,0.247,0.073,-0.233,-0.161,0.164
MDB,0.448,0.887,0.295,0.722,-0.22,0.527,0.56,-0.38,-0.55,0.836,0.905,0.418,0.393,0.88,0.522,0.681,-0.67,0.742,0.629,0.724,0.662,0.014,0.194,-0.732,0.663,0.721,-0.76,0.38,-0.178,0.741,0.802,0.703,0.847,-0.828,0.461,0.203,0.615,0.765,0.089,-0.098,0.837,-0.616,0.737,-0.807,-0.369,0.261,0.77,0.807,0.25,0.697,-0.628,0.174,0.35,-0.716,0.756,0.871,0.74,0.441,0.398,0.888,0.407,0.367,-0.672,0.392,0.477,0.179,-0.382,0.845,0.635,0.254,-0.395,-0.35,0.851,0.669,-0.731,0.775,-0.416,0.174,-0.18,0.792,0.497,-0.855,0.189,0.019,-0.277,0.791,0.357,0.964,0.26,-0.544,-0.474,-0.439,0.835,0.642,0.825,0.704,-0.724,0.844,0.929,-0.675,-0.11,-0.211,0.637,0.517,0.0,-0.706,0.776,-0.124,0.404,0.747,0.319,0.882,-0.358,-0.424,0.026,0.214,0.899,0.739,0.718,0.759,0.783,-0.403,-0.053,-0.268,0.693,0.643,-0.42,0.783,0.051,0.894,0.919,-0.789,-0.714,0.147,0.849,0.363,0.645,-0.7,0.925,0.773,0.281,0.157,0.738,0.278,0.398,0.952,0.637,0.45,-0.471,-0.101,-0.121,0.796,0.287,0.691,0.364,0.843,0.748,-0.611,-0.041,0.406,-0.712,-0.464,0.612,-0.346,-0.152,0.644,-0.518,0.43,0.625,-0.231,0.209,0.328,0.903,-0.336,0.455,-0.159,0.474,-0.116,-0.448,0.343,0.615,0.622,0.655,0.788,0.392,0.576,0.598,-0.758,0.903,0.702,0.941,0.095,0.591,0.737,0.926,0.503,0.476,-0.312,-0.784,0.688
MDLZ,0.027,-0.62,0.357,-0.232,0.633,-0.198,-0.652,0.813,0.77,-0.715,-0.668,0.183,-0.86,-0.888,-0.541,-0.266,0.92,-0.281,-0.12,-0.835,-0.352,0.303,-0.415,0.561,-0.162,-0.876,0.913,-0.043,0.705,-0.719,-0.59,-0.18,-0.564,0.707,-0.104,-0.034,-0.32,-0.437,0.131,0.615,-0.436,0.906,-0.803,0.873,0.828,0.267,-0.943,-0.832,0.358,-0.887,0.9,0.293,0.325,0.911,-0.569,-0.668,-0.55,0.058,-0.084,-0.729,-0.048,0.213,0.884,-0.368,-0.704,0.404,0.842,-0.692,-0.271,-0.5,0.717,0.774,-0.509,-0.256,0.884,-0.823,0.76,0.178,0.617,-0.205,0.072,0.854,0.415,0.008,0.812,-0.755,0.292,-0.736,-0.743,0.717,0.833,0.864,-0.417,-0.104,-0.372,-0.189,0.83,-0.635,-0.623,0.941,0.595,0.746,-0.874,-0.124,-0.706,0.0,-0.335,0.503,-0.047,-0.899,0.308,-0.576,0.827,0.685,-0.307,-0.622,-0.519,-0.63,-0.918,-0.352,-0.396,0.77,0.65,0.681,-0.752,-0.324,0.824,-0.319,0.212,-0.736,-0.769,0.93,0.914,0.42,-0.485,0.262,-0.182,0.916,-0.551,-0.576,-0.641,0.483,-0.787,0.232,-0.001,-0.6,-0.268,0.04,0.715,0.551,0.379,-0.707,-0.076,-0.183,-0.553,-0.678,-0.351,0.889,0.621,-0.128,0.899,0.811,-0.297,0.783,0.701,-0.889,0.764,0.113,-0.122,0.63,0.138,-0.64,-0.763,0.649,0.135,0.41,0.098,0.337,0.85,0.115,-0.75,-0.034,-0.498,-0.272,-0.664,-0.602,-0.203,0.898,-0.719,-0.161,-0.819,0.356,-0.306,-0.923,-0.831,-0.535,-0.705,-0.047,0.887,-0.795
MELI,0.777,0.718,0.616,0.85,0.113,0.586,0.501,-0.056,-0.355,0.733,0.655,0.757,-0.025,0.558,0.559,0.712,-0.315,0.762,0.638,0.585,0.778,0.195,0.349,-0.351,0.656,0.511,-0.482,0.363,0.223,0.594,0.853,0.892,0.664,-0.518,0.696,0.568,0.784,0.904,0.381,0.289,0.851,-0.286,0.406,-0.424,0.031,0.581,0.4,0.671,0.578,0.421,-0.338,0.461,0.667,-0.414,0.792,0.681,0.531,0.809,0.309,0.654,0.51,0.732,-0.429,0.524,0.39,0.297,0.059,0.722,0.688,0.153,-0.134,0.072,0.92,0.749,-0.477,0.449,-0.145,0.609,0.195,0.828,0.659,-0.591,0.529,0.142,0.132,0.652,0.618,0.819,-0.042,-0.39,-0.07,-0.037,0.86,0.847,0.699,0.838,-0.525,0.807,0.883,-0.222,0.352,0.001,0.327,0.454,0.776,-0.335,0.0,0.242,0.764,0.432,0.466,0.868,0.055,-0.056,-0.286,-0.091,0.886,0.722,0.449,0.904,0.859,0.032,0.32,0.049,0.412,0.762,-0.131,0.892,0.483,0.692,0.748,-0.505,-0.362,0.611,0.92,0.685,0.737,-0.428,0.89,0.744,-0.042,0.505,0.614,0.573,0.639,0.85,0.678,0.85,-0.089,0.193,-0.104,0.669,0.443,0.873,0.331,0.779,0.842,-0.202,0.352,0.486,-0.416,-0.012,0.804,-0.126,0.282,0.396,-0.244,0.595,0.831,-0.056,0.118,0.103,0.747,-0.02,0.782,0.264,0.786,0.28,0.019,0.597,0.446,0.788,0.774,0.902,0.378,0.463,0.64,-0.484,0.822,0.891,0.687,0.523,0.74,0.365,0.602,0.378,0.256,-0.542,-0.514,0.38
MIRM,0.327,-0.106,0.433,0.153,0.578,0.24,-0.146,0.61,0.471,-0.151,-0.088,0.385,-0.541,-0.426,0.075,0.282,0.672,0.218,0.095,-0.41,0.051,0.697,-0.296,0.252,0.516,-0.329,0.411,0.044,0.553,-0.428,0.042,0.321,-0.073,0.465,0.23,-0.146,-0.043,-0.048,0.212,0.35,0.248,0.589,-0.205,0.498,0.567,0.642,-0.437,-0.389,0.499,-0.387,0.468,0.552,0.481,0.518,-0.188,-0.021,0.16,0.31,0.427,-0.091,0.276,0.478,0.553,0.062,-0.523,0.619,0.695,-0.169,0.202,-0.234,0.563,0.669,0.007,0.388,0.397,-0.448,0.664,0.168,0.833,0.27,0.581,0.462,0.693,0.255,0.634,-0.28,0.705,-0.139,-0.41,0.503,0.728,0.557,0.128,0.383,0.014,0.262,0.342,-0.238,-0.069,0.522,0.418,0.611,-0.415,0.186,-0.124,0.503,0.242,0.0,0.089,-0.419,0.428,-0.028,0.66,0.616,-0.075,-0.717,-0.087,-0.317,-0.475,0.15,0.04,0.239,0.647,0.714,-0.21,-0.179,0.59,0.191,0.553,-0.103,-0.116,0.4,0.597,0.53,0.021,0.561,0.435,0.485,0.059,-0.06,-0.287,0.682,-0.411,0.295,0.261,-0.036,0.246,0.323,0.267,0.445,0.545,-0.197,0.102,0.206,-0.591,-0.066,-0.062,0.437,0.56,0.214,0.485,0.731,-0.097,0.645,0.615,-0.375,0.272,0.321,0.308,0.618,0.257,-0.31,-0.207,0.513,0.331,0.344,0.462,-0.0,0.535,0.219,-0.225,0.48,-0.122,0.282,-0.487,0.103,0.08,0.517,-0.236,0.25,-0.296,0.239,-0.063,-0.448,-0.297,0.038,-0.54,0.016,0.387,-0.211
MLKN,0.865,0.423,0.679,0.575,0.368,0.48,0.304,0.041,-0.239,0.542,0.373,0.764,-0.193,0.223,0.291,0.405,-0.108,0.631,0.58,0.461,0.71,-0.009,0.487,-0.007,0.237,0.311,-0.146,0.466,0.304,0.503,0.694,0.712,0.402,-0.23,0.745,0.853,0.765,0.809,0.669,0.556,0.576,-0.059,0.048,-0.123,0.298,0.543,0.074,0.526,0.627,0.234,-0.02,0.442,0.615,-0.113,0.763,0.312,0.159,0.837,-0.087,0.179,0.412,0.733,-0.243,0.398,0.437,0.047,0.239,0.548,0.502,0.171,-0.077,0.309,0.721,0.438,-0.185,0.116,0.016,0.858,0.235,0.532,0.522,-0.295,0.539,0.024,0.282,0.379,0.437,0.495,-0.14,-0.326,0.137,0.178,0.648,0.586,0.405,0.712,-0.199,0.666,0.616,0.128,0.665,0.037,0.106,0.328,0.404,-0.047,0.764,0.089,0.0,0.226,0.492,0.656,0.248,0.125,-0.375,0.014,0.643,0.669,0.258,0.738,0.772,0.422,0.442,0.143,0.224,0.805,0.011,0.72,0.623,0.422,0.413,-0.157,-0.089,0.654,0.728,0.62,0.464,-0.181,0.571,0.573,-0.213,0.399,0.533,0.767,0.711,0.47,0.469,0.908,0.353,0.321,-0.279,0.483,0.583,0.816,0.519,0.462,0.704,0.18,0.532,0.503,-0.152,0.172,0.858,-0.078,0.494,0.118,0.171,0.471,0.788,0.062,0.033,0.08,0.487,0.191,0.726,0.523,0.743,0.697,0.329,0.774,0.278,0.588,0.78,0.706,0.488,0.134,0.537,-0.229,0.594,0.742,0.34,0.791,0.744,0.113,0.219,0.128,0.188,-0.575,-0.171,-0.076
MNMD,0.141,0.723,-0.158,0.329,-0.5,0.278,0.727,-0.705,-0.87,0.829,0.803,-0.011,0.817,0.905,0.565,0.372,-0.887,0.462,0.283,0.903,0.545,-0.345,0.494,-0.569,0.204,0.942,-0.898,0.188,-0.632,0.757,0.734,0.286,0.684,-0.726,0.326,0.155,0.522,0.567,-0.01,-0.417,0.528,-0.898,0.72,-0.846,-0.726,-0.067,0.9,0.893,-0.206,0.963,-0.856,-0.22,-0.181,-0.862,0.732,0.724,0.651,0.087,0.042,0.735,0.236,-0.085,-0.856,0.301,0.725,-0.375,-0.752,0.81,0.416,0.576,-0.754,-0.683,0.651,0.368,-0.916,0.787,-0.735,-0.02,-0.508,0.28,0.14,-0.851,-0.254,-0.077,-0.721,0.803,-0.165,0.8,0.702,-0.794,-0.661,-0.838,0.511,0.26,0.456,0.354,-0.847,0.758,0.729,-0.84,-0.382,-0.702,0.908,0.284,0.747,-0.899,0.432,-0.419,0.226,0.0,-0.152,0.728,-0.708,-0.59,0.329,0.622,0.63,0.684,0.941,0.543,0.537,-0.649,-0.512,-0.631,0.844,0.506,-0.813,0.455,-0.049,0.812,0.831,-0.914,-0.881,-0.334,0.561,-0.157,0.219,-0.936,0.638,0.73,0.594,-0.352,0.877,0.026,0.18,0.626,0.409,0.125,-0.594,-0.374,-0.33,0.811,0.258,0.328,0.615,0.78,0.522,-0.776,-0.427,0.261,-0.925,-0.726,0.452,-0.75,-0.55,0.876,-0.639,-0.024,0.315,-0.544,-0.126,0.714,0.841,-0.399,-0.009,-0.322,0.096,-0.222,-0.726,0.17,0.857,0.18,0.657,0.423,0.673,0.642,0.371,-0.89,0.753,0.335,0.811,-0.149,0.499,0.973,0.867,0.505,0.767,-0.134,-0.893,0.779
MNRO,0.66,0.403,0.867,0.448,0.652,0.651,-0.036,0.381,0.218,0.18,0.355,0.798,-0.544,-0.083,0.012,0.605,0.352,0.717,0.762,-0.078,0.475,0.221,-0.291,-0.222,0.589,-0.158,0.267,0.724,0.625,0.165,0.336,0.624,0.467,-0.036,0.609,0.233,0.412,0.375,0.402,0.729,0.513,0.411,-0.0,0.04,0.591,0.737,-0.194,-0.009,0.866,-0.126,0.43,0.731,0.825,0.332,0.312,0.32,0.28,0.71,0.401,0.073,0.649,0.812,0.25,-0.021,-0.26,0.651,0.553,0.263,0.375,-0.275,0.295,0.665,0.415,0.485,0.209,-0.251,0.493,0.541,0.637,0.62,0.792,0.07,0.837,-0.142,0.7,-0.047,0.788,0.255,-0.566,0.134,0.5,0.497,0.521,0.614,0.597,0.75,0.2,0.264,0.353,0.386,0.706,0.714,-0.178,0.683,0.319,0.308,0.466,0.428,0.492,-0.152,0.0,0.393,0.637,0.485,-0.139,-0.417,0.376,0.164,-0.192,0.495,0.532,0.471,0.802,0.51,0.112,0.433,0.418,0.658,0.447,0.258,0.211,0.253,0.301,0.562,0.425,0.789,0.653,0.292,0.42,0.353,-0.401,0.757,-0.013,0.798,0.675,0.329,0.585,0.625,0.355,0.737,0.28,0.268,0.576,0.705,-0.175,0.157,0.359,0.498,0.835,0.621,0.305,0.529,0.472,0.576,0.77,-0.335,0.394,0.705,0.757,0.735,0.58,-0.184,0.245,0.411,0.731,0.494,0.745,0.408,0.557,0.718,-0.086,0.814,0.258,0.7,-0.237,-0.103,0.527,0.235,0.246,0.675,0.056,0.598,0.463,-0.199,0.026,-0.12,-0.325,-0.356,0.182,-0.216
MPWR,0.668,0.882,0.479,0.757,-0.088,0.623,0.678,-0.346,-0.642,0.864,0.858,0.642,0.293,0.768,0.614,0.745,-0.574,0.831,0.705,0.803,0.859,-0.085,0.366,-0.521,0.546,0.749,-0.683,0.49,-0.054,0.792,0.95,0.761,0.862,-0.704,0.719,0.483,0.856,0.897,0.256,0.133,0.829,-0.551,0.535,-0.684,-0.238,0.438,0.642,0.851,0.435,0.722,-0.551,0.307,0.493,-0.607,0.92,0.823,0.703,0.674,0.259,0.764,0.599,0.564,-0.662,0.381,0.55,0.111,-0.269,0.922,0.694,0.265,-0.421,-0.176,0.96,0.666,-0.716,0.597,-0.384,0.487,-0.046,0.723,0.622,-0.776,0.327,-0.065,-0.145,0.756,0.412,0.93,0.203,-0.645,-0.273,-0.351,0.868,0.764,0.783,0.833,-0.713,0.936,0.96,-0.453,0.182,-0.231,0.613,0.561,0.882,-0.576,0.868,-0.028,0.656,0.728,0.393,0.0,-0.199,-0.224,0.012,0.219,0.899,0.817,0.717,0.931,0.9,-0.2,0.072,-0.243,0.695,0.83,-0.433,0.89,0.309,0.845,0.893,-0.706,-0.617,0.251,0.884,0.484,0.631,-0.674,0.919,0.913,0.162,0.265,0.813,0.543,0.565,0.86,0.723,0.694,-0.268,0.12,-0.171,0.866,0.563,0.828,0.498,0.888,0.829,-0.373,0.182,0.54,-0.66,-0.27,0.824,-0.347,0.034,0.607,-0.386,0.463,0.809,-0.182,0.13,0.364,0.918,-0.104,0.597,0.133,0.683,0.171,-0.214,0.614,0.669,0.726,0.857,0.877,0.522,0.504,0.683,-0.69,0.91,0.843,0.801,0.396,0.838,0.66,0.782,0.398,0.515,-0.553,-0.733,0.572
MRCY,0.404,-0.265,0.686,0.061,0.824,0.15,-0.477,0.769,0.665,-0.407,-0.294,0.536,-0.879,-0.695,-0.319,0.113,0.856,0.142,0.285,-0.585,0.0,0.457,-0.427,0.381,0.241,-0.663,0.765,0.297,0.803,-0.479,-0.195,0.23,-0.163,0.548,0.186,0.104,-0.054,-0.124,0.346,0.761,0.002,0.859,-0.577,0.697,0.866,0.61,-0.766,-0.594,0.694,-0.677,0.857,0.643,0.664,0.819,-0.241,-0.331,-0.202,0.411,0.156,-0.482,0.276,0.574,0.754,-0.139,-0.627,0.659,0.943,-0.348,0.053,-0.472,0.757,0.911,-0.118,0.075,0.733,-0.747,0.844,0.395,0.847,0.174,0.475,0.674,0.755,0.063,0.916,-0.599,0.641,-0.396,-0.763,0.614,0.852,0.88,0.031,0.254,-0.005,0.285,0.685,-0.338,-0.259,0.872,0.747,0.85,-0.734,0.27,-0.358,0.827,0.055,0.66,0.248,-0.708,0.637,-0.199,0.0,0.778,-0.278,-0.648,-0.208,-0.344,-0.74,0.025,-0.011,0.696,0.883,0.822,-0.52,-0.06,0.831,0.101,0.51,-0.359,-0.411,0.763,0.833,0.601,-0.098,0.623,0.249,0.802,-0.153,-0.247,-0.623,0.758,-0.555,0.542,0.338,-0.248,0.119,0.398,0.739,0.733,0.423,-0.351,0.249,0.227,-0.503,-0.373,-0.108,0.852,0.85,0.181,0.789,0.893,-0.004,0.856,0.91,-0.76,0.701,0.493,0.331,0.811,0.365,-0.529,-0.426,0.647,0.451,0.6,0.495,0.44,0.927,0.419,-0.594,0.41,-0.214,0.191,-0.559,-0.375,0.098,0.773,-0.379,0.231,-0.565,0.571,0.024,-0.757,-0.622,-0.321,-0.648,-0.2,0.715,-0.667
MRSN,0.216,-0.17,0.466,-0.04,0.571,0.248,-0.131,0.522,0.486,-0.393,-0.294,0.369,-0.658,-0.671,-0.051,0.179,0.783,0.163,0.079,-0.455,0.061,0.308,-0.289,0.377,0.108,-0.513,0.641,0.3,0.56,-0.436,-0.177,0.125,-0.149,0.636,0.269,-0.026,-0.081,-0.231,0.199,0.529,-0.126,0.703,-0.409,0.57,0.625,0.529,-0.609,-0.537,0.54,-0.483,0.677,0.648,0.394,0.692,-0.266,-0.189,-0.064,0.327,0.306,-0.4,0.345,0.444,0.624,-0.247,-0.581,0.435,0.675,-0.278,-0.155,-0.246,0.51,0.752,-0.154,0.084,0.568,-0.696,0.7,0.25,0.822,-0.017,0.407,0.658,0.615,-0.06,0.718,-0.491,0.469,-0.409,-0.525,0.434,0.814,0.662,-0.056,0.174,-0.099,0.19,0.552,-0.397,-0.301,0.789,0.534,0.643,-0.453,0.187,-0.424,0.685,-0.056,0.616,0.125,-0.59,0.485,-0.224,0.778,0.0,0.064,-0.552,-0.351,-0.462,-0.562,-0.028,-0.132,0.528,0.618,0.604,-0.326,-0.193,0.545,0.089,0.628,-0.284,-0.298,0.651,0.726,0.342,-0.262,0.419,0.273,0.64,-0.23,-0.103,-0.465,0.57,-0.469,0.412,0.339,-0.38,0.242,0.246,0.47,0.721,0.364,-0.232,0.443,0.078,-0.558,-0.267,-0.288,0.741,0.684,0.337,0.669,0.88,-0.065,0.684,0.688,-0.535,0.435,0.28,0.25,0.734,0.256,-0.278,-0.339,0.635,0.356,0.514,0.292,0.214,0.707,0.347,-0.336,0.258,-0.191,0.107,-0.366,-0.302,0.013,0.666,-0.397,0.108,-0.619,0.336,0.039,-0.611,-0.618,-0.339,-0.659,-0.017,0.58,-0.438
MTVA,-0.28,0.155,-0.364,-0.331,-0.165,0.139,0.247,-0.344,-0.239,0.097,0.226,-0.314,0.484,0.12,0.264,0.032,-0.148,0.055,-0.071,0.172,-0.018,-0.158,-0.089,-0.158,0.029,0.312,-0.143,0.069,-0.469,0.055,0.066,-0.202,0.191,0.104,-0.048,-0.481,-0.203,-0.316,-0.156,-0.393,-0.006,-0.201,0.36,-0.213,-0.362,-0.14,0.327,0.056,-0.286,0.424,-0.173,-0.03,-0.407,-0.115,-0.066,0.195,0.372,-0.356,0.184,0.122,0.119,-0.304,-0.105,-0.183,0.057,-0.144,-0.4,0.188,-0.047,0.304,-0.269,-0.224,-0.118,-0.009,-0.204,0.021,-0.124,-0.444,-0.069,-0.279,-0.018,0.012,-0.175,-0.122,-0.376,0.022,-0.228,0.008,0.447,-0.133,-0.146,-0.425,-0.09,-0.215,-0.035,-0.101,-0.09,-0.121,-0.084,-0.263,-0.451,-0.213,0.449,0.206,0.026,-0.307,-0.286,-0.075,-0.375,0.329,-0.139,0.012,-0.278,0.064,0.0,0.293,-0.265,-0.155,0.311,-0.177,-0.127,-0.526,-0.308,-0.177,0.424,-0.291,-0.332,-0.111,-0.045,0.242,0.18,-0.16,-0.156,-0.669,-0.232,-0.291,-0.018,-0.195,-0.075,0.127,0.443,-0.34,0.1,-0.227,-0.04,-0.12,0.108,-0.394,-0.319,-0.081,0.087,0.227,0.185,-0.221,-0.099,0.064,-0.362,-0.245,-0.307,0.15,-0.153,-0.163,-0.273,-0.131,-0.359,0.3,-0.244,-0.152,-0.12,0.086,0.197,0.471,0.155,-0.122,-0.424,-0.175,-0.23,-0.391,-0.358,-0.188,0.348,-0.14,-0.087,-0.122,0.054,0.271,-0.044,-0.082,-0.034,-0.263,0.004,-0.485,-0.09,0.376,0.112,0.237,0.145,0.389,-0.154,0.314
NAAS,-0.12,0.188,-0.412,-0.168,-0.458,-0.03,0.298,-0.628,-0.588,0.405,0.29,-0.315,0.749,0.507,0.14,-0.239,-0.681,-0.065,-0.069,0.626,0.083,-0.587,0.477,-0.232,-0.375,0.631,-0.511,-0.018,-0.699,0.5,0.246,-0.17,0.194,-0.373,0.006,0.186,0.168,0.18,-0.024,-0.357,-0.004,-0.646,0.383,-0.502,-0.564,-0.473,0.563,0.55,-0.539,0.626,-0.526,-0.493,-0.506,-0.539,0.371,0.114,0.076,-0.243,-0.442,0.155,-0.173,-0.416,-0.602,0.177,0.677,-0.669,-0.659,0.42,0.122,0.549,-0.649,-0.587,0.128,-0.209,-0.507,0.481,-0.657,-0.117,-0.647,-0.226,-0.406,-0.485,-0.589,-0.102,-0.735,0.448,-0.584,0.271,0.65,-0.588,-0.701,-0.676,-0.0,-0.348,-0.027,-0.159,-0.404,0.363,0.197,-0.557,-0.368,-0.718,0.62,-0.001,0.214,-0.622,-0.091,-0.717,0.014,0.622,-0.417,0.219,-0.648,-0.552,0.293,0.0,0.151,0.438,0.685,-0.0,0.16,-0.41,-0.625,-0.594,0.434,0.242,-0.642,-0.094,-0.271,0.31,0.289,-0.498,-0.596,-0.553,0.114,-0.507,-0.326,-0.591,0.041,0.23,0.556,-0.726,0.634,-0.251,-0.053,0.093,-0.037,-0.184,-0.232,-0.47,-0.55,0.357,0.053,-0.056,0.713,0.181,0.14,-0.5,-0.577,-0.091,-0.579,-0.707,0.163,-0.748,-0.61,0.558,-0.291,-0.243,-0.155,-0.6,-0.268,0.583,0.362,-0.445,-0.348,-0.27,-0.247,0.054,-0.565,-0.159,0.493,-0.343,0.325,-0.114,0.652,0.249,-0.003,-0.555,0.326,-0.192,0.386,-0.22,0.178,0.651,0.385,0.359,0.726,0.101,-0.453,0.275
NDAQ,0.587,0.819,0.5,0.827,-0.133,0.519,0.547,-0.277,-0.552,0.787,0.788,0.604,0.181,0.777,0.445,0.666,-0.585,0.735,0.649,0.696,0.762,-0.088,0.352,-0.599,0.539,0.623,-0.663,0.373,0.006,0.749,0.814,0.777,0.755,-0.799,0.601,0.516,0.809,0.929,0.223,0.199,0.77,-0.528,0.494,-0.685,-0.201,0.387,0.569,0.798,0.393,0.571,-0.528,0.2,0.507,-0.623,0.849,0.747,0.54,0.656,0.184,0.753,0.483,0.527,-0.627,0.383,0.499,0.143,-0.217,0.795,0.659,0.202,-0.39,-0.214,0.917,0.656,-0.654,0.675,-0.418,0.488,-0.129,0.805,0.5,-0.813,0.279,-0.035,-0.108,0.786,0.412,0.919,0.056,-0.601,-0.334,-0.27,0.813,0.752,0.769,0.745,-0.695,0.919,0.944,-0.461,0.187,-0.163,0.491,0.423,0.899,-0.519,0.886,-0.087,0.643,0.63,0.376,0.899,-0.208,-0.351,-0.265,0.151,0.0,0.8,0.617,0.871,0.836,-0.098,0.087,-0.221,0.548,0.852,-0.344,0.84,0.163,0.759,0.82,-0.68,-0.623,0.383,0.891,0.461,0.582,-0.63,0.886,0.785,0.08,0.286,0.737,0.484,0.491,0.896,0.612,0.66,-0.267,0.065,-0.213,0.727,0.344,0.791,0.486,0.824,0.944,-0.394,0.162,0.411,-0.634,-0.336,0.815,-0.337,0.022,0.503,-0.356,0.479,0.711,-0.258,0.051,0.247,0.848,-0.117,0.652,-0.007,0.618,0.162,-0.216,0.546,0.54,0.666,0.776,0.819,0.454,0.404,0.654,-0.7,0.888,0.829,0.849,0.404,0.735,0.581,0.809,0.334,0.465,-0.553,-0.694,0.504
NDSN,0.63,0.626,0.285,0.496,-0.133,0.529,0.484,-0.483,-0.628,0.834,0.647,0.414,0.389,0.751,0.453,0.401,-0.683,0.551,0.508,0.809,0.627,-0.254,0.542,-0.29,0.223,0.729,-0.67,0.432,-0.214,0.871,0.823,0.564,0.63,-0.665,0.582,0.682,0.781,0.887,0.365,0.07,0.667,-0.61,0.489,-0.641,-0.296,0.182,0.634,0.896,0.198,0.671,-0.553,0.043,0.252,-0.629,0.912,0.571,0.354,0.525,-0.117,0.514,0.313,0.356,-0.749,0.581,0.78,-0.232,-0.344,0.762,0.518,0.311,-0.54,-0.244,0.785,0.298,-0.672,0.581,-0.507,0.545,-0.29,0.494,0.271,-0.76,0.051,0.041,-0.321,0.681,0.123,0.81,0.308,-0.683,-0.482,-0.439,0.669,0.427,0.519,0.595,-0.631,0.904,0.832,-0.501,0.134,-0.438,0.545,0.315,0.739,-0.63,0.722,-0.317,0.669,0.684,0.164,0.817,-0.344,-0.462,-0.155,0.438,0.8,0.0,0.734,0.743,0.823,-0.148,-0.125,-0.349,0.582,0.835,-0.507,0.662,0.159,0.686,0.701,-0.673,-0.653,0.172,0.839,0.215,0.345,-0.683,0.712,0.719,0.241,-0.06,0.871,0.35,0.429,0.708,0.383,0.595,-0.158,-0.141,-0.517,0.765,0.418,0.721,0.799,0.657,0.756,-0.405,-0.039,0.28,-0.676,-0.467,0.803,-0.542,-0.092,0.586,-0.266,0.235,0.613,-0.39,-0.096,0.392,0.792,-0.285,0.395,0.23,0.494,0.392,-0.286,0.408,0.544,0.438,0.829,0.649,0.72,0.402,0.489,-0.701,0.895,0.611,0.787,0.419,0.686,0.628,0.673,0.433,0.617,-0.427,-0.66,0.381
NEGG,0.159,0.694,-0.189,0.323,-0.548,0.351,0.752,-0.774,-0.867,0.822,0.716,0.006,0.823,0.891,0.613,0.333,-0.895,0.411,0.197,0.943,0.528,-0.398,0.555,-0.506,0.135,0.963,-0.89,0.182,-0.651,0.804,0.741,0.277,0.622,-0.686,0.366,0.257,0.545,0.598,0.021,-0.414,0.497,-0.896,0.756,-0.845,-0.734,-0.132,0.9,0.92,-0.237,0.95,-0.863,-0.225,-0.21,-0.866,0.748,0.683,0.577,0.126,0.015,0.704,0.215,-0.044,-0.895,0.396,0.808,-0.448,-0.787,0.832,0.4,0.606,-0.779,-0.67,0.649,0.33,-0.909,0.802,-0.766,0.042,-0.52,0.236,0.054,-0.857,-0.308,-0.032,-0.743,0.832,-0.2,0.791,0.713,-0.833,-0.725,-0.825,0.479,0.215,0.391,0.322,-0.839,0.774,0.71,-0.805,-0.379,-0.75,0.916,0.213,0.718,-0.918,0.449,-0.475,0.258,0.941,-0.192,0.717,-0.74,-0.562,0.311,0.685,0.617,0.734,0.0,0.517,0.561,-0.62,-0.554,-0.672,0.802,0.52,-0.852,0.441,-0.013,0.782,0.813,-0.9,-0.883,-0.327,0.565,-0.18,0.212,-0.937,0.605,0.731,0.618,-0.411,0.923,-0.013,0.225,0.601,0.392,0.151,-0.577,-0.382,-0.398,0.792,0.287,0.349,0.686,0.748,0.521,-0.755,-0.46,0.235,-0.91,-0.727,0.493,-0.808,-0.568,0.907,-0.651,-0.006,0.286,-0.599,-0.184,0.71,0.849,-0.44,0.026,-0.242,0.104,-0.123,-0.721,0.118,0.857,0.147,0.668,0.399,0.791,0.622,0.315,-0.892,0.788,0.298,0.818,-0.138,0.517,0.941,0.82,0.547,0.807,-0.087,-0.879,0.76
NOVT,0.739,0.813,0.66,0.803,0.04,0.627,0.63,-0.185,-0.532,0.745,0.743,0.754,0.043,0.595,0.561,0.796,-0.376,0.838,0.702,0.651,0.877,-0.005,0.342,-0.373,0.546,0.567,-0.534,0.534,0.148,0.669,0.889,0.809,0.788,-0.581,0.789,0.569,0.901,0.915,0.312,0.329,0.761,-0.385,0.322,-0.514,-0.06,0.61,0.427,0.711,0.604,0.532,-0.396,0.414,0.639,-0.442,0.873,0.745,0.607,0.812,0.27,0.636,0.678,0.697,-0.528,0.345,0.381,0.216,-0.044,0.782,0.627,0.137,-0.302,0.015,0.94,0.654,-0.582,0.414,-0.245,0.651,0.136,0.752,0.72,-0.629,0.478,-0.069,0.081,0.614,0.556,0.831,-0.004,-0.56,-0.037,-0.153,0.83,0.854,0.749,0.879,-0.612,0.859,0.91,-0.227,0.393,-0.079,0.421,0.503,0.759,-0.352,0.904,0.15,0.738,0.543,0.495,0.931,0.025,-0.028,-0.177,-0.0,0.871,0.743,0.517,0.0,0.848,0.022,0.224,-0.119,0.523,0.856,-0.292,0.926,0.46,0.71,0.781,-0.548,-0.44,0.46,0.846,0.592,0.671,-0.522,0.861,0.877,-0.06,0.471,0.673,0.681,0.602,0.763,0.74,0.813,-0.134,0.303,-0.106,0.778,0.63,0.856,0.385,0.827,0.848,-0.16,0.392,0.561,-0.505,-0.035,0.862,-0.187,0.248,0.426,-0.259,0.49,0.89,-0.055,0.058,0.217,0.795,0.12,0.743,0.278,0.775,0.263,0.009,0.746,0.521,0.798,0.835,0.913,0.42,0.394,0.717,-0.537,0.806,0.926,0.636,0.587,0.867,0.451,0.616,0.23,0.33,-0.666,-0.601,0.43
NVDA,0.847,0.72,0.572,0.658,0.18,0.694,0.438,-0.146,-0.398,0.836,0.747,0.716,0.14,0.583,0.465,0.594,-0.392,0.791,0.746,0.677,0.737,0.028,0.334,-0.416,0.531,0.609,-0.454,0.538,0.07,0.703,0.896,0.786,0.722,-0.54,0.786,0.57,0.804,0.879,0.495,0.291,0.861,-0.311,0.454,-0.469,0.014,0.466,0.47,0.748,0.513,0.539,-0.297,0.402,0.579,-0.375,0.896,0.625,0.55,0.721,0.156,0.549,0.498,0.688,-0.472,0.519,0.531,0.147,-0.033,0.83,0.728,0.276,-0.236,0.084,0.86,0.587,-0.469,0.454,-0.156,0.597,0.117,0.734,0.631,-0.585,0.434,0.11,0.007,0.628,0.499,0.807,0.082,-0.445,-0.172,-0.139,0.853,0.653,0.678,0.83,-0.438,0.858,0.844,-0.255,0.373,-0.07,0.41,0.599,0.783,-0.396,0.859,0.04,0.772,0.537,0.532,0.9,-0.011,-0.132,-0.127,0.16,0.836,0.823,0.561,0.848,0.0,-0.002,0.275,0.004,0.587,0.803,-0.191,0.834,0.417,0.726,0.718,-0.468,-0.382,0.404,0.882,0.581,0.606,-0.445,0.843,0.761,0.1,0.292,0.74,0.591,0.737,0.785,0.616,0.788,0.0,0.171,-0.205,0.714,0.558,0.931,0.529,0.665,0.797,-0.18,0.298,0.506,-0.44,-0.127,0.816,-0.195,0.243,0.42,-0.087,0.555,0.823,-0.015,0.229,0.273,0.77,-0.076,0.643,0.351,0.802,0.425,-0.011,0.615,0.496,0.746,0.779,0.88,0.482,0.445,0.594,-0.471,0.833,0.789,0.711,0.524,0.781,0.467,0.615,0.472,0.449,-0.458,-0.474,0.281
NWE,0.365,-0.3,0.597,0.117,0.57,0.061,-0.357,0.6,0.491,-0.387,-0.444,0.505,-0.796,-0.584,-0.304,-0.057,0.61,0.009,0.183,-0.444,0.076,0.008,-0.035,0.398,-0.179,-0.608,0.65,0.191,0.73,-0.214,-0.226,0.141,-0.263,0.397,0.245,0.484,0.161,0.049,0.368,0.817,-0.217,0.647,-0.641,0.561,0.781,0.397,-0.702,-0.393,0.554,-0.617,0.683,0.426,0.516,0.602,-0.096,-0.396,-0.5,0.466,-0.22,-0.518,0.143,0.454,0.541,-0.229,-0.31,0.283,0.713,-0.336,-0.067,-0.418,0.417,0.684,-0.082,-0.1,0.611,-0.577,0.477,0.627,0.437,0.018,0.159,0.485,0.486,-0.226,0.787,-0.374,0.273,-0.379,-0.728,0.332,0.643,0.784,-0.091,0.15,-0.062,0.125,0.53,-0.173,-0.212,0.801,0.814,0.585,-0.629,-0.0,-0.403,0.77,0.032,0.239,0.422,-0.649,0.471,-0.2,0.696,0.528,-0.526,-0.41,-0.098,-0.148,-0.62,0.022,-0.002,0.0,0.666,0.485,-0.529,0.205,0.585,0.07,0.294,-0.477,-0.445,0.664,0.612,0.624,-0.068,0.458,-0.008,0.624,-0.244,-0.178,-0.751,0.511,-0.366,0.526,0.235,-0.293,-0.007,0.442,0.713,0.622,0.041,-0.324,0.228,0.189,-0.084,-0.35,0.067,0.82,0.727,0.198,0.648,0.665,0.26,0.504,0.729,-0.675,0.677,0.237,0.212,0.455,0.122,-0.519,-0.371,0.499,0.508,0.543,0.297,0.704,0.808,0.434,-0.499,0.144,0.007,0.034,-0.26,-0.618,0.159,0.534,-0.267,0.213,-0.513,0.699,0.131,-0.708,-0.573,-0.567,-0.474,-0.435,0.608,-0.717
NWSA,0.596,-0.024,0.799,0.304,0.86,0.323,-0.359,0.72,0.57,-0.154,-0.041,0.728,-0.806,-0.462,-0.183,0.275,0.695,0.392,0.508,-0.402,0.201,0.472,-0.337,0.143,0.468,-0.477,0.608,0.379,0.828,-0.238,0.054,0.508,0.057,0.33,0.34,0.216,0.142,0.122,0.491,0.797,0.302,0.753,-0.33,0.5,0.866,0.696,-0.574,-0.351,0.816,-0.5,0.736,0.733,0.809,0.652,-0.006,-0.094,-0.033,0.591,0.241,-0.229,0.377,0.755,0.633,-0.032,-0.445,0.732,0.872,-0.075,0.299,-0.392,0.677,0.878,0.142,0.364,0.582,-0.531,0.77,0.505,0.806,0.438,0.62,0.439,0.899,0.054,0.902,-0.329,0.77,-0.119,-0.722,0.508,0.73,0.824,0.304,0.463,0.243,0.49,0.526,-0.069,0.017,0.699,0.789,0.869,-0.572,0.443,-0.053,0.65,0.32,0.647,0.442,-0.512,0.802,0.072,0.883,0.618,-0.308,-0.625,0.087,-0.125,-0.554,0.224,0.275,0.666,0.0,0.835,-0.296,0.16,0.783,0.353,0.52,-0.086,-0.163,0.585,0.674,0.731,0.216,0.831,0.47,0.648,0.131,-0.036,-0.545,0.824,-0.35,0.681,0.536,0.064,0.289,0.59,0.676,0.722,0.384,-0.153,0.287,0.487,-0.353,-0.146,0.145,0.721,0.894,0.392,0.649,0.778,0.232,0.795,0.918,-0.626,0.644,0.677,0.534,0.8,0.515,-0.44,-0.153,0.513,0.622,0.542,0.667,0.505,0.83,0.556,-0.407,0.62,0.029,0.425,-0.449,-0.237,0.308,0.577,-0.095,0.457,-0.28,0.611,0.196,-0.57,-0.348,-0.173,-0.524,-0.28,0.557,-0.54
NXST,0.355,-0.318,0.459,0.006,0.837,0.12,-0.57,0.784,0.794,-0.33,-0.247,0.362,-0.707,-0.62,-0.279,-0.063,0.814,0.106,0.169,-0.579,-0.164,0.648,-0.412,0.324,0.371,-0.557,0.723,0.12,0.649,-0.521,-0.192,0.281,-0.212,0.573,0.032,-0.076,-0.26,-0.199,0.466,0.518,0.138,0.847,-0.31,0.681,0.811,0.475,-0.626,-0.554,0.503,-0.619,0.813,0.584,0.493,0.753,-0.314,-0.328,-0.138,0.216,0.175,-0.383,0.021,0.434,0.801,0.0,-0.518,0.654,0.888,-0.314,0.155,-0.3,0.811,0.845,-0.191,0.177,0.75,-0.586,0.866,0.162,0.812,0.211,0.388,0.647,0.73,0.267,0.76,-0.488,0.608,-0.36,-0.582,0.748,0.687,0.813,0.085,0.111,-0.079,0.156,0.724,-0.398,-0.272,0.694,0.55,0.812,-0.673,0.213,-0.268,0.681,0.049,0.714,0.143,-0.631,0.51,-0.243,0.822,0.604,-0.177,-0.594,-0.221,-0.349,-0.672,-0.119,0.004,0.485,0.835,0.0,-0.428,-0.241,0.907,0.003,0.439,-0.246,-0.37,0.696,0.813,0.566,-0.049,0.58,0.308,0.783,-0.133,-0.356,-0.391,0.597,-0.524,0.293,0.284,-0.161,-0.004,0.286,0.679,0.446,0.456,-0.424,0.009,0.185,-0.513,-0.404,-0.19,0.617,0.617,0.128,0.758,0.748,-0.167,0.827,0.759,-0.64,0.665,0.462,0.201,0.762,0.506,-0.435,-0.422,0.4,0.279,0.409,0.38,0.289,0.742,0.178,-0.531,0.308,-0.287,0.128,-0.538,-0.17,0.019,0.736,-0.347,0.073,-0.42,0.305,-0.193,-0.634,-0.507,0.008,-0.605,0.113,0.724,-0.612
OCX,0.246,0.747,-0.003,0.272,-0.302,0.54,0.728,-0.603,-0.697,0.756,0.784,0.131,0.643,0.734,0.572,0.502,-0.666,0.602,0.392,0.778,0.604,-0.282,0.34,-0.572,0.297,0.806,-0.719,0.365,-0.488,0.736,0.714,0.325,0.734,-0.543,0.491,0.065,0.525,0.497,0.1,-0.244,0.571,-0.67,0.717,-0.746,-0.539,0.11,0.781,0.764,-0.009,0.88,-0.646,0.053,-0.059,-0.656,0.685,0.752,0.687,0.205,0.168,0.656,0.416,0.08,-0.686,0.254,0.554,-0.202,-0.583,0.764,0.38,0.504,-0.652,-0.417,0.602,0.423,-0.746,0.588,-0.498,0.045,-0.246,0.284,0.308,-0.675,-0.035,-0.186,-0.511,0.7,0.006,0.722,0.52,-0.668,-0.456,-0.654,0.557,0.311,0.502,0.456,-0.681,0.662,0.661,-0.646,-0.234,-0.455,0.828,0.413,0.693,-0.752,0.412,-0.21,0.224,0.844,0.112,0.695,-0.52,-0.326,0.424,0.434,0.548,0.582,0.802,0.523,0.587,-0.529,-0.296,-0.428,0.0,0.442,-0.66,0.544,0.051,0.765,0.785,-0.719,-0.674,-0.302,0.486,0.019,0.372,-0.747,0.599,0.761,0.468,-0.198,0.749,0.164,0.316,0.535,0.527,0.181,-0.554,-0.122,-0.214,0.778,0.437,0.429,0.441,0.694,0.416,-0.56,-0.215,0.512,-0.713,-0.447,0.465,-0.538,-0.355,0.729,-0.504,0.057,0.425,-0.223,0.093,0.68,0.79,-0.282,0.101,-0.153,0.189,-0.155,-0.544,0.26,0.829,0.317,0.599,0.497,0.578,0.543,0.405,-0.701,0.666,0.378,0.669,-0.103,0.559,0.82,0.744,0.422,0.557,-0.085,-0.73,0.634
ODFL,0.688,0.664,0.616,0.665,0.018,0.541,0.489,-0.268,-0.575,0.669,0.6,0.691,0.058,0.574,0.324,0.557,-0.462,0.685,0.661,0.661,0.801,-0.337,0.449,-0.322,0.219,0.511,-0.471,0.55,0.078,0.786,0.766,0.655,0.651,-0.618,0.728,0.79,0.931,0.935,0.354,0.463,0.572,-0.411,0.199,-0.517,-0.029,0.437,0.355,0.742,0.488,0.485,-0.339,0.212,0.528,-0.424,0.901,0.533,0.279,0.767,-0.093,0.423,0.569,0.578,-0.567,0.293,0.54,-0.041,-0.111,0.715,0.537,0.136,-0.448,-0.027,0.844,0.407,-0.521,0.388,-0.376,0.781,-0.096,0.576,0.443,-0.644,0.3,-0.223,0.024,0.599,0.308,0.731,-0.039,-0.663,-0.16,-0.169,0.659,0.656,0.621,0.724,-0.536,0.895,0.815,-0.191,0.481,-0.159,0.374,0.392,0.643,-0.324,0.762,-0.179,0.805,0.506,0.433,0.83,-0.06,-0.193,-0.291,0.242,0.852,0.835,0.52,0.856,0.803,0.205,0.16,-0.241,0.442,0.0,-0.341,0.789,0.264,0.565,0.618,-0.466,-0.474,0.386,0.793,0.431,0.391,-0.505,0.677,0.771,-0.076,0.249,0.724,0.694,0.551,0.626,0.537,0.759,0.021,0.258,-0.389,0.695,0.579,0.794,0.665,0.66,0.887,-0.063,0.351,0.461,-0.486,-0.186,0.954,-0.336,0.185,0.322,-0.082,0.401,0.764,-0.186,-0.057,0.248,0.721,0.088,0.669,0.287,0.661,0.536,0.026,0.735,0.45,0.603,0.873,0.734,0.553,0.132,0.651,-0.543,0.777,0.809,0.592,0.698,0.854,0.414,0.533,0.082,0.445,-0.72,-0.516,0.217
OMAB,0.177,-0.493,0.387,-0.078,0.759,-0.136,-0.752,0.869,0.911,-0.538,-0.443,0.248,-0.814,-0.736,-0.51,-0.215,0.86,-0.122,0.071,-0.771,-0.356,0.628,-0.53,0.349,0.195,-0.772,0.836,-0.045,0.722,-0.692,-0.446,0.074,-0.409,0.573,-0.172,-0.144,-0.406,-0.345,0.288,0.507,-0.09,0.919,-0.529,0.781,0.863,0.288,-0.774,-0.729,0.423,-0.833,0.886,0.419,0.451,0.831,-0.509,-0.517,-0.34,0.079,0.113,-0.512,-0.157,0.31,0.885,-0.148,-0.653,0.645,0.905,-0.531,-0.021,-0.466,0.915,0.797,-0.378,-0.016,0.881,-0.625,0.887,0.075,0.683,0.118,0.213,0.728,0.569,0.252,0.801,-0.639,0.48,-0.529,-0.692,0.866,0.681,0.898,-0.11,-0.021,-0.165,-0.032,0.832,-0.54,-0.45,0.756,0.508,0.849,-0.855,0.055,-0.42,0.824,-0.131,0.59,0.011,-0.813,0.418,-0.433,0.831,0.545,-0.332,-0.642,-0.344,-0.507,-0.852,-0.292,-0.191,0.585,0.783,0.907,-0.66,-0.341,0.0,-0.185,0.204,-0.487,-0.586,0.817,0.867,0.553,-0.229,0.476,0.083,0.907,-0.285,-0.574,-0.513,0.559,-0.71,0.187,0.086,-0.279,-0.204,0.131,0.709,0.385,0.464,-0.643,-0.193,0.003,-0.591,-0.582,-0.273,0.687,0.578,-0.091,0.861,0.726,-0.307,0.879,0.733,-0.804,0.725,0.35,-0.011,0.693,0.434,-0.675,-0.632,0.38,0.188,0.315,0.226,0.251,0.772,0.044,-0.742,0.146,-0.47,-0.07,-0.703,-0.378,-0.141,0.828,-0.528,-0.062,-0.548,0.262,-0.344,-0.809,-0.618,-0.189,-0.681,0.08,0.835,-0.719
OPCH,0.747,0.857,0.719,0.814,0.135,0.733,0.589,-0.134,-0.403,0.682,0.746,0.811,-0.055,0.536,0.56,0.882,-0.282,0.928,0.782,0.569,0.901,0.054,0.213,-0.455,0.654,0.473,-0.446,0.645,0.238,0.675,0.842,0.861,0.835,-0.523,0.779,0.485,0.819,0.846,0.322,0.376,0.802,-0.267,0.402,-0.522,0.027,0.692,0.406,0.638,0.718,0.476,-0.288,0.599,0.712,-0.373,0.802,0.817,0.627,0.853,0.436,0.654,0.728,0.762,-0.433,0.294,0.272,0.356,0.023,0.76,0.582,0.06,-0.204,0.115,0.923,0.726,-0.484,0.348,-0.103,0.615,0.244,0.802,0.792,-0.571,0.613,-0.171,0.206,0.579,0.643,0.817,-0.113,-0.454,0.031,-0.041,0.888,0.891,0.84,0.949,-0.52,0.792,0.892,-0.183,0.402,0.11,0.395,0.584,0.783,-0.319,0.892,0.191,0.72,0.455,0.658,0.89,0.101,0.089,-0.111,-0.094,0.84,0.662,0.441,0.926,0.834,0.07,0.353,0.003,0.544,0.789,-0.185,0.0,0.475,0.743,0.801,-0.465,-0.361,0.477,0.838,0.708,0.817,-0.414,0.874,0.873,-0.138,0.567,0.585,0.736,0.652,0.784,0.837,0.811,-0.15,0.402,-0.024,0.788,0.685,0.886,0.243,0.804,0.754,-0.103,0.489,0.726,-0.383,0.071,0.85,-0.05,0.335,0.34,-0.238,0.584,0.939,0.14,0.277,0.153,0.802,0.098,0.822,0.287,0.759,0.233,0.058,0.763,0.472,0.861,0.776,0.953,0.324,0.309,0.761,-0.465,0.799,0.955,0.611,0.55,0.827,0.381,0.585,0.159,0.15,-0.595,-0.525,0.39
OPRA,0.667,0.195,0.532,0.294,0.525,0.484,0.23,0.28,0.062,0.245,0.143,0.569,-0.294,-0.186,0.377,0.37,0.348,0.487,0.263,0.137,0.452,0.367,0.225,0.287,0.353,0.092,0.161,0.405,0.33,0.034,0.466,0.539,0.173,0.324,0.625,0.411,0.369,0.342,0.558,0.417,0.408,0.27,-0.006,0.257,0.396,0.665,-0.167,0.091,0.583,0.029,0.242,0.63,0.472,0.25,0.338,0.161,0.254,0.626,0.24,-0.012,0.435,0.643,0.15,0.338,0.01,0.218,0.46,0.266,0.296,0.166,0.219,0.56,0.385,0.405,0.093,-0.257,0.413,0.545,0.714,0.304,0.609,0.192,0.661,0.218,0.425,0.022,0.561,0.136,-0.125,0.04,0.531,0.343,0.401,0.43,0.098,0.548,0.106,0.175,0.243,0.417,0.544,0.25,-0.058,0.284,0.051,0.212,0.483,0.553,0.623,-0.049,0.447,0.309,0.51,0.628,-0.045,-0.271,0.163,0.159,-0.013,0.46,0.417,0.294,0.52,0.439,0.051,0.264,0.204,0.475,0.0,0.248,0.193,0.151,0.329,0.539,0.341,0.551,0.553,0.14,0.285,0.355,-0.184,0.505,0.154,0.586,0.698,0.095,0.466,0.676,0.381,0.49,0.119,0.245,0.612,0.518,-0.029,0.226,0.192,0.36,0.56,0.476,0.181,0.586,0.38,0.255,0.615,-0.026,0.201,0.411,0.635,0.427,0.137,0.096,0.181,0.461,0.534,0.611,0.63,0.387,0.464,0.599,0.126,0.508,0.377,0.535,0.177,0.277,0.283,0.186,0.18,0.458,-0.076,0.52,0.435,-0.123,-0.157,0.159,-0.173,-0.15,0.131,-0.106
ORGO,0.435,0.875,0.205,0.564,-0.156,0.55,0.656,-0.445,-0.613,0.848,0.921,0.341,0.503,0.8,0.621,0.614,-0.622,0.782,0.548,0.782,0.682,0.002,0.282,-0.597,0.604,0.796,-0.712,0.441,-0.293,0.726,0.85,0.677,0.823,-0.644,0.509,0.193,0.552,0.681,0.237,-0.158,0.806,-0.6,0.784,-0.757,-0.392,0.253,0.782,0.813,0.198,0.804,-0.591,0.203,0.202,-0.669,0.769,0.861,0.815,0.402,0.386,0.805,0.413,0.329,-0.652,0.384,0.542,0.042,-0.407,0.901,0.604,0.469,-0.435,-0.309,0.807,0.669,-0.714,0.686,-0.369,0.151,-0.1,0.661,0.49,-0.76,0.214,0.033,-0.348,0.754,0.283,0.894,0.448,-0.568,-0.4,-0.49,0.792,0.537,0.695,0.67,-0.678,0.772,0.858,-0.643,-0.133,-0.29,0.73,0.534,0.894,-0.736,0.692,-0.103,0.422,0.812,0.258,0.845,-0.359,-0.284,0.242,0.31,0.759,0.686,0.782,0.71,0.726,-0.477,-0.086,-0.246,0.765,0.565,-0.487,0.743,0.248,0.0,0.927,-0.756,-0.653,0.037,0.776,0.279,0.661,-0.705,0.839,0.8,0.422,0.054,0.787,0.302,0.497,0.809,0.675,0.422,-0.404,-0.089,-0.145,0.844,0.437,0.637,0.392,0.829,0.601,-0.58,-0.067,0.525,-0.685,-0.398,0.574,-0.374,-0.168,0.701,-0.506,0.362,0.64,-0.164,0.171,0.522,0.91,-0.273,0.335,-0.125,0.419,-0.122,-0.457,0.391,0.723,0.54,0.706,0.747,0.532,0.671,0.598,-0.719,0.85,0.603,0.841,0.031,0.583,0.802,0.84,0.578,0.461,-0.148,-0.738,0.672
OTRK,0.396,0.937,0.22,0.698,-0.323,0.55,0.798,-0.497,-0.691,0.831,0.892,0.385,0.49,0.869,0.725,0.736,-0.695,0.757,0.539,0.839,0.784,-0.088,0.348,-0.656,0.569,0.825,-0.824,0.371,-0.263,0.785,0.862,0.664,0.883,-0.735,0.533,0.229,0.66,0.737,0.073,-0.165,0.759,-0.704,0.766,-0.838,-0.484,0.297,0.834,0.857,0.208,0.837,-0.723,0.227,0.241,-0.789,0.791,0.951,0.818,0.462,0.405,0.913,0.491,0.318,-0.744,0.327,0.53,0.061,-0.48,0.895,0.567,0.374,-0.519,-0.42,0.884,0.685,-0.831,0.742,-0.507,0.186,-0.175,0.644,0.491,-0.854,0.154,-0.119,-0.351,0.85,0.254,0.946,0.386,-0.677,-0.437,-0.529,0.814,0.653,0.774,0.696,-0.832,0.828,0.927,-0.673,-0.153,-0.355,0.794,0.488,0.919,-0.769,0.748,-0.116,0.413,0.831,0.211,0.893,-0.411,-0.298,0.18,0.289,0.82,0.701,0.813,0.781,0.718,-0.445,-0.163,-0.37,0.785,0.618,-0.586,0.801,0.193,0.927,0.0,-0.855,-0.76,0.035,0.776,0.301,0.66,-0.8,0.884,0.895,0.308,0.107,0.808,0.283,0.387,0.854,0.762,0.449,-0.555,-0.056,-0.139,0.907,0.457,0.617,0.384,0.947,0.665,-0.633,-0.076,0.555,-0.776,-0.414,0.642,-0.462,-0.226,0.78,-0.66,0.324,0.635,-0.271,0.119,0.466,0.961,-0.294,0.439,-0.152,0.394,-0.162,-0.493,0.388,0.783,0.549,0.748,0.758,0.529,0.616,0.624,-0.827,0.893,0.687,0.857,0.06,0.678,0.817,0.888,0.446,0.498,-0.324,-0.867,0.787
OZK,-0.06,-0.723,0.19,-0.467,0.674,-0.201,-0.753,0.723,0.829,-0.755,-0.72,0.019,-0.749,-0.951,-0.614,-0.434,0.924,-0.381,-0.196,-0.858,-0.516,0.274,-0.465,0.588,-0.244,-0.878,0.987,-0.034,0.567,-0.743,-0.674,-0.316,-0.645,0.815,-0.216,-0.143,-0.495,-0.589,0.185,0.501,-0.489,0.944,-0.724,0.902,0.796,0.105,-0.917,-0.874,0.225,-0.874,0.96,0.231,0.15,0.973,-0.652,-0.766,-0.607,-0.103,-0.137,-0.854,-0.173,0.096,0.916,-0.325,-0.66,0.294,0.785,-0.74,-0.36,-0.425,0.72,0.78,-0.67,-0.381,0.962,-0.879,0.806,0.061,0.581,-0.35,-0.067,0.938,0.314,0.068,0.71,-0.848,0.153,-0.838,-0.623,0.784,0.734,0.813,-0.516,-0.34,-0.501,-0.319,0.953,-0.747,-0.766,0.904,0.483,0.711,-0.857,-0.135,-0.789,0.93,-0.505,0.4,-0.157,-0.914,0.253,-0.706,0.763,0.651,-0.16,-0.498,-0.68,-0.673,-0.9,-0.548,-0.468,0.664,0.585,0.696,-0.719,-0.466,0.817,-0.465,0.151,-0.756,-0.855,0.0,0.959,0.246,-0.587,0.131,-0.263,0.969,-0.678,-0.7,-0.491,0.286,-0.811,0.105,-0.013,-0.716,-0.395,-0.118,0.747,0.446,0.332,-0.762,-0.111,-0.283,-0.523,-0.838,-0.545,0.877,0.493,-0.163,0.962,0.755,-0.429,0.768,0.624,-0.9,0.829,0.05,-0.247,0.677,0.195,-0.539,-0.836,0.509,-0.063,0.402,-0.031,0.34,0.789,-0.035,-0.777,-0.164,-0.605,-0.403,-0.621,-0.601,-0.348,0.97,-0.791,-0.369,-0.868,0.206,-0.436,-0.91,-0.907,-0.448,-0.689,0.205,0.981,-0.878
PAGP,0.063,-0.662,0.249,-0.371,0.765,-0.139,-0.696,0.801,0.854,-0.666,-0.642,0.102,-0.764,-0.938,-0.482,-0.333,0.973,-0.272,-0.158,-0.82,-0.43,0.473,-0.448,0.616,-0.067,-0.816,0.954,-0.032,0.61,-0.769,-0.549,-0.177,-0.587,0.854,-0.143,-0.154,-0.466,-0.528,0.264,0.483,-0.326,0.969,-0.657,0.936,0.838,0.251,-0.891,-0.844,0.315,-0.836,0.947,0.361,0.237,0.974,-0.606,-0.678,-0.469,-0.016,-0.01,-0.762,-0.13,0.2,0.942,-0.206,-0.674,0.403,0.867,-0.666,-0.232,-0.375,0.81,0.848,-0.568,-0.223,0.943,-0.867,0.9,0.082,0.735,-0.237,0.097,0.945,0.462,0.19,0.763,-0.805,0.307,-0.766,-0.588,0.838,0.818,0.854,-0.385,-0.219,-0.455,-0.204,0.925,-0.717,-0.684,0.907,0.505,0.749,-0.841,-0.075,-0.714,0.914,-0.362,0.597,-0.089,-0.881,0.301,-0.617,0.833,0.726,-0.156,-0.596,-0.623,-0.653,-0.883,-0.44,-0.382,0.612,0.674,0.813,-0.674,-0.474,0.867,-0.361,0.329,-0.653,-0.76,0.959,0.0,0.365,-0.481,0.267,-0.097,0.963,-0.556,-0.631,-0.483,0.409,-0.786,0.154,0.08,-0.622,-0.281,0.003,0.743,0.457,0.421,-0.705,-0.072,-0.187,-0.594,-0.738,-0.509,0.844,0.55,-0.087,0.955,0.849,-0.409,0.821,0.708,-0.846,0.79,0.13,-0.128,0.745,0.247,-0.534,-0.779,0.531,0.014,0.442,0.091,0.295,0.819,0.016,-0.718,-0.037,-0.542,-0.273,-0.628,-0.425,-0.293,0.972,-0.736,-0.272,-0.823,0.229,-0.393,-0.892,-0.868,-0.316,-0.722,0.21,0.954,-0.818
PCH,0.669,0.076,0.711,0.587,0.572,0.238,-0.135,0.589,0.371,0.074,0.002,0.712,-0.655,-0.175,0.035,0.286,0.4,0.376,0.359,-0.144,0.315,0.508,0.061,0.167,0.43,-0.241,0.266,0.175,0.714,-0.063,0.247,0.64,0.056,0.084,0.393,0.504,0.34,0.461,0.504,0.608,0.403,0.427,-0.212,0.321,0.683,0.598,-0.348,-0.032,0.7,-0.367,0.363,0.529,0.755,0.284,0.211,0.037,-0.027,0.71,0.186,0.021,0.182,0.728,0.3,0.253,-0.122,0.523,0.685,0.067,0.386,-0.228,0.489,0.596,0.381,0.471,0.288,-0.137,0.466,0.649,0.553,0.598,0.547,0.103,0.719,0.231,0.711,0.012,0.68,0.145,-0.529,0.281,0.489,0.663,0.43,0.557,0.286,0.501,0.196,0.194,0.285,0.462,0.701,0.527,-0.42,0.167,0.147,0.42,0.611,0.53,0.654,-0.334,0.562,0.251,0.601,0.342,-0.669,-0.553,0.383,0.172,-0.327,0.46,0.404,0.624,0.731,0.566,-0.302,0.386,0.553,0.477,0.539,0.037,0.035,0.246,0.365,0.0,0.489,0.786,0.513,0.329,0.355,0.118,-0.534,0.746,-0.063,0.573,0.466,0.314,0.287,0.766,0.495,0.394,0.145,-0.034,0.17,0.576,-0.088,0.123,0.45,0.416,0.683,0.274,0.323,0.543,0.434,0.435,0.757,-0.312,0.363,0.534,0.554,0.351,0.175,-0.466,0.027,0.299,0.754,0.428,0.649,0.479,0.589,0.519,-0.213,0.564,0.301,0.523,-0.134,-0.018,0.353,0.223,0.181,0.59,0.021,0.679,0.299,-0.397,-0.091,-0.029,-0.342,-0.427,0.245,-0.299
PEGA,0.745,0.72,0.499,0.767,0.087,0.568,0.437,-0.178,-0.413,0.806,0.721,0.65,0.149,0.682,0.506,0.606,-0.461,0.748,0.652,0.674,0.711,0.103,0.364,-0.384,0.602,0.607,-0.559,0.445,0.08,0.717,0.861,0.838,0.71,-0.626,0.6,0.574,0.738,0.9,0.399,0.181,0.878,-0.402,0.537,-0.533,-0.054,0.44,0.533,0.775,0.459,0.521,-0.409,0.32,0.543,-0.503,0.838,0.685,0.52,0.704,0.227,0.66,0.402,0.599,-0.525,0.576,0.546,0.172,-0.083,0.791,0.713,0.205,-0.232,-0.043,0.907,0.665,-0.542,0.539,-0.232,0.543,0.024,0.791,0.562,-0.693,0.414,0.147,-0.012,0.681,0.464,0.862,0.116,-0.445,-0.25,-0.173,0.852,0.704,0.717,0.79,-0.547,0.866,0.912,-0.382,0.241,-0.097,0.425,0.489,0.849,-0.485,0.92,0.021,0.728,0.561,0.425,0.884,-0.098,-0.262,-0.232,0.114,0.891,0.839,0.565,0.846,0.882,-0.068,0.216,-0.049,0.486,0.793,-0.229,0.838,0.341,0.776,0.776,-0.587,-0.481,0.489,0.0,0.581,0.685,-0.514,0.886,0.731,0.086,0.318,0.723,0.496,0.591,0.889,0.602,0.769,-0.085,0.036,-0.24,0.737,0.392,0.858,0.489,0.756,0.81,-0.32,0.208,0.449,-0.507,-0.215,0.795,-0.244,0.163,0.473,-0.229,0.545,0.787,-0.126,0.166,0.192,0.81,-0.197,0.644,0.193,0.697,0.299,-0.13,0.525,0.484,0.708,0.812,0.858,0.473,0.497,0.647,-0.578,0.904,0.812,0.797,0.448,0.689,0.507,0.688,0.465,0.365,-0.46,-0.57,0.405
PENG,0.764,0.393,0.842,0.685,0.606,0.507,0.044,0.48,0.272,0.186,0.3,0.895,-0.576,-0.046,0.236,0.605,0.332,0.671,0.705,0.001,0.553,0.469,-0.129,-0.119,0.673,-0.091,0.167,0.421,0.717,0.126,0.436,0.794,0.447,-0.035,0.518,0.339,0.438,0.471,0.445,0.626,0.603,0.382,-0.009,0.106,0.604,0.774,-0.156,0.063,0.887,-0.127,0.313,0.834,0.909,0.212,0.335,0.341,0.312,0.804,0.434,0.25,0.5,0.861,0.225,0.133,-0.182,0.757,0.6,0.323,0.536,-0.283,0.45,0.606,0.555,0.629,0.166,-0.131,0.474,0.59,0.636,0.719,0.793,0.002,0.884,-0.011,0.726,0.093,0.81,0.321,-0.526,0.204,0.466,0.588,0.689,0.756,0.618,0.762,0.078,0.3,0.455,0.347,0.655,0.628,-0.221,0.55,0.363,0.262,0.685,0.561,0.62,-0.157,0.789,0.484,0.623,0.419,-0.291,-0.507,0.461,0.215,-0.18,0.592,0.581,0.458,0.831,0.58,0.019,0.431,0.476,0.708,0.551,0.279,0.301,0.131,0.267,0.786,0.581,0.0,0.754,0.245,0.551,0.376,-0.499,0.86,0.018,0.715,0.575,0.48,0.609,0.814,0.347,0.607,0.275,0.247,0.443,0.745,-0.165,0.321,0.425,0.359,0.783,0.601,0.263,0.573,0.526,0.518,0.756,-0.206,0.223,0.732,0.774,0.556,0.533,-0.343,0.27,0.24,0.827,0.46,0.787,0.405,0.564,0.644,-0.071,0.803,0.391,0.731,-0.189,0.038,0.564,0.138,0.332,0.768,0.116,0.636,0.515,-0.224,0.073,0.009,-0.286,-0.525,0.095,-0.142
PENN,0.588,0.684,0.59,0.719,0.248,0.697,0.406,0.063,-0.044,0.444,0.577,0.682,-0.168,0.302,0.548,0.784,0.016,0.815,0.569,0.286,0.641,0.399,-0.044,-0.335,0.828,0.269,-0.217,0.54,0.337,0.362,0.62,0.835,0.674,-0.228,0.545,0.154,0.433,0.526,0.341,0.246,0.76,-0.001,0.502,-0.289,0.137,0.654,0.269,0.337,0.674,0.254,-0.075,0.699,0.635,-0.168,0.449,0.715,0.658,0.69,0.687,0.604,0.578,0.691,-0.125,0.282,0.009,0.603,0.198,0.564,0.48,-0.018,0.119,0.262,0.69,0.781,-0.223,0.204,0.204,0.348,0.497,0.786,0.787,-0.308,0.717,0.022,0.328,0.372,0.724,0.62,-0.169,-0.097,0.178,0.173,0.791,0.755,0.709,0.81,-0.272,0.443,0.665,-0.064,0.263,0.337,0.208,0.546,0.645,-0.182,0.737,0.435,0.464,0.219,0.653,0.631,0.249,0.273,-0.018,-0.326,0.582,0.345,0.212,0.671,0.606,-0.008,0.47,0.308,0.372,0.391,0.083,0.817,0.553,0.661,0.66,-0.263,-0.097,0.513,0.685,0.754,0.0,-0.144,0.721,0.628,-0.142,0.651,0.296,0.528,0.569,0.658,0.775,0.65,-0.104,0.402,0.277,0.543,0.504,0.717,-0.15,0.61,0.428,-0.068,0.451,0.703,-0.113,0.287,0.491,0.24,0.4,0.232,-0.212,0.632,0.782,0.389,0.471,0.017,0.597,0.07,0.72,0.225,0.635,0.016,0.119,0.54,0.297,0.79,0.455,0.828,0.079,0.366,0.638,-0.214,0.587,0.751,0.443,0.291,0.525,0.206,0.399,0.252,-0.153,-0.222,-0.289,0.346
PFBC,-0.034,-0.684,0.222,-0.365,0.697,-0.204,-0.79,0.801,0.92,-0.751,-0.673,0.059,-0.795,-0.92,-0.581,-0.37,0.943,-0.339,-0.137,-0.889,-0.517,0.44,-0.56,0.529,-0.087,-0.897,0.97,-0.069,0.641,-0.779,-0.663,-0.22,-0.595,0.773,-0.273,-0.22,-0.544,-0.582,0.164,0.465,-0.395,0.976,-0.662,0.892,0.826,0.147,-0.887,-0.893,0.278,-0.909,0.962,0.314,0.235,0.954,-0.687,-0.703,-0.529,-0.086,0.001,-0.751,-0.203,0.138,0.953,-0.288,-0.728,0.461,0.838,-0.727,-0.287,-0.495,0.841,0.791,-0.628,-0.283,0.982,-0.83,0.873,0.003,0.63,-0.218,0.003,0.913,0.388,0.139,0.765,-0.831,0.251,-0.781,-0.665,0.881,0.732,0.874,-0.415,-0.263,-0.401,-0.264,0.95,-0.753,-0.712,0.865,0.44,0.797,-0.892,-0.086,-0.7,0.916,-0.428,0.485,-0.181,-0.936,0.292,-0.674,0.802,0.64,-0.195,-0.591,-0.63,-0.683,-0.937,-0.522,-0.445,0.624,0.648,0.783,-0.747,-0.505,0.907,-0.414,0.14,-0.705,-0.8,0.969,0.963,0.329,-0.514,0.245,-0.144,0.0,-0.585,-0.712,-0.519,0.386,-0.85,0.074,-0.036,-0.597,-0.347,-0.087,0.717,0.42,0.41,-0.762,-0.174,-0.244,-0.626,-0.793,-0.533,0.818,0.504,-0.162,0.981,0.775,-0.463,0.855,0.653,-0.897,0.775,0.143,-0.215,0.712,0.309,-0.64,-0.816,0.432,-0.011,0.361,0.007,0.258,0.783,-0.082,-0.821,-0.089,-0.631,-0.336,-0.717,-0.545,-0.302,0.964,-0.749,-0.311,-0.805,0.173,-0.469,-0.921,-0.849,-0.381,-0.752,0.201,0.965,-0.829
PGNY,0.626,0.866,0.45,0.814,-0.046,0.527,0.571,-0.201,-0.464,0.836,0.844,0.589,0.215,0.741,0.599,0.75,-0.513,0.796,0.707,0.683,0.749,0.173,0.253,-0.584,0.724,0.653,-0.642,0.382,0.033,0.645,0.865,0.787,0.824,-0.692,0.574,0.319,0.691,0.813,0.206,0.033,0.898,-0.47,0.587,-0.63,-0.182,0.421,0.646,0.752,0.46,0.611,-0.516,0.368,0.538,-0.582,0.787,0.85,0.751,0.614,0.447,0.83,0.469,0.562,-0.558,0.437,0.429,0.277,-0.185,0.809,0.671,0.213,-0.215,-0.168,0.914,0.746,-0.633,0.636,-0.249,0.338,0.01,0.836,0.665,-0.734,0.375,0.092,-0.073,0.714,0.498,0.921,0.164,-0.434,-0.265,-0.254,0.919,0.78,0.834,0.828,-0.645,0.836,0.931,-0.482,0.082,-0.11,0.533,0.556,0.925,-0.551,0.89,0.059,0.571,0.638,0.42,0.919,-0.153,-0.23,-0.075,0.041,0.886,0.712,0.605,0.861,0.843,-0.244,0.131,-0.133,0.599,0.677,-0.285,0.874,0.285,0.839,0.884,-0.678,-0.556,0.355,0.886,0.551,0.721,-0.585,0.0,0.794,0.112,0.365,0.686,0.446,0.524,0.956,0.712,0.649,-0.311,0.041,-0.018,0.799,0.409,0.783,0.311,0.865,0.769,-0.443,0.157,0.475,-0.59,-0.236,0.687,-0.215,0.082,0.569,-0.415,0.529,0.759,-0.109,0.247,0.208,0.852,-0.215,0.611,0.043,0.635,0.009,-0.235,0.497,0.571,0.743,0.718,0.887,0.348,0.587,0.625,-0.634,0.876,0.823,0.83,0.278,0.691,0.593,0.805,0.444,0.376,-0.449,-0.685,0.604
PHAT,0.537,0.904,0.419,0.687,-0.208,0.685,0.844,-0.455,-0.721,0.769,0.792,0.572,0.318,0.713,0.72,0.807,-0.555,0.819,0.586,0.8,0.912,-0.248,0.434,-0.492,0.418,0.74,-0.69,0.558,-0.12,0.83,0.891,0.651,0.875,-0.601,0.76,0.449,0.857,0.803,0.165,0.108,0.664,-0.593,0.542,-0.72,-0.339,0.459,0.646,0.816,0.4,0.773,-0.592,0.331,0.37,-0.63,0.868,0.881,0.696,0.659,0.3,0.742,0.709,0.474,-0.698,0.248,0.502,0.018,-0.358,0.877,0.494,0.269,-0.565,-0.224,0.904,0.603,-0.763,0.519,-0.452,0.471,-0.05,0.552,0.582,-0.732,0.27,-0.301,-0.17,0.746,0.313,0.863,0.21,-0.754,-0.206,-0.406,0.757,0.723,0.735,0.784,-0.765,0.856,0.895,-0.415,0.145,-0.283,0.701,0.48,0.773,-0.576,0.744,-0.06,0.573,0.73,0.353,0.913,-0.247,-0.103,0.127,0.23,0.785,0.719,0.731,0.877,0.761,-0.178,-0.036,-0.356,0.761,0.771,-0.574,0.873,0.355,0.8,0.895,-0.7,-0.631,0.118,0.731,0.376,0.628,-0.712,0.794,0.0,0.106,0.227,0.793,0.536,0.498,0.693,0.805,0.609,-0.392,0.227,-0.146,0.907,0.696,0.709,0.442,0.901,0.699,-0.341,0.17,0.683,-0.664,-0.201,0.808,-0.413,-0.025,0.647,-0.492,0.31,0.77,-0.15,0.05,0.453,0.918,-0.008,0.585,0.128,0.526,0.096,-0.249,0.647,0.752,0.628,0.833,0.794,0.561,0.42,0.697,-0.708,0.841,0.793,0.674,0.344,0.853,0.668,0.709,0.208,0.439,-0.528,-0.764,0.624
PHUN,-0.232,0.149,-0.541,-0.239,-0.399,0.011,0.255,-0.544,-0.467,0.446,0.361,-0.457,0.777,0.489,0.182,-0.158,-0.543,-0.048,-0.199,0.452,-0.113,-0.131,0.205,-0.271,0.009,0.594,-0.467,-0.146,-0.684,0.235,0.242,-0.122,0.095,-0.267,-0.047,-0.215,-0.068,0.041,-0.073,-0.601,0.169,-0.53,0.6,-0.44,-0.585,-0.438,0.581,0.422,-0.602,0.564,-0.498,-0.512,-0.547,-0.461,0.194,0.197,0.327,-0.391,-0.009,0.26,-0.171,-0.335,-0.427,0.281,0.497,-0.474,-0.61,0.345,0.118,0.588,-0.469,-0.501,0.038,0.087,-0.475,0.494,-0.441,-0.417,-0.4,-0.079,-0.266,-0.383,-0.47,0.344,-0.77,0.372,-0.308,0.293,0.735,-0.36,-0.601,-0.723,-0.014,-0.283,-0.108,-0.193,-0.337,0.23,0.142,-0.634,-0.563,-0.577,0.586,0.06,0.281,-0.641,-0.042,-0.287,-0.213,0.594,-0.401,0.162,-0.623,-0.465,0.443,0.556,0.08,0.241,0.618,-0.06,0.1,-0.751,-0.545,-0.391,0.468,-0.076,-0.513,-0.138,-0.184,0.422,0.308,-0.491,-0.483,-0.534,0.086,-0.499,-0.142,-0.519,0.112,0.106,0.0,-0.631,0.459,-0.431,0.057,0.172,-0.087,-0.354,-0.383,-0.568,-0.2,0.262,-0.134,-0.109,0.337,0.193,0.035,-0.603,-0.647,-0.202,-0.531,-0.649,-0.141,-0.501,-0.609,0.575,-0.37,-0.131,-0.204,-0.45,-0.204,0.617,0.335,-0.377,-0.497,-0.356,-0.185,-0.342,-0.686,-0.349,0.507,-0.179,0.093,-0.056,0.43,0.552,-0.169,-0.433,0.252,-0.265,0.45,-0.547,-0.107,0.669,0.446,0.641,0.544,0.53,-0.405,0.484
PINC,0.534,0.257,0.842,0.604,0.552,0.361,-0.047,0.572,0.341,-0.064,0.116,0.794,-0.765,-0.228,0.075,0.622,0.515,0.523,0.534,-0.27,0.416,0.461,-0.286,-0.016,0.618,-0.338,0.31,0.378,0.83,-0.12,0.19,0.605,0.295,0.09,0.391,0.178,0.308,0.266,0.217,0.67,0.367,0.5,-0.238,0.243,0.605,0.793,-0.379,-0.213,0.891,-0.347,0.419,0.768,0.903,0.365,0.081,0.236,0.199,0.693,0.493,0.121,0.565,0.783,0.38,-0.075,-0.486,0.84,0.691,0.036,0.298,-0.51,0.533,0.643,0.367,0.524,0.274,-0.325,0.543,0.472,0.721,0.596,0.766,0.178,0.874,-0.081,0.839,-0.146,0.855,0.123,-0.733,0.291,0.668,0.67,0.448,0.755,0.492,0.647,0.158,0.086,0.261,0.516,0.66,0.758,-0.401,0.39,0.157,0.483,0.505,0.682,0.399,-0.352,0.757,0.265,0.758,0.57,-0.34,-0.726,0.286,-0.06,-0.411,0.471,0.292,0.511,0.824,0.597,-0.198,0.249,0.559,0.567,0.505,0.054,0.107,0.286,0.409,0.746,0.318,0.86,0.651,0.386,0.365,0.227,-0.631,0.0,-0.261,0.688,0.403,0.278,0.516,0.633,0.319,0.742,0.515,0.062,0.347,0.524,-0.46,0.197,0.297,0.506,0.86,0.441,0.387,0.709,0.322,0.683,0.805,-0.399,0.251,0.646,0.64,0.643,0.422,-0.459,0.064,0.528,0.784,0.428,0.675,0.224,0.674,0.634,-0.259,0.751,0.111,0.584,-0.45,-0.139,0.468,0.314,0.083,0.686,-0.107,0.582,0.346,-0.412,-0.113,-0.268,-0.498,-0.507,0.209,-0.153
PLUG,0.431,0.703,0.046,0.444,-0.341,0.447,0.708,-0.607,-0.793,0.897,0.728,0.231,0.659,0.841,0.6,0.357,-0.81,0.531,0.356,0.964,0.653,-0.342,0.662,-0.423,0.16,0.928,-0.803,0.321,-0.471,0.86,0.845,0.445,0.656,-0.666,0.563,0.516,0.709,0.783,0.255,-0.167,0.607,-0.791,0.664,-0.751,-0.506,0.048,0.812,0.973,-0.035,0.88,-0.734,-0.092,-0.004,-0.776,0.897,0.655,0.524,0.361,-0.05,0.632,0.266,0.153,-0.839,0.498,0.881,-0.403,-0.578,0.874,0.513,0.611,-0.692,-0.474,0.77,0.384,-0.818,0.742,-0.654,0.321,-0.39,0.367,0.196,-0.829,-0.121,0.009,-0.558,0.855,-0.065,0.832,0.583,-0.805,-0.586,-0.651,0.608,0.328,0.46,0.486,-0.754,0.881,0.802,-0.645,-0.092,-0.648,0.812,0.303,0.738,-0.787,0.614,-0.411,0.533,0.877,-0.013,0.813,-0.555,-0.469,0.1,0.634,0.737,0.871,0.923,0.673,0.74,-0.366,-0.35,-0.524,0.749,0.724,-0.71,0.585,0.154,0.787,0.808,-0.811,-0.786,-0.063,0.723,0.018,0.296,-0.85,0.686,0.793,0.459,-0.261,0.0,0.206,0.419,0.659,0.462,0.422,-0.338,-0.251,-0.477,0.823,0.427,0.56,0.805,0.76,0.681,-0.591,-0.252,0.342,-0.832,-0.592,0.697,-0.736,-0.328,0.829,-0.457,0.132,0.48,-0.515,-0.14,0.61,0.863,-0.329,0.245,-0.024,0.313,0.155,-0.52,0.32,0.831,0.279,0.834,0.565,0.849,0.58,0.434,-0.836,0.866,0.473,0.817,0.166,0.675,0.85,0.773,0.534,0.764,-0.262,-0.79,0.598
PLXS,0.747,0.439,0.889,0.512,0.544,0.547,0.198,0.212,-0.11,0.275,0.354,0.868,-0.462,-0.004,0.116,0.605,0.19,0.733,0.704,0.159,0.723,-0.006,0.063,-0.056,0.351,0.017,0.111,0.707,0.522,0.321,0.515,0.616,0.464,-0.09,0.738,0.586,0.683,0.586,0.489,0.794,0.458,0.208,-0.171,-0.005,0.477,0.776,-0.184,0.204,0.871,0.047,0.253,0.624,0.802,0.19,0.554,0.322,0.206,0.849,0.135,0.069,0.721,0.821,0.031,0.019,-0.019,0.366,0.436,0.39,0.409,-0.137,0.083,0.538,0.593,0.431,0.014,-0.205,0.271,0.806,0.501,0.503,0.747,-0.061,0.773,-0.276,0.587,0.082,0.664,0.321,-0.462,-0.164,0.493,0.37,0.545,0.71,0.502,0.79,-0.019,0.463,0.462,0.377,0.818,0.425,-0.064,0.484,0.278,0.232,0.573,0.295,0.767,0.026,0.798,0.543,0.542,0.412,-0.227,-0.251,0.484,0.35,-0.013,0.681,0.591,0.526,0.681,0.293,0.164,0.694,0.187,0.736,0.586,0.302,0.283,0.105,0.154,0.573,0.496,0.715,0.528,0.074,0.446,0.536,-0.431,0.688,0.206,0.0,0.678,0.293,0.598,0.792,0.379,0.716,0.104,0.39,0.696,0.74,0.119,0.344,0.549,0.492,0.861,0.644,0.107,0.461,0.737,0.296,0.713,-0.209,0.337,0.554,0.851,0.479,0.235,-0.058,0.343,0.56,0.767,0.543,0.793,0.584,0.579,0.95,0.086,0.764,0.56,0.709,0.075,-0.117,0.612,0.053,0.337,0.79,0.07,0.828,0.71,-0.096,0.041,-0.227,-0.109,-0.633,0.019,-0.182
PYPL,0.772,0.458,0.632,0.395,0.486,0.664,0.243,0.12,-0.119,0.555,0.472,0.693,-0.143,0.122,0.286,0.457,0.053,0.68,0.598,0.345,0.56,0.141,0.198,-0.161,0.477,0.272,-0.003,0.588,0.263,0.345,0.636,0.677,0.423,-0.07,0.8,0.481,0.574,0.584,0.608,0.5,0.657,0.105,0.245,-0.067,0.336,0.569,0.08,0.357,0.591,0.225,0.138,0.527,0.56,0.076,0.611,0.335,0.359,0.711,0.245,0.146,0.53,0.768,-0.052,0.421,0.243,0.191,0.291,0.542,0.528,0.291,0.021,0.462,0.577,0.536,-0.069,0.013,0.232,0.599,0.505,0.551,0.618,-0.113,0.621,0.246,0.291,0.273,0.591,0.424,-0.089,-0.154,0.231,0.16,0.561,0.507,0.391,0.703,-0.012,0.498,0.478,0.167,0.549,0.234,0.147,0.592,0.398,-0.001,0.639,0.261,0.711,0.18,0.675,0.565,0.338,0.339,-0.04,-0.053,0.491,0.429,0.225,0.602,0.737,0.235,0.536,0.284,0.316,0.551,0.086,0.652,0.698,0.497,0.387,-0.013,0.08,0.466,0.591,0.575,0.569,-0.036,0.524,0.498,0.057,0.403,0.419,0.678,0.0,0.412,0.551,0.719,0.322,0.468,-0.054,0.449,0.649,0.768,0.247,0.333,0.52,0.241,0.528,0.545,-0.003,0.284,0.62,0.151,0.538,0.072,0.245,0.669,0.753,0.362,0.268,0.212,0.456,0.263,0.609,0.524,0.801,0.509,0.301,0.653,0.278,0.68,0.531,0.73,0.301,0.33,0.437,-0.028,0.48,0.6,0.286,0.522,0.616,0.121,0.176,0.326,0.077,-0.184,-0.027,-0.027
QLYS,0.516,0.81,0.352,0.802,-0.141,0.445,0.48,-0.234,-0.426,0.792,0.811,0.499,0.254,0.797,0.517,0.659,-0.579,0.688,0.648,0.648,0.629,0.141,0.213,-0.65,0.708,0.628,-0.677,0.269,-0.001,0.646,0.773,0.757,0.77,-0.775,0.424,0.269,0.601,0.775,0.123,-0.045,0.852,-0.507,0.645,-0.683,-0.245,0.288,0.679,0.741,0.332,0.568,-0.552,0.253,0.468,-0.647,0.71,0.804,0.674,0.509,0.413,0.856,0.344,0.46,-0.573,0.436,0.441,0.27,-0.248,0.767,0.659,0.17,-0.228,-0.266,0.857,0.714,-0.636,0.717,-0.326,0.229,-0.117,0.842,0.515,-0.794,0.265,0.124,-0.147,0.743,0.418,0.921,0.157,-0.418,-0.407,-0.293,0.858,0.708,0.823,0.718,-0.656,0.814,0.909,-0.579,-0.034,-0.128,0.518,0.506,0.952,-0.6,0.85,-0.036,0.47,0.626,0.329,0.86,-0.248,-0.38,-0.12,0.093,0.896,0.708,0.601,0.763,0.785,-0.293,0.064,-0.161,0.535,0.626,-0.279,0.784,0.095,0.809,0.854,-0.716,-0.622,0.314,0.889,0.48,0.658,-0.597,0.956,0.693,0.172,0.278,0.659,0.293,0.412,0.0,0.606,0.544,-0.36,-0.082,-0.082,0.727,0.222,0.714,0.325,0.815,0.766,-0.539,0.032,0.35,-0.612,-0.371,0.614,-0.248,-0.04,0.567,-0.459,0.528,0.633,-0.217,0.245,0.162,0.833,-0.355,0.543,-0.082,0.539,-0.047,-0.336,0.332,0.507,0.657,0.636,0.8,0.315,0.543,0.583,-0.679,0.886,0.745,0.898,0.165,0.564,0.607,0.849,0.482,0.392,-0.384,-0.699,0.623
QNCX,0.527,0.803,0.569,0.71,0.06,0.678,0.656,-0.087,-0.344,0.537,0.681,0.673,0.012,0.422,0.644,0.842,-0.178,0.828,0.638,0.496,0.824,0.041,0.116,-0.475,0.623,0.427,-0.363,0.541,0.201,0.527,0.695,0.697,0.796,-0.342,0.697,0.245,0.639,0.582,0.17,0.25,0.632,-0.222,0.448,-0.453,-0.018,0.645,0.405,0.473,0.572,0.478,-0.251,0.617,0.55,-0.324,0.592,0.811,0.737,0.7,0.569,0.636,0.727,0.609,-0.299,0.083,0.122,0.39,-0.01,0.685,0.513,0.13,-0.172,0.066,0.773,0.728,-0.424,0.266,-0.074,0.382,0.287,0.627,0.747,-0.424,0.539,-0.288,0.183,0.532,0.541,0.664,-0.032,-0.379,0.105,-0.036,0.714,0.778,0.78,0.813,-0.459,0.57,0.712,-0.139,0.253,0.119,0.481,0.683,0.637,-0.268,0.678,0.246,0.469,0.409,0.585,0.723,0.119,0.242,0.108,-0.037,0.612,0.383,0.392,0.74,0.616,-0.007,0.289,-0.004,0.527,0.537,-0.204,0.837,0.466,0.675,0.762,-0.395,-0.281,0.287,0.602,0.609,0.775,-0.347,0.712,0.805,-0.087,0.516,0.462,0.598,0.551,0.606,0.0,0.609,-0.209,0.459,0.159,0.741,0.682,0.659,0.052,0.734,0.519,-0.099,0.42,0.821,-0.304,0.156,0.623,-0.003,0.256,0.361,-0.34,0.534,0.769,0.229,0.312,0.175,0.721,0.123,0.705,0.144,0.575,0.043,0.002,0.635,0.534,0.723,0.61,0.803,0.194,0.333,0.713,-0.39,0.603,0.783,0.435,0.317,0.703,0.378,0.488,0.115,0.071,-0.422,-0.458,0.435
QQQX,0.929,0.483,0.812,0.713,0.433,0.581,0.292,0.189,-0.11,0.5,0.389,0.904,-0.334,0.179,0.401,0.577,0.029,0.715,0.662,0.366,0.743,0.179,0.335,-0.032,0.457,0.233,-0.102,0.511,0.481,0.436,0.708,0.836,0.496,-0.182,0.773,0.753,0.774,0.795,0.597,0.621,0.665,0.057,0.053,-0.069,0.392,0.716,0.033,0.433,0.786,0.152,0.041,0.642,0.797,-0.041,0.7,0.398,0.27,0.939,0.135,0.27,0.546,0.856,-0.142,0.408,0.255,0.328,0.383,0.535,0.581,-0.007,0.074,0.436,0.763,0.55,-0.136,0.044,0.144,0.854,0.426,0.671,0.695,-0.24,0.716,0.033,0.458,0.339,0.643,0.517,-0.275,-0.201,0.274,0.31,0.734,0.75,0.544,0.824,-0.18,0.625,0.657,0.207,0.715,0.226,0.027,0.438,0.45,0.04,0.85,0.323,0.908,0.125,0.625,0.694,0.398,0.246,-0.394,-0.184,0.66,0.595,0.151,0.813,0.788,0.442,0.59,0.286,0.181,0.759,0.131,0.811,0.676,0.422,0.449,-0.118,0.003,0.766,0.769,0.814,0.65,-0.087,0.649,0.609,-0.354,0.633,0.422,0.792,0.719,0.544,0.609,0.0,0.331,0.483,-0.094,0.488,0.621,0.882,0.312,0.504,0.683,0.236,0.658,0.57,-0.059,0.346,0.834,0.101,0.622,0.068,0.139,0.598,0.884,0.214,0.189,-0.054,0.49,0.237,0.86,0.592,0.862,0.635,0.425,0.781,0.193,0.759,0.732,0.814,0.297,0.169,0.633,-0.146,0.591,0.857,0.311,0.816,0.753,0.019,0.204,0.119,0.043,-0.651,-0.149,-0.04
QVCGA,0.389,-0.472,0.421,-0.154,0.789,-0.041,-0.597,0.636,0.584,-0.317,-0.392,0.325,-0.623,-0.644,-0.42,-0.359,0.661,-0.086,0.129,-0.43,-0.186,0.22,-0.1,0.565,-0.13,-0.512,0.762,0.155,0.569,-0.381,-0.217,0.069,-0.357,0.545,0.085,0.36,-0.081,-0.102,0.579,0.653,-0.119,0.729,-0.565,0.729,0.819,0.238,-0.685,-0.435,0.385,-0.585,0.803,0.298,0.36,0.753,-0.149,-0.604,-0.44,0.235,-0.305,-0.686,-0.076,0.354,0.663,-0.013,-0.189,0.207,0.763,-0.316,0.082,-0.195,0.601,0.766,-0.224,-0.155,0.737,-0.639,0.64,0.43,0.506,-0.059,0.101,0.63,0.456,0.218,0.644,-0.536,0.229,-0.477,-0.467,0.516,0.565,0.732,-0.136,-0.117,-0.267,0.008,0.746,-0.272,-0.356,0.78,0.704,0.531,-0.666,0.121,-0.471,0.715,-0.089,0.267,0.353,-0.594,0.355,-0.268,0.739,0.47,-0.319,-0.232,-0.267,-0.158,-0.577,-0.134,0.0,0.713,0.676,0.679,-0.554,0.021,0.709,-0.15,0.381,-0.404,-0.555,0.747,0.743,0.495,-0.085,0.347,-0.104,0.717,-0.311,-0.392,-0.383,0.319,-0.338,0.379,0.322,-0.36,-0.209,0.331,0.0,0.421,0.07,-0.415,0.121,0.14,-0.022,-0.529,-0.098,0.78,0.572,-0.013,0.7,0.589,0.017,0.563,0.725,-0.651,0.872,0.338,0.121,0.505,0.192,-0.352,-0.477,0.433,0.181,0.574,0.327,0.715,0.798,0.292,-0.527,0.071,-0.104,-0.05,-0.224,-0.353,-0.045,0.691,-0.352,-0.027,-0.524,0.551,-0.045,-0.627,-0.645,-0.139,-0.339,-0.088,0.768,-0.808
RAPT,0.394,0.174,0.791,0.301,0.482,0.468,0.03,0.354,0.216,-0.192,-0.001,0.708,-0.692,-0.387,-0.001,0.494,0.542,0.438,0.473,-0.263,0.381,-0.014,-0.24,0.051,0.256,-0.376,0.44,0.553,0.678,-0.031,0.06,0.384,0.238,0.242,0.492,0.239,0.347,0.111,0.203,0.82,0.047,0.513,-0.338,0.252,0.54,0.679,-0.469,-0.279,0.779,-0.297,0.527,0.718,0.687,0.477,0.065,0.073,0.038,0.63,0.248,-0.166,0.747,0.676,0.369,-0.303,-0.451,0.547,0.57,-0.011,0.051,-0.429,0.267,0.675,0.18,0.216,0.322,-0.551,0.439,0.529,0.652,0.257,0.54,0.324,0.713,-0.377,0.751,-0.273,0.582,-0.082,-0.721,0.096,0.684,0.59,0.179,0.51,0.305,0.491,0.256,-0.003,0.049,0.663,0.722,0.669,-0.336,0.427,-0.101,0.551,0.193,0.445,0.321,-0.374,0.737,0.12,0.733,0.721,-0.081,-0.47,0.065,-0.141,-0.382,0.303,0.171,0.622,0.722,0.446,-0.122,0.258,0.385,0.402,0.49,-0.089,-0.056,0.446,0.457,0.394,0.036,0.607,0.402,0.42,0.041,0.227,-0.568,0.742,-0.251,0.716,0.468,-0.082,0.459,0.483,0.421,0.0,0.323,0.049,0.6,0.382,-0.302,0.002,0.127,0.73,0.854,0.531,0.459,0.733,0.332,0.59,0.722,-0.47,0.365,0.541,0.532,0.687,0.337,-0.191,-0.004,0.694,0.644,0.557,0.542,0.414,0.728,0.684,-0.244,0.55,0.059,0.372,-0.287,-0.4,0.406,0.397,-0.063,0.487,-0.352,0.588,0.4,-0.428,-0.337,-0.488,-0.446,-0.444,0.325,-0.316
RBBN,-0.109,-0.056,0.148,0.11,0.248,-0.043,-0.176,0.473,0.415,-0.292,-0.09,0.125,-0.389,-0.33,-0.022,0.192,0.498,0.042,0.0,-0.46,-0.086,0.488,-0.481,-0.012,0.391,-0.348,0.397,-0.02,0.425,-0.487,-0.203,-0.021,-0.023,0.321,-0.119,-0.466,-0.282,-0.345,-0.123,0.077,0.011,0.443,-0.111,0.325,0.276,0.23,-0.301,-0.473,0.29,-0.332,0.334,0.3,0.286,0.391,-0.398,0.032,0.232,-0.045,0.539,0.024,0.142,0.192,0.523,-0.26,-0.556,0.642,0.367,-0.233,-0.006,-0.342,0.557,0.311,-0.146,0.281,0.345,-0.267,0.495,-0.239,0.489,0.108,0.378,0.362,0.39,0.031,0.428,-0.305,0.407,-0.189,-0.379,0.474,0.477,0.423,-0.012,0.2,0.089,0.09,0.282,-0.357,-0.203,0.336,0.083,0.534,-0.293,0.11,-0.121,0.379,-0.104,0.545,-0.279,-0.33,0.28,-0.171,0.423,0.364,0.087,-0.55,-0.213,-0.517,-0.398,-0.106,-0.205,0.041,0.384,0.456,-0.214,-0.389,0.464,-0.024,0.119,-0.145,-0.139,0.332,0.421,0.145,-0.24,0.275,0.277,0.41,-0.018,-0.146,-0.2,0.515,-0.477,0.104,-0.054,-0.082,0.159,-0.094,0.07,0.323,0.0,-0.255,-0.101,-0.106,-0.716,-0.088,-0.217,0.251,0.323,0.112,0.389,0.459,-0.352,0.597,0.35,-0.261,0.122,0.243,-0.005,0.523,0.382,-0.367,-0.233,0.362,0.096,-0.012,0.091,-0.325,0.341,0.079,-0.201,0.253,-0.427,0.039,-0.648,-0.029,0.041,0.416,-0.33,0.038,-0.271,-0.114,-0.198,-0.293,-0.2,-0.162,-0.413,0.128,0.3,0.017
RCKT,0.478,0.874,0.269,0.553,-0.227,0.62,0.774,-0.545,-0.74,0.839,0.827,0.4,0.473,0.788,0.722,0.707,-0.669,0.742,0.603,0.853,0.792,-0.255,0.402,-0.506,0.409,0.801,-0.741,0.537,-0.236,0.854,0.86,0.568,0.875,-0.638,0.623,0.364,0.742,0.736,0.123,-0.059,0.681,-0.671,0.649,-0.778,-0.438,0.331,0.784,0.855,0.27,0.852,-0.646,0.261,0.236,-0.693,0.846,0.878,0.71,0.509,0.273,0.72,0.577,0.34,-0.748,0.329,0.585,-0.078,-0.46,0.842,0.446,0.337,-0.59,-0.323,0.843,0.513,-0.795,0.552,-0.503,0.324,-0.176,0.494,0.477,-0.755,0.152,-0.202,-0.311,0.714,0.175,0.865,0.391,-0.731,-0.366,-0.534,0.722,0.587,0.72,0.716,-0.758,0.835,0.87,-0.572,-0.027,-0.376,0.795,0.549,0.796,-0.707,0.669,-0.197,0.483,0.811,0.268,0.866,-0.351,-0.232,0.227,0.357,0.727,0.765,0.792,0.778,0.714,-0.324,-0.153,-0.424,0.778,0.695,-0.643,0.788,0.245,0.844,0.907,-0.762,-0.705,-0.034,0.737,0.247,0.543,-0.762,0.799,0.907,0.262,0.062,0.823,0.39,0.449,0.727,0.741,0.488,-0.415,0.049,-0.255,0.0,0.655,0.63,0.515,0.863,0.6,-0.471,0.003,0.59,-0.721,-0.361,0.719,-0.475,-0.138,0.71,-0.523,0.28,0.689,-0.207,0.105,0.53,0.927,-0.212,0.413,0.093,0.414,0.035,-0.398,0.486,0.745,0.529,0.796,0.726,0.589,0.504,0.64,-0.751,0.869,0.676,0.735,0.202,0.742,0.765,0.751,0.318,0.487,-0.389,-0.797,0.661
REPL,0.618,0.56,0.597,0.329,0.242,0.726,0.509,-0.145,-0.328,0.407,0.434,0.623,-0.069,0.147,0.458,0.616,-0.032,0.72,0.602,0.426,0.712,-0.201,0.194,-0.093,0.213,0.307,-0.114,0.778,0.162,0.502,0.597,0.496,0.604,-0.072,0.788,0.447,0.658,0.502,0.349,0.454,0.388,-0.061,0.133,-0.237,0.107,0.579,0.169,0.378,0.612,0.384,-0.004,0.608,0.454,-0.044,0.606,0.485,0.398,0.694,0.214,0.162,0.753,0.601,-0.231,0.073,0.19,0.097,0.074,0.534,0.212,0.071,-0.223,0.308,0.557,0.314,-0.232,-0.092,0.034,0.609,0.351,0.307,0.598,-0.154,0.494,-0.317,0.228,0.201,0.381,0.394,-0.058,-0.402,0.252,0.019,0.52,0.506,0.469,0.709,-0.192,0.47,0.483,0.151,0.506,0.087,0.301,0.548,0.287,-0.076,0.443,0.102,0.583,0.258,0.576,0.563,0.249,0.443,0.185,0.053,0.344,0.418,0.287,0.63,0.558,0.228,0.287,0.009,0.437,0.579,-0.193,0.685,0.612,0.437,0.457,-0.111,-0.072,0.17,0.392,0.443,0.504,-0.174,0.409,0.696,-0.134,0.347,0.427,0.696,0.649,0.222,0.682,0.621,0.121,0.6,-0.101,0.655,0.0,0.632,0.24,0.435,0.32,0.252,0.521,0.726,-0.113,0.296,0.663,0.009,0.393,0.16,0.013,0.374,0.769,0.319,0.229,0.313,0.504,0.321,0.568,0.584,0.565,0.41,0.247,0.745,0.355,0.569,0.592,0.635,0.357,0.053,0.567,-0.14,0.437,0.612,0.116,0.551,0.754,0.184,0.117,-0.065,0.061,-0.422,-0.21,0.086
RMBS,0.906,0.671,0.761,0.692,0.353,0.746,0.328,0.023,-0.232,0.676,0.64,0.853,-0.134,0.407,0.396,0.668,-0.163,0.847,0.796,0.483,0.742,0.118,0.211,-0.313,0.598,0.395,-0.267,0.646,0.316,0.605,0.812,0.871,0.681,-0.407,0.81,0.596,0.779,0.849,0.546,0.493,0.823,-0.091,0.309,-0.327,0.22,0.629,0.257,0.58,0.721,0.34,-0.089,0.566,0.752,-0.183,0.799,0.576,0.468,0.853,0.228,0.438,0.603,0.836,-0.3,0.433,0.331,0.331,0.2,0.716,0.655,0.066,-0.07,0.317,0.824,0.623,-0.295,0.239,0.042,0.713,0.319,0.793,0.737,-0.431,0.646,0.053,0.269,0.463,0.678,0.715,-0.161,-0.309,0.063,0.094,0.836,0.748,0.698,0.894,-0.291,0.754,0.789,-0.042,0.569,0.184,0.213,0.601,0.691,-0.183,0.873,0.206,0.816,0.328,0.705,0.828,0.227,0.078,-0.221,-0.056,0.791,0.721,0.349,0.856,0.931,0.189,0.487,0.185,0.429,0.794,0.003,0.886,0.518,0.637,0.617,-0.283,-0.187,0.576,0.858,0.745,0.717,-0.244,0.783,0.709,-0.109,0.524,0.56,0.74,0.768,0.714,0.659,0.882,0.14,0.382,-0.106,0.63,0.632,0.0,0.357,0.584,0.75,0.046,0.534,0.584,-0.228,0.12,0.83,0.04,0.468,0.194,0.033,0.646,0.92,0.205,0.301,0.104,0.673,0.115,0.781,0.497,0.886,0.497,0.21,0.737,0.322,0.853,0.727,0.924,0.333,0.277,0.667,-0.29,0.739,0.872,0.552,0.661,0.775,0.25,0.453,0.304,0.198,-0.517,-0.311,0.127
ROAD,0.344,0.296,-0.049,0.13,-0.244,0.176,0.375,-0.531,-0.632,0.632,0.354,0.083,0.532,0.569,0.26,-0.069,-0.693,0.161,0.201,0.743,0.356,-0.546,0.726,-0.12,-0.255,0.663,-0.53,0.141,-0.415,0.726,0.544,0.172,0.283,-0.475,0.368,0.686,0.584,0.618,0.331,-0.036,0.25,-0.614,0.301,-0.475,-0.336,-0.18,0.523,0.775,-0.177,0.61,-0.504,-0.288,-0.141,-0.553,0.731,0.195,0.037,0.211,-0.526,0.185,0.009,0.004,-0.681,0.417,0.894,-0.641,-0.471,0.551,0.31,0.505,-0.652,-0.377,0.453,-0.028,-0.547,0.479,-0.64,0.412,-0.552,0.044,-0.171,-0.589,-0.309,-0.014,-0.508,0.582,-0.351,0.474,0.484,-0.681,-0.577,-0.516,0.252,-0.007,0.126,0.157,-0.482,0.684,0.474,-0.437,0.04,-0.668,0.529,0.073,0.364,-0.553,0.331,-0.591,0.519,0.615,-0.175,0.498,-0.503,-0.558,-0.099,0.713,0.486,0.799,0.686,0.385,0.529,-0.084,-0.353,-0.513,0.441,0.665,-0.591,0.243,-0.029,0.392,0.384,-0.523,-0.594,-0.088,0.489,-0.165,-0.15,-0.626,0.311,0.442,0.337,-0.46,0.805,0.119,0.247,0.325,0.052,0.312,-0.022,-0.302,-0.716,0.515,0.24,0.357,0.0,0.359,0.528,-0.343,-0.278,0.073,-0.606,-0.589,0.609,-0.734,-0.304,0.536,-0.139,-0.062,0.217,-0.59,-0.321,0.486,0.521,-0.34,0.045,0.088,0.135,0.474,-0.358,0.186,0.521,-0.033,0.697,0.205,0.827,0.246,0.204,-0.618,0.6,0.195,0.525,0.265,0.47,0.572,0.443,0.33,0.747,-0.272,-0.483,0.177
ROKU,0.386,0.894,0.26,0.775,-0.361,0.458,0.84,-0.447,-0.726,0.773,0.8,0.435,0.392,0.82,0.745,0.761,-0.658,0.718,0.488,0.807,0.832,-0.106,0.41,-0.553,0.494,0.769,-0.811,0.293,-0.168,0.736,0.842,0.639,0.823,-0.715,0.539,0.315,0.729,0.764,0.014,-0.104,0.681,-0.698,0.613,-0.77,-0.461,0.337,0.736,0.822,0.255,0.772,-0.739,0.212,0.298,-0.773,0.777,0.91,0.746,0.521,0.362,0.894,0.52,0.348,-0.726,0.285,0.495,0.054,-0.449,0.823,0.523,0.295,-0.497,-0.421,0.91,0.694,-0.831,0.699,-0.536,0.267,-0.179,0.612,0.488,-0.834,0.169,-0.17,-0.28,0.836,0.253,0.907,0.298,-0.703,-0.346,-0.474,0.769,0.744,0.737,0.684,-0.873,0.835,0.916,-0.588,-0.082,-0.362,0.727,0.379,0.843,-0.678,0.779,-0.066,0.462,0.78,0.157,0.888,-0.373,-0.267,0.064,0.181,0.824,0.657,0.748,0.827,0.665,-0.35,-0.146,-0.404,0.694,0.66,-0.582,0.804,0.226,0.829,0.947,-0.838,-0.738,0.123,0.756,0.321,0.61,-0.793,0.865,0.901,0.193,0.197,0.76,0.344,0.333,0.815,0.734,0.504,-0.529,0.002,-0.088,0.863,0.435,0.584,0.359,0.0,0.721,-0.563,-0.01,0.524,-0.769,-0.35,0.684,-0.467,-0.186,0.748,-0.661,0.302,0.63,-0.328,-0.004,0.4,0.91,-0.165,0.503,-0.125,0.406,-0.142,-0.407,0.465,0.766,0.547,0.769,0.731,0.503,0.538,0.635,-0.818,0.85,0.742,0.787,0.149,0.718,0.739,0.832,0.291,0.453,-0.482,-0.869,0.798
ROP,0.597,0.678,0.547,0.78,-0.075,0.443,0.477,-0.189,-0.524,0.713,0.66,0.631,0.075,0.653,0.32,0.559,-0.492,0.633,0.586,0.623,0.725,-0.152,0.396,-0.458,0.393,0.531,-0.537,0.311,0.081,0.655,0.752,0.703,0.606,-0.706,0.645,0.631,0.851,0.927,0.284,0.34,0.651,-0.436,0.299,-0.531,-0.088,0.376,0.398,0.713,0.387,0.454,-0.414,0.13,0.527,-0.498,0.827,0.573,0.389,0.676,0.016,0.58,0.466,0.561,-0.526,0.34,0.478,0.085,-0.118,0.698,0.649,0.204,-0.358,-0.129,0.856,0.589,-0.548,0.567,-0.392,0.595,-0.103,0.715,0.441,-0.705,0.267,-0.01,-0.035,0.707,0.39,0.797,-0.041,-0.587,-0.237,-0.178,0.683,0.717,0.634,0.678,-0.596,0.887,0.843,-0.291,0.33,-0.144,0.376,0.372,0.748,-0.351,0.842,-0.062,0.704,0.522,0.359,0.829,-0.108,-0.288,-0.362,0.14,0.944,0.756,0.521,0.848,0.797,0.067,0.145,-0.19,0.416,0.887,-0.273,0.754,0.192,0.601,0.665,-0.545,-0.509,0.45,0.81,0.425,0.428,-0.533,0.769,0.699,0.035,0.297,0.681,0.549,0.52,0.766,0.519,0.683,-0.098,0.127,-0.217,0.6,0.32,0.75,0.528,0.721,0.0,-0.225,0.245,0.322,-0.543,-0.262,0.828,-0.301,0.101,0.386,-0.186,0.491,0.665,-0.274,-0.072,0.196,0.723,0.043,0.667,0.068,0.663,0.314,-0.071,0.597,0.475,0.626,0.757,0.749,0.44,0.297,0.599,-0.592,0.776,0.797,0.722,0.519,0.738,0.461,0.673,0.25,0.468,-0.613,-0.564,0.364
RUSHA,0.232,-0.456,0.531,-0.192,0.713,0.067,-0.491,0.624,0.588,-0.553,-0.526,0.39,-0.832,-0.814,-0.452,-0.1,0.842,-0.064,0.082,-0.643,-0.121,0.108,-0.31,0.532,-0.158,-0.743,0.86,0.258,0.699,-0.452,-0.362,-0.047,-0.375,0.652,0.162,0.199,-0.061,-0.234,0.295,0.788,-0.311,0.847,-0.736,0.748,0.827,0.395,-0.871,-0.646,0.532,-0.721,0.882,0.42,0.44,0.882,-0.31,-0.536,-0.489,0.301,-0.129,-0.732,0.223,0.425,0.737,-0.293,-0.545,0.333,0.801,-0.479,-0.204,-0.475,0.552,0.865,-0.322,-0.199,0.776,-0.872,0.707,0.455,0.655,-0.16,0.187,0.757,0.527,-0.114,0.829,-0.692,0.347,-0.595,-0.74,0.495,0.824,0.805,-0.281,0.012,-0.253,0.031,0.75,-0.417,-0.465,0.952,0.775,0.72,-0.737,0.049,-0.611,0.889,-0.202,0.437,0.18,-0.776,0.498,-0.373,0.852,0.741,-0.245,-0.5,-0.394,-0.405,-0.755,-0.16,-0.18,0.82,0.721,0.617,-0.56,-0.063,0.687,-0.103,0.36,-0.58,-0.633,0.877,0.844,0.416,-0.32,0.359,-0.068,0.818,-0.443,-0.341,-0.603,0.506,-0.591,0.492,0.241,-0.539,-0.099,0.236,0.78,0.73,0.251,-0.471,0.252,0.046,-0.343,-0.563,-0.225,0.0,0.773,0.109,0.837,0.831,-0.017,0.716,0.789,-0.841,0.805,0.237,0.13,0.703,0.171,-0.455,-0.561,0.698,0.277,0.63,0.295,0.582,0.915,0.372,-0.615,0.159,-0.257,-0.082,-0.443,-0.63,-0.032,0.823,-0.527,0.019,-0.752,0.559,-0.029,-0.824,-0.797,-0.557,-0.612,-0.167,0.809,-0.805
SANM,0.609,0.113,0.909,0.365,0.73,0.401,-0.149,0.559,0.334,-0.13,0.01,0.814,-0.806,-0.396,-0.123,0.454,0.605,0.5,0.552,-0.294,0.412,0.227,-0.249,0.136,0.342,-0.42,0.496,0.553,0.793,-0.088,0.14,0.482,0.173,0.233,0.507,0.359,0.363,0.25,0.384,0.893,0.226,0.616,-0.437,0.362,0.762,0.8,-0.555,-0.252,0.911,-0.398,0.62,0.738,0.855,0.563,0.135,0.022,-0.024,0.729,0.218,-0.202,0.598,0.802,0.459,-0.15,-0.429,0.626,0.765,0.003,0.221,-0.442,0.459,0.815,0.261,0.31,0.418,-0.539,0.613,0.671,0.752,0.395,0.691,0.334,0.88,-0.211,0.894,-0.291,0.763,-0.047,-0.761,0.253,0.78,0.725,0.311,0.588,0.321,0.597,0.358,0.058,0.118,0.711,0.889,0.776,-0.468,0.398,-0.041,0.621,0.352,0.56,0.532,-0.427,0.835,0.182,0.85,0.684,-0.307,-0.577,0.162,-0.039,-0.46,0.392,0.298,0.727,0.894,0.617,-0.215,0.351,0.578,0.489,0.56,-0.067,-0.076,0.493,0.55,0.683,0.208,0.783,0.451,0.504,0.157,0.17,-0.647,0.86,-0.252,0.861,0.528,0.032,0.42,0.658,0.572,0.854,0.323,0.003,0.521,0.534,-0.278,-0.01,0.245,0.773,0.0,0.495,0.524,0.779,0.418,0.676,0.911,-0.588,0.551,0.576,0.656,0.737,0.36,-0.378,-0.046,0.682,0.724,0.605,0.702,0.538,0.843,0.771,-0.313,0.678,0.17,0.494,-0.337,-0.353,0.427,0.464,-0.034,0.602,-0.293,0.77,0.401,-0.52,-0.323,-0.402,-0.478,-0.512,0.405,-0.464
SATS,0.516,0.631,0.535,0.494,0.243,0.677,0.55,-0.05,-0.19,0.359,0.502,0.63,-0.083,0.188,0.537,0.647,-0.012,0.765,0.578,0.36,0.754,-0.043,0.125,-0.288,0.429,0.263,-0.133,0.586,0.264,0.49,0.559,0.591,0.648,-0.108,0.66,0.282,0.529,0.434,0.397,0.363,0.482,-0.032,0.333,-0.285,0.147,0.629,0.224,0.343,0.598,0.371,-0.034,0.673,0.454,-0.125,0.493,0.62,0.544,0.665,0.403,0.383,0.646,0.561,-0.119,-0.051,0.117,0.304,0.089,0.544,0.351,0.136,-0.113,0.229,0.593,0.602,-0.196,0.05,0.073,0.463,0.331,0.416,0.659,-0.21,0.599,-0.435,0.286,0.365,0.404,0.436,-0.091,-0.266,0.23,0.119,0.589,0.595,0.605,0.687,-0.244,0.395,0.514,0.037,0.375,0.208,0.347,0.593,0.406,-0.128,0.486,0.214,0.503,0.261,0.621,0.54,0.181,0.337,0.15,-0.091,0.411,0.28,0.235,0.561,0.506,0.198,0.392,0.128,0.512,0.461,-0.091,0.726,0.476,0.525,0.555,-0.163,-0.087,0.274,0.449,0.601,0.703,-0.162,0.475,0.683,-0.202,0.441,0.342,0.644,0.545,0.35,0.821,0.57,-0.013,0.531,0.112,0.59,0.726,0.584,0.073,0.524,0.322,0.109,0.495,0.0,-0.082,0.305,0.598,0.078,0.345,0.183,-0.101,0.421,0.705,0.411,0.407,0.182,0.544,0.156,0.609,0.229,0.444,0.202,0.162,0.673,0.463,0.569,0.574,0.633,0.217,0.122,0.651,-0.213,0.433,0.639,0.202,0.365,0.648,0.218,0.258,-0.048,-0.085,-0.343,-0.219,0.167
SBCF,-0.022,-0.656,0.229,-0.366,0.692,-0.16,-0.722,0.757,0.889,-0.747,-0.676,0.085,-0.789,-0.929,-0.516,-0.339,0.941,-0.313,-0.139,-0.862,-0.468,0.394,-0.517,0.537,-0.1,-0.881,0.967,-0.054,0.656,-0.738,-0.633,-0.198,-0.58,0.805,-0.227,-0.184,-0.51,-0.569,0.19,0.48,-0.402,0.975,-0.645,0.876,0.818,0.171,-0.883,-0.872,0.3,-0.873,0.951,0.351,0.231,0.942,-0.664,-0.673,-0.518,-0.04,0.001,-0.748,-0.158,0.167,0.931,-0.3,-0.711,0.438,0.822,-0.695,-0.287,-0.47,0.793,0.804,-0.609,-0.259,0.962,-0.856,0.851,0.048,0.639,-0.243,0.007,0.91,0.404,0.079,0.77,-0.813,0.236,-0.778,-0.655,0.841,0.748,0.868,-0.415,-0.245,-0.396,-0.253,0.925,-0.748,-0.702,0.87,0.457,0.783,-0.851,-0.091,-0.712,0.899,-0.416,0.485,-0.152,-0.925,0.305,-0.66,0.789,0.669,-0.153,-0.579,-0.634,-0.676,-0.91,-0.505,-0.44,0.648,0.649,0.758,-0.713,-0.486,0.861,-0.383,0.181,-0.685,-0.776,0.962,0.955,0.323,-0.507,0.263,-0.113,0.981,-0.59,-0.664,-0.531,0.387,-0.832,0.107,-0.003,-0.612,-0.304,-0.059,0.7,0.459,0.389,-0.721,-0.113,-0.228,-0.606,-0.769,-0.543,0.837,0.524,-0.082,0.0,0.805,-0.415,0.835,0.652,-0.882,0.752,0.127,-0.185,0.734,0.293,-0.607,-0.782,0.431,0.011,0.384,0.008,0.289,0.784,-0.049,-0.782,-0.082,-0.581,-0.326,-0.669,-0.554,-0.246,0.947,-0.731,-0.293,-0.823,0.185,-0.431,-0.915,-0.861,-0.408,-0.767,0.191,0.954,-0.83
SBLK,0.307,-0.279,0.551,0.009,0.711,0.182,-0.3,0.706,0.651,-0.476,-0.398,0.459,-0.831,-0.773,-0.123,0.136,0.902,0.103,0.097,-0.596,0.011,0.452,-0.337,0.464,0.164,-0.648,0.754,0.204,0.752,-0.509,-0.223,0.158,-0.224,0.711,0.209,0.032,-0.096,-0.223,0.32,0.631,-0.097,0.849,-0.537,0.726,0.791,0.584,-0.75,-0.625,0.639,-0.635,0.79,0.678,0.523,0.795,-0.32,-0.292,-0.183,0.391,0.244,-0.459,0.273,0.513,0.742,-0.19,-0.648,0.575,0.857,-0.38,-0.092,-0.41,0.691,0.873,-0.184,0.083,0.705,-0.785,0.825,0.35,0.871,0.03,0.437,0.737,0.711,-0.018,0.881,-0.581,0.55,-0.461,-0.677,0.595,0.909,0.858,-0.054,0.208,-0.104,0.189,0.64,-0.445,-0.336,0.885,0.659,0.773,-0.657,0.109,-0.464,0.811,-0.012,0.731,0.172,-0.726,0.529,-0.27,0.893,0.88,-0.163,-0.707,-0.336,-0.467,-0.727,-0.035,-0.127,0.665,0.778,0.748,-0.447,-0.186,0.726,0.071,0.586,-0.398,-0.414,0.755,0.849,0.543,-0.215,0.573,0.287,0.775,-0.236,-0.201,-0.649,0.709,-0.592,0.461,0.284,-0.371,0.156,0.346,0.589,0.733,0.459,-0.361,0.296,0.12,-0.589,-0.35,-0.262,0.831,0.779,0.305,0.805,0.0,-0.06,0.796,0.832,-0.673,0.557,0.308,0.258,0.803,0.313,-0.493,-0.449,0.63,0.403,0.579,0.357,0.326,0.866,0.357,-0.493,0.3,-0.224,0.098,-0.493,-0.353,0.054,0.764,-0.447,0.152,-0.674,0.446,0.009,-0.773,-0.689,-0.395,-0.738,-0.112,0.695,-0.594
SBUX,0.748,0.683,0.649,0.686,0.067,0.606,0.553,-0.25,-0.522,0.654,0.562,0.76,-0.003,0.506,0.44,0.617,-0.39,0.733,0.666,0.655,0.87,-0.282,0.49,-0.282,0.252,0.488,-0.431,0.57,0.153,0.783,0.795,0.714,0.654,-0.52,0.795,0.814,0.939,0.923,0.416,0.485,0.597,-0.342,0.219,-0.478,0.015,0.518,0.331,0.722,0.57,0.477,-0.302,0.375,0.571,-0.393,0.897,0.58,0.301,0.851,-0.016,0.427,0.609,0.662,-0.528,0.316,0.517,0.003,-0.054,0.715,0.514,0.141,-0.395,0.052,0.867,0.461,-0.484,0.323,-0.304,0.824,0.004,0.572,0.494,-0.586,0.402,-0.256,0.097,0.6,0.361,0.707,-0.068,-0.625,-0.083,-0.096,0.708,0.706,0.628,0.775,-0.516,0.859,0.81,-0.133,0.516,-0.109,0.377,0.391,0.612,-0.297,0.804,-0.097,0.858,0.452,0.472,0.824,-0.004,-0.065,-0.273,0.163,0.815,0.803,0.493,0.862,0.816,0.26,0.232,-0.167,0.465,0.954,-0.307,0.85,0.38,0.574,0.642,-0.429,-0.409,0.434,0.795,0.526,0.491,-0.463,0.687,0.808,-0.141,0.322,0.697,0.737,0.62,0.614,0.623,0.834,0.017,0.332,-0.352,0.719,0.663,0.83,0.609,0.684,0.828,-0.017,0.418,0.598,-0.415,-0.06,0.0,-0.289,0.251,0.315,-0.101,0.421,0.821,-0.101,-0.016,0.224,0.73,0.081,0.746,0.359,0.68,0.564,0.087,0.765,0.46,0.633,0.899,0.767,0.576,0.128,0.687,-0.513,0.784,0.845,0.54,0.707,0.881,0.353,0.476,0.05,0.341,-0.715,-0.482,0.193
SCHL,0.138,-0.304,0.479,-0.044,0.712,0.056,-0.596,0.761,0.801,-0.529,-0.303,0.319,-0.821,-0.695,-0.392,0.053,0.863,0.035,0.187,-0.761,-0.238,0.573,-0.683,0.246,0.337,-0.757,0.794,0.163,0.751,-0.623,-0.388,0.115,-0.214,0.531,-0.068,-0.263,-0.338,-0.364,0.175,0.525,-0.065,0.897,-0.45,0.655,0.779,0.426,-0.71,-0.74,0.554,-0.745,0.85,0.556,0.526,0.809,-0.484,-0.316,-0.153,0.144,0.349,-0.409,0.124,0.41,0.844,-0.311,-0.795,0.763,0.834,-0.461,-0.07,-0.562,0.833,0.804,-0.309,0.063,0.788,-0.692,0.876,0.048,0.766,0.159,0.38,0.699,0.651,0.1,0.842,-0.679,0.589,-0.458,-0.737,0.777,0.754,0.835,-0.064,0.128,-0.002,0.108,0.737,-0.526,-0.379,0.727,0.477,0.931,-0.754,0.232,-0.346,0.783,-0.126,0.645,-0.078,-0.75,0.576,-0.347,0.856,0.684,-0.131,-0.748,-0.337,-0.542,-0.808,-0.187,-0.195,0.504,0.795,0.827,-0.538,-0.336,0.879,-0.05,0.255,-0.374,-0.462,0.768,0.821,0.435,-0.244,0.518,0.24,0.855,-0.215,-0.413,-0.501,0.683,-0.736,0.296,0.151,-0.248,-0.003,0.101,0.563,0.59,0.597,-0.475,0.009,0.04,-0.734,-0.467,-0.301,0.716,0.676,0.078,0.835,0.796,-0.289,0.0,0.749,-0.781,0.611,0.422,0.12,0.846,0.523,-0.59,-0.507,0.481,0.244,0.36,0.282,0.123,0.754,0.158,-0.692,0.304,-0.482,0.042,-0.781,-0.37,-0.017,0.803,-0.487,0.05,-0.56,0.223,-0.241,-0.746,-0.571,-0.302,-0.754,0.047,0.741,-0.56
SCSC,0.635,-0.078,0.799,0.235,0.864,0.321,-0.348,0.713,0.538,-0.162,-0.126,0.701,-0.824,-0.524,-0.165,0.25,0.722,0.353,0.434,-0.401,0.202,0.457,-0.245,0.312,0.343,-0.488,0.633,0.447,0.811,-0.253,0.044,0.412,0.005,0.411,0.402,0.312,0.174,0.137,0.497,0.802,0.231,0.745,-0.445,0.565,0.882,0.71,-0.613,-0.354,0.834,-0.522,0.737,0.7,0.782,0.693,0.017,-0.149,-0.107,0.616,0.21,-0.341,0.356,0.739,0.598,0.034,-0.41,0.612,0.885,-0.138,0.189,-0.383,0.656,0.912,0.113,0.217,0.585,-0.604,0.78,0.599,0.82,0.337,0.64,0.496,0.857,0.088,0.918,-0.416,0.737,-0.175,-0.694,0.485,0.802,0.823,0.242,0.405,0.162,0.474,0.554,-0.091,-0.025,0.779,0.854,0.792,-0.603,0.328,-0.152,0.701,0.282,0.615,0.494,-0.55,0.77,0.034,0.91,0.688,-0.359,-0.61,0.022,-0.092,-0.568,0.248,0.243,0.729,0.918,0.759,-0.355,0.185,0.733,0.335,0.615,-0.168,-0.226,0.624,0.708,0.757,0.163,0.756,0.4,0.653,0.082,-0.025,-0.609,0.805,-0.328,0.713,0.538,-0.04,0.256,0.622,0.725,0.722,0.35,-0.138,0.393,0.468,-0.304,-0.186,0.101,0.789,0.911,0.345,0.652,0.832,0.251,0.749,0.0,-0.624,0.686,0.558,0.547,0.786,0.391,-0.484,-0.214,0.598,0.615,0.693,0.657,0.566,0.882,0.606,-0.423,0.567,0.043,0.4,-0.388,-0.229,0.24,0.618,-0.135,0.436,-0.367,0.723,0.23,-0.626,-0.446,-0.241,-0.538,-0.316,0.576,-0.579
SDGR,0.042,0.616,-0.337,0.334,-0.637,0.23,0.774,-0.67,-0.75,0.741,0.61,-0.11,0.828,0.834,0.73,0.286,-0.838,0.283,0.052,0.87,0.425,-0.229,0.568,-0.433,0.153,0.921,-0.874,-0.019,-0.619,0.652,0.643,0.206,0.549,-0.582,0.238,0.106,0.39,0.46,-0.062,-0.591,0.434,-0.878,0.789,-0.754,-0.768,-0.2,0.926,0.83,-0.329,0.893,-0.898,-0.222,-0.296,-0.886,0.591,0.674,0.622,0.011,0.133,0.752,0.066,-0.162,-0.826,0.403,0.749,-0.394,-0.78,0.703,0.306,0.61,-0.665,-0.735,0.561,0.35,-0.87,0.819,-0.734,-0.122,-0.511,0.186,0.013,-0.789,-0.366,0.062,-0.752,0.83,-0.276,0.724,0.753,-0.703,-0.703,-0.781,0.423,0.17,0.34,0.214,-0.831,0.627,0.627,-0.808,-0.523,-0.785,0.887,0.132,0.644,-0.889,0.396,-0.375,0.118,0.876,-0.335,0.607,-0.76,-0.535,0.3,0.558,0.503,0.586,0.907,0.426,0.42,-0.675,-0.626,-0.64,0.729,0.322,-0.804,0.34,-0.026,0.701,0.78,-0.9,-0.846,-0.312,0.473,-0.206,0.232,-0.897,0.569,0.647,0.575,-0.399,0.829,-0.209,0.072,0.567,0.361,0.068,-0.651,-0.47,-0.261,0.71,0.16,0.194,0.536,0.748,0.386,-0.841,-0.588,0.183,-0.882,-0.673,0.315,-0.781,-0.624,0.0,-0.765,-0.087,0.147,-0.642,-0.18,0.595,0.751,-0.532,-0.024,-0.312,-0.043,-0.306,-0.775,-0.058,0.86,0.026,0.549,0.306,0.702,0.694,0.218,-0.869,0.702,0.196,0.756,-0.284,0.379,0.901,0.781,0.558,0.696,-0.009,-0.865,0.854
SEIC,0.259,-0.543,0.35,-0.338,0.81,-0.053,-0.727,0.646,0.623,-0.388,-0.437,0.195,-0.622,-0.686,-0.623,-0.398,0.699,-0.151,0.06,-0.567,-0.298,0.203,-0.266,0.5,-0.162,-0.609,0.818,0.187,0.482,-0.457,-0.354,-0.12,-0.436,0.553,0.01,0.157,-0.192,-0.228,0.476,0.635,-0.169,0.777,-0.605,0.745,0.83,0.212,-0.745,-0.537,0.318,-0.656,0.857,0.172,0.28,0.848,-0.253,-0.655,-0.532,0.075,-0.317,-0.771,-0.113,0.238,0.728,-0.069,-0.322,0.185,0.751,-0.447,-0.036,-0.222,0.576,0.773,-0.377,-0.268,0.793,-0.693,0.701,0.321,0.506,-0.167,0.09,0.694,0.396,0.175,0.632,-0.634,0.228,-0.567,-0.507,0.59,0.595,0.677,-0.252,-0.222,-0.343,-0.086,0.833,-0.381,-0.473,0.774,0.649,0.602,-0.711,0.044,-0.518,0.764,-0.244,0.272,0.171,-0.639,0.394,-0.386,0.701,0.435,-0.244,-0.291,-0.356,-0.266,-0.651,-0.259,-0.087,0.677,0.644,0.665,-0.504,-0.082,0.725,-0.238,0.201,-0.506,-0.66,0.829,0.79,0.363,-0.229,0.223,-0.212,0.775,-0.415,-0.492,-0.37,0.251,-0.457,0.337,0.245,-0.459,-0.34,0.139,0.872,0.365,0.122,-0.523,0.013,0.033,-0.139,-0.661,-0.186,0.805,0.551,-0.101,0.752,0.557,-0.101,0.611,0.686,-0.765,0.0,0.193,0.017,0.6,0.194,-0.368,-0.595,0.469,0.055,0.486,0.241,0.613,0.766,0.193,-0.585,0.031,-0.255,-0.145,-0.372,-0.418,-0.159,0.788,-0.492,-0.149,-0.574,0.467,-0.173,-0.676,-0.672,-0.219,-0.387,0.042,0.837,-0.864
SFIX,0.571,0.427,0.698,0.609,0.446,0.497,0.037,0.3,0.131,0.283,0.412,0.728,-0.389,0.101,0.135,0.505,0.157,0.587,0.678,0.107,0.419,0.276,-0.18,-0.283,0.671,0.037,0.088,0.42,0.531,0.167,0.393,0.706,0.467,-0.173,0.431,0.254,0.375,0.423,0.36,0.531,0.566,0.239,0.194,-0.041,0.395,0.53,-0.011,0.108,0.648,-0.021,0.24,0.618,0.744,0.12,0.328,0.314,0.345,0.626,0.407,0.25,0.494,0.748,0.149,0.201,-0.062,0.628,0.404,0.361,0.542,-0.103,0.335,0.432,0.519,0.64,0.076,0.002,0.303,0.374,0.466,0.7,0.59,-0.101,0.68,0.147,0.486,0.156,0.689,0.377,-0.424,0.07,0.189,0.386,0.587,0.627,0.587,0.669,0.043,0.358,0.439,0.202,0.456,0.517,-0.066,0.7,0.43,0.113,0.595,0.321,0.471,-0.024,0.705,0.463,0.493,0.28,-0.152,-0.243,0.479,0.235,-0.006,0.49,0.555,0.237,0.677,0.462,0.057,0.401,0.35,0.584,0.411,0.362,0.324,0.05,0.13,0.534,0.545,0.732,0.632,0.143,0.529,0.31,-0.131,0.646,0.132,0.554,0.669,0.528,0.534,0.598,0.338,0.541,0.243,0.28,0.374,0.646,-0.062,0.302,0.491,0.237,0.576,0.421,0.127,0.308,0.421,0.422,0.558,-0.087,0.193,0.0,0.631,0.425,0.5,-0.11,0.334,0.188,0.693,0.316,0.721,0.317,0.393,0.513,0.02,0.727,0.258,0.669,-0.093,0.117,0.493,0.05,0.396,0.627,0.264,0.42,0.446,-0.024,0.166,0.177,-0.087,-0.291,0.035,0.017
SGRY,0.866,0.708,0.83,0.687,0.394,0.743,0.413,0.023,-0.267,0.598,0.645,0.875,-0.199,0.335,0.432,0.795,-0.073,0.917,0.808,0.444,0.84,0.127,0.155,-0.251,0.627,0.345,-0.231,0.75,0.344,0.554,0.8,0.856,0.739,-0.322,0.82,0.542,0.786,0.786,0.472,0.544,0.777,-0.058,0.229,-0.297,0.235,0.793,0.2,0.503,0.822,0.341,-0.05,0.678,0.786,-0.128,0.761,0.64,0.518,0.894,0.342,0.421,0.755,0.843,-0.25,0.305,0.192,0.392,0.244,0.675,0.579,-0.001,-0.06,0.361,0.834,0.634,-0.291,0.101,0.107,0.722,0.438,0.743,0.854,-0.353,0.753,-0.097,0.367,0.363,0.733,0.66,-0.2,-0.314,0.238,0.119,0.832,0.833,0.72,0.961,-0.296,0.69,0.772,0.038,0.599,0.246,0.212,0.631,0.625,-0.122,0.831,0.308,0.788,0.315,0.757,0.809,0.331,0.25,-0.12,-0.155,0.711,0.613,0.286,0.89,0.823,0.212,0.534,0.201,0.425,0.764,-0.011,0.939,0.635,0.64,0.635,-0.247,-0.128,0.554,0.787,0.774,0.782,-0.215,0.759,0.77,-0.204,0.64,0.48,0.851,0.753,0.633,0.769,0.884,0.121,0.532,-0.005,0.689,0.769,0.92,0.217,0.63,0.665,0.13,0.656,0.705,-0.185,0.258,0.821,0.12,0.547,0.147,0.017,0.631,0.0,0.328,0.321,0.12,0.66,0.267,0.81,0.502,0.867,0.418,0.282,0.856,0.321,0.896,0.732,0.941,0.255,0.253,0.735,-0.238,0.672,0.925,0.424,0.697,0.81,0.215,0.373,0.141,0.061,-0.581,-0.306,0.153
SKYW,0.299,-0.107,0.539,-0.06,0.8,0.324,-0.38,0.614,0.613,-0.32,-0.119,0.407,-0.672,-0.595,-0.206,0.198,0.777,0.277,0.311,-0.545,-0.0,0.442,-0.549,0.188,0.386,-0.547,0.689,0.454,0.634,-0.365,-0.16,0.185,-0.006,0.531,0.178,-0.177,-0.172,-0.25,0.321,0.569,0.11,0.787,-0.268,0.517,0.739,0.582,-0.559,-0.543,0.641,-0.482,0.774,0.669,0.508,0.749,-0.264,-0.12,0.017,0.279,0.372,-0.351,0.335,0.476,0.71,-0.212,-0.621,0.651,0.753,-0.241,0.003,-0.356,0.642,0.83,-0.156,0.155,0.647,-0.686,0.849,0.182,0.816,0.137,0.56,0.626,0.752,-0.048,0.792,-0.553,0.61,-0.321,-0.58,0.601,0.779,0.708,0.066,0.182,0.089,0.295,0.643,-0.38,-0.244,0.672,0.537,0.859,-0.505,0.399,-0.231,0.63,-0.056,0.618,0.062,-0.544,0.735,-0.182,0.811,0.734,0.086,-0.6,-0.258,-0.39,-0.599,-0.055,-0.015,0.455,0.8,0.762,-0.223,-0.186,0.693,0.14,0.427,-0.164,-0.271,0.677,0.745,0.351,-0.126,0.556,0.389,0.712,-0.109,-0.15,-0.45,0.643,-0.515,0.479,0.362,-0.217,0.229,0.214,0.505,0.687,0.523,-0.207,0.319,0.205,-0.59,-0.328,-0.274,0.703,0.737,0.411,0.734,0.803,-0.101,0.846,0.786,-0.642,0.6,0.425,0.328,0.0,0.574,-0.331,-0.301,0.528,0.309,0.469,0.368,0.207,0.709,0.363,-0.408,0.419,-0.258,0.201,-0.572,-0.239,0.132,0.709,-0.341,0.152,-0.48,0.31,-0.032,-0.566,-0.481,-0.242,-0.664,0.065,0.634,-0.508
SLP,0.293,0.195,0.34,0.215,0.451,0.307,-0.185,0.347,0.424,0.027,0.224,0.348,-0.261,-0.087,0.032,0.273,0.278,0.38,0.502,-0.145,0.109,0.361,-0.431,-0.267,0.545,-0.131,0.245,0.322,0.356,-0.038,0.087,0.354,0.321,0.073,0.086,-0.231,-0.081,-0.063,0.202,0.21,0.353,0.351,0.206,0.061,0.347,0.347,-0.013,-0.135,0.452,-0.086,0.34,0.598,0.421,0.235,-0.041,0.21,0.312,0.196,0.426,0.141,0.218,0.34,0.339,-0.113,-0.251,0.637,0.32,0.134,0.263,-0.243,0.428,0.37,0.111,0.319,0.267,-0.126,0.467,-0.04,0.421,0.364,0.458,0.14,0.526,-0.031,0.407,-0.102,0.391,0.077,-0.261,0.356,0.226,0.372,0.371,0.239,0.419,0.389,0.263,-0.044,0.105,0.149,0.176,0.569,-0.094,0.531,0.209,0.138,0.118,0.257,0.033,-0.126,0.58,0.13,0.365,0.256,0.197,-0.268,0.051,-0.096,-0.184,0.058,0.229,0.122,0.515,0.506,0.093,-0.057,0.434,0.277,0.137,0.171,0.119,0.195,0.247,0.175,0.166,0.533,0.471,0.309,0.247,0.05,-0.204,0.422,-0.14,0.235,0.268,0.245,0.312,0.189,0.192,0.337,0.382,0.105,0.229,0.301,-0.321,-0.004,-0.072,0.171,0.36,0.407,0.293,0.313,-0.016,0.523,0.391,-0.18,0.194,0.5,0.321,0.574,0.0,-0.184,0.089,-0.031,0.265,0.166,0.282,0.006,0.252,0.175,-0.135,0.396,-0.086,0.331,-0.357,0.009,0.278,0.222,0.063,0.242,0.019,0.052,0.073,-0.092,0.02,0.106,-0.255,-0.004,0.194,-0.078
SNES,0.006,0.399,-0.234,-0.061,-0.341,0.296,0.534,-0.691,-0.686,0.54,0.493,-0.168,0.69,0.506,0.355,0.115,-0.567,0.264,0.051,0.651,0.283,-0.468,0.409,-0.283,-0.063,0.704,-0.549,0.193,-0.642,0.511,0.459,0.059,0.377,-0.3,0.256,0.071,0.304,0.254,0.074,-0.301,0.217,-0.602,0.533,-0.54,-0.599,-0.124,0.574,0.564,-0.298,0.746,-0.531,-0.199,-0.372,-0.504,0.465,0.366,0.361,-0.053,-0.17,0.298,0.231,-0.163,-0.571,0.152,0.532,-0.514,-0.607,0.522,0.147,0.55,-0.702,-0.427,0.285,0.121,-0.6,0.389,-0.538,-0.07,-0.306,-0.041,-0.075,-0.438,-0.262,-0.095,-0.634,0.449,-0.28,0.402,0.622,-0.661,-0.449,-0.681,0.173,-0.052,0.059,0.097,-0.509,0.425,0.332,-0.513,-0.301,-0.579,0.695,0.197,0.328,-0.64,0.103,-0.31,0.08,0.714,-0.184,0.364,-0.529,-0.278,0.471,0.583,0.247,0.392,0.71,0.217,0.273,-0.519,-0.44,-0.435,0.68,0.248,-0.675,0.153,0.096,0.522,0.466,-0.539,-0.534,-0.466,0.192,-0.343,0.017,-0.64,0.208,0.453,0.617,-0.459,0.61,-0.058,0.212,0.162,0.175,-0.054,-0.352,-0.191,-0.367,0.53,0.313,0.104,0.486,0.4,0.196,-0.455,-0.378,0.182,-0.607,-0.493,0.224,-0.59,-0.484,0.595,-0.368,-0.11,0.12,-0.331,-0.184,0.0,0.525,-0.167,-0.185,-0.156,-0.042,-0.118,-0.52,0.094,0.643,-0.028,0.374,0.132,0.619,0.406,0.146,-0.529,0.394,0.013,0.409,-0.232,0.282,0.707,0.447,0.377,0.578,0.168,-0.528,0.457
STAA,0.446,0.916,0.259,0.671,-0.315,0.606,0.782,-0.565,-0.748,0.863,0.872,0.431,0.491,0.875,0.689,0.707,-0.726,0.752,0.561,0.866,0.795,-0.24,0.427,-0.63,0.485,0.835,-0.807,0.441,-0.249,0.878,0.889,0.66,0.868,-0.747,0.608,0.374,0.757,0.799,0.128,-0.075,0.733,-0.716,0.745,-0.854,-0.481,0.267,0.809,0.905,0.218,0.849,-0.706,0.179,0.249,-0.782,0.859,0.907,0.733,0.519,0.287,0.843,0.554,0.364,-0.786,0.34,0.625,-0.035,-0.507,0.926,0.563,0.348,-0.617,-0.393,0.896,0.63,-0.846,0.709,-0.567,0.298,-0.225,0.614,0.435,-0.871,0.129,-0.152,-0.363,0.843,0.21,0.95,0.364,-0.769,-0.46,-0.551,0.764,0.63,0.752,0.704,-0.828,0.903,0.937,-0.645,-0.07,-0.379,0.801,0.497,0.903,-0.763,0.747,-0.207,0.487,0.841,0.245,0.918,-0.426,-0.339,0.155,0.362,0.848,0.792,0.849,0.795,0.77,-0.371,-0.153,-0.422,0.79,0.721,-0.632,0.802,0.181,0.91,0.961,-0.836,-0.779,0.027,0.81,0.27,0.597,-0.816,0.852,0.918,0.335,0.064,0.863,0.343,0.456,0.833,0.721,0.49,-0.477,-0.004,-0.233,0.927,0.504,0.673,0.521,0.91,0.723,-0.561,-0.046,0.544,-0.782,-0.449,0.73,-0.507,-0.214,0.751,-0.595,0.334,0.66,-0.301,0.089,0.525,0.0,-0.258,0.452,-0.052,0.441,-0.008,-0.466,0.454,0.775,0.558,0.798,0.754,0.61,0.533,0.659,-0.836,0.939,0.706,0.865,0.138,0.723,0.819,0.865,0.411,0.553,-0.364,-0.852,0.731
STLD,0.186,-0.151,0.529,0.003,0.44,0.167,-0.122,0.415,0.17,-0.284,-0.199,0.369,-0.597,-0.48,-0.23,0.184,0.59,0.168,0.042,-0.384,0.139,0.062,-0.186,0.326,0.019,-0.411,0.483,0.349,0.465,-0.281,-0.099,0.064,-0.136,0.378,0.341,0.159,0.156,-0.021,0.121,0.669,-0.149,0.487,-0.54,0.431,0.49,0.551,-0.629,-0.384,0.474,-0.397,0.518,0.266,0.399,0.571,-0.09,-0.198,-0.161,0.335,0.017,-0.384,0.493,0.381,0.44,-0.262,-0.447,0.257,0.558,-0.227,-0.075,-0.282,0.244,0.602,-0.067,0.026,0.373,-0.581,0.436,0.384,0.602,-0.018,0.369,0.454,0.496,-0.168,0.58,-0.391,0.479,-0.275,-0.558,0.143,0.772,0.465,-0.143,0.273,-0.14,0.188,0.339,-0.164,-0.174,0.692,0.637,0.504,-0.421,0.022,-0.336,0.649,-0.02,0.513,0.191,-0.399,0.411,-0.104,0.647,0.635,-0.122,-0.445,-0.117,-0.285,-0.44,0.12,-0.076,0.499,0.513,0.4,-0.282,0.088,0.38,0.098,0.461,-0.273,-0.294,0.509,0.531,0.299,-0.197,0.24,0.07,0.432,-0.215,-0.008,-0.377,0.528,-0.329,0.56,0.263,-0.355,0.123,0.237,0.433,0.694,0.362,-0.212,0.321,0.115,-0.34,-0.165,0.043,0.698,0.682,0.156,0.431,0.63,0.081,0.481,0.598,-0.532,0.469,0.188,0.267,0.528,-0.031,-0.167,-0.258,0.0,0.308,0.434,0.375,0.255,0.667,0.536,-0.259,0.308,-0.096,0.116,-0.309,-0.342,0.129,0.502,-0.34,0.214,-0.47,0.494,0.134,-0.461,-0.451,-0.43,-0.399,-0.211,0.416,-0.372
STOK,0.722,0.544,0.863,0.826,0.307,0.597,0.309,0.227,-0.026,0.315,0.345,0.914,-0.489,0.149,0.328,0.719,0.099,0.707,0.657,0.206,0.722,0.123,0.123,-0.217,0.527,0.058,-0.053,0.51,0.602,0.366,0.527,0.796,0.525,-0.237,0.691,0.572,0.699,0.685,0.353,0.671,0.537,0.115,0.058,-0.131,0.377,0.722,-0.025,0.269,0.827,0.016,0.082,0.707,0.863,-0.03,0.526,0.475,0.279,0.916,0.333,0.352,0.649,0.855,-0.058,0.151,-0.005,0.53,0.387,0.42,0.439,-0.201,0.115,0.397,0.714,0.622,-0.09,0.048,0.15,0.729,0.439,0.722,0.7,-0.235,0.724,-0.175,0.574,0.319,0.708,0.489,-0.524,-0.167,0.31,0.401,0.677,0.845,0.669,0.818,-0.184,0.524,0.613,0.256,0.663,0.408,-0.024,0.47,0.455,0.135,0.782,0.331,0.726,-0.009,0.731,0.597,0.451,0.356,-0.424,-0.348,0.652,0.395,0.026,0.743,0.643,0.508,0.622,0.279,0.101,0.669,0.188,0.822,0.534,0.335,0.439,-0.063,0.014,0.754,0.644,0.827,0.72,-0.011,0.611,0.585,-0.497,0.784,0.245,0.767,0.609,0.543,0.705,0.86,0.181,0.644,0.096,0.413,0.568,0.781,0.045,0.503,0.667,0.277,0.724,0.609,0.011,0.403,0.746,0.244,0.615,-0.024,0.055,0.693,0.81,0.309,0.265,-0.185,0.452,0.308,0.0,0.441,0.761,0.447,0.433,0.756,0.111,0.782,0.536,0.79,0.074,-0.024,0.648,-0.116,0.512,0.879,0.265,0.715,0.69,-0.073,0.202,-0.119,-0.131,-0.667,-0.139,0.042
SWKS,0.68,-0.085,0.566,0.035,0.59,0.488,-0.132,0.307,0.216,0.051,-0.158,0.563,-0.48,-0.354,0.089,0.189,0.425,0.24,0.328,-0.094,0.203,0.122,0.064,0.472,0.053,-0.185,0.388,0.515,0.513,0.07,0.216,0.283,0.023,0.373,0.542,0.512,0.343,0.247,0.474,0.603,0.18,0.443,-0.297,0.378,0.522,0.48,-0.359,-0.065,0.609,-0.221,0.458,0.537,0.528,0.461,0.229,-0.126,-0.155,0.565,-0.045,-0.365,0.382,0.622,0.221,0.281,-0.017,0.169,0.545,-0.017,0.012,-0.253,0.256,0.715,0.13,-0.055,0.308,-0.541,0.438,0.673,0.558,0.096,0.386,0.343,0.52,0.116,0.539,-0.297,0.426,-0.067,-0.391,0.132,0.516,0.458,0.159,0.234,0.01,0.417,0.341,0.085,0.036,0.582,0.704,0.351,-0.328,0.24,-0.159,0.41,0.264,0.344,0.523,-0.322,0.494,0.133,0.6,0.514,-0.175,-0.27,-0.007,0.23,-0.242,0.278,0.351,0.543,0.542,0.409,-0.153,0.287,0.315,0.287,0.611,-0.125,-0.152,0.402,0.442,0.428,0.193,0.46,0.225,0.361,0.043,0.128,-0.356,0.428,-0.024,0.543,0.524,-0.082,0.144,0.592,0.574,0.557,-0.012,0.093,0.584,0.497,0.088,-0.125,0.068,0.63,0.605,0.229,0.384,0.579,0.359,0.36,0.693,-0.312,0.486,0.316,0.502,0.469,0.166,-0.156,-0.052,0.434,0.441,0.0,0.6,0.713,0.658,0.471,-0.243,0.421,0.181,0.338,0.03,-0.188,0.172,0.4,0.063,0.331,-0.251,0.691,0.349,-0.4,-0.4,-0.109,-0.246,-0.272,0.348,-0.438
TER,0.881,0.468,0.843,0.604,0.524,0.654,0.158,0.242,-0.062,0.492,0.47,0.89,-0.341,0.142,0.236,0.618,0.116,0.724,0.719,0.247,0.624,0.267,0.042,-0.128,0.604,0.18,-0.017,0.57,0.485,0.309,0.673,0.785,0.496,-0.185,0.774,0.524,0.688,0.702,0.517,0.641,0.726,0.158,0.048,-0.036,0.42,0.741,-0.03,0.312,0.787,0.098,0.151,0.603,0.847,0.102,0.621,0.364,0.365,0.836,0.252,0.232,0.639,0.902,-0.03,0.371,0.077,0.467,0.442,0.515,0.647,-0.054,0.153,0.533,0.679,0.568,-0.072,-0.022,0.267,0.722,0.563,0.716,0.792,-0.16,0.755,0.174,0.47,0.208,0.812,0.494,-0.337,-0.103,0.33,0.291,0.678,0.749,0.54,0.837,-0.074,0.568,0.591,0.232,0.692,0.371,-0.03,0.587,0.474,0.098,0.786,0.462,0.743,0.096,0.745,0.683,0.495,0.292,-0.23,-0.247,0.618,0.494,0.104,0.775,0.802,0.297,0.667,0.38,0.189,0.661,0.226,0.759,0.63,0.419,0.394,-0.031,0.091,0.649,0.697,0.787,0.635,0.007,0.635,0.526,-0.185,0.675,0.313,0.793,0.801,0.539,0.575,0.862,0.327,0.542,0.091,0.414,0.565,0.886,0.135,0.406,0.663,0.295,0.702,0.444,0.008,0.357,0.68,0.282,0.657,-0.043,0.241,0.721,0.867,0.368,0.282,-0.042,0.441,0.375,0.761,0.6,0.0,0.53,0.463,0.74,0.106,0.897,0.546,0.848,0.09,0.211,0.535,-0.001,0.504,0.814,0.313,0.731,0.673,0.004,0.205,0.226,0.042,-0.498,-0.068,-0.037
TFIN,0.663,-0.102,0.553,0.108,0.538,0.311,-0.179,0.226,0.114,0.087,-0.135,0.574,-0.396,-0.226,-0.111,-0.054,0.217,0.166,0.34,0.054,0.25,-0.175,0.28,0.342,-0.173,-0.112,0.325,0.378,0.402,0.223,0.216,0.293,-0.023,0.165,0.486,0.797,0.465,0.402,0.631,0.722,0.117,0.316,-0.325,0.296,0.551,0.315,-0.334,0.098,0.465,-0.177,0.406,0.305,0.453,0.331,0.378,-0.254,-0.363,0.573,-0.447,-0.393,0.201,0.532,0.125,0.248,0.238,-0.034,0.45,0.094,0.242,-0.075,0.095,0.554,0.206,-0.087,0.274,-0.342,0.197,0.816,0.243,0.08,0.141,0.159,0.371,-0.014,0.43,-0.081,0.194,-0.043,-0.354,-0.025,0.262,0.407,0.143,0.132,-0.003,0.3,0.287,0.252,0.088,0.495,0.781,0.205,-0.286,0.172,-0.116,0.337,0.28,-0.0,0.697,-0.222,0.408,0.171,0.44,0.214,-0.391,0.054,0.162,0.392,-0.123,0.263,0.425,0.704,0.505,0.289,-0.155,0.536,0.251,0.233,0.387,-0.122,-0.162,0.34,0.295,0.479,0.299,0.405,0.016,0.258,0.009,0.096,-0.342,0.224,0.155,0.584,0.509,-0.047,0.043,0.635,0.715,0.414,-0.325,0.035,0.41,0.497,0.474,-0.142,0.314,0.582,0.538,0.202,0.289,0.326,0.564,0.123,0.566,-0.306,0.613,0.317,0.418,0.207,0.006,-0.118,-0.008,0.255,0.447,0.713,0.53,0.0,0.594,0.502,-0.173,0.263,0.394,0.245,0.248,-0.291,0.224,0.228,0.149,0.311,-0.135,0.799,0.423,-0.302,-0.293,-0.107,0.049,-0.422,0.327,-0.584
TIGO,0.412,-0.33,0.661,0.028,0.779,0.108,-0.464,0.7,0.605,-0.441,-0.403,0.549,-0.89,-0.736,-0.346,0.02,0.824,0.072,0.218,-0.563,0.02,0.281,-0.303,0.49,0.027,-0.666,0.783,0.256,0.796,-0.417,-0.211,0.159,-0.24,0.559,0.201,0.267,0.028,-0.087,0.395,0.822,-0.102,0.836,-0.692,0.721,0.856,0.53,-0.826,-0.563,0.68,-0.682,0.841,0.569,0.626,0.821,-0.198,-0.433,-0.369,0.435,-0.056,-0.572,0.239,0.563,0.71,-0.167,-0.524,0.509,0.891,-0.371,-0.001,-0.479,0.678,0.89,-0.139,-0.053,0.739,-0.771,0.752,0.52,0.734,0.045,0.354,0.668,0.681,-0.035,0.896,-0.602,0.515,-0.45,-0.791,0.525,0.819,0.889,-0.036,0.197,-0.104,0.205,0.669,-0.306,-0.299,0.92,0.825,0.762,-0.764,0.104,-0.448,0.85,0.019,0.535,0.329,-0.726,0.557,-0.214,0.927,0.707,-0.358,-0.565,-0.216,-0.286,-0.721,0.009,-0.011,0.808,0.83,0.742,-0.544,0.026,0.772,0.058,0.464,-0.457,-0.493,0.789,0.819,0.589,-0.13,0.564,0.119,0.783,-0.235,-0.249,-0.686,0.674,-0.52,0.579,0.301,-0.336,0.002,0.425,0.798,0.728,0.341,-0.398,0.247,0.21,-0.358,-0.407,-0.071,0.915,0.843,0.162,0.784,0.866,0.087,0.754,0.882,-0.775,0.766,0.393,0.282,0.709,0.252,-0.52,-0.466,0.667,0.433,0.658,0.463,0.594,0.0,0.466,-0.604,0.311,-0.164,0.092,-0.442,-0.508,0.073,0.757,-0.389,0.198,-0.615,0.663,0.095,-0.794,-0.687,-0.432,-0.576,-0.3,0.73,-0.752
TILE,0.708,0.539,0.837,0.577,0.403,0.546,0.344,0.089,-0.255,0.355,0.442,0.83,-0.34,0.114,0.221,0.645,0.067,0.775,0.682,0.276,0.785,-0.102,0.179,-0.111,0.328,0.143,-0.027,0.698,0.418,0.41,0.588,0.639,0.558,-0.182,0.763,0.602,0.748,0.634,0.443,0.706,0.462,0.051,-0.082,-0.127,0.321,0.727,-0.063,0.312,0.81,0.184,0.1,0.571,0.725,0.043,0.624,0.418,0.299,0.835,0.123,0.18,0.76,0.767,-0.097,-0.004,0.081,0.287,0.295,0.485,0.4,-0.077,-0.057,0.4,0.665,0.477,-0.141,-0.083,0.117,0.77,0.398,0.509,0.725,-0.179,0.703,-0.326,0.462,0.187,0.595,0.409,-0.356,-0.319,0.404,0.235,0.581,0.727,0.539,0.798,-0.169,0.547,0.547,0.27,0.746,0.289,0.063,0.479,0.343,0.115,0.597,0.219,0.774,0.17,0.718,0.614,0.419,0.347,-0.188,-0.159,0.546,0.408,0.118,0.746,0.615,0.434,0.556,0.178,0.26,0.735,0.044,0.763,0.599,0.391,0.388,-0.035,0.016,0.519,0.525,0.644,0.54,-0.082,0.497,0.647,-0.349,0.634,0.32,0.95,0.653,0.332,0.635,0.781,0.292,0.684,0.079,0.486,0.745,0.737,0.186,0.465,0.597,0.372,0.771,0.673,-0.049,0.357,0.765,0.158,0.606,-0.058,0.193,0.513,0.856,0.363,0.175,0.094,0.454,0.536,0.756,0.471,0.74,0.502,0.466,0.0,0.222,0.729,0.614,0.721,0.179,-0.043,0.664,-0.09,0.417,0.813,0.147,0.769,0.777,0.054,0.15,-0.198,0.005,-0.666,-0.128,-0.029
TPIC,0.167,0.668,-0.133,0.35,-0.418,0.361,0.839,-0.565,-0.774,0.762,0.666,0.068,0.706,0.75,0.683,0.386,-0.704,0.466,0.168,0.855,0.614,-0.286,0.582,-0.439,0.185,0.878,-0.761,0.148,-0.505,0.687,0.723,0.274,0.588,-0.5,0.469,0.194,0.527,0.528,0.084,-0.334,0.493,-0.763,0.709,-0.694,-0.567,0.035,0.799,0.814,-0.151,0.894,-0.752,-0.113,-0.175,-0.738,0.675,0.703,0.651,0.191,0.114,0.667,0.28,0.006,-0.701,0.279,0.714,-0.364,-0.634,0.759,0.387,0.686,-0.675,-0.542,0.636,0.522,-0.8,0.68,-0.608,0.071,-0.332,0.191,0.212,-0.709,-0.14,-0.095,-0.57,0.832,-0.117,0.706,0.648,-0.725,-0.456,-0.675,0.453,0.305,0.369,0.35,-0.755,0.668,0.646,-0.631,-0.263,-0.623,0.901,0.278,0.615,-0.75,0.446,-0.225,0.278,0.857,-0.086,0.669,-0.594,-0.336,0.348,0.493,0.54,0.544,0.857,0.521,0.496,-0.499,-0.407,-0.531,0.829,0.45,-0.742,0.472,0.126,0.723,0.783,-0.777,-0.718,-0.213,0.484,-0.071,0.297,-0.821,0.571,0.752,0.507,-0.259,0.831,0.086,0.278,0.507,0.534,0.193,-0.527,-0.244,-0.201,0.745,0.355,0.322,0.521,0.766,0.475,-0.615,-0.313,0.463,-0.782,-0.493,0.46,-0.692,-0.423,0.86,-0.585,0.02,0.321,-0.408,-0.135,0.643,0.775,-0.259,0.111,-0.243,0.106,-0.173,-0.604,0.222,0.0,0.188,0.68,0.425,0.693,0.638,0.352,-0.772,0.651,0.331,0.659,-0.109,0.537,0.854,0.73,0.447,0.625,-0.084,-0.764,0.73
TTEC,0.751,0.636,0.825,0.698,0.399,0.695,0.275,0.149,-0.116,0.494,0.604,0.853,-0.302,0.272,0.309,0.826,0.042,0.842,0.784,0.251,0.68,0.28,-0.101,-0.343,0.77,0.197,-0.143,0.64,0.458,0.365,0.676,0.812,0.665,-0.315,0.704,0.32,0.652,0.663,0.307,0.519,0.77,0.063,0.206,-0.228,0.284,0.769,0.107,0.326,0.815,0.174,0.029,0.654,0.857,-0.027,0.574,0.603,0.547,0.813,0.501,0.438,0.761,0.866,-0.097,0.252,-0.03,0.61,0.325,0.554,0.601,-0.17,0.11,0.413,0.73,0.702,-0.195,0.067,0.222,0.563,0.525,0.81,0.878,-0.281,0.777,0.014,0.447,0.267,0.868,0.61,-0.348,-0.147,0.281,0.199,0.764,0.871,0.736,0.913,-0.213,0.586,0.685,0.075,0.546,0.426,0.093,0.658,0.622,-0.034,0.788,0.48,0.588,0.18,0.814,0.726,0.41,0.258,-0.14,-0.343,0.666,0.438,0.147,0.798,0.746,0.144,0.62,0.308,0.317,0.603,0.146,0.861,0.508,0.54,0.549,-0.164,-0.037,0.564,0.708,0.803,0.79,-0.089,0.743,0.628,-0.179,0.751,0.279,0.764,0.68,0.657,0.723,0.759,0.071,0.55,0.253,0.529,0.569,0.853,-0.033,0.547,0.626,0.159,0.678,0.569,-0.082,0.3,0.633,0.304,0.567,0.026,0.031,0.727,0.896,0.419,0.396,-0.028,0.558,0.308,0.782,0.421,0.897,0.263,0.311,0.729,0.188,0.0,0.506,0.915,-0.03,0.216,0.642,-0.113,0.561,0.885,0.406,0.566,0.641,0.114,0.352,0.139,-0.043,-0.479,-0.221,0.177
TTEK,0.668,0.697,0.406,0.605,-0.032,0.51,0.672,-0.35,-0.638,0.775,0.649,0.56,0.288,0.635,0.589,0.512,-0.536,0.691,0.544,0.81,0.837,-0.211,0.621,-0.258,0.248,0.704,-0.592,0.415,-0.083,0.796,0.88,0.654,0.653,-0.527,0.717,0.713,0.858,0.89,0.424,0.201,0.648,-0.522,0.389,-0.546,-0.134,0.393,0.533,0.85,0.342,0.679,-0.485,0.217,0.338,-0.552,0.922,0.636,0.46,0.691,-0.02,0.53,0.453,0.459,-0.632,0.393,0.687,-0.162,-0.232,0.813,0.586,0.404,-0.491,-0.142,0.868,0.517,-0.627,0.482,-0.411,0.659,-0.11,0.492,0.443,-0.67,0.249,-0.136,-0.145,0.732,0.196,0.759,0.285,-0.668,-0.221,-0.311,0.708,0.592,0.561,0.67,-0.627,0.87,0.837,-0.338,0.29,-0.349,0.584,0.371,0.655,-0.498,0.774,-0.122,0.78,0.657,0.258,0.857,-0.214,-0.191,-0.087,0.325,0.776,0.829,0.668,0.835,0.779,0.007,0.029,-0.287,0.599,0.873,-0.47,0.776,0.377,0.706,0.748,-0.605,-0.542,0.301,0.812,0.391,0.455,-0.631,0.718,0.833,0.093,0.111,0.834,0.56,0.531,0.636,0.61,0.732,-0.104,0.059,-0.427,0.796,0.592,0.727,0.697,0.769,0.757,-0.257,0.17,0.574,-0.581,-0.224,0.899,-0.482,0.043,0.549,-0.255,0.258,0.732,-0.258,-0.086,0.374,0.798,-0.096,0.536,0.181,0.546,0.394,-0.164,0.614,0.68,0.506,0.0,0.713,0.707,0.398,0.622,-0.652,0.81,0.727,0.627,0.514,0.816,0.573,0.602,0.286,0.477,-0.56,-0.613,0.359
TTGT,0.805,0.797,0.731,0.778,0.25,0.737,0.472,-0.013,-0.305,0.719,0.764,0.805,-0.062,0.499,0.498,0.823,-0.21,0.916,0.797,0.526,0.804,0.206,0.142,-0.433,0.747,0.459,-0.379,0.636,0.255,0.574,0.851,0.887,0.792,-0.472,0.791,0.431,0.757,0.827,0.394,0.374,0.878,-0.186,0.413,-0.432,0.105,0.691,0.37,0.594,0.703,0.425,-0.203,0.584,0.74,-0.286,0.778,0.754,0.669,0.821,0.455,0.608,0.678,0.794,-0.344,0.386,0.247,0.417,0.126,0.753,0.667,0.099,-0.087,0.203,0.887,0.754,-0.409,0.331,0.012,0.576,0.349,0.865,0.841,-0.504,0.65,0.03,0.223,0.533,0.733,0.8,-0.098,-0.34,0.066,0.002,0.897,0.855,0.804,0.96,-0.412,0.761,0.863,-0.146,0.426,0.165,0.335,0.665,0.788,-0.272,0.902,0.282,0.706,0.423,0.7,0.877,0.191,0.107,-0.122,-0.114,0.819,0.649,0.399,0.913,0.88,0.034,0.425,0.128,0.497,0.734,-0.07,0.953,0.535,0.747,0.758,-0.403,-0.273,0.523,0.858,0.731,0.828,-0.336,0.887,0.794,-0.056,0.584,0.565,0.709,0.73,0.8,0.803,0.814,-0.05,0.372,0.039,0.726,0.635,0.924,0.205,0.731,0.749,-0.082,0.494,0.633,-0.326,0.098,0.767,0.042,0.4,0.306,-0.145,0.669,0.941,0.201,0.331,0.132,0.754,0.116,0.79,0.338,0.848,0.245,0.092,0.721,0.425,0.915,0.713,0.0,0.262,0.409,0.716,-0.375,0.77,0.925,0.62,0.538,0.768,0.362,0.565,0.311,0.152,-0.489,-0.442,0.342
UXIN,0.268,0.407,-0.13,0.164,-0.368,0.286,0.635,-0.68,-0.705,0.654,0.38,0.042,0.605,0.581,0.478,0.075,-0.678,0.263,0.041,0.824,0.452,-0.463,0.759,-0.099,-0.178,0.764,-0.629,0.175,-0.52,0.716,0.615,0.233,0.315,-0.395,0.427,0.581,0.544,0.588,0.327,-0.179,0.293,-0.679,0.478,-0.551,-0.492,-0.145,0.6,0.804,-0.193,0.719,-0.612,-0.203,-0.242,-0.634,0.714,0.358,0.202,0.241,-0.311,0.317,0.09,0.018,-0.757,0.446,0.87,-0.66,-0.563,0.626,0.207,0.648,-0.7,-0.432,0.503,0.12,-0.648,0.531,-0.627,0.325,-0.429,0.049,-0.113,-0.611,-0.268,0.007,-0.588,0.654,-0.307,0.528,0.595,-0.761,-0.548,-0.575,0.313,0.043,0.083,0.199,-0.593,0.646,0.506,-0.48,-0.101,-0.732,0.67,-0.019,0.392,-0.664,0.378,-0.487,0.488,0.673,-0.237,0.522,-0.559,-0.366,0.054,0.652,0.454,0.72,0.791,0.42,0.482,-0.26,-0.449,-0.538,0.578,0.553,-0.703,0.324,0.177,0.532,0.529,-0.621,-0.628,-0.134,0.473,-0.189,0.079,-0.717,0.348,0.561,0.43,-0.45,0.849,0.075,0.301,0.315,0.194,0.297,-0.224,-0.287,-0.648,0.589,0.357,0.333,0.827,0.503,0.44,-0.443,-0.337,0.217,-0.669,-0.493,0.576,-0.781,-0.388,0.702,-0.372,-0.093,0.255,-0.572,-0.357,0.619,0.61,-0.309,0.074,0.03,0.09,0.248,-0.442,0.179,0.693,-0.03,0.707,0.262,0.0,0.383,0.204,-0.688,0.639,0.196,0.539,0.113,0.514,0.651,0.461,0.393,0.645,-0.099,-0.592,0.372
VERU,0.243,0.454,-0.17,0.246,-0.125,0.211,0.427,-0.221,-0.385,0.717,0.602,-0.029,0.588,0.573,0.575,0.223,-0.452,0.322,0.097,0.588,0.269,0.353,0.335,-0.284,0.516,0.717,-0.574,-0.034,-0.433,0.303,0.613,0.336,0.393,-0.3,0.239,-0.06,0.194,0.356,0.156,-0.457,0.658,-0.489,0.68,-0.372,-0.341,0.069,0.659,0.569,-0.155,0.626,-0.539,-0.048,-0.107,-0.493,0.449,0.498,0.664,0.029,0.3,0.581,-0.011,0.016,-0.42,0.599,0.479,-0.092,-0.318,0.574,0.524,0.65,-0.221,-0.325,0.466,0.479,-0.534,0.583,-0.226,-0.145,-0.037,0.328,0.301,-0.454,-0.017,0.521,-0.445,0.567,0.121,0.565,0.668,-0.232,-0.354,-0.484,0.459,0.189,0.241,0.272,-0.462,0.413,0.494,-0.568,-0.364,-0.417,0.577,0.25,0.576,-0.602,0.463,0.103,0.134,0.642,-0.103,0.504,-0.375,-0.302,0.271,0.249,0.404,0.402,0.622,0.394,0.445,-0.618,-0.237,-0.17,0.543,0.132,-0.378,0.309,0.277,0.671,0.616,-0.601,-0.425,-0.018,0.497,0.038,0.366,-0.545,0.587,0.42,0.552,-0.139,0.58,-0.117,0.33,0.543,0.333,0.169,-0.353,-0.4,-0.029,0.504,0.053,0.277,0.246,0.538,0.297,-0.63,-0.353,0.122,-0.554,-0.353,0.128,-0.37,-0.229,0.694,-0.418,0.117,0.253,-0.239,0.009,0.406,0.533,-0.342,-0.024,-0.188,0.211,-0.291,-0.508,-0.043,0.638,0.216,0.398,0.409,0.383,0.0,0.132,-0.482,0.495,0.19,0.609,-0.226,0.216,0.651,0.618,0.83,0.464,0.19,-0.522,0.598
VLYPP,0.532,0.682,0.603,0.677,0.083,0.541,0.443,-0.074,-0.322,0.479,0.606,0.659,-0.079,0.416,0.46,0.672,-0.211,0.758,0.65,0.408,0.746,-0.082,0.135,-0.369,0.493,0.326,-0.299,0.525,0.254,0.553,0.609,0.708,0.717,-0.415,0.574,0.389,0.658,0.63,0.278,0.381,0.542,-0.194,0.315,-0.422,0.027,0.511,0.296,0.476,0.562,0.368,-0.189,0.469,0.561,-0.299,0.6,0.656,0.493,0.681,0.254,0.51,0.63,0.559,-0.291,0.094,0.195,0.347,0.021,0.623,0.511,-0.018,-0.194,0.082,0.716,0.596,-0.35,0.231,-0.131,0.485,0.13,0.625,0.558,-0.453,0.499,-0.313,0.198,0.445,0.434,0.627,-0.132,-0.389,0.067,0.005,0.669,0.703,0.731,0.731,-0.403,0.601,0.704,-0.12,0.339,0.137,0.318,0.507,0.598,-0.203,0.64,0.08,0.537,0.371,0.527,0.683,0.098,0.013,-0.044,-0.003,0.654,0.489,0.315,0.717,0.594,0.159,0.308,0.019,0.405,0.651,-0.141,0.761,0.283,0.598,0.624,-0.348,-0.293,0.353,0.647,0.564,0.638,-0.302,0.625,0.697,-0.169,0.468,0.434,0.612,0.437,0.583,0.713,0.633,-0.045,0.406,0.041,0.64,0.567,0.667,0.204,0.635,0.599,-0.032,0.427,0.651,-0.246,0.054,0.687,-0.017,0.24,0.218,-0.159,0.493,0.735,0.132,0.278,0.146,0.659,0.129,0.648,0.172,0.535,0.224,0.073,0.664,0.352,0.642,0.622,0.716,0.204,0.132,0.0,-0.384,0.616,0.775,0.436,0.43,0.665,0.328,0.449,0.011,0.081,-0.536,-0.39,0.274
VNOM,-0.06,-0.721,0.156,-0.485,0.697,-0.193,-0.767,0.743,0.84,-0.725,-0.683,-0.012,-0.713,-0.936,-0.576,-0.395,0.943,-0.371,-0.216,-0.87,-0.547,0.407,-0.537,0.597,-0.14,-0.847,0.96,-0.046,0.535,-0.8,-0.647,-0.316,-0.628,0.832,-0.253,-0.258,-0.55,-0.622,0.134,0.412,-0.412,0.945,-0.684,0.917,0.767,0.145,-0.886,-0.89,0.222,-0.857,0.935,0.243,0.15,0.985,-0.683,-0.734,-0.524,-0.153,-0.032,-0.807,-0.177,0.088,0.93,-0.253,-0.706,0.355,0.795,-0.735,-0.326,-0.432,0.772,0.786,-0.672,-0.343,0.941,-0.881,0.857,-0.023,0.653,-0.325,0.006,0.956,0.342,0.185,0.693,-0.878,0.224,-0.816,-0.57,0.842,0.758,0.777,-0.489,-0.32,-0.51,-0.3,0.947,-0.774,-0.76,0.868,0.412,0.719,-0.85,-0.116,-0.758,0.898,-0.484,0.517,-0.229,-0.89,0.235,-0.69,0.773,0.666,-0.082,-0.555,-0.7,-0.701,-0.892,-0.537,-0.471,0.534,0.577,0.736,-0.701,-0.543,0.828,-0.465,0.186,-0.719,-0.827,0.97,0.972,0.223,-0.578,0.138,-0.214,0.964,-0.634,-0.708,-0.433,0.314,-0.836,0.053,-0.028,-0.679,-0.39,-0.146,0.691,0.397,0.416,-0.751,-0.14,-0.29,-0.618,-0.818,-0.592,0.823,0.464,-0.213,0.947,0.764,-0.513,0.803,0.618,-0.869,0.788,0.05,-0.238,0.709,0.222,-0.529,-0.836,0.502,-0.116,0.4,-0.001,0.228,0.757,-0.09,-0.772,-0.113,-0.652,-0.375,-0.688,-0.482,-0.384,0.0,-0.798,-0.379,-0.843,0.148,-0.485,-0.889,-0.886,-0.345,-0.694,0.272,0.958,-0.81
VRNS,0.558,0.831,0.301,0.707,-0.241,0.582,0.653,-0.49,-0.645,0.873,0.788,0.482,0.402,0.849,0.624,0.628,-0.71,0.701,0.578,0.841,0.735,-0.169,0.46,-0.525,0.462,0.785,-0.764,0.428,-0.171,0.871,0.879,0.713,0.798,-0.755,0.586,0.51,0.765,0.874,0.225,-0.025,0.775,-0.66,0.69,-0.776,-0.386,0.243,0.761,0.912,0.262,0.744,-0.652,0.185,0.324,-0.744,0.88,0.811,0.591,0.572,0.211,0.778,0.432,0.421,-0.771,0.506,0.686,-0.031,-0.413,0.871,0.57,0.29,-0.515,-0.325,0.901,0.566,-0.771,0.702,-0.519,0.404,-0.234,0.676,0.392,-0.858,0.15,-0.006,-0.3,0.815,0.237,0.948,0.292,-0.692,-0.49,-0.455,0.797,0.611,0.724,0.712,-0.755,0.931,0.946,-0.601,0.007,-0.359,0.674,0.436,0.903,-0.719,0.822,-0.236,0.594,0.753,0.246,0.91,-0.379,-0.397,-0.034,0.326,0.888,0.895,0.788,0.806,0.833,-0.267,-0.095,-0.347,0.666,0.777,-0.528,0.799,0.18,0.85,0.893,-0.791,-0.736,0.181,0.904,0.332,0.587,-0.749,0.876,0.841,0.252,0.083,0.866,0.337,0.48,0.886,0.603,0.591,-0.352,-0.063,-0.33,0.869,0.437,0.739,0.6,0.85,0.776,-0.527,-0.034,0.433,-0.731,-0.447,0.784,-0.487,-0.135,0.702,-0.492,0.396,0.672,-0.341,0.063,0.394,0.939,-0.34,0.512,0.063,0.504,0.149,-0.389,0.417,0.651,0.561,0.81,0.77,0.639,0.495,0.616,-0.798,0.0,0.721,0.899,0.26,0.708,0.721,0.818,0.443,0.537,-0.406,-0.787,0.624
VRSN,0.757,0.761,0.817,0.866,0.184,0.632,0.482,-0.003,-0.326,0.575,0.649,0.882,-0.216,0.445,0.453,0.857,-0.184,0.858,0.787,0.45,0.868,0.07,0.179,-0.386,0.628,0.337,-0.35,0.579,0.395,0.576,0.766,0.857,0.757,-0.496,0.747,0.549,0.84,0.84,0.296,0.509,0.728,-0.17,0.216,-0.406,0.134,0.735,0.246,0.532,0.779,0.327,-0.192,0.594,0.821,-0.283,0.741,0.707,0.517,0.9,0.369,0.577,0.744,0.807,-0.329,0.216,0.17,0.442,0.152,0.658,0.589,-0.1,-0.107,0.188,0.896,0.695,-0.396,0.256,-0.059,0.684,0.279,0.813,0.789,-0.5,0.657,-0.191,0.333,0.484,0.699,0.737,-0.281,-0.392,0.135,0.087,0.832,0.943,0.824,0.935,-0.457,0.757,0.845,-0.055,0.525,0.204,0.235,0.557,0.702,-0.161,0.891,0.25,0.742,0.335,0.675,0.843,0.231,0.108,-0.263,-0.192,0.829,0.611,0.298,0.926,0.789,0.213,0.457,0.073,0.378,0.809,-0.062,0.955,0.458,0.603,0.687,-0.369,-0.272,0.59,0.812,0.768,0.751,-0.311,0.823,0.793,-0.265,0.686,0.473,0.79,0.6,0.745,0.783,0.857,-0.027,0.487,0.038,0.676,0.612,0.872,0.195,0.742,0.797,0.019,0.602,0.639,-0.293,0.152,0.845,0.05,0.436,0.196,-0.149,0.627,0.925,0.152,0.242,0.013,0.706,0.214,0.879,0.331,0.814,0.311,0.198,0.813,0.331,0.885,0.727,0.925,0.196,0.19,0.775,-0.379,0.721,0.0,0.518,0.655,0.813,0.245,0.495,0.035,0.093,-0.733,-0.437,0.29
WDAY,0.321,0.759,0.052,0.593,-0.382,0.39,0.546,-0.513,-0.632,0.862,0.812,0.209,0.577,0.94,0.498,0.465,-0.813,0.539,0.422,0.792,0.518,-0.089,0.34,-0.665,0.474,0.805,-0.844,0.205,-0.363,0.755,0.751,0.542,0.692,-0.85,0.346,0.236,0.545,0.738,0.058,-0.279,0.739,-0.753,0.776,-0.834,-0.527,0.021,0.845,0.876,-0.011,0.748,-0.753,-0.084,0.117,-0.821,0.738,0.761,0.624,0.27,0.222,0.842,0.196,0.172,-0.779,0.501,0.66,-0.082,-0.546,0.8,0.567,0.389,-0.516,-0.528,0.759,0.53,-0.801,0.887,-0.585,0.088,-0.392,0.642,0.245,-0.912,-0.067,0.132,-0.508,0.85,0.123,0.932,0.439,-0.62,-0.669,-0.602,0.689,0.448,0.636,0.506,-0.773,0.843,0.861,-0.798,-0.27,-0.449,0.709,0.331,0.941,-0.819,0.687,-0.296,0.34,0.811,0.056,0.801,-0.565,-0.619,0.004,0.386,0.849,0.787,0.818,0.636,0.711,-0.513,-0.28,-0.42,0.669,0.592,-0.548,0.611,-0.076,0.841,0.857,-0.868,-0.823,0.021,0.797,0.116,0.443,-0.805,0.83,0.674,0.45,-0.107,0.817,0.07,0.286,0.898,0.435,0.311,-0.524,-0.352,-0.271,0.735,0.116,0.552,0.525,0.787,0.722,-0.752,-0.293,0.202,-0.823,-0.674,0.54,-0.56,-0.367,0.756,-0.574,0.264,0.424,-0.48,0.019,0.409,0.865,-0.47,0.265,-0.251,0.313,-0.135,-0.615,0.147,0.659,0.406,0.627,0.62,0.539,0.609,0.436,-0.843,0.899,0.518,0.0,-0.029,0.466,0.817,0.942,0.598,0.617,-0.18,-0.831,0.726
WERN,0.777,0.159,0.827,0.423,0.547,0.41,-0.001,0.312,0.025,0.162,0.076,0.795,-0.538,-0.111,-0.005,0.338,0.228,0.453,0.53,0.08,0.532,-0.0,0.176,0.212,0.107,-0.092,0.192,0.544,0.55,0.25,0.376,0.502,0.225,-0.015,0.621,0.772,0.646,0.591,0.509,0.83,0.303,0.262,-0.376,0.176,0.565,0.682,-0.308,0.15,0.76,-0.14,0.312,0.491,0.743,0.26,0.491,0.036,-0.115,0.79,-0.135,-0.138,0.47,0.717,0.065,0.176,0.067,0.234,0.534,0.199,0.329,-0.211,0.141,0.57,0.461,0.148,0.136,-0.267,0.245,0.921,0.411,0.366,0.537,0.033,0.619,-0.126,0.601,-0.005,0.517,0.17,-0.504,-0.08,0.467,0.459,0.397,0.531,0.28,0.603,0.095,0.387,0.34,0.493,0.881,0.333,-0.277,0.248,0.095,0.356,0.523,0.239,0.791,-0.149,0.598,0.396,0.571,0.336,-0.485,-0.22,0.404,0.419,-0.138,0.587,0.524,0.699,0.611,0.305,-0.103,0.698,0.262,0.55,0.52,0.031,0.06,0.206,0.229,0.679,0.448,0.636,0.291,0.173,0.278,0.344,-0.547,0.582,0.166,0.828,0.522,0.165,0.317,0.816,0.551,0.588,-0.114,0.202,0.551,0.661,0.265,0.149,0.519,0.559,0.77,0.365,0.185,0.446,0.707,0.223,0.723,-0.284,0.467,0.42,0.697,0.31,0.052,-0.232,0.138,0.494,0.715,0.691,0.731,0.799,0.663,0.769,-0.109,0.566,0.514,0.538,0.113,-0.226,0.43,0.148,0.26,0.655,-0.029,0.0,0.607,-0.276,-0.133,-0.225,-0.063,-0.708,0.143,-0.386
WINA,0.68,0.75,0.617,0.662,0.027,0.62,0.652,-0.249,-0.554,0.628,0.621,0.736,0.043,0.478,0.501,0.696,-0.356,0.752,0.67,0.673,0.893,-0.251,0.375,-0.322,0.296,0.522,-0.439,0.564,0.105,0.714,0.797,0.654,0.744,-0.476,0.79,0.629,0.899,0.812,0.327,0.411,0.585,-0.351,0.235,-0.469,-0.057,0.509,0.363,0.667,0.562,0.545,-0.316,0.411,0.546,-0.371,0.847,0.62,0.456,0.791,0.087,0.48,0.696,0.625,-0.504,0.22,0.416,0.086,-0.088,0.749,0.485,0.16,-0.354,0.024,0.847,0.495,-0.504,0.299,-0.266,0.698,0.076,0.514,0.57,-0.542,0.382,-0.269,0.071,0.557,0.375,0.689,-0.026,-0.615,-0.049,-0.126,0.727,0.713,0.646,0.795,-0.533,0.791,0.771,-0.122,0.433,-0.114,0.425,0.484,0.591,-0.306,0.74,-0.063,0.744,0.499,0.463,0.838,0.024,0.039,-0.09,0.178,0.735,0.686,0.517,0.867,0.781,0.131,0.196,-0.193,0.559,0.854,-0.344,0.827,0.435,0.583,0.678,-0.436,-0.393,0.299,0.689,0.515,0.525,-0.469,0.691,0.853,-0.107,0.346,0.675,0.71,0.616,0.564,0.703,0.753,-0.045,0.4,-0.198,0.742,0.754,0.775,0.47,0.718,0.738,-0.029,0.401,0.648,-0.431,0.009,0.881,-0.241,0.23,0.379,-0.173,0.446,0.81,-0.032,0.073,0.282,0.723,0.134,0.69,0.349,0.673,0.423,0.095,0.777,0.537,0.641,0.816,0.768,0.514,0.216,0.665,-0.485,0.708,0.813,0.466,0.607,0.0,0.406,0.471,0.074,0.395,-0.686,-0.515,0.293
WKHS,0.034,0.698,-0.249,0.296,-0.563,0.257,0.704,-0.718,-0.823,0.788,0.78,-0.101,0.856,0.912,0.555,0.316,-0.89,0.398,0.212,0.87,0.449,-0.334,0.454,-0.597,0.208,0.928,-0.886,0.131,-0.668,0.724,0.664,0.244,0.654,-0.717,0.248,0.065,0.42,0.49,-0.052,-0.493,0.482,-0.9,0.798,-0.865,-0.762,-0.166,0.936,0.856,-0.303,0.944,-0.859,-0.275,-0.265,-0.876,0.652,0.716,0.666,-0.005,0.074,0.745,0.168,-0.157,-0.831,0.277,0.717,-0.367,-0.797,0.773,0.385,0.597,-0.746,-0.729,0.582,0.369,-0.892,0.827,-0.752,-0.134,-0.546,0.253,0.058,-0.852,-0.325,-0.043,-0.77,0.812,-0.222,0.774,0.729,-0.762,-0.731,-0.857,0.457,0.185,0.434,0.27,-0.826,0.699,0.682,-0.873,-0.481,-0.701,0.926,0.271,0.737,-0.923,0.365,-0.448,0.113,0.973,-0.199,0.66,-0.757,-0.611,0.376,0.651,0.581,0.628,0.941,0.451,0.467,-0.708,-0.57,-0.634,0.82,0.414,-0.809,0.381,-0.123,0.802,0.817,-0.91,-0.892,-0.397,0.507,-0.224,0.206,-0.921,0.593,0.668,0.669,-0.412,0.85,-0.096,0.121,0.607,0.378,0.019,-0.627,-0.428,-0.293,0.765,0.184,0.25,0.572,0.739,0.461,-0.824,-0.52,0.218,-0.915,-0.773,0.353,-0.746,-0.626,0.901,-0.676,-0.024,0.215,-0.566,-0.092,0.707,0.819,-0.461,-0.073,-0.4,0.004,-0.302,-0.794,0.054,0.854,0.114,0.573,0.362,0.651,0.651,0.328,-0.889,0.721,0.245,0.817,-0.276,0.406,0.0,0.876,0.552,0.752,-0.013,-0.878,0.817
WRLD,0.191,0.819,0.005,0.579,-0.472,0.319,0.632,-0.529,-0.693,0.808,0.86,0.141,0.625,0.959,0.523,0.511,-0.838,0.545,0.424,0.781,0.545,-0.135,0.307,-0.757,0.457,0.814,-0.883,0.143,-0.408,0.728,0.711,0.47,0.749,-0.875,0.306,0.089,0.514,0.653,-0.076,-0.338,0.661,-0.802,0.756,-0.886,-0.594,0.005,0.88,0.842,-0.056,0.807,-0.809,-0.108,0.056,-0.866,0.688,0.823,0.712,0.187,0.251,0.903,0.225,0.076,-0.782,0.295,0.57,-0.059,-0.624,0.793,0.525,0.394,-0.577,-0.625,0.73,0.555,-0.847,0.907,-0.648,-0.027,-0.449,0.581,0.255,-0.928,-0.121,-0.028,-0.543,0.868,0.068,0.91,0.474,-0.646,-0.658,-0.665,0.654,0.456,0.683,0.458,-0.841,0.792,0.839,-0.849,-0.349,-0.464,0.775,0.352,0.926,-0.831,0.602,-0.297,0.219,0.867,0.026,0.782,-0.622,-0.618,0.112,0.385,0.809,0.673,0.82,0.616,0.615,-0.573,-0.348,-0.507,0.744,0.533,-0.618,0.585,-0.157,0.84,0.888,-0.907,-0.868,-0.091,0.688,0.073,0.399,-0.849,0.805,0.709,0.446,-0.113,0.773,0.041,0.176,0.849,0.488,0.204,-0.645,-0.337,-0.2,0.751,0.117,0.453,0.443,0.832,0.673,-0.797,-0.323,0.258,-0.861,-0.689,0.476,-0.571,-0.446,0.781,-0.672,0.166,0.373,-0.481,0.02,0.447,0.865,-0.451,0.202,-0.4,0.205,-0.293,-0.687,0.15,0.73,0.352,0.602,0.565,0.461,0.618,0.449,-0.886,0.818,0.495,0.942,-0.133,0.471,0.876,0.0,0.514,0.628,-0.221,-0.891,0.802
XP,0.274,0.267,-0.206,0.098,-0.01,0.218,0.16,-0.179,-0.189,0.643,0.495,-0.072,0.552,0.48,0.349,-0.028,-0.383,0.204,0.087,0.496,0.049,0.333,0.235,-0.232,0.415,0.63,-0.417,-0.07,-0.409,0.251,0.508,0.325,0.248,-0.243,0.142,-0.033,0.066,0.303,0.309,-0.406,0.612,-0.338,0.662,-0.273,-0.236,-0.099,0.559,0.498,-0.239,0.486,-0.351,-0.105,-0.141,-0.358,0.377,0.272,0.49,-0.063,0.106,0.403,-0.19,0.008,-0.313,0.656,0.522,-0.1,-0.222,0.522,0.562,0.626,-0.124,-0.202,0.311,0.351,-0.339,0.534,-0.144,-0.164,-0.046,0.313,0.118,-0.361,-0.064,0.664,-0.456,0.474,0.067,0.466,0.605,-0.11,-0.452,-0.387,0.386,-0.015,0.111,0.152,-0.244,0.347,0.372,-0.497,-0.319,-0.346,0.425,0.247,0.503,-0.535,0.378,0.038,0.128,0.505,-0.12,0.398,-0.321,-0.339,0.237,0.359,0.334,0.433,0.547,0.23,0.472,-0.567,-0.173,0.008,0.422,0.082,-0.189,0.159,0.159,0.578,0.446,-0.448,-0.316,-0.029,0.465,0.009,0.252,-0.381,0.444,0.208,0.641,-0.268,0.534,-0.227,0.326,0.482,0.115,0.119,-0.139,-0.488,-0.162,0.318,-0.065,0.304,0.33,0.291,0.25,-0.557,-0.402,-0.048,-0.408,-0.395,0.05,-0.302,-0.241,0.558,-0.219,0.177,0.141,-0.242,0.106,0.377,0.411,-0.43,-0.119,-0.109,0.226,-0.107,-0.432,-0.198,0.447,0.139,0.286,0.311,0.393,0.83,0.011,-0.345,0.443,0.035,0.598,-0.225,0.074,0.552,0.514,0.0,0.498,0.354,-0.329,0.359
XTKG,0.09,0.395,-0.241,0.156,-0.468,0.059,0.431,-0.576,-0.717,0.62,0.496,-0.092,0.718,0.709,0.271,0.02,-0.798,0.107,0.105,0.76,0.282,-0.443,0.494,-0.408,-0.107,0.785,-0.687,-0.031,-0.623,0.583,0.516,0.058,0.371,-0.597,0.165,0.263,0.425,0.451,0.006,-0.335,0.276,-0.753,0.441,-0.592,-0.605,-0.29,0.677,0.735,-0.349,0.727,-0.691,-0.411,-0.253,-0.672,0.608,0.305,0.271,-0.062,-0.322,0.434,-0.013,-0.165,-0.718,0.317,0.739,-0.485,-0.661,0.623,0.395,0.513,-0.65,-0.621,0.427,0.062,-0.696,0.673,-0.722,0.018,-0.601,0.048,-0.146,-0.681,-0.443,0.049,-0.701,0.642,-0.33,0.541,0.61,-0.67,-0.716,-0.71,0.263,-0.001,0.159,0.096,-0.631,0.622,0.467,-0.644,-0.289,-0.729,0.644,0.073,0.476,-0.705,0.256,-0.54,0.188,0.767,-0.325,0.515,-0.648,-0.659,0.145,0.726,0.465,0.617,0.807,0.33,0.449,-0.474,-0.524,-0.605,0.557,0.445,-0.681,0.15,-0.173,0.461,0.498,-0.689,-0.722,-0.342,0.365,-0.286,-0.153,-0.752,0.376,0.439,0.544,-0.498,0.764,-0.109,0.077,0.392,0.071,0.043,-0.339,-0.446,-0.413,0.487,0.061,0.198,0.747,0.453,0.468,-0.612,-0.478,-0.085,-0.767,-0.738,0.341,-0.754,-0.538,0.696,-0.387,-0.087,0.061,-0.664,-0.255,0.578,0.553,-0.399,-0.131,-0.246,0.042,0.049,-0.576,0.005,0.625,-0.043,0.477,0.152,0.645,0.464,0.081,-0.694,0.537,0.093,0.617,-0.063,0.395,0.752,0.628,0.498,0.0,-0.139,-0.655,0.482
YY,-0.5,-0.437,-0.656,-0.658,-0.041,-0.195,-0.309,-0.043,0.29,-0.212,-0.265,-0.694,0.297,-0.234,-0.197,-0.534,0.156,-0.446,-0.587,-0.282,-0.675,0.223,-0.22,0.153,-0.106,-0.096,0.215,-0.297,-0.382,-0.421,-0.419,-0.457,-0.471,0.412,-0.454,-0.605,-0.732,-0.605,-0.037,-0.535,-0.231,0.144,0.258,0.22,-0.136,-0.496,-0.01,-0.323,-0.591,-0.123,0.138,-0.371,-0.651,0.191,-0.521,-0.319,-0.093,-0.673,0.068,-0.278,-0.516,-0.505,0.259,0.091,-0.093,-0.238,-0.117,-0.336,-0.344,0.305,0.126,-0.065,-0.614,-0.223,0.257,-0.083,0.199,-0.659,0.01,-0.393,-0.407,0.344,-0.347,0.456,-0.329,-0.263,-0.304,-0.374,0.377,0.359,-0.13,-0.138,-0.469,-0.687,-0.558,-0.575,0.362,-0.541,-0.527,-0.094,-0.527,-0.076,-0.017,-0.233,-0.312,-0.047,-0.542,0.016,-0.575,-0.134,-0.356,-0.553,-0.2,-0.017,0.389,0.101,-0.553,-0.427,-0.087,-0.666,-0.458,-0.435,-0.28,0.113,-0.085,-0.72,0.08,-0.595,-0.15,-0.148,-0.324,0.205,0.21,-0.427,-0.46,-0.525,-0.222,0.201,-0.449,-0.528,0.53,-0.507,-0.262,-0.633,-0.184,-0.384,-0.422,-0.651,-0.088,-0.444,0.128,-0.389,-0.422,-0.517,-0.272,-0.482,-0.613,-0.167,-0.512,-0.343,0.191,-0.112,-0.715,0.047,-0.316,-0.009,0.042,-0.291,-0.581,0.065,-0.004,0.168,-0.364,-0.211,-0.667,-0.272,-0.498,-0.422,-0.3,-0.666,-0.084,-0.479,-0.56,-0.489,-0.099,0.19,-0.536,0.272,-0.406,-0.733,-0.18,-0.708,-0.686,-0.013,-0.221,0.354,-0.139,0.0,0.3,-0.047
ZION,-0.071,-0.777,0.103,-0.506,0.683,-0.259,-0.802,0.732,0.866,-0.725,-0.726,-0.052,-0.686,-0.935,-0.619,-0.535,0.898,-0.437,-0.25,-0.847,-0.582,0.338,-0.428,0.608,-0.233,-0.846,0.978,-0.12,0.519,-0.769,-0.679,-0.323,-0.7,0.828,-0.279,-0.158,-0.564,-0.609,0.244,0.421,-0.464,0.934,-0.663,0.923,0.791,0.041,-0.882,-0.857,0.139,-0.866,0.947,0.172,0.079,0.953,-0.67,-0.806,-0.613,-0.171,-0.171,-0.858,-0.295,0.039,0.928,-0.25,-0.595,0.255,0.773,-0.742,-0.314,-0.339,0.746,0.749,-0.7,-0.376,0.977,-0.834,0.81,0.004,0.544,-0.361,-0.125,0.938,0.273,0.183,0.647,-0.825,0.103,-0.845,-0.537,0.832,0.673,0.79,-0.527,-0.416,-0.558,-0.38,0.977,-0.767,-0.788,0.851,0.416,0.666,-0.844,-0.161,-0.784,0.887,-0.514,0.387,-0.171,-0.893,0.182,-0.733,0.715,0.58,-0.154,-0.453,-0.694,-0.66,-0.879,-0.601,-0.474,0.608,0.557,0.724,-0.73,-0.516,0.835,-0.525,0.131,-0.738,-0.867,0.981,0.954,0.245,-0.57,0.095,-0.289,0.965,-0.685,-0.764,-0.405,0.209,-0.79,0.019,-0.027,-0.699,-0.458,-0.149,0.768,0.325,0.3,-0.797,-0.21,-0.311,-0.483,-0.869,-0.564,0.809,0.405,-0.219,0.954,0.695,-0.482,0.741,0.576,-0.865,0.837,0.035,-0.306,0.634,0.194,-0.528,-0.852,0.416,-0.139,0.348,-0.068,0.327,0.73,-0.128,-0.764,-0.221,-0.613,-0.442,-0.592,-0.522,-0.39,0.958,-0.787,-0.437,-0.831,0.143,-0.515,-0.878,-0.891,-0.329,-0.655,0.3,0.0,-0.883
ZM,-0.121,0.686,-0.243,0.454,-0.694,0.202,0.753,-0.6,-0.699,0.597,0.638,-0.076,0.658,0.817,0.657,0.511,-0.737,0.333,0.09,0.668,0.409,-0.131,0.272,-0.574,0.355,0.742,-0.853,-0.003,-0.463,0.522,0.525,0.224,0.599,-0.653,0.137,-0.133,0.316,0.36,-0.353,-0.57,0.403,-0.814,0.739,-0.79,-0.779,-0.091,0.838,0.651,-0.21,0.754,-0.869,-0.156,-0.157,-0.844,0.413,0.784,0.712,0.002,0.433,0.868,0.237,-0.111,-0.723,0.19,0.416,-0.11,-0.741,0.597,0.227,0.317,-0.563,-0.729,0.545,0.468,-0.861,0.774,-0.659,-0.265,-0.407,0.313,0.138,-0.776,-0.257,-0.035,-0.608,0.722,-0.077,0.724,0.53,-0.626,-0.571,-0.724,0.407,0.364,0.48,0.264,-0.86,0.546,0.63,-0.788,-0.578,-0.551,0.795,0.164,0.688,-0.795,0.38,-0.211,-0.076,0.779,-0.216,0.572,-0.667,-0.438,0.314,0.275,0.504,0.381,0.76,0.43,0.281,-0.717,-0.54,-0.612,0.634,0.217,-0.719,0.39,-0.106,0.672,0.787,-0.878,-0.818,-0.299,0.405,-0.142,0.346,-0.829,0.604,0.624,0.484,-0.153,0.598,-0.182,-0.027,0.623,0.435,-0.04,-0.808,-0.316,0.017,0.661,0.086,0.127,0.177,0.798,0.364,-0.805,-0.464,0.167,-0.83,-0.594,0.193,-0.56,-0.579,0.854,-0.864,0.017,0.153,-0.508,-0.078,0.457,0.731,-0.372,0.042,-0.438,-0.037,-0.584,-0.752,-0.029,0.73,0.177,0.359,0.342,0.372,0.598,0.274,-0.81,0.624,0.29,0.726,-0.386,0.293,0.817,0.802,0.359,0.482,-0.047,-0.883,0.0
