,AAPL,ACRS,ADP,AFYA,AGNC,AGYS,ALT,AMGN,AMPH,AMZN,ANIP,AOSL,APDN,APLT,APVO,ARGX,ARLP,ATEX,ATRA,AUTL,AVDL,BCRX,BHAT,BLBD,BMRN,BNGO,BUSE,CAKE,CASY,CCOI,CEVA,CHY,CLDX,CLMT,COHU,COLM,COST,CPRT,CSWC,CSX,DBX,DCOM,DKNG,DMLP,DOX,EA,EDIT,ENPH,ENSG,ERNA,ESGR,ETNB,EXTR,FANG,FARO,FATE,FGEN,FIVE,FIVN,FLGT,FOLD,FORM,FOXA,FRPT,FSLR,FTAI,GBDC,GDYN,GGAL,GNLN,GRFS,GT,HCAT,HCM,HFWA,HOLX,HQY,HUBG,IAC,ICLR,IDCC,IEP,IHRT,ILMN,ILPT,IMAB,IMOS,INMD,INTZ,JAZZ,JKHY,JRVR,KIDS,LBRDK,LGND,LMAT,LPLA,LULU,MASI,MAT,MATW,MBIN,MBIO,MCRB,MDB,MDLZ,MELI,MIRM,MLKN,MNMD,MNRO,MPWR,MRCY,MRSN,MTVA,NAAS,NDAQ,NDSN,NEGG,NOVT,NVDA,NWE,NWSA,NXST,OCX,ODFL,OMAB,OPCH,OPRA,ORGO,OTRK,OZK,PAGP,PCH,PEGA,PENG,PENN,PFBC,PGNY,PHAT,PHUN,PINC,PLUG,PLXS,PYPL,QLYS,QNCX,QQQX,QVCGA,RAPT,RBBN,RCKT,REPL,RMBS,ROAD,ROKU,ROP,RUSHA,SANM,SATS,SBCF,SBLK,SBUX,SCHL,SCSC,SDGR,SEIC,SFIX,SGRY,SKYW,SLP,SNES,STAA,STLD,STOK,SWKS,TER,TFIN,TIGO,TILE,TPIC,TTEC,TTEK,TTGT,UXIN,VERU,VLYPP,VNOM,VRNS,VRSN,WDAY,WERN,WINA,WKHS,WRLD,XP,XTKG,YY,ZION,ZM
AAPL,0.0,0.645,0.805,-0.162,0.8,-0.185,0.636,0.516,0.098,0.801,0.698,0.747,0.709,0.625,0.637,0.646,0.62,0.656,0.597,0.645,0.717,0.712,0.665,0.702,0.607,0.748,0.361,0.546,0.698,0.267,0.782,0.793,0.751,0.752,0.639,0.717,0.783,0.613,0.818,0.81,0.695,0.516,0.305,0.59,0.794,0.741,0.702,0.276,0.66,0.642,0.54,-0.203,0.73,0.69,0.776,0.73,0.086,0.255,0.776,0.71,0.62,0.849,0.762,-0.637,0.029,0.646,0.741,0.655,0.676,0.748,0.674,0.82,0.61,0.731,-0.124,0.605,-0.427,0.725,0.772,0.76,0.834,0.566,0.6,0.556,0.686,0.726,0.778,0.684,-0.656,0.658,0.767,0.679,0.668,0.778,0.646,0.196,0.415,0.536,0.456,0.818,0.817,0.812,0.714,0.014,0.777,0.856,0.537,0.481,0.794,0.738,0.806,0.783,0.743,0.668,-0.077,0.692,0.643,0.793,0.651,0.85,0.838,0.711,0.774,0.791,0.365,0.7,0.299,0.307,0.466,0.655,0.668,0.509,0.633,0.772,0.586,0.738,0.721,0.686,0.486,-0.359,0.165,0.779,0.673,0.789,0.586,0.69,0.678,0.812,0.775,0.545,0.815,0.533,0.551,0.092,0.63,0.585,0.776,0.824,0.603,0.643,0.608,0.739,0.128,0.759,0.79,0.578,0.777,0.788,0.646,0.72,0.753,0.551,0.719,0.744,0.559,0.804,0.775,0.742,0.782,0.787,0.678,0.777,0.773,0.815,0.7,0.566,0.322,0.552,0.425,0.69,0.639,0.638,0.054,0.601,0.749,0.759,0.499,0.844,0.587,0.77
ACRS,0.645,0.0,0.85,-0.479,0.602,-0.103,0.901,0.835,0.406,0.801,0.705,0.794,0.805,0.683,0.548,0.711,0.778,0.861,0.758,0.87,0.863,0.767,0.768,0.804,0.795,0.779,-0.262,0.403,0.6,0.175,0.668,0.662,0.731,0.567,0.359,0.633,0.858,0.878,0.664,0.812,0.639,-0.105,0.006,0.561,0.834,0.822,0.679,0.041,0.379,0.706,0.189,-0.344,0.922,0.579,0.746,0.796,0.586,0.214,0.86,0.767,0.842,0.806,0.483,-0.366,-0.108,0.677,0.541,0.797,0.255,0.848,0.281,0.728,0.866,0.786,-0.662,0.823,-0.828,0.895,0.779,0.769,0.758,0.22,0.281,0.72,0.159,0.842,0.741,0.573,-0.532,0.736,0.708,0.263,0.585,0.769,0.879,0.435,0.007,0.399,0.217,0.717,0.756,0.707,0.756,-0.153,0.82,0.668,0.323,0.77,0.754,0.697,0.814,0.705,0.59,0.768,-0.354,0.512,0.636,0.784,0.851,0.802,0.779,0.35,0.634,0.529,-0.066,0.886,-0.241,0.486,0.841,0.837,0.782,0.162,0.373,0.821,0.565,0.634,0.669,0.204,0.362,-0.622,-0.076,0.723,0.495,0.722,0.53,0.536,0.783,0.729,0.832,0.726,0.8,0.856,0.933,-0.024,0.654,0.294,0.868,0.812,0.598,0.854,0.07,0.356,-0.158,0.617,0.786,0.53,0.701,0.646,0.546,0.882,0.849,0.726,0.77,0.791,0.329,0.49,0.722,0.389,0.803,0.854,0.8,0.854,0.74,0.76,0.498,0.659,-0.004,0.376,0.239,0.861,0.858,0.791,-0.181,0.513,0.641,0.413,0.015,0.848,0.187,0.81
ADP,0.805,0.85,0.0,-0.405,0.781,-0.084,0.851,0.835,0.249,0.875,0.807,0.872,0.826,0.714,0.667,0.751,0.747,0.86,0.734,0.82,0.825,0.825,0.799,0.883,0.875,0.87,0.13,0.53,0.776,0.203,0.827,0.797,0.831,0.737,0.582,0.747,0.927,0.88,0.796,0.894,0.741,0.216,0.196,0.589,0.95,0.87,0.788,0.197,0.617,0.729,0.378,-0.409,0.924,0.661,0.846,0.861,0.406,0.38,0.918,0.839,0.859,0.943,0.706,-0.549,0.003,0.709,0.731,0.789,0.497,0.868,0.518,0.86,0.837,0.831,-0.451,0.809,-0.719,0.897,0.858,0.852,0.889,0.452,0.496,0.776,0.489,0.884,0.877,0.685,-0.577,0.78,0.844,0.453,0.684,0.868,0.882,0.372,0.238,0.498,0.458,0.813,0.897,0.864,0.822,-0.096,0.876,0.891,0.467,0.777,0.86,0.775,0.929,0.84,0.734,0.81,-0.394,0.732,0.723,0.89,0.818,0.908,0.945,0.605,0.766,0.71,0.138,0.858,-0.01,0.478,0.736,0.844,0.764,0.4,0.52,0.902,0.617,0.769,0.787,0.505,0.495,-0.586,0.068,0.847,0.663,0.863,0.644,0.665,0.825,0.832,0.907,0.67,0.857,0.795,0.813,0.039,0.763,0.538,0.92,0.901,0.745,0.842,0.388,0.479,0.036,0.754,0.898,0.63,0.818,0.81,0.633,0.892,0.902,0.736,0.826,0.868,0.451,0.72,0.864,0.596,0.902,0.914,0.828,0.904,0.871,0.869,0.674,0.628,0.19,0.5,0.35,0.902,0.885,0.775,-0.009,0.613,0.798,0.583,0.267,0.931,0.435,0.885
AFYA,-0.162,-0.479,-0.405,0.0,-0.343,0.004,-0.656,-0.719,-0.092,-0.233,-0.33,-0.349,-0.484,-0.234,-0.041,-0.1,-0.414,-0.71,-0.151,-0.521,-0.48,-0.53,-0.604,-0.617,-0.501,-0.28,0.336,0.29,-0.239,0.159,-0.076,-0.239,-0.044,-0.228,0.272,0.087,-0.399,-0.632,-0.267,-0.366,-0.009,0.374,0.411,-0.096,-0.434,-0.245,-0.231,0.233,0.006,-0.457,-0.002,0.652,-0.438,-0.112,-0.259,-0.278,-0.219,0.336,-0.488,-0.212,-0.587,-0.355,-0.072,0.223,0.546,-0.168,-0.175,-0.506,0.169,-0.371,0.163,-0.303,-0.473,-0.251,0.778,-0.283,0.788,-0.463,-0.177,-0.19,-0.342,0.151,0.217,-0.205,0.016,-0.573,-0.453,-0.001,0.459,-0.391,-0.19,0.213,0.101,-0.45,-0.416,0.308,0.508,0.17,0.36,-0.161,-0.372,-0.421,-0.312,0.655,-0.26,-0.348,0.353,-0.701,-0.396,-0.576,-0.352,-0.226,-0.211,-0.419,0.622,-0.058,-0.056,-0.256,-0.689,-0.19,-0.328,0.114,-0.123,-0.111,0.569,-0.517,0.597,0.14,-0.373,-0.372,-0.442,0.421,0.059,-0.393,0.094,-0.084,-0.204,0.239,0.308,0.8,0.285,-0.327,-0.004,-0.143,0.033,0.172,-0.419,-0.079,-0.436,-0.172,-0.329,-0.408,-0.594,0.601,-0.41,0.135,-0.431,-0.249,-0.065,-0.569,0.023,0.276,0.481,-0.403,-0.357,0.02,-0.134,-0.17,0.102,-0.6,-0.409,-0.658,-0.334,-0.19,0.042,-0.034,-0.154,0.196,-0.532,-0.494,-0.653,-0.409,-0.208,-0.197,-0.182,-0.178,0.269,0.055,0.573,-0.382,-0.278,-0.139,0.639,-0.056,-0.194,0.246,0.084,-0.43,0.295,-0.313
AGNC,0.8,0.602,0.781,-0.343,0.0,-0.453,0.698,0.6,0.106,0.863,0.906,0.777,0.892,0.832,0.836,0.797,0.755,0.714,0.727,0.794,0.808,0.804,0.848,0.881,0.793,0.885,0.349,0.618,0.909,0.068,0.814,0.967,0.779,0.959,0.653,0.734,0.841,0.64,0.898,0.925,0.794,0.407,0.464,0.746,0.843,0.835,0.865,0.478,0.796,0.855,0.806,-0.187,0.792,0.862,0.921,0.849,-0.142,0.174,0.834,0.826,0.701,0.885,0.865,-0.856,0.037,0.81,0.948,0.598,0.808,0.854,0.824,0.945,0.671,0.849,-0.284,0.71,-0.514,0.815,0.854,0.851,0.916,0.709,0.753,0.631,0.753,0.839,0.939,0.815,-0.497,0.869,0.879,0.733,0.706,0.938,0.799,0.139,0.502,0.666,0.537,0.905,0.917,0.928,0.857,0.098,0.849,0.931,0.615,0.639,0.952,0.853,0.847,0.912,0.925,0.867,-0.114,0.838,0.783,0.867,0.773,0.862,0.838,0.845,0.9,0.929,0.426,0.653,0.328,0.428,0.571,0.758,0.867,0.552,0.823,0.896,0.703,0.835,0.855,0.616,0.549,-0.548,0.407,0.91,0.858,0.785,0.746,0.744,0.871,0.824,0.879,0.543,0.864,0.606,0.587,-0.248,0.881,0.737,0.847,0.861,0.591,0.706,0.6,0.689,0.269,0.974,0.887,0.756,0.891,0.883,0.76,0.838,0.885,0.691,0.89,0.803,0.768,0.893,0.853,0.742,0.883,0.861,0.865,0.869,0.844,0.881,0.883,0.652,0.548,0.761,0.341,0.682,0.679,0.514,-0.023,0.744,0.913,0.717,0.671,0.831,0.728,0.854
AGYS,-0.185,-0.103,-0.084,0.004,-0.453,0.0,-0.172,-0.017,-0.086,-0.379,-0.391,-0.019,-0.452,-0.609,-0.522,-0.426,-0.292,-0.086,-0.491,-0.42,-0.368,-0.101,-0.331,-0.282,-0.208,-0.392,0.111,-0.348,-0.356,0.152,-0.241,-0.5,-0.236,-0.415,-0.17,-0.329,-0.228,-0.072,-0.286,-0.4,-0.42,0.089,-0.432,-0.369,-0.115,-0.399,-0.375,-0.43,-0.257,-0.412,-0.622,-0.264,-0.186,-0.421,-0.46,-0.368,0.446,0.048,-0.232,-0.442,-0.046,-0.243,-0.341,0.419,-0.057,-0.535,-0.49,-0.004,-0.514,-0.437,-0.469,-0.409,-0.192,-0.466,0.238,-0.406,0.057,-0.296,-0.377,-0.441,-0.312,-0.276,-0.443,-0.128,-0.163,-0.27,-0.303,-0.408,0.107,-0.461,-0.44,-0.307,-0.405,-0.367,-0.293,-0.085,-0.334,-0.465,-0.271,-0.497,-0.319,-0.254,-0.396,-0.411,-0.389,-0.222,-0.45,-0.118,-0.429,-0.27,-0.202,-0.366,-0.532,-0.371,-0.408,-0.381,-0.49,-0.35,-0.246,-0.312,-0.096,-0.482,-0.442,-0.417,-0.412,-0.106,-0.215,-0.308,-0.3,-0.361,-0.432,-0.195,-0.475,-0.381,-0.555,-0.373,-0.358,0.02,-0.327,0.299,-0.517,-0.321,-0.528,-0.121,-0.459,-0.42,-0.414,-0.401,-0.383,-0.186,-0.303,-0.213,-0.204,0.43,-0.334,-0.363,-0.373,-0.305,0.004,-0.175,0.071,-0.399,-0.333,-0.381,-0.228,-0.462,-0.499,-0.39,-0.537,-0.306,-0.369,-0.164,-0.483,-0.275,-0.492,-0.408,-0.334,-0.326,-0.274,-0.268,-0.321,-0.378,-0.369,-0.358,-0.345,-0.493,-0.401,-0.403,-0.287,-0.112,-0.218,-0.141,-0.044,-0.433,-0.451,-0.288,-0.328,-0.19,-0.436,-0.35
ALT,0.636,0.901,0.851,-0.656,0.698,-0.172,0.0,0.89,0.288,0.768,0.722,0.784,0.858,0.678,0.53,0.628,0.771,0.943,0.683,0.879,0.874,0.795,0.856,0.899,0.831,0.774,-0.173,0.294,0.643,0.15,0.636,0.696,0.631,0.634,0.283,0.541,0.852,0.905,0.715,0.835,0.588,-0.088,-0.028,0.532,0.869,0.781,0.68,0.007,0.407,0.772,0.288,-0.473,0.882,0.573,0.752,0.781,0.434,0.069,0.888,0.734,0.872,0.825,0.533,-0.46,-0.262,0.651,0.603,0.787,0.285,0.851,0.307,0.768,0.845,0.769,-0.712,0.767,-0.869,0.891,0.749,0.753,0.807,0.241,0.27,0.692,0.279,0.897,0.81,0.52,-0.594,0.767,0.703,0.232,0.499,0.833,0.861,0.214,-0.061,0.325,0.155,0.692,0.814,0.79,0.767,-0.3,0.8,0.742,0.231,0.826,0.806,0.796,0.828,0.706,0.647,0.781,-0.432,0.56,0.58,0.76,0.925,0.764,0.797,0.377,0.651,0.577,-0.128,0.886,-0.273,0.349,0.776,0.82,0.815,0.098,0.387,0.85,0.489,0.618,0.673,0.206,0.242,-0.738,-0.068,0.767,0.494,0.678,0.467,0.444,0.811,0.686,0.885,0.615,0.823,0.811,0.907,-0.243,0.692,0.31,0.868,0.788,0.558,0.887,0.168,0.277,-0.244,0.715,0.828,0.469,0.679,0.679,0.486,0.935,0.848,0.816,0.775,0.768,0.339,0.524,0.699,0.338,0.889,0.898,0.876,0.874,0.723,0.762,0.554,0.651,0.009,0.375,0.051,0.824,0.783,0.673,-0.299,0.496,0.676,0.366,0.133,0.867,0.175,0.808
AMGN,0.516,0.835,0.835,-0.719,0.6,-0.017,0.89,0.0,0.173,0.678,0.66,0.706,0.75,0.552,0.414,0.551,0.656,0.92,0.578,0.767,0.733,0.771,0.762,0.874,0.886,0.683,-0.166,0.185,0.589,0.015,0.526,0.586,0.566,0.516,0.254,0.419,0.802,0.91,0.573,0.731,0.495,-0.16,-0.119,0.372,0.823,0.662,0.636,0.003,0.352,0.615,0.151,-0.652,0.811,0.42,0.649,0.72,0.513,0.169,0.788,0.632,0.922,0.752,0.419,-0.416,-0.207,0.548,0.494,0.712,0.182,0.722,0.178,0.653,0.797,0.647,-0.715,0.692,-0.915,0.787,0.626,0.645,0.679,0.098,0.171,0.669,0.168,0.83,0.739,0.408,-0.561,0.661,0.64,0.062,0.365,0.725,0.809,0.172,-0.165,0.275,0.126,0.561,0.717,0.734,0.666,-0.352,0.667,0.679,0.104,0.927,0.709,0.704,0.785,0.625,0.488,0.736,-0.668,0.461,0.51,0.694,0.84,0.643,0.771,0.273,0.506,0.433,-0.269,0.798,-0.385,0.315,0.734,0.749,0.702,-0.008,0.223,0.752,0.327,0.486,0.611,0.143,0.159,-0.799,-0.169,0.681,0.378,0.585,0.371,0.314,0.712,0.552,0.77,0.518,0.66,0.805,0.86,-0.233,0.708,0.232,0.815,0.692,0.518,0.8,0.113,0.068,-0.25,0.608,0.718,0.359,0.562,0.6,0.35,0.858,0.776,0.733,0.672,0.693,0.172,0.434,0.664,0.177,0.795,0.779,0.84,0.766,0.66,0.625,0.427,0.444,-0.117,0.22,-0.054,0.841,0.764,0.55,-0.248,0.372,0.563,0.199,0.006,0.769,0.088,0.746
AMPH,0.098,0.406,0.249,-0.092,0.106,-0.086,0.288,0.173,0.0,0.372,0.394,0.431,0.382,0.477,0.331,0.417,0.524,0.2,0.489,0.502,0.474,0.376,0.432,0.26,0.265,0.428,-0.265,0.392,0.201,0.351,0.34,0.223,0.391,0.227,0.062,0.404,0.338,0.4,0.227,0.258,0.285,-0.136,0.309,0.528,0.252,0.46,0.324,0.134,0.042,0.487,0.175,0.215,0.434,0.364,0.274,0.386,0.28,0.103,0.453,0.424,0.266,0.263,0.303,0.044,-0.031,0.385,0.233,0.467,-0.094,0.427,0.089,0.329,0.598,0.463,-0.404,0.57,-0.207,0.424,0.39,0.232,0.352,0.249,0.151,0.281,-0.204,0.424,0.287,0.407,0.051,0.493,0.216,0.125,0.371,0.363,0.44,0.488,0.062,0.174,0.262,0.295,0.308,0.212,0.428,0.14,0.398,0.157,0.28,0.204,0.285,0.278,0.18,0.341,0.373,0.436,0.11,0.181,0.324,0.243,0.42,0.342,0.203,0.029,0.36,0.237,0.171,0.48,-0.071,0.356,0.43,0.511,0.417,0.228,0.297,0.334,0.49,0.448,0.327,0.024,0.376,-0.105,0.392,0.185,0.337,0.381,0.423,0.311,0.444,0.339,0.365,0.726,0.395,0.537,0.512,0.225,0.177,0.298,0.252,0.274,0.31,0.549,-0.079,0.158,0.248,0.17,0.333,0.523,0.298,0.168,0.272,0.371,0.361,0.456,0.412,0.199,0.389,0.181,0.164,0.321,0.268,0.396,0.242,0.357,0.283,0.251,0.279,0.628,0.192,0.373,0.186,0.121,0.291,0.612,-0.249,0.566,0.277,0.022,-0.247,0.277,0.066,0.389
AMZN,0.801,0.801,0.875,-0.233,0.863,-0.379,0.768,0.678,0.372,0.0,0.926,0.848,0.918,0.912,0.875,0.932,0.87,0.713,0.926,0.886,0.878,0.813,0.833,0.867,0.864,0.972,0.164,0.783,0.901,0.227,0.916,0.939,0.913,0.863,0.738,0.914,0.962,0.792,0.863,0.966,0.938,0.237,0.529,0.84,0.897,0.974,0.922,0.513,0.766,0.837,0.664,-0.115,0.919,0.869,0.968,0.972,0.185,0.448,0.893,0.968,0.785,0.919,0.843,-0.7,0.187,0.939,0.898,0.721,0.717,0.957,0.736,0.959,0.851,0.968,-0.387,0.933,-0.581,0.928,0.979,0.954,0.925,0.631,0.753,0.82,0.474,0.862,0.884,0.903,-0.421,0.918,0.966,0.645,0.874,0.918,0.932,0.515,0.492,0.791,0.662,0.961,0.934,0.893,0.941,0.259,0.965,0.866,0.754,0.653,0.943,0.737,0.926,0.962,0.896,0.921,-0.114,0.823,0.933,0.97,0.79,0.973,0.899,0.777,0.937,0.872,0.432,0.805,0.251,0.706,0.827,0.932,0.905,0.598,0.774,0.965,0.869,0.933,0.939,0.564,0.736,-0.496,0.411,0.932,0.886,0.916,0.873,0.874,0.935,0.968,0.945,0.753,0.909,0.854,0.778,0.074,0.836,0.744,0.922,0.963,0.783,0.852,0.372,0.655,0.349,0.841,0.929,0.866,0.969,0.927,0.882,0.893,0.962,0.677,0.957,0.931,0.72,0.878,0.943,0.758,0.882,0.899,0.831,0.956,0.969,0.938,0.814,0.795,0.488,0.752,0.571,0.841,0.886,0.807,0.108,0.842,0.943,0.719,0.355,0.869,0.682,0.974
ANIP,0.698,0.705,0.807,-0.33,0.906,-0.391,0.722,0.66,0.394,0.926,0.0,0.846,0.925,0.917,0.887,0.925,0.86,0.71,0.875,0.875,0.855,0.841,0.886,0.894,0.889,0.965,0.233,0.748,0.932,0.111,0.864,0.948,0.889,0.92,0.665,0.832,0.91,0.746,0.868,0.93,0.859,0.283,0.56,0.853,0.858,0.926,0.953,0.565,0.795,0.891,0.743,-0.122,0.879,0.894,0.939,0.944,0.05,0.345,0.882,0.907,0.796,0.872,0.877,-0.785,0.162,0.894,0.932,0.659,0.692,0.908,0.769,0.953,0.825,0.928,-0.386,0.868,-0.556,0.886,0.923,0.876,0.915,0.69,0.771,0.751,0.535,0.89,0.938,0.904,-0.363,0.946,0.909,0.665,0.811,0.944,0.917,0.395,0.512,0.736,0.655,0.911,0.908,0.913,0.944,0.227,0.902,0.877,0.694,0.698,0.945,0.799,0.864,0.954,0.92,0.968,-0.117,0.835,0.882,0.908,0.806,0.897,0.848,0.772,0.934,0.893,0.429,0.71,0.269,0.629,0.742,0.882,0.93,0.608,0.825,0.927,0.815,0.913,0.921,0.551,0.702,-0.525,0.499,0.909,0.907,0.863,0.868,0.812,0.945,0.866,0.904,0.761,0.877,0.807,0.725,-0.085,0.91,0.786,0.858,0.892,0.714,0.815,0.457,0.633,0.404,0.911,0.905,0.896,0.923,0.879,0.814,0.878,0.946,0.749,0.96,0.846,0.801,0.867,0.872,0.757,0.867,0.874,0.878,0.895,0.894,0.878,0.878,0.752,0.572,0.814,0.43,0.723,0.783,0.666,-0.004,0.875,0.932,0.635,0.462,0.833,0.707,0.918
AOSL,0.747,0.794,0.872,-0.349,0.777,-0.019,0.784,0.706,0.431,0.848,0.846,0.0,0.843,0.728,0.715,0.778,0.856,0.798,0.729,0.82,0.848,0.885,0.848,0.845,0.819,0.878,0.195,0.622,0.803,0.361,0.878,0.796,0.839,0.804,0.629,0.775,0.887,0.823,0.888,0.852,0.748,0.327,0.329,0.771,0.923,0.848,0.804,0.266,0.649,0.841,0.495,-0.255,0.913,0.797,0.813,0.85,0.311,0.275,0.917,0.806,0.815,0.894,0.774,-0.575,0.019,0.732,0.772,0.845,0.482,0.849,0.578,0.866,0.871,0.824,-0.375,0.776,-0.618,0.876,0.861,0.777,0.909,0.633,0.562,0.787,0.538,0.875,0.891,0.78,-0.423,0.823,0.77,0.587,0.695,0.888,0.878,0.385,0.337,0.517,0.511,0.79,0.876,0.859,0.863,-0.054,0.865,0.853,0.53,0.695,0.853,0.791,0.85,0.881,0.779,0.844,-0.289,0.704,0.697,0.816,0.837,0.873,0.921,0.58,0.82,0.793,0.247,0.844,0.15,0.496,0.698,0.835,0.835,0.54,0.681,0.865,0.654,0.848,0.819,0.593,0.566,-0.439,0.222,0.83,0.709,0.91,0.703,0.691,0.862,0.8,0.862,0.761,0.893,0.768,0.746,0.131,0.77,0.634,0.786,0.865,0.783,0.854,0.5,0.562,0.131,0.811,0.93,0.724,0.78,0.798,0.64,0.859,0.87,0.794,0.827,0.82,0.611,0.747,0.804,0.681,0.878,0.901,0.796,0.86,0.794,0.851,0.765,0.686,0.356,0.695,0.343,0.759,0.769,0.745,-0.111,0.721,0.8,0.611,0.332,0.859,0.501,0.861
APDN,0.709,0.805,0.826,-0.484,0.892,-0.452,0.858,0.75,0.382,0.918,0.925,0.843,0.0,0.925,0.82,0.855,0.901,0.834,0.86,0.964,0.944,0.84,0.953,0.943,0.868,0.941,0.001,0.594,0.854,0.15,0.808,0.92,0.787,0.867,0.524,0.748,0.922,0.829,0.856,0.954,0.813,0.086,0.365,0.797,0.89,0.924,0.869,0.364,0.642,0.941,0.659,-0.223,0.909,0.84,0.931,0.917,0.104,0.143,0.936,0.913,0.809,0.898,0.776,-0.708,-0.074,0.885,0.872,0.741,0.589,0.967,0.644,0.943,0.878,0.946,-0.595,0.891,-0.718,0.944,0.908,0.889,0.933,0.557,0.61,0.74,0.444,0.94,0.933,0.801,-0.479,0.956,0.881,0.521,0.725,0.966,0.931,0.29,0.294,0.616,0.449,0.899,0.928,0.904,0.932,0.027,0.935,0.849,0.551,0.772,0.967,0.86,0.862,0.911,0.907,0.941,-0.191,0.778,0.816,0.883,0.924,0.886,0.839,0.658,0.884,0.833,0.27,0.827,0.056,0.537,0.81,0.925,0.974,0.395,0.729,0.961,0.771,0.852,0.866,0.404,0.538,-0.674,0.336,0.896,0.809,0.799,0.751,0.719,0.964,0.853,0.961,0.712,0.921,0.828,0.838,-0.222,0.855,0.629,0.913,0.89,0.623,0.894,0.304,0.558,0.143,0.9,0.921,0.775,0.891,0.851,0.749,0.959,0.96,0.825,0.963,0.843,0.687,0.782,0.842,0.632,0.935,0.94,0.927,0.955,0.867,0.89,0.794,0.825,0.388,0.701,0.291,0.769,0.795,0.687,-0.181,0.774,0.897,0.545,0.371,0.865,0.527,0.924
APLT,0.625,0.683,0.714,-0.234,0.832,-0.609,0.678,0.552,0.477,0.912,0.917,0.728,0.925,0.0,0.906,0.923,0.83,0.611,0.934,0.898,0.853,0.697,0.835,0.809,0.777,0.942,0.032,0.762,0.84,0.138,0.819,0.915,0.822,0.831,0.597,0.828,0.849,0.673,0.781,0.897,0.871,0.111,0.596,0.839,0.752,0.93,0.884,0.561,0.677,0.867,0.744,0.034,0.818,0.852,0.926,0.91,-0.014,0.293,0.828,0.94,0.648,0.818,0.793,-0.691,0.145,0.934,0.894,0.582,0.664,0.931,0.74,0.911,0.81,0.962,-0.467,0.919,-0.494,0.859,0.907,0.89,0.862,0.616,0.745,0.689,0.38,0.827,0.844,0.88,-0.307,0.941,0.898,0.577,0.832,0.884,0.875,0.463,0.489,0.751,0.627,0.924,0.853,0.807,0.913,0.337,0.915,0.757,0.733,0.612,0.913,0.72,0.776,0.91,0.925,0.913,0.045,0.822,0.906,0.866,0.757,0.872,0.736,0.734,0.902,0.832,0.489,0.676,0.225,0.677,0.786,0.902,0.912,0.534,0.796,0.902,0.919,0.897,0.866,0.408,0.723,-0.515,0.558,0.829,0.918,0.769,0.872,0.838,0.926,0.879,0.885,0.751,0.838,0.791,0.731,-0.1,0.805,0.743,0.848,0.843,0.608,0.778,0.226,0.647,0.415,0.81,0.832,0.903,0.935,0.84,0.871,0.833,0.913,0.681,0.967,0.816,0.786,0.823,0.843,0.737,0.801,0.823,0.796,0.887,0.881,0.856,0.796,0.862,0.542,0.766,0.51,0.667,0.765,0.702,-0.007,0.881,0.913,0.587,0.35,0.756,0.673,0.891
APVO,0.637,0.548,0.667,-0.041,0.836,-0.522,0.53,0.414,0.331,0.875,0.887,0.715,0.82,0.906,0.0,0.91,0.77,0.467,0.862,0.755,0.739,0.659,0.722,0.72,0.716,0.893,0.282,0.859,0.896,0.178,0.859,0.918,0.832,0.877,0.754,0.876,0.8,0.528,0.814,0.852,0.9,0.332,0.73,0.859,0.716,0.885,0.869,0.665,0.793,0.799,0.797,0.179,0.74,0.894,0.893,0.857,-0.12,0.367,0.73,0.891,0.566,0.779,0.856,-0.75,0.341,0.913,0.929,0.499,0.796,0.848,0.874,0.892,0.665,0.892,-0.198,0.811,-0.311,0.761,0.885,0.867,0.834,0.772,0.876,0.68,0.541,0.714,0.807,0.93,-0.177,0.867,0.892,0.732,0.863,0.828,0.791,0.44,0.699,0.829,0.739,0.906,0.824,0.791,0.858,0.453,0.853,0.765,0.849,0.475,0.873,0.624,0.745,0.91,0.902,0.837,0.168,0.855,0.909,0.845,0.603,0.854,0.731,0.841,0.916,0.894,0.651,0.539,0.481,0.697,0.67,0.795,0.827,0.723,0.882,0.848,0.908,0.909,0.871,0.575,0.802,-0.304,0.656,0.835,0.954,0.807,0.912,0.908,0.859,0.878,0.802,0.643,0.791,0.647,0.536,0.029,0.816,0.852,0.737,0.828,0.693,0.649,0.407,0.748,0.557,0.817,0.814,0.923,0.924,0.845,0.889,0.706,0.842,0.546,0.893,0.823,0.853,0.87,0.839,0.828,0.721,0.745,0.682,0.813,0.849,0.84,0.847,0.745,0.718,0.859,0.635,0.591,0.691,0.601,0.161,0.878,0.923,0.708,0.494,0.682,0.82,0.818
ARGX,0.646,0.711,0.751,-0.1,0.797,-0.426,0.628,0.551,0.417,0.932,0.925,0.778,0.855,0.923,0.91,0.0,0.828,0.57,0.949,0.821,0.79,0.717,0.746,0.763,0.821,0.942,0.158,0.861,0.893,0.142,0.877,0.906,0.921,0.833,0.762,0.908,0.877,0.657,0.794,0.893,0.931,0.226,0.636,0.862,0.777,0.934,0.922,0.64,0.784,0.782,0.683,0.065,0.848,0.881,0.927,0.934,0.121,0.492,0.783,0.927,0.697,0.807,0.804,-0.698,0.353,0.938,0.877,0.578,0.718,0.882,0.776,0.884,0.778,0.93,-0.299,0.895,-0.451,0.84,0.935,0.906,0.83,0.649,0.817,0.779,0.408,0.766,0.819,0.937,-0.22,0.875,0.92,0.668,0.906,0.837,0.895,0.618,0.612,0.849,0.753,0.918,0.818,0.8,0.908,0.449,0.902,0.753,0.827,0.584,0.867,0.63,0.828,0.927,0.854,0.909,0.017,0.811,0.952,0.911,0.667,0.898,0.786,0.776,0.904,0.835,0.526,0.639,0.344,0.804,0.807,0.876,0.869,0.673,0.815,0.878,0.912,0.918,0.907,0.521,0.829,-0.368,0.524,0.859,0.916,0.852,0.921,0.907,0.893,0.9,0.836,0.759,0.807,0.802,0.679,0.107,0.845,0.773,0.821,0.891,0.753,0.728,0.3,0.688,0.507,0.785,0.84,0.935,0.942,0.858,0.911,0.777,0.906,0.584,0.929,0.892,0.773,0.831,0.895,0.768,0.743,0.772,0.75,0.85,0.91,0.863,0.795,0.767,0.595,0.813,0.648,0.736,0.833,0.711,0.186,0.869,0.908,0.686,0.36,0.75,0.751,0.889
ARLP,0.62,0.778,0.747,-0.414,0.755,-0.292,0.771,0.656,0.524,0.87,0.86,0.856,0.901,0.83,0.77,0.828,0.0,0.722,0.846,0.898,0.908,0.856,0.883,0.824,0.79,0.877,-0.017,0.62,0.814,0.253,0.817,0.816,0.772,0.805,0.559,0.76,0.872,0.803,0.829,0.871,0.792,0.052,0.394,0.892,0.815,0.885,0.81,0.402,0.628,0.901,0.58,-0.123,0.891,0.868,0.841,0.855,0.21,0.221,0.867,0.847,0.763,0.78,0.723,-0.614,0.027,0.862,0.782,0.818,0.514,0.886,0.551,0.849,0.878,0.864,-0.534,0.857,-0.639,0.917,0.869,0.783,0.839,0.583,0.57,0.771,0.326,0.846,0.819,0.821,-0.317,0.892,0.798,0.538,0.725,0.876,0.898,0.422,0.338,0.625,0.453,0.832,0.824,0.789,0.893,0.085,0.876,0.713,0.581,0.665,0.862,0.702,0.773,0.862,0.811,0.899,-0.161,0.624,0.78,0.838,0.85,0.824,0.769,0.546,0.828,0.766,0.242,0.825,0.132,0.63,0.822,0.898,0.915,0.452,0.737,0.886,0.725,0.856,0.846,0.372,0.599,-0.539,0.37,0.837,0.74,0.842,0.779,0.723,0.929,0.805,0.875,0.728,0.837,0.829,0.797,-0.004,0.801,0.579,0.776,0.865,0.727,0.903,0.27,0.505,0.233,0.807,0.873,0.779,0.813,0.772,0.72,0.885,0.89,0.779,0.889,0.801,0.67,0.682,0.753,0.58,0.854,0.865,0.826,0.872,0.798,0.815,0.763,0.782,0.46,0.763,0.354,0.713,0.775,0.743,-0.157,0.789,0.818,0.527,0.264,0.764,0.472,0.857
ATEX,0.656,0.861,0.86,-0.71,0.714,-0.086,0.943,0.92,0.2,0.713,0.71,0.798,0.834,0.611,0.467,0.57,0.722,0.0,0.592,0.837,0.839,0.809,0.855,0.908,0.83,0.738,-0.113,0.208,0.62,0.087,0.605,0.672,0.618,0.629,0.261,0.463,0.819,0.898,0.71,0.801,0.511,-0.011,-0.109,0.455,0.878,0.713,0.664,-0.06,0.393,0.748,0.259,-0.615,0.858,0.532,0.71,0.739,0.425,0.011,0.884,0.664,0.901,0.826,0.519,-0.476,-0.347,0.566,0.577,0.794,0.25,0.791,0.279,0.741,0.825,0.702,-0.685,0.684,-0.89,0.85,0.691,0.694,0.787,0.22,0.219,0.656,0.351,0.906,0.832,0.472,-0.675,0.721,0.657,0.216,0.411,0.825,0.824,0.102,-0.097,0.24,0.116,0.648,0.789,0.8,0.728,-0.42,0.746,0.771,0.138,0.888,0.79,0.834,0.804,0.683,0.615,0.764,-0.544,0.542,0.499,0.719,0.927,0.72,0.812,0.35,0.607,0.557,-0.179,0.854,-0.304,0.235,0.687,0.77,0.781,0.062,0.356,0.809,0.386,0.568,0.629,0.242,0.165,-0.769,-0.161,0.73,0.442,0.649,0.399,0.376,0.769,0.615,0.843,0.583,0.793,0.759,0.867,-0.29,0.713,0.284,0.85,0.754,0.505,0.841,0.248,0.276,-0.302,0.727,0.806,0.406,0.624,0.647,0.397,0.916,0.816,0.836,0.737,0.71,0.295,0.515,0.683,0.314,0.892,0.876,0.887,0.828,0.674,0.732,0.522,0.555,-0.041,0.334,-0.048,0.814,0.737,0.593,-0.346,0.441,0.629,0.328,0.207,0.864,0.154,0.776
ATRA,0.597,0.758,0.734,-0.151,0.727,-0.491,0.683,0.578,0.489,0.926,0.875,0.729,0.86,0.934,0.862,0.949,0.846,0.592,0.0,0.861,0.835,0.668,0.747,0.75,0.795,0.925,-0.006,0.795,0.819,0.153,0.836,0.856,0.876,0.752,0.649,0.882,0.865,0.698,0.749,0.879,0.904,0.059,0.56,0.835,0.752,0.942,0.887,0.543,0.675,0.777,0.609,0.042,0.843,0.828,0.901,0.931,0.232,0.458,0.786,0.924,0.694,0.769,0.729,-0.589,0.261,0.942,0.81,0.611,0.62,0.906,0.659,0.847,0.819,0.932,-0.433,0.94,-0.499,0.866,0.925,0.901,0.794,0.54,0.713,0.807,0.27,0.771,0.757,0.88,-0.214,0.872,0.898,0.545,0.887,0.811,0.905,0.674,0.495,0.797,0.667,0.899,0.799,0.739,0.897,0.414,0.91,0.688,0.781,0.576,0.84,0.578,0.805,0.875,0.83,0.886,0.018,0.752,0.936,0.895,0.695,0.882,0.739,0.693,0.873,0.754,0.439,0.696,0.221,0.82,0.884,0.915,0.871,0.562,0.743,0.882,0.92,0.891,0.858,0.384,0.783,-0.431,0.456,0.819,0.856,0.814,0.899,0.865,0.901,0.904,0.861,0.783,0.806,0.868,0.768,0.068,0.766,0.677,0.837,0.885,0.741,0.776,0.136,0.606,0.421,0.707,0.81,0.892,0.925,0.822,0.906,0.802,0.895,0.592,0.932,0.864,0.708,0.763,0.856,0.676,0.756,0.775,0.736,0.872,0.901,0.852,0.699,0.818,0.514,0.743,0.626,0.757,0.865,0.793,0.133,0.859,0.869,0.616,0.238,0.734,0.633,0.893
AUTL,0.645,0.87,0.82,-0.521,0.794,-0.42,0.879,0.767,0.502,0.886,0.875,0.82,0.964,0.898,0.755,0.821,0.898,0.837,0.861,0.0,0.969,0.825,0.936,0.908,0.838,0.909,-0.163,0.531,0.762,0.171,0.755,0.838,0.763,0.775,0.409,0.706,0.89,0.859,0.774,0.91,0.74,-0.045,0.271,0.753,0.854,0.921,0.804,0.253,0.507,0.925,0.525,-0.238,0.923,0.766,0.873,0.882,0.23,0.107,0.941,0.894,0.803,0.861,0.684,-0.554,-0.134,0.833,0.77,0.785,0.439,0.958,0.503,0.886,0.923,0.925,-0.706,0.921,-0.753,0.956,0.87,0.833,0.884,0.444,0.481,0.694,0.294,0.943,0.883,0.741,-0.489,0.938,0.812,0.412,0.682,0.923,0.929,0.354,0.181,0.52,0.36,0.85,0.875,0.82,0.893,-0.032,0.913,0.769,0.473,0.777,0.911,0.84,0.81,0.848,0.835,0.911,-0.215,0.674,0.761,0.839,0.942,0.852,0.783,0.53,0.814,0.726,0.155,0.873,-0.085,0.515,0.838,0.935,0.94,0.294,0.625,0.927,0.742,0.797,0.798,0.266,0.48,-0.709,0.274,0.815,0.729,0.759,0.704,0.655,0.937,0.808,0.941,0.779,0.894,0.867,0.91,-0.218,0.785,0.528,0.91,0.85,0.588,0.92,0.17,0.477,0.065,0.806,0.872,0.74,0.838,0.759,0.68,0.959,0.938,0.837,0.934,0.79,0.603,0.671,0.776,0.554,0.897,0.936,0.897,0.935,0.821,0.832,0.702,0.852,0.282,0.613,0.247,0.756,0.809,0.759,-0.262,0.745,0.813,0.443,0.22,0.853,0.39,0.894
AVDL,0.717,0.863,0.825,-0.48,0.808,-0.368,0.874,0.733,0.474,0.878,0.855,0.848,0.944,0.853,0.739,0.79,0.908,0.839,0.835,0.969,0.0,0.844,0.933,0.889,0.798,0.895,-0.086,0.522,0.76,0.261,0.773,0.839,0.776,0.802,0.442,0.713,0.88,0.842,0.816,0.906,0.727,0.061,0.253,0.762,0.869,0.909,0.795,0.199,0.518,0.931,0.538,-0.242,0.919,0.792,0.853,0.868,0.241,0.082,0.953,0.854,0.796,0.869,0.72,-0.56,-0.178,0.804,0.77,0.837,0.469,0.939,0.522,0.887,0.905,0.896,-0.625,0.874,-0.71,0.953,0.874,0.813,0.898,0.483,0.482,0.689,0.381,0.94,0.884,0.746,-0.531,0.918,0.8,0.484,0.678,0.929,0.905,0.326,0.211,0.501,0.348,0.854,0.892,0.83,0.887,-0.08,0.904,0.788,0.476,0.72,0.902,0.855,0.808,0.845,0.839,0.886,-0.184,0.653,0.724,0.832,0.943,0.859,0.801,0.553,0.835,0.758,0.172,0.908,-0.019,0.457,0.778,0.914,0.934,0.334,0.664,0.921,0.715,0.804,0.791,0.351,0.467,-0.656,0.237,0.825,0.708,0.784,0.684,0.661,0.927,0.81,0.937,0.767,0.911,0.832,0.878,-0.185,0.758,0.528,0.886,0.874,0.602,0.912,0.279,0.535,0.037,0.83,0.892,0.717,0.829,0.761,0.67,0.95,0.914,0.84,0.908,0.782,0.619,0.693,0.762,0.578,0.905,0.949,0.869,0.93,0.799,0.843,0.725,0.857,0.286,0.638,0.256,0.74,0.774,0.771,-0.271,0.734,0.803,0.515,0.288,0.866,0.404,0.885
BCRX,0.712,0.767,0.825,-0.53,0.804,-0.101,0.795,0.771,0.376,0.813,0.841,0.885,0.84,0.697,0.659,0.717,0.856,0.809,0.668,0.825,0.844,0.0,0.883,0.891,0.847,0.825,0.158,0.495,0.796,0.189,0.748,0.788,0.732,0.819,0.521,0.662,0.864,0.846,0.817,0.841,0.676,0.21,0.272,0.726,0.859,0.799,0.79,0.315,0.601,0.844,0.539,-0.324,0.887,0.76,0.784,0.819,0.207,0.195,0.88,0.76,0.858,0.836,0.745,-0.676,-0.039,0.722,0.752,0.83,0.482,0.813,0.529,0.852,0.823,0.784,-0.458,0.749,-0.707,0.854,0.787,0.708,0.862,0.572,0.502,0.668,0.477,0.885,0.88,0.715,-0.495,0.845,0.747,0.549,0.566,0.896,0.848,0.184,0.226,0.512,0.374,0.761,0.866,0.871,0.838,-0.134,0.778,0.821,0.41,0.76,0.86,0.828,0.824,0.833,0.742,0.872,-0.377,0.589,0.666,0.795,0.871,0.787,0.854,0.534,0.763,0.766,0.113,0.847,0.078,0.397,0.657,0.796,0.846,0.395,0.627,0.853,0.535,0.744,0.829,0.482,0.429,-0.587,0.265,0.831,0.654,0.802,0.631,0.562,0.846,0.709,0.847,0.656,0.816,0.751,0.756,-0.084,0.83,0.577,0.783,0.825,0.654,0.869,0.508,0.425,0.11,0.85,0.87,0.652,0.728,0.757,0.543,0.892,0.865,0.799,0.8,0.744,0.578,0.699,0.731,0.552,0.862,0.891,0.868,0.845,0.739,0.742,0.777,0.6,0.31,0.627,0.152,0.707,0.698,0.631,-0.203,0.665,0.759,0.493,0.326,0.825,0.427,0.841
BHAT,0.665,0.768,0.799,-0.604,0.848,-0.331,0.856,0.762,0.432,0.833,0.886,0.848,0.953,0.835,0.722,0.746,0.883,0.855,0.747,0.936,0.933,0.883,0.0,0.945,0.833,0.88,0.011,0.481,0.798,0.186,0.736,0.839,0.706,0.83,0.41,0.642,0.876,0.855,0.818,0.882,0.685,0.094,0.27,0.752,0.864,0.85,0.802,0.255,0.56,0.946,0.593,-0.311,0.882,0.779,0.839,0.839,0.112,0.034,0.942,0.823,0.82,0.864,0.752,-0.659,-0.216,0.775,0.808,0.813,0.463,0.905,0.548,0.897,0.883,0.872,-0.623,0.82,-0.744,0.905,0.832,0.77,0.909,0.508,0.502,0.644,0.422,0.958,0.926,0.719,-0.528,0.933,0.777,0.454,0.607,0.956,0.878,0.163,0.166,0.467,0.34,0.805,0.899,0.891,0.882,-0.154,0.858,0.825,0.407,0.781,0.92,0.905,0.798,0.856,0.854,0.909,-0.277,0.69,0.686,0.794,0.962,0.805,0.808,0.537,0.819,0.787,0.169,0.855,-0.036,0.377,0.713,0.868,0.935,0.315,0.661,0.903,0.638,0.779,0.808,0.372,0.416,-0.694,0.287,0.844,0.712,0.745,0.648,0.591,0.931,0.737,0.919,0.687,0.879,0.788,0.827,-0.273,0.819,0.575,0.843,0.812,0.574,0.923,0.367,0.457,0.06,0.887,0.895,0.691,0.783,0.77,0.6,0.952,0.905,0.903,0.895,0.744,0.622,0.703,0.734,0.556,0.921,0.939,0.92,0.903,0.77,0.8,0.786,0.789,0.315,0.643,0.118,0.685,0.693,0.637,-0.356,0.722,0.819,0.419,0.331,0.855,0.41,0.864
BLBD,0.702,0.804,0.883,-0.617,0.881,-0.282,0.899,0.874,0.26,0.867,0.894,0.845,0.943,0.809,0.72,0.763,0.824,0.908,0.75,0.908,0.889,0.891,0.945,0.0,0.935,0.895,0.084,0.477,0.839,0.089,0.747,0.864,0.737,0.827,0.474,0.659,0.924,0.895,0.823,0.917,0.723,0.114,0.241,0.668,0.92,0.855,0.854,0.283,0.621,0.868,0.556,-0.439,0.902,0.732,0.874,0.892,0.186,0.166,0.931,0.835,0.912,0.912,0.751,-0.702,-0.126,0.778,0.821,0.759,0.511,0.905,0.556,0.911,0.86,0.864,-0.599,0.824,-0.804,0.907,0.84,0.832,0.911,0.468,0.522,0.722,0.47,0.957,0.948,0.703,-0.567,0.905,0.841,0.425,0.603,0.949,0.914,0.17,0.168,0.516,0.381,0.814,0.929,0.943,0.878,-0.142,0.858,0.884,0.41,0.864,0.936,0.895,0.897,0.87,0.816,0.914,-0.409,0.729,0.728,0.856,0.936,0.836,0.886,0.597,0.81,0.777,0.105,0.836,-0.044,0.416,0.746,0.872,0.909,0.313,0.605,0.933,0.608,0.758,0.843,0.412,0.414,-0.741,0.199,0.885,0.711,0.767,0.646,0.591,0.917,0.767,0.94,0.64,0.873,0.825,0.836,-0.263,0.873,0.583,0.91,0.856,0.62,0.895,0.394,0.4,0.039,0.888,0.91,0.661,0.812,0.827,0.618,0.967,0.934,0.85,0.891,0.819,0.548,0.74,0.82,0.527,0.942,0.937,0.96,0.927,0.836,0.828,0.761,0.669,0.255,0.576,0.144,0.806,0.78,0.615,-0.22,0.674,0.84,0.462,0.335,0.89,0.444,0.906
BMRN,0.607,0.795,0.875,-0.501,0.793,-0.208,0.831,0.886,0.265,0.864,0.889,0.819,0.868,0.777,0.716,0.821,0.79,0.83,0.795,0.838,0.798,0.847,0.833,0.935,0.0,0.889,0.091,0.562,0.846,0.059,0.756,0.822,0.791,0.769,0.554,0.712,0.921,0.874,0.759,0.881,0.771,0.076,0.312,0.651,0.887,0.852,0.888,0.388,0.664,0.76,0.492,-0.38,0.891,0.701,0.854,0.92,0.325,0.403,0.852,0.832,0.939,0.855,0.709,-0.668,0.097,0.791,0.78,0.674,0.507,0.856,0.539,0.85,0.838,0.839,-0.527,0.843,-0.755,0.871,0.841,0.84,0.835,0.455,0.561,0.815,0.381,0.88,0.882,0.727,-0.413,0.846,0.858,0.402,0.663,0.872,0.94,0.359,0.247,0.611,0.506,0.777,0.862,0.879,0.871,0.027,0.83,0.817,0.492,0.858,0.868,0.737,0.907,0.853,0.735,0.91,-0.428,0.715,0.794,0.873,0.819,0.821,0.878,0.597,0.776,0.714,0.12,0.763,0.002,0.591,0.813,0.878,0.847,0.391,0.57,0.898,0.633,0.761,0.858,0.389,0.535,-0.646,0.224,0.864,0.715,0.788,0.711,0.631,0.884,0.77,0.887,0.659,0.791,0.879,0.812,-0.101,0.884,0.601,0.873,0.854,0.713,0.838,0.308,0.35,0.164,0.793,0.865,0.701,0.807,0.818,0.663,0.898,0.918,0.743,0.861,0.857,0.519,0.71,0.849,0.496,0.852,0.847,0.893,0.875,0.85,0.799,0.704,0.596,0.285,0.572,0.269,0.852,0.856,0.629,-0.01,0.676,0.822,0.478,0.266,0.822,0.479,0.897
BNGO,0.748,0.779,0.87,-0.28,0.885,-0.392,0.774,0.683,0.428,0.972,0.965,0.878,0.941,0.942,0.893,0.942,0.877,0.738,0.925,0.909,0.895,0.825,0.88,0.895,0.889,0.0,0.172,0.78,0.915,0.205,0.913,0.948,0.92,0.891,0.691,0.896,0.949,0.793,0.882,0.96,0.906,0.257,0.544,0.851,0.897,0.975,0.948,0.504,0.77,0.883,0.688,-0.124,0.921,0.882,0.962,0.978,0.152,0.392,0.922,0.958,0.8,0.921,0.869,-0.711,0.146,0.916,0.922,0.717,0.679,0.96,0.75,0.969,0.879,0.971,-0.414,0.93,-0.576,0.931,0.971,0.933,0.945,0.663,0.757,0.805,0.503,0.905,0.933,0.917,-0.401,0.95,0.944,0.638,0.861,0.95,0.949,0.489,0.494,0.744,0.674,0.947,0.936,0.911,0.959,0.227,0.963,0.879,0.73,0.691,0.956,0.786,0.901,0.974,0.923,0.954,-0.112,0.853,0.911,0.944,0.821,0.956,0.895,0.766,0.948,0.887,0.429,0.787,0.237,0.674,0.804,0.942,0.927,0.613,0.802,0.966,0.873,0.946,0.935,0.558,0.741,-0.511,0.444,0.915,0.91,0.905,0.88,0.861,0.964,0.932,0.952,0.792,0.917,0.854,0.781,0.01,0.871,0.78,0.906,0.941,0.768,0.86,0.398,0.654,0.356,0.873,0.942,0.902,0.962,0.914,0.863,0.904,0.971,0.749,0.977,0.91,0.76,0.875,0.919,0.772,0.891,0.911,0.857,0.946,0.944,0.93,0.849,0.814,0.517,0.784,0.519,0.791,0.856,0.776,0.026,0.882,0.95,0.685,0.393,0.876,0.69,0.962
BUSE,0.361,-0.262,0.13,0.336,0.349,0.111,-0.173,-0.166,-0.265,0.164,0.233,0.195,0.001,0.032,0.282,0.158,-0.017,-0.113,-0.006,-0.163,-0.086,0.158,0.011,0.084,0.091,0.172,0.0,0.422,0.391,0.08,0.327,0.292,0.265,0.405,0.572,0.335,0.12,-0.119,0.339,0.135,0.267,0.871,0.539,0.232,0.17,0.077,0.282,0.442,0.592,0.046,0.479,0.089,-0.012,0.323,0.187,0.161,-0.379,0.34,0.036,0.082,0.026,0.187,0.539,-0.451,0.372,0.121,0.408,-0.036,0.582,0.0,0.598,0.266,-0.129,0.069,0.683,-0.077,0.341,-0.053,0.191,0.143,0.236,0.593,0.578,0.129,0.715,0.004,0.226,0.351,0.013,0.097,0.238,0.613,0.267,0.17,-0.012,-0.035,0.619,0.351,0.576,0.209,0.243,0.33,0.138,0.29,0.07,0.381,0.435,-0.193,0.163,0.119,0.208,0.29,0.27,0.097,0.119,0.357,0.197,0.192,-0.133,0.202,0.288,0.579,0.346,0.476,0.564,-0.114,0.75,0.051,-0.254,-0.054,0.03,0.692,0.471,0.115,0.152,0.295,0.323,0.806,0.376,0.364,0.388,0.272,0.374,0.32,0.289,0.329,0.072,0.21,0.068,-0.038,0.152,-0.14,-0.344,0.283,0.211,0.597,-0.013,0.193,0.33,-0.086,0.845,0.392,0.521,0.328,0.225,0.282,0.232,0.347,0.26,-0.055,0.058,-0.1,0.074,0.182,0.377,0.511,0.243,0.538,0.09,0.053,-0.004,0.045,0.218,0.184,0.456,-0.101,0.559,0.433,0.338,-0.024,-0.057,-0.08,0.371,0.283,0.315,0.513,0.593,0.11,0.653,0.138
CAKE,0.546,0.403,0.53,0.29,0.618,-0.348,0.294,0.185,0.392,0.783,0.748,0.622,0.594,0.762,0.859,0.861,0.62,0.208,0.795,0.531,0.522,0.495,0.481,0.477,0.562,0.78,0.422,0.0,0.784,0.278,0.827,0.758,0.821,0.714,0.859,0.933,0.671,0.377,0.683,0.678,0.896,0.469,0.878,0.826,0.562,0.77,0.787,0.772,0.801,0.578,0.71,0.356,0.6,0.808,0.757,0.771,-0.046,0.656,0.542,0.788,0.403,0.619,0.81,-0.601,0.583,0.816,0.805,0.378,0.765,0.675,0.841,0.738,0.542,0.767,0.109,0.72,-0.053,0.585,0.817,0.756,0.672,0.784,0.923,0.655,0.445,0.483,0.598,0.919,0.016,0.692,0.791,0.772,0.904,0.626,0.652,0.664,0.821,0.883,0.92,0.791,0.658,0.628,0.753,0.695,0.731,0.597,0.963,0.207,0.661,0.359,0.644,0.808,0.749,0.681,0.279,0.753,0.88,0.746,0.337,0.766,0.636,0.8,0.838,0.804,0.796,0.403,0.658,0.804,0.56,0.67,0.627,0.901,0.838,0.676,0.904,0.87,0.826,0.692,0.962,0.056,0.715,0.704,0.901,0.795,0.922,0.931,0.688,0.822,0.617,0.64,0.639,0.571,0.347,0.418,0.62,0.89,0.542,0.731,0.741,0.492,0.414,0.732,0.769,0.599,0.679,0.922,0.83,0.785,0.901,0.479,0.673,0.311,0.731,0.746,0.792,0.827,0.765,0.865,0.491,0.538,0.422,0.637,0.778,0.716,0.752,0.636,0.754,0.841,0.852,0.485,0.613,0.629,0.425,0.851,0.817,0.759,0.375,0.517,0.879,0.712
CASY,0.698,0.6,0.776,-0.239,0.909,-0.356,0.643,0.589,0.201,0.901,0.932,0.803,0.854,0.84,0.896,0.893,0.814,0.62,0.819,0.762,0.76,0.796,0.798,0.839,0.846,0.915,0.391,0.784,0.0,0.13,0.889,0.946,0.841,0.931,0.795,0.858,0.888,0.677,0.877,0.909,0.907,0.379,0.621,0.85,0.84,0.871,0.914,0.642,0.892,0.815,0.784,-0.072,0.812,0.912,0.923,0.903,-0.017,0.424,0.785,0.867,0.727,0.839,0.878,-0.826,0.281,0.891,0.95,0.627,0.816,0.844,0.84,0.923,0.704,0.862,-0.21,0.784,-0.454,0.811,0.906,0.876,0.871,0.749,0.849,0.776,0.628,0.775,0.879,0.91,-0.261,0.87,0.929,0.736,0.828,0.891,0.849,0.385,0.619,0.819,0.721,0.893,0.889,0.9,0.895,0.297,0.851,0.871,0.77,0.591,0.908,0.694,0.868,0.946,0.883,0.89,-0.088,0.821,0.894,0.913,0.69,0.875,0.852,0.854,0.918,0.923,0.494,0.638,0.425,0.671,0.691,0.814,0.862,0.7,0.861,0.901,0.787,0.904,0.939,0.647,0.734,-0.399,0.511,0.941,0.905,0.872,0.876,0.835,0.897,0.859,0.852,0.587,0.814,0.694,0.573,-0.004,0.915,0.817,0.79,0.892,0.79,0.735,0.542,0.636,0.477,0.913,0.901,0.862,0.916,0.916,0.844,0.798,0.889,0.615,0.892,0.878,0.782,0.897,0.892,0.751,0.829,0.803,0.802,0.854,0.899,0.858,0.89,0.647,0.661,0.853,0.51,0.723,0.752,0.58,0.154,0.818,0.951,0.716,0.547,0.768,0.796,0.87
CCOI,0.267,0.175,0.203,0.159,0.068,0.152,0.15,0.015,0.351,0.227,0.111,0.361,0.15,0.138,0.178,0.142,0.253,0.087,0.153,0.171,0.261,0.189,0.186,0.089,0.059,0.205,0.08,0.278,0.13,0.0,0.305,0.121,0.209,0.15,0.275,0.305,0.21,0.205,0.213,0.135,0.217,0.237,0.227,0.278,0.249,0.22,0.117,-0.048,0.055,0.213,0.137,0.105,0.197,0.232,0.091,0.18,0.138,0.106,0.262,0.205,0.097,0.223,0.278,0.043,-0.058,0.173,0.16,0.372,0.061,0.199,0.16,0.208,0.279,0.226,0.042,0.237,0.087,0.193,0.25,0.153,0.277,0.302,0.161,0.233,0.098,0.19,0.159,0.232,-0.057,0.185,0.156,0.195,0.201,0.184,0.158,0.193,0.18,0.137,0.245,0.159,0.252,0.163,0.214,0.011,0.215,0.171,0.254,-0.002,0.158,0.132,0.143,0.22,0.181,0.121,0.125,0.132,0.133,0.112,0.18,0.237,0.252,0.096,0.262,0.239,0.238,0.365,0.168,0.139,0.081,0.272,0.195,0.294,0.235,0.185,0.267,0.302,0.194,0.349,0.255,0.2,0.152,0.137,0.17,0.305,0.18,0.224,0.158,0.257,0.197,0.242,0.291,0.186,0.118,0.414,-0.015,0.267,0.068,0.187,0.274,0.283,0.184,0.274,0.059,0.113,0.315,0.213,0.167,0.175,0.15,0.155,0.119,0.217,0.141,0.183,0.204,0.244,0.162,0.288,0.186,0.24,-0.024,0.194,0.136,0.197,0.152,0.463,0.053,0.249,0.21,0.068,0.078,0.366,0.046,0.256,0.195,0.248,-0.024,0.143,0.143,0.234
CEVA,0.782,0.668,0.827,-0.076,0.814,-0.241,0.636,0.526,0.34,0.916,0.864,0.878,0.808,0.819,0.859,0.877,0.817,0.605,0.836,0.755,0.773,0.748,0.736,0.747,0.756,0.913,0.327,0.827,0.889,0.305,0.0,0.88,0.904,0.842,0.833,0.928,0.881,0.682,0.902,0.893,0.914,0.402,0.58,0.848,0.856,0.9,0.856,0.534,0.829,0.769,0.643,-0.017,0.846,0.876,0.901,0.881,0.157,0.506,0.82,0.899,0.668,0.881,0.839,-0.664,0.305,0.863,0.876,0.703,0.73,0.862,0.771,0.896,0.769,0.872,-0.178,0.811,-0.405,0.84,0.934,0.888,0.886,0.736,0.79,0.828,0.602,0.751,0.824,0.915,-0.291,0.808,0.902,0.731,0.901,0.844,0.835,0.564,0.629,0.769,0.738,0.912,0.862,0.823,0.887,0.304,0.917,0.841,0.803,0.518,0.867,0.629,0.857,0.945,0.864,0.822,-0.037,0.83,0.875,0.92,0.657,0.945,0.9,0.784,0.896,0.872,0.53,0.712,0.403,0.715,0.725,0.837,0.788,0.735,0.811,0.882,0.837,0.96,0.888,0.666,0.803,-0.289,0.417,0.886,0.877,0.96,0.891,0.908,0.863,0.922,0.853,0.686,0.845,0.704,0.61,0.271,0.791,0.772,0.794,0.924,0.87,0.747,0.472,0.73,0.433,0.795,0.907,0.858,0.921,0.905,0.874,0.766,0.878,0.608,0.88,0.905,0.725,0.874,0.917,0.83,0.822,0.819,0.707,0.866,0.914,0.926,0.822,0.718,0.603,0.809,0.672,0.774,0.831,0.774,0.186,0.824,0.917,0.785,0.439,0.801,0.743,0.88
CHY,0.793,0.662,0.797,-0.239,0.967,-0.5,0.696,0.586,0.223,0.939,0.948,0.796,0.92,0.915,0.918,0.906,0.816,0.672,0.856,0.838,0.839,0.788,0.839,0.864,0.822,0.948,0.292,0.758,0.946,0.121,0.88,0.0,0.864,0.957,0.732,0.856,0.896,0.665,0.905,0.96,0.903,0.36,0.582,0.839,0.852,0.921,0.925,0.571,0.837,0.867,0.819,-0.069,0.838,0.918,0.97,0.926,-0.068,0.308,0.847,0.914,0.71,0.892,0.892,-0.838,0.164,0.911,0.974,0.607,0.833,0.915,0.864,0.972,0.732,0.929,-0.291,0.822,-0.486,0.862,0.935,0.929,0.929,0.741,0.833,0.722,0.656,0.837,0.927,0.908,-0.414,0.914,0.95,0.751,0.835,0.941,0.863,0.334,0.59,0.788,0.659,0.965,0.927,0.92,0.922,0.265,0.918,0.906,0.754,0.616,0.968,0.787,0.879,0.961,0.954,0.914,-0.026,0.873,0.901,0.929,0.756,0.925,0.852,0.88,0.958,0.948,0.514,0.675,0.381,0.605,0.688,0.845,0.908,0.641,0.875,0.94,0.842,0.918,0.917,0.616,0.704,-0.484,0.494,0.941,0.935,0.85,0.859,0.862,0.919,0.916,0.911,0.643,0.893,0.707,0.641,-0.11,0.89,0.8,0.874,0.92,0.683,0.745,0.503,0.743,0.388,0.945,0.913,0.867,0.968,0.929,0.875,0.848,0.932,0.665,0.95,0.877,0.825,0.927,0.912,0.802,0.872,0.863,0.846,0.91,0.915,0.926,0.894,0.743,0.609,0.829,0.507,0.73,0.764,0.625,0.082,0.836,0.966,0.765,0.59,0.831,0.788,0.909
