,AAPL,ACRS,ADP,AFYA,AGNC,AGYS,ALT,AMGN,AMPH,AMZN,ANIP,AOSL,APDN,APLT,APVO,ARGX,ARLP,ATEX,ATRA,AUTL,AVDL,BCRX,BHAT,BLBD,BMRN,BNGO,BUSE,CAKE,CASY,CCOI,CEVA,CHY,CLDX,CLMT,COHU,COLM,COST,CPRT,CSWC,CSX,DBX,DCOM,DKNG,DMLP,DOX,EA,EDIT,ENPH,ENSG,ERNA,ESGR,ETNB,EXTR,FANG,FARO,FATE,FGEN,FIVE,FIVN,FLGT,FOLD,FORM,FOXA,FRPT,FSLR,FTAI,GBDC,GDYN,GGAL,GNLN,GRFS,GT,HCAT,HCM,HFWA,HOLX,HQY,HUBG,IAC,ICLR,IDCC,IEP,IHRT,ILMN,ILPT,IMAB,IMOS,INMD,INTZ,JAZZ,JKHY,JRVR,KIDS,LBRDK,LGND,LMAT,LPLA,LULU,MASI,MAT,MATW,MBIN,MBIO,MCRB,MDB,MDLZ,MELI,MIRM,MLKN,MNMD,MNRO,MPWR,MRCY,MRSN,MTVA,NAAS,NDAQ,NDSN,NEGG,NOVT,NVDA,NWE,NWSA,NXST,OCX,ODFL,OMAB,OPCH,OPRA,ORGO,OTRK,OZK,PAGP,PCH,PEGA,PENG,PENN,PFBC,PGNY,PHAT,PHUN,PINC,PLUG,PLXS,PYPL,QLYS,QNCX,QQQX,QVCGA,RAPT,RBBN,RCKT,REPL,RMBS,ROAD,ROKU,ROP,RUSHA,SANM,SATS,SBCF,SBLK,SBUX,SCHL,SCSC,SDGR,SEIC,SFIX,SGRY,SKYW,SLP,SNES,STAA,STLD,STOK,SWKS,TER,TFIN,TIGO,TILE,TPIC,TTEC,TTEK,TTGT,UXIN,VERU,VLYPP,VNOM,VRNS,VRSN,WDAY,WERN,WINA,WKHS,WRLD,XP,XTKG,YY,ZION,ZM
AAPL,0.0,0.655,0.296,0.471,0.534,0.203,-0.165,0.007,-0.152,0.673,0.031,0.367,0.312,0.561,0.796,0.102,0.042,0.552,0.337,0.035,-0.257,0.439,0.536,0.069,-0.558,0.768,0.027,0.509,0.12,0.091,0.544,0.407,0.184,-0.132,0.14,0.147,0.059,0.372,0.384,0.394,0.751,0.28,0.504,0.525,0.382,0.634,0.838,0.745,0.482,0.35,0.107,0.205,0.24,0.342,0.237,0.781,-0.285,-0.241,0.467,0.305,0.269,0.428,-0.021,0.159,0.766,0.375,0.026,0.028,0.706,0.55,0.371,0.409,0.74,0.261,0.068,0.12,0.477,0.093,0.364,0.095,0.236,0.048,-0.036,0.47,0.533,0.329,0.151,0.155,0.136,-0.088,0.412,0.464,0.735,-0.275,0.773,0.261,-0.179,0.31,0.158,-0.033,-0.02,0.183,0.833,0.284,0.751,0.115,0.74,-0.351,-0.036,0.219,0.108,0.572,0.457,-0.077,0.652,-0.113,0.205,0.302,0.27,0.347,0.575,0.341,0.485,0.36,0.466,0.042,0.482,0.354,0.838,0.15,0.368,0.04,0.176,-0.266,0.468,0.258,0.274,0.146,0.535,0.095,0.337,-0.32,0.842,-0.018,0.559,0.406,0.437,0.902,0.172,0.324,-0.159,0.575,0.13,0.472,0.084,0.718,0.408,0.086,0.034,-0.19,0.188,0.239,0.461,0.619,0.182,0.531,0.521,0.179,0.492,0.34,0.45,0.251,0.642,0.081,-0.388,0.418,0.335,0.262,0.166,0.074,-0.009,0.003,0.409,0.308,0.172,-0.351,0.402,0.086,0.477,0.638,0.433,-0.037,-0.256,0.699,0.149,0.261,0.181,-0.247,0.151,0.708
ACRS,0.655,0.0,-0.379,0.577,0.815,0.689,0.423,-0.577,-0.686,0.862,-0.479,0.814,0.764,0.145,0.691,-0.459,-0.342,0.671,0.662,-0.027,0.287,0.757,-0.06,0.645,-0.785,0.711,0.606,0.703,-0.475,-0.456,0.808,0.719,-0.216,0.374,0.672,0.621,-0.537,0.579,0.561,0.784,0.655,0.107,0.743,-0.043,-0.208,0.808,0.487,0.288,0.353,0.795,0.371,0.665,0.612,0.268,0.655,0.431,0.118,-0.559,-0.105,0.647,0.658,0.814,0.562,-0.304,0.565,0.519,-0.307,-0.563,0.715,0.814,0.019,0.722,0.657,0.544,0.541,-0.417,-0.127,0.666,0.413,-0.498,0.722,-0.542,0.421,-0.06,0.754,0.731,0.685,0.635,0.638,-0.438,-0.241,-0.152,0.452,0.004,0.801,-0.291,-0.499,-0.324,0.628,0.476,0.476,0.707,0.661,0.608,0.224,-0.494,0.703,-0.755,0.151,0.745,-0.133,0.879,0.805,-0.347,0.769,-0.289,-0.375,0.641,-0.297,0.752,0.863,-0.264,0.836,0.789,0.597,0.632,0.042,-0.133,0.567,-0.378,0.783,0.614,-0.234,0.229,0.716,0.778,0.69,0.723,0.794,-0.423,0.776,-0.419,0.596,0.537,0.69,0.0,0.654,0.72,0.593,0.126,0.421,0.708,-0.445,0.853,-0.276,0.808,-0.199,0.672,0.583,0.017,0.673,0.596,0.768,0.381,0.705,0.755,0.732,0.46,0.343,0.06,-0.169,0.627,0.779,0.211,-0.029,0.807,0.768,0.771,-0.423,0.478,0.487,0.422,0.708,0.635,0.634,-0.497,0.703,-0.3,0.082,0.325,0.741,0.566,0.327,0.672,-0.125,0.662,0.673,0.014,0.673,0.736
ADP,0.296,-0.379,0.0,-0.315,-0.495,-0.743,-0.84,0.869,0.698,-0.377,0.772,-0.754,-0.736,0.6,0.098,0.839,0.476,-0.124,-0.456,0.251,-0.785,-0.393,0.821,-0.878,0.253,0.038,-0.823,-0.368,0.84,0.929,-0.427,-0.525,0.575,-0.676,-0.83,-0.757,0.888,-0.381,-0.248,-0.648,0.015,0.301,-0.397,0.833,0.813,-0.337,0.436,0.634,0.239,-0.7,-0.304,-0.645,-0.555,-0.183,-0.678,0.468,-0.602,0.384,0.822,-0.569,-0.534,-0.617,-0.912,0.706,0.173,-0.158,0.356,0.863,-0.067,-0.475,0.588,-0.543,0.051,-0.427,-0.768,0.753,0.857,-0.881,-0.167,0.725,-0.703,0.899,-0.623,0.727,-0.338,-0.609,-0.765,-0.731,-0.779,0.522,0.965,0.923,0.379,-0.421,-0.129,0.861,0.399,0.917,-0.741,-0.828,-0.709,-0.815,0.082,-0.458,0.644,0.892,-0.13,0.652,-0.217,-0.801,0.398,-0.543,-0.449,0.502,-0.21,0.24,0.868,-0.595,0.824,-0.676,-0.493,0.931,-0.57,-0.617,-0.117,-0.898,0.698,0.625,0.215,0.733,-0.685,-0.833,0.422,-0.749,-0.489,-0.777,-0.632,-0.833,-0.411,0.787,-0.699,0.206,0.276,-0.812,-0.256,0.408,-0.347,0.136,-0.654,0.284,-0.83,-0.18,0.9,-0.627,0.629,-0.254,0.853,-0.857,-0.866,-0.17,-0.679,-0.566,-0.481,0.37,-0.832,-0.443,-0.406,-0.566,0.161,0.324,0.81,-0.632,-0.259,-0.273,-0.475,-0.679,-0.713,-0.773,0.901,-0.624,-0.781,-0.677,-0.493,-0.546,-0.781,0.233,-0.469,0.653,0.424,0.489,-0.553,-0.905,-0.883,0.005,0.383,-0.649,-0.74,-0.407,-0.826,-0.134
AFYA,0.471,0.577,-0.315,0.0,0.511,0.366,0.306,-0.383,-0.393,0.555,-0.419,0.647,0.579,0.283,0.527,-0.312,-0.3,0.296,0.42,0.029,0.165,0.361,-0.132,0.449,-0.272,0.314,0.386,0.245,-0.272,-0.477,0.423,0.274,0.031,0.2,0.503,0.366,-0.281,0.462,0.209,0.571,0.204,-0.228,0.322,-0.114,-0.265,0.476,0.152,0.096,0.136,0.584,0.332,0.45,0.221,0.412,0.446,0.086,0.026,-0.422,-0.272,0.348,0.344,0.502,0.493,-0.544,0.251,0.08,-0.253,-0.432,0.459,0.644,-0.23,0.349,0.238,0.28,0.442,0.019,-0.148,0.501,0.213,-0.086,0.384,-0.534,0.054,0.004,0.487,0.423,0.461,0.456,0.45,-0.068,-0.24,-0.241,0.067,-0.069,0.468,-0.487,-0.333,-0.398,0.511,0.284,0.258,0.514,0.596,0.342,0.025,-0.479,0.494,-0.459,-0.205,0.53,-0.134,0.62,0.449,-0.459,0.609,-0.416,-0.381,0.574,-0.189,0.53,0.587,-0.256,0.552,0.467,0.209,0.478,-0.248,-0.105,0.405,-0.466,0.603,0.381,-0.08,-0.003,0.332,0.537,0.305,0.489,0.506,-0.286,0.509,-0.301,0.235,0.282,0.433,-0.094,0.408,0.521,0.386,0.29,0.156,0.29,-0.352,0.574,-0.594,0.431,-0.08,0.426,0.359,-0.364,0.462,0.433,0.471,0.136,0.461,0.456,0.435,0.207,0.054,-0.212,-0.219,0.488,0.532,0.232,-0.109,0.573,0.52,0.541,-0.392,0.248,0.309,0.069,0.4,0.302,0.669,-0.49,0.547,-0.18,-0.152,0.03,0.46,0.478,0.383,0.299,-0.409,0.518,0.365,-0.078,0.627,0.319
AGNC,0.534,0.815,-0.495,0.511,0.0,0.767,0.571,-0.7,-0.764,0.91,-0.656,0.861,0.761,-0.135,0.522,-0.614,-0.512,0.479,0.751,-0.196,0.391,0.7,-0.185,0.727,-0.74,0.729,0.777,0.838,-0.587,-0.548,0.892,0.796,-0.314,0.508,0.829,0.86,-0.63,0.807,0.818,0.893,0.68,0.123,0.882,-0.242,-0.16,0.897,0.418,0.113,0.464,0.848,0.413,0.729,0.79,0.147,0.849,0.383,0.254,-0.583,-0.287,0.875,0.812,0.913,0.7,-0.328,0.641,0.665,-0.209,-0.567,0.735,0.729,0.081,0.939,0.759,0.585,0.729,-0.51,-0.299,0.812,0.689,-0.437,0.847,-0.586,0.541,-0.036,0.835,0.774,0.786,0.787,0.665,-0.644,-0.417,-0.232,0.403,0.212,0.803,-0.301,-0.607,-0.422,0.778,0.678,0.713,0.86,0.561,0.691,0.162,-0.5,0.757,-0.91,0.442,0.818,-0.068,0.934,0.782,-0.454,0.622,-0.388,-0.326,0.849,-0.377,0.884,0.922,-0.368,0.909,0.871,0.752,0.783,-0.105,-0.23,0.46,-0.274,0.874,0.82,-0.444,0.585,0.876,0.83,0.867,0.83,0.903,-0.625,0.911,-0.207,0.482,0.74,0.822,-0.095,0.78,0.682,0.759,0.024,0.628,0.716,-0.579,0.945,-0.224,0.893,-0.2,0.807,0.757,0.08,0.817,0.697,0.938,0.359,0.803,0.8,0.92,0.671,0.375,0.08,-0.242,0.719,0.899,0.059,0.043,0.928,0.908,0.88,-0.534,0.769,0.631,0.703,0.885,0.828,0.574,-0.554,0.769,-0.585,-0.031,0.396,0.903,0.716,0.478,0.705,-0.026,0.783,0.724,-0.042,0.77,0.777
AGYS,0.203,0.689,-0.743,0.366,0.767,0.0,0.854,-0.899,-0.888,0.812,-0.764,0.85,0.872,-0.226,0.385,-0.669,-0.62,0.572,0.848,0.046,0.588,0.814,-0.518,0.942,-0.587,0.522,0.903,0.669,-0.863,-0.676,0.84,0.826,-0.291,0.7,0.919,0.841,-0.858,0.689,0.592,0.759,0.448,-0.17,0.8,-0.495,-0.57,0.724,0.214,-0.04,0.265,0.914,0.521,0.87,0.884,0.122,0.908,0.172,0.69,-0.598,-0.472,0.858,0.867,0.895,0.792,-0.5,0.206,0.467,-0.497,-0.761,0.557,0.645,-0.108,0.756,0.466,0.797,0.698,-0.69,-0.696,0.879,0.579,-0.75,0.964,-0.745,0.62,-0.254,0.755,0.864,0.929,0.91,0.844,-0.534,-0.711,-0.599,0.226,0.354,0.642,-0.524,-0.674,-0.715,0.891,0.874,0.869,0.894,0.416,0.835,-0.18,-0.802,0.616,-0.811,0.35,0.944,-0.408,0.825,0.857,-0.327,0.412,-0.378,-0.602,0.774,-0.637,0.908,0.838,-0.701,0.815,0.887,0.541,0.867,-0.24,-0.597,0.256,-0.384,0.876,0.892,-0.527,0.684,0.801,0.87,0.917,0.888,0.779,-0.601,0.865,-0.407,0.338,0.919,0.701,-0.368,0.768,0.366,0.927,0.09,0.86,0.726,-0.603,0.875,-0.45,0.721,-0.576,0.906,0.901,0.186,0.802,0.627,0.749,-0.028,0.883,0.811,0.73,0.813,0.026,-0.157,-0.61,0.843,0.628,0.05,0.481,0.906,0.889,0.914,-0.787,0.756,0.882,0.797,0.851,0.876,0.719,-0.553,0.657,-0.589,-0.259,0.093,0.87,0.806,0.686,0.553,-0.307,0.861,0.868,0.389,0.782,0.676
ALT,-0.165,0.423,-0.84,0.306,0.571,0.854,0.0,-0.929,-0.865,0.538,-0.885,0.715,0.771,-0.333,0.143,-0.632,-0.789,0.352,0.787,0.16,0.733,0.653,-0.765,0.888,-0.34,0.261,0.867,0.376,-0.949,-0.689,0.635,0.604,-0.348,0.646,0.885,0.747,-0.84,0.653,0.394,0.58,0.056,-0.488,0.608,-0.724,-0.744,0.444,-0.097,-0.31,0.119,0.82,0.612,0.855,0.755,-0.005,0.867,-0.167,0.832,-0.633,-0.696,0.769,0.795,0.743,0.776,-0.69,-0.105,0.24,-0.64,-0.773,0.352,0.442,-0.215,0.558,0.211,0.742,0.659,-0.66,-0.912,0.846,0.463,-0.698,0.839,-0.848,0.516,-0.327,0.599,0.807,0.9,0.914,0.821,-0.508,-0.888,-0.77,-0.037,0.431,0.35,-0.662,-0.739,-0.892,0.887,0.838,0.903,0.804,0.153,0.811,-0.472,-0.896,0.422,-0.7,0.346,0.861,-0.523,0.611,0.704,-0.479,0.2,-0.556,-0.652,0.771,-0.693,0.817,0.643,-0.81,0.584,0.767,0.431,0.85,-0.493,-0.83,-0.01,-0.439,0.776,0.857,-0.66,0.728,0.604,0.769,0.79,0.795,0.624,-0.622,0.748,-0.284,-0.007,0.915,0.578,-0.656,0.689,0.095,0.86,0.136,0.84,0.522,-0.624,0.711,-0.634,0.45,-0.599,0.859,0.83,0.025,0.723,0.476,0.621,-0.298,0.739,0.687,0.553,0.709,-0.245,-0.476,-0.796,0.711,0.428,-0.071,0.66,0.762,0.768,0.83,-0.91,0.731,0.906,0.701,0.73,0.772,0.691,-0.567,0.58,-0.704,-0.567,-0.118,0.706,0.835,0.788,0.323,-0.533,0.785,0.686,0.425,0.716,0.351
AMGN,0.007,-0.577,0.869,-0.383,-0.7,-0.899,-0.929,0.0,0.919,-0.661,0.923,-0.831,-0.863,0.339,-0.261,0.753,0.698,-0.416,-0.78,-0.013,-0.702,-0.7,0.679,-0.937,0.552,-0.366,-0.905,-0.549,0.959,0.782,-0.737,-0.718,0.512,-0.673,-0.929,-0.816,0.937,-0.643,-0.492,-0.734,-0.191,0.335,-0.687,0.634,0.737,-0.579,0.027,0.27,-0.131,-0.901,-0.573,-0.894,-0.769,-0.124,-0.897,0.114,-0.666,0.68,0.668,-0.799,-0.804,-0.837,-0.825,0.702,-0.072,-0.338,0.588,0.866,-0.452,-0.61,0.231,-0.688,-0.306,-0.729,-0.728,0.742,0.82,-0.923,-0.424,0.798,-0.886,0.875,-0.602,0.405,-0.688,-0.847,-0.933,-0.906,-0.905,0.654,0.855,0.741,-0.031,-0.292,-0.436,0.686,0.736,0.876,-0.885,-0.836,-0.877,-0.893,-0.239,-0.778,0.379,0.906,-0.496,0.853,-0.299,-0.921,0.536,-0.742,-0.749,0.567,-0.35,0.526,0.749,-0.774,0.756,-0.883,-0.759,0.788,-0.723,-0.871,-0.439,-0.911,0.428,0.728,-0.071,0.537,-0.856,-0.903,0.586,-0.713,-0.697,-0.847,-0.85,-0.885,-0.726,0.744,-0.848,0.377,-0.106,-0.917,-0.606,0.524,-0.712,-0.223,-0.852,0.012,-0.815,-0.58,0.742,-0.828,0.61,-0.561,0.663,-0.928,-0.884,-0.061,-0.795,-0.59,-0.716,0.163,-0.849,-0.737,-0.652,-0.705,0.141,0.373,0.732,-0.762,-0.547,-0.038,-0.481,-0.857,-0.851,-0.919,0.935,-0.752,-0.878,-0.741,-0.787,-0.799,-0.768,0.583,-0.685,0.729,0.446,0.102,-0.775,-0.879,-0.744,-0.408,0.434,-0.812,-0.767,-0.324,-0.812,-0.429
AMPH,-0.152,-0.686,0.698,-0.393,-0.764,-0.888,-0.865,0.919,0.0,-0.772,0.867,-0.799,-0.821,0.152,-0.433,0.65,0.802,-0.615,-0.892,-0.203,-0.588,-0.854,0.515,-0.873,0.712,-0.566,-0.9,-0.592,0.895,0.581,-0.839,-0.697,0.357,-0.653,-0.9,-0.793,0.808,-0.763,-0.628,-0.759,-0.277,0.282,-0.805,0.495,0.569,-0.687,-0.189,0.037,-0.386,-0.924,-0.678,-0.897,-0.832,0.055,-0.927,-0.124,-0.593,0.828,0.544,-0.864,-0.927,-0.879,-0.706,0.621,-0.192,-0.416,0.657,0.734,-0.605,-0.606,-0.014,-0.706,-0.458,-0.821,-0.632,0.584,0.697,-0.874,-0.536,0.735,-0.917,0.762,-0.507,0.171,-0.86,-0.89,-0.964,-0.936,-0.835,0.649,0.688,0.531,-0.262,-0.252,-0.613,0.537,0.872,0.735,-0.89,-0.762,-0.899,-0.86,-0.372,-0.877,0.234,0.804,-0.599,0.879,-0.391,-0.901,0.429,-0.807,-0.876,0.526,-0.414,0.643,0.534,-0.834,0.571,-0.895,-0.851,0.577,-0.786,-0.936,-0.657,-0.853,0.265,0.687,-0.197,0.374,-0.888,-0.893,0.723,-0.627,-0.717,-0.861,-0.897,-0.863,-0.851,0.63,-0.878,0.332,-0.294,-0.889,-0.753,0.586,-0.835,-0.406,-0.874,-0.137,-0.749,-0.769,0.574,-0.869,0.511,-0.678,0.451,-0.907,-0.805,0.062,-0.858,-0.57,-0.823,-0.004,-0.764,-0.775,-0.755,-0.652,0.106,0.392,0.658,-0.774,-0.707,0.159,-0.417,-0.866,-0.859,-0.922,0.817,-0.775,-0.81,-0.705,-0.889,-0.857,-0.626,0.738,-0.74,0.671,0.483,-0.161,-0.833,-0.823,-0.647,-0.623,0.46,-0.83,-0.738,-0.184,-0.744,-0.603
AMZN,0.673,0.862,-0.377,0.555,0.91,0.812,0.538,-0.661,-0.772,0.0,-0.598,0.819,0.776,0.095,0.692,-0.469,-0.517,0.687,0.832,0.05,0.247,0.842,-0.077,0.709,-0.777,0.83,0.713,0.776,-0.569,-0.425,0.924,0.807,-0.146,0.421,0.763,0.729,-0.577,0.766,0.761,0.806,0.731,0.037,0.887,-0.093,-0.181,0.918,0.603,0.37,0.543,0.864,0.489,0.768,0.793,0.167,0.823,0.542,0.29,-0.635,-0.119,0.824,0.816,0.9,0.568,-0.311,0.622,0.588,-0.342,-0.524,0.82,0.719,0.176,0.809,0.778,0.713,0.562,-0.4,-0.256,0.713,0.683,-0.471,0.844,-0.521,0.382,0.131,0.896,0.803,0.78,0.772,0.685,-0.487,-0.295,-0.165,0.562,0.115,0.891,-0.253,-0.658,-0.363,0.764,0.613,0.661,0.779,0.728,0.767,0.274,-0.513,0.872,-0.843,0.277,0.815,-0.182,0.931,0.894,-0.335,0.666,-0.404,-0.282,0.796,-0.268,0.863,0.956,-0.287,0.87,0.874,0.72,0.675,0.067,-0.267,0.629,-0.195,0.873,0.716,-0.411,0.416,0.854,0.785,0.839,0.752,0.916,-0.422,0.844,-0.431,0.69,0.675,0.877,-0.113,0.848,0.784,0.79,0.224,0.541,0.843,-0.381,0.922,-0.276,0.939,-0.122,0.721,0.676,0.003,0.74,0.608,0.864,0.34,0.74,0.868,0.888,0.666,0.269,0.029,-0.208,0.768,0.893,0.007,0.095,0.9,0.85,0.826,-0.492,0.636,0.63,0.605,0.892,0.837,0.584,-0.656,0.745,-0.436,0.007,0.494,0.918,0.594,0.362,0.819,-0.163,0.793,0.738,0.067,0.677,0.893
ANIP,0.031,-0.479,0.772,-0.419,-0.656,-0.764,-0.885,0.923,0.867,-0.598,0.0,-0.732,-0.788,0.254,-0.257,0.674,0.774,-0.324,-0.77,-0.105,-0.584,-0.62,0.632,-0.82,0.494,-0.337,-0.825,-0.425,0.902,0.68,-0.658,-0.593,0.493,-0.495,-0.857,-0.713,0.84,-0.684,-0.483,-0.655,-0.073,0.373,-0.62,0.577,0.672,-0.549,0.027,0.247,-0.178,-0.836,-0.642,-0.884,-0.683,-0.053,-0.859,0.159,-0.594,0.725,0.649,-0.734,-0.754,-0.756,-0.736,0.762,-0.061,-0.236,0.634,0.795,-0.461,-0.531,0.168,-0.601,-0.287,-0.654,-0.671,0.6,0.771,-0.836,-0.43,0.686,-0.779,0.847,-0.492,0.268,-0.686,-0.761,-0.868,-0.86,-0.835,0.636,0.785,0.668,-0.049,-0.23,-0.381,0.648,0.792,0.855,-0.833,-0.707,-0.836,-0.824,-0.242,-0.749,0.383,0.835,-0.493,0.808,-0.258,-0.829,0.569,-0.661,-0.688,0.694,-0.34,0.668,0.655,-0.792,0.614,-0.825,-0.71,0.666,-0.623,-0.824,-0.453,-0.818,0.427,0.757,-0.053,0.489,-0.814,-0.831,0.623,-0.641,-0.604,-0.744,-0.755,-0.805,-0.695,0.676,-0.777,0.346,-0.075,-0.833,-0.626,0.606,-0.72,-0.247,-0.798,-0.081,-0.661,-0.522,0.656,-0.759,0.666,-0.501,0.488,-0.822,-0.77,0.086,-0.748,-0.46,-0.684,0.221,-0.712,-0.683,-0.639,-0.605,0.258,0.488,0.699,-0.663,-0.555,0.077,-0.446,-0.79,-0.775,-0.839,0.914,-0.693,-0.83,-0.617,-0.745,-0.726,-0.689,0.656,-0.683,0.754,0.537,0.052,-0.716,-0.812,-0.65,-0.401,0.486,-0.776,-0.61,-0.197,-0.754,-0.33
AOSL,0.367,0.814,-0.754,0.647,0.861,0.85,0.715,-0.831,-0.799,0.819,-0.732,0.0,0.91,-0.195,0.456,-0.756,-0.505,0.473,0.699,-0.189,0.575,0.69,-0.469,0.899,-0.611,0.481,0.848,0.676,-0.725,-0.818,0.786,0.727,-0.411,0.594,0.915,0.855,-0.795,0.681,0.525,0.903,0.455,-0.116,0.728,-0.475,-0.508,0.778,0.134,-0.136,0.133,0.919,0.367,0.778,0.703,0.325,0.843,0.084,0.4,-0.565,-0.521,0.778,0.738,0.898,0.876,-0.594,0.344,0.408,-0.353,-0.809,0.545,0.828,-0.286,0.811,0.462,0.57,0.826,-0.605,-0.517,0.931,0.463,-0.606,0.852,-0.842,0.554,-0.35,0.716,0.811,0.865,0.845,0.804,-0.565,-0.66,-0.575,0.122,0.285,0.669,-0.649,-0.549,-0.686,0.865,0.787,0.701,0.935,0.495,0.665,-0.149,-0.786,0.611,-0.871,0.218,0.939,-0.247,0.923,0.763,-0.562,0.622,-0.385,-0.653,0.817,-0.594,0.897,0.873,-0.66,0.91,0.851,0.475,0.921,-0.399,-0.374,0.328,-0.593,0.906,0.862,-0.361,0.559,0.77,0.941,0.804,0.926,0.786,-0.709,0.922,-0.291,0.261,0.788,0.644,-0.176,0.646,0.468,0.761,-0.016,0.717,0.572,-0.777,0.932,-0.556,0.729,-0.512,0.903,0.854,0.016,0.835,0.703,0.802,0.113,0.908,0.764,0.761,0.66,0.172,-0.124,-0.508,0.788,0.728,0.249,0.211,0.949,0.938,0.946,-0.757,0.678,0.736,0.653,0.769,0.733,0.853,-0.501,0.74,-0.578,-0.167,-0.008,0.836,0.882,0.717,0.46,-0.3,0.836,0.827,0.153,0.928,0.597
APDN,0.312,0.764,-0.736,0.579,0.761,0.872,0.771,-0.863,-0.821,0.776,-0.788,0.91,0.0,-0.075,0.534,-0.674,-0.509,0.486,0.746,-0.049,0.594,0.719,-0.467,0.883,-0.615,0.491,0.794,0.605,-0.802,-0.771,0.802,0.799,-0.36,0.629,0.895,0.752,-0.838,0.61,0.457,0.782,0.412,-0.189,0.709,-0.367,-0.607,0.688,0.168,-0.047,0.173,0.931,0.49,0.871,0.728,0.382,0.844,0.074,0.489,-0.633,-0.457,0.747,0.729,0.877,0.799,-0.601,0.269,0.41,-0.467,-0.862,0.621,0.841,-0.225,0.727,0.43,0.667,0.702,-0.657,-0.565,0.864,0.391,-0.696,0.856,-0.835,0.519,-0.323,0.725,0.825,0.869,0.832,0.877,-0.548,-0.674,-0.588,0.168,0.133,0.62,-0.612,-0.603,-0.725,0.824,0.724,0.718,0.876,0.529,0.737,-0.138,-0.826,0.622,-0.825,0.169,0.913,-0.506,0.86,0.799,-0.517,0.582,-0.407,-0.722,0.737,-0.66,0.895,0.859,-0.675,0.818,0.881,0.444,0.841,-0.235,-0.471,0.308,-0.589,0.882,0.796,-0.332,0.486,0.733,0.867,0.803,0.87,0.757,-0.653,0.849,-0.487,0.322,0.794,0.627,-0.262,0.713,0.469,0.792,0.101,0.668,0.614,-0.692,0.893,-0.572,0.68,-0.564,0.856,0.846,0.044,0.727,0.665,0.735,-0.015,0.859,0.802,0.712,0.63,0.044,-0.183,-0.525,0.758,0.636,0.294,0.28,0.913,0.878,0.913,-0.812,0.653,0.788,0.609,0.772,0.752,0.848,-0.528,0.732,-0.547,-0.18,0.003,0.792,0.784,0.599,0.489,-0.315,0.797,0.78,0.238,0.824,0.535
APLT,0.561,0.145,0.6,0.283,-0.135,-0.226,-0.333,0.339,0.152,0.095,0.254,-0.195,-0.075,0.0,0.675,0.561,0.038,0.322,0.098,0.586,-0.399,0.11,0.539,-0.322,-0.07,0.326,-0.382,-0.229,0.348,0.524,0.032,-0.18,0.582,-0.37,-0.309,-0.445,0.408,0.058,-0.175,-0.28,0.098,-0.031,-0.039,0.689,0.369,0.015,0.594,0.747,0.345,-0.071,0.163,-0.029,-0.198,0.133,-0.158,0.541,-0.233,-0.151,0.544,-0.2,-0.074,-0.101,-0.474,0.131,0.156,-0.161,-0.22,0.317,0.414,0.145,0.406,-0.297,0.23,0.124,-0.473,0.516,0.505,-0.412,0.011,0.324,-0.223,0.356,-0.403,0.645,0.168,-0.026,-0.194,-0.184,-0.195,0.375,0.599,0.566,0.491,-0.407,0.302,0.378,-0.091,0.392,-0.175,-0.48,-0.292,-0.321,0.618,0.115,0.5,0.272,0.323,0.226,-0.378,-0.229,-0.004,-0.025,0.114,0.145,0.289,-0.26,0.401,-0.113,0.507,-0.143,0.068,0.579,-0.079,-0.079,0.117,-0.448,0.541,0.206,0.476,0.328,-0.115,-0.44,0.247,-0.704,-0.219,-0.271,-0.222,-0.345,0.048,0.537,-0.25,-0.236,0.54,-0.394,0.19,0.042,0.145,0.524,-0.128,0.682,-0.55,0.269,0.613,-0.1,0.05,0.131,0.596,-0.382,-0.458,-0.429,-0.233,-0.3,-0.117,0.338,-0.43,0.096,-0.051,-0.246,-0.066,-0.08,0.38,-0.199,0.109,-0.161,-0.227,-0.136,-0.217,-0.231,0.362,-0.374,-0.299,-0.566,-0.051,-0.149,-0.167,-0.311,-0.048,0.46,0.118,0.447,-0.123,-0.457,-0.523,0.334,-0.112,-0.077,-0.328,-0.286,-0.326,0.159
APVO,0.796,0.691,0.098,0.527,0.522,0.385,0.143,-0.261,-0.433,0.692,-0.257,0.456,0.534,0.675,0.0,-0.018,-0.298,0.654,0.593,0.311,-0.048,0.651,0.251,0.267,-0.637,0.745,0.227,0.403,-0.174,0.001,0.681,0.434,0.162,0.118,0.343,0.204,-0.153,0.503,0.379,0.384,0.52,-0.002,0.536,0.424,0.076,0.581,0.737,0.675,0.568,0.546,0.395,0.506,0.401,0.229,0.45,0.682,-0.015,-0.541,0.213,0.44,0.489,0.588,0.086,-0.141,0.554,0.367,-0.391,-0.202,0.844,0.663,0.334,0.374,0.67,0.504,0.089,0.002,0.174,0.24,0.365,-0.166,0.437,-0.182,0.004,0.416,0.704,0.518,0.42,0.403,0.327,-0.166,0.159,0.232,0.683,-0.309,0.801,0.077,-0.498,-0.013,0.392,0.057,0.241,0.333,0.896,0.58,0.504,-0.209,0.751,-0.477,-0.068,0.404,-0.186,0.644,0.658,-0.239,0.648,-0.446,-0.005,0.432,0.051,0.508,0.708,0.158,0.56,0.566,0.528,0.19,0.365,0.02,0.654,-0.002,0.496,0.189,-0.067,-0.199,0.422,0.388,0.407,0.301,0.673,-0.07,0.429,-0.409,0.741,0.207,0.633,-0.034,0.637,0.851,0.374,0.499,0.002,0.721,0.048,0.581,-0.122,0.671,0.227,0.27,0.188,-0.261,0.336,0.271,0.529,0.481,0.241,0.634,0.541,0.213,0.206,-0.004,0.143,0.323,0.685,-0.011,-0.173,0.527,0.47,0.437,-0.118,0.208,0.182,0.02,0.553,0.447,0.3,-0.625,0.511,-0.044,0.076,0.568,0.521,0.125,-0.106,0.705,-0.148,0.464,0.265,-0.238,0.257,0.612
ARGX,0.102,-0.459,0.839,-0.312,-0.614,-0.669,-0.632,0.753,0.65,-0.469,0.674,-0.756,-0.674,0.561,-0.018,0.0,0.402,-0.077,-0.416,0.362,-0.576,-0.385,0.652,-0.791,0.442,-0.046,-0.817,-0.467,0.65,0.825,-0.477,-0.483,0.583,-0.625,-0.783,-0.778,0.801,-0.445,-0.405,-0.734,-0.125,-0.042,-0.42,0.617,0.581,-0.498,0.284,0.533,0.13,-0.642,-0.17,-0.582,-0.561,-0.126,-0.649,0.306,-0.348,0.37,0.754,-0.567,-0.535,-0.66,-0.852,0.65,-0.056,-0.235,0.275,0.785,-0.155,-0.591,0.499,-0.625,-0.069,-0.232,-0.828,0.648,0.616,-0.835,-0.267,0.667,-0.681,0.764,-0.621,0.636,-0.42,-0.499,-0.712,-0.633,-0.622,0.583,0.763,0.724,0.233,-0.266,-0.255,0.725,0.381,0.744,-0.67,-0.696,-0.637,-0.848,-0.017,-0.383,0.508,0.733,-0.125,0.729,-0.205,-0.755,0.19,-0.623,-0.439,0.528,-0.4,0.244,0.702,-0.572,0.675,-0.642,-0.572,0.718,-0.711,-0.637,-0.223,-0.854,0.591,0.405,0.183,0.639,-0.689,-0.809,0.371,-0.686,-0.462,-0.755,-0.615,-0.861,-0.472,0.877,-0.71,0.12,0.155,-0.73,-0.285,0.296,-0.31,-0.005,-0.575,0.421,-0.749,-0.186,0.888,-0.665,0.426,-0.339,0.67,-0.803,-0.81,-0.153,-0.746,-0.568,-0.545,0.06,-0.801,-0.338,-0.466,-0.465,0.058,0.162,0.65,-0.503,-0.434,-0.261,-0.276,-0.687,-0.763,-0.755,0.743,-0.579,-0.628,-0.616,-0.512,-0.472,-0.62,0.236,-0.458,0.527,0.356,0.324,-0.596,-0.85,-0.743,-0.076,0.231,-0.657,-0.739,-0.021,-0.859,-0.204
ARLP,0.042,-0.342,0.476,-0.3,-0.512,-0.62,-0.789,0.698,0.802,-0.517,0.774,-0.505,-0.509,0.038,-0.298,0.402,0.0,-0.386,-0.829,-0.458,-0.365,-0.661,0.525,-0.626,0.377,-0.368,-0.73,-0.187,0.719,0.293,-0.574,-0.317,0.142,-0.405,-0.68,-0.539,0.516,-0.777,-0.48,-0.407,0.066,0.484,-0.557,0.477,0.438,-0.473,-0.101,0.046,-0.404,-0.66,-0.708,-0.763,-0.639,0.346,-0.784,-0.043,-0.63,0.766,0.548,-0.686,-0.799,-0.611,-0.457,0.647,0.022,-0.161,0.741,0.447,-0.457,-0.263,-0.126,-0.392,-0.301,-0.676,-0.445,0.25,0.68,-0.605,-0.585,0.416,-0.67,0.598,-0.181,-0.123,-0.705,-0.67,-0.778,-0.819,-0.551,0.381,0.558,0.417,-0.177,-0.323,-0.419,0.416,0.896,0.66,-0.799,-0.568,-0.817,-0.628,-0.282,-0.815,0.338,0.655,-0.464,0.609,-0.291,-0.653,0.294,-0.508,-0.685,0.523,-0.181,0.835,0.237,-0.776,0.259,-0.668,-0.601,0.379,-0.478,-0.666,-0.587,-0.603,0.377,0.762,-0.073,0.111,-0.646,-0.681,0.815,-0.519,-0.426,-0.571,-0.645,-0.585,-0.663,0.375,-0.606,0.094,-0.104,-0.719,-0.679,0.807,-0.731,-0.239,-0.745,-0.374,-0.563,-0.599,0.277,-0.58,0.521,-0.439,0.117,-0.63,-0.526,0.277,-0.688,-0.22,-0.599,0.081,-0.416,-0.556,-0.562,-0.51,0.348,0.599,0.628,-0.575,-0.561,0.507,-0.524,-0.607,-0.622,-0.655,0.669,-0.605,-0.654,-0.463,-0.705,-0.662,-0.373,0.816,-0.488,0.58,0.742,-0.211,-0.635,-0.616,-0.557,-0.45,0.65,-0.723,-0.428,-0.071,-0.514,-0.355
ATEX,0.552,0.671,-0.124,0.296,0.479,0.572,0.352,-0.416,-0.615,0.687,-0.324,0.473,0.486,0.322,0.654,-0.077,-0.386,0.0,0.661,0.406,0.155,0.843,0.014,0.449,-0.669,0.723,0.392,0.457,-0.411,-0.076,0.689,0.49,0.013,0.236,0.431,0.322,-0.293,0.431,0.437,0.459,0.448,-0.156,0.632,0.063,-0.138,0.544,0.609,0.519,0.521,0.617,0.471,0.503,0.518,0.09,0.516,0.585,0.246,-0.623,0.034,0.531,0.638,0.592,0.181,-0.176,0.304,0.283,-0.514,-0.286,0.605,0.452,0.293,0.373,0.536,0.707,0.108,-0.155,-0.139,0.392,0.296,-0.406,0.576,-0.258,0.101,0.231,0.724,0.671,0.566,0.539,0.467,-0.215,-0.055,0.026,0.682,-0.019,0.732,-0.05,-0.599,-0.162,0.484,0.31,0.42,0.38,0.571,0.645,0.25,-0.349,0.61,-0.481,0.169,0.518,-0.233,0.611,0.755,-0.178,0.407,-0.377,-0.109,0.475,-0.106,0.541,0.65,-0.019,0.525,0.623,0.528,0.35,0.233,-0.249,0.55,-0.012,0.57,0.378,-0.292,0.065,0.491,0.539,0.541,0.395,0.664,-0.066,0.532,-0.419,0.64,0.423,0.593,-0.235,0.658,0.605,0.503,0.363,0.264,0.813,-0.016,0.585,-0.219,0.632,-0.034,0.465,0.345,-0.162,0.461,0.324,0.555,0.257,0.372,0.676,0.511,0.335,0.107,-0.121,-0.114,0.517,0.582,-0.193,0.108,0.523,0.476,0.515,-0.275,0.343,0.355,0.283,0.621,0.56,0.322,-0.634,0.557,-0.159,-0.086,0.404,0.525,0.307,0.149,0.726,-0.324,0.468,0.422,0.135,0.274,0.711
ATRA,0.337,0.662,-0.456,0.42,0.751,0.848,0.787,-0.78,-0.892,0.832,-0.77,0.699,0.746,0.098,0.593,-0.416,-0.829,0.661,0.0,0.386,0.384,0.886,-0.337,0.755,-0.632,0.706,0.787,0.532,-0.765,-0.352,0.878,0.684,-0.082,0.503,0.811,0.673,-0.632,0.843,0.666,0.62,0.384,-0.283,0.821,-0.258,-0.364,0.748,0.466,0.245,0.566,0.868,0.733,0.903,0.856,-0.056,0.915,0.39,0.633,-0.798,-0.325,0.86,0.943,0.86,0.54,-0.5,0.28,0.443,-0.688,-0.562,0.753,0.552,0.23,0.643,0.619,0.865,0.508,-0.397,-0.555,0.708,0.706,-0.549,0.884,-0.601,0.36,0.165,0.909,0.872,0.892,0.905,0.72,-0.459,-0.478,-0.319,0.491,0.194,0.75,-0.299,-0.901,-0.573,0.867,0.652,0.865,0.754,0.589,0.965,-0.01,-0.663,0.759,-0.773,0.341,0.826,-0.399,0.786,0.922,-0.421,0.436,-0.685,-0.302,0.84,-0.344,0.872,0.868,-0.387,0.716,0.888,0.753,0.681,-0.067,-0.626,0.391,-0.117,0.841,0.762,-0.649,0.488,0.712,0.735,0.852,0.722,0.878,-0.403,0.782,-0.365,0.497,0.812,0.876,-0.558,0.936,0.572,0.903,0.413,0.629,0.877,-0.291,0.83,-0.41,0.762,-0.176,0.744,0.681,-0.077,0.758,0.454,0.794,0.106,0.633,0.849,0.776,0.69,-0.065,-0.327,-0.468,0.745,0.758,-0.265,0.432,0.835,0.807,0.822,-0.659,0.709,0.766,0.596,0.908,0.866,0.527,-0.85,0.69,-0.537,-0.413,0.42,0.848,0.63,0.469,0.752,-0.437,0.846,0.631,0.163,0.603,0.706
AUTL,0.035,-0.027,0.251,0.029,-0.196,0.046,0.16,-0.013,-0.203,0.05,-0.105,-0.189,-0.049,0.586,0.311,0.362,-0.458,0.406,0.386,0.0,-0.146,0.312,0.021,-0.024,0.004,0.179,-0.023,-0.367,-0.122,0.421,0.032,-0.172,0.466,-0.185,-0.084,-0.29,0.114,0.225,-0.127,-0.313,-0.262,-0.427,0.038,0.15,-0.077,-0.039,0.332,0.416,0.296,0.062,0.49,0.213,0.079,-0.268,0.1,0.222,0.342,-0.39,0.13,-0.014,0.228,-0.05,-0.299,-0.182,-0.323,-0.344,-0.671,0.113,0.177,-0.127,0.357,-0.366,-0.015,0.428,-0.339,0.36,-0.133,-0.198,0.144,-0.012,0.008,0.088,-0.307,0.518,0.268,0.187,0.112,0.14,0.037,0.279,0.153,0.12,0.341,-0.01,0.111,0.107,-0.477,-0.046,0.108,-0.106,0.14,-0.154,0.24,0.402,-0.069,-0.089,0.185,0.143,-0.183,-0.02,-0.306,-0.125,0.295,0.018,-0.022,-0.549,0.248,0.069,0.275,-0.019,0.034,0.224,-0.155,0.071,0.198,-0.206,0.211,-0.459,0.158,0.33,0.029,-0.118,-0.285,-0.306,-0.209,-0.152,-0.006,-0.148,0.077,0.439,-0.139,-0.23,0.281,-0.022,0.278,-0.591,0.3,0.129,0.202,0.718,-0.164,0.361,0.53,-0.1,-0.246,0.015,0.339,-0.13,-0.236,-0.402,-0.012,-0.409,-0.114,-0.142,-0.331,0.127,-0.074,0.031,-0.587,-0.579,-0.219,0.031,-0.009,-0.576,0.435,-0.089,-0.139,-0.084,-0.036,-0.166,0.118,-0.253,0.107,0.054,-0.122,-0.532,-0.054,0.206,-0.474,0.255,-0.013,-0.18,-0.137,0.302,-0.551,0.134,-0.166,0.091,-0.218,0.115
AVDL,-0.257,0.287,-0.785,0.165,0.391,0.588,0.733,-0.702,-0.588,0.247,-0.584,0.575,0.594,-0.399,-0.048,-0.576,-0.365,0.155,0.384,-0.146,0.0,0.342,-0.715,0.675,-0.179,0.027,0.626,0.322,-0.692,-0.693,0.404,0.424,-0.369,0.674,0.685,0.633,-0.678,0.345,0.151,0.487,0.005,-0.373,0.368,-0.67,-0.651,0.157,-0.308,-0.494,-0.124,0.593,0.241,0.501,0.486,0.112,0.566,-0.329,0.575,-0.362,-0.652,0.53,0.5,0.524,0.696,-0.471,-0.176,0.186,-0.308,-0.672,0.092,0.391,-0.409,0.451,0.015,0.469,0.512,-0.669,-0.715,0.712,0.175,-0.563,0.589,-0.662,0.56,-0.608,0.271,0.589,0.632,0.62,0.625,-0.46,-0.801,-0.704,-0.266,0.372,0.106,-0.588,-0.338,-0.701,0.589,0.658,0.619,0.599,-0.125,0.454,-0.466,-0.692,0.114,-0.502,0.354,0.637,-0.324,0.431,0.368,-0.299,0.103,-0.219,-0.639,0.481,-0.75,0.56,0.385,-0.77,0.476,0.511,0.233,0.727,-0.497,-0.511,-0.199,-0.543,0.532,0.657,-0.391,0.604,0.371,0.631,0.559,0.62,0.346,-0.691,0.561,-0.055,-0.227,0.691,0.225,-0.386,0.341,-0.092,0.51,-0.107,0.698,0.206,-0.693,0.507,-0.406,0.223,-0.683,0.728,0.694,0.141,0.508,0.546,0.435,-0.214,0.592,0.43,0.277,0.442,-0.018,-0.291,-0.646,0.402,0.185,0.212,0.433,0.535,0.569,0.637,-0.679,0.6,0.596,0.527,0.459,0.498,0.561,-0.18,0.431,-0.587,-0.338,-0.35,0.397,0.728,0.694,0.046,-0.243,0.45,0.562,0.329,0.566,0.129
BCRX,0.439,0.757,-0.393,0.361,0.7,0.814,0.653,-0.7,-0.854,0.842,-0.62,0.69,0.719,0.11,0.651,-0.385,-0.661,0.843,0.886,0.312,0.342,0.0,-0.235,0.699,-0.752,0.747,0.698,0.596,-0.67,-0.308,0.889,0.675,-0.131,0.484,0.733,0.613,-0.548,0.681,0.632,0.655,0.462,-0.196,0.803,-0.16,-0.329,0.713,0.514,0.348,0.556,0.831,0.617,0.792,0.785,-0.024,0.799,0.473,0.465,-0.771,-0.22,0.8,0.877,0.839,0.454,-0.389,0.352,0.464,-0.619,-0.507,0.719,0.587,0.216,0.606,0.619,0.811,0.405,-0.383,-0.418,0.666,0.54,-0.58,0.842,-0.532,0.28,0.121,0.89,0.839,0.837,0.816,0.67,-0.422,-0.355,-0.23,0.57,0.07,0.795,-0.247,-0.806,-0.441,0.765,0.558,0.726,0.671,0.592,0.872,0.102,-0.605,0.713,-0.744,0.305,0.778,-0.325,0.809,0.937,-0.338,0.478,-0.541,-0.3,0.721,-0.334,0.808,0.854,-0.305,0.729,0.855,0.684,0.633,0.033,-0.455,0.439,-0.144,0.79,0.672,-0.553,0.365,0.707,0.769,0.796,0.67,0.865,-0.364,0.763,-0.425,0.558,0.722,0.774,-0.411,0.847,0.593,0.757,0.319,0.564,0.906,-0.275,0.814,-0.323,0.755,-0.2,0.717,0.622,-0.086,0.709,0.494,0.779,0.218,0.619,0.816,0.712,0.55,0.074,-0.194,-0.334,0.71,0.751,-0.186,0.277,0.775,0.759,0.784,-0.546,0.621,0.622,0.539,0.854,0.811,0.49,-0.756,0.716,-0.429,-0.269,0.413,0.793,0.579,0.392,0.765,-0.388,0.727,0.64,0.136,0.535,0.761
BHAT,0.536,-0.06,0.821,-0.132,-0.185,-0.518,-0.765,0.679,0.515,-0.077,0.632,-0.469,-0.467,0.539,0.251,0.652,0.525,0.014,-0.337,0.021,-0.715,-0.235,0.0,-0.661,-0.046,0.28,-0.637,-0.005,0.691,0.683,-0.179,-0.176,0.364,-0.546,-0.618,-0.5,0.65,-0.262,-0.005,-0.317,0.368,0.509,-0.13,0.821,0.825,-0.071,0.543,0.696,0.338,-0.453,-0.165,-0.487,-0.382,0.034,-0.487,0.582,-0.696,0.287,0.874,-0.373,-0.406,-0.367,-0.661,0.67,0.476,0.136,0.498,0.669,0.162,-0.193,0.547,-0.203,0.294,-0.288,-0.558,0.544,0.868,-0.632,-0.135,0.553,-0.479,0.727,-0.387,0.603,-0.121,-0.388,-0.586,-0.58,-0.488,0.283,0.873,0.887,0.472,-0.422,0.135,0.72,0.363,0.846,-0.578,-0.647,-0.59,-0.562,0.239,-0.382,0.795,0.782,0.102,0.353,-0.132,-0.579,0.375,-0.242,-0.25,0.419,0.059,0.333,0.672,-0.398,0.664,-0.416,-0.212,0.823,-0.29,-0.361,0.011,-0.682,0.761,0.676,0.422,0.539,-0.404,-0.611,0.452,-0.629,-0.156,-0.509,-0.393,-0.571,-0.157,0.623,-0.424,-0.011,0.47,-0.656,-0.054,0.61,-0.174,0.412,-0.48,0.096,-0.71,-0.018,0.64,-0.319,0.591,0.019,0.696,-0.621,-0.624,-0.024,-0.471,-0.275,-0.197,0.417,-0.506,-0.2,-0.076,-0.422,0.362,0.495,0.82,-0.363,-0.01,-0.008,-0.637,-0.39,-0.468,-0.52,0.742,-0.409,-0.609,-0.453,-0.273,-0.304,-0.537,0.214,-0.221,0.487,0.65,0.533,-0.302,-0.721,-0.793,0.211,0.532,-0.463,-0.465,-0.346,-0.569,0.15
BLBD,0.069,0.645,-0.878,0.449,0.727,0.942,0.888,-0.937,-0.873,0.709,-0.82,0.899,0.883,-0.322,0.267,-0.791,-0.626,0.449,0.755,-0.024,0.675,0.699,-0.661,0.0,-0.487,0.34,0.938,0.546,-0.892,-0.824,0.719,0.729,-0.403,0.688,0.945,0.852,-0.916,0.648,0.475,0.773,0.278,-0.233,0.68,-0.647,-0.679,0.64,-0.017,-0.268,0.07,0.901,0.49,0.837,0.792,0.202,0.885,-0.059,0.67,-0.575,-0.648,0.784,0.789,0.844,0.901,-0.675,0.058,0.305,-0.51,-0.857,0.411,0.669,-0.328,0.706,0.284,0.696,0.787,-0.699,-0.784,0.939,0.436,-0.751,0.91,-0.864,0.623,-0.426,0.668,0.839,0.928,0.902,0.877,-0.53,-0.829,-0.759,0.008,0.418,0.511,-0.734,-0.627,-0.852,0.914,0.909,0.85,0.936,0.294,0.742,-0.4,-0.902,0.477,-0.809,0.249,0.949,-0.4,0.784,0.765,-0.478,0.434,-0.414,-0.735,0.785,-0.715,0.875,0.777,-0.811,0.791,0.835,0.402,0.937,-0.457,-0.654,0.11,-0.559,0.883,0.921,-0.488,0.706,0.7,0.897,0.84,0.938,0.692,-0.69,0.855,-0.343,0.123,0.913,0.593,-0.429,0.65,0.227,0.88,-0.026,0.865,0.556,-0.757,0.846,-0.604,0.595,-0.674,0.944,0.927,0.112,0.832,0.611,0.685,-0.14,0.908,0.714,0.664,0.757,-0.093,-0.289,-0.75,0.81,0.544,0.141,0.503,0.89,0.886,0.923,-0.888,0.715,0.888,0.756,0.766,0.775,0.821,-0.506,0.634,-0.606,-0.381,-0.14,0.806,0.908,0.828,0.371,-0.423,0.876,0.866,0.37,0.89,0.509
BMRN,-0.558,-0.785,0.253,-0.272,-0.74,-0.587,-0.34,0.552,0.712,-0.777,0.494,-0.611,-0.615,-0.07,-0.637,0.442,0.377,-0.669,-0.632,0.004,-0.179,-0.752,-0.046,-0.487,0.0,-0.766,-0.544,-0.754,0.474,0.269,-0.813,-0.658,0.398,-0.358,-0.567,-0.552,0.498,-0.518,-0.676,-0.718,-0.578,-0.16,-0.759,-0.058,0.125,-0.74,-0.513,-0.33,-0.542,-0.688,-0.407,-0.612,-0.59,-0.033,-0.623,-0.46,-0.001,0.685,0.07,-0.644,-0.675,-0.753,-0.35,0.229,-0.63,-0.591,0.334,0.451,-0.741,-0.647,-0.274,-0.699,-0.69,-0.539,-0.378,0.405,0.08,-0.569,-0.372,0.569,-0.656,0.377,-0.357,-0.007,-0.807,-0.637,-0.636,-0.553,-0.567,0.665,0.157,-0.002,-0.572,0.169,-0.726,0.103,0.624,0.209,-0.496,-0.326,-0.49,-0.593,-0.503,-0.584,-0.29,0.349,-0.627,0.797,-0.299,-0.603,0.195,-0.773,-0.718,0.399,-0.564,0.354,0.238,-0.538,0.254,-0.674,-0.8,0.073,-0.74,-0.804,-0.654,-0.52,-0.185,0.138,-0.434,0.17,-0.674,-0.559,0.396,-0.253,-0.669,-0.649,-0.695,-0.593,-0.813,0.477,-0.712,0.34,-0.614,-0.503,-0.642,0.092,-0.679,-0.688,-0.491,0.035,-0.33,-0.747,0.355,-0.764,0.072,-0.736,0.137,-0.602,-0.491,0.006,-0.61,-0.513,-0.791,-0.453,-0.561,-0.654,-0.726,-0.318,-0.272,-0.076,0.08,-0.503,-0.781,0.049,0.142,-0.688,-0.673,-0.683,0.378,-0.53,-0.371,-0.455,-0.727,-0.63,-0.338,0.55,-0.659,0.423,-0.017,-0.45,-0.664,-0.448,-0.116,-0.758,0.027,-0.501,-0.521,0.181,-0.471,-0.668
BNGO,0.768,0.711,0.038,0.314,0.729,0.522,0.261,-0.366,-0.566,0.83,-0.337,0.481,0.491,0.326,0.745,-0.046,-0.368,0.723,0.706,0.179,0.027,0.747,0.28,0.34,-0.766,0.0,0.364,0.688,-0.33,-0.008,0.834,0.684,0.033,0.205,0.449,0.455,-0.235,0.634,0.718,0.551,0.765,0.072,0.848,0.259,0.179,0.743,0.837,0.673,0.765,0.628,0.496,0.545,0.627,0.071,0.612,0.799,0.072,-0.607,0.246,0.691,0.686,0.691,0.153,0.055,0.718,0.646,-0.234,-0.184,0.886,0.493,0.619,0.664,0.903,0.681,0.172,-0.185,0.055,0.377,0.598,-0.217,0.592,-0.141,0.151,0.457,0.837,0.682,0.513,0.528,0.446,-0.41,0.067,0.273,0.835,-0.083,0.864,0.201,-0.609,0.044,0.459,0.287,0.45,0.408,0.703,0.676,0.598,-0.129,0.856,-0.635,0.413,0.485,-0.122,0.717,0.774,-0.154,0.513,-0.342,0.109,0.588,-0.009,0.651,0.779,0.104,0.611,0.701,0.829,0.314,0.45,-0.09,0.704,0.188,0.607,0.4,-0.324,0.167,0.735,0.487,0.677,0.377,0.822,-0.11,0.616,-0.294,0.838,0.412,0.835,-0.003,0.828,0.898,0.541,0.327,0.202,0.887,0.012,0.699,0.059,0.871,0.213,0.422,0.345,-0.087,0.462,0.445,0.768,0.486,0.389,0.782,0.792,0.42,0.396,0.129,0.159,0.505,0.811,-0.157,-0.105,0.637,0.56,0.542,-0.162,0.52,0.347,0.418,0.787,0.721,0.189,-0.622,0.686,-0.299,0.167,0.788,0.695,0.217,-0.028,0.955,0.036,0.477,0.391,-0.068,0.24,0.881
BUSE,0.027,0.606,-0.823,0.386,0.777,0.903,0.867,-0.905,-0.9,0.713,-0.825,0.848,0.794,-0.382,0.227,-0.817,-0.73,0.392,0.787,-0.023,0.626,0.698,-0.637,0.938,-0.544,0.364,0.0,0.58,-0.855,-0.734,0.74,0.667,-0.406,0.729,0.946,0.9,-0.854,0.751,0.632,0.794,0.259,-0.157,0.712,-0.655,-0.572,0.686,-0.011,-0.276,0.222,0.862,0.531,0.82,0.83,-0.033,0.916,-0.031,0.622,-0.627,-0.688,0.843,0.859,0.848,0.87,-0.645,0.125,0.402,-0.475,-0.771,0.435,0.586,-0.197,0.753,0.344,0.658,0.822,-0.624,-0.765,0.935,0.555,-0.685,0.92,-0.793,0.615,-0.332,0.726,0.784,0.938,0.919,0.788,-0.596,-0.8,-0.676,0.043,0.455,0.524,-0.646,-0.703,-0.811,0.925,0.888,0.919,0.951,0.235,0.755,-0.386,-0.821,0.462,-0.851,0.388,0.92,-0.262,0.779,0.751,-0.486,0.377,-0.494,-0.593,0.84,-0.638,0.874,0.788,-0.719,0.819,0.853,0.532,0.936,-0.477,-0.629,0.037,-0.438,0.872,0.974,-0.668,0.786,0.7,0.881,0.87,0.95,0.754,-0.728,0.868,-0.177,0.092,0.936,0.645,-0.506,0.686,0.227,0.879,-0.055,0.888,0.566,-0.735,0.843,-0.48,0.596,-0.559,0.946,0.91,0.112,0.911,0.616,0.765,-0.037,0.871,0.651,0.729,0.722,-0.075,-0.275,-0.733,0.793,0.634,-0.025,0.464,0.878,0.901,0.924,-0.833,0.805,0.844,0.802,0.819,0.806,0.674,-0.56,0.624,-0.669,-0.472,-0.013,0.837,0.916,0.807,0.411,-0.372,0.883,0.855,0.202,0.881,0.517
CAKE,0.509,0.703,-0.368,0.245,0.838,0.669,0.376,-0.549,-0.592,0.776,-0.425,0.676,0.605,-0.229,0.403,-0.467,-0.187,0.457,0.532,-0.367,0.322,0.596,-0.005,0.546,-0.754,0.688,0.58,0.0,-0.441,-0.421,0.805,0.806,-0.395,0.468,0.645,0.751,-0.529,0.53,0.733,0.812,0.794,0.271,0.815,-0.137,-0.067,0.755,0.439,0.161,0.391,0.673,0.172,0.505,0.695,0.096,0.628,0.437,0.133,-0.327,-0.059,0.755,0.634,0.776,0.523,0.01,0.737,0.797,0.044,-0.382,0.617,0.586,0.125,0.9,0.751,0.485,0.543,-0.584,-0.123,0.661,0.499,-0.455,0.718,-0.372,0.616,-0.119,0.637,0.603,0.594,0.569,0.54,-0.694,-0.279,-0.086,0.41,0.12,0.694,-0.083,-0.354,-0.191,0.512,0.54,0.527,0.656,0.398,0.499,0.375,-0.28,0.658,-0.766,0.482,0.633,-0.04,0.799,0.582,-0.188,0.407,-0.041,-0.258,0.576,-0.364,0.722,0.753,-0.285,0.788,0.731,0.605,0.623,0.111,-0.006,0.454,-0.164,0.649,0.657,-0.312,0.505,0.88,0.701,0.782,0.65,0.752,-0.548,0.771,-0.24,0.514,0.581,0.613,0.208,0.593,0.59,0.545,-0.16,0.552,0.644,-0.507,0.793,0.059,0.813,-0.267,0.669,0.635,0.302,0.595,0.649,0.817,0.388,0.721,0.699,0.773,0.596,0.585,0.402,-0.024,0.591,0.71,0.127,-0.107,0.757,0.74,0.712,-0.325,0.672,0.463,0.702,0.726,0.741,0.401,-0.248,0.641,-0.542,0.299,0.386,0.75,0.535,0.268,0.653,0.309,0.511,0.641,0.067,0.542,0.753
CASY,0.12,-0.475,0.84,-0.272,-0.587,-0.863,-0.949,0.959,0.895,-0.569,0.902,-0.725,-0.802,0.348,-0.174,0.65,0.719,-0.411,-0.765,-0.122,-0.692,-0.67,0.691,-0.892,0.474,-0.33,-0.855,-0.441,0.0,0.711,-0.662,-0.687,0.46,-0.639,-0.864,-0.736,0.913,-0.578,-0.421,-0.623,-0.103,0.44,-0.649,0.657,0.763,-0.491,0.063,0.277,-0.14,-0.844,-0.628,-0.87,-0.731,-0.079,-0.86,0.163,-0.73,0.695,0.643,-0.737,-0.778,-0.745,-0.754,0.658,0.058,-0.268,0.618,0.84,-0.392,-0.475,0.17,-0.592,-0.235,-0.772,-0.62,0.718,0.879,-0.853,-0.363,0.803,-0.834,0.829,-0.534,0.378,-0.639,-0.824,-0.892,-0.875,-0.896,0.62,0.863,0.744,-0.011,-0.357,-0.341,0.654,0.751,0.87,-0.832,-0.823,-0.875,-0.802,-0.137,-0.776,0.442,0.878,-0.427,0.762,-0.333,-0.857,0.615,-0.622,-0.727,0.501,-0.23,0.501,0.712,-0.711,0.747,-0.814,-0.661,0.786,-0.593,-0.817,-0.424,-0.84,0.391,0.825,-0.019,0.472,-0.787,-0.852,0.627,-0.706,-0.637,-0.761,-0.813,-0.8,-0.644,0.633,-0.776,0.365,-0.072,-0.897,-0.561,0.596,-0.709,-0.138,-0.842,-0.027,-0.784,-0.559,0.645,-0.731,0.61,-0.473,0.671,-0.87,-0.841,-0.07,-0.711,-0.521,-0.631,0.292,-0.769,-0.695,-0.586,-0.675,0.24,0.462,0.781,-0.741,-0.43,0.036,-0.575,-0.772,-0.746,-0.839,0.941,-0.723,-0.891,-0.728,-0.744,-0.775,-0.702,0.566,-0.621,0.725,0.498,0.117,-0.69,-0.813,-0.716,-0.386,0.483,-0.727,-0.711,-0.432,-0.696,-0.376
CCOI,0.091,-0.456,0.929,-0.477,-0.548,-0.676,-0.689,0.782,0.581,-0.425,0.68,-0.818,-0.771,0.524,0.001,0.825,0.293,-0.076,-0.352,0.421,-0.693,-0.308,0.683,-0.824,0.269,-0.008,-0.734,-0.421,0.711,0.0,-0.42,-0.543,0.559,-0.613,-0.788,-0.736,0.827,-0.327,-0.229,-0.718,-0.12,0.207,-0.374,0.697,0.725,-0.397,0.387,0.576,0.274,-0.692,-0.179,-0.572,-0.447,-0.413,-0.614,0.418,-0.388,0.304,0.724,-0.501,-0.419,-0.616,-0.92,0.653,0.025,-0.182,0.177,0.869,-0.129,-0.606,0.614,-0.589,0.003,-0.319,-0.791,0.687,0.674,-0.856,-0.107,0.623,-0.631,0.872,-0.562,0.741,-0.309,-0.543,-0.674,-0.638,-0.761,0.486,0.859,0.841,0.372,-0.322,-0.179,0.851,0.249,0.81,-0.663,-0.755,-0.552,-0.804,-0.042,-0.336,0.491,0.818,-0.183,0.659,-0.111,-0.773,0.344,-0.609,-0.401,0.514,-0.352,0.126,0.883,-0.563,0.804,-0.671,-0.525,0.875,-0.623,-0.583,-0.062,-0.869,0.652,0.412,0.087,0.808,-0.683,-0.755,0.221,-0.633,-0.512,-0.769,-0.567,-0.81,-0.404,0.785,-0.7,0.211,0.203,-0.698,-0.22,0.152,-0.288,-0.001,-0.558,0.337,-0.711,-0.109,0.934,-0.659,0.621,-0.303,0.814,-0.803,-0.832,-0.143,-0.621,-0.651,-0.487,0.237,-0.865,-0.436,-0.429,-0.494,-0.003,0.162,0.645,-0.623,-0.306,-0.471,-0.253,-0.706,-0.715,-0.757,0.817,-0.555,-0.676,-0.604,-0.444,-0.467,-0.845,0.147,-0.506,0.593,0.205,0.476,-0.542,-0.863,-0.808,0.011,0.281,-0.596,-0.73,-0.309,-0.86,-0.159
