,AAPL,ACRS,ADP,AFYA,AGNC,AGYS,ALT,AMGN,AMPH,AMZN,ANIP,AOSL,APDN,APLT,APVO,ARGX,ARLP,ATEX,ATRA,AUTL,AVDL,BCRX,BHAT,BLBD,BMRN,BNGO,BUSE,CAKE,CASY,CCOI,CEVA,CHY,CLDX,CLMT,COHU,COLM,COST,CPRT,CSWC,CSX,DBX,DCOM,DKNG,DMLP,DOX,EA,EDIT,ENPH,ENSG,ERNA,ESGR,ETNB,EXTR,FANG,FARO,FATE,FGEN,FIVE,FIVN,FLGT,FOLD,FORM,FOXA,FRPT,FSLR,FTAI,GBDC,GDYN,GGAL,GNLN,GRFS,GT,HCAT,HCM,HFWA,HOLX,HQY,HUBG,IAC,ICLR,IDCC,IEP,IHRT,ILMN,ILPT,IMAB,IMOS,INMD,INTZ,JAZZ,JKHY,JRVR,KIDS,LBRDK,LGND,LMAT,LPLA,LULU,MASI,MAT,MATW,MBIN,MBIO,MCRB,MDB,MDLZ,MELI,MIRM,MLKN,MNMD,MNRO,MPWR,MRCY,MRSN,MTVA,NAAS,NDAQ,NDSN,NEGG,NOVT,NVDA,NWE,NWSA,NXST,OCX,ODFL,OMAB,OPCH,OPRA,ORGO,OTRK,OZK,PAGP,PCH,PEGA,PENG,PENN,PFBC,PGNY,PHAT,PHUN,PINC,PLUG,PLXS,PYPL,QLYS,QNCX,QQQX,QVCGA,RAPT,RBBN,RCKT,REPL,RMBS,ROAD,ROKU,ROP,RUSHA,SANM,SATS,SBCF,SBLK,SBUX,SCHL,SCSC,SDGR,SEIC,SFIX,SGRY,SKYW,SLP,SNES,STAA,STLD,STOK,SWKS,TER,TFIN,TIGO,TILE,TPIC,TTEC,TTEK,TTGT,UXIN,VERU,VLYPP,VNOM,VRNS,VRSN,WDAY,WERN,WINA,WKHS,WRLD,XP,XTKG,YY,ZION,ZM
AAPL,0.0,0.595,0.466,0.132,0.43,0.59,-0.133,-0.175,0.164,0.657,0.195,0.725,-0.275,0.486,0.55,0.028,-0.33,0.146,0.228,0.032,0.513,0.467,0.671,0.634,0.155,0.453,-0.084,0.608,0.405,0.678,0.418,0.879,0.312,-0.271,0.783,0.442,0.472,0.586,-0.469,0.506,0.548,0.567,0.828,0.077,0.213,0.405,0.226,0.533,0.316,0.423,0.242,0.209,0.236,0.057,0.794,0.47,0.025,0.184,0.444,0.633,0.211,0.699,0.473,0.002,0.48,-0.09,0.226,0.836,-0.273,0.314,0.479,0.696,0.663,0.156,-0.12,0.333,-0.734,0.536,0.42,0.78,0.506,-0.039,0.684,0.443,-0.392,0.443,0.587,0.771,-0.275,0.211,0.338,0.38,0.646,0.726,0.479,0.706,-0.791,0.429,0.446,-0.074,0.224,0.496,0.703,-0.351,0.618,0.245,0.535,-0.348,0.453,0.648,-0.076,0.757,0.079,0.264,-0.364,0.6,0.325,0.586,0.534,0.86,0.672,0.256,0.518,0.203,-0.703,0.623,0.693,-0.539,0.698,-0.439,0.426,0.566,-0.124,0.65,0.824,0.905,0.838,-0.132,-0.535,0.332,-0.048,0.303,0.469,0.475,0.383,0.804,-0.275,0.605,0.5,0.363,0.392,0.54,0.61,0.62,0.409,0.736,0.647,0.424,0.363,0.223,0.377,0.179,0.463,0.446,0.544,0.034,0.664,0.462,0.582,0.311,0.518,0.091,0.45,0.386,-0.352,0.879,0.863,0.573,0.629,0.69,0.638,0.762,0.82,-0.262,0.178,-0.703,0.145,-0.153,0.695,0.674,0.398,0.544,-0.175,-0.052,0.093,-0.181,0.402,0.301,0.425,0.479
ACRS,0.595,0.0,-0.084,0.265,-0.193,0.404,-0.567,0.078,-0.382,0.35,-0.008,0.644,-0.205,-0.129,0.079,-0.561,-0.541,0.616,-0.085,-0.533,-0.136,0.242,0.365,0.041,-0.383,0.641,0.381,0.783,0.501,0.311,0.332,0.498,-0.31,0.213,0.38,-0.105,0.59,0.022,-0.221,-0.092,-0.17,0.155,0.274,-0.422,-0.379,-0.238,0.28,-0.001,-0.065,0.064,-0.339,0.338,-0.271,0.362,0.544,0.114,-0.275,-0.466,-0.241,0.472,-0.462,0.064,-0.205,0.128,0.075,-0.089,-0.147,0.534,-0.726,-0.209,-0.14,0.22,0.107,-0.447,0.23,-0.347,-0.527,0.307,-0.289,0.599,-0.033,0.331,0.323,0.498,-0.457,0.439,-0.116,0.167,-0.029,-0.325,-0.02,0.19,0.6,0.166,0.684,0.058,-0.515,-0.302,-0.008,-0.575,-0.218,-0.036,0.529,0.007,0.399,-0.355,0.644,0.061,0.776,0.466,-0.363,0.335,-0.33,-0.212,-0.47,0.278,-0.371,-0.075,0.222,0.422,-0.057,-0.236,-0.189,-0.391,-0.505,0.437,0.426,-0.638,0.342,-0.238,0.279,0.65,-0.476,0.253,0.418,0.445,0.655,0.052,-0.341,-0.089,0.172,-0.256,0.351,-0.13,0.585,0.627,-0.131,0.62,-0.031,0.415,0.651,0.073,-0.016,-0.013,0.584,0.1,0.042,-0.161,0.144,0.439,-0.128,-0.023,-0.226,0.139,0.581,0.32,0.132,0.136,-0.051,-0.309,0.409,0.054,0.392,-0.103,-0.015,0.267,0.375,0.152,0.126,0.247,0.062,0.215,0.429,-0.044,-0.038,-0.312,-0.477,-0.367,0.125,0.127,-0.35,0.01,-0.13,0.156,-0.046,-0.066,0.328,-0.262,0.316,0.498
ADP,0.466,-0.084,0.0,-0.578,0.872,0.239,-0.059,-0.177,0.784,0.052,0.568,-0.098,-0.586,0.67,0.249,0.757,0.223,-0.568,-0.3,0.716,0.828,0.002,0.459,0.745,0.88,-0.487,-0.677,-0.047,0.307,0.843,-0.29,0.635,0.143,-0.809,0.13,0.931,0.211,0.934,-0.704,0.756,0.616,0.394,0.718,0.379,0.91,0.448,-0.544,0.899,0.634,0.195,0.899,-0.568,0.896,-0.755,0.144,-0.137,-0.011,0.785,0.678,0.201,0.747,0.826,0.873,-0.458,0.911,-0.462,0.822,0.24,0.342,0.223,0.745,0.659,0.647,0.655,-0.495,0.442,-0.488,0.162,0.539,0.309,0.262,-0.802,0.269,-0.359,-0.1,-0.391,0.814,0.54,-0.533,0.786,0.869,0.34,0.106,0.648,-0.339,0.771,-0.526,0.833,0.885,0.695,0.888,0.854,0.511,-0.613,-0.128,0.935,-0.178,-0.681,-0.324,0.145,0.16,0.153,0.252,0.118,0.133,0.42,0.869,0.683,-0.125,0.653,0.737,0.926,0.803,0.774,-0.417,-0.069,0.754,-0.249,0.63,-0.584,-0.175,-0.061,-0.038,0.657,0.467,0.674,0.089,-0.301,-0.633,-0.013,-0.759,0.939,-0.266,0.914,-0.506,0.301,-0.635,-0.149,0.742,-0.474,-0.479,0.303,0.507,0.543,-0.314,0.462,0.681,0.809,0.273,-0.481,0.867,0.166,0.905,0.738,-0.09,-0.728,0.878,0.001,0.46,0.553,-0.152,-0.028,-0.217,0.876,-0.824,0.567,0.426,0.755,0.8,0.631,0.643,0.85,0.381,-0.697,-0.118,-0.735,0.818,-0.179,0.712,0.906,0.59,0.893,-0.394,-0.718,-0.382,-0.611,-0.239,0.233,-0.125,-0.432
AFYA,0.132,0.265,-0.578,0.0,-0.43,0.311,0.362,0.08,-0.509,0.511,-0.69,0.577,0.694,-0.391,0.176,-0.515,-0.41,0.538,0.638,-0.586,-0.369,0.463,-0.094,-0.281,-0.711,0.743,0.685,0.226,-0.218,-0.493,0.62,-0.089,0.414,0.589,0.546,-0.655,-0.184,-0.553,0.531,-0.317,0.038,0.257,-0.175,-0.078,-0.655,0.109,0.818,-0.485,-0.319,0.064,-0.608,0.823,-0.772,0.81,0.475,0.619,0.385,-0.433,-0.082,0.243,-0.37,-0.35,-0.509,0.567,-0.642,0.736,-0.732,0.326,-0.241,0.11,-0.254,-0.172,-0.067,-0.415,0.485,0.135,0.098,0.29,0.016,0.221,0.4,0.783,0.155,0.799,0.038,0.747,-0.296,0.074,0.212,-0.524,-0.723,0.183,0.175,-0.119,0.686,-0.095,0.13,-0.353,-0.696,-0.57,-0.796,-0.44,-0.218,0.489,0.718,-0.62,0.606,0.324,0.461,0.14,-0.056,0.538,0.264,0.356,-0.284,-0.043,-0.415,0.002,0.632,-0.107,-0.13,-0.757,-0.36,-0.621,0.118,0.687,-0.351,0.245,-0.272,0.278,0.546,0.404,0.088,-0.137,0.148,-0.131,0.447,0.336,0.421,0.389,0.764,-0.688,0.738,-0.388,0.745,0.222,0.514,0.548,-0.365,0.815,0.647,0.248,0.029,0.105,0.694,0.22,0.085,-0.449,0.294,0.662,-0.494,-0.164,-0.434,-0.574,0.4,0.859,-0.399,0.375,0.147,-0.227,0.704,0.114,0.712,-0.598,0.724,0.059,0.2,-0.23,-0.368,0.062,-0.053,-0.278,0.25,0.558,0.42,0.254,-0.557,0.206,-0.151,-0.398,0.017,-0.515,0.498,0.888,0.758,0.801,0.452,0.094,0.62,0.814
AGNC,0.43,-0.193,0.872,-0.43,0.0,0.187,0.129,-0.462,0.803,0.304,0.446,0.001,-0.488,0.796,0.418,0.763,0.12,-0.538,-0.06,0.672,0.846,0.218,0.424,0.788,0.838,-0.365,-0.675,0.003,0.224,0.742,-0.231,0.618,0.333,-0.779,0.266,0.877,0.227,0.867,-0.579,0.9,0.774,0.493,0.77,0.574,0.825,0.459,-0.302,0.809,0.544,0.331,0.87,-0.338,0.798,-0.624,0.215,0.165,0.105,0.744,0.854,0.345,0.821,0.819,0.878,-0.238,0.741,-0.286,0.805,0.425,0.523,0.466,0.868,0.787,0.793,0.744,-0.513,0.632,-0.548,0.421,0.755,0.446,0.431,-0.721,0.46,-0.179,0.076,-0.2,0.785,0.681,-0.531,0.836,0.651,0.153,0.135,0.825,-0.228,0.8,-0.5,0.937,0.748,0.672,0.8,0.731,0.404,-0.506,0.084,0.868,-0.123,-0.734,-0.231,0.301,0.317,0.304,0.194,0.341,0.17,0.551,0.892,0.817,0.079,0.667,0.877,0.857,0.893,0.812,-0.455,0.145,0.632,-0.196,0.544,-0.506,-0.093,0.077,0.06,0.648,0.641,0.683,0.155,-0.319,-0.453,0.079,-0.584,0.86,0.002,0.81,-0.321,0.423,-0.558,-0.032,0.786,-0.224,-0.499,0.569,0.74,0.638,-0.352,0.626,0.721,0.78,0.302,-0.399,0.882,0.437,0.918,0.7,-0.145,-0.541,0.908,0.354,0.692,0.721,0.014,0.084,-0.056,0.778,-0.689,0.648,0.56,0.725,0.856,0.61,0.816,0.818,0.503,-0.615,-0.149,-0.773,0.86,-0.074,0.84,0.882,0.737,0.84,-0.172,-0.598,-0.088,-0.456,-0.024,0.454,0.117,-0.308
AGYS,0.59,0.404,0.239,0.311,0.187,0.0,-0.07,-0.001,0.21,0.55,0.121,0.594,-0.094,0.254,0.277,0.09,-0.087,0.12,0.073,-0.227,0.293,0.579,0.358,0.215,-0.008,0.337,0.16,0.482,0.385,0.287,0.434,0.567,0.141,-0.013,0.553,0.122,0.318,0.301,-0.247,0.256,0.484,0.805,0.518,0.178,0.05,0.32,0.189,0.222,0.222,0.133,0.194,0.192,0.04,0.233,0.44,0.304,0.039,0.015,0.252,0.227,0.047,0.281,0.237,0.203,0.338,0.178,0.033,0.559,-0.06,-0.035,0.152,0.306,0.427,0.106,0.176,0.274,-0.472,0.457,0.358,0.58,0.358,0.194,0.375,0.376,-0.331,0.41,0.374,0.579,-0.422,0.09,0.162,0.604,0.535,0.426,0.43,0.513,-0.392,0.214,0.186,-0.018,-0.038,0.345,0.61,-0.124,0.585,0.045,0.537,-0.188,0.265,0.214,-0.451,0.504,0.141,0.091,-0.168,0.555,0.098,0.279,0.496,0.517,0.386,-0.021,0.298,0.099,-0.471,0.516,0.517,-0.222,0.318,-0.252,0.51,0.532,-0.012,0.351,0.549,0.555,0.65,0.186,-0.186,-0.063,0.041,0.094,0.469,0.359,0.378,0.604,-0.156,0.406,0.396,0.337,0.304,0.307,0.306,0.55,0.411,0.571,0.408,-0.087,0.369,0.322,0.206,-0.234,0.171,0.223,0.28,0.182,0.313,0.157,0.312,-0.016,0.504,0.034,0.219,0.021,-0.125,0.447,0.405,0.38,0.255,0.359,0.413,0.498,0.399,0.032,0.187,-0.371,-0.04,0.04,0.485,0.44,0.338,0.246,-0.183,0.195,0.098,0.109,0.347,0.142,0.429,0.424
ALT,-0.133,-0.567,-0.059,0.362,0.129,-0.07,0.0,-0.152,0.216,0.183,-0.476,-0.04,0.639,0.03,0.324,0.309,0.135,-0.273,0.722,0.282,0.129,0.177,-0.062,0.124,0.069,0.048,-0.057,-0.537,-0.668,-0.403,0.22,-0.291,0.754,0.014,0.254,-0.1,-0.682,-0.151,0.403,0.051,0.388,0.19,-0.048,0.403,0.099,0.601,0.381,-0.02,-0.099,0.206,0.057,0.357,-0.142,0.145,0.149,0.542,0.657,0.399,0.474,-0.086,0.476,0.043,0.109,0.184,-0.334,0.455,-0.223,-0.044,0.547,0.531,0.311,-0.038,0.146,0.346,-0.039,0.622,0.39,0.102,0.575,-0.231,0.562,0.063,0.18,0.185,0.361,0.29,0.16,0.188,0.183,0.135,-0.256,-0.025,-0.381,0.072,-0.141,0.225,0.335,0.289,-0.265,0.282,-0.171,-0.105,-0.487,0.28,0.325,0.123,0.011,0.07,-0.343,0.001,0.527,0.382,0.644,0.759,0.291,-0.029,0.281,0.447,0.443,-0.125,0.305,-0.116,0.195,0.059,0.347,0.253,-0.387,0.695,-0.227,0.324,0.119,-0.244,0.477,-0.122,-0.001,-0.162,-0.023,-0.027,0.416,0.596,0.377,-0.001,0.303,0.058,-0.029,-0.219,0.433,-0.098,0.079,0.228,-0.142,0.487,0.264,0.411,-0.111,0.372,0.31,0.162,0.171,0.02,-0.013,0.072,0.197,-0.375,0.079,0.231,-0.118,0.334,0.434,0.313,0.289,0.276,0.432,-0.012,0.337,0.149,0.142,-0.098,-0.049,0.184,0.185,-0.091,-0.012,0.324,0.55,0.23,0.239,0.567,0.067,-0.122,0.588,-0.092,0.485,0.418,0.557,0.568,0.198,0.547,0.194,0.179
AMGN,-0.175,0.078,-0.177,0.08,-0.462,-0.001,-0.152,0.0,-0.318,-0.309,-0.184,-0.116,0.22,-0.448,-0.386,-0.162,-0.063,0.183,-0.195,-0.232,-0.356,-0.174,-0.236,-0.407,-0.315,-0.021,0.383,-0.146,0.043,-0.18,-0.121,-0.292,-0.198,0.234,-0.152,-0.361,-0.165,-0.32,0.211,-0.455,-0.351,-0.22,-0.45,-0.339,-0.2,-0.066,-0.024,-0.221,-0.009,-0.401,-0.306,-0.026,-0.247,0.086,-0.213,-0.294,-0.002,-0.21,-0.39,-0.045,-0.336,-0.384,-0.379,0.014,-0.155,0.216,-0.362,-0.313,-0.331,-0.292,-0.378,-0.442,-0.385,-0.402,0.286,-0.312,0.415,-0.433,-0.425,-0.346,-0.196,0.25,-0.522,-0.008,-0.062,-0.161,-0.255,-0.39,0.027,-0.292,-0.166,0.218,-0.14,-0.538,0.122,-0.302,0.27,-0.439,-0.294,-0.286,-0.285,-0.164,-0.218,0.102,-0.234,-0.201,0.015,0.214,-0.077,-0.488,-0.268,-0.21,0.186,-0.288,-0.109,-0.485,-0.201,-0.314,-0.294,-0.402,-0.489,-0.283,-0.505,-0.368,0.348,-0.166,-0.259,0.313,-0.247,0.048,-0.007,-0.194,-0.094,-0.175,-0.48,-0.388,-0.208,0.266,0.097,-0.123,0.037,-0.289,-0.173,-0.084,-0.014,-0.245,0.155,0.003,-0.482,-0.148,0.186,-0.534,-0.383,-0.262,0.18,-0.357,-0.129,-0.261,0.176,0.133,-0.354,-0.484,-0.33,-0.34,-0.043,0.069,-0.401,-0.449,-0.476,-0.42,-0.136,-0.285,-0.15,-0.319,0.199,-0.311,-0.305,-0.299,-0.405,-0.236,-0.481,-0.303,-0.278,0.082,0.016,0.343,-0.304,-0.221,-0.476,-0.335,-0.329,-0.367,0.031,0.241,-0.108,0.228,-0.326,-0.472,-0.156,0.02
AMPH,0.164,-0.382,0.784,-0.509,0.803,0.21,0.216,-0.318,0.0,0.041,0.471,-0.25,-0.38,0.659,0.205,0.842,0.372,-0.685,-0.173,0.726,0.765,0.08,0.219,0.618,0.857,-0.583,-0.697,-0.242,0.072,0.536,-0.313,0.337,0.199,-0.705,-0.011,0.792,-0.009,0.764,-0.491,0.701,0.665,0.454,0.546,0.528,0.864,0.48,-0.488,0.699,0.512,0.155,0.855,-0.517,0.782,-0.685,-0.051,-0.036,0.143,0.803,0.691,-0.001,0.794,0.646,0.817,-0.332,0.709,-0.308,0.73,0.083,0.68,0.353,0.698,0.54,0.528,0.786,-0.461,0.55,-0.271,0.186,0.677,0.128,0.261,-0.745,0.205,-0.427,0.067,-0.377,0.682,0.447,-0.532,0.831,0.707,0.145,-0.108,0.551,-0.441,0.638,-0.251,0.817,0.714,0.804,0.788,0.694,0.287,-0.415,-0.131,0.837,-0.29,-0.587,-0.467,-0.022,0.292,0.043,0.249,0.25,0.352,0.37,0.811,0.613,-0.067,0.393,0.662,0.8,0.798,0.815,-0.247,-0.129,0.47,0.026,0.333,-0.369,-0.215,-0.146,0.162,0.41,0.313,0.426,-0.069,-0.246,-0.318,-0.059,-0.609,0.846,-0.216,0.775,-0.536,0.101,-0.5,-0.316,0.658,-0.452,-0.57,0.329,0.497,0.573,-0.468,0.442,0.506,0.642,0.206,-0.486,0.809,0.174,0.81,0.572,-0.269,-0.66,0.677,-0.005,0.419,0.629,-0.185,0.027,-0.29,0.724,-0.689,0.373,0.223,0.582,0.676,0.454,0.571,0.635,0.152,-0.452,-0.099,-0.511,0.8,0.101,0.632,0.712,0.626,0.734,-0.268,-0.594,-0.264,-0.419,-0.185,0.323,-0.107,-0.473
AMZN,0.657,0.35,0.052,0.511,0.304,0.55,0.183,-0.309,0.041,0.0,-0.08,0.844,0.105,0.345,0.448,-0.103,-0.304,0.346,0.572,-0.309,0.236,0.85,0.267,0.284,-0.174,0.601,0.269,0.648,0.324,0.218,0.588,0.565,0.524,0.132,0.839,0.035,0.418,0.167,0.017,0.492,0.631,0.693,0.554,0.353,-0.148,0.404,0.665,0.104,0.214,0.274,-0.028,0.574,-0.115,0.449,0.628,0.818,0.157,-0.096,0.451,0.623,0.067,0.272,0.179,0.592,0.022,0.423,-0.004,0.887,0.042,0.488,0.302,0.6,0.504,0.036,0.225,0.553,-0.536,0.842,0.525,0.825,0.736,0.335,0.696,0.769,0.089,0.669,0.24,0.708,-0.203,0.14,-0.165,0.144,0.651,0.659,0.681,0.488,-0.361,0.3,-0.037,-0.16,-0.175,0.211,0.39,0.154,0.849,-0.087,0.704,-0.105,0.609,0.509,0.05,0.829,0.012,0.482,-0.351,0.54,0.15,0.543,0.72,0.591,0.569,-0.113,0.358,0.021,-0.417,0.894,0.224,-0.168,0.216,-0.149,0.542,0.779,0.176,0.502,0.813,0.584,0.77,0.236,0.115,0.245,0.384,-0.09,0.875,0.157,0.75,0.82,0.028,0.795,0.306,0.774,0.491,0.66,0.722,0.588,0.401,0.759,0.519,0.015,0.491,0.578,0.202,0.333,0.165,0.163,0.392,0.521,0.354,0.803,0.701,0.333,0.784,0.235,0.607,-0.06,0.156,0.698,0.774,0.288,0.401,0.481,0.648,0.404,0.769,0.073,0.047,-0.461,-0.062,0.179,0.577,0.345,0.399,0.156,0.328,0.37,0.635,0.257,0.667,0.357,0.848,0.715
ANIP,0.195,-0.008,0.568,-0.69,0.446,0.121,-0.476,-0.184,0.471,-0.08,0.0,-0.115,-0.745,0.548,-0.096,0.375,0.506,-0.204,-0.464,0.279,0.455,-0.015,0.128,0.243,0.55,-0.46,-0.44,0.233,0.585,0.568,-0.235,0.36,-0.328,-0.35,-0.217,0.648,0.545,0.628,-0.516,0.492,0.2,0.119,0.433,0.276,0.489,0.05,-0.576,0.425,0.507,-0.027,0.574,-0.638,0.754,-0.497,-0.272,-0.333,-0.55,0.227,0.062,0.014,0.208,0.372,0.557,-0.17,0.712,-0.566,0.748,0.07,0.22,-0.11,0.266,0.442,0.17,0.296,-0.178,0.015,-0.414,0.135,0.087,0.183,-0.213,-0.521,0.138,-0.49,-0.069,-0.48,0.313,0.253,-0.322,0.507,0.722,-0.003,0.39,0.355,-0.346,0.305,-0.285,0.354,0.767,0.452,0.675,0.612,0.591,-0.353,-0.372,0.487,-0.212,-0.201,-0.079,0.034,-0.23,-0.245,-0.348,-0.311,0.053,0.317,0.365,0.042,-0.25,0.42,0.277,0.639,0.461,0.607,-0.323,-0.299,0.556,-0.482,0.368,-0.229,-0.191,0.094,0.077,0.413,0.201,0.429,-0.067,-0.014,-0.355,-0.441,-0.563,0.596,-0.345,0.452,-0.352,0.206,-0.406,-0.169,0.492,-0.467,-0.295,-0.117,0.195,0.097,-0.324,0.112,0.036,0.282,-0.062,-0.231,0.589,0.249,0.372,0.797,-0.218,-0.59,0.507,-0.091,0.067,0.241,-0.369,-0.098,-0.584,0.509,-0.649,0.205,0.056,0.438,0.496,0.089,0.272,0.41,0.041,-0.388,-0.479,-0.388,0.353,0.01,0.368,0.528,0.017,0.572,-0.529,-0.722,-0.57,-0.769,-0.066,-0.102,-0.199,-0.398
AOSL,0.725,0.644,-0.098,0.577,0.001,0.594,-0.04,-0.116,-0.25,0.844,-0.115,0.0,0.127,0.084,0.287,-0.405,-0.402,0.609,0.464,-0.534,-0.013,0.708,0.261,0.111,-0.417,0.778,0.509,0.791,0.391,0.178,0.743,0.558,0.341,0.339,0.851,-0.148,0.493,0.028,0.079,0.205,0.328,0.523,0.434,0.057,-0.381,0.252,0.711,-0.018,0.161,0.207,-0.28,0.621,-0.282,0.628,0.679,0.682,0.028,-0.326,0.13,0.627,-0.23,0.139,-0.067,0.555,-0.042,0.39,-0.172,0.835,-0.35,0.207,0.021,0.437,0.294,-0.296,0.413,0.254,-0.464,0.712,0.176,0.778,0.596,0.556,0.645,0.841,-0.065,0.724,0.067,0.536,-0.046,-0.14,-0.223,0.212,0.739,0.434,0.809,0.354,-0.352,-0.023,-0.146,-0.384,-0.347,0.104,0.415,0.219,0.814,-0.32,0.839,0.1,0.801,0.48,-0.147,0.818,-0.054,0.248,-0.434,0.42,-0.14,0.301,0.657,0.534,0.317,-0.316,0.079,-0.267,-0.365,0.859,0.267,-0.309,0.215,-0.062,0.535,0.839,0.072,0.472,0.694,0.565,0.861,0.342,0.065,0.238,0.469,-0.302,0.84,0.021,0.852,0.808,0.156,0.897,0.134,0.79,0.753,0.437,0.438,0.451,0.586,0.56,0.367,-0.124,0.465,0.75,-0.017,0.188,-0.089,0.089,0.659,0.641,0.154,0.634,0.477,0.059,0.862,0.252,0.65,-0.199,0.269,0.636,0.73,0.195,0.222,0.456,0.439,0.276,0.69,0.184,0.119,-0.309,-0.381,0.091,0.353,0.171,0.108,0.001,0.308,0.486,0.526,0.303,0.625,0.141,0.783,0.832
APDN,-0.275,-0.205,-0.586,0.694,-0.488,-0.094,0.639,0.22,-0.38,0.105,-0.745,0.127,0.0,-0.557,-0.094,-0.357,-0.168,0.297,0.619,-0.294,-0.483,0.102,-0.367,-0.466,-0.575,0.36,0.537,-0.276,-0.589,-0.715,0.394,-0.513,0.435,0.581,0.205,-0.698,-0.616,-0.684,0.786,-0.481,-0.144,-0.029,-0.504,-0.069,-0.49,0.243,0.602,-0.516,-0.337,-0.153,-0.579,0.62,-0.714,0.595,0.149,0.384,0.531,-0.179,-0.107,-0.078,-0.232,-0.498,-0.552,0.413,-0.756,0.694,-0.715,-0.181,0.007,0.161,-0.296,-0.41,-0.338,-0.345,0.4,0.148,0.58,-0.122,-0.042,-0.273,0.283,0.61,-0.208,0.491,0.35,0.385,-0.372,-0.271,0.44,-0.456,-0.714,-0.038,-0.301,-0.412,0.237,-0.289,0.513,-0.371,-0.751,-0.278,-0.733,-0.541,-0.596,0.635,0.345,-0.494,0.206,0.489,0.051,-0.153,0.217,0.224,0.451,0.406,-0.001,-0.389,-0.317,-0.056,0.332,-0.477,-0.288,-0.694,-0.454,-0.608,0.573,0.262,-0.666,0.663,-0.591,0.468,0.171,-0.08,0.28,-0.307,-0.258,-0.505,-0.051,0.314,0.623,0.421,0.692,-0.633,0.422,-0.404,0.341,-0.274,0.728,0.171,-0.531,0.477,0.341,-0.0,-0.142,-0.071,0.251,-0.025,-0.068,-0.36,0.255,0.385,-0.55,-0.147,-0.445,-0.76,0.227,0.659,-0.617,0.164,0.024,-0.271,0.429,0.1,0.538,-0.584,0.797,-0.237,-0.123,-0.437,-0.521,-0.094,-0.28,-0.538,-0.134,0.603,0.469,0.579,-0.401,0.421,-0.429,-0.624,-0.007,-0.674,0.648,0.818,0.715,0.819,0.158,0.017,0.314,0.475
APLT,0.486,-0.129,0.67,-0.391,0.796,0.254,0.03,-0.448,0.659,0.345,0.548,0.084,-0.557,0.0,0.568,0.619,0.191,-0.483,0.055,0.508,0.846,0.308,0.485,0.75,0.704,-0.207,-0.658,0.117,0.236,0.612,-0.098,0.587,0.263,-0.665,0.268,0.801,0.335,0.797,-0.616,0.794,0.728,0.508,0.802,0.476,0.66,0.345,-0.222,0.627,0.353,0.452,0.739,-0.243,0.697,-0.461,0.206,0.253,-0.059,0.527,0.665,0.279,0.664,0.758,0.86,-0.213,0.654,-0.35,0.645,0.488,0.452,0.461,0.74,0.692,0.734,0.735,-0.517,0.531,-0.605,0.476,0.719,0.449,0.302,-0.575,0.56,-0.211,-0.192,-0.02,0.708,0.775,-0.5,0.652,0.584,0.053,0.313,0.805,-0.187,0.713,-0.538,0.803,0.724,0.455,0.694,0.591,0.541,-0.542,0.166,0.665,-0.1,-0.595,-0.154,0.419,0.067,0.308,-0.007,0.31,0.047,0.64,0.689,0.624,0.272,0.698,0.798,0.694,0.869,0.832,-0.614,0.182,0.571,-0.341,0.586,-0.331,0.173,0.152,0.102,0.444,0.603,0.704,0.304,-0.338,-0.424,0.066,-0.391,0.744,0.061,0.612,-0.191,0.442,-0.466,-0.018,0.765,-0.133,-0.383,0.547,0.68,0.592,-0.228,0.662,0.48,0.548,0.017,-0.308,0.706,0.368,0.782,0.642,-0.136,-0.478,0.79,0.347,0.601,0.633,-0.051,0.033,-0.139,0.666,-0.693,0.629,0.507,0.632,0.744,0.37,0.682,0.721,0.443,-0.368,-0.101,-0.65,0.669,0.018,0.804,0.779,0.647,0.793,-0.349,-0.535,-0.181,-0.468,0.259,0.532,0.08,-0.157
APVO,0.55,0.079,0.249,0.176,0.418,0.277,0.324,-0.386,0.205,0.448,-0.096,0.287,-0.094,0.568,0.0,0.245,-0.265,-0.307,0.492,0.286,0.579,0.294,0.667,0.744,0.249,0.39,-0.401,0.055,-0.181,0.285,0.2,0.505,0.506,-0.429,0.539,0.367,-0.052,0.376,-0.421,0.348,0.559,0.418,0.661,0.133,0.248,0.228,0.252,0.331,-0.16,0.764,0.302,0.333,0.1,-0.002,0.652,0.586,0.347,0.346,0.6,0.35,0.471,0.656,0.531,-0.166,0.131,-0.074,0.004,0.575,0.101,0.468,0.567,0.363,0.751,0.575,-0.519,0.431,-0.519,0.402,0.682,0.392,0.397,-0.168,0.66,0.184,-0.512,0.593,0.583,0.745,-0.124,0.134,0.089,0.187,0.182,0.607,0.154,0.534,-0.584,0.527,0.245,-0.066,0.154,0.13,0.286,-0.453,0.616,0.244,0.128,-0.461,-0.023,0.675,0.074,0.601,0.189,0.569,-0.174,0.56,0.301,0.547,0.664,0.561,0.624,0.183,0.58,0.391,-0.63,0.494,0.315,-0.213,0.572,-0.226,0.593,0.115,-0.065,0.054,0.567,0.566,0.588,-0.554,-0.376,0.584,0.102,0.314,0.364,0.202,0.178,0.409,-0.14,0.119,0.518,0.305,-0.041,0.767,0.499,0.587,0.252,0.673,0.442,0.356,-0.073,-0.119,0.158,0.115,0.515,0.085,0.224,-0.015,0.493,0.48,0.573,0.482,0.255,0.058,0.416,0.334,-0.291,0.587,0.573,0.319,0.385,0.319,0.495,0.535,0.527,-0.097,0.477,-0.459,0.363,-0.029,0.65,0.457,0.664,0.473,-0.2,0.016,0.155,0.057,0.523,0.806,0.14,0.326
ARGX,0.028,-0.561,0.757,-0.515,0.763,0.09,0.309,-0.162,0.842,-0.103,0.375,-0.405,-0.357,0.619,0.245,0.0,0.418,-0.809,-0.16,0.78,0.751,-0.011,0.209,0.588,0.875,-0.654,-0.731,-0.479,-0.069,0.427,-0.444,0.196,0.257,-0.76,-0.094,0.746,-0.172,0.684,-0.485,0.598,0.623,0.296,0.422,0.551,0.873,0.447,-0.509,0.663,0.411,0.146,0.876,-0.532,0.772,-0.743,-0.182,-0.082,0.178,0.828,0.681,-0.109,0.865,0.584,0.79,-0.363,0.643,-0.256,0.644,-0.056,0.704,0.317,0.677,0.337,0.527,0.829,-0.522,0.545,-0.099,0.033,0.672,-0.082,0.218,-0.754,0.085,-0.534,0.055,-0.399,0.691,0.387,-0.507,0.797,0.637,0.173,-0.248,0.417,-0.575,0.603,-0.132,0.803,0.628,0.786,0.753,0.601,0.105,-0.485,-0.234,0.87,-0.403,-0.619,-0.705,-0.13,0.225,-0.019,0.399,0.238,0.397,0.247,0.829,0.568,-0.128,0.25,0.602,0.777,0.72,0.817,-0.13,-0.218,0.355,0.194,0.301,-0.317,-0.186,-0.366,0.176,0.261,0.134,0.278,-0.213,-0.312,-0.278,-0.002,-0.62,0.842,-0.318,0.736,-0.653,-0.072,-0.45,-0.472,0.654,-0.558,-0.746,0.285,0.387,0.509,-0.524,0.372,0.491,0.618,0.079,-0.586,0.709,0.06,0.812,0.443,-0.453,-0.694,0.589,-0.07,0.333,0.576,-0.321,-0.011,-0.358,0.676,-0.635,0.285,0.116,0.465,0.521,0.271,0.472,0.544,-0.002,-0.465,-0.016,-0.395,0.869,0.002,0.518,0.624,0.721,0.674,-0.253,-0.568,-0.297,-0.321,-0.271,0.413,-0.25,-0.556
ARLP,-0.33,-0.541,0.223,-0.41,0.12,-0.087,0.135,-0.063,0.372,-0.304,0.506,-0.402,-0.168,0.191,-0.265,0.418,0.0,-0.291,-0.146,0.264,0.17,-0.055,-0.132,-0.128,0.358,-0.588,-0.212,-0.341,0.033,-0.119,-0.112,-0.243,-0.075,-0.009,-0.439,0.225,-0.055,0.14,-0.03,0.184,0.108,-0.014,-0.085,0.481,0.308,0.194,-0.423,0.037,0.36,-0.206,0.36,-0.527,0.458,-0.258,-0.603,-0.309,-0.309,0.24,-0.063,-0.55,0.216,-0.079,0.253,-0.017,0.252,-0.24,0.382,-0.402,0.544,-0.105,0.035,-0.081,-0.249,0.251,0.091,0.134,0.241,-0.07,0.056,-0.332,-0.074,-0.313,-0.124,-0.533,0.306,-0.47,0.032,-0.064,-0.018,0.367,0.399,-0.116,-0.071,-0.093,-0.629,0.019,0.413,0.155,0.299,0.596,0.329,0.347,-0.047,0.032,-0.467,0.328,-0.309,0.183,-0.438,-0.335,0.033,-0.368,0.028,-0.107,0.348,-0.09,0.235,-0.108,-0.222,-0.093,0.034,0.292,0.197,0.408,0.309,-0.419,0.008,0.241,-0.112,0.285,-0.253,-0.254,0.566,-0.003,-0.272,-0.148,-0.369,0.251,0.21,-0.281,-0.205,0.322,-0.42,0.175,-0.526,-0.354,0.046,-0.457,0.27,-0.459,-0.452,-0.218,-0.12,0.015,-0.511,-0.106,-0.175,-0.004,-0.148,-0.142,0.309,-0.049,0.109,0.237,-0.295,-0.357,-0.03,-0.249,-0.106,0.087,-0.413,0.109,-0.562,0.27,-0.182,-0.168,-0.366,0.037,-0.031,-0.143,-0.092,-0.08,-0.44,0.105,-0.192,0.214,0.22,0.546,-0.073,0.04,0.064,0.171,-0.11,-0.331,-0.333,-0.302,-0.128,-0.013,-0.281,-0.441
ATEX,0.146,0.616,-0.568,0.538,-0.538,0.12,-0.273,0.183,-0.685,0.346,-0.204,0.609,0.297,-0.483,-0.307,-0.809,-0.291,0.0,0.204,-0.852,-0.604,0.349,-0.219,-0.557,-0.803,0.641,0.853,0.651,0.342,-0.288,0.523,-0.047,-0.154,0.788,0.273,-0.63,0.404,-0.537,0.509,-0.309,-0.363,-0.044,-0.265,-0.183,-0.803,-0.159,0.606,-0.549,-0.062,-0.243,-0.743,0.566,-0.618,0.768,0.193,0.24,-0.284,-0.798,-0.544,0.324,-0.778,-0.524,-0.66,0.676,-0.464,0.383,-0.431,0.286,-0.568,-0.214,-0.49,-0.028,-0.389,-0.833,0.76,-0.283,0.013,0.287,-0.497,0.321,0.063,0.775,0.094,0.7,0.19,0.412,-0.612,-0.188,0.316,-0.508,-0.512,-0.129,0.529,-0.201,0.694,-0.328,0.148,-0.67,-0.522,-0.634,-0.673,-0.344,0.017,0.589,0.322,-0.708,0.669,0.598,0.847,0.142,-0.209,0.224,-0.282,-0.198,-0.376,-0.161,-0.624,-0.337,0.236,-0.06,-0.383,-0.663,-0.574,-0.754,0.133,0.434,-0.161,-0.153,-0.273,0.315,0.16,0.663,0.021,0.135,0.087,-0.077,0.347,0.606,0.361,-0.083,0.617,-0.734,0.51,-0.492,0.75,0.328,0.486,0.697,-0.484,0.648,0.788,-0.16,-0.129,-0.27,0.484,-0.102,-0.214,-0.545,0.248,0.816,-0.408,0.113,-0.703,-0.189,0.479,0.763,-0.4,0.301,-0.129,-0.468,0.531,0.139,0.396,-0.608,0.624,-0.028,0.113,-0.253,-0.305,-0.038,-0.213,-0.377,0.162,0.447,-0.135,0.251,-0.82,0.103,-0.348,-0.438,-0.581,-0.563,0.418,0.58,0.394,0.318,0.378,-0.472,0.575,0.652
ATRA,0.228,-0.085,-0.3,0.638,-0.06,0.073,0.722,-0.195,-0.173,0.572,-0.464,0.464,0.619,0.055,0.492,-0.16,-0.146,0.204,0.0,-0.143,-0.002,0.469,0.107,0.097,-0.313,0.596,0.234,0.02,-0.41,-0.357,0.613,-0.031,0.741,0.312,0.585,-0.281,-0.304,-0.267,0.41,0.016,0.32,0.275,0.097,0.243,-0.291,0.441,0.757,-0.198,-0.183,0.393,-0.277,0.737,-0.415,0.562,0.515,0.844,0.486,-0.019,0.287,0.232,0.109,0.017,-0.054,0.458,-0.488,0.511,-0.443,0.381,0.165,0.568,0.161,0.086,0.157,0.049,0.154,0.507,0.092,0.427,0.449,0.172,0.623,0.414,0.494,0.593,0.146,0.724,0.029,0.361,0.332,-0.166,-0.458,-0.087,0.127,0.198,0.35,0.147,0.09,0.076,-0.396,-0.213,-0.456,-0.232,-0.232,0.379,0.7,-0.243,0.414,0.272,0.223,0.395,0.341,0.679,0.351,0.79,-0.136,0.153,-0.009,0.369,0.776,0.149,0.287,-0.396,0.093,-0.198,0.043,0.65,-0.321,0.307,-0.113,0.385,0.475,0.234,0.381,-0.025,0.293,0.073,0.428,0.073,0.392,0.709,0.739,-0.309,0.697,-0.193,0.5,0.188,0.519,0.391,0.012,0.709,0.349,0.612,0.376,0.368,0.315,0.514,0.235,-0.053,0.179,0.439,-0.21,0.246,-0.029,-0.362,0.428,0.598,-0.128,0.688,0.536,0.215,0.614,0.265,0.73,-0.197,0.475,0.348,0.423,-0.109,-0.04,0.208,0.246,-0.104,0.344,0.504,0.559,0.149,-0.144,0.528,0.137,-0.172,0.393,-0.189,0.502,0.642,0.757,0.61,0.646,0.545,0.524,0.675
AUTL,0.032,-0.533,0.716,-0.586,0.672,-0.227,0.282,-0.232,0.726,-0.309,0.279,-0.534,-0.294,0.508,0.286,0.78,0.264,-0.852,-0.143,0.0,0.652,-0.415,0.272,0.66,0.878,-0.635,-0.873,-0.594,-0.312,0.449,-0.444,0.151,0.255,-0.838,-0.168,0.75,-0.364,0.663,-0.474,0.436,0.385,0.007,0.368,0.245,0.896,0.351,-0.611,0.71,0.237,0.311,0.797,-0.588,0.731,-0.825,-0.031,-0.215,0.312,0.913,0.62,-0.11,0.831,0.682,0.742,-0.698,0.538,-0.447,0.551,-0.211,0.507,0.348,0.637,0.27,0.425,0.791,-0.739,0.349,-0.052,-0.255,0.504,-0.242,0.038,-0.862,0.011,-0.625,-0.05,-0.486,0.709,0.214,-0.167,0.621,0.628,0.118,-0.482,0.308,-0.668,0.441,-0.243,0.764,0.657,0.728,0.778,0.493,0.001,-0.56,-0.329,0.845,-0.635,-0.558,-0.733,0.002,0.451,-0.113,0.361,0.292,0.335,0.125,0.77,0.504,-0.227,0.193,0.515,0.794,0.663,0.737,-0.084,-0.401,0.289,0.087,0.371,-0.37,-0.312,-0.616,0.015,0.135,0.045,0.219,-0.311,-0.578,-0.477,0.286,-0.671,0.826,-0.498,0.633,-0.785,-0.268,-0.424,-0.604,0.495,-0.634,-0.701,0.203,0.286,0.318,-0.483,0.19,0.392,0.839,-0.07,-0.819,0.562,0.133,0.82,0.351,-0.275,-0.809,0.554,-0.148,0.31,0.61,-0.445,-0.095,-0.266,0.788,-0.661,0.217,0.091,0.412,0.5,0.33,0.355,0.49,0.045,-0.551,0.155,-0.362,0.904,-0.059,0.417,0.537,0.599,0.668,-0.352,-0.655,-0.322,-0.44,-0.418,0.435,-0.49,-0.63
AVDL,0.513,-0.136,0.828,-0.369,0.846,0.293,0.129,-0.356,0.765,0.236,0.455,-0.013,-0.483,0.846,0.579,0.751,0.17,-0.604,-0.002,0.652,0.0,0.225,0.526,0.852,0.797,-0.293,-0.722,-0.047,0.142,0.697,-0.164,0.626,0.316,-0.766,0.259,0.891,0.127,0.881,-0.687,0.782,0.797,0.518,0.805,0.468,0.801,0.454,-0.323,0.733,0.463,0.418,0.815,-0.3,0.749,-0.593,0.285,0.165,0.028,0.757,0.745,0.262,0.775,0.85,0.92,-0.337,0.74,-0.374,0.647,0.399,0.469,0.415,0.839,0.684,0.767,0.786,-0.572,0.616,-0.553,0.362,0.749,0.383,0.376,-0.696,0.453,-0.257,-0.259,-0.099,0.803,0.763,-0.547,0.71,0.719,0.23,0.194,0.743,-0.281,0.816,-0.571,0.866,0.812,0.523,0.778,0.715,0.521,-0.657,0.123,0.832,-0.088,-0.688,-0.306,0.35,0.132,0.312,0.269,0.291,0.02,0.517,0.811,0.733,0.224,0.705,0.822,0.793,0.889,0.823,-0.573,0.138,0.658,-0.238,0.664,-0.408,0.135,0.024,0.051,0.499,0.552,0.714,0.27,-0.391,-0.529,0.13,-0.499,0.865,-0.063,0.772,-0.339,0.386,-0.49,-0.1,0.783,-0.26,-0.44,0.526,0.61,0.669,-0.185,0.667,0.669,0.697,0.154,-0.414,0.791,0.206,0.902,0.588,-0.118,-0.582,0.861,0.195,0.546,0.642,-0.079,0.004,-0.103,0.807,-0.749,0.655,0.487,0.717,0.776,0.532,0.636,0.834,0.448,-0.426,0.007,-0.678,0.771,-0.053,0.823,0.865,0.735,0.895,-0.377,-0.558,-0.243,-0.448,0.077,0.487,0.007,-0.198
BCRX,0.467,0.242,0.002,0.463,0.218,0.579,0.177,-0.174,0.08,0.85,-0.015,0.708,0.102,0.308,0.294,-0.011,-0.055,0.349,0.469,-0.415,0.225,0.0,0.129,0.124,-0.193,0.444,0.348,0.54,0.39,0.072,0.426,0.391,0.408,0.231,0.647,-0.021,0.428,0.085,0.071,0.475,0.613,0.709,0.404,0.533,-0.188,0.37,0.61,-0.027,0.309,0.065,-0.049,0.479,-0.108,0.462,0.328,0.705,-0.034,-0.178,0.312,0.413,0.032,0.07,0.125,0.687,0.023,0.468,0.01,0.743,0.176,0.35,0.243,0.47,0.365,-0.009,0.37,0.547,-0.383,0.859,0.451,0.706,0.677,0.345,0.53,0.636,0.167,0.558,0.08,0.614,-0.403,0.208,-0.162,0.027,0.637,0.518,0.582,0.444,-0.132,0.182,-0.089,-0.141,-0.181,0.225,0.329,0.193,0.676,-0.103,0.685,-0.079,0.492,0.275,-0.09,0.668,0.069,0.324,-0.265,0.406,0.129,0.428,0.604,0.449,0.424,-0.147,0.252,0.045,-0.321,0.818,0.168,-0.028,0.059,0.018,0.491,0.809,0.372,0.463,0.623,0.42,0.668,0.426,0.265,0.009,0.392,-0.102,0.772,0.14,0.639,0.706,0.076,0.709,0.28,0.649,0.362,0.528,0.6,0.53,0.273,0.664,0.392,-0.174,0.51,0.663,0.268,0.21,0.061,0.107,0.161,0.5,0.22,0.615,0.496,0.183,0.651,0.213,0.373,-0.11,0.172,0.532,0.553,0.211,0.261,0.317,0.48,0.263,0.517,0.229,-0.091,-0.286,-0.149,0.276,0.432,0.24,0.311,0.082,0.382,0.38,0.502,0.303,0.609,0.205,0.856,0.584
BHAT,0.671,0.365,0.459,-0.094,0.424,0.358,-0.062,-0.236,0.219,0.267,0.128,0.261,-0.367,0.485,0.667,0.209,-0.132,-0.219,0.107,0.272,0.526,0.129,0.0,0.697,0.347,0.252,-0.41,0.216,0.108,0.529,0.131,0.661,0.104,-0.48,0.393,0.488,0.225,0.522,-0.665,0.325,0.358,0.355,0.698,-0.007,0.34,0.111,-0.046,0.554,-0.039,0.489,0.371,0.058,0.28,-0.158,0.602,0.235,0.084,0.3,0.44,0.242,0.366,0.709,0.529,-0.357,0.441,-0.387,0.24,0.491,-0.177,0.203,0.532,0.372,0.658,0.433,-0.503,0.117,-0.651,0.244,0.428,0.461,0.173,-0.336,0.555,0.058,-0.598,0.354,0.607,0.64,-0.141,0.137,0.396,0.322,0.268,0.603,0.135,0.52,-0.74,0.464,0.472,0.033,0.315,0.333,0.52,-0.558,0.392,0.329,0.178,-0.447,0.051,0.702,-0.056,0.429,0.025,0.277,-0.095,0.655,0.277,0.43,0.396,0.707,0.576,0.333,0.517,0.354,-0.736,0.297,0.603,-0.512,0.773,-0.406,0.335,0.147,-0.266,0.224,0.584,0.695,0.584,-0.564,-0.655,0.33,-0.191,0.424,0.125,0.315,0.018,0.458,-0.403,0.107,0.607,0.094,-0.054,0.56,0.321,0.429,0.169,0.503,0.4,0.431,-0.062,-0.175,0.271,0.037,0.51,0.335,0.354,-0.211,0.607,0.266,0.387,0.223,0.145,0.134,0.287,0.506,-0.523,0.554,0.53,0.436,0.446,0.392,0.459,0.673,0.458,-0.329,0.343,-0.602,0.342,-0.186,0.612,0.61,0.438,0.575,-0.403,-0.238,-0.211,-0.284,0.313,0.523,-0.039,0.128
BLBD,0.634,0.041,0.745,-0.281,0.788,0.215,0.124,-0.407,0.618,0.284,0.243,0.111,-0.466,0.75,0.744,0.588,-0.128,-0.557,0.097,0.66,0.852,0.124,0.697,0.0,0.697,-0.056,-0.71,-0.001,0.045,0.745,-0.107,0.708,0.402,-0.824,0.405,0.821,0.109,0.822,-0.735,0.677,0.689,0.403,0.841,0.245,0.713,0.332,-0.184,0.795,0.288,0.619,0.701,-0.164,0.61,-0.515,0.521,0.279,0.257,0.696,0.791,0.381,0.757,0.953,0.857,-0.474,0.63,-0.371,0.491,0.508,0.211,0.488,0.8,0.648,0.847,0.76,-0.706,0.476,-0.62,0.329,0.715,0.422,0.379,-0.643,0.579,-0.117,-0.396,0.107,0.859,0.749,-0.406,0.588,0.584,0.249,0.095,0.765,-0.077,0.768,-0.73,0.844,0.695,0.347,0.683,0.606,0.435,-0.709,0.268,0.71,-0.063,-0.752,-0.185,0.521,0.28,0.469,0.228,0.42,-0.063,0.561,0.704,0.759,0.261,0.722,0.817,0.711,0.847,0.717,-0.671,0.25,0.619,-0.343,0.75,-0.586,0.189,0.01,-0.133,0.425,0.629,0.757,0.42,-0.601,-0.673,0.403,-0.455,0.765,0.033,0.671,-0.221,0.409,-0.548,-0.012,0.732,-0.119,-0.283,0.669,0.625,0.665,-0.045,0.638,0.681,0.797,0.089,-0.423,0.631,0.221,0.892,0.475,0.088,-0.494,0.856,0.283,0.604,0.731,0.039,0.033,0.144,0.798,-0.709,0.729,0.656,0.629,0.75,0.624,0.703,0.867,0.606,-0.575,0.226,-0.792,0.738,-0.249,0.825,0.83,0.731,0.871,-0.336,-0.47,-0.151,-0.367,0.098,0.667,-0.024,-0.1
BMRN,0.155,-0.383,0.88,-0.711,0.838,-0.008,0.069,-0.315,0.857,-0.174,0.55,-0.417,-0.575,0.704,0.249,0.875,0.358,-0.803,-0.313,0.878,0.797,-0.193,0.347,0.697,0.0,-0.679,-0.888,-0.331,0.039,0.637,-0.47,0.356,0.074,-0.879,-0.162,0.919,-0.005,0.849,-0.666,0.659,0.519,0.204,0.569,0.38,0.961,0.337,-0.685,0.803,0.414,0.237,0.948,-0.677,0.911,-0.883,-0.097,-0.238,0.024,0.857,0.654,-0.058,0.85,0.739,0.873,-0.581,0.795,-0.564,0.822,-0.026,0.566,0.251,0.728,0.479,0.547,0.829,-0.674,0.379,-0.299,-0.011,0.562,0.013,0.055,-0.925,0.152,-0.642,-0.059,-0.515,0.735,0.386,-0.444,0.799,0.824,0.098,-0.178,0.524,-0.64,0.602,-0.346,0.839,0.847,0.822,0.935,0.677,0.29,-0.599,-0.321,0.935,-0.476,-0.654,-0.594,0.046,0.246,-0.105,0.161,0.148,0.373,0.354,0.838,0.542,-0.227,0.423,0.649,0.938,0.801,0.887,-0.292,-0.335,0.557,-0.11,0.493,-0.425,-0.317,-0.347,-0.009,0.344,0.243,0.441,-0.187,-0.479,-0.537,-0.042,-0.775,0.968,-0.468,0.757,-0.725,0.0,-0.607,-0.49,0.727,-0.653,-0.76,0.258,0.381,0.406,-0.571,0.308,0.43,0.775,-0.03,-0.73,0.794,0.181,0.886,0.658,-0.338,-0.868,0.752,-0.107,0.346,0.575,-0.423,-0.034,-0.392,0.875,-0.844,0.332,0.169,0.599,0.69,0.359,0.514,0.66,0.085,-0.629,-0.12,-0.547,0.919,-0.093,0.613,0.757,0.584,0.828,-0.456,-0.822,-0.489,-0.641,-0.322,0.339,-0.376,-0.665
BNGO,0.453,0.641,-0.487,0.743,-0.365,0.337,0.048,-0.021,-0.583,0.601,-0.46,0.778,0.36,-0.207,0.39,-0.654,-0.588,0.641,0.596,-0.635,-0.293,0.444,0.252,-0.056,-0.679,0.0,0.566,0.571,0.035,-0.186,0.691,0.22,0.215,0.492,0.657,-0.483,0.165,-0.38,0.223,-0.251,-0.047,0.22,0.11,-0.265,-0.657,-0.055,0.811,-0.33,-0.363,0.34,-0.596,0.87,-0.663,0.791,0.7,0.655,0.163,-0.528,-0.115,0.441,-0.425,-0.104,-0.375,0.463,-0.467,0.414,-0.595,0.593,-0.523,0.091,-0.176,0.026,0.099,-0.407,0.322,-0.028,-0.247,0.41,-0.01,0.465,0.307,0.708,0.493,0.817,-0.286,0.906,-0.208,0.268,0.291,-0.573,-0.558,0.083,0.469,0.118,0.795,-0.036,-0.234,-0.334,-0.49,-0.726,-0.676,-0.392,0.118,0.305,0.808,-0.628,0.721,0.275,0.72,0.556,-0.156,0.634,-0.096,0.288,-0.44,0.241,-0.487,0.007,0.706,0.231,-0.015,-0.648,-0.256,-0.56,-0.279,0.738,-0.053,-0.19,0.046,0.167,0.627,0.581,-0.132,-0.047,0.389,0.215,0.748,0.103,0.114,0.397,0.74,-0.598,0.771,-0.429,0.873,0.514,0.352,0.688,-0.155,0.855,0.759,0.39,0.101,0.134,0.697,0.306,0.031,-0.367,0.115,0.66,-0.494,0.033,-0.382,-0.32,0.674,0.792,-0.187,0.523,0.199,-0.201,0.723,0.134,0.783,-0.453,0.482,0.28,0.437,-0.165,-0.157,0.113,0.065,-0.081,0.422,0.419,0.394,0.026,-0.59,0.041,0.044,-0.211,-0.079,-0.339,0.262,0.702,0.528,0.521,0.688,0.172,0.545,0.898
BUSE,-0.084,0.381,-0.677,0.685,-0.675,0.16,-0.057,0.383,-0.697,0.269,-0.44,0.509,0.537,-0.658,-0.401,-0.731,-0.212,0.853,0.234,-0.873,-0.722,0.348,-0.41,-0.71,-0.888,0.566,0.0,0.399,0.176,-0.512,0.503,-0.262,-0.026,0.878,0.231,-0.817,0.129,-0.72,0.671,-0.472,-0.351,-0.006,-0.493,-0.176,-0.834,-0.126,0.657,-0.668,-0.081,-0.399,-0.792,0.577,-0.743,0.82,0.035,0.219,-0.084,-0.762,-0.54,0.117,-0.747,-0.716,-0.799,0.722,-0.599,0.661,-0.626,0.094,-0.443,-0.278,-0.65,-0.307,-0.505,-0.84,0.87,-0.206,0.288,0.154,-0.482,0.111,0.137,0.888,-0.123,0.694,0.288,0.4,-0.663,-0.318,0.282,-0.56,-0.681,0.017,0.288,-0.426,0.641,-0.397,0.428,-0.727,-0.755,-0.598,-0.825,-0.406,-0.224,0.697,0.311,-0.775,0.616,0.621,0.631,-0.188,-0.218,0.189,-0.065,-0.181,-0.314,-0.344,-0.656,-0.382,0.169,-0.334,-0.515,-0.806,-0.708,-0.822,0.393,0.404,-0.399,0.225,-0.503,0.37,0.202,0.497,0.143,-0.057,-0.132,-0.334,0.202,0.749,0.594,-0.084,0.675,-0.852,0.504,-0.502,0.703,0.126,0.565,0.593,-0.592,0.607,0.732,-0.255,-0.265,-0.258,0.489,-0.203,-0.23,-0.693,0.307,0.839,-0.543,-0.167,-0.787,-0.487,0.337,0.853,-0.63,0.118,-0.239,-0.536,0.524,0.093,0.358,-0.784,0.811,-0.203,-0.074,-0.441,-0.541,-0.149,-0.356,-0.527,-0.028,0.542,-0.009,0.45,-0.845,0.148,-0.51,-0.604,-0.5,-0.734,0.567,0.785,0.512,0.614,0.237,-0.462,0.539,0.626
CAKE,0.608,0.783,-0.047,0.226,0.003,0.482,-0.537,-0.146,-0.242,0.648,0.233,0.791,-0.276,0.117,0.055,-0.479,-0.341,0.651,0.02,-0.594,-0.047,0.54,0.216,-0.001,-0.331,0.571,0.399,0.0,0.735,0.34,0.478,0.598,-0.173,0.282,0.488,-0.037,0.833,0.11,-0.133,0.229,0.084,0.368,0.399,-0.081,-0.359,-0.132,0.361,-0.031,0.188,0.074,-0.221,0.308,-0.114,0.416,0.428,0.297,-0.416,-0.492,-0.124,0.519,-0.419,0.072,-0.082,0.43,0.135,0.01,0.081,0.724,-0.464,-0.076,-0.092,0.455,0.161,-0.375,0.363,-0.087,-0.641,0.615,-0.103,0.814,0.165,0.367,0.49,0.574,-0.148,0.419,-0.079,0.364,-0.126,-0.12,-0.022,0.071,0.866,0.41,0.689,0.135,-0.443,-0.136,0.062,-0.398,-0.157,0.119,0.634,0.085,0.482,-0.307,0.668,0.075,0.869,0.465,-0.361,0.408,-0.53,-0.174,-0.47,0.446,-0.257,0.003,0.32,0.551,0.154,-0.155,0.02,-0.2,-0.512,0.548,0.42,-0.647,0.278,-0.151,0.321,0.877,-0.181,0.449,0.63,0.554,0.676,0.291,-0.11,-0.225,0.218,-0.212,0.53,-0.07,0.723,0.81,-0.124,0.778,0.113,0.565,0.63,0.168,0.287,0.114,0.442,0.286,0.079,-0.223,0.224,0.595,0.054,0.242,-0.18,0.355,0.453,0.396,0.242,0.431,0.215,-0.104,0.525,0.097,0.269,-0.151,0.014,0.412,0.494,0.2,0.261,0.232,0.299,0.258,0.567,0.022,-0.324,-0.382,-0.412,-0.122,0.306,0.235,-0.238,0.06,-0.003,0.106,0.14,-0.152,0.506,-0.186,0.574,0.553
CASY,0.405,0.501,0.307,-0.218,0.224,0.385,-0.668,0.043,0.072,0.324,0.585,0.391,-0.589,0.236,-0.181,-0.069,0.033,0.342,-0.41,-0.312,0.142,0.39,0.108,0.045,0.039,0.035,0.176,0.735,0.0,0.565,0.039,0.557,-0.339,0.003,0.15,0.258,0.89,0.348,-0.371,0.397,0.141,0.318,0.352,0.117,0.027,-0.125,-0.089,0.206,0.541,-0.155,0.151,-0.214,0.345,-0.051,-0.017,-0.111,-0.608,-0.25,-0.082,0.317,-0.21,0.134,0.147,0.237,0.511,-0.197,0.455,0.463,-0.237,-0.274,-0.012,0.452,0.134,-0.186,0.257,-0.07,-0.573,0.444,-0.116,0.624,0.035,-0.026,0.237,0.135,-0.012,-0.093,0.06,0.265,-0.405,0.225,0.353,0.159,0.729,0.354,0.311,0.22,-0.332,0.04,0.368,-0.037,0.238,0.475,0.657,-0.143,0.02,0.097,0.36,-0.138,0.477,0.103,-0.386,0.084,-0.483,-0.455,-0.333,0.327,0.044,0.004,-0.105,0.478,0.158,0.257,0.144,0.137,-0.396,0.193,0.544,-0.536,0.309,-0.326,0.008,0.625,-0.099,0.567,0.406,0.476,0.326,0.357,-0.218,-0.532,-0.26,0.158,0.094,0.269,0.246,0.609,-0.37,0.449,0.249,0.048,0.217,-0.051,0.204,0.102,0.09,0.103,0.119,-0.051,0.235,0.3,0.37,0.12,0.04,0.596,0.038,-0.038,0.388,0.105,0.04,0.004,0.1,-0.05,-0.225,0.107,-0.298,0.3,0.281,0.313,0.341,0.194,0.276,0.374,0.343,-0.288,-0.589,-0.455,-0.096,-0.261,0.292,0.426,-0.196,0.301,-0.194,-0.291,-0.246,-0.451,0.104,-0.352,0.282,0.06
CCOI,0.678,0.311,0.843,-0.493,0.742,0.287,-0.403,-0.18,0.536,0.218,0.568,0.178,-0.715,0.612,0.285,0.427,-0.119,-0.288,-0.357,0.449,0.697,0.072,0.529,0.745,0.637,-0.186,-0.512,0.34,0.565,0.0,-0.204,0.841,0.001,-0.707,0.285,0.83,0.524,0.887,-0.786,0.69,0.477,0.337,0.781,0.112,0.668,0.186,-0.388,0.822,0.569,0.259,0.67,-0.42,0.738,-0.585,0.338,-0.076,-0.151,0.489,0.51,0.465,0.452,0.824,0.724,-0.39,0.866,-0.481,0.716,0.491,-0.042,0.149,0.588,0.726,0.667,0.418,-0.442,0.215,-0.728,0.271,0.35,0.566,0.178,-0.614,0.385,-0.139,-0.29,-0.206,0.714,0.564,-0.501,0.579,0.745,0.327,0.368,0.684,0.004,0.672,-0.77,0.656,0.818,0.324,0.758,0.764,0.694,-0.662,0.018,0.685,0.02,-0.683,0.048,0.334,0.009,0.25,-0.06,-0.059,-0.152,0.493,0.624,0.554,-0.089,0.749,0.637,0.79,0.666,0.589,-0.648,0.09,0.827,-0.584,0.764,-0.719,-0.043,0.204,-0.268,0.694,0.603,0.81,0.326,-0.309,-0.759,-0.048,-0.692,0.744,-0.102,0.754,-0.19,0.557,-0.715,0.145,0.624,-0.26,-0.151,0.278,0.512,0.456,-0.051,0.412,0.598,0.708,0.246,-0.304,0.714,0.236,0.739,0.756,0.066,-0.567,0.885,0.11,0.393,0.498,-0.028,-0.058,-0.11,0.732,-0.794,0.653,0.581,0.7,0.814,0.608,0.633,0.879,0.601,-0.75,-0.217,-0.861,0.574,-0.456,0.722,0.887,0.359,0.842,-0.444,-0.662,-0.366,-0.645,-0.115,0.139,-0.015,-0.199
CEVA,0.418,0.332,-0.29,0.62,-0.231,0.434,0.22,-0.121,-0.313,0.588,-0.235,0.743,0.394,-0.098,0.2,-0.444,-0.112,0.523,0.613,-0.444,-0.164,0.426,0.131,-0.107,-0.47,0.691,0.503,0.478,0.039,-0.204,0.0,0.196,0.346,0.519,0.616,-0.334,0.103,-0.218,0.304,-0.072,0.164,0.355,0.141,0.021,-0.42,0.257,0.623,-0.279,-0.035,0.295,-0.361,0.599,-0.388,0.671,0.529,0.564,0.072,-0.271,-0.047,0.206,-0.273,-0.055,-0.213,0.512,-0.293,0.358,-0.355,0.449,-0.225,0.062,-0.172,0.115,-0.064,-0.291,0.467,0.247,-0.108,0.427,0.075,0.378,0.501,0.606,0.512,0.671,-0.004,0.653,-0.079,0.296,0.374,-0.327,-0.265,0.158,0.487,0.135,0.488,0.113,-0.028,-0.168,-0.262,-0.257,-0.491,-0.085,0.149,0.375,0.682,-0.389,0.653,0.507,0.552,0.396,-0.043,0.605,0.006,0.291,-0.364,0.214,-0.289,0.077,0.691,0.281,0.165,-0.477,-0.001,-0.366,-0.03,0.593,0.037,-0.033,-0.013,0.287,0.476,0.507,0.215,0.123,0.39,0.261,0.619,0.349,0.276,0.366,0.679,-0.412,0.622,-0.196,0.665,0.403,0.458,0.586,0.02,0.693,0.659,0.296,0.144,0.287,0.478,0.362,0.133,-0.249,0.184,0.647,-0.272,0.044,-0.261,-0.129,0.725,0.66,-0.146,0.493,0.323,-0.055,0.706,0.231,0.583,-0.305,0.444,0.366,0.396,-0.028,-0.073,0.282,0.136,-0.011,0.352,0.479,0.328,0.071,-0.447,0.422,0.097,-0.093,0.065,-0.215,0.307,0.57,0.538,0.347,0.594,0.168,0.519,0.784
