,AAPL,ACRS,ADP,AFYA,AGNC,AGYS,ALT,AMGN,AMPH,AMZN,ANIP,AOSL,APDN,APLT,APVO,ARGX,ARLP,ATEX,ATRA,AUTL,AVDL,BCRX,BHAT,BLBD,BMRN,BNGO,BUSE,CAKE,CASY,CCOI,CEVA,CHY,CLDX,CLMT,COHU,COLM,COST,CPRT,CSWC,CSX,DBX,DCOM,DKNG,DMLP,DOX,EA,EDIT,ENPH,ENSG,ERNA,ESGR,ETNB,EXTR,FANG,FARO,FATE,FGEN,FIVE,FIVN,FLGT,FOLD,FORM,FOXA,FRPT,FSLR,FTAI,GBDC,GDYN,GGAL,GNLN,GRFS,GT,HCAT,HCM,HFWA,HOLX,HQY,HUBG,IAC,ICLR,IDCC,IEP,IHRT,ILMN,ILPT,IMAB,IMOS,INMD,INTZ,JAZZ,JKHY,JRVR,KIDS,LBRDK,LGND,LMAT,LPLA,LULU,MASI,MAT,MATW,MBIN,MBIO,MCRB,MDB,MDLZ,MELI,MIRM,MLKN,MNMD,MNRO,MPWR,MRCY,MRSN,MTVA,NAAS,NDAQ,NDSN,NEGG,NOVT,NVDA,NWE,NWSA,NXST,OCX,ODFL,OMAB,OPCH,OPRA,ORGO,OTRK,OZK,PAGP,PCH,PEGA,PENG,PENN,PFBC,PGNY,PHAT,PHUN,PINC,PLUG,PLXS,PYPL,QLYS,QNCX,QQQX,QVCGA,RAPT,RBBN,RCKT,REPL,RMBS,ROAD,ROKU,ROP,RUSHA,SANM,SATS,SBCF,SBLK,SBUX,SCHL,SCSC,SDGR,SEIC,SFIX,SGRY,SKYW,SLP,SNES,STAA,STLD,STOK,SWKS,TER,TFIN,TIGO,TILE,TPIC,TTEC,TTEK,TTGT,UXIN,VERU,VLYPP,VNOM,VRNS,VRSN,WDAY,WERN,WINA,WKHS,WRLD,XP,XTKG,YY,ZION,ZM
AAPL,0.0,0.652,0.307,0.724,0.351,0.738,0.158,0.422,0.081,0.695,-0.276,0.819,0.466,0.881,0.827,0.539,0.223,0.276,0.338,0.363,0.232,0.174,0.831,0.699,0.505,0.867,-0.496,0.514,0.725,-0.489,0.818,0.903,0.581,-0.185,0.665,0.573,0.437,0.569,0.2,0.421,0.894,0.251,0.538,0.705,0.478,0.689,0.906,0.576,0.096,0.74,-0.133,0.611,0.626,0.879,0.601,0.764,0.433,0.676,0.886,0.588,0.112,0.781,0.514,0.572,0.176,0.482,0.496,0.483,0.384,0.75,-0.062,0.497,0.653,0.509,0.15,0.713,0.677,0.476,0.326,0.735,0.768,-0.241,0.339,0.824,0.709,0.498,0.464,0.625,0.251,0.136,0.514,-0.035,0.548,0.179,0.445,0.471,0.677,0.803,0.8,0.448,-0.339,0.332,0.809,0.382,0.779,0.351,0.874,0.398,-0.06,0.82,-0.137,0.833,0.013,0.109,0.773,0.69,0.621,0.812,0.708,0.806,0.802,-0.458,0.674,0.749,0.582,0.487,0.807,0.707,0.795,-0.12,0.665,0.141,0.418,-0.468,0.593,0.608,0.274,0.102,0.562,0.275,0.701,0.106,0.762,0.214,0.708,0.835,0.424,0.816,0.424,-0.025,0.347,0.431,0.328,0.699,-0.607,0.736,0.746,-0.044,0.502,0.181,0.097,0.386,0.563,-0.551,0.322,0.886,0.648,0.4,0.308,0.61,0.56,0.357,0.687,0.726,0.482,0.868,0.762,0.429,-0.008,0.402,0.334,0.424,0.366,0.591,0.881,0.49,0.739,0.725,0.937,0.754,0.745,0.077,0.358,0.686,0.683,0.632,0.776,0.708,0.635,0.729
ACRS,0.652,0.0,0.75,0.783,0.504,0.479,-0.105,0.781,0.567,0.587,-0.549,0.718,-0.144,0.69,0.424,0.566,0.602,0.727,-0.181,0.585,-0.185,0.103,0.769,0.47,0.583,0.652,-0.662,-0.152,0.381,-0.12,0.382,0.539,0.704,-0.392,0.358,0.187,0.739,0.337,-0.402,0.744,0.491,0.318,-0.161,0.742,0.671,0.12,0.625,0.821,0.547,0.217,-0.666,0.065,0.667,0.646,0.113,0.697,-0.009,0.336,0.359,0.349,0.546,0.632,0.061,0.204,0.649,0.615,-0.098,0.247,0.591,0.567,-0.636,-0.143,0.101,-0.213,-0.35,0.78,0.793,-0.024,-0.321,0.446,0.363,-0.709,-0.411,0.607,0.4,-0.112,-0.004,0.033,-0.184,0.626,0.784,-0.217,0.066,-0.206,0.724,-0.064,0.453,0.242,0.394,-0.26,-0.323,-0.008,0.764,0.134,0.52,-0.335,0.518,0.409,-0.608,0.428,-0.642,0.549,0.257,-0.298,0.749,0.584,0.531,0.438,0.246,0.75,0.685,-0.439,0.333,0.55,0.234,0.303,0.414,0.83,0.294,-0.181,0.1,-0.363,0.54,-0.327,-0.055,-0.082,-0.426,-0.266,0.821,-0.281,0.082,-0.122,0.777,0.519,0.517,0.848,0.708,0.785,-0.23,0.396,0.525,0.004,0.399,0.878,-0.56,0.093,0.655,0.341,0.649,0.366,-0.129,0.519,-0.041,-0.687,0.757,0.415,0.548,-0.209,0.073,0.315,0.898,0.225,0.148,0.803,0.74,0.429,0.543,0.103,0.316,-0.116,0.677,0.545,0.581,0.544,0.805,-0.062,0.724,0.691,0.643,0.372,0.298,-0.397,0.221,0.842,0.142,0.273,0.498,0.247,0.267,0.159
ADP,0.307,0.75,0.0,0.729,0.227,0.106,-0.536,0.804,0.891,0.615,-0.844,0.644,-0.526,0.412,0.084,0.666,0.405,0.766,-0.374,0.818,-0.604,-0.342,0.606,0.118,0.71,0.454,-0.286,-0.22,0.42,0.197,0.046,0.151,0.787,-0.734,0.357,0.266,0.916,0.496,-0.54,0.656,0.308,0.636,-0.497,0.458,0.705,-0.32,0.323,0.771,0.588,-0.125,-0.878,-0.189,0.678,0.208,-0.251,0.514,-0.341,0.29,0.007,0.364,0.823,0.551,-0.37,-0.194,0.657,0.67,-0.536,0.156,0.776,0.206,-0.805,-0.211,-0.382,-0.538,-0.298,0.738,0.836,-0.337,-0.6,0.371,0.188,-0.715,-0.568,0.494,0.005,-0.592,-0.033,-0.265,-0.714,0.825,0.791,-0.361,-0.446,-0.18,0.874,-0.504,0.51,-0.115,0.197,-0.537,0.038,0.184,0.623,0.113,0.399,-0.601,0.351,0.414,-0.826,0.22,-0.683,0.481,0.128,-0.597,0.675,0.133,0.618,0.295,0.056,0.608,0.647,-0.594,0.411,0.422,-0.042,0.347,0.304,0.815,0.044,-0.439,-0.358,-0.227,0.128,-0.017,-0.485,-0.399,-0.624,0.014,0.818,-0.768,-0.108,-0.204,0.537,0.761,0.513,0.639,0.885,0.713,-0.35,0.642,0.698,-0.389,0.345,0.82,-0.413,-0.282,0.619,0.71,0.8,0.612,0.217,0.253,-0.332,-0.593,0.923,0.092,0.646,-0.508,-0.205,0.399,0.865,-0.038,-0.313,0.77,0.811,-0.002,0.499,0.156,0.669,-0.238,0.643,0.72,0.82,0.603,0.561,-0.518,0.523,0.36,0.249,0.008,0.08,-0.531,0.313,0.7,0.004,0.236,0.369,-0.217,0.297,-0.206
AFYA,0.724,0.783,0.729,0.0,0.183,0.469,-0.211,0.562,0.657,0.872,-0.683,0.929,0.043,0.804,0.547,0.836,0.306,0.576,0.146,0.81,-0.276,-0.131,0.899,0.488,0.806,0.832,-0.453,0.262,0.631,-0.228,0.453,0.551,0.84,-0.685,0.675,0.486,0.764,0.682,-0.272,0.459,0.683,0.604,-0.023,0.645,0.534,0.15,0.727,0.877,0.24,0.44,-0.642,0.354,0.822,0.613,0.046,0.825,0.117,0.689,0.55,0.694,0.647,0.789,-0.154,0.088,0.579,0.787,-0.147,0.51,0.792,0.576,-0.511,0.24,0.109,-0.022,-0.187,0.859,0.94,-0.094,-0.175,0.749,0.468,-0.595,-0.179,0.748,0.315,-0.124,0.318,0.243,-0.369,0.467,0.692,-0.07,-0.035,0.207,0.874,-0.196,0.82,0.28,0.568,-0.097,-0.265,0.4,0.928,0.495,0.817,-0.255,0.722,0.646,-0.646,0.67,-0.548,0.83,-0.183,-0.378,0.898,0.471,0.684,0.577,0.518,0.814,0.896,-0.764,0.689,0.565,0.317,0.368,0.706,0.844,0.583,-0.599,0.143,0.027,0.196,-0.343,0.01,0.063,-0.214,0.1,0.75,-0.367,0.388,-0.337,0.839,0.581,0.806,0.859,0.828,0.925,0.089,0.528,0.647,0.122,0.551,0.879,-0.595,0.276,0.718,0.343,0.776,0.568,0.308,0.433,0.031,-0.8,0.677,0.554,0.776,-0.065,-0.008,0.686,0.84,0.289,0.111,0.857,0.806,0.452,0.768,0.395,0.579,-0.115,0.684,0.739,0.691,0.811,0.902,0.016,0.786,0.572,0.722,0.256,0.4,-0.506,0.462,0.741,0.335,0.638,0.719,0.248,0.641,0.336
AGNC,0.351,0.504,0.227,0.183,0.0,0.522,0.385,0.389,-0.037,-0.001,0.081,0.154,0.019,0.232,0.129,-0.049,0.56,0.45,-0.198,0.047,0.214,0.602,0.264,0.604,0.147,0.222,-0.36,-0.261,-0.017,0.134,0.363,0.392,0.186,0.163,0.055,-0.038,0.187,-0.147,-0.044,0.331,0.179,-0.097,-0.037,0.297,0.283,0.193,0.311,0.4,0.648,0.063,-0.145,-0.068,0.231,0.304,0.444,0.374,0.114,0.125,0.144,-0.013,0.166,0.293,0.42,0.553,0.297,0.278,0.19,0.163,0.173,0.335,-0.197,-0.185,0.31,-0.087,-0.237,0.183,0.174,0.145,0.049,0.067,0.3,-0.185,-0.187,0.279,0.45,0.176,0.016,0.161,0.293,0.387,0.161,-0.177,0.356,-0.387,0.233,0.256,-0.107,0.252,0.081,0.03,-0.219,-0.127,0.247,-0.053,0.093,-0.118,0.072,-0.014,-0.064,0.123,-0.251,0.08,0.457,0.286,0.193,0.628,0.07,0.2,0.088,0.338,0.153,0.123,-0.042,0.461,0.301,0.121,-0.053,0.32,-0.056,0.451,0.112,-0.329,0.671,-0.126,0.156,0.159,-0.142,-0.354,0.454,0.16,-0.066,0.164,0.501,0.153,0.006,0.437,0.146,0.241,-0.095,0.067,0.022,0.241,0.222,0.411,-0.109,0.075,0.163,-0.128,0.191,0.106,-0.433,0.612,0.2,-0.265,0.258,0.206,0.045,-0.105,0.6,0.033,0.382,0.426,0.241,0.237,0.245,0.44,0.106,0.012,-0.032,0.195,0.423,0.133,0.036,0.108,0.254,0.269,0.306,0.399,0.368,0.337,0.248,0.014,-0.03,0.561,0.012,0.095,0.132,0.324,-0.088,0.063
AGYS,0.738,0.479,0.106,0.469,0.522,0.0,0.59,0.181,-0.145,0.499,-0.033,0.568,0.45,0.603,0.575,0.375,0.182,0.213,0.446,0.218,0.464,0.426,0.577,0.853,0.451,0.729,-0.306,0.432,0.448,-0.051,0.839,0.83,0.446,0.11,0.623,0.496,0.258,0.395,0.271,0.273,0.689,0.122,0.567,0.398,0.345,0.777,0.811,0.513,0.296,0.706,-0.056,0.616,0.581,0.687,0.764,0.792,0.654,0.699,0.755,0.55,0.175,0.714,0.487,0.767,0.227,0.486,0.528,0.686,0.253,0.518,0.178,0.447,0.79,0.518,0.064,0.503,0.391,0.619,0.511,0.685,0.737,0.085,0.308,0.714,0.735,0.59,0.559,0.757,0.39,-0.001,0.236,0.096,0.689,0.275,0.361,0.571,0.45,0.747,0.735,0.544,-0.162,0.298,0.594,0.542,0.678,0.359,0.673,0.439,0.178,0.763,0.018,0.613,0.02,0.45,0.45,0.703,0.479,0.655,0.722,0.708,0.567,-0.287,0.516,0.701,0.773,0.5,0.549,0.49,0.607,0.152,0.594,0.193,0.408,-0.074,0.683,0.594,0.408,-0.041,0.497,0.39,0.609,0.258,0.717,0.288,0.563,0.691,0.275,0.53,0.472,0.046,0.362,0.72,0.541,0.516,-0.206,0.706,0.528,-0.147,0.386,0.217,0.027,0.599,0.672,-0.444,0.147,0.795,0.425,0.535,0.573,0.474,0.426,0.627,0.761,0.458,0.418,0.856,0.627,0.426,0.002,0.458,0.445,0.404,0.304,0.568,0.6,0.663,0.62,0.642,0.801,0.729,0.697,0.185,0.368,0.633,0.546,0.658,0.714,0.821,0.483,0.7
ALT,0.158,-0.105,-0.536,-0.211,0.385,0.59,0.0,-0.388,-0.67,-0.193,0.653,-0.158,0.558,0.102,0.237,-0.269,0.003,-0.265,0.483,-0.354,0.764,0.769,-0.096,0.499,-0.202,0.111,-0.127,0.214,-0.234,0.108,0.459,0.367,-0.265,0.608,0.049,-0.068,-0.435,-0.248,0.378,-0.221,0.078,-0.464,0.544,-0.033,-0.276,0.601,0.258,-0.091,-0.029,0.482,0.464,0.425,-0.054,0.272,0.639,0.214,0.723,0.171,0.359,0.046,-0.322,0.042,0.436,0.647,-0.129,-0.061,0.567,0.382,-0.323,0.193,0.594,0.232,0.734,0.525,-0.021,-0.219,-0.349,0.498,0.659,0.066,0.244,0.462,0.385,0.053,0.431,0.712,0.291,0.599,0.75,-0.479,-0.411,0.355,0.768,0.226,-0.32,0.651,-0.205,0.407,0.205,0.531,-0.192,-0.059,-0.04,0.31,0.111,0.427,0.043,0.078,0.592,0.239,0.367,-0.063,-0.025,0.742,-0.226,0.418,-0.209,0.062,0.32,0.013,-0.17,0.261,-0.083,0.077,0.589,-0.068,-0.02,-0.271,0.222,0.449,0.517,0.07,0.305,0.023,0.66,0.507,0.519,-0.306,-0.179,0.73,0.271,0.252,0.205,-0.301,-0.072,-0.011,-0.394,-0.202,0.36,-0.248,-0.263,0.795,0.277,-0.216,0.188,0.524,-0.177,-0.641,-0.335,-0.279,-0.321,0.416,0.493,0.057,-0.523,0.327,-0.338,0.542,0.595,-0.092,-0.235,0.528,0.613,-0.284,-0.197,0.487,-0.03,0.011,-0.381,0.244,0.019,-0.232,-0.382,-0.049,-0.045,0.803,0.039,0.187,0.313,0.399,0.254,0.32,-0.069,0.014,0.126,0.141,0.113,0.599,-0.099,0.484
AMGN,0.422,0.781,0.804,0.562,0.389,0.181,-0.388,0.0,0.674,0.458,-0.671,0.55,-0.473,0.398,0.118,0.417,0.458,0.731,-0.446,0.57,-0.406,-0.176,0.593,0.223,0.503,0.441,-0.378,-0.284,0.416,0.002,0.101,0.336,0.65,-0.459,0.213,0.26,0.803,0.349,-0.314,0.872,0.364,0.398,-0.327,0.57,0.844,-0.121,0.366,0.599,0.7,-0.121,-0.699,-0.246,0.589,0.379,0.01,0.411,-0.304,0.107,0.111,0.204,0.525,0.475,0.057,0.034,0.496,0.488,-0.178,0.052,0.511,0.2,-0.742,-0.248,-0.172,-0.417,-0.184,0.752,0.667,-0.059,-0.549,0.263,0.342,-0.725,-0.434,0.558,0.274,-0.379,-0.079,-0.185,-0.395,0.805,0.802,-0.441,-0.218,-0.371,0.624,-0.162,0.346,0.092,0.303,-0.341,0.049,-0.013,0.498,-0.178,0.257,-0.368,0.4,0.195,-0.571,0.19,-0.558,0.375,0.419,-0.493,0.612,0.362,0.614,0.459,0.049,0.649,0.56,-0.372,0.267,0.498,-0.041,0.416,0.262,0.718,0.04,-0.107,-0.117,-0.302,0.303,-0.049,-0.271,-0.256,-0.564,-0.14,0.803,-0.471,-0.079,0.134,0.445,0.631,0.404,0.651,0.724,0.688,-0.323,0.24,0.527,-0.43,0.099,0.795,-0.505,-0.139,0.702,0.632,0.729,0.295,-0.039,0.237,-0.209,-0.582,0.885,0.186,0.605,-0.444,-0.149,0.24,0.806,-0.091,-0.056,0.789,0.706,0.172,0.431,-0.025,0.26,0.031,0.503,0.595,0.673,0.42,0.56,-0.417,0.505,0.512,0.319,0.297,0.265,-0.219,0.212,0.761,0.13,0.065,0.35,-0.032,0.178,-0.072
AMPH,0.081,0.567,0.891,0.657,-0.037,-0.145,-0.67,0.674,0.0,0.565,-0.86,0.542,-0.615,0.244,-0.1,0.657,0.269,0.669,-0.377,0.831,-0.731,-0.505,0.506,-0.061,0.645,0.32,-0.147,-0.246,0.274,0.123,-0.217,-0.059,0.704,-0.835,0.267,0.201,0.832,0.461,-0.57,0.472,0.142,0.683,-0.626,0.318,0.53,-0.516,0.138,0.658,0.411,-0.224,-0.862,-0.274,0.586,0.022,-0.489,0.355,-0.453,0.198,-0.141,0.336,0.828,0.374,-0.596,-0.427,0.581,0.606,-0.699,0.076,0.748,0.027,-0.811,-0.238,-0.587,-0.631,-0.296,0.631,0.729,-0.536,-0.707,0.286,-0.012,-0.724,-0.628,0.328,-0.223,-0.76,-0.088,-0.4,-0.845,0.748,0.686,-0.333,-0.652,-0.078,0.822,-0.733,0.494,-0.357,0.056,-0.643,0.091,0.209,0.481,0.099,0.314,-0.71,0.214,0.381,-0.897,0.085,-0.675,0.364,-0.049,-0.733,0.578,-0.033,0.513,0.141,-0.043,0.425,0.53,-0.635,0.332,0.196,-0.209,0.201,0.22,0.615,-0.036,-0.624,-0.489,-0.15,-0.089,0.036,-0.656,-0.574,-0.693,0.09,0.665,-0.893,-0.199,-0.413,0.358,0.742,0.449,0.455,0.853,0.595,-0.404,0.691,0.656,-0.514,0.284,0.668,-0.371,-0.434,0.456,0.75,0.749,0.627,0.341,0.132,-0.542,-0.585,0.856,-0.093,0.578,-0.614,-0.395,0.348,0.736,-0.164,-0.528,0.654,0.751,-0.26,0.372,0.098,0.76,-0.392,0.588,0.702,0.767,0.544,0.429,-0.669,0.402,0.149,0.067,-0.252,-0.092,-0.652,0.328,0.502,-0.144,0.165,0.256,-0.421,0.274,-0.33
AMZN,0.695,0.587,0.615,0.872,-0.001,0.499,-0.193,0.458,0.565,0.0,-0.718,0.939,0.07,0.694,0.475,0.909,0.057,0.423,0.285,0.817,-0.214,-0.35,0.873,0.441,0.857,0.908,-0.196,0.539,0.785,-0.147,0.531,0.659,0.896,-0.687,0.873,0.77,0.781,0.915,0.055,0.358,0.825,0.718,0.229,0.515,0.574,0.316,0.781,0.734,0.119,0.579,-0.528,0.526,0.9,0.577,0.206,0.833,0.284,0.836,0.675,0.861,0.642,0.869,-0.081,0.187,0.333,0.77,0.009,0.602,0.755,0.416,-0.267,0.528,0.214,0.205,0.099,0.874,0.867,0.154,0.054,0.907,0.669,-0.372,0.095,0.855,0.36,-0.003,0.553,0.462,-0.342,0.33,0.646,-0.151,0.058,0.445,0.802,-0.053,0.955,0.448,0.773,0.155,0.023,0.59,0.834,0.621,0.917,-0.016,0.867,0.611,-0.415,0.821,-0.297,0.929,-0.281,-0.242,0.882,0.388,0.875,0.75,0.723,0.825,0.947,-0.905,0.878,0.647,0.513,0.641,0.87,0.765,0.712,-0.621,0.279,0.38,-0.049,-0.054,0.167,0.238,0.086,0.364,0.715,-0.302,0.631,-0.13,0.699,0.694,0.948,0.804,0.821,0.905,0.344,0.452,0.758,0.185,0.587,0.803,-0.527,0.437,0.83,0.384,0.85,0.618,0.593,0.306,0.258,-0.743,0.593,0.685,0.896,0.191,-0.012,0.819,0.694,0.248,0.28,0.862,0.831,0.478,0.907,0.538,0.539,0.172,0.558,0.845,0.794,0.913,0.816,0.098,0.788,0.545,0.716,0.437,0.607,-0.234,0.693,0.687,0.543,0.804,0.875,0.324,0.81,0.483
ANIP,-0.276,-0.549,-0.844,-0.683,0.081,-0.033,0.653,-0.671,-0.86,-0.718,0.0,-0.677,0.472,-0.342,-0.006,-0.78,-0.05,-0.554,0.199,-0.829,0.565,0.595,-0.589,-0.032,-0.794,-0.511,0.143,-0.048,-0.563,-0.048,-0.04,-0.169,-0.801,0.817,-0.513,-0.504,-0.886,-0.701,0.342,-0.505,-0.42,-0.692,0.314,-0.303,-0.625,0.26,-0.351,-0.645,-0.392,0.044,0.825,0.028,-0.703,-0.14,0.226,-0.464,0.277,-0.383,-0.123,-0.553,-0.774,-0.548,0.38,0.216,-0.511,-0.666,0.474,-0.284,-0.67,-0.016,0.687,-0.032,0.357,0.328,0.116,-0.767,-0.793,0.247,0.469,-0.488,-0.26,0.594,0.381,-0.577,0.093,0.517,-0.109,0.139,0.763,-0.623,-0.676,0.304,0.509,-0.09,-0.791,0.479,-0.67,0.078,-0.372,0.351,-0.16,-0.315,-0.545,-0.208,-0.491,0.397,-0.503,-0.443,0.715,-0.352,0.563,-0.578,0.104,0.633,-0.667,0.003,-0.764,-0.439,-0.24,-0.628,-0.701,0.751,-0.522,-0.438,0.026,-0.49,-0.45,-0.651,-0.231,0.608,0.222,-0.052,0.224,-0.056,0.392,0.32,0.428,-0.219,-0.72,0.76,-0.116,0.193,-0.372,-0.816,-0.668,-0.533,-0.903,-0.698,0.106,-0.489,-0.827,0.413,-0.268,-0.736,0.391,0.13,-0.716,-0.778,-0.832,-0.679,-0.44,0.001,0.208,0.589,-0.853,-0.208,-0.793,0.324,0.412,-0.555,-0.726,0.206,0.266,-0.753,-0.812,0.025,-0.617,-0.251,-0.668,0.086,-0.558,-0.796,-0.853,-0.701,-0.553,0.529,-0.509,-0.226,-0.215,-0.032,-0.139,0.383,-0.557,-0.595,-0.201,-0.364,-0.517,0.114,-0.45,0.043
AOSL,0.819,0.718,0.644,0.929,0.154,0.568,-0.158,0.55,0.542,0.939,-0.677,0.0,0.144,0.833,0.612,0.872,0.146,0.462,0.265,0.788,-0.14,-0.175,0.916,0.567,0.826,0.922,-0.339,0.47,0.744,-0.266,0.613,0.718,0.869,-0.599,0.824,0.691,0.763,0.82,-0.052,0.427,0.84,0.631,0.216,0.655,0.565,0.357,0.856,0.805,0.204,0.601,-0.518,0.529,0.872,0.673,0.276,0.862,0.264,0.801,0.719,0.811,0.578,0.881,0.034,0.276,0.423,0.792,0.046,0.586,0.722,0.586,-0.334,0.465,0.289,0.204,0.072,0.888,0.921,0.131,0.048,0.874,0.663,-0.441,0.068,0.877,0.424,0.064,0.506,0.445,-0.244,0.364,0.672,-0.099,0.126,0.337,0.804,0.007,0.916,0.49,0.768,0.137,-0.167,0.538,0.932,0.573,0.906,-0.01,0.88,0.616,-0.452,0.829,-0.374,0.944,-0.218,-0.209,0.91,0.491,0.821,0.76,0.707,0.884,0.963,-0.815,0.835,0.734,0.463,0.558,0.833,0.841,0.743,-0.538,0.327,0.252,0.136,-0.293,0.201,0.264,0.017,0.263,0.755,-0.231,0.61,-0.167,0.81,0.616,0.912,0.879,0.807,0.953,0.313,0.4,0.714,0.223,0.544,0.869,-0.589,0.47,0.836,0.349,0.809,0.589,0.445,0.385,0.251,-0.745,0.619,0.733,0.865,0.148,0.062,0.813,0.777,0.239,0.315,0.88,0.805,0.59,0.898,0.574,0.491,0.157,0.605,0.787,0.704,0.871,0.922,0.138,0.828,0.59,0.809,0.472,0.584,-0.269,0.584,0.759,0.563,0.751,0.854,0.409,0.786,0.521
APDN,0.466,-0.144,-0.526,0.043,0.019,0.45,0.558,-0.473,-0.615,0.07,0.472,0.144,0.0,0.416,0.66,-0.03,-0.275,-0.548,0.771,-0.293,0.693,0.448,0.132,0.438,-0.099,0.302,-0.087,0.677,0.212,-0.423,0.638,0.451,-0.189,0.412,0.312,0.212,-0.435,0.08,0.528,-0.407,0.402,-0.223,0.781,0.152,-0.394,0.75,0.44,-0.112,-0.495,0.735,0.615,0.765,-0.034,0.421,0.553,0.236,0.693,0.396,0.659,0.293,-0.473,0.182,0.492,0.453,-0.233,-0.023,0.682,0.344,-0.258,0.523,0.661,0.637,0.771,0.83,0.298,-0.1,-0.075,0.428,0.807,0.35,0.331,0.433,0.745,0.169,0.452,0.821,0.493,0.712,0.669,-0.701,-0.368,0.504,0.72,0.514,-0.282,0.636,0.187,0.612,0.401,0.728,-0.369,0.277,0.238,0.438,0.374,0.698,0.34,0.206,0.536,0.503,0.456,0.322,-0.403,0.508,0.081,0.284,-0.073,0.3,0.529,0.076,0.135,0.072,0.276,0.18,0.537,-0.075,0.413,-0.103,0.621,0.009,0.742,0.369,0.089,-0.432,0.795,0.778,0.752,0.173,-0.325,0.754,0.649,0.059,0.21,-0.46,0.193,0.052,-0.368,0.033,0.678,-0.371,-0.264,0.79,0.128,-0.171,-0.004,0.797,-0.021,-0.667,-0.302,-0.204,0.014,0.126,0.659,0.061,-0.604,0.543,-0.046,0.705,0.382,0.275,-0.291,0.292,0.666,-0.153,-0.272,0.641,0.238,0.339,-0.311,0.277,-0.172,-0.237,-0.398,0.055,0.203,0.831,0.121,0.176,0.496,0.399,0.377,0.259,-0.003,-0.177,0.515,0.415,0.311,0.632,0.343,0.747
APLT,0.881,0.69,0.412,0.804,0.232,0.603,0.102,0.398,0.244,0.694,-0.342,0.833,0.416,0.0,0.882,0.611,0.222,0.282,0.335,0.508,0.154,0.164,0.815,0.592,0.533,0.829,-0.584,0.414,0.611,-0.402,0.709,0.74,0.614,-0.295,0.625,0.435,0.48,0.531,-0.029,0.34,0.756,0.287,0.345,0.794,0.372,0.477,0.852,0.681,0.066,0.704,-0.265,0.587,0.661,0.798,0.398,0.788,0.37,0.636,0.766,0.626,0.256,0.753,0.225,0.39,0.347,0.585,0.223,0.482,0.497,0.837,-0.186,0.381,0.494,0.35,-0.069,0.697,0.77,0.182,0.195,0.678,0.573,-0.346,0.169,0.728,0.528,0.319,0.395,0.49,0.096,0.128,0.502,0.067,0.389,0.218,0.557,0.246,0.689,0.574,0.692,0.189,-0.464,0.311,0.909,0.491,0.8,0.124,0.778,0.501,-0.283,0.76,-0.309,0.815,-0.167,-0.038,0.796,0.527,0.546,0.633,0.594,0.76,0.808,-0.543,0.665,0.639,0.516,0.277,0.742,0.719,0.729,-0.335,0.52,0.023,0.356,-0.597,0.376,0.388,0.094,0.013,0.56,0.082,0.556,-0.124,0.804,0.251,0.706,0.775,0.513,0.818,0.264,0.165,0.391,0.396,0.369,0.707,-0.572,0.588,0.656,0.008,0.492,0.274,0.103,0.388,0.31,-0.59,0.335,0.745,0.568,0.233,0.171,0.607,0.648,0.278,0.483,0.709,0.549,0.701,0.75,0.405,0.197,0.102,0.456,0.443,0.37,0.639,0.872,0.348,0.735,0.644,0.858,0.534,0.531,-0.215,0.292,0.648,0.523,0.595,0.7,0.513,0.578,0.609
APVO,0.827,0.424,0.084,0.547,0.129,0.575,0.237,0.118,-0.1,0.475,-0.006,0.612,0.66,0.882,0.0,0.335,0.133,0.002,0.448,0.156,0.342,0.231,0.604,0.505,0.217,0.651,-0.468,0.515,0.546,-0.494,0.734,0.706,0.341,0.01,0.5,0.34,0.14,0.37,0.173,0.155,0.669,0.093,0.558,0.687,0.186,0.641,0.736,0.373,-0.198,0.758,0.092,0.646,0.376,0.761,0.485,0.586,0.46,0.524,0.778,0.435,-0.092,0.599,0.421,0.448,0.038,0.269,0.479,0.328,0.259,0.859,0.132,0.48,0.646,0.556,0.123,0.422,0.498,0.359,0.406,0.548,0.533,-0.086,0.436,0.533,0.602,0.546,0.413,0.573,0.366,-0.15,0.305,0.153,0.586,0.219,0.242,0.483,0.511,0.707,0.611,0.408,-0.459,0.27,0.72,0.407,0.643,0.389,0.661,0.306,0.054,0.668,-0.025,0.669,-0.132,0.181,0.581,0.45,0.319,0.536,0.528,0.524,0.604,-0.281,0.565,0.515,0.53,0.19,0.675,0.514,0.704,-0.135,0.643,0.104,0.365,-0.621,0.579,0.597,0.369,0.084,0.253,0.387,0.614,0.023,0.595,-0.088,0.492,0.573,0.144,0.586,0.381,-0.063,0.089,0.529,0.197,0.416,-0.426,0.702,0.442,-0.27,0.185,-0.016,0.046,0.269,0.483,-0.309,-0.007,0.721,0.34,0.445,0.282,0.432,0.324,0.277,0.647,0.457,0.195,0.746,0.578,0.393,-0.103,0.236,0.119,0.108,0.091,0.358,0.662,0.547,0.519,0.573,0.775,0.576,0.566,0.029,0.104,0.368,0.557,0.512,0.553,0.564,0.498,0.663
ARGX,0.539,0.566,0.666,0.836,-0.049,0.375,-0.269,0.417,0.657,0.909,-0.78,0.872,-0.03,0.611,0.335,0.0,0.002,0.426,0.185,0.872,-0.249,-0.328,0.781,0.34,0.904,0.795,-0.236,0.415,0.631,-0.069,0.388,0.468,0.871,-0.758,0.781,0.634,0.793,0.834,-0.139,0.264,0.694,0.662,0.064,0.394,0.452,0.119,0.682,0.778,0.149,0.466,-0.616,0.41,0.817,0.407,0.034,0.759,0.136,0.751,0.511,0.837,0.733,0.744,-0.289,0.097,0.465,0.79,-0.229,0.542,0.721,0.304,-0.319,0.373,0.026,0.072,-0.063,0.789,0.854,-0.037,-0.029,0.796,0.44,-0.405,-0.063,0.742,0.096,-0.126,0.411,0.296,-0.486,0.345,0.569,-0.183,-0.094,0.454,0.818,-0.244,0.874,0.226,0.623,-0.033,-0.064,0.497,0.775,0.591,0.852,-0.189,0.74,0.661,-0.565,0.701,-0.435,0.832,-0.347,-0.264,0.782,0.216,0.788,0.584,0.622,0.703,0.855,-0.923,0.758,0.587,0.371,0.496,0.718,0.689,0.607,-0.706,0.11,0.267,-0.129,-0.07,-0.003,0.037,-0.053,0.28,0.691,-0.458,0.479,-0.318,0.682,0.706,0.883,0.692,0.866,0.812,0.212,0.58,0.784,0.093,0.62,0.736,-0.524,0.273,0.726,0.462,0.796,0.765,0.529,0.219,0.074,-0.708,0.621,0.576,0.804,0.028,-0.058,0.758,0.71,0.129,0.065,0.768,0.839,0.273,0.802,0.508,0.687,0.003,0.652,0.844,0.786,0.911,0.762,-0.053,0.725,0.349,0.594,0.223,0.413,-0.364,0.702,0.636,0.376,0.718,0.788,0.203,0.684,0.341
ARLP,0.223,0.602,0.405,0.306,0.56,0.182,0.003,0.458,0.269,0.057,-0.05,0.146,-0.275,0.222,0.133,0.002,0.0,0.744,-0.536,0.125,-0.235,0.203,0.296,0.201,0.016,0.098,-0.537,-0.543,-0.067,-0.01,-0.04,0.157,0.273,-0.089,-0.194,-0.306,0.287,-0.199,-0.45,0.541,-0.023,-0.054,-0.388,0.503,0.411,-0.168,0.09,0.454,0.431,-0.147,-0.424,-0.423,0.116,0.365,-0.093,0.26,-0.255,-0.113,-0.111,-0.265,0.275,0.167,0.024,0.131,0.274,0.043,-0.078,-0.282,0.42,0.325,-0.525,-0.502,-0.097,-0.445,-0.511,0.212,0.279,-0.147,-0.442,-0.096,0.001,-0.523,-0.523,0.053,0.286,-0.213,-0.334,-0.25,0.011,0.625,0.546,-0.419,0.043,-0.632,0.349,-0.126,-0.135,-0.028,-0.174,-0.404,-0.289,-0.398,0.245,-0.298,-0.009,-0.516,-0.072,-0.118,-0.437,-0.143,-0.525,-0.034,0.65,-0.082,0.252,0.467,-0.059,-0.074,-0.282,0.175,0.12,0.045,-0.168,0.098,-0.034,0.033,-0.124,0.441,-0.281,0.244,-0.207,-0.645,0.747,-0.163,-0.243,-0.22,-0.473,-0.523,0.508,-0.157,-0.379,-0.057,0.434,0.109,-0.143,0.503,0.222,0.309,-0.573,0.384,-0.069,-0.117,0.138,0.459,-0.303,-0.289,0.055,-0.017,0.197,-0.054,-0.452,0.525,-0.238,-0.291,0.438,-0.041,-0.023,-0.358,0.346,-0.265,0.512,0.336,-0.046,0.381,0.236,0.094,-0.082,-0.284,-0.011,-0.146,0.337,0.014,0.168,-0.041,0.257,-0.107,0.303,0.544,0.258,0.057,0.093,-0.333,-0.226,0.524,-0.388,-0.115,-0.069,-0.115,-0.271,-0.335
ATEX,0.276,0.727,0.766,0.576,0.45,0.213,-0.265,0.731,0.669,0.423,-0.554,0.462,-0.548,0.282,0.002,0.426,0.744,0.0,-0.537,0.594,-0.453,-0.136,0.496,0.264,0.47,0.346,-0.366,-0.396,0.197,0.122,-0.017,0.211,0.656,-0.502,0.158,0.085,0.717,0.242,-0.534,0.686,0.177,0.379,-0.48,0.399,0.669,-0.278,0.235,0.689,0.619,-0.152,-0.778,-0.368,0.506,0.254,-0.141,0.452,-0.307,0.165,-0.044,0.104,0.685,0.456,-0.186,0.035,0.478,0.446,-0.335,0.018,0.71,0.13,-0.757,-0.342,-0.248,-0.538,-0.4,0.552,0.588,-0.196,-0.577,0.205,0.2,-0.647,-0.609,0.364,0.127,-0.456,-0.104,-0.223,-0.409,0.887,0.75,-0.54,-0.243,-0.419,0.717,-0.363,0.253,-0.072,0.057,-0.452,-0.015,-0.088,0.436,-0.065,0.243,-0.622,0.208,0.155,-0.667,0.075,-0.637,0.259,0.455,-0.334,0.483,0.401,0.381,0.204,-0.067,0.48,0.433,-0.383,0.174,0.338,-0.044,0.366,0.086,0.677,-0.121,-0.063,-0.352,-0.381,0.419,0.058,-0.407,-0.336,-0.578,-0.239,0.807,-0.538,-0.235,-0.102,0.54,0.595,0.251,0.687,0.678,0.594,-0.464,0.62,0.448,-0.28,0.364,0.754,-0.397,-0.305,0.419,0.48,0.639,0.361,-0.052,0.524,-0.285,-0.537,0.816,0.073,0.404,-0.445,0.136,0.133,0.779,0.188,-0.196,0.667,0.644,0.053,0.249,0.009,0.412,-0.089,0.577,0.527,0.623,0.372,0.458,-0.335,0.484,0.436,0.296,0.055,0.169,-0.382,0.148,0.754,-0.19,0.118,0.221,-0.127,0.051,-0.306
ATRA,0.338,-0.181,-0.374,0.146,-0.198,0.446,0.483,-0.446,-0.377,0.285,0.199,0.265,0.771,0.335,0.448,0.185,-0.536,-0.537,0.0,-0.002,0.537,0.165,0.165,0.406,0.159,0.397,0.2,0.798,0.246,-0.177,0.621,0.385,-0.028,0.19,0.544,0.431,-0.239,0.332,0.5,-0.384,0.409,0.112,0.7,-0.014,-0.311,0.665,0.447,-0.033,-0.425,0.712,0.436,0.862,0.235,0.278,0.445,0.344,0.813,0.589,0.637,0.563,-0.188,0.303,0.208,0.248,-0.076,0.244,0.457,0.668,-0.135,0.287,0.579,0.782,0.649,0.75,0.384,0.067,0.027,0.357,0.723,0.539,0.386,0.466,0.679,0.273,0.328,0.622,0.689,0.729,0.36,-0.674,-0.345,0.745,0.483,0.816,-0.072,0.417,0.44,0.484,0.526,0.672,-0.077,0.564,0.262,0.762,0.503,0.63,0.426,0.492,0.439,0.63,0.478,0.446,-0.71,0.311,0.147,0.163,0.169,0.365,0.673,0.25,0.262,-0.15,0.468,0.144,0.57,0.063,0.518,-0.089,0.696,-0.274,0.598,0.652,-0.258,-0.127,0.665,0.641,0.702,0.404,-0.257,0.478,0.723,-0.039,0.186,-0.102,0.449,0.026,-0.123,0.085,0.815,-0.215,0.12,0.772,0.29,-0.1,0.175,0.756,0.126,-0.319,-0.059,0.043,0.4,0.139,0.592,-0.059,-0.463,0.492,0.174,0.688,0.091,0.511,-0.213,0.235,0.527,-0.089,-0.034,0.553,0.432,0.496,0.023,0.149,-0.023,0.087,-0.113,0.332,0.209,0.683,0.177,0.041,0.396,0.311,0.264,0.145,0.238,-0.159,0.617,0.552,0.466,0.583,0.59,0.798
AUTL,0.363,0.585,0.818,0.81,0.047,0.218,-0.354,0.57,0.831,0.817,-0.829,0.788,-0.293,0.508,0.156,0.872,0.125,0.594,-0.002,0.0,-0.435,-0.362,0.704,0.275,0.873,0.664,-0.144,0.163,0.477,0.134,0.197,0.299,0.865,-0.831,0.658,0.521,0.871,0.738,-0.301,0.362,0.487,0.771,-0.243,0.407,0.524,-0.157,0.502,0.796,0.362,0.218,-0.754,0.163,0.856,0.248,-0.114,0.689,-0.032,0.618,0.267,0.723,0.88,0.688,-0.431,-0.084,0.562,0.86,-0.46,0.479,0.84,0.204,-0.553,0.169,-0.195,-0.239,-0.164,0.776,0.849,-0.263,-0.296,0.652,0.343,-0.543,-0.292,0.646,0.023,-0.406,0.328,0.077,-0.649,0.57,0.626,-0.213,-0.313,0.269,0.908,-0.461,0.776,-0.014,0.435,-0.287,0.077,0.478,0.715,0.502,0.692,-0.447,0.55,0.617,-0.712,0.505,-0.528,0.689,-0.273,-0.468,0.75,0.184,0.748,0.461,0.406,0.673,0.779,-0.868,0.675,0.492,0.232,0.403,0.527,0.693,0.352,-0.703,-0.146,0.149,-0.1,0.032,-0.293,-0.201,-0.337,0.234,0.758,-0.671,0.224,-0.341,0.626,0.831,0.773,0.635,0.941,0.788,-0.001,0.701,0.801,-0.103,0.564,0.779,-0.411,-0.006,0.661,0.637,0.874,0.769,0.522,0.335,-0.194,-0.727,0.758,0.305,0.756,-0.258,-0.154,0.703,0.776,0.062,-0.178,0.766,0.902,0.096,0.7,0.408,0.814,-0.15,0.719,0.905,0.836,0.861,0.63,-0.265,0.663,0.278,0.406,0.055,0.235,-0.52,0.586,0.66,0.197,0.56,0.623,-0.06,0.573,0.088
AVDL,0.232,-0.185,-0.604,-0.276,0.214,0.464,0.764,-0.406,-0.731,-0.214,0.565,-0.14,0.693,0.154,0.342,-0.249,-0.235,-0.453,0.537,-0.435,0.0,0.614,-0.165,0.446,-0.226,0.081,-0.102,0.38,-0.06,-0.101,0.528,0.353,-0.326,0.677,0.111,0.061,-0.485,-0.16,0.443,-0.313,0.161,-0.479,0.679,-0.072,-0.361,0.665,0.276,-0.213,-0.157,0.515,0.575,0.509,-0.15,0.242,0.666,0.092,0.65,0.144,0.424,0.076,-0.477,0.052,0.572,0.629,-0.227,-0.129,0.657,0.286,-0.474,0.247,0.664,0.367,0.758,0.7,0.155,-0.264,-0.332,0.517,0.756,0.072,0.247,0.59,0.581,0.036,0.338,0.829,0.333,0.601,0.77,-0.614,-0.473,0.389,0.741,0.228,-0.452,0.74,-0.148,0.503,0.264,0.644,-0.214,-0.041,-0.076,0.249,0.101,0.663,0.139,0.03,0.677,0.29,0.495,0.024,-0.139,0.719,-0.224,0.231,-0.164,0.161,0.326,-0.023,-0.136,0.291,-0.012,0.198,0.468,-0.036,0.08,-0.307,0.318,0.4,0.632,0.172,0.175,-0.175,0.706,0.618,0.657,-0.12,-0.286,0.764,0.405,0.274,0.082,-0.4,-0.043,-0.103,-0.459,-0.206,0.499,-0.451,-0.235,0.719,0.067,-0.263,0.231,0.631,-0.1,-0.593,-0.404,-0.292,-0.267,0.203,0.622,0.262,-0.602,0.414,-0.301,0.612,0.494,0.001,-0.332,0.147,0.632,-0.307,-0.325,0.516,0.041,0.189,-0.438,0.395,-0.171,-0.329,-0.439,-0.114,-0.043,0.744,-0.018,0.056,0.283,0.422,0.255,0.49,-0.119,-0.111,0.352,0.143,0.166,0.664,-0.004,0.577
BCRX,0.174,0.103,-0.342,-0.131,0.602,0.426,0.769,-0.176,-0.505,-0.35,0.595,-0.175,0.448,0.164,0.231,-0.328,0.203,-0.136,0.165,-0.362,0.614,0.0,-0.069,0.5,-0.247,-0.012,-0.408,-0.131,-0.366,-0.051,0.286,0.206,-0.328,0.535,-0.212,-0.38,-0.373,-0.505,0.053,-0.139,-0.043,-0.598,0.219,0.095,-0.317,0.356,0.176,0.029,0.15,0.238,0.346,0.15,-0.184,0.231,0.455,0.117,0.341,-0.063,0.166,-0.176,-0.331,-0.124,0.387,0.521,0.118,-0.075,0.33,0.13,-0.331,0.331,0.283,-0.143,0.502,0.231,-0.306,-0.244,-0.251,0.17,0.381,-0.159,-0.032,0.153,0.062,-0.06,0.276,0.519,-0.081,0.253,0.641,-0.27,-0.368,0.255,0.585,-0.114,-0.263,0.433,-0.377,0.176,-0.059,0.202,-0.531,-0.302,0.032,0.025,-0.064,0.146,-0.133,0.035,0.276,0.017,0.036,-0.189,0.13,0.55,-0.205,0.447,-0.386,-0.117,0.072,-0.052,-0.231,0.4,-0.312,0.06,0.272,-0.381,-0.218,-0.175,0.028,0.473,0.348,-0.331,0.534,-0.324,0.423,0.264,0.12,-0.545,-0.123,0.594,-0.028,-0.001,0.293,-0.398,-0.246,0.017,-0.354,-0.19,0.035,-0.226,-0.409,0.546,0.111,-0.134,0.015,0.268,-0.272,-0.614,-0.393,-0.245,-0.635,0.363,0.192,0.018,-0.352,0.15,-0.419,0.159,0.535,-0.241,-0.089,0.421,0.348,-0.272,-0.211,0.359,-0.216,-0.167,-0.353,-0.004,0.12,-0.321,-0.499,-0.172,0.033,0.569,0.031,0.128,0.265,0.19,0.024,0.047,-0.287,0.063,-0.102,-0.11,-0.086,0.428,-0.308,0.261
BHAT,0.831,0.769,0.606,0.899,0.264,0.577,-0.096,0.593,0.506,0.873,-0.589,0.916,0.132,0.815,0.604,0.781,0.296,0.496,0.165,0.704,-0.165,-0.069,0.0,0.578,0.739,0.915,-0.458,0.341,0.688,-0.33,0.568,0.757,0.82,-0.576,0.712,0.574,0.732,0.695,0.004,0.51,0.825,0.543,0.187,0.731,0.636,0.356,0.829,0.792,0.24,0.566,-0.471,0.425,0.844,0.754,0.298,0.856,0.215,0.704,0.706,0.709,0.508,0.819,0.124,0.295,0.402,0.724,0.092,0.494,0.67,0.6,-0.355,0.338,0.294,0.166,-0.065,0.897,0.872,0.164,-0.002,0.79,0.64,-0.534,-0.005,0.853,0.535,0.089,0.384,0.404,-0.15,0.405,0.691,-0.181,0.206,0.214,0.769,0.05,0.808,0.493,0.722,0.101,-0.21,0.406,0.886,0.426,0.842,-0.064,0.817,0.525,-0.454,0.755,-0.444,0.862,-0.063,-0.227,0.92,0.623,0.761,0.74,0.643,0.86,0.922,-0.721,0.71,0.679,0.499,0.475,0.787,0.819,0.66,-0.432,0.388,0.106,0.272,-0.294,0.225,0.244,-0.057,0.117,0.766,-0.155,0.51,-0.14,0.804,0.557,0.83,0.896,0.752,0.94,0.198,0.315,0.581,0.185,0.453,0.867,-0.677,0.431,0.804,0.257,0.789,0.485,0.281,0.404,0.214,-0.823,0.633,0.695,0.818,0.087,0.082,0.676,0.783,0.34,0.361,0.9,0.79,0.585,0.819,0.357,0.358,0.122,0.614,0.737,0.667,0.803,0.914,0.164,0.839,0.672,0.833,0.523,0.613,-0.27,0.547,0.789,0.479,0.68,0.807,0.402,0.666,0.497
BLBD,0.699,0.47,0.118,0.488,0.604,0.853,0.499,0.223,-0.061,0.441,-0.032,0.567,0.438,0.592,0.505,0.34,0.201,0.264,0.406,0.275,0.446,0.5,0.578,0.0,0.43,0.66,-0.248,0.363,0.332,-0.181,0.746,0.737,0.388,0.063,0.583,0.434,0.234,0.316,0.181,0.186,0.611,0.17,0.415,0.415,0.245,0.633,0.73,0.544,0.347,0.62,-0.038,0.524,0.554,0.61,0.695,0.74,0.531,0.662,0.673,0.522,0.206,0.66,0.45,0.666,0.286,0.553,0.421,0.646,0.296,0.526,0.075,0.416,0.679,0.419,0.031,0.437,0.4,0.4,0.429,0.628,0.64,0.046,0.251,0.636,0.644,0.494,0.552,0.67,0.358,0.079,0.162,0.121,0.567,0.22,0.394,0.4,0.438,0.591,0.594,0.459,-0.224,0.346,0.594,0.527,0.62,0.232,0.564,0.448,0.058,0.675,-0.021,0.571,-0.081,0.357,0.451,0.739,0.386,0.596,0.666,0.652,0.544,-0.247,0.47,0.684,0.608,0.352,0.461,0.446,0.535,0.084,0.498,0.205,0.453,-0.199,0.537,0.535,0.283,-0.005,0.461,0.322,0.509,0.04,0.741,0.289,0.508,0.658,0.288,0.527,0.462,0.085,0.302,0.663,0.477,0.528,-0.179,0.597,0.418,-0.114,0.393,0.295,0.045,0.715,0.517,-0.458,0.165,0.671,0.4,0.359,0.574,0.537,0.411,0.529,0.576,0.415,0.396,0.794,0.552,0.489,0.123,0.362,0.508,0.425,0.203,0.531,0.58,0.59,0.6,0.486,0.755,0.543,0.58,0.041,0.287,0.581,0.477,0.625,0.64,0.698,0.501,0.623
BMRN,0.505,0.583,0.71,0.806,0.147,0.451,-0.202,0.503,0.645,0.857,-0.794,0.826,-0.099,0.533,0.217,0.904,0.016,0.47,0.159,0.873,-0.226,-0.247,0.739,0.43,0.0,0.773,-0.19,0.336,0.624,0.095,0.427,0.455,0.869,-0.69,0.784,0.677,0.82,0.799,-0.142,0.353,0.658,0.659,0.006,0.328,0.521,0.098,0.65,0.815,0.402,0.347,-0.678,0.343,0.88,0.352,0.117,0.782,0.163,0.741,0.45,0.839,0.8,0.778,-0.217,0.139,0.588,0.887,-0.229,0.664,0.706,0.207,-0.398,0.319,0.039,0.002,-0.125,0.821,0.834,-0.015,-0.071,0.786,0.512,-0.408,-0.129,0.788,0.152,-0.159,0.447,0.3,-0.499,0.442,0.515,-0.13,-0.135,0.371,0.844,-0.234,0.807,0.207,0.621,-0.026,0.064,0.485,0.747,0.568,0.791,-0.207,0.705,0.657,-0.536,0.683,-0.428,0.795,-0.279,-0.281,0.752,0.277,0.83,0.627,0.616,0.788,0.845,-0.852,0.715,0.65,0.38,0.546,0.64,0.7,0.519,-0.594,0.077,0.225,-0.097,0.031,-0.024,0.031,-0.112,0.231,0.756,-0.484,0.422,-0.201,0.688,0.811,0.872,0.7,0.908,0.786,0.231,0.523,0.866,0.086,0.618,0.798,-0.388,0.233,0.763,0.533,0.869,0.774,0.453,0.317,0.113,-0.736,0.684,0.522,0.833,-0.025,-0.039,0.786,0.744,0.166,0.049,0.762,0.893,0.332,0.816,0.467,0.721,0.036,0.756,0.913,0.823,0.934,0.708,-0.073,0.731,0.368,0.538,0.238,0.387,-0.319,0.708,0.706,0.396,0.707,0.785,0.259,0.638,0.321
BNGO,0.867,0.652,0.454,0.832,0.222,0.729,0.111,0.441,0.32,0.908,-0.511,0.922,0.302,0.829,0.651,0.795,0.098,0.346,0.397,0.664,0.081,-0.012,0.915,0.66,0.773,0.0,-0.392,0.571,0.753,-0.248,0.74,0.866,0.801,-0.453,0.852,0.722,0.644,0.788,0.187,0.377,0.925,0.48,0.437,0.632,0.53,0.561,0.942,0.722,0.157,0.759,-0.352,0.657,0.881,0.765,0.487,0.913,0.473,0.848,0.86,0.849,0.449,0.887,0.209,0.463,0.328,0.737,0.261,0.683,0.575,0.578,-0.134,0.555,0.521,0.409,0.055,0.859,0.793,0.35,0.265,0.91,0.789,-0.314,0.223,0.931,0.584,0.31,0.584,0.649,-0.021,0.186,0.547,-0.063,0.381,0.422,0.673,0.248,0.865,0.652,0.883,0.339,-0.169,0.488,0.874,0.618,0.948,0.166,0.935,0.607,-0.23,0.926,-0.243,0.931,-0.204,-0.017,0.872,0.619,0.82,0.85,0.827,0.895,0.927,-0.764,0.819,0.75,0.704,0.588,0.888,0.724,0.826,-0.411,0.549,0.296,0.153,-0.218,0.445,0.434,0.21,0.183,0.698,0.009,0.732,-0.003,0.811,0.538,0.926,0.86,0.692,0.902,0.43,0.244,0.621,0.416,0.574,0.792,-0.588,0.661,0.848,0.162,0.735,0.474,0.348,0.414,0.444,-0.759,0.462,0.863,0.811,0.345,0.184,0.775,0.671,0.378,0.552,0.831,0.771,0.718,0.911,0.485,0.308,0.285,0.567,0.742,0.638,0.874,0.894,0.379,0.869,0.67,0.905,0.666,0.736,-0.102,0.624,0.762,0.646,0.801,0.925,0.6,0.75,0.704
BUSE,-0.496,-0.662,-0.286,-0.453,-0.36,-0.306,-0.127,-0.378,-0.147,-0.196,0.143,-0.339,-0.087,-0.584,-0.468,-0.236,-0.537,-0.366,0.2,-0.144,-0.102,-0.408,-0.458,-0.248,-0.19,-0.392,0.0,0.232,-0.112,0.33,-0.205,-0.374,-0.27,0.119,0.038,0.219,-0.265,0.081,0.353,-0.423,-0.287,0.333,0.018,-0.63,-0.221,-0.114,-0.441,-0.526,-0.202,-0.235,0.35,-0.024,-0.193,-0.609,-0.098,-0.396,0.027,-0.005,-0.282,-0.05,-0.083,-0.194,-0.096,-0.284,-0.435,-0.161,-0.036,0.008,-0.144,-0.543,0.376,0.322,-0.188,0.04,0.624,-0.381,-0.405,0.028,0.136,-0.065,-0.038,0.555,0.332,-0.306,-0.221,-0.142,0.332,0.011,-0.143,-0.202,-0.388,0.168,-0.258,0.293,-0.244,-0.116,-0.041,-0.141,-0.174,0.227,0.728,0.461,-0.492,0.114,-0.275,0.21,-0.278,-0.17,0.392,-0.204,0.609,-0.212,-0.275,0.048,-0.404,-0.444,-0.086,-0.126,-0.075,-0.348,-0.294,0.16,0.066,-0.248,-0.154,0.103,-0.164,-0.396,-0.226,0.019,-0.281,0.666,-0.561,0.586,-0.103,0.069,0.307,0.687,-0.427,-0.065,0.005,0.144,-0.604,0.035,-0.156,-0.511,-0.276,-0.42,0.354,-0.083,-0.015,-0.078,-0.137,-0.45,0.639,-0.155,-0.298,0.173,-0.117,0.022,0.609,-0.194,0.084,0.462,-0.3,-0.358,-0.072,0.098,-0.104,0.095,-0.541,-0.228,-0.205,-0.425,-0.326,-0.286,-0.155,0.32,0.12,0.208,-0.418,-0.047,-0.081,-0.183,-0.582,-0.094,-0.518,-0.576,-0.532,-0.267,-0.134,0.324,0.036,-0.547,0.108,0.027,-0.213,-0.281,0.194,-0.159
CAKE,0.514,-0.152,-0.22,0.262,-0.261,0.432,0.214,-0.284,-0.246,0.539,-0.048,0.47,0.677,0.414,0.515,0.415,-0.543,-0.396,0.798,0.163,0.38,-0.131,0.341,0.363,0.336,0.571,0.232,0.0,0.62,-0.287,0.678,0.563,0.238,-0.073,0.761,0.765,0.002,0.678,0.648,-0.304,0.699,0.309,0.819,0.053,-0.061,0.693,0.575,0.014,-0.467,0.792,0.329,0.879,0.37,0.35,0.532,0.402,0.687,0.752,0.785,0.703,-0.096,0.515,0.303,0.368,-0.296,0.285,0.53,0.614,0.087,0.279,0.558,0.974,0.623,0.844,0.611,0.249,0.213,0.523,0.749,0.714,0.649,0.407,0.836,0.515,0.358,0.605,0.814,0.83,0.233,-0.476,-0.115,0.297,0.457,0.775,0.045,0.465,0.672,0.693,0.728,0.795,0.099,0.694,0.36,0.69,0.673,0.71,0.694,0.348,0.41,0.772,0.488,0.68,-0.571,0.318,0.346,0.139,0.468,0.647,0.81,0.364,0.49,-0.449,0.752,0.422,0.611,0.444,0.767,0.111,0.834,-0.319,0.647,0.824,-0.325,-0.069,0.696,0.787,0.82,0.656,-0.054,0.383,0.926,0.106,0.207,0.047,0.644,0.204,0.064,0.33,0.915,-0.168,0.254,0.59,0.285,0.074,-0.093,0.837,0.4,-0.164,0.182,0.188,0.618,-0.004,0.74,-0.111,-0.265,0.713,0.461,0.756,0.158,0.72,-0.124,0.141,0.605,0.184,0.108,0.588,0.641,0.676,0.047,0.514,-0.096,0.264,0.12,0.484,0.345,0.614,0.293,0.143,0.512,0.484,0.598,0.354,0.512,0.016,0.813,0.743,0.659,0.579,0.776,0.807
CASY,0.725,0.381,0.42,0.631,-0.017,0.448,-0.234,0.416,0.274,0.785,-0.563,0.744,0.212,0.611,0.546,0.631,-0.067,0.197,0.246,0.477,-0.06,-0.366,0.688,0.332,0.624,0.753,-0.112,0.62,0.0,-0.218,0.578,0.64,0.699,-0.454,0.759,0.826,0.565,0.853,0.306,0.355,0.842,0.55,0.419,0.41,0.595,0.438,0.674,0.413,0.034,0.489,-0.277,0.498,0.667,0.526,0.351,0.584,0.23,0.672,0.682,0.67,0.29,0.778,0.236,0.265,0.037,0.477,0.294,0.457,0.487,0.379,-0.088,0.595,0.325,0.38,0.311,0.723,0.68,0.375,0.169,0.765,0.769,-0.169,0.366,0.789,0.455,0.172,0.554,0.498,-0.188,0.207,0.514,-0.179,0.14,0.265,0.492,0.245,0.795,0.65,0.778,0.397,0.146,0.521,0.641,0.354,0.726,0.301,0.852,0.372,-0.091,0.735,-0.022,0.831,-0.093,-0.142,0.73,0.251,0.82,0.84,0.616,0.721,0.819,-0.64,0.819,0.654,0.439,0.718,0.846,0.66,0.651,-0.336,0.388,0.415,-0.109,-0.094,0.341,0.445,0.286,0.45,0.536,-0.075,0.677,0.224,0.424,0.449,0.788,0.635,0.549,0.767,0.454,0.059,0.546,0.091,0.261,0.627,-0.46,0.546,0.833,0.269,0.654,0.32,0.484,0.016,0.491,-0.445,0.414,0.701,0.827,0.304,0.042,0.713,0.454,0.095,0.424,0.746,0.545,0.548,0.824,0.505,0.195,0.485,0.175,0.568,0.626,0.654,0.652,0.142,0.524,0.537,0.594,0.574,0.729,0.154,0.536,0.518,0.75,0.706,0.77,0.393,0.744,0.51
CCOI,-0.489,-0.12,0.197,-0.228,0.134,-0.051,0.108,0.002,0.123,-0.147,-0.048,-0.266,-0.423,-0.402,-0.494,-0.069,-0.01,0.122,-0.177,0.134,-0.101,-0.051,-0.33,-0.181,0.095,-0.248,0.33,-0.287,-0.218,0.0,-0.196,-0.342,0.062,-0.027,-0.052,-0.075,0.135,-0.05,-0.138,-0.029,-0.348,0.147,-0.368,-0.39,0.059,-0.337,-0.289,0.002,0.39,-0.361,-0.249,-0.257,0.09,-0.485,-0.172,-0.059,-0.036,-0.076,-0.452,-0.047,0.411,-0.041,-0.383,-0.125,0.16,0.134,-0.392,0.076,0.13,-0.414,-0.058,-0.241,-0.291,-0.399,-0.199,-0.135,-0.142,-0.172,-0.178,-0.131,-0.122,0.115,-0.299,-0.168,-0.271,-0.369,0.011,-0.173,-0.345,0.185,-0.122,-0.068,-0.292,-0.061,0.128,-0.233,-0.205,-0.338,-0.257,-0.284,0.49,0.014,-0.239,0.095,-0.2,-0.344,-0.338,0.054,-0.042,-0.226,-0.05,-0.263,0.071,0.012,-0.25,-0.259,0.012,-0.255,-0.241,-0.126,-0.194,0.004,-0.111,-0.13,0.051,0.078,-0.313,-0.087,-0.47,0.073,-0.497,0.023,-0.237,0.607,-0.37,-0.373,-0.19,-0.053,0.082,-0.377,-0.342,0.15,-0.135,0.359,-0.133,-0.22,0.108,-0.237,-0.22,0.384,0.175,-0.093,0.261,-0.068,0.469,-0.407,-0.134,0.248,0.09,0.23,0.095,0.111,-0.19,0.061,0.072,-0.382,-0.142,-0.263,0.073,-0.134,-0.011,0.028,-0.325,-0.15,0.16,-0.354,-0.126,-0.031,0.326,-0.126,0.168,0.153,0.249,0.044,-0.398,-0.224,-0.219,-0.202,-0.418,-0.213,-0.232,-0.076,0.028,-0.012,-0.281,-0.074,-0.182,-0.33,-0.218,-0.417
CEVA,0.818,0.382,0.046,0.453,0.363,0.839,0.459,0.101,-0.217,0.531,-0.04,0.613,0.638,0.709,0.734,0.388,-0.04,-0.017,0.621,0.197,0.528,0.286,0.568,0.746,0.427,0.74,-0.205,0.678,0.578,-0.196,0.0,0.851,0.378,0.111,0.738,0.638,0.195,0.514,0.422,0.148,0.796,0.199,0.734,0.444,0.259,0.83,0.837,0.382,0.065,0.812,0.116,0.783,0.552,0.696,0.783,0.709,0.725,0.742,0.873,0.647,0.022,0.749,0.595,0.677,0.078,0.474,0.618,0.679,0.183,0.63,0.289,0.685,0.826,0.707,0.292,0.477,0.428,0.627,0.648,0.717,0.802,0.165,0.574,0.717,0.726,0.706,0.692,0.84,0.421,-0.164,0.158,0.234,0.704,0.407,0.251,0.656,0.572,0.872,0.803,0.665,-0.14,0.466,0.609,0.593,0.724,0.577,0.763,0.402,0.277,0.839,0.184,0.746,-0.189,0.386,0.523,0.567,0.53,0.748,0.791,0.685,0.643,-0.311,0.665,0.736,0.776,0.491,0.727,0.457,0.778,0.013,0.723,0.376,0.277,-0.24,0.766,0.797,0.583,0.236,0.319,0.457,0.792,0.246,0.62,0.164,0.645,0.584,0.208,0.548,0.694,-0.143,0.328,0.709,0.354,0.449,-0.181,0.857,0.579,-0.158,0.327,0.176,0.175,0.445,0.809,-0.32,0.007,0.858,0.486,0.624,0.409,0.641,0.287,0.366,0.805,0.426,0.312,0.932,0.746,0.561,-0.019,0.503,0.258,0.328,0.213,0.544,0.615,0.711,0.575,0.547,0.805,0.769,0.691,0.292,0.392,0.479,0.784,0.691,0.748,0.835,0.634,0.844
