,AAPL,ACRS,ADP,AFYA,AGNC,AGYS,ALT,AMGN,AMPH,AMZN,ANIP,AOSL,APDN,APLT,APVO,ARGX,ARLP,ATEX,ATRA,AUTL,AVDL,BCRX,BHAT,BLBD,BMRN,BNGO,BUSE,CAKE,CASY,CCOI,CEVA,CHY,CLDX,CLMT,COHU,COLM,COST,CPRT,CSWC,CSX,DBX,DCOM,DKNG,DMLP,DOX,EA,EDIT,ENPH,ENSG,ERNA,ESGR,ETNB,EXTR,FANG,FARO,FATE,FGEN,FIVE,FIVN,FLGT,FOLD,FORM,FOXA,FRPT,FSLR,FTAI,GBDC,GDYN,GGAL,GNLN,GRFS,GT,HCAT,HCM,HFWA,HOLX,HQY,HUBG,IAC,ICLR,IDCC,IEP,IHRT,ILMN,ILPT,IMAB,IMOS,INMD,INTZ,JAZZ,JKHY,JRVR,KIDS,LBRDK,LGND,LMAT,LPLA,LULU,MASI,MAT,MATW,MBIN,MBIO,MCRB,MDB,MDLZ,MELI,MIRM,MLKN,MNMD,MNRO,MPWR,MRCY,MRSN,MTVA,NAAS,NDAQ,NDSN,NEGG,NOVT,NVDA,NWE,NWSA,NXST,OCX,ODFL,OMAB,OPCH,OPRA,ORGO,OTRK,OZK,PAGP,PCH,PEGA,PENG,PENN,PFBC,PGNY,PHAT,PHUN,PINC,PLUG,PLXS,PYPL,QLYS,QNCX,QQQX,QVCGA,RAPT,RBBN,RCKT,REPL,RMBS,ROAD,ROKU,ROP,RUSHA,SANM,SATS,SBCF,SBLK,SBUX,SCHL,SCSC,SDGR,SEIC,SFIX,SGRY,SKYW,SLP,SNES,STAA,STLD,STOK,SWKS,TER,TFIN,TIGO,TILE,TPIC,TTEC,TTEK,TTGT,UXIN,VERU,VLYPP,VNOM,VRNS,VRSN,WDAY,WERN,WINA,WKHS,WRLD,XP,XTKG,YY,ZION,ZM
AAPL,0.0,0.299,0.925,0.859,0.823,0.64,-0.564,0.652,0.838,0.863,0.618,0.901,0.481,0.012,0.698,-0.445,0.73,0.3,0.139,0.579,-0.163,0.434,-0.178,0.737,0.325,0.794,0.804,0.791,0.817,0.644,0.838,0.689,0.089,0.636,0.922,0.851,0.57,0.884,0.675,0.888,0.45,0.878,0.541,0.516,0.895,0.793,0.714,0.492,0.711,0.256,0.587,0.29,0.942,0.448,0.73,0.82,0.659,0.676,0.841,0.453,0.106,0.861,0.897,0.92,0.839,0.742,0.807,0.793,0.591,0.042,0.515,0.838,0.871,0.379,0.878,0.499,-0.062,0.524,0.854,0.732,0.62,0.533,0.642,0.637,0.886,-0.263,0.599,0.897,-0.13,0.696,0.861,0.67,0.831,0.878,0.86,0.783,0.65,0.641,0.69,0.833,0.893,0.804,0.09,0.455,0.443,0.835,0.842,0.531,0.784,0.74,0.722,0.844,0.466,0.342,-0.147,-0.088,0.74,0.895,0.519,0.77,0.931,0.607,0.709,0.741,-0.005,0.829,0.872,0.852,0.741,0.422,0.871,0.924,0.783,0.594,0.758,0.924,0.73,0.815,0.257,0.095,0.746,0.728,0.937,0.712,0.863,0.77,-0.137,0.915,0.808,0.317,0.538,0.554,0.437,0.891,0.802,0.711,0.83,0.649,0.719,0.843,0.871,0.667,0.749,0.781,0.852,0.806,0.93,0.824,0.667,0.867,0.754,0.151,0.522,0.913,0.301,0.956,0.932,0.889,0.152,0.825,0.492,0.742,0.816,0.831,0.729,0.331,0.78,0.404,0.81,0.846,0.49,0.683,0.411,0.642,0.768,0.849,-0.623,0.446,0.9,0.41
ACRS,0.299,0.0,0.414,0.401,0.164,0.617,0.433,-0.356,0.178,0.625,-0.334,0.135,-0.482,-0.81,0.182,0.473,0.448,-0.151,0.625,0.044,-0.512,0.934,-0.6,-0.13,-0.403,0.175,0.562,0.218,-0.089,0.556,0.658,0.742,-0.669,0.808,0.26,0.549,0.757,0.306,-0.311,0.125,0.908,0.452,-0.286,0.708,0.111,0.431,0.67,0.921,-0.308,-0.453,-0.47,0.879,0.356,0.836,-0.049,0.17,0.82,0.466,0.349,-0.559,0.832,-0.074,0.061,0.191,0.552,0.735,-0.017,0.719,-0.451,-0.566,-0.419,0.709,0.199,0.634,0.388,-0.419,0.737,0.752,0.597,0.583,0.831,-0.205,-0.24,-0.38,0.189,-0.54,0.819,0.396,0.782,0.294,0.384,-0.252,0.405,0.184,-0.101,0.507,0.729,0.808,-0.11,0.27,0.147,0.559,-0.577,0.404,0.896,-0.043,0.157,-0.247,0.704,0.666,0.373,0.667,0.782,0.22,-0.445,0.606,0.683,0.425,0.38,-0.097,0.509,-0.305,-0.159,0.122,0.501,0.455,0.21,0.116,0.016,-0.517,0.486,0.306,0.673,-0.332,0.721,0.2,0.707,0.457,-0.66,-0.59,-0.257,-0.117,0.416,0.671,0.495,0.537,0.1,0.539,0.406,0.887,0.354,0.862,0.868,0.191,0.517,0.092,-0.145,0.77,0.717,0.146,0.237,-0.182,0.774,-0.101,0.121,0.559,0.33,0.069,-0.29,0.109,0.754,0.836,0.873,0.184,-0.291,0.268,0.115,0.537,-0.437,0.585,0.727,0.698,0.619,0.647,0.591,0.355,0.021,0.896,0.379,0.612,-0.297,0.311,0.702,0.534,-0.228,0.373,0.317,-0.517,0.429,0.812
ADP,0.925,0.414,0.0,0.797,0.806,0.548,-0.434,0.654,0.791,0.874,0.522,0.861,0.297,-0.135,0.617,-0.31,0.829,0.03,0.112,0.436,-0.442,0.543,-0.42,0.611,0.224,0.674,0.91,0.782,0.764,0.846,0.914,0.782,-0.114,0.707,0.856,0.818,0.716,0.891,0.564,0.753,0.54,0.949,0.442,0.712,0.864,0.912,0.688,0.639,0.635,0.012,0.508,0.34,0.842,0.644,0.538,0.718,0.756,0.72,0.791,0.288,0.25,0.774,0.823,0.846,0.891,0.82,0.657,0.843,0.461,-0.222,0.405,0.873,0.8,0.359,0.949,0.335,0.109,0.644,0.893,0.818,0.748,0.358,0.438,0.522,0.901,-0.457,0.724,0.932,0.04,0.672,0.963,0.56,0.799,0.931,0.782,0.866,0.829,0.695,0.631,0.716,0.888,0.897,-0.128,0.339,0.468,0.773,0.717,0.477,0.852,0.823,0.835,0.828,0.456,0.247,-0.36,0.028,0.888,0.945,0.465,0.709,0.906,0.535,0.528,0.579,-0.08,0.893,0.858,0.798,0.634,0.308,0.884,0.958,0.862,0.483,0.759,0.87,0.737,0.864,0.069,-0.174,0.583,0.752,0.904,0.684,0.869,0.928,-0.299,0.897,0.707,0.393,0.394,0.632,0.478,0.808,0.762,0.52,0.789,0.719,0.716,0.906,0.897,0.598,0.852,0.729,0.733,0.867,0.964,0.733,0.508,0.705,0.844,0.209,0.651,0.932,0.033,0.914,0.836,0.929,-0.088,0.847,0.662,0.828,0.896,0.869,0.672,0.144,0.75,0.565,0.806,0.946,0.334,0.817,0.463,0.548,0.682,0.915,-0.476,0.287,0.964,0.619
AFYA,0.859,0.401,0.797,0.0,0.776,0.778,-0.412,0.433,0.661,0.88,0.566,0.85,0.436,-0.095,0.626,-0.316,0.659,0.393,0.275,0.628,-0.197,0.559,-0.15,0.706,0.225,0.8,0.694,0.752,0.672,0.544,0.815,0.753,0.013,0.702,0.896,0.903,0.536,0.856,0.547,0.763,0.606,0.774,0.429,0.51,0.779,0.712,0.8,0.588,0.579,0.251,0.382,0.487,0.867,0.46,0.68,0.756,0.679,0.696,0.911,0.335,0.222,0.711,0.799,0.86,0.857,0.739,0.747,0.762,0.432,0.071,0.376,0.859,0.84,0.511,0.756,0.373,-0.019,0.497,0.873,0.735,0.692,0.458,0.651,0.475,0.749,-0.249,0.654,0.876,-0.045,0.715,0.715,0.54,0.863,0.783,0.707,0.776,0.587,0.733,0.65,0.863,0.77,0.762,0.059,0.542,0.585,0.63,0.83,0.441,0.853,0.726,0.56,0.873,0.607,0.467,-0.141,0.109,0.703,0.78,0.613,0.642,0.9,0.481,0.693,0.803,0.225,0.737,0.767,0.77,0.753,0.298,0.87,0.812,0.781,0.472,0.808,0.86,0.854,0.676,0.176,0.07,0.619,0.569,0.914,0.729,0.857,0.686,0.025,0.904,0.843,0.42,0.61,0.658,0.558,0.877,0.816,0.738,0.64,0.602,0.749,0.733,0.683,0.551,0.777,0.574,0.793,0.794,0.857,0.785,0.537,0.856,0.779,0.214,0.595,0.766,0.299,0.889,0.858,0.825,0.118,0.801,0.601,0.714,0.797,0.814,0.719,0.427,0.626,0.472,0.807,0.781,0.424,0.524,0.443,0.739,0.635,0.802,-0.463,0.401,0.767,0.405
AGNC,0.823,0.164,0.806,0.776,0.0,0.512,-0.613,0.682,0.657,0.7,0.776,0.779,0.543,0.248,0.784,-0.503,0.759,0.372,0.028,0.767,-0.06,0.342,0.018,0.808,0.472,0.717,0.599,0.684,0.747,0.574,0.667,0.722,0.185,0.594,0.739,0.766,0.366,0.799,0.812,0.802,0.382,0.68,0.677,0.494,0.892,0.764,0.668,0.371,0.725,0.431,0.503,0.261,0.774,0.306,0.688,0.804,0.47,0.528,0.807,0.478,0.082,0.783,0.732,0.842,0.767,0.727,0.803,0.618,0.63,0.197,0.659,0.712,0.884,0.225,0.717,0.635,-0.363,0.332,0.729,0.738,0.46,0.654,0.692,0.697,0.79,-0.08,0.382,0.771,-0.228,0.624,0.717,0.735,0.869,0.868,0.772,0.81,0.46,0.447,0.864,0.695,0.832,0.718,0.239,0.564,0.38,0.815,0.785,0.701,0.717,0.587,0.565,0.652,0.368,0.519,0.062,0.03,0.565,0.802,0.672,0.802,0.761,0.776,0.748,0.616,0.105,0.671,0.844,0.68,0.823,0.44,0.766,0.822,0.773,0.71,0.689,0.903,0.692,0.593,0.356,0.232,0.773,0.792,0.807,0.547,0.812,0.64,0.006,0.813,0.702,0.161,0.335,0.461,0.377,0.857,0.748,0.667,0.776,0.512,0.518,0.812,0.691,0.627,0.618,0.726,0.835,0.781,0.865,0.725,0.734,0.798,0.718,-0.037,0.365,0.787,0.426,0.899,0.851,0.793,0.258,0.776,0.486,0.449,0.639,0.604,0.49,0.298,0.745,0.246,0.792,0.736,0.589,0.572,0.189,0.417,0.689,0.8,-0.595,0.505,0.732,0.203
AGYS,0.64,0.617,0.548,0.778,0.512,0.0,-0.147,0.057,0.507,0.777,0.288,0.603,0.205,-0.29,0.561,0.033,0.472,0.499,0.577,0.588,-0.044,0.721,-0.077,0.487,0.128,0.784,0.506,0.541,0.36,0.363,0.699,0.692,-0.061,0.704,0.681,0.811,0.455,0.696,0.23,0.581,0.713,0.533,0.278,0.388,0.514,0.476,0.865,0.662,0.271,0.212,0.066,0.73,0.742,0.451,0.588,0.678,0.699,0.572,0.79,0.15,0.431,0.447,0.558,0.673,0.719,0.692,0.561,0.728,0.156,0.086,0.158,0.761,0.665,0.647,0.476,0.209,0.185,0.482,0.78,0.677,0.649,0.296,0.495,0.24,0.437,-0.193,0.646,0.662,0.181,0.668,0.45,0.295,0.759,0.493,0.445,0.659,0.504,0.763,0.434,0.691,0.507,0.596,0.075,0.743,0.813,0.368,0.731,0.244,0.79,0.601,0.233,0.854,0.722,0.615,-0.048,0.238,0.571,0.553,0.668,0.432,0.763,0.201,0.556,0.738,0.534,0.521,0.553,0.599,0.606,0.153,0.748,0.559,0.666,0.253,0.857,0.654,0.877,0.537,0.025,0.081,0.385,0.243,0.771,0.772,0.779,0.499,0.35,0.766,0.784,0.663,0.711,0.742,0.76,0.693,0.812,0.742,0.321,0.606,0.761,0.449,0.421,0.286,0.729,0.247,0.595,0.72,0.603,0.601,0.333,0.704,0.747,0.467,0.657,0.494,0.372,0.679,0.637,0.648,0.072,0.722,0.62,0.691,0.662,0.775,0.729,0.616,0.397,0.509,0.695,0.633,0.285,0.227,0.558,0.814,0.318,0.627,-0.261,0.21,0.526,0.405
ALT,-0.564,0.433,-0.434,-0.412,-0.613,-0.147,0.0,-0.832,-0.66,-0.288,-0.898,-0.635,-0.842,-0.559,-0.633,0.753,-0.429,-0.543,0.386,-0.605,-0.386,0.279,-0.454,-0.867,-0.779,-0.6,-0.28,-0.384,-0.819,-0.041,-0.171,-0.011,-0.727,0.099,-0.543,-0.375,0.218,-0.595,-0.885,-0.678,0.27,-0.364,-0.76,0.129,-0.769,-0.453,-0.138,0.259,-0.895,-0.616,-0.814,0.313,-0.556,0.352,-0.768,-0.697,0.155,-0.071,-0.517,-0.884,0.536,-0.834,-0.67,-0.618,-0.367,-0.189,-0.735,-0.182,-0.978,-0.557,-0.915,-0.207,-0.678,0.271,-0.427,-0.913,0.71,0.07,-0.36,-0.252,0.159,-0.58,-0.849,-0.939,-0.507,-0.285,0.129,-0.416,0.789,-0.486,-0.435,-0.762,-0.402,-0.586,-0.772,-0.313,0.022,0.151,-0.801,-0.405,-0.741,-0.381,-0.536,-0.231,0.218,-0.743,-0.719,-0.862,-0.17,-0.17,-0.179,-0.214,0.153,-0.313,-0.41,0.594,-0.029,-0.492,-0.253,-0.837,-0.387,-0.877,-0.821,-0.601,0.403,-0.361,-0.702,-0.691,-0.775,-0.893,-0.346,-0.584,-0.165,-0.92,-0.216,-0.687,-0.167,-0.371,-0.817,-0.638,-0.899,-0.794,-0.498,-0.044,-0.483,-0.202,-0.023,-0.348,-0.463,0.415,-0.323,0.118,0.205,-0.715,-0.309,-0.559,-0.86,0.069,-0.092,-0.672,-0.636,-0.89,-0.057,-0.762,-0.699,-0.303,-0.564,-0.762,-0.894,-0.709,-0.137,0.41,0.281,-0.661,-0.618,-0.639,-0.742,-0.411,-0.502,-0.249,0.044,-0.078,-0.232,-0.286,-0.037,-0.13,-0.79,0.413,-0.553,-0.309,-0.869,-0.366,0.214,-0.062,-0.762,-0.52,0.963,-0.805,-0.465,0.344
AMGN,0.652,-0.356,0.654,0.433,0.682,0.057,-0.832,0.0,0.673,0.356,0.834,0.697,0.657,0.48,0.534,-0.66,0.552,0.149,-0.402,0.429,-0.001,-0.185,0.068,0.708,0.598,0.527,0.473,0.498,0.823,0.416,0.348,0.189,0.437,0.028,0.573,0.361,0.043,0.653,0.809,0.614,-0.195,0.553,0.698,0.166,0.821,0.632,0.154,-0.103,0.863,0.371,0.852,-0.35,0.511,-0.028,0.572,0.638,0.075,0.23,0.483,0.731,-0.366,0.801,0.748,0.649,0.44,0.287,0.626,0.289,0.851,0.232,0.797,0.288,0.636,-0.177,0.614,0.718,-0.505,0.028,0.433,0.399,0.044,0.462,0.633,0.857,0.697,0.0,0.051,0.572,-0.629,0.44,0.674,0.713,0.456,0.787,0.833,0.492,0.264,-0.02,0.759,0.39,0.779,0.491,0.321,0.074,-0.232,0.822,0.585,0.776,0.283,0.301,0.476,0.25,-0.202,0.138,0.057,-0.482,0.326,0.618,0.176,0.806,0.444,0.811,0.644,0.449,-0.509,0.5,0.723,0.674,0.648,0.77,0.448,0.714,0.323,0.784,0.203,0.702,0.169,0.504,0.592,0.306,0.806,0.879,0.549,0.075,0.506,0.496,-0.35,0.421,0.339,-0.321,0.086,-0.034,-0.194,0.649,0.309,0.424,0.921,0.082,0.089,0.814,0.729,0.797,0.231,0.774,0.595,0.443,0.699,0.689,0.745,0.587,0.252,-0.412,-0.062,0.785,0.294,0.688,0.716,0.515,0.2,0.35,0.102,0.242,0.38,0.358,0.111,-0.163,0.81,-0.172,0.543,0.472,0.628,0.59,-0.158,0.023,0.794,0.653,-0.789,0.671,0.626,-0.04
AMPH,0.838,0.178,0.791,0.661,0.657,0.507,-0.66,0.673,0.0,0.723,0.604,0.809,0.468,0.006,0.751,-0.476,0.699,0.348,0.026,0.506,-0.1,0.332,-0.084,0.707,0.439,0.698,0.766,0.62,0.809,0.515,0.656,0.476,0.246,0.439,0.77,0.714,0.372,0.83,0.634,0.796,0.314,0.752,0.468,0.406,0.838,0.762,0.534,0.361,0.744,0.18,0.64,0.187,0.805,0.304,0.659,0.747,0.479,0.518,0.718,0.518,-0.016,0.797,0.801,0.824,0.712,0.609,0.721,0.71,0.683,0.073,0.58,0.677,0.76,0.113,0.812,0.564,-0.095,0.502,0.754,0.617,0.438,0.397,0.599,0.673,0.739,-0.211,0.461,0.739,-0.242,0.734,0.797,0.632,0.662,0.753,0.79,0.606,0.572,0.439,0.636,0.625,0.882,0.753,0.101,0.397,0.285,0.783,0.796,0.63,0.643,0.656,0.569,0.684,0.323,0.237,-0.014,-0.307,0.567,0.82,0.455,0.748,0.754,0.647,0.674,0.658,-0.171,0.75,0.848,0.849,0.703,0.553,0.701,0.876,0.633,0.647,0.637,0.819,0.575,0.798,0.337,0.141,0.698,0.766,0.827,0.546,0.793,0.667,-0.084,0.724,0.69,0.232,0.422,0.436,0.337,0.803,0.671,0.594,0.828,0.455,0.599,0.835,0.888,0.775,0.577,0.726,0.776,0.628,0.832,0.825,0.691,0.776,0.628,0.118,0.346,0.895,0.283,0.836,0.842,0.81,0.162,0.66,0.451,0.66,0.715,0.744,0.475,0.331,0.782,0.259,0.731,0.749,0.561,0.641,0.315,0.413,0.699,0.789,-0.716,0.47,0.842,0.312
AMZN,0.863,0.625,0.874,0.88,0.7,0.777,-0.288,0.356,0.723,0.0,0.358,0.801,0.255,-0.376,0.582,-0.242,0.771,0.21,0.289,0.469,-0.361,0.719,-0.407,0.549,0.016,0.707,0.872,0.701,0.653,0.706,0.931,0.845,-0.245,0.83,0.85,0.947,0.744,0.837,0.396,0.736,0.725,0.88,0.239,0.696,0.766,0.808,0.79,0.777,0.441,-0.029,0.253,0.611,0.872,0.679,0.539,0.679,0.812,0.703,0.839,0.113,0.329,0.649,0.704,0.798,0.94,0.845,0.628,0.931,0.287,-0.216,0.204,0.972,0.785,0.509,0.845,0.181,0.242,0.735,0.951,0.779,0.854,0.267,0.456,0.323,0.744,-0.51,0.856,0.882,0.159,0.665,0.817,0.383,0.806,0.764,0.601,0.807,0.768,0.84,0.501,0.79,0.783,0.896,-0.247,0.46,0.699,0.583,0.734,0.319,0.946,0.916,0.687,0.95,0.774,0.348,-0.311,0.2,0.85,0.866,0.516,0.534,0.947,0.329,0.502,0.661,0.163,0.84,0.748,0.77,0.634,0.133,0.894,0.863,0.896,0.312,0.909,0.821,0.867,0.76,-0.09,-0.192,0.479,0.494,0.91,0.801,0.901,0.8,-0.1,0.939,0.801,0.582,0.645,0.798,0.68,0.816,0.811,0.571,0.594,0.782,0.875,0.742,0.766,0.512,0.93,0.561,0.737,0.837,0.874,0.71,0.394,0.76,0.896,0.447,0.742,0.79,0.093,0.869,0.793,0.923,-0.088,0.857,0.698,0.883,0.948,0.949,0.79,0.348,0.606,0.703,0.78,0.921,0.291,0.672,0.616,0.748,0.51,0.813,-0.363,0.135,0.865,0.641
ANIP,0.618,-0.334,0.522,0.566,0.776,0.288,-0.898,0.834,0.604,0.358,0.0,0.71,0.815,0.581,0.666,-0.638,0.488,0.541,-0.268,0.722,0.286,-0.134,0.402,0.911,0.788,0.697,0.285,0.504,0.774,0.169,0.294,0.215,0.66,0.063,0.608,0.468,-0.14,0.69,0.892,0.684,-0.093,0.405,0.852,-0.0,0.811,0.508,0.324,-0.123,0.883,0.678,0.736,-0.18,0.586,-0.222,0.797,0.779,0.0,0.203,0.671,0.865,-0.342,0.824,0.742,0.696,0.47,0.323,0.797,0.241,0.906,0.558,0.895,0.3,0.767,-0.085,0.461,0.896,-0.707,-0.083,0.468,0.413,-0.015,0.634,0.89,0.933,0.569,0.25,-0.043,0.535,-0.694,0.548,0.474,0.781,0.599,0.701,0.825,0.505,0.062,0.006,0.914,0.513,0.745,0.408,0.598,0.385,-0.051,0.766,0.774,0.876,0.317,0.21,0.198,0.321,-0.086,0.465,0.331,-0.391,0.161,0.529,0.436,0.885,0.471,0.886,0.89,0.695,-0.198,0.393,0.738,0.674,0.854,0.854,0.479,0.628,0.311,0.912,0.331,0.777,0.36,0.367,0.787,0.621,0.92,0.831,0.6,0.125,0.578,0.322,0.062,0.469,0.536,-0.302,0.298,0.022,-0.062,0.789,0.435,0.683,0.845,0.007,0.126,0.719,0.581,0.801,0.183,0.704,0.721,0.474,0.655,0.786,0.875,0.753,0.282,-0.436,-0.111,0.685,0.637,0.733,0.792,0.457,0.433,0.375,0.134,0.127,0.286,0.323,0.15,0.157,0.783,-0.306,0.673,0.386,0.827,0.353,-0.221,0.173,0.779,0.639,-0.849,0.837,0.482,-0.259
AOSL,0.901,0.135,0.861,0.85,0.779,0.603,-0.635,0.697,0.809,0.801,0.71,0.0,0.624,0.104,0.607,-0.538,0.651,0.316,-0.02,0.557,-0.168,0.324,-0.118,0.795,0.39,0.834,0.716,0.836,0.861,0.562,0.786,0.575,0.195,0.522,0.944,0.794,0.448,0.906,0.701,0.825,0.343,0.846,0.571,0.404,0.873,0.733,0.604,0.4,0.807,0.275,0.687,0.178,0.868,0.331,0.726,0.772,0.54,0.666,0.895,0.595,-0.073,0.907,0.907,0.927,0.845,0.58,0.818,0.691,0.665,0.107,0.559,0.736,0.854,0.227,0.842,0.528,-0.144,0.395,0.833,0.657,0.548,0.465,0.721,0.704,0.844,-0.266,0.543,0.921,-0.265,0.708,0.784,0.724,0.778,0.896,0.881,0.704,0.549,0.555,0.736,0.836,0.901,0.741,0.16,0.334,0.307,0.749,0.859,0.572,0.733,0.671,0.613,0.792,0.377,0.301,-0.157,-0.15,0.649,0.807,0.436,0.788,0.888,0.625,0.765,0.807,-0.114,0.764,0.827,0.939,0.798,0.572,0.874,0.904,0.685,0.646,0.665,0.93,0.663,0.711,0.385,0.148,0.759,0.75,0.921,0.584,0.824,0.746,-0.169,0.839,0.755,0.168,0.503,0.442,0.287,0.916,0.742,0.706,0.857,0.446,0.633,0.891,0.809,0.743,0.654,0.776,0.839,0.732,0.918,0.874,0.681,0.875,0.662,-0.041,0.417,0.924,0.273,0.942,0.95,0.781,0.161,0.714,0.476,0.695,0.789,0.778,0.636,0.197,0.746,0.286,0.786,0.766,0.532,0.603,0.292,0.623,0.853,0.859,-0.667,0.594,0.823,0.317
APDN,0.481,-0.482,0.297,0.436,0.543,0.205,-0.842,0.657,0.468,0.255,0.815,0.624,0.0,0.632,0.454,-0.763,0.195,0.589,-0.345,0.582,0.46,-0.334,0.482,0.788,0.626,0.616,0.079,0.407,0.7,-0.11,0.116,-0.013,0.685,-0.088,0.542,0.342,-0.259,0.461,0.796,0.607,-0.296,0.27,0.695,-0.261,0.621,0.218,0.117,-0.318,0.777,0.702,0.712,-0.305,0.497,-0.413,0.744,0.587,-0.189,0.08,0.516,0.852,-0.62,0.746,0.6,0.59,0.321,0.026,0.741,0.072,0.844,0.646,0.739,0.141,0.599,-0.167,0.272,0.779,-0.717,-0.254,0.266,0.091,-0.172,0.599,0.878,0.817,0.414,0.277,-0.132,0.367,-0.768,0.35,0.214,0.707,0.396,0.458,0.69,0.205,-0.2,-0.127,0.701,0.511,0.569,0.196,0.597,0.183,-0.226,0.565,0.646,0.647,0.106,0.072,0.042,0.212,-0.045,0.305,0.381,-0.488,-0.083,0.295,0.199,0.675,0.365,0.699,0.798,0.655,-0.239,0.184,0.523,0.628,0.712,0.789,0.352,0.421,0.099,0.747,0.149,0.61,0.13,0.164,0.793,0.683,0.834,0.567,0.444,0.06,0.373,0.052,0.075,0.308,0.417,-0.423,0.387,-0.17,-0.252,0.658,0.269,0.613,0.692,-0.17,0.09,0.493,0.406,0.72,-0.003,0.655,0.665,0.207,0.441,0.672,0.78,0.714,0.044,-0.479,-0.297,0.49,0.65,0.567,0.686,0.249,0.599,0.177,-0.174,0.003,0.156,0.182,0.149,0.13,0.545,-0.427,0.419,0.142,0.749,0.107,-0.248,0.223,0.748,0.348,-0.782,0.811,0.266,-0.434
APLT,0.012,-0.81,-0.135,-0.095,0.248,-0.29,-0.559,0.48,0.006,-0.376,0.581,0.104,0.632,0.0,0.187,-0.487,-0.223,0.391,-0.344,0.362,0.561,-0.682,0.698,0.442,0.654,0.179,-0.432,0.116,0.274,-0.372,-0.397,-0.374,0.769,-0.477,0.015,-0.221,-0.576,-0.019,0.621,0.216,-0.635,-0.258,0.622,-0.529,0.167,-0.223,-0.229,-0.714,0.527,0.759,0.57,-0.62,-0.006,-0.685,0.373,0.205,-0.542,-0.136,-0.001,0.721,-0.62,0.32,0.198,0.173,-0.259,-0.387,0.391,-0.484,0.614,0.755,0.649,-0.409,0.178,-0.355,-0.197,0.668,-0.848,-0.609,-0.335,-0.257,-0.639,0.641,0.499,0.609,0.103,0.666,-0.683,-0.11,-0.707,0.04,-0.189,0.581,0.048,0.1,0.396,-0.122,-0.552,-0.525,0.444,0.061,0.095,-0.357,0.812,0.035,-0.592,0.356,0.19,0.466,-0.402,-0.524,-0.202,-0.36,-0.562,0.16,0.535,-0.474,-0.476,-0.149,0.079,0.424,-0.19,0.602,0.477,0.152,-0.174,-0.244,0.098,0.078,0.312,0.614,-0.138,-0.069,-0.319,0.593,-0.376,0.133,-0.336,-0.218,0.811,0.766,0.526,0.375,-0.09,-0.313,-0.153,-0.327,0.163,-0.172,-0.027,-0.624,-0.181,-0.592,-0.562,0.122,-0.081,0.304,0.33,-0.472,-0.42,0.073,-0.075,0.252,-0.518,0.342,0.24,-0.167,-0.041,0.162,0.582,0.219,-0.395,-0.72,-0.647,0.033,0.589,0.068,0.196,-0.24,0.693,-0.188,-0.477,-0.54,-0.427,-0.435,-0.275,-0.004,0.199,-0.76,-0.062,-0.344,0.518,-0.227,-0.519,-0.241,0.459,-0.102,-0.457,0.715,-0.202,-0.728
APVO,0.698,0.182,0.617,0.626,0.784,0.561,-0.633,0.534,0.751,0.582,0.666,0.607,0.454,0.187,0.0,-0.35,0.664,0.581,0.238,0.829,0.142,0.376,0.228,0.752,0.615,0.696,0.51,0.485,0.615,0.345,0.463,0.535,0.373,0.445,0.583,0.67,0.159,0.738,0.709,0.734,0.376,0.477,0.631,0.306,0.776,0.658,0.677,0.307,0.63,0.482,0.45,0.341,0.726,0.16,0.708,0.838,0.366,0.376,0.715,0.5,0.162,0.662,0.62,0.755,0.614,0.662,0.711,0.559,0.646,0.329,0.718,0.611,0.786,0.166,0.542,0.713,-0.358,0.343,0.63,0.696,0.286,0.645,0.663,0.69,0.566,0.153,0.251,0.589,-0.228,0.718,0.588,0.68,0.749,0.663,0.655,0.617,0.386,0.335,0.763,0.512,0.723,0.642,0.354,0.735,0.418,0.72,0.816,0.782,0.603,0.442,0.304,0.558,0.291,0.652,0.351,-0.228,0.366,0.703,0.793,0.761,0.628,0.751,0.733,0.583,0.224,0.522,0.836,0.606,0.794,0.487,0.593,0.702,0.612,0.741,0.676,0.774,0.637,0.595,0.425,0.37,0.71,0.72,0.719,0.513,0.789,0.467,0.332,0.665,0.729,0.242,0.368,0.456,0.455,0.751,0.711,0.711,0.66,0.438,0.509,0.687,0.663,0.606,0.475,0.567,0.754,0.672,0.703,0.774,0.75,0.759,0.634,0.135,0.278,0.67,0.58,0.747,0.744,0.73,0.377,0.684,0.479,0.362,0.48,0.586,0.331,0.578,0.719,0.124,0.772,0.622,0.672,0.392,0.255,0.332,0.526,0.707,-0.676,0.506,0.649,0.098
ARGX,-0.445,0.473,-0.31,-0.316,-0.503,0.033,0.753,-0.66,-0.476,-0.242,-0.638,-0.538,-0.763,-0.487,-0.35,0.0,-0.258,-0.364,0.588,-0.348,-0.266,0.377,-0.279,-0.621,-0.327,-0.344,-0.215,-0.331,-0.712,-0.028,-0.118,0.006,-0.426,0.072,-0.443,-0.281,0.106,-0.334,-0.746,-0.588,0.339,-0.318,-0.429,0.077,-0.598,-0.289,0.094,0.32,-0.687,-0.412,-0.679,0.385,-0.387,0.297,-0.487,-0.364,0.208,-0.068,-0.331,-0.604,0.711,-0.664,-0.439,-0.483,-0.273,0.021,-0.593,-0.111,-0.747,-0.364,-0.609,-0.132,-0.479,0.395,-0.38,-0.597,0.6,0.108,-0.201,-0.004,0.146,-0.468,-0.65,-0.655,-0.47,-0.079,0.134,-0.307,0.7,-0.184,-0.276,-0.614,-0.226,-0.447,-0.549,-0.096,0.141,0.169,-0.534,-0.417,-0.577,-0.251,-0.271,0.072,0.347,-0.535,-0.434,-0.522,-0.089,-0.193,-0.276,-0.114,0.016,0.052,-0.265,0.442,0.061,-0.33,0.011,-0.506,-0.297,-0.638,-0.575,-0.361,0.434,-0.272,-0.42,-0.532,-0.526,-0.556,-0.248,-0.449,-0.141,-0.612,-0.061,-0.522,0.041,-0.157,-0.548,-0.426,-0.692,-0.508,-0.315,-0.016,-0.25,-0.081,0.213,-0.274,-0.227,0.48,-0.138,0.226,0.338,-0.526,-0.17,-0.294,-0.676,0.094,-0.059,-0.483,-0.438,-0.694,0.022,-0.695,-0.611,-0.05,-0.429,-0.49,-0.684,-0.563,-0.008,0.471,0.339,-0.5,-0.375,-0.486,-0.578,-0.278,-0.426,-0.146,0.278,0.022,-0.221,-0.118,-0.053,0.068,-0.466,0.3,-0.221,-0.169,-0.601,-0.282,0.203,-0.024,-0.65,-0.244,0.678,-0.554,-0.307,0.333
ARLP,0.73,0.448,0.829,0.659,0.759,0.472,-0.429,0.552,0.699,0.771,0.488,0.651,0.195,-0.223,0.664,-0.258,0.0,0.079,0.012,0.457,-0.326,0.577,-0.345,0.548,0.254,0.521,0.817,0.464,0.631,0.759,0.754,0.746,-0.128,0.651,0.606,0.728,0.544,0.791,0.486,0.598,0.55,0.745,0.363,0.761,0.804,0.94,0.614,0.623,0.492,-0.051,0.294,0.428,0.66,0.583,0.452,0.658,0.603,0.434,0.685,0.176,0.321,0.604,0.555,0.636,0.825,0.832,0.482,0.812,0.401,-0.209,0.434,0.787,0.719,0.197,0.779,0.371,0.022,0.6,0.828,0.843,0.638,0.219,0.371,0.465,0.644,-0.399,0.632,0.732,0.037,0.546,0.852,0.391,0.665,0.783,0.531,0.801,0.731,0.52,0.667,0.427,0.789,0.887,-0.211,0.421,0.529,0.662,0.631,0.599,0.795,0.81,0.632,0.668,0.479,0.354,-0.181,0.123,0.733,0.879,0.47,0.639,0.72,0.514,0.436,0.406,-0.063,0.781,0.793,0.609,0.648,0.26,0.69,0.831,0.823,0.464,0.769,0.779,0.686,0.689,-0.01,-0.177,0.514,0.675,0.749,0.478,0.846,0.819,-0.18,0.732,0.56,0.302,0.301,0.643,0.529,0.723,0.637,0.353,0.676,0.644,0.546,0.814,0.789,0.615,0.773,0.548,0.587,0.8,0.846,0.628,0.451,0.559,0.792,0.233,0.578,0.784,0.045,0.776,0.679,0.872,-0.207,0.717,0.727,0.657,0.806,0.773,0.434,0.159,0.702,0.512,0.818,0.882,0.389,0.782,0.281,0.314,0.398,0.868,-0.456,0.126,0.832,0.532
ATEX,0.3,-0.151,0.03,0.393,0.372,0.499,-0.543,0.149,0.348,0.21,0.541,0.316,0.589,0.391,0.581,-0.364,0.079,0.0,0.179,0.738,0.68,-0.009,0.738,0.676,0.569,0.618,-0.08,0.187,0.379,-0.335,-0.011,0.039,0.667,0.023,0.349,0.418,-0.305,0.336,0.524,0.568,0.024,-0.055,0.446,-0.296,0.369,0.006,0.376,-0.149,0.479,0.747,0.276,0.181,0.462,-0.412,0.741,0.573,-0.121,0.053,0.469,0.567,-0.23,0.44,0.341,0.434,0.194,0.104,0.622,0.082,0.548,0.802,0.571,0.152,0.561,0.065,0.014,0.687,-0.552,-0.075,0.203,0.125,-0.172,0.614,0.776,0.539,0.094,0.497,-0.19,0.125,-0.476,0.478,-0.062,0.48,0.401,0.129,0.38,0.138,-0.288,0.04,0.53,0.447,0.314,0.072,0.662,0.67,0.188,0.371,0.653,0.528,0.157,0.016,-0.258,0.263,0.216,0.613,0.668,-0.245,-0.208,0.152,0.532,0.491,0.26,0.503,0.775,0.647,0.371,0.076,0.352,0.394,0.642,0.511,0.245,0.191,0.09,0.597,0.342,0.431,0.338,0.067,0.654,0.808,0.612,0.295,0.339,0.229,0.37,-0.188,0.667,0.288,0.552,-0.032,0.528,0.093,0.206,0.53,0.397,0.7,0.325,-0.044,0.198,0.141,0.143,0.421,-0.002,0.257,0.571,0.153,0.206,0.535,0.7,0.658,0.095,-0.098,-0.21,0.173,0.9,0.388,0.503,0.198,0.68,0.206,-0.027,-0.059,0.031,0.137,0.155,0.718,0.314,-0.324,0.393,0.034,0.735,-0.17,0.003,0.347,0.381,0.176,-0.584,0.611,0.053,-0.482
ATRA,0.139,0.625,0.112,0.275,0.028,0.577,0.386,-0.402,0.026,0.289,-0.268,-0.02,-0.345,-0.344,0.238,0.588,0.012,0.179,0.0,0.296,-0.117,0.669,-0.109,-0.085,-0.065,0.278,0.11,0.189,-0.241,0.107,0.262,0.422,-0.211,0.486,0.144,0.321,0.311,0.15,-0.232,0.064,0.66,0.049,-0.112,0.182,-0.076,0.022,0.686,0.553,-0.246,0.045,-0.334,0.717,0.251,0.419,0.074,0.248,0.582,0.406,0.216,-0.295,0.733,-0.148,0.085,0.186,0.189,0.419,0.04,0.287,-0.351,-0.056,-0.227,0.378,0.122,0.724,0.017,-0.194,0.419,0.388,0.245,0.367,0.421,0.121,-0.094,-0.259,0.024,0.036,0.36,0.173,0.551,0.361,0.056,-0.082,0.394,-0.017,-0.036,0.286,0.353,0.58,-0.096,0.244,-0.095,0.157,0.015,0.643,0.665,-0.074,0.175,-0.183,0.386,0.152,0.019,0.421,0.43,0.514,-0.024,0.317,0.319,0.116,0.588,-0.085,0.269,-0.201,-0.005,0.193,0.796,0.078,0.099,-0.025,0.019,-0.332,0.3,0.035,0.334,-0.187,0.437,0.036,0.526,0.253,-0.264,-0.101,-0.186,-0.154,0.267,0.583,0.284,0.153,0.553,0.306,0.407,0.821,0.267,0.625,0.734,0.034,0.459,0.35,-0.269,0.463,0.529,-0.086,-0.038,-0.34,0.401,-0.213,0.072,0.381,0.067,0.05,-0.146,0.148,0.444,0.634,0.563,-0.06,0.148,0.09,0.031,0.251,0.047,0.435,0.456,0.349,0.164,0.324,0.409,0.655,-0.064,0.48,0.198,0.22,-0.196,-0.143,0.63,0.492,-0.146,0.139,0.241,-0.125,0.128,0.376
AUTL,0.579,0.044,0.436,0.628,0.767,0.588,-0.605,0.429,0.506,0.469,0.722,0.557,0.582,0.362,0.829,-0.348,0.457,0.738,0.296,0.0,0.364,0.26,0.449,0.779,0.661,0.768,0.225,0.443,0.543,0.096,0.312,0.451,0.498,0.345,0.537,0.615,-0.031,0.619,0.717,0.674,0.289,0.278,0.648,0.072,0.661,0.409,0.672,0.17,0.619,0.726,0.397,0.321,0.657,-0.049,0.773,0.826,0.232,0.298,0.693,0.563,0.057,0.618,0.571,0.699,0.513,0.517,0.738,0.338,0.619,0.57,0.712,0.478,0.782,0.254,0.328,0.76,-0.53,0.109,0.495,0.568,0.16,0.713,0.784,0.675,0.436,0.329,0.082,0.476,-0.36,0.61,0.352,0.66,0.749,0.549,0.612,0.531,0.119,0.259,0.798,0.562,0.579,0.443,0.567,0.808,0.366,0.627,0.798,0.729,0.483,0.266,0.082,0.489,0.263,0.797,0.514,-0.09,0.195,0.507,0.794,0.703,0.536,0.71,0.812,0.665,0.411,0.328,0.7,0.523,0.826,0.524,0.555,0.509,0.47,0.74,0.583,0.699,0.601,0.349,0.568,0.581,0.732,0.593,0.638,0.432,0.683,0.243,0.54,0.576,0.687,0.151,0.424,0.388,0.404,0.735,0.659,0.783,0.553,0.246,0.415,0.525,0.415,0.539,0.351,0.474,0.726,0.58,0.57,0.684,0.763,0.788,0.481,-0.039,0.131,0.481,0.783,0.68,0.711,0.545,0.517,0.563,0.315,0.171,0.302,0.405,0.286,0.63,0.603,-0.044,0.684,0.411,0.699,0.133,0.143,0.399,0.533,0.571,-0.631,0.659,0.403,-0.154
AVDL,-0.163,-0.512,-0.442,-0.197,-0.06,-0.044,-0.386,-0.001,-0.1,-0.361,0.286,-0.168,0.46,0.561,0.142,-0.266,-0.326,0.68,-0.117,0.364,0.0,-0.478,0.875,0.261,0.476,0.176,-0.549,-0.334,0.015,-0.71,-0.538,-0.463,0.715,-0.493,-0.182,-0.193,-0.714,-0.219,0.256,0.072,-0.481,-0.502,0.274,-0.685,-0.05,-0.424,-0.17,-0.613,0.178,0.714,0.102,-0.241,-0.057,-0.79,0.41,0.139,-0.596,-0.538,-0.118,0.451,-0.461,0.056,-0.098,-0.095,-0.328,-0.376,0.178,-0.427,0.37,0.81,0.387,-0.425,0.049,-0.224,-0.462,0.544,-0.68,-0.566,-0.36,-0.341,-0.657,0.341,0.459,0.332,-0.363,0.651,-0.641,-0.418,-0.612,-0.139,-0.499,0.178,-0.147,-0.315,0.0,-0.309,-0.721,-0.547,0.224,-0.096,-0.162,-0.422,0.662,0.24,-0.258,0.037,0.138,0.304,-0.455,-0.452,-0.625,-0.31,-0.233,0.343,0.786,-0.36,-0.659,-0.347,0.022,0.131,-0.279,0.231,0.369,0.183,0.106,-0.446,-0.084,-0.045,0.217,0.432,-0.26,-0.342,-0.467,0.33,-0.201,-0.079,-0.274,-0.423,0.616,0.818,0.326,-0.05,-0.209,-0.332,-0.164,-0.63,0.549,-0.305,-0.057,-0.456,0.18,-0.376,-0.263,0.03,-0.215,0.256,0.009,-0.527,-0.358,-0.291,-0.253,0.178,-0.511,-0.018,0.055,-0.333,-0.307,0.078,0.389,0.155,-0.458,-0.345,-0.639,-0.289,0.754,-0.127,0.022,-0.342,0.577,-0.382,-0.536,-0.568,-0.487,-0.394,-0.29,0.328,0.022,-0.726,-0.078,-0.491,0.497,-0.507,-0.502,-0.103,0.031,-0.313,-0.36,0.41,-0.445,-0.831
BCRX,0.434,0.934,0.543,0.559,0.342,0.721,0.279,-0.185,0.332,0.719,-0.134,0.324,-0.334,-0.682,0.376,0.377,0.577,-0.009,0.669,0.26,-0.478,0.0,-0.522,0.062,-0.206,0.371,0.632,0.356,0.064,0.626,0.729,0.835,-0.524,0.872,0.4,0.67,0.733,0.494,-0.134,0.262,0.969,0.528,-0.138,0.747,0.283,0.559,0.812,0.959,-0.105,-0.315,-0.304,0.924,0.478,0.844,0.101,0.352,0.879,0.573,0.529,-0.385,0.83,0.089,0.225,0.384,0.686,0.807,0.138,0.781,-0.281,-0.452,-0.207,0.793,0.378,0.642,0.503,-0.226,0.596,0.769,0.712,0.759,0.868,-0.065,-0.067,-0.182,0.315,-0.511,0.824,0.55,0.671,0.449,0.505,-0.043,0.579,0.369,0.074,0.628,0.789,0.857,0.112,0.39,0.298,0.67,-0.439,0.553,0.925,0.124,0.345,-0.02,0.827,0.732,0.414,0.768,0.779,0.393,-0.348,0.53,0.753,0.562,0.56,0.084,0.631,-0.115,0.035,0.275,0.552,0.555,0.404,0.281,0.218,-0.341,0.649,0.463,0.785,-0.134,0.829,0.38,0.818,0.535,-0.501,-0.475,-0.079,0.084,0.589,0.731,0.659,0.665,0.168,0.658,0.528,0.884,0.339,0.95,0.939,0.357,0.656,0.256,0.028,0.787,0.777,0.336,0.356,-0.025,0.851,-0.004,0.267,0.691,0.493,0.265,-0.1,0.286,0.848,0.737,0.913,0.338,-0.157,0.435,0.296,0.668,-0.354,0.712,0.863,0.755,0.707,0.741,0.615,0.45,0.165,0.882,0.551,0.713,-0.156,0.37,0.702,0.592,-0.059,0.559,0.154,-0.307,0.541,0.789
BHAT,-0.178,-0.6,-0.42,-0.15,0.018,-0.077,-0.454,0.068,-0.084,-0.407,0.402,-0.118,0.482,0.698,0.228,-0.279,-0.345,0.738,-0.109,0.449,0.875,-0.522,0.0,0.381,0.638,0.156,-0.572,-0.165,0.066,-0.704,-0.547,-0.482,0.845,-0.52,-0.137,-0.181,-0.741,-0.132,0.391,0.134,-0.485,-0.509,0.413,-0.729,-0.023,-0.413,-0.15,-0.656,0.296,0.783,0.22,-0.3,-0.049,-0.841,0.398,0.182,-0.633,-0.361,-0.035,0.566,-0.476,0.12,-0.038,-0.021,-0.355,-0.385,0.272,-0.51,0.462,0.9,0.523,-0.443,0.114,-0.314,-0.44,0.635,-0.773,-0.536,-0.368,-0.331,-0.698,0.491,0.506,0.428,-0.257,0.832,-0.724,-0.354,-0.626,0.065,-0.47,0.331,-0.08,-0.234,0.102,-0.296,-0.721,-0.53,0.298,-0.04,-0.083,-0.429,0.812,0.286,-0.328,0.096,0.212,0.406,-0.43,-0.563,-0.58,-0.343,-0.371,0.348,0.804,-0.407,-0.679,-0.325,0.169,0.246,-0.285,0.407,0.469,0.208,0.138,-0.393,-0.029,-0.039,0.273,0.498,-0.279,-0.282,-0.457,0.496,-0.258,-0.025,-0.225,-0.346,0.769,0.905,0.36,0.105,-0.204,-0.301,-0.182,-0.614,0.621,-0.275,0.052,-0.478,0.083,-0.459,-0.312,0.065,-0.123,0.321,0.057,-0.528,-0.362,-0.218,-0.245,0.173,-0.568,0.046,0.148,-0.307,-0.267,0.124,0.503,0.195,-0.434,-0.45,-0.695,-0.225,0.796,-0.095,0.062,-0.342,0.733,-0.304,-0.476,-0.609,-0.544,-0.437,-0.353,0.369,0.064,-0.803,-0.062,-0.481,0.573,-0.474,-0.428,-0.186,0.159,-0.263,-0.41,0.578,-0.407,-0.861
BLBD,0.737,-0.13,0.611,0.706,0.808,0.487,-0.867,0.708,0.707,0.549,0.911,0.795,0.788,0.442,0.752,-0.621,0.548,0.676,-0.085,0.779,0.261,0.062,0.381,0.0,0.734,0.807,0.419,0.639,0.846,0.204,0.447,0.346,0.597,0.255,0.762,0.687,0.053,0.791,0.9,0.857,0.104,0.518,0.791,0.082,0.854,0.561,0.502,0.059,0.899,0.652,0.693,0.043,0.785,-0.107,0.898,0.85,0.159,0.402,0.804,0.803,-0.256,0.896,0.803,0.814,0.616,0.456,0.913,0.409,0.875,0.544,0.846,0.499,0.892,0.058,0.569,0.86,-0.567,0.172,0.604,0.487,0.155,0.723,0.934,0.895,0.652,0.202,0.123,0.641,-0.548,0.718,0.533,0.822,0.715,0.712,0.858,0.575,0.171,0.237,0.888,0.708,0.835,0.538,0.528,0.515,0.15,0.808,0.909,0.82,0.493,0.368,0.317,0.54,0.18,0.525,0.289,-0.316,0.273,0.66,0.548,0.916,0.653,0.87,0.959,0.828,-0.043,0.566,0.809,0.805,0.915,0.768,0.626,0.727,0.463,0.906,0.528,0.87,0.546,0.513,0.728,0.597,0.926,0.823,0.733,0.379,0.713,0.386,0.181,0.653,0.77,-0.082,0.503,0.204,0.149,0.902,0.644,0.783,0.848,0.222,0.392,0.739,0.679,0.808,0.349,0.772,0.883,0.565,0.736,0.872,0.927,0.897,0.446,-0.218,0.029,0.747,0.689,0.835,0.902,0.618,0.514,0.554,0.258,0.315,0.455,0.502,0.355,0.399,0.796,-0.133,0.761,0.523,0.866,0.433,0.062,0.399,0.821,0.693,-0.851,0.79,0.604,-0.141
BMRN,0.325,-0.403,0.224,0.225,0.472,0.128,-0.779,0.598,0.439,0.016,0.788,0.39,0.626,0.654,0.615,-0.327,0.254,0.569,-0.065,0.661,0.476,-0.206,0.638,0.734,0.0,0.524,0.008,0.282,0.509,-0.116,-0.029,-0.077,0.871,-0.185,0.32,0.18,-0.37,0.464,0.727,0.458,-0.2,0.072,0.799,-0.286,0.512,0.238,0.229,-0.277,0.729,0.73,0.623,-0.191,0.372,-0.427,0.677,0.655,-0.188,0.048,0.407,0.844,-0.242,0.604,0.489,0.447,0.17,0.131,0.581,-0.046,0.802,0.693,0.882,0.013,0.528,-0.183,0.156,0.91,-0.703,-0.18,0.162,0.246,-0.292,0.619,0.69,0.846,0.263,0.57,-0.321,0.219,-0.594,0.503,0.21,0.692,0.347,0.381,0.618,0.247,-0.103,-0.204,0.74,0.208,0.478,0.142,0.782,0.443,-0.135,0.58,0.622,0.833,0.028,-0.128,-0.086,0.061,-0.333,0.523,0.537,-0.511,-0.112,0.281,0.417,0.761,0.183,0.794,0.728,0.496,-0.07,0.139,0.58,0.438,0.635,0.831,0.207,0.323,0.026,0.872,0.118,0.481,0.158,0.242,0.875,0.745,0.706,0.702,0.332,-0.025,0.353,0.081,0.4,0.159,0.398,-0.302,0.157,-0.11,-0.081,0.504,0.282,0.56,0.596,-0.162,-0.034,0.45,0.383,0.6,-0.086,0.492,0.483,0.274,0.342,0.594,0.78,0.506,0.067,-0.41,-0.289,0.406,0.708,0.418,0.522,0.212,0.564,0.167,0.048,-0.102,-0.046,0.085,-0.08,0.32,0.622,-0.521,0.507,0.118,0.771,0.098,-0.24,-0.033,0.569,0.418,-0.756,0.811,0.24,-0.424
BNGO,0.794,0.175,0.674,0.8,0.717,0.784,-0.6,0.527,0.698,0.707,0.697,0.834,0.616,0.179,0.696,-0.344,0.521,0.618,0.278,0.768,0.176,0.371,0.156,0.807,0.524,0.0,0.487,0.675,0.706,0.314,0.617,0.528,0.358,0.449,0.828,0.776,0.251,0.827,0.635,0.774,0.36,0.595,0.624,0.214,0.776,0.55,0.748,0.341,0.727,0.547,0.542,0.349,0.848,0.167,0.887,0.881,0.482,0.511,0.862,0.623,0.043,0.799,0.837,0.874,0.739,0.568,0.807,0.593,0.633,0.397,0.602,0.649,0.874,0.437,0.592,0.636,-0.236,0.247,0.743,0.655,0.402,0.567,0.818,0.7,0.617,0.001,0.398,0.756,-0.296,0.732,0.567,0.653,0.816,0.724,0.8,0.695,0.375,0.514,0.769,0.778,0.742,0.588,0.415,0.651,0.454,0.684,0.92,0.606,0.649,0.513,0.293,0.755,0.415,0.655,0.12,-0.136,0.484,0.663,0.615,0.787,0.792,0.581,0.853,0.892,0.226,0.546,0.765,0.849,0.868,0.622,0.832,0.714,0.57,0.656,0.727,0.846,0.716,0.574,0.497,0.41,0.78,0.636,0.864,0.582,0.845,0.524,0.245,0.759,0.797,0.28,0.647,0.508,0.434,0.877,0.753,0.888,0.72,0.372,0.588,0.705,0.629,0.642,0.587,0.597,0.785,0.726,0.769,0.867,0.72,0.898,0.601,0.04,0.361,0.716,0.602,0.859,0.89,0.685,0.316,0.642,0.432,0.558,0.611,0.702,0.617,0.506,0.695,0.157,0.814,0.611,0.651,0.302,0.268,0.739,0.727,0.761,-0.672,0.666,0.627,0.114
BUSE,0.804,0.562,0.91,0.694,0.599,0.506,-0.28,0.473,0.766,0.872,0.285,0.716,0.079,-0.432,0.51,-0.215,0.817,-0.08,0.11,0.225,-0.549,0.632,-0.572,0.419,0.008,0.487,0.0,0.605,0.642,0.832,0.877,0.734,-0.293,0.705,0.737,0.774,0.77,0.787,0.329,0.62,0.609,0.92,0.164,0.759,0.738,0.898,0.588,0.731,0.442,-0.259,0.332,0.423,0.731,0.734,0.345,0.55,0.756,0.628,0.653,0.051,0.318,0.608,0.663,0.666,0.832,0.809,0.454,0.882,0.28,-0.44,0.203,0.871,0.631,0.302,0.929,0.122,0.348,0.808,0.869,0.755,0.801,0.091,0.241,0.301,0.759,-0.621,0.812,0.816,0.185,0.586,0.929,0.325,0.621,0.767,0.56,0.736,0.892,0.705,0.399,0.582,0.794,0.937,-0.395,0.221,0.509,0.595,0.562,0.32,0.84,0.901,0.824,0.804,0.527,0.088,-0.441,0.062,0.888,0.901,0.319,0.499,0.822,0.322,0.321,0.45,-0.13,0.898,0.749,0.709,0.449,0.115,0.763,0.893,0.824,0.292,0.742,0.712,0.69,0.868,-0.167,-0.387,0.368,0.58,0.795,0.66,0.792,0.891,-0.357,0.806,0.611,0.471,0.376,0.682,0.529,0.67,0.647,0.303,0.638,0.747,0.746,0.794,0.889,0.537,0.871,0.571,0.583,0.729,0.855,0.621,0.307,0.553,0.813,0.401,0.696,0.838,-0.161,0.768,0.679,0.909,-0.278,0.776,0.676,0.888,0.919,0.892,0.595,0.11,0.639,0.69,0.707,0.931,0.176,0.857,0.582,0.465,0.471,0.819,-0.347,0.03,0.946,0.734
CAKE,0.791,0.218,0.782,0.752,0.684,0.541,-0.384,0.498,0.62,0.701,0.504,0.836,0.407,0.116,0.485,-0.331,0.464,0.187,0.189,0.443,-0.334,0.356,-0.165,0.639,0.282,0.675,0.605,0.0,0.683,0.56,0.762,0.579,0.065,0.569,0.865,0.722,0.589,0.781,0.622,0.755,0.411,0.768,0.544,0.386,0.687,0.564,0.623,0.42,0.629,0.248,0.582,0.206,0.801,0.416,0.535,0.634,0.606,0.901,0.808,0.431,0.059,0.745,0.802,0.871,0.715,0.54,0.782,0.58,0.453,0.05,0.378,0.697,0.737,0.356,0.737,0.327,0.006,0.474,0.693,0.547,0.561,0.598,0.515,0.514,0.864,-0.144,0.51,0.867,0.03,0.765,0.686,0.651,0.772,0.795,0.803,0.665,0.565,0.673,0.517,0.854,0.757,0.582,0.158,0.306,0.329,0.636,0.719,0.332,0.697,0.498,0.709,0.73,0.344,0.223,-0.272,0.009,0.638,0.716,0.492,0.662,0.836,0.524,0.605,0.655,0.079,0.708,0.666,0.753,0.601,0.32,0.784,0.772,0.684,0.514,0.575,0.787,0.649,0.695,0.267,0.062,0.561,0.635,0.787,0.704,0.663,0.684,-0.09,0.826,0.787,0.361,0.406,0.385,0.316,0.725,0.793,0.675,0.644,0.608,0.68,0.734,0.629,0.399,0.601,0.743,0.793,0.716,0.791,0.663,0.545,0.734,0.672,0.051,0.47,0.787,0.171,0.798,0.783,0.684,0.282,0.773,0.453,0.652,0.665,0.663,0.744,0.257,0.56,0.367,0.6,0.704,0.344,0.526,0.512,0.649,0.797,0.694,-0.414,0.47,0.749,0.428
CASY,0.817,-0.089,0.764,0.672,0.747,0.36,-0.819,0.823,0.809,0.653,0.774,0.861,0.7,0.274,0.615,-0.712,0.631,0.379,-0.241,0.543,0.015,0.064,0.066,0.846,0.509,0.706,0.642,0.683,0.0,0.429,0.575,0.363,0.377,0.268,0.816,0.699,0.299,0.81,0.847,0.881,0.083,0.727,0.597,0.252,0.905,0.69,0.379,0.135,0.899,0.361,0.804,-0.034,0.804,0.083,0.734,0.744,0.263,0.471,0.71,0.673,-0.313,0.934,0.823,0.81,0.691,0.461,0.829,0.518,0.846,0.248,0.708,0.566,0.851,-0.013,0.771,0.687,-0.347,0.361,0.668,0.465,0.28,0.56,0.766,0.812,0.795,-0.116,0.3,0.716,-0.499,0.668,0.739,0.734,0.605,0.803,0.887,0.59,0.359,0.303,0.757,0.713,0.931,0.678,0.224,0.22,0.05,0.88,0.798,0.713,0.54,0.576,0.594,0.578,0.202,0.198,0.035,-0.334,0.461,0.782,0.273,0.848,0.718,0.782,0.789,0.693,-0.334,0.76,0.823,0.886,0.768,0.694,0.672,0.84,0.527,0.785,0.499,0.848,0.438,0.644,0.546,0.312,0.841,0.837,0.74,0.379,0.702,0.553,-0.163,0.685,0.653,-0.073,0.467,0.227,0.106,0.873,0.571,0.56,0.948,0.33,0.465,0.84,0.845,0.889,0.464,0.889,0.85,0.56,0.833,0.839,0.844,0.825,0.474,-0.182,0.083,0.872,0.395,0.859,0.905,0.721,0.309,0.552,0.221,0.486,0.643,0.607,0.419,0.15,0.802,0.041,0.668,0.652,0.726,0.69,0.165,0.361,0.885,0.723,-0.815,0.622,0.765,0.074
CCOI,0.644,0.556,0.846,0.544,0.574,0.363,-0.041,0.416,0.515,0.706,0.169,0.562,-0.11,-0.372,0.345,-0.028,0.759,-0.335,0.107,0.096,-0.71,0.626,-0.704,0.204,-0.116,0.314,0.832,0.56,0.429,0.0,0.836,0.787,-0.486,0.732,0.534,0.599,0.815,0.635,0.211,0.41,0.587,0.805,0.136,0.892,0.585,0.818,0.525,0.727,0.251,-0.362,0.188,0.381,0.506,0.85,0.096,0.366,0.787,0.623,0.504,-0.119,0.465,0.392,0.478,0.53,0.726,0.742,0.272,0.776,0.053,-0.568,0.052,0.741,0.475,0.351,0.798,-0.062,0.391,0.67,0.734,0.749,0.783,0.039,-0.007,0.149,0.717,-0.665,0.752,0.734,0.368,0.402,0.848,0.216,0.563,0.753,0.428,0.767,0.893,0.67,0.315,0.397,0.606,0.778,-0.456,0.151,0.482,0.498,0.323,0.196,0.772,0.774,0.824,0.642,0.443,0.022,-0.575,0.273,0.903,0.773,0.303,0.368,0.668,0.218,0.111,0.171,-0.07,0.765,0.573,0.455,0.266,-0.069,0.676,0.751,0.821,0.105,0.623,0.569,0.587,0.713,-0.334,-0.548,0.186,0.5,0.637,0.559,0.641,0.918,-0.489,0.697,0.385,0.489,0.092,0.626,0.496,0.452,0.562,0.151,0.472,0.748,0.551,0.699,0.656,0.242,0.808,0.414,0.372,0.743,0.754,0.351,0.11,0.297,0.782,0.327,0.755,0.691,-0.358,0.623,0.464,0.761,-0.44,0.714,0.718,0.771,0.809,0.705,0.547,-0.112,0.445,0.747,0.55,0.855,-0.05,0.785,0.434,0.337,0.312,0.728,-0.089,-0.125,0.793,0.819
CEVA,0.838,0.658,0.914,0.815,0.667,0.699,-0.171,0.348,0.656,0.931,0.294,0.786,0.116,-0.397,0.463,-0.118,0.754,-0.011,0.262,0.312,-0.538,0.729,-0.547,0.447,-0.029,0.617,0.877,0.762,0.575,0.836,0.0,0.858,-0.353,0.849,0.823,0.853,0.85,0.816,0.32,0.648,0.736,0.929,0.248,0.786,0.692,0.819,0.758,0.815,0.385,-0.159,0.24,0.552,0.802,0.783,0.418,0.592,0.888,0.786,0.803,0.061,0.419,0.605,0.683,0.759,0.918,0.84,0.547,0.923,0.185,-0.359,0.114,0.936,0.702,0.509,0.875,0.067,0.358,0.723,0.934,0.789,0.904,0.199,0.298,0.261,0.792,-0.574,0.888,0.916,0.31,0.634,0.851,0.349,0.773,0.796,0.595,0.836,0.861,0.873,0.429,0.733,0.748,0.852,-0.304,0.359,0.686,0.544,0.637,0.211,0.927,0.877,0.771,0.92,0.687,0.216,-0.503,0.263,0.924,0.849,0.455,0.506,0.931,0.269,0.388,0.557,0.106,0.855,0.682,0.707,0.517,0.06,0.888,0.853,0.902,0.229,0.847,0.782,0.838,0.793,-0.174,-0.336,0.372,0.49,0.874,0.792,0.833,0.905,-0.237,0.923,0.727,0.601,0.499,0.76,0.64,0.73,0.805,0.486,0.553,0.822,0.824,0.746,0.733,0.378,0.925,0.546,0.643,0.869,0.871,0.601,0.277,0.626,0.914,0.415,0.823,0.803,-0.097,0.828,0.721,0.87,-0.205,0.86,0.749,0.925,0.95,0.917,0.818,0.204,0.548,0.759,0.737,0.942,0.144,0.707,0.586,0.71,0.493,0.827,-0.242,0.062,0.871,0.773
