,AAPL,ACRS,ADP,AFYA,AGNC,AGYS,ALT,AMGN,AMPH,AMZN,ANIP,AOSL,APDN,APLT,APVO,ARGX,ARLP,ATEX,ATRA,AUTL,AVDL,BCRX,BHAT,BLBD,BMRN,BNGO,BUSE,CAKE,CASY,CCOI,CEVA,CHY,CLDX,CLMT,COHU,COLM,COST,CPRT,CSWC,CSX,DBX,DCOM,DKNG,DMLP,DOX,EA,EDIT,ENPH,ENSG,ERNA,ESGR,ETNB,EXTR,FANG,FARO,FATE,FGEN,FIVE,FIVN,FLGT,FOLD,FORM,FOXA,FRPT,FSLR,FTAI,GBDC,GDYN,GGAL,GNLN,GRFS,GT,HCAT,HCM,HFWA,HOLX,HQY,HUBG,IAC,ICLR,IDCC,IEP,IHRT,ILMN,ILPT,IMAB,IMOS,INMD,INTZ,JAZZ,JKHY,JRVR,KIDS,LBRDK,LGND,LMAT,LPLA,LULU,MASI,MAT,MATW,MBIN,MBIO,MCRB,MDB,MDLZ,MELI,MIRM,MLKN,MNMD,MNRO,MPWR,MRCY,MRSN,MTVA,NAAS,NDAQ,NDSN,NEGG,NOVT,NVDA,NWE,NWSA,NXST,OCX,ODFL,OMAB,OPCH,OPRA,ORGO,OTRK,OZK,PAGP,PCH,PEGA,PENG,PENN,PFBC,PGNY,PHAT,PHUN,PINC,PLUG,PLXS,PYPL,QLYS,QNCX,QQQX,QVCGA,RAPT,RBBN,RCKT,REPL,RMBS,ROAD,ROKU,ROP,RUSHA,SANM,SATS,SBCF,SBLK,SBUX,SCHL,SCSC,SDGR,SEIC,SFIX,SGRY,SKYW,SLP,SNES,STAA,STLD,STOK,SWKS,TER,TFIN,TIGO,TILE,TPIC,TTEC,TTEK,TTGT,UXIN,VERU,VLYPP,VNOM,VRNS,VRSN,WDAY,WERN,WINA,WKHS,WRLD,XP,XTKG,YY,ZION,ZM
AAPL,0.0,0.688,-0.187,0.853,-0.31,0.532,0.855,0.412,0.334,0.675,-0.722,0.593,-0.254,-0.437,0.437,0.619,-0.205,0.472,0.307,0.607,0.563,0.546,0.059,0.384,0.77,0.552,0.284,0.388,0.349,0.483,0.523,0.791,0.747,0.344,0.26,0.708,0.893,0.433,0.875,0.308,0.817,-0.7,0.738,0.618,0.7,0.098,0.049,0.743,-0.09,-0.463,0.459,-0.63,-0.057,0.488,-0.313,0.371,0.614,0.661,0.503,0.515,-0.039,0.242,0.663,0.727,-0.32,0.418,0.807,-0.165,0.906,-0.149,-0.267,0.002,0.249,-0.167,-0.068,0.662,0.57,0.021,0.552,0.809,0.191,0.842,0.445,0.108,0.165,-0.367,0.369,0.873,-0.143,0.752,0.779,0.538,-0.271,0.884,0.796,-0.136,0.788,0.83,0.576,0.464,0.098,0.34,-0.432,0.329,0.67,0.006,0.578,0.677,0.545,0.6,-0.734,0.451,-0.666,-0.339,-0.414,-0.047,0.558,0.29,0.072,0.051,0.752,0.389,0.763,0.735,-0.061,0.543,0.745,0.681,0.602,0.237,-0.258,0.17,0.758,0.483,0.815,-0.026,0.728,0.44,0.604,0.516,0.42,-0.248,0.662,-0.021,-0.518,0.524,-0.512,0.815,-0.509,-0.029,0.053,0.492,-0.509,0.6,0.662,0.404,0.765,-0.619,0.764,0.428,-0.357,0.743,0.039,0.246,0.441,0.316,0.662,0.145,0.575,-0.41,0.025,0.303,0.562,0.717,-0.248,0.069,-0.552,0.008,0.684,0.032,-0.278,0.046,0.576,0.429,0.543,0.568,-0.634,0.461,0.591,0.471,0.185,-0.21,0.294,0.421,-0.27,0.571,0.76,0.473,0.702,0.042
ACRS,0.688,0.0,-0.339,0.643,-0.64,0.798,0.815,0.345,0.673,0.682,-0.588,0.884,-0.675,-0.752,0.402,0.714,-0.31,0.79,0.287,0.849,0.722,0.942,0.019,0.729,0.927,0.466,0.2,0.864,-0.122,0.835,0.545,0.73,0.873,0.793,0.219,0.927,0.83,-0.005,0.655,-0.153,0.737,-0.711,0.837,0.592,0.935,-0.066,-0.402,0.858,0.283,-0.664,0.538,-0.742,-0.277,0.574,-0.252,0.213,0.941,0.71,0.778,0.666,0.068,0.074,0.919,0.871,-0.602,0.486,0.889,-0.625,0.545,-0.46,-0.726,-0.355,0.347,-0.376,0.242,0.632,0.94,0.35,0.574,0.551,-0.22,0.819,0.733,-0.21,-0.382,-0.438,0.364,0.773,0.157,0.752,0.656,0.236,0.063,0.857,0.826,0.018,0.955,0.438,0.709,0.796,-0.281,0.403,-0.67,0.485,0.895,-0.172,0.578,0.947,0.767,0.909,-0.821,0.646,-0.755,-0.449,-0.73,-0.382,0.045,-0.169,-0.139,0.025,0.681,0.099,0.852,0.96,-0.261,0.183,0.951,0.958,0.713,0.448,-0.572,0.372,0.491,0.648,0.721,-0.183,0.959,0.264,0.763,0.847,0.764,-0.548,0.631,0.069,-0.822,0.308,-0.688,0.433,-0.299,0.208,-0.166,0.867,-0.699,0.822,0.732,0.457,0.457,-0.812,0.577,0.724,0.03,0.953,-0.323,0.467,0.376,0.282,0.604,0.051,0.883,-0.716,-0.282,0.114,0.738,0.799,-0.02,-0.25,-0.553,-0.002,0.675,0.116,-0.603,-0.133,0.762,0.102,0.229,0.873,-0.783,0.556,0.856,0.228,-0.18,-0.511,0.189,0.405,0.19,0.855,0.669,0.364,0.922,-0.204
ADP,-0.187,-0.339,0.0,-0.471,0.383,-0.003,-0.17,0.363,-0.203,0.193,0.505,-0.005,0.629,0.674,0.53,0.278,-0.051,-0.023,0.006,0.028,0.033,-0.323,0.507,-0.067,-0.18,0.477,0.398,-0.067,0.257,-0.234,0.402,0.084,-0.035,-0.117,0.498,-0.105,-0.268,0.65,-0.201,0.569,0.128,0.653,-0.118,-0.637,-0.199,0.566,0.562,0.022,0.289,0.606,-0.723,0.806,0.775,-0.567,0.865,0.318,-0.436,0.255,0.121,0.231,0.492,0.415,-0.231,-0.069,0.653,0.376,-0.251,0.683,-0.323,0.705,0.625,0.489,0.546,0.889,0.555,0.022,-0.486,0.431,0.163,-0.198,0.7,-0.213,-0.228,0.88,0.606,0.839,0.634,-0.04,0.603,0.054,0.126,0.309,0.547,-0.235,-0.145,0.753,-0.282,0.2,0.335,-0.035,0.745,0.282,0.804,-0.239,-0.013,0.544,0.141,-0.189,-0.319,-0.258,0.57,0.239,0.634,0.855,0.709,0.38,0.55,0.582,0.825,0.872,0.225,-0.296,-0.049,-0.243,0.71,0.397,-0.283,-0.299,-0.085,0.479,0.794,0.513,-0.252,0.273,0.018,0.745,-0.35,0.04,-0.025,-0.539,0.124,0.693,0.307,0.721,0.4,0.206,0.876,0.164,0.505,0.563,0.812,-0.008,0.734,0.141,-0.616,0.396,0.192,0.451,0.093,0.1,0.354,-0.331,0.387,0.048,0.536,0.41,0.39,0.393,-0.039,0.414,0.872,0.393,0.303,0.032,0.233,0.48,0.824,0.82,0.105,0.691,0.657,0.483,0.172,0.405,0.615,-0.005,0.676,-0.515,0.081,0.539,0.701,0.827,0.291,0.425,0.501,-0.593,-0.28,0.423,-0.412,0.73
AFYA,0.853,0.643,-0.471,0.0,-0.217,0.399,0.729,0.355,0.303,0.492,-0.676,0.452,-0.33,-0.509,0.21,0.376,0.001,0.357,0.349,0.452,0.385,0.511,-0.08,0.276,0.622,0.348,0.131,0.269,0.237,0.429,0.23,0.661,0.588,0.315,0.106,0.553,0.759,0.125,0.756,0.073,0.638,-0.761,0.659,0.663,0.599,-0.171,-0.061,0.598,-0.201,-0.496,0.543,-0.738,-0.203,0.601,-0.545,0.244,0.629,0.401,0.314,0.381,-0.213,0.056,0.563,0.58,-0.366,0.237,0.732,-0.262,0.87,-0.294,-0.372,-0.109,0.1,-0.388,-0.299,0.442,0.569,-0.124,0.432,0.765,-0.005,0.775,0.465,-0.191,-0.001,-0.578,0.078,0.731,-0.384,0.601,0.553,0.306,-0.382,0.724,0.666,-0.38,0.708,0.62,0.293,0.334,-0.11,0.131,-0.545,0.395,0.514,-0.109,0.471,0.585,0.521,0.527,-0.753,0.203,-0.704,-0.486,-0.508,-0.28,0.311,0.045,-0.124,-0.246,0.532,0.521,0.565,0.614,-0.286,0.235,0.66,0.605,0.49,0.064,-0.378,-0.073,0.684,0.303,0.63,-0.195,0.679,0.261,0.524,0.551,0.264,-0.316,0.39,-0.331,-0.432,0.355,-0.668,0.686,-0.522,-0.162,-0.174,0.374,-0.6,0.423,0.721,0.28,0.483,-0.619,0.502,0.24,-0.372,0.684,-0.023,0.073,0.184,0.14,0.336,0.125,0.412,-0.353,-0.208,0.239,0.31,0.549,-0.22,-0.0,-0.756,-0.232,0.437,-0.191,-0.4,-0.073,0.295,0.254,0.262,0.432,-0.693,0.616,0.395,0.136,-0.007,-0.428,0.114,0.258,-0.428,0.654,0.753,0.227,0.678,-0.135
AGNC,-0.31,-0.64,0.383,-0.217,0.0,-0.393,-0.303,0.129,-0.594,-0.317,0.617,-0.536,0.8,0.83,0.036,-0.41,0.475,-0.576,0.4,-0.557,-0.477,-0.637,0.383,-0.559,-0.598,0.108,0.191,-0.602,0.377,-0.452,-0.235,-0.223,-0.423,-0.624,0.384,-0.623,-0.55,0.39,-0.303,0.32,-0.255,0.645,-0.339,-0.463,-0.671,-0.097,0.75,-0.426,-0.222,0.85,-0.46,0.637,0.605,-0.284,0.313,0.419,-0.57,-0.32,-0.556,-0.205,0.294,0.35,-0.669,-0.582,0.821,0.082,-0.507,0.839,-0.136,0.679,0.757,0.696,0.008,0.574,-0.161,-0.451,-0.752,-0.153,-0.08,-0.105,0.474,-0.339,-0.304,0.391,0.715,0.422,-0.01,-0.242,-0.146,-0.468,-0.458,0.103,0.14,-0.653,-0.384,0.086,-0.622,-0.006,-0.451,-0.593,0.574,-0.15,0.776,-0.096,-0.571,0.245,-0.209,-0.585,-0.446,-0.472,0.708,-0.5,0.669,0.682,0.702,0.155,0.328,0.485,0.516,0.218,-0.199,0.245,-0.524,-0.687,0.478,0.006,-0.689,-0.621,-0.472,0.01,0.744,-0.102,-0.246,-0.242,-0.246,0.566,-0.543,-0.155,-0.304,-0.619,-0.538,0.679,-0.25,0.011,0.85,0.144,0.57,0.142,0.519,0.239,0.355,-0.527,0.802,-0.426,-0.403,0.021,-0.295,0.733,-0.439,-0.621,0.205,-0.704,0.709,-0.402,-0.017,0.169,-0.271,0.55,-0.615,0.783,0.542,0.486,-0.385,-0.495,0.404,0.7,0.527,0.187,-0.292,0.204,0.731,0.393,-0.651,0.271,0.13,-0.621,0.705,-0.222,-0.612,-0.077,0.469,0.479,0.121,0.14,-0.066,-0.541,-0.118,-0.078,-0.584,0.54
AGYS,0.532,0.798,-0.003,0.399,-0.393,0.0,0.716,0.358,0.492,0.706,-0.186,0.895,-0.492,-0.409,0.631,0.738,-0.092,0.699,0.388,0.814,0.881,0.853,0.244,0.864,0.84,0.646,0.41,0.853,-0.037,0.817,0.779,0.718,0.877,0.828,0.534,0.791,0.559,0.189,0.435,0.134,0.786,-0.34,0.899,0.199,0.791,-0.034,-0.156,0.81,0.646,-0.24,0.404,-0.35,0.167,0.394,0.165,0.369,0.719,0.702,0.886,0.822,0.503,0.341,0.825,0.868,-0.182,0.61,0.671,-0.326,0.394,-0.093,-0.458,-0.268,0.637,-0.015,0.478,0.343,0.707,0.615,0.774,0.259,0.047,0.769,0.802,0.029,-0.164,0.051,0.574,0.664,0.331,0.765,0.604,0.173,0.502,0.628,0.694,0.38,0.76,0.388,0.783,0.881,0.151,0.376,-0.267,0.661,0.889,-0.222,0.815,0.815,0.741,0.789,-0.469,0.833,-0.334,-0.047,-0.377,-0.277,0.193,-0.011,0.25,0.341,0.787,-0.054,0.73,0.812,0.039,0.129,0.777,0.801,0.58,0.739,-0.161,0.481,0.184,0.775,0.76,0.29,0.803,0.09,0.926,0.734,0.797,-0.292,0.775,0.455,-0.466,0.242,-0.333,0.49,-0.012,0.586,0.224,0.93,-0.319,0.905,0.533,0.755,0.384,-0.458,0.566,0.723,0.338,0.756,-0.003,0.689,0.438,0.625,0.68,0.315,0.834,-0.406,0.103,0.205,0.738,0.795,0.343,0.101,-0.147,0.342,0.628,0.52,-0.203,0.313,0.712,0.134,0.39,0.896,-0.436,0.458,0.871,0.359,0.156,-0.201,0.181,0.725,0.488,0.687,0.426,0.684,0.73,0.263
ALT,0.855,0.815,-0.17,0.729,-0.303,0.716,0.0,0.391,0.339,0.698,-0.526,0.722,-0.353,-0.441,0.508,0.678,-0.281,0.634,0.543,0.714,0.628,0.719,0.173,0.518,0.877,0.648,0.333,0.601,0.169,0.686,0.624,0.744,0.883,0.475,0.434,0.793,0.828,0.355,0.785,0.1,0.832,-0.6,0.848,0.536,0.745,-0.049,0.057,0.819,0.075,-0.354,0.438,-0.609,-0.039,0.479,-0.161,0.589,0.8,0.743,0.61,0.604,0.249,0.36,0.747,0.803,-0.295,0.529,0.813,-0.234,0.747,-0.09,-0.392,-0.035,0.386,-0.116,0.09,0.64,0.706,0.194,0.706,0.691,0.129,0.821,0.595,0.067,0.082,-0.292,0.465,0.913,0.115,0.718,0.723,0.51,-0.035,0.826,0.92,0.04,0.828,0.715,0.665,0.56,0.04,0.395,-0.389,0.537,0.788,-0.019,0.643,0.781,0.695,0.815,-0.668,0.542,-0.561,-0.228,-0.457,-0.116,0.41,0.195,0.112,0.165,0.778,0.296,0.812,0.804,0.01,0.4,0.772,0.825,0.63,0.477,-0.248,0.307,0.623,0.547,0.864,0.06,0.826,0.329,0.749,0.64,0.538,-0.295,0.751,0.093,-0.526,0.539,-0.512,0.719,-0.243,0.237,0.015,0.687,-0.415,0.723,0.728,0.537,0.583,-0.596,0.672,0.513,-0.135,0.759,0.069,0.423,0.474,0.49,0.678,0.319,0.663,-0.474,0.005,0.375,0.707,0.683,0.088,0.071,-0.426,0.046,0.682,0.169,-0.227,0.094,0.635,0.423,0.503,0.694,-0.586,0.457,0.713,0.402,0.192,-0.256,0.398,0.581,0.01,0.72,0.805,0.506,0.749,0.104
AMGN,0.412,0.345,0.363,0.355,0.129,0.358,0.391,0.0,0.344,0.538,-0.009,0.491,0.173,-0.017,0.632,0.54,-0.087,0.461,0.332,0.372,0.241,0.335,0.245,0.198,0.306,0.56,0.51,0.343,0.237,0.238,0.504,0.557,0.443,0.308,0.546,0.473,0.339,0.436,0.244,0.323,0.507,-0.02,0.371,-0.068,0.379,0.223,0.134,0.551,0.115,0.001,-0.237,0.06,0.401,-0.122,0.297,0.334,0.34,0.455,0.419,0.524,0.189,0.344,0.295,0.416,0.114,0.585,0.395,0.191,0.269,0.08,0.004,0.264,0.491,0.309,0.367,0.372,0.18,0.465,0.295,0.413,0.445,0.41,0.347,0.421,0.301,0.09,0.557,0.51,0.241,0.419,0.518,0.441,0.267,0.327,0.416,0.432,0.413,0.432,0.472,0.307,0.412,0.361,0.13,0.031,0.423,0.424,0.369,0.466,0.324,0.257,-0.164,0.315,-0.077,0.284,-0.003,-0.214,0.407,0.399,0.452,0.552,0.549,0.236,0.435,0.346,0.193,0.315,0.39,0.346,0.211,0.555,0.164,0.593,0.232,0.624,0.356,0.444,0.363,0.164,0.353,0.031,0.482,0.289,0.426,0.305,-0.114,0.469,0.094,0.501,0.06,0.426,0.43,0.401,0.067,0.563,0.095,0.413,0.361,-0.203,0.223,0.352,0.405,0.335,0.167,0.137,0.683,0.253,0.6,0.421,0.391,-0.054,0.484,0.492,0.504,0.46,0.143,0.313,0.098,0.528,0.401,0.49,0.081,0.212,0.433,0.513,0.509,0.374,-0.081,-0.036,0.406,0.337,0.346,0.161,0.358,0.477,0.324,0.067,0.401,0.306,0.309,0.29
AMPH,0.334,0.673,-0.203,0.303,-0.594,0.492,0.339,0.344,0.0,0.522,-0.355,0.65,-0.521,-0.676,0.294,0.533,-0.006,0.685,-0.047,0.641,0.525,0.725,-0.066,0.492,0.566,0.144,0.198,0.677,-0.307,0.447,0.29,0.515,0.519,0.722,-0.044,0.674,0.516,-0.221,0.29,-0.244,0.335,-0.437,0.452,0.432,0.692,0.144,-0.532,0.548,0.21,-0.626,0.254,-0.441,-0.281,0.41,-0.217,-0.179,0.605,0.396,0.558,0.572,-0.132,-0.293,0.665,0.553,-0.623,0.338,0.625,-0.611,0.223,-0.575,-0.644,-0.421,0.129,-0.308,0.443,0.467,0.666,0.322,0.124,0.219,-0.346,0.501,0.522,-0.219,-0.426,-0.332,0.159,0.368,0.128,0.531,0.36,0.113,0.048,0.563,0.412,0.07,0.675,0.05,0.471,0.665,-0.267,0.345,-0.543,0.071,0.594,-0.109,0.213,0.714,0.422,0.558,-0.636,0.445,-0.583,-0.343,-0.636,-0.362,-0.172,-0.347,-0.191,-0.003,0.361,-0.013,0.582,0.693,-0.4,-0.012,0.685,0.609,0.294,0.277,-0.544,0.407,0.329,0.564,0.269,-0.208,0.625,0.261,0.4,0.488,0.734,-0.474,0.252,0.079,-0.718,-0.011,-0.477,0.098,-0.283,0.105,-0.055,0.621,-0.584,0.582,0.396,0.147,0.267,-0.715,0.231,0.608,0.209,0.721,-0.54,0.307,0.302,-0.114,0.445,-0.293,0.682,-0.68,-0.245,-0.065,0.438,0.622,-0.192,-0.468,-0.359,0.151,0.514,0.113,-0.682,-0.341,0.616,-0.046,0.022,0.656,-0.592,0.376,0.579,-0.001,-0.412,-0.436,-0.07,0.14,0.321,0.422,0.338,0.085,0.721,-0.389
AMZN,0.675,0.682,0.193,0.492,-0.317,0.706,0.698,0.538,0.522,0.0,-0.339,0.786,-0.134,-0.334,0.72,0.895,-0.166,0.816,0.282,0.826,0.696,0.654,0.325,0.505,0.757,0.724,0.534,0.632,0.089,0.466,0.732,0.845,0.818,0.607,0.49,0.829,0.698,0.408,0.601,0.25,0.782,-0.375,0.745,0.324,0.766,0.322,0.103,0.839,0.196,-0.301,0.063,-0.266,0.239,0.33,0.081,0.391,0.582,0.816,0.755,0.797,0.267,0.161,0.675,0.754,-0.212,0.646,0.757,-0.093,0.51,-0.03,-0.288,-0.01,0.521,0.183,0.482,0.687,0.572,0.341,0.643,0.524,0.196,0.708,0.465,0.379,0.104,0.002,0.645,0.773,0.339,0.837,0.703,0.587,0.191,0.728,0.669,0.339,0.795,0.631,0.765,0.664,0.238,0.584,-0.146,0.179,0.818,0.12,0.624,0.773,0.424,0.646,-0.558,0.658,-0.416,0.011,-0.3,-0.02,0.496,0.218,0.394,0.459,0.826,0.022,0.808,0.73,0.072,0.394,0.683,0.691,0.539,0.616,-0.065,0.586,0.544,0.725,0.717,0.263,0.653,0.474,0.662,0.364,0.806,-0.193,0.768,0.372,-0.505,0.517,-0.213,0.688,-0.119,0.385,0.423,0.719,-0.271,0.783,0.444,0.679,0.613,-0.595,0.599,0.648,0.087,0.736,-0.143,0.428,0.672,0.361,0.85,0.192,0.712,-0.555,0.292,0.4,0.784,0.832,-0.057,-0.031,-0.156,0.519,0.707,0.404,-0.203,0.133,0.797,0.521,0.697,0.76,-0.436,0.335,0.785,0.449,0.248,-0.02,0.253,0.658,0.321,0.401,0.656,0.593,0.697,0.225
ANIP,-0.722,-0.588,0.505,-0.676,0.617,-0.186,-0.526,-0.009,-0.355,-0.339,0.0,-0.336,0.475,0.674,0.059,-0.319,0.339,-0.297,0.11,-0.409,-0.286,-0.409,0.322,-0.194,-0.581,-0.055,0.176,-0.241,-0.071,-0.344,-0.046,-0.452,-0.423,-0.219,0.32,-0.543,-0.791,0.017,-0.715,0.064,-0.438,0.874,-0.395,-0.775,-0.608,-0.032,0.344,-0.445,0.282,0.789,-0.506,0.805,0.6,-0.547,0.634,0.132,-0.516,-0.395,-0.262,-0.159,0.494,0.239,-0.563,-0.466,0.684,0.003,-0.661,0.496,-0.652,0.508,0.458,0.227,0.183,0.581,0.32,-0.654,-0.585,0.246,-0.126,-0.709,0.27,-0.537,-0.178,0.246,0.261,0.676,0.037,-0.547,0.322,-0.471,-0.536,-0.21,0.622,-0.793,-0.488,0.505,-0.654,-0.497,-0.321,-0.294,0.439,-0.154,0.751,-0.054,-0.433,0.112,-0.148,-0.509,-0.314,-0.44,0.82,-0.15,0.839,0.696,0.642,0.148,-0.111,0.094,0.415,0.379,-0.298,-0.221,-0.571,-0.611,0.401,-0.374,-0.638,-0.545,-0.545,0.266,0.634,0.112,-0.688,-0.138,-0.455,0.596,-0.576,-0.356,-0.212,-0.487,-0.209,0.486,-0.233,0.361,0.71,-0.266,0.687,-0.348,0.709,0.504,0.415,-0.237,0.797,-0.248,-0.575,0.058,-0.588,0.734,-0.554,-0.284,0.654,-0.663,0.365,0.049,-0.063,0.181,-0.297,0.325,-0.446,0.596,0.468,0.058,-0.31,-0.47,0.614,0.42,0.765,0.412,-0.417,0.47,0.613,0.452,-0.426,-0.043,-0.118,-0.369,0.762,-0.405,-0.386,-0.192,0.267,0.453,-0.001,0.138,0.514,-0.535,-0.529,-0.04,-0.602,0.444
AOSL,0.593,0.884,-0.005,0.452,-0.536,0.895,0.722,0.491,0.65,0.786,-0.336,0.0,-0.469,-0.548,0.674,0.87,-0.268,0.831,0.297,0.903,0.822,0.906,0.135,0.852,0.875,0.633,0.388,0.914,-0.088,0.775,0.79,0.786,0.896,0.865,0.484,0.921,0.717,0.184,0.506,0.099,0.768,-0.425,0.84,0.317,0.902,0.137,-0.26,0.913,0.517,-0.445,0.325,-0.426,0.076,0.35,0.102,0.267,0.802,0.766,0.907,0.812,0.29,0.231,0.875,0.904,-0.35,0.698,0.803,-0.414,0.376,-0.269,-0.541,-0.241,0.557,-0.058,0.523,0.556,0.792,0.612,0.658,0.382,-0.015,0.777,0.686,0.081,-0.251,-0.082,0.646,0.719,0.378,0.839,0.705,0.252,0.396,0.743,0.723,0.354,0.888,0.424,0.829,0.9,0.016,0.492,-0.383,0.448,0.932,-0.014,0.701,0.938,0.734,0.82,-0.62,0.84,-0.497,-0.132,-0.491,-0.311,0.187,0.034,0.179,0.348,0.844,-0.029,0.85,0.907,-0.079,0.253,0.9,0.881,0.652,0.703,-0.306,0.616,0.324,0.839,0.709,0.168,0.865,0.246,0.797,0.717,0.915,-0.36,0.785,0.445,-0.686,0.345,-0.391,0.48,-0.072,0.487,0.175,0.949,-0.446,0.961,0.524,0.639,0.525,-0.645,0.614,0.827,0.306,0.868,-0.216,0.584,0.57,0.415,0.749,0.143,0.942,-0.576,0.028,0.217,0.829,0.883,0.136,-0.043,-0.23,0.377,0.723,0.454,-0.391,0.105,0.865,0.183,0.424,0.93,-0.576,0.374,0.933,0.375,0.008,-0.266,0.199,0.652,0.499,0.688,0.515,0.596,0.815,0.059
APDN,-0.254,-0.675,0.629,-0.33,0.8,-0.492,-0.353,0.173,-0.521,-0.134,0.475,-0.469,0.0,0.842,0.197,-0.16,0.232,-0.45,0.17,-0.413,-0.447,-0.72,0.372,-0.603,-0.584,0.19,0.249,-0.596,0.383,-0.624,-0.109,-0.138,-0.405,-0.636,0.35,-0.528,-0.409,0.564,-0.192,0.532,-0.239,0.677,-0.424,-0.423,-0.587,0.313,0.815,-0.345,-0.324,0.729,-0.682,0.741,0.658,-0.444,0.434,0.322,-0.67,-0.155,-0.508,-0.18,0.169,0.278,-0.683,-0.564,0.754,0.172,-0.434,0.902,-0.202,0.696,0.878,0.786,-0.005,0.76,0.03,-0.173,-0.799,-0.15,-0.163,-0.063,0.571,-0.405,-0.602,0.725,0.783,0.543,0.22,-0.2,0.078,-0.313,-0.262,0.275,0.07,-0.523,-0.432,0.237,-0.56,0.138,-0.29,-0.571,0.623,0.112,0.839,-0.434,-0.53,0.561,-0.287,-0.562,-0.61,-0.559,0.656,-0.392,0.62,0.735,0.785,0.429,0.527,0.692,0.629,0.42,-0.079,0.186,-0.398,-0.643,0.565,0.311,-0.651,-0.645,-0.35,-0.01,0.774,0.124,-0.061,-0.21,-0.258,0.557,-0.619,0.135,-0.474,-0.811,-0.397,0.701,-0.095,0.249,0.678,0.259,0.728,0.183,0.475,0.151,0.54,-0.549,0.804,-0.368,-0.578,-0.025,0.035,0.632,-0.219,-0.417,0.094,-0.664,0.501,-0.424,0.251,0.052,-0.041,0.315,-0.517,0.64,0.658,0.506,-0.222,-0.352,0.073,0.559,0.642,0.435,-0.153,0.264,0.707,0.282,-0.385,0.438,0.399,-0.574,0.726,-0.436,-0.502,0.144,0.492,0.669,0.207,0.134,-0.024,-0.729,-0.143,0.0,-0.615,0.503
APLT,-0.437,-0.752,0.674,-0.509,0.83,-0.409,-0.441,-0.017,-0.676,-0.334,0.674,-0.548,0.842,0.0,0.084,-0.348,0.34,-0.613,0.183,-0.531,-0.389,-0.76,0.455,-0.488,-0.63,0.154,0.2,-0.578,0.42,-0.512,-0.107,-0.3,-0.466,-0.631,0.357,-0.666,-0.624,0.497,-0.347,0.483,-0.264,0.83,-0.409,-0.637,-0.702,0.101,0.785,-0.487,-0.05,0.931,-0.588,0.849,0.717,-0.482,0.603,0.36,-0.756,-0.228,-0.475,-0.234,0.396,0.452,-0.725,-0.571,0.915,0.042,-0.634,0.912,-0.343,0.882,0.919,0.666,0.143,0.762,0.062,-0.47,-0.863,-0.017,-0.062,-0.303,0.59,-0.478,-0.472,0.605,0.734,0.73,0.165,-0.349,0.155,-0.445,-0.399,0.104,0.308,-0.692,-0.479,0.335,-0.734,0.013,-0.305,-0.561,0.687,-0.013,0.93,-0.201,-0.58,0.344,-0.199,-0.699,-0.552,-0.595,0.892,-0.309,0.824,0.812,0.915,0.453,0.403,0.567,0.649,0.445,-0.192,-0.016,-0.564,-0.73,0.69,0.184,-0.75,-0.708,-0.433,0.043,0.918,0.009,-0.348,-0.265,-0.256,0.662,-0.692,-0.121,-0.347,-0.726,-0.519,0.731,-0.12,0.328,0.843,0.033,0.846,0.038,0.635,0.322,0.545,-0.522,0.937,-0.396,-0.633,0.059,-0.174,0.887,-0.253,-0.467,0.2,-0.798,0.643,-0.269,0.079,0.315,-0.175,0.502,-0.585,0.861,0.651,0.355,-0.281,-0.475,0.349,0.704,0.781,0.37,-0.291,0.38,0.874,0.477,-0.503,0.253,0.27,-0.571,0.893,-0.393,-0.517,0.175,0.592,0.78,0.188,0.182,0.053,-0.726,-0.431,0.073,-0.75,0.68
APVO,0.437,0.402,0.53,0.21,0.036,0.631,0.508,0.632,0.294,0.72,0.059,0.674,0.197,0.084,0.0,0.776,-0.038,0.528,0.425,0.66,0.649,0.421,0.411,0.506,0.503,0.839,0.575,0.53,0.171,0.335,0.774,0.723,0.672,0.494,0.732,0.531,0.378,0.606,0.36,0.555,0.671,0.061,0.597,-0.077,0.508,0.381,0.322,0.699,0.397,0.129,-0.153,0.161,0.603,0.037,0.499,0.511,0.3,0.655,0.62,0.791,0.525,0.452,0.435,0.586,0.256,0.795,0.483,0.227,0.277,0.292,0.109,0.206,0.682,0.572,0.61,0.356,0.204,0.616,0.661,0.253,0.502,0.571,0.359,0.623,0.362,0.445,0.833,0.591,0.537,0.683,0.59,0.435,0.513,0.384,0.45,0.65,0.469,0.521,0.707,0.576,0.585,0.48,0.273,0.285,0.605,0.307,0.644,0.537,0.326,0.456,-0.12,0.669,0.021,0.468,0.11,0.047,0.624,0.474,0.72,0.689,0.819,0.047,0.556,0.463,0.344,0.448,0.442,0.401,0.414,0.802,0.345,0.657,0.228,0.721,0.606,0.648,0.432,0.239,0.593,0.16,0.666,0.162,0.78,0.722,-0.136,0.412,0.202,0.634,0.222,0.681,0.706,0.628,0.161,0.756,0.09,0.742,0.556,-0.168,0.521,0.605,0.362,0.406,0.185,0.363,0.749,0.576,0.795,0.409,0.581,-0.061,0.611,0.568,0.681,0.685,0.256,0.375,0.276,0.794,0.649,0.722,0.165,0.433,0.623,0.523,0.767,0.614,-0.003,0.102,0.638,0.52,0.49,0.279,0.28,0.83,0.546,0.176,0.382,0.765,0.368,0.537
ARGX,0.619,0.714,0.278,0.376,-0.41,0.738,0.678,0.54,0.533,0.895,-0.319,0.87,-0.16,-0.348,0.776,0.0,-0.354,0.809,0.184,0.9,0.728,0.675,0.202,0.647,0.777,0.766,0.419,0.723,-0.04,0.515,0.801,0.807,0.815,0.679,0.511,0.842,0.696,0.42,0.557,0.303,0.789,-0.335,0.738,0.242,0.81,0.448,0.02,0.877,0.36,-0.331,0.024,-0.215,0.231,0.19,0.237,0.335,0.594,0.822,0.809,0.781,0.251,0.22,0.705,0.795,-0.199,0.704,0.746,-0.133,0.384,-0.046,-0.266,-0.013,0.631,0.246,0.531,0.693,0.589,0.494,0.658,0.446,0.21,0.654,0.418,0.434,0.026,0.101,0.789,0.747,0.514,0.868,0.762,0.443,0.308,0.728,0.641,0.469,0.798,0.595,0.874,0.752,0.183,0.566,-0.125,0.217,0.873,0.242,0.671,0.803,0.459,0.661,-0.532,0.789,-0.375,0.07,-0.252,-0.041,0.471,0.264,0.409,0.553,0.862,-0.052,0.821,0.765,0.127,0.444,0.739,0.717,0.66,0.674,-0.071,0.678,0.42,0.752,0.685,0.26,0.668,0.373,0.654,0.41,0.862,-0.131,0.861,0.533,-0.561,0.492,-0.134,0.592,-0.082,0.422,0.391,0.794,-0.26,0.864,0.297,0.685,0.673,-0.588,0.678,0.797,0.152,0.746,-0.165,0.452,0.716,0.406,0.863,0.126,0.824,-0.513,0.287,0.376,0.885,0.832,-0.061,-0.006,-0.057,0.581,0.734,0.463,-0.2,0.148,0.883,0.426,0.706,0.831,-0.369,0.178,0.883,0.557,0.26,-0.002,0.263,0.678,0.446,0.436,0.546,0.674,0.635,0.224
ARLP,-0.205,-0.31,-0.051,0.001,0.475,-0.092,-0.281,-0.087,-0.006,-0.166,0.339,-0.268,0.232,0.34,-0.038,-0.354,0.0,-0.365,0.255,-0.235,0.008,-0.21,0.242,-0.142,-0.31,-0.077,0.218,-0.258,0.187,-0.183,-0.267,-0.016,-0.187,-0.1,0.041,-0.397,-0.384,-0.077,-0.152,0.115,-0.175,0.307,-0.015,-0.11,-0.306,-0.317,0.234,-0.318,-0.01,0.412,0.07,0.249,0.305,0.273,-0.083,0.02,-0.353,-0.3,-0.28,0.092,0.135,-0.037,-0.273,-0.279,0.345,-0.027,-0.229,0.257,0.056,0.238,0.273,0.026,-0.111,0.089,0.003,-0.555,-0.365,-0.137,-0.078,-0.237,-0.043,0.023,0.066,-0.121,0.258,0.18,-0.274,-0.264,-0.369,-0.151,-0.416,-0.152,0.088,-0.398,-0.323,-0.156,-0.302,-0.182,-0.394,-0.115,0.311,-0.091,0.268,0.137,-0.347,-0.341,-0.073,-0.319,-0.205,-0.246,0.288,-0.251,0.239,0.186,0.241,-0.036,-0.02,-0.099,0.19,-0.157,-0.153,0.231,-0.406,-0.303,-0.022,-0.288,-0.316,-0.369,-0.388,-0.064,0.304,-0.185,-0.097,-0.084,-0.16,0.291,-0.232,-0.117,-0.019,-0.156,-0.229,0.067,-0.287,-0.047,0.443,-0.365,0.127,0.08,0.195,0.15,0.224,-0.184,0.258,-0.215,-0.044,0.068,-0.282,0.351,-0.288,-0.305,0.179,-0.268,0.16,-0.136,-0.268,0.075,-0.253,0.166,-0.316,0.403,0.105,0.07,-0.466,-0.106,0.211,0.279,0.095,0.058,-0.161,0.148,0.138,0.141,-0.482,-0.155,-0.139,-0.23,0.244,0.379,-0.382,-0.376,-0.039,0.034,-0.227,0.122,-0.086,-0.195,-0.163,-0.066,-0.094,0.184
ATEX,0.472,0.79,-0.023,0.357,-0.576,0.699,0.634,0.461,0.685,0.816,-0.297,0.831,-0.45,-0.613,0.528,0.809,-0.365,0.0,0.157,0.813,0.604,0.829,0.104,0.587,0.743,0.429,0.361,0.808,-0.246,0.531,0.626,0.617,0.776,0.748,0.283,0.877,0.64,0.01,0.393,-0.165,0.552,-0.425,0.625,0.328,0.784,0.212,-0.298,0.801,0.255,-0.529,0.148,-0.414,-0.083,0.254,-0.009,0.174,0.765,0.667,0.777,0.658,0.167,-0.029,0.743,0.75,-0.507,0.484,0.714,-0.472,0.258,-0.375,-0.638,-0.315,0.378,-0.09,0.539,0.661,0.795,0.433,0.47,0.313,-0.102,0.564,0.538,0.042,-0.286,-0.199,0.443,0.612,0.437,0.682,0.599,0.369,0.203,0.689,0.679,0.339,0.829,0.259,0.687,0.706,-0.117,0.485,-0.402,0.177,0.826,0.02,0.464,0.85,0.562,0.716,-0.644,0.635,-0.479,-0.207,-0.592,-0.221,0.049,-0.138,0.029,0.28,0.602,-0.063,0.789,0.785,-0.174,0.103,0.756,0.809,0.468,0.597,-0.402,0.565,0.39,0.646,0.518,-0.013,0.724,0.374,0.593,0.509,0.887,-0.426,0.594,0.27,-0.694,0.307,-0.406,0.298,-0.148,0.296,0.138,0.796,-0.456,0.763,0.507,0.446,0.363,-0.733,0.408,0.727,0.235,0.784,-0.419,0.54,0.549,0.132,0.684,-0.032,0.765,-0.775,-0.023,0.104,0.737,0.732,-0.023,-0.366,-0.259,0.338,0.574,0.277,-0.46,-0.074,0.852,0.299,0.342,0.801,-0.585,0.25,0.812,0.21,-0.093,-0.27,0.171,0.423,0.494,0.548,0.58,0.341,0.761,-0.131
ATRA,0.307,0.287,0.006,0.349,0.4,0.388,0.543,0.332,-0.047,0.282,0.11,0.297,0.17,0.183,0.425,0.184,0.255,0.157,0.0,0.209,0.25,0.277,0.534,0.127,0.295,0.52,0.53,0.242,0.397,0.384,0.304,0.413,0.469,0.078,0.68,0.21,0.244,0.423,0.363,0.182,0.381,0.065,0.48,0.159,0.163,-0.284,0.482,0.339,-0.029,0.324,0.133,-0.087,0.372,0.334,0.074,0.801,0.354,0.393,0.137,0.402,0.586,0.559,0.184,0.23,0.283,0.608,0.319,0.255,0.348,0.303,0.074,0.373,0.227,0.187,0.16,0.098,0.131,0.162,0.463,0.344,0.22,0.45,0.378,0.168,0.413,0.025,0.308,0.5,0.037,0.198,0.13,0.431,0.225,0.121,0.429,0.085,0.245,0.386,0.15,0.119,0.372,0.376,0.145,0.433,0.2,0.06,0.249,0.279,0.365,0.432,0.002,0.104,-0.001,0.245,0.014,-0.109,0.356,0.365,0.36,0.224,0.475,0.442,0.286,0.225,0.269,0.245,0.183,0.309,0.152,0.464,0.209,0.308,0.289,0.347,0.503,0.459,0.381,0.218,0.4,0.22,0.131,0.027,0.355,0.169,0.079,0.411,-0.125,0.566,0.394,0.53,0.185,0.308,0.225,0.354,0.434,0.389,0.162,0.07,0.135,0.06,0.277,0.141,0.468,0.159,0.368,0.524,0.292,0.662,0.185,0.142,0.205,0.598,0.262,0.261,0.556,0.513,0.012,0.14,0.383,0.413,0.2,0.269,0.061,0.434,0.317,0.166,-0.042,0.368,0.138,0.114,0.218,0.018,0.429,0.604,0.137,0.313,0.515,0.236,0.316,0.318
AUTL,0.607,0.849,0.028,0.452,-0.557,0.814,0.714,0.372,0.641,0.826,-0.409,0.903,-0.413,-0.531,0.66,0.9,-0.235,0.813,0.209,0.0,0.844,0.831,0.154,0.768,0.889,0.667,0.318,0.835,-0.161,0.687,0.665,0.813,0.887,0.829,0.335,0.881,0.724,0.174,0.596,0.084,0.774,-0.483,0.828,0.4,0.899,0.265,-0.18,0.864,0.44,-0.477,0.249,-0.418,0.034,0.464,0.039,0.238,0.715,0.789,0.838,0.832,0.189,0.055,0.867,0.847,-0.397,0.626,0.84,-0.388,0.441,-0.207,-0.494,-0.25,0.541,-0.012,0.489,0.633,0.761,0.452,0.651,0.408,-0.043,0.757,0.571,0.149,-0.185,-0.061,0.625,0.731,0.377,0.897,0.674,0.298,0.255,0.785,0.683,0.275,0.882,0.479,0.853,0.884,-0.022,0.507,-0.359,0.389,0.921,-0.007,0.665,0.883,0.532,0.808,-0.673,0.782,-0.512,-0.123,-0.463,-0.184,0.26,-0.035,0.218,0.313,0.791,-0.059,0.838,0.886,-0.084,0.291,0.852,0.815,0.678,0.608,-0.278,0.54,0.422,0.733,0.683,0.081,0.809,0.31,0.745,0.632,0.893,-0.354,0.774,0.398,-0.687,0.295,-0.357,0.504,-0.166,0.383,0.203,0.895,-0.468,0.88,0.445,0.67,0.573,-0.719,0.663,0.828,0.109,0.875,-0.315,0.432,0.531,0.376,0.764,0.033,0.899,-0.633,0.045,0.253,0.841,0.88,-0.066,-0.176,-0.263,0.388,0.732,0.337,-0.441,-0.024,0.858,0.171,0.51,0.945,-0.546,0.452,0.922,0.362,0.031,-0.23,0.117,0.601,0.393,0.626,0.536,0.608,0.799,0.046
AVDL,0.563,0.722,0.033,0.385,-0.477,0.881,0.628,0.241,0.525,0.696,-0.286,0.822,-0.447,-0.389,0.649,0.728,0.008,0.604,0.25,0.844,0.0,0.766,0.203,0.855,0.807,0.608,0.381,0.78,-0.002,0.675,0.713,0.753,0.843,0.813,0.34,0.716,0.577,0.201,0.544,0.273,0.77,-0.357,0.858,0.288,0.787,0.123,-0.158,0.714,0.601,-0.3,0.44,-0.325,0.152,0.494,0.102,0.227,0.553,0.666,0.833,0.841,0.371,0.217,0.802,0.845,-0.21,0.55,0.697,-0.335,0.463,-0.081,-0.361,-0.354,0.554,0.014,0.501,0.324,0.622,0.485,0.702,0.235,0.064,0.814,0.654,0.077,-0.104,0.125,0.562,0.597,0.295,0.843,0.595,0.168,0.376,0.666,0.596,0.288,0.727,0.425,0.779,0.915,0.195,0.401,-0.275,0.587,0.821,-0.207,0.76,0.727,0.589,0.704,-0.506,0.864,-0.386,-0.097,-0.323,-0.088,0.267,-0.031,0.254,0.265,0.772,-0.057,0.703,0.8,-0.027,0.261,0.758,0.691,0.602,0.623,-0.13,0.435,0.291,0.712,0.732,0.235,0.73,0.185,0.844,0.674,0.759,-0.346,0.758,0.511,-0.509,0.057,-0.289,0.508,-0.1,0.454,0.304,0.863,-0.373,0.856,0.444,0.717,0.539,-0.482,0.711,0.8,0.152,0.756,-0.142,0.587,0.375,0.553,0.716,0.094,0.82,-0.383,0.103,0.147,0.658,0.872,0.098,0.002,-0.175,0.402,0.714,0.469,-0.3,0.231,0.732,0.051,0.445,0.898,-0.434,0.55,0.84,0.385,0.107,-0.119,0.042,0.668,0.375,0.586,0.336,0.746,0.722,0.21
BCRX,0.546,0.942,-0.323,0.511,-0.637,0.853,0.719,0.335,0.725,0.654,-0.409,0.906,-0.72,-0.76,0.421,0.675,-0.21,0.829,0.277,0.831,0.766,0.0,0.007,0.81,0.874,0.378,0.244,0.918,-0.232,0.825,0.569,0.657,0.852,0.884,0.232,0.892,0.69,-0.121,0.464,-0.214,0.635,-0.594,0.797,0.466,0.885,-0.089,-0.489,0.803,0.428,-0.61,0.516,-0.645,-0.222,0.516,-0.18,0.132,0.911,0.61,0.829,0.706,0.172,0.021,0.916,0.855,-0.586,0.479,0.806,-0.675,0.405,-0.508,-0.793,-0.469,0.341,-0.372,0.373,0.485,0.928,0.451,0.525,0.346,-0.275,0.769,0.798,-0.277,-0.465,-0.347,0.328,0.637,0.182,0.712,0.561,0.128,0.213,0.744,0.743,0.099,0.897,0.231,0.666,0.873,-0.244,0.331,-0.636,0.509,0.88,-0.268,0.575,0.939,0.789,0.88,-0.75,0.69,-0.637,-0.398,-0.745,-0.448,-0.102,-0.286,-0.144,0.035,0.634,0.001,0.793,0.926,-0.332,0.009,0.911,0.917,0.558,0.534,-0.573,0.402,0.32,0.694,0.616,-0.104,0.919,0.165,0.776,0.846,0.84,-0.585,0.56,0.156,-0.764,0.172,-0.65,0.305,-0.228,0.313,-0.103,0.92,-0.65,0.837,0.691,0.461,0.314,-0.763,0.456,0.734,0.227,0.913,-0.354,0.566,0.312,0.241,0.564,-0.001,0.874,-0.715,-0.255,0.019,0.66,0.784,0.115,-0.281,-0.467,0.083,0.61,0.211,-0.612,-0.087,0.746,-0.012,0.116,0.89,-0.752,0.523,0.84,0.101,-0.25,-0.531,0.073,0.426,0.378,0.82,0.548,0.367,0.909,-0.207
BHAT,0.059,0.019,0.507,-0.08,0.383,0.244,0.173,0.245,-0.066,0.325,0.322,0.135,0.372,0.455,0.411,0.202,0.242,0.104,0.534,0.154,0.203,0.007,0.0,-0.008,0.106,0.518,0.587,0.131,0.466,0.145,0.338,0.321,0.248,0.014,0.601,0.098,0.008,0.547,0.148,0.305,0.284,0.364,0.219,-0.161,0.002,0.082,0.564,0.171,0.121,0.483,-0.234,0.341,0.616,0.027,0.395,0.631,-0.032,0.449,0.173,0.39,0.606,0.474,0.02,0.058,0.423,0.524,0.075,0.463,0.032,0.568,0.314,0.422,0.365,0.542,0.446,0.092,-0.134,0.243,0.33,0.097,0.451,0.15,0.19,0.513,0.541,0.403,0.397,0.24,0.242,0.144,0.071,0.517,0.42,-0.03,0.212,0.376,0.001,0.341,0.251,0.057,0.582,0.509,0.461,0.039,0.11,0.207,0.14,0.064,0.0,0.115,0.292,0.165,0.275,0.527,0.327,0.185,0.472,0.428,0.611,0.565,0.353,0.024,0.152,0.025,0.552,0.338,-0.055,0.031,0.01,0.474,0.494,0.426,0.095,0.363,0.32,0.606,0.045,0.283,0.249,-0.139,0.15,0.285,0.326,0.397,0.198,0.313,0.332,0.424,0.532,0.632,0.544,0.177,0.477,0.253,0.0,0.448,0.145,0.252,0.11,0.043,0.327,-0.057,0.399,0.194,0.478,0.546,0.385,0.594,0.078,0.222,0.571,0.492,0.316,0.22,0.404,0.47,0.403,0.458,0.288,0.626,0.377,0.389,0.126,0.409,0.454,0.107,0.273,0.111,0.13,0.324,0.418,0.471,0.455,0.519,0.309,-0.178,0.11,0.258,0.04,0.54
BLBD,0.384,0.729,-0.067,0.276,-0.559,0.864,0.518,0.198,0.492,0.505,-0.194,0.852,-0.603,-0.488,0.506,0.647,-0.142,0.587,0.127,0.768,0.855,0.81,-0.008,0.0,0.748,0.463,0.145,0.826,-0.206,0.766,0.679,0.553,0.721,0.868,0.309,0.695,0.45,-0.024,0.279,0.083,0.64,-0.337,0.753,0.102,0.75,0.017,-0.397,0.681,0.777,-0.345,0.454,-0.34,0.054,0.29,0.167,0.045,0.617,0.497,0.845,0.663,0.3,0.179,0.795,0.836,-0.252,0.451,0.566,-0.475,0.243,-0.232,-0.5,-0.467,0.561,-0.11,0.407,0.196,0.68,0.604,0.627,0.055,-0.099,0.657,0.686,-0.1,-0.408,0.077,0.498,0.439,0.333,0.713,0.526,-0.116,0.516,0.545,0.51,0.298,0.673,0.187,0.712,0.923,-0.025,0.168,-0.354,0.664,0.811,-0.266,0.767,0.742,0.701,0.682,-0.462,0.876,-0.327,-0.152,-0.379,-0.296,-0.011,-0.162,0.097,0.199,0.655,-0.225,0.608,0.765,-0.144,0.006,0.766,0.707,0.577,0.613,-0.247,0.369,-0.029,0.669,0.558,0.143,0.706,-0.096,0.792,0.798,0.746,-0.37,0.656,0.455,-0.507,-0.012,-0.303,0.253,-0.085,0.452,0.107,0.891,-0.414,0.829,0.372,0.643,0.299,-0.461,0.54,0.745,0.295,0.729,-0.195,0.607,0.207,0.471,0.486,0.069,0.814,-0.387,-0.06,-0.02,0.614,0.722,0.244,-0.028,-0.183,0.277,0.514,0.395,-0.327,0.219,0.659,-0.199,0.2,0.875,-0.444,0.357,0.829,0.255,0.006,-0.284,-0.062,0.564,0.481,0.683,0.181,0.673,0.63,0.114
BMRN,0.77,0.927,-0.18,0.622,-0.598,0.84,0.877,0.306,0.566,0.757,-0.581,0.875,-0.584,-0.63,0.503,0.777,-0.31,0.743,0.295,0.889,0.807,0.874,0.106,0.748,0.0,0.587,0.257,0.799,0.008,0.824,0.654,0.774,0.922,0.742,0.294,0.919,0.845,0.183,0.701,0.019,0.846,-0.666,0.886,0.528,0.919,0.049,-0.225,0.883,0.336,-0.548,0.478,-0.646,-0.14,0.539,-0.136,0.307,0.85,0.81,0.821,0.716,0.178,0.153,0.944,0.92,-0.486,0.516,0.879,-0.469,0.611,-0.277,-0.59,-0.271,0.45,-0.239,0.255,0.664,0.853,0.359,0.664,0.573,-0.063,0.834,0.708,-0.024,-0.211,-0.283,0.484,0.833,0.189,0.856,0.769,0.338,0.094,0.907,0.855,0.085,0.924,0.587,0.816,0.815,-0.102,0.41,-0.539,0.512,0.936,-0.129,0.691,0.918,0.718,0.88,-0.767,0.731,-0.655,-0.319,-0.582,-0.242,0.245,-0.029,0.042,0.157,0.787,0.015,0.892,0.953,-0.144,0.319,0.919,0.916,0.708,0.489,-0.407,0.369,0.5,0.694,0.826,-0.046,0.905,0.283,0.814,0.794,0.745,-0.444,0.75,0.171,-0.734,0.394,-0.552,0.559,-0.303,0.274,-0.006,0.868,-0.598,0.844,0.675,0.589,0.584,-0.746,0.714,0.702,-0.058,0.926,-0.186,0.499,0.434,0.421,0.709,0.12,0.864,-0.653,-0.097,0.168,0.805,0.836,-0.009,-0.141,-0.461,0.096,0.717,0.194,-0.446,-0.019,0.801,0.181,0.405,0.9,-0.698,0.508,0.89,0.398,0.028,-0.343,0.22,0.52,0.166,0.773,0.63,0.541,0.853,-0.007
BNGO,0.552,0.466,0.477,0.348,0.108,0.646,0.648,0.56,0.144,0.724,-0.055,0.633,0.19,0.154,0.839,0.766,-0.077,0.429,0.52,0.667,0.608,0.378,0.518,0.463,0.587,0.0,0.517,0.458,0.267,0.453,0.742,0.786,0.699,0.392,0.795,0.544,0.467,0.713,0.535,0.536,0.834,-0.047,0.72,0.01,0.526,0.29,0.472,0.708,0.354,0.177,-0.106,0.066,0.605,0.138,0.457,0.702,0.35,0.753,0.593,0.748,0.509,0.587,0.444,0.611,0.31,0.79,0.537,0.343,0.442,0.47,0.169,0.365,0.799,0.56,0.414,0.421,0.228,0.457,0.808,0.46,0.549,0.61,0.36,0.648,0.444,0.381,0.877,0.748,0.465,0.698,0.586,0.522,0.451,0.452,0.563,0.506,0.504,0.751,0.757,0.513,0.542,0.51,0.277,0.398,0.654,0.312,0.724,0.529,0.317,0.523,-0.152,0.624,-0.035,0.449,0.163,0.056,0.734,0.557,0.761,0.707,0.866,0.049,0.573,0.485,0.482,0.543,0.449,0.462,0.54,0.741,0.411,0.585,0.295,0.658,0.74,0.63,0.478,0.208,0.679,0.221,0.543,0.244,0.873,0.585,-0.106,0.575,0.159,0.797,0.212,0.654,0.588,0.6,0.165,0.738,0.135,0.846,0.58,-0.16,0.613,0.51,0.189,0.427,0.312,0.271,0.708,0.764,0.769,0.605,0.561,0.0,0.589,0.719,0.785,0.627,0.254,0.514,0.204,0.638,0.638,0.624,0.256,0.442,0.548,0.548,0.858,0.61,0.01,0.205,0.66,0.639,0.642,0.283,0.387,0.891,0.331,0.256,0.472,0.789,0.357,0.658
BUSE,0.284,0.2,0.398,0.131,0.191,0.41,0.333,0.51,0.198,0.534,0.176,0.388,0.249,0.2,0.575,0.419,0.218,0.361,0.53,0.318,0.381,0.244,0.587,0.145,0.257,0.517,0.0,0.309,0.456,0.167,0.526,0.53,0.459,0.189,0.607,0.316,0.256,0.53,0.322,0.395,0.381,0.236,0.404,0.018,0.216,0.114,0.408,0.393,0.091,0.236,-0.11,0.165,0.55,0.115,0.325,0.573,0.149,0.543,0.348,0.57,0.52,0.485,0.197,0.266,0.214,0.652,0.312,0.303,0.192,0.314,0.122,0.286,0.324,0.401,0.642,0.223,0.075,0.352,0.337,0.205,0.339,0.397,0.276,0.442,0.488,0.272,0.516,0.394,0.259,0.353,0.297,0.594,0.33,0.193,0.352,0.462,0.278,0.407,0.35,0.262,0.619,0.706,0.252,-0.002,0.277,0.227,0.221,0.284,0.186,0.203,0.03,0.318,0.028,0.347,0.139,0.132,0.505,0.413,0.531,0.561,0.537,0.221,0.356,0.273,0.363,0.4,0.222,0.235,0.014,0.523,0.296,0.654,0.34,0.544,0.415,0.618,0.255,0.575,0.342,-0.004,0.399,0.103,0.441,0.487,-0.045,0.317,0.113,0.538,0.381,0.593,0.604,0.357,0.26,0.483,0.204,0.405,0.36,0.029,0.267,0.294,0.433,0.171,0.252,0.391,0.666,0.465,0.612,0.436,0.289,0.016,0.479,0.42,0.376,0.484,0.279,0.378,0.235,0.575,0.463,0.699,0.177,0.264,0.38,0.536,0.568,0.297,0.013,0.19,0.28,0.365,0.255,0.329,0.504,0.606,0.376,-0.049,0.283,0.305,0.318,0.368
CAKE,0.388,0.864,-0.067,0.269,-0.602,0.853,0.601,0.343,0.677,0.632,-0.241,0.914,-0.596,-0.578,0.53,0.723,-0.258,0.808,0.242,0.835,0.78,0.918,0.131,0.826,0.799,0.458,0.309,0.0,-0.199,0.816,0.672,0.601,0.819,0.89,0.344,0.845,0.579,-0.004,0.371,-0.1,0.606,-0.362,0.725,0.291,0.853,0.024,-0.403,0.775,0.555,-0.463,0.38,-0.426,-0.076,0.345,0.093,0.188,0.807,0.683,0.873,0.721,0.343,0.168,0.824,0.806,-0.428,0.567,0.713,-0.573,0.195,-0.349,-0.64,-0.391,0.468,-0.152,0.58,0.446,0.826,0.623,0.545,0.2,-0.149,0.659,0.737,-0.095,-0.415,-0.095,0.485,0.553,0.452,0.658,0.537,0.117,0.43,0.623,0.669,0.361,0.792,0.203,0.737,0.869,-0.122,0.436,-0.44,0.45,0.859,-0.138,0.568,0.87,0.744,0.84,-0.53,0.778,-0.476,-0.192,-0.562,-0.301,-0.043,-0.159,0.011,0.254,0.642,-0.091,0.733,0.85,-0.134,0.099,0.823,0.846,0.591,0.658,-0.402,0.569,0.2,0.736,0.599,0.037,0.832,0.172,0.752,0.734,0.877,-0.479,0.637,0.406,-0.719,0.168,-0.414,0.22,0.013,0.49,0.047,0.943,-0.456,0.872,0.525,0.515,0.335,-0.594,0.461,0.85,0.392,0.808,-0.304,0.652,0.45,0.37,0.625,0.088,0.895,-0.596,-0.118,0.006,0.737,0.771,0.21,-0.179,-0.199,0.278,0.638,0.438,-0.454,0.037,0.808,0.031,0.211,0.889,-0.552,0.367,0.887,0.225,-0.146,-0.33,0.199,0.499,0.593,0.69,0.4,0.439,0.781,-0.062
CASY,0.349,-0.122,0.257,0.237,0.377,-0.037,0.169,0.237,-0.307,0.089,-0.071,-0.088,0.383,0.42,0.171,-0.04,0.187,-0.246,0.397,-0.161,-0.002,-0.232,0.466,-0.206,0.008,0.267,0.456,-0.199,0.0,-0.0,0.217,0.213,0.103,-0.351,0.359,-0.055,0.194,0.685,0.349,0.593,0.293,0.127,0.091,-0.003,-0.11,0.012,0.568,0.084,-0.217,0.335,0.036,0.101,0.391,-0.009,0.085,0.488,-0.138,0.331,-0.041,0.016,0.285,0.602,-0.106,0.019,0.394,0.239,0.027,0.497,0.327,0.461,0.462,0.468,0.072,0.226,-0.049,0.076,-0.255,-0.0,0.143,0.352,0.553,0.186,0.058,0.406,0.614,0.127,0.163,0.282,-0.182,0.077,0.253,0.53,-0.039,0.095,0.225,0.032,-0.058,0.584,0.038,-0.222,0.576,0.268,0.266,-0.03,-0.092,0.226,0.066,-0.107,0.105,-0.134,0.206,-0.044,0.076,0.187,0.35,0.244,0.632,0.675,0.358,0.229,0.272,0.393,0.098,-0.066,0.373,0.616,-0.064,-0.046,0.026,0.05,0.391,0.052,0.337,0.166,0.387,0.371,-0.01,0.348,0.071,-0.137,-0.238,0.267,0.189,0.066,0.221,0.412,0.182,0.539,0.172,0.164,0.339,-0.129,0.287,0.011,0.159,0.136,0.407,0.317,0.308,-0.141,-0.116,-0.118,0.608,0.053,0.353,0.389,0.241,0.541,-0.084,0.404,0.396,0.269,0.064,0.121,0.121,0.588,0.074,0.078,0.198,0.316,0.416,0.399,-0.036,0.51,0.405,-0.171,0.146,0.048,-0.103,0.431,0.423,0.454,0.558,0.245,-0.282,-0.156,0.115,0.144,-0.063,0.416
CCOI,0.483,0.835,-0.234,0.429,-0.452,0.817,0.686,0.238,0.447,0.466,-0.344,0.775,-0.624,-0.512,0.335,0.515,-0.183,0.531,0.384,0.687,0.675,0.825,0.145,0.766,0.824,0.453,0.167,0.816,-0.0,0.0,0.533,0.545,0.757,0.713,0.344,0.751,0.563,0.047,0.419,-0.122,0.681,-0.46,0.756,0.298,0.764,-0.266,-0.314,0.704,0.516,-0.358,0.507,-0.537,-0.127,0.427,-0.031,0.26,0.817,0.644,0.733,0.588,0.341,0.269,0.825,0.766,-0.351,0.467,0.646,-0.481,0.367,-0.254,-0.585,-0.251,0.436,-0.308,0.222,0.352,0.761,0.489,0.536,0.354,-0.168,0.675,0.83,-0.201,-0.348,-0.218,0.351,0.607,0.156,0.569,0.508,0.056,0.326,0.623,0.695,0.09,0.715,0.328,0.637,0.739,-0.15,0.239,-0.478,0.627,0.787,-0.313,0.62,0.801,0.797,0.84,-0.5,0.609,-0.478,-0.238,-0.509,-0.445,-0.017,-0.094,-0.02,0.117,0.602,-0.044,0.665,0.798,-0.099,0.092,0.77,0.817,0.598,0.484,-0.373,0.324,0.142,0.657,0.668,0.004,0.826,-0.025,0.785,0.832,0.605,-0.401,0.554,0.138,-0.567,0.294,-0.471,0.319,-0.088,0.448,-0.15,0.849,-0.458,0.74,0.614,0.521,0.252,-0.489,0.425,0.575,0.23,0.759,-0.024,0.501,0.245,0.485,0.459,0.312,0.765,-0.434,-0.182,0.052,0.641,0.615,0.349,0.019,-0.325,-0.031,0.512,0.274,-0.327,0.08,0.554,-0.085,0.119,0.764,-0.544,0.444,0.743,0.193,-0.038,-0.392,0.263,0.446,0.288,0.763,0.403,0.394,0.708,0.034
CEVA,0.523,0.545,0.402,0.23,-0.235,0.779,0.624,0.504,0.29,0.732,-0.046,0.79,-0.109,-0.107,0.774,0.801,-0.267,0.626,0.304,0.665,0.713,0.569,0.338,0.679,0.654,0.742,0.526,0.672,0.217,0.533,0.0,0.639,0.758,0.574,0.705,0.682,0.505,0.543,0.372,0.461,0.758,-0.081,0.68,-0.047,0.612,0.303,0.131,0.761,0.519,-0.02,0.094,-0.029,0.461,-0.039,0.472,0.492,0.47,0.734,0.814,0.681,0.594,0.577,0.565,0.781,0.099,0.653,0.501,0.02,0.278,0.167,-0.107,-0.01,0.72,0.36,0.562,0.405,0.417,0.633,0.727,0.223,0.468,0.578,0.485,0.456,0.143,0.332,0.794,0.627,0.559,0.704,0.728,0.402,0.561,0.529,0.648,0.65,0.578,0.534,0.804,0.663,0.452,0.441,0.07,0.402,0.763,0.171,0.774,0.631,0.624,0.531,-0.227,0.853,-0.108,0.208,-0.034,0.08,0.505,0.42,0.494,0.669,0.855,-0.039,0.657,0.614,0.307,0.4,0.584,0.613,0.521,0.825,0.163,0.623,0.184,0.776,0.723,0.526,0.54,0.205,0.733,0.384,0.705,-0.007,0.884,0.688,-0.303,0.418,0.043,0.557,0.107,0.621,0.523,0.744,-0.002,0.841,0.277,0.73,0.556,-0.233,0.638,0.705,0.326,0.532,0.176,0.705,0.691,0.662,0.799,0.385,0.686,-0.222,0.459,0.275,0.773,0.706,0.316,0.316,0.156,0.617,0.629,0.702,0.138,0.55,0.76,0.454,0.653,0.714,-0.166,0.029,0.798,0.629,0.46,0.179,0.41,0.782,0.539,0.364,0.343,0.774,0.444,0.493
