,AAPL,ACRS,ADP,AFYA,AGNC,AGYS,ALT,AMGN,AMPH,AMZN,ANIP,AOSL,APDN,APLT,APVO,ARGX,ARLP,ATEX,ATRA,AUTL,AVDL,BCRX,BHAT,BLBD,BMRN,BNGO,BUSE,CAKE,CASY,CCOI,CEVA,CHY,CLDX,CLMT,COHU,COLM,COST,CPRT,CSWC,CSX,DBX,DCOM,DKNG,DMLP,DOX,EA,EDIT,ENPH,ENSG,ERNA,ESGR,ETNB,EXTR,FANG,FARO,FATE,FGEN,FIVE,FIVN,FLGT,FOLD,FORM,FOXA,FRPT,FSLR,FTAI,GBDC,GDYN,GGAL,GNLN,GRFS,GT,HCAT,HCM,HFWA,HOLX,HQY,HUBG,IAC,ICLR,IDCC,IEP,IHRT,ILMN,ILPT,IMAB,IMOS,INMD,INTZ,JAZZ,JKHY,JRVR,KIDS,LBRDK,LGND,LMAT,LPLA,LULU,MASI,MAT,MATW,MBIN,MBIO,MCRB,MDB,MDLZ,MELI,MIRM,MLKN,MNMD,MNRO,MPWR,MRCY,MRSN,MTVA,NAAS,NDAQ,NDSN,NEGG,NOVT,NVDA,NWE,NWSA,NXST,OCX,ODFL,OMAB,OPCH,OPRA,ORGO,OTRK,OZK,PAGP,PCH,PEGA,PENG,PENN,PFBC,PGNY,PHAT,PHUN,PINC,PLUG,PLXS,PYPL,QLYS,QNCX,QQQX,QVCGA,RAPT,RBBN,RCKT,REPL,RMBS,ROAD,ROKU,ROP,RUSHA,SANM,SATS,SBCF,SBLK,SBUX,SCHL,SCSC,SDGR,SEIC,SFIX,SGRY,SKYW,SLP,SNES,STAA,STLD,STOK,SWKS,TER,TFIN,TIGO,TILE,TPIC,TTEC,TTEK,TTGT,UXIN,VERU,VLYPP,VNOM,VRNS,VRSN,WDAY,WERN,WINA,WKHS,WRLD,XP,XTKG,YY,ZION,ZM
AAPL,0.0,0.402,0.45,-0.218,0.308,0.393,-0.073,0.077,0.214,0.599,0.33,0.473,-0.411,0.565,0.58,0.498,-0.239,-0.139,0.088,0.281,0.563,0.517,0.51,0.41,0.637,0.382,-0.282,0.733,0.437,0.328,0.18,0.433,0.424,-0.403,0.34,0.516,0.703,0.531,-0.55,0.313,0.612,0.576,0.782,0.016,0.799,-0.089,0.269,0.785,0.091,0.614,0.792,0.295,0.332,-0.276,0.401,0.555,0.001,0.4,0.78,0.509,0.4,0.661,0.381,-0.422,0.061,-0.1,0.426,0.837,-0.297,0.059,0.204,0.715,0.763,0.247,-0.301,-0.22,-0.406,0.354,0.688,0.415,0.615,-0.275,0.615,0.506,0.019,0.325,0.368,0.71,-0.01,0.276,0.558,0.618,0.635,0.673,0.041,0.124,-0.561,0.473,0.679,0.216,0.485,0.486,0.646,-0.198,0.653,0.065,0.089,-0.308,0.407,0.632,0.195,0.328,-0.071,0.095,0.216,0.044,0.274,0.506,0.289,0.508,0.33,0.571,0.638,0.788,-0.345,0.281,0.29,-0.474,0.33,-0.221,0.329,0.248,-0.489,0.38,0.892,0.275,0.489,0.042,-0.08,0.444,-0.29,0.594,0.521,0.157,0.629,0.753,0.074,0.672,0.69,0.38,0.456,0.655,0.352,-0.12,0.392,0.761,0.432,0.673,0.099,0.478,0.306,-0.073,0.209,0.394,0.351,0.067,0.332,0.422,0.631,0.422,0.607,0.062,0.52,0.431,-0.028,0.423,0.331,0.268,-0.003,0.802,0.316,0.821,0.429,0.086,0.231,-0.478,0.636,-0.48,0.585,0.945,0.784,0.492,0.08,-0.285,0.246,-0.428,0.472,0.019,0.514,0.584
ACRS,0.402,0.0,0.908,0.467,0.892,0.854,-0.851,0.774,-0.668,-0.109,0.107,0.831,-0.793,0.579,0.38,-0.213,-0.771,-0.083,-0.264,-0.649,0.791,0.036,-0.056,0.922,0.451,0.544,0.347,0.767,0.891,0.927,0.185,0.943,0.154,-0.866,0.812,0.856,0.863,0.899,-0.594,0.83,0.724,0.644,0.164,0.274,0.188,0.25,-0.337,0.517,0.672,0.169,0.517,-0.273,0.768,0.029,0.858,0.069,-0.72,0.708,0.4,-0.364,0.764,0.834,0.707,0.352,0.764,0.123,0.761,0.064,-0.769,-0.182,0.86,-0.065,0.671,0.846,-0.0,0.475,-0.908,0.794,0.147,0.881,0.301,-0.619,-0.114,0.219,-0.816,0.473,0.917,0.654,-0.852,0.565,-0.306,0.046,0.561,0.781,0.815,0.195,-0.867,0.87,0.43,-0.651,0.763,0.707,-0.026,-0.649,-0.159,0.791,0.679,-0.839,0.84,-0.151,-0.329,0.814,0.352,-0.605,-0.7,0.783,0.844,0.795,-0.534,0.905,0.858,0.623,0.775,0.11,-0.905,0.83,0.93,-0.694,0.86,-0.857,0.741,0.865,0.119,0.817,0.507,0.924,0.881,-0.415,-0.832,-0.303,0.023,-0.222,0.369,0.889,0.353,-0.142,-0.827,0.69,-0.098,-0.26,0.388,0.218,0.519,0.755,0.061,0.506,0.844,0.656,0.82,-0.394,0.85,0.688,0.883,0.866,0.394,-0.693,0.927,0.133,0.188,0.021,0.349,-0.415,-0.398,0.77,-0.855,0.859,0.867,0.887,0.806,0.095,0.774,0.743,0.85,-0.801,-0.621,-0.851,0.681,-0.538,-0.023,0.442,0.196,0.923,-0.213,-0.442,-0.272,-0.241,-0.321,0.561,0.489,0.095
ADP,0.45,0.908,0.0,0.377,0.91,0.79,-0.833,0.802,-0.628,-0.149,0.2,0.803,-0.799,0.532,0.23,-0.171,-0.679,-0.058,-0.326,-0.566,0.756,0.014,-0.124,0.88,0.548,0.332,0.388,0.766,0.959,0.948,0.163,0.94,0.216,-0.853,0.81,0.897,0.909,0.93,-0.527,0.877,0.732,0.634,0.164,0.292,0.342,0.347,-0.371,0.602,0.748,0.069,0.612,-0.39,0.896,-0.12,0.792,0.027,-0.76,0.82,0.423,-0.35,0.783,0.794,0.679,0.311,0.776,0.132,0.872,0.059,-0.763,-0.275,0.851,0.005,0.624,0.737,0.117,0.464,-0.844,0.773,0.105,0.843,0.376,-0.704,-0.144,0.223,-0.679,0.287,0.896,0.591,-0.822,0.72,-0.2,0.085,0.529,0.79,0.768,0.104,-0.798,0.882,0.49,-0.548,0.88,0.81,-0.052,-0.613,-0.226,0.866,0.661,-0.82,0.843,-0.196,-0.133,0.779,0.394,-0.624,-0.676,0.691,0.913,0.832,-0.63,0.904,0.85,0.776,0.758,0.128,-0.834,0.788,0.913,-0.695,0.825,-0.84,0.591,0.84,0.144,0.914,0.523,0.891,0.816,-0.244,-0.774,-0.306,-0.066,-0.153,0.284,0.908,0.275,-0.102,-0.78,0.724,-0.074,-0.33,0.399,0.169,0.531,0.721,-0.099,0.495,0.901,0.808,0.836,-0.326,0.926,0.656,0.887,0.901,0.431,-0.713,0.937,0.102,0.209,0.017,0.294,-0.403,-0.382,0.834,-0.821,0.87,0.858,0.894,0.799,0.225,0.76,0.772,0.852,-0.791,-0.675,-0.843,0.749,-0.555,-0.018,0.543,0.178,0.934,-0.09,-0.555,-0.337,-0.343,-0.363,0.432,0.524,-0.013
AFYA,-0.218,0.467,0.377,0.0,0.643,0.529,-0.422,0.546,-0.721,-0.348,-0.471,0.608,-0.076,0.254,0.206,-0.576,-0.557,0.266,0.273,-0.84,0.282,-0.143,-0.569,0.539,-0.384,0.59,0.762,0.305,0.409,0.491,0.475,0.542,0.39,-0.304,0.709,0.227,0.191,0.307,0.203,0.609,0.477,0.444,-0.325,0.352,-0.579,0.445,0.049,-0.18,0.496,-0.151,-0.232,0.028,0.327,0.695,0.68,0.237,-0.424,0.296,0.042,-0.539,0.426,0.211,0.38,0.843,0.483,0.668,0.159,-0.316,-0.205,-0.403,0.672,-0.485,0.165,0.678,0.497,0.758,-0.492,0.705,0.038,0.63,0.175,0.055,-0.287,0.218,-0.575,0.582,0.572,0.257,-0.676,0.335,-0.82,-0.302,0.019,0.418,0.762,-0.122,-0.292,0.59,-0.411,-0.756,0.024,0.169,-0.531,-0.136,-0.296,0.577,0.762,-0.466,0.682,-0.403,-0.036,0.737,0.461,-0.265,-0.796,0.746,0.599,0.55,-0.417,0.505,0.672,-0.147,0.369,-0.582,-0.53,0.741,0.485,-0.194,0.518,-0.495,0.644,0.745,0.638,0.484,0.062,0.626,0.581,-0.149,-0.41,-0.162,0.654,-0.751,0.419,0.611,0.222,-0.562,-0.675,0.371,-0.552,0.033,0.219,0.118,0.525,0.809,0.003,0.291,0.585,0.156,0.662,-0.523,0.495,0.743,0.656,0.376,0.316,-0.286,0.592,0.374,0.17,-0.138,0.186,-0.291,-0.448,0.155,-0.539,0.587,0.665,0.578,0.747,-0.327,0.701,0.047,0.634,-0.678,-0.653,-0.405,0.105,0.097,-0.457,-0.197,-0.072,0.397,0.103,0.33,-0.06,0.513,-0.271,0.788,0.495,0.183
AGNC,0.308,0.892,0.91,0.643,0.0,0.813,-0.782,0.804,-0.747,-0.132,-0.061,0.894,-0.652,0.559,0.321,-0.328,-0.79,0.012,-0.078,-0.744,0.731,0.087,-0.221,0.928,0.33,0.546,0.524,0.752,0.873,0.918,0.292,0.953,0.371,-0.802,0.913,0.819,0.816,0.857,-0.361,0.967,0.816,0.686,0.034,0.466,0.074,0.477,-0.199,0.429,0.736,0.086,0.396,-0.2,0.776,0.189,0.91,0.212,-0.728,0.782,0.443,-0.414,0.837,0.772,0.674,0.568,0.738,0.339,0.788,0.017,-0.662,-0.258,0.964,-0.083,0.641,0.854,0.197,0.621,-0.885,0.912,0.189,0.938,0.439,-0.533,-0.135,0.368,-0.716,0.51,0.919,0.648,-0.903,0.715,-0.486,-0.125,0.503,0.851,0.896,0.154,-0.776,0.958,0.235,-0.694,0.702,0.717,-0.257,-0.594,-0.207,0.872,0.794,-0.851,0.947,-0.227,-0.11,0.928,0.482,-0.577,-0.797,0.824,0.955,0.92,-0.577,0.923,0.965,0.579,0.791,-0.052,-0.876,0.937,0.897,-0.602,0.799,-0.835,0.704,0.967,0.311,0.936,0.514,0.953,0.888,-0.297,-0.769,-0.257,0.208,-0.342,0.489,0.934,0.381,-0.235,-0.85,0.787,-0.228,-0.154,0.397,0.279,0.667,0.848,-0.129,0.558,0.929,0.721,0.913,-0.425,0.948,0.846,0.958,0.861,0.453,-0.649,0.974,0.338,0.323,0.049,0.387,-0.377,-0.408,0.741,-0.821,0.945,0.967,0.936,0.9,0.081,0.9,0.665,0.935,-0.862,-0.732,-0.852,0.694,-0.401,-0.099,0.364,0.208,0.886,0.047,-0.296,-0.189,-0.099,-0.334,0.664,0.691,0.111
AGYS,0.393,0.854,0.79,0.529,0.813,0.0,-0.725,0.761,-0.63,0.006,-0.032,0.846,-0.623,0.393,0.341,-0.228,-0.707,-0.204,-0.161,-0.666,0.565,0.109,-0.078,0.794,0.267,0.574,0.48,0.824,0.827,0.784,0.367,0.879,0.232,-0.702,0.845,0.673,0.782,0.769,-0.435,0.771,0.77,0.81,0.027,0.32,0.148,0.309,-0.261,0.416,0.486,0.244,0.432,-0.153,0.665,0.229,0.85,0.174,-0.618,0.627,0.414,-0.426,0.718,0.774,0.473,0.325,0.57,0.213,0.672,0.056,-0.707,-0.184,0.766,0.053,0.629,0.853,0.173,0.348,-0.802,0.762,0.196,0.805,0.451,-0.324,-0.035,0.414,-0.738,0.563,0.847,0.641,-0.769,0.441,-0.325,0.116,0.578,0.774,0.719,0.127,-0.746,0.831,0.27,-0.574,0.569,0.683,-0.139,-0.567,-0.042,0.645,0.697,-0.752,0.812,-0.147,-0.207,0.792,0.242,-0.572,-0.659,0.712,0.783,0.753,-0.432,0.842,0.821,0.404,0.731,0.042,-0.823,0.845,0.817,-0.546,0.724,-0.753,0.769,0.806,0.102,0.768,0.53,0.835,0.829,-0.242,-0.649,-0.267,0.207,-0.172,0.501,0.757,0.48,-0.086,-0.709,0.693,-0.116,-0.15,0.549,0.234,0.368,0.673,0.089,0.52,0.828,0.554,0.789,-0.352,0.74,0.664,0.819,0.779,0.446,-0.615,0.82,0.175,0.251,0.073,0.403,-0.361,-0.317,0.613,-0.685,0.828,0.836,0.86,0.752,0.127,0.74,0.678,0.786,-0.685,-0.472,-0.695,0.642,-0.421,0.096,0.44,0.301,0.821,-0.081,-0.218,-0.162,-0.181,-0.143,0.575,0.575,0.222
ALT,-0.073,-0.851,-0.833,-0.422,-0.782,-0.725,0.0,-0.857,0.817,0.408,-0.133,-0.626,0.82,-0.321,-0.039,0.464,0.741,0.156,0.548,0.723,-0.576,0.209,0.254,-0.768,-0.312,-0.201,-0.379,-0.543,-0.828,-0.889,0.03,-0.831,0.129,0.839,-0.666,-0.747,-0.682,-0.782,0.505,-0.726,-0.45,-0.401,0.141,-0.122,-0.039,-0.283,0.662,-0.331,-0.609,0.106,-0.334,0.581,-0.741,0.103,-0.685,0.318,0.861,-0.623,-0.069,0.612,-0.633,-0.614,-0.512,-0.404,-0.785,-0.063,-0.7,0.303,0.851,0.247,-0.775,0.289,-0.383,-0.696,-0.036,-0.453,0.802,-0.574,0.272,-0.697,0.015,0.668,0.513,0.033,0.87,-0.145,-0.838,-0.337,0.909,-0.437,0.451,0.137,-0.386,-0.511,-0.819,-0.126,0.746,-0.685,-0.3,0.77,-0.728,-0.644,0.238,0.733,0.517,-0.81,-0.527,0.815,-0.648,0.492,0.528,-0.6,-0.397,0.837,0.787,-0.709,-0.798,-0.583,0.807,-0.732,-0.706,-0.573,-0.501,0.119,0.828,-0.671,-0.873,0.638,-0.74,0.863,-0.593,-0.724,-0.189,-0.743,-0.151,-0.834,-0.645,0.49,0.919,0.639,0.06,0.35,-0.031,-0.875,-0.046,0.413,0.901,-0.413,0.383,0.598,-0.263,0.222,-0.309,-0.775,0.139,-0.127,-0.716,-0.476,-0.843,0.591,-0.777,-0.687,-0.833,-0.778,-0.132,0.881,-0.844,0.224,0.186,0.201,-0.023,0.599,0.703,-0.683,0.91,-0.688,-0.724,-0.833,-0.815,0.212,-0.594,-0.489,-0.694,0.895,0.77,0.699,-0.552,0.558,0.161,-0.171,0.179,-0.782,0.373,0.587,0.542,0.308,0.602,-0.365,-0.213,0.297
AMGN,0.077,0.774,0.802,0.546,0.804,0.761,-0.857,0.0,-0.859,-0.319,-0.133,0.718,-0.638,0.194,-0.008,-0.421,-0.75,-0.17,-0.298,-0.796,0.449,-0.101,-0.362,0.693,0.106,0.269,0.617,0.509,0.835,0.779,0.097,0.794,0.16,-0.672,0.779,0.58,0.628,0.64,-0.237,0.748,0.578,0.524,-0.217,0.289,-0.014,0.382,-0.417,0.194,0.614,-0.067,0.2,-0.365,0.672,0.11,0.676,-0.085,-0.809,0.578,0.21,-0.637,0.755,0.549,0.35,0.475,0.587,0.349,0.648,-0.279,-0.724,-0.267,0.819,-0.224,0.394,0.699,0.284,0.47,-0.687,0.699,-0.108,0.652,0.271,-0.482,-0.452,0.182,-0.71,0.262,0.765,0.322,-0.897,0.466,-0.518,-0.091,0.395,0.556,0.834,0.019,-0.58,0.704,0.046,-0.728,0.573,0.699,-0.466,-0.643,-0.419,0.79,0.593,-0.752,0.722,-0.552,-0.253,0.698,0.573,-0.803,-0.785,0.636,0.879,0.717,-0.802,0.714,0.734,0.377,0.475,-0.147,-0.72,0.8,0.742,-0.398,0.612,-0.737,0.62,0.762,0.248,0.8,0.196,0.782,0.663,-0.242,-0.684,-0.493,0.221,-0.402,0.239,0.854,0.264,-0.326,-0.821,0.56,-0.398,-0.456,0.404,-0.091,0.303,0.784,-0.219,0.234,0.842,0.474,0.945,-0.408,0.772,0.757,0.816,0.715,0.199,-0.739,0.806,-0.083,-0.068,-0.148,0.21,-0.51,-0.556,0.57,-0.753,0.737,0.777,0.865,0.828,-0.081,0.592,0.412,0.699,-0.834,-0.749,-0.552,0.6,-0.445,-0.113,0.175,-0.026,0.744,0.025,-0.279,-0.323,-0.099,-0.498,0.385,0.458,-0.119
AMPH,0.214,-0.668,-0.628,-0.721,-0.747,-0.63,0.817,-0.859,0.0,0.448,0.243,-0.627,0.501,-0.167,-0.029,0.651,0.736,0.058,0.18,0.912,-0.377,0.187,0.464,-0.647,0.104,-0.335,-0.627,-0.372,-0.653,-0.708,-0.138,-0.698,-0.095,0.574,-0.695,-0.469,-0.422,-0.512,0.131,-0.695,-0.437,-0.355,0.377,-0.301,0.378,-0.388,0.41,-0.002,-0.551,0.18,0.044,0.335,-0.529,-0.327,-0.67,0.131,0.825,-0.484,-0.024,0.756,-0.643,-0.387,-0.339,-0.72,-0.62,-0.364,-0.465,0.463,0.607,0.261,-0.78,0.46,-0.218,-0.692,-0.26,-0.591,0.665,-0.648,0.258,-0.646,-0.05,0.333,0.571,-0.08,0.783,-0.325,-0.718,-0.251,0.901,-0.338,0.787,0.366,-0.254,-0.418,-0.865,-0.07,0.493,-0.631,0.147,0.864,-0.371,-0.445,0.58,0.558,0.53,-0.729,-0.634,0.684,-0.652,0.595,0.419,-0.678,-0.555,0.735,0.888,-0.723,-0.777,-0.583,0.765,-0.623,-0.715,-0.179,-0.37,0.389,0.695,-0.758,-0.703,0.348,-0.59,0.703,-0.632,-0.751,-0.469,-0.658,-0.012,-0.763,-0.576,0.386,0.718,0.559,-0.357,0.616,-0.184,-0.796,-0.121,0.599,0.866,-0.387,0.573,0.416,-0.211,0.165,-0.337,-0.853,0.228,-0.105,-0.68,-0.249,-0.89,0.645,-0.682,-0.826,-0.795,-0.579,-0.099,0.686,-0.746,0.003,0.126,0.25,-0.077,0.525,0.721,-0.444,0.768,-0.651,-0.728,-0.756,-0.833,0.428,-0.616,-0.178,-0.648,0.885,0.796,0.501,-0.38,0.248,0.285,0.14,0.195,-0.589,0.111,0.149,0.35,-0.072,0.554,-0.556,-0.336,0.171
AMZN,0.599,-0.109,-0.149,-0.348,-0.132,0.006,0.408,-0.319,0.448,0.0,-0.076,0.12,0.095,0.058,0.406,0.432,0.035,-0.42,0.385,0.519,0.047,0.773,0.778,-0.063,0.208,0.272,-0.468,0.296,-0.174,-0.238,0.071,-0.077,0.431,0.107,-0.113,-0.054,0.184,-0.033,-0.248,-0.072,0.341,0.216,0.504,0.231,0.503,-0.132,0.536,0.374,-0.378,0.709,0.309,0.628,-0.369,-0.042,0.015,0.638,0.493,0.013,0.682,0.65,0.106,0.345,-0.193,-0.486,-0.55,-0.179,0.014,0.812,0.151,0.719,-0.2,0.822,0.49,-0.126,-0.463,-0.572,0.011,-0.03,0.694,0.001,0.608,0.245,0.749,0.698,0.445,0.31,-0.12,0.474,0.383,-0.146,0.478,0.37,0.525,0.261,-0.321,0.535,-0.111,0.058,0.261,0.525,-0.105,0.179,0.367,-0.083,0.891,-0.484,-0.271,0.055,-0.034,0.68,0.222,-0.011,-0.137,0.318,0.591,-0.364,-0.18,0.144,0.68,0.001,-0.055,0.056,0.266,0.725,0.142,-0.008,-0.255,0.159,-0.274,0.193,0.062,-0.182,-0.568,-0.032,0.622,-0.187,0.027,0.085,0.336,0.626,-0.144,0.704,0.607,-0.341,0.709,0.808,0.463,0.401,0.636,0.675,0.348,0.613,0.006,-0.527,0.493,0.464,-0.048,0.201,-0.241,0.624,-0.143,-0.248,-0.232,-0.105,0.03,0.441,-0.204,0.488,0.649,0.742,0.599,0.363,0.762,0.035,0.5,0.006,-0.035,-0.138,-0.423,0.646,-0.023,0.399,0.008,0.488,0.71,-0.04,0.389,-0.13,0.788,0.438,0.836,-0.024,0.354,0.196,0.71,-0.239,0.622,-0.121,0.412,0.692
ANIP,0.33,0.107,0.2,-0.471,-0.061,-0.032,-0.133,-0.133,0.243,-0.076,0.0,-0.106,-0.316,0.305,0.004,0.182,0.305,0.022,-0.309,0.32,0.266,-0.208,0.206,0.061,0.591,-0.244,-0.392,0.15,0.12,0.144,-0.031,0.077,-0.326,-0.11,-0.123,0.39,0.233,0.33,-0.358,-0.041,-0.112,-0.09,0.291,-0.255,0.466,-0.084,-0.38,0.332,0.084,0.079,0.452,-0.411,0.38,-0.495,-0.085,-0.291,-0.13,0.23,-0.137,0.161,-0.125,0.198,0.318,-0.37,0.228,-0.568,0.282,0.085,-0.139,-0.08,-0.074,0.155,0.013,-0.047,-0.211,-0.131,-0.079,-0.18,-0.096,-0.063,-0.214,-0.419,0.13,-0.364,-0.089,-0.324,0.053,0.093,0.142,0.106,0.51,0.165,0.127,0.04,-0.234,-0.049,-0.2,-0.013,0.753,0.228,0.479,0.157,0.53,-0.047,-0.08,0.09,-0.134,0.099,-0.055,0.248,-0.092,-0.182,-0.424,0.004,0.126,-0.047,-0.053,-0.163,0.038,0.13,-0.067,0.468,0.153,0.337,-0.077,-0.244,0.197,-0.421,0.206,0.004,-0.108,-0.115,-0.168,0.025,0.083,0.054,-0.011,-0.039,-0.155,-0.009,-0.433,0.31,-0.349,0.018,-0.285,0.155,0.096,-0.129,0.271,-0.311,-0.04,-0.184,-0.088,-0.131,0.012,0.028,-0.111,0.259,-0.178,-0.0,0.071,-0.19,-0.009,0.271,0.194,-0.261,0.054,-0.246,-0.063,-0.06,-0.3,-0.073,-0.022,0.346,-0.161,0.014,-0.093,0.013,-0.061,0.14,-0.129,0.257,-0.059,0.084,0.055,-0.102,0.034,-0.047,0.03,0.323,-0.129,0.206,-0.491,-0.624,-0.341,-0.587,0.076,-0.187,-0.318,-0.147
AOSL,0.473,0.831,0.803,0.608,0.894,0.846,-0.626,0.718,-0.627,0.12,-0.106,0.0,-0.568,0.568,0.481,-0.284,-0.76,-0.114,0.138,-0.625,0.691,0.272,-0.061,0.883,0.248,0.717,0.451,0.829,0.787,0.806,0.49,0.906,0.584,-0.693,0.901,0.72,0.797,0.8,-0.356,0.878,0.904,0.778,0.176,0.444,0.108,0.496,0.026,0.467,0.6,0.351,0.41,0.024,0.625,0.324,0.926,0.454,-0.537,0.75,0.59,-0.274,0.843,0.828,0.605,0.457,0.548,0.357,0.686,0.225,-0.583,-0.122,0.846,0.084,0.723,0.854,0.134,0.483,-0.839,0.919,0.41,0.902,0.604,-0.317,0.109,0.564,-0.611,0.7,0.893,0.771,-0.76,0.588,-0.379,0.009,0.635,0.879,0.804,0.237,-0.761,0.936,0.238,-0.565,0.564,0.743,-0.146,-0.558,0.081,0.684,0.726,-0.749,0.939,-0.053,-0.073,0.95,0.441,-0.463,-0.638,0.751,0.846,0.922,-0.352,0.903,0.93,0.445,0.86,0.115,-0.805,0.934,0.787,-0.523,0.716,-0.727,0.785,0.905,0.205,0.871,0.661,0.896,0.924,-0.255,-0.608,-0.02,0.311,-0.221,0.703,0.805,0.647,-0.032,-0.691,0.864,-0.035,0.086,0.611,0.452,0.647,0.724,0.089,0.7,0.894,0.7,0.828,-0.208,0.816,0.767,0.853,0.791,0.571,-0.446,0.863,0.476,0.523,0.252,0.615,-0.241,-0.187,0.672,-0.639,0.935,0.947,0.866,0.784,0.259,0.898,0.716,0.917,-0.694,-0.499,-0.777,0.706,-0.331,0.095,0.436,0.45,0.852,0.141,-0.108,0.021,-0.061,-0.087,0.712,0.781,0.421
APDN,-0.411,-0.793,-0.799,-0.076,-0.652,-0.623,0.82,-0.638,0.501,0.095,-0.316,-0.568,0.0,-0.481,-0.293,0.156,0.629,0.33,0.528,0.363,-0.729,-0.051,-0.168,-0.758,-0.626,-0.196,0.056,-0.632,-0.779,-0.787,0.12,-0.762,0.107,0.865,-0.469,-0.817,-0.816,-0.815,0.784,-0.616,-0.485,-0.361,-0.249,-0.011,-0.393,-0.128,0.52,-0.609,-0.367,-0.24,-0.635,0.394,-0.665,0.382,-0.595,0.156,0.716,-0.615,-0.323,0.282,-0.666,-0.741,-0.515,-0.048,-0.621,0.244,-0.765,-0.101,0.837,0.063,-0.642,-0.071,-0.59,-0.595,0.322,-0.14,0.795,-0.486,-0.001,-0.627,-0.077,0.787,0.15,-0.059,0.689,-0.167,-0.736,-0.541,0.677,-0.386,0.04,-0.06,-0.612,-0.585,-0.588,-0.278,0.833,-0.617,-0.621,0.471,-0.826,-0.685,-0.129,0.79,0.167,-0.612,-0.303,0.771,-0.543,0.077,0.477,-0.468,-0.224,0.692,0.443,-0.526,-0.639,-0.556,0.514,-0.73,-0.601,-0.769,-0.607,-0.335,0.788,-0.519,-0.799,0.758,-0.698,0.722,-0.517,-0.557,0.195,-0.651,-0.425,-0.721,-0.622,0.585,0.816,0.425,0.286,-0.072,-0.084,-0.665,-0.2,0.011,0.644,-0.468,-0.08,0.411,-0.344,-0.062,-0.269,-0.477,0.001,-0.268,-0.626,-0.575,-0.615,0.284,-0.678,-0.412,-0.656,-0.747,-0.21,0.692,-0.739,0.131,0.022,0.003,-0.169,0.362,0.395,-0.764,0.73,-0.607,-0.596,-0.69,-0.551,-0.132,-0.479,-0.73,-0.592,0.632,0.465,0.719,-0.684,0.705,-0.185,-0.484,-0.129,-0.778,0.415,0.754,0.499,0.575,0.301,-0.186,-0.181,0.125
APLT,0.565,0.579,0.532,0.254,0.559,0.393,-0.321,0.194,-0.167,0.058,0.305,0.568,-0.481,0.0,0.699,0.008,-0.372,0.264,0.204,-0.187,0.851,0.088,0.112,0.69,0.467,0.615,-0.066,0.604,0.476,0.56,0.317,0.603,0.308,-0.528,0.474,0.647,0.59,0.65,-0.396,0.543,0.537,0.403,0.612,0.132,0.227,0.101,0.166,0.518,0.366,0.342,0.536,0.163,0.502,0.071,0.644,0.419,-0.319,0.429,0.454,0.123,0.422,0.589,0.833,0.152,0.545,0.041,0.389,0.449,-0.237,-0.234,0.57,0.041,0.625,0.596,-0.157,0.461,-0.616,0.616,0.545,0.653,0.22,-0.417,0.319,0.133,-0.412,0.515,0.578,0.696,-0.354,0.45,0.014,0.08,0.33,0.716,0.43,0.041,-0.656,0.63,0.475,-0.287,0.505,0.294,0.445,-0.194,0.212,0.461,0.466,-0.453,0.643,0.397,-0.023,0.571,-0.014,0.057,-0.28,0.587,0.454,0.567,0.032,0.683,0.598,0.484,0.718,0.291,-0.64,0.478,0.578,-0.739,0.709,-0.372,0.511,0.591,0.103,0.435,0.635,0.6,0.722,-0.313,-0.446,0.224,0.049,-0.097,0.402,0.441,0.335,0.143,-0.359,0.521,0.297,0.223,0.18,0.569,0.734,0.416,0.111,0.72,0.488,0.52,0.3,-0.009,0.485,0.317,0.492,0.557,0.5,-0.143,0.615,0.507,0.497,0.071,0.3,-0.076,0.049,0.512,-0.503,0.57,0.534,0.437,0.43,0.268,0.621,0.612,0.611,-0.334,-0.281,-0.639,0.358,-0.215,-0.085,0.519,0.351,0.59,-0.195,-0.27,-0.116,-0.086,0.122,0.56,0.421,0.401
APVO,0.58,0.38,0.23,0.206,0.321,0.341,-0.039,-0.008,-0.029,0.406,0.004,0.481,-0.293,0.699,0.0,0.083,-0.348,-0.04,0.422,-0.051,0.65,0.461,0.394,0.509,0.233,0.791,-0.216,0.567,0.229,0.271,0.288,0.39,0.4,-0.327,0.309,0.374,0.448,0.377,-0.445,0.321,0.532,0.444,0.606,0.131,0.128,0.024,0.427,0.41,-0.067,0.643,0.377,0.566,0.072,0.272,0.546,0.675,-0.034,0.171,0.579,0.288,0.346,0.522,0.481,0.052,0.122,-0.014,0.145,0.647,-0.114,0.039,0.335,0.306,0.692,0.492,-0.389,0.077,-0.514,0.491,0.699,0.526,0.335,-0.041,0.566,0.443,-0.266,0.778,0.376,0.779,-0.131,0.101,0.057,0.146,0.51,0.607,0.24,0.223,-0.555,0.441,0.302,-0.162,0.135,0.128,0.441,-0.164,0.584,0.054,0.279,-0.339,0.441,0.648,-0.092,0.451,-0.027,0.166,-0.02,0.354,0.185,0.44,0.402,0.507,0.422,0.187,0.614,0.431,-0.495,0.4,0.315,-0.463,0.431,-0.183,0.583,0.388,-0.15,0.194,0.69,0.378,0.571,-0.386,-0.205,0.395,0.182,0.145,0.625,0.111,0.625,0.35,-0.091,0.476,0.463,0.56,0.272,0.779,0.519,0.119,0.463,0.72,0.296,0.267,0.102,0.151,0.186,0.134,0.253,0.261,0.353,0.169,0.348,0.66,0.611,0.291,0.491,0.089,0.286,0.261,-0.161,0.392,0.375,0.227,0.143,0.304,0.463,0.545,0.445,-0.043,0.103,-0.462,0.319,-0.161,0.299,0.474,0.631,0.365,-0.129,0.035,0.158,-0.03,0.511,0.503,0.438,0.694
ARGX,0.498,-0.213,-0.171,-0.576,-0.328,-0.228,0.464,-0.421,0.651,0.432,0.182,-0.284,0.156,0.008,0.083,0.0,0.324,0.048,-0.013,0.649,-0.059,0.216,0.43,-0.313,0.438,-0.166,-0.431,-0.033,-0.176,-0.31,-0.263,-0.309,-0.031,0.198,-0.316,-0.125,0.038,-0.163,-0.148,-0.361,-0.074,-0.051,0.542,-0.201,0.604,-0.506,0.321,0.36,-0.238,0.132,0.352,0.303,-0.156,-0.438,-0.356,0.232,0.423,-0.176,0.331,0.65,-0.185,-0.077,-0.113,-0.618,-0.308,-0.174,-0.097,0.555,0.242,0.113,-0.4,0.507,0.147,-0.398,-0.192,-0.477,0.358,-0.312,0.37,-0.284,0.175,0.081,0.449,0.041,0.531,-0.209,-0.379,0.015,0.513,-0.033,0.718,0.527,-0.025,-0.051,-0.54,-0.126,0.205,-0.238,0.248,0.673,-0.012,-0.189,0.544,0.404,0.505,-0.413,-0.317,0.294,-0.307,0.526,0.387,-0.336,-0.283,0.493,0.642,-0.528,-0.323,-0.165,0.469,-0.263,-0.367,0.109,-0.13,0.569,0.362,-0.385,-0.339,0.128,-0.254,0.346,-0.397,-0.413,-0.516,-0.291,0.302,-0.435,-0.248,0.378,0.492,0.399,-0.43,0.616,0.002,-0.402,0.067,0.665,0.548,0.029,0.665,0.244,-0.147,0.347,-0.142,-0.592,0.101,0.185,-0.209,0.07,-0.485,0.599,-0.288,-0.611,-0.433,-0.23,-0.159,0.472,-0.341,0.082,0.127,0.1,0.196,0.316,0.62,-0.179,0.467,-0.291,-0.365,-0.397,-0.565,0.561,-0.34,0.161,-0.342,0.562,0.521,0.164,0.04,-0.188,0.367,0.504,0.416,-0.231,0.19,-0.037,0.307,-0.111,0.395,-0.484,-0.063,0.173
ARLP,-0.239,-0.771,-0.679,-0.557,-0.79,-0.707,0.741,-0.75,0.736,0.035,0.305,-0.76,0.629,-0.372,-0.348,0.324,0.0,0.202,0.164,0.664,-0.577,-0.215,0.138,-0.768,-0.134,-0.521,-0.324,-0.646,-0.707,-0.769,0.004,-0.778,-0.302,0.795,-0.724,-0.588,-0.67,-0.655,0.403,-0.732,-0.668,-0.538,-0.054,-0.182,0.012,-0.257,0.138,-0.384,-0.411,-0.143,-0.27,0.032,-0.421,-0.112,-0.798,-0.217,0.58,-0.521,-0.477,0.307,-0.771,-0.635,-0.387,-0.45,-0.506,-0.37,-0.531,-0.065,0.718,0.102,-0.77,0.024,-0.649,-0.674,0.114,-0.346,0.796,-0.694,-0.135,-0.789,-0.281,0.335,0.267,-0.41,0.67,-0.483,-0.795,-0.561,0.833,-0.393,0.538,0.078,-0.504,-0.654,-0.855,-0.219,0.758,-0.747,-0.061,0.729,-0.46,-0.505,0.234,0.658,0.081,-0.575,-0.506,0.86,-0.716,0.234,0.389,-0.733,-0.549,0.605,0.627,-0.631,-0.775,-0.765,0.506,-0.707,-0.749,-0.384,-0.58,-0.021,0.787,-0.794,-0.684,0.477,-0.586,0.807,-0.717,-0.752,-0.045,-0.709,-0.442,-0.759,-0.692,0.513,0.71,0.315,-0.093,0.249,-0.511,-0.749,-0.498,0.162,0.743,-0.698,0.236,0.083,-0.43,-0.222,-0.551,-0.656,-0.057,-0.428,-0.783,-0.487,-0.825,0.356,-0.684,-0.658,-0.757,-0.587,-0.056,0.483,-0.782,-0.234,-0.199,-0.028,-0.469,0.445,0.376,-0.442,0.642,-0.719,-0.787,-0.728,-0.676,0.027,-0.717,-0.552,-0.788,0.753,0.581,0.735,-0.671,0.609,-0.113,-0.265,-0.26,-0.647,0.042,0.186,0.09,0.021,0.316,-0.441,-0.582,-0.14
ATEX,-0.139,-0.083,-0.058,0.266,0.012,-0.204,0.156,-0.17,0.058,-0.42,0.022,-0.114,0.33,0.264,-0.04,0.048,0.202,0.0,0.221,-0.085,0.026,-0.468,-0.554,-0.077,-0.158,0.051,0.323,-0.201,-0.044,-0.043,0.255,-0.082,0.105,0.205,0.052,-0.118,-0.241,-0.114,0.452,-0.061,-0.202,-0.106,0.104,-0.143,-0.238,-0.034,0.232,-0.194,0.35,-0.461,-0.144,0.015,0.134,0.204,-0.031,-0.003,0.041,-0.142,-0.226,0.05,-0.301,-0.355,0.354,0.301,0.31,0.375,-0.296,-0.152,0.259,-0.569,-0.001,-0.433,-0.266,-0.033,0.487,0.545,0.18,0.074,-0.021,0.007,-0.244,0.03,-0.159,-0.382,0.075,-0.095,-0.069,-0.269,0.073,0.185,-0.113,0.03,-0.538,-0.069,0.064,-0.603,0.245,-0.025,-0.216,-0.064,-0.144,-0.397,0.117,0.618,-0.21,0.17,0.215,0.253,0.088,-0.069,0.341,0.043,0.033,0.469,-0.157,0.164,-0.03,-0.069,-0.032,-0.07,-0.033,-0.159,-0.111,-0.425,0.128,-0.079,-0.073,-0.099,0.169,0.09,-0.089,0.082,0.434,-0.134,-0.151,-0.056,0.031,0.339,0.142,0.192,0.17,-0.453,-0.165,0.034,-0.351,-0.258,-0.001,-0.153,-0.142,0.076,-0.401,0.02,0.387,0.201,-0.206,0.07,-0.018,-0.074,-0.128,-0.028,-0.039,-0.068,-0.048,-0.115,0.163,0.222,0.019,0.195,0.009,-0.423,-0.121,0.032,-0.026,-0.261,-0.05,-0.088,-0.083,-0.136,0.08,-0.103,0.092,-0.255,0.024,-0.057,-0.232,0.041,-0.408,0.325,-0.638,-0.096,-0.265,-0.144,0.057,0.233,-0.068,0.507,-0.098,0.199,-0.046,-0.038
ATRA,0.088,-0.264,-0.326,0.273,-0.078,-0.161,0.548,-0.298,0.18,0.385,-0.309,0.138,0.528,0.204,0.422,-0.013,0.164,0.221,0.0,0.063,-0.019,0.399,0.056,-0.078,-0.375,0.523,0.06,0.001,-0.335,-0.32,0.569,-0.164,0.663,0.446,0.064,-0.274,-0.235,-0.272,0.402,-0.012,0.216,0.151,0.129,0.332,-0.292,0.191,0.779,-0.258,-0.135,0.373,-0.293,0.716,-0.356,0.649,0.091,0.753,0.38,-0.127,0.244,0.256,-0.008,-0.089,0.002,0.225,-0.368,0.319,-0.335,0.327,0.56,0.091,-0.04,0.143,0.045,0.058,0.144,0.124,0.158,0.229,0.571,0.031,0.395,0.505,0.53,0.399,0.312,0.554,-0.163,0.239,0.281,-0.039,-0.095,-0.132,0.047,0.127,-0.103,-0.007,0.236,0.032,-0.322,0.131,-0.469,-0.224,-0.029,0.356,0.486,-0.252,0.129,0.33,0.125,0.419,0.455,0.205,-0.016,0.553,0.148,-0.005,-0.129,0.123,0.564,-0.008,0.075,-0.444,0.158,-0.006,0.17,0.119,-0.306,0.281,-0.19,0.405,0.151,0.065,0.234,-0.124,0.228,-0.103,0.09,0.225,0.445,0.678,0.647,-0.079,0.555,-0.264,0.424,0.171,0.298,0.193,0.177,0.777,0.115,0.576,0.309,-0.086,0.17,0.41,-0.08,-0.113,-0.171,0.299,-0.175,0.069,-0.14,-0.245,0.337,0.56,-0.168,0.773,0.612,0.313,0.366,0.389,0.446,-0.229,0.362,0.043,0.034,-0.177,-0.116,0.153,0.139,-0.153,0.051,0.31,0.278,0.181,-0.179,0.573,0.051,-0.084,0.396,-0.188,0.469,0.672,0.585,0.446,0.58,0.397,0.413,0.705
AUTL,0.281,-0.649,-0.566,-0.84,-0.744,-0.666,0.723,-0.796,0.912,0.519,0.32,-0.625,0.363,-0.187,-0.051,0.649,0.664,-0.085,0.063,0.0,-0.34,0.228,0.58,-0.648,0.209,-0.439,-0.765,-0.342,-0.602,-0.665,-0.288,-0.678,-0.104,0.504,-0.754,-0.412,-0.339,-0.46,0.001,-0.688,-0.438,-0.45,0.463,-0.321,0.495,-0.459,0.321,0.143,-0.564,0.22,0.154,0.282,-0.518,-0.485,-0.688,0.076,0.735,-0.413,0.068,0.783,-0.564,-0.314,-0.383,-0.816,-0.641,-0.475,-0.385,0.513,0.492,0.398,-0.79,0.541,-0.16,-0.777,-0.434,-0.724,0.619,-0.706,0.21,-0.653,-0.058,0.227,0.506,-0.063,0.81,-0.445,-0.685,-0.219,0.882,-0.384,0.848,0.4,-0.131,-0.423,-0.863,0.056,0.412,-0.623,0.268,0.904,-0.278,-0.347,0.619,0.419,0.551,-0.755,-0.764,0.616,-0.686,0.609,0.299,-0.73,-0.451,0.619,0.948,-0.816,-0.735,-0.567,0.708,-0.61,-0.732,-0.058,-0.367,0.571,0.693,-0.781,-0.686,0.298,-0.603,0.652,-0.655,-0.802,-0.584,-0.608,0.044,-0.763,-0.621,0.306,0.661,0.545,-0.532,0.726,-0.213,-0.771,-0.078,0.685,0.868,-0.34,0.645,0.351,-0.177,0.111,-0.359,-0.921,0.268,-0.111,-0.658,-0.168,-0.836,0.701,-0.654,-0.841,-0.796,-0.547,-0.248,0.647,-0.732,-0.056,0.117,0.287,-0.042,0.439,0.721,-0.357,0.771,-0.66,-0.733,-0.739,-0.887,0.471,-0.66,-0.11,-0.635,0.874,0.816,0.469,-0.225,0.094,0.432,0.202,0.25,-0.551,0.062,-0.009,0.372,-0.251,0.474,-0.696,-0.347,0.123
AVDL,0.563,0.791,0.756,0.282,0.731,0.565,-0.576,0.449,-0.377,0.047,0.266,0.691,-0.729,0.851,0.65,-0.059,-0.577,0.026,-0.019,-0.34,0.0,0.16,0.132,0.864,0.566,0.554,0.003,0.705,0.698,0.771,0.172,0.776,0.26,-0.75,0.591,0.856,0.803,0.837,-0.624,0.719,0.68,0.47,0.485,0.227,0.288,0.173,-0.064,0.594,0.505,0.332,0.564,-0.005,0.639,-0.073,0.764,0.3,-0.565,0.622,0.48,-0.033,0.627,0.777,0.813,0.213,0.652,-0.045,0.645,0.356,-0.513,-0.137,0.737,0.099,0.7,0.7,-0.203,0.408,-0.802,0.715,0.391,0.798,0.277,-0.636,0.173,0.212,-0.601,0.481,0.735,0.757,-0.584,0.558,-0.051,0.029,0.554,0.786,0.593,0.21,-0.822,0.756,0.597,-0.455,0.746,0.556,0.277,-0.494,0.076,0.632,0.552,-0.679,0.748,0.248,-0.148,0.679,0.22,-0.283,-0.435,0.633,0.654,0.711,-0.199,0.835,0.733,0.701,0.807,0.321,-0.807,0.646,0.758,-0.793,0.826,-0.605,0.616,0.72,0.046,0.664,0.636,0.771,0.797,-0.451,-0.666,0.005,-0.014,-0.043,0.381,0.642,0.364,0.069,-0.56,0.637,0.191,0.006,0.31,0.481,0.661,0.529,0.144,0.657,0.682,0.676,0.532,-0.168,0.719,0.49,0.684,0.734,0.433,-0.404,0.791,0.383,0.363,0.147,0.331,-0.202,-0.145,0.744,-0.674,0.729,0.704,0.665,0.586,0.285,0.683,0.771,0.755,-0.534,-0.428,-0.792,0.586,-0.435,0.042,0.55,0.324,0.807,-0.229,-0.469,-0.23,-0.289,-0.054,0.505,0.472,0.292
BCRX,0.517,0.036,0.014,-0.143,0.087,0.109,0.209,-0.101,0.187,0.773,-0.208,0.272,-0.051,0.088,0.461,0.216,-0.215,-0.468,0.399,0.228,0.16,0.0,0.582,0.158,0.159,0.376,-0.305,0.412,-0.003,-0.025,0.067,0.092,0.453,-0.115,0.113,0.124,0.306,0.113,-0.329,0.183,0.478,0.406,0.299,0.26,0.355,0.139,0.471,0.315,-0.272,0.727,0.241,0.535,-0.223,-0.004,0.204,0.653,0.234,0.181,0.642,0.435,0.344,0.386,-0.173,-0.185,-0.405,-0.067,0.164,0.674,-0.023,0.451,0.027,0.784,0.529,0.076,-0.428,-0.453,-0.187,0.203,0.551,0.208,0.638,0.116,0.628,0.772,0.198,0.439,0.063,0.565,0.107,0.051,0.218,0.162,0.684,0.367,-0.048,0.444,-0.248,0.206,0.174,0.186,0.008,0.244,0.157,-0.309,0.674,-0.234,-0.091,-0.148,0.143,0.546,0.134,0.19,0.065,0.076,0.303,-0.156,0.045,0.353,0.464,0.201,0.177,0.158,0.352,0.554,-0.111,0.21,-0.057,0.106,-0.17,-0.001,0.203,0.07,-0.437,0.172,0.582,0.037,0.182,-0.086,0.107,0.356,0.023,0.629,0.625,-0.136,0.688,0.588,0.215,0.495,0.445,0.597,0.407,0.604,0.14,-0.287,0.35,0.446,0.13,0.285,-0.003,0.365,0.064,0.004,0.015,-0.027,0.123,0.24,0.012,0.529,0.585,0.611,0.598,0.249,0.499,0.158,0.276,0.223,0.189,0.035,-0.177,0.48,0.136,0.426,0.189,0.222,0.385,-0.212,0.464,-0.209,0.827,0.406,0.734,0.108,0.333,0.109,0.499,-0.237,0.6,-0.002,0.503,0.59
BHAT,0.51,-0.056,-0.124,-0.569,-0.221,-0.078,0.254,-0.362,0.464,0.778,0.206,-0.061,-0.168,0.112,0.394,0.43,0.138,-0.554,0.056,0.58,0.132,0.582,0.0,-0.051,0.435,0.1,-0.747,0.185,-0.187,-0.188,-0.139,-0.102,-0.016,-0.022,-0.33,0.059,0.208,0.025,-0.556,-0.189,0.102,0.004,0.521,0.017,0.533,-0.302,0.212,0.425,-0.458,0.694,0.44,0.363,-0.317,-0.308,-0.1,0.285,0.358,-0.034,0.463,0.556,0.03,0.343,-0.11,-0.612,-0.402,-0.573,0.076,0.684,0.021,0.699,-0.259,0.651,0.417,-0.15,-0.75,-0.647,-0.049,-0.202,0.46,-0.077,0.245,-0.037,0.648,0.359,0.279,0.147,-0.119,0.424,0.388,-0.25,0.597,0.306,0.499,0.112,-0.383,0.608,-0.197,-0.082,0.495,0.512,0.038,0.156,0.529,-0.255,0.708,-0.453,-0.397,0.047,-0.221,0.7,-0.14,-0.204,-0.311,0.171,0.618,-0.327,-0.311,-0.071,0.604,-0.019,-0.158,0.218,0.195,0.81,0.073,-0.198,-0.134,-0.021,-0.172,0.167,-0.04,-0.298,-0.677,-0.157,0.457,-0.182,-0.061,-0.224,0.117,0.354,-0.424,0.741,0.244,-0.35,0.412,0.703,0.398,0.132,0.7,0.411,0.127,0.422,-0.188,-0.554,0.446,0.219,-0.229,0.071,-0.338,0.479,-0.207,-0.363,-0.279,-0.074,-0.026,0.272,-0.217,0.186,0.351,0.539,0.31,0.32,0.57,0.158,0.339,-0.125,-0.175,-0.206,-0.481,0.454,-0.179,0.41,-0.147,0.452,0.676,-0.065,0.325,-0.232,0.716,0.396,0.604,-0.005,-0.078,-0.167,0.35,-0.493,0.493,-0.21,0.008,0.386
BLBD,0.41,0.922,0.88,0.539,0.928,0.794,-0.768,0.693,-0.647,-0.063,0.061,0.883,-0.758,0.69,0.509,-0.313,-0.768,-0.077,-0.078,-0.648,0.864,0.158,-0.051,0.0,0.414,0.627,0.321,0.809,0.837,0.929,0.288,0.951,0.313,-0.86,0.834,0.897,0.856,0.917,-0.556,0.918,0.811,0.655,0.173,0.365,0.128,0.406,-0.2,0.522,0.637,0.245,0.464,-0.155,0.749,0.119,0.927,0.243,-0.698,0.782,0.451,-0.317,0.804,0.853,0.758,0.457,0.749,0.148,0.768,0.14,-0.666,-0.192,0.909,-0.013,0.7,0.881,-0.011,0.538,-0.939,0.881,0.253,0.946,0.387,-0.58,0.007,0.342,-0.78,0.594,0.935,0.767,-0.841,0.673,-0.357,-0.101,0.591,0.856,0.835,0.259,-0.878,0.925,0.406,-0.678,0.751,0.711,-0.045,-0.657,-0.103,0.8,0.747,-0.858,0.916,-0.063,-0.214,0.895,0.348,-0.533,-0.715,0.82,0.856,0.869,-0.443,0.948,0.935,0.652,0.862,0.083,-0.936,0.879,0.923,-0.72,0.868,-0.827,0.751,0.929,0.219,0.867,0.575,0.964,0.923,-0.454,-0.825,-0.212,0.139,-0.234,0.476,0.865,0.41,-0.16,-0.805,0.747,-0.091,-0.108,0.473,0.342,0.662,0.78,0.052,0.594,0.852,0.723,0.807,-0.406,0.891,0.76,0.919,0.855,0.515,-0.634,0.953,0.335,0.34,0.158,0.368,-0.331,-0.373,0.808,-0.837,0.927,0.931,0.878,0.836,0.119,0.882,0.762,0.921,-0.796,-0.632,-0.903,0.665,-0.447,-0.015,0.421,0.247,0.92,-0.141,-0.387,-0.262,-0.212,-0.209,0.682,0.596,0.203
BMRN,0.637,0.451,0.548,-0.384,0.33,0.267,-0.312,0.106,0.104,0.208,0.591,0.248,-0.626,0.467,0.233,0.438,-0.134,-0.158,-0.375,0.209,0.566,0.159,0.435,0.414,0.0,-0.009,-0.383,0.495,0.45,0.453,-0.14,0.406,-0.13,-0.546,0.15,0.693,0.683,0.633,-0.698,0.331,0.326,0.19,0.54,0.008,0.75,-0.067,-0.276,0.747,0.249,0.278,0.796,-0.264,0.533,-0.622,0.23,-0.016,-0.283,0.538,0.401,0.214,0.367,0.605,0.46,-0.336,0.374,-0.477,0.703,0.424,-0.432,0.083,0.261,0.411,0.491,0.199,-0.37,-0.131,-0.411,0.154,0.206,0.335,0.183,-0.652,0.282,0.02,-0.158,-0.079,0.342,0.462,-0.157,0.421,0.481,0.218,0.456,0.474,0.039,0.243,-0.533,0.372,0.834,0.173,0.768,0.456,0.489,-0.333,0.134,0.274,0.071,-0.341,0.242,0.338,-0.086,0.155,-0.201,-0.157,0.056,0.122,0.295,0.305,-0.045,0.445,0.3,0.818,0.513,0.63,-0.367,0.11,0.472,-0.529,0.423,-0.307,0.02,0.193,-0.345,0.378,0.524,0.334,0.326,-0.212,-0.386,-0.029,-0.548,0.476,-0.018,0.29,0.067,0.358,-0.152,0.358,0.49,-0.181,0.065,0.258,0.199,0.002,-0.08,0.342,0.276,0.611,0.112,0.079,0.438,-0.012,0.278,0.57,0.192,-0.325,0.384,-0.012,0.188,0.152,0.154,-0.017,0.068,0.633,-0.329,0.347,0.267,0.304,0.103,0.455,0.232,0.694,0.262,-0.13,-0.057,-0.503,0.531,-0.486,0.318,0.669,0.29,0.5,-0.254,-0.773,-0.214,-0.699,-0.003,-0.101,0.07,-0.059
BNGO,0.382,0.544,0.332,0.59,0.546,0.574,-0.201,0.269,-0.335,0.272,-0.244,0.717,-0.196,0.615,0.791,-0.166,-0.521,0.051,0.523,-0.439,0.554,0.376,0.1,0.627,-0.009,0.0,0.235,0.612,0.348,0.407,0.557,0.557,0.539,-0.344,0.617,0.36,0.433,0.412,-0.241,0.52,0.674,0.631,0.31,0.324,-0.14,0.226,0.408,0.225,0.21,0.514,0.181,0.498,0.172,0.588,0.751,0.691,-0.148,0.279,0.53,-0.01,0.505,0.553,0.515,0.401,0.258,0.336,0.184,0.391,-0.173,-0.047,0.557,0.068,0.637,0.714,-0.037,0.382,-0.606,0.718,0.628,0.694,0.459,0.053,0.384,0.53,-0.441,0.923,0.561,0.758,-0.395,0.207,-0.334,0.014,0.451,0.693,0.527,0.165,-0.543,0.646,0.008,-0.416,0.077,0.24,0.081,-0.21,0.399,0.265,0.578,-0.436,0.672,0.313,-0.078,0.731,0.148,0.032,-0.356,0.618,0.417,0.622,0.165,0.634,0.657,0.013,0.672,0.111,-0.595,0.688,0.449,-0.33,0.499,-0.351,0.794,0.649,0.143,0.379,0.609,0.583,0.761,-0.287,-0.304,0.279,0.487,-0.21,0.781,0.374,0.682,0.07,-0.367,0.602,0.138,0.497,0.351,0.684,0.608,0.454,0.32,0.727,0.495,0.244,0.407,-0.061,0.357,0.464,0.496,0.378,0.485,0.014,0.52,0.696,0.612,0.219,0.591,-0.061,0.094,0.27,-0.327,0.607,0.624,0.455,0.444,0.122,0.694,0.458,0.633,-0.319,-0.147,-0.519,0.342,-0.043,0.085,0.275,0.538,0.469,0.05,0.277,0.245,0.238,0.308,0.782,0.631,0.707
BUSE,-0.282,0.347,0.388,0.762,0.524,0.48,-0.379,0.617,-0.627,-0.468,-0.392,0.451,0.056,-0.066,-0.216,-0.431,-0.324,0.323,0.06,-0.765,0.003,-0.305,-0.747,0.321,-0.383,0.235,0.0,0.158,0.451,0.392,0.395,0.419,0.283,-0.142,0.665,0.119,0.108,0.195,0.397,0.485,0.331,0.431,-0.515,0.323,-0.413,0.423,-0.113,-0.233,0.621,-0.421,-0.251,-0.215,0.441,0.522,0.428,-0.009,-0.424,0.293,-0.114,-0.604,0.293,0.042,0.175,0.675,0.421,0.687,0.18,-0.497,-0.194,-0.496,0.509,-0.453,-0.061,0.463,0.852,0.661,-0.23,0.546,-0.18,0.392,0.243,0.042,-0.413,0.111,-0.391,0.229,0.411,-0.052,-0.583,0.417,-0.651,-0.171,-0.149,0.242,0.584,-0.333,-0.02,0.442,-0.445,-0.568,0.075,0.255,-0.646,0.005,-0.481,0.585,0.696,-0.305,0.546,-0.64,0.194,0.571,0.433,-0.333,-0.741,0.507,0.567,0.436,-0.599,0.334,0.483,-0.127,0.135,-0.664,-0.285,0.597,0.37,0.046,0.351,-0.394,0.353,0.595,0.651,0.483,-0.122,0.456,0.404,0.306,-0.212,-0.273,0.553,-0.682,0.175,0.577,0.005,-0.542,-0.554,0.271,-0.626,-0.25,0.168,-0.168,0.244,0.703,-0.259,0.085,0.551,0.171,0.629,-0.422,0.473,0.627,0.56,0.309,0.265,-0.371,0.467,0.05,-0.034,-0.245,0.027,-0.28,-0.451,0.118,-0.428,0.478,0.526,0.534,0.682,-0.246,0.479,-0.067,0.458,-0.595,-0.641,-0.189,0.035,0.111,-0.498,-0.188,-0.237,0.337,0.318,0.291,-0.12,0.459,-0.379,0.492,0.401,-0.083
CAKE,0.733,0.767,0.766,0.305,0.752,0.824,-0.543,0.509,-0.372,0.296,0.15,0.829,-0.632,0.604,0.567,-0.033,-0.646,-0.201,0.001,-0.342,0.705,0.412,0.185,0.809,0.495,0.612,0.158,0.0,0.769,0.75,0.362,0.847,0.411,-0.743,0.773,0.786,0.894,0.84,-0.594,0.762,0.863,0.853,0.358,0.241,0.43,0.247,-0.061,0.701,0.383,0.502,0.664,0.024,0.638,0.037,0.854,0.432,-0.45,0.717,0.659,-0.032,0.707,0.87,0.546,0.109,0.453,0.067,0.697,0.449,-0.649,-0.102,0.659,0.412,0.805,0.726,-0.091,0.154,-0.826,0.729,0.433,0.837,0.602,-0.349,0.276,0.581,-0.532,0.583,0.812,0.859,-0.562,0.493,-0.03,0.252,0.75,0.897,0.555,0.2,-0.843,0.859,0.544,-0.369,0.649,0.678,0.213,-0.526,0.268,0.49,0.543,-0.709,0.8,0.245,-0.073,0.752,0.101,-0.341,-0.4,0.554,0.705,0.797,-0.132,0.876,0.793,0.616,0.874,0.366,-0.783,0.743,0.743,-0.648,0.669,-0.672,0.725,0.728,-0.1,0.756,0.822,0.759,0.82,-0.224,-0.562,0.015,0.016,0.178,0.626,0.612,0.619,0.231,-0.484,0.84,0.191,0.143,0.602,0.489,0.522,0.434,0.26,0.739,0.772,0.759,0.604,-0.122,0.712,0.485,0.727,0.73,0.488,-0.42,0.775,0.422,0.562,0.305,0.539,-0.256,-0.035,0.688,-0.523,0.827,0.79,0.728,0.555,0.401,0.745,0.866,0.832,-0.472,-0.263,-0.79,0.748,-0.501,0.372,0.731,0.568,0.811,-0.066,-0.345,-0.02,-0.387,0.177,0.463,0.68,0.449
CASY,0.437,0.891,0.959,0.409,0.873,0.827,-0.828,0.835,-0.653,-0.174,0.12,0.787,-0.779,0.476,0.229,-0.176,-0.707,-0.044,-0.335,-0.602,0.698,-0.003,-0.187,0.837,0.45,0.348,0.451,0.769,0.0,0.91,0.148,0.921,0.223,-0.815,0.816,0.81,0.875,0.86,-0.501,0.821,0.707,0.673,0.146,0.209,0.306,0.271,-0.362,0.577,0.683,0.065,0.582,-0.346,0.86,-0.088,0.781,0.019,-0.763,0.725,0.414,-0.391,0.757,0.733,0.584,0.282,0.729,0.19,0.796,0.037,-0.802,-0.341,0.816,0.001,0.612,0.747,0.162,0.42,-0.828,0.761,0.099,0.812,0.362,-0.635,-0.202,0.225,-0.687,0.309,0.872,0.551,-0.823,0.614,-0.224,0.164,0.514,0.768,0.768,-0.001,-0.779,0.845,0.406,-0.582,0.794,0.764,-0.055,-0.577,-0.207,0.819,0.632,-0.817,0.819,-0.213,-0.137,0.748,0.379,-0.631,-0.675,0.674,0.891,0.808,-0.64,0.873,0.807,0.679,0.697,0.086,-0.823,0.789,0.875,-0.675,0.806,-0.823,0.643,0.814,0.101,0.866,0.517,0.847,0.807,-0.212,-0.732,-0.32,-0.008,-0.166,0.299,0.866,0.305,-0.09,-0.753,0.705,-0.084,-0.325,0.441,0.164,0.472,0.705,-0.075,0.473,0.914,0.734,0.836,-0.308,0.866,0.605,0.849,0.833,0.369,-0.675,0.914,0.064,0.16,-0.056,0.32,-0.437,-0.381,0.737,-0.785,0.817,0.816,0.877,0.783,0.217,0.716,0.729,0.827,-0.772,-0.656,-0.773,0.714,-0.585,0.005,0.554,0.196,0.891,-0.087,-0.489,-0.343,-0.286,-0.32,0.392,0.517,0.013
CCOI,0.328,0.927,0.948,0.491,0.918,0.784,-0.889,0.779,-0.708,-0.238,0.144,0.806,-0.787,0.56,0.271,-0.31,-0.769,-0.043,-0.32,-0.665,0.771,-0.025,-0.188,0.929,0.453,0.407,0.392,0.75,0.91,0.0,0.144,0.949,0.168,-0.905,0.813,0.898,0.851,0.936,-0.541,0.892,0.695,0.585,0.085,0.227,0.165,0.369,-0.404,0.541,0.736,0.03,0.493,-0.409,0.842,-0.039,0.856,-0.002,-0.773,0.809,0.325,-0.41,0.751,0.768,0.718,0.442,0.848,0.156,0.804,-0.027,-0.775,-0.302,0.873,-0.123,0.589,0.787,0.061,0.543,-0.9,0.774,0.025,0.899,0.244,-0.645,-0.237,0.174,-0.801,0.349,0.948,0.594,-0.892,0.688,-0.363,-0.061,0.474,0.748,0.854,0.131,-0.841,0.881,0.411,-0.708,0.824,0.713,-0.09,-0.637,-0.303,0.869,0.705,-0.871,0.848,-0.26,-0.284,0.808,0.386,-0.64,-0.769,0.783,0.899,0.799,-0.651,0.894,0.874,0.71,0.742,0.003,-0.899,0.806,0.948,-0.721,0.866,-0.908,0.649,0.882,0.246,0.882,0.435,0.94,0.827,-0.397,-0.884,-0.387,-0.03,-0.282,0.279,0.935,0.227,-0.263,-0.873,0.666,-0.205,-0.337,0.369,0.11,0.594,0.806,-0.058,0.447,0.855,0.728,0.852,-0.486,0.913,0.721,0.927,0.869,0.371,-0.751,0.96,0.107,0.154,-0.019,0.23,-0.462,-0.518,0.792,-0.901,0.87,0.884,0.884,0.857,0.044,0.82,0.705,0.888,-0.875,-0.751,-0.886,0.658,-0.541,-0.112,0.399,0.072,0.904,-0.218,-0.524,-0.404,-0.26,-0.419,0.537,0.469,-0.031
CEVA,0.18,0.185,0.163,0.475,0.292,0.367,0.03,0.097,-0.138,0.071,-0.031,0.49,0.12,0.317,0.288,-0.263,0.004,0.255,0.569,-0.288,0.172,0.067,-0.139,0.288,-0.14,0.557,0.395,0.362,0.148,0.144,0.0,0.301,0.469,0.052,0.466,0.155,0.136,0.207,0.18,0.322,0.428,0.49,0.019,0.312,-0.15,0.441,0.273,-0.075,0.271,0.265,0.017,0.182,0.233,0.594,0.439,0.456,-0.065,0.268,0.116,-0.176,0.174,0.241,0.358,0.383,0.155,0.274,0.089,0.063,0.078,-0.209,0.265,-0.048,0.072,0.47,0.432,0.415,-0.212,0.477,0.325,0.344,0.402,0.196,0.352,0.291,-0.166,0.545,0.317,0.336,-0.115,0.222,-0.15,-0.007,0.156,0.384,0.24,-0.091,-0.107,0.389,0.014,-0.119,-0.014,0.198,-0.04,0.097,0.146,0.235,0.511,0.081,0.482,0.124,0.269,0.506,-0.005,0.128,-0.301,0.427,0.212,0.319,0.133,0.397,0.447,-0.119,0.512,-0.153,-0.217,0.401,0.239,-0.11,0.279,-0.06,0.399,0.422,0.397,0.256,0.281,0.357,0.475,0.183,0.001,0.305,0.608,-0.254,0.4,0.209,0.298,-0.084,-0.149,0.301,-0.015,0.324,0.325,0.331,0.32,0.353,0.094,0.435,0.277,0.185,0.193,-0.035,0.21,0.357,0.302,0.29,0.743,0.029,0.26,0.493,0.462,0.155,0.303,0.102,0.062,0.156,-0.139,0.43,0.396,0.284,0.343,0.109,0.456,0.153,0.367,-0.143,-0.085,-0.173,-0.003,0.434,-0.148,0.085,0.206,0.279,0.173,0.317,0.156,0.157,0.272,0.637,0.397,0.497
