,AAPL,ACRS,ADP,AFYA,AGNC,AGYS,ALT,AMGN,AMPH,AMZN,ANIP,AOSL,APDN,APLT,APVO,ARGX,ARLP,ATEX,ATRA,AUTL,AVDL,BCRX,BHAT,BLBD,BMRN,BNGO,BUSE,CAKE,CASY,CCOI,CEVA,CHY,CLDX,CLMT,COHU,COLM,COST,CPRT,CSWC,CSX,DBX,DCOM,DKNG,DMLP,DOX,EA,EDIT,ENPH,ENSG,ERNA,ESGR,ETNB,EXTR,FANG,FARO,FATE,FGEN,FIVE,FIVN,FLGT,FOLD,FORM,FOXA,FRPT,FSLR,FTAI,GBDC,GDYN,GGAL,GNLN,GRFS,GT,HCAT,HCM,HFWA,HOLX,HQY,HUBG,IAC,ICLR,IDCC,IEP,IHRT,ILMN,ILPT,IMAB,IMOS,INMD,INTZ,JAZZ,JKHY,JRVR,KIDS,LBRDK,LGND,LMAT,LPLA,LULU,MASI,MAT,MATW,MBIN,MBIO,MCRB,MDB,MDLZ,MELI,MIRM,MLKN,MNMD,MNRO,MPWR,MRCY,MRSN,MTVA,NAAS,NDAQ,NDSN,NEGG,NOVT,NVDA,NWE,NWSA,NXST,OCX,ODFL,OMAB,OPCH,OPRA,ORGO,OTRK,OZK,PAGP,PCH,PEGA,PENG,PENN,PFBC,PGNY,PHAT,PHUN,PINC,PLUG,PLXS,PYPL,QLYS,QNCX,QQQX,QVCGA,RAPT,RBBN,RCKT,REPL,RMBS,ROAD,ROKU,ROP,RUSHA,SANM,SATS,SBCF,SBLK,SBUX,SCHL,SCSC,SDGR,SEIC,SFIX,SGRY,SKYW,SLP,SNES,STAA,STLD,STOK,SWKS,TER,TFIN,TIGO,TILE,TPIC,TTEC,TTEK,TTGT,UXIN,VERU,VLYPP,VNOM,VRNS,VRSN,WDAY,WERN,WINA,WKHS,WRLD,XP,XTKG,YY,ZION,ZM
AAPL,0.0,0.414,0.454,-0.257,0.318,0.404,-0.083,0.08,0.225,0.802,0.321,0.483,-0.41,0.585,0.569,0.516,-0.241,-0.185,0.07,0.32,0.563,0.555,0.719,0.425,0.556,0.364,-0.348,0.741,0.468,0.344,0.178,0.45,0.407,-0.408,0.376,0.497,0.685,0.523,-0.562,0.323,0.616,0.603,0.785,0.022,0.773,-0.078,0.235,0.773,0.104,0.668,0.72,0.276,0.359,-0.288,0.416,0.533,-0.013,0.389,0.792,0.532,0.399,0.658,0.402,-0.459,0.075,-0.13,0.373,0.871,-0.291,0.546,0.217,0.778,0.762,0.26,-0.366,-0.268,-0.412,0.379,0.697,0.429,0.62,-0.27,0.652,0.515,0.025,0.302,0.383,0.717,-0.013,0.286,0.583,0.614,0.654,0.676,0.041,0.235,-0.561,0.482,0.655,0.252,0.457,0.483,0.653,-0.211,0.691,0.082,0.098,-0.318,0.435,0.659,0.2,0.343,-0.078,0.085,0.248,0.052,0.29,0.515,0.301,0.519,0.342,0.514,0.624,0.87,-0.362,0.289,0.301,-0.51,0.361,-0.228,0.324,0.267,-0.533,0.382,0.892,0.287,0.511,0.039,-0.089,0.42,-0.307,0.668,0.519,0.171,0.635,0.811,0.076,0.674,0.72,0.355,0.471,0.656,0.372,-0.135,0.374,0.767,0.461,0.651,0.106,0.483,0.309,-0.06,0.224,0.369,0.367,0.049,0.355,0.424,0.636,0.533,0.629,0.068,0.54,0.422,-0.039,0.436,0.342,0.276,0.007,0.807,0.327,0.814,0.448,0.085,0.259,-0.484,0.614,-0.488,0.685,0.952,0.818,0.494,0.074,-0.277,0.282,-0.438,0.47,0.013,0.516,0.545
ACRS,0.414,0.0,0.897,0.371,0.879,0.85,-0.852,0.769,-0.653,0.046,0.154,0.828,-0.824,0.585,0.364,-0.207,-0.765,-0.29,-0.307,-0.612,0.799,0.118,0.127,0.933,0.477,0.474,0.238,0.784,0.915,0.932,0.123,0.955,0.111,-0.873,0.82,0.832,0.868,0.891,-0.686,0.828,0.735,0.626,0.201,0.35,0.277,0.253,-0.366,0.575,0.649,0.285,0.548,-0.272,0.766,-0.065,0.86,0.048,-0.734,0.708,0.472,-0.331,0.779,0.888,0.695,0.298,0.778,-0.022,0.707,0.136,-0.747,0.373,0.861,0.055,0.72,0.852,-0.153,0.44,-0.921,0.801,0.187,0.884,0.337,-0.608,-0.035,0.274,-0.806,0.424,0.928,0.703,-0.855,0.558,-0.231,0.026,0.674,0.788,0.814,0.666,-0.885,0.872,0.498,-0.61,0.74,0.757,0.002,-0.758,-0.105,0.805,0.678,-0.869,0.85,-0.097,-0.384,0.804,0.323,-0.633,-0.709,0.791,0.848,0.798,-0.526,0.911,0.858,0.62,0.784,0.251,-0.924,0.821,0.922,-0.73,0.88,-0.862,0.701,0.873,0.047,0.815,0.55,0.927,0.881,-0.484,-0.836,-0.317,-0.072,-0.101,0.392,0.885,0.403,-0.062,-0.824,0.692,-0.012,-0.267,0.415,0.236,0.5,0.769,0.073,0.508,0.86,0.664,0.824,-0.377,0.838,0.675,0.89,0.808,0.376,-0.696,0.938,0.15,0.247,0.239,0.375,-0.382,-0.376,0.797,-0.858,0.86,0.867,0.88,0.818,0.148,0.778,0.785,0.855,-0.806,-0.635,-0.858,0.737,-0.575,0.121,0.449,0.275,0.924,-0.226,-0.472,-0.307,-0.369,-0.312,0.524,0.485,0.076
ADP,0.454,0.897,0.0,0.164,0.915,0.749,-0.83,0.749,-0.557,0.052,0.323,0.767,-0.848,0.533,0.166,-0.083,-0.645,-0.323,-0.404,-0.438,0.768,0.097,0.119,0.862,0.686,0.209,0.183,0.767,0.956,0.945,0.067,0.925,0.112,-0.864,0.762,0.915,0.931,0.94,-0.649,0.881,0.723,0.567,0.22,0.44,0.499,0.334,-0.448,0.687,0.761,0.21,0.705,-0.417,0.917,-0.276,0.741,-0.037,-0.764,0.857,0.512,-0.284,0.814,0.892,0.677,0.224,0.785,-0.095,0.901,0.143,-0.673,0.346,0.845,0.193,0.681,0.707,-0.055,0.369,-0.846,0.741,0.14,0.826,0.411,-0.751,-0.016,0.249,-0.603,0.163,0.883,0.632,-0.789,0.734,-0.063,0.036,0.696,0.796,0.701,0.655,-0.808,0.881,0.629,-0.383,0.901,0.881,-0.005,-0.729,-0.182,0.877,0.589,-0.825,0.812,-0.114,-0.201,0.719,0.34,-0.654,-0.623,0.661,0.911,0.83,-0.605,0.901,0.846,0.83,0.796,0.358,-0.805,0.733,0.916,-0.686,0.807,-0.804,0.46,0.812,0.043,0.923,0.578,0.884,0.754,-0.322,-0.785,-0.343,-0.231,0.065,0.282,0.911,0.291,0.014,-0.762,0.699,0.067,-0.368,0.359,0.186,0.49,0.679,-0.117,0.477,0.882,0.843,0.811,-0.302,0.934,0.681,0.879,0.911,0.391,-0.738,0.935,0.132,0.305,0.299,0.352,-0.335,-0.34,0.896,-0.817,0.854,0.841,0.901,0.793,0.314,0.765,0.82,0.817,-0.768,-0.68,-0.844,0.862,-0.545,0.188,0.544,0.27,0.937,-0.106,-0.654,-0.301,-0.557,-0.378,0.324,0.499,-0.091
AFYA,-0.257,0.371,0.164,0.0,0.453,0.449,-0.276,0.444,-0.67,-0.065,-0.58,0.551,0.031,0.083,0.243,-0.61,-0.518,0.035,0.359,-0.795,0.155,0.056,-0.4,0.435,-0.436,0.623,0.701,0.2,0.212,0.305,0.417,0.411,0.42,-0.163,0.592,0.044,0.064,0.142,0.168,0.453,0.438,0.33,-0.346,0.434,-0.605,0.392,0.161,-0.234,0.298,0.0,-0.337,0.184,0.003,0.727,0.609,0.312,-0.22,0.15,0.091,-0.447,0.346,0.22,0.172,0.767,0.228,0.593,-0.013,-0.224,-0.164,0.301,0.529,-0.402,0.167,0.582,0.314,0.64,-0.403,0.587,0.11,0.516,0.224,0.22,-0.19,0.39,-0.49,0.649,0.444,0.287,-0.569,0.118,-0.823,-0.345,0.1,0.297,0.688,0.35,-0.23,0.453,-0.444,-0.709,-0.153,0.137,-0.58,-0.242,-0.091,0.34,0.661,-0.393,0.563,-0.326,-0.127,0.672,0.453,-0.228,-0.688,0.611,0.419,0.428,-0.229,0.352,0.539,-0.279,0.272,-0.514,-0.415,0.692,0.292,0.011,0.341,-0.405,0.635,0.622,0.524,0.33,0.046,0.49,0.495,-0.24,-0.301,-0.014,0.648,-0.704,0.52,0.437,0.389,-0.471,-0.547,0.356,-0.52,0.184,0.312,0.144,0.391,0.697,0.186,0.238,0.436,0.007,0.563,-0.42,0.308,0.617,0.508,0.159,0.188,-0.147,0.412,0.368,0.193,0.118,0.273,-0.206,-0.307,0.079,-0.351,0.476,0.57,0.432,0.58,-0.33,0.552,0.009,0.536,-0.541,-0.431,-0.298,0.078,0.109,-0.311,-0.339,0.049,0.266,0.164,0.435,0.199,0.488,-0.196,0.774,0.481,0.321
AGNC,0.318,0.879,0.915,0.453,0.0,0.776,-0.782,0.757,-0.683,0.078,0.082,0.862,-0.716,0.562,0.26,-0.254,-0.758,-0.243,-0.169,-0.637,0.747,0.179,-0.014,0.915,0.497,0.419,0.343,0.758,0.873,0.917,0.198,0.943,0.269,-0.817,0.879,0.84,0.846,0.873,-0.487,0.969,0.81,0.626,0.093,0.605,0.249,0.467,-0.285,0.526,0.736,0.231,0.518,-0.23,0.794,0.02,0.867,0.148,-0.736,0.822,0.534,-0.351,0.866,0.869,0.668,0.497,0.745,0.132,0.826,0.102,-0.582,0.481,0.958,0.101,0.701,0.83,0.038,0.555,-0.889,0.89,0.227,0.923,0.476,-0.591,-0.008,0.402,-0.646,0.385,0.91,0.691,-0.875,0.729,-0.352,-0.167,0.669,0.857,0.842,0.735,-0.79,0.958,0.391,-0.551,0.742,0.796,-0.207,-0.715,-0.157,0.884,0.743,-0.862,0.925,-0.147,-0.176,0.877,0.43,-0.611,-0.763,0.803,0.956,0.918,-0.552,0.923,0.96,0.662,0.826,0.162,-0.854,0.888,0.901,-0.599,0.782,-0.805,0.582,0.948,0.221,0.945,0.572,0.947,0.834,-0.377,-0.78,-0.296,0.042,-0.141,0.489,0.933,0.405,-0.125,-0.834,0.766,-0.091,-0.196,0.368,0.296,0.634,0.823,-0.142,0.544,0.917,0.761,0.894,-0.4,0.954,0.857,0.953,0.871,0.417,-0.675,0.974,0.363,0.415,0.344,0.441,-0.312,-0.368,0.812,-0.818,0.932,0.952,0.941,0.9,0.172,0.904,0.721,0.907,-0.844,-0.743,-0.855,0.81,-0.404,0.097,0.372,0.304,0.892,0.027,-0.43,-0.142,-0.322,-0.346,0.566,0.667,0.033
AGYS,0.404,0.85,0.749,0.449,0.776,0.0,-0.704,0.748,-0.606,0.216,-0.002,0.839,-0.624,0.365,0.333,-0.204,-0.698,-0.437,-0.18,-0.632,0.551,0.212,0.106,0.785,0.294,0.533,0.402,0.821,0.819,0.76,0.32,0.87,0.2,-0.686,0.853,0.632,0.765,0.737,-0.512,0.743,0.774,0.798,0.053,0.395,0.212,0.297,-0.268,0.45,0.444,0.373,0.431,-0.13,0.617,0.162,0.842,0.168,-0.592,0.602,0.476,-0.387,0.718,0.822,0.431,0.264,0.534,0.091,0.597,0.126,-0.683,0.418,0.745,0.174,0.666,0.847,0.054,0.271,-0.795,0.75,0.238,0.791,0.488,-0.307,0.05,0.485,-0.717,0.529,0.836,0.684,-0.754,0.404,-0.261,0.099,0.685,0.76,0.701,0.547,-0.75,0.812,0.323,-0.52,0.528,0.713,-0.124,-0.663,0.041,0.614,0.685,-0.755,0.805,-0.092,-0.261,0.779,0.217,-0.584,-0.646,0.697,0.758,0.735,-0.393,0.824,0.802,0.39,0.723,0.173,-0.816,0.836,0.78,-0.529,0.711,-0.741,0.737,0.796,0.016,0.742,0.562,0.818,0.818,-0.302,-0.635,-0.249,0.132,-0.053,0.536,0.735,0.546,-0.001,-0.687,0.696,-0.042,-0.134,0.587,0.252,0.325,0.661,0.126,0.514,0.821,0.535,0.777,-0.322,0.701,0.64,0.801,0.698,0.416,-0.595,0.803,0.184,0.299,0.286,0.452,-0.322,-0.272,0.622,-0.657,0.814,0.824,0.834,0.737,0.171,0.715,0.703,0.775,-0.663,-0.433,-0.682,0.676,-0.44,0.261,0.428,0.389,0.804,-0.079,-0.237,-0.115,-0.285,-0.124,0.54,0.571,0.223
ALT,-0.083,-0.852,-0.83,-0.276,-0.782,-0.704,0.0,-0.835,0.782,0.333,-0.213,-0.606,0.848,-0.316,0.001,0.417,0.725,0.395,0.594,0.661,-0.586,0.148,0.114,-0.762,-0.423,-0.115,-0.24,-0.548,-0.832,-0.89,0.11,-0.826,0.196,0.845,-0.639,-0.753,-0.702,-0.787,0.606,-0.728,-0.45,-0.35,0.097,-0.23,-0.17,-0.272,0.694,-0.402,-0.612,0.002,-0.415,0.59,-0.748,0.216,-0.657,0.351,0.867,-0.648,-0.143,0.577,-0.659,-0.696,-0.504,-0.346,-0.801,0.116,-0.704,0.245,0.802,-0.102,-0.772,0.161,-0.435,-0.682,0.12,-0.395,0.808,-0.55,0.243,-0.688,-0.019,0.686,0.434,0.003,0.839,-0.066,-0.835,-0.375,0.902,-0.443,0.356,0.17,-0.52,-0.519,-0.79,-0.594,0.76,-0.685,-0.408,0.688,-0.732,-0.704,0.205,0.841,0.496,-0.822,-0.476,0.826,-0.628,0.441,0.594,-0.561,-0.365,0.86,0.786,-0.698,-0.798,-0.583,0.807,-0.731,-0.704,-0.61,-0.535,-0.043,0.82,-0.639,-0.87,0.64,-0.733,0.849,-0.504,-0.712,-0.109,-0.749,-0.2,-0.832,-0.607,0.561,0.924,0.654,0.183,0.205,-0.038,-0.883,-0.07,0.342,0.904,-0.403,0.286,0.612,-0.242,0.205,-0.27,-0.771,0.14,-0.116,-0.707,-0.508,-0.834,0.575,-0.779,-0.698,-0.832,-0.766,-0.094,0.887,-0.847,0.202,0.11,0.02,-0.058,0.567,0.687,-0.729,0.914,-0.681,-0.716,-0.835,-0.82,0.141,-0.596,-0.535,-0.675,0.895,0.808,0.704,-0.641,0.564,0.017,-0.175,0.113,-0.786,0.383,0.63,0.571,0.469,0.613,-0.29,-0.199,0.332
AMGN,0.08,0.769,0.749,0.444,0.757,0.748,-0.835,0.0,-0.844,-0.163,-0.106,0.706,-0.64,0.135,-0.024,-0.405,-0.747,-0.456,-0.317,-0.762,0.423,0.011,-0.226,0.673,0.162,0.223,0.536,0.492,0.809,0.74,0.018,0.772,0.123,-0.65,0.755,0.538,0.614,0.604,-0.329,0.712,0.579,0.474,-0.197,0.391,0.065,0.365,-0.419,0.233,0.575,0.057,0.219,-0.335,0.592,0.037,0.646,-0.091,-0.772,0.554,0.284,-0.601,0.761,0.62,0.277,0.407,0.517,0.219,0.582,-0.215,-0.706,0.345,0.792,-0.104,0.439,0.674,0.143,0.38,-0.678,0.664,-0.067,0.621,0.316,-0.453,-0.384,0.265,-0.676,0.233,0.741,0.367,-0.884,0.408,-0.458,-0.121,0.526,0.534,0.815,0.471,-0.586,0.674,0.116,-0.671,0.526,0.745,-0.468,-0.777,-0.346,0.746,0.535,-0.754,0.69,-0.512,-0.332,0.669,0.563,-0.832,-0.767,0.59,0.845,0.694,-0.777,0.681,0.705,0.364,0.474,-0.004,-0.695,0.785,0.692,-0.338,0.562,-0.72,0.578,0.733,0.147,0.769,0.229,0.755,0.628,-0.32,-0.671,-0.468,0.134,-0.286,0.28,0.829,0.347,-0.241,-0.798,0.567,-0.328,-0.432,0.449,-0.08,0.229,0.762,-0.165,0.211,0.821,0.454,0.938,-0.366,0.726,0.733,0.787,0.638,0.135,-0.719,0.771,-0.083,-0.019,0.061,0.273,-0.476,-0.512,0.588,-0.712,0.714,0.76,0.838,0.8,-0.034,0.551,0.443,0.672,-0.812,-0.726,-0.533,0.657,-0.469,0.058,0.142,0.063,0.723,0.037,-0.287,-0.256,-0.225,-0.491,0.326,0.454,-0.103
AMPH,0.225,-0.653,-0.557,-0.67,-0.683,-0.606,0.782,-0.844,0.0,0.364,0.236,-0.608,0.481,-0.095,-0.021,0.658,0.729,0.284,0.18,0.908,-0.341,0.091,0.392,-0.615,0.049,-0.308,-0.573,-0.338,-0.596,-0.652,-0.074,-0.661,-0.067,0.532,-0.663,-0.409,-0.392,-0.461,0.2,-0.644,-0.426,-0.29,0.369,-0.382,0.318,-0.366,0.391,-0.019,-0.498,0.085,0.031,0.293,-0.419,-0.28,-0.643,0.13,0.774,-0.442,-0.075,0.732,-0.632,-0.438,-0.259,-0.686,-0.549,-0.26,-0.396,0.42,0.593,-0.182,-0.739,0.386,-0.246,-0.658,-0.125,-0.541,0.643,-0.606,0.231,-0.61,-0.082,0.286,0.524,-0.154,0.763,-0.31,-0.681,-0.282,0.886,-0.261,0.759,0.403,-0.356,-0.379,-0.853,-0.504,0.486,-0.587,0.097,0.843,-0.315,-0.467,0.594,0.67,0.468,-0.666,-0.59,0.671,-0.609,0.561,0.506,-0.649,-0.547,0.749,0.894,-0.684,-0.725,-0.544,0.728,-0.575,-0.674,-0.156,-0.352,0.3,0.662,-0.74,-0.637,0.276,-0.533,0.679,-0.597,-0.719,-0.402,-0.607,-0.025,-0.724,-0.537,0.464,0.693,0.52,-0.293,0.553,-0.221,-0.756,-0.194,0.555,0.847,-0.383,0.528,0.379,-0.234,0.158,-0.265,-0.846,0.164,-0.076,-0.635,-0.213,-0.872,0.613,-0.617,-0.786,-0.755,-0.49,-0.027,0.648,-0.694,0.007,0.092,0.104,-0.128,0.5,0.688,-0.443,0.718,-0.618,-0.702,-0.712,-0.795,0.403,-0.563,-0.191,-0.614,0.863,0.777,0.469,-0.414,0.257,0.168,0.193,0.128,-0.552,0.099,0.14,0.288,0.02,0.548,-0.519,-0.324,0.142
AMZN,0.802,0.046,0.052,-0.065,0.078,0.216,0.333,-0.163,0.364,0.0,-0.081,0.339,0.08,0.317,0.559,0.49,-0.09,-0.067,0.485,0.347,0.203,0.748,0.587,0.128,0.131,0.481,-0.174,0.529,0.096,-0.038,0.328,0.141,0.651,-0.01,0.263,0.069,0.318,0.109,-0.144,0.117,0.542,0.584,0.605,0.096,0.473,-0.053,0.628,0.433,-0.182,0.66,0.344,0.661,-0.074,0.091,0.269,0.809,0.365,0.09,0.766,0.634,0.196,0.333,0.052,-0.339,-0.349,0.195,0.011,0.88,0.058,0.634,-0.007,0.799,0.584,0.08,-0.156,-0.334,-0.116,0.279,0.812,0.236,0.73,0.211,0.753,0.742,0.328,0.453,0.074,0.577,0.241,0.071,0.422,0.551,0.448,0.497,-0.123,0.002,-0.217,0.279,0.193,0.347,-0.023,0.164,0.453,0.106,0.902,-0.26,0.04,-0.041,0.276,0.704,0.476,0.257,-0.09,0.399,0.411,-0.143,0.05,0.378,0.606,0.229,0.153,0.077,0.4,0.623,-0.055,0.216,-0.097,-0.082,-0.016,0.056,0.279,0.097,-0.438,0.124,0.783,-0.012,0.313,0.276,0.307,0.665,0.033,0.581,0.721,-0.16,0.761,0.814,0.354,0.6,0.626,0.732,0.456,0.771,0.311,-0.324,0.433,0.72,0.258,0.354,-0.092,0.624,0.003,-0.178,-0.038,-0.01,0.287,0.435,0.038,0.654,0.746,0.573,0.706,0.268,0.762,0.021,0.365,0.225,0.164,0.002,-0.213,0.741,0.192,0.494,0.271,0.348,0.518,-0.197,0.356,-0.178,0.693,0.718,0.909,0.126,0.419,0.227,0.707,-0.039,0.733,0.064,0.632,0.788
ANIP,0.321,0.154,0.323,-0.58,0.082,-0.002,-0.213,-0.106,0.236,-0.081,0.0,-0.07,-0.41,0.373,-0.051,0.217,0.257,-0.039,-0.374,0.364,0.338,-0.232,0.29,0.117,0.678,-0.303,-0.504,0.211,0.208,0.244,-0.056,0.146,-0.368,-0.209,-0.103,0.494,0.331,0.425,-0.412,0.082,-0.06,-0.074,0.309,-0.133,0.558,-0.046,-0.457,0.409,0.185,0.116,0.558,-0.462,0.525,-0.567,-0.06,-0.33,-0.238,0.357,-0.065,0.138,-0.005,0.287,0.406,-0.346,0.352,-0.669,0.447,0.091,-0.095,-0.195,0.026,0.232,0.083,0.006,-0.24,-0.129,-0.152,-0.12,-0.088,0.013,-0.174,-0.524,0.171,-0.38,-0.082,-0.386,0.127,0.122,0.089,0.233,0.543,0.117,0.224,0.131,-0.22,0.076,-0.247,0.09,0.799,0.299,0.574,0.254,0.521,-0.103,-0.143,0.213,-0.127,0.017,-0.003,0.244,-0.102,-0.162,-0.401,-0.065,0.104,0.015,0.064,-0.057,-0.035,0.221,0.035,0.575,0.256,0.44,-0.125,-0.218,0.311,-0.487,0.266,-0.032,-0.168,-0.053,-0.159,0.151,0.142,0.142,-0.002,-0.068,-0.232,-0.118,-0.5,0.409,-0.34,0.12,-0.311,0.169,0.017,-0.104,0.323,-0.378,-0.107,-0.152,-0.033,-0.098,-0.082,0.057,-0.039,0.367,-0.109,-0.049,0.212,-0.043,0.085,0.42,0.219,-0.347,0.154,-0.174,0.025,0.033,-0.277,-0.053,-0.069,0.439,-0.254,0.084,-0.021,0.13,0.035,0.192,-0.002,0.315,-0.012,0.016,-0.035,-0.176,0.188,-0.046,0.086,0.361,-0.107,0.288,-0.485,-0.691,-0.445,-0.681,0.007,-0.216,-0.275,-0.242
AOSL,0.483,0.828,0.767,0.551,0.862,0.839,-0.606,0.706,-0.608,0.339,-0.07,0.0,-0.569,0.553,0.472,-0.263,-0.751,-0.299,0.113,-0.597,0.678,0.373,0.098,0.88,0.275,0.678,0.387,0.826,0.782,0.788,0.456,0.901,0.554,-0.677,0.926,0.679,0.778,0.769,-0.42,0.855,0.908,0.768,0.202,0.51,0.168,0.493,0.008,0.494,0.584,0.471,0.41,0.038,0.588,0.257,0.926,0.444,-0.515,0.716,0.647,-0.231,0.838,0.867,0.58,0.421,0.522,0.271,0.606,0.294,-0.558,0.627,0.833,0.192,0.754,0.85,0.028,0.458,-0.832,0.926,0.45,0.896,0.638,-0.302,0.192,0.63,-0.586,0.661,0.886,0.81,-0.751,0.558,-0.324,-0.009,0.729,0.867,0.8,0.679,-0.763,0.92,0.286,-0.522,0.526,0.764,-0.131,-0.641,0.159,0.67,0.731,-0.751,0.948,0.001,-0.114,0.952,0.42,-0.472,-0.637,0.749,0.829,0.91,-0.315,0.889,0.917,0.424,0.847,0.235,-0.801,0.931,0.755,-0.509,0.712,-0.716,0.752,0.913,0.145,0.843,0.69,0.885,0.924,-0.306,-0.595,-0.007,0.244,-0.125,0.733,0.792,0.707,0.046,-0.675,0.868,0.034,0.095,0.649,0.47,0.632,0.732,0.115,0.698,0.899,0.676,0.821,-0.178,0.777,0.741,0.843,0.711,0.555,-0.431,0.854,0.488,0.567,0.479,0.673,-0.204,-0.142,0.673,-0.616,0.929,0.943,0.842,0.78,0.3,0.879,0.736,0.918,-0.681,-0.484,-0.768,0.728,-0.344,0.237,0.426,0.534,0.836,0.145,-0.14,0.096,-0.156,-0.071,0.687,0.781,0.409
APDN,-0.41,-0.824,-0.848,0.031,-0.716,-0.624,0.848,-0.64,0.481,0.08,-0.41,-0.569,0.0,-0.523,-0.224,0.081,0.614,0.457,0.57,0.322,-0.756,-0.043,-0.293,-0.77,-0.705,-0.119,0.16,-0.649,-0.828,-0.835,0.145,-0.788,0.171,0.884,-0.501,-0.853,-0.842,-0.848,0.824,-0.667,-0.492,-0.353,-0.276,-0.113,-0.488,-0.143,0.575,-0.649,-0.463,-0.288,-0.69,0.448,-0.769,0.458,-0.592,0.208,0.77,-0.67,-0.361,0.278,-0.698,-0.795,-0.585,-0.045,-0.72,0.36,-0.794,-0.116,0.766,-0.111,-0.689,-0.155,-0.614,-0.61,0.396,-0.148,0.806,-0.519,-0.002,-0.658,-0.098,0.825,0.094,-0.028,0.674,-0.06,-0.762,-0.547,0.701,-0.466,-0.029,-0.023,-0.693,-0.618,-0.586,-0.598,0.836,-0.66,-0.691,0.398,-0.853,-0.72,-0.149,0.819,0.212,-0.704,-0.312,0.775,-0.572,0.056,0.492,-0.466,-0.202,0.699,0.481,-0.571,-0.697,-0.594,0.557,-0.769,-0.646,-0.796,-0.653,-0.458,0.797,-0.511,-0.844,0.798,-0.749,0.718,-0.421,-0.598,0.207,-0.698,-0.456,-0.759,-0.614,0.597,0.835,0.471,0.372,-0.18,-0.061,-0.736,-0.159,-0.017,0.693,-0.456,-0.145,0.464,-0.267,-0.07,-0.294,-0.523,0.079,-0.277,-0.663,-0.631,-0.637,0.308,-0.73,-0.479,-0.703,-0.79,-0.225,0.729,-0.795,0.089,-0.052,-0.09,-0.198,0.35,0.416,-0.8,0.787,-0.638,-0.624,-0.736,-0.617,-0.188,-0.533,-0.747,-0.607,0.675,0.579,0.74,-0.743,0.661,-0.268,-0.506,-0.151,-0.808,0.417,0.789,0.554,0.677,0.346,-0.136,-0.182,0.213
APLT,0.585,0.585,0.533,0.083,0.562,0.365,-0.316,0.135,-0.095,0.317,0.373,0.553,-0.523,0.0,0.659,0.084,-0.353,0.098,0.141,-0.056,0.86,0.188,0.439,0.679,0.563,0.541,-0.298,0.607,0.451,0.553,0.25,0.591,0.236,-0.538,0.42,0.663,0.619,0.663,-0.508,0.547,0.543,0.347,0.663,0.261,0.354,0.088,0.096,0.584,0.362,0.499,0.591,0.15,0.485,-0.046,0.615,0.381,-0.297,0.472,0.54,0.207,0.46,0.688,0.839,0.067,0.531,-0.154,0.463,0.547,-0.179,0.42,0.564,0.203,0.685,0.574,-0.37,0.393,-0.623,0.594,0.591,0.647,0.262,-0.46,0.455,0.175,-0.349,0.428,0.567,0.743,-0.315,0.444,0.123,0.043,0.48,0.722,0.37,0.5,-0.674,0.633,0.582,-0.141,0.535,0.371,0.477,-0.3,0.299,0.44,0.401,-0.457,0.619,0.494,-0.088,0.532,-0.047,0.025,-0.191,0.56,0.444,0.569,0.105,0.682,0.596,0.533,0.751,0.51,-0.618,0.44,0.58,-0.727,0.694,-0.341,0.422,0.566,0.005,0.451,0.684,0.597,0.688,-0.385,-0.459,0.212,-0.081,0.086,0.423,0.435,0.378,0.266,-0.339,0.521,0.421,0.202,0.149,0.597,0.717,0.357,0.12,0.72,0.458,0.547,0.274,0.029,0.499,0.342,0.481,0.58,0.467,-0.171,0.604,0.534,0.578,0.329,0.376,-0.01,0.118,0.576,-0.489,0.563,0.526,0.449,0.4,0.344,0.62,0.661,0.587,-0.292,-0.215,-0.644,0.468,-0.212,0.088,0.52,0.454,0.602,-0.198,-0.355,-0.008,-0.261,0.108,0.489,0.414,0.349
APVO,0.569,0.364,0.166,0.243,0.26,0.333,0.001,-0.024,-0.021,0.559,-0.051,0.472,-0.224,0.659,0.0,0.078,-0.333,-0.047,0.443,-0.054,0.595,0.515,0.561,0.484,0.12,0.809,-0.241,0.529,0.193,0.226,0.299,0.361,0.415,-0.273,0.322,0.284,0.377,0.305,-0.419,0.267,0.511,0.448,0.586,0.105,0.073,0.012,0.444,0.35,-0.109,0.689,0.26,0.589,-0.003,0.3,0.547,0.683,0.016,0.1,0.561,0.315,0.298,0.475,0.449,0.039,0.074,-0.002,0.04,0.669,-0.117,0.391,0.298,0.31,0.656,0.478,-0.477,0.069,-0.47,0.488,0.704,0.503,0.329,0.022,0.584,0.471,-0.267,0.779,0.344,0.762,-0.108,0.042,0.043,0.153,0.484,0.556,0.241,0.349,-0.516,0.394,0.232,-0.187,0.056,0.086,0.423,-0.151,0.653,0.002,0.295,-0.302,0.435,0.67,-0.095,0.458,-0.027,0.19,0.004,0.345,0.139,0.399,0.46,0.463,0.382,0.086,0.542,0.442,-0.479,0.399,0.251,-0.443,0.425,-0.163,0.601,0.38,-0.175,0.14,0.655,0.34,0.581,-0.378,-0.162,0.429,0.207,0.142,0.634,0.071,0.653,0.377,-0.06,0.468,0.455,0.582,0.302,0.769,0.515,0.107,0.489,0.706,0.273,0.195,0.078,0.176,0.119,0.082,0.216,0.154,0.341,0.206,0.31,0.637,0.579,0.342,0.507,0.094,0.323,0.195,-0.118,0.365,0.351,0.176,0.106,0.282,0.41,0.501,0.435,-0.01,0.171,-0.419,0.246,-0.155,0.34,0.442,0.652,0.318,-0.11,0.097,0.221,0.017,0.529,0.518,0.429,0.705
ARGX,0.516,-0.207,-0.083,-0.61,-0.254,-0.204,0.417,-0.405,0.658,0.49,0.217,-0.263,0.081,0.084,0.078,0.0,0.315,0.118,-0.052,0.685,0.001,0.183,0.493,-0.272,0.413,-0.205,-0.466,0.019,-0.101,-0.243,-0.248,-0.259,-0.036,0.139,-0.3,-0.052,0.096,-0.088,-0.147,-0.288,-0.044,-0.006,0.564,-0.212,0.617,-0.465,0.266,0.397,-0.22,0.106,0.393,0.256,-0.038,-0.46,-0.33,0.207,0.347,-0.095,0.346,0.65,-0.136,-0.078,-0.048,-0.629,-0.232,-0.161,-0.007,0.567,0.244,0.095,-0.35,0.535,0.167,-0.368,-0.148,-0.496,0.317,-0.266,0.372,-0.244,0.182,0.021,0.461,0.009,0.534,-0.23,-0.329,0.015,0.496,0.06,0.745,0.543,-0.034,0.009,-0.539,-0.312,0.18,-0.175,0.269,0.712,0.068,-0.15,0.562,0.432,0.483,-0.341,-0.283,0.243,-0.265,0.532,0.437,-0.323,-0.287,0.47,0.667,-0.505,-0.249,-0.107,0.428,-0.199,-0.313,0.173,-0.08,0.594,0.318,-0.376,-0.257,0.038,-0.198,0.321,-0.391,-0.389,-0.5,-0.22,0.319,-0.388,-0.221,0.414,0.451,0.333,-0.444,0.662,-0.011,-0.372,0.034,0.692,0.53,0.042,0.695,0.188,-0.185,0.357,-0.088,-0.603,0.034,0.225,-0.147,0.139,-0.456,0.578,-0.198,-0.557,-0.382,-0.125,-0.105,0.41,-0.281,0.111,0.15,0.086,0.161,0.329,0.606,-0.121,0.415,-0.25,-0.332,-0.337,-0.529,0.579,-0.259,0.192,-0.309,0.543,0.514,0.119,0.074,-0.211,0.376,0.564,0.415,-0.179,0.173,-0.102,0.233,-0.12,0.376,-0.482,-0.045,0.125
ARLP,-0.241,-0.765,-0.645,-0.518,-0.758,-0.698,0.725,-0.747,0.729,-0.09,0.257,-0.751,0.614,-0.353,-0.333,0.315,0.0,0.373,0.179,0.661,-0.56,-0.291,0.044,-0.76,-0.159,-0.486,-0.27,-0.637,-0.705,-0.753,0.052,-0.769,-0.274,0.774,-0.739,-0.547,-0.647,-0.621,0.453,-0.706,-0.662,-0.522,-0.071,-0.227,-0.041,-0.244,0.145,-0.4,-0.389,-0.22,-0.27,0.018,-0.387,-0.061,-0.795,-0.208,0.565,-0.494,-0.518,0.28,-0.76,-0.661,-0.359,-0.429,-0.493,-0.318,-0.462,-0.11,0.702,-0.421,-0.757,-0.051,-0.667,-0.666,0.244,-0.317,0.785,-0.69,-0.158,-0.781,-0.3,0.316,0.226,-0.452,0.662,-0.449,-0.786,-0.578,0.835,-0.367,0.504,0.091,-0.574,-0.639,-0.866,-0.577,0.753,-0.727,-0.103,0.726,-0.422,-0.52,0.223,0.726,0.033,-0.562,-0.494,0.858,-0.714,0.203,0.431,-0.726,-0.539,0.609,0.644,-0.629,-0.759,-0.748,0.494,-0.689,-0.731,-0.358,-0.568,-0.111,0.787,-0.788,-0.649,0.47,-0.576,0.803,-0.686,-0.758,0.016,-0.679,-0.456,-0.744,-0.683,0.559,0.694,0.306,-0.039,0.182,-0.529,-0.74,-0.54,0.113,0.741,-0.693,0.191,0.074,-0.441,-0.234,-0.536,-0.67,-0.084,-0.419,-0.786,-0.464,-0.82,0.335,-0.648,-0.635,-0.745,-0.519,-0.02,0.465,-0.771,-0.24,-0.228,-0.163,-0.506,0.435,0.354,-0.44,0.626,-0.706,-0.777,-0.702,-0.673,-0.002,-0.695,-0.56,-0.785,0.754,0.599,0.721,-0.676,0.623,-0.23,-0.253,-0.316,-0.628,0.041,0.193,0.06,0.093,0.31,-0.412,-0.576,-0.133
ATEX,-0.185,-0.29,-0.323,0.035,-0.243,-0.437,0.395,-0.456,0.284,-0.067,-0.039,-0.299,0.457,0.098,-0.047,0.118,0.373,0.0,0.302,0.208,-0.122,-0.318,-0.265,-0.289,-0.168,-0.013,0.037,-0.384,-0.363,-0.323,0.143,-0.33,0.084,0.408,-0.296,-0.304,-0.398,-0.307,0.431,-0.289,-0.335,-0.376,0.161,-0.048,-0.207,-0.144,0.348,-0.23,0.115,-0.332,-0.21,0.18,-0.244,0.167,-0.251,0.037,0.342,-0.278,-0.182,0.287,-0.445,-0.375,0.144,0.094,-0.004,0.16,-0.376,-0.004,0.429,0.01,-0.252,-0.293,-0.299,-0.267,0.24,0.317,0.353,-0.186,0.073,-0.213,-0.242,0.168,0.017,-0.293,0.337,-0.118,-0.307,-0.295,0.35,-0.044,0.022,-0.002,-0.497,-0.243,-0.192,-0.304,0.378,-0.234,-0.198,0.23,-0.306,-0.455,0.159,0.61,0.044,-0.174,-0.074,0.425,-0.171,0.1,0.293,-0.176,-0.037,0.603,0.192,-0.116,-0.319,-0.271,0.274,-0.311,-0.262,-0.251,-0.226,-0.259,0.385,-0.292,-0.324,0.15,-0.108,0.295,-0.239,-0.21,0.261,-0.34,-0.18,-0.298,-0.19,0.298,0.312,0.386,0.064,-0.283,-0.124,-0.253,-0.259,-0.071,0.271,-0.249,-0.002,0.241,-0.444,0.052,0.229,-0.118,-0.041,-0.007,-0.315,-0.219,-0.376,0.164,-0.252,-0.248,-0.322,-0.286,-0.005,0.41,-0.274,0.211,0.069,-0.138,-0.056,0.234,0.226,-0.33,0.234,-0.315,-0.302,-0.355,-0.244,-0.056,-0.11,-0.316,-0.199,0.227,0.181,0.199,-0.418,0.402,-0.5,-0.254,-0.144,-0.341,0.119,0.312,0.276,0.438,-0.015,0.079,-0.132,0.073
ATRA,0.07,-0.307,-0.404,0.359,-0.169,-0.18,0.594,-0.317,0.18,0.485,-0.374,0.113,0.57,0.141,0.443,-0.052,0.179,0.302,0.0,0.04,-0.088,0.431,0.044,-0.116,-0.461,0.553,0.125,-0.048,-0.398,-0.387,0.582,-0.212,0.682,0.496,0.051,-0.357,-0.304,-0.344,0.446,-0.093,0.177,0.145,0.095,0.246,-0.37,0.165,0.798,-0.314,-0.212,0.362,-0.377,0.743,-0.466,0.686,0.076,0.761,0.45,-0.223,0.196,0.268,-0.081,-0.164,-0.072,0.223,-0.469,0.404,-0.424,0.32,0.526,0.412,-0.105,0.093,-0.006,0.024,0.174,0.135,0.206,0.197,0.558,-0.02,0.364,0.561,0.503,0.419,0.318,0.588,-0.213,0.206,0.319,-0.133,-0.137,-0.103,-0.031,0.057,-0.111,-0.112,0.273,-0.039,-0.397,0.083,-0.528,-0.287,-0.047,0.392,0.546,-0.343,0.133,0.365,0.094,0.413,0.467,0.197,-0.014,0.574,0.182,-0.047,-0.203,0.056,0.625,-0.078,0.006,-0.505,0.062,-0.083,0.203,0.107,-0.38,0.334,-0.24,0.425,0.196,0.027,0.239,-0.203,0.173,-0.164,0.083,0.246,0.487,0.715,0.694,-0.15,0.551,-0.34,0.446,0.165,0.356,0.174,0.13,0.802,0.173,0.546,0.279,-0.12,0.227,0.375,-0.128,-0.2,-0.21,0.328,-0.262,-0.024,-0.202,-0.347,0.312,0.602,-0.237,0.711,0.529,0.309,0.358,0.382,0.481,-0.305,0.431,-0.009,-0.013,-0.249,-0.183,0.101,0.056,-0.201,0.022,0.363,0.382,0.231,-0.269,0.554,0.019,-0.125,0.386,-0.251,0.474,0.694,0.696,0.526,0.611,0.421,0.388,0.733
AUTL,0.32,-0.612,-0.438,-0.795,-0.637,-0.632,0.661,-0.762,0.908,0.347,0.364,-0.597,0.322,-0.056,-0.054,0.685,0.661,0.208,0.04,0.0,-0.264,0.072,0.445,-0.595,0.194,-0.436,-0.703,-0.281,-0.49,-0.561,-0.21,-0.61,-0.085,0.434,-0.685,-0.307,-0.277,-0.366,0.083,-0.601,-0.422,-0.362,0.486,-0.438,0.467,-0.431,0.28,0.154,-0.445,0.08,0.188,0.196,-0.309,-0.467,-0.645,0.052,0.634,-0.339,0.012,0.753,-0.545,-0.374,-0.234,-0.772,-0.49,-0.347,-0.284,0.46,0.477,-0.18,-0.719,0.457,-0.189,-0.734,-0.257,-0.636,0.586,-0.632,0.171,-0.589,-0.1,0.138,0.439,-0.191,0.782,-0.471,-0.62,-0.259,0.847,-0.24,0.847,0.466,-0.258,-0.353,-0.833,-0.481,0.394,-0.545,0.243,0.884,-0.172,-0.373,0.671,0.576,0.437,-0.623,-0.696,0.596,-0.61,0.573,0.426,-0.69,-0.453,0.645,0.921,-0.747,-0.636,-0.497,0.621,-0.525,-0.662,0.005,-0.327,0.482,0.64,-0.762,-0.575,0.159,-0.49,0.613,-0.638,-0.738,-0.487,-0.525,0.046,-0.696,-0.563,0.425,0.621,0.482,-0.49,0.66,-0.288,-0.686,-0.204,0.631,0.822,-0.335,0.614,0.276,-0.231,0.103,-0.238,-0.881,0.152,-0.058,-0.569,-0.082,-0.801,0.656,-0.55,-0.791,-0.722,-0.411,-0.139,0.588,-0.632,-0.045,0.088,0.065,-0.108,0.388,0.66,-0.343,0.677,-0.601,-0.689,-0.668,-0.809,0.471,-0.571,-0.109,-0.572,0.82,0.714,0.413,-0.261,0.101,0.284,0.314,0.159,-0.486,0.034,-0.054,0.242,-0.16,0.455,-0.673,-0.334,0.053
AVDL,0.563,0.799,0.768,0.155,0.747,0.551,-0.586,0.423,-0.341,0.203,0.338,0.678,-0.756,0.86,0.595,0.001,-0.56,-0.122,-0.088,-0.264,0.0,0.215,0.351,0.865,0.627,0.468,-0.156,0.712,0.714,0.785,0.114,0.781,0.187,-0.76,0.583,0.856,0.815,0.844,-0.697,0.734,0.679,0.437,0.515,0.324,0.389,0.178,-0.136,0.645,0.531,0.433,0.613,-0.044,0.676,-0.176,0.747,0.242,-0.583,0.651,0.537,0.007,0.651,0.838,0.831,0.167,0.683,-0.198,0.663,0.41,-0.459,0.391,0.747,0.222,0.733,0.695,-0.35,0.382,-0.806,0.717,0.41,0.801,0.303,-0.659,0.26,0.225,-0.566,0.384,0.739,0.784,-0.578,0.578,0.035,-0.002,0.663,0.793,0.566,0.635,-0.828,0.767,0.67,-0.363,0.753,0.607,0.303,-0.569,0.103,0.662,0.535,-0.688,0.751,0.303,-0.189,0.658,0.188,-0.313,-0.417,0.639,0.67,0.72,-0.188,0.842,0.743,0.717,0.823,0.481,-0.802,0.623,0.771,-0.813,0.848,-0.592,0.534,0.725,-0.008,0.681,0.669,0.78,0.777,-0.495,-0.679,-0.034,-0.124,0.097,0.374,0.661,0.37,0.144,-0.562,0.625,0.282,-0.039,0.291,0.484,0.656,0.526,0.116,0.648,0.689,0.703,0.529,-0.164,0.731,0.513,0.695,0.734,0.418,-0.436,0.809,0.396,0.421,0.347,0.375,-0.162,-0.126,0.779,-0.688,0.732,0.707,0.683,0.602,0.342,0.697,0.799,0.749,-0.535,-0.454,-0.798,0.659,-0.429,0.174,0.555,0.385,0.816,-0.238,-0.529,-0.217,-0.426,-0.074,0.444,0.459,0.216
BCRX,0.555,0.118,0.097,0.056,0.179,0.212,0.148,0.011,0.091,0.748,-0.232,0.373,-0.043,0.188,0.515,0.183,-0.291,-0.318,0.431,0.072,0.215,0.0,0.47,0.26,0.048,0.476,-0.112,0.49,0.133,0.08,0.184,0.199,0.536,-0.168,0.33,0.152,0.326,0.157,-0.25,0.267,0.547,0.587,0.283,0.164,0.253,0.202,0.483,0.281,-0.166,0.674,0.179,0.511,-0.085,0.088,0.338,0.694,0.141,0.179,0.615,0.37,0.364,0.33,-0.066,-0.051,-0.293,0.15,0.09,0.639,-0.095,0.528,0.132,0.715,0.52,0.192,-0.281,-0.32,-0.242,0.368,0.545,0.322,0.645,0.11,0.566,0.763,0.088,0.504,0.162,0.579,-0.003,0.146,0.122,0.212,0.603,0.441,0.097,0.213,-0.282,0.292,0.082,0.011,0.016,0.199,0.147,-0.228,0.62,-0.097,0.093,-0.196,0.303,0.498,0.23,0.338,0.115,0.087,0.154,-0.018,0.161,0.447,0.381,0.301,0.276,0.107,0.365,0.432,-0.228,0.335,0.02,-0.003,-0.034,-0.088,0.327,0.232,-0.337,0.229,0.591,0.132,0.331,-0.011,0.071,0.329,0.15,0.518,0.638,-0.029,0.671,0.519,0.126,0.562,0.365,0.581,0.463,0.625,0.288,-0.141,0.292,0.523,0.284,0.305,0.095,0.307,0.118,0.044,0.125,-0.018,0.243,0.213,0.139,0.561,0.557,0.487,0.613,0.165,0.434,0.118,0.181,0.329,0.29,0.097,-0.044,0.447,0.224,0.42,0.323,0.111,0.231,-0.276,0.375,-0.229,0.778,0.486,0.704,0.166,0.342,0.144,0.455,-0.09,0.619,0.112,0.578,0.589
BHAT,0.719,0.127,0.119,-0.4,-0.014,0.106,0.114,-0.226,0.392,0.587,0.29,0.098,-0.293,0.439,0.561,0.493,0.044,-0.265,0.044,0.445,0.351,0.47,0.0,0.166,0.427,0.238,-0.618,0.416,0.109,0.055,0.042,0.13,0.055,-0.213,-0.041,0.247,0.386,0.219,-0.578,-0.012,0.24,0.308,0.666,-0.209,0.562,-0.291,0.207,0.539,-0.3,0.637,0.555,0.307,0.046,-0.291,0.125,0.343,0.15,0.053,0.496,0.515,0.115,0.341,0.197,-0.535,-0.105,-0.388,0.113,0.732,-0.126,0.102,-0.072,0.578,0.513,0.055,-0.613,-0.442,-0.22,0.061,0.513,0.153,0.252,-0.174,0.623,0.275,0.092,0.231,0.094,0.529,0.24,-0.04,0.614,0.483,0.419,0.336,-0.212,0.131,-0.357,0.118,0.524,0.327,0.187,0.147,0.705,-0.127,0.64,-0.19,-0.141,-0.084,0.032,0.753,-0.004,-0.007,-0.351,0.204,0.447,-0.077,-0.104,0.117,0.487,0.232,0.035,0.309,0.336,0.765,-0.184,-0.045,0.093,-0.398,0.164,0.011,0.136,-0.052,-0.603,-0.016,0.602,0.012,0.21,-0.144,0.003,0.294,-0.366,0.661,0.224,-0.164,0.352,0.685,0.253,0.248,0.749,0.378,0.135,0.542,0.06,-0.361,0.349,0.418,0.028,0.228,-0.225,0.43,-0.049,-0.331,-0.083,0.06,0.219,0.204,0.05,0.264,0.372,0.24,0.285,0.212,0.495,0.196,0.126,0.065,-0.017,-0.074,-0.287,0.514,0.008,0.544,0.072,0.289,0.448,-0.258,0.296,-0.354,0.588,0.719,0.598,0.171,-0.165,-0.236,0.07,-0.396,0.571,-0.067,0.1,0.381
BLBD,0.425,0.933,0.862,0.435,0.915,0.785,-0.762,0.673,-0.615,0.128,0.117,0.88,-0.77,0.679,0.484,-0.272,-0.76,-0.289,-0.116,-0.595,0.865,0.26,0.166,0.0,0.47,0.571,0.193,0.81,0.834,0.924,0.232,0.95,0.262,-0.857,0.839,0.873,0.857,0.903,-0.653,0.909,0.818,0.625,0.212,0.466,0.226,0.4,-0.233,0.567,0.644,0.378,0.495,-0.152,0.728,0.029,0.921,0.22,-0.687,0.776,0.523,-0.269,0.821,0.925,0.752,0.41,0.751,-0.004,0.725,0.217,-0.631,0.452,0.907,0.118,0.748,0.876,-0.174,0.504,-0.941,0.882,0.29,0.948,0.426,-0.579,0.107,0.397,-0.756,0.531,0.934,0.809,-0.835,0.657,-0.28,-0.132,0.72,0.854,0.822,0.795,-0.891,0.921,0.485,-0.612,0.728,0.758,-0.026,-0.763,-0.039,0.8,0.737,-0.866,0.918,0.001,-0.279,0.885,0.327,-0.553,-0.709,0.82,0.849,0.866,-0.41,0.945,0.932,0.643,0.874,0.246,-0.935,0.868,0.905,-0.717,0.871,-0.818,0.692,0.937,0.145,0.859,0.613,0.963,0.913,-0.525,-0.826,-0.211,0.037,-0.098,0.501,0.869,0.46,-0.076,-0.806,0.751,-0.001,-0.111,0.469,0.365,0.645,0.784,0.07,0.594,0.85,0.719,0.801,-0.383,0.873,0.757,0.917,0.806,0.491,-0.634,0.953,0.354,0.404,0.401,0.425,-0.29,-0.334,0.833,-0.832,0.927,0.932,0.871,0.838,0.179,0.875,0.798,0.919,-0.79,-0.635,-0.904,0.727,-0.456,0.142,0.417,0.333,0.919,-0.143,-0.423,-0.223,-0.346,-0.216,0.637,0.593,0.177
BMRN,0.556,0.477,0.686,-0.436,0.497,0.294,-0.423,0.162,0.049,0.131,0.678,0.275,-0.705,0.563,0.12,0.413,-0.159,-0.168,-0.461,0.194,0.627,0.048,0.427,0.47,0.0,-0.126,-0.421,0.541,0.574,0.579,-0.124,0.49,-0.202,-0.623,0.228,0.783,0.737,0.724,-0.673,0.475,0.345,0.219,0.502,0.113,0.784,0.027,-0.413,0.763,0.391,0.243,0.867,-0.387,0.769,-0.664,0.266,-0.13,-0.458,0.656,0.398,0.121,0.451,0.621,0.584,-0.235,0.575,-0.516,0.812,0.347,-0.334,0.087,0.391,0.428,0.494,0.278,-0.294,-0.03,-0.473,0.261,0.153,0.414,0.174,-0.742,0.268,-0.069,-0.177,-0.202,0.436,0.43,-0.247,0.585,0.476,0.144,0.495,0.546,0.091,0.379,-0.544,0.484,0.85,0.205,0.852,0.52,0.45,-0.334,-0.03,0.485,0.149,-0.413,0.332,0.271,-0.069,0.187,-0.181,-0.233,-0.058,0.252,0.455,0.409,-0.194,0.548,0.42,0.887,0.583,0.649,-0.428,0.142,0.616,-0.642,0.531,-0.342,-0.049,0.297,-0.232,0.512,0.521,0.445,0.336,-0.2,-0.468,-0.207,-0.577,0.513,-0.065,0.429,-0.038,0.294,-0.273,0.323,0.485,-0.325,-0.038,0.221,0.283,0.124,-0.247,0.343,0.389,0.709,0.212,-0.04,0.588,0.173,0.41,0.722,0.261,-0.453,0.523,0.052,0.251,0.198,0.116,-0.033,-0.055,0.698,-0.475,0.424,0.346,0.441,0.28,0.455,0.392,0.683,0.325,-0.256,-0.281,-0.555,0.618,-0.419,0.307,0.671,0.235,0.576,-0.274,-0.849,-0.387,-0.757,-0.107,-0.108,0.09,-0.232
BNGO,0.364,0.474,0.209,0.623,0.419,0.533,-0.115,0.223,-0.308,0.481,-0.303,0.678,-0.119,0.541,0.809,-0.205,-0.486,-0.013,0.553,-0.436,0.468,0.476,0.238,0.571,-0.126,0.0,0.223,0.553,0.269,0.308,0.546,0.49,0.559,-0.255,0.598,0.221,0.331,0.295,-0.226,0.414,0.633,0.611,0.296,0.284,-0.183,0.199,0.458,0.17,0.084,0.591,0.066,0.567,0.021,0.598,0.726,0.719,-0.053,0.162,0.525,0.04,0.424,0.485,0.415,0.364,0.141,0.339,0.017,0.441,-0.162,0.527,0.471,0.094,0.6,0.669,-0.134,0.353,-0.536,0.678,0.657,0.628,0.459,0.157,0.424,0.599,-0.413,0.94,0.493,0.744,-0.335,0.092,-0.333,0.026,0.431,0.611,0.504,0.375,-0.485,0.554,-0.055,-0.436,-0.045,0.184,0.074,-0.219,0.52,0.15,0.571,-0.388,0.631,0.357,-0.087,0.707,0.131,0.07,-0.313,0.572,0.318,0.54,0.263,0.545,0.569,-0.097,0.567,0.121,-0.553,0.661,0.326,-0.276,0.439,-0.305,0.81,0.601,0.093,0.272,0.572,0.498,0.744,-0.297,-0.224,0.342,0.503,-0.206,0.809,0.266,0.75,0.123,-0.285,0.577,0.148,0.56,0.415,0.682,0.563,0.414,0.399,0.698,0.435,0.138,0.348,-0.0,0.233,0.35,0.411,0.197,0.446,0.098,0.428,0.67,0.583,0.341,0.598,-0.033,0.167,0.18,-0.228,0.537,0.558,0.348,0.36,0.104,0.596,0.407,0.59,-0.244,-0.023,-0.445,0.254,-0.056,0.153,0.222,0.586,0.377,0.072,0.339,0.334,0.27,0.371,0.789,0.608,0.754
BUSE,-0.348,0.238,0.183,0.701,0.343,0.402,-0.24,0.536,-0.573,-0.174,-0.504,0.387,0.16,-0.298,-0.241,-0.466,-0.27,0.037,0.125,-0.703,-0.156,-0.112,-0.618,0.193,-0.421,0.223,0.0,0.043,0.257,0.199,0.321,0.278,0.302,0.005,0.532,-0.057,-0.013,0.03,0.37,0.336,0.295,0.312,-0.577,0.471,-0.42,0.386,-0.027,-0.287,0.455,-0.289,-0.348,-0.082,0.123,0.544,0.322,0.046,-0.221,0.173,-0.061,-0.531,0.231,0.071,-0.081,0.578,0.138,0.594,0.042,-0.434,-0.138,0.261,0.361,-0.339,-0.065,0.347,0.767,0.492,-0.128,0.406,-0.126,0.255,0.326,0.199,-0.319,0.304,-0.264,0.274,0.272,-0.04,-0.472,0.211,-0.643,-0.226,-0.049,0.113,0.48,0.13,0.064,0.307,-0.472,-0.463,-0.095,0.271,-0.745,-0.126,-0.301,0.348,0.575,-0.234,0.407,-0.61,0.116,0.488,0.438,-0.332,-0.615,0.326,0.396,0.319,-0.447,0.168,0.346,-0.245,0.043,-0.593,-0.134,0.543,0.175,0.323,0.127,-0.299,0.308,0.451,0.539,0.354,-0.149,0.312,0.283,0.253,-0.097,-0.151,0.538,-0.599,0.279,0.412,0.171,-0.442,-0.418,0.258,-0.608,-0.129,0.261,-0.171,0.052,0.562,-0.092,0.005,0.4,0.031,0.546,-0.313,0.31,0.538,0.415,0.121,0.12,-0.26,0.274,0.028,-0.003,0.064,0.111,-0.18,-0.31,0.067,-0.227,0.365,0.431,0.41,0.516,-0.241,0.33,-0.107,0.338,-0.451,-0.398,-0.066,0.047,0.132,-0.324,-0.355,-0.119,0.213,0.423,0.393,0.179,0.402,-0.331,0.443,0.398,0.034
CAKE,0.741,0.784,0.767,0.2,0.758,0.821,-0.548,0.492,-0.338,0.529,0.211,0.826,-0.649,0.607,0.529,0.019,-0.637,-0.384,-0.048,-0.281,0.712,0.49,0.416,0.81,0.541,0.553,0.043,0.0,0.783,0.758,0.321,0.852,0.352,-0.748,0.795,0.78,0.894,0.836,-0.667,0.766,0.864,0.845,0.389,0.326,0.503,0.244,-0.113,0.732,0.406,0.617,0.673,0.003,0.654,-0.047,0.849,0.391,-0.453,0.721,0.712,0.009,0.723,0.926,0.558,0.06,0.466,-0.055,0.674,0.509,-0.611,0.552,0.667,0.541,0.835,0.725,-0.214,0.088,-0.829,0.735,0.455,0.843,0.626,-0.385,0.364,0.607,-0.506,0.504,0.817,0.882,-0.557,0.502,0.043,0.224,0.852,0.899,0.535,0.595,-0.85,0.862,0.606,-0.288,0.648,0.714,0.234,-0.599,0.317,0.502,0.531,-0.713,0.809,0.3,-0.116,0.744,0.08,-0.362,-0.382,0.557,0.714,0.801,-0.108,0.882,0.799,0.619,0.883,0.523,-0.781,0.732,0.744,-0.652,0.681,-0.663,0.663,0.741,-0.172,0.758,0.846,0.766,0.812,-0.268,-0.572,-0.007,-0.075,0.321,0.63,0.631,0.64,0.313,-0.488,0.836,0.272,0.113,0.584,0.501,0.516,0.423,0.249,0.736,0.782,0.76,0.602,-0.109,0.714,0.503,0.735,0.71,0.476,-0.438,0.788,0.436,0.611,0.518,0.593,-0.225,-0.005,0.713,-0.531,0.832,0.795,0.735,0.565,0.45,0.748,0.887,0.834,-0.468,-0.254,-0.794,0.792,-0.498,0.542,0.732,0.639,0.817,-0.072,-0.394,0.041,-0.497,0.158,0.415,0.673,0.389
CASY,0.468,0.915,0.956,0.212,0.873,0.819,-0.832,0.809,-0.596,0.096,0.208,0.782,-0.828,0.451,0.193,-0.101,-0.705,-0.363,-0.398,-0.49,0.714,0.133,0.109,0.834,0.574,0.269,0.257,0.783,0.0,0.908,0.047,0.92,0.148,-0.833,0.781,0.825,0.912,0.873,-0.658,0.824,0.726,0.624,0.207,0.369,0.461,0.252,-0.419,0.666,0.688,0.245,0.652,-0.347,0.835,-0.225,0.754,-0.012,-0.745,0.763,0.532,-0.317,0.808,0.873,0.56,0.175,0.705,-0.038,0.816,0.147,-0.762,0.369,0.812,0.207,0.7,0.728,-0.054,0.286,-0.848,0.733,0.154,0.81,0.427,-0.672,-0.066,0.304,-0.631,0.229,0.872,0.623,-0.804,0.602,-0.101,0.128,0.72,0.782,0.72,0.581,-0.815,0.852,0.548,-0.44,0.808,0.865,-0.023,-0.743,-0.114,0.802,0.553,-0.84,0.795,-0.125,-0.234,0.71,0.355,-0.68,-0.613,0.633,0.886,0.815,-0.598,0.877,0.808,0.722,0.747,0.344,-0.808,0.764,0.87,-0.646,0.78,-0.813,0.556,0.793,-0.045,0.879,0.589,0.848,0.771,-0.314,-0.753,-0.324,-0.168,0.061,0.34,0.873,0.383,0.054,-0.743,0.722,0.056,-0.332,0.439,0.199,0.419,0.653,-0.038,0.472,0.904,0.761,0.829,-0.262,0.873,0.63,0.843,0.832,0.316,-0.695,0.909,0.089,0.26,0.253,0.417,-0.379,-0.314,0.816,-0.772,0.816,0.817,0.891,0.761,0.316,0.712,0.805,0.812,-0.747,-0.612,-0.789,0.847,-0.609,0.258,0.557,0.327,0.913,-0.09,-0.562,-0.249,-0.501,-0.337,0.299,0.518,-0.017
CCOI,0.344,0.932,0.945,0.305,0.917,0.76,-0.89,0.74,-0.652,-0.038,0.244,0.788,-0.835,0.553,0.226,-0.243,-0.753,-0.323,-0.387,-0.561,0.785,0.08,0.055,0.924,0.579,0.308,0.199,0.758,0.908,0.0,0.047,0.944,0.084,-0.916,0.775,0.907,0.878,0.943,-0.675,0.895,0.7,0.526,0.141,0.372,0.32,0.359,-0.465,0.627,0.743,0.182,0.58,-0.421,0.84,-0.181,0.824,-0.046,-0.768,0.839,0.424,-0.346,0.788,0.879,0.708,0.362,0.851,-0.063,0.821,0.064,-0.715,0.311,0.868,0.056,0.658,0.768,-0.143,0.458,-0.91,0.747,0.069,0.892,0.291,-0.682,-0.115,0.225,-0.747,0.253,0.944,0.65,-0.872,0.689,-0.242,-0.103,0.651,0.758,0.808,0.726,-0.863,0.883,0.546,-0.579,0.837,0.797,-0.051,-0.776,-0.243,0.87,0.646,-0.886,0.826,-0.179,-0.365,0.766,0.347,-0.678,-0.732,0.761,0.897,0.801,-0.622,0.894,0.872,0.755,0.781,0.226,-0.884,0.77,0.945,-0.712,0.853,-0.89,0.548,0.865,0.142,0.89,0.497,0.938,0.784,-0.487,-0.897,-0.405,-0.185,-0.083,0.298,0.941,0.272,-0.152,-0.865,0.662,-0.074,-0.357,0.356,0.135,0.557,0.778,-0.048,0.438,0.841,0.759,0.838,-0.458,0.916,0.739,0.922,0.865,0.326,-0.77,0.959,0.134,0.248,0.269,0.296,-0.403,-0.475,0.857,-0.897,0.863,0.878,0.891,0.851,0.132,0.822,0.766,0.868,-0.86,-0.752,-0.895,0.777,-0.551,0.091,0.401,0.175,0.914,-0.229,-0.602,-0.369,-0.466,-0.432,0.448,0.456,-0.08
CEVA,0.178,0.123,0.067,0.417,0.198,0.32,0.11,0.018,-0.074,0.328,-0.056,0.456,0.145,0.25,0.299,-0.248,0.052,0.143,0.582,-0.21,0.114,0.184,0.042,0.232,-0.124,0.546,0.321,0.321,0.047,0.047,0.0,0.233,0.465,0.115,0.399,0.082,0.087,0.136,0.147,0.245,0.408,0.441,0.03,0.362,-0.126,0.423,0.299,-0.074,0.165,0.394,-0.006,0.244,0.093,0.566,0.391,0.477,0.041,0.207,0.155,-0.104,0.138,0.259,0.264,0.313,0.012,0.183,0.037,0.137,0.123,0.317,0.184,0.047,0.08,0.418,0.363,0.334,-0.166,0.414,0.377,0.277,0.438,0.24,0.46,0.38,-0.09,0.547,0.248,0.365,-0.028,0.123,-0.098,-0.02,0.22,0.33,0.161,0.175,-0.077,0.322,0.027,-0.018,-0.071,0.197,-0.032,0.045,0.28,0.111,0.454,0.126,0.421,0.202,0.24,0.462,-0.037,0.146,-0.202,0.35,0.116,0.258,0.265,0.324,0.38,-0.138,0.466,-0.063,-0.147,0.357,0.151,-0.017,0.187,0.007,0.369,0.346,0.329,0.187,0.293,0.285,0.429,0.147,0.056,0.373,0.576,-0.17,0.441,0.108,0.38,0.006,-0.052,0.288,0.048,0.382,0.388,0.348,0.246,0.264,0.165,0.414,0.193,0.13,0.124,0.038,0.126,0.29,0.22,0.195,0.716,0.085,0.168,0.493,0.491,0.368,0.369,0.174,0.164,0.135,-0.034,0.374,0.341,0.214,0.246,0.137,0.382,0.15,0.306,-0.043,0.085,-0.12,0.011,0.45,-0.03,0.036,0.293,0.216,0.199,0.308,0.323,0.098,0.33,0.615,0.383,0.538
