,AAPL,ACRS,ADP,AFYA,AGNC,AGYS,ALT,AMGN,AMPH,AMZN,ANIP,AOSL,APDN,APLT,APVO,ARGX,ARLP,ATEX,ATRA,AUTL,AVDL,BCRX,BHAT,BLBD,BMRN,BNGO,BUSE,CAKE,CASY,CCOI,CEVA,CHY,CLDX,CLMT,COHU,COLM,COST,CPRT,CSWC,CSX,DBX,DCOM,DKNG,DMLP,DOX,EA,EDIT,ENPH,ENSG,ERNA,ESGR,ETNB,EXTR,FANG,FARO,FATE,FGEN,FIVE,FIVN,FLGT,FOLD,FORM,FOXA,FRPT,FSLR,FTAI,GBDC,GDYN,GGAL,GNLN,GRFS,GT,HCAT,HCM,HFWA,HOLX,HQY,HUBG,IAC,ICLR,IDCC,IEP,IHRT,ILMN,ILPT,IMAB,IMOS,INMD,INTZ,JAZZ,JKHY,JRVR,KIDS,LBRDK,LGND,LMAT,LPLA,LULU,MASI,MAT,MATW,MBIN,MBIO,MCRB,MDB,MDLZ,MELI,MIRM,MLKN,MNMD,MNRO,MPWR,MRCY,MRSN,MTVA,NAAS,NDAQ,NDSN,NEGG,NOVT,NVDA,NWE,NWSA,NXST,OCX,ODFL,OMAB,OPCH,OPRA,ORGO,OTRK,OZK,PAGP,PCH,PEGA,PENG,PENN,PFBC,PGNY,PHAT,PHUN,PINC,PLUG,PLXS,PYPL,QLYS,QNCX,QQQX,QVCGA,RAPT,RBBN,RCKT,REPL,RMBS,ROAD,ROKU,ROP,RUSHA,SANM,SATS,SBCF,SBLK,SBUX,SCHL,SCSC,SDGR,SEIC,SFIX,SGRY,SKYW,SLP,SNES,STAA,STLD,STOK,SWKS,TER,TFIN,TIGO,TILE,TPIC,TTEC,TTEK,TTGT,UXIN,VERU,VLYPP,VNOM,VRNS,VRSN,WDAY,WERN,WINA,WKHS,WRLD,XP,XTKG,YY,ZION,ZM
AAPL,0.0,-0.71,0.85,0.84,0.948,-0.431,0.775,0.517,-0.655,0.497,0.817,-0.088,0.838,0.823,0.788,0.302,0.599,0.119,0.823,0.615,-0.777,-0.082,0.914,-0.743,0.826,0.766,0.826,-0.585,0.542,0.64,-0.345,0.904,0.726,0.102,0.681,0.565,0.604,0.94,0.875,0.547,0.928,0.579,0.413,0.379,0.188,0.788,0.709,0.179,-0.565,0.804,-0.712,0.794,0.894,-0.398,0.149,0.869,0.677,0.865,0.849,0.707,0.863,0.677,0.113,0.355,0.554,0.699,0.772,0.88,-0.525,0.873,-0.13,0.831,0.845,0.097,-0.439,0.527,0.452,-0.282,0.853,0.843,0.85,0.235,0.129,0.829,0.563,-0.115,-0.412,0.909,0.17,0.785,-0.213,0.67,-0.469,0.9,0.909,-0.548,0.418,0.869,0.745,-0.556,0.77,0.866,0.895,-0.084,0.706,0.744,0.471,-0.64,0.095,0.341,0.277,-0.41,-0.314,0.665,0.862,-0.862,0.926,0.779,0.906,0.756,0.804,-0.302,0.752,-0.084,0.927,0.625,-0.292,-0.416,0.759,0.584,0.772,0.798,0.798,0.349,0.875,0.232,-0.064,0.68,0.571,-0.47,0.069,0.877,0.153,-0.13,0.637,0.716,0.868,0.956,0.872,0.778,0.879,0.161,0.888,-0.123,0.059,0.742,0.573,0.367,0.351,0.427,0.397,-0.75,0.924,-0.364,0.722,-0.138,0.858,0.907,-0.217,0.776,0.83,0.87,0.376,-0.539,-0.46,0.592,0.371,-0.13,0.901,0.248,0.091,0.436,-0.291,0.795,0.918,0.15,0.566,-0.478,-0.141,0.776,0.707,0.557,-0.202,0.64,0.101,0.16,0.898,0.44,0.451,0.886
ACRS,-0.71,0.0,-0.394,-0.655,-0.781,0.8,-0.364,-0.047,0.861,-0.081,-0.526,0.52,-0.766,-0.836,-0.308,0.256,-0.503,0.249,-0.702,-0.454,0.919,0.314,-0.778,0.82,-0.699,-0.26,-0.567,0.807,-0.211,-0.225,0.67,-0.539,-0.304,0.192,-0.256,-0.219,-0.088,-0.651,-0.818,-0.375,-0.663,-0.456,0.009,-0.236,0.22,-0.647,-0.411,0.45,0.815,-0.533,0.781,-0.667,-0.612,0.478,0.388,-0.618,-0.401,-0.437,-0.622,-0.346,-0.709,-0.362,0.167,0.156,-0.128,-0.651,-0.398,-0.891,0.39,-0.805,0.28,-0.704,-0.53,0.234,0.661,-0.276,-0.189,0.747,-0.664,-0.648,-0.69,0.115,0.378,-0.614,-0.434,0.222,0.836,-0.602,0.239,-0.447,0.687,-0.72,0.841,-0.616,-0.727,0.88,-0.062,-0.58,-0.685,0.736,-0.563,-0.71,-0.719,0.217,-0.353,-0.674,0.034,0.811,0.197,0.1,-0.203,0.619,0.635,-0.305,-0.787,0.696,-0.687,-0.509,-0.658,-0.319,-0.298,0.552,-0.368,0.563,-0.711,-0.36,0.501,0.846,-0.588,-0.114,-0.552,-0.53,-0.708,0.265,-0.65,0.084,0.614,-0.568,-0.114,0.592,0.247,-0.686,0.416,0.435,-0.575,-0.313,-0.772,-0.619,-0.822,-0.356,-0.797,0.174,-0.75,0.575,0.183,-0.475,-0.232,-0.196,-0.162,-0.294,-0.069,0.87,-0.713,0.429,-0.358,0.606,-0.48,-0.673,0.718,-0.735,-0.482,-0.748,0.172,0.887,0.786,-0.239,0.263,0.645,-0.802,0.218,0.295,0.015,0.634,-0.49,-0.701,0.184,-0.454,0.639,0.662,-0.446,-0.393,-0.465,0.586,-0.193,0.156,0.022,-0.624,-0.26,-0.158,-0.674
ADP,0.85,-0.394,0.0,0.724,0.827,-0.253,0.803,0.716,-0.343,0.558,0.699,-0.05,0.734,0.667,0.772,0.401,0.531,0.234,0.712,0.393,-0.603,-0.215,0.742,-0.697,0.541,0.848,0.755,-0.498,0.647,0.543,-0.312,0.839,0.696,0.03,0.59,0.45,0.78,0.865,0.749,0.246,0.773,0.264,0.565,0.578,0.157,0.725,0.816,0.445,-0.472,0.72,-0.635,0.76,0.72,-0.204,0.282,0.895,0.588,0.874,0.653,0.691,0.632,0.452,0.057,0.459,0.646,0.431,0.722,0.666,-0.492,0.713,0.087,0.794,0.751,0.272,-0.316,0.731,0.453,-0.049,0.796,0.877,0.602,0.049,0.149,0.873,0.581,-0.367,-0.11,0.905,0.263,0.645,0.088,0.533,-0.295,0.795,0.762,-0.194,0.4,0.89,0.726,-0.527,0.529,0.725,0.817,-0.258,0.587,0.715,0.57,-0.497,-0.116,0.285,0.126,-0.462,-0.03,0.821,0.672,-0.785,0.877,0.649,0.83,0.872,0.724,-0.13,0.658,0.034,0.845,0.768,-0.339,-0.104,0.512,0.681,0.746,0.659,0.789,0.479,0.819,0.147,0.133,0.524,0.59,-0.528,0.064,0.846,0.274,-0.225,0.577,0.878,0.732,0.91,0.626,0.69,0.704,0.063,0.789,-0.105,-0.037,0.742,0.688,0.305,0.141,0.132,0.287,-0.618,0.777,-0.52,0.893,0.176,0.761,0.829,-0.04,0.582,0.918,0.79,0.669,-0.306,-0.353,0.579,0.521,0.049,0.677,0.208,0.3,0.341,-0.173,0.874,0.837,0.094,0.588,-0.157,0.072,0.87,0.803,0.643,0.077,0.562,-0.012,-0.097,0.841,0.108,0.365,0.794
AFYA,0.84,-0.655,0.724,0.0,0.875,-0.429,0.745,0.531,-0.598,0.411,0.7,-0.126,0.769,0.799,0.64,0.117,0.434,0.067,0.853,0.569,-0.771,-0.086,0.808,-0.686,0.741,0.676,0.776,-0.508,0.367,0.537,-0.375,0.728,0.557,-0.001,0.721,0.507,0.336,0.818,0.777,0.431,0.757,0.558,0.259,0.125,0.119,0.548,0.53,0.009,-0.597,0.713,-0.693,0.762,0.877,-0.572,0.082,0.769,0.737,0.735,0.704,0.631,0.785,0.677,0.067,0.09,0.389,0.768,0.629,0.864,-0.271,0.814,-0.259,0.776,0.784,0.074,-0.439,0.438,0.371,-0.35,0.712,0.753,0.786,0.206,0.047,0.708,0.573,-0.161,-0.424,0.819,0.06,0.633,-0.316,0.76,-0.561,0.743,0.806,-0.594,0.43,0.737,0.673,-0.543,0.745,0.803,0.846,0.076,0.581,0.758,0.293,-0.516,0.088,0.29,0.295,-0.433,-0.463,0.551,0.784,-0.719,0.797,0.657,0.846,0.746,0.643,-0.318,0.6,-0.257,0.8,0.404,-0.222,-0.441,0.703,0.437,0.683,0.726,0.613,0.208,0.712,0.418,-0.136,0.509,0.368,-0.411,0.018,0.768,-0.092,-0.273,0.629,0.558,0.795,0.828,0.851,0.667,0.787,0.172,0.85,-0.131,0.111,0.637,0.339,0.27,0.136,0.283,0.435,-0.649,0.869,-0.351,0.617,-0.302,0.729,0.847,-0.377,0.784,0.682,0.821,0.163,-0.678,-0.372,0.643,0.377,-0.203,0.806,0.078,-0.125,0.255,-0.424,0.684,0.844,0.132,0.471,-0.556,-0.305,0.558,0.534,0.476,-0.166,0.456,0.095,0.175,0.774,0.388,0.379,0.794
AGNC,0.948,-0.781,0.827,0.875,0.0,-0.551,0.774,0.496,-0.721,0.404,0.797,-0.272,0.874,0.916,0.699,0.137,0.667,0.008,0.869,0.572,-0.873,-0.241,0.936,-0.863,0.785,0.766,0.787,-0.727,0.488,0.567,-0.549,0.871,0.669,-0.029,0.593,0.445,0.476,0.913,0.934,0.372,0.908,0.467,0.384,0.415,0.023,0.764,0.749,0.041,-0.694,0.836,-0.826,0.876,0.862,-0.391,0.064,0.929,0.659,0.818,0.799,0.683,0.85,0.564,0.006,0.25,0.53,0.684,0.705,0.941,-0.493,0.954,-0.133,0.898,0.847,0.093,-0.585,0.536,0.42,-0.434,0.894,0.909,0.795,0.076,-0.023,0.873,0.613,-0.253,-0.519,0.931,0.091,0.704,-0.356,0.721,-0.617,0.847,0.914,-0.637,0.31,0.895,0.836,-0.692,0.696,0.844,0.956,-0.149,0.633,0.792,0.401,-0.746,-0.11,0.231,0.247,-0.601,-0.351,0.735,0.907,-0.889,0.933,0.689,0.949,0.758,0.674,-0.413,0.624,-0.26,0.954,0.619,-0.458,-0.527,0.711,0.531,0.841,0.728,0.83,0.174,0.894,0.163,-0.207,0.582,0.514,-0.59,-0.067,0.939,-0.016,-0.369,0.755,0.723,0.933,0.951,0.894,0.724,0.903,0.031,0.951,-0.313,-0.122,0.767,0.467,0.33,0.199,0.291,0.279,-0.854,0.931,-0.533,0.714,-0.205,0.756,0.953,-0.404,0.829,0.868,0.947,0.337,-0.696,-0.562,0.577,0.252,-0.311,0.889,0.074,0.038,0.262,-0.503,0.776,0.935,0.049,0.665,-0.454,-0.28,0.767,0.759,0.634,-0.265,0.554,-0.047,0.028,0.889,0.309,0.337,0.923
AGYS,-0.431,0.8,-0.253,-0.429,-0.551,0.0,-0.02,-0.031,0.669,0.168,-0.123,0.79,-0.712,-0.689,-0.0,0.553,-0.293,0.436,-0.406,-0.072,0.765,0.565,-0.515,0.78,-0.336,0.023,-0.385,0.793,-0.277,0.119,0.796,-0.247,0.089,0.539,0.093,0.114,-0.082,-0.456,-0.702,-0.169,-0.308,-0.281,0.324,-0.36,0.448,-0.464,-0.326,0.607,0.867,-0.25,0.65,-0.501,-0.224,0.293,0.613,-0.415,-0.044,-0.197,-0.212,-0.041,-0.318,-0.048,0.447,0.447,0.043,-0.417,-0.184,-0.661,0.148,-0.556,0.011,-0.62,-0.127,0.088,0.605,-0.35,0.176,0.799,-0.343,-0.503,-0.363,0.386,0.664,-0.491,-0.53,0.517,0.671,-0.357,0.493,-0.044,0.57,-0.603,0.86,-0.322,-0.363,0.748,0.218,-0.445,-0.516,0.828,-0.336,-0.522,-0.475,0.547,0.084,-0.709,0.405,0.736,0.468,0.474,-0.11,0.785,0.575,-0.189,-0.575,0.384,-0.508,-0.38,-0.374,-0.057,0.104,0.268,-0.042,0.678,-0.433,-0.401,0.593,0.851,-0.146,0.255,-0.348,-0.287,-0.655,0.493,-0.351,0.335,0.779,-0.523,0.259,0.764,0.469,-0.503,0.601,0.593,-0.391,-0.192,-0.534,-0.366,-0.498,0.04,-0.48,0.575,-0.507,0.806,0.348,-0.108,-0.243,-0.064,0.025,-0.118,0.186,0.702,-0.45,0.52,-0.308,0.564,-0.21,-0.382,0.816,-0.51,-0.283,-0.575,0.334,0.758,0.855,-0.044,0.5,0.734,-0.48,0.447,0.279,0.36,0.714,-0.361,-0.425,0.58,-0.372,0.549,0.835,-0.281,-0.195,-0.528,0.438,0.187,0.447,0.408,-0.359,0.172,0.101,-0.327
ALT,0.775,-0.364,0.803,0.745,0.774,-0.02,0.0,0.595,-0.333,0.606,0.811,0.159,0.602,0.595,0.792,0.54,0.532,0.343,0.795,0.559,-0.553,0.001,0.705,-0.54,0.619,0.887,0.651,-0.372,0.35,0.621,-0.157,0.761,0.826,0.226,0.737,0.537,0.463,0.756,0.605,0.181,0.773,0.241,0.694,0.267,0.207,0.574,0.696,0.432,-0.349,0.792,-0.59,0.772,0.826,-0.366,0.429,0.841,0.762,0.802,0.706,0.698,0.731,0.525,0.191,0.514,0.574,0.485,0.615,0.641,-0.427,0.7,-0.145,0.662,0.829,0.228,-0.317,0.502,0.612,-0.065,0.793,0.747,0.648,0.19,0.276,0.775,0.401,-0.082,-0.183,0.868,0.417,0.743,-0.081,0.502,-0.218,0.734,0.828,-0.211,0.496,0.736,0.634,-0.331,0.473,0.613,0.821,0.125,0.715,0.48,0.706,-0.372,0.058,0.543,0.096,-0.272,-0.044,0.731,0.618,-0.765,0.751,0.533,0.835,0.878,0.829,-0.322,0.67,0.046,0.803,0.467,-0.241,-0.002,0.692,0.838,0.721,0.622,0.579,0.477,0.803,0.399,0.247,0.306,0.665,-0.249,0.17,0.735,0.303,-0.179,0.612,0.769,0.716,0.834,0.68,0.795,0.74,0.357,0.82,0.087,0.1,0.848,0.357,0.237,0.065,0.08,0.364,-0.537,0.715,-0.368,0.673,0.1,0.711,0.831,-0.01,0.554,0.833,0.721,0.633,-0.359,-0.093,0.582,0.619,0.127,0.693,0.224,0.198,0.424,-0.117,0.742,0.822,0.356,0.445,-0.136,0.155,0.658,0.735,0.354,0.074,0.67,0.19,0.188,0.835,0.309,0.409,0.822
AMGN,0.517,-0.047,0.716,0.531,0.496,-0.031,0.595,0.0,0.016,0.459,0.445,0.188,0.401,0.303,0.617,0.371,0.284,0.385,0.445,0.219,-0.335,0.013,0.424,-0.397,0.286,0.609,0.595,-0.149,0.425,0.44,-0.137,0.586,0.548,0.144,0.512,0.449,0.567,0.489,0.37,0.003,0.472,0.136,0.422,0.294,0.268,0.35,0.423,0.484,-0.244,0.369,-0.438,0.46,0.421,-0.253,0.391,0.581,0.558,0.57,0.41,0.565,0.348,0.296,0.149,0.397,0.39,0.299,0.552,0.354,-0.293,0.333,-0.002,0.503,0.504,0.289,0.024,0.527,0.44,0.207,0.478,0.581,0.331,0.222,0.253,0.544,0.303,-0.398,0.085,0.625,0.247,0.366,0.258,0.31,-0.074,0.479,0.467,0.06,0.477,0.53,0.487,-0.248,0.308,0.442,0.452,-0.221,0.426,0.549,0.396,-0.079,0.007,0.254,-0.077,-0.307,0.014,0.632,0.27,-0.482,0.461,0.376,0.539,0.712,0.499,0.019,0.443,0.216,0.465,0.457,0.008,0.166,0.22,0.569,0.405,0.535,0.45,0.53,0.491,0.277,0.355,0.221,0.44,-0.308,0.234,0.565,0.2,-0.112,0.283,0.63,0.358,0.553,0.36,0.534,0.422,0.187,0.459,0.159,-0.015,0.455,0.329,0.053,-0.165,0.087,0.446,-0.249,0.422,-0.331,0.804,0.181,0.581,0.576,0.102,0.294,0.656,0.53,0.535,-0.064,-0.058,0.427,0.454,0.3,0.364,0.316,0.204,0.158,0.032,0.603,0.494,0.162,0.266,-0.067,0.201,0.507,0.522,0.373,0.195,0.407,0.158,-0.048,0.575,-0.08,0.392,0.454
AMPH,-0.655,0.861,-0.343,-0.598,-0.721,0.669,-0.333,0.016,0.0,0.015,-0.416,0.524,-0.73,-0.848,-0.258,0.262,-0.455,0.399,-0.562,-0.297,0.744,0.338,-0.67,0.658,-0.585,-0.324,-0.394,0.732,-0.34,-0.237,0.518,-0.452,-0.23,0.274,-0.338,-0.076,-0.05,-0.64,-0.728,-0.492,-0.6,-0.452,0.028,-0.101,0.269,-0.409,-0.488,0.361,0.635,-0.674,0.588,-0.653,-0.568,0.384,0.217,-0.569,-0.223,-0.373,-0.494,-0.209,-0.634,-0.477,0.224,0.108,-0.368,-0.512,-0.265,-0.781,0.198,-0.809,0.017,-0.653,-0.465,-0.02,0.777,-0.072,0.043,0.623,-0.556,-0.527,-0.632,0.018,0.251,-0.546,-0.541,0.015,0.664,-0.511,0.262,-0.32,0.465,-0.508,0.64,-0.447,-0.574,0.748,0.119,-0.601,-0.534,0.693,-0.593,-0.499,-0.701,0.062,-0.262,-0.499,-0.017,0.751,0.102,0.137,-0.477,0.521,0.397,-0.362,-0.811,0.538,-0.649,-0.596,-0.639,-0.223,-0.287,0.343,-0.231,0.531,-0.651,-0.331,0.5,0.802,-0.476,-0.035,-0.67,-0.343,-0.542,0.311,-0.537,-0.097,0.593,-0.393,-0.149,0.486,0.371,-0.603,0.205,0.346,-0.717,-0.32,-0.785,-0.614,-0.679,-0.351,-0.624,0.221,-0.698,0.525,0.131,-0.38,-0.201,-0.444,-0.357,-0.305,0.031,0.766,-0.718,0.32,-0.247,0.4,-0.323,-0.646,0.654,-0.764,-0.453,-0.645,0.164,0.742,0.53,-0.436,0.093,0.653,-0.609,0.066,0.039,-0.165,0.689,-0.43,-0.634,0.28,-0.601,0.576,0.574,-0.401,-0.48,-0.498,0.42,-0.296,0.259,-0.056,-0.521,-0.349,0.056,-0.658
AMZN,0.497,-0.081,0.558,0.411,0.404,0.168,0.606,0.459,0.015,0.0,0.567,0.462,0.294,0.11,0.676,0.769,0.24,0.792,0.411,0.619,-0.242,0.414,0.497,-0.217,0.523,0.578,0.557,0.075,0.015,0.536,0.155,0.624,0.678,0.478,0.607,0.797,0.495,0.396,0.235,0.105,0.53,0.278,0.414,0.179,0.605,0.423,0.316,0.553,-0.091,0.293,-0.36,0.26,0.526,-0.123,0.269,0.432,0.672,0.684,0.594,0.661,0.517,0.256,0.435,0.473,0.172,0.406,0.672,0.327,-0.427,0.27,-0.37,0.302,0.556,0.157,0.232,0.517,0.634,0.141,0.447,0.391,0.396,0.28,0.44,0.408,0.032,-0.009,-0.001,0.554,0.532,0.637,0.106,0.321,0.038,0.621,0.515,-0.019,0.736,0.345,0.321,0.042,0.349,0.548,0.4,0.01,0.727,0.252,0.457,0.053,0.282,0.689,-0.24,0.059,-0.095,0.375,0.17,-0.461,0.372,0.286,0.497,0.625,0.661,-0.16,0.717,0.399,0.406,0.107,0.144,0.194,0.443,0.59,0.227,0.609,0.36,0.614,0.45,0.241,0.354,0.43,0.52,-0.074,0.625,0.335,0.374,0.166,0.04,0.499,0.227,0.499,0.438,0.637,0.45,0.53,0.341,0.363,0.411,0.494,0.16,-0.175,-0.08,0.339,0.513,-0.089,0.34,0.032,0.507,0.044,0.721,0.442,0.268,-0.032,0.464,0.402,0.48,-0.001,0.002,0.064,0.476,0.523,0.468,0.377,0.088,0.375,0.346,0.541,0.519,0.524,0.011,-0.18,0.383,0.306,0.319,0.026,-0.014,0.581,0.55,0.311,0.668,0.345,0.661,0.418
ANIP,0.817,-0.526,0.699,0.7,0.797,-0.123,0.811,0.445,-0.416,0.567,0.0,0.155,0.509,0.591,0.811,0.451,0.668,0.379,0.78,0.727,-0.592,0.183,0.842,-0.547,0.804,0.734,0.735,-0.359,0.272,0.74,-0.178,0.83,0.843,0.459,0.606,0.638,0.369,0.684,0.636,0.314,0.901,0.47,0.597,0.251,0.323,0.696,0.539,0.281,-0.304,0.728,-0.584,0.656,0.853,-0.323,0.326,0.771,0.775,0.761,0.888,0.764,0.857,0.566,0.328,0.543,0.474,0.586,0.709,0.711,-0.624,0.748,-0.346,0.543,0.914,-0.03,-0.203,0.306,0.713,-0.099,0.859,0.672,0.768,0.338,0.391,0.617,0.255,0.084,-0.364,0.811,0.43,0.888,-0.245,0.542,-0.243,0.846,0.907,-0.371,0.523,0.623,0.662,-0.259,0.637,0.718,0.782,0.172,0.843,0.457,0.675,-0.486,0.223,0.579,0.109,-0.168,-0.2,0.564,0.683,-0.852,0.687,0.462,0.792,0.749,0.799,-0.405,0.746,0.134,0.813,0.339,-0.16,-0.174,0.785,0.789,0.645,0.762,0.602,0.447,0.862,0.246,0.143,0.474,0.762,-0.189,0.298,0.757,0.281,0.017,0.554,0.541,0.7,0.793,0.8,0.864,0.851,0.464,0.75,0.106,0.126,0.836,0.235,0.238,0.282,0.425,0.52,-0.6,0.762,-0.186,0.547,-0.026,0.803,0.834,-0.036,0.609,0.76,0.718,0.462,-0.399,-0.263,0.413,0.378,0.109,0.835,0.332,0.088,0.57,-0.101,0.614,0.732,0.488,0.466,-0.274,0.136,0.62,0.648,0.309,-0.236,0.712,0.36,0.349,0.813,0.52,0.594,0.847
AOSL,-0.088,0.52,-0.05,-0.126,-0.272,0.79,0.159,0.188,0.524,0.462,0.155,0.0,-0.467,-0.542,0.351,0.741,-0.194,0.689,-0.106,0.393,0.459,0.845,-0.139,0.586,0.113,0.146,0.015,0.756,-0.313,0.435,0.752,0.108,0.383,0.787,0.41,0.616,0.111,-0.205,-0.476,0.081,0.02,0.107,0.266,-0.386,0.771,-0.154,-0.363,0.615,0.676,-0.197,0.335,-0.37,0.091,0.049,0.589,-0.247,0.382,0.141,0.189,0.321,0.055,0.168,0.754,0.477,-0.092,0.102,0.22,-0.321,-0.114,-0.381,-0.378,-0.389,0.143,-0.062,0.686,-0.135,0.48,0.71,-0.126,-0.304,-0.014,0.67,0.747,-0.308,-0.525,0.479,0.402,-0.08,0.518,0.33,0.395,-0.261,0.635,0.088,-0.036,0.413,0.651,-0.329,-0.294,0.803,0.008,-0.103,-0.291,0.528,0.47,-0.383,0.366,0.707,0.704,0.753,-0.259,0.758,0.139,-0.123,-0.407,0.096,-0.312,-0.105,-0.103,0.156,0.443,0.068,0.385,0.794,-0.227,-0.385,0.811,0.675,0.21,0.408,-0.35,0.199,-0.427,0.779,-0.111,0.479,0.795,-0.141,0.356,0.727,0.816,-0.276,0.511,0.723,-0.48,-0.102,-0.393,-0.143,-0.072,0.369,-0.116,0.855,-0.319,0.93,0.523,0.049,-0.175,-0.267,0.065,0.277,0.606,0.565,-0.188,0.569,-0.059,0.199,0.257,-0.134,0.78,-0.376,-0.128,-0.255,0.267,0.56,0.643,-0.02,0.548,0.837,-0.06,0.61,0.0,0.436,0.753,-0.195,-0.181,0.804,-0.497,0.12,0.752,-0.206,-0.217,-0.568,0.152,0.399,0.834,0.677,-0.033,0.447,0.561,-0.132
APDN,0.838,-0.766,0.734,0.769,0.874,-0.712,0.602,0.401,-0.73,0.294,0.509,-0.467,0.0,0.888,0.483,-0.013,0.447,-0.16,0.725,0.307,-0.857,-0.441,0.772,-0.852,0.567,0.569,0.674,-0.791,0.589,0.261,-0.56,0.661,0.384,-0.351,0.481,0.23,0.493,0.889,0.911,0.404,0.677,0.422,0.158,0.452,-0.206,0.658,0.759,-0.08,-0.818,0.719,-0.761,0.823,0.678,-0.389,-0.183,0.799,0.399,0.673,0.513,0.376,0.614,0.472,-0.291,-0.021,0.451,0.568,0.533,0.845,-0.274,0.826,0.087,0.921,0.532,0.24,-0.653,0.616,0.08,-0.57,0.661,0.813,0.691,-0.131,-0.271,0.875,0.799,-0.389,-0.459,0.776,-0.135,0.435,-0.31,0.702,-0.67,0.657,0.71,-0.613,0.112,0.863,0.66,-0.834,0.61,0.764,0.858,-0.373,0.307,0.805,0.127,-0.719,-0.234,-0.025,0.294,-0.712,-0.348,0.611,0.824,-0.674,0.9,0.796,0.792,0.577,0.478,-0.232,0.471,-0.459,0.805,0.683,-0.586,-0.594,0.505,0.26,0.739,0.569,0.855,-0.039,0.689,0.071,-0.387,0.658,0.179,-0.756,-0.298,0.793,-0.108,-0.471,0.675,0.717,0.844,0.843,0.719,0.421,0.718,-0.278,0.862,-0.495,-0.118,0.524,0.547,0.334,0.131,0.152,0.052,-0.805,0.786,-0.56,0.663,-0.254,0.601,0.761,-0.529,0.706,0.72,0.835,0.174,-0.673,-0.615,0.514,0.158,-0.401,0.713,-0.099,0.067,0.096,-0.535,0.797,0.869,-0.321,0.601,-0.479,-0.495,0.626,0.609,0.639,-0.099,0.312,-0.28,-0.215,0.805,0.093,0.112,0.711
APLT,0.823,-0.836,0.667,0.799,0.916,-0.689,0.595,0.303,-0.848,0.11,0.591,-0.542,0.888,0.0,0.448,-0.175,0.613,-0.338,0.781,0.314,-0.866,-0.5,0.806,-0.866,0.609,0.596,0.627,-0.86,0.562,0.341,-0.65,0.651,0.393,-0.312,0.427,0.127,0.284,0.852,0.935,0.39,0.746,0.389,0.233,0.371,-0.263,0.588,0.737,-0.205,-0.773,0.827,-0.748,0.871,0.723,-0.394,-0.081,0.844,0.403,0.608,0.579,0.399,0.705,0.517,-0.292,0.023,0.539,0.551,0.427,0.904,-0.292,0.95,0.071,0.879,0.658,0.136,-0.802,0.383,0.123,-0.598,0.773,0.823,0.694,-0.097,-0.263,0.816,0.713,-0.26,-0.575,0.786,-0.143,0.454,-0.423,0.678,-0.71,0.621,0.757,-0.681,-0.002,0.869,0.753,-0.839,0.627,0.69,0.916,-0.181,0.344,0.742,0.234,-0.857,-0.26,-0.072,0.446,-0.699,-0.363,0.623,0.953,-0.738,0.894,0.682,0.84,0.565,0.446,-0.372,0.344,-0.538,0.88,0.614,-0.639,-0.675,0.584,0.284,0.87,0.509,0.776,-0.142,0.77,0.098,-0.457,0.477,0.297,-0.652,-0.404,0.854,-0.163,-0.505,0.847,0.61,0.963,0.847,0.783,0.473,0.782,-0.248,0.917,-0.554,-0.227,0.619,0.434,0.488,0.225,0.132,0.033,-0.904,0.864,-0.583,0.548,-0.248,0.492,0.861,-0.626,0.904,0.727,0.852,0.133,-0.793,-0.613,0.622,0.094,-0.591,0.75,-0.123,0.053,0.142,-0.735,0.688,0.847,-0.254,0.732,-0.429,-0.518,0.692,0.713,0.688,-0.244,0.35,-0.345,-0.126,0.713,0.192,0.028,0.846
APVO,0.788,-0.308,0.772,0.64,0.699,-0.0,0.792,0.617,-0.258,0.676,0.811,0.351,0.483,0.448,0.0,0.624,0.511,0.491,0.705,0.672,-0.435,0.254,0.743,-0.436,0.73,0.785,0.745,-0.171,0.366,0.794,-0.044,0.845,0.867,0.501,0.711,0.74,0.593,0.696,0.519,0.343,0.823,0.428,0.567,0.249,0.509,0.615,0.522,0.531,-0.196,0.613,-0.505,0.569,0.755,-0.246,0.495,0.712,0.787,0.849,0.828,0.82,0.778,0.517,0.455,0.615,0.469,0.574,0.766,0.593,-0.594,0.59,-0.239,0.544,0.824,0.092,-0.043,0.446,0.698,0.171,0.744,0.65,0.67,0.45,0.476,0.644,0.227,0.014,-0.151,0.818,0.459,0.85,0.076,0.432,-0.111,0.838,0.792,-0.171,0.65,0.621,0.593,-0.149,0.578,0.66,0.67,0.091,0.842,0.492,0.658,-0.25,0.293,0.627,0.022,-0.098,-0.119,0.652,0.54,-0.757,0.659,0.553,0.772,0.779,0.891,-0.233,0.808,0.339,0.707,0.422,0.041,0.003,0.678,0.808,0.539,0.782,0.553,0.688,0.785,0.323,0.335,0.459,0.733,-0.125,0.455,0.684,0.389,0.154,0.378,0.654,0.582,0.767,0.684,0.893,0.734,0.523,0.625,0.265,0.22,0.752,0.415,0.179,0.252,0.451,0.62,-0.412,0.712,-0.149,0.704,0.082,0.862,0.762,0.171,0.466,0.754,0.663,0.574,-0.173,-0.121,0.439,0.563,0.312,0.715,0.459,0.173,0.553,0.075,0.647,0.695,0.499,0.308,-0.253,0.286,0.624,0.625,0.288,-0.097,0.734,0.457,0.352,0.78,0.456,0.655,0.742
ARGX,0.302,0.256,0.401,0.117,0.137,0.553,0.54,0.371,0.262,0.769,0.451,0.741,-0.013,-0.175,0.624,0.0,0.151,0.769,0.158,0.492,0.116,0.573,0.214,0.147,0.319,0.528,0.245,0.333,-0.007,0.535,0.476,0.473,0.684,0.643,0.518,0.669,0.5,0.215,-0.045,0.11,0.38,0.065,0.587,0.085,0.665,0.245,0.2,0.785,0.316,0.206,-0.043,0.036,0.334,0.081,0.537,0.221,0.491,0.51,0.425,0.522,0.306,0.223,0.572,0.714,0.253,0.142,0.52,-0.017,-0.371,0.018,-0.196,0.024,0.417,0.178,0.365,0.283,0.598,0.511,0.271,0.142,0.234,0.422,0.65,0.202,-0.147,0.264,0.275,0.34,0.686,0.576,0.364,-0.12,0.461,0.427,0.331,0.319,0.632,0.157,0.038,0.387,0.109,0.203,0.157,0.168,0.662,-0.108,0.63,0.292,0.423,0.789,-0.266,0.387,0.229,0.3,-0.054,-0.284,0.153,0.175,0.274,0.454,0.685,-0.053,0.639,0.699,0.223,0.063,0.362,0.547,0.37,0.683,0.091,0.362,0.094,0.805,0.294,0.295,0.694,0.126,0.624,0.296,0.67,0.145,0.655,0.429,-0.146,0.391,0.01,0.31,0.156,0.601,0.2,0.683,0.102,0.669,0.375,0.434,0.168,-0.12,0.055,0.249,0.432,0.154,0.11,0.205,0.327,0.355,0.523,0.222,0.676,-0.177,0.333,0.108,0.645,0.384,0.361,0.079,0.626,0.715,0.216,0.635,0.254,0.533,0.632,0.302,0.264,0.671,-0.087,0.16,0.708,0.233,0.258,-0.181,0.215,0.665,0.612,0.435,0.445,0.349,0.551,0.224
ARLP,0.599,-0.503,0.531,0.434,0.667,-0.293,0.532,0.284,-0.455,0.24,0.668,-0.194,0.447,0.613,0.511,0.151,0.0,-0.005,0.531,0.403,-0.539,-0.184,0.682,-0.615,0.543,0.598,0.467,-0.554,0.382,0.56,-0.466,0.656,0.633,0.209,0.168,0.215,0.309,0.518,0.649,0.095,0.752,0.157,0.618,0.506,0.082,0.536,0.608,0.165,-0.351,0.65,-0.563,0.573,0.481,0.054,0.181,0.712,0.379,0.541,0.633,0.541,0.602,0.247,0.033,0.554,0.554,0.231,0.478,0.577,-0.581,0.723,0.005,0.503,0.7,-0.01,-0.424,0.212,0.434,-0.171,0.79,0.649,0.491,0.031,0.089,0.578,0.225,-0.046,-0.386,0.663,0.249,0.592,-0.178,0.255,-0.266,0.575,0.687,-0.276,0.096,0.631,0.673,-0.415,0.324,0.484,0.666,-0.105,0.539,0.35,0.585,-0.695,-0.181,0.167,0.133,-0.424,-0.052,0.623,0.689,-0.764,0.586,0.283,0.674,0.49,0.452,-0.386,0.354,0.0,0.731,0.473,-0.446,-0.257,0.505,0.548,0.724,0.427,0.651,0.166,0.767,-0.123,-0.044,0.242,0.709,-0.351,-0.068,0.736,0.206,-0.188,0.57,0.481,0.713,0.646,0.563,0.6,0.648,0.069,0.622,-0.229,-0.269,0.725,0.293,0.324,0.185,0.228,0.075,-0.671,0.553,-0.44,0.452,0.13,0.44,0.731,-0.126,0.564,0.685,0.611,0.464,-0.353,-0.426,0.291,0.079,-0.251,0.589,0.189,0.298,0.307,-0.32,0.461,0.577,0.172,0.65,0.024,0.049,0.648,0.739,0.482,-0.243,0.622,-0.108,0.015,0.601,0.158,0.208,0.748
ATEX,0.119,0.249,0.234,0.067,0.008,0.436,0.343,0.385,0.399,0.792,0.379,0.689,-0.16,-0.338,0.491,0.769,-0.005,0.0,0.098,0.512,0.107,0.666,0.153,0.142,0.269,0.229,0.307,0.434,-0.275,0.364,0.391,0.319,0.556,0.656,0.339,0.716,0.294,-0.043,-0.202,-0.119,0.206,0.117,0.288,-0.041,0.648,0.188,-0.09,0.58,0.234,-0.1,-0.064,-0.131,0.199,-0.065,0.309,0.06,0.544,0.362,0.37,0.492,0.239,0.01,0.592,0.482,-0.139,0.181,0.44,-0.062,-0.365,-0.153,-0.502,-0.146,0.283,-0.029,0.618,0.28,0.66,0.422,0.138,0.009,0.109,0.301,0.549,0.003,-0.324,0.09,0.152,0.193,0.637,0.443,0.236,0.039,0.306,0.36,0.226,0.254,0.719,-0.123,0.028,0.414,0.089,0.239,-0.017,0.113,0.578,-0.058,0.326,0.386,0.407,0.663,-0.485,0.35,0.055,0.066,-0.28,-0.178,-0.079,-0.096,0.088,0.345,0.398,-0.041,0.54,0.606,0.012,-0.216,0.447,0.463,0.176,0.509,-0.199,0.394,0.015,0.645,0.137,0.171,0.555,0.193,0.411,0.232,0.827,-0.009,0.345,0.379,-0.309,0.131,-0.221,0.074,0.126,0.436,0.167,0.664,-0.053,0.592,0.463,0.236,-0.102,-0.445,-0.189,0.288,0.553,0.252,-0.042,0.297,0.28,0.092,0.503,0.076,0.504,-0.38,0.157,0.03,0.381,0.304,0.245,-0.278,0.317,0.767,0.169,0.464,-0.031,0.286,0.654,0.202,0.093,0.681,-0.329,-0.021,0.579,-0.012,-0.016,-0.263,0.032,0.402,0.755,0.392,0.319,0.242,0.669,0.037
ATRA,0.823,-0.702,0.712,0.853,0.869,-0.406,0.795,0.445,-0.562,0.411,0.78,-0.106,0.725,0.781,0.705,0.158,0.531,0.098,0.0,0.626,-0.789,-0.14,0.849,-0.746,0.776,0.67,0.815,-0.574,0.288,0.548,-0.462,0.736,0.647,0.113,0.61,0.513,0.258,0.784,0.766,0.26,0.801,0.448,0.406,0.229,0.053,0.693,0.556,-0.032,-0.629,0.695,-0.764,0.845,0.852,-0.501,0.133,0.83,0.772,0.764,0.782,0.691,0.844,0.482,0.103,0.164,0.312,0.731,0.604,0.884,-0.424,0.823,-0.307,0.772,0.814,-0.053,-0.439,0.489,0.572,-0.42,0.831,0.807,0.745,0.122,-0.028,0.787,0.431,-0.226,-0.539,0.867,0.059,0.712,-0.471,0.816,-0.632,0.814,0.9,-0.615,0.49,0.717,0.784,-0.539,0.57,0.797,0.859,0.043,0.646,0.724,0.379,-0.562,-0.04,0.32,0.085,-0.466,-0.483,0.583,0.78,-0.828,0.798,0.551,0.866,0.794,0.686,-0.529,0.645,-0.254,0.85,0.425,-0.305,-0.411,0.77,0.609,0.656,0.775,0.686,0.222,0.848,0.26,-0.14,0.514,0.416,-0.391,0.061,0.803,-0.133,-0.336,0.624,0.596,0.814,0.811,0.891,0.684,0.903,0.211,0.863,-0.213,0.021,0.821,0.304,0.187,0.066,0.21,0.459,-0.743,0.839,-0.435,0.594,-0.338,0.742,0.869,-0.403,0.741,0.737,0.864,0.259,-0.721,-0.488,0.512,0.271,-0.206,0.875,-0.052,-0.186,0.194,-0.435,0.659,0.851,0.182,0.417,-0.454,-0.288,0.601,0.598,0.398,-0.323,0.427,0.142,0.144,0.814,0.313,0.483,0.874
AUTL,0.615,-0.454,0.393,0.569,0.572,-0.072,0.559,0.219,-0.297,0.619,0.727,0.393,0.307,0.314,0.672,0.492,0.403,0.512,0.626,0.0,-0.471,0.539,0.718,-0.31,0.873,0.488,0.622,-0.067,-0.182,0.749,-0.067,0.727,0.75,0.613,0.591,0.872,0.228,0.427,0.405,0.322,0.73,0.543,0.244,-0.032,0.624,0.558,0.102,0.152,-0.162,0.348,-0.529,0.304,0.702,-0.265,0.148,0.435,0.845,0.7,0.849,0.807,0.804,0.415,0.687,0.315,-0.017,0.791,0.744,0.611,-0.559,0.488,-0.736,0.341,0.756,-0.298,0.049,0.262,0.734,-0.087,0.588,0.409,0.616,0.494,0.379,0.327,-0.073,0.182,-0.429,0.589,0.343,0.85,-0.352,0.5,-0.267,0.787,0.716,-0.529,0.764,0.282,0.483,0.064,0.552,0.685,0.481,0.278,0.891,0.363,0.311,-0.149,0.402,0.729,-0.182,0.042,-0.513,0.266,0.403,-0.642,0.394,0.289,0.619,0.514,0.68,-0.51,0.775,0.27,0.512,-0.045,0.264,-0.213,0.772,0.502,0.225,0.77,0.33,0.513,0.569,0.278,0.164,0.465,0.507,0.069,0.637,0.482,0.036,0.197,0.109,0.216,0.39,0.51,0.788,0.78,0.698,0.705,0.451,0.295,0.251,0.563,0.021,-0.209,0.138,0.611,0.673,-0.306,0.563,0.041,0.318,-0.393,0.782,0.575,0.048,0.315,0.397,0.575,0.157,-0.359,-0.22,0.107,0.234,0.163,0.775,0.33,-0.343,0.303,0.051,0.282,0.538,0.708,0.023,-0.503,0.11,0.26,0.194,-0.044,-0.493,0.583,0.678,0.638,0.619,0.676,0.793,0.57
AVDL,-0.777,0.919,-0.603,-0.771,-0.873,0.765,-0.553,-0.335,0.744,-0.242,-0.592,0.459,-0.857,-0.866,-0.435,0.116,-0.539,0.107,-0.789,-0.471,0.0,0.35,-0.834,0.923,-0.679,-0.447,-0.658,0.841,-0.281,-0.285,0.726,-0.666,-0.43,0.19,-0.37,-0.312,-0.266,-0.748,-0.876,-0.221,-0.729,-0.342,-0.151,-0.367,0.174,-0.716,-0.549,0.256,0.884,-0.594,0.927,-0.769,-0.666,0.509,0.296,-0.774,-0.543,-0.589,-0.647,-0.477,-0.712,-0.338,0.146,0.065,-0.219,-0.674,-0.522,-0.926,0.464,-0.839,0.267,-0.85,-0.623,0.113,0.645,-0.526,-0.303,0.674,-0.769,-0.818,-0.687,0.157,0.348,-0.782,-0.502,0.443,0.765,-0.764,0.152,-0.497,0.592,-0.773,0.836,-0.696,-0.81,0.785,-0.183,-0.716,-0.806,0.797,-0.526,-0.787,-0.821,0.341,-0.426,-0.795,-0.076,0.777,0.309,0.019,-0.084,0.744,0.583,-0.52,-0.78,0.801,-0.785,-0.547,-0.788,-0.541,-0.396,0.568,-0.454,0.508,-0.806,-0.494,0.541,0.714,-0.584,-0.283,-0.638,-0.604,-0.818,0.111,-0.748,0.048,0.451,-0.55,-0.195,0.703,0.194,-0.816,0.363,0.56,-0.61,-0.541,-0.817,-0.742,-0.855,-0.452,-0.85,0.158,-0.856,0.54,0.266,-0.598,-0.302,-0.112,0.051,-0.153,-0.099,0.899,-0.74,0.61,-0.595,0.515,-0.574,-0.796,0.662,-0.723,-0.661,-0.883,-0.054,0.87,0.782,-0.324,0.1,0.528,-0.836,0.202,0.204,0.077,0.598,-0.659,-0.815,0.151,-0.502,0.556,0.571,-0.567,-0.526,-0.548,0.455,-0.256,0.164,0.132,-0.772,-0.107,-0.217,-0.754
BCRX,-0.082,0.314,-0.215,-0.086,-0.241,0.565,0.001,0.013,0.338,0.414,0.183,0.845,-0.441,-0.5,0.254,0.573,-0.184,0.666,-0.14,0.539,0.35,0.0,-0.032,0.553,0.281,-0.037,0.027,0.726,-0.489,0.446,0.659,0.093,0.309,0.815,0.327,0.662,-0.05,-0.272,-0.436,0.215,0.054,0.343,0.001,-0.514,0.793,-0.132,-0.514,0.348,0.596,-0.254,0.275,-0.457,0.098,0.001,0.323,-0.345,0.373,0.053,0.261,0.29,0.144,0.209,0.802,0.313,-0.285,0.26,0.278,-0.212,-0.115,-0.316,-0.601,-0.446,0.137,-0.211,0.691,-0.285,0.404,0.52,-0.181,-0.409,0.116,0.732,0.731,-0.454,-0.527,0.604,0.17,-0.16,0.409,0.35,0.155,-0.188,0.505,0.116,-0.017,0.143,0.615,-0.45,-0.337,0.784,0.171,-0.01,-0.32,0.564,0.49,-0.341,0.125,0.613,0.814,0.732,-0.235,0.76,-0.078,-0.308,-0.36,0.112,-0.389,-0.116,-0.154,-0.056,0.306,0.029,0.407,0.717,-0.277,-0.581,0.842,0.365,0.216,0.184,-0.435,0.267,-0.437,0.581,-0.186,0.403,0.56,0.012,0.276,0.685,0.851,-0.304,0.336,0.773,-0.508,-0.353,-0.415,-0.209,0.041,0.35,-0.075,0.867,-0.345,0.862,0.552,-0.084,-0.374,-0.345,0.158,0.581,0.656,0.527,-0.148,0.713,-0.232,-0.059,0.282,-0.177,0.608,-0.35,-0.278,-0.246,-0.039,0.413,0.488,-0.225,0.274,0.696,0.031,0.621,-0.187,0.415,0.676,-0.303,-0.235,0.801,-0.517,-0.163,0.542,-0.374,-0.391,-0.62,-0.107,0.367,0.913,0.808,-0.041,0.625,0.626,-0.193
BHAT,0.914,-0.778,0.742,0.808,0.936,-0.515,0.705,0.424,-0.67,0.497,0.842,-0.139,0.772,0.806,0.743,0.214,0.682,0.153,0.849,0.718,-0.834,-0.032,0.0,-0.791,0.897,0.681,0.809,-0.611,0.345,0.669,-0.485,0.876,0.715,0.194,0.573,0.59,0.418,0.809,0.85,0.382,0.935,0.557,0.361,0.354,0.202,0.785,0.607,0.029,-0.62,0.736,-0.809,0.757,0.834,-0.333,0.05,0.844,0.726,0.81,0.886,0.755,0.914,0.506,0.188,0.28,0.39,0.762,0.771,0.929,-0.584,0.892,-0.301,0.782,0.859,-0.001,-0.426,0.482,0.547,-0.397,0.878,0.811,0.821,0.211,0.062,0.769,0.441,-0.147,-0.592,0.885,0.105,0.805,-0.409,0.715,-0.574,0.899,0.925,-0.664,0.443,0.758,0.8,-0.551,0.704,0.875,0.872,-0.094,0.749,0.741,0.381,-0.663,0.024,0.363,0.114,-0.466,-0.464,0.627,0.845,-0.889,0.827,0.603,0.901,0.678,0.703,-0.47,0.713,-0.104,0.891,0.457,-0.301,-0.502,0.764,0.543,0.705,0.825,0.791,0.249,0.881,0.126,-0.164,0.641,0.548,-0.472,0.129,0.873,-0.009,-0.2,0.601,0.585,0.837,0.872,0.931,0.78,0.932,0.198,0.851,-0.203,-0.019,0.757,0.339,0.189,0.211,0.501,0.424,-0.772,0.876,-0.372,0.642,-0.298,0.82,0.902,-0.344,0.72,0.772,0.912,0.257,-0.647,-0.57,0.4,0.168,-0.207,0.935,0.151,-0.049,0.315,-0.391,0.681,0.852,0.201,0.524,-0.523,-0.226,0.66,0.645,0.477,-0.435,0.598,0.168,0.201,0.889,0.421,0.527,0.88
BLBD,-0.743,0.82,-0.697,-0.686,-0.863,0.78,-0.54,-0.397,0.658,-0.217,-0.547,0.586,-0.852,-0.866,-0.436,0.147,-0.615,0.142,-0.746,-0.31,0.923,0.553,-0.791,0.0,-0.552,-0.496,-0.646,0.897,-0.433,-0.221,0.829,-0.654,-0.411,0.29,-0.217,-0.158,-0.373,-0.747,-0.903,-0.062,-0.689,-0.186,-0.231,-0.604,0.266,-0.746,-0.698,0.19,0.91,-0.6,0.901,-0.823,-0.559,0.335,0.25,-0.853,-0.432,-0.61,-0.574,-0.475,-0.63,-0.182,0.272,-0.015,-0.316,-0.485,-0.492,-0.859,0.481,-0.832,0.054,-0.869,-0.585,0.008,0.66,-0.628,-0.278,0.637,-0.799,-0.897,-0.546,0.318,0.417,-0.86,-0.561,0.606,0.643,-0.792,0.122,-0.426,0.462,-0.708,0.82,-0.671,-0.761,0.638,-0.069,-0.797,-0.878,0.892,-0.403,-0.733,-0.829,0.516,-0.335,-0.829,-0.141,0.851,0.51,0.143,-0.043,0.873,0.403,-0.644,-0.778,0.798,-0.826,-0.468,-0.775,-0.579,-0.321,0.464,-0.354,0.5,-0.824,-0.666,0.698,0.636,-0.432,-0.316,-0.704,-0.523,-0.909,0.13,-0.79,0.219,0.458,-0.515,-0.23,0.84,0.289,-0.864,0.314,0.667,-0.662,-0.653,-0.831,-0.758,-0.734,-0.395,-0.803,0.324,-0.849,0.67,0.384,-0.623,-0.447,-0.159,0.087,-0.036,0.027,0.92,-0.716,0.759,-0.705,0.306,-0.521,-0.793,0.646,-0.687,-0.763,-0.874,-0.217,0.789,0.823,-0.299,0.13,0.545,-0.745,0.266,0.049,0.137,0.64,-0.729,-0.799,0.269,-0.617,0.366,0.505,-0.699,-0.668,-0.718,0.346,-0.197,0.337,0.357,-0.746,0.116,-0.117,-0.76
BMRN,0.826,-0.699,0.541,0.741,0.785,-0.336,0.619,0.286,-0.585,0.523,0.804,0.113,0.567,0.609,0.73,0.319,0.543,0.269,0.776,0.873,-0.679,0.281,0.897,-0.552,0.0,0.561,0.756,-0.36,0.09,0.738,-0.268,0.802,0.715,0.421,0.621,0.75,0.277,0.654,0.653,0.475,0.872,0.685,0.28,0.067,0.41,0.683,0.323,0.021,-0.406,0.567,-0.656,0.569,0.823,-0.371,0.09,0.629,0.79,0.729,0.938,0.794,0.932,0.545,0.454,0.278,0.18,0.854,0.771,0.84,-0.517,0.738,-0.528,0.568,0.829,-0.185,-0.201,0.31,0.636,-0.277,0.742,0.598,0.809,0.456,0.207,0.539,0.196,0.1,-0.571,0.741,0.148,0.866,-0.434,0.637,-0.454,0.872,0.856,-0.669,0.623,0.522,0.64,-0.261,0.708,0.816,0.685,0.17,0.848,0.594,0.328,-0.436,0.298,0.537,0.023,-0.176,-0.562,0.405,0.7,-0.779,0.641,0.497,0.779,0.555,0.739,-0.498,0.787,0.076,0.728,0.186,0.033,-0.434,0.823,0.501,0.474,0.862,0.547,0.356,0.736,0.283,-0.054,0.609,0.523,-0.157,0.38,0.694,-0.008,0.058,0.38,0.344,0.657,0.71,0.916,0.804,0.86,0.476,0.677,0.059,0.191,0.664,0.183,0.052,0.288,0.692,0.618,-0.561,0.79,-0.095,0.441,-0.411,0.838,0.756,-0.191,0.599,0.553,0.755,0.108,-0.558,-0.409,0.293,0.18,-0.082,0.917,0.266,-0.243,0.37,-0.194,0.469,0.719,0.454,0.277,-0.631,-0.133,0.449,0.41,0.192,-0.548,0.615,0.452,0.522,0.769,0.655,0.698,0.756
BNGO,0.766,-0.26,0.848,0.676,0.766,0.023,0.887,0.609,-0.324,0.578,0.734,0.146,0.569,0.596,0.785,0.528,0.598,0.229,0.67,0.488,-0.447,-0.037,0.681,-0.496,0.561,0.0,0.585,-0.336,0.476,0.703,-0.162,0.83,0.79,0.216,0.703,0.482,0.609,0.766,0.625,0.21,0.792,0.2,0.712,0.384,0.302,0.532,0.767,0.547,-0.224,0.816,-0.511,0.707,0.756,-0.116,0.514,0.836,0.646,0.832,0.671,0.738,0.659,0.533,0.228,0.61,0.741,0.39,0.689,0.579,-0.416,0.706,0.05,0.682,0.846,0.328,-0.32,0.488,0.506,0.071,0.77,0.765,0.564,0.268,0.374,0.751,0.422,-0.057,-0.026,0.86,0.419,0.694,0.096,0.347,-0.095,0.707,0.733,-0.119,0.408,0.826,0.632,-0.299,0.463,0.568,0.782,0.072,0.703,0.447,0.749,-0.365,0.027,0.536,0.192,-0.268,0.096,0.854,0.646,-0.733,0.768,0.547,0.856,0.865,0.817,-0.213,0.605,0.179,0.808,0.58,-0.221,0.031,0.598,0.766,0.802,0.553,0.555,0.553,0.775,0.351,0.318,0.246,0.756,-0.243,0.143,0.756,0.452,-0.136,0.606,0.832,0.724,0.874,0.59,0.837,0.624,0.298,0.749,0.114,-0.017,0.795,0.485,0.349,0.169,0.137,0.309,-0.485,0.731,-0.413,0.692,0.293,0.664,0.834,0.116,0.569,0.866,0.713,0.738,-0.219,-0.052,0.68,0.684,0.115,0.599,0.332,0.384,0.462,-0.139,0.703,0.786,0.338,0.589,-0.02,0.28,0.757,0.828,0.462,0.108,0.751,0.083,0.141,0.77,0.296,0.335,0.825
BUSE,0.826,-0.567,0.755,0.776,0.787,-0.385,0.651,0.595,-0.394,0.557,0.735,0.015,0.674,0.627,0.745,0.245,0.467,0.307,0.815,0.622,-0.658,0.027,0.809,-0.646,0.756,0.585,0.0,-0.386,0.409,0.591,-0.294,0.761,0.614,0.182,0.598,0.641,0.46,0.732,0.712,0.384,0.752,0.662,0.248,0.264,0.257,0.685,0.487,0.109,-0.529,0.547,-0.618,0.651,0.765,-0.405,0.132,0.725,0.725,0.81,0.769,0.723,0.778,0.503,0.163,0.209,0.252,0.726,0.726,0.789,-0.423,0.683,-0.277,0.67,0.731,0.04,-0.098,0.552,0.556,-0.223,0.697,0.706,0.684,0.259,0.119,0.669,0.439,-0.224,-0.353,0.8,0.176,0.695,-0.216,0.793,-0.488,0.836,0.781,-0.472,0.646,0.658,0.67,-0.434,0.701,0.878,0.72,-0.056,0.649,0.79,0.289,-0.411,0.155,0.329,0.065,-0.34,-0.466,0.488,0.665,-0.727,0.737,0.599,0.751,0.765,0.664,-0.216,0.705,-0.035,0.734,0.406,-0.099,-0.307,0.641,0.515,0.505,0.92,0.702,0.384,0.738,0.244,-0.061,0.772,0.407,-0.401,0.262,0.718,-0.022,-0.073,0.425,0.531,0.654,0.753,0.806,0.659,0.816,0.255,0.698,-0.077,0.259,0.606,0.388,0.129,0.141,0.476,0.655,-0.557,0.779,-0.202,0.696,-0.26,0.893,0.764,-0.224,0.57,0.675,0.763,0.23,-0.487,-0.458,0.404,0.286,0.066,0.819,0.156,-0.122,0.299,-0.21,0.702,0.777,0.204,0.318,-0.532,-0.161,0.568,0.488,0.378,-0.258,0.443,0.296,0.2,0.794,0.336,0.682,0.726
CAKE,-0.585,0.807,-0.498,-0.508,-0.727,0.793,-0.372,-0.149,0.732,0.075,-0.359,0.756,-0.791,-0.86,-0.171,0.333,-0.554,0.434,-0.574,-0.067,0.841,0.726,-0.611,0.897,-0.36,-0.336,-0.386,0.0,-0.447,-0.015,0.83,-0.43,-0.173,0.502,-0.034,0.148,-0.198,-0.637,-0.831,-0.058,-0.52,-0.053,-0.167,-0.542,0.529,-0.579,-0.672,0.335,0.855,-0.597,0.764,-0.754,-0.391,0.237,0.346,-0.71,-0.125,-0.354,-0.341,-0.179,-0.437,-0.105,0.477,0.113,-0.36,-0.286,-0.221,-0.737,0.301,-0.776,-0.173,-0.783,-0.381,-0.039,0.836,-0.441,-0.004,0.704,-0.655,-0.753,-0.415,0.458,0.575,-0.758,-0.602,0.512,0.632,-0.6,0.282,-0.213,0.494,-0.532,0.762,-0.418,-0.576,0.602,0.249,-0.72,-0.71,0.924,-0.27,-0.502,-0.736,0.51,-0.073,-0.654,-0.055,0.903,0.624,0.372,-0.199,0.869,0.281,-0.536,-0.759,0.638,-0.734,-0.424,-0.627,-0.332,-0.129,0.453,-0.122,0.662,-0.711,-0.647,0.827,0.679,-0.305,-0.122,-0.702,-0.251,-0.791,0.387,-0.64,0.266,0.605,-0.357,-0.076,0.784,0.585,-0.749,0.336,0.722,-0.721,-0.533,-0.798,-0.628,-0.558,-0.156,-0.635,0.539,-0.767,0.804,0.515,-0.488,-0.385,-0.303,0.007,0.127,0.315,0.926,-0.589,0.767,-0.47,0.258,-0.228,-0.643,0.719,-0.685,-0.607,-0.729,-0.094,0.766,0.778,-0.296,0.239,0.754,-0.564,0.39,-0.041,0.189,0.753,-0.575,-0.667,0.485,-0.666,0.242,0.624,-0.61,-0.621,-0.698,0.3,-0.064,0.592,0.451,-0.556,0.184,0.193,-0.637
CASY,0.542,-0.211,0.647,0.367,0.488,-0.277,0.35,0.425,-0.34,0.015,0.272,-0.313,0.589,0.562,0.366,-0.007,0.382,-0.275,0.288,-0.182,-0.281,-0.489,0.345,-0.433,0.09,0.476,0.409,-0.447,0.0,0.211,-0.185,0.383,0.207,-0.318,0.234,-0.124,0.61,0.646,0.564,0.412,0.389,0.243,0.318,0.512,-0.193,0.335,0.738,0.254,-0.288,0.591,-0.166,0.522,0.324,0.01,0.187,0.565,-0.035,0.436,0.154,0.105,0.198,0.423,-0.379,0.258,0.762,-0.005,0.239,0.334,-0.121,0.481,0.638,0.532,0.27,0.468,-0.382,0.325,-0.143,0.008,0.396,0.524,0.367,-0.047,0.013,0.591,0.707,-0.171,0.147,0.479,-0.014,0.183,0.341,0.185,-0.081,0.303,0.314,0.041,-0.161,0.717,0.329,-0.532,0.431,0.308,0.54,-0.276,0.014,0.457,0.381,-0.496,-0.124,-0.197,0.561,-0.378,0.247,0.527,0.58,-0.35,0.661,0.666,0.445,0.387,0.338,0.325,0.19,-0.136,0.53,0.791,-0.462,-0.099,0.131,0.257,0.659,0.236,0.579,0.119,0.455,0.023,-0.05,0.363,0.304,-0.489,-0.411,0.527,0.357,-0.076,0.568,0.614,0.568,0.612,0.187,0.219,0.272,-0.357,0.494,-0.274,-0.087,0.319,0.73,0.709,0.428,0.022,-0.069,-0.45,0.511,-0.34,0.542,0.42,0.297,0.475,-0.069,0.543,0.584,0.373,0.4,-0.053,-0.197,0.626,0.378,-0.117,0.233,0.18,0.595,0.383,-0.253,0.606,0.483,-0.374,0.633,0.058,-0.051,0.657,0.637,0.694,0.354,0.287,-0.431,-0.302,0.405,-0.062,-0.131,0.455
CCOI,0.64,-0.225,0.543,0.537,0.567,0.119,0.621,0.44,-0.237,0.536,0.74,0.435,0.261,0.341,0.794,0.535,0.56,0.364,0.548,0.749,-0.285,0.446,0.669,-0.221,0.738,0.703,0.591,-0.015,0.211,0.0,0.012,0.772,0.796,0.662,0.64,0.732,0.4,0.517,0.388,0.387,0.78,0.505,0.538,0.104,0.688,0.451,0.322,0.451,0.07,0.54,-0.339,0.361,0.677,-0.052,0.489,0.526,0.717,0.723,0.794,0.818,0.709,0.524,0.677,0.6,0.419,0.574,0.763,0.501,-0.549,0.527,-0.325,0.372,0.819,-0.036,0.027,0.157,0.648,0.232,0.642,0.471,0.568,0.644,0.625,0.384,0.012,0.266,-0.084,0.641,0.357,0.863,0.036,0.266,0.046,0.733,0.658,-0.209,0.649,0.461,0.486,0.11,0.565,0.536,0.518,0.336,0.869,0.305,0.657,-0.139,0.409,0.719,0.073,0.093,-0.149,0.526,0.487,-0.667,0.454,0.409,0.683,0.62,0.808,-0.228,0.735,0.498,0.564,0.207,0.231,0.007,0.658,0.656,0.444,0.733,0.291,0.697,0.642,0.347,0.393,0.297,0.783,0.117,0.505,0.568,0.422,0.348,0.289,0.411,0.475,0.623,0.631,0.888,0.589,0.688,0.457,0.404,0.174,0.659,0.206,0.158,0.364,0.589,0.677,-0.243,0.625,-0.016,0.402,0.1,0.732,0.667,0.274,0.435,0.54,0.54,0.445,-0.078,-0.017,0.415,0.526,0.275,0.637,0.534,0.145,0.574,0.082,0.287,0.512,0.67,0.264,-0.229,0.369,0.469,0.478,0.122,-0.241,0.765,0.535,0.564,0.583,0.656,0.697,0.663
CEVA,-0.345,0.67,-0.312,-0.375,-0.549,0.796,-0.157,-0.137,0.518,0.155,-0.178,0.752,-0.56,-0.65,-0.044,0.476,-0.466,0.391,-0.462,-0.067,0.726,0.659,-0.485,0.829,-0.268,-0.162,-0.294,0.83,-0.185,0.012,0.0,-0.311,-0.056,0.415,0.193,0.163,-0.049,-0.369,-0.645,0.246,-0.356,0.079,-0.023,-0.523,0.445,-0.486,-0.424,0.445,0.784,-0.285,0.747,-0.554,-0.155,0.12,0.441,-0.544,-0.118,-0.241,-0.249,-0.232,-0.293,0.205,0.31,0.244,-0.046,-0.248,-0.195,-0.607,0.314,-0.585,0.001,-0.633,-0.27,0.166,0.632,-0.424,-0.07,0.673,-0.524,-0.65,-0.174,0.481,0.632,-0.568,-0.316,0.674,0.612,-0.453,0.409,-0.09,0.564,-0.477,0.801,-0.33,-0.415,0.596,0.187,-0.492,-0.735,0.78,-0.031,-0.408,-0.5,0.57,-0.02,-0.623,0.138,0.732,0.76,0.399,0.121,0.898,0.377,-0.453,-0.524,0.526,-0.475,-0.09,-0.479,-0.216,0.11,0.488,-0.002,0.571,-0.5,-0.466,0.677,0.652,-0.094,0.02,-0.445,-0.202,-0.625,0.42,-0.48,0.462,0.571,-0.203,0.05,0.73,0.446,-0.618,0.568,0.792,-0.494,-0.339,-0.568,-0.384,-0.447,-0.058,-0.49,0.496,-0.54,0.822,0.672,-0.348,-0.181,0.019,0.284,0.146,0.27,0.744,-0.396,0.813,-0.379,0.353,-0.107,-0.484,0.727,-0.489,-0.426,-0.643,0.015,0.731,0.833,-0.024,0.486,0.761,-0.434,0.521,0.192,0.513,0.742,-0.313,-0.433,0.408,-0.489,0.211,0.633,-0.422,-0.423,-0.603,0.492,0.144,0.521,0.511,-0.357,0.357,0.116,-0.462
