,AAPL,ACRS,ADP,AFYA,AGNC,AGYS,ALT,AMGN,AMPH,AMZN,ANIP,AOSL,APDN,APLT,APVO,ARGX,ARLP,ATEX,ATRA,AUTL,AVDL,BCRX,BHAT,BLBD,BMRN,BNGO,BUSE,CAKE,CASY,CCOI,CEVA,CHY,CLDX,CLMT,COHU,COLM,COST,CPRT,CSWC,CSX,DBX,DCOM,DKNG,DMLP,DOX,EA,EDIT,ENPH,ENSG,ERNA,ESGR,ETNB,EXTR,FANG,FARO,FATE,FGEN,FIVE,FIVN,FLGT,FOLD,FORM,FOXA,FRPT,FSLR,FTAI,GBDC,GDYN,GGAL,GNLN,GRFS,GT,HCAT,HCM,HFWA,HOLX,HQY,HUBG,IAC,ICLR,IDCC,IEP,IHRT,ILMN,ILPT,IMAB,IMOS,INMD,INTZ,JAZZ,JKHY,JRVR,KIDS,LBRDK,LGND,LMAT,LPLA,LULU,MASI,MAT,MATW,MBIN,MBIO,MCRB,MDB,MDLZ,MELI,MIRM,MLKN,MNMD,MNRO,MPWR,MRCY,MRSN,MTVA,NAAS,NDAQ,NDSN,NEGG,NOVT,NVDA,NWE,NWSA,NXST,OCX,ODFL,OMAB,OPCH,OPRA,ORGO,OTRK,OZK,PAGP,PCH,PEGA,PENG,PENN,PFBC,PGNY,PHAT,PHUN,PINC,PLUG,PLXS,PYPL,QLYS,QNCX,QQQX,QVCGA,RAPT,RBBN,RCKT,REPL,RMBS,ROAD,ROKU,ROP,RUSHA,SANM,SATS,SBCF,SBLK,SBUX,SCHL,SCSC,SDGR,SEIC,SFIX,SGRY,SKYW,SLP,SNES,STAA,STLD,STOK,SWKS,TER,TFIN,TIGO,TILE,TPIC,TTEC,TTEK,TTGT,UXIN,VERU,VLYPP,VNOM,VRNS,VRSN,WDAY,WERN,WINA,WKHS,WRLD,XP,XTKG,YY,ZION,ZM
AAPL,0.0,0.808,0.891,-0.041,0.469,0.799,0.78,0.701,0.858,0.832,0.593,0.742,0.796,0.599,0.859,0.69,-0.398,0.885,0.872,0.808,0.833,0.782,0.846,0.91,0.497,0.884,0.833,0.269,0.728,0.903,0.064,0.785,0.838,-0.501,-0.248,0.774,0.886,0.903,0.451,0.57,0.858,0.701,0.816,-0.424,0.909,0.56,0.827,0.627,0.76,0.838,0.856,0.788,0.784,0.543,0.732,0.861,0.819,0.893,0.49,0.84,0.878,-0.31,0.893,0.737,0.799,0.735,0.78,0.048,0.893,0.874,-0.381,0.464,0.88,0.803,0.082,0.755,0.849,-0.619,0.904,0.897,0.738,0.157,0.872,0.88,0.803,0.743,0.785,0.898,0.039,0.681,0.834,0.702,0.839,0.805,0.885,0.873,0.844,0.83,0.814,-0.623,0.539,0.879,0.853,0.844,0.878,-0.242,0.839,0.584,0.851,0.804,0.385,0.02,0.826,0.736,0.792,-0.222,0.887,0.74,0.602,0.756,0.929,0.69,0.823,0.915,0.748,-0.438,0.841,0.492,-0.046,0.931,0.735,0.532,0.749,-0.435,0.716,0.582,0.57,0.807,0.885,0.778,0.781,0.208,0.88,-0.355,0.819,0.808,0.757,0.912,0.631,0.86,-0.265,0.897,0.766,0.664,0.673,0.79,0.553,-0.547,-0.349,0.87,0.29,0.036,0.88,0.857,-0.094,0.882,0.845,0.41,0.634,0.557,0.841,0.658,0.777,0.581,0.833,0.81,0.561,0.809,0.875,0.135,0.666,0.833,0.893,0.867,0.789,0.329,0.079,0.679,0.788,0.797,0.882,-0.666,0.75,0.838,0.696,0.822,0.372,0.25,0.909,0.827
ACRS,0.808,0.0,0.767,-0.219,0.311,0.692,0.754,0.886,0.888,0.936,0.763,0.611,0.95,0.589,0.867,0.788,-0.657,0.912,0.855,0.855,0.906,0.755,0.899,0.929,0.311,0.87,0.843,0.287,0.792,0.872,-0.302,0.88,0.928,-0.61,-0.626,0.873,0.919,0.772,0.354,0.356,0.838,0.774,0.773,-0.688,0.92,0.637,0.761,0.517,0.845,0.882,0.853,0.884,0.921,0.304,0.926,0.948,0.843,0.919,0.295,0.714,0.928,-0.651,0.941,0.872,0.679,0.864,0.706,-0.075,0.874,0.837,-0.512,0.316,0.945,0.876,0.038,0.609,0.936,-0.847,0.91,0.773,0.558,-0.03,0.925,0.889,0.934,0.515,0.701,0.906,-0.246,0.811,0.912,0.628,0.804,0.925,0.895,0.82,0.884,0.857,0.766,-0.844,0.349,0.916,0.863,0.873,0.888,-0.409,0.804,0.796,0.757,0.731,0.399,-0.196,0.831,0.816,0.953,-0.116,0.936,0.56,0.52,0.552,0.865,0.7,0.814,0.912,0.711,-0.67,0.802,0.152,-0.429,0.8,0.759,0.54,0.555,-0.692,0.561,0.518,0.472,0.834,0.893,0.769,0.753,0.12,0.891,-0.712,0.737,0.819,0.784,0.912,0.596,0.943,-0.538,0.95,0.832,0.494,0.716,0.682,0.426,-0.786,-0.603,0.906,0.119,-0.028,0.736,0.871,-0.263,0.874,0.748,0.182,0.466,0.596,0.886,0.695,0.6,0.583,0.857,0.78,0.419,0.739,0.971,-0.143,0.549,0.898,0.91,0.886,0.814,0.543,-0.149,0.556,0.885,0.916,0.828,-0.845,0.832,0.811,0.667,0.885,0.249,-0.056,0.88,0.701
ADP,0.891,0.767,0.0,0.11,0.215,0.7,0.738,0.704,0.838,0.87,0.596,0.703,0.817,0.696,0.779,0.562,-0.463,0.863,0.783,0.782,0.762,0.73,0.732,0.852,0.542,0.812,0.793,0.297,0.765,0.839,-0.006,0.762,0.863,-0.329,-0.399,0.859,0.906,0.895,0.365,0.486,0.801,0.747,0.733,-0.414,0.88,0.674,0.75,0.539,0.822,0.801,0.705,0.784,0.676,0.299,0.76,0.88,0.822,0.86,0.34,0.815,0.878,-0.471,0.835,0.797,0.678,0.792,0.721,-0.181,0.802,0.729,-0.516,0.455,0.848,0.865,0.038,0.53,0.836,-0.707,0.888,0.742,0.499,-0.041,0.822,0.885,0.839,0.699,0.625,0.878,-0.073,0.775,0.843,0.77,0.874,0.774,0.841,0.901,0.757,0.793,0.666,-0.642,0.389,0.874,0.836,0.824,0.89,-0.283,0.895,0.654,0.827,0.679,0.357,-0.183,0.715,0.635,0.727,-0.089,0.845,0.758,0.714,0.795,0.817,0.649,0.841,0.842,0.668,-0.414,0.852,0.291,-0.108,0.844,0.619,0.547,0.595,-0.417,0.607,0.394,0.613,0.721,0.907,0.757,0.857,0.173,0.835,-0.458,0.735,0.851,0.759,0.891,0.69,0.858,-0.336,0.847,0.802,0.466,0.639,0.578,0.791,-0.529,-0.412,0.849,0.149,-0.084,0.737,0.815,-0.18,0.801,0.873,0.308,0.531,0.509,0.835,0.702,0.703,0.641,0.799,0.805,0.599,0.675,0.818,-0.047,0.538,0.853,0.912,0.847,0.819,0.447,-0.108,0.454,0.81,0.873,0.893,-0.713,0.591,0.804,0.627,0.833,0.301,0.12,0.773,0.713
AFYA,-0.041,-0.219,0.11,0.0,-0.388,0.252,-0.055,-0.41,-0.171,-0.137,0.007,0.423,-0.229,0.343,0.049,-0.271,0.293,-0.1,-0.157,-0.127,-0.212,-0.133,-0.271,-0.12,0.477,-0.07,-0.125,0.3,0.005,-0.26,0.579,-0.012,-0.052,0.542,0.351,0.039,-0.054,0.086,0.038,0.13,0.081,-0.229,0.118,0.274,-0.161,0.086,-0.142,0.139,0.004,-0.214,-0.187,-0.335,-0.343,-0.121,-0.349,-0.078,-0.131,-0.013,0.369,0.221,-0.123,0.367,-0.066,0.015,0.088,-0.194,-0.231,-0.48,-0.088,-0.251,-0.215,0.567,-0.188,-0.038,-0.234,-0.162,-0.046,0.224,-0.063,-0.05,-0.203,0.067,0.053,0.106,-0.211,0.172,-0.163,-0.116,0.342,0.164,-0.072,0.245,0.017,-0.36,-0.058,0.139,0.029,0.146,-0.34,0.33,-0.23,-0.123,-0.126,-0.126,0.062,-0.011,0.145,-0.275,0.188,-0.17,0.223,0.202,-0.142,-0.159,-0.263,0.216,-0.161,0.309,0.381,0.433,-0.016,-0.348,0.229,-0.121,-0.055,0.535,0.007,0.389,0.481,0.029,-0.277,-0.032,-0.017,0.49,0.303,0.028,0.545,-0.11,0.027,0.277,0.188,0.046,0.034,0.492,0.022,0.193,-0.106,-0.04,0.404,-0.111,0.684,-0.152,0.095,0.179,0.246,-0.061,0.378,0.484,0.516,0.033,0.004,0.268,-0.08,-0.059,0.131,-0.193,0.205,0.329,0.188,0.034,0.031,0.346,0.022,0.211,-0.256,0.18,0.309,-0.06,-0.186,0.198,-0.142,0.025,0.028,0.072,-0.058,-0.063,0.228,-0.036,-0.005,-0.153,0.118,0.125,-0.291,-0.045,0.297,-0.043,0.327,0.498,-0.103,0.121
AGNC,0.469,0.311,0.215,-0.388,0.0,0.254,0.543,0.234,0.413,0.157,-0.198,0.101,0.237,0.143,0.295,0.564,0.15,0.291,0.611,0.494,0.336,0.498,0.41,0.273,0.222,0.527,0.31,-0.494,-0.044,0.578,-0.166,0.04,0.237,-0.526,0.202,-0.032,0.18,0.343,-0.007,0.08,0.267,0.031,0.513,-0.06,0.314,-0.213,0.614,0.644,0.054,0.487,0.586,0.452,0.323,0.826,0.242,0.194,0.426,0.197,0.378,0.138,0.258,0.044,0.316,-0.09,0.613,0.046,0.529,0.635,0.502,0.678,0.196,-0.104,0.376,0.071,-0.078,0.747,0.153,-0.023,0.378,0.599,0.776,0.367,0.247,0.223,0.149,0.306,0.626,0.437,0.447,-0.162,0.125,-0.055,0.179,0.4,0.414,0.168,0.246,0.118,0.735,-0.119,0.355,0.218,0.346,0.415,0.19,-0.255,0.233,0.301,0.07,0.723,-0.288,0.367,0.583,0.553,0.308,-0.75,0.425,-0.024,0.094,0.068,0.525,0.266,0.053,0.458,0.664,-0.493,0.3,0.19,0.139,0.534,0.683,-0.003,0.519,-0.365,0.176,0.167,-0.147,0.243,0.221,0.267,0.21,-0.081,0.375,-0.064,0.57,0.008,0.489,0.307,0.063,0.299,-0.226,0.391,-0.002,0.457,0.037,0.728,-0.214,-0.301,-0.19,0.159,0.205,0.081,0.61,0.35,-0.22,0.545,0.254,0.459,0.266,-0.24,0.08,-0.155,0.533,-0.275,0.498,0.126,-0.14,0.625,0.402,0.314,0.738,0.051,0.161,0.28,0.259,-0.272,0.225,0.716,0.046,0.122,0.257,-0.113,0.468,0.491,0.065,0.212,0.06,0.212,0.5,0.51
AGYS,0.799,0.692,0.7,0.252,0.254,0.0,0.732,0.42,0.759,0.664,0.596,0.895,0.635,0.63,0.795,0.528,-0.252,0.734,0.73,0.722,0.703,0.783,0.645,0.745,0.663,0.838,0.604,0.514,0.59,0.664,0.297,0.728,0.75,-0.313,-0.171,0.687,0.714,0.769,0.186,0.423,0.883,0.382,0.874,-0.425,0.684,0.51,0.749,0.658,0.629,0.708,0.714,0.531,0.599,0.389,0.524,0.762,0.741,0.823,0.757,0.816,0.737,-0.145,0.804,0.683,0.809,0.552,0.507,-0.237,0.707,0.738,-0.601,0.623,0.734,0.661,-0.175,0.587,0.755,-0.492,0.804,0.76,0.521,0.071,0.842,0.842,0.596,0.718,0.588,0.756,0.242,0.631,0.709,0.638,0.77,0.559,0.834,0.807,0.828,0.886,0.544,-0.483,0.293,0.664,0.706,0.76,0.842,-0.45,0.797,0.452,0.78,0.719,0.41,0.096,0.671,0.73,0.627,-0.152,0.749,0.63,0.683,0.817,0.844,0.285,0.859,0.783,0.678,-0.274,0.731,0.588,0.173,0.847,0.623,0.316,0.601,-0.317,0.866,0.501,0.751,0.611,0.777,0.894,0.805,-0.018,0.824,-0.159,0.779,0.864,0.662,0.741,0.779,0.75,0.089,0.779,0.727,0.647,0.761,0.773,0.486,-0.368,-0.115,0.807,0.111,0.118,0.686,0.808,-0.171,0.765,0.71,0.624,0.595,0.536,0.818,0.775,0.57,0.525,0.689,0.847,0.511,0.703,0.749,0.093,0.533,0.795,0.777,0.882,0.738,0.391,0.198,0.581,0.755,0.589,0.847,-0.653,0.533,0.786,0.835,0.738,0.661,0.575,0.753,0.905
ALT,0.78,0.754,0.738,-0.055,0.543,0.732,0.0,0.567,0.908,0.727,0.305,0.554,0.77,0.678,0.757,0.643,-0.398,0.768,0.92,0.935,0.783,0.84,0.719,0.718,0.585,0.931,0.599,0.037,0.376,0.842,-0.236,0.555,0.773,-0.694,-0.387,0.603,0.717,0.841,-0.077,0.072,0.789,0.396,0.883,-0.551,0.722,0.323,0.926,0.738,0.624,0.936,0.818,0.833,0.637,0.403,0.686,0.77,0.941,0.74,0.608,0.629,0.823,-0.472,0.763,0.61,0.809,0.623,0.596,0.039,0.845,0.897,-0.531,0.155,0.878,0.716,-0.361,0.661,0.693,-0.67,0.91,0.83,0.561,-0.113,0.76,0.808,0.691,0.636,0.626,0.913,0.217,0.476,0.693,0.539,0.735,0.79,0.921,0.679,0.68,0.684,0.795,-0.692,0.278,0.703,0.868,0.953,0.835,-0.678,0.871,0.639,0.549,0.902,-0.003,-0.21,0.772,0.766,0.727,-0.606,0.903,0.429,0.772,0.613,0.898,0.374,0.643,0.816,0.902,-0.731,0.685,0.206,0.021,0.871,0.904,0.105,0.453,-0.716,0.693,0.134,0.363,0.512,0.807,0.795,0.858,-0.286,0.843,-0.498,0.968,0.685,0.97,0.766,0.653,0.867,-0.384,0.864,0.624,0.384,0.448,0.833,0.519,-0.709,-0.569,0.676,-0.126,-0.261,0.703,0.822,-0.542,0.94,0.697,0.517,0.273,0.155,0.688,0.565,0.591,0.156,0.943,0.79,0.152,0.781,0.805,-0.201,0.738,0.713,0.773,0.889,0.882,0.292,0.124,0.517,0.726,0.671,0.884,-0.789,0.566,0.949,0.468,0.855,0.299,0.235,0.796,0.852
AMGN,0.701,0.886,0.704,-0.41,0.234,0.42,0.567,0.0,0.779,0.885,0.729,0.345,0.895,0.425,0.717,0.717,-0.73,0.836,0.71,0.706,0.826,0.583,0.866,0.86,0.016,0.68,0.827,0.173,0.779,0.792,-0.452,0.783,0.834,-0.601,-0.683,0.795,0.876,0.656,0.434,0.393,0.631,0.867,0.504,-0.648,0.877,0.566,0.588,0.274,0.851,0.772,0.731,0.864,0.895,0.206,0.947,0.843,0.7,0.797,-0.028,0.569,0.856,-0.749,0.807,0.796,0.437,0.858,0.675,0.071,0.763,0.69,-0.331,0.094,0.851,0.83,0.224,0.534,0.844,-0.834,0.771,0.634,0.486,-0.034,0.752,0.725,0.93,0.359,0.602,0.799,-0.481,0.745,0.844,0.564,0.708,0.923,0.734,0.682,0.729,0.661,0.72,-0.844,0.371,0.885,0.799,0.733,0.73,-0.166,0.642,0.794,0.643,0.542,0.385,-0.325,0.719,0.647,0.892,-0.019,0.817,0.5,0.292,0.379,0.684,0.834,0.64,0.777,0.522,-0.661,0.714,-0.008,-0.609,0.614,0.635,0.608,0.46,-0.687,0.304,0.451,0.235,0.818,0.801,0.494,0.552,0.243,0.727,-0.788,0.524,0.636,0.657,0.829,0.364,0.837,-0.741,0.836,0.742,0.314,0.494,0.454,0.381,-0.788,-0.676,0.776,0.184,-0.117,0.62,0.751,-0.144,0.737,0.634,-0.12,0.384,0.586,0.754,0.507,0.535,0.564,0.755,0.606,0.362,0.615,0.864,-0.18,0.399,0.775,0.817,0.684,0.69,0.525,-0.278,0.389,0.776,0.9,0.649,-0.725,0.78,0.62,0.424,0.782,0.013,-0.376,0.762,0.445
AMPH,0.858,0.888,0.838,-0.171,0.413,0.759,0.908,0.779,0.0,0.88,0.569,0.589,0.916,0.663,0.83,0.718,-0.566,0.897,0.919,0.956,0.915,0.884,0.859,0.873,0.49,0.943,0.743,0.194,0.622,0.91,-0.26,0.745,0.917,-0.662,-0.568,0.781,0.882,0.864,0.106,0.259,0.846,0.624,0.826,-0.61,0.877,0.523,0.906,0.599,0.803,0.979,0.842,0.911,0.799,0.342,0.855,0.92,0.973,0.876,0.451,0.699,0.951,-0.625,0.896,0.799,0.751,0.822,0.689,-0.044,0.872,0.907,-0.585,0.203,0.97,0.867,-0.18,0.655,0.85,-0.828,0.965,0.837,0.555,-0.142,0.861,0.901,0.869,0.642,0.667,0.96,-0.05,0.685,0.862,0.672,0.846,0.906,0.965,0.809,0.797,0.799,0.797,-0.838,0.372,0.856,0.944,0.979,0.924,-0.568,0.881,0.79,0.7,0.85,0.2,-0.317,0.804,0.826,0.863,-0.348,0.96,0.522,0.683,0.64,0.896,0.582,0.776,0.902,0.839,-0.741,0.802,0.219,-0.194,0.878,0.846,0.292,0.538,-0.746,0.663,0.289,0.407,0.67,0.904,0.799,0.866,-0.108,0.88,-0.652,0.873,0.819,0.933,0.883,0.624,0.961,-0.511,0.955,0.786,0.371,0.591,0.743,0.585,-0.805,-0.644,0.843,-0.053,-0.225,0.72,0.933,-0.435,0.957,0.727,0.313,0.386,0.432,0.844,0.667,0.624,0.407,0.973,0.826,0.276,0.749,0.919,-0.211,0.661,0.86,0.899,0.923,0.948,0.488,-0.039,0.497,0.869,0.844,0.92,-0.88,0.665,0.928,0.556,0.935,0.357,0.103,0.844,0.805
AMZN,0.832,0.936,0.87,-0.137,0.157,0.664,0.727,0.885,0.88,0.0,0.79,0.606,0.965,0.589,0.832,0.664,-0.69,0.952,0.793,0.805,0.896,0.717,0.87,0.945,0.299,0.804,0.837,0.357,0.839,0.842,-0.27,0.899,0.916,-0.535,-0.675,0.954,0.972,0.805,0.4,0.411,0.846,0.872,0.693,-0.624,0.935,0.691,0.7,0.424,0.909,0.863,0.767,0.876,0.859,0.176,0.908,0.962,0.835,0.943,0.182,0.747,0.954,-0.687,0.912,0.942,0.584,0.949,0.707,-0.145,0.861,0.762,-0.56,0.313,0.94,0.959,0.036,0.482,0.952,-0.912,0.918,0.724,0.459,-0.077,0.903,0.893,0.975,0.526,0.631,0.897,-0.349,0.874,0.959,0.742,0.832,0.928,0.87,0.864,0.866,0.863,0.693,-0.869,0.317,0.97,0.886,0.864,0.927,-0.337,0.864,0.761,0.809,0.636,0.42,-0.338,0.759,0.692,0.903,-0.009,0.926,0.646,0.577,0.608,0.834,0.741,0.836,0.871,0.612,-0.589,0.823,0.169,-0.414,0.758,0.677,0.573,0.522,-0.647,0.532,0.476,0.504,0.823,0.925,0.724,0.797,0.124,0.869,-0.712,0.706,0.864,0.771,0.924,0.61,0.944,-0.556,0.925,0.862,0.408,0.664,0.544,0.629,-0.75,-0.614,0.919,0.074,-0.098,0.666,0.869,-0.207,0.83,0.812,0.086,0.438,0.631,0.912,0.756,0.547,0.671,0.842,0.836,0.492,0.673,0.917,-0.236,0.445,0.94,0.957,0.884,0.833,0.598,-0.199,0.42,0.934,0.987,0.879,-0.871,0.755,0.769,0.621,0.925,0.219,-0.132,0.84,0.641
ANIP,0.593,0.763,0.596,0.007,-0.198,0.596,0.305,0.729,0.569,0.79,0.0,0.616,0.721,0.41,0.716,0.487,-0.625,0.751,0.451,0.455,0.702,0.409,0.72,0.815,0.095,0.505,0.727,0.683,0.892,0.51,0.013,0.909,0.742,-0.225,-0.552,0.854,0.809,0.529,0.575,0.604,0.656,0.784,0.426,-0.537,0.753,0.721,0.313,0.095,0.817,0.499,0.555,0.512,0.75,0.011,0.703,0.771,0.465,0.83,0.104,0.69,0.722,-0.47,0.77,0.88,0.322,0.787,0.431,-0.313,0.569,0.433,-0.456,0.497,0.664,0.774,0.273,0.31,0.866,-0.691,0.611,0.497,0.238,0.012,0.788,0.72,0.79,0.429,0.428,0.57,-0.46,0.892,0.845,0.702,0.661,0.633,0.586,0.737,0.802,0.806,0.361,-0.641,0.288,0.79,0.596,0.518,0.713,-0.024,0.562,0.527,0.777,0.248,0.784,-0.172,0.505,0.494,0.744,0.437,0.608,0.661,0.286,0.532,0.553,0.634,0.791,0.651,0.244,-0.199,0.658,0.283,-0.459,0.489,0.315,0.687,0.454,-0.307,0.455,0.681,0.602,0.812,0.722,0.578,0.504,0.376,0.634,-0.479,0.313,0.785,0.345,0.729,0.487,0.682,-0.247,0.68,0.825,0.435,0.725,0.285,0.411,-0.442,-0.269,0.834,0.283,0.175,0.427,0.661,0.13,0.496,0.597,-0.081,0.572,0.909,0.825,0.738,0.358,0.853,0.452,0.691,0.626,0.411,0.708,-0.074,0.082,0.828,0.776,0.649,0.527,0.605,-0.202,0.303,0.795,0.776,0.607,-0.637,0.621,0.408,0.726,0.681,0.308,-0.082,0.636,0.396
AOSL,0.742,0.611,0.703,0.423,0.101,0.895,0.554,0.345,0.589,0.606,0.616,0.0,0.536,0.592,0.74,0.427,-0.181,0.653,0.596,0.559,0.581,0.607,0.539,0.69,0.63,0.719,0.608,0.55,0.663,0.554,0.444,0.739,0.669,-0.092,-0.052,0.704,0.679,0.717,0.36,0.539,0.792,0.427,0.771,-0.326,0.65,0.583,0.578,0.595,0.586,0.534,0.601,0.404,0.517,0.344,0.437,0.698,0.573,0.774,0.66,0.836,0.641,-0.019,0.749,0.653,0.746,0.469,0.442,-0.41,0.624,0.572,-0.588,0.808,0.609,0.601,-0.013,0.48,0.723,-0.384,0.697,0.647,0.452,0.082,0.809,0.805,0.534,0.696,0.539,0.646,0.209,0.666,0.656,0.629,0.724,0.428,0.696,0.817,0.789,0.867,0.413,-0.324,0.267,0.628,0.579,0.594,0.77,-0.259,0.718,0.306,0.823,0.558,0.544,0.232,0.596,0.559,0.535,0.046,0.628,0.75,0.65,0.844,0.742,0.311,0.894,0.718,0.537,-0.047,0.713,0.586,0.17,0.774,0.425,0.475,0.614,-0.068,0.807,0.607,0.875,0.639,0.723,0.841,0.733,0.187,0.773,-0.031,0.631,0.845,0.479,0.702,0.856,0.637,0.245,0.667,0.699,0.714,0.827,0.646,0.529,-0.169,0.072,0.789,0.252,0.264,0.677,0.675,0.008,0.618,0.759,0.579,0.676,0.592,0.778,0.769,0.583,0.674,0.511,0.77,0.697,0.623,0.657,0.203,0.388,0.761,0.739,0.786,0.591,0.319,0.053,0.566,0.675,0.559,0.764,-0.514,0.506,0.645,0.896,0.617,0.572,0.569,0.681,0.782
APDN,0.796,0.95,0.817,-0.229,0.237,0.635,0.77,0.895,0.916,0.965,0.721,0.536,0.0,0.59,0.818,0.727,-0.689,0.927,0.837,0.855,0.903,0.766,0.871,0.911,0.321,0.837,0.794,0.258,0.758,0.862,-0.36,0.853,0.913,-0.601,-0.697,0.889,0.93,0.782,0.298,0.315,0.813,0.806,0.717,-0.63,0.908,0.625,0.76,0.462,0.879,0.905,0.783,0.925,0.868,0.216,0.939,0.946,0.872,0.9,0.207,0.676,0.954,-0.725,0.904,0.897,0.621,0.915,0.703,-0.084,0.859,0.802,-0.548,0.229,0.955,0.928,-0.028,0.522,0.91,-0.921,0.924,0.737,0.465,-0.101,0.879,0.877,0.96,0.494,0.65,0.915,-0.321,0.811,0.921,0.671,0.807,0.951,0.888,0.811,0.828,0.818,0.735,-0.894,0.306,0.928,0.895,0.893,0.902,-0.44,0.846,0.842,0.734,0.687,0.304,-0.369,0.778,0.735,0.924,-0.125,0.941,0.533,0.573,0.547,0.83,0.712,0.777,0.882,0.676,-0.698,0.792,0.107,-0.434,0.763,0.728,0.469,0.501,-0.733,0.509,0.413,0.407,0.764,0.903,0.713,0.8,0.053,0.863,-0.781,0.728,0.811,0.822,0.901,0.557,0.955,-0.624,0.937,0.83,0.347,0.621,0.581,0.553,-0.832,-0.701,0.878,0.007,-0.152,0.67,0.871,-0.323,0.862,0.736,0.111,0.376,0.559,0.866,0.711,0.556,0.557,0.889,0.781,0.376,0.68,0.929,-0.253,0.53,0.892,0.922,0.87,0.864,0.591,-0.191,0.435,0.915,0.952,0.856,-0.888,0.74,0.81,0.555,0.921,0.189,-0.136,0.83,0.643
APLT,0.599,0.589,0.696,0.343,0.143,0.63,0.678,0.425,0.663,0.589,0.41,0.592,0.59,0.0,0.726,0.478,-0.49,0.557,0.693,0.737,0.59,0.51,0.543,0.562,0.738,0.692,0.503,0.247,0.475,0.634,-0.045,0.476,0.733,-0.267,-0.337,0.577,0.635,0.776,0.032,0.165,0.567,0.325,0.673,-0.459,0.607,0.577,0.647,0.411,0.629,0.646,0.622,0.592,0.486,0.132,0.582,0.66,0.7,0.596,0.506,0.613,0.683,-0.398,0.672,0.57,0.538,0.512,0.298,-0.314,0.568,0.536,-0.456,0.352,0.647,0.624,-0.089,0.482,0.582,-0.531,0.7,0.634,0.202,-0.211,0.655,0.782,0.596,0.633,0.429,0.705,0.103,0.552,0.615,0.689,0.681,0.508,0.705,0.626,0.489,0.567,0.468,-0.522,0.394,0.595,0.681,0.711,0.684,-0.46,0.719,0.498,0.545,0.574,0.3,-0.15,0.504,0.562,0.553,-0.232,0.647,0.642,0.82,0.687,0.643,0.298,0.695,0.668,0.659,-0.404,0.493,0.109,0.132,0.693,0.583,0.269,0.278,-0.393,0.555,0.13,0.516,0.456,0.732,0.82,0.712,-0.042,0.614,-0.349,0.67,0.642,0.718,0.721,0.706,0.722,-0.142,0.661,0.752,0.344,0.488,0.546,0.618,-0.465,-0.308,0.6,0.042,-0.222,0.525,0.615,-0.503,0.653,0.603,0.373,0.282,0.333,0.593,0.575,0.584,0.336,0.641,0.705,0.324,0.45,0.607,-0.093,0.469,0.614,0.703,0.726,0.68,0.199,0.068,0.304,0.562,0.569,0.693,-0.606,0.337,0.76,0.56,0.681,0.328,0.191,0.575,0.634
APVO,0.859,0.867,0.779,0.049,0.295,0.795,0.757,0.717,0.83,0.832,0.716,0.74,0.818,0.726,0.0,0.762,-0.583,0.866,0.863,0.824,0.855,0.663,0.867,0.889,0.48,0.865,0.814,0.402,0.738,0.83,0.004,0.845,0.884,-0.541,-0.382,0.8,0.876,0.872,0.368,0.465,0.799,0.638,0.812,-0.605,0.882,0.624,0.76,0.511,0.809,0.805,0.891,0.769,0.86,0.38,0.796,0.881,0.792,0.902,0.502,0.848,0.895,-0.395,0.925,0.81,0.713,0.741,0.54,-0.108,0.846,0.808,-0.424,0.478,0.884,0.801,0.075,0.732,0.9,-0.703,0.877,0.87,0.565,0.031,0.934,0.926,0.837,0.74,0.709,0.884,-0.034,0.765,0.875,0.729,0.854,0.786,0.894,0.856,0.853,0.849,0.742,-0.704,0.517,0.871,0.86,0.847,0.876,-0.323,0.825,0.624,0.797,0.708,0.533,-0.05,0.785,0.71,0.872,-0.16,0.866,0.755,0.639,0.761,0.884,0.615,0.852,0.911,0.719,-0.479,0.752,0.364,-0.162,0.875,0.743,0.519,0.61,-0.515,0.731,0.555,0.615,0.835,0.919,0.855,0.764,0.186,0.87,-0.454,0.77,0.826,0.75,0.913,0.67,0.9,-0.259,0.92,0.894,0.629,0.71,0.761,0.48,-0.617,-0.385,0.872,0.271,-0.022,0.765,0.83,-0.208,0.863,0.795,0.367,0.593,0.652,0.877,0.738,0.706,0.562,0.791,0.865,0.543,0.743,0.871,0.023,0.56,0.87,0.914,0.897,0.798,0.327,0.106,0.584,0.817,0.79,0.846,-0.733,0.732,0.82,0.766,0.868,0.335,0.17,0.904,0.746
ARGX,0.69,0.788,0.562,-0.271,0.564,0.528,0.643,0.717,0.718,0.664,0.487,0.427,0.727,0.478,0.762,0.0,-0.441,0.717,0.837,0.769,0.724,0.64,0.781,0.706,0.289,0.754,0.708,0.055,0.566,0.814,-0.22,0.643,0.72,-0.532,-0.294,0.544,0.665,0.658,0.328,0.338,0.594,0.555,0.712,-0.452,0.734,0.411,0.755,0.53,0.59,0.719,0.823,0.804,0.825,0.564,0.764,0.698,0.665,0.659,0.306,0.585,0.707,-0.393,0.788,0.523,0.662,0.569,0.634,0.282,0.726,0.784,-0.07,0.252,0.758,0.57,0.168,0.752,0.688,-0.56,0.723,0.772,0.666,0.239,0.74,0.701,0.693,0.504,0.845,0.769,-0.054,0.531,0.68,0.318,0.626,0.767,0.756,0.632,0.663,0.595,0.838,-0.596,0.471,0.689,0.707,0.707,0.621,-0.285,0.619,0.781,0.549,0.678,0.198,0.097,0.814,0.734,0.81,-0.316,0.758,0.414,0.325,0.45,0.759,0.628,0.541,0.832,0.727,-0.6,0.594,0.144,-0.289,0.743,0.749,0.451,0.609,-0.561,0.39,0.534,0.292,0.697,0.702,0.633,0.535,0.219,0.731,-0.538,0.621,0.521,0.653,0.766,0.329,0.742,-0.468,0.798,0.632,0.572,0.557,0.746,0.121,-0.676,-0.493,0.648,0.322,0.027,0.757,0.631,-0.242,0.768,0.575,0.34,0.473,0.423,0.597,0.408,0.757,0.271,0.72,0.53,0.339,0.741,0.771,0.189,0.736,0.575,0.663,0.667,0.603,0.196,0.02,0.667,0.591,0.648,0.597,-0.517,0.701,0.721,0.469,0.659,0.125,0.021,0.781,0.592
ARLP,-0.398,-0.657,-0.463,0.293,0.15,-0.252,-0.398,-0.73,-0.566,-0.69,-0.625,-0.181,-0.689,-0.49,-0.583,-0.441,0.0,-0.535,-0.455,-0.551,-0.612,-0.259,-0.597,-0.585,-0.05,-0.423,-0.497,-0.348,-0.592,-0.517,0.484,-0.556,-0.673,0.561,0.803,-0.634,-0.651,-0.545,-0.16,-0.038,-0.386,-0.626,-0.231,0.802,-0.626,-0.681,-0.352,0.182,-0.674,-0.541,-0.465,-0.656,-0.712,0.327,-0.78,-0.669,-0.542,-0.564,0.116,-0.43,-0.7,0.758,-0.589,-0.707,-0.035,-0.732,-0.176,0.224,-0.407,-0.358,0.336,0.043,-0.633,-0.686,-0.254,-0.182,-0.623,0.777,-0.558,-0.332,0.026,0.495,-0.535,-0.591,-0.777,-0.259,-0.214,-0.566,0.655,-0.614,-0.687,-0.537,-0.593,-0.658,-0.526,-0.462,-0.386,-0.427,-0.359,0.836,-0.436,-0.663,-0.651,-0.589,-0.559,0.169,-0.473,-0.512,-0.441,-0.231,-0.395,0.604,-0.302,-0.306,-0.668,-0.095,-0.571,-0.478,-0.377,-0.294,-0.383,-0.549,-0.513,-0.515,-0.257,0.55,-0.277,0.287,0.499,-0.342,-0.408,-0.409,0.052,0.654,-0.252,-0.092,-0.189,-0.53,-0.617,-0.393,-0.382,-0.096,-0.398,0.772,-0.31,-0.523,-0.496,-0.629,-0.318,-0.689,0.662,-0.607,-0.747,0.046,-0.293,-0.168,-0.409,0.762,0.682,-0.557,0.015,0.553,-0.247,-0.471,0.287,-0.511,-0.334,0.301,0.015,-0.57,-0.614,-0.469,-0.226,-0.393,-0.571,-0.56,-0.217,-0.195,-0.555,0.451,-0.086,-0.65,-0.654,-0.531,-0.578,-0.444,0.253,0.127,-0.628,-0.702,-0.473,0.648,-0.435,-0.475,-0.284,-0.67,0.113,0.467,-0.453,-0.177
ATEX,0.885,0.912,0.863,-0.1,0.291,0.734,0.768,0.836,0.897,0.952,0.751,0.653,0.927,0.557,0.866,0.717,-0.535,0.0,0.845,0.818,0.911,0.778,0.904,0.965,0.33,0.851,0.852,0.33,0.792,0.871,-0.166,0.898,0.895,-0.534,-0.518,0.894,0.958,0.812,0.421,0.503,0.874,0.828,0.769,-0.527,0.926,0.568,0.756,0.548,0.886,0.884,0.83,0.855,0.841,0.363,0.846,0.933,0.842,0.96,0.328,0.784,0.937,-0.557,0.927,0.892,0.696,0.902,0.764,-0.026,0.921,0.839,-0.501,0.361,0.948,0.92,-0.03,0.621,0.952,-0.819,0.924,0.83,0.603,0.1,0.928,0.894,0.918,0.622,0.721,0.908,-0.173,0.827,0.938,0.718,0.812,0.921,0.904,0.875,0.927,0.889,0.775,-0.794,0.33,0.954,0.889,0.873,0.93,-0.352,0.876,0.746,0.815,0.706,0.412,-0.207,0.844,0.752,0.897,-0.092,0.932,0.633,0.547,0.655,0.9,0.742,0.824,0.904,0.684,-0.558,0.882,0.345,-0.319,0.828,0.728,0.532,0.666,-0.608,0.614,0.566,0.514,0.85,0.927,0.756,0.819,0.122,0.919,-0.596,0.765,0.853,0.784,0.914,0.583,0.926,-0.455,0.944,0.815,0.518,0.678,0.662,0.561,-0.691,-0.534,0.922,0.15,0.036,0.727,0.904,-0.162,0.866,0.843,0.212,0.562,0.616,0.899,0.762,0.624,0.623,0.849,0.845,0.491,0.764,0.927,-0.105,0.542,0.909,0.942,0.892,0.84,0.519,-0.07,0.568,0.923,0.922,0.905,-0.827,0.778,0.783,0.647,0.919,0.303,0.031,0.908,0.722
ATRA,0.872,0.855,0.783,-0.157,0.611,0.73,0.92,0.71,0.919,0.793,0.451,0.596,0.837,0.693,0.863,0.837,-0.455,0.845,0.0,0.941,0.846,0.837,0.838,0.817,0.537,0.959,0.743,0.074,0.551,0.945,-0.2,0.678,0.85,-0.656,-0.358,0.667,0.799,0.873,0.157,0.275,0.791,0.548,0.892,-0.543,0.837,0.443,0.949,0.713,0.688,0.934,0.918,0.894,0.799,0.55,0.806,0.838,0.917,0.805,0.532,0.711,0.876,-0.461,0.871,0.651,0.831,0.681,0.706,0.125,0.892,0.95,-0.377,0.248,0.92,0.735,-0.089,0.796,0.783,-0.676,0.927,0.904,0.699,0.065,0.841,0.861,0.78,0.674,0.792,0.955,0.113,0.567,0.776,0.55,0.801,0.86,0.948,0.76,0.76,0.732,0.908,-0.704,0.457,0.801,0.888,0.935,0.84,-0.519,0.851,0.746,0.646,0.912,0.142,-0.052,0.881,0.836,0.84,-0.495,0.933,0.53,0.66,0.637,0.941,0.577,0.701,0.933,0.912,-0.714,0.746,0.227,-0.102,0.933,0.914,0.335,0.623,-0.679,0.63,0.372,0.394,0.693,0.87,0.816,0.806,-0.026,0.885,-0.541,0.901,0.698,0.917,0.874,0.615,0.906,-0.43,0.935,0.716,0.553,0.568,0.881,0.413,-0.736,-0.549,0.765,0.12,-0.118,0.846,0.841,-0.43,0.967,0.742,0.478,0.444,0.331,0.743,0.553,0.769,0.292,0.937,0.76,0.308,0.838,0.896,-0.006,0.803,0.744,0.829,0.885,0.841,0.257,0.063,0.673,0.738,0.753,0.85,-0.737,0.726,0.942,0.562,0.843,0.285,0.164,0.888,0.836
AUTL,0.808,0.855,0.782,-0.127,0.494,0.722,0.935,0.706,0.956,0.805,0.455,0.559,0.855,0.737,0.824,0.769,-0.551,0.818,0.941,0.0,0.849,0.852,0.804,0.791,0.572,0.948,0.688,0.108,0.527,0.902,-0.295,0.65,0.887,-0.661,-0.508,0.687,0.804,0.868,0.027,0.156,0.795,0.519,0.863,-0.609,0.817,0.508,0.941,0.633,0.723,0.96,0.84,0.913,0.778,0.366,0.819,0.869,0.969,0.795,0.516,0.661,0.897,-0.589,0.868,0.699,0.768,0.732,0.629,-0.017,0.836,0.897,-0.51,0.198,0.931,0.79,-0.192,0.68,0.768,-0.753,0.941,0.828,0.534,-0.167,0.828,0.886,0.808,0.638,0.684,0.951,0.032,0.6,0.791,0.599,0.798,0.852,0.946,0.744,0.713,0.724,0.808,-0.791,0.384,0.779,0.909,0.972,0.868,-0.614,0.863,0.766,0.626,0.878,0.104,-0.25,0.8,0.834,0.832,-0.462,0.934,0.483,0.725,0.622,0.886,0.499,0.725,0.89,0.892,-0.754,0.722,0.151,-0.097,0.883,0.881,0.238,0.477,-0.748,0.649,0.218,0.394,0.596,0.866,0.834,0.846,-0.142,0.847,-0.624,0.899,0.751,0.953,0.861,0.628,0.938,-0.497,0.926,0.76,0.38,0.571,0.803,0.524,-0.803,-0.642,0.772,-0.064,-0.293,0.724,0.854,-0.521,0.955,0.689,0.404,0.323,0.323,0.774,0.604,0.655,0.28,0.964,0.784,0.228,0.737,0.879,-0.168,0.744,0.777,0.837,0.9,0.915,0.376,0.017,0.505,0.785,0.771,0.877,-0.821,0.612,0.968,0.534,0.9,0.282,0.142,0.813,0.816
AVDL,0.833,0.906,0.762,-0.212,0.336,0.703,0.783,0.826,0.915,0.896,0.702,0.581,0.903,0.59,0.855,0.724,-0.612,0.911,0.846,0.849,0.0,0.737,0.956,0.921,0.301,0.85,0.811,0.249,0.709,0.867,-0.271,0.827,0.877,-0.671,-0.592,0.814,0.911,0.794,0.285,0.386,0.797,0.726,0.731,-0.596,0.909,0.527,0.759,0.484,0.835,0.901,0.876,0.864,0.864,0.34,0.859,0.894,0.845,0.903,0.332,0.684,0.926,-0.614,0.918,0.84,0.672,0.842,0.646,-0.017,0.88,0.842,-0.521,0.219,0.947,0.868,-0.044,0.669,0.901,-0.837,0.905,0.846,0.567,-0.06,0.887,0.878,0.899,0.609,0.688,0.891,-0.146,0.736,0.905,0.705,0.766,0.91,0.887,0.781,0.845,0.817,0.777,-0.848,0.415,0.909,0.892,0.888,0.878,-0.423,0.792,0.714,0.724,0.726,0.39,-0.283,0.81,0.743,0.918,-0.201,0.926,0.582,0.543,0.558,0.86,0.728,0.779,0.901,0.742,-0.69,0.797,0.248,-0.328,0.797,0.769,0.418,0.613,-0.678,0.609,0.469,0.377,0.792,0.878,0.739,0.745,0.018,0.853,-0.655,0.776,0.783,0.813,0.893,0.546,0.926,-0.498,0.933,0.798,0.426,0.605,0.675,0.495,-0.776,-0.618,0.871,0.105,-0.066,0.696,0.907,-0.301,0.877,0.731,0.16,0.458,0.578,0.843,0.671,0.594,0.521,0.874,0.809,0.32,0.722,0.912,-0.164,0.527,0.867,0.899,0.868,0.842,0.453,-0.07,0.54,0.871,0.854,0.852,-0.857,0.77,0.804,0.594,0.91,0.278,-0.005,0.886,0.694
BCRX,0.782,0.755,0.73,-0.133,0.498,0.783,0.84,0.583,0.884,0.717,0.409,0.607,0.766,0.51,0.663,0.64,-0.259,0.778,0.837,0.852,0.737,0.0,0.662,0.725,0.588,0.895,0.579,0.173,0.497,0.792,-0.073,0.61,0.789,-0.46,-0.353,0.628,0.702,0.712,0.016,0.197,0.858,0.453,0.838,-0.402,0.698,0.403,0.909,0.721,0.58,0.871,0.686,0.739,0.632,0.435,0.659,0.8,0.893,0.752,0.568,0.615,0.776,-0.409,0.766,0.622,0.798,0.647,0.745,-0.007,0.751,0.854,-0.553,0.272,0.816,0.692,-0.286,0.565,0.682,-0.604,0.854,0.721,0.598,0.001,0.736,0.755,0.66,0.532,0.648,0.837,0.12,0.53,0.67,0.46,0.727,0.741,0.888,0.715,0.749,0.746,0.701,-0.62,0.233,0.664,0.775,0.859,0.828,-0.602,0.786,0.734,0.632,0.886,0.013,-0.087,0.758,0.874,0.68,-0.338,0.837,0.332,0.591,0.58,0.833,0.359,0.678,0.794,0.782,-0.593,0.758,0.309,-0.008,0.827,0.762,0.177,0.54,-0.597,0.638,0.288,0.442,0.502,0.74,0.749,0.822,-0.174,0.812,-0.453,0.806,0.751,0.82,0.717,0.597,0.803,-0.32,0.828,0.59,0.423,0.608,0.762,0.423,-0.623,-0.448,0.742,-0.126,-0.086,0.696,0.826,-0.347,0.861,0.619,0.482,0.359,0.267,0.73,0.608,0.555,0.292,0.87,0.686,0.246,0.72,0.82,-0.083,0.697,0.717,0.73,0.835,0.823,0.5,-0.001,0.568,0.749,0.673,0.824,-0.724,0.55,0.863,0.541,0.754,0.499,0.332,0.713,0.868
BHAT,0.846,0.899,0.732,-0.271,0.41,0.645,0.719,0.866,0.859,0.87,0.72,0.539,0.871,0.543,0.867,0.781,-0.597,0.904,0.838,0.804,0.956,0.662,0.0,0.935,0.193,0.815,0.882,0.193,0.739,0.881,-0.274,0.828,0.853,-0.689,-0.52,0.781,0.905,0.78,0.421,0.501,0.738,0.761,0.689,-0.596,0.935,0.479,0.708,0.458,0.851,0.858,0.92,0.86,0.901,0.432,0.859,0.851,0.772,0.885,0.284,0.679,0.898,-0.564,0.916,0.793,0.656,0.812,0.673,0.116,0.896,0.843,-0.36,0.223,0.923,0.825,0.098,0.772,0.899,-0.78,0.861,0.886,0.657,0.077,0.874,0.841,0.89,0.613,0.759,0.865,-0.155,0.709,0.892,0.679,0.727,0.914,0.843,0.757,0.845,0.776,0.836,-0.798,0.5,0.918,0.865,0.83,0.812,-0.266,0.722,0.691,0.717,0.697,0.472,-0.178,0.833,0.739,0.94,-0.198,0.895,0.614,0.416,0.519,0.852,0.811,0.739,0.902,0.715,-0.649,0.79,0.29,-0.378,0.788,0.765,0.518,0.661,-0.639,0.555,0.585,0.333,0.873,0.864,0.68,0.64,0.165,0.83,-0.618,0.732,0.71,0.746,0.899,0.462,0.89,-0.506,0.914,0.777,0.514,0.558,0.693,0.388,-0.737,-0.579,0.846,0.284,0.013,0.744,0.871,-0.194,0.854,0.722,0.122,0.555,0.618,0.799,0.587,0.662,0.533,0.823,0.754,0.364,0.763,0.904,-0.03,0.54,0.816,0.873,0.802,0.764,0.375,-0.04,0.61,0.812,0.833,0.783,-0.767,0.846,0.746,0.572,0.864,0.208,-0.062,0.931,0.651
BLBD,0.91,0.929,0.852,-0.12,0.273,0.745,0.718,0.86,0.873,0.945,0.815,0.69,0.911,0.562,0.889,0.706,-0.585,0.965,0.817,0.791,0.921,0.725,0.935,0.0,0.299,0.839,0.895,0.379,0.849,0.869,-0.121,0.921,0.906,-0.558,-0.511,0.903,0.976,0.831,0.492,0.564,0.869,0.85,0.746,-0.579,0.963,0.625,0.715,0.491,0.902,0.852,0.855,0.831,0.881,0.357,0.857,0.939,0.803,0.978,0.335,0.811,0.944,-0.519,0.948,0.904,0.685,0.89,0.74,-0.046,0.904,0.823,-0.493,0.407,0.939,0.92,0.088,0.659,0.972,-0.795,0.911,0.842,0.619,0.07,0.939,0.906,0.93,0.646,0.727,0.892,-0.207,0.844,0.954,0.762,0.827,0.907,0.883,0.887,0.931,0.903,0.766,-0.787,0.431,0.968,0.883,0.846,0.918,-0.252,0.827,0.686,0.868,0.687,0.544,-0.168,0.827,0.741,0.912,-0.036,0.918,0.716,0.513,0.667,0.886,0.784,0.865,0.917,0.655,-0.521,0.872,0.37,-0.328,0.831,0.7,0.61,0.677,-0.557,0.653,0.634,0.549,0.907,0.924,0.752,0.762,0.212,0.9,-0.563,0.738,0.867,0.733,0.94,0.598,0.919,-0.42,0.938,0.852,0.561,0.706,0.666,0.544,-0.661,-0.486,0.95,0.25,0.052,0.761,0.905,-0.089,0.854,0.835,0.185,0.61,0.706,0.92,0.745,0.659,0.705,0.82,0.846,0.543,0.757,0.94,-0.043,0.504,0.934,0.956,0.883,0.808,0.523,-0.085,0.578,0.911,0.914,0.88,-0.802,0.828,0.766,0.702,0.904,0.307,0.036,0.926,0.722
BMRN,0.497,0.311,0.542,0.477,0.222,0.663,0.585,0.016,0.49,0.299,0.095,0.63,0.321,0.738,0.48,0.289,-0.05,0.33,0.537,0.572,0.301,0.588,0.193,0.299,0.0,0.591,0.193,0.248,0.214,0.428,0.328,0.239,0.488,-0.009,0.041,0.317,0.335,0.598,-0.143,0.054,0.535,-0.001,0.662,-0.102,0.31,0.409,0.637,0.535,0.254,0.457,0.356,0.304,0.175,0.221,0.211,0.45,0.578,0.382,0.707,0.525,0.422,0.022,0.447,0.294,0.576,0.212,0.266,-0.322,0.345,0.439,-0.412,0.477,0.394,0.344,-0.283,0.321,0.295,-0.189,0.523,0.463,0.201,-0.108,0.444,0.575,0.24,0.554,0.337,0.496,0.405,0.291,0.314,0.432,0.523,0.197,0.561,0.508,0.335,0.455,0.277,-0.159,0.273,0.277,0.438,0.538,0.536,-0.484,0.586,0.297,0.445,0.586,0.026,0.11,0.337,0.482,0.22,-0.264,0.431,0.413,0.779,0.669,0.518,-0.07,0.54,0.481,0.567,-0.128,0.358,0.324,0.533,0.629,0.404,-0.015,0.245,-0.11,0.604,0.031,0.603,0.117,0.461,0.739,0.668,-0.148,0.46,0.038,0.596,0.548,0.546,0.445,0.658,0.46,0.218,0.437,0.474,0.344,0.464,0.548,0.487,-0.154,0.008,0.422,-0.109,-0.134,0.449,0.431,-0.366,0.494,0.423,0.66,0.226,0.101,0.418,0.504,0.483,0.134,0.476,0.534,0.285,0.326,0.377,0.076,0.504,0.397,0.439,0.588,0.525,0.101,0.198,0.308,0.354,0.261,0.585,-0.359,0.071,0.672,0.509,0.422,0.531,0.617,0.344,0.694
BNGO,0.884,0.87,0.812,-0.07,0.527,0.838,0.931,0.68,0.943,0.804,0.505,0.719,0.837,0.692,0.865,0.754,-0.423,0.851,0.959,0.948,0.85,0.895,0.815,0.839,0.591,0.0,0.743,0.182,0.585,0.91,-0.103,0.725,0.883,-0.61,-0.368,0.723,0.823,0.886,0.119,0.292,0.871,0.525,0.94,-0.58,0.843,0.487,0.95,0.759,0.716,0.94,0.89,0.851,0.781,0.499,0.786,0.88,0.942,0.857,0.623,0.766,0.891,-0.442,0.897,0.708,0.888,0.684,0.687,-0.024,0.884,0.941,-0.542,0.357,0.929,0.771,-0.162,0.751,0.82,-0.682,0.955,0.883,0.664,-0.022,0.886,0.908,0.779,0.703,0.736,0.962,0.156,0.618,0.794,0.594,0.849,0.829,0.972,0.817,0.823,0.824,0.837,-0.694,0.374,0.798,0.891,0.951,0.903,-0.569,0.887,0.709,0.712,0.925,0.203,-0.058,0.867,0.868,0.829,-0.431,0.941,0.559,0.712,0.714,0.954,0.501,0.799,0.931,0.903,-0.654,0.811,0.301,-0.055,0.958,0.882,0.325,0.62,-0.638,0.748,0.377,0.519,0.685,0.894,0.876,0.875,-0.071,0.931,-0.493,0.927,0.806,0.912,0.875,0.725,0.92,-0.329,0.947,0.749,0.565,0.661,0.889,0.49,-0.685,-0.481,0.823,0.059,-0.096,0.83,0.893,-0.404,0.977,0.774,0.539,0.493,0.378,0.821,0.648,0.722,0.38,0.938,0.818,0.361,0.848,0.92,-0.036,0.758,0.82,0.863,0.942,0.89,0.363,0.053,0.651,0.799,0.76,0.908,-0.785,0.694,0.963,0.665,0.87,0.399,0.291,0.88,0.914
BUSE,0.833,0.843,0.793,-0.125,0.31,0.604,0.599,0.827,0.743,0.837,0.727,0.608,0.794,0.503,0.814,0.708,-0.497,0.852,0.743,0.688,0.811,0.579,0.882,0.895,0.193,0.743,0.0,0.241,0.835,0.817,-0.093,0.829,0.801,-0.479,-0.358,0.803,0.886,0.783,0.554,0.603,0.703,0.808,0.652,-0.507,0.902,0.571,0.618,0.488,0.822,0.717,0.833,0.759,0.865,0.434,0.806,0.813,0.654,0.856,0.211,0.756,0.825,-0.443,0.864,0.75,0.647,0.733,0.693,0.055,0.833,0.74,-0.299,0.419,0.825,0.778,0.286,0.701,0.879,-0.663,0.791,0.796,0.659,0.17,0.852,0.81,0.858,0.611,0.735,0.809,-0.139,0.731,0.834,0.626,0.753,0.821,0.757,0.786,0.826,0.767,0.761,-0.617,0.481,0.897,0.763,0.709,0.762,-0.058,0.705,0.61,0.788,0.608,0.546,-0.009,0.801,0.649,0.874,-0.053,0.807,0.722,0.376,0.597,0.802,0.816,0.775,0.855,0.598,-0.424,0.853,0.293,-0.331,0.773,0.639,0.722,0.692,-0.418,0.504,0.674,0.488,0.923,0.839,0.632,0.615,0.369,0.821,-0.477,0.628,0.712,0.61,0.889,0.505,0.806,-0.392,0.842,0.753,0.615,0.607,0.623,0.425,-0.512,-0.392,0.835,0.45,0.144,0.777,0.765,-0.001,0.754,0.827,0.171,0.641,0.641,0.785,0.572,0.711,0.652,0.702,0.699,0.637,0.75,0.845,0.147,0.509,0.793,0.853,0.739,0.651,0.33,-0.116,0.614,0.741,0.827,0.723,-0.62,0.828,0.659,0.642,0.758,0.199,-0.022,0.886,0.605
CAKE,0.269,0.287,0.297,0.3,-0.494,0.514,0.037,0.173,0.194,0.357,0.683,0.55,0.258,0.247,0.402,0.055,-0.348,0.33,0.074,0.108,0.249,0.173,0.193,0.379,0.248,0.182,0.241,0.0,0.505,0.05,0.446,0.556,0.357,0.159,-0.224,0.501,0.369,0.264,0.28,0.407,0.431,0.326,0.195,-0.258,0.279,0.6,0.057,-0.16,0.379,0.085,0.118,0.023,0.3,-0.255,0.231,0.404,0.161,0.488,0.276,0.581,0.326,-0.028,0.36,0.559,0.049,0.402,0.014,-0.523,0.076,0.027,-0.398,0.561,0.233,0.394,0.19,-0.087,0.468,-0.263,0.248,0.118,-0.171,-0.083,0.428,0.398,0.325,0.382,-0.007,0.186,-0.231,0.586,0.467,0.487,0.46,0.103,0.273,0.473,0.435,0.534,-0.12,-0.238,0.139,0.33,0.236,0.193,0.438,0.051,0.342,0.075,0.523,-0.07,0.668,-0.05,0.028,0.122,0.247,0.558,0.175,0.512,0.273,0.551,0.204,0.067,0.538,0.241,-0.124,0.246,0.304,0.304,-0.0,0.204,-0.008,0.384,0.1,0.074,0.482,0.37,0.701,0.352,0.385,0.419,0.317,0.196,0.261,0.0,0.033,0.609,0.014,0.304,0.406,0.289,0.224,0.275,0.563,0.263,0.549,0.041,0.361,-0.026,0.157,0.48,0.114,0.033,0.026,0.253,0.221,0.154,0.274,0.073,0.361,0.744,0.575,0.634,0.065,0.641,0.096,0.545,0.614,0.004,0.245,-0.098,-0.182,0.532,0.422,0.398,0.257,0.475,0.037,-0.052,0.482,0.324,0.356,-0.327,0.061,0.15,0.621,0.347,0.437,0.236,0.177,0.23
CASY,0.728,0.792,0.765,0.005,-0.044,0.59,0.376,0.779,0.622,0.839,0.892,0.663,0.758,0.475,0.738,0.566,-0.592,0.792,0.551,0.527,0.709,0.497,0.739,0.849,0.214,0.585,0.835,0.505,0.0,0.665,0.028,0.877,0.799,-0.205,-0.457,0.889,0.873,0.673,0.673,0.617,0.696,0.873,0.505,-0.496,0.845,0.804,0.436,0.235,0.818,0.552,0.613,0.609,0.781,0.134,0.76,0.832,0.535,0.835,0.07,0.771,0.775,-0.454,0.816,0.845,0.431,0.776,0.606,-0.237,0.655,0.522,-0.371,0.571,0.706,0.801,0.395,0.402,0.87,-0.669,0.688,0.56,0.41,0.056,0.804,0.781,0.844,0.482,0.57,0.666,-0.408,0.874,0.831,0.667,0.749,0.698,0.644,0.812,0.797,0.802,0.492,-0.598,0.441,0.868,0.659,0.575,0.744,0.044,0.635,0.569,0.872,0.383,0.702,-0.068,0.605,0.522,0.747,0.352,0.679,0.776,0.352,0.617,0.634,0.769,0.854,0.746,0.335,-0.225,0.723,0.246,-0.418,0.621,0.364,0.83,0.55,-0.262,0.435,0.699,0.652,0.882,0.773,0.6,0.565,0.517,0.708,-0.473,0.39,0.802,0.414,0.832,0.548,0.729,-0.305,0.741,0.839,0.522,0.737,0.377,0.488,-0.435,-0.278,0.865,0.403,0.148,0.625,0.672,0.142,0.57,0.748,0.018,0.601,0.824,0.828,0.696,0.563,0.857,0.53,0.669,0.733,0.528,0.761,0.09,0.265,0.837,0.837,0.682,0.559,0.524,-0.26,0.406,0.771,0.852,0.653,-0.572,0.698,0.511,0.719,0.676,0.23,-0.058,0.718,0.474
CCOI,0.903,0.872,0.839,-0.26,0.578,0.664,0.842,0.792,0.91,0.842,0.51,0.554,0.862,0.634,0.83,0.814,-0.517,0.871,0.945,0.902,0.867,0.792,0.881,0.869,0.428,0.91,0.817,0.05,0.665,0.0,-0.253,0.703,0.863,-0.644,-0.409,0.731,0.861,0.881,0.286,0.384,0.762,0.693,0.812,-0.552,0.91,0.52,0.892,0.625,0.744,0.914,0.911,0.929,0.836,0.528,0.859,0.865,0.884,0.826,0.365,0.704,0.894,-0.511,0.896,0.683,0.771,0.746,0.767,0.161,0.886,0.923,-0.322,0.248,0.927,0.777,0.083,0.785,0.817,-0.707,0.916,0.881,0.725,0.04,0.834,0.858,0.846,0.67,0.822,0.938,-0.011,0.6,0.808,0.581,0.802,0.908,0.903,0.79,0.754,0.715,0.919,-0.725,0.551,0.87,0.891,0.902,0.822,-0.378,0.81,0.751,0.701,0.859,0.223,-0.096,0.883,0.79,0.849,-0.389,0.926,0.598,0.561,0.604,0.902,0.734,0.727,0.951,0.835,-0.698,0.77,0.184,-0.211,0.911,0.848,0.478,0.664,-0.654,0.549,0.432,0.363,0.771,0.864,0.734,0.747,0.113,0.857,-0.598,0.831,0.707,0.853,0.912,0.528,0.9,-0.523,0.935,0.73,0.525,0.546,0.798,0.454,-0.735,-0.59,0.796,0.233,-0.121,0.866,0.837,-0.342,0.937,0.773,0.35,0.476,0.417,0.753,0.51,0.79,0.398,0.918,0.716,0.366,0.797,0.903,0.036,0.772,0.766,0.856,0.835,0.81,0.3,-0.054,0.638,0.745,0.826,0.826,-0.709,0.773,0.89,0.533,0.83,0.189,0.055,0.901,0.762
CEVA,0.064,-0.302,-0.006,0.579,-0.166,0.297,-0.236,-0.452,-0.26,-0.27,0.013,0.444,-0.36,-0.045,0.004,-0.22,0.484,-0.166,-0.2,-0.295,-0.271,-0.073,-0.274,-0.121,0.328,-0.103,-0.093,0.446,0.028,-0.253,0.0,-0.002,-0.187,0.555,0.673,-0.101,-0.168,-0.004,0.19,0.37,0.032,-0.234,0.055,0.387,-0.18,0.058,-0.123,0.085,-0.231,-0.35,-0.165,-0.476,-0.258,0.186,-0.412,-0.172,-0.265,-0.038,0.393,0.306,-0.23,0.742,-0.112,-0.157,0.121,-0.332,-0.139,-0.21,-0.209,-0.191,0.083,0.658,-0.292,-0.237,0.154,-0.006,-0.107,0.478,-0.189,-0.026,0.041,0.316,-0.033,-0.041,-0.332,0.308,-0.043,-0.216,0.436,-0.051,-0.175,0.012,0.049,-0.451,-0.137,0.105,0.029,0.095,-0.26,0.55,0.094,-0.205,-0.251,-0.266,-0.07,0.32,-0.052,-0.403,0.219,-0.139,0.299,0.608,-0.157,-0.165,-0.333,0.293,-0.283,0.298,0.039,0.414,-0.053,-0.281,0.135,-0.107,-0.202,0.708,0.014,0.584,0.568,0.074,-0.307,0.119,0.245,0.713,0.296,0.315,0.526,-0.031,-0.102,0.098,-0.019,0.285,-0.056,0.745,-0.147,0.103,-0.358,-0.123,0.183,-0.276,0.825,-0.197,-0.032,0.421,0.258,0.042,0.024,0.662,0.777,-0.018,0.363,0.429,0.051,-0.17,0.479,-0.208,0.082,0.468,0.413,0.201,0.005,0.11,0.125,0.205,-0.331,0.039,0.514,-0.047,-0.234,0.553,-0.06,-0.065,-0.106,-0.06,-0.21,-0.173,0.312,0.157,-0.166,-0.297,-0.047,0.383,-0.244,-0.147,0.375,-0.254,0.459,0.719,-0.114,0.136
CHY,0.785,0.88,0.762,-0.012,0.04,0.728,0.555,0.783,0.745,0.899,0.909,0.739,0.853,0.476,0.845,0.643,-0.556,0.898,0.678,0.65,0.827,0.61,0.828,0.921,0.239,0.725,0.829,0.556,0.877,0.703,-0.002,0.0,0.827,-0.355,-0.507,0.926,0.909,0.699,0.564,0.614,0.811,0.82,0.668,-0.526,0.877,0.687,0.563,0.387,0.859,0.695,0.729,0.695,0.838,0.246,0.79,0.884,0.66,0.944,0.271,0.813,0.854,-0.475,0.897,0.923,0.599,0.84,0.607,-0.244,0.784,0.66,-0.525,0.551,0.83,0.861,0.147,0.479,0.958,-0.768,0.806,0.692,0.445,0.093,0.93,0.858,0.875,0.566,0.624,0.775,-0.271,0.913,0.926,0.722,0.793,0.77,0.774,0.875,0.928,0.923,0.571,-0.707,0.287,0.899,0.743,0.709,0.866,-0.195,0.769,0.625,0.854,0.495,0.636,-0.118,0.709,0.626,0.866,0.192,0.805,0.692,0.466,0.667,0.778,0.694,0.867,0.827,0.492,-0.348,0.831,0.372,-0.403,0.714,0.516,0.655,0.639,-0.409,0.607,0.703,0.657,0.876,0.873,0.731,0.711,0.307,0.846,-0.514,0.568,0.876,0.556,0.858,0.6,0.83,-0.294,0.849,0.853,0.567,0.811,0.525,0.508,-0.551,-0.355,0.926,0.241,0.172,0.646,0.802,0.019,0.71,0.784,0.146,0.653,0.813,0.927,0.798,0.529,0.824,0.657,0.802,0.655,0.647,0.861,-0.058,0.344,0.924,0.9,0.826,0.709,0.578,-0.106,0.518,0.899,0.879,0.796,-0.756,0.742,0.631,0.801,0.818,0.337,0.027,0.812,0.595
