,AAPL,ACRS,ADP,AFYA,AGNC,AGYS,ALT,AMGN,AMPH,AMZN,ANIP,AOSL,APDN,APLT,APVO,ARGX,ARLP,ATEX,ATRA,AUTL,AVDL,BCRX,BHAT,BLBD,BMRN,BNGO,BUSE,CAKE,CASY,CCOI,CEVA,CHY,CLDX,CLMT,COHU,COLM,COST,CPRT,CSWC,CSX,DBX,DCOM,DKNG,DMLP,DOX,EA,EDIT,ENPH,ENSG,ERNA,ESGR,ETNB,EXTR,FANG,FARO,FATE,FGEN,FIVE,FIVN,FLGT,FOLD,FORM,FOXA,FRPT,FSLR,FTAI,GBDC,GDYN,GGAL,GNLN,GRFS,GT,HCAT,HCM,HFWA,HOLX,HQY,HUBG,IAC,ICLR,IDCC,IEP,IHRT,ILMN,ILPT,IMAB,IMOS,INMD,INTZ,JAZZ,JKHY,JRVR,KIDS,LBRDK,LGND,LMAT,LPLA,LULU,MASI,MAT,MATW,MBIN,MBIO,MCRB,MDB,MDLZ,MELI,MIRM,MLKN,MNMD,MNRO,MPWR,MRCY,MRSN,MTVA,NAAS,NDAQ,NDSN,NEGG,NOVT,NVDA,NWE,NWSA,NXST,OCX,ODFL,OMAB,OPCH,OPRA,ORGO,OTRK,OZK,PAGP,PCH,PEGA,PENG,PENN,PFBC,PGNY,PHAT,PHUN,PINC,PLUG,PLXS,PYPL,QLYS,QNCX,QQQX,QVCGA,RAPT,RBBN,RCKT,REPL,RMBS,ROAD,ROKU,ROP,RUSHA,SANM,SATS,SBCF,SBLK,SBUX,SCHL,SCSC,SDGR,SEIC,SFIX,SGRY,SKYW,SLP,SNES,STAA,STLD,STOK,SWKS,TER,TFIN,TIGO,TILE,TPIC,TTEC,TTEK,TTGT,UXIN,VERU,VLYPP,VNOM,VRNS,VRSN,WDAY,WERN,WINA,WKHS,WRLD,XP,XTKG,YY,ZION,ZM
AAPL,0.0,-0.141,0.974,0.911,0.882,0.743,-0.763,0.804,0.865,0.889,0.865,0.95,0.812,0.484,0.838,-0.634,0.868,0.789,-0.22,0.833,0.049,0.463,0.409,0.914,0.416,0.941,0.864,0.862,0.89,0.872,0.913,0.816,0.385,0.715,0.958,0.909,0.599,0.961,0.848,0.947,0.518,0.926,0.797,0.709,0.949,0.935,0.582,0.506,0.831,0.743,0.785,0.283,0.96,0.678,0.864,0.809,0.286,0.767,0.937,0.779,-0.369,0.934,0.932,0.957,0.862,0.842,0.914,0.833,0.819,0.679,0.789,0.904,0.917,-0.154,0.939,0.818,-0.561,0.643,0.932,0.894,0.742,0.788,0.937,0.849,0.905,-0.425,0.763,0.949,-0.551,0.748,0.922,0.834,0.876,0.901,0.9,0.871,0.82,0.679,0.882,0.921,0.909,0.909,0.374,0.621,0.422,0.917,0.968,0.797,0.887,0.839,0.882,0.887,0.599,-0.008,0.223,-0.024,0.741,0.93,0.728,0.894,0.953,0.792,0.929,0.924,0.282,0.909,0.921,0.924,0.921,0.735,0.919,0.957,0.834,0.832,0.844,0.948,0.842,0.831,0.712,0.552,0.921,0.847,0.922,0.796,0.939,0.937,0.301,0.928,0.881,-0.084,0.521,0.578,0.246,0.937,0.841,0.835,0.909,0.785,0.805,0.928,0.854,0.811,0.866,0.854,0.9,0.703,0.961,0.93,0.873,0.961,0.859,-0.085,0.542,0.933,0.691,0.972,0.977,0.918,0.73,0.837,0.701,0.78,0.91,0.872,0.264,0.452,0.808,0.545,0.934,0.932,0.81,0.807,0.45,0.482,0.89,0.96,-0.822,0.818,0.946,0.235
ACRS,-0.141,0.0,-0.211,-0.13,-0.332,0.478,0.547,-0.597,-0.132,0.218,-0.418,-0.301,-0.464,-0.802,-0.114,0.664,-0.271,0.087,0.767,-0.127,-0.158,0.649,-0.608,-0.327,-0.068,0.036,0.144,-0.256,-0.417,-0.094,0.121,-0.057,-0.408,-0.188,-0.168,0.068,0.45,-0.127,-0.516,-0.256,0.558,-0.029,-0.389,-0.323,-0.297,-0.186,0.611,0.673,-0.493,-0.468,-0.66,0.724,-0.112,-0.069,0.053,0.176,0.733,-0.008,0.014,-0.503,0.788,-0.385,-0.206,-0.226,0.22,0.085,-0.334,0.336,-0.543,-0.558,-0.524,0.102,-0.068,0.78,-0.138,-0.485,0.741,0.009,0.003,-0.085,0.32,-0.448,-0.335,-0.532,-0.396,0.159,0.144,-0.09,0.771,0.158,-0.363,-0.524,0.082,-0.409,-0.24,-0.162,0.279,0.416,-0.372,-0.003,-0.386,-0.083,-0.199,0.374,0.738,-0.38,-0.08,-0.403,0.042,0.023,-0.368,0.219,0.342,0.576,-0.24,0.329,0.416,-0.263,0.053,-0.409,0.084,-0.534,-0.316,-0.106,0.288,-0.167,-0.274,-0.262,-0.268,-0.474,-0.01,-0.273,-0.204,-0.475,0.255,-0.296,0.06,0.08,-0.614,-0.251,-0.392,-0.489,0.157,-0.072,-0.053,-0.037,0.122,-0.136,0.138,0.901,0.464,0.58,0.788,-0.275,-0.2,0.23,-0.477,0.023,-0.064,-0.378,-0.061,-0.404,0.191,-0.344,-0.331,0.376,-0.245,-0.241,-0.453,-0.224,0.179,0.58,0.596,-0.302,0.083,-0.228,-0.247,-0.092,-0.451,-0.225,0.259,0.316,-0.071,0.206,0.591,0.526,-0.208,0.088,-0.078,-0.123,-0.405,-0.446,0.414,0.624,-0.459,-0.177,0.412,-0.527,-0.084,0.783
ADP,0.974,-0.211,0.0,0.921,0.924,0.7,-0.769,0.83,0.83,0.86,0.882,0.966,0.811,0.563,0.837,-0.672,0.898,0.764,-0.272,0.85,-0.026,0.442,0.463,0.938,0.425,0.919,0.829,0.906,0.92,0.901,0.905,0.851,0.386,0.765,0.973,0.916,0.617,0.974,0.893,0.959,0.517,0.917,0.828,0.773,0.961,0.949,0.533,0.491,0.856,0.776,0.831,0.27,0.961,0.73,0.811,0.762,0.225,0.816,0.94,0.778,-0.432,0.961,0.912,0.963,0.849,0.855,0.947,0.782,0.837,0.724,0.813,0.904,0.93,-0.242,0.946,0.838,-0.612,0.698,0.934,0.907,0.745,0.844,0.942,0.872,0.939,-0.452,0.772,0.947,-0.563,0.774,0.956,0.886,0.877,0.947,0.894,0.911,0.811,0.68,0.913,0.924,0.947,0.922,0.382,0.593,0.381,0.931,0.962,0.817,0.905,0.835,0.935,0.87,0.603,-0.065,0.223,0.016,0.71,0.952,0.747,0.937,0.935,0.841,0.938,0.919,0.309,0.939,0.942,0.938,0.937,0.734,0.926,0.976,0.882,0.867,0.833,0.966,0.866,0.811,0.752,0.546,0.919,0.906,0.881,0.833,0.948,0.945,0.353,0.951,0.88,-0.134,0.468,0.556,0.209,0.963,0.884,0.781,0.928,0.822,0.848,0.956,0.827,0.807,0.871,0.867,0.942,0.674,0.982,0.929,0.902,0.966,0.878,-0.127,0.499,0.935,0.651,0.984,0.985,0.927,0.788,0.882,0.726,0.76,0.926,0.836,0.204,0.422,0.782,0.574,0.939,0.957,0.843,0.859,0.472,0.409,0.928,0.972,-0.806,0.849,0.938,0.193
AFYA,0.911,-0.13,0.921,0.0,0.884,0.712,-0.668,0.662,0.725,0.871,0.764,0.926,0.704,0.439,0.769,-0.683,0.872,0.739,-0.311,0.801,-0.103,0.548,0.493,0.882,0.168,0.846,0.75,0.886,0.829,0.817,0.906,0.918,0.152,0.868,0.941,0.933,0.659,0.91,0.812,0.921,0.632,0.848,0.682,0.842,0.876,0.889,0.517,0.562,0.763,0.741,0.716,0.4,0.939,0.838,0.702,0.626,0.173,0.837,0.919,0.591,-0.465,0.857,0.84,0.931,0.8,0.883,0.919,0.776,0.7,0.689,0.688,0.94,0.838,-0.232,0.864,0.717,-0.542,0.763,0.943,0.901,0.832,0.813,0.905,0.756,0.899,-0.562,0.858,0.923,-0.439,0.673,0.909,0.839,0.837,0.89,0.735,0.902,0.776,0.775,0.835,0.937,0.894,0.904,0.172,0.593,0.462,0.802,0.904,0.691,0.949,0.88,0.891,0.894,0.719,-0.188,0.157,0.202,0.666,0.924,0.769,0.835,0.912,0.767,0.903,0.938,0.488,0.915,0.865,0.878,0.892,0.514,0.918,0.918,0.924,0.753,0.846,0.934,0.932,0.705,0.582,0.33,0.812,0.795,0.815,0.875,0.927,0.86,0.449,0.964,0.875,-0.114,0.479,0.608,0.22,0.943,0.915,0.708,0.811,0.858,0.898,0.874,0.664,0.72,0.902,0.707,0.926,0.572,0.938,0.892,0.816,0.952,0.882,0.045,0.598,0.859,0.517,0.945,0.926,0.924,0.684,0.916,0.758,0.718,0.935,0.831,0.167,0.464,0.657,0.753,0.901,0.938,0.763,0.837,0.518,0.454,0.828,0.921,-0.677,0.737,0.861,0.222
AGNC,0.882,-0.332,0.924,0.884,0.0,0.593,-0.746,0.821,0.689,0.727,0.898,0.888,0.765,0.71,0.856,-0.725,0.939,0.777,-0.375,0.923,0.095,0.382,0.63,0.933,0.386,0.804,0.656,0.84,0.859,0.862,0.781,0.901,0.352,0.812,0.862,0.862,0.439,0.886,0.949,0.924,0.478,0.749,0.85,0.848,0.937,0.914,0.431,0.38,0.828,0.868,0.806,0.236,0.878,0.73,0.698,0.655,0.049,0.716,0.871,0.705,-0.502,0.91,0.769,0.9,0.735,0.847,0.944,0.65,0.814,0.839,0.859,0.836,0.888,-0.374,0.83,0.884,-0.777,0.643,0.858,0.922,0.636,0.928,0.929,0.871,0.924,-0.396,0.68,0.836,-0.603,0.637,0.912,0.928,0.854,0.961,0.764,0.922,0.639,0.551,0.966,0.819,0.921,0.867,0.4,0.619,0.323,0.911,0.878,0.868,0.871,0.767,0.882,0.744,0.575,-0.112,0.404,0.152,0.497,0.926,0.806,0.932,0.807,0.905,0.93,0.824,0.415,0.861,0.925,0.818,0.942,0.64,0.835,0.925,0.92,0.89,0.783,0.954,0.849,0.657,0.745,0.57,0.915,0.917,0.739,0.817,0.9,0.829,0.463,0.929,0.776,-0.269,0.256,0.477,0.135,0.945,0.896,0.644,0.885,0.811,0.806,0.917,0.666,0.757,0.784,0.789,0.945,0.561,0.936,0.837,0.921,0.927,0.833,-0.208,0.38,0.848,0.673,0.945,0.925,0.878,0.855,0.902,0.697,0.544,0.845,0.663,-0.011,0.384,0.681,0.562,0.897,0.914,0.872,0.846,0.35,0.189,0.862,0.909,-0.748,0.813,0.812,-0.037
AGYS,0.743,0.478,0.7,0.712,0.593,0.0,-0.216,0.292,0.589,0.868,0.443,0.619,0.34,-0.038,0.642,-0.112,0.585,0.763,0.312,0.667,-0.106,0.858,0.01,0.553,0.26,0.805,0.775,0.603,0.453,0.714,0.849,0.736,-0.027,0.581,0.707,0.839,0.787,0.725,0.403,0.639,0.866,0.726,0.436,0.488,0.605,0.651,0.875,0.9,0.365,0.373,0.266,0.746,0.745,0.64,0.698,0.731,0.691,0.693,0.806,0.276,0.156,0.551,0.617,0.664,0.837,0.786,0.584,0.903,0.3,0.276,0.323,0.851,0.741,0.316,0.686,0.373,-0.027,0.59,0.801,0.751,0.874,0.456,0.569,0.359,0.562,-0.321,0.792,0.733,0.057,0.702,0.574,0.42,0.832,0.571,0.549,0.679,0.869,0.889,0.527,0.782,0.539,0.718,0.223,0.798,0.854,0.511,0.745,0.396,0.821,0.726,0.546,0.903,0.786,0.327,0.071,0.302,0.836,0.629,0.709,0.51,0.839,0.334,0.586,0.72,0.559,0.659,0.632,0.597,0.626,0.236,0.779,0.654,0.65,0.39,0.904,0.633,0.811,0.743,0.179,0.266,0.519,0.424,0.85,0.741,0.771,0.77,0.433,0.752,0.838,0.514,0.655,0.893,0.731,0.638,0.662,0.809,0.444,0.764,0.726,0.543,0.613,0.367,0.886,0.446,0.591,0.787,0.662,0.598,0.448,0.692,0.872,0.279,0.879,0.572,0.632,0.684,0.668,0.719,0.363,0.648,0.811,0.877,0.746,0.838,0.526,0.756,0.439,0.601,0.744,0.734,0.415,0.405,0.725,0.764,0.476,0.69,-0.37,0.343,0.708,0.691
ALT,-0.763,0.547,-0.769,-0.668,-0.746,-0.216,0.0,-0.882,-0.788,-0.542,-0.868,-0.793,-0.871,-0.669,-0.728,0.832,-0.788,-0.565,0.619,-0.639,-0.224,0.021,-0.659,-0.88,-0.429,-0.645,-0.609,-0.678,-0.913,-0.575,-0.557,-0.536,-0.649,-0.529,-0.726,-0.611,-0.126,-0.769,-0.886,-0.838,-0.018,-0.691,-0.758,-0.585,-0.862,-0.833,-0.089,0.037,-0.914,-0.761,-0.865,0.172,-0.757,-0.391,-0.687,-0.571,0.254,-0.459,-0.642,-0.872,0.677,-0.861,-0.778,-0.792,-0.531,-0.607,-0.823,-0.455,-0.967,-0.76,-0.908,-0.593,-0.697,0.547,-0.748,-0.91,0.795,-0.497,-0.678,-0.651,-0.275,-0.746,-0.88,-0.939,-0.798,0.29,-0.409,-0.693,0.834,-0.498,-0.834,-0.815,-0.518,-0.773,-0.785,-0.677,-0.431,-0.188,-0.824,-0.587,-0.874,-0.761,-0.313,-0.262,0.107,-0.883,-0.777,-0.868,-0.58,-0.621,-0.768,-0.49,-0.2,0.304,-0.353,0.319,-0.285,-0.834,-0.465,-0.859,-0.622,-0.897,-0.86,-0.708,0.078,-0.771,-0.817,-0.818,-0.815,-0.875,-0.626,-0.821,-0.648,-0.915,-0.482,-0.818,-0.531,-0.589,-0.891,-0.557,-0.876,-0.866,-0.577,-0.504,-0.728,-0.643,-0.181,-0.67,-0.597,0.548,-0.226,-0.083,0.252,-0.809,-0.653,-0.459,-0.925,-0.491,-0.547,-0.882,-0.747,-0.932,-0.485,-0.872,-0.81,-0.327,-0.811,-0.847,-0.914,-0.795,-0.51,0.234,0.017,-0.869,-0.503,-0.801,-0.824,-0.761,-0.788,-0.66,-0.333,-0.341,-0.66,-0.577,0.163,-0.08,-0.855,-0.271,-0.736,-0.729,-0.891,-0.862,-0.055,0.024,-0.831,-0.8,0.948,-0.851,-0.785,0.299
AMGN,0.804,-0.597,0.83,0.662,0.821,0.292,-0.882,0.0,0.739,0.53,0.936,0.818,0.879,0.81,0.712,-0.733,0.761,0.557,-0.45,0.715,0.136,-0.05,0.524,0.857,0.56,0.698,0.616,0.727,0.898,0.732,0.572,0.548,0.657,0.476,0.756,0.617,0.171,0.788,0.918,0.81,0.03,0.714,0.854,0.568,0.891,0.819,0.177,-0.01,0.89,0.767,0.925,-0.224,0.724,0.384,0.683,0.637,-0.074,0.521,0.685,0.92,-0.553,0.898,0.807,0.799,0.573,0.54,0.819,0.448,0.949,0.756,0.91,0.562,0.775,-0.437,0.792,0.899,-0.811,0.375,0.65,0.666,0.291,0.788,0.861,0.927,0.854,-0.217,0.376,0.728,-0.862,0.565,0.837,0.853,0.647,0.864,0.875,0.7,0.468,0.204,0.87,0.65,0.853,0.7,0.529,0.285,-0.11,0.933,0.763,0.883,0.575,0.544,0.821,0.486,0.164,-0.115,0.342,-0.294,0.366,0.801,0.488,0.889,0.638,0.889,0.833,0.677,-0.085,0.731,0.84,0.791,0.814,0.905,0.645,0.843,0.641,0.906,0.47,0.82,0.505,0.638,0.918,0.696,0.926,0.913,0.64,0.52,0.701,0.731,0.071,0.694,0.57,-0.458,0.124,0.121,-0.166,0.795,0.634,0.546,0.946,0.487,0.525,0.897,0.769,0.841,0.492,0.911,0.793,0.435,0.828,0.791,0.899,0.792,0.53,-0.473,0.015,0.849,0.599,0.816,0.842,0.703,0.83,0.646,0.352,0.403,0.648,0.505,-0.067,0.061,0.791,0.173,0.721,0.719,0.842,0.791,0.077,0.003,0.908,0.792,-0.886,0.9,0.775,-0.226
AMPH,0.865,-0.132,0.83,0.725,0.689,0.589,-0.788,0.739,0.0,0.772,0.757,0.826,0.728,0.364,0.815,-0.59,0.755,0.741,-0.237,0.67,0.061,0.366,0.361,0.82,0.453,0.813,0.863,0.712,0.846,0.698,0.749,0.601,0.529,0.537,0.814,0.766,0.441,0.868,0.737,0.857,0.371,0.835,0.64,0.546,0.843,0.868,0.451,0.374,0.81,0.566,0.731,0.188,0.842,0.499,0.796,0.74,0.2,0.644,0.782,0.77,-0.348,0.818,0.847,0.855,0.744,0.7,0.796,0.77,0.827,0.557,0.742,0.756,0.78,-0.2,0.878,0.77,-0.449,0.614,0.81,0.721,0.552,0.634,0.817,0.793,0.767,-0.34,0.607,0.803,-0.542,0.75,0.822,0.711,0.697,0.729,0.838,0.688,0.752,0.516,0.74,0.744,0.83,0.831,0.294,0.513,0.27,0.849,0.88,0.764,0.727,0.754,0.755,0.743,0.44,-0.062,0.243,-0.252,0.604,0.837,0.596,0.787,0.804,0.737,0.83,0.799,0.073,0.84,0.83,0.872,0.797,0.782,0.761,0.865,0.67,0.783,0.706,0.809,0.66,0.827,0.694,0.485,0.811,0.774,0.825,0.629,0.831,0.816,0.233,0.745,0.774,-0.066,0.438,0.454,0.177,0.802,0.698,0.704,0.845,0.598,0.665,0.855,0.886,0.846,0.688,0.821,0.785,0.562,0.841,0.875,0.82,0.835,0.713,-0.022,0.377,0.895,0.59,0.833,0.86,0.847,0.678,0.679,0.591,0.703,0.79,0.803,0.171,0.451,0.811,0.409,0.799,0.806,0.765,0.748,0.384,0.351,0.781,0.852,-0.841,0.741,0.909,0.199
AMZN,0.889,0.218,0.86,0.871,0.727,0.868,-0.542,0.53,0.772,0.0,0.647,0.825,0.636,0.12,0.724,-0.453,0.761,0.782,-0.02,0.722,-0.109,0.695,0.159,0.766,0.23,0.886,0.91,0.747,0.748,0.799,0.94,0.799,0.088,0.671,0.883,0.949,0.799,0.879,0.624,0.838,0.721,0.901,0.537,0.62,0.813,0.85,0.717,0.756,0.626,0.499,0.499,0.571,0.894,0.683,0.799,0.765,0.479,0.755,0.909,0.491,-0.156,0.755,0.793,0.835,0.935,0.843,0.772,0.939,0.577,0.412,0.525,0.953,0.854,0.073,0.869,0.56,-0.262,0.719,0.932,0.803,0.89,0.582,0.797,0.593,0.734,-0.508,0.865,0.888,-0.263,0.749,0.773,0.602,0.842,0.72,0.726,0.796,0.867,0.848,0.694,0.919,0.76,0.896,0.117,0.651,0.654,0.716,0.887,0.586,0.916,0.909,0.764,0.954,0.803,0.106,0.066,0.163,0.865,0.819,0.677,0.687,0.954,0.557,0.778,0.866,0.377,0.864,0.776,0.825,0.8,0.474,0.895,0.839,0.77,0.599,0.921,0.814,0.851,0.776,0.395,0.313,0.723,0.623,0.918,0.755,0.9,0.866,0.304,0.865,0.903,0.208,0.715,0.781,0.491,0.827,0.749,0.804,0.699,0.789,0.801,0.763,0.781,0.67,0.949,0.688,0.778,0.752,0.85,0.822,0.671,0.865,0.9,0.184,0.728,0.79,0.601,0.86,0.856,0.889,0.483,0.747,0.769,0.878,0.913,0.941,0.438,0.57,0.672,0.653,0.849,0.878,0.642,0.684,0.628,0.694,0.688,0.849,-0.62,0.55,0.884,0.508
ANIP,0.865,-0.418,0.882,0.764,0.898,0.443,-0.868,0.936,0.757,0.647,0.0,0.854,0.878,0.738,0.801,-0.684,0.834,0.689,-0.37,0.823,0.125,0.147,0.527,0.935,0.604,0.777,0.687,0.777,0.896,0.794,0.695,0.675,0.629,0.558,0.811,0.736,0.295,0.866,0.941,0.865,0.244,0.773,0.903,0.615,0.934,0.894,0.361,0.184,0.886,0.804,0.847,-0.022,0.803,0.442,0.783,0.744,0.05,0.609,0.819,0.897,-0.448,0.917,0.839,0.855,0.711,0.701,0.883,0.577,0.927,0.762,0.917,0.691,0.867,-0.334,0.842,0.925,-0.796,0.445,0.758,0.779,0.445,0.821,0.922,0.926,0.872,-0.208,0.465,0.806,-0.751,0.662,0.853,0.858,0.785,0.881,0.897,0.791,0.567,0.358,0.938,0.753,0.881,0.781,0.538,0.47,0.115,0.955,0.86,0.919,0.702,0.629,0.822,0.62,0.301,-0.004,0.374,-0.136,0.485,0.865,0.648,0.923,0.748,0.912,0.904,0.769,0.061,0.802,0.893,0.803,0.888,0.86,0.738,0.885,0.723,0.934,0.626,0.885,0.657,0.691,0.888,0.728,0.954,0.923,0.753,0.592,0.8,0.808,0.207,0.783,0.709,-0.334,0.241,0.294,0.018,0.866,0.712,0.67,0.934,0.587,0.596,0.922,0.794,0.839,0.617,0.92,0.848,0.586,0.889,0.837,0.922,0.853,0.685,-0.391,0.19,0.875,0.705,0.887,0.898,0.785,0.859,0.719,0.527,0.479,0.717,0.598,0.038,0.239,0.824,0.253,0.841,0.802,0.872,0.8,0.149,0.133,0.889,0.874,-0.874,0.891,0.834,-0.105
AOSL,0.95,-0.301,0.966,0.926,0.888,0.619,-0.793,0.818,0.826,0.825,0.854,0.0,0.839,0.571,0.759,-0.754,0.869,0.685,-0.411,0.769,-0.075,0.376,0.495,0.93,0.301,0.874,0.794,0.935,0.934,0.849,0.892,0.822,0.35,0.778,0.979,0.883,0.577,0.948,0.885,0.958,0.444,0.915,0.763,0.785,0.932,0.913,0.413,0.41,0.895,0.753,0.862,0.183,0.948,0.742,0.759,0.655,0.108,0.826,0.909,0.784,-0.549,0.957,0.919,0.965,0.803,0.788,0.951,0.726,0.842,0.719,0.794,0.873,0.862,-0.336,0.939,0.811,-0.609,0.694,0.924,0.858,0.721,0.825,0.944,0.878,0.954,-0.558,0.784,0.951,-0.599,0.68,0.953,0.896,0.793,0.94,0.864,0.873,0.757,0.656,0.879,0.922,0.95,0.903,0.28,0.461,0.268,0.889,0.924,0.774,0.881,0.854,0.953,0.847,0.565,-0.226,0.135,0.006,0.64,0.94,0.661,0.905,0.911,0.828,0.947,0.938,0.255,0.948,0.91,0.965,0.918,0.729,0.922,0.971,0.875,0.848,0.765,0.963,0.83,0.757,0.754,0.419,0.898,0.88,0.833,0.816,0.911,0.924,0.282,0.934,0.834,-0.25,0.407,0.462,0.065,0.96,0.879,0.686,0.93,0.764,0.839,0.96,0.779,0.843,0.825,0.851,0.942,0.548,0.973,0.937,0.896,0.963,0.802,-0.143,0.446,0.959,0.506,0.972,0.979,0.91,0.736,0.875,0.673,0.726,0.932,0.815,0.114,0.304,0.741,0.615,0.893,0.932,0.825,0.89,0.416,0.378,0.951,0.956,-0.807,0.859,0.918,0.129
APDN,0.812,-0.464,0.811,0.704,0.765,0.34,-0.871,0.879,0.728,0.636,0.878,0.839,0.0,0.65,0.638,-0.746,0.74,0.522,-0.499,0.636,0.111,0.019,0.423,0.848,0.405,0.713,0.651,0.71,0.89,0.687,0.646,0.576,0.525,0.51,0.781,0.661,0.265,0.773,0.846,0.807,0.077,0.783,0.756,0.551,0.863,0.8,0.195,0.077,0.856,0.697,0.821,-0.14,0.755,0.407,0.719,0.606,-0.057,0.503,0.707,0.848,-0.558,0.865,0.815,0.795,0.655,0.572,0.811,0.518,0.885,0.652,0.8,0.627,0.74,-0.351,0.789,0.809,-0.711,0.391,0.701,0.635,0.398,0.693,0.878,0.868,0.806,-0.404,0.491,0.752,-0.788,0.469,0.799,0.763,0.615,0.785,0.834,0.679,0.474,0.286,0.813,0.703,0.824,0.741,0.331,0.234,-0.032,0.859,0.76,0.788,0.613,0.654,0.789,0.574,0.301,-0.169,0.196,-0.229,0.445,0.787,0.417,0.811,0.7,0.791,0.825,0.739,-0.109,0.755,0.799,0.817,0.794,0.838,0.698,0.818,0.64,0.806,0.515,0.813,0.534,0.591,0.805,0.532,0.881,0.804,0.678,0.516,0.719,0.726,-0.001,0.689,0.594,-0.439,0.299,0.175,-0.154,0.805,0.61,0.536,0.899,0.477,0.54,0.861,0.762,0.875,0.567,0.88,0.778,0.435,0.82,0.811,0.831,0.798,0.545,-0.351,0.116,0.845,0.509,0.822,0.842,0.728,0.668,0.625,0.359,0.462,0.703,0.61,0.029,0.022,0.761,0.272,0.73,0.718,0.783,0.79,0.074,0.152,0.857,0.785,-0.838,0.821,0.78,-0.142
APLT,0.484,-0.802,0.563,0.439,0.71,-0.038,-0.669,0.81,0.364,0.12,0.738,0.571,0.65,0.0,0.505,-0.661,0.587,0.291,-0.571,0.568,0.174,-0.248,0.688,0.646,0.398,0.381,0.141,0.571,0.618,0.516,0.249,0.453,0.546,0.441,0.462,0.307,-0.148,0.484,0.801,0.56,-0.155,0.321,0.76,0.555,0.619,0.526,-0.109,-0.28,0.715,0.773,0.798,-0.379,0.439,0.332,0.321,0.263,-0.388,0.359,0.394,0.717,-0.635,0.654,0.493,0.565,0.192,0.327,0.645,0.039,0.733,0.801,0.792,0.266,0.484,-0.593,0.436,0.769,-0.881,0.175,0.345,0.517,0.016,0.783,0.623,0.776,0.687,-0.109,0.129,0.441,-0.742,0.224,0.623,0.793,0.415,0.721,0.567,0.566,0.128,-0.054,0.741,0.343,0.635,0.39,0.526,0.134,-0.327,0.703,0.453,0.717,0.335,0.224,0.621,0.15,-0.057,-0.297,0.382,-0.14,-0.026,0.569,0.417,0.728,0.288,0.803,0.632,0.402,0.036,0.437,0.614,0.488,0.611,0.654,0.393,0.575,0.531,0.752,0.178,0.616,0.328,0.274,0.813,0.55,0.697,0.779,0.254,0.391,0.436,0.443,0.162,0.488,0.251,-0.644,-0.304,-0.157,-0.413,0.573,0.529,0.226,0.706,0.326,0.34,0.668,0.331,0.544,0.198,0.611,0.616,0.125,0.575,0.499,0.728,0.537,0.281,-0.566,-0.19,0.566,0.359,0.57,0.567,0.424,0.781,0.542,0.203,-0.012,0.356,0.106,-0.383,-0.136,0.463,0.105,0.475,0.471,0.655,0.599,-0.164,-0.33,0.7,0.537,-0.589,0.771,0.406,-0.525
APVO,0.838,-0.114,0.837,0.769,0.856,0.642,-0.728,0.712,0.815,0.724,0.801,0.759,0.638,0.505,0.0,-0.557,0.863,0.871,-0.162,0.898,0.178,0.503,0.566,0.856,0.523,0.791,0.729,0.699,0.768,0.758,0.704,0.782,0.489,0.675,0.748,0.813,0.386,0.863,0.827,0.867,0.532,0.695,0.768,0.68,0.871,0.898,0.571,0.45,0.744,0.768,0.673,0.364,0.84,0.6,0.751,0.779,0.172,0.627,0.817,0.664,-0.282,0.792,0.729,0.848,0.719,0.856,0.828,0.72,0.779,0.728,0.836,0.805,0.846,-0.219,0.775,0.858,-0.635,0.655,0.808,0.894,0.562,0.819,0.832,0.809,0.781,-0.186,0.581,0.757,-0.467,0.744,0.827,0.799,0.817,0.804,0.737,0.809,0.715,0.528,0.86,0.699,0.825,0.856,0.441,0.769,0.434,0.876,0.889,0.885,0.811,0.706,0.722,0.716,0.507,0.056,0.528,-0.061,0.526,0.878,0.864,0.851,0.768,0.838,0.859,0.742,0.41,0.799,0.898,0.746,0.866,0.636,0.751,0.857,0.796,0.851,0.806,0.85,0.787,0.745,0.687,0.615,0.831,0.835,0.767,0.724,0.888,0.781,0.551,0.817,0.814,-0.049,0.315,0.564,0.315,0.832,0.804,0.722,0.799,0.761,0.723,0.84,0.755,0.724,0.736,0.724,0.835,0.641,0.849,0.842,0.869,0.851,0.833,0.007,0.432,0.803,0.793,0.851,0.842,0.881,0.851,0.806,0.729,0.548,0.746,0.724,0.064,0.618,0.751,0.472,0.879,0.85,0.831,0.736,0.426,0.222,0.716,0.873,-0.775,0.723,0.842,0.087
ARGX,-0.634,0.664,-0.672,-0.683,-0.725,-0.112,0.832,-0.733,-0.59,-0.453,-0.684,-0.754,-0.746,-0.661,-0.557,0.0,-0.745,-0.418,0.827,-0.519,-0.104,0.05,-0.736,-0.747,0.014,-0.468,-0.409,-0.652,-0.819,-0.512,-0.487,-0.617,-0.252,-0.703,-0.664,-0.555,-0.143,-0.623,-0.81,-0.771,-0.015,-0.552,-0.563,-0.765,-0.743,-0.696,0.152,0.1,-0.785,-0.718,-0.808,0.162,-0.664,-0.582,-0.378,-0.233,0.459,-0.45,-0.526,-0.606,0.894,-0.753,-0.59,-0.713,-0.365,-0.528,-0.781,-0.319,-0.789,-0.734,-0.732,-0.546,-0.528,0.742,-0.619,-0.735,0.792,-0.562,-0.617,-0.576,-0.312,-0.732,-0.787,-0.798,-0.768,0.597,-0.476,-0.597,0.766,-0.248,-0.786,-0.804,-0.37,-0.758,-0.528,-0.646,-0.26,-0.199,-0.712,-0.545,-0.826,-0.679,-0.033,-0.097,0.172,-0.714,-0.6,-0.668,-0.581,-0.648,-0.772,-0.424,-0.337,0.62,-0.257,0.088,-0.092,-0.756,-0.378,-0.734,-0.507,-0.8,-0.761,-0.634,-0.103,-0.708,-0.684,-0.738,-0.724,-0.574,-0.576,-0.739,-0.725,-0.749,-0.399,-0.772,-0.533,-0.319,-0.674,-0.249,-0.727,-0.75,-0.356,-0.57,-0.634,-0.497,-0.208,-0.675,-0.426,0.702,-0.054,0.002,0.406,-0.773,-0.698,-0.199,-0.807,-0.532,-0.617,-0.776,-0.438,-0.78,-0.455,-0.644,-0.805,-0.033,-0.737,-0.721,-0.806,-0.739,-0.432,0.183,0.051,-0.737,-0.205,-0.732,-0.725,-0.68,-0.628,-0.713,-0.224,-0.213,-0.676,-0.43,0.291,0.088,-0.555,-0.499,-0.582,-0.674,-0.766,-0.855,-0.033,0.137,-0.744,-0.671,0.716,-0.703,-0.584,0.414
ARLP,0.868,-0.271,0.898,0.872,0.939,0.585,-0.788,0.761,0.755,0.761,0.834,0.869,0.74,0.587,0.863,-0.745,0.0,0.821,-0.42,0.87,0.158,0.425,0.651,0.931,0.339,0.778,0.696,0.792,0.874,0.793,0.778,0.87,0.344,0.824,0.856,0.881,0.453,0.887,0.919,0.946,0.496,0.738,0.771,0.873,0.932,0.943,0.404,0.4,0.812,0.803,0.773,0.303,0.901,0.747,0.71,0.636,-0.005,0.676,0.845,0.665,-0.533,0.901,0.734,0.878,0.739,0.868,0.932,0.703,0.819,0.836,0.848,0.86,0.858,-0.427,0.822,0.884,-0.721,0.739,0.883,0.9,0.634,0.885,0.926,0.865,0.874,-0.428,0.722,0.805,-0.578,0.65,0.923,0.888,0.777,0.908,0.706,0.89,0.653,0.557,0.929,0.785,0.935,0.91,0.24,0.622,0.362,0.886,0.893,0.87,0.876,0.844,0.853,0.759,0.645,-0.18,0.41,0.125,0.459,0.952,0.764,0.916,0.807,0.88,0.927,0.832,0.391,0.901,0.917,0.844,0.945,0.631,0.808,0.923,0.931,0.881,0.815,0.95,0.854,0.669,0.711,0.526,0.895,0.886,0.712,0.817,0.922,0.797,0.526,0.916,0.8,-0.275,0.365,0.501,0.152,0.952,0.901,0.592,0.88,0.836,0.835,0.898,0.696,0.817,0.795,0.775,0.951,0.506,0.927,0.869,0.928,0.929,0.823,-0.074,0.354,0.862,0.639,0.932,0.919,0.921,0.815,0.898,0.714,0.575,0.881,0.73,-0.044,0.451,0.698,0.619,0.913,0.94,0.917,0.898,0.382,0.183,0.819,0.908,-0.797,0.75,0.838,-0.028
ATEX,0.789,0.087,0.764,0.739,0.777,0.763,-0.565,0.557,0.741,0.782,0.689,0.685,0.522,0.291,0.871,-0.418,0.821,0.0,-0.009,0.841,0.22,0.635,0.408,0.776,0.457,0.78,0.773,0.568,0.668,0.719,0.714,0.755,0.334,0.621,0.703,0.845,0.474,0.795,0.676,0.793,0.661,0.657,0.599,0.629,0.785,0.83,0.655,0.62,0.615,0.585,0.505,0.536,0.788,0.562,0.766,0.75,0.322,0.552,0.808,0.504,-0.136,0.722,0.622,0.735,0.777,0.816,0.721,0.818,0.621,0.597,0.684,0.815,0.854,-0.081,0.748,0.719,-0.46,0.652,0.797,0.849,0.644,0.662,0.753,0.642,0.666,-0.258,0.62,0.688,-0.34,0.709,0.717,0.655,0.807,0.707,0.605,0.741,0.694,0.607,0.773,0.7,0.733,0.821,0.343,0.807,0.609,0.755,0.842,0.75,0.809,0.764,0.629,0.771,0.676,0.208,0.491,0.092,0.573,0.815,0.8,0.738,0.762,0.666,0.769,0.723,0.432,0.765,0.812,0.679,0.809,0.487,0.734,0.789,0.739,0.699,0.875,0.773,0.792,0.722,0.496,0.572,0.744,0.703,0.788,0.701,0.856,0.741,0.531,0.785,0.8,0.121,0.44,0.719,0.523,0.775,0.731,0.693,0.682,0.746,0.706,0.718,0.73,0.639,0.785,0.608,0.751,0.649,0.77,0.738,0.744,0.796,0.827,0.045,0.532,0.683,0.806,0.787,0.784,0.828,0.66,0.727,0.77,0.65,0.766,0.732,0.193,0.747,0.612,0.469,0.858,0.8,0.736,0.629,0.482,0.375,0.597,0.788,-0.674,0.555,0.768,0.223
ATRA,-0.22,0.767,-0.272,-0.311,-0.375,0.312,0.619,-0.45,-0.237,-0.02,-0.37,-0.411,-0.499,-0.571,-0.162,0.827,-0.42,-0.009,0.0,-0.11,-0.132,0.391,-0.689,-0.428,0.249,-0.04,-0.0,-0.354,-0.51,-0.102,-0.108,-0.253,-0.148,-0.427,-0.296,-0.144,0.179,-0.23,-0.524,-0.423,0.347,-0.187,-0.293,-0.519,-0.364,-0.322,0.569,0.467,-0.544,-0.456,-0.573,0.452,-0.296,-0.298,-0.039,0.204,0.809,-0.122,-0.122,-0.39,0.932,-0.423,-0.239,-0.331,0.042,-0.146,-0.467,0.095,-0.539,-0.559,-0.467,-0.142,-0.106,0.854,-0.232,-0.466,0.644,-0.263,-0.241,-0.178,0.067,-0.464,-0.46,-0.544,-0.446,0.472,-0.184,-0.217,0.636,0.164,-0.45,-0.52,0.076,-0.421,-0.175,-0.304,0.161,0.156,-0.388,-0.148,-0.506,-0.292,0.199,0.319,0.496,-0.347,-0.202,-0.359,-0.178,-0.307,-0.432,-0.017,-0.003,0.839,-0.084,0.093,0.333,-0.401,0.017,-0.423,-0.098,-0.536,-0.447,-0.301,0.114,-0.37,-0.305,-0.415,-0.376,-0.362,-0.183,-0.363,-0.397,-0.472,0.014,-0.428,-0.165,0.057,-0.491,0.041,-0.4,-0.44,0.093,-0.233,-0.236,-0.094,-0.023,-0.303,-0.041,0.907,0.167,0.425,0.757,-0.436,-0.369,0.232,-0.496,-0.172,-0.269,-0.43,-0.066,-0.537,-0.038,-0.341,-0.476,0.377,-0.361,-0.384,-0.509,-0.36,0.007,0.228,0.402,-0.425,0.207,-0.356,-0.351,-0.298,-0.342,-0.383,0.112,0.173,-0.311,-0.057,0.576,0.453,-0.244,-0.276,-0.214,-0.304,-0.511,-0.614,0.283,0.412,-0.444,-0.288,0.422,-0.419,-0.198,0.666
AUTL,0.833,-0.127,0.85,0.801,0.923,0.667,-0.639,0.715,0.67,0.722,0.823,0.769,0.636,0.568,0.898,-0.519,0.87,0.841,-0.11,0.0,0.17,0.525,0.523,0.847,0.507,0.815,0.67,0.712,0.742,0.807,0.717,0.843,0.405,0.696,0.761,0.835,0.41,0.836,0.845,0.84,0.582,0.672,0.771,0.711,0.865,0.864,0.612,0.501,0.719,0.796,0.663,0.394,0.815,0.633,0.726,0.764,0.226,0.643,0.833,0.616,-0.249,0.805,0.706,0.829,0.747,0.85,0.831,0.678,0.716,0.744,0.809,0.813,0.878,-0.156,0.769,0.837,-0.654,0.599,0.802,0.927,0.623,0.826,0.834,0.769,0.799,-0.207,0.612,0.762,-0.473,0.685,0.808,0.812,0.889,0.849,0.715,0.841,0.693,0.558,0.904,0.757,0.801,0.837,0.469,0.787,0.464,0.86,0.853,0.857,0.829,0.703,0.736,0.735,0.553,0.131,0.544,0.143,0.553,0.858,0.874,0.841,0.775,0.812,0.849,0.744,0.494,0.771,0.889,0.705,0.869,0.576,0.787,0.843,0.83,0.823,0.814,0.85,0.812,0.702,0.661,0.628,0.841,0.829,0.773,0.745,0.872,0.793,0.564,0.847,0.773,-0.04,0.264,0.632,0.363,0.844,0.81,0.7,0.777,0.76,0.737,0.824,0.687,0.675,0.779,0.705,0.832,0.662,0.853,0.765,0.84,0.855,0.84,-0.122,0.467,0.751,0.818,0.864,0.848,0.845,0.823,0.815,0.747,0.552,0.75,0.661,0.043,0.586,0.663,0.485,0.876,0.85,0.79,0.692,0.439,0.247,0.736,0.86,-0.701,0.74,0.785,0.065
AVDL,0.049,-0.158,-0.026,-0.103,0.095,-0.106,-0.224,0.136,0.061,-0.109,0.125,-0.075,0.111,0.174,0.178,-0.104,0.158,0.22,-0.132,0.17,0.0,-0.132,0.346,0.074,0.204,0.047,-0.077,-0.258,0.058,-0.109,-0.178,-0.021,0.3,-0.047,-0.126,-0.053,-0.388,-0.075,0.133,0.042,-0.19,-0.145,0.113,0.001,0.11,0.07,-0.088,-0.216,0.077,0.243,0.038,-0.062,0.017,-0.181,0.18,0.093,-0.223,-0.461,-0.11,0.101,-0.088,0.055,-0.087,-0.045,-0.052,0.059,0.015,-0.021,0.188,0.267,0.229,-0.084,0.055,-0.147,-0.074,0.302,-0.334,-0.148,-0.068,0.093,-0.27,0.088,0.115,0.172,-0.065,0.119,-0.205,-0.189,-0.322,-0.238,-0.004,0.066,-0.046,0.009,-0.045,0.024,-0.228,-0.377,0.186,-0.198,0.033,0.013,0.087,0.123,-0.037,0.168,0.025,0.271,-0.118,0.01,-0.151,-0.115,-0.051,0.088,0.557,-0.137,-0.257,0.072,-0.006,0.1,-0.075,0.148,0.07,-0.06,-0.073,-0.095,0.122,-0.013,0.098,0.194,-0.053,-0.026,-0.02,0.148,0.046,0.033,-0.086,-0.103,0.163,0.36,0.174,0.084,-0.053,-0.099,0.06,-0.136,0.151,-0.055,-0.146,-0.239,-0.025,-0.032,-0.029,0.046,-0.059,-0.07,0.113,-0.083,-0.101,0.008,0.075,0.192,-0.084,0.073,0.011,-0.066,-0.012,0.025,0.165,0.024,-0.083,-0.095,-0.261,-0.032,0.36,0.025,0.033,0.024,0.082,-0.055,-0.157,-0.246,-0.071,-0.091,-0.218,0.087,0.169,-0.213,0.107,-0.025,0.211,0.007,-0.39,-0.221,-0.067,-0.009,-0.222,0.005,-0.064,-0.471
BCRX,0.463,0.649,0.442,0.548,0.382,0.858,0.021,-0.05,0.366,0.695,0.147,0.376,0.019,-0.248,0.503,0.05,0.425,0.635,0.391,0.525,-0.132,0.0,0.009,0.333,0.069,0.585,0.549,0.414,0.2,0.485,0.656,0.652,-0.204,0.535,0.466,0.687,0.732,0.506,0.17,0.433,0.954,0.451,0.141,0.414,0.342,0.446,0.832,0.939,0.14,0.199,-0.02,0.945,0.543,0.619,0.439,0.505,0.616,0.595,0.61,-0.051,0.271,0.265,0.326,0.456,0.665,0.69,0.373,0.735,0.023,0.131,0.105,0.715,0.509,0.353,0.44,0.15,0.165,0.626,0.633,0.628,0.806,0.297,0.318,0.111,0.311,-0.274,0.701,0.51,0.37,0.558,0.349,0.228,0.633,0.323,0.222,0.522,0.748,0.865,0.307,0.574,0.309,0.561,-0.013,0.791,0.916,0.237,0.531,0.204,0.71,0.621,0.316,0.759,0.781,0.27,0.057,0.462,0.671,0.447,0.673,0.264,0.633,0.143,0.376,0.523,0.752,0.487,0.415,0.364,0.412,-0.087,0.629,0.412,0.547,0.169,0.809,0.41,0.719,0.505,-0.081,0.002,0.223,0.195,0.613,0.617,0.611,0.558,0.633,0.571,0.686,0.627,0.511,0.932,0.811,0.425,0.55,0.571,0.15,0.67,0.632,0.3,0.325,0.135,0.766,0.126,0.397,0.618,0.435,0.398,0.24,0.475,0.763,0.508,0.892,0.317,0.434,0.45,0.417,0.581,0.19,0.531,0.821,0.686,0.575,0.683,0.409,0.84,0.196,0.676,0.562,0.56,0.22,0.222,0.746,0.693,0.189,0.493,-0.108,0.082,0.477,0.693
BHAT,0.409,-0.608,0.463,0.493,0.63,0.01,-0.659,0.524,0.361,0.159,0.527,0.495,0.423,0.688,0.566,-0.736,0.651,0.408,-0.689,0.523,0.346,0.009,0.0,0.609,0.106,0.281,0.111,0.48,0.549,0.304,0.244,0.543,0.339,0.649,0.41,0.368,-0.117,0.443,0.698,0.582,0.054,0.217,0.542,0.695,0.532,0.524,-0.155,-0.133,0.624,0.753,0.634,-0.064,0.507,0.5,0.221,0.111,-0.578,0.298,0.345,0.447,-0.755,0.553,0.337,0.517,0.114,0.506,0.63,0.093,0.624,0.824,0.702,0.378,0.373,-0.761,0.331,0.717,-0.79,0.504,0.421,0.569,0.125,0.751,0.591,0.685,0.597,-0.252,0.285,0.348,-0.554,0.16,0.626,0.735,0.263,0.621,0.285,0.575,0.122,0.053,0.641,0.264,0.653,0.493,0.168,0.24,-0.108,0.56,0.459,0.632,0.43,0.379,0.514,0.228,0.162,-0.558,0.485,0.022,-0.169,0.625,0.491,0.654,0.273,0.758,0.625,0.441,0.337,0.492,0.601,0.474,0.594,0.4,0.38,0.528,0.625,0.697,0.308,0.605,0.49,0.201,0.632,0.273,0.54,0.672,0.126,0.519,0.508,0.291,0.574,0.528,0.332,-0.635,-0.14,-0.032,-0.34,0.606,0.652,0.058,0.584,0.484,0.526,0.58,0.198,0.538,0.286,0.399,0.657,-0.061,0.528,0.534,0.703,0.553,0.35,-0.074,-0.109,0.501,0.242,0.537,0.513,0.529,0.693,0.661,0.276,-0.044,0.419,0.221,-0.52,0.108,0.412,0.403,0.518,0.528,0.682,0.674,-0.001,-0.347,0.518,0.526,-0.548,0.575,0.363,-0.536
BLBD,0.914,-0.327,0.938,0.882,0.933,0.553,-0.88,0.857,0.82,0.766,0.935,0.93,0.848,0.646,0.856,-0.747,0.931,0.776,-0.428,0.847,0.074,0.333,0.609,0.0,0.454,0.839,0.762,0.866,0.937,0.808,0.808,0.807,0.499,0.736,0.906,0.867,0.439,0.943,0.952,0.961,0.405,0.838,0.852,0.764,0.965,0.959,0.407,0.34,0.921,0.822,0.849,0.16,0.923,0.639,0.807,0.712,0.021,0.733,0.891,0.828,-0.535,0.955,0.874,0.933,0.775,0.833,0.962,0.687,0.913,0.808,0.907,0.843,0.892,-0.379,0.894,0.923,-0.736,0.668,0.886,0.883,0.608,0.878,0.976,0.938,0.927,-0.375,0.667,0.885,-0.661,0.704,0.94,0.907,0.805,0.925,0.857,0.883,0.689,0.538,0.952,0.837,0.962,0.911,0.36,0.543,0.252,0.942,0.94,0.902,0.851,0.795,0.903,0.768,0.499,-0.145,0.324,-0.035,0.542,0.967,0.728,0.959,0.848,0.924,0.975,0.893,0.236,0.929,0.947,0.911,0.959,0.789,0.85,0.961,0.861,0.945,0.764,0.966,0.818,0.749,0.836,0.573,0.948,0.941,0.792,0.76,0.92,0.865,0.373,0.903,0.841,-0.299,0.363,0.422,0.063,0.96,0.862,0.673,0.95,0.751,0.778,0.969,0.803,0.884,0.768,0.891,0.95,0.568,0.96,0.934,0.961,0.948,0.799,-0.176,0.333,0.939,0.647,0.961,0.964,0.917,0.858,0.861,0.684,0.604,0.862,0.758,0.005,0.362,0.819,0.5,0.935,0.926,0.929,0.912,0.348,0.239,0.912,0.958,-0.874,0.874,0.912,-0.013
BMRN,0.416,-0.068,0.425,0.168,0.386,0.26,-0.429,0.56,0.453,0.23,0.604,0.301,0.405,0.398,0.523,0.014,0.339,0.457,0.249,0.507,0.204,0.069,0.106,0.454,0.0,0.451,0.43,0.264,0.393,0.428,0.239,0.116,0.843,-0.066,0.294,0.269,0.026,0.46,0.447,0.33,0.098,0.358,0.624,-0.028,0.46,0.447,0.453,0.13,0.426,0.349,0.389,-0.021,0.31,-0.133,0.572,0.706,0.35,0.212,0.418,0.66,0.209,0.454,0.419,0.345,0.429,0.286,0.311,0.287,0.529,0.315,0.578,0.206,0.558,0.092,0.435,0.578,-0.362,0.032,0.253,0.378,0.032,0.331,0.365,0.492,0.316,0.429,-0.066,0.328,-0.334,0.591,0.315,0.354,0.487,0.355,0.618,0.286,0.373,0.022,0.506,0.245,0.339,0.308,0.812,0.431,0.111,0.573,0.484,0.64,0.197,0.07,0.269,0.209,-0.124,0.555,0.4,-0.344,0.361,0.358,0.368,0.501,0.329,0.467,0.375,0.242,-0.179,0.305,0.5,0.302,0.384,0.681,0.268,0.384,0.132,0.557,0.283,0.33,0.178,0.554,0.637,0.84,0.501,0.527,0.507,0.087,0.341,0.484,0.089,0.226,0.377,0.102,0.094,0.221,0.309,0.301,0.165,0.525,0.462,0.13,0.076,0.437,0.648,0.391,0.191,0.587,0.267,0.608,0.369,0.355,0.456,0.308,0.342,-0.397,0.054,0.387,0.736,0.354,0.4,0.292,0.579,0.154,0.326,0.259,0.163,0.241,0.211,0.339,0.573,-0.335,0.458,0.297,0.429,0.223,0.037,0.037,0.41,0.438,-0.542,0.515,0.465,0.069
BNGO,0.941,0.036,0.919,0.846,0.804,0.805,-0.645,0.698,0.813,0.886,0.777,0.874,0.713,0.381,0.791,-0.468,0.778,0.78,-0.04,0.815,0.047,0.585,0.281,0.839,0.451,0.0,0.855,0.812,0.798,0.845,0.903,0.787,0.358,0.639,0.899,0.892,0.67,0.915,0.735,0.869,0.589,0.892,0.713,0.615,0.869,0.869,0.719,0.612,0.769,0.68,0.662,0.42,0.913,0.639,0.904,0.853,0.433,0.76,0.91,0.7,-0.195,0.848,0.902,0.912,0.899,0.824,0.825,0.851,0.714,0.594,0.7,0.882,0.907,0.045,0.899,0.73,-0.407,0.599,0.899,0.876,0.76,0.706,0.855,0.753,0.813,-0.362,0.751,0.917,-0.398,0.764,0.825,0.727,0.9,0.812,0.867,0.844,0.869,0.744,0.814,0.901,0.806,0.859,0.405,0.69,0.526,0.84,0.93,0.719,0.855,0.813,0.797,0.899,0.614,0.136,0.15,0.031,0.823,0.866,0.726,0.813,0.938,0.681,0.862,0.89,0.353,0.839,0.855,0.87,0.859,0.676,0.944,0.88,0.768,0.735,0.874,0.859,0.814,0.833,0.63,0.515,0.839,0.758,0.944,0.746,0.921,0.937,0.335,0.865,0.872,0.112,0.537,0.702,0.393,0.85,0.778,0.867,0.811,0.737,0.748,0.853,0.832,0.721,0.888,0.791,0.802,0.784,0.899,0.869,0.787,0.892,0.859,-0.02,0.648,0.858,0.73,0.906,0.913,0.889,0.646,0.765,0.746,0.811,0.861,0.881,0.342,0.557,0.76,0.535,0.908,0.873,0.729,0.674,0.51,0.635,0.817,0.918,-0.738,0.752,0.912,0.351
BUSE,0.864,0.144,0.829,0.75,0.656,0.775,-0.609,0.616,0.863,0.91,0.687,0.794,0.651,0.141,0.729,-0.409,0.696,0.773,-0.0,0.67,-0.077,0.549,0.111,0.762,0.43,0.855,0.0,0.695,0.782,0.759,0.849,0.623,0.349,0.473,0.839,0.861,0.681,0.877,0.625,0.805,0.561,0.911,0.563,0.454,0.812,0.841,0.651,0.623,0.685,0.419,0.579,0.393,0.833,0.482,0.83,0.818,0.468,0.684,0.861,0.629,-0.113,0.78,0.816,0.792,0.893,0.718,0.72,0.885,0.669,0.363,0.597,0.835,0.848,0.048,0.905,0.611,-0.241,0.642,0.856,0.722,0.723,0.514,0.765,0.636,0.706,-0.358,0.716,0.84,-0.363,0.818,0.746,0.576,0.775,0.68,0.801,0.676,0.856,0.694,0.669,0.845,0.751,0.861,0.234,0.554,0.498,0.747,0.875,0.652,0.796,0.808,0.735,0.861,0.587,0.179,0.12,-0.113,0.818,0.785,0.567,0.698,0.894,0.574,0.755,0.812,0.125,0.851,0.773,0.834,0.749,0.639,0.8,0.836,0.631,0.662,0.813,0.758,0.706,0.88,0.518,0.43,0.738,0.657,0.909,0.631,0.828,0.859,0.169,0.763,0.849,0.175,0.635,0.657,0.426,0.767,0.633,0.777,0.745,0.651,0.68,0.779,0.926,0.746,0.821,0.774,0.715,0.721,0.815,0.821,0.691,0.807,0.79,0.025,0.567,0.816,0.64,0.809,0.837,0.827,0.525,0.628,0.669,0.868,0.834,0.9,0.391,0.516,0.74,0.418,0.806,0.809,0.659,0.669,0.601,0.587,0.72,0.823,-0.719,0.604,0.923,0.463
CAKE,0.862,-0.256,0.906,0.886,0.84,0.603,-0.678,0.727,0.712,0.747,0.777,0.935,0.71,0.571,0.699,-0.652,0.792,0.568,-0.354,0.712,-0.258,0.414,0.48,0.866,0.264,0.812,0.695,0.0,0.825,0.823,0.869,0.814,0.27,0.778,0.931,0.829,0.608,0.913,0.831,0.885,0.481,0.848,0.771,0.764,0.846,0.833,0.434,0.424,0.836,0.751,0.803,0.206,0.89,0.779,0.663,0.594,0.113,0.93,0.882,0.72,-0.499,0.872,0.877,0.929,0.727,0.764,0.918,0.642,0.739,0.692,0.728,0.833,0.789,-0.286,0.85,0.724,-0.533,0.687,0.877,0.829,0.709,0.847,0.858,0.812,0.933,-0.465,0.776,0.938,-0.427,0.697,0.901,0.857,0.783,0.906,0.814,0.879,0.779,0.713,0.809,0.889,0.884,0.823,0.298,0.458,0.285,0.79,0.863,0.686,0.864,0.745,0.936,0.801,0.494,-0.256,0.023,0.105,0.622,0.873,0.697,0.86,0.862,0.778,0.893,0.894,0.371,0.886,0.84,0.885,0.864,0.626,0.881,0.907,0.86,0.798,0.717,0.91,0.838,0.724,0.701,0.309,0.804,0.833,0.758,0.826,0.852,0.899,0.341,0.906,0.842,-0.171,0.316,0.425,0.048,0.886,0.889,0.683,0.83,0.793,0.819,0.907,0.654,0.692,0.789,0.78,0.895,0.549,0.914,0.866,0.824,0.892,0.794,-0.091,0.509,0.906,0.411,0.905,0.898,0.851,0.752,0.886,0.719,0.687,0.854,0.766,0.092,0.286,0.657,0.651,0.84,0.898,0.745,0.833,0.504,0.389,0.913,0.914,-0.679,0.822,0.866,0.215
CASY,0.89,-0.417,0.92,0.829,0.859,0.453,-0.913,0.898,0.846,0.748,0.896,0.934,0.89,0.618,0.768,-0.819,0.874,0.668,-0.51,0.742,0.058,0.2,0.549,0.937,0.393,0.798,0.782,0.825,0.0,0.776,0.766,0.704,0.502,0.659,0.9,0.81,0.426,0.907,0.923,0.941,0.263,0.863,0.768,0.71,0.952,0.933,0.274,0.23,0.937,0.744,0.897,0.039,0.887,0.58,0.749,0.658,-0.036,0.663,0.818,0.842,-0.612,0.958,0.864,0.9,0.745,0.723,0.913,0.643,0.946,0.74,0.869,0.774,0.853,-0.446,0.915,0.88,-0.708,0.653,0.85,0.772,0.538,0.798,0.946,0.928,0.905,-0.472,0.645,0.854,-0.759,0.655,0.932,0.874,0.696,0.897,0.862,0.815,0.633,0.451,0.889,0.805,0.96,0.894,0.285,0.364,0.098,0.93,0.887,0.864,0.774,0.808,0.913,0.708,0.441,-0.231,0.248,-0.147,0.515,0.928,0.554,0.92,0.81,0.891,0.927,0.848,0.065,0.923,0.904,0.94,0.901,0.835,0.814,0.944,0.793,0.911,0.671,0.922,0.703,0.716,0.84,0.517,0.924,0.915,0.743,0.673,0.86,0.828,0.22,0.84,0.74,-0.386,0.367,0.329,-0.045,0.928,0.777,0.578,0.976,0.657,0.733,0.961,0.835,0.941,0.712,0.923,0.912,0.483,0.939,0.925,0.944,0.916,0.704,-0.227,0.21,0.944,0.545,0.927,0.947,0.879,0.772,0.783,0.522,0.594,0.864,0.736,0.009,0.204,0.819,0.452,0.849,0.879,0.904,0.927,0.284,0.196,0.939,0.909,-0.902,0.859,0.901,-0.063
CCOI,0.872,-0.094,0.901,0.817,0.862,0.714,-0.575,0.732,0.698,0.799,0.794,0.849,0.687,0.516,0.758,-0.512,0.793,0.719,-0.102,0.807,-0.109,0.485,0.304,0.808,0.428,0.845,0.759,0.823,0.776,0.0,0.853,0.798,0.273,0.659,0.855,0.847,0.67,0.877,0.788,0.835,0.541,0.828,0.766,0.693,0.859,0.849,0.593,0.53,0.708,0.642,0.691,0.32,0.816,0.665,0.7,0.722,0.374,0.785,0.89,0.657,-0.241,0.834,0.764,0.855,0.827,0.738,0.826,0.772,0.673,0.59,0.686,0.812,0.885,-0.095,0.865,0.695,-0.492,0.597,0.843,0.834,0.71,0.76,0.795,0.727,0.841,-0.369,0.694,0.864,-0.387,0.774,0.808,0.78,0.878,0.858,0.804,0.853,0.778,0.671,0.827,0.861,0.806,0.798,0.409,0.614,0.454,0.831,0.845,0.726,0.847,0.727,0.84,0.793,0.607,0.097,0.192,0.112,0.712,0.812,0.738,0.828,0.851,0.729,0.812,0.768,0.342,0.817,0.825,0.781,0.824,0.593,0.849,0.87,0.803,0.735,0.799,0.849,0.774,0.767,0.6,0.533,0.813,0.797,0.827,0.741,0.839,0.908,0.257,0.865,0.783,0.03,0.363,0.578,0.339,0.825,0.779,0.772,0.785,0.768,0.725,0.84,0.724,0.619,0.802,0.773,0.816,0.728,0.878,0.76,0.774,0.833,0.854,-0.179,0.562,0.795,0.633,0.874,0.858,0.801,0.71,0.773,0.723,0.729,0.84,0.718,0.302,0.417,0.623,0.498,0.816,0.859,0.702,0.697,0.456,0.43,0.804,0.852,-0.653,0.7,0.825,0.317
CEVA,0.913,0.121,0.905,0.906,0.781,0.849,-0.557,0.572,0.749,0.94,0.695,0.892,0.646,0.249,0.704,-0.487,0.778,0.714,-0.108,0.717,-0.178,0.656,0.244,0.808,0.239,0.903,0.849,0.869,0.766,0.853,0.0,0.839,0.115,0.74,0.939,0.935,0.824,0.918,0.684,0.872,0.701,0.933,0.639,0.696,0.822,0.854,0.68,0.708,0.687,0.572,0.59,0.493,0.924,0.755,0.791,0.729,0.426,0.863,0.949,0.577,-0.236,0.813,0.843,0.891,0.913,0.85,0.84,0.897,0.608,0.502,0.567,0.945,0.858,-0.013,0.892,0.602,-0.311,0.707,0.959,0.838,0.896,0.671,0.822,0.663,0.823,-0.512,0.891,0.947,-0.255,0.757,0.824,0.689,0.858,0.8,0.779,0.856,0.88,0.877,0.741,0.951,0.81,0.871,0.189,0.627,0.612,0.737,0.907,0.589,0.932,0.877,0.83,0.96,0.752,-0.009,-0.015,0.195,0.838,0.84,0.703,0.762,0.975,0.618,0.834,0.913,0.413,0.894,0.789,0.863,0.829,0.514,0.938,0.876,0.826,0.652,0.902,0.872,0.893,0.788,0.488,0.3,0.753,0.685,0.905,0.821,0.906,0.929,0.33,0.919,0.922,0.122,0.637,0.704,0.388,0.871,0.833,0.814,0.739,0.831,0.835,0.813,0.734,0.65,0.932,0.722,0.828,0.742,0.894,0.837,0.713,0.888,0.912,0.101,0.734,0.848,0.529,0.903,0.892,0.879,0.554,0.816,0.799,0.88,0.934,0.921,0.39,0.503,0.655,0.691,0.877,0.916,0.669,0.722,0.589,0.674,0.777,0.897,-0.619,0.634,0.888,0.484
CHY,0.816,-0.057,0.851,0.918,0.901,0.736,-0.536,0.548,0.601,0.799,0.675,0.822,0.576,0.453,0.782,-0.617,0.87,0.755,-0.253,0.843,-0.021,0.652,0.543,0.807,0.116,0.787,0.623,0.814,0.704,0.798,0.839,0.0,0.029,0.932,0.834,0.902,0.611,0.82,0.769,0.857,0.716,0.709,0.646,0.898,0.807,0.823,0.547,0.62,0.66,0.76,0.598,0.534,0.874,0.902,0.6,0.554,0.161,0.786,0.85,0.429,-0.409,0.762,0.681,0.862,0.739,0.918,0.875,0.727,0.577,0.708,0.634,0.918,0.796,-0.226,0.747,0.674,-0.536,0.767,0.892,0.931,0.828,0.842,0.818,0.672,0.834,-0.55,0.85,0.819,-0.303,0.589,0.839,0.81,0.841,0.856,0.59,0.925,0.715,0.769,0.821,0.838,0.821,0.856,0.161,0.707,0.561,0.729,0.821,0.649,0.948,0.842,0.81,0.851,0.795,-0.164,0.263,0.377,0.58,0.866,0.86,0.78,0.827,0.731,0.838,0.833,0.686,0.825,0.823,0.759,0.86,0.352,0.878,0.838,0.96,0.689,0.876,0.886,0.949,0.594,0.464,0.284,0.731,0.736,0.721,0.922,0.908,0.786,0.624,0.945,0.81,-0.04,0.375,0.672,0.31,0.891,0.941,0.634,0.697,0.91,0.912,0.789,0.508,0.588,0.896,0.574,0.894,0.55,0.866,0.77,0.758,0.891,0.907,0.119,0.639,0.744,0.539,0.887,0.84,0.886,0.677,0.941,0.812,0.627,0.88,0.748,0.082,0.533,0.524,0.823,0.853,0.908,0.708,0.753,0.548,0.388,0.708,0.848,-0.538,0.617,0.741,0.193
