,AAPL,ACRS,ADP,AFYA,AGNC,AGYS,ALT,AMGN,AMPH,AMZN,ANIP,AOSL,APDN,APLT,APVO,ARGX,ARLP,ATEX,ATRA,AUTL,AVDL,BCRX,BHAT,BLBD,BMRN,BNGO,BUSE,CAKE,CASY,CCOI,CEVA,CHY,CLDX,CLMT,COHU,COLM,COST,CPRT,CSWC,CSX,DBX,DCOM,DKNG,DMLP,DOX,EA,EDIT,ENPH,ENSG,ERNA,ESGR,ETNB,EXTR,FANG,FARO,FATE,FGEN,FIVE,FIVN,FLGT,FOLD,FORM,FOXA,FRPT,FSLR,FTAI,GBDC,GDYN,GGAL,GNLN,GRFS,GT,HCAT,HCM,HFWA,HOLX,HQY,HUBG,IAC,ICLR,IDCC,IEP,IHRT,ILMN,ILPT,IMAB,IMOS,INMD,INTZ,JAZZ,JKHY,JRVR,KIDS,LBRDK,LGND,LMAT,LPLA,LULU,MASI,MAT,MATW,MBIN,MBIO,MCRB,MDB,MDLZ,MELI,MIRM,MLKN,MNMD,MNRO,MPWR,MRCY,MRSN,MTVA,NAAS,NDAQ,NDSN,NEGG,NOVT,NVDA,NWE,NWSA,NXST,OCX,ODFL,OMAB,OPCH,OPRA,ORGO,OTRK,OZK,PAGP,PCH,PEGA,PENG,PENN,PFBC,PGNY,PHAT,PHUN,PINC,PLUG,PLXS,PYPL,QLYS,QNCX,QQQX,QVCGA,RAPT,RBBN,RCKT,REPL,RMBS,ROAD,ROKU,ROP,RUSHA,SANM,SATS,SBCF,SBLK,SBUX,SCHL,SCSC,SDGR,SEIC,SFIX,SGRY,SKYW,SLP,SNES,STAA,STLD,STOK,SWKS,TER,TFIN,TIGO,TILE,TPIC,TTEC,TTEK,TTGT,UXIN,VERU,VLYPP,VNOM,VRNS,VRSN,WDAY,WERN,WINA,WKHS,WRLD,XP,XTKG,YY,ZION,ZM
AAPL,0.0,0.766,0.166,0.763,0.066,0.594,0.867,0.459,0.336,0.707,-0.177,0.72,0.107,0.015,0.501,0.668,0.038,0.547,0.232,0.728,0.713,0.715,0.269,0.618,0.87,0.583,0.391,0.454,0.544,0.568,0.576,0.76,0.783,0.508,0.411,0.736,0.886,0.571,0.838,0.476,0.786,-0.255,0.733,0.361,0.702,-0.026,0.407,0.797,0.084,0.119,0.403,-0.19,0.285,0.436,0.113,0.53,0.439,0.687,0.636,0.531,0.229,0.397,0.762,0.825,0.04,0.45,0.823,0.268,0.922,0.269,-0.075,0.275,0.415,0.226,0.114,0.572,0.41,0.139,0.589,0.847,0.451,0.873,0.534,0.37,0.461,0.083,0.434,0.828,-0.053,0.785,0.81,0.645,0.123,0.923,0.754,0.228,0.868,0.88,0.611,0.68,0.315,0.452,0.008,0.415,0.785,0.066,0.648,0.594,0.288,0.663,-0.43,0.592,-0.397,0.081,0.016,0.065,0.65,0.546,0.343,0.325,0.731,0.077,0.798,0.77,0.213,0.661,0.748,0.744,0.574,0.397,0.177,0.308,0.624,0.507,0.825,0.264,0.801,0.535,0.604,0.322,0.476,0.244,0.678,0.297,-0.197,0.621,-0.099,0.762,-0.184,0.308,0.344,0.63,0.027,0.63,0.711,0.493,0.782,-0.223,0.787,0.559,-0.143,0.793,0.369,0.417,0.537,0.461,0.655,0.381,0.695,-0.127,0.322,0.505,0.632,0.772,-0.131,0.339,-0.116,0.254,0.663,0.293,0.152,0.354,0.662,0.686,0.613,0.752,-0.24,0.399,0.706,0.553,0.386,0.08,0.459,0.487,-0.175,0.307,0.718,0.549,0.783,0.323
ACRS,0.766,0.0,-0.083,0.662,-0.169,0.428,0.841,0.387,0.434,0.563,-0.28,0.721,-0.173,-0.25,0.301,0.58,-0.235,0.688,0.388,0.623,0.462,0.862,0.164,0.408,0.808,0.385,0.213,0.736,0.293,0.624,0.372,0.525,0.778,0.378,0.242,0.848,0.849,0.29,0.772,0.125,0.668,-0.429,0.564,0.528,0.84,-0.132,0.182,0.772,-0.175,-0.108,0.41,-0.425,0.005,0.421,-0.081,0.452,0.802,0.61,0.59,0.299,0.07,0.26,0.715,0.702,-0.228,0.308,0.839,-0.053,0.661,-0.012,-0.417,0.074,0.208,-0.009,0.016,0.698,0.75,0.069,0.485,0.762,0.183,0.687,0.499,0.106,0.134,-0.188,0.19,0.735,0.086,0.54,0.651,0.514,-0.024,0.789,0.76,0.089,0.905,0.666,0.429,0.45,-0.046,0.332,-0.237,0.332,0.779,0.097,0.366,0.774,0.56,0.827,-0.551,0.368,-0.603,-0.146,-0.288,-0.138,0.344,0.309,0.069,0.135,0.504,0.202,0.733,0.777,-0.028,0.454,0.797,0.774,0.612,0.267,-0.114,0.209,0.68,0.309,0.719,-0.013,0.917,0.467,0.416,0.595,0.483,-0.024,0.484,0.063,-0.489,0.805,-0.355,0.477,-0.137,0.138,0.048,0.611,-0.172,0.455,0.784,0.28,0.549,-0.437,0.477,0.552,-0.15,0.88,0.14,0.269,0.431,0.266,0.438,0.3,0.671,-0.42,0.011,0.319,0.608,0.563,-0.057,0.064,-0.294,0.001,0.493,0.09,-0.093,0.1,0.604,0.693,0.363,0.606,-0.446,0.386,0.628,0.307,0.087,-0.219,0.548,0.26,-0.124,0.603,0.81,0.209,0.814,0.05
ADP,0.166,-0.083,0.0,-0.299,0.715,0.721,0.152,0.487,0.009,0.612,0.768,0.512,0.902,0.876,0.842,0.651,0.329,0.388,-0.037,0.612,0.58,0.158,0.707,0.666,0.217,0.81,0.684,0.323,0.671,0.304,0.832,0.639,0.379,0.689,0.815,0.069,0.103,0.865,-0.086,0.831,0.193,0.797,0.581,-0.716,-0.152,0.129,0.816,0.384,0.875,0.84,-0.588,0.896,0.901,-0.415,0.95,0.672,-0.497,0.659,0.64,0.802,0.771,0.642,-0.046,0.486,0.82,0.744,-0.024,0.903,0.051,0.877,0.666,0.858,0.869,0.945,0.822,-0.051,-0.597,0.771,0.407,0.291,0.832,0.192,0.385,0.954,0.851,0.941,0.871,0.505,0.652,0.606,0.38,0.537,0.885,0.187,0.405,0.927,0.035,0.414,0.794,0.624,0.844,0.688,0.92,0.207,0.401,0.334,0.655,-0.217,-0.511,0.106,0.702,0.843,0.677,0.941,0.873,0.293,0.796,0.817,0.923,0.947,0.715,-0.687,0.317,-0.058,0.799,0.581,-0.223,0.38,0.255,0.851,0.914,0.819,-0.397,0.805,0.422,0.879,0.005,0.308,0.702,-0.69,0.538,0.84,0.743,0.901,0.613,0.128,0.936,0.654,0.703,0.846,0.915,0.67,0.896,0.759,-0.057,0.774,0.502,0.702,0.511,0.6,0.641,-0.223,0.745,0.723,0.803,0.773,0.784,0.694,0.477,0.592,0.941,0.699,0.66,0.595,0.448,0.778,0.907,0.936,0.644,0.898,0.859,0.816,0.614,0.548,0.699,0.684,0.817,-0.424,0.666,0.809,0.779,0.86,0.501,0.815,0.774,-0.68,0.062,0.769,-0.009,0.87
AFYA,0.763,0.662,-0.299,0.0,-0.148,0.215,0.635,0.306,0.246,0.361,-0.439,0.415,-0.275,-0.348,0.11,0.263,0.04,0.273,0.322,0.334,0.355,0.531,-0.036,0.27,0.627,0.143,0.119,0.249,0.207,0.374,0.132,0.44,0.448,0.248,0.049,0.552,0.645,0.098,0.712,0.099,0.581,-0.508,0.369,0.55,0.639,-0.191,-0.016,0.526,-0.237,-0.249,0.608,-0.525,-0.08,0.595,-0.316,0.123,0.605,0.238,0.194,0.162,-0.053,0.085,0.698,0.497,-0.251,0.152,0.704,-0.127,0.801,-0.138,-0.308,-0.083,0.01,-0.23,-0.228,0.327,0.579,-0.156,0.282,0.525,0.028,0.753,0.373,-0.117,0.057,-0.342,0.032,0.458,-0.39,0.44,0.472,0.306,-0.237,0.671,0.415,-0.206,0.707,0.508,0.09,0.363,-0.0,0.098,-0.364,0.302,0.412,-0.066,0.32,0.643,0.521,0.477,-0.644,0.12,-0.579,-0.304,-0.33,-0.138,0.185,0.085,-0.067,-0.149,0.327,0.498,0.529,0.72,-0.192,0.211,0.76,0.475,0.363,0.008,-0.2,-0.078,0.679,0.125,0.469,-0.098,0.659,0.28,0.241,0.525,0.174,-0.132,0.232,-0.107,-0.344,0.365,-0.482,0.416,-0.403,-0.076,-0.054,0.264,-0.348,0.261,0.642,0.104,0.344,-0.448,0.423,0.194,-0.317,0.758,-0.004,0.103,0.102,0.037,0.19,0.039,0.391,-0.249,-0.105,0.203,0.165,0.439,-0.23,0.018,-0.514,-0.122,0.271,-0.078,-0.231,0.003,0.208,0.314,0.214,0.35,-0.559,0.616,0.246,0.048,0.007,-0.311,0.106,0.126,-0.454,0.545,0.562,0.136,0.699,-0.1
AGNC,0.066,-0.169,0.715,-0.148,0.0,0.727,0.101,0.328,-0.145,0.383,0.89,0.305,0.806,0.884,0.714,0.295,0.714,0.141,0.194,0.372,0.474,0.18,0.666,0.625,0.03,0.702,0.618,0.133,0.653,0.366,0.652,0.545,0.262,0.657,0.813,-0.243,-0.089,0.686,-0.217,0.733,0.001,0.796,0.613,-0.674,-0.387,-0.322,0.804,0.167,0.855,0.927,-0.198,0.797,0.878,-0.138,0.795,0.692,-0.476,0.371,0.383,0.759,0.789,0.621,-0.241,0.336,0.903,0.625,-0.157,0.872,0.149,0.841,0.572,0.653,0.775,0.813,0.574,-0.487,-0.64,0.607,0.411,0.224,0.677,0.244,0.576,0.664,0.806,0.842,0.642,0.399,0.253,0.42,0.031,0.264,0.877,-0.064,0.336,0.762,-0.116,0.189,0.549,0.448,0.784,0.484,0.868,0.561,0.161,-0.106,0.655,-0.408,-0.413,0.113,0.76,0.601,0.707,0.86,0.814,0.012,0.643,0.578,0.831,0.738,0.577,-0.516,0.026,-0.277,0.674,0.197,-0.41,0.302,0.097,0.791,0.879,0.584,-0.543,0.713,0.342,0.859,0.017,0.057,0.75,-0.493,0.218,0.798,0.548,0.786,0.871,-0.187,0.746,0.628,0.741,0.847,0.811,0.556,0.889,0.625,0.15,0.731,0.197,0.841,0.242,0.268,0.711,-0.378,0.831,0.682,0.551,0.771,0.53,0.777,0.191,0.793,0.812,0.665,0.288,0.409,0.691,0.871,0.772,0.748,0.508,0.822,0.849,0.863,0.178,0.291,0.352,0.479,0.789,-0.076,0.405,0.595,0.629,0.577,0.294,0.799,0.62,-0.464,0.119,0.639,0.011,0.833
AGYS,0.594,0.428,0.721,0.215,0.727,0.0,0.632,0.524,0.145,0.795,0.613,0.787,0.687,0.69,0.894,0.747,0.411,0.618,0.278,0.82,0.774,0.672,0.745,0.864,0.626,0.934,0.767,0.569,0.857,0.732,0.932,0.886,0.732,0.881,0.934,0.388,0.534,0.919,0.314,0.851,0.444,0.51,0.945,-0.325,0.185,-0.264,0.901,0.699,0.745,0.807,-0.034,0.531,0.858,0.056,0.769,0.919,-0.007,0.851,0.785,0.942,0.825,0.758,0.319,0.812,0.677,0.818,0.392,0.837,0.533,0.835,0.318,0.754,0.9,0.802,0.638,0.119,-0.158,0.674,0.655,0.724,0.779,0.615,0.783,0.81,0.89,0.73,0.833,0.881,0.37,0.814,0.577,0.674,0.826,0.562,0.788,0.843,0.495,0.68,0.892,0.786,0.762,0.782,0.694,0.587,0.689,0.071,0.85,0.114,-0.135,0.572,0.365,0.891,0.307,0.756,0.638,0.042,0.894,0.828,0.878,0.868,0.922,-0.467,0.621,0.319,0.698,0.628,0.164,0.819,0.505,0.914,0.776,0.767,-0.046,0.925,0.797,0.83,0.552,0.477,0.968,-0.209,0.577,0.793,0.903,0.862,0.454,0.388,0.549,0.926,0.574,0.909,0.859,0.925,0.75,0.936,0.58,0.858,0.667,0.519,0.676,0.671,0.538,0.208,0.885,0.894,0.885,0.905,0.886,0.87,0.704,0.419,0.832,0.825,0.772,0.814,0.494,0.843,0.614,0.772,0.848,0.877,0.782,0.899,0.707,0.768,0.668,0.906,0.49,0.027,0.859,0.874,0.694,0.54,0.69,0.939,0.52,-0.187,0.555,0.777,0.505,0.838
ALT,0.867,0.841,0.152,0.635,0.101,0.632,0.0,0.42,0.25,0.684,-0.064,0.769,0.057,0.037,0.506,0.668,-0.052,0.639,0.508,0.726,0.69,0.813,0.315,0.638,0.919,0.6,0.398,0.625,0.43,0.684,0.599,0.666,0.881,0.478,0.484,0.751,0.795,0.523,0.76,0.349,0.763,-0.192,0.738,0.312,0.682,-0.126,0.433,0.813,0.089,0.164,0.364,-0.181,0.267,0.389,0.156,0.677,0.602,0.696,0.674,0.497,0.347,0.511,0.746,0.811,0.075,0.482,0.758,0.238,0.78,0.298,-0.13,0.306,0.423,0.246,0.163,0.551,0.507,0.193,0.706,0.754,0.422,0.792,0.582,0.344,0.421,0.094,0.418,0.826,0.156,0.691,0.733,0.644,0.183,0.808,0.819,0.278,0.842,0.79,0.593,0.604,0.267,0.447,0.053,0.568,0.839,0.067,0.637,0.645,0.436,0.827,-0.343,0.583,-0.285,0.134,-0.003,0.096,0.566,0.503,0.336,0.345,0.704,0.073,0.772,0.739,0.242,0.547,0.685,0.789,0.562,0.481,0.183,0.344,0.549,0.454,0.854,0.288,0.837,0.458,0.618,0.418,0.502,0.198,0.697,0.286,-0.168,0.736,-0.1,0.688,0.003,0.344,0.29,0.718,0.094,0.628,0.764,0.527,0.626,-0.176,0.677,0.565,-0.027,0.735,0.369,0.482,0.531,0.532,0.614,0.489,0.675,-0.158,0.294,0.554,0.694,0.654,0.163,0.343,-0.044,0.23,0.592,0.306,0.207,0.339,0.643,0.755,0.584,0.756,-0.191,0.347,0.727,0.488,0.414,0.051,0.603,0.528,-0.001,0.418,0.747,0.537,0.754,0.346
AMGN,0.459,0.387,0.487,0.306,0.328,0.524,0.42,0.0,0.442,0.628,0.27,0.731,0.404,0.255,0.64,0.634,0.151,0.564,0.29,0.538,0.503,0.531,0.347,0.568,0.433,0.538,0.608,0.571,0.383,0.353,0.613,0.611,0.534,0.611,0.57,0.531,0.339,0.515,0.215,0.474,0.486,0.265,0.461,-0.24,0.395,0.115,0.333,0.646,0.386,0.285,-0.247,0.305,0.493,-0.153,0.434,0.412,0.203,0.496,0.626,0.555,0.4,0.506,0.415,0.562,0.325,0.651,0.391,0.406,0.319,0.329,0.181,0.552,0.513,0.442,0.554,0.21,0.047,0.616,0.352,0.366,0.545,0.532,0.51,0.513,0.466,0.336,0.575,0.51,0.338,0.554,0.573,0.557,0.439,0.401,0.433,0.532,0.495,0.438,0.499,0.683,0.553,0.493,0.357,0.137,0.542,0.415,0.522,0.486,0.209,0.311,0.06,0.574,0.134,0.434,0.265,-0.002,0.476,0.558,0.499,0.544,0.614,0.014,0.519,0.436,0.382,0.393,0.434,0.475,0.199,0.588,0.375,0.645,0.125,0.591,0.422,0.538,0.411,0.321,0.475,-0.164,0.722,0.369,0.53,0.446,0.097,0.438,0.316,0.533,0.249,0.439,0.502,0.633,0.328,0.676,0.209,0.483,0.406,0.09,0.397,0.604,0.541,0.364,0.318,0.463,0.65,0.403,0.633,0.449,0.624,0.153,0.553,0.576,0.549,0.623,0.273,0.466,0.329,0.598,0.473,0.549,0.322,0.396,0.581,0.644,0.569,0.634,0.146,-0.065,0.561,0.413,0.449,0.357,0.447,0.535,0.496,-0.17,0.294,0.472,0.436,0.413
AMPH,0.336,0.434,0.009,0.246,-0.145,0.145,0.25,0.442,0.0,0.405,-0.123,0.44,0.014,-0.225,0.218,0.376,0.117,0.501,0.037,0.373,0.2,0.509,0.063,0.015,0.315,0.121,0.254,0.447,0.066,0.098,0.155,0.338,0.299,0.333,0.09,0.519,0.433,0.101,0.293,0.031,0.166,-0.141,0.173,0.341,0.491,0.184,0.004,0.403,-0.19,-0.132,0.009,-0.139,-0.013,0.229,-0.079,0.058,0.368,0.288,0.265,0.235,-0.054,-0.11,0.393,0.242,-0.28,0.278,0.513,-0.079,0.247,-0.147,-0.317,0.054,0.009,0.008,0.252,0.482,0.355,0.095,-0.03,0.331,-0.021,0.329,0.257,0.082,0.041,-0.129,0.088,0.295,0.017,0.291,0.287,0.364,-0.041,0.399,0.243,0.072,0.52,0.196,0.187,0.352,-0.003,0.293,-0.151,-0.253,0.342,0.179,-0.021,0.54,0.152,0.346,-0.361,0.124,-0.379,-0.058,-0.248,-0.104,0.124,0.093,0.02,0.088,0.239,0.157,0.438,0.458,-0.075,0.205,0.455,0.331,0.065,0.111,-0.154,0.293,0.469,0.255,0.175,0.0,0.417,0.453,0.095,0.041,0.566,-0.061,0.127,0.042,-0.409,0.32,-0.175,0.183,-0.118,0.065,0.09,0.286,-0.129,0.26,0.323,-0.023,0.31,-0.378,0.111,0.39,0.126,0.546,-0.061,0.103,0.334,-0.067,0.306,-0.053,0.438,-0.409,0.028,0.115,0.249,0.395,-0.222,-0.113,-0.111,0.137,0.336,0.099,-0.226,-0.065,0.41,0.382,0.142,0.308,-0.297,0.16,0.265,0.088,-0.201,-0.161,0.207,0.077,0.119,0.048,0.37,-0.066,0.57,-0.146
AMZN,0.707,0.563,0.612,0.361,0.383,0.795,0.684,0.628,0.405,0.0,0.303,0.869,0.566,0.394,0.813,0.913,0.222,0.819,0.231,0.916,0.798,0.698,0.593,0.69,0.745,0.819,0.719,0.62,0.624,0.491,0.832,0.887,0.795,0.778,0.731,0.69,0.663,0.774,0.512,0.667,0.62,0.242,0.803,-0.067,0.514,0.084,0.696,0.831,0.426,0.475,-0.158,0.327,0.656,0.158,0.528,0.721,0.163,0.863,0.822,0.812,0.574,0.5,0.534,0.802,0.378,0.761,0.633,0.613,0.587,0.583,0.179,0.63,0.7,0.649,0.624,0.472,0.101,0.482,0.631,0.703,0.642,0.692,0.563,0.753,0.705,0.502,0.745,0.838,0.403,0.884,0.701,0.831,0.544,0.714,0.708,0.657,0.729,0.759,0.796,0.846,0.625,0.758,0.477,0.256,0.817,0.249,0.727,0.456,-0.071,0.6,-0.001,0.823,0.038,0.533,0.377,0.212,0.806,0.715,0.713,0.717,0.881,-0.276,0.795,0.56,0.527,0.653,0.42,0.759,0.485,0.748,0.546,0.723,0.331,0.775,0.755,0.633,0.58,0.672,0.751,-0.178,0.832,0.511,0.841,0.649,0.091,0.603,0.363,0.846,0.317,0.646,0.719,0.848,0.46,0.841,0.519,0.766,0.72,0.09,0.695,0.748,0.324,0.529,0.526,0.682,0.832,0.639,0.886,0.588,0.78,0.001,0.69,0.766,0.825,0.889,0.153,0.519,0.385,0.718,0.791,0.666,0.472,0.606,0.844,0.896,0.823,0.915,0.183,0.129,0.856,0.71,0.582,0.454,0.562,0.775,0.427,-0.127,0.629,0.711,0.667,0.617
ANIP,-0.177,-0.28,0.768,-0.439,0.89,0.613,-0.064,0.27,-0.123,0.303,0.0,0.229,0.812,0.885,0.651,0.275,0.533,0.182,0.088,0.307,0.295,0.067,0.638,0.467,-0.106,0.616,0.566,0.123,0.505,0.221,0.6,0.369,0.146,0.566,0.75,-0.306,-0.236,0.594,-0.435,0.613,-0.218,0.899,0.445,-0.788,-0.514,-0.217,0.757,0.045,0.853,0.909,-0.46,0.893,0.838,-0.386,0.854,0.616,-0.538,0.31,0.355,0.654,0.74,0.536,-0.395,0.177,0.837,0.558,-0.339,0.83,-0.16,0.806,0.539,0.646,0.736,0.818,0.674,-0.474,-0.682,0.637,0.227,0.055,0.605,-0.055,0.409,0.679,0.716,0.856,0.595,0.265,0.442,0.298,-0.068,0.231,0.905,-0.215,0.25,0.814,-0.258,-0.002,0.507,0.283,0.681,0.49,0.903,0.338,0.08,0.033,0.47,-0.498,-0.525,-0.032,0.862,0.551,0.807,0.891,0.835,0.082,0.521,0.489,0.79,0.771,0.453,-0.673,-0.073,-0.42,0.672,0.115,-0.563,0.216,-0.023,0.758,0.844,0.631,-0.686,0.635,0.148,0.827,-0.168,0.049,0.624,-0.627,0.24,0.777,0.461,0.78,0.828,-0.187,0.835,0.438,0.823,0.835,0.77,0.498,0.933,0.544,-0.036,0.614,0.062,0.862,0.1,0.27,0.809,-0.52,0.738,0.665,0.552,0.696,0.46,0.691,0.119,0.711,0.785,0.518,0.288,0.253,0.707,0.762,0.875,0.755,0.374,0.799,0.839,0.775,0.19,0.231,0.256,0.391,0.868,-0.346,0.35,0.545,0.534,0.625,0.336,0.694,0.77,-0.636,-0.071,0.486,-0.168,0.755
AOSL,0.72,0.721,0.512,0.415,0.305,0.787,0.769,0.731,0.44,0.869,0.229,0.0,0.436,0.297,0.785,0.892,0.081,0.807,0.383,0.879,0.748,0.824,0.518,0.787,0.789,0.783,0.685,0.822,0.595,0.636,0.827,0.852,0.847,0.757,0.743,0.775,0.747,0.731,0.568,0.606,0.672,0.175,0.794,0.018,0.633,0.023,0.587,0.931,0.383,0.383,-0.039,0.198,0.57,0.147,0.484,0.742,0.387,0.857,0.847,0.747,0.54,0.634,0.623,0.839,0.323,0.801,0.711,0.497,0.55,0.482,0.083,0.645,0.654,0.542,0.587,0.508,0.266,0.609,0.669,0.735,0.605,0.732,0.6,0.65,0.6,0.39,0.735,0.868,0.432,0.825,0.769,0.752,0.512,0.718,0.753,0.631,0.807,0.76,0.771,0.856,0.533,0.739,0.358,0.336,0.851,0.389,0.684,0.608,0.205,0.7,-0.053,0.811,-0.054,0.457,0.264,0.038,0.726,0.75,0.615,0.664,0.883,-0.113,0.83,0.677,0.468,0.697,0.609,0.839,0.552,0.738,0.429,0.724,0.378,0.755,0.79,0.571,0.752,0.622,0.715,0.049,0.838,0.45,0.835,0.6,-0.05,0.718,0.235,0.791,0.346,0.599,0.595,0.897,0.374,0.877,0.568,0.665,0.745,0.05,0.701,0.815,0.381,0.594,0.499,0.649,0.862,0.626,0.834,0.604,0.904,0.014,0.574,0.754,0.873,0.867,0.23,0.54,0.315,0.614,0.782,0.638,0.393,0.536,0.867,0.937,0.756,0.914,0.09,0.132,0.879,0.686,0.496,0.342,0.688,0.742,0.438,0.077,0.653,0.64,0.716,0.522
APDN,0.107,-0.173,0.902,-0.275,0.806,0.687,0.057,0.404,0.014,0.566,0.812,0.436,0.0,0.892,0.832,0.576,0.526,0.291,0.002,0.588,0.586,0.104,0.667,0.64,0.085,0.784,0.667,0.189,0.594,0.165,0.739,0.639,0.317,0.688,0.797,-0.093,0.03,0.78,-0.106,0.832,0.071,0.826,0.584,-0.644,-0.225,0.087,0.83,0.281,0.836,0.86,-0.502,0.898,0.917,-0.257,0.883,0.635,-0.588,0.518,0.497,0.806,0.713,0.542,-0.188,0.364,0.851,0.729,-0.044,0.913,0.073,0.858,0.72,0.797,0.807,0.942,0.772,-0.202,-0.672,0.656,0.395,0.243,0.743,0.204,0.293,0.893,0.839,0.935,0.812,0.438,0.502,0.594,0.211,0.412,0.866,0.063,0.291,0.858,-0.013,0.319,0.689,0.606,0.826,0.665,0.927,0.251,0.272,0.264,0.62,-0.324,-0.625,0.039,0.696,0.765,0.676,0.922,0.882,0.279,0.762,0.731,0.912,0.861,0.684,-0.593,0.181,-0.177,0.764,0.457,-0.315,0.284,0.193,0.8,0.906,0.768,-0.387,0.744,0.327,0.88,-0.049,0.305,0.673,-0.707,0.484,0.808,0.678,0.887,0.688,-0.069,0.882,0.656,0.721,0.828,0.901,0.589,0.891,0.702,-0.066,0.753,0.452,0.723,0.436,0.546,0.664,-0.283,0.713,0.638,0.723,0.729,0.695,0.623,0.386,0.646,0.896,0.738,0.491,0.572,0.403,0.775,0.873,0.927,0.617,0.86,0.811,0.795,0.464,0.434,0.627,0.611,0.82,-0.239,0.553,0.717,0.659,0.77,0.308,0.813,0.711,-0.664,0.058,0.751,0.002,0.828
APLT,0.015,-0.25,0.876,-0.348,0.884,0.69,0.037,0.255,-0.225,0.394,0.885,0.297,0.892,0.0,0.74,0.382,0.572,0.099,0.092,0.422,0.522,0.008,0.708,0.649,0.045,0.75,0.63,0.119,0.674,0.311,0.704,0.527,0.256,0.581,0.806,-0.251,-0.102,0.771,-0.198,0.798,0.02,0.891,0.565,-0.757,-0.401,-0.138,0.85,0.141,0.933,0.95,-0.386,0.919,0.918,-0.279,0.917,0.692,-0.629,0.473,0.44,0.743,0.798,0.688,-0.274,0.317,0.944,0.653,-0.233,0.941,0.018,0.945,0.773,0.801,0.827,0.904,0.7,-0.407,-0.75,0.668,0.394,0.17,0.744,0.131,0.399,0.82,0.845,0.959,0.744,0.378,0.463,0.456,0.094,0.347,0.922,-0.055,0.302,0.842,-0.187,0.264,0.636,0.446,0.827,0.595,0.963,0.414,0.165,0.064,0.62,-0.488,-0.555,0.008,0.87,0.713,0.796,0.944,0.95,0.273,0.707,0.697,0.902,0.843,0.603,-0.662,0.048,-0.301,0.811,0.401,-0.452,0.251,0.133,0.785,0.963,0.674,-0.563,0.701,0.336,0.906,-0.112,0.149,0.706,-0.62,0.235,0.825,0.634,0.87,0.831,-0.14,0.917,0.605,0.809,0.865,0.866,0.55,0.964,0.64,-0.032,0.75,0.306,0.916,0.393,0.387,0.688,-0.452,0.804,0.692,0.626,0.832,0.599,0.759,0.258,0.833,0.871,0.644,0.418,0.425,0.628,0.882,0.911,0.829,0.516,0.87,0.926,0.847,0.306,0.302,0.502,0.517,0.907,-0.236,0.473,0.705,0.713,0.809,0.386,0.811,0.672,-0.652,-0.077,0.719,-0.128,0.893
APVO,0.501,0.301,0.842,0.11,0.714,0.894,0.506,0.64,0.218,0.813,0.651,0.785,0.832,0.74,0.0,0.814,0.406,0.594,0.25,0.845,0.797,0.524,0.727,0.847,0.54,0.936,0.788,0.539,0.738,0.517,0.917,0.882,0.68,0.867,0.911,0.334,0.417,0.909,0.236,0.877,0.407,0.608,0.822,-0.422,0.168,-0.011,0.874,0.681,0.771,0.783,-0.292,0.672,0.896,-0.052,0.828,0.831,-0.147,0.788,0.759,0.947,0.787,0.694,0.278,0.716,0.723,0.89,0.337,0.865,0.413,0.831,0.494,0.838,0.894,0.884,0.776,0.103,-0.297,0.759,0.596,0.576,0.821,0.572,0.605,0.913,0.904,0.805,0.896,0.775,0.518,0.84,0.572,0.69,0.834,0.471,0.647,0.896,0.415,0.609,0.862,0.832,0.832,0.797,0.787,0.426,0.624,0.279,0.799,0.114,-0.272,0.44,0.42,0.918,0.419,0.855,0.712,0.177,0.893,0.841,0.934,0.9,0.913,-0.456,0.575,0.267,0.729,0.654,0.123,0.666,0.433,0.926,0.834,0.843,-0.068,0.902,0.67,0.88,0.395,0.494,0.867,-0.397,0.691,0.789,0.884,0.9,0.459,0.319,0.69,0.873,0.609,0.888,0.917,0.883,0.789,0.931,0.327,0.852,0.667,0.51,0.673,0.757,0.602,0.144,0.775,0.797,0.923,0.841,0.905,0.762,0.721,0.456,0.905,0.881,0.763,0.831,0.435,0.813,0.717,0.913,0.82,0.898,0.761,0.834,0.736,0.754,0.774,0.902,0.571,-0.072,0.821,0.831,0.718,0.665,0.571,0.933,0.658,-0.371,0.404,0.839,0.404,0.831
ARGX,0.668,0.58,0.651,0.263,0.295,0.747,0.668,0.634,0.376,0.913,0.275,0.892,0.576,0.382,0.814,0.0,0.026,0.809,0.169,0.941,0.763,0.64,0.524,0.732,0.718,0.827,0.616,0.664,0.54,0.433,0.829,0.828,0.79,0.725,0.697,0.682,0.672,0.774,0.508,0.668,0.636,0.223,0.763,-0.092,0.549,0.231,0.666,0.848,0.427,0.428,-0.249,0.343,0.619,0.006,0.573,0.7,0.157,0.856,0.845,0.75,0.507,0.521,0.471,0.805,0.376,0.737,0.609,0.585,0.49,0.559,0.246,0.655,0.72,0.675,0.606,0.535,0.097,0.532,0.641,0.687,0.683,0.595,0.432,0.793,0.661,0.522,0.774,0.831,0.564,0.88,0.764,0.743,0.532,0.699,0.706,0.692,0.706,0.767,0.833,0.824,0.555,0.717,0.488,0.243,0.853,0.442,0.713,0.439,-0.063,0.568,0.009,0.865,0.046,0.541,0.406,0.229,0.8,0.781,0.695,0.741,0.868,-0.287,0.769,0.527,0.526,0.726,0.431,0.739,0.589,0.737,0.535,0.73,0.296,0.726,0.735,0.588,0.565,0.602,0.696,-0.166,0.829,0.518,0.879,0.656,0.036,0.67,0.408,0.78,0.305,0.605,0.673,0.846,0.451,0.826,0.375,0.741,0.788,0.077,0.737,0.861,0.293,0.506,0.495,0.623,0.861,0.636,0.866,0.542,0.828,0.021,0.669,0.746,0.903,0.838,0.095,0.499,0.418,0.714,0.762,0.638,0.47,0.566,0.903,0.913,0.862,0.919,0.241,-0.039,0.91,0.745,0.614,0.477,0.602,0.741,0.457,-0.103,0.585,0.736,0.546,0.607
ARLP,0.038,-0.235,0.329,0.04,0.714,0.411,-0.052,0.151,0.117,0.222,0.533,0.081,0.526,0.572,0.406,0.026,0.0,-0.116,0.263,0.162,0.392,0.035,0.45,0.313,-0.037,0.357,0.546,-0.092,0.433,0.174,0.278,0.408,0.088,0.432,0.479,-0.315,-0.163,0.358,-0.094,0.465,-0.087,0.547,0.366,-0.306,-0.315,-0.311,0.481,-0.035,0.478,0.582,0.055,0.486,0.571,0.277,0.352,0.338,-0.43,0.125,0.051,0.524,0.495,0.296,-0.134,0.049,0.548,0.452,-0.095,0.55,0.21,0.507,0.435,0.414,0.357,0.419,0.395,-0.541,-0.521,0.248,0.13,0.039,0.229,0.303,0.426,0.31,0.545,0.465,0.299,0.135,-0.193,0.264,-0.173,0.156,0.488,-0.119,0.036,0.319,-0.121,0.044,0.156,0.318,0.594,0.38,0.509,0.287,-0.121,-0.371,0.321,-0.294,-0.347,-0.053,0.452,0.239,0.408,0.5,0.49,0.047,0.349,0.222,0.512,0.337,0.328,-0.124,-0.102,-0.159,0.409,0.003,-0.271,0.049,-0.172,0.379,0.527,0.34,-0.214,0.425,0.119,0.588,-0.075,0.143,0.423,-0.34,0.091,0.389,0.202,0.443,0.596,-0.399,0.388,0.438,0.436,0.508,0.525,0.255,0.522,0.338,0.161,0.393,0.03,0.552,0.108,0.02,0.495,-0.241,0.439,0.386,0.232,0.417,0.269,0.399,0.032,0.568,0.464,0.395,-0.094,0.314,0.403,0.564,0.405,0.459,0.298,0.53,0.424,0.471,-0.108,0.002,0.135,0.21,0.426,0.329,0.034,0.21,0.209,0.289,0.037,0.509,0.267,-0.391,-0.042,0.318,0.153,0.439
ATEX,0.547,0.688,0.388,0.273,0.141,0.618,0.639,0.564,0.501,0.819,0.182,0.807,0.291,0.099,0.594,0.809,-0.116,0.0,0.152,0.785,0.461,0.818,0.422,0.456,0.632,0.592,0.481,0.742,0.395,0.44,0.636,0.642,0.701,0.643,0.52,0.787,0.673,0.514,0.398,0.34,0.438,0.044,0.618,0.054,0.544,0.057,0.458,0.784,0.16,0.248,-0.176,0.099,0.375,0.013,0.349,0.57,0.432,0.734,0.736,0.578,0.358,0.266,0.476,0.717,0.073,0.537,0.636,0.315,0.392,0.291,-0.231,0.347,0.499,0.421,0.469,0.65,0.396,0.382,0.445,0.654,0.416,0.457,0.481,0.505,0.408,0.244,0.514,0.74,0.476,0.64,0.607,0.687,0.362,0.658,0.711,0.521,0.754,0.535,0.657,0.595,0.266,0.572,0.215,0.116,0.786,0.297,0.459,0.566,0.09,0.658,-0.172,0.591,-0.144,0.299,0.059,-0.07,0.526,0.474,0.429,0.54,0.64,-0.263,0.758,0.535,0.234,0.457,0.456,0.781,0.468,0.606,0.249,0.579,0.328,0.597,0.588,0.332,0.659,0.582,0.556,-0.018,0.799,0.335,0.634,0.433,-0.152,0.71,0.123,0.567,0.202,0.462,0.463,0.756,0.25,0.655,0.546,0.502,0.55,-0.146,0.422,0.667,0.245,0.574,0.349,0.521,0.719,0.385,0.687,0.428,0.677,-0.311,0.415,0.532,0.77,0.67,0.071,0.206,0.187,0.47,0.639,0.439,0.239,0.392,0.83,0.846,0.558,0.754,-0.02,-0.035,0.77,0.524,0.308,0.165,0.543,0.518,0.416,0.104,0.742,0.382,0.654,0.33
ATRA,0.232,0.388,-0.037,0.322,0.194,0.278,0.508,0.29,0.037,0.231,0.088,0.383,0.002,0.092,0.25,0.169,0.263,0.152,0.0,0.226,0.463,0.398,0.284,0.324,0.43,0.23,0.382,0.433,0.083,0.395,0.202,0.256,0.535,0.164,0.318,0.212,0.114,0.129,0.285,0.053,0.326,0.078,0.289,0.144,0.267,-0.208,0.166,0.3,0.068,0.087,0.249,-0.061,0.151,0.461,0.018,0.426,0.394,0.206,0.248,0.219,0.34,0.437,0.395,0.221,0.153,0.418,0.257,0.075,0.246,0.127,0.085,0.281,0.097,0.041,0.238,-0.045,0.235,0.165,0.374,0.097,0.095,0.478,0.358,0.046,0.173,-0.004,0.102,0.248,0.038,0.211,0.099,0.303,0.128,0.095,0.295,0.047,0.296,0.169,0.049,0.294,0.225,0.26,0.073,0.462,0.233,-0.033,0.199,0.4,0.452,0.434,-0.022,0.171,0.054,0.125,-0.022,0.092,0.094,0.113,0.148,0.058,0.29,0.4,0.237,0.339,0.155,0.089,0.309,0.261,0.039,0.274,0.089,0.212,0.269,0.127,0.357,0.272,0.388,0.197,0.231,0.342,0.247,-0.077,0.216,0.086,0.008,0.272,-0.115,0.26,0.277,0.157,0.06,0.388,0.107,0.279,0.398,0.253,0.023,0.041,0.17,0.2,0.309,0.25,0.059,0.203,0.167,0.298,0.162,0.292,0.306,0.092,0.091,0.374,0.166,0.256,0.536,0.267,0.006,0.116,0.131,0.194,0.058,0.046,0.072,0.289,0.205,0.273,-0.1,0.489,0.148,-0.035,0.108,0.019,0.283,0.307,0.189,0.261,0.181,0.205,0.422,0.131
AUTL,0.728,0.623,0.612,0.334,0.372,0.82,0.726,0.538,0.373,0.916,0.307,0.879,0.588,0.422,0.845,0.941,0.162,0.785,0.226,0.0,0.826,0.714,0.587,0.751,0.773,0.871,0.648,0.664,0.644,0.546,0.825,0.896,0.845,0.795,0.732,0.642,0.732,0.81,0.588,0.705,0.597,0.228,0.861,-0.01,0.523,0.081,0.754,0.838,0.43,0.503,-0.091,0.309,0.653,0.183,0.556,0.777,0.165,0.899,0.82,0.823,0.556,0.517,0.503,0.83,0.378,0.77,0.671,0.618,0.609,0.617,0.194,0.637,0.731,0.677,0.586,0.496,0.106,0.474,0.66,0.774,0.655,0.685,0.53,0.777,0.726,0.529,0.755,0.903,0.447,0.925,0.714,0.773,0.558,0.752,0.779,0.675,0.739,0.799,0.858,0.823,0.566,0.773,0.477,0.352,0.839,0.279,0.732,0.4,-0.1,0.671,0.006,0.859,0.013,0.547,0.408,0.215,0.855,0.76,0.724,0.729,0.907,-0.301,0.783,0.539,0.526,0.742,0.423,0.812,0.619,0.761,0.556,0.715,0.338,0.771,0.806,0.606,0.654,0.675,0.787,-0.115,0.774,0.544,0.901,0.689,0.073,0.602,0.37,0.863,0.332,0.68,0.714,0.887,0.48,0.858,0.537,0.766,0.819,0.112,0.775,0.849,0.275,0.539,0.587,0.669,0.87,0.701,0.885,0.614,0.821,0.05,0.667,0.773,0.872,0.893,0.115,0.543,0.383,0.692,0.849,0.67,0.48,0.623,0.88,0.885,0.818,0.957,0.214,0.126,0.92,0.776,0.562,0.418,0.637,0.79,0.386,-0.06,0.671,0.738,0.657,0.619
AVDL,0.713,0.462,0.58,0.355,0.474,0.774,0.69,0.503,0.2,0.798,0.295,0.748,0.586,0.522,0.797,0.763,0.392,0.461,0.463,0.826,0.0,0.537,0.608,0.784,0.73,0.819,0.738,0.504,0.667,0.524,0.767,0.869,0.83,0.662,0.712,0.452,0.558,0.806,0.616,0.748,0.685,0.305,0.815,-0.041,0.416,0.046,0.722,0.686,0.501,0.526,0.027,0.349,0.674,0.341,0.513,0.766,0.02,0.793,0.724,0.795,0.611,0.66,0.525,0.727,0.518,0.797,0.555,0.645,0.65,0.666,0.457,0.711,0.664,0.638,0.586,0.237,-0.077,0.457,0.69,0.629,0.685,0.802,0.553,0.723,0.785,0.556,0.715,0.771,0.269,0.86,0.616,0.73,0.526,0.617,0.652,0.569,0.574,0.8,0.73,0.869,0.733,0.723,0.524,0.47,0.681,0.139,0.741,0.309,-0.038,0.536,0.113,0.805,0.135,0.571,0.49,0.329,0.826,0.766,0.733,0.647,0.872,-0.118,0.675,0.499,0.618,0.754,0.368,0.608,0.456,0.693,0.618,0.645,0.325,0.7,0.811,0.7,0.541,0.592,0.742,-0.08,0.612,0.482,0.835,0.643,0.216,0.431,0.379,0.871,0.372,0.627,0.693,0.791,0.496,0.796,0.454,0.79,0.75,0.258,0.808,0.72,0.307,0.398,0.565,0.608,0.738,0.749,0.835,0.619,0.742,0.305,0.69,0.81,0.7,0.86,0.26,0.665,0.411,0.676,0.755,0.682,0.51,0.589,0.669,0.721,0.841,0.852,0.272,0.338,0.746,0.68,0.628,0.552,0.557,0.8,0.318,-0.133,0.456,0.815,0.584,0.68
BCRX,0.715,0.862,0.158,0.531,0.18,0.672,0.813,0.531,0.509,0.698,0.067,0.824,0.104,0.008,0.524,0.64,0.035,0.818,0.398,0.714,0.537,0.0,0.38,0.534,0.757,0.561,0.474,0.788,0.495,0.695,0.583,0.684,0.794,0.651,0.525,0.783,0.796,0.49,0.587,0.325,0.532,-0.108,0.728,0.283,0.633,-0.22,0.415,0.807,0.085,0.211,0.261,-0.131,0.297,0.331,0.188,0.642,0.646,0.705,0.682,0.569,0.358,0.391,0.632,0.771,0.02,0.533,0.776,0.222,0.631,0.227,-0.363,0.273,0.419,0.25,0.283,0.551,0.534,0.309,0.522,0.8,0.342,0.7,0.705,0.307,0.382,0.082,0.409,0.823,0.148,0.617,0.613,0.616,0.276,0.736,0.817,0.358,0.855,0.62,0.594,0.617,0.223,0.526,0.037,0.386,0.782,0.068,0.489,0.652,0.372,0.84,-0.293,0.517,-0.335,0.15,-0.074,-0.233,0.504,0.444,0.323,0.391,0.666,-0.018,0.768,0.681,0.16,0.454,0.636,0.871,0.501,0.543,0.133,0.457,0.465,0.588,0.743,0.277,0.897,0.527,0.627,0.326,0.636,0.254,0.596,0.335,-0.203,0.686,-0.121,0.642,0.127,0.439,0.344,0.778,0.132,0.667,0.829,0.443,0.568,-0.167,0.46,0.583,0.184,0.709,0.41,0.521,0.629,0.437,0.627,0.503,0.706,-0.232,0.286,0.532,0.667,0.689,0.167,0.294,-0.007,0.277,0.675,0.387,0.151,0.379,0.685,0.788,0.401,0.733,-0.194,0.292,0.717,0.48,0.195,-0.054,0.617,0.509,0.178,0.379,0.857,0.323,0.848,0.263
BHAT,0.269,0.164,0.707,-0.036,0.666,0.745,0.315,0.347,0.063,0.593,0.638,0.518,0.667,0.708,0.727,0.524,0.45,0.422,0.284,0.587,0.608,0.38,0.0,0.597,0.369,0.737,0.689,0.445,0.704,0.52,0.724,0.668,0.465,0.667,0.765,0.157,0.233,0.746,0.108,0.695,0.237,0.609,0.643,-0.399,-0.027,-0.16,0.765,0.399,0.704,0.727,-0.19,0.618,0.771,0.006,0.705,0.732,-0.188,0.651,0.579,0.777,0.776,0.599,0.134,0.493,0.637,0.712,0.129,0.748,0.26,0.756,0.393,0.71,0.729,0.733,0.685,-0.042,-0.302,0.587,0.395,0.402,0.658,0.375,0.581,0.723,0.766,0.699,0.655,0.562,0.39,0.573,0.305,0.585,0.76,0.273,0.542,0.718,0.184,0.415,0.662,0.566,0.693,0.699,0.694,0.37,0.386,0.107,0.558,-0.053,-0.254,0.321,0.508,0.697,0.428,0.732,0.632,0.143,0.683,0.654,0.77,0.757,0.674,-0.454,0.386,0.115,0.629,0.476,-0.07,0.51,0.32,0.774,0.739,0.679,-0.164,0.752,0.524,0.734,0.255,0.395,0.732,-0.356,0.432,0.695,0.648,0.76,0.465,0.186,0.602,0.686,0.654,0.793,0.763,0.709,0.736,0.721,0.302,0.688,0.421,0.571,0.45,0.492,0.551,-0.032,0.695,0.738,0.705,0.749,0.69,0.692,0.467,0.446,0.751,0.657,0.559,0.628,0.492,0.703,0.644,0.722,0.643,0.792,0.69,0.741,0.498,0.515,0.511,0.653,0.539,0.008,0.589,0.662,0.568,0.594,0.557,0.762,0.582,-0.356,0.248,0.583,0.279,0.712
BLBD,0.618,0.408,0.666,0.27,0.625,0.864,0.638,0.568,0.015,0.69,0.467,0.787,0.64,0.649,0.847,0.732,0.313,0.456,0.324,0.751,0.784,0.534,0.597,0.0,0.6,0.902,0.638,0.498,0.749,0.643,0.875,0.822,0.714,0.712,0.858,0.378,0.517,0.861,0.398,0.822,0.625,0.41,0.873,-0.316,0.273,-0.12,0.786,0.733,0.679,0.688,-0.026,0.456,0.781,0.004,0.712,0.837,-0.0,0.76,0.762,0.794,0.683,0.822,0.329,0.801,0.712,0.759,0.4,0.768,0.535,0.778,0.458,0.749,0.84,0.741,0.513,0.106,-0.163,0.687,0.796,0.652,0.801,0.654,0.611,0.765,0.785,0.676,0.826,0.812,0.405,0.795,0.68,0.552,0.718,0.505,0.687,0.745,0.474,0.768,0.82,0.765,0.722,0.637,0.641,0.655,0.684,0.229,0.89,0.159,0.005,0.477,0.311,0.893,0.286,0.684,0.634,0.092,0.856,0.881,0.809,0.779,0.901,-0.331,0.549,0.344,0.644,0.674,0.276,0.674,0.543,0.812,0.744,0.653,-0.006,0.777,0.796,0.767,0.518,0.32,0.842,-0.066,0.505,0.68,0.898,0.748,0.415,0.431,0.521,0.873,0.493,0.755,0.746,0.837,0.643,0.866,0.404,0.854,0.704,0.471,0.752,0.651,0.413,0.218,0.769,0.694,0.802,0.873,0.779,0.825,0.675,0.499,0.747,0.827,0.763,0.758,0.443,0.847,0.53,0.692,0.722,0.766,0.728,0.772,0.64,0.742,0.766,0.854,0.463,0.059,0.814,0.815,0.772,0.551,0.622,0.888,0.399,-0.067,0.447,0.882,0.377,0.821
BMRN,0.87,0.808,0.217,0.627,0.03,0.626,0.919,0.433,0.315,0.745,-0.106,0.789,0.085,0.045,0.54,0.718,-0.037,0.632,0.43,0.773,0.73,0.757,0.369,0.6,0.0,0.592,0.471,0.642,0.498,0.676,0.618,0.715,0.853,0.532,0.476,0.792,0.822,0.568,0.776,0.418,0.753,-0.156,0.7,0.317,0.73,-0.009,0.426,0.838,0.124,0.135,0.295,-0.143,0.287,0.421,0.175,0.612,0.545,0.772,0.684,0.537,0.377,0.477,0.852,0.808,0.037,0.544,0.779,0.256,0.753,0.305,-0.074,0.397,0.428,0.244,0.261,0.6,0.474,0.247,0.591,0.751,0.41,0.787,0.569,0.414,0.448,0.098,0.475,0.815,0.159,0.761,0.798,0.73,0.191,0.886,0.78,0.3,0.858,0.813,0.609,0.675,0.328,0.563,0.061,0.392,0.814,0.148,0.586,0.691,0.355,0.76,-0.342,0.616,-0.302,0.159,0.03,0.186,0.594,0.525,0.368,0.375,0.724,0.069,0.854,0.824,0.272,0.643,0.734,0.8,0.571,0.462,0.189,0.415,0.612,0.516,0.835,0.3,0.787,0.602,0.595,0.326,0.564,0.207,0.7,0.327,-0.247,0.745,-0.056,0.701,0.01,0.36,0.342,0.726,0.091,0.666,0.72,0.501,0.687,-0.186,0.758,0.614,-0.018,0.768,0.334,0.523,0.602,0.502,0.678,0.421,0.775,-0.193,0.333,0.523,0.733,0.745,0.047,0.317,-0.016,0.298,0.636,0.357,0.183,0.33,0.722,0.769,0.63,0.791,-0.202,0.331,0.737,0.519,0.387,0.134,0.617,0.52,0.015,0.285,0.658,0.513,0.775,0.321
BNGO,0.583,0.385,0.81,0.143,0.702,0.934,0.6,0.538,0.121,0.819,0.616,0.783,0.784,0.75,0.936,0.827,0.357,0.592,0.23,0.871,0.819,0.561,0.737,0.902,0.592,0.0,0.709,0.528,0.799,0.612,0.945,0.884,0.743,0.836,0.922,0.359,0.508,0.945,0.337,0.878,0.518,0.515,0.922,-0.376,0.215,-0.081,0.932,0.7,0.745,0.807,-0.175,0.603,0.885,-0.038,0.823,0.917,-0.104,0.851,0.835,0.919,0.766,0.757,0.236,0.809,0.739,0.811,0.378,0.878,0.507,0.877,0.464,0.792,0.945,0.893,0.65,0.152,-0.241,0.656,0.734,0.695,0.872,0.586,0.636,0.908,0.894,0.81,0.876,0.869,0.512,0.868,0.612,0.673,0.832,0.527,0.758,0.868,0.461,0.744,0.934,0.783,0.769,0.754,0.768,0.572,0.733,0.209,0.897,0.075,-0.219,0.523,0.388,0.963,0.347,0.803,0.722,0.183,0.952,0.901,0.925,0.911,0.951,-0.52,0.567,0.252,0.729,0.696,0.123,0.733,0.562,0.926,0.849,0.774,-0.056,0.883,0.8,0.844,0.474,0.435,0.938,-0.269,0.609,0.802,0.959,0.873,0.462,0.421,0.658,0.924,0.574,0.889,0.886,0.909,0.775,0.923,0.419,0.931,0.728,0.506,0.735,0.759,0.485,0.205,0.84,0.804,0.895,0.932,0.896,0.861,0.688,0.459,0.876,0.865,0.833,0.813,0.435,0.85,0.662,0.835,0.832,0.864,0.806,0.877,0.739,0.793,0.797,0.93,0.561,-0.033,0.908,0.907,0.801,0.622,0.651,0.952,0.53,-0.243,0.5,0.892,0.396,0.898
BUSE,0.391,0.213,0.684,0.119,0.618,0.767,0.398,0.608,0.254,0.719,0.566,0.685,0.667,0.63,0.788,0.616,0.546,0.481,0.382,0.648,0.738,0.474,0.689,0.638,0.471,0.709,0.0,0.526,0.664,0.463,0.767,0.781,0.581,0.74,0.8,0.305,0.292,0.751,0.231,0.704,0.288,0.641,0.657,-0.296,0.113,-0.088,0.684,0.524,0.652,0.644,-0.187,0.573,0.78,0.116,0.656,0.693,-0.115,0.683,0.596,0.834,0.746,0.678,0.339,0.51,0.568,0.894,0.307,0.721,0.308,0.687,0.406,0.83,0.659,0.675,0.865,-0.011,-0.224,0.66,0.38,0.373,0.57,0.578,0.583,0.708,0.81,0.625,0.766,0.574,0.319,0.656,0.371,0.735,0.697,0.36,0.487,0.72,0.363,0.456,0.614,0.786,0.834,0.875,0.636,0.181,0.413,0.163,0.543,0.177,-0.175,0.307,0.382,0.72,0.364,0.71,0.566,0.259,0.685,0.654,0.769,0.745,0.761,-0.225,0.522,0.353,0.708,0.539,0.168,0.536,0.093,0.747,0.659,0.848,0.061,0.785,0.504,0.836,0.31,0.674,0.686,-0.38,0.668,0.555,0.688,0.756,0.337,0.195,0.514,0.738,0.636,0.748,0.79,0.743,0.669,0.823,0.344,0.635,0.471,0.476,0.546,0.589,0.702,0.099,0.582,0.786,0.781,0.681,0.801,0.604,0.642,0.385,0.757,0.715,0.55,0.766,0.453,0.711,0.616,0.807,0.683,0.845,0.583,0.634,0.6,0.591,0.648,0.73,0.406,0.121,0.582,0.614,0.465,0.622,0.575,0.804,0.642,-0.452,0.222,0.585,0.499,0.627
CAKE,0.454,0.736,0.323,0.249,0.133,0.569,0.625,0.571,0.447,0.62,0.123,0.822,0.189,0.119,0.539,0.664,-0.092,0.742,0.433,0.664,0.504,0.788,0.445,0.498,0.642,0.528,0.526,0.0,0.398,0.662,0.575,0.576,0.695,0.58,0.527,0.737,0.601,0.49,0.47,0.305,0.507,0.092,0.54,0.126,0.633,-0.045,0.343,0.749,0.187,0.189,0.011,0.033,0.299,0.135,0.314,0.588,0.562,0.726,0.651,0.503,0.433,0.517,0.53,0.616,0.114,0.645,0.638,0.21,0.307,0.253,-0.11,0.494,0.414,0.323,0.51,0.517,0.431,0.512,0.467,0.535,0.371,0.537,0.554,0.389,0.335,0.178,0.506,0.647,0.515,0.482,0.521,0.608,0.344,0.533,0.641,0.462,0.671,0.517,0.539,0.614,0.287,0.596,0.157,0.208,0.679,0.346,0.36,0.643,0.379,0.772,-0.054,0.539,-0.165,0.271,0.035,-0.02,0.429,0.524,0.344,0.455,0.588,0.026,0.699,0.63,0.273,0.528,0.551,0.719,0.486,0.56,0.189,0.583,0.374,0.533,0.631,0.31,0.735,0.546,0.483,0.162,0.705,0.203,0.585,0.383,-0.247,0.682,0.059,0.475,0.369,0.408,0.336,0.75,0.211,0.645,0.523,0.4,0.497,-0.048,0.413,0.719,0.356,0.532,0.296,0.51,0.682,0.421,0.615,0.469,0.775,-0.13,0.304,0.516,0.731,0.622,0.262,0.292,0.201,0.383,0.634,0.467,0.189,0.307,0.723,0.78,0.496,0.671,-0.025,0.113,0.684,0.439,0.243,0.155,0.719,0.485,0.464,0.21,0.61,0.316,0.638,0.269
CASY,0.544,0.293,0.671,0.207,0.653,0.857,0.43,0.383,0.066,0.624,0.505,0.595,0.594,0.674,0.738,0.54,0.433,0.395,0.083,0.644,0.667,0.495,0.704,0.749,0.498,0.799,0.664,0.398,0.0,0.701,0.8,0.801,0.549,0.755,0.776,0.262,0.523,0.886,0.306,0.843,0.377,0.456,0.832,-0.31,0.08,-0.298,0.814,0.533,0.706,0.75,0.048,0.482,0.783,0.058,0.69,0.756,-0.156,0.793,0.672,0.837,0.712,0.681,0.252,0.743,0.623,0.68,0.323,0.784,0.51,0.788,0.33,0.668,0.813,0.684,0.527,0.057,-0.249,0.594,0.469,0.711,0.739,0.545,0.726,0.722,0.824,0.674,0.734,0.771,0.195,0.718,0.514,0.602,0.738,0.545,0.699,0.717,0.358,0.671,0.821,0.663,0.708,0.697,0.598,0.464,0.512,0.034,0.707,-0.035,-0.198,0.383,0.387,0.79,0.241,0.647,0.631,-0.031,0.842,0.792,0.787,0.772,0.798,-0.513,0.533,0.24,0.579,0.705,0.11,0.713,0.472,0.754,0.729,0.632,-0.08,0.879,0.716,0.716,0.462,0.444,0.873,-0.198,0.342,0.767,0.753,0.788,0.425,0.246,0.532,0.854,0.506,0.827,0.8,0.761,0.671,0.81,0.508,0.728,0.678,0.555,0.674,0.521,0.384,0.127,0.877,0.776,0.766,0.814,0.78,0.797,0.592,0.498,0.747,0.652,0.641,0.754,0.337,0.794,0.519,0.651,0.812,0.801,0.714,0.853,0.611,0.576,0.541,0.761,0.464,0.054,0.724,0.867,0.607,0.569,0.604,0.797,0.317,-0.248,0.413,0.657,0.4,0.765
CCOI,0.568,0.624,0.304,0.374,0.366,0.732,0.684,0.353,0.098,0.491,0.221,0.636,0.165,0.311,0.517,0.433,0.174,0.44,0.395,0.546,0.524,0.695,0.52,0.643,0.676,0.612,0.463,0.662,0.701,0.0,0.629,0.599,0.629,0.605,0.619,0.481,0.571,0.612,0.438,0.471,0.514,0.127,0.724,-0.021,0.381,-0.481,0.524,0.631,0.387,0.442,0.332,0.069,0.432,0.201,0.391,0.7,0.401,0.714,0.587,0.576,0.609,0.674,0.472,0.713,0.316,0.513,0.448,0.4,0.532,0.475,-0.028,0.463,0.573,0.338,0.266,0.203,0.216,0.478,0.512,0.662,0.463,0.573,0.808,0.373,0.5,0.293,0.483,0.744,0.196,0.505,0.53,0.476,0.477,0.569,0.735,0.465,0.511,0.611,0.611,0.499,0.388,0.514,0.241,0.595,0.596,-0.091,0.607,0.323,0.344,0.726,0.114,0.567,-0.055,0.324,0.239,-0.133,0.548,0.56,0.457,0.496,0.639,-0.151,0.547,0.486,0.376,0.481,0.374,0.785,0.549,0.575,0.369,0.428,0.135,0.629,0.767,0.416,0.696,0.282,0.724,0.265,0.291,0.425,0.617,0.464,0.097,0.496,0.146,0.641,0.32,0.58,0.415,0.75,0.35,0.663,0.719,0.518,0.466,0.26,0.5,0.464,0.261,0.382,0.633,0.661,0.582,0.664,0.576,0.728,0.59,0.19,0.395,0.47,0.608,0.554,0.458,0.565,0.214,0.293,0.629,0.533,0.46,0.581,0.491,0.597,0.351,0.661,0.128,0.201,0.651,0.587,0.434,0.163,0.763,0.583,0.181,0.222,0.55,0.418,0.53,0.493
CEVA,0.576,0.372,0.832,0.132,0.652,0.932,0.599,0.613,0.155,0.832,0.6,0.827,0.739,0.704,0.917,0.829,0.278,0.636,0.202,0.825,0.767,0.583,0.724,0.875,0.618,0.945,0.767,0.575,0.8,0.629,0.0,0.869,0.707,0.839,0.936,0.436,0.52,0.952,0.283,0.861,0.503,0.543,0.861,-0.408,0.216,-0.033,0.866,0.736,0.765,0.767,-0.224,0.603,0.873,-0.116,0.836,0.88,-0.06,0.866,0.847,0.912,0.817,0.795,0.326,0.811,0.697,0.842,0.371,0.852,0.444,0.839,0.41,0.841,0.924,0.853,0.718,0.202,-0.199,0.743,0.667,0.659,0.869,0.556,0.643,0.903,0.879,0.773,0.923,0.839,0.535,0.828,0.669,0.726,0.833,0.56,0.739,0.892,0.478,0.712,0.928,0.818,0.807,0.793,0.742,0.458,0.725,0.297,0.851,0.156,-0.155,0.484,0.381,0.97,0.361,0.799,0.683,0.176,0.911,0.912,0.898,0.932,0.944,-0.501,0.644,0.345,0.732,0.707,0.191,0.762,0.496,0.935,0.807,0.83,-0.058,0.923,0.757,0.851,0.46,0.482,0.902,-0.316,0.67,0.8,0.937,0.882,0.404,0.455,0.648,0.89,0.572,0.877,0.88,0.903,0.76,0.957,0.398,0.86,0.705,0.494,0.729,0.745,0.544,0.191,0.818,0.867,0.932,0.88,0.926,0.811,0.747,0.401,0.89,0.836,0.862,0.818,0.44,0.829,0.686,0.852,0.831,0.89,0.798,0.869,0.8,0.823,0.78,0.922,0.541,-0.144,0.896,0.911,0.786,0.66,0.694,0.927,0.604,-0.297,0.449,0.838,0.407,0.855
CHY,0.76,0.525,0.639,0.44,0.545,0.886,0.666,0.611,0.338,0.887,0.369,0.852,0.639,0.527,0.882,0.828,0.408,0.642,0.256,0.896,0.869,0.684,0.668,0.822,0.715,0.884,0.781,0.576,0.801,0.599,0.869,0.0,0.775,0.871,0.815,0.532,0.683,0.879,0.559,0.84,0.573,0.337,0.898,-0.089,0.403,-0.076,0.78,0.787,0.563,0.598,0.011,0.382,0.764,0.248,0.594,0.786,0.055,0.854,0.758,0.926,0.66,0.632,0.503,0.826,0.505,0.862,0.626,0.724,0.694,0.696,0.296,0.721,0.772,0.699,0.627,0.276,-0.037,0.547,0.623,0.771,0.703,0.813,0.66,0.774,0.837,0.584,0.817,0.884,0.259,0.921,0.667,0.78,0.635,0.72,0.742,0.695,0.673,0.79,0.828,0.9,0.732,0.821,0.533,0.394,0.71,0.177,0.782,0.323,-0.126,0.578,0.102,0.87,0.081,0.61,0.492,0.146,0.892,0.8,0.798,0.752,0.947,-0.258,0.747,0.541,0.595,0.748,0.413,0.791,0.528,0.795,0.647,0.748,0.271,0.874,0.792,0.728,0.62,0.664,0.863,-0.177,0.701,0.642,0.884,0.772,0.215,0.41,0.407,0.965,0.395,0.763,0.81,0.869,0.552,0.93,0.575,0.777,0.795,0.266,0.805,0.759,0.371,0.436,0.687,0.756,0.866,0.753,0.918,0.672,0.814,0.263,0.748,0.837,0.759,0.963,0.199,0.712,0.435,0.756,0.899,0.777,0.553,0.737,0.782,0.789,0.784,0.937,0.264,0.226,0.843,0.802,0.58,0.478,0.582,0.876,0.372,-0.152,0.599,0.774,0.691,0.683
