,AAPL,ACRS,ADP,AFYA,AGNC,AGYS,ALT,AMGN,AMPH,AMZN,ANIP,AOSL,APDN,APLT,APVO,ARGX,ARLP,ATEX,ATRA,AUTL,AVDL,BCRX,BHAT,BLBD,BMRN,BNGO,BUSE,CAKE,CASY,CCOI,CEVA,CHY,CLDX,CLMT,COHU,COLM,COST,CPRT,CSWC,CSX,DBX,DCOM,DKNG,DMLP,DOX,EA,EDIT,ENPH,ENSG,ERNA,ESGR,ETNB,EXTR,FANG,FARO,FATE,FGEN,FIVE,FIVN,FLGT,FOLD,FORM,FOXA,FRPT,FSLR,FTAI,GBDC,GDYN,GGAL,GNLN,GRFS,GT,HCAT,HCM,HFWA,HOLX,HQY,HUBG,IAC,ICLR,IDCC,IEP,IHRT,ILMN,ILPT,IMAB,IMOS,INMD,INTZ,JAZZ,JKHY,JRVR,KIDS,LBRDK,LGND,LMAT,LPLA,LULU,MASI,MAT,MATW,MBIN,MBIO,MCRB,MDB,MDLZ,MELI,MIRM,MLKN,MNMD,MNRO,MPWR,MRCY,MRSN,MTVA,NAAS,NDAQ,NDSN,NEGG,NOVT,NVDA,NWE,NWSA,NXST,OCX,ODFL,OMAB,OPCH,OPRA,ORGO,OTRK,OZK,PAGP,PCH,PEGA,PENG,PENN,PFBC,PGNY,PHAT,PHUN,PINC,PLUG,PLXS,PYPL,QLYS,QNCX,QQQX,QVCGA,RAPT,RBBN,RCKT,REPL,RMBS,ROAD,ROKU,ROP,RUSHA,SANM,SATS,SBCF,SBLK,SBUX,SCHL,SCSC,SDGR,SEIC,SFIX,SGRY,SKYW,SLP,SNES,STAA,STLD,STOK,SWKS,TER,TFIN,TIGO,TILE,TPIC,TTEC,TTEK,TTGT,UXIN,VERU,VLYPP,VNOM,VRNS,VRSN,WDAY,WERN,WINA,WKHS,WRLD,XP,XTKG,YY,ZION,ZM
AAPL,0.0,0.33,0.963,-0.482,0.902,0.825,-0.443,0.6,0.896,0.922,-0.178,0.838,0.858,0.299,0.392,0.243,-0.606,0.835,0.194,0.825,0.645,0.709,0.929,0.589,0.757,0.864,0.941,0.522,0.197,0.897,0.965,0.796,0.888,0.104,0.828,0.841,0.929,0.93,0.931,0.947,0.848,0.971,0.738,0.325,0.947,0.666,0.445,-0.322,0.865,0.892,-0.229,-0.12,-0.192,-0.368,0.889,0.868,0.951,0.225,0.934,0.959,0.738,0.947,0.895,0.87,-0.804,0.154,0.415,0.55,-0.586,0.921,0.504,0.889,0.693,0.133,0.537,0.865,-0.763,0.929,0.785,0.82,0.956,0.504,0.026,0.393,0.948,0.657,0.855,0.614,0.098,0.772,0.666,0.825,0.885,0.953,0.94,0.73,0.267,-0.101,0.779,0.797,0.971,0.863,0.932,-0.358,0.857,0.974,0.421,0.054,0.961,0.722,0.925,0.965,0.953,-0.32,-0.027,0.492,0.493,0.913,0.786,0.985,0.967,0.816,0.92,0.76,0.66,0.96,0.14,0.178,-0.034,0.962,0.467,0.818,-0.058,0.844,0.362,0.949,0.919,0.979,0.767,0.739,0.302,0.957,0.067,0.909,0.519,0.305,0.923,0.954,0.936,0.635,0.731,0.848,0.813,0.952,0.26,0.835,0.951,0.971,0.905,0.907,0.967,0.905,0.072,-0.16,0.8,0.557,0.759,0.88,0.9,0.812,0.838,0.649,0.793,0.416,0.902,0.95,0.959,0.951,0.932,0.958,0.56,0.955,0.943,0.954,-0.617,0.847,0.825,0.107,0.653,0.918,0.435,0.981,0.819,0.896,0.863,0.7,-0.042,-0.237,0.393,0.817
ACRS,0.33,0.0,0.361,0.05,0.352,0.354,0.262,0.31,0.179,0.312,0.401,0.421,0.251,0.118,0.127,0.49,-0.042,0.329,0.23,0.319,0.437,0.632,0.221,0.378,0.454,0.29,0.153,0.378,0.235,0.221,0.216,0.318,0.257,0.416,0.413,0.35,0.385,0.3,0.308,0.387,0.178,0.268,0.041,0.34,0.291,0.137,0.562,-0.088,0.312,0.143,-0.041,-0.204,0.225,0.17,0.222,0.586,0.319,0.059,0.225,0.255,0.605,0.31,0.279,0.309,-0.153,0.131,0.351,0.614,-0.012,0.127,0.093,0.414,0.411,0.2,0.074,0.352,-0.257,0.387,0.203,0.287,0.259,0.101,-0.036,0.448,0.202,0.347,0.355,0.347,-0.219,0.623,0.254,0.143,0.311,0.25,0.453,0.267,0.089,-0.008,0.22,0.257,0.346,0.31,0.399,-0.033,0.255,0.324,0.079,0.472,0.312,0.232,0.189,0.294,0.307,0.488,-0.149,0.174,0.133,0.347,0.392,0.267,0.297,0.202,0.301,0.229,0.053,0.375,0.187,0.147,-0.041,0.22,0.17,0.268,0.35,0.391,-0.049,0.254,0.35,0.273,0.262,-0.004,-0.247,0.274,0.212,0.315,0.057,0.255,0.117,0.238,0.143,0.568,0.41,0.625,0.547,0.359,0.306,0.21,0.321,0.297,0.385,0.261,0.244,0.241,-0.055,0.349,-0.043,0.366,0.128,0.112,0.206,0.266,0.437,0.244,0.465,0.379,0.129,0.378,0.274,0.181,0.318,0.29,0.342,0.224,0.282,0.299,-0.012,0.125,0.034,0.275,0.158,0.235,0.042,0.277,0.193,0.214,0.092,0.566,-0.064,0.36,0.135,0.001
ADP,0.963,0.361,0.0,-0.54,0.93,0.875,-0.375,0.674,0.904,0.86,-0.091,0.89,0.88,0.329,0.291,0.3,-0.516,0.896,0.078,0.842,0.655,0.759,0.907,0.666,0.82,0.816,0.911,0.445,0.291,0.837,0.938,0.746,0.861,0.154,0.825,0.762,0.934,0.953,0.946,0.944,0.77,0.943,0.622,0.302,0.975,0.605,0.444,-0.384,0.887,0.859,-0.41,-0.254,-0.079,-0.374,0.847,0.863,0.954,0.135,0.953,0.95,0.81,0.973,0.855,0.871,-0.833,0.024,0.407,0.587,-0.633,0.861,0.406,0.89,0.797,0.042,0.405,0.804,-0.812,0.964,0.691,0.754,0.968,0.419,-0.076,0.366,0.944,0.681,0.936,0.537,0.091,0.802,0.692,0.71,0.84,0.951,0.954,0.652,0.174,-0.21,0.729,0.756,0.977,0.898,0.91,-0.447,0.884,0.985,0.28,0.223,0.974,0.764,0.891,0.971,0.938,-0.189,-0.169,0.606,0.392,0.895,0.829,0.959,0.978,0.759,0.854,0.645,0.587,0.949,0.027,0.14,-0.048,0.929,0.354,0.754,-0.067,0.813,0.226,0.946,0.884,0.944,0.745,0.609,0.135,0.939,0.054,0.918,0.408,0.277,0.905,0.901,0.912,0.652,0.709,0.874,0.856,0.944,0.365,0.774,0.952,0.956,0.938,0.918,0.946,0.866,-0.034,-0.099,0.767,0.517,0.681,0.81,0.849,0.821,0.904,0.74,0.829,0.459,0.82,0.91,0.938,0.9,0.959,0.967,0.62,0.911,0.922,0.938,-0.59,0.769,0.739,0.124,0.588,0.896,0.395,0.961,0.743,0.831,0.798,0.688,-0.177,-0.173,0.306,0.75
AFYA,-0.482,0.05,-0.54,0.0,-0.568,-0.571,0.012,-0.698,-0.565,-0.298,0.248,-0.471,-0.601,0.256,0.19,0.385,0.327,-0.723,0.421,-0.612,-0.424,-0.521,-0.656,-0.676,-0.52,-0.367,-0.51,0.376,0.083,-0.419,-0.495,-0.102,-0.354,0.254,-0.187,-0.032,-0.457,-0.698,-0.514,-0.399,-0.184,-0.483,-0.076,0.266,-0.576,-0.143,0.04,0.545,-0.303,-0.618,0.484,0.558,0.163,0.701,-0.303,-0.265,-0.551,0.179,-0.635,-0.412,-0.489,-0.546,-0.346,-0.464,0.728,0.433,0.27,-0.27,0.818,-0.501,0.289,-0.376,-0.469,0.516,0.17,-0.284,0.783,-0.528,-0.164,-0.16,-0.556,0.0,0.553,0.044,-0.551,-0.532,-0.605,0.174,0.198,-0.39,-0.105,-0.169,-0.137,-0.646,-0.476,-0.009,0.475,0.547,-0.121,-0.031,-0.549,-0.63,-0.412,0.789,-0.454,-0.559,0.33,-0.337,-0.554,-0.658,-0.523,-0.492,-0.44,0.229,0.5,-0.209,0.15,-0.33,-0.714,-0.466,-0.561,-0.105,-0.259,-0.071,0.018,-0.596,0.559,0.471,0.157,-0.548,-0.333,-0.023,0.588,-0.329,0.353,-0.43,-0.39,-0.472,0.041,-0.167,0.186,-0.509,0.526,-0.365,0.165,0.574,-0.612,-0.307,-0.593,-0.159,-0.265,-0.385,-0.541,-0.353,-0.229,-0.22,-0.518,-0.454,-0.37,-0.65,-0.596,-0.308,0.484,-0.331,-0.534,0.28,-0.116,-0.465,-0.252,-0.713,-0.423,-0.646,-0.215,0.076,-0.39,-0.336,-0.451,-0.433,-0.601,-0.609,-0.65,-0.513,-0.371,-0.358,0.456,-0.376,-0.299,0.424,0.215,-0.485,-0.082,-0.483,-0.237,-0.408,-0.34,-0.036,0.599,0.251,0.34,-0.532
AGNC,0.902,0.352,0.93,-0.568,0.0,0.88,-0.318,0.709,0.784,0.862,0.07,0.865,0.783,0.255,0.371,0.274,-0.531,0.892,0.105,0.852,0.653,0.756,0.863,0.798,0.861,0.862,0.886,0.43,0.239,0.761,0.929,0.73,0.855,0.151,0.837,0.732,0.898,0.943,0.906,0.91,0.742,0.907,0.633,0.261,0.911,0.653,0.552,-0.249,0.829,0.821,-0.364,-0.366,0.005,-0.412,0.85,0.842,0.924,0.194,0.895,0.894,0.769,0.917,0.819,0.795,-0.734,0.07,0.496,0.533,-0.547,0.875,0.353,0.915,0.723,0.011,0.377,0.75,-0.808,0.916,0.718,0.71,0.897,0.491,-0.032,0.542,0.91,0.712,0.893,0.59,0.009,0.72,0.581,0.687,0.77,0.898,0.936,0.611,0.205,-0.141,0.765,0.668,0.906,0.937,0.909,-0.42,0.873,0.921,0.324,0.331,0.946,0.735,0.884,0.936,0.84,-0.162,-0.265,0.479,0.418,0.879,0.799,0.909,0.946,0.708,0.837,0.618,0.549,0.896,0.087,0.124,0.184,0.914,0.428,0.691,-0.097,0.785,0.192,0.903,0.913,0.897,0.671,0.564,0.142,0.911,0.159,0.89,0.445,0.243,0.878,0.84,0.868,0.68,0.642,0.869,0.821,0.858,0.528,0.778,0.931,0.929,0.885,0.907,0.9,0.756,0.001,0.043,0.683,0.467,0.638,0.852,0.784,0.885,0.918,0.705,0.832,0.582,0.753,0.894,0.933,0.845,0.908,0.912,0.766,0.907,0.911,0.869,-0.485,0.731,0.772,0.005,0.532,0.871,0.521,0.897,0.7,0.865,0.778,0.683,-0.224,-0.076,0.354,0.747
AGYS,0.825,0.354,0.875,-0.571,0.88,0.0,-0.143,0.674,0.752,0.728,0.059,0.861,0.707,0.186,0.192,0.105,-0.425,0.896,-0.091,0.889,0.749,0.729,0.82,0.832,0.734,0.764,0.804,0.257,0.096,0.709,0.848,0.517,0.725,0.165,0.703,0.612,0.793,0.905,0.849,0.754,0.552,0.854,0.466,0.2,0.904,0.598,0.416,-0.487,0.655,0.798,-0.491,-0.473,0.168,-0.435,0.708,0.692,0.837,0.057,0.919,0.783,0.695,0.857,0.833,0.819,-0.744,-0.188,0.36,0.574,-0.685,0.802,0.189,0.899,0.771,0.027,0.263,0.637,-0.709,0.875,0.621,0.536,0.882,0.541,-0.196,0.447,0.873,0.756,0.917,0.467,-0.213,0.741,0.403,0.597,0.629,0.877,0.811,0.473,0.02,-0.399,0.628,0.504,0.863,0.923,0.792,-0.615,0.843,0.873,0.136,0.268,0.868,0.824,0.769,0.847,0.781,-0.178,-0.33,0.492,0.151,0.7,0.822,0.807,0.876,0.515,0.77,0.557,0.413,0.859,-0.111,-0.153,0.024,0.814,0.346,0.606,-0.171,0.707,0.106,0.842,0.763,0.814,0.507,0.486,-0.005,0.765,0.094,0.888,0.308,0.145,0.806,0.71,0.826,0.702,0.791,0.774,0.802,0.779,0.28,0.714,0.834,0.807,0.82,0.893,0.875,0.613,-0.194,0.198,0.642,0.35,0.485,0.722,0.596,0.903,0.838,0.791,0.717,0.439,0.65,0.775,0.791,0.764,0.869,0.879,0.689,0.829,0.765,0.803,-0.31,0.646,0.608,-0.05,0.367,0.719,0.441,0.834,0.5,0.765,0.664,0.525,-0.181,-0.013,0.15,0.678
ALT,-0.443,0.262,-0.375,0.012,-0.318,-0.143,0.0,0.11,-0.517,-0.433,0.208,-0.33,-0.337,-0.465,-0.358,-0.335,0.351,-0.139,-0.208,-0.242,-0.076,-0.075,-0.374,0.154,-0.133,-0.368,-0.451,-0.444,-0.115,-0.383,-0.496,-0.464,-0.458,0.047,-0.488,-0.478,-0.3,-0.262,-0.423,-0.385,-0.53,-0.471,-0.579,-0.304,-0.328,-0.365,-0.035,-0.163,-0.466,-0.403,-0.054,-0.421,0.296,-0.0,-0.505,-0.289,-0.362,-0.12,-0.348,-0.544,-0.044,-0.444,-0.307,-0.389,0.295,-0.293,-0.176,-0.044,0.124,-0.423,-0.509,-0.298,-0.135,-0.053,-0.437,-0.403,0.16,-0.364,-0.344,-0.411,-0.399,-0.335,-0.257,-0.004,-0.459,0.007,-0.287,-0.434,-0.533,-0.152,-0.411,-0.604,-0.579,-0.355,-0.368,-0.475,-0.468,-0.194,-0.461,-0.579,-0.38,-0.161,-0.383,-0.184,-0.417,-0.396,-0.428,0.327,-0.419,-0.165,-0.393,-0.49,-0.517,0.341,-0.401,-0.334,-0.43,-0.46,-0.118,-0.498,-0.431,-0.598,-0.417,-0.351,-0.633,-0.319,-0.379,-0.395,-0.015,-0.458,-0.042,-0.532,-0.172,-0.167,-0.434,-0.524,-0.378,-0.473,-0.599,-0.492,-0.599,-0.432,-0.209,-0.412,-0.491,-0.408,-0.442,-0.534,-0.361,-0.234,-0.081,-0.196,-0.12,-0.5,-0.131,-0.433,-0.4,-0.475,-0.421,-0.286,-0.408,-0.593,-0.45,0.645,-0.42,-0.524,-0.489,-0.422,-0.595,-0.1,-0.335,-0.107,-0.397,-0.096,-0.584,-0.461,-0.495,-0.54,-0.362,-0.395,-0.002,-0.391,-0.475,-0.462,0.369,-0.438,-0.647,-0.294,-0.583,-0.41,-0.21,-0.49,-0.528,-0.468,-0.452,-0.337,-0.268,0.315,-0.444,-0.416
AMGN,0.6,0.31,0.674,-0.698,0.709,0.674,0.11,0.0,0.506,0.598,-0.035,0.454,0.668,-0.138,0.08,-0.018,-0.51,0.737,0.101,0.551,0.345,0.591,0.691,0.77,0.877,0.596,0.653,0.053,0.291,0.53,0.57,0.502,0.56,-0.145,0.363,0.366,0.746,0.764,0.516,0.642,0.493,0.587,0.313,-0.294,0.706,0.304,0.468,-0.334,0.546,0.568,-0.258,-0.632,-0.187,-0.655,0.553,0.629,0.692,0.287,0.645,0.525,0.763,0.57,0.59,0.382,-0.572,-0.033,0.097,0.327,-0.608,0.585,0.089,0.514,0.555,-0.019,0.189,0.619,-0.776,0.576,0.486,0.514,0.584,-0.003,-0.119,0.27,0.559,0.667,0.624,0.197,-0.314,0.536,0.433,0.307,0.372,0.7,0.692,0.415,-0.17,-0.131,0.46,0.344,0.633,0.734,0.566,-0.495,0.418,0.683,0.044,0.511,0.64,0.566,0.709,0.586,0.483,0.059,-0.634,0.205,0.276,0.591,0.65,0.587,0.623,0.358,0.5,0.359,0.056,0.641,-0.383,-0.047,-0.024,0.656,0.581,0.351,-0.534,0.69,-0.019,0.485,0.652,0.626,0.262,0.332,-0.153,0.628,-0.282,0.49,0.183,-0.212,0.657,0.5,0.676,0.258,0.361,0.681,0.642,0.491,0.471,0.514,0.732,0.597,0.501,0.609,0.66,0.403,-0.148,0.337,0.621,0.098,0.461,0.622,0.463,0.733,0.554,0.458,0.413,0.19,0.495,0.585,0.63,0.542,0.607,0.603,0.618,0.634,0.604,0.539,-0.523,0.408,0.333,-0.39,0.113,0.733,0.376,0.566,0.517,0.535,0.564,0.168,-0.608,-0.253,0.099,0.655
AMPH,0.896,0.179,0.904,-0.565,0.784,0.752,-0.517,0.506,0.0,0.71,-0.284,0.836,0.89,0.335,0.148,0.196,-0.449,0.813,-0.085,0.774,0.62,0.683,0.872,0.454,0.608,0.656,0.843,0.292,0.187,0.824,0.866,0.598,0.759,0.051,0.69,0.615,0.767,0.853,0.912,0.798,0.662,0.885,0.531,0.309,0.9,0.461,0.144,-0.509,0.772,0.874,-0.424,-0.084,-0.187,-0.33,0.735,0.686,0.874,-0.081,0.918,0.902,0.664,0.933,0.723,0.877,-0.911,-0.1,0.147,0.491,-0.743,0.773,0.328,0.737,0.751,-0.121,0.332,0.684,-0.774,0.896,0.524,0.607,0.938,0.339,-0.215,0.062,0.912,0.554,0.88,0.336,0.222,0.746,0.611,0.692,0.756,0.916,0.838,0.546,0.021,-0.33,0.546,0.69,0.923,0.744,0.761,-0.496,0.829,0.919,0.132,0.05,0.894,0.751,0.791,0.902,0.929,-0.309,-0.024,0.655,0.225,0.745,0.797,0.898,0.912,0.688,0.737,0.548,0.578,0.889,-0.062,0.031,-0.257,0.862,0.259,0.658,-0.071,0.601,0.153,0.898,0.717,0.882,0.641,0.594,0.195,0.852,-0.14,0.805,0.257,0.135,0.875,0.828,0.849,0.558,0.649,0.696,0.749,0.89,0.193,0.637,0.831,0.868,0.843,0.861,0.915,0.878,-0.127,-0.227,0.789,0.422,0.568,0.692,0.799,0.685,0.763,0.742,0.657,0.204,0.839,0.781,0.829,0.862,0.909,0.941,0.461,0.826,0.789,0.854,-0.67,0.742,0.697,0.188,0.488,0.78,0.15,0.918,0.66,0.73,0.682,0.556,-0.183,-0.305,0.138,0.715
AMZN,0.922,0.312,0.86,-0.298,0.862,0.728,-0.433,0.598,0.71,0.0,-0.085,0.661,0.719,0.288,0.587,0.325,-0.727,0.672,0.496,0.664,0.448,0.535,0.822,0.524,0.777,0.911,0.93,0.709,0.285,0.835,0.912,0.928,0.901,0.054,0.815,0.942,0.933,0.826,0.786,0.933,0.953,0.916,0.88,0.215,0.848,0.753,0.632,-0.055,0.848,0.763,0.011,-0.073,-0.237,-0.37,0.948,0.888,0.884,0.541,0.795,0.893,0.647,0.807,0.919,0.675,-0.568,0.428,0.575,0.378,-0.358,0.911,0.7,0.844,0.509,0.401,0.744,0.937,-0.613,0.783,0.931,0.93,0.816,0.542,0.363,0.545,0.842,0.587,0.681,0.784,0.057,0.615,0.698,0.875,0.899,0.844,0.891,0.878,0.499,0.225,0.92,0.862,0.854,0.794,0.895,-0.086,0.713,0.879,0.686,-0.009,0.865,0.537,0.939,0.882,0.826,-0.299,-0.001,0.327,0.744,0.946,0.572,0.931,0.861,0.881,0.958,0.867,0.689,0.827,0.32,0.395,0.174,0.916,0.607,0.908,-0.087,0.916,0.6,0.854,0.965,0.941,0.833,0.825,0.443,0.906,0.226,0.848,0.751,0.452,0.858,0.952,0.879,0.545,0.619,0.805,0.662,0.863,0.317,0.938,0.938,0.931,0.809,0.752,0.876,0.831,0.353,-0.209,0.773,0.668,0.906,0.939,0.917,0.736,0.754,0.387,0.755,0.509,0.885,0.97,0.955,0.921,0.773,0.807,0.466,0.926,0.963,0.917,-0.559,0.798,0.85,0.008,0.784,0.943,0.65,0.898,0.912,0.911,0.939,0.65,0.039,-0.27,0.666,0.858
ANIP,-0.178,0.401,-0.091,0.248,0.07,0.059,0.208,-0.035,-0.284,-0.085,0.0,0.091,-0.289,0.038,0.137,0.407,0.193,-0.049,0.086,-0.021,0.095,0.168,-0.258,0.249,0.132,0.046,-0.179,0.166,0.064,-0.277,-0.128,-0.024,-0.054,0.308,0.143,-0.008,-0.098,-0.13,-0.079,-0.084,-0.216,-0.12,-0.152,0.177,-0.173,0.188,0.423,0.312,-0.069,-0.283,-0.112,-0.217,0.41,0.248,-0.049,0.108,-0.146,0.046,-0.191,-0.128,0.027,-0.115,-0.127,-0.122,0.338,0.02,0.47,0.262,0.37,-0.214,-0.086,0.146,0.092,0.127,-0.123,-0.149,0.194,-0.014,-0.073,-0.164,-0.204,0.159,0.103,0.451,-0.17,0.106,0.014,0.244,-0.223,0.092,-0.139,-0.136,-0.059,-0.195,0.006,-0.027,0.176,0.036,0.082,-0.154,-0.178,0.005,-0.024,0.187,0.009,-0.13,0.024,0.459,-0.124,-0.193,-0.189,-0.115,-0.161,0.524,-0.206,-0.025,-0.037,-0.05,-0.107,-0.183,-0.117,-0.085,-0.075,-0.192,-0.122,-0.164,0.305,0.085,0.313,-0.175,-0.225,-0.069,0.346,-0.076,-0.139,-0.095,-0.059,-0.188,-0.005,-0.392,-0.179,-0.147,0.553,0.005,0.04,0.235,-0.238,-0.181,-0.291,0.418,-0.022,0.171,0.052,-0.149,0.476,-0.032,-0.101,-0.112,-0.009,-0.098,-0.209,-0.256,0.138,0.389,-0.461,0.27,-0.222,-0.186,-0.239,-0.017,0.209,-0.018,0.268,0.41,-0.294,-0.047,-0.109,-0.214,-0.12,-0.156,0.287,-0.153,-0.064,-0.139,0.486,-0.233,-0.098,0.101,-0.03,-0.205,0.242,-0.157,-0.242,-0.018,-0.265,0.219,-0.011,0.732,0.13,-0.324
AOSL,0.838,0.421,0.89,-0.471,0.865,0.861,-0.33,0.454,0.836,0.661,0.091,0.0,0.749,0.394,0.166,0.323,-0.222,0.87,-0.192,0.889,0.819,0.827,0.766,0.683,0.64,0.661,0.728,0.316,0.168,0.687,0.846,0.505,0.69,0.348,0.858,0.596,0.728,0.854,0.952,0.783,0.525,0.83,0.395,0.548,0.863,0.511,0.306,-0.438,0.732,0.766,-0.556,-0.267,0.199,-0.131,0.672,0.722,0.814,-0.201,0.876,0.855,0.709,0.943,0.679,0.922,-0.804,-0.134,0.409,0.726,-0.553,0.703,0.175,0.893,0.835,-0.154,0.151,0.543,-0.72,0.954,0.463,0.488,0.905,0.511,-0.303,0.404,0.878,0.597,0.948,0.459,0.092,0.799,0.504,0.571,0.714,0.82,0.834,0.403,0.059,-0.417,0.544,0.571,0.89,0.835,0.819,-0.528,0.951,0.855,0.071,0.293,0.893,0.765,0.667,0.899,0.872,-0.099,-0.145,0.673,0.095,0.721,0.847,0.818,0.914,0.584,0.712,0.448,0.526,0.884,0.079,-0.024,-0.0,0.785,0.097,0.574,0.201,0.568,-0.02,0.916,0.724,0.788,0.606,0.357,-0.015,0.804,0.181,0.893,0.188,0.283,0.752,0.732,0.73,0.792,0.746,0.808,0.832,0.873,0.358,0.577,0.77,0.838,0.926,0.903,0.824,0.726,-0.237,0.025,0.507,0.419,0.374,0.602,0.655,0.766,0.928,0.852,0.837,0.536,0.617,0.773,0.793,0.736,0.932,0.918,0.675,0.771,0.759,0.814,-0.339,0.638,0.64,0.316,0.44,0.65,0.232,0.852,0.465,0.701,0.543,0.771,-0.12,0.113,0.105,0.495
APDN,0.858,0.251,0.88,-0.601,0.783,0.707,-0.337,0.668,0.89,0.719,-0.289,0.749,0.0,0.252,0.12,0.178,-0.42,0.793,0.017,0.702,0.55,0.67,0.846,0.507,0.705,0.639,0.81,0.285,0.331,0.78,0.798,0.643,0.703,0.07,0.646,0.585,0.817,0.854,0.835,0.827,0.687,0.82,0.478,0.197,0.881,0.376,0.209,-0.433,0.803,0.793,-0.333,-0.188,-0.283,-0.363,0.732,0.721,0.834,0.025,0.843,0.846,0.756,0.864,0.691,0.749,-0.835,0.031,0.171,0.517,-0.705,0.728,0.309,0.671,0.712,-0.049,0.328,0.741,-0.838,0.836,0.527,0.653,0.869,0.16,-0.17,0.128,0.808,0.519,0.809,0.316,0.07,0.745,0.674,0.584,0.712,0.864,0.851,0.54,0.002,-0.215,0.523,0.684,0.881,0.725,0.761,-0.449,0.716,0.885,0.121,0.213,0.852,0.716,0.787,0.85,0.855,-0.206,-0.183,0.58,0.306,0.763,0.784,0.849,0.86,0.636,0.691,0.548,0.488,0.861,-0.117,0.104,-0.202,0.82,0.381,0.605,-0.144,0.693,0.1,0.807,0.746,0.854,0.591,0.546,0.065,0.865,-0.208,0.731,0.24,0.085,0.822,0.787,0.808,0.435,0.577,0.752,0.728,0.85,0.283,0.603,0.833,0.83,0.799,0.783,0.857,0.815,-0.115,-0.132,0.761,0.334,0.598,0.682,0.777,0.664,0.728,0.659,0.617,0.224,0.769,0.779,0.819,0.81,0.861,0.875,0.502,0.792,0.781,0.807,-0.702,0.667,0.576,0.108,0.444,0.835,0.178,0.835,0.688,0.664,0.682,0.5,-0.341,-0.284,0.161,0.699
APLT,0.299,0.118,0.329,0.256,0.255,0.186,-0.465,-0.138,0.335,0.288,0.038,0.394,0.252,0.0,0.186,0.546,0.06,0.086,0.137,0.156,0.098,0.124,0.103,-0.114,0.095,0.13,0.23,0.502,0.523,0.146,0.307,0.377,0.212,0.545,0.529,0.405,0.29,0.152,0.376,0.35,0.329,0.277,0.246,0.536,0.285,0.192,0.106,0.18,0.517,0.09,-0.152,0.34,0.28,0.406,0.347,0.298,0.261,-0.006,0.212,0.432,0.172,0.378,0.176,0.323,-0.103,0.272,0.39,0.249,0.12,0.153,0.358,0.295,0.238,0.138,0.207,0.223,-0.048,0.343,0.116,0.265,0.305,0.196,0.188,0.115,0.28,-0.196,0.314,0.38,0.446,0.197,0.592,0.267,0.499,0.139,0.278,0.308,0.426,0.178,0.27,0.573,0.324,0.138,0.259,0.257,0.358,0.275,0.231,-0.064,0.301,0.219,0.147,0.379,0.347,0.104,0.212,0.58,0.263,0.4,0.05,0.332,0.325,0.497,0.267,0.193,0.484,0.206,0.437,0.464,0.083,0.213,-0.299,0.423,0.525,0.183,0.226,0.445,0.238,0.278,0.598,0.206,0.119,0.322,0.419,0.432,0.284,0.652,0.121,0.379,0.138,0.281,0.213,0.256,0.138,0.489,0.182,0.217,0.26,0.349,0.525,0.162,0.213,0.415,0.282,-0.479,0.137,0.484,0.305,0.112,0.425,-0.042,0.427,0.18,0.468,0.387,0.232,0.39,0.334,0.297,0.312,0.279,0.029,0.205,0.375,0.398,-0.106,0.082,0.283,0.644,0.541,0.244,0.042,0.312,0.294,0.161,0.226,0.5,0.186,0.073,0.369,0.03
APVO,0.392,0.127,0.291,0.19,0.371,0.192,-0.358,0.08,0.148,0.587,0.137,0.166,0.12,0.186,0.0,0.299,-0.578,0.131,0.674,0.26,0.031,0.111,0.339,0.088,0.333,0.639,0.446,0.713,-0.051,0.414,0.476,0.635,0.584,0.065,0.432,0.652,0.367,0.249,0.269,0.454,0.631,0.456,0.771,0.222,0.222,0.539,0.633,0.367,0.364,0.364,0.381,0.286,-0.261,-0.117,0.553,0.515,0.337,0.615,0.24,0.416,0.156,0.256,0.486,0.261,-0.003,0.589,0.614,0.055,0.144,0.494,0.688,0.382,0.042,0.478,0.705,0.547,-0.049,0.247,0.704,0.61,0.261,0.502,0.606,0.502,0.332,0.326,0.1,0.798,0.175,0.204,0.237,0.616,0.554,0.292,0.412,0.689,0.749,0.474,0.705,0.49,0.242,0.241,0.477,0.356,0.26,0.309,0.831,-0.15,0.36,0.015,0.444,0.387,0.331,-0.213,0.349,-0.171,0.715,0.513,0.05,0.453,0.327,0.509,0.562,0.59,0.496,0.275,0.542,0.453,0.247,0.468,0.464,0.632,0.101,0.461,0.689,0.336,0.557,0.446,0.597,0.621,0.738,0.374,0.479,0.346,0.761,0.539,0.385,0.491,0.365,0.33,0.148,0.341,0.207,0.365,0.264,0.668,0.395,0.411,0.266,0.231,0.342,0.464,0.622,-0.29,0.265,0.695,0.629,0.601,0.535,0.26,0.281,-0.068,0.5,0.353,0.532,0.511,0.504,0.514,0.208,0.255,0.174,0.446,0.53,0.437,-0.259,0.524,0.662,0.037,0.68,0.459,0.517,0.396,0.608,0.637,0.581,0.447,0.412,-0.156,0.716,0.44
ARGX,0.243,0.49,0.3,0.385,0.274,0.105,-0.335,-0.018,0.196,0.325,0.407,0.323,0.178,0.546,0.299,0.0,-0.027,0.056,0.425,0.043,0.071,0.252,0.039,-0.04,0.339,0.244,0.163,0.665,0.544,0.118,0.226,0.515,0.295,0.349,0.547,0.469,0.311,0.09,0.281,0.385,0.36,0.233,0.28,0.473,0.192,0.245,0.487,0.371,0.504,-0.01,-0.003,0.226,0.119,0.36,0.379,0.504,0.212,0.164,0.088,0.366,0.329,0.283,0.173,0.162,0.06,0.427,0.551,0.267,0.307,0.08,0.509,0.305,0.265,0.356,0.312,0.336,0.013,0.301,0.213,0.404,0.191,0.117,0.402,0.384,0.182,-0.062,0.238,0.535,0.325,0.315,0.514,0.272,0.538,0.088,0.374,0.458,0.532,0.374,0.43,0.544,0.229,0.11,0.348,0.456,0.289,0.255,0.376,0.205,0.258,-0.051,0.158,0.318,0.325,0.415,0.171,0.456,0.451,0.428,0.002,0.279,0.251,0.48,0.294,0.213,0.395,0.134,0.527,0.721,0.216,0.174,-0.129,0.464,0.542,0.213,0.291,0.322,0.318,0.242,0.648,0.087,0.111,0.283,0.585,0.331,0.352,0.72,0.084,0.342,0.025,0.463,0.11,0.432,0.229,0.397,0.428,0.286,0.302,0.326,0.421,0.051,0.114,0.344,0.424,-0.331,-0.054,0.69,0.344,0.093,0.413,-0.088,0.471,-0.01,0.555,0.525,0.186,0.371,0.312,0.215,0.206,0.167,0.065,0.137,0.373,0.332,-0.027,0.086,0.229,0.545,0.575,0.243,0.197,0.248,0.316,0.183,0.167,0.565,0.173,0.257,0.546,0.009
ARLP,-0.606,-0.042,-0.516,0.327,-0.531,-0.425,0.351,-0.51,-0.449,-0.727,0.193,-0.222,-0.42,0.06,-0.578,-0.027,0.0,-0.366,-0.552,-0.394,-0.09,-0.189,-0.639,-0.311,-0.573,-0.735,-0.714,-0.478,-0.029,-0.615,-0.637,-0.702,-0.675,0.359,-0.355,-0.67,-0.627,-0.543,-0.404,-0.579,-0.735,-0.656,-0.786,0.261,-0.523,-0.584,-0.49,-0.04,-0.49,-0.583,-0.196,-0.067,0.525,0.704,-0.694,-0.545,-0.591,-0.669,-0.524,-0.56,-0.35,-0.445,-0.688,-0.338,0.334,-0.339,-0.205,0.044,0.387,-0.729,-0.628,-0.457,-0.059,-0.39,-0.73,-0.767,0.386,-0.394,-0.79,-0.76,-0.488,-0.361,-0.443,-0.279,-0.561,-0.497,-0.325,-0.545,0.056,-0.284,-0.373,-0.728,-0.598,-0.615,-0.563,-0.738,-0.419,-0.275,-0.727,-0.539,-0.51,-0.502,-0.586,-0.014,-0.319,-0.584,-0.618,0.177,-0.532,-0.328,-0.752,-0.538,-0.483,0.402,-0.126,0.043,-0.691,-0.646,-0.303,-0.648,-0.525,-0.593,-0.676,-0.658,-0.394,-0.494,-0.119,-0.251,-0.013,-0.696,-0.723,-0.672,0.476,-0.686,-0.634,-0.483,-0.681,-0.676,-0.508,-0.812,-0.571,-0.584,0.003,-0.446,-0.702,-0.125,-0.676,-0.643,-0.672,-0.205,-0.287,-0.431,-0.335,-0.472,-0.172,-0.772,-0.68,-0.586,-0.351,-0.437,-0.643,-0.545,-0.433,0.206,-0.673,-0.447,-0.788,-0.812,-0.644,-0.535,-0.357,-0.087,-0.362,-0.087,-0.757,-0.637,-0.661,-0.721,-0.408,-0.488,-0.284,-0.665,-0.659,-0.584,0.54,-0.635,-0.69,0.471,-0.508,-0.722,-0.596,-0.603,-0.769,-0.744,-0.808,-0.202,-0.04,0.504,-0.57,-0.828
ATEX,0.835,0.329,0.896,-0.723,0.892,0.896,-0.139,0.737,0.813,0.672,-0.049,0.87,0.793,0.086,0.131,0.056,-0.366,0.0,-0.217,0.9,0.73,0.824,0.872,0.837,0.788,0.728,0.797,0.109,0.06,0.733,0.836,0.482,0.743,0.094,0.659,0.498,0.782,0.947,0.884,0.792,0.537,0.831,0.395,0.191,0.899,0.468,0.349,-0.56,0.667,0.855,-0.534,-0.518,0.026,-0.459,0.662,0.717,0.869,-0.091,0.927,0.795,0.79,0.895,0.728,0.834,-0.881,-0.233,0.223,0.604,-0.736,0.77,0.084,0.824,0.853,-0.231,0.13,0.579,-0.879,0.906,0.515,0.51,0.904,0.341,-0.372,0.321,0.878,0.801,0.928,0.298,-0.047,0.775,0.42,0.514,0.583,0.909,0.856,0.376,-0.15,-0.467,0.534,0.443,0.879,0.919,0.79,-0.72,0.858,0.882,0.011,0.372,0.906,0.797,0.786,0.86,0.803,-0.155,-0.389,0.481,0.095,0.686,0.918,0.816,0.904,0.491,0.692,0.445,0.341,0.906,-0.234,-0.175,-0.068,0.842,0.327,0.482,-0.2,0.646,-0.077,0.818,0.763,0.809,0.45,0.408,-0.062,0.812,-0.107,0.806,0.13,-0.031,0.846,0.702,0.852,0.618,0.684,0.795,0.888,0.774,0.352,0.599,0.818,0.82,0.807,0.949,0.876,0.673,-0.355,0.224,0.663,0.232,0.398,0.706,0.62,0.913,0.83,0.856,0.703,0.379,0.639,0.721,0.792,0.745,0.923,0.92,0.756,0.83,0.751,0.772,-0.506,0.677,0.594,-0.011,0.279,0.742,0.281,0.841,0.509,0.729,0.618,0.534,-0.349,-0.091,-0.013,0.648
ATRA,0.194,0.23,0.078,0.421,0.105,-0.091,-0.208,0.101,-0.085,0.496,0.086,-0.192,0.017,0.137,0.674,0.425,-0.552,-0.217,0.0,-0.173,-0.288,-0.107,0.078,-0.179,0.276,0.396,0.243,0.784,0.293,0.209,0.164,0.663,0.339,-0.06,0.215,0.59,0.322,-0.008,-0.059,0.313,0.581,0.192,0.637,-0.039,0.029,0.332,0.638,0.601,0.315,-0.005,0.706,0.363,-0.412,-0.021,0.437,0.44,0.131,0.864,-0.079,0.185,0.118,-0.037,0.32,-0.148,0.31,0.823,0.507,-0.124,0.373,0.229,0.766,0.093,-0.252,0.78,0.763,0.581,0.158,-0.041,0.595,0.635,-0.035,0.138,0.873,0.407,0.006,0.007,-0.204,0.657,0.017,0.042,0.378,0.45,0.447,0.038,0.234,0.727,0.751,0.838,0.571,0.527,0.045,-0.036,0.268,0.713,-0.138,0.124,0.84,-0.177,0.07,-0.254,0.303,0.114,0.099,0.049,0.274,-0.248,0.879,0.428,-0.256,0.229,0.039,0.476,0.381,0.531,0.321,0.011,0.552,0.733,0.213,0.202,0.52,0.555,0.047,0.472,0.774,0.066,0.393,0.256,0.511,0.52,0.579,0.205,0.384,0.084,0.774,0.537,0.115,0.356,0.118,0.05,-0.06,0.252,-0.043,0.18,0.163,0.504,0.276,0.209,0.057,-0.143,0.089,0.267,0.858,-0.346,0.174,0.634,0.685,0.38,0.434,-0.074,0.027,-0.485,0.213,0.183,0.373,0.392,0.298,0.289,-0.084,-0.054,-0.144,0.199,0.365,0.243,-0.191,0.216,0.333,-0.04,0.609,0.382,0.481,0.144,0.603,0.343,0.457,0.213,0.297,-0.192,0.835,0.333
AUTL,0.825,0.319,0.842,-0.612,0.852,0.889,-0.242,0.551,0.774,0.664,-0.021,0.889,0.702,0.156,0.26,0.043,-0.394,0.9,-0.173,0.0,0.835,0.807,0.855,0.781,0.659,0.764,0.752,0.202,-0.096,0.745,0.858,0.445,0.735,0.201,0.703,0.546,0.695,0.892,0.866,0.726,0.509,0.847,0.466,0.344,0.834,0.526,0.34,-0.489,0.582,0.873,-0.428,-0.362,0.07,-0.367,0.624,0.665,0.803,-0.102,0.901,0.774,0.678,0.869,0.741,0.913,-0.81,-0.206,0.282,0.646,-0.689,0.793,0.116,0.846,0.752,-0.157,0.169,0.571,-0.733,0.88,0.548,0.471,0.878,0.551,-0.337,0.409,0.867,0.77,0.884,0.441,-0.085,0.772,0.277,0.592,0.606,0.859,0.8,0.392,0.023,-0.471,0.564,0.417,0.835,0.863,0.817,-0.641,0.874,0.834,0.103,0.267,0.869,0.834,0.711,0.85,0.798,-0.231,-0.205,0.381,0.087,0.655,0.896,0.799,0.879,0.457,0.712,0.483,0.418,0.895,-0.064,-0.219,-0.082,0.827,0.351,0.522,-0.059,0.587,0.02,0.836,0.737,0.795,0.458,0.471,0.104,0.743,0.064,0.813,0.231,0.065,0.8,0.675,0.79,0.728,0.725,0.749,0.83,0.776,0.279,0.634,0.761,0.776,0.777,0.919,0.858,0.668,-0.258,0.167,0.565,0.323,0.387,0.711,0.58,0.884,0.798,0.824,0.738,0.353,0.661,0.731,0.776,0.773,0.884,0.899,0.752,0.794,0.717,0.742,-0.388,0.754,0.672,0.043,0.318,0.662,0.299,0.831,0.482,0.798,0.594,0.614,-0.122,-0.031,0.052,0.612
AVDL,0.645,0.437,0.655,-0.424,0.653,0.749,-0.076,0.345,0.62,0.448,0.095,0.819,0.55,0.098,0.031,0.071,-0.09,0.73,-0.288,0.835,0.0,0.755,0.605,0.662,0.429,0.525,0.496,0.105,-0.103,0.62,0.624,0.221,0.474,0.32,0.619,0.382,0.498,0.687,0.715,0.519,0.254,0.636,0.186,0.411,0.652,0.413,0.162,-0.58,0.378,0.633,-0.432,-0.324,0.252,-0.101,0.381,0.481,0.62,-0.328,0.708,0.58,0.525,0.706,0.535,0.811,-0.68,-0.29,0.213,0.734,-0.519,0.547,-0.047,0.749,0.693,-0.148,-0.01,0.37,-0.534,0.756,0.326,0.23,0.695,0.466,-0.449,0.4,0.661,0.582,0.752,0.29,-0.223,0.728,0.158,0.422,0.44,0.655,0.611,0.166,-0.096,-0.543,0.327,0.252,0.7,0.682,0.651,-0.627,0.749,0.636,-0.084,0.258,0.654,0.695,0.441,0.638,0.642,-0.125,-0.144,0.395,-0.143,0.425,0.788,0.571,0.68,0.282,0.545,0.346,0.308,0.768,-0.004,-0.338,-0.085,0.583,0.162,0.325,0.174,0.412,-0.142,0.673,0.489,0.583,0.261,0.221,-0.114,0.556,0.128,0.66,-0.01,0.038,0.533,0.48,0.529,0.749,0.687,0.631,0.689,0.607,0.136,0.391,0.533,0.592,0.659,0.76,0.639,0.476,-0.401,0.326,0.303,0.176,0.131,0.422,0.331,0.693,0.669,0.749,0.574,0.381,0.409,0.562,0.536,0.509,0.714,0.737,0.576,0.604,0.468,0.534,-0.114,0.591,0.414,0.172,0.123,0.388,0.087,0.628,0.201,0.549,0.303,0.586,-0.033,0.287,-0.115,0.348
BCRX,0.709,0.632,0.759,-0.521,0.756,0.729,-0.075,0.591,0.683,0.535,0.168,0.827,0.67,0.124,0.111,0.252,-0.189,0.824,-0.107,0.807,0.755,0.0,0.721,0.714,0.712,0.596,0.554,0.193,0.061,0.562,0.661,0.399,0.6,0.323,0.638,0.407,0.629,0.776,0.757,0.67,0.366,0.672,0.236,0.421,0.706,0.26,0.454,-0.394,0.565,0.68,-0.351,-0.412,0.071,-0.158,0.49,0.747,0.695,-0.177,0.718,0.649,0.859,0.765,0.531,0.776,-0.713,-0.158,0.273,0.813,-0.535,0.52,-0.03,0.695,0.815,-0.229,-0.019,0.498,-0.743,0.82,0.334,0.384,0.723,0.242,-0.423,0.381,0.667,0.704,0.797,0.314,-0.085,0.909,0.335,0.367,0.518,0.717,0.792,0.329,-0.114,-0.402,0.371,0.365,0.738,0.697,0.73,-0.527,0.724,0.751,-0.06,0.578,0.758,0.68,0.55,0.728,0.725,0.208,-0.357,0.395,0.039,0.603,0.884,0.659,0.753,0.344,0.521,0.26,0.238,0.802,-0.086,-0.113,-0.185,0.657,0.25,0.351,0.132,0.5,-0.217,0.681,0.634,0.642,0.379,0.176,-0.123,0.66,0.016,0.641,0.051,0.034,0.625,0.535,0.582,0.765,0.564,0.867,0.917,0.706,0.437,0.409,0.662,0.658,0.717,0.783,0.688,0.587,-0.276,0.279,0.353,0.334,0.232,0.474,0.488,0.712,0.767,0.758,0.745,0.294,0.509,0.638,0.643,0.571,0.811,0.772,0.763,0.61,0.604,0.618,-0.386,0.523,0.426,0.218,0.184,0.561,0.07,0.693,0.392,0.603,0.357,0.691,-0.325,0.151,-0.068,0.373
BHAT,0.929,0.221,0.907,-0.656,0.863,0.82,-0.374,0.691,0.872,0.822,-0.258,0.766,0.846,0.103,0.339,0.039,-0.639,0.872,0.078,0.855,0.605,0.721,0.0,0.648,0.763,0.847,0.901,0.309,0.032,0.869,0.927,0.653,0.855,-0.057,0.67,0.668,0.842,0.939,0.862,0.854,0.749,0.925,0.661,0.146,0.907,0.544,0.388,-0.412,0.74,0.956,-0.241,-0.237,-0.303,-0.558,0.804,0.777,0.892,0.177,0.932,0.875,0.741,0.894,0.836,0.833,-0.854,0.011,0.218,0.518,-0.75,0.891,0.342,0.778,0.691,-0.026,0.417,0.802,-0.823,0.872,0.71,0.716,0.917,0.391,-0.123,0.268,0.913,0.772,0.829,0.471,0.022,0.764,0.492,0.73,0.742,0.964,0.893,0.632,0.077,-0.236,0.67,0.624,0.901,0.831,0.852,-0.515,0.79,0.935,0.282,0.14,0.936,0.744,0.9,0.914,0.898,-0.339,-0.151,0.355,0.366,0.813,0.85,0.924,0.927,0.622,0.807,0.636,0.503,0.935,-0.12,-0.008,-0.159,0.948,0.561,0.668,-0.289,0.744,0.217,0.858,0.863,0.925,0.586,0.681,0.288,0.885,-0.139,0.795,0.419,0.065,0.946,0.831,0.939,0.525,0.608,0.784,0.829,0.857,0.258,0.769,0.905,0.882,0.787,0.902,0.956,0.831,-0.042,-0.037,0.825,0.404,0.659,0.868,0.805,0.862,0.739,0.698,0.694,0.21,0.872,0.842,0.902,0.915,0.913,0.932,0.618,0.901,0.851,0.877,-0.666,0.844,0.772,-0.08,0.464,0.881,0.377,0.929,0.763,0.875,0.807,0.512,-0.179,-0.358,0.213,0.833
BLBD,0.589,0.378,0.666,-0.676,0.798,0.832,0.154,0.77,0.454,0.524,0.249,0.683,0.507,-0.114,0.088,-0.04,-0.311,0.837,-0.179,0.781,0.662,0.714,0.648,0.0,0.757,0.644,0.578,-0.004,0.012,0.457,0.629,0.309,0.534,0.057,0.515,0.335,0.633,0.795,0.628,0.58,0.317,0.602,0.234,0.004,0.681,0.447,0.471,-0.376,0.436,0.597,-0.465,-0.735,0.217,-0.507,0.479,0.553,0.657,0.013,0.698,0.517,0.66,0.636,0.591,0.572,-0.57,-0.248,0.269,0.522,-0.55,0.619,-0.101,0.739,0.635,-0.157,-0.006,0.412,-0.696,0.68,0.437,0.328,0.632,0.358,-0.314,0.56,0.638,0.757,0.743,0.287,-0.382,0.567,0.159,0.297,0.332,0.675,0.654,0.202,-0.16,-0.408,0.454,0.161,0.635,0.86,0.643,-0.66,0.66,0.65,-0.041,0.539,0.679,0.664,0.604,0.618,0.503,0.002,-0.585,0.229,0.022,0.511,0.758,0.554,0.675,0.241,0.521,0.293,0.089,0.679,-0.248,-0.283,0.196,0.625,0.363,0.265,-0.295,0.562,-0.172,0.58,0.632,0.566,0.19,0.182,-0.222,0.584,0.038,0.634,0.109,-0.124,0.608,0.434,0.625,0.568,0.535,0.692,0.725,0.485,0.464,0.475,0.654,0.595,0.582,0.762,0.643,0.291,-0.336,0.552,0.384,0.064,0.222,0.584,0.313,0.892,0.717,0.685,0.571,0.459,0.35,0.551,0.593,0.481,0.687,0.663,0.852,0.642,0.56,0.519,-0.138,0.441,0.407,-0.297,0.042,0.543,0.439,0.569,0.269,0.596,0.443,0.374,-0.369,0.15,-0.031,0.497
BMRN,0.757,0.454,0.82,-0.52,0.861,0.734,-0.133,0.877,0.608,0.777,0.132,0.64,0.705,0.095,0.333,0.339,-0.573,0.788,0.276,0.659,0.429,0.712,0.763,0.757,0.0,0.792,0.764,0.395,0.34,0.617,0.744,0.728,0.782,0.03,0.644,0.625,0.865,0.825,0.691,0.843,0.685,0.748,0.549,0.021,0.783,0.48,0.717,-0.121,0.77,0.656,-0.213,-0.439,-0.143,-0.492,0.753,0.864,0.812,0.356,0.726,0.728,0.869,0.736,0.708,0.546,-0.566,0.138,0.41,0.44,-0.467,0.706,0.351,0.714,0.641,0.094,0.363,0.748,-0.752,0.751,0.642,0.716,0.717,0.191,0.058,0.492,0.71,0.715,0.736,0.514,-0.072,0.684,0.583,0.524,0.663,0.769,0.876,0.622,0.158,0.001,0.708,0.578,0.75,0.811,0.8,-0.296,0.637,0.815,0.298,0.491,0.804,0.564,0.816,0.775,0.679,0.11,-0.423,0.328,0.499,0.803,0.693,0.766,0.779,0.594,0.683,0.496,0.321,0.741,-0.065,0.242,0.097,0.785,0.506,0.592,-0.247,0.77,0.158,0.684,0.841,0.767,0.584,0.449,0.054,0.786,0.089,0.687,0.415,0.155,0.75,0.708,0.743,0.539,0.44,0.877,0.786,0.703,0.604,0.69,0.868,0.776,0.709,0.71,0.75,0.624,0.075,0.133,0.604,0.452,0.618,0.739,0.693,0.752,0.789,0.506,0.737,0.441,0.64,0.771,0.808,0.707,0.744,0.727,0.709,0.746,0.813,0.723,-0.517,0.572,0.58,-0.128,0.436,0.839,0.492,0.735,0.691,0.731,0.692,0.512,-0.374,-0.137,0.354,0.675
BNGO,0.864,0.29,0.816,-0.367,0.862,0.764,-0.368,0.596,0.656,0.911,0.046,0.661,0.639,0.13,0.639,0.244,-0.735,0.728,0.396,0.764,0.525,0.596,0.847,0.644,0.792,0.0,0.876,0.59,0.021,0.803,0.903,0.797,0.922,0.009,0.735,0.84,0.829,0.822,0.75,0.853,0.834,0.897,0.852,0.163,0.784,0.762,0.681,-0.089,0.715,0.816,-0.025,-0.161,-0.241,-0.472,0.868,0.834,0.828,0.469,0.797,0.822,0.617,0.765,0.89,0.704,-0.559,0.265,0.54,0.416,-0.424,0.908,0.592,0.845,0.543,0.304,0.648,0.855,-0.588,0.765,0.899,0.823,0.787,0.605,0.243,0.599,0.829,0.767,0.685,0.774,-0.034,0.659,0.444,0.831,0.809,0.838,0.865,0.79,0.443,0.061,0.908,0.663,0.777,0.806,0.888,-0.201,0.736,0.84,0.621,0.076,0.846,0.541,0.89,0.844,0.784,-0.29,-0.045,0.193,0.625,0.849,0.641,0.878,0.831,0.718,0.896,0.773,0.572,0.804,0.216,0.222,0.139,0.901,0.628,0.806,-0.168,0.821,0.506,0.802,0.919,0.884,0.714,0.759,0.478,0.817,0.275,0.802,0.7,0.339,0.85,0.848,0.848,0.636,0.583,0.784,0.717,0.774,0.337,0.922,0.876,0.851,0.719,0.778,0.85,0.753,0.272,-0.032,0.677,0.641,0.779,0.931,0.795,0.811,0.747,0.466,0.778,0.459,0.829,0.877,0.898,0.889,0.757,0.79,0.591,0.889,0.887,0.839,-0.462,0.857,0.867,-0.104,0.658,0.85,0.667,0.854,0.801,0.966,0.865,0.6,0.078,-0.174,0.549,0.814
BUSE,0.941,0.153,0.911,-0.51,0.886,0.804,-0.451,0.653,0.843,0.93,-0.179,0.728,0.81,0.23,0.446,0.163,-0.714,0.797,0.243,0.752,0.496,0.554,0.901,0.578,0.764,0.876,0.0,0.494,0.213,0.881,0.948,0.824,0.893,-0.034,0.75,0.828,0.911,0.9,0.862,0.905,0.882,0.964,0.794,0.125,0.92,0.737,0.434,-0.28,0.827,0.863,-0.214,-0.14,-0.27,-0.506,0.929,0.801,0.929,0.359,0.908,0.927,0.631,0.88,0.908,0.75,-0.744,0.191,0.397,0.366,-0.589,0.942,0.574,0.841,0.598,0.193,0.643,0.865,-0.736,0.842,0.841,0.834,0.907,0.494,0.156,0.33,0.925,0.655,0.794,0.603,0.08,0.628,0.65,0.858,0.842,0.943,0.895,0.778,0.289,-0.019,0.833,0.782,0.907,0.857,0.851,-0.32,0.782,0.933,0.488,-0.019,0.911,0.657,0.972,0.921,0.863,-0.412,-0.067,0.414,0.563,0.885,0.671,0.957,0.921,0.831,0.922,0.787,0.634,0.879,0.113,0.189,0.037,0.96,0.548,0.84,-0.239,0.849,0.46,0.895,0.91,0.973,0.741,0.812,0.367,0.928,0.021,0.867,0.59,0.246,0.953,0.944,0.958,0.5,0.663,0.743,0.687,0.867,0.274,0.9,0.946,0.946,0.827,0.852,0.961,0.856,0.14,-0.164,0.886,0.528,0.82,0.934,0.888,0.811,0.773,0.549,0.692,0.404,0.912,0.916,0.955,0.967,0.848,0.901,0.511,0.967,0.936,0.926,-0.644,0.814,0.844,-0.061,0.67,0.945,0.573,0.944,0.853,0.905,0.92,0.534,-0.121,-0.342,0.481,0.911
CAKE,0.522,0.378,0.445,0.376,0.43,0.257,-0.444,0.053,0.292,0.709,0.166,0.316,0.285,0.502,0.713,0.665,-0.478,0.109,0.784,0.202,0.105,0.193,0.309,-0.004,0.395,0.59,0.494,0.0,0.387,0.445,0.508,0.828,0.606,0.303,0.646,0.86,0.552,0.281,0.393,0.615,0.744,0.528,0.761,0.425,0.374,0.566,0.639,0.391,0.63,0.281,0.325,0.393,-0.128,0.155,0.674,0.677,0.442,0.606,0.284,0.566,0.315,0.393,0.579,0.321,-0.022,0.681,0.754,0.199,0.229,0.48,0.863,0.51,0.14,0.686,0.79,0.685,-0.05,0.384,0.715,0.765,0.369,0.466,0.72,0.532,0.396,0.153,0.24,0.858,0.244,0.368,0.597,0.685,0.773,0.327,0.537,0.809,0.849,0.582,0.765,0.81,0.418,0.276,0.589,0.52,0.352,0.446,0.847,-0.129,0.431,0.092,0.493,0.498,0.481,-0.041,0.383,0.2,0.816,0.691,0.063,0.562,0.422,0.76,0.682,0.713,0.685,0.349,0.748,0.729,0.225,0.464,0.293,0.836,0.395,0.608,0.767,0.501,0.63,0.553,0.841,0.632,0.556,0.508,0.619,0.526,0.79,0.844,0.361,0.666,0.369,0.478,0.348,0.525,0.261,0.581,0.263,0.687,0.52,0.559,0.513,0.23,0.394,0.615,0.713,-0.486,0.307,0.867,0.766,0.534,0.699,0.15,0.453,-0.065,0.618,0.534,0.573,0.682,0.594,0.574,0.315,0.342,0.05,0.47,0.655,0.594,-0.247,0.471,0.603,0.353,0.882,0.55,0.486,0.502,0.701,0.579,0.61,0.667,0.414,-0.025,0.883,0.395
CASY,0.197,0.235,0.291,0.083,0.239,0.096,-0.115,0.291,0.187,0.285,0.064,0.168,0.331,0.523,-0.051,0.544,-0.029,0.06,0.293,-0.096,-0.103,0.061,0.032,0.012,0.34,0.021,0.213,0.387,0.0,0.089,0.134,0.46,0.101,0.193,0.352,0.313,0.418,0.174,0.187,0.356,0.338,0.142,0.1,0.042,0.279,0.088,0.173,0.161,0.521,-0.089,-0.113,0.015,0.101,0.139,0.335,0.325,0.249,0.222,0.093,0.299,0.31,0.232,0.139,-0.011,-0.028,0.336,0.265,0.117,0.11,0.067,0.328,0.162,0.154,0.233,0.22,0.31,-0.151,0.196,0.117,0.354,0.158,-0.219,0.32,0.103,0.116,-0.206,0.207,0.187,0.148,0.102,0.725,0.083,0.35,0.106,0.28,0.319,0.222,0.374,0.234,0.543,0.268,0.149,0.157,0.262,0.087,0.244,0.139,0.235,0.195,0.087,0.218,0.237,0.174,0.263,-0.109,0.511,0.376,0.391,-0.019,0.222,0.204,0.451,0.192,0.19,0.215,0.112,0.194,0.55,0.19,0.136,-0.044,0.322,0.15,0.342,0.157,0.231,0.256,0.225,0.426,0.093,-0.185,0.328,0.103,0.24,0.18,0.384,0.084,0.296,0.103,0.006,0.063,0.286,0.055,0.312,0.436,0.144,0.316,0.305,0.382,0.024,0.129,0.228,0.253,-0.233,0.194,0.257,0.371,0.086,0.35,-0.045,0.324,-0.05,0.231,0.39,0.128,0.334,0.281,0.151,0.181,0.137,-0.021,0.149,0.328,0.266,-0.234,-0.104,0.008,0.231,0.357,0.353,0.133,0.166,0.319,-0.008,0.232,0.209,-0.276,-0.021,0.415,0.131
CCOI,0.897,0.221,0.837,-0.419,0.761,0.709,-0.383,0.53,0.824,0.835,-0.277,0.687,0.78,0.146,0.414,0.118,-0.615,0.733,0.209,0.745,0.62,0.562,0.869,0.457,0.617,0.803,0.881,0.445,0.089,0.0,0.87,0.712,0.821,-0.025,0.678,0.76,0.804,0.825,0.797,0.823,0.797,0.894,0.711,0.193,0.844,0.636,0.312,-0.426,0.684,0.863,-0.123,-0.07,-0.328,-0.399,0.79,0.742,0.844,0.23,0.852,0.859,0.577,0.817,0.841,0.794,-0.774,0.163,0.291,0.461,-0.583,0.854,0.526,0.758,0.624,0.2,0.588,0.828,-0.638,0.796,0.776,0.756,0.858,0.45,0.054,0.264,0.852,0.646,0.712,0.528,0.035,0.682,0.567,0.802,0.778,0.893,0.821,0.718,0.22,-0.078,0.721,0.71,0.858,0.726,0.791,-0.354,0.709,0.857,0.44,-0.077,0.836,0.612,0.854,0.841,0.845,-0.432,0.045,0.345,0.45,0.767,0.695,0.887,0.843,0.725,0.863,0.775,0.6,0.892,0.082,0.116,-0.154,0.901,0.568,0.768,-0.14,0.771,0.426,0.816,0.803,0.912,0.659,0.775,0.368,0.839,-0.064,0.761,0.471,0.193,0.868,0.866,0.879,0.476,0.668,0.678,0.654,0.821,0.119,0.807,0.828,0.857,0.74,0.81,0.894,0.853,0.044,-0.128,0.813,0.496,0.725,0.829,0.814,0.723,0.641,0.538,0.603,0.281,0.868,0.841,0.853,0.894,0.793,0.858,0.357,0.894,0.815,0.848,-0.658,0.912,0.755,0.031,0.591,0.834,0.372,0.893,0.775,0.829,0.819,0.527,-0.026,-0.333,0.36,0.821
CEVA,0.965,0.216,0.938,-0.495,0.929,0.848,-0.496,0.57,0.866,0.912,-0.128,0.846,0.798,0.307,0.476,0.226,-0.637,0.836,0.164,0.858,0.624,0.661,0.927,0.629,0.744,0.903,0.948,0.508,0.134,0.87,0.0,0.773,0.901,0.064,0.846,0.826,0.882,0.927,0.935,0.917,0.844,0.978,0.779,0.312,0.929,0.712,0.458,-0.269,0.833,0.909,-0.257,-0.138,-0.153,-0.418,0.905,0.82,0.925,0.234,0.937,0.962,0.664,0.944,0.895,0.87,-0.776,0.147,0.463,0.488,-0.577,0.948,0.513,0.907,0.665,0.103,0.543,0.824,-0.728,0.919,0.808,0.798,0.95,0.598,0.055,0.449,0.97,0.679,0.854,0.662,0.119,0.698,0.595,0.838,0.874,0.941,0.915,0.719,0.311,-0.105,0.824,0.759,0.934,0.881,0.921,-0.358,0.899,0.948,0.457,0.044,0.968,0.71,0.923,0.977,0.931,-0.384,-0.017,0.477,0.488,0.902,0.758,0.978,0.973,0.788,0.915,0.739,0.667,0.925,0.149,0.167,0.067,0.975,0.456,0.812,-0.097,0.795,0.384,0.964,0.93,0.965,0.769,0.748,0.374,0.935,0.146,0.922,0.571,0.332,0.947,0.927,0.938,0.634,0.685,0.797,0.769,0.926,0.318,0.87,0.939,0.962,0.893,0.915,0.96,0.869,0.1,-0.17,0.785,0.56,0.751,0.921,0.885,0.847,0.859,0.664,0.817,0.468,0.888,0.932,0.971,0.958,0.923,0.948,0.604,0.958,0.948,0.95,-0.562,0.858,0.896,0.046,0.672,0.898,0.519,0.971,0.795,0.938,0.884,0.674,-0.008,-0.242,0.421,0.836
