,AAPL,ACRS,ADP,AFYA,AGNC,AGYS,ALT,AMGN,AMPH,AMZN,ANIP,AOSL,APDN,APLT,APVO,ARGX,ARLP,ATEX,ATRA,AUTL,AVDL,BCRX,BHAT,BLBD,BMRN,BNGO,BUSE,CAKE,CASY,CCOI,CEVA,CHY,CLDX,CLMT,COHU,COLM,COST,CPRT,CSWC,CSX,DBX,DCOM,DKNG,DMLP,DOX,EA,EDIT,ENPH,ENSG,ERNA,ESGR,ETNB,EXTR,FANG,FARO,FATE,FGEN,FIVE,FIVN,FLGT,FOLD,FORM,FOXA,FRPT,FSLR,FTAI,GBDC,GDYN,GGAL,GNLN,GRFS,GT,HCAT,HCM,HFWA,HOLX,HQY,HUBG,IAC,ICLR,IDCC,IEP,IHRT,ILMN,ILPT,IMAB,IMOS,INMD,INTZ,JAZZ,JKHY,JRVR,KIDS,LBRDK,LGND,LMAT,LPLA,LULU,MASI,MAT,MATW,MBIN,MBIO,MCRB,MDB,MDLZ,MELI,MIRM,MLKN,MNMD,MNRO,MPWR,MRCY,MRSN,MTVA,NAAS,NDAQ,NDSN,NEGG,NOVT,NVDA,NWE,NWSA,NXST,OCX,ODFL,OMAB,OPCH,OPRA,ORGO,OTRK,OZK,PAGP,PCH,PEGA,PENG,PENN,PFBC,PGNY,PHAT,PHUN,PINC,PLUG,PLXS,PYPL,QLYS,QNCX,QQQX,QVCGA,RAPT,RBBN,RCKT,REPL,RMBS,ROAD,ROKU,ROP,RUSHA,SANM,SATS,SBCF,SBLK,SBUX,SCHL,SCSC,SDGR,SEIC,SFIX,SGRY,SKYW,SLP,SNES,STAA,STLD,STOK,SWKS,TER,TFIN,TIGO,TILE,TPIC,TTEC,TTEK,TTGT,UXIN,VERU,VLYPP,VNOM,VRNS,VRSN,WDAY,WERN,WINA,WKHS,WRLD,XP,XTKG,YY,ZION,ZM
AAPL,0.0,0.859,0.92,0.708,-0.215,0.806,0.597,0.416,0.702,0.835,0.856,0.858,0.835,0.775,0.714,0.516,-0.391,0.89,0.923,0.88,0.822,0.894,0.811,0.934,0.687,0.853,0.832,0.787,0.673,0.82,0.718,0.926,0.841,0.334,-0.016,0.809,0.891,0.907,0.92,0.864,0.917,0.827,0.843,-0.187,0.483,0.42,0.884,0.702,0.745,0.853,0.856,0.395,0.719,0.388,0.709,0.868,0.471,0.886,0.681,0.869,0.64,-0.065,0.86,0.813,0.9,0.799,0.804,-0.334,0.627,0.877,-0.726,0.853,0.813,0.818,0.412,0.312,0.895,-0.55,0.822,0.876,0.363,0.201,0.903,0.892,0.774,0.817,0.812,0.877,-0.042,0.846,0.883,-0.154,0.86,0.643,0.902,0.811,0.856,0.891,0.265,-0.485,0.498,0.822,0.792,0.87,0.881,-0.198,0.895,0.693,0.925,0.85,0.697,0.439,0.704,0.874,0.807,0.636,0.873,0.837,0.765,0.711,0.924,0.53,0.884,0.377,0.7,0.255,0.785,0.665,0.218,0.852,0.597,0.887,0.847,0.477,0.813,0.869,0.869,0.829,0.869,0.868,0.864,0.55,0.919,-0.292,0.859,0.866,0.782,0.945,0.754,0.78,0.397,0.887,0.854,0.88,0.845,0.742,0.741,-0.152,0.324,0.919,0.676,0.341,0.877,0.717,-0.483,0.879,0.908,0.767,0.909,0.84,0.813,0.848,0.813,0.909,0.749,0.865,0.823,0.765,0.673,-0.147,0.714,0.878,0.908,0.725,0.877,0.438,0.243,0.637,0.846,0.805,0.905,-0.64,0.573,0.887,0.902,0.792,0.79,0.42,0.868,0.891
ACRS,0.859,0.0,0.857,0.516,-0.268,0.777,0.717,0.69,0.897,0.954,0.931,0.784,0.957,0.788,0.826,0.681,-0.65,0.944,0.925,0.944,0.926,0.895,0.903,0.938,0.53,0.91,0.876,0.738,0.818,0.904,0.425,0.92,0.955,0.134,-0.39,0.913,0.948,0.867,0.775,0.717,0.894,0.882,0.836,-0.346,0.667,0.589,0.88,0.62,0.869,0.968,0.896,0.701,0.904,0.248,0.933,0.967,0.713,0.944,0.543,0.816,0.833,-0.424,0.936,0.923,0.788,0.905,0.685,-0.412,0.753,0.9,-0.727,0.733,0.959,0.91,0.352,0.325,0.96,-0.813,0.934,0.833,0.296,0.052,0.951,0.92,0.939,0.667,0.784,0.963,-0.273,0.908,0.942,-0.039,0.875,0.864,0.948,0.851,0.929,0.919,0.395,-0.76,0.395,0.923,0.91,0.969,0.914,-0.392,0.863,0.853,0.867,0.819,0.708,0.209,0.791,0.904,0.961,0.62,0.974,0.762,0.724,0.657,0.913,0.621,0.892,0.58,0.747,-0.145,0.825,0.45,-0.143,0.843,0.748,0.835,0.738,0.094,0.713,0.817,0.77,0.875,0.918,0.822,0.815,0.468,0.92,-0.654,0.836,0.883,0.904,0.948,0.73,0.951,0.069,0.981,0.907,0.749,0.846,0.725,0.653,-0.532,-0.055,0.937,0.505,0.231,0.805,0.839,-0.413,0.953,0.85,0.581,0.764,0.855,0.904,0.828,0.731,0.878,0.949,0.864,0.745,0.757,0.886,-0.308,0.643,0.934,0.945,0.855,0.865,0.633,0.032,0.588,0.922,0.935,0.888,-0.849,0.72,0.904,0.839,0.913,0.627,0.174,0.904,0.794
ADP,0.92,0.857,0.0,0.746,-0.433,0.81,0.598,0.465,0.777,0.903,0.899,0.87,0.878,0.84,0.718,0.445,-0.441,0.921,0.872,0.877,0.808,0.896,0.755,0.916,0.696,0.847,0.833,0.826,0.793,0.829,0.665,0.934,0.891,0.483,-0.178,0.914,0.933,0.921,0.838,0.852,0.915,0.883,0.835,-0.122,0.583,0.598,0.864,0.647,0.826,0.846,0.768,0.477,0.692,0.229,0.767,0.923,0.551,0.924,0.625,0.888,0.718,-0.216,0.892,0.898,0.826,0.874,0.72,-0.532,0.621,0.786,-0.788,0.87,0.847,0.897,0.369,0.158,0.924,-0.662,0.868,0.789,0.198,0.072,0.911,0.931,0.842,0.799,0.729,0.899,-0.137,0.934,0.923,-0.049,0.924,0.663,0.906,0.908,0.869,0.921,0.175,-0.536,0.393,0.873,0.814,0.884,0.936,-0.274,0.932,0.767,0.944,0.745,0.712,0.275,0.682,0.816,0.804,0.781,0.882,0.883,0.839,0.806,0.871,0.532,0.931,0.409,0.624,0.253,0.857,0.599,0.125,0.858,0.522,0.875,0.8,0.443,0.797,0.79,0.893,0.79,0.928,0.873,0.899,0.538,0.916,-0.418,0.801,0.938,0.773,0.935,0.797,0.84,0.325,0.885,0.893,0.774,0.889,0.632,0.889,-0.176,0.227,0.944,0.559,0.248,0.813,0.75,-0.396,0.846,0.932,0.691,0.853,0.854,0.886,0.879,0.794,0.968,0.783,0.889,0.883,0.677,0.707,-0.263,0.636,0.93,0.944,0.785,0.896,0.609,0.074,0.522,0.906,0.898,0.94,-0.733,0.491,0.881,0.894,0.852,0.753,0.348,0.805,0.833
AFYA,0.708,0.516,0.746,0.0,-0.534,0.792,0.437,-0.158,0.396,0.523,0.65,0.831,0.558,0.776,0.45,0.1,-0.054,0.616,0.681,0.706,0.472,0.764,0.342,0.618,0.861,0.651,0.414,0.813,0.369,0.403,0.867,0.757,0.566,0.747,0.187,0.58,0.569,0.691,0.564,0.649,0.781,0.435,0.789,0.098,0.15,0.328,0.754,0.672,0.417,0.524,0.481,-0.078,0.252,0.13,0.301,0.621,0.156,0.645,0.855,0.742,0.284,0.186,0.647,0.62,0.798,0.519,0.461,-0.607,0.221,0.519,-0.806,0.883,0.479,0.569,0.01,-0.099,0.634,-0.261,0.536,0.572,-0.095,-0.006,0.695,0.76,0.392,0.73,0.471,0.587,0.263,0.715,0.64,-0.337,0.729,0.127,0.712,0.649,0.601,0.749,-0.286,-0.121,0.155,0.447,0.458,0.628,0.758,-0.447,0.835,0.505,0.774,0.594,0.438,0.398,0.384,0.649,0.445,0.607,0.565,0.667,0.885,0.759,0.663,-0.069,0.752,-0.036,0.479,0.605,0.525,0.68,0.59,0.676,0.259,0.533,0.61,0.731,0.86,0.528,0.913,0.356,0.691,0.875,0.869,0.198,0.758,-0.014,0.706,0.792,0.512,0.649,0.767,0.492,0.774,0.571,0.677,0.672,0.818,0.57,0.813,0.265,0.606,0.72,0.355,0.168,0.607,0.4,-0.497,0.563,0.722,0.869,0.723,0.592,0.634,0.835,0.636,0.711,0.371,0.766,0.711,0.448,0.25,-0.272,0.594,0.687,0.659,0.55,0.807,0.362,0.35,0.343,0.694,0.478,0.791,-0.472,-0.007,0.745,0.851,0.596,0.894,0.704,0.484,0.821
AGNC,-0.215,-0.268,-0.433,-0.534,0.0,-0.346,-0.082,-0.032,-0.283,-0.396,-0.478,-0.357,-0.392,-0.497,-0.191,0.212,0.492,-0.321,-0.188,-0.344,-0.262,-0.281,-0.097,-0.308,-0.384,-0.203,-0.12,-0.621,-0.31,-0.06,-0.305,-0.426,-0.379,-0.463,0.447,-0.464,-0.367,-0.343,-0.127,-0.197,-0.369,-0.331,-0.242,0.152,-0.108,-0.456,-0.245,0.062,-0.375,-0.252,-0.019,-0.014,-0.123,0.65,-0.307,-0.423,-0.145,-0.364,-0.245,-0.369,-0.279,0.374,-0.334,-0.54,-0.153,-0.48,-0.031,0.733,0.097,0.012,0.615,-0.379,-0.285,-0.482,0.045,0.571,-0.374,0.485,-0.285,-0.029,0.678,0.609,-0.332,-0.437,-0.375,-0.279,0.097,-0.279,0.315,-0.533,-0.432,0.028,-0.47,-0.096,-0.347,-0.358,-0.235,-0.4,0.55,0.39,0.046,-0.289,-0.321,-0.371,-0.477,0.349,-0.474,-0.342,-0.415,0.044,-0.299,0.422,0.07,-0.143,-0.248,-0.73,-0.269,-0.398,-0.583,-0.438,-0.143,0.089,-0.444,0.162,0.103,-0.24,-0.18,-0.08,-0.079,-0.173,0.154,-0.213,0.025,-0.226,-0.428,-0.018,-0.485,-0.072,-0.428,-0.434,-0.495,0.05,-0.317,0.397,-0.15,-0.529,-0.241,-0.318,-0.425,-0.355,-0.173,-0.276,-0.503,0.022,-0.424,0.104,-0.709,0.123,0.057,-0.395,0.156,0.513,-0.039,-0.183,0.307,-0.17,-0.285,-0.227,-0.136,-0.455,-0.439,-0.554,-0.105,-0.468,-0.211,-0.467,-0.358,0.155,-0.061,0.618,0.045,-0.483,-0.43,-0.315,-0.522,-0.591,0.05,0.413,-0.517,-0.402,-0.453,0.498,0.28,-0.327,-0.398,-0.461,-0.402,-0.064,-0.042,-0.235
AGYS,0.806,0.777,0.81,0.792,-0.346,0.0,0.812,0.242,0.746,0.759,0.845,0.962,0.793,0.884,0.841,0.499,-0.313,0.803,0.852,0.867,0.742,0.865,0.667,0.779,0.794,0.93,0.66,0.854,0.719,0.744,0.765,0.845,0.825,0.45,0.031,0.815,0.785,0.893,0.623,0.764,0.915,0.621,0.948,0.047,0.614,0.58,0.904,0.75,0.703,0.772,0.775,0.382,0.633,0.333,0.608,0.832,0.494,0.875,0.875,0.92,0.698,0.065,0.877,0.81,0.861,0.7,0.403,-0.554,0.61,0.822,-0.744,0.91,0.801,0.75,0.163,0.31,0.857,-0.5,0.826,0.827,0.206,0.137,0.896,0.916,0.663,0.84,0.708,0.858,0.152,0.838,0.807,-0.072,0.875,0.498,0.905,0.873,0.847,0.923,0.188,-0.376,0.409,0.738,0.747,0.852,0.905,-0.446,0.9,0.683,0.894,0.786,0.745,0.457,0.734,0.812,0.736,0.573,0.821,0.837,0.886,0.883,0.882,0.264,0.91,0.472,0.698,0.3,0.759,0.77,0.325,0.897,0.661,0.682,0.758,0.444,0.845,0.806,0.899,0.65,0.889,0.888,0.889,0.357,0.885,-0.24,0.882,0.915,0.751,0.82,0.851,0.809,0.568,0.832,0.871,0.821,0.9,0.854,0.733,-0.074,0.382,0.852,0.496,0.3,0.832,0.732,-0.282,0.865,0.841,0.807,0.805,0.787,0.89,0.844,0.806,0.823,0.738,0.902,0.845,0.674,0.652,-0.185,0.746,0.877,0.838,0.872,0.817,0.582,0.206,0.592,0.85,0.691,0.9,-0.679,0.416,0.941,0.899,0.819,0.811,0.659,0.773,0.933
ALT,0.597,0.717,0.598,0.437,-0.082,0.812,0.0,0.43,0.774,0.708,0.661,0.745,0.72,0.615,0.832,0.585,-0.281,0.715,0.695,0.697,0.687,0.72,0.651,0.624,0.482,0.854,0.595,0.552,0.681,0.68,0.398,0.627,0.734,0.06,-0.102,0.736,0.684,0.712,0.437,0.514,0.764,0.536,0.779,0.068,0.72,0.46,0.71,0.693,0.68,0.759,0.688,0.592,0.625,0.367,0.578,0.715,0.677,0.766,0.624,0.727,0.774,-0.084,0.708,0.702,0.65,0.619,0.282,-0.333,0.805,0.8,-0.517,0.606,0.795,0.671,-0.067,0.416,0.744,-0.556,0.809,0.717,0.38,0.274,0.752,0.705,0.627,0.574,0.618,0.794,0.121,0.666,0.65,0.174,0.657,0.641,0.773,0.749,0.8,0.771,0.483,-0.444,0.194,0.702,0.735,0.77,0.753,-0.416,0.694,0.61,0.663,0.714,0.627,0.314,0.802,0.686,0.7,0.295,0.775,0.595,0.631,0.655,0.801,0.342,0.7,0.658,0.684,-0.068,0.764,0.59,-0.007,0.73,0.779,0.484,0.594,0.014,0.534,0.704,0.587,0.618,0.747,0.598,0.649,0.204,0.727,-0.321,0.811,0.713,0.802,0.646,0.682,0.787,0.231,0.755,0.668,0.641,0.643,0.775,0.472,-0.302,0.08,0.659,0.269,0.405,0.702,0.784,-0.057,0.818,0.703,0.496,0.563,0.548,0.784,0.611,0.585,0.597,0.803,0.73,0.622,0.692,0.757,-0.177,0.605,0.736,0.695,0.889,0.565,0.644,0.047,0.601,0.72,0.634,0.742,-0.682,0.589,0.774,0.606,0.749,0.478,0.418,0.731,0.74
AMGN,0.416,0.69,0.465,-0.158,-0.032,0.242,0.43,0.0,0.74,0.712,0.575,0.239,0.654,0.277,0.591,0.632,-0.716,0.617,0.455,0.474,0.673,0.368,0.749,0.592,-0.126,0.489,0.717,0.23,0.724,0.692,-0.194,0.456,0.659,-0.349,-0.623,0.645,0.691,0.5,0.469,0.387,0.392,0.741,0.283,-0.42,0.711,0.479,0.352,0.104,0.767,0.659,0.578,0.898,0.815,0.11,0.846,0.632,0.701,0.601,-0.11,0.393,0.792,-0.678,0.549,0.615,0.212,0.672,0.38,-0.046,0.7,0.527,-0.194,0.161,0.731,0.659,0.436,0.413,0.62,-0.762,0.661,0.47,0.371,0.047,0.53,0.46,0.812,0.226,0.465,0.648,-0.586,0.534,0.596,0.365,0.477,0.908,0.504,0.53,0.597,0.465,0.647,-0.781,0.299,0.756,0.729,0.591,0.473,0.042,0.347,0.573,0.423,0.34,0.541,-0.194,0.583,0.423,0.727,0.355,0.65,0.441,0.128,0.255,0.486,0.845,0.454,0.7,0.362,-0.537,0.598,0.022,-0.661,0.429,0.545,0.567,0.365,-0.429,0.118,0.497,0.171,0.749,0.555,0.213,0.245,0.469,0.445,-0.725,0.342,0.421,0.591,0.581,0.245,0.712,-0.567,0.659,0.524,0.266,0.317,0.277,0.251,-0.755,-0.554,0.517,0.304,0.077,0.409,0.667,0.042,0.609,0.458,-0.098,0.317,0.556,0.581,0.297,0.353,0.519,0.777,0.401,0.376,0.487,0.811,-0.143,0.196,0.558,0.602,0.553,0.353,0.535,-0.308,0.32,0.543,0.746,0.416,-0.598,0.762,0.402,0.257,0.616,-0.041,-0.413,0.624,0.206
AMPH,0.702,0.897,0.777,0.396,-0.283,0.746,0.774,0.74,0.0,0.916,0.871,0.716,0.878,0.742,0.887,0.658,-0.62,0.885,0.768,0.824,0.901,0.754,0.874,0.83,0.429,0.858,0.823,0.642,0.891,0.864,0.288,0.781,0.917,0.045,-0.478,0.915,0.912,0.823,0.603,0.648,0.795,0.802,0.745,-0.243,0.82,0.683,0.738,0.501,0.928,0.909,0.804,0.825,0.857,0.223,0.871,0.909,0.863,0.919,0.46,0.763,0.949,-0.468,0.892,0.91,0.615,0.864,0.476,-0.477,0.851,0.795,-0.611,0.63,0.962,0.899,0.212,0.409,0.905,-0.848,0.953,0.789,0.3,0.054,0.886,0.851,0.918,0.629,0.673,0.916,-0.285,0.863,0.877,0.318,0.799,0.869,0.863,0.882,0.92,0.871,0.483,-0.778,0.322,0.922,0.918,0.91,0.86,-0.39,0.745,0.747,0.779,0.664,0.765,0.039,0.782,0.741,0.903,0.568,0.913,0.754,0.656,0.711,0.828,0.657,0.847,0.758,0.712,-0.215,0.864,0.489,-0.252,0.809,0.695,0.673,0.674,-0.081,0.545,0.748,0.619,0.828,0.883,0.67,0.673,0.431,0.798,-0.624,0.767,0.841,0.862,0.843,0.668,0.966,-0.012,0.918,0.847,0.594,0.753,0.643,0.632,-0.581,-0.181,0.846,0.36,0.282,0.674,0.937,-0.147,0.886,0.77,0.356,0.643,0.818,0.915,0.72,0.628,0.821,0.962,0.809,0.682,0.678,0.938,-0.22,0.499,0.887,0.894,0.925,0.713,0.728,-0.099,0.552,0.878,0.894,0.833,-0.871,0.717,0.805,0.685,0.917,0.48,0.157,0.851,0.657
AMZN,0.835,0.954,0.903,0.523,-0.396,0.759,0.708,0.712,0.916,0.0,0.941,0.768,0.964,0.773,0.815,0.585,-0.674,0.964,0.857,0.89,0.915,0.845,0.876,0.929,0.493,0.858,0.869,0.752,0.876,0.884,0.401,0.908,0.947,0.18,-0.46,0.975,0.978,0.88,0.766,0.74,0.888,0.94,0.781,-0.274,0.725,0.655,0.813,0.536,0.928,0.943,0.818,0.729,0.858,0.14,0.917,0.972,0.727,0.962,0.464,0.824,0.883,-0.473,0.92,0.969,0.705,0.965,0.639,-0.469,0.768,0.827,-0.726,0.715,0.966,0.969,0.326,0.221,0.967,-0.881,0.947,0.786,0.219,0.022,0.929,0.912,0.972,0.655,0.719,0.95,-0.354,0.941,0.96,0.091,0.88,0.882,0.918,0.893,0.924,0.918,0.35,-0.79,0.357,0.97,0.929,0.952,0.934,-0.334,0.872,0.829,0.881,0.706,0.735,0.072,0.752,0.801,0.926,0.722,0.964,0.808,0.736,0.695,0.877,0.665,0.895,0.58,0.628,-0.086,0.853,0.465,-0.174,0.81,0.666,0.823,0.704,0.086,0.679,0.781,0.758,0.86,0.936,0.782,0.81,0.465,0.889,-0.672,0.795,0.905,0.875,0.934,0.725,0.962,0.025,0.952,0.91,0.67,0.822,0.613,0.766,-0.514,-0.104,0.934,0.442,0.173,0.749,0.857,-0.319,0.905,0.873,0.494,0.72,0.871,0.933,0.833,0.684,0.915,0.942,0.883,0.776,0.685,0.862,-0.374,0.553,0.956,0.964,0.87,0.847,0.734,-0.044,0.487,0.95,0.988,0.912,-0.882,0.669,0.858,0.795,0.949,0.58,0.104,0.866,0.735
ANIP,0.856,0.931,0.899,0.65,-0.478,0.845,0.661,0.575,0.871,0.941,0.0,0.843,0.942,0.871,0.829,0.562,-0.663,0.941,0.893,0.931,0.904,0.857,0.858,0.933,0.604,0.88,0.832,0.874,0.836,0.849,0.564,0.953,0.948,0.301,-0.351,0.934,0.949,0.915,0.763,0.807,0.901,0.876,0.836,-0.243,0.656,0.67,0.868,0.535,0.888,0.902,0.844,0.591,0.836,0.146,0.88,0.962,0.607,0.963,0.627,0.885,0.816,-0.353,0.955,0.963,0.768,0.928,0.574,-0.532,0.643,0.819,-0.78,0.813,0.933,0.933,0.381,0.237,0.975,-0.792,0.899,0.827,0.116,-0.033,0.952,0.963,0.915,0.788,0.716,0.933,-0.239,0.961,0.972,-0.007,0.939,0.759,0.945,0.89,0.9,0.939,0.233,-0.705,0.468,0.914,0.898,0.946,0.955,-0.365,0.912,0.831,0.922,0.702,0.808,0.162,0.711,0.838,0.913,0.766,0.925,0.869,0.816,0.786,0.871,0.556,0.934,0.49,0.631,0.054,0.801,0.549,-0.012,0.852,0.647,0.833,0.738,0.242,0.809,0.805,0.858,0.823,0.964,0.881,0.876,0.481,0.91,-0.6,0.793,0.945,0.815,0.949,0.764,0.933,0.205,0.947,0.97,0.724,0.892,0.678,0.794,-0.398,0.051,0.952,0.535,0.113,0.775,0.798,-0.385,0.909,0.86,0.627,0.799,0.947,0.939,0.884,0.76,0.933,0.875,0.93,0.827,0.646,0.773,-0.367,0.618,0.965,0.962,0.846,0.914,0.682,0.06,0.472,0.958,0.914,0.927,-0.841,0.537,0.906,0.89,0.943,0.716,0.262,0.844,0.807
AOSL,0.858,0.784,0.87,0.831,-0.357,0.962,0.745,0.239,0.716,0.768,0.843,0.0,0.8,0.889,0.792,0.481,-0.289,0.817,0.872,0.871,0.738,0.9,0.659,0.808,0.835,0.926,0.698,0.853,0.717,0.747,0.811,0.876,0.835,0.517,0.063,0.824,0.808,0.917,0.693,0.802,0.925,0.667,0.936,0.012,0.559,0.562,0.914,0.774,0.694,0.772,0.766,0.34,0.619,0.337,0.615,0.847,0.473,0.875,0.857,0.927,0.663,0.075,0.879,0.808,0.901,0.706,0.495,-0.582,0.583,0.814,-0.783,0.946,0.782,0.761,0.224,0.265,0.863,-0.485,0.825,0.819,0.215,0.113,0.903,0.931,0.672,0.858,0.728,0.863,0.128,0.852,0.82,-0.115,0.896,0.486,0.909,0.878,0.848,0.931,0.152,-0.348,0.42,0.746,0.741,0.846,0.916,-0.39,0.916,0.684,0.924,0.813,0.735,0.493,0.723,0.827,0.729,0.625,0.823,0.868,0.902,0.88,0.889,0.294,0.938,0.427,0.704,0.366,0.78,0.745,0.353,0.904,0.6,0.749,0.785,0.53,0.865,0.824,0.934,0.678,0.893,0.908,0.914,0.415,0.908,-0.218,0.874,0.928,0.744,0.855,0.909,0.79,0.598,0.834,0.873,0.855,0.921,0.822,0.785,-0.019,0.439,0.882,0.542,0.319,0.864,0.707,-0.337,0.86,0.885,0.834,0.844,0.796,0.875,0.855,0.836,0.865,0.717,0.898,0.884,0.693,0.634,-0.168,0.734,0.885,0.86,0.841,0.844,0.547,0.166,0.603,0.848,0.717,0.917,-0.651,0.412,0.94,0.928,0.793,0.845,0.653,0.775,0.946
APDN,0.835,0.957,0.878,0.558,-0.392,0.793,0.72,0.654,0.878,0.964,0.942,0.8,0.0,0.78,0.806,0.628,-0.633,0.941,0.896,0.922,0.897,0.885,0.85,0.913,0.55,0.886,0.821,0.775,0.832,0.868,0.459,0.927,0.936,0.247,-0.391,0.941,0.94,0.857,0.751,0.738,0.899,0.904,0.822,-0.181,0.689,0.606,0.868,0.592,0.885,0.936,0.815,0.691,0.842,0.182,0.909,0.957,0.635,0.937,0.533,0.829,0.842,-0.408,0.924,0.947,0.77,0.936,0.611,-0.449,0.714,0.852,-0.747,0.746,0.948,0.933,0.308,0.204,0.955,-0.835,0.909,0.79,0.185,0.043,0.927,0.919,0.929,0.657,0.745,0.946,-0.312,0.938,0.942,-0.053,0.883,0.839,0.931,0.864,0.895,0.915,0.311,-0.734,0.373,0.921,0.888,0.943,0.933,-0.388,0.9,0.9,0.886,0.741,0.702,0.14,0.773,0.85,0.932,0.704,0.952,0.762,0.762,0.683,0.874,0.598,0.883,0.519,0.642,-0.067,0.819,0.484,-0.128,0.802,0.683,0.81,0.717,0.155,0.747,0.802,0.79,0.803,0.935,0.819,0.865,0.443,0.908,-0.684,0.794,0.899,0.87,0.921,0.717,0.938,0.077,0.944,0.917,0.695,0.854,0.66,0.742,-0.493,-0.071,0.923,0.446,0.161,0.792,0.808,-0.368,0.912,0.849,0.579,0.738,0.855,0.918,0.84,0.739,0.893,0.916,0.866,0.774,0.677,0.815,-0.392,0.652,0.942,0.936,0.838,0.878,0.746,-0.017,0.504,0.95,0.943,0.899,-0.854,0.616,0.899,0.826,0.924,0.617,0.16,0.839,0.782
APLT,0.775,0.788,0.84,0.776,-0.497,0.884,0.615,0.277,0.742,0.773,0.871,0.889,0.78,0.0,0.757,0.398,-0.455,0.788,0.815,0.873,0.743,0.84,0.643,0.799,0.819,0.844,0.655,0.899,0.699,0.704,0.695,0.854,0.846,0.498,-0.173,0.814,0.8,0.84,0.605,0.707,0.853,0.648,0.856,-0.138,0.519,0.66,0.852,0.577,0.706,0.765,0.721,0.349,0.628,0.144,0.676,0.86,0.554,0.857,0.78,0.851,0.661,-0.149,0.868,0.84,0.772,0.754,0.458,-0.707,0.473,0.698,-0.81,0.866,0.767,0.791,0.235,0.146,0.841,-0.575,0.79,0.732,-0.009,-0.1,0.874,0.917,0.714,0.818,0.606,0.817,-0.009,0.866,0.842,-0.036,0.889,0.472,0.872,0.846,0.799,0.886,0.022,-0.484,0.398,0.729,0.74,0.85,0.892,-0.503,0.863,0.69,0.855,0.713,0.716,0.291,0.577,0.802,0.729,0.723,0.785,0.821,0.902,0.829,0.792,0.261,0.913,0.387,0.634,0.233,0.713,0.582,0.281,0.833,0.546,0.698,0.676,0.395,0.798,0.672,0.883,0.634,0.868,0.904,0.864,0.343,0.834,-0.347,0.766,0.921,0.727,0.83,0.836,0.801,0.468,0.82,0.901,0.717,0.899,0.677,0.788,-0.165,0.305,0.872,0.419,0.143,0.7,0.685,-0.427,0.798,0.779,0.712,0.759,0.832,0.872,0.857,0.715,0.864,0.721,0.881,0.796,0.517,0.642,-0.307,0.587,0.876,0.852,0.808,0.858,0.558,0.168,0.464,0.841,0.741,0.872,-0.739,0.316,0.89,0.91,0.809,0.817,0.517,0.693,0.83
APVO,0.714,0.826,0.718,0.45,-0.191,0.841,0.832,0.591,0.887,0.815,0.829,0.792,0.806,0.757,0.0,0.722,-0.527,0.817,0.783,0.789,0.813,0.723,0.813,0.768,0.521,0.893,0.775,0.701,0.871,0.837,0.471,0.749,0.867,0.1,-0.189,0.841,0.827,0.866,0.592,0.689,0.786,0.697,0.801,-0.116,0.834,0.679,0.779,0.55,0.818,0.801,0.829,0.701,0.843,0.351,0.762,0.844,0.713,0.884,0.617,0.858,0.902,-0.157,0.866,0.823,0.654,0.748,0.337,-0.403,0.802,0.825,-0.503,0.713,0.895,0.777,0.302,0.545,0.864,-0.651,0.877,0.842,0.383,0.183,0.866,0.836,0.798,0.748,0.718,0.886,-0.077,0.795,0.8,0.228,0.824,0.733,0.861,0.877,0.882,0.846,0.525,-0.574,0.523,0.848,0.867,0.851,0.829,-0.275,0.743,0.678,0.796,0.707,0.844,0.293,0.816,0.73,0.843,0.514,0.84,0.822,0.664,0.803,0.842,0.553,0.83,0.767,0.677,-0.008,0.793,0.63,-0.049,0.866,0.771,0.674,0.688,0.076,0.595,0.826,0.676,0.81,0.872,0.683,0.676,0.492,0.781,-0.42,0.765,0.818,0.763,0.808,0.682,0.903,0.2,0.882,0.852,0.723,0.758,0.797,0.549,-0.39,0.052,0.791,0.51,0.294,0.761,0.816,-0.039,0.893,0.768,0.486,0.695,0.817,0.908,0.691,0.738,0.754,0.877,0.812,0.782,0.688,0.843,-0.083,0.613,0.846,0.841,0.923,0.664,0.621,0.041,0.623,0.807,0.764,0.795,-0.709,0.656,0.84,0.72,0.852,0.525,0.358,0.848,0.728
ARGX,0.516,0.681,0.445,0.1,0.212,0.499,0.585,0.632,0.658,0.585,0.562,0.481,0.628,0.398,0.722,0.0,-0.373,0.603,0.66,0.611,0.626,0.553,0.697,0.555,0.252,0.669,0.652,0.351,0.646,0.744,0.195,0.527,0.635,-0.058,-0.103,0.543,0.576,0.57,0.515,0.494,0.517,0.567,0.579,-0.084,0.624,0.421,0.627,0.461,0.566,0.611,0.708,0.738,0.786,0.542,0.682,0.596,0.525,0.59,0.315,0.563,0.646,-0.154,0.642,0.502,0.509,0.513,0.373,0.049,0.653,0.714,-0.134,0.448,0.68,0.49,0.418,0.629,0.613,-0.458,0.641,0.673,0.556,0.44,0.631,0.555,0.613,0.461,0.779,0.679,-0.143,0.531,0.566,0.025,0.529,0.696,0.625,0.599,0.64,0.553,0.726,-0.438,0.457,0.627,0.619,0.595,0.509,-0.09,0.471,0.691,0.519,0.575,0.508,0.391,0.78,0.634,0.723,0.217,0.644,0.466,0.263,0.439,0.647,0.604,0.503,0.719,0.643,-0.243,0.572,0.329,-0.257,0.625,0.714,0.58,0.609,-0.085,0.319,0.752,0.378,0.687,0.59,0.424,0.394,0.539,0.566,-0.434,0.498,0.477,0.563,0.614,0.32,0.658,-0.104,0.689,0.564,0.611,0.522,0.673,0.136,-0.488,-0.137,0.536,0.538,0.387,0.657,0.547,-0.027,0.7,0.518,0.328,0.527,0.562,0.575,0.36,0.664,0.454,0.692,0.454,0.539,0.663,0.708,0.194,0.655,0.52,0.554,0.611,0.388,0.358,-0.034,0.675,0.517,0.569,0.472,-0.405,0.663,0.604,0.443,0.544,0.212,0.119,0.687,0.478
ARLP,-0.391,-0.65,-0.441,-0.054,0.492,-0.313,-0.281,-0.716,-0.62,-0.674,-0.663,-0.289,-0.633,-0.455,-0.527,-0.373,0.0,-0.543,-0.419,-0.527,-0.616,-0.348,-0.605,-0.575,-0.082,-0.405,-0.513,-0.523,-0.621,-0.498,0.038,-0.521,-0.666,0.206,0.758,-0.628,-0.634,-0.497,-0.382,-0.275,-0.427,-0.65,-0.251,0.597,-0.498,-0.583,-0.343,0.148,-0.672,-0.577,-0.445,-0.603,-0.725,0.394,-0.774,-0.651,-0.552,-0.571,-0.019,-0.424,-0.681,0.705,-0.543,-0.688,-0.143,-0.716,-0.249,0.377,-0.332,-0.358,0.409,-0.229,-0.635,-0.668,-0.418,0.013,-0.599,0.786,-0.556,-0.312,0.156,0.439,-0.518,-0.521,-0.766,-0.261,-0.236,-0.548,0.71,-0.59,-0.637,-0.204,-0.547,-0.676,-0.515,-0.466,-0.47,-0.477,-0.144,0.866,-0.385,-0.648,-0.683,-0.611,-0.525,0.119,-0.411,-0.512,-0.464,-0.203,-0.573,0.388,-0.262,-0.383,-0.648,-0.625,-0.565,-0.481,-0.332,-0.285,-0.375,-0.525,-0.513,-0.367,-0.145,0.353,-0.327,0.064,0.445,-0.315,-0.345,-0.51,-0.106,0.303,-0.294,-0.316,-0.333,-0.568,-0.547,-0.363,-0.352,-0.288,-0.401,0.768,-0.258,-0.524,-0.505,-0.567,-0.345,-0.677,0.371,-0.602,-0.661,-0.151,-0.387,-0.14,-0.397,0.749,0.473,-0.552,-0.149,0.441,-0.255,-0.498,0.215,-0.514,-0.344,0.002,-0.221,-0.681,-0.609,-0.478,-0.22,-0.544,-0.652,-0.523,-0.358,-0.169,-0.565,0.473,-0.039,-0.621,-0.615,-0.507,-0.5,-0.604,0.171,0.087,-0.608,-0.689,-0.456,0.663,-0.429,-0.435,-0.381,-0.648,-0.161,0.339,-0.449,-0.224
ATEX,0.89,0.944,0.921,0.616,-0.321,0.803,0.715,0.617,0.885,0.964,0.941,0.817,0.941,0.788,0.817,0.603,-0.543,0.0,0.918,0.916,0.924,0.89,0.898,0.959,0.553,0.888,0.886,0.77,0.822,0.899,0.504,0.945,0.924,0.244,-0.304,0.934,0.971,0.901,0.823,0.825,0.917,0.921,0.848,-0.208,0.67,0.561,0.871,0.644,0.895,0.95,0.881,0.648,0.827,0.283,0.859,0.953,0.662,0.975,0.588,0.859,0.82,-0.336,0.944,0.943,0.802,0.934,0.699,-0.403,0.783,0.879,-0.734,0.782,0.956,0.941,0.306,0.316,0.976,-0.784,0.936,0.88,0.303,0.162,0.96,0.937,0.921,0.749,0.794,0.954,-0.196,0.939,0.965,0.009,0.882,0.839,0.949,0.893,0.959,0.943,0.369,-0.699,0.376,0.953,0.907,0.954,0.948,-0.344,0.91,0.817,0.909,0.768,0.738,0.203,0.799,0.856,0.927,0.669,0.967,0.828,0.759,0.735,0.934,0.641,0.906,0.543,0.709,0.007,0.877,0.587,-0.054,0.87,0.692,0.835,0.808,0.199,0.761,0.852,0.814,0.881,0.95,0.847,0.855,0.479,0.942,-0.564,0.864,0.913,0.874,0.951,0.726,0.93,0.163,0.964,0.901,0.766,0.862,0.711,0.761,-0.403,0.025,0.957,0.549,0.302,0.806,0.85,-0.36,0.929,0.917,0.608,0.818,0.876,0.914,0.869,0.759,0.915,0.908,0.908,0.798,0.761,0.831,-0.301,0.648,0.944,0.965,0.854,0.887,0.629,0.09,0.6,0.953,0.939,0.943,-0.837,0.66,0.882,0.852,0.941,0.673,0.237,0.922,0.808
ATRA,0.923,0.925,0.872,0.681,-0.188,0.852,0.695,0.455,0.768,0.857,0.893,0.872,0.896,0.815,0.783,0.66,-0.419,0.918,0.0,0.95,0.855,0.945,0.827,0.919,0.684,0.931,0.817,0.79,0.701,0.872,0.649,0.95,0.878,0.331,-0.092,0.824,0.875,0.875,0.819,0.814,0.929,0.802,0.925,-0.159,0.548,0.454,0.966,0.767,0.737,0.9,0.913,0.493,0.787,0.424,0.785,0.898,0.515,0.907,0.737,0.869,0.681,-0.132,0.921,0.836,0.922,0.809,0.713,-0.345,0.663,0.935,-0.738,0.846,0.87,0.809,0.347,0.348,0.922,-0.604,0.85,0.892,0.349,0.227,0.944,0.927,0.793,0.774,0.854,0.923,-0.042,0.873,0.901,-0.238,0.882,0.695,0.958,0.829,0.896,0.92,0.332,-0.532,0.452,0.828,0.802,0.918,0.908,-0.373,0.921,0.827,0.903,0.895,0.667,0.461,0.801,0.956,0.885,0.57,0.922,0.778,0.79,0.71,0.949,0.481,0.883,0.439,0.791,0.086,0.791,0.605,0.118,0.887,0.748,0.84,0.847,0.361,0.852,0.875,0.875,0.807,0.909,0.915,0.897,0.476,0.959,-0.441,0.886,0.877,0.844,0.929,0.768,0.842,0.343,0.932,0.876,0.89,0.906,0.846,0.661,-0.276,0.223,0.927,0.626,0.344,0.9,0.737,-0.48,0.942,0.882,0.793,0.877,0.816,0.847,0.847,0.852,0.861,0.822,0.872,0.799,0.796,0.745,-0.208,0.799,0.89,0.896,0.788,0.894,0.476,0.205,0.704,0.88,0.818,0.898,-0.712,0.618,0.942,0.925,0.832,0.779,0.391,0.888,0.91
AUTL,0.88,0.944,0.877,0.706,-0.344,0.867,0.697,0.474,0.824,0.89,0.931,0.871,0.922,0.873,0.789,0.611,-0.527,0.916,0.95,0.0,0.87,0.954,0.816,0.92,0.696,0.927,0.793,0.836,0.736,0.834,0.598,0.953,0.924,0.348,-0.246,0.869,0.898,0.87,0.753,0.758,0.938,0.801,0.914,-0.209,0.573,0.558,0.952,0.687,0.794,0.924,0.854,0.534,0.8,0.255,0.819,0.943,0.583,0.926,0.72,0.859,0.729,-0.269,0.948,0.899,0.875,0.864,0.657,-0.511,0.63,0.877,-0.815,0.847,0.897,0.871,0.272,0.24,0.936,-0.696,0.881,0.834,0.18,0.024,0.962,0.962,0.841,0.746,0.782,0.931,-0.14,0.925,0.935,-0.182,0.896,0.695,0.964,0.852,0.896,0.944,0.215,-0.637,0.373,0.834,0.839,0.954,0.943,-0.488,0.931,0.852,0.911,0.84,0.672,0.304,0.745,0.946,0.901,0.662,0.931,0.77,0.84,0.731,0.913,0.436,0.924,0.429,0.756,0.056,0.794,0.572,0.091,0.861,0.689,0.797,0.769,0.298,0.837,0.806,0.885,0.76,0.926,0.932,0.914,0.411,0.948,-0.534,0.865,0.932,0.865,0.933,0.788,0.895,0.288,0.942,0.927,0.793,0.938,0.775,0.732,-0.365,0.136,0.95,0.485,0.203,0.818,0.768,-0.495,0.925,0.851,0.737,0.824,0.854,0.905,0.901,0.779,0.891,0.856,0.904,0.781,0.705,0.761,-0.323,0.726,0.932,0.923,0.824,0.93,0.608,0.144,0.576,0.932,0.857,0.924,-0.806,0.538,0.956,0.931,0.898,0.768,0.373,0.842,0.88
AVDL,0.822,0.926,0.808,0.472,-0.262,0.742,0.687,0.673,0.901,0.915,0.904,0.738,0.897,0.743,0.813,0.626,-0.616,0.924,0.855,0.87,0.0,0.799,0.957,0.915,0.445,0.842,0.864,0.693,0.789,0.865,0.381,0.874,0.894,0.059,-0.401,0.876,0.933,0.833,0.741,0.733,0.831,0.854,0.758,-0.287,0.676,0.528,0.787,0.536,0.875,0.935,0.894,0.674,0.864,0.265,0.865,0.904,0.682,0.925,0.505,0.763,0.832,-0.408,0.904,0.9,0.722,0.879,0.615,-0.373,0.776,0.848,-0.687,0.662,0.941,0.893,0.295,0.391,0.931,-0.811,0.902,0.865,0.318,0.064,0.912,0.879,0.911,0.687,0.749,0.905,-0.235,0.863,0.923,0.097,0.801,0.85,0.89,0.814,0.91,0.881,0.415,-0.77,0.418,0.922,0.902,0.924,0.873,-0.346,0.797,0.753,0.825,0.727,0.755,0.116,0.768,0.802,0.934,0.587,0.934,0.766,0.664,0.626,0.873,0.688,0.853,0.598,0.724,-0.168,0.824,0.505,-0.152,0.794,0.699,0.756,0.764,0.072,0.663,0.807,0.689,0.869,0.879,0.759,0.744,0.422,0.857,-0.604,0.808,0.836,0.859,0.908,0.661,0.916,0.073,0.937,0.86,0.684,0.778,0.665,0.649,-0.522,-0.084,0.901,0.499,0.288,0.738,0.88,-0.359,0.899,0.81,0.483,0.738,0.861,0.865,0.784,0.677,0.852,0.91,0.846,0.671,0.716,0.848,-0.284,0.544,0.896,0.916,0.826,0.811,0.583,0.044,0.587,0.893,0.883,0.861,-0.85,0.713,0.822,0.775,0.906,0.585,0.163,0.899,0.721
BCRX,0.894,0.895,0.896,0.764,-0.281,0.865,0.72,0.368,0.754,0.845,0.857,0.9,0.885,0.84,0.723,0.553,-0.348,0.89,0.945,0.954,0.799,0.0,0.729,0.881,0.773,0.924,0.741,0.787,0.681,0.807,0.664,0.926,0.875,0.446,-0.107,0.837,0.855,0.852,0.764,0.748,0.952,0.763,0.934,-0.099,0.502,0.481,0.961,0.808,0.718,0.888,0.803,0.446,0.684,0.33,0.728,0.903,0.552,0.887,0.751,0.849,0.653,-0.146,0.896,0.842,0.927,0.8,0.713,-0.489,0.623,0.875,-0.827,0.878,0.836,0.823,0.195,0.193,0.894,-0.601,0.856,0.808,0.233,0.118,0.929,0.929,0.759,0.735,0.795,0.903,-0.019,0.888,0.874,-0.226,0.866,0.626,0.943,0.842,0.874,0.93,0.191,-0.501,0.302,0.781,0.763,0.912,0.927,-0.489,0.94,0.825,0.904,0.889,0.588,0.41,0.754,0.942,0.82,0.62,0.901,0.739,0.859,0.727,0.92,0.367,0.905,0.386,0.778,0.151,0.802,0.597,0.188,0.861,0.637,0.784,0.797,0.396,0.841,0.797,0.902,0.708,0.89,0.927,0.935,0.389,0.954,-0.417,0.893,0.913,0.855,0.899,0.816,0.827,0.386,0.897,0.86,0.826,0.928,0.783,0.743,-0.223,0.25,0.924,0.474,0.324,0.855,0.733,-0.51,0.896,0.881,0.809,0.833,0.756,0.851,0.889,0.787,0.867,0.8,0.869,0.789,0.737,0.715,-0.277,0.77,0.896,0.886,0.802,0.908,0.564,0.146,0.63,0.892,0.813,0.925,-0.74,0.506,0.953,0.925,0.825,0.8,0.467,0.811,0.923
BHAT,0.811,0.903,0.755,0.342,-0.097,0.667,0.651,0.749,0.874,0.876,0.858,0.659,0.85,0.643,0.813,0.697,-0.605,0.898,0.827,0.816,0.957,0.729,0.0,0.899,0.32,0.807,0.91,0.593,0.782,0.887,0.311,0.821,0.858,-0.072,-0.355,0.82,0.909,0.808,0.775,0.75,0.757,0.848,0.694,-0.33,0.703,0.472,0.732,0.497,0.874,0.91,0.926,0.721,0.902,0.368,0.865,0.851,0.665,0.888,0.428,0.722,0.826,-0.389,0.868,0.833,0.677,0.834,0.629,-0.214,0.82,0.867,-0.549,0.593,0.925,0.839,0.396,0.556,0.898,-0.765,0.869,0.894,0.462,0.18,0.869,0.815,0.897,0.672,0.791,0.88,-0.225,0.791,0.88,0.132,0.746,0.888,0.841,0.772,0.889,0.814,0.562,-0.745,0.489,0.916,0.894,0.873,0.796,-0.195,0.711,0.709,0.77,0.716,0.769,0.164,0.785,0.778,0.936,0.49,0.903,0.742,0.525,0.562,0.856,0.782,0.785,0.655,0.723,-0.217,0.812,0.5,-0.223,0.78,0.731,0.768,0.769,0.005,0.574,0.845,0.598,0.925,0.836,0.673,0.64,0.516,0.806,-0.573,0.762,0.749,0.804,0.884,0.558,0.883,-0.011,0.919,0.803,0.693,0.69,0.676,0.524,-0.542,-0.115,0.846,0.599,0.344,0.743,0.865,-0.284,0.891,0.766,0.41,0.751,0.845,0.808,0.689,0.681,0.798,0.898,0.774,0.644,0.759,0.864,-0.157,0.544,0.83,0.872,0.766,0.731,0.493,0.053,0.641,0.819,0.85,0.786,-0.766,0.8,0.757,0.7,0.855,0.493,0.095,0.932,0.659
BLBD,0.934,0.938,0.916,0.618,-0.308,0.779,0.624,0.592,0.83,0.929,0.933,0.808,0.913,0.799,0.768,0.555,-0.575,0.959,0.919,0.92,0.915,0.881,0.899,0.0,0.561,0.861,0.885,0.78,0.761,0.87,0.542,0.949,0.906,0.199,-0.277,0.888,0.961,0.899,0.847,0.82,0.905,0.903,0.817,-0.315,0.598,0.494,0.86,0.616,0.86,0.937,0.894,0.563,0.817,0.259,0.843,0.936,0.602,0.947,0.587,0.84,0.767,-0.309,0.917,0.912,0.825,0.897,0.754,-0.395,0.702,0.873,-0.769,0.774,0.914,0.916,0.376,0.308,0.956,-0.738,0.894,0.877,0.295,0.069,0.943,0.925,0.897,0.76,0.78,0.924,-0.208,0.905,0.958,-0.047,0.873,0.794,0.933,0.844,0.917,0.922,0.314,-0.691,0.438,0.913,0.9,0.943,0.919,-0.297,0.889,0.764,0.91,0.791,0.743,0.223,0.727,0.872,0.902,0.668,0.943,0.832,0.746,0.688,0.917,0.625,0.904,0.464,0.707,0.029,0.819,0.561,0.001,0.843,0.651,0.866,0.792,0.262,0.781,0.832,0.819,0.887,0.911,0.849,0.848,0.485,0.931,-0.523,0.852,0.893,0.854,0.961,0.732,0.884,0.196,0.949,0.899,0.782,0.842,0.693,0.752,-0.373,0.078,0.957,0.591,0.25,0.804,0.818,-0.453,0.914,0.894,0.635,0.845,0.891,0.875,0.873,0.752,0.931,0.866,0.896,0.772,0.75,0.787,-0.285,0.612,0.934,0.96,0.789,0.908,0.541,0.171,0.571,0.921,0.906,0.922,-0.794,0.653,0.875,0.873,0.904,0.712,0.245,0.914,0.818
BMRN,0.687,0.53,0.696,0.861,-0.384,0.794,0.482,-0.126,0.429,0.493,0.604,0.835,0.55,0.819,0.521,0.252,-0.082,0.553,0.684,0.696,0.445,0.773,0.32,0.561,0.0,0.686,0.383,0.794,0.418,0.455,0.857,0.682,0.599,0.69,0.203,0.562,0.529,0.683,0.507,0.567,0.755,0.385,0.784,0.111,0.204,0.44,0.77,0.646,0.383,0.505,0.477,0.007,0.306,0.198,0.322,0.624,0.292,0.61,0.836,0.745,0.345,0.242,0.642,0.574,0.76,0.477,0.426,-0.62,0.226,0.545,-0.697,0.866,0.472,0.518,0.086,-0.011,0.591,-0.221,0.556,0.557,-0.037,0.029,0.677,0.733,0.379,0.726,0.524,0.589,0.229,0.657,0.59,-0.216,0.707,0.124,0.696,0.663,0.571,0.717,-0.164,-0.092,0.309,0.426,0.424,0.618,0.711,-0.416,0.761,0.506,0.737,0.66,0.46,0.503,0.409,0.676,0.438,0.586,0.545,0.642,0.853,0.748,0.65,-0.05,0.742,0.14,0.518,0.545,0.505,0.636,0.614,0.687,0.302,0.531,0.582,0.66,0.755,0.559,0.851,0.344,0.647,0.819,0.795,0.267,0.688,0.024,0.666,0.76,0.529,0.634,0.759,0.51,0.734,0.575,0.691,0.688,0.788,0.615,0.674,0.196,0.59,0.68,0.346,0.194,0.634,0.401,-0.445,0.577,0.645,0.824,0.672,0.586,0.63,0.743,0.651,0.659,0.414,0.709,0.719,0.392,0.328,-0.112,0.626,0.651,0.622,0.603,0.699,0.353,0.247,0.409,0.62,0.45,0.729,-0.435,0.062,0.781,0.813,0.522,0.845,0.751,0.464,0.815
BNGO,0.853,0.91,0.847,0.651,-0.203,0.93,0.854,0.489,0.858,0.858,0.88,0.926,0.886,0.844,0.893,0.669,-0.405,0.888,0.931,0.927,0.842,0.924,0.807,0.861,0.686,0.0,0.807,0.768,0.804,0.875,0.62,0.884,0.917,0.293,-0.099,0.874,0.876,0.912,0.705,0.773,0.928,0.745,0.952,-0.094,0.708,0.58,0.942,0.791,0.797,0.897,0.883,0.59,0.798,0.424,0.78,0.912,0.642,0.931,0.766,0.91,0.803,-0.118,0.932,0.857,0.882,0.778,0.545,-0.457,0.762,0.928,-0.716,0.855,0.911,0.821,0.251,0.434,0.926,-0.621,0.919,0.884,0.371,0.193,0.952,0.936,0.796,0.784,0.809,0.959,0.018,0.873,0.869,-0.046,0.897,0.702,0.959,0.902,0.934,0.947,0.404,-0.518,0.405,0.845,0.846,0.927,0.926,-0.423,0.895,0.791,0.895,0.886,0.751,0.445,0.866,0.909,0.877,0.533,0.925,0.817,0.811,0.812,0.95,0.463,0.922,0.611,0.818,0.074,0.864,0.659,0.092,0.936,0.79,0.775,0.815,0.274,0.781,0.876,0.843,0.799,0.934,0.862,0.865,0.448,0.94,-0.409,0.91,0.908,0.869,0.897,0.839,0.904,0.354,0.938,0.888,0.856,0.901,0.89,0.665,-0.278,0.21,0.9,0.542,0.385,0.895,0.831,-0.3,0.969,0.883,0.73,0.833,0.803,0.922,0.821,0.84,0.854,0.883,0.883,0.834,0.808,0.834,-0.166,0.775,0.914,0.899,0.914,0.825,0.601,0.095,0.71,0.884,0.811,0.907,-0.749,0.634,0.965,0.882,0.866,0.717,0.484,0.885,0.916
BUSE,0.832,0.876,0.833,0.414,-0.12,0.66,0.595,0.717,0.823,0.869,0.832,0.698,0.821,0.655,0.775,0.652,-0.513,0.886,0.817,0.793,0.864,0.741,0.91,0.885,0.383,0.807,0.0,0.602,0.822,0.893,0.399,0.82,0.85,0.069,-0.234,0.832,0.909,0.858,0.802,0.785,0.767,0.872,0.716,-0.3,0.68,0.522,0.746,0.574,0.85,0.846,0.889,0.675,0.882,0.396,0.847,0.852,0.625,0.88,0.427,0.772,0.787,-0.305,0.854,0.806,0.711,0.792,0.67,-0.238,0.786,0.834,-0.541,0.675,0.88,0.825,0.509,0.509,0.886,-0.683,0.861,0.856,0.495,0.212,0.869,0.822,0.887,0.705,0.795,0.886,-0.192,0.793,0.856,0.086,0.798,0.835,0.829,0.808,0.881,0.818,0.532,-0.609,0.488,0.91,0.852,0.836,0.796,-0.078,0.736,0.686,0.812,0.722,0.753,0.266,0.782,0.759,0.898,0.528,0.877,0.804,0.548,0.636,0.855,0.77,0.815,0.634,0.672,-0.037,0.877,0.488,-0.14,0.821,0.682,0.864,0.797,0.15,0.591,0.852,0.661,0.942,0.841,0.68,0.667,0.628,0.827,-0.471,0.75,0.769,0.748,0.899,0.62,0.849,0.056,0.9,0.793,0.75,0.712,0.673,0.582,-0.348,0.01,0.855,0.678,0.379,0.786,0.803,-0.242,0.864,0.85,0.47,0.779,0.821,0.81,0.687,0.737,0.834,0.849,0.763,0.784,0.79,0.839,-0.041,0.583,0.829,0.877,0.746,0.722,0.439,0.018,0.653,0.793,0.864,0.788,-0.677,0.775,0.76,0.73,0.807,0.493,0.159,0.918,0.683
CAKE,0.787,0.738,0.826,0.813,-0.621,0.854,0.552,0.23,0.642,0.752,0.874,0.853,0.775,0.899,0.701,0.351,-0.523,0.77,0.79,0.836,0.693,0.787,0.593,0.78,0.794,0.768,0.602,0.0,0.633,0.608,0.753,0.867,0.804,0.513,-0.149,0.787,0.77,0.835,0.633,0.715,0.856,0.669,0.796,-0.139,0.427,0.583,0.807,0.474,0.689,0.697,0.658,0.263,0.592,0.004,0.638,0.821,0.393,0.824,0.759,0.88,0.603,-0.099,0.809,0.836,0.732,0.773,0.454,-0.628,0.353,0.641,-0.794,0.847,0.718,0.775,0.287,0.003,0.829,-0.552,0.717,0.676,-0.124,-0.111,0.832,0.879,0.686,0.816,0.536,0.77,-0.101,0.87,0.844,-0.135,0.889,0.437,0.85,0.785,0.728,0.849,-0.077,-0.476,0.428,0.691,0.717,0.817,0.878,-0.381,0.897,0.68,0.863,0.594,0.728,0.234,0.487,0.734,0.692,0.782,0.732,0.819,0.889,0.82,0.747,0.207,0.862,0.222,0.449,0.36,0.621,0.567,0.309,0.735,0.497,0.721,0.582,0.468,0.849,0.646,0.912,0.588,0.856,0.888,0.885,0.334,0.809,-0.327,0.705,0.904,0.68,0.808,0.787,0.746,0.479,0.773,0.909,0.689,0.856,0.6,0.827,-0.128,0.315,0.838,0.44,-0.049,0.651,0.572,-0.449,0.751,0.762,0.74,0.74,0.858,0.839,0.884,0.691,0.843,0.64,0.914,0.817,0.455,0.497,-0.39,0.55,0.867,0.839,0.737,0.869,0.598,0.217,0.29,0.851,0.709,0.866,-0.692,0.207,0.854,0.888,0.804,0.829,0.462,0.629,0.81
CASY,0.673,0.818,0.793,0.369,-0.31,0.719,0.681,0.724,0.891,0.876,0.836,0.717,0.832,0.699,0.871,0.646,-0.621,0.822,0.701,0.736,0.789,0.681,0.782,0.761,0.418,0.804,0.822,0.633,0.0,0.881,0.35,0.729,0.881,0.178,-0.351,0.904,0.874,0.857,0.629,0.688,0.734,0.839,0.691,-0.115,0.885,0.822,0.701,0.421,0.868,0.763,0.726,0.796,0.836,0.202,0.848,0.871,0.705,0.866,0.387,0.81,0.925,-0.35,0.855,0.852,0.546,0.813,0.384,-0.448,0.761,0.722,-0.482,0.671,0.886,0.844,0.462,0.387,0.857,-0.74,0.872,0.713,0.306,0.062,0.815,0.819,0.889,0.651,0.67,0.866,-0.304,0.827,0.811,0.268,0.827,0.804,0.79,0.892,0.828,0.804,0.479,-0.623,0.526,0.915,0.856,0.803,0.81,-0.145,0.708,0.713,0.807,0.579,0.812,0.128,0.752,0.625,0.816,0.673,0.826,0.848,0.607,0.76,0.744,0.726,0.832,0.76,0.519,-0.047,0.806,0.458,-0.224,0.814,0.606,0.764,0.651,0.066,0.516,0.765,0.639,0.821,0.855,0.614,0.639,0.629,0.734,-0.57,0.623,0.812,0.676,0.817,0.644,0.899,-0.011,0.847,0.841,0.589,0.73,0.605,0.634,-0.427,-0.095,0.799,0.5,0.177,0.721,0.786,0.027,0.811,0.777,0.348,0.62,0.822,0.896,0.643,0.715,0.813,0.865,0.74,0.806,0.594,0.849,-0.11,0.541,0.846,0.847,0.849,0.633,0.709,-0.208,0.494,0.804,0.875,0.758,-0.702,0.645,0.762,0.655,0.827,0.383,0.157,0.784,0.607
CCOI,0.82,0.904,0.829,0.403,-0.06,0.744,0.68,0.692,0.864,0.884,0.849,0.747,0.868,0.704,0.837,0.744,-0.498,0.899,0.872,0.834,0.865,0.807,0.887,0.87,0.455,0.875,0.893,0.608,0.881,0.0,0.408,0.82,0.884,0.151,-0.216,0.86,0.899,0.861,0.775,0.806,0.805,0.873,0.795,-0.151,0.781,0.62,0.839,0.616,0.825,0.868,0.9,0.752,0.879,0.474,0.865,0.884,0.65,0.896,0.489,0.798,0.825,-0.258,0.912,0.816,0.734,0.816,0.611,-0.243,0.81,0.893,-0.515,0.706,0.913,0.815,0.503,0.537,0.896,-0.669,0.886,0.867,0.523,0.277,0.883,0.852,0.873,0.688,0.868,0.912,-0.184,0.819,0.856,0.052,0.815,0.849,0.866,0.867,0.891,0.841,0.591,-0.601,0.554,0.922,0.841,0.857,0.826,-0.196,0.763,0.781,0.833,0.789,0.738,0.342,0.874,0.815,0.889,0.526,0.905,0.803,0.596,0.677,0.876,0.756,0.833,0.722,0.727,-0.092,0.837,0.524,-0.154,0.887,0.742,0.838,0.832,0.128,0.63,0.887,0.682,0.897,0.865,0.717,0.702,0.633,0.84,-0.534,0.766,0.799,0.757,0.89,0.614,0.883,0.062,0.917,0.816,0.775,0.785,0.767,0.56,-0.416,-0.014,0.864,0.661,0.389,0.865,0.817,-0.176,0.91,0.833,0.513,0.767,0.814,0.847,0.682,0.82,0.83,0.892,0.756,0.773,0.765,0.883,-0.045,0.709,0.841,0.867,0.801,0.715,0.523,-0.028,0.723,0.814,0.873,0.796,-0.682,0.792,0.83,0.752,0.81,0.509,0.201,0.916,0.734
CEVA,0.718,0.425,0.665,0.867,-0.305,0.765,0.398,-0.194,0.288,0.401,0.564,0.811,0.459,0.695,0.471,0.195,0.038,0.504,0.649,0.598,0.381,0.664,0.311,0.542,0.857,0.62,0.399,0.753,0.35,0.408,0.0,0.652,0.488,0.689,0.456,0.472,0.476,0.691,0.573,0.681,0.692,0.37,0.731,0.198,0.176,0.279,0.715,0.655,0.312,0.396,0.488,-0.118,0.245,0.338,0.225,0.513,0.036,0.551,0.825,0.771,0.236,0.448,0.562,0.465,0.783,0.381,0.414,-0.397,0.17,0.538,-0.587,0.859,0.385,0.417,0.235,0.106,0.55,-0.056,0.433,0.595,0.096,0.165,0.603,0.66,0.281,0.814,0.521,0.526,0.356,0.57,0.52,-0.336,0.681,0.049,0.629,0.58,0.502,0.64,-0.106,0.084,0.42,0.376,0.379,0.506,0.63,-0.172,0.731,0.411,0.733,0.606,0.502,0.644,0.409,0.599,0.354,0.512,0.454,0.694,0.754,0.752,0.621,-0.019,0.664,0.022,0.433,0.711,0.464,0.72,0.676,0.665,0.3,0.592,0.652,0.842,0.796,0.611,0.84,0.378,0.606,0.758,0.764,0.37,0.668,0.185,0.614,0.671,0.387,0.605,0.678,0.379,0.833,0.504,0.617,0.768,0.713,0.632,0.65,0.411,0.754,0.6,0.58,0.237,0.685,0.277,-0.36,0.536,0.683,0.89,0.757,0.56,0.541,0.653,0.731,0.623,0.277,0.664,0.758,0.449,0.176,0.023,0.677,0.578,0.565,0.467,0.658,0.201,0.372,0.435,0.53,0.349,0.666,-0.229,0.016,0.7,0.781,0.438,0.834,0.782,0.459,0.808
CHY,0.926,0.92,0.934,0.757,-0.426,0.845,0.627,0.456,0.781,0.908,0.953,0.876,0.927,0.854,0.749,0.527,-0.521,0.945,0.95,0.953,0.874,0.926,0.821,0.949,0.682,0.884,0.82,0.867,0.729,0.82,0.652,0.0,0.901,0.4,-0.219,0.886,0.924,0.897,0.844,0.837,0.937,0.856,0.884,-0.203,0.529,0.521,0.924,0.664,0.808,0.898,0.854,0.462,0.764,0.227,0.81,0.935,0.502,0.938,0.699,0.878,0.696,-0.252,0.938,0.918,0.879,0.887,0.704,-0.495,0.605,0.847,-0.837,0.868,0.879,0.893,0.34,0.184,0.954,-0.706,0.863,0.843,0.152,0.056,0.957,0.965,0.853,0.784,0.771,0.918,-0.131,0.948,0.961,-0.195,0.927,0.684,0.955,0.856,0.894,0.947,0.159,-0.615,0.398,0.862,0.832,0.934,0.957,-0.386,0.96,0.828,0.94,0.785,0.701,0.284,0.703,0.894,0.889,0.725,0.925,0.829,0.855,0.748,0.912,0.478,0.926,0.35,0.687,0.151,0.796,0.587,0.104,0.854,0.617,0.848,0.795,0.39,0.878,0.82,0.92,0.795,0.947,0.948,0.938,0.46,0.963,-0.509,0.849,0.938,0.815,0.959,0.785,0.867,0.329,0.93,0.931,0.807,0.929,0.715,0.814,-0.288,0.191,0.969,0.563,0.205,0.831,0.743,-0.526,0.897,0.897,0.757,0.866,0.894,0.887,0.931,0.791,0.939,0.809,0.925,0.826,0.708,0.705,-0.365,0.69,0.945,0.948,0.787,0.966,0.58,0.193,0.544,0.945,0.881,0.947,-0.791,0.508,0.925,0.952,0.895,0.801,0.334,0.848,0.873
