,AAPL,ACRS,ADP,AFYA,AGNC,AGYS,ALT,AMGN,AMPH,AMZN,ANIP,AOSL,APDN,APLT,APVO,ARGX,ARLP,ATEX,ATRA,AUTL,AVDL,BCRX,BHAT,BLBD,BMRN,BNGO,BUSE,CAKE,CASY,CCOI,CEVA,CHY,CLDX,CLMT,COHU,COLM,COST,CPRT,CSWC,CSX,DBX,DCOM,DKNG,DMLP,DOX,EA,EDIT,ENPH,ENSG,ERNA,ESGR,ETNB,EXTR,FANG,FARO,FATE,FGEN,FIVE,FIVN,FLGT,FOLD,FORM,FOXA,FRPT,FSLR,FTAI,GBDC,GDYN,GGAL,GNLN,GRFS,GT,HCAT,HCM,HFWA,HOLX,HQY,HUBG,IAC,ICLR,IDCC,IEP,IHRT,ILMN,ILPT,IMAB,IMOS,INMD,INTZ,JAZZ,JKHY,JRVR,KIDS,LBRDK,LGND,LMAT,LPLA,LULU,MASI,MAT,MATW,MBIN,MBIO,MCRB,MDB,MDLZ,MELI,MIRM,MLKN,MNMD,MNRO,MPWR,MRCY,MRSN,MTVA,NAAS,NDAQ,NDSN,NEGG,NOVT,NVDA,NWE,NWSA,NXST,OCX,ODFL,OMAB,OPCH,OPRA,ORGO,OTRK,OZK,PAGP,PCH,PEGA,PENG,PENN,PFBC,PGNY,PHAT,PHUN,PINC,PLUG,PLXS,PYPL,QLYS,QNCX,QQQX,QVCGA,RAPT,RBBN,RCKT,REPL,RMBS,ROAD,ROKU,ROP,RUSHA,SANM,SATS,SBCF,SBLK,SBUX,SCHL,SCSC,SDGR,SEIC,SFIX,SGRY,SKYW,SLP,SNES,STAA,STLD,STOK,SWKS,TER,TFIN,TIGO,TILE,TPIC,TTEC,TTEK,TTGT,UXIN,VERU,VLYPP,VNOM,VRNS,VRSN,WDAY,WERN,WINA,WKHS,WRLD,XP,XTKG,YY,ZION,ZM
AAPL,0.0,0.458,0.961,0.97,0.852,0.339,0.568,0.18,-0.583,0.957,0.787,0.656,0.771,0.857,0.529,0.433,0.782,0.958,0.628,0.613,0.79,0.783,-0.792,0.954,0.847,0.857,0.368,0.908,0.921,-0.402,-0.115,0.936,0.803,0.9,0.596,0.204,0.768,0.929,0.96,0.952,0.901,0.922,0.901,0.263,0.853,0.508,0.738,0.913,0.908,-0.127,0.037,0.843,0.932,0.739,0.906,0.5,0.834,0.886,0.932,-0.505,0.62,-0.774,0.215,0.23,0.968,0.509,0.91,0.915,0.88,-0.289,-0.828,0.928,-0.523,0.613,0.486,0.853,0.522,0.949,0.506,0.853,-0.597,0.918,0.884,0.783,-0.478,-0.782,-0.108,0.94,0.67,-0.368,0.894,0.947,0.852,-0.39,0.764,0.959,0.956,0.905,0.953,0.294,-0.489,0.955,0.637,0.915,0.923,0.818,0.935,0.387,0.978,-0.416,0.925,0.931,-0.835,0.555,-0.816,-0.617,0.943,0.984,0.516,0.654,0.697,-0.107,0.838,0.951,0.527,0.952,0.913,0.886,0.043,-0.191,-0.244,0.939,0.916,0.587,-0.735,0.824,0.826,0.7,0.743,-0.312,0.633,0.75,0.966,0.9,0.96,0.646,0.489,0.928,0.888,0.369,-0.524,0.044,0.506,0.943,0.858,-0.389,0.913,-0.129,0.92,0.906,0.532,0.383,0.949,0.735,0.326,0.169,0.932,0.732,-0.017,0.803,0.76,0.784,0.858,0.966,0.741,0.909,0.338,0.83,0.893,-0.535,0.943,-0.285,0.401,0.951,-0.828,0.015,0.868,0.752,0.626,0.936,0.971,0.623,0.925,0.773,0.762,0.56,0.553,0.142,0.84,0.682
ACRS,0.458,0.0,0.432,0.493,0.182,0.349,0.298,0.171,-0.471,0.404,0.483,-0.083,0.579,0.685,0.792,0.599,0.178,0.44,0.604,0.843,0.748,0.828,-0.326,0.555,0.805,0.508,-0.248,0.502,0.458,-0.831,-0.3,0.266,0.844,0.672,0.151,0.519,0.103,0.288,0.45,0.406,0.603,0.22,0.666,-0.157,0.518,0.04,0.696,0.342,0.333,0.268,0.07,0.533,0.386,0.153,0.686,0.692,0.82,0.469,0.453,-0.593,0.891,-0.317,0.234,-0.042,0.445,-0.124,0.539,0.466,0.281,0.005,-0.123,0.565,-0.878,0.901,0.234,0.395,0.748,0.613,0.616,0.25,-0.595,0.259,0.517,0.281,-0.498,-0.325,0.014,0.491,0.474,0.184,0.39,0.52,0.727,0.259,0.728,0.478,0.55,0.431,0.538,-0.044,-0.57,0.37,0.676,0.631,0.631,0.057,0.669,0.741,0.442,-0.552,0.434,0.49,-0.526,0.528,-0.224,-0.166,0.392,0.414,0.588,0.075,-0.005,0.221,0.516,0.52,0.722,0.414,0.588,0.269,0.181,-0.006,-0.162,0.441,0.526,-0.247,-0.219,0.151,0.241,0.29,0.8,-0.018,0.653,0.177,0.537,0.194,0.435,0.536,0.565,0.378,0.711,0.579,-0.302,0.487,0.48,0.378,0.727,0.222,0.302,0.017,0.383,0.645,-0.185,0.123,0.395,0.099,-0.265,0.378,0.44,0.661,-0.008,0.218,0.311,0.437,0.412,0.46,0.741,0.421,-0.063,0.079,0.345,-0.798,0.604,-0.351,-0.438,0.441,-0.166,0.153,0.426,0.105,0.632,0.49,0.551,-0.039,0.345,0.499,0.641,0.279,0.428,0.195,0.428,0.497
ADP,0.961,0.432,0.0,0.934,0.88,0.186,0.459,0.198,-0.478,0.921,0.801,0.608,0.754,0.813,0.435,0.398,0.827,0.949,0.536,0.526,0.748,0.713,-0.853,0.932,0.824,0.767,0.35,0.832,0.932,-0.356,-0.109,0.952,0.765,0.89,0.495,0.032,0.79,0.92,0.935,0.93,0.821,0.942,0.837,0.337,0.798,0.514,0.661,0.966,0.904,-0.263,-0.092,0.779,0.962,0.784,0.836,0.426,0.801,0.843,0.876,-0.52,0.571,-0.886,0.083,0.27,0.979,0.551,0.925,0.898,0.95,-0.408,-0.89,0.865,-0.521,0.533,0.412,0.781,0.485,0.905,0.387,0.872,-0.613,0.95,0.796,0.802,-0.448,-0.77,-0.244,0.94,0.65,-0.394,0.945,0.883,0.825,-0.526,0.699,0.93,0.95,0.82,0.922,0.22,-0.477,0.962,0.568,0.883,0.856,0.885,0.883,0.398,0.956,-0.545,0.899,0.908,-0.839,0.466,-0.867,-0.645,0.913,0.956,0.351,0.684,0.639,-0.048,0.804,0.931,0.424,0.934,0.891,0.941,0.061,-0.06,-0.312,0.894,0.905,0.628,-0.844,0.783,0.759,0.646,0.686,-0.373,0.537,0.806,0.937,0.927,0.932,0.531,0.363,0.879,0.846,0.241,-0.542,-0.115,0.472,0.918,0.836,-0.501,0.943,-0.288,0.915,0.887,0.59,0.417,0.888,0.814,0.225,0.09,0.855,0.62,-0.057,0.812,0.789,0.785,0.788,0.963,0.698,0.838,0.166,0.79,0.935,-0.523,0.921,-0.179,0.467,0.91,-0.858,-0.129,0.834,0.811,0.492,0.88,0.932,0.637,0.948,0.698,0.647,0.642,0.551,-0.036,0.769,0.582
AFYA,0.97,0.493,0.934,0.0,0.762,0.375,0.514,0.102,-0.571,0.95,0.737,0.619,0.84,0.887,0.538,0.493,0.769,0.95,0.644,0.653,0.807,0.835,-0.837,0.956,0.884,0.859,0.236,0.904,0.955,-0.448,-0.104,0.882,0.835,0.918,0.587,0.221,0.776,0.92,0.938,0.901,0.894,0.879,0.937,0.105,0.771,0.404,0.789,0.892,0.914,-0.031,-0.017,0.837,0.928,0.658,0.919,0.53,0.856,0.935,0.944,-0.489,0.669,-0.773,0.162,0.254,0.952,0.393,0.924,0.916,0.873,-0.187,-0.822,0.938,-0.554,0.629,0.474,0.852,0.557,0.942,0.598,0.756,-0.573,0.888,0.9,0.782,-0.543,-0.837,-0.151,0.955,0.701,-0.403,0.849,0.942,0.842,-0.37,0.777,0.972,0.948,0.908,0.933,0.241,-0.586,0.944,0.674,0.916,0.94,0.774,0.955,0.37,0.977,-0.448,0.935,0.958,-0.872,0.537,-0.779,-0.614,0.88,0.943,0.604,0.541,0.677,-0.085,0.804,0.913,0.621,0.928,0.961,0.867,0.024,-0.185,-0.156,0.903,0.884,0.474,-0.726,0.794,0.824,0.633,0.772,-0.381,0.619,0.653,0.975,0.838,0.958,0.657,0.553,0.912,0.897,0.383,-0.596,0.074,0.577,0.934,0.865,-0.308,0.853,-0.132,0.936,0.905,0.503,0.284,0.945,0.643,0.272,0.208,0.923,0.779,-0.188,0.83,0.731,0.847,0.844,0.929,0.76,0.896,0.332,0.738,0.863,-0.586,0.944,-0.282,0.305,0.974,-0.811,0.062,0.915,0.656,0.71,0.958,0.961,0.537,0.917,0.842,0.759,0.589,0.457,0.223,0.79,0.718
AGNC,0.852,0.182,0.88,0.762,0.0,0.095,0.498,0.234,-0.451,0.792,0.747,0.624,0.431,0.605,0.304,0.262,0.746,0.844,0.432,0.293,0.561,0.46,-0.629,0.758,0.556,0.674,0.588,0.748,0.752,-0.135,-0.15,0.909,0.528,0.675,0.395,0.004,0.727,0.817,0.864,0.853,0.685,0.914,0.615,0.596,0.782,0.508,0.365,0.848,0.729,-0.318,0.074,0.692,0.824,0.868,0.676,0.242,0.564,0.645,0.709,-0.465,0.325,-0.769,0.207,0.202,0.872,0.772,0.765,0.713,0.837,-0.43,-0.802,0.743,-0.304,0.353,0.498,0.686,0.291,0.781,0.117,0.947,-0.519,0.882,0.633,0.67,-0.11,-0.569,-0.024,0.762,0.407,-0.315,0.831,0.757,0.624,-0.572,0.527,0.759,0.775,0.724,0.775,0.434,-0.077,0.818,0.32,0.69,0.679,0.846,0.66,0.228,0.83,-0.311,0.802,0.683,-0.568,0.43,-0.733,-0.583,0.881,0.901,0.181,0.726,0.616,-0.026,0.731,0.849,0.166,0.885,0.657,0.817,0.169,-0.156,-0.229,0.854,0.834,0.847,-0.724,0.755,0.679,0.79,0.497,-0.13,0.406,0.862,0.792,0.903,0.766,0.443,0.269,0.759,0.657,0.16,-0.395,-0.164,0.203,0.776,0.676,-0.588,0.94,-0.218,0.716,0.7,0.552,0.578,0.788,0.821,0.435,-0.097,0.77,0.457,0.259,0.68,0.687,0.519,0.724,0.884,0.54,0.712,0.23,0.859,0.894,-0.314,0.776,-0.204,0.652,0.745,-0.747,-0.094,0.575,0.882,0.236,0.698,0.797,0.845,0.859,0.46,0.513,0.414,0.542,-0.115,0.777,0.366
AGYS,0.339,0.349,0.186,0.375,0.095,0.0,0.598,0.1,-0.583,0.25,0.26,0.1,0.243,0.442,0.592,0.484,-0.009,0.326,0.637,0.558,0.507,0.533,-0.118,0.317,0.407,0.589,0.191,0.532,0.255,-0.455,-0.326,0.105,0.462,0.37,0.208,0.669,0.074,0.171,0.358,0.307,0.51,0.112,0.522,-0.161,0.429,-0.058,0.408,0.031,0.269,0.584,0.483,0.577,0.103,0.117,0.527,0.434,0.427,0.339,0.315,-0.405,0.511,-0.017,0.615,-0.263,0.246,-0.202,0.204,0.198,0.028,0.34,0.004,0.542,-0.371,0.466,0.391,0.472,0.45,0.45,0.587,0.115,-0.349,0.131,0.541,0.067,-0.193,-0.337,0.265,0.206,0.122,0.16,0.033,0.468,0.344,0.433,0.537,0.316,0.254,0.492,0.334,0.207,-0.217,0.179,0.423,0.379,0.473,-0.056,0.418,0.06,0.324,0.141,0.327,0.279,-0.204,0.581,0.036,-0.268,0.287,0.338,0.705,-0.013,0.119,0.135,0.403,0.338,0.551,0.309,0.371,0.078,0.026,-0.53,0.15,0.45,0.343,-0.094,0.134,0.213,0.371,0.379,0.561,0.242,0.553,-0.034,0.415,0.023,0.296,0.726,0.646,0.294,0.46,0.695,-0.256,0.716,0.181,0.267,0.445,0.377,0.097,0.639,0.206,0.343,-0.248,-0.015,0.412,-0.113,0.324,0.069,0.53,0.618,-0.016,0.049,-0.035,0.162,0.515,0.26,0.51,0.31,0.615,0.186,0.125,-0.44,0.391,-0.6,-0.315,0.337,-0.086,0.628,0.275,-0.001,0.68,0.417,0.431,0.024,0.182,0.391,0.67,-0.172,0.048,0.61,0.534,0.408
ALT,0.568,0.298,0.459,0.514,0.498,0.598,0.0,0.242,-0.652,0.397,0.661,0.348,0.197,0.515,0.598,0.436,0.264,0.56,0.755,0.598,0.573,0.525,-0.225,0.509,0.47,0.738,0.515,0.696,0.396,-0.367,-0.33,0.409,0.552,0.502,0.344,0.494,0.187,0.378,0.632,0.56,0.63,0.444,0.612,0.324,0.689,0.141,0.35,0.306,0.473,0.268,0.519,0.774,0.322,0.506,0.656,0.501,0.518,0.381,0.392,-0.544,0.487,-0.231,0.685,-0.278,0.494,0.23,0.398,0.285,0.303,0.012,-0.219,0.705,-0.373,0.442,0.704,0.619,0.564,0.633,0.369,0.51,-0.531,0.448,0.666,0.118,-0.096,-0.401,0.388,0.353,0.136,0.173,0.318,0.665,0.468,0.228,0.642,0.469,0.439,0.544,0.519,0.365,-0.09,0.43,0.428,0.592,0.549,0.265,0.51,0.175,0.547,0.136,0.467,0.394,-0.272,0.687,-0.229,-0.604,0.6,0.625,0.477,0.292,0.335,0.161,0.616,0.553,0.378,0.499,0.429,0.329,-0.004,-0.542,0.069,0.708,0.586,0.404,-0.05,0.52,0.629,0.71,0.612,0.379,0.497,0.432,0.584,0.348,0.483,0.714,0.503,0.409,0.59,0.784,-0.161,0.529,0.187,0.525,0.568,0.106,0.409,0.495,0.36,0.557,0.009,0.233,0.605,0.28,0.601,-0.162,0.685,0.608,0.222,0.174,0.223,0.117,0.801,0.515,0.584,0.472,0.489,0.557,0.349,-0.412,0.548,-0.636,0.077,0.508,-0.291,0.609,0.351,0.432,0.476,0.521,0.64,0.378,0.496,0.4,0.665,-0.079,0.298,0.416,0.785,0.311
AMGN,0.18,0.171,0.198,0.102,0.234,0.1,0.242,0.0,-0.423,-0.033,0.333,-0.136,-0.039,0.157,0.35,0.412,0.207,0.198,0.396,0.254,0.301,0.181,-0.107,0.101,0.229,0.295,0.39,0.275,-0.026,-0.237,-0.575,0.166,0.201,0.127,-0.174,0.049,-0.215,-0.068,0.216,0.304,0.337,0.165,0.17,0.574,0.378,0.268,0.043,0.099,0.168,-0.153,0.359,0.291,0.061,0.368,0.223,0.18,0.269,-0.153,-0.051,-0.525,0.277,-0.151,0.48,-0.594,0.17,0.129,0.019,0.126,0.089,-0.253,0.069,0.188,-0.187,0.211,0.197,0.149,0.41,0.246,-0.221,0.363,-0.577,0.205,0.218,0.021,0.009,0.009,-0.012,0.018,0.158,0.51,0.151,0.164,0.291,0.202,0.435,0.098,0.15,-0.039,0.239,-0.16,0.098,0.124,0.228,0.326,0.109,0.206,0.159,-0.001,0.108,-0.009,-0.002,0.028,-0.184,0.565,-0.122,-0.395,0.266,0.207,-0.114,0.207,-0.165,0.458,0.391,0.305,-0.102,0.119,0.093,0.106,-0.08,-0.413,-0.313,0.285,0.356,0.255,-0.034,-0.118,0.11,0.261,0.259,0.374,0.243,0.394,0.184,0.149,0.146,0.389,0.141,0.002,0.244,0.373,0.32,0.258,0.163,0.043,0.299,-0.025,0.196,0.178,0.025,0.198,-0.194,0.211,0.076,0.329,0.053,-0.047,0.232,0.105,0.409,-0.209,-0.09,-0.041,0.273,0.262,0.342,-0.054,-0.249,0.25,0.162,-0.216,0.24,-0.507,0.026,-0.05,-0.003,0.008,-0.041,0.398,-0.002,-0.01,0.231,-0.006,0.039,-0.264,0.401,-0.251,0.201,0.008,0.422,-0.111
AMPH,-0.583,-0.471,-0.478,-0.571,-0.451,-0.583,-0.652,-0.423,0.0,-0.441,-0.495,-0.102,-0.354,-0.539,-0.703,-0.583,-0.311,-0.624,-0.872,-0.689,-0.789,-0.702,0.33,-0.481,-0.619,-0.788,-0.252,-0.769,-0.435,0.629,0.73,-0.391,-0.631,-0.568,-0.047,-0.543,-0.142,-0.327,-0.636,-0.579,-0.764,-0.424,-0.696,-0.215,-0.645,0.043,-0.443,-0.335,-0.47,-0.355,-0.587,-0.813,-0.331,-0.491,-0.747,-0.455,-0.637,-0.424,-0.447,0.749,-0.693,0.322,-0.723,0.488,-0.541,0.013,-0.435,-0.418,-0.274,-0.099,0.223,-0.737,0.562,-0.595,-0.678,-0.53,-0.652,-0.712,-0.455,-0.456,0.667,-0.459,-0.686,-0.191,0.329,0.543,-0.132,-0.393,-0.337,-0.207,-0.291,-0.656,-0.573,-0.225,-0.811,-0.533,-0.517,-0.528,-0.531,-0.33,0.166,-0.442,-0.521,-0.641,-0.681,-0.228,-0.599,-0.057,-0.538,0.036,-0.549,-0.446,0.428,-0.893,0.181,0.536,-0.55,-0.605,-0.571,-0.108,-0.184,-0.286,-0.691,-0.621,-0.489,-0.565,-0.56,-0.295,-0.043,0.748,-0.087,-0.731,-0.67,-0.226,0.109,-0.276,-0.462,-0.691,-0.741,-0.311,-0.615,-0.34,-0.654,-0.322,-0.519,-0.888,-0.787,-0.406,-0.669,-0.78,0.28,-0.626,-0.319,-0.403,-0.717,-0.16,-0.403,-0.373,-0.364,-0.599,0.193,-0.387,-0.573,-0.2,-0.376,0.056,-0.707,-0.699,-0.123,-0.125,-0.101,-0.331,-0.714,-0.594,-0.782,-0.389,-0.201,-0.483,-0.421,0.659,-0.692,0.841,0.197,-0.508,0.33,-0.491,-0.419,-0.403,-0.625,-0.562,-0.675,-0.189,-0.403,-0.304,-0.828,0.19,-0.172,-0.433,-0.817,-0.266
AMZN,0.957,0.404,0.921,0.95,0.792,0.25,0.397,-0.033,-0.441,0.0,0.654,0.667,0.819,0.805,0.399,0.297,0.744,0.905,0.474,0.497,0.706,0.728,-0.795,0.938,0.792,0.738,0.228,0.81,0.945,-0.323,0.034,0.918,0.739,0.868,0.61,0.132,0.869,0.962,0.9,0.877,0.806,0.903,0.841,0.087,0.738,0.457,0.725,0.914,0.879,-0.167,-0.136,0.734,0.944,0.634,0.826,0.392,0.764,0.941,0.975,-0.352,0.533,-0.765,0.003,0.413,0.933,0.473,0.912,0.936,0.887,-0.254,-0.885,0.851,-0.454,0.549,0.354,0.799,0.379,0.871,0.543,0.762,-0.443,0.882,0.794,0.841,-0.526,-0.796,-0.205,0.962,0.7,-0.541,0.886,0.887,0.785,-0.506,0.631,0.948,0.938,0.911,0.903,0.278,-0.531,0.946,0.568,0.819,0.9,0.802,0.9,0.374,0.948,-0.47,0.93,0.942,-0.814,0.373,-0.82,-0.481,0.872,0.919,0.516,0.626,0.733,-0.248,0.727,0.872,0.513,0.935,0.909,0.886,0.073,-0.044,-0.195,0.842,0.818,0.518,-0.777,0.831,0.77,0.582,0.647,-0.492,0.56,0.66,0.913,0.89,0.931,0.51,0.428,0.944,0.821,0.183,-0.623,-0.092,0.475,0.924,0.779,-0.461,0.884,-0.262,0.932,0.845,0.612,0.31,0.909,0.683,0.232,0.232,0.859,0.671,-0.152,0.898,0.816,0.851,0.725,0.91,0.642,0.916,0.343,0.756,0.876,-0.468,0.887,-0.098,0.419,0.961,-0.863,-0.103,0.908,0.653,0.611,0.942,0.907,0.601,0.909,0.825,0.645,0.68,0.472,0.065,0.691,0.719
ANIP,0.787,0.483,0.801,0.737,0.747,0.26,0.661,0.333,-0.495,0.654,0.0,0.515,0.509,0.765,0.546,0.415,0.722,0.796,0.589,0.641,0.667,0.638,-0.641,0.755,0.728,0.743,0.521,0.729,0.674,-0.401,-0.19,0.737,0.719,0.764,0.458,0.122,0.433,0.654,0.802,0.822,0.697,0.765,0.721,0.501,0.793,0.45,0.527,0.744,0.703,-0.11,0.204,0.73,0.723,0.736,0.782,0.473,0.739,0.559,0.602,-0.553,0.564,-0.645,0.321,0.036,0.808,0.507,0.711,0.664,0.728,-0.384,-0.58,0.779,-0.555,0.563,0.563,0.603,0.592,0.815,0.244,0.792,-0.715,0.772,0.727,0.507,-0.238,-0.526,0.043,0.689,0.37,-0.131,0.73,0.78,0.77,-0.225,0.671,0.695,0.752,0.616,0.776,0.142,-0.318,0.734,0.541,0.844,0.668,0.675,0.741,0.506,0.777,-0.36,0.641,0.667,-0.623,0.532,-0.671,-0.633,0.807,0.827,0.303,0.563,0.434,0.194,0.705,0.812,0.439,0.732,0.706,0.689,-0.079,-0.179,-0.324,0.816,0.842,0.555,-0.593,0.638,0.653,0.663,0.681,-0.036,0.492,0.749,0.796,0.718,0.719,0.522,0.333,0.633,0.775,0.473,-0.23,0.091,0.339,0.763,0.757,-0.306,0.771,-0.035,0.684,0.773,0.409,0.36,0.699,0.707,0.315,-0.011,0.73,0.541,0.146,0.516,0.596,0.465,0.798,0.81,0.627,0.67,0.184,0.682,0.736,-0.487,0.772,-0.366,0.332,0.683,-0.551,0.092,0.604,0.751,0.353,0.66,0.787,0.544,0.784,0.538,0.639,0.358,0.576,0.031,0.803,0.394
AOSL,0.656,-0.083,0.608,0.619,0.624,0.1,0.348,-0.136,-0.102,0.667,0.515,0.0,0.413,0.471,0.021,0.063,0.692,0.601,0.121,0.184,0.17,0.236,-0.493,0.559,0.308,0.51,0.414,0.506,0.561,0.22,0.448,0.684,0.295,0.415,0.834,-0.078,0.626,0.763,0.547,0.612,0.43,0.671,0.454,0.232,0.452,0.581,0.432,0.686,0.576,-0.11,-0.034,0.347,0.676,0.493,0.464,0.204,0.339,0.569,0.617,0.182,0.024,-0.41,-0.013,0.537,0.603,0.621,0.507,0.618,0.622,-0.169,-0.657,0.503,0.051,0.135,0.316,0.522,-0.015,0.508,0.156,0.616,0.005,0.638,0.545,0.628,-0.074,-0.408,0.157,0.625,0.271,-0.508,0.582,0.554,0.367,-0.507,0.211,0.574,0.538,0.651,0.58,0.416,-0.176,0.638,0.295,0.504,0.453,0.672,0.509,0.098,0.669,0.064,0.577,0.629,-0.497,0.012,-0.631,-0.247,0.622,0.66,0.257,0.521,0.904,-0.346,0.288,0.55,0.295,0.591,0.472,0.645,-0.149,-0.009,-0.22,0.554,0.53,0.597,-0.564,0.857,0.668,0.421,0.169,-0.364,0.148,0.503,0.581,0.728,0.653,0.112,0.085,0.715,0.365,-0.0,-0.199,-0.293,0.333,0.76,0.269,-0.363,0.666,-0.17,0.696,0.46,0.791,0.202,0.694,0.563,0.522,0.201,0.557,0.317,-0.007,0.722,0.63,0.456,0.575,0.584,0.105,0.787,0.614,0.743,0.611,0.142,0.448,0.083,0.672,0.674,-0.558,0.042,0.565,0.543,0.21,0.572,0.53,0.682,0.669,0.637,0.234,0.415,0.498,0.204,0.458,0.502
APDN,0.771,0.579,0.754,0.84,0.431,0.243,0.197,-0.039,-0.354,0.819,0.509,0.413,0.0,0.799,0.451,0.342,0.638,0.722,0.416,0.606,0.693,0.791,-0.785,0.838,0.862,0.633,-0.098,0.643,0.834,-0.495,0.046,0.704,0.767,0.861,0.535,0.106,0.635,0.765,0.699,0.714,0.722,0.648,0.833,-0.183,0.536,0.375,0.864,0.762,0.839,-0.104,-0.297,0.585,0.809,0.374,0.759,0.491,0.795,0.86,0.865,-0.326,0.655,-0.643,-0.107,0.347,0.762,0.068,0.809,0.858,0.724,-0.192,-0.684,0.722,-0.567,0.592,0.098,0.659,0.476,0.75,0.7,0.463,-0.454,0.692,0.774,0.743,-0.783,-0.746,-0.43,0.863,0.752,-0.467,0.75,0.776,0.823,-0.271,0.637,0.854,0.874,0.711,0.801,-0.073,-0.855,0.825,0.696,0.796,0.818,0.612,0.881,0.5,0.795,-0.626,0.728,0.916,-0.895,0.309,-0.737,-0.402,0.666,0.692,0.556,0.426,0.489,-0.27,0.619,0.734,0.654,0.703,0.897,0.775,-0.029,0.099,-0.267,0.625,0.657,0.106,-0.666,0.53,0.64,0.218,0.668,-0.661,0.579,0.397,0.793,0.66,0.86,0.455,0.39,0.782,0.8,0.206,-0.534,-0.024,0.655,0.803,0.726,-0.182,0.613,-0.265,0.894,0.797,0.453,0.103,0.727,0.504,-0.114,0.395,0.684,0.672,-0.433,0.722,0.707,0.931,0.562,0.731,0.628,0.765,0.101,0.46,0.649,-0.571,0.793,-0.026,0.093,0.829,-0.704,-0.168,0.919,0.417,0.723,0.842,0.765,0.168,0.704,0.842,0.626,0.711,0.38,0.139,0.462,0.76
APLT,0.857,0.685,0.813,0.887,0.605,0.442,0.515,0.157,-0.539,0.805,0.765,0.471,0.799,0.0,0.682,0.508,0.665,0.851,0.672,0.79,0.851,0.894,-0.742,0.881,0.926,0.858,0.155,0.834,0.831,-0.655,-0.17,0.729,0.896,0.93,0.516,0.395,0.556,0.744,0.846,0.834,0.838,0.731,0.921,0.069,0.738,0.319,0.81,0.744,0.804,0.1,0.115,0.785,0.789,0.581,0.915,0.595,0.901,0.829,0.837,-0.595,0.805,-0.634,0.25,0.169,0.85,0.241,0.858,0.805,0.732,-0.153,-0.613,0.899,-0.741,0.771,0.432,0.76,0.693,0.917,0.645,0.657,-0.692,0.75,0.889,0.653,-0.505,-0.725,-0.088,0.852,0.566,-0.261,0.742,0.886,0.899,-0.114,0.795,0.879,0.87,0.817,0.874,0.065,-0.627,0.807,0.747,0.895,0.891,0.592,0.926,0.567,0.873,-0.535,0.79,0.856,-0.808,0.585,-0.669,-0.562,0.774,0.84,0.634,0.46,0.438,0.018,0.767,0.853,0.75,0.825,0.91,0.715,-0.022,-0.158,-0.194,0.837,0.841,0.268,-0.577,0.588,0.693,0.525,0.877,-0.288,0.698,0.57,0.896,0.678,0.844,0.673,0.643,0.764,0.935,0.515,-0.499,0.228,0.518,0.805,0.899,-0.134,0.705,0.001,0.818,0.87,0.294,0.282,0.803,0.533,0.113,0.254,0.844,0.816,-0.139,0.667,0.614,0.787,0.81,0.841,0.792,0.801,0.262,0.56,0.746,-0.716,0.895,-0.37,0.051,0.84,-0.631,0.136,0.811,0.554,0.738,0.864,0.874,0.365,0.793,0.803,0.825,0.478,0.476,0.24,0.766,0.705
APVO,0.529,0.792,0.435,0.538,0.304,0.592,0.598,0.35,-0.703,0.399,0.546,0.021,0.451,0.682,0.0,0.701,0.191,0.527,0.826,0.847,0.808,0.814,-0.286,0.548,0.741,0.729,-0.006,0.702,0.412,-0.803,-0.486,0.307,0.81,0.644,0.176,0.707,0.079,0.297,0.558,0.486,0.747,0.282,0.741,0.027,0.611,0.011,0.657,0.294,0.417,0.421,0.358,0.739,0.327,0.359,0.754,0.719,0.761,0.447,0.468,-0.716,0.886,-0.277,0.614,-0.245,0.482,-0.084,0.473,0.422,0.226,0.16,-0.11,0.707,-0.756,0.816,0.51,0.576,0.816,0.684,0.631,0.36,-0.674,0.317,0.688,0.226,-0.362,-0.41,0.141,0.439,0.348,0.262,0.309,0.624,0.677,0.372,0.868,0.505,0.52,0.534,0.589,0.211,-0.358,0.379,0.652,0.672,0.698,0.08,0.654,0.429,0.508,-0.217,0.494,0.477,-0.452,0.809,-0.134,-0.357,0.484,0.517,0.692,0.064,0.074,0.282,0.677,0.579,0.647,0.476,0.552,0.272,0.19,-0.378,-0.058,0.619,0.614,-0.044,-0.072,0.223,0.475,0.549,0.867,0.242,0.735,0.234,0.618,0.219,0.499,0.799,0.749,0.414,0.748,0.813,-0.223,0.716,0.514,0.409,0.784,0.339,0.322,0.319,0.381,0.657,-0.275,0.255,0.508,0.083,0.123,0.256,0.614,0.827,0.103,0.155,0.168,0.328,0.621,0.518,0.859,0.428,0.166,0.266,0.347,-0.793,0.651,-0.656,-0.351,0.476,-0.182,0.443,0.4,0.254,0.732,0.531,0.651,0.05,0.375,0.464,0.811,0.004,0.335,0.431,0.673,0.518
ARGX,0.433,0.599,0.398,0.493,0.262,0.484,0.436,0.412,-0.583,0.297,0.415,0.063,0.342,0.508,0.701,0.0,0.228,0.472,0.744,0.692,0.625,0.643,-0.353,0.436,0.597,0.602,0.026,0.627,0.388,-0.57,-0.432,0.236,0.649,0.447,0.104,0.456,0.081,0.26,0.43,0.346,0.616,0.223,0.598,0.007,0.436,-0.027,0.525,0.286,0.311,0.477,0.274,0.614,0.323,0.283,0.618,0.655,0.637,0.35,0.321,-0.551,0.683,-0.372,0.484,-0.245,0.414,0.002,0.392,0.325,0.259,0.233,-0.136,0.572,-0.509,0.597,0.505,0.472,0.721,0.552,0.411,0.298,-0.499,0.286,0.541,0.177,-0.192,-0.326,0.188,0.375,0.357,0.346,0.22,0.488,0.446,0.198,0.767,0.396,0.397,0.392,0.432,0.188,-0.245,0.306,0.53,0.575,0.509,0.106,0.519,0.182,0.436,-0.076,0.454,0.384,-0.468,0.684,-0.088,-0.357,0.345,0.416,0.511,-0.089,0.121,0.499,0.543,0.468,0.523,0.369,0.451,0.237,0.168,-0.389,-0.008,0.483,0.547,-0.027,-0.174,0.26,0.391,0.479,0.636,0.264,0.452,0.187,0.539,0.17,0.406,0.658,0.604,0.298,0.519,0.675,-0.187,0.559,0.574,0.339,0.581,0.25,0.289,0.208,0.316,0.542,-0.219,0.039,0.476,0.034,0.151,0.17,0.514,0.63,0.003,0.188,0.063,0.239,0.56,0.411,0.677,0.306,0.123,0.197,0.382,-0.571,0.524,-0.584,-0.244,0.397,-0.085,0.471,0.288,0.205,0.547,0.387,0.522,0.145,0.343,0.341,0.585,-0.02,0.288,0.528,0.551,0.298
ARLP,0.782,0.178,0.827,0.769,0.746,-0.009,0.264,0.207,-0.311,0.744,0.722,0.692,0.638,0.665,0.191,0.228,0.0,0.81,0.31,0.34,0.482,0.463,-0.799,0.716,0.603,0.639,0.425,0.628,0.736,-0.11,0.006,0.835,0.494,0.682,0.547,-0.22,0.593,0.771,0.745,0.815,0.611,0.853,0.627,0.447,0.554,0.513,0.506,0.867,0.794,-0.31,-0.056,0.515,0.841,0.773,0.641,0.248,0.565,0.645,0.697,-0.284,0.32,-0.736,0.002,0.276,0.82,0.536,0.737,0.752,0.859,-0.448,-0.795,0.654,-0.273,0.276,0.357,0.569,0.325,0.714,0.139,0.763,-0.469,0.884,0.687,0.671,-0.316,-0.59,-0.217,0.765,0.443,-0.479,0.78,0.71,0.651,-0.578,0.466,0.75,0.774,0.579,0.735,0.112,-0.366,0.834,0.426,0.74,0.605,0.863,0.686,0.235,0.808,-0.389,0.679,0.763,-0.766,0.277,-0.836,-0.55,0.739,0.782,0.132,0.57,0.625,-0.073,0.588,0.772,0.307,0.738,0.73,0.827,-0.209,-0.056,-0.294,0.734,0.789,0.66,-0.802,0.681,0.663,0.487,0.437,-0.448,0.263,0.719,0.749,0.859,0.809,0.291,0.179,0.7,0.627,0.065,-0.262,-0.328,0.424,0.795,0.578,-0.538,0.798,-0.329,0.828,0.681,0.694,0.4,0.702,0.8,0.272,0.039,0.658,0.396,-0.141,0.735,0.668,0.7,0.688,0.824,0.4,0.706,0.121,0.758,0.818,-0.243,0.711,-0.09,0.56,0.741,-0.689,-0.194,0.709,0.826,0.242,0.661,0.693,0.568,0.811,0.561,0.427,0.511,0.503,-0.049,0.626,0.39
ATEX,0.958,0.44,0.949,0.95,0.844,0.326,0.56,0.198,-0.624,0.905,0.796,0.601,0.722,0.851,0.527,0.472,0.81,0.0,0.689,0.616,0.832,0.781,-0.837,0.907,0.834,0.876,0.355,0.908,0.908,-0.431,-0.244,0.89,0.795,0.891,0.477,0.176,0.71,0.875,0.956,0.919,0.877,0.916,0.891,0.289,0.802,0.351,0.669,0.892,0.888,-0.06,0.12,0.866,0.896,0.785,0.901,0.45,0.824,0.846,0.869,-0.585,0.643,-0.808,0.243,0.146,0.969,0.46,0.89,0.857,0.884,-0.238,-0.825,0.936,-0.552,0.583,0.587,0.798,0.579,0.951,0.447,0.822,-0.654,0.938,0.866,0.694,-0.419,-0.828,-0.123,0.894,0.599,-0.346,0.834,0.933,0.802,-0.405,0.775,0.926,0.918,0.842,0.894,0.277,-0.422,0.922,0.594,0.901,0.893,0.793,0.892,0.289,0.962,-0.424,0.905,0.883,-0.819,0.615,-0.758,-0.701,0.878,0.958,0.462,0.543,0.62,0.05,0.835,0.919,0.531,0.938,0.909,0.846,-0.026,-0.296,-0.162,0.949,0.94,0.591,-0.737,0.774,0.787,0.736,0.767,-0.245,0.557,0.747,0.965,0.852,0.916,0.678,0.546,0.847,0.874,0.406,-0.56,0.058,0.489,0.884,0.873,-0.398,0.876,-0.123,0.882,0.887,0.474,0.407,0.904,0.697,0.357,0.033,0.925,0.719,-0.105,0.777,0.661,0.762,0.887,0.959,0.758,0.826,0.268,0.778,0.906,-0.58,0.947,-0.395,0.347,0.923,-0.796,0.092,0.827,0.772,0.586,0.899,0.946,0.614,0.926,0.714,0.74,0.46,0.455,0.136,0.869,0.548
ATRA,0.628,0.604,0.536,0.644,0.432,0.637,0.755,0.396,-0.872,0.474,0.589,0.121,0.416,0.672,0.826,0.744,0.31,0.689,0.0,0.82,0.876,0.814,-0.415,0.584,0.726,0.847,0.175,0.833,0.52,-0.718,-0.643,0.39,0.782,0.655,0.131,0.624,0.17,0.376,0.683,0.577,0.816,0.43,0.796,0.114,0.673,-0.079,0.558,0.365,0.517,0.434,0.508,0.892,0.388,0.477,0.824,0.613,0.757,0.503,0.496,-0.796,0.821,-0.375,0.69,-0.411,0.588,-0.008,0.524,0.427,0.348,0.155,-0.242,0.815,-0.654,0.696,0.737,0.641,0.816,0.772,0.547,0.434,-0.712,0.478,0.756,0.186,-0.325,-0.588,0.193,0.469,0.389,0.222,0.325,0.726,0.609,0.261,0.928,0.588,0.56,0.576,0.585,0.268,-0.267,0.485,0.625,0.729,0.738,0.21,0.679,0.159,0.612,-0.094,0.596,0.514,-0.511,0.937,-0.193,-0.601,0.547,0.636,0.652,0.059,0.177,0.396,0.779,0.636,0.609,0.576,0.63,0.333,0.046,-0.67,0.12,0.756,0.715,0.168,-0.132,0.369,0.575,0.703,0.855,0.329,0.636,0.336,0.715,0.3,0.567,0.938,0.825,0.437,0.752,0.885,-0.353,0.7,0.457,0.479,0.795,0.203,0.4,0.395,0.431,0.689,-0.217,0.228,0.633,0.159,0.355,-0.002,0.755,0.814,0.0,0.235,0.113,0.353,0.811,0.615,0.879,0.451,0.244,0.418,0.454,-0.76,0.737,-0.845,-0.246,0.581,-0.302,0.597,0.463,0.371,0.716,0.617,0.746,0.184,0.497,0.447,0.852,-0.095,0.217,0.513,0.836,0.356
AUTL,0.613,0.843,0.526,0.653,0.293,0.558,0.598,0.254,-0.689,0.497,0.641,0.184,0.606,0.79,0.847,0.692,0.34,0.616,0.82,0.0,0.825,0.905,-0.458,0.639,0.847,0.777,-0.004,0.727,0.546,-0.798,-0.35,0.359,0.896,0.731,0.35,0.608,0.134,0.405,0.607,0.555,0.761,0.362,0.828,-0.072,0.623,0.065,0.773,0.412,0.509,0.442,0.303,0.742,0.448,0.296,0.842,0.779,0.869,0.556,0.536,-0.619,0.898,-0.307,0.485,-0.146,0.562,-0.077,0.581,0.531,0.353,0.119,-0.192,0.763,-0.802,0.867,0.555,0.551,0.843,0.769,0.672,0.356,-0.655,0.408,0.754,0.287,-0.47,-0.521,0.144,0.547,0.454,0.159,0.39,0.707,0.752,0.318,0.869,0.603,0.612,0.575,0.642,0.084,-0.538,0.491,0.782,0.805,0.734,0.183,0.776,0.522,0.606,-0.317,0.545,0.606,-0.62,0.721,-0.272,-0.394,0.519,0.586,0.73,0.07,0.217,0.255,0.633,0.625,0.824,0.511,0.688,0.348,-0.06,-0.338,-0.054,0.645,0.671,-0.07,-0.186,0.361,0.507,0.472,0.881,0.083,0.649,0.253,0.696,0.29,0.592,0.758,0.735,0.485,0.803,0.816,-0.282,0.606,0.594,0.545,0.785,0.284,0.367,0.28,0.518,0.752,-0.09,0.101,0.6,0.15,0.114,0.278,0.656,0.812,-0.079,0.31,0.289,0.47,0.712,0.57,0.81,0.563,0.215,0.293,0.404,-0.768,0.705,-0.606,-0.34,0.597,-0.264,0.462,0.557,0.234,0.764,0.633,0.703,0.065,0.48,0.634,0.817,0.147,0.382,0.494,0.678,0.551
AVDL,0.79,0.748,0.748,0.807,0.561,0.507,0.573,0.301,-0.789,0.706,0.667,0.17,0.693,0.851,0.808,0.625,0.482,0.832,0.876,0.825,0.0,0.937,-0.639,0.791,0.918,0.854,0.093,0.856,0.748,-0.793,-0.541,0.616,0.912,0.89,0.192,0.495,0.427,0.594,0.826,0.755,0.892,0.634,0.914,0.079,0.758,0.079,0.716,0.619,0.718,0.183,0.243,0.906,0.641,0.57,0.916,0.59,0.91,0.727,0.729,-0.828,0.917,-0.61,0.428,-0.163,0.792,0.057,0.764,0.699,0.596,-0.07,-0.501,0.901,-0.82,0.801,0.533,0.716,0.81,0.903,0.655,0.573,-0.81,0.677,0.826,0.474,-0.563,-0.756,-0.12,0.724,0.579,-0.03,0.617,0.849,0.843,0.024,0.932,0.803,0.81,0.723,0.784,0.137,-0.518,0.715,0.694,0.848,0.903,0.443,0.861,0.408,0.776,-0.495,0.758,0.74,-0.715,0.835,-0.481,-0.626,0.706,0.776,0.642,0.3,0.242,0.203,0.865,0.805,0.666,0.776,0.852,0.586,0.08,-0.398,-0.052,0.842,0.828,0.202,-0.43,0.416,0.6,0.639,0.954,-0.031,0.741,0.501,0.859,0.532,0.752,0.875,0.77,0.639,0.93,0.683,-0.54,0.467,0.491,0.648,0.959,-0.027,0.608,0.108,0.659,0.853,0.012,0.35,0.722,0.394,0.121,0.102,0.825,0.842,-0.098,0.456,0.422,0.663,0.782,0.803,0.946,0.62,0.096,0.486,0.656,-0.879,0.913,-0.617,-0.145,0.749,-0.574,0.247,0.701,0.5,0.776,0.81,0.877,0.235,0.681,0.606,0.898,0.259,0.302,0.237,0.821,0.538
BCRX,0.783,0.828,0.713,0.835,0.46,0.533,0.525,0.181,-0.702,0.728,0.638,0.236,0.791,0.894,0.814,0.643,0.463,0.781,0.814,0.905,0.937,0.0,-0.634,0.814,0.96,0.831,-0.036,0.835,0.765,-0.797,-0.349,0.574,0.958,0.885,0.362,0.546,0.432,0.625,0.777,0.712,0.886,0.566,0.938,-0.111,0.723,0.125,0.848,0.609,0.699,0.275,0.156,0.837,0.658,0.412,0.927,0.712,0.945,0.79,0.767,-0.668,0.936,-0.542,0.341,-0.004,0.751,0.015,0.785,0.738,0.569,0.027,-0.46,0.879,-0.81,0.873,0.475,0.72,0.791,0.889,0.767,0.488,-0.678,0.603,0.84,0.513,-0.619,-0.727,-0.054,0.764,0.668,-0.068,0.6,0.836,0.864,0.078,0.908,0.813,0.804,0.76,0.796,0.109,-0.649,0.7,0.796,0.867,0.912,0.39,0.921,0.51,0.783,-0.485,0.761,0.793,-0.764,0.718,-0.469,-0.481,0.668,0.739,0.764,0.243,0.322,0.114,0.777,0.777,0.81,0.732,0.879,0.56,0.048,-0.277,-0.055,0.771,0.785,0.062,-0.412,0.468,0.626,0.518,0.938,-0.148,0.748,0.382,0.848,0.494,0.765,0.8,0.769,0.696,0.925,0.67,-0.536,0.463,0.619,0.687,0.92,0.083,0.559,0.097,0.705,0.86,0.057,0.205,0.756,0.31,0.066,0.316,0.801,0.895,-0.165,0.527,0.463,0.721,0.75,0.751,0.914,0.697,0.196,0.415,0.61,-0.837,0.878,-0.508,-0.209,0.79,-0.53,0.263,0.761,0.359,0.864,0.834,0.858,0.177,0.657,0.752,0.881,0.363,0.358,0.373,0.726,0.682
BHAT,-0.792,-0.326,-0.853,-0.837,-0.629,-0.118,-0.225,-0.107,0.33,-0.795,-0.641,-0.493,-0.785,-0.742,-0.286,-0.353,-0.799,-0.837,-0.415,-0.458,-0.639,-0.634,0.0,-0.812,-0.746,-0.637,-0.2,-0.678,-0.865,0.318,0.086,-0.768,-0.643,-0.789,-0.391,0.104,-0.677,-0.782,-0.76,-0.749,-0.646,-0.811,-0.739,-0.117,-0.521,-0.321,-0.621,-0.837,-0.841,0.181,0.206,-0.614,-0.852,-0.609,-0.685,-0.289,-0.672,-0.771,-0.756,0.402,-0.48,0.811,0.077,-0.265,-0.839,-0.32,-0.819,-0.788,-0.893,0.284,0.82,-0.731,0.428,-0.356,-0.319,-0.598,-0.469,-0.758,-0.382,-0.612,0.553,-0.845,-0.699,-0.665,0.481,0.807,0.447,-0.827,-0.639,0.482,-0.774,-0.758,-0.679,0.517,-0.561,-0.823,-0.828,-0.641,-0.741,0.085,0.578,-0.856,-0.505,-0.79,-0.701,-0.803,-0.773,-0.249,-0.824,0.596,-0.753,-0.826,0.847,-0.315,0.79,0.628,-0.665,-0.757,-0.263,-0.423,-0.489,-0.04,-0.638,-0.741,-0.408,-0.75,-0.858,-0.829,0.156,0.032,0.243,-0.7,-0.755,-0.401,0.81,-0.626,-0.625,-0.378,-0.563,0.517,-0.321,-0.62,-0.801,-0.752,-0.817,-0.417,-0.309,-0.705,-0.711,-0.124,0.516,0.193,-0.48,-0.779,-0.687,0.48,-0.726,0.32,-0.853,-0.775,-0.559,-0.138,-0.721,-0.652,-0.078,-0.042,-0.702,-0.498,0.417,-0.806,-0.634,-0.83,-0.659,-0.786,-0.551,-0.673,-0.055,-0.532,-0.813,0.46,-0.773,0.112,-0.32,-0.788,0.751,0.148,-0.823,-0.645,-0.45,-0.775,-0.758,-0.417,-0.831,-0.651,-0.517,-0.636,-0.291,-0.014,-0.586,-0.454
BLBD,0.954,0.555,0.932,0.956,0.758,0.317,0.509,0.101,-0.481,0.938,0.755,0.559,0.838,0.881,0.548,0.436,0.716,0.907,0.584,0.639,0.791,0.814,-0.812,0.0,0.887,0.795,0.242,0.847,0.932,-0.474,-0.059,0.891,0.852,0.933,0.564,0.191,0.765,0.905,0.92,0.89,0.851,0.869,0.91,0.126,0.788,0.463,0.788,0.886,0.9,-0.14,-0.108,0.806,0.928,0.639,0.884,0.527,0.857,0.902,0.936,-0.507,0.667,-0.768,0.094,0.295,0.939,0.401,0.935,0.904,0.88,-0.291,-0.807,0.905,-0.598,0.659,0.371,0.841,0.569,0.917,0.588,0.761,-0.607,0.866,0.853,0.776,-0.563,-0.769,-0.205,0.95,0.71,-0.392,0.897,0.936,0.871,-0.362,0.752,0.954,0.964,0.874,0.942,0.158,-0.624,0.945,0.654,0.904,0.917,0.766,0.946,0.507,0.95,-0.537,0.892,0.942,-0.867,0.481,-0.816,-0.59,0.895,0.925,0.538,0.614,0.611,-0.125,0.805,0.907,0.558,0.907,0.93,0.878,0.057,-0.04,-0.272,0.867,0.854,0.455,-0.735,0.769,0.786,0.597,0.762,-0.402,0.629,0.676,0.94,0.842,0.939,0.596,0.452,0.896,0.903,0.341,-0.541,0.042,0.531,0.932,0.865,-0.364,0.854,-0.18,0.921,0.907,0.501,0.258,0.891,0.68,0.167,0.224,0.884,0.741,-0.137,0.81,0.799,0.819,0.794,0.915,0.752,0.88,0.26,0.708,0.846,-0.606,0.925,-0.184,0.307,0.936,-0.794,-0.041,0.896,0.662,0.662,0.937,0.949,0.522,0.913,0.825,0.732,0.682,0.534,0.112,0.743,0.726
BMRN,0.847,0.805,0.824,0.884,0.556,0.407,0.47,0.229,-0.619,0.792,0.728,0.308,0.862,0.926,0.741,0.597,0.603,0.834,0.726,0.847,0.918,0.96,-0.746,0.887,0.0,0.815,0.033,0.822,0.841,-0.74,-0.277,0.7,0.954,0.95,0.409,0.363,0.519,0.708,0.828,0.807,0.883,0.681,0.946,0.013,0.754,0.288,0.846,0.742,0.798,0.069,0.029,0.809,0.782,0.51,0.93,0.657,0.966,0.819,0.819,-0.663,0.892,-0.674,0.231,0.067,0.837,0.132,0.859,0.824,0.711,-0.174,-0.586,0.885,-0.817,0.826,0.382,0.736,0.763,0.915,0.69,0.608,-0.736,0.723,0.859,0.634,-0.659,-0.743,-0.198,0.847,0.702,-0.158,0.754,0.871,0.94,-0.08,0.881,0.875,0.898,0.761,0.871,0.009,-0.717,0.807,0.797,0.924,0.914,0.553,0.956,0.603,0.845,-0.62,0.784,0.866,-0.86,0.638,-0.649,-0.555,0.759,0.807,0.635,0.41,0.367,0.068,0.809,0.856,0.745,0.789,0.931,0.712,0.049,-0.137,-0.219,0.802,0.836,0.172,-0.583,0.52,0.641,0.491,0.914,-0.279,0.735,0.528,0.894,0.633,0.843,0.714,0.624,0.748,0.956,0.545,-0.526,0.282,0.609,0.781,0.94,-0.092,0.679,-0.068,0.803,0.907,0.221,0.241,0.779,0.502,-0.023,0.285,0.812,0.818,-0.165,0.606,0.604,0.799,0.754,0.833,0.877,0.745,0.093,0.499,0.711,-0.808,0.921,-0.378,-0.051,0.828,-0.632,0.079,0.826,0.495,0.775,0.86,0.895,0.244,0.747,0.757,0.841,0.518,0.462,0.208,0.724,0.686
BNGO,0.857,0.508,0.767,0.859,0.674,0.589,0.738,0.295,-0.788,0.738,0.743,0.51,0.633,0.858,0.729,0.602,0.639,0.876,0.847,0.777,0.854,0.831,-0.637,0.795,0.815,0.0,0.339,0.952,0.738,-0.568,-0.385,0.701,0.811,0.821,0.473,0.482,0.464,0.688,0.866,0.838,0.911,0.714,0.91,0.226,0.791,0.238,0.701,0.658,0.783,0.254,0.393,0.902,0.685,0.696,0.938,0.593,0.818,0.737,0.758,-0.658,0.747,-0.555,0.575,-0.079,0.817,0.241,0.736,0.7,0.632,-0.0,-0.541,0.952,-0.586,0.661,0.675,0.814,0.705,0.931,0.589,0.7,-0.69,0.752,0.949,0.5,-0.357,-0.728,0.1,0.731,0.466,-0.108,0.607,0.911,0.781,-0.017,0.872,0.822,0.785,0.81,0.818,0.32,-0.387,0.749,0.687,0.877,0.873,0.548,0.85,0.262,0.857,-0.196,0.788,0.773,-0.717,0.796,-0.534,-0.684,0.79,0.871,0.664,0.378,0.496,0.122,0.836,0.857,0.668,0.813,0.816,0.652,-0.008,-0.519,-0.065,0.924,0.881,0.422,-0.422,0.626,0.801,0.732,0.855,-0.023,0.662,0.567,0.904,0.64,0.832,0.855,0.755,0.723,0.876,0.702,-0.416,0.412,0.518,0.768,0.86,-0.033,0.676,0.231,0.738,0.837,0.183,0.353,0.856,0.474,0.441,0.11,0.925,0.87,-0.025,0.541,0.44,0.614,0.953,0.833,0.827,0.747,0.411,0.697,0.707,-0.643,0.884,-0.646,0.107,0.816,-0.574,0.417,0.707,0.627,0.74,0.82,0.894,0.455,0.75,0.689,0.895,0.167,0.427,0.463,0.927,0.581
BUSE,0.368,-0.248,0.35,0.236,0.588,0.191,0.515,0.39,-0.252,0.228,0.521,0.414,-0.098,0.155,-0.006,0.026,0.425,0.355,0.175,-0.004,0.093,-0.036,-0.2,0.242,0.033,0.339,0.0,0.318,0.16,0.189,-0.147,0.446,0.017,0.159,0.226,-0.124,0.182,0.27,0.419,0.483,0.231,0.499,0.138,0.759,0.489,0.447,-0.092,0.306,0.318,-0.282,0.353,0.331,0.279,0.584,0.226,-0.036,0.07,0.047,0.147,-0.221,-0.123,-0.207,0.357,-0.186,0.351,0.605,0.159,0.178,0.352,-0.413,-0.28,0.305,0.102,-0.066,0.349,0.289,0.066,0.315,-0.3,0.592,-0.348,0.469,0.274,0.129,0.219,-0.094,0.19,0.161,-0.074,0.006,0.33,0.359,0.194,-0.196,0.133,0.225,0.252,0.213,0.309,0.208,0.241,0.327,0.007,0.296,0.115,0.5,0.151,-0.077,0.312,0.154,0.191,0.132,-0.08,0.262,-0.377,-0.474,0.506,0.454,-0.163,0.531,0.301,0.043,0.339,0.396,-0.209,0.361,0.129,0.329,-0.187,-0.327,-0.203,0.47,0.412,0.74,-0.216,0.404,0.349,0.543,0.074,0.222,0.079,0.631,0.284,0.469,0.272,0.252,-0.071,0.23,0.194,0.147,0.197,-0.08,-0.188,0.344,0.169,-0.427,0.465,0.268,0.207,0.188,0.339,0.315,0.302,0.588,0.568,-0.395,0.387,0.006,0.453,0.133,0.253,-0.048,0.456,0.406,0.052,0.25,0.294,0.621,0.361,0.12,0.249,-0.254,0.581,0.187,-0.245,0.031,0.093,0.638,-0.164,0.176,0.306,0.572,0.369,-0.033,0.258,-0.061,0.261,-0.091,0.553,-0.066
CAKE,0.908,0.502,0.832,0.904,0.748,0.532,0.696,0.275,-0.769,0.81,0.729,0.506,0.643,0.834,0.702,0.627,0.628,0.908,0.833,0.727,0.856,0.835,-0.678,0.847,0.822,0.952,0.318,0.0,0.81,-0.528,-0.355,0.761,0.825,0.827,0.464,0.468,0.581,0.764,0.908,0.843,0.941,0.759,0.917,0.204,0.818,0.28,0.71,0.721,0.794,0.182,0.292,0.929,0.752,0.695,0.934,0.596,0.829,0.802,0.809,-0.645,0.724,-0.643,0.508,-0.008,0.861,0.349,0.801,0.747,0.695,-0.008,-0.621,0.961,-0.558,0.658,0.666,0.841,0.664,0.942,0.569,0.734,-0.643,0.777,0.921,0.572,-0.345,-0.747,0.058,0.797,0.574,-0.128,0.674,0.91,0.76,-0.128,0.875,0.862,0.823,0.867,0.851,0.363,-0.363,0.795,0.649,0.879,0.907,0.607,0.875,0.235,0.895,-0.223,0.884,0.809,-0.736,0.768,-0.559,-0.658,0.827,0.908,0.641,0.418,0.547,0.129,0.862,0.886,0.604,0.864,0.841,0.703,0.124,-0.471,-0.083,0.933,0.901,0.458,-0.494,0.702,0.823,0.757,0.837,-0.045,0.654,0.608,0.936,0.699,0.861,0.835,0.725,0.8,0.87,0.624,-0.497,0.358,0.527,0.796,0.876,-0.119,0.756,0.13,0.769,0.878,0.221,0.335,0.922,0.502,0.433,0.112,0.952,0.862,0.015,0.633,0.482,0.643,0.924,0.86,0.858,0.786,0.407,0.711,0.788,-0.631,0.912,-0.583,0.176,0.859,-0.635,0.335,0.738,0.641,0.742,0.858,0.939,0.546,0.801,0.697,0.864,0.255,0.473,0.405,0.918,0.608
CASY,0.921,0.458,0.932,0.955,0.752,0.255,0.396,-0.026,-0.435,0.945,0.674,0.561,0.834,0.831,0.412,0.388,0.736,0.908,0.52,0.546,0.748,0.765,-0.865,0.932,0.841,0.738,0.16,0.81,0.0,-0.4,-0.043,0.866,0.777,0.901,0.504,0.124,0.853,0.923,0.897,0.842,0.794,0.871,0.865,0.048,0.691,0.363,0.72,0.895,0.888,-0.123,-0.163,0.756,0.931,0.618,0.83,0.445,0.791,0.949,0.923,-0.451,0.596,-0.829,-0.0,0.364,0.929,0.406,0.949,0.878,0.91,-0.241,-0.872,0.867,-0.536,0.536,0.38,0.792,0.479,0.875,0.582,0.708,-0.522,0.874,0.795,0.785,-0.538,-0.845,-0.277,0.953,0.685,-0.5,0.872,0.879,0.785,-0.479,0.662,0.947,0.931,0.866,0.871,0.167,-0.593,0.931,0.569,0.834,0.889,0.788,0.895,0.398,0.944,-0.579,0.93,0.931,-0.838,0.389,-0.794,-0.589,0.815,0.89,0.501,0.561,0.622,-0.118,0.742,0.853,0.541,0.906,0.946,0.889,0.083,-0.018,-0.122,0.831,0.816,0.457,-0.784,0.765,0.737,0.549,0.704,-0.474,0.531,0.632,0.915,0.825,0.911,0.532,0.451,0.877,0.845,0.23,-0.694,-0.063,0.486,0.893,0.817,-0.402,0.843,-0.258,0.915,0.873,0.551,0.263,0.888,0.648,0.157,0.14,0.842,0.682,-0.257,0.872,0.781,0.865,0.741,0.884,0.69,0.846,0.235,0.648,0.868,-0.565,0.891,-0.119,0.324,0.944,-0.845,-0.057,0.905,0.617,0.635,0.934,0.906,0.541,0.92,0.813,0.635,0.707,0.399,0.065,0.674,0.673
CCOI,-0.402,-0.831,-0.356,-0.448,-0.135,-0.455,-0.367,-0.237,0.629,-0.323,-0.401,0.22,-0.495,-0.655,-0.803,-0.57,-0.11,-0.431,-0.718,-0.798,-0.793,-0.797,0.318,-0.474,-0.74,-0.568,0.189,-0.528,-0.4,0.0,0.567,-0.193,-0.757,-0.626,0.073,-0.604,-0.035,-0.175,-0.458,-0.388,-0.579,-0.194,-0.644,0.14,-0.44,0.146,-0.575,-0.221,-0.344,-0.344,-0.266,-0.608,-0.265,-0.192,-0.656,-0.541,-0.719,-0.413,-0.394,0.763,-0.877,0.268,-0.394,0.284,-0.407,0.284,-0.472,-0.359,-0.193,-0.085,0.065,-0.583,0.872,-0.802,-0.322,-0.411,-0.772,-0.59,-0.627,-0.199,0.708,-0.249,-0.524,-0.163,0.492,0.451,0.089,-0.382,-0.305,-0.166,-0.274,-0.517,-0.656,-0.383,-0.75,-0.457,-0.475,-0.381,-0.466,0.082,0.491,-0.313,-0.635,-0.565,-0.624,0.004,-0.587,-0.492,-0.395,0.488,-0.398,-0.409,0.439,-0.697,0.129,0.343,-0.328,-0.383,-0.553,0.008,0.183,-0.275,-0.574,-0.463,-0.673,-0.405,-0.561,-0.19,-0.125,0.266,-0.022,-0.475,-0.466,0.221,0.073,0.001,-0.206,-0.311,-0.822,-0.11,-0.665,-0.132,-0.51,-0.104,-0.379,-0.706,-0.722,-0.254,-0.697,-0.677,0.348,-0.615,-0.374,-0.252,-0.744,-0.274,-0.203,-0.241,-0.297,-0.558,0.369,-0.17,-0.332,-0.018,0.204,-0.146,-0.469,-0.688,0.097,-0.092,-0.123,-0.414,-0.447,-0.423,-0.805,-0.258,0.112,-0.035,-0.263,0.929,-0.598,0.567,0.563,-0.379,0.17,-0.269,-0.405,-0.101,-0.679,-0.48,-0.528,0.161,-0.287,-0.373,-0.739,-0.073,-0.154,-0.23,-0.495,-0.378
CEVA,-0.115,-0.3,-0.109,-0.104,-0.15,-0.326,-0.33,-0.575,0.73,0.034,-0.19,0.448,0.046,-0.17,-0.486,-0.432,0.006,-0.244,-0.643,-0.35,-0.541,-0.349,0.086,-0.059,-0.277,-0.385,-0.147,-0.355,-0.043,0.567,0.0,-0.0,-0.269,-0.208,0.556,-0.34,0.236,0.175,-0.255,-0.177,-0.343,-0.072,-0.25,-0.291,-0.287,0.385,0.044,0.063,-0.088,-0.243,-0.575,-0.485,0.079,-0.337,-0.318,-0.1,-0.272,0.046,0.035,0.816,-0.465,0.152,-0.623,0.782,-0.159,0.231,-0.069,0.037,0.016,-0.066,-0.106,-0.324,0.43,-0.284,-0.44,-0.117,-0.537,-0.312,-0.07,-0.146,0.667,-0.143,-0.223,0.225,0.058,0.233,0.035,0.056,-0.038,-0.442,0.055,-0.225,-0.22,-0.324,-0.514,-0.093,-0.112,0.005,-0.076,0.016,-0.126,-0.027,-0.15,-0.231,-0.235,0.07,-0.138,0.141,-0.084,0.086,-0.112,0.046,0.057,-0.763,-0.149,0.463,-0.114,-0.161,-0.115,0.15,0.426,-0.622,-0.464,-0.234,-0.083,-0.173,-0.174,0.061,-0.089,0.688,-0.15,-0.343,-0.343,-0.048,-0.125,0.261,0.006,-0.406,-0.467,-0.513,-0.285,-0.15,-0.212,0.071,-0.043,-0.655,-0.555,0.134,-0.311,-0.571,0.12,-0.551,0.04,0.127,-0.441,-0.112,-0.032,-0.353,0.109,-0.21,0.574,-0.296,-0.049,0.014,-0.048,0.367,-0.281,-0.299,-0.128,0.277,0.313,0.018,-0.322,-0.217,-0.557,0.209,0.279,-0.035,-0.122,0.59,-0.328,0.801,0.384,0.014,-0.024,-0.335,0.041,-0.229,-0.217,-0.072,-0.246,0.093,-0.01,0.257,-0.502,0.465,0.159,-0.117,-0.488,0.267
