,AAPL,ACRS,ADP,AFYA,AGNC,AGYS,ALT,AMGN,AMPH,AMZN,ANIP,AOSL,APDN,APLT,APVO,ARGX,ARLP,ATEX,ATRA,AUTL,AVDL,BCRX,BHAT,BLBD,BMRN,BNGO,BUSE,CAKE,CASY,CCOI,CEVA,CHY,CLDX,CLMT,COHU,COLM,COST,CPRT,CSWC,CSX,DBX,DCOM,DKNG,DMLP,DOX,EA,EDIT,ENPH,ENSG,ERNA,ESGR,ETNB,EXTR,FANG,FARO,FATE,FGEN,FIVE,FIVN,FLGT,FOLD,FORM,FOXA,FRPT,FSLR,FTAI,GBDC,GDYN,GGAL,GNLN,GRFS,GT,HCAT,HCM,HFWA,HOLX,HQY,HUBG,IAC,ICLR,IDCC,IEP,IHRT,ILMN,ILPT,IMAB,IMOS,INMD,INTZ,JAZZ,JKHY,JRVR,KIDS,LBRDK,LGND,LMAT,LPLA,LULU,MASI,MAT,MATW,MBIN,MBIO,MCRB,MDB,MDLZ,MELI,MIRM,MLKN,MNMD,MNRO,MPWR,MRCY,MRSN,MTVA,NAAS,NDAQ,NDSN,NEGG,NOVT,NVDA,NWE,NWSA,NXST,OCX,ODFL,OMAB,OPCH,OPRA,ORGO,OTRK,OZK,PAGP,PCH,PEGA,PENG,PENN,PFBC,PGNY,PHAT,PHUN,PINC,PLUG,PLXS,PYPL,QLYS,QNCX,QQQX,QVCGA,RAPT,RBBN,RCKT,REPL,RMBS,ROAD,ROKU,ROP,RUSHA,SANM,SATS,SBCF,SBLK,SBUX,SCHL,SCSC,SDGR,SEIC,SFIX,SGRY,SKYW,SLP,SNES,STAA,STLD,STOK,SWKS,TER,TFIN,TIGO,TILE,TPIC,TTEC,TTEK,TTGT,UXIN,VERU,VLYPP,VNOM,VRNS,VRSN,WDAY,WERN,WINA,WKHS,WRLD,XP,XTKG,YY,ZION,ZM
AAPL,0.0,-0.592,-0.311,0.61,0.678,0.204,0.699,-0.339,-0.794,0.76,0.792,0.833,0.779,0.82,0.925,0.539,-0.454,-0.181,0.669,0.607,-0.147,0.667,0.866,-0.245,0.759,0.848,0.608,0.658,0.538,0.358,0.663,0.914,0.478,0.652,0.773,0.87,-0.249,0.774,0.885,-0.028,0.918,0.58,0.727,-0.352,0.235,0.93,0.45,-0.275,-0.423,0.82,0.311,0.711,0.804,-0.003,0.565,0.641,0.775,0.788,0.899,0.754,0.227,0.847,0.828,0.283,-0.298,0.612,0.887,0.717,-0.484,0.83,0.005,0.806,0.933,0.711,0.528,0.313,0.626,0.152,0.806,0.668,0.884,0.786,0.842,0.773,0.321,0.866,-0.247,0.889,0.684,-0.299,-0.465,0.525,0.143,0.725,0.6,0.004,0.701,0.793,0.558,0.823,0.622,0.76,0.792,0.59,0.798,0.767,0.755,0.019,0.897,0.891,0.599,0.794,-0.473,0.039,0.849,-0.486,0.904,0.816,0.847,0.766,0.904,-0.435,0.845,0.224,0.833,-0.089,0.722,-0.363,0.782,-0.056,0.807,0.749,-0.014,0.083,0.829,0.79,0.729,0.707,-0.116,0.789,0.868,0.538,-0.068,0.148,0.793,-0.09,0.411,0.762,0.774,0.028,0.706,0.776,0.654,0.061,0.488,0.78,0.456,-0.274,0.344,0.577,0.587,-0.512,0.911,0.52,-0.43,0.003,0.9,0.855,-0.133,0.795,-0.223,0.47,0.479,-0.339,-0.422,0.82,0.775,0.366,0.541,0.557,-0.455,0.464,-0.095,0.682,0.895,0.875,0.088,-0.442,0.368,0.584,0.291,0.304,-0.261,0.049,0.867,0.734,0.882,0.877,0.78,0.849
ACRS,-0.592,0.0,0.716,-0.809,-0.398,0.473,-0.374,0.805,0.724,-0.688,-0.559,-0.635,-0.829,-0.879,-0.634,-0.43,0.724,0.578,-0.869,-0.853,0.67,-0.542,-0.786,0.589,-0.854,-0.453,-0.694,-0.682,-0.087,-0.108,-0.162,-0.458,-0.159,-0.298,-0.785,-0.843,0.756,-0.701,-0.804,0.435,-0.689,-0.701,-0.339,0.755,0.282,-0.685,0.274,0.742,0.899,-0.669,0.032,-0.78,-0.753,0.528,0.136,-0.359,-0.872,-0.647,-0.831,-0.815,-0.436,-0.593,-0.339,0.422,0.587,-0.878,-0.507,-0.926,0.323,-0.792,0.351,-0.837,-0.692,-0.64,-0.236,0.261,-0.61,0.586,-0.681,-0.486,-0.703,-0.715,-0.495,-0.273,0.216,-0.658,0.727,-0.705,-0.133,0.627,0.865,-0.833,0.577,-0.859,-0.601,0.66,-0.849,-0.136,-0.602,-0.5,-0.501,-0.84,-0.708,-0.794,-0.834,-0.704,-0.234,-0.255,-0.67,-0.745,-0.32,-0.653,0.908,0.568,-0.755,0.494,-0.489,-0.431,-0.814,-0.258,-0.628,0.86,-0.732,0.466,-0.649,0.699,-0.802,0.868,-0.865,0.666,-0.506,-0.841,0.461,0.385,-0.567,-0.637,-0.465,-0.722,0.631,-0.56,-0.835,-0.035,0.637,0.202,-0.637,0.73,-0.403,-0.229,-0.936,-0.038,-0.819,-0.81,-0.666,0.556,-0.521,-0.582,0.304,0.643,0.098,-0.593,-0.808,0.737,-0.669,-0.326,0.779,0.675,-0.714,-0.767,0.728,-0.891,0.643,-0.486,0.221,0.863,0.707,-0.344,-0.451,0.151,-0.809,0.069,0.801,-0.107,0.572,-0.448,-0.702,-0.731,0.383,0.844,0.362,0.142,0.321,0.3,0.695,0.557,-0.851,-0.854,-0.77,-0.704,-0.843,-0.793
ADP,-0.311,0.716,0.0,-0.525,0.204,0.39,-0.109,0.844,0.73,-0.412,-0.041,-0.438,-0.666,-0.638,-0.37,-0.157,0.846,0.916,-0.698,-0.343,0.197,-0.149,-0.416,0.185,-0.381,-0.294,-0.287,-0.749,-0.166,0.526,-0.173,-0.124,0.343,0.121,-0.638,-0.555,0.896,-0.514,-0.508,0.595,-0.266,-0.312,-0.318,0.699,0.652,-0.416,0.283,0.855,0.862,-0.521,-0.334,-0.693,-0.352,0.25,0.086,0.039,-0.581,-0.35,-0.497,-0.519,0.152,-0.299,-0.141,0.513,0.75,-0.603,-0.381,-0.585,0.11,-0.407,-0.035,-0.654,-0.458,-0.782,-0.23,0.17,-0.132,0.491,-0.327,-0.108,-0.356,-0.432,-0.335,-0.093,0.019,-0.654,0.48,-0.424,-0.194,0.903,0.798,-0.697,0.38,-0.543,0.019,0.323,-0.689,-0.04,-0.262,-0.528,-0.057,-0.457,-0.32,-0.642,-0.548,-0.748,-0.09,-0.515,-0.566,-0.495,-0.272,-0.575,0.81,0.595,-0.288,-0.095,-0.191,-0.321,-0.616,-0.036,-0.309,0.702,-0.386,0.604,-0.322,0.666,-0.762,0.751,-0.718,0.777,-0.518,-0.592,0.782,0.792,-0.186,-0.655,-0.508,-0.452,0.875,-0.685,-0.549,0.267,0.764,0.591,-0.382,0.779,0.261,0.218,-0.624,0.524,-0.348,-0.544,-0.193,0.726,-0.243,-0.299,0.296,0.798,0.518,-0.165,-0.562,0.402,-0.548,-0.168,0.914,0.494,-0.313,-0.484,0.771,-0.543,0.909,-0.097,0.151,0.721,0.621,-0.378,-0.441,0.281,-0.296,0.102,0.776,0.36,0.743,-0.15,-0.581,-0.355,0.449,0.628,0.39,0.211,0.429,0.189,0.386,0.757,-0.591,-0.643,-0.518,-0.642,-0.535,-0.595
AFYA,0.61,-0.809,-0.525,0.0,0.467,-0.161,0.608,-0.759,-0.623,0.762,0.637,0.699,0.847,0.837,0.648,0.557,-0.657,-0.43,0.875,0.827,-0.443,0.612,0.728,-0.35,0.826,0.591,0.704,0.699,0.12,0.23,0.366,0.441,0.243,0.246,0.846,0.799,-0.606,0.718,0.714,-0.447,0.628,0.742,0.319,-0.764,-0.284,0.66,-0.104,-0.507,-0.738,0.702,0.041,0.789,0.876,-0.525,-0.054,0.538,0.879,0.798,0.771,0.842,0.553,0.746,0.228,-0.355,-0.338,0.894,0.446,0.88,-0.107,0.785,-0.26,0.808,0.71,0.592,0.205,-0.075,0.623,-0.513,0.634,0.559,0.691,0.733,0.479,0.302,-0.024,0.633,-0.455,0.744,0.131,-0.563,-0.804,0.853,-0.439,0.863,0.639,-0.59,0.845,0.19,0.474,0.535,0.518,0.867,0.821,0.904,0.847,0.623,0.26,0.426,0.62,0.806,0.393,0.731,-0.843,-0.445,0.753,-0.385,0.518,0.421,0.798,0.428,0.705,-0.72,0.762,-0.388,0.711,-0.608,0.764,-0.682,0.816,-0.613,0.444,0.811,-0.429,-0.204,0.531,0.673,0.507,0.713,-0.54,0.499,0.801,-0.051,-0.39,-0.034,0.691,-0.543,0.44,0.325,0.861,0.196,0.746,0.888,0.79,-0.319,0.732,0.578,-0.225,-0.577,0.018,0.587,0.788,-0.462,0.695,0.209,-0.728,-0.518,0.719,0.714,-0.512,0.874,-0.489,0.617,-0.16,-0.776,-0.385,0.508,0.611,0.076,0.834,-0.135,-0.616,0.269,-0.392,0.659,0.715,0.797,-0.277,-0.758,-0.197,-0.148,-0.313,-0.383,-0.468,-0.465,0.788,0.879,0.775,0.716,0.833,0.747
AGNC,0.678,-0.398,0.204,0.467,0.0,0.083,0.624,0.016,-0.293,0.427,0.849,0.466,0.43,0.555,0.599,0.385,0.055,0.358,0.354,0.683,-0.414,0.774,0.675,-0.42,0.741,0.461,0.498,0.064,0.014,0.775,0.261,0.731,0.672,0.781,0.349,0.546,0.083,0.325,0.58,0.196,0.756,0.497,0.243,-0.092,0.468,0.602,0.253,0.115,-0.065,0.406,-0.315,0.281,0.668,-0.194,0.292,0.674,0.543,0.543,0.642,0.536,0.664,0.582,0.598,0.34,0.176,0.495,0.458,0.585,-0.472,0.736,-0.459,0.394,0.608,0.063,0.088,0.016,0.688,-0.02,0.643,0.587,0.664,0.527,0.399,0.474,-0.009,0.335,-0.331,0.59,0.335,0.237,-0.234,0.293,-0.06,0.511,0.842,-0.279,0.292,0.375,0.516,0.237,0.594,0.602,0.693,0.299,0.524,0.19,0.39,-0.335,0.39,0.567,0.193,0.302,-0.204,0.152,0.765,-0.721,0.573,0.39,0.475,0.563,0.613,-0.205,0.558,0.327,0.622,-0.059,0.191,-0.229,0.387,0.228,0.318,0.415,0.468,0.374,0.694,0.225,0.14,0.405,0.315,0.189,0.566,0.524,0.21,0.483,0.472,0.095,0.826,0.735,0.557,0.54,0.721,0.539,0.689,0.352,0.451,0.556,0.167,0.072,0.546,0.666,0.292,-0.454,0.436,0.299,0.049,-0.132,0.672,0.563,0.092,0.605,0.318,0.568,0.136,-0.238,-0.167,0.315,0.252,0.253,0.674,0.276,-0.075,0.624,0.097,0.516,0.479,0.713,0.225,-0.322,0.242,0.32,0.206,0.017,-0.388,0.387,0.537,0.416,0.532,0.433,0.509,0.486
AGYS,0.204,0.473,0.39,-0.161,0.083,0.0,0.479,0.322,0.062,0.069,0.161,0.22,-0.149,-0.189,0.162,0.278,0.269,0.364,-0.177,-0.329,0.589,-0.054,-0.091,0.471,-0.265,0.429,-0.215,-0.036,0.356,0.096,0.52,0.254,0.36,0.143,0.0,-0.121,0.439,0.027,-0.105,0.116,0.062,-0.311,0.424,0.379,0.197,0.136,0.787,0.596,0.473,0.15,0.294,-0.03,0.022,0.416,0.639,0.394,-0.142,0.161,-0.068,-0.097,-0.153,0.177,0.126,0.7,0.376,-0.362,0.109,-0.321,0.041,-0.082,0.46,-0.112,0.154,0.029,0.061,0.489,0.072,0.661,0.109,0.244,0.02,-0.051,0.2,0.513,0.372,0.104,0.566,0.134,0.429,0.241,0.345,-0.334,0.738,-0.177,0.02,0.678,-0.155,0.526,-0.119,0.253,-0.212,-0.184,0.084,-0.111,-0.038,-0.099,0.509,-0.043,0.018,0.107,0.093,0.132,0.449,0.667,-0.09,0.064,0.256,0.168,-0.016,0.497,0.236,0.29,0.039,0.547,0.238,0.625,-0.178,0.651,-0.122,0.57,0.186,-0.196,0.355,0.433,0.192,0.078,0.308,-0.192,0.489,0.114,-0.118,0.237,0.662,0.193,0.171,0.749,0.018,0.406,-0.278,0.082,-0.203,-0.002,0.058,0.583,-0.084,0.228,0.601,0.313,0.223,-0.289,-0.269,0.278,0.119,-0.156,0.295,0.743,-0.021,0.003,0.68,-0.17,0.455,0.059,0.722,0.499,0.534,0.433,0.344,0.568,-0.276,0.428,0.464,0.317,0.559,0.393,0.129,0.115,0.489,0.564,0.798,0.575,0.603,0.39,0.633,0.531,-0.165,-0.129,0.075,0.05,-0.17,-0.013
ALT,0.699,-0.374,-0.109,0.608,0.624,0.479,0.0,-0.324,-0.475,0.602,0.802,0.731,0.581,0.641,0.724,0.68,-0.29,-0.04,0.613,0.532,-0.063,0.616,0.621,-0.136,0.597,0.758,0.379,0.42,0.13,0.389,0.605,0.635,0.515,0.539,0.615,0.556,-0.188,0.508,0.549,-0.229,0.673,0.308,0.615,-0.255,-0.044,0.719,0.499,0.047,-0.256,0.715,0.094,0.65,0.749,-0.133,0.486,0.816,0.69,0.706,0.675,0.658,0.423,0.646,0.376,0.313,0.072,0.512,0.432,0.57,-0.35,0.726,-0.041,0.56,0.753,0.452,0.087,0.231,0.726,0.005,0.747,0.677,0.602,0.564,0.501,0.706,0.065,0.615,-0.159,0.753,0.531,-0.225,-0.463,0.49,0.158,0.641,0.696,-0.049,0.518,0.486,0.448,0.526,0.232,0.583,0.816,0.624,0.697,0.414,0.627,0.136,0.485,0.767,0.238,0.616,-0.384,0.155,0.649,-0.503,0.624,0.414,0.677,0.73,0.776,-0.417,0.636,0.133,0.816,-0.126,0.411,-0.141,0.63,0.024,0.592,0.495,0.086,0.154,0.741,0.53,0.535,0.363,-0.006,0.522,0.605,0.228,0.173,0.139,0.718,0.059,0.571,0.567,0.58,0.272,0.646,0.77,0.77,0.118,0.509,0.76,0.199,-0.243,0.161,0.348,0.372,-0.379,0.611,0.072,-0.33,0.057,0.586,0.671,0.018,0.646,0.054,0.527,0.394,-0.362,-0.007,0.65,0.656,0.357,0.588,0.129,-0.135,0.482,0.028,0.805,0.731,0.811,0.184,-0.242,0.413,0.351,0.157,-0.085,-0.048,0.097,0.572,0.572,0.711,0.651,0.557,0.688
AMGN,-0.339,0.805,0.844,-0.759,0.016,0.322,-0.324,0.0,0.665,-0.616,-0.252,-0.569,-0.762,-0.713,-0.436,-0.446,0.805,0.777,-0.804,-0.606,0.351,-0.326,-0.53,0.229,-0.563,-0.403,-0.438,-0.769,-0.046,0.25,-0.263,-0.162,0.108,0.097,-0.779,-0.627,0.823,-0.619,-0.545,0.673,-0.361,-0.517,-0.257,0.807,0.66,-0.454,0.274,0.707,0.882,-0.645,-0.174,-0.769,-0.59,0.442,0.179,-0.209,-0.715,-0.575,-0.58,-0.664,-0.258,-0.492,0.03,0.539,0.588,-0.769,-0.255,-0.712,-0.018,-0.552,0.043,-0.728,-0.501,-0.706,-0.091,0.316,-0.337,0.612,-0.434,-0.246,-0.437,-0.579,-0.348,-0.076,0.13,-0.631,0.531,-0.523,-0.064,0.846,0.861,-0.788,0.451,-0.72,-0.263,0.555,-0.791,0.026,-0.281,-0.479,-0.2,-0.633,-0.539,-0.856,-0.727,-0.623,-0.061,-0.591,-0.53,-0.63,-0.312,-0.683,0.895,0.587,-0.45,0.078,-0.223,-0.289,-0.701,-0.058,-0.462,0.824,-0.553,0.623,-0.523,0.738,-0.785,0.763,-0.78,0.847,-0.435,-0.681,0.722,0.572,-0.259,-0.651,-0.507,-0.565,0.815,-0.543,-0.641,0.378,0.601,0.379,-0.493,0.746,-0.062,0.097,-0.73,0.104,-0.506,-0.739,-0.482,0.662,-0.48,-0.355,0.437,0.782,0.335,-0.353,-0.711,0.418,-0.563,-0.143,0.934,0.587,-0.402,-0.573,0.702,-0.682,0.794,-0.381,0.256,0.822,0.431,-0.35,-0.505,0.156,-0.579,0.249,0.693,0.075,0.623,-0.437,-0.585,-0.519,0.397,0.726,0.363,0.35,0.485,0.452,0.396,0.72,-0.63,-0.804,-0.622,-0.631,-0.641,-0.63
AMPH,-0.794,0.724,0.73,-0.623,-0.293,0.062,-0.475,0.665,0.0,-0.628,-0.476,-0.683,-0.823,-0.852,-0.757,-0.324,0.693,0.62,-0.758,-0.496,0.156,-0.505,-0.747,0.246,-0.642,-0.663,-0.412,-0.784,-0.458,0.08,-0.499,-0.632,-0.043,-0.351,-0.777,-0.791,0.643,-0.685,-0.787,0.267,-0.691,-0.432,-0.609,0.556,0.182,-0.798,-0.144,0.626,0.699,-0.752,-0.342,-0.788,-0.619,0.01,-0.33,-0.367,-0.762,-0.633,-0.806,-0.705,-0.002,-0.638,-0.635,0.07,0.561,-0.676,-0.781,-0.739,0.399,-0.715,-0.026,-0.802,-0.836,-0.878,-0.357,-0.11,-0.425,0.122,-0.652,-0.416,-0.709,-0.68,-0.664,-0.526,-0.227,-0.924,0.451,-0.747,-0.584,0.686,0.702,-0.684,0.072,-0.689,-0.297,0.107,-0.746,-0.528,-0.484,-0.774,-0.336,-0.642,-0.627,-0.664,-0.759,-0.892,-0.477,-0.288,-0.855,-0.779,-0.452,-0.761,0.7,0.273,-0.632,0.206,-0.603,-0.658,-0.844,-0.506,-0.668,0.6,-0.659,0.166,-0.677,0.407,-0.831,0.637,-0.844,0.422,-0.813,-0.703,0.381,0.426,-0.599,-0.84,-0.698,-0.593,0.531,-0.903,-0.81,-0.234,0.438,0.299,-0.644,0.467,-0.045,-0.288,-0.789,0.332,-0.584,-0.756,-0.432,0.342,-0.377,-0.616,-0.162,0.65,0.129,-0.424,-0.569,0.525,-0.886,-0.402,0.743,0.242,-0.674,-0.788,0.509,-0.738,0.601,-0.4,-0.255,0.584,0.637,-0.741,-0.675,0.031,-0.41,-0.295,0.677,0.001,0.51,-0.45,-0.892,-0.698,0.116,0.565,-0.039,-0.292,0.047,-0.13,0.41,0.327,-0.835,-0.768,-0.807,-0.937,-0.708,-0.844
AMZN,0.76,-0.688,-0.412,0.762,0.427,0.069,0.602,-0.616,-0.628,0.0,0.68,0.876,0.782,0.75,0.829,0.786,-0.564,-0.296,0.764,0.706,-0.281,0.422,0.807,-0.304,0.722,0.85,0.752,0.813,0.46,0.289,0.54,0.718,0.525,0.324,0.891,0.874,-0.338,0.94,0.84,-0.392,0.801,0.713,0.673,-0.484,-0.037,0.81,0.3,-0.323,-0.623,0.89,0.301,0.805,0.851,-0.192,0.247,0.646,0.808,0.907,0.839,0.845,0.401,0.842,0.392,0.008,-0.41,0.64,0.67,0.709,-0.164,0.764,0.125,0.899,0.796,0.718,0.529,0.117,0.621,-0.046,0.768,0.738,0.783,0.778,0.81,0.567,0.126,0.723,-0.192,0.884,0.372,-0.462,-0.521,0.58,-0.026,0.851,0.616,-0.225,0.882,0.599,0.503,0.764,0.603,0.837,0.799,0.798,0.905,0.677,0.659,0.195,0.759,0.89,0.614,0.859,-0.618,-0.082,0.799,-0.474,0.794,0.627,0.861,0.52,0.893,-0.674,0.925,-0.045,0.857,-0.173,0.81,-0.433,0.812,-0.394,0.651,0.873,-0.279,0.112,0.698,0.746,0.821,0.821,-0.31,0.583,0.861,0.206,-0.166,0.106,0.875,-0.203,0.423,0.643,0.772,0.254,0.67,0.833,0.748,-0.204,0.543,0.726,0.171,-0.36,0.274,0.534,0.845,-0.468,0.805,0.345,-0.617,-0.097,0.836,0.85,-0.219,0.825,-0.416,0.523,0.298,-0.437,-0.339,0.61,0.815,0.427,0.668,0.29,-0.504,0.487,-0.084,0.807,0.736,0.851,0.01,-0.505,0.236,0.28,0.171,0.024,-0.181,-0.274,0.781,0.855,0.877,0.688,0.851,0.79
ANIP,0.792,-0.559,-0.041,0.637,0.849,0.161,0.802,-0.252,-0.476,0.68,0.0,0.738,0.63,0.734,0.808,0.654,-0.239,0.078,0.633,0.767,-0.374,0.716,0.824,-0.439,0.807,0.707,0.644,0.383,0.189,0.655,0.432,0.789,0.66,0.76,0.614,0.732,-0.134,0.599,0.734,-0.103,0.884,0.558,0.559,-0.236,0.206,0.819,0.373,-0.028,-0.303,0.714,-0.077,0.606,0.823,-0.21,0.38,0.826,0.751,0.77,0.818,0.757,0.6,0.701,0.577,0.272,0.032,0.624,0.555,0.711,-0.515,0.859,-0.212,0.663,0.796,0.387,0.243,0.097,0.854,-0.026,0.869,0.768,0.759,0.671,0.626,0.667,-0.035,0.569,-0.323,0.828,0.441,-0.065,-0.45,0.502,-0.007,0.753,0.885,-0.247,0.585,0.512,0.635,0.492,0.549,0.751,0.89,0.573,0.771,0.429,0.64,-0.129,0.565,0.789,0.323,0.579,-0.428,0.113,0.863,-0.796,0.735,0.499,0.736,0.69,0.831,-0.478,0.787,0.234,0.834,-0.134,0.453,-0.287,0.661,0.027,0.575,0.657,0.25,0.3,0.874,0.482,0.476,0.592,0.073,0.434,0.742,0.461,0.112,0.329,0.782,-0.012,0.797,0.754,0.732,0.442,0.843,0.775,0.839,0.101,0.507,0.805,0.17,-0.103,0.413,0.614,0.538,-0.591,0.634,0.276,-0.243,-0.09,0.788,0.79,-0.047,0.793,0.08,0.591,0.283,-0.39,-0.271,0.511,0.554,0.388,0.781,0.239,-0.221,0.662,0.006,0.759,0.68,0.88,0.184,-0.387,0.325,0.371,0.226,-0.021,-0.338,0.116,0.72,0.631,0.777,0.611,0.73,0.752
AOSL,0.833,-0.635,-0.438,0.699,0.466,0.22,0.731,-0.569,-0.683,0.876,0.738,0.0,0.806,0.79,0.869,0.764,-0.604,-0.315,0.785,0.674,-0.135,0.518,0.792,-0.12,0.692,0.877,0.712,0.802,0.434,0.204,0.711,0.746,0.466,0.413,0.916,0.871,-0.364,0.886,0.823,-0.375,0.806,0.637,0.731,-0.469,-0.119,0.842,0.401,-0.297,-0.54,0.928,0.417,0.838,0.867,-0.185,0.461,0.663,0.809,0.896,0.84,0.816,0.319,0.862,0.491,0.128,-0.35,0.668,0.677,0.701,-0.239,0.777,0.156,0.896,0.85,0.772,0.531,0.157,0.643,-0.023,0.798,0.691,0.81,0.798,0.831,0.71,0.2,0.831,-0.166,0.908,0.564,-0.466,-0.584,0.605,0.075,0.813,0.598,-0.123,0.853,0.632,0.453,0.853,0.517,0.808,0.831,0.808,0.879,0.713,0.714,0.237,0.818,0.94,0.618,0.926,-0.611,-0.042,0.783,-0.416,0.82,0.733,0.894,0.641,0.948,-0.635,0.913,0.036,0.861,-0.18,0.776,-0.363,0.859,-0.289,0.732,0.857,-0.238,0.027,0.739,0.827,0.835,0.788,-0.299,0.724,0.85,0.19,-0.1,0.118,0.867,-0.169,0.416,0.651,0.784,0.124,0.686,0.865,0.742,-0.096,0.578,0.779,0.231,-0.328,0.253,0.482,0.781,-0.439,0.827,0.4,-0.62,-0.051,0.817,0.831,-0.167,0.842,-0.375,0.44,0.365,-0.44,-0.262,0.766,0.884,0.538,0.639,0.374,-0.463,0.537,-0.13,0.829,0.821,0.866,-0.012,-0.492,0.312,0.348,0.181,0.046,-0.127,-0.196,0.831,0.849,0.898,0.783,0.837,0.84
APDN,0.779,-0.829,-0.666,0.847,0.43,-0.149,0.581,-0.762,-0.823,0.782,0.63,0.806,0.0,0.916,0.79,0.592,-0.783,-0.576,0.881,0.757,-0.289,0.696,0.824,-0.228,0.825,0.696,0.654,0.83,0.302,0.121,0.566,0.607,0.163,0.361,0.91,0.891,-0.628,0.805,0.852,-0.367,0.747,0.734,0.512,-0.71,-0.24,0.788,0.07,-0.57,-0.738,0.851,0.305,0.848,0.843,-0.292,0.145,0.441,0.871,0.785,0.856,0.845,0.298,0.81,0.465,-0.226,-0.434,0.869,0.676,0.869,-0.288,0.834,-0.067,0.903,0.815,0.805,0.377,-0.006,0.514,-0.334,0.679,0.491,0.811,0.843,0.717,0.422,0.184,0.869,-0.415,0.802,0.388,-0.68,-0.801,0.822,-0.204,0.889,0.51,-0.4,0.879,0.386,0.406,0.759,0.563,0.87,0.804,0.866,0.884,0.806,0.425,0.442,0.849,0.914,0.604,0.878,-0.841,-0.411,0.8,-0.333,0.653,0.699,0.897,0.437,0.793,-0.673,0.846,-0.236,0.754,-0.556,0.887,-0.711,0.924,-0.598,0.71,0.864,-0.456,-0.287,0.586,0.823,0.675,0.808,-0.58,0.748,0.885,0.065,-0.387,-0.048,0.736,-0.566,0.296,0.405,0.897,-0.036,0.709,0.897,0.675,-0.343,0.654,0.631,-0.017,-0.56,0.063,0.64,0.777,-0.52,0.821,0.447,-0.823,-0.384,0.797,0.793,-0.498,0.888,-0.613,0.453,0.034,-0.706,-0.481,0.658,0.751,0.155,0.712,0.115,-0.656,0.298,-0.392,0.663,0.866,0.811,-0.208,-0.751,-0.067,0.042,-0.22,-0.178,-0.395,-0.442,0.905,0.91,0.893,0.887,0.867,0.855
APLT,0.82,-0.879,-0.638,0.837,0.555,-0.189,0.641,-0.713,-0.852,0.75,0.734,0.79,0.916,0.0,0.843,0.517,-0.73,-0.522,0.924,0.824,-0.411,0.704,0.897,-0.469,0.891,0.692,0.68,0.75,0.212,0.193,0.423,0.688,0.233,0.493,0.862,0.904,-0.655,0.746,0.889,-0.356,0.826,0.671,0.537,-0.667,-0.195,0.876,0.045,-0.618,-0.792,0.835,0.145,0.881,0.867,-0.327,0.212,0.564,0.956,0.794,0.945,0.898,0.375,0.735,0.563,-0.171,-0.463,0.903,0.684,0.953,-0.458,0.933,-0.217,0.898,0.902,0.775,0.335,0.001,0.686,-0.357,0.822,0.609,0.804,0.806,0.653,0.509,0.005,0.858,-0.599,0.867,0.46,-0.627,-0.843,0.86,-0.301,0.916,0.637,-0.433,0.868,0.394,0.644,0.679,0.515,0.882,0.867,0.846,0.915,0.834,0.455,0.252,0.817,0.901,0.434,0.781,-0.861,-0.357,0.855,-0.488,0.672,0.592,0.941,0.548,0.787,-0.756,0.816,-0.253,0.812,-0.588,0.841,-0.755,0.949,-0.497,0.741,0.869,-0.324,-0.297,0.746,0.783,0.613,0.746,-0.524,0.766,0.938,0.19,-0.46,-0.114,0.781,-0.561,0.406,0.401,0.972,-0.016,0.865,0.929,0.735,-0.385,0.59,0.741,-0.038,-0.615,-0.011,0.635,0.765,-0.686,0.853,0.38,-0.756,-0.453,0.819,0.894,-0.582,0.946,-0.514,0.536,0.066,-0.791,-0.626,0.629,0.664,0.029,0.777,0.101,-0.714,0.221,-0.522,0.622,0.905,0.887,-0.197,-0.773,-0.071,0.143,-0.175,-0.123,-0.56,-0.389,0.944,0.883,0.895,0.91,0.896,0.94
APVO,0.925,-0.634,-0.37,0.648,0.599,0.162,0.724,-0.436,-0.757,0.829,0.808,0.869,0.79,0.843,0.0,0.664,-0.535,-0.268,0.775,0.64,-0.16,0.573,0.887,-0.356,0.765,0.879,0.669,0.722,0.509,0.37,0.584,0.868,0.5,0.638,0.797,0.876,-0.339,0.824,0.886,-0.193,0.922,0.577,0.782,-0.355,0.085,0.957,0.45,-0.304,-0.521,0.895,0.311,0.818,0.816,-0.043,0.522,0.711,0.829,0.844,0.931,0.841,0.282,0.768,0.693,0.21,-0.307,0.632,0.815,0.747,-0.522,0.864,0.072,0.847,0.934,0.75,0.51,0.304,0.721,0.093,0.884,0.764,0.831,0.773,0.838,0.79,0.184,0.848,-0.273,0.944,0.623,-0.413,-0.519,0.599,0.089,0.833,0.651,-0.049,0.782,0.726,0.639,0.801,0.542,0.788,0.856,0.675,0.875,0.778,0.79,0.067,0.848,0.92,0.525,0.817,-0.562,0.025,0.875,-0.584,0.887,0.734,0.898,0.726,0.931,-0.553,0.877,0.126,0.899,-0.145,0.753,-0.407,0.844,-0.162,0.84,0.814,-0.078,0.079,0.901,0.746,0.772,0.717,-0.199,0.77,0.912,0.463,-0.123,0.089,0.903,-0.147,0.456,0.712,0.805,0.087,0.776,0.836,0.71,-0.128,0.479,0.878,0.369,-0.309,0.266,0.551,0.687,-0.603,0.883,0.417,-0.517,-0.01,0.89,0.922,-0.211,0.833,-0.261,0.467,0.471,-0.412,-0.454,0.732,0.799,0.381,0.607,0.41,-0.478,0.47,-0.138,0.741,0.882,0.897,0.062,-0.455,0.343,0.528,0.276,0.2,-0.274,-0.107,0.88,0.766,0.913,0.839,0.84,0.911
ARGX,0.539,-0.43,-0.157,0.557,0.385,0.278,0.68,-0.446,-0.324,0.786,0.654,0.764,0.592,0.517,0.664,0.0,-0.381,-0.118,0.558,0.586,-0.1,0.414,0.606,-0.108,0.551,0.739,0.52,0.56,0.24,0.35,0.55,0.537,0.598,0.253,0.687,0.59,-0.113,0.717,0.58,-0.422,0.64,0.49,0.584,-0.29,-0.096,0.596,0.445,0.03,-0.334,0.793,0.226,0.627,0.686,-0.198,0.261,0.67,0.573,0.762,0.609,0.677,0.47,0.661,0.123,0.206,-0.053,0.454,0.333,0.467,-0.111,0.622,0.277,0.631,0.565,0.477,0.249,0.048,0.585,-0.007,0.665,0.626,0.536,0.606,0.626,0.539,0.006,0.526,-0.032,0.698,0.272,-0.287,-0.366,0.348,0.164,0.698,0.604,-0.152,0.627,0.427,0.293,0.528,0.357,0.612,0.704,0.645,0.756,0.335,0.599,0.196,0.451,0.735,0.404,0.702,-0.4,0.137,0.618,-0.482,0.627,0.434,0.655,0.336,0.776,-0.54,0.752,0.13,0.761,-0.086,0.5,-0.176,0.602,-0.229,0.485,0.611,-0.11,0.276,0.589,0.48,0.649,0.569,-0.078,0.337,0.614,0.036,0.161,0.256,0.742,-0.019,0.56,0.581,0.521,0.445,0.526,0.686,0.729,-0.103,0.409,0.637,0.118,-0.144,0.324,0.437,0.6,-0.354,0.487,0.159,-0.409,0.093,0.573,0.601,0.07,0.607,-0.117,0.383,0.283,-0.269,0.075,0.387,0.688,0.549,0.605,0.181,-0.141,0.652,0.167,0.884,0.518,0.685,0.141,-0.299,0.358,0.182,0.229,-0.134,0.11,-0.096,0.514,0.658,0.732,0.432,0.598,0.583
ARLP,-0.454,0.724,0.846,-0.657,0.055,0.269,-0.29,0.805,0.693,-0.564,-0.239,-0.604,-0.783,-0.73,-0.535,-0.381,0.0,0.877,-0.817,-0.493,0.127,-0.288,-0.504,0.149,-0.496,-0.484,-0.494,-0.855,-0.214,0.331,-0.373,-0.239,0.256,0.048,-0.772,-0.67,0.78,-0.657,-0.62,0.57,-0.393,-0.487,-0.408,0.74,0.578,-0.536,0.118,0.761,0.827,-0.677,-0.517,-0.813,-0.566,0.343,-0.028,-0.105,-0.694,-0.541,-0.611,-0.679,0.056,-0.462,-0.188,0.493,0.587,-0.705,-0.42,-0.667,0.183,-0.526,-0.099,-0.765,-0.572,-0.83,-0.393,-0.014,-0.267,0.417,-0.444,-0.275,-0.45,-0.578,-0.514,-0.237,-0.008,-0.723,0.344,-0.563,-0.248,0.905,0.809,-0.805,0.328,-0.722,-0.131,0.327,-0.813,-0.165,-0.306,-0.638,-0.225,-0.644,-0.518,-0.788,-0.662,-0.813,-0.25,-0.632,-0.676,-0.656,-0.467,-0.733,0.861,0.577,-0.43,0.033,-0.404,-0.45,-0.737,-0.238,-0.497,0.669,-0.574,0.505,-0.449,0.666,-0.838,0.703,-0.826,0.785,-0.607,-0.733,0.785,0.592,-0.325,-0.736,-0.59,-0.638,0.873,-0.707,-0.684,0.229,0.652,0.437,-0.589,0.742,0.095,0.023,-0.71,0.404,-0.455,-0.669,-0.358,0.703,-0.424,-0.434,0.119,0.641,0.325,-0.269,-0.71,0.426,-0.625,-0.24,0.912,0.413,-0.504,-0.571,0.718,-0.685,0.838,-0.123,0.073,0.748,0.524,-0.505,-0.641,0.031,-0.451,0.114,0.758,0.061,0.61,-0.417,-0.703,-0.509,0.462,0.723,0.281,0.122,0.399,0.187,0.294,0.786,-0.723,-0.714,-0.644,-0.714,-0.694,-0.727
ATEX,-0.181,0.578,0.916,-0.43,0.358,0.364,-0.04,0.777,0.62,-0.296,0.078,-0.315,-0.576,-0.522,-0.268,-0.118,0.877,0.0,-0.628,-0.214,0.043,-0.058,-0.266,0.103,-0.25,-0.213,-0.202,-0.707,-0.132,0.57,-0.149,0.034,0.517,0.237,-0.537,-0.41,0.838,-0.403,-0.371,0.601,-0.115,-0.225,-0.248,0.646,0.716,-0.297,0.274,0.796,0.775,-0.436,-0.44,-0.632,-0.229,0.179,0.113,0.127,-0.462,-0.253,-0.363,-0.443,0.265,-0.149,-0.004,0.578,0.638,-0.508,-0.243,-0.467,0.072,-0.274,-0.175,-0.539,-0.325,-0.732,-0.219,0.068,-0.042,0.448,-0.206,-0.013,-0.171,-0.348,-0.254,-0.01,0.035,-0.559,0.358,-0.298,-0.099,0.934,0.726,-0.671,0.339,-0.463,0.173,0.249,-0.604,0.041,-0.165,-0.431,0.065,-0.351,-0.216,-0.579,-0.43,-0.695,-0.014,-0.642,-0.458,-0.374,-0.228,-0.496,0.753,0.588,-0.146,-0.204,-0.096,-0.221,-0.52,0.019,-0.185,0.575,-0.269,0.606,-0.193,0.672,-0.693,0.66,-0.618,0.807,-0.454,-0.488,0.823,0.796,-0.073,-0.569,-0.428,-0.368,0.919,-0.603,-0.434,0.372,0.727,0.629,-0.325,0.795,0.376,0.364,-0.489,0.607,-0.207,-0.433,-0.058,0.814,-0.177,-0.187,0.278,0.719,0.585,-0.081,-0.476,0.302,-0.431,-0.098,0.869,0.422,-0.194,-0.342,0.768,-0.419,0.878,0.035,0.176,0.668,0.528,-0.315,-0.405,0.303,-0.185,0.242,0.69,0.416,0.72,-0.123,-0.496,-0.214,0.458,0.566,0.416,0.27,0.493,0.206,0.279,0.833,-0.475,-0.522,-0.409,-0.542,-0.442,-0.512
ATRA,0.669,-0.869,-0.698,0.875,0.354,-0.177,0.613,-0.804,-0.758,0.764,0.633,0.785,0.881,0.924,0.775,0.558,-0.817,-0.628,0.0,0.78,-0.381,0.508,0.779,-0.436,0.805,0.662,0.724,0.809,0.176,0.063,0.383,0.502,0.149,0.337,0.878,0.85,-0.764,0.767,0.793,-0.507,0.693,0.653,0.534,-0.735,-0.399,0.792,-0.026,-0.664,-0.862,0.815,0.212,0.941,0.844,-0.416,0.094,0.529,0.948,0.78,0.866,0.898,0.355,0.655,0.336,-0.34,-0.483,0.875,0.552,0.91,-0.321,0.832,-0.154,0.893,0.81,0.776,0.335,0.015,0.678,-0.459,0.757,0.606,0.698,0.744,0.587,0.454,-0.051,0.774,-0.53,0.825,0.311,-0.741,-0.882,0.932,-0.399,0.933,0.585,-0.476,0.932,0.279,0.6,0.646,0.397,0.859,0.826,0.925,0.895,0.806,0.416,0.44,0.731,0.862,0.384,0.788,-0.919,-0.458,0.766,-0.426,0.599,0.477,0.907,0.511,0.752,-0.813,0.79,-0.423,0.764,-0.636,0.857,-0.728,0.949,-0.633,0.657,0.885,-0.504,-0.337,0.668,0.763,0.636,0.734,-0.664,0.707,0.881,0.018,-0.544,-0.236,0.81,-0.621,0.339,0.275,0.93,-0.035,0.815,0.919,0.726,-0.526,0.642,0.745,-0.139,-0.635,-0.152,0.484,0.84,-0.641,0.773,0.271,-0.845,-0.487,0.748,0.834,-0.659,0.923,-0.607,0.474,-0.003,-0.842,-0.584,0.587,0.691,0.044,0.77,-0.094,-0.75,0.158,-0.541,0.631,0.839,0.824,-0.302,-0.755,-0.165,-0.001,-0.257,-0.272,-0.499,-0.595,0.891,0.878,0.855,0.812,0.903,0.915
AUTL,0.607,-0.853,-0.343,0.827,0.683,-0.329,0.532,-0.606,-0.496,0.706,0.767,0.674,0.757,0.824,0.64,0.586,-0.493,-0.214,0.78,0.0,-0.672,0.705,0.798,-0.554,0.92,0.492,0.788,0.503,-0.072,0.46,0.228,0.552,0.424,0.446,0.732,0.797,-0.445,0.649,0.762,-0.299,0.746,0.807,0.243,-0.604,-0.067,0.66,-0.138,-0.418,-0.654,0.659,-0.16,0.662,0.874,-0.577,-0.071,0.567,0.847,0.749,0.806,0.821,0.739,0.691,0.311,-0.25,-0.263,0.879,0.391,0.895,-0.286,0.858,-0.436,0.755,0.665,0.408,0.185,-0.254,0.727,-0.514,0.717,0.588,0.718,0.742,0.483,0.282,-0.202,0.522,-0.6,0.715,0.125,-0.324,-0.702,0.734,-0.485,0.868,0.826,-0.719,0.751,0.132,0.573,0.38,0.662,0.893,0.831,0.775,0.822,0.479,0.242,0.128,0.557,0.76,0.347,0.597,-0.763,-0.376,0.852,-0.647,0.544,0.394,0.756,0.331,0.694,-0.72,0.78,-0.251,0.716,-0.572,0.614,-0.697,0.755,-0.469,0.377,0.793,-0.158,-0.02,0.623,0.498,0.344,0.742,-0.336,0.34,0.804,0.091,-0.317,0.178,0.648,-0.499,0.714,0.449,0.886,0.427,0.883,0.823,0.843,-0.273,0.658,0.587,-0.266,-0.361,0.224,0.735,0.781,-0.637,0.561,0.34,-0.535,-0.584,0.756,0.733,-0.454,0.899,-0.302,0.604,-0.215,-0.743,-0.424,0.288,0.431,0.096,0.954,-0.068,-0.544,0.455,-0.316,0.626,0.601,0.811,-0.174,-0.786,-0.195,-0.107,-0.236,-0.365,-0.593,-0.302,0.781,0.798,0.736,0.578,0.826,0.713
AVDL,-0.147,0.67,0.197,-0.443,-0.414,0.589,-0.063,0.351,0.156,-0.281,-0.374,-0.135,-0.289,-0.411,-0.16,-0.1,0.127,0.043,-0.381,-0.672,0.0,-0.323,-0.417,0.733,-0.594,0.046,-0.441,-0.027,0.299,-0.333,0.308,-0.162,-0.243,-0.283,-0.218,-0.397,0.348,-0.215,-0.384,0.04,-0.375,-0.453,0.098,0.385,-0.064,-0.244,0.524,0.411,0.509,-0.117,0.607,-0.207,-0.412,0.549,0.478,-0.138,-0.462,-0.183,-0.406,-0.347,-0.558,-0.192,-0.067,0.421,0.252,-0.495,-0.075,-0.579,0.26,-0.428,0.722,-0.319,-0.222,0.041,0.104,0.395,-0.451,0.565,-0.34,-0.263,-0.384,-0.266,-0.001,0.094,0.476,-0.03,0.738,-0.242,0.249,0.035,0.424,-0.414,0.699,-0.435,-0.623,0.735,-0.329,0.219,-0.437,0.089,-0.408,-0.479,-0.355,-0.305,-0.358,-0.111,0.101,0.219,-0.143,-0.255,0.07,-0.054,0.459,0.5,-0.47,0.596,-0.124,0.034,-0.272,0.034,-0.198,0.546,-0.322,0.447,-0.261,0.481,-0.22,0.565,-0.344,0.284,0.039,-0.377,0.03,0.045,-0.294,-0.026,0.105,-0.31,0.213,0.055,-0.346,-0.124,0.449,-0.003,-0.169,0.464,-0.536,-0.112,-0.545,-0.338,-0.622,-0.34,-0.495,0.285,-0.251,-0.243,0.478,0.201,0.013,-0.377,-0.408,0.633,-0.113,-0.144,0.217,0.714,-0.357,-0.373,0.505,-0.476,0.186,-0.391,0.432,0.565,0.534,0.224,0.137,0.378,-0.653,0.273,0.451,-0.051,0.237,-0.042,-0.151,-0.381,0.328,0.499,0.5,0.291,0.317,0.405,0.691,0.245,-0.374,-0.345,-0.261,-0.12,-0.405,-0.275
BCRX,0.667,-0.542,-0.149,0.612,0.774,-0.054,0.616,-0.326,-0.505,0.422,0.716,0.518,0.696,0.704,0.573,0.414,-0.288,-0.058,0.508,0.705,-0.323,0.0,0.665,-0.16,0.785,0.414,0.405,0.272,-0.05,0.522,0.446,0.57,0.293,0.598,0.518,0.582,-0.2,0.348,0.581,0.04,0.662,0.578,0.161,-0.425,0.121,0.576,0.096,-0.13,-0.258,0.512,-0.122,0.421,0.692,-0.289,0.147,0.463,0.606,0.537,0.643,0.556,0.532,0.653,0.476,0.057,0.076,0.716,0.41,0.703,-0.391,0.77,-0.384,0.491,0.605,0.284,-0.017,-0.163,0.483,-0.264,0.524,0.312,0.68,0.672,0.399,0.289,0.073,0.56,-0.436,0.537,0.29,-0.135,-0.526,0.532,-0.114,0.6,0.645,-0.425,0.413,0.199,0.269,0.349,0.552,0.651,0.705,0.523,0.59,0.347,0.191,0.118,0.525,0.66,0.346,0.501,-0.483,-0.175,0.72,-0.449,0.442,0.527,0.567,0.376,0.584,-0.295,0.579,0.078,0.566,-0.424,0.404,-0.497,0.55,-0.148,0.397,0.49,0.097,-0.004,0.498,0.404,0.17,0.491,-0.08,0.375,0.611,0.149,0.038,0.377,0.401,-0.273,0.577,0.451,0.662,0.28,0.649,0.675,0.619,0.114,0.594,0.423,-0.057,-0.193,0.344,0.768,0.36,-0.39,0.496,0.397,-0.324,-0.339,0.606,0.523,-0.168,0.654,-0.056,0.499,-0.086,-0.479,-0.187,0.399,0.351,0.119,0.697,0.104,-0.216,0.498,-0.13,0.529,0.617,0.653,-0.002,-0.592,0.0,0.022,-0.202,-0.251,-0.424,0.106,0.643,0.576,0.615,0.651,0.56,0.55
BHAT,0.866,-0.786,-0.416,0.728,0.675,-0.091,0.621,-0.53,-0.747,0.807,0.824,0.792,0.824,0.897,0.887,0.606,-0.504,-0.266,0.779,0.798,-0.417,0.665,0.0,-0.494,0.888,0.749,0.735,0.659,0.364,0.426,0.409,0.817,0.5,0.59,0.798,0.907,-0.412,0.788,0.916,-0.243,0.92,0.727,0.605,-0.491,0.073,0.898,0.21,-0.417,-0.627,0.841,0.1,0.773,0.846,-0.183,0.315,0.662,0.861,0.831,0.939,0.867,0.461,0.778,0.656,0.071,-0.406,0.774,0.73,0.864,-0.436,0.925,-0.103,0.865,0.892,0.681,0.447,0.056,0.736,-0.126,0.863,0.698,0.868,0.834,0.732,0.608,0.052,0.781,-0.478,0.899,0.433,-0.37,-0.636,0.643,-0.119,0.86,0.726,-0.312,0.802,0.551,0.656,0.679,0.636,0.881,0.848,0.712,0.907,0.732,0.585,0.022,0.797,0.879,0.449,0.745,-0.66,-0.099,0.923,-0.625,0.777,0.635,0.891,0.545,0.85,-0.668,0.889,0.028,0.875,-0.322,0.757,-0.556,0.842,-0.262,0.714,0.86,-0.078,0.001,0.822,0.709,0.652,0.788,-0.237,0.665,0.914,0.394,-0.238,0.126,0.803,-0.32,0.554,0.635,0.89,0.201,0.849,0.857,0.748,-0.187,0.488,0.77,0.099,-0.422,0.271,0.728,0.753,-0.657,0.841,0.446,-0.547,-0.259,0.874,0.907,-0.313,0.889,-0.326,0.611,0.21,-0.554,-0.534,0.554,0.643,0.232,0.75,0.323,-0.55,0.431,-0.269,0.675,0.807,0.892,-0.002,-0.615,0.127,0.311,0.115,0.052,-0.466,-0.144,0.896,0.84,0.897,0.8,0.891,0.863
BLBD,-0.245,0.589,0.185,-0.35,-0.42,0.471,-0.136,0.229,0.246,-0.304,-0.439,-0.12,-0.228,-0.469,-0.356,-0.108,0.149,0.103,-0.436,-0.554,0.733,-0.16,-0.494,0.0,-0.553,-0.134,-0.408,-0.093,0.109,-0.34,0.438,-0.324,-0.313,-0.435,-0.167,-0.391,0.335,-0.234,-0.462,0.145,-0.492,-0.245,-0.178,0.157,-0.077,-0.437,0.235,0.368,0.522,-0.206,0.492,-0.341,-0.34,0.286,0.221,-0.375,-0.518,-0.257,-0.533,-0.502,-0.423,-0.038,-0.234,0.188,0.242,-0.38,-0.245,-0.56,0.55,-0.521,0.509,-0.347,-0.386,-0.105,-0.008,0.089,-0.626,0.335,-0.575,-0.546,-0.276,-0.202,-0.113,-0.159,0.531,-0.102,0.67,-0.399,0.019,0.131,0.368,-0.402,0.554,-0.497,-0.592,0.459,-0.348,-0.012,-0.791,0.04,-0.22,-0.423,-0.417,-0.232,-0.436,-0.272,-0.177,0.341,-0.138,-0.264,0.203,0.014,0.412,0.2,-0.487,0.734,-0.251,0.117,-0.387,-0.185,-0.224,0.537,-0.284,0.278,-0.381,0.336,-0.227,0.498,-0.373,0.184,-0.217,-0.378,-0.074,0.04,-0.552,-0.028,-0.054,-0.214,0.128,-0.078,-0.449,-0.355,0.446,0.208,-0.412,0.338,-0.502,-0.156,-0.532,-0.225,-0.676,-0.344,-0.464,0.441,-0.051,-0.468,0.198,0.29,0.156,-0.288,-0.356,0.78,-0.23,0.072,0.159,0.444,-0.401,-0.53,0.49,-0.484,0.046,-0.357,0.099,0.511,0.678,0.132,0.054,0.388,-0.544,0.182,0.431,0.078,0.356,-0.107,-0.27,-0.463,0.112,0.349,0.225,-0.046,0.024,0.09,0.676,0.25,-0.389,-0.282,-0.325,-0.185,-0.432,-0.468
BMRN,0.759,-0.854,-0.381,0.826,0.741,-0.265,0.597,-0.563,-0.642,0.722,0.807,0.692,0.825,0.891,0.765,0.551,-0.496,-0.25,0.805,0.92,-0.594,0.785,0.888,-0.553,0.0,0.574,0.755,0.533,0.083,0.481,0.306,0.653,0.41,0.587,0.745,0.849,-0.477,0.667,0.831,-0.191,0.841,0.79,0.366,-0.619,0.02,0.779,-0.044,-0.448,-0.649,0.702,-0.111,0.722,0.875,-0.442,0.049,0.592,0.881,0.738,0.901,0.851,0.655,0.731,0.494,-0.154,-0.277,0.885,0.573,0.946,-0.385,0.927,-0.395,0.783,0.775,0.496,0.243,-0.101,0.758,-0.408,0.763,0.595,0.816,0.834,0.543,0.411,-0.076,0.645,-0.627,0.785,0.232,-0.343,-0.715,0.752,-0.392,0.873,0.812,-0.589,0.76,0.28,0.616,0.468,0.664,0.888,0.847,0.744,0.855,0.599,0.35,0.116,0.681,0.824,0.348,0.647,-0.749,-0.323,0.941,-0.651,0.646,0.508,0.808,0.441,0.772,-0.665,0.81,-0.143,0.765,-0.536,0.692,-0.683,0.797,-0.384,0.516,0.814,-0.125,-0.051,0.713,0.596,0.413,0.737,-0.309,0.498,0.88,0.249,-0.312,0.161,0.692,-0.478,0.676,0.513,0.921,0.313,0.914,0.859,0.824,-0.215,0.674,0.67,-0.124,-0.413,0.233,0.819,0.739,-0.659,0.692,0.44,-0.541,-0.522,0.842,0.805,-0.455,0.913,-0.299,0.614,-0.101,-0.71,-0.504,0.427,0.489,0.055,0.904,0.056,-0.573,0.421,-0.325,0.609,0.731,0.854,-0.15,-0.769,-0.136,0.034,-0.145,-0.258,-0.643,-0.219,0.869,0.831,0.819,0.715,0.868,0.797
BNGO,0.848,-0.453,-0.294,0.591,0.461,0.429,0.758,-0.403,-0.663,0.85,0.707,0.877,0.696,0.692,0.879,0.739,-0.484,-0.213,0.662,0.492,0.046,0.414,0.749,-0.134,0.574,0.0,0.552,0.746,0.571,0.226,0.685,0.825,0.527,0.438,0.794,0.77,-0.209,0.821,0.778,-0.32,0.803,0.449,0.847,-0.265,0.013,0.864,0.642,-0.123,-0.399,0.902,0.453,0.776,0.76,0.064,0.613,0.746,0.71,0.873,0.798,0.78,0.183,0.789,0.563,0.342,-0.227,0.466,0.744,0.56,-0.308,0.729,0.306,0.793,0.884,0.757,0.542,0.382,0.612,0.24,0.802,0.775,0.726,0.695,0.857,0.8,0.29,0.799,-0.002,0.899,0.659,-0.403,-0.409,0.446,0.289,0.725,0.521,0.132,0.732,0.807,0.499,0.84,0.394,0.693,0.78,0.666,0.821,0.693,0.845,0.122,0.76,0.878,0.558,0.819,-0.414,0.225,0.704,-0.411,0.849,0.664,0.841,0.756,0.893,-0.478,0.83,0.221,0.884,0.037,0.685,-0.192,0.747,-0.11,0.816,0.714,-0.108,0.13,0.782,0.757,0.884,0.643,-0.125,0.716,0.788,0.361,0.052,0.043,0.894,0.046,0.345,0.721,0.634,0.102,0.558,0.765,0.652,-0.022,0.395,0.809,0.469,-0.264,0.25,0.382,0.608,-0.396,0.843,0.267,-0.469,0.228,0.774,0.825,0.012,0.712,-0.209,0.444,0.627,-0.251,-0.205,0.793,0.893,0.54,0.454,0.474,-0.314,0.494,-0.003,0.858,0.825,0.85,0.25,-0.264,0.561,0.572,0.404,0.285,0.029,-0.042,0.709,0.715,0.858,0.753,0.72,0.815
BUSE,0.608,-0.694,-0.287,0.704,0.498,-0.215,0.379,-0.438,-0.412,0.752,0.644,0.712,0.654,0.68,0.669,0.52,-0.494,-0.202,0.724,0.788,-0.441,0.405,0.735,-0.408,0.755,0.552,0.0,0.608,0.232,0.411,0.302,0.551,0.417,0.354,0.735,0.817,-0.346,0.77,0.752,-0.255,0.68,0.892,0.342,-0.516,0.029,0.643,0.007,-0.43,-0.57,0.638,0.189,0.647,0.803,-0.413,0.089,0.499,0.739,0.771,0.74,0.78,0.526,0.687,0.387,-0.196,-0.393,0.713,0.512,0.747,-0.122,0.697,-0.161,0.779,0.624,0.474,0.625,0.028,0.629,-0.247,0.632,0.622,0.693,0.757,0.63,0.392,0.045,0.47,-0.268,0.726,0.129,-0.283,-0.507,0.639,-0.338,0.793,0.644,-0.463,0.819,0.345,0.534,0.52,0.727,0.866,0.679,0.699,0.737,0.573,0.389,0.155,0.639,0.702,0.492,0.651,-0.634,-0.255,0.797,-0.506,0.682,0.53,0.699,0.447,0.73,-0.55,0.834,-0.103,0.637,-0.289,0.682,-0.488,0.678,-0.384,0.364,0.89,-0.214,0.129,0.598,0.573,0.488,0.894,-0.31,0.367,0.783,0.198,-0.329,0.239,0.722,-0.35,0.521,0.546,0.769,0.303,0.738,0.699,0.663,-0.217,0.671,0.563,-0.004,-0.186,0.375,0.642,0.911,-0.438,0.623,0.479,-0.449,-0.351,0.839,0.685,-0.334,0.823,-0.352,0.428,-0.041,-0.496,-0.433,0.401,0.566,0.383,0.766,0.146,-0.554,0.504,-0.212,0.575,0.532,0.7,-0.189,-0.66,-0.08,0.084,0.006,-0.086,-0.413,-0.334,0.778,0.747,0.685,0.498,0.9,0.666
CAKE,0.658,-0.682,-0.749,0.699,0.064,-0.036,0.42,-0.769,-0.784,0.813,0.383,0.802,0.83,0.75,0.722,0.56,-0.855,-0.707,0.809,0.503,-0.027,0.272,0.659,-0.093,0.533,0.746,0.608,0.0,0.527,-0.182,0.567,0.502,0.06,0.039,0.919,0.822,-0.617,0.892,0.76,-0.567,0.584,0.582,0.64,-0.625,-0.383,0.699,0.173,-0.606,-0.754,0.849,0.621,0.87,0.676,-0.129,0.279,0.345,0.74,0.778,0.726,0.773,0.009,0.701,0.351,-0.198,-0.642,0.652,0.656,0.65,-0.079,0.599,0.315,0.905,0.726,0.943,0.597,0.142,0.367,-0.137,0.591,0.476,0.64,0.697,0.772,0.476,0.242,0.844,-0.142,0.771,0.415,-0.796,-0.68,0.687,-0.065,0.765,0.214,-0.132,0.912,0.51,0.364,0.867,0.384,0.727,0.617,0.82,0.807,0.875,0.519,0.496,0.822,0.802,0.647,0.91,-0.751,-0.284,0.572,-0.083,0.638,0.657,0.857,0.416,0.725,-0.664,0.781,-0.241,0.666,-0.356,0.935,-0.555,0.862,-0.63,0.729,0.846,-0.637,-0.335,0.485,0.896,0.87,0.782,-0.666,0.795,0.802,-0.03,-0.436,-0.254,0.769,-0.474,-0.016,0.3,0.729,-0.244,0.464,0.755,0.449,-0.471,0.449,0.576,0.123,-0.587,-0.069,0.343,0.81,-0.345,0.84,0.338,-0.856,-0.147,0.681,0.723,-0.452,0.751,-0.757,0.275,0.222,-0.54,-0.446,0.715,0.862,0.27,0.438,0.225,-0.681,0.138,-0.41,0.616,0.78,0.661,-0.195,-0.577,0.054,0.154,-0.045,0.063,-0.132,-0.565,0.786,0.842,0.803,0.791,0.79,0.791
CASY,0.538,-0.087,-0.166,0.12,0.014,0.356,0.13,-0.046,-0.458,0.46,0.189,0.434,0.302,0.212,0.509,0.24,-0.214,-0.132,0.176,-0.072,0.299,-0.05,0.364,0.109,0.083,0.571,0.232,0.527,0.0,0.007,0.449,0.48,0.285,0.104,0.389,0.447,0.009,0.586,0.46,-0.01,0.422,0.162,0.635,-0.027,0.244,0.476,0.51,-0.091,-0.109,0.424,0.53,0.315,0.19,0.385,0.51,0.22,0.18,0.405,0.342,0.254,-0.303,0.423,0.508,0.349,-0.339,-0.019,0.679,0.081,-0.075,0.151,0.542,0.431,0.434,0.558,0.613,0.533,0.118,0.549,0.314,0.344,0.422,0.298,0.66,0.588,0.49,0.481,0.296,0.47,0.408,-0.163,0.03,-0.01,0.428,0.172,-0.034,0.505,0.363,0.784,0.165,0.725,0.283,0.215,0.216,0.109,0.321,0.514,0.667,0.022,0.574,0.386,0.51,0.501,-0.003,0.253,0.281,-0.025,0.6,0.629,0.379,0.429,0.481,-0.093,0.451,0.325,0.36,0.402,0.46,0.109,0.305,0.094,0.515,0.37,-0.102,0.16,0.382,0.535,0.699,0.399,0.019,0.53,0.37,0.476,0.052,-0.004,0.466,0.214,-0.154,0.51,0.181,-0.239,0.046,0.192,0.07,0.111,-0.072,0.385,0.655,-0.09,0.229,0.016,0.278,-0.105,0.593,0.265,-0.179,0.451,0.462,0.388,0.182,0.216,-0.214,0.154,0.638,0.239,-0.189,0.58,0.59,0.456,-0.119,0.707,-0.208,0.156,0.141,0.292,0.412,0.295,0.092,0.117,0.482,0.626,0.599,0.639,0.218,0.056,0.37,0.33,0.45,0.408,0.333,0.35
CCOI,0.358,-0.108,0.526,0.23,0.775,0.096,0.389,0.25,0.08,0.289,0.655,0.204,0.121,0.193,0.37,0.35,0.331,0.57,0.063,0.46,-0.333,0.522,0.426,-0.34,0.481,0.226,0.411,-0.182,0.007,0.0,0.055,0.474,0.706,0.625,0.067,0.244,0.4,0.15,0.285,0.305,0.513,0.415,0.057,0.166,0.602,0.325,0.28,0.401,0.21,0.169,-0.387,-0.002,0.398,-0.078,0.091,0.583,0.219,0.355,0.334,0.287,0.675,0.321,0.286,0.354,0.416,0.187,0.173,0.28,-0.298,0.44,-0.304,0.117,0.264,-0.237,0.027,0.015,0.515,0.149,0.405,0.472,0.37,0.338,0.213,0.286,-0.093,-0.026,-0.07,0.329,-0.02,0.469,0.127,0.015,0.06,0.295,0.707,-0.188,0.061,0.218,0.34,-0.034,0.534,0.358,0.459,0.058,0.278,-0.135,0.27,-0.38,0.069,0.27,0.065,0.049,0.075,0.304,0.55,-0.697,0.366,0.175,0.165,0.308,0.391,0.051,0.375,0.453,0.39,0.196,-0.078,0.064,0.042,0.325,0.003,0.213,0.612,0.688,0.483,-0.134,-0.067,0.256,0.528,-0.195,0.273,0.456,0.451,0.751,0.302,0.303,0.789,0.648,0.227,0.756,0.464,0.269,0.51,0.409,0.306,0.32,0.148,0.37,0.719,0.588,0.171,-0.238,0.114,0.146,0.328,0.069,0.453,0.305,0.321,0.288,0.526,0.5,0.083,0.081,0.06,-0.033,0.023,0.351,0.505,0.168,0.251,0.709,0.419,0.41,0.096,0.405,0.301,-0.075,0.271,0.241,0.301,-0.023,-0.209,0.469,0.212,0.152,0.258,0.053,0.298,0.159
CEVA,0.663,-0.162,-0.173,0.366,0.261,0.52,0.605,-0.263,-0.499,0.54,0.432,0.711,0.566,0.423,0.584,0.55,-0.373,-0.149,0.383,0.228,0.308,0.446,0.409,0.438,0.306,0.685,0.302,0.567,0.449,0.055,0.0,0.54,0.187,0.226,0.63,0.511,-0.049,0.575,0.477,0.011,0.458,0.37,0.532,-0.259,0.06,0.508,0.514,-0.004,-0.087,0.649,0.626,0.468,0.55,0.119,0.564,0.324,0.401,0.573,0.444,0.37,-0.035,0.746,0.417,0.258,-0.066,0.331,0.538,0.28,-0.041,0.383,0.347,0.508,0.544,0.563,0.399,0.313,0.178,0.282,0.339,0.239,0.563,0.568,0.671,0.545,0.604,0.69,0.218,0.525,0.59,-0.26,-0.215,0.285,0.447,0.394,0.174,0.24,0.446,0.635,-0.094,0.74,0.405,0.414,0.464,0.462,0.462,0.476,0.546,0.35,0.687,0.651,0.737,0.776,-0.214,0.069,0.428,0.026,0.64,0.769,0.508,0.543,0.69,-0.108,0.583,0.244,0.52,0.067,0.517,-0.017,0.51,-0.032,0.559,0.423,-0.136,0.125,0.375,0.701,0.634,0.513,-0.124,0.617,0.485,0.122,0.211,0.229,0.481,0.094,0.062,0.524,0.36,-0.094,0.219,0.505,0.338,0.235,0.495,0.409,0.48,-0.045,0.357,0.258,0.335,0.033,0.623,0.511,-0.35,0.247,0.527,0.413,0.139,0.42,-0.198,0.149,0.454,-0.036,0.127,0.82,0.807,0.587,0.19,0.442,-0.126,0.495,0.166,0.629,0.627,0.494,0.09,-0.173,0.45,0.398,0.169,0.181,0.309,0.089,0.514,0.48,0.576,0.632,0.416,0.467
