,AAPL,ACRS,ADP,AFYA,AGNC,AGYS,ALT,AMGN,AMPH,AMZN,ANIP,AOSL,APDN,APLT,APVO,ARGX,ARLP,ATEX,ATRA,AUTL,AVDL,BCRX,BHAT,BLBD,BMRN,BNGO,BUSE,CAKE,CASY,CCOI,CEVA,CHY,CLDX,CLMT,COHU,COLM,COST,CPRT,CSWC,CSX,DBX,DCOM,DKNG,DMLP,DOX,EA,EDIT,ENPH,ENSG,ERNA,ESGR,ETNB,EXTR,FANG,FARO,FATE,FGEN,FIVE,FIVN,FLGT,FOLD,FORM,FOXA,FRPT,FSLR,FTAI,GBDC,GDYN,GGAL,GNLN,GRFS,GT,HCAT,HCM,HFWA,HOLX,HQY,HUBG,IAC,ICLR,IDCC,IEP,IHRT,ILMN,ILPT,IMAB,IMOS,INMD,INTZ,JAZZ,JKHY,JRVR,KIDS,LBRDK,LGND,LMAT,LPLA,LULU,MASI,MAT,MATW,MBIN,MBIO,MCRB,MDB,MDLZ,MELI,MIRM,MLKN,MNMD,MNRO,MPWR,MRCY,MRSN,MTVA,NAAS,NDAQ,NDSN,NEGG,NOVT,NVDA,NWE,NWSA,NXST,OCX,ODFL,OMAB,OPCH,OPRA,ORGO,OTRK,OZK,PAGP,PCH,PEGA,PENG,PENN,PFBC,PGNY,PHAT,PHUN,PINC,PLUG,PLXS,PYPL,QLYS,QNCX,QQQX,QVCGA,RAPT,RBBN,RCKT,REPL,RMBS,ROAD,ROKU,ROP,RUSHA,SANM,SATS,SBCF,SBLK,SBUX,SCHL,SCSC,SDGR,SEIC,SFIX,SGRY,SKYW,SLP,SNES,STAA,STLD,STOK,SWKS,TER,TFIN,TIGO,TILE,TPIC,TTEC,TTEK,TTGT,UXIN,VERU,VLYPP,VNOM,VRNS,VRSN,WDAY,WERN,WINA,WKHS,WRLD,XP,XTKG,YY,ZION,ZM
AAPL,0.0,0.757,-0.19,0.491,0.855,0.867,0.751,-0.735,-0.688,0.931,-0.697,0.761,0.739,0.48,0.851,-0.366,-0.752,0.754,0.878,0.517,0.466,0.87,-0.166,0.727,-0.601,0.91,0.783,0.648,-0.707,-0.089,0.927,0.527,0.245,0.066,0.822,0.676,-0.544,0.9,0.293,0.65,0.747,-0.349,0.913,-0.032,-0.077,0.917,0.833,0.62,0.65,0.828,0.674,0.806,0.875,0.019,0.922,0.828,0.618,-0.726,0.135,0.918,0.947,0.886,0.518,-0.499,0.757,0.611,-0.505,-0.424,0.844,0.733,0.406,0.647,0.888,0.818,0.301,-0.139,-0.51,0.732,0.834,-0.251,0.876,-0.606,-0.142,0.545,0.927,0.877,0.856,0.895,0.721,-0.622,-0.36,-0.004,0.83,0.442,0.924,-0.124,-0.794,-0.446,0.873,0.437,0.902,0.754,0.893,0.834,0.669,-0.562,0.907,-0.794,0.391,0.832,-0.409,0.843,0.883,-0.167,0.604,-0.664,0.241,0.791,0.014,0.903,0.921,-0.322,0.814,0.885,0.886,0.667,0.13,-0.496,0.872,0.37,0.868,0.717,-0.684,0.149,0.882,0.663,0.899,0.6,0.926,-0.316,0.884,-0.468,0.788,0.833,0.857,-0.27,0.867,0.938,0.853,0.62,0.347,0.914,-0.199,0.867,-0.438,0.926,0.398,0.668,0.504,-0.39,0.684,-0.042,0.891,0.774,0.471,0.881,0.862,0.788,-0.189,-0.319,-0.236,0.838,0.917,-0.514,0.554,0.891,0.823,0.83,-0.53,0.681,0.804,0.7,0.947,0.904,0.545,-0.774,0.776,-0.627,-0.193,0.697,0.927,0.606,0.073,0.904,-0.455,0.864,0.74,0.001,0.565,0.921
ACRS,0.757,0.0,-0.592,0.567,0.805,0.876,0.753,-0.85,-0.817,0.874,-0.679,0.877,0.853,0.295,0.757,-0.627,-0.555,0.693,0.755,0.357,0.608,0.823,-0.401,0.859,-0.729,0.743,0.844,0.611,-0.791,-0.442,0.833,0.598,-0.07,0.177,0.855,0.737,-0.774,0.631,0.247,0.698,0.711,-0.325,0.829,-0.216,-0.426,0.786,0.583,0.469,0.391,0.837,0.53,0.784,0.73,0.136,0.808,0.569,0.489,-0.689,-0.101,0.74,0.811,0.879,0.709,-0.536,0.67,0.563,-0.472,-0.704,0.774,0.839,0.036,0.651,0.707,0.703,0.302,-0.488,-0.598,0.857,0.588,-0.609,0.891,-0.725,0.079,0.094,0.785,0.79,0.892,0.827,0.808,-0.613,-0.622,-0.34,0.477,0.337,0.794,-0.484,-0.65,-0.605,0.809,0.441,0.732,0.84,0.704,0.695,0.376,-0.741,0.708,-0.839,0.207,0.881,-0.441,0.885,0.866,-0.182,0.823,-0.533,-0.026,0.599,-0.275,0.802,0.895,-0.575,0.829,0.875,0.729,0.81,-0.065,-0.49,0.638,-0.117,0.865,0.787,-0.593,0.14,0.788,0.827,0.844,0.75,0.829,-0.531,0.895,-0.555,0.639,0.834,0.729,-0.269,0.734,0.751,0.804,0.393,0.475,0.743,-0.554,0.901,-0.428,0.812,-0.098,0.795,0.637,-0.202,0.673,0.233,0.835,0.654,0.637,0.763,0.754,0.644,-0.237,-0.38,-0.456,0.861,0.786,-0.304,0.393,0.873,0.82,0.906,-0.61,0.595,0.735,0.669,0.8,0.793,0.726,-0.611,0.779,-0.51,-0.136,0.368,0.814,0.739,0.396,0.717,-0.401,0.796,0.827,0.02,0.75,0.779
ADP,-0.19,-0.592,0.0,-0.538,-0.378,-0.527,-0.446,0.663,0.545,-0.393,0.386,-0.756,-0.682,0.204,-0.254,0.823,0.095,-0.128,-0.205,0.173,-0.682,-0.253,0.66,-0.743,0.399,-0.085,-0.621,-0.417,0.535,0.938,-0.37,-0.497,0.488,-0.372,-0.668,-0.623,0.764,-0.138,-0.088,-0.618,-0.26,0.072,-0.276,0.635,0.711,-0.325,0.085,0.244,0.253,-0.451,-0.039,-0.406,-0.315,-0.552,-0.397,0.198,-0.094,0.23,0.637,-0.319,-0.252,-0.545,-0.856,0.447,-0.197,-0.156,0.161,0.823,-0.226,-0.664,0.62,-0.49,-0.09,-0.177,-0.539,0.696,0.569,-0.768,-0.031,0.644,-0.508,0.684,-0.319,0.598,-0.226,-0.395,-0.554,-0.412,-0.605,0.402,0.898,0.834,0.181,-0.024,-0.214,0.809,0.128,0.715,-0.439,-0.515,-0.306,-0.707,-0.216,-0.163,0.256,0.616,-0.187,0.597,0.142,-0.562,0.201,-0.603,-0.316,0.42,-0.632,0.09,0.604,-0.332,0.695,-0.465,-0.465,0.766,-0.584,-0.461,-0.061,-0.805,0.512,0.196,-0.095,0.728,-0.484,-0.655,0.017,-0.318,-0.381,-0.727,-0.431,-0.724,-0.325,0.811,-0.527,0.282,-0.008,-0.578,-0.16,-0.005,-0.169,-0.19,-0.367,0.117,-0.572,-0.107,0.919,-0.596,0.449,-0.288,0.657,-0.722,-0.731,-0.058,-0.464,-0.449,-0.404,-0.049,-0.732,-0.303,-0.321,-0.293,-0.005,0.08,0.583,-0.542,-0.289,-0.285,-0.025,-0.576,-0.622,-0.652,0.701,-0.344,-0.391,-0.403,-0.297,-0.287,-0.819,0.11,-0.415,0.352,0.004,0.382,-0.337,-0.783,-0.731,-0.06,0.121,-0.399,-0.612,-0.091,-0.789,-0.155
AFYA,0.491,0.567,-0.538,0.0,0.495,0.541,0.57,-0.601,-0.585,0.59,-0.501,0.723,0.634,0.339,0.574,-0.514,-0.523,0.352,0.515,0.198,0.491,0.448,-0.498,0.671,-0.3,0.354,0.71,0.276,-0.486,-0.515,0.534,0.263,0.112,0.284,0.748,0.589,-0.425,0.575,0.175,0.61,0.202,-0.226,0.429,-0.405,-0.425,0.526,0.228,0.128,0.226,0.575,0.504,0.559,0.473,0.29,0.615,0.17,0.269,-0.49,-0.518,0.566,0.548,0.636,0.693,-0.6,0.294,0.188,-0.434,-0.558,0.518,0.644,-0.172,0.44,0.319,0.433,0.456,-0.022,-0.561,0.723,0.373,-0.14,0.6,-0.64,0.059,0.091,0.576,0.545,0.683,0.639,0.576,-0.241,-0.637,-0.492,0.19,0.18,0.478,-0.589,-0.445,-0.686,0.69,0.442,0.568,0.717,0.576,0.436,0.04,-0.581,0.49,-0.589,-0.038,0.629,-0.206,0.687,0.544,-0.423,0.661,-0.443,-0.212,0.696,-0.269,0.66,0.641,-0.455,0.67,0.588,0.378,0.729,-0.421,-0.356,0.359,-0.231,0.647,0.674,-0.363,0.137,0.42,0.668,0.517,0.673,0.585,-0.521,0.617,-0.224,0.251,0.63,0.447,-0.371,0.465,0.541,0.579,0.349,0.385,0.397,-0.466,0.663,-0.603,0.461,0.002,0.659,0.546,-0.386,0.652,0.238,0.59,0.304,0.53,0.465,0.547,0.378,-0.111,-0.289,-0.531,0.653,0.587,-0.084,0.199,0.672,0.692,0.704,-0.636,0.492,0.513,0.302,0.562,0.462,0.71,-0.569,0.609,-0.352,-0.447,0.148,0.553,0.759,0.565,0.354,-0.454,0.636,0.515,-0.163,0.779,0.356
AGNC,0.855,0.805,-0.378,0.495,0.0,0.828,0.856,-0.84,-0.604,0.847,-0.883,0.793,0.816,0.387,0.75,-0.505,-0.711,0.58,0.883,0.597,0.607,0.83,-0.365,0.732,-0.496,0.875,0.718,0.538,-0.835,-0.224,0.828,0.388,0.12,-0.1,0.802,0.603,-0.727,0.821,0.059,0.575,0.711,-0.581,0.89,-0.175,-0.257,0.817,0.824,0.544,0.476,0.938,0.598,0.862,0.667,0.049,0.905,0.696,0.756,-0.784,0.08,0.773,0.901,0.824,0.617,-0.681,0.786,0.607,-0.437,-0.562,0.789,0.807,0.16,0.538,0.896,0.723,0.179,-0.292,-0.676,0.777,0.848,-0.335,0.833,-0.781,-0.278,0.366,0.827,0.808,0.844,0.906,0.791,-0.796,-0.57,-0.16,0.65,0.496,0.911,-0.39,-0.818,-0.615,0.872,0.207,0.843,0.761,0.831,0.875,0.582,-0.762,0.848,-0.799,0.225,0.92,-0.623,0.776,0.816,-0.123,0.635,-0.78,0.253,0.614,-0.052,0.83,0.906,-0.58,0.712,0.883,0.873,0.681,-0.048,-0.586,0.859,0.184,0.936,0.636,-0.772,-0.029,0.851,0.598,0.804,0.531,0.886,-0.412,0.925,-0.671,0.612,0.743,0.904,-0.306,0.898,0.835,0.824,0.635,0.158,0.828,-0.432,0.855,-0.559,0.917,0.245,0.596,0.416,-0.414,0.514,-0.107,0.885,0.782,0.416,0.905,0.758,0.741,-0.427,-0.562,-0.366,0.794,0.87,-0.617,0.657,0.878,0.729,0.855,-0.564,0.556,0.845,0.625,0.855,0.887,0.683,-0.714,0.795,-0.723,-0.222,0.457,0.926,0.613,0.113,0.856,-0.543,0.89,0.756,-0.05,0.612,0.865
AGYS,0.867,0.876,-0.527,0.541,0.828,0.0,0.855,-0.902,-0.786,0.928,-0.743,0.874,0.915,0.424,0.843,-0.545,-0.639,0.745,0.858,0.455,0.672,0.876,-0.404,0.919,-0.628,0.806,0.856,0.652,-0.857,-0.376,0.917,0.665,0.079,0.176,0.911,0.708,-0.815,0.755,0.191,0.658,0.759,-0.363,0.866,-0.168,-0.443,0.838,0.714,0.529,0.437,0.895,0.625,0.883,0.862,0.23,0.906,0.662,0.636,-0.696,0.0,0.846,0.89,0.927,0.701,-0.585,0.653,0.557,-0.561,-0.696,0.814,0.87,0.092,0.635,0.774,0.837,0.327,-0.447,-0.72,0.847,0.71,-0.578,0.964,-0.747,-0.0,0.23,0.847,0.893,0.934,0.904,0.882,-0.64,-0.645,-0.36,0.645,0.393,0.865,-0.4,-0.721,-0.671,0.89,0.512,0.866,0.863,0.852,0.808,0.482,-0.763,0.844,-0.823,0.168,0.927,-0.54,0.887,0.905,-0.146,0.719,-0.596,-0.026,0.683,-0.293,0.904,0.939,-0.619,0.843,0.919,0.73,0.791,0.059,-0.585,0.793,0.038,0.913,0.779,-0.559,0.14,0.864,0.77,0.909,0.734,0.869,-0.477,0.893,-0.645,0.735,0.908,0.792,-0.279,0.824,0.834,0.918,0.546,0.5,0.85,-0.435,0.922,-0.541,0.886,-0.006,0.786,0.68,-0.217,0.647,0.089,0.832,0.587,0.639,0.886,0.776,0.816,-0.254,-0.357,-0.484,0.911,0.806,-0.348,0.559,0.937,0.863,0.92,-0.71,0.623,0.87,0.709,0.888,0.887,0.795,-0.682,0.774,-0.603,-0.127,0.421,0.898,0.711,0.259,0.793,-0.453,0.887,0.875,0.242,0.716,0.855
ALT,0.751,0.753,-0.446,0.57,0.856,0.855,0.0,-0.906,-0.617,0.779,-0.933,0.761,0.89,0.585,0.811,-0.368,-0.776,0.646,0.926,0.716,0.728,0.852,-0.559,0.785,-0.369,0.793,0.679,0.33,-0.929,-0.241,0.777,0.33,0.174,-0.165,0.809,0.45,-0.762,0.806,-0.164,0.414,0.538,-0.69,0.803,-0.24,-0.54,0.671,0.784,0.575,0.348,0.956,0.757,0.937,0.623,0.157,0.896,0.586,0.847,-0.812,0.037,0.726,0.873,0.787,0.581,-0.817,0.565,0.391,-0.675,-0.649,0.777,0.822,0.049,0.351,0.784,0.828,0.094,-0.277,-0.883,0.735,0.789,-0.401,0.815,-0.873,-0.287,0.356,0.794,0.859,0.883,0.945,0.894,-0.683,-0.703,-0.388,0.62,0.519,0.867,-0.518,-0.844,-0.784,0.919,0.191,0.836,0.711,0.873,0.934,0.46,-0.901,0.87,-0.697,0.014,0.93,-0.786,0.705,0.844,-0.179,0.605,-0.856,0.163,0.607,-0.124,0.84,0.872,-0.687,0.61,0.856,0.735,0.639,-0.108,-0.797,0.847,0.134,0.933,0.553,-0.702,-0.191,0.757,0.566,0.733,0.491,0.821,-0.31,0.835,-0.791,0.598,0.737,0.886,-0.501,0.901,0.778,0.871,0.779,0.121,0.826,-0.362,0.797,-0.77,0.835,0.177,0.568,0.381,-0.512,0.428,-0.212,0.768,0.452,0.346,0.941,0.651,0.754,-0.567,-0.695,-0.552,0.768,0.741,-0.6,0.784,0.847,0.686,0.839,-0.723,0.441,0.94,0.458,0.806,0.864,0.816,-0.768,0.765,-0.695,-0.367,0.316,0.886,0.595,0.129,0.791,-0.723,0.919,0.692,0.213,0.599,0.769
AMGN,-0.735,-0.85,0.663,-0.601,-0.84,-0.902,-0.906,0.0,0.803,-0.834,0.874,-0.885,-0.946,-0.374,-0.797,0.617,0.675,-0.618,-0.831,-0.466,-0.738,-0.814,0.55,-0.899,0.619,-0.744,-0.813,-0.542,0.954,0.489,-0.842,-0.57,0.11,-0.07,-0.907,-0.643,0.91,-0.705,-0.077,-0.628,-0.584,0.491,-0.8,0.294,0.614,-0.738,-0.629,-0.416,-0.315,-0.922,-0.659,-0.922,-0.711,-0.282,-0.896,-0.467,-0.632,0.784,0.159,-0.76,-0.835,-0.883,-0.734,0.747,-0.604,-0.466,0.617,0.82,-0.783,-0.896,0.029,-0.557,-0.708,-0.769,-0.306,0.497,0.839,-0.88,-0.635,0.626,-0.879,0.884,0.064,-0.118,-0.802,-0.867,-0.933,-0.9,-0.95,0.758,0.8,0.502,-0.515,-0.303,-0.78,0.587,0.768,0.825,-0.874,-0.382,-0.824,-0.853,-0.783,-0.794,-0.342,0.877,-0.794,0.878,-0.036,-0.934,0.67,-0.837,-0.838,0.35,-0.752,0.692,0.105,-0.638,0.378,-0.876,-0.913,0.719,-0.756,-0.923,-0.683,-0.813,0.107,0.691,-0.717,0.125,-0.926,-0.746,0.599,-0.044,-0.798,-0.741,-0.823,-0.702,-0.845,0.59,-0.889,0.705,-0.579,-0.849,-0.777,0.411,-0.817,-0.767,-0.843,-0.517,-0.333,-0.765,0.588,-0.903,0.688,-0.812,0.081,-0.763,-0.615,0.34,-0.587,-0.056,-0.824,-0.461,-0.585,-0.867,-0.719,-0.703,0.384,0.512,0.588,-0.854,-0.769,0.367,-0.555,-0.914,-0.815,-0.934,0.838,-0.554,-0.861,-0.603,-0.825,-0.836,-0.885,0.72,-0.811,0.703,0.278,-0.253,-0.85,-0.749,-0.296,-0.732,0.542,-0.863,-0.789,-0.119,-0.747,-0.715
AMPH,-0.688,-0.817,0.545,-0.585,-0.604,-0.786,-0.617,0.803,0.0,-0.819,0.558,-0.797,-0.763,-0.32,-0.769,0.552,0.615,-0.696,-0.653,-0.192,-0.458,-0.74,0.232,-0.816,0.859,-0.646,-0.85,-0.65,0.732,0.435,-0.834,-0.699,0.196,-0.365,-0.831,-0.722,0.69,-0.579,-0.49,-0.745,-0.513,0.121,-0.711,0.165,0.396,-0.73,-0.399,-0.33,-0.511,-0.675,-0.619,-0.718,-0.783,-0.146,-0.766,-0.424,-0.218,0.693,0.258,-0.756,-0.742,-0.858,-0.617,0.455,-0.519,-0.431,0.595,0.663,-0.747,-0.72,-0.17,-0.679,-0.53,-0.713,-0.442,0.403,0.543,-0.814,-0.381,0.625,-0.83,0.602,-0.164,-0.105,-0.812,-0.78,-0.868,-0.736,-0.765,0.543,0.537,0.272,-0.466,-0.027,-0.62,0.394,0.648,0.593,-0.709,-0.565,-0.731,-0.806,-0.629,-0.534,-0.215,0.569,-0.637,0.876,-0.213,-0.707,0.264,-0.87,-0.805,0.47,-0.744,0.415,0.258,-0.726,0.36,-0.788,-0.825,0.336,-0.813,-0.842,-0.614,-0.794,-0.043,0.478,-0.506,0.207,-0.738,-0.845,0.501,-0.296,-0.686,-0.84,-0.83,-0.797,-0.802,0.556,-0.77,0.357,-0.603,-0.849,-0.564,0.412,-0.637,-0.754,-0.719,-0.26,-0.544,-0.688,0.441,-0.866,0.439,-0.673,0.109,-0.857,-0.714,0.237,-0.772,-0.34,-0.791,-0.453,-0.682,-0.639,-0.764,-0.499,0.022,0.184,0.49,-0.85,-0.754,0.124,-0.151,-0.813,-0.826,-0.851,0.738,-0.674,-0.579,-0.592,-0.798,-0.692,-0.637,0.687,-0.746,0.498,0.279,-0.402,-0.659,-0.743,-0.395,-0.641,0.326,-0.656,-0.666,0.065,-0.695,-0.617
AMZN,0.931,0.874,-0.393,0.59,0.847,0.928,0.779,-0.834,-0.819,0.0,-0.71,0.851,0.826,0.392,0.849,-0.51,-0.693,0.751,0.86,0.412,0.502,0.869,-0.255,0.833,-0.717,0.866,0.88,0.698,-0.765,-0.278,0.945,0.655,0.069,0.15,0.893,0.768,-0.683,0.817,0.388,0.705,0.804,-0.278,0.92,-0.106,-0.265,0.913,0.73,0.606,0.592,0.848,0.657,0.843,0.894,0.074,0.912,0.733,0.531,-0.717,0.03,0.91,0.916,0.938,0.624,-0.506,0.786,0.605,-0.509,-0.572,0.883,0.791,0.259,0.725,0.834,0.818,0.343,-0.332,-0.562,0.824,0.766,-0.442,0.953,-0.647,0.02,0.38,0.918,0.859,0.918,0.897,0.802,-0.635,-0.498,-0.18,0.699,0.398,0.885,-0.284,-0.738,-0.538,0.889,0.524,0.858,0.863,0.848,0.78,0.586,-0.645,0.895,-0.881,0.309,0.879,-0.42,0.926,0.927,-0.214,0.737,-0.605,0.103,0.78,-0.132,0.908,0.965,-0.433,0.879,0.922,0.824,0.773,0.091,-0.512,0.805,0.146,0.903,0.824,-0.656,0.242,0.899,0.775,0.945,0.742,0.934,-0.457,0.917,-0.53,0.819,0.893,0.839,-0.277,0.846,0.916,0.919,0.524,0.498,0.871,-0.363,0.941,-0.438,0.937,0.167,0.782,0.644,-0.267,0.724,0.147,0.914,0.72,0.617,0.858,0.905,0.801,-0.187,-0.322,-0.343,0.933,0.913,-0.398,0.451,0.938,0.887,0.915,-0.617,0.706,0.805,0.761,0.948,0.914,0.663,-0.749,0.814,-0.59,-0.13,0.634,0.932,0.695,0.225,0.848,-0.395,0.872,0.822,0.032,0.714,0.9
ANIP,-0.697,-0.679,0.386,-0.501,-0.883,-0.743,-0.933,0.874,0.558,-0.71,0.0,-0.687,-0.826,-0.526,-0.74,0.406,0.779,-0.526,-0.889,-0.731,-0.612,-0.794,0.525,-0.667,0.368,-0.774,-0.597,-0.281,0.911,0.183,-0.704,-0.22,-0.083,0.292,-0.727,-0.358,0.755,-0.772,0.189,-0.379,-0.45,0.738,-0.757,0.19,0.502,-0.646,-0.783,-0.53,-0.332,-0.925,-0.717,-0.917,-0.509,-0.073,-0.857,-0.517,-0.821,0.855,-0.023,-0.632,-0.827,-0.708,-0.519,0.862,-0.591,-0.349,0.639,0.629,-0.732,-0.769,-0.066,-0.28,-0.767,-0.714,-0.052,0.234,0.839,-0.674,-0.784,0.383,-0.71,0.858,0.38,-0.364,-0.763,-0.763,-0.815,-0.88,-0.841,0.784,0.642,0.315,-0.584,-0.427,-0.81,0.511,0.871,0.762,-0.833,-0.007,-0.781,-0.656,-0.806,-0.901,-0.425,0.873,-0.811,0.698,0.04,-0.882,0.832,-0.626,-0.762,0.258,-0.575,0.905,-0.22,-0.524,0.046,-0.758,-0.826,0.627,-0.531,-0.834,-0.741,-0.563,0.106,0.802,-0.816,-0.126,-0.899,-0.479,0.774,0.28,-0.69,-0.461,-0.647,-0.407,-0.787,0.322,-0.807,0.805,-0.525,-0.628,-0.876,0.546,-0.885,-0.732,-0.779,-0.747,0.072,-0.772,0.376,-0.735,0.772,-0.791,-0.235,-0.453,-0.258,0.576,-0.365,0.298,-0.747,-0.48,-0.224,-0.882,-0.603,-0.647,0.654,0.755,0.528,-0.676,-0.733,0.673,-0.77,-0.784,-0.595,-0.779,0.687,-0.348,-0.871,-0.373,-0.751,-0.803,-0.74,0.774,-0.74,0.736,0.438,-0.285,-0.839,-0.524,-0.006,-0.783,0.719,-0.861,-0.61,-0.022,-0.541,-0.698
AOSL,0.761,0.877,-0.756,0.723,0.793,0.874,0.761,-0.885,-0.797,0.851,-0.687,0.0,0.903,0.189,0.724,-0.783,-0.567,0.568,0.693,0.217,0.726,0.715,-0.548,0.951,-0.633,0.629,0.927,0.654,-0.774,-0.669,0.824,0.616,-0.154,0.29,0.968,0.853,-0.81,0.686,0.261,0.829,0.619,-0.257,0.748,-0.453,-0.48,0.807,0.46,0.216,0.265,0.82,0.469,0.773,0.753,0.36,0.852,0.401,0.437,-0.618,-0.364,0.798,0.772,0.922,0.902,-0.626,0.603,0.475,-0.436,-0.807,0.687,0.907,-0.141,0.738,0.618,0.616,0.567,-0.477,-0.677,0.979,0.547,-0.533,0.887,-0.833,0.111,-0.021,0.756,0.817,0.912,0.848,0.836,-0.637,-0.804,-0.546,0.408,0.327,0.741,-0.616,-0.591,-0.756,0.867,0.619,0.776,0.959,0.716,0.632,0.23,-0.754,0.691,-0.897,0.155,0.896,-0.357,0.942,0.779,-0.417,0.822,-0.498,-0.225,0.756,-0.422,0.883,0.894,-0.675,0.923,0.862,0.614,0.967,-0.302,-0.432,0.598,-0.245,0.874,0.902,-0.454,0.304,0.787,0.913,0.84,0.88,0.813,-0.741,0.914,-0.42,0.478,0.906,0.646,-0.196,0.658,0.728,0.777,0.318,0.595,0.643,-0.729,0.947,-0.586,0.768,-0.14,0.91,0.797,-0.234,0.78,0.27,0.84,0.557,0.776,0.742,0.777,0.664,-0.112,-0.273,-0.547,0.879,0.801,-0.145,0.355,0.947,0.945,0.962,-0.795,0.669,0.75,0.684,0.798,0.744,0.88,-0.586,0.788,-0.606,-0.18,0.208,0.809,0.928,0.567,0.596,-0.39,0.83,0.861,-0.016,0.912,0.674
APDN,0.739,0.853,-0.682,0.634,0.816,0.915,0.89,-0.946,-0.763,0.826,-0.826,0.903,0.0,0.391,0.812,-0.638,-0.623,0.594,0.804,0.433,0.767,0.799,-0.584,0.911,-0.573,0.709,0.816,0.525,-0.915,-0.537,0.835,0.589,-0.032,0.166,0.923,0.66,-0.88,0.689,0.061,0.639,0.607,-0.46,0.784,-0.257,-0.62,0.733,0.601,0.393,0.301,0.91,0.619,0.9,0.721,0.357,0.888,0.462,0.622,-0.743,-0.175,0.75,0.814,0.887,0.776,-0.714,0.577,0.473,-0.562,-0.844,0.776,0.935,-0.072,0.569,0.679,0.74,0.328,-0.497,-0.826,0.883,0.621,-0.598,0.885,-0.879,-0.058,0.081,0.782,0.841,0.926,0.89,0.933,-0.685,-0.822,-0.532,0.483,0.317,0.783,-0.599,-0.709,-0.814,0.871,0.415,0.807,0.863,0.801,0.775,0.322,-0.872,0.761,-0.827,0.062,0.935,-0.634,0.852,0.836,-0.297,0.753,-0.637,-0.138,0.632,-0.404,0.875,0.907,-0.751,0.788,0.908,0.65,0.825,-0.104,-0.626,0.685,-0.151,0.912,0.744,-0.539,0.053,0.781,0.771,0.822,0.725,0.816,-0.588,0.887,-0.67,0.561,0.864,0.738,-0.344,0.788,0.751,0.845,0.518,0.39,0.733,-0.601,0.902,-0.666,0.791,-0.118,0.776,0.671,-0.303,0.587,0.113,0.8,0.468,0.621,0.844,0.712,0.689,-0.333,-0.458,-0.586,0.857,0.747,-0.286,0.538,0.921,0.833,0.933,-0.824,0.573,0.858,0.595,0.814,0.816,0.894,-0.653,0.801,-0.638,-0.226,0.224,0.837,0.758,0.329,0.694,-0.511,0.858,0.821,0.135,0.763,0.702
APLT,0.48,0.295,0.204,0.339,0.387,0.424,0.585,-0.374,-0.32,0.392,-0.526,0.189,0.391,0.0,0.704,0.236,-0.716,0.542,0.69,0.813,0.213,0.597,-0.12,0.278,-0.045,0.556,0.223,-0.169,-0.497,0.374,0.403,-0.093,0.655,-0.237,0.289,-0.093,-0.186,0.597,-0.273,-0.084,0.086,-0.594,0.432,0.252,-0.152,0.321,0.66,0.63,0.472,0.538,0.738,0.602,0.314,-0.151,0.533,0.572,0.648,-0.654,0.285,0.343,0.603,0.322,-0.018,-0.519,0.08,0.051,-0.729,-0.132,0.566,0.351,0.391,-0.155,0.471,0.699,-0.288,0.313,-0.522,0.131,0.557,-0.001,0.367,-0.344,-0.462,0.689,0.579,0.536,0.472,0.571,0.426,-0.163,-0.071,0.097,0.575,0.312,0.571,-0.074,-0.71,-0.364,0.543,-0.141,0.556,0.167,0.695,0.71,0.317,-0.467,0.571,-0.165,-0.105,0.45,-0.537,0.217,0.581,0.079,0.239,-0.709,0.375,0.336,0.3,0.411,0.46,-0.09,0.179,0.461,0.55,0.038,0.2,-0.71,0.593,0.443,0.485,0.054,-0.579,-0.508,0.225,0.057,0.321,0.0,0.468,0.344,0.327,-0.5,0.474,0.281,0.616,-0.739,0.66,0.549,0.559,0.838,-0.264,0.651,0.363,0.289,-0.522,0.445,0.516,0.055,-0.129,-0.623,0.156,-0.47,0.311,0.224,-0.211,0.569,0.274,0.366,-0.555,-0.627,-0.395,0.345,0.404,-0.642,0.662,0.346,0.184,0.305,-0.292,0.077,0.547,-0.091,0.477,0.49,0.252,-0.726,0.348,-0.227,-0.628,0.42,0.471,0.044,-0.219,0.608,-0.72,0.564,0.212,0.126,0.031,0.489
APVO,0.851,0.757,-0.254,0.574,0.75,0.843,0.811,-0.797,-0.769,0.849,-0.74,0.724,0.812,0.704,0.0,-0.299,-0.815,0.783,0.896,0.601,0.5,0.896,-0.286,0.741,-0.587,0.835,0.739,0.437,-0.799,-0.104,0.885,0.465,0.257,0.108,0.805,0.508,-0.595,0.81,0.165,0.5,0.541,-0.455,0.801,0.063,-0.312,0.762,0.758,0.629,0.626,0.841,0.8,0.882,0.793,0.055,0.893,0.73,0.624,-0.818,0.057,0.811,0.909,0.851,0.472,-0.608,0.567,0.505,-0.726,-0.539,0.891,0.771,0.326,0.464,0.773,0.876,0.169,-0.126,-0.648,0.679,0.697,-0.374,0.856,-0.678,-0.196,0.51,0.913,0.874,0.89,0.899,0.785,-0.545,-0.447,-0.146,0.739,0.3,0.868,-0.245,-0.845,-0.608,0.874,0.31,0.871,0.709,0.923,0.85,0.51,-0.693,0.854,-0.744,0.14,0.823,-0.543,0.785,0.913,-0.234,0.65,-0.72,0.108,0.712,-0.084,0.859,0.899,-0.368,0.719,0.888,0.784,0.606,0.129,-0.638,0.773,0.207,0.843,0.623,-0.668,-0.055,0.729,0.629,0.803,0.567,0.89,-0.277,0.807,-0.557,0.711,0.796,0.803,-0.536,0.874,0.88,0.839,0.689,0.248,0.893,-0.168,0.821,-0.556,0.808,0.271,0.633,0.466,-0.453,0.606,-0.062,0.795,0.581,0.399,0.857,0.756,0.656,-0.308,-0.467,-0.412,0.8,0.832,-0.49,0.554,0.832,0.752,0.811,-0.643,0.571,0.783,0.48,0.877,0.845,0.637,-0.862,0.765,-0.561,-0.41,0.584,0.847,0.556,0.082,0.822,-0.598,0.859,0.668,0.041,0.536,0.777
ARGX,-0.366,-0.627,0.823,-0.514,-0.505,-0.545,-0.368,0.617,0.552,-0.51,0.406,-0.783,-0.638,0.236,-0.299,0.0,0.181,-0.13,-0.269,0.14,-0.451,-0.317,0.507,-0.717,0.541,-0.193,-0.713,-0.518,0.464,0.8,-0.45,-0.475,0.441,-0.335,-0.682,-0.684,0.717,-0.279,-0.242,-0.724,-0.352,-0.034,-0.346,0.488,0.481,-0.553,-0.055,0.204,0.097,-0.468,-0.034,-0.445,-0.41,-0.385,-0.468,0.043,-0.087,0.279,0.565,-0.393,-0.349,-0.605,-0.842,0.469,-0.358,-0.255,0.151,0.763,-0.264,-0.71,0.463,-0.578,-0.213,-0.095,-0.672,0.524,0.412,-0.776,-0.175,0.574,-0.549,0.649,-0.236,0.435,-0.362,-0.39,-0.572,-0.426,-0.534,0.49,0.7,0.63,-0.001,-0.012,-0.319,0.662,0.222,0.629,-0.468,-0.482,-0.385,-0.789,-0.305,-0.197,0.155,0.524,-0.235,0.691,0.078,-0.593,0.124,-0.669,-0.373,0.453,-0.733,0.147,0.47,-0.413,0.532,-0.514,-0.544,0.597,-0.709,-0.54,-0.206,-0.811,0.43,0.112,-0.186,0.564,-0.547,-0.723,0.125,-0.342,-0.437,-0.722,-0.486,-0.789,-0.428,0.847,-0.61,0.23,-0.098,-0.586,-0.232,-0.027,-0.222,-0.302,-0.38,0.123,-0.536,-0.185,0.863,-0.649,0.396,-0.385,0.427,-0.705,-0.708,-0.029,-0.605,-0.36,-0.502,-0.331,-0.74,-0.309,-0.426,-0.302,-0.016,0.024,0.504,-0.55,-0.476,-0.179,-0.048,-0.627,-0.694,-0.676,0.633,-0.374,-0.386,-0.456,-0.385,-0.307,-0.712,0.187,-0.44,0.348,0.048,0.185,-0.434,-0.783,-0.606,-0.173,0.12,-0.481,-0.691,0.212,-0.836,-0.264
ARLP,-0.752,-0.555,0.095,-0.523,-0.711,-0.639,-0.776,0.675,0.615,-0.693,0.779,-0.567,-0.623,-0.716,-0.815,0.181,0.0,-0.62,-0.866,-0.716,-0.328,-0.786,0.262,-0.567,0.387,-0.749,-0.601,-0.219,0.711,-0.073,-0.706,-0.14,-0.269,0.213,-0.645,-0.304,0.445,-0.862,-0.037,-0.349,-0.289,0.564,-0.671,0.057,0.219,-0.693,-0.733,-0.521,-0.588,-0.763,-0.824,-0.823,-0.57,0.19,-0.832,-0.597,-0.645,0.848,-0.018,-0.681,-0.838,-0.67,-0.32,0.759,-0.455,-0.298,0.767,0.358,-0.709,-0.59,-0.357,-0.247,-0.705,-0.743,-0.133,-0.135,0.653,-0.541,-0.726,0.153,-0.645,0.673,0.479,-0.64,-0.842,-0.782,-0.765,-0.832,-0.652,0.53,0.33,0.04,-0.725,-0.346,-0.773,0.267,0.928,0.615,-0.823,-0.111,-0.838,-0.572,-0.838,-0.828,-0.37,0.624,-0.791,0.62,-0.031,-0.706,0.509,-0.589,-0.756,0.336,-0.454,0.854,-0.246,-0.723,-0.196,-0.743,-0.763,0.205,-0.514,-0.747,-0.754,-0.459,0.064,0.743,-0.794,-0.297,-0.778,-0.475,0.777,0.169,-0.568,-0.436,-0.608,-0.371,-0.804,0.137,-0.683,0.512,-0.528,-0.605,-0.794,0.719,-0.831,-0.809,-0.726,-0.764,0.044,-0.785,0.034,-0.665,0.74,-0.707,-0.562,-0.429,-0.193,0.68,-0.52,0.346,-0.705,-0.486,-0.153,-0.779,-0.625,-0.548,0.439,0.564,0.448,-0.622,-0.797,0.674,-0.63,-0.698,-0.593,-0.661,0.612,-0.415,-0.713,-0.218,-0.767,-0.71,-0.527,0.904,-0.657,0.653,0.674,-0.518,-0.753,-0.466,0.03,-0.775,0.773,-0.805,-0.48,0.107,-0.411,-0.662
ATEX,0.754,0.693,-0.128,0.352,0.58,0.745,0.646,-0.618,-0.696,0.751,-0.526,0.568,0.594,0.542,0.783,-0.13,-0.62,0.0,0.759,0.54,0.415,0.866,-0.128,0.626,-0.609,0.769,0.626,0.448,-0.634,0.041,0.778,0.418,0.223,0.112,0.637,0.429,-0.406,0.646,0.213,0.459,0.515,-0.301,0.728,0.038,-0.191,0.646,0.685,0.627,0.591,0.684,0.688,0.661,0.733,0.012,0.703,0.739,0.516,-0.68,0.142,0.73,0.814,0.7,0.295,-0.39,0.455,0.416,-0.649,-0.364,0.698,0.555,0.376,0.402,0.657,0.828,0.073,-0.071,-0.458,0.555,0.536,-0.368,0.764,-0.449,-0.078,0.452,0.812,0.787,0.761,0.746,0.637,-0.401,-0.242,-0.007,0.776,0.323,0.777,-0.072,-0.687,-0.376,0.708,0.319,0.719,0.544,0.718,0.711,0.483,-0.501,0.697,-0.575,0.274,0.671,-0.382,0.665,0.842,-0.097,0.475,-0.54,0.147,0.603,-0.022,0.706,0.738,-0.164,0.623,0.744,0.681,0.498,0.244,-0.496,0.695,0.293,0.691,0.554,-0.56,-0.017,0.631,0.586,0.719,0.483,0.761,-0.105,0.671,-0.439,0.73,0.698,0.653,-0.415,0.717,0.734,0.695,0.565,0.288,0.854,-0.021,0.677,-0.37,0.71,0.236,0.586,0.385,-0.315,0.567,-0.03,0.686,0.522,0.341,0.725,0.648,0.552,-0.171,-0.342,-0.274,0.724,0.689,-0.449,0.467,0.658,0.609,0.669,-0.455,0.496,0.63,0.498,0.766,0.718,0.443,-0.734,0.665,-0.373,-0.279,0.578,0.682,0.469,0.045,0.758,-0.474,0.665,0.571,0.176,0.391,0.751
ATRA,0.878,0.755,-0.205,0.515,0.883,0.858,0.926,-0.831,-0.653,0.86,-0.889,0.693,0.804,0.69,0.896,-0.269,-0.866,0.759,0.0,0.783,0.525,0.931,-0.334,0.712,-0.467,0.919,0.683,0.385,-0.866,-0.009,0.856,0.336,0.312,-0.163,0.768,0.432,-0.641,0.886,-0.002,0.416,0.601,-0.639,0.875,-0.002,-0.321,0.788,0.914,0.724,0.588,0.938,0.825,0.939,0.719,-0.024,0.932,0.792,0.832,-0.873,0.188,0.79,0.964,0.808,0.437,-0.731,0.647,0.491,-0.718,-0.499,0.866,0.753,0.321,0.376,0.887,0.892,0.055,-0.113,-0.742,0.66,0.872,-0.324,0.843,-0.738,-0.346,0.589,0.914,0.879,0.885,0.951,0.815,-0.66,-0.459,-0.115,0.804,0.48,0.946,-0.285,-0.933,-0.631,0.915,0.157,0.901,0.677,0.941,0.975,0.604,-0.775,0.929,-0.708,0.126,0.896,-0.711,0.723,0.916,-0.124,0.579,-0.88,0.313,0.657,0.062,0.85,0.909,-0.448,0.634,0.893,0.878,0.554,0.096,-0.766,0.929,0.345,0.928,0.55,-0.801,-0.191,0.779,0.525,0.786,0.452,0.904,-0.187,0.845,-0.736,0.746,0.742,0.946,-0.562,0.974,0.892,0.903,0.834,0.083,0.945,-0.145,0.803,-0.652,0.903,0.389,0.52,0.317,-0.53,0.487,-0.252,0.822,0.636,0.274,0.955,0.729,0.759,-0.525,-0.652,-0.421,0.79,0.847,-0.712,0.766,0.84,0.682,0.809,-0.604,0.496,0.899,0.473,0.889,0.907,0.647,-0.886,0.779,-0.658,-0.415,0.579,0.92,0.5,-0.027,0.922,-0.713,0.925,0.672,0.1,0.499,0.876
AUTL,0.517,0.357,0.173,0.198,0.597,0.455,0.716,-0.466,-0.192,0.412,-0.731,0.217,0.433,0.813,0.601,0.14,-0.716,0.54,0.783,0.0,0.303,0.678,-0.254,0.277,-0.0,0.655,0.189,-0.158,-0.612,0.4,0.394,-0.213,0.586,-0.528,0.279,-0.149,-0.305,0.641,-0.487,-0.111,0.188,-0.813,0.522,0.119,-0.236,0.363,0.833,0.687,0.349,0.685,0.686,0.664,0.245,-0.227,0.571,0.615,0.893,-0.714,0.416,0.323,0.662,0.307,-0.002,-0.675,0.245,0.117,-0.67,-0.165,0.499,0.392,0.287,-0.218,0.618,0.662,-0.398,0.252,-0.624,0.168,0.722,-0.044,0.379,-0.498,-0.657,0.665,0.569,0.544,0.483,0.638,0.495,-0.4,-0.149,0.049,0.638,0.517,0.679,-0.167,-0.788,-0.419,0.591,-0.328,0.566,0.172,0.696,0.846,0.433,-0.619,0.633,-0.195,-0.157,0.579,-0.775,0.181,0.588,0.168,0.202,-0.879,0.564,0.22,0.377,0.413,0.497,-0.265,0.119,0.504,0.634,0.039,0.123,-0.785,0.753,0.532,0.602,-0.01,-0.736,-0.677,0.332,-0.012,0.306,-0.076,0.507,0.312,0.424,-0.734,0.473,0.218,0.759,-0.657,0.752,0.52,0.567,0.928,-0.455,0.702,0.237,0.302,-0.617,0.564,0.567,-0.023,-0.265,-0.653,0.022,-0.681,0.369,0.341,-0.286,0.687,0.25,0.467,-0.785,-0.839,-0.388,0.341,0.443,-0.882,0.906,0.375,0.138,0.344,-0.26,-0.035,0.677,-0.018,0.482,0.562,0.328,-0.697,0.392,-0.387,-0.557,0.354,0.595,0.037,-0.36,0.703,-0.823,0.651,0.289,0.163,0.041,0.603
AVDL,0.466,0.608,-0.682,0.491,0.607,0.672,0.728,-0.738,-0.458,0.502,-0.612,0.726,0.767,0.213,0.5,-0.451,-0.328,0.415,0.525,0.303,0.0,0.522,-0.558,0.727,-0.248,0.451,0.584,0.368,-0.714,-0.572,0.553,0.364,-0.028,0.216,0.714,0.526,-0.686,0.481,-0.16,0.497,0.412,-0.442,0.534,-0.47,-0.546,0.406,0.371,0.119,0.039,0.714,0.393,0.597,0.425,0.467,0.625,0.232,0.553,-0.474,-0.204,0.533,0.552,0.612,0.724,-0.565,0.338,0.359,-0.272,-0.686,0.46,0.73,-0.268,0.404,0.455,0.554,0.255,-0.419,-0.73,0.74,0.403,-0.373,0.628,-0.742,-0.005,-0.143,0.47,0.671,0.664,0.681,0.761,-0.529,-0.826,-0.582,0.259,0.415,0.561,-0.598,-0.419,-0.697,0.671,0.36,0.584,0.631,0.506,0.571,0.182,-0.714,0.514,-0.556,0.092,0.73,-0.499,0.591,0.54,-0.126,0.495,-0.449,-0.19,0.447,-0.487,0.667,0.612,-0.77,0.583,0.622,0.397,0.699,-0.31,-0.398,0.483,-0.192,0.683,0.548,-0.303,0.037,0.581,0.611,0.565,0.532,0.548,-0.493,0.669,-0.461,0.22,0.641,0.493,-0.099,0.524,0.456,0.547,0.362,0.304,0.472,-0.627,0.647,-0.557,0.528,-0.231,0.649,0.528,-0.204,0.396,0.12,0.572,0.247,0.508,0.652,0.455,0.511,-0.216,-0.386,-0.518,0.619,0.463,-0.153,0.471,0.683,0.594,0.714,-0.664,0.476,0.668,0.466,0.54,0.598,0.794,-0.354,0.64,-0.557,-0.088,-0.078,0.588,0.678,0.396,0.409,-0.375,0.612,0.649,0.297,0.617,0.48
BCRX,0.87,0.823,-0.253,0.448,0.83,0.876,0.852,-0.814,-0.74,0.869,-0.794,0.715,0.799,0.597,0.896,-0.317,-0.786,0.866,0.931,0.678,0.522,0.0,-0.299,0.733,-0.61,0.902,0.706,0.477,-0.835,-0.052,0.89,0.419,0.215,-0.031,0.773,0.484,-0.623,0.784,0.099,0.501,0.633,-0.548,0.863,0.012,-0.329,0.767,0.847,0.701,0.601,0.898,0.752,0.881,0.754,-0.042,0.883,0.786,0.717,-0.855,0.151,0.794,0.945,0.837,0.435,-0.639,0.641,0.524,-0.697,-0.509,0.832,0.748,0.309,0.42,0.832,0.871,0.072,-0.185,-0.682,0.692,0.756,-0.439,0.87,-0.699,-0.292,0.484,0.908,0.876,0.901,0.915,0.791,-0.623,-0.425,-0.108,0.784,0.36,0.923,-0.268,-0.881,-0.57,0.865,0.207,0.857,0.674,0.881,0.9,0.577,-0.748,0.852,-0.737,0.175,0.875,-0.622,0.774,0.941,-0.123,0.609,-0.763,0.212,0.627,-0.037,0.832,0.906,-0.423,0.682,0.898,0.841,0.6,0.151,-0.666,0.849,0.243,0.886,0.588,-0.767,-0.132,0.782,0.634,0.805,0.504,0.901,-0.244,0.84,-0.687,0.739,0.774,0.86,-0.509,0.909,0.859,0.833,0.71,0.189,0.942,-0.189,0.825,-0.561,0.864,0.264,0.598,0.391,-0.452,0.544,-0.12,0.833,0.666,0.357,0.902,0.711,0.665,-0.403,-0.537,-0.371,0.822,0.839,-0.604,0.648,0.821,0.708,0.821,-0.576,0.519,0.807,0.518,0.881,0.883,0.619,-0.832,0.793,-0.598,-0.351,0.56,0.876,0.542,0.042,0.895,-0.645,0.855,0.714,0.087,0.493,0.876
BHAT,-0.166,-0.401,0.66,-0.498,-0.365,-0.404,-0.559,0.55,0.232,-0.255,0.525,-0.548,-0.584,-0.12,-0.286,0.507,0.262,-0.128,-0.334,-0.254,-0.558,-0.299,0.0,-0.541,-0.022,-0.095,-0.346,0.072,0.505,0.569,-0.199,-0.017,0.105,0.151,-0.484,-0.193,0.559,-0.219,0.392,-0.215,-0.016,0.471,-0.172,0.494,0.75,-0.183,-0.131,0.026,0.372,-0.488,-0.131,-0.443,-0.111,-0.417,-0.357,0.112,-0.41,0.317,0.473,-0.153,-0.26,-0.353,-0.563,0.672,-0.011,0.167,0.4,0.647,-0.159,-0.566,0.591,-0.013,-0.087,-0.19,-0.163,0.313,0.7,-0.489,-0.242,0.359,-0.322,0.699,0.118,0.262,-0.173,-0.301,-0.46,-0.448,-0.49,0.249,0.727,0.798,0.077,-0.222,-0.269,0.763,0.266,0.712,-0.457,-0.117,-0.235,-0.442,-0.338,-0.359,0.239,0.743,-0.237,0.304,0.449,-0.544,0.519,-0.349,-0.29,0.338,-0.469,0.419,0.187,-0.159,0.292,-0.332,-0.38,0.75,-0.283,-0.332,-0.059,-0.493,0.589,0.445,-0.211,0.412,-0.472,-0.263,0.14,0.203,-0.182,-0.391,-0.17,-0.337,-0.206,0.409,-0.381,0.462,0.037,-0.335,-0.278,0.301,-0.253,-0.096,-0.35,-0.281,-0.106,-0.149,0.572,-0.366,0.653,-0.24,0.31,-0.333,-0.292,0.301,-0.146,0.036,-0.22,-0.002,-0.271,-0.346,-0.084,-0.294,0.462,0.464,0.623,-0.36,-0.183,0.101,-0.433,-0.416,-0.368,-0.458,0.526,0.04,-0.464,-0.07,-0.173,-0.227,-0.735,0.273,-0.297,0.252,0.331,0.393,-0.356,-0.506,-0.491,-0.086,0.509,-0.477,-0.413,-0.168,-0.554,-0.13
BLBD,0.727,0.859,-0.743,0.671,0.732,0.919,0.785,-0.899,-0.816,0.833,-0.667,0.951,0.911,0.278,0.741,-0.717,-0.567,0.626,0.712,0.277,0.727,0.733,-0.541,0.0,-0.603,0.607,0.924,0.607,-0.81,-0.624,0.815,0.663,-0.088,0.306,0.943,0.78,-0.85,0.662,0.214,0.746,0.587,-0.241,0.717,-0.398,-0.547,0.775,0.47,0.243,0.248,0.812,0.515,0.8,0.788,0.397,0.839,0.404,0.478,-0.597,-0.303,0.768,0.767,0.896,0.856,-0.625,0.49,0.419,-0.533,-0.817,0.666,0.894,-0.146,0.666,0.577,0.692,0.529,-0.493,-0.745,0.928,0.509,-0.607,0.907,-0.805,0.132,-0.017,0.748,0.846,0.911,0.831,0.871,-0.568,-0.789,-0.584,0.434,0.318,0.716,-0.6,-0.597,-0.8,0.856,0.649,0.794,0.938,0.729,0.645,0.176,-0.764,0.685,-0.836,0.052,0.88,-0.396,0.89,0.799,-0.332,0.794,-0.478,-0.289,0.717,-0.46,0.865,0.865,-0.683,0.876,0.848,0.554,0.913,-0.186,-0.52,0.603,-0.229,0.854,0.871,-0.399,0.258,0.747,0.862,0.833,0.869,0.774,-0.645,0.846,-0.491,0.523,0.908,0.625,-0.262,0.656,0.699,0.815,0.363,0.612,0.669,-0.637,0.909,-0.614,0.747,-0.18,0.89,0.797,-0.168,0.745,0.208,0.757,0.433,0.766,0.749,0.72,0.706,-0.143,-0.27,-0.636,0.878,0.721,-0.133,0.411,0.92,0.903,0.931,-0.831,0.606,0.783,0.653,0.786,0.73,0.904,-0.585,0.726,-0.538,-0.199,0.185,0.778,0.868,0.516,0.592,-0.413,0.835,0.867,0.163,0.872,0.663
BMRN,-0.601,-0.729,0.399,-0.3,-0.496,-0.628,-0.369,0.619,0.859,-0.717,0.368,-0.633,-0.573,-0.045,-0.587,0.541,0.387,-0.609,-0.467,-0.0,-0.248,-0.61,-0.022,-0.603,0.0,-0.589,-0.714,-0.758,0.546,0.336,-0.747,-0.73,0.375,-0.38,-0.658,-0.684,0.558,-0.394,-0.622,-0.727,-0.564,-0.091,-0.644,0.001,0.19,-0.691,-0.32,-0.275,-0.523,-0.491,-0.415,-0.529,-0.693,-0.028,-0.584,-0.405,-0.029,0.542,0.125,-0.649,-0.594,-0.74,-0.456,0.196,-0.597,-0.56,0.341,0.525,-0.648,-0.564,-0.278,-0.729,-0.494,-0.513,-0.402,0.44,0.212,-0.677,-0.249,0.634,-0.696,0.392,-0.251,-0.019,-0.693,-0.597,-0.677,-0.523,-0.591,0.569,0.312,0.062,-0.446,0.083,-0.501,0.137,0.479,0.306,-0.481,-0.479,-0.559,-0.668,-0.417,-0.352,-0.312,0.316,-0.481,0.82,-0.376,-0.529,0.123,-0.764,-0.648,0.396,-0.608,0.2,0.216,-0.553,0.326,-0.643,-0.686,0.124,-0.729,-0.734,-0.551,-0.662,-0.204,0.195,-0.37,0.152,-0.559,-0.756,0.401,-0.401,-0.648,-0.74,-0.753,-0.697,-0.694,0.575,-0.672,0.21,-0.582,-0.715,-0.406,0.134,-0.482,-0.646,-0.506,-0.002,-0.508,-0.57,0.411,-0.742,0.111,-0.568,0.142,-0.754,-0.652,0.008,-0.682,-0.412,-0.729,-0.521,-0.658,-0.474,-0.714,-0.337,-0.148,-0.036,0.185,-0.692,-0.672,0.039,0.045,-0.659,-0.713,-0.699,0.524,-0.662,-0.38,-0.654,-0.673,-0.564,-0.385,0.477,-0.637,0.431,0.012,-0.463,-0.528,-0.59,-0.206,-0.563,0.043,-0.426,-0.578,0.171,-0.531,-0.535
BNGO,0.91,0.743,-0.085,0.354,0.875,0.806,0.793,-0.744,-0.646,0.866,-0.774,0.629,0.709,0.556,0.835,-0.193,-0.749,0.769,0.919,0.655,0.451,0.902,-0.095,0.607,-0.589,0.0,0.625,0.541,-0.785,0.064,0.888,0.452,0.248,-0.086,0.705,0.513,-0.551,0.829,0.179,0.471,0.748,-0.52,0.951,0.113,-0.092,0.793,0.916,0.771,0.719,0.866,0.753,0.834,0.754,-0.096,0.887,0.888,0.704,-0.828,0.333,0.834,0.944,0.799,0.34,-0.491,0.785,0.655,-0.521,-0.384,0.897,0.658,0.544,0.518,0.95,0.881,0.01,-0.18,-0.541,0.62,0.846,-0.285,0.817,-0.566,-0.28,0.613,0.912,0.852,0.811,0.876,0.742,-0.707,-0.313,0.124,0.85,0.443,0.93,-0.061,-0.868,-0.382,0.81,0.19,0.854,0.602,0.849,0.901,0.773,-0.596,0.909,-0.736,0.417,0.808,-0.593,0.726,0.893,-0.028,0.499,-0.754,0.396,0.627,0.069,0.82,0.883,-0.314,0.639,0.877,0.959,0.508,0.296,-0.611,0.894,0.443,0.853,0.552,-0.809,-0.038,0.858,0.512,0.851,0.401,0.914,-0.173,0.846,-0.604,0.82,0.728,0.921,-0.37,0.955,0.93,0.836,0.704,0.115,0.957,-0.094,0.794,-0.395,0.927,0.407,0.524,0.325,-0.428,0.477,-0.118,0.875,0.766,0.284,0.916,0.805,0.718,-0.36,-0.504,-0.171,0.773,0.867,-0.669,0.614,0.801,0.652,0.765,-0.453,0.614,0.799,0.639,0.921,0.937,0.453,-0.8,0.81,-0.663,-0.197,0.742,0.895,0.422,-0.116,0.979,-0.497,0.802,0.636,0.026,0.376,0.935
BUSE,0.783,0.844,-0.621,0.71,0.718,0.856,0.679,-0.813,-0.85,0.88,-0.597,0.927,0.816,0.223,0.739,-0.713,-0.601,0.626,0.683,0.189,0.584,0.706,-0.346,0.924,-0.714,0.625,0.0,0.702,-0.692,-0.549,0.848,0.678,-0.125,0.374,0.937,0.853,-0.718,0.729,0.446,0.833,0.606,-0.074,0.725,-0.35,-0.357,0.85,0.448,0.238,0.414,0.736,0.552,0.74,0.839,0.259,0.833,0.435,0.335,-0.579,-0.314,0.842,0.775,0.907,0.818,-0.535,0.593,0.498,-0.461,-0.704,0.701,0.831,-0.0,0.778,0.602,0.645,0.652,-0.347,-0.556,0.917,0.511,-0.48,0.906,-0.693,0.197,0.094,0.815,0.807,0.887,0.801,0.784,-0.552,-0.643,-0.41,0.498,0.284,0.716,-0.462,-0.588,-0.692,0.836,0.691,0.81,0.969,0.703,0.58,0.249,-0.604,0.702,-0.891,0.192,0.806,-0.218,0.927,0.794,-0.417,0.809,-0.433,-0.247,0.843,-0.364,0.884,0.875,-0.466,0.95,0.849,0.604,0.914,-0.159,-0.377,0.595,-0.148,0.829,0.952,-0.441,0.394,0.767,0.883,0.859,0.937,0.835,-0.664,0.856,-0.329,0.568,0.91,0.609,-0.226,0.636,0.77,0.779,0.295,0.65,0.666,-0.588,0.926,-0.504,0.753,-0.03,0.92,0.816,-0.152,0.878,0.282,0.828,0.543,0.801,0.693,0.84,0.66,0.005,-0.143,-0.519,0.875,0.819,-0.123,0.273,0.92,0.946,0.924,-0.768,0.723,0.696,0.691,0.836,0.725,0.782,-0.613,0.75,-0.521,-0.191,0.357,0.778,0.882,0.475,0.605,-0.315,0.802,0.842,-0.04,0.903,0.666
CAKE,0.648,0.611,-0.417,0.276,0.538,0.652,0.33,-0.542,-0.65,0.698,-0.281,0.654,0.525,-0.169,0.437,-0.518,-0.219,0.448,0.385,-0.158,0.368,0.477,0.072,0.607,-0.758,0.541,0.702,0.0,-0.423,-0.414,0.743,0.821,-0.332,0.457,0.686,0.855,-0.503,0.441,0.655,0.826,0.755,0.197,0.654,-0.144,-0.006,0.714,0.313,0.143,0.433,0.453,0.217,0.414,0.77,0.147,0.575,0.435,0.059,-0.263,-0.042,0.747,0.548,0.747,0.576,-0.021,0.724,0.737,0.007,-0.378,0.544,0.518,0.194,0.907,0.558,0.447,0.569,-0.515,-0.127,0.718,0.316,-0.419,0.71,-0.327,0.373,-0.017,0.575,0.563,0.591,0.499,0.524,-0.561,-0.35,-0.046,0.42,0.091,0.501,-0.02,-0.289,-0.22,0.47,0.661,0.586,0.693,0.39,0.298,0.483,-0.18,0.522,-0.763,0.544,0.501,0.026,0.771,0.5,-0.224,0.429,-0.049,-0.217,0.605,-0.378,0.68,0.637,-0.224,0.783,0.649,0.49,0.715,0.177,0.026,0.43,-0.049,0.519,0.807,-0.256,0.641,0.799,0.743,0.803,0.713,0.654,-0.646,0.681,-0.105,0.511,0.745,0.37,0.284,0.411,0.623,0.498,-0.055,0.7,0.506,-0.493,0.746,0.01,0.619,-0.13,0.779,0.756,0.204,0.672,0.437,0.736,0.567,0.763,0.503,0.745,0.529,0.363,0.279,0.026,0.673,0.641,0.066,-0.061,0.698,0.762,0.68,-0.417,0.79,0.409,0.856,0.673,0.613,0.388,-0.242,0.603,-0.522,0.344,0.44,0.569,0.636,0.243,0.503,0.202,0.422,0.636,0.03,0.553,0.587
CASY,-0.707,-0.791,0.535,-0.486,-0.835,-0.857,-0.929,0.954,0.732,-0.765,0.911,-0.774,-0.915,-0.497,-0.799,0.464,0.711,-0.634,-0.866,-0.612,-0.714,-0.835,0.505,-0.81,0.546,-0.785,-0.692,-0.423,0.0,0.332,-0.795,-0.471,-0.007,0.054,-0.809,-0.487,0.882,-0.69,0.06,-0.499,-0.537,0.633,-0.797,0.178,0.595,-0.677,-0.707,-0.486,-0.363,-0.934,-0.712,-0.934,-0.629,-0.222,-0.882,-0.511,-0.727,0.853,0.02,-0.681,-0.841,-0.804,-0.602,0.764,-0.545,-0.429,0.668,0.768,-0.776,-0.832,-0.071,-0.411,-0.731,-0.819,-0.117,0.436,0.882,-0.772,-0.653,0.618,-0.814,0.853,0.224,-0.203,-0.789,-0.858,-0.89,-0.885,-0.941,0.774,0.731,0.398,-0.561,-0.337,-0.784,0.531,0.839,0.791,-0.835,-0.217,-0.817,-0.725,-0.784,-0.855,-0.368,0.884,-0.785,0.783,-0.021,-0.908,0.778,-0.724,-0.834,0.232,-0.634,0.759,-0.0,-0.543,0.284,-0.815,-0.866,0.691,-0.627,-0.898,-0.726,-0.676,-0.004,0.8,-0.755,0.02,-0.898,-0.599,0.678,0.123,-0.745,-0.6,-0.768,-0.536,-0.81,0.421,-0.831,0.779,-0.58,-0.764,-0.808,0.502,-0.868,-0.755,-0.82,-0.619,-0.145,-0.797,0.443,-0.822,0.706,-0.791,-0.004,-0.628,-0.464,0.4,-0.445,0.082,-0.768,-0.442,-0.421,-0.888,-0.638,-0.658,0.499,0.617,0.594,-0.787,-0.713,0.488,-0.658,-0.843,-0.686,-0.849,0.79,-0.459,-0.874,-0.5,-0.799,-0.829,-0.812,0.742,-0.766,0.721,0.343,-0.267,-0.815,-0.612,-0.124,-0.784,0.629,-0.829,-0.724,-0.166,-0.579,-0.721
CCOI,-0.089,-0.442,0.938,-0.515,-0.224,-0.376,-0.241,0.489,0.435,-0.278,0.183,-0.669,-0.537,0.374,-0.104,0.8,-0.073,0.041,-0.009,0.4,-0.572,-0.052,0.569,-0.624,0.336,0.064,-0.549,-0.414,0.332,0.0,-0.259,-0.506,0.519,-0.504,-0.578,-0.647,0.602,-0.017,-0.217,-0.623,-0.197,-0.126,-0.136,0.612,0.58,-0.243,0.276,0.409,0.296,-0.263,0.122,-0.22,-0.244,-0.618,-0.258,0.333,0.129,0.047,0.724,-0.244,-0.088,-0.448,-0.821,0.256,-0.114,-0.118,-0.038,0.745,-0.115,-0.538,0.598,-0.534,0.063,-0.013,-0.622,0.633,0.378,-0.686,0.116,0.516,-0.381,0.518,-0.422,0.693,-0.094,-0.236,-0.395,-0.242,-0.452,0.26,0.812,0.793,0.312,0.069,-0.041,0.696,-0.073,0.56,-0.279,-0.588,-0.163,-0.634,-0.059,0.046,0.332,0.412,-0.035,0.517,0.062,-0.392,-0.0,-0.534,-0.157,0.442,-0.551,-0.125,0.692,-0.302,0.761,-0.367,-0.327,0.655,-0.546,-0.315,0.067,-0.759,0.529,-0.021,0.094,0.785,-0.316,-0.627,-0.157,-0.49,-0.275,-0.673,-0.341,-0.705,-0.19,0.857,-0.399,0.023,0.109,-0.5,0.03,-0.187,0.01,-0.082,-0.217,0.311,-0.643,0.079,0.902,-0.494,0.287,-0.137,0.706,-0.685,-0.764,-0.19,-0.449,-0.599,-0.302,0.005,-0.771,-0.113,-0.261,-0.161,-0.215,-0.136,0.435,-0.436,-0.185,-0.48,0.191,-0.468,-0.57,-0.535,0.597,-0.366,-0.21,-0.4,-0.186,-0.129,-0.683,-0.055,-0.318,0.245,-0.121,0.4,-0.188,-0.745,-0.77,0.106,-0.08,-0.224,-0.506,0.007,-0.744,-0.002
