,AAPL,ACRS,ADP,AFYA,AGNC,AGYS,ALT,AMGN,AMPH,AMZN,ANIP,AOSL,APDN,APLT,APVO,ARGX,ARLP,ATEX,ATRA,AUTL,AVDL,BCRX,BHAT,BLBD,BMRN,BNGO,BUSE,CAKE,CASY,CCOI,CEVA,CHY,CLDX,CLMT,COHU,COLM,COST,CPRT,CSWC,CSX,DBX,DCOM,DKNG,DMLP,DOX,EA,EDIT,ENPH,ENSG,ERNA,ESGR,ETNB,EXTR,FANG,FARO,FATE,FGEN,FIVE,FIVN,FLGT,FOLD,FORM,FOXA,FRPT,FSLR,FTAI,GBDC,GDYN,GGAL,GNLN,GRFS,GT,HCAT,HCM,HFWA,HOLX,HQY,HUBG,IAC,ICLR,IDCC,IEP,IHRT,ILMN,ILPT,IMAB,IMOS,INMD,INTZ,JAZZ,JKHY,JRVR,KIDS,LBRDK,LGND,LMAT,LPLA,LULU,MASI,MAT,MATW,MBIN,MBIO,MCRB,MDB,MDLZ,MELI,MIRM,MLKN,MNMD,MNRO,MPWR,MRCY,MRSN,MTVA,NAAS,NDAQ,NDSN,NEGG,NOVT,NVDA,NWE,NWSA,NXST,OCX,ODFL,OMAB,OPCH,OPRA,ORGO,OTRK,OZK,PAGP,PCH,PEGA,PENG,PENN,PFBC,PGNY,PHAT,PHUN,PINC,PLUG,PLXS,PYPL,QLYS,QNCX,QQQX,QVCGA,RAPT,RBBN,RCKT,REPL,RMBS,ROAD,ROKU,ROP,RUSHA,SANM,SATS,SBCF,SBLK,SBUX,SCHL,SCSC,SDGR,SEIC,SFIX,SGRY,SKYW,SLP,SNES,STAA,STLD,STOK,SWKS,TER,TFIN,TIGO,TILE,TPIC,TTEC,TTEK,TTGT,UXIN,VERU,VLYPP,VNOM,VRNS,VRSN,WDAY,WERN,WINA,WKHS,WRLD,XP,XTKG,YY,ZION,ZM
AAPL,0.0,0.467,0.923,-0.053,0.793,0.748,0.53,0.872,0.682,0.934,0.809,0.045,-0.373,-0.28,0.675,0.398,0.607,0.312,0.668,0.754,0.66,0.889,0.562,-0.199,0.742,0.789,0.813,0.259,0.851,0.777,0.72,0.441,0.48,-0.244,0.078,0.753,0.865,0.978,0.345,0.234,0.946,0.875,0.777,-0.22,0.852,-0.006,0.867,0.876,0.603,0.802,-0.153,0.531,0.675,-0.313,0.543,0.843,0.75,0.473,0.917,0.791,0.626,0.166,0.839,0.241,0.784,0.732,0.527,0.725,-0.247,-0.051,0.197,0.26,0.843,0.717,0.819,0.843,-0.422,0.152,0.588,0.869,0.47,0.168,-0.092,0.535,0.755,0.552,-0.454,0.835,0.31,0.749,0.859,0.529,0.767,0.703,0.799,0.797,0.122,0.618,0.846,0.683,0.1,0.275,0.313,0.887,0.947,0.818,0.859,0.638,0.491,-0.034,0.82,0.114,0.711,0.71,0.7,-0.109,0.782,0.732,0.463,0.849,0.235,0.545,0.454,0.667,-0.166,0.872,0.023,0.805,0.465,0.348,-0.01,0.772,-0.014,0.277,0.888,-0.135,0.736,0.783,0.87,0.794,0.311,0.88,0.901,0.1,0.431,0.881,-0.096,0.768,-0.306,0.715,0.611,0.86,0.814,0.159,0.305,0.791,0.916,0.291,0.272,0.086,0.665,-0.49,0.905,0.251,-0.109,0.851,0.803,-0.046,0.556,0.364,0.905,0.19,0.874,-0.133,0.842,0.7,0.391,0.538,0.012,0.211,-0.115,0.714,0.784,0.47,0.706,0.374,0.713,-0.435,0.803,0.901,0.736,0.617,0.779,0.242,0.088,0.234,-0.569,0.142,0.133,0.749
ACRS,0.467,0.0,0.258,-0.281,0.017,0.267,0.167,0.246,0.341,0.561,0.24,-0.103,0.07,-0.246,0.374,0.169,0.039,0.198,0.368,0.074,0.541,0.35,-0.031,-0.06,0.432,0.69,0.523,-0.095,0.332,0.125,0.425,-0.119,0.273,-0.429,-0.14,0.237,0.35,0.419,-0.125,-0.147,0.386,0.52,0.366,-0.393,0.11,0.174,0.6,0.564,-0.027,0.351,-0.598,0.208,0.158,-0.38,0.456,0.528,0.538,0.228,0.352,0.363,0.409,-0.188,0.481,-0.064,0.553,0.131,0.005,0.574,-0.081,0.005,-0.224,-0.006,0.356,0.471,0.264,0.268,0.24,-0.337,0.23,0.184,0.164,-0.019,-0.224,0.14,-0.063,0.567,-0.175,0.314,0.262,0.242,0.088,-0.364,0.351,-0.127,0.384,0.088,0.054,0.368,0.154,0.159,-0.326,-0.018,0.435,0.405,0.563,0.151,0.47,0.513,0.016,-0.035,0.045,0.12,-0.078,0.471,0.29,-0.237,0.473,0.094,0.084,0.21,0.259,-0.266,-0.0,0.041,-0.177,0.241,-0.119,0.115,0.208,0.773,0.156,0.007,-0.324,0.091,0.284,-0.106,-0.078,0.37,0.318,0.394,0.284,0.274,0.613,-0.261,0.151,0.342,-0.109,0.12,-0.135,0.535,0.376,0.42,0.503,-0.142,-0.279,0.597,0.168,-0.03,-0.236,-0.112,0.454,-0.2,0.196,-0.051,-0.279,0.549,0.048,0.024,-0.072,-0.126,0.356,-0.112,0.361,-0.037,0.451,0.226,0.103,0.147,-0.086,-0.212,0.084,0.232,0.032,0.28,0.643,0.591,0.432,-0.386,0.381,0.255,0.1,-0.017,0.401,0.593,-0.211,0.123,-0.095,-0.251,0.154,0.645
ADP,0.923,0.258,0.0,0.024,0.843,0.671,0.545,0.885,0.581,0.856,0.808,0.093,-0.413,-0.338,0.567,0.45,0.556,0.343,0.604,0.803,0.446,0.821,0.636,-0.138,0.727,0.655,0.749,0.281,0.864,0.857,0.701,0.447,0.592,-0.157,0.234,0.812,0.818,0.931,0.369,0.28,0.901,0.823,0.832,-0.173,0.922,-0.066,0.764,0.828,0.623,0.692,-0.058,0.589,0.724,-0.259,0.524,0.766,0.702,0.459,0.928,0.773,0.626,0.404,0.727,0.304,0.755,0.721,0.441,0.726,-0.219,-0.002,0.367,0.304,0.864,0.642,0.773,0.834,-0.419,0.19,0.62,0.902,0.523,0.087,-0.019,0.446,0.855,0.506,-0.371,0.812,0.271,0.761,0.871,0.707,0.832,0.732,0.758,0.818,0.186,0.578,0.918,0.769,0.201,0.243,0.352,0.791,0.889,0.86,0.82,0.407,0.572,-0.075,0.901,0.164,0.757,0.695,0.714,-0.056,0.793,0.719,0.528,0.925,0.261,0.71,0.431,0.684,-0.166,0.853,0.185,0.824,0.308,0.087,-0.07,0.784,0.028,0.218,0.923,-0.052,0.84,0.758,0.878,0.741,0.234,0.931,0.831,0.235,0.414,0.915,-0.16,0.754,-0.207,0.672,0.564,0.781,0.731,0.219,0.361,0.763,0.936,0.288,0.418,0.131,0.663,-0.434,0.907,0.393,-0.029,0.785,0.882,-0.078,0.544,0.401,0.843,0.324,0.856,-0.153,0.798,0.718,0.49,0.456,0.069,0.214,-0.148,0.799,0.835,0.52,0.533,0.276,0.632,-0.428,0.803,0.83,0.765,0.579,0.724,0.177,0.211,0.248,-0.564,0.28,0.15,0.685
AFYA,-0.053,-0.281,0.024,0.0,0.316,-0.533,-0.72,-0.278,-0.503,0.062,-0.346,0.897,0.691,0.74,0.451,-0.677,0.46,0.464,-0.701,-0.061,-0.492,-0.35,-0.441,0.87,-0.598,0.139,-0.427,0.841,0.234,-0.243,0.448,0.757,-0.386,0.932,0.738,0.477,-0.427,-0.093,0.843,0.899,0.09,-0.139,0.316,0.887,-0.029,0.788,-0.457,-0.023,0.24,0.221,0.655,0.422,0.529,0.908,-0.026,-0.522,-0.602,0.612,-0.013,-0.559,-0.684,0.491,0.063,0.847,0.003,0.394,0.503,0.064,0.856,0.646,0.549,0.901,-0.376,-0.679,-0.356,0.393,0.171,0.699,0.573,0.205,0.715,0.77,0.947,0.665,0.272,-0.601,0.749,0.349,-0.491,-0.508,-0.065,0.311,0.098,0.292,-0.558,-0.094,0.663,0.532,0.091,0.513,0.947,0.807,0.116,-0.122,-0.188,-0.281,0.259,0.2,0.744,0.815,0.015,0.809,-0.161,-0.611,-0.221,0.667,-0.396,0.507,0.751,-0.119,0.75,0.234,0.724,0.438,0.874,-0.296,0.786,-0.191,0.542,-0.17,0.803,0.4,0.938,0.853,0.112,0.852,0.345,-0.413,-0.241,-0.578,0.717,-0.008,-0.289,0.87,0.783,-0.199,0.816,0.487,0.744,-0.617,-0.416,-0.472,-0.566,0.932,0.797,-0.046,0.065,0.863,0.789,0.949,-0.374,0.736,-0.122,0.191,0.972,-0.469,0.396,0.831,0.663,0.85,-0.255,-0.046,-0.402,0.859,-0.44,0.606,0.75,0.642,0.944,0.855,0.763,-0.327,-0.258,0.379,-0.491,0.385,-0.393,0.828,0.274,0.004,0.482,0.321,-0.098,0.188,0.781,0.858,0.37,0.838,0.72,-0.407
AGNC,0.793,0.017,0.843,0.316,0.0,0.558,0.324,0.754,0.364,0.732,0.731,0.268,-0.233,0.052,0.681,0.205,0.736,0.458,0.391,0.803,0.342,0.69,0.51,0.042,0.464,0.542,0.492,0.526,0.769,0.75,0.694,0.757,0.236,0.13,0.249,0.809,0.632,0.808,0.708,0.514,0.884,0.651,0.746,0.141,0.855,0.138,0.574,0.684,0.71,0.748,0.238,0.583,0.677,0.033,0.415,0.535,0.436,0.538,0.842,0.521,0.339,0.327,0.611,0.478,0.619,0.832,0.698,0.509,-0.013,0.137,0.479,0.477,0.655,0.387,0.677,0.899,-0.605,0.365,0.657,0.907,0.569,0.371,0.268,0.656,0.919,0.228,-0.258,0.798,0.057,0.558,0.806,0.83,0.771,0.922,0.546,0.806,0.188,0.567,0.91,0.771,0.459,0.516,0.194,0.787,0.717,0.744,0.75,0.569,0.687,0.157,0.843,0.218,0.762,0.417,0.59,0.284,0.525,0.814,0.696,0.741,0.281,0.806,0.684,0.721,0.133,0.711,0.239,0.643,0.578,0.019,0.12,0.901,0.355,0.498,0.866,0.085,0.896,0.531,0.689,0.531,0.401,0.787,0.617,0.395,0.578,0.726,0.159,0.871,-0.082,0.384,0.287,0.631,0.522,0.456,0.621,0.543,0.891,0.491,0.505,0.395,0.367,-0.278,0.838,0.39,0.238,0.556,0.917,0.058,0.814,0.654,0.757,0.117,0.65,0.048,0.615,0.79,0.522,0.654,0.3,0.516,0.035,0.512,0.722,0.353,0.306,0.225,0.427,-0.114,0.739,0.829,0.821,0.666,0.562,0.014,0.392,0.397,-0.425,0.478,0.17,0.361
AGYS,0.748,0.267,0.671,-0.533,0.558,0.0,0.844,0.846,0.835,0.569,0.921,-0.518,-0.81,-0.509,0.245,0.718,0.346,-0.083,0.937,0.732,0.79,0.92,0.769,-0.747,0.856,0.322,0.799,-0.222,0.438,0.765,0.237,0.054,0.405,-0.619,-0.44,0.232,0.924,0.779,-0.085,-0.252,0.664,0.716,0.295,-0.589,0.753,-0.56,0.855,0.613,0.429,0.5,-0.221,0.082,0.151,-0.68,0.356,0.897,0.829,-0.102,0.671,0.895,0.804,-0.233,0.603,-0.339,0.492,0.491,0.32,0.289,-0.706,-0.516,-0.092,-0.332,0.793,0.896,0.919,0.439,-0.736,-0.137,0.027,0.586,-0.13,-0.234,-0.553,0.083,0.552,0.639,-0.906,0.395,0.485,0.918,0.8,0.447,0.465,0.589,0.94,0.802,-0.359,0.016,0.619,0.165,-0.348,-0.143,-0.108,0.808,0.723,0.867,0.406,0.403,-0.087,-0.516,0.654,-0.519,0.852,0.802,0.638,-0.36,0.702,0.359,-0.093,0.686,-0.425,0.504,0.055,0.373,-0.615,0.888,-0.535,0.769,0.12,0.23,-0.589,0.509,-0.424,-0.221,0.588,-0.717,0.508,0.862,0.772,0.936,-0.272,0.636,0.748,-0.381,-0.151,0.703,-0.439,0.372,-0.761,0.807,0.715,0.949,0.903,-0.359,-0.046,0.429,0.715,-0.216,-0.215,-0.444,0.629,-0.844,0.859,0.182,-0.593,0.824,0.441,-0.605,0.163,-0.092,0.902,0.208,0.881,-0.606,0.875,0.154,-0.241,0.095,-0.541,-0.174,-0.623,0.681,0.869,-0.033,0.695,-0.158,0.769,-0.704,0.335,0.785,0.28,0.425,0.595,-0.251,-0.382,-0.39,-0.778,-0.32,-0.422,0.586
ALT,0.53,0.167,0.545,-0.72,0.324,0.844,0.0,0.782,0.729,0.322,0.777,-0.617,-0.902,-0.721,-0.115,0.817,0.076,-0.206,0.886,0.652,0.62,0.777,0.797,-0.827,0.866,0.128,0.694,-0.502,0.271,0.726,-0.047,-0.256,0.628,-0.728,-0.413,0.077,0.8,0.574,-0.384,-0.537,0.421,0.523,0.163,-0.711,0.595,-0.778,0.738,0.453,0.223,0.195,-0.432,-0.02,-0.032,-0.803,0.184,0.809,0.816,-0.274,0.526,0.875,0.873,-0.094,0.271,-0.549,0.391,0.125,-0.07,0.259,-0.869,-0.595,-0.179,-0.547,0.782,0.879,0.752,0.17,-0.507,-0.376,-0.18,0.395,-0.268,-0.508,-0.756,-0.302,0.367,0.64,-0.839,0.167,0.509,0.861,0.597,0.292,0.391,0.298,0.862,0.636,-0.436,-0.149,0.501,0.062,-0.57,-0.529,-0.049,0.523,0.584,0.756,0.144,0.031,-0.239,-0.705,0.549,-0.61,0.688,0.846,0.673,-0.469,0.67,0.046,-0.269,0.682,-0.548,0.348,-0.311,0.092,-0.816,0.76,-0.53,0.699,-0.264,-0.033,-0.754,0.22,-0.622,-0.583,0.409,-0.732,0.288,0.751,0.715,0.882,-0.493,0.546,0.63,-0.511,-0.464,0.651,-0.751,0.086,-0.795,0.816,0.637,0.812,0.835,-0.567,-0.331,0.334,0.484,-0.49,-0.327,-0.675,0.616,-0.832,0.643,0.101,-0.746,0.755,0.243,-0.807,-0.166,-0.427,0.71,0.206,0.817,-0.814,0.778,-0.079,-0.334,-0.293,-0.725,-0.481,-0.749,0.697,0.774,-0.13,0.627,-0.34,0.624,-0.844,0.147,0.494,0.052,0.163,0.431,-0.283,-0.483,-0.61,-0.662,-0.489,-0.574,0.574
AMGN,0.872,0.246,0.885,-0.278,0.754,0.846,0.782,0.0,0.734,0.746,0.9,-0.22,-0.657,-0.518,0.438,0.668,0.415,0.267,0.821,0.883,0.571,0.905,0.779,-0.448,0.892,0.514,0.819,-0.045,0.663,0.932,0.409,0.224,0.648,-0.439,-0.059,0.588,0.902,0.894,0.131,-0.034,0.824,0.791,0.64,-0.435,0.903,-0.341,0.867,0.766,0.519,0.566,-0.226,0.458,0.433,-0.532,0.489,0.889,0.855,0.151,0.895,0.895,0.821,0.188,0.594,-0.008,0.736,0.57,0.285,0.637,-0.481,-0.272,0.179,-0.02,0.936,0.83,0.883,0.671,-0.569,-0.08,0.32,0.806,0.198,-0.14,-0.308,0.209,0.722,0.655,-0.641,0.642,0.463,0.895,0.813,0.596,0.794,0.669,0.885,0.863,-0.07,0.32,0.861,0.541,-0.118,-0.017,0.252,0.843,0.867,0.948,0.636,0.386,0.285,-0.386,0.836,-0.176,0.814,0.864,0.771,-0.246,0.837,0.507,0.286,0.896,-0.076,0.651,0.169,0.479,-0.453,0.877,-0.104,0.822,0.148,0.078,-0.347,0.654,-0.238,-0.068,0.828,-0.361,0.668,0.823,0.907,0.89,0.017,0.845,0.869,-0.124,0.093,0.908,-0.432,0.54,-0.464,0.829,0.631,0.901,0.89,-0.118,0.066,0.7,0.857,-0.035,0.073,-0.168,0.742,-0.66,0.902,0.363,-0.351,0.884,0.705,-0.39,0.375,0.106,0.908,0.205,0.937,-0.469,0.925,0.426,0.155,0.196,-0.241,-0.073,-0.398,0.816,0.865,0.254,0.624,0.029,0.74,-0.664,0.616,0.769,0.526,0.407,0.611,-0.012,-0.057,-0.08,-0.691,-0.007,-0.151,0.699
AMPH,0.682,0.341,0.581,-0.503,0.364,0.835,0.729,0.734,0.0,0.515,0.757,-0.442,-0.721,-0.549,0.274,0.65,0.25,-0.055,0.803,0.623,0.671,0.801,0.65,-0.663,0.757,0.3,0.781,-0.284,0.397,0.625,0.183,-0.058,0.478,-0.587,-0.338,0.174,0.794,0.685,-0.195,-0.24,0.511,0.68,0.242,-0.58,0.648,-0.504,0.741,0.539,0.34,0.375,-0.274,0.12,0.162,-0.637,0.345,0.804,0.732,-0.173,0.556,0.804,0.744,-0.159,0.602,-0.3,0.487,0.395,0.197,0.374,-0.541,-0.546,-0.063,-0.306,0.673,0.815,0.778,0.376,-0.53,-0.15,-0.012,0.488,-0.151,-0.249,-0.511,0.047,0.394,0.606,-0.756,0.352,0.543,0.833,0.656,0.306,0.406,0.382,0.832,0.664,-0.207,0.013,0.474,0.147,-0.356,-0.196,-0.09,0.672,0.618,0.769,0.364,0.329,-0.109,-0.471,0.47,-0.421,0.662,0.718,0.562,-0.526,0.628,0.29,-0.076,0.612,-0.33,0.403,0.003,0.337,-0.613,0.748,-0.432,0.718,0.008,0.215,-0.528,0.409,-0.431,-0.255,0.482,-0.623,0.369,0.785,0.697,0.806,-0.267,0.532,0.702,-0.405,-0.168,0.615,-0.462,0.243,-0.657,0.741,0.712,0.8,0.777,-0.363,-0.137,0.459,0.598,-0.253,-0.233,-0.416,0.69,-0.638,0.701,0.196,-0.566,0.72,0.368,-0.45,0.088,-0.161,0.758,0.29,0.783,-0.491,0.764,0.101,-0.189,0.05,-0.494,-0.249,-0.547,0.61,0.729,0.069,0.618,-0.093,0.758,-0.644,0.259,0.627,0.217,0.292,0.462,-0.162,-0.407,-0.349,-0.718,-0.327,-0.263,0.543
AMZN,0.934,0.561,0.856,0.062,0.732,0.569,0.322,0.746,0.515,0.0,0.678,0.128,-0.128,-0.222,0.752,0.313,0.482,0.468,0.539,0.604,0.522,0.734,0.403,0.016,0.654,0.877,0.737,0.359,0.811,0.699,0.785,0.426,0.444,-0.197,0.166,0.815,0.735,0.921,0.387,0.304,0.931,0.829,0.868,-0.183,0.759,0.223,0.809,0.861,0.563,0.751,-0.164,0.592,0.708,-0.245,0.69,0.755,0.69,0.596,0.906,0.672,0.543,0.215,0.801,0.406,0.814,0.689,0.435,0.811,-0.047,0.123,0.3,0.389,0.771,0.599,0.66,0.839,-0.265,0.109,0.721,0.804,0.56,0.189,0.07,0.587,0.672,0.594,-0.268,0.858,0.266,0.602,0.697,0.416,0.802,0.592,0.674,0.648,0.243,0.713,0.8,0.712,0.172,0.381,0.511,0.834,0.933,0.695,0.957,0.643,0.564,0.069,0.738,0.287,0.511,0.637,0.527,-0.056,0.789,0.674,0.561,0.74,0.434,0.445,0.492,0.581,-0.002,0.705,0.196,0.614,0.523,0.48,0.181,0.688,0.01,0.398,0.907,0.048,0.664,0.652,0.765,0.654,0.467,0.781,0.876,0.168,0.59,0.849,-0.009,0.722,-0.05,0.65,0.492,0.736,0.716,0.228,0.28,0.891,0.852,0.352,0.288,0.228,0.633,-0.338,0.797,0.312,-0.001,0.799,0.766,0.144,0.571,0.445,0.769,0.111,0.753,0.014,0.769,0.736,0.501,0.607,0.178,0.224,0.073,0.658,0.609,0.604,0.589,0.547,0.645,-0.371,0.895,0.768,0.759,0.488,0.775,0.493,0.243,0.424,-0.384,0.294,0.3,0.784
ANIP,0.809,0.24,0.808,-0.346,0.731,0.921,0.777,0.9,0.757,0.678,0.0,-0.357,-0.706,-0.46,0.358,0.69,0.434,0.067,0.858,0.845,0.665,0.918,0.794,-0.552,0.858,0.401,0.803,-0.063,0.585,0.876,0.381,0.207,0.503,-0.488,-0.25,0.442,0.912,0.851,0.104,-0.083,0.772,0.782,0.503,-0.475,0.877,-0.426,0.86,0.692,0.561,0.556,-0.187,0.263,0.327,-0.589,0.483,0.888,0.827,0.058,0.815,0.896,0.802,-0.018,0.641,-0.106,0.621,0.606,0.372,0.425,-0.562,-0.363,0.152,-0.128,0.864,0.857,0.912,0.613,-0.724,-0.09,0.219,0.729,0.083,-0.156,-0.352,0.198,0.69,0.653,-0.767,0.565,0.446,0.928,0.835,0.608,0.665,0.67,0.933,0.853,-0.181,0.149,0.806,0.395,-0.168,-0.022,0.035,0.871,0.81,0.942,0.556,0.407,0.14,-0.419,0.76,-0.336,0.877,0.811,0.704,-0.226,0.785,0.464,0.177,0.801,-0.228,0.682,0.213,0.464,-0.49,0.9,-0.298,0.781,0.169,0.128,-0.461,0.623,-0.289,-0.069,0.759,-0.52,0.676,0.856,0.84,0.915,-0.128,0.742,0.808,-0.209,0.034,0.82,-0.392,0.488,-0.587,0.789,0.652,0.929,0.873,-0.187,0.079,0.57,0.817,-0.092,-0.046,-0.255,0.681,-0.734,0.922,0.351,-0.423,0.848,0.638,-0.495,0.327,0.076,0.911,0.28,0.908,-0.495,0.901,0.351,-0.009,0.22,-0.334,-0.068,-0.505,0.727,0.905,0.123,0.609,-0.073,0.776,-0.653,0.501,0.806,0.463,0.455,0.597,-0.151,-0.173,-0.189,-0.766,-0.078,-0.254,0.622
AOSL,0.045,-0.103,0.093,0.897,0.268,-0.518,-0.617,-0.22,-0.442,0.128,-0.357,0.0,0.677,0.665,0.454,-0.697,0.499,0.448,-0.674,-0.045,-0.385,-0.255,-0.457,0.858,-0.523,0.317,-0.32,0.796,0.355,-0.248,0.541,0.704,-0.216,0.874,0.854,0.565,-0.366,-0.018,0.76,0.858,0.134,-0.069,0.376,0.837,-0.035,0.779,-0.364,0.118,0.227,0.3,0.443,0.501,0.631,0.851,-0.048,-0.434,-0.519,0.705,0.028,-0.469,-0.604,0.601,0.113,0.804,0.14,0.33,0.458,0.227,0.792,0.676,0.44,0.895,-0.284,-0.591,-0.338,0.431,0.394,0.628,0.616,0.26,0.794,0.794,0.834,0.65,0.265,-0.559,0.781,0.43,-0.453,-0.495,-0.04,0.189,0.141,0.218,-0.506,-0.112,0.701,0.687,0.112,0.601,0.854,0.704,0.227,-0.13,-0.078,-0.302,0.297,0.234,0.792,0.868,0.037,0.907,-0.194,-0.508,-0.039,0.617,-0.342,0.55,0.745,0.0,0.845,0.086,0.689,0.459,0.827,-0.217,0.802,-0.087,0.531,-0.128,0.854,0.389,0.885,0.802,0.131,0.88,0.293,-0.333,-0.126,-0.51,0.792,0.096,-0.162,0.873,0.764,-0.112,0.727,0.526,0.674,-0.506,-0.361,-0.404,-0.48,0.929,0.75,0.053,0.067,0.844,0.821,0.89,-0.293,0.739,-0.132,0.064,0.928,-0.371,0.418,0.837,0.605,0.766,-0.206,-0.071,-0.31,0.866,-0.387,0.687,0.863,0.631,0.904,0.798,0.817,-0.243,-0.242,0.477,-0.284,0.521,-0.374,0.749,0.346,0.043,0.527,0.344,-0.019,0.346,0.704,0.86,0.364,0.706,0.776,-0.258
APDN,-0.373,0.07,-0.413,0.691,-0.233,-0.81,-0.902,-0.657,-0.721,-0.128,-0.706,0.677,0.0,0.671,0.233,-0.779,-0.048,0.363,-0.802,-0.601,-0.491,-0.693,-0.806,0.89,-0.73,0.131,-0.565,0.536,-0.111,-0.62,0.205,0.275,-0.501,0.646,0.464,0.108,-0.7,-0.428,0.418,0.502,-0.236,-0.377,0.049,0.667,-0.555,0.886,-0.55,-0.243,-0.226,-0.083,0.252,0.135,0.129,0.727,-0.035,-0.666,-0.635,0.475,-0.35,-0.77,-0.753,0.147,-0.221,0.598,-0.189,-0.13,0.049,-0.03,0.839,0.693,0.174,0.599,-0.619,-0.759,-0.696,-0.051,0.612,0.268,0.347,-0.296,0.448,0.532,0.723,0.336,-0.316,-0.486,0.861,-0.026,-0.538,-0.813,-0.569,-0.359,-0.191,-0.279,-0.767,-0.63,0.486,0.355,-0.371,0.094,0.535,0.527,0.29,-0.415,-0.365,-0.714,0.049,0.113,0.349,0.745,-0.444,0.722,-0.708,-0.685,-0.527,0.473,-0.496,-0.016,0.396,-0.552,0.7,-0.432,0.315,-0.125,0.81,-0.691,0.6,-0.679,0.358,0.226,0.864,-0.182,0.568,0.625,-0.249,0.806,-0.27,-0.682,-0.601,-0.762,0.656,-0.398,-0.433,0.535,0.571,-0.481,0.707,0.012,0.82,-0.658,-0.616,-0.688,-0.672,0.595,0.284,-0.119,-0.405,0.537,0.351,0.699,-0.493,0.775,-0.582,-0.139,0.737,-0.575,-0.171,0.826,0.193,0.436,-0.62,-0.318,-0.7,0.791,-0.64,0.229,0.476,0.354,0.767,0.455,0.841,-0.587,-0.753,0.234,-0.438,0.557,-0.605,0.726,0.041,-0.427,0.045,-0.153,-0.255,0.529,0.56,0.715,0.747,0.471,0.62,-0.326
APLT,-0.28,-0.246,-0.338,0.74,0.052,-0.509,-0.721,-0.518,-0.549,-0.222,-0.46,0.665,0.671,0.0,0.25,-0.816,0.413,0.144,-0.698,-0.332,-0.245,-0.441,-0.638,0.638,-0.756,-0.038,-0.577,0.627,-0.069,-0.55,0.208,0.609,-0.765,0.784,0.299,0.048,-0.56,-0.345,0.66,0.658,-0.149,-0.377,-0.152,0.856,-0.368,0.68,-0.551,-0.278,0.015,0.101,0.545,-0.016,0.086,0.828,-0.352,-0.642,-0.717,0.375,-0.37,-0.717,-0.82,-0.039,-0.117,0.457,-0.314,0.116,0.526,-0.349,0.658,0.464,0.053,0.55,-0.64,-0.735,-0.413,0.076,0.11,0.555,0.192,-0.121,0.364,0.813,0.676,0.503,-0.054,-0.765,0.564,0.005,-0.669,-0.655,-0.234,0.007,-0.314,0.14,-0.651,-0.32,0.304,0.223,-0.237,0.08,0.648,0.603,-0.255,-0.258,-0.419,-0.53,-0.091,0.329,0.347,0.817,-0.313,0.469,-0.244,-0.775,-0.337,0.666,-0.713,0.273,0.346,-0.478,0.4,-0.12,0.566,0.125,0.798,-0.423,0.312,-0.412,0.594,0.012,0.672,0.167,0.806,0.723,-0.272,0.554,-0.006,-0.537,-0.548,-0.628,0.517,-0.288,-0.514,0.561,0.516,-0.542,0.853,0.294,0.424,-0.766,-0.588,-0.519,-0.627,0.71,0.632,-0.441,-0.234,0.662,0.398,0.671,-0.667,0.586,-0.353,-0.227,0.756,-0.632,-0.012,0.623,0.416,0.586,-0.376,-0.304,-0.607,0.753,-0.614,0.299,0.329,0.489,0.677,0.74,0.661,-0.688,-0.437,-0.112,-0.39,0.301,-0.58,0.868,-0.122,-0.073,0.16,0.231,-0.313,-0.049,0.379,0.514,0.468,0.385,0.414,-0.617
APVO,0.675,0.374,0.567,0.451,0.681,0.245,-0.115,0.438,0.274,0.752,0.358,0.454,0.233,0.25,0.0,-0.121,0.592,0.687,0.141,0.452,0.278,0.406,0.064,0.336,0.206,0.729,0.369,0.562,0.659,0.363,0.759,0.696,0.01,0.212,0.313,0.725,0.359,0.641,0.704,0.629,0.716,0.56,0.671,0.225,0.513,0.573,0.441,0.624,0.434,0.705,0.136,0.661,0.619,0.202,0.482,0.352,0.26,0.594,0.631,0.21,0.099,0.192,0.615,0.641,0.624,0.719,0.621,0.617,0.387,0.332,0.354,0.622,0.348,0.153,0.382,0.823,-0.232,0.312,0.7,0.702,0.596,0.544,0.467,0.821,0.536,0.178,0.026,0.735,-0.002,0.22,0.439,0.364,0.648,0.606,0.256,0.427,0.341,0.703,0.567,0.643,0.465,0.698,0.383,0.68,0.586,0.393,0.802,0.809,0.673,0.419,0.44,0.48,0.318,0.198,0.345,0.148,0.351,0.737,0.734,0.395,0.58,0.398,0.719,0.537,0.418,0.35,0.347,0.289,0.739,0.413,0.497,0.7,0.418,0.733,0.674,0.3,0.525,0.252,0.386,0.232,0.722,0.514,0.538,0.362,0.775,0.46,0.414,0.734,0.208,0.21,0.153,0.384,0.324,0.548,0.512,0.618,0.661,0.588,0.391,0.598,0.281,0.03,0.504,0.224,0.367,0.383,0.672,0.504,0.783,0.689,0.503,-0.088,0.348,0.376,0.414,0.77,0.603,0.78,0.526,0.533,0.41,0.21,0.259,0.457,0.275,0.631,0.33,0.095,0.717,0.601,0.697,0.426,0.413,0.401,0.38,0.666,-0.147,0.448,0.463,0.306
ARGX,0.398,0.169,0.45,-0.677,0.205,0.718,0.817,0.668,0.65,0.313,0.69,-0.697,-0.779,-0.816,-0.121,0.0,-0.202,-0.064,0.844,0.567,0.334,0.593,0.699,-0.702,0.844,0.029,0.654,-0.53,0.064,0.725,-0.075,-0.416,0.689,-0.789,-0.348,0.032,0.654,0.467,-0.448,-0.552,0.306,0.484,0.2,-0.834,0.574,-0.704,0.643,0.386,0.149,-0.083,-0.343,0.007,-0.085,-0.84,0.49,0.732,0.796,-0.411,0.49,0.786,0.902,0.015,0.246,-0.457,0.398,0.087,-0.289,0.306,-0.681,-0.595,0.05,-0.497,0.696,0.809,0.64,0.079,-0.437,-0.497,-0.17,0.277,-0.34,-0.717,-0.595,-0.406,0.253,0.819,-0.723,0.103,0.659,0.837,0.4,0.24,0.438,0.163,0.788,0.511,-0.267,-0.26,0.414,0.019,-0.553,-0.45,0.072,0.47,0.496,0.718,0.173,-0.135,-0.292,-0.818,0.402,-0.528,0.521,0.822,0.386,-0.547,0.741,-0.148,-0.254,0.535,-0.449,0.35,-0.381,-0.007,-0.814,0.547,-0.367,0.493,-0.414,0.02,-0.772,0.101,-0.725,-0.587,0.414,-0.67,0.215,0.704,0.59,0.749,-0.503,0.346,0.592,-0.523,-0.437,0.617,-0.818,-0.13,-0.503,0.83,0.659,0.669,0.723,-0.609,-0.468,0.435,0.392,-0.584,-0.402,-0.595,0.755,-0.66,0.554,0.478,-0.746,0.678,0.17,-0.727,-0.254,-0.421,0.539,0.22,0.694,-0.74,0.753,-0.206,-0.337,-0.366,-0.639,-0.619,-0.711,0.771,0.623,0.036,0.308,-0.353,0.654,-0.875,0.13,0.277,-0.041,-0.141,0.355,-0.178,-0.344,-0.529,-0.649,-0.293,-0.413,0.583
ARLP,0.607,0.039,0.556,0.46,0.736,0.346,0.076,0.415,0.25,0.482,0.434,0.499,-0.048,0.413,0.592,-0.202,0.0,0.205,0.074,0.544,0.384,0.503,0.148,0.161,0.093,0.437,0.27,0.6,0.676,0.276,0.632,0.829,-0.114,0.428,0.286,0.599,0.368,0.549,0.751,0.658,0.622,0.45,0.419,0.477,0.524,0.254,0.294,0.508,0.583,0.731,0.33,0.426,0.626,0.36,0.059,0.242,0.081,0.519,0.453,0.203,-0.044,0.147,0.619,0.393,0.405,0.734,0.887,0.235,0.131,0.13,0.247,0.545,0.251,0.121,0.453,0.741,-0.388,0.599,0.46,0.671,0.584,0.737,0.332,0.742,0.657,-0.178,-0.063,0.673,-0.165,0.244,0.639,0.597,0.36,0.734,0.24,0.58,0.288,0.532,0.575,0.607,0.54,0.569,-0.157,0.539,0.412,0.387,0.484,0.661,0.607,0.474,0.5,0.297,0.583,0.048,0.489,0.413,0.082,0.864,0.599,0.451,0.315,0.53,0.768,0.781,0.293,0.524,0.163,0.544,0.712,0.028,0.308,0.824,0.635,0.639,0.479,0.186,0.699,0.341,0.409,0.27,0.485,0.566,0.348,0.489,0.557,0.32,0.467,0.847,-0.132,0.028,0.209,0.367,0.219,0.602,0.768,0.203,0.593,0.684,0.551,0.461,0.089,-0.021,0.562,0.079,0.432,0.224,0.709,0.245,0.755,0.669,0.538,0.124,0.347,0.356,0.255,0.747,0.497,0.71,0.409,0.734,0.259,0.106,0.485,0.211,0.321,0.28,0.229,0.291,0.451,0.739,0.691,0.819,0.345,-0.109,0.258,0.417,-0.328,0.351,0.315,0.048
ATEX,0.312,0.198,0.343,0.464,0.458,-0.083,-0.206,0.267,-0.055,0.468,0.067,0.448,0.363,0.144,0.687,-0.064,0.205,0.0,-0.048,0.27,-0.205,0.034,-0.043,0.501,0.088,0.447,0.13,0.401,0.348,0.31,0.482,0.43,0.083,0.222,0.475,0.607,0.05,0.315,0.538,0.47,0.44,0.234,0.596,0.183,0.308,0.567,0.169,0.465,0.141,0.258,0.164,0.703,0.396,0.238,0.477,0.079,0.138,0.425,0.449,-0.025,0.043,0.45,0.135,0.593,0.547,0.348,0.142,0.635,0.509,0.487,0.562,0.56,0.211,-0.075,0.041,0.54,0.035,0.106,0.546,0.462,0.512,0.268,0.532,0.45,0.328,0.159,0.294,0.436,-0.069,-0.0,0.049,0.248,0.66,0.35,-0.023,0.158,0.387,0.503,0.396,0.527,0.433,0.524,0.663,0.348,0.321,0.185,0.559,0.404,0.585,0.263,0.267,0.551,0.038,0.139,0.118,0.221,0.276,0.362,0.696,0.217,0.604,0.258,0.397,0.209,0.408,-0.021,0.605,-0.079,0.389,0.222,0.502,0.371,0.319,0.513,0.492,0.466,0.263,-0.029,0.154,-0.023,0.685,0.28,0.333,0.388,0.584,0.339,0.247,0.372,0.526,0.117,-0.092,0.075,0.1,0.447,0.26,0.519,0.368,0.421,0.366,0.618,0.248,0.241,0.189,0.415,0.407,0.161,0.433,0.443,0.533,0.523,0.149,-0.284,0.083,0.31,0.24,0.511,0.604,0.402,0.597,0.298,0.52,0.207,-0.028,0.419,-0.093,0.538,0.013,0.071,0.552,0.132,0.388,-0.015,0.186,0.491,0.554,0.646,0.127,0.537,0.434,0.177
ATRA,0.668,0.368,0.604,-0.701,0.391,0.937,0.886,0.821,0.803,0.539,0.858,-0.674,-0.802,-0.698,0.141,0.844,0.074,-0.048,0.0,0.64,0.727,0.837,0.768,-0.796,0.939,0.304,0.802,-0.434,0.322,0.778,0.111,-0.198,0.537,-0.814,-0.505,0.132,0.895,0.706,-0.307,-0.472,0.569,0.658,0.272,-0.793,0.666,-0.616,0.881,0.581,0.249,0.321,-0.422,0.049,0.003,-0.854,0.412,0.925,0.929,-0.224,0.643,0.917,0.926,-0.235,0.459,-0.446,0.499,0.287,0.022,0.359,-0.771,-0.537,-0.149,-0.485,0.828,0.949,0.847,0.29,-0.602,-0.374,-0.063,0.461,-0.25,-0.483,-0.683,-0.134,0.372,0.803,-0.912,0.264,0.564,0.925,0.642,0.265,0.486,0.376,0.951,0.676,-0.439,-0.078,0.532,0.059,-0.555,-0.34,0.064,0.736,0.724,0.83,0.361,0.27,-0.23,-0.695,0.565,-0.579,0.705,0.913,0.587,-0.521,0.805,0.12,-0.215,0.643,-0.465,0.355,-0.2,0.127,-0.741,0.791,-0.557,0.647,-0.077,0.281,-0.672,0.281,-0.659,-0.417,0.536,-0.772,0.314,0.807,0.729,0.953,-0.357,0.569,0.77,-0.557,-0.295,0.718,-0.646,0.154,-0.731,0.91,0.708,0.926,0.949,-0.555,-0.327,0.511,0.61,-0.429,-0.394,-0.59,0.705,-0.89,0.748,0.181,-0.764,0.873,0.278,-0.696,-0.057,-0.311,0.815,0.134,0.864,-0.762,0.914,-0.01,-0.337,-0.123,-0.663,-0.449,-0.686,0.733,0.764,-0.044,0.691,-0.146,0.769,-0.887,0.297,0.608,0.113,0.164,0.55,-0.124,-0.465,-0.487,-0.701,-0.432,-0.507,0.695
AUTL,0.754,0.074,0.803,-0.061,0.803,0.732,0.652,0.883,0.623,0.604,0.845,-0.045,-0.601,-0.332,0.452,0.567,0.544,0.27,0.64,0.0,0.397,0.818,0.706,-0.321,0.713,0.368,0.643,0.077,0.589,0.844,0.403,0.386,0.539,-0.199,0.098,0.582,0.749,0.777,0.32,0.153,0.714,0.691,0.576,-0.251,0.898,-0.287,0.682,0.679,0.589,0.514,-0.036,0.504,0.455,-0.329,0.42,0.723,0.637,0.114,0.807,0.732,0.662,0.313,0.549,0.107,0.69,0.68,0.416,0.511,-0.322,-0.27,0.367,0.133,0.77,0.654,0.775,0.716,-0.612,0.03,0.287,0.825,0.26,0.005,-0.078,0.295,0.755,0.477,-0.512,0.656,0.444,0.787,0.749,0.676,0.761,0.712,0.734,0.857,0.066,0.285,0.831,0.593,0.069,0.132,0.077,0.796,0.703,0.883,0.53,0.369,0.38,-0.27,0.735,-0.078,0.82,0.676,0.77,-0.053,0.648,0.565,0.414,0.83,-0.019,0.772,0.33,0.571,-0.304,0.773,0.003,0.761,0.196,-0.142,-0.282,0.723,-0.007,0.085,0.759,-0.256,0.739,0.705,0.812,0.712,0.082,0.735,0.719,0.01,0.138,0.764,-0.298,0.559,-0.364,0.632,0.562,0.744,0.686,0.064,0.241,0.566,0.791,0.083,0.175,0.011,0.629,-0.443,0.84,0.491,-0.157,0.685,0.766,-0.313,0.489,0.243,0.818,0.23,0.807,-0.292,0.785,0.47,0.242,0.251,-0.079,0.095,-0.307,0.684,0.817,0.235,0.397,-0.106,0.673,-0.445,0.518,0.724,0.541,0.42,0.451,-0.186,0.033,0.018,-0.721,0.168,-0.058,0.428
AVDL,0.66,0.541,0.446,-0.492,0.342,0.79,0.62,0.571,0.671,0.522,0.665,-0.385,-0.491,-0.245,0.278,0.334,0.384,-0.205,0.727,0.397,0.0,0.765,0.427,-0.598,0.618,0.499,0.644,-0.137,0.449,0.402,0.276,0.07,0.155,-0.525,-0.531,0.131,0.737,0.641,-0.083,-0.255,0.566,0.623,0.173,-0.405,0.384,-0.295,0.793,0.51,0.281,0.608,-0.415,-0.08,0.085,-0.533,0.173,0.761,0.676,0.097,0.461,0.686,0.537,-0.511,0.592,-0.351,0.345,0.329,0.404,0.199,-0.599,-0.362,-0.427,-0.298,0.571,0.746,0.716,0.333,-0.457,-0.113,0.053,0.381,-0.05,0.033,-0.567,0.187,0.285,0.45,-0.747,0.348,0.263,0.619,0.618,0.086,0.226,0.362,0.745,0.537,-0.387,0.166,0.378,0.051,-0.391,-0.13,-0.132,0.657,0.657,0.525,0.372,0.627,-0.121,-0.206,0.429,-0.426,0.556,0.583,0.555,-0.264,0.482,0.317,-0.14,0.463,-0.313,0.101,0.079,0.235,-0.434,0.718,-0.629,0.573,0.329,0.549,-0.299,0.339,-0.342,-0.085,0.365,-0.588,0.256,0.651,0.553,0.778,-0.098,0.505,0.624,-0.408,-0.051,0.455,-0.194,0.374,-0.752,0.61,0.557,0.805,0.779,-0.28,-0.065,0.33,0.483,-0.102,-0.287,-0.425,0.359,-0.74,0.602,-0.29,-0.51,0.721,0.219,-0.394,0.1,-0.134,0.747,0.05,0.686,-0.425,0.644,0.191,-0.244,0.204,-0.48,-0.084,-0.411,0.311,0.572,-0.123,0.894,0.119,0.581,-0.499,0.27,0.719,0.219,0.472,0.529,-0.038,-0.46,-0.294,-0.493,-0.502,-0.358,0.569
BCRX,0.889,0.35,0.821,-0.35,0.69,0.92,0.777,0.905,0.801,0.734,0.918,-0.255,-0.693,-0.441,0.406,0.593,0.503,0.034,0.837,0.818,0.765,0.0,0.759,-0.54,0.849,0.56,0.828,-0.014,0.669,0.809,0.452,0.242,0.536,-0.459,-0.189,0.5,0.927,0.906,0.094,-0.035,0.802,0.805,0.516,-0.441,0.847,-0.376,0.9,0.742,0.614,0.677,-0.265,0.317,0.425,-0.548,0.402,0.923,0.808,0.168,0.817,0.919,0.774,-0.003,0.728,-0.087,0.662,0.601,0.418,0.51,-0.554,-0.33,0.033,-0.079,0.883,0.862,0.909,0.663,-0.595,-0.022,0.281,0.772,0.138,-0.048,-0.385,0.296,0.697,0.598,-0.73,0.645,0.48,0.878,0.877,0.517,0.623,0.638,0.927,0.867,-0.158,0.32,0.781,0.439,-0.178,-0.014,0.057,0.847,0.854,0.886,0.593,0.491,0.197,-0.298,0.774,-0.253,0.83,0.802,0.743,-0.246,0.75,0.561,0.163,0.852,-0.152,0.572,0.255,0.548,-0.446,0.956,-0.297,0.884,0.257,0.188,-0.352,0.65,-0.243,-0.033,0.751,-0.475,0.646,0.862,0.91,0.914,-0.037,0.803,0.846,-0.179,0.078,0.838,-0.351,0.575,-0.627,0.802,0.675,0.95,0.893,-0.142,0.12,0.593,0.829,-0.025,0.006,-0.238,0.65,-0.691,0.914,0.202,-0.41,0.88,0.655,-0.398,0.361,0.082,0.955,0.253,0.956,-0.41,0.893,0.422,0.06,0.293,-0.336,-0.015,-0.441,0.718,0.903,0.219,0.744,0.031,0.791,-0.611,0.564,0.876,0.54,0.551,0.67,-0.057,-0.213,-0.143,-0.751,-0.131,-0.185,0.662
BHAT,0.562,-0.031,0.636,-0.441,0.51,0.769,0.797,0.779,0.65,0.403,0.794,-0.457,-0.806,-0.638,0.064,0.699,0.148,-0.043,0.768,0.706,0.427,0.759,0.0,-0.637,0.769,0.137,0.572,-0.24,0.39,0.814,0.065,0.006,0.561,-0.494,-0.245,0.243,0.776,0.65,-0.128,-0.257,0.499,0.508,0.303,-0.534,0.728,-0.614,0.664,0.412,0.434,0.356,-0.219,0.212,0.187,-0.589,0.239,0.723,0.667,-0.122,0.629,0.832,0.752,0.071,0.317,-0.192,0.364,0.375,0.075,0.3,-0.63,-0.277,0.072,-0.301,0.793,0.723,0.687,0.386,-0.651,-0.133,0.066,0.608,-0.139,-0.389,-0.435,-0.016,0.6,0.519,-0.724,0.309,0.534,0.818,0.722,0.557,0.52,0.467,0.823,0.777,-0.363,-0.009,0.66,0.194,-0.269,-0.241,0.045,0.574,0.584,0.825,0.294,0.028,0.009,-0.586,0.714,-0.465,0.754,0.721,0.547,-0.323,0.68,0.246,-0.03,0.759,-0.42,0.631,-0.052,0.287,-0.538,0.783,-0.307,0.729,-0.135,-0.168,-0.595,0.363,-0.394,-0.366,0.583,-0.545,0.507,0.624,0.776,0.762,-0.36,0.593,0.564,-0.266,-0.211,0.716,-0.551,0.258,-0.563,0.688,0.557,0.763,0.719,-0.346,-0.063,0.375,0.668,-0.314,-0.077,-0.393,0.518,-0.686,0.744,0.228,-0.505,0.695,0.462,-0.571,0.152,-0.127,0.735,0.326,0.813,-0.642,0.748,0.094,-0.165,-0.031,-0.495,-0.241,-0.642,0.682,0.819,0.077,0.416,-0.359,0.686,-0.665,0.361,0.57,0.305,0.305,0.425,-0.236,-0.243,-0.36,-0.658,-0.16,-0.463,0.446
BLBD,-0.199,-0.06,-0.138,0.87,0.042,-0.747,-0.827,-0.448,-0.663,0.016,-0.552,0.858,0.89,0.638,0.336,-0.702,0.161,0.501,-0.796,-0.321,-0.598,-0.54,-0.637,0.0,-0.637,0.201,-0.465,0.712,0.116,-0.395,0.384,0.484,-0.294,0.796,0.745,0.402,-0.592,-0.238,0.627,0.732,-0.054,-0.225,0.299,0.765,-0.262,0.888,-0.498,-0.084,0.031,0.03,0.379,0.411,0.434,0.815,0.073,-0.59,-0.595,0.619,-0.125,-0.647,-0.677,0.495,-0.071,0.806,0.007,0.09,0.175,0.17,0.907,0.753,0.461,0.831,-0.442,-0.72,-0.576,0.212,0.54,0.43,0.549,-0.0,0.669,0.609,0.889,0.487,-0.001,-0.476,0.922,0.231,-0.465,-0.678,-0.353,-0.028,0.052,-0.057,-0.678,-0.385,0.694,0.527,-0.072,0.417,0.762,0.654,0.369,-0.302,-0.229,-0.497,0.217,0.068,0.644,0.794,-0.183,0.894,-0.503,-0.599,-0.35,0.567,-0.368,0.241,0.664,-0.272,0.862,-0.098,0.513,0.181,0.851,-0.512,0.851,-0.428,0.38,-0.012,0.907,0.088,0.745,0.736,-0.002,0.954,0.049,-0.537,-0.367,-0.692,0.753,-0.153,-0.304,0.775,0.726,-0.253,0.697,0.242,0.905,-0.596,-0.521,-0.615,-0.635,0.791,0.517,0.033,-0.165,0.693,0.641,0.876,-0.35,0.847,-0.367,0.128,0.896,-0.49,0.171,0.883,0.419,0.649,-0.475,-0.127,-0.536,0.872,-0.525,0.474,0.753,0.488,0.93,0.615,0.884,-0.371,-0.528,0.472,-0.496,0.544,-0.503,0.746,0.26,-0.269,0.324,0.02,-0.161,0.511,0.769,0.875,0.591,0.741,0.796,-0.283
BMRN,0.742,0.432,0.727,-0.598,0.464,0.856,0.866,0.892,0.757,0.654,0.858,-0.523,-0.73,-0.756,0.206,0.844,0.093,0.088,0.939,0.713,0.618,0.849,0.769,-0.637,0.0,0.439,0.853,-0.363,0.449,0.853,0.224,-0.149,0.74,-0.749,-0.283,0.337,0.897,0.782,-0.243,-0.38,0.658,0.725,0.485,-0.757,0.749,-0.517,0.915,0.71,0.31,0.364,-0.492,0.26,0.197,-0.819,0.523,0.955,0.967,-0.079,0.777,0.959,0.975,0.013,0.493,-0.282,0.688,0.335,-0.029,0.593,-0.672,-0.427,0.003,-0.32,0.936,0.957,0.814,0.406,-0.442,-0.38,0.097,0.567,-0.059,-0.464,-0.581,-0.095,0.449,0.87,-0.757,0.421,0.595,0.917,0.636,0.298,0.667,0.351,0.944,0.707,-0.255,0.092,0.667,0.27,-0.469,-0.314,0.296,0.746,0.824,0.868,0.495,0.222,-0.044,-0.647,0.649,-0.372,0.66,0.984,0.672,-0.476,0.918,0.184,-0.017,0.783,-0.247,0.414,-0.149,0.204,-0.693,0.803,-0.326,0.695,-0.099,0.212,-0.542,0.324,-0.6,-0.356,0.671,-0.578,0.394,0.825,0.854,0.944,-0.209,0.681,0.885,-0.432,-0.176,0.855,-0.682,0.218,-0.576,0.967,0.723,0.909,0.959,-0.456,-0.301,0.703,0.665,-0.358,-0.248,-0.477,0.815,-0.777,0.772,0.302,-0.658,0.945,0.42,-0.597,0.012,-0.24,0.832,0.184,0.925,-0.676,0.953,0.141,-0.104,-0.086,-0.515,-0.434,-0.553,0.838,0.771,0.175,0.695,-0.039,0.816,-0.9,0.466,0.586,0.244,0.147,0.586,0.066,-0.321,-0.325,-0.661,-0.267,-0.32,0.81
BNGO,0.789,0.69,0.655,0.139,0.542,0.322,0.128,0.514,0.3,0.877,0.401,0.317,0.131,-0.038,0.729,0.029,0.437,0.447,0.304,0.368,0.499,0.56,0.137,0.201,0.439,0.0,0.559,0.416,0.752,0.422,0.81,0.425,0.333,-0.072,0.258,0.77,0.511,0.757,0.388,0.34,0.793,0.681,0.788,-0.029,0.476,0.438,0.676,0.774,0.417,0.74,-0.268,0.566,0.685,-0.079,0.545,0.58,0.504,0.738,0.725,0.458,0.331,0.199,0.688,0.459,0.74,0.512,0.397,0.788,0.107,0.324,0.141,0.454,0.584,0.407,0.424,0.743,0.056,0.121,0.759,0.667,0.615,0.327,0.132,0.616,0.486,0.423,-0.035,0.784,0.123,0.311,0.48,0.149,0.665,0.382,0.445,0.399,0.287,0.844,0.599,0.674,0.176,0.382,0.586,0.63,0.814,0.384,0.872,0.696,0.58,0.305,0.538,0.457,0.241,0.451,0.451,0.052,0.583,0.618,0.553,0.575,0.584,0.149,0.49,0.469,0.19,0.509,0.246,0.417,0.601,0.591,0.438,0.531,0.109,0.478,0.729,0.22,0.43,0.432,0.601,0.437,0.64,0.644,0.744,0.229,0.642,0.659,0.136,0.674,0.067,0.485,0.276,0.547,0.54,0.328,0.274,0.798,0.635,0.42,0.304,0.31,0.423,-0.124,0.523,0.066,0.119,0.647,0.598,0.332,0.51,0.418,0.584,-0.05,0.555,0.198,0.548,0.751,0.583,0.641,0.28,0.273,0.304,0.422,0.331,0.619,0.606,0.738,0.418,-0.186,0.851,0.621,0.696,0.429,0.677,0.692,0.258,0.532,-0.118,0.237,0.403,0.707
BUSE,0.813,0.523,0.749,-0.427,0.492,0.799,0.694,0.819,0.781,0.737,0.803,-0.32,-0.565,-0.577,0.369,0.654,0.27,0.13,0.802,0.643,0.644,0.828,0.572,-0.465,0.853,0.559,0.0,-0.122,0.574,0.742,0.4,-0.015,0.623,-0.596,-0.182,0.448,0.836,0.814,-0.085,-0.134,0.71,0.862,0.53,-0.561,0.733,-0.326,0.876,0.722,0.381,0.451,-0.294,0.303,0.356,-0.619,0.591,0.896,0.883,0.102,0.749,0.861,0.817,0.012,0.721,-0.147,0.687,0.412,0.173,0.613,-0.469,-0.362,0.06,-0.114,0.824,0.875,0.852,0.498,-0.344,-0.182,0.251,0.599,0.095,-0.207,-0.411,0.122,0.485,0.769,-0.612,0.538,0.51,0.839,0.665,0.324,0.622,0.418,0.86,0.642,0.046,0.248,0.64,0.395,-0.272,-0.042,0.217,0.758,0.824,0.788,0.601,0.385,0.095,-0.374,0.625,-0.184,0.596,0.843,0.644,-0.452,0.828,0.37,0.103,0.715,-0.048,0.383,0.078,0.426,-0.527,0.774,-0.211,0.709,0.073,0.349,-0.342,0.516,-0.402,-0.109,0.697,-0.412,0.472,0.922,0.79,0.854,-0.033,0.677,0.873,-0.242,0.035,0.81,-0.432,0.368,-0.465,0.845,0.675,0.853,0.862,-0.259,-0.119,0.709,0.702,-0.1,-0.1,-0.273,0.886,-0.623,0.781,0.288,-0.465,0.864,0.513,-0.342,0.171,-0.014,0.783,0.249,0.853,-0.395,0.867,0.303,0.062,0.154,-0.299,-0.212,-0.397,0.769,0.721,0.319,0.698,0.156,0.744,-0.69,0.523,0.656,0.384,0.278,0.694,0.139,-0.162,-0.125,-0.669,-0.131,0.004,0.808
CAKE,0.259,-0.095,0.281,0.841,0.526,-0.222,-0.502,-0.045,-0.284,0.359,-0.063,0.796,0.536,0.627,0.562,-0.53,0.6,0.401,-0.434,0.077,-0.137,-0.014,-0.24,0.712,-0.363,0.416,-0.122,0.0,0.507,-0.027,0.69,0.838,-0.295,0.747,0.581,0.665,-0.128,0.236,0.875,0.89,0.398,0.187,0.499,0.756,0.186,0.723,-0.115,0.186,0.534,0.521,0.558,0.431,0.712,0.732,0.201,-0.209,-0.328,0.83,0.246,-0.248,-0.483,0.37,0.413,0.843,0.122,0.564,0.7,0.184,0.666,0.628,0.507,0.895,-0.1,-0.392,-0.066,0.606,0.009,0.721,0.798,0.433,0.773,0.812,0.824,0.847,0.545,-0.396,0.51,0.606,-0.333,-0.258,0.275,0.45,0.231,0.531,-0.24,0.145,0.608,0.733,0.33,0.636,0.897,0.883,0.118,0.145,0.139,-0.068,0.527,0.406,0.83,0.834,0.324,0.728,0.046,-0.404,-0.068,0.641,-0.144,0.702,0.746,0.111,0.718,0.307,0.877,0.663,0.778,0.024,0.651,0.093,0.732,0.074,0.743,0.627,0.829,0.889,0.394,0.717,0.585,-0.098,0.027,-0.289,0.716,0.239,-0.028,0.852,0.903,0.08,0.798,0.729,0.57,-0.371,-0.237,-0.137,-0.277,0.896,0.877,0.129,0.346,0.895,0.81,0.879,-0.206,0.484,0.203,0.145,0.841,-0.164,0.594,0.77,0.81,0.941,0.023,0.069,-0.089,0.79,-0.176,0.78,0.763,0.871,0.819,0.917,0.612,-0.108,0.015,0.53,-0.197,0.467,-0.179,0.655,0.528,0.348,0.743,0.577,0.268,0.275,0.804,0.853,0.178,0.787,0.69,-0.095
CASY,0.851,0.332,0.864,0.234,0.769,0.438,0.271,0.663,0.397,0.811,0.585,0.355,-0.111,-0.069,0.659,0.064,0.676,0.348,0.322,0.589,0.449,0.669,0.39,0.116,0.449,0.752,0.574,0.507,0.0,0.59,0.808,0.602,0.367,0.101,0.318,0.835,0.621,0.831,0.52,0.464,0.836,0.733,0.788,0.12,0.691,0.201,0.62,0.727,0.641,0.834,-0.048,0.615,0.802,0.026,0.391,0.574,0.471,0.689,0.791,0.548,0.316,0.333,0.725,0.478,0.633,0.691,0.581,0.675,0.003,0.241,0.312,0.484,0.658,0.414,0.575,0.856,-0.222,0.388,0.75,0.843,0.689,0.397,0.155,0.667,0.766,0.234,-0.122,0.85,0.087,0.484,0.757,0.596,0.696,0.65,0.527,0.67,0.274,0.757,0.808,0.775,0.368,0.417,0.364,0.66,0.784,0.594,0.827,0.538,0.709,0.271,0.799,0.348,0.539,0.434,0.614,0.135,0.575,0.816,0.661,0.776,0.443,0.552,0.604,0.73,0.113,0.704,0.278,0.693,0.487,0.19,0.253,0.76,0.266,0.45,0.803,0.203,0.766,0.563,0.715,0.527,0.449,0.881,0.677,0.383,0.604,0.733,0.161,0.844,-0.073,0.422,0.36,0.596,0.525,0.432,0.513,0.652,0.804,0.517,0.549,0.333,0.413,-0.224,0.734,0.129,0.212,0.616,0.836,0.211,0.664,0.541,0.692,0.331,0.679,0.119,0.566,0.855,0.636,0.65,0.281,0.452,0.099,0.503,0.617,0.536,0.556,0.489,0.449,-0.123,0.797,0.781,0.823,0.706,0.645,0.317,0.326,0.471,-0.367,0.322,0.31,0.562
CCOI,0.777,0.125,0.857,-0.243,0.75,0.765,0.726,0.932,0.625,0.699,0.876,-0.248,-0.62,-0.55,0.363,0.725,0.276,0.31,0.778,0.844,0.402,0.809,0.814,-0.395,0.853,0.422,0.742,-0.027,0.59,0.0,0.381,0.18,0.662,-0.437,-0.023,0.575,0.843,0.828,0.126,-0.035,0.767,0.695,0.651,-0.453,0.907,-0.337,0.786,0.686,0.535,0.443,-0.131,0.436,0.401,-0.529,0.545,0.815,0.808,0.135,0.881,0.854,0.81,0.282,0.494,0.063,0.667,0.519,0.173,0.597,-0.442,-0.19,0.344,-0.019,0.915,0.761,0.807,0.631,-0.574,-0.077,0.36,0.781,0.181,-0.267,-0.234,0.151,0.737,0.671,-0.583,0.587,0.436,0.88,0.761,0.673,0.808,0.644,0.847,0.818,-0.056,0.254,0.863,0.543,-0.072,-0.007,0.305,0.774,0.81,0.935,0.619,0.239,0.287,-0.422,0.839,-0.159,0.785,0.828,0.65,-0.224,0.857,0.423,0.306,0.868,-0.068,0.712,0.156,0.412,-0.409,0.814,-0.025,0.725,0.058,0.002,-0.375,0.598,-0.264,-0.092,0.845,-0.322,0.675,0.758,0.854,0.825,-0.033,0.772,0.787,-0.08,0.101,0.915,-0.468,0.465,-0.34,0.792,0.535,0.828,0.816,-0.12,0.056,0.684,0.844,-0.074,0.094,-0.129,0.716,-0.609,0.87,0.477,-0.326,0.82,0.702,-0.388,0.361,0.121,0.812,0.228,0.88,-0.475,0.885,0.393,0.163,0.165,-0.211,-0.111,-0.415,0.85,0.853,0.293,0.433,-0.025,0.67,-0.669,0.613,0.673,0.519,0.316,0.611,0.005,0.053,-0.057,-0.636,0.123,-0.153,0.667
CEVA,0.72,0.425,0.701,0.448,0.694,0.237,-0.047,0.409,0.183,0.785,0.381,0.541,0.205,0.208,0.759,-0.075,0.632,0.482,0.111,0.403,0.276,0.452,0.065,0.384,0.224,0.81,0.4,0.69,0.808,0.381,0.0,0.69,0.153,0.254,0.475,0.848,0.388,0.696,0.672,0.653,0.764,0.626,0.794,0.251,0.544,0.517,0.444,0.72,0.551,0.734,0.131,0.608,0.816,0.216,0.519,0.368,0.266,0.792,0.663,0.283,0.108,0.389,0.717,0.652,0.631,0.717,0.625,0.648,0.319,0.405,0.399,0.685,0.413,0.171,0.372,0.848,-0.069,0.421,0.858,0.743,0.774,0.532,0.443,0.772,0.685,0.159,0.113,0.818,-0.086,0.25,0.557,0.463,0.642,0.595,0.306,0.465,0.446,0.838,0.651,0.792,0.537,0.643,0.394,0.569,0.661,0.36,0.859,0.622,0.772,0.498,0.563,0.612,0.346,0.211,0.38,0.3,0.403,0.805,0.739,0.533,0.696,0.407,0.757,0.692,0.391,0.466,0.442,0.411,0.67,0.395,0.5,0.725,0.419,0.706,0.727,0.381,0.669,0.391,0.485,0.267,0.675,0.645,0.566,0.555,0.813,0.55,0.402,0.83,0.219,0.264,0.214,0.395,0.308,0.658,0.635,0.617,0.674,0.677,0.608,0.588,0.293,0.068,0.559,0.281,0.423,0.406,0.757,0.466,0.684,0.721,0.513,0.087,0.418,0.44,0.391,0.914,0.764,0.798,0.532,0.593,0.401,0.361,0.369,0.652,0.308,0.717,0.275,0.088,0.797,0.672,0.816,0.596,0.61,0.479,0.477,0.701,-0.14,0.504,0.551,0.434
