,AAPL,ACRS,ADP,AFYA,AGNC,AGYS,ALT,AMGN,AMPH,AMZN,ANIP,AOSL,APDN,APLT,APVO,ARGX,ARLP,ATEX,ATRA,AUTL,AVDL,BCRX,BHAT,BLBD,BMRN,BNGO,BUSE,CAKE,CASY,CCOI,CEVA,CHY,CLDX,CLMT,COHU,COLM,COST,CPRT,CSWC,CSX,DBX,DCOM,DKNG,DMLP,DOX,EA,EDIT,ENPH,ENSG,ERNA,ESGR,ETNB,EXTR,FANG,FARO,FATE,FGEN,FIVE,FIVN,FLGT,FOLD,FORM,FOXA,FRPT,FSLR,FTAI,GBDC,GDYN,GGAL,GNLN,GRFS,GT,HCAT,HCM,HFWA,HOLX,HQY,HUBG,IAC,ICLR,IDCC,IEP,IHRT,ILMN,ILPT,IMAB,IMOS,INMD,INTZ,JAZZ,JKHY,JRVR,KIDS,LBRDK,LGND,LMAT,LPLA,LULU,MASI,MAT,MATW,MBIN,MBIO,MCRB,MDB,MDLZ,MELI,MIRM,MLKN,MNMD,MNRO,MPWR,MRCY,MRSN,MTVA,NAAS,NDAQ,NDSN,NEGG,NOVT,NVDA,NWE,NWSA,NXST,OCX,ODFL,OMAB,OPCH,OPRA,ORGO,OTRK,OZK,PAGP,PCH,PEGA,PENG,PENN,PFBC,PGNY,PHAT,PHUN,PINC,PLUG,PLXS,PYPL,QLYS,QNCX,QQQX,QVCGA,RAPT,RBBN,RCKT,REPL,RMBS,ROAD,ROKU,ROP,RUSHA,SANM,SATS,SBCF,SBLK,SBUX,SCHL,SCSC,SDGR,SEIC,SFIX,SGRY,SKYW,SLP,SNES,STAA,STLD,STOK,SWKS,TER,TFIN,TIGO,TILE,TPIC,TTEC,TTEK,TTGT,UXIN,VERU,VLYPP,VNOM,VRNS,VRSN,WDAY,WERN,WINA,WKHS,WRLD,XP,XTKG,YY,ZION,ZM
AAPL,0.0,0.248,0.865,0.049,0.319,0.683,0.753,0.724,0.841,-0.127,0.816,0.857,-0.393,0.604,0.178,0.872,0.334,0.131,0.77,-0.332,0.265,-0.102,-0.592,0.376,0.07,0.596,0.741,0.774,0.788,0.503,0.702,0.606,0.75,0.732,0.86,0.83,0.875,0.775,0.714,0.802,0.884,0.881,0.313,0.634,0.913,0.784,0.418,0.659,0.705,-0.486,0.879,0.751,0.777,0.766,0.572,-0.087,0.725,0.646,0.139,0.792,-0.075,-0.381,-0.477,0.015,0.299,0.625,0.664,-0.293,0.631,-0.484,0.449,0.637,0.021,0.298,0.768,0.45,0.79,0.694,-0.093,0.626,0.891,0.813,0.68,0.865,0.387,0.468,0.679,0.567,-0.009,0.638,0.898,0.709,0.023,0.776,-0.422,-0.198,0.504,0.763,0.185,-0.301,0.843,0.61,0.414,0.19,0.388,0.655,0.476,0.756,0.743,-0.179,0.489,0.302,0.704,0.493,-0.545,0.337,0.722,0.866,0.293,0.836,0.809,0.65,0.839,0.527,-0.344,0.459,0.786,-0.248,0.111,0.3,-0.615,0.347,0.659,0.782,0.742,0.4,0.729,0.842,0.803,0.433,-0.12,0.477,-0.614,0.754,0.317,0.637,-0.427,0.814,0.722,0.194,0.843,0.644,0.195,0.566,0.835,0.423,0.73,0.848,0.846,0.834,-0.197,-0.64,-0.131,0.802,0.801,0.139,0.564,0.035,0.7,0.384,-0.561,-0.603,0.369,0.824,0.867,0.686,0.775,-0.508,-0.509,0.844,-0.276,0.394,0.813,0.466,-0.428,0.708,-0.557,0.626,0.083,0.874,0.72,0.035,0.825,0.593,-0.337,-0.398,-0.594,-0.231,0.39,0.896
ACRS,0.248,0.0,0.174,-0.639,-0.255,-0.281,-0.147,-0.098,0.24,0.605,0.071,0.103,-0.089,-0.005,-0.467,0.367,-0.334,-0.499,-0.051,0.15,-0.236,0.279,0.338,-0.363,0.694,-0.094,-0.092,-0.034,-0.098,-0.016,-0.061,-0.33,-0.02,0.048,-0.042,0.054,-0.027,-0.048,-0.138,0.109,0.406,0.04,-0.265,0.54,-0.003,0.095,-0.221,-0.342,-0.034,0.299,0.118,-0.018,-0.094,0.047,-0.216,-0.323,0.441,-0.214,0.119,-0.088,0.561,0.493,-0.169,-0.499,-0.426,-0.255,0.411,0.152,0.14,0.501,0.038,0.182,0.21,0.119,0.025,-0.191,0.224,-0.115,0.086,-0.115,0.207,0.186,0.585,0.106,0.701,0.277,0.216,0.023,0.268,-0.261,-0.032,-0.271,0.418,-0.148,-0.261,0.475,-0.379,-0.144,0.657,0.388,0.128,0.311,-0.465,-0.451,0.48,-0.156,-0.006,0.052,-0.17,-0.238,0.465,-0.068,-0.099,0.078,0.172,0.116,-0.239,0.063,0.333,-0.042,-0.025,-0.084,0.437,0.716,0.527,0.103,-0.031,0.549,-0.522,-0.147,-0.154,0.175,0.011,0.236,-0.205,-0.102,-0.113,0.114,-0.136,-0.092,-0.542,0.277,-0.022,-0.023,0.354,0.111,-0.111,0.257,-0.199,-0.189,0.34,-0.104,0.086,-0.098,0.119,0.013,-0.251,0.111,0.162,0.077,0.339,0.291,0.206,0.042,0.02,-0.444,-0.328,-0.605,0.211,0.295,0.257,0.1,0.309,0.124,0.135,0.15,-0.064,-0.133,0.057,-0.043,-0.446,-0.032,0.019,0.294,-0.033,-0.071,0.061,0.091,0.357,-0.085,0.22,-0.1,0.005,-0.206,0.599,-0.292,-0.183,-0.09,0.043,0.232
ADP,0.865,0.174,0.0,0.208,0.495,0.787,0.835,0.803,0.848,-0.375,0.894,0.882,-0.428,0.829,0.382,0.876,0.442,0.377,0.845,-0.537,0.583,-0.37,-0.739,0.532,-0.151,0.653,0.885,0.734,0.874,0.734,0.763,0.674,0.833,0.827,0.854,0.821,0.851,0.882,0.853,0.917,0.805,0.889,0.478,0.539,0.863,0.855,0.578,0.758,0.864,-0.507,0.913,0.82,0.877,0.81,0.697,-0.046,0.776,0.71,0.115,0.806,-0.203,-0.567,-0.434,0.294,0.53,0.774,0.599,-0.366,0.709,-0.621,0.719,0.355,-0.115,0.444,0.857,0.726,0.842,0.858,-0.082,0.787,0.737,0.839,0.605,0.773,0.277,0.558,0.747,0.62,-0.143,0.808,0.847,0.787,-0.204,0.852,-0.082,-0.336,0.695,0.849,0.024,-0.488,0.883,0.599,0.558,0.397,0.143,0.841,0.616,0.861,0.871,-0.138,0.391,0.308,0.781,0.662,-0.66,0.619,0.789,0.932,0.195,0.898,0.883,0.747,0.797,0.348,-0.521,0.45,0.859,-0.409,0.338,0.404,-0.67,0.587,0.819,0.758,0.79,0.565,0.821,0.873,0.812,0.57,0.024,0.264,-0.665,0.893,0.121,0.414,-0.473,0.77,0.793,0.202,0.777,0.739,0.458,0.77,0.862,0.453,0.847,0.898,0.877,0.822,-0.102,-0.694,-0.139,0.851,0.908,0.341,0.76,0.095,0.778,0.279,-0.631,-0.625,0.237,0.808,0.712,0.62,0.79,-0.439,-0.315,0.911,-0.105,0.352,0.89,0.237,-0.533,0.786,-0.682,0.723,-0.204,0.867,0.613,0.047,0.87,0.735,-0.514,-0.277,-0.643,0.052,0.46,0.855
AFYA,0.049,-0.639,0.208,0.0,0.533,0.585,0.488,0.213,0.008,-0.651,0.168,0.326,-0.203,0.302,0.765,0.03,0.755,0.779,0.442,-0.387,0.604,-0.496,-0.55,0.758,-0.47,0.5,0.326,0.09,0.311,0.377,0.55,0.751,0.214,0.096,0.387,0.38,0.348,0.462,0.413,0.18,-0.031,0.121,0.762,-0.376,0.313,0.158,0.596,0.629,0.422,-0.434,0.095,0.188,0.377,0.244,0.695,0.546,-0.2,0.61,0.3,0.469,-0.746,-0.515,0.361,0.818,0.788,0.689,-0.27,-0.015,0.297,-0.596,0.485,-0.221,-0.122,0.079,0.112,0.606,-0.007,0.408,0.221,0.615,-0.021,-0.022,-0.487,0.13,-0.695,-0.023,-0.081,0.078,-0.278,0.647,0.259,0.473,-0.504,0.498,0.423,-0.519,0.712,0.542,-0.555,-0.502,0.031,-0.181,0.725,0.679,-0.317,0.398,0.558,0.338,0.466,0.397,-0.316,0.622,0.368,0.483,-0.448,0.116,0.626,0.357,0.004,0.381,0.39,0.086,-0.249,-0.636,-0.594,0.302,0.259,-0.578,0.74,0.394,0.118,0.045,0.206,-0.122,0.501,0.643,0.589,0.097,0.427,0.512,0.791,-0.291,-0.014,0.419,-0.07,0.118,0.019,0.019,0.455,0.591,-0.075,0.423,0.057,0.448,0.135,0.492,0.541,0.052,0.072,0.142,-0.395,-0.427,-0.175,0.254,0.207,0.904,0.628,0.873,0.088,-0.263,-0.229,-0.25,-0.117,0.104,0.007,0.375,0.502,0.138,0.101,0.371,0.664,0.42,0.241,-0.081,0.084,0.336,-0.222,0.196,-0.56,0.342,0.149,0.165,0.199,0.677,-0.644,0.586,0.111,0.387,0.322,0.089
AGNC,0.319,-0.255,0.495,0.533,0.0,0.612,0.614,0.537,0.341,-0.61,0.474,0.466,-0.026,0.578,0.622,0.331,0.46,0.65,0.519,-0.344,0.743,-0.471,-0.62,0.517,-0.376,0.575,0.626,0.545,0.55,0.548,0.542,0.567,0.605,0.464,0.471,0.482,0.416,0.614,0.586,0.514,0.212,0.517,0.547,-0.082,0.414,0.331,0.772,0.588,0.562,-0.271,0.389,0.522,0.546,0.38,0.671,0.396,0.247,0.48,0.144,0.511,-0.234,-0.649,-0.081,0.533,0.593,0.662,0.152,-0.226,0.202,-0.588,0.651,0.003,-0.004,0.459,0.524,0.669,0.408,0.665,-0.129,0.575,0.328,0.285,0.158,0.237,-0.158,0.414,0.321,0.509,-0.428,0.666,0.497,0.664,-0.393,0.646,0.228,-0.585,0.671,0.666,-0.171,-0.402,0.425,0.279,0.695,0.711,-0.116,0.641,0.463,0.516,0.65,0.3,-0.092,0.195,0.38,0.531,-0.286,0.555,0.539,0.533,0.129,0.535,0.529,0.572,0.185,-0.27,-0.562,0.301,0.425,-0.513,0.641,0.66,-0.26,0.541,0.512,0.353,0.651,0.443,0.578,0.418,0.716,0.662,0.502,-0.05,-0.24,0.546,-0.088,0.245,0.033,0.527,0.661,0.337,0.115,0.7,0.461,0.516,0.41,0.492,0.694,0.474,0.334,0.457,0.051,-0.389,0.165,0.357,0.52,0.565,0.698,0.545,0.491,-0.033,-0.367,-0.339,0.289,0.249,0.232,0.269,0.41,0.114,0.066,0.616,0.358,0.354,0.541,-0.008,-0.322,0.702,-0.475,0.342,-0.417,0.585,0.262,0.396,0.488,0.742,-0.546,-0.022,-0.246,0.459,0.475,0.386
AGYS,0.683,-0.281,0.787,0.585,0.612,0.0,0.963,0.799,0.724,-0.648,0.829,0.849,-0.46,0.756,0.639,0.699,0.686,0.628,0.887,-0.626,0.703,-0.491,-0.892,0.795,-0.427,0.766,0.875,0.713,0.888,0.677,0.816,0.899,0.786,0.788,0.881,0.779,0.866,0.859,0.896,0.799,0.604,0.79,0.693,0.307,0.86,0.774,0.644,0.979,0.844,-0.669,0.793,0.831,0.908,0.813,0.825,0.163,0.508,0.855,0.176,0.898,-0.55,-0.788,-0.358,0.582,0.758,0.874,0.344,-0.404,0.641,-0.822,0.693,0.285,-0.157,0.444,0.763,0.78,0.669,0.844,-0.071,0.883,0.598,0.715,0.243,0.771,-0.227,0.484,0.607,0.565,-0.308,0.93,0.816,0.855,-0.349,0.912,-0.032,-0.494,0.871,0.942,-0.333,-0.713,0.768,0.325,0.826,0.624,-0.03,0.844,0.586,0.862,0.94,0.098,-0.04,0.403,0.845,0.627,-0.771,0.517,0.914,0.848,0.175,0.922,0.896,0.727,0.541,-0.031,-0.734,0.371,0.864,-0.679,0.598,0.422,-0.519,0.321,0.772,0.521,0.929,0.636,0.892,0.773,0.876,0.677,0.315,0.176,-0.627,0.896,0.04,0.407,-0.387,0.616,0.868,0.367,0.61,0.854,0.284,0.789,0.825,0.442,0.957,0.737,0.759,0.688,-0.412,-0.843,-0.328,0.829,0.846,0.6,0.895,0.487,0.634,0.165,-0.742,-0.656,0.035,0.754,0.682,0.569,0.886,-0.365,-0.471,0.91,0.196,0.42,0.829,0.125,-0.393,0.823,-0.728,0.705,-0.332,0.848,0.582,0.023,0.842,0.885,-0.786,-0.115,-0.514,0.152,0.387,0.757
ALT,0.753,-0.147,0.835,0.488,0.614,0.963,0.0,0.838,0.814,-0.586,0.887,0.911,-0.466,0.814,0.597,0.798,0.648,0.552,0.926,-0.627,0.707,-0.453,-0.887,0.765,-0.359,0.759,0.905,0.76,0.92,0.728,0.843,0.87,0.855,0.825,0.901,0.819,0.885,0.873,0.916,0.871,0.706,0.847,0.666,0.369,0.889,0.833,0.663,0.943,0.852,-0.645,0.861,0.867,0.933,0.846,0.833,0.127,0.64,0.839,0.222,0.936,-0.421,-0.766,-0.414,0.522,0.699,0.884,0.446,-0.397,0.669,-0.77,0.733,0.328,-0.162,0.475,0.81,0.799,0.753,0.886,-0.086,0.892,0.671,0.782,0.377,0.823,-0.099,0.574,0.671,0.661,-0.276,0.944,0.853,0.841,-0.308,0.941,-0.058,-0.45,0.839,0.951,-0.2,-0.644,0.827,0.443,0.788,0.579,0.051,0.869,0.597,0.899,0.951,0.057,0.026,0.403,0.843,0.683,-0.74,0.576,0.902,0.888,0.238,0.955,0.933,0.775,0.642,0.085,-0.711,0.362,0.893,-0.635,0.535,0.449,-0.585,0.393,0.812,0.584,0.95,0.652,0.915,0.833,0.893,0.648,0.247,0.225,-0.658,0.928,0.095,0.435,-0.38,0.701,0.885,0.368,0.711,0.872,0.384,0.81,0.879,0.45,0.956,0.806,0.828,0.753,-0.334,-0.818,-0.284,0.871,0.902,0.554,0.891,0.372,0.695,0.251,-0.747,-0.694,0.104,0.807,0.746,0.626,0.892,-0.405,-0.464,0.948,0.085,0.466,0.853,0.17,-0.458,0.871,-0.774,0.707,-0.281,0.872,0.645,0.021,0.883,0.896,-0.736,-0.19,-0.583,0.178,0.443,0.834
AMGN,0.724,-0.098,0.803,0.213,0.537,0.799,0.838,0.0,0.791,-0.569,0.927,0.744,-0.145,0.75,0.328,0.785,0.241,0.357,0.875,-0.528,0.524,-0.432,-0.865,0.389,-0.344,0.772,0.926,0.813,0.937,0.534,0.542,0.578,0.961,0.904,0.785,0.697,0.805,0.736,0.886,0.886,0.536,0.892,0.255,0.47,0.769,0.789,0.484,0.785,0.877,-0.717,0.875,0.85,0.861,0.84,0.587,-0.193,0.77,0.645,-0.269,0.757,-0.224,-0.757,-0.534,0.328,0.558,0.709,0.545,-0.759,0.485,-0.751,0.557,0.308,-0.426,0.307,0.925,0.695,0.906,0.86,-0.515,0.662,0.69,0.836,0.492,0.727,0.108,0.398,0.65,0.705,-0.47,0.759,0.76,0.798,-0.373,0.776,-0.097,-0.39,0.723,0.812,-0.234,-0.579,0.924,0.512,0.574,0.422,-0.138,0.931,0.252,0.838,0.882,-0.321,0.084,-0.052,0.772,0.441,-0.701,0.552,0.761,0.747,-0.051,0.884,0.806,0.829,0.727,0.186,-0.536,0.314,0.932,-0.482,0.381,0.321,-0.85,0.472,0.84,0.684,0.746,0.293,0.721,0.912,0.786,0.458,-0.015,0.14,-0.823,0.864,-0.211,0.203,-0.637,0.682,0.862,0.03,0.687,0.694,0.531,0.753,0.86,0.109,0.831,0.912,0.897,0.846,-0.321,-0.729,-0.347,0.885,0.932,0.192,0.734,0.1,0.669,0.328,-0.802,-0.81,0.066,0.864,0.691,0.257,0.656,-0.6,-0.464,0.827,-0.293,0.068,0.864,-0.079,-0.786,0.765,-0.862,0.713,-0.296,0.764,0.336,0.067,0.963,0.686,-0.603,-0.509,-0.855,-0.097,0.225,0.774
AMPH,0.841,0.24,0.848,0.008,0.341,0.724,0.814,0.791,0.0,-0.289,0.91,0.852,-0.483,0.76,0.201,0.902,0.349,0.207,0.803,-0.562,0.408,-0.274,-0.674,0.471,-0.14,0.541,0.829,0.752,0.87,0.649,0.702,0.57,0.791,0.853,0.842,0.69,0.823,0.689,0.818,0.862,0.831,0.864,0.383,0.645,0.85,0.864,0.419,0.687,0.738,-0.529,0.944,0.854,0.856,0.852,0.532,-0.228,0.823,0.592,0.097,0.801,-0.109,-0.551,-0.589,0.157,0.389,0.637,0.579,-0.432,0.681,-0.557,0.567,0.415,-0.179,0.473,0.844,0.596,0.864,0.755,-0.178,0.645,0.737,0.885,0.651,0.831,0.267,0.553,0.814,0.58,-0.124,0.713,0.801,0.67,-0.11,0.745,-0.249,-0.234,0.561,0.734,0.059,-0.445,0.917,0.547,0.476,0.271,0.188,0.753,0.428,0.797,0.791,-0.234,0.279,0.202,0.788,0.583,-0.644,0.569,0.696,0.815,0.194,0.864,0.844,0.838,0.876,0.44,-0.484,0.175,0.859,-0.418,0.193,0.216,-0.708,0.363,0.831,0.769,0.742,0.476,0.76,0.883,0.723,0.402,-0.142,0.328,-0.762,0.84,0.105,0.407,-0.51,0.704,0.679,0.081,0.858,0.705,0.426,0.724,0.895,0.214,0.765,0.877,0.915,0.784,-0.209,-0.708,-0.269,0.868,0.891,0.148,0.654,-0.11,0.645,0.307,-0.74,-0.654,0.136,0.876,0.813,0.559,0.759,-0.605,-0.579,0.843,-0.248,0.233,0.849,0.202,-0.568,0.716,-0.746,0.749,-0.066,0.779,0.619,-0.157,0.864,0.616,-0.481,-0.435,-0.704,-0.091,0.268,0.889
AMZN,-0.127,0.605,-0.375,-0.651,-0.61,-0.648,-0.586,-0.569,-0.289,0.0,-0.494,-0.327,0.118,-0.65,-0.542,-0.212,-0.507,-0.834,-0.502,0.67,-0.723,0.783,0.816,-0.611,0.834,-0.434,-0.659,-0.375,-0.61,-0.543,-0.454,-0.602,-0.525,-0.505,-0.517,-0.283,-0.35,-0.414,-0.701,-0.415,0.044,-0.428,-0.561,0.189,-0.329,-0.375,-0.57,-0.655,-0.582,0.586,-0.397,-0.476,-0.642,-0.47,-0.51,-0.086,-0.087,-0.407,0.163,-0.416,0.674,0.904,0.026,-0.736,-0.836,-0.708,0.183,0.5,-0.267,0.897,-0.531,0.35,0.526,-0.292,-0.555,-0.783,-0.39,-0.646,0.26,-0.543,0.005,-0.319,0.262,-0.123,0.592,-0.085,-0.324,-0.251,0.545,-0.701,-0.354,-0.629,0.803,-0.56,-0.455,0.838,-0.778,-0.553,0.747,0.765,-0.408,0.125,-0.822,-0.813,0.679,-0.721,-0.323,-0.507,-0.678,-0.038,0.266,-0.124,-0.515,-0.462,0.648,-0.565,-0.585,-0.356,0.42,-0.534,-0.514,-0.523,-0.04,0.599,0.803,0.094,-0.541,0.875,-0.851,-0.222,0.343,-0.303,-0.599,-0.096,-0.562,-0.375,-0.57,-0.426,-0.502,-0.336,-0.536,0.43,0.508,-0.591,0.592,0.212,0.27,-0.094,-0.54,-0.068,-0.038,-0.541,-0.477,-0.712,-0.311,-0.137,-0.698,-0.372,-0.343,-0.333,0.343,0.67,0.303,-0.428,-0.542,-0.602,-0.791,-0.458,-0.178,0.351,0.681,0.44,0.349,-0.295,-0.071,-0.036,-0.397,0.197,0.073,-0.494,-0.331,0.029,-0.495,0.514,0.487,-0.427,0.665,-0.433,0.765,-0.487,0.108,0.01,-0.479,-0.588,0.883,-0.132,0.336,-0.303,-0.05,-0.199
ANIP,0.816,0.071,0.894,0.168,0.474,0.829,0.887,0.927,0.91,-0.494,0.0,0.863,-0.406,0.844,0.302,0.9,0.386,0.353,0.898,-0.63,0.544,-0.45,-0.85,0.516,-0.265,0.703,0.939,0.798,0.971,0.679,0.714,0.656,0.925,0.953,0.88,0.757,0.87,0.789,0.939,0.93,0.736,0.914,0.411,0.619,0.857,0.911,0.481,0.813,0.881,-0.654,0.963,0.922,0.945,0.929,0.628,-0.253,0.818,0.689,-0.061,0.803,-0.237,-0.715,-0.589,0.315,0.566,0.747,0.554,-0.616,0.68,-0.718,0.627,0.315,-0.33,0.437,0.943,0.739,0.936,0.858,-0.324,0.749,0.698,0.931,0.576,0.818,0.165,0.527,0.838,0.65,-0.358,0.804,0.811,0.778,-0.301,0.82,-0.122,-0.351,0.71,0.854,-0.139,-0.629,0.976,0.511,0.585,0.385,0.006,0.914,0.428,0.916,0.914,-0.282,0.198,0.136,0.875,0.585,-0.767,0.669,0.806,0.852,0.066,0.952,0.922,0.849,0.848,0.316,-0.574,0.244,0.971,-0.514,0.355,0.246,-0.832,0.448,0.932,0.736,0.801,0.45,0.807,0.957,0.798,0.483,-0.056,0.191,-0.867,0.937,-0.038,0.286,-0.63,0.729,0.818,0.041,0.83,0.764,0.475,0.847,0.942,0.22,0.867,0.927,0.965,0.838,-0.311,-0.809,-0.354,0.933,0.985,0.234,0.774,0.038,0.712,0.284,-0.833,-0.757,0.045,0.923,0.778,0.451,0.782,-0.649,-0.545,0.897,-0.234,0.156,0.941,0.041,-0.704,0.775,-0.873,0.824,-0.254,0.825,0.506,-0.115,0.961,0.737,-0.618,-0.452,-0.826,-0.054,0.222,0.897
AOSL,0.857,0.103,0.882,0.326,0.466,0.849,0.911,0.744,0.852,-0.327,0.863,0.0,-0.533,0.743,0.472,0.85,0.57,0.365,0.887,-0.512,0.541,-0.277,-0.716,0.664,-0.104,0.736,0.813,0.686,0.842,0.689,0.883,0.802,0.779,0.778,0.895,0.868,0.894,0.848,0.83,0.851,0.856,0.816,0.603,0.511,0.911,0.876,0.587,0.829,0.812,-0.563,0.875,0.811,0.864,0.843,0.758,0.042,0.696,0.799,0.305,0.919,-0.258,-0.535,-0.398,0.354,0.554,0.792,0.524,-0.266,0.764,-0.576,0.678,0.4,-0.03,0.423,0.758,0.696,0.765,0.778,0.014,0.817,0.733,0.804,0.513,0.883,0.132,0.599,0.732,0.586,-0.135,0.847,0.838,0.74,-0.098,0.859,-0.139,-0.242,0.701,0.891,0.008,-0.471,0.822,0.531,0.596,0.37,0.254,0.763,0.621,0.87,0.849,-0.03,0.174,0.509,0.834,0.642,-0.659,0.507,0.839,0.924,0.339,0.918,0.93,0.708,0.763,0.313,-0.528,0.406,0.85,-0.424,0.336,0.403,-0.568,0.334,0.759,0.658,0.844,0.708,0.888,0.828,0.814,0.607,0.073,0.311,-0.628,0.898,0.298,0.53,-0.43,0.755,0.776,0.342,0.83,0.8,0.328,0.759,0.883,0.461,0.85,0.788,0.861,0.776,-0.291,-0.727,-0.204,0.861,0.862,0.444,0.749,0.232,0.677,0.291,-0.631,-0.656,0.211,0.846,0.801,0.777,0.932,-0.451,-0.472,0.904,0.002,0.503,0.833,0.324,-0.382,0.785,-0.643,0.726,-0.122,0.822,0.728,-0.061,0.842,0.831,-0.524,-0.195,-0.576,0.117,0.413,0.898
APDN,-0.393,-0.089,-0.428,-0.203,-0.026,-0.46,-0.466,-0.145,-0.483,0.118,-0.406,-0.533,0.0,-0.434,-0.173,-0.447,-0.599,-0.255,-0.417,0.497,-0.258,0.198,0.337,-0.658,0.137,-0.102,-0.288,-0.072,-0.39,-0.419,-0.642,-0.541,-0.145,-0.319,-0.516,-0.456,-0.51,-0.384,-0.419,-0.326,-0.602,-0.269,-0.621,-0.334,-0.553,-0.572,-0.183,-0.473,-0.309,0.157,-0.456,-0.407,-0.496,-0.439,-0.361,0.072,-0.23,-0.517,-0.539,-0.427,0.401,0.218,0.243,-0.311,-0.346,-0.435,-0.011,-0.144,-0.677,0.275,-0.379,-0.128,-0.077,-0.258,-0.237,-0.37,-0.205,-0.264,-0.474,-0.527,-0.203,-0.385,-0.122,-0.509,0.086,-0.29,-0.534,0.065,-0.183,-0.461,-0.399,-0.266,-0.06,-0.395,-0.032,0.048,-0.279,-0.46,0.111,0.451,-0.348,-0.04,-0.308,-0.086,-0.211,-0.257,-0.543,-0.501,-0.412,-0.15,-0.129,-0.571,-0.597,-0.432,0.518,-0.328,-0.477,-0.543,-0.217,-0.491,-0.559,-0.268,-0.36,-0.188,0.439,0.053,-0.413,0.367,-0.138,0.07,0.089,0.052,-0.401,-0.204,-0.449,-0.603,-0.517,-0.319,-0.276,-0.308,0.031,-0.215,0.303,-0.489,-0.373,-0.344,0.174,-0.16,-0.18,-0.183,-0.491,-0.379,0.091,-0.485,-0.448,-0.341,-0.417,-0.25,-0.418,-0.162,0.306,0.528,0.409,-0.443,-0.382,-0.381,-0.41,-0.119,-0.27,0.034,0.348,0.108,0.156,-0.421,-0.421,-0.599,-0.619,0.284,0.433,-0.454,-0.217,-0.336,-0.429,-0.267,-0.164,-0.258,0.253,-0.391,0.018,-0.41,-0.568,0.475,-0.295,-0.416,0.405,-0.167,0.062,-0.015,-0.118,-0.481
APLT,0.604,-0.005,0.829,0.302,0.578,0.756,0.814,0.75,0.76,-0.65,0.844,0.743,-0.434,0.0,0.407,0.725,0.526,0.62,0.753,-0.712,0.783,-0.672,-0.825,0.641,-0.489,0.517,0.893,0.617,0.843,0.827,0.726,0.668,0.783,0.823,0.761,0.594,0.645,0.727,0.907,0.815,0.575,0.757,0.608,0.339,0.694,0.764,0.652,0.733,0.818,-0.511,0.822,0.804,0.883,0.757,0.636,-0.073,0.644,0.572,0.069,0.688,-0.387,-0.77,-0.354,0.475,0.7,0.796,0.333,-0.405,0.671,-0.742,0.816,-0.019,-0.298,0.617,0.85,0.895,0.767,0.874,-0.068,0.761,0.455,0.74,0.391,0.549,-0.003,0.557,0.754,0.551,-0.225,0.839,0.697,0.747,-0.515,0.818,0.204,-0.557,0.76,0.787,-0.243,-0.637,0.791,0.4,0.707,0.614,-0.155,0.867,0.612,0.806,0.884,-0.107,0.132,0.238,0.73,0.743,-0.701,0.835,0.703,0.767,-0.017,0.819,0.824,0.773,0.628,0.031,-0.688,0.115,0.809,-0.691,0.62,0.353,-0.592,0.597,0.872,0.53,0.771,0.566,0.802,0.778,0.718,0.515,0.138,-0.037,-0.69,0.873,-0.162,0.133,-0.408,0.565,0.691,0.074,0.575,0.759,0.638,0.887,0.726,0.374,0.847,0.759,0.752,0.709,-0.093,-0.737,-0.175,0.742,0.871,0.447,0.869,0.114,0.62,0.054,-0.742,-0.566,0.01,0.661,0.472,0.42,0.665,-0.365,-0.196,0.824,0.067,0.213,0.806,-0.111,-0.568,0.708,-0.783,0.688,-0.525,0.753,0.404,-0.049,0.779,0.744,-0.706,-0.122,-0.588,0.317,0.337,0.688
APVO,0.178,-0.467,0.382,0.765,0.622,0.639,0.597,0.328,0.201,-0.542,0.302,0.472,-0.173,0.407,0.0,0.203,0.662,0.624,0.481,-0.309,0.718,-0.313,-0.513,0.712,-0.359,0.495,0.454,0.332,0.401,0.512,0.552,0.677,0.37,0.238,0.379,0.479,0.403,0.598,0.442,0.405,0.165,0.315,0.657,-0.287,0.395,0.305,0.653,0.65,0.433,-0.264,0.238,0.364,0.431,0.275,0.754,0.629,0.067,0.624,0.383,0.577,-0.441,-0.507,0.034,0.674,0.608,0.652,0.026,0.028,0.251,-0.5,0.602,0.036,0.073,0.276,0.234,0.573,0.123,0.547,0.161,0.658,0.18,0.133,-0.148,0.304,-0.433,0.327,0.098,0.377,-0.198,0.711,0.396,0.54,-0.27,0.595,0.301,-0.4,0.654,0.585,-0.219,-0.445,0.189,0.167,0.68,0.624,-0.135,0.456,0.534,0.397,0.523,0.489,-0.334,0.486,0.36,0.489,-0.281,0.266,0.574,0.515,0.3,0.447,0.435,0.341,-0.02,-0.386,-0.56,0.391,0.304,-0.46,0.597,0.602,0.028,0.301,0.291,0.085,0.614,0.626,0.571,0.196,0.545,0.581,0.694,0.028,-0.011,0.473,0.089,0.25,0.158,0.301,0.552,0.654,0.134,0.558,0.225,0.388,0.312,0.482,0.611,0.25,0.191,0.262,-0.076,-0.349,0.095,0.304,0.354,0.775,0.667,0.685,0.297,0.009,-0.21,-0.244,0.073,0.177,0.194,0.424,0.502,0.239,0.08,0.523,0.544,0.591,0.327,0.101,-0.005,0.578,-0.253,0.224,-0.32,0.451,0.353,0.3,0.311,0.693,-0.555,0.297,0.029,0.521,0.562,0.22
ARGX,0.872,0.367,0.876,0.03,0.331,0.699,0.798,0.785,0.902,-0.212,0.9,0.85,-0.447,0.725,0.203,0.0,0.301,0.166,0.847,-0.508,0.402,-0.258,-0.661,0.411,0.039,0.635,0.805,0.723,0.845,0.599,0.666,0.554,0.808,0.815,0.823,0.791,0.844,0.754,0.782,0.892,0.856,0.854,0.337,0.672,0.841,0.851,0.377,0.677,0.783,-0.517,0.902,0.806,0.829,0.835,0.599,-0.216,0.868,0.657,0.096,0.766,-0.088,-0.453,-0.546,0.167,0.391,0.648,0.649,-0.436,0.666,-0.484,0.587,0.45,-0.2,0.399,0.812,0.583,0.876,0.754,-0.172,0.722,0.757,0.882,0.674,0.842,0.337,0.54,0.745,0.595,-0.162,0.693,0.769,0.638,-0.082,0.745,-0.227,-0.159,0.546,0.77,0.101,-0.441,0.891,0.559,0.407,0.223,0.215,0.743,0.468,0.859,0.781,-0.237,0.351,0.215,0.763,0.618,-0.651,0.526,0.717,0.839,0.263,0.875,0.834,0.678,0.884,0.51,-0.369,0.382,0.856,-0.269,0.134,0.202,-0.719,0.42,0.783,0.716,0.718,0.441,0.748,0.873,0.718,0.44,-0.167,0.357,-0.712,0.847,0.162,0.389,-0.548,0.749,0.698,0.115,0.893,0.656,0.417,0.699,0.89,0.291,0.722,0.867,0.915,0.779,-0.203,-0.63,-0.264,0.876,0.875,0.155,0.61,-0.073,0.701,0.389,-0.616,-0.666,0.153,0.884,0.794,0.559,0.745,-0.591,-0.477,0.831,-0.322,0.261,0.845,0.236,-0.548,0.704,-0.731,0.722,-0.047,0.768,0.641,-0.111,0.86,0.627,-0.361,-0.429,-0.725,-0.124,0.321,0.909
ARLP,0.334,-0.334,0.442,0.755,0.46,0.686,0.648,0.241,0.349,-0.507,0.386,0.57,-0.599,0.526,0.662,0.301,0.0,0.701,0.545,-0.542,0.652,-0.487,-0.564,0.916,-0.396,0.373,0.438,0.201,0.47,0.579,0.813,0.868,0.273,0.309,0.613,0.522,0.539,0.6,0.575,0.343,0.403,0.3,0.933,0.014,0.582,0.434,0.644,0.72,0.473,-0.346,0.385,0.43,0.597,0.455,0.696,0.416,0.029,0.681,0.569,0.638,-0.676,-0.504,0.107,0.634,0.721,0.734,-0.1,0.146,0.647,-0.58,0.607,-0.046,0.114,0.338,0.272,0.658,0.15,0.513,0.488,0.73,0.207,0.238,-0.146,0.394,-0.465,0.282,0.323,0.102,-0.018,0.733,0.53,0.564,-0.358,0.663,0.181,-0.439,0.675,0.667,-0.336,-0.545,0.277,0.016,0.777,0.595,0.029,0.455,0.779,0.508,0.605,0.451,-0.039,0.792,0.589,0.683,-0.546,0.337,0.711,0.615,0.244,0.566,0.629,0.296,0.093,-0.262,-0.663,0.22,0.419,-0.652,0.651,0.38,0.031,0.072,0.43,0.157,0.692,0.8,0.753,0.297,0.574,0.573,0.584,-0.086,-0.163,0.586,0.238,0.415,0.013,0.222,0.508,0.595,0.24,0.616,-0.006,0.594,0.396,0.668,0.671,0.25,0.303,0.291,-0.327,-0.598,-0.178,0.425,0.415,0.836,0.722,0.677,0.311,-0.128,-0.396,-0.216,0.028,0.314,0.295,0.673,0.719,0.012,-0.167,0.609,0.641,0.586,0.463,0.232,0.139,0.51,-0.304,0.43,-0.422,0.566,0.534,-0.004,0.332,0.747,-0.683,0.478,0.048,0.357,0.397,0.4
ATEX,0.131,-0.499,0.377,0.779,0.65,0.628,0.552,0.357,0.207,-0.834,0.353,0.365,-0.255,0.62,0.624,0.166,0.701,0.0,0.457,-0.654,0.787,-0.738,-0.694,0.726,-0.682,0.397,0.547,0.216,0.485,0.574,0.604,0.711,0.339,0.338,0.509,0.325,0.332,0.487,0.612,0.312,0.014,0.309,0.771,-0.297,0.351,0.265,0.747,0.627,0.569,-0.437,0.292,0.382,0.572,0.34,0.603,0.361,-0.07,0.484,0.118,0.454,-0.743,-0.742,0.17,0.785,0.886,0.74,-0.287,-0.167,0.352,-0.781,0.658,-0.36,-0.262,0.454,0.407,0.792,0.208,0.595,0.142,0.62,-0.015,0.149,-0.329,0.07,-0.625,0.074,0.224,0.105,-0.309,0.712,0.359,0.634,-0.694,0.602,0.551,-0.807,0.8,0.586,-0.649,-0.612,0.251,-0.172,0.853,0.907,-0.472,0.583,0.645,0.436,0.624,0.297,-0.162,0.436,0.461,0.647,-0.573,0.491,0.612,0.422,-0.231,0.47,0.496,0.376,-0.074,-0.646,-0.756,0.069,0.393,-0.821,0.92,0.383,-0.015,0.294,0.458,0.019,0.569,0.564,0.649,0.279,0.532,0.496,0.698,-0.381,-0.238,0.541,-0.363,-0.018,-0.092,0.086,0.459,0.32,-0.067,0.592,0.394,0.661,0.195,0.437,0.681,0.24,0.194,0.263,-0.204,-0.606,-0.11,0.308,0.408,0.819,0.811,0.64,0.178,-0.438,-0.462,-0.256,-0.161,0.151,-0.039,0.245,0.457,0.065,0.114,0.485,0.625,0.208,0.449,-0.294,-0.149,0.403,-0.43,0.361,-0.759,0.491,0.082,0.085,0.332,0.668,-0.794,0.463,-0.044,0.462,0.252,0.161
ATRA,0.77,-0.051,0.845,0.442,0.519,0.887,0.926,0.875,0.803,-0.502,0.898,0.887,-0.417,0.753,0.481,0.847,0.545,0.457,0.0,-0.616,0.588,-0.423,-0.862,0.645,-0.236,0.835,0.861,0.671,0.92,0.604,0.777,0.801,0.854,0.803,0.886,0.854,0.932,0.851,0.897,0.86,0.685,0.814,0.551,0.45,0.889,0.84,0.591,0.903,0.92,-0.732,0.855,0.811,0.902,0.874,0.776,-0.019,0.704,0.881,0.074,0.896,-0.365,-0.671,-0.373,0.501,0.696,0.851,0.446,-0.527,0.716,-0.718,0.673,0.299,-0.301,0.318,0.795,0.775,0.795,0.847,-0.167,0.862,0.688,0.779,0.383,0.82,-0.005,0.412,0.628,0.569,-0.36,0.886,0.796,0.807,-0.308,0.849,-0.03,-0.316,0.807,0.923,-0.228,-0.616,0.848,0.433,0.649,0.451,0.005,0.884,0.545,0.913,0.906,-0.109,0.108,0.36,0.89,0.65,-0.802,0.49,0.93,0.885,0.15,0.953,0.912,0.69,0.678,0.177,-0.594,0.462,0.921,-0.488,0.413,0.378,-0.659,0.339,0.807,0.616,0.829,0.618,0.906,0.85,0.816,0.611,0.128,0.156,-0.696,0.948,0.048,0.383,-0.573,0.644,0.87,0.343,0.75,0.764,0.418,0.828,0.884,0.371,0.876,0.836,0.89,0.803,-0.45,-0.779,-0.403,0.929,0.896,0.485,0.8,0.326,0.656,0.296,-0.723,-0.759,0.074,0.892,0.727,0.557,0.874,-0.553,-0.467,0.888,-0.049,0.326,0.887,0.115,-0.505,0.777,-0.768,0.744,-0.305,0.795,0.565,-0.011,0.901,0.85,-0.631,-0.203,-0.679,-0.021,0.336,0.842
AUTL,-0.332,0.15,-0.537,-0.387,-0.344,-0.626,-0.627,-0.528,-0.562,0.67,-0.63,-0.512,0.497,-0.712,-0.309,-0.508,-0.542,-0.654,-0.616,0.0,-0.565,0.664,0.735,-0.626,0.531,-0.362,-0.656,-0.33,-0.69,-0.589,-0.63,-0.624,-0.474,-0.6,-0.649,-0.392,-0.517,-0.452,-0.752,-0.499,-0.32,-0.477,-0.601,-0.184,-0.51,-0.588,-0.416,-0.63,-0.641,0.577,-0.577,-0.552,-0.739,-0.666,-0.497,0.203,-0.3,-0.494,-0.009,-0.497,0.559,0.714,0.178,-0.588,-0.749,-0.681,0.091,0.443,-0.58,0.726,-0.543,0.225,0.528,-0.39,-0.614,-0.757,-0.528,-0.601,0.099,-0.639,-0.093,-0.547,0.042,-0.342,0.358,-0.145,-0.602,-0.124,0.372,-0.678,-0.382,-0.549,0.576,-0.56,-0.346,0.538,-0.689,-0.578,0.556,0.734,-0.566,0.104,-0.655,-0.583,0.391,-0.672,-0.497,-0.636,-0.671,0.115,-0.066,-0.313,-0.706,-0.655,0.785,-0.63,-0.663,-0.518,0.236,-0.651,-0.674,-0.545,-0.354,0.214,0.676,0.119,-0.656,0.727,-0.571,0.053,0.406,-0.215,-0.749,-0.28,-0.536,-0.508,-0.669,-0.583,-0.442,-0.256,-0.271,0.244,0.645,-0.703,0.362,0.118,0.474,-0.191,-0.424,0.022,-0.368,-0.529,-0.435,-0.831,-0.496,-0.116,-0.662,-0.483,-0.561,-0.354,0.375,0.768,0.476,-0.608,-0.649,-0.476,-0.728,-0.231,-0.222,0.256,0.719,0.439,0.412,-0.532,-0.29,-0.26,-0.579,0.478,0.304,-0.546,-0.168,0.063,-0.659,0.349,0.42,-0.371,0.708,-0.674,0.577,-0.499,-0.154,0.392,-0.535,-0.58,0.746,-0.099,0.437,-0.103,0.036,-0.436
AVDL,0.265,-0.236,0.583,0.604,0.743,0.703,0.707,0.524,0.408,-0.723,0.544,0.541,-0.258,0.783,0.718,0.402,0.652,0.787,0.588,-0.565,0.0,-0.645,-0.715,0.731,-0.57,0.483,0.69,0.412,0.602,0.759,0.618,0.68,0.582,0.523,0.51,0.491,0.43,0.694,0.693,0.613,0.274,0.492,0.719,-0.053,0.455,0.463,0.809,0.684,0.66,-0.278,0.47,0.58,0.649,0.438,0.723,0.404,0.339,0.571,0.235,0.584,-0.462,-0.732,-0.084,0.708,0.744,0.769,0.131,-0.159,0.398,-0.661,0.868,-0.163,-0.097,0.6,0.534,0.853,0.4,0.8,0.102,0.771,0.213,0.363,0.068,0.286,-0.318,0.499,0.406,0.494,-0.277,0.807,0.503,0.674,-0.52,0.734,0.435,-0.588,0.789,0.706,-0.295,-0.552,0.45,0.286,0.788,0.757,-0.228,0.719,0.628,0.599,0.74,0.347,-0.165,0.32,0.487,0.686,-0.466,0.719,0.6,0.619,0.098,0.6,0.612,0.55,0.188,-0.307,-0.706,0.221,0.52,-0.662,0.752,0.613,-0.236,0.64,0.6,0.249,0.712,0.627,0.679,0.431,0.645,0.615,0.507,-0.107,-0.28,0.68,-0.125,0.104,-0.043,0.405,0.652,0.41,0.181,0.713,0.51,0.681,0.469,0.51,0.756,0.485,0.39,0.428,0.069,-0.494,0.027,0.442,0.599,0.729,0.853,0.472,0.557,-0.006,-0.439,-0.296,0.063,0.299,0.179,0.332,0.506,0.117,0.12,0.684,0.438,0.405,0.542,-0.098,-0.289,0.697,-0.536,0.434,-0.58,0.586,0.333,0.269,0.513,0.785,-0.698,0.16,-0.237,0.637,0.548,0.379
BCRX,-0.102,0.279,-0.37,-0.496,-0.471,-0.491,-0.453,-0.432,-0.274,0.783,-0.45,-0.277,0.198,-0.672,-0.313,-0.258,-0.487,-0.738,-0.423,0.664,-0.645,0.0,0.662,-0.5,0.621,-0.349,-0.566,-0.187,-0.509,-0.467,-0.433,-0.488,-0.412,-0.475,-0.446,-0.172,-0.261,-0.323,-0.651,-0.341,-0.018,-0.288,-0.544,-0.018,-0.247,-0.304,-0.45,-0.495,-0.55,0.515,-0.362,-0.431,-0.577,-0.488,-0.377,0.109,-0.12,-0.273,0.134,-0.278,0.657,0.691,-0.08,-0.588,-0.783,-0.602,0.219,0.429,-0.415,0.697,-0.607,0.557,0.5,-0.324,-0.518,-0.796,-0.398,-0.545,0.118,-0.463,0.065,-0.304,0.184,-0.022,0.391,-0.068,-0.364,-0.079,0.453,-0.557,-0.24,-0.474,0.88,-0.449,-0.407,0.649,-0.647,-0.481,0.662,0.632,-0.37,0.16,-0.646,-0.715,0.552,-0.61,-0.44,-0.462,-0.585,0.107,0.007,-0.164,-0.445,-0.585,0.655,-0.63,-0.486,-0.298,0.412,-0.45,-0.457,-0.339,-0.137,0.448,0.565,0.054,-0.486,0.739,-0.808,-0.094,0.332,-0.303,-0.611,-0.056,-0.413,-0.348,-0.531,-0.399,-0.385,-0.347,-0.372,0.625,0.482,-0.543,0.533,0.279,0.373,-0.047,-0.372,0.106,-0.044,-0.461,-0.477,-0.743,-0.257,-0.185,-0.547,-0.31,-0.326,-0.292,0.271,0.553,0.299,-0.404,-0.47,-0.474,-0.651,-0.271,-0.178,0.349,0.598,0.355,0.316,-0.291,0.049,-0.016,-0.327,0.242,-0.047,-0.391,-0.305,0.143,-0.468,0.498,0.431,-0.282,0.625,-0.497,0.899,-0.357,0.131,0.075,-0.409,-0.525,0.676,-0.217,0.368,-0.346,0.018,-0.223
BHAT,-0.592,0.338,-0.739,-0.55,-0.62,-0.892,-0.887,-0.865,-0.674,0.816,-0.85,-0.716,0.337,-0.825,-0.513,-0.661,-0.564,-0.694,-0.862,0.735,-0.715,0.662,0.0,-0.694,0.597,-0.707,-0.914,-0.688,-0.924,-0.665,-0.712,-0.796,-0.842,-0.812,-0.838,-0.672,-0.775,-0.754,-0.944,-0.781,-0.444,-0.785,-0.601,-0.245,-0.752,-0.748,-0.636,-0.895,-0.858,0.742,-0.781,-0.795,-0.923,-0.815,-0.728,0.028,-0.507,-0.726,0.06,-0.765,0.568,0.92,0.335,-0.634,-0.828,-0.883,-0.231,0.615,-0.561,0.926,-0.664,-0.077,0.463,-0.377,-0.84,-0.863,-0.744,-0.877,0.29,-0.807,-0.465,-0.711,-0.167,-0.604,0.271,-0.337,-0.617,-0.517,0.483,-0.893,-0.717,-0.841,0.594,-0.839,-0.156,0.652,-0.886,-0.874,0.497,0.795,-0.787,-0.228,-0.83,-0.683,0.302,-0.937,-0.487,-0.845,-0.94,0.088,0.001,-0.225,-0.826,-0.63,0.837,-0.634,-0.871,-0.741,0.144,-0.893,-0.858,-0.734,-0.501,0.162,0.8,-0.201,-0.882,0.789,-0.675,-0.294,0.636,-0.407,-0.848,-0.465,-0.837,-0.497,-0.847,-0.805,-0.799,-0.501,-0.322,0.068,0.757,-0.892,0.27,-0.143,0.501,-0.5,-0.828,-0.157,-0.521,-0.772,-0.479,-0.88,-0.744,-0.289,-0.928,-0.758,-0.759,-0.697,0.435,0.876,0.421,-0.814,-0.873,-0.542,-0.91,-0.385,-0.551,-0.022,0.848,0.707,0.125,-0.732,-0.547,-0.345,-0.734,0.486,0.398,-0.833,-0.065,-0.161,-0.838,0.185,0.626,-0.718,0.863,-0.7,0.532,-0.797,-0.324,0.029,-0.847,-0.819,0.87,0.144,0.642,-0.098,-0.217,-0.675
BLBD,0.376,-0.363,0.532,0.758,0.517,0.795,0.765,0.389,0.471,-0.611,0.516,0.664,-0.658,0.641,0.712,0.411,0.916,0.726,0.645,-0.626,0.731,-0.5,-0.694,0.0,-0.513,0.428,0.57,0.31,0.598,0.694,0.843,0.901,0.406,0.421,0.675,0.607,0.623,0.667,0.677,0.494,0.462,0.428,0.944,0.006,0.644,0.567,0.649,0.811,0.573,-0.421,0.499,0.541,0.698,0.54,0.773,0.362,0.169,0.75,0.557,0.714,-0.694,-0.649,-0.049,0.741,0.774,0.834,-0.018,0.026,0.636,-0.665,0.679,-0.001,-0.029,0.387,0.388,0.747,0.27,0.628,0.368,0.817,0.238,0.371,-0.109,0.498,-0.49,0.349,0.415,0.241,-0.106,0.849,0.569,0.63,-0.349,0.745,0.254,-0.481,0.756,0.745,-0.363,-0.649,0.391,0.082,0.827,0.614,-0.058,0.578,0.733,0.626,0.709,0.385,-0.145,0.729,0.677,0.699,-0.619,0.45,0.771,0.683,0.182,0.676,0.727,0.441,0.176,-0.284,-0.777,0.177,0.547,-0.728,0.657,0.374,-0.105,0.168,0.541,0.17,0.789,0.847,0.813,0.4,0.608,0.56,0.54,-0.004,-0.303,0.706,0.163,0.353,-0.046,0.274,0.567,0.542,0.353,0.674,0.128,0.696,0.509,0.57,0.773,0.368,0.421,0.345,-0.347,-0.693,-0.302,0.542,0.541,0.855,0.833,0.603,0.373,-0.103,-0.505,-0.34,-0.093,0.414,0.389,0.67,0.781,-0.081,-0.249,0.69,0.534,0.589,0.538,0.122,0.008,0.573,-0.455,0.483,-0.393,0.625,0.552,-0.073,0.456,0.815,-0.787,0.361,-0.076,0.371,0.401,0.473
BMRN,0.07,0.694,-0.151,-0.47,-0.376,-0.427,-0.359,-0.344,-0.14,0.834,-0.265,-0.104,0.137,-0.489,-0.359,0.039,-0.396,-0.682,-0.236,0.531,-0.57,0.621,0.597,-0.513,0.0,-0.055,-0.424,-0.192,-0.394,-0.404,-0.26,-0.403,-0.279,-0.318,-0.282,-0.027,-0.132,-0.196,-0.48,-0.202,0.166,-0.23,-0.427,0.277,-0.164,-0.22,-0.429,-0.449,-0.309,0.363,-0.237,-0.314,-0.427,-0.235,-0.249,-0.075,0.087,-0.203,0.154,-0.209,0.622,0.786,0.056,-0.596,-0.609,-0.47,0.303,0.326,-0.13,0.716,-0.314,0.358,0.432,-0.268,-0.344,-0.55,-0.143,-0.443,0.113,-0.307,0.141,-0.157,0.342,0.023,0.607,0.02,-0.227,-0.112,0.303,-0.473,-0.205,-0.444,0.653,-0.366,-0.45,0.684,-0.554,-0.31,0.709,0.591,-0.22,0.16,-0.646,-0.637,0.592,-0.483,-0.193,-0.229,-0.459,-0.096,0.296,-0.017,-0.344,-0.248,0.434,-0.413,-0.339,-0.148,0.504,-0.293,-0.309,-0.424,0.112,0.625,0.754,0.323,-0.327,0.841,-0.699,-0.12,0.15,-0.176,-0.404,0.024,-0.401,-0.23,-0.341,-0.203,-0.269,-0.093,-0.404,0.368,0.337,-0.345,0.562,0.25,0.099,0.129,-0.295,0.023,0.147,-0.338,-0.318,-0.496,-0.122,-0.009,-0.485,-0.199,-0.143,-0.15,0.212,0.529,0.299,-0.2,-0.327,-0.46,-0.613,-0.319,-0.032,0.331,0.588,0.216,0.398,-0.093,0.054,0.105,-0.184,0.076,0.105,-0.3,-0.339,0.088,-0.269,0.5,0.288,-0.234,0.454,-0.243,0.599,-0.295,0.15,0.052,-0.256,-0.335,0.811,-0.17,0.13,-0.248,0.042,-0.013
BNGO,0.596,-0.094,0.653,0.5,0.575,0.766,0.759,0.772,0.541,-0.434,0.703,0.736,-0.102,0.517,0.495,0.635,0.373,0.397,0.835,-0.362,0.483,-0.349,-0.707,0.428,-0.055,0.0,0.724,0.598,0.721,0.388,0.595,0.666,0.777,0.676,0.692,0.718,0.733,0.717,0.714,0.694,0.44,0.638,0.395,0.34,0.67,0.614,0.509,0.768,0.812,-0.682,0.615,0.645,0.679,0.72,0.717,0.073,0.545,0.745,-0.061,0.751,-0.287,-0.504,-0.184,0.459,0.613,0.679,0.43,-0.53,0.475,-0.582,0.555,0.236,-0.218,0.175,0.655,0.633,0.681,0.675,-0.307,0.709,0.563,0.583,0.299,0.65,-0.014,0.354,0.379,0.557,-0.476,0.706,0.605,0.653,-0.279,0.675,-0.041,-0.239,0.712,0.816,-0.217,-0.446,0.659,0.359,0.528,0.422,-0.016,0.744,0.359,0.774,0.746,-0.13,-0.046,0.234,0.669,0.459,-0.617,0.326,0.768,0.684,0.215,0.769,0.706,0.502,0.513,0.085,-0.349,0.542,0.75,-0.281,0.406,0.404,-0.575,0.291,0.6,0.49,0.648,0.468,0.718,0.701,0.728,0.675,0.184,0.053,-0.538,0.759,0.021,0.273,-0.528,0.632,0.81,0.288,0.552,0.666,0.35,0.625,0.714,0.285,0.713,0.645,0.699,0.677,-0.423,-0.541,-0.209,0.75,0.703,0.401,0.603,0.443,0.552,0.272,-0.496,-0.692,0.165,0.723,0.546,0.396,0.714,-0.382,-0.262,0.702,-0.005,0.236,0.692,0.065,-0.486,0.69,-0.609,0.62,-0.298,0.604,0.36,0.128,0.781,0.787,-0.409,-0.207,-0.624,0.076,0.302,0.668
BUSE,0.741,-0.092,0.885,0.326,0.626,0.875,0.905,0.926,0.829,-0.659,0.939,0.813,-0.288,0.893,0.454,0.805,0.438,0.547,0.861,-0.656,0.69,-0.566,-0.914,0.57,-0.424,0.724,0.0,0.83,0.96,0.746,0.71,0.706,0.935,0.926,0.862,0.715,0.797,0.815,0.957,0.923,0.604,0.918,0.483,0.418,0.807,0.825,0.61,0.842,0.899,-0.668,0.91,0.896,0.941,0.87,0.713,-0.086,0.719,0.668,-0.074,0.802,-0.362,-0.828,-0.456,0.438,0.683,0.827,0.489,-0.596,0.585,-0.824,0.723,0.226,-0.354,0.483,0.959,0.83,0.894,0.935,-0.331,0.783,0.638,0.854,0.454,0.703,0.015,0.513,0.735,0.693,-0.39,0.875,0.809,0.845,-0.457,0.89,0.008,-0.548,0.83,0.877,-0.247,-0.655,0.91,0.478,0.727,0.602,-0.129,0.952,0.483,0.876,0.96,-0.192,0.126,0.143,0.795,0.647,-0.74,0.702,0.81,0.828,0.008,0.924,0.887,0.859,0.722,0.089,-0.668,0.267,0.927,-0.646,0.566,0.361,-0.752,0.577,0.908,0.658,0.853,0.48,0.827,0.914,0.851,0.529,0.153,0.091,-0.793,0.921,-0.178,0.218,-0.515,0.709,0.857,0.082,0.667,0.803,0.58,0.851,0.851,0.289,0.931,0.895,0.869,0.82,-0.206,-0.798,-0.235,0.866,0.961,0.365,0.876,0.175,0.692,0.178,-0.817,-0.731,0.058,0.805,0.651,0.42,0.742,-0.478,-0.367,0.909,-0.08,0.193,0.896,-0.055,-0.714,0.811,-0.867,0.764,-0.398,0.854,0.425,0.035,0.937,0.786,-0.714,-0.335,-0.744,0.127,0.338,0.793
CAKE,0.774,-0.034,0.734,0.09,0.545,0.713,0.76,0.813,0.752,-0.375,0.798,0.686,-0.072,0.617,0.332,0.723,0.201,0.216,0.671,-0.33,0.412,-0.187,-0.688,0.31,-0.192,0.598,0.83,0.0,0.809,0.573,0.514,0.499,0.858,0.809,0.719,0.631,0.71,0.72,0.73,0.823,0.613,0.909,0.206,0.446,0.73,0.67,0.447,0.664,0.631,-0.458,0.794,0.809,0.75,0.702,0.59,-0.004,0.668,0.511,-0.083,0.708,-0.032,-0.634,-0.579,0.11,0.303,0.573,0.664,-0.492,0.316,-0.612,0.414,0.568,-0.095,0.43,0.836,0.459,0.794,0.757,-0.434,0.571,0.762,0.793,0.621,0.717,0.207,0.575,0.636,0.796,-0.267,0.636,0.792,0.712,-0.133,0.762,-0.35,-0.395,0.586,0.716,0.084,-0.393,0.823,0.573,0.533,0.401,0.174,0.725,0.274,0.674,0.766,-0.124,0.209,-0.037,0.567,0.408,-0.429,0.465,0.616,0.69,0.229,0.767,0.715,0.818,0.722,0.278,-0.48,0.286,0.748,-0.409,0.261,0.346,-0.669,0.5,0.71,0.743,0.777,0.199,0.6,0.817,0.837,0.382,0.051,0.407,-0.638,0.673,0.02,0.386,-0.297,0.839,0.794,0.079,0.654,0.734,0.357,0.507,0.79,0.252,0.772,0.849,0.748,0.754,-0.058,-0.599,0.013,0.7,0.809,0.094,0.631,0.091,0.687,0.367,-0.653,-0.606,0.26,0.692,0.776,0.356,0.576,-0.383,-0.466,0.811,-0.233,0.238,0.761,0.201,-0.658,0.809,-0.69,0.581,0.007,0.827,0.515,0.164,0.83,0.589,-0.482,-0.588,-0.646,-0.041,0.356,0.774
CASY,0.788,-0.098,0.874,0.311,0.55,0.888,0.92,0.937,0.87,-0.61,0.971,0.842,-0.39,0.843,0.401,0.845,0.47,0.485,0.92,-0.69,0.602,-0.509,-0.924,0.598,-0.394,0.721,0.96,0.809,0.0,0.676,0.745,0.739,0.918,0.925,0.91,0.765,0.893,0.817,0.967,0.903,0.668,0.917,0.49,0.496,0.876,0.871,0.562,0.882,0.898,-0.718,0.937,0.913,0.973,0.917,0.697,-0.158,0.717,0.746,-0.053,0.835,-0.362,-0.815,-0.529,0.424,0.671,0.821,0.452,-0.632,0.653,-0.823,0.635,0.293,-0.371,0.42,0.936,0.784,0.887,0.898,-0.324,0.791,0.673,0.882,0.447,0.784,0.011,0.445,0.781,0.615,-0.407,0.867,0.833,0.861,-0.394,0.863,-0.063,-0.474,0.802,0.897,-0.267,-0.693,0.946,0.425,0.699,0.514,-0.08,0.948,0.474,0.902,0.954,-0.196,0.173,0.188,0.891,0.627,-0.811,0.638,0.878,0.858,0.009,0.968,0.933,0.855,0.751,0.15,-0.69,0.266,0.967,-0.634,0.472,0.282,-0.772,0.434,0.927,0.694,0.856,0.484,0.856,0.935,0.85,0.505,0.099,0.138,-0.841,0.945,-0.112,0.294,-0.587,0.68,0.857,0.111,0.745,0.8,0.473,0.869,0.906,0.265,0.93,0.919,0.924,0.825,-0.368,-0.872,-0.383,0.925,0.975,0.353,0.854,0.188,0.673,0.2,-0.872,-0.758,0.007,0.89,0.748,0.445,0.801,-0.608,-0.541,0.917,-0.122,0.183,0.952,0.001,-0.682,0.793,-0.883,0.808,-0.329,0.868,0.487,-0.06,0.954,0.791,-0.737,-0.361,-0.769,-0.049,0.246,0.856
CCOI,0.503,-0.016,0.734,0.377,0.548,0.677,0.728,0.534,0.649,-0.543,0.679,0.689,-0.419,0.827,0.512,0.599,0.579,0.574,0.604,-0.589,0.759,-0.467,-0.665,0.694,-0.404,0.388,0.746,0.573,0.676,0.0,0.736,0.646,0.614,0.625,0.65,0.576,0.548,0.723,0.733,0.731,0.556,0.651,0.666,0.179,0.588,0.675,0.638,0.636,0.647,-0.295,0.666,0.659,0.733,0.599,0.721,0.168,0.51,0.529,0.302,0.643,-0.302,-0.655,-0.241,0.537,0.592,0.755,0.338,-0.1,0.548,-0.62,0.756,0.035,-0.116,0.586,0.65,0.774,0.57,0.763,0.102,0.764,0.361,0.626,0.297,0.474,-0.081,0.576,0.637,0.57,-0.077,0.79,0.602,0.596,-0.341,0.766,0.258,-0.522,0.726,0.673,-0.06,-0.528,0.592,0.386,0.668,0.59,-0.036,0.695,0.676,0.659,0.73,0.105,0.045,0.41,0.587,0.724,-0.487,0.714,0.625,0.699,0.153,0.688,0.748,0.664,0.47,-0.008,-0.691,0.09,0.621,-0.606,0.529,0.412,-0.377,0.6,0.737,0.438,0.727,0.673,0.723,0.599,0.621,0.421,0.313,0.062,-0.455,0.739,0.02,0.15,-0.166,0.531,0.598,0.275,0.475,0.697,0.496,0.729,0.601,0.46,0.759,0.589,0.577,0.525,0.083,-0.595,-0.002,0.569,0.708,0.557,0.812,0.186,0.572,-0.008,-0.536,-0.39,0.018,0.462,0.42,0.561,0.638,-0.136,-0.086,0.741,0.2,0.401,0.653,0.02,-0.384,0.651,-0.593,0.583,-0.347,0.679,0.474,-0.011,0.58,0.704,-0.647,0.021,-0.328,0.456,0.436,0.585
CEVA,0.702,-0.061,0.763,0.55,0.542,0.816,0.843,0.542,0.702,-0.454,0.714,0.883,-0.642,0.726,0.552,0.666,0.813,0.604,0.777,-0.63,0.618,-0.433,-0.712,0.843,-0.26,0.595,0.71,0.514,0.745,0.736,0.0,0.911,0.59,0.62,0.866,0.762,0.793,0.782,0.794,0.663,0.73,0.644,0.859,0.308,0.825,0.755,0.691,0.816,0.712,-0.511,0.724,0.702,0.83,0.745,0.804,0.173,0.398,0.77,0.485,0.831,-0.474,-0.58,-0.164,0.546,0.707,0.855,0.212,-0.077,0.79,-0.648,0.69,0.167,-0.001,0.452,0.619,0.766,0.561,0.702,0.234,0.837,0.5,0.619,0.231,0.684,-0.135,0.456,0.662,0.35,-0.119,0.857,0.745,0.716,-0.257,0.824,0.068,-0.431,0.75,0.853,-0.157,-0.564,0.633,0.268,0.741,0.55,0.15,0.684,0.808,0.773,0.795,0.156,0.169,0.737,0.808,0.785,-0.679,0.527,0.859,0.855,0.263,0.834,0.895,0.581,0.515,0.032,-0.676,0.274,0.712,-0.622,0.534,0.37,-0.332,0.235,0.705,0.485,0.822,0.835,0.921,0.665,0.769,0.609,0.353,0.091,-0.5,0.826,0.269,0.491,-0.256,0.572,0.658,0.421,0.608,0.795,0.226,0.797,0.699,0.617,0.845,0.59,0.667,0.602,-0.335,-0.773,-0.188,0.71,0.726,0.689,0.81,0.451,0.503,-0.034,-0.599,-0.501,0.111,0.647,0.614,0.825,0.914,-0.309,-0.368,0.827,0.323,0.546,0.765,0.27,-0.19,0.68,-0.561,0.676,-0.303,0.787,0.668,-0.125,0.65,0.871,-0.675,0.143,-0.327,0.241,0.377,0.75
