,AAPL,ACRS,ADP,AFYA,AGNC,AGYS,ALT,AMGN,AMPH,AMZN,ANIP,AOSL,APDN,APLT,APVO,ARGX,ARLP,ATEX,ATRA,AUTL,AVDL,BCRX,BHAT,BLBD,BMRN,BNGO,BUSE,CAKE,CASY,CCOI,CEVA,CHY,CLDX,CLMT,COHU,COLM,COST,CPRT,CSWC,CSX,DBX,DCOM,DKNG,DMLP,DOX,EA,EDIT,ENPH,ENSG,ERNA,ESGR,ETNB,EXTR,FANG,FARO,FATE,FGEN,FIVE,FIVN,FLGT,FOLD,FORM,FOXA,FRPT,FSLR,FTAI,GBDC,GDYN,GGAL,GNLN,GRFS,GT,HCAT,HCM,HFWA,HOLX,HQY,HUBG,IAC,ICLR,IDCC,IEP,IHRT,ILMN,ILPT,IMAB,IMOS,INMD,INTZ,JAZZ,JKHY,JRVR,KIDS,LBRDK,LGND,LMAT,LPLA,LULU,MASI,MAT,MATW,MBIN,MBIO,MCRB,MDB,MDLZ,MELI,MIRM,MLKN,MNMD,MNRO,MPWR,MRCY,MRSN,MTVA,NAAS,NDAQ,NDSN,NEGG,NOVT,NVDA,NWE,NWSA,NXST,OCX,ODFL,OMAB,OPCH,OPRA,ORGO,OTRK,OZK,PAGP,PCH,PEGA,PENG,PENN,PFBC,PGNY,PHAT,PHUN,PINC,PLUG,PLXS,PYPL,QLYS,QNCX,QQQX,QVCGA,RAPT,RBBN,RCKT,REPL,RMBS,ROAD,ROKU,ROP,RUSHA,SANM,SATS,SBCF,SBLK,SBUX,SCHL,SCSC,SDGR,SEIC,SFIX,SGRY,SKYW,SLP,SNES,STAA,STLD,STOK,SWKS,TER,TFIN,TIGO,TILE,TPIC,TTEC,TTEK,TTGT,UXIN,VERU,VLYPP,VNOM,VRNS,VRSN,WDAY,WERN,WINA,WKHS,WRLD,XP,XTKG,YY,ZION,ZM
AAPL,0.0,0.057,0.387,0.779,0.845,-0.326,-0.166,-0.275,0.075,0.46,-0.39,0.062,0.277,0.215,-0.463,-0.47,-0.111,0.271,0.6,-0.071,-0.049,0.141,0.158,0.585,-0.419,-0.113,0.388,0.756,0.168,0.344,0.551,0.574,-0.18,0.386,0.135,0.464,0.807,0.192,0.573,0.737,0.418,0.819,-0.421,-0.185,-0.277,-0.355,0.599,0.069,-0.128,0.383,0.584,-0.272,0.41,0.185,0.553,0.536,0.461,0.692,0.373,-0.382,-0.385,0.05,0.201,0.105,0.408,0.246,0.704,0.297,-0.504,-0.056,-0.699,0.378,0.094,0.656,0.379,-0.623,0.028,0.647,-0.022,0.208,0.229,0.141,0.438,-0.302,0.577,-0.175,0.022,0.228,-0.133,-0.101,0.152,-0.438,-0.06,0.022,0.438,-0.311,0.059,0.762,-0.44,0.695,-0.033,-0.009,-0.123,0.426,0.512,0.65,0.476,-0.483,0.501,0.421,0.585,0.419,0.011,-0.092,-0.277,0.165,0.437,0.312,0.287,-0.044,0.597,-0.447,0.287,-0.272,0.19,0.791,-0.219,0.024,0.551,-0.057,0.01,0.4,0.075,-0.004,0.568,0.087,0.487,0.697,-0.129,0.067,0.652,-0.132,0.332,0.475,0.242,0.086,0.134,0.797,0.526,-0.144,0.559,-0.038,0.219,0.566,-0.015,0.09,0.697,0.668,-0.008,0.092,0.42,-0.276,0.341,0.074,-0.208,0.094,0.198,0.571,0.617,0.582,-0.042,0.484,0.09,0.295,-0.035,0.474,0.443,0.646,0.179,0.0,-0.277,0.431,0.396,-0.105,0.766,-0.444,0.104,0.113,-0.051,0.353,0.388,0.706,0.628,0.14,0.787,-0.093,-0.012,-0.253,0.452,0.27
ACRS,0.057,0.0,0.8,0.291,0.114,0.801,0.694,0.564,0.711,0.779,0.635,0.792,-0.194,-0.917,0.607,0.527,0.842,-0.646,-0.349,0.421,-0.62,0.955,-0.738,-0.496,-0.109,0.629,0.796,-0.171,0.522,0.557,0.744,0.726,-0.714,0.643,0.817,0.394,-0.186,0.793,-0.338,-0.317,0.744,0.301,0.541,0.82,0.741,0.777,0.297,0.948,0.51,-0.712,-0.412,0.824,0.637,0.839,-0.35,0.17,0.2,-0.31,0.536,0.308,0.655,0.757,0.483,0.606,0.867,0.88,-0.502,0.909,0.371,-0.515,0.157,0.838,0.386,-0.172,0.766,0.129,0.925,0.317,0.862,0.767,0.885,-0.274,-0.334,0.495,0.241,-0.703,0.933,0.767,0.834,0.586,0.804,0.316,0.762,0.789,0.323,0.74,0.827,0.046,0.656,-0.155,0.869,0.902,-0.557,-0.572,0.275,-0.554,0.435,0.432,0.749,0.836,0.286,0.794,0.823,0.52,-0.431,0.894,0.762,0.748,-0.323,0.055,0.701,0.504,-0.024,0.553,-0.385,-0.114,0.784,0.799,0.198,-0.537,0.82,0.797,0.914,-0.007,-0.004,0.848,0.692,0.391,-0.609,-0.421,-0.291,0.59,0.815,0.569,0.914,0.807,-0.606,0.501,0.256,0.638,-0.005,0.941,0.726,0.697,0.657,0.182,0.265,0.398,0.89,0.769,0.748,0.803,0.835,0.512,0.492,0.856,0.875,0.561,-0.557,0.235,0.862,0.149,0.876,0.774,-0.529,0.786,0.611,0.644,-0.742,0.781,0.838,0.786,0.877,0.785,-0.293,0.492,0.579,0.915,0.818,0.823,-0.612,-0.163,-0.505,0.709,-0.377,0.795,0.944,-0.09,0.746,0.815
ADP,0.387,0.8,0.0,0.448,0.472,0.559,0.505,0.671,0.81,0.8,0.492,0.79,-0.198,-0.686,0.398,0.342,0.773,-0.696,-0.231,0.178,-0.809,0.812,-0.778,-0.311,-0.195,0.491,0.939,0.204,0.618,0.828,0.884,0.838,-0.769,0.727,0.803,0.402,0.112,0.834,-0.055,-0.095,0.684,0.619,0.42,0.747,0.66,0.673,0.359,0.858,0.605,-0.625,0.055,0.517,0.69,0.938,-0.276,0.251,0.452,0.023,0.552,0.202,0.499,0.759,0.703,0.684,0.844,0.865,-0.271,0.873,0.287,-0.669,0.049,0.861,0.346,0.011,0.947,-0.083,0.864,0.46,0.78,0.834,0.907,-0.193,-0.358,0.447,0.637,-0.785,0.857,0.873,0.72,0.528,0.936,0.276,0.697,0.885,0.589,0.631,0.924,0.261,0.489,0.048,0.849,0.858,-0.572,-0.558,0.198,-0.221,0.392,0.243,0.818,0.832,0.657,0.787,0.572,0.246,-0.65,0.697,0.952,0.894,-0.23,0.152,0.813,0.445,-0.067,0.384,-0.522,0.194,0.709,0.763,0.18,-0.411,0.762,0.963,0.878,0.052,0.055,0.836,0.656,0.737,-0.605,-0.528,-0.124,0.712,0.832,0.682,0.843,0.909,-0.729,0.681,0.261,0.542,-0.104,0.766,0.54,0.693,0.616,0.121,0.71,0.603,0.757,0.905,0.916,0.641,0.861,0.647,0.403,0.828,0.948,0.572,-0.383,0.3,0.802,0.139,0.869,0.964,-0.652,0.907,0.728,0.815,-0.657,0.804,0.682,0.88,0.918,0.703,-0.101,0.215,0.679,0.903,0.697,0.941,-0.575,0.171,-0.259,0.583,-0.023,0.797,0.765,-0.059,0.957,0.931
AFYA,0.779,0.291,0.448,0.0,0.646,0.002,0.044,-0.218,0.152,0.626,-0.137,0.264,0.257,-0.071,-0.273,-0.278,0.056,0.197,0.526,0.125,-0.203,0.392,-0.009,0.417,-0.421,0.103,0.467,0.633,0.193,0.322,0.618,0.707,-0.291,0.557,0.367,0.537,0.572,0.39,0.283,0.549,0.637,0.763,-0.246,-0.017,-0.092,-0.141,0.725,0.308,-0.032,0.174,0.379,0.063,0.529,0.324,0.502,0.529,0.405,0.546,0.645,-0.244,-0.199,0.18,0.416,0.277,0.573,0.402,0.5,0.456,-0.401,-0.103,-0.619,0.558,0.167,0.583,0.452,-0.547,0.235,0.58,0.206,0.381,0.43,0.025,0.491,-0.182,0.433,-0.294,0.271,0.407,0.022,0.195,0.284,-0.374,0.183,0.166,0.405,-0.11,0.223,0.723,-0.238,0.634,0.14,0.204,-0.223,0.312,0.618,0.313,0.625,-0.308,0.68,0.526,0.394,0.606,0.267,0.138,-0.289,0.42,0.526,0.36,0.357,-0.077,0.687,-0.337,0.327,0.005,0.253,0.596,-0.04,0.254,0.649,-0.098,0.211,0.491,0.268,-0.026,0.563,0.29,0.762,0.612,-0.177,0.072,0.477,-0.077,0.549,0.538,0.46,0.205,0.016,0.791,0.56,0.053,0.633,0.227,0.386,0.737,0.256,0.289,0.509,0.559,0.243,0.249,0.46,-0.038,0.503,-0.004,-0.055,0.255,0.356,0.766,0.352,0.742,0.164,0.48,0.32,0.387,-0.125,0.602,0.577,0.652,-0.025,0.159,-0.012,0.547,0.536,0.09,0.605,-0.245,0.181,0.32,0.243,0.463,0.193,0.449,0.443,0.344,0.609,0.145,0.254,-0.125,0.509,0.369
AGNC,0.845,0.114,0.472,0.646,0.0,-0.222,0.05,-0.079,0.337,0.582,-0.315,0.195,0.197,0.083,-0.245,-0.32,0.076,0.107,0.393,-0.237,-0.274,0.21,-0.103,0.369,-0.488,0.01,0.482,0.711,0.425,0.59,0.639,0.552,-0.309,0.526,0.216,0.631,0.817,0.34,0.46,0.671,0.506,0.779,-0.33,0.059,-0.039,-0.129,0.593,0.195,0.02,0.141,0.45,-0.11,0.508,0.379,0.392,0.565,0.682,0.72,0.468,-0.354,-0.127,0.157,0.336,0.278,0.4,0.381,0.491,0.369,-0.336,-0.209,-0.477,0.512,0.337,0.606,0.516,-0.558,0.147,0.681,0.186,0.284,0.384,0.13,0.276,-0.243,0.706,-0.321,0.143,0.39,0.025,-0.003,0.238,-0.174,0.07,0.189,0.462,-0.097,0.24,0.803,-0.266,0.717,0.112,0.199,-0.238,0.248,0.568,0.637,0.385,-0.386,0.601,0.539,0.781,0.478,0.157,-0.293,-0.433,0.258,0.569,0.494,0.237,0.196,0.639,-0.335,0.221,-0.094,0.061,0.799,-0.045,0.173,0.355,-0.017,0.166,0.459,0.218,-0.196,0.49,0.195,0.474,0.681,-0.206,-0.233,0.461,0.043,0.289,0.483,0.303,0.29,-0.041,0.784,0.559,0.108,0.429,0.057,0.288,0.514,0.078,0.138,0.786,0.727,0.044,0.215,0.498,-0.144,0.503,0.276,0.018,0.237,0.325,0.491,0.409,0.518,0.193,0.434,0.238,0.389,-0.091,0.537,0.563,0.732,0.134,0.125,-0.13,0.565,0.463,0.153,0.566,-0.283,0.124,0.28,0.046,0.465,0.26,0.728,0.574,0.197,0.607,0.091,0.034,-0.249,0.552,0.43
AGYS,-0.326,0.801,0.559,0.002,-0.222,0.0,0.807,0.691,0.642,0.53,0.863,0.849,-0.062,-0.844,0.797,0.768,0.72,-0.655,-0.526,0.521,-0.492,0.758,-0.707,-0.758,0.14,0.829,0.451,-0.388,0.455,0.326,0.475,0.388,-0.467,0.451,0.825,0.197,-0.593,0.703,-0.483,-0.583,0.442,-0.125,0.828,0.826,0.849,0.849,0.125,0.814,0.68,-0.716,-0.502,0.835,0.53,0.665,-0.447,0.049,-0.008,-0.522,0.459,0.694,0.783,0.796,0.555,0.703,0.588,0.617,-0.761,0.653,0.68,-0.275,0.524,0.607,0.442,-0.318,0.495,0.5,0.839,-0.156,0.82,0.603,0.716,-0.138,-0.313,0.739,0.057,-0.489,0.858,0.716,0.782,0.666,0.633,0.593,0.872,0.787,0.33,0.872,0.686,-0.249,0.885,-0.313,0.827,0.758,-0.242,-0.68,0.015,-0.787,0.349,0.564,0.456,0.489,-0.008,0.643,0.781,0.577,-0.221,0.657,0.518,0.47,-0.284,0.186,0.463,0.719,0.101,0.788,-0.34,-0.523,0.844,0.845,0.009,-0.328,0.843,0.541,0.795,0.053,-0.277,0.848,0.46,0.016,-0.307,-0.319,-0.441,0.597,0.691,0.446,0.728,0.712,-0.608,0.173,0.117,0.733,-0.198,0.847,0.536,0.477,0.737,0.459,-0.036,0.023,0.856,0.649,0.41,0.842,0.629,0.482,0.644,0.799,0.734,0.327,-0.759,0.15,0.814,-0.174,0.808,0.598,-0.334,0.613,0.531,0.213,-0.691,0.76,0.917,0.581,0.591,0.814,-0.604,0.758,0.425,0.756,0.795,0.509,-0.771,-0.596,-0.772,0.776,-0.619,0.774,0.772,0.329,0.417,0.595
ALT,-0.166,0.694,0.505,0.044,0.05,0.807,0.0,0.543,0.709,0.623,0.689,0.827,0.157,-0.66,0.843,0.771,0.63,-0.429,-0.297,0.517,-0.371,0.711,-0.555,-0.712,0.124,0.896,0.383,-0.196,0.732,0.416,0.513,0.309,-0.275,0.534,0.794,0.557,-0.28,0.713,-0.246,-0.254,0.557,-0.111,0.693,0.807,0.837,0.739,0.386,0.725,0.727,-0.506,-0.421,0.821,0.679,0.616,-0.24,0.378,0.214,-0.195,0.518,0.61,0.874,0.801,0.598,0.793,0.495,0.669,-0.631,0.549,0.703,-0.08,0.517,0.674,0.78,0.011,0.444,0.531,0.771,0.092,0.806,0.522,0.683,0.172,-0.113,0.65,0.261,-0.323,0.749,0.699,0.739,0.699,0.462,0.615,0.856,0.684,0.533,0.864,0.594,0.088,0.832,0.039,0.746,0.701,-0.035,-0.439,0.243,-0.443,0.47,0.555,0.511,0.54,0.254,0.726,0.832,0.415,-0.096,0.619,0.561,0.549,-0.065,0.493,0.559,0.571,0.35,0.841,-0.097,-0.215,0.829,0.828,-0.047,-0.149,0.84,0.431,0.734,-0.029,-0.199,0.779,0.444,0.093,-0.083,-0.249,-0.284,0.576,0.553,0.513,0.646,0.663,-0.374,0.304,0.417,0.911,0.015,0.804,0.769,0.555,0.7,0.578,0.114,0.23,0.768,0.448,0.373,0.744,0.704,0.552,0.774,0.785,0.65,0.344,-0.496,0.285,0.827,-0.041,0.722,0.47,0.005,0.636,0.696,0.335,-0.388,0.635,0.783,0.643,0.522,0.867,-0.514,0.87,0.185,0.697,0.688,0.449,-0.507,-0.364,-0.493,0.812,-0.465,0.661,0.644,0.365,0.381,0.543
AMGN,-0.275,0.564,0.671,-0.218,-0.079,0.691,0.543,0.0,0.698,0.327,0.78,0.697,-0.31,-0.672,0.671,0.669,0.75,-0.91,-0.668,0.16,-0.72,0.512,-0.834,-0.742,0.155,0.535,0.559,-0.344,0.462,0.569,0.392,0.302,-0.543,0.3,0.63,-0.054,-0.485,0.602,-0.342,-0.639,0.154,-0.037,0.741,0.816,0.825,0.855,-0.174,0.65,0.745,-0.792,-0.2,0.472,0.268,0.726,-0.704,-0.128,0.091,-0.473,0.122,0.548,0.73,0.684,0.557,0.577,0.39,0.551,-0.758,0.529,0.7,-0.541,0.615,0.443,0.235,-0.438,0.594,0.411,0.738,-0.169,0.671,0.591,0.616,-0.219,-0.674,0.705,0.303,-0.552,0.723,0.653,0.668,0.469,0.773,0.624,0.689,0.864,0.382,0.81,0.787,-0.364,0.784,-0.476,0.803,0.729,-0.318,-0.871,-0.374,-0.567,-0.036,0.568,0.292,0.38,0.284,0.349,0.373,0.231,-0.409,0.335,0.583,0.569,-0.499,0.215,0.275,0.808,-0.249,0.516,-0.74,-0.411,0.815,0.641,-0.31,-0.292,0.675,0.607,0.706,0.1,-0.447,0.701,0.111,0.239,-0.412,-0.556,-0.51,0.824,0.499,0.288,0.518,0.796,-0.841,0.039,-0.207,0.549,-0.647,0.631,0.185,0.156,0.497,0.062,0.292,0.055,0.628,0.784,0.528,0.765,0.497,0.603,0.481,0.699,0.736,0.038,-0.77,-0.215,0.7,-0.318,0.695,0.716,-0.564,0.496,0.333,0.239,-0.72,0.712,0.782,0.488,0.491,0.686,-0.658,0.48,0.602,0.69,0.6,0.55,-0.843,-0.324,-0.704,0.394,-0.537,0.776,0.572,0.229,0.551,0.659
AMPH,0.075,0.711,0.81,0.152,0.337,0.642,0.709,0.698,0.0,0.755,0.55,0.815,-0.132,-0.667,0.651,0.542,0.777,-0.656,-0.431,0.101,-0.741,0.718,-0.829,-0.576,-0.102,0.63,0.736,0.095,0.816,0.789,0.764,0.522,-0.635,0.739,0.778,0.556,0.007,0.818,-0.158,-0.172,0.609,0.28,0.529,0.848,0.834,0.796,0.261,0.788,0.73,-0.707,-0.198,0.68,0.737,0.886,-0.375,0.247,0.576,0.014,0.529,0.345,0.749,0.759,0.735,0.817,0.607,0.787,-0.454,0.727,0.527,-0.566,0.367,0.819,0.596,-0.003,0.778,0.174,0.805,0.33,0.881,0.665,0.859,-0.016,-0.347,0.502,0.625,-0.674,0.82,0.84,0.802,0.626,0.743,0.616,0.752,0.835,0.557,0.812,0.869,0.238,0.673,0.073,0.835,0.842,-0.408,-0.606,0.182,-0.276,0.257,0.325,0.71,0.723,0.641,0.737,0.7,0.039,-0.551,0.664,0.805,0.84,-0.184,0.503,0.702,0.525,0.063,0.666,-0.409,0.073,0.818,0.844,-0.067,-0.25,0.818,0.733,0.874,-0.146,-0.176,0.827,0.429,0.461,-0.445,-0.645,-0.381,0.746,0.588,0.646,0.698,0.889,-0.684,0.503,0.313,0.826,-0.147,0.749,0.592,0.539,0.682,0.271,0.513,0.489,0.711,0.75,0.649,0.708,0.762,0.778,0.712,0.801,0.825,0.285,-0.541,0.288,0.911,-0.008,0.821,0.802,-0.39,0.781,0.744,0.616,-0.486,0.839,0.716,0.804,0.77,0.88,-0.406,0.502,0.423,0.877,0.625,0.796,-0.6,0.012,-0.334,0.629,-0.311,0.788,0.67,0.085,0.739,0.816
AMZN,0.46,0.779,0.8,0.626,0.582,0.53,0.623,0.327,0.755,0.0,0.294,0.742,0.104,-0.632,0.357,0.227,0.63,-0.331,-0.031,0.222,-0.584,0.812,-0.607,-0.207,-0.474,0.567,0.793,0.309,0.72,0.712,0.91,0.807,-0.711,0.854,0.767,0.784,0.312,0.797,-0.053,0.177,0.859,0.595,0.222,0.646,0.59,0.514,0.609,0.807,0.407,-0.439,-0.101,0.637,0.85,0.82,0.024,0.488,0.578,0.231,0.754,0.054,0.452,0.666,0.636,0.713,0.828,0.832,-0.109,0.859,0.123,-0.447,-0.136,0.962,0.595,0.318,0.781,-0.21,0.752,0.59,0.793,0.683,0.898,-0.058,0.038,0.197,0.585,-0.696,0.8,0.822,0.611,0.502,0.663,0.18,0.659,0.681,0.528,0.541,0.711,0.568,0.37,0.397,0.702,0.773,-0.492,-0.247,0.594,-0.078,0.579,0.054,0.941,0.916,0.621,0.92,0.811,0.18,-0.511,0.856,0.862,0.81,0.019,0.244,0.917,0.14,0.218,0.489,-0.126,0.347,0.555,0.76,0.371,-0.327,0.737,0.783,0.803,-0.229,0.24,0.776,0.79,0.564,-0.516,-0.436,0.021,0.374,0.745,0.75,0.835,0.721,-0.445,0.811,0.573,0.668,0.374,0.74,0.754,0.853,0.62,0.375,0.574,0.701,0.702,0.631,0.704,0.517,0.914,0.535,0.517,0.765,0.799,0.665,-0.223,0.631,0.797,0.361,0.801,0.741,-0.321,0.912,0.864,0.844,-0.399,0.668,0.538,0.915,0.9,0.745,0.051,0.282,0.39,0.857,0.614,0.842,-0.308,0.222,-0.015,0.732,0.029,0.645,0.71,-0.128,0.783,0.805
ANIP,-0.39,0.635,0.492,-0.137,-0.315,0.863,0.689,0.78,0.55,0.294,0.0,0.767,-0.038,-0.711,0.776,0.809,0.675,-0.678,-0.518,0.566,-0.452,0.588,-0.613,-0.809,0.347,0.751,0.341,-0.464,0.363,0.279,0.315,0.228,-0.274,0.27,0.736,-0.014,-0.684,0.609,-0.354,-0.64,0.222,-0.26,0.917,0.792,0.799,0.815,0.005,0.657,0.725,-0.631,-0.345,0.603,0.307,0.555,-0.521,-0.025,-0.209,-0.569,0.273,0.809,0.753,0.767,0.579,0.632,0.393,0.535,-0.799,0.494,0.805,-0.16,0.657,0.417,0.331,-0.377,0.397,0.678,0.769,-0.296,0.665,0.54,0.557,-0.041,-0.39,0.884,0.052,-0.307,0.732,0.599,0.729,0.666,0.601,0.565,0.842,0.737,0.432,0.851,0.613,-0.384,0.895,-0.432,0.777,0.636,-0.05,-0.734,-0.241,-0.757,0.26,0.707,0.233,0.274,-0.039,0.462,0.526,0.596,-0.087,0.375,0.432,0.37,-0.31,0.241,0.28,0.826,0.067,0.71,-0.42,-0.61,0.847,0.716,-0.17,-0.206,0.761,0.454,0.701,0.281,-0.328,0.755,0.283,-0.0,-0.107,-0.136,-0.427,0.739,0.597,0.266,0.564,0.656,-0.623,0.015,-0.045,0.605,-0.417,0.709,0.333,0.331,0.677,0.399,-0.017,-0.082,0.743,0.616,0.366,0.813,0.463,0.439,0.575,0.719,0.642,0.226,-0.713,-0.057,0.663,-0.313,0.689,0.546,-0.267,0.481,0.366,0.061,-0.644,0.617,0.884,0.43,0.385,0.664,-0.623,0.736,0.411,0.598,0.732,0.363,-0.77,-0.635,-0.835,0.61,-0.574,0.693,0.632,0.479,0.349,0.491
AOSL,0.062,0.792,0.79,0.264,0.195,0.849,0.827,0.697,0.815,0.742,0.767,0.0,0.122,-0.727,0.72,0.687,0.737,-0.631,-0.303,0.465,-0.632,0.819,-0.718,-0.616,0.056,0.865,0.638,0.017,0.671,0.615,0.763,0.588,-0.516,0.683,0.947,0.451,-0.221,0.881,-0.191,-0.277,0.629,0.22,0.751,0.851,0.841,0.787,0.419,0.876,0.795,-0.608,-0.161,0.718,0.749,0.831,-0.277,0.329,0.272,-0.129,0.679,0.647,0.756,0.933,0.787,0.901,0.743,0.761,-0.546,0.77,0.626,-0.327,0.39,0.812,0.619,-0.041,0.706,0.33,0.909,0.126,0.88,0.761,0.867,0.023,-0.198,0.74,0.452,-0.543,0.908,0.934,0.811,0.735,0.741,0.542,0.935,0.907,0.671,0.847,0.809,0.126,0.801,0.026,0.9,0.811,-0.236,-0.589,0.197,-0.489,0.563,0.454,0.694,0.649,0.389,0.853,0.777,0.458,-0.355,0.646,0.784,0.698,-0.083,0.375,0.767,0.623,0.234,0.749,-0.328,-0.166,0.857,0.942,0.145,-0.232,0.935,0.748,0.881,0.107,-0.086,0.962,0.62,0.367,-0.276,-0.369,-0.209,0.705,0.829,0.667,0.829,0.873,-0.612,0.504,0.378,0.805,-0.086,0.836,0.637,0.712,0.817,0.563,0.365,0.35,0.867,0.774,0.621,0.755,0.825,0.665,0.689,0.932,0.884,0.547,-0.551,0.364,0.904,-0.092,0.924,0.807,-0.343,0.865,0.816,0.51,-0.577,0.811,0.87,0.838,0.752,0.883,-0.371,0.655,0.45,0.853,0.821,0.705,-0.658,-0.278,-0.501,0.86,-0.276,0.823,0.748,0.356,0.675,0.801
APDN,0.277,-0.194,-0.198,0.257,0.197,-0.062,0.157,-0.31,-0.132,0.104,-0.038,0.122,0.0,0.333,-0.021,0.022,-0.297,0.482,0.553,0.39,0.413,-0.111,0.39,0.096,0.041,0.327,-0.338,0.286,0.104,-0.152,0.033,-0.062,0.402,0.115,0.092,0.333,0.195,-0.036,0.368,0.411,0.012,-0.022,0.056,-0.149,-0.108,-0.305,0.541,-0.16,0.001,0.523,0.287,-0.131,0.191,-0.207,0.539,0.466,-0.12,0.356,0.271,0.261,-0.088,0.147,0.142,0.25,-0.029,-0.116,0.246,-0.117,0.031,0.641,-0.13,0.019,0.377,0.516,-0.275,0.105,-0.104,-0.047,-0.154,-0.133,-0.133,0.546,0.647,0.117,0.084,0.382,-0.11,0.016,-0.166,0.078,-0.344,-0.179,0.144,-0.18,0.411,-0.095,-0.35,0.368,-0.052,0.52,-0.14,-0.277,0.532,0.435,0.314,0.261,0.551,-0.093,0.002,-0.113,-0.007,0.208,0.158,0.203,0.439,-0.157,-0.098,-0.203,0.535,0.234,0.188,-0.218,0.605,0.109,0.503,0.085,-0.131,0.068,0.229,0.337,0.081,-0.211,-0.121,0.071,0.343,0.017,0.135,-0.119,0.538,0.481,0.563,-0.257,0.079,0.156,-0.038,-0.22,0.436,0.175,0.443,0.11,0.503,-0.147,0.175,0.304,0.156,0.656,-0.025,0.116,-0.041,-0.324,-0.246,-0.238,0.044,-0.032,0.154,0.027,-0.169,0.27,0.409,0.419,-0.099,0.069,-0.05,-0.243,0.598,0.107,0.268,-0.049,0.468,-0.242,-0.145,0.098,-0.167,-0.062,0.311,0.183,-0.483,-0.194,-0.015,-0.286,0.343,-0.069,0.278,0.346,0.372,-0.263,-0.246,0.371,-0.234,-0.18
APLT,0.215,-0.917,-0.686,-0.071,0.083,-0.844,-0.66,-0.672,-0.667,-0.632,-0.711,-0.727,0.333,0.0,-0.667,-0.597,-0.882,0.762,0.589,-0.311,0.662,-0.847,0.824,0.651,0.1,-0.566,-0.706,0.412,-0.423,-0.501,-0.574,-0.565,0.74,-0.519,-0.715,-0.201,0.412,-0.697,0.534,0.557,-0.576,-0.087,-0.603,-0.861,-0.795,-0.871,-0.041,-0.896,-0.472,0.859,0.575,-0.817,-0.435,-0.797,0.572,0.069,-0.09,0.531,-0.388,-0.329,-0.714,-0.67,-0.418,-0.51,-0.703,-0.791,0.704,-0.797,-0.445,0.592,-0.327,-0.705,-0.284,0.38,-0.662,-0.222,-0.869,-0.084,-0.846,-0.714,-0.814,0.416,0.515,-0.507,-0.085,0.717,-0.903,-0.686,-0.804,-0.505,-0.778,-0.415,-0.72,-0.789,-0.139,-0.78,-0.815,0.205,-0.73,0.395,-0.841,-0.901,0.594,0.739,-0.09,0.716,-0.192,-0.531,-0.589,-0.713,-0.137,-0.607,-0.749,-0.45,0.408,-0.806,-0.644,-0.648,0.462,-0.009,-0.487,-0.596,0.202,-0.56,0.54,0.337,-0.801,-0.722,0.002,0.545,-0.748,-0.694,-0.857,0.102,0.189,-0.79,-0.515,-0.187,0.658,0.517,0.493,-0.603,-0.677,-0.363,-0.795,-0.785,0.727,-0.256,-0.011,-0.598,0.229,-0.891,-0.545,-0.46,-0.583,-0.068,-0.103,-0.182,-0.821,-0.761,-0.63,-0.864,-0.721,-0.453,-0.473,-0.783,-0.805,-0.345,0.779,-0.015,-0.831,-0.032,-0.832,-0.7,0.6,-0.619,-0.424,-0.439,0.843,-0.743,-0.879,-0.631,-0.742,-0.786,0.501,-0.513,-0.593,-0.869,-0.793,-0.719,0.756,0.313,0.682,-0.564,0.61,-0.815,-0.899,0.081,-0.622,-0.751
APVO,-0.463,0.607,0.398,-0.273,-0.245,0.797,0.843,0.671,0.651,0.357,0.776,0.72,-0.021,-0.667,0.0,0.876,0.677,-0.597,-0.514,0.465,-0.404,0.577,-0.605,-0.871,0.325,0.767,0.283,-0.425,0.576,0.321,0.292,0.093,-0.238,0.354,0.669,0.227,-0.53,0.576,-0.327,-0.534,0.298,-0.338,0.831,0.824,0.862,0.836,0.056,0.644,0.74,-0.646,-0.486,0.747,0.434,0.546,-0.505,0.039,-0.008,-0.42,0.257,0.714,0.913,0.744,0.445,0.675,0.313,0.551,-0.822,0.414,0.854,-0.145,0.755,0.486,0.581,-0.341,0.328,0.694,0.714,-0.119,0.713,0.455,0.534,0.136,-0.414,0.733,0.122,-0.221,0.686,0.577,0.772,0.676,0.479,0.723,0.77,0.668,0.351,0.888,0.591,-0.243,0.912,-0.314,0.732,0.67,-0.057,-0.658,-0.077,-0.648,0.225,0.711,0.26,0.319,0.108,0.454,0.654,0.384,0.029,0.415,0.377,0.439,-0.142,0.457,0.295,0.785,0.08,0.76,-0.316,-0.474,0.868,0.713,-0.286,-0.174,0.739,0.317,0.674,0.111,-0.424,0.685,0.156,-0.072,-0.079,-0.325,-0.516,0.679,0.402,0.297,0.488,0.629,-0.463,-0.005,0.116,0.819,-0.342,0.701,0.509,0.264,0.672,0.364,-0.097,0.03,0.709,0.467,0.273,0.789,0.471,0.568,0.758,0.692,0.552,0.058,-0.687,-0.049,0.775,-0.211,0.641,0.411,-0.107,0.399,0.417,0.119,-0.435,0.646,0.831,0.425,0.359,0.797,-0.752,0.881,0.224,0.61,0.649,0.349,-0.648,-0.52,-0.684,0.622,-0.696,0.664,0.61,0.374,0.282,0.465
ARGX,-0.47,0.527,0.342,-0.278,-0.32,0.768,0.771,0.669,0.542,0.227,0.809,0.687,0.022,-0.597,0.876,0.0,0.632,-0.542,-0.444,0.49,-0.315,0.539,-0.505,-0.816,0.537,0.768,0.204,-0.467,0.416,0.239,0.207,0.051,-0.103,0.243,0.592,0.105,-0.604,0.564,-0.408,-0.605,0.221,-0.381,0.843,0.731,0.743,0.748,0.066,0.583,0.722,-0.556,-0.443,0.662,0.306,0.458,-0.462,0.078,-0.071,-0.49,0.248,0.781,0.87,0.683,0.418,0.567,0.277,0.481,-0.806,0.326,0.821,-0.056,0.77,0.36,0.499,-0.293,0.216,0.746,0.65,-0.24,0.653,0.5,0.44,0.066,-0.307,0.807,-0.009,-0.154,0.626,0.509,0.664,0.64,0.433,0.646,0.735,0.615,0.365,0.845,0.526,-0.301,0.909,-0.388,0.65,0.566,0.044,-0.557,-0.097,-0.63,0.266,0.8,0.179,0.215,-0.059,0.403,0.527,0.535,0.079,0.322,0.338,0.333,-0.139,0.439,0.211,0.736,0.155,0.733,-0.299,-0.515,0.805,0.652,-0.195,-0.048,0.655,0.266,0.567,0.225,-0.44,0.636,0.167,-0.09,0.042,-0.223,-0.459,0.672,0.389,0.16,0.463,0.582,-0.391,-0.091,0.056,0.693,-0.35,0.65,0.472,0.262,0.582,0.362,-0.104,-0.118,0.597,0.432,0.21,0.77,0.417,0.396,0.557,0.652,0.487,0.112,-0.637,-0.127,0.647,-0.323,0.585,0.346,-0.066,0.346,0.352,0.015,-0.465,0.554,0.817,0.378,0.273,0.718,-0.756,0.81,0.224,0.498,0.693,0.269,-0.583,-0.563,-0.721,0.57,-0.658,0.6,0.53,0.468,0.19,0.386
ARLP,-0.111,0.842,0.773,0.056,0.076,0.72,0.63,0.75,0.777,0.63,0.675,0.737,-0.297,-0.882,0.677,0.632,0.0,-0.808,-0.563,0.203,-0.731,0.798,-0.854,-0.673,-0.034,0.545,0.769,-0.308,0.557,0.703,0.633,0.574,-0.73,0.605,0.683,0.245,-0.256,0.741,-0.379,-0.45,0.541,0.184,0.622,0.919,0.811,0.892,0.106,0.869,0.54,-0.842,-0.381,0.699,0.473,0.882,-0.54,0.028,0.192,-0.378,0.391,0.328,0.743,0.699,0.506,0.564,0.672,0.866,-0.674,0.79,0.506,-0.633,0.394,0.74,0.383,-0.297,0.713,0.246,0.883,0.195,0.846,0.805,0.812,-0.292,-0.569,0.582,0.256,-0.703,0.887,0.727,0.827,0.551,0.852,0.415,0.716,0.826,0.3,0.817,0.894,-0.091,0.738,-0.343,0.858,0.922,-0.599,-0.753,0.114,-0.53,0.199,0.613,0.604,0.734,0.356,0.61,0.673,0.318,-0.417,0.712,0.754,0.768,-0.446,0.249,0.524,0.602,-0.253,0.495,-0.657,-0.16,0.833,0.735,-0.07,-0.361,0.739,0.717,0.88,-0.045,-0.168,0.802,0.443,0.329,-0.586,-0.575,-0.429,0.732,0.64,0.33,0.778,0.881,-0.784,0.287,-0.016,0.627,-0.28,0.819,0.525,0.473,0.632,0.022,0.344,0.32,0.734,0.814,0.722,0.884,0.762,0.561,0.48,0.823,0.829,0.297,-0.696,-0.052,0.852,0.013,0.849,0.767,-0.593,0.653,0.48,0.547,-0.784,0.718,0.862,0.689,0.754,0.809,-0.479,0.465,0.59,0.876,0.802,0.799,-0.693,-0.117,-0.594,0.51,-0.511,0.833,0.811,-0.114,0.718,0.829
ATEX,0.271,-0.646,-0.696,0.197,0.107,-0.655,-0.429,-0.91,-0.656,-0.331,-0.678,-0.631,0.482,0.762,-0.597,-0.542,-0.808,0.0,0.719,-0.077,0.797,-0.578,0.886,0.647,-0.085,-0.368,-0.657,0.366,-0.32,-0.564,-0.43,-0.402,0.688,-0.315,-0.562,0.158,0.47,-0.554,0.42,0.7,-0.24,-0.078,-0.646,-0.789,-0.748,-0.853,0.242,-0.716,-0.571,0.88,0.276,-0.492,-0.206,-0.767,0.78,0.259,-0.072,0.537,-0.115,-0.392,-0.642,-0.594,-0.413,-0.445,-0.499,-0.588,0.732,-0.598,-0.535,0.731,-0.488,-0.466,-0.081,0.601,-0.657,-0.252,-0.743,0.09,-0.659,-0.637,-0.646,0.434,0.809,-0.581,-0.197,0.668,-0.742,-0.633,-0.699,-0.36,-0.833,-0.521,-0.588,-0.835,-0.168,-0.707,-0.844,0.426,-0.693,0.586,-0.78,-0.782,0.541,0.923,0.333,0.651,0.123,-0.525,-0.333,-0.458,-0.24,-0.316,-0.369,-0.228,0.511,-0.426,-0.576,-0.599,0.592,-0.025,-0.269,-0.732,0.483,-0.354,0.849,0.393,-0.762,-0.575,0.246,0.449,-0.599,-0.672,-0.726,-0.042,0.378,-0.665,-0.155,-0.257,0.624,0.641,0.539,-0.745,-0.533,-0.218,-0.56,-0.813,0.88,-0.032,0.292,-0.429,0.685,-0.659,-0.152,-0.113,-0.43,0.158,-0.231,-0.044,-0.634,-0.845,-0.625,-0.757,-0.505,-0.554,-0.346,-0.669,-0.75,-0.063,0.815,0.295,-0.699,0.22,-0.72,-0.758,0.78,-0.455,-0.233,-0.296,0.837,-0.731,-0.783,-0.467,-0.573,-0.638,0.597,-0.357,-0.688,-0.734,-0.622,-0.635,0.868,0.255,0.72,-0.286,0.559,-0.803,-0.668,-0.005,-0.625,-0.729
ATRA,0.6,-0.349,-0.231,0.526,0.393,-0.526,-0.297,-0.668,-0.431,-0.031,-0.518,-0.303,0.553,0.589,-0.514,-0.444,-0.563,0.719,0.0,0.169,0.468,-0.193,0.678,0.688,-0.022,-0.186,-0.244,0.599,-0.195,-0.197,-0.022,0.096,0.442,-0.025,-0.252,0.234,0.58,-0.216,0.561,0.711,0.105,0.347,-0.491,-0.578,-0.595,-0.724,0.623,-0.336,-0.354,0.805,0.587,-0.416,-0.002,-0.377,0.741,0.492,-0.02,0.645,0.135,-0.297,-0.545,-0.285,-0.125,-0.193,-0.023,-0.196,0.747,-0.244,-0.545,0.512,-0.635,-0.138,0.004,0.63,-0.243,-0.395,-0.371,0.392,-0.488,-0.175,-0.316,0.336,0.712,-0.361,0.06,0.412,-0.431,-0.247,-0.507,-0.162,-0.386,-0.649,-0.296,-0.457,0.199,-0.58,-0.468,0.568,-0.581,0.629,-0.467,-0.47,0.347,0.819,0.418,0.64,0.476,-0.33,0.046,-0.132,0.054,0.019,-0.267,0.099,0.329,-0.268,-0.107,-0.25,0.716,-0.13,0.091,-0.59,0.429,-0.426,0.623,0.536,-0.528,-0.306,0.465,0.311,-0.316,-0.191,-0.399,0.234,0.645,-0.377,0.244,0.174,0.446,0.571,0.798,-0.438,-0.018,0.011,-0.155,-0.446,0.696,0.285,0.431,-0.322,0.608,-0.355,0.093,0.226,-0.206,0.213,0.123,0.201,-0.335,-0.407,-0.113,-0.592,-0.093,-0.376,-0.396,-0.275,-0.341,0.422,0.85,0.382,-0.439,0.39,-0.333,-0.323,0.448,-0.055,0.03,0.14,0.555,-0.48,-0.507,-0.032,-0.199,-0.492,0.752,-0.4,-0.3,-0.404,-0.266,-0.249,0.716,0.44,0.727,-0.079,0.806,-0.475,-0.318,0.004,-0.139,-0.287
AUTL,-0.071,0.421,0.178,0.125,-0.237,0.521,0.517,0.16,0.101,0.222,0.566,0.465,0.39,-0.311,0.465,0.49,0.203,-0.077,0.169,0.0,0.093,0.449,-0.002,-0.34,0.331,0.639,0.034,-0.202,0.17,-0.113,0.15,0.218,0.1,0.161,0.489,0.126,-0.377,0.279,0.003,-0.189,0.237,-0.183,0.517,0.318,0.332,0.254,0.371,0.372,0.379,0.006,-0.095,0.414,0.277,0.147,-0.012,0.201,-0.362,-0.257,0.23,0.56,0.358,0.516,0.281,0.415,0.33,0.33,-0.303,0.242,0.439,0.332,0.197,0.264,0.318,0.041,0.068,0.489,0.441,-0.066,0.247,0.313,0.244,0.265,0.134,0.532,-0.076,0.11,0.383,0.282,0.346,0.48,0.211,0.086,0.576,0.274,0.433,0.404,0.132,-0.076,0.481,-0.054,0.375,0.234,0.273,-0.105,0.02,-0.402,0.598,0.463,0.153,0.135,-0.181,0.42,0.42,0.834,0.373,0.235,0.179,0.059,0.172,0.059,0.264,0.386,0.347,0.392,0.182,-0.362,0.46,0.414,0.147,-0.136,0.528,0.158,0.351,0.417,0.036,0.391,0.339,-0.049,0.228,0.379,0.061,0.263,0.513,0.266,0.394,0.175,0.046,0.108,0.251,0.381,0.092,0.496,0.488,0.466,0.53,0.494,-0.173,-0.021,0.553,0.158,0.131,0.418,0.306,0.111,0.323,0.416,0.272,0.411,-0.115,0.221,0.284,0.044,0.345,0.134,0.195,0.315,0.281,0.076,-0.18,0.235,0.476,0.244,0.165,0.269,-0.134,0.577,0.107,0.257,0.44,0.044,-0.256,-0.482,-0.373,0.586,-0.133,0.212,0.457,0.47,0.072,0.122
AVDL,-0.049,-0.62,-0.809,-0.203,-0.274,-0.492,-0.371,-0.72,-0.741,-0.584,-0.452,-0.632,0.413,0.662,-0.404,-0.315,-0.731,0.797,0.468,0.093,0.0,-0.615,0.864,0.36,0.175,-0.278,-0.806,-0.101,-0.494,-0.767,-0.673,-0.576,0.767,-0.537,-0.599,-0.204,0.025,-0.719,0.235,0.307,-0.51,-0.426,-0.396,-0.701,-0.635,-0.706,-0.044,-0.731,-0.501,0.782,0.049,-0.435,-0.419,-0.853,0.54,0.003,-0.403,0.04,-0.419,-0.155,-0.51,-0.563,-0.565,-0.526,-0.608,-0.666,0.398,-0.668,-0.297,0.794,-0.221,-0.664,-0.206,0.26,-0.812,0.113,-0.715,-0.303,-0.705,-0.668,-0.768,0.362,0.579,-0.349,-0.496,0.734,-0.725,-0.765,-0.66,-0.47,-0.848,-0.373,-0.53,-0.82,-0.313,-0.566,-0.887,-0.071,-0.449,0.152,-0.752,-0.795,0.627,0.691,0.027,0.333,-0.062,-0.266,-0.647,-0.623,-0.547,-0.488,-0.381,0.018,0.749,-0.533,-0.755,-0.77,0.28,-0.138,-0.507,-0.49,0.307,-0.315,0.67,-0.062,-0.625,-0.592,0.037,0.374,-0.565,-0.822,-0.74,0.023,0.144,-0.673,-0.422,-0.543,0.638,0.728,0.344,-0.691,-0.571,-0.416,-0.613,-0.847,0.788,-0.375,-0.065,-0.464,0.385,-0.589,-0.256,-0.339,-0.471,0.068,-0.523,-0.379,-0.576,-0.872,-0.729,-0.568,-0.644,-0.568,-0.366,-0.676,-0.807,-0.3,0.564,-0.026,-0.74,0.04,-0.744,-0.866,0.775,-0.626,-0.46,-0.577,0.659,-0.752,-0.644,-0.671,-0.725,-0.644,0.296,-0.149,-0.621,-0.79,-0.561,-0.816,0.628,-0.128,0.305,-0.306,0.208,-0.797,-0.634,0.06,-0.82,-0.853
BCRX,0.141,0.955,0.812,0.392,0.21,0.758,0.711,0.512,0.718,0.812,0.588,0.819,-0.111,-0.847,0.577,0.539,0.798,-0.578,-0.193,0.449,-0.615,0.0,-0.683,-0.415,-0.038,0.661,0.789,-0.047,0.527,0.6,0.788,0.778,-0.647,0.696,0.809,0.458,-0.097,0.845,-0.295,-0.247,0.844,0.373,0.494,0.772,0.686,0.707,0.455,0.964,0.511,-0.628,-0.31,0.81,0.662,0.85,-0.266,0.307,0.289,-0.177,0.648,0.305,0.645,0.738,0.53,0.635,0.91,0.895,-0.419,0.88,0.313,-0.482,0.106,0.858,0.442,-0.06,0.771,0.076,0.904,0.386,0.856,0.843,0.9,-0.257,-0.237,0.484,0.275,-0.692,0.911,0.811,0.787,0.605,0.791,0.267,0.763,0.788,0.406,0.694,0.83,0.171,0.619,-0.054,0.821,0.883,-0.51,-0.452,0.384,-0.459,0.543,0.462,0.821,0.848,0.31,0.85,0.787,0.553,-0.414,0.855,0.819,0.746,-0.161,0.095,0.763,0.427,0.039,0.536,-0.3,-0.015,0.765,0.816,0.293,-0.415,0.834,0.801,0.885,0.026,0.076,0.834,0.779,0.435,-0.527,-0.4,-0.198,0.583,0.856,0.567,0.945,0.83,-0.514,0.558,0.335,0.655,0.052,0.941,0.797,0.761,0.664,0.249,0.328,0.402,0.853,0.78,0.756,0.763,0.889,0.445,0.429,0.882,0.87,0.686,-0.473,0.302,0.859,0.213,0.898,0.776,-0.492,0.818,0.674,0.69,-0.696,0.743,0.829,0.847,0.884,0.783,-0.207,0.445,0.585,0.9,0.846,0.829,-0.541,-0.091,-0.408,0.724,-0.264,0.807,0.929,-0.026,0.756,0.835
BHAT,0.158,-0.738,-0.778,-0.009,-0.103,-0.707,-0.555,-0.834,-0.829,-0.607,-0.613,-0.718,0.39,0.824,-0.605,-0.505,-0.854,0.886,0.678,-0.002,0.864,-0.683,0.0,0.62,0.169,-0.474,-0.761,0.214,-0.549,-0.706,-0.609,-0.52,0.809,-0.559,-0.674,-0.192,0.267,-0.7,0.473,0.506,-0.464,-0.212,-0.552,-0.857,-0.828,-0.884,0.048,-0.81,-0.586,0.921,0.338,-0.656,-0.467,-0.883,0.605,0.074,-0.347,0.339,-0.341,-0.285,-0.701,-0.656,-0.576,-0.599,-0.599,-0.713,0.654,-0.736,-0.468,0.779,-0.39,-0.688,-0.276,0.342,-0.765,-0.122,-0.802,-0.092,-0.826,-0.685,-0.82,0.388,0.631,-0.463,-0.342,0.822,-0.843,-0.755,-0.74,-0.436,-0.839,-0.554,-0.664,-0.868,-0.23,-0.769,-0.909,0.127,-0.679,0.31,-0.834,-0.892,0.636,0.83,0.056,0.538,0.009,-0.368,-0.574,-0.668,-0.398,-0.527,-0.592,-0.096,0.642,-0.657,-0.712,-0.76,0.478,-0.163,-0.472,-0.596,0.308,-0.529,0.701,0.194,-0.782,-0.718,0.152,0.417,-0.707,-0.741,-0.831,0.195,0.267,-0.765,-0.333,-0.31,0.704,0.774,0.522,-0.685,-0.58,-0.412,-0.687,-0.879,0.88,-0.245,0.07,-0.611,0.404,-0.751,-0.357,-0.322,-0.542,-0.003,-0.354,-0.26,-0.698,-0.856,-0.665,-0.776,-0.678,-0.623,-0.528,-0.742,-0.837,-0.174,0.807,0.006,-0.846,0.135,-0.826,-0.808,0.705,-0.633,-0.481,-0.481,0.772,-0.821,-0.775,-0.656,-0.734,-0.803,0.531,-0.385,-0.607,-0.877,-0.667,-0.773,0.811,0.135,0.557,-0.452,0.517,-0.865,-0.73,0.06,-0.72,-0.816
BLBD,0.585,-0.496,-0.311,0.417,0.369,-0.758,-0.712,-0.742,-0.576,-0.207,-0.809,-0.616,0.096,0.651,-0.871,-0.816,-0.673,0.647,0.688,-0.34,0.36,-0.415,0.62,0.0,-0.265,-0.666,-0.196,0.611,-0.484,-0.239,-0.14,0.03,0.253,-0.24,-0.549,-0.029,0.655,-0.434,0.371,0.65,-0.065,0.479,-0.812,-0.8,-0.823,-0.851,0.192,-0.52,-0.68,0.687,0.515,-0.64,-0.245,-0.471,0.643,0.146,0.094,0.583,-0.043,-0.669,-0.834,-0.64,-0.397,-0.575,-0.143,-0.442,0.896,-0.334,-0.884,0.187,-0.838,-0.333,-0.401,0.418,-0.229,-0.748,-0.617,0.359,-0.637,-0.358,-0.44,-0.07,0.514,-0.725,-0.065,0.232,-0.623,-0.447,-0.702,-0.551,-0.43,-0.758,-0.705,-0.608,-0.249,-0.867,-0.522,0.434,-0.898,0.47,-0.67,-0.598,0.057,0.769,0.29,0.69,0.019,-0.672,-0.072,-0.208,-0.005,-0.287,-0.542,-0.294,-0.035,-0.301,-0.268,-0.329,0.383,-0.386,-0.127,-0.803,0.067,-0.706,0.406,0.629,-0.826,-0.617,0.462,0.164,-0.651,-0.211,-0.607,0.018,0.562,-0.607,0.054,0.19,0.112,0.307,0.672,-0.657,-0.266,-0.174,-0.356,-0.553,0.57,0.156,0.164,-0.703,0.467,-0.602,-0.292,-0.084,-0.571,-0.237,0.149,0.113,-0.614,-0.434,-0.159,-0.81,-0.33,-0.541,-0.697,-0.569,-0.462,0.161,0.788,0.186,-0.652,0.35,-0.53,-0.334,0.12,-0.271,-0.251,0.049,0.462,-0.55,-0.762,-0.257,-0.237,-0.715,0.839,-0.802,-0.184,-0.534,-0.523,-0.239,0.734,0.641,0.79,-0.468,0.784,-0.568,-0.502,-0.371,-0.16,-0.359
BMRN,-0.419,-0.109,-0.195,-0.421,-0.488,0.14,0.124,0.155,-0.102,-0.474,0.347,0.056,0.041,0.1,0.325,0.537,-0.034,-0.085,-0.022,0.331,0.175,-0.038,0.169,-0.265,0.0,0.196,-0.328,-0.275,-0.218,-0.299,-0.329,-0.386,0.57,-0.364,-0.011,-0.397,-0.502,-0.008,-0.051,-0.417,-0.249,-0.497,0.443,-0.011,0.013,0.077,-0.119,-0.073,0.327,0.075,-0.046,0.035,-0.252,-0.207,-0.177,-0.037,-0.346,-0.302,-0.177,0.615,0.262,0.101,-0.084,-0.02,-0.194,-0.169,-0.298,-0.332,0.433,0.359,0.527,-0.335,-0.022,-0.295,-0.292,0.65,0.004,-0.399,-0.072,-0.009,-0.255,0.194,-0.092,0.51,-0.306,0.436,-0.096,-0.101,0.097,0.244,-0.106,0.298,0.108,-0.004,0.095,0.166,-0.066,-0.421,0.35,-0.4,-0.007,-0.15,0.486,-0.053,-0.358,-0.295,0.045,0.548,-0.39,-0.443,-0.41,-0.203,-0.223,0.424,0.376,-0.357,-0.25,-0.285,0.11,0.175,-0.307,0.397,0.153,0.163,0.026,-0.438,0.202,0.02,-0.162,0.271,0.004,-0.226,-0.108,0.585,-0.322,-0.032,-0.226,-0.206,0.53,0.282,-0.173,0.31,-0.069,-0.226,-0.121,-0.017,0.199,-0.409,-0.119,0.032,-0.406,0.014,-0.014,-0.205,0.033,0.087,-0.36,-0.476,0.013,-0.059,-0.192,0.147,-0.262,-0.087,-0.035,0.032,-0.119,-0.094,-0.082,-0.365,-0.083,-0.394,-0.084,-0.163,0.181,-0.251,-0.213,-0.418,-0.008,-0.007,0.23,-0.226,-0.317,-0.032,-0.39,0.339,-0.051,-0.231,0.138,-0.312,-0.086,-0.451,-0.371,-0.005,-0.24,0.014,-0.041,0.555,-0.27,-0.209
BNGO,-0.113,0.629,0.491,0.103,0.01,0.829,0.896,0.535,0.63,0.567,0.751,0.865,0.327,-0.566,0.767,0.768,0.545,-0.368,-0.186,0.639,-0.278,0.661,-0.474,-0.666,0.196,0.0,0.293,-0.137,0.621,0.346,0.507,0.318,-0.203,0.5,0.821,0.461,-0.33,0.709,-0.221,-0.27,0.45,-0.096,0.768,0.734,0.776,0.661,0.446,0.679,0.77,-0.387,-0.256,0.723,0.652,0.555,-0.098,0.403,0.103,-0.191,0.567,0.763,0.767,0.841,0.677,0.846,0.504,0.586,-0.575,0.532,0.717,0.05,0.496,0.612,0.733,0.079,0.38,0.567,0.744,-0.066,0.737,0.567,0.627,0.211,0.014,0.759,0.23,-0.261,0.73,0.723,0.66,0.711,0.438,0.531,0.889,0.688,0.633,0.83,0.527,0.073,0.831,0.046,0.715,0.594,0.087,-0.386,0.221,-0.468,0.61,0.516,0.464,0.438,0.136,0.738,0.76,0.556,-0.026,0.516,0.531,0.442,0.043,0.493,0.571,0.547,0.45,0.831,-0.038,-0.304,0.773,0.869,0.119,-0.001,0.873,0.412,0.678,0.113,-0.123,0.8,0.468,0.06,0.05,-0.109,-0.154,0.549,0.641,0.519,0.678,0.63,-0.337,0.307,0.387,0.833,0.048,0.738,0.66,0.615,0.757,0.746,0.134,0.156,0.74,0.472,0.305,0.681,0.66,0.489,0.72,0.795,0.632,0.439,-0.445,0.347,0.747,-0.123,0.728,0.469,0.041,0.669,0.718,0.263,-0.367,0.579,0.77,0.642,0.486,0.797,-0.43,0.813,0.17,0.619,0.723,0.385,-0.486,-0.476,-0.506,0.908,-0.346,0.638,0.565,0.536,0.326,0.494
BUSE,0.388,0.796,0.939,0.467,0.482,0.451,0.383,0.559,0.736,0.793,0.341,0.638,-0.338,-0.706,0.283,0.204,0.769,-0.657,-0.244,0.034,-0.806,0.789,-0.761,-0.196,-0.328,0.293,0.0,0.165,0.526,0.804,0.841,0.847,-0.848,0.68,0.665,0.397,0.183,0.756,-0.122,-0.066,0.714,0.679,0.231,0.669,0.569,0.609,0.282,0.825,0.421,-0.648,-0.044,0.499,0.591,0.902,-0.295,0.173,0.473,0.008,0.477,-0.034,0.41,0.593,0.539,0.493,0.83,0.851,-0.202,0.879,0.1,-0.78,-0.086,0.834,0.229,-0.027,0.942,-0.254,0.783,0.567,0.728,0.781,0.873,-0.352,-0.381,0.236,0.548,-0.839,0.793,0.754,0.641,0.391,0.895,0.158,0.54,0.778,0.366,0.51,0.888,0.264,0.35,0.017,0.767,0.862,-0.722,-0.506,0.249,-0.179,0.268,0.166,0.833,0.871,0.644,0.696,0.531,0.15,-0.695,0.749,0.904,0.887,-0.297,0.027,0.737,0.318,-0.179,0.253,-0.547,0.279,0.596,0.623,0.207,-0.503,0.624,0.946,0.816,-0.052,0.126,0.715,0.65,0.754,-0.761,-0.604,-0.144,0.599,0.729,0.592,0.804,0.827,-0.702,0.652,0.217,0.426,-0.059,0.714,0.51,0.626,0.465,-0.073,0.663,0.619,0.665,0.851,0.937,0.581,0.822,0.548,0.277,0.72,0.876,0.529,-0.368,0.243,0.737,0.234,0.794,0.904,-0.719,0.81,0.604,0.864,-0.668,0.741,0.588,0.825,0.919,0.624,-0.046,0.074,0.707,0.875,0.623,0.96,-0.507,0.312,-0.161,0.424,-0.041,0.734,0.77,-0.298,0.963,0.903
CAKE,0.756,-0.171,0.204,0.633,0.711,-0.388,-0.196,-0.344,0.095,0.309,-0.464,0.017,0.286,0.412,-0.425,-0.467,-0.308,0.366,0.599,-0.202,-0.101,-0.047,0.214,0.611,-0.275,-0.137,0.165,0.0,0.22,0.272,0.415,0.3,0.013,0.328,0.062,0.477,0.802,0.157,0.601,0.769,0.322,0.692,-0.396,-0.296,-0.305,-0.418,0.557,-0.094,-0.037,0.412,0.695,-0.304,0.398,0.057,0.551,0.473,0.522,0.917,0.465,-0.278,-0.388,-0.011,0.257,0.201,0.192,-0.01,0.729,0.048,-0.404,0.039,-0.549,0.232,0.188,0.588,0.238,-0.577,-0.118,0.61,-0.104,0.003,0.09,0.323,0.489,-0.303,0.601,0.011,-0.138,0.213,-0.175,0.08,-0.031,-0.285,-0.113,-0.044,0.436,-0.344,-0.03,0.813,-0.477,0.814,-0.112,-0.168,0.042,0.463,0.445,0.655,0.41,-0.554,0.41,0.146,0.576,0.278,-0.105,-0.335,-0.279,-0.017,0.257,0.205,0.565,0.172,0.473,-0.426,0.365,-0.197,0.317,0.783,-0.318,0.029,0.462,0.195,-0.072,0.233,-0.058,0.102,0.466,-0.003,0.345,0.555,0.125,0.041,0.554,-0.133,0.129,0.441,0.025,-0.004,0.257,0.633,0.617,-0.041,0.486,-0.238,0.089,0.377,0.051,0.236,0.57,0.583,-0.129,0.004,0.166,-0.477,0.145,0.141,-0.049,-0.025,0.058,0.407,0.626,0.593,-0.055,0.29,-0.028,0.193,0.065,0.321,0.423,0.433,0.425,-0.01,-0.362,0.31,0.2,-0.131,0.655,-0.398,-0.117,-0.023,-0.192,0.213,0.45,0.646,0.751,0.081,0.829,-0.136,-0.199,-0.031,0.296,0.155
CASY,0.168,0.522,0.618,0.193,0.425,0.455,0.732,0.462,0.816,0.72,0.363,0.671,0.104,-0.423,0.576,0.416,0.557,-0.32,-0.195,0.17,-0.494,0.527,-0.549,-0.484,-0.218,0.621,0.526,0.22,0.0,0.67,0.642,0.357,-0.397,0.656,0.679,0.759,0.227,0.697,0.113,0.178,0.54,0.217,0.366,0.695,0.718,0.591,0.405,0.562,0.665,-0.425,-0.035,0.573,0.79,0.654,-0.11,0.406,0.529,0.272,0.464,0.258,0.644,0.709,0.68,0.797,0.408,0.656,-0.286,0.536,0.532,-0.234,0.315,0.728,0.768,0.288,0.585,0.212,0.637,0.456,0.702,0.44,0.681,0.343,-0.116,0.37,0.707,-0.404,0.612,0.673,0.642,0.654,0.488,0.507,0.649,0.621,0.666,0.692,0.601,0.467,0.522,0.376,0.69,0.644,-0.142,-0.339,0.29,0.03,0.367,0.195,0.63,0.619,0.723,0.693,0.658,-0.079,-0.314,0.533,0.674,0.763,0.004,0.65,0.666,0.398,0.316,0.631,-0.114,0.275,0.652,0.723,-0.12,-0.07,0.712,0.505,0.682,-0.115,-0.076,0.666,0.342,0.417,-0.156,-0.407,-0.204,0.574,0.386,0.652,0.513,0.637,-0.394,0.537,0.498,0.838,0.136,0.562,0.659,0.57,0.663,0.402,0.547,0.653,0.584,0.444,0.46,0.504,0.671,0.758,0.81,0.645,0.625,0.222,-0.232,0.424,0.765,0.054,0.584,0.553,-0.004,0.698,0.777,0.582,-0.122,0.609,0.48,0.691,0.58,0.754,-0.248,0.544,0.111,0.677,0.394,0.602,-0.319,0.13,-0.048,0.623,-0.104,0.526,0.453,0.138,0.562,0.595
CCOI,0.344,0.557,0.828,0.322,0.59,0.326,0.416,0.569,0.789,0.712,0.279,0.615,-0.152,-0.501,0.321,0.239,0.703,-0.564,-0.197,-0.113,-0.767,0.6,-0.706,-0.239,-0.299,0.346,0.804,0.272,0.67,0.0,0.807,0.676,-0.698,0.738,0.544,0.486,0.308,0.71,-0.037,0.058,0.571,0.603,0.268,0.687,0.59,0.562,0.376,0.674,0.432,-0.569,0.113,0.35,0.571,0.862,-0.221,0.303,0.532,0.214,0.514,0.028,0.458,0.56,0.621,0.574,0.636,0.761,-0.228,0.714,0.176,-0.65,0.051,0.731,0.475,0.079,0.813,-0.181,0.672,0.534,0.654,0.736,0.741,-0.164,-0.363,0.319,0.65,-0.726,0.647,0.742,0.564,0.381,0.761,0.193,0.495,0.74,0.521,0.512,0.806,0.373,0.339,0.132,0.679,0.744,-0.569,-0.432,0.328,0.04,0.266,0.249,0.754,0.754,0.768,0.618,0.449,-0.092,-0.614,0.517,0.888,0.848,-0.129,0.363,0.652,0.272,-0.128,0.225,-0.549,0.38,0.54,0.61,0.026,-0.116,0.589,0.781,0.702,-0.093,0.195,0.634,0.516,0.628,-0.514,-0.622,-0.016,0.622,0.57,0.438,0.642,0.826,-0.66,0.553,0.21,0.506,-0.108,0.52,0.44,0.503,0.495,0.086,0.795,0.642,0.437,0.753,0.787,0.428,0.791,0.553,0.367,0.709,0.767,0.397,-0.283,0.136,0.721,0.133,0.739,0.799,-0.532,0.737,0.617,0.757,-0.49,0.567,0.511,0.814,0.749,0.631,-0.031,0.084,0.513,0.747,0.564,0.835,-0.369,0.414,-0.058,0.369,0.026,0.696,0.507,-0.213,0.836,0.86
CEVA,0.551,0.744,0.884,0.618,0.639,0.475,0.513,0.392,0.764,0.91,0.315,0.763,0.033,-0.574,0.292,0.207,0.633,-0.43,-0.022,0.15,-0.673,0.788,-0.609,-0.14,-0.329,0.507,0.841,0.415,0.642,0.807,0.0,0.833,-0.703,0.82,0.754,0.647,0.344,0.826,0.025,0.155,0.812,0.704,0.275,0.632,0.538,0.493,0.605,0.799,0.442,-0.43,0.059,0.498,0.796,0.852,0.0,0.505,0.575,0.27,0.765,0.126,0.402,0.692,0.664,0.695,0.872,0.829,-0.065,0.859,0.106,-0.509,-0.138,0.911,0.534,0.229,0.852,-0.239,0.768,0.578,0.759,0.756,0.876,-0.111,-0.047,0.302,0.654,-0.691,0.772,0.881,0.62,0.5,0.742,0.152,0.627,0.748,0.617,0.493,0.767,0.542,0.34,0.334,0.722,0.74,-0.483,-0.289,0.521,-0.051,0.597,0.083,0.925,0.875,0.668,0.883,0.662,0.179,-0.61,0.747,0.912,0.825,0.001,0.269,0.925,0.176,0.167,0.367,-0.268,0.389,0.532,0.749,0.403,-0.277,0.714,0.882,0.794,-0.064,0.294,0.796,0.796,0.689,-0.498,-0.44,0.112,0.49,0.803,0.721,0.828,0.805,-0.501,0.848,0.539,0.55,0.224,0.675,0.646,0.836,0.603,0.323,0.707,0.705,0.646,0.73,0.794,0.452,0.887,0.552,0.404,0.809,0.847,0.718,-0.172,0.518,0.768,0.29,0.817,0.857,-0.452,0.936,0.833,0.841,-0.456,0.69,0.548,0.946,0.928,0.687,0.117,0.173,0.475,0.824,0.646,0.886,-0.307,0.301,-0.036,0.67,0.14,0.687,0.655,-0.103,0.866,0.878
