,AAPL,ACRS,ADP,AFYA,AGNC,AGYS,ALT,AMGN,AMPH,AMZN,ANIP,AOSL,APDN,APLT,APVO,ARGX,ARLP,ATEX,ATRA,AUTL,AVDL,BCRX,BHAT,BLBD,BMRN,BNGO,BUSE,CAKE,CASY,CCOI,CEVA,CHY,CLDX,CLMT,COHU,COLM,COST,CPRT,CSWC,CSX,DBX,DCOM,DKNG,DMLP,DOX,EA,EDIT,ENPH,ENSG,ERNA,ESGR,ETNB,EXTR,FANG,FARO,FATE,FGEN,FIVE,FIVN,FLGT,FOLD,FORM,FOXA,FRPT,FSLR,FTAI,GBDC,GDYN,GGAL,GNLN,GRFS,GT,HCAT,HCM,HFWA,HOLX,HQY,HUBG,IAC,ICLR,IDCC,IEP,IHRT,ILMN,ILPT,IMAB,IMOS,INMD,INTZ,JAZZ,JKHY,JRVR,KIDS,LBRDK,LGND,LMAT,LPLA,LULU,MASI,MAT,MATW,MBIN,MBIO,MCRB,MDB,MDLZ,MELI,MIRM,MLKN,MNMD,MNRO,MPWR,MRCY,MRSN,MTVA,NAAS,NDAQ,NDSN,NEGG,NOVT,NVDA,NWE,NWSA,NXST,OCX,ODFL,OMAB,OPCH,OPRA,ORGO,OTRK,OZK,PAGP,PCH,PEGA,PENG,PENN,PFBC,PGNY,PHAT,PHUN,PINC,PLUG,PLXS,PYPL,QLYS,QNCX,QQQX,QVCGA,RAPT,RBBN,RCKT,REPL,RMBS,ROAD,ROKU,ROP,RUSHA,SANM,SATS,SBCF,SBLK,SBUX,SCHL,SCSC,SDGR,SEIC,SFIX,SGRY,SKYW,SLP,SNES,STAA,STLD,STOK,SWKS,TER,TFIN,TIGO,TILE,TPIC,TTEC,TTEK,TTGT,UXIN,VERU,VLYPP,VNOM,VRNS,VRSN,WDAY,WERN,WINA,WKHS,WRLD,XP,XTKG,YY,ZION,ZM
AAPL,0.0,0.071,0.932,-0.262,0.913,0.717,-0.438,0.79,0.415,0.871,0.005,0.653,0.333,0.018,0.519,0.209,-0.524,0.781,0.646,0.74,0.294,0.588,0.684,0.488,0.714,0.726,0.908,0.796,-0.069,0.835,0.674,0.81,0.727,-0.293,0.762,0.934,0.882,0.902,0.891,0.968,0.834,0.909,0.872,0.124,0.948,0.637,0.426,0.564,0.776,0.812,0.527,0.243,-0.562,-0.303,0.885,0.67,0.85,0.677,0.725,0.661,0.645,0.861,0.758,0.456,-0.5,0.79,0.434,0.164,-0.35,0.821,0.688,0.677,0.544,0.435,0.773,0.819,-0.746,0.864,0.647,0.892,0.787,0.501,0.771,0.375,0.769,0.348,0.782,0.506,0.143,0.574,0.574,0.848,0.774,0.828,0.924,0.675,0.709,0.84,0.836,0.843,0.885,0.855,0.781,0.454,0.718,0.957,0.667,-0.136,0.94,0.149,0.838,0.878,0.885,-0.033,0.744,0.044,0.958,0.956,0.684,0.928,0.947,0.927,0.704,0.84,0.709,0.809,0.539,0.581,0.227,0.383,0.58,0.928,-0.187,0.913,0.728,0.895,0.847,0.963,0.882,0.733,0.597,0.829,0.301,0.739,0.803,0.188,0.674,0.862,0.848,0.209,0.166,0.824,0.716,0.851,0.39,0.698,0.87,0.902,0.714,0.719,0.874,0.82,0.883,-0.185,0.783,0.4,0.942,0.844,0.816,0.616,0.597,0.184,0.5,0.473,0.664,0.838,0.906,0.912,0.9,0.952,0.443,0.281,0.929,0.899,-0.666,0.599,0.634,-0.068,0.796,0.942,0.649,0.956,0.929,0.628,0.863,0.187,0.079,-0.375,0.773,0.633
ACRS,0.071,0.0,-0.04,-0.31,0.116,-0.239,-0.422,0.071,0.431,0.272,-0.091,-0.023,0.541,-0.251,0.392,-0.018,-0.396,0.121,-0.035,-0.026,0.096,0.525,0.395,0.127,0.474,-0.095,-0.003,-0.081,-0.34,0.243,0.368,0.311,0.325,-0.128,0.255,0.217,0.127,0.222,0.118,0.091,0.23,0.154,0.056,-0.227,-0.053,0.043,0.551,0.342,-0.131,0.132,0.238,-0.391,-0.227,-0.3,0.097,0.517,0.237,0.262,0.269,0.404,0.61,0.26,-0.309,0.567,-0.357,0.331,0.509,0.289,-0.026,0.034,0.362,-0.295,-0.026,0.448,-0.303,0.367,-0.245,-0.065,0.37,0.22,0.291,-0.013,-0.167,0.468,0.216,0.485,-0.2,0.5,0.023,0.276,0.439,-0.068,0.436,0.238,0.21,0.374,0.183,0.146,-0.007,-0.114,-0.111,-0.032,0.374,-0.081,0.191,0.125,0.319,0.693,0.185,-0.449,0.172,0.288,0.292,-0.373,0.061,-0.008,0.005,-0.013,0.101,0.209,0.146,-0.018,0.168,-0.014,0.157,0.347,0.401,0.458,0.281,0.567,0.159,-0.168,-0.142,0.053,0.131,-0.036,0.254,0.078,0.147,-0.414,0.321,0.296,-0.2,-0.259,0.089,-0.501,0.182,0.268,0.065,-0.311,-0.433,0.202,0.527,0.001,-0.045,0.282,0.277,-0.13,-0.018,0.313,0.19,0.319,0.098,0.156,-0.196,0.545,-0.041,0.103,0.307,0.309,0.52,0.453,-0.299,-0.106,0.303,0.362,0.205,0.121,0.188,0.136,0.319,0.584,0.18,0.178,-0.148,-0.406,0.344,-0.171,0.274,0.154,-0.086,0.002,0.135,0.35,0.017,0.673,0.032,-0.118,-0.324,0.273
ADP,0.932,-0.04,0.0,-0.054,0.765,0.647,-0.235,0.692,0.341,0.672,0.059,0.656,0.145,0.209,0.247,0.43,-0.283,0.594,0.535,0.679,0.23,0.488,0.444,0.39,0.508,0.551,0.769,0.791,0.228,0.651,0.489,0.594,0.523,-0.061,0.649,0.791,0.9,0.741,0.81,0.88,0.631,0.74,0.701,0.265,0.925,0.494,0.149,0.389,0.917,0.603,0.257,0.489,-0.424,-0.089,0.707,0.459,0.692,0.473,0.502,0.446,0.518,0.731,0.675,0.269,-0.397,0.593,0.2,0.274,-0.175,0.618,0.446,0.707,0.455,0.161,0.758,0.627,-0.64,0.882,0.396,0.712,0.63,0.283,0.619,0.165,0.558,0.071,0.828,0.235,0.23,0.653,0.394,0.734,0.592,0.638,0.841,0.433,0.67,0.735,0.769,0.916,0.933,0.744,0.572,0.6,0.59,0.907,0.403,-0.228,0.829,0.337,0.647,0.732,0.846,0.1,0.694,0.175,0.879,0.941,0.75,0.824,0.837,0.909,0.515,0.644,0.535,0.595,0.361,0.374,0.009,0.174,0.353,0.893,0.039,0.801,0.499,0.888,0.65,0.859,0.786,0.769,0.338,0.644,0.294,0.78,0.597,0.398,0.423,0.686,0.691,0.385,0.361,0.829,0.617,0.93,0.504,0.445,0.685,0.936,0.813,0.509,0.717,0.675,0.767,-0.369,0.71,0.136,0.839,0.663,0.632,0.358,0.47,-0.055,0.539,0.461,0.441,0.633,0.732,0.751,0.807,0.855,0.176,0.085,0.791,0.758,-0.584,0.684,0.39,0.142,0.611,0.825,0.506,0.908,0.849,0.388,0.68,0.184,-0.008,-0.235,0.778,0.382
AFYA,-0.262,-0.31,-0.054,0.0,-0.363,0.099,0.836,-0.381,-0.625,-0.567,0.538,0.195,-0.849,0.594,-0.66,0.591,0.807,-0.466,-0.093,0.012,-0.051,-0.092,-0.763,-0.126,-0.657,-0.136,-0.47,0.231,0.655,-0.582,-0.636,-0.624,-0.629,0.703,-0.204,-0.391,-0.214,-0.571,-0.349,-0.263,-0.626,-0.514,-0.426,0.652,-0.287,-0.406,-0.67,-0.249,0.166,-0.546,-0.377,0.607,0.676,0.83,-0.437,-0.584,-0.562,-0.549,-0.739,-0.693,-0.442,-0.502,0.007,-0.651,0.759,-0.416,-0.61,0.446,0.737,-0.521,-0.752,0.328,-0.036,-0.669,0.077,-0.617,0.604,0.072,-0.737,-0.536,-0.66,-0.293,-0.138,-0.456,-0.679,-0.727,0.131,-0.697,-0.165,0.241,-0.692,-0.195,-0.64,-0.647,-0.31,-0.659,-0.193,-0.114,-0.184,0.053,0.0,-0.377,-0.55,0.641,-0.439,-0.354,-0.635,-0.363,-0.415,0.502,-0.646,-0.554,-0.383,0.636,-0.313,-0.024,-0.194,-0.05,0.191,-0.507,-0.411,-0.256,-0.557,-0.424,-0.495,-0.612,-0.339,-0.65,-0.577,-0.832,-0.513,-0.055,0.808,-0.302,-0.591,-0.112,-0.509,-0.406,-0.327,0.108,-0.721,-0.632,0.455,0.159,-0.367,0.74,-0.669,-0.623,-0.58,0.77,0.591,0.13,-0.241,0.094,0.4,-0.664,-0.609,-0.006,0.166,-0.635,-0.563,-0.608,-0.16,0.047,-0.404,-0.736,-0.329,-0.55,-0.645,-0.657,-0.566,-0.74,0.431,0.175,-0.713,-0.571,-0.508,-0.546,-0.386,-0.405,-0.582,-0.822,-0.452,-0.444,0.557,0.355,-0.734,0.687,-0.579,-0.503,-0.282,-0.228,-0.347,-0.609,-0.513,-0.339,0.116,0.706,0.227,-0.79
AGNC,0.913,0.116,0.765,-0.363,0.0,0.731,-0.545,0.671,0.377,0.917,0.059,0.643,0.39,-0.158,0.714,0.052,-0.632,0.884,0.686,0.752,0.415,0.633,0.758,0.633,0.783,0.81,0.905,0.734,-0.323,0.864,0.737,0.883,0.809,-0.433,0.815,0.932,0.71,0.919,0.922,0.912,0.895,0.945,0.918,0.105,0.828,0.708,0.607,0.695,0.568,0.87,0.659,0.019,-0.507,-0.377,0.936,0.772,0.857,0.692,0.802,0.743,0.61,0.874,0.747,0.544,-0.486,0.865,0.661,0.048,-0.318,0.872,0.784,0.678,0.616,0.546,0.688,0.835,-0.683,0.809,0.777,0.908,0.799,0.737,0.798,0.563,0.874,0.534,0.679,0.684,0.11,0.44,0.663,0.875,0.82,0.863,0.895,0.784,0.714,0.773,0.819,0.65,0.716,0.927,0.87,0.3,0.843,0.856,0.817,-0.064,0.934,-0.061,0.881,0.902,0.812,-0.095,0.794,-0.044,0.889,0.857,0.55,0.879,0.947,0.85,0.823,0.895,0.795,0.883,0.732,0.717,0.51,0.496,0.698,0.845,-0.264,0.88,0.818,0.849,0.92,0.93,0.885,0.611,0.731,0.892,0.408,0.646,0.881,0.066,0.797,0.894,0.849,0.131,-0.036,0.746,0.686,0.682,0.357,0.82,0.89,0.784,0.561,0.862,0.86,0.813,0.864,0.033,0.659,0.556,0.872,0.891,0.86,0.778,0.705,0.378,0.479,0.611,0.767,0.897,0.938,0.913,0.887,0.915,0.667,0.389,0.948,0.901,-0.58,0.479,0.789,-0.176,0.876,0.877,0.751,0.86,0.829,0.748,0.896,0.212,0.152,-0.33,0.704,0.723
AGYS,0.717,-0.239,0.647,0.099,0.731,0.0,-0.012,0.55,0.0,0.621,0.407,0.663,-0.129,0.054,0.408,0.126,-0.287,0.656,0.741,0.804,0.316,0.394,0.382,0.641,0.41,0.84,0.713,0.779,-0.087,0.586,0.435,0.543,0.461,-0.212,0.651,0.691,0.509,0.615,0.62,0.673,0.57,0.689,0.745,0.236,0.672,0.547,0.284,0.518,0.506,0.621,0.571,0.207,-0.19,-0.108,0.762,0.446,0.512,0.541,0.455,0.38,0.228,0.528,0.878,0.136,0.043,0.679,0.286,0.096,-0.122,0.65,0.422,0.87,0.626,0.337,0.854,0.562,-0.205,0.76,0.442,0.642,0.411,0.682,0.882,0.29,0.522,0.208,0.71,0.352,-0.281,0.429,0.288,0.867,0.407,0.56,0.615,0.497,0.487,0.657,0.717,0.566,0.602,0.741,0.551,0.527,0.486,0.606,0.536,-0.349,0.641,0.203,0.562,0.541,0.513,0.223,0.465,-0.207,0.775,0.766,0.482,0.535,0.671,0.601,0.531,0.732,0.501,0.537,0.35,0.364,0.135,0.04,0.561,0.844,-0.087,0.798,0.653,0.769,0.659,0.708,0.647,0.773,0.392,0.511,0.656,0.696,0.805,0.401,0.498,0.522,0.59,0.489,0.263,0.701,0.395,0.642,0.307,0.562,0.581,0.684,0.495,0.509,0.6,0.359,0.861,0.201,0.558,0.177,0.773,0.618,0.48,0.522,0.312,-0.07,0.735,0.527,0.407,0.599,0.672,0.651,0.566,0.647,0.371,-0.071,0.687,0.695,-0.203,0.668,0.408,-0.06,0.535,0.602,0.758,0.701,0.639,0.511,0.698,-0.213,0.283,-0.036,0.849,0.41
ALT,-0.438,-0.422,-0.235,0.836,-0.545,-0.012,0.0,-0.39,-0.676,-0.696,0.522,-0.082,-0.905,0.404,-0.719,0.355,0.786,-0.624,-0.121,-0.12,-0.202,-0.344,-0.839,-0.156,-0.78,-0.234,-0.544,0.037,0.618,-0.656,-0.726,-0.754,-0.712,0.676,-0.448,-0.559,-0.358,-0.702,-0.599,-0.479,-0.757,-0.638,-0.505,0.436,-0.44,-0.438,-0.761,-0.479,-0.054,-0.629,-0.432,0.534,0.598,0.711,-0.584,-0.72,-0.699,-0.496,-0.848,-0.835,-0.647,-0.733,-0.046,-0.775,0.837,-0.574,-0.716,0.203,0.628,-0.616,-0.835,0.176,-0.21,-0.682,0.072,-0.681,0.719,-0.184,-0.762,-0.661,-0.819,-0.37,-0.182,-0.649,-0.807,-0.758,-0.084,-0.801,-0.337,0.064,-0.828,-0.266,-0.837,-0.726,-0.501,-0.753,-0.297,-0.268,-0.305,-0.134,-0.215,-0.489,-0.703,0.462,-0.722,-0.52,-0.717,-0.348,-0.618,0.512,-0.724,-0.758,-0.568,0.56,-0.565,-0.237,-0.303,-0.239,-0.004,-0.657,-0.62,-0.442,-0.63,-0.479,-0.647,-0.77,-0.55,-0.804,-0.684,-0.855,-0.463,-0.177,0.635,-0.36,-0.605,-0.3,-0.639,-0.525,-0.562,0.109,-0.772,-0.786,0.247,-0.075,-0.471,0.604,-0.765,-0.78,-0.647,0.688,0.532,-0.107,-0.495,-0.116,0.152,-0.72,-0.739,-0.175,-0.119,-0.781,-0.646,-0.768,-0.257,0.092,-0.411,-0.847,-0.4,-0.606,-0.804,-0.715,-0.759,-0.858,0.334,-0.108,-0.783,-0.719,-0.647,-0.642,-0.64,-0.594,-0.694,-0.831,-0.623,-0.599,0.591,0.348,-0.827,0.473,-0.777,-0.607,-0.304,-0.377,-0.442,-0.65,-0.619,-0.455,0.058,0.645,0.118,-0.804
AMGN,0.79,0.071,0.692,-0.381,0.671,0.55,-0.39,0.0,0.352,0.776,-0.181,0.185,0.377,-0.269,0.506,-0.073,-0.638,0.618,0.622,0.451,0.222,0.423,0.665,0.359,0.695,0.607,0.806,0.555,-0.178,0.803,0.518,0.725,0.669,-0.496,0.353,0.763,0.763,0.755,0.562,0.72,0.751,0.795,0.782,-0.264,0.779,0.54,0.415,0.303,0.476,0.722,0.538,0.037,-0.73,-0.514,0.733,0.57,0.739,0.788,0.66,0.516,0.582,0.572,0.67,0.284,-0.459,0.614,0.276,0.013,-0.622,0.713,0.656,0.388,0.374,0.57,0.704,0.82,-0.61,0.542,0.658,0.814,0.612,0.354,0.686,0.333,0.627,0.413,0.37,0.461,-0.019,0.521,0.526,0.704,0.635,0.782,0.779,0.686,0.506,0.725,0.741,0.599,0.653,0.659,0.598,0.185,0.386,0.832,0.624,-0.188,0.696,0.018,0.79,0.664,0.675,-0.04,0.383,-0.186,0.825,0.692,0.478,0.764,0.688,0.711,0.666,0.798,0.461,0.697,0.224,0.503,0.083,0.387,0.661,0.765,-0.488,0.843,0.75,0.531,0.684,0.833,0.64,0.693,0.621,0.679,0.002,0.423,0.729,0.022,0.66,0.726,0.798,-0.019,0.006,0.598,0.551,0.508,0.191,0.686,0.788,0.622,0.29,0.575,0.774,0.686,0.774,-0.005,0.8,0.408,0.881,0.774,0.696,0.57,0.357,0.151,0.174,0.055,0.701,0.682,0.705,0.814,0.618,0.703,0.363,0.303,0.738,0.686,-0.716,0.438,0.549,-0.389,0.638,0.844,0.596,0.726,0.82,0.52,0.825,-0.001,-0.181,-0.555,0.588,0.687
AMPH,0.415,0.431,0.341,-0.625,0.377,0.0,-0.676,0.352,0.0,0.529,-0.308,0.169,0.727,-0.059,0.436,-0.177,-0.578,0.368,-0.078,0.16,-0.207,0.226,0.624,0.222,0.609,0.054,0.47,-0.048,-0.223,0.582,0.807,0.533,0.605,-0.282,0.488,0.522,0.529,0.622,0.489,0.377,0.516,0.489,0.391,-0.48,0.466,0.352,0.506,0.187,0.252,0.481,0.098,-0.261,-0.478,-0.581,0.412,0.591,0.603,0.476,0.638,0.719,0.559,0.662,-0.097,0.821,-0.807,0.502,0.501,-0.116,-0.418,0.438,0.641,-0.12,0.015,0.479,0.026,0.591,-0.651,0.178,0.586,0.521,0.758,0.007,0.125,0.394,0.618,0.537,0.232,0.567,0.21,0.055,0.673,0.245,0.669,0.619,0.383,0.537,0.173,0.347,0.36,0.248,0.263,0.345,0.546,-0.233,0.475,0.541,0.461,0.562,0.56,-0.287,0.563,0.651,0.661,-0.718,0.393,0.28,0.277,0.274,0.212,0.665,0.539,0.416,0.362,0.268,0.547,0.525,0.256,0.594,0.354,0.801,0.266,0.178,-0.483,0.311,0.458,0.4,0.525,0.455,0.524,-0.014,0.511,0.606,-0.388,0.055,0.281,-0.562,0.452,0.642,0.577,-0.47,-0.237,0.135,0.444,0.359,-0.097,0.535,0.565,0.311,0.326,0.564,0.636,0.622,0.233,-0.403,0.448,0.584,0.377,0.497,0.63,0.555,0.688,0.497,-0.247,-0.126,0.498,0.598,0.57,0.504,0.515,0.578,0.215,0.801,0.557,0.536,-0.546,-0.119,0.556,-0.375,0.601,0.587,0.117,0.443,0.551,0.641,0.394,0.675,-0.055,-0.563,-0.123,0.631
AMZN,0.871,0.272,0.672,-0.567,0.917,0.621,-0.696,0.776,0.529,0.0,-0.078,0.462,0.604,-0.336,0.828,-0.176,-0.825,0.891,0.636,0.661,0.315,0.625,0.914,0.575,0.912,0.731,0.923,0.563,-0.495,0.948,0.852,0.965,0.919,-0.606,0.745,0.935,0.711,0.974,0.841,0.856,0.969,0.974,0.938,-0.201,0.802,0.72,0.778,0.702,0.405,0.924,0.742,-0.204,-0.662,-0.637,0.939,0.887,0.939,0.849,0.933,0.874,0.737,0.891,0.633,0.687,-0.625,0.909,0.72,-0.025,-0.548,0.901,0.923,0.439,0.545,0.769,0.588,0.947,-0.753,0.635,0.911,0.967,0.899,0.683,0.734,0.66,0.935,0.722,0.488,0.831,0.081,0.378,0.808,0.81,0.909,0.962,0.866,0.913,0.638,0.768,0.787,0.526,0.597,0.861,0.92,0.095,0.795,0.86,0.929,0.074,0.921,-0.228,0.964,0.941,0.816,-0.3,0.682,-0.114,0.838,0.748,0.434,0.915,0.923,0.773,0.822,0.89,0.79,0.955,0.666,0.833,0.524,0.688,0.755,0.744,-0.534,0.869,0.921,0.733,0.963,0.917,0.848,0.503,0.885,0.945,0.19,0.472,0.914,-0.209,0.892,0.967,0.928,-0.14,-0.222,0.639,0.752,0.561,0.146,0.933,0.98,0.646,0.407,0.921,0.947,0.875,0.839,0.05,0.722,0.75,0.88,0.932,0.945,0.892,0.755,0.512,0.233,0.346,0.885,0.968,0.962,0.958,0.852,0.906,0.724,0.596,0.952,0.927,-0.695,0.283,0.9,-0.421,0.939,0.934,0.731,0.81,0.867,0.861,0.939,0.283,0.091,-0.561,0.519,0.896
ANIP,0.005,-0.091,0.059,0.538,0.059,0.407,0.522,-0.181,-0.308,-0.078,0.0,0.467,-0.506,0.139,-0.053,0.284,0.297,0.03,0.206,0.443,0.032,0.201,-0.269,0.416,-0.131,0.281,-0.023,0.322,0.145,-0.057,-0.056,-0.135,-0.104,0.297,0.273,0.002,-0.082,-0.108,-0.005,-0.016,-0.192,-0.037,0.039,0.352,-0.104,0.158,-0.113,0.191,0.033,-0.083,0.086,0.24,0.345,0.343,0.042,-0.017,-0.147,-0.057,-0.265,-0.117,-0.25,-0.098,0.206,-0.169,0.517,0.123,-0.04,0.372,0.561,-0.105,-0.201,0.54,0.31,-0.15,0.337,-0.136,0.393,0.254,-0.153,-0.108,-0.241,0.251,0.256,0.0,-0.174,-0.146,0.259,-0.13,-0.43,0.284,-0.208,0.277,-0.202,-0.132,-0.018,-0.13,0.04,0.11,0.18,-0.029,-0.032,0.055,-0.038,0.538,-0.062,-0.106,-0.052,-0.02,-0.062,0.09,-0.185,-0.153,-0.067,0.26,-0.065,-0.265,0.075,0.144,0.212,-0.166,-0.036,-0.02,-0.156,-0.046,-0.03,-0.144,0.123,-0.121,-0.186,-0.32,-0.021,0.151,0.404,0.08,-0.054,0.21,0.012,-0.05,0.016,0.182,-0.181,-0.154,0.599,0.136,0.116,0.363,-0.201,-0.17,-0.17,0.68,0.225,0.306,0.042,0.159,0.372,-0.083,-0.169,0.155,0.142,-0.076,-0.054,-0.293,0.234,0.384,-0.214,-0.223,-0.027,-0.104,-0.212,-0.024,-0.024,-0.432,0.545,0.348,-0.264,-0.06,-0.023,-0.122,-0.121,-0.004,-0.114,-0.347,-0.019,-0.007,0.378,0.434,-0.147,0.225,-0.137,-0.149,0.211,0.051,-0.003,0.054,-0.141,-0.079,0.268,0.596,0.338,-0.264
AOSL,0.653,-0.023,0.656,0.195,0.643,0.663,-0.082,0.185,0.169,0.462,0.467,0.0,-0.038,0.418,0.202,0.484,-0.003,0.513,0.396,0.742,0.209,0.515,0.233,0.391,0.299,0.607,0.494,0.717,0.141,0.398,0.433,0.419,0.319,0.121,0.85,0.596,0.48,0.509,0.705,0.685,0.399,0.515,0.483,0.522,0.575,0.386,0.169,0.557,0.656,0.435,0.292,0.361,0.007,0.201,0.589,0.376,0.445,0.178,0.325,0.422,0.298,0.657,0.534,0.321,-0.064,0.588,0.284,0.404,0.2,0.446,0.29,0.766,0.552,0.078,0.541,0.349,-0.338,0.819,0.218,0.478,0.451,0.422,0.589,0.26,0.426,0.046,0.87,0.244,-0.016,0.425,0.27,0.605,0.461,0.383,0.545,0.285,0.428,0.557,0.526,0.642,0.654,0.529,0.534,0.655,0.61,0.545,0.314,-0.055,0.633,0.227,0.353,0.564,0.591,0.127,0.609,0.224,0.568,0.741,0.623,0.514,0.668,0.602,0.278,0.439,0.553,0.458,0.512,0.325,0.112,0.026,0.177,0.646,0.326,0.525,0.293,0.811,0.533,0.535,0.674,0.414,0.179,0.459,0.64,0.732,0.505,0.383,0.33,0.468,0.375,0.519,0.314,0.705,0.487,0.771,0.483,0.331,0.444,0.72,0.8,0.407,0.475,0.404,0.585,-0.097,0.287,0.139,0.505,0.39,0.424,0.31,0.478,0.016,0.736,0.71,0.174,0.529,0.605,0.47,0.655,0.681,0.236,-0.051,0.589,0.615,-0.129,0.557,0.291,0.355,0.486,0.47,0.383,0.674,0.511,0.403,0.425,0.112,0.32,0.197,0.647,0.17
APDN,0.333,0.541,0.145,-0.849,0.39,-0.129,-0.905,0.377,0.727,0.604,-0.506,-0.038,0.0,-0.415,0.643,-0.397,-0.745,0.472,0.01,-0.001,0.04,0.301,0.795,0.055,0.743,0.077,0.431,-0.16,-0.572,0.592,0.69,0.668,0.642,-0.574,0.328,0.456,0.319,0.611,0.448,0.363,0.643,0.526,0.38,-0.533,0.346,0.308,0.725,0.373,-0.008,0.534,0.366,-0.534,-0.631,-0.724,0.455,0.683,0.605,0.484,0.759,0.801,0.667,0.627,-0.113,0.791,-0.837,0.491,0.676,-0.164,-0.679,0.48,0.783,-0.351,0.088,0.701,-0.167,0.649,-0.7,0.031,0.71,0.576,0.768,0.186,0.053,0.578,0.684,0.738,-0.048,0.741,0.237,-0.033,0.797,0.129,0.781,0.651,0.394,0.684,0.208,0.199,0.188,0.061,0.092,0.305,0.629,-0.491,0.541,0.456,0.619,0.532,0.504,-0.506,0.621,0.655,0.522,-0.659,0.351,0.218,0.198,0.127,-0.023,0.584,0.489,0.292,0.496,0.352,0.554,0.669,0.413,0.737,0.547,0.878,0.395,0.05,-0.655,0.281,0.509,0.169,0.533,0.414,0.435,-0.215,0.705,0.702,-0.419,-0.083,0.351,-0.721,0.652,0.689,0.544,-0.751,-0.541,0.037,0.472,0.069,-0.246,0.637,0.652,0.055,0.038,0.665,0.594,0.714,0.179,-0.16,0.338,0.823,0.315,0.495,0.725,0.62,0.712,0.836,-0.453,-0.128,0.703,0.637,0.544,0.548,0.522,0.492,0.579,0.88,0.508,0.506,-0.583,-0.427,0.731,-0.493,0.668,0.547,0.135,0.264,0.394,0.605,0.477,0.531,-0.138,-0.648,-0.27,0.746
APLT,0.018,-0.251,0.209,0.594,-0.158,0.054,0.404,-0.269,-0.059,-0.336,0.139,0.418,-0.415,0.0,-0.607,0.579,0.653,-0.36,-0.298,0.055,-0.206,-0.148,-0.504,-0.241,-0.484,-0.183,-0.237,0.237,0.771,-0.394,-0.242,-0.386,-0.466,0.774,0.117,-0.089,0.159,-0.243,-0.028,0.019,-0.391,-0.29,-0.315,0.528,0.075,-0.228,-0.582,-0.173,0.497,-0.358,-0.494,0.664,0.543,0.68,-0.252,-0.447,-0.244,-0.409,-0.403,-0.333,-0.227,-0.062,-0.047,-0.208,0.299,-0.248,-0.462,0.403,0.49,-0.252,-0.491,0.252,-0.168,-0.562,0.027,-0.388,0.118,0.231,-0.558,-0.312,-0.21,-0.404,-0.09,-0.388,-0.363,-0.658,0.458,-0.52,0.041,0.091,-0.392,-0.174,-0.267,-0.393,-0.167,-0.513,-0.01,0.048,-0.092,0.408,0.345,-0.196,-0.302,0.515,-0.155,-0.028,-0.538,-0.161,-0.1,0.683,-0.393,-0.178,-0.039,0.254,0.022,0.453,-0.067,0.169,0.312,-0.104,-0.081,0.074,-0.429,-0.285,-0.124,-0.348,-0.166,-0.474,-0.425,-0.487,-0.546,0.079,0.695,-0.142,-0.474,0.173,-0.313,-0.162,-0.021,0.102,-0.588,-0.314,0.205,0.435,-0.312,0.523,-0.476,-0.279,-0.297,0.465,0.677,0.092,-0.16,0.395,0.338,-0.495,-0.323,0.27,0.6,-0.435,-0.246,-0.222,-0.11,-0.44,-0.103,-0.547,-0.116,-0.313,-0.335,-0.496,-0.226,-0.428,0.321,0.235,-0.56,-0.258,-0.191,-0.27,-0.002,-0.027,-0.53,-0.462,-0.17,-0.167,0.262,0.27,-0.533,0.698,-0.296,-0.171,-0.355,0.075,-0.079,-0.389,-0.312,-0.051,0.151,0.428,0.209,-0.53
APVO,0.519,0.392,0.247,-0.66,0.714,0.408,-0.719,0.506,0.436,0.828,-0.053,0.202,0.643,-0.607,0.0,-0.437,-0.889,0.842,0.557,0.466,0.309,0.576,0.899,0.527,0.887,0.638,0.692,0.246,-0.843,0.827,0.776,0.879,0.881,-0.746,0.546,0.669,0.28,0.771,0.62,0.541,0.858,0.789,0.777,-0.319,0.411,0.54,0.945,0.671,-0.047,0.835,0.805,-0.55,-0.601,-0.723,0.781,0.912,0.739,0.73,0.87,0.838,0.664,0.678,0.387,0.702,-0.564,0.829,0.873,-0.21,-0.519,0.724,0.904,0.152,0.56,0.838,0.265,0.825,-0.533,0.316,0.92,0.8,0.73,0.737,0.54,0.749,0.859,0.934,0.115,0.943,0.027,0.168,0.827,0.6,0.785,0.835,0.628,0.939,0.381,0.441,0.501,0.051,0.125,0.65,0.834,-0.226,0.686,0.515,0.959,0.283,0.677,-0.579,0.81,0.751,0.543,-0.367,0.473,-0.269,0.524,0.368,0.116,0.633,0.67,0.414,0.786,0.691,0.66,0.865,0.641,0.904,0.649,0.785,0.799,0.381,-0.66,0.606,0.865,0.386,0.848,0.638,0.66,0.155,0.935,0.826,0.111,0.061,0.796,-0.475,0.893,0.797,0.735,-0.364,-0.584,0.362,0.641,0.144,-0.074,0.925,0.799,0.21,-0.03,0.915,0.723,0.714,0.6,0.325,0.415,0.9,0.571,0.747,0.836,0.927,0.712,0.73,0.053,0.164,0.901,0.83,0.771,0.752,0.598,0.618,0.889,0.701,0.75,0.727,-0.552,-0.05,0.936,-0.553,0.854,0.656,0.623,0.448,0.569,0.873,0.766,0.29,0.062,-0.532,0.158,0.875
ARGX,0.209,-0.018,0.43,0.591,0.052,0.126,0.355,-0.073,-0.177,-0.176,0.284,0.484,-0.397,0.579,-0.437,0.0,0.512,-0.12,0.087,0.171,0.226,0.269,-0.372,-0.063,-0.216,-0.007,-0.127,0.445,0.655,-0.207,-0.27,-0.198,-0.28,0.534,0.197,0.014,0.257,-0.108,0.173,0.209,-0.201,-0.107,-0.143,0.699,0.183,-0.173,-0.437,0.015,0.6,-0.24,-0.302,0.699,0.288,0.652,-0.078,-0.218,-0.127,-0.407,-0.34,-0.274,0.052,0.033,0.108,-0.3,0.245,-0.084,-0.329,0.593,0.544,-0.194,-0.362,0.418,0.161,-0.49,0.164,-0.184,0.049,0.473,-0.436,-0.111,-0.171,-0.268,-0.035,-0.222,-0.256,-0.567,0.495,-0.406,0.189,0.549,-0.282,0.026,-0.106,-0.251,0.211,-0.326,0.185,0.163,0.069,0.481,0.456,-0.017,-0.112,0.733,0.048,0.164,-0.378,-0.199,0.074,0.472,-0.267,-0.031,0.207,0.569,0.216,0.376,0.164,0.348,0.477,0.014,0.083,0.245,-0.143,-0.163,-0.113,-0.16,-0.007,-0.255,-0.344,-0.468,-0.281,0.219,0.742,-0.001,-0.376,0.287,-0.139,0.038,0.158,0.206,-0.468,-0.118,0.379,0.422,-0.182,0.702,-0.345,-0.149,-0.254,0.682,0.504,0.501,0.169,0.498,0.566,-0.379,-0.134,0.399,0.571,-0.272,-0.173,-0.079,0.066,-0.246,-0.174,-0.443,0.006,-0.227,-0.161,-0.435,-0.038,-0.439,0.475,0.411,-0.327,-0.147,-0.078,-0.143,0.151,0.09,-0.318,-0.49,-0.011,-0.04,0.148,0.397,-0.387,0.729,-0.159,-0.047,-0.16,0.194,0.031,-0.372,-0.194,0.038,0.006,0.504,0.354,-0.464
ARLP,-0.524,-0.396,-0.283,0.807,-0.632,-0.287,0.786,-0.638,-0.578,-0.825,0.297,-0.003,-0.745,0.653,-0.889,0.512,0.0,-0.718,-0.463,-0.326,-0.204,-0.405,-0.921,-0.46,-0.885,-0.466,-0.71,-0.12,0.751,-0.835,-0.791,-0.848,-0.873,0.794,-0.416,-0.662,-0.4,-0.79,-0.554,-0.484,-0.849,-0.776,-0.746,0.576,-0.491,-0.561,-0.87,-0.488,0.029,-0.783,-0.66,0.551,0.742,0.9,-0.714,-0.84,-0.77,-0.796,-0.887,-0.814,-0.659,-0.651,-0.299,-0.698,0.706,-0.726,-0.746,0.331,0.704,-0.729,-0.913,0.001,-0.299,-0.875,-0.243,-0.865,0.614,-0.185,-0.938,-0.795,-0.766,-0.567,-0.454,-0.68,-0.844,-0.889,-0.032,-0.884,-0.046,-0.105,-0.822,-0.532,-0.788,-0.863,-0.6,-0.903,-0.372,-0.429,-0.502,-0.088,-0.172,-0.64,-0.782,0.338,-0.592,-0.576,-0.892,-0.289,-0.646,0.512,-0.845,-0.744,-0.563,0.505,-0.437,0.201,-0.521,-0.335,-0.069,-0.687,-0.643,-0.452,-0.759,-0.651,-0.588,-0.819,-0.503,-0.834,-0.583,-0.864,-0.764,-0.352,0.823,-0.605,-0.872,-0.359,-0.793,-0.66,-0.567,-0.192,-0.916,-0.811,0.153,0.005,-0.714,0.579,-0.842,-0.809,-0.778,0.516,0.525,-0.257,-0.54,-0.134,0.216,-0.9,-0.829,-0.208,0.066,-0.85,-0.768,-0.715,-0.543,-0.148,-0.541,-0.857,-0.607,-0.775,-0.824,-0.889,-0.69,-0.678,0.164,0.048,-0.905,-0.808,-0.74,-0.769,-0.552,-0.607,-0.751,-0.805,-0.716,-0.7,0.644,0.104,-0.901,0.749,-0.796,-0.721,-0.598,-0.452,-0.616,-0.827,-0.764,-0.355,0.062,0.714,-0.081,-0.941
ATEX,0.781,0.121,0.594,-0.466,0.884,0.656,-0.624,0.618,0.368,0.891,0.03,0.513,0.472,-0.36,0.842,-0.12,-0.718,0.0,0.733,0.652,0.434,0.651,0.843,0.5,0.844,0.822,0.867,0.549,-0.573,0.889,0.735,0.921,0.864,-0.639,0.722,0.799,0.486,0.868,0.836,0.81,0.935,0.911,0.891,-0.032,0.701,0.592,0.762,0.695,0.337,0.909,0.799,-0.187,-0.612,-0.501,0.937,0.861,0.841,0.661,0.875,0.815,0.653,0.839,0.678,0.572,-0.522,0.889,0.71,-0.083,-0.46,0.819,0.868,0.487,0.785,0.657,0.568,0.834,-0.646,0.674,0.811,0.899,0.802,0.735,0.73,0.561,0.904,0.713,0.525,0.785,0.153,0.355,0.771,0.824,0.814,0.891,0.828,0.88,0.488,0.614,0.664,0.435,0.493,0.811,0.865,0.077,0.819,0.731,0.9,-0.024,0.862,-0.323,0.883,0.86,0.718,-0.102,0.675,-0.093,0.764,0.677,0.351,0.772,0.87,0.701,0.829,0.841,0.753,0.917,0.629,0.847,0.492,0.559,0.768,0.701,-0.444,0.776,0.865,0.698,0.917,0.846,0.853,0.47,0.826,0.893,0.327,0.426,0.881,-0.111,0.897,0.889,0.832,-0.066,-0.33,0.622,0.707,0.49,0.108,0.879,0.88,0.554,0.329,0.912,0.821,0.82,0.755,0.172,0.633,0.716,0.782,0.806,0.898,0.829,0.682,0.534,0.401,0.422,0.853,0.877,0.901,0.887,0.819,0.837,0.807,0.444,0.885,0.893,-0.64,0.291,0.862,-0.259,0.915,0.806,0.711,0.727,0.74,0.805,0.885,0.097,0.089,-0.455,0.507,0.797
ATRA,0.646,-0.035,0.535,-0.093,0.686,0.741,-0.121,0.622,-0.078,0.636,0.206,0.396,0.01,-0.298,0.557,0.087,-0.463,0.733,0.0,0.593,0.618,0.591,0.498,0.439,0.535,0.804,0.652,0.718,-0.318,0.632,0.319,0.651,0.573,-0.419,0.451,0.578,0.348,0.569,0.554,0.634,0.667,0.677,0.737,0.189,0.554,0.352,0.448,0.503,0.317,0.64,0.739,0.114,-0.416,-0.201,0.729,0.547,0.57,0.502,0.495,0.374,0.453,0.457,0.803,0.05,-0.064,0.671,0.369,-0.004,-0.286,0.577,0.5,0.61,0.745,0.436,0.695,0.635,-0.313,0.607,0.497,0.668,0.361,0.627,0.748,0.275,0.529,0.36,0.46,0.444,-0.058,0.542,0.408,0.767,0.407,0.588,0.744,0.611,0.429,0.553,0.51,0.428,0.453,0.65,0.591,0.377,0.417,0.526,0.631,-0.322,0.569,-0.013,0.591,0.504,0.443,0.401,0.358,-0.315,0.74,0.636,0.354,0.475,0.592,0.542,0.718,0.742,0.397,0.631,0.4,0.494,0.158,0.1,0.787,0.702,-0.19,0.739,0.679,0.549,0.671,0.683,0.604,0.669,0.506,0.573,0.487,0.356,0.749,0.288,0.605,0.538,0.541,0.317,-0.107,0.711,0.491,0.425,0.185,0.593,0.618,0.476,0.18,0.536,0.523,0.481,0.76,0.353,0.478,0.331,0.707,0.562,0.556,0.497,0.262,0.103,0.619,0.353,0.622,0.601,0.635,0.649,0.509,0.549,0.609,-0.032,0.626,0.636,-0.408,0.48,0.491,-0.104,0.549,0.584,0.667,0.551,0.577,0.476,0.689,-0.248,-0.003,-0.191,0.677,0.47
AUTL,0.74,-0.026,0.679,0.012,0.752,0.804,-0.12,0.451,0.16,0.661,0.443,0.742,-0.001,0.055,0.466,0.171,-0.326,0.652,0.593,0.0,0.268,0.547,0.441,0.718,0.526,0.761,0.688,0.726,-0.119,0.603,0.585,0.565,0.567,-0.099,0.741,0.727,0.575,0.673,0.671,0.699,0.576,0.704,0.761,0.244,0.634,0.597,0.37,0.684,0.518,0.654,0.502,0.167,-0.216,-0.142,0.709,0.548,0.593,0.55,0.487,0.49,0.35,0.62,0.706,0.367,-0.088,0.697,0.425,0.221,0.026,0.661,0.477,0.788,0.52,0.332,0.72,0.564,-0.316,0.734,0.517,0.652,0.524,0.643,0.74,0.421,0.559,0.283,0.672,0.422,-0.155,0.48,0.319,0.798,0.53,0.581,0.656,0.489,0.655,0.665,0.763,0.523,0.571,0.754,0.655,0.556,0.609,0.634,0.572,-0.05,0.714,0.155,0.572,0.637,0.608,0.002,0.571,-0.225,0.764,0.769,0.623,0.635,0.726,0.624,0.483,0.632,0.566,0.562,0.533,0.421,0.197,0.214,0.461,0.746,-0.018,0.726,0.61,0.791,0.718,0.699,0.705,0.659,0.462,0.549,0.612,0.616,0.751,0.26,0.473,0.597,0.604,0.457,0.233,0.74,0.583,0.687,0.38,0.581,0.601,0.694,0.545,0.576,0.661,0.457,0.805,0.06,0.443,0.268,0.699,0.661,0.532,0.575,0.524,-0.012,0.668,0.545,0.401,0.638,0.715,0.664,0.616,0.724,0.372,0.128,0.726,0.697,-0.261,0.665,0.488,-0.05,0.605,0.64,0.696,0.729,0.69,0.612,0.636,0.174,0.349,-0.036,0.725,0.418
AVDL,0.294,0.096,0.23,-0.051,0.415,0.316,-0.202,0.222,-0.207,0.315,0.032,0.209,0.04,-0.206,0.309,0.226,-0.204,0.434,0.618,0.268,0.0,0.508,0.216,0.245,0.278,0.372,0.223,0.385,-0.234,0.212,0.026,0.347,0.236,-0.237,0.236,0.261,0.083,0.236,0.33,0.318,0.369,0.317,0.296,0.271,0.221,0.199,0.266,0.47,0.124,0.192,0.39,0.048,-0.106,-0.008,0.349,0.247,0.292,0.063,0.232,0.144,0.263,0.229,0.36,-0.073,0.053,0.312,0.278,0.208,-0.037,0.24,0.227,0.312,0.411,0.236,0.184,0.258,-0.141,0.349,0.201,0.281,0.12,0.421,0.24,0.273,0.237,0.145,0.181,0.285,0.091,0.336,0.207,0.309,0.246,0.2,0.487,0.292,0.401,0.183,0.181,0.171,0.236,0.376,0.328,0.2,0.386,0.188,0.323,-0.271,0.244,-0.066,0.235,0.262,0.153,0.481,0.317,-0.076,0.304,0.263,0.047,0.167,0.284,0.287,0.507,0.366,0.154,0.37,0.452,0.269,0.296,-0.017,0.376,0.275,0.067,0.295,0.247,0.21,0.292,0.315,0.311,0.247,0.229,0.315,0.463,0.22,0.342,0.299,0.306,0.258,0.124,0.182,-0.112,0.446,0.283,0.096,0.276,0.247,0.308,0.163,0.099,0.283,0.128,0.237,0.301,0.354,0.006,0.218,0.228,0.192,0.26,0.206,0.215,0.198,0.259,0.535,0.365,0.299,0.266,0.272,0.291,0.229,0.528,-0.068,0.272,0.24,-0.072,0.052,0.275,0.057,0.296,0.19,0.356,0.154,0.097,0.097,0.314,-0.127,-0.041,0.125,0.324,0.164
BCRX,0.588,0.525,0.488,-0.092,0.633,0.394,-0.344,0.423,0.226,0.625,0.201,0.515,0.301,-0.148,0.576,0.269,-0.405,0.651,0.591,0.547,0.508,0.0,0.536,0.379,0.659,0.542,0.455,0.606,-0.298,0.566,0.456,0.65,0.581,-0.208,0.62,0.603,0.401,0.567,0.605,0.625,0.602,0.593,0.555,0.235,0.442,0.292,0.59,0.725,0.341,0.534,0.598,0.008,-0.351,-0.142,0.592,0.708,0.562,0.395,0.5,0.547,0.775,0.598,0.386,0.436,-0.243,0.691,0.56,0.47,-0.052,0.405,0.53,0.389,0.639,0.484,0.32,0.603,-0.438,0.583,0.482,0.623,0.502,0.414,0.403,0.51,0.506,0.462,0.385,0.573,0.125,0.715,0.531,0.493,0.631,0.541,0.724,0.61,0.472,0.573,0.456,0.383,0.401,0.443,0.677,0.42,0.581,0.547,0.595,0.174,0.61,-0.198,0.498,0.612,0.604,0.113,0.434,-0.06,0.566,0.56,0.538,0.532,0.607,0.464,0.528,0.481,0.448,0.667,0.625,0.625,0.23,0.321,0.459,0.47,0.022,0.551,0.474,0.478,0.664,0.553,0.688,0.213,0.482,0.6,0.394,0.284,0.584,0.052,0.524,0.598,0.422,0.199,-0.184,0.769,0.84,0.468,0.423,0.532,0.599,0.398,0.362,0.583,0.499,0.606,0.595,0.201,0.181,0.537,0.478,0.449,0.608,0.48,0.555,0.332,0.381,0.398,0.576,0.642,0.601,0.541,0.626,0.578,0.597,0.238,0.61,0.596,-0.411,0.184,0.517,0.082,0.638,0.525,0.387,0.488,0.51,0.508,0.495,0.316,0.016,-0.066,0.366,0.404
BHAT,0.684,0.395,0.444,-0.763,0.758,0.382,-0.839,0.665,0.624,0.914,-0.269,0.233,0.795,-0.504,0.899,-0.372,-0.921,0.843,0.498,0.441,0.216,0.536,0.0,0.418,0.948,0.587,0.801,0.277,-0.697,0.907,0.864,0.941,0.924,-0.746,0.599,0.786,0.512,0.9,0.722,0.69,0.943,0.875,0.818,-0.391,0.632,0.586,0.891,0.616,0.171,0.899,0.733,-0.449,-0.768,-0.784,0.843,0.919,0.85,0.804,0.965,0.923,0.772,0.827,0.41,0.782,-0.757,0.834,0.812,-0.186,-0.7,0.82,0.979,0.119,0.478,0.848,0.322,0.93,-0.748,0.392,0.949,0.907,0.902,0.59,0.553,0.672,0.939,0.882,0.261,0.915,0.125,0.207,0.882,0.616,0.913,0.941,0.729,0.955,0.439,0.535,0.566,0.29,0.342,0.695,0.883,-0.216,0.739,0.718,0.935,0.283,0.813,-0.465,0.924,0.886,0.735,-0.465,0.558,-0.078,0.633,0.509,0.234,0.82,0.801,0.57,0.81,0.76,0.74,0.934,0.577,0.911,0.58,0.856,0.77,0.499,-0.722,0.696,0.885,0.517,0.897,0.774,0.751,0.231,0.942,0.924,-0.06,0.197,0.799,-0.488,0.924,0.923,0.868,-0.453,-0.473,0.41,0.706,0.337,-0.113,0.944,0.925,0.378,0.172,0.925,0.869,0.874,0.644,0.061,0.626,0.892,0.714,0.839,0.948,0.905,0.77,0.738,0.002,0.09,0.936,0.911,0.873,0.881,0.765,0.774,0.797,0.777,0.844,0.848,-0.709,0.002,0.948,-0.549,0.922,0.833,0.592,0.622,0.729,0.879,0.85,0.344,0.038,-0.698,0.198,0.946
BLBD,0.488,0.127,0.39,-0.126,0.633,0.641,-0.156,0.359,0.222,0.575,0.416,0.391,0.055,-0.241,0.527,-0.063,-0.46,0.5,0.439,0.718,0.245,0.379,0.418,0.0,0.505,0.564,0.542,0.441,-0.3,0.521,0.582,0.461,0.577,-0.242,0.577,0.603,0.417,0.56,0.469,0.406,0.466,0.58,0.67,-0.083,0.388,0.694,0.448,0.56,0.189,0.508,0.389,-0.162,-0.153,-0.362,0.553,0.503,0.461,0.585,0.434,0.41,0.21,0.419,0.472,0.372,-0.069,0.57,0.519,0.072,0.04,0.554,0.459,0.612,0.264,0.442,0.538,0.516,-0.094,0.425,0.586,0.512,0.405,0.664,0.586,0.546,0.505,0.419,0.328,0.522,-0.245,0.284,0.294,0.664,0.421,0.507,0.473,0.474,0.588,0.508,0.725,0.157,0.26,0.705,0.551,0.249,0.523,0.437,0.59,0.095,0.525,-0.108,0.505,0.494,0.466,-0.2,0.433,-0.392,0.552,0.469,0.315,0.479,0.525,0.411,0.478,0.522,0.41,0.449,0.487,0.414,0.445,0.371,0.485,0.493,-0.24,0.563,0.619,0.564,0.627,0.523,0.468,0.444,0.5,0.46,0.499,0.355,0.659,0.023,0.391,0.469,0.504,0.28,0.053,0.482,0.414,0.354,0.271,0.586,0.498,0.442,0.239,0.574,0.534,0.251,0.657,0.292,0.259,0.331,0.504,0.608,0.406,0.666,0.534,0.056,0.363,0.453,0.409,0.547,0.558,0.505,0.384,0.482,0.371,0.325,0.579,0.511,-0.04,0.415,0.532,-0.386,0.487,0.463,0.774,0.465,0.49,0.626,0.512,0.317,0.385,-0.013,0.481,0.463
BMRN,0.714,0.474,0.508,-0.657,0.783,0.41,-0.78,0.695,0.609,0.912,-0.131,0.299,0.743,-0.484,0.887,-0.216,-0.885,0.844,0.535,0.526,0.278,0.659,0.948,0.505,0.0,0.606,0.784,0.353,-0.629,0.909,0.849,0.931,0.93,-0.67,0.635,0.801,0.573,0.893,0.728,0.711,0.918,0.88,0.83,-0.331,0.63,0.576,0.88,0.677,0.233,0.871,0.728,-0.376,-0.723,-0.711,0.828,0.947,0.863,0.776,0.915,0.907,0.828,0.82,0.41,0.765,-0.701,0.85,0.792,-0.054,-0.566,0.784,0.952,0.206,0.514,0.812,0.361,0.932,-0.699,0.464,0.927,0.907,0.871,0.565,0.546,0.739,0.903,0.85,0.282,0.895,0.114,0.388,0.871,0.659,0.925,0.919,0.795,0.942,0.513,0.605,0.635,0.31,0.38,0.711,0.91,-0.074,0.747,0.755,0.916,0.323,0.825,-0.442,0.891,0.883,0.77,-0.391,0.584,-0.108,0.678,0.551,0.355,0.824,0.807,0.615,0.799,0.733,0.729,0.924,0.603,0.916,0.54,0.823,0.754,0.52,-0.613,0.713,0.856,0.547,0.899,0.787,0.776,0.271,0.904,0.917,0.044,0.208,0.794,-0.402,0.871,0.917,0.824,-0.303,-0.44,0.545,0.791,0.392,0.034,0.917,0.918,0.425,0.21,0.915,0.862,0.861,0.69,0.109,0.561,0.867,0.711,0.812,0.934,0.881,0.821,0.648,0.052,0.164,0.913,0.905,0.861,0.857,0.759,0.787,0.761,0.746,0.857,0.82,-0.692,0.076,0.916,-0.486,0.91,0.831,0.588,0.633,0.753,0.862,0.82,0.439,0.013,-0.595,0.252,0.899
BNGO,0.726,-0.095,0.551,-0.136,0.81,0.84,-0.234,0.607,0.054,0.731,0.281,0.607,0.077,-0.183,0.638,-0.007,-0.466,0.822,0.804,0.761,0.372,0.542,0.587,0.564,0.606,0.0,0.762,0.747,-0.382,0.723,0.517,0.726,0.65,-0.439,0.66,0.734,0.415,0.693,0.653,0.756,0.728,0.783,0.839,0.161,0.6,0.549,0.525,0.606,0.348,0.809,0.802,-0.02,-0.421,-0.23,0.845,0.622,0.624,0.625,0.62,0.536,0.407,0.614,0.89,0.289,-0.131,0.767,0.475,-0.003,-0.267,0.761,0.622,0.727,0.763,0.488,0.753,0.69,-0.377,0.72,0.621,0.779,0.51,0.763,0.918,0.409,0.676,0.466,0.602,0.55,-0.186,0.404,0.432,0.868,0.565,0.698,0.71,0.687,0.467,0.65,0.683,0.462,0.52,0.727,0.708,0.342,0.573,0.615,0.727,-0.215,0.704,-0.065,0.699,0.634,0.531,0.162,0.483,-0.304,0.791,0.724,0.472,0.597,0.718,0.592,0.689,0.857,0.608,0.726,0.5,0.559,0.259,0.215,0.744,0.79,-0.233,0.814,0.76,0.653,0.782,0.748,0.731,0.621,0.608,0.651,0.572,0.538,0.881,0.178,0.736,0.654,0.683,0.284,-0.059,0.675,0.544,0.488,0.211,0.735,0.697,0.588,0.315,0.658,0.656,0.566,0.843,0.339,0.549,0.433,0.778,0.719,0.639,0.667,0.393,0.201,0.687,0.469,0.608,0.713,0.772,0.75,0.642,0.694,0.622,0.083,0.747,0.743,-0.386,0.589,0.604,-0.144,0.673,0.656,0.739,0.705,0.662,0.668,0.806,-0.205,0.268,-0.173,0.74,0.572
BUSE,0.908,-0.003,0.769,-0.47,0.905,0.713,-0.544,0.806,0.47,0.923,-0.023,0.494,0.431,-0.237,0.692,-0.127,-0.71,0.867,0.652,0.688,0.223,0.455,0.801,0.542,0.784,0.762,0.0,0.61,-0.318,0.942,0.768,0.881,0.825,-0.536,0.696,0.903,0.752,0.937,0.854,0.865,0.91,0.967,0.935,-0.134,0.882,0.729,0.567,0.509,0.533,0.902,0.632,-0.005,-0.681,-0.539,0.947,0.749,0.877,0.796,0.843,0.76,0.553,0.841,0.747,0.515,-0.587,0.841,0.554,-0.097,-0.525,0.889,0.826,0.574,0.547,0.589,0.77,0.878,-0.726,0.718,0.809,0.93,0.832,0.634,0.819,0.429,0.878,0.557,0.614,0.639,0.072,0.362,0.693,0.903,0.794,0.936,0.85,0.809,0.592,0.76,0.826,0.647,0.696,0.893,0.792,0.18,0.716,0.888,0.808,-0.11,0.907,-0.076,0.945,0.88,0.804,-0.206,0.685,-0.1,0.898,0.815,0.463,0.904,0.921,0.862,0.797,0.901,0.739,0.858,0.527,0.694,0.356,0.546,0.735,0.864,-0.474,0.908,0.886,0.814,0.896,0.968,0.832,0.702,0.763,0.883,0.17,0.568,0.874,-0.041,0.819,0.914,0.945,-0.009,-0.033,0.63,0.595,0.656,0.179,0.852,0.906,0.77,0.481,0.843,0.948,0.822,0.845,-0.035,0.863,0.539,0.941,0.926,0.873,0.789,0.626,0.312,0.362,0.355,0.791,0.874,0.935,0.971,0.823,0.924,0.554,0.446,0.939,0.921,-0.718,0.483,0.781,-0.344,0.859,0.949,0.761,0.887,0.916,0.766,0.937,0.128,0.004,-0.534,0.665,0.812
CAKE,0.796,-0.081,0.791,0.231,0.734,0.779,0.037,0.555,-0.048,0.563,0.322,0.717,-0.16,0.237,0.246,0.445,-0.12,0.549,0.718,0.726,0.385,0.606,0.277,0.441,0.353,0.747,0.61,0.0,0.16,0.494,0.275,0.505,0.388,0.042,0.63,0.707,0.634,0.556,0.654,0.803,0.502,0.62,0.652,0.522,0.689,0.384,0.133,0.49,0.738,0.525,0.458,0.494,-0.188,0.164,0.654,0.363,0.501,0.403,0.315,0.251,0.418,0.53,0.821,0.057,0.007,0.572,0.194,0.374,0.046,0.549,0.282,0.858,0.588,0.115,0.788,0.493,-0.371,0.883,0.271,0.601,0.349,0.442,0.76,0.173,0.393,0.008,0.78,0.184,-0.013,0.702,0.184,0.733,0.387,0.45,0.751,0.355,0.614,0.729,0.683,0.789,0.804,0.634,0.514,0.778,0.45,0.68,0.377,-0.337,0.658,0.386,0.474,0.527,0.584,0.416,0.52,-0.105,0.83,0.888,0.744,0.582,0.672,0.705,0.479,0.666,0.432,0.512,0.458,0.244,-0.021,-0.101,0.419,0.87,0.256,0.776,0.436,0.745,0.591,0.707,0.693,0.746,0.244,0.474,0.649,0.772,0.642,0.585,0.37,0.488,0.491,0.65,0.382,0.891,0.551,0.777,0.611,0.371,0.52,0.809,0.672,0.379,0.496,0.473,0.817,0.008,0.463,0.041,0.737,0.555,0.445,0.289,0.238,-0.148,0.797,0.603,0.335,0.538,0.621,0.598,0.641,0.666,0.281,-0.219,0.658,0.613,-0.33,0.758,0.271,0.287,0.466,0.603,0.516,0.765,0.67,0.323,0.601,-0.092,0.171,0.078,0.901,0.208
CASY,-0.069,-0.34,0.228,0.655,-0.323,-0.087,0.618,-0.178,-0.223,-0.495,0.145,0.141,-0.572,0.771,-0.843,0.655,0.751,-0.573,-0.318,-0.119,-0.234,-0.298,-0.697,-0.3,-0.629,-0.382,-0.318,0.16,0.0,-0.495,-0.508,-0.584,-0.636,0.767,-0.198,-0.26,0.187,-0.405,-0.21,-0.126,-0.562,-0.428,-0.444,0.46,0.033,-0.294,-0.861,-0.489,0.501,-0.552,-0.694,0.802,0.469,0.703,-0.434,-0.662,-0.387,-0.485,-0.634,-0.601,-0.4,-0.317,-0.085,-0.53,0.369,-0.507,-0.74,0.386,0.491,-0.437,-0.69,0.21,-0.344,-0.756,0.1,-0.508,0.245,0.125,-0.711,-0.463,-0.426,-0.595,-0.231,-0.64,-0.587,-0.887,0.289,-0.815,0.055,0.168,-0.591,-0.239,-0.485,-0.523,-0.224,-0.712,-0.043,-0.035,-0.114,0.408,0.331,-0.286,-0.564,0.558,-0.414,-0.07,-0.759,-0.323,-0.273,0.768,-0.506,-0.391,-0.117,0.377,-0.126,0.368,-0.102,0.09,0.281,-0.222,-0.26,0.042,-0.533,-0.381,-0.379,-0.577,-0.421,-0.704,-0.621,-0.665,-0.632,0.048,0.717,-0.203,-0.617,0.053,-0.52,-0.218,-0.251,0.216,-0.781,-0.498,0.025,0.307,-0.506,0.652,-0.703,-0.458,-0.405,0.573,0.779,0.051,-0.341,0.325,0.408,-0.699,-0.474,0.264,0.451,-0.647,-0.362,-0.392,-0.213,-0.486,-0.097,-0.827,-0.169,-0.415,-0.525,-0.737,-0.441,-0.761,0.205,0.075,-0.68,-0.501,-0.411,-0.399,-0.213,-0.196,-0.813,-0.622,-0.343,-0.363,0.261,0.366,-0.748,0.634,-0.552,-0.256,-0.402,-0.004,-0.141,-0.664,-0.448,-0.123,-0.109,0.445,0.22,-0.683
CCOI,0.835,0.243,0.651,-0.582,0.864,0.586,-0.656,0.803,0.582,0.948,-0.057,0.398,0.592,-0.394,0.827,-0.207,-0.835,0.889,0.632,0.603,0.212,0.566,0.907,0.521,0.909,0.723,0.942,0.494,-0.495,0.0,0.841,0.945,0.919,-0.65,0.673,0.883,0.678,0.943,0.809,0.81,0.948,0.957,0.917,-0.272,0.774,0.679,0.75,0.538,0.377,0.933,0.714,-0.201,-0.768,-0.665,0.932,0.89,0.907,0.841,0.907,0.859,0.699,0.849,0.608,0.655,-0.683,0.898,0.689,-0.109,-0.592,0.856,0.927,0.403,0.576,0.736,0.62,0.954,-0.752,0.608,0.907,0.956,0.868,0.603,0.735,0.561,0.919,0.748,0.461,0.787,0.066,0.384,0.826,0.829,0.869,0.985,0.848,0.924,0.499,0.715,0.753,0.495,0.546,0.808,0.862,0.043,0.707,0.846,0.898,0.107,0.887,-0.309,0.964,0.896,0.815,-0.324,0.606,-0.131,0.819,0.703,0.413,0.891,0.885,0.763,0.821,0.86,0.754,0.924,0.556,0.837,0.433,0.711,0.797,0.727,-0.592,0.858,0.921,0.695,0.93,0.916,0.827,0.516,0.87,0.929,0.063,0.367,0.866,-0.259,0.888,0.947,0.933,-0.164,-0.275,0.594,0.698,0.536,0.099,0.93,0.94,0.625,0.331,0.91,0.946,0.876,0.804,0.057,0.776,0.728,0.872,0.907,0.934,0.868,0.714,0.481,0.228,0.218,0.889,0.925,0.934,0.95,0.795,0.885,0.658,0.615,0.927,0.914,-0.764,0.317,0.87,-0.449,0.908,0.931,0.692,0.799,0.888,0.864,0.91,0.253,-0.04,-0.595,0.474,0.901
CEVA,0.674,0.368,0.489,-0.636,0.737,0.435,-0.726,0.518,0.807,0.852,-0.056,0.433,0.69,-0.242,0.776,-0.27,-0.791,0.735,0.319,0.585,0.026,0.456,0.864,0.582,0.849,0.517,0.768,0.275,-0.508,0.841,0.0,0.823,0.876,-0.495,0.766,0.806,0.594,0.889,0.735,0.647,0.811,0.818,0.78,-0.372,0.636,0.663,0.785,0.615,0.271,0.816,0.526,-0.361,-0.551,-0.701,0.777,0.855,0.831,0.758,0.882,0.926,0.644,0.861,0.314,0.903,-0.703,0.832,0.774,-0.115,-0.454,0.788,0.887,0.238,0.338,0.734,0.345,0.834,-0.68,0.43,0.881,0.819,0.915,0.529,0.545,0.684,0.89,0.773,0.404,0.845,0.041,0.16,0.795,0.626,0.864,0.873,0.63,0.819,0.461,0.589,0.659,0.319,0.378,0.71,0.867,-0.081,0.753,0.706,0.834,0.437,0.816,-0.339,0.833,0.882,0.776,-0.633,0.602,-0.006,0.596,0.548,0.335,0.84,0.811,0.586,0.636,0.632,0.783,0.815,0.579,0.814,0.57,0.858,0.596,0.484,-0.581,0.638,0.808,0.658,0.869,0.722,0.755,0.243,0.829,0.847,0.032,0.29,0.726,-0.467,0.765,0.875,0.825,-0.299,-0.267,0.406,0.658,0.479,-0.033,0.869,0.84,0.488,0.37,0.87,0.88,0.759,0.624,-0.089,0.575,0.781,0.669,0.81,0.854,0.897,0.857,0.584,0.064,0.18,0.737,0.889,0.875,0.8,0.728,0.814,0.584,0.806,0.843,0.832,-0.561,0.113,0.864,-0.5,0.867,0.799,0.559,0.667,0.752,0.941,0.738,0.555,0.203,-0.554,0.223,0.862
