,AAPL,ACRS,ADP,AFYA,AGNC,AGYS,ALT,AMGN,AMPH,AMZN,ANIP,AOSL,APDN,APLT,APVO,ARGX,ARLP,ATEX,ATRA,AUTL,AVDL,BCRX,BHAT,BLBD,BMRN,BNGO,BUSE,CAKE,CASY,CCOI,CEVA,CHY,CLDX,CLMT,COHU,COLM,COST,CPRT,CSWC,CSX,DBX,DCOM,DKNG,DMLP,DOX,EA,EDIT,ENPH,ENSG,ERNA,ESGR,ETNB,EXTR,FANG,FARO,FATE,FGEN,FIVE,FIVN,FLGT,FOLD,FORM,FOXA,FRPT,FSLR,FTAI,GBDC,GDYN,GGAL,GNLN,GRFS,GT,HCAT,HCM,HFWA,HOLX,HQY,HUBG,IAC,ICLR,IDCC,IEP,IHRT,ILMN,ILPT,IMAB,IMOS,INMD,INTZ,JAZZ,JKHY,JRVR,KIDS,LBRDK,LGND,LMAT,LPLA,LULU,MASI,MAT,MATW,MBIN,MBIO,MCRB,MDB,MDLZ,MELI,MIRM,MLKN,MNMD,MNRO,MPWR,MRCY,MRSN,MTVA,NAAS,NDAQ,NDSN,NEGG,NOVT,NVDA,NWE,NWSA,NXST,OCX,ODFL,OMAB,OPCH,OPRA,ORGO,OTRK,OZK,PAGP,PCH,PEGA,PENG,PENN,PFBC,PGNY,PHAT,PHUN,PINC,PLUG,PLXS,PYPL,QLYS,QNCX,QQQX,QVCGA,RAPT,RBBN,RCKT,REPL,RMBS,ROAD,ROKU,ROP,RUSHA,SANM,SATS,SBCF,SBLK,SBUX,SCHL,SCSC,SDGR,SEIC,SFIX,SGRY,SKYW,SLP,SNES,STAA,STLD,STOK,SWKS,TER,TFIN,TIGO,TILE,TPIC,TTEC,TTEK,TTGT,UXIN,VERU,VLYPP,VNOM,VRNS,VRSN,WDAY,WERN,WINA,WKHS,WRLD,XP,XTKG,YY,ZION,ZM
AAPL,0.0,0.731,0.653,0.068,0.627,0.725,-0.437,0.389,-0.147,0.731,0.188,0.842,-0.527,0.581,0.653,0.154,-0.593,-0.087,0.065,0.033,0.65,0.578,0.724,0.832,0.324,0.413,-0.208,0.818,0.661,0.793,0.238,0.893,0.41,-0.545,0.834,0.589,0.699,0.704,-0.627,0.64,0.667,0.64,0.88,0.105,0.42,0.225,0.127,0.708,0.423,0.676,0.428,0.159,0.406,-0.123,0.848,0.462,-0.298,0.352,0.666,0.468,0.525,0.86,0.563,-0.149,0.558,-0.055,0.399,0.878,-0.422,0.492,0.675,0.762,0.791,0.35,-0.38,0.275,-0.823,0.702,0.548,0.885,0.586,-0.266,0.528,0.467,-0.514,0.405,0.775,0.823,-0.563,0.302,0.372,0.533,0.846,0.793,0.681,0.747,-0.871,0.629,0.527,-0.127,0.419,0.622,0.669,-0.61,0.633,0.451,0.497,-0.602,0.609,0.571,-0.127,0.8,0.22,-0.136,-0.596,0.65,0.586,0.738,0.152,0.886,0.78,0.429,0.651,0.441,-0.792,0.739,0.787,-0.649,0.802,-0.628,0.542,0.831,-0.344,0.742,0.882,0.918,0.876,-0.384,-0.704,0.347,-0.196,0.436,0.556,0.654,0.557,0.89,-0.541,0.787,0.638,0.248,0.412,0.638,0.667,0.717,0.289,0.799,0.755,0.687,0.6,0.384,0.543,0.343,0.68,0.567,0.386,-0.138,0.781,0.448,0.61,0.396,0.642,-0.111,0.371,0.567,-0.538,0.908,0.891,0.64,0.632,0.735,0.711,0.843,0.875,-0.579,-0.066,-0.785,0.458,-0.492,0.787,0.789,0.592,0.698,-0.118,-0.232,0.101,-0.306,0.225,0.33,0.591,0.435
ACRS,0.731,0.0,0.346,0.11,0.258,0.513,-0.657,0.466,-0.494,0.378,-0.028,0.681,-0.459,0.113,0.333,-0.293,-0.737,0.211,-0.152,-0.399,0.199,0.163,0.609,0.495,-0.042,0.543,0.082,0.812,0.587,0.596,0.101,0.675,-0.058,-0.28,0.562,0.235,0.646,0.344,-0.498,0.208,0.123,0.253,0.532,-0.374,0.036,-0.217,0.104,0.405,0.038,0.434,0.021,0.237,0.062,0.038,0.739,0.149,-0.366,-0.121,0.262,0.319,0.131,0.513,0.078,-0.263,0.265,-0.158,0.13,0.585,-0.795,0.179,0.356,0.4,0.483,-0.054,-0.242,-0.299,-0.666,0.417,0.036,0.662,0.15,-0.08,0.252,0.435,-0.641,0.389,0.364,0.382,-0.392,-0.12,0.145,0.427,0.656,0.446,0.742,0.263,-0.748,0.158,0.217,-0.512,0.139,0.298,0.467,-0.467,0.421,0.076,0.461,-0.391,0.774,0.481,-0.254,0.502,-0.043,-0.358,-0.593,0.44,0.199,0.363,-0.077,0.622,0.324,0.11,0.169,0.031,-0.681,0.565,0.589,-0.712,0.631,-0.545,0.391,0.701,-0.68,0.454,0.581,0.642,0.716,-0.452,-0.684,0.118,-0.078,0.057,0.377,0.287,0.599,0.703,-0.487,0.661,0.268,0.204,0.564,0.318,0.181,0.372,0.419,0.321,0.466,0.331,0.49,0.405,0.173,0.217,0.257,0.333,0.465,-0.024,0.493,0.16,0.134,-0.066,0.5,-0.102,0.397,0.276,-0.362,0.509,0.607,0.419,0.423,0.479,0.296,0.517,0.614,-0.511,-0.066,-0.536,0.089,-0.65,0.499,0.458,0.072,0.402,-0.136,-0.108,-0.07,-0.238,0.119,-0.061,0.337,0.378
ADP,0.653,0.346,0.0,-0.467,0.916,0.63,-0.538,0.515,0.203,0.346,0.54,0.372,-0.781,0.69,0.28,0.681,-0.272,-0.626,-0.415,0.536,0.841,0.324,0.441,0.829,0.845,-0.329,-0.583,0.423,0.798,0.911,-0.289,0.821,0.209,-0.88,0.484,0.916,0.681,0.938,-0.761,0.863,0.737,0.631,0.801,0.425,0.913,0.249,-0.47,0.888,0.759,0.364,0.885,-0.453,0.889,-0.734,0.343,-0.029,-0.533,0.771,0.772,0.101,0.837,0.889,0.806,-0.434,0.871,-0.296,0.869,0.498,0.005,0.406,0.835,0.788,0.77,0.681,-0.523,0.346,-0.74,0.595,0.588,0.667,0.461,-0.824,0.175,-0.089,-0.25,-0.252,0.873,0.671,-0.802,0.754,0.765,0.514,0.628,0.786,0.319,0.774,-0.685,0.873,0.834,0.436,0.89,0.917,0.559,-0.778,0.068,0.935,-0.053,-0.802,0.086,0.084,-0.045,0.405,0.286,-0.413,-0.586,0.547,0.916,0.793,-0.381,0.813,0.818,0.901,0.825,0.813,-0.655,0.428,0.868,-0.495,0.711,-0.717,0.159,0.492,-0.286,0.858,0.704,0.826,0.434,-0.314,-0.721,-0.224,-0.67,0.883,0.057,0.949,-0.021,0.704,-0.793,0.343,0.805,-0.406,-0.188,0.403,0.567,0.729,-0.286,0.6,0.81,0.891,0.695,0.005,0.938,0.381,0.935,0.844,-0.122,-0.711,0.929,0.078,0.471,0.505,0.253,-0.216,-0.214,0.886,-0.857,0.723,0.656,0.834,0.799,0.728,0.701,0.9,0.626,-0.831,-0.537,-0.8,0.901,-0.519,0.838,0.945,0.661,0.926,-0.195,-0.724,-0.262,-0.655,-0.263,0.092,0.311,-0.273
AFYA,0.068,0.11,-0.467,0.0,-0.34,0.122,0.46,-0.021,-0.405,0.402,-0.793,0.398,0.628,-0.374,0.289,-0.475,-0.305,0.455,0.706,-0.583,-0.325,0.337,-0.012,-0.18,-0.682,0.725,0.666,0.018,-0.384,-0.41,0.586,-0.123,0.501,0.5,0.401,-0.596,-0.391,-0.493,0.477,-0.318,-0.002,0.136,-0.175,-0.155,-0.595,0.168,0.803,-0.401,-0.422,0.184,-0.565,0.82,-0.714,0.789,0.47,0.608,0.586,-0.355,-0.027,0.212,-0.252,-0.237,-0.472,0.528,-0.643,0.699,-0.695,0.21,-0.21,0.174,-0.171,-0.219,-0.035,-0.325,0.395,0.156,0.161,0.101,0.072,0.057,0.339,0.738,0.164,0.739,0.004,0.741,-0.195,0.037,0.233,-0.534,-0.719,0.156,-0.038,-0.123,0.405,-0.094,0.107,-0.269,-0.678,-0.546,-0.734,-0.374,-0.349,0.327,0.664,-0.525,0.534,0.235,0.334,0.184,0.105,0.462,0.38,0.415,-0.022,-0.056,-0.301,0.025,0.592,-0.138,-0.094,-0.706,-0.303,-0.545,0.144,0.447,-0.382,0.308,-0.216,0.228,0.475,0.193,0.064,-0.206,0.044,-0.149,0.316,0.188,0.341,0.744,0.714,-0.652,0.659,-0.328,0.637,0.038,0.401,0.38,-0.338,0.794,0.573,0.275,0.008,0.06,0.676,0.172,0.04,-0.358,0.021,0.537,-0.494,-0.152,-0.334,-0.572,0.422,0.8,-0.318,0.367,0.181,-0.137,0.54,0.156,0.774,-0.543,0.644,0.032,0.141,-0.191,-0.251,0.053,-0.061,-0.24,0.167,0.382,0.662,0.239,-0.438,0.183,-0.141,-0.342,0.097,-0.411,0.467,0.865,0.755,0.792,0.431,0.298,0.48,0.8
AGNC,0.627,0.258,0.916,-0.34,0.0,0.593,-0.401,0.423,0.215,0.551,0.435,0.442,-0.704,0.785,0.413,0.687,-0.333,-0.604,-0.217,0.479,0.851,0.538,0.421,0.861,0.809,-0.228,-0.584,0.464,0.731,0.844,-0.241,0.81,0.364,-0.857,0.579,0.875,0.685,0.889,-0.665,0.958,0.843,0.712,0.831,0.586,0.844,0.273,-0.267,0.824,0.677,0.485,0.858,-0.26,0.814,-0.617,0.398,0.218,-0.435,0.735,0.894,0.208,0.89,0.887,0.815,-0.202,0.74,-0.147,0.854,0.635,0.151,0.612,0.922,0.877,0.867,0.763,-0.547,0.498,-0.774,0.773,0.77,0.762,0.588,-0.757,0.328,0.069,-0.108,-0.096,0.86,0.774,-0.802,0.793,0.586,0.385,0.645,0.905,0.391,0.793,-0.669,0.956,0.722,0.417,0.819,0.843,0.472,-0.721,0.237,0.884,-0.005,-0.835,0.168,0.205,0.093,0.519,0.245,-0.257,-0.575,0.655,0.933,0.885,-0.226,0.824,0.917,0.846,0.893,0.836,-0.679,0.564,0.776,-0.449,0.647,-0.664,0.218,0.615,-0.209,0.854,0.813,0.831,0.482,-0.343,-0.586,-0.133,-0.532,0.817,0.282,0.881,0.137,0.777,-0.745,0.433,0.832,-0.191,-0.207,0.608,0.742,0.785,-0.314,0.728,0.828,0.864,0.708,0.084,0.944,0.578,0.949,0.814,-0.163,-0.562,0.945,0.366,0.664,0.646,0.371,-0.121,-0.071,0.803,-0.757,0.778,0.745,0.815,0.834,0.71,0.834,0.877,0.705,-0.783,-0.553,-0.824,0.939,-0.439,0.9,0.926,0.781,0.891,-0.013,-0.619,-0.021,-0.531,-0.074,0.307,0.523,-0.167
AGYS,0.725,0.513,0.63,0.122,0.593,0.0,-0.369,0.569,-0.087,0.559,0.062,0.683,-0.459,0.456,0.555,0.326,-0.489,-0.419,-0.055,0.02,0.579,0.47,0.551,0.705,0.34,0.243,-0.175,0.512,0.58,0.63,0.177,0.784,0.386,-0.557,0.738,0.465,0.452,0.602,-0.553,0.523,0.662,0.811,0.705,0.168,0.474,0.264,-0.016,0.564,0.292,0.621,0.507,0.06,0.372,-0.146,0.672,0.286,-0.186,0.427,0.652,0.052,0.597,0.758,0.476,-0.255,0.462,0.058,0.326,0.611,-0.281,0.374,0.62,0.489,0.762,0.55,-0.338,0.274,-0.681,0.588,0.608,0.661,0.516,-0.264,0.294,0.324,-0.578,0.353,0.803,0.715,-0.664,0.247,0.295,0.754,0.649,0.678,0.608,0.637,-0.702,0.625,0.393,-0.028,0.346,0.641,0.466,-0.696,0.557,0.496,0.26,-0.633,0.26,0.234,-0.302,0.658,0.384,-0.279,-0.634,0.682,0.583,0.659,0.035,0.724,0.702,0.337,0.604,0.465,-0.706,0.683,0.682,-0.405,0.639,-0.601,0.631,0.571,-0.375,0.569,0.697,0.765,0.75,-0.381,-0.608,0.164,-0.17,0.403,0.467,0.67,0.442,0.722,-0.577,0.493,0.64,0.08,0.268,0.533,0.421,0.811,0.194,0.676,0.753,0.45,0.647,0.316,0.462,0.125,0.63,0.453,0.203,-0.231,0.677,0.159,0.437,0.271,0.581,-0.164,0.19,0.423,-0.5,0.686,0.685,0.675,0.612,0.644,0.568,0.762,0.642,-0.566,0.051,-0.593,0.544,-0.441,0.754,0.713,0.703,0.647,-0.128,-0.139,0.047,-0.158,0.084,0.387,0.443,0.284
ALT,-0.437,-0.657,-0.538,0.46,-0.401,-0.369,0.0,-0.6,0.368,0.029,-0.417,-0.254,0.796,-0.245,0.037,-0.019,0.487,0.214,0.701,0.067,-0.277,0.176,-0.341,-0.411,-0.317,0.115,0.277,-0.585,-0.776,-0.708,0.42,-0.611,0.382,0.551,-0.201,-0.466,-0.765,-0.512,0.658,-0.326,-0.056,-0.078,-0.451,0.241,-0.366,0.439,0.506,-0.503,-0.241,-0.113,-0.341,0.388,-0.463,0.466,-0.217,0.372,0.737,-0.024,-0.201,0.036,-0.238,-0.49,-0.24,0.607,-0.532,0.438,-0.49,-0.229,0.596,-0.033,-0.353,-0.325,-0.389,-0.133,0.45,0.481,0.624,-0.193,0.104,-0.421,0.184,0.5,0.193,0.146,0.54,0.256,-0.423,-0.175,0.603,-0.127,-0.417,-0.368,-0.526,-0.374,-0.447,-0.101,0.659,-0.268,-0.487,0.194,-0.521,-0.489,-0.45,0.71,0.17,-0.345,0.209,0.559,-0.337,-0.033,0.43,-0.011,0.221,0.775,0.636,-0.307,-0.375,-0.214,0.628,-0.488,-0.235,-0.471,-0.236,-0.37,0.623,-0.181,-0.607,0.751,-0.57,0.654,-0.094,-0.352,0.651,-0.457,-0.357,-0.52,-0.281,0.482,0.764,0.476,0.552,-0.347,0.143,-0.444,-0.117,-0.498,0.753,-0.248,-0.306,0.413,-0.097,0.089,-0.048,-0.245,0.033,-0.039,-0.384,-0.391,-0.512,-0.031,-0.388,-0.254,-0.372,-0.587,0.154,0.559,-0.565,0.236,0.139,0.046,-0.028,0.407,0.324,-0.437,0.673,-0.274,-0.33,-0.487,-0.485,-0.249,-0.181,-0.488,-0.369,0.749,0.583,0.511,-0.394,0.79,-0.495,-0.53,0.026,-0.537,0.401,0.621,0.493,0.666,0.37,0.342,0.047,0.269
AMGN,0.389,0.466,0.515,-0.021,0.423,0.569,-0.6,0.0,-0.532,0.168,-0.03,0.444,-0.458,0.103,0.027,0.128,-0.56,-0.303,-0.264,-0.22,0.258,0.133,0.092,0.36,0.156,-0.003,0.08,0.299,0.655,0.499,-0.209,0.538,0.175,-0.368,0.491,0.241,0.428,0.325,-0.303,0.343,0.316,0.321,0.346,0.041,0.309,-0.007,-0.143,0.328,0.299,0.183,0.24,-0.071,0.284,-0.212,0.309,-0.025,-0.511,0.176,0.427,-0.185,0.48,0.413,0.081,-0.23,0.205,0.138,0.277,0.215,-0.428,0.365,0.509,0.258,0.437,0.202,-0.128,-0.098,-0.408,0.382,0.183,0.334,0.296,-0.268,-0.277,0.166,-0.31,-0.019,0.45,0.248,-0.726,0.124,0.093,0.493,0.483,0.369,0.66,0.175,-0.413,0.333,0.14,-0.207,0.28,0.568,-0.03,-0.649,0.082,0.386,-0.061,-0.519,0.255,-0.23,-0.187,0.338,0.38,-0.678,-0.869,0.165,0.579,0.49,-0.536,0.436,0.358,0.233,0.219,0.3,-0.415,0.538,0.366,-0.234,0.322,-0.476,0.336,0.38,-0.401,0.529,0.35,0.446,0.381,-0.144,-0.42,-0.107,-0.154,0.156,0.2,0.553,0.369,0.518,-0.576,0.441,0.258,-0.209,0.257,0.103,0.121,0.575,-0.043,0.252,0.68,0.328,0.86,0.477,0.367,0.229,0.387,0.33,-0.083,-0.299,0.493,-0.124,0.009,-0.01,0.389,-0.342,-0.072,0.27,-0.369,0.39,0.465,0.566,0.518,0.438,0.166,0.405,0.415,-0.66,-0.354,-0.286,0.444,-0.583,0.572,0.446,0.31,0.446,0.144,-0.173,-0.024,-0.189,-0.323,-0.189,0.335,0.02
AMPH,-0.147,-0.494,0.203,-0.405,0.215,-0.087,0.368,-0.532,0.0,-0.073,0.417,-0.387,-0.02,0.374,0.022,0.583,0.558,-0.4,-0.094,0.796,0.36,0.038,-0.036,0.155,0.552,-0.501,-0.551,-0.31,-0.173,0.047,-0.109,-0.114,-0.007,-0.285,-0.298,0.403,-0.167,0.325,-0.151,0.254,0.26,0.183,0.062,0.382,0.485,0.376,-0.341,0.221,0.315,-0.037,0.462,-0.434,0.412,-0.454,-0.3,-0.113,0.263,0.561,0.101,0.059,0.186,0.144,0.52,-0.139,0.4,-0.303,0.363,-0.092,0.689,-0.045,0.079,0.204,0.008,0.455,-0.193,0.47,0.081,-0.067,0.307,-0.09,0.02,-0.396,0.224,-0.434,0.227,-0.346,0.153,0.115,0.106,0.552,0.505,-0.167,-0.254,0.071,-0.593,0.327,0.127,0.311,0.44,0.718,0.409,0.138,0.239,0.096,-0.216,0.403,-0.195,-0.029,-0.504,-0.036,0.277,-0.204,-0.061,0.356,0.525,0.094,0.138,0.045,0.139,-0.033,0.162,0.441,0.386,0.356,0.11,-0.369,0.112,0.164,-0.008,0.04,-0.326,-0.27,0.312,0.002,-0.054,-0.015,-0.26,0.024,0.048,-0.172,-0.328,0.547,-0.312,0.179,-0.593,-0.209,0.036,-0.431,0.244,-0.297,-0.501,0.046,0.208,-0.001,-0.36,0.089,-0.125,0.258,-0.378,-0.582,0.333,-0.081,0.286,0.216,-0.156,-0.374,0.086,-0.044,0.197,0.46,-0.356,0.14,-0.324,0.348,-0.267,-0.01,-0.164,0.036,0.077,0.062,0.215,0.163,-0.159,0.12,-0.072,-0.132,0.266,0.351,-0.056,0.162,0.201,0.192,-0.236,-0.362,-0.245,-0.235,-0.039,0.2,-0.245,-0.393
AMZN,0.731,0.378,0.346,0.402,0.551,0.559,0.029,0.168,-0.073,0.0,-0.133,0.826,-0.14,0.499,0.715,0.113,-0.507,-0.007,0.516,-0.086,0.463,0.867,0.481,0.655,0.103,0.555,-0.004,0.649,0.353,0.444,0.419,0.643,0.721,-0.284,0.859,0.298,0.422,0.398,-0.235,0.601,0.733,0.71,0.672,0.362,0.181,0.385,0.541,0.415,0.243,0.692,0.24,0.498,0.124,0.193,0.783,0.831,0.114,0.245,0.722,0.524,0.466,0.617,0.411,0.377,0.157,0.354,0.168,0.893,-0.053,0.726,0.59,0.672,0.708,0.384,-0.18,0.583,-0.613,0.821,0.757,0.814,0.788,0.008,0.667,0.731,-0.109,0.647,0.585,0.793,-0.363,0.272,-0.047,0.313,0.638,0.751,0.662,0.624,-0.566,0.609,0.137,-0.119,0.103,0.386,0.325,-0.274,0.86,0.235,0.578,-0.427,0.586,0.569,0.203,0.889,0.238,0.273,-0.431,0.63,0.469,0.744,0.447,0.671,0.752,0.159,0.594,0.298,-0.549,0.849,0.372,-0.259,0.457,-0.405,0.595,0.82,-0.053,0.552,0.829,0.671,0.785,-0.18,-0.217,0.557,0.171,0.16,0.874,0.402,0.751,0.774,-0.274,0.797,0.496,0.636,0.401,0.842,0.801,0.68,0.286,0.849,0.646,0.46,0.485,0.528,0.365,0.465,0.519,0.285,0.33,0.251,0.562,0.812,0.83,0.589,0.769,0.076,0.636,0.25,-0.132,0.798,0.843,0.421,0.514,0.611,0.777,0.597,0.833,-0.327,0.084,-0.615,0.37,-0.156,0.662,0.537,0.706,0.432,0.288,0.15,0.606,0.102,0.509,0.662,0.862,0.637
ANIP,0.188,-0.028,0.54,-0.793,0.435,0.062,-0.417,-0.03,0.417,-0.133,0.0,-0.157,-0.651,0.566,-0.015,0.474,0.325,-0.389,-0.475,0.608,0.485,-0.129,0.198,0.353,0.69,-0.513,-0.696,0.18,0.459,0.511,-0.311,0.304,-0.284,-0.516,-0.154,0.702,0.491,0.63,-0.55,0.444,0.194,0.076,0.382,0.245,0.623,0.02,-0.662,0.485,0.471,0.11,0.643,-0.695,0.782,-0.667,-0.208,-0.358,-0.512,0.407,0.134,-0.022,0.299,0.449,0.647,-0.391,0.699,-0.655,0.715,0.037,0.194,-0.051,0.299,0.408,0.21,0.433,-0.429,0.011,-0.356,0.086,0.138,0.145,-0.191,-0.688,0.122,-0.581,-0.13,-0.515,0.392,0.253,-0.213,0.531,0.776,0.022,0.325,0.322,-0.279,0.314,-0.303,0.418,0.812,0.503,0.736,0.487,0.565,-0.38,-0.397,0.566,-0.38,-0.255,-0.183,0.059,-0.169,-0.205,-0.325,-0.26,-0.039,0.306,0.37,0.101,-0.29,0.371,0.299,0.722,0.501,0.623,-0.304,-0.241,0.513,-0.468,0.42,-0.27,-0.173,0.007,0.013,0.336,0.174,0.371,-0.073,-0.226,-0.441,-0.428,-0.624,0.71,-0.407,0.413,-0.445,0.152,-0.363,-0.236,0.484,-0.581,-0.39,-0.078,0.188,0.112,-0.388,0.106,0.081,0.481,0.011,-0.394,0.543,0.254,0.451,0.706,-0.233,-0.729,0.447,-0.099,0.098,0.349,-0.377,-0.145,-0.597,0.618,-0.678,0.214,0.087,0.307,0.372,0.098,0.273,0.405,0.066,-0.381,-0.486,-0.392,0.484,-0.08,0.288,0.472,0.096,0.551,-0.562,-0.802,-0.606,-0.79,-0.137,-0.018,-0.297,-0.501
AOSL,0.842,0.681,0.372,0.398,0.442,0.683,-0.254,0.444,-0.387,0.826,-0.157,0.0,-0.244,0.308,0.581,-0.108,-0.657,0.122,0.338,-0.328,0.336,0.633,0.508,0.609,-0.035,0.654,0.198,0.782,0.508,0.521,0.471,0.739,0.587,-0.222,0.93,0.229,0.538,0.377,-0.261,0.459,0.55,0.594,0.661,0.092,0.077,0.274,0.481,0.407,0.244,0.68,0.108,0.466,0.085,0.268,0.874,0.66,-0.097,0.095,0.575,0.413,0.376,0.631,0.23,0.174,0.158,0.282,0.133,0.835,-0.469,0.583,0.521,0.582,0.654,0.17,-0.063,0.275,-0.634,0.761,0.494,0.794,0.694,0.095,0.545,0.757,-0.323,0.653,0.563,0.685,-0.427,0.067,-0.039,0.457,0.773,0.671,0.824,0.544,-0.65,0.438,0.11,-0.322,0.064,0.452,0.305,-0.386,0.786,0.164,0.611,-0.406,0.769,0.496,0.009,0.909,0.263,-0.066,-0.634,0.582,0.408,0.672,0.24,0.711,0.646,0.07,0.427,0.164,-0.596,0.891,0.485,-0.426,0.556,-0.434,0.614,0.881,-0.235,0.628,0.797,0.749,0.905,-0.177,-0.376,0.544,0.192,0.045,0.816,0.427,0.849,0.826,-0.33,0.895,0.441,0.531,0.658,0.675,0.566,0.72,0.387,0.716,0.707,0.44,0.635,0.737,0.289,0.429,0.415,0.327,0.535,0.232,0.547,0.592,0.62,0.345,0.876,0.053,0.621,0.237,-0.155,0.813,0.89,0.512,0.553,0.704,0.63,0.591,0.83,-0.415,0.102,-0.539,0.235,-0.323,0.658,0.514,0.533,0.446,0.278,0.157,0.446,0.054,0.365,0.426,0.784,0.68
APDN,-0.527,-0.459,-0.781,0.628,-0.704,-0.459,0.796,-0.458,-0.02,-0.14,-0.651,-0.244,0.0,-0.64,-0.219,-0.463,0.274,0.52,0.607,-0.309,-0.65,-0.097,-0.49,-0.7,-0.701,0.288,0.64,-0.528,-0.839,-0.83,0.452,-0.711,0.18,0.809,-0.237,-0.798,-0.841,-0.798,0.842,-0.66,-0.417,-0.295,-0.702,-0.174,-0.679,0.209,0.565,-0.737,-0.478,-0.329,-0.715,0.51,-0.793,0.683,-0.165,0.203,0.753,-0.367,-0.481,0.011,-0.586,-0.729,-0.659,0.556,-0.794,0.526,-0.799,-0.385,0.191,-0.22,-0.63,-0.587,-0.612,-0.55,0.641,0.117,0.74,-0.453,-0.301,-0.542,-0.035,0.772,-0.103,0.297,0.45,0.273,-0.658,-0.496,0.721,-0.532,-0.701,-0.336,-0.624,-0.635,-0.294,-0.446,0.695,-0.625,-0.78,-0.199,-0.822,-0.696,-0.605,0.798,0.12,-0.67,0.202,0.711,-0.157,-0.135,0.274,-0.129,0.158,0.597,0.552,-0.543,-0.638,-0.456,0.501,-0.69,-0.559,-0.787,-0.628,-0.755,0.731,-0.236,-0.769,0.737,-0.742,0.657,-0.11,-0.415,0.427,-0.594,-0.541,-0.707,-0.344,0.558,0.756,0.461,0.673,-0.727,0.123,-0.659,0.031,-0.602,0.837,-0.189,-0.674,0.48,0.165,-0.219,-0.342,-0.475,0.262,-0.333,-0.52,-0.631,-0.49,0.097,-0.719,-0.367,-0.694,-0.829,0.247,0.731,-0.787,0.047,-0.154,-0.335,-0.033,0.244,0.418,-0.738,0.881,-0.497,-0.462,-0.626,-0.648,-0.38,-0.484,-0.716,-0.437,0.79,0.646,0.689,-0.702,0.618,-0.701,-0.784,-0.32,-0.81,0.447,0.825,0.544,0.788,0.233,0.007,-0.018,0.386
APLT,0.581,0.113,0.69,-0.374,0.785,0.456,-0.245,0.103,0.374,0.499,0.566,0.308,-0.64,0.0,0.613,0.646,-0.096,-0.559,-0.048,0.544,0.867,0.551,0.533,0.805,0.756,-0.152,-0.735,0.392,0.503,0.656,-0.131,0.63,0.288,-0.76,0.404,0.826,0.597,0.812,-0.674,0.807,0.766,0.628,0.807,0.514,0.719,0.217,-0.214,0.69,0.461,0.593,0.781,-0.213,0.72,-0.508,0.301,0.294,-0.345,0.596,0.704,0.244,0.71,0.788,0.889,-0.214,0.693,-0.289,0.687,0.613,0.282,0.517,0.743,0.748,0.741,0.795,-0.657,0.481,-0.684,0.651,0.758,0.634,0.39,-0.645,0.491,-0.099,-0.269,0.019,0.753,0.812,-0.567,0.672,0.583,0.183,0.582,0.792,0.152,0.743,-0.605,0.832,0.745,0.375,0.73,0.606,0.637,-0.579,0.264,0.691,-0.024,-0.64,0.041,0.406,-0.052,0.408,0.028,0.0,-0.304,0.674,0.695,0.655,0.087,0.725,0.796,0.732,0.88,0.851,-0.672,0.378,0.658,-0.475,0.643,-0.439,0.301,0.48,-0.035,0.553,0.686,0.724,0.445,-0.431,-0.494,-0.037,-0.42,0.778,0.216,0.648,0.03,0.609,-0.538,0.244,0.787,-0.114,-0.276,0.585,0.722,0.593,-0.227,0.732,0.52,0.662,0.328,-0.11,0.756,0.423,0.822,0.691,-0.171,-0.497,0.766,0.389,0.626,0.64,0.162,-0.097,-0.15,0.72,-0.728,0.67,0.57,0.593,0.615,0.416,0.727,0.742,0.542,-0.469,-0.336,-0.693,0.747,-0.207,0.738,0.781,0.702,0.776,-0.287,-0.581,-0.137,-0.51,0.225,0.511,0.314,-0.1
APVO,0.653,0.333,0.28,0.289,0.413,0.555,0.037,0.027,0.022,0.715,-0.015,0.581,-0.219,0.613,0.0,0.197,-0.343,-0.177,0.426,0.01,0.597,0.741,0.678,0.678,0.178,0.514,-0.277,0.462,0.209,0.343,0.264,0.539,0.49,-0.353,0.62,0.35,0.308,0.394,-0.427,0.436,0.639,0.639,0.697,0.247,0.176,0.153,0.371,0.354,0.022,0.775,0.287,0.44,0.105,0.144,0.671,0.707,0.025,0.231,0.57,0.38,0.408,0.586,0.529,0.089,0.218,0.071,0.09,0.769,0.001,0.489,0.52,0.481,0.697,0.519,-0.451,0.429,-0.61,0.662,0.709,0.659,0.493,-0.057,0.655,0.401,-0.505,0.695,0.542,0.82,-0.337,0.153,0.074,0.279,0.567,0.633,0.425,0.605,-0.585,0.502,0.252,-0.177,0.128,0.222,0.509,-0.35,0.779,0.183,0.443,-0.432,0.31,0.679,-0.172,0.685,0.179,0.268,-0.283,0.647,0.305,0.534,0.57,0.616,0.613,0.144,0.574,0.403,-0.664,0.642,0.421,-0.352,0.574,-0.257,0.712,0.609,-0.068,0.265,0.679,0.611,0.74,-0.484,-0.317,0.452,0.138,0.265,0.63,0.276,0.515,0.632,-0.219,0.476,0.555,0.474,0.159,0.792,0.601,0.556,0.344,0.802,0.431,0.254,0.229,0.255,0.262,0.172,0.476,0.209,0.195,0.132,0.485,0.582,0.621,0.406,0.502,0.027,0.425,0.284,-0.279,0.62,0.596,0.358,0.337,0.339,0.575,0.547,0.591,-0.136,0.243,-0.498,0.29,-0.115,0.59,0.493,0.651,0.442,-0.12,0.054,0.241,0.049,0.651,0.749,0.504,0.524
ARGX,0.154,-0.293,0.681,-0.475,0.687,0.326,-0.019,0.128,0.583,0.113,0.474,-0.108,-0.463,0.646,0.197,0.0,0.18,-0.792,-0.275,0.763,0.733,0.302,0.136,0.525,0.851,-0.598,-0.692,-0.172,0.315,0.449,-0.407,0.312,0.205,-0.712,0.08,0.716,0.2,0.661,-0.498,0.643,0.668,0.463,0.456,0.635,0.834,0.301,-0.458,0.6,0.57,0.106,0.851,-0.495,0.754,-0.725,-0.15,-0.031,-0.198,0.807,0.601,-0.057,0.75,0.511,0.763,-0.209,0.679,-0.157,0.678,0.15,0.578,0.281,0.569,0.439,0.495,0.78,-0.452,0.536,-0.276,0.312,0.642,0.2,0.316,-0.71,0.072,-0.392,0.047,-0.357,0.609,0.461,-0.539,0.815,0.618,0.223,0.126,0.45,-0.174,0.621,-0.186,0.736,0.622,0.71,0.725,0.575,0.274,-0.431,-0.127,0.801,-0.257,-0.562,-0.506,-0.166,0.017,0.083,0.32,-0.068,-0.098,0.294,0.698,0.515,-0.205,0.34,0.569,0.747,0.686,0.786,-0.25,0.046,0.456,0.019,0.289,-0.341,-0.026,-0.015,0.113,0.402,0.293,0.361,-0.011,-0.142,-0.237,-0.31,-0.586,0.817,-0.14,0.68,-0.401,0.226,-0.45,-0.147,0.658,-0.494,-0.616,0.281,0.443,0.475,-0.503,0.438,0.437,0.548,0.267,-0.336,0.735,0.108,0.738,0.526,-0.49,-0.622,0.549,-0.005,0.326,0.523,-0.094,-0.106,-0.435,0.623,-0.605,0.348,0.21,0.449,0.401,0.285,0.501,0.537,0.135,-0.419,-0.379,-0.44,0.789,-0.141,0.486,0.61,0.673,0.606,-0.177,-0.574,-0.249,-0.359,-0.234,0.264,0.026,-0.47
ARLP,-0.593,-0.737,-0.272,-0.305,-0.333,-0.489,0.487,-0.56,0.558,-0.507,0.325,-0.657,0.274,-0.096,-0.343,0.18,0.0,-0.066,0.025,0.417,-0.184,-0.328,-0.306,-0.435,0.091,-0.493,-0.128,-0.643,-0.467,-0.482,0.044,-0.577,-0.211,0.299,-0.66,-0.107,-0.46,-0.225,0.265,-0.244,-0.278,-0.328,-0.483,0.236,-0.016,0.192,-0.288,-0.354,0.024,-0.311,-0.008,-0.425,0.075,-0.078,-0.708,-0.367,0.163,0.059,-0.482,-0.372,-0.283,-0.417,-0.009,0.039,-0.078,-0.289,-0.029,-0.595,0.59,-0.416,-0.423,-0.383,-0.57,-0.006,0.279,0.098,0.56,-0.457,-0.239,-0.628,-0.312,-0.019,-0.04,-0.577,0.403,-0.411,-0.369,-0.376,0.55,0.086,0.19,-0.417,-0.477,-0.456,-0.862,-0.239,0.636,-0.251,0.03,0.525,-0.018,-0.195,-0.201,0.412,-0.541,-0.036,-0.335,0.532,-0.643,-0.265,0.184,-0.56,-0.207,0.273,0.659,-0.332,-0.32,-0.505,0.09,-0.469,-0.358,-0.022,-0.156,-0.057,0.578,-0.68,-0.346,0.437,-0.386,0.55,-0.43,-0.653,0.625,-0.423,-0.589,-0.503,-0.581,0.406,0.439,-0.163,0.022,0.061,-0.592,-0.331,-0.728,-0.698,0.464,-0.736,-0.141,-0.327,-0.48,-0.401,-0.367,-0.43,-0.365,-0.436,-0.587,-0.283,-0.662,-0.429,-0.168,-0.292,-0.298,-0.164,-0.127,-0.139,-0.457,-0.289,-0.262,0.001,-0.658,0.255,-0.456,-0.048,0.18,-0.467,-0.62,-0.383,-0.362,-0.401,-0.381,-0.425,-0.649,0.513,0.113,0.473,-0.214,0.714,-0.562,-0.4,-0.275,-0.264,-0.134,-0.084,-0.304,-0.071,-0.014,0.018,-0.594,-0.404
ATEX,-0.087,0.211,-0.626,0.455,-0.604,-0.419,0.214,-0.303,-0.4,-0.007,-0.389,0.122,0.52,-0.559,-0.177,-0.792,-0.066,0.0,0.399,-0.622,-0.657,-0.15,-0.102,-0.5,-0.776,0.595,0.7,0.16,-0.331,-0.423,0.467,-0.344,-0.086,0.719,-0.046,-0.649,-0.179,-0.611,0.551,-0.542,-0.559,-0.461,-0.418,-0.407,-0.776,-0.115,0.577,-0.493,-0.374,-0.135,-0.764,0.558,-0.675,0.705,0.142,0.179,0.302,-0.716,-0.536,0.367,-0.717,-0.489,-0.641,0.484,-0.577,0.233,-0.604,-0.024,-0.44,-0.248,-0.523,-0.281,-0.462,-0.811,0.57,-0.302,0.339,-0.251,-0.525,-0.151,-0.154,0.724,0.12,0.47,0.203,0.357,-0.582,-0.368,0.647,-0.607,-0.533,-0.264,-0.096,-0.411,0.104,-0.426,0.257,-0.667,-0.564,-0.532,-0.696,-0.582,-0.241,0.582,0.166,-0.704,0.457,0.621,0.503,0.278,0.143,0.019,-0.203,0.306,0.29,-0.343,-0.64,-0.412,0.377,-0.323,-0.473,-0.655,-0.611,-0.786,0.368,-0.053,-0.408,0.097,-0.302,0.389,-0.088,0.062,0.085,-0.275,-0.235,-0.338,-0.014,0.355,0.319,0.447,0.542,-0.716,0.214,-0.606,0.338,-0.204,0.604,0.22,-0.603,0.578,0.543,-0.164,-0.229,-0.462,0.467,-0.288,-0.389,-0.4,-0.339,0.317,-0.635,-0.035,-0.668,-0.461,0.55,0.711,-0.519,0.267,-0.13,-0.353,0.148,0.231,0.532,-0.577,0.664,-0.22,-0.122,-0.506,-0.453,-0.207,-0.322,-0.486,-0.089,0.48,0.407,0.363,-0.764,0.226,-0.52,-0.568,-0.559,-0.622,0.273,0.595,0.357,0.419,0.31,-0.209,0.084,0.531
ATRA,0.065,-0.152,-0.415,0.706,-0.217,-0.055,0.701,-0.264,-0.094,0.516,-0.475,0.338,0.607,-0.048,0.426,-0.275,0.025,0.399,0.0,-0.308,-0.138,0.542,0.006,-0.083,-0.465,0.628,0.397,-0.008,-0.448,-0.427,0.694,-0.173,0.641,0.51,0.322,-0.398,-0.37,-0.374,0.484,-0.115,0.149,0.173,-0.083,0.204,-0.459,0.4,0.826,-0.362,-0.237,0.37,-0.405,0.757,-0.505,0.718,0.345,0.781,0.533,-0.174,0.044,0.241,-0.114,-0.163,-0.181,0.73,-0.554,0.529,-0.503,0.27,0.202,0.36,-0.071,-0.034,-0.049,-0.104,0.357,0.478,0.198,0.274,0.303,0.064,0.459,0.585,0.486,0.59,0.219,0.72,-0.167,0.197,0.377,-0.251,-0.526,-0.208,0.042,0.004,0.135,0.035,0.222,-0.105,-0.477,-0.247,-0.56,-0.308,-0.255,0.447,0.635,-0.379,0.529,0.384,0.25,0.37,0.362,0.485,0.235,0.701,0.141,0.035,-0.202,0.106,0.776,-0.024,0.078,-0.515,-0.048,-0.322,0.171,0.377,-0.387,0.347,-0.237,0.465,0.373,0.234,0.444,-0.152,0.101,-0.09,0.275,0.268,0.507,0.826,0.788,-0.438,0.65,-0.325,0.49,0.014,0.538,0.318,-0.12,0.809,0.364,0.465,0.242,0.08,0.353,0.341,-0.049,-0.247,-0.133,0.476,-0.315,0.106,-0.214,-0.421,0.446,0.723,-0.264,0.653,0.44,0.152,0.448,0.327,0.703,-0.34,0.572,0.148,0.174,-0.222,-0.179,0.037,0.102,-0.235,0.149,0.535,0.623,0.248,-0.344,0.566,-0.104,-0.292,0.212,-0.313,0.49,0.716,0.752,0.64,0.724,0.566,0.506,0.743
AUTL,0.033,-0.399,0.536,-0.583,0.479,0.02,0.067,-0.22,0.796,-0.086,0.608,-0.328,-0.309,0.544,0.01,0.763,0.417,-0.622,-0.308,0.0,0.593,-0.005,0.008,0.336,0.822,-0.713,-0.764,-0.238,0.101,0.329,-0.329,0.113,0.034,-0.56,-0.19,0.677,0.044,0.598,-0.371,0.488,0.428,0.234,0.31,0.462,0.769,0.303,-0.592,0.529,0.553,-0.057,0.741,-0.657,0.712,-0.741,-0.259,-0.235,-0.083,0.797,0.339,-0.006,0.478,0.367,0.71,-0.359,0.664,-0.382,0.624,-0.049,0.639,0.104,0.32,0.381,0.195,0.577,-0.408,0.43,-0.118,0.025,0.361,0.039,0.07,-0.693,0.022,-0.562,0.172,-0.582,0.414,0.235,-0.206,0.722,0.71,0.026,-0.081,0.242,-0.479,0.471,-0.068,0.561,0.702,0.839,0.706,0.421,0.372,-0.183,-0.313,0.676,-0.372,-0.286,-0.543,-0.115,0.156,-0.174,0.106,0.096,0.193,0.112,0.48,0.262,-0.163,0.181,0.356,0.725,0.568,0.649,-0.038,-0.29,0.357,-0.007,0.172,-0.195,-0.313,-0.221,0.215,0.27,0.122,0.191,-0.239,-0.05,-0.185,-0.286,-0.635,0.792,-0.392,0.506,-0.657,-0.029,-0.249,-0.342,0.446,-0.544,-0.614,0.018,0.346,0.148,-0.465,0.213,0.14,0.548,-0.037,-0.612,0.622,0.04,0.58,0.458,-0.365,-0.649,0.371,-0.121,0.268,0.473,-0.325,-0.081,-0.494,0.64,-0.53,0.149,-0.018,0.31,0.25,0.201,0.345,0.376,0.014,-0.206,-0.343,-0.314,0.592,0.102,0.229,0.44,0.36,0.466,-0.33,-0.652,-0.325,-0.49,-0.296,0.061,-0.198,-0.578
AVDL,0.65,0.199,0.841,-0.325,0.851,0.579,-0.277,0.258,0.36,0.463,0.485,0.336,-0.65,0.867,0.597,0.733,-0.184,-0.657,-0.138,0.593,0.0,0.528,0.536,0.891,0.809,-0.203,-0.721,0.339,0.567,0.763,-0.176,0.728,0.334,-0.833,0.475,0.9,0.529,0.895,-0.745,0.845,0.855,0.689,0.842,0.509,0.829,0.288,-0.289,0.77,0.607,0.544,0.833,-0.247,0.772,-0.61,0.396,0.225,-0.393,0.787,0.775,0.217,0.808,0.873,0.913,-0.302,0.774,-0.273,0.722,0.593,0.221,0.501,0.837,0.783,0.798,0.811,-0.649,0.539,-0.718,0.654,0.771,0.665,0.502,-0.733,0.375,-0.072,-0.344,-0.033,0.836,0.831,-0.694,0.714,0.691,0.369,0.607,0.796,0.2,0.835,-0.669,0.884,0.814,0.376,0.804,0.749,0.636,-0.706,0.252,0.84,0.043,-0.742,-0.004,0.311,-0.049,0.46,0.284,-0.142,-0.435,0.599,0.813,0.768,-0.013,0.785,0.842,0.808,0.896,0.85,-0.699,0.443,0.768,-0.444,0.726,-0.533,0.331,0.471,-0.125,0.675,0.708,0.791,0.494,-0.424,-0.592,-0.052,-0.488,0.866,0.166,0.803,0.004,0.666,-0.612,0.284,0.821,-0.218,-0.24,0.568,0.667,0.712,-0.173,0.757,0.702,0.776,0.485,-0.081,0.853,0.337,0.922,0.697,-0.151,-0.574,0.859,0.257,0.562,0.614,0.227,-0.143,-0.132,0.831,-0.784,0.735,0.616,0.728,0.693,0.596,0.696,0.86,0.602,-0.562,-0.345,-0.737,0.827,-0.325,0.809,0.883,0.77,0.881,-0.257,-0.599,-0.176,-0.512,0.054,0.385,0.337,-0.093
BCRX,0.578,0.163,0.324,0.337,0.538,0.47,0.176,0.133,0.038,0.867,-0.129,0.633,-0.097,0.551,0.741,0.302,-0.328,-0.15,0.542,-0.005,0.528,0.0,0.441,0.645,0.167,0.413,-0.084,0.391,0.257,0.345,0.258,0.519,0.743,-0.306,0.748,0.313,0.307,0.368,-0.231,0.617,0.774,0.674,0.587,0.54,0.232,0.383,0.526,0.357,0.264,0.63,0.278,0.438,0.156,0.129,0.578,0.81,0.103,0.303,0.712,0.432,0.534,0.541,0.467,0.389,0.153,0.375,0.155,0.807,0.141,0.694,0.605,0.573,0.68,0.471,-0.21,0.695,-0.492,0.797,0.802,0.673,0.809,-0.06,0.627,0.583,-0.056,0.588,0.536,0.787,-0.41,0.381,-0.047,0.182,0.495,0.678,0.519,0.652,-0.423,0.606,0.102,-0.059,0.137,0.354,0.216,-0.303,0.739,0.285,0.483,-0.466,0.322,0.447,0.199,0.812,0.342,0.344,-0.333,0.525,0.497,0.732,0.447,0.567,0.714,0.193,0.589,0.382,-0.493,0.782,0.289,-0.084,0.365,-0.298,0.585,0.692,0.139,0.461,0.692,0.55,0.697,-0.141,-0.131,0.503,0.147,0.232,0.766,0.394,0.558,0.646,-0.225,0.652,0.513,0.527,0.166,0.854,0.775,0.671,0.141,0.805,0.58,0.385,0.417,0.465,0.397,0.368,0.537,0.178,0.138,0.191,0.488,0.727,0.745,0.606,0.592,0.066,0.493,0.273,-0.144,0.721,0.726,0.338,0.415,0.49,0.685,0.526,0.673,-0.24,0.074,-0.532,0.396,-0.095,0.583,0.482,0.76,0.405,0.335,0.145,0.531,0.183,0.485,0.736,0.786,0.495
BHAT,0.724,0.609,0.441,-0.012,0.421,0.551,-0.341,0.092,-0.036,0.481,0.198,0.508,-0.49,0.533,0.678,0.136,-0.306,-0.102,0.006,0.008,0.536,0.441,0.0,0.672,0.296,0.379,-0.338,0.638,0.434,0.555,0.181,0.663,0.056,-0.451,0.475,0.482,0.578,0.525,-0.703,0.408,0.422,0.471,0.706,0.002,0.285,-0.105,0.036,0.533,0.095,0.591,0.364,0.135,0.275,-0.088,0.621,0.291,-0.27,0.177,0.437,0.306,0.329,0.643,0.491,-0.247,0.488,-0.298,0.279,0.677,-0.328,0.163,0.467,0.471,0.623,0.349,-0.513,0.066,-0.737,0.491,0.393,0.706,0.25,-0.274,0.546,0.216,-0.64,0.429,0.55,0.703,-0.331,0.135,0.363,0.383,0.634,0.598,0.398,0.545,-0.732,0.434,0.472,-0.112,0.307,0.335,0.7,-0.511,0.516,0.266,0.434,-0.451,0.388,0.7,-0.302,0.499,-0.081,-0.005,-0.283,0.683,0.278,0.418,0.284,0.72,0.557,0.315,0.512,0.372,-0.754,0.459,0.688,-0.661,0.749,-0.444,0.474,0.596,-0.36,0.349,0.677,0.697,0.705,-0.576,-0.652,0.145,-0.204,0.386,0.315,0.343,0.315,0.653,-0.436,0.446,0.624,0.22,0.096,0.577,0.394,0.409,0.242,0.557,0.385,0.355,0.217,0.098,0.326,0.074,0.48,0.395,0.318,-0.116,0.583,0.334,0.391,0.145,0.328,0.061,0.261,0.476,-0.513,0.583,0.544,0.395,0.325,0.358,0.485,0.665,0.541,-0.355,0.059,-0.656,0.282,-0.374,0.567,0.62,0.405,0.533,-0.364,-0.254,-0.155,-0.319,0.363,0.428,0.23,0.276
BLBD,0.832,0.495,0.829,-0.18,0.861,0.705,-0.411,0.36,0.155,0.655,0.353,0.609,-0.7,0.805,0.678,0.525,-0.435,-0.5,-0.083,0.336,0.891,0.645,0.672,0.0,0.659,0.071,-0.554,0.614,0.69,0.861,-0.074,0.894,0.396,-0.827,0.692,0.845,0.709,0.886,-0.792,0.859,0.843,0.748,0.934,0.383,0.708,0.207,-0.11,0.82,0.559,0.665,0.721,-0.081,0.671,-0.446,0.631,0.373,-0.361,0.617,0.836,0.326,0.79,0.961,0.835,-0.293,0.723,-0.196,0.655,0.801,-0.055,0.609,0.86,0.856,0.91,0.73,-0.635,0.42,-0.872,0.809,0.761,0.864,0.588,-0.622,0.505,0.187,-0.452,0.2,0.893,0.901,-0.765,0.64,0.57,0.455,0.746,0.91,0.514,0.84,-0.832,0.878,0.716,0.149,0.715,0.78,0.661,-0.774,0.458,0.726,0.223,-0.819,0.326,0.423,-0.029,0.68,0.223,-0.164,-0.59,0.727,0.785,0.847,0.006,0.912,0.896,0.719,0.883,0.767,-0.852,0.675,0.818,-0.607,0.814,-0.702,0.462,0.736,-0.288,0.771,0.875,0.928,0.74,-0.503,-0.709,0.078,-0.411,0.738,0.398,0.799,0.298,0.852,-0.718,0.551,0.825,-0.008,0.038,0.703,0.731,0.809,0.003,0.819,0.794,0.797,0.616,0.152,0.816,0.41,0.91,0.702,0.045,-0.447,0.926,0.376,0.643,0.639,0.456,-0.101,0.103,0.799,-0.763,0.873,0.829,0.767,0.771,0.727,0.814,0.944,0.811,-0.697,-0.285,-0.883,0.767,-0.492,0.905,0.924,0.756,0.913,-0.155,-0.489,-0.057,-0.459,0.143,0.458,0.522,0.094
BMRN,0.324,-0.042,0.845,-0.682,0.809,0.34,-0.317,0.156,0.552,0.103,0.69,-0.035,-0.701,0.756,0.178,0.851,0.091,-0.776,-0.465,0.822,0.809,0.167,0.296,0.659,0.0,-0.616,-0.851,0.109,0.519,0.682,-0.43,0.51,0.013,-0.856,0.093,0.922,0.47,0.865,-0.699,0.764,0.622,0.454,0.632,0.495,0.949,0.211,-0.65,0.771,0.631,0.214,0.948,-0.649,0.928,-0.878,-0.034,-0.183,-0.452,0.832,0.619,-0.029,0.771,0.697,0.869,-0.463,0.867,-0.48,0.903,0.233,0.401,0.266,0.675,0.636,0.566,0.787,-0.617,0.366,-0.514,0.368,0.553,0.378,0.212,-0.912,0.141,-0.458,-0.081,-0.471,0.693,0.511,-0.599,0.847,0.838,0.197,0.314,0.613,-0.134,0.653,-0.424,0.81,0.875,0.731,0.938,0.714,0.519,-0.571,-0.189,0.899,-0.301,-0.642,-0.285,-0.002,-0.008,0.056,0.056,-0.228,-0.207,0.458,0.765,0.551,-0.336,0.561,0.665,0.938,0.802,0.882,-0.451,0.039,0.699,-0.328,0.518,-0.479,-0.114,0.139,-0.096,0.566,0.453,0.569,0.085,-0.335,-0.52,-0.435,-0.74,0.968,-0.24,0.759,-0.401,0.379,-0.64,-0.083,0.768,-0.591,-0.578,0.265,0.466,0.476,-0.553,0.426,0.468,0.743,0.328,-0.394,0.882,0.275,0.845,0.791,-0.37,-0.826,0.742,-0.032,0.362,0.508,-0.122,-0.137,-0.474,0.858,-0.845,0.447,0.32,0.627,0.606,0.414,0.583,0.695,0.272,-0.597,-0.584,-0.618,0.87,-0.26,0.625,0.778,0.55,0.794,-0.355,-0.853,-0.45,-0.715,-0.276,0.128,-0.014,-0.57
BNGO,0.413,0.543,-0.329,0.725,-0.228,0.243,0.115,-0.003,-0.501,0.555,-0.513,0.654,0.288,-0.152,0.514,-0.598,-0.493,0.595,0.628,-0.713,-0.203,0.413,0.379,0.071,-0.616,0.0,0.526,0.515,-0.077,-0.101,0.638,0.17,0.295,0.368,0.538,-0.385,0.047,-0.283,0.142,-0.201,-0.017,0.174,0.139,-0.292,-0.567,-0.015,0.793,-0.184,-0.402,0.488,-0.5,0.868,-0.572,0.765,0.71,0.67,0.282,-0.47,0.013,0.409,-0.249,0.021,-0.29,0.426,-0.408,0.384,-0.522,0.527,-0.493,0.184,-0.044,0.022,0.155,-0.303,0.19,-0.013,-0.188,0.295,0.086,0.366,0.283,0.634,0.496,0.791,-0.331,0.908,-0.067,0.268,0.18,-0.537,-0.521,0.117,0.343,0.128,0.573,0.017,-0.253,-0.204,-0.433,-0.707,-0.578,-0.279,0.078,0.159,0.794,-0.511,0.74,0.139,0.701,0.606,-0.074,0.59,0.011,0.319,-0.15,0.255,-0.292,0.086,0.636,0.2,0.055,-0.558,-0.161,-0.431,-0.242,0.556,-0.043,-0.152,0.121,0.081,0.577,0.536,-0.158,-0.058,0.32,0.188,0.639,-0.1,0.01,0.677,0.645,-0.529,0.746,-0.287,0.829,0.361,0.214,0.6,-0.089,0.844,0.703,0.451,0.136,0.132,0.682,0.325,0.071,-0.243,0.05,0.612,-0.416,0.054,-0.236,-0.288,0.658,0.731,-0.089,0.53,0.257,-0.124,0.628,0.137,0.845,-0.354,0.373,0.268,0.38,-0.107,-0.068,0.122,0.113,-0.013,0.364,0.224,0.574,-0.02,-0.433,-0.007,0.07,-0.119,0.04,-0.214,0.216,0.651,0.522,0.494,0.67,0.352,0.486,0.9
BUSE,-0.208,0.082,-0.583,0.666,-0.584,-0.175,0.277,0.08,-0.551,-0.004,-0.696,0.198,0.64,-0.735,-0.277,-0.692,-0.128,0.7,0.397,-0.764,-0.721,-0.084,-0.338,-0.554,-0.851,0.526,0.0,-0.075,-0.298,-0.5,0.457,-0.345,0.156,0.738,0.108,-0.79,-0.366,-0.707,0.681,-0.562,-0.438,-0.246,-0.544,-0.337,-0.736,0.05,0.611,-0.586,-0.309,-0.227,-0.777,0.554,-0.725,0.747,0.089,0.182,0.387,-0.618,-0.422,0.017,-0.559,-0.543,-0.797,0.5,-0.72,0.596,-0.7,-0.157,-0.412,-0.15,-0.499,-0.459,-0.431,-0.718,0.789,-0.18,0.462,-0.21,-0.422,-0.255,0.077,0.801,-0.122,0.589,0.248,0.381,-0.505,-0.429,0.417,-0.621,-0.72,-0.014,-0.2,-0.45,0.244,-0.44,0.411,-0.615,-0.803,-0.554,-0.786,-0.404,-0.598,0.481,0.19,-0.636,0.38,0.5,0.333,-0.163,0.153,0.126,0.157,0.073,0.034,-0.42,-0.5,-0.295,0.165,-0.427,-0.461,-0.767,-0.675,-0.796,0.473,0.128,-0.538,0.44,-0.449,0.335,0.06,-0.005,0.112,-0.252,-0.319,-0.409,0.007,0.572,0.471,0.437,0.656,-0.826,0.303,-0.467,0.438,-0.231,0.508,0.231,-0.608,0.493,0.598,-0.194,-0.366,-0.236,0.435,-0.316,-0.186,-0.488,-0.065,0.598,-0.643,-0.16,-0.654,-0.62,0.429,0.734,-0.564,0.041,-0.222,-0.394,0.276,0.168,0.496,-0.697,0.769,-0.24,-0.112,-0.401,-0.364,-0.098,-0.41,-0.511,-0.127,0.379,0.458,0.493,-0.665,0.17,-0.471,-0.599,-0.366,-0.624,0.574,0.804,0.511,0.675,0.116,-0.194,0.194,0.53
CAKE,0.818,0.812,0.423,0.018,0.464,0.512,-0.585,0.299,-0.31,0.649,0.18,0.782,-0.528,0.392,0.462,-0.172,-0.643,0.16,-0.008,-0.238,0.339,0.391,0.638,0.614,0.109,0.515,-0.075,0.0,0.672,0.689,0.235,0.787,0.121,-0.372,0.671,0.39,0.798,0.499,-0.514,0.465,0.334,0.414,0.701,-0.097,0.149,-0.093,0.16,0.516,0.205,0.623,0.203,0.202,0.244,0.01,0.761,0.353,-0.357,-0.013,0.432,0.446,0.24,0.663,0.319,-0.082,0.368,-0.164,0.329,0.794,-0.583,0.358,0.466,0.631,0.604,0.138,-0.305,-0.043,-0.794,0.618,0.286,0.838,0.307,-0.153,0.516,0.492,-0.45,0.408,0.52,0.598,-0.38,0.092,0.201,0.349,0.81,0.685,0.702,0.4,-0.811,0.398,0.362,-0.312,0.263,0.4,0.6,-0.477,0.536,0.178,0.425,-0.444,0.814,0.638,-0.148,0.608,-0.228,-0.197,-0.55,0.659,0.315,0.48,0.068,0.765,0.563,0.276,0.437,0.233,-0.749,0.62,0.635,-0.775,0.707,-0.558,0.41,0.848,-0.484,0.572,0.785,0.776,0.762,-0.438,-0.628,0.173,-0.101,0.195,0.517,0.352,0.663,0.822,-0.519,0.747,0.445,0.346,0.491,0.511,0.505,0.466,0.309,0.525,0.507,0.475,0.458,0.408,0.325,0.481,0.407,0.528,0.417,-0.023,0.633,0.489,0.474,0.266,0.566,-0.081,0.378,0.351,-0.419,0.686,0.763,0.444,0.557,0.521,0.593,0.628,0.785,-0.527,-0.191,-0.682,0.255,-0.507,0.636,0.593,0.261,0.511,-0.111,-0.22,0.083,-0.364,0.297,0.212,0.501,0.41
CASY,0.661,0.587,0.798,-0.384,0.731,0.58,-0.776,0.655,-0.173,0.353,0.459,0.508,-0.839,0.503,0.209,0.315,-0.467,-0.331,-0.448,0.101,0.567,0.257,0.434,0.69,0.519,-0.077,-0.298,0.672,0.0,0.887,-0.263,0.827,0.061,-0.693,0.506,0.672,0.884,0.727,-0.713,0.68,0.494,0.458,0.707,0.19,0.594,-0.054,-0.316,0.731,0.59,0.369,0.602,-0.312,0.696,-0.501,0.384,-0.029,-0.669,0.325,0.58,0.082,0.586,0.756,0.524,-0.336,0.68,-0.256,0.709,0.533,-0.374,0.303,0.668,0.648,0.665,0.424,-0.409,-0.01,-0.783,0.591,0.352,0.693,0.295,-0.599,0.128,0.064,-0.332,-0.101,0.709,0.538,-0.759,0.454,0.528,0.508,0.762,0.703,0.563,0.492,-0.731,0.632,0.622,0.044,0.668,0.789,0.496,-0.768,0.1,0.642,0.005,-0.713,0.378,0.144,-0.179,0.388,0.012,-0.622,-0.749,0.549,0.697,0.608,-0.464,0.76,0.64,0.676,0.586,0.611,-0.708,0.5,0.759,-0.646,0.719,-0.735,0.22,0.625,-0.431,0.767,0.661,0.773,0.513,-0.33,-0.717,-0.245,-0.504,0.57,0.149,0.736,0.258,0.752,-0.797,0.495,0.618,-0.255,0.114,0.331,0.424,0.628,-0.119,0.425,0.719,0.679,0.715,0.241,0.692,0.448,0.676,0.774,-0.068,-0.506,0.821,0.114,0.283,0.35,0.324,-0.281,-0.156,0.633,-0.727,0.64,0.665,0.685,0.727,0.594,0.569,0.758,0.647,-0.859,-0.569,-0.717,0.669,-0.672,0.768,0.803,0.413,0.779,-0.164,-0.598,-0.243,-0.62,-0.206,-0.025,0.308,-0.115
CCOI,0.793,0.596,0.911,-0.41,0.844,0.63,-0.708,0.499,0.047,0.444,0.511,0.521,-0.83,0.656,0.343,0.449,-0.482,-0.423,-0.427,0.329,0.763,0.345,0.555,0.861,0.682,-0.101,-0.5,0.689,0.887,0.0,-0.257,0.915,0.127,-0.847,0.569,0.856,0.844,0.911,-0.825,0.802,0.642,0.565,0.856,0.212,0.756,0.065,-0.352,0.892,0.671,0.412,0.738,-0.327,0.774,-0.616,0.501,0.038,-0.559,0.559,0.711,0.287,0.681,0.911,0.729,-0.429,0.846,-0.31,0.778,0.657,-0.256,0.403,0.771,0.815,0.799,0.527,-0.567,0.164,-0.861,0.618,0.487,0.804,0.384,-0.709,0.25,0.061,-0.401,-0.108,0.845,0.691,-0.777,0.602,0.674,0.523,0.746,0.806,0.503,0.712,-0.85,0.781,0.787,0.165,0.802,0.836,0.69,-0.801,0.184,0.763,0.083,-0.82,0.346,0.246,-0.148,0.472,0.1,-0.445,-0.638,0.604,0.793,0.739,-0.336,0.86,0.766,0.816,0.745,0.706,-0.788,0.498,0.897,-0.702,0.825,-0.814,0.233,0.652,-0.444,0.849,0.777,0.893,0.568,-0.424,-0.833,-0.187,-0.65,0.752,0.173,0.861,0.185,0.825,-0.835,0.516,0.726,-0.249,0.026,0.411,0.594,0.675,-0.078,0.59,0.772,0.861,0.682,0.085,0.827,0.424,0.855,0.825,-0.024,-0.601,0.933,0.167,0.445,0.475,0.329,-0.236,-0.091,0.801,-0.847,0.772,0.746,0.769,0.788,0.694,0.717,0.92,0.754,-0.864,-0.523,-0.884,0.767,-0.689,0.846,0.933,0.533,0.895,-0.259,-0.676,-0.244,-0.653,-0.178,0.068,0.356,-0.108
CEVA,0.238,0.101,-0.289,0.586,-0.241,0.177,0.42,-0.209,-0.109,0.419,-0.311,0.471,0.452,-0.131,0.264,-0.407,0.044,0.467,0.694,-0.329,-0.176,0.258,0.181,-0.074,-0.43,0.638,0.457,0.235,-0.263,-0.257,0.0,-0.002,0.395,0.472,0.365,-0.316,-0.198,-0.23,0.323,-0.168,0.049,0.208,0.0,-0.035,-0.369,0.387,0.579,-0.264,-0.163,0.416,-0.347,0.553,-0.373,0.652,0.453,0.512,0.357,-0.164,-0.083,0.146,-0.235,-0.031,-0.175,0.466,-0.34,0.269,-0.385,0.25,-0.126,0.065,-0.165,-0.01,-0.115,-0.201,0.444,0.279,0.081,0.154,0.098,0.118,0.375,0.569,0.534,0.564,0.007,0.616,-0.057,0.168,0.423,-0.335,-0.238,0.067,0.19,0.013,0.135,0.081,0.05,-0.149,-0.256,-0.17,-0.464,-0.156,0.005,0.326,0.575,-0.328,0.585,0.459,0.377,0.416,0.159,0.454,0.066,0.419,0.065,0.15,-0.273,0.006,0.687,0.095,0.092,-0.45,-0.003,-0.37,0.099,0.285,-0.09,0.106,-0.025,0.31,0.332,0.256,0.256,-0.06,0.158,0.082,0.4,0.265,0.252,0.709,0.658,-0.374,0.474,-0.239,0.468,0.076,0.434,0.317,-0.037,0.646,0.554,0.274,0.055,0.109,0.437,0.246,-0.023,-0.154,-0.137,0.482,-0.332,-0.001,-0.231,-0.218,0.757,0.591,-0.2,0.439,0.324,0.044,0.463,0.303,0.621,-0.26,0.426,0.219,0.211,-0.121,-0.085,0.191,0.07,-0.074,0.17,0.415,0.621,0.144,-0.386,0.47,-0.083,-0.173,0.088,-0.212,0.26,0.564,0.493,0.357,0.589,0.388,0.312,0.733
