,AAPL,ACRS,ADP,AFYA,AGNC,AGYS,ALT,AMGN,AMPH,AMZN,ANIP,AOSL,APDN,APLT,APVO,ARGX,ARLP,ATEX,ATRA,AUTL,AVDL,BCRX,BHAT,BLBD,BMRN,BNGO,BUSE,CAKE,CASY,CCOI,CEVA,CHY,CLDX,CLMT,COHU,COLM,COST,CPRT,CSWC,CSX,DBX,DCOM,DKNG,DMLP,DOX,EA,EDIT,ENPH,ENSG,ERNA,ESGR,ETNB,EXTR,FANG,FARO,FATE,FGEN,FIVE,FIVN,FLGT,FOLD,FORM,FOXA,FRPT,FSLR,FTAI,GBDC,GDYN,GGAL,GNLN,GRFS,GT,HCAT,HCM,HFWA,HOLX,HQY,HUBG,IAC,ICLR,IDCC,IEP,IHRT,ILMN,ILPT,IMAB,IMOS,INMD,INTZ,JAZZ,JKHY,JRVR,KIDS,LBRDK,LGND,LMAT,LPLA,LULU,MASI,MAT,MATW,MBIN,MBIO,MCRB,MDB,MDLZ,MELI,MIRM,MLKN,MNMD,MNRO,MPWR,MRCY,MRSN,MTVA,NAAS,NDAQ,NDSN,NEGG,NOVT,NVDA,NWE,NWSA,NXST,OCX,ODFL,OMAB,OPCH,OPRA,ORGO,OTRK,OZK,PAGP,PCH,PEGA,PENG,PENN,PFBC,PGNY,PHAT,PHUN,PINC,PLUG,PLXS,PYPL,QLYS,QNCX,QQQX,QVCGA,RAPT,RBBN,RCKT,REPL,RMBS,ROAD,ROKU,ROP,RUSHA,SANM,SATS,SBCF,SBLK,SBUX,SCHL,SCSC,SDGR,SEIC,SFIX,SGRY,SKYW,SLP,SNES,STAA,STLD,STOK,SWKS,TER,TFIN,TIGO,TILE,TPIC,TTEC,TTEK,TTGT,UXIN,VERU,VLYPP,VNOM,VRNS,VRSN,WDAY,WERN,WINA,WKHS,WRLD,XP,XTKG,YY,ZION,ZM
AAPL,0.0,-0.641,0.397,-0.036,0.88,-0.562,0.599,-0.525,-0.234,0.583,0.022,0.668,-0.339,0.722,0.825,0.249,-0.159,0.581,-0.477,-0.659,-0.472,-0.405,-0.3,0.413,-0.532,-0.239,0.225,-0.272,0.395,0.555,0.566,0.648,-0.224,0.094,-0.051,-0.352,0.722,-0.261,0.829,0.717,0.127,0.262,0.526,-0.476,0.003,-0.338,0.843,0.716,-0.064,0.534,0.554,-0.629,-0.398,-0.527,0.698,0.534,-0.565,-0.317,0.628,0.656,-0.223,0.227,0.584,-0.798,0.358,0.088,0.093,0.559,0.748,0.521,0.869,0.623,0.401,0.762,-0.339,0.138,0.539,-0.22,0.501,0.62,-0.449,-0.391,0.719,-0.228,0.857,0.885,0.768,-0.386,-0.696,-0.332,0.441,0.74,0.58,0.796,-0.64,0.151,-0.42,0.683,0.684,0.542,0.171,0.673,0.212,-0.664,0.703,0.8,0.189,0.761,0.907,0.868,-0.443,0.667,0.147,-0.216,0.877,0.876,0.215,0.276,0.565,0.768,0.711,0.751,0.107,0.546,0.617,-0.52,0.273,-0.631,-0.364,-0.044,0.733,-0.255,-0.07,-0.46,0.619,0.72,-0.226,0.072,0.129,-0.123,0.508,0.351,0.828,0.017,0.477,0.728,0.661,-0.056,0.751,0.427,0.767,-0.739,-0.646,-0.364,0.017,0.823,0.608,-0.381,-0.505,-0.667,0.495,0.049,0.005,0.566,-0.095,0.487,0.891,0.634,0.309,-0.388,0.518,0.646,0.812,-0.461,0.766,0.885,0.686,0.896,0.599,-0.413,0.817,0.636,0.196,-0.358,0.369,-0.227,-0.06,-0.525,0.545,-0.021,0.316,-0.263,-0.398,0.601,0.085,-0.08,0.764,0.3,0.909,0.277
ACRS,-0.641,0.0,0.33,0.2,-0.796,0.888,-0.429,0.533,0.62,0.058,0.411,-0.125,0.248,-0.552,-0.616,0.458,0.509,-0.468,0.847,0.709,0.745,0.766,0.625,-0.01,0.818,0.511,0.14,0.6,-0.08,-0.048,-0.079,-0.36,0.411,0.014,0.57,0.725,-0.306,0.78,-0.524,-0.224,0.52,0.151,-0.168,0.668,0.538,0.816,-0.487,-0.592,0.35,-0.149,-0.294,0.722,0.9,0.716,-0.2,-0.075,0.786,0.699,-0.31,-0.233,0.684,0.203,-0.466,0.852,-0.177,0.504,0.272,-0.25,-0.516,-0.05,-0.624,-0.195,0.042,-0.292,0.466,0.403,-0.393,0.667,-0.212,-0.07,0.712,0.673,-0.279,0.693,-0.804,-0.712,-0.294,0.727,0.784,0.771,0.189,-0.529,-0.195,-0.432,0.879,0.178,0.653,-0.155,-0.223,-0.281,0.279,-0.136,0.131,0.751,-0.275,-0.565,0.384,-0.553,-0.663,-0.788,0.695,-0.307,0.195,0.7,-0.679,-0.655,0.25,0.373,-0.041,-0.136,-0.17,-0.542,0.463,-0.046,-0.639,0.825,-0.087,0.856,0.319,0.565,-0.641,0.673,0.405,0.719,-0.073,-0.544,0.705,0.291,0.445,0.398,-0.268,0.212,-0.595,0.657,0.044,-0.37,-0.491,0.63,-0.506,-0.047,-0.254,0.944,0.835,0.862,0.54,-0.481,0.025,0.688,0.768,0.803,0.083,0.163,0.553,-0.468,0.62,-0.135,-0.493,-0.422,0.285,0.665,0.046,-0.524,-0.384,0.733,-0.416,-0.555,-0.267,-0.412,-0.154,0.73,-0.69,-0.111,0.344,0.764,-0.169,0.701,0.225,0.672,0.015,0.659,0.186,0.558,0.578,-0.312,0.261,0.285,-0.817,0.366,-0.512,0.408
ADP,0.397,0.33,0.0,0.28,0.163,0.36,0.34,-0.049,0.298,0.812,0.411,0.699,-0.203,0.34,0.205,0.864,0.391,0.298,0.464,-0.032,0.269,0.374,0.438,0.554,0.305,0.306,0.386,0.272,0.394,0.646,0.659,0.349,0.095,0.06,0.674,0.404,0.478,0.605,0.403,0.615,0.82,0.427,0.461,0.112,0.747,0.554,0.403,0.218,0.29,0.475,0.267,-0.012,0.567,0.171,0.679,0.631,0.184,0.519,0.442,0.487,0.528,0.535,0.179,0.067,0.36,0.739,0.42,0.471,0.387,0.475,0.307,0.463,0.606,0.578,0.044,0.728,0.085,0.476,0.4,0.765,0.309,0.292,0.505,0.545,0.147,0.208,0.625,0.324,0.08,0.527,0.829,0.385,0.57,0.481,0.271,0.557,0.227,0.59,0.643,0.214,0.561,0.627,0.409,-0.018,0.558,0.299,0.776,0.32,0.265,0.055,0.223,0.507,0.43,0.511,0.201,0.279,0.65,0.884,0.63,0.789,0.723,0.315,0.704,0.593,-0.099,0.352,0.145,0.275,-0.028,0.633,0.131,0.454,0.382,0.282,0.704,0.324,0.521,0.322,0.652,0.308,0.275,0.802,0.361,0.806,0.688,0.503,0.259,0.686,0.376,0.457,0.621,0.196,0.15,0.556,0.644,0.473,0.823,0.329,0.238,0.051,0.701,0.091,0.628,0.074,0.605,0.52,0.559,0.344,0.73,0.246,0.719,0.214,0.52,0.273,0.412,0.44,0.598,0.594,0.653,0.334,0.23,0.666,0.739,0.496,0.319,0.6,0.359,0.15,0.728,0.82,0.707,0.33,0.227,0.447,0.448,0.323,0.021,0.83,0.532,0.771
AFYA,-0.036,0.2,0.28,0.0,-0.117,0.394,-0.002,-0.289,-0.208,0.432,-0.259,0.285,-0.198,-0.049,-0.07,0.175,0.611,0.271,0.337,0.144,0.194,0.412,0.569,0.606,0.339,0.327,-0.321,-0.013,-0.321,0.159,0.53,0.323,-0.451,-0.44,0.704,0.397,0.206,0.375,-0.09,-0.191,0.445,-0.18,0.524,0.154,0.598,0.365,-0.009,0.046,-0.02,-0.081,-0.194,0.014,0.288,0.277,0.372,0.377,-0.191,0.582,0.306,0.058,0.017,0.727,0.436,0.33,0.566,0.632,0.076,0.334,0.197,0.073,-0.073,0.04,0.416,0.001,-0.279,0.277,-0.611,-0.113,0.301,0.39,0.269,0.177,-0.232,0.303,-0.232,-0.203,0.186,-0.02,0.174,0.382,0.173,-0.053,0.167,-0.006,0.355,0.376,0.334,0.263,0.121,-0.123,-0.291,-0.048,0.439,0.093,0.183,-0.3,0.597,-0.118,-0.117,-0.125,0.271,0.474,0.508,0.426,-0.211,-0.227,0.713,0.481,0.302,0.17,0.386,-0.32,0.12,0.024,-0.29,0.377,-0.299,0.232,0.136,0.182,0.109,0.002,0.184,0.146,0.221,0.11,0.541,-0.333,0.261,0.184,0.316,0.15,0.169,0.31,0.509,0.294,0.004,0.372,-0.143,0.359,0.082,0.291,-0.125,0.537,0.153,0.23,0.332,-0.034,0.026,-0.023,-0.093,-0.035,0.26,-0.187,-0.029,0.481,0.061,0.503,-0.068,0.05,0.437,0.245,-0.026,0.142,0.037,0.227,0.53,0.146,0.096,0.251,0.093,0.357,0.311,0.524,0.524,0.238,0.434,0.238,0.21,0.335,0.364,0.049,-0.242,0.205,-0.002,0.778,-0.178,0.459,-0.007,0.19
AGNC,0.88,-0.796,0.163,-0.117,0.0,-0.652,0.678,-0.602,-0.449,0.419,-0.043,0.575,-0.352,0.784,0.859,0.094,-0.24,0.66,-0.59,-0.772,-0.609,-0.568,-0.402,0.372,-0.66,-0.346,0.107,-0.405,0.466,0.44,0.488,0.638,-0.287,0.104,-0.223,-0.541,0.668,-0.538,0.861,0.674,0.001,0.117,0.501,-0.567,-0.114,-0.528,0.838,0.789,-0.146,0.568,0.498,-0.753,-0.576,-0.591,0.674,0.515,-0.714,-0.448,0.624,0.599,-0.321,0.038,0.628,-0.905,0.385,-0.075,0.05,0.547,0.833,0.441,0.931,0.518,0.29,0.685,-0.446,-0.008,0.499,-0.372,0.492,0.548,-0.563,-0.509,0.696,-0.442,0.979,0.892,0.759,-0.507,-0.772,-0.389,0.284,0.834,0.594,0.805,-0.753,0.14,-0.556,0.527,0.666,0.488,0.077,0.578,0.204,-0.763,0.7,0.78,0.061,0.771,0.881,0.91,-0.59,0.635,0.038,-0.377,0.913,0.901,0.087,0.136,0.525,0.643,0.616,0.818,-0.005,0.483,0.699,-0.705,0.224,-0.736,-0.418,-0.186,0.807,-0.39,-0.067,-0.533,0.548,0.78,-0.403,-0.055,-0.007,-0.073,0.527,0.322,0.884,-0.189,0.389,0.723,0.761,-0.263,0.742,0.332,0.701,-0.856,-0.792,-0.589,-0.098,0.823,0.381,-0.495,-0.661,-0.788,0.366,-0.044,-0.213,0.699,-0.225,0.496,0.843,0.668,0.197,-0.53,0.442,0.683,0.8,-0.589,0.829,0.835,0.596,0.788,0.584,-0.579,0.899,0.538,0.098,-0.502,0.391,-0.327,0.048,-0.542,0.473,-0.236,0.215,-0.444,-0.489,0.654,0.102,-0.105,0.937,0.118,0.89,0.075
AGYS,-0.562,0.888,0.36,0.394,-0.652,0.0,-0.225,0.265,0.426,0.221,0.268,0.081,0.048,-0.359,-0.459,0.464,0.686,-0.157,0.822,0.522,0.595,0.692,0.71,0.24,0.709,0.436,-0.049,0.411,-0.071,0.093,0.163,-0.217,0.141,-0.16,0.688,0.641,-0.084,0.699,-0.393,-0.209,0.639,-0.031,0.08,0.575,0.663,0.741,-0.343,-0.345,0.292,-0.083,-0.404,0.504,0.818,0.638,-0.0,0.162,0.51,0.804,-0.091,-0.098,0.574,0.364,-0.207,0.75,0.15,0.621,0.207,0.01,-0.292,-0.051,-0.478,-0.214,0.248,-0.165,0.208,0.496,-0.575,0.503,0.034,0.096,0.634,0.534,-0.264,0.582,-0.673,-0.613,-0.134,0.564,0.716,0.819,0.235,-0.327,0.011,-0.302,0.789,0.369,0.565,-0.066,-0.068,-0.305,0.115,-0.101,0.287,0.612,-0.071,-0.61,0.555,-0.423,-0.594,-0.677,0.571,-0.027,0.244,0.651,-0.609,-0.571,0.438,0.51,0.154,-0.029,0.029,-0.537,0.419,-0.038,-0.612,0.735,-0.206,0.759,0.394,0.597,-0.388,0.501,0.393,0.612,0.086,-0.305,0.695,0.065,0.461,0.552,-0.093,0.344,-0.341,0.649,0.223,-0.13,-0.282,0.558,-0.501,0.149,-0.188,0.846,0.617,0.849,0.485,-0.247,0.039,0.516,0.573,0.635,0.015,0.01,0.487,-0.393,0.5,0.152,-0.333,-0.168,0.209,0.481,0.26,-0.261,-0.285,0.593,-0.266,-0.365,-0.008,-0.264,-0.0,0.575,-0.442,0.048,0.416,0.755,0.12,0.723,0.545,0.624,0.128,0.621,0.32,0.398,0.344,-0.047,0.258,0.546,-0.684,0.427,-0.376,0.31
ALT,0.599,-0.429,0.34,-0.002,0.678,-0.225,0.0,-0.723,-0.083,0.547,-0.258,0.762,-0.723,0.928,0.643,0.333,0.077,0.825,-0.3,-0.873,-0.631,-0.587,-0.358,0.495,-0.609,-0.528,-0.271,-0.536,0.239,0.777,0.705,0.157,-0.477,-0.38,-0.103,-0.59,0.719,-0.229,0.647,0.416,0.292,-0.33,0.66,-0.644,0.029,-0.413,0.706,0.876,-0.497,0.556,-0.093,-0.859,-0.361,-0.691,0.628,0.752,-0.643,-0.069,0.843,0.757,-0.131,-0.042,0.434,-0.647,0.687,0.108,-0.341,0.872,0.518,0.438,0.555,-0.005,0.737,0.738,-0.758,0.559,0.139,-0.325,0.664,0.621,-0.645,-0.67,0.359,-0.38,0.725,0.81,0.579,-0.556,-0.506,-0.214,0.212,0.678,0.834,0.494,-0.607,0.674,-0.724,0.309,0.853,-0.11,-0.154,0.267,0.237,-0.791,0.812,0.334,0.263,0.918,0.432,0.486,-0.754,0.761,-0.308,-0.321,0.646,0.795,0.229,0.273,0.714,0.649,0.726,0.389,-0.142,0.094,0.11,-0.591,-0.286,-0.535,0.131,0.217,0.756,-0.494,-0.34,-0.619,0.757,0.941,-0.386,-0.393,0.104,0.208,0.492,0.518,0.799,-0.046,0.601,0.832,0.906,-0.277,0.407,0.741,0.438,-0.612,-0.57,-0.303,-0.225,0.812,0.232,-0.605,-0.689,-0.713,0.062,-0.599,-0.245,0.151,-0.27,0.753,0.782,0.523,0.081,-0.682,0.518,0.834,0.615,-0.673,0.71,0.768,0.68,0.617,0.502,-0.7,0.835,0.626,0.17,-0.452,0.487,0.152,0.275,-0.628,0.755,-0.043,0.65,-0.335,-0.537,0.927,-0.17,0.02,0.562,0.258,0.715,0.095
AMGN,-0.525,0.533,-0.049,-0.289,-0.602,0.265,-0.723,0.0,0.354,-0.452,0.56,-0.568,0.843,-0.732,-0.593,-0.009,-0.185,-0.832,0.503,0.803,0.642,0.609,0.279,-0.694,0.628,0.628,0.589,0.771,0.14,-0.54,-0.7,-0.329,0.859,0.579,0.038,0.571,-0.607,0.395,-0.437,-0.086,-0.178,0.549,-0.803,0.664,0.019,0.504,-0.549,-0.781,0.581,-0.434,0.122,0.824,0.443,0.667,-0.542,-0.613,0.873,0.07,-0.863,-0.593,0.583,-0.275,-0.566,0.585,-0.674,-0.021,0.454,-0.848,-0.584,-0.364,-0.51,0.1,-0.623,-0.54,0.909,-0.271,0.224,0.686,-0.805,-0.57,0.689,0.721,-0.082,0.442,-0.603,-0.677,-0.497,0.8,0.466,0.284,0.02,-0.485,-0.653,-0.373,0.6,-0.444,0.664,-0.201,-0.582,0.154,0.586,-0.004,-0.215,0.758,-0.698,-0.04,-0.261,-0.711,-0.369,-0.586,0.671,-0.83,0.081,0.259,-0.48,-0.651,-0.231,-0.125,-0.605,-0.422,-0.628,-0.143,0.407,0.035,-0.119,0.647,0.479,0.723,0.026,0.199,-0.821,0.732,0.424,0.718,-0.558,-0.839,0.309,0.704,0.187,-0.103,-0.483,-0.264,-0.771,0.246,-0.581,-0.793,-0.799,0.503,-0.134,-0.682,-0.297,0.632,0.835,0.304,0.432,-0.774,-0.152,0.83,0.835,0.837,0.181,0.562,0.419,-0.162,0.607,-0.759,-0.665,-0.608,0.26,0.81,-0.428,-0.91,-0.346,0.799,-0.553,-0.79,-0.745,-0.553,-0.192,0.695,-0.821,-0.611,0.047,0.362,-0.784,0.19,-0.311,0.618,-0.521,0.222,-0.556,0.724,0.911,-0.736,0.45,-0.356,-0.573,-0.13,-0.563,0.088
AMPH,-0.234,0.62,0.298,-0.208,-0.449,0.426,-0.083,0.354,0.0,0.126,0.385,0.066,0.034,-0.184,-0.279,0.439,0.275,-0.311,0.51,0.296,0.356,0.317,0.14,-0.096,0.373,0.131,0.246,0.436,0.106,0.24,-0.01,-0.416,0.423,0.081,0.171,0.333,-0.034,0.646,-0.173,0.028,0.357,0.167,-0.061,0.381,0.156,0.491,-0.113,-0.228,0.134,0.092,-0.099,0.412,0.553,0.239,-0.154,0.017,0.638,0.368,-0.092,0.177,0.539,-0.077,-0.453,0.375,-0.202,0.268,0.023,-0.062,-0.472,0.189,-0.367,-0.109,0.207,0.069,0.326,0.509,0.05,0.611,-0.023,-0.011,0.249,0.271,0.003,0.46,-0.397,-0.166,-0.232,0.471,0.457,0.37,0.21,-0.324,0.02,-0.184,0.427,0.205,0.192,0.042,0.057,-0.142,0.273,0.013,0.047,0.398,-0.016,-0.2,0.178,-0.1,-0.305,-0.522,0.269,-0.208,-0.105,0.367,-0.319,-0.178,0.045,0.215,0.066,0.105,-0.045,-0.2,0.268,-0.011,-0.356,0.402,0.021,0.483,0.455,0.601,-0.312,0.456,0.076,0.304,0.184,-0.205,0.332,0.315,0.421,0.29,-0.124,0.177,-0.348,0.502,0.112,-0.141,-0.137,0.332,-0.149,0.158,-0.076,0.465,0.633,0.515,0.321,-0.226,0.029,0.416,0.5,0.531,0.164,-0.016,0.443,-0.381,0.442,-0.076,-0.126,-0.433,0.38,0.369,0.055,-0.245,-0.057,0.36,-0.178,-0.252,-0.19,-0.115,-0.081,0.355,-0.381,0.058,0.206,0.262,-0.235,0.539,-0.135,0.215,0.23,0.486,0.305,0.475,0.392,-0.111,0.064,-0.182,-0.517,0.206,-0.175,0.497
AMZN,0.583,0.058,0.812,0.432,0.419,0.221,0.547,-0.452,0.126,0.0,0.199,0.867,-0.464,0.54,0.495,0.755,0.535,0.618,0.26,-0.315,-0.016,0.151,0.326,0.785,0.056,0.085,0.066,-0.017,0.381,0.728,0.89,0.538,-0.264,-0.14,0.604,0.182,0.809,0.423,0.579,0.579,0.792,0.15,0.796,-0.043,0.679,0.287,0.676,0.568,0.137,0.626,0.214,-0.293,0.328,-0.058,0.852,0.855,-0.241,0.502,0.72,0.744,0.253,0.643,0.456,-0.208,0.64,0.693,0.225,0.726,0.624,0.567,0.526,0.472,0.801,0.769,-0.327,0.666,-0.061,0.156,0.727,0.914,0.013,-0.022,0.534,0.312,0.375,0.45,0.782,-0.029,-0.116,0.386,0.734,0.609,0.792,0.611,0.031,0.69,-0.016,0.748,0.785,0.231,0.231,0.578,0.557,-0.258,0.837,0.301,0.86,0.511,0.44,0.32,0.002,0.809,0.476,0.39,0.367,0.482,0.8,0.862,0.838,0.886,0.903,0.346,0.458,0.562,0.075,0.102,0.005,0.003,-0.012,0.547,0.551,0.106,0.259,0.017,0.839,0.614,0.41,-0.005,0.623,0.437,0.57,0.783,0.688,0.642,0.887,0.826,0.551,0.415,0.414,0.736,0.706,-0.065,-0.25,0.392,0.45,0.777,0.758,-0.014,-0.098,-0.245,0.512,-0.074,0.451,0.225,0.291,0.827,0.764,0.65,0.571,-0.062,0.887,0.578,0.692,-0.028,0.631,0.7,0.827,0.773,0.647,0.041,0.576,0.828,0.737,0.326,0.652,0.447,0.496,-0.032,0.832,0.612,0.83,0.029,-0.227,0.7,0.268,0.472,0.266,0.694,0.694,0.71
ANIP,0.022,0.411,0.411,-0.259,-0.043,0.268,-0.258,0.56,0.385,0.199,0.0,0.121,0.531,-0.237,0.076,0.536,0.169,-0.36,0.508,0.452,0.556,0.573,0.374,-0.092,0.555,0.596,0.799,0.776,0.734,-0.014,-0.068,0.293,0.781,0.783,0.312,0.552,0.061,0.412,0.261,0.595,0.375,0.789,-0.163,0.634,0.411,0.592,0.178,-0.252,0.807,0.33,0.577,0.546,0.579,0.606,0.188,0.072,0.611,0.173,-0.279,0.082,0.699,0.078,-0.099,0.133,-0.341,0.38,0.794,-0.314,0.115,0.222,0.197,0.613,-0.187,0.144,0.724,0.066,0.413,0.817,-0.132,0.159,0.565,0.692,0.601,0.554,-0.055,-0.152,0.272,0.787,0.312,0.597,0.602,0.144,0.004,0.38,0.478,-0.135,0.564,0.407,0.088,0.589,0.829,0.6,0.317,0.534,0.06,0.352,0.284,-0.26,0.191,-0.094,0.589,-0.199,0.413,0.519,0.029,-0.073,0.189,0.433,0.123,0.299,0.055,0.399,0.821,0.701,0.287,0.435,0.707,0.514,-0.139,0.443,-0.215,0.84,0.798,0.703,0.15,-0.305,0.53,0.846,0.633,0.321,0.124,0.401,-0.106,0.665,0.086,-0.143,-0.183,0.623,0.333,-0.214,0.451,0.377,0.464,0.346,0.834,-0.078,0.268,0.785,0.676,0.552,0.752,0.661,0.72,0.462,0.866,-0.128,0.037,-0.082,0.795,0.721,0.312,-0.417,0.362,0.689,0.2,-0.164,-0.165,0.155,0.382,0.62,-0.236,0.085,0.439,0.457,-0.246,0.312,0.093,0.625,0.087,0.537,-0.023,0.456,0.672,-0.188,0.824,-0.091,-0.032,0.301,0.158,0.57
AOSL,0.668,-0.125,0.699,0.285,0.575,0.081,0.762,-0.568,0.066,0.867,0.121,0.0,-0.522,0.719,0.673,0.696,0.463,0.7,0.073,-0.524,-0.223,-0.07,0.13,0.745,-0.144,-0.031,0.022,-0.107,0.428,0.818,0.913,0.514,-0.287,-0.175,0.425,-0.03,0.872,0.213,0.73,0.634,0.706,0.062,0.818,-0.207,0.494,0.088,0.795,0.728,-0.013,0.697,0.202,-0.513,0.109,-0.231,0.873,0.925,-0.393,0.288,0.834,0.809,0.165,0.448,0.563,-0.426,0.711,0.592,0.111,0.846,0.64,0.657,0.628,0.393,0.839,0.804,-0.455,0.671,0.092,0.061,0.758,0.867,-0.219,-0.189,0.583,0.139,0.554,0.649,0.828,-0.151,-0.251,0.234,0.609,0.7,0.869,0.719,-0.187,0.667,-0.234,0.741,0.905,0.215,0.127,0.566,0.607,-0.435,0.907,0.384,0.689,0.698,0.537,0.42,-0.263,0.889,0.211,0.196,0.553,0.657,0.651,0.717,0.9,0.895,0.951,0.403,0.331,0.503,0.162,-0.143,-0.006,-0.176,0.134,0.489,0.708,-0.038,0.148,-0.202,0.937,0.789,0.201,-0.071,0.588,0.425,0.695,0.747,0.806,0.478,0.894,0.892,0.781,0.223,0.504,0.773,0.726,-0.291,-0.382,0.179,0.285,0.874,0.583,-0.202,-0.289,-0.421,0.443,-0.183,0.327,0.314,0.174,0.882,0.85,0.71,0.489,-0.243,0.887,0.735,0.773,-0.233,0.788,0.829,0.87,0.805,0.696,-0.219,0.74,0.882,0.502,0.054,0.64,0.329,0.446,-0.199,0.881,0.414,0.788,-0.069,-0.332,0.837,0.222,0.34,0.44,0.641,0.801,0.519
APDN,-0.339,0.248,-0.203,-0.198,-0.352,0.048,-0.723,0.843,0.034,-0.464,0.531,-0.522,0.0,-0.682,-0.329,-0.162,-0.191,-0.759,0.301,0.715,0.507,0.54,0.247,-0.647,0.511,0.66,0.601,0.754,0.225,-0.616,-0.662,-0.013,0.785,0.687,-0.017,0.484,-0.49,0.168,-0.221,0.015,-0.307,0.609,-0.714,0.643,-0.06,0.339,-0.361,-0.649,0.663,-0.373,0.332,0.701,0.222,0.642,-0.406,-0.557,0.615,-0.125,-0.824,-0.55,0.387,-0.209,-0.243,0.337,-0.614,-0.059,0.581,-0.834,-0.342,-0.318,-0.249,0.297,-0.707,-0.502,0.85,-0.535,0.318,0.536,-0.759,-0.525,0.576,0.677,0.054,0.3,-0.388,-0.534,-0.345,0.688,0.277,0.164,-0.02,-0.305,-0.661,-0.152,0.43,-0.603,0.653,-0.067,-0.556,0.395,0.505,0.111,-0.063,0.646,-0.614,0.147,-0.317,-0.693,-0.113,-0.309,0.624,-0.699,0.204,0.194,-0.28,-0.525,-0.2,-0.2,-0.55,-0.401,-0.567,0.009,0.364,0.184,0.238,0.486,0.63,0.539,-0.125,-0.018,-0.598,0.635,0.519,0.639,-0.555,-0.744,0.268,0.717,0.151,-0.172,-0.251,-0.376,-0.573,0.113,-0.563,-0.71,-0.68,0.412,0.067,-0.694,-0.134,0.401,0.513,0.096,0.395,-0.613,-0.192,0.71,0.676,0.681,0.207,0.714,0.39,0.167,0.502,-0.684,-0.56,-0.35,0.203,0.741,-0.353,-0.801,-0.181,0.698,-0.334,-0.619,-0.64,-0.422,-0.106,0.589,-0.615,-0.551,-0.052,0.242,-0.69,-0.094,-0.285,0.614,-0.613,0.026,-0.703,0.581,0.729,-0.697,0.544,-0.311,-0.282,-0.214,-0.411,-0.025
APLT,0.722,-0.552,0.34,-0.049,0.784,-0.359,0.928,-0.732,-0.184,0.54,-0.237,0.719,-0.682,0.0,0.661,0.298,-0.08,0.831,-0.433,-0.905,-0.66,-0.634,-0.363,0.474,-0.706,-0.537,-0.17,-0.531,0.26,0.751,0.654,0.255,-0.471,-0.293,-0.147,-0.632,0.707,-0.31,0.726,0.507,0.226,-0.206,0.638,-0.69,-0.014,-0.485,0.736,0.907,-0.443,0.546,0.051,-0.884,-0.436,-0.734,0.652,0.7,-0.695,-0.162,0.816,0.754,-0.233,-0.019,0.485,-0.767,0.631,0.032,-0.243,0.832,0.631,0.415,0.683,0.129,0.682,0.826,-0.706,0.456,0.225,-0.379,0.651,0.645,-0.642,-0.691,0.484,-0.454,0.82,0.877,0.648,-0.573,-0.643,-0.273,0.279,0.768,0.821,0.586,-0.705,0.566,-0.743,0.348,0.853,0.052,-0.068,0.408,0.21,-0.859,0.822,0.468,0.214,0.938,0.567,0.663,-0.767,0.757,-0.253,-0.369,0.755,0.861,0.171,0.264,0.696,0.673,0.729,0.516,-0.106,0.215,0.287,-0.654,-0.188,-0.646,-0.085,0.092,0.783,-0.498,-0.33,-0.653,0.723,0.947,-0.419,-0.309,0.061,0.142,0.474,0.526,0.864,-0.1,0.534,0.836,0.884,-0.312,0.47,0.669,0.491,-0.715,-0.65,-0.396,-0.221,0.857,0.31,-0.614,-0.747,-0.782,0.18,-0.493,-0.248,0.269,-0.281,0.703,0.853,0.59,0.134,-0.692,0.517,0.839,0.693,-0.69,0.714,0.819,0.684,0.726,0.519,-0.704,0.896,0.6,0.182,-0.499,0.487,0.069,0.211,-0.685,0.715,-0.075,0.554,-0.389,-0.548,0.894,-0.105,-0.026,0.651,0.252,0.815,0.087
APVO,0.825,-0.616,0.205,-0.07,0.859,-0.459,0.643,-0.593,-0.279,0.495,0.076,0.673,-0.329,0.661,0.0,0.193,0.028,0.578,-0.41,-0.649,-0.46,-0.411,-0.331,0.433,-0.471,-0.229,0.091,-0.275,0.461,0.461,0.564,0.665,-0.236,0.078,-0.111,-0.376,0.747,-0.365,0.842,0.626,0.121,0.11,0.58,-0.408,-0.027,-0.378,0.859,0.715,-0.049,0.641,0.466,-0.615,-0.398,-0.464,0.671,0.592,-0.621,-0.318,0.64,0.661,-0.223,0.14,0.594,-0.806,0.377,0.101,0.072,0.573,0.732,0.569,0.852,0.502,0.364,0.672,-0.409,0.062,0.423,-0.256,0.581,0.567,-0.54,-0.393,0.648,-0.223,0.838,0.833,0.739,-0.405,-0.55,-0.251,0.286,0.736,0.591,0.785,-0.583,0.174,-0.432,0.618,0.662,0.464,0.01,0.518,0.339,-0.574,0.736,0.649,0.183,0.687,0.814,0.771,-0.458,0.676,0.089,-0.158,0.791,0.826,0.217,0.201,0.608,0.661,0.654,0.652,0.037,0.473,0.62,-0.581,0.212,-0.586,-0.177,-0.035,0.818,-0.287,0.009,-0.448,0.621,0.714,-0.214,-0.024,0.163,0.12,0.667,0.318,0.824,-0.017,0.529,0.716,0.78,-0.181,0.686,0.463,0.743,-0.707,-0.697,-0.414,-0.018,0.806,0.33,-0.433,-0.516,-0.652,0.351,-0.026,-0.025,0.673,-0.147,0.569,0.807,0.633,0.217,-0.417,0.544,0.672,0.779,-0.496,0.846,0.818,0.609,0.779,0.51,-0.476,0.814,0.644,0.115,-0.376,0.456,-0.311,0.131,-0.412,0.497,-0.12,0.31,-0.392,-0.494,0.627,0.1,-0.013,0.815,0.18,0.823,0.167
ARGX,0.249,0.458,0.864,0.175,0.094,0.464,0.333,-0.009,0.439,0.755,0.536,0.696,-0.162,0.298,0.193,0.0,0.516,0.196,0.556,0.024,0.326,0.416,0.451,0.506,0.364,0.356,0.355,0.412,0.492,0.594,0.605,0.269,0.203,0.104,0.64,0.426,0.497,0.615,0.386,0.598,0.864,0.382,0.467,0.252,0.743,0.59,0.395,0.186,0.336,0.603,0.217,0.064,0.654,0.26,0.613,0.656,0.262,0.546,0.424,0.516,0.623,0.394,0.124,0.089,0.312,0.747,0.445,0.435,0.286,0.521,0.258,0.392,0.599,0.585,0.072,0.725,0.059,0.566,0.418,0.706,0.283,0.325,0.513,0.581,0.072,0.157,0.586,0.418,0.209,0.648,0.75,0.334,0.613,0.441,0.352,0.597,0.223,0.573,0.642,0.172,0.545,0.577,0.536,0.071,0.59,0.198,0.753,0.244,0.172,-0.016,0.241,0.452,0.34,0.622,0.137,0.236,0.604,0.835,0.707,0.726,0.656,0.235,0.723,0.583,-0.11,0.359,0.132,0.364,0.102,0.7,0.154,0.523,0.484,0.341,0.74,0.281,0.579,0.339,0.785,0.562,0.346,0.835,0.302,0.841,0.705,0.473,0.323,0.64,0.282,0.486,0.589,0.282,0.235,0.584,0.693,0.411,0.604,0.374,0.305,0.133,0.653,0.102,0.692,0.141,0.666,0.541,0.458,0.29,0.775,0.315,0.728,0.168,0.536,0.325,0.455,0.336,0.464,0.479,0.553,0.334,0.174,0.613,0.72,0.478,0.305,0.698,0.394,0.257,0.752,0.798,0.716,0.341,0.234,0.436,0.519,0.26,-0.039,0.769,0.453,0.798
ARLP,-0.159,0.509,0.391,0.611,-0.24,0.686,0.077,-0.185,0.275,0.535,0.169,0.463,-0.191,-0.08,0.028,0.516,0.0,0.201,0.614,0.223,0.38,0.535,0.664,0.63,0.522,0.327,-0.178,0.215,0.05,0.314,0.546,0.259,-0.215,-0.185,0.756,0.549,0.366,0.584,0.03,0.007,0.725,-0.109,0.574,0.496,0.737,0.602,0.13,0.063,0.255,0.281,-0.135,0.209,0.615,0.478,0.355,0.515,0.086,0.726,0.298,0.23,0.302,0.625,0.253,0.379,0.468,0.756,0.192,0.352,0.131,0.262,-0.055,0.07,0.501,0.172,-0.125,0.451,-0.577,0.306,0.499,0.447,0.354,0.359,-0.015,0.562,-0.292,-0.208,0.238,0.244,0.539,0.69,0.356,-0.02,0.32,0.129,0.553,0.452,0.403,0.396,0.212,-0.104,-0.098,0.047,0.656,0.321,0.322,-0.38,0.773,-0.126,-0.154,-0.323,0.411,0.43,0.499,0.677,-0.327,-0.221,0.729,0.636,0.469,0.279,0.39,-0.298,0.351,0.209,-0.306,0.457,-0.113,0.471,0.462,0.491,0.185,0.28,0.461,0.38,0.425,0.087,0.716,-0.146,0.57,0.536,0.433,0.414,0.136,0.647,0.643,0.309,0.125,0.418,-0.133,0.45,0.208,0.47,0.108,0.714,0.457,0.22,0.152,0.22,0.294,0.263,0.069,0.022,0.515,-0.046,0.307,0.573,0.085,0.298,0.249,0.266,0.616,0.184,0.093,0.339,0.156,0.121,0.411,0.141,0.207,0.371,0.029,0.433,0.375,0.628,0.55,0.466,0.619,0.524,0.341,0.54,0.564,0.117,-0.107,0.228,0.208,0.751,-0.24,0.445,0.014,0.37
ATEX,0.581,-0.468,0.298,0.271,0.66,-0.157,0.825,-0.832,-0.311,0.618,-0.36,0.7,-0.759,0.831,0.578,0.196,0.201,0.0,-0.295,-0.794,-0.568,-0.47,-0.123,0.677,-0.556,-0.488,-0.396,-0.66,0.088,0.659,0.762,0.372,-0.724,-0.427,0.102,-0.475,0.71,-0.221,0.595,0.301,0.316,-0.382,0.773,-0.568,0.193,-0.357,0.671,0.883,-0.38,0.47,-0.051,-0.81,-0.33,-0.58,0.655,0.76,-0.782,0.108,0.812,0.688,-0.325,0.317,0.606,-0.575,0.816,0.153,-0.27,0.858,0.7,0.294,0.597,0.077,0.712,0.686,-0.799,0.408,-0.157,-0.458,0.81,0.698,-0.492,-0.598,0.28,-0.361,0.668,0.672,0.622,-0.623,-0.449,-0.12,0.303,0.719,0.782,0.527,-0.521,0.611,-0.56,0.349,0.697,-0.018,-0.269,0.244,0.325,-0.711,0.788,0.212,0.43,0.77,0.448,0.545,-0.595,0.844,0.033,-0.264,0.536,0.636,0.415,0.376,0.67,0.583,0.735,0.347,-0.149,0.159,0.167,-0.51,-0.261,-0.542,-0.014,0.109,0.822,-0.553,-0.254,-0.522,0.647,0.888,-0.246,-0.537,0.031,0.211,0.507,0.487,0.868,-0.031,0.613,0.865,0.777,-0.275,0.318,0.691,0.399,-0.564,-0.716,-0.216,-0.211,0.845,0.3,-0.611,-0.701,-0.729,0.019,-0.509,-0.273,0.207,-0.359,0.815,0.772,0.705,-0.003,-0.658,0.596,0.887,0.547,-0.615,0.603,0.782,0.8,0.671,0.497,-0.587,0.87,0.619,0.245,-0.247,0.752,0.049,0.517,-0.498,0.605,-0.047,0.614,-0.494,-0.681,0.847,-0.168,0.392,0.584,0.225,0.682,0.014
ATRA,-0.477,0.847,0.464,0.337,-0.59,0.822,-0.3,0.503,0.51,0.26,0.508,0.073,0.301,-0.433,-0.41,0.556,0.614,-0.295,0.0,0.649,0.71,0.851,0.727,0.094,0.847,0.695,0.237,0.666,0.159,-0.03,0.096,-0.111,0.396,0.094,0.695,0.812,-0.048,0.856,-0.266,-0.035,0.6,0.26,-0.034,0.713,0.693,0.848,-0.24,-0.405,0.514,-0.022,-0.157,0.641,0.874,0.752,0.034,0.139,0.666,0.808,-0.235,-0.104,0.798,0.34,-0.213,0.732,0.064,0.691,0.419,-0.154,-0.289,0.009,-0.423,0.051,0.155,-0.118,0.442,0.407,-0.375,0.698,-0.097,0.097,0.747,0.696,-0.075,0.748,-0.628,-0.604,-0.106,0.733,0.691,0.822,0.387,-0.25,-0.008,-0.189,0.871,0.313,0.705,0.152,-0.057,-0.076,0.401,0.061,0.363,0.723,-0.09,-0.349,0.569,-0.486,-0.461,-0.681,0.73,-0.132,0.409,0.726,-0.565,-0.57,0.551,0.581,0.087,0.053,0.026,-0.325,0.603,0.171,-0.447,0.871,0.069,0.913,0.381,0.733,-0.448,0.728,0.577,0.784,0.079,-0.399,0.803,0.337,0.678,0.532,-0.003,0.321,-0.365,0.766,0.235,-0.173,-0.345,0.757,-0.187,0.074,-0.049,0.857,0.718,0.852,0.681,-0.27,0.156,0.742,0.781,0.743,0.217,0.223,0.742,-0.294,0.69,0.062,-0.307,-0.102,0.444,0.693,0.279,-0.415,-0.109,0.795,-0.248,-0.398,-0.086,-0.212,0.067,0.745,-0.501,0.04,0.605,0.792,-0.036,0.707,0.426,0.745,0.107,0.725,0.254,0.667,0.546,-0.147,0.493,0.357,-0.642,0.412,-0.325,0.494
AUTL,-0.659,0.709,-0.032,0.144,-0.772,0.522,-0.873,0.803,0.296,-0.315,0.452,-0.524,0.715,-0.905,-0.649,0.024,0.223,-0.794,0.649,0.0,0.852,0.847,0.593,-0.346,0.858,0.743,0.37,0.747,-0.115,-0.574,-0.498,-0.147,0.584,0.379,0.4,0.834,-0.6,0.553,-0.585,-0.287,0.05,0.434,-0.524,0.828,0.295,0.734,-0.652,-0.876,0.613,-0.429,0.072,0.964,0.676,0.885,-0.469,-0.519,0.827,0.357,-0.746,-0.651,0.455,0.147,-0.432,0.826,-0.521,0.26,0.502,-0.743,-0.536,-0.268,-0.597,0.066,-0.512,-0.632,0.809,-0.242,-0.2,0.609,-0.57,-0.428,0.822,0.875,-0.285,0.683,-0.827,-0.866,-0.464,0.782,0.735,0.526,0.011,-0.655,-0.653,-0.432,0.868,-0.398,0.897,-0.146,-0.67,0.062,0.317,-0.151,-0.014,0.927,-0.673,-0.365,0.04,-0.904,-0.494,-0.689,0.9,-0.653,0.397,0.586,-0.736,-0.845,0.029,0.039,-0.51,-0.463,-0.544,-0.424,0.42,0.022,-0.292,0.828,0.309,0.82,0.099,0.16,-0.784,0.751,0.551,0.817,-0.503,-0.9,0.653,0.483,0.227,0.035,-0.399,-0.246,-0.783,0.406,-0.335,-0.738,-0.849,0.587,-0.354,-0.572,-0.289,0.852,0.78,0.61,0.499,-0.749,-0.102,0.802,0.902,0.872,0.097,0.602,0.53,-0.22,0.558,-0.563,-0.731,-0.476,0.171,0.87,-0.274,-0.84,-0.511,0.875,-0.614,-0.749,-0.562,-0.555,-0.31,0.898,-0.871,-0.431,0.073,0.7,-0.424,0.167,-0.076,0.825,-0.514,0.385,-0.38,0.57,0.715,-0.79,0.374,0.116,-0.697,0.057,-0.669,0.172
AVDL,-0.472,0.745,0.269,0.194,-0.609,0.595,-0.631,0.642,0.356,-0.016,0.556,-0.223,0.507,-0.66,-0.46,0.326,0.38,-0.568,0.71,0.852,0.0,0.855,0.656,-0.068,0.847,0.729,0.436,0.721,0.027,-0.278,-0.201,0.017,0.509,0.353,0.571,0.862,-0.381,0.639,-0.372,-0.054,0.347,0.497,-0.255,0.762,0.534,0.829,-0.429,-0.668,0.619,-0.18,0.159,0.847,0.801,0.844,-0.195,-0.229,0.779,0.467,-0.469,-0.416,0.527,0.307,-0.333,0.739,-0.331,0.474,0.586,-0.469,-0.319,-0.016,-0.394,0.193,-0.262,-0.346,0.703,0.018,-0.19,0.683,-0.298,-0.095,0.807,0.868,-0.078,0.804,-0.667,-0.678,-0.181,0.774,0.728,0.682,0.286,-0.461,-0.365,-0.203,0.85,-0.172,0.847,0.039,-0.382,0.103,0.429,0.079,0.164,0.81,-0.382,-0.268,0.301,-0.678,-0.349,-0.567,0.864,-0.388,0.49,0.741,-0.589,-0.641,0.205,0.323,-0.207,-0.144,-0.252,-0.266,0.582,0.235,-0.273,0.795,0.311,0.773,0.067,0.321,-0.607,0.805,0.638,0.805,-0.184,-0.675,0.764,0.506,0.379,0.156,-0.26,0.078,-0.553,0.623,-0.034,-0.473,-0.624,0.688,-0.226,-0.349,-0.032,0.809,0.708,0.713,0.659,-0.495,0.141,0.788,0.858,0.767,0.312,0.545,0.644,-0.118,0.678,-0.301,-0.453,-0.322,0.38,0.834,-0.004,-0.635,-0.278,0.831,-0.368,-0.508,-0.292,-0.283,-0.083,0.904,-0.679,-0.135,0.266,0.782,-0.211,0.319,0.104,0.795,-0.2,0.614,-0.076,0.512,0.647,-0.531,0.481,0.251,-0.58,0.341,-0.403,0.366
BCRX,-0.405,0.766,0.374,0.412,-0.568,0.692,-0.587,0.609,0.317,0.151,0.573,-0.07,0.54,-0.634,-0.411,0.416,0.535,-0.47,0.851,0.847,0.855,0.0,0.813,0.046,0.931,0.863,0.416,0.793,0.094,-0.211,-0.043,0.148,0.475,0.32,0.743,0.959,-0.201,0.766,-0.271,-0.002,0.468,0.507,-0.123,0.845,0.686,0.907,-0.296,-0.596,0.713,-0.132,0.159,0.818,0.855,0.921,-0.018,-0.055,0.711,0.642,-0.403,-0.306,0.658,0.474,-0.116,0.739,-0.141,0.668,0.668,-0.38,-0.214,-0.011,-0.33,0.304,-0.111,-0.258,0.66,0.096,-0.254,0.709,-0.233,0.028,0.886,0.92,-0.007,0.848,-0.654,-0.679,-0.068,0.828,0.691,0.78,0.396,-0.342,-0.277,-0.104,0.919,-0.048,0.939,0.231,-0.274,0.206,0.454,0.165,0.377,0.83,-0.262,-0.233,0.48,-0.664,-0.286,-0.564,0.928,-0.235,0.64,0.818,-0.54,-0.643,0.471,0.493,-0.06,-0.034,-0.083,-0.265,0.692,0.332,-0.244,0.905,0.337,0.882,0.114,0.476,-0.514,0.846,0.748,0.888,-0.092,-0.601,0.904,0.507,0.592,0.302,-0.048,0.159,-0.434,0.741,0.105,-0.337,-0.563,0.85,-0.142,-0.21,0.054,0.849,0.682,0.831,0.771,-0.359,0.229,0.836,0.876,0.778,0.35,0.604,0.781,-0.083,0.743,-0.13,-0.382,-0.075,0.445,0.886,0.205,-0.559,-0.138,0.912,-0.267,-0.414,-0.132,-0.184,0.055,0.937,-0.581,-0.037,0.443,0.891,-0.093,0.435,0.245,0.874,-0.117,0.681,-0.001,0.615,0.628,-0.417,0.591,0.412,-0.568,0.428,-0.328,0.462
BHAT,-0.3,0.625,0.438,0.569,-0.402,0.71,-0.358,0.279,0.14,0.326,0.374,0.13,0.247,-0.363,-0.331,0.451,0.664,-0.123,0.727,0.593,0.656,0.813,0.0,0.355,0.739,0.661,0.218,0.53,0.105,-0.007,0.208,0.251,0.135,0.145,0.867,0.805,-0.015,0.667,-0.118,0.055,0.622,0.306,0.159,0.728,0.807,0.819,-0.192,-0.302,0.587,-0.029,0.047,0.557,0.756,0.792,0.188,0.151,0.423,0.708,-0.13,-0.169,0.471,0.622,0.08,0.605,0.179,0.736,0.579,-0.075,0.058,0.004,-0.159,0.281,0.14,-0.084,0.353,0.226,-0.45,0.531,0.05,0.256,0.813,0.723,0.041,0.676,-0.488,-0.545,0.133,0.617,0.569,0.816,0.492,-0.13,-0.007,0.042,0.765,0.181,0.77,0.272,-0.078,0.136,0.304,0.225,0.461,0.573,-0.041,-0.264,0.664,-0.48,-0.208,-0.404,0.746,0.062,0.692,0.719,-0.445,-0.504,0.629,0.658,0.118,0.121,0.133,-0.207,0.65,0.378,-0.245,0.769,0.21,0.721,0.127,0.412,-0.262,0.642,0.703,0.731,0.106,-0.314,0.846,0.254,0.545,0.332,0.067,0.35,-0.148,0.722,0.281,-0.057,-0.347,0.731,-0.179,-0.031,0.115,0.699,0.405,0.804,0.698,-0.094,0.286,0.637,0.63,0.554,0.315,0.41,0.67,-0.024,0.618,0.16,-0.161,0.151,0.442,0.629,0.415,-0.25,-0.05,0.742,-0.144,-0.195,0.132,0.009,0.235,0.757,-0.295,0.133,0.489,0.865,0.21,0.511,0.519,0.778,0.064,0.637,0.19,0.417,0.351,-0.145,0.544,0.637,-0.427,0.5,-0.148,0.382
BLBD,0.413,-0.01,0.554,0.606,0.372,0.24,0.495,-0.694,-0.096,0.785,-0.092,0.745,-0.647,0.474,0.433,0.506,0.63,0.677,0.094,-0.346,-0.068,0.046,0.355,0.0,-0.005,-0.089,-0.216,-0.276,0.078,0.615,0.903,0.578,-0.575,-0.342,0.624,0.108,0.612,0.161,0.414,0.315,0.75,-0.133,0.929,-0.133,0.63,0.206,0.499,0.51,-0.093,0.541,0.071,-0.369,0.219,-0.057,0.779,0.767,-0.418,0.425,0.817,0.558,-0.067,0.748,0.554,-0.136,0.685,0.635,0.077,0.793,0.664,0.568,0.47,0.245,0.716,0.56,-0.525,0.547,-0.359,-0.146,0.839,0.851,-0.044,-0.09,0.269,0.192,0.309,0.357,0.706,-0.233,-0.034,0.364,0.489,0.399,0.684,0.516,-0.001,0.541,-0.064,0.529,0.633,0.052,-0.156,0.312,0.557,-0.298,0.731,-0.005,0.796,0.432,0.312,0.321,-0.063,0.874,0.468,0.371,0.264,0.398,0.669,0.703,0.767,0.683,0.812,0.156,0.241,0.382,-0.051,-0.048,-0.223,-0.173,-0.039,0.2,0.585,-0.11,0.181,-0.117,0.758,0.602,0.376,-0.334,0.297,0.322,0.533,0.638,0.659,0.427,0.877,0.781,0.58,0.19,0.143,0.637,0.559,-0.098,-0.429,0.349,0.232,0.738,0.583,-0.245,-0.271,-0.4,0.269,-0.152,0.183,0.201,0.009,0.852,0.643,0.656,0.251,-0.24,0.801,0.668,0.418,-0.197,0.556,0.709,0.872,0.657,0.479,-0.044,0.578,0.844,0.392,0.333,0.869,0.232,0.578,-0.035,0.715,0.405,0.786,-0.35,-0.513,0.638,0.041,0.758,0.308,0.662,0.569,0.421
BMRN,-0.532,0.818,0.305,0.339,-0.66,0.709,-0.609,0.628,0.373,0.056,0.555,-0.144,0.511,-0.706,-0.471,0.364,0.522,-0.556,0.847,0.858,0.847,0.931,0.739,-0.005,0.0,0.805,0.325,0.753,0.077,-0.267,-0.107,0.011,0.497,0.275,0.659,0.916,-0.292,0.75,-0.402,-0.101,0.438,0.391,-0.196,0.815,0.604,0.885,-0.392,-0.677,0.629,-0.146,0.042,0.843,0.862,0.91,-0.098,-0.113,0.757,0.63,-0.429,-0.346,0.683,0.377,-0.267,0.808,-0.25,0.578,0.547,-0.42,-0.322,-0.019,-0.458,0.133,-0.161,-0.381,0.645,0.112,-0.295,0.715,-0.289,-0.049,0.852,0.889,-0.131,0.82,-0.714,-0.747,-0.162,0.809,0.75,0.768,0.271,-0.434,-0.319,-0.216,0.953,-0.048,0.895,0.088,-0.308,0.044,0.381,-0.013,0.272,0.867,-0.329,-0.344,0.413,-0.709,-0.439,-0.666,0.911,-0.313,0.545,0.788,-0.633,-0.687,0.408,0.407,-0.14,-0.114,-0.166,-0.349,0.6,0.2,-0.367,0.914,0.214,0.902,0.168,0.429,-0.602,0.808,0.687,0.876,-0.159,-0.658,0.851,0.452,0.537,0.267,-0.085,0.104,-0.545,0.686,0.067,-0.406,-0.581,0.774,-0.234,-0.232,-0.06,0.897,0.723,0.819,0.698,-0.457,0.141,0.826,0.882,0.822,0.233,0.492,0.727,-0.171,0.704,-0.19,-0.465,-0.232,0.381,0.845,0.108,-0.595,-0.273,0.886,-0.328,-0.51,-0.229,-0.342,-0.071,0.901,-0.682,-0.084,0.369,0.875,-0.172,0.438,0.196,0.868,-0.143,0.644,0.012,0.605,0.65,-0.467,0.483,0.359,-0.607,0.325,-0.449,0.435
BNGO,-0.239,0.511,0.306,0.327,-0.346,0.436,-0.528,0.628,0.131,0.085,0.596,-0.031,0.66,-0.537,-0.229,0.356,0.327,-0.488,0.695,0.743,0.729,0.863,0.661,-0.089,0.805,0.0,0.512,0.832,0.248,-0.289,-0.085,0.248,0.573,0.41,0.586,0.84,-0.111,0.583,-0.107,0.124,0.295,0.612,-0.209,0.725,0.542,0.723,-0.173,-0.516,0.74,-0.114,0.303,0.693,0.634,0.807,0.056,-0.045,0.591,0.412,-0.415,-0.285,0.62,0.333,-0.003,0.524,-0.169,0.562,0.711,-0.41,-0.137,-0.026,-0.181,0.425,-0.196,-0.241,0.673,-0.058,-0.009,0.63,-0.343,-0.02,0.726,0.826,0.131,0.723,-0.449,-0.528,0.01,0.772,0.456,0.598,0.335,-0.175,-0.245,0.017,0.74,-0.119,0.842,0.321,-0.204,0.373,0.513,0.271,0.352,0.709,-0.226,0.037,0.31,-0.597,-0.104,-0.374,0.798,-0.222,0.565,0.681,-0.327,-0.499,0.427,0.387,-0.062,-0.002,-0.049,-0.085,0.657,0.398,-0.018,0.759,0.445,0.756,0.055,0.382,-0.432,0.788,0.742,0.769,-0.099,-0.519,0.761,0.603,0.632,0.264,0.054,0.073,-0.327,0.603,0.065,-0.303,-0.464,0.78,0.102,-0.255,0.142,0.628,0.539,0.598,0.705,-0.296,0.223,0.772,0.777,0.634,0.396,0.654,0.795,0.101,0.692,-0.16,-0.299,0.051,0.458,0.795,0.171,-0.528,0.026,0.826,-0.129,-0.315,-0.139,-0.137,0.084,0.792,-0.464,-0.06,0.436,0.675,-0.21,0.263,0.135,0.758,-0.134,0.547,-0.15,0.663,0.64,-0.359,0.689,0.192,-0.364,0.333,-0.209,0.402
BUSE,0.225,0.14,0.386,-0.321,0.107,-0.049,-0.271,0.589,0.246,0.066,0.799,0.022,0.601,-0.17,0.091,0.355,-0.178,-0.396,0.237,0.37,0.436,0.416,0.218,-0.216,0.325,0.512,0.0,0.704,0.622,-0.038,-0.175,0.335,0.782,0.847,0.173,0.425,-0.072,0.226,0.326,0.667,0.131,0.94,-0.298,0.461,0.228,0.441,0.123,-0.264,0.714,0.158,0.735,0.437,0.315,0.448,0.143,-0.136,0.56,-0.142,-0.335,-0.045,0.46,-0.009,-0.053,0.003,-0.424,0.232,0.804,-0.378,0.148,0.187,0.286,0.724,-0.327,0.095,0.777,-0.075,0.671,0.697,-0.308,0.069,0.487,0.604,0.643,0.422,0.088,-0.016,0.245,0.689,0.093,0.291,0.573,0.104,-0.134,0.432,0.24,-0.33,0.489,0.381,0.031,0.702,0.876,0.712,0.088,0.329,-0.073,0.603,0.057,-0.184,0.376,0.088,0.456,-0.265,0.329,0.271,0.2,0.043,-0.038,0.276,-0.047,0.284,-0.007,0.578,0.759,0.701,0.436,0.287,0.842,0.306,-0.307,0.193,-0.251,0.769,0.629,0.536,0.081,-0.292,0.31,0.937,0.369,-0.073,-0.066,0.233,-0.095,0.474,-0.092,-0.229,-0.241,0.612,0.482,-0.414,0.481,0.137,0.369,0.127,0.681,-0.089,0.411,0.678,0.578,0.401,0.837,0.733,0.592,0.475,0.761,-0.319,0.101,-0.097,0.732,0.643,0.115,-0.44,0.368,0.57,0.152,-0.069,-0.159,0.26,0.456,0.547,-0.19,0.031,0.26,0.263,-0.418,0.077,-0.2,0.412,-0.012,0.384,-0.212,0.471,0.679,-0.265,0.763,-0.289,0.082,0.319,0.262,0.446
CAKE,-0.272,0.6,0.272,-0.013,-0.405,0.411,-0.536,0.771,0.436,-0.017,0.776,-0.107,0.754,-0.531,-0.275,0.412,0.215,-0.66,0.666,0.747,0.721,0.793,0.53,-0.276,0.753,0.832,0.704,0.0,0.393,-0.216,-0.256,0.057,0.826,0.611,0.401,0.762,-0.207,0.607,-0.07,0.247,0.261,0.718,-0.346,0.815,0.388,0.724,-0.181,-0.551,0.757,-0.053,0.339,0.774,0.663,0.798,-0.072,-0.15,0.794,0.275,-0.522,-0.22,0.711,0.062,-0.194,0.477,-0.396,0.434,0.753,-0.518,-0.27,-0.002,-0.206,0.411,-0.263,-0.181,0.83,-0.009,0.22,0.835,-0.438,-0.117,0.725,0.838,0.254,0.68,-0.453,-0.478,-0.085,0.922,0.494,0.588,0.355,-0.255,-0.295,0.018,0.701,-0.196,0.775,0.237,-0.181,0.402,0.678,0.352,0.302,0.736,-0.256,0.094,0.173,-0.573,-0.121,-0.423,0.771,-0.402,0.353,0.626,-0.296,-0.447,0.18,0.294,-0.112,-0.005,-0.172,-0.014,0.724,0.433,0.046,0.723,0.565,0.776,0.083,0.434,-0.531,0.912,0.732,0.804,-0.089,-0.58,0.686,0.816,0.633,0.228,-0.014,0.1,-0.437,0.622,-0.075,-0.433,-0.476,0.752,0.085,-0.328,0.121,0.64,0.703,0.539,0.759,-0.38,0.122,0.876,0.861,0.784,0.497,0.697,0.822,0.111,0.829,-0.314,-0.331,-0.197,0.606,0.891,0.097,-0.655,0.055,0.871,-0.135,-0.433,-0.344,-0.177,0.1,0.792,-0.553,-0.156,0.323,0.557,-0.452,0.349,-0.068,0.756,-0.132,0.53,-0.199,0.747,0.791,-0.432,0.739,-0.084,-0.429,0.266,-0.213,0.472
CASY,0.395,-0.08,0.394,-0.321,0.466,-0.071,0.239,0.14,0.106,0.381,0.734,0.428,0.225,0.26,0.461,0.492,0.05,0.088,0.159,-0.115,0.027,0.094,0.105,0.078,0.077,0.248,0.622,0.393,0.0,0.24,0.198,0.444,0.474,0.645,0.096,0.096,0.459,0.05,0.665,0.828,0.32,0.578,0.091,0.253,0.27,0.163,0.579,0.291,0.574,0.604,0.558,-0.009,0.142,0.167,0.507,0.352,0.106,-0.038,0.092,0.392,0.467,-0.022,0.193,-0.36,-0.003,0.215,0.58,0.061,0.501,0.315,0.593,0.654,0.062,0.453,0.287,0.11,0.566,0.518,0.123,0.382,0.158,0.215,0.837,0.118,0.475,0.317,0.57,0.37,-0.149,0.278,0.628,0.61,0.384,0.692,-0.029,0.117,0.088,0.553,0.468,0.628,0.709,0.737,0.316,-0.02,0.436,0.661,0.276,0.201,0.519,0.32,0.114,0.165,0.261,0.134,0.458,0.394,0.24,0.443,0.378,0.573,0.354,0.728,0.618,0.762,0.555,-0.002,0.635,0.099,-0.194,0.328,0.261,0.435,0.599,0.312,0.409,0.215,0.15,0.604,0.546,0.272,0.376,0.541,0.385,0.427,0.249,0.299,0.3,0.332,0.622,0.036,0.639,-0.143,-0.049,-0.046,0.612,0.364,0.316,0.395,0.194,0.085,0.701,0.36,0.455,0.697,0.597,0.207,0.45,0.26,0.761,0.239,0.482,0.03,0.717,0.253,0.591,0.241,0.14,0.436,0.669,0.109,0.309,0.274,0.475,0.055,-0.038,0.201,0.211,0.244,0.341,0.279,0.121,0.21,0.278,0.28,0.726,-0.17,0.434,0.183,0.554,0.441
CCOI,0.555,-0.048,0.646,0.159,0.44,0.093,0.777,-0.54,0.24,0.728,-0.014,0.818,-0.616,0.751,0.461,0.594,0.314,0.659,-0.03,-0.574,-0.278,-0.211,-0.007,0.615,-0.267,-0.289,-0.038,-0.216,0.24,0.0,0.775,0.198,-0.293,-0.267,0.262,-0.216,0.659,0.168,0.582,0.502,0.599,-0.06,0.706,-0.321,0.344,0.014,0.611,0.681,-0.258,0.53,0.006,-0.533,0.055,-0.367,0.671,0.76,-0.304,0.203,0.778,0.743,0.114,0.236,0.348,-0.36,0.615,0.423,-0.062,0.816,0.448,0.506,0.455,0.147,0.813,0.759,-0.491,0.772,0.102,0.042,0.646,0.743,-0.261,-0.307,0.438,-0.015,0.469,0.627,0.616,-0.192,-0.244,0.115,0.501,0.493,0.752,0.494,-0.256,0.668,-0.364,0.427,0.838,-0.016,0.078,0.449,0.358,-0.512,0.779,0.267,0.532,0.766,0.363,0.292,-0.396,0.734,-0.076,0.053,0.497,0.616,0.397,0.558,0.792,0.771,0.793,0.309,0.198,0.294,-0.036,-0.239,-0.154,-0.234,0.111,0.448,0.544,-0.123,-0.089,-0.294,0.832,0.751,0.009,-0.126,0.352,0.259,0.45,0.67,0.648,0.364,0.707,0.752,0.675,0.124,0.314,0.743,0.519,-0.265,-0.265,0.134,0.13,0.734,0.485,-0.276,-0.349,-0.385,0.324,-0.351,0.102,0.059,0.077,0.717,0.743,0.43,0.359,-0.341,0.671,0.688,0.601,-0.321,0.631,0.698,0.726,0.684,0.595,-0.292,0.629,0.717,0.356,-0.05,0.453,0.424,0.27,-0.354,0.833,0.356,0.767,-0.085,-0.288,0.804,0.005,0.218,0.287,0.591,0.684,0.446
CEVA,0.566,-0.079,0.659,0.53,0.488,0.163,0.705,-0.7,-0.01,0.89,-0.068,0.913,-0.662,0.654,0.564,0.605,0.546,0.762,0.096,-0.498,-0.201,-0.043,0.208,0.903,-0.107,-0.085,-0.175,-0.256,0.198,0.775,0.0,0.51,-0.505,-0.385,0.529,-0.012,0.797,0.21,0.562,0.429,0.742,-0.113,0.936,-0.261,0.571,0.106,0.67,0.675,-0.147,0.599,0.058,-0.511,0.137,-0.225,0.88,0.909,-0.465,0.406,0.903,0.75,0.052,0.618,0.589,-0.285,0.79,0.642,0.008,0.907,0.639,0.629,0.523,0.255,0.874,0.704,-0.585,0.696,-0.172,-0.112,0.83,0.907,-0.2,-0.228,0.372,0.135,0.444,0.534,0.763,-0.262,-0.194,0.271,0.531,0.565,0.838,0.575,-0.124,0.724,-0.208,0.618,0.833,0.067,-0.08,0.404,0.567,-0.429,0.873,0.172,0.776,0.624,0.388,0.369,-0.229,0.953,0.302,0.262,0.426,0.558,0.73,0.734,0.896,0.827,0.951,0.245,0.215,0.377,0.002,-0.113,-0.225,-0.198,0.071,0.397,0.669,-0.147,0.07,-0.224,0.883,0.771,0.262,-0.27,0.445,0.403,0.628,0.69,0.768,0.437,0.947,0.907,0.733,0.202,0.32,0.823,0.622,-0.214,-0.447,0.277,0.2,0.852,0.622,-0.301,-0.342,-0.466,0.298,-0.284,0.227,0.168,0.027,0.939,0.783,0.736,0.317,-0.335,0.853,0.772,0.609,-0.285,0.692,0.825,0.946,0.75,0.562,-0.19,0.701,0.915,0.515,0.174,0.79,0.322,0.527,-0.205,0.866,0.422,0.868,-0.21,-0.488,0.828,0.052,0.56,0.356,0.68,0.697,0.496
