,AAPL,ACRS,ADP,AFYA,AGNC,AGYS,ALT,AMGN,AMPH,AMZN,ANIP,AOSL,APDN,APLT,APVO,ARGX,ARLP,ATEX,ATRA,AUTL,AVDL,BCRX,BHAT,BLBD,BMRN,BNGO,BUSE,CAKE,CASY,CCOI,CEVA,CHY,CLDX,CLMT,COHU,COLM,COST,CPRT,CSWC,CSX,DBX,DCOM,DKNG,DMLP,DOX,EA,EDIT,ENPH,ENSG,ERNA,ESGR,ETNB,EXTR,FANG,FARO,FATE,FGEN,FIVE,FIVN,FLGT,FOLD,FORM,FOXA,FRPT,FSLR,FTAI,GBDC,GDYN,GGAL,GNLN,GRFS,GT,HCAT,HCM,HFWA,HOLX,HQY,HUBG,IAC,ICLR,IDCC,IEP,IHRT,ILMN,ILPT,IMAB,IMOS,INMD,INTZ,JAZZ,JKHY,JRVR,KIDS,LBRDK,LGND,LMAT,LPLA,LULU,MASI,MAT,MATW,MBIN,MBIO,MCRB,MDB,MDLZ,MELI,MIRM,MLKN,MNMD,MNRO,MPWR,MRCY,MRSN,MTVA,NAAS,NDAQ,NDSN,NEGG,NOVT,NVDA,NWE,NWSA,NXST,OCX,ODFL,OMAB,OPCH,OPRA,ORGO,OTRK,OZK,PAGP,PCH,PEGA,PENG,PENN,PFBC,PGNY,PHAT,PHUN,PINC,PLUG,PLXS,PYPL,QLYS,QNCX,QQQX,QVCGA,RAPT,RBBN,RCKT,REPL,RMBS,ROAD,ROKU,ROP,RUSHA,SANM,SATS,SBCF,SBLK,SBUX,SCHL,SCSC,SDGR,SEIC,SFIX,SGRY,SKYW,SLP,SNES,STAA,STLD,STOK,SWKS,TER,TFIN,TIGO,TILE,TPIC,TTEC,TTEK,TTGT,UXIN,VERU,VLYPP,VNOM,VRNS,VRSN,WDAY,WERN,WINA,WKHS,WRLD,XP,XTKG,YY,ZION,ZM
AAPL,0.0,0.388,0.248,0.813,-0.05,0.358,0.817,0.508,0.18,0.659,-0.383,0.434,0.012,-0.206,0.624,0.636,-0.278,0.388,0.203,0.516,0.191,0.246,0.119,0.065,0.702,0.685,0.348,0.097,0.381,0.389,0.343,0.811,0.696,0.236,0.351,0.601,0.837,0.658,0.823,0.458,0.771,-0.714,0.606,0.46,0.524,0.492,0.219,0.689,-0.081,-0.271,0.014,-0.615,0.296,0.105,-0.009,0.323,0.576,0.666,0.544,0.509,0.099,0.313,0.495,0.694,-0.067,0.402,0.717,0.162,0.623,0.123,-0.084,0.183,0.502,0.15,-0.092,0.659,0.511,0.078,0.391,0.504,0.492,0.663,0.217,0.512,0.339,-0.183,0.415,0.793,0.1,0.749,0.733,0.496,-0.134,0.868,0.579,0.1,0.666,0.826,0.275,0.238,0.314,0.353,-0.105,0.122,0.638,0.274,0.605,0.36,0.22,0.412,-0.663,0.266,-0.546,-0.058,-0.06,-0.189,0.717,0.508,0.433,0.448,0.773,-0.004,0.692,0.561,0.222,0.599,0.47,0.58,0.652,0.359,0.034,0.343,0.639,0.483,0.487,0.143,0.598,0.323,0.558,0.235,0.296,0.162,0.633,0.082,-0.293,0.525,-0.261,0.846,-0.313,0.087,0.395,0.36,-0.19,0.434,0.406,0.387,0.789,-0.473,0.638,0.165,-0.331,0.336,0.174,0.021,0.532,0.412,0.717,0.218,0.404,-0.186,0.424,0.321,0.632,0.438,-0.311,0.203,-0.444,0.299,0.536,0.102,0.051,0.205,0.467,0.523,0.782,0.462,-0.416,0.224,0.513,0.625,0.44,0.09,0.338,0.503,-0.166,0.338,0.688,0.444,0.532,0.32
ACRS,0.388,0.0,0.037,0.279,-0.752,0.839,0.46,0.241,0.67,0.735,-0.535,0.907,-0.702,-0.789,0.573,0.827,-0.655,0.78,-0.348,0.841,0.882,0.894,-0.373,0.802,0.634,0.41,0.129,0.9,-0.395,0.608,0.803,0.515,0.657,0.772,0.388,0.875,0.662,-0.075,0.297,0.395,0.24,-0.402,0.224,-0.09,0.911,-0.017,-0.579,0.77,0.682,-0.681,0.563,-0.742,-0.159,0.36,0.271,-0.323,0.668,0.579,0.436,0.597,-0.091,0.254,0.882,0.659,-0.6,0.639,0.731,-0.683,0.532,-0.528,-0.652,-0.531,0.27,0.112,0.711,0.351,0.638,0.687,-0.26,-0.322,-0.022,0.871,0.711,-0.18,-0.309,0.308,0.847,0.229,0.54,0.682,0.773,-0.085,0.58,0.652,-0.064,0.562,0.876,0.085,-0.314,0.891,0.11,0.264,-0.687,0.531,0.76,-0.158,0.22,0.955,0.742,0.795,-0.683,0.84,-0.627,-0.434,-0.709,0.474,-0.138,0.053,-0.111,0.231,0.661,0.219,0.698,0.93,-0.419,-0.09,0.951,0.839,0.551,0.172,-0.601,0.466,-0.092,0.732,-0.209,0.36,0.841,0.225,0.443,0.805,0.895,-0.592,0.748,0.709,-0.835,-0.183,-0.638,0.081,-0.365,0.254,-0.245,0.869,-0.724,0.911,0.696,-0.133,0.416,-0.736,0.692,0.851,0.322,0.923,-0.504,0.688,0.218,0.177,0.69,-0.391,0.887,-0.742,-0.283,-0.301,0.403,0.928,0.236,-0.249,-0.238,0.841,-0.057,0.625,-0.532,0.215,0.841,-0.13,0.243,0.869,-0.76,0.049,0.885,0.002,-0.317,-0.448,0.259,0.559,0.617,0.827,0.096,0.716,0.859,-0.344
ADP,0.248,0.037,0.0,-0.052,0.231,0.082,0.443,0.403,-0.073,0.258,0.161,0.102,0.275,0.349,0.462,0.261,-0.282,0.198,0.39,0.167,-0.163,-0.098,0.614,-0.241,0.3,0.562,0.459,-0.002,0.412,0.344,0.074,0.342,0.383,-0.029,0.385,0.249,0.233,0.661,0.324,-0.053,0.455,0.081,0.29,0.062,0.066,0.392,0.437,0.326,-0.126,0.259,-0.485,0.319,0.386,-0.376,0.615,0.568,0.325,0.645,0.391,0.365,0.541,0.305,0.089,0.263,0.265,0.37,0.191,0.387,-0.179,0.496,0.191,0.451,0.498,0.605,0.181,0.553,0.247,0.217,0.434,0.415,0.361,-0.044,-0.008,0.727,0.356,0.131,0.241,0.515,0.52,0.129,0.212,0.588,-0.015,0.279,0.497,0.46,0.131,0.509,0.439,-0.144,0.257,0.47,0.431,-0.186,0.315,0.494,0.281,0.008,-0.113,0.283,0.137,-0.048,0.134,0.582,0.283,-0.3,0.549,0.425,0.638,0.811,0.309,-0.321,0.335,0.095,0.63,0.594,-0.034,0.255,0.333,0.476,0.46,0.528,0.311,0.301,0.456,0.266,0.158,0.202,0.305,-0.184,0.088,0.437,0.28,0.135,0.02,0.573,0.607,0.386,0.427,0.51,0.527,0.121,0.417,0.091,-0.118,0.397,0.312,0.067,0.106,-0.097,0.073,-0.15,0.401,-0.148,0.665,0.475,0.48,0.543,0.1,0.11,0.633,0.469,0.641,-0.058,0.031,0.283,0.483,0.285,0.492,0.287,0.389,0.108,0.198,0.551,0.625,0.117,0.265,-0.204,0.245,0.651,0.573,0.553,0.562,0.304,0.164,-0.17,0.361,0.044,0.034,0.521
AFYA,0.813,0.279,-0.052,0.0,0.071,0.198,0.617,0.554,0.099,0.489,-0.317,0.261,0.047,-0.171,0.401,0.406,-0.033,0.234,0.211,0.319,0.048,0.14,0.036,-0.016,0.472,0.526,0.231,-0.036,0.326,0.227,0.131,0.658,0.456,0.136,0.252,0.395,0.634,0.415,0.641,0.283,0.591,-0.696,0.496,0.397,0.37,0.256,0.2,0.515,-0.168,-0.214,-0.0,-0.587,0.258,0.169,-0.234,0.244,0.468,0.385,0.329,0.373,-0.088,0.165,0.332,0.492,0.002,0.224,0.582,0.189,0.597,0.074,-0.072,0.168,0.413,-0.044,-0.293,0.41,0.354,-0.031,0.301,0.479,0.386,0.55,0.188,0.302,0.292,-0.387,0.221,0.641,-0.188,0.586,0.556,0.322,-0.213,0.634,0.432,-0.11,0.516,0.669,0.225,0.103,0.18,0.148,-0.105,0.123,0.432,0.27,0.485,0.245,0.125,0.194,-0.603,0.083,-0.467,-0.084,-0.034,-0.194,0.552,0.319,0.34,0.225,0.549,0.116,0.44,0.371,0.07,0.354,0.344,0.392,0.399,0.198,0.042,0.104,0.519,0.311,0.354,0.086,0.435,0.077,0.435,0.147,0.141,0.184,0.374,-0.189,-0.106,0.417,-0.342,0.754,-0.328,-0.016,0.228,0.202,-0.188,0.269,0.337,0.321,0.53,-0.396,0.393,0.011,-0.318,0.258,0.189,-0.106,0.343,0.272,0.383,0.224,0.198,-0.047,0.316,0.306,0.392,0.283,-0.283,0.245,-0.653,0.073,0.278,-0.074,0.008,0.101,0.203,0.412,0.544,0.292,-0.352,0.336,0.288,0.384,0.372,0.02,0.148,0.359,-0.325,0.286,0.608,0.233,0.387,0.249
AGNC,-0.05,-0.752,0.231,0.071,0.0,-0.578,0.04,0.247,-0.588,-0.425,0.68,-0.646,0.821,0.87,-0.084,-0.513,0.648,-0.543,0.763,-0.568,-0.88,-0.768,0.711,-0.854,-0.294,0.164,0.264,-0.817,0.518,-0.213,-0.705,-0.035,-0.218,-0.608,0.1,-0.577,-0.397,0.444,-0.006,-0.415,0.221,0.263,0.191,0.227,-0.697,0.144,0.85,-0.373,-0.699,0.834,-0.749,0.689,0.572,-0.33,0.045,0.762,-0.169,-0.163,-0.088,-0.129,0.447,-0.006,-0.672,-0.321,0.814,-0.179,-0.385,0.929,-0.418,0.773,0.624,0.823,0.218,0.222,-0.674,-0.06,-0.293,-0.489,0.633,0.683,0.227,-0.594,-0.489,0.536,0.519,-0.379,-0.588,0.288,-0.333,-0.399,-0.567,0.375,-0.53,-0.381,0.465,-0.343,-0.56,0.304,0.598,-0.823,0.053,-0.021,0.909,-0.389,-0.394,0.413,0.16,-0.775,-0.681,-0.449,0.524,-0.815,0.559,0.792,0.804,-0.728,0.485,0.191,0.612,0.26,-0.236,-0.311,-0.39,-0.7,0.748,0.321,-0.799,-0.49,-0.237,0.277,0.823,-0.064,0.311,-0.37,0.581,0.026,-0.475,-0.248,-0.023,-0.709,-0.705,0.873,-0.467,-0.684,0.855,0.612,0.644,0.389,0.595,0.213,0.58,-0.604,0.9,-0.672,-0.581,0.503,-0.25,0.627,-0.624,-0.885,-0.106,-0.873,0.811,-0.783,0.197,0.225,-0.365,0.815,-0.705,0.801,0.697,0.744,0.069,-0.833,-0.096,0.6,0.295,-0.586,0.395,-0.406,0.696,-0.093,-0.745,0.464,0.15,-0.637,0.763,0.149,-0.63,0.312,0.688,0.524,-0.004,-0.116,-0.478,-0.626,0.391,-0.605,-0.584,0.721
AGYS,0.358,0.839,0.082,0.198,-0.578,0.0,0.556,0.152,0.516,0.682,-0.186,0.917,-0.692,-0.638,0.647,0.82,-0.477,0.738,-0.134,0.817,0.799,0.89,-0.166,0.782,0.762,0.493,0.162,0.827,-0.386,0.784,0.838,0.492,0.751,0.866,0.553,0.819,0.489,-0.001,0.163,0.415,0.421,-0.257,0.492,-0.243,0.823,-0.032,-0.445,0.779,0.796,-0.392,0.508,-0.555,0.162,0.221,0.471,-0.166,0.721,0.534,0.656,0.64,0.276,0.423,0.849,0.798,-0.309,0.594,0.598,-0.532,0.343,-0.318,-0.63,-0.5,0.502,0.126,0.638,0.178,0.708,0.769,-0.009,-0.297,0.192,0.802,0.84,-0.131,-0.358,0.559,0.739,0.274,0.625,0.72,0.644,-0.198,0.759,0.569,0.161,0.699,0.78,0.058,-0.245,0.888,0.237,0.168,-0.445,0.743,0.853,-0.332,0.545,0.82,0.794,0.854,-0.491,0.868,-0.334,-0.273,-0.504,0.235,-0.093,0.063,0.059,0.335,0.742,-0.027,0.71,0.856,-0.191,-0.158,0.82,0.869,0.673,0.454,-0.377,0.496,-0.211,0.773,0.006,0.557,0.854,0.024,0.716,0.876,0.83,-0.437,0.829,0.773,-0.602,-0.112,-0.466,0.147,-0.146,0.519,-0.021,0.948,-0.488,0.917,0.687,0.157,0.273,-0.488,0.617,0.758,0.452,0.744,-0.273,0.711,0.147,0.474,0.655,-0.161,0.876,-0.536,-0.129,-0.245,0.493,0.797,0.453,-0.054,-0.034,0.818,0.125,0.748,-0.224,0.549,0.783,-0.102,0.274,0.906,-0.579,0.154,0.9,0.076,-0.107,-0.451,0.24,0.771,0.726,0.903,0.163,0.839,0.777,-0.046
ALT,0.817,0.46,0.443,0.617,0.04,0.556,0.0,0.528,0.164,0.707,-0.066,0.55,-0.013,-0.109,0.82,0.726,-0.271,0.546,0.451,0.63,0.219,0.355,0.354,0.103,0.825,0.882,0.488,0.222,0.192,0.615,0.414,0.795,0.881,0.38,0.62,0.655,0.694,0.648,0.69,0.26,0.841,-0.49,0.778,0.298,0.526,0.421,0.319,0.767,0.057,-0.022,-0.092,-0.379,0.511,0.038,0.354,0.549,0.789,0.773,0.703,0.704,0.493,0.445,0.544,0.798,0.091,0.58,0.682,0.21,0.397,0.3,-0.158,0.204,0.745,0.426,0.116,0.62,0.67,0.268,0.547,0.464,0.52,0.616,0.34,0.595,0.301,0.077,0.522,0.87,0.451,0.751,0.624,0.514,0.099,0.768,0.72,0.413,0.682,0.737,0.34,0.302,0.306,0.439,0.111,0.329,0.776,0.287,0.741,0.404,0.275,0.653,-0.513,0.322,-0.278,0.223,0.009,-0.285,0.64,0.444,0.642,0.71,0.855,-0.165,0.745,0.594,0.416,0.499,0.437,0.719,0.71,0.687,0.201,0.569,0.505,0.593,0.595,0.453,0.684,0.175,0.765,0.323,0.42,0.221,0.739,0.256,-0.214,0.568,-0.095,0.805,0.048,0.513,0.536,0.554,0.035,0.54,0.425,0.585,0.59,-0.375,0.526,0.189,-0.03,0.283,0.265,0.086,0.612,0.684,0.776,0.415,0.473,-0.167,0.548,0.457,0.823,0.39,0.046,0.283,-0.086,0.501,0.607,0.329,0.2,0.338,0.503,0.568,0.824,0.589,-0.248,0.258,0.63,0.612,0.552,0.099,0.42,0.785,0.163,0.464,0.769,0.498,0.57,0.507
AMGN,0.508,0.241,0.403,0.554,0.247,0.152,0.528,0.0,0.262,0.412,0.041,0.275,0.17,-0.003,0.551,0.342,-0.067,0.376,0.414,0.233,-0.146,0.106,0.316,-0.199,0.334,0.537,0.576,0.031,0.296,0.352,0.037,0.599,0.479,0.158,0.414,0.418,0.424,0.436,0.361,-0.063,0.526,-0.292,0.407,0.228,0.267,0.278,0.208,0.495,-0.202,-0.034,-0.382,-0.106,0.349,-0.264,0.219,0.441,0.639,0.482,0.449,0.537,0.229,0.166,0.234,0.412,0.07,0.449,0.445,0.293,0.108,0.122,-0.123,0.368,0.506,0.161,0.063,0.511,0.437,0.241,0.397,0.555,0.266,0.28,0.199,0.475,0.198,-0.392,0.209,0.645,0.14,0.319,0.376,0.505,-0.121,0.431,0.513,0.262,0.428,0.501,0.448,-0.012,0.165,0.373,0.137,-0.153,0.403,0.519,0.353,0.222,0.03,0.231,-0.308,-0.086,-0.226,0.327,-0.026,-0.387,0.417,0.28,0.495,0.632,0.431,-0.028,0.395,0.275,0.293,0.39,0.218,0.408,0.248,0.472,0.129,0.564,0.421,0.491,0.438,0.253,0.412,0.069,0.381,-0.061,0.253,0.4,0.193,-0.099,-0.061,0.579,0.018,0.549,0.11,0.389,0.455,0.228,0.122,0.244,0.098,0.37,0.309,-0.263,0.023,-0.068,0.26,0.07,0.272,-0.211,0.71,0.228,0.488,0.482,0.18,0.006,0.566,0.516,0.56,0.118,-0.07,0.268,-0.082,0.312,0.426,0.192,0.066,-0.043,0.184,0.543,0.474,0.221,-0.127,0.032,0.269,0.433,0.419,0.192,0.337,0.299,0.069,0.032,0.585,-0.075,0.367,0.345
AMPH,0.18,0.67,-0.073,0.099,-0.588,0.516,0.164,0.262,0.0,0.546,-0.298,0.656,-0.595,-0.761,0.369,0.595,-0.217,0.69,-0.287,0.639,0.527,0.68,-0.253,0.474,0.451,0.094,0.153,0.628,-0.497,0.368,0.427,0.407,0.423,0.717,0.015,0.665,0.44,-0.281,0.076,0.011,0.125,-0.344,0.168,0.113,0.682,0.216,-0.601,0.519,0.405,-0.701,0.253,-0.545,-0.317,0.306,-0.006,-0.366,0.542,0.326,0.409,0.55,-0.187,-0.19,0.66,0.479,-0.717,0.394,0.56,-0.58,0.157,-0.643,-0.736,-0.466,0.128,-0.243,0.661,0.334,0.605,0.49,-0.185,-0.192,-0.172,0.514,0.519,-0.23,-0.526,-0.032,0.374,0.101,0.362,0.51,0.416,-0.077,0.333,0.491,0.012,0.363,0.663,-0.137,-0.144,0.661,-0.234,0.268,-0.634,0.12,0.553,-0.118,0.093,0.68,0.429,0.534,-0.642,0.518,-0.607,-0.411,-0.722,0.155,-0.278,-0.263,-0.273,0.094,0.355,-0.006,0.526,0.689,-0.419,-0.156,0.671,0.598,0.303,0.167,-0.702,0.485,0.022,0.624,-0.112,-0.092,0.607,0.23,0.26,0.499,0.773,-0.421,0.332,0.383,-0.742,-0.202,-0.573,-0.109,-0.306,0.118,-0.094,0.624,-0.632,0.607,0.393,-0.066,0.224,-0.738,0.281,0.59,0.358,0.644,-0.595,0.397,0.194,-0.166,0.5,-0.41,0.679,-0.7,-0.286,-0.267,0.294,0.65,-0.056,-0.539,-0.27,0.634,0.113,0.345,-0.701,-0.1,0.631,-0.156,-0.006,0.658,-0.671,0.134,0.604,-0.091,-0.417,-0.516,-0.035,0.199,0.535,0.453,0.08,0.276,0.769,-0.417
AMZN,0.659,0.735,0.258,0.489,-0.425,0.682,0.707,0.412,0.546,0.0,-0.363,0.776,-0.324,-0.573,0.701,0.911,-0.509,0.876,-0.028,0.828,0.503,0.667,0.022,0.404,0.79,0.624,0.379,0.574,-0.161,0.539,0.624,0.747,0.795,0.628,0.461,0.912,0.792,0.272,0.532,0.262,0.56,-0.549,0.511,0.242,0.82,0.354,-0.137,0.865,0.265,-0.517,0.131,-0.647,0.12,0.227,0.156,0.057,0.786,0.777,0.649,0.692,0.112,0.173,0.741,0.753,-0.434,0.589,0.827,-0.258,0.433,-0.228,-0.554,-0.165,0.458,0.21,0.486,0.693,0.763,0.4,0.137,0.126,0.233,0.714,0.488,0.275,-0.101,0.047,0.66,0.592,0.528,0.803,0.744,0.337,0.282,0.821,0.357,0.492,0.905,0.442,0.028,0.596,0.111,0.511,-0.355,0.206,0.852,0.086,0.472,0.741,0.463,0.75,-0.75,0.575,-0.615,-0.208,-0.488,0.072,0.284,0.214,0.242,0.498,0.783,-0.046,0.845,0.809,-0.068,0.202,0.714,0.852,0.654,0.401,-0.331,0.606,0.362,0.702,0.19,0.225,0.778,0.429,0.57,0.48,0.778,-0.252,0.767,0.435,-0.659,0.297,-0.447,0.478,-0.225,0.286,0.18,0.723,-0.436,0.73,0.651,0.235,0.556,-0.744,0.582,0.545,0.087,0.671,-0.292,0.387,0.501,0.259,0.834,-0.067,0.715,-0.699,0.112,0.05,0.674,0.718,-0.05,-0.224,-0.276,0.759,0.337,0.407,-0.266,0.187,0.797,0.357,0.629,0.767,-0.657,0.142,0.814,0.295,0.064,-0.227,0.333,0.624,0.41,0.582,0.579,0.565,0.84,-0.003
ANIP,-0.383,-0.535,0.161,-0.317,0.68,-0.186,-0.066,0.041,-0.298,-0.363,0.0,-0.31,0.369,0.578,0.011,-0.328,0.581,-0.211,0.629,-0.319,-0.559,-0.34,0.65,-0.451,-0.145,0.024,0.221,-0.391,0.055,0.036,-0.365,-0.196,-0.087,-0.103,0.174,-0.403,-0.602,0.035,-0.395,-0.48,0.121,0.54,0.254,-0.15,-0.517,0.008,0.439,-0.278,-0.195,0.749,-0.502,0.73,0.606,-0.387,0.325,0.502,0.001,-0.249,0.148,-0.045,0.653,0.059,-0.462,-0.118,0.642,-0.12,-0.448,0.517,-0.707,0.506,0.176,0.332,0.302,0.133,-0.181,-0.351,-0.022,-0.082,0.522,0.21,0.18,-0.529,-0.092,0.177,0.0,0.095,-0.509,0.016,0.112,-0.297,-0.659,0.021,0.05,-0.497,0.419,0.095,-0.464,-0.187,0.316,-0.423,-0.035,-0.068,0.728,-0.042,-0.183,0.025,0.282,-0.544,-0.292,-0.142,0.594,-0.405,0.692,0.588,0.546,-0.613,0.013,-0.141,0.358,0.224,-0.191,-0.47,-0.303,-0.498,0.557,-0.136,-0.603,-0.236,-0.117,0.512,0.561,0.118,-0.102,-0.153,0.432,0.185,-0.286,-0.333,0.196,-0.303,-0.332,0.539,-0.296,-0.242,0.643,0.213,0.548,-0.022,0.751,0.539,0.53,-0.189,0.75,-0.349,-0.392,0.506,-0.574,0.588,-0.625,-0.509,0.409,-0.678,0.48,-0.328,-0.003,0.291,-0.342,0.611,-0.388,0.571,0.418,0.362,0.064,-0.619,0.31,0.353,0.512,-0.201,0.35,0.017,0.517,0.24,-0.477,0.157,-0.14,-0.296,0.626,0.202,-0.345,0.015,0.377,0.153,-0.048,0.086,0.13,-0.275,0.154,-0.355,-0.368,0.531
AOSL,0.434,0.907,0.102,0.261,-0.646,0.917,0.55,0.275,0.656,0.776,-0.31,0.0,-0.637,-0.733,0.706,0.91,-0.562,0.841,-0.181,0.897,0.782,0.927,-0.198,0.775,0.777,0.49,0.213,0.87,-0.351,0.739,0.855,0.607,0.779,0.884,0.54,0.929,0.658,0.03,0.269,0.43,0.41,-0.322,0.435,-0.092,0.915,0.109,-0.497,0.867,0.711,-0.563,0.463,-0.65,0.102,0.236,0.372,-0.211,0.783,0.627,0.651,0.673,0.116,0.364,0.894,0.805,-0.466,0.731,0.741,-0.573,0.346,-0.447,-0.691,-0.462,0.419,0.09,0.719,0.348,0.763,0.765,-0.071,-0.241,0.164,0.853,0.76,-0.073,-0.382,0.393,0.815,0.322,0.635,0.792,0.725,-0.09,0.696,0.672,0.153,0.66,0.898,0.108,-0.246,0.903,0.154,0.346,-0.554,0.559,0.869,-0.168,0.445,0.914,0.793,0.873,-0.626,0.87,-0.527,-0.346,-0.623,0.252,-0.066,0.133,0.023,0.352,0.809,0.038,0.81,0.939,-0.269,-0.038,0.919,0.937,0.704,0.414,-0.518,0.625,-0.056,0.862,-0.023,0.452,0.916,0.233,0.612,0.843,0.928,-0.483,0.846,0.789,-0.783,-0.052,-0.548,0.178,-0.177,0.451,-0.036,0.953,-0.587,0.968,0.706,0.083,0.422,-0.655,0.669,0.818,0.433,0.827,-0.421,0.675,0.283,0.299,0.751,-0.249,0.956,-0.666,-0.174,-0.222,0.541,0.903,0.308,-0.152,-0.137,0.905,0.184,0.732,-0.393,0.396,0.89,-0.043,0.324,0.93,-0.735,0.117,0.94,0.085,-0.227,-0.482,0.282,0.732,0.732,0.873,0.225,0.78,0.897,-0.195
APDN,0.012,-0.702,0.275,0.047,0.821,-0.692,-0.013,0.17,-0.595,-0.324,0.369,-0.637,0.0,0.816,-0.131,-0.429,0.378,-0.507,0.572,-0.554,-0.825,-0.764,0.58,-0.798,-0.364,0.096,0.266,-0.755,0.633,-0.407,-0.599,-0.068,-0.295,-0.762,0.099,-0.519,-0.2,0.555,0.159,-0.163,0.051,0.308,-0.035,0.322,-0.644,0.18,0.847,-0.347,-0.814,0.667,-0.681,0.578,0.415,-0.327,-0.116,0.625,-0.29,-0.068,-0.316,-0.311,0.196,0.046,-0.708,-0.468,0.651,-0.077,-0.292,0.833,-0.257,0.665,0.756,0.864,-0.091,0.352,-0.584,0.138,-0.459,-0.578,0.358,0.598,0.231,-0.581,-0.65,0.616,0.703,-0.398,-0.415,0.236,-0.34,-0.423,-0.424,0.501,-0.58,-0.313,0.277,-0.38,-0.507,0.388,0.395,-0.844,0.121,0.205,0.782,-0.592,-0.501,0.555,-0.132,-0.675,-0.634,-0.481,0.477,-0.773,0.381,0.637,0.722,-0.449,0.553,0.478,0.497,0.186,-0.225,-0.035,-0.306,-0.664,0.627,0.491,-0.723,-0.511,-0.249,0.008,0.683,-0.039,0.479,-0.444,0.362,-0.045,-0.513,0.161,-0.327,-0.793,-0.687,0.667,-0.385,-0.581,0.644,0.635,0.579,0.386,0.484,-0.033,0.384,-0.685,0.773,-0.647,-0.453,0.226,-0.006,0.543,-0.452,-0.733,-0.259,-0.748,0.638,-0.688,0.291,0.018,-0.259,0.579,-0.655,0.614,0.529,0.643,-0.016,-0.694,-0.244,0.485,0.273,-0.509,0.273,-0.387,0.626,-0.215,-0.596,0.575,0.262,-0.721,0.644,-0.09,-0.655,0.263,0.483,0.556,0.258,-0.202,-0.552,-0.688,0.398,-0.596,-0.579,0.448
APLT,-0.206,-0.789,0.349,-0.171,0.87,-0.638,-0.109,-0.003,-0.761,-0.573,0.578,-0.733,0.816,0.0,-0.221,-0.617,0.501,-0.692,0.616,-0.67,-0.797,-0.848,0.645,-0.778,-0.436,0.082,0.133,-0.779,0.599,-0.295,-0.654,-0.244,-0.368,-0.743,0.05,-0.696,-0.482,0.443,-0.022,-0.28,0.047,0.46,-0.004,0.086,-0.773,-0.005,0.832,-0.514,-0.631,0.889,-0.637,0.794,0.472,-0.391,0.16,0.678,-0.394,-0.191,-0.271,-0.346,0.415,0.129,-0.782,-0.466,0.866,-0.266,-0.545,0.863,-0.428,0.864,0.834,0.77,0.083,0.378,-0.617,-0.168,-0.5,-0.49,0.479,0.498,0.186,-0.689,-0.597,0.505,0.577,-0.126,-0.509,0.115,-0.221,-0.561,-0.581,0.326,-0.462,-0.514,0.268,-0.282,-0.715,0.262,0.466,-0.86,0.133,-0.017,0.921,-0.364,-0.544,0.389,-0.016,-0.836,-0.661,-0.53,0.748,-0.753,0.663,0.762,0.906,-0.5,0.434,0.278,0.54,0.211,-0.357,-0.225,-0.527,-0.786,0.76,0.359,-0.845,-0.606,-0.284,0.086,0.909,-0.179,0.196,-0.548,0.417,0.05,-0.625,-0.201,-0.183,-0.722,-0.812,0.746,-0.438,-0.524,0.846,0.46,0.82,0.227,0.632,0.133,0.427,-0.689,0.919,-0.718,-0.624,0.319,-0.237,0.812,-0.509,-0.802,-0.187,-0.893,0.764,-0.669,0.117,0.276,-0.436,0.733,-0.751,0.869,0.546,0.597,-0.054,-0.855,-0.038,0.632,0.483,-0.63,0.22,-0.333,0.789,-0.062,-0.75,0.383,0.128,-0.723,0.892,-0.008,-0.67,0.311,0.624,0.679,0.121,-0.173,-0.512,-0.682,0.111,-0.537,-0.78,0.65
APVO,0.624,0.573,0.462,0.401,-0.084,0.647,0.82,0.551,0.369,0.701,0.011,0.706,-0.131,-0.221,0.0,0.781,-0.316,0.67,0.428,0.697,0.333,0.489,0.325,0.222,0.787,0.794,0.55,0.443,0.073,0.707,0.492,0.764,0.886,0.582,0.663,0.742,0.631,0.51,0.496,0.227,0.724,-0.325,0.685,0.178,0.622,0.362,0.108,0.827,0.209,-0.127,-0.041,-0.317,0.452,0.002,0.531,0.41,0.872,0.79,0.773,0.778,0.543,0.393,0.616,0.807,-0.031,0.722,0.673,0.036,0.182,0.096,-0.309,0.089,0.687,0.364,0.392,0.561,0.768,0.555,0.451,0.318,0.411,0.619,0.47,0.49,0.043,0.152,0.565,0.752,0.619,0.718,0.602,0.372,0.28,0.688,0.636,0.62,0.719,0.512,0.268,0.431,0.229,0.488,0.011,0.289,0.803,0.234,0.673,0.527,0.385,0.737,-0.452,0.425,-0.3,0.209,-0.151,-0.238,0.45,0.367,0.54,0.715,0.858,-0.204,0.764,0.661,0.315,0.396,0.53,0.799,0.727,0.748,0.013,0.744,0.36,0.75,0.528,0.465,0.764,0.212,0.735,0.431,0.611,0.081,0.72,0.447,-0.374,0.483,-0.13,0.589,0.164,0.678,0.506,0.695,-0.05,0.652,0.451,0.523,0.527,-0.384,0.468,0.333,0.318,0.354,0.138,0.202,0.674,0.575,0.786,0.326,0.62,-0.253,0.426,0.311,0.817,0.504,0.15,0.185,0.033,0.688,0.579,0.549,0.023,0.334,0.598,0.459,0.662,0.669,-0.354,0.22,0.712,0.508,0.36,-0.026,0.435,0.761,0.47,0.516,0.639,0.479,0.676,0.357
ARGX,0.636,0.827,0.261,0.406,-0.513,0.82,0.726,0.342,0.595,0.911,-0.328,0.91,-0.429,-0.617,0.781,0.0,-0.547,0.866,-0.024,0.924,0.638,0.788,-0.018,0.568,0.882,0.646,0.34,0.706,-0.192,0.684,0.756,0.755,0.866,0.768,0.53,0.951,0.8,0.275,0.519,0.411,0.584,-0.476,0.577,0.152,0.888,0.339,-0.237,0.917,0.459,-0.517,0.262,-0.657,0.179,0.25,0.293,-0.002,0.823,0.799,0.718,0.723,0.169,0.314,0.837,0.839,-0.429,0.721,0.846,-0.358,0.401,-0.257,-0.57,-0.251,0.506,0.204,0.593,0.604,0.816,0.568,0.11,0.011,0.277,0.806,0.603,0.216,-0.168,0.24,0.761,0.554,0.63,0.884,0.758,0.188,0.476,0.831,0.367,0.592,0.942,0.382,-0.077,0.747,0.129,0.516,-0.402,0.371,0.919,0.009,0.532,0.819,0.616,0.861,-0.72,0.738,-0.602,-0.241,-0.496,0.103,0.222,0.266,0.211,0.499,0.889,-0.047,0.916,0.913,-0.065,0.207,0.828,0.947,0.791,0.484,-0.379,0.687,0.258,0.812,0.179,0.338,0.893,0.412,0.645,0.673,0.855,-0.319,0.882,0.635,-0.74,0.199,-0.458,0.427,-0.168,0.413,0.162,0.87,-0.47,0.875,0.669,0.254,0.588,-0.704,0.704,0.688,0.213,0.734,-0.309,0.514,0.46,0.363,0.871,-0.111,0.881,-0.656,0.026,-0.027,0.712,0.828,0.077,-0.154,-0.193,0.851,0.379,0.589,-0.302,0.32,0.891,0.228,0.591,0.881,-0.678,0.18,0.912,0.292,-0.02,-0.315,0.392,0.742,0.553,0.734,0.485,0.698,0.9,-0.035
ARLP,-0.278,-0.655,-0.282,-0.033,0.648,-0.477,-0.271,-0.067,-0.217,-0.509,0.581,-0.562,0.378,0.501,-0.316,-0.547,0.0,-0.522,0.452,-0.477,-0.628,-0.568,0.344,-0.587,-0.33,-0.194,-0.011,-0.643,0.118,-0.234,-0.676,-0.21,-0.343,-0.301,-0.259,-0.594,-0.557,-0.123,-0.247,-0.464,0.002,0.181,0.132,0.155,-0.567,-0.048,0.376,-0.494,-0.436,0.518,-0.38,0.457,0.225,-0.013,-0.227,0.301,-0.279,-0.461,-0.113,-0.184,0.178,-0.301,-0.569,-0.3,0.464,-0.462,-0.459,0.516,-0.42,0.364,0.297,0.312,0.052,-0.291,-0.561,-0.406,-0.234,-0.444,0.41,0.319,-0.084,-0.536,-0.323,0.01,0.004,-0.321,-0.764,-0.063,-0.419,-0.343,-0.651,-0.101,-0.377,-0.47,0.213,-0.438,-0.536,-0.113,0.361,-0.548,-0.27,-0.255,0.508,-0.201,-0.413,-0.052,0.108,-0.698,-0.528,-0.49,0.363,-0.631,0.366,0.317,0.501,-0.591,0.014,-0.296,0.146,-0.168,-0.406,-0.3,-0.543,-0.602,0.318,-0.14,-0.662,-0.499,-0.289,0.101,0.409,-0.244,0.076,-0.407,0.35,-0.263,-0.476,-0.408,-0.053,-0.427,-0.562,0.514,-0.569,-0.607,0.651,0.091,0.318,0.012,0.306,-0.009,0.315,-0.473,0.497,-0.612,-0.464,0.359,-0.452,0.464,-0.627,-0.663,-0.05,-0.673,0.338,-0.566,-0.216,0.008,-0.574,0.421,-0.59,0.582,0.213,0.279,-0.21,-0.676,-0.155,0.211,0.009,-0.629,0.167,-0.432,0.281,-0.147,-0.711,-0.008,-0.274,-0.482,0.523,0.416,-0.582,-0.08,0.279,0.071,-0.383,-0.261,-0.385,-0.422,0.046,-0.563,-0.443,0.385
ATEX,0.388,0.78,0.198,0.234,-0.543,0.738,0.546,0.376,0.69,0.876,-0.211,0.841,-0.507,-0.692,0.67,0.866,-0.522,0.0,-0.104,0.839,0.577,0.8,-0.054,0.522,0.7,0.419,0.357,0.727,-0.397,0.524,0.668,0.578,0.754,0.777,0.396,0.895,0.618,-0.015,0.253,0.113,0.364,-0.348,0.396,0.052,0.794,0.273,-0.375,0.805,0.431,-0.567,0.19,-0.558,0.025,0.151,0.236,-0.096,0.796,0.636,0.635,0.677,0.121,0.104,0.764,0.709,-0.559,0.581,0.714,-0.462,0.214,-0.415,-0.757,-0.383,0.37,0.113,0.74,0.526,0.817,0.58,0.016,-0.109,0.109,0.64,0.585,0.048,-0.339,0.151,0.616,0.372,0.668,0.706,0.619,0.162,0.466,0.663,0.25,0.65,0.865,0.094,-0.089,0.703,0.021,0.465,-0.454,0.262,0.812,-0.03,0.353,0.797,0.561,0.768,-0.671,0.653,-0.489,-0.27,-0.673,0.133,-0.038,-0.025,0.035,0.409,0.646,-0.042,0.784,0.812,-0.215,-0.038,0.748,0.868,0.526,0.444,-0.507,0.664,0.143,0.732,0.045,0.228,0.786,0.382,0.523,0.562,0.906,-0.39,0.679,0.574,-0.721,0.05,-0.498,0.163,-0.149,0.368,0.107,0.812,-0.486,0.783,0.642,0.136,0.334,-0.75,0.463,0.659,0.369,0.696,-0.469,0.524,0.419,0.124,0.761,-0.2,0.777,-0.779,-0.043,-0.121,0.576,0.753,0.114,-0.406,-0.156,0.889,0.234,0.546,-0.428,0.192,0.848,0.176,0.373,0.821,-0.686,0.084,0.833,0.082,-0.164,-0.36,0.24,0.57,0.688,0.636,0.387,0.525,0.88,-0.186
ATRA,0.203,-0.348,0.39,0.211,0.763,-0.134,0.451,0.414,-0.287,-0.028,0.629,-0.181,0.572,0.616,0.428,-0.024,0.452,-0.104,0.0,-0.1,-0.55,-0.4,0.776,-0.609,0.197,0.531,0.513,-0.468,0.407,0.204,-0.378,0.3,0.289,-0.149,0.35,-0.136,-0.06,0.554,0.225,-0.314,0.546,0.058,0.618,0.329,-0.294,0.357,0.77,0.053,-0.474,0.645,-0.659,0.448,0.706,-0.212,0.335,0.869,0.31,0.251,0.37,0.302,0.72,0.13,-0.258,0.187,0.642,0.175,-0.008,0.8,-0.32,0.719,0.345,0.685,0.566,0.291,-0.329,0.214,0.214,-0.159,0.815,0.722,0.369,-0.236,-0.241,0.707,0.371,-0.2,-0.259,0.62,0.093,0.066,-0.25,0.491,-0.29,0.027,0.766,0.048,-0.103,0.46,0.668,-0.456,-0.005,0.279,0.778,-0.145,0.085,0.462,0.5,-0.424,-0.413,0.002,0.183,-0.455,0.341,0.753,0.626,-0.796,0.578,0.246,0.762,0.59,0.24,-0.49,0.071,-0.243,0.827,0.462,-0.42,0.019,0.19,0.697,0.691,0.375,0.461,0.056,0.818,0.218,-0.021,-0.129,0.373,-0.335,-0.257,0.764,-0.043,-0.318,0.518,0.708,0.482,0.581,0.633,0.551,0.79,-0.129,0.745,-0.242,-0.267,0.827,0.046,0.335,-0.292,-0.58,0.124,-0.593,0.715,-0.562,0.458,0.521,0.064,0.841,-0.272,0.542,0.766,0.784,0.519,-0.46,-0.031,0.532,0.263,-0.144,0.642,-0.087,0.534,0.062,-0.319,0.571,0.428,-0.164,0.468,0.357,-0.168,0.524,0.76,0.398,0.131,0.309,-0.135,-0.25,0.624,-0.314,-0.117,0.81
AUTL,0.516,0.841,0.167,0.319,-0.568,0.817,0.63,0.233,0.639,0.828,-0.319,0.897,-0.554,-0.67,0.697,0.924,-0.477,0.839,-0.1,0.0,0.684,0.816,-0.053,0.605,0.861,0.583,0.225,0.738,-0.342,0.741,0.675,0.723,0.849,0.837,0.393,0.922,0.728,0.091,0.453,0.281,0.537,-0.474,0.535,0.158,0.908,0.308,-0.345,0.858,0.559,-0.57,0.283,-0.68,0.077,0.415,0.254,-0.086,0.799,0.748,0.7,0.768,0.114,0.186,0.907,0.807,-0.511,0.656,0.84,-0.446,0.326,-0.313,-0.686,-0.357,0.503,0.064,0.632,0.514,0.838,0.591,0.083,-0.05,0.137,0.795,0.639,0.077,-0.325,0.256,0.722,0.462,0.61,0.876,0.696,0.048,0.485,0.787,0.288,0.512,0.918,0.259,-0.052,0.818,0.023,0.458,-0.48,0.421,0.909,-0.085,0.496,0.816,0.577,0.869,-0.726,0.731,-0.576,-0.266,-0.563,0.113,0.08,0.036,0.151,0.403,0.78,-0.112,0.84,0.927,-0.162,0.098,0.84,0.916,0.744,0.419,-0.454,0.613,0.154,0.784,0.121,0.227,0.894,0.299,0.647,0.711,0.882,-0.353,0.811,0.633,-0.761,0.056,-0.499,0.294,-0.183,0.412,0.081,0.901,-0.541,0.861,0.554,0.219,0.5,-0.75,0.672,0.706,0.216,0.755,-0.406,0.475,0.357,0.324,0.79,-0.177,0.892,-0.69,-0.062,-0.083,0.67,0.828,0.058,-0.271,-0.232,0.803,0.321,0.555,-0.417,0.194,0.857,0.028,0.462,0.946,-0.684,0.302,0.933,0.203,-0.108,-0.363,0.229,0.67,0.576,0.764,0.344,0.694,0.905,-0.1
AVDL,0.191,0.882,-0.163,0.048,-0.88,0.799,0.219,-0.146,0.527,0.503,-0.559,0.782,-0.825,-0.797,0.333,0.638,-0.628,0.577,-0.55,0.684,0.0,0.858,-0.57,0.924,0.464,0.119,-0.101,0.898,-0.46,0.46,0.832,0.205,0.437,0.706,0.191,0.671,0.451,-0.272,0.114,0.516,0.004,-0.258,0.025,-0.266,0.782,-0.209,-0.724,0.521,0.814,-0.667,0.815,-0.702,-0.323,0.396,0.209,-0.55,0.368,0.314,0.242,0.323,-0.165,0.252,0.775,0.506,-0.607,0.38,0.479,-0.84,0.536,-0.61,-0.571,-0.75,0.032,-0.002,0.659,0.041,0.42,0.621,-0.462,-0.605,-0.081,0.78,0.688,-0.441,-0.373,0.539,0.743,-0.083,0.449,0.517,0.653,-0.356,0.654,0.458,-0.304,0.487,0.663,-0.154,-0.541,0.916,0.161,0.007,-0.772,0.659,0.567,-0.42,0.089,0.851,0.809,0.648,-0.514,0.907,-0.504,-0.632,-0.684,0.669,-0.339,-0.04,-0.378,-0.074,0.46,0.292,0.499,0.804,-0.573,-0.274,0.868,0.653,0.437,-0.045,-0.661,0.188,-0.325,0.524,-0.408,0.302,0.651,0.142,0.293,0.868,0.754,-0.778,0.664,0.785,-0.779,-0.488,-0.648,-0.183,-0.455,0.058,-0.45,0.772,-0.801,0.819,0.712,-0.323,0.289,-0.559,0.714,0.909,0.253,0.899,-0.576,0.841,-0.115,0.1,0.482,-0.611,0.801,-0.689,-0.515,-0.6,0.099,0.885,0.312,-0.319,-0.207,0.695,-0.281,0.595,-0.518,0.33,0.754,-0.39,-0.006,0.762,-0.707,-0.009,0.763,-0.183,-0.48,-0.51,0.142,0.406,0.585,0.826,-0.223,0.785,0.669,-0.491
BCRX,0.246,0.894,-0.098,0.14,-0.768,0.89,0.355,0.106,0.68,0.667,-0.34,0.927,-0.764,-0.848,0.489,0.788,-0.568,0.8,-0.4,0.816,0.858,0.0,-0.389,0.893,0.635,0.237,0.022,0.934,-0.551,0.611,0.869,0.383,0.604,0.883,0.386,0.834,0.495,-0.233,0.058,0.414,0.174,-0.231,0.231,-0.259,0.863,-0.07,-0.698,0.713,0.816,-0.631,0.619,-0.661,-0.08,0.281,0.241,-0.455,0.623,0.388,0.46,0.502,-0.05,0.291,0.859,0.651,-0.581,0.561,0.618,-0.773,0.369,-0.629,-0.79,-0.675,0.216,-0.029,0.763,0.143,0.617,0.739,-0.321,-0.497,0.087,0.809,0.833,-0.365,-0.468,0.477,0.751,0.051,0.544,0.649,0.624,-0.3,0.786,0.514,-0.07,0.592,0.791,-0.159,-0.479,0.963,0.143,0.16,-0.699,0.633,0.735,-0.381,0.266,0.929,0.871,0.815,-0.572,0.914,-0.472,-0.53,-0.761,0.453,-0.331,-0.042,-0.251,0.093,0.602,0.166,0.683,0.884,-0.502,-0.307,0.907,0.819,0.516,0.213,-0.673,0.442,-0.277,0.732,-0.292,0.385,0.824,0.163,0.471,0.869,0.905,-0.672,0.735,0.799,-0.793,-0.33,-0.653,-0.078,-0.319,0.297,-0.287,0.922,-0.708,0.943,0.725,-0.139,0.216,-0.645,0.588,0.908,0.452,0.891,-0.581,0.802,0.019,0.127,0.596,-0.483,0.916,-0.746,-0.404,-0.462,0.283,0.904,0.395,-0.321,-0.166,0.867,-0.058,0.714,-0.486,0.392,0.864,-0.254,0.063,0.883,-0.759,0.041,0.854,-0.197,-0.462,-0.629,0.176,0.582,0.772,0.887,0.036,0.779,0.83,-0.428
BHAT,0.119,-0.373,0.614,0.036,0.711,-0.166,0.354,0.316,-0.253,0.022,0.65,-0.198,0.58,0.645,0.325,-0.018,0.344,-0.054,0.776,-0.053,-0.57,-0.389,0.0,-0.605,0.165,0.513,0.489,-0.414,0.402,0.181,-0.34,0.298,0.243,-0.158,0.341,-0.097,-0.064,0.556,0.217,-0.333,0.524,0.183,0.486,0.284,-0.261,0.412,0.759,0.048,-0.433,0.623,-0.709,0.511,0.701,-0.241,0.389,0.828,0.25,0.335,0.342,0.268,0.685,0.149,-0.261,0.109,0.607,0.18,-0.003,0.753,-0.449,0.752,0.313,0.67,0.55,0.467,-0.209,0.279,0.177,-0.153,0.764,0.647,0.411,-0.322,-0.189,0.723,0.359,-0.096,-0.229,0.529,0.223,0.031,-0.268,0.546,-0.221,-0.001,0.714,0.1,-0.149,0.448,0.626,-0.455,0.115,0.396,0.794,-0.26,0.091,0.472,0.428,-0.415,-0.41,0.033,0.296,-0.423,0.367,0.761,0.612,-0.714,0.575,0.238,0.78,0.648,0.155,-0.504,0.059,-0.261,0.846,0.453,-0.452,-0.003,0.217,0.612,0.707,0.387,0.426,0.031,0.726,0.124,-0.063,0.028,0.342,-0.423,-0.249,0.735,-0.0,-0.249,0.45,0.682,0.606,0.501,0.715,0.552,0.77,-0.147,0.755,-0.241,-0.339,0.688,-0.005,0.326,-0.296,-0.518,0.081,-0.564,0.609,-0.494,0.509,0.494,0.102,0.811,-0.26,0.459,0.763,0.749,0.532,-0.458,-0.045,0.431,0.397,-0.065,0.667,0.007,0.577,0.071,-0.247,0.567,0.465,-0.148,0.51,0.257,-0.107,0.552,0.713,0.506,0.272,0.281,-0.055,-0.339,0.537,-0.269,-0.178,0.752
BLBD,0.065,0.802,-0.241,-0.016,-0.854,0.782,0.103,-0.199,0.474,0.404,-0.451,0.775,-0.798,-0.778,0.222,0.568,-0.587,0.522,-0.609,0.605,0.924,0.893,-0.605,0.0,0.391,0.014,-0.236,0.896,-0.508,0.449,0.87,0.086,0.32,0.704,0.257,0.607,0.309,-0.353,-0.084,0.559,-0.09,-0.081,-0.037,-0.472,0.708,-0.327,-0.785,0.475,0.907,-0.577,0.84,-0.606,-0.223,0.277,0.192,-0.664,0.286,0.152,0.162,0.177,-0.216,0.329,0.709,0.424,-0.522,0.378,0.364,-0.874,0.442,-0.652,-0.582,-0.782,-0.033,-0.046,0.643,-0.127,0.305,0.664,-0.566,-0.74,-0.016,0.719,0.75,-0.567,-0.439,0.637,0.713,-0.239,0.396,0.43,0.536,-0.516,0.823,0.291,-0.379,0.464,0.564,-0.307,-0.708,0.917,0.187,-0.085,-0.754,0.73,0.484,-0.545,0.059,0.834,0.9,0.623,-0.365,0.936,-0.361,-0.656,-0.677,0.7,-0.469,-0.016,-0.451,-0.178,0.403,0.318,0.439,0.724,-0.64,-0.436,0.828,0.593,0.371,-0.078,-0.656,0.137,-0.513,0.506,-0.538,0.388,0.603,0.067,0.239,0.9,0.708,-0.821,0.631,0.811,-0.706,-0.566,-0.6,-0.281,-0.411,0.087,-0.549,0.76,-0.758,0.824,0.696,-0.381,0.111,-0.439,0.611,0.915,0.346,0.867,-0.596,0.896,-0.275,0.049,0.346,-0.643,0.789,-0.628,-0.632,-0.682,-0.027,0.844,0.482,-0.258,-0.143,0.675,-0.353,0.648,-0.436,0.451,0.712,-0.489,-0.136,0.706,-0.67,-0.096,0.685,-0.356,-0.595,-0.641,0.124,0.426,0.648,0.858,-0.293,0.819,0.585,-0.563
BMRN,0.702,0.634,0.3,0.472,-0.294,0.762,0.825,0.334,0.451,0.79,-0.145,0.777,-0.364,-0.436,0.787,0.882,-0.33,0.7,0.197,0.861,0.464,0.635,0.165,0.391,0.0,0.738,0.283,0.486,-0.115,0.784,0.574,0.8,0.916,0.74,0.466,0.828,0.705,0.365,0.54,0.302,0.804,-0.535,0.811,0.218,0.769,0.432,-0.061,0.858,0.39,-0.319,0.105,-0.539,0.34,0.227,0.32,0.189,0.825,0.762,0.853,0.782,0.33,0.297,0.806,0.926,-0.218,0.577,0.783,-0.123,0.312,-0.018,-0.504,-0.134,0.721,0.097,0.368,0.545,0.839,0.475,0.392,0.22,0.43,0.733,0.569,0.33,-0.144,0.223,0.582,0.676,0.536,0.929,0.653,0.188,0.371,0.841,0.622,0.482,0.828,0.49,0.153,0.633,0.109,0.428,-0.207,0.437,0.937,0.0,0.783,0.609,0.457,0.817,-0.657,0.598,-0.449,-0.065,-0.269,-0.195,0.36,0.185,0.404,0.551,0.895,-0.296,0.876,0.82,0.156,0.292,0.665,0.867,0.844,0.654,-0.142,0.617,0.297,0.773,0.431,0.292,0.848,0.188,0.833,0.606,0.677,-0.039,0.826,0.472,-0.517,0.3,-0.281,0.561,-0.076,0.517,0.372,0.808,-0.277,0.761,0.474,0.542,0.552,-0.577,0.626,0.462,0.091,0.525,-0.091,0.285,0.417,0.574,0.801,0.124,0.759,-0.423,0.232,0.145,0.815,0.635,0.032,-0.026,-0.185,0.652,0.591,0.452,-0.12,0.348,0.745,0.235,0.645,0.857,-0.504,0.367,0.844,0.442,0.241,-0.212,0.242,0.762,0.397,0.656,0.562,0.664,0.783,0.256
BNGO,0.685,0.41,0.562,0.526,0.164,0.493,0.882,0.537,0.094,0.624,0.024,0.49,0.096,0.082,0.794,0.646,-0.194,0.419,0.531,0.583,0.119,0.237,0.513,0.014,0.738,0.0,0.507,0.18,0.256,0.693,0.29,0.818,0.799,0.317,0.708,0.583,0.61,0.707,0.675,0.163,0.846,-0.358,0.76,0.279,0.475,0.369,0.425,0.721,0.043,0.11,-0.233,-0.215,0.62,0.05,0.497,0.646,0.759,0.827,0.684,0.726,0.539,0.473,0.456,0.699,0.239,0.664,0.648,0.343,0.259,0.46,-0.029,0.385,0.84,0.534,0.105,0.599,0.617,0.292,0.618,0.55,0.449,0.508,0.292,0.687,0.28,0.079,0.536,0.887,0.481,0.648,0.503,0.52,0.112,0.646,0.695,0.414,0.594,0.787,0.449,0.208,0.257,0.521,0.26,0.247,0.72,0.378,0.712,0.328,0.139,0.622,-0.345,0.218,-0.21,0.43,0.165,-0.354,0.682,0.478,0.812,0.837,0.812,-0.274,0.635,0.498,0.555,0.563,0.34,0.652,0.704,0.682,0.357,0.621,0.448,0.569,0.626,0.501,0.627,0.107,0.744,0.243,0.348,0.335,0.685,0.215,-0.14,0.679,0.079,0.816,0.255,0.659,0.55,0.499,0.175,0.474,0.228,0.629,0.528,-0.241,0.432,0.091,0.061,0.18,0.36,-0.054,0.678,0.777,0.683,0.579,0.416,-0.01,0.597,0.591,0.881,0.275,0.065,0.451,0.066,0.437,0.621,0.356,0.274,0.253,0.379,0.557,0.846,0.521,-0.079,0.301,0.583,0.683,0.629,0.213,0.467,0.786,0.147,0.359,0.697,0.407,0.466,0.61
BUSE,0.348,0.129,0.459,0.231,0.264,0.162,0.488,0.576,0.153,0.379,0.221,0.213,0.266,0.133,0.55,0.34,-0.011,0.357,0.513,0.225,-0.101,0.022,0.489,-0.236,0.283,0.507,0.0,0.026,0.334,0.234,0.059,0.453,0.458,0.089,0.425,0.286,0.337,0.465,0.408,-0.054,0.433,-0.03,0.42,0.328,0.158,0.358,0.378,0.398,-0.252,0.106,-0.319,0.008,0.394,-0.124,0.354,0.575,0.493,0.53,0.41,0.471,0.481,0.247,0.062,0.323,0.156,0.441,0.345,0.34,-0.043,0.243,0.038,0.354,0.408,0.412,0.22,0.492,0.425,0.166,0.445,0.454,0.227,0.119,0.026,0.542,0.293,-0.12,0.185,0.576,0.408,0.244,0.202,0.589,-0.086,0.316,0.502,0.455,0.326,0.447,0.406,-0.063,0.23,0.601,0.283,-0.156,0.33,0.526,0.29,0.069,-0.034,0.227,-0.14,-0.06,-0.12,0.335,0.161,-0.346,0.505,0.339,0.477,0.655,0.395,-0.106,0.34,0.164,0.479,0.443,0.056,0.365,0.327,0.509,0.204,0.662,0.52,0.347,0.515,0.272,0.297,0.428,0.324,-0.08,0.201,0.335,0.248,0.062,-0.049,0.532,0.059,0.479,0.4,0.406,0.56,0.178,0.261,0.151,0.206,0.406,0.339,-0.096,0.033,-0.044,0.305,-0.075,0.287,-0.078,0.717,0.348,0.49,0.446,0.132,0.015,0.531,0.463,0.548,0.055,-0.045,0.239,0.141,0.368,0.495,0.27,0.179,0.069,0.178,0.622,0.547,0.157,0.005,0.139,0.22,0.505,0.414,0.24,0.449,0.366,0.179,0.021,0.577,-0.075,0.314,0.38
CAKE,0.097,0.9,-0.002,-0.036,-0.817,0.827,0.222,0.031,0.628,0.574,-0.391,0.87,-0.755,-0.779,0.443,0.706,-0.643,0.727,-0.468,0.738,0.898,0.934,-0.414,0.896,0.486,0.18,0.026,0.0,-0.515,0.557,0.849,0.257,0.5,0.802,0.357,0.757,0.424,-0.253,0.014,0.408,0.023,-0.098,0.06,-0.324,0.82,-0.167,-0.717,0.617,0.819,-0.62,0.654,-0.562,-0.189,0.237,0.343,-0.484,0.517,0.395,0.338,0.427,-0.058,0.306,0.779,0.517,-0.583,0.558,0.526,-0.817,0.316,-0.621,-0.688,-0.679,0.108,0.087,0.847,0.104,0.509,0.763,-0.427,-0.584,-0.009,0.731,0.762,-0.38,-0.456,0.55,0.792,-0.058,0.611,0.491,0.598,-0.316,0.776,0.405,-0.216,0.655,0.701,-0.217,-0.505,0.918,0.138,0.182,-0.691,0.572,0.626,-0.342,0.098,0.907,0.837,0.762,-0.434,0.895,-0.447,-0.493,-0.732,0.584,-0.386,-0.025,-0.296,0.096,0.491,0.257,0.561,0.819,-0.501,-0.294,0.869,0.727,0.439,0.108,-0.658,0.419,-0.348,0.655,-0.395,0.379,0.733,0.18,0.336,0.814,0.874,-0.745,0.678,0.857,-0.817,-0.392,-0.56,-0.215,-0.253,0.292,-0.386,0.859,-0.693,0.888,0.677,-0.27,0.202,-0.557,0.573,0.937,0.496,0.885,-0.602,0.833,0.04,0.108,0.543,-0.516,0.865,-0.72,-0.47,-0.542,0.206,0.879,0.427,-0.31,-0.029,0.866,-0.185,0.77,-0.503,0.327,0.828,-0.304,0.011,0.803,-0.678,-0.091,0.812,-0.219,-0.518,-0.539,0.263,0.497,0.804,0.805,-0.125,0.72,0.734,-0.487
CASY,0.381,-0.395,0.412,0.326,0.518,-0.386,0.192,0.296,-0.497,-0.161,0.055,-0.351,0.633,0.599,0.073,-0.192,0.118,-0.397,0.407,-0.342,-0.46,-0.551,0.402,-0.508,-0.115,0.256,0.334,-0.515,0.0,-0.143,-0.238,0.126,-0.047,-0.538,0.144,-0.246,0.144,0.709,0.421,0.267,0.31,0.024,0.09,0.237,-0.323,0.235,0.652,-0.06,-0.527,0.401,-0.33,0.228,0.388,-0.372,0.07,0.526,-0.132,0.194,-0.056,-0.197,0.208,0.346,-0.382,-0.067,0.557,-0.034,-0.089,0.649,0.078,0.571,0.695,0.613,0.135,0.301,-0.509,0.206,-0.252,-0.269,0.355,0.533,0.441,-0.17,-0.357,0.626,0.685,-0.204,-0.154,0.391,-0.201,-0.089,0.093,0.527,-0.454,0.074,0.347,-0.149,-0.228,0.63,0.373,-0.55,0.429,0.144,0.514,-0.298,-0.19,0.54,0.142,-0.432,-0.272,-0.347,0.253,-0.392,0.128,0.349,0.643,-0.299,0.723,0.673,0.464,0.311,0.081,0.083,-0.067,-0.327,0.564,0.663,-0.347,-0.194,0.082,0.054,0.608,-0.014,0.505,-0.154,0.426,0.063,-0.232,0.156,-0.021,-0.443,-0.499,0.565,-0.036,-0.314,0.407,0.571,0.48,0.555,0.211,-0.054,0.405,-0.424,0.472,-0.341,-0.179,0.239,0.389,0.408,0.057,-0.432,-0.346,-0.448,0.669,-0.376,0.386,0.282,0.044,0.538,-0.361,0.577,0.584,0.448,0.146,-0.351,-0.247,0.61,0.036,-0.334,0.301,-0.127,0.595,0.119,-0.305,0.582,0.447,-0.4,0.377,-0.114,-0.288,0.57,0.604,0.664,0.433,-0.033,-0.557,-0.387,0.286,-0.203,-0.376,0.511
CCOI,0.389,0.608,0.344,0.227,-0.213,0.784,0.615,0.352,0.368,0.539,0.036,0.739,-0.407,-0.295,0.707,0.684,-0.234,0.524,0.204,0.741,0.46,0.611,0.181,0.449,0.784,0.693,0.234,0.557,-0.143,0.0,0.52,0.611,0.769,0.739,0.583,0.693,0.403,0.246,0.24,0.202,0.661,-0.203,0.653,-0.111,0.681,0.118,-0.137,0.723,0.589,-0.108,0.101,-0.267,0.394,0.084,0.593,0.153,0.783,0.649,0.759,0.759,0.483,0.404,0.735,0.787,-0.026,0.64,0.565,-0.143,0.093,0.01,-0.449,-0.112,0.752,0.164,0.414,0.258,0.694,0.676,0.317,0.086,0.241,0.618,0.702,0.19,-0.263,0.42,0.584,0.475,0.571,0.672,0.498,-0.05,0.562,0.543,0.428,0.557,0.634,0.279,0.154,0.632,0.168,0.246,-0.102,0.553,0.823,-0.114,0.705,0.575,0.498,0.805,-0.322,0.554,-0.188,0.142,-0.167,-0.161,0.143,0.129,0.447,0.604,0.737,-0.323,0.638,0.695,0.169,0.104,0.581,0.755,0.709,0.617,-0.032,0.605,-0.094,0.793,0.326,0.505,0.775,-0.169,0.808,0.629,0.627,-0.015,0.686,0.533,-0.362,0.221,-0.062,0.34,0.124,0.769,0.259,0.827,-0.143,0.716,0.309,0.459,0.274,-0.323,0.405,0.433,0.441,0.446,0.038,0.293,0.318,0.651,0.609,0.252,0.698,-0.212,0.214,0.117,0.689,0.507,0.382,0.205,0.115,0.619,0.417,0.637,0.005,0.394,0.548,-0.021,0.4,0.782,-0.282,0.236,0.768,0.312,0.221,-0.187,0.262,0.751,0.565,0.642,0.292,0.616,0.612,0.312
CEVA,0.343,0.803,0.074,0.131,-0.705,0.838,0.414,0.037,0.427,0.624,-0.365,0.855,-0.599,-0.654,0.492,0.756,-0.676,0.668,-0.378,0.675,0.832,0.869,-0.34,0.87,0.574,0.29,0.059,0.849,-0.238,0.52,0.0,0.307,0.556,0.682,0.52,0.751,0.514,0.019,0.146,0.672,0.188,-0.127,0.175,-0.353,0.757,-0.113,-0.521,0.683,0.745,-0.457,0.67,-0.57,0.049,0.085,0.36,-0.357,0.486,0.43,0.369,0.301,0.049,0.552,0.705,0.615,-0.36,0.538,0.497,-0.656,0.48,-0.442,-0.485,-0.572,0.177,0.228,0.636,0.135,0.439,0.676,-0.326,-0.508,0.281,0.778,0.739,-0.215,-0.182,0.631,0.798,0.082,0.58,0.571,0.71,-0.172,0.779,0.487,-0.065,0.659,0.684,0.001,-0.563,0.832,0.415,0.131,-0.543,0.663,0.649,-0.318,0.277,0.836,0.933,0.732,-0.395,0.932,-0.378,-0.495,-0.538,0.546,-0.124,0.297,-0.175,0.157,0.658,0.287,0.638,0.779,-0.355,-0.16,0.822,0.758,0.58,0.191,-0.453,0.367,-0.219,0.659,-0.26,0.56,0.709,0.259,0.418,0.807,0.742,-0.635,0.836,0.854,-0.682,-0.237,-0.469,0.036,-0.28,0.251,-0.234,0.801,-0.578,0.892,0.823,-0.169,0.329,-0.43,0.71,0.877,0.325,0.805,-0.387,0.888,0.058,0.256,0.62,-0.394,0.824,-0.597,-0.298,-0.466,0.248,0.851,0.471,-0.073,-0.043,0.826,-0.07,0.764,-0.196,0.638,0.825,-0.074,0.215,0.743,-0.635,-0.151,0.796,-0.066,-0.308,-0.469,0.437,0.64,0.659,0.847,0.043,0.872,0.655,-0.312
