,AAPL,ACRS,ADP,AFYA,AGNC,AGYS,ALT,AMGN,AMPH,AMZN,ANIP,AOSL,APDN,APLT,APVO,ARGX,ARLP,ATEX,ATRA,AUTL,AVDL,BCRX,BHAT,BLBD,BMRN,BNGO,BUSE,CAKE,CASY,CCOI,CEVA,CHY,CLDX,CLMT,COHU,COLM,COST,CPRT,CSWC,CSX,DBX,DCOM,DKNG,DMLP,DOX,EA,EDIT,ENPH,ENSG,ERNA,ESGR,ETNB,EXTR,FANG,FARO,FATE,FGEN,FIVE,FIVN,FLGT,FOLD,FORM,FOXA,FRPT,FSLR,FTAI,GBDC,GDYN,GGAL,GNLN,GRFS,GT,HCAT,HCM,HFWA,HOLX,HQY,HUBG,IAC,ICLR,IDCC,IEP,IHRT,ILMN,ILPT,IMAB,IMOS,INMD,INTZ,JAZZ,JKHY,JRVR,KIDS,LBRDK,LGND,LMAT,LPLA,LULU,MASI,MAT,MATW,MBIN,MBIO,MCRB,MDB,MDLZ,MELI,MIRM,MLKN,MNMD,MNRO,MPWR,MRCY,MRSN,MTVA,NAAS,NDAQ,NDSN,NEGG,NOVT,NVDA,NWE,NWSA,NXST,OCX,ODFL,OMAB,OPCH,OPRA,ORGO,OTRK,OZK,PAGP,PCH,PEGA,PENG,PENN,PFBC,PGNY,PHAT,PHUN,PINC,PLUG,PLXS,PYPL,QLYS,QNCX,QQQX,QVCGA,RAPT,RBBN,RCKT,REPL,RMBS,ROAD,ROKU,ROP,RUSHA,SANM,SATS,SBCF,SBLK,SBUX,SCHL,SCSC,SDGR,SEIC,SFIX,SGRY,SKYW,SLP,SNES,STAA,STLD,STOK,SWKS,TER,TFIN,TIGO,TILE,TPIC,TTEC,TTEK,TTGT,UXIN,VERU,VLYPP,VNOM,VRNS,VRSN,WDAY,WERN,WINA,WKHS,WRLD,XP,XTKG,YY,ZION,ZM
AAPL,0.0,0.44,0.964,0.956,0.838,0.139,0.455,0.138,-0.387,0.973,0.768,0.687,0.81,0.797,0.449,0.28,0.783,0.948,0.283,0.462,0.717,0.686,-0.753,0.948,0.782,0.847,0.409,0.902,0.881,-0.185,0.202,0.949,0.772,0.887,0.634,0.108,0.849,0.929,0.927,0.941,0.889,0.925,0.873,0.371,0.806,0.679,0.78,0.94,0.911,-0.545,-0.318,0.793,0.956,0.733,0.887,0.367,0.8,0.898,0.954,-0.301,0.471,-0.72,-0.003,0.572,0.966,0.611,0.922,0.971,0.885,-0.499,-0.847,0.928,-0.443,0.494,0.263,0.823,0.282,0.947,0.496,0.855,-0.492,0.902,0.872,0.961,-0.62,-0.587,-0.177,0.967,0.724,-0.512,0.923,0.947,0.87,-0.538,0.644,0.958,0.965,0.903,0.947,0.399,-0.492,0.957,0.575,0.9,0.91,0.866,0.93,0.468,0.975,-0.579,0.928,0.947,-0.841,0.318,-0.882,-0.234,0.916,0.968,0.429,0.758,0.728,-0.527,0.83,0.932,0.297,0.95,0.886,0.911,0.304,0.277,-0.465,0.913,0.883,0.625,-0.792,0.821,0.788,0.654,0.658,-0.649,0.695,0.757,0.957,0.928,0.96,0.509,0.197,0.943,0.881,-0.002,-0.293,-0.301,0.334,0.934,0.838,-0.505,0.921,-0.367,0.94,0.888,0.694,0.568,0.932,0.801,0.282,0.423,0.926,0.688,0.296,0.843,0.846,0.873,0.896,0.962,0.66,0.904,0.375,0.808,0.904,-0.277,0.932,0.236,0.577,0.944,-0.871,-0.633,0.881,0.765,0.524,0.936,0.969,0.657,0.921,0.775,0.739,0.788,0.631,-0.004,0.822,0.773
ACRS,0.44,0.0,0.415,0.48,0.185,0.312,0.321,0.146,-0.438,0.391,0.478,-0.058,0.579,0.685,0.81,0.597,0.155,0.418,0.615,0.899,0.763,0.842,-0.296,0.528,0.809,0.531,-0.163,0.51,0.431,-0.763,-0.179,0.266,0.857,0.666,0.155,0.498,0.133,0.287,0.416,0.379,0.585,0.213,0.681,-0.077,0.451,0.153,0.668,0.338,0.318,0.067,-0.073,0.583,0.378,0.143,0.708,0.701,0.834,0.455,0.44,-0.562,0.887,-0.283,0.167,0.095,0.426,-0.041,0.519,0.46,0.267,-0.082,-0.116,0.589,-0.873,0.884,0.15,0.36,0.755,0.617,0.607,0.239,-0.586,0.223,0.507,0.357,-0.483,-0.236,-0.016,0.48,0.477,0.15,0.381,0.521,0.705,0.213,0.763,0.459,0.523,0.409,0.499,0.012,-0.57,0.356,0.673,0.643,0.625,0.098,0.658,0.749,0.423,-0.618,0.419,0.475,-0.51,0.506,-0.246,0.006,0.363,0.389,0.583,0.148,0.044,0.007,0.491,0.478,0.66,0.392,0.575,0.27,0.267,0.2,-0.246,0.411,0.483,-0.176,-0.229,0.139,0.214,0.255,0.83,-0.134,0.623,0.165,0.531,0.213,0.415,0.547,0.482,0.365,0.693,0.635,-0.201,0.41,0.396,0.359,0.728,0.18,0.299,-0.07,0.372,0.598,-0.049,0.192,0.371,0.141,-0.307,0.483,0.425,0.659,0.117,0.222,0.332,0.458,0.439,0.442,0.754,0.394,-0.032,0.104,0.33,-0.713,0.599,-0.192,-0.252,0.422,-0.179,-0.076,0.417,0.116,0.613,0.476,0.549,-0.001,0.324,0.486,0.637,0.362,0.387,0.142,0.413,0.495
ADP,0.964,0.415,0.0,0.924,0.861,0.0,0.351,0.162,-0.302,0.93,0.81,0.643,0.775,0.757,0.375,0.27,0.83,0.954,0.222,0.396,0.689,0.624,-0.811,0.928,0.762,0.775,0.413,0.84,0.889,-0.153,0.172,0.953,0.743,0.88,0.542,-0.044,0.846,0.911,0.912,0.922,0.823,0.94,0.819,0.442,0.772,0.662,0.703,0.974,0.906,-0.618,-0.404,0.749,0.972,0.789,0.83,0.308,0.772,0.849,0.89,-0.352,0.435,-0.825,-0.095,0.566,0.978,0.639,0.931,0.934,0.948,-0.583,-0.892,0.882,-0.449,0.413,0.242,0.76,0.277,0.917,0.38,0.872,-0.537,0.938,0.8,0.934,-0.581,-0.584,-0.268,0.952,0.682,-0.509,0.946,0.897,0.839,-0.64,0.596,0.923,0.952,0.823,0.913,0.347,-0.464,0.958,0.511,0.881,0.844,0.908,0.88,0.462,0.957,-0.671,0.901,0.916,-0.841,0.256,-0.909,-0.32,0.89,0.95,0.268,0.763,0.678,-0.444,0.81,0.918,0.206,0.932,0.864,0.947,0.302,0.362,-0.499,0.889,0.889,0.665,-0.875,0.79,0.744,0.635,0.618,-0.658,0.604,0.807,0.937,0.935,0.931,0.41,0.091,0.888,0.847,-0.103,-0.309,-0.426,0.296,0.912,0.825,-0.589,0.936,-0.489,0.925,0.878,0.718,0.583,0.883,0.853,0.224,0.298,0.863,0.589,0.268,0.836,0.843,0.847,0.857,0.962,0.632,0.839,0.245,0.78,0.942,-0.279,0.915,0.293,0.614,0.905,-0.885,-0.716,0.838,0.822,0.392,0.881,0.94,0.674,0.949,0.702,0.638,0.821,0.626,-0.142,0.782,0.67
AFYA,0.956,0.48,0.924,0.0,0.708,0.177,0.335,0.029,-0.39,0.954,0.689,0.615,0.893,0.852,0.45,0.367,0.774,0.947,0.374,0.534,0.756,0.776,-0.823,0.928,0.846,0.863,0.229,0.9,0.934,-0.281,0.169,0.87,0.812,0.912,0.585,0.111,0.839,0.884,0.878,0.86,0.864,0.856,0.927,0.175,0.68,0.531,0.807,0.903,0.901,-0.385,-0.372,0.809,0.943,0.624,0.909,0.402,0.832,0.952,0.958,-0.309,0.557,-0.748,-0.101,0.557,0.943,0.454,0.929,0.948,0.88,-0.36,-0.849,0.942,-0.493,0.539,0.248,0.778,0.357,0.934,0.594,0.722,-0.472,0.873,0.881,0.917,-0.647,-0.703,-0.261,0.974,0.76,-0.561,0.845,0.936,0.844,-0.52,0.683,0.967,0.938,0.879,0.887,0.293,-0.619,0.926,0.626,0.898,0.935,0.783,0.95,0.432,0.961,-0.619,0.93,0.965,-0.883,0.319,-0.824,-0.292,0.811,0.897,0.528,0.608,0.668,-0.448,0.77,0.864,0.455,0.904,0.96,0.874,0.243,0.235,-0.34,0.845,0.826,0.466,-0.792,0.759,0.756,0.541,0.71,-0.73,0.647,0.623,0.97,0.835,0.943,0.535,0.328,0.901,0.877,0.043,-0.436,-0.25,0.436,0.894,0.844,-0.41,0.825,-0.391,0.941,0.853,0.619,0.444,0.906,0.675,0.167,0.443,0.896,0.741,0.093,0.867,0.765,0.948,0.908,0.924,0.699,0.856,0.313,0.673,0.871,-0.386,0.94,0.179,0.433,0.971,-0.842,-0.514,0.936,0.64,0.637,0.946,0.952,0.526,0.902,0.843,0.716,0.786,0.507,0.087,0.733,0.772
AGNC,0.838,0.185,0.861,0.708,0.0,-0.042,0.474,0.202,-0.227,0.811,0.771,0.705,0.446,0.483,0.281,0.136,0.703,0.801,-0.019,0.135,0.447,0.31,-0.531,0.798,0.429,0.631,0.719,0.713,0.634,0.129,0.215,0.928,0.516,0.643,0.527,-0.008,0.77,0.879,0.894,0.885,0.721,0.92,0.572,0.727,0.856,0.779,0.505,0.87,0.747,-0.732,-0.199,0.57,0.82,0.882,0.655,0.121,0.511,0.646,0.736,-0.227,0.134,-0.599,0.134,0.556,0.849,0.863,0.784,0.787,0.792,-0.632,-0.738,0.722,-0.209,0.183,0.393,0.696,0.027,0.77,0.164,0.952,-0.408,0.807,0.661,0.874,-0.458,-0.253,0.064,0.776,0.439,-0.379,0.902,0.751,0.663,-0.607,0.349,0.727,0.813,0.772,0.842,0.622,-0.06,0.848,0.252,0.661,0.649,0.891,0.659,0.312,0.834,-0.387,0.786,0.716,-0.592,0.167,-0.798,-0.104,0.918,0.923,0.119,0.86,0.74,-0.558,0.771,0.89,-0.108,0.902,0.581,0.842,0.473,0.318,-0.494,0.9,0.869,0.89,-0.687,0.805,0.756,0.849,0.392,-0.387,0.569,0.839,0.756,0.937,0.792,0.297,-0.082,0.823,0.689,-0.187,-0.036,-0.454,-0.023,0.828,0.651,-0.613,0.958,-0.324,0.755,0.773,0.762,0.797,0.822,0.888,0.54,0.153,0.803,0.444,0.626,0.691,0.851,0.565,0.687,0.843,0.43,0.796,0.437,0.907,0.866,0.032,0.725,0.347,0.824,0.716,-0.768,-0.724,0.582,0.905,0.121,0.719,0.788,0.887,0.84,0.501,0.547,0.649,0.74,-0.114,0.846,0.565
AGYS,0.139,0.312,0.0,0.177,-0.042,0.0,0.399,0.006,-0.411,0.139,-0.03,-0.03,0.219,0.275,0.475,0.327,-0.177,0.086,0.392,0.388,0.352,0.396,0.055,0.151,0.253,0.394,0.051,0.314,0.066,-0.35,-0.14,0.0,0.307,0.22,0.115,0.632,0.032,0.082,0.158,0.153,0.347,-0.049,0.342,-0.2,0.234,0.061,0.358,-0.066,0.111,0.328,0.308,0.334,-0.019,-0.059,0.338,0.256,0.276,0.247,0.229,-0.203,0.383,0.148,0.461,-0.057,0.059,-0.227,0.069,0.16,-0.141,0.264,0.125,0.32,-0.279,0.375,0.008,0.275,0.221,0.242,0.57,-0.039,-0.155,-0.09,0.358,0.144,-0.282,-0.11,0.134,0.11,0.1,0.09,0.0,0.241,0.25,0.423,0.336,0.159,0.139,0.35,0.209,0.153,-0.225,0.048,0.312,0.152,0.339,-0.126,0.273,0.078,0.13,0.047,0.175,0.171,-0.101,0.384,0.082,0.135,0.125,0.125,0.644,0.02,0.038,-0.168,0.231,0.188,0.417,0.178,0.227,-0.024,0.179,-0.26,0.015,0.221,0.147,-0.206,0.199,-0.03,0.164,0.122,0.415,0.02,0.518,-0.205,0.209,-0.045,0.147,0.605,0.5,0.21,0.314,0.548,-0.129,0.594,0.042,0.09,0.288,0.398,0.002,0.553,0.096,0.176,-0.169,0.091,0.207,-0.141,0.085,0.303,0.323,0.5,0.09,-0.043,0.021,0.182,0.203,0.077,0.359,0.189,0.492,0.04,-0.022,-0.278,0.219,-0.317,-0.245,0.157,-0.009,0.286,0.175,-0.13,0.616,0.265,0.216,-0.081,-0.04,0.283,0.552,-0.077,0.062,0.484,0.286,0.404
ALT,0.455,0.321,0.351,0.335,0.474,0.399,0.0,0.179,-0.403,0.394,0.442,0.256,0.237,0.375,0.529,0.065,0.12,0.321,0.215,0.316,0.418,0.35,0.051,0.433,0.319,0.524,0.418,0.47,0.212,-0.24,-0.007,0.449,0.4,0.43,0.314,0.519,0.291,0.409,0.547,0.55,0.564,0.386,0.426,0.382,0.628,0.466,0.41,0.309,0.411,-0.301,0.221,0.494,0.288,0.458,0.479,0.304,0.383,0.366,0.428,-0.314,0.324,-0.065,0.51,0.156,0.392,0.294,0.369,0.418,0.162,-0.261,-0.15,0.507,-0.317,0.379,0.17,0.548,0.197,0.484,0.429,0.507,-0.361,0.283,0.526,0.479,-0.391,-0.042,0.218,0.365,0.142,0.02,0.447,0.487,0.556,0.175,0.376,0.418,0.45,0.541,0.566,0.455,-0.105,0.394,0.288,0.377,0.509,0.317,0.428,0.379,0.43,-0.145,0.407,0.377,-0.169,0.43,-0.319,0.025,0.595,0.525,0.399,0.548,0.305,-0.51,0.569,0.54,0.096,0.511,0.289,0.342,0.397,0.04,-0.225,0.59,0.451,0.389,-0.026,0.263,0.475,0.527,0.482,-0.021,0.708,0.395,0.405,0.426,0.432,0.506,0.201,0.48,0.571,0.412,0.081,0.22,-0.063,0.415,0.52,0.059,0.446,0.295,0.332,0.481,0.201,0.631,0.474,0.393,0.357,0.284,0.535,0.543,0.539,0.094,0.471,0.249,0.414,0.432,0.463,0.462,0.388,0.54,0.262,-0.2,0.45,-0.025,0.261,0.369,-0.368,-0.223,0.308,0.416,0.388,0.469,0.493,0.335,0.329,0.317,0.651,0.211,0.435,0.104,0.609,0.543
AMGN,0.138,0.146,0.162,0.029,0.202,0.006,0.179,0.0,-0.399,-0.044,0.286,-0.13,-0.041,0.089,0.295,0.338,0.18,0.133,0.333,0.159,0.262,0.113,-0.063,0.057,0.178,0.236,0.306,0.223,-0.065,-0.173,-0.497,0.154,0.136,0.08,-0.146,0.002,-0.184,-0.047,0.147,0.259,0.289,0.135,0.093,0.489,0.29,0.254,0.043,0.085,0.13,-0.284,0.304,0.235,0.047,0.315,0.157,0.113,0.218,-0.178,-0.061,-0.49,0.215,-0.108,0.482,-0.455,0.125,0.136,0.005,0.129,0.049,-0.303,0.08,0.107,-0.135,0.168,0.07,0.129,0.343,0.19,-0.245,0.325,-0.548,0.173,0.157,0.071,-0.007,0.102,-0.069,0.011,0.165,0.463,0.151,0.092,0.265,0.151,0.413,0.068,0.13,-0.067,0.2,-0.099,0.111,0.094,0.181,0.274,0.055,0.199,0.113,0.034,0.065,-0.067,-0.035,0.008,-0.13,0.579,-0.135,-0.253,0.221,0.156,-0.209,0.209,-0.136,0.252,0.348,0.259,-0.203,0.092,0.037,0.106,0.02,-0.304,-0.348,0.218,0.281,0.23,-0.041,-0.164,0.046,0.183,0.189,0.29,0.213,0.371,0.116,0.155,0.11,0.345,0.03,0.01,0.196,0.312,0.385,0.154,0.14,0.012,0.245,-0.069,0.18,0.103,0.018,0.155,-0.097,0.217,0.013,0.304,-0.022,0.064,0.178,0.034,0.333,-0.213,-0.002,-0.011,0.231,0.219,0.295,-0.036,-0.227,0.21,0.139,-0.135,0.2,-0.419,0.074,-0.109,0.008,-0.223,-0.064,0.35,-0.076,-0.046,0.171,-0.002,-0.005,-0.298,0.355,-0.174,0.188,-0.117,0.369,-0.074
AMPH,-0.387,-0.438,-0.302,-0.39,-0.227,-0.411,-0.403,-0.399,0.0,-0.304,-0.213,0.079,-0.32,-0.378,-0.594,-0.45,-0.139,-0.416,-0.772,-0.554,-0.697,-0.595,0.177,-0.281,-0.507,-0.625,-0.0,-0.601,-0.273,0.56,0.627,-0.235,-0.475,-0.415,0.126,-0.449,-0.099,-0.175,-0.384,-0.369,-0.583,-0.236,-0.526,-0.07,-0.361,-0.01,-0.346,-0.208,-0.295,-0.121,-0.383,-0.686,-0.198,-0.264,-0.563,-0.277,-0.518,-0.299,-0.326,0.637,-0.616,0.219,-0.535,0.332,-0.363,0.1,-0.257,-0.366,-0.111,-0.052,0.118,-0.541,0.497,-0.533,-0.406,-0.331,-0.464,-0.523,-0.383,-0.259,0.53,-0.264,-0.457,-0.272,0.344,0.378,0.113,-0.28,-0.351,-0.176,-0.184,-0.427,-0.46,-0.172,-0.718,-0.389,-0.361,-0.343,-0.361,-0.204,0.163,-0.271,-0.408,-0.455,-0.557,-0.129,-0.444,-0.049,-0.326,0.177,-0.39,-0.313,0.306,-0.831,0.101,0.22,-0.316,-0.362,-0.477,-0.074,-0.029,-0.047,-0.484,-0.396,-0.319,-0.386,-0.422,-0.156,-0.142,0.562,0.0,-0.455,-0.408,-0.041,0.068,0.018,-0.166,-0.386,-0.619,-0.123,-0.549,-0.187,-0.474,-0.192,-0.337,-0.818,-0.683,-0.265,-0.501,-0.635,0.188,-0.495,-0.232,-0.175,-0.585,-0.147,-0.252,-0.186,-0.214,-0.373,0.176,-0.302,-0.328,-0.104,-0.068,-0.182,-0.472,-0.548,-0.111,-0.014,-0.087,-0.338,-0.477,-0.427,-0.69,-0.196,0.032,-0.239,-0.255,0.556,-0.549,0.659,0.188,-0.317,0.254,-0.113,-0.31,-0.203,-0.541,-0.395,-0.484,-0.005,-0.181,-0.133,-0.695,0.101,-0.049,-0.215,-0.558,-0.226
AMZN,0.973,0.391,0.93,0.954,0.811,0.139,0.394,-0.044,-0.304,0.0,0.696,0.714,0.816,0.759,0.376,0.211,0.747,0.928,0.2,0.407,0.662,0.653,-0.749,0.948,0.732,0.791,0.373,0.854,0.896,-0.124,0.29,0.926,0.742,0.865,0.658,0.097,0.902,0.951,0.912,0.891,0.836,0.915,0.852,0.278,0.762,0.632,0.764,0.926,0.892,-0.505,-0.383,0.746,0.948,0.677,0.855,0.307,0.748,0.938,0.977,-0.196,0.407,-0.687,-0.104,0.662,0.942,0.59,0.923,0.956,0.884,-0.436,-0.869,0.907,-0.39,0.432,0.266,0.794,0.202,0.907,0.542,0.792,-0.382,0.872,0.836,0.951,-0.643,-0.609,-0.164,0.966,0.711,-0.612,0.899,0.934,0.806,-0.579,0.55,0.942,0.945,0.925,0.909,0.423,-0.495,0.95,0.524,0.839,0.9,0.837,0.908,0.425,0.964,-0.549,0.936,0.948,-0.819,0.193,-0.857,-0.165,0.878,0.941,0.471,0.723,0.773,-0.584,0.764,0.886,0.311,0.942,0.883,0.898,0.306,0.321,-0.394,0.882,0.841,0.598,-0.783,0.871,0.795,0.634,0.604,-0.717,0.639,0.68,0.931,0.904,0.941,0.442,0.185,0.946,0.842,-0.082,-0.362,-0.341,0.289,0.936,0.785,-0.523,0.893,-0.39,0.94,0.863,0.731,0.525,0.932,0.748,0.302,0.399,0.907,0.673,0.239,0.905,0.859,0.879,0.837,0.916,0.593,0.917,0.443,0.78,0.886,-0.225,0.89,0.325,0.584,0.965,-0.88,-0.607,0.905,0.704,0.531,0.953,0.94,0.665,0.922,0.832,0.671,0.828,0.593,0.025,0.763,0.786
ANIP,0.768,0.478,0.81,0.689,0.771,-0.03,0.442,0.286,-0.213,0.696,0.0,0.548,0.57,0.683,0.44,0.198,0.751,0.754,0.107,0.449,0.553,0.501,-0.605,0.762,0.644,0.647,0.538,0.629,0.606,-0.178,0.15,0.799,0.668,0.748,0.503,-0.023,0.545,0.721,0.787,0.84,0.673,0.795,0.641,0.61,0.765,0.688,0.599,0.82,0.709,-0.61,-0.158,0.549,0.775,0.759,0.726,0.291,0.686,0.573,0.647,-0.333,0.386,-0.597,0.071,0.445,0.811,0.638,0.756,0.776,0.75,-0.646,-0.61,0.707,-0.482,0.427,0.289,0.533,0.322,0.785,0.215,0.82,-0.628,0.75,0.681,0.772,-0.486,-0.266,-0.053,0.744,0.436,-0.308,0.832,0.726,0.82,-0.414,0.474,0.684,0.799,0.621,0.809,0.264,-0.33,0.771,0.452,0.803,0.634,0.771,0.731,0.621,0.766,-0.59,0.636,0.702,-0.657,0.227,-0.792,-0.184,0.812,0.816,0.147,0.729,0.52,-0.342,0.698,0.836,0.19,0.768,0.669,0.759,0.238,0.386,-0.597,0.788,0.834,0.611,-0.692,0.601,0.623,0.606,0.564,-0.428,0.574,0.762,0.755,0.805,0.734,0.276,-0.033,0.705,0.774,0.038,0.016,-0.338,0.129,0.765,0.734,-0.455,0.827,-0.35,0.733,0.776,0.642,0.628,0.671,0.821,0.222,0.27,0.678,0.457,0.447,0.573,0.765,0.6,0.7,0.811,0.508,0.707,0.197,0.701,0.777,-0.208,0.748,0.227,0.555,0.645,-0.633,-0.691,0.617,0.8,0.182,0.649,0.745,0.597,0.765,0.53,0.594,0.646,0.701,-0.163,0.761,0.537
AOSL,0.687,-0.058,0.643,0.615,0.705,-0.03,0.256,-0.13,0.079,0.714,0.548,0.0,0.444,0.405,-0.004,-0.05,0.706,0.612,-0.3,0.046,0.095,0.135,-0.451,0.622,0.236,0.507,0.539,0.505,0.512,0.396,0.683,0.749,0.299,0.427,0.861,-0.095,0.693,0.813,0.622,0.686,0.493,0.726,0.439,0.42,0.568,0.736,0.529,0.743,0.62,-0.48,-0.25,0.216,0.714,0.576,0.474,0.107,0.318,0.6,0.668,0.367,-0.117,-0.335,-0.094,0.784,0.635,0.721,0.578,0.703,0.636,-0.383,-0.653,0.513,0.098,0.017,0.221,0.548,-0.243,0.537,0.189,0.687,0.076,0.635,0.593,0.787,-0.337,-0.193,0.203,0.672,0.32,-0.581,0.691,0.583,0.445,-0.574,0.06,0.591,0.616,0.707,0.665,0.557,-0.155,0.697,0.25,0.507,0.467,0.744,0.538,0.187,0.708,-0.052,0.613,0.675,-0.537,-0.233,-0.708,0.124,0.699,0.721,0.208,0.67,0.917,-0.688,0.379,0.644,0.086,0.666,0.452,0.704,0.154,0.371,-0.429,0.636,0.613,0.683,-0.585,0.893,0.724,0.513,0.092,-0.598,0.312,0.545,0.591,0.793,0.702,-0.033,-0.179,0.775,0.429,-0.344,0.04,-0.559,0.146,0.802,0.289,-0.43,0.737,-0.294,0.741,0.555,0.88,0.503,0.744,0.674,0.594,0.38,0.614,0.325,0.369,0.746,0.75,0.527,0.596,0.608,0.032,0.83,0.679,0.795,0.654,0.372,0.456,0.543,0.788,0.685,-0.617,-0.482,0.585,0.635,0.125,0.615,0.556,0.747,0.692,0.659,0.282,0.604,0.644,0.16,0.537,0.625
APDN,0.81,0.579,0.775,0.893,0.446,0.219,0.237,-0.041,-0.32,0.816,0.57,0.444,0.0,0.836,0.473,0.345,0.654,0.784,0.378,0.649,0.733,0.819,-0.79,0.838,0.888,0.768,0.02,0.742,0.852,-0.404,0.181,0.693,0.809,0.892,0.548,0.092,0.657,0.721,0.7,0.709,0.755,0.656,0.91,-0.05,0.527,0.417,0.847,0.752,0.853,-0.273,-0.483,0.709,0.813,0.397,0.84,0.499,0.835,0.868,0.861,-0.273,0.639,-0.628,-0.19,0.467,0.788,0.165,0.81,0.84,0.739,-0.276,-0.694,0.836,-0.555,0.561,0.027,0.67,0.454,0.821,0.705,0.483,-0.457,0.718,0.843,0.766,-0.705,-0.707,-0.417,0.862,0.76,-0.508,0.707,0.869,0.825,-0.318,0.688,0.876,0.857,0.72,0.77,0.037,-0.844,0.811,0.711,0.874,0.851,0.615,0.911,0.52,0.824,-0.675,0.75,0.913,-0.89,0.263,-0.733,-0.288,0.649,0.712,0.574,0.456,0.498,-0.403,0.646,0.716,0.584,0.698,0.926,0.763,0.086,0.3,-0.353,0.655,0.66,0.178,-0.677,0.574,0.636,0.255,0.71,-0.801,0.591,0.421,0.855,0.646,0.863,0.492,0.293,0.755,0.823,0.139,-0.405,-0.141,0.566,0.801,0.763,-0.226,0.605,-0.343,0.884,0.781,0.49,0.212,0.751,0.519,-0.075,0.485,0.745,0.712,-0.119,0.732,0.659,0.941,0.78,0.76,0.656,0.735,0.168,0.467,0.661,-0.466,0.838,0.189,0.209,0.869,-0.708,-0.431,0.93,0.438,0.727,0.864,0.833,0.229,0.738,0.857,0.665,0.771,0.395,0.118,0.525,0.75
APLT,0.797,0.685,0.757,0.852,0.483,0.275,0.375,0.089,-0.378,0.759,0.683,0.405,0.836,0.0,0.601,0.387,0.623,0.804,0.509,0.735,0.815,0.867,-0.714,0.798,0.913,0.853,0.052,0.796,0.8,-0.564,0.043,0.658,0.864,0.906,0.462,0.297,0.574,0.65,0.715,0.729,0.751,0.651,0.893,0.044,0.556,0.36,0.777,0.701,0.745,-0.172,-0.2,0.759,0.762,0.468,0.88,0.498,0.883,0.808,0.804,-0.474,0.752,-0.61,-0.015,0.399,0.797,0.239,0.809,0.788,0.701,-0.259,-0.609,0.876,-0.717,0.728,0.172,0.656,0.57,0.876,0.624,0.562,-0.621,0.695,0.825,0.732,-0.519,-0.627,-0.245,0.831,0.608,-0.389,0.672,0.841,0.866,-0.224,0.734,0.847,0.804,0.728,0.769,0.041,-0.684,0.733,0.719,0.863,0.859,0.556,0.89,0.629,0.805,-0.711,0.739,0.819,-0.78,0.419,-0.666,-0.304,0.639,0.731,0.573,0.453,0.373,-0.248,0.673,0.732,0.657,0.739,0.895,0.668,0.12,0.201,-0.316,0.7,0.704,0.197,-0.621,0.483,0.542,0.342,0.844,-0.584,0.665,0.506,0.86,0.618,0.773,0.565,0.484,0.692,0.877,0.299,-0.4,-0.01,0.418,0.707,0.861,-0.207,0.621,-0.23,0.773,0.751,0.348,0.297,0.696,0.503,-0.082,0.467,0.755,0.761,0.001,0.665,0.582,0.859,0.87,0.793,0.739,0.697,0.165,0.426,0.698,-0.601,0.867,-0.026,0.123,0.797,-0.62,-0.312,0.8,0.461,0.687,0.808,0.822,0.291,0.732,0.774,0.755,0.624,0.409,0.07,0.64,0.697
APVO,0.449,0.81,0.375,0.45,0.281,0.475,0.529,0.295,-0.594,0.376,0.44,-0.004,0.473,0.601,0.0,0.614,0.119,0.415,0.686,0.792,0.75,0.754,-0.192,0.495,0.681,0.657,-0.008,0.626,0.304,-0.692,-0.273,0.302,0.772,0.595,0.163,0.663,0.112,0.308,0.483,0.435,0.69,0.24,0.679,0.086,0.519,0.23,0.667,0.299,0.359,0.063,0.112,0.658,0.306,0.302,0.691,0.639,0.719,0.415,0.452,-0.606,0.825,-0.193,0.499,0.02,0.415,0.011,0.445,0.451,0.167,-0.011,-0.069,0.631,-0.73,0.757,0.311,0.482,0.698,0.612,0.617,0.314,-0.599,0.203,0.616,0.398,-0.489,-0.204,0.056,0.429,0.383,0.188,0.355,0.531,0.662,0.297,0.812,0.443,0.496,0.477,0.553,0.245,-0.379,0.353,0.602,0.598,0.654,0.124,0.607,0.488,0.433,-0.362,0.442,0.452,-0.435,0.709,-0.183,0.022,0.432,0.437,0.643,0.194,0.107,-0.107,0.618,0.527,0.489,0.44,0.484,0.265,0.393,-0.031,-0.237,0.524,0.535,-0.025,-0.086,0.126,0.376,0.432,0.827,0.015,0.753,0.184,0.539,0.248,0.45,0.735,0.57,0.41,0.704,0.745,-0.056,0.55,0.374,0.352,0.746,0.287,0.327,0.155,0.36,0.597,-0.075,0.388,0.424,0.152,-0.019,0.487,0.522,0.794,0.279,0.144,0.295,0.392,0.487,0.452,0.821,0.4,0.136,0.249,0.305,-0.636,0.594,-0.345,-0.151,0.392,-0.194,-0.01,0.372,0.238,0.666,0.478,0.575,0.062,0.284,0.425,0.771,0.189,0.394,0.31,0.576,0.567
ARGX,0.28,0.597,0.27,0.367,0.136,0.327,0.065,0.338,-0.45,0.211,0.198,-0.05,0.345,0.387,0.614,0.0,0.143,0.322,0.629,0.593,0.532,0.567,-0.271,0.305,0.512,0.469,-0.089,0.492,0.264,-0.51,-0.311,0.148,0.554,0.341,0.003,0.371,0.051,0.179,0.271,0.21,0.489,0.096,0.48,-0.035,0.247,0.056,0.477,0.221,0.179,0.242,0.074,0.468,0.248,0.156,0.501,0.542,0.55,0.282,0.253,-0.435,0.611,-0.299,0.306,-0.053,0.285,-0.027,0.319,0.283,0.159,0.146,-0.066,0.417,-0.458,0.541,0.296,0.277,0.623,0.409,0.377,0.162,-0.378,0.139,0.394,0.238,-0.289,-0.148,0.054,0.31,0.358,0.277,0.178,0.314,0.367,0.131,0.682,0.272,0.307,0.261,0.305,0.133,-0.262,0.202,0.455,0.43,0.408,0.039,0.414,0.185,0.29,-0.198,0.355,0.303,-0.418,0.568,-0.057,-0.026,0.193,0.244,0.409,-0.064,0.047,0.193,0.41,0.342,0.431,0.265,0.361,0.165,0.332,-0.126,-0.122,0.3,0.402,-0.126,-0.17,0.075,0.209,0.285,0.544,0.056,0.39,0.034,0.4,0.109,0.291,0.547,0.491,0.222,0.399,0.542,-0.094,0.393,0.476,0.186,0.479,0.234,0.193,0.013,0.235,0.399,-0.133,0.15,0.32,-0.001,-0.095,0.361,0.345,0.539,0.083,0.136,0.085,0.29,0.386,0.295,0.6,0.196,0.007,0.072,0.31,-0.463,0.419,-0.354,-0.185,0.261,-0.024,0.126,0.208,0.104,0.462,0.26,0.366,0.04,0.185,0.249,0.467,0.075,0.262,0.423,0.361,0.28
ARLP,0.783,0.155,0.83,0.774,0.703,-0.177,0.12,0.18,-0.139,0.747,0.751,0.706,0.654,0.623,0.119,0.143,0.0,0.823,0.043,0.237,0.412,0.379,-0.785,0.713,0.556,0.647,0.43,0.623,0.711,0.059,0.244,0.816,0.481,0.672,0.561,-0.316,0.643,0.752,0.724,0.789,0.601,0.841,0.618,0.474,0.53,0.577,0.532,0.863,0.795,-0.569,-0.346,0.456,0.846,0.747,0.633,0.148,0.547,0.647,0.702,-0.131,0.202,-0.705,-0.196,0.498,0.821,0.58,0.727,0.771,0.868,-0.561,-0.807,0.661,-0.21,0.183,0.25,0.544,0.165,0.714,0.128,0.744,-0.405,0.883,0.685,0.789,-0.443,-0.452,-0.252,0.774,0.476,-0.558,0.765,0.717,0.65,-0.674,0.379,0.741,0.764,0.578,0.723,0.19,-0.371,0.823,0.389,0.756,0.59,0.853,0.682,0.285,0.806,-0.474,0.671,0.769,-0.768,0.076,-0.848,-0.338,0.707,0.77,0.059,0.611,0.638,-0.359,0.575,0.737,0.144,0.722,0.714,0.825,-0.022,0.275,-0.419,0.715,0.757,0.647,-0.831,0.704,0.645,0.462,0.366,-0.674,0.333,0.708,0.756,0.833,0.801,0.155,-0.053,0.698,0.621,-0.25,-0.098,-0.594,0.3,0.79,0.559,-0.604,0.774,-0.506,0.826,0.66,0.742,0.456,0.698,0.795,0.268,0.193,0.66,0.352,0.116,0.759,0.689,0.741,0.79,0.824,0.326,0.689,0.169,0.703,0.812,-0.046,0.699,0.29,0.626,0.741,-0.704,-0.638,0.717,0.795,0.151,0.662,0.702,0.565,0.822,0.57,0.399,0.665,0.511,-0.117,0.628,0.463
ATEX,0.948,0.418,0.954,0.947,0.801,0.086,0.321,0.133,-0.416,0.928,0.754,0.612,0.784,0.804,0.415,0.322,0.823,0.0,0.367,0.453,0.765,0.692,-0.83,0.893,0.782,0.844,0.338,0.881,0.887,-0.233,0.063,0.899,0.764,0.886,0.484,0.034,0.809,0.874,0.906,0.889,0.842,0.913,0.863,0.345,0.719,0.535,0.703,0.928,0.889,-0.473,-0.27,0.815,0.932,0.756,0.871,0.289,0.793,0.868,0.898,-0.395,0.505,-0.797,-0.055,0.499,0.972,0.539,0.904,0.926,0.91,-0.437,-0.873,0.923,-0.485,0.474,0.366,0.735,0.35,0.935,0.427,0.803,-0.553,0.933,0.824,0.906,-0.587,-0.675,-0.267,0.932,0.672,-0.515,0.866,0.912,0.814,-0.592,0.653,0.927,0.925,0.827,0.879,0.333,-0.454,0.925,0.524,0.877,0.883,0.837,0.885,0.359,0.95,-0.63,0.907,0.906,-0.843,0.371,-0.83,-0.358,0.828,0.923,0.358,0.645,0.638,-0.374,0.798,0.88,0.32,0.927,0.901,0.878,0.218,0.165,-0.382,0.894,0.884,0.588,-0.829,0.743,0.721,0.645,0.683,-0.618,0.61,0.735,0.957,0.875,0.913,0.525,0.274,0.863,0.855,0.002,-0.385,-0.315,0.333,0.86,0.856,-0.536,0.874,-0.422,0.904,0.845,0.635,0.553,0.868,0.753,0.246,0.287,0.894,0.652,0.179,0.837,0.752,0.88,0.907,0.961,0.677,0.807,0.249,0.725,0.925,-0.352,0.939,0.112,0.507,0.915,-0.854,-0.564,0.855,0.761,0.481,0.895,0.935,0.613,0.92,0.713,0.684,0.715,0.521,-0.041,0.813,0.644
ATRA,0.283,0.615,0.222,0.374,-0.019,0.392,0.215,0.333,-0.772,0.2,0.107,-0.3,0.378,0.509,0.686,0.629,0.043,0.367,0.0,0.681,0.789,0.747,-0.232,0.22,0.633,0.566,-0.363,0.543,0.314,-0.812,-0.662,0.058,0.573,0.437,-0.251,0.517,0.009,0.02,0.232,0.174,0.5,0.056,0.551,-0.249,0.142,-0.259,0.361,0.093,0.195,0.347,0.244,0.72,0.139,0.069,0.54,0.439,0.599,0.3,0.268,-0.737,0.827,-0.278,0.331,-0.353,0.28,-0.333,0.247,0.253,0.08,0.241,-0.059,0.498,-0.642,0.709,0.288,0.268,0.717,0.46,0.464,0.035,-0.549,0.168,0.379,0.13,-0.242,-0.477,-0.222,0.253,0.372,0.202,0.039,0.354,0.407,0.253,0.853,0.353,0.268,0.225,0.231,-0.065,-0.321,0.149,0.499,0.428,0.543,-0.076,0.429,0.128,0.249,-0.33,0.335,0.266,-0.321,0.896,0.035,-0.32,0.09,0.187,0.538,-0.189,-0.221,0.315,0.443,0.229,0.554,0.236,0.455,0.049,0.088,-0.48,0.148,0.27,0.267,-0.271,-0.047,-0.175,0.047,0.155,0.736,0.124,0.442,0.0,0.417,-0.015,0.237,0.826,0.832,0.133,0.47,0.732,-0.401,0.625,0.458,0.035,0.611,0.271,0.048,0.119,0.148,0.288,-0.413,0.028,0.196,-0.133,-0.263,0.261,0.335,0.606,-0.198,0.026,-0.115,0.362,0.447,0.335,0.802,0.049,-0.244,-0.077,0.178,-0.825,0.521,-0.733,-0.477,0.276,-0.105,0.28,0.266,-0.025,0.661,0.317,0.417,-0.247,0.12,0.17,0.602,-0.101,-0.118,0.206,0.348,0.189
AUTL,0.462,0.899,0.396,0.534,0.135,0.388,0.316,0.159,-0.554,0.407,0.449,0.046,0.649,0.735,0.792,0.593,0.237,0.453,0.681,0.0,0.762,0.883,-0.368,0.505,0.816,0.654,-0.171,0.579,0.43,-0.777,-0.171,0.253,0.845,0.661,0.242,0.537,0.099,0.298,0.419,0.399,0.625,0.216,0.743,-0.141,0.396,0.141,0.743,0.338,0.381,0.176,0.018,0.602,0.371,0.122,0.745,0.705,0.829,0.492,0.468,-0.49,0.88,-0.218,0.234,0.078,0.431,-0.118,0.5,0.5,0.242,0.022,-0.108,0.629,-0.819,0.865,0.259,0.358,0.751,0.647,0.663,0.195,-0.554,0.24,0.612,0.383,-0.523,-0.357,-0.047,0.488,0.48,0.073,0.33,0.555,0.703,0.271,0.797,0.502,0.517,0.431,0.51,0.005,-0.622,0.375,0.757,0.701,0.656,0.115,0.698,0.594,0.457,-0.526,0.434,0.532,-0.578,0.568,-0.244,-0.014,0.343,0.397,0.676,0.079,0.109,-0.04,0.475,0.471,0.768,0.384,0.623,0.26,0.089,0.018,-0.186,0.432,0.487,-0.207,-0.186,0.145,0.28,0.202,0.836,-0.197,0.609,0.098,0.568,0.212,0.47,0.634,0.614,0.39,0.704,0.721,-0.186,0.436,0.503,0.381,0.708,0.278,0.258,0.059,0.434,0.597,-0.026,0.171,0.416,0.102,-0.206,0.538,0.464,0.733,0.015,0.255,0.289,0.547,0.549,0.447,0.747,0.427,0.047,0.125,0.298,-0.692,0.612,-0.309,-0.285,0.469,-0.213,0.041,0.505,0.097,0.72,0.518,0.557,-0.068,0.314,0.564,0.717,0.288,0.323,0.325,0.449,0.541
AVDL,0.717,0.763,0.689,0.756,0.447,0.352,0.418,0.262,-0.697,0.662,0.553,0.095,0.733,0.815,0.75,0.532,0.412,0.765,0.789,0.762,0.0,0.918,-0.598,0.708,0.906,0.815,0.0,0.806,0.708,-0.719,-0.364,0.554,0.885,0.864,0.123,0.411,0.461,0.525,0.696,0.648,0.812,0.555,0.881,0.05,0.583,0.202,0.692,0.583,0.655,-0.119,-0.064,0.928,0.611,0.456,0.871,0.492,0.893,0.7,0.697,-0.756,0.885,-0.581,0.196,0.073,0.732,0.07,0.714,0.703,0.553,-0.19,-0.488,0.866,-0.811,0.774,0.29,0.611,0.718,0.848,0.645,0.48,-0.757,0.604,0.736,0.606,-0.597,-0.653,-0.312,0.704,0.632,-0.123,0.578,0.782,0.815,-0.079,0.915,0.765,0.752,0.641,0.695,0.106,-0.57,0.644,0.651,0.796,0.875,0.424,0.818,0.467,0.696,-0.697,0.705,0.702,-0.68,0.752,-0.486,-0.352,0.579,0.66,0.584,0.331,0.193,-0.097,0.777,0.686,0.546,0.693,0.826,0.552,0.241,-0.069,-0.2,0.704,0.687,0.13,-0.465,0.281,0.445,0.459,0.937,-0.3,0.722,0.431,0.806,0.488,0.678,0.839,0.629,0.585,0.873,0.532,-0.432,0.269,0.4,0.545,0.938,-0.095,0.539,-0.118,0.613,0.741,0.116,0.376,0.605,0.38,-0.097,0.332,0.73,0.784,0.05,0.445,0.445,0.741,0.751,0.748,0.929,0.527,-0.007,0.361,0.602,-0.782,0.884,-0.318,-0.038,0.684,-0.565,-0.224,0.682,0.409,0.735,0.754,0.823,0.16,0.602,0.553,0.837,0.431,0.281,0.05,0.696,0.559
BCRX,0.686,0.842,0.624,0.776,0.31,0.396,0.35,0.113,-0.595,0.653,0.501,0.135,0.819,0.867,0.754,0.567,0.379,0.692,0.747,0.883,0.918,0.0,-0.583,0.699,0.952,0.788,-0.153,0.776,0.717,-0.744,-0.181,0.474,0.922,0.84,0.27,0.469,0.43,0.506,0.61,0.568,0.778,0.45,0.9,-0.159,0.503,0.172,0.792,0.539,0.605,0.037,-0.14,0.834,0.6,0.263,0.874,0.649,0.922,0.748,0.709,-0.566,0.917,-0.499,0.087,0.19,0.661,-0.01,0.709,0.698,0.502,-0.052,-0.425,0.829,-0.796,0.86,0.221,0.581,0.713,0.816,0.754,0.356,-0.591,0.504,0.736,0.578,-0.592,-0.639,-0.238,0.717,0.704,-0.155,0.513,0.753,0.805,-0.0,0.89,0.754,0.71,0.644,0.66,0.045,-0.709,0.594,0.77,0.806,0.868,0.33,0.864,0.554,0.678,-0.658,0.685,0.729,-0.712,0.613,-0.437,-0.216,0.5,0.587,0.729,0.229,0.226,-0.113,0.651,0.619,0.739,0.611,0.848,0.488,0.164,0.033,-0.159,0.595,0.611,-0.041,-0.427,0.316,0.436,0.298,0.915,-0.404,0.687,0.277,0.777,0.41,0.662,0.741,0.664,0.597,0.84,0.553,-0.456,0.296,0.554,0.551,0.871,0.045,0.448,-0.115,0.63,0.708,0.106,0.207,0.613,0.257,-0.181,0.537,0.677,0.837,-0.056,0.497,0.42,0.778,0.729,0.668,0.888,0.561,0.064,0.255,0.528,-0.759,0.827,-0.233,-0.144,0.717,-0.489,-0.121,0.73,0.235,0.84,0.753,0.78,0.068,0.552,0.695,0.797,0.489,0.275,0.212,0.555,0.652
BHAT,-0.753,-0.296,-0.811,-0.823,-0.531,0.055,0.051,-0.063,0.177,-0.749,-0.605,-0.451,-0.79,-0.714,-0.192,-0.271,-0.785,-0.83,-0.232,-0.368,-0.598,-0.583,0.0,-0.745,-0.715,-0.636,-0.16,-0.662,-0.846,0.208,-0.075,-0.698,-0.606,-0.763,-0.353,0.208,-0.679,-0.685,-0.671,-0.666,-0.589,-0.745,-0.72,-0.128,-0.414,-0.346,-0.585,-0.787,-0.795,0.366,0.478,-0.597,-0.818,-0.545,-0.657,-0.185,-0.637,-0.746,-0.72,0.292,-0.394,0.791,0.308,-0.427,-0.802,-0.319,-0.779,-0.751,-0.873,0.358,0.813,-0.726,0.374,-0.277,-0.166,-0.51,-0.364,-0.733,-0.356,-0.543,0.496,-0.826,-0.658,-0.69,0.485,0.737,0.537,-0.793,-0.655,0.57,-0.69,-0.739,-0.639,0.606,-0.495,-0.79,-0.766,-0.581,-0.65,0.051,0.586,-0.784,-0.455,-0.774,-0.665,-0.732,-0.739,-0.269,-0.776,0.701,-0.713,-0.785,0.812,-0.15,0.757,0.459,-0.563,-0.681,-0.179,-0.41,-0.44,0.177,-0.58,-0.649,-0.295,-0.679,-0.846,-0.78,0.023,-0.243,0.331,-0.618,-0.666,-0.35,0.829,-0.567,-0.539,-0.282,-0.508,0.74,-0.31,-0.563,-0.78,-0.678,-0.762,-0.312,-0.149,-0.642,-0.661,0.162,0.402,0.425,-0.389,-0.699,-0.65,0.532,-0.64,0.516,-0.805,-0.685,-0.556,-0.218,-0.656,-0.601,0.015,-0.171,-0.652,-0.439,0.165,-0.795,-0.572,-0.858,-0.752,-0.755,-0.492,-0.591,-0.026,-0.435,-0.784,0.33,-0.749,-0.19,-0.349,-0.758,0.721,0.527,-0.805,-0.577,-0.378,-0.728,-0.728,-0.364,-0.796,-0.617,-0.453,-0.718,-0.286,0.08,-0.522,-0.453
BLBD,0.948,0.528,0.928,0.928,0.798,0.151,0.433,0.057,-0.281,0.948,0.762,0.622,0.838,0.798,0.495,0.305,0.713,0.893,0.22,0.505,0.708,0.699,-0.745,0.0,0.79,0.792,0.392,0.838,0.849,-0.23,0.255,0.916,0.826,0.909,0.625,0.128,0.82,0.927,0.927,0.907,0.863,0.886,0.884,0.334,0.809,0.692,0.831,0.916,0.901,-0.558,-0.413,0.745,0.934,0.684,0.877,0.398,0.811,0.898,0.947,-0.307,0.5,-0.67,-0.054,0.623,0.934,0.56,0.948,0.946,0.867,-0.511,-0.791,0.914,-0.509,0.502,0.192,0.807,0.34,0.921,0.576,0.792,-0.516,0.83,0.868,0.939,-0.721,-0.521,-0.175,0.957,0.726,-0.501,0.936,0.946,0.883,-0.47,0.616,0.93,0.974,0.886,0.95,0.352,-0.581,0.956,0.58,0.888,0.896,0.824,0.935,0.555,0.95,-0.641,0.888,0.948,-0.871,0.238,-0.875,-0.175,0.903,0.936,0.456,0.753,0.699,-0.578,0.827,0.924,0.305,0.925,0.881,0.897,0.345,0.42,-0.507,0.89,0.872,0.562,-0.753,0.793,0.805,0.634,0.682,-0.691,0.714,0.682,0.927,0.886,0.944,0.473,0.144,0.921,0.908,0.021,-0.252,-0.275,0.296,0.94,0.847,-0.451,0.885,-0.357,0.934,0.918,0.692,0.556,0.902,0.772,0.219,0.431,0.9,0.72,0.303,0.829,0.889,0.867,0.824,0.905,0.667,0.899,0.375,0.76,0.859,-0.305,0.904,0.336,0.541,0.918,-0.832,-0.67,0.887,0.723,0.544,0.935,0.948,0.615,0.904,0.825,0.736,0.87,0.681,0.046,0.781,0.814
BMRN,0.782,0.809,0.762,0.846,0.429,0.253,0.319,0.178,-0.507,0.732,0.644,0.236,0.888,0.913,0.681,0.512,0.556,0.782,0.633,0.816,0.906,0.952,-0.715,0.79,0.0,0.806,-0.051,0.792,0.812,-0.667,-0.105,0.616,0.922,0.923,0.345,0.271,0.523,0.597,0.686,0.69,0.798,0.589,0.924,-0.01,0.562,0.309,0.796,0.681,0.729,-0.168,-0.265,0.825,0.74,0.398,0.9,0.587,0.952,0.785,0.772,-0.571,0.862,-0.649,-0.007,0.258,0.774,0.124,0.799,0.786,0.668,-0.264,-0.569,0.866,-0.799,0.798,0.124,0.629,0.682,0.874,0.666,0.504,-0.676,0.665,0.789,0.678,-0.61,-0.661,-0.358,0.81,0.733,-0.256,0.66,0.826,0.895,-0.171,0.868,0.835,0.817,0.662,0.748,-0.012,-0.764,0.717,0.774,0.896,0.879,0.502,0.914,0.65,0.769,-0.784,0.726,0.814,-0.816,0.527,-0.626,-0.333,0.613,0.688,0.576,0.388,0.289,-0.159,0.714,0.721,0.655,0.689,0.913,0.651,0.168,0.186,-0.318,0.663,0.692,0.101,-0.611,0.406,0.483,0.311,0.895,-0.537,0.68,0.458,0.852,0.56,0.761,0.646,0.488,0.661,0.889,0.385,-0.432,0.083,0.536,0.67,0.904,-0.15,0.581,-0.286,0.744,0.777,0.263,0.255,0.663,0.456,-0.223,0.483,0.72,0.761,-0.033,0.585,0.546,0.853,0.8,0.779,0.851,0.629,0.002,0.365,0.655,-0.716,0.894,-0.082,0.017,0.777,-0.603,-0.334,0.805,0.4,0.734,0.796,0.846,0.168,0.676,0.709,0.772,0.631,0.374,0.041,0.596,0.655
BNGO,0.847,0.531,0.775,0.863,0.631,0.394,0.524,0.236,-0.625,0.791,0.647,0.507,0.768,0.853,0.657,0.469,0.647,0.844,0.566,0.654,0.815,0.788,-0.636,0.792,0.806,0.0,0.248,0.93,0.72,-0.434,-0.076,0.739,0.804,0.841,0.469,0.379,0.595,0.727,0.814,0.82,0.892,0.715,0.904,0.232,0.686,0.465,0.786,0.728,0.8,-0.21,-0.018,0.84,0.747,0.644,0.921,0.455,0.818,0.794,0.83,-0.484,0.668,-0.55,0.291,0.32,0.825,0.312,0.769,0.83,0.654,-0.21,-0.597,0.935,-0.558,0.609,0.368,0.76,0.492,0.914,0.623,0.677,-0.595,0.725,0.928,0.822,-0.583,-0.583,-0.13,0.811,0.592,-0.308,0.694,0.876,0.837,-0.203,0.791,0.852,0.824,0.811,0.837,0.337,-0.492,0.776,0.67,0.852,0.901,0.627,0.872,0.365,0.849,-0.464,0.805,0.835,-0.78,0.595,-0.649,-0.258,0.747,0.829,0.621,0.52,0.513,-0.364,0.801,0.831,0.52,0.827,0.837,0.714,0.262,-0.048,-0.331,0.849,0.814,0.386,-0.537,0.541,0.712,0.571,0.812,-0.47,0.769,0.539,0.903,0.703,0.852,0.751,0.546,0.775,0.884,0.384,-0.275,0.074,0.408,0.746,0.87,-0.158,0.704,-0.073,0.794,0.802,0.386,0.519,0.816,0.556,0.236,0.475,0.886,0.856,0.198,0.619,0.603,0.817,0.936,0.84,0.785,0.745,0.334,0.637,0.73,-0.469,0.897,-0.159,0.28,0.813,-0.66,-0.268,0.774,0.608,0.707,0.838,0.878,0.425,0.728,0.717,0.877,0.48,0.497,0.284,0.837,0.729
BUSE,0.409,-0.163,0.413,0.229,0.719,0.051,0.418,0.306,-0.0,0.373,0.538,0.539,0.02,0.052,-0.008,-0.089,0.43,0.338,-0.363,-0.171,0.0,-0.153,-0.16,0.392,-0.051,0.248,0.0,0.253,0.103,0.399,0.22,0.591,0.071,0.198,0.395,-0.116,0.349,0.519,0.558,0.606,0.345,0.594,0.124,0.847,0.662,0.758,0.173,0.469,0.404,-0.709,0.086,0.099,0.384,0.671,0.23,-0.153,0.063,0.165,0.302,0.013,-0.279,-0.102,0.281,0.277,0.403,0.744,0.318,0.393,0.385,-0.622,-0.298,0.261,0.139,-0.182,0.207,0.334,-0.195,0.329,-0.156,0.677,-0.236,0.434,0.338,0.506,-0.314,0.199,0.262,0.303,0.042,-0.113,0.579,0.357,0.321,-0.288,-0.074,0.26,0.423,0.38,0.506,0.474,0.203,0.481,-0.036,0.274,0.162,0.628,0.227,0.064,0.393,-0.0,0.275,0.282,-0.211,-0.034,-0.527,0.048,0.65,0.558,-0.195,0.738,0.543,-0.544,0.452,0.569,-0.42,0.513,0.122,0.484,0.247,0.177,-0.478,0.591,0.562,0.804,-0.265,0.502,0.523,0.658,-0.01,-0.094,0.332,0.617,0.282,0.632,0.403,0.079,-0.39,0.456,0.308,-0.22,0.443,-0.393,-0.361,0.492,0.204,-0.459,0.624,0.101,0.363,0.4,0.637,0.705,0.429,0.722,0.637,-0.083,0.459,0.043,0.764,0.257,0.597,0.126,0.283,0.431,-0.029,0.476,0.495,0.75,0.441,0.412,0.249,0.318,0.776,0.223,-0.37,-0.628,0.183,0.732,-0.239,0.287,0.332,0.688,0.407,0.102,0.322,0.294,0.617,-0.048,0.638,0.274
CAKE,0.902,0.51,0.84,0.9,0.713,0.314,0.47,0.223,-0.601,0.854,0.629,0.505,0.742,0.796,0.626,0.492,0.623,0.881,0.543,0.579,0.806,0.776,-0.662,0.838,0.792,0.93,0.253,0.0,0.794,-0.36,-0.048,0.792,0.798,0.826,0.467,0.37,0.709,0.789,0.85,0.819,0.921,0.757,0.891,0.236,0.721,0.497,0.773,0.777,0.797,-0.273,-0.116,0.881,0.806,0.649,0.902,0.46,0.812,0.849,0.865,-0.457,0.619,-0.636,0.24,0.385,0.862,0.433,0.824,0.858,0.713,-0.219,-0.672,0.942,-0.502,0.584,0.389,0.794,0.427,0.924,0.581,0.718,-0.523,0.748,0.883,0.845,-0.535,-0.587,-0.134,0.863,0.691,-0.311,0.745,0.872,0.795,-0.321,0.783,0.882,0.849,0.867,0.858,0.399,-0.42,0.809,0.6,0.845,0.921,0.682,0.883,0.328,0.885,-0.468,0.908,0.852,-0.773,0.566,-0.657,-0.249,0.783,0.867,0.576,0.555,0.564,-0.338,0.83,0.856,0.407,0.871,0.841,0.751,0.401,-0.002,-0.332,0.859,0.835,0.447,-0.6,0.637,0.733,0.62,0.772,-0.458,0.727,0.596,0.926,0.753,0.867,0.723,0.496,0.842,0.86,0.264,-0.342,0.015,0.405,0.768,0.873,-0.254,0.78,-0.175,0.809,0.842,0.418,0.505,0.885,0.582,0.263,0.449,0.915,0.832,0.252,0.708,0.631,0.81,0.895,0.859,0.813,0.778,0.349,0.656,0.814,-0.428,0.914,-0.084,0.357,0.852,-0.714,-0.35,0.78,0.626,0.689,0.865,0.925,0.54,0.779,0.703,0.835,0.547,0.534,0.21,0.832,0.735
CASY,0.881,0.431,0.889,0.934,0.634,0.066,0.212,-0.065,-0.273,0.896,0.606,0.512,0.852,0.8,0.304,0.264,0.711,0.887,0.314,0.43,0.708,0.717,-0.846,0.849,0.812,0.72,0.103,0.794,0.0,-0.279,0.152,0.792,0.726,0.872,0.463,0.022,0.867,0.804,0.772,0.745,0.722,0.797,0.834,0.052,0.539,0.387,0.681,0.838,0.836,-0.366,-0.484,0.762,0.901,0.53,0.794,0.342,0.753,0.926,0.885,-0.312,0.507,-0.809,-0.268,0.564,0.883,0.394,0.902,0.848,0.884,-0.34,-0.877,0.86,-0.476,0.47,0.161,0.714,0.324,0.843,0.558,0.632,-0.425,0.852,0.736,0.817,-0.505,-0.772,-0.41,0.924,0.713,-0.622,0.779,0.855,0.746,-0.595,0.591,0.924,0.864,0.791,0.766,0.161,-0.608,0.85,0.516,0.8,0.856,0.735,0.856,0.445,0.894,-0.722,0.896,0.889,-0.788,0.202,-0.774,-0.37,0.691,0.797,0.422,0.533,0.54,-0.333,0.667,0.742,0.415,0.82,0.928,0.841,0.221,0.327,-0.23,0.722,0.694,0.393,-0.818,0.695,0.611,0.412,0.641,-0.745,0.493,0.585,0.885,0.754,0.846,0.411,0.277,0.801,0.782,-0.095,-0.574,-0.327,0.41,0.8,0.772,-0.477,0.748,-0.488,0.869,0.765,0.563,0.304,0.799,0.606,0.017,0.324,0.783,0.614,-0.061,0.864,0.705,0.919,0.809,0.845,0.629,0.746,0.173,0.522,0.832,-0.429,0.867,0.255,0.361,0.919,-0.817,-0.5,0.888,0.539,0.571,0.885,0.874,0.467,0.882,0.774,0.558,0.813,0.359,-0.106,0.571,0.656
CCOI,-0.185,-0.763,-0.153,-0.281,0.129,-0.35,-0.24,-0.173,0.56,-0.124,-0.178,0.396,-0.404,-0.564,-0.692,-0.51,0.059,-0.233,-0.812,-0.777,-0.719,-0.744,0.208,-0.23,-0.667,-0.434,0.399,-0.36,-0.279,0.0,0.541,0.028,-0.619,-0.471,0.252,-0.506,0.073,0.052,-0.166,-0.114,-0.338,0.033,-0.503,0.314,-0.093,0.248,-0.37,-0.031,-0.137,-0.334,-0.133,-0.57,-0.092,0.064,-0.492,-0.464,-0.605,-0.253,-0.207,0.732,-0.854,0.195,-0.195,0.281,-0.202,0.405,-0.259,-0.179,-0.038,-0.159,-0.049,-0.418,0.818,-0.777,-0.101,-0.177,-0.769,-0.395,-0.523,0.042,0.616,-0.067,-0.292,-0.049,0.283,0.394,0.272,-0.207,-0.237,-0.175,-0.047,-0.313,-0.459,-0.381,-0.722,-0.283,-0.241,-0.144,-0.193,0.262,0.483,-0.084,-0.552,-0.401,-0.464,0.173,-0.405,-0.435,-0.165,0.534,-0.2,-0.219,0.268,-0.678,-0.03,0.263,-0.033,-0.105,-0.467,0.163,0.347,-0.278,-0.324,-0.163,-0.644,-0.151,-0.433,-0.006,-0.057,0.18,-0.073,-0.165,-0.16,0.409,-0.0,0.258,0.079,0.009,-0.753,-0.059,-0.439,0.052,-0.326,0.102,-0.152,-0.654,-0.705,-0.034,-0.48,-0.723,0.351,-0.601,-0.356,0.001,-0.59,-0.301,0.029,-0.131,-0.098,-0.267,0.426,0.06,-0.07,0.157,0.497,-0.206,-0.216,-0.532,0.219,0.035,0.062,-0.322,-0.318,-0.229,-0.729,-0.002,0.33,0.23,-0.07,0.923,-0.435,0.552,0.589,-0.191,0.014,-0.215,-0.259,0.136,-0.613,-0.271,-0.331,0.356,-0.081,-0.205,-0.54,-0.024,0.09,-0.078,-0.207,-0.2
CEVA,0.202,-0.179,0.172,0.169,0.215,-0.14,-0.007,-0.497,0.627,0.29,0.15,0.683,0.181,0.043,-0.273,-0.311,0.244,0.063,-0.662,-0.171,-0.364,-0.181,-0.075,0.255,-0.105,-0.076,0.22,-0.048,0.152,0.541,0.0,0.283,-0.025,0.042,0.776,-0.172,0.379,0.428,0.123,0.177,-0.002,0.229,0.027,0.034,0.141,0.49,0.28,0.301,0.195,-0.286,-0.463,-0.3,0.308,0.014,-0.009,0.085,-0.054,0.273,0.277,0.757,-0.361,0.051,-0.396,0.795,0.13,0.429,0.211,0.248,0.23,-0.19,-0.264,0.002,0.311,-0.196,-0.188,0.195,-0.447,0.015,0.094,0.179,0.514,0.113,0.146,0.336,-0.102,0.131,0.278,0.282,0.053,-0.48,0.301,0.127,0.043,-0.325,-0.371,0.163,0.18,0.312,0.236,0.287,-0.154,0.262,0.031,0.062,0.022,0.304,0.139,0.225,0.243,0.109,0.168,0.294,-0.169,-0.711,-0.348,0.395,0.252,0.213,0.065,0.351,0.631,-0.629,-0.116,0.144,0.009,0.153,0.043,0.292,0.019,0.68,-0.238,0.08,0.059,0.264,-0.23,0.608,0.371,0.021,-0.274,-0.51,-0.027,0.101,0.087,0.333,0.258,-0.513,-0.5,0.388,-0.002,-0.502,0.154,-0.522,0.056,0.446,-0.188,-0.155,0.26,-0.229,0.363,0.15,0.656,0.065,0.309,0.26,0.327,0.332,0.092,-0.023,0.15,0.446,0.466,0.151,0.013,0.065,-0.387,0.495,0.575,0.335,0.143,0.562,-0.061,0.838,0.512,0.305,-0.23,-0.319,0.248,0.11,-0.065,0.222,0.069,0.385,0.285,0.498,-0.194,0.516,0.4,0.082,-0.079,0.434
