,AAPL,ACRS,ADP,AFYA,AGNC,AGYS,ALT,AMGN,AMPH,AMZN,ANIP,AOSL,APDN,APLT,APVO,ARGX,ARLP,ATEX,ATRA,AUTL,AVDL,BCRX,BHAT,BLBD,BMRN,BNGO,BUSE,CAKE,CASY,CCOI,CEVA,CHY,CLDX,CLMT,COHU,COLM,COST,CPRT,CSWC,CSX,DBX,DCOM,DKNG,DMLP,DOX,EA,EDIT,ENPH,ENSG,ERNA,ESGR,ETNB,EXTR,FANG,FARO,FATE,FGEN,FIVE,FIVN,FLGT,FOLD,FORM,FOXA,FRPT,FSLR,FTAI,GBDC,GDYN,GGAL,GNLN,GRFS,GT,HCAT,HCM,HFWA,HOLX,HQY,HUBG,IAC,ICLR,IDCC,IEP,IHRT,ILMN,ILPT,IMAB,IMOS,INMD,INTZ,JAZZ,JKHY,JRVR,KIDS,LBRDK,LGND,LMAT,LPLA,LULU,MASI,MAT,MATW,MBIN,MBIO,MCRB,MDB,MDLZ,MELI,MIRM,MLKN,MNMD,MNRO,MPWR,MRCY,MRSN,MTVA,NAAS,NDAQ,NDSN,NEGG,NOVT,NVDA,NWE,NWSA,NXST,OCX,ODFL,OMAB,OPCH,OPRA,ORGO,OTRK,OZK,PAGP,PCH,PEGA,PENG,PENN,PFBC,PGNY,PHAT,PHUN,PINC,PLUG,PLXS,PYPL,QLYS,QNCX,QQQX,QVCGA,RAPT,RBBN,RCKT,REPL,RMBS,ROAD,ROKU,ROP,RUSHA,SANM,SATS,SBCF,SBLK,SBUX,SCHL,SCSC,SDGR,SEIC,SFIX,SGRY,SKYW,SLP,SNES,STAA,STLD,STOK,SWKS,TER,TFIN,TIGO,TILE,TPIC,TTEC,TTEK,TTGT,UXIN,VERU,VLYPP,VNOM,VRNS,VRSN,WDAY,WERN,WINA,WKHS,WRLD,XP,XTKG,YY,ZION,ZM
AAPL,0.0,0.438,0.961,-0.5,0.884,0.821,-0.23,0.595,0.889,0.913,-0.214,0.865,0.884,0.442,0.223,0.284,-0.477,0.82,0.017,0.809,0.667,0.722,0.924,0.575,0.737,0.879,0.918,0.404,0.432,0.875,0.962,0.771,0.886,0.39,0.839,0.8,0.922,0.923,0.938,0.94,0.817,0.957,0.512,0.312,0.949,0.623,0.291,-0.399,0.867,0.881,-0.432,-0.163,0.088,-0.246,0.883,0.85,0.946,0.044,0.93,0.96,0.753,0.954,0.839,0.858,-0.798,0.052,0.343,0.615,-0.579,0.921,0.354,0.882,0.71,0.12,0.346,0.835,-0.765,0.933,0.766,0.8,0.957,0.392,-0.144,0.333,0.944,0.625,0.874,0.452,0.056,0.769,0.758,0.744,0.857,0.95,0.935,0.629,0.094,-0.196,0.655,0.808,0.977,0.847,0.927,-0.423,0.856,0.973,0.191,0.202,0.955,0.822,0.923,0.963,0.943,-0.202,-0.187,0.67,0.382,0.91,0.795,0.984,0.967,0.788,0.88,0.702,0.586,0.959,0.003,0.132,0.002,0.966,0.332,0.719,0.0,0.833,0.144,0.946,0.909,0.969,0.689,0.639,-0.095,0.955,-0.02,0.92,0.337,0.288,0.928,0.946,0.934,0.594,0.758,0.833,0.805,0.96,0.299,0.734,0.941,0.97,0.939,0.902,0.958,0.883,-0.15,-0.007,0.777,0.333,0.708,0.882,0.861,0.793,0.845,0.687,0.777,0.48,0.816,0.926,0.955,0.93,0.937,0.958,0.572,0.952,0.938,0.953,-0.563,0.817,0.705,0.22,0.561,0.91,0.374,0.976,0.765,0.847,0.843,0.711,-0.143,-0.105,0.195,0.784
ACRS,0.438,0.0,0.502,-0.154,0.527,0.517,0.45,0.519,0.211,0.393,0.326,0.504,0.373,0.023,0.067,0.426,-0.013,0.51,0.056,0.462,0.53,0.704,0.338,0.569,0.59,0.397,0.192,0.195,0.329,0.26,0.309,0.387,0.338,0.53,0.447,0.351,0.54,0.454,0.405,0.52,0.234,0.311,-0.176,0.152,0.441,0.264,0.474,-0.287,0.316,0.24,-0.376,-0.34,0.437,0.092,0.347,0.611,0.461,-0.028,0.364,0.356,0.673,0.42,0.263,0.33,-0.244,0.037,0.293,0.641,-0.128,0.278,-0.018,0.521,0.479,0.264,-0.082,0.38,-0.476,0.492,0.308,0.417,0.39,0.047,-0.216,0.484,0.315,0.54,0.479,0.18,-0.317,0.61,0.347,0.106,0.312,0.407,0.561,0.189,-0.143,-0.143,0.116,0.295,0.465,0.479,0.484,-0.285,0.36,0.446,-0.099,0.605,0.456,0.367,0.357,0.379,0.344,0.449,-0.406,0.268,0.099,0.452,0.518,0.374,0.408,0.217,0.293,0.245,-0.036,0.49,-0.087,0.059,0.159,0.308,0.194,0.16,0.121,0.55,-0.226,0.304,0.427,0.324,0.155,-0.048,-0.575,0.416,0.033,0.399,-0.066,0.16,0.242,0.311,0.291,0.496,0.517,0.63,0.666,0.394,0.415,0.129,0.484,0.409,0.451,0.401,0.321,0.26,-0.338,0.561,0.067,0.084,0.159,0.205,0.199,0.464,0.585,0.357,0.489,0.491,0.047,0.368,0.368,0.216,0.431,0.417,0.512,0.411,0.38,0.404,-0.031,0.152,-0.079,0.126,0.083,0.389,0.213,0.339,0.199,0.163,0.186,0.529,-0.166,0.402,-0.092,0.068
ADP,0.961,0.502,0.0,-0.576,0.933,0.886,-0.114,0.703,0.87,0.852,-0.107,0.904,0.893,0.396,0.131,0.322,-0.394,0.902,-0.1,0.843,0.685,0.781,0.913,0.691,0.827,0.849,0.88,0.298,0.491,0.809,0.936,0.726,0.871,0.407,0.819,0.71,0.938,0.958,0.944,0.945,0.736,0.919,0.362,0.237,0.977,0.589,0.308,-0.476,0.856,0.857,-0.601,-0.323,0.207,-0.296,0.852,0.845,0.956,-0.031,0.953,0.945,0.827,0.971,0.785,0.839,-0.82,-0.077,0.338,0.644,-0.628,0.875,0.244,0.892,0.81,0.059,0.197,0.768,-0.831,0.965,0.688,0.752,0.967,0.303,-0.25,0.335,0.941,0.719,0.946,0.356,0.01,0.787,0.759,0.61,0.793,0.964,0.956,0.536,-0.029,-0.307,0.591,0.745,0.978,0.901,0.904,-0.532,0.88,0.985,0.039,0.383,0.977,0.839,0.91,0.961,0.912,-0.078,-0.351,0.74,0.281,0.893,0.845,0.956,0.976,0.712,0.797,0.581,0.476,0.95,-0.14,0.08,0.039,0.936,0.243,0.623,-0.074,0.826,-0.005,0.923,0.88,0.922,0.631,0.488,-0.27,0.941,-0.053,0.915,0.216,0.235,0.924,0.883,0.924,0.596,0.742,0.852,0.866,0.927,0.425,0.657,0.956,0.954,0.948,0.925,0.932,0.822,-0.275,0.116,0.744,0.262,0.625,0.82,0.788,0.842,0.916,0.77,0.806,0.533,0.704,0.863,0.931,0.865,0.959,0.967,0.658,0.931,0.919,0.937,-0.528,0.734,0.593,0.167,0.476,0.901,0.384,0.946,0.679,0.766,0.783,0.675,-0.278,-0.033,0.083,0.722
AFYA,-0.5,-0.154,-0.576,0.0,-0.604,-0.608,-0.175,-0.726,-0.549,-0.285,0.253,-0.508,-0.629,0.222,0.376,0.347,0.237,-0.748,0.552,-0.639,-0.468,-0.561,-0.679,-0.703,-0.553,-0.349,-0.482,0.474,-0.067,-0.394,-0.497,-0.092,-0.329,0.075,-0.206,0.021,-0.507,-0.725,-0.534,-0.436,-0.145,-0.462,0.166,0.294,-0.609,-0.135,0.162,0.605,-0.295,-0.633,0.618,0.598,-0.072,0.692,-0.316,-0.25,-0.581,0.315,-0.656,-0.426,-0.531,-0.57,-0.276,-0.45,0.729,0.504,0.328,-0.334,0.812,-0.524,0.429,-0.402,-0.496,0.464,0.355,-0.249,0.8,-0.555,-0.12,-0.173,-0.58,0.096,0.665,0.054,-0.563,-0.59,-0.638,0.335,0.25,-0.394,-0.182,-0.059,-0.103,-0.678,-0.501,0.126,0.59,0.605,0.045,-0.053,-0.579,-0.659,-0.419,0.814,-0.473,-0.582,0.549,-0.455,-0.583,-0.718,-0.555,-0.5,-0.427,0.152,0.583,-0.32,0.243,-0.355,-0.738,-0.477,-0.58,-0.079,-0.188,-0.008,0.096,-0.618,0.638,0.495,0.062,-0.557,-0.277,0.093,0.608,-0.384,0.529,-0.425,-0.38,-0.456,0.127,-0.059,0.467,-0.538,0.583,-0.39,0.343,0.58,-0.641,-0.3,-0.619,-0.124,-0.334,-0.382,-0.581,-0.358,-0.293,-0.078,-0.554,-0.473,-0.407,-0.674,-0.596,-0.28,0.617,-0.439,-0.531,0.461,-0.065,-0.465,-0.198,-0.756,-0.486,-0.672,-0.215,-0.039,-0.282,-0.296,-0.455,-0.4,-0.623,-0.631,-0.684,-0.553,-0.379,-0.376,0.412,-0.319,-0.15,0.419,0.307,-0.515,-0.094,-0.475,-0.173,-0.318,-0.324,-0.049,0.653,0.139,0.488,-0.523
AGNC,0.884,0.527,0.933,-0.604,0.0,0.89,-0.022,0.739,0.735,0.826,0.04,0.882,0.805,0.336,0.162,0.302,-0.348,0.896,-0.111,0.855,0.689,0.79,0.837,0.809,0.855,0.85,0.812,0.253,0.475,0.684,0.897,0.688,0.815,0.462,0.823,0.648,0.905,0.936,0.895,0.912,0.673,0.845,0.299,0.198,0.916,0.619,0.377,-0.372,0.793,0.78,-0.615,-0.437,0.348,-0.299,0.835,0.794,0.913,-0.01,0.884,0.878,0.793,0.912,0.701,0.748,-0.71,-0.056,0.398,0.607,-0.537,0.864,0.145,0.906,0.738,0.038,0.111,0.679,-0.843,0.915,0.674,0.684,0.89,0.342,-0.245,0.492,0.884,0.712,0.912,0.365,-0.075,0.698,0.663,0.543,0.698,0.893,0.922,0.441,-0.033,-0.261,0.568,0.663,0.907,0.928,0.884,-0.529,0.86,0.91,0.027,0.505,0.942,0.837,0.879,0.91,0.788,-0.018,-0.473,0.64,0.278,0.868,0.821,0.885,0.93,0.641,0.734,0.514,0.411,0.887,-0.115,0.056,0.267,0.881,0.28,0.518,-0.097,0.799,-0.089,0.863,0.879,0.842,0.529,0.392,-0.337,0.905,0.029,0.882,0.205,0.193,0.859,0.799,0.852,0.605,0.687,0.827,0.831,0.831,0.581,0.597,0.932,0.912,0.899,0.899,0.856,0.688,-0.292,0.262,0.638,0.165,0.551,0.82,0.689,0.891,0.941,0.741,0.799,0.66,0.576,0.818,0.904,0.77,0.905,0.904,0.797,0.91,0.886,0.852,-0.396,0.63,0.568,0.061,0.386,0.864,0.502,0.854,0.592,0.738,0.725,0.668,-0.344,0.092,0.086,0.677
AGYS,0.821,0.517,0.886,-0.608,0.89,0.0,0.112,0.717,0.707,0.705,0.032,0.872,0.734,0.228,0.008,0.13,-0.281,0.908,-0.275,0.889,0.773,0.753,0.817,0.851,0.753,0.782,0.753,0.101,0.294,0.659,0.831,0.489,0.708,0.422,0.692,0.544,0.817,0.911,0.844,0.767,0.498,0.813,0.169,0.123,0.911,0.584,0.276,-0.579,0.624,0.783,-0.689,-0.533,0.45,-0.367,0.702,0.66,0.845,-0.117,0.918,0.771,0.73,0.858,0.752,0.776,-0.728,-0.293,0.277,0.626,-0.679,0.816,0.011,0.896,0.777,0.051,0.032,0.582,-0.757,0.876,0.602,0.537,0.882,0.409,-0.373,0.421,0.862,0.811,0.928,0.263,-0.281,0.72,0.485,0.47,0.568,0.886,0.815,0.319,-0.182,-0.488,0.458,0.495,0.87,0.93,0.786,-0.691,0.835,0.872,-0.129,0.438,0.874,0.892,0.785,0.831,0.74,-0.064,-0.502,0.627,0.03,0.703,0.838,0.798,0.871,0.461,0.693,0.484,0.287,0.86,-0.278,-0.206,0.124,0.8,0.233,0.453,-0.195,0.734,-0.139,0.808,0.743,0.777,0.376,0.347,-0.425,0.775,-0.029,0.879,0.097,0.099,0.809,0.683,0.832,0.633,0.818,0.748,0.822,0.756,0.35,0.571,0.846,0.803,0.828,0.895,0.851,0.558,-0.435,0.377,0.614,0.076,0.415,0.712,0.514,0.927,0.862,0.814,0.689,0.524,0.497,0.709,0.776,0.708,0.87,0.879,0.729,0.849,0.753,0.797,-0.241,0.583,0.42,-0.027,0.238,0.73,0.443,0.802,0.41,0.664,0.636,0.513,-0.281,0.127,-0.079,0.634
ALT,-0.23,0.45,-0.114,-0.175,-0.022,0.112,0.0,0.359,-0.391,-0.26,0.198,-0.132,-0.133,-0.56,-0.354,-0.289,0.297,0.129,-0.245,0.003,0.109,0.144,-0.177,0.394,0.111,-0.221,-0.334,-0.454,-0.072,-0.263,-0.32,-0.291,-0.326,0.096,-0.325,-0.365,-0.024,-0.013,-0.222,-0.125,-0.395,-0.339,-0.654,-0.374,-0.078,-0.168,0.018,-0.307,-0.351,-0.236,-0.267,-0.525,0.393,-0.141,-0.293,-0.14,-0.117,-0.104,-0.123,-0.339,0.145,-0.223,-0.222,-0.263,0.138,-0.293,-0.126,0.092,-0.012,-0.209,-0.501,-0.074,0.03,0.059,-0.464,-0.27,-0.125,-0.139,-0.18,-0.192,-0.171,-0.298,-0.337,0.132,-0.258,0.289,-0.061,-0.443,-0.589,-0.025,-0.257,-0.553,-0.46,-0.11,-0.14,-0.448,-0.536,-0.262,-0.462,-0.425,-0.147,0.091,-0.191,-0.362,-0.215,-0.166,-0.472,0.452,-0.164,-0.005,-0.151,-0.298,-0.37,0.292,-0.506,-0.252,-0.364,-0.239,0.101,-0.294,-0.215,-0.475,-0.327,-0.24,-0.614,-0.093,-0.482,-0.392,0.162,-0.297,0.092,-0.505,-0.351,0.098,-0.483,-0.368,-0.208,-0.327,-0.563,-0.452,-0.7,-0.188,-0.277,-0.22,-0.499,-0.4,-0.253,-0.365,-0.141,-0.161,0.112,-0.05,0.13,-0.344,0.039,-0.422,-0.123,-0.256,-0.237,-0.059,-0.243,-0.467,-0.554,0.748,-0.258,-0.578,-0.371,-0.275,-0.496,0.179,-0.044,0.053,-0.24,0.083,-0.566,-0.349,-0.305,-0.422,-0.145,-0.165,0.231,-0.119,-0.279,-0.251,0.282,-0.352,-0.668,-0.431,-0.543,-0.164,0.018,-0.329,-0.431,-0.449,-0.29,-0.23,-0.309,0.331,-0.501,-0.286
AMGN,0.595,0.519,0.703,-0.726,0.739,0.717,0.359,0.0,0.457,0.559,-0.053,0.506,0.694,-0.096,-0.132,0.017,-0.351,0.771,-0.11,0.575,0.419,0.638,0.671,0.808,0.883,0.551,0.572,-0.111,0.495,0.455,0.534,0.467,0.498,0.127,0.373,0.282,0.778,0.776,0.532,0.662,0.425,0.519,-0.039,-0.342,0.731,0.283,0.306,-0.461,0.503,0.522,-0.546,-0.678,0.163,-0.583,0.546,0.584,0.707,0.096,0.653,0.519,0.79,0.591,0.469,0.345,-0.556,-0.149,0.015,0.411,-0.598,0.579,-0.106,0.532,0.577,0.017,-0.071,0.544,-0.823,0.6,0.435,0.518,0.602,-0.155,-0.323,0.251,0.546,0.702,0.668,-0.037,-0.383,0.514,0.516,0.132,0.303,0.709,0.695,0.232,-0.373,-0.254,0.232,0.341,0.658,0.759,0.555,-0.606,0.434,0.687,-0.248,0.662,0.658,0.661,0.718,0.571,0.437,0.17,-0.746,0.364,0.144,0.595,0.688,0.572,0.624,0.299,0.383,0.269,-0.064,0.651,-0.531,-0.113,0.104,0.617,0.476,0.171,-0.544,0.724,-0.286,0.454,0.611,0.567,0.118,0.16,-0.595,0.647,-0.381,0.506,-0.058,-0.234,0.642,0.465,0.67,0.193,0.446,0.645,0.684,0.476,0.533,0.311,0.749,0.597,0.535,0.62,0.62,0.34,-0.427,0.516,0.581,-0.196,0.376,0.577,0.363,0.763,0.632,0.515,0.389,0.323,0.3,0.5,0.604,0.457,0.625,0.618,0.677,0.663,0.584,0.538,-0.435,0.274,0.08,-0.364,-0.024,0.74,0.382,0.52,0.409,0.356,0.52,0.178,-0.671,-0.077,-0.158,0.588
AMPH,0.889,0.211,0.87,-0.549,0.735,0.707,-0.391,0.457,0.0,0.7,-0.316,0.823,0.881,0.438,0.024,0.218,-0.383,0.762,-0.194,0.739,0.606,0.65,0.883,0.406,0.568,0.687,0.852,0.221,0.318,0.838,0.874,0.572,0.794,0.207,0.68,0.586,0.726,0.825,0.898,0.766,0.645,0.896,0.417,0.314,0.866,0.419,0.028,-0.514,0.77,0.901,-0.468,-0.089,-0.041,-0.261,0.72,0.67,0.85,-0.213,0.9,0.892,0.639,0.914,0.704,0.871,-0.903,-0.169,0.085,0.502,-0.73,0.78,0.24,0.711,0.738,-0.145,0.22,0.666,-0.714,0.872,0.501,0.576,0.918,0.269,-0.303,-0.004,0.91,0.543,0.854,0.236,0.212,0.735,0.646,0.669,0.74,0.906,0.822,0.494,-0.059,-0.374,0.484,0.682,0.898,0.702,0.753,-0.484,0.813,0.902,-0.017,0.112,0.871,0.779,0.787,0.894,0.929,-0.243,-0.099,0.756,0.146,0.723,0.766,0.896,0.898,0.67,0.726,0.51,0.536,0.87,-0.117,0.005,-0.248,0.885,0.159,0.609,-0.02,0.558,0.028,0.892,0.712,0.888,0.598,0.547,-0.017,0.829,-0.18,0.791,0.138,0.124,0.9,0.823,0.852,0.532,0.631,0.676,0.708,0.884,0.195,0.598,0.797,0.855,0.839,0.844,0.92,0.873,-0.22,-0.147,0.778,0.299,0.534,0.711,0.786,0.65,0.716,0.738,0.637,0.22,0.831,0.767,0.824,0.871,0.888,0.921,0.432,0.805,0.779,0.84,-0.646,0.779,0.665,0.278,0.435,0.758,0.078,0.925,0.637,0.744,0.671,0.553,-0.232,-0.24,0.034,0.716
AMZN,0.913,0.393,0.852,-0.285,0.826,0.705,-0.26,0.559,0.7,0.0,-0.135,0.689,0.75,0.498,0.44,0.393,-0.608,0.629,0.35,0.624,0.456,0.534,0.781,0.472,0.736,0.91,0.905,0.634,0.574,0.792,0.893,0.918,0.88,0.377,0.84,0.926,0.922,0.796,0.786,0.922,0.939,0.892,0.698,0.242,0.844,0.699,0.495,-0.112,0.884,0.702,-0.208,-0.083,0.04,-0.204,0.938,0.87,0.865,0.397,0.773,0.888,0.659,0.809,0.873,0.656,-0.54,0.352,0.52,0.441,-0.326,0.893,0.583,0.826,0.512,0.388,0.592,0.92,-0.604,0.779,0.925,0.91,0.806,0.424,0.217,0.478,0.816,0.462,0.699,0.661,0.047,0.605,0.818,0.806,0.888,0.809,0.871,0.81,0.367,0.158,0.836,0.903,0.859,0.757,0.887,-0.133,0.698,0.866,0.499,0.117,0.843,0.659,0.918,0.876,0.806,-0.161,-0.137,0.532,0.673,0.947,0.566,0.921,0.849,0.879,0.931,0.827,0.647,0.81,0.217,0.384,0.179,0.896,0.473,0.845,0.027,0.892,0.415,0.856,0.957,0.927,0.792,0.744,0.051,0.897,0.167,0.866,0.614,0.473,0.826,0.949,0.85,0.502,0.644,0.79,0.629,0.884,0.336,0.864,0.917,0.924,0.859,0.716,0.852,0.813,0.141,-0.109,0.743,0.478,0.884,0.934,0.895,0.671,0.756,0.413,0.741,0.57,0.804,0.966,0.949,0.896,0.771,0.792,0.451,0.897,0.957,0.91,-0.498,0.727,0.736,0.171,0.725,0.929,0.581,0.881,0.877,0.856,0.923,0.68,-0.055,-0.145,0.512,0.817
ANIP,-0.214,0.326,-0.107,0.253,0.04,0.032,0.198,-0.053,-0.316,-0.135,0.0,0.074,-0.288,0.063,0.083,0.419,0.295,-0.074,0.059,-0.048,0.089,0.139,-0.327,0.21,0.108,0.014,-0.248,0.154,0.099,-0.373,-0.182,-0.059,-0.106,0.379,0.128,-0.041,-0.11,-0.159,-0.109,-0.109,-0.282,-0.174,-0.221,0.173,-0.189,0.169,0.425,0.298,-0.075,-0.372,-0.101,-0.199,0.423,0.317,-0.102,0.072,-0.172,0.016,-0.218,-0.174,0.016,-0.134,-0.182,-0.149,0.37,-0.011,0.455,0.242,0.387,-0.271,-0.126,0.121,0.07,0.104,-0.177,-0.202,0.188,-0.04,-0.156,-0.212,-0.225,0.12,0.081,0.447,-0.212,0.069,0.003,0.226,-0.201,0.078,-0.143,-0.208,-0.091,-0.247,-0.022,-0.096,0.172,0.032,0.05,-0.176,-0.19,-0.02,-0.036,0.175,-0.013,-0.16,-0.023,0.422,-0.154,-0.178,-0.247,-0.145,-0.203,0.58,-0.172,-0.01,-0.065,-0.074,-0.12,-0.226,-0.147,-0.107,-0.126,-0.247,-0.15,-0.192,0.283,0.073,0.303,-0.255,-0.321,-0.106,0.381,-0.103,-0.178,-0.12,-0.105,-0.24,-0.031,-0.48,-0.2,-0.175,0.547,-0.008,0.003,0.237,-0.331,-0.224,-0.359,0.419,-0.035,0.155,0.029,-0.169,0.441,-0.103,-0.13,-0.146,-0.019,-0.141,-0.264,-0.294,0.108,0.316,-0.519,0.233,-0.273,-0.283,-0.289,-0.061,0.173,-0.028,0.256,0.388,-0.385,-0.079,-0.147,-0.279,-0.141,-0.181,0.248,-0.211,-0.107,-0.178,0.544,-0.333,-0.173,0.135,-0.064,-0.241,0.235,-0.209,-0.308,-0.085,-0.342,0.221,-0.001,0.761,0.114,-0.435
AOSL,0.865,0.504,0.904,-0.508,0.882,0.872,-0.132,0.506,0.823,0.689,0.074,0.0,0.769,0.419,0.067,0.333,-0.143,0.884,-0.31,0.905,0.834,0.834,0.812,0.708,0.674,0.759,0.74,0.217,0.294,0.7,0.884,0.513,0.756,0.525,0.857,0.584,0.753,0.881,0.959,0.805,0.527,0.851,0.228,0.47,0.877,0.537,0.236,-0.5,0.721,0.815,-0.649,-0.324,0.381,-0.094,0.701,0.738,0.842,-0.317,0.898,0.871,0.73,0.951,0.664,0.912,-0.809,-0.203,0.368,0.75,-0.564,0.76,0.069,0.914,0.843,-0.122,0.01,0.541,-0.739,0.962,0.495,0.518,0.92,0.45,-0.413,0.408,0.907,0.694,0.951,0.346,0.024,0.801,0.552,0.534,0.7,0.861,0.866,0.328,-0.081,-0.474,0.479,0.57,0.902,0.857,0.85,-0.58,0.96,0.878,-0.094,0.398,0.919,0.807,0.719,0.914,0.875,-0.036,-0.293,0.755,0.027,0.743,0.859,0.846,0.933,0.566,0.709,0.428,0.445,0.903,-0.054,-0.064,0.078,0.832,0.028,0.497,0.164,0.604,-0.175,0.915,0.763,0.805,0.531,0.291,-0.287,0.827,0.092,0.899,0.063,0.247,0.806,0.746,0.776,0.763,0.765,0.813,0.851,0.871,0.404,0.528,0.799,0.862,0.929,0.932,0.847,0.715,-0.386,0.179,0.513,0.24,0.353,0.656,0.632,0.816,0.922,0.863,0.838,0.583,0.557,0.762,0.82,0.745,0.941,0.935,0.701,0.818,0.786,0.837,-0.308,0.678,0.579,0.325,0.371,0.683,0.258,0.871,0.439,0.713,0.561,0.764,-0.189,0.2,-0.044,0.501
APDN,0.884,0.373,0.893,-0.629,0.805,0.734,-0.133,0.694,0.881,0.75,-0.288,0.769,0.0,0.287,0.02,0.194,-0.371,0.814,-0.102,0.725,0.583,0.699,0.896,0.55,0.733,0.719,0.828,0.186,0.469,0.807,0.833,0.656,0.763,0.238,0.655,0.572,0.832,0.881,0.851,0.845,0.7,0.841,0.312,0.143,0.896,0.391,0.131,-0.497,0.786,0.843,-0.476,-0.253,-0.068,-0.341,0.769,0.741,0.86,-0.083,0.865,0.867,0.771,0.877,0.672,0.741,-0.841,-0.034,0.132,0.564,-0.707,0.776,0.206,0.697,0.733,-0.019,0.196,0.752,-0.839,0.853,0.571,0.686,0.885,0.088,-0.288,0.127,0.836,0.6,0.824,0.198,-0.003,0.751,0.716,0.547,0.699,0.907,0.882,0.488,-0.145,-0.286,0.45,0.683,0.893,0.752,0.78,-0.511,0.733,0.909,-0.043,0.332,0.879,0.764,0.843,0.865,0.861,-0.142,-0.318,0.67,0.244,0.784,0.803,0.877,0.881,0.617,0.684,0.531,0.413,0.881,-0.232,0.062,-0.115,0.875,0.353,0.528,-0.172,0.722,-0.056,0.808,0.785,0.874,0.519,0.492,-0.218,0.885,-0.276,0.744,0.117,0.058,0.888,0.801,0.857,0.409,0.614,0.756,0.756,0.85,0.342,0.556,0.859,0.855,0.813,0.816,0.882,0.805,-0.281,0.057,0.771,0.161,0.585,0.746,0.758,0.715,0.748,0.684,0.62,0.3,0.724,0.769,0.846,0.823,0.875,0.894,0.549,0.843,0.81,0.835,-0.676,0.696,0.501,0.116,0.376,0.865,0.195,0.855,0.676,0.665,0.71,0.499,-0.407,-0.182,0.003,0.733
APLT,0.442,0.023,0.396,0.222,0.336,0.228,-0.56,-0.096,0.438,0.498,0.063,0.419,0.287,0.0,0.492,0.547,-0.182,0.15,0.291,0.245,0.118,0.141,0.284,-0.066,0.187,0.467,0.454,0.631,0.409,0.368,0.512,0.548,0.521,0.409,0.604,0.607,0.341,0.255,0.463,0.444,0.553,0.486,0.578,0.547,0.342,0.375,0.297,0.209,0.601,0.301,0.016,0.341,0.079,0.294,0.519,0.472,0.369,0.162,0.318,0.564,0.178,0.452,0.391,0.433,-0.187,0.381,0.521,0.228,0.068,0.363,0.568,0.404,0.278,0.179,0.444,0.419,-0.06,0.413,0.401,0.424,0.395,0.398,0.303,0.225,0.434,-0.005,0.335,0.613,0.467,0.262,0.577,0.55,0.668,0.281,0.414,0.583,0.533,0.235,0.606,0.631,0.386,0.219,0.417,0.267,0.452,0.387,0.495,-0.146,0.415,0.168,0.329,0.51,0.502,-0.02,0.27,0.488,0.452,0.515,0.084,0.494,0.44,0.643,0.511,0.393,0.597,0.307,0.485,0.517,0.077,0.447,-0.136,0.635,0.466,0.252,0.429,0.567,0.458,0.472,0.753,0.426,0.37,0.427,0.475,0.507,0.536,0.695,0.335,0.549,0.317,0.383,0.22,0.366,0.194,0.58,0.202,0.527,0.364,0.483,0.556,0.284,0.382,0.568,0.397,-0.471,0.271,0.674,0.498,0.396,0.624,0.086,0.415,0.19,0.584,0.356,0.509,0.567,0.508,0.525,0.383,0.373,0.056,0.355,0.554,0.532,-0.214,0.396,0.631,0.595,0.723,0.374,0.18,0.497,0.53,0.509,0.445,0.554,0.261,-0.032,0.517,0.252
APVO,0.223,0.067,0.131,0.376,0.162,0.008,-0.354,-0.132,0.024,0.44,0.083,0.067,0.02,0.492,0.0,0.383,-0.415,-0.098,0.641,0.053,-0.087,-0.044,0.097,-0.138,0.128,0.461,0.263,0.753,0.182,0.2,0.296,0.538,0.402,0.383,0.381,0.583,0.218,0.033,0.123,0.297,0.517,0.286,0.684,0.32,0.064,0.36,0.505,0.46,0.339,0.111,0.305,0.435,-0.104,0.192,0.386,0.365,0.153,0.532,0.048,0.264,0.052,0.12,0.339,0.146,0.179,0.578,0.561,0.002,0.312,0.294,0.65,0.213,-0.105,0.442,0.636,0.417,0.106,0.089,0.547,0.47,0.099,0.373,0.602,0.375,0.136,-0.059,-0.017,0.757,0.291,0.095,0.269,0.473,0.481,0.042,0.229,0.582,0.799,0.529,0.607,0.479,0.106,0.028,0.339,0.476,0.108,0.127,0.775,-0.153,0.171,0.053,0.215,0.245,0.177,-0.066,0.38,-0.063,0.679,0.395,-0.103,0.292,0.162,0.455,0.431,0.488,0.496,0.09,0.613,0.5,0.153,0.253,0.228,0.581,0.382,0.294,0.634,0.226,0.393,0.289,0.583,0.54,0.527,0.208,0.548,0.259,0.709,0.652,0.125,0.364,0.128,0.253,0.054,0.212,0.013,0.299,0.186,0.535,0.202,0.251,0.216,-0.003,0.149,0.38,0.587,-0.398,0.094,0.622,0.549,0.412,0.443,-0.038,0.148,-0.176,0.41,0.34,0.383,0.416,0.357,0.366,0.056,0.081,0.006,0.213,0.378,0.288,-0.131,0.322,0.532,0.311,0.658,0.287,0.334,0.219,0.5,0.482,0.433,0.456,0.461,-0.074,0.71,0.218
ARGX,0.284,0.426,0.322,0.347,0.302,0.13,-0.289,0.017,0.218,0.393,0.419,0.333,0.194,0.547,0.383,0.0,-0.06,0.086,0.442,0.075,0.093,0.269,0.078,-0.004,0.37,0.369,0.209,0.671,0.562,0.163,0.281,0.577,0.405,0.362,0.567,0.533,0.327,0.124,0.306,0.414,0.429,0.284,0.333,0.455,0.215,0.307,0.552,0.327,0.521,0.025,-0.016,0.197,0.116,0.378,0.439,0.57,0.246,0.193,0.119,0.406,0.328,0.305,0.213,0.184,0.041,0.445,0.592,0.277,0.29,0.127,0.554,0.34,0.282,0.373,0.353,0.399,-0.02,0.323,0.308,0.459,0.218,0.15,0.386,0.421,0.223,-0.022,0.249,0.589,0.303,0.335,0.517,0.344,0.588,0.13,0.42,0.549,0.494,0.359,0.538,0.557,0.249,0.138,0.399,0.386,0.317,0.291,0.428,0.197,0.295,-0.038,0.212,0.355,0.367,0.424,0.111,0.45,0.506,0.464,0.028,0.326,0.285,0.517,0.359,0.259,0.4,0.166,0.47,0.72,0.226,0.235,-0.118,0.509,0.522,0.24,0.306,0.352,0.392,0.292,0.674,0.117,0.096,0.315,0.561,0.352,0.406,0.715,0.134,0.391,0.064,0.489,0.127,0.465,0.252,0.419,0.436,0.361,0.336,0.366,0.428,0.085,0.149,0.38,0.362,-0.243,-0.031,0.692,0.4,0.156,0.464,-0.047,0.457,0.009,0.591,0.511,0.234,0.417,0.364,0.268,0.23,0.196,0.09,0.183,0.43,0.373,-0.041,0.146,0.298,0.547,0.615,0.283,0.247,0.296,0.38,0.265,0.219,0.576,0.166,0.259,0.53,0.044
ARLP,-0.477,-0.013,-0.394,0.237,-0.348,-0.281,0.297,-0.351,-0.383,-0.608,0.295,-0.143,-0.371,-0.182,-0.415,-0.06,0.0,-0.177,-0.473,-0.21,0.032,-0.056,-0.474,-0.112,-0.415,-0.549,-0.611,-0.431,-0.304,-0.466,-0.49,-0.606,-0.486,0.148,-0.287,-0.578,-0.516,-0.383,-0.294,-0.443,-0.635,-0.536,-0.642,0.241,-0.413,-0.404,-0.299,-0.086,-0.484,-0.384,-0.081,-0.17,0.365,0.588,-0.571,-0.404,-0.455,-0.578,-0.387,-0.446,-0.277,-0.342,-0.578,-0.23,0.216,-0.279,-0.065,0.095,0.32,-0.583,-0.536,-0.296,0.077,-0.339,-0.629,-0.686,0.262,-0.269,-0.65,-0.646,-0.366,-0.181,-0.389,-0.091,-0.415,-0.158,-0.241,-0.401,0.01,-0.176,-0.458,-0.604,-0.523,-0.445,-0.407,-0.649,-0.39,-0.283,-0.586,-0.538,-0.418,-0.335,-0.457,-0.093,-0.173,-0.457,-0.458,0.16,-0.371,-0.409,-0.599,-0.424,-0.359,0.271,-0.116,-0.121,-0.621,-0.551,-0.177,-0.525,-0.397,-0.541,-0.553,-0.546,-0.365,-0.353,-0.111,-0.263,0.102,-0.554,-0.576,-0.6,0.325,-0.554,-0.527,-0.397,-0.533,-0.569,-0.456,-0.754,-0.291,-0.462,0.039,-0.37,-0.587,-0.136,-0.516,-0.539,-0.513,-0.083,-0.213,-0.311,-0.155,-0.417,-0.099,-0.657,-0.541,-0.458,-0.317,-0.252,-0.527,-0.457,-0.348,0.286,-0.594,-0.299,-0.731,-0.688,-0.563,-0.3,-0.248,-0.013,-0.23,-0.044,-0.667,-0.557,-0.542,-0.623,-0.292,-0.356,-0.144,-0.484,-0.534,-0.457,0.474,-0.42,-0.526,0.326,-0.422,-0.605,-0.418,-0.477,-0.691,-0.598,-0.718,-0.152,0.028,0.471,-0.507,-0.744
ATEX,0.82,0.51,0.902,-0.748,0.896,0.908,0.129,0.771,0.762,0.629,-0.074,0.884,0.814,0.15,-0.098,0.086,-0.177,0.0,-0.42,0.893,0.758,0.841,0.855,0.855,0.796,0.699,0.728,-0.055,0.282,0.666,0.803,0.438,0.696,0.381,0.65,0.409,0.804,0.945,0.876,0.796,0.462,0.773,0.053,0.114,0.905,0.428,0.183,-0.653,0.632,0.825,-0.749,-0.576,0.349,-0.369,0.645,0.673,0.867,-0.295,0.919,0.778,0.82,0.892,0.619,0.786,-0.857,-0.349,0.132,0.663,-0.726,0.76,-0.12,0.818,0.856,-0.2,-0.134,0.502,-0.904,0.905,0.446,0.496,0.9,0.184,-0.555,0.285,0.857,0.835,0.942,0.068,-0.132,0.75,0.51,0.349,0.51,0.908,0.849,0.188,-0.353,-0.564,0.316,0.436,0.883,0.923,0.77,-0.789,0.845,0.875,-0.292,0.54,0.903,0.882,0.785,0.836,0.753,-0.024,-0.563,0.64,-0.051,0.681,0.928,0.794,0.891,0.425,0.588,0.346,0.211,0.9,-0.397,-0.234,0.037,0.812,0.177,0.309,-0.209,0.672,-0.346,0.779,0.723,0.756,0.31,0.238,-0.514,0.813,-0.223,0.8,-0.12,-0.071,0.835,0.661,0.843,0.543,0.724,0.761,0.897,0.749,0.416,0.413,0.823,0.807,0.821,0.943,0.841,0.607,-0.591,0.403,0.624,-0.057,0.305,0.662,0.523,0.924,0.86,0.879,0.668,0.475,0.459,0.643,0.764,0.669,0.919,0.914,0.788,0.839,0.725,0.759,-0.425,0.581,0.372,0.031,0.136,0.742,0.261,0.798,0.397,0.587,0.566,0.521,-0.452,0.068,-0.252,0.576
ATRA,0.017,0.056,-0.1,0.552,-0.111,-0.275,-0.245,-0.11,-0.194,0.35,0.059,-0.31,-0.102,0.291,0.641,0.442,-0.473,-0.42,0.0,-0.37,-0.409,-0.254,-0.139,-0.383,0.072,0.223,0.086,0.78,0.393,0.041,-0.023,0.546,0.164,0.026,0.113,0.499,0.131,-0.214,-0.213,0.127,0.47,0.028,0.617,0.034,-0.142,0.151,0.56,0.67,0.25,-0.24,0.67,0.465,-0.393,0.174,0.266,0.301,-0.062,0.849,-0.267,0.021,-0.024,-0.19,0.193,-0.271,0.458,0.817,0.444,-0.2,0.498,0.019,0.745,-0.093,-0.378,0.696,0.748,0.476,0.319,-0.204,0.466,0.472,-0.206,0.026,0.874,0.274,-0.187,-0.324,-0.336,0.623,0.102,-0.072,0.329,0.349,0.353,-0.187,0.044,0.696,0.768,0.869,0.52,0.452,-0.111,-0.245,0.109,0.786,-0.297,-0.057,0.838,-0.24,-0.129,-0.299,0.088,-0.044,-0.044,0.155,0.349,-0.227,0.851,0.272,-0.406,0.055,-0.136,0.396,0.26,0.43,0.298,-0.171,0.594,0.75,0.087,0.005,0.413,0.507,0.231,0.264,0.761,-0.06,0.232,0.104,0.476,0.449,0.522,0.024,0.419,-0.044,0.756,0.561,-0.114,0.214,-0.102,-0.035,-0.187,0.12,-0.235,0.075,0.047,0.419,0.071,0.034,-0.042,-0.356,-0.091,0.16,0.832,-0.446,0.026,0.608,0.606,0.206,0.341,-0.339,-0.138,-0.583,0.087,0.081,0.283,0.288,0.134,0.147,-0.241,-0.232,-0.31,-0.036,0.201,0.073,-0.096,0.028,0.229,0.124,0.566,0.196,0.305,-0.021,0.521,0.213,0.31,0.153,0.318,-0.169,0.83,0.17
AUTL,0.809,0.462,0.843,-0.639,0.855,0.889,0.003,0.575,0.739,0.624,-0.048,0.905,0.725,0.245,0.053,0.075,-0.21,0.893,-0.37,0.0,0.852,0.831,0.838,0.773,0.649,0.748,0.688,0.053,0.109,0.681,0.836,0.398,0.69,0.493,0.699,0.467,0.703,0.884,0.86,0.732,0.432,0.799,0.164,0.302,0.838,0.487,0.164,-0.565,0.56,0.856,-0.62,-0.416,0.375,-0.258,0.606,0.618,0.791,-0.306,0.89,0.766,0.695,0.866,0.64,0.881,-0.79,-0.316,0.196,0.71,-0.674,0.782,-0.08,0.841,0.766,-0.136,-0.078,0.502,-0.758,0.883,0.483,0.431,0.871,0.431,-0.513,0.359,0.849,0.789,0.896,0.247,-0.149,0.755,0.365,0.469,0.544,0.855,0.783,0.227,-0.169,-0.563,0.372,0.427,0.835,0.85,0.796,-0.699,0.867,0.825,-0.178,0.416,0.865,0.918,0.697,0.832,0.759,-0.103,-0.386,0.532,-0.058,0.645,0.905,0.78,0.867,0.398,0.622,0.38,0.303,0.889,-0.218,-0.269,0.005,0.8,0.203,0.371,-0.043,0.601,-0.231,0.809,0.7,0.749,0.34,0.315,-0.303,0.738,-0.04,0.811,0.005,0.029,0.783,0.637,0.776,0.671,0.751,0.713,0.828,0.759,0.334,0.468,0.763,0.761,0.798,0.915,0.825,0.612,-0.474,0.326,0.522,0.07,0.297,0.67,0.495,0.888,0.822,0.849,0.715,0.432,0.511,0.67,0.75,0.713,0.882,0.892,0.772,0.794,0.691,0.726,-0.309,0.687,0.502,0.109,0.187,0.651,0.266,0.799,0.373,0.698,0.535,0.607,-0.238,0.119,-0.17,0.54
AVDL,0.667,0.53,0.685,-0.468,0.689,0.773,0.109,0.419,0.606,0.456,0.089,0.834,0.583,0.118,-0.087,0.093,0.032,0.758,-0.409,0.852,0.0,0.777,0.633,0.691,0.468,0.567,0.481,0.002,0.035,0.625,0.643,0.222,0.481,0.504,0.626,0.353,0.543,0.719,0.735,0.554,0.23,0.635,-0.028,0.34,0.681,0.43,0.07,-0.632,0.369,0.659,-0.564,-0.383,0.447,-0.053,0.408,0.488,0.649,-0.456,0.732,0.602,0.559,0.724,0.491,0.798,-0.685,-0.348,0.177,0.769,-0.529,0.582,-0.167,0.773,0.714,-0.111,-0.169,0.349,-0.585,0.776,0.326,0.251,0.717,0.404,-0.556,0.399,0.682,0.673,0.773,0.161,-0.28,0.725,0.241,0.356,0.417,0.694,0.64,0.068,-0.235,-0.597,0.21,0.268,0.721,0.713,0.667,-0.671,0.762,0.662,-0.267,0.377,0.684,0.745,0.477,0.651,0.64,-0.057,-0.295,0.489,-0.229,0.45,0.807,0.59,0.7,0.261,0.515,0.311,0.23,0.791,-0.142,-0.364,0.003,0.608,0.092,0.23,0.135,0.465,-0.307,0.67,0.497,0.581,0.184,0.126,-0.392,0.589,0.034,0.673,-0.162,0.009,0.57,0.483,0.561,0.71,0.718,0.63,0.719,0.608,0.219,0.294,0.571,0.616,0.68,0.793,0.649,0.454,-0.537,0.432,0.303,-0.001,0.089,0.428,0.29,0.745,0.702,0.771,0.574,0.447,0.32,0.537,0.55,0.493,0.733,0.759,0.619,0.653,0.487,0.556,-0.082,0.6,0.304,0.178,0.046,0.424,0.101,0.636,0.146,0.51,0.296,0.579,-0.117,0.38,-0.264,0.329
BCRX,0.722,0.704,0.781,-0.561,0.79,0.753,0.144,0.638,0.65,0.534,0.139,0.834,0.699,0.141,-0.044,0.269,-0.056,0.841,-0.254,0.831,0.777,0.0,0.739,0.739,0.736,0.629,0.514,0.063,0.214,0.529,0.664,0.396,0.607,0.534,0.635,0.361,0.668,0.795,0.758,0.706,0.334,0.646,-0.015,0.339,0.73,0.27,0.341,-0.473,0.548,0.692,-0.531,-0.467,0.317,-0.102,0.508,0.732,0.714,-0.316,0.733,0.66,0.86,0.772,0.459,0.745,-0.701,-0.237,0.205,0.835,-0.534,0.55,-0.175,0.714,0.818,-0.164,-0.214,0.469,-0.776,0.83,0.315,0.398,0.736,0.138,-0.553,0.367,0.673,0.793,0.812,0.156,-0.151,0.885,0.405,0.279,0.479,0.746,0.806,0.213,-0.268,-0.469,0.219,0.38,0.752,0.719,0.742,-0.599,0.73,0.765,-0.278,0.667,0.782,0.74,0.585,0.727,0.7,0.297,-0.501,0.494,-0.046,0.622,0.892,0.669,0.76,0.312,0.458,0.199,0.13,0.815,-0.237,-0.151,-0.055,0.658,0.174,0.227,0.081,0.552,-0.409,0.662,0.638,0.622,0.274,0.053,-0.444,0.682,-0.078,0.65,-0.125,-0.002,0.639,0.526,0.605,0.707,0.603,0.843,0.925,0.691,0.487,0.271,0.701,0.67,0.728,0.799,0.678,0.55,-0.461,0.425,0.343,0.107,0.187,0.468,0.431,0.757,0.797,0.772,0.735,0.382,0.393,0.593,0.648,0.536,0.817,0.784,0.79,0.649,0.61,0.628,-0.326,0.492,0.28,0.219,0.084,0.592,0.104,0.684,0.332,0.529,0.338,0.674,-0.398,0.258,-0.245,0.334
BHAT,0.924,0.338,0.913,-0.679,0.837,0.817,-0.177,0.671,0.883,0.781,-0.327,0.812,0.896,0.284,0.097,0.078,-0.474,0.855,-0.139,0.838,0.633,0.739,0.0,0.617,0.73,0.804,0.866,0.173,0.299,0.83,0.911,0.595,0.809,0.259,0.685,0.59,0.839,0.932,0.879,0.843,0.684,0.901,0.39,0.157,0.918,0.445,0.186,-0.496,0.76,0.943,-0.468,-0.27,-0.005,-0.436,0.774,0.74,0.882,-0.053,0.933,0.872,0.77,0.913,0.761,0.835,-0.865,-0.124,0.106,0.6,-0.767,0.869,0.148,0.758,0.718,-0.076,0.18,0.751,-0.828,0.884,0.619,0.664,0.926,0.234,-0.323,0.16,0.903,0.717,0.866,0.271,-0.002,0.773,0.609,0.604,0.703,0.955,0.879,0.488,-0.097,-0.352,0.485,0.642,0.919,0.809,0.838,-0.577,0.789,0.936,-0.013,0.287,0.929,0.887,0.876,0.917,0.891,-0.2,-0.297,0.578,0.21,0.802,0.87,0.916,0.93,0.579,0.732,0.539,0.431,0.939,-0.25,-0.068,-0.16,0.937,0.401,0.547,-0.208,0.722,-0.042,0.862,0.826,0.906,0.501,0.553,-0.14,0.882,-0.24,0.814,0.187,0.041,0.939,0.806,0.925,0.476,0.645,0.769,0.819,0.88,0.288,0.623,0.888,0.874,0.843,0.893,0.948,0.81,-0.271,0.071,0.805,0.163,0.578,0.829,0.756,0.824,0.757,0.758,0.671,0.272,0.774,0.809,0.888,0.884,0.931,0.939,0.622,0.876,0.828,0.868,-0.62,0.779,0.612,0.066,0.345,0.866,0.26,0.918,0.686,0.788,0.758,0.527,-0.304,-0.232,-0.0,0.78
BLBD,0.575,0.569,0.691,-0.703,0.809,0.851,0.394,0.808,0.406,0.472,0.21,0.708,0.55,-0.066,-0.138,-0.004,-0.112,0.855,-0.383,0.773,0.691,0.739,0.617,0.0,0.771,0.588,0.49,-0.168,0.24,0.368,0.583,0.266,0.447,0.34,0.508,0.24,0.675,0.799,0.633,0.598,0.233,0.527,-0.139,-0.082,0.705,0.408,0.311,-0.504,0.402,0.538,-0.713,-0.77,0.534,-0.421,0.464,0.505,0.667,-0.186,0.696,0.505,0.707,0.647,0.465,0.52,-0.556,-0.357,0.18,0.584,-0.549,0.599,-0.304,0.734,0.648,-0.12,-0.277,0.324,-0.756,0.691,0.36,0.33,0.641,0.189,-0.502,0.521,0.614,0.788,0.772,0.042,-0.451,0.542,0.278,0.102,0.256,0.676,0.65,-0.004,-0.375,-0.506,0.212,0.169,0.657,0.872,0.617,-0.744,0.651,0.649,-0.349,0.69,0.684,0.752,0.6,0.595,0.45,0.123,-0.72,0.403,-0.123,0.512,0.78,0.531,0.667,0.177,0.397,0.191,-0.037,0.681,-0.422,-0.333,0.285,0.575,0.217,0.079,-0.312,0.604,-0.442,0.539,0.578,0.5,0.048,-0.002,-0.673,0.601,-0.104,0.632,-0.147,-0.157,0.58,0.391,0.609,0.477,0.593,0.654,0.75,0.467,0.525,0.264,0.668,0.587,0.609,0.758,0.598,0.225,-0.59,0.674,0.348,-0.233,0.125,0.517,0.208,0.904,0.763,0.718,0.53,0.55,0.135,0.461,0.559,0.383,0.694,0.668,0.871,0.66,0.531,0.513,-0.067,0.29,0.142,-0.266,-0.1,0.553,0.424,0.513,0.143,0.412,0.383,0.362,-0.47,0.3,-0.281,0.408
BMRN,0.737,0.59,0.827,-0.553,0.855,0.753,0.111,0.883,0.568,0.736,0.108,0.674,0.733,0.187,0.128,0.37,-0.415,0.796,0.072,0.649,0.468,0.736,0.73,0.771,0.0,0.762,0.697,0.236,0.591,0.537,0.702,0.685,0.731,0.319,0.642,0.54,0.874,0.822,0.693,0.836,0.617,0.688,0.233,-0.034,0.794,0.418,0.588,-0.249,0.747,0.592,-0.486,-0.501,0.181,-0.397,0.732,0.835,0.808,0.168,0.717,0.71,0.897,0.741,0.605,0.504,-0.551,0.015,0.328,0.513,-0.466,0.674,0.157,0.704,0.66,0.088,0.113,0.682,-0.783,0.757,0.578,0.697,0.716,0.018,-0.145,0.45,0.681,0.711,0.767,0.299,-0.145,0.667,0.678,0.351,0.596,0.757,0.867,0.467,-0.056,-0.118,0.526,0.568,0.761,0.814,0.778,-0.407,0.628,0.806,0.012,0.642,0.797,0.675,0.804,0.754,0.632,0.265,-0.574,0.512,0.366,0.792,0.715,0.74,0.768,0.533,0.582,0.394,0.204,0.735,-0.23,0.174,0.161,0.748,0.367,0.434,-0.227,0.775,-0.112,0.653,0.805,0.715,0.459,0.28,-0.405,0.785,-0.028,0.689,0.185,0.117,0.724,0.665,0.717,0.473,0.493,0.855,0.793,0.689,0.653,0.525,0.861,0.761,0.738,0.701,0.71,0.56,-0.208,0.299,0.56,0.172,0.533,0.689,0.606,0.747,0.817,0.556,0.705,0.525,0.466,0.704,0.78,0.628,0.749,0.723,0.737,0.741,0.787,0.706,-0.444,0.432,0.355,-0.062,0.3,0.831,0.451,0.688,0.594,0.592,0.639,0.506,-0.491,0.02,0.112,0.6
BNGO,0.879,0.397,0.849,-0.349,0.85,0.782,-0.221,0.551,0.687,0.91,0.014,0.759,0.719,0.467,0.461,0.369,-0.549,0.699,0.223,0.748,0.567,0.629,0.804,0.588,0.762,0.0,0.861,0.553,0.399,0.753,0.905,0.787,0.875,0.468,0.83,0.839,0.857,0.814,0.802,0.87,0.803,0.901,0.643,0.266,0.82,0.693,0.534,-0.135,0.815,0.745,-0.285,-0.158,0.107,-0.246,0.872,0.838,0.827,0.272,0.805,0.853,0.67,0.817,0.86,0.74,-0.544,0.17,0.52,0.543,-0.404,0.886,0.455,0.866,0.589,0.271,0.467,0.84,-0.592,0.81,0.847,0.791,0.816,0.504,0.081,0.542,0.826,0.615,0.759,0.679,-0.033,0.699,0.64,0.742,0.836,0.809,0.866,0.711,0.353,-0.022,0.815,0.756,0.828,0.795,0.916,-0.234,0.764,0.858,0.393,0.222,0.848,0.76,0.853,0.883,0.8,-0.1,-0.17,0.502,0.525,0.883,0.664,0.89,0.858,0.741,0.874,0.721,0.579,0.821,0.153,0.225,0.113,0.887,0.42,0.769,0.041,0.821,0.293,0.861,0.91,0.891,0.723,0.658,0.035,0.836,0.264,0.888,0.538,0.416,0.811,0.863,0.809,0.654,0.658,0.813,0.702,0.858,0.379,0.843,0.873,0.871,0.851,0.762,0.849,0.761,0.069,0.001,0.638,0.478,0.746,0.892,0.787,0.74,0.805,0.54,0.817,0.573,0.746,0.914,0.916,0.882,0.8,0.809,0.597,0.861,0.902,0.858,-0.386,0.758,0.746,0.159,0.615,0.847,0.561,0.862,0.747,0.921,0.835,0.699,-0.034,0.004,0.417,0.739
BUSE,0.918,0.192,0.88,-0.482,0.812,0.753,-0.334,0.572,0.852,0.905,-0.248,0.74,0.828,0.454,0.263,0.209,-0.611,0.728,0.086,0.688,0.481,0.514,0.866,0.49,0.697,0.861,0.0,0.423,0.472,0.849,0.927,0.783,0.871,0.248,0.758,0.792,0.869,0.854,0.854,0.861,0.851,0.955,0.64,0.158,0.896,0.659,0.272,-0.314,0.861,0.819,-0.363,-0.124,-0.046,-0.373,0.896,0.759,0.895,0.193,0.881,0.909,0.623,0.871,0.88,0.739,-0.729,0.091,0.316,0.398,-0.575,0.916,0.458,0.801,0.588,0.135,0.504,0.831,-0.684,0.821,0.79,0.782,0.888,0.371,0.028,0.219,0.901,0.526,0.794,0.471,0.099,0.613,0.749,0.794,0.823,0.899,0.857,0.695,0.185,-0.085,0.751,0.802,0.897,0.8,0.824,-0.326,0.757,0.907,0.291,0.064,0.87,0.762,0.938,0.91,0.845,-0.304,-0.149,0.623,0.463,0.861,0.642,0.938,0.901,0.822,0.899,0.736,0.609,0.847,0.051,0.163,-0.005,0.945,0.393,0.79,-0.114,0.785,0.291,0.899,0.881,0.967,0.709,0.754,0.04,0.899,-0.03,0.873,0.444,0.258,0.93,0.933,0.928,0.454,0.662,0.716,0.624,0.884,0.256,0.847,0.894,0.926,0.864,0.806,0.951,0.844,-0.018,-0.134,0.87,0.364,0.78,0.924,0.868,0.721,0.735,0.565,0.659,0.43,0.861,0.907,0.939,0.956,0.832,0.877,0.457,0.914,0.911,0.906,-0.602,0.759,0.755,0.112,0.61,0.909,0.462,0.928,0.811,0.871,0.895,0.547,-0.209,-0.251,0.354,0.885
CAKE,0.404,0.195,0.298,0.474,0.253,0.101,-0.454,-0.111,0.221,0.634,0.154,0.217,0.186,0.631,0.753,0.671,-0.431,-0.055,0.78,0.053,0.002,0.063,0.173,-0.168,0.236,0.553,0.423,0.0,0.451,0.364,0.408,0.752,0.556,0.385,0.568,0.827,0.384,0.127,0.284,0.466,0.693,0.453,0.797,0.48,0.232,0.461,0.612,0.444,0.587,0.151,0.334,0.464,-0.119,0.323,0.566,0.604,0.298,0.587,0.15,0.457,0.193,0.275,0.534,0.248,0.079,0.676,0.737,0.133,0.317,0.359,0.864,0.38,0.046,0.609,0.802,0.628,0.094,0.26,0.681,0.654,0.241,0.427,0.718,0.444,0.277,-0.054,0.123,0.869,0.298,0.29,0.548,0.673,0.724,0.174,0.405,0.827,0.846,0.598,0.798,0.744,0.29,0.115,0.492,0.573,0.239,0.314,0.872,-0.187,0.285,0.04,0.353,0.394,0.399,0.026,0.396,0.219,0.799,0.574,-0.062,0.452,0.299,0.71,0.653,0.672,0.68,0.215,0.756,0.737,0.122,0.364,0.192,0.834,0.546,0.432,0.764,0.422,0.552,0.474,0.833,0.61,0.505,0.372,0.64,0.426,0.803,0.857,0.232,0.585,0.23,0.431,0.232,0.436,0.103,0.505,0.167,0.701,0.359,0.44,0.426,0.086,0.29,0.554,0.683,-0.527,0.203,0.864,0.724,0.463,0.659,-0.039,0.286,-0.142,0.538,0.423,0.553,0.632,0.495,0.511,0.194,0.211,-0.089,0.307,0.556,0.48,-0.183,0.416,0.606,0.498,0.875,0.411,0.352,0.412,0.664,0.578,0.53,0.623,0.423,-0.007,0.877,0.3
CASY,0.432,0.329,0.491,-0.067,0.475,0.294,-0.072,0.495,0.318,0.574,0.099,0.294,0.469,0.409,0.182,0.562,-0.304,0.282,0.393,0.109,0.035,0.214,0.299,0.24,0.591,0.399,0.472,0.451,0.0,0.348,0.393,0.718,0.45,0.091,0.487,0.54,0.622,0.413,0.361,0.577,0.621,0.381,0.295,-0.034,0.469,0.355,0.385,0.062,0.642,0.163,-0.154,-0.098,0.042,-0.075,0.606,0.574,0.487,0.39,0.304,0.51,0.446,0.407,0.367,0.116,-0.178,0.416,0.397,0.191,-0.011,0.363,0.49,0.377,0.288,0.349,0.388,0.57,-0.328,0.373,0.487,0.638,0.353,-0.095,0.337,0.29,0.347,0.116,0.352,0.336,0.075,0.231,0.796,0.32,0.539,0.37,0.536,0.576,0.205,0.361,0.521,0.655,0.447,0.378,0.391,0.118,0.263,0.469,0.308,0.293,0.429,0.136,0.536,0.441,0.364,0.165,-0.187,0.487,0.583,0.612,0.147,0.466,0.415,0.624,0.444,0.424,0.269,0.321,0.117,0.579,0.307,0.428,0.224,0.487,-0.047,0.566,0.256,0.396,0.558,0.469,0.536,0.287,-0.139,0.553,0.075,0.396,0.364,0.39,0.381,0.528,0.384,0.105,0.197,0.472,0.266,0.454,0.562,0.412,0.562,0.539,0.496,0.248,0.358,0.401,0.196,-0.055,0.4,0.328,0.612,0.438,0.558,0.238,0.475,0.057,0.399,0.483,0.342,0.536,0.535,0.394,0.358,0.339,0.162,0.436,0.591,0.493,-0.373,0.166,0.23,0.061,0.501,0.614,0.401,0.394,0.584,0.27,0.526,0.292,-0.28,-0.072,0.455,0.426
CCOI,0.875,0.26,0.809,-0.394,0.684,0.659,-0.263,0.455,0.838,0.792,-0.373,0.7,0.807,0.368,0.2,0.163,-0.466,0.666,0.041,0.681,0.625,0.529,0.83,0.368,0.537,0.753,0.849,0.364,0.348,0.0,0.836,0.655,0.774,0.275,0.684,0.71,0.766,0.778,0.785,0.779,0.749,0.869,0.524,0.231,0.824,0.534,0.105,-0.469,0.704,0.821,-0.281,-0.05,-0.107,-0.233,0.734,0.687,0.808,0.03,0.825,0.835,0.571,0.81,0.792,0.792,-0.768,0.056,0.176,0.506,-0.572,0.81,0.396,0.709,0.619,0.144,0.429,0.789,-0.597,0.775,0.698,0.69,0.841,0.305,-0.092,0.135,0.82,0.51,0.715,0.369,0.058,0.679,0.668,0.716,0.752,0.846,0.779,0.611,0.107,-0.153,0.593,0.732,0.854,0.66,0.758,-0.365,0.68,0.829,0.22,0.01,0.792,0.727,0.799,0.824,0.829,-0.327,-0.046,0.555,0.327,0.735,0.677,0.863,0.82,0.706,0.822,0.719,0.567,0.87,0.013,0.08,-0.206,0.87,0.417,0.701,-0.002,0.711,0.245,0.816,0.749,0.898,0.614,0.707,0.031,0.807,-0.129,0.766,0.286,0.199,0.822,0.845,0.837,0.43,0.673,0.643,0.597,0.841,0.088,0.705,0.772,0.83,0.78,0.759,0.872,0.849,-0.119,-0.098,0.791,0.311,0.669,0.78,0.783,0.623,0.608,0.558,0.557,0.307,0.805,0.822,0.824,0.869,0.78,0.837,0.303,0.833,0.772,0.822,-0.617,0.902,0.628,0.229,0.513,0.79,0.224,0.872,0.718,0.756,0.772,0.545,-0.104,-0.239,0.211,0.767
CEVA,0.962,0.309,0.936,-0.497,0.897,0.831,-0.32,0.534,0.874,0.893,-0.182,0.884,0.833,0.512,0.296,0.281,-0.49,0.803,-0.023,0.836,0.643,0.664,0.911,0.583,0.702,0.905,0.927,0.408,0.393,0.836,0.0,0.738,0.886,0.38,0.872,0.787,0.869,0.91,0.948,0.904,0.806,0.969,0.572,0.343,0.93,0.652,0.284,-0.332,0.862,0.888,-0.449,-0.155,0.127,-0.27,0.889,0.789,0.911,0.033,0.931,0.965,0.677,0.957,0.843,0.875,-0.773,0.036,0.39,0.553,-0.569,0.942,0.364,0.895,0.68,0.064,0.351,0.782,-0.718,0.925,0.763,0.757,0.953,0.492,-0.113,0.37,0.966,0.594,0.878,0.516,0.112,0.697,0.701,0.76,0.857,0.922,0.899,0.609,0.168,-0.197,0.711,0.785,0.945,0.852,0.918,-0.403,0.904,0.943,0.224,0.171,0.958,0.835,0.901,0.984,0.927,-0.261,-0.155,0.691,0.369,0.898,0.762,0.976,0.976,0.771,0.877,0.672,0.619,0.919,0.042,0.131,0.07,0.972,0.278,0.729,0.009,0.765,0.171,0.978,0.915,0.956,0.716,0.65,-0.014,0.929,0.079,0.945,0.393,0.337,0.939,0.919,0.923,0.603,0.711,0.78,0.745,0.952,0.338,0.776,0.918,0.959,0.945,0.901,0.953,0.856,-0.106,-0.07,0.758,0.356,0.696,0.913,0.855,0.801,0.86,0.708,0.81,0.527,0.81,0.918,0.968,0.942,0.932,0.947,0.594,0.934,0.94,0.946,-0.501,0.817,0.798,0.208,0.593,0.88,0.432,0.968,0.734,0.896,0.856,0.704,-0.103,-0.116,0.247,0.791
