,AAPL,ACRS,ADP,AFYA,AGNC,AGYS,ALT,AMGN,AMPH,AMZN,ANIP,AOSL,APDN,APLT,APVO,ARGX,ARLP,ATEX,ATRA,AUTL,AVDL,BCRX,BHAT,BLBD,BMRN,BNGO,BUSE,CAKE,CASY,CCOI,CEVA,CHY,CLDX,CLMT,COHU,COLM,COST,CPRT,CSWC,CSX,DBX,DCOM,DKNG,DMLP,DOX,EA,EDIT,ENPH,ENSG,ERNA,ESGR,ETNB,EXTR,FANG,FARO,FATE,FGEN,FIVE,FIVN,FLGT,FOLD,FORM,FOXA,FRPT,FSLR,FTAI,GBDC,GDYN,GGAL,GNLN,GRFS,GT,HCAT,HCM,HFWA,HOLX,HQY,HUBG,IAC,ICLR,IDCC,IEP,IHRT,ILMN,ILPT,IMAB,IMOS,INMD,INTZ,JAZZ,JKHY,JRVR,KIDS,LBRDK,LGND,LMAT,LPLA,LULU,MASI,MAT,MATW,MBIN,MBIO,MCRB,MDB,MDLZ,MELI,MIRM,MLKN,MNMD,MNRO,MPWR,MRCY,MRSN,MTVA,NAAS,NDAQ,NDSN,NEGG,NOVT,NVDA,NWE,NWSA,NXST,OCX,ODFL,OMAB,OPCH,OPRA,ORGO,OTRK,OZK,PAGP,PCH,PEGA,PENG,PENN,PFBC,PGNY,PHAT,PHUN,PINC,PLUG,PLXS,PYPL,QLYS,QNCX,QQQX,QVCGA,RAPT,RBBN,RCKT,REPL,RMBS,ROAD,ROKU,ROP,RUSHA,SANM,SATS,SBCF,SBLK,SBUX,SCHL,SCSC,SDGR,SEIC,SFIX,SGRY,SKYW,SLP,SNES,STAA,STLD,STOK,SWKS,TER,TFIN,TIGO,TILE,TPIC,TTEC,TTEK,TTGT,UXIN,VERU,VLYPP,VNOM,VRNS,VRSN,WDAY,WERN,WINA,WKHS,WRLD,XP,XTKG,YY,ZION,ZM
AAPL,0.0,-0.098,0.939,0.934,0.894,0.103,0.284,-0.064,0.582,0.973,0.815,0.979,0.659,0.684,-0.075,0.268,0.845,0.935,-0.565,-0.076,0.326,0.258,-0.677,0.961,0.322,0.904,0.741,0.926,0.895,0.77,0.941,0.952,0.782,0.872,0.928,-0.092,0.915,0.964,0.926,0.94,0.82,0.926,0.852,0.642,0.842,0.863,0.764,0.931,0.912,-0.782,-0.615,0.661,0.961,0.757,0.888,0.427,0.724,0.839,0.91,0.793,-0.469,-0.143,0.179,0.823,0.913,0.832,0.954,0.943,0.808,-0.707,-0.808,0.941,0.143,-0.441,0.371,0.514,-0.496,0.946,-0.021,0.866,0.039,0.876,0.866,0.951,-0.669,-0.426,0.503,0.943,0.145,-0.309,0.953,0.603,0.848,-0.455,0.216,0.939,0.964,0.923,0.92,0.456,-0.176,0.957,0.288,0.781,0.709,0.777,0.912,0.291,0.965,0.134,0.919,0.953,-0.793,-0.514,-0.909,0.104,0.93,0.965,0.04,0.87,0.949,-0.805,0.902,0.931,-0.09,0.911,0.726,0.942,0.58,0.9,-0.654,0.889,0.872,0.811,-0.722,0.969,0.866,0.764,0.432,-0.646,0.586,0.752,0.814,0.96,0.956,0.013,-0.677,0.961,0.884,-0.346,0.427,-0.59,-0.104,0.973,0.911,-0.575,0.933,-0.136,0.951,0.895,0.919,0.74,0.946,0.873,0.701,0.503,0.83,0.627,0.684,0.905,0.945,0.746,0.902,0.945,0.497,0.951,0.788,0.898,0.825,0.788,0.863,0.959,0.884,0.715,-0.835,-0.71,0.815,0.835,-0.126,0.924,0.935,0.853,0.942,0.831,0.692,0.946,0.793,0.08,0.823,0.438
ACRS,-0.098,0.0,-0.144,-0.059,-0.194,0.193,0.006,0.023,-0.326,-0.086,-0.004,-0.1,0.13,0.179,0.674,0.391,-0.193,-0.149,0.192,0.818,0.382,0.604,0.164,-0.015,0.47,0.033,-0.205,-0.039,-0.161,-0.411,0.025,-0.203,0.339,0.046,0.069,0.353,-0.236,-0.114,-0.125,-0.12,0.126,-0.271,0.169,-0.187,0.027,-0.02,0.248,-0.103,-0.242,0.326,0.132,-0.045,-0.112,-0.276,0.215,0.334,0.458,-0.071,-0.06,0.025,0.709,0.216,0.11,-0.031,-0.169,-0.147,-0.095,0.011,-0.259,0.182,0.358,-0.016,-0.667,0.597,-0.007,-0.146,0.379,0.07,0.302,-0.154,0.018,-0.34,0.027,-0.084,0.061,0.355,0.249,-0.076,0.109,0.398,-0.108,0.011,0.187,0.341,0.619,-0.157,-0.042,-0.037,0.002,0.039,-0.216,-0.167,0.472,0.21,0.093,-0.312,0.173,0.63,-0.131,-0.062,-0.15,-0.037,-0.062,0.254,0.203,0.453,-0.085,-0.117,0.451,-0.163,-0.023,0.12,-0.122,-0.032,0.633,-0.139,0.03,-0.19,0.012,0.05,-0.03,-0.12,0.004,-0.363,0.17,-0.072,-0.152,-0.083,0.533,0.204,0.174,-0.217,0.014,-0.197,-0.087,0.201,0.271,-0.061,0.102,0.522,0.064,0.418,0.291,-0.059,0.076,0.421,-0.128,0.007,-0.098,0.042,-0.165,-0.104,-0.052,-0.223,-0.23,0.376,-0.074,0.144,0.007,-0.151,-0.067,-0.056,-0.073,-0.153,0.4,0.018,-0.018,-0.165,-0.128,-0.226,0.0,-0.191,-0.266,-0.027,0.367,0.246,-0.1,-0.257,0.314,-0.086,-0.019,-0.171,-0.231,0.122,0.135,-0.095,0.062,0.348,-0.066,0.211
ADP,0.939,-0.144,0.0,0.902,0.862,-0.051,0.19,0.007,0.653,0.923,0.816,0.92,0.64,0.636,-0.178,0.183,0.862,0.953,-0.427,-0.161,0.316,0.168,-0.738,0.917,0.384,0.83,0.672,0.848,0.856,0.759,0.857,0.958,0.656,0.865,0.792,-0.296,0.826,0.897,0.876,0.903,0.765,0.946,0.763,0.651,0.753,0.802,0.623,0.985,0.888,-0.749,-0.632,0.605,0.944,0.812,0.791,0.25,0.656,0.803,0.865,0.647,-0.468,-0.394,0.018,0.844,0.969,0.837,0.898,0.933,0.929,-0.713,-0.856,0.877,0.149,-0.364,0.339,0.537,-0.389,0.922,-0.073,0.893,-0.033,0.92,0.782,0.933,-0.486,-0.392,0.338,0.911,0.21,-0.384,0.912,0.669,0.794,-0.653,0.144,0.9,0.931,0.817,0.893,0.462,-0.128,0.95,0.238,0.812,0.698,0.895,0.846,0.26,0.95,-0.084,0.814,0.897,-0.793,-0.675,-0.922,0.002,0.879,0.931,-0.093,0.831,0.86,-0.672,0.816,0.879,-0.176,0.912,0.76,0.908,0.459,0.881,-0.614,0.851,0.852,0.824,-0.836,0.889,0.759,0.676,0.305,-0.684,0.463,0.81,0.884,0.953,0.915,-0.113,-0.674,0.865,0.82,-0.537,0.288,-0.769,-0.061,0.908,0.846,-0.676,0.933,-0.314,0.926,0.83,0.937,0.641,0.859,0.896,0.608,0.327,0.808,0.426,0.552,0.883,0.879,0.756,0.918,0.96,0.356,0.832,0.617,0.85,0.926,0.694,0.91,0.954,0.886,0.775,-0.805,-0.818,0.78,0.853,-0.165,0.851,0.93,0.837,0.93,0.733,0.509,0.952,0.667,-0.045,0.754,0.44
AFYA,0.934,-0.059,0.902,0.0,0.746,0.101,0.119,-0.224,0.541,0.956,0.684,0.907,0.808,0.779,-0.125,0.29,0.82,0.939,-0.448,0.015,0.461,0.452,-0.75,0.929,0.509,0.914,0.56,0.893,0.932,0.648,0.91,0.871,0.752,0.903,0.855,-0.157,0.857,0.895,0.843,0.83,0.787,0.855,0.905,0.424,0.685,0.717,0.763,0.909,0.889,-0.608,-0.696,0.707,0.94,0.622,0.875,0.387,0.756,0.934,0.94,0.826,-0.31,-0.28,-0.026,0.852,0.904,0.687,0.921,0.939,0.845,-0.55,-0.84,0.941,0.11,-0.317,0.306,0.516,-0.382,0.911,0.15,0.718,0.136,0.849,0.857,0.904,-0.558,-0.56,0.355,0.956,0.281,-0.456,0.847,0.673,0.782,-0.528,0.307,0.951,0.925,0.871,0.845,0.383,-0.362,0.922,0.37,0.807,0.808,0.739,0.933,0.21,0.95,0.014,0.865,0.959,-0.85,-0.613,-0.855,0.042,0.806,0.87,0.187,0.713,0.879,-0.718,0.768,0.828,0.121,0.855,0.88,0.871,0.446,0.805,-0.505,0.788,0.779,0.653,-0.762,0.897,0.786,0.615,0.472,-0.787,0.482,0.61,0.892,0.863,0.93,0.037,-0.485,0.89,0.841,-0.392,0.217,-0.588,0.064,0.914,0.844,-0.506,0.826,-0.246,0.952,0.811,0.867,0.577,0.889,0.74,0.571,0.502,0.801,0.623,0.474,0.941,0.845,0.89,0.932,0.896,0.512,0.87,0.681,0.761,0.818,0.622,0.909,0.896,0.756,0.826,-0.782,-0.611,0.912,0.687,0.069,0.929,0.928,0.719,0.897,0.908,0.588,0.963,0.642,0.179,0.679,0.506
AGNC,0.894,-0.194,0.862,0.746,0.0,0.055,0.355,0.07,0.615,0.85,0.883,0.925,0.338,0.424,-0.067,0.275,0.786,0.848,-0.662,-0.247,0.115,-0.061,-0.537,0.867,-0.021,0.751,0.884,0.825,0.723,0.857,0.796,0.922,0.709,0.706,0.819,-0.062,0.872,0.928,0.945,0.926,0.729,0.913,0.658,0.857,0.908,0.89,0.63,0.861,0.806,-0.876,-0.411,0.506,0.869,0.885,0.784,0.37,0.561,0.63,0.73,0.598,-0.655,-0.026,0.391,0.722,0.826,0.94,0.902,0.8,0.705,-0.787,-0.689,0.822,0.189,-0.594,0.516,0.404,-0.547,0.846,-0.249,0.929,-0.096,0.813,0.738,0.888,-0.697,-0.196,0.639,0.809,-0.097,-0.128,0.951,0.419,0.74,-0.383,-0.021,0.761,0.877,0.855,0.861,0.564,0.161,0.876,0.06,0.598,0.477,0.74,0.719,0.207,0.866,0.256,0.871,0.795,-0.606,-0.386,-0.829,0.14,0.94,0.953,-0.164,0.916,0.906,-0.791,0.938,0.941,-0.366,0.89,0.46,0.913,0.723,0.877,-0.677,0.931,0.908,0.94,-0.604,0.924,0.87,0.899,0.308,-0.367,0.585,0.797,0.634,0.946,0.846,-0.059,-0.784,0.898,0.803,-0.292,0.581,-0.551,-0.356,0.901,0.874,-0.581,0.951,-0.031,0.812,0.869,0.884,0.881,0.889,0.914,0.817,0.33,0.766,0.559,0.847,0.762,0.941,0.466,0.726,0.878,0.409,0.895,0.802,0.934,0.786,0.893,0.697,0.904,0.951,0.482,-0.764,-0.718,0.565,0.933,-0.402,0.78,0.807,0.956,0.901,0.617,0.654,0.798,0.868,0.017,0.911,0.258
AGYS,0.103,0.193,-0.051,0.101,0.055,0.0,0.369,-0.073,-0.083,0.137,-0.005,0.123,0.124,0.008,0.394,0.283,-0.161,-0.04,-0.048,0.179,0.19,0.255,0.08,0.148,-0.006,0.263,0.266,0.22,0.047,0.041,0.19,0.025,0.278,0.123,0.238,0.597,0.179,0.186,0.16,0.149,0.326,-0.017,0.294,-0.006,0.287,0.235,0.289,-0.067,0.104,0.094,0.163,0.171,-0.023,-0.024,0.289,0.209,0.128,0.212,0.196,0.23,0.106,0.448,0.466,0.116,-0.087,-0.027,0.098,0.125,-0.206,0.083,0.192,0.237,-0.055,0.022,0.062,0.196,-0.01,0.153,0.484,-0.006,0.212,-0.174,0.302,0.173,-0.239,0.071,0.344,0.024,-0.094,0.206,0.106,0.059,0.168,0.43,0.137,0.074,0.126,0.349,0.192,0.23,-0.06,0.071,0.162,-0.017,0.227,-0.144,0.214,-0.016,0.082,0.381,0.168,0.16,-0.016,0.177,0.069,0.36,0.162,0.13,0.551,0.149,0.213,-0.291,0.229,0.181,0.235,0.165,0.113,0.106,0.306,-0.003,-0.096,0.221,0.174,-0.032,0.288,0.149,0.245,0.239,0.438,0.025,0.5,-0.121,-0.002,0.004,0.132,0.747,0.105,0.261,0.26,0.451,0.168,0.407,-0.133,0.155,0.23,0.368,0.075,0.614,0.098,0.203,0.069,0.225,0.241,-0.048,0.254,0.302,0.313,0.403,0.272,-0.014,0.152,0.06,0.037,-0.037,0.368,0.23,0.538,0.14,-0.086,0.174,0.01,0.087,0.037,0.062,0.014,0.182,0.104,-0.048,0.435,0.255,0.148,0.074,-0.022,0.294,0.548,0.03,0.226,0.51,0.277,0.363
ALT,0.284,0.006,0.19,0.119,0.355,0.369,0.0,0.144,0.003,0.268,0.302,0.321,-0.048,-0.107,0.327,-0.059,-0.024,0.069,-0.053,-0.136,-0.092,-0.135,0.2,0.282,-0.196,0.3,0.452,0.253,0.031,0.297,0.348,0.342,0.166,0.163,0.338,0.417,0.268,0.333,0.388,0.409,0.479,0.282,0.189,0.419,0.497,0.492,0.2,0.2,0.262,-0.309,0.162,0.291,0.122,0.365,0.27,0.107,0.045,0.189,0.294,0.219,-0.229,0.325,0.505,0.269,0.165,0.368,0.191,0.301,-0.015,-0.288,0.034,0.278,0.159,0.003,0.134,0.406,-0.095,0.28,0.235,0.428,0.117,0.067,0.347,0.382,-0.188,0.285,0.447,0.127,-0.142,0.2,0.349,0.242,0.384,0.188,-0.053,0.209,0.294,0.415,0.457,0.553,0.233,0.272,0.015,0.124,0.306,0.231,0.227,0.23,0.247,0.347,0.205,0.226,0.066,0.142,-0.204,0.357,0.483,0.385,0.209,0.506,0.362,-0.526,0.451,0.367,-0.262,0.397,-0.013,0.256,0.393,0.223,-0.191,0.437,0.319,0.406,0.181,0.277,0.356,0.431,0.191,0.104,0.624,0.353,0.121,0.321,0.275,0.477,-0.247,0.365,0.402,0.187,0.349,0.032,-0.258,0.309,0.326,0.083,0.376,0.409,0.191,0.327,0.319,0.439,0.35,0.328,0.47,0.232,0.428,0.247,0.478,-0.005,0.408,-0.024,0.19,0.221,0.15,0.335,0.44,0.475,0.093,0.368,0.17,0.372,0.413,0.208,-0.175,-0.301,0.108,0.325,0.137,0.326,0.363,0.341,0.168,0.192,0.51,0.179,0.315,0.13,0.454,0.46
AMGN,-0.064,0.023,0.007,-0.224,0.07,-0.073,0.144,0.0,0.332,-0.201,0.264,-0.05,-0.281,-0.279,0.059,0.126,0.049,-0.149,0.092,-0.094,-0.439,-0.387,0.064,-0.084,-0.132,-0.164,0.281,-0.137,-0.235,0.138,-0.147,0.043,-0.101,-0.191,-0.025,-0.107,-0.161,-0.07,-0.027,0.109,0.095,0.024,-0.22,0.416,0.161,0.273,-0.132,-0.025,-0.023,-0.2,0.27,-0.354,-0.106,0.22,-0.106,0.022,-0.082,-0.388,-0.243,-0.23,-0.152,0.124,0.349,-0.204,-0.121,0.189,-0.113,-0.031,-0.05,-0.266,0.295,-0.22,0.162,0.022,0.019,0.027,0.29,-0.067,-0.325,0.234,-0.407,-0.033,-0.044,-0.01,0.069,0.482,0.108,-0.227,-0.078,0.501,0.075,-0.124,0.124,0.185,0.048,-0.188,-0.032,-0.183,0.078,-0.05,0.31,-0.036,0.009,0.094,-0.355,0.148,-0.12,0.154,-0.104,0.064,-0.216,-0.153,0.058,0.246,-0.056,-0.002,0.097,0.008,-0.435,0.185,-0.079,0.155,0.129,0.084,-0.415,-0.06,-0.248,0.031,0.01,0.06,-0.302,0.065,0.152,0.196,0.112,-0.087,-0.0,0.081,-0.23,0.309,0.067,0.318,-0.232,0.042,-0.057,-0.012,-0.37,-0.054,-0.039,0.1,0.455,-0.058,0.02,-0.045,-0.061,-0.029,0.094,0.174,-0.095,0.053,0.066,0.095,-0.085,0.22,0.025,0.021,0.048,-0.332,0.229,-0.271,0.008,-0.286,0.024,-0.022,-0.309,-0.082,-0.086,0.119,0.013,0.211,-0.19,0.016,0.164,-0.269,0.227,-0.313,-0.312,0.216,-0.275,-0.247,-0.085,0.023,-0.131,-0.357,0.043,-0.115,0.117,-0.11,0.169,-0.037
AMPH,0.582,-0.326,0.653,0.541,0.615,-0.083,0.003,0.332,0.0,0.539,0.669,0.58,0.247,0.242,-0.369,0.23,0.67,0.629,-0.335,-0.394,-0.071,-0.199,-0.625,0.537,0.017,0.417,0.65,0.474,0.579,0.66,0.386,0.649,0.393,0.457,0.425,-0.397,0.611,0.602,0.605,0.622,0.445,0.691,0.386,0.635,0.544,0.579,0.223,0.643,0.616,-0.605,-0.306,0.186,0.61,0.723,0.479,0.081,0.276,0.359,0.457,0.275,-0.56,-0.222,0.09,0.412,0.583,0.611,0.611,0.547,0.69,-0.574,-0.519,0.474,0.322,-0.447,0.344,0.205,-0.154,0.531,-0.359,0.665,-0.195,0.71,0.425,0.603,-0.439,-0.265,0.288,0.472,-0.035,-0.049,0.659,0.242,0.426,-0.445,-0.119,0.491,0.58,0.454,0.505,0.141,0.163,0.624,-0.095,0.429,0.181,0.597,0.43,-0.097,0.572,0.012,0.509,0.515,-0.486,-0.462,-0.612,-0.197,0.558,0.613,-0.446,0.585,0.533,-0.27,0.582,0.587,-0.348,0.586,0.431,0.707,0.363,0.486,-0.505,0.606,0.671,0.663,-0.56,0.587,0.588,0.573,0.033,-0.36,0.15,0.694,0.39,0.636,0.56,-0.125,-0.642,0.558,0.425,-0.422,0.326,-0.64,-0.142,0.565,0.547,-0.618,0.657,-0.142,0.566,0.553,0.65,0.552,0.557,0.672,0.44,0.047,0.561,0.074,0.497,0.562,0.551,0.379,0.65,0.636,-0.031,0.49,0.385,0.576,0.674,0.619,0.447,0.607,0.702,0.322,-0.485,-0.591,0.381,0.721,-0.394,0.438,0.517,0.596,0.63,0.272,0.215,0.55,0.536,-0.079,0.621,0.041
AMZN,0.973,-0.086,0.923,0.956,0.85,0.137,0.268,-0.201,0.539,0.0,0.742,0.954,0.703,0.696,-0.076,0.223,0.797,0.942,-0.489,-0.066,0.413,0.326,-0.694,0.964,0.37,0.914,0.674,0.918,0.899,0.728,0.926,0.929,0.757,0.894,0.879,-0.063,0.9,0.948,0.914,0.899,0.821,0.919,0.871,0.546,0.793,0.791,0.741,0.924,0.896,-0.689,-0.604,0.725,0.938,0.723,0.888,0.346,0.705,0.913,0.963,0.807,-0.422,-0.185,0.094,0.883,0.923,0.785,0.94,0.952,0.829,-0.613,-0.819,0.964,0.134,-0.366,0.384,0.551,-0.432,0.947,0.11,0.817,0.119,0.854,0.86,0.949,-0.595,-0.468,0.459,0.941,0.192,-0.409,0.905,0.688,0.804,-0.503,0.186,0.946,0.953,0.933,0.901,0.5,-0.195,0.952,0.289,0.768,0.804,0.769,0.916,0.237,0.968,0.089,0.898,0.951,-0.785,-0.595,-0.869,0.145,0.89,0.943,0.164,0.813,0.927,-0.797,0.852,0.888,-0.014,0.93,0.799,0.901,0.54,0.833,-0.55,0.877,0.847,0.763,-0.712,0.95,0.833,0.728,0.458,-0.697,0.569,0.69,0.862,0.925,0.943,0.08,-0.546,0.936,0.884,-0.38,0.298,-0.586,-0.088,0.945,0.895,-0.57,0.902,-0.162,0.944,0.864,0.909,0.677,0.928,0.808,0.672,0.466,0.86,0.634,0.599,0.935,0.914,0.803,0.902,0.925,0.493,0.918,0.772,0.854,0.838,0.716,0.897,0.944,0.844,0.8,-0.814,-0.664,0.86,0.774,-0.005,0.956,0.953,0.824,0.925,0.878,0.66,0.953,0.716,0.135,0.788,0.511
ANIP,0.815,-0.004,0.816,0.684,0.883,-0.005,0.302,0.264,0.669,0.742,0.0,0.844,0.368,0.494,-0.005,0.323,0.824,0.776,-0.587,-0.072,0.109,0.005,-0.597,0.796,0.111,0.68,0.841,0.683,0.642,0.744,0.715,0.843,0.726,0.702,0.779,-0.197,0.75,0.835,0.856,0.895,0.695,0.843,0.632,0.868,0.865,0.879,0.609,0.839,0.761,-0.829,-0.408,0.39,0.815,0.849,0.774,0.36,0.626,0.484,0.613,0.489,-0.518,-0.041,0.357,0.595,0.768,0.863,0.82,0.777,0.676,-0.843,-0.591,0.723,0.039,-0.468,0.449,0.232,-0.377,0.817,-0.311,0.882,-0.324,0.754,0.701,0.81,-0.675,-0.115,0.605,0.721,-0.099,-0.013,0.904,0.355,0.821,-0.326,0.09,0.666,0.837,0.714,0.82,0.394,0.049,0.818,0.145,0.711,0.359,0.7,0.723,0.371,0.773,0.149,0.731,0.746,-0.622,-0.316,-0.826,0.127,0.883,0.87,-0.237,0.862,0.833,-0.66,0.866,0.898,-0.265,0.784,0.478,0.861,0.575,0.86,-0.746,0.843,0.898,0.835,-0.617,0.818,0.778,0.801,0.344,-0.337,0.508,0.799,0.587,0.876,0.78,-0.112,-0.821,0.805,0.795,-0.205,0.663,-0.553,-0.292,0.848,0.841,-0.518,0.89,-0.092,0.766,0.832,0.841,0.823,0.789,0.911,0.681,0.331,0.654,0.418,0.793,0.642,0.882,0.456,0.723,0.837,0.312,0.823,0.666,0.851,0.732,0.813,0.664,0.817,0.88,0.395,-0.638,-0.762,0.524,0.917,-0.428,0.664,0.746,0.814,0.807,0.541,0.618,0.745,0.838,-0.038,0.863,0.201
AOSL,0.979,-0.1,0.92,0.907,0.925,0.123,0.321,-0.05,0.58,0.954,0.844,0.0,0.611,0.614,-0.022,0.33,0.848,0.924,-0.597,-0.07,0.294,0.216,-0.662,0.96,0.237,0.914,0.792,0.917,0.849,0.805,0.945,0.948,0.812,0.849,0.933,-0.047,0.919,0.985,0.951,0.951,0.839,0.927,0.856,0.7,0.876,0.89,0.792,0.93,0.911,-0.793,-0.579,0.642,0.943,0.805,0.9,0.472,0.707,0.81,0.886,0.797,-0.483,-0.063,0.253,0.837,0.895,0.845,0.959,0.933,0.77,-0.713,-0.769,0.937,0.152,-0.48,0.449,0.5,-0.474,0.935,-0.024,0.876,0.05,0.849,0.884,0.964,-0.714,-0.371,0.581,0.918,0.058,-0.25,0.964,0.564,0.839,-0.399,0.217,0.911,0.963,0.93,0.936,0.545,-0.118,0.962,0.264,0.76,0.681,0.76,0.892,0.227,0.962,0.231,0.928,0.953,-0.78,-0.444,-0.886,0.166,0.947,0.976,0.057,0.876,0.982,-0.854,0.933,0.949,-0.119,0.917,0.67,0.953,0.623,0.901,-0.663,0.93,0.909,0.848,-0.663,0.981,0.918,0.833,0.455,-0.59,0.621,0.736,0.782,0.963,0.962,0.04,-0.687,0.976,0.9,-0.261,0.512,-0.557,-0.116,0.985,0.928,-0.504,0.942,-0.076,0.948,0.924,0.936,0.818,0.96,0.874,0.783,0.513,0.834,0.683,0.743,0.873,0.969,0.699,0.882,0.932,0.532,0.969,0.832,0.936,0.795,0.836,0.828,0.962,0.91,0.684,-0.812,-0.689,0.783,0.871,-0.148,0.923,0.925,0.871,0.946,0.836,0.717,0.924,0.838,0.154,0.874,0.44
APDN,0.659,0.13,0.64,0.808,0.338,0.124,-0.048,-0.281,0.247,0.703,0.368,0.611,0.0,0.818,0.009,0.154,0.602,0.676,-0.199,0.325,0.646,0.679,-0.664,0.707,0.784,0.808,0.184,0.63,0.715,0.247,0.718,0.577,0.58,0.823,0.651,-0.198,0.508,0.575,0.501,0.543,0.582,0.533,0.831,0.037,0.352,0.427,0.7,0.655,0.734,-0.31,-0.703,0.58,0.684,0.249,0.68,0.309,0.718,0.792,0.776,0.668,0.093,-0.299,-0.242,0.619,0.668,0.246,0.607,0.754,0.64,-0.276,-0.63,0.73,-0.073,-0.041,-0.021,0.438,-0.14,0.693,0.405,0.351,0.086,0.604,0.755,0.64,-0.29,-0.587,-0.014,0.749,0.462,-0.508,0.528,0.713,0.673,-0.365,0.517,0.784,0.711,0.577,0.618,0.066,-0.732,0.688,0.565,0.793,0.761,0.537,0.823,0.264,0.705,-0.228,0.525,0.8,-0.834,-0.517,-0.654,-0.044,0.5,0.545,0.364,0.396,0.571,-0.503,0.441,0.528,0.424,0.524,0.883,0.59,0.071,0.555,-0.362,0.451,0.454,0.23,-0.612,0.561,0.498,0.18,0.487,-0.884,0.324,0.279,0.806,0.554,0.749,0.101,-0.225,0.591,0.676,-0.246,-0.001,-0.411,0.375,0.672,0.575,-0.251,0.463,-0.292,0.799,0.555,0.599,0.182,0.585,0.447,0.179,0.474,0.567,0.505,0.075,0.703,0.552,0.924,0.759,0.617,0.45,0.592,0.365,0.434,0.528,0.242,0.79,0.611,0.38,0.755,-0.555,-0.414,0.903,0.338,0.374,0.739,0.716,0.281,0.584,0.845,0.461,0.784,0.324,0.227,0.319,0.548
APLT,0.684,0.179,0.636,0.779,0.424,0.008,-0.107,-0.279,0.242,0.696,0.494,0.614,0.818,0.0,-0.063,0.175,0.664,0.719,-0.421,0.315,0.641,0.668,-0.661,0.693,0.703,0.704,0.237,0.594,0.735,0.249,0.688,0.562,0.645,0.806,0.664,-0.223,0.546,0.573,0.533,0.564,0.466,0.553,0.762,0.14,0.406,0.423,0.693,0.645,0.647,-0.405,-0.577,0.541,0.743,0.262,0.668,0.351,0.791,0.698,0.684,0.61,0.014,-0.269,-0.222,0.518,0.67,0.353,0.662,0.7,0.627,-0.424,-0.666,0.702,-0.238,-0.148,-0.003,0.232,-0.278,0.691,0.113,0.391,-0.091,0.65,0.642,0.568,-0.407,-0.558,0.116,0.786,0.341,-0.447,0.568,0.538,0.694,-0.364,0.4,0.749,0.695,0.57,0.556,-0.036,-0.662,0.65,0.471,0.737,0.608,0.47,0.803,0.44,0.667,-0.217,0.587,0.738,-0.75,-0.431,-0.681,-0.086,0.514,0.559,0.167,0.439,0.582,-0.477,0.455,0.562,0.374,0.502,0.781,0.576,0.138,0.671,-0.437,0.439,0.484,0.271,-0.691,0.592,0.441,0.237,0.496,-0.735,0.285,0.349,0.722,0.579,0.673,-0.15,-0.326,0.582,0.665,-0.25,0.105,-0.363,0.132,0.667,0.63,-0.373,0.485,-0.354,0.73,0.532,0.564,0.27,0.574,0.505,0.166,0.433,0.436,0.515,0.199,0.712,0.58,0.803,0.68,0.66,0.426,0.633,0.382,0.421,0.54,0.291,0.744,0.565,0.367,0.577,-0.58,-0.4,0.804,0.392,0.065,0.681,0.639,0.36,0.628,0.733,0.453,0.765,0.426,0.038,0.348,0.27
APVO,-0.075,0.674,-0.178,-0.125,-0.067,0.394,0.327,0.059,-0.369,-0.076,-0.005,-0.022,0.009,-0.063,0.0,0.347,-0.251,-0.213,0.125,0.565,0.16,0.313,0.293,0.007,0.125,0.129,-0.026,0.052,-0.278,-0.225,0.105,-0.128,0.257,-0.042,0.143,0.573,-0.177,-0.029,-0.028,-0.042,0.248,-0.214,0.147,-0.005,0.13,0.125,0.308,-0.131,-0.155,0.206,0.204,-0.06,-0.165,-0.096,0.144,0.355,0.223,-0.086,-0.005,0.079,0.499,0.416,0.456,0.038,-0.199,-0.055,-0.112,-0.004,-0.371,0.186,0.403,0.024,-0.337,0.34,0.119,0.042,0.253,0.021,0.384,-0.065,0.087,-0.374,0.161,-0.005,-0.018,0.423,0.303,-0.109,-0.025,0.395,-0.054,0.003,0.151,0.462,0.477,-0.176,-0.025,0.079,0.109,0.293,-0.019,-0.12,0.319,0.097,0.117,-0.268,0.099,0.354,-0.1,0.294,-0.079,-0.02,0.039,0.411,0.234,0.567,0.036,-0.039,0.493,-0.05,0.062,-0.102,0.043,0.045,0.246,-0.069,-0.152,-0.13,0.215,0.038,-0.11,0.024,0.073,-0.185,0.357,-0.014,0.035,0.102,0.434,0.304,0.405,-0.204,-0.044,-0.126,-0.017,0.415,0.161,0.029,0.143,0.609,0.256,0.513,0.197,0.004,0.091,0.537,-0.057,0.275,-0.066,0.11,-0.102,0.069,0.031,-0.17,0.056,0.439,0.04,0.304,0.167,-0.204,0.021,-0.19,-0.136,-0.164,0.44,0.075,0.181,0.003,-0.196,-0.038,-0.106,-0.096,-0.123,-0.066,0.281,0.229,-0.143,-0.118,0.325,-0.03,0.009,-0.063,-0.213,0.132,0.3,-0.138,0.139,0.48,0.09,0.352
ARGX,0.268,0.391,0.183,0.29,0.275,0.283,-0.059,0.126,0.23,0.223,0.323,0.33,0.154,0.175,0.347,0.0,0.251,0.222,-0.324,0.313,0.042,0.319,-0.276,0.28,0.084,0.336,0.28,0.394,0.262,0.152,0.293,0.152,0.571,0.149,0.385,0.243,0.344,0.347,0.277,0.235,0.359,0.098,0.388,0.21,0.352,0.364,0.529,0.222,0.165,-0.082,-0.124,0.179,0.302,0.16,0.438,0.676,0.509,0.17,0.166,0.368,0.112,0.207,0.362,0.238,0.124,0.257,0.35,0.232,0.041,-0.108,-0.036,0.285,-0.107,-0.117,0.254,-0.067,0.04,0.256,-0.026,0.19,0.101,0.068,0.32,0.264,-0.521,0.043,0.571,0.247,-0.225,0.389,0.306,-0.135,0.255,0.204,0.485,0.149,0.252,0.329,0.253,0.192,-0.052,0.182,0.27,0.251,0.047,-0.087,0.333,0.071,0.229,0.445,0.405,0.31,-0.336,0.263,-0.117,0.303,0.244,0.254,0.156,0.173,0.396,-0.211,0.317,0.343,0.259,0.182,0.089,0.315,0.502,0.33,-0.344,0.257,0.385,0.114,-0.091,0.378,0.399,0.376,0.42,0.068,0.273,0.04,0.13,0.187,0.284,0.146,-0.161,0.37,0.257,0.377,0.441,0.194,0.194,0.324,0.371,0.182,0.264,0.118,0.256,0.397,0.161,0.399,0.411,0.127,0.268,0.513,0.203,0.503,0.446,0.223,0.293,0.085,0.249,0.152,0.572,0.398,0.447,0.218,0.177,0.336,0.109,0.193,0.211,0.01,-0.011,0.089,0.092,0.209,-0.005,0.207,0.22,0.28,0.246,0.323,0.316,0.18,0.524,0.462,0.331,0.06
ARLP,0.845,-0.193,0.862,0.82,0.786,-0.161,-0.024,0.049,0.67,0.797,0.824,0.848,0.602,0.664,-0.251,0.251,0.0,0.894,-0.627,-0.115,0.203,0.122,-0.772,0.808,0.28,0.744,0.647,0.711,0.804,0.713,0.75,0.834,0.657,0.774,0.767,-0.435,0.769,0.811,0.791,0.825,0.593,0.846,0.703,0.649,0.654,0.715,0.651,0.872,0.849,-0.795,-0.658,0.434,0.909,0.75,0.721,0.37,0.643,0.642,0.703,0.58,-0.461,-0.265,-0.002,0.628,0.844,0.714,0.848,0.787,0.827,-0.755,-0.817,0.749,0.128,-0.541,0.317,0.281,-0.416,0.777,-0.285,0.743,-0.208,0.907,0.72,0.786,-0.632,-0.439,0.329,0.845,0.037,-0.343,0.843,0.44,0.73,-0.524,0.16,0.803,0.842,0.667,0.747,0.196,-0.227,0.862,0.202,0.743,0.451,0.741,0.751,0.186,0.844,-0.001,0.775,0.836,-0.799,-0.484,-0.892,-0.132,0.767,0.809,-0.25,0.725,0.794,-0.626,0.749,0.801,-0.163,0.714,0.658,0.871,0.371,0.844,-0.601,0.742,0.781,0.749,-0.802,0.82,0.749,0.615,0.257,-0.655,0.303,0.668,0.697,0.865,0.847,-0.303,-0.747,0.773,0.727,-0.422,0.456,-0.694,-0.042,0.852,0.756,-0.635,0.794,-0.311,0.866,0.75,0.826,0.649,0.759,0.846,0.554,0.318,0.591,0.461,0.534,0.819,0.814,0.696,0.82,0.887,0.294,0.788,0.546,0.76,0.749,0.697,0.738,0.82,0.785,0.533,-0.752,-0.713,0.732,0.84,-0.366,0.724,0.75,0.695,0.888,0.648,0.447,0.857,0.702,-0.099,0.676,0.148
ATEX,0.935,-0.149,0.953,0.939,0.848,-0.04,0.069,-0.149,0.629,0.942,0.776,0.924,0.676,0.719,-0.213,0.222,0.894,0.0,-0.536,-0.119,0.391,0.254,-0.781,0.926,0.369,0.851,0.649,0.849,0.903,0.74,0.853,0.918,0.727,0.889,0.805,-0.277,0.862,0.91,0.888,0.871,0.71,0.932,0.82,0.582,0.723,0.734,0.684,0.952,0.894,-0.723,-0.657,0.64,0.961,0.767,0.824,0.313,0.694,0.843,0.875,0.704,-0.432,-0.334,-0.028,0.839,0.952,0.785,0.947,0.91,0.91,-0.657,-0.894,0.911,0.106,-0.45,0.403,0.446,-0.423,0.909,-0.063,0.809,-0.012,0.934,0.791,0.904,-0.573,-0.512,0.357,0.943,0.162,-0.438,0.895,0.624,0.758,-0.614,0.136,0.919,0.93,0.834,0.846,0.401,-0.187,0.941,0.223,0.774,0.686,0.81,0.854,0.191,0.956,-0.033,0.872,0.916,-0.813,-0.654,-0.894,-0.037,0.835,0.909,-0.043,0.768,0.875,-0.694,0.799,0.859,-0.081,0.881,0.786,0.906,0.457,0.862,-0.553,0.842,0.839,0.776,-0.837,0.913,0.784,0.688,0.383,-0.723,0.429,0.73,0.858,0.924,0.913,-0.146,-0.605,0.872,0.825,-0.487,0.285,-0.704,-0.07,0.913,0.873,-0.659,0.882,-0.307,0.938,0.836,0.914,0.66,0.866,0.84,0.62,0.351,0.781,0.539,0.548,0.946,0.876,0.801,0.898,0.949,0.409,0.859,0.655,0.813,0.887,0.694,0.888,0.914,0.831,0.741,-0.816,-0.701,0.829,0.817,-0.18,0.884,0.886,0.814,0.958,0.795,0.52,0.956,0.687,0.019,0.742,0.355
ATRA,-0.565,0.192,-0.427,-0.448,-0.662,-0.048,-0.053,0.092,-0.335,-0.489,-0.587,-0.597,-0.199,-0.421,0.125,-0.324,-0.627,-0.536,0.0,0.078,-0.109,0.008,0.393,-0.511,0.172,-0.479,-0.588,-0.494,-0.515,-0.544,-0.482,-0.495,-0.613,-0.433,-0.618,0.072,-0.646,-0.595,-0.593,-0.574,-0.264,-0.485,-0.443,-0.562,-0.592,-0.53,-0.578,-0.436,-0.524,0.731,0.373,-0.256,-0.62,-0.47,-0.517,-0.538,-0.476,-0.291,-0.332,-0.409,0.48,-0.234,-0.34,-0.213,-0.418,-0.497,-0.629,-0.376,-0.294,0.607,0.483,-0.492,-0.004,0.765,-0.22,0.09,0.672,-0.443,0.451,-0.446,0.228,-0.549,-0.455,-0.43,0.824,0.338,-0.532,-0.558,0.341,0.035,-0.624,0.078,-0.463,0.007,0.034,-0.463,-0.53,-0.526,-0.4,-0.024,0.104,-0.498,-0.024,-0.257,-0.038,-0.217,-0.436,-0.113,-0.474,-0.342,-0.696,-0.519,0.405,-0.056,0.548,0.082,-0.559,-0.556,0.239,-0.57,-0.609,0.603,-0.615,-0.617,0.153,-0.378,-0.152,-0.63,-0.561,-0.637,0.561,-0.517,-0.529,-0.533,0.381,-0.623,-0.634,-0.567,-0.24,0.226,-0.285,-0.335,-0.207,-0.572,-0.523,0.274,0.665,-0.587,-0.477,-0.034,-0.589,0.163,0.371,-0.612,-0.577,0.334,-0.491,-0.01,-0.509,-0.542,-0.438,-0.698,-0.576,-0.575,-0.5,-0.28,-0.242,-0.646,-0.67,-0.473,-0.624,-0.243,-0.308,-0.508,-0.415,-0.667,-0.621,-0.545,-0.278,-0.673,-0.295,-0.468,-0.518,0.039,0.61,0.259,-0.375,-0.606,0.56,-0.455,-0.338,-0.554,-0.611,-0.394,-0.511,-0.452,-0.763,0.044,-0.544,0.293
AUTL,-0.076,0.818,-0.161,0.015,-0.247,0.179,-0.136,-0.094,-0.394,-0.066,-0.072,-0.07,0.325,0.315,0.565,0.313,-0.115,-0.119,0.078,0.0,0.486,0.732,0.065,0.012,0.535,0.129,-0.236,-0.004,-0.104,-0.444,0.107,-0.217,0.374,0.111,0.147,0.32,-0.242,-0.096,-0.127,-0.128,0.105,-0.271,0.275,-0.296,-0.049,-0.064,0.398,-0.11,-0.128,0.302,-0.018,-0.076,-0.074,-0.368,0.217,0.402,0.48,0.018,-0.03,0.16,0.695,0.27,0.034,-0.043,-0.167,-0.279,-0.047,0.027,-0.254,0.217,0.293,0.018,-0.61,0.43,0.02,-0.151,0.273,0.078,0.385,-0.278,0.031,-0.295,0.136,-0.098,0.013,0.088,0.097,0.016,0.248,0.187,-0.123,0.043,0.186,0.399,0.694,-0.058,-0.01,-0.04,-0.005,-0.107,-0.483,-0.108,0.578,0.284,0.131,-0.285,0.241,0.458,-0.082,-0.083,-0.097,0.065,-0.21,0.257,0.156,0.365,-0.114,-0.131,0.49,-0.237,0.004,0.03,-0.112,-0.046,0.698,-0.203,0.13,-0.173,-0.141,0.06,-0.023,-0.136,-0.041,-0.423,0.164,-0.064,-0.085,-0.161,0.551,-0.011,0.089,-0.347,0.029,-0.194,-0.012,0.195,0.271,-0.049,0.149,0.571,0.065,0.397,0.384,-0.009,0.044,0.495,-0.212,0.074,0.013,0.071,-0.131,-0.139,-0.032,-0.253,-0.195,0.425,-0.121,0.29,-0.094,-0.064,-0.057,0.121,-0.051,-0.163,0.471,0.052,0.003,-0.172,-0.223,-0.235,0.003,-0.189,-0.326,-0.0,0.209,0.305,0.106,-0.299,0.376,-0.001,-0.036,-0.272,-0.194,0.262,0.231,-0.021,0.031,0.445,-0.118,0.189
AVDL,0.326,0.382,0.316,0.461,0.115,0.19,-0.092,-0.439,-0.071,0.413,0.109,0.294,0.646,0.641,0.16,0.042,0.203,0.391,-0.109,0.486,0.0,0.676,-0.318,0.412,0.652,0.479,-0.042,0.328,0.434,-0.077,0.419,0.241,0.478,0.612,0.343,0.062,0.215,0.286,0.246,0.229,0.305,0.232,0.584,-0.18,0.153,0.103,0.474,0.328,0.301,-0.026,-0.347,0.358,0.351,-0.013,0.473,0.158,0.577,0.536,0.464,0.339,0.354,-0.147,-0.22,0.363,0.365,-0.004,0.34,0.426,0.297,-0.034,-0.319,0.485,-0.478,0.18,-0.004,0.244,-0.046,0.452,0.472,0.089,0.057,0.26,0.416,0.317,-0.076,-0.406,-0.024,0.467,0.4,-0.381,0.236,0.48,0.386,-0.176,0.403,0.441,0.4,0.388,0.3,0.037,-0.569,0.343,0.425,0.444,0.596,0.189,0.527,0.41,0.372,-0.354,0.274,0.443,-0.445,-0.324,-0.275,0.113,0.215,0.272,0.458,0.114,0.305,-0.253,0.147,0.252,0.581,0.278,0.612,0.235,-0.014,0.335,-0.11,0.224,0.207,-0.042,-0.335,0.281,0.16,0.045,0.596,-0.526,0.201,0.023,0.525,0.232,0.374,0.122,0.083,0.288,0.468,0.011,-0.173,-0.075,0.192,0.345,0.4,-0.024,0.173,-0.235,0.419,0.317,0.297,0.032,0.285,0.113,-0.009,0.266,0.292,0.382,-0.046,0.405,0.288,0.588,0.336,0.294,0.437,0.345,0.221,0.14,0.273,-0.041,0.518,0.252,0.039,0.48,-0.317,-0.019,0.568,0.025,0.369,0.484,0.401,0.097,0.296,0.585,0.299,0.443,0.121,0.195,0.129,0.366
BCRX,0.258,0.604,0.168,0.452,-0.061,0.255,-0.135,-0.387,-0.199,0.326,0.005,0.216,0.679,0.668,0.313,0.319,0.122,0.254,0.008,0.732,0.676,0.0,-0.303,0.308,0.787,0.445,-0.199,0.328,0.363,-0.223,0.406,0.062,0.503,0.429,0.365,0.211,0.155,0.193,0.107,0.091,0.321,0.02,0.58,-0.371,0.068,0.045,0.565,0.195,0.188,0.214,-0.315,0.417,0.268,-0.256,0.447,0.433,0.655,0.504,0.396,0.537,0.568,-0.019,-0.205,0.336,0.187,-0.099,0.268,0.365,0.13,0.165,-0.15,0.377,-0.379,0.35,-0.06,0.109,0.117,0.351,0.55,-0.096,0.316,0.054,0.369,0.203,-0.116,-0.347,0.085,0.377,0.405,-0.17,0.098,0.341,0.342,0.034,0.689,0.369,0.267,0.298,0.209,-0.009,-0.675,0.194,0.673,0.468,0.532,-0.035,0.564,0.356,0.271,-0.117,0.231,0.403,-0.441,-0.091,-0.117,0.237,0.073,0.12,0.663,-0.051,0.255,-0.179,0.043,0.134,0.83,0.112,0.572,0.11,-0.05,0.224,-0.002,0.045,0.109,-0.258,-0.182,0.23,0.117,-0.085,0.589,-0.412,0.181,-0.182,0.421,0.061,0.287,0.213,0.292,0.254,0.344,0.2,-0.139,0.157,0.497,0.257,0.27,0.23,0.029,-0.143,0.337,0.211,0.116,-0.091,0.266,-0.085,-0.116,0.588,0.187,0.477,-0.102,0.35,0.152,0.572,0.347,0.15,0.575,0.294,0.196,-0.023,0.099,-0.117,0.387,0.129,-0.127,0.447,-0.074,0.158,0.515,-0.181,0.565,0.395,0.328,-0.083,0.139,0.62,0.293,0.353,0.087,0.451,-0.024,0.412
BHAT,-0.677,0.164,-0.738,-0.75,-0.537,0.08,0.2,0.064,-0.625,-0.694,-0.597,-0.662,-0.664,-0.661,0.293,-0.276,-0.772,-0.781,0.393,0.065,-0.318,-0.303,0.0,-0.676,-0.435,-0.645,-0.407,-0.613,-0.768,-0.492,-0.576,-0.633,-0.53,-0.71,-0.539,0.406,-0.661,-0.648,-0.605,-0.621,-0.483,-0.681,-0.658,-0.341,-0.436,-0.499,-0.531,-0.736,-0.729,0.457,0.579,-0.517,-0.75,-0.541,-0.579,-0.204,-0.533,-0.656,-0.644,-0.524,0.299,0.369,0.189,-0.618,-0.728,-0.498,-0.696,-0.696,-0.791,0.452,0.711,-0.663,-0.09,0.338,-0.197,-0.201,0.103,-0.659,0.041,-0.524,0.114,-0.75,-0.604,-0.638,0.442,0.581,-0.148,-0.678,-0.081,0.394,-0.629,-0.476,-0.549,0.543,-0.114,-0.724,-0.687,-0.544,-0.573,-0.087,0.336,-0.71,-0.228,-0.699,-0.456,-0.612,-0.671,0.005,-0.695,0.177,-0.618,-0.72,0.728,0.551,0.703,0.151,-0.524,-0.618,0.087,-0.479,-0.604,0.417,-0.517,-0.578,-0.06,-0.595,-0.754,-0.702,-0.191,-0.577,0.416,-0.545,-0.614,-0.474,0.726,-0.636,-0.549,-0.365,-0.263,0.684,-0.165,-0.514,-0.676,-0.639,-0.699,0.129,0.409,-0.611,-0.578,0.457,-0.16,0.604,-0.111,-0.66,-0.613,0.536,-0.601,0.342,-0.742,-0.595,-0.672,-0.394,-0.615,-0.597,-0.301,-0.222,-0.547,-0.34,-0.272,-0.745,-0.583,-0.766,-0.777,-0.681,-0.188,-0.59,-0.404,-0.481,-0.678,-0.439,-0.68,-0.655,-0.568,-0.578,0.566,0.535,-0.715,-0.591,0.065,-0.656,-0.651,-0.483,-0.723,-0.606,-0.287,-0.75,-0.457,-0.023,-0.479,-0.212
BLBD,0.961,-0.015,0.917,0.929,0.867,0.148,0.282,-0.084,0.537,0.964,0.796,0.96,0.707,0.693,0.007,0.28,0.808,0.926,-0.511,0.012,0.412,0.308,-0.676,0.0,0.378,0.939,0.735,0.911,0.823,0.725,0.933,0.945,0.793,0.903,0.903,-0.067,0.849,0.95,0.938,0.934,0.852,0.92,0.887,0.63,0.843,0.863,0.792,0.931,0.911,-0.742,-0.566,0.639,0.932,0.754,0.908,0.378,0.75,0.852,0.932,0.777,-0.41,-0.13,0.182,0.851,0.915,0.807,0.938,0.961,0.81,-0.677,-0.754,0.961,0.084,-0.376,0.375,0.548,-0.4,0.96,0.091,0.842,-0.001,0.836,0.913,0.962,-0.602,-0.336,0.49,0.928,0.2,-0.324,0.934,0.703,0.871,-0.428,0.233,0.921,0.983,0.914,0.946,0.488,-0.228,0.971,0.332,0.822,0.757,0.791,0.935,0.307,0.963,0.107,0.864,0.95,-0.841,-0.551,-0.897,0.149,0.93,0.959,0.13,0.852,0.936,-0.824,0.903,0.939,-0.054,0.925,0.765,0.91,0.553,0.867,-0.654,0.909,0.893,0.782,-0.69,0.938,0.861,0.753,0.489,-0.674,0.641,0.714,0.857,0.942,0.963,0.086,-0.626,0.938,0.931,-0.304,0.416,-0.56,-0.103,0.969,0.918,-0.523,0.915,-0.121,0.955,0.906,0.939,0.711,0.928,0.856,0.69,0.487,0.875,0.653,0.658,0.885,0.943,0.772,0.894,0.923,0.509,0.929,0.779,0.896,0.836,0.758,0.894,0.946,0.864,0.747,-0.777,-0.725,0.837,0.818,-0.046,0.932,0.939,0.833,0.906,0.864,0.737,0.956,0.774,0.217,0.838,0.532
BMRN,0.322,0.47,0.384,0.509,-0.021,-0.006,-0.196,-0.132,0.017,0.37,0.111,0.237,0.784,0.703,0.125,0.084,0.28,0.369,0.172,0.535,0.652,0.787,-0.435,0.378,0.0,0.432,-0.19,0.297,0.41,-0.132,0.405,0.239,0.322,0.565,0.313,-0.203,0.09,0.178,0.118,0.197,0.342,0.196,0.535,-0.242,0.029,0.104,0.392,0.382,0.315,0.067,-0.443,0.345,0.363,-0.092,0.387,0.123,0.611,0.51,0.466,0.362,0.464,-0.425,-0.423,0.369,0.392,-0.001,0.254,0.489,0.433,-0.04,-0.326,0.384,-0.355,0.431,-0.204,0.283,0.187,0.429,0.435,0.097,0.07,0.284,0.388,0.296,0.131,-0.318,-0.223,0.444,0.619,-0.359,0.171,0.599,0.463,-0.323,0.621,0.459,0.373,0.21,0.314,-0.092,-0.704,0.332,0.654,0.666,0.596,0.311,0.586,0.499,0.365,-0.52,0.122,0.439,-0.577,-0.435,-0.339,-0.025,0.157,0.193,0.375,0.061,0.197,-0.069,0.048,0.19,0.598,0.211,0.734,0.191,-0.215,0.311,-0.111,0.087,0.146,-0.124,-0.473,0.199,0.028,-0.177,0.389,-0.622,0.1,0.082,0.627,0.208,0.367,0.001,0.085,0.211,0.374,-0.198,-0.268,-0.26,0.531,0.297,0.256,-0.089,0.154,-0.457,0.437,0.204,0.276,-0.206,0.203,0.134,-0.248,0.361,0.275,0.137,-0.245,0.391,0.174,0.696,0.508,0.325,0.285,0.219,-0.035,0.059,0.348,-0.163,0.592,0.263,0.005,0.614,-0.179,-0.241,0.597,-0.031,0.472,0.372,0.439,-0.041,0.211,0.522,0.135,0.499,-0.028,0.136,-0.035,0.491
BNGO,0.904,0.033,0.83,0.914,0.751,0.263,0.3,-0.164,0.417,0.914,0.68,0.914,0.808,0.704,0.129,0.336,0.744,0.851,-0.479,0.129,0.479,0.445,-0.645,0.939,0.432,0.0,0.621,0.897,0.801,0.631,0.938,0.85,0.813,0.881,0.911,0.038,0.81,0.904,0.857,0.855,0.867,0.798,0.944,0.479,0.769,0.801,0.888,0.848,0.905,-0.626,-0.603,0.686,0.87,0.637,0.898,0.519,0.782,0.879,0.922,0.847,-0.235,-0.06,0.191,0.835,0.82,0.649,0.875,0.922,0.693,-0.531,-0.689,0.946,0.101,-0.342,0.311,0.56,-0.331,0.895,0.278,0.702,0.128,0.739,0.961,0.919,-0.607,-0.414,0.444,0.899,0.21,-0.31,0.853,0.671,0.839,-0.292,0.402,0.899,0.93,0.902,0.905,0.471,-0.377,0.905,0.425,0.802,0.806,0.68,0.936,0.236,0.921,0.187,0.836,0.964,-0.857,-0.423,-0.818,0.189,0.849,0.875,0.301,0.753,0.908,-0.845,0.838,0.865,0.095,0.826,0.766,0.865,0.527,0.819,-0.608,0.833,0.811,0.643,-0.583,0.882,0.867,0.659,0.575,-0.718,0.667,0.55,0.831,0.844,0.961,0.209,-0.516,0.914,0.916,-0.147,0.385,-0.408,0.084,0.937,0.876,-0.311,0.802,-0.047,0.952,0.88,0.859,0.65,0.91,0.73,0.652,0.632,0.828,0.775,0.574,0.831,0.883,0.807,0.87,0.827,0.639,0.906,0.776,0.819,0.697,0.688,0.837,0.892,0.757,0.754,-0.73,-0.571,0.869,0.702,0.148,0.937,0.914,0.697,0.83,0.94,0.757,0.914,0.726,0.353,0.746,0.613
BUSE,0.741,-0.205,0.672,0.56,0.884,0.266,0.452,0.281,0.65,0.674,0.841,0.792,0.184,0.237,-0.026,0.28,0.647,0.649,-0.588,-0.236,-0.042,-0.199,-0.407,0.735,-0.19,0.621,0.0,0.669,0.524,0.792,0.636,0.794,0.64,0.565,0.732,0.062,0.743,0.821,0.866,0.868,0.678,0.797,0.556,0.902,0.908,0.891,0.525,0.676,0.713,-0.814,-0.18,0.278,0.669,0.841,0.709,0.314,0.409,0.432,0.565,0.449,-0.676,0.23,0.588,0.515,0.609,0.829,0.765,0.659,0.506,-0.764,-0.42,0.677,0.197,-0.597,0.54,0.317,-0.412,0.724,-0.233,0.833,-0.221,0.639,0.687,0.777,-0.696,-0.024,0.687,0.584,-0.218,0.107,0.865,0.283,0.691,-0.097,-0.092,0.58,0.766,0.742,0.783,0.473,0.237,0.755,-0.002,0.471,0.282,0.609,0.59,0.13,0.7,0.375,0.714,0.65,-0.477,-0.214,-0.703,0.164,0.868,0.844,-0.204,0.875,0.803,-0.735,0.919,0.87,-0.432,0.78,0.307,0.821,0.666,0.705,-0.681,0.898,0.874,0.873,-0.342,0.788,0.841,0.91,0.325,-0.195,0.627,0.761,0.385,0.811,0.719,0.176,-0.78,0.804,0.745,-0.062,0.734,-0.394,-0.475,0.785,0.794,-0.415,0.842,0.31,0.664,0.814,0.801,0.906,0.78,0.84,0.837,0.249,0.733,0.465,0.905,0.543,0.848,0.294,0.594,0.72,0.27,0.792,0.804,0.89,0.604,0.901,0.476,0.767,0.875,0.273,-0.596,-0.649,0.404,0.875,-0.391,0.642,0.641,0.84,0.722,0.461,0.746,0.621,0.85,0.124,0.952,0.229
CAKE,0.926,-0.039,0.848,0.893,0.825,0.22,0.253,-0.137,0.474,0.918,0.683,0.917,0.63,0.594,0.052,0.394,0.711,0.849,-0.494,-0.004,0.328,0.328,-0.613,0.911,0.297,0.897,0.669,0.0,0.846,0.714,0.904,0.857,0.777,0.776,0.888,0.117,0.877,0.926,0.865,0.831,0.844,0.808,0.852,0.522,0.791,0.804,0.794,0.832,0.827,-0.63,-0.555,0.673,0.875,0.661,0.857,0.499,0.697,0.863,0.877,0.838,-0.385,-0.079,0.279,0.847,0.803,0.767,0.906,0.87,0.694,-0.505,-0.69,0.927,0.19,-0.407,0.44,0.531,-0.434,0.888,0.141,0.752,0.242,0.726,0.861,0.901,-0.625,-0.374,0.522,0.885,0.178,-0.231,0.863,0.548,0.724,-0.351,0.291,0.867,0.884,0.935,0.862,0.516,-0.141,0.868,0.303,0.697,0.724,0.67,0.872,0.172,0.913,0.263,0.922,0.907,-0.753,-0.444,-0.757,0.206,0.847,0.895,0.194,0.762,0.911,-0.751,0.861,0.872,-0.03,0.854,0.677,0.869,0.673,0.804,-0.595,0.836,0.831,0.701,-0.588,0.933,0.859,0.737,0.471,-0.573,0.58,0.618,0.77,0.855,0.906,0.159,-0.525,0.936,0.815,-0.238,0.378,-0.417,-0.021,0.904,0.854,-0.39,0.859,-0.036,0.892,0.879,0.829,0.683,0.952,0.722,0.711,0.575,0.835,0.718,0.657,0.877,0.861,0.695,0.828,0.809,0.646,0.908,0.817,0.816,0.773,0.757,0.774,0.891,0.8,0.699,-0.728,-0.529,0.753,0.716,0.043,0.895,0.887,0.831,0.855,0.852,0.689,0.864,0.771,0.294,0.783,0.51
CASY,0.895,-0.161,0.856,0.932,0.723,0.047,0.031,-0.235,0.579,0.899,0.642,0.849,0.715,0.735,-0.278,0.262,0.804,0.903,-0.515,-0.104,0.434,0.363,-0.768,0.823,0.41,0.801,0.524,0.846,0.0,0.63,0.809,0.803,0.701,0.837,0.789,-0.181,0.899,0.849,0.773,0.765,0.648,0.806,0.812,0.379,0.625,0.628,0.652,0.833,0.833,-0.601,-0.693,0.696,0.904,0.575,0.794,0.36,0.668,0.867,0.839,0.73,-0.361,-0.279,-0.051,0.744,0.838,0.638,0.887,0.831,0.799,-0.528,-0.85,0.875,0.104,-0.407,0.302,0.399,-0.455,0.837,0.018,0.672,0.129,0.848,0.733,0.814,-0.609,-0.678,0.332,0.896,0.153,-0.426,0.803,0.511,0.667,-0.538,0.203,0.908,0.838,0.824,0.72,0.253,-0.279,0.837,0.236,0.673,0.673,0.654,0.828,0.152,0.879,-0.018,0.879,0.888,-0.736,-0.574,-0.793,-0.074,0.722,0.807,0.059,0.666,0.816,-0.61,0.694,0.75,0.11,0.784,0.809,0.858,0.458,0.754,-0.441,0.708,0.702,0.621,-0.759,0.859,0.72,0.577,0.416,-0.721,0.339,0.606,0.776,0.807,0.845,-0.049,-0.48,0.836,0.727,-0.427,0.173,-0.582,0.017,0.844,0.798,-0.555,0.777,-0.254,0.879,0.743,0.779,0.568,0.836,0.691,0.512,0.398,0.7,0.545,0.462,0.914,0.78,0.827,0.853,0.834,0.449,0.825,0.645,0.677,0.765,0.596,0.812,0.828,0.705,0.709,-0.791,-0.516,0.833,0.646,-0.033,0.866,0.831,0.697,0.888,0.805,0.478,0.876,0.623,0.005,0.618,0.307
CCOI,0.77,-0.411,0.759,0.648,0.857,0.041,0.297,0.138,0.66,0.728,0.744,0.805,0.247,0.249,-0.225,0.152,0.713,0.74,-0.544,-0.444,-0.077,-0.223,-0.492,0.725,-0.132,0.631,0.792,0.714,0.63,0.0,0.664,0.828,0.493,0.559,0.683,-0.152,0.788,0.814,0.804,0.81,0.657,0.829,0.525,0.765,0.764,0.771,0.463,0.749,0.754,-0.795,-0.408,0.419,0.734,0.837,0.602,0.26,0.339,0.554,0.635,0.564,-0.715,-0.073,0.309,0.636,0.721,0.808,0.759,0.701,0.662,-0.674,-0.646,0.687,0.428,-0.637,0.427,0.411,-0.476,0.684,-0.246,0.804,0.013,0.743,0.658,0.785,-0.587,-0.214,0.498,0.671,-0.047,-0.133,0.814,0.352,0.577,-0.408,-0.122,0.676,0.745,0.72,0.74,0.483,0.205,0.782,-0.107,0.466,0.393,0.731,0.569,-0.035,0.765,0.307,0.753,0.684,-0.534,-0.393,-0.75,0.032,0.808,0.821,-0.188,0.798,0.77,-0.671,0.83,0.794,-0.492,0.775,0.391,0.811,0.573,0.69,-0.552,0.813,0.79,0.879,-0.529,0.785,0.81,0.771,0.121,-0.396,0.447,0.732,0.53,0.836,0.74,-0.046,-0.732,0.794,0.649,-0.364,0.488,-0.584,-0.31,0.775,0.699,-0.555,0.832,-0.021,0.71,0.744,0.803,0.765,0.767,0.815,0.772,0.282,0.695,0.431,0.703,0.663,0.791,0.416,0.668,0.763,0.207,0.746,0.687,0.85,0.688,0.885,0.576,0.833,0.896,0.444,-0.698,-0.678,0.497,0.856,-0.356,0.671,0.698,0.832,0.789,0.501,0.506,0.694,0.702,-0.003,0.785,0.215
CEVA,0.941,0.025,0.857,0.91,0.796,0.19,0.348,-0.147,0.386,0.926,0.715,0.945,0.718,0.688,0.105,0.293,0.75,0.853,-0.482,0.107,0.419,0.406,-0.576,0.933,0.405,0.938,0.636,0.904,0.809,0.664,0.0,0.877,0.791,0.85,0.94,0.051,0.827,0.917,0.858,0.873,0.859,0.828,0.896,0.519,0.782,0.815,0.85,0.87,0.861,-0.663,-0.594,0.671,0.889,0.631,0.883,0.501,0.746,0.861,0.907,0.868,-0.28,-0.068,0.193,0.837,0.848,0.719,0.885,0.927,0.694,-0.589,-0.716,0.926,0.087,-0.305,0.328,0.585,-0.423,0.909,0.178,0.765,0.17,0.75,0.903,0.919,-0.603,-0.383,0.495,0.921,0.232,-0.313,0.872,0.644,0.844,-0.349,0.386,0.926,0.923,0.913,0.917,0.532,-0.301,0.914,0.409,0.79,0.798,0.706,0.929,0.316,0.932,0.182,0.862,0.951,-0.795,-0.411,-0.831,0.238,0.884,0.904,0.262,0.783,0.934,-0.848,0.848,0.875,0.053,0.851,0.716,0.849,0.517,0.86,-0.59,0.835,0.793,0.7,-0.608,0.915,0.842,0.702,0.514,-0.646,0.65,0.608,0.823,0.883,0.938,0.126,-0.551,0.932,0.894,-0.186,0.405,-0.454,0.041,0.945,0.862,-0.352,0.844,-0.083,0.93,0.859,0.87,0.678,0.914,0.757,0.691,0.628,0.796,0.735,0.608,0.832,0.903,0.756,0.862,0.869,0.625,0.93,0.784,0.853,0.705,0.701,0.847,0.91,0.782,0.765,-0.786,-0.601,0.838,0.712,0.07,0.937,0.929,0.743,0.861,0.91,0.737,0.914,0.725,0.24,0.752,0.578
