,AAPL,ACRS,ADP,AFYA,AGNC,AGYS,ALT,AMGN,AMPH,AMZN,ANIP,AOSL,APDN,APLT,APVO,ARGX,ARLP,ATEX,ATRA,AUTL,AVDL,BCRX,BHAT,BLBD,BMRN,BNGO,BUSE,CAKE,CASY,CCOI,CEVA,CHY,CLDX,CLMT,COHU,COLM,COST,CPRT,CSWC,CSX,DBX,DCOM,DKNG,DMLP,DOX,EA,EDIT,ENPH,ENSG,ERNA,ESGR,ETNB,EXTR,FANG,FARO,FATE,FGEN,FIVE,FIVN,FLGT,FOLD,FORM,FOXA,FRPT,FSLR,FTAI,GBDC,GDYN,GGAL,GNLN,GRFS,GT,HCAT,HCM,HFWA,HOLX,HQY,HUBG,IAC,ICLR,IDCC,IEP,IHRT,ILMN,ILPT,IMAB,IMOS,INMD,INTZ,JAZZ,JKHY,JRVR,KIDS,LBRDK,LGND,LMAT,LPLA,LULU,MASI,MAT,MATW,MBIN,MBIO,MCRB,MDB,MDLZ,MELI,MIRM,MLKN,MNMD,MNRO,MPWR,MRCY,MRSN,MTVA,NAAS,NDAQ,NDSN,NEGG,NOVT,NVDA,NWE,NWSA,NXST,OCX,ODFL,OMAB,OPCH,OPRA,ORGO,OTRK,OZK,PAGP,PCH,PEGA,PENG,PENN,PFBC,PGNY,PHAT,PHUN,PINC,PLUG,PLXS,PYPL,QLYS,QNCX,QQQX,QVCGA,RAPT,RBBN,RCKT,REPL,RMBS,ROAD,ROKU,ROP,RUSHA,SANM,SATS,SBCF,SBLK,SBUX,SCHL,SCSC,SDGR,SEIC,SFIX,SGRY,SKYW,SLP,SNES,STAA,STLD,STOK,SWKS,TER,TFIN,TIGO,TILE,TPIC,TTEC,TTEK,TTGT,UXIN,VERU,VLYPP,VNOM,VRNS,VRSN,WDAY,WERN,WINA,WKHS,WRLD,XP,XTKG,YY,ZION,ZM
AAPL,0.0,0.497,0.979,-0.401,-0.78,-0.894,-0.744,0.875,0.752,0.955,-0.156,0.978,0.755,0.739,0.689,0.888,0.506,0.762,0.917,0.549,0.843,0.355,0.949,0.712,0.175,0.931,0.486,0.623,0.528,0.355,0.634,0.877,-0.875,0.084,0.953,0.766,0.966,0.894,0.843,0.655,0.574,0.66,0.975,-0.275,0.13,0.898,0.804,0.879,-0.609,0.539,-0.754,-0.838,0.938,0.442,0.94,0.929,0.059,0.699,0.198,0.923,0.712,0.871,0.86,0.884,0.562,0.085,0.486,0.824,-0.777,0.944,0.196,0.939,0.667,-0.459,0.346,0.121,0.608,-0.089,0.928,0.642,-0.052,0.312,0.946,0.907,0.857,0.53,0.832,0.682,0.739,-0.704,0.882,0.862,0.772,0.855,0.211,0.689,0.678,0.772,-0.333,0.584,0.676,0.851,0.843,0.952,-0.364,0.528,0.582,0.088,-0.223,0.761,0.619,0.854,0.939,0.917,0.812,0.913,0.881,0.151,0.949,0.974,0.811,-0.438,0.663,0.852,0.828,0.625,0.664,0.32,-0.65,0.742,0.631,0.788,0.554,0.76,0.797,0.864,0.971,-0.448,0.662,-0.188,0.905,-0.656,0.881,0.943,0.902,0.94,0.906,0.842,0.949,-0.314,-0.138,0.146,-0.664,0.949,0.46,0.971,0.73,0.172,0.952,0.257,0.607,-0.287,0.892,-0.115,0.926,-0.301,0.933,0.892,0.27,0.92,0.891,-0.017,0.963,0.847,-0.67,0.818,0.904,0.852,0.866,0.955,0.798,0.917,0.899,0.424,0.647,0.778,-0.27,0.224,-0.485,-0.48,0.372,0.949,0.727,0.874,0.874,0.639,0.536,0.007,0.259,0.928
ACRS,0.497,0.0,0.495,-0.067,-0.281,-0.451,-0.097,0.331,0.408,0.54,0.277,0.521,0.59,0.217,0.249,0.449,-0.043,0.663,0.373,0.239,0.402,0.546,0.383,0.106,0.035,0.39,0.532,0.612,0.019,0.424,0.315,0.176,-0.34,0.554,0.55,0.662,0.533,0.526,0.571,0.583,0.501,0.489,0.494,0.095,0.654,0.563,0.425,0.238,-0.26,0.043,-0.061,-0.181,0.505,0.502,0.6,0.369,0.383,0.694,0.362,0.425,0.749,0.45,0.713,0.466,0.217,0.065,0.545,0.788,-0.133,0.375,0.749,0.546,0.404,0.17,0.292,0.546,0.193,0.216,0.651,0.539,0.328,-0.02,0.385,0.682,0.51,0.342,0.459,0.469,0.166,-0.174,0.525,0.358,0.419,0.51,0.358,0.416,0.436,0.419,0.179,0.742,0.361,0.608,0.628,0.593,-0.175,0.527,0.137,0.413,0.361,0.058,0.164,0.477,0.583,0.633,0.162,0.304,0.605,0.536,0.464,0.561,0.27,0.231,0.724,0.534,0.536,0.528,0.373,0.604,-0.3,0.588,0.31,0.563,0.547,0.611,0.556,0.334,0.448,-0.059,0.372,0.081,0.486,-0.043,0.563,0.506,0.533,0.575,0.482,0.412,0.59,0.366,0.271,0.098,-0.244,0.499,0.588,0.502,0.737,0.187,0.49,0.399,0.32,-0.008,0.577,0.125,0.628,0.012,0.604,0.557,0.473,0.543,0.529,0.173,0.483,0.266,-0.061,0.482,0.458,0.564,0.619,0.569,0.589,0.506,0.461,0.662,0.502,0.492,-0.213,0.491,-0.006,0.034,0.268,0.546,0.234,0.418,0.603,0.388,0.243,-0.113,0.578,0.511
ADP,0.979,0.495,0.0,-0.351,-0.77,-0.898,-0.756,0.865,0.722,0.95,-0.102,0.971,0.728,0.7,0.713,0.848,0.443,0.786,0.912,0.5,0.828,0.326,0.917,0.705,0.164,0.923,0.501,0.641,0.546,0.333,0.63,0.86,-0.875,0.113,0.955,0.781,0.965,0.902,0.84,0.7,0.57,0.644,0.965,-0.292,0.174,0.877,0.765,0.839,-0.579,0.553,-0.72,-0.837,0.962,0.404,0.935,0.904,-0.001,0.713,0.224,0.895,0.69,0.891,0.844,0.857,0.473,0.086,0.492,0.821,-0.754,0.919,0.166,0.931,0.676,-0.444,0.35,0.157,0.583,-0.067,0.909,0.628,-0.013,0.286,0.935,0.892,0.834,0.517,0.805,0.674,0.74,-0.701,0.879,0.808,0.783,0.867,0.19,0.692,0.679,0.744,-0.336,0.587,0.665,0.845,0.804,0.937,-0.306,0.569,0.591,0.093,-0.197,0.685,0.674,0.876,0.928,0.887,0.777,0.862,0.865,0.187,0.914,0.965,0.806,-0.365,0.663,0.876,0.807,0.671,0.661,0.346,-0.638,0.729,0.577,0.785,0.53,0.788,0.799,0.852,0.956,-0.408,0.64,-0.251,0.871,-0.647,0.849,0.94,0.922,0.961,0.852,0.84,0.932,-0.292,-0.123,0.148,-0.629,0.952,0.436,0.951,0.774,0.141,0.93,0.265,0.622,-0.326,0.921,-0.144,0.918,-0.303,0.933,0.891,0.234,0.916,0.864,-0.073,0.951,0.868,-0.633,0.84,0.925,0.843,0.882,0.953,0.739,0.905,0.881,0.416,0.647,0.739,-0.227,0.206,-0.476,-0.434,0.408,0.96,0.723,0.825,0.871,0.608,0.463,0.008,0.259,0.94
AFYA,-0.401,-0.067,-0.351,0.0,0.403,0.417,0.552,-0.189,-0.124,-0.407,0.207,-0.333,-0.24,-0.122,-0.205,-0.417,-0.061,-0.306,-0.27,0.013,-0.093,0.177,-0.55,-0.139,-0.53,-0.461,0.19,-0.468,-0.515,0.253,-0.644,-0.465,0.212,0.213,-0.489,0.016,-0.297,-0.12,-0.428,-0.398,-0.482,0.117,-0.324,0.592,0.323,-0.136,-0.582,-0.512,0.244,-0.376,0.385,0.435,-0.376,0.067,-0.294,-0.311,0.311,-0.15,-0.448,-0.324,-0.315,-0.527,-0.313,-0.254,-0.224,-0.134,0.236,-0.205,0.674,-0.47,0.173,-0.367,-0.356,0.309,0.48,0.248,-0.017,0.151,-0.312,0.209,0.409,-0.261,-0.545,-0.33,-0.557,-0.139,-0.127,-0.339,-0.522,0.416,-0.144,-0.219,-0.158,-0.122,0.401,-0.19,0.129,-0.14,0.25,0.1,-0.137,-0.207,-0.21,-0.3,-0.101,0.153,0.259,0.209,0.325,-0.517,0.008,-0.463,-0.298,-0.54,-0.546,-0.357,-0.152,-0.018,-0.316,-0.342,-0.561,0.45,-0.038,-0.243,-0.361,-0.492,0.031,0.073,0.019,-0.08,-0.116,0.02,0.056,-0.348,-0.503,-0.494,-0.459,0.731,-0.006,0.214,-0.438,0.566,-0.503,-0.222,-0.178,-0.3,-0.447,-0.582,-0.332,0.179,-0.3,-0.458,0.028,-0.455,0.036,-0.34,-0.024,0.343,-0.25,0.38,0.272,-0.196,-0.229,0.542,-0.318,-0.202,-0.154,-0.565,0.293,-0.496,-0.321,0.063,-0.44,-0.228,0.129,-0.51,-0.381,-0.082,-0.448,-0.284,-0.437,-0.128,-0.401,0.137,0.049,-0.17,-0.14,0.262,-0.045,0.388,-0.477,-0.405,-0.273,-0.419,-0.121,0.17,0.151,-0.325,0.348,-0.393
AGNC,-0.78,-0.281,-0.77,0.403,0.0,0.835,0.848,-0.838,-0.542,-0.698,0.508,-0.796,-0.636,-0.623,-0.695,-0.756,-0.314,-0.608,-0.896,-0.667,-0.759,-0.076,-0.867,-0.821,-0.005,-0.875,0.005,-0.289,-0.399,-0.173,-0.424,-0.697,0.889,-0.138,-0.791,-0.497,-0.74,-0.721,-0.508,-0.263,-0.234,-0.478,-0.829,0.494,0.124,-0.729,-0.727,-0.665,0.755,-0.615,0.92,0.884,-0.733,-0.242,-0.778,-0.887,0.097,-0.521,0.052,-0.859,-0.569,-0.73,-0.49,-0.847,-0.371,0.337,-0.145,-0.592,0.817,-0.895,0.049,-0.671,-0.359,0.735,-0.135,0.346,-0.719,0.492,-0.761,-0.365,0.372,-0.059,-0.777,-0.738,-0.754,-0.484,-0.682,-0.245,-0.755,0.844,-0.69,-0.667,-0.555,-0.674,-0.078,-0.279,-0.612,-0.782,0.774,-0.436,-0.691,-0.453,-0.66,-0.747,0.474,-0.263,-0.278,-0.074,0.462,-0.683,-0.578,-0.592,-0.8,-0.722,-0.745,-0.749,-0.723,0.237,-0.846,-0.763,-0.592,0.601,-0.342,-0.604,-0.774,-0.298,-0.597,0.152,0.725,-0.446,-0.6,-0.62,-0.382,-0.348,-0.483,-0.601,-0.764,0.661,-0.486,0.341,-0.862,0.857,-0.705,-0.635,-0.726,-0.71,-0.819,-0.641,-0.818,0.527,0.363,-0.072,0.727,-0.671,-0.277,-0.805,-0.347,-0.227,-0.803,0.035,-0.44,0.652,-0.737,0.228,-0.685,0.52,-0.717,-0.772,-0.024,-0.822,-0.584,0.197,-0.843,-0.6,0.733,-0.596,-0.665,-0.69,-0.542,-0.795,-0.696,-0.645,-0.585,-0.079,-0.632,-0.708,0.412,0.108,0.696,0.811,-0.131,-0.719,-0.554,-0.779,-0.653,-0.548,-0.41,0.24,0.096,-0.722
AGYS,-0.894,-0.451,-0.898,0.417,0.835,0.0,0.758,-0.825,-0.554,-0.804,0.144,-0.867,-0.697,-0.552,-0.771,-0.794,-0.207,-0.773,-0.89,-0.487,-0.771,-0.076,-0.894,-0.71,-0.048,-0.944,-0.277,-0.601,-0.601,-0.333,-0.565,-0.817,0.872,-0.045,-0.912,-0.699,-0.882,-0.775,-0.771,-0.57,-0.399,-0.441,-0.892,0.44,-0.14,-0.755,-0.723,-0.754,0.744,-0.73,0.741,0.822,-0.924,-0.192,-0.91,-0.869,0.03,-0.66,-0.136,-0.882,-0.578,-0.854,-0.737,-0.797,-0.276,0.071,-0.335,-0.797,0.779,-0.892,-0.11,-0.77,-0.62,0.457,-0.163,-0.012,-0.588,0.298,-0.796,-0.443,0.101,-0.141,-0.892,-0.836,-0.783,-0.576,-0.676,-0.471,-0.849,0.837,-0.76,-0.669,-0.755,-0.827,-0.027,-0.542,-0.606,-0.691,0.5,-0.486,-0.668,-0.712,-0.732,-0.862,0.256,-0.533,-0.314,0.002,0.205,-0.652,-0.74,-0.811,-0.869,-0.848,-0.773,-0.754,-0.771,0.043,-0.84,-0.877,-0.724,0.338,-0.554,-0.812,-0.836,-0.534,-0.642,-0.169,0.615,-0.689,-0.489,-0.646,-0.371,-0.711,-0.695,-0.721,-0.848,0.548,-0.412,0.233,-0.809,0.665,-0.734,-0.788,-0.857,-0.842,-0.809,-0.757,-0.897,0.336,0.119,-0.064,0.544,-0.832,-0.276,-0.843,-0.655,-0.156,-0.832,-0.165,-0.487,0.327,-0.872,0.289,-0.867,0.4,-0.831,-0.91,-0.024,-0.932,-0.7,0.297,-0.939,-0.812,0.625,-0.78,-0.856,-0.777,-0.761,-0.856,-0.648,-0.766,-0.83,-0.157,-0.675,-0.787,0.222,0.009,0.553,0.638,-0.311,-0.903,-0.601,-0.685,-0.815,-0.496,-0.376,-0.116,-0.064,-0.81
ALT,-0.744,-0.097,-0.756,0.552,0.848,0.758,0.0,-0.66,-0.478,-0.734,0.362,-0.724,-0.399,-0.617,-0.53,-0.688,-0.409,-0.58,-0.77,-0.372,-0.567,0.088,-0.867,-0.617,-0.389,-0.836,0.025,-0.407,-0.639,0.151,-0.698,-0.815,0.757,0.062,-0.786,-0.282,-0.661,-0.545,-0.524,-0.451,-0.461,-0.274,-0.736,0.673,0.384,-0.531,-0.789,-0.778,0.467,-0.677,0.824,0.84,-0.724,-0.096,-0.656,-0.767,0.451,-0.301,-0.265,-0.732,-0.425,-0.794,-0.411,-0.677,-0.392,0.042,0.071,-0.433,0.941,-0.84,0.316,-0.715,-0.52,0.761,0.081,0.367,-0.467,0.398,-0.639,-0.138,0.543,-0.293,-0.847,-0.61,-0.811,-0.385,-0.476,-0.418,-0.779,0.751,-0.519,-0.599,-0.505,-0.479,0.238,-0.451,-0.311,-0.544,0.665,-0.121,-0.48,-0.417,-0.434,-0.674,0.144,-0.038,-0.295,0.196,0.658,-0.753,-0.467,-0.718,-0.661,-0.701,-0.866,-0.716,-0.512,0.239,-0.73,-0.711,-0.805,0.713,-0.155,-0.481,-0.596,-0.531,-0.325,0.093,0.462,-0.342,-0.458,-0.404,-0.151,-0.428,-0.66,-0.771,-0.794,0.788,-0.389,0.455,-0.76,0.944,-0.733,-0.629,-0.619,-0.694,-0.731,-0.806,-0.712,0.472,0.102,-0.398,0.485,-0.748,-0.125,-0.741,-0.256,0.131,-0.693,0.288,-0.209,0.439,-0.587,0.558,-0.561,0.162,-0.571,-0.769,0.223,-0.797,-0.626,0.247,-0.775,-0.647,0.559,-0.725,-0.726,-0.471,-0.629,-0.689,-0.615,-0.518,-0.623,-0.007,-0.368,-0.425,0.095,0.248,0.405,0.656,-0.481,-0.696,-0.533,-0.728,-0.453,-0.24,-0.132,0.02,0.285,-0.765
AMGN,0.875,0.331,0.865,-0.189,-0.838,-0.825,-0.66,0.0,0.77,0.773,-0.428,0.91,0.727,0.721,0.703,0.769,0.474,0.579,0.953,0.796,0.93,0.314,0.828,0.903,-0.168,0.869,0.334,0.339,0.369,0.514,0.299,0.757,-0.922,0.058,0.804,0.785,0.876,0.905,0.61,0.311,0.203,0.724,0.934,-0.126,0.125,0.908,0.643,0.689,-0.746,0.5,-0.85,-0.875,0.824,0.455,0.878,0.965,0.194,0.723,-0.222,0.933,0.578,0.698,0.68,0.94,0.453,-0.304,0.492,0.732,-0.641,0.87,0.14,0.763,0.388,-0.577,0.512,-0.02,0.83,-0.224,0.846,0.688,-0.039,0.119,0.79,0.82,0.669,0.459,0.874,0.353,0.692,-0.778,0.915,0.832,0.699,0.876,0.391,0.369,0.854,0.923,-0.543,0.64,0.838,0.681,0.81,0.821,-0.596,0.611,0.571,0.168,-0.18,0.678,0.735,0.579,0.912,0.727,0.663,0.815,0.897,-0.022,0.922,0.871,0.531,-0.414,0.617,0.813,0.839,0.259,0.857,0.035,-0.849,0.636,0.667,0.849,0.626,0.516,0.467,0.608,0.824,-0.325,0.678,-0.177,0.877,-0.616,0.684,0.834,0.873,0.787,0.817,0.562,0.884,-0.55,-0.543,-0.206,-0.848,0.753,0.48,0.891,0.594,0.49,0.934,0.358,0.762,-0.586,0.885,0.123,0.842,-0.644,0.891,0.729,0.351,0.769,0.701,-0.062,0.895,0.773,-0.864,0.543,0.716,0.88,0.589,0.888,0.67,0.873,0.751,0.282,0.732,0.869,-0.533,0.214,-0.804,-0.622,-0.021,0.823,0.687,0.808,0.828,0.811,0.697,-0.243,0.246,0.739
AMPH,0.752,0.408,0.722,-0.124,-0.542,-0.554,-0.478,0.77,0.0,0.767,-0.291,0.801,0.601,0.775,0.317,0.688,0.685,0.436,0.711,0.686,0.735,0.601,0.664,0.528,0.11,0.625,0.498,0.391,0.269,0.395,0.337,0.634,-0.674,0.016,0.653,0.643,0.749,0.752,0.497,0.386,0.454,0.793,0.782,0.117,0.106,0.831,0.641,0.686,-0.316,0.134,-0.587,-0.63,0.638,0.735,0.685,0.78,0.292,0.601,-0.022,0.77,0.66,0.486,0.663,0.821,0.755,-0.09,0.489,0.665,-0.454,0.672,0.313,0.77,0.368,-0.436,0.579,0.218,0.691,0.181,0.793,0.746,0.003,0.314,0.648,0.722,0.646,0.221,0.735,0.577,0.337,-0.389,0.827,0.867,0.573,0.616,0.497,0.46,0.71,0.823,-0.167,0.569,0.695,0.691,0.747,0.698,-0.529,0.491,0.643,0.078,-0.114,0.597,0.307,0.472,0.813,0.698,0.541,0.753,0.798,0.242,0.808,0.81,0.48,-0.413,0.64,0.61,0.647,0.359,0.698,0.357,-0.722,0.556,0.668,0.824,0.721,0.518,0.52,0.601,0.739,-0.186,0.765,-0.099,0.801,-0.415,0.766,0.834,0.688,0.674,0.718,0.541,0.777,-0.289,-0.361,-0.006,-0.71,0.699,0.735,0.806,0.559,0.408,0.851,0.356,0.633,-0.346,0.692,0.187,0.651,-0.297,0.77,0.55,0.553,0.57,0.794,0.207,0.69,0.61,-0.709,0.416,0.545,0.734,0.594,0.756,0.752,0.781,0.724,0.6,0.445,0.586,-0.505,0.518,-0.472,-0.3,0.092,0.699,0.646,0.817,0.64,0.738,0.71,-0.377,0.443,0.657
AMZN,0.955,0.54,0.95,-0.407,-0.698,-0.804,-0.734,0.773,0.767,0.0,-0.065,0.952,0.718,0.724,0.574,0.862,0.524,0.789,0.829,0.432,0.77,0.443,0.903,0.571,0.331,0.854,0.537,0.719,0.54,0.234,0.73,0.831,-0.78,0.164,0.942,0.708,0.928,0.845,0.838,0.765,0.741,0.653,0.927,-0.278,0.123,0.845,0.836,0.854,-0.452,0.449,-0.649,-0.762,0.899,0.477,0.865,0.851,-0.039,0.671,0.364,0.84,0.744,0.849,0.849,0.838,0.612,0.169,0.472,0.798,-0.746,0.888,0.206,0.975,0.72,-0.422,0.324,0.2,0.468,0.062,0.919,0.621,-0.052,0.427,0.916,0.895,0.899,0.496,0.763,0.794,0.65,-0.583,0.825,0.815,0.769,0.762,0.172,0.75,0.598,0.695,-0.217,0.567,0.581,0.86,0.812,0.927,-0.255,0.445,0.6,0.112,-0.213,0.695,0.478,0.884,0.887,0.905,0.785,0.854,0.817,0.262,0.905,0.945,0.852,-0.438,0.658,0.807,0.77,0.75,0.56,0.424,-0.561,0.731,0.607,0.761,0.539,0.806,0.882,0.896,0.962,-0.438,0.694,-0.248,0.88,-0.627,0.929,0.932,0.879,0.948,0.871,0.897,0.909,-0.168,0.004,0.281,-0.566,0.964,0.476,0.949,0.726,0.028,0.905,0.225,0.532,-0.24,0.836,-0.176,0.859,-0.114,0.88,0.88,0.289,0.882,0.919,0.052,0.898,0.769,-0.538,0.856,0.888,0.786,0.899,0.914,0.817,0.865,0.857,0.561,0.527,0.65,-0.22,0.264,-0.312,-0.34,0.52,0.92,0.702,0.875,0.805,0.548,0.432,-0.044,0.312,0.956
ANIP,-0.156,0.277,-0.102,0.207,0.508,0.144,0.362,-0.428,-0.291,-0.065,0.0,-0.219,-0.137,-0.375,-0.101,-0.148,-0.35,0.171,-0.32,-0.666,-0.311,-0.031,-0.283,-0.48,0.221,-0.227,0.309,0.344,0.109,-0.152,0.169,-0.172,0.408,0.216,-0.07,0.024,-0.133,-0.199,0.137,0.386,0.271,-0.286,-0.222,0.098,0.397,-0.273,-0.195,-0.17,0.413,-0.05,0.617,0.472,-0.016,-0.264,-0.116,-0.409,-0.084,-0.106,0.527,-0.362,-0.085,-0.038,0.076,-0.419,-0.36,0.628,0.129,0.025,0.318,-0.309,0.222,-0.069,0.387,0.7,-0.125,0.53,-0.57,0.314,-0.219,-0.089,0.39,0.135,-0.151,-0.07,-0.14,0.181,-0.315,0.304,-0.185,0.414,-0.273,-0.332,0.134,-0.106,-0.238,0.44,-0.323,-0.518,0.635,-0.07,-0.45,0.091,-0.19,-0.027,0.673,0.06,-0.012,0.13,0.318,-0.38,-0.051,0.224,-0.235,-0.096,-0.17,-0.317,-0.29,0.388,-0.313,-0.18,0.09,0.553,-0.008,-0.004,-0.287,0.332,-0.388,0.554,0.586,0.252,-0.477,-0.247,-0.32,0.335,0.24,0.04,-0.157,0.317,-0.245,0.223,-0.435,0.487,-0.157,-0.083,-0.059,0.027,-0.329,0.033,-0.209,0.716,0.671,0.245,0.644,0.008,-0.235,-0.245,0.261,-0.414,-0.306,0.149,-0.164,0.586,-0.125,-0.141,-0.085,0.502,-0.156,-0.055,-0.063,-0.085,-0.061,-0.125,-0.203,-0.034,0.663,0.196,0.105,-0.211,0.12,-0.201,-0.284,-0.127,-0.035,0.177,-0.057,-0.239,0.505,0.013,0.616,0.63,0.462,-0.095,-0.207,-0.432,0.019,-0.368,-0.351,0.509,0.214,-0.011
AOSL,0.978,0.521,0.971,-0.333,-0.796,-0.867,-0.724,0.91,0.801,0.952,-0.219,0.0,0.781,0.752,0.679,0.877,0.504,0.761,0.929,0.615,0.88,0.43,0.922,0.747,0.103,0.908,0.501,0.591,0.46,0.392,0.57,0.829,-0.89,0.167,0.939,0.804,0.963,0.936,0.798,0.616,0.547,0.743,0.984,-0.218,0.172,0.934,0.791,0.819,-0.617,0.484,-0.76,-0.852,0.915,0.509,0.934,0.946,0.098,0.76,0.134,0.93,0.738,0.837,0.847,0.937,0.567,-0.023,0.523,0.842,-0.727,0.932,0.232,0.94,0.604,-0.475,0.442,0.143,0.647,-0.045,0.957,0.708,-0.005,0.268,0.904,0.928,0.85,0.514,0.867,0.644,0.694,-0.692,0.924,0.859,0.77,0.87,0.307,0.608,0.756,0.838,-0.369,0.669,0.735,0.851,0.875,0.947,-0.443,0.564,0.617,0.169,-0.18,0.703,0.62,0.801,0.958,0.888,0.76,0.883,0.916,0.183,0.966,0.976,0.743,-0.421,0.697,0.87,0.848,0.591,0.731,0.293,-0.733,0.728,0.666,0.857,0.623,0.73,0.751,0.81,0.951,-0.395,0.731,-0.238,0.936,-0.653,0.878,0.943,0.926,0.937,0.896,0.796,0.954,-0.32,-0.225,0.08,-0.731,0.926,0.518,0.984,0.737,0.238,0.975,0.317,0.671,-0.397,0.919,-0.037,0.919,-0.365,0.954,0.869,0.351,0.889,0.879,0.022,0.951,0.801,-0.703,0.771,0.859,0.889,0.825,0.967,0.814,0.928,0.858,0.492,0.671,0.796,-0.387,0.272,-0.547,-0.479,0.31,0.936,0.719,0.9,0.882,0.706,0.576,-0.125,0.333,0.923
APDN,0.755,0.59,0.728,-0.24,-0.636,-0.697,-0.399,0.727,0.601,0.718,-0.137,0.781,0.0,0.501,0.596,0.752,0.244,0.66,0.728,0.562,0.753,0.538,0.673,0.634,-0.063,0.673,0.406,0.485,0.194,0.495,0.31,0.507,-0.686,0.403,0.734,0.76,0.769,0.788,0.652,0.432,0.376,0.671,0.791,-0.006,0.398,0.818,0.583,0.526,-0.621,0.266,-0.551,-0.592,0.705,0.51,0.783,0.739,0.294,0.744,0.028,0.725,0.701,0.582,0.75,0.794,0.422,-0.144,0.591,0.783,-0.431,0.723,0.467,0.696,0.44,-0.255,0.406,0.195,0.549,-0.058,0.834,0.664,0.103,0.225,0.625,0.839,0.666,0.622,0.77,0.472,0.526,-0.544,0.777,0.633,0.704,0.779,0.381,0.404,0.712,0.745,-0.21,0.764,0.621,0.701,0.881,0.776,-0.486,0.536,0.363,0.345,0.075,0.419,0.418,0.559,0.83,0.734,0.467,0.699,0.801,0.282,0.777,0.759,0.441,-0.199,0.703,0.727,0.767,0.38,0.645,0.233,-0.601,0.704,0.568,0.763,0.643,0.581,0.527,0.491,0.704,-0.233,0.627,-0.169,0.762,-0.375,0.701,0.701,0.8,0.725,0.799,0.574,0.802,-0.114,-0.185,-0.119,-0.635,0.66,0.484,0.783,0.66,0.317,0.778,0.437,0.583,-0.344,0.784,0.132,0.774,-0.411,0.771,0.707,0.471,0.739,0.634,0.191,0.753,0.476,-0.531,0.552,0.614,0.795,0.611,0.784,0.745,0.742,0.604,0.518,0.626,0.778,-0.456,0.347,-0.473,-0.396,0.103,0.718,0.478,0.703,0.799,0.674,0.552,-0.225,0.475,0.674
APLT,0.739,0.217,0.7,-0.122,-0.623,-0.552,-0.617,0.721,0.775,0.724,-0.375,0.752,0.501,0.0,0.371,0.685,0.781,0.332,0.714,0.666,0.698,0.449,0.705,0.598,0.096,0.634,0.395,0.207,0.209,0.293,0.343,0.666,-0.739,-0.02,0.605,0.503,0.709,0.723,0.448,0.285,0.359,0.742,0.756,-0.075,-0.111,0.777,0.587,0.736,-0.389,0.214,-0.715,-0.662,0.596,0.585,0.652,0.79,0.126,0.412,-0.081,0.764,0.483,0.478,0.549,0.747,0.789,-0.018,0.386,0.522,-0.575,0.719,0.102,0.721,0.276,-0.547,0.492,0.041,0.64,-0.07,0.727,0.667,-0.154,0.276,0.688,0.601,0.617,0.235,0.688,0.47,0.356,-0.484,0.737,0.888,0.437,0.557,0.378,0.446,0.617,0.727,-0.309,0.406,0.587,0.554,0.659,0.673,-0.573,0.28,0.703,-0.147,-0.357,0.671,0.299,0.467,0.719,0.627,0.626,0.845,0.746,-0.005,0.789,0.756,0.542,-0.59,0.46,0.463,0.562,0.276,0.566,0.19,-0.698,0.395,0.777,0.715,0.582,0.335,0.47,0.659,0.734,-0.266,0.742,-0.205,0.769,-0.553,0.715,0.776,0.606,0.659,0.76,0.568,0.722,-0.449,-0.365,0.058,-0.773,0.653,0.544,0.794,0.391,0.251,0.812,0.161,0.571,-0.408,0.584,0.056,0.592,-0.321,0.731,0.502,0.354,0.575,0.777,0.255,0.651,0.591,-0.745,0.405,0.53,0.701,0.535,0.745,0.696,0.767,0.624,0.43,0.409,0.509,-0.392,0.326,-0.511,-0.417,0.081,0.621,0.478,0.833,0.582,0.696,0.692,-0.361,0.254,0.672
APVO,0.689,0.249,0.713,-0.205,-0.695,-0.771,-0.53,0.703,0.317,0.574,-0.101,0.679,0.596,0.371,0.0,0.707,0.147,0.649,0.764,0.377,0.73,0.053,0.684,0.783,-0.209,0.756,0.287,0.312,0.445,0.309,0.284,0.637,-0.742,0.114,0.674,0.608,0.712,0.708,0.645,0.321,0.104,0.409,0.718,-0.288,0.141,0.621,0.401,0.485,-0.739,0.684,-0.628,-0.692,0.712,0.003,0.692,0.69,-0.082,0.52,-0.119,0.682,0.306,0.599,0.523,0.651,0.026,-0.042,0.364,0.537,-0.547,0.726,-0.002,0.532,0.409,-0.356,0.278,-0.061,0.501,-0.329,0.568,0.415,0.035,0.036,0.646,0.608,0.499,0.549,0.576,0.194,0.684,-0.682,0.629,0.464,0.663,0.79,0.066,0.369,0.625,0.518,-0.499,0.434,0.531,0.58,0.612,0.708,-0.259,0.496,0.354,0.143,-0.106,0.427,0.77,0.6,0.662,0.557,0.533,0.564,0.605,-0.121,0.673,0.625,0.488,-0.254,0.37,0.746,0.681,0.281,0.597,-0.026,-0.569,0.528,0.329,0.579,0.21,0.506,0.399,0.491,0.631,-0.254,0.337,-0.308,0.568,-0.503,0.42,0.593,0.734,0.706,0.57,0.488,0.664,-0.37,-0.287,-0.171,-0.477,0.59,-0.029,0.649,0.522,0.094,0.651,0.321,0.603,-0.357,0.7,-0.079,0.699,-0.593,0.679,0.642,-0.037,0.688,0.455,-0.35,0.734,0.666,-0.541,0.546,0.649,0.702,0.502,0.698,0.354,0.655,0.549,0.019,0.651,0.675,-0.216,-0.122,-0.612,-0.572,0.072,0.665,0.459,0.465,0.764,0.487,0.309,0.066,0.127,0.587
ARGX,0.888,0.449,0.848,-0.417,-0.756,-0.794,-0.688,0.769,0.688,0.862,-0.148,0.877,0.752,0.685,0.707,0.0,0.519,0.706,0.841,0.494,0.778,0.365,0.89,0.683,0.248,0.874,0.345,0.535,0.528,0.2,0.614,0.816,-0.747,0.122,0.859,0.61,0.831,0.786,0.727,0.519,0.558,0.588,0.885,-0.304,0.012,0.802,0.818,0.839,-0.566,0.538,-0.722,-0.748,0.791,0.356,0.813,0.849,0.008,0.537,0.198,0.832,0.676,0.718,0.734,0.843,0.58,0.097,0.332,0.679,-0.744,0.888,0.141,0.845,0.611,-0.474,0.271,-0.0,0.547,-0.125,0.832,0.541,-0.174,0.381,0.846,0.844,0.846,0.59,0.709,0.613,0.663,-0.618,0.755,0.803,0.746,0.714,0.146,0.614,0.615,0.696,-0.366,0.493,0.602,0.747,0.81,0.905,-0.307,0.338,0.511,0.151,-0.306,0.739,0.473,0.758,0.851,0.865,0.795,0.847,0.749,0.091,0.904,0.86,0.758,-0.571,0.489,0.727,0.76,0.527,0.534,0.207,-0.62,0.673,0.577,0.703,0.413,0.651,0.723,0.802,0.883,-0.495,0.613,-0.232,0.851,-0.656,0.86,0.832,0.79,0.849,0.856,0.799,0.853,-0.267,-0.141,0.188,-0.578,0.848,0.335,0.893,0.536,0.037,0.862,0.193,0.515,-0.271,0.756,-0.177,0.778,-0.284,0.801,0.806,0.219,0.84,0.826,-0.03,0.876,0.682,-0.602,0.713,0.76,0.744,0.712,0.853,0.81,0.798,0.776,0.376,0.584,0.695,-0.305,0.086,-0.437,-0.536,0.362,0.808,0.636,0.842,0.802,0.569,0.485,-0.049,0.225,0.817
ARLP,0.506,-0.043,0.443,-0.061,-0.314,-0.207,-0.409,0.474,0.685,0.524,-0.35,0.504,0.244,0.781,0.147,0.519,0.0,0.074,0.448,0.483,0.475,0.443,0.488,0.381,0.246,0.385,0.329,0.02,0.152,0.088,0.262,0.557,-0.448,-0.235,0.328,0.217,0.453,0.451,0.265,0.116,0.299,0.582,0.496,0.141,-0.302,0.528,0.45,0.635,-0.065,0.008,-0.522,-0.442,0.309,0.572,0.33,0.536,0.063,0.117,-0.075,0.499,0.263,0.229,0.334,0.515,0.809,0.156,0.272,0.154,-0.394,0.48,-0.069,0.571,0.15,-0.511,0.419,-0.041,0.455,0.101,0.467,0.47,-0.258,0.393,0.472,0.301,0.406,0.032,0.511,0.424,0.129,-0.199,0.487,0.742,0.239,0.27,0.313,0.387,0.39,0.499,-0.104,0.128,0.343,0.394,0.397,0.429,-0.44,0.029,0.676,-0.187,-0.357,0.641,0.046,0.256,0.446,0.395,0.472,0.684,0.452,-0.036,0.57,0.49,0.42,-0.649,0.235,0.223,0.275,0.151,0.334,0.103,-0.464,0.176,0.598,0.502,0.461,0.155,0.318,0.548,0.557,-0.133,0.629,-0.096,0.525,-0.383,0.531,0.605,0.318,0.411,0.51,0.394,0.427,-0.43,-0.369,0.124,-0.576,0.462,0.418,0.559,0.144,0.168,0.592,0.099,0.427,-0.194,0.252,0.124,0.312,-0.121,0.446,0.19,0.364,0.275,0.662,0.313,0.379,0.425,-0.593,0.184,0.305,0.401,0.345,0.488,0.508,0.544,0.457,0.354,0.141,0.222,-0.25,0.377,-0.296,-0.223,0.06,0.361,0.407,0.671,0.302,0.528,0.556,-0.322,0.197,0.414
ATEX,0.762,0.663,0.786,-0.306,-0.608,-0.773,-0.58,0.579,0.436,0.789,0.171,0.761,0.66,0.332,0.649,0.706,0.074,0.0,0.692,0.202,0.614,0.258,0.733,0.46,0.176,0.744,0.414,0.751,0.497,0.225,0.611,0.6,-0.641,0.408,0.844,0.657,0.757,0.686,0.799,0.719,0.584,0.421,0.75,-0.322,0.323,0.645,0.663,0.558,-0.497,0.555,-0.427,-0.574,0.805,0.23,0.77,0.649,-0.098,0.648,0.417,0.644,0.635,0.777,0.737,0.661,0.164,0.115,0.402,0.767,-0.579,0.736,0.315,0.762,0.72,-0.195,0.176,0.178,0.289,-0.059,0.757,0.406,0.051,0.206,0.732,0.82,0.791,0.611,0.569,0.573,0.651,-0.546,0.617,0.457,0.747,0.712,0.017,0.611,0.475,0.481,-0.235,0.599,0.453,0.734,0.683,0.826,-0.039,0.43,0.31,0.29,-0.014,0.369,0.543,0.835,0.731,0.772,0.592,0.533,0.631,0.261,0.706,0.746,0.681,-0.133,0.571,0.752,0.726,0.72,0.426,0.362,-0.363,0.711,0.358,0.595,0.341,0.787,0.779,0.647,0.739,-0.403,0.418,-0.264,0.669,-0.496,0.707,0.683,0.816,0.826,0.662,0.731,0.781,0.084,0.195,0.236,-0.311,0.788,0.243,0.743,0.721,-0.044,0.686,0.272,0.403,-0.179,0.768,-0.262,0.769,-0.122,0.725,0.859,0.108,0.841,0.645,-0.166,0.778,0.598,-0.26,0.833,0.801,0.655,0.795,0.75,0.615,0.632,0.635,0.427,0.623,0.62,-0.14,0.106,-0.217,-0.298,0.533,0.788,0.441,0.576,0.751,0.34,0.153,0.094,0.291,0.799
ATRA,0.917,0.373,0.912,-0.27,-0.896,-0.89,-0.77,0.953,0.711,0.829,-0.32,0.929,0.728,0.714,0.764,0.841,0.448,0.692,0.0,0.686,0.909,0.228,0.904,0.885,-0.022,0.94,0.279,0.4,0.481,0.363,0.445,0.818,-0.942,0.12,0.884,0.737,0.889,0.886,0.67,0.399,0.3,0.638,0.958,-0.301,0.039,0.88,0.744,0.771,-0.736,0.625,-0.871,-0.898,0.877,0.357,0.923,0.973,0.059,0.666,-0.04,0.944,0.616,0.809,0.687,0.933,0.426,-0.2,0.409,0.742,-0.758,0.936,0.076,0.824,0.546,-0.597,0.368,-0.109,0.771,-0.335,0.866,0.594,-0.145,0.166,0.867,0.86,0.772,0.578,0.835,0.437,0.777,-0.808,0.864,0.805,0.766,0.859,0.233,0.501,0.76,0.852,-0.58,0.577,0.748,0.682,0.783,0.901,-0.46,0.513,0.539,0.164,-0.306,0.725,0.745,0.721,0.912,0.798,0.776,0.848,0.854,-0.071,0.945,0.9,0.678,-0.48,0.536,0.793,0.831,0.375,0.731,0.042,-0.76,0.681,0.626,0.784,0.504,0.57,0.599,0.728,0.878,-0.471,0.641,-0.22,0.884,-0.723,0.753,0.842,0.9,0.861,0.857,0.694,0.912,-0.455,-0.394,-0.005,-0.76,0.83,0.379,0.923,0.595,0.317,0.93,0.22,0.676,-0.566,0.881,-0.07,0.845,-0.534,0.89,0.823,0.243,0.866,0.759,-0.154,0.947,0.811,-0.771,0.688,0.824,0.844,0.669,0.915,0.711,0.848,0.767,0.264,0.772,0.833,-0.418,0.089,-0.716,-0.659,0.175,0.845,0.674,0.82,0.845,0.71,0.579,-0.155,0.139,0.831
AUTL,0.549,0.239,0.5,0.013,-0.667,-0.487,-0.372,0.796,0.686,0.432,-0.666,0.615,0.562,0.666,0.377,0.494,0.483,0.202,0.686,0.0,0.713,0.379,0.515,0.718,-0.363,0.539,0.131,-0.089,-0.087,0.592,-0.083,0.389,-0.712,0.048,0.427,0.559,0.556,0.665,0.167,-0.124,-0.118,0.705,0.639,0.161,0.081,0.756,0.403,0.402,-0.6,0.119,-0.729,-0.603,0.42,0.639,0.604,0.745,0.488,0.545,-0.491,0.746,0.512,0.316,0.391,0.773,0.527,-0.565,0.397,0.51,-0.327,0.561,0.256,0.456,-0.055,-0.544,0.537,-0.11,0.898,-0.235,0.653,0.633,-0.108,-0.125,0.434,0.553,0.377,0.175,0.735,0.03,0.338,-0.581,0.721,0.72,0.301,0.575,0.612,-0.024,0.772,0.922,-0.471,0.594,0.804,0.358,0.636,0.478,-0.838,0.445,0.365,0.164,-0.112,0.492,0.393,0.105,0.695,0.466,0.296,0.612,0.768,-0.096,0.686,0.599,0.097,-0.371,0.496,0.429,0.624,-0.146,0.764,-0.14,-0.871,0.295,0.667,0.726,0.724,0.061,0.067,0.22,0.49,-0.173,0.593,0.039,0.707,-0.404,0.461,0.544,0.525,0.403,0.626,0.169,0.643,-0.558,-0.723,-0.344,-0.905,0.356,0.652,0.621,0.308,0.768,0.717,0.28,0.612,-0.643,0.579,0.395,0.548,-0.671,0.65,0.363,0.521,0.436,0.464,0.189,0.566,0.381,-0.857,0.088,0.285,0.68,0.237,0.632,0.592,0.622,0.432,0.244,0.561,0.705,-0.694,0.381,-0.792,-0.577,-0.418,0.484,0.426,0.679,0.534,0.842,0.738,-0.565,0.231,0.364
AVDL,0.843,0.402,0.828,-0.093,-0.759,-0.771,-0.567,0.93,0.735,0.77,-0.311,0.88,0.753,0.698,0.73,0.778,0.475,0.614,0.909,0.713,0.0,0.445,0.771,0.859,-0.192,0.796,0.443,0.346,0.294,0.528,0.254,0.691,-0.886,0.203,0.759,0.811,0.866,0.91,0.649,0.326,0.218,0.787,0.903,-0.046,0.187,0.912,0.573,0.624,-0.722,0.44,-0.749,-0.806,0.788,0.46,0.855,0.913,0.22,0.713,-0.209,0.875,0.558,0.623,0.699,0.922,0.444,-0.215,0.603,0.743,-0.545,0.83,0.216,0.753,0.404,-0.5,0.617,0.073,0.727,-0.149,0.842,0.759,0.092,0.138,0.726,0.812,0.635,0.5,0.86,0.373,0.581,-0.667,0.904,0.784,0.766,0.906,0.447,0.419,0.87,0.855,-0.417,0.702,0.742,0.709,0.851,0.855,-0.584,0.621,0.628,0.255,-0.067,0.565,0.689,0.569,0.873,0.682,0.592,0.786,0.889,0.026,0.898,0.842,0.497,-0.347,0.658,0.787,0.807,0.254,0.837,0.089,-0.833,0.676,0.689,0.884,0.632,0.537,0.475,0.576,0.786,-0.2,0.736,-0.204,0.82,-0.513,0.649,0.826,0.889,0.807,0.786,0.533,0.859,-0.414,-0.498,-0.24,-0.808,0.722,0.456,0.882,0.642,0.4,0.909,0.458,0.819,-0.581,0.849,0.19,0.81,-0.615,0.884,0.675,0.405,0.722,0.704,0.002,0.85,0.719,-0.785,0.519,0.687,0.916,0.58,0.873,0.649,0.869,0.674,0.422,0.736,0.826,-0.516,0.265,-0.736,-0.528,-0.02,0.772,0.624,0.768,0.848,0.835,0.684,-0.301,0.408,0.725
BCRX,0.355,0.546,0.326,0.177,-0.076,-0.076,0.088,0.314,0.601,0.443,-0.031,0.43,0.538,0.449,0.053,0.365,0.443,0.258,0.228,0.379,0.445,0.0,0.19,0.126,-0.071,0.093,0.688,0.258,-0.301,0.481,-0.043,0.056,-0.256,0.397,0.224,0.518,0.443,0.552,0.345,0.293,0.353,0.814,0.388,0.505,0.448,0.615,0.18,0.186,-0.096,-0.421,-0.049,-0.163,0.227,0.797,0.317,0.313,0.503,0.495,-0.04,0.302,0.511,0.026,0.559,0.459,0.599,0.071,0.68,0.478,0.111,0.235,0.677,0.441,0.04,0.017,0.714,0.54,0.253,0.56,0.555,0.773,0.443,0.162,0.154,0.427,0.284,0.065,0.549,0.412,-0.236,0.153,0.561,0.506,0.291,0.397,0.782,0.253,0.591,0.466,0.321,0.692,0.345,0.553,0.665,0.391,-0.533,0.398,0.56,0.329,0.4,0.029,-0.123,0.102,0.458,0.319,-0.028,0.374,0.585,0.562,0.423,0.42,0.027,0.044,0.721,0.343,0.363,0.237,0.468,0.526,-0.463,0.357,0.566,0.713,0.765,0.324,0.235,0.167,0.318,0.365,0.688,-0.027,0.414,0.131,0.449,0.487,0.376,0.403,0.4,0.166,0.411,0.141,-0.119,-0.202,-0.484,0.276,0.728,0.473,0.508,0.313,0.479,0.644,0.551,-0.167,0.368,0.531,0.366,-0.124,0.493,0.147,0.776,0.169,0.508,0.63,0.213,0.086,-0.277,0.066,0.121,0.549,0.362,0.466,0.539,0.517,0.242,0.882,0.194,0.3,-0.445,0.76,-0.115,0.177,-0.097,0.339,0.295,0.509,0.433,0.636,0.545,-0.553,0.872,0.321
BHAT,0.949,0.383,0.917,-0.55,-0.867,-0.894,-0.867,0.828,0.664,0.903,-0.283,0.922,0.673,0.705,0.684,0.89,0.488,0.733,0.904,0.515,0.771,0.19,0.0,0.712,0.274,0.955,0.256,0.573,0.606,0.173,0.698,0.9,-0.861,0.011,0.939,0.59,0.883,0.784,0.781,0.583,0.557,0.513,0.925,-0.476,-0.079,0.793,0.877,0.896,-0.634,0.638,-0.841,-0.885,0.884,0.308,0.871,0.917,-0.118,0.574,0.227,0.901,0.651,0.88,0.744,0.861,0.536,0.022,0.273,0.7,-0.911,0.972,0.024,0.888,0.639,-0.609,0.142,-0.118,0.583,-0.246,0.863,0.441,-0.283,0.294,0.957,0.843,0.906,0.526,0.737,0.591,0.809,-0.768,0.767,0.801,0.693,0.737,0.035,0.599,0.549,0.72,-0.507,0.421,0.626,0.718,0.749,0.897,-0.318,0.324,0.435,0.004,-0.399,0.834,0.559,0.827,0.875,0.908,0.891,0.884,0.769,-0.02,0.929,0.912,0.842,-0.609,0.487,0.753,0.811,0.595,0.553,0.129,-0.609,0.618,0.599,0.656,0.408,0.658,0.78,0.869,0.949,-0.66,0.564,-0.272,0.914,-0.821,0.884,0.843,0.81,0.868,0.911,0.871,0.903,-0.402,-0.12,0.253,-0.621,0.908,0.327,0.929,0.535,0.05,0.895,0.042,0.439,-0.321,0.794,-0.308,0.835,-0.267,0.825,0.909,0.084,0.93,0.832,-0.108,0.949,0.776,-0.657,0.811,0.857,0.74,0.802,0.893,0.806,0.791,0.838,0.249,0.584,0.709,-0.235,0.017,-0.487,-0.638,0.414,0.886,0.696,0.88,0.751,0.505,0.41,0.016,0.033,0.884
BLBD,0.712,0.106,0.705,-0.139,-0.821,-0.71,-0.617,0.903,0.528,0.571,-0.48,0.747,0.634,0.598,0.783,0.683,0.381,0.46,0.885,0.718,0.859,0.126,0.712,0.0,-0.305,0.78,0.146,0.091,0.305,0.41,0.139,0.648,-0.85,0.083,0.641,0.623,0.699,0.783,0.454,0.066,-0.047,0.581,0.794,-0.169,-0.021,0.749,0.468,0.529,-0.783,0.573,-0.845,-0.83,0.659,0.241,0.732,0.859,0.094,0.551,-0.387,0.802,0.342,0.557,0.442,0.822,0.246,-0.369,0.347,0.497,-0.585,0.782,-0.056,0.555,0.234,-0.608,0.44,-0.249,0.783,-0.431,0.654,0.523,-0.122,0.068,0.647,0.639,0.501,0.49,0.754,0.095,0.68,-0.785,0.748,0.659,0.584,0.786,0.282,0.186,0.782,0.789,-0.696,0.502,0.717,0.472,0.65,0.691,-0.561,0.463,0.485,0.176,-0.268,0.592,0.762,0.436,0.737,0.517,0.59,0.7,0.724,-0.227,0.796,0.668,0.409,-0.441,0.356,0.662,0.717,0.037,0.76,-0.256,-0.776,0.47,0.553,0.692,0.433,0.279,0.249,0.452,0.664,-0.306,0.529,-0.256,0.719,-0.624,0.458,0.627,0.738,0.636,0.694,0.404,0.71,-0.647,-0.647,-0.29,-0.796,0.563,0.19,0.732,0.373,0.429,0.778,0.281,0.728,-0.664,0.728,0.112,0.676,-0.773,0.725,0.575,0.175,0.637,0.481,-0.153,0.771,0.649,-0.819,0.403,0.571,0.75,0.355,0.734,0.474,0.703,0.525,0.038,0.725,0.781,-0.513,-0.003,-0.872,-0.698,-0.147,0.621,0.512,0.659,0.722,0.727,0.607,-0.23,0.094,0.58
BMRN,0.175,0.035,0.164,-0.53,-0.005,-0.048,-0.389,-0.168,0.11,0.331,0.221,0.103,-0.063,0.096,-0.209,0.248,0.246,0.176,-0.022,-0.363,-0.192,-0.071,0.274,-0.305,0.0,0.16,-0.075,0.46,0.51,-0.616,0.775,0.335,0.145,-0.202,0.269,-0.281,0.046,-0.16,0.22,0.518,0.745,-0.261,0.066,-0.491,-0.409,-0.119,0.537,0.474,0.414,0.111,-0.008,-0.057,0.162,-0.091,0.006,-0.009,-0.479,-0.264,0.826,-0.019,0.276,0.338,0.112,-0.045,0.337,0.532,-0.392,-0.049,-0.458,0.162,-0.281,0.35,0.51,-0.137,-0.491,-0.116,-0.331,0.187,0.098,-0.321,-0.491,0.579,0.335,0.118,0.455,0.086,-0.143,0.608,0.185,0.09,-0.159,0.102,0.128,-0.259,-0.485,0.511,-0.459,-0.202,0.169,-0.37,-0.287,0.123,-0.106,0.146,0.502,-0.451,-0.018,-0.166,-0.449,0.38,-0.292,0.441,0.023,0.334,0.438,0.179,-0.166,0.135,0.07,0.141,0.614,-0.412,-0.176,-0.076,-0.089,0.628,-0.466,0.241,0.36,0.098,-0.107,-0.231,-0.268,0.315,0.614,0.558,0.313,-0.524,-0.009,-0.058,0.132,-0.341,0.456,0.166,-0.024,0.167,0.185,0.603,0.065,0.251,0.586,0.842,0.331,0.383,-0.019,0.141,-0.062,-0.638,0.024,-0.543,-0.475,0.342,-0.084,-0.666,-0.039,0.757,-0.074,0.281,-0.26,0.248,0.327,-0.001,0.133,0.118,0.293,0.485,0.31,-0.254,0.362,0.049,0.311,-0.06,0.243,0.092,-0.299,-0.287,0.494,-0.215,0.572,0.105,0.822,0.172,0.209,0.23,-0.161,-0.435,-0.389,0.311,-0.301,0.32
BNGO,0.931,0.39,0.923,-0.461,-0.875,-0.944,-0.836,0.869,0.625,0.854,-0.227,0.908,0.673,0.634,0.756,0.874,0.385,0.744,0.94,0.539,0.796,0.093,0.955,0.78,0.16,0.0,0.238,0.551,0.642,0.236,0.647,0.893,-0.878,0.003,0.935,0.649,0.879,0.791,0.749,0.537,0.445,0.466,0.932,-0.451,-0.015,0.779,0.824,0.844,-0.688,0.749,-0.83,-0.878,0.911,0.233,0.907,0.923,-0.078,0.599,0.154,0.922,0.62,0.883,0.707,0.853,0.389,-0.037,0.268,0.722,-0.865,0.944,0.004,0.846,0.632,-0.579,0.161,-0.103,0.629,-0.309,0.824,0.431,-0.246,0.245,0.95,0.852,0.836,0.578,0.716,0.505,0.873,-0.835,0.767,0.76,0.74,0.791,0.019,0.582,0.612,0.736,-0.548,0.441,0.687,0.707,0.716,0.892,-0.265,0.435,0.401,0.06,-0.356,0.795,0.71,0.824,0.888,0.879,0.852,0.831,0.769,-0.074,0.904,0.894,0.8,-0.519,0.476,0.798,0.829,0.534,0.613,0.097,-0.633,0.671,0.515,0.659,0.365,0.666,0.729,0.813,0.923,-0.617,0.473,-0.211,0.863,-0.766,0.8,0.834,0.851,0.867,0.866,0.814,0.909,-0.412,-0.194,0.163,-0.602,0.883,0.278,0.892,0.577,0.132,0.88,0.085,0.497,-0.361,0.84,-0.282,0.86,-0.363,0.838,0.904,0.048,0.942,0.774,-0.252,0.969,0.84,-0.671,0.8,0.875,0.756,0.749,0.891,0.718,0.792,0.85,0.155,0.665,0.771,-0.256,-0.032,-0.557,-0.656,0.359,0.898,0.669,0.792,0.806,0.527,0.403,0.071,0.008,0.854
BUSE,0.486,0.532,0.501,0.19,0.005,-0.277,0.025,0.334,0.498,0.537,0.309,0.501,0.406,0.395,0.287,0.345,0.329,0.414,0.279,0.131,0.443,0.688,0.256,0.146,-0.075,0.238,0.0,0.489,0.057,0.51,0.167,0.286,-0.324,0.172,0.366,0.657,0.584,0.586,0.609,0.58,0.447,0.666,0.452,0.405,0.551,0.551,0.091,0.272,-0.108,-0.073,0.033,-0.179,0.456,0.525,0.426,0.31,0.314,0.551,0.105,0.336,0.362,0.241,0.665,0.354,0.326,0.408,0.729,0.577,0.039,0.269,0.5,0.513,0.282,0.2,0.712,0.784,0.115,0.599,0.484,0.746,0.628,0.201,0.342,0.425,0.224,0.062,0.448,0.523,0.012,0.03,0.582,0.457,0.422,0.571,0.508,0.535,0.545,0.288,0.414,0.567,0.284,0.772,0.563,0.486,-0.192,0.647,0.655,0.112,0.452,0.063,0.239,0.4,0.473,0.377,0.086,0.39,0.569,0.537,0.388,0.501,0.252,0.221,0.725,0.582,0.353,0.47,0.496,0.715,-0.319,0.499,0.382,0.655,0.55,0.619,0.433,0.357,0.442,0.434,0.497,-0.051,0.307,0.162,0.354,0.646,0.514,0.563,0.315,0.302,0.453,0.147,0.049,-0.163,-0.28,0.465,0.466,0.47,0.772,0.137,0.492,0.7,0.64,0.123,0.481,0.402,0.561,-0.078,0.609,0.273,0.462,0.289,0.537,0.262,0.336,0.473,-0.206,0.316,0.388,0.606,0.55,0.518,0.274,0.646,0.499,0.703,0.224,0.311,-0.104,0.631,-0.036,0.304,0.125,0.52,0.344,0.34,0.589,0.497,0.407,-0.009,0.813,0.455
CAKE,0.623,0.612,0.641,-0.468,-0.289,-0.601,-0.407,0.339,0.391,0.719,0.344,0.591,0.485,0.207,0.312,0.535,0.02,0.751,0.4,-0.089,0.346,0.258,0.573,0.091,0.46,0.551,0.489,0.0,0.58,0.125,0.74,0.528,-0.325,0.135,0.723,0.511,0.628,0.454,0.8,0.901,0.812,0.22,0.568,-0.309,0.329,0.419,0.597,0.534,-0.199,0.367,-0.137,-0.367,0.721,0.154,0.572,0.42,-0.146,0.537,0.631,0.423,0.554,0.649,0.735,0.408,0.216,0.354,0.299,0.672,-0.481,0.534,0.291,0.667,0.699,0.014,-0.007,0.434,-0.024,0.305,0.574,0.264,0.132,0.398,0.659,0.665,0.688,0.388,0.335,0.724,0.479,-0.304,0.447,0.358,0.611,0.485,-0.1,0.657,0.211,0.232,0.111,0.366,0.25,0.708,0.526,0.621,0.217,0.364,0.176,0.072,0.148,0.3,0.267,0.78,0.568,0.713,0.52,0.384,0.439,0.457,0.488,0.617,0.679,-0.003,0.572,0.651,0.568,0.858,0.243,0.603,-0.097,0.656,0.163,0.377,0.22,0.892,0.83,0.645,0.64,-0.327,0.233,-0.188,0.494,-0.26,0.668,0.603,0.596,0.672,0.514,0.739,0.605,0.229,0.484,0.33,-0.007,0.732,0.255,0.563,0.661,-0.263,0.485,0.211,0.143,0.234,0.6,-0.354,0.632,0.229,0.521,0.755,0.038,0.681,0.601,-0.085,0.606,0.522,-0.02,0.78,0.686,0.451,0.78,0.554,0.514,0.49,0.674,0.42,0.248,0.363,0.108,0.126,0.133,-0.018,0.673,0.723,0.429,0.427,0.532,0.072,0.02,0.332,0.283,0.68
CASY,0.528,0.019,0.546,-0.515,-0.399,-0.601,-0.639,0.369,0.269,0.54,0.109,0.46,0.194,0.209,0.445,0.528,0.152,0.497,0.481,-0.087,0.294,-0.301,0.606,0.305,0.51,0.642,0.057,0.58,0.0,-0.222,0.741,0.76,-0.362,-0.345,0.627,0.208,0.464,0.232,0.56,0.573,0.511,-0.125,0.465,-0.582,-0.252,0.186,0.611,0.637,-0.233,0.793,-0.375,-0.525,0.62,-0.271,0.417,0.427,-0.504,0.158,0.411,0.418,0.161,0.641,0.343,0.335,0.046,0.24,-0.146,0.289,-0.704,0.526,-0.4,0.506,0.711,-0.33,-0.223,-0.14,0.066,-0.129,0.289,-0.112,-0.315,0.536,0.679,0.4,0.56,0.385,0.146,0.471,0.753,-0.493,0.244,0.282,0.61,0.326,-0.532,0.57,0.04,0.139,-0.315,-0.149,0.142,0.444,0.201,0.491,0.408,0.136,0.135,-0.177,-0.382,0.595,0.49,0.715,0.382,0.529,0.714,0.393,0.161,-0.151,0.421,0.469,0.759,-0.394,0.041,0.491,0.412,0.555,0.125,0.065,-0.05,0.458,-0.002,0.108,-0.211,0.638,0.655,0.681,0.584,-0.581,0.047,-0.223,0.371,-0.526,0.448,0.482,0.486,0.502,0.4,0.698,0.443,-0.175,0.167,0.35,0.073,0.65,-0.23,0.423,0.257,-0.365,0.383,-0.18,0.032,0.076,0.394,-0.616,0.413,0.105,0.316,0.647,-0.374,0.589,0.41,-0.554,0.595,0.677,-0.171,0.689,0.662,0.209,0.484,0.378,0.231,0.313,0.632,-0.146,0.148,0.267,0.216,-0.368,-0.073,-0.352,0.613,0.557,0.519,0.297,0.317,-0.137,-0.127,0.509,-0.291,0.504
CCOI,0.355,0.424,0.333,0.253,-0.173,-0.333,0.151,0.514,0.395,0.234,-0.152,0.392,0.495,0.293,0.309,0.2,0.088,0.225,0.363,0.592,0.528,0.481,0.173,0.41,-0.616,0.236,0.51,0.125,-0.222,0.0,-0.305,0.119,-0.422,0.128,0.227,0.732,0.463,0.563,0.331,0.057,-0.168,0.603,0.403,0.496,0.654,0.594,-0.032,0.068,-0.486,-0.02,-0.174,-0.241,0.347,0.534,0.471,0.41,0.744,0.666,-0.473,0.439,0.283,0.11,0.528,0.441,0.157,-0.282,0.741,0.563,0.121,0.236,0.638,0.231,-0.06,0.054,0.651,0.463,0.546,0.166,0.442,0.681,0.556,-0.183,0.188,0.384,0.06,0.154,0.602,0.006,0.096,-0.28,0.611,0.434,0.293,0.622,0.723,-0.0,0.706,0.568,0.023,0.722,0.591,0.481,0.593,0.318,-0.601,0.797,0.304,0.246,0.575,0.036,0.416,0.025,0.481,0.25,-0.094,0.288,0.649,0.252,0.385,0.404,-0.156,0.35,0.749,0.505,0.533,-0.094,0.732,0.247,-0.573,0.398,0.379,0.63,0.714,0.275,-0.039,-0.05,0.229,0.36,0.35,0.227,0.332,0.226,0.126,0.409,0.439,0.285,0.326,-0.081,0.438,-0.209,-0.381,-0.635,-0.555,0.181,0.551,0.356,0.59,0.761,0.455,0.775,0.647,-0.192,0.533,0.644,0.568,-0.586,0.555,0.211,0.621,0.234,0.271,0.248,0.338,0.318,-0.48,-0.016,0.169,0.65,0.226,0.441,0.249,0.549,0.367,0.357,0.5,0.612,-0.485,0.606,-0.52,-0.086,-0.485,0.405,0.252,0.265,0.561,0.714,0.658,-0.219,0.607,0.149
CEVA,0.634,0.315,0.63,-0.644,-0.424,-0.565,-0.698,0.299,0.337,0.73,0.169,0.57,0.31,0.343,0.284,0.614,0.262,0.611,0.445,-0.083,0.254,-0.043,0.698,0.139,0.775,0.647,0.167,0.74,0.741,-0.305,0.0,0.714,-0.339,-0.055,0.74,0.197,0.527,0.305,0.629,0.785,0.864,0.016,0.534,-0.615,-0.206,0.299,0.795,0.737,-0.061,0.538,-0.372,-0.46,0.633,-0.0,0.503,0.441,-0.449,0.193,0.773,0.464,0.532,0.771,0.493,0.383,0.351,0.45,-0.096,0.423,-0.771,0.598,-0.164,0.726,0.783,-0.291,-0.291,-0.005,-0.039,0.024,0.504,0.004,-0.371,0.54,0.759,0.573,0.775,0.397,0.236,0.763,0.634,-0.387,0.271,0.404,0.52,0.265,-0.423,0.74,-0.039,0.173,-0.097,0.009,0.127,0.531,0.3,0.6,0.336,-0.032,0.163,-0.053,-0.433,0.643,0.201,0.839,0.469,0.719,0.759,0.53,0.279,0.116,0.502,0.579,0.911,-0.478,0.162,0.441,0.375,0.84,-0.032,0.305,-0.006,0.488,0.134,0.162,-0.046,0.669,0.915,0.863,0.735,-0.674,0.185,-0.158,0.52,-0.614,0.737,0.566,0.478,0.633,0.576,0.91,0.531,0.089,0.448,0.735,0.01,0.786,0.05,0.558,0.355,-0.471,0.457,-0.311,-0.101,0.151,0.397,-0.651,0.492,0.429,0.413,0.736,-0.223,0.714,0.632,-0.195,0.617,0.546,-0.037,0.872,0.744,0.238,0.719,0.508,0.547,0.403,0.661,0.185,0.108,0.206,0.278,-0.188,0.213,-0.167,0.876,0.637,0.475,0.531,0.365,-0.103,-0.137,0.394,-0.186,0.741
