,AAPL,ACRS,ADP,AFYA,AGNC,AGYS,ALT,AMGN,AMPH,AMZN,ANIP,AOSL,APDN,APLT,APVO,ARGX,ARLP,ATEX,ATRA,AUTL,AVDL,BCRX,BHAT,BLBD,BMRN,BNGO,BUSE,CAKE,CASY,CCOI,CEVA,CHY,CLDX,CLMT,COHU,COLM,COST,CPRT,CSWC,CSX,DBX,DCOM,DKNG,DMLP,DOX,EA,EDIT,ENPH,ENSG,ERNA,ESGR,ETNB,EXTR,FANG,FARO,FATE,FGEN,FIVE,FIVN,FLGT,FOLD,FORM,FOXA,FRPT,FSLR,FTAI,GBDC,GDYN,GGAL,GNLN,GRFS,GT,HCAT,HCM,HFWA,HOLX,HQY,HUBG,IAC,ICLR,IDCC,IEP,IHRT,ILMN,ILPT,IMAB,IMOS,INMD,INTZ,JAZZ,JKHY,JRVR,KIDS,LBRDK,LGND,LMAT,LPLA,LULU,MASI,MAT,MATW,MBIN,MBIO,MCRB,MDB,MDLZ,MELI,MIRM,MLKN,MNMD,MNRO,MPWR,MRCY,MRSN,MTVA,NAAS,NDAQ,NDSN,NEGG,NOVT,NVDA,NWE,NWSA,NXST,OCX,ODFL,OMAB,OPCH,OPRA,ORGO,OTRK,OZK,PAGP,PCH,PEGA,PENG,PENN,PFBC,PGNY,PHAT,PHUN,PINC,PLUG,PLXS,PYPL,QLYS,QNCX,QQQX,QVCGA,RAPT,RBBN,RCKT,REPL,RMBS,ROAD,ROKU,ROP,RUSHA,SANM,SATS,SBCF,SBLK,SBUX,SCHL,SCSC,SDGR,SEIC,SFIX,SGRY,SKYW,SLP,SNES,STAA,STLD,STOK,SWKS,TER,TFIN,TIGO,TILE,TPIC,TTEC,TTEK,TTGT,UXIN,VERU,VLYPP,VNOM,VRNS,VRSN,WDAY,WERN,WINA,WKHS,WRLD,XP,XTKG,YY,ZION,ZM
AAPL,0.0,0.767,0.883,-0.13,0.656,0.76,0.784,0.701,0.836,0.804,0.427,0.68,0.768,0.559,0.835,0.687,-0.42,0.869,0.877,0.795,0.809,0.753,0.831,0.885,0.415,0.875,0.81,-0.117,0.629,0.906,-0.021,0.667,0.824,-0.679,-0.169,0.694,0.873,0.894,0.346,0.418,0.791,0.615,0.793,-0.413,0.888,0.394,0.823,0.631,0.746,0.841,0.865,0.795,0.759,0.594,0.719,0.846,0.809,0.81,0.38,0.826,0.877,-0.259,0.862,0.639,0.757,0.677,0.7,0.416,0.899,0.885,-0.157,0.128,0.867,0.779,0.026,0.81,0.778,-0.585,0.897,0.901,0.817,0.147,0.829,0.89,0.782,0.716,0.783,0.889,0.032,0.625,0.803,0.664,0.822,0.812,0.878,0.849,0.702,0.764,0.869,-0.616,0.613,0.846,0.853,0.836,0.864,-0.255,0.834,0.548,0.8,0.821,0.226,0.023,0.83,0.702,0.769,-0.472,0.879,0.709,0.566,0.743,0.921,0.717,0.812,0.909,0.751,-0.552,0.784,0.355,-0.07,0.926,0.78,0.408,0.661,-0.544,0.627,0.446,0.382,0.74,0.88,0.784,0.761,0.117,0.861,-0.342,0.822,0.695,0.761,0.908,0.571,0.849,-0.411,0.888,0.751,0.642,0.514,0.79,0.498,-0.577,-0.432,0.784,0.302,-0.051,0.883,0.854,-0.162,0.883,0.818,0.316,0.498,0.319,0.793,0.596,0.776,0.339,0.836,0.78,0.415,0.827,0.852,0.11,0.663,0.779,0.885,0.856,0.77,-0.075,0.158,0.679,0.684,0.764,0.875,-0.628,0.805,0.821,0.441,0.805,0.185,0.021,0.897,0.811
ACRS,0.767,0.0,0.705,-0.415,0.468,0.618,0.717,0.91,0.867,0.922,0.674,0.501,0.943,0.437,0.779,0.781,-0.658,0.897,0.817,0.802,0.893,0.676,0.901,0.917,0.127,0.821,0.826,-0.01,0.732,0.845,-0.456,0.837,0.882,-0.78,-0.603,0.842,0.9,0.709,0.279,0.237,0.793,0.734,0.729,-0.715,0.907,0.518,0.714,0.478,0.809,0.856,0.841,0.865,0.917,0.339,0.916,0.938,0.805,0.885,0.154,0.646,0.897,-0.641,0.934,0.837,0.618,0.839,0.664,0.226,0.856,0.831,-0.355,-0.014,0.932,0.848,0.02,0.623,0.915,-0.829,0.879,0.742,0.622,-0.027,0.921,0.874,0.919,0.431,0.667,0.854,-0.282,0.787,0.899,0.548,0.762,0.94,0.862,0.79,0.812,0.83,0.786,-0.845,0.375,0.9,0.8,0.829,0.872,-0.375,0.762,0.781,0.695,0.714,0.274,-0.209,0.813,0.796,0.95,-0.296,0.916,0.469,0.401,0.438,0.811,0.725,0.802,0.891,0.657,-0.753,0.76,0.005,-0.513,0.754,0.764,0.455,0.473,-0.758,0.443,0.422,0.256,0.804,0.853,0.748,0.707,0.047,0.87,-0.729,0.697,0.766,0.719,0.88,0.509,0.914,-0.675,0.929,0.778,0.441,0.635,0.658,0.304,-0.811,-0.665,0.874,0.142,-0.095,0.705,0.847,-0.274,0.849,0.697,0.041,0.345,0.429,0.872,0.626,0.539,0.402,0.836,0.733,0.248,0.738,0.965,-0.185,0.514,0.879,0.886,0.862,0.77,0.234,-0.116,0.541,0.845,0.899,0.789,-0.817,0.888,0.737,0.481,0.855,0.063,-0.31,0.869,0.64
ADP,0.883,0.705,0.0,-0.004,0.452,0.577,0.757,0.718,0.806,0.836,0.375,0.556,0.781,0.655,0.759,0.546,-0.497,0.836,0.802,0.773,0.727,0.713,0.714,0.806,0.416,0.803,0.768,-0.181,0.631,0.859,-0.132,0.581,0.849,-0.55,-0.319,0.758,0.886,0.888,0.237,0.296,0.673,0.654,0.663,-0.403,0.85,0.474,0.748,0.545,0.81,0.818,0.727,0.809,0.641,0.361,0.756,0.848,0.812,0.731,0.16,0.762,0.877,-0.429,0.757,0.668,0.594,0.725,0.635,0.247,0.822,0.754,-0.256,0.0,0.829,0.837,-0.027,0.631,0.73,-0.674,0.872,0.757,0.607,-0.067,0.714,0.861,0.817,0.659,0.624,0.879,-0.089,0.699,0.79,0.718,0.844,0.796,0.825,0.837,0.555,0.652,0.766,-0.641,0.489,0.83,0.856,0.823,0.848,-0.296,0.875,0.619,0.712,0.714,0.154,-0.197,0.729,0.58,0.69,-0.418,0.834,0.711,0.668,0.741,0.813,0.694,0.767,0.814,0.696,-0.569,0.774,0.096,-0.151,0.82,0.704,0.399,0.466,-0.562,0.443,0.203,0.335,0.632,0.896,0.692,0.818,0.063,0.791,-0.457,0.75,0.666,0.789,0.873,0.612,0.844,-0.531,0.829,0.767,0.421,0.353,0.572,0.751,-0.579,-0.526,0.704,0.174,-0.197,0.745,0.808,-0.261,0.81,0.832,0.167,0.347,0.198,0.737,0.591,0.722,0.339,0.816,0.746,0.402,0.71,0.778,-0.089,0.528,0.762,0.892,0.807,0.793,-0.043,-0.011,0.443,0.661,0.84,0.866,-0.666,0.665,0.79,0.241,0.809,0.049,-0.195,0.751,0.669
AFYA,-0.13,-0.415,-0.004,0.0,-0.189,0.018,-0.05,-0.47,-0.327,-0.308,-0.316,0.2,-0.402,0.349,0.024,-0.384,0.284,-0.247,-0.163,-0.175,-0.344,-0.109,-0.371,-0.293,0.327,-0.122,-0.24,-0.146,-0.278,-0.264,0.523,-0.388,-0.143,0.38,0.474,-0.248,-0.202,0.022,-0.115,-0.091,-0.21,-0.418,-0.069,0.337,-0.316,-0.312,-0.19,0.129,-0.08,-0.23,-0.195,-0.34,-0.471,-0.096,-0.435,-0.279,-0.215,-0.323,0.201,0.047,-0.203,0.462,-0.346,-0.293,-0.085,-0.395,-0.391,-0.133,-0.105,-0.263,0.067,0.184,-0.317,-0.186,-0.306,-0.048,-0.317,0.347,-0.19,-0.07,-0.123,0.035,-0.269,-0.104,-0.342,0.092,-0.197,-0.149,0.348,-0.081,-0.286,0.104,-0.152,-0.407,-0.163,-0.156,-0.298,-0.189,-0.218,0.394,-0.137,-0.298,-0.081,-0.167,-0.166,-0.025,-0.025,-0.425,-0.107,-0.144,0.022,0.208,-0.16,-0.304,-0.41,-0.111,-0.261,0.206,0.291,0.272,-0.049,-0.358,-0.075,-0.281,-0.008,0.389,-0.205,0.212,0.476,-0.095,-0.168,-0.223,-0.223,0.341,0.089,-0.191,0.26,-0.285,-0.08,0.036,-0.02,-0.072,-0.139,0.553,0.02,-0.259,-0.022,-0.181,0.291,-0.222,0.54,-0.268,-0.056,0.112,-0.218,-0.105,0.284,0.469,0.423,-0.328,0.028,0.176,-0.115,-0.146,0.048,-0.23,0.062,0.204,-0.037,-0.336,-0.272,0.131,0.045,-0.154,-0.282,0.011,0.051,-0.042,-0.355,0.172,-0.205,-0.26,-0.131,-0.11,-0.186,-0.464,0.329,-0.09,-0.342,-0.321,-0.048,0.266,-0.27,-0.082,-0.181,-0.167,0.118,0.267,-0.207,0.012
AGNC,0.656,0.468,0.452,-0.189,0.0,0.505,0.688,0.308,0.581,0.324,-0.137,0.332,0.399,0.415,0.528,0.728,0.018,0.47,0.772,0.689,0.479,0.654,0.511,0.428,0.526,0.722,0.431,-0.534,0.069,0.718,-0.057,0.156,0.464,-0.557,0.184,0.106,0.369,0.562,0.008,0.091,0.449,0.08,0.768,-0.097,0.471,-0.105,0.793,0.776,0.24,0.637,0.71,0.592,0.446,0.853,0.386,0.415,0.613,0.335,0.524,0.384,0.461,0.012,0.531,0.031,0.804,0.173,0.56,0.671,0.64,0.79,0.172,-0.053,0.545,0.257,-0.146,0.81,0.291,-0.156,0.592,0.745,0.806,0.324,0.466,0.515,0.314,0.518,0.773,0.629,0.458,0.027,0.31,0.132,0.399,0.499,0.624,0.401,0.338,0.308,0.797,-0.232,0.449,0.36,0.524,0.6,0.419,-0.394,0.495,0.447,0.253,0.83,-0.272,0.363,0.718,0.691,0.457,-0.755,0.601,0.166,0.367,0.34,0.714,0.336,0.294,0.672,0.791,-0.547,0.463,0.233,0.193,0.757,0.759,0.02,0.606,-0.44,0.347,0.213,-0.02,0.311,0.454,0.629,0.477,-0.083,0.581,-0.121,0.72,0.163,0.631,0.536,0.26,0.508,-0.259,0.587,0.268,0.593,0.22,0.852,-0.021,-0.393,-0.265,0.319,0.207,0.053,0.755,0.523,-0.329,0.697,0.439,0.605,0.334,-0.225,0.269,0.05,0.694,-0.261,0.64,0.329,-0.027,0.722,0.572,0.316,0.866,0.216,0.381,0.525,0.469,-0.346,0.319,0.811,0.173,0.283,0.499,-0.276,0.533,0.703,0.17,0.41,0.128,0.264,0.63,0.719
AGYS,0.76,0.618,0.577,0.018,0.505,0.0,0.714,0.412,0.712,0.574,0.4,0.832,0.551,0.421,0.686,0.46,-0.208,0.672,0.695,0.645,0.662,0.707,0.637,0.692,0.482,0.79,0.553,0.152,0.41,0.638,0.163,0.57,0.655,-0.555,-0.079,0.538,0.63,0.687,0.058,0.284,0.821,0.264,0.825,-0.454,0.618,0.183,0.699,0.643,0.542,0.687,0.723,0.491,0.552,0.474,0.457,0.668,0.685,0.731,0.696,0.723,0.671,-0.066,0.715,0.526,0.764,0.432,0.446,0.168,0.7,0.762,-0.413,0.272,0.687,0.556,-0.22,0.654,0.658,-0.4,0.741,0.75,0.66,0.11,0.752,0.745,0.505,0.627,0.535,0.691,0.271,0.436,0.607,0.503,0.681,0.563,0.785,0.699,0.721,0.81,0.615,-0.448,0.338,0.587,0.654,0.708,0.769,-0.406,0.696,0.344,0.652,0.739,0.253,0.125,0.655,0.705,0.565,-0.417,0.706,0.505,0.519,0.713,0.797,0.286,0.778,0.718,0.638,-0.395,0.644,0.495,0.133,0.799,0.681,0.169,0.51,-0.426,0.806,0.375,0.547,0.553,0.686,0.833,0.704,-0.149,0.771,-0.107,0.765,0.727,0.617,0.643,0.697,0.674,-0.038,0.724,0.576,0.618,0.566,0.792,0.288,-0.381,-0.169,0.684,0.141,0.054,0.66,0.788,-0.167,0.751,0.617,0.538,0.469,0.282,0.72,0.638,0.494,0.238,0.672,0.788,0.27,0.742,0.697,0.068,0.492,0.697,0.69,0.825,0.653,0.05,0.242,0.587,0.624,0.478,0.776,-0.575,0.622,0.697,0.612,0.663,0.536,0.395,0.747,0.884
ALT,0.784,0.717,0.757,-0.05,0.688,0.714,0.0,0.553,0.89,0.705,0.123,0.487,0.748,0.689,0.78,0.651,-0.439,0.757,0.933,0.944,0.759,0.833,0.689,0.683,0.597,0.941,0.568,-0.335,0.247,0.853,-0.271,0.405,0.793,-0.826,-0.302,0.518,0.711,0.857,-0.18,-0.095,0.72,0.291,0.894,-0.525,0.695,0.15,0.935,0.751,0.632,0.94,0.828,0.844,0.61,0.435,0.684,0.773,0.945,0.638,0.53,0.627,0.837,-0.413,0.729,0.513,0.775,0.569,0.489,0.356,0.852,0.901,-0.327,-0.218,0.868,0.708,-0.415,0.721,0.609,-0.647,0.92,0.839,0.618,-0.153,0.713,0.851,0.681,0.645,0.644,0.923,0.21,0.437,0.668,0.521,0.74,0.783,0.933,0.644,0.514,0.608,0.84,-0.683,0.37,0.661,0.882,0.958,0.842,-0.701,0.908,0.622,0.458,0.911,-0.166,-0.2,0.783,0.731,0.705,-0.793,0.902,0.412,0.812,0.626,0.908,0.393,0.615,0.819,0.905,-0.807,0.624,0.061,0.021,0.881,0.929,-0.03,0.342,-0.79,0.625,-0.013,0.16,0.418,0.829,0.875,0.897,-0.363,0.836,-0.479,0.971,0.561,0.963,0.779,0.639,0.877,-0.505,0.868,0.656,0.372,0.252,0.83,0.516,-0.729,-0.635,0.565,-0.097,-0.339,0.717,0.823,-0.598,0.941,0.673,0.459,0.121,-0.105,0.638,0.543,0.638,-0.119,0.944,0.784,-0.021,0.793,0.783,-0.216,0.74,0.655,0.782,0.909,0.892,-0.131,0.231,0.512,0.622,0.646,0.906,-0.775,0.597,0.959,0.179,0.86,0.124,0.029,0.772,0.855
AMGN,0.701,0.91,0.718,-0.47,0.308,0.412,0.553,0.0,0.791,0.912,0.726,0.318,0.918,0.375,0.679,0.73,-0.727,0.855,0.692,0.692,0.835,0.539,0.866,0.88,-0.057,0.668,0.832,0.021,0.803,0.773,-0.507,0.822,0.838,-0.67,-0.655,0.843,0.904,0.65,0.396,0.332,0.646,0.853,0.51,-0.654,0.897,0.6,0.577,0.268,0.857,0.756,0.721,0.845,0.902,0.224,0.948,0.891,0.697,0.823,-0.108,0.59,0.856,-0.734,0.862,0.841,0.421,0.878,0.646,0.23,0.752,0.681,-0.247,-0.078,0.863,0.855,0.196,0.534,0.876,-0.84,0.785,0.624,0.505,-0.041,0.816,0.791,0.948,0.338,0.589,0.779,-0.485,0.831,0.888,0.573,0.734,0.92,0.739,0.745,0.713,0.709,0.706,-0.842,0.384,0.906,0.753,0.718,0.78,-0.169,0.677,0.813,0.682,0.531,0.321,-0.325,0.707,0.647,0.906,-0.131,0.821,0.496,0.274,0.382,0.667,0.835,0.727,0.798,0.503,-0.679,0.723,-0.081,-0.623,0.619,0.622,0.564,0.429,-0.695,0.257,0.402,0.151,0.805,0.815,0.545,0.584,0.205,0.75,-0.787,0.512,0.694,0.613,0.855,0.347,0.847,-0.792,0.846,0.779,0.3,0.522,0.447,0.368,-0.786,-0.69,0.824,0.185,-0.152,0.61,0.754,-0.166,0.726,0.644,-0.189,0.334,0.524,0.813,0.543,0.514,0.503,0.744,0.622,0.322,0.606,0.885,-0.193,0.394,0.826,0.853,0.715,0.7,0.288,-0.219,0.386,0.811,0.926,0.675,-0.732,0.788,0.597,0.351,0.796,-0.094,-0.52,0.763,0.434
AMPH,0.836,0.867,0.806,-0.327,0.581,0.712,0.89,0.791,0.0,0.862,0.427,0.478,0.904,0.544,0.762,0.708,-0.571,0.882,0.897,0.927,0.906,0.803,0.854,0.849,0.392,0.914,0.716,-0.136,0.517,0.894,-0.399,0.654,0.889,-0.836,-0.529,0.725,0.864,0.83,0.005,0.118,0.803,0.559,0.802,-0.624,0.861,0.363,0.881,0.577,0.773,0.968,0.839,0.903,0.781,0.386,0.845,0.911,0.96,0.827,0.345,0.643,0.93,-0.612,0.882,0.741,0.708,0.79,0.641,0.274,0.864,0.91,-0.429,-0.174,0.966,0.847,-0.22,0.686,0.806,-0.811,0.954,0.824,0.621,-0.156,0.838,0.904,0.852,0.585,0.637,0.928,-0.061,0.63,0.842,0.615,0.821,0.92,0.95,0.782,0.697,0.748,0.829,-0.84,0.409,0.832,0.898,0.955,0.925,-0.552,0.874,0.781,0.618,0.844,0.04,-0.338,0.791,0.81,0.849,-0.537,0.952,0.441,0.624,0.575,0.861,0.601,0.753,0.886,0.806,-0.831,0.755,0.08,-0.245,0.857,0.864,0.171,0.453,-0.819,0.576,0.148,0.159,0.611,0.879,0.808,0.865,-0.2,0.862,-0.662,0.853,0.761,0.883,0.861,0.56,0.946,-0.649,0.942,0.742,0.316,0.441,0.731,0.512,-0.836,-0.714,0.788,-0.043,-0.308,0.696,0.924,-0.462,0.946,0.681,0.207,0.25,0.219,0.813,0.603,0.588,0.173,0.969,0.799,0.071,0.751,0.906,-0.254,0.646,0.829,0.883,0.917,0.936,0.149,0.009,0.482,0.819,0.821,0.913,-0.86,0.707,0.877,0.318,0.922,0.191,-0.123,0.831,0.772
AMZN,0.804,0.922,0.836,-0.308,0.324,0.574,0.705,0.912,0.862,0.0,0.691,0.482,0.961,0.471,0.761,0.646,-0.706,0.944,0.768,0.764,0.886,0.65,0.871,0.935,0.113,0.764,0.823,0.033,0.781,0.827,-0.422,0.843,0.883,-0.714,-0.649,0.937,0.966,0.76,0.321,0.279,0.793,0.837,0.631,-0.645,0.925,0.581,0.661,0.392,0.892,0.85,0.763,0.87,0.85,0.208,0.905,0.957,0.807,0.902,0.01,0.691,0.936,-0.68,0.893,0.915,0.503,0.937,0.658,0.173,0.856,0.763,-0.39,-0.054,0.932,0.951,0.006,0.52,0.926,-0.906,0.897,0.705,0.53,-0.086,0.882,0.884,0.972,0.447,0.6,0.861,-0.391,0.866,0.954,0.693,0.798,0.95,0.842,0.843,0.771,0.824,0.734,-0.878,0.36,0.963,0.845,0.834,0.921,-0.313,0.844,0.744,0.752,0.629,0.284,-0.364,0.746,0.656,0.895,-0.227,0.914,0.578,0.485,0.514,0.795,0.777,0.824,0.847,0.582,-0.689,0.778,0.013,-0.49,0.714,0.703,0.48,0.427,-0.733,0.398,0.355,0.283,0.785,0.899,0.681,0.765,0.043,0.845,-0.731,0.681,0.808,0.732,0.903,0.528,0.925,-0.711,0.907,0.825,0.35,0.524,0.517,0.553,-0.784,-0.691,0.876,0.089,-0.18,0.641,0.854,-0.234,0.813,0.775,-0.072,0.3,0.446,0.894,0.708,0.508,0.485,0.833,0.804,0.33,0.679,0.904,-0.288,0.409,0.926,0.948,0.863,0.801,0.243,-0.152,0.397,0.893,0.985,0.858,-0.851,0.814,0.709,0.379,0.908,0.012,-0.416,0.828,0.579
ANIP,0.427,0.674,0.375,-0.316,-0.137,0.4,0.123,0.726,0.427,0.691,0.0,0.424,0.615,0.058,0.461,0.352,-0.563,0.632,0.261,0.236,0.609,0.176,0.674,0.737,-0.333,0.293,0.661,0.547,0.854,0.355,-0.19,0.882,0.551,-0.33,-0.551,0.791,0.694,0.305,0.562,0.56,0.526,0.772,0.188,-0.562,0.659,0.601,0.093,-0.093,0.692,0.345,0.438,0.372,0.686,-0.024,0.604,0.63,0.272,0.768,-0.142,0.505,0.555,-0.458,0.66,0.83,0.112,0.715,0.374,-0.102,0.44,0.313,-0.314,0.27,0.537,0.648,0.35,0.222,0.815,-0.6,0.425,0.344,0.238,0.059,0.691,0.524,0.687,0.192,0.258,0.367,-0.558,0.804,0.751,0.553,0.483,0.578,0.393,0.607,0.74,0.725,0.283,-0.576,0.228,0.716,0.396,0.323,0.559,0.157,0.329,0.405,0.678,0.1,0.769,-0.199,0.363,0.375,0.655,0.368,0.458,0.497,-0.058,0.272,0.347,0.634,0.696,0.486,0.048,-0.198,0.534,0.162,-0.614,0.278,0.217,0.665,0.349,-0.292,0.249,0.627,0.414,0.797,0.529,0.322,0.252,0.366,0.477,-0.461,0.128,0.71,0.147,0.558,0.272,0.508,-0.336,0.522,0.623,0.305,0.628,0.136,0.16,-0.386,-0.256,0.771,0.303,0.163,0.267,0.528,0.247,0.341,0.44,-0.356,0.484,0.873,0.734,0.58,0.147,0.796,0.304,0.539,0.487,0.307,0.597,-0.116,-0.096,0.751,0.626,0.458,0.323,0.457,-0.283,0.203,0.721,0.676,0.404,-0.504,0.634,0.15,0.603,0.522,0.132,-0.348,0.545,0.178
AOSL,0.68,0.501,0.556,0.2,0.332,0.832,0.487,0.318,0.478,0.482,0.424,0.0,0.402,0.334,0.59,0.309,-0.1,0.551,0.516,0.42,0.497,0.491,0.506,0.616,0.387,0.628,0.562,0.194,0.514,0.495,0.34,0.579,0.527,-0.29,0.08,0.554,0.574,0.604,0.285,0.448,0.684,0.324,0.666,-0.339,0.568,0.273,0.469,0.562,0.469,0.462,0.584,0.318,0.441,0.431,0.33,0.559,0.452,0.664,0.561,0.731,0.531,0.106,0.625,0.469,0.68,0.302,0.373,-0.057,0.594,0.56,-0.406,0.575,0.513,0.456,-0.007,0.532,0.611,-0.24,0.583,0.606,0.597,0.141,0.693,0.663,0.408,0.579,0.468,0.537,0.237,0.447,0.514,0.469,0.595,0.396,0.587,0.7,0.677,0.775,0.462,-0.235,0.301,0.533,0.491,0.485,0.646,-0.147,0.551,0.124,0.715,0.543,0.446,0.309,0.56,0.478,0.432,-0.194,0.538,0.659,0.43,0.724,0.66,0.32,0.831,0.619,0.459,-0.12,0.615,0.507,0.124,0.69,0.448,0.386,0.538,-0.123,0.717,0.528,0.755,0.606,0.588,0.709,0.564,0.111,0.693,0.07,0.579,0.69,0.392,0.572,0.795,0.506,0.166,0.564,0.498,0.711,0.667,0.637,0.314,-0.121,0.075,0.655,0.325,0.25,0.645,0.613,0.069,0.561,0.682,0.475,0.59,0.36,0.647,0.595,0.487,0.456,0.442,0.668,0.533,0.651,0.567,0.217,0.297,0.642,0.619,0.67,0.433,-0.005,0.053,0.576,0.495,0.421,0.639,-0.371,0.607,0.5,0.718,0.482,0.419,0.394,0.661,0.716
APDN,0.768,0.943,0.781,-0.402,0.399,0.551,0.748,0.918,0.904,0.961,0.615,0.402,0.0,0.469,0.747,0.711,-0.706,0.914,0.806,0.819,0.894,0.696,0.871,0.899,0.155,0.8,0.778,-0.062,0.693,0.848,-0.512,0.788,0.884,-0.784,-0.671,0.864,0.923,0.74,0.215,0.176,0.764,0.765,0.667,-0.657,0.9,0.51,0.724,0.432,0.861,0.892,0.778,0.918,0.861,0.244,0.938,0.947,0.85,0.857,0.049,0.612,0.933,-0.722,0.892,0.868,0.554,0.899,0.653,0.225,0.85,0.802,-0.387,-0.144,0.95,0.918,-0.057,0.555,0.881,-0.915,0.908,0.715,0.533,-0.126,0.861,0.874,0.958,0.418,0.619,0.88,-0.357,0.795,0.913,0.613,0.776,0.97,0.863,0.785,0.734,0.775,0.768,-0.903,0.343,0.92,0.85,0.865,0.897,-0.419,0.824,0.83,0.668,0.682,0.164,-0.397,0.765,0.704,0.917,-0.325,0.931,0.456,0.483,0.445,0.791,0.742,0.76,0.863,0.641,-0.79,0.748,-0.049,-0.505,0.725,0.749,0.372,0.404,-0.811,0.386,0.289,0.157,0.72,0.875,0.683,0.774,-0.026,0.843,-0.8,0.704,0.753,0.776,0.882,0.477,0.938,-0.773,0.923,0.795,0.286,0.482,0.558,0.478,-0.864,-0.774,0.836,0.024,-0.238,0.647,0.857,-0.347,0.847,0.693,-0.035,0.237,0.374,0.849,0.659,0.517,0.364,0.882,0.745,0.195,0.685,0.92,-0.302,0.502,0.874,0.912,0.853,0.84,0.247,-0.142,0.41,0.877,0.947,0.836,-0.872,0.789,0.754,0.313,0.906,-0.027,-0.399,0.818,0.59
APLT,0.559,0.437,0.655,0.349,0.415,0.421,0.689,0.375,0.544,0.471,0.058,0.334,0.469,0.0,0.751,0.445,-0.525,0.462,0.71,0.728,0.486,0.563,0.443,0.419,0.646,0.681,0.405,-0.384,0.21,0.649,-0.082,0.104,0.71,-0.489,-0.17,0.319,0.543,0.752,-0.137,-0.14,0.285,0.118,0.536,-0.37,0.489,0.25,0.644,0.448,0.587,0.651,0.621,0.613,0.394,0.204,0.537,0.552,0.659,0.288,0.27,0.5,0.658,-0.277,0.471,0.288,0.378,0.35,0.115,0.23,0.577,0.543,-0.051,-0.27,0.557,0.536,-0.207,0.619,0.327,-0.442,0.636,0.634,0.324,-0.258,0.397,0.693,0.519,0.589,0.457,0.71,0.089,0.395,0.464,0.567,0.583,0.479,0.651,0.402,0.107,0.255,0.605,-0.476,0.519,0.445,0.744,0.701,0.533,-0.503,0.636,0.415,0.265,0.611,0.001,-0.128,0.523,0.433,0.451,-0.647,0.59,0.554,0.783,0.564,0.657,0.32,0.461,0.576,0.725,-0.569,0.303,-0.142,0.115,0.622,0.684,0.021,0.06,-0.562,0.301,-0.136,0.075,0.247,0.691,0.71,0.582,-0.17,0.487,-0.296,0.682,0.197,0.792,0.656,0.583,0.671,-0.356,0.602,0.715,0.304,-0.0,0.514,0.552,-0.499,-0.438,0.262,0.08,-0.331,0.533,0.566,-0.591,0.636,0.473,0.221,-0.005,-0.132,0.353,0.406,0.664,-0.143,0.633,0.564,0.026,0.484,0.486,-0.108,0.441,0.373,0.613,0.618,0.614,-0.493,0.27,0.277,0.234,0.456,0.594,-0.5,0.389,0.759,-0.035,0.607,0.009,-0.171,0.479,0.559
APVO,0.835,0.779,0.759,0.024,0.528,0.686,0.78,0.679,0.762,0.761,0.461,0.59,0.747,0.751,0.0,0.732,-0.623,0.812,0.877,0.826,0.788,0.704,0.802,0.808,0.389,0.864,0.75,-0.12,0.556,0.848,-0.057,0.605,0.874,-0.749,-0.262,0.636,0.829,0.865,0.198,0.208,0.622,0.471,0.744,-0.567,0.813,0.39,0.766,0.536,0.79,0.814,0.894,0.786,0.797,0.417,0.769,0.832,0.776,0.707,0.339,0.799,0.889,-0.306,0.816,0.632,0.609,0.631,0.377,0.342,0.846,0.817,-0.107,-0.015,0.836,0.75,-0.033,0.819,0.74,-0.641,0.845,0.868,0.654,-0.032,0.798,0.907,0.793,0.727,0.717,0.886,-0.036,0.681,0.795,0.659,0.811,0.767,0.873,0.741,0.578,0.673,0.831,-0.678,0.623,0.777,0.894,0.85,0.803,-0.379,0.787,0.56,0.635,0.75,0.298,-0.047,0.792,0.628,0.808,-0.529,0.835,0.704,0.621,0.704,0.886,0.624,0.751,0.868,0.758,-0.626,0.629,0.145,-0.162,0.841,0.823,0.314,0.426,-0.661,0.573,0.337,0.322,0.683,0.907,0.83,0.697,0.051,0.801,-0.418,0.79,0.559,0.808,0.884,0.591,0.876,-0.443,0.892,0.893,0.584,0.402,0.747,0.43,-0.648,-0.499,0.663,0.285,-0.155,0.768,0.804,-0.331,0.86,0.719,0.241,0.36,0.293,0.758,0.643,0.755,0.188,0.795,0.795,0.316,0.77,0.8,-0.01,0.552,0.734,0.875,0.851,0.768,-0.254,0.259,0.554,0.604,0.717,0.802,-0.677,0.767,0.833,0.344,0.832,0.068,-0.137,0.845,0.707
ARGX,0.687,0.781,0.546,-0.384,0.728,0.46,0.651,0.73,0.708,0.646,0.352,0.309,0.711,0.445,0.732,0.0,-0.485,0.701,0.823,0.771,0.717,0.614,0.78,0.692,0.189,0.751,0.711,-0.291,0.5,0.825,-0.322,0.527,0.726,-0.733,-0.24,0.469,0.664,0.661,0.245,0.184,0.521,0.491,0.689,-0.492,0.734,0.278,0.744,0.532,0.594,0.73,0.838,0.819,0.828,0.595,0.772,0.699,0.665,0.585,0.182,0.552,0.709,-0.372,0.779,0.434,0.627,0.526,0.573,0.625,0.736,0.798,0.138,-0.089,0.757,0.553,0.129,0.799,0.636,-0.537,0.724,0.773,0.742,0.189,0.715,0.713,0.695,0.469,0.836,0.766,-0.071,0.476,0.654,0.247,0.602,0.789,0.747,0.592,0.544,0.514,0.88,-0.603,0.535,0.673,0.714,0.708,0.59,-0.285,0.589,0.761,0.475,0.703,0.069,0.085,0.819,0.71,0.801,-0.521,0.76,0.376,0.261,0.367,0.753,0.665,0.516,0.83,0.724,-0.696,0.544,0.002,-0.323,0.737,0.791,0.365,0.522,-0.657,0.286,0.415,0.042,0.653,0.682,0.621,0.48,0.148,0.716,-0.535,0.634,0.386,0.66,0.774,0.262,0.743,-0.61,0.8,0.623,0.547,0.394,0.75,0.043,-0.708,-0.571,0.575,0.348,-0.066,0.759,0.632,-0.29,0.776,0.549,0.25,0.35,0.219,0.548,0.316,0.742,0.038,0.734,0.49,0.184,0.766,0.765,0.165,0.726,0.519,0.654,0.653,0.587,-0.127,0.096,0.654,0.491,0.63,0.574,-0.485,0.753,0.706,0.218,0.652,-0.104,-0.184,0.785,0.576
ARLP,-0.42,-0.658,-0.497,0.284,0.018,-0.208,-0.439,-0.727,-0.571,-0.706,-0.563,-0.1,-0.706,-0.525,-0.623,-0.485,0.0,-0.555,-0.509,-0.585,-0.618,-0.311,-0.596,-0.583,-0.025,-0.46,-0.487,-0.13,-0.552,-0.549,0.502,-0.513,-0.708,0.639,0.744,-0.627,-0.67,-0.575,-0.094,0.062,-0.332,-0.573,-0.224,0.773,-0.63,-0.711,-0.397,0.126,-0.695,-0.57,-0.497,-0.681,-0.716,0.267,-0.794,-0.704,-0.567,-0.521,0.192,-0.451,-0.729,0.72,-0.598,-0.705,0.006,-0.735,-0.119,0.026,-0.44,-0.393,0.2,0.325,-0.65,-0.71,-0.18,-0.269,-0.601,0.785,-0.585,-0.376,-0.038,0.5,-0.529,-0.651,-0.795,-0.291,-0.262,-0.6,0.634,-0.678,-0.718,-0.553,-0.63,-0.666,-0.562,-0.462,-0.283,-0.385,-0.43,0.838,-0.484,-0.66,-0.669,-0.619,-0.588,0.227,-0.519,-0.541,-0.405,-0.28,-0.283,0.581,-0.346,-0.302,-0.683,0.114,-0.593,-0.487,-0.424,-0.306,-0.425,-0.558,-0.517,-0.541,-0.326,0.61,-0.241,0.386,0.485,-0.363,-0.468,-0.315,0.124,0.7,-0.186,-0.008,-0.042,-0.478,-0.669,-0.44,-0.405,-0.033,-0.403,0.768,-0.35,-0.468,-0.538,-0.663,-0.313,-0.721,0.731,-0.634,-0.822,0.034,-0.174,-0.195,-0.422,0.783,0.721,-0.514,-0.001,0.591,-0.285,-0.484,0.352,-0.537,-0.32,0.358,0.117,-0.445,-0.626,-0.499,-0.301,-0.241,-0.595,-0.578,-0.136,-0.237,-0.56,0.457,-0.117,-0.652,-0.691,-0.562,-0.609,-0.107,0.132,0.103,-0.601,-0.718,-0.499,0.664,-0.459,-0.516,-0.093,-0.7,0.234,0.647,-0.451,-0.179
ATEX,0.869,0.897,0.836,-0.247,0.47,0.672,0.757,0.855,0.882,0.944,0.632,0.551,0.914,0.462,0.812,0.701,-0.555,0.0,0.826,0.788,0.901,0.736,0.905,0.959,0.165,0.825,0.842,-0.018,0.723,0.869,-0.293,0.821,0.87,-0.727,-0.475,0.857,0.957,0.78,0.333,0.365,0.823,0.776,0.727,-0.545,0.917,0.41,0.728,0.531,0.875,0.878,0.834,0.854,0.828,0.4,0.839,0.931,0.822,0.914,0.177,0.745,0.927,-0.531,0.908,0.845,0.636,0.877,0.703,0.319,0.921,0.848,-0.314,0.001,0.941,0.908,-0.069,0.665,0.918,-0.802,0.909,0.817,0.689,0.084,0.907,0.895,0.911,0.567,0.705,0.88,-0.201,0.806,0.928,0.667,0.782,0.942,0.886,0.856,0.828,0.852,0.82,-0.798,0.387,0.942,0.863,0.853,0.925,-0.337,0.857,0.717,0.763,0.717,0.274,-0.222,0.842,0.717,0.884,-0.324,0.923,0.574,0.46,0.583,0.873,0.778,0.818,0.889,0.658,-0.664,0.85,0.199,-0.383,0.799,0.762,0.43,0.576,-0.703,0.504,0.449,0.298,0.807,0.907,0.732,0.791,0.039,0.904,-0.599,0.752,0.783,0.758,0.898,0.504,0.91,-0.608,0.935,0.785,0.474,0.531,0.647,0.487,-0.721,-0.612,0.871,0.18,-0.051,0.717,0.899,-0.204,0.859,0.818,0.074,0.433,0.411,0.883,0.716,0.597,0.416,0.845,0.818,0.322,0.785,0.916,-0.145,0.518,0.884,0.936,0.879,0.813,0.144,-0.009,0.554,0.866,0.91,0.893,-0.803,0.839,0.741,0.397,0.906,0.093,-0.225,0.904,0.68
ATRA,0.877,0.817,0.802,-0.163,0.772,0.695,0.933,0.692,0.897,0.768,0.261,0.516,0.806,0.71,0.877,0.823,-0.509,0.826,0.0,0.954,0.82,0.835,0.804,0.782,0.521,0.969,0.718,-0.336,0.437,0.956,-0.245,0.512,0.872,-0.83,-0.27,0.576,0.797,0.894,0.038,0.079,0.707,0.434,0.888,-0.539,0.815,0.284,0.953,0.73,0.701,0.942,0.927,0.906,0.769,0.569,0.802,0.844,0.924,0.693,0.423,0.71,0.892,-0.404,0.836,0.544,0.788,0.618,0.587,0.479,0.9,0.954,-0.148,-0.146,0.907,0.727,-0.161,0.854,0.693,-0.648,0.936,0.907,0.762,-0.007,0.789,0.904,0.773,0.681,0.798,0.964,0.107,0.524,0.745,0.522,0.801,0.855,0.953,0.722,0.577,0.642,0.952,-0.698,0.549,0.759,0.913,0.946,0.832,-0.549,0.869,0.709,0.557,0.931,-0.026,-0.057,0.885,0.788,0.811,-0.731,0.931,0.518,0.682,0.632,0.951,0.594,0.684,0.931,0.922,-0.809,0.682,0.061,-0.1,0.939,0.953,0.195,0.495,-0.777,0.542,0.203,0.164,0.594,0.883,0.872,0.813,-0.12,0.87,-0.515,0.919,0.552,0.932,0.888,0.59,0.915,-0.568,0.937,0.751,0.532,0.365,0.876,0.404,-0.756,-0.629,0.651,0.142,-0.223,0.854,0.845,-0.505,0.972,0.72,0.402,0.277,0.053,0.69,0.509,0.798,0.006,0.944,0.744,0.136,0.855,0.871,-0.032,0.797,0.682,0.836,0.896,0.846,-0.197,0.186,0.651,0.61,0.726,0.861,-0.716,0.759,0.955,0.256,0.845,0.063,-0.061,0.864,0.837
AUTL,0.795,0.802,0.773,-0.175,0.689,0.645,0.944,0.692,0.927,0.764,0.236,0.42,0.819,0.728,0.826,0.771,-0.585,0.788,0.954,0.0,0.816,0.835,0.77,0.736,0.532,0.948,0.644,-0.337,0.367,0.91,-0.374,0.463,0.888,-0.841,-0.418,0.566,0.776,0.869,-0.106,-0.048,0.682,0.396,0.838,-0.588,0.776,0.305,0.944,0.646,0.712,0.965,0.853,0.923,0.741,0.414,0.808,0.849,0.964,0.66,0.397,0.612,0.899,-0.53,0.811,0.568,0.707,0.659,0.516,0.372,0.844,0.906,-0.264,-0.266,0.911,0.762,-0.265,0.757,0.656,-0.719,0.934,0.839,0.611,-0.205,0.746,0.896,0.783,0.625,0.689,0.952,0.03,0.526,0.742,0.545,0.775,0.85,0.943,0.664,0.51,0.596,0.874,-0.781,0.478,0.72,0.922,0.972,0.84,-0.64,0.864,0.742,0.487,0.895,-0.099,-0.249,0.809,0.791,0.799,-0.724,0.923,0.429,0.726,0.573,0.889,0.518,0.647,0.874,0.906,-0.864,0.633,-0.03,-0.112,0.872,0.93,0.073,0.34,-0.85,0.524,0.032,0.094,0.486,0.866,0.859,0.837,-0.249,0.813,-0.608,0.907,0.564,0.96,0.852,0.574,0.934,-0.649,0.916,0.76,0.347,0.322,0.799,0.48,-0.833,-0.726,0.626,-0.037,-0.391,0.729,0.845,-0.592,0.956,0.633,0.31,0.134,0.015,0.687,0.524,0.688,-0.051,0.968,0.742,-0.002,0.757,0.842,-0.197,0.741,0.685,0.82,0.89,0.906,-0.11,0.135,0.495,0.644,0.728,0.865,-0.789,0.657,0.964,0.172,0.887,0.065,-0.124,0.781,0.794
AVDL,0.809,0.893,0.727,-0.344,0.479,0.662,0.759,0.835,0.906,0.886,0.609,0.497,0.894,0.486,0.788,0.717,-0.618,0.901,0.82,0.816,0.0,0.666,0.957,0.91,0.178,0.816,0.793,-0.041,0.646,0.845,-0.386,0.777,0.851,-0.818,-0.554,0.784,0.903,0.758,0.205,0.269,0.757,0.675,0.702,-0.606,0.9,0.409,0.728,0.46,0.814,0.883,0.868,0.849,0.854,0.375,0.848,0.891,0.823,0.874,0.224,0.64,0.907,-0.595,0.923,0.811,0.627,0.819,0.594,0.266,0.868,0.836,-0.373,-0.103,0.94,0.855,-0.076,0.687,0.879,-0.823,0.891,0.83,0.62,-0.067,0.891,0.893,0.888,0.558,0.659,0.856,-0.161,0.717,0.901,0.668,0.737,0.917,0.867,0.766,0.768,0.798,0.796,-0.846,0.449,0.898,0.844,0.859,0.882,-0.407,0.778,0.698,0.676,0.712,0.269,-0.296,0.795,0.719,0.912,-0.375,0.914,0.525,0.478,0.492,0.824,0.747,0.79,0.892,0.707,-0.762,0.762,0.128,-0.376,0.772,0.776,0.322,0.548,-0.737,0.527,0.363,0.161,0.751,0.854,0.752,0.73,-0.057,0.839,-0.66,0.751,0.745,0.763,0.88,0.48,0.911,-0.616,0.92,0.772,0.382,0.505,0.658,0.421,-0.796,-0.672,0.845,0.117,-0.13,0.673,0.897,-0.323,0.86,0.694,0.048,0.347,0.415,0.832,0.637,0.56,0.34,0.86,0.79,0.155,0.718,0.902,-0.198,0.505,0.856,0.893,0.863,0.822,0.14,-0.022,0.531,0.838,0.838,0.843,-0.839,0.809,0.752,0.408,0.898,0.128,-0.222,0.877,0.654
BCRX,0.753,0.676,0.713,-0.109,0.654,0.707,0.833,0.539,0.803,0.65,0.176,0.491,0.696,0.563,0.704,0.614,-0.311,0.736,0.835,0.835,0.666,0.0,0.599,0.653,0.538,0.883,0.519,-0.272,0.329,0.799,-0.09,0.385,0.773,-0.616,-0.238,0.479,0.659,0.701,-0.103,0.002,0.71,0.306,0.791,-0.354,0.633,0.185,0.891,0.724,0.569,0.849,0.689,0.738,0.574,0.441,0.627,0.76,0.857,0.57,0.432,0.575,0.768,-0.312,0.66,0.456,0.711,0.543,0.558,0.359,0.739,0.837,-0.275,-0.161,0.761,0.64,-0.347,0.637,0.53,-0.543,0.815,0.707,0.655,-0.065,0.601,0.738,0.62,0.558,0.667,0.825,0.112,0.456,0.602,0.392,0.69,0.702,0.864,0.61,0.498,0.597,0.758,-0.582,0.346,0.574,0.788,0.845,0.769,-0.616,0.759,0.66,0.485,0.891,-0.172,-0.063,0.765,0.773,0.622,-0.607,0.796,0.29,0.582,0.535,0.824,0.37,0.573,0.758,0.775,-0.678,0.67,0.119,-0.006,0.792,0.798,0.012,0.368,-0.686,0.508,0.121,0.183,0.366,0.74,0.743,0.796,-0.266,0.754,-0.404,0.802,0.519,0.831,0.683,0.541,0.773,-0.453,0.801,0.604,0.396,0.357,0.733,0.393,-0.624,-0.524,0.548,-0.052,-0.196,0.701,0.783,-0.43,0.839,0.557,0.383,0.164,-0.048,0.634,0.528,0.604,-0.031,0.84,0.619,0.039,0.737,0.751,-0.103,0.67,0.591,0.694,0.802,0.789,-0.066,0.168,0.53,0.559,0.606,0.791,-0.672,0.564,0.868,0.151,0.721,0.227,0.078,0.652,0.823
BHAT,0.831,0.901,0.714,-0.371,0.511,0.637,0.689,0.866,0.854,0.871,0.674,0.506,0.871,0.443,0.802,0.78,-0.596,0.905,0.804,0.77,0.957,0.599,0.0,0.941,0.096,0.784,0.876,-0.026,0.721,0.851,-0.355,0.826,0.833,-0.797,-0.485,0.783,0.911,0.752,0.365,0.419,0.728,0.726,0.682,-0.605,0.938,0.413,0.677,0.437,0.84,0.832,0.901,0.835,0.896,0.454,0.847,0.865,0.751,0.888,0.205,0.674,0.883,-0.543,0.952,0.793,0.633,0.802,0.63,0.342,0.876,0.827,-0.238,0.003,0.921,0.822,0.074,0.758,0.905,-0.767,0.854,0.863,0.689,0.073,0.918,0.882,0.887,0.577,0.73,0.827,-0.166,0.728,0.909,0.665,0.719,0.911,0.829,0.784,0.806,0.798,0.823,-0.79,0.517,0.921,0.807,0.799,0.834,-0.249,0.723,0.677,0.721,0.676,0.392,-0.183,0.812,0.724,0.941,-0.322,0.885,0.587,0.363,0.496,0.815,0.82,0.798,0.907,0.67,-0.689,0.78,0.205,-0.412,0.777,0.747,0.453,0.621,-0.67,0.508,0.517,0.198,0.851,0.851,0.727,0.638,0.115,0.833,-0.613,0.703,0.72,0.687,0.902,0.414,0.88,-0.587,0.907,0.775,0.487,0.53,0.677,0.331,-0.739,-0.608,0.861,0.291,-0.035,0.722,0.864,-0.208,0.833,0.709,0.036,0.487,0.514,0.821,0.584,0.618,0.416,0.803,0.754,0.268,0.75,0.906,-0.05,0.522,0.832,0.883,0.811,0.749,0.127,0.001,0.602,0.807,0.83,0.789,-0.753,0.869,0.7,0.468,0.859,0.09,-0.227,0.927,0.625
BLBD,0.885,0.917,0.806,-0.293,0.428,0.692,0.683,0.88,0.849,0.935,0.737,0.616,0.899,0.419,0.808,0.692,-0.583,0.959,0.782,0.736,0.91,0.653,0.941,0.0,0.114,0.792,0.885,0.093,0.802,0.845,-0.248,0.89,0.86,-0.72,-0.473,0.88,0.968,0.776,0.43,0.467,0.834,0.819,0.699,-0.591,0.956,0.503,0.669,0.455,0.876,0.827,0.846,0.811,0.872,0.394,0.841,0.929,0.763,0.957,0.202,0.774,0.916,-0.496,0.943,0.877,0.627,0.87,0.696,0.262,0.89,0.818,-0.329,0.116,0.927,0.9,0.069,0.675,0.957,-0.771,0.882,0.818,0.688,0.083,0.939,0.899,0.915,0.578,0.698,0.843,-0.239,0.833,0.952,0.715,0.792,0.919,0.851,0.884,0.866,0.893,0.789,-0.782,0.462,0.961,0.823,0.803,0.913,-0.216,0.795,0.657,0.845,0.672,0.438,-0.176,0.811,0.712,0.905,-0.223,0.898,0.657,0.399,0.6,0.839,0.815,0.879,0.899,0.605,-0.601,0.844,0.253,-0.396,0.794,0.708,0.531,0.613,-0.624,0.563,0.554,0.381,0.885,0.893,0.73,0.721,0.145,0.883,-0.565,0.701,0.835,0.675,0.915,0.513,0.888,-0.55,0.917,0.808,0.52,0.623,0.643,0.448,-0.679,-0.545,0.93,0.273,-0.009,0.736,0.885,-0.101,0.829,0.802,0.047,0.514,0.56,0.917,0.701,0.603,0.551,0.798,0.816,0.412,0.76,0.929,-0.078,0.468,0.925,0.943,0.861,0.765,0.211,-0.05,0.567,0.878,0.898,0.857,-0.771,0.882,0.697,0.528,0.879,0.138,-0.198,0.921,0.669
BMRN,0.415,0.127,0.416,0.327,0.526,0.482,0.597,-0.057,0.392,0.113,-0.333,0.387,0.155,0.646,0.389,0.189,-0.025,0.165,0.521,0.532,0.178,0.538,0.096,0.114,0.0,0.546,0.057,-0.311,-0.126,0.412,0.185,-0.186,0.388,-0.273,0.181,-0.008,0.165,0.537,-0.375,-0.231,0.293,-0.241,0.542,-0.08,0.161,0.002,0.611,0.538,0.116,0.446,0.349,0.282,0.043,0.298,0.113,0.265,0.529,0.089,0.607,0.323,0.329,0.115,0.217,-0.049,0.457,-0.01,0.145,0.134,0.317,0.45,-0.123,-0.059,0.283,0.176,-0.379,0.433,0.01,-0.043,0.42,0.448,0.314,-0.154,0.15,0.394,0.086,0.469,0.274,0.445,0.478,-0.073,0.075,0.241,0.367,0.16,0.475,0.228,0.007,0.116,0.385,-0.087,0.374,0.094,0.431,0.499,0.343,-0.483,0.428,0.165,0.12,0.631,-0.267,0.116,0.3,0.399,0.07,-0.646,0.345,0.249,0.696,0.484,0.465,-0.111,0.256,0.349,0.592,-0.298,0.145,0.118,0.571,0.549,0.507,-0.273,0.029,-0.259,0.416,-0.282,0.21,-0.086,0.325,0.587,0.513,-0.331,0.298,0.113,0.608,0.141,0.579,0.296,0.562,0.355,0.055,0.33,0.279,0.253,-0.032,0.549,0.332,-0.174,-0.087,0.086,-0.089,-0.291,0.409,0.354,-0.452,0.473,0.253,0.592,-0.044,-0.372,0.116,0.215,0.46,-0.372,0.469,0.372,-0.101,0.339,0.229,0.042,0.483,0.115,0.266,0.446,0.424,-0.387,0.284,0.264,0.009,0.069,0.44,-0.213,0.098,0.623,0.019,0.292,0.311,0.395,0.256,0.638
BNGO,0.875,0.821,0.803,-0.122,0.722,0.79,0.941,0.668,0.914,0.764,0.293,0.628,0.8,0.681,0.864,0.751,-0.46,0.825,0.969,0.948,0.816,0.883,0.784,0.792,0.546,0.0,0.704,-0.26,0.436,0.92,-0.178,0.549,0.881,-0.796,-0.279,0.608,0.799,0.885,-0.014,0.094,0.773,0.403,0.926,-0.563,0.806,0.276,0.953,0.77,0.705,0.947,0.901,0.864,0.746,0.542,0.774,0.863,0.938,0.732,0.516,0.736,0.894,-0.381,0.843,0.578,0.839,0.607,0.573,0.367,0.891,0.952,-0.3,-0.061,0.909,0.74,-0.235,0.82,0.716,-0.645,0.949,0.888,0.742,-0.061,0.815,0.92,0.755,0.693,0.741,0.962,0.151,0.544,0.746,0.538,0.831,0.828,0.97,0.754,0.633,0.722,0.901,-0.685,0.469,0.74,0.905,0.952,0.88,-0.594,0.886,0.676,0.595,0.945,0.007,-0.057,0.875,0.826,0.798,-0.697,0.931,0.511,0.704,0.686,0.954,0.521,0.75,0.919,0.911,-0.771,0.734,0.124,-0.07,0.952,0.931,0.165,0.489,-0.75,0.645,0.203,0.275,0.581,0.893,0.91,0.869,-0.179,0.906,-0.476,0.936,0.641,0.923,0.865,0.679,0.914,-0.487,0.939,0.746,0.535,0.451,0.887,0.44,-0.717,-0.573,0.688,0.084,-0.201,0.836,0.886,-0.481,0.979,0.728,0.452,0.314,0.076,0.749,0.577,0.746,0.063,0.942,0.78,0.152,0.868,0.887,-0.067,0.756,0.738,0.849,0.936,0.88,-0.116,0.17,0.64,0.661,0.715,0.9,-0.752,0.74,0.962,0.34,0.856,0.187,0.04,0.853,0.9
BUSE,0.81,0.826,0.768,-0.24,0.431,0.553,0.568,0.832,0.716,0.823,0.661,0.562,0.778,0.405,0.75,0.711,-0.487,0.842,0.718,0.644,0.793,0.519,0.876,0.885,0.057,0.704,0.0,-0.009,0.808,0.788,-0.184,0.81,0.765,-0.591,-0.308,0.785,0.876,0.741,0.502,0.524,0.657,0.773,0.621,-0.498,0.892,0.49,0.584,0.462,0.797,0.69,0.817,0.736,0.855,0.469,0.791,0.801,0.616,0.831,0.106,0.745,0.797,-0.417,0.868,0.714,0.607,0.703,0.65,0.318,0.814,0.727,-0.138,0.213,0.808,0.755,0.265,0.701,0.865,-0.634,0.766,0.776,0.7,0.196,0.863,0.816,0.842,0.565,0.714,0.768,-0.149,0.73,0.829,0.586,0.733,0.818,0.73,0.792,0.764,0.755,0.766,-0.598,0.499,0.887,0.708,0.67,0.753,-0.038,0.687,0.591,0.778,0.587,0.45,-0.004,0.783,0.625,0.87,-0.211,0.786,0.688,0.296,0.57,0.762,0.83,0.797,0.846,0.561,-0.482,0.832,0.197,-0.373,0.75,0.637,0.66,0.649,-0.467,0.414,0.607,0.375,0.9,0.82,0.63,0.583,0.319,0.812,-0.473,0.593,0.672,0.564,0.876,0.438,0.78,-0.489,0.822,0.726,0.595,0.557,0.603,0.353,-0.519,-0.435,0.815,0.455,0.102,0.755,0.74,-0.023,0.728,0.812,0.075,0.57,0.517,0.771,0.525,0.668,0.526,0.678,0.668,0.58,0.739,0.831,0.131,0.49,0.776,0.844,0.718,0.614,0.066,-0.069,0.613,0.698,0.812,0.699,-0.584,0.856,0.604,0.515,0.732,0.063,-0.219,0.874,0.559
CAKE,-0.117,-0.01,-0.181,-0.146,-0.534,0.152,-0.335,0.021,-0.136,0.033,0.547,0.194,-0.062,-0.384,-0.12,-0.291,-0.13,-0.018,-0.336,-0.337,-0.041,-0.272,-0.026,0.093,-0.311,-0.26,-0.009,0.0,0.284,-0.306,0.219,0.353,-0.096,0.162,-0.181,0.232,0.01,-0.188,0.217,0.344,0.145,0.204,-0.254,-0.219,-0.026,0.332,-0.371,-0.512,0.013,-0.27,-0.193,-0.317,0.053,-0.376,-0.068,0.005,-0.24,0.262,-0.002,0.172,-0.078,0.059,0.005,0.32,-0.321,0.145,-0.108,-0.429,-0.256,-0.271,-0.273,0.389,-0.107,0.033,0.332,-0.345,0.226,0.01,-0.176,-0.239,-0.288,-0.023,0.092,-0.103,-0.003,-0.054,-0.38,-0.253,-0.309,0.199,0.131,0.126,0.059,-0.119,-0.152,0.105,0.26,0.246,-0.369,-0.014,-0.062,0.055,-0.187,-0.221,0.042,0.384,-0.147,-0.239,0.222,-0.387,0.636,-0.072,-0.315,-0.162,-0.053,0.636,-0.195,0.152,-0.293,0.091,-0.24,-0.081,0.192,-0.166,-0.522,0.382,0.001,0.18,-0.141,-0.232,-0.281,0.316,-0.106,0.236,0.196,0.244,0.486,0.213,-0.077,-0.126,-0.179,0.182,-0.128,0.132,-0.344,0.39,-0.392,-0.139,0.024,-0.129,0.256,-0.118,0.059,-0.02,0.277,-0.263,-0.07,0.18,0.301,0.228,0.108,0.04,-0.331,-0.089,0.463,-0.198,-0.088,-0.243,0.205,0.676,0.275,0.248,-0.374,0.54,-0.24,0.202,0.384,-0.262,-0.083,-0.135,-0.51,0.252,0.011,-0.033,-0.169,0.528,-0.177,-0.296,0.241,0.0,-0.091,0.006,-0.073,-0.349,0.468,-0.042,0.268,0.072,-0.094,-0.174
CASY,0.629,0.732,0.631,-0.278,0.069,0.41,0.247,0.803,0.517,0.781,0.854,0.514,0.693,0.21,0.556,0.5,-0.552,0.723,0.437,0.367,0.646,0.329,0.721,0.802,-0.126,0.436,0.808,0.284,0.0,0.574,-0.149,0.849,0.666,-0.32,-0.431,0.848,0.804,0.52,0.679,0.576,0.583,0.886,0.324,-0.494,0.798,0.727,0.287,0.107,0.73,0.449,0.547,0.527,0.751,0.148,0.705,0.74,0.393,0.778,-0.172,0.658,0.663,-0.443,0.745,0.789,0.273,0.724,0.587,0.04,0.582,0.453,-0.176,0.348,0.622,0.714,0.463,0.368,0.83,-0.6,0.56,0.466,0.455,0.13,0.73,0.65,0.784,0.311,0.475,0.529,-0.493,0.82,0.768,0.535,0.636,0.68,0.512,0.74,0.729,0.727,0.475,-0.55,0.433,0.834,0.515,0.436,0.635,0.188,0.474,0.499,0.823,0.287,0.646,-0.069,0.527,0.438,0.697,0.229,0.581,0.675,0.08,0.438,0.494,0.811,0.797,0.646,0.204,-0.263,0.64,0.115,-0.56,0.483,0.315,0.823,0.479,-0.279,0.227,0.658,0.492,0.883,0.65,0.401,0.38,0.519,0.605,-0.473,0.255,0.716,0.277,0.727,0.384,0.609,-0.426,0.638,0.695,0.449,0.652,0.277,0.288,-0.416,-0.302,0.814,0.454,0.132,0.535,0.571,0.218,0.465,0.653,-0.211,0.522,0.745,0.752,0.552,0.429,0.775,0.433,0.537,0.646,0.474,0.689,0.07,0.15,0.771,0.742,0.54,0.401,0.307,-0.298,0.359,0.692,0.8,0.502,-0.453,0.743,0.322,0.568,0.554,0.038,-0.348,0.666,0.303
CCOI,0.906,0.845,0.859,-0.264,0.718,0.638,0.853,0.773,0.894,0.827,0.355,0.495,0.848,0.649,0.848,0.825,-0.549,0.869,0.956,0.91,0.845,0.799,0.851,0.845,0.412,0.92,0.788,-0.306,0.574,0.0,-0.286,0.589,0.879,-0.775,-0.329,0.667,0.861,0.894,0.178,0.223,0.694,0.593,0.818,-0.525,0.891,0.404,0.904,0.645,0.751,0.918,0.915,0.933,0.81,0.554,0.852,0.878,0.889,0.741,0.273,0.714,0.911,-0.451,0.883,0.602,0.739,0.701,0.661,0.477,0.889,0.926,-0.118,-0.088,0.92,0.773,0.003,0.825,0.75,-0.687,0.926,0.885,0.77,0.003,0.807,0.911,0.84,0.685,0.834,0.944,-0.012,0.59,0.798,0.562,0.814,0.898,0.918,0.784,0.603,0.654,0.946,-0.717,0.617,0.836,0.899,0.91,0.83,-0.42,0.842,0.737,0.646,0.872,0.067,-0.089,0.891,0.759,0.834,-0.603,0.925,0.587,0.586,0.619,0.911,0.737,0.728,0.963,0.842,-0.776,0.726,0.043,-0.206,0.922,0.876,0.345,0.562,-0.732,0.466,0.298,0.168,0.685,0.891,0.801,0.771,0.022,0.854,-0.577,0.842,0.597,0.861,0.929,0.503,0.912,-0.633,0.942,0.77,0.512,0.399,0.797,0.443,-0.753,-0.652,0.713,0.244,-0.204,0.874,0.839,-0.416,0.939,0.755,0.284,0.336,0.184,0.724,0.478,0.809,0.155,0.919,0.704,0.231,0.811,0.888,0.01,0.772,0.722,0.871,0.855,0.819,-0.114,0.067,0.631,0.651,0.808,0.844,-0.695,0.798,0.904,0.274,0.836,0.015,-0.154,0.878,0.761
CEVA,-0.021,-0.456,-0.132,0.523,-0.057,0.163,-0.271,-0.507,-0.399,-0.422,-0.19,0.34,-0.512,-0.082,-0.057,-0.322,0.502,-0.293,-0.245,-0.374,-0.386,-0.09,-0.355,-0.248,0.185,-0.178,-0.184,0.219,-0.149,-0.286,0.0,-0.246,-0.299,0.465,0.763,-0.324,-0.304,-0.096,0.102,0.261,-0.171,-0.361,-0.101,0.439,-0.308,-0.207,-0.193,0.045,-0.331,-0.398,-0.203,-0.511,-0.357,0.183,-0.5,-0.345,-0.363,-0.25,0.294,0.197,-0.32,0.832,-0.326,-0.4,-0.002,-0.498,-0.254,0.005,-0.258,-0.228,0.281,0.519,-0.415,-0.386,0.133,0.018,-0.305,0.603,-0.322,-0.081,0.078,0.309,-0.274,-0.239,-0.455,0.244,-0.082,-0.283,0.428,-0.28,-0.352,-0.133,-0.086,-0.507,-0.248,-0.103,-0.18,-0.13,-0.215,0.624,0.127,-0.348,-0.261,-0.334,-0.268,0.344,-0.235,-0.548,0.05,-0.147,0.197,0.63,-0.197,-0.288,-0.458,0.115,-0.39,0.209,-0.11,0.306,-0.121,-0.301,-0.072,-0.24,-0.217,0.63,-0.123,0.498,0.559,-0.039,-0.271,0.013,0.132,0.629,0.168,0.221,0.413,-0.143,-0.222,-0.133,-0.223,0.22,-0.206,0.811,-0.187,-0.195,-0.33,-0.262,0.061,-0.4,0.751,-0.309,-0.184,0.37,-0.004,-0.011,-0.102,0.678,0.733,-0.265,0.389,0.38,-0.002,-0.264,0.448,-0.266,-0.045,0.392,0.297,0.01,-0.196,-0.1,0.076,-0.001,-0.383,-0.111,0.412,-0.057,-0.372,0.545,-0.131,-0.277,-0.258,-0.227,-0.345,-0.348,0.351,0.106,-0.424,-0.448,-0.21,0.521,-0.246,-0.215,0.141,-0.387,0.353,0.63,-0.204,0.038
