,AAPL,ACRS,ADP,AFYA,AGNC,AGYS,ALT,AMGN,AMPH,AMZN,ANIP,AOSL,APDN,APLT,APVO,ARGX,ARLP,ATEX,ATRA,AUTL,AVDL,BCRX,BHAT,BLBD,BMRN,BNGO,BUSE,CAKE,CASY,CCOI,CEVA,CHY,CLDX,CLMT,COHU,COLM,COST,CPRT,CSWC,CSX,DBX,DCOM,DKNG,DMLP,DOX,EA,EDIT,ENPH,ENSG,ERNA,ESGR,ETNB,EXTR,FANG,FARO,FATE,FGEN,FIVE,FIVN,FLGT,FOLD,FORM,FOXA,FRPT,FSLR,FTAI,GBDC,GDYN,GGAL,GNLN,GRFS,GT,HCAT,HCM,HFWA,HOLX,HQY,HUBG,IAC,ICLR,IDCC,IEP,IHRT,ILMN,ILPT,IMAB,IMOS,INMD,INTZ,JAZZ,JKHY,JRVR,KIDS,LBRDK,LGND,LMAT,LPLA,LULU,MASI,MAT,MATW,MBIN,MBIO,MCRB,MDB,MDLZ,MELI,MIRM,MLKN,MNMD,MNRO,MPWR,MRCY,MRSN,MTVA,NAAS,NDAQ,NDSN,NEGG,NOVT,NVDA,NWE,NWSA,NXST,OCX,ODFL,OMAB,OPCH,OPRA,ORGO,OTRK,OZK,PAGP,PCH,PEGA,PENG,PENN,PFBC,PGNY,PHAT,PHUN,PINC,PLUG,PLXS,PYPL,QLYS,QNCX,QQQX,QVCGA,RAPT,RBBN,RCKT,REPL,RMBS,ROAD,ROKU,ROP,RUSHA,SANM,SATS,SBCF,SBLK,SBUX,SCHL,SCSC,SDGR,SEIC,SFIX,SGRY,SKYW,SLP,SNES,STAA,STLD,STOK,SWKS,TER,TFIN,TIGO,TILE,TPIC,TTEC,TTEK,TTGT,UXIN,VERU,VLYPP,VNOM,VRNS,VRSN,WDAY,WERN,WINA,WKHS,WRLD,XP,XTKG,YY,ZION,ZM
AAPL,0.0,0.462,0.644,0.633,0.286,0.232,-0.719,0.316,0.559,0.642,0.067,0.743,0.443,-0.027,-0.47,0.605,0.45,-0.605,0.245,-0.104,0.257,0.327,0.651,0.702,-0.646,0.182,0.635,0.691,0.885,-0.197,0.833,0.734,0.091,0.25,0.394,0.606,0.877,0.654,0.731,0.608,0.657,0.659,0.563,0.699,0.437,0.656,0.479,0.616,0.065,0.452,0.086,-0.573,0.733,0.638,0.601,-0.836,-0.551,0.307,0.78,0.572,0.583,0.808,0.435,0.696,0.723,0.811,0.811,0.577,0.26,-0.769,0.683,0.636,0.624,0.597,0.658,-0.541,0.215,0.731,0.659,0.82,0.717,0.403,0.609,-0.592,0.597,-0.338,-0.388,0.604,-0.596,0.308,0.833,-0.344,0.129,0.781,-0.649,-0.279,0.79,0.463,-0.627,0.604,0.642,0.621,-0.761,-0.703,0.889,-0.008,0.118,-0.188,0.652,0.625,0.078,0.653,0.332,0.45,0.713,-0.361,0.451,0.627,0.656,0.592,0.619,-0.055,0.685,0.66,0.529,0.818,0.716,0.828,0.331,0.54,-0.749,0.77,0.691,0.631,0.595,0.402,0.526,0.629,0.769,0.602,-0.421,0.634,0.703,0.733,0.553,0.731,0.588,0.746,0.5,-0.134,0.587,-0.628,-0.419,0.526,-0.433,0.493,0.803,0.66,0.404,0.518,0.698,-0.472,0.269,0.723,0.499,0.689,0.767,0.537,0.376,0.567,0.125,-0.672,0.504,0.518,-0.308,0.761,0.743,0.704,0.157,0.777,0.606,0.184,0.627,0.587,0.389,0.632,0.792,0.348,0.76,-0.227,0.62,0.04,0.145,0.658,0.575,0.351,-0.713,0.577,0.593,0.6
ACRS,0.462,0.0,0.688,0.775,0.284,0.817,-0.448,0.392,0.084,0.582,-0.59,0.509,0.462,0.416,0.185,0.285,0.467,-0.435,0.605,-0.041,0.607,0.618,0.553,0.82,-0.614,0.798,0.626,0.729,0.636,-0.417,0.716,0.477,0.566,0.578,-0.064,0.607,0.544,0.692,0.797,0.276,0.752,0.51,0.776,0.759,0.359,0.675,0.728,0.816,-0.44,0.572,0.011,-0.119,0.796,0.734,0.347,-0.242,-0.148,0.161,0.766,0.554,0.491,0.75,-0.072,0.732,0.749,0.789,0.608,0.772,0.029,-0.613,0.549,0.608,0.654,0.796,0.507,-0.406,0.359,0.48,0.79,0.703,0.792,0.82,0.698,-0.157,0.627,-0.515,-0.659,0.776,-0.56,0.42,0.391,-0.433,0.379,0.612,-0.568,-0.527,0.562,0.428,-0.411,0.804,0.777,0.658,-0.631,-0.602,0.453,-0.549,-0.28,0.238,0.714,0.708,0.46,0.729,0.56,0.569,0.354,0.422,0.541,0.525,0.614,0.637,0.698,-0.067,0.77,0.645,0.416,0.573,0.592,0.271,0.608,0.469,-0.545,0.61,0.722,0.697,0.764,0.365,0.702,0.607,0.607,0.82,-0.653,0.42,0.793,0.833,0.738,0.645,0.659,0.746,0.757,0.383,0.491,-0.251,-0.709,0.601,-0.69,0.756,0.557,0.349,0.763,0.697,0.606,0.002,0.638,0.728,0.503,0.858,0.668,0.711,0.405,0.656,0.462,-0.762,0.739,0.331,-0.238,0.712,0.661,0.657,0.414,0.767,0.65,0.404,0.744,0.473,0.25,0.724,0.659,0.075,0.731,-0.521,0.12,-0.447,0.157,0.681,0.653,0.273,-0.807,0.794,0.566,0.587
ADP,0.644,0.688,0.0,0.933,0.484,0.406,-0.62,0.747,0.582,0.676,-0.583,0.416,0.752,0.506,-0.388,0.796,0.374,-0.844,0.803,0.304,0.154,0.685,0.469,0.78,-0.51,0.415,0.945,0.818,0.771,-0.725,0.829,0.45,0.734,0.695,0.033,0.657,0.813,0.794,0.904,0.261,0.886,0.921,0.898,0.929,-0.079,0.841,0.775,0.887,-0.383,0.808,0.475,-0.509,0.797,0.844,0.5,-0.523,-0.24,0.544,0.83,0.897,0.785,0.803,-0.034,0.634,0.875,0.893,0.754,0.93,0.18,-0.527,0.942,0.903,0.699,0.719,0.918,-0.51,0.309,0.73,0.872,0.66,0.608,0.711,0.888,-0.353,0.739,-0.308,-0.485,0.925,-0.807,0.781,0.728,-0.215,0.553,0.749,-0.775,-0.424,0.837,0.661,-0.887,0.75,0.821,0.948,-0.82,-0.515,0.666,-0.241,-0.073,0.348,0.939,0.954,-0.071,0.755,0.561,0.714,0.724,-0.053,0.65,0.535,0.834,0.425,0.904,0.138,0.83,0.902,0.282,0.764,0.916,0.623,0.386,0.868,-0.709,0.892,0.775,0.675,0.845,-0.073,0.889,0.897,0.822,0.659,-0.822,0.684,0.941,0.901,0.951,0.816,0.858,0.665,0.536,0.57,0.835,-0.555,-0.66,0.194,-0.517,0.868,0.641,0.68,0.489,0.843,0.942,-0.252,0.71,0.897,0.445,0.852,0.937,0.695,0.074,0.729,0.661,-0.909,0.734,0.136,-0.042,0.76,0.826,0.92,0.666,0.804,0.544,0.184,0.958,0.873,0.215,0.898,0.924,-0.042,0.664,-0.791,0.456,-0.153,0.538,0.917,0.748,0.44,-0.814,0.784,0.919,0.827
AFYA,0.633,0.775,0.933,0.0,0.377,0.561,-0.706,0.599,0.421,0.667,-0.595,0.472,0.671,0.465,-0.181,0.63,0.538,-0.778,0.828,0.131,0.296,0.675,0.623,0.794,-0.684,0.483,0.898,0.863,0.822,-0.634,0.846,0.504,0.66,0.742,-0.117,0.66,0.75,0.749,0.934,0.327,0.928,0.837,0.913,0.943,0.097,0.871,0.854,0.901,-0.521,0.738,0.244,-0.449,0.889,0.91,0.381,-0.558,-0.353,0.432,0.888,0.825,0.632,0.81,0.004,0.774,0.855,0.905,0.763,0.954,0.116,-0.651,0.86,0.845,0.675,0.827,0.817,-0.619,0.441,0.73,0.922,0.711,0.711,0.835,0.937,-0.386,0.837,-0.499,-0.663,0.927,-0.839,0.666,0.641,-0.402,0.414,0.808,-0.83,-0.601,0.86,0.559,-0.775,0.876,0.907,0.913,-0.847,-0.645,0.622,-0.441,-0.215,0.228,0.942,0.951,0.13,0.774,0.499,0.756,0.693,0.045,0.603,0.622,0.769,0.474,0.856,-0.053,0.879,0.91,0.446,0.783,0.873,0.56,0.596,0.723,-0.733,0.867,0.868,0.705,0.92,0.084,0.91,0.896,0.744,0.786,-0.865,0.562,0.952,0.933,0.921,0.767,0.818,0.711,0.71,0.499,0.745,-0.636,-0.781,0.323,-0.691,0.89,0.718,0.565,0.662,0.902,0.886,-0.28,0.625,0.831,0.493,0.922,0.899,0.825,0.172,0.82,0.539,-0.922,0.757,0.259,-0.26,0.81,0.778,0.902,0.621,0.87,0.561,0.196,0.919,0.756,0.324,0.872,0.912,0.021,0.755,-0.74,0.335,-0.245,0.318,0.898,0.748,0.372,-0.906,0.871,0.875,0.757
AGNC,0.286,0.284,0.484,0.377,0.0,0.056,-0.151,0.442,0.244,0.574,-0.278,0.47,0.504,0.255,-0.353,0.448,-0.343,-0.246,0.451,0.091,-0.062,0.592,-0.025,0.509,0.066,0.3,0.606,0.459,0.218,-0.138,0.551,0.437,0.34,0.516,0.48,0.704,0.434,0.626,0.428,0.238,0.475,0.649,0.601,0.476,-0.103,0.549,0.404,0.548,0.212,0.398,0.527,-0.43,0.238,0.532,0.752,-0.095,-0.157,0.843,0.481,0.679,0.672,0.597,0.069,0.193,0.487,0.422,0.473,0.4,0.506,-0.11,0.548,0.717,0.755,0.209,0.616,0.219,-0.298,0.426,0.511,0.429,0.402,0.252,0.408,-0.038,0.158,0.416,0.155,0.557,-0.37,0.642,0.585,0.294,0.575,0.316,-0.267,0.214,0.247,0.803,-0.496,0.255,0.15,0.626,-0.319,-0.098,0.446,-0.124,0.07,-0.004,0.514,0.46,0.004,0.671,0.215,0.287,0.313,-0.051,0.737,0.526,0.458,0.496,0.532,0.342,0.524,0.533,0.02,0.398,0.587,0.413,-0.089,0.714,-0.413,0.584,0.405,0.535,0.205,0.021,0.562,0.469,0.717,0.255,-0.338,0.732,0.5,0.451,0.572,0.743,0.671,0.363,0.075,0.499,0.516,0.055,-0.028,0.204,0.156,0.625,0.261,0.777,0.245,0.413,0.583,0.126,0.757,0.572,0.411,0.401,0.576,0.289,0.425,0.377,0.64,-0.488,0.662,0.392,0.182,0.503,0.702,0.583,0.495,0.442,0.24,0.495,0.514,0.763,0.153,0.498,0.463,0.512,0.229,-0.496,0.637,0.268,0.651,0.4,0.617,0.19,-0.224,0.353,0.508,0.808
AGYS,0.232,0.817,0.406,0.561,0.056,0.0,-0.286,0.108,-0.229,0.367,-0.479,0.415,0.109,0.207,0.518,-0.129,0.563,-0.103,0.473,-0.156,0.812,0.467,0.52,0.608,-0.64,0.797,0.338,0.605,0.414,-0.153,0.512,0.373,0.363,0.524,-0.299,0.518,0.22,0.361,0.551,0.321,0.519,0.169,0.558,0.51,0.476,0.489,0.629,0.606,-0.459,0.366,-0.309,0.157,0.628,0.569,0.098,-0.017,-0.111,-0.069,0.568,0.243,0.11,0.49,-0.05,0.664,0.465,0.548,0.381,0.571,-0.18,-0.505,0.24,0.311,0.402,0.719,0.163,-0.293,0.491,0.337,0.578,0.522,0.692,0.747,0.529,-0.032,0.543,-0.579,-0.727,0.537,-0.293,0.199,0.073,-0.5,0.174,0.462,-0.385,-0.584,0.317,0.208,-0.057,0.717,0.633,0.365,-0.455,-0.519,0.137,-0.617,-0.482,0.128,0.473,0.46,0.703,0.515,0.462,0.486,0.177,0.526,0.296,0.494,0.251,0.584,0.399,-0.101,0.566,0.439,0.556,0.33,0.293,-0.056,0.726,0.092,-0.368,0.331,0.604,0.523,0.581,0.522,0.526,0.378,0.301,0.762,-0.523,0.136,0.537,0.644,0.469,0.389,0.338,0.606,0.797,0.201,0.212,-0.156,-0.713,0.585,-0.719,0.586,0.454,0.011,0.823,0.539,0.322,0.163,0.463,0.404,0.459,0.711,0.392,0.659,0.391,0.534,0.238,-0.519,0.581,0.369,-0.314,0.555,0.4,0.373,0.291,0.612,0.546,0.367,0.498,0.111,0.317,0.445,0.386,0.072,0.595,-0.314,-0.185,-0.352,-0.156,0.472,0.451,0.122,-0.642,0.692,0.312,0.275
ALT,-0.719,-0.448,-0.62,-0.706,-0.151,-0.286,0.0,-0.13,-0.234,-0.488,0.102,-0.616,-0.403,0.041,0.184,-0.42,-0.596,0.696,-0.417,0.24,-0.237,-0.414,-0.798,-0.535,0.82,-0.015,-0.618,-0.72,-0.84,0.306,-0.735,-0.522,-0.239,-0.463,0.069,-0.522,-0.709,-0.562,-0.794,-0.508,-0.689,-0.604,-0.658,-0.766,-0.324,-0.758,-0.662,-0.656,0.368,-0.368,0.171,0.584,-0.754,-0.736,-0.196,0.822,0.832,-0.228,-0.798,-0.568,-0.33,-0.692,-0.406,-0.776,-0.624,-0.716,-0.662,-0.686,-0.083,0.811,-0.588,-0.637,-0.426,-0.761,-0.544,0.764,-0.355,-0.657,-0.747,-0.717,-0.684,-0.63,-0.787,0.793,-0.838,0.614,0.62,-0.654,0.82,-0.146,-0.601,0.637,0.157,-0.84,0.881,0.663,-0.843,-0.242,0.574,-0.799,-0.793,-0.621,0.863,0.787,-0.603,0.367,0.356,0.333,-0.691,-0.643,-0.064,-0.633,0.011,-0.702,-0.643,0.381,-0.323,-0.726,-0.578,-0.475,-0.508,0.341,-0.753,-0.778,-0.537,-0.845,-0.697,-0.704,-0.582,-0.41,0.734,-0.721,-0.812,-0.619,-0.729,-0.244,-0.65,-0.719,-0.549,-0.577,0.656,-0.289,-0.701,-0.683,-0.562,-0.535,-0.567,-0.488,-0.623,0.012,-0.374,0.892,0.708,-0.314,0.7,-0.579,-0.817,-0.451,-0.548,-0.7,-0.629,0.65,-0.143,-0.582,-0.42,-0.702,-0.718,-0.689,-0.361,-0.621,-0.014,0.713,-0.505,-0.463,0.733,-0.787,-0.609,-0.735,-0.268,-0.781,-0.315,-0.037,-0.645,-0.478,-0.66,-0.476,-0.758,-0.231,-0.665,0.375,-0.322,0.125,0.104,-0.599,-0.585,-0.003,0.819,-0.748,-0.628,-0.506
AMGN,0.316,0.392,0.747,0.599,0.442,0.108,-0.13,0.0,0.727,0.535,-0.522,-0.013,0.663,0.597,-0.592,0.756,0.026,-0.55,0.579,0.69,-0.238,0.463,-0.027,0.46,-0.013,0.387,0.713,0.454,0.349,-0.722,0.434,0.237,0.65,0.426,0.134,0.366,0.602,0.538,0.465,-0.028,0.507,0.753,0.566,0.602,-0.451,0.433,0.373,0.557,-0.181,0.738,0.744,-0.299,0.345,0.485,0.403,-0.195,0.227,0.529,0.435,0.704,0.757,0.445,-0.362,0.157,0.597,0.499,0.378,0.581,0.352,0.014,0.794,0.642,0.446,0.305,0.814,-0.072,-0.103,0.417,0.478,0.233,0.142,0.267,0.496,0.173,0.372,0.173,-0.064,0.643,-0.352,0.892,0.588,0.297,0.687,0.267,-0.367,0.075,0.431,0.696,-0.779,0.261,0.382,0.701,-0.332,-0.007,0.483,0.184,0.373,0.588,0.66,0.692,-0.251,0.398,0.595,0.25,0.474,0.072,0.584,0.05,0.616,-0.027,0.762,0.456,0.374,0.514,-0.127,0.277,0.645,0.398,-0.025,0.804,-0.248,0.593,0.305,0.202,0.529,-0.412,0.581,0.564,0.577,0.233,-0.475,0.674,0.633,0.548,0.772,0.57,0.625,0.476,0.089,0.649,0.851,-0.144,-0.263,-0.096,-0.08,0.594,0.162,0.523,0.035,0.451,0.731,0.126,0.72,0.585,0.07,0.436,0.624,0.364,-0.356,0.36,0.836,-0.591,0.532,-0.24,0.395,0.272,0.546,0.603,0.708,0.417,0.286,0.115,0.655,0.747,-0.266,0.733,0.642,-0.224,0.217,-0.732,0.326,-0.035,0.802,0.718,0.332,0.573,-0.347,0.373,0.719,0.659
AMPH,0.559,0.084,0.582,0.421,0.244,-0.229,-0.234,0.727,0.0,0.317,-0.037,0.083,0.486,0.226,-0.822,0.81,0.15,-0.594,0.264,0.539,-0.301,0.171,0.139,0.37,-0.071,-0.043,0.559,0.334,0.498,-0.483,0.391,0.297,0.221,0.053,0.311,0.206,0.632,0.37,0.343,0.201,0.37,0.65,0.273,0.408,-0.254,0.243,0.153,0.311,0.124,0.507,0.601,-0.42,0.353,0.324,0.453,-0.487,0.023,0.336,0.331,0.504,0.601,0.35,0.002,0.177,0.481,0.473,0.508,0.346,0.317,-0.153,0.727,0.46,0.368,0.097,0.714,-0.258,0.034,0.51,0.25,0.3,0.058,0.031,0.356,-0.162,0.277,0.168,0.009,0.357,-0.293,0.601,0.704,0.191,0.393,0.341,-0.288,0.13,0.564,0.443,-0.737,0.1,0.267,0.522,-0.34,-0.064,0.666,0.474,0.521,0.305,0.454,0.551,-0.457,0.192,0.431,0.137,0.613,-0.326,0.282,0.031,0.507,-0.083,0.534,0.298,0.212,0.404,-0.0,0.395,0.572,0.621,-0.111,0.624,-0.325,0.576,0.245,0.162,0.322,-0.275,0.361,0.466,0.555,0.113,-0.204,0.608,0.451,0.407,0.469,0.495,0.401,0.392,-0.02,0.181,0.762,-0.37,-0.031,-0.08,0.054,0.243,0.294,0.527,-0.174,0.237,0.636,-0.285,0.265,0.471,0.108,0.277,0.535,0.225,-0.342,0.34,0.375,-0.374,0.15,-0.155,0.319,0.239,0.417,0.478,0.269,0.303,0.378,-0.125,0.457,0.611,-0.158,0.608,0.612,-0.097,0.317,-0.295,0.522,0.18,0.569,0.563,0.235,0.583,-0.27,0.106,0.566,0.432
AMZN,0.642,0.582,0.676,0.667,0.574,0.367,-0.488,0.535,0.317,0.0,-0.449,0.548,0.606,0.331,-0.357,0.51,0.096,-0.505,0.451,0.083,0.119,0.56,0.335,0.617,-0.408,0.48,0.699,0.671,0.545,-0.437,0.751,0.477,0.499,0.563,0.302,0.652,0.727,0.764,0.705,0.199,0.696,0.721,0.763,0.765,0.098,0.735,0.565,0.76,-0.2,0.681,0.339,-0.44,0.543,0.664,0.505,-0.459,-0.279,0.608,0.774,0.726,0.738,0.816,-0.09,0.468,0.736,0.67,0.532,0.686,0.32,-0.403,0.672,0.786,0.596,0.656,0.722,-0.191,-0.117,0.461,0.773,0.61,0.662,0.455,0.63,-0.159,0.562,-0.138,-0.239,0.8,-0.538,0.594,0.639,-0.054,0.421,0.541,-0.668,-0.144,0.529,0.693,-0.616,0.599,0.592,0.718,-0.589,-0.475,0.667,-0.204,0.041,0.08,0.785,0.638,0.18,0.819,0.357,0.442,0.481,0.019,0.778,0.492,0.766,0.476,0.855,0.095,0.718,0.659,0.248,0.552,0.742,0.575,0.229,0.724,-0.586,0.675,0.587,0.469,0.656,0.188,0.659,0.601,0.668,0.507,-0.605,0.711,0.788,0.703,0.773,0.726,0.782,0.788,0.405,0.391,0.645,-0.292,-0.5,0.42,-0.412,0.74,0.509,0.622,0.452,0.643,0.705,0.059,0.648,0.726,0.229,0.653,0.753,0.487,0.294,0.432,0.581,-0.792,0.858,0.345,-0.153,0.646,0.82,0.759,0.667,0.75,0.272,0.377,0.671,0.702,0.183,0.604,0.706,0.183,0.479,-0.608,0.468,-0.206,0.433,0.691,0.587,0.202,-0.612,0.72,0.642,0.814
ANIP,0.067,-0.59,-0.583,-0.595,-0.278,-0.479,0.102,-0.522,-0.037,-0.449,0.0,0.143,-0.45,-0.76,-0.134,-0.287,-0.104,0.446,-0.737,-0.311,-0.121,-0.607,-0.077,-0.377,0.18,-0.542,-0.56,-0.447,-0.144,0.728,-0.307,0.131,-0.861,-0.679,0.379,-0.254,-0.161,-0.406,-0.505,0.316,-0.577,-0.467,-0.662,-0.544,0.341,-0.459,-0.605,-0.588,0.66,-0.62,-0.354,-0.04,-0.387,-0.501,0.006,-0.112,-0.2,-0.352,-0.426,-0.567,-0.409,-0.334,0.603,-0.208,-0.442,-0.406,-0.132,-0.653,0.165,0.038,-0.425,-0.524,-0.308,-0.482,-0.454,0.12,-0.22,-0.163,-0.553,-0.172,-0.255,-0.626,-0.546,-0.21,-0.389,0.233,0.398,-0.661,0.458,-0.576,-0.031,0.071,-0.515,-0.224,0.456,0.344,-0.264,-0.339,0.39,-0.505,-0.524,-0.591,0.307,0.141,0.021,0.418,0.358,-0.552,-0.613,-0.568,-0.072,-0.419,-0.383,-0.509,-0.152,-0.51,-0.391,-0.089,-0.447,-0.052,-0.622,0.014,-0.443,-0.48,0.029,-0.16,-0.433,0.088,-0.285,-0.503,0.247,-0.328,-0.367,-0.241,-0.56,0.249,-0.627,-0.52,-0.231,-0.424,0.716,-0.215,-0.57,-0.482,-0.674,-0.33,-0.579,-0.303,-0.371,-0.822,-0.476,0.086,0.565,0.062,0.465,-0.654,-0.107,-0.15,-0.391,-0.654,-0.471,-0.279,-0.625,-0.413,-0.023,-0.497,-0.447,-0.408,0.148,-0.414,-0.687,0.612,-0.578,0.247,-0.093,-0.28,-0.347,-0.494,-0.7,-0.365,-0.068,-0.089,-0.566,-0.445,0.111,-0.501,-0.411,0.41,-0.203,0.711,0.111,0.414,-0.413,-0.541,-0.39,-0.114,0.451,-0.564,-0.556,-0.448
AOSL,0.743,0.509,0.416,0.472,0.47,0.415,-0.616,-0.013,0.083,0.548,0.143,0.0,0.268,-0.186,-0.083,0.205,0.31,-0.26,0.174,-0.43,0.504,0.371,0.594,0.709,-0.606,0.337,0.444,0.632,0.695,0.178,0.803,0.766,-0.038,0.278,0.43,0.749,0.622,0.612,0.634,0.725,0.55,0.434,0.533,0.562,0.695,0.638,0.482,0.589,0.138,0.217,-0.174,-0.417,0.64,0.602,0.661,-0.544,-0.643,0.272,0.709,0.412,0.383,0.801,0.585,0.728,0.586,0.675,0.738,0.454,0.291,-0.766,0.419,0.543,0.69,0.572,0.396,-0.349,0.142,0.596,0.629,0.829,0.857,0.461,0.516,-0.564,0.502,-0.283,-0.344,0.501,-0.463,0.136,0.627,-0.407,0.046,0.702,-0.48,-0.293,0.558,0.413,-0.302,0.607,0.499,0.449,-0.655,-0.673,0.688,-0.338,-0.147,-0.431,0.493,0.438,0.419,0.761,0.156,0.422,0.482,-0.192,0.509,0.835,0.479,0.864,0.424,-0.083,0.715,0.579,0.597,0.739,0.558,0.608,0.429,0.33,-0.654,0.634,0.702,0.764,0.428,0.664,0.477,0.457,0.706,0.615,-0.319,0.515,0.574,0.647,0.407,0.689,0.477,0.681,0.591,-0.192,0.261,-0.365,-0.348,0.782,-0.367,0.503,0.724,0.575,0.651,0.435,0.485,-0.307,0.322,0.631,0.669,0.662,0.601,0.539,0.816,0.526,0.005,-0.519,0.582,0.856,-0.438,0.832,0.735,0.563,0.044,0.735,0.609,0.467,0.491,0.428,0.626,0.454,0.554,0.696,0.72,-0.124,0.535,0.035,-0.065,0.421,0.652,0.084,-0.617,0.585,0.349,0.574
APDN,0.443,0.462,0.752,0.671,0.504,0.109,-0.403,0.663,0.486,0.606,-0.45,0.268,0.0,0.414,-0.496,0.761,0.022,-0.712,0.557,0.321,-0.114,0.521,0.174,0.574,-0.186,0.261,0.696,0.449,0.484,-0.695,0.555,0.207,0.626,0.443,0.231,0.402,0.639,0.688,0.631,-0.089,0.656,0.746,0.681,0.684,-0.261,0.605,0.458,0.714,-0.345,0.491,0.613,-0.408,0.488,0.528,0.422,-0.37,-0.074,0.552,0.578,0.714,0.739,0.639,-0.194,0.319,0.779,0.604,0.459,0.715,0.404,-0.19,0.745,0.735,0.473,0.474,0.754,-0.331,-0.064,0.315,0.619,0.353,0.352,0.392,0.59,-0.155,0.489,-0.074,-0.125,0.706,-0.597,0.631,0.557,0.101,0.579,0.382,-0.525,-0.144,0.586,0.591,-0.796,0.425,0.488,0.718,-0.483,-0.167,0.537,-0.176,0.124,0.462,0.72,0.694,-0.315,0.662,0.328,0.383,0.465,-0.055,0.677,0.253,0.844,0.205,0.801,0.105,0.602,0.61,0.003,0.486,0.705,0.576,0.117,0.799,-0.393,0.62,0.428,0.365,0.584,-0.188,0.589,0.575,0.646,0.333,-0.584,0.61,0.72,0.618,0.773,0.599,0.765,0.52,0.159,0.611,0.643,-0.329,-0.356,0.139,-0.221,0.632,0.259,0.527,0.221,0.584,0.691,-0.05,0.529,0.732,0.136,0.519,0.68,0.361,-0.016,0.385,0.6,-0.662,0.618,0.034,0.066,0.512,0.726,0.687,0.671,0.526,0.233,0.278,0.714,0.779,-0.035,0.624,0.641,-0.095,0.322,-0.688,0.44,-0.338,0.552,0.645,0.54,0.333,-0.49,0.523,0.64,0.728
APLT,-0.027,0.416,0.506,0.465,0.255,0.207,0.041,0.597,0.226,0.331,-0.76,-0.186,0.414,0.0,-0.076,0.38,0.039,-0.381,0.659,0.42,-0.097,0.528,-0.088,0.325,0.032,0.441,0.513,0.289,0.124,-0.609,0.207,-0.029,0.668,0.477,-0.268,0.153,0.156,0.281,0.346,-0.289,0.488,0.455,0.482,0.403,-0.384,0.288,0.46,0.43,-0.446,0.548,0.427,0.104,0.272,0.368,0.097,0.109,0.318,0.403,0.271,0.541,0.375,0.203,-0.499,0.13,0.348,0.303,0.111,0.474,-0.101,0.042,0.436,0.4,0.307,0.226,0.458,-0.079,0.153,0.234,0.4,0.054,0.078,0.409,0.365,0.328,0.192,0.001,-0.204,0.502,-0.356,0.62,0.093,0.024,0.553,0.125,-0.273,-0.177,0.184,0.421,-0.43,0.282,0.323,0.527,-0.182,-0.021,0.07,-0.239,0.039,0.585,0.454,0.516,-0.044,0.252,0.438,0.346,0.152,0.43,0.281,-0.054,0.298,-0.081,0.495,0.073,0.269,0.335,-0.152,0.106,0.378,-0.094,0.113,0.481,-0.16,0.302,0.219,0.147,0.461,-0.433,0.475,0.449,0.211,0.305,-0.517,0.22,0.424,0.351,0.571,0.285,0.419,0.237,0.169,0.72,0.536,0.049,-0.273,-0.161,-0.241,0.512,0.008,0.198,0.18,0.445,0.437,0.147,0.559,0.326,-0.007,0.369,0.348,0.32,-0.296,0.351,0.637,-0.46,0.364,-0.33,0.301,0.124,0.217,0.373,0.491,0.208,0.131,-0.059,0.407,0.459,-0.276,0.534,0.348,-0.371,0.136,-0.639,0.018,-0.208,0.481,0.485,0.27,0.296,-0.32,0.315,0.496,0.423
APVO,-0.47,0.185,-0.388,-0.181,-0.353,0.518,0.184,-0.592,-0.822,-0.357,-0.134,-0.083,-0.496,-0.076,0.0,-0.776,0.225,0.467,-0.032,-0.455,0.573,-0.041,0.098,-0.136,-0.179,0.269,-0.418,-0.121,-0.279,0.36,-0.266,-0.197,-0.107,0.024,-0.557,-0.156,-0.578,-0.338,-0.165,-0.032,-0.157,-0.579,-0.135,-0.27,0.398,-0.161,0.072,-0.151,-0.324,-0.363,-0.687,0.55,-0.05,-0.126,-0.458,0.467,0.036,-0.475,-0.171,-0.458,-0.637,-0.288,-0.001,0.09,-0.317,-0.235,-0.322,-0.158,-0.537,-0.055,-0.571,-0.412,-0.213,0.089,-0.635,0.04,0.365,-0.285,-0.124,-0.13,0.076,0.281,-0.142,0.126,-0.08,-0.39,-0.361,-0.233,0.198,-0.494,-0.68,-0.425,-0.348,-0.144,0.196,-0.402,-0.348,-0.467,0.673,0.13,-0.028,-0.378,0.19,-0.084,-0.563,-0.554,-0.65,-0.144,-0.315,-0.302,0.6,-0.167,-0.152,0.065,-0.468,0.527,-0.356,0.043,-0.473,0.164,-0.432,-0.358,-0.107,-0.251,0.189,-0.254,-0.467,-0.664,0.409,-0.631,0.176,-0.433,-0.023,0.021,-0.108,0.365,-0.155,-0.285,-0.469,0.164,0.035,-0.624,-0.284,-0.182,-0.317,-0.358,-0.352,-0.202,0.309,-0.097,-0.594,0.225,-0.2,0.204,-0.295,-0.108,-0.095,-0.567,0.39,-0.07,-0.487,0.185,-0.177,-0.376,0.056,-0.032,-0.404,0.073,0.302,-0.018,-0.327,0.244,-0.129,0.123,-0.322,-0.097,-0.379,-0.379,-0.271,-0.14,-0.048,0.095,-0.256,-0.596,0.179,-0.314,-0.422,-0.02,-0.008,0.26,-0.597,-0.24,-0.636,-0.348,-0.117,-0.418,0.024,0.044,-0.406,-0.426
ARGX,0.605,0.285,0.796,0.63,0.448,-0.129,-0.42,0.756,0.81,0.51,-0.287,0.205,0.761,0.38,-0.776,0.0,0.032,-0.803,0.476,0.429,-0.282,0.363,0.16,0.52,-0.13,0.04,0.762,0.454,0.571,-0.693,0.562,0.278,0.513,0.332,0.368,0.347,0.773,0.688,0.596,0.044,0.575,0.841,0.565,0.65,-0.337,0.546,0.346,0.565,-0.053,0.601,0.723,-0.565,0.458,0.494,0.523,-0.55,-0.101,0.561,0.515,0.754,0.819,0.57,-0.079,0.26,0.68,0.627,0.576,0.604,0.372,-0.222,0.848,0.717,0.508,0.296,0.862,-0.31,-0.038,0.512,0.531,0.386,0.222,0.243,0.545,-0.263,0.401,0.037,-0.026,0.624,-0.6,0.703,0.761,0.164,0.578,0.442,-0.503,0.011,0.664,0.599,-0.883,0.307,0.45,0.752,-0.535,-0.184,0.663,0.18,0.319,0.393,0.676,0.701,-0.483,0.49,0.367,0.338,0.634,-0.325,0.514,0.21,0.762,0.12,0.735,0.2,0.493,0.613,-0.006,0.551,0.75,0.745,-0.11,0.865,-0.469,0.707,0.391,0.35,0.504,-0.311,0.543,0.639,0.714,0.253,-0.474,0.719,0.662,0.578,0.715,0.641,0.682,0.426,0.043,0.44,0.778,-0.425,-0.201,-0.079,-0.073,0.517,0.34,0.724,-0.041,0.483,0.776,-0.297,0.459,0.744,0.211,0.46,0.724,0.295,-0.171,0.399,0.574,-0.634,0.395,-0.067,0.205,0.438,0.658,0.701,0.497,0.471,0.298,0.036,0.709,0.843,-0.102,0.694,0.738,-0.124,0.348,-0.593,0.641,-0.025,0.707,0.675,0.481,0.49,-0.445,0.359,0.723,0.694
ARLP,0.45,0.467,0.374,0.538,-0.343,0.563,-0.596,0.026,0.15,0.096,-0.104,0.31,0.022,0.039,0.225,0.032,0.0,-0.381,0.356,-0.018,0.531,0.271,0.769,0.417,-0.833,0.218,0.321,0.581,0.677,-0.157,0.439,0.409,0.111,0.243,-0.512,0.235,0.322,0.078,0.519,0.523,0.464,0.198,0.338,0.468,0.448,0.353,0.549,0.406,-0.491,0.235,-0.462,-0.018,0.717,0.528,-0.112,-0.427,-0.402,-0.289,0.518,0.128,-0.125,0.298,0.291,0.756,0.386,0.552,0.456,0.474,-0.302,-0.696,0.305,0.182,0.172,0.628,0.176,-0.778,0.765,0.564,0.431,0.483,0.482,0.623,0.581,-0.462,0.734,-0.739,-0.887,0.344,-0.426,-0.035,0.202,-0.757,-0.314,0.661,-0.534,-0.808,0.629,-0.112,-0.217,0.688,0.715,0.317,-0.591,-0.619,0.272,-0.272,-0.384,-0.088,0.402,0.485,0.349,0.19,0.31,0.607,0.444,0.014,-0.149,0.421,0.146,0.236,0.224,-0.284,0.404,0.455,0.649,0.524,0.325,0.162,0.83,-0.061,-0.463,0.394,0.655,0.422,0.633,0.317,0.45,0.5,0.161,0.589,-0.484,-0.108,0.447,0.525,0.292,0.212,0.111,0.436,0.776,-0.148,0.259,-0.683,-0.718,0.301,-0.794,0.302,0.651,-0.069,0.597,0.476,0.345,-0.48,-0.043,0.218,0.381,0.591,0.388,0.728,0.059,0.621,-0.17,-0.394,0.147,0.188,-0.513,0.49,0.164,0.351,0.028,0.568,0.543,-0.211,0.387,0.008,0.501,0.424,0.509,-0.076,0.674,-0.104,-0.186,-0.138,-0.398,0.524,0.257,0.185,-0.698,0.549,0.39,0.021
ATEX,-0.605,-0.435,-0.844,-0.778,-0.246,-0.103,0.696,-0.55,-0.594,-0.505,0.446,-0.26,-0.712,-0.381,0.467,-0.803,-0.381,0.0,-0.631,-0.238,0.072,-0.508,-0.485,-0.543,0.503,-0.028,-0.79,-0.623,-0.738,0.777,-0.646,-0.203,-0.623,-0.475,0.047,-0.348,-0.727,-0.621,-0.797,-0.107,-0.766,-0.805,-0.709,-0.792,0.181,-0.7,-0.625,-0.693,0.462,-0.584,-0.376,0.561,-0.698,-0.659,-0.237,0.649,0.357,-0.406,-0.685,-0.74,-0.614,-0.618,-0.02,-0.513,-0.733,-0.752,-0.599,-0.8,-0.051,0.491,-0.815,-0.757,-0.432,-0.598,-0.787,0.682,-0.335,-0.577,-0.711,-0.516,-0.413,-0.567,-0.785,0.54,-0.695,0.409,0.426,-0.739,0.851,-0.496,-0.596,0.314,-0.276,-0.69,0.819,0.472,-0.859,-0.353,0.853,-0.63,-0.753,-0.789,0.776,0.489,-0.58,0.159,0.123,-0.25,-0.79,-0.805,0.362,-0.564,-0.262,-0.691,-0.717,0.311,-0.412,-0.371,-0.779,-0.168,-0.751,0.141,-0.681,-0.789,-0.188,-0.741,-0.817,-0.658,-0.3,-0.718,0.637,-0.749,-0.638,-0.488,-0.746,0.19,-0.719,-0.798,-0.594,-0.465,0.738,-0.435,-0.772,-0.689,-0.745,-0.576,-0.697,-0.459,-0.384,-0.439,-0.66,0.725,0.589,0.02,0.503,-0.613,-0.568,-0.508,-0.283,-0.738,-0.78,0.511,-0.308,-0.727,-0.246,-0.634,-0.792,-0.517,0.064,-0.586,-0.355,0.772,-0.451,0.01,0.177,-0.623,-0.632,-0.801,-0.512,-0.625,-0.287,0.066,-0.787,-0.73,-0.201,-0.685,-0.809,0.226,-0.524,0.613,-0.402,0.239,-0.338,-0.741,-0.574,-0.245,0.725,-0.626,-0.788,-0.605
ATRA,0.245,0.605,0.803,0.828,0.451,0.473,-0.417,0.579,0.264,0.451,-0.737,0.174,0.557,0.659,-0.032,0.476,0.356,-0.631,0.0,0.291,0.129,0.794,0.373,0.599,-0.407,0.433,0.824,0.721,0.504,-0.607,0.609,0.27,0.746,0.86,-0.362,0.593,0.413,0.493,0.725,0.113,0.83,0.736,0.833,0.758,-0.202,0.727,0.87,0.79,-0.601,0.652,0.307,-0.281,0.649,0.806,0.249,-0.155,-0.117,0.576,0.662,0.778,0.447,0.532,-0.119,0.549,0.661,0.657,0.526,0.845,0.011,-0.343,0.741,0.744,0.581,0.597,0.696,-0.426,0.444,0.62,0.774,0.412,0.435,0.777,0.83,-0.127,0.62,-0.264,-0.552,0.816,-0.749,0.711,0.362,-0.257,0.467,0.601,-0.642,-0.544,0.596,0.56,-0.67,0.713,0.685,0.847,-0.617,-0.354,0.3,-0.51,-0.289,0.366,0.782,0.867,0.074,0.601,0.468,0.764,0.528,0.192,0.49,0.474,0.482,0.257,0.683,0.071,0.72,0.805,0.244,0.552,0.743,0.182,0.532,0.65,-0.531,0.715,0.71,0.583,0.75,-0.191,0.894,0.827,0.536,0.649,-0.859,0.385,0.753,0.723,0.818,0.605,0.704,0.417,0.562,0.75,0.656,-0.378,-0.657,-0.001,-0.51,0.869,0.469,0.418,0.59,0.836,0.768,-0.117,0.69,0.611,0.389,0.754,0.72,0.732,0.001,0.765,0.624,-0.753,0.634,0.056,-0.038,0.602,0.557,0.754,0.697,0.625,0.392,0.078,0.762,0.714,0.222,0.773,0.693,-0.091,0.484,-0.803,0.179,-0.083,0.383,0.766,0.695,0.328,-0.675,0.725,0.813,0.67
AUTL,-0.104,-0.041,0.304,0.131,0.091,-0.156,0.24,0.69,0.539,0.083,-0.311,-0.43,0.321,0.42,-0.455,0.429,-0.018,-0.238,0.291,0.0,-0.43,0.159,-0.302,-0.036,0.298,0.04,0.27,0.026,-0.091,-0.509,-0.079,-0.106,0.437,0.117,-0.074,-0.067,0.135,-0.003,-0.018,-0.268,-0.002,0.3,0.053,0.126,-0.67,-0.06,-0.034,0.099,-0.121,0.392,0.598,0.052,-0.089,0.024,-0.011,0.242,0.486,0.21,-0.085,0.195,0.308,-0.109,-0.428,-0.232,0.129,0.007,-0.067,0.139,0.252,0.428,0.373,0.156,-0.077,-0.087,0.375,0.071,-0.143,0.058,-0.027,-0.29,-0.356,-0.128,0.08,0.358,0.076,0.377,0.144,0.141,0.05,0.561,0.183,0.477,0.371,-0.124,0.046,0.189,0.036,0.324,-0.408,-0.158,0.009,0.256,0.095,0.442,-0.005,0.477,0.421,0.643,0.183,0.263,-0.404,-0.135,0.463,0.039,0.187,0.041,0.141,-0.371,0.16,-0.489,0.314,0.622,-0.122,0.055,-0.316,-0.171,0.191,-0.019,-0.193,0.372,0.19,0.121,-0.117,-0.23,0.163,-0.58,0.176,0.166,0.059,-0.246,-0.13,0.228,0.152,0.06,0.309,0.051,0.082,0.054,-0.222,0.473,0.52,0.103,0.006,-0.472,0.188,0.123,-0.262,0.062,-0.308,0.026,0.281,0.209,0.344,0.095,-0.212,-0.041,0.152,0.009,-0.703,-0.042,0.568,-0.071,0.009,-0.611,0.616,-0.219,0.022,0.125,0.509,-0.049,0.037,-0.18,0.209,0.291,-0.373,0.297,0.191,-0.507,-0.189,-0.401,-0.057,0.025,0.631,0.387,-0.112,0.483,0.107,-0.032,0.329,0.153
AVDL,0.257,0.607,0.154,0.296,-0.062,0.812,-0.237,-0.238,-0.301,0.119,-0.121,0.504,-0.114,-0.097,0.573,-0.282,0.531,0.072,0.129,-0.43,0.0,0.207,0.513,0.509,-0.595,0.542,0.08,0.407,0.36,0.157,0.377,0.335,0.008,0.181,-0.15,0.345,0.078,0.212,0.366,0.457,0.303,-0.079,0.287,0.243,0.724,0.252,0.378,0.363,-0.171,0.059,-0.478,0.248,0.531,0.345,0.143,-0.05,-0.214,-0.305,0.402,-0.009,-0.112,0.354,0.176,0.587,0.293,0.435,0.364,0.3,-0.252,-0.565,-0.017,0.066,0.338,0.534,-0.098,-0.248,0.516,0.248,0.318,0.523,0.638,0.57,0.302,-0.202,0.343,-0.57,-0.622,0.227,-0.116,-0.143,0.006,-0.563,-0.045,0.379,-0.181,-0.498,0.244,-0.071,0.187,0.533,0.442,0.096,-0.339,-0.496,0.092,-0.475,-0.51,-0.107,0.183,0.193,0.66,0.341,0.265,0.321,0.039,0.402,0.038,0.491,0.068,0.672,0.092,-0.224,0.373,0.227,0.597,0.296,0.057,-0.046,0.615,-0.172,-0.353,0.146,0.469,0.499,0.29,0.755,0.25,0.161,0.222,0.627,-0.225,-0.041,0.288,0.443,0.143,0.258,0.1,0.441,0.669,-0.164,-0.057,-0.144,-0.46,0.674,-0.569,0.252,0.456,-0.077,0.689,0.286,0.08,0.004,0.158,0.248,0.513,0.518,0.193,0.457,0.57,0.413,-0.134,-0.257,0.297,0.467,-0.36,0.481,0.248,0.142,-0.137,0.436,0.559,0.297,0.274,-0.13,0.379,0.198,0.185,0.233,0.583,0.105,-0.122,-0.246,-0.392,0.178,0.346,-0.038,-0.487,0.43,0.031,0.034
BCRX,0.327,0.618,0.685,0.675,0.592,0.467,-0.414,0.463,0.171,0.56,-0.607,0.371,0.521,0.528,-0.041,0.363,0.271,-0.508,0.794,0.159,0.207,0.0,0.39,0.658,-0.4,0.474,0.76,0.761,0.482,-0.412,0.659,0.412,0.627,0.753,-0.163,0.71,0.436,0.521,0.695,0.258,0.779,0.682,0.808,0.731,-0.026,0.698,0.846,0.788,-0.386,0.562,0.182,-0.26,0.611,0.793,0.392,-0.146,-0.264,0.601,0.725,0.738,0.483,0.623,0.006,0.566,0.638,0.645,0.492,0.731,0.135,-0.412,0.642,0.751,0.67,0.624,0.64,-0.314,0.26,0.624,0.759,0.562,0.572,0.727,0.764,-0.169,0.584,-0.134,-0.489,0.775,-0.652,0.582,0.438,-0.267,0.332,0.619,-0.616,-0.421,0.512,0.629,-0.556,0.69,0.615,0.78,-0.582,-0.417,0.382,-0.436,-0.298,0.106,0.723,0.745,0.155,0.682,0.368,0.744,0.444,0.184,0.507,0.593,0.438,0.418,0.631,0.055,0.698,0.756,0.247,0.565,0.696,0.23,0.513,0.593,-0.595,0.698,0.723,0.64,0.655,0.001,0.852,0.758,0.578,0.583,-0.749,0.413,0.714,0.679,0.747,0.706,0.76,0.482,0.565,0.622,0.619,-0.28,-0.583,0.182,-0.479,0.815,0.51,0.48,0.65,0.762,0.713,-0.099,0.721,0.578,0.432,0.695,0.719,0.715,0.231,0.74,0.55,-0.718,0.714,0.234,-0.13,0.689,0.623,0.735,0.601,0.656,0.415,0.145,0.687,0.678,0.38,0.672,0.659,0.142,0.528,-0.631,0.285,-0.002,0.334,0.695,0.692,0.194,-0.642,0.708,0.726,0.711
BHAT,0.651,0.553,0.469,0.623,-0.025,0.52,-0.798,-0.027,0.139,0.335,-0.077,0.594,0.174,-0.088,0.098,0.16,0.769,-0.485,0.373,-0.302,0.513,0.39,0.0,0.592,-0.887,0.222,0.467,0.702,0.793,-0.101,0.664,0.566,0.064,0.363,-0.194,0.484,0.522,0.416,0.687,0.614,0.634,0.381,0.525,0.611,0.569,0.586,0.64,0.58,-0.354,0.235,-0.408,-0.318,0.793,0.668,0.143,-0.622,-0.673,0.012,0.741,0.346,0.095,0.581,0.421,0.859,0.538,0.691,0.645,0.574,-0.059,-0.856,0.428,0.412,0.43,0.717,0.339,-0.731,0.59,0.627,0.634,0.732,0.714,0.701,0.693,-0.662,0.746,-0.69,-0.772,0.505,-0.628,0.02,0.43,-0.773,-0.201,0.787,-0.698,-0.715,0.732,0.097,-0.325,0.787,0.744,0.467,-0.727,-0.781,0.515,-0.443,-0.439,-0.32,0.53,0.564,0.327,0.526,0.132,0.623,0.536,-0.135,0.18,0.697,0.385,0.517,0.372,-0.434,0.654,0.631,0.712,0.725,0.533,0.496,0.754,0.175,-0.616,0.599,0.786,0.602,0.656,0.496,0.568,0.588,0.438,0.694,-0.538,0.183,0.595,0.652,0.414,0.461,0.389,0.56,0.777,-0.135,0.285,-0.756,-0.679,0.515,-0.754,0.475,0.811,0.244,0.699,0.606,0.479,-0.573,0.077,0.458,0.518,0.722,0.57,0.75,0.408,0.701,-0.129,-0.568,0.383,0.527,-0.707,0.745,0.469,0.565,0.057,0.72,0.524,0.06,0.525,0.256,0.622,0.467,0.643,0.223,0.78,-0.137,0.203,-0.142,-0.334,0.53,0.557,0.048,-0.794,0.666,0.454,0.314
BLBD,0.702,0.82,0.78,0.794,0.509,0.608,-0.535,0.46,0.37,0.617,-0.377,0.709,0.574,0.325,-0.136,0.52,0.417,-0.543,0.599,-0.036,0.509,0.658,0.592,0.0,-0.604,0.655,0.761,0.794,0.775,-0.343,0.877,0.663,0.428,0.526,0.207,0.763,0.706,0.783,0.826,0.485,0.828,0.689,0.794,0.786,0.37,0.736,0.721,0.87,-0.184,0.531,0.177,-0.302,0.84,0.799,0.687,-0.435,-0.293,0.395,0.845,0.687,0.61,0.856,0.147,0.803,0.864,0.891,0.818,0.772,0.195,-0.679,0.726,0.728,0.859,0.692,0.69,-0.409,0.33,0.703,0.802,0.823,0.807,0.75,0.754,-0.312,0.625,-0.316,-0.531,0.779,-0.63,0.557,0.681,-0.329,0.485,0.72,-0.577,-0.382,0.72,0.62,-0.598,0.754,0.713,0.776,-0.714,-0.57,0.703,-0.382,-0.137,0.138,0.762,0.794,0.29,0.831,0.526,0.576,0.567,0.148,0.613,0.7,0.697,0.727,0.734,-0.016,0.812,0.75,0.516,0.736,0.757,0.553,0.492,0.635,-0.661,0.791,0.79,0.795,0.686,0.383,0.765,0.708,0.842,0.788,-0.618,0.665,0.84,0.89,0.78,0.864,0.75,0.822,0.679,0.312,0.654,-0.376,-0.533,0.632,-0.511,0.778,0.67,0.628,0.681,0.691,0.758,-0.165,0.657,0.849,0.653,0.887,0.799,0.755,0.467,0.787,0.453,-0.77,0.72,0.532,-0.167,0.867,0.837,0.766,0.363,0.824,0.793,0.412,0.823,0.69,0.31,0.839,0.791,0.253,0.827,-0.472,0.513,-0.146,0.283,0.746,0.799,0.379,-0.792,0.723,0.657,0.765
BMRN,-0.646,-0.614,-0.51,-0.684,0.066,-0.64,0.82,-0.013,-0.071,-0.408,0.18,-0.606,-0.186,0.032,-0.179,-0.13,-0.833,0.503,-0.407,0.298,-0.595,-0.4,-0.887,-0.604,0.0,-0.301,-0.48,-0.746,-0.81,0.181,-0.694,-0.531,-0.185,-0.425,0.284,-0.486,-0.53,-0.408,-0.746,-0.575,-0.672,-0.373,-0.592,-0.679,-0.567,-0.652,-0.701,-0.625,0.477,-0.319,0.429,0.273,-0.825,-0.709,-0.081,0.628,0.661,0.048,-0.773,-0.346,-0.107,-0.617,-0.356,-0.879,-0.575,-0.719,-0.607,-0.653,0.153,0.876,-0.422,-0.447,-0.389,-0.827,-0.332,0.773,-0.626,-0.622,-0.69,-0.738,-0.767,-0.766,-0.745,0.631,-0.842,0.805,0.873,-0.578,0.644,-0.024,-0.382,0.806,0.234,-0.823,0.774,0.82,-0.752,-0.07,0.328,-0.872,-0.838,-0.488,0.781,0.837,-0.475,0.482,0.511,0.273,-0.607,-0.592,-0.411,-0.553,-0.192,-0.706,-0.553,0.05,-0.175,-0.695,-0.411,-0.535,-0.427,0.41,-0.695,-0.669,-0.736,-0.737,-0.536,-0.411,-0.825,-0.15,0.675,-0.581,-0.832,-0.616,-0.736,-0.5,-0.613,-0.616,-0.398,-0.751,0.631,-0.113,-0.644,-0.701,-0.467,-0.447,-0.415,-0.615,-0.862,0.097,-0.283,0.78,0.825,-0.515,0.881,-0.529,-0.828,-0.182,-0.763,-0.667,-0.488,0.483,-0.117,-0.471,-0.465,-0.764,-0.598,-0.792,-0.401,-0.69,0.085,0.651,-0.466,-0.49,0.725,-0.768,-0.485,-0.582,-0.162,-0.783,-0.497,-0.067,-0.569,-0.224,-0.651,-0.489,-0.65,-0.154,-0.781,0.228,-0.063,0.226,0.35,-0.579,-0.511,-0.026,0.861,-0.775,-0.49,-0.314
BNGO,0.182,0.798,0.415,0.483,0.3,0.797,-0.015,0.387,-0.043,0.48,-0.542,0.337,0.261,0.441,0.269,0.04,0.218,-0.028,0.433,0.04,0.542,0.474,0.222,0.655,-0.301,0.0,0.379,0.496,0.271,-0.192,0.465,0.409,0.404,0.425,-0.0,0.516,0.269,0.469,0.445,0.154,0.468,0.267,0.538,0.456,0.292,0.399,0.471,0.587,-0.238,0.429,0.047,0.162,0.461,0.473,0.368,0.107,0.191,0.16,0.489,0.344,0.351,0.509,-0.241,0.45,0.494,0.484,0.326,0.485,0.028,-0.274,0.307,0.36,0.53,0.503,0.29,0.015,0.151,0.26,0.513,0.419,0.586,0.562,0.376,0.266,0.301,-0.192,-0.414,0.534,-0.134,0.444,0.192,-0.125,0.495,0.253,-0.196,-0.207,0.172,0.466,-0.156,0.499,0.413,0.407,-0.258,-0.292,0.236,-0.422,-0.132,0.317,0.457,0.442,0.58,0.539,0.613,0.244,0.095,0.633,0.49,0.319,0.347,0.518,0.507,0.127,0.461,0.328,0.287,0.193,0.317,-0.044,0.405,0.302,-0.223,0.329,0.413,0.425,0.458,0.326,0.46,0.302,0.402,0.609,-0.383,0.399,0.527,0.584,0.544,0.476,0.434,0.656,0.56,0.363,0.365,0.154,-0.426,0.59,-0.404,0.588,0.239,0.209,0.615,0.41,0.365,0.41,0.687,0.465,0.351,0.602,0.383,0.508,0.297,0.403,0.528,-0.48,0.647,0.285,0.044,0.423,0.475,0.348,0.368,0.515,0.53,0.507,0.467,0.289,-0.001,0.551,0.355,0.085,0.44,-0.431,0.006,-0.286,0.227,0.471,0.415,0.278,-0.462,0.537,0.311,0.457
BUSE,0.635,0.626,0.945,0.898,0.606,0.338,-0.618,0.713,0.559,0.699,-0.56,0.444,0.696,0.513,-0.418,0.762,0.321,-0.79,0.824,0.27,0.08,0.76,0.467,0.761,-0.48,0.379,0.0,0.869,0.738,-0.639,0.849,0.51,0.689,0.771,0.05,0.729,0.776,0.746,0.879,0.323,0.893,0.969,0.908,0.923,-0.09,0.833,0.809,0.872,-0.302,0.808,0.476,-0.571,0.771,0.905,0.564,-0.514,-0.307,0.667,0.85,0.951,0.771,0.808,0.016,0.631,0.84,0.861,0.787,0.884,0.285,-0.524,0.937,0.936,0.767,0.661,0.948,-0.441,0.262,0.81,0.874,0.679,0.607,0.679,0.898,-0.307,0.71,-0.192,-0.464,0.926,-0.818,0.796,0.772,-0.177,0.525,0.765,-0.772,-0.365,0.813,0.716,-0.878,0.743,0.77,0.992,-0.784,-0.512,0.66,-0.235,-0.082,0.209,0.939,0.937,-0.034,0.76,0.506,0.721,0.725,-0.052,0.66,0.604,0.746,0.416,0.871,0.134,0.832,0.927,0.288,0.763,0.933,0.618,0.387,0.883,-0.713,0.935,0.81,0.689,0.787,-0.069,0.924,0.952,0.841,0.638,-0.822,0.722,0.924,0.88,0.926,0.853,0.882,0.625,0.549,0.573,0.883,-0.549,-0.617,0.17,-0.472,0.882,0.664,0.76,0.506,0.87,0.978,-0.235,0.743,0.845,0.518,0.834,0.952,0.736,0.116,0.793,0.68,-0.903,0.766,0.212,-0.065,0.77,0.814,0.954,0.672,0.826,0.512,0.173,0.898,0.918,0.274,0.887,0.93,0.113,0.644,-0.776,0.494,0.026,0.572,0.918,0.793,0.47,-0.779,0.767,0.963,0.857
CAKE,0.691,0.729,0.818,0.863,0.459,0.605,-0.72,0.454,0.334,0.671,-0.447,0.632,0.449,0.289,-0.121,0.454,0.581,-0.623,0.721,0.026,0.407,0.761,0.702,0.794,-0.746,0.496,0.869,0.0,0.829,-0.37,0.914,0.678,0.509,0.742,-0.073,0.827,0.727,0.645,0.906,0.603,0.88,0.793,0.879,0.908,0.282,0.86,0.892,0.858,-0.304,0.712,0.064,-0.491,0.883,0.955,0.497,-0.545,-0.484,0.451,0.941,0.785,0.556,0.85,0.241,0.833,0.782,0.902,0.819,0.843,0.107,-0.768,0.779,0.839,0.766,0.813,0.755,-0.545,0.443,0.88,0.906,0.845,0.83,0.806,0.918,-0.448,0.815,-0.425,-0.722,0.88,-0.757,0.545,0.701,-0.477,0.227,0.913,-0.817,-0.571,0.821,0.563,-0.649,0.905,0.867,0.865,-0.868,-0.759,0.645,-0.36,-0.319,-0.084,0.889,0.859,0.303,0.77,0.515,0.814,0.717,0.018,0.528,0.794,0.594,0.63,0.743,0.017,0.873,0.924,0.528,0.836,0.842,0.51,0.678,0.626,-0.812,0.899,0.953,0.813,0.816,0.261,0.916,0.913,0.769,0.797,-0.814,0.57,0.893,0.917,0.802,0.824,0.771,0.709,0.827,0.304,0.718,-0.626,-0.789,0.435,-0.695,0.85,0.866,0.622,0.766,0.864,0.873,-0.285,0.64,0.748,0.64,0.917,0.918,0.875,0.368,0.864,0.432,-0.876,0.783,0.441,-0.344,0.889,0.771,0.895,0.503,0.944,0.644,0.199,0.83,0.693,0.575,0.814,0.895,0.292,0.814,-0.595,0.338,0.05,0.23,0.873,0.809,0.324,-0.896,0.887,0.861,0.719
CASY,0.885,0.636,0.771,0.822,0.218,0.414,-0.84,0.349,0.498,0.545,-0.144,0.695,0.484,0.124,-0.279,0.571,0.677,-0.738,0.504,-0.091,0.36,0.482,0.793,0.775,-0.81,0.271,0.738,0.829,0.0,-0.335,0.88,0.711,0.264,0.417,0.069,0.632,0.847,0.649,0.882,0.63,0.816,0.714,0.712,0.829,0.419,0.779,0.714,0.744,-0.235,0.529,-0.02,-0.549,0.92,0.808,0.461,-0.819,-0.593,0.247,0.876,0.64,0.51,0.825,0.417,0.867,0.787,0.923,0.868,0.763,0.094,-0.886,0.762,0.709,0.668,0.753,0.69,-0.761,0.483,0.83,0.802,0.868,0.793,0.681,0.81,-0.689,0.785,-0.567,-0.662,0.732,-0.773,0.344,0.759,-0.586,0.081,0.932,-0.808,-0.595,0.934,0.392,-0.693,0.82,0.846,0.735,-0.913,-0.822,0.816,-0.26,-0.124,-0.123,0.775,0.808,0.133,0.685,0.387,0.69,0.8,-0.255,0.403,0.707,0.67,0.587,0.661,-0.153,0.811,0.824,0.59,0.937,0.798,0.719,0.607,0.534,-0.832,0.862,0.874,0.774,0.794,0.311,0.72,0.798,0.755,0.768,-0.641,0.499,0.825,0.859,0.675,0.733,0.639,0.714,0.723,0.016,0.609,-0.772,-0.663,0.492,-0.659,0.646,0.902,0.578,0.609,0.711,0.782,-0.591,0.314,0.758,0.575,0.853,0.848,0.759,0.351,0.765,0.142,-0.79,0.547,0.461,-0.435,0.861,0.727,0.805,0.239,0.868,0.694,0.103,0.761,0.606,0.517,0.769,0.889,0.247,0.876,-0.394,0.455,-0.07,0.06,0.776,0.675,0.327,-0.905,0.748,0.725,0.604
CCOI,-0.197,-0.417,-0.725,-0.634,-0.138,-0.153,0.306,-0.722,-0.483,-0.437,0.728,0.178,-0.695,-0.609,0.36,-0.693,-0.157,0.777,-0.607,-0.509,0.157,-0.412,-0.101,-0.343,0.181,-0.192,-0.639,-0.37,-0.335,0.0,-0.326,0.171,-0.827,-0.478,0.187,-0.104,-0.447,-0.482,-0.544,0.351,-0.546,-0.633,-0.589,-0.614,0.535,-0.437,-0.438,-0.566,0.601,-0.637,-0.583,0.219,-0.414,-0.433,-0.009,0.244,-0.112,-0.312,-0.413,-0.623,-0.567,-0.346,0.547,-0.179,-0.582,-0.473,-0.234,-0.689,-0.024,0.037,-0.649,-0.568,-0.181,-0.443,-0.654,0.344,-0.142,-0.208,-0.495,-0.134,-0.09,-0.424,-0.573,0.001,-0.485,0.237,0.272,-0.646,0.568,-0.601,-0.281,-0.031,-0.517,-0.266,0.551,0.259,-0.513,-0.32,0.712,-0.402,-0.568,-0.645,0.405,0.093,-0.21,0.078,0.052,-0.673,-0.656,-0.649,0.38,-0.353,-0.331,-0.433,-0.373,-0.081,-0.363,0.048,-0.666,0.153,-0.722,-0.032,-0.41,-0.521,0.115,-0.283,-0.567,-0.318,-0.094,-0.662,0.27,-0.437,-0.304,-0.124,-0.605,0.438,-0.553,-0.571,-0.333,-0.253,0.66,-0.334,-0.615,-0.502,-0.714,-0.328,-0.595,-0.324,-0.148,-0.718,-0.62,0.377,0.505,0.261,0.392,-0.524,-0.122,-0.241,-0.067,-0.6,-0.601,0.019,-0.418,-0.533,0.075,-0.419,-0.542,-0.314,0.424,-0.327,-0.617,0.633,-0.42,0.407,-0.123,-0.257,-0.412,-0.579,-0.707,-0.366,-0.034,0.06,-0.654,-0.577,0.24,-0.541,-0.563,0.594,-0.164,0.699,-0.07,0.432,-0.533,-0.622,-0.303,-0.307,0.464,-0.462,-0.656,-0.446
CEVA,0.833,0.716,0.829,0.846,0.551,0.512,-0.735,0.434,0.391,0.751,-0.307,0.803,0.555,0.207,-0.266,0.562,0.439,-0.646,0.609,-0.079,0.377,0.659,0.664,0.877,-0.694,0.465,0.849,0.914,0.88,-0.326,0.0,0.74,0.427,0.628,0.228,0.862,0.843,0.792,0.923,0.599,0.882,0.818,0.863,0.898,0.366,0.888,0.792,0.874,-0.161,0.646,0.152,-0.589,0.875,0.9,0.665,-0.641,-0.522,0.503,0.943,0.787,0.677,0.958,0.318,0.83,0.857,0.939,0.899,0.83,0.236,-0.79,0.812,0.869,0.834,0.785,0.793,-0.525,0.316,0.825,0.911,0.895,0.884,0.711,0.855,-0.527,0.744,-0.373,-0.548,0.868,-0.764,0.548,0.798,-0.391,0.322,0.897,-0.778,-0.445,0.835,0.634,-0.699,0.838,0.813,0.853,-0.882,-0.738,0.794,-0.337,-0.157,-0.087,0.872,0.838,0.255,0.894,0.452,0.707,0.76,-0.118,0.678,0.816,0.742,0.74,0.798,0.019,0.933,0.899,0.533,0.896,0.892,0.693,0.531,0.698,-0.83,0.924,0.905,0.852,0.773,0.367,0.843,0.844,0.888,0.783,-0.704,0.71,0.91,0.935,0.805,0.902,0.812,0.814,0.722,0.227,0.686,-0.569,-0.643,0.575,-0.567,0.825,0.855,0.735,0.71,0.806,0.869,-0.314,0.614,0.879,0.669,0.915,0.931,0.763,0.507,0.794,0.392,-0.872,0.799,0.593,-0.305,0.952,0.909,0.908,0.448,0.944,0.684,0.369,0.841,0.77,0.514,0.812,0.897,0.393,0.839,-0.53,0.561,-0.018,0.273,0.815,0.844,0.324,-0.867,0.84,0.785,0.817
