,AAPL,ACRS,ADP,AFYA,AGNC,AGYS,ALT,AMGN,AMPH,AMZN,ANIP,AOSL,APDN,APLT,APVO,ARGX,ARLP,ATEX,ATRA,AUTL,AVDL,BCRX,BHAT,BLBD,BMRN,BNGO,BUSE,CAKE,CASY,CCOI,CEVA,CHY,CLDX,CLMT,COHU,COLM,COST,CPRT,CSWC,CSX,DBX,DCOM,DKNG,DMLP,DOX,EA,EDIT,ENPH,ENSG,ERNA,ESGR,ETNB,EXTR,FANG,FARO,FATE,FGEN,FIVE,FIVN,FLGT,FOLD,FORM,FOXA,FRPT,FSLR,FTAI,GBDC,GDYN,GGAL,GNLN,GRFS,GT,HCAT,HCM,HFWA,HOLX,HQY,HUBG,IAC,ICLR,IDCC,IEP,IHRT,ILMN,ILPT,IMAB,IMOS,INMD,INTZ,JAZZ,JKHY,JRVR,KIDS,LBRDK,LGND,LMAT,LPLA,LULU,MASI,MAT,MATW,MBIN,MBIO,MCRB,MDB,MDLZ,MELI,MIRM,MLKN,MNMD,MNRO,MPWR,MRCY,MRSN,MTVA,NAAS,NDAQ,NDSN,NEGG,NOVT,NVDA,NWE,NWSA,NXST,OCX,ODFL,OMAB,OPCH,OPRA,ORGO,OTRK,OZK,PAGP,PCH,PEGA,PENG,PENN,PFBC,PGNY,PHAT,PHUN,PINC,PLUG,PLXS,PYPL,QLYS,QNCX,QQQX,QVCGA,RAPT,RBBN,RCKT,REPL,RMBS,ROAD,ROKU,ROP,RUSHA,SANM,SATS,SBCF,SBLK,SBUX,SCHL,SCSC,SDGR,SEIC,SFIX,SGRY,SKYW,SLP,SNES,STAA,STLD,STOK,SWKS,TER,TFIN,TIGO,TILE,TPIC,TTEC,TTEK,TTGT,UXIN,VERU,VLYPP,VNOM,VRNS,VRSN,WDAY,WERN,WINA,WKHS,WRLD,XP,XTKG,YY,ZION,ZM
AAPL,0.0,0.447,0.127,0.597,-0.172,-0.233,-0.794,-0.479,0.553,0.737,0.636,0.81,-0.322,-0.686,-0.15,-0.691,0.697,-0.58,-0.485,-0.8,0.47,-0.473,0.743,0.41,-0.813,-0.519,-0.201,0.461,0.903,0.537,0.203,0.747,-0.689,0.259,0.054,0.237,0.838,0.736,0.655,0.796,0.685,-0.115,0.452,0.627,0.858,0.543,-0.338,-0.154,-0.128,0.023,-0.829,-0.643,0.636,0.497,0.368,-0.822,-0.797,0.342,0.786,-0.078,-0.517,0.751,0.658,0.429,0.188,0.716,0.149,0.073,0.3,-0.889,0.287,0.363,0.208,0.044,-0.443,-0.413,0.25,0.529,0.581,0.791,0.85,0.301,0.417,-0.748,0.684,-0.663,-0.605,0.359,-0.639,-0.671,0.735,-0.783,-0.707,0.735,-0.722,-0.465,0.782,-0.213,-0.285,0.632,0.573,-0.209,-0.736,-0.847,0.916,-0.284,-0.311,-0.775,0.482,0.205,0.181,0.517,-0.548,-0.356,-0.07,-0.631,-0.516,0.791,0.094,0.809,0.037,-0.651,0.457,0.427,0.627,0.862,0.19,0.791,0.557,-0.647,-0.646,0.488,0.736,0.657,0.361,0.707,-0.09,0.313,-0.069,0.69,-0.425,0.225,0.216,0.501,0.306,-0.043,-0.005,-0.211,0.623,-0.731,-0.314,-0.764,-0.555,0.651,-0.59,-0.173,0.899,0.374,0.576,0.35,-0.014,-0.66,-0.48,-0.164,-0.3,0.591,0.459,0.122,0.712,0.672,-0.702,-0.65,0.274,0.689,-0.771,0.486,0.246,0.424,-0.613,0.798,-0.204,-0.414,0.454,-0.597,0.777,-0.206,0.733,0.705,0.339,0.122,0.398,0.25,-0.797,-0.093,0.434,0.391,-0.733,0.6,0.129,-0.154
ACRS,0.447,0.0,0.629,0.722,-0.006,0.097,-0.378,0.208,0.554,0.393,0.145,0.599,0.025,0.037,0.288,-0.349,0.686,-0.541,0.045,-0.272,0.442,-0.322,0.467,0.62,-0.522,-0.198,0.197,0.586,0.561,0.042,0.13,0.558,-0.137,0.633,-0.254,0.271,0.291,0.636,0.657,0.377,0.756,0.108,0.586,0.679,0.481,0.419,-0.343,0.227,-0.335,0.635,-0.437,-0.438,0.677,0.606,0.484,-0.224,-0.294,0.21,0.634,0.156,-0.26,0.561,0.101,0.219,0.262,0.68,0.083,0.43,0.433,-0.544,0.678,0.475,0.466,0.142,-0.101,-0.125,0.396,0.414,0.641,0.525,0.682,0.563,0.52,-0.342,0.597,-0.449,-0.634,0.668,-0.581,-0.0,0.456,-0.526,-0.259,0.489,-0.477,-0.502,0.607,0.205,-0.464,0.582,0.631,0.22,-0.428,-0.642,0.414,-0.487,-0.359,-0.166,0.602,0.616,0.12,0.38,-0.175,-0.473,-0.255,-0.044,-0.175,0.501,0.097,0.572,0.557,-0.266,0.483,0.422,0.346,0.515,0.229,0.092,0.635,-0.39,-0.177,0.577,0.65,0.679,0.581,0.4,0.209,0.569,0.012,0.617,-0.557,0.463,0.42,0.718,0.845,0.107,0.151,-0.119,0.656,-0.097,0.218,-0.412,-0.617,0.341,-0.539,0.196,0.519,0.035,0.725,0.469,0.329,-0.253,0.175,0.202,-0.178,0.857,0.556,0.184,0.332,0.781,-0.016,-0.741,0.439,0.123,-0.264,0.352,0.187,0.516,-0.276,0.706,0.047,-0.172,0.773,-0.308,0.42,0.145,0.633,0.269,0.332,-0.348,0.177,-0.202,-0.417,0.292,0.567,0.709,-0.657,0.64,0.487,0.23
ADP,0.127,0.629,0.0,0.643,0.081,0.63,-0.219,0.298,-0.055,0.154,-0.406,0.164,0.262,0.323,0.78,-0.248,0.509,-0.111,0.641,0.036,0.655,0.259,0.425,0.685,-0.404,0.286,0.713,0.775,0.356,-0.281,0.548,0.329,0.391,0.567,-0.53,0.545,0.172,0.237,0.697,0.299,0.556,0.593,0.7,0.655,0.295,0.607,0.28,0.703,-0.433,0.701,-0.161,0.047,0.713,0.72,0.073,0.085,-0.03,-0.008,0.564,0.584,0.044,0.445,0.074,0.544,0.63,0.668,0.422,0.881,-0.163,-0.335,0.785,0.615,0.499,0.608,0.422,-0.31,0.678,0.639,0.709,0.449,0.487,0.803,0.772,-0.027,0.463,-0.43,-0.638,0.804,-0.272,0.358,0.112,-0.282,0.147,0.568,-0.233,-0.646,0.439,0.277,-0.622,0.679,0.729,0.705,-0.34,-0.311,0.082,-0.56,-0.496,0.147,0.766,0.916,0.442,0.526,0.27,0.045,0.286,0.325,0.179,0.355,0.395,0.342,0.649,0.042,0.734,0.718,0.392,0.323,0.636,-0.201,0.76,0.125,-0.203,0.712,0.59,0.546,0.747,0.284,0.739,0.822,0.362,0.571,-0.59,0.143,0.805,0.838,0.712,0.464,0.462,0.288,0.717,0.273,0.482,-0.108,-0.633,0.307,-0.608,0.709,0.348,0.006,0.798,0.724,0.77,0.003,0.464,0.554,0.313,0.786,0.774,0.639,0.206,0.539,0.258,-0.561,0.635,0.132,-0.081,0.629,0.493,0.707,0.25,0.545,0.435,0.199,0.786,0.201,0.196,0.585,0.604,-0.033,0.61,-0.414,-0.168,-0.185,-0.076,0.714,0.399,0.127,-0.61,0.694,0.861,0.432
AFYA,0.597,0.722,0.643,0.0,-0.13,0.057,-0.717,-0.189,0.368,0.613,0.043,0.617,0.083,-0.217,0.43,-0.7,0.819,-0.662,0.127,-0.586,0.549,-0.266,0.719,0.551,-0.834,-0.34,0.239,0.704,0.808,-0.02,0.203,0.524,-0.131,0.743,-0.574,0.281,0.497,0.708,0.878,0.521,0.886,0.221,0.836,0.905,0.508,0.72,-0.116,0.177,-0.674,0.486,-0.715,-0.493,0.81,0.826,0.152,-0.596,-0.62,0.381,0.823,0.273,-0.534,0.677,0.239,0.524,0.343,0.809,0.122,0.591,0.191,-0.774,0.691,0.562,0.225,0.168,-0.235,-0.546,0.595,0.561,0.834,0.612,0.792,0.78,0.805,-0.587,0.85,-0.767,-0.89,0.773,-0.787,-0.257,0.363,-0.8,-0.511,0.734,-0.795,-0.8,0.809,-0.117,-0.691,0.887,0.852,0.196,-0.784,-0.742,0.507,-0.766,-0.641,-0.401,0.864,0.731,0.265,0.588,-0.374,-0.236,-0.102,-0.3,-0.449,0.748,0.092,0.682,0.364,-0.598,0.658,0.738,0.594,0.767,0.392,0.269,0.846,-0.462,-0.61,0.625,0.892,0.71,0.762,0.357,0.39,0.729,-0.121,0.854,-0.864,0.057,0.562,0.761,0.763,-0.055,0.241,-0.234,0.852,-0.129,0.001,-0.718,-0.871,0.391,-0.826,0.288,0.781,0.138,0.85,0.779,0.33,-0.52,-0.128,0.031,-0.212,0.832,0.628,0.434,0.46,0.87,-0.263,-0.889,0.467,0.459,-0.674,0.503,0.176,0.695,-0.2,0.847,-0.149,-0.42,0.842,-0.437,0.71,0.108,0.863,0.413,0.332,-0.517,-0.039,-0.087,-0.654,0.229,0.651,0.453,-0.898,0.878,0.66,0.001
AGNC,-0.172,-0.006,0.081,-0.13,0.0,0.153,0.25,0.158,-0.248,0.126,-0.152,0.068,0.202,0.161,0.079,-0.027,-0.455,0.308,0.277,0.086,0.017,0.323,-0.273,0.271,0.316,0.262,0.397,0.197,-0.251,0.322,0.307,0.224,0.122,0.217,0.412,0.604,-0.084,0.148,-0.016,0.127,-0.006,0.529,0.255,0.009,-0.063,0.221,0.157,0.331,0.422,0.031,0.329,0.067,-0.135,0.225,0.503,0.304,0.109,0.468,0.073,0.512,0.475,0.231,0.086,-0.016,0.193,-0.013,0.242,0.042,0.191,0.179,0.188,0.534,0.637,0.048,0.389,0.495,-0.344,0.21,0.142,0.126,0.086,0.018,0.023,0.252,-0.261,0.544,0.311,0.222,0.136,0.443,0.245,0.333,0.377,-0.034,0.237,0.355,-0.267,0.68,-0.019,-0.079,-0.279,0.426,0.164,0.18,-0.032,-0.076,0.032,-0.013,0.079,0.081,0.22,0.47,0.166,0.061,0.039,0.214,0.488,0.186,-0.075,0.238,0.175,0.336,0.25,0.192,-0.079,-0.062,0.3,-0.083,-0.171,0.472,0.013,0.314,0.035,0.264,-0.251,0.125,0.332,0.15,0.547,-0.039,0.072,0.322,0.149,0.103,0.15,0.562,0.471,0.161,-0.115,0.341,0.289,0.348,0.281,0.141,0.382,0.439,-0.106,0.673,0.125,0.064,0.361,0.362,0.618,0.323,0.348,0.051,0.29,0.106,0.397,0.012,0.493,0.007,0.511,0.262,0.243,0.264,0.571,0.259,0.278,0.033,0.195,0.571,0.099,0.469,-0.052,0.252,-0.039,0.4,0.036,-0.132,0.408,0.511,0.443,0.096,0.244,-0.095,0.198,-0.005,0.226,0.723
AGYS,-0.233,0.097,0.63,0.057,0.153,0.0,0.272,0.398,-0.606,-0.235,-0.662,-0.388,0.294,0.551,0.701,0.19,-0.004,0.6,0.799,0.51,0.55,0.794,0.107,0.547,0.057,0.873,0.833,0.53,-0.11,-0.315,0.775,0.042,0.624,-0.027,-0.184,0.587,0.052,-0.376,0.213,0.076,-0.113,0.692,0.219,0.157,0.034,0.237,0.738,0.898,-0.013,0.385,0.314,0.66,0.346,0.325,-0.151,0.51,0.458,-0.42,0.114,0.556,0.594,0.121,-0.094,0.593,0.789,0.279,0.727,0.709,-0.505,0.139,0.424,0.268,0.455,0.777,0.848,-0.173,0.407,0.501,0.246,0.195,0.002,0.454,0.389,0.538,-0.114,0.012,-0.176,0.396,0.422,0.638,-0.099,0.307,0.64,0.202,0.389,-0.152,-0.083,0.425,-0.242,0.234,0.284,0.817,0.142,0.318,-0.222,-0.117,0.007,0.519,0.337,0.617,0.658,0.342,0.809,0.464,0.695,0.734,0.679,-0.169,0.607,-0.164,0.569,0.494,0.464,0.372,0.26,-0.222,0.647,-0.363,0.371,0.706,0.065,0.442,0.051,0.033,0.415,0.224,0.772,0.421,0.751,0.153,0.007,-0.068,0.768,0.522,0.098,0.737,0.52,0.859,0.308,0.451,0.808,0.499,-0.07,0.321,-0.206,0.797,-0.171,-0.021,0.368,0.33,0.817,0.482,0.666,0.744,0.785,0.275,0.539,0.711,-0.101,-0.104,0.524,0.058,0.448,0.004,0.348,0.532,0.619,0.376,0.625,0.028,0.851,0.634,0.213,0.731,-0.372,0.89,0.198,-0.309,0.693,-0.045,-0.295,-0.135,0.49,0.893,-0.04,-0.38,-0.114,0.202,0.591,0.526
ALT,-0.794,-0.378,-0.219,-0.717,0.25,0.272,0.0,0.606,-0.378,-0.623,-0.453,-0.723,0.185,0.617,-0.047,0.871,-0.768,0.704,0.277,0.815,-0.353,0.407,-0.83,-0.254,0.91,0.612,0.084,-0.515,-0.887,-0.276,-0.133,-0.55,0.49,-0.463,0.358,-0.146,-0.678,-0.674,-0.761,-0.663,-0.738,-0.004,-0.61,-0.764,-0.648,-0.674,0.202,0.092,0.502,0.011,0.933,0.669,-0.655,-0.647,-0.049,0.861,0.935,-0.364,-0.802,-0.063,0.712,-0.647,-0.59,-0.497,-0.117,-0.644,-0.035,-0.264,-0.196,0.893,-0.329,-0.423,-0.007,-0.097,0.461,0.649,-0.369,-0.501,-0.692,-0.67,-0.773,-0.512,-0.655,0.868,-0.87,0.799,0.756,-0.478,0.825,0.727,-0.5,0.894,0.836,-0.793,0.907,0.743,-0.85,0.377,0.51,-0.794,-0.721,0.114,0.855,0.848,-0.68,0.569,0.658,0.827,-0.619,-0.337,-0.065,-0.52,0.679,0.228,0.065,0.686,0.626,-0.836,-0.004,-0.682,0.081,0.794,-0.537,-0.641,-0.593,-0.892,-0.278,-0.706,-0.7,0.653,0.702,-0.506,-0.843,-0.627,-0.549,-0.411,-0.112,-0.523,0.26,-0.663,0.683,0.051,-0.283,-0.464,-0.392,0.21,-0.068,0.377,-0.688,0.547,0.449,0.903,0.772,-0.371,0.776,0.038,-0.896,-0.215,-0.628,-0.576,-0.021,0.835,0.566,0.246,0.339,-0.582,-0.461,-0.276,-0.62,-0.717,0.73,0.746,-0.253,-0.624,0.957,-0.506,-0.105,-0.564,0.45,-0.795,0.396,0.581,-0.54,0.588,-0.893,0.288,-0.784,-0.594,-0.219,0.157,-0.136,-0.094,0.887,0.105,-0.478,-0.212,0.828,-0.745,-0.341,0.205
AMGN,-0.479,0.208,0.298,-0.189,0.158,0.398,0.606,0.0,0.014,-0.215,-0.385,-0.431,0.365,0.653,0.124,0.506,-0.242,0.39,0.355,0.667,-0.157,0.22,-0.492,0.087,0.481,0.497,0.25,-0.102,-0.508,-0.396,-0.043,-0.108,0.407,-0.041,0.022,0.052,-0.354,-0.249,-0.329,-0.373,-0.19,0.14,-0.147,-0.202,-0.341,-0.258,-0.03,0.344,0.108,0.473,0.595,0.389,-0.231,-0.197,0.015,0.67,0.666,-0.198,-0.267,0.155,0.451,-0.361,-0.557,-0.296,0.119,-0.269,-0.146,0.146,0.076,0.562,0.14,-0.013,0.184,0.265,0.488,0.543,-0.238,-0.156,-0.142,-0.381,-0.332,-0.118,-0.178,0.704,-0.274,0.405,0.268,0.08,0.451,0.78,-0.156,0.516,0.621,-0.443,0.519,0.304,-0.403,0.608,-0.03,-0.33,-0.211,0.354,0.618,0.384,-0.385,0.31,0.38,0.681,-0.085,0.154,0.03,-0.23,0.488,-0.16,-0.024,0.66,0.559,-0.462,0.088,-0.408,0.524,0.602,-0.197,-0.292,-0.393,-0.563,-0.023,-0.589,-0.13,0.373,0.667,-0.133,-0.381,-0.297,0.023,-0.243,0.094,-0.093,0.173,-0.322,0.219,0.43,0.073,0.009,0.292,0.299,0.066,0.36,-0.239,0.511,0.625,0.532,0.21,-0.241,0.263,0.285,-0.515,-0.295,-0.116,-0.183,0.225,0.704,0.704,0.158,0.09,-0.002,-0.06,-0.026,-0.526,-0.213,0.781,0.193,0.236,-0.591,0.637,-0.241,0.076,-0.194,0.47,-0.248,0.292,0.448,0.027,0.362,-0.595,0.355,-0.275,-0.521,-0.022,-0.189,-0.124,-0.225,0.576,0.464,-0.309,0.123,0.354,-0.166,0.111,0.422
AMPH,0.553,0.554,-0.055,0.368,-0.248,-0.606,-0.378,0.014,0.0,0.44,0.678,0.614,-0.266,-0.413,-0.431,-0.236,0.505,-0.732,-0.671,-0.491,-0.06,-0.874,0.214,0.042,-0.371,-0.734,-0.6,-0.096,0.443,0.249,-0.514,0.391,-0.669,0.258,0.064,-0.316,0.208,0.667,0.16,0.247,0.529,-0.599,0.068,0.228,0.382,-0.001,-0.895,-0.538,-0.101,0.13,-0.471,-0.714,0.176,0.021,0.411,-0.496,-0.449,0.321,0.305,-0.472,-0.632,0.17,0.099,-0.328,-0.397,0.226,-0.525,-0.313,0.661,-0.412,0.04,0.007,-0.058,-0.382,-0.696,0.154,-0.066,-0.084,0.146,0.181,0.419,-0.087,-0.042,-0.537,0.478,-0.321,-0.247,0.014,-0.553,-0.428,0.452,-0.517,-0.587,0.116,-0.495,-0.146,0.478,-0.157,-0.012,0.115,0.173,-0.519,-0.245,-0.64,0.5,0.023,-0.124,-0.413,0.065,-0.114,-0.43,-0.128,-0.664,-0.795,-0.64,-0.535,-0.609,0.396,-0.325,0.446,-0.033,-0.483,-0.15,-0.148,0.052,0.439,-0.394,0.38,0.125,-0.852,-0.021,-0.058,0.3,0.328,0.009,0.209,-0.573,-0.071,-0.558,0.217,-0.233,0.557,-0.343,0.068,0.437,-0.436,-0.445,-0.603,0.15,-0.508,-0.414,-0.636,-0.294,0.022,-0.18,-0.58,0.451,-0.074,0.127,-0.069,-0.473,-0.435,-0.4,-0.513,-0.76,0.342,-0.102,-0.476,0.173,0.555,-0.416,-0.444,-0.091,-0.004,-0.36,-0.219,-0.324,-0.108,-0.68,0.42,-0.545,-0.553,0.339,-0.833,0.454,-0.577,0.242,0.286,-0.229,0.01,0.4,0.004,-0.631,-0.377,0.228,0.794,-0.279,0.194,-0.24,-0.331
AMZN,0.737,0.393,0.154,0.613,0.126,-0.235,-0.623,-0.215,0.44,0.0,0.316,0.664,0.136,-0.46,-0.165,-0.714,0.469,-0.527,-0.266,-0.662,0.245,-0.327,0.451,0.288,-0.623,-0.441,-0.064,0.425,0.665,0.252,0.08,0.58,-0.393,0.5,-0.075,0.291,0.645,0.726,0.561,0.497,0.702,0.108,0.642,0.67,0.476,0.583,-0.238,-0.055,-0.315,0.205,-0.609,-0.547,0.43,0.549,0.303,-0.679,-0.655,0.68,0.742,0.199,-0.4,0.696,0.295,0.273,0.254,0.536,-0.085,0.169,0.355,-0.626,0.397,0.555,0.174,-0.006,-0.318,-0.216,-0.002,0.337,0.621,0.538,0.715,0.29,0.428,-0.497,0.618,-0.418,-0.489,0.554,-0.605,-0.406,0.533,-0.605,-0.553,0.517,-0.704,-0.332,0.549,0.024,-0.57,0.585,0.439,-0.069,-0.609,-0.651,0.742,-0.386,-0.249,-0.577,0.608,0.274,0.197,0.627,-0.518,-0.264,-0.216,-0.454,-0.395,0.7,0.027,0.678,0.274,-0.539,0.415,0.444,0.394,0.676,0.214,0.489,0.48,-0.428,-0.607,0.393,0.652,0.504,0.368,0.38,0.063,0.324,-0.153,0.627,-0.577,0.19,0.265,0.429,0.506,-0.056,0.219,-0.229,0.492,-0.284,-0.113,-0.624,-0.568,0.454,-0.501,0.046,0.711,0.388,0.538,0.452,0.073,-0.356,-0.235,-0.243,-0.4,0.474,0.424,0.15,0.556,0.594,-0.313,-0.698,0.571,0.582,-0.664,0.334,0.274,0.474,-0.197,0.738,-0.382,-0.349,0.445,-0.46,0.682,-0.171,0.642,0.638,0.048,-0.297,0.215,0.198,-0.554,-0.054,0.441,0.37,-0.604,0.646,0.314,0.048
ANIP,0.636,0.145,-0.406,0.043,-0.152,-0.662,-0.453,-0.385,0.678,0.316,0.0,0.67,-0.576,-0.733,-0.652,-0.309,0.286,-0.468,-0.851,-0.551,-0.139,-0.744,0.231,-0.138,-0.298,-0.691,-0.676,-0.165,0.415,0.724,-0.308,0.474,-0.869,-0.029,0.437,-0.175,0.417,0.511,0.03,0.458,0.192,-0.57,-0.176,0.036,0.505,0.002,-0.71,-0.627,0.314,-0.299,-0.495,-0.704,-0.002,-0.115,0.441,-0.555,-0.577,0.232,0.184,-0.541,-0.477,0.226,0.545,-0.221,-0.471,0.082,-0.252,-0.559,0.6,-0.429,-0.188,-0.094,-0.09,-0.404,-0.64,0.103,-0.266,-0.011,-0.014,0.261,0.354,-0.344,-0.207,-0.621,0.284,-0.159,0.014,-0.268,-0.359,-0.621,0.633,-0.398,-0.624,0.172,-0.363,0.052,0.353,-0.203,0.263,-0.029,-0.044,-0.637,-0.278,-0.542,0.599,0.187,0.063,-0.694,-0.185,-0.439,-0.324,-0.081,-0.635,-0.533,-0.379,-0.75,-0.459,0.43,-0.328,0.471,-0.41,-0.372,-0.137,-0.181,0.136,0.449,-0.363,0.738,-0.09,-0.708,-0.121,-0.012,0.195,0.266,-0.216,0.345,-0.66,-0.248,-0.308,0.044,0.1,0.38,-0.461,-0.118,-0.031,-0.321,-0.497,-0.491,-0.011,-0.819,-0.648,-0.521,-0.028,0.166,0.044,-0.656,0.441,0.238,-0.057,-0.305,-0.518,-0.557,-0.558,-0.409,-0.483,0.083,-0.135,-0.474,0.41,0.251,-0.656,-0.149,-0.217,0.298,-0.421,-0.092,-0.171,-0.149,-0.771,0.299,-0.437,-0.366,0.003,-0.652,0.501,-0.656,0.114,0.56,-0.176,0.331,0.595,0.339,-0.586,-0.547,0.131,0.467,-0.118,0.001,-0.466,-0.287
AOSL,0.81,0.599,0.164,0.617,0.068,-0.388,-0.723,-0.431,0.614,0.664,0.67,0.0,-0.308,-0.601,-0.158,-0.69,0.641,-0.73,-0.465,-0.75,0.355,-0.603,0.581,0.378,-0.707,-0.632,-0.188,0.458,0.786,0.581,0.054,0.715,-0.611,0.531,0.071,0.23,0.592,0.858,0.644,0.664,0.717,-0.084,0.525,0.627,0.692,0.513,-0.467,-0.22,-0.113,0.093,-0.756,-0.76,0.543,0.549,0.646,-0.719,-0.786,0.509,0.7,-0.046,-0.519,0.776,0.568,0.202,-0.003,0.652,0.015,0.023,0.558,-0.8,0.433,0.429,0.281,-0.221,-0.506,-0.211,0.169,0.384,0.56,0.688,0.831,0.314,0.395,-0.795,0.672,-0.458,-0.523,0.412,-0.748,-0.542,0.706,-0.725,-0.687,0.623,-0.754,-0.404,0.694,-0.101,-0.282,0.578,0.478,-0.236,-0.732,-0.834,0.772,-0.43,-0.395,-0.767,0.478,0.199,0.046,0.508,-0.624,-0.393,-0.306,-0.647,-0.524,0.832,-0.092,0.887,0.023,-0.579,0.415,0.436,0.5,0.817,0.051,0.669,0.441,-0.659,-0.546,0.521,0.758,0.763,0.291,0.54,-0.093,0.366,-0.122,0.642,-0.494,0.282,0.126,0.496,0.523,-0.12,-0.024,-0.431,0.585,-0.586,-0.341,-0.724,-0.547,0.515,-0.439,-0.155,0.795,0.445,0.58,0.323,-0.005,-0.656,-0.342,-0.06,-0.335,0.636,0.425,0.014,0.75,0.741,-0.54,-0.718,0.297,0.624,-0.66,0.394,0.203,0.457,-0.626,0.804,-0.309,-0.357,0.575,-0.587,0.825,-0.304,0.653,0.788,0.111,-0.134,0.445,0.217,-0.739,-0.25,0.649,0.609,-0.661,0.581,0.174,-0.011
APDN,-0.322,0.025,0.262,0.083,0.202,0.294,0.185,0.365,-0.266,0.136,-0.576,-0.308,0.0,0.434,0.225,0.048,-0.146,0.146,0.424,0.29,-0.056,0.377,-0.168,0.06,0.15,0.302,0.375,0.14,-0.215,-0.503,0.127,-0.204,0.491,0.134,-0.257,0.12,-0.202,-0.176,0.017,-0.283,0.031,0.419,0.23,0.138,-0.295,0.093,0.295,0.387,-0.315,0.323,0.276,0.278,0.017,0.15,-0.285,0.236,0.259,0.002,0.023,0.374,0.305,-0.02,-0.424,0.049,0.298,-0.041,-0.047,0.372,-0.109,0.251,0.21,0.234,-0.005,0.3,0.38,-0.023,-0.049,-0.072,0.143,-0.138,-0.101,0.168,0.176,0.358,0.014,0.089,-0.044,0.329,0.101,0.366,-0.28,0.213,0.271,-0.095,0.074,-0.049,-0.17,0.227,-0.421,0.08,0.072,0.403,0.193,0.221,-0.248,-0.145,-0.051,0.342,0.291,0.288,0.081,0.17,0.245,0.156,0.085,0.417,0.251,-0.175,0.368,-0.253,0.491,0.162,0.127,0.149,-0.205,-0.219,0.28,-0.356,0.15,0.344,0.093,0.021,-0.037,-0.164,0.203,-0.244,0.364,0.187,0.059,-0.04,-0.206,-0.073,0.336,0.108,0.218,0.16,0.471,0.25,0.025,0.516,0.454,0.19,-0.103,-0.08,-0.11,0.392,-0.216,-0.176,0.113,0.283,0.307,0.409,0.355,0.109,0.065,-0.024,0.158,0.236,-0.27,-0.068,0.44,-0.076,0.385,-0.199,0.151,0.038,0.187,0.18,0.57,-0.03,0.057,0.186,0.048,0.301,-0.211,0.27,0.01,-0.232,-0.008,-0.391,-0.381,-0.296,0.275,0.36,-0.112,-0.138,0.02,0.149,0.368,0.23
APLT,-0.686,0.037,0.323,-0.217,0.161,0.551,0.617,0.653,-0.413,-0.46,-0.733,-0.601,0.434,0.0,0.47,0.537,-0.332,0.483,0.701,0.689,-0.076,0.541,-0.424,0.08,0.51,0.685,0.531,-0.033,-0.549,-0.553,0.163,-0.355,0.682,-0.066,-0.199,0.067,-0.548,-0.52,-0.227,-0.529,-0.244,0.398,-0.064,-0.221,-0.444,-0.194,0.416,0.539,-0.044,0.388,0.625,0.655,-0.119,-0.09,-0.189,0.726,0.72,-0.32,-0.33,0.393,0.526,-0.369,-0.534,-0.065,0.249,-0.234,0.124,0.346,-0.323,0.549,0.123,0.009,0.212,0.357,0.645,0.234,0.077,-0.078,-0.104,-0.36,-0.422,0.103,-0.058,0.73,-0.418,0.334,0.212,0.129,0.448,0.746,-0.528,0.531,0.724,-0.337,0.546,0.123,-0.455,0.423,-0.051,-0.215,-0.132,0.577,0.548,0.495,-0.609,-0.016,0.206,0.752,-0.037,0.288,0.149,-0.158,0.651,0.261,0.22,0.827,0.575,-0.569,0.174,-0.538,0.442,0.536,-0.035,-0.103,-0.333,-0.577,0.154,-0.775,-0.071,0.627,0.497,-0.049,-0.362,-0.28,0.108,-0.381,0.377,0.11,0.279,-0.242,0.137,0.009,0.247,0.01,0.11,0.355,0.266,0.491,-0.18,0.713,0.637,0.658,0.221,-0.254,0.16,0.5,-0.589,-0.297,-0.072,0.023,0.403,0.613,0.658,0.394,0.385,-0.058,0.006,0.202,-0.513,-0.294,0.721,0.233,0.126,-0.566,0.645,-0.085,0.087,-0.058,0.571,-0.379,0.458,0.438,-0.103,0.642,-0.678,0.571,-0.304,-0.618,0.128,-0.231,-0.342,-0.343,0.643,0.52,-0.243,-0.203,0.282,-0.185,0.284,0.431
APVO,-0.15,0.288,0.78,0.43,0.079,0.701,-0.047,0.124,-0.431,-0.165,-0.652,-0.158,0.225,0.47,0.0,-0.085,0.282,0.121,0.836,0.161,0.571,0.552,0.343,0.519,-0.237,0.475,0.783,0.63,0.156,-0.361,0.565,0.025,0.587,0.313,-0.611,0.413,-0.025,-0.075,0.532,0.136,0.294,0.626,0.542,0.414,0.09,0.48,0.581,0.717,-0.427,0.364,-0.018,0.339,0.56,0.564,-0.184,0.228,0.114,-0.144,0.321,0.581,0.134,0.191,0.02,0.617,0.612,0.484,0.534,0.811,-0.514,-0.163,0.532,0.408,0.426,0.571,0.494,-0.421,0.719,0.57,0.505,0.279,0.188,0.801,0.685,0.117,0.201,-0.321,-0.503,0.575,-0.084,0.374,-0.211,-0.129,0.282,0.431,-0.034,-0.553,0.23,0.121,-0.393,0.538,0.549,0.748,-0.231,-0.011,-0.16,-0.543,-0.483,0.269,0.553,0.816,0.501,0.401,0.414,0.332,0.461,0.444,0.256,0.138,0.332,0.075,0.402,0.053,0.599,0.637,0.351,0.137,0.636,-0.348,0.577,0.37,-0.208,0.531,0.385,0.351,0.613,0.087,0.842,0.712,0.414,0.421,-0.442,-0.234,0.719,0.578,0.363,0.47,0.491,0.387,0.537,0.486,0.467,0.105,-0.391,0.155,-0.455,0.761,0.131,-0.002,0.579,0.638,0.703,0.014,0.428,0.554,0.555,0.489,0.59,0.721,0.068,0.306,0.29,-0.267,0.33,0.068,0.021,0.568,0.368,0.558,0.381,0.234,0.527,0.204,0.53,0.431,-0.01,0.74,0.41,-0.211,0.618,-0.326,-0.269,-0.193,0.099,0.662,0.271,-0.259,-0.427,0.452,0.747,0.379
ARGX,-0.691,-0.349,-0.248,-0.7,-0.027,0.19,0.871,0.506,-0.236,-0.714,-0.309,-0.69,0.048,0.537,-0.085,0.0,-0.62,0.614,0.127,0.71,-0.302,0.262,-0.695,-0.274,0.807,0.493,-0.052,-0.603,-0.792,-0.302,-0.216,-0.581,0.33,-0.561,0.308,-0.359,-0.697,-0.65,-0.765,-0.632,-0.718,-0.198,-0.73,-0.817,-0.5,-0.793,0.094,-0.028,0.48,-0.099,0.818,0.636,-0.566,-0.711,-0.136,0.748,0.856,-0.565,-0.797,-0.201,0.539,-0.72,-0.582,-0.491,-0.225,-0.62,-0.057,-0.318,-0.217,0.802,-0.458,-0.616,-0.096,-0.078,0.322,0.583,-0.241,-0.536,-0.769,-0.608,-0.77,-0.502,-0.666,0.77,-0.794,0.633,0.684,-0.602,0.794,0.573,-0.496,0.785,0.749,-0.783,0.864,0.664,-0.716,0.167,0.68,-0.785,-0.659,-0.009,0.856,0.741,-0.619,0.609,0.575,0.759,-0.696,-0.399,-0.184,-0.688,0.553,0.153,-0.014,0.63,0.473,-0.837,0.021,-0.708,-0.057,0.613,-0.624,-0.718,-0.537,-0.857,-0.422,-0.54,-0.67,0.455,0.742,-0.577,-0.839,-0.677,-0.558,-0.323,-0.268,-0.557,0.153,-0.663,0.736,0.046,-0.354,-0.485,-0.463,0.114,-0.218,0.331,-0.656,0.348,0.321,0.765,0.759,-0.369,0.669,-0.162,-0.827,-0.377,-0.67,-0.618,-0.153,0.682,0.324,0.144,0.258,-0.555,-0.568,-0.321,-0.652,-0.649,0.505,0.776,-0.402,-0.673,0.845,-0.545,-0.265,-0.666,0.223,-0.811,0.348,0.44,-0.587,0.427,-0.895,0.154,-0.77,-0.665,-0.153,0.389,-0.086,-0.216,0.699,0.021,-0.571,-0.171,0.769,-0.821,-0.459,-0.001
ARLP,0.697,0.686,0.509,0.819,-0.455,-0.004,-0.768,-0.242,0.505,0.469,0.286,0.641,-0.146,-0.332,0.282,-0.62,0.0,-0.69,-0.106,-0.502,0.543,-0.395,0.813,0.443,-0.889,-0.403,0.028,0.599,0.852,0.02,0.14,0.518,-0.273,0.475,-0.525,0.064,0.552,0.576,0.79,0.559,0.751,-0.046,0.568,0.764,0.624,0.525,-0.232,0.07,-0.611,0.307,-0.804,-0.476,0.812,0.639,0.08,-0.606,-0.628,0.088,0.746,-0.074,-0.664,0.552,0.357,0.5,0.274,0.771,0.088,0.44,0.134,-0.802,0.532,0.307,0.073,0.193,-0.344,-0.63,0.644,0.502,0.661,0.592,0.719,0.641,0.691,-0.677,0.892,-0.842,-0.897,0.537,-0.711,-0.46,0.405,-0.826,-0.634,0.739,-0.763,-0.829,0.883,-0.317,-0.499,0.8,0.867,0.005,-0.749,-0.774,0.548,-0.501,-0.582,-0.426,0.671,0.568,0.157,0.35,-0.384,-0.281,-0.047,-0.408,-0.541,0.638,0.183,0.567,0.245,-0.608,0.487,0.555,0.639,0.743,0.247,0.41,0.821,-0.647,-0.492,0.502,0.806,0.607,0.75,0.446,0.184,0.59,-0.243,0.708,-0.697,0.048,0.436,0.662,0.61,-0.157,-0.068,-0.19,0.815,-0.384,-0.102,-0.762,-0.858,0.379,-0.852,0.02,0.773,-0.111,0.709,0.57,0.162,-0.664,-0.371,-0.042,-0.261,0.77,0.505,0.349,0.355,0.789,-0.505,-0.751,0.199,0.337,-0.676,0.444,0.052,0.521,-0.373,0.805,-0.112,-0.497,0.721,-0.564,0.678,-0.007,0.823,0.247,0.393,-0.196,-0.037,-0.234,-0.788,0.206,0.451,0.45,-0.87,0.766,0.44,-0.21
ATEX,-0.58,-0.541,-0.111,-0.662,0.308,0.6,0.704,0.39,-0.732,-0.527,-0.468,-0.73,0.146,0.483,0.121,0.614,-0.69,0.0,0.452,0.707,-0.084,0.772,-0.497,-0.05,0.685,0.852,0.402,-0.188,-0.676,-0.088,0.39,-0.292,0.468,-0.552,0.362,0.248,-0.271,-0.723,-0.527,-0.273,-0.743,0.372,-0.447,-0.563,-0.343,-0.326,0.602,0.441,0.55,-0.114,0.759,0.801,-0.418,-0.364,-0.199,0.747,0.734,-0.445,-0.515,0.251,0.813,-0.397,-0.215,0.051,0.277,-0.452,0.43,-0.005,-0.448,0.664,-0.275,-0.187,0.188,0.378,0.769,0.338,-0.265,-0.031,-0.43,-0.324,-0.584,-0.295,-0.353,0.833,-0.743,0.638,0.591,-0.317,0.9,0.666,-0.253,0.824,0.833,-0.424,0.876,0.555,-0.681,0.442,0.383,-0.512,-0.501,0.427,0.683,0.796,-0.472,0.484,0.562,0.594,-0.399,-0.15,0.358,-0.145,0.798,0.488,0.534,0.697,0.837,-0.618,0.284,-0.58,0.053,0.768,-0.157,-0.288,-0.26,-0.709,0.175,-0.379,-0.411,0.863,0.43,-0.151,-0.625,-0.509,-0.322,-0.123,0.237,-0.28,0.663,-0.523,0.669,-0.077,0.105,-0.238,-0.531,0.582,0.218,0.755,-0.457,0.416,0.537,0.882,0.677,-0.025,0.537,0.361,-0.673,0.062,-0.397,-0.351,0.312,0.732,0.573,0.426,0.703,-0.472,-0.11,0.192,-0.332,-0.717,0.594,0.726,0.03,-0.209,0.688,-0.02,0.311,-0.239,0.594,-0.612,0.669,0.79,-0.53,0.838,-0.755,0.551,-0.495,-0.385,0.222,0.338,-0.092,0.13,0.863,0.405,-0.506,-0.632,0.617,-0.527,-0.083,0.412
ATRA,-0.485,0.045,0.641,0.127,0.277,0.799,0.277,0.355,-0.671,-0.266,-0.851,-0.465,0.424,0.701,0.836,0.127,-0.106,0.452,0.0,0.482,0.284,0.773,-0.02,0.326,0.141,0.723,0.877,0.441,-0.243,-0.503,0.551,-0.182,0.802,0.252,-0.473,0.474,-0.246,-0.372,0.212,-0.179,-0.015,0.772,0.368,0.178,-0.282,0.311,0.732,0.829,-0.274,0.395,0.362,0.57,0.211,0.371,-0.283,0.552,0.431,-0.134,0.044,0.7,0.436,-0.03,-0.232,0.419,0.611,0.131,0.467,0.759,-0.523,0.241,0.421,0.384,0.357,0.606,0.76,-0.142,0.407,0.351,0.301,-0.034,-0.131,0.536,0.458,0.504,-0.12,0.053,-0.158,0.484,0.228,0.673,-0.387,0.279,0.599,0.119,0.279,-0.242,-0.15,0.381,-0.378,0.247,0.244,0.868,0.129,0.35,-0.472,-0.369,-0.199,0.541,0.383,0.664,0.497,0.301,0.645,0.475,0.522,0.685,0.584,-0.169,0.322,-0.248,0.485,0.405,0.466,0.456,0.081,-0.236,0.627,-0.605,0.321,0.718,0.064,0.373,0.058,0.033,0.418,-0.15,0.855,0.543,0.507,0.127,-0.222,-0.202,0.66,0.376,0.218,0.547,0.582,0.569,0.225,0.754,0.647,0.461,-0.13,-0.054,-0.17,0.875,-0.239,-0.048,0.333,0.481,0.757,0.427,0.67,0.595,0.637,0.218,0.451,0.643,-0.178,-0.049,0.628,-0.017,0.426,-0.12,0.328,0.389,0.411,0.437,0.736,-0.053,0.572,0.473,0.238,0.728,-0.33,0.781,0.1,-0.384,0.417,-0.365,-0.393,-0.159,0.494,0.737,0.071,-0.403,-0.073,0.239,0.722,0.542
AUTL,-0.8,-0.272,0.036,-0.586,0.086,0.51,0.815,0.667,-0.491,-0.662,-0.551,-0.75,0.29,0.689,0.161,0.71,-0.502,0.707,0.482,0.0,-0.23,0.541,-0.599,-0.187,0.719,0.714,0.302,-0.26,-0.798,-0.442,0.064,-0.476,0.648,-0.37,0.083,-0.046,-0.585,-0.773,-0.57,-0.596,-0.7,0.167,-0.491,-0.546,-0.612,-0.501,0.355,0.393,0.247,0.117,0.812,0.752,-0.449,-0.441,-0.264,0.92,0.881,-0.568,-0.659,-0.003,0.656,-0.609,-0.541,-0.264,0.096,-0.532,0.079,0.052,-0.255,0.829,-0.099,-0.329,-0.061,0.249,0.638,0.37,-0.177,-0.338,-0.503,-0.623,-0.717,-0.286,-0.359,0.829,-0.6,0.61,0.518,-0.271,0.776,0.761,-0.493,0.83,0.776,-0.588,0.814,0.42,-0.693,0.401,0.24,-0.562,-0.413,0.342,0.766,0.801,-0.755,0.48,0.474,0.86,-0.401,-0.063,0.036,-0.434,0.783,0.319,0.3,0.758,0.718,-0.806,0.224,-0.773,0.276,0.858,-0.333,-0.42,-0.418,-0.852,-0.035,-0.699,-0.381,0.676,0.731,-0.305,-0.679,-0.601,-0.171,-0.358,0.163,-0.267,0.289,-0.646,0.515,-0.038,0.007,-0.258,-0.225,0.28,-0.011,0.563,-0.474,0.578,0.595,0.843,0.485,-0.383,0.49,0.264,-0.845,-0.439,-0.434,-0.374,0.216,0.764,0.619,0.379,0.459,-0.401,-0.231,0.016,-0.713,-0.674,0.744,0.63,-0.14,-0.684,0.866,-0.296,0.016,-0.345,0.667,-0.63,0.525,0.615,-0.356,0.68,-0.832,0.423,-0.579,-0.761,-0.033,0.052,-0.375,-0.329,0.831,0.439,-0.511,-0.295,0.641,-0.48,-0.057,0.297
AVDL,0.47,0.442,0.655,0.549,0.017,0.55,-0.353,-0.157,-0.06,0.245,-0.139,0.355,-0.056,-0.076,0.571,-0.302,0.543,-0.084,0.284,-0.23,0.0,0.218,0.645,0.784,-0.57,0.225,0.497,0.761,0.582,0.068,0.658,0.442,0.068,0.226,-0.192,0.535,0.489,0.334,0.698,0.584,0.429,0.385,0.563,0.568,0.616,0.494,0.341,0.513,-0.173,0.277,-0.367,0.086,0.799,0.662,0.222,-0.22,-0.225,-0.109,0.618,0.35,0.005,0.657,0.306,0.751,0.688,0.831,0.695,0.616,-0.231,-0.571,0.563,0.376,0.509,0.461,0.205,-0.487,0.675,0.7,0.54,0.75,0.634,0.702,0.649,-0.222,0.427,-0.487,-0.647,0.547,-0.214,-0.013,0.341,-0.39,-0.02,0.66,-0.273,-0.509,0.517,0.004,-0.294,0.675,0.665,0.406,-0.527,-0.343,0.407,-0.401,-0.405,-0.125,0.607,0.677,0.566,0.615,0.205,0.201,0.342,0.132,-0.007,0.488,0.458,0.568,0.349,-0.162,0.634,0.638,0.69,0.468,0.506,0.222,0.66,0.019,-0.515,0.649,0.631,0.589,0.541,0.682,0.577,0.584,0.507,0.706,-0.375,-0.073,0.74,0.818,0.332,0.45,0.364,0.369,0.737,-0.127,0.366,-0.212,-0.478,0.729,-0.59,0.444,0.532,0.24,0.716,0.547,0.607,-0.183,0.148,0.551,0.438,0.661,0.702,0.647,0.487,0.494,-0.115,-0.46,0.42,0.509,-0.266,0.737,0.575,0.568,-0.06,0.586,0.507,0.134,0.629,0.064,0.337,0.523,0.7,0.284,0.735,0.012,-0.015,-0.049,-0.22,0.476,0.433,0.028,-0.66,0.544,0.532,0.161
BCRX,-0.473,-0.322,0.259,-0.266,0.323,0.794,0.407,0.22,-0.874,-0.327,-0.744,-0.603,0.377,0.541,0.552,0.262,-0.395,0.772,0.773,0.541,0.218,0.0,-0.155,0.206,0.323,0.87,0.734,0.25,-0.38,-0.322,0.633,-0.258,0.721,-0.218,-0.08,0.464,-0.124,-0.576,-0.045,-0.135,-0.379,0.691,0.058,-0.105,-0.266,0.087,0.878,0.747,0.089,0.039,0.475,0.781,-0.019,0.089,-0.314,0.586,0.503,-0.296,-0.131,0.573,0.687,-0.088,-0.131,0.442,0.612,-0.065,0.588,0.468,-0.639,0.363,0.08,0.186,0.293,0.61,0.829,-0.096,0.123,0.261,0.0,-0.042,-0.292,0.237,0.176,0.626,-0.399,0.293,0.136,0.15,0.584,0.564,-0.318,0.489,0.676,-0.024,0.522,0.096,-0.368,0.345,-0.078,-0.02,-0.046,0.701,0.276,0.592,-0.407,-0.004,0.099,0.499,0.075,0.304,0.574,0.247,0.759,0.668,0.677,0.679,0.73,-0.343,0.466,-0.381,0.282,0.521,0.258,0.224,0.006,-0.396,0.547,-0.418,0.038,0.886,0.047,0.189,-0.208,-0.203,0.123,-0.07,0.712,0.191,0.694,-0.126,0.176,-0.344,0.519,0.117,-0.239,0.665,0.584,0.789,-0.037,0.626,0.635,0.672,0.224,0.094,0.076,0.709,-0.386,0.075,0.051,0.171,0.627,0.519,0.58,0.573,0.792,-0.158,0.291,0.58,-0.142,-0.402,0.536,0.35,0.291,-0.009,0.399,0.364,0.49,0.227,0.74,-0.294,0.696,0.632,-0.148,0.872,-0.471,0.772,-0.091,-0.333,0.451,0.034,-0.29,-0.007,0.666,0.615,-0.188,-0.723,0.175,-0.07,0.385,0.495
BHAT,0.743,0.467,0.425,0.719,-0.273,0.107,-0.83,-0.492,0.214,0.451,0.231,0.581,-0.168,-0.424,0.343,-0.695,0.813,-0.497,-0.02,-0.599,0.645,-0.155,0.0,0.536,-0.892,-0.271,0.199,0.714,0.87,0.205,0.407,0.593,-0.32,0.372,-0.382,0.309,0.676,0.531,0.825,0.7,0.673,0.188,0.611,0.749,0.732,0.667,0.034,0.215,-0.445,0.05,-0.824,-0.388,0.831,0.724,0.043,-0.647,-0.714,0.111,0.827,0.149,-0.517,0.677,0.555,0.715,0.421,0.812,0.359,0.455,0.014,-0.862,0.492,0.393,0.214,0.322,-0.18,-0.712,0.604,0.669,0.717,0.784,0.766,0.687,0.752,-0.671,0.779,-0.808,-0.842,0.539,-0.644,-0.518,0.48,-0.783,-0.584,0.86,-0.72,-0.784,0.827,-0.284,-0.459,0.855,0.82,0.15,-0.762,-0.732,0.632,-0.566,-0.634,-0.6,0.674,0.561,0.314,0.577,-0.336,-0.055,0.181,-0.383,-0.406,0.738,0.266,0.632,0.102,-0.622,0.658,0.702,0.743,0.796,0.463,0.606,0.803,-0.432,-0.619,0.665,0.839,0.638,0.665,0.603,0.342,0.64,0.026,0.742,-0.611,-0.061,0.538,0.671,0.382,0.057,0.212,-0.047,0.822,-0.46,-0.118,-0.704,-0.747,0.564,-0.828,0.178,0.825,0.179,0.731,0.641,0.291,-0.688,-0.348,0.083,-0.008,0.701,0.637,0.53,0.562,0.696,-0.575,-0.695,0.288,0.618,-0.772,0.687,0.307,0.66,-0.34,0.791,0.013,-0.33,0.608,-0.341,0.697,0.09,0.864,0.424,0.546,-0.031,0.073,-0.002,-0.732,0.212,0.503,0.14,-0.866,0.745,0.482,-0.08
BLBD,0.41,0.62,0.685,0.551,0.271,0.547,-0.254,0.087,0.042,0.288,-0.138,0.378,0.06,0.08,0.519,-0.274,0.443,-0.05,0.326,-0.187,0.784,0.206,0.536,0.0,-0.462,0.283,0.588,0.789,0.506,0.15,0.689,0.62,0.016,0.341,-0.048,0.689,0.441,0.428,0.663,0.609,0.523,0.516,0.614,0.596,0.614,0.548,0.234,0.62,-0.061,0.417,-0.261,-0.017,0.756,0.717,0.424,-0.113,-0.168,0.041,0.662,0.455,0.122,0.678,0.294,0.679,0.708,0.784,0.612,0.579,-0.001,-0.507,0.657,0.555,0.755,0.486,0.334,-0.22,0.482,0.771,0.65,0.761,0.666,0.685,0.609,-0.104,0.375,-0.325,-0.555,0.648,-0.225,0.172,0.481,-0.298,0.07,0.625,-0.197,-0.4,0.463,0.331,-0.356,0.63,0.574,0.578,-0.358,-0.368,0.427,-0.407,-0.338,-0.128,0.644,0.711,0.572,0.697,0.196,0.019,0.267,0.235,0.122,0.514,0.427,0.582,0.508,-0.066,0.7,0.617,0.561,0.445,0.623,0.156,0.644,0.088,-0.315,0.766,0.632,0.676,0.477,0.646,0.58,0.642,0.577,0.645,-0.365,0.27,0.743,0.837,0.521,0.628,0.511,0.399,0.72,-0.048,0.486,-0.135,-0.421,0.734,-0.481,0.562,0.463,0.415,0.763,0.523,0.661,-0.053,0.396,0.548,0.37,0.752,0.767,0.639,0.526,0.58,0.098,-0.517,0.618,0.495,-0.189,0.767,0.698,0.651,-0.049,0.629,0.541,0.277,0.682,0.152,0.278,0.585,0.675,0.34,0.746,-0.073,0.171,0.132,-0.12,0.565,0.497,0.179,-0.599,0.563,0.622,0.465
BMRN,-0.813,-0.522,-0.404,-0.834,0.316,0.057,0.91,0.481,-0.371,-0.623,-0.298,-0.707,0.15,0.51,-0.237,0.807,-0.889,0.685,0.141,0.719,-0.57,0.323,-0.892,-0.462,0.0,0.452,-0.052,-0.662,-0.942,-0.167,-0.255,-0.573,0.366,-0.487,0.448,-0.205,-0.709,-0.655,-0.861,-0.677,-0.793,-0.056,-0.689,-0.841,-0.695,-0.697,0.104,-0.056,0.583,-0.142,0.91,0.541,-0.807,-0.736,-0.076,0.8,0.812,-0.256,-0.857,-0.063,0.642,-0.72,-0.502,-0.618,-0.32,-0.809,-0.16,-0.428,-0.098,0.921,-0.504,-0.421,-0.098,-0.183,0.371,0.725,-0.572,-0.586,-0.744,-0.744,-0.826,-0.673,-0.753,0.784,-0.902,0.874,0.906,-0.59,0.781,0.611,-0.464,0.895,0.74,-0.851,0.88,0.819,-0.892,0.356,0.571,-0.89,-0.849,-0.001,0.884,0.831,-0.684,0.603,0.665,0.662,-0.743,-0.532,-0.23,-0.572,0.488,0.166,-0.032,0.521,0.584,-0.801,-0.169,-0.699,-0.141,0.743,-0.602,-0.7,-0.726,-0.878,-0.358,-0.577,-0.824,0.597,0.726,-0.577,-0.901,-0.668,-0.689,-0.519,-0.252,-0.603,0.167,-0.809,0.743,0.077,-0.462,-0.647,-0.495,0.114,-0.14,0.207,-0.844,0.467,0.212,0.851,0.864,-0.503,0.885,-0.084,-0.902,-0.138,-0.755,-0.66,-0.168,0.742,0.444,0.08,0.233,-0.713,-0.576,-0.425,-0.571,-0.781,0.623,0.815,-0.303,-0.607,0.868,-0.591,-0.192,-0.617,0.375,-0.862,0.199,0.518,-0.676,0.535,-0.828,0.049,-0.884,-0.488,-0.379,0.203,-0.025,0.033,0.85,-0.092,-0.521,-0.283,0.925,-0.825,-0.454,0.176
BNGO,-0.519,-0.198,0.286,-0.34,0.262,0.873,0.612,0.497,-0.734,-0.441,-0.691,-0.632,0.302,0.685,0.475,0.493,-0.403,0.852,0.723,0.714,0.225,0.87,-0.271,0.283,0.452,0.0,0.697,0.177,-0.472,-0.285,0.605,-0.177,0.665,-0.321,0.08,0.422,-0.185,-0.618,-0.189,-0.187,-0.468,0.595,-0.114,-0.235,-0.226,-0.091,0.755,0.743,0.267,0.181,0.636,0.833,-0.05,-0.034,-0.165,0.732,0.726,-0.469,-0.253,0.451,0.81,-0.164,-0.248,0.309,0.582,-0.1,0.593,0.394,-0.531,0.48,0.11,0.028,0.367,0.587,0.894,0.113,0.078,0.205,-0.121,-0.108,-0.34,0.104,-0.008,0.8,-0.508,0.393,0.234,0.063,0.739,0.756,-0.259,0.644,0.849,-0.173,0.712,0.25,-0.461,0.492,0.073,-0.174,-0.143,0.693,0.481,0.636,-0.429,0.175,0.328,0.674,-0.036,0.272,0.56,0.089,0.924,0.561,0.634,0.851,0.836,-0.49,0.491,-0.44,0.401,0.714,0.129,0.018,-0.057,-0.556,0.417,-0.516,-0.047,0.893,0.312,0.137,-0.344,-0.271,0.058,-0.016,0.564,0.074,0.748,-0.202,0.368,-0.113,0.477,0.151,-0.196,0.715,0.423,0.895,-0.09,0.561,0.8,0.812,0.337,0.155,0.201,0.648,-0.518,0.001,-0.027,-0.017,0.63,0.712,0.723,0.67,0.81,-0.118,0.212,0.492,-0.281,-0.467,0.681,0.43,0.259,-0.176,0.631,0.239,0.485,0.055,0.683,-0.344,0.838,0.794,-0.179,0.889,-0.672,0.843,-0.19,-0.433,0.464,0.088,-0.255,-0.071,0.787,0.709,-0.279,-0.53,0.293,-0.202,0.284,0.53
BUSE,-0.201,0.197,0.713,0.239,0.397,0.833,0.084,0.25,-0.6,-0.064,-0.676,-0.188,0.375,0.531,0.783,-0.052,0.028,0.402,0.877,0.302,0.497,0.734,0.199,0.588,-0.052,0.697,0.0,0.688,-0.022,-0.269,0.791,0.117,0.638,0.314,-0.288,0.698,0.003,-0.172,0.416,0.119,0.137,0.922,0.521,0.369,0.046,0.455,0.71,0.924,-0.153,0.41,0.213,0.436,0.442,0.596,-0.019,0.396,0.24,-0.093,0.31,0.809,0.461,0.306,-0.002,0.608,0.792,0.375,0.699,0.811,-0.353,-0.004,0.583,0.567,0.594,0.697,0.822,-0.192,0.439,0.598,0.479,0.286,0.164,0.624,0.608,0.371,0.031,-0.029,-0.293,0.639,0.134,0.574,-0.056,0.164,0.516,0.35,0.164,-0.298,0.047,0.436,-0.443,0.429,0.395,0.95,-0.02,0.147,-0.203,-0.428,-0.274,0.303,0.55,0.742,0.664,0.573,0.591,0.447,0.57,0.626,0.598,0.078,0.476,0.025,0.586,0.328,0.685,0.627,0.285,-0.027,0.77,-0.313,0.484,0.662,-0.067,0.653,0.287,0.262,0.48,0.206,0.916,0.715,0.712,0.281,-0.268,-0.054,0.838,0.626,0.322,0.739,0.721,0.641,0.449,0.533,0.723,0.335,-0.237,0.298,-0.299,0.913,-0.009,0.196,0.557,0.612,0.939,0.337,0.676,0.75,0.753,0.43,0.701,0.784,0.13,0.134,0.517,-0.177,0.656,0.176,0.166,0.666,0.685,0.669,0.604,0.23,0.674,0.593,0.367,0.716,-0.149,0.82,0.335,-0.086,0.629,-0.252,-0.214,-0.022,0.379,0.793,0.227,-0.3,-0.261,0.404,0.829,0.667
CAKE,0.461,0.586,0.775,0.704,0.197,0.53,-0.515,-0.102,-0.096,0.425,-0.165,0.458,0.14,-0.033,0.63,-0.603,0.599,-0.188,0.441,-0.26,0.761,0.25,0.714,0.789,-0.662,0.177,0.688,0.0,0.631,0.08,0.751,0.586,0.134,0.56,-0.336,0.742,0.545,0.408,0.881,0.618,0.642,0.674,0.831,0.835,0.563,0.814,0.329,0.679,-0.35,0.42,-0.453,-0.139,0.851,0.908,0.263,-0.23,-0.365,0.174,0.825,0.585,-0.033,0.804,0.415,0.79,0.765,0.862,0.624,0.804,-0.073,-0.637,0.8,0.745,0.601,0.564,0.32,-0.521,0.611,0.831,0.855,0.762,0.754,0.84,0.884,-0.294,0.605,-0.528,-0.762,0.864,-0.429,0.026,0.428,-0.471,-0.129,0.832,-0.455,-0.67,0.631,0.204,-0.67,0.868,0.808,0.625,-0.625,-0.493,0.407,-0.648,-0.581,-0.267,0.871,0.853,0.609,0.851,0.112,0.104,0.385,0.063,0.081,0.65,0.46,0.616,0.558,-0.182,0.9,0.896,0.657,0.609,0.772,0.193,0.853,0.057,-0.523,0.913,0.823,0.738,0.752,0.578,0.775,0.875,0.468,0.744,-0.651,0.066,0.873,0.926,0.609,0.501,0.604,0.305,0.88,0.008,0.383,-0.308,-0.707,0.641,-0.715,0.682,0.627,0.35,0.929,0.798,0.79,-0.23,0.265,0.547,0.371,0.829,0.953,0.749,0.57,0.643,-0.029,-0.689,0.715,0.569,-0.406,0.894,0.709,0.901,0.12,0.806,0.379,0.149,0.775,0.145,0.497,0.541,0.831,0.383,0.697,-0.316,0.014,0.037,-0.275,0.605,0.631,0.077,-0.79,0.851,0.845,0.448
CASY,0.903,0.561,0.356,0.808,-0.251,-0.11,-0.887,-0.508,0.443,0.665,0.415,0.786,-0.215,-0.549,0.156,-0.792,0.852,-0.676,-0.243,-0.798,0.582,-0.38,0.87,0.506,-0.942,-0.472,-0.022,0.631,0.0,0.337,0.265,0.695,-0.488,0.418,-0.278,0.248,0.796,0.746,0.859,0.776,0.809,0.019,0.651,0.805,0.814,0.69,-0.177,-0.019,-0.416,0.15,-0.924,-0.61,0.822,0.696,0.218,-0.835,-0.826,0.309,0.873,0.047,-0.597,0.794,0.613,0.602,0.276,0.86,0.204,0.326,0.15,-0.975,0.46,0.443,0.207,0.123,-0.409,-0.65,0.508,0.633,0.748,0.83,0.907,0.596,0.654,-0.814,0.83,-0.838,-0.836,0.543,-0.77,-0.644,0.6,-0.92,-0.74,0.876,-0.851,-0.739,0.895,-0.315,-0.474,0.848,0.794,-0.06,-0.893,-0.888,0.82,-0.552,-0.545,-0.729,0.684,0.472,0.253,0.587,-0.505,-0.227,0.008,-0.577,-0.588,0.845,0.147,0.815,0.078,-0.728,0.611,0.648,0.694,0.945,0.326,0.639,0.773,-0.625,-0.758,0.611,0.899,0.767,0.613,0.584,0.149,0.551,-0.098,0.845,-0.654,0.029,0.418,0.653,0.453,-0.07,0.087,-0.235,0.828,-0.575,-0.266,-0.831,-0.773,0.621,-0.801,0.011,0.957,0.287,0.751,0.574,0.129,-0.773,-0.454,-0.065,-0.238,0.732,0.581,0.339,0.695,0.791,-0.676,-0.794,0.301,0.677,-0.85,0.589,0.218,0.594,-0.521,0.875,-0.155,-0.495,0.646,-0.573,0.853,-0.057,0.883,0.622,0.428,-0.105,0.183,0.081,-0.851,0.035,0.551,0.336,-0.919,0.775,0.37,-0.169
CCOI,0.537,0.042,-0.281,-0.02,0.322,-0.315,-0.276,-0.396,0.249,0.252,0.724,0.581,-0.503,-0.553,-0.361,-0.302,0.02,-0.088,-0.503,-0.442,0.068,-0.322,0.205,0.15,-0.167,-0.285,-0.269,0.08,0.337,0.0,0.159,0.66,-0.709,-0.076,0.656,0.295,0.498,0.44,0.098,0.638,0.101,-0.109,-0.033,0.034,0.598,0.233,-0.304,-0.261,0.586,-0.3,-0.312,-0.444,0.047,0.066,0.627,-0.364,-0.433,0.29,0.233,-0.158,-0.041,0.43,0.723,0.05,-0.164,0.195,0.191,-0.404,0.402,-0.393,-0.038,0.158,0.364,-0.201,-0.24,0.152,-0.275,0.306,0.121,0.453,0.418,-0.199,-0.141,-0.426,0.042,0.064,0.114,-0.133,-0.152,-0.325,0.728,-0.176,-0.314,0.289,-0.137,0.172,0.179,0.144,0.293,0.014,-0.131,-0.24,-0.24,-0.374,0.615,0.095,0.136,-0.66,-0.096,-0.258,0.078,0.273,-0.29,-0.239,-0.017,-0.481,-0.074,0.483,-0.16,0.583,-0.321,-0.113,0.143,0.028,0.263,0.424,0.016,0.654,-0.095,-0.241,-0.232,0.294,0.225,0.44,-0.245,0.507,-0.284,-0.105,0.237,0.12,0.201,0.364,-0.177,0.042,-0.097,0.163,-0.092,-0.147,0.044,-0.653,-0.361,-0.208,0.16,0.472,0.208,-0.209,0.394,0.724,0.079,-0.227,-0.153,-0.354,-0.143,0.007,0.0,0.129,0.151,-0.163,0.67,0.148,-0.377,-0.071,0.034,0.564,-0.254,0.242,0.309,0.055,-0.556,0.291,-0.025,0.089,0.018,-0.169,0.397,-0.203,0.168,0.753,0.126,0.3,0.718,0.648,-0.256,-0.307,0.23,0.175,-0.075,0.017,-0.264,0.184
CEVA,0.203,0.13,0.548,0.203,0.307,0.775,-0.133,-0.043,-0.514,0.08,-0.308,0.054,0.127,0.163,0.565,-0.216,0.14,0.39,0.551,0.064,0.658,0.633,0.407,0.689,-0.255,0.605,0.791,0.751,0.265,0.159,0.0,0.42,0.263,0.069,0.028,0.814,0.43,-0.059,0.504,0.502,0.144,0.79,0.432,0.394,0.461,0.57,0.674,0.813,0.098,0.206,-0.039,0.293,0.57,0.583,0.123,0.1,-0.001,-0.165,0.461,0.622,0.444,0.554,0.416,0.795,0.831,0.555,0.884,0.662,-0.369,-0.287,0.497,0.536,0.642,0.757,0.693,-0.351,0.413,0.788,0.521,0.608,0.403,0.528,0.553,0.112,0.105,-0.174,-0.331,0.527,0.126,0.247,0.276,0.012,0.284,0.599,0.07,-0.291,0.206,0.335,-0.316,0.5,0.446,0.766,-0.212,-0.063,0.199,-0.252,-0.189,-0.041,0.518,0.6,0.742,0.707,0.507,0.427,0.757,0.359,0.493,0.27,0.624,0.271,0.445,0.225,0.765,0.646,0.495,0.23,0.827,0.108,0.531,0.501,-0.298,0.754,0.402,0.419,0.442,0.565,0.762,0.606,0.829,0.387,-0.119,-0.015,0.824,0.67,0.105,0.814,0.665,0.737,0.541,0.054,0.535,0.184,-0.223,0.668,-0.35,0.746,0.253,0.424,0.599,0.494,0.835,0.106,0.429,0.732,0.759,0.448,0.795,0.766,0.431,0.133,0.128,-0.176,0.599,0.483,-0.042,0.876,0.876,0.657,0.319,0.382,0.743,0.563,0.306,0.595,0.055,0.734,0.475,0.209,0.824,0.081,0.02,0.198,0.162,0.715,0.205,-0.361,-0.38,0.434,0.637,0.58
