,AAPL,ACRS,ADP,AFYA,AGNC,AGYS,ALT,AMGN,AMPH,AMZN,ANIP,AOSL,APDN,APLT,APVO,ARGX,ARLP,ATEX,ATRA,AUTL,AVDL,BCRX,BHAT,BLBD,BMRN,BNGO,BUSE,CAKE,CASY,CCOI,CEVA,CHY,CLDX,CLMT,COHU,COLM,COST,CPRT,CSWC,CSX,DBX,DCOM,DKNG,DMLP,DOX,EA,EDIT,ENPH,ENSG,ERNA,ESGR,ETNB,EXTR,FANG,FARO,FATE,FGEN,FIVE,FIVN,FLGT,FOLD,FORM,FOXA,FRPT,FSLR,FTAI,GBDC,GDYN,GGAL,GNLN,GRFS,GT,HCAT,HCM,HFWA,HOLX,HQY,HUBG,IAC,ICLR,IDCC,IEP,IHRT,ILMN,ILPT,IMAB,IMOS,INMD,INTZ,JAZZ,JKHY,JRVR,KIDS,LBRDK,LGND,LMAT,LPLA,LULU,MASI,MAT,MATW,MBIN,MBIO,MCRB,MDB,MDLZ,MELI,MIRM,MLKN,MNMD,MNRO,MPWR,MRCY,MRSN,MTVA,NAAS,NDAQ,NDSN,NEGG,NOVT,NVDA,NWE,NWSA,NXST,OCX,ODFL,OMAB,OPCH,OPRA,ORGO,OTRK,OZK,PAGP,PCH,PEGA,PENG,PENN,PFBC,PGNY,PHAT,PHUN,PINC,PLUG,PLXS,PYPL,QLYS,QNCX,QQQX,QVCGA,RAPT,RBBN,RCKT,REPL,RMBS,ROAD,ROKU,ROP,RUSHA,SANM,SATS,SBCF,SBLK,SBUX,SCHL,SCSC,SDGR,SEIC,SFIX,SGRY,SKYW,SLP,SNES,STAA,STLD,STOK,SWKS,TER,TFIN,TIGO,TILE,TPIC,TTEC,TTEK,TTGT,UXIN,VERU,VLYPP,VNOM,VRNS,VRSN,WDAY,WERN,WINA,WKHS,WRLD,XP,XTKG,YY,ZION,ZM
AAPL,0.0,0.083,0.686,0.593,0.711,0.164,-0.258,-0.345,-0.002,0.259,0.416,-0.021,-0.418,-0.132,0.074,0.484,0.238,0.011,-0.152,0.42,0.303,0.086,0.739,0.372,0.554,0.364,-0.227,-0.191,-0.349,0.134,0.548,0.285,-0.429,0.567,0.208,-0.17,-0.103,0.832,0.368,0.121,0.578,-0.301,0.548,-0.654,0.759,0.271,0.781,-0.17,0.815,0.006,0.314,0.639,-0.303,0.713,-0.384,-0.182,-0.512,-0.61,0.217,-0.175,0.135,0.82,-0.168,-0.342,-0.026,0.833,0.102,0.867,0.805,0.309,-0.683,0.509,-0.29,0.799,-0.236,0.405,-0.002,-0.204,0.028,0.758,0.828,-0.393,0.315,-0.121,0.094,-0.325,0.821,0.24,-0.091,0.509,-0.031,-0.275,0.061,0.5,-0.235,0.866,0.547,0.26,0.362,0.834,0.014,-0.271,-0.137,-0.059,0.719,-0.132,0.703,0.593,0.05,-0.042,-0.427,0.512,0.487,-0.264,-0.744,0.3,0.376,0.712,-0.12,0.756,0.682,-0.266,0.47,0.052,0.38,0.913,0.844,0.206,0.143,0.189,-0.587,-0.019,0.688,0.082,0.916,0.71,0.175,-0.231,-0.014,-0.39,-0.402,-0.483,-0.011,0.782,0.676,0.774,0.452,0.241,-0.265,-0.136,0.334,0.188,0.537,0.733,0.657,0.234,0.826,0.02,0.787,-0.405,0.481,-0.23,0.13,0.114,0.789,0.347,0.673,0.587,0.748,0.803,-0.232,-0.677,0.298,0.394,0.389,0.73,0.784,-0.122,0.269,0.603,0.045,0.492,-0.15,-0.248,0.372,-0.142,0.303,0.072,0.862,0.738,0.902,-0.283,0.722,-0.058,-0.093,0.456,0.587,0.875,0.137,0.87
ACRS,0.083,0.0,-0.449,0.656,0.403,0.883,0.855,-0.379,0.78,0.863,-0.706,0.857,0.691,0.713,0.891,-0.541,-0.723,-0.633,0.884,-0.53,-0.135,-0.345,-0.317,-0.399,-0.453,0.886,0.828,0.886,0.372,-0.784,0.605,0.763,0.71,-0.679,0.892,0.645,0.722,0.214,0.334,0.614,0.563,0.788,0.706,0.511,0.38,0.798,-0.103,0.793,-0.142,0.811,0.51,-0.44,0.699,-0.124,0.766,0.906,0.671,0.562,0.4,0.077,0.459,0.523,0.608,0.613,0.703,-0.36,-0.564,-0.052,-0.013,0.749,0.476,0.023,0.815,-0.054,0.839,0.392,-0.199,0.847,0.853,0.01,0.446,0.628,0.601,0.908,-0.486,0.797,0.016,0.887,0.863,-0.712,0.774,0.838,0.835,0.285,0.474,0.139,-0.166,0.478,0.808,-0.168,0.901,0.82,0.881,0.899,0.447,0.794,0.627,-0.006,0.721,0.713,0.564,0.754,-0.393,-0.097,0.177,-0.777,-0.788,0.537,0.85,0.406,-0.38,0.818,-0.456,0.772,0.521,-0.043,-0.076,-0.688,0.909,0.75,0.704,0.885,-0.451,0.746,-0.083,0.66,0.608,0.826,0.88,0.226,0.816,0.734,0.893,-0.31,0.552,-0.287,-0.543,0.875,0.71,0.766,0.708,0.837,-0.555,-0.275,0.149,0.846,-0.104,0.676,0.062,0.708,0.54,0.62,0.791,0.375,-0.263,0.666,0.587,0.786,0.578,0.465,0.871,0.585,0.776,0.106,-0.191,0.517,0.468,0.81,0.714,0.544,0.85,0.408,0.798,0.494,0.289,0.652,0.608,0.77,-0.039,0.074,-0.152,0.8,0.069,0.924,0.883,0.125,-0.231,0.024,0.805,0.07
ADP,0.686,-0.449,0.0,0.181,0.424,-0.355,-0.556,0.056,-0.497,-0.213,0.724,-0.367,-0.628,-0.484,-0.388,0.698,0.618,0.501,-0.502,0.423,0.421,0.096,0.645,0.35,0.699,-0.137,-0.483,-0.556,-0.232,0.603,0.033,-0.169,-0.682,0.752,-0.303,-0.419,-0.277,0.447,0.257,-0.262,0.259,-0.517,0.028,-0.746,0.497,-0.149,0.551,-0.469,0.747,-0.304,0.216,0.748,-0.526,0.748,-0.745,-0.59,-0.751,-0.686,-0.141,-0.362,-0.022,0.318,-0.342,-0.502,-0.215,0.751,0.532,0.699,0.7,-0.109,-0.733,0.487,-0.627,0.739,-0.524,0.027,0.229,-0.487,-0.493,0.722,0.389,-0.47,-0.202,-0.518,0.153,-0.559,0.613,-0.268,-0.436,0.839,-0.299,-0.608,-0.345,0.487,-0.393,0.556,0.428,0.012,-0.153,0.836,-0.412,-0.526,-0.449,-0.532,0.18,-0.353,0.284,0.472,-0.13,-0.414,-0.705,-0.08,0.415,-0.098,-0.537,0.674,0.71,0.317,-0.426,0.339,0.532,-0.586,0.734,-0.399,-0.071,0.76,0.766,0.485,-0.376,-0.368,-0.835,-0.337,0.764,-0.294,0.758,0.085,-0.13,-0.527,-0.409,-0.306,-0.754,-0.667,-0.524,0.626,0.23,0.906,0.672,-0.183,-0.461,-0.378,-0.192,-0.248,0.684,0.605,0.556,-0.352,0.747,-0.317,0.588,-0.557,0.12,-0.334,-0.11,0.146,0.678,-0.116,0.284,0.045,0.242,0.398,-0.611,-0.84,-0.26,0.27,0.336,0.278,0.296,-0.338,0.031,0.298,-0.306,0.184,-0.411,-0.405,0.192,-0.303,-0.058,-0.192,0.814,0.65,0.818,-0.506,0.714,-0.52,-0.493,0.092,0.51,0.629,-0.147,0.571
AFYA,0.593,0.656,0.181,0.0,0.732,0.607,0.502,-0.263,0.407,0.722,-0.088,0.642,0.277,0.385,0.598,0.035,-0.347,-0.243,0.519,-0.158,0.11,-0.204,0.16,-0.064,0.072,0.799,0.528,0.508,0.13,-0.348,0.581,0.757,0.161,-0.118,0.704,0.446,0.533,0.485,0.63,0.37,0.699,0.486,0.628,0.013,0.651,0.652,0.379,0.485,0.383,0.56,0.678,0.083,0.408,0.512,0.166,0.487,0.073,0.021,0.127,-0.35,0.565,0.791,0.389,0.234,0.593,0.233,-0.07,0.409,0.495,0.763,-0.08,0.51,0.327,0.449,0.484,0.318,-0.214,0.466,0.424,0.528,0.71,0.35,0.317,0.589,-0.361,0.378,0.451,0.698,0.589,-0.127,0.563,0.304,0.595,0.572,0.341,0.509,0.099,0.642,0.654,0.418,0.574,0.49,0.574,0.463,0.577,0.478,0.917,0.338,0.659,0.513,0.062,0.732,-0.14,-0.15,-0.217,-0.296,-0.28,0.732,0.596,0.565,-0.013,0.39,0.045,0.364,0.468,0.493,0.45,-0.335,0.628,0.442,0.073,0.643,0.143,0.515,0.462,0.739,0.579,0.497,0.464,0.138,0.273,0.252,0.481,0.15,0.713,0.363,-0.038,0.707,0.364,0.573,0.616,0.615,-0.109,0.091,0.543,0.549,0.319,0.393,0.5,0.34,0.657,0.46,0.68,0.395,0.24,0.647,0.724,0.823,0.768,0.817,0.405,-0.043,0.601,0.274,-0.07,0.756,0.701,0.56,0.676,0.905,0.648,0.413,0.471,0.357,0.425,0.406,0.708,0.674,0.556,0.395,0.373,0.401,0.572,0.536,0.598,0.251,0.065,0.477,0.743,0.55
AGNC,0.711,0.403,0.424,0.732,0.0,0.322,0.145,-0.466,0.356,0.446,0.076,0.337,0.03,0.405,0.447,0.178,-0.081,-0.317,0.32,0.15,0.301,-0.119,0.337,-0.042,0.494,0.669,0.316,0.279,-0.168,-0.359,0.727,0.403,-0.151,0.146,0.63,0.034,0.162,0.518,0.644,0.542,0.719,0.141,0.677,-0.312,0.647,0.612,0.653,0.094,0.453,0.486,0.595,0.261,-0.031,0.63,-0.005,0.319,-0.051,-0.325,0.189,-0.287,0.47,0.824,0.227,-0.214,0.26,0.355,-0.037,0.537,0.842,0.389,-0.337,0.57,0.054,0.766,0.298,0.552,-0.214,0.353,0.352,0.545,0.829,-0.051,0.442,0.271,-0.281,0.052,0.784,0.619,0.298,0.037,0.446,0.064,0.329,0.597,0.028,0.789,0.517,0.113,0.705,0.704,0.418,0.214,0.368,0.374,0.537,0.402,0.8,0.501,0.311,0.087,-0.158,0.591,0.29,-0.254,-0.57,0.019,0.093,0.925,0.371,0.632,0.263,0.254,0.015,0.445,0.475,0.627,0.608,-0.311,0.331,0.475,-0.157,0.478,0.311,0.64,0.671,0.773,0.609,0.307,0.288,-0.156,-0.09,-0.13,0.367,0.496,0.833,0.459,0.013,0.507,-0.01,0.321,0.201,0.55,0.232,0.19,0.399,0.384,0.544,0.419,0.756,0.028,0.749,0.025,0.461,0.359,0.632,0.585,0.823,0.743,0.85,0.837,0.252,-0.316,0.655,0.011,0.38,0.741,0.84,0.335,0.617,0.696,0.51,0.392,0.206,0.04,0.487,0.034,0.384,0.441,0.741,0.583,0.609,0.246,0.609,0.43,0.371,0.453,0.323,0.662,0.593,0.661
AGYS,0.164,0.883,-0.355,0.607,0.322,0.0,0.757,-0.242,0.777,0.861,-0.65,0.799,0.548,0.511,0.756,-0.475,-0.654,-0.541,0.789,-0.567,-0.202,-0.442,-0.209,-0.356,-0.441,0.788,0.681,0.798,0.415,-0.658,0.559,0.729,0.68,-0.609,0.807,0.635,0.724,0.33,0.341,0.473,0.593,0.659,0.707,0.428,0.427,0.72,-0.086,0.769,0.012,0.747,0.459,-0.348,0.651,-0.145,0.684,0.794,0.556,0.542,0.386,0.126,0.409,0.538,0.581,0.682,0.688,-0.235,-0.526,0.031,-0.016,0.772,0.469,-0.045,0.786,-0.031,0.716,0.294,-0.079,0.73,0.804,0.164,0.437,0.577,0.576,0.841,-0.49,0.739,0.009,0.809,0.792,-0.572,0.638,0.767,0.858,0.339,0.384,0.229,-0.23,0.565,0.742,-0.118,0.87,0.744,0.77,0.789,0.5,0.665,0.616,-0.08,0.748,0.712,0.471,0.767,-0.423,-0.046,0.14,-0.721,-0.785,0.491,0.746,0.427,-0.285,0.654,-0.287,0.685,0.448,0.048,0.06,-0.552,0.89,0.723,0.6,0.778,-0.39,0.594,-0.059,0.651,0.582,0.648,0.869,0.144,0.738,0.693,0.831,-0.266,0.491,-0.172,-0.376,0.866,0.76,0.637,0.786,0.746,-0.571,-0.123,0.237,0.92,0.069,0.565,0.048,0.649,0.391,0.617,0.78,0.349,-0.26,0.526,0.551,0.749,0.537,0.491,0.814,0.513,0.657,0.272,-0.197,0.49,0.446,0.692,0.69,0.561,0.674,0.498,0.752,0.379,0.386,0.646,0.629,0.749,0.077,0.19,-0.023,0.675,0.169,0.806,0.782,0.003,-0.163,0.049,0.683,0.11
ALT,-0.258,0.855,-0.556,0.502,0.145,0.757,0.0,-0.073,0.642,0.802,-0.684,0.917,0.876,0.672,0.792,-0.588,-0.743,-0.364,0.932,-0.77,-0.13,-0.435,-0.616,-0.488,-0.609,0.71,0.915,0.923,0.588,-0.656,0.262,0.736,0.786,-0.862,0.757,0.78,0.869,-0.102,0.338,0.407,0.406,0.929,0.41,0.731,0.141,0.684,-0.414,0.898,-0.32,0.807,0.519,-0.624,0.901,-0.294,0.786,0.893,0.715,0.759,0.078,-0.068,0.537,0.207,0.739,0.761,0.857,-0.608,-0.389,-0.286,-0.258,0.711,0.724,-0.031,0.873,-0.298,0.903,0.087,-0.149,0.876,0.697,-0.112,0.151,0.893,0.263,0.95,-0.52,0.949,-0.308,0.766,0.952,-0.752,0.839,0.826,0.769,0.208,0.654,-0.225,-0.492,0.483,0.561,-0.358,0.822,0.951,0.94,0.774,0.07,0.86,0.435,-0.186,0.828,0.817,0.623,0.532,-0.707,0.109,0.541,-0.802,-0.865,0.265,0.913,0.035,-0.724,0.875,-0.412,0.575,0.274,-0.337,-0.338,-0.684,0.805,0.496,0.826,0.888,-0.638,0.653,-0.383,0.309,0.552,0.867,0.8,0.557,0.901,0.903,0.746,-0.659,0.289,-0.396,-0.571,0.797,0.835,0.892,0.575,0.725,-0.724,-0.545,0.045,0.651,-0.34,0.594,-0.195,0.919,0.293,0.812,0.794,0.466,-0.553,0.52,0.314,0.529,0.244,0.219,0.869,0.747,0.508,-0.006,-0.451,0.249,0.114,0.911,0.653,0.455,0.834,0.145,0.894,0.636,0.117,0.756,0.618,0.788,-0.233,-0.103,-0.474,0.886,-0.052,0.84,0.92,-0.158,-0.441,-0.343,0.81,-0.214
AMGN,-0.345,-0.379,0.056,-0.263,-0.466,-0.242,-0.073,0.0,-0.325,-0.284,0.256,-0.11,-0.006,-0.512,-0.483,0.148,0.273,0.573,-0.243,-0.292,-0.192,-0.263,-0.204,-0.123,-0.018,-0.486,-0.207,-0.151,0.473,0.434,-0.735,-0.142,-0.127,-0.055,-0.436,0.226,0.179,-0.409,0.091,-0.703,-0.37,-0.054,-0.599,0.128,-0.353,-0.409,-0.323,0.056,-0.094,-0.243,-0.046,-0.165,0.135,-0.142,-0.3,-0.318,-0.329,0.211,-0.696,-0.313,0.136,-0.486,0.231,0.32,0.116,-0.131,0.599,-0.282,-0.244,-0.13,0.2,-0.043,-0.233,-0.155,-0.23,-0.564,0.113,-0.244,-0.529,0.046,-0.54,0.214,-0.781,-0.146,-0.059,0.017,-0.563,-0.442,-0.114,0.231,-0.247,-0.308,-0.086,0.146,0.149,-0.395,-0.662,0.165,-0.553,-0.171,-0.222,-0.075,-0.144,-0.529,-0.65,-0.21,-0.289,-0.485,0.1,0.022,-0.157,-0.459,-0.45,0.155,0.428,0.224,0.036,-0.539,-0.176,-0.687,-0.317,-0.273,0.351,-0.504,-0.591,-0.24,-0.048,0.282,-0.18,-0.57,-0.109,-0.258,-0.159,-0.489,-0.392,-0.622,-0.206,-0.233,-0.31,0.341,-0.115,0.126,-0.424,-0.448,-0.602,0.053,0.298,-0.211,0.146,-0.113,-0.154,-0.431,-0.27,-0.277,-0.092,-0.369,-0.119,-0.609,-0.452,0.147,-0.601,0.318,-0.034,-0.145,-0.433,-0.41,-0.507,-0.516,-0.653,-0.366,-0.192,-0.0,-0.615,0.21,-0.383,-0.557,-0.622,-0.158,-0.13,-0.098,-0.343,-0.421,-0.097,0.168,-0.06,-0.024,-0.122,-0.024,-0.081,-0.221,-0.255,-0.171,0.104,-0.425,-0.242,-0.555,-0.4,-0.38,-0.246,-0.488
AMPH,-0.002,0.78,-0.497,0.407,0.356,0.777,0.642,-0.325,0.0,0.657,-0.636,0.624,0.553,0.634,0.736,-0.524,-0.652,-0.77,0.728,-0.412,-0.284,-0.393,-0.281,-0.273,-0.247,0.681,0.691,0.811,0.184,-0.87,0.552,0.548,0.591,-0.621,0.856,0.485,0.506,0.152,0.333,0.641,0.402,0.581,0.645,0.461,0.19,0.691,-0.027,0.604,-0.25,0.715,0.339,-0.505,0.505,-0.203,0.73,0.839,0.621,0.441,0.322,0.158,0.431,0.447,0.566,0.488,0.478,-0.331,-0.525,-0.173,-0.04,0.528,0.495,-0.032,0.735,-0.012,0.725,0.401,-0.279,0.774,0.811,-0.088,0.353,0.413,0.59,0.773,-0.434,0.632,-0.009,0.822,0.698,-0.711,0.602,0.711,0.775,0.077,0.39,0.198,-0.068,0.231,0.777,-0.163,0.836,0.716,0.738,0.814,0.379,0.655,0.397,-0.192,0.496,0.478,0.576,0.639,-0.251,-0.113,0.027,-0.661,-0.747,0.489,0.72,0.229,-0.256,0.713,-0.56,0.731,0.391,-0.132,-0.148,-0.716,0.699,0.859,0.696,0.739,-0.477,0.779,-0.166,0.597,0.706,0.705,0.807,0.083,0.7,0.591,0.894,-0.215,0.421,-0.395,-0.561,0.702,0.586,0.559,0.493,0.689,-0.605,-0.287,-0.188,0.86,-0.053,0.655,-0.013,0.592,0.429,0.379,0.541,0.146,-0.172,0.542,0.432,0.6,0.497,0.359,0.875,0.589,0.764,-0.024,-0.127,0.34,0.417,0.614,0.551,0.367,0.587,0.251,0.665,0.336,0.325,0.348,0.439,0.644,-0.088,0.003,-0.159,0.677,-0.101,0.843,0.798,0.184,-0.254,-0.01,0.627,0.001
AMZN,0.259,0.863,-0.213,0.722,0.446,0.861,0.802,-0.284,0.657,0.0,-0.474,0.853,0.586,0.532,0.804,-0.283,-0.671,-0.387,0.816,-0.552,0.044,-0.325,-0.246,-0.259,-0.362,0.84,0.731,0.772,0.404,-0.577,0.536,0.863,0.597,-0.544,0.83,0.639,0.794,0.391,0.474,0.458,0.776,0.726,0.73,0.391,0.583,0.848,-0.048,0.799,0.061,0.778,0.602,-0.264,0.746,0.019,0.631,0.76,0.464,0.443,0.273,-0.102,0.509,0.579,0.58,0.569,0.823,-0.141,-0.4,0.163,0.071,0.862,0.403,0.19,0.757,0.08,0.723,0.32,-0.014,0.724,0.746,0.251,0.558,0.627,0.477,0.838,-0.353,0.735,0.085,0.868,0.871,-0.496,0.791,0.689,0.768,0.375,0.451,0.213,-0.145,0.627,0.721,0.075,0.762,0.776,0.8,0.751,0.521,0.746,0.748,0.126,0.805,0.839,0.422,0.856,-0.45,0.068,0.134,-0.667,-0.686,0.58,0.808,0.452,-0.272,0.711,-0.146,0.593,0.383,0.175,0.039,-0.513,0.848,0.606,0.527,0.833,-0.224,0.651,0.091,0.691,0.615,0.681,0.777,0.31,0.683,0.63,0.748,-0.235,0.648,0.011,-0.325,0.934,0.673,0.775,0.749,0.824,-0.443,-0.038,0.398,0.83,0.142,0.649,0.22,0.684,0.473,0.617,0.802,0.547,-0.161,0.701,0.644,0.783,0.617,0.634,0.737,0.4,0.599,0.219,-0.252,0.669,0.531,0.813,0.727,0.706,0.784,0.38,0.819,0.394,0.256,0.663,0.779,0.748,0.185,0.33,0.028,0.693,0.253,0.781,0.835,0.103,-0.035,0.095,0.823,0.269
ANIP,0.416,-0.706,0.724,-0.088,0.076,-0.65,-0.684,0.256,-0.636,-0.474,0.0,-0.553,-0.588,-0.63,-0.692,0.818,0.677,0.694,-0.711,0.54,0.428,0.296,0.47,0.519,0.744,-0.49,-0.685,-0.688,-0.319,0.715,-0.4,-0.322,-0.847,0.755,-0.562,-0.463,-0.467,0.192,0.095,-0.52,-0.067,-0.655,-0.393,-0.67,0.115,-0.39,0.489,-0.584,0.537,-0.605,-0.118,0.674,-0.492,0.572,-0.777,-0.769,-0.856,-0.689,-0.465,-0.398,-0.066,-0.013,-0.395,-0.629,-0.353,0.698,0.757,0.548,0.429,-0.367,-0.638,0.548,-0.774,0.451,-0.759,-0.03,0.161,-0.71,-0.784,0.447,0.103,-0.556,-0.529,-0.685,0.522,-0.693,0.312,-0.507,-0.607,0.845,-0.449,-0.871,-0.65,0.066,-0.202,0.269,0.299,-0.155,-0.516,0.661,-0.726,-0.688,-0.638,-0.799,-0.122,-0.585,-0.035,0.448,-0.407,-0.416,-0.567,-0.292,0.353,0.067,-0.361,0.816,0.786,-0.052,-0.589,-0.093,0.488,-0.647,0.672,-0.681,-0.343,0.498,0.434,0.741,-0.625,-0.634,-0.827,-0.656,0.722,-0.462,0.535,-0.208,-0.228,-0.711,-0.743,-0.032,-0.79,-0.755,-0.761,0.527,-0.061,0.73,0.555,-0.466,-0.667,-0.434,-0.444,-0.436,0.703,0.474,0.309,-0.631,0.478,-0.521,0.424,-0.591,-0.286,-0.485,-0.461,-0.082,0.515,-0.15,-0.19,-0.366,-0.105,0.04,-0.797,-0.788,-0.547,0.08,0.216,-0.011,-0.003,-0.539,-0.369,0.019,-0.518,-0.336,-0.549,-0.276,-0.222,-0.513,-0.265,-0.497,0.495,0.378,0.483,-0.678,0.371,-0.753,-0.634,0.19,0.365,0.322,-0.457,0.314
AOSL,-0.021,0.857,-0.367,0.642,0.337,0.799,0.917,-0.11,0.624,0.853,-0.553,0.0,0.799,0.606,0.749,-0.407,-0.653,-0.335,0.888,-0.647,-0.039,-0.406,-0.462,-0.42,-0.431,0.749,0.84,0.888,0.601,-0.619,0.364,0.781,0.702,-0.731,0.802,0.746,0.846,0.089,0.472,0.436,0.554,0.844,0.513,0.548,0.309,0.758,-0.229,0.859,-0.112,0.785,0.548,-0.468,0.836,-0.117,0.687,0.833,0.589,0.64,0.082,-0.144,0.557,0.401,0.736,0.676,0.861,-0.403,-0.303,-0.088,-0.044,0.735,0.595,0.16,0.769,-0.094,0.807,0.22,-0.111,0.842,0.676,0.079,0.331,0.789,0.302,0.909,-0.473,0.845,-0.103,0.81,0.908,-0.601,0.823,0.707,0.772,0.363,0.637,-0.009,-0.332,0.565,0.627,-0.124,0.824,0.872,0.907,0.733,0.222,0.828,0.628,-0.031,0.837,0.801,0.541,0.687,-0.608,0.027,0.383,-0.715,-0.736,0.41,0.874,0.192,-0.512,0.801,-0.33,0.596,0.385,-0.108,-0.088,-0.576,0.827,0.464,0.676,0.867,-0.476,0.68,-0.143,0.485,0.611,0.792,0.775,0.506,0.794,0.78,0.698,-0.473,0.45,-0.19,-0.469,0.893,0.748,0.861,0.632,0.77,-0.588,-0.387,0.191,0.698,-0.105,0.571,-0.004,0.824,0.37,0.762,0.855,0.482,-0.374,0.637,0.462,0.641,0.408,0.396,0.813,0.579,0.562,0.048,-0.277,0.442,0.344,0.869,0.717,0.593,0.832,0.198,0.853,0.577,0.192,0.697,0.642,0.772,-0.001,0.09,-0.231,0.825,0.157,0.829,0.875,-0.005,-0.326,-0.137,0.822,0.002
APDN,-0.418,0.691,-0.628,0.277,0.03,0.548,0.876,-0.006,0.553,0.586,-0.588,0.799,0.0,0.61,0.602,-0.504,-0.678,-0.237,0.838,-0.741,-0.135,-0.403,-0.713,-0.573,-0.504,0.502,0.8,0.869,0.562,-0.602,0.06,0.55,0.697,-0.89,0.61,0.627,0.738,-0.255,0.215,0.324,0.205,0.787,0.175,0.659,-0.033,0.595,-0.469,0.767,-0.428,0.636,0.41,-0.672,0.827,-0.397,0.769,0.794,0.718,0.732,-0.01,0.005,0.457,0.01,0.664,0.635,0.721,-0.689,-0.315,-0.378,-0.312,0.448,0.785,-0.034,0.771,-0.371,0.774,0.048,-0.266,0.805,0.534,-0.231,0.022,0.829,0.149,0.821,-0.381,0.882,-0.437,0.615,0.817,-0.771,0.737,0.718,0.524,0.039,0.702,-0.344,-0.53,0.253,0.353,-0.412,0.676,0.856,0.842,0.636,-0.104,0.813,0.231,-0.245,0.653,0.639,0.692,0.364,-0.684,0.076,0.602,-0.661,-0.761,0.127,0.766,-0.143,-0.739,0.818,-0.512,0.472,0.116,-0.47,-0.459,-0.622,0.603,0.342,0.835,0.738,-0.74,0.657,-0.444,0.142,0.486,0.766,0.644,0.624,0.835,0.787,0.576,-0.684,0.117,-0.493,-0.645,0.628,0.713,0.785,0.32,0.612,-0.664,-0.669,-0.195,0.45,-0.395,0.527,-0.295,0.869,0.136,0.705,0.614,0.374,-0.548,0.448,0.103,0.279,0.034,-0.032,0.766,0.802,0.365,-0.246,-0.352,0.005,-0.023,0.813,0.475,0.217,0.669,-0.06,0.796,0.6,-0.081,0.525,0.401,0.556,-0.365,-0.198,-0.574,0.82,-0.213,0.731,0.795,-0.105,-0.548,-0.475,0.641,-0.362
APLT,-0.132,0.713,-0.484,0.385,0.405,0.511,0.672,-0.512,0.634,0.532,-0.63,0.606,0.61,0.0,0.79,-0.614,-0.593,-0.652,0.741,-0.243,-0.049,-0.173,-0.368,-0.301,-0.321,0.686,0.784,0.729,0.129,-0.805,0.573,0.412,0.524,-0.6,0.76,0.431,0.38,-0.009,0.235,0.801,0.328,0.681,0.492,0.483,0.051,0.625,-0.092,0.531,-0.369,0.725,0.307,-0.46,0.442,-0.163,0.697,0.829,0.728,0.438,0.338,0.112,0.371,0.318,0.456,0.29,0.406,-0.482,-0.533,-0.267,0.013,0.355,0.386,-0.008,0.625,-0.115,0.802,0.371,-0.324,0.797,0.727,-0.268,0.269,0.493,0.56,0.705,-0.38,0.585,0.125,0.744,0.653,-0.74,0.707,0.653,0.54,0.047,0.342,0.04,0.041,0.027,0.732,-0.232,0.709,0.69,0.742,0.828,0.204,0.744,0.336,0.046,0.387,0.364,0.523,0.482,-0.125,-0.036,0.147,-0.658,-0.504,0.449,0.737,0.216,-0.389,0.784,-0.659,0.739,0.56,-0.264,-0.255,-0.73,0.58,0.689,0.679,0.741,-0.433,0.798,-0.175,0.454,0.554,0.808,0.648,0.199,0.653,0.535,0.769,-0.217,0.457,-0.463,-0.643,0.552,0.401,0.657,0.253,0.679,-0.337,-0.43,-0.143,0.551,-0.34,0.666,0.095,0.544,0.564,0.356,0.493,0.294,-0.111,0.561,0.478,0.568,0.452,0.242,0.749,0.544,0.804,-0.317,0.068,0.379,0.373,0.658,0.503,0.268,0.807,0.199,0.55,0.479,0.14,0.461,0.309,0.58,-0.192,-0.12,-0.314,0.769,-0.182,0.854,0.752,0.237,-0.188,-0.096,0.686,0.015
APVO,0.074,0.891,-0.388,0.598,0.447,0.756,0.792,-0.483,0.736,0.804,-0.692,0.749,0.602,0.79,0.0,-0.576,-0.618,-0.66,0.825,-0.435,-0.159,-0.279,-0.261,-0.327,-0.427,0.884,0.857,0.798,0.209,-0.787,0.679,0.707,0.627,-0.61,0.889,0.544,0.62,0.15,0.358,0.69,0.512,0.776,0.695,0.446,0.339,0.712,-0.103,0.682,-0.132,0.856,0.541,-0.441,0.566,-0.04,0.676,0.869,0.646,0.434,0.42,0.041,0.449,0.534,0.533,0.486,0.623,-0.362,-0.571,-0.081,0.02,0.716,0.387,-0.015,0.771,-0.027,0.868,0.307,-0.245,0.823,0.832,-0.04,0.429,0.577,0.654,0.858,-0.56,0.729,0.132,0.865,0.833,-0.707,0.76,0.791,0.787,0.227,0.41,0.102,-0.055,0.388,0.844,-0.132,0.847,0.798,0.829,0.872,0.442,0.783,0.568,0.008,0.652,0.602,0.415,0.654,-0.257,-0.152,0.048,-0.768,-0.695,0.561,0.815,0.435,-0.36,0.801,-0.468,0.77,0.554,-0.085,-0.094,-0.78,0.78,0.771,0.653,0.876,-0.394,0.748,-0.083,0.611,0.597,0.857,0.816,0.103,0.74,0.648,0.874,-0.245,0.578,-0.296,-0.47,0.769,0.607,0.72,0.611,0.753,-0.492,-0.292,0.063,0.772,-0.156,0.705,0.073,0.621,0.688,0.532,0.681,0.338,-0.154,0.587,0.645,0.793,0.616,0.489,0.807,0.53,0.791,0.038,-0.174,0.546,0.489,0.788,0.698,0.525,0.86,0.42,0.681,0.455,0.324,0.566,0.635,0.762,-0.021,0.041,-0.144,0.759,0.002,0.907,0.867,0.096,-0.138,0.094,0.828,0.166
ARGX,0.484,-0.541,0.698,0.035,0.178,-0.475,-0.588,0.148,-0.524,-0.283,0.818,-0.407,-0.504,-0.614,-0.576,0.0,0.47,0.572,-0.561,0.421,0.408,0.399,0.441,0.323,0.701,-0.365,-0.575,-0.571,-0.228,0.624,-0.246,-0.251,-0.614,0.704,-0.427,-0.482,-0.351,0.253,0.153,-0.423,0.141,-0.587,-0.208,-0.654,0.307,-0.214,0.515,-0.461,0.521,-0.509,-0.015,0.696,-0.423,0.595,-0.674,-0.643,-0.716,-0.646,-0.287,-0.276,-0.087,0.058,-0.443,-0.583,-0.243,0.641,0.607,0.578,0.462,-0.235,-0.543,0.57,-0.635,0.516,-0.653,0.008,0.185,-0.576,-0.617,0.511,0.174,-0.51,-0.371,-0.585,0.433,-0.587,0.363,-0.398,-0.48,0.751,-0.342,-0.693,-0.548,0.121,-0.196,0.368,0.362,-0.024,-0.422,0.68,-0.608,-0.571,-0.532,-0.619,0.082,-0.488,0.107,0.46,-0.271,-0.274,-0.506,-0.108,0.282,0.096,-0.41,0.707,0.654,0.04,-0.484,0.104,0.534,-0.584,0.601,-0.6,-0.347,0.63,0.448,0.635,-0.51,-0.521,-0.759,-0.5,0.684,-0.337,0.604,-0.053,-0.148,-0.617,-0.593,-0.084,-0.715,-0.679,-0.627,0.506,0.059,0.745,0.565,-0.281,-0.526,-0.352,-0.342,-0.238,0.609,0.537,0.384,-0.477,0.585,-0.345,0.464,-0.529,-0.177,-0.429,-0.305,0.021,0.499,-0.074,-0.081,-0.271,0.019,0.17,-0.661,-0.729,-0.476,0.126,0.246,0.119,0.15,-0.396,-0.238,0.077,-0.445,-0.165,-0.389,-0.41,-0.063,-0.47,-0.171,-0.429,0.557,0.448,0.598,-0.6,0.436,-0.624,-0.522,0.217,0.479,0.407,-0.337,0.409
ARLP,0.238,-0.723,0.618,-0.347,-0.081,-0.654,-0.743,0.273,-0.652,-0.671,0.677,-0.653,-0.678,-0.593,-0.618,0.47,0.0,0.503,-0.787,0.551,0.027,0.217,0.512,0.39,0.579,-0.562,-0.678,-0.724,-0.262,0.635,-0.378,-0.513,-0.776,0.681,-0.628,-0.414,-0.544,-0.003,-0.053,-0.467,-0.373,-0.678,-0.468,-0.582,-0.162,-0.643,0.332,-0.603,0.423,-0.543,-0.32,0.461,-0.685,0.453,-0.793,-0.759,-0.763,-0.52,-0.349,-0.17,-0.162,-0.133,-0.372,-0.52,-0.526,0.46,0.624,0.276,0.32,-0.497,-0.583,0.19,-0.83,0.354,-0.695,-0.185,0.123,-0.676,-0.776,0.26,-0.144,-0.571,-0.434,-0.726,0.193,-0.685,0.232,-0.626,-0.704,0.752,-0.626,-0.803,-0.518,0.15,-0.406,0.118,0.209,-0.249,-0.484,0.381,-0.606,-0.741,-0.677,-0.788,-0.273,-0.625,-0.296,0.115,-0.479,-0.633,-0.653,-0.525,0.491,-0.163,-0.346,0.705,0.78,-0.21,-0.654,-0.143,0.432,-0.728,0.536,-0.501,-0.145,0.25,0.458,0.585,-0.578,-0.579,-0.745,-0.685,0.539,-0.582,0.279,-0.37,-0.353,-0.663,-0.647,-0.329,-0.746,-0.651,-0.671,0.427,-0.296,0.484,0.583,-0.597,-0.594,-0.623,-0.434,-0.616,0.582,0.293,0.053,-0.621,0.296,-0.725,0.147,-0.657,-0.23,-0.426,-0.476,-0.354,0.367,-0.437,-0.217,-0.414,-0.268,-0.148,-0.739,-0.681,-0.474,0.256,0.242,-0.2,-0.127,-0.661,-0.3,-0.22,-0.555,-0.15,-0.726,-0.263,0.012,-0.517,-0.438,-0.419,0.348,0.174,0.382,-0.658,0.29,-0.702,-0.74,-0.064,0.253,0.334,-0.567,0.135
ATEX,0.011,-0.633,0.501,-0.243,-0.317,-0.541,-0.364,0.573,-0.77,-0.387,0.694,-0.335,-0.237,-0.652,-0.66,0.572,0.503,0.0,-0.466,0.007,0.349,-0.005,0.075,0.13,0.263,-0.559,-0.515,-0.503,0.146,0.855,-0.684,-0.279,-0.459,0.356,-0.689,-0.233,-0.092,-0.076,-0.058,-0.759,-0.172,-0.405,-0.575,-0.376,0.018,-0.391,-0.071,-0.288,0.369,-0.524,-0.016,0.38,-0.129,0.165,-0.577,-0.67,-0.612,-0.231,-0.554,-0.307,-0.117,-0.358,-0.218,-0.206,-0.043,0.284,0.686,0.274,0.042,-0.275,-0.252,0.231,-0.504,0.085,-0.565,-0.459,0.301,-0.557,-0.761,0.361,-0.2,-0.058,-0.714,-0.502,0.363,-0.29,-0.19,-0.582,-0.38,0.669,-0.327,-0.572,-0.587,0.127,-0.067,-0.166,-0.26,-0.03,-0.73,0.26,-0.627,-0.422,-0.446,-0.766,-0.422,-0.36,-0.221,0.098,-0.107,-0.204,-0.394,-0.45,-0.153,0.257,0.198,0.6,0.5,-0.356,-0.468,-0.318,0.018,-0.519,0.737,-0.729,-0.534,0.186,0.176,0.669,-0.503,-0.845,-0.542,-0.519,0.319,-0.588,0.175,-0.534,-0.439,-0.61,-0.591,0.261,-0.502,-0.371,-0.811,-0.011,-0.364,0.543,0.518,-0.388,-0.238,-0.279,-0.332,-0.472,0.405,0.205,0.316,-0.658,0.251,-0.563,-0.023,-0.241,-0.555,-0.071,-0.232,0.15,0.052,-0.389,-0.408,-0.523,-0.503,-0.267,-0.674,-0.451,-0.793,0.11,-0.128,-0.346,-0.442,-0.283,-0.274,-0.118,-0.475,-0.31,-0.27,-0.19,-0.367,-0.116,-0.224,-0.409,0.195,0.247,0.119,-0.437,0.313,-0.732,-0.547,-0.282,0.116,-0.139,-0.39,-0.083
ATRA,-0.152,0.884,-0.502,0.519,0.32,0.789,0.932,-0.243,0.728,0.816,-0.711,0.888,0.838,0.741,0.825,-0.561,-0.787,-0.466,0.0,-0.722,0.011,-0.444,-0.583,-0.581,-0.495,0.764,0.902,0.929,0.476,-0.723,0.45,0.657,0.771,-0.814,0.819,0.625,0.802,-0.002,0.359,0.548,0.544,0.848,0.583,0.62,0.267,0.821,-0.277,0.806,-0.262,0.863,0.579,-0.543,0.803,-0.264,0.827,0.929,0.763,0.656,0.238,0.043,0.518,0.298,0.697,0.616,0.798,-0.569,-0.519,-0.183,-0.108,0.648,0.658,-0.03,0.901,-0.144,0.921,0.246,-0.094,0.926,0.831,-0.038,0.305,0.791,0.448,0.923,-0.511,0.904,-0.154,0.849,0.916,-0.768,0.882,0.871,0.733,0.261,0.497,-0.036,-0.292,0.312,0.687,-0.247,0.859,0.928,0.947,0.875,0.181,0.923,0.479,-0.089,0.776,0.716,0.614,0.594,-0.575,0.108,0.402,-0.741,-0.808,0.442,0.895,0.186,-0.611,0.898,-0.442,0.724,0.3,-0.195,-0.262,-0.737,0.791,0.64,0.798,0.933,-0.602,0.797,-0.232,0.45,0.609,0.85,0.847,0.417,0.828,0.804,0.809,-0.512,0.439,-0.356,-0.592,0.832,0.792,0.866,0.515,0.824,-0.608,-0.466,0.074,0.719,-0.191,0.744,-0.058,0.856,0.399,0.675,0.823,0.565,-0.38,0.556,0.434,0.612,0.374,0.303,0.899,0.681,0.628,-0.115,-0.287,0.32,0.241,0.913,0.717,0.44,0.839,0.283,0.908,0.459,0.174,0.713,0.543,0.747,-0.137,0.043,-0.341,0.917,-0.003,0.897,0.922,-0.043,-0.309,-0.239,0.85,-0.138
AUTL,0.42,-0.53,0.423,-0.158,0.15,-0.567,-0.77,-0.292,-0.412,-0.552,0.54,-0.647,-0.741,-0.243,-0.435,0.421,0.551,0.007,-0.722,0.0,0.127,0.582,0.676,0.694,0.572,-0.349,-0.636,-0.701,-0.747,0.288,0.122,-0.461,-0.664,0.812,-0.375,-0.573,-0.867,0.271,-0.218,0.051,-0.243,-0.671,-0.136,-0.615,-0.101,-0.442,0.62,-0.734,0.27,-0.595,-0.498,0.604,-0.786,0.408,-0.583,-0.585,-0.53,-0.749,0.054,-0.005,-0.399,0.13,-0.632,-0.767,-0.789,0.656,0.197,0.328,0.39,-0.529,-0.766,0.225,-0.765,0.318,-0.654,0.262,-0.109,-0.646,-0.41,-0.024,0.102,-0.857,0.018,-0.687,0.518,-0.872,0.595,-0.413,-0.73,0.543,-0.588,-0.698,-0.548,-0.259,-0.448,0.362,0.728,-0.344,-0.181,0.395,-0.589,-0.772,-0.707,-0.436,0.21,-0.693,-0.123,0.462,-0.778,-0.621,-0.414,-0.181,0.873,-0.209,-0.675,0.512,0.778,0.018,-0.635,0.175,0.787,-0.584,0.083,-0.303,0.209,0.345,0.333,0.468,-0.537,-0.185,-0.67,-0.654,0.672,-0.34,0.486,0.061,-0.341,-0.539,-0.634,-0.51,-0.679,-0.817,-0.443,0.816,0.086,0.277,0.308,-0.576,-0.892,-0.634,-0.363,-0.418,0.742,0.505,-0.019,-0.412,0.2,-0.332,0.45,-0.851,0.094,-0.782,-0.691,-0.508,0.683,-0.073,-0.001,-0.151,0.177,0.045,-0.645,-0.673,-0.044,-0.105,0.626,0.151,0.277,-0.754,-0.544,-0.204,-0.442,-0.089,-0.806,-0.367,-0.054,-0.67,-0.414,-0.571,0.247,0.031,0.461,-0.679,-0.002,-0.493,-0.626,0.561,0.452,0.526,-0.567,0.488
AVDL,0.303,-0.135,0.421,0.11,0.301,-0.202,-0.13,-0.192,-0.284,0.044,0.428,-0.039,-0.135,-0.049,-0.159,0.408,0.027,0.349,0.011,0.127,0.0,0.147,-0.049,0.118,0.297,-0.022,-0.179,-0.207,-0.084,0.31,0.097,-0.136,-0.218,0.29,-0.142,-0.32,-0.108,0.27,0.07,0.018,0.443,-0.198,0.208,-0.301,0.376,0.253,0.241,-0.229,0.323,-0.046,0.193,0.513,-0.056,0.214,-0.098,-0.193,-0.21,-0.299,-0.014,-0.13,-0.025,0.082,-0.061,-0.458,0.023,0.303,0.082,0.492,0.366,-0.143,-0.27,0.324,-0.12,0.298,-0.2,0.313,0.551,-0.119,-0.015,0.334,0.348,-0.148,-0.042,-0.218,0.412,-0.208,0.321,0.031,-0.136,0.359,0.163,-0.196,-0.378,0.159,-0.238,0.272,0.423,-0.271,-0.06,0.468,-0.269,-0.196,-0.104,-0.092,0.056,0.086,0.182,0.697,-0.1,-0.044,-0.13,0.081,0.119,0.358,-0.031,0.406,0.374,0.26,-0.101,0.166,0.191,-0.005,0.403,-0.021,-0.1,0.484,0.159,0.358,-0.173,-0.169,-0.305,-0.082,0.437,0.085,0.487,0.106,-0.112,-0.249,-0.182,0.202,-0.318,-0.336,-0.259,0.303,0.36,0.486,0.064,0.064,-0.295,0.061,-0.238,0.183,0.587,0.387,0.538,-0.21,0.363,0.223,0.492,-0.171,-0.023,-0.326,0.044,0.591,0.364,0.196,0.15,0.048,0.174,0.151,-0.266,-0.379,-0.126,-0.277,0.236,0.25,0.11,0.024,0.019,0.046,0.048,-0.047,0.068,-0.34,-0.308,0.106,-0.142,-0.228,0.312,0.541,0.289,-0.023,0.299,-0.178,-0.148,0.286,0.394,0.077,0.058,0.205
BCRX,0.086,-0.345,0.096,-0.204,-0.119,-0.442,-0.435,-0.263,-0.393,-0.325,0.296,-0.406,-0.403,-0.173,-0.279,0.399,0.217,-0.005,-0.444,0.582,0.147,0.0,0.208,0.408,0.179,-0.301,-0.343,-0.485,-0.403,0.222,-0.086,-0.338,-0.262,0.457,-0.335,-0.373,-0.553,-0.071,-0.207,-0.045,-0.179,-0.334,-0.2,-0.135,-0.169,-0.385,0.349,-0.377,-0.021,-0.455,-0.42,0.396,-0.404,0.217,-0.268,-0.354,-0.186,-0.359,0.093,0.192,-0.26,-0.18,-0.547,-0.497,-0.479,0.236,0.086,0.091,-0.034,-0.352,-0.297,0.15,-0.386,-0.061,-0.386,0.085,0.129,-0.399,-0.293,-0.213,-0.167,-0.48,-0.077,-0.447,0.39,-0.523,0.226,-0.374,-0.428,0.25,-0.36,-0.399,-0.449,-0.439,-0.219,-0.072,0.478,-0.181,-0.324,0.071,-0.528,-0.449,-0.471,-0.266,0.059,-0.497,-0.205,0.433,-0.511,-0.182,-0.124,-0.184,0.393,0.067,-0.224,0.28,0.388,-0.255,-0.372,0.031,0.371,-0.321,-0.029,-0.293,-0.058,0.089,-0.099,0.394,-0.397,-0.221,-0.307,-0.429,0.405,-0.288,0.154,-0.134,-0.308,-0.297,-0.437,-0.119,-0.339,-0.414,-0.282,0.335,-0.057,0.055,0.08,-0.399,-0.537,-0.279,-0.303,-0.182,0.431,0.263,0.02,-0.399,-0.134,-0.106,0.171,-0.479,-0.078,-0.492,-0.509,-0.235,0.183,0.01,-0.21,-0.307,-0.023,-0.124,-0.432,-0.313,-0.196,-0.163,0.248,0.113,0.026,-0.413,-0.503,-0.282,-0.227,-0.107,-0.41,-0.239,-0.217,-0.364,-0.265,-0.472,-0.046,-0.161,0.087,-0.433,-0.252,-0.327,-0.368,0.308,0.322,0.164,-0.374,0.237
BHAT,0.739,-0.317,0.645,0.16,0.337,-0.209,-0.616,-0.204,-0.281,-0.246,0.47,-0.462,-0.713,-0.368,-0.261,0.441,0.512,0.075,-0.583,0.676,-0.049,0.208,0.0,0.523,0.515,-0.05,-0.544,-0.55,-0.589,0.345,0.284,-0.093,-0.602,0.767,-0.185,-0.381,-0.49,0.58,-0.04,-0.116,0.003,-0.608,0.109,-0.737,0.347,-0.275,0.65,-0.527,0.631,-0.427,-0.082,0.617,-0.679,0.597,-0.641,-0.525,-0.616,-0.753,0.22,-0.044,-0.26,0.471,-0.547,-0.478,-0.504,0.795,0.205,0.599,0.614,-0.078,-0.817,0.227,-0.607,0.565,-0.54,0.108,-0.194,-0.574,-0.311,0.421,0.412,-0.684,0.153,-0.495,0.159,-0.652,0.68,-0.266,-0.498,0.64,-0.547,-0.506,-0.235,0.186,-0.402,0.615,0.479,0.064,0.021,0.587,-0.33,-0.607,-0.549,-0.39,0.503,-0.573,0.253,0.302,-0.351,-0.463,-0.615,0.056,0.704,-0.504,-0.822,0.446,0.603,0.303,-0.506,0.548,0.77,-0.646,0.398,-0.27,0.27,0.623,0.707,0.321,-0.246,-0.078,-0.759,-0.423,0.64,-0.341,0.679,0.319,-0.22,-0.477,-0.343,-0.669,-0.645,-0.692,-0.331,0.825,0.197,0.567,0.605,-0.291,-0.531,-0.599,0.054,-0.336,0.57,0.668,0.257,-0.13,0.563,-0.378,0.547,-0.739,0.281,-0.428,-0.349,-0.393,0.741,-0.106,0.289,0.184,0.379,0.45,-0.552,-0.71,0.018,0.365,0.483,0.332,0.475,-0.563,-0.186,0.19,-0.377,0.365,-0.627,-0.351,0.364,-0.507,0.018,-0.26,0.607,0.33,0.791,-0.682,0.434,-0.404,-0.499,0.294,0.486,0.814,-0.323,0.71
BLBD,0.372,-0.399,0.35,-0.064,-0.042,-0.356,-0.488,-0.123,-0.273,-0.259,0.519,-0.42,-0.573,-0.301,-0.327,0.323,0.39,0.13,-0.581,0.694,0.118,0.408,0.523,0.0,0.303,-0.283,-0.497,-0.545,-0.473,0.32,-0.031,-0.141,-0.481,0.632,-0.283,-0.205,-0.532,0.396,-0.158,-0.052,-0.136,-0.451,-0.109,-0.351,-0.017,-0.303,0.373,-0.413,0.254,-0.505,-0.418,0.509,-0.422,0.314,-0.406,-0.49,-0.507,-0.495,-0.036,-0.146,-0.277,0.13,-0.424,-0.411,-0.489,0.669,0.241,0.315,0.125,-0.209,-0.528,0.252,-0.53,0.101,-0.547,0.142,0.029,-0.581,-0.341,0.01,0.112,-0.566,-0.108,-0.458,0.567,-0.637,0.348,-0.274,-0.478,0.518,-0.465,-0.523,-0.35,-0.318,-0.214,0.164,0.437,0.06,-0.212,0.305,-0.507,-0.542,-0.556,-0.412,0.232,-0.574,-0.04,0.39,-0.507,-0.252,-0.213,-0.01,0.551,-0.103,-0.4,0.287,0.501,-0.058,-0.441,0.088,0.574,-0.433,0.277,-0.402,0.206,0.28,0.18,0.525,-0.323,-0.207,-0.487,-0.532,0.65,-0.386,0.357,0.043,-0.332,-0.415,-0.456,-0.216,-0.409,-0.553,-0.366,0.584,0.074,0.31,0.292,-0.363,-0.654,-0.446,-0.037,-0.363,0.496,0.567,0.163,-0.215,0.171,-0.282,0.326,-0.582,-0.024,-0.509,-0.542,-0.347,0.425,0.028,-0.007,-0.098,0.139,0.1,-0.519,-0.473,-0.132,0.151,0.232,0.229,0.189,-0.558,-0.484,-0.012,-0.357,-0.161,-0.49,-0.172,-0.222,-0.39,-0.096,-0.383,0.158,0.076,0.317,-0.554,-0.028,-0.446,-0.436,0.485,0.335,0.33,-0.434,0.451
BMRN,0.554,-0.453,0.699,0.072,0.494,-0.441,-0.609,-0.018,-0.247,-0.362,0.744,-0.431,-0.504,-0.321,-0.427,0.701,0.579,0.263,-0.495,0.572,0.297,0.179,0.515,0.303,0.0,-0.197,-0.462,-0.435,-0.419,0.298,0.006,-0.278,-0.761,0.667,-0.181,-0.501,-0.463,0.258,0.352,-0.072,0.143,-0.566,-0.047,-0.7,0.237,-0.105,0.752,-0.528,0.514,-0.297,0.024,0.554,-0.577,0.666,-0.634,-0.464,-0.664,-0.708,-0.279,-0.291,0.151,0.29,-0.252,-0.677,-0.339,0.62,0.57,0.572,0.711,-0.315,-0.644,0.625,-0.682,0.771,-0.5,0.308,-0.069,-0.379,-0.483,0.524,0.355,-0.609,-0.16,-0.517,0.23,-0.603,0.595,-0.163,-0.472,0.642,-0.233,-0.698,-0.392,0.259,-0.249,0.632,0.554,-0.315,-0.074,0.784,-0.369,-0.529,-0.402,-0.452,0.049,-0.337,0.148,0.42,-0.346,-0.499,-0.51,-0.086,0.529,-0.039,-0.624,0.724,0.701,0.354,-0.377,0.125,0.556,-0.445,0.367,-0.278,-0.11,0.58,0.606,0.388,-0.455,-0.21,-0.697,-0.375,0.623,-0.011,0.65,0.126,0.153,-0.478,-0.465,-0.279,-0.721,-0.72,-0.393,0.666,0.25,0.646,0.393,-0.264,-0.599,-0.335,-0.449,-0.139,0.639,0.359,0.158,-0.345,0.621,-0.264,0.598,-0.528,0.053,-0.528,-0.254,-0.093,0.716,0.038,0.16,-0.079,0.227,0.263,-0.473,-0.766,-0.083,-0.013,0.487,0.169,0.35,-0.393,-0.044,0.143,-0.294,-0.138,-0.445,-0.316,0.058,-0.557,-0.284,-0.267,0.669,0.485,0.63,-0.427,0.471,-0.406,-0.411,0.388,0.431,0.533,-0.216,0.429
BNGO,0.364,0.886,-0.137,0.799,0.669,0.788,0.71,-0.486,0.681,0.84,-0.49,0.749,0.502,0.686,0.884,-0.365,-0.562,-0.559,0.764,-0.349,-0.022,-0.301,-0.05,-0.283,-0.197,0.0,0.756,0.745,0.151,-0.682,0.757,0.809,0.444,-0.457,0.911,0.477,0.62,0.355,0.498,0.618,0.68,0.661,0.801,0.222,0.575,0.771,0.133,0.604,0.16,0.798,0.692,-0.219,0.511,0.184,0.522,0.772,0.437,0.242,0.382,-0.111,0.52,0.771,0.526,0.405,0.648,-0.093,-0.444,0.198,0.303,0.81,0.169,0.183,0.635,0.226,0.746,0.429,-0.252,0.734,0.758,0.251,0.664,0.487,0.638,0.806,-0.53,0.624,0.344,0.895,0.793,-0.499,0.744,0.655,0.775,0.433,0.373,0.385,0.041,0.441,0.879,0.16,0.834,0.711,0.795,0.801,0.588,0.733,0.82,0.219,0.703,0.596,0.26,0.779,-0.205,-0.222,-0.134,-0.607,-0.573,0.757,0.766,0.601,-0.194,0.684,-0.296,0.723,0.588,0.204,0.205,-0.652,0.783,0.745,0.433,0.849,-0.194,0.75,0.196,0.784,0.658,0.724,0.761,0.095,0.585,0.495,0.796,-0.036,0.726,-0.002,-0.332,0.829,0.54,0.692,0.667,0.8,-0.322,-0.115,0.285,0.764,0.121,0.667,0.313,0.529,0.741,0.51,0.748,0.412,0.062,0.698,0.784,0.928,0.802,0.714,0.709,0.29,0.814,0.104,-0.078,0.698,0.664,0.739,0.757,0.73,0.836,0.492,0.648,0.391,0.394,0.531,0.721,0.761,0.288,0.268,0.131,0.654,0.289,0.841,0.818,0.162,-0.031,0.306,0.848,0.376
BUSE,-0.227,0.828,-0.483,0.528,0.316,0.681,0.915,-0.207,0.691,0.731,-0.685,0.84,0.8,0.784,0.857,-0.575,-0.678,-0.515,0.902,-0.636,-0.179,-0.343,-0.544,-0.497,-0.462,0.756,0.0,0.903,0.455,-0.767,0.384,0.657,0.699,-0.794,0.828,0.688,0.753,-0.169,0.464,0.574,0.395,0.937,0.445,0.688,0.123,0.669,-0.283,0.797,-0.343,0.86,0.575,-0.618,0.748,-0.106,0.724,0.927,0.729,0.639,0.138,-0.109,0.612,0.264,0.684,0.632,0.757,-0.61,-0.37,-0.335,-0.148,0.643,0.634,0.056,0.828,-0.178,0.978,0.144,-0.254,0.934,0.711,-0.134,0.173,0.809,0.343,0.918,-0.641,0.864,-0.132,0.793,0.908,-0.792,0.844,0.801,0.778,0.215,0.604,-0.152,-0.285,0.382,0.671,-0.276,0.848,0.957,0.939,0.819,0.094,0.873,0.439,-0.156,0.773,0.661,0.542,0.482,-0.547,-0.002,0.36,-0.771,-0.791,0.372,0.925,0.089,-0.673,0.872,-0.531,0.645,0.346,-0.321,-0.287,-0.822,0.72,0.593,0.793,0.95,-0.559,0.765,-0.331,0.342,0.668,0.96,0.789,0.42,0.816,0.826,0.805,-0.55,0.354,-0.403,-0.605,0.743,0.74,0.863,0.443,0.729,-0.685,-0.611,-0.068,0.622,-0.356,0.663,-0.114,0.853,0.507,0.725,0.756,0.412,-0.409,0.534,0.424,0.567,0.349,0.279,0.883,0.689,0.633,-0.097,-0.358,0.315,0.219,0.911,0.699,0.486,0.873,0.19,0.801,0.639,0.236,0.637,0.583,0.84,-0.154,-0.148,-0.406,0.892,-0.064,0.9,0.942,-0.11,-0.404,-0.21,0.892,-0.121
CAKE,-0.191,0.886,-0.556,0.508,0.279,0.798,0.923,-0.151,0.811,0.772,-0.688,0.888,0.869,0.729,0.798,-0.571,-0.724,-0.503,0.929,-0.701,-0.207,-0.485,-0.55,-0.545,-0.435,0.745,0.903,0.0,0.534,-0.8,0.346,0.688,0.738,-0.867,0.851,0.72,0.82,-0.044,0.402,0.521,0.435,0.859,0.477,0.65,0.177,0.771,-0.265,0.86,-0.29,0.84,0.505,-0.651,0.828,-0.254,0.825,0.942,0.74,0.727,0.129,0.018,0.584,0.305,0.773,0.701,0.8,-0.575,-0.395,-0.263,-0.144,0.643,0.698,0.039,0.854,-0.162,0.905,0.244,-0.267,0.944,0.731,-0.078,0.256,0.8,0.388,0.948,-0.529,0.919,-0.225,0.846,0.923,-0.792,0.837,0.806,0.806,0.24,0.658,-0.053,-0.386,0.374,0.678,-0.281,0.904,0.94,0.969,0.831,0.134,0.899,0.456,-0.211,0.782,0.698,0.679,0.599,-0.606,0.022,0.4,-0.763,-0.852,0.394,0.924,0.091,-0.623,0.893,-0.521,0.701,0.34,-0.282,-0.241,-0.737,0.812,0.619,0.839,0.91,-0.661,0.807,-0.302,0.431,0.709,0.87,0.855,0.451,0.878,0.839,0.834,-0.544,0.351,-0.4,-0.636,0.828,0.818,0.858,0.525,0.795,-0.697,-0.553,-0.067,0.744,-0.227,0.638,-0.115,0.889,0.342,0.74,0.797,0.412,-0.438,0.599,0.373,0.57,0.334,0.263,0.94,0.741,0.661,-0.052,-0.286,0.268,0.25,0.898,0.718,0.453,0.82,0.158,0.885,0.603,0.193,0.649,0.534,0.796,-0.171,-0.026,-0.382,0.914,-0.028,0.92,0.935,-0.018,-0.427,-0.244,0.809,-0.184
CASY,-0.349,0.372,-0.232,0.13,-0.168,0.415,0.588,0.473,0.184,0.404,-0.319,0.601,0.562,0.129,0.209,-0.228,-0.262,0.146,0.476,-0.747,-0.084,-0.403,-0.589,-0.473,-0.419,0.151,0.455,0.534,0.0,-0.128,-0.306,0.311,0.494,-0.612,0.206,0.647,0.754,-0.24,0.321,-0.104,0.19,0.573,-0.062,0.547,0.005,0.277,-0.501,0.696,-0.223,0.42,0.293,-0.404,0.681,-0.251,0.405,0.403,0.308,0.776,-0.278,-0.154,0.39,-0.178,0.645,0.729,0.705,-0.49,0.126,-0.33,-0.308,0.355,0.649,0.002,0.456,-0.28,0.437,-0.207,0.262,0.504,0.133,0.05,-0.216,0.749,-0.257,0.518,-0.353,0.641,-0.535,0.247,0.53,-0.316,0.423,0.385,0.473,0.373,0.422,-0.322,-0.641,0.453,0.027,-0.289,0.441,0.564,0.55,0.212,-0.335,0.52,0.118,-0.318,0.664,0.532,0.385,0.139,-0.781,0.25,0.708,-0.381,-0.528,-0.152,0.534,-0.31,-0.632,0.416,0.018,0.178,-0.103,-0.256,-0.14,-0.122,0.486,-0.059,0.496,0.456,-0.442,0.159,-0.418,-0.158,0.286,0.392,0.445,0.638,0.531,0.713,0.27,-0.715,-0.136,-0.121,-0.252,0.536,0.697,0.535,0.272,0.317,-0.558,-0.43,0.157,0.256,-0.168,0.051,-0.345,0.72,-0.244,0.743,0.645,0.429,-0.671,0.138,-0.007,0.019,-0.249,-0.091,0.488,0.474,-0.049,0.188,-0.425,-0.071,-0.243,0.581,0.489,0.188,0.392,-0.097,0.633,0.466,0.031,0.658,0.218,0.523,-0.137,0.012,-0.358,0.568,0.159,0.338,0.411,-0.415,-0.482,-0.489,0.406,-0.438
CCOI,0.134,-0.784,0.603,-0.348,-0.359,-0.658,-0.656,0.434,-0.87,-0.577,0.715,-0.619,-0.602,-0.805,-0.787,0.624,0.635,0.855,-0.723,0.288,0.31,0.222,0.345,0.32,0.298,-0.682,-0.767,-0.8,-0.128,0.0,-0.564,-0.481,-0.581,0.652,-0.862,-0.481,-0.402,0.009,-0.277,-0.802,-0.292,-0.66,-0.539,-0.554,-0.0,-0.636,0.066,-0.577,0.402,-0.744,-0.22,0.603,-0.468,0.247,-0.77,-0.887,-0.73,-0.475,-0.296,-0.111,-0.403,-0.347,-0.558,-0.417,-0.405,0.463,0.562,0.308,0.08,-0.408,-0.508,0.039,-0.686,0.139,-0.783,-0.471,0.417,-0.818,-0.789,0.336,-0.25,-0.399,-0.59,-0.745,0.425,-0.605,-0.033,-0.799,-0.685,0.84,-0.652,-0.672,-0.696,0.038,-0.464,-0.056,-0.001,-0.108,-0.782,0.255,-0.798,-0.722,-0.759,-0.872,-0.246,-0.692,-0.332,0.118,-0.382,-0.458,-0.612,-0.551,0.146,0.13,-0.053,0.753,0.683,-0.432,-0.75,-0.146,0.337,-0.821,0.789,-0.787,-0.491,0.317,0.281,0.771,-0.653,-0.799,-0.769,-0.738,0.525,-0.83,0.271,-0.52,-0.67,-0.811,-0.704,-0.104,-0.734,-0.6,-0.883,0.241,-0.445,0.561,0.713,-0.612,-0.448,-0.625,-0.343,-0.687,0.56,0.476,0.333,-0.721,0.308,-0.693,0.013,-0.596,-0.496,-0.344,-0.466,-0.079,0.207,-0.606,-0.427,-0.56,-0.471,-0.253,-0.876,-0.637,-0.819,0.224,-0.002,-0.317,-0.407,-0.604,-0.486,-0.268,-0.719,-0.107,-0.564,-0.489,-0.23,-0.301,-0.349,-0.608,0.222,0.188,0.319,-0.73,0.282,-0.907,-0.809,-0.266,0.301,0.09,-0.609,0.052
