,AAPL,ACRS,ADP,AFYA,AGNC,AGYS,ALT,AMGN,AMPH,AMZN,ANIP,AOSL,APDN,APLT,APVO,ARGX,ARLP,ATEX,ATRA,AUTL,AVDL,BCRX,BHAT,BLBD,BMRN,BNGO,BUSE,CAKE,CASY,CCOI,CEVA,CHY,CLDX,CLMT,COHU,COLM,COST,CPRT,CSWC,CSX,DBX,DCOM,DKNG,DMLP,DOX,EA,EDIT,ENPH,ENSG,ERNA,ESGR,ETNB,EXTR,FANG,FARO,FATE,FGEN,FIVE,FIVN,FLGT,FOLD,FORM,FOXA,FRPT,FSLR,FTAI,GBDC,GDYN,GGAL,GNLN,GRFS,GT,HCAT,HCM,HFWA,HOLX,HQY,HUBG,IAC,ICLR,IDCC,IEP,IHRT,ILMN,ILPT,IMAB,IMOS,INMD,INTZ,JAZZ,JKHY,JRVR,KIDS,LBRDK,LGND,LMAT,LPLA,LULU,MASI,MAT,MATW,MBIN,MBIO,MCRB,MDB,MDLZ,MELI,MIRM,MLKN,MNMD,MNRO,MPWR,MRCY,MRSN,MTVA,NAAS,NDAQ,NDSN,NEGG,NOVT,NVDA,NWE,NWSA,NXST,OCX,ODFL,OMAB,OPCH,OPRA,ORGO,OTRK,OZK,PAGP,PCH,PEGA,PENG,PENN,PFBC,PGNY,PHAT,PHUN,PINC,PLUG,PLXS,PYPL,QLYS,QNCX,QQQX,QVCGA,RAPT,RBBN,RCKT,REPL,RMBS,ROAD,ROKU,ROP,RUSHA,SANM,SATS,SBCF,SBLK,SBUX,SCHL,SCSC,SDGR,SEIC,SFIX,SGRY,SKYW,SLP,SNES,STAA,STLD,STOK,SWKS,TER,TFIN,TIGO,TILE,TPIC,TTEC,TTEK,TTGT,UXIN,VERU,VLYPP,VNOM,VRNS,VRSN,WDAY,WERN,WINA,WKHS,WRLD,XP,XTKG,YY,ZION,ZM
AAPL,0.0,0.363,0.838,-0.408,0.707,-0.427,0.658,0.598,0.744,0.767,0.062,0.632,0.548,-0.472,0.175,0.908,0.246,0.769,0.717,-0.417,0.582,0.317,-0.609,0.071,0.684,0.519,0.508,-0.128,0.144,0.226,0.625,0.825,0.576,0.555,0.867,0.247,0.524,0.848,0.577,0.839,0.915,0.774,0.792,0.078,0.339,0.588,0.384,0.819,0.247,0.63,0.615,0.034,0.671,0.158,0.444,-0.071,0.311,-0.212,0.689,0.173,-0.424,0.767,0.684,-0.183,-0.069,0.167,0.345,0.816,0.369,0.027,0.631,-0.049,0.477,0.113,0.313,0.691,0.769,0.732,0.523,0.366,0.832,0.261,0.37,0.614,0.348,0.674,-0.52,0.228,0.256,0.251,0.507,0.373,0.001,0.805,0.519,0.219,0.571,-0.143,-0.34,0.458,0.882,0.208,0.328,-0.021,0.824,-0.667,0.476,0.22,0.802,0.36,0.31,0.881,0.805,0.533,0.676,0.386,0.31,0.823,0.327,0.874,0.821,0.795,0.252,0.439,0.754,0.892,-0.057,0.546,-0.043,0.208,-0.584,0.691,-0.025,0.695,0.29,0.309,0.414,0.69,0.637,0.561,-0.117,0.461,0.703,0.49,0.62,0.812,0.165,0.709,0.229,0.182,0.347,-0.163,0.174,0.934,0.673,0.662,0.886,0.753,0.639,0.265,0.618,0.854,-0.063,-0.242,0.864,0.287,0.565,-0.363,0.193,0.362,0.686,0.134,0.345,0.559,0.824,0.65,0.662,0.138,0.592,0.474,0.547,0.371,0.851,0.399,0.575,0.16,-0.011,0.01,-0.04,0.634,0.804,0.738,0.055,0.671,0.745,0.391,0.467,0.802,0.781,0.284
ACRS,0.363,0.0,0.553,-0.597,0.865,-0.635,0.44,-0.288,0.361,0.294,-0.365,0.915,0.903,-0.645,0.069,0.471,-0.436,0.385,0.517,-0.859,0.383,0.96,-0.677,0.863,0.831,0.932,-0.168,-0.395,0.433,-0.556,0.773,0.046,0.797,0.927,0.71,0.038,0.603,0.037,0.757,0.524,0.43,0.484,0.515,-0.038,0.896,-0.395,0.819,0.65,-0.585,0.863,0.679,0.785,0.839,-0.649,0.919,0.049,0.947,-0.803,0.789,0.837,0.396,0.59,0.219,0.686,0.133,-0.097,-0.037,0.716,0.668,0.246,0.84,-0.044,0.95,-0.489,-0.044,0.779,0.271,0.645,0.955,0.481,0.703,0.916,0.942,0.891,0.79,0.502,-0.859,0.898,0.141,-0.238,0.834,0.762,0.892,0.439,0.925,0.792,0.804,-0.541,0.499,0.806,0.601,0.152,0.85,0.839,0.143,0.294,0.689,0.744,0.381,0.896,0.715,0.628,0.094,-0.018,0.541,-0.012,-0.398,0.678,0.922,0.568,0.619,0.23,-0.494,-0.035,0.754,0.634,0.721,0.676,-0.275,0.944,-0.384,0.099,-0.441,0.795,0.782,0.848,0.849,0.265,0.864,0.787,0.168,0.96,0.362,0.329,0.91,0.057,0.77,0.853,0.702,0.896,0.884,0.647,0.854,0.555,-0.141,0.873,0.187,0.762,0.812,0.843,0.793,0.418,-0.647,0.505,0.128,0.877,0.933,-0.118,0.901,0.676,0.787,0.727,-0.168,0.67,0.393,0.909,0.906,0.673,0.336,0.864,0.426,0.965,0.237,0.954,0.897,-0.514,0.564,-0.717,-0.565,-0.066,0.305,0.655,-0.727,-0.05,0.766,0.874,0.921,0.033,0.564,0.949
ADP,0.838,0.553,0.0,-0.565,0.826,-0.742,0.439,0.458,0.614,0.693,-0.271,0.686,0.663,-0.534,0.181,0.821,0.284,0.851,0.662,-0.61,0.722,0.482,-0.692,0.214,0.694,0.594,0.482,-0.017,0.07,0.042,0.777,0.592,0.57,0.733,0.864,0.421,0.697,0.685,0.636,0.884,0.804,0.726,0.727,-0.089,0.506,0.401,0.391,0.833,0.11,0.757,0.597,0.185,0.634,0.053,0.506,0.152,0.43,-0.237,0.776,0.442,-0.231,0.781,0.719,-0.097,0.054,-0.162,0.388,0.792,0.343,0.067,0.692,0.01,0.618,-0.135,0.401,0.811,0.736,0.867,0.687,0.179,0.752,0.373,0.569,0.704,0.329,0.597,-0.606,0.335,0.432,0.336,0.722,0.532,0.291,0.891,0.615,0.369,0.695,-0.073,-0.26,0.715,0.836,0.066,0.438,0.146,0.731,-0.419,0.405,0.402,0.703,0.528,0.329,0.799,0.672,0.67,0.626,0.173,0.329,0.755,0.462,0.894,0.656,0.576,0.239,0.452,0.773,0.879,0.218,0.862,-0.303,0.369,-0.771,0.558,-0.063,0.789,0.357,0.339,0.617,0.478,0.689,0.586,0.185,0.62,0.58,0.349,0.758,0.743,0.347,0.734,0.495,0.291,0.386,-0.114,0.328,0.886,0.477,0.697,0.682,0.94,0.597,0.391,0.62,0.813,-0.074,-0.044,0.765,0.365,0.682,-0.175,0.439,0.274,0.822,0.439,0.472,0.47,0.735,0.744,0.755,0.308,0.483,0.681,0.397,0.523,0.811,0.581,0.668,0.017,-0.029,-0.067,0.042,0.637,0.694,0.738,-0.131,0.547,0.826,0.555,0.583,0.514,0.755,0.459
AFYA,-0.408,-0.597,-0.565,0.0,-0.614,0.506,-0.089,0.258,-0.339,-0.038,0.237,-0.608,-0.577,0.743,-0.044,-0.395,0.187,-0.331,-0.182,0.677,-0.579,-0.572,0.49,-0.539,-0.586,-0.635,-0.003,0.359,-0.147,0.361,-0.385,-0.06,-0.6,-0.703,-0.503,0.154,-0.248,-0.034,-0.27,-0.424,-0.305,-0.253,-0.26,-0.127,-0.709,0.274,-0.352,-0.415,0.436,-0.663,-0.407,-0.665,-0.48,0.493,-0.51,0.12,-0.549,0.489,-0.55,-0.764,-0.157,-0.424,-0.014,-0.066,0.425,0.303,0.256,-0.58,-0.327,0.119,-0.401,0.511,-0.713,0.634,-0.206,-0.73,-0.224,-0.612,-0.627,-0.049,-0.462,-0.526,-0.467,-0.691,-0.236,-0.552,0.692,-0.612,-0.099,0.148,-0.598,-0.407,-0.552,-0.336,-0.616,-0.778,-0.582,0.611,-0.316,-0.502,-0.446,0.047,-0.648,-0.51,-0.063,0.06,-0.214,-0.619,-0.131,-0.601,-0.408,-0.408,-0.109,-0.034,-0.2,0.147,0.075,-0.447,-0.654,-0.387,-0.41,-0.261,0.423,0.317,-0.609,-0.499,-0.193,-0.579,0.379,-0.609,0.688,-0.058,0.638,-0.546,-0.534,-0.644,-0.463,-0.233,-0.627,-0.692,0.179,-0.627,0.073,-0.108,-0.587,-0.224,-0.667,-0.507,-0.118,-0.596,-0.546,-0.319,-0.597,-0.518,-0.238,-0.641,-0.219,-0.577,-0.437,-0.299,-0.529,-0.465,0.253,-0.12,-0.2,-0.621,-0.598,0.408,-0.673,-0.35,-0.71,-0.408,0.164,-0.471,-0.238,-0.641,-0.661,-0.17,-0.1,-0.577,-0.112,-0.638,-0.222,-0.672,-0.58,0.466,0.029,0.542,0.434,-0.114,-0.117,-0.378,0.257,0.177,-0.537,-0.477,-0.689,-0.055,-0.266,-0.484
AGNC,0.707,0.865,0.826,-0.614,0.0,-0.75,0.625,0.106,0.614,0.582,-0.23,0.941,0.93,-0.674,0.141,0.777,-0.152,0.707,0.715,-0.837,0.625,0.82,-0.846,0.618,0.911,0.909,0.219,-0.329,0.383,-0.301,0.899,0.397,0.817,0.905,0.936,0.244,0.741,0.444,0.847,0.813,0.72,0.773,0.69,0.066,0.788,0.015,0.744,0.89,-0.28,0.945,0.804,0.562,0.892,-0.354,0.819,-0.003,0.811,-0.662,0.881,0.646,0.059,0.802,0.517,0.349,0.021,0.029,0.223,0.886,0.687,0.183,0.928,-0.051,0.894,-0.262,0.161,0.887,0.587,0.812,0.9,0.521,0.858,0.746,0.855,0.935,0.725,0.686,-0.904,0.718,0.249,-0.007,0.86,0.761,0.632,0.701,0.907,0.636,0.872,-0.412,0.152,0.788,0.871,0.29,0.701,0.562,0.481,-0.127,0.684,0.586,0.691,0.819,0.695,0.88,0.477,0.323,0.74,0.123,-0.086,0.89,0.816,0.863,0.766,0.559,-0.198,0.206,0.923,0.888,0.485,0.748,-0.198,0.755,-0.597,0.427,-0.317,0.946,0.729,0.702,0.764,0.539,0.884,0.795,0.038,0.902,0.629,0.544,0.949,0.45,0.638,0.954,0.651,0.707,0.77,0.329,0.723,0.818,0.213,0.909,0.562,0.928,0.881,0.73,0.89,0.732,-0.505,0.24,0.542,0.729,0.935,-0.284,0.711,0.652,0.842,0.608,0.055,0.758,0.702,0.956,0.945,0.606,0.586,0.882,0.562,0.857,0.624,0.861,0.919,-0.209,0.398,-0.47,-0.371,0.269,0.573,0.861,-0.532,0.327,0.943,0.804,0.883,0.383,0.836,0.789
AGYS,-0.427,-0.635,-0.742,0.506,-0.75,0.0,-0.148,-0.169,-0.139,-0.412,0.58,-0.593,-0.683,0.547,-0.284,-0.405,-0.088,-0.56,-0.366,0.729,-0.445,-0.566,0.632,-0.318,-0.494,-0.542,-0.152,0.09,0.114,0.398,-0.792,-0.134,-0.432,-0.737,-0.615,-0.395,-0.697,-0.211,-0.51,-0.639,-0.355,-0.439,-0.265,0.186,-0.469,-0.034,-0.295,-0.597,0.209,-0.723,-0.402,-0.322,-0.471,0.124,-0.495,-0.203,-0.466,0.376,-0.542,-0.496,0.081,-0.586,-0.428,-0.093,-0.08,0.428,-0.195,-0.481,-0.286,-0.159,-0.601,-0.024,-0.584,0.264,-0.315,-0.579,-0.503,-0.661,-0.64,-0.035,-0.449,-0.395,-0.649,-0.584,-0.267,-0.248,0.623,-0.355,-0.223,-0.161,-0.637,-0.541,-0.505,-0.62,-0.522,-0.327,-0.561,0.119,0.05,-0.719,-0.516,0.032,-0.425,-0.301,-0.286,0.05,-0.169,-0.314,-0.348,-0.479,-0.285,-0.498,-0.258,-0.545,-0.575,0.226,-0.081,-0.495,-0.545,-0.614,-0.345,-0.095,0.0,-0.216,-0.617,-0.566,-0.513,-0.764,0.571,-0.465,0.651,-0.179,0.058,-0.648,-0.354,-0.307,-0.544,-0.108,-0.518,-0.435,-0.321,-0.591,-0.327,-0.173,-0.642,-0.252,-0.386,-0.602,-0.629,-0.352,-0.393,0.027,-0.503,-0.512,0.056,-0.49,-0.207,-0.798,-0.439,-0.53,-0.472,-0.462,0.295,-0.262,-0.378,-0.305,-0.644,0.209,-0.504,-0.21,-0.646,-0.683,-0.176,-0.228,-0.423,-0.648,-0.653,-0.37,-0.196,-0.692,-0.04,-0.555,-0.503,-0.585,-0.597,0.242,-0.057,0.181,0.091,-0.293,-0.274,-0.527,0.486,-0.182,-0.716,-0.554,-0.596,-0.001,-0.513,-0.524
ALT,0.658,0.44,0.439,-0.089,0.625,-0.148,0.0,0.327,0.722,0.54,0.349,0.639,0.592,-0.249,0.026,0.719,-0.144,0.597,0.778,-0.322,0.425,0.432,-0.564,0.27,0.708,0.603,0.253,-0.244,0.606,0.125,0.596,0.554,0.578,0.405,0.763,0.238,0.574,0.644,0.741,0.623,0.699,0.791,0.704,0.084,0.42,0.301,0.7,0.799,0.048,0.58,0.72,0.166,0.711,-0.112,0.55,-0.205,0.51,-0.41,0.605,0.1,-0.132,0.573,0.521,0.255,0.106,0.515,0.343,0.704,0.654,0.228,0.739,0.056,0.493,0.228,-0.1,0.544,0.476,0.524,0.472,0.781,0.764,0.415,0.512,0.626,0.687,0.6,-0.536,0.396,0.063,0.035,0.502,0.575,0.145,0.51,0.631,0.226,0.602,-0.197,-0.081,0.299,0.762,0.415,0.405,0.22,0.501,-0.31,0.723,0.143,0.831,0.509,0.611,0.814,0.574,0.193,0.673,0.432,-0.032,0.795,0.441,0.731,0.723,0.756,0.008,0.329,0.69,0.681,0.094,0.213,0.299,0.375,-0.166,0.532,-0.123,0.708,0.533,0.42,0.328,0.703,0.621,0.523,-0.201,0.522,0.842,0.729,0.625,0.499,0.313,0.739,0.364,0.391,0.49,0.203,0.356,0.653,0.407,0.647,0.734,0.501,0.756,0.396,0.69,0.589,-0.361,-0.018,0.586,0.493,0.599,-0.255,0.197,0.623,0.421,0.129,0.03,0.753,0.725,0.611,0.578,0.445,0.718,0.535,0.806,0.473,0.61,0.442,0.642,0.259,0.498,-0.229,-0.232,0.31,0.6,0.757,-0.211,0.605,0.677,0.411,0.509,0.654,0.828,0.414
AMGN,0.598,-0.288,0.458,0.258,0.106,-0.169,0.327,0.0,0.325,0.591,0.16,-0.075,-0.086,0.218,0.235,0.503,0.737,0.574,0.414,0.227,0.215,-0.343,-0.074,-0.629,-0.009,-0.231,0.597,0.368,-0.295,0.598,0.244,0.75,-0.123,-0.104,0.334,0.545,0.29,0.816,0.18,0.505,0.565,0.433,0.368,-0.079,-0.408,0.953,-0.228,0.387,0.752,-0.014,0.039,-0.675,-0.009,0.806,-0.244,0.233,-0.39,0.467,0.117,-0.521,-0.662,0.327,0.727,-0.594,0.222,0.129,0.643,0.205,-0.17,0.071,0.062,0.342,-0.289,0.593,0.342,0.04,0.643,0.284,-0.164,-0.019,0.24,-0.416,-0.18,-0.125,-0.217,0.108,0.179,-0.544,0.222,0.669,-0.047,-0.03,-0.587,0.617,-0.208,-0.558,-0.024,0.562,-0.809,0.009,0.422,-0.03,-0.4,-0.681,0.761,-0.746,-0.086,-0.391,0.582,-0.325,-0.311,0.376,0.745,0.764,0.405,0.34,0.694,0.251,-0.396,0.485,0.219,0.452,0.839,0.761,0.167,0.376,-0.356,0.178,0.032,-0.511,-0.238,0.611,0.656,0.123,-0.403,-0.472,-0.116,0.332,-0.07,-0.188,0.077,-0.238,0.601,0.159,-0.04,0.718,-0.533,0.077,0.06,-0.566,-0.411,-0.749,-0.451,0.425,0.519,-0.09,0.654,0.258,-0.006,-0.186,-0.061,0.508,0.421,-0.498,0.794,-0.482,-0.1,-0.015,-0.493,-0.29,0.07,-0.226,0.666,-0.12,0.574,-0.043,-0.042,-0.18,0.299,-0.109,0.18,-0.358,0.753,-0.319,-0.106,0.64,-0.358,0.721,0.588,0.795,0.622,0.293,0.464,0.826,0.221,-0.234,-0.279,0.655,0.423,-0.352
AMPH,0.744,0.361,0.614,-0.339,0.614,-0.139,0.722,0.325,0.0,0.566,0.376,0.591,0.49,-0.355,0.024,0.849,0.106,0.702,0.74,-0.245,0.672,0.365,-0.543,0.223,0.727,0.53,0.558,0.056,0.62,0.343,0.469,0.684,0.568,0.421,0.749,0.26,0.425,0.723,0.633,0.654,0.787,0.817,0.826,0.157,0.47,0.363,0.466,0.749,0.251,0.542,0.725,0.144,0.631,-0.026,0.421,-0.038,0.433,-0.164,0.74,0.237,-0.042,0.628,0.626,0.005,0.008,0.467,0.399,0.826,0.559,-0.115,0.611,0.003,0.513,-0.048,0.208,0.667,0.493,0.594,0.452,0.41,0.716,0.371,0.372,0.641,0.537,0.821,-0.5,0.384,0.358,0.175,0.562,0.455,0.1,0.583,0.597,0.386,0.672,-0.172,-0.032,0.387,0.85,0.477,0.36,0.135,0.671,-0.437,0.618,0.336,0.8,0.517,0.503,0.789,0.682,0.239,0.438,0.456,0.283,0.747,0.361,0.74,0.638,0.848,0.151,0.383,0.624,0.766,-0.115,0.36,0.333,0.299,-0.382,0.655,-0.166,0.654,0.499,0.436,0.406,0.769,0.623,0.507,-0.159,0.517,0.649,0.623,0.607,0.735,0.33,0.631,0.25,0.341,0.426,0.079,0.217,0.816,0.709,0.671,0.766,0.592,0.623,0.253,0.722,0.759,-0.008,-0.302,0.719,0.463,0.55,-0.198,0.312,0.492,0.521,0.136,0.274,0.747,0.719,0.58,0.559,0.386,0.766,0.486,0.714,0.442,0.71,0.451,0.548,0.276,0.2,-0.159,-0.052,0.509,0.732,0.686,0.097,0.668,0.61,0.417,0.426,0.719,0.775,0.33
AMZN,0.767,0.294,0.693,-0.038,0.582,-0.412,0.54,0.591,0.566,0.0,-0.06,0.477,0.46,-0.263,0.186,0.724,0.264,0.651,0.686,-0.327,0.398,0.228,-0.631,-0.015,0.503,0.37,0.552,0.046,0.105,0.237,0.627,0.705,0.399,0.376,0.709,0.426,0.545,0.768,0.564,0.701,0.793,0.719,0.725,-0.047,0.138,0.581,0.3,0.659,0.385,0.447,0.483,-0.146,0.568,0.262,0.331,0.019,0.206,-0.15,0.541,-0.033,-0.414,0.722,0.699,-0.086,0.132,0.271,0.478,0.616,0.312,0.082,0.604,0.201,0.306,0.404,0.295,0.442,0.653,0.435,0.406,0.393,0.65,0.175,0.331,0.417,0.391,0.439,-0.38,0.087,0.282,0.25,0.346,0.279,-0.022,0.619,0.379,-0.022,0.432,0.116,-0.359,0.456,0.728,0.456,0.084,-0.093,0.853,-0.524,0.525,0.052,0.751,0.234,0.238,0.768,0.703,0.598,0.666,0.276,0.193,0.691,0.178,0.797,0.644,0.543,0.398,0.629,0.533,0.764,0.052,0.463,0.095,0.101,-0.263,0.61,0.227,0.595,0.23,0.132,0.398,0.567,0.437,0.301,0.124,0.339,0.748,0.564,0.509,0.681,-0.001,0.605,0.376,0.051,0.258,-0.239,0.047,0.748,0.375,0.477,0.689,0.675,0.575,0.292,0.505,0.66,-0.11,-0.13,0.72,0.1,0.436,-0.094,0.079,0.393,0.458,0.157,0.475,0.451,0.711,0.506,0.477,0.22,0.669,0.348,0.463,0.237,0.734,0.279,0.474,0.271,0.104,0.127,0.144,0.415,0.762,0.65,-0.039,0.707,0.638,0.393,0.298,0.706,0.732,0.26
ANIP,0.062,-0.365,-0.271,0.237,-0.23,0.58,0.349,0.16,0.376,-0.06,0.0,-0.175,-0.291,0.194,-0.143,0.153,-0.017,-0.037,0.128,0.409,0.014,-0.292,0.192,-0.213,-0.052,-0.171,0.312,0.094,0.37,0.509,-0.334,0.305,0.008,-0.455,-0.055,-0.199,-0.33,0.251,-0.097,-0.01,0.065,0.153,0.046,0.217,-0.217,0.232,-0.044,-0.062,0.324,-0.269,0.06,-0.251,-0.094,0.109,-0.272,-0.354,-0.185,0.199,-0.149,-0.4,-0.08,-0.191,-0.09,-0.241,-0.263,0.756,0.002,0.073,0.074,-0.27,-0.166,-0.142,-0.263,0.315,0.074,-0.145,-0.111,-0.245,-0.377,0.323,-0.012,-0.281,-0.371,-0.121,0.084,0.332,0.151,-0.167,-0.195,0.086,-0.3,-0.257,-0.485,-0.259,-0.111,-0.166,-0.16,-0.084,-0.058,-0.526,0.083,0.367,-0.259,-0.253,0.065,-0.368,-0.032,-0.228,0.225,-0.186,0.069,0.065,0.233,-0.142,-0.072,0.414,0.152,0.078,-0.272,-0.091,0.038,0.494,0.071,-0.028,-0.136,-0.032,-0.589,-0.555,0.666,-0.282,0.317,0.391,-0.085,-0.111,0.028,-0.052,-0.418,0.514,-0.162,-0.069,-0.561,-0.263,0.148,0.366,-0.251,0.192,-0.167,-0.178,-0.501,-0.162,-0.141,-0.049,-0.181,-0.047,0.48,-0.119,0.296,-0.371,-0.024,-0.383,0.054,0.062,0.175,-0.491,0.188,-0.095,-0.247,-0.261,-0.389,0.104,-0.356,-0.532,-0.142,0.225,0.19,-0.208,-0.264,-0.092,0.397,-0.266,0.391,-0.252,0.115,-0.308,-0.245,0.409,-0.023,0.082,-0.032,0.059,0.11,0.025,0.47,0.276,-0.178,-0.244,-0.276,0.426,0.045,-0.411
AOSL,0.632,0.915,0.686,-0.608,0.941,-0.593,0.639,-0.075,0.591,0.477,-0.175,0.0,0.922,-0.712,0.117,0.695,-0.363,0.553,0.665,-0.837,0.497,0.886,-0.771,0.773,0.941,0.969,0.056,-0.44,0.494,-0.376,0.825,0.307,0.861,0.905,0.89,0.057,0.653,0.306,0.799,0.695,0.66,0.702,0.676,0.019,0.855,-0.159,0.839,0.825,-0.443,0.92,0.799,0.686,0.952,-0.544,0.924,-0.078,0.904,-0.786,0.871,0.713,0.169,0.752,0.338,0.519,0.04,0.094,0.036,0.877,0.721,0.166,0.914,-0.088,0.951,-0.36,0.041,0.853,0.453,0.754,0.928,0.6,0.885,0.832,0.872,0.96,0.804,0.683,-0.907,0.847,0.134,-0.192,0.82,0.755,0.713,0.569,0.955,0.734,0.853,-0.586,0.329,0.746,0.79,0.265,0.797,0.703,0.356,0.016,0.761,0.652,0.598,0.867,0.765,0.841,0.327,0.074,0.672,0.137,-0.272,0.878,0.898,0.748,0.808,0.527,-0.394,0.03,0.9,0.829,0.547,0.644,-0.159,0.865,-0.46,0.329,-0.464,0.902,0.81,0.86,0.771,0.539,0.917,0.839,-0.016,0.943,0.556,0.521,0.962,0.295,0.724,0.955,0.593,0.828,0.903,0.529,0.796,0.762,0.146,0.955,0.475,0.841,0.93,0.757,0.917,0.614,-0.621,0.352,0.38,0.857,0.944,-0.268,0.784,0.751,0.826,0.621,-0.131,0.821,0.581,0.98,0.973,0.607,0.512,0.88,0.593,0.925,0.476,0.916,0.949,-0.344,0.513,-0.656,-0.556,0.124,0.486,0.797,-0.595,0.194,0.882,0.831,0.935,0.325,0.755,0.865
APDN,0.548,0.903,0.663,-0.577,0.93,-0.683,0.592,-0.086,0.49,0.46,-0.291,0.922,0.0,-0.674,0.105,0.61,-0.301,0.593,0.572,-0.824,0.523,0.878,-0.808,0.721,0.881,0.915,0.065,-0.391,0.419,-0.462,0.867,0.208,0.78,0.892,0.846,0.232,0.729,0.254,0.855,0.636,0.565,0.673,0.577,0.021,0.816,-0.183,0.818,0.8,-0.435,0.926,0.787,0.685,0.852,-0.486,0.858,-0.005,0.872,-0.738,0.814,0.693,0.184,0.752,0.366,0.498,0.04,0.007,0.159,0.767,0.777,0.33,0.929,-0.109,0.912,-0.297,0.032,0.79,0.468,0.708,0.887,0.523,0.765,0.809,0.897,0.907,0.739,0.581,-0.905,0.786,0.12,-0.128,0.87,0.81,0.736,0.559,0.899,0.675,0.864,-0.46,0.298,0.779,0.737,0.307,0.749,0.684,0.297,0.057,0.711,0.61,0.552,0.875,0.771,0.766,0.277,0.145,0.672,-0.043,-0.23,0.787,0.888,0.748,0.685,0.42,-0.341,0.074,0.876,0.745,0.558,0.664,-0.215,0.836,-0.503,0.265,-0.384,0.899,0.788,0.739,0.712,0.413,0.844,0.768,0.042,0.921,0.549,0.475,0.922,0.264,0.709,0.922,0.689,0.796,0.814,0.504,0.823,0.681,0.046,0.872,0.408,0.827,0.849,0.802,0.854,0.628,-0.587,0.347,0.336,0.798,0.954,-0.256,0.755,0.718,0.793,0.669,-0.121,0.738,0.566,0.932,0.916,0.644,0.517,0.902,0.494,0.893,0.434,0.891,0.943,-0.301,0.5,-0.582,-0.442,0.094,0.384,0.756,-0.665,0.168,0.892,0.792,0.927,0.21,0.754,0.836
APLT,-0.472,-0.645,-0.534,0.743,-0.674,0.547,-0.249,0.218,-0.355,-0.263,0.194,-0.712,-0.674,0.0,-0.148,-0.427,0.417,-0.256,-0.299,0.702,-0.324,-0.657,0.599,-0.601,-0.709,-0.714,-0.031,0.47,-0.218,0.44,-0.486,-0.176,-0.668,-0.713,-0.594,0.221,-0.332,-0.065,-0.323,-0.461,-0.366,-0.348,-0.344,0.071,-0.638,0.242,-0.455,-0.486,0.451,-0.697,-0.472,-0.625,-0.661,0.567,-0.656,0.242,-0.628,0.669,-0.5,-0.631,-0.075,-0.564,0.037,-0.218,0.279,0.069,0.363,-0.639,-0.381,0.08,-0.587,0.46,-0.749,0.498,-0.123,-0.628,-0.2,-0.524,-0.671,-0.298,-0.618,-0.55,-0.534,-0.735,-0.431,-0.575,0.714,-0.663,0.102,0.421,-0.5,-0.32,-0.506,-0.284,-0.659,-0.681,-0.546,0.757,-0.345,-0.493,-0.505,-0.16,-0.662,-0.562,-0.087,0.049,-0.382,-0.481,-0.224,-0.58,-0.52,-0.558,-0.074,0.001,-0.352,0.039,0.248,-0.601,-0.745,-0.462,-0.585,-0.289,0.508,0.335,-0.666,-0.571,-0.348,-0.48,0.284,-0.665,0.474,-0.104,0.633,-0.58,-0.622,-0.723,-0.459,-0.383,-0.68,-0.675,0.145,-0.655,-0.145,-0.309,-0.663,-0.144,-0.655,-0.632,-0.144,-0.635,-0.714,-0.386,-0.656,-0.579,-0.177,-0.692,-0.249,-0.625,-0.592,-0.421,-0.662,-0.412,0.507,-0.171,-0.18,-0.625,-0.649,0.503,-0.62,-0.571,-0.658,-0.521,0.315,-0.598,-0.336,-0.74,-0.747,-0.217,-0.23,-0.619,-0.133,-0.674,-0.265,-0.643,-0.669,0.527,-0.185,0.662,0.626,0.04,-0.185,-0.415,0.45,0.017,-0.595,-0.611,-0.715,-0.16,-0.388,-0.547
APVO,0.175,0.069,0.181,-0.044,0.141,-0.284,0.026,0.235,0.024,0.186,-0.143,0.117,0.105,-0.148,0.0,0.023,0.143,0.154,0.032,-0.142,-0.085,0.011,-0.202,-0.048,0.041,0.02,0.15,0.103,-0.181,-0.118,0.267,0.081,-0.11,0.132,0.148,0.194,0.247,0.046,0.048,0.124,0.145,0.158,-0.017,-0.116,-0.02,0.138,-0.117,0.18,0.024,0.097,0.005,-0.037,0.094,0.144,0.041,0.207,0.003,-0.045,0.128,-0.081,-0.273,0.278,0.128,-0.085,0.214,-0.026,0.148,0.134,0.058,-0.074,0.06,0.138,0.051,-0.015,0.237,-0.062,0.29,0.072,0.029,-0.08,0.081,-0.044,0.031,0.041,-0.02,-0.091,-0.099,-0.096,-0.075,0.05,-0.02,0.112,0.002,0.168,-0.003,-0.154,0.024,-0.001,-0.158,0.124,0.133,-0.029,0.006,-0.121,0.19,-0.054,-0.099,-0.167,0.062,-0.085,-0.033,0.146,0.087,0.112,0.182,-0.217,0.207,0.084,0.083,0.113,0.01,-0.018,0.123,0.106,0.173,0.127,0.093,0.075,-0.114,0.018,-0.123,-0.052,0.195,0.1,0.023,0.043,0.005,0.021,-0.052,-0.186,0.097,0.045,0.12,0.104,0.092,0.098,-0.071,0.095,0.174,-0.066,0.045,-0.253,0.003,0.12,-0.085,-0.017,0.067,0.195,0.082,0.095,0.07,0.157,-0.096,0.061,0.218,-0.082,0.048,-0.023,0.001,-0.065,0.04,0.322,0.055,-0.073,0.002,0.145,0.113,-0.157,0.019,0.041,-0.168,0.017,0.254,0.085,0.098,0.01,-0.156,0.093,0.07,0.221,0.143,-0.036,-0.098,0.175,0.178,-0.038,0.058,0.012,0.158,0.028
ARGX,0.908,0.471,0.821,-0.395,0.777,-0.405,0.719,0.503,0.849,0.724,0.153,0.695,0.61,-0.427,0.023,0.0,0.171,0.798,0.826,-0.446,0.678,0.46,-0.62,0.206,0.787,0.619,0.515,-0.115,0.35,0.221,0.649,0.806,0.692,0.591,0.892,0.273,0.529,0.836,0.718,0.853,0.903,0.826,0.873,0.165,0.461,0.489,0.52,0.855,0.212,0.68,0.731,0.132,0.736,0.055,0.509,-0.058,0.451,-0.262,0.77,0.262,-0.186,0.705,0.714,-0.03,-0.007,0.289,0.403,0.875,0.496,0.03,0.728,0.005,0.565,0.062,0.23,0.781,0.695,0.755,0.609,0.484,0.857,0.413,0.505,0.709,0.527,0.798,-0.585,0.366,0.335,0.242,0.628,0.48,0.128,0.787,0.649,0.343,0.699,-0.155,-0.189,0.512,0.945,0.322,0.379,0.136,0.789,-0.577,0.599,0.354,0.88,0.524,0.449,0.912,0.781,0.496,0.681,0.484,0.241,0.87,0.409,0.898,0.812,0.849,0.195,0.466,0.769,0.922,0.015,0.57,0.069,0.328,-0.526,0.756,-0.072,0.763,0.415,0.409,0.541,0.758,0.728,0.648,-0.099,0.575,0.762,0.559,0.705,0.779,0.273,0.769,0.34,0.333,0.445,0.007,0.292,0.918,0.649,0.748,0.864,0.772,0.721,0.388,0.732,0.875,-0.118,-0.203,0.837,0.424,0.673,-0.31,0.314,0.471,0.706,0.156,0.329,0.677,0.892,0.702,0.706,0.385,0.711,0.566,0.697,0.494,0.825,0.492,0.638,0.169,0.174,-0.092,-0.082,0.57,0.823,0.857,-0.018,0.675,0.765,0.527,0.53,0.791,0.847,0.403
ARLP,0.246,-0.436,0.284,0.187,-0.152,-0.088,-0.144,0.737,0.106,0.264,-0.017,-0.363,-0.301,0.417,0.143,0.171,0.0,0.417,0.1,0.426,0.198,-0.504,0.14,-0.732,-0.308,-0.491,0.608,0.686,-0.452,0.652,0.015,0.426,-0.433,-0.243,-0.021,0.612,0.062,0.48,-0.062,0.216,0.241,0.157,0.075,0.031,-0.472,0.755,-0.517,0.054,0.81,-0.24,-0.268,-0.708,-0.377,0.898,-0.487,0.56,-0.543,0.769,0.01,-0.421,-0.42,0.107,0.615,-0.715,0.232,-0.11,0.699,-0.065,-0.371,-0.018,-0.284,0.422,-0.454,0.338,0.551,-0.122,0.507,0.088,-0.351,-0.529,-0.18,-0.513,-0.346,-0.386,-0.5,-0.079,0.37,-0.66,0.466,0.816,-0.097,-0.145,-0.539,0.424,-0.436,-0.531,-0.147,0.751,-0.658,-0.028,0.099,-0.164,-0.491,-0.754,0.581,-0.519,-0.378,-0.238,0.234,-0.449,-0.526,-0.037,0.555,0.618,-0.006,0.105,0.841,-0.179,-0.576,0.152,-0.256,0.086,0.899,0.746,-0.179,0.05,-0.4,0.159,0.041,-0.633,-0.263,0.41,0.735,-0.175,-0.553,-0.653,-0.161,-0.035,-0.296,-0.44,0.239,-0.381,0.192,-0.157,-0.298,0.598,-0.594,-0.277,0.051,-0.689,-0.662,-0.789,-0.596,0.135,0.321,-0.347,0.277,0.052,-0.378,-0.333,-0.337,0.336,0.756,-0.595,0.546,-0.63,-0.328,0.265,-0.417,-0.635,-0.095,-0.283,0.823,-0.43,0.236,-0.32,-0.33,-0.275,0.055,-0.317,-0.147,-0.51,0.476,-0.413,-0.371,0.649,-0.648,0.864,0.854,0.741,0.399,-0.069,0.664,0.543,-0.046,-0.434,-0.497,0.316,0.079,-0.45
ATEX,0.769,0.385,0.851,-0.331,0.707,-0.56,0.597,0.574,0.702,0.651,-0.037,0.553,0.593,-0.256,0.154,0.798,0.417,0.0,0.681,-0.376,0.78,0.306,-0.611,0.057,0.592,0.457,0.612,0.16,0.242,0.26,0.739,0.573,0.404,0.507,0.818,0.671,0.751,0.783,0.724,0.83,0.779,0.847,0.698,-0.057,0.39,0.528,0.388,0.858,0.29,0.644,0.598,0.016,0.507,0.224,0.333,0.226,0.333,-0.048,0.747,0.22,-0.279,0.742,0.843,-0.165,0.145,0.043,0.68,0.703,0.447,0.159,0.647,0.197,0.462,0.075,0.358,0.686,0.781,0.784,0.477,0.216,0.633,0.228,0.466,0.58,0.303,0.57,-0.515,0.179,0.474,0.519,0.703,0.618,0.144,0.856,0.517,0.188,0.691,0.156,-0.362,0.596,0.82,0.201,0.265,-0.025,0.755,-0.449,0.422,0.238,0.832,0.478,0.367,0.76,0.759,0.644,0.616,0.198,0.497,0.695,0.323,0.874,0.498,0.689,0.422,0.622,0.701,0.779,0.063,0.653,-0.039,0.213,-0.677,0.658,0.079,0.759,0.346,0.157,0.393,0.557,0.538,0.396,0.093,0.499,0.734,0.481,0.641,0.826,0.236,0.648,0.535,0.156,0.218,-0.187,0.238,0.787,0.552,0.563,0.763,0.777,0.513,0.29,0.57,0.835,0.076,-0.2,0.846,0.265,0.575,-0.077,0.249,0.235,0.622,0.311,0.527,0.456,0.751,0.592,0.574,0.372,0.633,0.627,0.543,0.387,0.879,0.445,0.579,0.391,-0.004,0.116,0.269,0.761,0.686,0.743,-0.008,0.736,0.787,0.357,0.437,0.575,0.852,0.315
ATRA,0.717,0.517,0.662,-0.182,0.715,-0.366,0.778,0.414,0.74,0.686,0.128,0.665,0.572,-0.299,0.032,0.826,0.1,0.681,0.0,-0.369,0.48,0.475,-0.59,0.205,0.729,0.618,0.382,-0.033,0.497,0.265,0.692,0.695,0.626,0.527,0.797,0.268,0.572,0.695,0.722,0.824,0.81,0.814,0.799,0.062,0.448,0.424,0.6,0.811,0.238,0.617,0.625,0.039,0.748,0.031,0.573,0.046,0.517,-0.307,0.742,0.196,-0.112,0.639,0.725,0.157,0.229,0.357,0.404,0.825,0.45,0.073,0.724,0.247,0.523,0.093,0.178,0.681,0.6,0.607,0.592,0.565,0.81,0.464,0.583,0.634,0.68,0.707,-0.537,0.395,0.427,0.193,0.546,0.465,0.196,0.676,0.66,0.278,0.613,-0.106,-0.052,0.502,0.857,0.334,0.355,0.166,0.71,-0.366,0.686,0.337,0.886,0.471,0.465,0.857,0.748,0.41,0.68,0.608,0.098,0.813,0.402,0.808,0.704,0.682,0.159,0.568,0.663,0.817,0.229,0.454,0.189,0.356,-0.248,0.624,0.034,0.687,0.411,0.414,0.602,0.657,0.728,0.55,0.056,0.578,0.837,0.651,0.671,0.64,0.281,0.739,0.511,0.338,0.472,0.086,0.266,0.769,0.36,0.688,0.704,0.693,0.754,0.46,0.706,0.657,-0.236,-0.049,0.713,0.413,0.6,-0.113,0.344,0.442,0.54,0.185,0.38,0.681,0.84,0.655,0.614,0.442,0.72,0.516,0.741,0.488,0.76,0.481,0.61,0.253,0.324,-0.11,-0.131,0.426,0.831,0.806,-0.117,0.692,0.727,0.551,0.453,0.746,0.82,0.52
AUTL,-0.417,-0.859,-0.61,0.677,-0.837,0.729,-0.322,0.227,-0.245,-0.327,0.409,-0.837,-0.824,0.702,-0.142,-0.446,0.426,-0.376,-0.369,0.0,-0.438,-0.792,0.725,-0.749,-0.724,-0.861,0.112,0.572,-0.226,0.639,-0.71,0.013,-0.726,-0.855,-0.686,0.01,-0.582,-0.08,-0.575,-0.559,-0.379,-0.438,-0.378,-0.014,-0.779,0.332,-0.663,-0.613,0.614,-0.864,-0.628,-0.748,-0.769,0.591,-0.765,0.232,-0.776,0.828,-0.637,-0.734,-0.121,-0.573,-0.114,-0.471,0.185,0.206,0.135,-0.627,-0.593,-0.133,-0.753,0.218,-0.862,0.381,0.017,-0.73,-0.329,-0.621,-0.852,-0.448,-0.638,-0.727,-0.789,-0.846,-0.61,-0.4,0.865,-0.753,-0.027,0.283,-0.706,-0.655,-0.771,-0.391,-0.822,-0.678,-0.719,0.562,-0.269,-0.69,-0.558,-0.151,-0.724,-0.696,-0.102,-0.128,-0.508,-0.516,-0.325,-0.764,-0.636,-0.624,-0.08,-0.11,-0.592,0.16,0.395,-0.688,-0.833,-0.585,-0.597,-0.246,0.496,0.185,-0.753,-0.636,-0.613,-0.634,0.37,-0.82,0.507,-0.076,0.527,-0.805,-0.728,-0.734,-0.659,-0.277,-0.728,-0.749,-0.017,-0.816,-0.26,-0.382,-0.837,-0.071,-0.69,-0.815,-0.509,-0.765,-0.805,-0.436,-0.8,-0.525,0.068,-0.779,-0.227,-0.753,-0.759,-0.638,-0.736,-0.387,0.719,-0.542,-0.18,-0.732,-0.834,0.364,-0.732,-0.651,-0.748,-0.651,0.256,-0.605,-0.325,-0.856,-0.86,-0.486,-0.243,-0.803,-0.313,-0.851,-0.264,-0.854,-0.845,0.529,-0.412,0.643,0.554,0.081,-0.186,-0.661,0.727,0.098,-0.759,-0.76,-0.906,-0.006,-0.538,-0.773
AVDL,0.582,0.383,0.722,-0.579,0.625,-0.445,0.425,0.215,0.672,0.398,0.014,0.497,0.523,-0.324,-0.085,0.678,0.198,0.78,0.48,-0.438,0.0,0.344,-0.575,0.218,0.573,0.49,0.494,-0.008,0.363,0.13,0.492,0.342,0.483,0.47,0.66,0.427,0.491,0.582,0.541,0.657,0.539,0.636,0.597,0.092,0.518,0.219,0.38,0.671,0.077,0.616,0.603,0.261,0.422,-0.049,0.273,-0.056,0.359,-0.136,0.647,0.408,-0.046,0.466,0.541,-0.149,-0.217,-0.012,0.382,0.612,0.485,-0.034,0.523,-0.175,0.515,-0.106,0.233,0.742,0.479,0.729,0.473,0.166,0.516,0.291,0.41,0.634,0.269,0.625,-0.548,0.319,0.407,0.329,0.689,0.566,0.27,0.599,0.555,0.456,0.692,-0.024,-0.16,0.482,0.681,0.253,0.363,0.164,0.481,-0.389,0.35,0.358,0.615,0.582,0.458,0.601,0.49,0.487,0.408,0.089,0.276,0.596,0.355,0.723,0.422,0.622,0.16,0.261,0.602,0.668,-0.05,0.603,-0.043,0.296,-0.679,0.493,-0.273,0.699,0.451,0.281,0.349,0.493,0.54,0.537,-0.019,0.486,0.392,0.397,0.587,0.644,0.432,0.547,0.3,0.307,0.293,-0.001,0.313,0.67,0.579,0.59,0.593,0.651,0.433,0.12,0.558,0.698,0.044,-0.184,0.62,0.413,0.556,-0.219,0.36,0.338,0.624,0.227,0.312,0.512,0.585,0.541,0.537,0.408,0.538,0.614,0.541,0.449,0.621,0.492,0.542,0.19,0.012,-0.118,0.118,0.499,0.401,0.68,-0.027,0.417,0.634,0.371,0.494,0.376,0.651,0.279
BCRX,0.317,0.96,0.482,-0.572,0.82,-0.566,0.432,-0.343,0.365,0.228,-0.292,0.886,0.878,-0.657,0.011,0.46,-0.504,0.306,0.475,-0.792,0.344,0.0,-0.607,0.872,0.838,0.912,-0.172,-0.413,0.456,-0.581,0.699,0.071,0.82,0.894,0.663,-0.04,0.507,-0.011,0.727,0.442,0.372,0.433,0.498,0.007,0.872,-0.443,0.828,0.588,-0.612,0.817,0.698,0.806,0.81,-0.694,0.914,0.013,0.937,-0.795,0.722,0.828,0.495,0.512,0.141,0.712,0.135,-0.038,-0.109,0.674,0.676,0.237,0.822,-0.131,0.923,-0.504,-0.086,0.731,0.175,0.598,0.925,0.504,0.678,0.928,0.932,0.873,0.796,0.529,-0.814,0.914,0.067,-0.299,0.799,0.699,0.859,0.373,0.899,0.806,0.761,-0.596,0.574,0.728,0.562,0.172,0.842,0.886,0.071,0.295,0.675,0.766,0.325,0.895,0.703,0.581,0.023,-0.066,0.48,0.009,-0.431,0.638,0.917,0.515,0.625,0.224,-0.555,-0.11,0.715,0.574,0.68,0.612,-0.26,0.939,-0.33,0.105,-0.467,0.732,0.765,0.861,0.827,0.269,0.857,0.81,0.14,0.938,0.322,0.281,0.868,-0.018,0.767,0.808,0.626,0.922,0.885,0.73,0.855,0.513,-0.139,0.848,0.135,0.695,0.785,0.871,0.782,0.4,-0.636,0.488,0.059,0.889,0.923,-0.169,0.886,0.685,0.741,0.692,-0.254,0.675,0.4,0.87,0.878,0.698,0.344,0.834,0.405,0.948,0.162,0.907,0.857,-0.57,0.615,-0.767,-0.634,-0.127,0.246,0.606,-0.72,-0.093,0.7,0.894,0.899,0.006,0.506,0.919
BHAT,-0.609,-0.677,-0.692,0.49,-0.846,0.632,-0.564,-0.074,-0.543,-0.631,0.192,-0.771,-0.808,0.599,-0.202,-0.62,0.14,-0.611,-0.59,0.725,-0.575,-0.607,0.0,-0.483,-0.729,-0.755,-0.293,0.284,-0.353,0.266,-0.812,-0.291,-0.622,-0.703,-0.802,-0.23,-0.693,-0.386,-0.693,-0.693,-0.603,-0.731,-0.535,-0.081,-0.615,-0.033,-0.564,-0.767,0.163,-0.818,-0.694,-0.444,-0.754,0.284,-0.618,0.082,-0.643,0.604,-0.733,-0.452,0.09,-0.755,-0.423,-0.22,0.114,-0.16,-0.225,-0.744,-0.639,-0.06,-0.82,0.082,-0.732,0.066,-0.212,-0.677,-0.542,-0.572,-0.688,-0.488,-0.684,-0.567,-0.638,-0.771,-0.625,-0.569,0.832,-0.56,-0.179,0.048,-0.671,-0.634,-0.501,-0.485,-0.737,-0.479,-0.73,0.341,-0.079,-0.645,-0.746,-0.483,-0.522,-0.398,-0.468,0.146,-0.613,-0.36,-0.599,-0.636,-0.641,-0.788,-0.428,-0.284,-0.651,0.065,0.098,-0.784,-0.676,-0.768,-0.593,-0.449,0.142,-0.18,-0.785,-0.759,-0.349,-0.559,0.007,-0.595,0.435,-0.31,0.298,-0.854,-0.722,-0.56,-0.528,-0.491,-0.675,-0.583,0.026,-0.724,-0.566,-0.666,-0.782,-0.441,-0.54,-0.822,-0.54,-0.549,-0.653,-0.192,-0.578,-0.688,-0.184,-0.731,-0.477,-0.792,-0.775,-0.531,-0.795,-0.639,0.495,-0.161,-0.488,-0.565,-0.751,0.262,-0.542,-0.64,-0.617,-0.524,-0.045,-0.706,-0.573,-0.806,-0.749,-0.476,-0.628,-0.72,-0.468,-0.679,-0.556,-0.721,-0.813,0.041,-0.305,0.392,0.25,-0.111,-0.476,-0.729,0.455,-0.324,-0.848,-0.637,-0.74,-0.371,-0.768,-0.616
BLBD,0.071,0.863,0.214,-0.539,0.618,-0.318,0.27,-0.629,0.223,-0.015,-0.213,0.773,0.721,-0.601,-0.048,0.206,-0.732,0.057,0.205,-0.749,0.218,0.872,-0.483,0.0,0.679,0.839,-0.344,-0.53,0.535,-0.67,0.448,-0.248,0.704,0.716,0.443,-0.254,0.309,-0.266,0.505,0.177,0.126,0.233,0.297,-0.0,0.865,-0.71,0.753,0.357,-0.798,0.659,0.575,0.927,0.692,-0.9,0.811,-0.163,0.902,-0.843,0.564,0.839,0.574,0.314,-0.187,0.788,-0.035,0.002,-0.344,0.491,0.639,0.103,0.639,-0.235,0.869,-0.605,-0.234,0.58,-0.098,0.388,0.783,0.469,0.498,0.865,0.759,0.774,0.725,0.397,-0.739,0.945,-0.072,-0.515,0.639,0.61,0.905,0.048,0.82,0.867,0.638,-0.723,0.721,0.56,0.307,0.192,0.829,0.959,-0.202,0.511,0.607,0.708,0.079,0.856,0.749,0.37,-0.258,-0.389,0.26,-0.12,-0.627,0.482,0.893,0.242,0.455,0.108,-0.771,-0.423,0.546,0.37,0.634,0.382,-0.157,0.957,-0.149,-0.12,-0.712,0.591,0.825,0.913,0.64,0.177,0.687,0.707,0.011,0.837,0.051,0.241,0.737,-0.25,0.834,0.647,0.423,0.959,0.916,0.859,0.863,0.285,-0.203,0.745,-0.057,0.456,0.669,0.689,0.689,0.121,-0.703,0.575,-0.222,0.929,0.769,-0.102,0.865,0.733,0.572,0.652,-0.496,0.631,0.059,0.742,0.747,0.624,0.172,0.738,0.342,0.9,-0.119,0.867,0.749,-0.655,0.638,-0.918,-0.733,-0.387,-0.041,0.419,-0.754,-0.36,0.488,0.765,0.848,-0.196,0.292,0.845
BMRN,0.684,0.831,0.694,-0.586,0.911,-0.494,0.708,-0.009,0.727,0.503,-0.052,0.941,0.881,-0.709,0.041,0.787,-0.308,0.592,0.729,-0.724,0.573,0.838,-0.729,0.679,0.0,0.923,0.149,-0.41,0.563,-0.248,0.748,0.441,0.864,0.846,0.892,0.081,0.594,0.425,0.808,0.695,0.724,0.73,0.775,0.097,0.812,-0.051,0.838,0.844,-0.306,0.877,0.834,0.614,0.924,-0.465,0.869,-0.115,0.841,-0.702,0.847,0.637,0.19,0.727,0.404,0.431,0.035,0.184,0.091,0.904,0.732,0.172,0.905,-0.15,0.899,-0.295,-0.019,0.87,0.434,0.75,0.878,0.633,0.905,0.799,0.826,0.948,0.795,0.792,-0.836,0.799,0.143,-0.187,0.81,0.709,0.596,0.601,0.929,0.712,0.853,-0.548,0.27,0.683,0.854,0.322,0.744,0.642,0.409,-0.122,0.795,0.627,0.679,0.854,0.755,0.874,0.392,0.119,0.653,0.251,-0.203,0.884,0.841,0.8,0.848,0.628,-0.316,0.083,0.89,0.847,0.4,0.623,-0.061,0.784,-0.451,0.409,-0.435,0.873,0.758,0.798,0.739,0.617,0.932,0.846,-0.05,0.887,0.618,0.548,0.926,0.396,0.685,0.933,0.508,0.779,0.841,0.501,0.715,0.815,0.294,0.953,0.568,0.818,0.912,0.691,0.916,0.7,-0.533,0.183,0.46,0.833,0.905,-0.312,0.709,0.743,0.817,0.504,-0.073,0.883,0.692,0.93,0.931,0.601,0.59,0.82,0.649,0.86,0.517,0.827,0.909,-0.243,0.517,-0.598,-0.509,0.19,0.559,0.811,-0.499,0.316,0.836,0.782,0.866,0.451,0.794,0.781
BNGO,0.519,0.932,0.594,-0.635,0.909,-0.542,0.603,-0.231,0.53,0.37,-0.171,0.969,0.915,-0.714,0.02,0.619,-0.491,0.457,0.618,-0.861,0.49,0.912,-0.755,0.839,0.923,0.0,-0.049,-0.528,0.567,-0.451,0.754,0.188,0.893,0.886,0.816,-0.051,0.579,0.195,0.771,0.621,0.558,0.618,0.609,0.091,0.912,-0.295,0.882,0.752,-0.542,0.907,0.793,0.777,0.937,-0.658,0.921,-0.185,0.948,-0.861,0.818,0.771,0.262,0.653,0.225,0.602,-0.058,0.085,-0.064,0.826,0.746,0.169,0.897,-0.176,0.971,-0.399,-0.062,0.856,0.33,0.684,0.936,0.642,0.833,0.893,0.883,0.967,0.849,0.669,-0.93,0.917,0.109,-0.31,0.811,0.727,0.785,0.447,0.983,0.818,0.845,-0.653,0.445,0.702,0.723,0.3,0.832,0.799,0.215,0.108,0.787,0.69,0.52,0.91,0.822,0.776,0.23,-0.028,0.609,0.133,-0.395,0.836,0.929,0.675,0.765,0.473,-0.53,-0.089,0.857,0.756,0.574,0.585,-0.13,0.921,-0.401,0.228,-0.57,0.877,0.86,0.899,0.769,0.493,0.926,0.891,-0.075,0.955,0.464,0.523,0.943,0.19,0.796,0.933,0.552,0.91,0.937,0.646,0.849,0.668,0.072,0.957,0.389,0.768,0.925,0.76,0.917,0.514,-0.693,0.42,0.257,0.919,0.94,-0.306,0.833,0.804,0.786,0.59,-0.235,0.849,0.513,0.957,0.946,0.634,0.493,0.872,0.596,0.96,0.341,0.934,0.945,-0.415,0.588,-0.747,-0.649,-0.035,0.38,0.771,-0.666,0.057,0.83,0.866,0.962,0.239,0.686,0.896
BUSE,0.508,-0.168,0.482,-0.003,0.219,-0.152,0.253,0.597,0.558,0.552,0.312,0.056,0.065,-0.031,0.15,0.515,0.608,0.612,0.382,0.112,0.494,-0.172,-0.293,-0.344,0.149,-0.049,0.0,0.427,0.048,0.554,0.249,0.594,0.025,-0.047,0.37,0.505,0.211,0.651,0.207,0.484,0.504,0.604,0.376,0.114,-0.143,0.631,-0.147,0.384,0.641,0.116,0.237,-0.376,0.059,0.517,-0.178,0.188,-0.156,0.359,0.302,-0.237,-0.417,0.395,0.575,-0.548,-0.04,0.386,0.563,0.357,0.129,-0.189,0.147,0.172,-0.062,0.287,0.684,0.156,0.587,0.245,-0.083,-0.027,0.203,-0.246,-0.101,0.077,-0.009,0.444,-0.074,-0.258,0.385,0.512,0.137,0.025,-0.367,0.392,0.003,-0.182,0.224,0.28,-0.409,0.039,0.491,0.457,-0.227,-0.431,0.699,-0.643,0.007,-0.046,0.553,-0.056,0.028,0.401,0.681,0.586,0.225,0.204,0.655,0.327,-0.193,0.481,0.131,0.525,0.604,0.563,0.181,0.45,-0.409,0.185,0.356,-0.282,-0.31,0.709,0.273,0.266,0.039,-0.192,-0.026,0.576,0.04,-0.068,-0.039,-0.031,0.45,0.444,0.087,0.745,-0.197,0.114,0.054,-0.28,-0.177,-0.457,-0.215,0.447,0.6,0.079,0.592,0.322,0.087,-0.155,0.258,0.613,0.404,-0.579,0.729,-0.221,0.035,-0.042,-0.178,-0.033,0.06,-0.094,0.558,0.159,0.527,0.101,0.04,0.036,0.587,0.055,0.248,-0.14,0.7,-0.082,0.021,0.602,-0.333,0.414,0.487,0.619,0.543,0.316,0.437,0.695,0.301,-0.014,-0.099,0.591,0.48,-0.215
CAKE,-0.128,-0.395,-0.017,0.359,-0.329,0.09,-0.244,0.368,0.056,0.046,0.094,-0.44,-0.391,0.47,0.103,-0.115,0.686,0.16,-0.033,0.572,-0.008,-0.413,0.284,-0.53,-0.41,-0.528,0.427,0.0,-0.151,0.614,-0.134,0.154,-0.484,-0.352,-0.254,0.484,-0.016,0.134,-0.144,-0.062,-0.071,-0.004,-0.043,-0.285,-0.377,0.401,-0.52,-0.191,0.688,-0.417,-0.329,-0.609,-0.477,0.584,-0.459,0.67,-0.422,0.787,-0.076,-0.291,-0.063,-0.107,0.405,-0.38,0.442,-0.037,0.487,-0.196,-0.397,-0.143,-0.357,0.495,-0.44,0.116,0.495,-0.262,0.066,-0.125,-0.391,-0.582,-0.377,-0.452,-0.319,-0.441,-0.383,-0.17,0.486,-0.503,0.458,0.652,-0.152,-0.224,-0.373,0.108,-0.425,-0.403,-0.225,0.673,-0.25,-0.021,-0.14,-0.082,-0.419,-0.536,0.28,-0.048,-0.349,-0.139,0.006,-0.373,-0.475,-0.294,0.25,0.306,-0.316,0.046,0.665,-0.359,-0.537,-0.152,-0.479,-0.148,0.689,0.61,-0.43,-0.213,-0.257,-0.007,0.124,-0.509,0.041,0.189,0.614,-0.327,-0.445,-0.522,-0.144,-0.169,-0.358,-0.513,0.409,-0.335,-0.035,-0.247,-0.347,0.276,-0.423,-0.442,0.088,-0.538,-0.582,-0.494,-0.57,-0.107,0.13,-0.415,-0.078,-0.133,-0.506,-0.283,-0.375,0.008,0.779,-0.421,0.176,-0.513,-0.36,0.532,-0.261,-0.56,-0.273,-0.1,0.705,-0.452,-0.039,-0.424,-0.44,-0.103,0.041,-0.276,-0.212,-0.448,0.192,-0.358,-0.452,0.492,-0.471,0.606,0.73,0.443,0.189,-0.293,0.614,0.352,-0.253,-0.306,-0.566,0.017,-0.151,-0.36
CASY,0.144,0.433,0.07,-0.147,0.383,0.114,0.606,-0.295,0.62,0.105,0.37,0.494,0.419,-0.218,-0.181,0.35,-0.452,0.242,0.497,-0.226,0.363,0.456,-0.353,0.535,0.563,0.567,0.048,-0.151,0.0,0.033,0.27,0.07,0.484,0.254,0.396,-0.06,0.299,0.144,0.516,0.228,0.299,0.518,0.442,0.139,0.58,-0.237,0.631,0.42,-0.194,0.397,0.606,0.415,0.537,-0.496,0.453,-0.228,0.624,-0.439,0.504,0.336,0.309,0.218,0.128,0.512,0.0,0.488,0.047,0.506,0.659,-0.024,0.517,0.004,0.525,-0.204,-0.199,0.442,-0.021,0.212,0.386,0.554,0.444,0.538,0.445,0.548,0.722,0.551,-0.472,0.612,0.165,-0.268,0.453,0.47,0.398,0.038,0.627,0.533,0.547,-0.365,0.473,0.231,0.427,0.526,0.44,0.498,0.052,0.183,0.702,0.344,0.432,0.61,0.68,0.44,0.146,-0.32,0.184,0.313,-0.246,0.498,0.48,0.309,0.354,0.479,-0.345,-0.039,0.383,0.355,0.168,0.011,0.447,0.521,0.067,0.218,-0.438,0.479,0.681,0.592,0.323,0.512,0.513,0.443,-0.193,0.536,0.356,0.607,0.5,0.128,0.585,0.485,0.269,0.602,0.579,0.564,0.433,0.291,0.185,0.564,0.28,0.221,0.576,0.344,0.651,0.195,-0.339,0.099,0.107,0.655,0.468,-0.063,0.46,0.639,0.198,0.207,-0.193,0.73,0.266,0.446,0.397,0.561,0.577,0.471,0.658,0.541,0.155,0.493,0.511,0.078,0.6,-0.529,-0.372,-0.097,0.225,0.461,-0.273,0.164,0.371,0.469,0.461,0.235,0.482,0.494
CCOI,0.226,-0.556,0.042,0.361,-0.301,0.398,0.125,0.598,0.343,0.237,0.509,-0.376,-0.462,0.44,-0.118,0.221,0.652,0.26,0.265,0.639,0.13,-0.581,0.266,-0.67,-0.248,-0.451,0.554,0.614,0.033,0.0,-0.249,0.526,-0.316,-0.485,-0.067,0.255,-0.157,0.541,-0.143,0.159,0.278,0.189,0.224,-0.001,-0.44,0.734,-0.35,-0.005,0.86,-0.411,-0.228,-0.748,-0.269,0.686,-0.475,0.197,-0.503,0.7,-0.068,-0.548,-0.384,-0.034,0.447,-0.588,0.108,0.351,0.458,0.019,-0.351,-0.259,-0.312,0.326,-0.487,0.407,0.325,-0.124,0.202,-0.055,-0.447,-0.192,-0.05,-0.54,-0.493,-0.369,-0.282,0.146,0.444,-0.543,0.386,0.552,-0.293,-0.362,-0.688,0.174,-0.356,-0.458,-0.244,0.517,-0.494,-0.289,0.092,0.057,-0.496,-0.705,0.52,-0.523,-0.128,-0.276,0.356,-0.45,-0.327,0.026,0.592,0.303,-0.147,0.573,0.623,-0.057,-0.609,0.059,-0.105,0.383,0.704,0.594,-0.254,0.059,-0.556,-0.201,0.484,-0.637,0.088,0.493,0.455,-0.238,-0.435,-0.484,-0.279,0.26,-0.246,-0.332,-0.079,-0.433,0.246,0.091,-0.339,0.581,-0.457,-0.301,-0.269,-0.614,-0.53,-0.559,-0.665,0.123,0.543,-0.262,0.408,-0.166,-0.268,-0.524,-0.232,0.164,0.674,-0.642,0.475,-0.491,-0.439,0.227,-0.511,-0.377,-0.266,-0.577,0.665,-0.14,0.251,-0.377,-0.406,-0.303,0.26,-0.415,0.227,-0.545,0.401,-0.492,-0.411,0.741,-0.432,0.647,0.593,0.547,0.453,-0.044,0.819,0.62,-0.189,-0.442,-0.584,0.574,0.07,-0.51
CEVA,0.625,0.773,0.777,-0.385,0.899,-0.792,0.596,0.244,0.469,0.627,-0.334,0.825,0.867,-0.486,0.267,0.649,0.015,0.739,0.692,-0.71,0.492,0.699,-0.812,0.448,0.748,0.754,0.249,-0.134,0.27,-0.249,0.0,0.35,0.587,0.804,0.868,0.451,0.881,0.434,0.851,0.787,0.67,0.783,0.578,-0.097,0.613,0.127,0.628,0.869,-0.145,0.852,0.679,0.365,0.757,-0.164,0.719,0.214,0.694,-0.518,0.819,0.482,-0.085,0.809,0.622,0.311,0.257,-0.039,0.411,0.748,0.607,0.295,0.874,0.204,0.743,-0.097,0.254,0.705,0.688,0.735,0.775,0.409,0.738,0.606,0.817,0.762,0.619,0.484,-0.775,0.529,0.263,0.17,0.805,0.779,0.554,0.73,0.75,0.392,0.781,-0.162,0.014,0.795,0.78,0.217,0.536,0.388,0.534,-0.076,0.599,0.413,0.672,0.672,0.555,0.793,0.482,0.414,0.778,-0.016,0.043,0.764,0.681,0.828,0.604,0.395,0.012,0.405,0.827,0.774,0.534,0.729,-0.238,0.611,-0.517,0.396,-0.049,0.876,0.594,0.489,0.667,0.41,0.732,0.549,0.208,0.789,0.715,0.501,0.848,0.456,0.472,0.861,0.81,0.515,0.588,0.164,0.596,0.706,0.071,0.733,0.493,0.887,0.769,0.719,0.741,0.669,-0.408,0.249,0.555,0.534,0.826,-0.11,0.585,0.483,0.716,0.662,0.202,0.568,0.652,0.852,0.815,0.565,0.541,0.815,0.44,0.715,0.662,0.746,0.837,-0.013,0.316,-0.271,-0.136,0.366,0.563,0.76,-0.502,0.432,0.933,0.674,0.746,0.329,0.827,0.725
