,AAPL,ACRS,ADP,AFYA,AGNC,AGYS,ALT,AMGN,AMPH,AMZN,ANIP,AOSL,APDN,APLT,APVO,ARGX,ARLP,ATEX,ATRA,AUTL,AVDL,BCRX,BHAT,BLBD,BMRN,BNGO,BUSE,CAKE,CASY,CCOI,CEVA,CHY,CLDX,CLMT,COHU,COLM,COST,CPRT,CSWC,CSX,DBX,DCOM,DKNG,DMLP,DOX,EA,EDIT,ENPH,ENSG,ERNA,ESGR,ETNB,EXTR,FANG,FARO,FATE,FGEN,FIVE,FIVN,FLGT,FOLD,FORM,FOXA,FRPT,FSLR,FTAI,GBDC,GDYN,GGAL,GNLN,GRFS,GT,HCAT,HCM,HFWA,HOLX,HQY,HUBG,IAC,ICLR,IDCC,IEP,IHRT,ILMN,ILPT,IMAB,IMOS,INMD,INTZ,JAZZ,JKHY,JRVR,KIDS,LBRDK,LGND,LMAT,LPLA,LULU,MASI,MAT,MATW,MBIN,MBIO,MCRB,MDB,MDLZ,MELI,MIRM,MLKN,MNMD,MNRO,MPWR,MRCY,MRSN,MTVA,NAAS,NDAQ,NDSN,NEGG,NOVT,NVDA,NWE,NWSA,NXST,OCX,ODFL,OMAB,OPCH,OPRA,ORGO,OTRK,OZK,PAGP,PCH,PEGA,PENG,PENN,PFBC,PGNY,PHAT,PHUN,PINC,PLUG,PLXS,PYPL,QLYS,QNCX,QQQX,QVCGA,RAPT,RBBN,RCKT,REPL,RMBS,ROAD,ROKU,ROP,RUSHA,SANM,SATS,SBCF,SBLK,SBUX,SCHL,SCSC,SDGR,SEIC,SFIX,SGRY,SKYW,SLP,SNES,STAA,STLD,STOK,SWKS,TER,TFIN,TIGO,TILE,TPIC,TTEC,TTEK,TTGT,UXIN,VERU,VLYPP,VNOM,VRNS,VRSN,WDAY,WERN,WINA,WKHS,WRLD,XP,XTKG,YY,ZION,ZM
AAPL,0.0,-0.788,0.031,-0.544,-0.656,-0.553,-0.582,-0.699,0.148,0.56,0.717,0.205,0.639,0.458,-0.654,0.774,-0.743,-0.489,-0.641,0.536,0.814,0.762,0.666,0.635,-0.166,0.018,-0.479,0.109,0.442,-0.644,-0.729,0.299,-0.167,-0.118,0.32,-0.792,-0.093,0.727,0.161,0.68,0.478,-0.71,0.884,-0.413,0.107,-0.504,0.869,-0.584,-0.854,-0.527,0.827,0.781,0.483,-0.644,-0.795,-0.769,0.086,-0.278,-0.703,0.85,-0.012,0.635,-0.639,0.311,-0.072,0.519,-0.151,-0.892,0.51,0.691,0.764,0.721,-0.729,-0.585,-0.72,-0.56,0.231,-0.749,0.852,-0.118,0.828,-0.702,-0.827,-0.577,-0.552,-0.164,0.756,-0.647,0.652,-0.653,-0.44,0.856,-0.694,0.223,0.366,0.778,-0.423,0.03,-0.76,0.847,0.484,-0.493,0.738,-0.573,0.739,0.823,0.422,-0.429,-0.368,-0.784,-0.03,-0.804,-0.606,0.833,-0.745,-0.791,-0.173,0.304,0.724,0.695,0.836,0.09,0.459,-0.616,0.215,-0.634,0.743,-0.678,0.73,0.651,0.216,-0.426,0.332,0.239,-0.362,0.688,-0.703,-0.546,0.724,0.859,0.329,-0.723,-0.586,-0.625,-0.622,0.051,0.481,0.749,0.869,0.42,0.727,0.83,0.715,0.527,0.851,-0.552,0.787,-0.197,-0.195,-0.769,-0.552,-0.705,-0.336,0.767,0.412,-0.548,0.395,-0.742,-0.731,0.633,-0.414,0.145,-0.589,-0.787,0.896,-0.603,-0.322,-0.431,-0.48,-0.707,-0.722,-0.368,0.714,-0.697,0.81,-0.272,-0.676,-0.722,-0.048,0.721,-0.469,-0.14,-0.601,0.035,0.826,0.856,-0.358,0.357,-0.411,0.389
ACRS,-0.788,0.0,0.407,0.432,0.687,0.539,0.448,0.686,-0.342,-0.743,-0.712,-0.208,-0.766,-0.281,0.601,-0.69,0.935,0.419,0.794,-0.525,-0.707,-0.723,-0.556,-0.72,0.411,-0.122,0.557,0.183,-0.191,0.795,0.856,-0.408,0.001,0.182,-0.272,0.775,-0.049,-0.734,0.056,-0.534,-0.612,0.837,-0.666,0.286,-0.008,0.511,-0.816,0.443,0.782,0.738,-0.799,-0.76,-0.325,0.716,0.849,0.918,-0.089,0.322,0.834,-0.863,0.249,-0.622,0.816,-0.167,-0.223,-0.529,0.427,0.889,-0.669,-0.605,-0.865,-0.826,0.882,0.76,0.768,0.724,-0.3,0.632,-0.838,-0.085,-0.876,0.687,0.838,0.388,0.712,0.141,-0.563,0.601,-0.75,0.754,0.566,-0.836,0.814,0.18,-0.121,-0.725,0.576,0.355,0.826,-0.783,-0.08,0.497,-0.794,0.39,-0.855,-0.621,-0.393,0.57,0.351,0.915,0.049,0.842,0.532,-0.813,0.748,0.618,0.163,0.111,-0.574,-0.642,-0.674,-0.025,-0.484,0.689,-0.069,0.666,-0.684,0.778,-0.841,-0.777,-0.269,0.586,-0.333,-0.369,0.444,-0.565,0.851,0.554,-0.772,-0.824,-0.269,0.63,0.796,0.64,0.831,-0.102,-0.447,-0.67,-0.868,-0.49,-0.402,-0.768,-0.798,-0.549,-0.856,0.518,-0.508,0.118,0.35,0.814,0.569,0.661,0.474,-0.776,-0.542,0.701,-0.02,0.646,0.717,-0.276,0.286,-0.117,0.805,0.827,-0.768,0.839,0.304,0.497,0.326,0.899,0.66,0.51,-0.656,0.853,-0.864,0.384,0.613,0.776,-0.06,-0.579,0.448,0.462,0.455,0.222,-0.736,-0.856,0.42,-0.084,0.46,-0.488
ADP,0.031,0.407,0.0,0.016,0.246,0.075,-0.152,0.101,-0.361,-0.341,-0.217,0.059,-0.324,0.272,0.085,-0.197,0.453,0.06,0.239,-0.069,-0.131,-0.209,0.06,-0.174,0.263,-0.34,0.187,0.48,0.307,0.456,0.321,-0.228,-0.337,0.009,-0.013,0.14,-0.183,-0.086,0.47,-0.056,-0.465,0.425,-0.06,-0.045,0.253,0.241,-0.225,-0.084,0.047,0.275,-0.231,-0.174,0.305,0.324,0.356,0.404,-0.04,0.182,0.387,-0.291,0.208,-0.152,0.49,0.117,-0.395,0.119,0.554,0.323,-0.481,-0.125,-0.299,-0.3,0.43,0.317,0.25,0.477,-0.19,-0.009,-0.167,-0.3,-0.37,0.195,0.238,-0.156,0.295,0.021,-0.017,0.163,-0.396,0.248,0.496,-0.227,0.439,0.75,-0.067,-0.249,0.408,0.532,0.251,0.009,0.573,0.042,-0.177,-0.381,-0.325,0.189,0.096,0.3,0.186,0.478,0.104,0.426,0.135,-0.251,0.258,-0.106,0.033,0.52,0.086,-0.146,0.038,0.038,-0.022,0.39,0.312,0.232,0.044,0.351,-0.35,-0.305,-0.196,0.379,-0.09,-0.227,0.36,0.031,0.502,0.135,-0.224,-0.22,-0.056,0.155,0.398,0.238,0.448,-0.157,-0.133,0.063,-0.238,-0.303,0.387,-0.242,-0.328,-0.199,-0.307,-0.002,0.391,0.108,0.15,0.33,0.2,0.198,0.448,-0.124,-0.15,0.472,0.47,-0.009,0.267,0.456,-0.139,-0.179,0.501,0.323,-0.124,0.55,-0.04,0.304,-0.252,0.52,0.202,0.333,-0.113,0.432,-0.25,0.165,0.153,0.315,-0.184,0.152,0.17,0.483,0.02,0.251,-0.088,-0.176,0.248,0.533,0.198,-0.34
AFYA,-0.544,0.432,0.016,0.0,0.604,0.543,0.58,0.719,0.339,-0.12,-0.297,0.246,-0.22,-0.599,0.305,-0.424,0.375,0.571,0.315,-0.24,-0.715,-0.668,-0.41,-0.211,0.247,0.181,0.72,-0.12,-0.687,0.091,0.434,0.35,0.541,0.128,0.15,0.639,0.643,-0.254,0.239,-0.202,0.152,0.584,-0.486,0.752,0.223,0.71,-0.521,0.774,0.717,0.233,-0.358,-0.369,-0.311,0.732,0.607,0.361,0.282,0.54,0.625,-0.311,-0.3,-0.009,0.499,-0.474,0.522,-0.131,0.307,0.492,-0.037,-0.247,-0.208,-0.266,0.438,0.348,0.753,0.46,0.508,0.823,-0.465,0.598,-0.405,0.765,0.648,0.792,0.077,0.475,-0.422,0.742,-0.239,0.569,0.459,-0.484,0.45,-0.405,-0.167,-0.693,0.701,-0.223,0.47,-0.465,-0.054,0.748,-0.323,0.527,-0.334,-0.758,-0.079,-0.124,0.677,0.455,0.031,0.488,0.77,-0.637,0.655,0.769,0.709,0.036,-0.354,-0.411,-0.446,-0.0,0.039,0.723,-0.17,0.661,-0.474,0.644,-0.279,-0.204,-0.044,0.545,0.343,0.367,0.648,-0.374,0.465,0.809,-0.251,-0.594,-0.007,0.714,0.254,0.819,0.26,0.531,-0.407,-0.208,-0.438,-0.001,-0.513,-0.371,-0.27,-0.086,-0.234,0.676,-0.544,0.737,0.139,0.684,0.76,0.695,0.422,-0.223,0.203,0.303,-0.131,0.773,0.731,-0.657,0.643,-0.028,0.391,0.756,-0.651,0.409,0.638,0.618,0.702,0.433,0.811,0.246,-0.319,0.439,-0.448,0.137,0.743,0.7,0.534,-0.523,0.606,0.205,0.844,-0.444,-0.67,-0.383,0.392,-0.518,0.76,0.132
AGNC,-0.656,0.687,0.246,0.604,0.0,0.649,0.683,0.832,-0.241,-0.511,-0.531,-0.225,-0.708,-0.322,0.759,-0.729,0.682,0.693,0.755,-0.702,-0.842,-0.76,-0.694,-0.698,0.427,0.366,0.657,0.223,-0.547,0.524,0.783,0.007,0.222,0.457,-0.362,0.922,0.42,-0.682,0.435,-0.534,-0.383,0.921,-0.561,0.579,-0.197,0.7,-0.688,0.572,0.841,0.463,-0.718,-0.646,-0.29,0.921,0.813,0.741,0.098,0.432,0.822,-0.718,0.251,-0.479,0.782,-0.161,-0.087,-0.382,0.672,0.715,-0.272,-0.629,-0.668,-0.754,0.696,0.723,0.849,0.763,0.064,0.772,-0.758,0.022,-0.699,0.883,0.891,0.622,0.607,0.05,-0.516,0.911,-0.571,0.854,0.64,-0.72,0.846,-0.016,-0.007,-0.764,0.719,0.223,0.824,-0.754,-0.289,0.656,-0.485,0.576,-0.669,-0.728,-0.374,0.164,0.758,0.801,0.192,0.647,0.746,-0.823,0.868,0.749,0.504,0.079,-0.44,-0.733,-0.712,0.266,-0.48,0.854,0.073,0.715,-0.725,0.773,-0.707,-0.721,-0.206,0.639,-0.081,0.028,0.707,-0.722,0.759,0.777,-0.528,-0.8,-0.101,0.888,0.727,0.731,0.772,0.181,-0.215,-0.536,-0.605,-0.502,-0.624,-0.673,-0.694,-0.585,-0.583,0.805,-0.63,0.327,0.55,0.777,0.849,0.918,0.59,-0.608,-0.394,0.479,0.031,0.848,0.804,-0.537,0.574,-0.236,0.798,0.836,-0.751,0.667,0.228,0.463,0.567,0.724,0.694,0.496,-0.484,0.77,-0.744,0.566,0.86,0.87,0.113,-0.775,0.347,0.298,0.57,-0.04,-0.558,-0.706,0.186,-0.24,0.713,-0.377
AGYS,-0.553,0.539,0.075,0.543,0.649,0.0,0.814,0.829,-0.064,-0.562,-0.445,-0.379,-0.529,-0.428,0.375,-0.611,0.484,0.62,0.66,-0.716,-0.524,-0.513,-0.493,-0.499,0.647,0.278,0.27,-0.226,-0.242,0.372,0.58,-0.023,0.556,0.059,-0.397,0.737,0.53,-0.643,0.175,-0.204,-0.213,0.558,-0.305,0.298,-0.381,0.618,-0.423,0.636,0.649,0.586,-0.609,-0.296,-0.711,0.672,0.548,0.62,0.266,0.449,0.48,-0.484,0.216,-0.477,0.499,0.059,0.034,-0.566,0.169,0.548,0.024,-0.501,-0.416,-0.55,0.521,0.7,0.595,0.605,0.099,0.64,-0.54,-0.027,-0.463,0.548,0.663,0.681,0.438,0.034,-0.444,0.682,-0.28,0.828,0.535,-0.403,0.498,-0.152,-0.089,-0.476,0.353,0.256,0.707,-0.64,-0.189,0.378,-0.245,0.609,-0.612,-0.577,-0.38,0.237,0.633,0.572,0.428,0.415,0.463,-0.51,0.592,0.511,0.564,0.121,-0.583,-0.534,-0.758,0.493,-0.5,0.472,0.16,0.743,-0.766,0.455,-0.523,-0.569,0.049,0.181,-0.24,0.218,0.466,-0.658,0.528,0.494,-0.182,-0.567,0.093,0.578,0.45,0.577,0.533,0.261,-0.202,-0.636,-0.445,-0.336,-0.637,-0.467,-0.469,-0.523,-0.432,0.743,-0.39,0.206,0.525,0.413,0.436,0.518,0.229,-0.595,-0.263,0.176,-0.012,0.72,0.461,-0.594,0.557,0.089,0.609,0.675,-0.501,0.439,0.185,0.107,0.674,0.552,0.429,0.536,-0.122,0.499,-0.537,0.563,0.47,0.547,0.239,-0.555,0.102,0.516,0.329,-0.0,-0.619,-0.589,0.214,-0.302,0.334,-0.301
ALT,-0.582,0.448,-0.152,0.58,0.683,0.814,0.0,0.78,0.183,-0.339,-0.397,-0.249,-0.388,-0.584,0.376,-0.53,0.328,0.528,0.573,-0.662,-0.572,-0.535,-0.541,-0.402,0.582,0.402,0.372,-0.267,-0.428,0.222,0.486,0.126,0.692,0.042,-0.241,0.759,0.659,-0.552,0.17,-0.187,-0.015,0.508,-0.357,0.407,-0.346,0.621,-0.444,0.764,0.682,0.423,-0.517,-0.271,-0.718,0.628,0.501,0.511,0.409,0.397,0.454,-0.425,0.089,-0.323,0.384,-0.104,0.262,-0.543,0.055,0.492,0.187,-0.566,-0.333,-0.406,0.376,0.615,0.656,0.434,0.241,0.76,-0.502,0.237,-0.381,0.573,0.659,0.846,0.326,0.129,-0.413,0.697,-0.088,0.821,0.439,-0.375,0.462,-0.374,-0.033,-0.484,0.351,0.025,0.645,-0.632,-0.301,0.46,-0.147,0.759,-0.472,-0.711,-0.276,0.107,0.656,0.463,0.324,0.335,0.526,-0.494,0.566,0.586,0.683,0.051,-0.5,-0.443,-0.755,0.409,-0.382,0.437,0.049,0.756,-0.791,0.438,-0.415,-0.391,0.084,0.206,-0.136,0.327,0.496,-0.628,0.412,0.602,-0.174,-0.462,0.175,0.631,0.346,0.65,0.409,0.414,-0.207,-0.54,-0.403,-0.27,-0.748,-0.434,-0.362,-0.379,-0.34,0.79,-0.556,0.344,0.583,0.431,0.519,0.551,0.133,-0.5,-0.156,0.074,-0.132,0.813,0.494,-0.744,0.723,0.109,0.474,0.672,-0.552,0.323,0.306,0.209,0.779,0.466,0.483,0.562,-0.056,0.392,-0.427,0.479,0.547,0.512,0.36,-0.612,0.162,0.39,0.439,-0.089,-0.642,-0.551,0.175,-0.441,0.411,-0.159
AMGN,-0.699,0.686,0.101,0.719,0.832,0.829,0.78,0.0,-0.138,-0.612,-0.571,-0.305,-0.686,-0.415,0.62,-0.704,0.67,0.734,0.755,-0.742,-0.787,-0.772,-0.671,-0.618,0.58,0.334,0.55,-0.074,-0.522,0.434,0.742,-0.022,0.444,0.327,-0.403,0.904,0.522,-0.738,0.19,-0.453,-0.263,0.78,-0.519,0.595,-0.27,0.72,-0.654,0.707,0.898,0.557,-0.726,-0.564,-0.534,0.899,0.771,0.719,0.076,0.449,0.733,-0.661,0.164,-0.541,0.692,-0.106,0.079,-0.576,0.433,0.702,-0.134,-0.566,-0.593,-0.682,0.665,0.704,0.775,0.734,0.093,0.833,-0.751,0.117,-0.652,0.848,0.835,0.735,0.563,0.074,-0.608,0.883,-0.465,0.912,0.655,-0.685,0.711,-0.158,-0.113,-0.743,0.672,0.139,0.818,-0.818,-0.288,0.588,-0.505,0.668,-0.728,-0.762,-0.482,0.163,0.732,0.719,0.325,0.603,0.753,-0.781,0.834,0.783,0.574,0.031,-0.613,-0.765,-0.802,0.309,-0.496,0.748,0.024,0.772,-0.809,0.726,-0.625,-0.673,-0.06,0.42,-0.135,0.095,0.602,-0.799,0.701,0.69,-0.477,-0.775,-0.069,0.819,0.611,0.726,0.684,0.213,-0.304,-0.692,-0.613,-0.43,-0.738,-0.629,-0.628,-0.607,-0.535,0.885,-0.624,0.338,0.464,0.694,0.705,0.813,0.553,-0.634,-0.345,0.346,-0.026,0.869,0.733,-0.68,0.639,-0.102,0.724,0.826,-0.715,0.563,0.266,0.342,0.72,0.682,0.675,0.426,-0.431,0.689,-0.735,0.538,0.721,0.808,0.161,-0.78,0.26,0.369,0.567,-0.155,-0.7,-0.717,0.225,-0.406,0.58,-0.346
AMPH,0.148,-0.342,-0.361,0.339,-0.241,-0.064,0.183,-0.138,0.0,0.72,0.386,0.636,0.697,-0.545,-0.408,0.431,-0.528,-0.234,-0.487,0.52,0.088,0.113,0.304,0.472,-0.094,0.057,0.232,-0.214,-0.355,-0.637,-0.479,0.703,0.594,-0.495,0.778,-0.218,0.483,0.548,0.033,0.521,0.813,-0.328,0.125,0.205,0.515,0.145,0.217,0.446,-0.128,-0.344,0.521,0.415,-0.084,-0.205,-0.312,-0.475,0.657,0.197,-0.157,0.526,-0.687,0.739,-0.41,-0.508,0.784,0.283,-0.432,-0.331,0.448,0.369,0.614,0.628,-0.455,-0.34,0.088,-0.517,0.743,0.206,0.456,0.842,0.472,-0.127,-0.199,0.481,-0.677,0.654,0.243,-0.104,0.672,-0.183,-0.36,0.342,-0.384,-0.62,0.017,0.103,-0.013,-0.63,-0.406,0.338,0.217,0.273,0.351,0.134,0.571,-0.195,0.544,-0.477,0.046,-0.423,-0.341,-0.266,0.082,0.257,-0.204,0.043,0.547,-0.014,0.294,0.516,0.299,-0.181,0.593,-0.188,-0.144,0.099,0.175,-0.217,0.538,0.671,0.132,0.063,0.606,0.72,0.167,0.447,-0.46,0.275,0.429,0.351,0.522,-0.071,-0.585,0.258,-0.642,0.717,-0.046,0.528,0.291,0.663,0.091,0.419,0.545,0.741,0.455,-0.008,-0.046,0.638,-0.171,-0.125,0.108,-0.198,-0.374,0.51,0.774,-0.182,-0.331,0.142,-0.017,-0.27,0.438,0.404,-0.487,-0.076,0.065,-0.338,0.649,0.338,0.416,-0.38,0.143,0.033,0.413,-0.495,0.483,-0.315,0.04,-0.183,0.774,0.31,0.384,-0.121,0.359,-0.399,-0.11,0.467,0.363,-0.449,0.264,0.811
AMZN,0.56,-0.743,-0.341,-0.12,-0.511,-0.562,-0.339,-0.612,0.72,0.0,0.616,0.573,0.854,-0.057,-0.502,0.632,-0.8,-0.471,-0.828,0.75,0.397,0.471,0.518,0.647,-0.534,0.027,-0.083,-0.043,-0.151,-0.797,-0.786,0.635,0.111,-0.292,0.693,-0.605,0.148,0.81,0.085,0.481,0.758,-0.602,0.355,-0.011,0.465,-0.326,0.544,-0.139,-0.571,-0.768,0.783,0.54,0.385,-0.566,-0.642,-0.832,0.349,-0.123,-0.509,0.773,-0.628,0.852,-0.691,-0.279,0.53,0.7,-0.371,-0.697,0.479,0.633,0.806,0.838,-0.766,-0.692,-0.372,-0.774,0.578,-0.285,0.745,0.547,0.727,-0.443,-0.625,-0.077,-0.799,0.329,0.468,-0.442,0.727,-0.675,-0.586,0.599,-0.639,-0.373,0.169,0.422,-0.278,-0.612,-0.778,0.752,0.148,-0.068,0.585,-0.258,0.914,0.258,0.587,-0.662,-0.288,-0.736,-0.421,-0.595,-0.23,0.556,-0.541,-0.336,0.09,-0.119,0.652,0.685,0.674,-0.271,0.706,-0.464,-0.086,-0.457,0.636,-0.531,0.76,0.853,0.055,-0.102,0.639,0.495,-0.141,0.677,-0.742,-0.117,0.577,0.628,0.367,-0.365,-0.76,-0.234,-0.841,0.416,0.229,0.847,0.617,0.679,0.412,0.649,0.702,0.812,0.704,-0.434,0.243,0.317,-0.407,-0.439,-0.171,-0.441,-0.414,0.807,0.761,-0.404,-0.22,-0.349,-0.361,0.111,-0.032,0.158,-0.78,-0.549,0.425,-0.618,0.197,0.075,-0.119,-0.745,-0.226,-0.319,0.503,-0.74,0.751,-0.507,-0.22,-0.509,0.433,0.555,0.12,-0.504,-0.038,-0.363,0.426,0.816,-0.043,-0.088,-0.022,0.778
ANIP,0.717,-0.712,-0.217,-0.297,-0.531,-0.445,-0.397,-0.571,0.386,0.616,0.0,0.418,0.73,0.09,-0.607,0.748,-0.731,-0.366,-0.506,0.549,0.675,0.67,0.519,0.414,-0.103,0.238,-0.237,0.134,0.113,-0.727,-0.56,0.55,0.158,-0.136,0.471,-0.584,0.068,0.655,0.128,0.755,0.667,-0.623,0.747,-0.332,0.171,-0.293,0.775,-0.216,-0.688,-0.432,0.795,0.758,0.195,-0.501,-0.742,-0.743,0.358,-0.069,-0.581,0.8,-0.079,0.727,-0.57,-0.022,0.084,0.335,-0.272,-0.785,0.527,0.627,0.703,0.613,-0.633,-0.454,-0.471,-0.614,0.459,-0.452,0.71,0.149,0.842,-0.578,-0.564,-0.298,-0.656,0.102,0.791,-0.483,0.703,-0.523,-0.637,0.762,-0.714,-0.198,0.33,0.702,-0.365,-0.117,-0.603,0.622,0.318,-0.143,0.598,-0.19,0.712,0.453,0.45,-0.43,-0.203,-0.725,-0.163,-0.703,-0.496,0.737,-0.596,-0.522,0.045,0.23,0.614,0.695,0.737,0.033,0.357,-0.477,0.017,-0.357,0.494,-0.65,0.725,0.58,0.3,-0.271,0.5,0.478,-0.187,0.705,-0.725,-0.229,0.754,0.724,0.407,-0.592,-0.506,-0.397,-0.611,0.386,0.509,0.661,0.834,0.587,0.551,0.857,0.719,0.676,0.807,-0.369,0.425,-0.045,-0.052,-0.654,-0.304,-0.556,-0.515,0.599,0.399,-0.465,0.085,-0.425,-0.625,0.36,-0.148,0.509,-0.571,-0.611,0.736,-0.564,0.053,-0.273,-0.114,-0.675,-0.586,-0.269,0.626,-0.632,0.72,-0.11,-0.467,-0.571,0.333,0.525,-0.298,-0.16,-0.319,0.031,0.663,0.764,-0.111,-0.05,-0.139,0.623
AOSL,0.205,-0.208,0.059,0.246,-0.225,-0.379,-0.249,-0.305,0.636,0.573,0.418,0.0,0.593,-0.278,-0.361,0.489,-0.313,-0.267,-0.437,0.694,0.096,0.072,0.313,0.422,-0.211,-0.159,0.357,0.246,-0.194,-0.374,-0.3,0.568,0.125,-0.364,0.878,-0.281,0.101,0.64,0.151,0.422,0.516,-0.156,0.084,0.124,0.771,0.121,0.107,0.187,-0.2,-0.239,0.49,0.26,0.339,-0.133,-0.162,-0.344,0.385,0.187,0.021,0.38,-0.488,0.769,-0.146,-0.52,0.441,0.414,-0.035,-0.176,0.084,0.386,0.408,0.468,-0.232,-0.342,0.107,-0.366,0.516,0.054,0.352,0.641,0.306,-0.101,-0.114,0.1,-0.56,0.618,0.331,-0.143,0.367,-0.289,-0.247,0.216,-0.206,-0.18,-0.07,0.043,0.182,-0.34,-0.389,0.367,0.525,0.331,0.119,-0.222,0.443,-0.01,0.696,-0.258,0.021,-0.218,-0.57,0.034,0.033,0.154,-0.16,-0.017,0.291,0.162,0.428,0.508,0.566,-0.435,0.642,0.04,-0.08,0.01,0.385,-0.059,0.398,0.528,-0.004,0.312,0.651,0.382,0.237,0.654,-0.222,0.287,0.216,0.259,0.317,-0.131,-0.323,0.22,-0.422,0.515,-0.068,0.662,0.251,0.5,0.449,0.366,0.411,0.764,0.35,-0.163,0.127,0.545,-0.185,0.035,0.175,-0.124,-0.146,0.474,0.628,0.241,-0.058,-0.02,0.066,0.165,0.138,0.259,-0.266,-0.035,0.062,-0.032,0.668,0.515,0.047,-0.134,0.17,-0.014,0.159,-0.269,0.342,-0.342,0.062,-0.074,0.547,0.395,0.509,-0.02,0.406,-0.187,0.049,0.427,0.403,-0.168,0.348,0.675
APDN,0.639,-0.766,-0.324,-0.22,-0.708,-0.529,-0.388,-0.686,0.697,0.854,0.73,0.593,0.0,-0.092,-0.745,0.791,-0.858,-0.51,-0.811,0.815,0.652,0.669,0.622,0.698,-0.339,-0.004,-0.243,-0.094,0.123,-0.782,-0.822,0.619,0.197,-0.523,0.731,-0.741,0.091,0.855,-0.083,0.74,0.782,-0.777,0.558,-0.28,0.422,-0.326,0.715,-0.133,-0.707,-0.586,0.898,0.765,0.25,-0.69,-0.796,-0.831,0.37,-0.076,-0.649,0.878,-0.478,0.872,-0.764,-0.224,0.448,0.522,-0.529,-0.78,0.514,0.693,0.887,0.873,-0.782,-0.686,-0.502,-0.787,0.527,-0.425,0.843,0.437,0.851,-0.661,-0.696,-0.175,-0.874,0.362,0.639,-0.617,0.811,-0.706,-0.695,0.783,-0.791,-0.344,0.165,0.648,-0.44,-0.455,-0.808,0.768,0.332,-0.209,0.664,-0.313,0.882,0.405,0.637,-0.472,-0.367,-0.828,-0.3,-0.665,-0.454,0.777,-0.701,-0.498,0.064,0.029,0.615,0.843,0.752,-0.153,0.687,-0.621,-0.013,-0.405,0.639,-0.697,0.846,0.886,0.161,-0.289,0.566,0.562,-0.277,0.812,-0.829,-0.273,0.765,0.774,0.417,-0.602,-0.803,-0.346,-0.911,0.409,0.275,0.803,0.75,0.796,0.549,0.812,0.881,0.875,0.778,-0.509,0.427,0.201,-0.348,-0.638,-0.4,-0.662,-0.632,0.786,0.775,-0.434,-0.102,-0.472,-0.569,0.268,-0.079,0.367,-0.8,-0.64,0.621,-0.669,0.221,-0.092,-0.108,-0.765,-0.423,-0.282,0.633,-0.822,0.871,-0.454,-0.485,-0.658,0.441,0.705,-0.036,-0.297,-0.157,-0.168,0.49,0.858,-0.018,-0.092,-0.209,0.82
APLT,0.458,-0.281,0.272,-0.599,-0.322,-0.428,-0.584,-0.415,-0.545,-0.057,0.09,-0.278,-0.092,0.0,-0.044,0.127,-0.13,-0.146,-0.218,0.016,0.381,0.298,0.26,0.164,-0.231,-0.181,-0.55,0.152,0.47,0.048,-0.278,-0.367,-0.703,0.214,-0.363,-0.434,-0.614,0.101,-0.045,-0.146,-0.344,-0.292,0.294,-0.352,-0.219,-0.528,0.285,-0.832,-0.403,-0.272,0.127,0.173,0.569,-0.318,-0.204,-0.19,-0.539,-0.472,-0.341,0.099,0.305,-0.148,-0.151,0.599,-0.533,0.316,0.182,-0.253,-0.045,0.114,0.09,0.1,-0.249,-0.362,-0.595,-0.013,-0.495,-0.637,0.294,-0.577,0.092,-0.336,-0.432,-0.742,0.186,-0.589,0.098,-0.308,-0.067,-0.411,0.09,0.189,-0.098,0.66,-0.093,0.274,-0.169,0.307,-0.355,0.326,0.124,-0.613,0.209,-0.633,0.113,0.693,-0.005,0.0,-0.306,-0.207,0.14,-0.208,-0.374,0.274,-0.277,-0.526,-0.661,-0.104,0.152,-0.002,0.364,-0.122,-0.076,-0.285,0.242,-0.656,0.511,-0.208,0.188,0.004,0.014,-0.382,-0.317,-0.495,-0.289,0.06,-0.06,-0.651,0.059,0.294,-0.303,-0.346,-0.141,-0.606,-0.042,-0.695,0.33,0.155,0.263,-0.233,0.379,0.085,0.079,-0.218,0.13,-0.412,0.507,-0.454,-0.186,-0.374,-0.511,-0.277,0.22,0.22,-0.165,-0.161,0.291,-0.626,-0.324,0.595,-0.557,-0.357,-0.051,-0.486,0.431,-0.193,-0.758,-0.482,-0.77,-0.234,-0.485,-0.412,0.059,-0.189,0.232,-0.095,-0.51,-0.352,-0.656,0.281,-0.501,-0.244,-0.597,0.102,0.51,0.215,-0.471,0.561,-0.5,-0.406
APVO,-0.654,0.601,0.085,0.305,0.759,0.375,0.376,0.62,-0.408,-0.502,-0.607,-0.361,-0.745,-0.044,0.0,-0.725,0.665,0.479,0.592,-0.6,-0.782,-0.718,-0.667,-0.663,0.092,0.163,0.431,0.226,-0.451,0.568,0.635,-0.253,-0.135,0.525,-0.513,0.704,0.014,-0.685,0.191,-0.773,-0.553,0.764,-0.663,0.459,-0.227,0.362,-0.707,0.235,0.744,0.291,-0.735,-0.741,-0.091,0.677,0.742,0.636,-0.207,0.151,0.676,-0.766,0.2,-0.608,0.667,-0.042,-0.203,-0.314,0.53,0.688,-0.42,-0.528,-0.708,-0.713,0.559,0.473,0.602,0.589,-0.253,0.527,-0.717,-0.142,-0.733,0.737,0.682,0.309,0.683,-0.137,-0.642,0.681,-0.667,0.584,0.506,-0.802,0.777,0.08,-0.152,-0.737,0.508,0.086,0.63,-0.704,-0.478,0.43,-0.627,0.328,-0.621,-0.577,-0.488,0.141,0.408,0.711,-0.004,0.613,0.626,-0.797,0.727,0.623,0.055,-0.274,-0.441,-0.797,-0.642,-0.002,-0.518,0.653,-0.002,0.348,-0.528,0.666,-0.695,-0.704,-0.221,0.503,-0.261,-0.295,0.421,-0.725,0.682,0.462,-0.714,-0.766,-0.293,0.753,0.617,0.412,0.679,-0.215,-0.185,-0.565,-0.66,-0.542,-0.556,-0.741,-0.748,-0.668,-0.673,0.552,-0.673,0.072,0.249,0.673,0.604,0.781,0.622,-0.574,-0.508,0.457,-0.182,0.604,0.696,-0.441,0.316,-0.391,0.641,0.579,-0.719,0.523,-0.019,0.329,0.253,0.577,0.568,0.224,-0.643,0.654,-0.747,0.365,0.67,0.711,-0.211,-0.749,0.249,-0.044,0.359,-0.056,-0.471,-0.693,0.134,-0.137,0.456,-0.507
ARGX,0.774,-0.69,-0.197,-0.424,-0.729,-0.611,-0.53,-0.704,0.431,0.632,0.748,0.489,0.791,0.127,-0.725,0.0,-0.743,-0.568,-0.634,0.718,0.776,0.725,0.693,0.649,-0.131,-0.008,-0.291,0.043,0.322,-0.663,-0.719,0.43,0.007,-0.348,0.64,-0.769,-0.058,0.799,-0.117,0.764,0.634,-0.739,0.743,-0.343,0.286,-0.422,0.755,-0.311,-0.759,-0.454,0.885,0.754,0.37,-0.689,-0.812,-0.737,0.185,-0.242,-0.653,0.828,-0.176,0.759,-0.714,-0.008,0.143,0.365,-0.356,-0.819,0.45,0.625,0.737,0.763,-0.687,-0.579,-0.596,-0.701,0.293,-0.58,0.781,0.177,0.833,-0.727,-0.735,-0.385,-0.657,0.187,0.791,-0.719,0.73,-0.655,-0.647,0.795,-0.749,-0.077,0.311,0.768,-0.468,-0.131,-0.742,0.733,0.499,-0.33,0.598,-0.404,0.742,0.611,0.55,-0.295,-0.447,-0.789,-0.299,-0.701,-0.593,0.826,-0.773,-0.579,-0.065,0.252,0.671,0.831,0.822,-0.057,0.569,-0.656,0.014,-0.457,0.639,-0.691,0.753,0.765,0.206,-0.353,0.44,0.32,-0.414,0.814,-0.775,-0.397,0.638,0.86,0.437,-0.747,-0.602,-0.483,-0.711,0.194,0.37,0.734,0.767,0.584,0.676,0.834,0.828,0.769,0.808,-0.568,0.571,-0.055,-0.272,-0.684,-0.496,-0.756,-0.574,0.711,0.475,-0.397,0.229,-0.617,-0.683,0.543,-0.229,0.328,-0.695,-0.713,0.763,-0.56,0.064,-0.226,-0.259,-0.655,-0.604,-0.281,0.629,-0.733,0.819,-0.378,-0.617,-0.669,0.146,0.727,-0.266,-0.094,-0.36,0.05,0.682,0.814,-0.106,0.084,-0.346,0.656
ARLP,-0.743,0.935,0.453,0.375,0.682,0.484,0.328,0.67,-0.528,-0.8,-0.731,-0.313,-0.858,-0.13,0.665,-0.743,0.0,0.425,0.796,-0.57,-0.71,-0.723,-0.605,-0.708,0.339,-0.147,0.495,0.177,-0.15,0.834,0.874,-0.534,-0.149,0.327,-0.412,0.753,-0.113,-0.765,0.051,-0.646,-0.721,0.852,-0.67,0.336,-0.082,0.427,-0.818,0.3,0.746,0.688,-0.863,-0.84,-0.208,0.722,0.854,0.908,-0.266,0.222,0.801,-0.893,0.282,-0.726,0.827,-0.049,-0.32,-0.459,0.536,0.878,-0.73,-0.574,-0.91,-0.853,0.902,0.755,0.677,0.77,-0.413,0.544,-0.879,-0.223,-0.912,0.699,0.787,0.263,0.787,-0.018,-0.608,0.583,-0.844,0.706,0.627,-0.865,0.821,0.316,-0.168,-0.727,0.557,0.419,0.827,-0.74,-0.146,0.39,-0.809,0.304,-0.88,-0.526,-0.521,0.565,0.307,0.915,0.123,0.832,0.532,-0.839,0.732,0.595,0.04,0.101,-0.57,-0.724,-0.682,-0.021,-0.503,0.704,-0.03,0.561,-0.634,0.773,-0.884,-0.818,-0.298,0.537,-0.37,-0.519,0.364,-0.617,0.874,0.454,-0.849,-0.848,-0.381,0.615,0.862,0.514,0.903,-0.25,-0.462,-0.697,-0.88,-0.602,-0.386,-0.8,-0.886,-0.665,-0.863,0.468,-0.443,-0.007,0.263,0.817,0.528,0.669,0.596,-0.768,-0.649,0.659,0.062,0.54,0.687,-0.216,0.125,-0.229,0.794,0.78,-0.741,0.85,0.141,0.403,0.194,0.893,0.623,0.413,-0.715,0.896,-0.919,0.336,0.601,0.79,-0.257,-0.591,0.347,0.395,0.352,0.2,-0.639,-0.859,0.297,0.056,0.383,-0.613
ATEX,-0.489,0.419,0.06,0.571,0.693,0.62,0.528,0.734,-0.234,-0.471,-0.366,-0.267,-0.51,-0.146,0.479,-0.568,0.425,0.0,0.552,-0.687,-0.545,-0.517,-0.54,-0.555,0.342,0.553,0.292,0.036,-0.395,0.365,0.495,0.082,0.231,0.368,-0.454,0.693,0.403,-0.552,0.139,-0.424,-0.271,0.572,-0.323,0.4,-0.402,0.57,-0.411,0.449,0.679,0.388,-0.491,-0.376,-0.36,0.71,0.582,0.562,-0.144,0.47,0.518,-0.487,0.291,-0.434,0.483,0.067,-0.138,-0.461,0.414,0.489,-0.044,-0.488,-0.419,-0.581,0.399,0.438,0.484,0.62,0.037,0.583,-0.494,-0.041,-0.458,0.603,0.647,0.516,0.487,-0.071,-0.467,0.745,-0.363,0.638,0.519,-0.465,0.548,-0.186,-0.058,-0.531,0.481,0.245,0.543,-0.682,-0.318,0.4,-0.252,0.492,-0.566,-0.528,-0.366,0.16,0.723,0.511,0.396,0.451,0.503,-0.553,0.676,0.674,0.36,-0.076,-0.641,-0.609,-0.571,0.348,-0.591,0.553,0.042,0.565,-0.576,0.538,-0.435,-0.62,-0.125,0.185,-0.169,0.149,0.541,-0.699,0.565,0.461,-0.191,-0.608,-0.09,0.631,0.415,0.479,0.478,0.063,0.105,-0.522,-0.339,-0.386,-0.623,-0.494,-0.308,-0.543,-0.329,0.764,-0.478,0.26,0.475,0.428,0.518,0.7,0.449,-0.507,-0.241,0.304,-0.017,0.668,0.563,-0.549,0.574,-0.242,0.659,0.563,-0.505,0.347,0.042,0.089,0.54,0.446,0.408,0.248,-0.293,0.433,-0.491,0.643,0.483,0.597,0.056,-0.688,0.065,0.175,0.461,-0.085,-0.407,-0.531,-0.079,-0.486,0.38,-0.293
ATRA,-0.641,0.794,0.239,0.315,0.755,0.66,0.573,0.755,-0.487,-0.828,-0.506,-0.437,-0.811,-0.218,0.592,-0.634,0.796,0.552,0.0,-0.775,-0.564,-0.565,-0.632,-0.773,0.63,0.254,0.405,0.151,-0.184,0.683,0.91,-0.357,0.168,0.385,-0.522,0.846,0.118,-0.811,0.14,-0.405,-0.536,0.769,-0.388,0.232,-0.397,0.497,-0.59,0.44,0.704,0.78,-0.775,-0.597,-0.507,0.733,0.686,0.84,-0.029,0.31,0.68,-0.764,0.56,-0.706,0.752,0.022,-0.369,-0.728,0.491,0.706,-0.399,-0.699,-0.838,-0.879,0.813,0.894,0.643,0.744,-0.271,0.584,-0.828,-0.296,-0.681,0.616,0.812,0.376,0.755,-0.114,-0.385,0.635,-0.631,0.862,0.486,-0.646,0.707,0.113,0.038,-0.496,0.424,0.545,0.919,-0.843,-0.247,0.443,-0.609,0.601,-0.86,-0.56,-0.553,0.543,0.464,0.794,0.275,0.596,0.396,-0.655,0.696,0.55,0.244,0.225,-0.592,-0.648,-0.726,0.35,-0.704,0.619,0.0,0.687,-0.848,0.601,-0.807,-0.864,-0.109,0.358,-0.395,-0.259,0.357,-0.673,0.712,0.473,-0.574,-0.693,-0.134,0.556,0.907,0.49,0.92,-0.038,-0.195,-0.78,-0.626,-0.578,-0.531,-0.595,-0.733,-0.668,-0.66,0.638,-0.499,-0.129,0.607,0.611,0.499,0.613,0.348,-0.843,-0.736,0.433,0.142,0.646,0.504,-0.325,0.3,0.004,0.809,0.708,-0.547,0.724,0.092,0.132,0.432,0.79,0.375,0.513,-0.46,0.825,-0.816,0.664,0.511,0.675,-0.11,-0.689,0.066,0.538,0.23,0.346,-0.468,-0.825,0.123,-0.152,0.338,-0.548
AUTL,0.536,-0.525,-0.069,-0.24,-0.702,-0.716,-0.662,-0.742,0.52,0.75,0.549,0.694,0.815,0.016,-0.6,0.718,-0.57,-0.687,-0.775,0.0,0.505,0.521,0.618,0.637,-0.502,-0.358,-0.05,0.074,0.133,-0.577,-0.657,0.385,-0.129,-0.422,0.803,-0.749,-0.221,0.817,-0.086,0.532,0.567,-0.594,0.333,-0.198,0.712,-0.401,0.484,-0.26,-0.645,-0.546,0.754,0.467,0.514,-0.643,-0.614,-0.688,0.162,-0.2,-0.443,0.684,-0.559,0.791,-0.546,-0.368,0.37,0.679,-0.319,-0.599,0.098,0.734,0.653,0.746,-0.513,-0.644,-0.409,-0.686,0.328,-0.463,0.658,0.427,0.593,-0.543,-0.635,-0.373,-0.761,0.454,0.522,-0.654,0.491,-0.771,-0.628,0.517,-0.619,-0.081,0.109,0.463,-0.273,-0.45,-0.741,0.769,0.437,-0.153,0.328,-0.515,0.767,0.412,0.609,-0.353,-0.545,-0.618,-0.538,-0.423,-0.36,0.566,-0.607,-0.447,-0.153,0.016,0.681,0.738,0.814,-0.484,0.816,-0.449,-0.101,-0.495,0.725,-0.499,0.665,0.806,-0.028,-0.023,0.597,0.204,-0.318,0.882,-0.646,-0.228,0.382,0.591,0.167,-0.551,-0.594,-0.309,-0.729,0.202,-0.033,0.806,0.489,0.748,0.729,0.653,0.624,0.844,0.543,-0.692,0.419,0.153,-0.588,-0.363,-0.304,-0.589,-0.417,0.75,0.647,-0.144,-0.068,-0.556,-0.41,0.47,-0.346,0.217,-0.73,-0.554,0.463,-0.424,0.289,0.184,-0.346,-0.581,-0.215,-0.375,0.272,-0.569,0.635,-0.674,-0.349,-0.493,0.257,0.741,0.22,-0.326,-0.094,-0.168,0.418,0.761,0.182,0.151,-0.111,0.716
AVDL,0.814,-0.707,-0.131,-0.715,-0.842,-0.524,-0.572,-0.787,0.088,0.397,0.675,0.096,0.652,0.381,-0.782,0.776,-0.71,-0.545,-0.564,0.505,0.0,0.921,0.693,0.561,-0.144,-0.065,-0.713,-0.08,0.691,-0.493,-0.698,0.067,-0.135,-0.35,0.236,-0.839,-0.291,0.619,-0.203,0.702,0.357,-0.877,0.84,-0.715,-0.067,-0.62,0.875,-0.588,-0.913,-0.328,0.754,0.803,0.19,-0.851,-0.881,-0.678,0.016,-0.319,-0.861,0.767,0.115,0.449,-0.741,0.352,-0.176,0.237,-0.518,-0.808,0.429,0.541,0.645,0.639,-0.685,-0.531,-0.862,-0.651,-0.049,-0.825,0.795,-0.268,0.806,-0.938,-0.841,-0.647,-0.51,-0.186,0.736,-0.863,0.633,-0.699,-0.62,0.883,-0.822,0.101,0.258,0.952,-0.757,0.122,-0.709,0.725,0.368,-0.673,0.664,-0.476,0.609,0.83,0.332,-0.089,-0.595,-0.79,0.027,-0.766,-0.886,0.953,-0.893,-0.833,-0.378,0.223,0.493,0.797,0.711,0.105,0.273,-0.854,0.095,-0.593,0.612,-0.842,0.656,0.575,0.267,-0.695,0.029,0.1,-0.645,0.696,-0.752,-0.759,0.72,0.895,0.251,-0.941,-0.572,-0.774,-0.634,-0.108,0.465,0.501,0.791,0.425,0.664,0.789,0.747,0.507,0.705,-0.689,0.753,-0.461,-0.188,-0.911,-0.829,-0.922,-0.676,0.524,0.224,-0.557,0.284,-0.821,-0.917,0.647,-0.51,0.373,-0.636,-0.848,0.928,-0.632,-0.359,-0.663,-0.506,-0.68,-0.9,-0.339,0.705,-0.739,0.793,-0.218,-0.905,-0.888,-0.116,0.767,-0.618,-0.054,-0.726,0.338,0.748,0.712,-0.364,0.278,-0.728,0.305
BCRX,0.762,-0.723,-0.209,-0.668,-0.76,-0.513,-0.535,-0.772,0.113,0.471,0.67,0.072,0.669,0.298,-0.718,0.725,-0.723,-0.517,-0.565,0.521,0.921,0.0,0.617,0.518,-0.219,0.017,-0.628,-0.12,0.58,-0.492,-0.685,0.134,-0.066,-0.259,0.234,-0.783,-0.222,0.617,-0.158,0.652,0.418,-0.843,0.772,-0.628,-0.094,-0.628,0.883,-0.533,-0.868,-0.387,0.749,0.76,0.161,-0.838,-0.886,-0.68,0.052,-0.28,-0.857,0.776,0.075,0.469,-0.75,0.287,-0.103,0.322,-0.486,-0.817,0.427,0.531,0.634,0.625,-0.678,-0.501,-0.813,-0.646,0.029,-0.767,0.764,-0.203,0.815,-0.892,-0.81,-0.586,-0.517,-0.132,0.737,-0.809,0.604,-0.72,-0.671,0.896,-0.833,-0.015,0.351,0.962,-0.764,0.047,-0.677,0.738,0.208,-0.583,0.654,-0.345,0.667,0.727,0.313,-0.142,-0.591,-0.801,-0.006,-0.792,-0.874,0.945,-0.864,-0.749,-0.345,0.156,0.504,0.789,0.653,0.142,0.3,-0.816,0.003,-0.584,0.57,-0.849,0.649,0.584,0.207,-0.604,0.129,0.175,-0.669,0.678,-0.797,-0.665,0.717,0.834,0.234,-0.864,-0.543,-0.746,-0.646,-0.045,0.443,0.496,0.783,0.521,0.587,0.802,0.727,0.503,0.706,-0.681,0.622,-0.444,-0.24,-0.859,-0.738,-0.864,-0.737,0.535,0.235,-0.56,0.252,-0.76,-0.892,0.561,-0.498,0.357,-0.677,-0.826,0.89,-0.635,-0.313,-0.597,-0.432,-0.711,-0.822,-0.342,0.649,-0.716,0.761,-0.253,-0.778,-0.835,-0.068,0.74,-0.556,-0.151,-0.68,0.275,0.78,0.728,-0.392,0.221,-0.643,0.37
BHAT,0.666,-0.556,0.06,-0.41,-0.694,-0.493,-0.541,-0.671,0.304,0.518,0.519,0.313,0.622,0.26,-0.667,0.693,-0.605,-0.54,-0.632,0.618,0.693,0.617,0.0,0.628,-0.143,-0.278,-0.41,-0.077,0.449,-0.516,-0.695,0.186,-0.158,-0.436,0.456,-0.737,-0.168,0.69,-0.075,0.611,0.389,-0.635,0.594,-0.398,0.291,-0.428,0.634,-0.425,-0.726,-0.469,0.715,0.646,0.392,-0.619,-0.675,-0.624,0.118,-0.281,-0.591,0.681,-0.19,0.549,-0.604,0.115,0.085,0.431,-0.362,-0.637,0.27,0.505,0.653,0.674,-0.587,-0.565,-0.592,-0.543,0.133,-0.633,0.75,0.058,0.641,-0.662,-0.703,-0.43,-0.572,0.095,0.529,-0.638,0.55,-0.633,-0.419,0.671,-0.61,0.157,0.137,0.615,-0.402,-0.108,-0.697,0.738,0.562,-0.457,0.517,-0.544,0.63,0.705,0.53,-0.245,-0.45,-0.643,-0.131,-0.541,-0.515,0.71,-0.69,-0.663,-0.191,0.153,0.574,0.684,0.7,-0.015,0.526,-0.596,0.139,-0.497,0.673,-0.616,0.65,0.654,0.26,-0.358,0.254,0.172,-0.374,0.687,-0.616,-0.496,0.537,0.717,0.306,-0.64,-0.613,-0.395,-0.636,0.01,0.232,0.618,0.592,0.462,0.645,0.635,0.651,0.555,0.585,-0.62,0.658,-0.058,-0.352,-0.608,-0.536,-0.712,-0.414,0.655,0.478,-0.307,0.177,-0.66,-0.599,0.615,-0.34,0.188,-0.571,-0.641,0.65,-0.482,-0.115,-0.255,-0.416,-0.539,-0.531,-0.235,0.527,-0.632,0.725,-0.43,-0.592,-0.605,0.03,0.778,-0.239,-0.078,-0.403,-0.023,0.508,0.694,-0.049,0.318,-0.395,0.395
BLBD,0.635,-0.72,-0.174,-0.211,-0.698,-0.499,-0.402,-0.618,0.472,0.647,0.414,0.422,0.698,0.164,-0.663,0.649,-0.708,-0.555,-0.773,0.637,0.561,0.518,0.628,0.0,-0.328,-0.287,-0.354,-0.342,0.263,-0.641,-0.78,0.268,0.001,-0.409,0.514,-0.746,0.025,0.814,-0.148,0.528,0.574,-0.719,0.472,-0.078,0.326,-0.402,0.55,-0.292,-0.641,-0.63,0.699,0.601,0.385,-0.633,-0.651,-0.757,0.081,-0.324,-0.65,0.734,-0.442,0.628,-0.698,0.068,0.499,0.606,-0.415,-0.66,0.467,0.535,0.768,0.853,-0.672,-0.707,-0.591,-0.584,0.275,-0.476,0.714,0.308,0.647,-0.558,-0.744,-0.253,-0.659,0.089,0.381,-0.579,0.593,-0.669,-0.346,0.687,-0.643,-0.038,-0.091,0.524,-0.389,-0.372,-0.755,0.762,0.362,-0.43,0.614,-0.489,0.728,0.543,0.489,-0.403,-0.38,-0.744,-0.196,-0.581,-0.385,0.644,-0.654,-0.534,-0.061,0.031,0.504,0.648,0.639,-0.172,0.805,-0.56,-0.036,-0.529,0.655,-0.568,0.727,0.87,0.294,-0.409,0.386,0.223,-0.418,0.645,-0.668,-0.441,0.503,0.741,0.233,-0.561,-0.734,-0.411,-0.76,0.102,-0.007,0.679,0.58,0.462,0.454,0.599,0.689,0.629,0.692,-0.568,0.555,0.092,-0.527,-0.544,-0.524,-0.652,-0.37,0.795,0.667,-0.457,0.155,-0.618,-0.5,0.326,-0.301,0.022,-0.74,-0.58,0.559,-0.588,-0.022,-0.19,-0.368,-0.618,-0.351,-0.375,0.508,-0.69,0.724,-0.689,-0.516,-0.609,0.086,0.678,-0.112,-0.21,-0.254,-0.315,0.454,0.719,-0.163,0.174,-0.366,0.465
BMRN,-0.166,0.411,0.263,0.247,0.427,0.647,0.582,0.58,-0.094,-0.534,-0.103,-0.211,-0.339,-0.231,0.092,-0.131,0.339,0.342,0.63,-0.502,-0.144,-0.219,-0.143,-0.328,0.0,0.302,0.181,0.009,0.05,0.221,0.443,0.069,0.464,-0.047,-0.174,0.468,0.402,-0.39,0.218,0.218,-0.076,0.372,0.164,0.074,-0.321,0.516,-0.084,0.456,0.336,0.554,-0.257,0.05,-0.438,0.513,0.246,0.481,0.345,0.309,0.326,-0.223,0.45,-0.246,0.367,0.18,-0.166,-0.571,0.254,0.252,0.132,-0.312,-0.244,-0.383,0.382,0.646,0.397,0.491,0.097,0.333,-0.273,-0.12,-0.164,0.269,0.442,0.397,0.343,0.046,0.017,0.423,-0.039,0.718,0.367,-0.102,0.308,0.146,0.152,-0.116,0.304,0.513,0.532,-0.406,0.241,0.201,-0.02,0.387,-0.451,-0.184,-0.167,0.303,0.507,0.37,0.392,0.187,0.2,-0.158,0.296,0.183,0.549,0.523,-0.199,-0.238,-0.358,0.582,-0.332,0.285,0.354,0.644,-0.568,0.211,-0.267,-0.392,0.131,0.095,-0.104,0.226,0.366,-0.307,0.319,0.318,0.002,-0.186,0.288,0.248,0.434,0.389,0.475,0.279,-0.0,-0.38,-0.108,-0.194,-0.202,-0.085,-0.202,-0.316,-0.134,0.564,-0.023,0.063,0.65,0.156,0.245,0.214,0.093,-0.362,-0.277,0.147,0.387,0.437,0.163,-0.078,0.437,0.255,0.513,0.425,-0.087,0.378,0.162,-0.018,0.517,0.487,0.09,0.602,0.141,0.364,-0.234,0.571,0.167,0.365,0.15,-0.22,-0.151,0.711,0.055,0.219,-0.229,-0.328,0.196,-0.066,0.206,-0.177
BNGO,0.018,-0.122,-0.34,0.181,0.366,0.278,0.402,0.334,0.057,0.027,0.238,-0.159,-0.004,-0.181,0.163,-0.008,-0.147,0.553,0.254,-0.358,-0.065,0.017,-0.278,-0.287,0.302,0.0,0.133,0.027,-0.378,-0.226,0.066,0.436,0.403,0.38,-0.187,0.31,0.505,-0.186,0.17,0.058,0.28,0.097,0.22,0.229,-0.453,0.269,0.186,0.326,0.194,-0.013,0.064,0.111,-0.297,0.284,-0.076,-0.015,0.139,0.218,0.029,0.102,0.268,0.025,-0.08,0.06,-0.03,-0.295,0.156,-0.165,0.441,-0.08,0.055,-0.123,-0.16,0.191,0.125,0.056,0.343,0.263,-0.013,0.075,0.224,0.178,0.192,0.378,0.1,-0.059,0.113,0.345,0.231,0.299,-0.101,0.083,0.04,-0.448,0.423,0.069,0.081,0.071,0.151,-0.267,-0.371,0.241,0.196,0.558,0.011,-0.28,-0.196,-0.22,0.408,-0.099,0.219,-0.23,0.154,0.023,0.172,0.338,0.407,0.007,-0.133,-0.1,-0.164,0.48,-0.356,0.077,0.065,0.271,-0.319,-0.067,0.048,-0.162,0.052,-0.026,0.191,0.462,0.208,-0.298,-0.124,0.282,0.259,-0.014,0.315,0.239,0.119,0.079,0.061,0.352,0.407,-0.13,0.264,0.035,-0.39,0.154,0.139,-0.111,0.278,0.514,-0.36,0.074,0.493,-0.09,0.289,0.255,-0.052,-0.089,-0.11,-0.204,-0.0,0.383,0.037,-0.406,0.522,0.092,0.114,0.017,0.029,-0.165,-0.001,-0.151,0.544,-0.124,-0.087,0.13,0.182,-0.061,0.032,0.588,0.183,0.174,0.196,-0.406,-0.295,-0.047,0.07,-0.021,0.161,0.03,-0.312,-0.522,0.214,0.203
BUSE,-0.479,0.557,0.187,0.72,0.657,0.27,0.372,0.55,0.232,-0.083,-0.237,0.357,-0.243,-0.55,0.431,-0.291,0.495,0.292,0.405,-0.05,-0.713,-0.628,-0.41,-0.354,0.181,0.133,0.0,0.263,-0.685,0.172,0.543,0.302,0.314,0.275,0.324,0.627,0.374,-0.22,0.351,-0.193,0.084,0.718,-0.475,0.701,0.445,0.568,-0.563,0.662,0.654,0.264,-0.312,-0.516,-0.039,0.703,0.579,0.42,0.283,0.42,0.777,-0.368,-0.243,0.06,0.566,-0.638,0.341,-0.029,0.538,0.462,-0.341,-0.184,-0.374,-0.355,0.545,0.477,0.858,0.39,0.443,0.755,-0.526,0.556,-0.429,0.759,0.676,0.604,0.159,0.54,-0.219,0.62,-0.341,0.526,0.254,-0.567,0.569,-0.224,0.13,-0.641,0.765,-0.129,0.501,-0.425,0.034,0.857,-0.516,0.467,-0.281,-0.737,-0.052,-0.047,0.448,0.53,-0.266,0.511,0.742,-0.65,0.662,0.694,0.607,0.185,-0.092,-0.336,-0.274,-0.134,0.095,0.756,-0.18,0.592,-0.441,0.66,-0.398,-0.239,-0.208,0.877,0.466,0.168,0.616,-0.173,0.441,0.916,-0.471,-0.575,0.012,0.688,0.498,0.786,0.418,0.499,-0.466,-0.072,-0.489,0.026,-0.243,-0.316,-0.407,0.031,-0.313,0.499,-0.571,0.598,0.137,0.807,0.903,0.691,0.415,-0.199,0.014,0.519,-0.064,0.698,0.744,-0.393,0.493,-0.018,0.391,0.708,-0.633,0.576,0.728,0.861,0.569,0.502,0.797,0.352,-0.466,0.574,-0.533,0.099,0.839,0.782,0.444,-0.453,0.733,0.209,0.753,-0.237,-0.482,-0.336,0.479,-0.323,0.907,0.211
CAKE,0.109,0.183,0.48,-0.12,0.223,-0.226,-0.267,-0.074,-0.214,-0.043,0.134,0.246,-0.094,0.152,0.226,0.043,0.177,0.036,0.151,0.074,-0.08,-0.12,-0.077,-0.342,0.009,0.027,0.263,0.0,0.002,0.201,0.243,0.121,-0.4,0.136,0.134,0.082,-0.246,0.052,0.433,0.012,-0.243,0.318,0.044,-0.177,0.275,0.175,-0.1,-0.153,-0.019,0.155,0.03,-0.116,0.402,0.183,0.177,0.157,0.052,0.312,0.374,-0.17,0.319,0.101,0.39,-0.136,-0.501,0.032,0.486,0.108,-0.334,0.04,-0.201,-0.251,0.187,0.086,0.224,0.136,-0.063,-0.029,-0.052,-0.21,-0.127,0.095,0.185,-0.246,0.144,-0.053,0.204,0.074,-0.181,0.078,0.035,-0.164,0.25,0.372,0.102,-0.131,0.312,0.345,0.077,-0.064,0.33,0.239,-0.187,-0.257,-0.092,0.059,0.151,0.088,0.182,0.306,-0.311,0.261,0.038,-0.15,0.179,-0.056,-0.032,0.294,0.277,-0.028,0.284,-0.145,-0.152,0.291,0.198,0.06,0.091,0.205,-0.157,-0.261,-0.267,0.457,0.046,-0.059,0.425,0.173,0.273,0.217,-0.091,-0.106,0.108,0.066,0.287,0.127,0.262,-0.008,0.337,0.221,0.018,-0.131,0.388,-0.066,-0.124,0.064,-0.129,0.053,0.066,0.035,0.337,0.178,0.303,0.22,0.269,-0.094,-0.125,0.497,0.148,0.081,0.159,0.38,0.02,-0.067,0.359,0.09,-0.042,0.329,0.09,0.289,-0.14,0.251,0.0,0.161,-0.064,0.227,-0.106,0.372,0.143,0.162,0.036,0.008,0.208,0.116,0.13,0.334,0.15,-0.049,0.135,0.151,0.319,-0.009
CASY,0.442,-0.191,0.307,-0.687,-0.547,-0.242,-0.428,-0.522,-0.355,-0.151,0.113,-0.194,0.123,0.47,-0.451,0.322,-0.15,-0.395,-0.184,0.133,0.691,0.58,0.449,0.263,0.05,-0.378,-0.685,0.002,0.0,0.168,-0.283,-0.42,-0.4,-0.355,-0.112,-0.511,-0.481,0.215,-0.158,0.313,-0.274,-0.456,0.466,-0.733,-0.227,-0.456,0.412,-0.593,-0.62,0.075,0.215,0.377,0.119,-0.557,-0.398,-0.104,-0.22,-0.196,-0.514,0.195,0.399,-0.086,-0.286,0.59,-0.49,-0.003,-0.293,-0.249,-0.009,0.084,0.121,0.157,-0.208,-0.153,-0.607,-0.159,-0.527,-0.672,0.366,-0.659,0.217,-0.703,-0.494,-0.645,0.031,-0.408,0.339,-0.659,0.093,-0.341,-0.112,0.455,-0.336,0.547,-0.009,0.59,-0.604,0.554,-0.299,0.387,0.413,-0.714,0.328,-0.553,0.046,0.745,0.1,0.409,-0.468,-0.23,0.168,-0.247,-0.76,0.551,-0.6,-0.711,-0.518,0.342,0.164,0.411,0.289,0.172,-0.041,-0.572,0.225,-0.331,0.342,-0.465,0.089,0.094,0.12,-0.501,-0.448,-0.316,-0.537,0.347,-0.175,-0.72,0.27,0.489,0.029,-0.712,-0.141,-0.575,-0.127,-0.483,0.244,0.085,0.287,-0.114,0.532,0.214,0.272,0.017,0.132,-0.543,0.736,-0.574,-0.021,-0.553,-0.752,-0.677,-0.381,0.05,-0.144,-0.164,0.475,-0.671,-0.636,0.701,-0.56,0.12,-0.14,-0.453,0.548,-0.11,-0.491,-0.545,-0.62,-0.084,-0.65,-0.002,0.417,-0.291,0.335,-0.067,-0.742,-0.569,-0.447,0.586,-0.511,0.322,-0.67,0.618,0.402,0.178,-0.308,0.558,-0.753,-0.25
CCOI,-0.644,0.795,0.456,0.091,0.524,0.372,0.222,0.434,-0.637,-0.797,-0.727,-0.374,-0.782,0.048,0.568,-0.663,0.834,0.365,0.683,-0.577,-0.493,-0.492,-0.516,-0.641,0.221,-0.226,0.172,0.201,0.168,0.0,0.715,-0.652,-0.315,0.16,-0.503,0.573,-0.294,-0.684,-0.002,-0.638,-0.881,0.663,-0.587,0.003,-0.225,0.297,-0.719,0.092,0.561,0.666,-0.791,-0.707,-0.186,0.469,0.754,0.881,-0.352,0.133,0.58,-0.871,0.434,-0.759,0.72,0.128,-0.523,-0.488,0.392,0.83,-0.688,-0.688,-0.869,-0.802,0.749,0.584,0.449,0.712,-0.678,0.324,-0.735,-0.483,-0.853,0.414,0.646,0.061,0.78,-0.182,-0.524,0.375,-0.787,0.547,0.6,-0.684,0.716,0.434,-0.287,-0.524,0.268,0.53,0.697,-0.648,-0.128,0.16,-0.65,0.095,-0.873,-0.294,-0.397,0.762,0.208,0.831,0.169,0.786,0.191,-0.641,0.521,0.39,-0.191,0.063,-0.597,-0.563,-0.638,0.071,-0.605,0.49,0.033,0.454,-0.485,0.64,-0.841,-0.803,-0.295,0.294,-0.66,-0.562,0.203,-0.555,0.838,0.177,-0.7,-0.689,-0.356,0.397,0.736,0.321,0.787,-0.485,-0.22,-0.682,-0.763,-0.706,-0.298,-0.817,-0.734,-0.691,-0.852,0.309,-0.254,-0.161,0.323,0.581,0.235,0.479,0.371,-0.799,-0.665,0.628,0.114,0.347,0.478,-0.037,0.027,-0.237,0.782,0.614,-0.617,0.747,-0.083,0.175,-0.039,0.83,0.383,0.359,-0.566,0.731,-0.752,0.355,0.333,0.533,-0.426,-0.412,0.147,0.419,0.198,0.447,-0.525,-0.832,0.144,0.16,0.078,-0.735
