,AAPL,ACRS,ADP,AFYA,AGNC,AGYS,ALT,AMGN,AMPH,AMZN,ANIP,AOSL,APDN,APLT,APVO,ARGX,ARLP,ATEX,ATRA,AUTL,AVDL,BCRX,BHAT,BLBD,BMRN,BNGO,BUSE,CAKE,CASY,CCOI,CEVA,CHY,CLDX,CLMT,COHU,COLM,COST,CPRT,CSWC,CSX,DBX,DCOM,DKNG,DMLP,DOX,EA,EDIT,ENPH,ENSG,ERNA,ESGR,ETNB,EXTR,FANG,FARO,FATE,FGEN,FIVE,FIVN,FLGT,FOLD,FORM,FOXA,FRPT,FSLR,FTAI,GBDC,GDYN,GGAL,GNLN,GRFS,GT,HCAT,HCM,HFWA,HOLX,HQY,HUBG,IAC,ICLR,IDCC,IEP,IHRT,ILMN,ILPT,IMAB,IMOS,INMD,INTZ,JAZZ,JKHY,JRVR,KIDS,LBRDK,LGND,LMAT,LPLA,LULU,MASI,MAT,MATW,MBIN,MBIO,MCRB,MDB,MDLZ,MELI,MIRM,MLKN,MNMD,MNRO,MPWR,MRCY,MRSN,MTVA,NAAS,NDAQ,NDSN,NEGG,NOVT,NVDA,NWE,NWSA,NXST,OCX,ODFL,OMAB,OPCH,OPRA,ORGO,OTRK,OZK,PAGP,PCH,PEGA,PENG,PENN,PFBC,PGNY,PHAT,PHUN,PINC,PLUG,PLXS,PYPL,QLYS,QNCX,QQQX,QVCGA,RAPT,RBBN,RCKT,REPL,RMBS,ROAD,ROKU,ROP,RUSHA,SANM,SATS,SBCF,SBLK,SBUX,SCHL,SCSC,SDGR,SEIC,SFIX,SGRY,SKYW,SLP,SNES,STAA,STLD,STOK,SWKS,TER,TFIN,TIGO,TILE,TPIC,TTEC,TTEK,TTGT,UXIN,VERU,VLYPP,VNOM,VRNS,VRSN,WDAY,WERN,WINA,WKHS,WRLD,XP,XTKG,YY,ZION,ZM
AAPL,0.0,-0.841,-0.68,-0.54,0.65,0.482,-0.131,-0.922,0.863,0.57,0.899,0.182,0.388,0.218,-0.703,-0.825,0.626,-0.022,0.738,0.518,0.89,0.287,0.9,0.239,-0.075,-0.379,0.406,0.395,-0.608,0.493,0.917,0.926,-0.632,0.527,0.738,0.19,0.83,0.926,0.74,0.053,0.871,-0.457,0.928,-0.403,0.832,-0.746,0.887,-0.374,-0.658,-0.515,-0.11,0.813,0.093,-0.453,-0.44,0.791,0.939,0.926,0.896,0.475,-0.17,0.879,0.896,0.557,-0.48,0.801,0.547,0.724,-0.297,0.169,0.834,-0.166,0.933,0.297,0.355,0.911,0.62,0.917,0.156,0.781,0.892,0.877,0.44,0.153,0.717,-0.833,0.88,0.677,0.244,-0.548,-0.503,0.822,0.527,0.795,-0.022,0.845,0.805,0.085,0.493,0.092,0.553,0.91,0.245,0.541,0.778,0.237,0.642,0.733,0.534,0.682,0.864,0.883,0.849,0.732,0.357,0.039,-0.607,0.646,-0.054,0.897,0.968,0.21,0.568,0.796,-0.756,0.885,0.395,0.091,0.662,0.71,0.06,0.952,0.884,0.779,0.679,0.881,0.142,0.616,-0.086,0.519,0.586,-0.672,-0.002,-0.671,0.645,0.954,0.692,0.899,0.763,0.222,0.889,-0.296,-0.067,0.688,0.634,0.813,-0.587,0.892,0.5,0.061,0.702,0.615,0.143,0.872,0.062,0.506,0.746,0.388,0.696,-0.386,0.619,-0.357,0.379,0.874,0.081,0.907,0.926,0.963,0.761,0.854,-0.358,0.539,-0.001,-0.086,0.042,-0.674,0.393,-0.703,0.843,-0.014,0.943,0.855,0.873,0.324,0.807,-0.09,-0.559,-0.604,0.852,0.879
ACRS,-0.841,0.0,0.421,0.714,-0.441,-0.107,-0.107,0.791,-0.687,-0.231,-0.721,0.058,-0.622,0.078,0.709,0.692,-0.388,0.138,-0.411,-0.551,-0.68,-0.053,-0.871,-0.359,0.501,0.538,-0.598,-0.225,0.8,-0.165,-0.714,-0.775,0.522,-0.728,-0.547,0.158,-0.517,-0.667,-0.449,-0.301,-0.679,0.15,-0.798,0.297,-0.74,0.849,-0.68,0.236,0.626,0.49,0.123,-0.931,-0.319,0.516,0.252,-0.731,-0.765,-0.705,-0.66,-0.197,0.21,-0.749,-0.721,-0.375,0.753,-0.762,-0.265,-0.598,0.456,0.064,-0.859,0.158,-0.731,-0.01,-0.421,-0.699,-0.545,-0.921,0.195,-0.774,-0.706,-0.65,-0.217,0.169,-0.592,0.854,-0.703,-0.506,0.202,0.635,0.66,-0.81,-0.366,-0.562,-0.022,-0.841,-0.663,-0.081,-0.194,0.163,-0.623,-0.841,-0.161,-0.159,-0.499,-0.084,-0.238,-0.404,-0.235,-0.783,-0.695,-0.818,-0.706,-0.472,-0.141,0.044,0.471,-0.476,0.343,-0.652,-0.798,-0.034,-0.289,-0.483,0.547,-0.767,-0.274,0.055,-0.628,-0.718,-0.016,-0.761,-0.642,-0.437,-0.548,-0.728,0.25,-0.679,0.296,-0.168,-0.357,0.593,0.142,0.351,-0.347,-0.825,-0.45,-0.782,-0.388,0.003,-0.716,0.627,0.022,-0.685,-0.312,-0.62,0.53,-0.758,-0.647,0.259,-0.544,-0.371,0.265,-0.752,0.092,-0.464,-0.582,-0.102,-0.612,0.637,-0.467,0.432,-0.284,-0.63,0.116,-0.776,-0.748,-0.868,-0.591,-0.644,0.397,-0.4,0.369,0.277,0.189,0.704,-0.379,0.749,-0.747,0.387,-0.783,-0.65,-0.79,-0.06,-0.517,0.414,0.72,0.649,-0.568,-0.666
ADP,-0.68,0.421,0.0,0.267,-0.444,-0.512,0.472,0.784,-0.641,-0.488,-0.614,-0.189,0.04,-0.295,0.428,0.821,-0.596,0.193,-0.743,-0.157,-0.675,-0.227,-0.56,0.001,-0.349,0.333,0.173,-0.15,0.178,-0.523,-0.674,-0.528,0.532,-0.124,-0.404,-0.241,-0.67,-0.729,-0.656,0.482,-0.498,0.805,-0.576,0.428,-0.51,0.368,-0.698,0.54,0.582,0.341,0.161,-0.411,0.445,0.31,0.474,-0.501,-0.725,-0.669,-0.662,-0.308,0.11,-0.6,-0.691,-0.409,0.261,-0.482,-0.47,-0.329,0.293,-0.158,-0.448,0.469,-0.694,-0.401,0.098,-0.656,-0.56,-0.52,-0.211,-0.316,-0.688,-0.785,-0.287,-0.106,-0.543,0.642,-0.583,-0.466,-0.621,0.327,0.314,-0.588,-0.283,-0.499,0.137,-0.4,-0.589,0.235,-0.42,-0.156,-0.191,-0.585,-0.16,-0.568,-0.576,-0.047,-0.749,-0.871,-0.328,-0.273,-0.735,-0.517,-0.599,-0.582,-0.378,0.062,0.776,-0.264,-0.054,-0.685,-0.686,-0.026,-0.574,-0.776,0.743,-0.564,-0.121,-0.126,-0.429,-0.283,-0.365,-0.656,-0.709,-0.747,-0.423,-0.529,-0.286,-0.169,-0.023,-0.721,-0.395,0.605,0.247,0.896,-0.462,-0.648,-0.736,-0.483,-0.776,-0.064,-0.637,-0.009,0.304,-0.387,-0.643,-0.554,0.733,-0.66,0.039,-0.259,-0.4,-0.73,-0.326,-0.527,-0.14,-0.192,-0.354,-0.26,-0.289,0.2,-0.337,0.185,-0.062,-0.79,-0.187,-0.604,-0.559,-0.587,-0.702,-0.582,0.57,-0.197,-0.066,-0.009,0.071,0.497,-0.138,0.528,-0.549,-0.093,-0.648,-0.648,-0.597,-0.205,-0.791,-0.171,0.183,0.539,-0.618,-0.616
AFYA,-0.54,0.714,0.267,0.0,-0.047,0.065,-0.165,0.512,-0.308,0.011,-0.496,0.431,-0.787,0.557,0.84,0.361,-0.217,0.544,-0.051,-0.591,-0.366,0.497,-0.679,-0.457,0.655,0.686,-0.657,0.142,0.727,0.229,-0.281,-0.439,0.473,-0.755,-0.103,0.164,-0.226,-0.366,-0.166,-0.371,-0.409,0.121,-0.577,0.33,-0.613,0.787,-0.419,-0.145,0.469,0.41,0.113,-0.7,-0.487,0.383,-0.195,-0.626,-0.52,-0.469,-0.335,0.133,0.625,-0.484,-0.511,-0.176,0.483,-0.758,-0.186,-0.342,0.597,0.274,-0.729,0.26,-0.381,0.427,-0.589,-0.362,-0.761,-0.719,0.577,-0.327,-0.29,-0.487,0.057,0.521,-0.407,0.776,-0.258,-0.235,0.418,0.668,0.689,-0.687,0.17,-0.08,0.169,-0.436,-0.68,-0.178,0.275,0.425,-0.495,-0.632,0.102,-0.005,-0.316,-0.202,0.082,-0.207,-0.071,-0.718,-0.558,-0.629,-0.473,0.088,0.231,0.264,0.151,-0.407,0.472,-0.305,-0.515,-0.111,0.083,-0.173,0.396,-0.524,0.159,-0.1,-0.581,-0.573,0.121,-0.386,-0.226,-0.034,-0.062,-0.402,0.564,-0.727,0.524,0.086,-0.094,0.473,0.295,0.265,-0.062,-0.546,-0.323,-0.601,-0.014,0.396,-0.28,0.622,0.22,-0.335,-0.134,-0.268,0.455,-0.529,-0.511,0.64,-0.471,-0.403,0.224,-0.557,0.35,-0.257,-0.258,0.173,-0.23,0.559,-0.151,0.492,-0.123,-0.437,0.29,-0.58,-0.38,-0.623,-0.468,-0.379,0.337,0.173,0.644,0.548,0.334,0.752,-0.42,0.628,-0.557,0.639,-0.471,-0.294,-0.527,0.285,-0.263,0.8,0.514,0.662,-0.187,-0.446
AGNC,0.65,-0.441,-0.444,-0.047,0.0,0.415,0.046,-0.665,0.46,0.869,0.633,0.644,0.044,0.348,-0.369,-0.578,0.602,0.376,0.711,0.34,0.562,0.36,0.602,-0.106,0.182,0.225,0.361,0.617,-0.166,0.839,0.781,0.786,-0.459,0.033,0.835,0.499,0.827,0.757,0.838,0.22,0.813,-0.493,0.748,-0.596,0.581,-0.503,0.801,-0.095,-0.102,-0.172,-0.385,0.373,0.088,-0.585,-0.288,0.72,0.728,0.61,0.824,0.804,0.313,0.55,0.54,0.742,-0.088,0.349,0.657,0.847,-0.164,0.731,0.549,0.296,0.798,0.558,0.283,0.707,0.091,0.583,0.718,0.777,0.624,0.484,0.786,0.502,0.828,-0.311,0.811,0.82,0.435,0.13,-0.018,0.556,0.807,0.737,-0.121,0.757,0.323,0.319,0.725,0.55,0.387,0.718,0.134,0.518,0.857,0.339,0.765,0.574,0.776,0.191,0.665,0.538,0.787,0.703,0.516,0.6,-0.316,0.691,0.361,0.868,0.663,0.385,0.704,0.837,-0.668,0.811,0.332,0.248,0.138,0.645,0.234,0.766,0.676,0.808,0.9,0.836,0.494,0.46,0.539,0.627,0.698,-0.068,0.543,-0.467,0.851,0.713,0.503,0.68,0.745,0.598,0.814,0.066,0.364,0.409,0.779,0.895,-0.406,0.747,0.442,0.414,0.635,0.315,0.188,0.566,0.498,0.762,0.703,0.861,0.825,0.018,0.753,0.055,0.694,0.723,0.343,0.493,0.788,0.665,0.298,0.821,0.033,0.747,0.442,0.404,0.505,-0.119,0.192,-0.622,0.533,0.533,0.744,0.865,0.728,0.8,0.713,0.329,-0.313,-0.15,0.757,0.82
AGYS,0.482,-0.107,-0.512,0.065,0.415,0.0,-0.23,-0.429,0.495,0.593,0.541,0.407,-0.111,0.491,-0.175,-0.416,0.484,0.157,0.763,0.077,0.548,0.472,0.336,-0.291,0.575,0.111,-0.155,0.311,0.057,0.543,0.516,0.421,-0.287,-0.058,0.486,0.494,0.686,0.578,0.62,-0.342,0.443,-0.531,0.437,-0.345,0.26,-0.03,0.579,-0.276,-0.24,-0.079,-0.057,0.06,-0.269,-0.152,-0.363,0.296,0.541,0.522,0.596,0.468,0.005,0.373,0.48,0.295,0.227,0.159,0.563,0.28,0.035,0.364,0.17,-0.102,0.53,0.503,0.032,0.607,0.275,0.245,0.432,0.231,0.485,0.659,0.42,0.48,0.387,-0.246,0.424,0.391,0.714,-0.071,0.119,0.307,0.345,0.53,-0.019,0.214,0.42,-0.124,0.513,0.485,0.13,0.34,0.227,0.754,0.534,0.294,0.735,0.676,0.499,0.032,0.473,0.269,0.371,0.586,0.547,0.21,-0.37,0.438,0.486,0.567,0.489,0.356,0.656,0.672,-0.504,0.382,0.229,0.039,0.133,0.195,-0.035,0.525,0.533,0.666,0.289,0.437,0.637,0.156,0.235,0.757,0.6,-0.357,0.162,-0.647,0.56,0.443,0.621,0.332,0.755,0.271,0.518,0.402,0.021,0.078,0.702,0.503,-0.235,0.432,-0.069,0.478,0.461,0.35,0.486,0.318,0.267,0.216,0.386,0.46,0.216,0.096,0.476,0.171,0.195,0.606,0.41,0.394,0.491,0.423,0.42,0.537,-0.17,0.386,0.474,0.34,0.375,-0.09,0.003,-0.157,0.353,0.467,0.453,0.533,0.352,0.387,0.68,0.432,0.107,-0.167,0.645,0.548
ALT,-0.131,-0.107,0.472,-0.165,0.046,-0.23,0.0,0.283,-0.368,-0.007,-0.085,0.211,0.499,-0.348,-0.065,0.309,-0.324,0.4,-0.172,-0.108,-0.32,-0.148,0.118,-0.271,-0.409,0.373,0.524,0.17,-0.244,-0.095,-0.131,0.01,0.513,0.348,0.137,-0.148,-0.114,-0.267,-0.142,0.783,0.045,0.497,0.057,-0.259,-0.198,-0.217,0.044,0.702,0.374,0.433,-0.375,0.056,0.594,-0.468,0.621,0.26,-0.106,-0.328,-0.04,0.222,0.218,-0.341,-0.364,0.274,-0.021,-0.176,0.05,0.121,-0.177,0.256,0.24,0.616,-0.114,-0.038,0.621,-0.058,-0.16,0.127,-0.101,0.327,-0.396,-0.2,0.277,0.007,0.214,0.184,-0.09,0.292,-0.444,0.319,0.26,0.157,0.19,-0.073,0.296,0.146,-0.177,0.601,-0.218,0.273,0.456,0.006,0.072,-0.182,-0.045,0.232,-0.281,-0.341,0.126,0.04,-0.111,-0.172,-0.042,-0.24,0.058,0.448,0.472,0.225,0.321,-0.088,-0.205,0.403,0.007,-0.197,0.231,0.106,-0.214,-0.131,-0.445,0.453,-0.18,-0.147,-0.281,-0.387,0.121,0.142,-0.215,0.463,0.201,-0.17,0.225,0.464,0.41,0.495,0.143,-0.082,-0.188,0.003,-0.348,-0.117,-0.046,-0.031,0.627,-0.252,0.021,0.135,0.382,0.013,0.433,-0.093,0.224,-0.562,-0.619,-0.127,0.325,0.576,0.113,0.088,0.216,-0.322,0.393,0.463,0.593,-0.141,0.168,-0.291,-0.059,-0.016,-0.547,0.043,0.542,0.153,-0.051,0.304,0.352,0.395,-0.373,-0.15,-0.131,-0.016,-0.176,0.056,-0.106,0.226,-0.197,-0.28,-0.077,0.101,-0.12,0.01
AMGN,-0.922,0.791,0.784,0.512,-0.665,-0.429,0.283,0.0,-0.805,-0.569,-0.845,-0.128,-0.289,-0.184,0.682,0.881,-0.676,0.167,-0.717,-0.534,-0.833,-0.212,-0.841,-0.254,0.033,0.466,-0.306,-0.304,0.495,-0.525,-0.883,-0.85,0.751,-0.404,-0.667,-0.258,-0.797,-0.917,-0.778,0.085,-0.801,0.599,-0.878,0.453,-0.86,0.755,-0.853,0.441,0.665,0.545,0.143,-0.779,0.033,0.467,0.485,-0.758,-0.935,-0.895,-0.862,-0.37,0.153,-0.871,-0.887,-0.5,0.475,-0.758,-0.504,-0.689,0.369,-0.163,-0.761,0.275,-0.898,-0.275,-0.17,-0.817,-0.582,-0.835,-0.19,-0.689,-0.907,-0.81,-0.334,-0.069,-0.719,0.847,-0.85,-0.602,-0.291,0.535,0.553,-0.801,-0.464,-0.687,0.135,-0.795,-0.749,0.06,-0.492,-0.045,-0.461,-0.905,-0.138,-0.487,-0.761,-0.134,-0.664,-0.772,-0.449,-0.611,-0.875,-0.862,-0.88,-0.686,-0.293,-0.017,0.714,-0.537,0.148,-0.885,-0.936,-0.061,-0.524,-0.818,0.818,-0.868,-0.357,-0.143,-0.655,-0.577,-0.229,-0.896,-0.81,-0.804,-0.681,-0.81,-0.144,-0.507,0.081,-0.544,-0.483,0.687,0.061,0.745,-0.561,-0.927,-0.677,-0.832,-0.757,-0.243,-0.87,0.322,0.13,-0.681,-0.617,-0.773,0.74,-0.874,-0.424,-0.037,-0.547,-0.693,-0.219,-0.823,-0.036,-0.438,-0.639,-0.377,-0.645,0.299,-0.505,0.431,-0.236,-0.863,-0.009,-0.878,-0.868,-0.901,-0.783,-0.806,0.501,-0.48,0.06,0.148,0.045,0.711,-0.437,0.768,-0.83,0.049,-0.941,-0.829,-0.901,-0.267,-0.789,0.068,0.601,0.589,-0.769,-0.841
AMPH,0.863,-0.687,-0.641,-0.308,0.46,0.495,-0.368,-0.805,0.0,0.41,0.807,0.174,0.082,0.381,-0.505,-0.802,0.568,-0.018,0.672,0.381,0.912,0.462,0.677,0.37,0.122,-0.383,0.118,0.245,-0.499,0.379,0.812,0.783,-0.59,0.349,0.641,0.109,0.722,0.839,0.623,-0.21,0.686,-0.371,0.692,-0.101,0.702,-0.506,0.697,-0.621,-0.641,-0.664,0.061,0.639,-0.2,-0.191,-0.62,0.48,0.784,0.894,0.712,0.359,-0.065,0.861,0.862,0.31,-0.418,0.685,0.357,0.48,-0.088,0.025,0.547,-0.319,0.775,0.283,0.07,0.752,0.464,0.702,0.137,0.578,0.868,0.801,0.295,0.225,0.448,-0.689,0.801,0.417,0.36,-0.604,-0.415,0.57,0.426,0.752,0.064,0.673,0.653,-0.127,0.411,-0.015,0.434,0.718,0.209,0.588,0.559,0.189,0.548,0.728,0.364,0.517,0.716,0.811,0.668,0.756,0.297,-0.16,-0.713,0.473,-0.086,0.75,0.855,0.114,0.466,0.688,-0.6,0.649,0.551,0.102,0.722,0.412,-0.039,0.848,0.876,0.758,0.51,0.683,0.165,0.328,-0.122,0.4,0.364,-0.776,-0.096,-0.599,0.516,0.79,0.576,0.737,0.754,0.255,0.728,-0.159,-0.248,0.743,0.458,0.589,-0.47,0.752,0.36,0.178,0.41,0.481,0.299,0.732,0.024,0.201,0.619,0.255,0.549,-0.271,0.4,-0.395,0.097,0.727,-0.003,0.816,0.816,0.782,0.824,0.707,-0.347,0.529,0.04,-0.176,-0.052,-0.642,0.299,-0.441,0.664,-0.013,0.793,0.656,0.706,0.205,0.712,0.041,-0.491,-0.513,0.733,0.629
AMZN,0.57,-0.231,-0.488,0.011,0.869,0.593,-0.007,-0.569,0.41,0.0,0.593,0.71,-0.068,0.328,-0.345,-0.509,0.66,0.3,0.737,0.236,0.512,0.317,0.472,-0.143,0.367,0.339,0.221,0.628,-0.044,0.869,0.68,0.671,-0.413,-0.092,0.743,0.694,0.873,0.732,0.837,0.085,0.756,-0.603,0.65,-0.647,0.488,-0.362,0.791,-0.022,0.039,-0.179,-0.427,0.153,-0.01,-0.525,-0.218,0.663,0.695,0.614,0.782,0.822,0.27,0.449,0.487,0.771,0.163,0.296,0.701,0.761,-0.053,0.795,0.402,0.234,0.723,0.558,0.275,0.624,0.144,0.433,0.771,0.578,0.505,0.516,0.8,0.605,0.797,-0.225,0.664,0.778,0.623,0.194,0.181,0.453,0.688,0.691,-0.198,0.558,0.289,0.35,0.688,0.641,0.335,0.619,0.082,0.73,0.892,0.518,0.849,0.684,0.847,0.047,0.678,0.43,0.712,0.649,0.565,0.586,-0.244,0.697,0.565,0.821,0.566,0.547,0.682,0.877,-0.703,0.722,0.156,0.351,0.095,0.546,0.193,0.688,0.612,0.816,0.769,0.745,0.554,0.4,0.642,0.695,0.74,-0.015,0.565,-0.589,0.908,0.622,0.575,0.603,0.785,0.511,0.703,0.296,0.258,0.236,0.883,0.844,-0.368,0.709,0.299,0.566,0.631,0.358,0.436,0.511,0.609,0.696,0.649,0.886,0.728,0.23,0.746,0.181,0.672,0.755,0.5,0.392,0.686,0.573,0.293,0.808,0.081,0.601,0.556,0.447,0.581,-0.05,0.093,-0.519,0.429,0.669,0.655,0.788,0.623,0.815,0.765,0.408,-0.121,-0.152,0.748,0.787
ANIP,0.899,-0.721,-0.614,-0.496,0.633,0.541,-0.085,-0.845,0.807,0.593,0.0,0.197,0.303,0.158,-0.679,-0.718,0.666,-0.004,0.75,0.548,0.89,0.287,0.858,0.193,0.03,-0.324,0.405,0.303,-0.477,0.478,0.829,0.864,-0.654,0.451,0.761,0.322,0.841,0.878,0.805,0.071,0.81,-0.462,0.876,-0.418,0.814,-0.719,0.887,-0.29,-0.507,-0.487,-0.12,0.696,-0.0,-0.45,-0.371,0.745,0.929,0.892,0.867,0.453,-0.141,0.803,0.864,0.492,-0.315,0.726,0.598,0.653,-0.206,0.243,0.759,-0.088,0.86,0.284,0.4,0.841,0.644,0.839,0.173,0.707,0.796,0.87,0.437,0.177,0.706,-0.739,0.821,0.605,0.292,-0.478,-0.409,0.806,0.493,0.708,0.027,0.781,0.781,0.11,0.393,0.167,0.603,0.884,0.175,0.635,0.726,0.421,0.627,0.755,0.601,0.596,0.864,0.822,0.853,0.678,0.372,0.094,-0.61,0.729,0.07,0.855,0.899,0.39,0.578,0.785,-0.7,0.855,0.398,0.21,0.596,0.649,-0.035,0.9,0.802,0.755,0.586,0.836,0.225,0.647,-0.032,0.515,0.625,-0.623,0.103,-0.621,0.671,0.89,0.629,0.861,0.747,0.289,0.822,-0.076,0.056,0.544,0.693,0.775,-0.512,0.879,0.571,0.118,0.646,0.512,0.28,0.831,0.093,0.529,0.735,0.442,0.66,-0.25,0.643,-0.275,0.365,0.85,0.218,0.84,0.881,0.911,0.748,0.885,-0.239,0.565,0.083,-0.071,0.16,-0.591,0.308,-0.608,0.779,0.063,0.878,0.809,0.859,0.329,0.753,-0.097,-0.54,-0.525,0.829,0.842
AOSL,0.182,0.058,-0.189,0.431,0.644,0.407,0.211,-0.128,0.174,0.71,0.197,0.0,-0.271,0.498,0.059,-0.242,0.37,0.625,0.518,-0.168,0.176,0.472,0.101,-0.353,0.501,0.718,-0.003,0.567,0.149,0.735,0.39,0.338,0.112,-0.369,0.575,0.444,0.551,0.328,0.521,0.103,0.376,-0.26,0.231,-0.437,-0.037,-0.004,0.456,0.021,0.335,0.117,-0.548,-0.192,-0.116,-0.477,-0.132,0.287,0.267,0.178,0.419,0.848,0.699,0.065,0.052,0.619,0.261,-0.169,0.346,0.425,0.065,0.843,0.029,0.387,0.36,0.63,0.127,0.31,-0.329,0.086,0.796,0.421,0.137,0.173,0.833,0.721,0.527,0.226,0.405,0.625,0.607,0.535,0.561,0.11,0.718,0.489,0.07,0.316,-0.156,0.357,0.537,0.771,0.232,0.202,0.114,0.524,0.484,0.418,0.585,0.375,0.644,-0.336,0.248,0.004,0.337,0.558,0.629,0.714,-0.062,0.442,0.741,0.471,0.143,0.49,0.613,0.583,-0.294,0.357,0.112,0.177,-0.328,0.308,0.157,0.341,0.37,0.516,0.615,0.442,0.589,0.11,0.879,0.535,0.524,0.308,0.699,-0.178,0.735,0.214,0.235,0.165,0.542,0.483,0.404,0.483,0.445,0.081,0.64,0.569,-0.018,0.365,0.105,0.758,0.313,-0.162,0.09,0.082,0.871,0.564,0.456,0.791,0.567,0.147,0.645,0.574,0.656,0.373,0.509,-0.112,0.35,0.155,-0.144,0.489,0.365,0.645,0.728,0.721,0.705,0.422,-0.421,-0.235,-0.106,0.765,0.192,0.509,0.195,0.88,0.45,0.636,0.16,0.045,0.444,0.349
APDN,0.388,-0.622,0.04,-0.787,0.044,-0.111,0.499,-0.289,0.082,-0.068,0.303,-0.271,0.0,-0.47,-0.6,-0.133,0.019,-0.205,-0.029,0.432,0.113,-0.388,0.612,0.152,-0.694,-0.375,0.753,-0.006,-0.634,-0.211,0.173,0.335,-0.12,0.757,0.112,-0.178,0.099,0.157,0.044,0.604,0.307,0.159,0.492,-0.363,0.366,-0.68,0.299,0.37,-0.297,-0.083,-0.191,0.63,0.722,-0.441,0.346,0.565,0.338,0.217,0.239,-0.03,-0.421,0.229,0.221,0.211,-0.361,0.49,0.144,0.309,-0.546,-0.164,0.65,0.055,0.245,-0.345,0.689,0.303,0.501,0.602,-0.491,0.412,0.121,0.278,0.025,-0.427,0.37,-0.532,0.138,0.264,-0.562,-0.419,-0.474,0.574,-0.024,0.045,0.007,0.412,0.486,0.268,-0.225,-0.204,0.465,0.464,0.04,-0.17,0.194,0.154,-0.181,-0.059,0.058,0.669,0.303,0.383,0.329,-0.103,-0.138,-0.0,0.126,0.361,-0.295,0.184,0.326,0.153,-0.066,0.028,-0.196,0.451,-0.171,-0.151,0.23,0.584,-0.162,0.243,0.039,-0.149,0.108,0.347,-0.453,0.739,-0.383,-0.128,0.162,-0.223,-0.044,0.033,0.046,0.393,0.143,0.413,-0.13,-0.288,0.272,-0.594,0.152,0.146,0.056,0.276,-0.192,0.333,0.527,-0.556,0.473,0.09,-0.498,0.392,-0.164,0.377,0.247,-0.114,0.258,-0.615,0.283,-0.133,0.289,0.235,-0.216,0.337,0.276,0.48,0.084,0.274,-0.074,-0.038,-0.478,-0.249,-0.114,-0.388,0.18,-0.515,0.397,-0.519,0.286,0.248,0.327,-0.137,0.079,-0.658,-0.412,-0.499,0.135,0.329
APLT,0.218,0.078,-0.295,0.557,0.348,0.491,-0.348,-0.184,0.381,0.328,0.158,0.498,-0.47,0.0,0.326,-0.299,0.24,0.471,0.587,-0.191,0.3,0.832,-0.02,-0.384,0.669,0.354,-0.459,0.414,0.201,0.51,0.438,0.226,0.06,-0.416,0.371,0.164,0.368,0.325,0.312,-0.485,0.174,-0.318,0.11,0.059,-0.075,0.325,0.212,-0.543,-0.254,0.141,0.035,-0.044,-0.45,0.087,-0.616,-0.115,0.133,0.202,0.317,0.421,0.442,0.198,0.18,0.124,0.087,-0.238,0.154,0.113,0.306,0.246,-0.149,-0.057,0.324,0.683,-0.466,0.366,-0.317,-0.046,0.605,0.167,0.457,0.255,0.3,0.629,0.028,0.091,0.365,0.254,0.636,0.123,0.243,-0.111,0.563,0.461,0.159,0.099,-0.03,-0.326,0.736,0.444,-0.297,-0.022,0.486,0.434,0.244,-0.236,0.552,0.31,0.176,-0.159,-0.016,0.025,0.069,0.645,0.526,0.206,-0.357,0.018,0.392,0.329,0.26,-0.118,0.565,0.399,-0.201,0.069,0.442,-0.239,-0.141,-0.107,0.185,0.309,0.415,0.534,0.366,0.186,0.707,-0.392,0.299,0.575,0.316,-0.185,0.205,-0.273,0.321,0.172,0.234,-0.016,0.608,0.512,0.35,0.381,0.092,0.176,0.295,0.299,-0.008,0.03,-0.353,0.606,0.05,0.132,0.261,0.033,0.257,-0.01,0.255,0.364,0.137,0.208,0.245,0.209,0.049,0.144,0.341,0.15,0.324,0.077,0.098,0.16,-0.033,0.488,0.589,0.503,0.298,0.233,-0.019,0.116,0.07,0.507,0.213,0.359,0.044,0.454,0.331,0.791,0.217,0.157,0.446,0.198
APVO,-0.703,0.709,0.428,0.84,-0.369,-0.175,-0.065,0.682,-0.505,-0.345,-0.679,0.059,-0.6,0.326,0.0,0.536,-0.419,0.394,-0.317,-0.633,-0.605,0.264,-0.757,-0.452,0.365,0.466,-0.598,-0.056,0.645,-0.116,-0.53,-0.676,0.636,-0.577,-0.432,-0.155,-0.536,-0.652,-0.483,-0.336,-0.691,0.275,-0.753,0.443,-0.767,0.833,-0.655,-0.072,0.389,0.493,0.278,-0.64,-0.378,0.507,-0.094,-0.732,-0.726,-0.703,-0.614,-0.217,0.377,-0.664,-0.704,-0.395,0.332,-0.82,-0.398,-0.589,0.509,-0.087,-0.796,0.115,-0.586,0.119,-0.6,-0.551,-0.708,-0.789,0.198,-0.51,-0.464,-0.654,-0.303,0.197,-0.632,0.767,-0.543,-0.505,0.087,0.533,0.571,-0.753,-0.064,-0.371,0.147,-0.581,-0.762,-0.345,0.014,0.169,-0.653,-0.786,0.128,-0.319,-0.609,-0.413,-0.239,-0.47,-0.427,-0.625,-0.786,-0.783,-0.698,-0.186,-0.003,0.082,0.289,-0.676,0.237,-0.589,-0.702,-0.314,-0.211,-0.483,0.58,-0.736,-0.038,-0.318,-0.606,-0.662,0.077,-0.606,-0.474,-0.364,-0.331,-0.658,0.276,-0.778,0.177,-0.162,-0.282,0.477,-0.0,0.424,-0.385,-0.733,-0.457,-0.799,-0.326,0.168,-0.508,0.36,0.109,-0.52,-0.447,-0.511,0.483,-0.758,-0.59,0.359,-0.573,-0.449,-0.042,-0.706,0.104,-0.407,-0.528,-0.184,-0.489,0.392,-0.335,0.43,-0.321,-0.692,0.23,-0.696,-0.628,-0.762,-0.612,-0.665,0.209,-0.165,0.31,0.366,0.101,0.718,-0.368,0.74,-0.645,0.307,-0.659,-0.538,-0.702,-0.073,-0.524,0.548,0.556,0.64,-0.401,-0.65
ARGX,-0.825,0.692,0.821,0.361,-0.578,-0.416,0.309,0.881,-0.802,-0.509,-0.718,-0.242,-0.133,-0.299,0.536,0.0,-0.607,0.1,-0.72,-0.332,-0.77,-0.3,-0.717,-0.161,-0.101,0.37,-0.121,-0.214,0.42,-0.519,-0.792,-0.721,0.598,-0.28,-0.578,-0.154,-0.725,-0.81,-0.671,0.21,-0.651,0.624,-0.726,0.43,-0.643,0.58,-0.786,0.556,0.609,0.497,0.228,-0.617,0.22,0.495,0.491,-0.636,-0.805,-0.772,-0.739,-0.395,0.003,-0.742,-0.778,-0.45,0.518,-0.591,-0.391,-0.521,0.415,-0.184,-0.593,0.402,-0.8,-0.312,-0.011,-0.744,-0.456,-0.727,-0.188,-0.591,-0.81,-0.791,-0.379,-0.133,-0.642,0.735,-0.76,-0.566,-0.4,0.468,0.417,-0.705,-0.469,-0.645,0.075,-0.68,-0.584,0.191,-0.445,-0.114,-0.383,-0.764,-0.078,-0.506,-0.631,-0.073,-0.641,-0.793,-0.346,-0.378,-0.774,-0.692,-0.722,-0.692,-0.323,-0.011,0.749,-0.414,0.049,-0.788,-0.799,-0.09,-0.555,-0.789,0.75,-0.723,-0.258,-0.1,-0.537,-0.476,-0.29,-0.803,-0.802,-0.767,-0.627,-0.69,-0.157,-0.341,-0.023,-0.571,-0.414,0.645,0.132,0.729,-0.543,-0.777,-0.673,-0.652,-0.754,-0.165,-0.775,0.219,0.156,-0.609,-0.585,-0.678,0.742,-0.802,-0.252,-0.185,-0.447,-0.534,-0.139,-0.692,-0.159,-0.344,-0.547,-0.319,-0.517,0.313,-0.456,0.302,-0.157,-0.796,-0.095,-0.694,-0.747,-0.754,-0.701,-0.709,0.529,-0.42,0.032,0.035,0.066,0.569,-0.218,0.695,-0.62,-0.01,-0.778,-0.743,-0.741,-0.277,-0.766,-0.068,0.418,0.633,-0.655,-0.692
ARLP,0.626,-0.388,-0.596,-0.217,0.602,0.484,-0.324,-0.676,0.568,0.66,0.666,0.37,0.019,0.24,-0.419,-0.607,0.0,-0.136,0.642,0.427,0.59,0.166,0.537,0.065,0.182,-0.069,0.264,0.361,-0.112,0.64,0.615,0.561,-0.584,-0.064,0.462,0.54,0.783,0.701,0.79,-0.096,0.537,-0.712,0.61,-0.597,0.565,-0.445,0.727,-0.253,-0.244,-0.465,-0.316,0.322,-0.122,-0.46,-0.442,0.608,0.725,0.721,0.648,0.492,-0.0,0.548,0.578,0.495,-0.103,0.466,0.36,0.577,-0.233,0.444,0.337,-0.214,0.695,0.122,0.179,0.542,0.382,0.513,0.398,0.405,0.635,0.612,0.451,0.33,0.689,-0.522,0.542,0.476,0.454,-0.16,-0.097,0.547,0.492,0.454,-0.285,0.571,0.474,-0.019,0.5,0.333,0.241,0.706,0.002,0.572,0.649,0.427,0.603,0.643,0.648,0.212,0.636,0.493,0.719,0.659,0.369,0.278,-0.449,0.586,0.072,0.684,0.598,0.237,0.424,0.78,-0.796,0.656,0.004,0.178,0.342,0.346,0.246,0.71,0.572,0.749,0.522,0.546,0.428,0.368,0.28,0.529,0.501,-0.304,0.285,-0.631,0.618,0.639,0.483,0.533,0.718,0.462,0.635,-0.037,-0.028,0.251,0.682,0.694,-0.697,0.685,0.305,0.328,0.461,0.492,0.331,0.595,0.352,0.39,0.552,0.611,0.578,-0.034,0.583,-0.081,0.258,0.708,0.335,0.491,0.617,0.636,0.474,0.712,-0.385,0.43,0.315,0.128,0.196,-0.366,0.275,-0.592,0.361,0.283,0.65,0.656,0.722,0.456,0.644,0.256,-0.169,-0.568,0.698,0.692
ATEX,-0.022,0.138,0.193,0.544,0.376,0.157,0.4,0.167,-0.018,0.3,-0.004,0.625,-0.205,0.471,0.394,0.1,-0.136,0.0,0.279,-0.3,-0.022,0.576,-0.041,-0.515,0.35,0.68,-0.033,0.412,0.149,0.409,0.174,0.169,0.392,-0.133,0.457,0.101,0.17,0.014,0.146,0.207,0.128,0.226,0.049,-0.024,-0.231,0.189,0.115,0.054,0.262,0.423,-0.133,-0.125,-0.022,-0.141,-0.084,-0.015,-0.047,-0.137,0.175,0.531,0.594,-0.159,-0.188,0.305,0.18,-0.391,0.215,0.163,0.417,0.503,-0.031,0.575,0.103,0.602,0.095,0.189,-0.496,-0.05,0.555,0.362,-0.022,-0.106,0.488,0.553,0.108,0.431,0.224,0.36,0.231,0.505,0.456,-0.135,0.583,0.383,0.404,0.187,-0.272,0.251,0.389,0.629,0.108,-0.097,0.393,0.178,0.122,0.115,0.282,-0.043,0.299,-0.157,-0.125,-0.184,0.009,0.341,0.501,0.559,0.094,0.147,0.667,0.169,-0.037,0.303,0.484,0.153,0.188,0.078,0.378,-0.134,-0.482,0.226,-0.081,0.108,0.126,0.146,0.386,0.226,0.491,-0.04,0.502,0.275,0.412,0.329,0.535,0.232,0.396,-0.017,-0.003,-0.035,0.21,0.454,0.218,0.435,0.629,-0.078,0.218,0.287,0.433,-0.012,0.074,0.569,0.19,-0.355,-0.119,-0.09,0.52,0.388,0.27,0.464,0.293,0.111,0.457,0.567,0.53,-0.025,0.382,-0.198,0.166,-0.039,-0.341,0.15,0.564,0.6,0.583,0.687,0.664,0.6,-0.418,0.194,-0.095,0.583,-0.027,0.236,-0.101,0.623,0.084,0.515,0.118,0.452,0.284,0.091
ATRA,0.738,-0.411,-0.743,-0.051,0.711,0.763,-0.172,-0.717,0.672,0.737,0.75,0.518,-0.029,0.587,-0.317,-0.72,0.642,0.279,0.0,0.165,0.742,0.631,0.629,-0.306,0.51,0.085,-0.016,0.469,-0.141,0.776,0.831,0.713,-0.369,0.085,0.736,0.443,0.884,0.813,0.83,-0.223,0.668,-0.66,0.727,-0.522,0.471,-0.325,0.855,-0.387,-0.463,-0.117,-0.248,0.4,-0.289,-0.467,-0.497,0.579,0.776,0.692,0.856,0.651,0.152,0.566,0.642,0.574,-0.091,0.295,0.659,0.516,-0.09,0.481,0.472,-0.043,0.805,0.655,0.081,0.851,0.315,0.553,0.542,0.583,0.751,0.828,0.591,0.529,0.667,-0.478,0.739,0.7,0.694,-0.117,-0.036,0.567,0.686,0.752,0.088,0.556,0.529,-0.057,0.721,0.579,0.268,0.622,0.412,0.785,0.735,0.228,0.889,0.808,0.617,0.266,0.666,0.491,0.664,0.832,0.716,0.326,-0.642,0.563,0.456,0.834,0.756,0.326,0.887,0.888,-0.718,0.695,0.369,-0.049,0.176,0.476,0.173,0.798,0.754,0.859,0.652,0.712,0.653,0.288,0.269,0.901,0.762,-0.474,0.223,-0.717,0.754,0.726,0.715,0.549,0.924,0.447,0.822,0.275,0.196,0.292,0.833,0.808,-0.444,0.694,0.144,0.533,0.606,0.471,0.323,0.574,0.374,0.493,0.662,0.613,0.51,-0.078,0.718,0.143,0.398,0.778,0.483,0.591,0.778,0.679,0.513,0.758,-0.231,0.636,0.459,0.439,0.377,-0.174,0.058,-0.478,0.571,0.456,0.718,0.86,0.616,0.594,0.828,0.45,-0.153,-0.317,0.867,0.786
AUTL,0.518,-0.551,-0.157,-0.591,0.34,0.077,-0.108,-0.534,0.381,0.236,0.548,-0.168,0.432,-0.191,-0.633,-0.332,0.427,-0.3,0.165,0.0,0.494,-0.195,0.528,0.49,-0.338,-0.455,0.582,-0.03,-0.485,-0.001,0.372,0.545,-0.724,0.288,0.355,0.182,0.362,0.521,0.365,0.249,0.476,-0.165,0.577,-0.215,0.706,-0.62,0.42,-0.08,-0.335,-0.458,-0.081,0.558,0.368,-0.256,-0.136,0.441,0.543,0.578,0.469,0.011,-0.38,0.662,0.639,0.107,-0.324,0.676,0.121,0.5,-0.203,0.024,0.53,-0.15,0.481,-0.204,0.424,0.351,0.418,0.576,-0.079,0.369,0.448,0.387,0.141,-0.306,0.37,-0.555,0.471,0.275,-0.14,-0.568,-0.629,0.471,0.055,0.268,-0.267,0.553,0.581,0.063,0.01,-0.301,0.314,0.643,0.055,0.204,0.445,0.257,0.142,0.235,0.301,0.585,0.515,0.706,0.54,0.21,-0.009,-0.02,-0.213,0.54,-0.334,0.419,0.571,0.083,0.122,0.315,-0.493,0.532,0.179,0.36,0.532,0.407,-0.13,0.518,0.335,0.313,0.238,0.463,-0.146,0.54,-0.255,0.02,0.15,-0.39,0.059,-0.246,0.245,0.615,0.231,0.622,0.22,0.099,0.369,-0.372,-0.067,0.481,0.218,0.356,-0.373,0.48,0.511,-0.404,0.42,0.42,0.092,0.61,-0.32,0.207,0.399,0.205,0.418,-0.08,0.193,-0.514,0.148,0.423,-0.129,0.599,0.514,0.619,0.512,0.478,-0.193,0.188,-0.252,-0.447,0.018,-0.681,0.563,-0.5,0.522,-0.33,0.593,0.331,0.61,0.002,0.268,-0.436,-0.536,-0.423,0.366,0.48
AVDL,0.89,-0.68,-0.675,-0.366,0.562,0.548,-0.32,-0.833,0.912,0.512,0.89,0.176,0.113,0.3,-0.605,-0.77,0.59,-0.022,0.742,0.494,0.0,0.442,0.744,0.293,0.159,-0.351,0.172,0.265,-0.451,0.44,0.845,0.842,-0.676,0.368,0.724,0.218,0.779,0.897,0.723,-0.132,0.765,-0.434,0.774,-0.186,0.764,-0.563,0.787,-0.514,-0.615,-0.552,0.025,0.645,-0.173,-0.263,-0.527,0.554,0.857,0.914,0.822,0.405,-0.118,0.869,0.914,0.369,-0.363,0.707,0.5,0.543,-0.051,0.134,0.654,-0.182,0.824,0.35,0.178,0.821,0.569,0.752,0.194,0.629,0.854,0.872,0.398,0.23,0.547,-0.722,0.846,0.525,0.387,-0.549,-0.452,0.67,0.44,0.781,0.08,0.697,0.761,-0.002,0.417,0.057,0.512,0.778,0.223,0.64,0.649,0.27,0.631,0.78,0.509,0.554,0.814,0.834,0.739,0.732,0.406,-0.069,-0.717,0.605,-0.012,0.806,0.905,0.223,0.599,0.75,-0.652,0.724,0.547,0.175,0.691,0.512,-0.067,0.887,0.883,0.795,0.526,0.762,0.241,0.445,-0.081,0.503,0.502,-0.745,-0.034,-0.648,0.587,0.849,0.617,0.814,0.777,0.253,0.768,-0.052,-0.124,0.689,0.603,0.658,-0.459,0.804,0.422,0.175,0.518,0.553,0.341,0.762,-0.004,0.308,0.675,0.347,0.559,-0.229,0.473,-0.383,0.206,0.796,0.099,0.866,0.848,0.844,0.866,0.785,-0.314,0.554,0.104,-0.147,0.019,-0.642,0.336,-0.491,0.756,0.044,0.852,0.721,0.774,0.268,0.747,0.006,-0.521,-0.499,0.779,0.734
BCRX,0.287,-0.053,-0.227,0.497,0.36,0.472,-0.148,-0.212,0.462,0.317,0.287,0.472,-0.388,0.832,0.264,-0.3,0.166,0.576,0.631,-0.195,0.442,0.0,0.106,-0.338,0.614,0.34,-0.376,0.406,0.111,0.51,0.494,0.325,0.119,-0.199,0.518,0.139,0.402,0.361,0.358,-0.316,0.251,-0.106,0.19,0.127,0.013,0.204,0.296,-0.485,-0.287,0.107,0.091,0.081,-0.443,0.008,-0.566,-0.052,0.212,0.252,0.386,0.428,0.526,0.212,0.211,0.161,-0.017,-0.192,0.206,0.087,0.395,0.22,-0.019,0.145,0.341,0.696,-0.34,0.426,-0.281,0.063,0.565,0.329,0.475,0.333,0.315,0.656,0.061,0.028,0.466,0.296,0.524,0.085,0.239,0.0,0.63,0.587,0.398,0.215,0.015,-0.193,0.645,0.481,0.003,0.058,0.541,0.49,0.193,-0.142,0.508,0.328,0.214,-0.034,0.053,0.098,0.129,0.687,0.605,0.216,-0.433,0.11,0.435,0.37,0.314,0.016,0.622,0.38,-0.147,0.149,0.632,-0.332,-0.086,0.014,0.05,0.377,0.459,0.509,0.412,0.278,0.655,-0.248,0.233,0.515,0.384,-0.269,0.225,-0.163,0.387,0.233,0.21,0.087,0.561,0.529,0.436,0.427,0.264,0.233,0.297,0.346,0.15,0.143,-0.092,0.663,0.035,-0.033,0.202,0.112,0.279,0.119,0.361,0.321,0.22,0.095,0.368,0.209,0.101,0.165,0.378,0.207,0.405,0.17,0.15,0.252,0.079,0.66,0.562,0.499,0.294,0.245,-0.11,0.104,0.172,0.476,0.266,0.406,0.106,0.461,0.317,0.68,-0.031,0.171,0.484,0.219
BHAT,0.9,-0.871,-0.56,-0.679,0.602,0.336,0.118,-0.841,0.677,0.472,0.858,0.101,0.612,-0.02,-0.757,-0.717,0.537,-0.041,0.629,0.528,0.744,0.106,0.0,0.139,-0.249,-0.384,0.589,0.326,-0.613,0.405,0.81,0.859,-0.551,0.681,0.684,0.135,0.733,0.801,0.696,0.295,0.795,-0.348,0.932,-0.53,0.809,-0.859,0.867,-0.134,-0.586,-0.385,-0.205,0.867,0.244,-0.614,-0.213,0.869,0.901,0.781,0.837,0.388,-0.212,0.731,0.77,0.564,-0.505,0.743,0.536,0.694,-0.428,0.161,0.907,-0.038,0.844,0.161,0.539,0.856,0.674,0.953,0.004,0.807,0.742,0.799,0.402,-0.008,0.771,-0.859,0.768,0.678,0.017,-0.498,-0.529,0.901,0.47,0.667,0.047,0.847,0.796,0.168,0.326,0.117,0.668,0.926,0.204,0.379,0.686,0.293,0.485,0.593,0.489,0.745,0.833,0.804,0.839,0.562,0.32,0.143,-0.515,0.669,-0.087,0.811,0.877,0.279,0.516,0.69,-0.705,0.908,0.249,0.012,0.517,0.804,0.021,0.859,0.695,0.59,0.627,0.852,0.031,0.778,-0.129,0.429,0.597,-0.577,0.05,-0.516,0.573,0.9,0.596,0.843,0.583,0.133,0.858,-0.371,0.139,0.535,0.595,0.799,-0.56,0.866,0.656,-0.093,0.728,0.478,-0.067,0.848,0.067,0.633,0.728,0.324,0.677,-0.514,0.676,-0.262,0.455,0.802,0.077,0.807,0.843,0.941,0.614,0.826,-0.315,0.488,-0.081,-0.071,0.039,-0.6,0.307,-0.778,0.818,-0.13,0.856,0.815,0.854,0.261,0.68,-0.268,-0.639,-0.629,0.744,0.835
BLBD,0.239,-0.359,0.001,-0.457,-0.106,-0.291,-0.271,-0.254,0.37,-0.143,0.193,-0.353,0.152,-0.384,-0.452,-0.161,0.065,-0.515,-0.306,0.49,0.293,-0.338,0.139,0.0,-0.444,-0.588,0.267,-0.246,-0.469,-0.346,0.055,0.209,-0.494,0.273,-0.009,-0.146,-0.027,0.21,-0.064,0.063,0.203,0.142,0.105,0.316,0.475,-0.392,-0.026,-0.202,-0.157,-0.776,0.205,0.302,0.172,0.179,-0.081,0.06,0.178,0.401,-0.013,-0.262,-0.317,0.524,0.396,-0.124,-0.308,0.657,-0.194,0.137,-0.08,-0.383,0.204,-0.26,0.082,-0.428,0.106,-0.08,0.287,0.267,-0.352,0.031,0.181,0.066,-0.213,-0.404,-0.058,-0.329,0.185,-0.186,-0.295,-0.589,-0.473,0.13,-0.306,0.055,-0.245,0.215,0.253,0.088,-0.348,-0.731,0.273,0.29,-0.336,-0.054,0.039,0.146,-0.243,0.073,-0.101,0.334,0.281,0.569,0.21,-0.092,-0.454,-0.524,-0.106,0.111,-0.599,0.062,0.24,-0.103,-0.442,-0.06,-0.082,0.125,0.158,0.435,0.755,0.041,-0.197,0.163,0.223,0.024,-0.065,0.112,-0.59,0.202,-0.37,-0.513,-0.399,-0.358,-0.3,-0.041,-0.116,0.229,-0.063,0.414,-0.109,-0.227,-0.032,-0.473,-0.563,0.625,-0.242,-0.127,-0.161,0.253,0.333,-0.437,-0.111,0.195,0.154,0.317,-0.372,-0.216,0.033,-0.253,0.185,-0.071,-0.318,-0.729,-0.234,0.12,-0.546,0.375,0.155,0.248,0.486,0.113,-0.126,-0.154,-0.496,-0.805,-0.406,-0.706,0.441,-0.184,0.224,-0.491,0.247,-0.107,0.28,-0.349,-0.009,-0.569,-0.474,-0.293,-0.089,-0.015
BMRN,-0.075,0.501,-0.349,0.655,0.182,0.575,-0.409,0.033,0.122,0.367,0.03,0.501,-0.694,0.669,0.365,-0.101,0.182,0.35,0.51,-0.338,0.159,0.614,-0.249,-0.444,0.0,0.463,-0.705,0.118,0.571,0.501,0.126,-0.056,0.07,-0.619,0.189,0.472,0.296,0.173,0.312,-0.632,-0.037,-0.415,-0.123,-0.021,-0.206,0.508,0.103,-0.359,0.069,0.21,-0.019,-0.464,-0.712,0.15,-0.356,-0.276,0.007,0.043,0.158,0.316,0.39,-0.05,0.017,0.054,0.521,-0.381,0.261,-0.162,0.417,0.38,-0.402,-0.019,0.045,0.63,-0.451,0.116,-0.243,-0.352,0.639,-0.213,0.107,0.183,0.269,0.568,-0.051,0.324,0.098,0.086,0.872,0.353,0.494,-0.28,0.216,0.231,0.107,-0.27,-0.105,-0.232,0.415,0.519,-0.302,-0.226,0.229,0.586,0.126,0.067,0.588,0.427,0.238,-0.458,-0.006,-0.218,-0.059,0.382,0.521,0.196,-0.316,-0.006,0.634,0.155,-0.007,0.157,0.542,0.359,-0.118,-0.119,0.257,0.051,-0.297,-0.337,0.103,0.051,0.188,0.419,0.049,-0.036,0.78,-0.465,0.434,0.617,0.209,-0.036,0.195,-0.346,0.3,-0.083,0.229,-0.207,0.51,0.369,0.088,0.82,0.06,-0.169,0.388,0.075,0.106,-0.059,-0.496,0.739,-0.083,0.086,0.59,-0.136,0.368,-0.146,0.062,0.349,-0.128,0.49,0.097,0.395,-0.058,0.136,0.429,-0.115,0.039,-0.185,0.066,0.069,0.085,0.238,0.725,0.499,0.427,0.379,-0.308,0.306,-0.155,0.679,-0.049,0.125,-0.163,0.384,0.287,0.777,0.415,0.308,0.244,0.01
BNGO,-0.379,0.538,0.333,0.686,0.225,0.111,0.373,0.466,-0.383,0.339,-0.324,0.718,-0.375,0.354,0.466,0.37,-0.069,0.68,0.085,-0.455,-0.351,0.34,-0.384,-0.588,0.463,0.0,-0.154,0.409,0.462,0.407,-0.144,-0.169,0.556,-0.537,0.143,0.329,0.051,-0.238,0.044,0.2,-0.094,0.119,-0.249,-0.177,-0.514,0.446,-0.08,0.394,0.647,0.562,-0.371,-0.602,-0.008,-0.144,0.212,-0.152,-0.314,-0.384,-0.085,0.561,0.639,-0.499,-0.512,0.309,0.586,-0.629,0.137,0.048,0.372,0.681,-0.389,0.648,-0.187,0.426,0.049,-0.162,-0.636,-0.43,0.643,-0.01,-0.38,-0.331,0.538,0.692,0.062,0.688,-0.147,0.257,0.326,0.813,0.838,-0.382,0.404,0.039,0.156,-0.207,-0.551,0.406,0.307,0.748,-0.12,-0.354,0.144,0.196,0.04,0.265,0.15,-0.175,0.395,-0.568,-0.338,-0.525,-0.217,0.065,0.415,0.696,0.433,0.118,0.782,-0.082,-0.398,0.406,0.276,0.023,0.189,-0.167,-0.101,-0.023,-0.749,-0.045,0.024,-0.227,-0.222,-0.024,0.175,-0.069,0.533,-0.174,0.801,0.214,0.282,0.687,0.757,0.31,0.334,-0.343,-0.194,-0.338,0.034,0.378,-0.116,0.659,0.59,-0.46,0.23,0.106,0.47,-0.233,-0.132,0.631,0.019,-0.503,-0.001,-0.419,0.695,0.299,0.049,0.529,0.123,0.368,0.334,0.791,0.497,-0.202,0.457,-0.564,-0.164,-0.377,-0.632,-0.043,0.651,0.326,0.719,0.808,0.68,0.858,-0.519,0.264,-0.477,0.766,-0.351,0.006,-0.363,0.68,-0.084,0.651,0.484,0.479,-0.019,-0.112
BUSE,0.406,-0.598,0.173,-0.657,0.361,-0.155,0.524,-0.306,0.118,0.221,0.405,-0.003,0.753,-0.459,-0.598,-0.121,0.264,-0.033,-0.016,0.582,0.172,-0.376,0.589,0.267,-0.705,-0.154,0.0,0.202,-0.575,0.019,0.252,0.496,-0.265,0.564,0.322,0.028,0.279,0.259,0.258,0.837,0.487,0.114,0.563,-0.454,0.501,-0.766,0.415,0.456,-0.001,-0.249,-0.325,0.542,0.803,-0.54,0.286,0.688,0.42,0.317,0.339,0.248,-0.22,0.293,0.261,0.391,-0.301,0.529,0.199,0.617,-0.424,0.203,0.642,0.265,0.369,-0.342,0.814,0.294,0.335,0.641,-0.168,0.582,0.153,0.167,0.302,-0.164,0.564,-0.39,0.304,0.417,-0.51,-0.203,-0.312,0.564,0.234,0.159,-0.131,0.643,0.359,0.519,-0.071,-0.031,0.553,0.621,-0.116,-0.075,0.396,0.449,-0.112,-0.05,0.399,0.523,0.388,0.464,0.523,0.035,-0.1,0.283,0.23,0.624,-0.182,0.337,0.347,0.374,-0.045,0.171,-0.28,0.595,-0.108,0.157,0.259,0.733,-0.16,0.388,0.136,0.027,0.368,0.506,-0.324,0.841,-0.031,-0.183,0.294,0.056,0.328,0.107,0.317,0.462,0.081,0.575,-0.041,0.087,0.335,-0.516,0.308,0.211,0.183,0.46,-0.224,0.497,0.782,-0.399,0.553,0.004,-0.354,0.491,0.054,0.632,0.452,0.282,0.582,-0.385,0.458,-0.137,0.562,0.306,-0.083,0.327,0.416,0.558,0.05,0.487,0.124,0.228,-0.251,-0.144,0.145,-0.327,0.277,-0.576,0.366,-0.229,0.403,0.366,0.518,0.182,0.128,-0.549,-0.489,-0.372,0.261,0.484
CAKE,0.395,-0.225,-0.15,0.142,0.617,0.311,0.17,-0.304,0.245,0.628,0.303,0.567,-0.006,0.414,-0.056,-0.214,0.361,0.412,0.469,-0.03,0.265,0.406,0.326,-0.246,0.118,0.409,0.202,0.0,-0.031,0.668,0.58,0.487,-0.026,-0.005,0.548,0.255,0.545,0.43,0.506,0.19,0.553,-0.236,0.397,-0.345,0.207,-0.167,0.472,0.002,0.007,0.051,-0.14,0.217,0.22,-0.305,-0.291,0.413,0.404,0.328,0.514,0.633,0.298,0.244,0.187,0.599,0.028,0.068,0.363,0.659,0.107,0.49,0.284,0.371,0.551,0.548,0.126,0.477,-0.089,0.306,0.616,0.575,0.421,0.209,0.56,0.58,0.51,-0.115,0.484,0.613,0.279,0.267,0.238,0.244,0.727,0.582,-0.055,0.473,0.061,0.31,0.766,0.533,0.186,0.366,0.324,0.307,0.579,0.091,0.528,0.227,0.534,0.101,0.291,0.241,0.426,0.556,0.512,0.614,0.012,0.324,0.36,0.554,0.367,0.145,0.447,0.513,-0.392,0.453,0.17,-0.084,-0.041,0.461,0.158,0.504,0.43,0.542,0.693,0.559,0.428,0.203,0.47,0.432,0.626,0.144,0.465,-0.257,0.58,0.416,0.327,0.37,0.52,0.499,0.559,0.013,0.252,0.179,0.48,0.654,-0.139,0.382,0.197,0.461,0.444,0.172,0.031,0.277,0.494,0.607,0.532,0.619,0.641,0.028,0.673,0.181,0.624,0.389,0.423,0.253,0.485,0.385,-0.024,0.472,0.091,0.55,0.484,0.51,0.379,0.132,0.046,-0.322,0.303,0.505,0.467,0.565,0.43,0.62,0.473,0.417,-0.102,0.045,0.601,0.527
CASY,-0.608,0.8,0.178,0.727,-0.166,0.057,-0.244,0.495,-0.499,-0.044,-0.477,0.149,-0.634,0.201,0.645,0.42,-0.112,0.149,-0.141,-0.485,-0.451,0.111,-0.613,-0.469,0.571,0.462,-0.575,-0.031,0.0,0.136,-0.434,-0.577,0.295,-0.675,-0.309,0.329,-0.263,-0.417,-0.115,-0.37,-0.5,-0.09,-0.561,0.111,-0.512,0.702,-0.416,0.073,0.462,0.455,0.199,-0.74,-0.427,0.351,0.033,-0.528,-0.485,-0.491,-0.376,-0.09,0.311,-0.566,-0.515,-0.237,0.613,-0.692,-0.094,-0.399,0.397,0.174,-0.704,0.166,-0.439,0.117,-0.515,-0.431,-0.408,-0.735,0.368,-0.534,-0.408,-0.463,-0.119,0.282,-0.34,0.598,-0.466,-0.323,0.316,0.608,0.54,-0.511,-0.149,-0.362,0.023,-0.604,-0.477,-0.217,0.099,0.305,-0.5,-0.58,-0.163,-0.103,-0.328,-0.12,0.025,-0.161,-0.077,-0.684,-0.481,-0.672,-0.45,-0.209,0.027,0.184,0.182,-0.404,0.279,-0.372,-0.563,-0.081,-0.057,-0.21,0.308,-0.518,-0.139,0.009,-0.524,-0.627,0.251,-0.505,-0.422,-0.155,-0.247,-0.504,0.5,-0.611,0.396,0.091,-0.144,0.454,0.192,0.128,-0.198,-0.585,-0.28,-0.621,-0.127,0.264,-0.365,0.585,0.166,-0.579,-0.1,-0.342,0.234,-0.533,-0.503,0.36,-0.461,-0.217,0.337,-0.52,0.168,-0.291,-0.397,0.073,-0.433,0.612,-0.242,0.371,-0.27,-0.4,0.257,-0.576,-0.524,-0.643,-0.411,-0.409,0.116,-0.136,0.51,0.369,0.115,0.61,-0.357,0.544,-0.517,0.52,-0.501,-0.383,-0.474,0.057,-0.32,0.592,0.522,0.511,-0.335,-0.42
CCOI,0.493,-0.165,-0.523,0.229,0.839,0.543,-0.095,-0.525,0.379,0.869,0.478,0.735,-0.211,0.51,-0.116,-0.519,0.64,0.409,0.776,-0.001,0.44,0.51,0.405,-0.346,0.501,0.407,0.019,0.668,0.136,0.0,0.683,0.567,-0.261,-0.203,0.691,0.615,0.806,0.65,0.815,-0.06,0.606,-0.6,0.54,-0.593,0.357,-0.216,0.704,-0.173,-0.031,-0.061,-0.351,0.125,-0.208,-0.493,-0.39,0.528,0.596,0.491,0.71,0.777,0.42,0.331,0.355,0.706,0.112,0.091,0.61,0.638,0.022,0.746,0.267,0.239,0.66,0.674,0.035,0.609,-0.02,0.333,0.845,0.55,0.537,0.436,0.71,0.703,0.692,-0.17,0.625,0.705,0.662,0.305,0.277,0.361,0.779,0.686,-0.083,0.504,0.17,0.164,0.817,0.741,0.195,0.498,0.186,0.604,0.729,0.292,0.855,0.612,0.73,-0.043,0.521,0.264,0.623,0.743,0.666,0.619,-0.362,0.484,0.55,0.764,0.488,0.352,0.737,0.833,-0.621,0.623,0.246,0.081,-0.056,0.399,0.366,0.637,0.578,0.81,0.79,0.638,0.723,0.177,0.647,0.761,0.717,-0.012,0.513,-0.538,0.792,0.515,0.498,0.408,0.799,0.632,0.74,0.309,0.333,0.164,0.793,0.796,-0.361,0.589,0.161,0.715,0.468,0.298,0.331,0.417,0.663,0.606,0.617,0.822,0.638,0.157,0.732,0.264,0.541,0.647,0.494,0.295,0.62,0.461,0.197,0.679,-0.045,0.689,0.681,0.607,0.524,0.117,0.006,-0.441,0.341,0.743,0.562,0.769,0.536,0.813,0.697,0.634,-0.06,-0.054,0.728,0.678
CEVA,0.917,-0.714,-0.674,-0.281,0.781,0.516,-0.131,-0.883,0.812,0.68,0.829,0.39,0.173,0.438,-0.53,-0.792,0.615,0.174,0.831,0.372,0.845,0.494,0.81,0.055,0.126,-0.144,0.252,0.58,-0.434,0.683,0.0,0.919,-0.538,0.333,0.852,0.263,0.866,0.93,0.801,0.001,0.878,-0.482,0.88,-0.391,0.748,-0.61,0.88,-0.39,-0.578,-0.353,-0.129,0.706,-0.041,-0.462,-0.527,0.718,0.885,0.844,0.934,0.614,0.074,0.807,0.815,0.621,-0.379,0.6,0.606,0.764,-0.17,0.329,0.736,-0.002,0.942,0.537,0.197,0.915,0.39,0.797,0.421,0.824,0.904,0.788,0.548,0.373,0.719,-0.69,0.938,0.758,0.391,-0.331,-0.325,0.712,0.699,0.882,0.069,0.823,0.645,0.104,0.709,0.303,0.477,0.829,0.351,0.581,0.811,0.159,0.765,0.732,0.577,0.522,0.795,0.787,0.825,0.824,0.531,0.214,-0.639,0.595,0.112,0.94,0.926,0.172,0.724,0.851,-0.749,0.859,0.506,0.038,0.465,0.651,0.179,0.932,0.878,0.86,0.819,0.903,0.36,0.456,0.123,0.648,0.647,-0.552,0.18,-0.632,0.72,0.908,0.636,0.82,0.842,0.402,0.94,-0.116,0.089,0.67,0.705,0.877,-0.502,0.835,0.429,0.268,0.632,0.551,0.18,0.762,0.219,0.585,0.791,0.528,0.759,-0.254,0.691,-0.226,0.467,0.826,0.188,0.823,0.942,0.874,0.652,0.837,-0.253,0.718,0.219,0.145,0.166,-0.456,0.324,-0.651,0.802,0.218,0.926,0.914,0.818,0.507,0.813,0.173,-0.508,-0.402,0.886,0.873
