,AAPL,ACRS,ADP,AFYA,AGNC,AGYS,ALT,AMGN,AMPH,AMZN,ANIP,AOSL,APDN,APLT,APVO,ARGX,ARLP,ATEX,ATRA,AUTL,AVDL,BCRX,BHAT,BLBD,BMRN,BNGO,BUSE,CAKE,CASY,CCOI,CEVA,CHY,CLDX,CLMT,COHU,COLM,COST,CPRT,CSWC,CSX,DBX,DCOM,DKNG,DMLP,DOX,EA,EDIT,ENPH,ENSG,ERNA,ESGR,ETNB,EXTR,FANG,FARO,FATE,FGEN,FIVE,FIVN,FLGT,FOLD,FORM,FOXA,FRPT,FSLR,FTAI,GBDC,GDYN,GGAL,GNLN,GRFS,GT,HCAT,HCM,HFWA,HOLX,HQY,HUBG,IAC,ICLR,IDCC,IEP,IHRT,ILMN,ILPT,IMAB,IMOS,INMD,INTZ,JAZZ,JKHY,JRVR,KIDS,LBRDK,LGND,LMAT,LPLA,LULU,MASI,MAT,MATW,MBIN,MBIO,MCRB,MDB,MDLZ,MELI,MIRM,MLKN,MNMD,MNRO,MPWR,MRCY,MRSN,MTVA,NAAS,NDAQ,NDSN,NEGG,NOVT,NVDA,NWE,NWSA,NXST,OCX,ODFL,OMAB,OPCH,OPRA,ORGO,OTRK,OZK,PAGP,PCH,PEGA,PENG,PENN,PFBC,PGNY,PHAT,PHUN,PINC,PLUG,PLXS,PYPL,QLYS,QNCX,QQQX,QVCGA,RAPT,RBBN,RCKT,REPL,RMBS,ROAD,ROKU,ROP,RUSHA,SANM,SATS,SBCF,SBLK,SBUX,SCHL,SCSC,SDGR,SEIC,SFIX,SGRY,SKYW,SLP,SNES,STAA,STLD,STOK,SWKS,TER,TFIN,TIGO,TILE,TPIC,TTEC,TTEK,TTGT,UXIN,VERU,VLYPP,VNOM,VRNS,VRSN,WDAY,WERN,WINA,WKHS,WRLD,XP,XTKG,YY,ZION,ZM
AAPL,0.0,-0.841,-0.68,-0.54,0.65,0.482,-0.131,-0.922,0.863,0.57,0.899,0.182,0.388,0.218,-0.703,-0.825,0.626,-0.022,0.738,0.518,0.89,0.287,0.9,0.239,-0.075,-0.379,0.406,0.395,-0.608,0.493,0.917,0.926,-0.632,0.527,0.738,0.19,0.83,0.926,0.74,0.053,0.871,-0.457,0.928,-0.403,0.832,-0.746,0.887,-0.374,-0.658,-0.515,-0.11,0.813,0.093,-0.453,-0.44,0.791,0.939,0.926,0.896,0.475,-0.17,0.879,0.896,0.557,-0.48,0.801,0.547,0.724,-0.297,0.169,0.834,-0.166,0.933,0.297,0.355,0.911,0.62,0.917,0.156,0.781,0.892,0.877,0.44,0.153,0.717,-0.833,0.88,0.677,0.244,-0.548,-0.503,0.822,0.527,0.795,-0.022,0.845,0.805,0.085,0.493,0.092,0.553,0.91,0.245,0.541,0.778,0.237,0.642,0.733,0.534,0.682,0.864,0.883,0.849,0.732,0.357,0.039,-0.607,0.646,-0.054,0.897,0.968,0.21,0.568,0.796,-0.756,0.885,0.395,0.091,0.662,0.71,0.06,0.952,0.884,0.779,0.679,0.881,0.142,0.616,-0.086,0.519,0.586,-0.672,-0.002,-0.671,0.645,0.954,0.692,0.899,0.763,0.222,0.889,-0.296,-0.067,0.688,0.634,0.813,-0.587,0.892,0.5,0.061,0.702,0.615,0.143,0.872,0.062,0.506,0.746,0.388,0.696,-0.386,0.619,-0.357,0.379,0.874,0.081,0.907,0.926,0.963,0.761,0.854,-0.358,0.539,-0.001,-0.086,0.042,-0.674,0.393,-0.703,0.843,-0.014,0.943,0.855,0.873,0.324,0.807,-0.09,-0.559,-0.604,0.852,0.879
ACRS,-0.841,0.0,0.421,0.714,-0.441,-0.107,-0.107,0.791,-0.687,-0.231,-0.721,0.058,-0.622,0.078,0.709,0.692,-0.388,0.138,-0.411,-0.551,-0.68,-0.053,-0.871,-0.359,0.501,0.538,-0.598,-0.225,0.8,-0.165,-0.714,-0.775,0.522,-0.728,-0.547,0.158,-0.517,-0.667,-0.449,-0.301,-0.679,0.15,-0.798,0.297,-0.74,0.849,-0.68,0.236,0.626,0.49,0.123,-0.931,-0.319,0.516,0.252,-0.731,-0.765,-0.705,-0.66,-0.197,0.21,-0.749,-0.721,-0.375,0.753,-0.762,-0.265,-0.598,0.456,0.064,-0.859,0.158,-0.731,-0.01,-0.421,-0.699,-0.545,-0.921,0.195,-0.774,-0.706,-0.65,-0.217,0.169,-0.592,0.854,-0.703,-0.506,0.202,0.635,0.66,-0.81,-0.366,-0.562,-0.022,-0.841,-0.663,-0.081,-0.194,0.163,-0.623,-0.841,-0.161,-0.159,-0.499,-0.084,-0.238,-0.404,-0.235,-0.783,-0.695,-0.818,-0.706,-0.472,-0.141,0.044,0.471,-0.476,0.343,-0.652,-0.798,-0.034,-0.289,-0.483,0.547,-0.767,-0.274,0.055,-0.628,-0.718,-0.016,-0.761,-0.642,-0.437,-0.548,-0.728,0.25,-0.679,0.296,-0.168,-0.357,0.593,0.142,0.351,-0.347,-0.825,-0.45,-0.782,-0.388,0.003,-0.716,0.627,0.022,-0.685,-0.312,-0.62,0.53,-0.758,-0.647,0.259,-0.544,-0.371,0.265,-0.752,0.092,-0.464,-0.582,-0.102,-0.612,0.637,-0.467,0.432,-0.284,-0.63,0.116,-0.776,-0.748,-0.868,-0.591,-0.644,0.397,-0.4,0.369,0.277,0.189,0.704,-0.379,0.749,-0.747,0.387,-0.783,-0.65,-0.79,-0.06,-0.517,0.414,0.72,0.649,-0.568,-0.666
ADP,-0.68,0.421,0.0,0.267,-0.444,-0.512,0.472,0.784,-0.641,-0.488,-0.614,-0.189,0.04,-0.295,0.428,0.821,-0.596,0.193,-0.743,-0.157,-0.675,-0.227,-0.56,0.001,-0.349,0.333,0.173,-0.15,0.178,-0.523,-0.674,-0.528,0.532,-0.124,-0.404,-0.241,-0.67,-0.729,-0.656,0.482,-0.498,0.805,-0.576,0.428,-0.51,0.368,-0.698,0.54,0.582,0.341,0.161,-0.411,0.445,0.31,0.474,-0.501,-0.725,-0.669,-0.662,-0.308,0.11,-0.6,-0.691,-0.409,0.261,-0.482,-0.47,-0.329,0.293,-0.158,-0.448,0.469,-0.694,-0.401,0.098,-0.656,-0.56,-0.52,-0.211,-0.316,-0.688,-0.785,-0.287,-0.106,-0.543,0.642,-0.583,-0.466,-0.621,0.327,0.314,-0.588,-0.283,-0.499,0.137,-0.4,-0.589,0.235,-0.42,-0.156,-0.191,-0.585,-0.16,-0.568,-0.576,-0.047,-0.749,-0.871,-0.328,-0.273,-0.735,-0.517,-0.599,-0.582,-0.378,0.062,0.776,-0.264,-0.054,-0.685,-0.686,-0.026,-0.574,-0.776,0.743,-0.564,-0.121,-0.126,-0.429,-0.283,-0.365,-0.656,-0.709,-0.747,-0.423,-0.529,-0.286,-0.169,-0.023,-0.721,-0.395,0.605,0.247,0.896,-0.462,-0.648,-0.736,-0.483,-0.776,-0.064,-0.637,-0.009,0.304,-0.387,-0.643,-0.554,0.733,-0.66,0.039,-0.259,-0.4,-0.73,-0.326,-0.527,-0.14,-0.192,-0.354,-0.26,-0.289,0.2,-0.337,0.185,-0.062,-0.79,-0.187,-0.604,-0.559,-0.587,-0.702,-0.582,0.57,-0.197,-0.066,-0.009,0.071,0.497,-0.138,0.528,-0.549,-0.093,-0.648,-0.648,-0.597,-0.205,-0.791,-0.171,0.183,0.539,-0.618,-0.616
AFYA,-0.54,0.714,0.267,0.0,-0.047,0.065,-0.165,0.512,-0.308,0.011,-0.496,0.431,-0.787,0.557,0.84,0.361,-0.217,0.544,-0.051,-0.591,-0.366,0.497,-0.679,-0.457,0.655,0.686,-0.657,0.142,0.727,0.229,-0.281,-0.439,0.473,-0.755,-0.103,0.164,-0.226,-0.366,-0.166,-0.371,-0.409,0.121,-0.577,0.33,-0.613,0.787,-0.419,-0.145,0.469,0.41,0.113,-0.7,-0.487,0.383,-0.195,-0.626,-0.52,-0.469,-0.335,0.133,0.625,-0.484,-0.511,-0.176,0.483,-0.758,-0.186,-0.342,0.597,0.274,-0.729,0.26,-0.381,0.427,-0.589,-0.362,-0.761,-0.719,0.577,-0.327,-0.29,-0.487,0.057,0.521,-0.407,0.776,-0.258,-0.235,0.418,0.668,0.689,-0.687,0.17,-0.08,0.169,-0.436,-0.68,-0.178,0.275,0.425,-0.495,-0.632,0.102,-0.005,-0.316,-0.202,0.082,-0.207,-0.071,-0.718,-0.558,-0.629,-0.473,0.088,0.231,0.264,0.151,-0.407,0.472,-0.305,-0.515,-0.111,0.083,-0.173,0.396,-0.524,0.159,-0.1,-0.581,-0.573,0.121,-0.386,-0.226,-0.034,-0.062,-0.402,0.564,-0.727,0.524,0.086,-0.094,0.473,0.295,0.265,-0.062,-0.546,-0.323,-0.601,-0.014,0.396,-0.28,0.622,0.22,-0.335,-0.134,-0.268,0.455,-0.529,-0.511,0.64,-0.471,-0.403,0.224,-0.557,0.35,-0.257,-0.258,0.173,-0.23,0.559,-0.151,0.492,-0.123,-0.437,0.29,-0.58,-0.38,-0.623,-0.468,-0.379,0.337,0.173,0.644,0.548,0.334,0.752,-0.42,0.628,-0.557,0.639,-0.471,-0.294,-0.527,0.285,-0.263,0.8,0.514,0.662,-0.187,-0.446
AGNC,0.65,-0.441,-0.444,-0.047,0.0,0.415,0.046,-0.665,0.46,0.869,0.633,0.644,0.044,0.348,-0.369,-0.578,0.602,0.376,0.711,0.34,0.562,0.36,0.602,-0.106,0.182,0.225,0.361,0.617,-0.166,0.839,0.781,0.786,-0.459,0.033,0.835,0.499,0.827,0.757,0.838,0.22,0.813,-0.493,0.748,-0.596,0.581,-0.503,0.801,-0.095,-0.102,-0.172,-0.385,0.373,0.088,-0.585,-0.288,0.72,0.728,0.61,0.824,0.804,0.313,0.55,0.54,0.742,-0.088,0.349,0.657,0.847,-0.164,0.731,0.549,0.296,0.798,0.558,0.283,0.707,0.091,0.583,0.718,0.777,0.624,0.484,0.786,0.502,0.828,-0.311,0.811,0.82,0.435,0.13,-0.018,0.556,0.807,0.737,-0.121,0.757,0.323,0.319,0.725,0.55,0.387,0.718,0.134,0.518,0.857,0.339,0.765,0.574,0.776,0.191,0.665,0.538,0.787,0.703,0.516,0.6,-0.316,0.691,0.361,0.868,0.663,0.385,0.704,0.837,-0.668,0.811,0.332,0.248,0.138,0.645,0.234,0.766,0.676,0.808,0.9,0.836,0.494,0.46,0.539,0.627,0.698,-0.068,0.543,-0.467,0.851,0.713,0.503,0.68,0.745,0.598,0.814,0.066,0.364,0.409,0.779,0.895,-0.406,0.747,0.442,0.414,0.635,0.315,0.188,0.566,0.498,0.762,0.703,0.861,0.825,0.018,0.753,0.055,0.694,0.723,0.343,0.493,0.788,0.665,0.298,0.821,0.033,0.747,0.442,0.404,0.505,-0.119,0.192,-0.622,0.533,0.533,0.744,0.865,0.728,0.8,0.713,0.329,-0.313,-0.15,0.757,0.82
AGYS,0.482,-0.107,-0.512,0.065,0.415,0.0,-0.23,-0.429,0.495,0.593,0.541,0.407,-0.111,0.491,-0.175,-0.416,0.484,0.157,0.763,0.077,0.548,0.472,0.336,-0.291,0.575,0.111,-0.155,0.311,0.057,0.543,0.516,0.421,-0.287,-0.058,0.486,0.494,0.686,0.578,0.62,-0.342,0.443,-0.531,0.437,-0.345,0.26,-0.03,0.579,-0.276,-0.24,-0.079,-0.057,0.06,-0.269,-0.152,-0.363,0.296,0.541,0.522,0.596,0.468,0.005,0.373,0.48,0.295,0.227,0.159,0.563,0.28,0.035,0.364,0.17,-0.102,0.53,0.503,0.032,0.607,0.275,0.245,0.432,0.231,0.485,0.659,0.42,0.48,0.387,-0.246,0.424,0.391,0.714,-0.071,0.119,0.307,0.345,0.53,-0.019,0.214,0.42,-0.124,0.513,0.485,0.13,0.34,0.227,0.754,0.534,0.294,0.735,0.676,0.499,0.032,0.473,0.269,0.371,0.586,0.547,0.21,-0.37,0.438,0.486,0.567,0.489,0.356,0.656,0.672,-0.504,0.382,0.229,0.039,0.133,0.195,-0.035,0.525,0.533,0.666,0.289,0.437,0.637,0.156,0.235,0.757,0.6,-0.357,0.162,-0.647,0.56,0.443,0.621,0.332,0.755,0.271,0.518,0.402,0.021,0.078,0.702,0.503,-0.235,0.432,-0.069,0.478,0.461,0.35,0.486,0.318,0.267,0.216,0.386,0.46,0.216,0.096,0.476,0.171,0.195,0.606,0.41,0.394,0.491,0.423,0.42,0.537,-0.17,0.386,0.474,0.34,0.375,-0.09,0.003,-0.157,0.353,0.467,0.453,0.533,0.352,0.387,0.68,0.432,0.107,-0.167,0.645,0.548
ALT,-0.131,-0.107,0.472,-0.165,0.046,-0.23,0.0,0.283,-0.368,-0.007,-0.085,0.211,0.499,-0.348,-0.065,0.309,-0.324,0.4,-0.172,-0.108,-0.32,-0.148,0.118,-0.271,-0.409,0.373,0.524,0.17,-0.244,-0.095,-0.131,0.01,0.513,0.348,0.137,-0.148,-0.114,-0.267,-0.142,0.783,0.045,0.497,0.057,-0.259,-0.198,-0.217,0.044,0.702,0.374,0.433,-0.375,0.056,0.594,-0.468,0.621,0.26,-0.106,-0.328,-0.04,0.222,0.218,-0.341,-0.364,0.274,-0.021,-0.176,0.05,0.121,-0.177,0.256,0.24,0.616,-0.114,-0.038,0.621,-0.058,-0.16,0.127,-0.101,0.327,-0.396,-0.2,0.277,0.007,0.214,0.184,-0.09,0.292,-0.444,0.319,0.26,0.157,0.19,-0.073,0.296,0.146,-0.177,0.601,-0.218,0.273,0.456,0.006,0.072,-0.182,-0.045,0.232,-0.281,-0.341,0.126,0.04,-0.111,-0.172,-0.042,-0.24,0.058,0.448,0.472,0.225,0.321,-0.088,-0.205,0.403,0.007,-0.197,0.231,0.106,-0.214,-0.131,-0.445,0.453,-0.18,-0.147,-0.281,-0.387,0.121,0.142,-0.215,0.463,0.201,-0.17,0.225,0.464,0.41,0.495,0.143,-0.082,-0.188,0.003,-0.348,-0.117,-0.046,-0.031,0.627,-0.252,0.021,0.135,0.382,0.013,0.433,-0.093,0.224,-0.562,-0.619,-0.127,0.325,0.576,0.113,0.088,0.216,-0.322,0.393,0.463,0.593,-0.141,0.168,-0.291,-0.059,-0.016,-0.547,0.043,0.542,0.153,-0.051,0.304,0.352,0.395,-0.373,-0.15,-0.131,-0.016,-0.176,0.056,-0.106,0.226,-0.197,-0.28,-0.077,0.101,-0.12,0.01
AMGN,-0.922,0.791,0.784,0.512,-0.665,-0.429,0.283,0.0,-0.805,-0.569,-0.845,-0.128,-0.289,-0.184,0.682,0.881,-0.676,0.167,-0.717,-0.534,-0.833,-0.212,-0.841,-0.254,0.033,0.466,-0.306,-0.304,0.495,-0.525,-0.883,-0.85,0.751,-0.404,-0.667,-0.258,-0.797,-0.917,-0.778,0.085,-0.801,0.599,-0.878,0.453,-0.86,0.755,-0.853,0.441,0.665,0.545,0.143,-0.779,0.033,0.467,0.485,-0.758,-0.935,-0.895,-0.862,-0.37,0.153,-0.871,-0.887,-0.5,0.475,-0.758,-0.504,-0.689,0.369,-0.163,-0.761,0.275,-0.898,-0.275,-0.17,-0.817,-0.582,-0.835,-0.19,-0.689,-0.907,-0.81,-0.334,-0.069,-0.719,0.847,-0.85,-0.602,-0.291,0.535,0.553,-0.801,-0.464,-0.687,0.135,-0.795,-0.749,0.06,-0.492,-0.045,-0.461,-0.905,-0.138,-0.487,-0.761,-0.134,-0.664,-0.772,-0.449,-0.611,-0.875,-0.862,-0.88,-0.686,-0.293,-0.017,0.714,-0.537,0.148,-0.885,-0.936,-0.061,-0.524,-0.818,0.818,-0.868,-0.357,-0.143,-0.655,-0.577,-0.229,-0.896,-0.81,-0.804,-0.681,-0.81,-0.144,-0.507,0.081,-0.544,-0.483,0.687,0.061,0.745,-0.561,-0.927,-0.677,-0.832,-0.757,-0.243,-0.87,0.322,0.13,-0.681,-0.617,-0.773,0.74,-0.874,-0.424,-0.037,-0.547,-0.693,-0.219,-0.823,-0.036,-0.438,-0.639,-0.377,-0.645,0.299,-0.505,0.431,-0.236,-0.863,-0.009,-0.878,-0.868,-0.901,-0.783,-0.806,0.501,-0.48,0.06,0.148,0.045,0.711,-0.437,0.768,-0.83,0.049,-0.941,-0.829,-0.901,-0.267,-0.789,0.068,0.601,0.589,-0.769,-0.841
AMPH,0.863,-0.687,-0.641,-0.308,0.46,0.495,-0.368,-0.805,0.0,0.41,0.807,0.174,0.082,0.381,-0.505,-0.802,0.568,-0.018,0.672,0.381,0.912,0.462,0.677,0.37,0.122,-0.383,0.118,0.245,-0.499,0.379,0.812,0.783,-0.59,0.349,0.641,0.109,0.722,0.839,0.623,-0.21,0.686,-0.371,0.692,-0.101,0.702,-0.506,0.697,-0.621,-0.641,-0.664,0.061,0.639,-0.2,-0.191,-0.62,0.48,0.784,0.894,0.712,0.359,-0.065,0.861,0.862,0.31,-0.418,0.685,0.357,0.48,-0.088,0.025,0.547,-0.319,0.775,0.283,0.07,0.752,0.464,0.702,0.137,0.578,0.868,0.801,0.295,0.225,0.448,-0.689,0.801,0.417,0.36,-0.604,-0.415,0.57,0.426,0.752,0.064,0.673,0.653,-0.127,0.411,-0.015,0.434,0.718,0.209,0.588,0.559,0.189,0.548,0.728,0.364,0.517,0.716,0.811,0.668,0.756,0.297,-0.16,-0.713,0.473,-0.086,0.75,0.855,0.114,0.466,0.688,-0.6,0.649,0.551,0.102,0.722,0.412,-0.039,0.848,0.876,0.758,0.51,0.683,0.165,0.328,-0.122,0.4,0.364,-0.776,-0.096,-0.599,0.516,0.79,0.576,0.737,0.754,0.255,0.728,-0.159,-0.248,0.743,0.458,0.589,-0.47,0.752,0.36,0.178,0.41,0.481,0.299,0.732,0.024,0.201,0.619,0.255,0.549,-0.271,0.4,-0.395,0.097,0.727,-0.003,0.816,0.816,0.782,0.824,0.707,-0.347,0.529,0.04,-0.176,-0.052,-0.642,0.299,-0.441,0.664,-0.013,0.793,0.656,0.706,0.205,0.712,0.041,-0.491,-0.513,0.733,0.629
AMZN,0.57,-0.231,-0.488,0.011,0.869,0.593,-0.007,-0.569,0.41,0.0,0.593,0.71,-0.068,0.328,-0.345,-0.509,0.66,0.3,0.737,0.236,0.512,0.317,0.472,-0.143,0.367,0.339,0.221,0.628,-0.044,0.869,0.68,0.671,-0.413,-0.092,0.743,0.694,0.873,0.732,0.837,0.085,0.756,-0.603,0.65,-0.647,0.488,-0.362,0.791,-0.022,0.039,-0.179,-0.427,0.153,-0.01,-0.525,-0.218,0.663,0.695,0.614,0.782,0.822,0.27,0.449,0.487,0.771,0.163,0.296,0.701,0.761,-0.053,0.795,0.402,0.234,0.723,0.558,0.275,0.624,0.144,0.433,0.771,0.578,0.505,0.516,0.8,0.605,0.797,-0.225,0.664,0.778,0.623,0.194,0.181,0.453,0.688,0.691,-0.198,0.558,0.289,0.35,0.688,0.641,0.335,0.619,0.082,0.73,0.892,0.518,0.849,0.684,0.847,0.047,0.678,0.43,0.712,0.649,0.565,0.586,-0.244,0.697,0.565,0.821,0.566,0.547,0.682,0.877,-0.703,0.722,0.156,0.351,0.095,0.546,0.193,0.688,0.612,0.816,0.769,0.745,0.554,0.4,0.642,0.695,0.74,-0.015,0.565,-0.589,0.908,0.622,0.575,0.603,0.785,0.511,0.703,0.296,0.258,0.236,0.883,0.844,-0.368,0.709,0.299,0.566,0.631,0.358,0.436,0.511,0.609,0.696,0.649,0.886,0.728,0.23,0.746,0.181,0.672,0.755,0.5,0.392,0.686,0.573,0.293,0.808,0.081,0.601,0.556,0.447,0.581,-0.05,0.093,-0.519,0.429,0.669,0.655,0.788,0.623,0.815,0.765,0.408,-0.121,-0.152,0.748,0.787
ANIP,0.899,-0.721,-0.614,-0.496,0.633,0.541,-0.085,-0.845,0.807,0.593,0.0,0.197,0.303,0.158,-0.679,-0.718,0.666,-0.004,0.75,0.548,0.89,0.287,0.858,0.193,0.03,-0.324,0.405,0.303,-0.477,0.478,0.829,0.864,-0.654,0.451,0.761,0.322,0.841,0.878,0.805,0.071,0.81,-0.462,0.876,-0.418,0.814,-0.719,0.887,-0.29,-0.507,-0.487,-0.12,0.696,-0.0,-0.45,-0.371,0.745,0.929,0.892,0.867,0.453,-0.141,0.803,0.864,0.492,-0.315,0.726,0.598,0.653,-0.206,0.243,0.759,-0.088,0.86,0.284,0.4,0.841,0.644,0.839,0.173,0.707,0.796,0.87,0.437,0.177,0.706,-0.739,0.821,0.605,0.292,-0.478,-0.409,0.806,0.493,0.708,0.027,0.781,0.781,0.11,0.393,0.167,0.603,0.884,0.175,0.635,0.726,0.421,0.627,0.755,0.601,0.596,0.864,0.822,0.853,0.678,0.372,0.094,-0.61,0.729,0.07,0.855,0.899,0.39,0.578,0.785,-0.7,0.855,0.398,0.21,0.596,0.649,-0.035,0.9,0.802,0.755,0.586,0.836,0.225,0.647,-0.032,0.515,0.625,-0.623,0.103,-0.621,0.671,0.89,0.629,0.861,0.747,0.289,0.822,-0.076,0.056,0.544,0.693,0.775,-0.512,0.879,0.571,0.118,0.646,0.512,0.28,0.831,0.093,0.529,0.735,0.442,0.66,-0.25,0.643,-0.275,0.365,0.85,0.218,0.84,0.881,0.911,0.748,0.885,-0.239,0.565,0.083,-0.071,0.16,-0.591,0.308,-0.608,0.779,0.063,0.878,0.809,0.859,0.329,0.753,-0.097,-0.54,-0.525,0.829,0.842
AOSL,0.182,0.058,-0.189,0.431,0.644,0.407,0.211,-0.128,0.174,0.71,0.197,0.0,-0.271,0.498,0.059,-0.242,0.37,0.625,0.518,-0.168,0.176,0.472,0.101,-0.353,0.501,0.718,-0.003,0.567,0.149,0.735,0.39,0.338,0.112,-0.369,0.575,0.444,0.551,0.328,0.521,0.103,0.376,-0.26,0.231,-0.437,-0.037,-0.004,0.456,0.021,0.335,0.117,-0.548,-0.192,-0.116,-0.477,-0.132,0.287,0.267,0.178,0.419,0.848,0.699,0.065,0.052,0.619,0.261,-0.169,0.346,0.425,0.065,0.843,0.029,0.387,0.36,0.63,0.127,0.31,-0.329,0.086,0.796,0.421,0.137,0.173,0.833,0.721,0.527,0.226,0.405,0.625,0.607,0.535,0.561,0.11,0.718,0.489,0.07,0.316,-0.156,0.357,0.537,0.771,0.232,0.202,0.114,0.524,0.484,0.418,0.585,0.375,0.644,-0.336,0.248,0.004,0.337,0.558,0.629,0.714,-0.062,0.442,0.741,0.471,0.143,0.49,0.613,0.583,-0.294,0.357,0.112,0.177,-0.328,0.308,0.157,0.341,0.37,0.516,0.615,0.442,0.589,0.11,0.879,0.535,0.524,0.308,0.699,-0.178,0.735,0.214,0.235,0.165,0.542,0.483,0.404,0.483,0.445,0.081,0.64,0.569,-0.018,0.365,0.105,0.758,0.313,-0.162,0.09,0.082,0.871,0.564,0.456,0.791,0.567,0.147,0.645,0.574,0.656,0.373,0.509,-0.112,0.35,0.155,-0.144,0.489,0.365,0.645,0.728,0.721,0.705,0.422,-0.421,-0.235,-0.106,0.765,0.192,0.509,0.195,0.88,0.45,0.636,0.16,0.045,0.444,0.349
APDN,0.388,-0.622,0.04,-0.787,0.044,-0.111,0.499,-0.289,0.082,-0.068,0.303,-0.271,0.0,-0.47,-0.6,-0.133,0.019,-0.205,-0.029,0.432,0.113,-0.388,0.612,0.152,-0.694,-0.375,0.753,-0.006,-0.634,-0.211,0.173,0.335,-0.12,0.757,0.112,-0.178,0.099,0.157,0.044,0.604,0.307,0.159,0.492,-0.363,0.366,-0.68,0.299,0.37,-0.297,-0.083,-0.191,0.63,0.722,-0.441,0.346,0.565,0.338,0.217,0.239,-0.03,-0.421,0.229,0.221,0.211,-0.361,0.49,0.144,0.309,-0.546,-0.164,0.65,0.055,0.245,-0.345,0.689,0.303,0.501,0.602,-0.491,0.412,0.121,0.278,0.025,-0.427,0.37,-0.532,0.138,0.264,-0.562,-0.419,-0.474,0.574,-0.024,0.045,0.007,0.412,0.486,0.268,-0.225,-0.204,0.465,0.464,0.04,-0.17,0.194,0.154,-0.181,-0.059,0.058,0.669,0.303,0.383,0.329,-0.103,-0.138,-0.0,0.126,0.361,-0.295,0.184,0.326,0.153,-0.066,0.028,-0.196,0.451,-0.171,-0.151,0.23,0.584,-0.162,0.243,0.039,-0.149,0.108,0.347,-0.453,0.739,-0.383,-0.128,0.162,-0.223,-0.044,0.033,0.046,0.393,0.143,0.413,-0.13,-0.288,0.272,-0.594,0.152,0.146,0.056,0.276,-0.192,0.333,0.527,-0.556,0.473,0.09,-0.498,0.392,-0.164,0.377,0.247,-0.114,0.258,-0.615,0.283,-0.133,0.289,0.235,-0.216,0.337,0.276,0.48,0.084,0.274,-0.074,-0.038,-0.478,-0.249,-0.114,-0.388,0.18,-0.515,0.397,-0.519,0.286,0.248,0.327,-0.137,0.079,-0.658,-0.412,-0.499,0.135,0.329
APLT,0.218,0.078,-0.295,0.557,0.348,0.491,-0.348,-0.184,0.381,0.328,0.158,0.498,-0.47,0.0,0.326,-0.299,0.24,0.471,0.587,-0.191,0.3,0.832,-0.02,-0.384,0.669,0.354,-0.459,0.414,0.201,0.51,0.438,0.226,0.06,-0.416,0.371,0.164,0.368,0.325,0.312,-0.485,0.174,-0.318,0.11,0.059,-0.075,0.325,0.212,-0.543,-0.254,0.141,0.035,-0.044,-0.45,0.087,-0.616,-0.115,0.133,0.202,0.317,0.421,0.442,0.198,0.18,0.124,0.087,-0.238,0.154,0.113,0.306,0.246,-0.149,-0.057,0.324,0.683,-0.466,0.366,-0.317,-0.046,0.605,0.167,0.457,0.255,0.3,0.629,0.028,0.091,0.365,0.254,0.636,0.123,0.243,-0.111,0.563,0.461,0.159,0.099,-0.03,-0.326,0.736,0.444,-0.297,-0.022,0.486,0.434,0.244,-0.236,0.552,0.31,0.176,-0.159,-0.016,0.025,0.069,0.645,0.526,0.206,-0.357,0.018,0.392,0.329,0.26,-0.118,0.565,0.399,-0.201,0.069,0.442,-0.239,-0.141,-0.107,0.185,0.309,0.415,0.534,0.366,0.186,0.707,-0.392,0.299,0.575,0.316,-0.185,0.205,-0.273,0.321,0.172,0.234,-0.016,0.608,0.512,0.35,0.381,0.092,0.176,0.295,0.299,-0.008,0.03,-0.353,0.606,0.05,0.132,0.261,0.033,0.257,-0.01,0.255,0.364,0.137,0.208,0.245,0.209,0.049,0.144,0.341,0.15,0.324,0.077,0.098,0.16,-0.033,0.488,0.589,0.503,0.298,0.233,-0.019,0.116,0.07,0.507,0.213,0.359,0.044,0.454,0.331,0.791,0.217,0.157,0.446,0.198
APVO,-0.703,0.709,0.428,0.84,-0.369,-0.175,-0.065,0.682,-0.505,-0.345,-0.679,0.059,-0.6,0.326,0.0,0.536,-0.419,0.394,-0.317,-0.633,-0.605,0.264,-0.757,-0.452,0.365,0.466,-0.598,-0.056,0.645,-0.116,-0.53,-0.676,0.636,-0.577,-0.432,-0.155,-0.536,-0.652,-0.483,-0.336,-0.691,0.275,-0.753,0.443,-0.767,0.833,-0.655,-0.072,0.389,0.493,0.278,-0.64,-0.378,0.507,-0.094,-0.732,-0.726,-0.703,-0.614,-0.217,0.377,-0.664,-0.704,-0.395,0.332,-0.82,-0.398,-0.589,0.509,-0.087,-0.796,0.115,-0.586,0.119,-0.6,-0.551,-0.708,-0.789,0.198,-0.51,-0.464,-0.654,-0.303,0.197,-0.632,0.767,-0.543,-0.505,0.087,0.533,0.571,-0.753,-0.064,-0.371,0.147,-0.581,-0.762,-0.345,0.014,0.169,-0.653,-0.786,0.128,-0.319,-0.609,-0.413,-0.239,-0.47,-0.427,-0.625,-0.786,-0.783,-0.698,-0.186,-0.003,0.082,0.289,-0.676,0.237,-0.589,-0.702,-0.314,-0.211,-0.483,0.58,-0.736,-0.038,-0.318,-0.606,-0.662,0.077,-0.606,-0.474,-0.364,-0.331,-0.658,0.276,-0.778,0.177,-0.162,-0.282,0.477,-0.0,0.424,-0.385,-0.733,-0.457,-0.799,-0.326,0.168,-0.508,0.36,0.109,-0.52,-0.447,-0.511,0.483,-0.758,-0.59,0.359,-0.573,-0.449,-0.042,-0.706,0.104,-0.407,-0.528,-0.184,-0.489,0.392,-0.335,0.43,-0.321,-0.692,0.23,-0.696,-0.628,-0.762,-0.612,-0.665,0.209,-0.165,0.31,0.366,0.101,0.718,-0.368,0.74,-0.645,0.307,-0.659,-0.538,-0.702,-0.073,-0.524,0.548,0.556,0.64,-0.401,-0.65
ARGX,-0.825,0.692,0.821,0.361,-0.578,-0.416,0.309,0.881,-0.802,-0.509,-0.718,-0.242,-0.133,-0.299,0.536,0.0,-0.607,0.1,-0.72,-0.332,-0.77,-0.3,-0.717,-0.161,-0.101,0.37,-0.121,-0.214,0.42,-0.519,-0.792,-0.721,0.598,-0.28,-0.578,-0.154,-0.725,-0.81,-0.671,0.21,-0.651,0.624,-0.726,0.43,-0.643,0.58,-0.786,0.556,0.609,0.497,0.228,-0.617,0.22,0.495,0.491,-0.636,-0.805,-0.772,-0.739,-0.395,0.003,-0.742,-0.778,-0.45,0.518,-0.591,-0.391,-0.521,0.415,-0.184,-0.593,0.402,-0.8,-0.312,-0.011,-0.744,-0.456,-0.727,-0.188,-0.591,-0.81,-0.791,-0.379,-0.133,-0.642,0.735,-0.76,-0.566,-0.4,0.468,0.417,-0.705,-0.469,-0.645,0.075,-0.68,-0.584,0.191,-0.445,-0.114,-0.383,-0.764,-0.078,-0.506,-0.631,-0.073,-0.641,-0.793,-0.346,-0.378,-0.774,-0.692,-0.722,-0.692,-0.323,-0.011,0.749,-0.414,0.049,-0.788,-0.799,-0.09,-0.555,-0.789,0.75,-0.723,-0.258,-0.1,-0.537,-0.476,-0.29,-0.803,-0.802,-0.767,-0.627,-0.69,-0.157,-0.341,-0.023,-0.571,-0.414,0.645,0.132,0.729,-0.543,-0.777,-0.673,-0.652,-0.754,-0.165,-0.775,0.219,0.156,-0.609,-0.585,-0.678,0.742,-0.802,-0.252,-0.185,-0.447,-0.534,-0.139,-0.692,-0.159,-0.344,-0.547,-0.319,-0.517,0.313,-0.456,0.302,-0.157,-0.796,-0.095,-0.694,-0.747,-0.754,-0.701,-0.709,0.529,-0.42,0.032,0.035,0.066,0.569,-0.218,0.695,-0.62,-0.01,-0.778,-0.743,-0.741,-0.277,-0.766,-0.068,0.418,0.633,-0.655,-0.692
ARLP,0.626,-0.388,-0.596,-0.217,0.602,0.484,-0.324,-0.676,0.568,0.66,0.666,0.37,0.019,0.24,-0.419,-0.607,0.0,-0.136,0.642,0.427,0.59,0.166,0.537,0.065,0.182,-0.069,0.264,0.361,-0.112,0.64,0.615,0.561,-0.584,-0.064,0.462,0.54,0.783,0.701,0.79,-0.096,0.537,-0.712,0.61,-0.597,0.565,-0.445,0.727,-0.253,-0.244,-0.465,-0.316,0.322,-0.122,-0.46,-0.442,0.608,0.725,0.721,0.648,0.492,-0.0,0.548,0.578,0.495,-0.103,0.466,0.36,0.577,-0.233,0.444,0.337,-0.214,0.695,0.122,0.179,0.542,0.382,0.513,0.398,0.405,0.635,0.612,0.451,0.33,0.689,-0.522,0.542,0.476,0.454,-0.16,-0.097,0.547,0.492,0.454,-0.285,0.571,0.474,-0.019,0.5,0.333,0.241,0.706,0.002,0.572,0.649,0.427,0.603,0.643,0.648,0.212,0.636,0.493,0.719,0.659,0.369,0.278,-0.449,0.586,0.072,0.684,0.598,0.237,0.424,0.78,-0.796,0.656,0.004,0.178,0.342,0.346,0.246,0.71,0.572,0.749,0.522,0.546,0.428,0.368,0.28,0.529,0.501,-0.304,0.285,-0.631,0.618,0.639,0.483,0.533,0.718,0.462,0.635,-0.037,-0.028,0.251,0.682,0.694,-0.697,0.685,0.305,0.328,0.461,0.492,0.331,0.595,0.352,0.39,0.552,0.611,0.578,-0.034,0.583,-0.081,0.258,0.708,0.335,0.491,0.617,0.636,0.474,0.712,-0.385,0.43,0.315,0.128,0.196,-0.366,0.275,-0.592,0.361,0.283,0.65,0.656,0.722,0.456,0.644,0.256,-0.169,-0.568,0.698,0.692
ATEX,-0.022,0.138,0.193,0.544,0.376,0.157,0.4,0.167,-0.018,0.3,-0.004,0.625,-0.205,0.471,0.394,0.1,-0.136,0.0,0.279,-0.3,-0.022,0.576,-0.041,-0.515,0.35,0.68,-0.033,0.412,0.149,0.409,0.174,0.169,0.392,-0.133,0.457,0.101,0.17,0.014,0.146,0.207,0.128,0.226,0.049,-0.024,-0.231,0.189,0.115,0.054,0.262,0.423,-0.133,-0.125,-0.022,-0.141,-0.084,-0.015,-0.047,-0.137,0.175,0.531,0.594,-0.159,-0.188,0.305,0.18,-0.391,0.215,0.163,0.417,0.503,-0.031,0.575,0.103,0.602,0.095,0.189,-0.496,-0.05,0.555,0.362,-0.022,-0.106,0.488,0.553,0.108,0.431,0.224,0.36,0.231,0.505,0.456,-0.135,0.583,0.383,0.404,0.187,-0.272,0.251,0.389,0.629,0.108,-0.097,0.393,0.178,0.122,0.115,0.282,-0.043,0.299,-0.157,-0.125,-0.184,0.009,0.341,0.501,0.559,0.094,0.147,0.667,0.169,-0.037,0.303,0.484,0.153,0.188,0.078,0.378,-0.134,-0.482,0.226,-0.081,0.108,0.126,0.146,0.386,0.226,0.491,-0.04,0.502,0.275,0.412,0.329,0.535,0.232,0.396,-0.017,-0.003,-0.035,0.21,0.454,0.218,0.435,0.629,-0.078,0.218,0.287,0.433,-0.012,0.074,0.569,0.19,-0.355,-0.119,-0.09,0.52,0.388,0.27,0.464,0.293,0.111,0.457,0.567,0.53,-0.025,0.382,-0.198,0.166,-0.039,-0.341,0.15,0.564,0.6,0.583,0.687,0.664,0.6,-0.418,0.194,-0.095,0.583,-0.027,0.236,-0.101,0.623,0.084,0.515,0.118,0.452,0.284,0.091
ATRA,0.738,-0.411,-0.743,-0.051,0.711,0.763,-0.172,-0.717,0.672,0.737,0.75,0.518,-0.029,0.587,-0.317,-0.72,0.642,0.279,0.0,0.165,0.742,0.631,0.629,-0.306,0.51,0.085,-0.016,0.469,-0.141,0.776,0.831,0.713,-0.369,0.085,0.736,0.443,0.884,0.813,0.83,-0.223,0.668,-0.66,0.727,-0.522,0.471,-0.325,0.855,-0.387,-0.463,-0.117,-0.248,0.4,-0.289,-0.467,-0.497,0.579,0.776,0.692,0.856,0.651,0.152,0.566,0.642,0.574,-0.091,0.295,0.659,0.516,-0.09,0.481,0.472,-0.043,0.805,0.655,0.081,0.851,0.315,0.553,0.542,0.583,0.751,0.828,0.591,0.529,0.667,-0.478,0.739,0.7,0.694,-0.117,-0.036,0.567,0.686,0.752,0.088,0.556,0.529,-0.057,0.721,0.579,0.268,0.622,0.412,0.785,0.735,0.228,0.889,0.808,0.617,0.266,0.666,0.491,0.664,0.832,0.716,0.326,-0.642,0.563,0.456,0.834,0.756,0.326,0.887,0.888,-0.718,0.695,0.369,-0.049,0.176,0.476,0.173,0.798,0.754,0.859,0.652,0.712,0.653,0.288,0.269,0.901,0.762,-0.474,0.223,-0.717,0.754,0.726,0.715,0.549,0.924,0.447,0.822,0.275,0.196,0.292,0.833,0.808,-0.444,0.694,0.144,0.533,0.606,0.471,0.323,0.574,0.374,0.493,0.662,0.613,0.51,-0.078,0.718,0.143,0.398,0.778,0.483,0.591,0.778,0.679,0.513,0.758,-0.231,0.636,0.459,0.439,0.377,-0.174,0.058,-0.478,0.571,0.456,0.718,0.86,0.616,0.594,0.828,0.45,-0.153,-0.317,0.867,0.786
AUTL,0.518,-0.551,-0.157,-0.591,0.34,0.077,-0.108,-0.534,0.381,0.236,0.548,-0.168,0.432,-0.191,-0.633,-0.332,0.427,-0.3,0.165,0.0,0.494,-0.195,0.528,0.49,-0.338,-0.455,0.582,-0.03,-0.485,-0.001,0.372,0.545,-0.724,0.288,0.355,0.182,0.362,0.521,0.365,0.249,0.476,-0.165,0.577,-0.215,0.706,-0.62,0.42,-0.08,-0.335,-0.458,-0.081,0.558,0.368,-0.256,-0.136,0.441,0.543,0.578,0.469,0.011,-0.38,0.662,0.639,0.107,-0.324,0.676,0.121,0.5,-0.203,0.024,0.53,-0.15,0.481,-0.204,0.424,0.351,0.418,0.576,-0.079,0.369,0.448,0.387,0.141,-0.306,0.37,-0.555,0.471,0.275,-0.14,-0.568,-0.629,0.471,0.055,0.268,-0.267,0.553,0.581,0.063,0.01,-0.301,0.314,0.643,0.055,0.204,0.445,0.257,0.142,0.235,0.301,0.585,0.515,0.706,0.54,0.21,-0.009,-0.02,-0.213,0.54,-0.334,0.419,0.571,0.083,0.122,0.315,-0.493,0.532,0.179,0.36,0.532,0.407,-0.13,0.518,0.335,0.313,0.238,0.463,-0.146,0.54,-0.255,0.02,0.15,-0.39,0.059,-0.246,0.245,0.615,0.231,0.622,0.22,0.099,0.369,-0.372,-0.067,0.481,0.218,0.356,-0.373,0.48,0.511,-0.404,0.42,0.42,0.092,0.61,-0.32,0.207,0.399,0.205,0.418,-0.08,0.193,-0.514,0.148,0.423,-0.129,0.599,0.514,0.619,0.512,0.478,-0.193,0.188,-0.252,-0.447,0.018,-0.681,0.563,-0.5,0.522,-0.33,0.593,0.331,0.61,0.002,0.268,-0.436,-0.536,-0.423,0.366,0.48
AVDL,0.89,-0.68,-0.675,-0.366,0.562,0.548,-0.32,-0.833,0.912,0.512,0.89,0.176,0.113,0.3,-0.605,-0.77,0.59,-0.022,0.742,0.494,0.0,0.442,0.744,0.293,0.159,-0.351,0.172,0.265,-0.451,0.44,0.845,0.842,-0.676,0.368,0.724,0.218,0.779,0.897,0.723,-0.132,0.765,-0.434,0.774,-0.186,0.764,-0.563,0.787,-0.514,-0.615,-0.552,0.025,0.645,-0.173,-0.263,-0.527,0.554,0.857,0.914,0.822,0.405,-0.118,0.869,0.914,0.369,-0.363,0.707,0.5,0.543,-0.051,0.134,0.654,-0.182,0.824,0.35,0.178,0.821,0.569,0.752,0.194,0.629,0.854,0.872,0.398,0.23,0.547,-0.722,0.846,0.525,0.387,-0.549,-0.452,0.67,0.44,0.781,0.08,0.697,0.761,-0.002,0.417,0.057,0.512,0.778,0.223,0.64,0.649,0.27,0.631,0.78,0.509,0.554,0.814,0.834,0.739,0.732,0.406,-0.069,-0.717,0.605,-0.012,0.806,0.905,0.223,0.599,0.75,-0.652,0.724,0.547,0.175,0.691,0.512,-0.067,0.887,0.883,0.795,0.526,0.762,0.241,0.445,-0.081,0.503,0.502,-0.745,-0.034,-0.648,0.587,0.849,0.617,0.814,0.777,0.253,0.768,-0.052,-0.124,0.689,0.603,0.658,-0.459,0.804,0.422,0.175,0.518,0.553,0.341,0.762,-0.004,0.308,0.675,0.347,0.559,-0.229,0.473,-0.383,0.206,0.796,0.099,0.866,0.848,0.844,0.866,0.785,-0.314,0.554,0.104,-0.147,0.019,-0.642,0.336,-0.491,0.756,0.044,0.852,0.721,0.774,0.268,0.747,0.006,-0.521,-0.499,0.779,0.734
BCRX,0.287,-0.053,-0.227,0.497,0.36,0.472,-0.148,-0.212,0.462,0.317,0.287,0.472,-0.388,0.832,0.264,-0.3,0.166,0.576,0.631,-0.195,0.442,0.0,0.106,-0.338,0.614,0.34,-0.376,0.406,0.111,0.51,0.494,0.325,0.119,-0.199,0.518,0.139,0.402,0.361,0.358,-0.316,0.251,-0.106,0.19,0.127,0.013,0.204,0.296,-0.485,-0.287,0.107,0.091,0.081,-0.443,0.008,-0.566,-0.052,0.212,0.252,0.386,0.428,0.526,0.212,0.211,0.161,-0.017,-0.192,0.206,0.087,0.395,0.22,-0.019,0.145,0.341,0.696,-0.34,0.426,-0.281,0.063,0.565,0.329,0.475,0.333,0.315,0.656,0.061,0.028,0.466,0.296,0.524,0.085,0.239,0.0,0.63,0.587,0.398,0.215,0.015,-0.193,0.645,0.481,0.003,0.058,0.541,0.49,0.193,-0.142,0.508,0.328,0.214,-0.034,0.053,0.098,0.129,0.687,0.605,0.216,-0.433,0.11,0.435,0.37,0.314,0.016,0.622,0.38,-0.147,0.149,0.632,-0.332,-0.086,0.014,0.05,0.377,0.459,0.509,0.412,0.278,0.655,-0.248,0.233,0.515,0.384,-0.269,0.225,-0.163,0.387,0.233,0.21,0.087,0.561,0.529,0.436,0.427,0.264,0.233,0.297,0.346,0.15,0.143,-0.092,0.663,0.035,-0.033,0.202,0.112,0.279,0.119,0.361,0.321,0.22,0.095,0.368,0.209,0.101,0.165,0.378,0.207,0.405,0.17,0.15,0.252,0.079,0.66,0.562,0.499,0.294,0.245,-0.11,0.104,0.172,0.476,0.266,0.406,0.106,0.461,0.317,0.68,-0.031,0.171,0.484,0.219
BHAT,0.9,-0.871,-0.56,-0.679,0.602,0.336,0.118,-0.841,0.677,0.472,0.858,0.101,0.612,-0.02,-0.757,-0.717,0.537,-0.041,0.629,0.528,0.744,0.106,0.0,0.139,-0.249,-0.384,0.589,0.326,-0.613,0.405,0.81,0.859,-0.551,0.681,0.684,0.135,0.733,0.801,0.696,0.295,0.795,-0.348,0.932,-0.53,0.809,-0.859,0.867,-0.134,-0.586,-0.385,-0.205,0.867,0.244,-0.614,-0.213,0.869,0.901,0.781,0.837,0.388,-0.212,0.731,0.77,0.564,-0.505,0.743,0.536,0.694,-0.428,0.161,0.907,-0.038,0.844,0.161,0.539,0.856,0.674,0.953,0.004,0.807,0.742,0.799,0.402,-0.008,0.771,-0.859,0.768,0.678,0.017,-0.498,-0.529,0.901,0.47,0.667,0.047,0.847,0.796,0.168,0.326,0.117,0.668,0.926,0.204,0.379,0.686,0.293,0.485,0.593,0.489,0.745,0.833,0.804,0.839,0.562,0.32,0.143,-0.515,0.669,-0.087,0.811,0.877,0.279,0.516,0.69,-0.705,0.908,0.249,0.012,0.517,0.804,0.021,0.859,0.695,0.59,0.627,0.852,0.031,0.778,-0.129,0.429,0.597,-0.577,0.05,-0.516,0.573,0.9,0.596,0.843,0.583,0.133,0.858,-0.371,0.139,0.535,0.595,0.799,-0.56,0.866,0.656,-0.093,0.728,0.478,-0.067,0.848,0.067,0.633,0.728,0.324,0.677,-0.514,0.676,-0.262,0.455,0.802,0.077,0.807,0.843,0.941,0.614,0.826,-0.315,0.488,-0.081,-0.071,0.039,-0.6,0.307,-0.778,0.818,-0.13,0.856,0.815,0.854,0.261,0.68,-0.268,-0.639,-0.629,0.744,0.835
BLBD,0.239,-0.359,0.001,-0.457,-0.106,-0.291,-0.271,-0.254,0.37,-0.143,0.193,-0.353,0.152,-0.384,-0.452,-0.161,0.065,-0.515,-0.306,0.49,0.293,-0.338,0.139,0.0,-0.444,-0.588,0.267,-0.246,-0.469,-0.346,0.055,0.209,-0.494,0.273,-0.009,-0.146,-0.027,0.21,-0.064,0.063,0.203,0.142,0.105,0.316,0.475,-0.392,-0.026,-0.202,-0.157,-0.776,0.205,0.302,0.172,0.179,-0.081,0.06,0.178,0.401,-0.013,-0.262,-0.317,0.524,0.396,-0.124,-0.308,0.657,-0.194,0.137,-0.08,-0.383,0.204,-0.26,0.082,-0.428,0.106,-0.08,0.287,0.267,-0.352,0.031,0.181,0.066,-0.213,-0.404,-0.058,-0.329,0.185,-0.186,-0.295,-0.589,-0.473,0.13,-0.306,0.055,-0.245,0.215,0.253,0.088,-0.348,-0.731,0.273,0.29,-0.336,-0.054,0.039,0.146,-0.243,0.073,-0.101,0.334,0.281,0.569,0.21,-0.092,-0.454,-0.524,-0.106,0.111,-0.599,0.062,0.24,-0.103,-0.442,-0.06,-0.082,0.125,0.158,0.435,0.755,0.041,-0.197,0.163,0.223,0.024,-0.065,0.112,-0.59,0.202,-0.37,-0.513,-0.399,-0.358,-0.3,-0.041,-0.116,0.229,-0.063,0.414,-0.109,-0.227,-0.032,-0.473,-0.563,0.625,-0.242,-0.127,-0.161,0.253,0.333,-0.437,-0.111,0.195,0.154,0.317,-0.372,-0.216,0.033,-0.253,0.185,-0.071,-0.318,-0.729,-0.234,0.12,-0.546,0.375,0.155,0.248,0.486,0.113,-0.126,-0.154,-0.496,-0.805,-0.406,-0.706,0.441,-0.184,0.224,-0.491,0.247,-0.107,0.28,-0.349,-0.009,-0.569,-0.474,-0.293,-0.089,-0.015
BMRN,-0.075,0.501,-0.349,0.655,0.182,0.575,-0.409,0.033,0.122,0.367,0.03,0.501,-0.694,0.669,0.365,-0.101,0.182,0.35,0.51,-0.338,0.159,0.614,-0.249,-0.444,0.0,0.463,-0.705,0.118,0.571,0.501,0.126,-0.056,0.07,-0.619,0.189,0.472,0.296,0.173,0.312,-0.632,-0.037,-0.415,-0.123,-0.021,-0.206,0.508,0.103,-0.359,0.069,0.21,-0.019,-0.464,-0.712,0.15,-0.356,-0.276,0.007,0.043,0.158,0.316,0.39,-0.05,0.017,0.054,0.521,-0.381,0.261,-0.162,0.417,0.38,-0.402,-0.019,0.045,0.63,-0.451,0.116,-0.243,-0.352,0.639,-0.213,0.107,0.183,0.269,0.568,-0.051,0.324,0.098,0.086,0.872,0.353,0.494,-0.28,0.216,0.231,0.107,-0.27,-0.105,-0.232,0.415,0.519,-0.302,-0.226,0.229,0.586,0.126,0.067,0.588,0.427,0.238,-0.458,-0.006,-0.218,-0.059,0.382,0.521,0.196,-0.316,-0.006,0.634,0.155,-0.007,0.157,0.542,0.359,-0.118,-0.119,0.257,0.051,-0.297,-0.337,0.103,0.051,0.188,0.419,0.049,-0.036,0.78,-0.465,0.434,0.617,0.209,-0.036,0.195,-0.346,0.3,-0.083,0.229,-0.207,0.51,0.369,0.088,0.82,0.06,-0.169,0.388,0.075,0.106,-0.059,-0.496,0.739,-0.083,0.086,0.59,-0.136,0.368,-0.146,0.062,0.349,-0.128,0.49,0.097,0.395,-0.058,0.136,0.429,-0.115,0.039,-0.185,0.066,0.069,0.085,0.238,0.725,0.499,0.427,0.379,-0.308,0.306,-0.155,0.679,-0.049,0.125,-0.163,0.384,0.287,0.777,0.415,0.308,0.244,0.01
BNGO,-0.379,0.538,0.333,0.686,0.225,0.111,0.373,0.466,-0.383,0.339,-0.324,0.718,-0.375,0.354,0.466,0.37,-0.069,0.68,0.085,-0.455,-0.351,0.34,-0.384,-0.588,0.463,0.0,-0.154,0.409,0.462,0.407,-0.144,-0.169,0.556,-0.537,0.143,0.329,0.051,-0.238,0.044,0.2,-0.094,0.119,-0.249,-0.177,-0.514,0.446,-0.08,0.394,0.647,0.562,-0.371,-0.602,-0.008,-0.144,0.212,-0.152,-0.314,-0.384,-0.085,0.561,0.639,-0.499,-0.512,0.309,0.586,-0.629,0.137,0.048,0.372,0.681,-0.389,0.648,-0.187,0.426,0.049,-0.162,-0.636,-0.43,0.643,-0.01,-0.38,-0.331,0.538,0.692,0.062,0.688,-0.147,0.257,0.326,0.813,0.838,-0.382,0.404,0.039,0.156,-0.207,-0.551,0.406,0.307,0.748,-0.12,-0.354,0.144,0.196,0.04,0.265,0.15,-0.175,0.395,-0.568,-0.338,-0.525,-0.217,0.065,0.415,0.696,0.433,0.118,0.782,-0.082,-0.398,0.406,0.276,0.023,0.189,-0.167,-0.101,-0.023,-0.749,-0.045,0.024,-0.227,-0.222,-0.024,0.175,-0.069,0.533,-0.174,0.801,0.214,0.282,0.687,0.757,0.31,0.334,-0.343,-0.194,-0.338,0.034,0.378,-0.116,0.659,0.59,-0.46,0.23,0.106,0.47,-0.233,-0.132,0.631,0.019,-0.503,-0.001,-0.419,0.695,0.299,0.049,0.529,0.123,0.368,0.334,0.791,0.497,-0.202,0.457,-0.564,-0.164,-0.377,-0.632,-0.043,0.651,0.326,0.719,0.808,0.68,0.858,-0.519,0.264,-0.477,0.766,-0.351,0.006,-0.363,0.68,-0.084,0.651,0.484,0.479,-0.019,-0.112
BUSE,0.406,-0.598,0.173,-0.657,0.361,-0.155,0.524,-0.306,0.118,0.221,0.405,-0.003,0.753,-0.459,-0.598,-0.121,0.264,-0.033,-0.016,0.582,0.172,-0.376,0.589,0.267,-0.705,-0.154,0.0,0.202,-0.575,0.019,0.252,0.496,-0.265,0.564,0.322,0.028,0.279,0.259,0.258,0.837,0.487,0.114,0.563,-0.454,0.501,-0.766,0.415,0.456,-0.001,-0.249,-0.325,0.542,0.803,-0.54,0.286,0.688,0.42,0.317,0.339,0.248,-0.22,0.293,0.261,0.391,-0.301,0.529,0.199,0.617,-0.424,0.203,0.642,0.265,0.369,-0.342,0.814,0.294,0.335,0.641,-0.168,0.582,0.153,0.167,0.302,-0.164,0.564,-0.39,0.304,0.417,-0.51,-0.203,-0.312,0.564,0.234,0.159,-0.131,0.643,0.359,0.519,-0.071,-0.031,0.553,0.621,-0.116,-0.075,0.396,0.449,-0.112,-0.05,0.399,0.523,0.388,0.464,0.523,0.035,-0.1,0.283,0.23,0.624,-0.182,0.337,0.347,0.374,-0.045,0.171,-0.28,0.595,-0.108,0.157,0.259,0.733,-0.16,0.388,0.136,0.027,0.368,0.506,-0.324,0.841,-0.031,-0.183,0.294,0.056,0.328,0.107,0.317,0.462,0.081,0.575,-0.041,0.087,0.335,-0.516,0.308,0.211,0.183,0.46,-0.224,0.497,0.782,-0.399,0.553,0.004,-0.354,0.491,0.054,0.632,0.452,0.282,0.582,-0.385,0.458,-0.137,0.562,0.306,-0.083,0.327,0.416,0.558,0.05,0.487,0.124,0.228,-0.251,-0.144,0.145,-0.327,0.277,-0.576,0.366,-0.229,0.403,0.366,0.518,0.182,0.128,-0.549,-0.489,-0.372,0.261,0.484
CAKE,0.395,-0.225,-0.15,0.142,0.617,0.311,0.17,-0.304,0.245,0.628,0.303,0.567,-0.006,0.414,-0.056,-0.214,0.361,0.412,0.469,-0.03,0.265,0.406,0.326,-0.246,0.118,0.409,0.202,0.0,-0.031,0.668,0.58,0.487,-0.026,-0.005,0.548,0.255,0.545,0.43,0.506,0.19,0.553,-0.236,0.397,-0.345,0.207,-0.167,0.472,0.002,0.007,0.051,-0.14,0.217,0.22,-0.305,-0.291,0.413,0.404,0.328,0.514,0.633,0.298,0.244,0.187,0.599,0.028,0.068,0.363,0.659,0.107,0.49,0.284,0.371,0.551,0.548,0.126,0.477,-0.089,0.306,0.616,0.575,0.421,0.209,0.56,0.58,0.51,-0.115,0.484,0.613,0.279,0.267,0.238,0.244,0.727,0.582,-0.055,0.473,0.061,0.31,0.766,0.533,0.186,0.366,0.324,0.307,0.579,0.091,0.528,0.227,0.534,0.101,0.291,0.241,0.426,0.556,0.512,0.614,0.012,0.324,0.36,0.554,0.367,0.145,0.447,0.513,-0.392,0.453,0.17,-0.084,-0.041,0.461,0.158,0.504,0.43,0.542,0.693,0.559,0.428,0.203,0.47,0.432,0.626,0.144,0.465,-0.257,0.58,0.416,0.327,0.37,0.52,0.499,0.559,0.013,0.252,0.179,0.48,0.654,-0.139,0.382,0.197,0.461,0.444,0.172,0.031,0.277,0.494,0.607,0.532,0.619,0.641,0.028,0.673,0.181,0.624,0.389,0.423,0.253,0.485,0.385,-0.024,0.472,0.091,0.55,0.484,0.51,0.379,0.132,0.046,-0.322,0.303,0.505,0.467,0.565,0.43,0.62,0.473,0.417,-0.102,0.045,0.601,0.527
CASY,-0.608,0.8,0.178,0.727,-0.166,0.057,-0.244,0.495,-0.499,-0.044,-0.477,0.149,-0.634,0.201,0.645,0.42,-0.112,0.149,-0.141,-0.485,-0.451,0.111,-0.613,-0.469,0.571,0.462,-0.575,-0.031,0.0,0.136,-0.434,-0.577,0.295,-0.675,-0.309,0.329,-0.263,-0.417,-0.115,-0.37,-0.5,-0.09,-0.561,0.111,-0.512,0.702,-0.416,0.073,0.462,0.455,0.199,-0.74,-0.427,0.351,0.033,-0.528,-0.485,-0.491,-0.376,-0.09,0.311,-0.566,-0.515,-0.237,0.613,-0.692,-0.094,-0.399,0.397,0.174,-0.704,0.166,-0.439,0.117,-0.515,-0.431,-0.408,-0.735,0.368,-0.534,-0.408,-0.463,-0.119,0.282,-0.34,0.598,-0.466,-0.323,0.316,0.608,0.54,-0.511,-0.149,-0.362,0.023,-0.604,-0.477,-0.217,0.099,0.305,-0.5,-0.58,-0.163,-0.103,-0.328,-0.12,0.025,-0.161,-0.077,-0.684,-0.481,-0.672,-0.45,-0.209,0.027,0.184,0.182,-0.404,0.279,-0.372,-0.563,-0.081,-0.057,-0.21,0.308,-0.518,-0.139,0.009,-0.524,-0.627,0.251,-0.505,-0.422,-0.155,-0.247,-0.504,0.5,-0.611,0.396,0.091,-0.144,0.454,0.192,0.128,-0.198,-0.585,-0.28,-0.621,-0.127,0.264,-0.365,0.585,0.166,-0.579,-0.1,-0.342,0.234,-0.533,-0.503,0.36,-0.461,-0.217,0.337,-0.52,0.168,-0.291,-0.397,0.073,-0.433,0.612,-0.242,0.371,-0.27,-0.4,0.257,-0.576,-0.524,-0.643,-0.411,-0.409,0.116,-0.136,0.51,0.369,0.115,0.61,-0.357,0.544,-0.517,0.52,-0.501,-0.383,-0.474,0.057,-0.32,0.592,0.522,0.511,-0.335,-0.42
CCOI,0.493,-0.165,-0.523,0.229,0.839,0.543,-0.095,-0.525,0.379,0.869,0.478,0.735,-0.211,0.51,-0.116,-0.519,0.64,0.409,0.776,-0.001,0.44,0.51,0.405,-0.346,0.501,0.407,0.019,0.668,0.136,0.0,0.683,0.567,-0.261,-0.203,0.691,0.615,0.806,0.65,0.815,-0.06,0.606,-0.6,0.54,-0.593,0.357,-0.216,0.704,-0.173,-0.031,-0.061,-0.351,0.125,-0.208,-0.493,-0.39,0.528,0.596,0.491,0.71,0.777,0.42,0.331,0.355,0.706,0.112,0.091,0.61,0.638,0.022,0.746,0.267,0.239,0.66,0.674,0.035,0.609,-0.02,0.333,0.845,0.55,0.537,0.436,0.71,0.703,0.692,-0.17,0.625,0.705,0.662,0.305,0.277,0.361,0.779,0.686,-0.083,0.504,0.17,0.164,0.817,0.741,0.195,0.498,0.186,0.604,0.729,0.292,0.855,0.612,0.73,-0.043,0.521,0.264,0.623,0.743,0.666,0.619,-0.362,0.484,0.55,0.764,0.488,0.352,0.737,0.833,-0.621,0.623,0.246,0.081,-0.056,0.399,0.366,0.637,0.578,0.81,0.79,0.638,0.723,0.177,0.647,0.761,0.717,-0.012,0.513,-0.538,0.792,0.515,0.498,0.408,0.799,0.632,0.74,0.309,0.333,0.164,0.793,0.796,-0.361,0.589,0.161,0.715,0.468,0.298,0.331,0.417,0.663,0.606,0.617,0.822,0.638,0.157,0.732,0.264,0.541,0.647,0.494,0.295,0.62,0.461,0.197,0.679,-0.045,0.689,0.681,0.607,0.524,0.117,0.006,-0.441,0.341,0.743,0.562,0.769,0.536,0.813,0.697,0.634,-0.06,-0.054,0.728,0.678
CEVA,0.917,-0.714,-0.674,-0.281,0.781,0.516,-0.131,-0.883,0.812,0.68,0.829,0.39,0.173,0.438,-0.53,-0.792,0.615,0.174,0.831,0.372,0.845,0.494,0.81,0.055,0.126,-0.144,0.252,0.58,-0.434,0.683,0.0,0.919,-0.538,0.333,0.852,0.263,0.866,0.93,0.801,0.001,0.878,-0.482,0.88,-0.391,0.748,-0.61,0.88,-0.39,-0.578,-0.353,-0.129,0.706,-0.041,-0.462,-0.527,0.718,0.885,0.844,0.934,0.614,0.074,0.807,0.815,0.621,-0.379,0.6,0.606,0.764,-0.17,0.329,0.736,-0.002,0.942,0.537,0.197,0.915,0.39,0.797,0.421,0.824,0.904,0.788,0.548,0.373,0.719,-0.69,0.938,0.758,0.391,-0.331,-0.325,0.712,0.699,0.882,0.069,0.823,0.645,0.104,0.709,0.303,0.477,0.829,0.351,0.581,0.811,0.159,0.765,0.732,0.577,0.522,0.795,0.787,0.825,0.824,0.531,0.214,-0.639,0.595,0.112,0.94,0.926,0.172,0.724,0.851,-0.749,0.859,0.506,0.038,0.465,0.651,0.179,0.932,0.878,0.86,0.819,0.903,0.36,0.456,0.123,0.648,0.647,-0.552,0.18,-0.632,0.72,0.908,0.636,0.82,0.842,0.402,0.94,-0.116,0.089,0.67,0.705,0.877,-0.502,0.835,0.429,0.268,0.632,0.551,0.18,0.762,0.219,0.585,0.791,0.528,0.759,-0.254,0.691,-0.226,0.467,0.826,0.188,0.823,0.942,0.874,0.652,0.837,-0.253,0.718,0.219,0.145,0.166,-0.456,0.324,-0.651,0.802,0.218,0.926,0.914,0.818,0.507,0.813,0.173,-0.508,-0.402,0.886,0.873
CHY,0.926,-0.775,-0.528,-0.439,0.786,0.421,0.01,-0.85,0.783,0.671,0.864,0.338,0.335,0.226,-0.676,-0.721,0.561,0.169,0.713,0.545,0.842,0.325,0.859,0.209,-0.056,-0.169,0.496,0.487,-0.577,0.567,0.919,0.0,-0.586,0.47,0.859,0.241,0.844,0.915,0.765,0.246,0.935,-0.345,0.937,-0.411,0.831,-0.754,0.881,-0.226,-0.491,-0.436,-0.193,0.749,0.186,-0.511,-0.345,0.798,0.894,0.869,0.923,0.617,-0.017,0.832,0.837,0.664,-0.372,0.722,0.621,0.835,-0.177,0.348,0.84,0.086,0.918,0.386,0.45,0.886,0.454,0.875,0.317,0.88,0.816,0.759,0.603,0.281,0.764,-0.681,0.935,0.793,0.223,-0.392,-0.401,0.756,0.639,0.857,0.035,0.89,0.678,0.299,0.534,0.211,0.614,0.897,0.276,0.557,0.848,0.354,0.644,0.655,0.659,0.639,0.834,0.867,0.871,0.714,0.415,0.223,-0.492,0.757,0.091,0.923,0.932,0.344,0.629,0.793,-0.697,0.919,0.494,0.196,0.549,0.805,0.008,0.934,0.846,0.765,0.795,0.945,0.184,0.657,0.096,0.487,0.645,-0.503,0.248,-0.515,0.747,0.933,0.59,0.928,0.728,0.345,0.891,-0.185,0.133,0.698,0.669,0.868,-0.419,0.893,0.623,0.112,0.727,0.487,0.141,0.819,0.174,0.653,0.816,0.553,0.823,-0.269,0.692,-0.254,0.585,0.823,0.082,0.835,0.962,0.932,0.652,0.901,-0.086,0.694,0.12,0.029,0.229,-0.525,0.343,-0.68,0.824,0.13,0.925,0.885,0.844,0.512,0.766,-0.043,-0.585,-0.43,0.839,0.893
CLDX,-0.632,0.522,0.532,0.473,-0.459,-0.287,0.513,0.751,-0.59,-0.413,-0.654,0.112,-0.12,0.06,0.636,0.598,-0.584,0.392,-0.369,-0.724,-0.676,0.119,-0.551,-0.494,0.07,0.556,-0.265,-0.026,0.295,-0.261,-0.538,-0.586,0.0,-0.199,-0.402,-0.33,-0.557,-0.72,-0.573,0.123,-0.584,0.506,-0.615,0.254,-0.817,0.572,-0.535,0.371,0.4,0.657,-0.047,-0.492,0.02,0.169,0.353,-0.467,-0.697,-0.764,-0.584,-0.061,0.355,-0.784,-0.809,-0.164,0.247,-0.715,-0.343,-0.545,0.219,-0.059,-0.497,0.329,-0.61,0.02,-0.116,-0.508,-0.535,-0.564,-0.072,-0.328,-0.658,-0.544,-0.134,0.139,-0.444,0.665,-0.574,-0.238,-0.184,0.554,0.625,-0.51,-0.055,-0.412,0.37,-0.526,-0.654,0.113,-0.199,0.231,-0.252,-0.703,0.197,-0.334,-0.578,-0.249,-0.432,-0.559,-0.337,-0.46,-0.71,-0.761,-0.676,-0.36,-0.009,0.143,0.513,-0.453,0.325,-0.601,-0.699,-0.047,-0.237,-0.57,0.618,-0.599,-0.268,-0.441,-0.697,-0.298,-0.027,-0.644,-0.56,-0.612,-0.323,-0.523,-0.017,-0.391,0.166,-0.243,-0.205,0.56,0.111,0.61,-0.31,-0.683,-0.441,-0.688,-0.508,-0.116,-0.522,0.267,0.311,-0.564,-0.399,-0.427,0.629,-0.632,-0.346,0.187,-0.374,-0.644,-0.455,-0.675,0.243,-0.109,-0.41,-0.269,-0.41,-0.035,-0.136,0.629,0.012,-0.651,0.15,-0.737,-0.606,-0.672,-0.787,-0.588,0.488,-0.2,0.141,0.447,0.12,0.785,-0.59,0.513,-0.631,0.12,-0.728,-0.442,-0.749,-0.009,-0.534,0.213,0.494,0.422,-0.491,-0.591
CLMT,0.527,-0.728,-0.124,-0.755,0.033,-0.058,0.348,-0.404,0.349,-0.092,0.451,-0.369,0.757,-0.416,-0.577,-0.28,-0.064,-0.133,0.085,0.288,0.368,-0.199,0.681,0.273,-0.619,-0.537,0.564,-0.005,-0.675,-0.203,0.333,0.47,-0.199,0.0,0.238,-0.324,0.155,0.286,0.079,0.435,0.395,0.19,0.53,-0.103,0.488,-0.662,0.349,0.093,-0.473,-0.242,0.127,0.758,0.443,-0.249,0.123,0.514,0.436,0.364,0.324,-0.07,-0.442,0.392,0.397,0.178,-0.539,0.601,0.241,0.275,-0.315,-0.321,0.742,0.001,0.353,-0.197,0.551,0.452,0.63,0.685,-0.531,0.503,0.288,0.407,-0.052,-0.351,0.285,-0.649,0.306,0.232,-0.484,-0.565,-0.584,0.606,-0.021,0.27,0.211,0.477,0.562,0.203,-0.188,-0.302,0.584,0.511,0.135,-0.089,0.183,0.098,-0.091,0.108,0.007,0.797,0.427,0.528,0.345,0.015,-0.1,-0.235,-0.151,0.263,-0.319,0.284,0.482,0.116,0.015,0.073,-0.126,0.454,0.157,-0.148,0.486,0.622,-0.202,0.377,0.287,-0.029,0.153,0.434,-0.465,0.647,-0.502,-0.104,0.215,-0.446,-0.284,-0.083,0.052,0.484,0.272,0.556,-0.015,-0.302,0.364,-0.555,-0.006,0.343,0.034,0.27,-0.161,0.435,0.579,-0.481,0.454,0.192,-0.318,0.484,-0.276,0.307,0.28,-0.237,0.261,-0.616,0.247,-0.285,0.204,0.32,-0.239,0.533,0.387,0.579,0.361,0.329,-0.143,0.051,-0.524,-0.379,-0.272,-0.53,0.225,-0.395,0.608,-0.49,0.427,0.293,0.406,-0.247,0.191,-0.658,-0.555,-0.413,0.233,0.366
COHU,0.738,-0.547,-0.404,-0.103,0.835,0.486,0.137,-0.667,0.641,0.743,0.761,0.575,0.112,0.371,-0.432,-0.578,0.462,0.457,0.736,0.355,0.724,0.518,0.684,-0.009,0.189,0.143,0.322,0.548,-0.309,0.691,0.852,0.859,-0.402,0.238,0.0,0.388,0.805,0.811,0.77,0.223,0.844,-0.249,0.789,-0.376,0.635,-0.546,0.811,-0.181,-0.236,-0.198,-0.223,0.503,0.038,-0.525,-0.318,0.638,0.763,0.692,0.883,0.714,0.308,0.666,0.648,0.635,-0.196,0.434,0.629,0.752,0.031,0.561,0.642,0.355,0.804,0.622,0.348,0.787,0.173,0.668,0.564,0.854,0.666,0.597,0.712,0.471,0.71,-0.396,0.901,0.803,0.369,-0.09,-0.105,0.61,0.732,0.866,0.227,0.788,0.47,0.348,0.597,0.445,0.622,0.721,0.321,0.612,0.759,0.37,0.712,0.628,0.702,0.358,0.716,0.67,0.759,0.74,0.615,0.421,-0.455,0.697,0.382,0.863,0.758,0.418,0.769,0.769,-0.548,0.809,0.57,0.213,0.237,0.668,0.059,0.812,0.738,0.743,0.824,0.904,0.442,0.503,0.361,0.581,0.693,-0.299,0.48,-0.375,0.803,0.771,0.463,0.758,0.727,0.48,0.849,0.141,0.389,0.561,0.732,0.844,-0.198,0.764,0.58,0.368,0.604,0.249,0.175,0.64,0.392,0.709,0.802,0.671,0.823,-0.095,0.757,-0.018,0.646,0.721,0.287,0.62,0.873,0.744,0.451,0.845,0.114,0.871,0.403,0.269,0.475,-0.208,0.117,-0.519,0.651,0.396,0.782,0.837,0.699,0.681,0.683,0.208,-0.486,-0.131,0.798,0.775
COLM,0.19,0.158,-0.241,0.164,0.499,0.494,-0.148,-0.258,0.109,0.694,0.322,0.444,-0.178,0.164,-0.155,-0.154,0.54,0.101,0.443,0.182,0.218,0.139,0.135,-0.146,0.472,0.329,0.028,0.255,0.329,0.615,0.263,0.241,-0.33,-0.324,0.388,0.0,0.57,0.403,0.642,-0.061,0.359,-0.483,0.297,-0.503,0.265,-0.088,0.426,0.11,0.203,-0.049,-0.255,-0.184,-0.124,-0.269,-0.064,0.305,0.356,0.359,0.419,0.464,0.138,0.183,0.203,0.386,0.519,0.062,0.451,0.389,0.081,0.631,-0.004,0.238,0.288,0.254,0.138,0.222,0.042,0.012,0.603,0.113,0.207,0.237,0.426,0.476,0.456,0.016,0.237,0.319,0.53,0.241,0.315,0.152,0.28,0.232,-0.169,0.13,0.16,0.172,0.392,0.478,0.093,0.284,-0.167,0.549,0.516,0.514,0.563,0.432,0.667,-0.16,0.34,0.135,0.41,0.326,0.313,0.405,-0.108,0.522,0.444,0.435,0.214,0.473,0.39,0.537,-0.418,0.379,0.067,0.327,-0.067,0.066,0.106,0.285,0.163,0.487,0.325,0.303,0.615,0.192,0.51,0.474,0.41,0.061,0.56,-0.364,0.519,0.249,0.278,0.246,0.484,0.492,0.356,0.462,0.279,-0.121,0.602,0.429,-0.186,0.325,0.125,0.425,0.258,0.195,0.659,0.319,0.415,0.306,0.4,0.683,0.336,0.578,0.401,0.185,0.274,0.406,0.326,0.115,0.314,0.206,0.139,0.464,0.1,0.36,0.556,0.303,0.514,0.071,-0.003,-0.214,0.104,0.604,0.279,0.382,0.313,0.523,0.358,0.404,0.044,0.036,0.397,0.394
COST,0.83,-0.517,-0.67,-0.226,0.827,0.686,-0.114,-0.797,0.722,0.873,0.841,0.551,0.099,0.368,-0.536,-0.725,0.783,0.17,0.884,0.362,0.779,0.402,0.733,-0.027,0.296,0.051,0.279,0.545,-0.263,0.806,0.866,0.844,-0.557,0.155,0.805,0.57,0.0,0.914,0.94,0.014,0.856,-0.645,0.841,-0.634,0.688,-0.552,0.94,-0.219,-0.321,-0.364,-0.32,0.451,-0.046,-0.557,-0.384,0.769,0.899,0.844,0.914,0.748,0.084,0.693,0.735,0.72,-0.06,0.528,0.716,0.773,-0.165,0.584,0.589,0.031,0.893,0.479,0.326,0.845,0.405,0.689,0.549,0.685,0.765,0.802,0.705,0.517,0.835,-0.553,0.817,0.773,0.576,-0.158,-0.064,0.673,0.683,0.792,-0.118,0.714,0.597,0.194,0.664,0.499,0.466,0.821,0.181,0.784,0.896,0.5,0.847,0.819,0.812,0.333,0.823,0.672,0.854,0.789,0.561,0.393,-0.506,0.783,0.359,0.948,0.822,0.493,0.74,0.958,-0.829,0.867,0.298,0.216,0.347,0.624,0.107,0.898,0.802,0.908,0.757,0.858,0.507,0.536,0.353,0.738,0.754,-0.392,0.377,-0.719,0.885,0.835,0.722,0.77,0.912,0.464,0.869,0.128,0.14,0.412,0.884,0.91,-0.526,0.878,0.403,0.433,0.718,0.481,0.394,0.732,0.438,0.643,0.781,0.75,0.753,-0.062,0.791,-0.001,0.55,0.905,0.373,0.675,0.884,0.814,0.568,0.935,-0.162,0.665,0.406,0.281,0.397,-0.332,0.188,-0.643,0.622,0.441,0.839,0.912,0.802,0.664,0.878,0.269,-0.312,-0.413,0.902,0.903
CPRT,0.926,-0.667,-0.729,-0.366,0.757,0.578,-0.267,-0.917,0.839,0.732,0.878,0.328,0.157,0.325,-0.652,-0.81,0.701,0.014,0.813,0.521,0.897,0.361,0.801,0.21,0.173,-0.238,0.259,0.43,-0.417,0.65,0.93,0.915,-0.72,0.286,0.811,0.403,0.914,0.0,0.85,-0.067,0.894,-0.576,0.893,-0.427,0.855,-0.645,0.894,-0.412,-0.543,-0.506,-0.139,0.645,-0.058,-0.431,-0.48,0.721,0.939,0.943,0.945,0.548,-0.053,0.885,0.901,0.594,-0.283,0.716,0.633,0.749,-0.162,0.337,0.708,-0.114,0.928,0.435,0.248,0.875,0.509,0.786,0.394,0.708,0.892,0.844,0.534,0.29,0.726,-0.717,0.919,0.704,0.46,-0.419,-0.369,0.71,0.548,0.846,-0.081,0.773,0.73,0.102,0.592,0.206,0.481,0.873,0.22,0.692,0.867,0.326,0.795,0.832,0.64,0.527,0.891,0.866,0.878,0.775,0.465,0.126,-0.656,0.684,0.098,0.95,0.954,0.266,0.678,0.899,-0.823,0.877,0.46,0.245,0.582,0.609,0.096,0.944,0.881,0.9,0.719,0.885,0.329,0.502,0.094,0.635,0.599,-0.616,0.137,-0.743,0.736,0.935,0.693,0.875,0.868,0.338,0.89,-0.067,-0.055,0.678,0.747,0.831,-0.548,0.888,0.424,0.22,0.652,0.646,0.385,0.83,0.166,0.487,0.763,0.543,0.72,-0.136,0.605,-0.309,0.388,0.905,0.141,0.87,0.94,0.898,0.775,0.898,-0.293,0.613,0.197,-0.006,0.188,-0.596,0.389,-0.664,0.805,0.194,0.95,0.868,0.859,0.453,0.857,0.087,-0.498,-0.452,0.876,0.889
CSWC,0.74,-0.449,-0.656,-0.166,0.838,0.62,-0.142,-0.778,0.623,0.837,0.805,0.521,0.044,0.312,-0.483,-0.671,0.79,0.146,0.83,0.365,0.723,0.358,0.696,-0.064,0.312,0.044,0.258,0.506,-0.115,0.815,0.801,0.765,-0.573,0.079,0.77,0.642,0.94,0.85,0.0,0.0,0.786,-0.674,0.773,-0.642,0.672,-0.55,0.894,-0.201,-0.256,-0.319,-0.322,0.404,-0.092,-0.537,-0.374,0.722,0.872,0.78,0.867,0.692,0.131,0.629,0.669,0.645,-0.01,0.454,0.655,0.734,-0.13,0.611,0.526,0.075,0.829,0.463,0.263,0.751,0.386,0.623,0.57,0.642,0.722,0.706,0.636,0.474,0.831,-0.504,0.77,0.701,0.569,-0.064,-0.059,0.664,0.662,0.687,-0.13,0.683,0.565,0.143,0.639,0.503,0.45,0.802,0.111,0.692,0.824,0.467,0.819,0.779,0.808,0.274,0.795,0.608,0.869,0.748,0.521,0.447,-0.513,0.735,0.298,0.905,0.749,0.427,0.686,0.926,-0.809,0.841,0.291,0.233,0.305,0.538,0.209,0.836,0.721,0.882,0.75,0.799,0.566,0.495,0.38,0.714,0.707,-0.334,0.404,-0.689,0.815,0.78,0.674,0.704,0.867,0.563,0.844,0.141,0.203,0.344,0.852,0.868,-0.565,0.836,0.422,0.432,0.592,0.469,0.41,0.694,0.435,0.632,0.722,0.775,0.727,-0.017,0.747,-0.018,0.484,0.861,0.348,0.608,0.801,0.742,0.521,0.893,-0.183,0.664,0.447,0.272,0.381,-0.292,0.161,-0.633,0.578,0.442,0.792,0.867,0.825,0.645,0.806,0.284,-0.38,-0.355,0.835,0.836
CSX,0.053,-0.301,0.482,-0.371,0.22,-0.342,0.783,0.085,-0.21,0.085,0.071,0.103,0.604,-0.485,-0.336,0.21,-0.096,0.207,-0.223,0.249,-0.132,-0.316,0.295,0.063,-0.632,0.2,0.837,0.19,-0.37,-0.06,0.001,0.246,0.123,0.435,0.223,-0.061,0.014,-0.067,0.0,0.0,0.269,0.428,0.275,-0.289,0.147,-0.488,0.146,0.717,0.295,0.1,-0.351,0.234,0.786,-0.466,0.568,0.44,0.058,-0.065,0.083,0.26,0.043,-0.084,-0.119,0.35,-0.104,0.144,0.127,0.417,-0.237,0.254,0.427,0.611,0.042,-0.259,0.771,0.048,-0.0,0.334,-0.117,0.459,-0.213,-0.148,0.325,-0.038,0.357,-0.028,0.07,0.35,-0.597,0.139,-0.014,0.28,0.189,0.025,0.126,0.371,0.011,0.735,-0.171,0.1,0.501,0.266,-0.1,-0.231,0.153,0.413,-0.305,-0.337,0.311,0.257,0.067,0.109,0.204,-0.201,-0.086,0.397,0.485,0.465,0.024,0.061,0.0,0.435,-0.094,-0.109,0.07,0.323,-0.13,0.05,-0.114,0.607,-0.194,0.047,-0.144,-0.27,0.257,0.292,-0.323,0.669,0.143,-0.319,0.214,0.372,0.506,0.484,0.2,0.114,-0.194,0.285,-0.316,0.025,0.086,-0.263,0.557,-0.017,0.027,0.251,0.189,0.201,0.71,-0.309,0.359,-0.371,-0.492,0.14,0.162,0.621,0.31,0.218,0.425,-0.278,0.361,0.124,0.633,-0.019,-0.071,-0.043,0.147,0.207,-0.304,0.22,0.479,0.212,-0.136,0.062,0.22,0.093,-0.015,-0.303,0.079,-0.077,0.045,0.148,0.152,0.249,-0.152,-0.436,-0.316,-0.044,-0.025,0.19
DBX,0.871,-0.679,-0.498,-0.409,0.813,0.443,0.045,-0.801,0.686,0.756,0.81,0.376,0.307,0.174,-0.691,-0.651,0.537,0.128,0.668,0.476,0.765,0.251,0.795,0.203,-0.037,-0.094,0.487,0.553,-0.5,0.606,0.878,0.935,-0.584,0.395,0.844,0.359,0.856,0.894,0.786,0.269,0.0,-0.384,0.899,-0.469,0.814,-0.722,0.861,-0.09,-0.345,-0.382,-0.206,0.628,0.257,-0.487,-0.207,0.806,0.872,0.835,0.906,0.669,0.004,0.779,0.789,0.686,-0.209,0.698,0.71,0.891,-0.212,0.434,0.803,0.17,0.886,0.399,0.473,0.843,0.451,0.813,0.387,0.828,0.747,0.706,0.656,0.331,0.792,-0.608,0.888,0.794,0.265,-0.258,-0.293,0.739,0.59,0.815,-0.094,0.819,0.663,0.404,0.564,0.258,0.598,0.861,0.145,0.571,0.9,0.41,0.669,0.655,0.724,0.521,0.836,0.826,0.863,0.623,0.349,0.275,-0.356,0.778,0.146,0.928,0.872,0.42,0.586,0.799,-0.722,0.905,0.388,0.305,0.499,0.771,0.043,0.878,0.798,0.766,0.797,0.957,0.221,0.679,0.197,0.491,0.637,-0.365,0.318,-0.551,0.783,0.885,0.607,0.928,0.718,0.324,0.843,-0.119,0.104,0.637,0.713,0.855,-0.4,0.882,0.57,0.124,0.738,0.457,0.241,0.773,0.223,0.702,0.793,0.606,0.826,-0.181,0.678,-0.24,0.632,0.846,0.11,0.803,0.916,0.879,0.59,0.903,-0.045,0.632,0.173,0.06,0.27,-0.481,0.363,-0.674,0.794,0.227,0.899,0.867,0.83,0.542,0.788,-0.042,-0.547,-0.346,0.797,0.91
DCOM,-0.457,0.15,0.805,0.121,-0.493,-0.531,0.497,0.599,-0.371,-0.603,-0.462,-0.26,0.159,-0.318,0.275,0.624,-0.712,0.226,-0.66,-0.165,-0.434,-0.106,-0.348,0.142,-0.415,0.119,0.114,-0.236,-0.09,-0.6,-0.482,-0.345,0.506,0.19,-0.249,-0.483,-0.645,-0.576,-0.674,0.428,-0.384,0.0,-0.429,0.604,-0.359,0.205,-0.595,0.327,0.29,0.237,0.284,-0.124,0.34,0.31,0.354,-0.449,-0.578,-0.519,-0.516,-0.36,0.079,-0.39,-0.476,-0.391,-0.054,-0.256,-0.445,-0.351,0.312,-0.35,-0.189,0.416,-0.549,-0.301,0.144,-0.462,-0.392,-0.299,-0.371,-0.129,-0.525,-0.572,-0.312,-0.254,-0.553,0.402,-0.368,-0.381,-0.661,0.047,0.073,-0.414,-0.302,-0.264,0.387,-0.239,-0.385,0.228,-0.503,-0.292,0.102,-0.463,0.026,-0.536,-0.601,-0.132,-0.721,-0.703,-0.423,-0.016,-0.563,-0.296,-0.522,-0.464,-0.299,-0.159,0.479,-0.305,-0.16,-0.577,-0.474,-0.096,-0.46,-0.74,0.745,-0.457,0.126,-0.171,-0.224,-0.164,-0.414,-0.5,-0.486,-0.704,-0.381,-0.366,-0.44,-0.099,-0.23,-0.706,-0.417,0.295,0.008,0.831,-0.454,-0.458,-0.656,-0.322,-0.721,-0.237,-0.481,-0.109,0.212,-0.08,-0.663,-0.511,0.763,-0.508,0.156,-0.322,-0.354,-0.648,-0.45,-0.383,-0.233,-0.206,-0.267,-0.474,-0.211,-0.101,-0.322,0.054,-0.075,-0.656,-0.367,-0.381,-0.399,-0.399,-0.454,-0.499,0.506,-0.069,-0.23,-0.164,-0.087,0.292,-0.191,0.471,-0.322,-0.293,-0.494,-0.557,-0.51,-0.305,-0.67,-0.327,-0.059,0.39,-0.52,-0.57
DKNG,0.928,-0.798,-0.576,-0.577,0.748,0.437,0.057,-0.878,0.692,0.65,0.876,0.231,0.492,0.11,-0.753,-0.726,0.61,0.049,0.727,0.577,0.774,0.19,0.932,0.105,-0.123,-0.249,0.563,0.397,-0.561,0.54,0.88,0.937,-0.615,0.53,0.789,0.297,0.841,0.893,0.773,0.275,0.899,-0.429,0.0,-0.578,0.846,-0.82,0.923,-0.116,-0.535,-0.355,-0.258,0.787,0.242,-0.617,-0.232,0.896,0.926,0.837,0.933,0.542,-0.145,0.773,0.813,0.666,-0.382,0.73,0.666,0.817,-0.363,0.328,0.895,0.037,0.91,0.274,0.527,0.903,0.577,0.917,0.213,0.835,0.782,0.806,0.534,0.159,0.826,-0.779,0.852,0.792,0.161,-0.415,-0.462,0.856,0.553,0.748,0.014,0.86,0.78,0.254,0.486,0.229,0.593,0.933,0.224,0.52,0.852,0.352,0.63,0.66,0.637,0.677,0.852,0.829,0.888,0.629,0.385,0.215,-0.482,0.771,0.05,0.905,0.929,0.35,0.622,0.79,-0.766,0.959,0.318,0.122,0.488,0.813,0.073,0.9,0.745,0.704,0.733,0.921,0.173,0.746,0.015,0.546,0.67,-0.524,0.216,-0.556,0.704,0.941,0.627,0.901,0.688,0.267,0.896,-0.229,0.187,0.559,0.706,0.887,-0.529,0.892,0.621,-0.008,0.8,0.54,0.087,0.848,0.118,0.685,0.797,0.506,0.75,-0.339,0.711,-0.237,0.553,0.851,0.113,0.835,0.931,0.955,0.624,0.893,-0.21,0.591,0.039,0.031,0.187,-0.551,0.378,-0.769,0.849,0.059,0.918,0.9,0.857,0.442,0.755,-0.125,-0.56,-0.526,0.822,0.943
DMLP,-0.403,0.297,0.428,0.33,-0.596,-0.345,-0.259,0.453,-0.101,-0.647,-0.418,-0.437,-0.363,0.059,0.443,0.43,-0.597,-0.024,-0.522,-0.215,-0.186,0.127,-0.53,0.316,-0.021,-0.177,-0.454,-0.345,0.111,-0.593,-0.391,-0.411,0.254,-0.103,-0.376,-0.503,-0.634,-0.427,-0.642,-0.289,-0.469,0.604,-0.578,0.0,-0.311,0.503,-0.694,-0.294,-0.017,-0.028,0.672,-0.211,-0.255,0.823,-0.158,-0.766,-0.562,-0.331,-0.54,-0.557,-0.039,-0.178,-0.234,-0.676,-0.057,-0.212,-0.507,-0.572,0.538,-0.647,-0.425,-0.095,-0.514,-0.137,-0.481,-0.462,-0.29,-0.459,-0.298,-0.426,-0.237,-0.43,-0.596,-0.231,-0.843,0.337,-0.307,-0.658,-0.261,-0.151,-0.072,-0.605,-0.434,-0.211,0.268,-0.439,-0.318,-0.28,-0.316,-0.524,-0.309,-0.577,0.086,-0.397,-0.638,-0.457,-0.498,-0.44,-0.632,-0.121,-0.527,-0.214,-0.595,-0.295,-0.356,-0.584,0.08,-0.616,-0.353,-0.561,-0.355,-0.485,-0.468,-0.643,0.648,-0.653,0.34,-0.116,0.107,-0.57,-0.302,-0.443,-0.231,-0.418,-0.51,-0.523,-0.28,-0.601,-0.424,-0.578,-0.617,-0.066,-0.43,0.45,-0.603,-0.453,-0.499,-0.367,-0.456,-0.204,-0.514,-0.008,-0.343,0.135,-0.725,-0.69,0.565,-0.6,-0.297,-0.164,-0.634,-0.218,0.043,-0.376,-0.529,-0.694,-0.436,-0.637,-0.48,0.167,-0.7,-0.322,-0.592,-0.616,-0.383,-0.175,-0.419,-0.473,-0.039,-0.622,0.153,-0.252,-0.194,-0.381,-0.41,0.046,0.065,0.714,-0.233,-0.285,-0.403,-0.637,-0.512,-0.536,-0.54,-0.083,0.032,0.415,-0.461,-0.65
DOX,0.832,-0.74,-0.51,-0.613,0.581,0.26,-0.198,-0.86,0.702,0.488,0.814,-0.037,0.366,-0.075,-0.767,-0.643,0.565,-0.231,0.471,0.706,0.764,0.013,0.809,0.475,-0.206,-0.514,0.501,0.207,-0.512,0.357,0.748,0.831,-0.817,0.488,0.635,0.265,0.688,0.855,0.672,0.147,0.814,-0.359,0.846,-0.311,0.0,-0.813,0.722,-0.233,-0.521,-0.631,0.016,0.759,0.168,-0.335,-0.293,0.707,0.856,0.865,0.781,0.238,-0.289,0.857,0.869,0.414,-0.399,0.86,0.509,0.719,-0.232,0.094,0.781,-0.124,0.775,0.054,0.381,0.692,0.621,0.81,0.087,0.643,0.765,0.652,0.251,-0.053,0.604,-0.785,0.789,0.493,0.049,-0.572,-0.615,0.716,0.261,0.639,-0.154,0.767,0.766,0.16,0.292,-0.129,0.54,0.887,0.04,0.382,0.711,0.312,0.469,0.604,0.465,0.694,0.839,0.923,0.848,0.475,0.104,-0.069,-0.524,0.611,-0.257,0.788,0.873,0.175,0.324,0.642,-0.686,0.832,0.424,0.338,0.73,0.593,0.025,0.808,0.689,0.636,0.562,0.781,-0.022,0.613,-0.182,0.251,0.342,-0.59,0.005,-0.54,0.491,0.875,0.497,0.904,0.537,0.211,0.738,-0.348,-0.12,0.71,0.461,0.644,-0.516,0.82,0.618,-0.183,0.544,0.612,0.303,0.857,-0.129,0.413,0.641,0.294,0.656,-0.196,0.389,-0.573,0.254,0.755,-0.132,0.893,0.826,0.872,0.776,0.776,-0.3,0.427,-0.134,-0.36,-0.048,-0.78,0.585,-0.653,0.86,-0.133,0.901,0.672,0.861,0.147,0.611,-0.321,-0.73,-0.446,0.655,0.779
EA,-0.746,0.849,0.368,0.787,-0.503,-0.03,-0.217,0.755,-0.506,-0.362,-0.719,-0.004,-0.68,0.325,0.833,0.58,-0.445,0.189,-0.325,-0.62,-0.563,0.204,-0.859,-0.392,0.508,0.446,-0.766,-0.167,0.702,-0.216,-0.61,-0.754,0.572,-0.662,-0.546,-0.088,-0.552,-0.645,-0.55,-0.488,-0.722,0.205,-0.82,0.503,-0.813,0.0,-0.715,-0.066,0.382,0.479,0.327,-0.806,-0.442,0.636,-0.019,-0.843,-0.777,-0.673,-0.656,-0.279,0.248,-0.665,-0.653,-0.501,0.499,-0.793,-0.388,-0.7,0.511,-0.136,-0.874,-0.004,-0.664,0.089,-0.626,-0.589,-0.607,-0.89,0.131,-0.725,-0.538,-0.558,-0.304,0.191,-0.732,0.758,-0.646,-0.567,0.22,0.481,0.561,-0.837,-0.291,-0.433,0.091,-0.809,-0.671,-0.345,-0.068,0.092,-0.714,-0.89,0.051,-0.18,-0.606,-0.378,-0.229,-0.418,-0.42,-0.701,-0.772,-0.797,-0.846,-0.301,-0.042,-0.09,0.313,-0.649,0.249,-0.665,-0.725,-0.276,-0.213,-0.511,0.584,-0.862,-0.127,-0.222,-0.559,-0.775,-0.014,-0.687,-0.505,-0.378,-0.549,-0.755,0.265,-0.838,0.143,-0.12,-0.358,0.407,-0.077,0.325,-0.44,-0.79,-0.406,-0.833,-0.315,-0.036,-0.654,0.507,-0.085,-0.555,-0.409,-0.648,0.539,-0.821,-0.763,0.302,-0.572,-0.369,0.142,-0.764,-0.022,-0.616,-0.605,-0.259,-0.688,0.502,-0.49,0.379,-0.436,-0.674,0.158,-0.686,-0.708,-0.835,-0.51,-0.728,0.192,-0.347,0.307,0.286,0.03,0.659,-0.343,0.825,-0.696,0.294,-0.737,-0.65,-0.803,-0.172,-0.487,0.529,0.736,0.59,-0.498,-0.705
EDIT,0.887,-0.68,-0.698,-0.419,0.801,0.579,0.044,-0.853,0.697,0.791,0.887,0.456,0.299,0.212,-0.655,-0.786,0.727,0.115,0.855,0.42,0.787,0.296,0.867,-0.026,0.103,-0.08,0.415,0.472,-0.416,0.704,0.88,0.881,-0.535,0.349,0.811,0.426,0.94,0.894,0.894,0.146,0.861,-0.595,0.923,-0.694,0.722,-0.715,0.0,-0.161,-0.405,-0.327,-0.407,0.613,0.046,-0.704,-0.278,0.89,0.947,0.822,0.942,0.686,0.028,0.7,0.757,0.746,-0.271,0.601,0.681,0.768,-0.34,0.512,0.764,0.018,0.921,0.409,0.438,0.88,0.519,0.834,0.376,0.788,0.749,0.852,0.674,0.337,0.911,-0.684,0.836,0.841,0.413,-0.24,-0.224,0.843,0.665,0.753,-0.021,0.81,0.678,0.233,0.546,0.426,0.605,0.904,0.188,0.687,0.87,0.444,0.768,0.808,0.744,0.456,0.889,0.716,0.895,0.732,0.537,0.36,-0.546,0.786,0.268,0.94,0.86,0.464,0.732,0.922,-0.833,0.938,0.225,0.162,0.373,0.766,0.153,0.908,0.788,0.818,0.771,0.907,0.339,0.674,0.247,0.706,0.768,-0.436,0.284,-0.679,0.839,0.893,0.719,0.818,0.823,0.336,0.9,-0.019,0.208,0.439,0.868,0.941,-0.595,0.939,0.524,0.278,0.761,0.485,0.165,0.781,0.378,0.738,0.789,0.65,0.76,-0.27,0.821,-0.042,0.594,0.925,0.347,0.708,0.889,0.893,0.577,0.946,-0.212,0.626,0.222,0.207,0.305,-0.409,0.172,-0.778,0.704,0.252,0.868,0.948,0.853,0.589,0.86,0.079,-0.429,-0.548,0.867,0.935
ENPH,-0.374,0.236,0.54,-0.145,-0.095,-0.276,0.702,0.441,-0.621,-0.022,-0.29,0.021,0.37,-0.543,-0.072,0.556,-0.253,0.054,-0.387,-0.08,-0.514,-0.485,-0.134,-0.202,-0.359,0.394,0.456,0.002,0.073,-0.173,-0.39,-0.226,0.371,0.093,-0.181,0.11,-0.219,-0.412,-0.201,0.717,-0.09,0.327,-0.116,-0.294,-0.233,-0.066,-0.161,0.0,0.566,0.435,-0.302,-0.274,0.613,-0.225,0.836,0.134,-0.284,-0.421,-0.244,0.111,-0.062,-0.516,-0.459,0.169,0.418,-0.207,0.139,0.058,-0.155,0.243,0.007,0.585,-0.338,-0.335,0.575,-0.298,-0.057,-0.162,-0.131,-0.06,-0.611,-0.374,0.14,-0.005,0.096,0.3,-0.403,0.076,-0.439,0.427,0.287,-0.043,-0.158,-0.394,-0.0,-0.199,-0.192,0.657,-0.314,0.185,0.145,-0.162,-0.265,-0.26,-0.063,0.375,-0.383,-0.441,0.183,-0.147,-0.233,-0.34,-0.167,-0.582,-0.245,0.32,0.731,0.215,0.198,-0.269,-0.403,0.445,-0.27,-0.328,0.24,-0.072,-0.485,0.09,-0.428,0.182,-0.163,-0.401,-0.527,-0.518,-0.141,-0.111,-0.202,0.38,0.217,-0.299,0.018,0.62,0.481,0.476,-0.011,-0.301,-0.306,-0.131,-0.496,-0.161,-0.312,0.088,0.463,-0.51,-0.038,-0.08,0.34,-0.173,0.252,-0.262,0.132,-0.434,-0.282,-0.273,0.145,0.365,-0.09,0.081,-0.024,0.007,0.105,0.369,0.423,-0.257,0.017,-0.413,-0.297,-0.239,-0.558,-0.117,0.553,-0.181,-0.037,0.18,0.2,0.391,-0.23,0.016,-0.263,0.061,-0.365,-0.169,-0.269,0.116,-0.345,-0.3,0.153,0.146,-0.355,-0.097
ENSG,-0.658,0.626,0.582,0.469,-0.102,-0.24,0.374,0.665,-0.641,0.039,-0.507,0.335,-0.297,-0.254,0.389,0.609,-0.244,0.262,-0.463,-0.335,-0.615,-0.287,-0.586,-0.157,0.069,0.647,-0.001,0.007,0.462,-0.031,-0.578,-0.491,0.4,-0.473,-0.236,0.203,-0.321,-0.543,-0.256,0.295,-0.345,0.29,-0.535,-0.017,-0.521,0.382,-0.405,0.566,0.0,0.273,-0.279,-0.747,0.128,0.03,0.512,-0.295,-0.511,-0.558,-0.47,0.132,0.373,-0.628,-0.646,-0.023,0.568,-0.522,-0.142,-0.139,0.204,0.439,-0.529,0.497,-0.534,-0.09,0.097,-0.598,-0.511,-0.562,0.251,-0.314,-0.72,-0.654,0.177,0.206,-0.142,0.768,-0.482,-0.179,-0.044,0.755,0.677,-0.481,-0.104,-0.397,-0.13,-0.385,-0.653,0.411,-0.259,0.283,-0.085,-0.462,-0.424,-0.183,-0.25,0.367,-0.283,-0.403,0.111,-0.672,-0.409,-0.594,-0.359,-0.412,-0.146,0.401,0.648,-0.081,0.411,-0.423,-0.695,0.351,-0.298,-0.319,0.419,-0.393,-0.41,0.344,-0.562,-0.246,-0.114,-0.537,-0.504,-0.37,-0.2,-0.354,0.035,-0.131,0.614,-0.321,-0.114,0.855,0.488,0.47,-0.019,-0.597,-0.471,-0.428,-0.407,0.007,-0.509,0.399,0.294,-0.519,-0.106,-0.283,0.428,-0.372,-0.052,0.242,-0.268,-0.627,-0.011,-0.535,0.441,0.065,-0.286,0.212,-0.075,0.401,-0.08,0.516,0.199,-0.389,0.175,-0.741,-0.526,-0.582,-0.659,-0.27,0.575,-0.12,0.322,0.296,0.404,0.647,-0.433,0.324,-0.665,0.421,-0.584,-0.418,-0.449,0.237,-0.405,0.163,0.431,0.469,-0.446,-0.418
ERNA,-0.515,0.49,0.341,0.41,-0.172,-0.079,0.433,0.545,-0.664,-0.179,-0.487,0.117,-0.083,0.141,0.493,0.497,-0.465,0.423,-0.117,-0.458,-0.552,0.107,-0.385,-0.776,0.21,0.562,-0.249,0.051,0.455,-0.061,-0.353,-0.436,0.657,-0.242,-0.198,-0.049,-0.364,-0.506,-0.319,0.1,-0.382,0.237,-0.355,-0.028,-0.631,0.479,-0.327,0.435,0.273,0.0,-0.051,-0.407,0.056,0.019,0.396,-0.313,-0.504,-0.683,-0.275,0.002,0.242,-0.652,-0.605,-0.088,0.362,-0.711,-0.003,-0.314,0.174,0.145,-0.29,0.436,-0.385,0.22,-0.06,-0.237,-0.404,-0.468,0.105,-0.219,-0.505,-0.383,0.022,0.138,-0.238,0.512,-0.417,0.003,-0.037,0.567,0.424,-0.311,-0.024,-0.325,0.297,-0.447,-0.38,0.088,0.036,0.39,-0.31,-0.55,0.271,-0.235,-0.298,-0.27,-0.133,-0.402,-0.134,-0.351,-0.546,-0.657,-0.494,-0.337,0.178,0.357,0.409,-0.271,0.418,-0.376,-0.488,-0.003,0.143,-0.35,0.394,-0.395,-0.216,-0.339,-0.815,-0.171,0.093,-0.506,-0.529,-0.43,-0.182,-0.312,0.281,-0.253,0.202,0.14,0.051,0.521,0.237,0.385,-0.185,-0.466,-0.263,-0.558,-0.309,-0.012,-0.322,0.41,0.524,-0.626,-0.102,-0.218,0.488,-0.547,-0.376,0.091,-0.091,-0.377,-0.302,-0.551,0.125,0.053,-0.29,-0.043,-0.386,0.131,0.004,0.609,0.164,-0.459,0.279,-0.531,-0.424,-0.498,-0.675,-0.423,0.351,-0.092,0.241,0.551,0.28,0.729,-0.43,0.38,-0.37,0.247,-0.496,-0.235,-0.555,0.107,-0.347,0.276,0.444,0.491,-0.306,-0.285
ESGR,-0.11,0.123,0.161,0.113,-0.385,-0.057,-0.375,0.143,0.061,-0.427,-0.12,-0.548,-0.191,0.035,0.278,0.228,-0.316,-0.133,-0.248,-0.081,0.025,0.091,-0.205,0.205,-0.019,-0.371,-0.325,-0.14,0.199,-0.351,-0.129,-0.193,-0.047,0.127,-0.223,-0.255,-0.32,-0.139,-0.322,-0.351,-0.206,0.284,-0.258,0.672,0.016,0.327,-0.407,-0.302,-0.279,-0.051,0.0,0.038,-0.185,0.746,-0.275,-0.463,-0.227,-0.052,-0.234,-0.533,-0.306,0.04,0.023,-0.525,-0.036,0.013,-0.126,-0.33,0.444,-0.632,-0.179,-0.124,-0.167,-0.116,-0.38,-0.104,0.068,-0.222,-0.252,-0.26,0.049,-0.16,-0.578,-0.172,-0.578,-0.007,-0.153,-0.53,-0.188,-0.289,-0.237,-0.261,-0.385,-0.052,0.168,-0.257,0.039,-0.383,-0.062,-0.456,-0.25,-0.283,0.087,-0.269,-0.358,-0.433,-0.205,-0.194,-0.451,0.13,-0.248,-0.003,-0.337,-0.165,-0.288,-0.544,-0.056,-0.478,-0.419,-0.239,-0.059,-0.437,-0.287,-0.369,0.352,-0.37,0.393,-0.142,0.282,-0.391,-0.156,-0.167,-0.055,-0.169,-0.339,-0.268,-0.07,-0.394,-0.525,-0.276,-0.318,-0.253,-0.468,0.088,-0.461,-0.173,-0.182,-0.124,-0.183,-0.043,-0.191,-0.111,-0.356,0.111,-0.455,-0.414,0.273,-0.35,-0.188,-0.245,-0.29,0.145,0.247,-0.072,-0.591,-0.51,-0.239,-0.506,-0.371,0.18,-0.444,-0.415,-0.532,-0.295,-0.229,0.157,-0.167,-0.159,0.183,-0.366,-0.17,-0.191,-0.179,-0.384,-0.442,-0.18,0.254,0.547,0.134,-0.222,-0.06,-0.369,-0.178,-0.568,-0.238,-0.083,-0.051,0.31,-0.15,-0.273
ETNB,0.813,-0.931,-0.411,-0.7,0.373,0.06,0.056,-0.779,0.639,0.153,0.696,-0.192,0.63,-0.044,-0.64,-0.617,0.322,-0.125,0.4,0.558,0.645,0.081,0.867,0.302,-0.464,-0.602,0.542,0.217,-0.74,0.125,0.706,0.749,-0.492,0.758,0.503,-0.184,0.451,0.645,0.404,0.234,0.628,-0.124,0.787,-0.211,0.759,-0.806,0.613,-0.274,-0.747,-0.407,0.038,0.0,0.291,-0.387,-0.317,0.658,0.728,0.667,0.65,0.075,-0.307,0.731,0.706,0.314,-0.733,0.745,0.245,0.532,-0.354,-0.182,0.864,-0.168,0.706,0.03,0.358,0.698,0.571,0.886,-0.214,0.732,0.733,0.616,0.072,-0.241,0.487,-0.857,0.682,0.443,-0.245,-0.675,-0.731,0.752,0.328,0.541,0.102,0.798,0.712,-0.01,0.22,-0.208,0.519,0.788,0.315,0.094,0.455,-0.063,0.233,0.347,0.14,0.878,0.633,0.806,0.662,0.452,0.132,-0.117,-0.503,0.373,-0.395,0.614,0.81,-0.103,0.28,0.414,-0.508,0.722,0.358,-0.14,0.611,0.664,0.015,0.73,0.579,0.393,0.494,0.68,-0.209,0.59,-0.444,0.168,0.332,-0.648,-0.209,-0.333,0.25,0.814,0.409,0.74,0.352,0.048,0.703,-0.639,-0.021,0.661,0.229,0.569,-0.469,0.657,0.581,-0.325,0.505,0.489,-0.226,0.764,-0.238,0.394,0.553,0.011,0.53,-0.584,0.407,-0.478,0.217,0.551,-0.142,0.82,0.725,0.845,0.588,0.562,-0.399,0.364,-0.357,-0.303,-0.214,-0.705,0.454,-0.649,0.82,-0.434,0.786,0.613,0.745,-0.028,0.449,-0.423,-0.74,-0.548,0.576,0.641
EXTR,0.093,-0.319,0.445,-0.487,0.088,-0.269,0.594,0.033,-0.2,-0.01,-0.0,-0.116,0.722,-0.45,-0.378,0.22,-0.122,-0.022,-0.289,0.368,-0.173,-0.443,0.244,0.172,-0.712,-0.008,0.803,0.22,-0.427,-0.208,-0.041,0.186,0.02,0.443,0.038,-0.124,-0.046,-0.058,-0.092,0.786,0.257,0.34,0.242,-0.255,0.168,-0.442,0.046,0.613,0.128,0.056,-0.185,0.291,0.0,-0.267,0.48,0.362,0.059,-0.016,0.034,0.077,-0.227,0.028,-0.057,0.189,-0.063,0.264,0.047,0.407,-0.294,0.046,0.377,0.337,0.063,-0.346,0.681,0.031,0.113,0.311,-0.248,0.307,-0.131,-0.128,0.152,-0.225,0.248,-0.105,-0.006,0.23,-0.598,-0.068,-0.174,0.237,-0.003,-0.083,-0.197,0.276,0.137,0.515,-0.14,-0.141,0.267,0.232,-0.07,-0.256,0.183,0.205,-0.311,-0.375,0.16,0.365,0.019,0.192,0.151,-0.265,-0.268,0.234,0.612,0.341,-0.174,0.027,0.052,0.203,-0.261,-0.165,0.004,0.243,-0.227,0.049,0.042,0.51,-0.185,0.037,-0.163,-0.271,0.127,0.229,-0.401,0.61,-0.088,-0.326,0.067,0.264,0.259,0.294,0.038,0.155,-0.068,0.279,-0.298,-0.094,0.014,-0.478,0.213,0.029,-0.092,0.143,0.078,0.113,0.449,-0.517,0.385,-0.141,-0.438,0.137,-0.082,0.398,0.144,0.077,0.289,-0.289,0.191,-0.054,0.458,-0.007,-0.21,0.076,0.092,0.218,-0.267,0.121,0.267,-0.045,-0.289,-0.118,0.109,-0.119,0.183,-0.299,0.135,-0.264,0.089,0.05,0.156,0.029,-0.101,-0.534,-0.254,-0.089,-0.047,0.188
FANG,-0.453,0.516,0.31,0.383,-0.585,-0.152,-0.468,0.467,-0.191,-0.525,-0.45,-0.477,-0.441,0.087,0.507,0.495,-0.46,-0.141,-0.467,-0.256,-0.263,0.008,-0.614,0.179,0.15,-0.144,-0.54,-0.305,0.351,-0.493,-0.462,-0.511,0.169,-0.249,-0.525,-0.269,-0.557,-0.431,-0.537,-0.466,-0.487,0.31,-0.617,0.823,-0.335,0.636,-0.704,-0.225,0.03,0.019,0.746,-0.387,-0.267,0.0,-0.16,-0.771,-0.555,-0.316,-0.563,-0.536,-0.211,-0.258,-0.251,-0.681,0.281,-0.23,-0.332,-0.565,0.549,-0.577,-0.556,-0.219,-0.515,-0.163,-0.522,-0.468,-0.162,-0.593,-0.209,-0.639,-0.258,-0.416,-0.621,-0.175,-0.821,0.399,-0.449,-0.73,-0.055,-0.049,0.013,-0.676,-0.545,-0.337,-0.007,-0.609,-0.264,-0.381,-0.205,-0.436,-0.591,-0.632,0.012,-0.299,-0.541,-0.393,-0.343,-0.367,-0.516,-0.214,-0.531,-0.326,-0.607,-0.338,-0.426,-0.543,0.207,-0.615,-0.279,-0.55,-0.402,-0.444,-0.507,-0.559,0.531,-0.697,0.164,-0.042,0.098,-0.694,-0.197,-0.481,-0.271,-0.336,-0.6,-0.599,-0.084,-0.661,-0.378,-0.431,-0.556,0.004,-0.422,0.217,-0.575,-0.5,-0.306,-0.438,-0.351,-0.104,-0.562,0.1,-0.494,-0.107,-0.615,-0.702,0.421,-0.651,-0.531,-0.132,-0.528,0.007,0.324,-0.421,-0.535,-0.77,-0.549,-0.524,-0.602,0.365,-0.728,-0.254,-0.636,-0.538,-0.285,-0.193,-0.509,-0.539,-0.041,-0.635,0.072,-0.457,-0.073,-0.316,-0.33,0.065,0.129,0.825,-0.252,-0.119,-0.431,-0.656,-0.524,-0.541,-0.443,0.042,0.268,0.46,-0.41,-0.589
FARO,-0.44,0.252,0.474,-0.195,-0.288,-0.363,0.621,0.485,-0.62,-0.218,-0.371,-0.132,0.346,-0.616,-0.094,0.491,-0.442,-0.084,-0.497,-0.136,-0.527,-0.566,-0.213,-0.081,-0.356,0.212,0.286,-0.291,0.033,-0.39,-0.527,-0.345,0.353,0.123,-0.318,-0.064,-0.384,-0.48,-0.374,0.568,-0.207,0.354,-0.232,-0.158,-0.293,-0.019,-0.278,0.836,0.512,0.396,-0.275,-0.317,0.48,-0.16,0.0,-0.002,-0.378,-0.495,-0.367,-0.097,-0.097,-0.515,-0.478,0.018,0.308,-0.219,0.026,-0.162,-0.217,0.047,-0.038,0.4,-0.474,-0.38,0.451,-0.401,-0.017,-0.212,-0.346,-0.21,-0.687,-0.364,0.003,-0.197,-0.052,0.291,-0.476,-0.066,-0.46,0.302,0.199,-0.067,-0.391,-0.508,0.047,-0.347,-0.208,0.564,-0.559,-0.045,0.146,-0.271,-0.38,-0.307,-0.221,0.297,-0.491,-0.401,-0.03,-0.171,-0.254,-0.352,-0.29,-0.75,-0.389,0.073,0.619,0.067,0.106,-0.406,-0.467,0.374,-0.339,-0.442,0.333,-0.205,-0.514,0.163,-0.37,0.068,-0.176,-0.541,-0.58,-0.636,-0.322,-0.24,-0.401,0.29,0.072,-0.373,-0.181,0.494,0.212,0.473,-0.191,-0.407,-0.339,-0.205,-0.598,-0.446,-0.464,0.094,0.273,-0.467,-0.176,-0.29,0.37,-0.244,0.136,-0.386,-0.043,-0.478,-0.294,-0.37,0.005,0.148,-0.265,-0.159,-0.235,-0.051,-0.158,0.258,0.205,-0.316,-0.163,-0.441,-0.428,-0.339,-0.477,-0.237,0.456,-0.381,-0.245,-0.037,0.025,0.287,-0.293,0.074,-0.325,-0.132,-0.473,-0.338,-0.392,-0.106,-0.411,-0.432,0.157,0.114,-0.551,-0.258
FATE,0.791,-0.731,-0.501,-0.626,0.72,0.296,0.26,-0.758,0.48,0.663,0.745,0.287,0.565,-0.115,-0.732,-0.636,0.608,-0.015,0.579,0.441,0.554,-0.052,0.869,0.06,-0.276,-0.152,0.688,0.413,-0.528,0.528,0.718,0.798,-0.467,0.514,0.638,0.305,0.769,0.721,0.722,0.44,0.806,-0.449,0.896,-0.766,0.707,-0.843,0.89,0.134,-0.295,-0.313,-0.463,0.658,0.362,-0.771,-0.002,0.0,0.84,0.678,0.789,0.59,-0.11,0.566,0.603,0.783,-0.329,0.648,0.61,0.803,-0.55,0.429,0.84,0.093,0.802,0.123,0.635,0.735,0.55,0.86,0.163,0.781,0.568,0.662,0.578,0.139,0.932,-0.686,0.673,0.788,0.059,-0.218,-0.295,0.876,0.548,0.548,-0.117,0.805,0.604,0.4,0.358,0.287,0.635,0.899,0.003,0.393,0.809,0.445,0.508,0.569,0.661,0.519,0.809,0.659,0.848,0.465,0.273,0.344,-0.283,0.759,0.085,0.806,0.734,0.448,0.459,0.733,-0.735,0.928,-0.008,0.162,0.357,0.859,0.156,0.761,0.584,0.571,0.716,0.837,0.033,0.829,0.17,0.449,0.656,-0.261,0.281,-0.492,0.706,0.803,0.583,0.801,0.544,0.183,0.776,-0.293,0.229,0.35,0.71,0.873,-0.598,0.881,0.652,0.0,0.783,0.411,-0.068,0.731,0.31,0.818,0.69,0.55,0.758,-0.385,0.755,-0.09,0.658,0.801,0.178,0.612,0.765,0.843,0.403,0.851,-0.161,0.439,-0.03,0.094,0.193,-0.426,0.237,-0.863,0.659,0.071,0.77,0.85,0.81,0.484,0.681,-0.193,-0.459,-0.592,0.679,0.881
FGEN,0.939,-0.765,-0.725,-0.52,0.728,0.541,-0.106,-0.935,0.784,0.695,0.929,0.267,0.338,0.133,-0.726,-0.805,0.725,-0.047,0.776,0.543,0.857,0.212,0.901,0.178,0.007,-0.314,0.42,0.404,-0.485,0.596,0.885,0.894,-0.697,0.436,0.763,0.356,0.899,0.939,0.872,0.058,0.872,-0.578,0.926,-0.562,0.856,-0.777,0.947,-0.284,-0.511,-0.504,-0.227,0.728,0.059,-0.555,-0.378,0.84,0.0,0.917,0.931,0.512,-0.131,0.831,0.87,0.61,-0.353,0.757,0.617,0.756,-0.314,0.334,0.797,-0.12,0.935,0.32,0.388,0.868,0.638,0.88,0.257,0.754,0.837,0.863,0.507,0.169,0.827,-0.797,0.863,0.709,0.342,-0.421,-0.413,0.849,0.53,0.751,-0.109,0.833,0.789,0.121,0.48,0.206,0.602,0.954,0.159,0.615,0.835,0.372,0.719,0.809,0.639,0.589,0.942,0.851,0.925,0.713,0.404,0.18,-0.608,0.712,0.046,0.938,0.932,0.314,0.605,0.883,-0.848,0.929,0.298,0.215,0.582,0.707,0.102,0.948,0.831,0.829,0.703,0.9,0.229,0.662,0.052,0.595,0.645,-0.576,0.102,-0.74,0.725,0.955,0.728,0.891,0.803,0.277,0.897,-0.183,0.006,0.584,0.757,0.866,-0.659,0.95,0.541,0.14,0.702,0.61,0.237,0.861,0.187,0.598,0.74,0.514,0.738,-0.303,0.687,-0.266,0.429,0.947,0.197,0.845,0.901,0.949,0.726,0.926,-0.351,0.552,0.091,-0.027,0.146,-0.622,0.331,-0.771,0.809,0.082,0.946,0.881,0.935,0.398,0.858,-0.066,-0.57,-0.583,0.861,0.916
FIVE,0.926,-0.705,-0.669,-0.469,0.61,0.522,-0.328,-0.895,0.894,0.614,0.892,0.178,0.217,0.202,-0.703,-0.772,0.721,-0.137,0.692,0.578,0.914,0.252,0.781,0.401,0.043,-0.384,0.317,0.328,-0.491,0.491,0.844,0.869,-0.764,0.364,0.692,0.359,0.844,0.943,0.78,-0.065,0.835,-0.519,0.837,-0.331,0.865,-0.673,0.822,-0.421,-0.558,-0.683,-0.052,0.667,-0.016,-0.316,-0.495,0.678,0.917,0.0,0.84,0.425,-0.181,0.911,0.927,0.465,-0.302,0.821,0.507,0.679,-0.161,0.181,0.68,-0.219,0.864,0.233,0.272,0.794,0.61,0.79,0.213,0.626,0.866,0.834,0.392,0.187,0.646,-0.767,0.828,0.542,0.35,-0.559,-0.46,0.699,0.42,0.749,-0.124,0.743,0.773,0.049,0.452,0.031,0.489,0.872,0.111,0.637,0.77,0.364,0.65,0.773,0.572,0.593,0.871,0.897,0.843,0.716,0.304,-0.036,-0.612,0.663,-0.068,0.863,0.926,0.234,0.476,0.805,-0.762,0.822,0.42,0.253,0.756,0.551,0.016,0.918,0.86,0.824,0.589,0.801,0.187,0.525,-0.044,0.455,0.493,-0.692,0.037,-0.709,0.624,0.905,0.654,0.884,0.784,0.277,0.805,-0.192,-0.201,0.698,0.626,0.723,-0.581,0.869,0.475,0.113,0.582,0.65,0.405,0.865,0.051,0.361,0.709,0.43,0.667,-0.163,0.506,-0.434,0.25,0.864,0.041,0.887,0.881,0.897,0.848,0.844,-0.339,0.496,0.073,-0.187,0.049,-0.722,0.438,-0.616,0.773,0.044,0.91,0.759,0.866,0.293,0.788,-0.046,-0.53,-0.565,0.811,0.808
FIVN,0.896,-0.66,-0.662,-0.335,0.824,0.596,-0.04,-0.862,0.712,0.782,0.867,0.419,0.239,0.317,-0.614,-0.739,0.648,0.175,0.856,0.469,0.822,0.386,0.837,-0.013,0.158,-0.085,0.339,0.514,-0.376,0.71,0.934,0.923,-0.584,0.324,0.883,0.419,0.914,0.945,0.867,0.083,0.906,-0.516,0.933,-0.54,0.781,-0.656,0.942,-0.244,-0.47,-0.275,-0.234,0.65,0.034,-0.563,-0.367,0.789,0.931,0.84,0.0,0.638,0.026,0.769,0.813,0.684,-0.264,0.608,0.71,0.792,-0.17,0.471,0.774,0.08,0.942,0.525,0.366,0.921,0.469,0.799,0.456,0.813,0.816,0.818,0.643,0.341,0.811,-0.663,0.91,0.835,0.425,-0.272,-0.295,0.773,0.648,0.857,0.037,0.808,0.708,0.209,0.641,0.388,0.548,0.864,0.322,0.667,0.887,0.334,0.817,0.785,0.714,0.518,0.862,0.771,0.867,0.765,0.582,0.313,-0.574,0.725,0.238,0.96,0.917,0.351,0.792,0.896,-0.797,0.91,0.408,0.179,0.395,0.719,0.128,0.925,0.813,0.848,0.794,0.938,0.414,0.581,0.197,0.721,0.745,-0.474,0.276,-0.658,0.802,0.926,0.668,0.844,0.838,0.39,0.931,0.004,0.199,0.553,0.819,0.917,-0.478,0.871,0.484,0.253,0.743,0.556,0.249,0.791,0.261,0.668,0.807,0.619,0.756,-0.178,0.755,-0.122,0.566,0.889,0.277,0.8,0.936,0.899,0.63,0.914,-0.189,0.706,0.287,0.184,0.317,-0.43,0.281,-0.679,0.81,0.281,0.927,0.928,0.838,0.571,0.849,0.125,-0.477,-0.395,0.901,0.944
FLGT,0.475,-0.197,-0.308,0.133,0.804,0.468,0.222,-0.37,0.359,0.822,0.453,0.848,-0.03,0.421,-0.217,-0.395,0.492,0.531,0.651,0.011,0.405,0.428,0.388,-0.262,0.316,0.561,0.248,0.633,-0.09,0.777,0.614,0.617,-0.061,-0.07,0.714,0.464,0.748,0.548,0.692,0.26,0.669,-0.36,0.542,-0.557,0.238,-0.279,0.686,0.111,0.132,0.002,-0.533,0.075,0.077,-0.536,-0.097,0.59,0.512,0.425,0.638,0.0,0.452,0.269,0.285,0.785,0.176,0.137,0.62,0.683,-0.074,0.821,0.342,0.408,0.603,0.57,0.361,0.568,-0.009,0.391,0.708,0.632,0.356,0.413,0.909,0.744,0.735,-0.048,0.596,0.809,0.518,0.343,0.347,0.383,0.798,0.629,0.016,0.524,0.149,0.499,0.633,0.743,0.376,0.475,0.141,0.601,0.736,0.514,0.662,0.491,0.836,-0.048,0.471,0.258,0.57,0.611,0.536,0.662,-0.067,0.696,0.635,0.694,0.425,0.614,0.649,0.721,-0.498,0.621,0.143,0.197,-0.074,0.576,0.137,0.571,0.562,0.645,0.758,0.69,0.532,0.401,0.742,0.59,0.697,0.126,0.707,-0.323,0.887,0.47,0.434,0.483,0.667,0.5,0.601,0.324,0.419,0.176,0.782,0.784,-0.175,0.602,0.304,0.603,0.593,0.061,0.126,0.318,0.734,0.743,0.616,0.866,0.727,-0.01,0.784,0.393,0.8,0.598,0.419,0.205,0.6,0.442,0.065,0.709,0.328,0.682,0.605,0.626,0.626,0.19,-0.15,-0.42,0.226,0.706,0.451,0.742,0.42,0.934,0.628,0.468,-0.002,-0.133,0.63,0.642
FOLD,-0.17,0.21,0.11,0.625,0.313,0.005,0.218,0.153,-0.065,0.27,-0.141,0.699,-0.421,0.442,0.377,0.003,-0.0,0.594,0.152,-0.38,-0.118,0.526,-0.212,-0.317,0.39,0.639,-0.22,0.298,0.311,0.42,0.074,-0.017,0.355,-0.442,0.308,0.138,0.084,-0.053,0.131,0.043,0.004,0.079,-0.145,-0.039,-0.289,0.248,0.028,-0.062,0.373,0.242,-0.306,-0.307,-0.227,-0.211,-0.097,-0.11,-0.131,-0.181,0.026,0.452,0.0,-0.209,-0.271,0.222,0.122,-0.48,-0.079,0.038,0.196,0.491,-0.246,0.386,-0.017,0.483,-0.227,-0.071,-0.654,-0.206,0.603,0.202,-0.078,-0.215,0.42,0.54,0.104,0.433,0.139,0.242,0.313,0.563,0.539,-0.157,0.512,0.18,0.235,0.066,-0.476,0.149,0.328,0.512,0.065,-0.154,0.081,0.173,0.008,0.018,0.208,-0.011,0.174,-0.445,-0.165,-0.271,-0.042,0.299,0.368,0.501,-0.009,-0.002,0.488,0.077,-0.196,0.099,0.295,0.145,0.091,-0.021,0.198,-0.058,-0.46,-0.038,0.362,-0.041,0.04,0.147,0.413,0.064,0.384,-0.252,0.689,0.188,0.129,0.377,0.515,0.205,0.277,-0.151,-0.162,-0.192,0.135,0.408,0.092,0.405,0.454,0.027,0.172,0.156,0.22,-0.022,-0.006,0.609,-0.237,-0.478,-0.096,-0.232,0.669,0.251,0.104,0.409,0.254,0.182,0.257,0.47,0.27,-0.088,0.317,-0.365,-0.0,-0.219,-0.37,0.051,0.352,0.493,0.532,0.564,0.45,0.584,-0.46,0.048,-0.312,0.543,-0.133,0.132,-0.099,0.564,-0.002,0.605,0.089,0.315,0.005,-0.094
FORM,0.879,-0.749,-0.6,-0.484,0.55,0.373,-0.341,-0.871,0.861,0.449,0.803,0.065,0.229,0.198,-0.664,-0.742,0.548,-0.159,0.566,0.662,0.869,0.212,0.731,0.524,-0.05,-0.499,0.293,0.244,-0.566,0.331,0.807,0.832,-0.784,0.392,0.666,0.183,0.693,0.885,0.629,-0.084,0.779,-0.39,0.773,-0.178,0.857,-0.665,0.7,-0.516,-0.628,-0.652,0.04,0.731,0.028,-0.258,-0.515,0.566,0.831,0.911,0.769,0.269,-0.209,0.0,0.929,0.34,-0.441,0.829,0.38,0.635,-0.172,0.033,0.674,-0.244,0.817,0.231,0.189,0.731,0.522,0.771,0.123,0.612,0.859,0.736,0.292,0.002,0.523,-0.753,0.843,0.475,0.234,-0.649,-0.591,0.649,0.33,0.705,-0.124,0.739,0.739,-0.015,0.362,-0.204,0.446,0.812,0.164,0.492,0.676,0.173,0.542,0.675,0.384,0.637,0.798,0.957,0.766,0.628,0.232,-0.137,-0.629,0.538,-0.221,0.786,0.913,0.051,0.428,0.677,-0.665,0.74,0.513,0.282,0.767,0.502,-0.007,0.856,0.825,0.73,0.542,0.761,0.053,0.457,-0.182,0.359,0.326,-0.716,-0.091,-0.618,0.478,0.876,0.556,0.852,0.679,0.191,0.735,-0.307,-0.266,0.827,0.462,0.609,-0.529,0.778,0.426,-0.062,0.502,0.636,0.289,0.809,-0.118,0.261,0.627,0.282,0.617,-0.194,0.349,-0.568,0.177,0.757,-0.102,0.907,0.846,0.855,0.837,0.728,-0.372,0.447,-0.083,-0.363,-0.034,-0.814,0.524,-0.6,0.78,-0.124,0.893,0.667,0.815,0.158,0.692,-0.162,-0.613,-0.472,0.704,0.708
FOXA,0.896,-0.721,-0.691,-0.511,0.54,0.48,-0.364,-0.887,0.862,0.487,0.864,0.052,0.221,0.18,-0.704,-0.778,0.578,-0.188,0.642,0.639,0.914,0.211,0.77,0.396,0.017,-0.512,0.261,0.187,-0.515,0.355,0.815,0.837,-0.809,0.397,0.648,0.203,0.735,0.901,0.669,-0.119,0.789,-0.476,0.813,-0.234,0.869,-0.653,0.757,-0.459,-0.646,-0.605,0.023,0.706,-0.057,-0.251,-0.478,0.603,0.87,0.927,0.813,0.285,-0.271,0.929,0.0,0.334,-0.392,0.824,0.491,0.604,-0.203,0.062,0.721,-0.306,0.836,0.225,0.216,0.799,0.652,0.785,0.102,0.586,0.853,0.834,0.31,0.017,0.546,-0.797,0.822,0.497,0.293,-0.64,-0.647,0.699,0.297,0.706,-0.109,0.707,0.82,-0.047,0.358,-0.093,0.443,0.822,0.145,0.544,0.698,0.22,0.598,0.754,0.424,0.62,0.85,0.907,0.764,0.619,0.244,-0.155,-0.684,0.57,-0.16,0.803,0.932,0.14,0.499,0.725,-0.711,0.752,0.458,0.303,0.769,0.518,-0.02,0.868,0.851,0.754,0.502,0.767,0.103,0.486,-0.177,0.44,0.392,-0.741,-0.118,-0.7,0.511,0.89,0.622,0.846,0.712,0.14,0.748,-0.217,-0.244,0.753,0.549,0.623,-0.569,0.805,0.389,-0.048,0.561,0.68,0.346,0.826,-0.146,0.281,0.624,0.274,0.542,-0.201,0.372,-0.527,0.175,0.816,-0.016,0.926,0.841,0.875,0.918,0.761,-0.4,0.418,-0.055,-0.29,-0.055,-0.795,0.473,-0.567,0.833,-0.094,0.895,0.701,0.812,0.152,0.746,-0.159,-0.569,-0.549,0.733,0.764
FRPT,0.557,-0.375,-0.409,-0.176,0.742,0.295,0.274,-0.5,0.31,0.771,0.492,0.619,0.211,0.124,-0.395,-0.45,0.495,0.305,0.574,0.107,0.369,0.161,0.564,-0.124,0.054,0.309,0.391,0.599,-0.237,0.706,0.621,0.664,-0.164,0.178,0.635,0.386,0.72,0.594,0.645,0.35,0.686,-0.391,0.666,-0.676,0.414,-0.501,0.746,0.169,-0.023,-0.088,-0.525,0.314,0.189,-0.681,0.018,0.783,0.61,0.465,0.684,0.785,0.222,0.34,0.334,0.0,-0.022,0.331,0.623,0.712,-0.246,0.636,0.557,0.324,0.657,0.425,0.479,0.578,0.19,0.541,0.497,0.675,0.379,0.454,0.764,0.441,0.824,-0.291,0.585,0.861,0.295,0.161,0.124,0.559,0.691,0.588,0.001,0.599,0.252,0.557,0.499,0.54,0.482,0.615,0.117,0.475,0.778,0.467,0.616,0.512,0.742,0.206,0.606,0.39,0.656,0.484,0.465,0.526,-0.139,0.651,0.455,0.716,0.511,0.508,0.552,0.712,-0.597,0.735,0.006,0.191,0.051,0.709,0.205,0.583,0.504,0.564,0.754,0.72,0.238,0.557,0.525,0.534,0.682,0.024,0.515,-0.376,0.789,0.565,0.475,0.581,0.56,0.309,0.66,0.063,0.334,0.214,0.748,0.822,-0.313,0.69,0.432,0.36,0.655,0.266,0.027,0.441,0.612,0.797,0.595,0.698,0.741,-0.125,0.761,0.224,0.793,0.646,0.354,0.314,0.616,0.558,0.148,0.731,0.149,0.513,0.305,0.413,0.423,-0.021,-0.052,-0.624,0.398,0.46,0.556,0.775,0.542,0.768,0.624,0.192,-0.153,-0.304,0.608,0.717
FSLR,-0.48,0.753,0.261,0.483,-0.088,0.227,-0.021,0.475,-0.418,0.163,-0.315,0.261,-0.361,0.087,0.332,0.518,-0.103,0.18,-0.091,-0.324,-0.363,-0.017,-0.505,-0.308,0.521,0.586,-0.301,0.028,0.613,0.112,-0.379,-0.372,0.247,-0.539,-0.196,0.519,-0.06,-0.283,-0.01,-0.104,-0.209,-0.054,-0.382,-0.057,-0.399,0.499,-0.271,0.418,0.568,0.362,-0.036,-0.733,-0.063,0.281,0.308,-0.329,-0.353,-0.302,-0.264,0.176,0.122,-0.441,-0.392,-0.022,0.0,-0.458,0.187,-0.187,0.343,0.323,-0.537,0.321,-0.385,0.122,-0.034,-0.32,-0.253,-0.603,0.33,-0.468,-0.443,-0.294,0.128,0.378,-0.176,0.625,-0.408,-0.169,0.354,0.554,0.621,-0.483,-0.149,-0.284,-0.129,-0.559,-0.3,0.19,0.003,0.346,-0.353,-0.454,-0.206,0.184,-0.044,0.335,0.069,-0.136,0.221,-0.525,-0.318,-0.475,-0.277,-0.265,-0.03,0.25,0.49,0.054,0.528,-0.233,-0.426,0.362,-0.053,-0.098,0.223,-0.324,-0.164,0.201,-0.429,-0.36,-0.156,-0.395,-0.357,-0.121,-0.276,-0.301,0.411,-0.211,0.407,0.075,-0.009,0.446,0.441,0.097,0.038,-0.44,-0.108,-0.351,-0.041,0.162,-0.354,0.664,0.122,-0.552,0.106,-0.226,0.4,-0.348,-0.362,0.307,-0.121,-0.204,0.478,-0.419,0.254,-0.129,-0.211,0.277,-0.252,0.605,-0.094,0.447,0.064,-0.207,0.172,-0.452,-0.34,-0.477,-0.368,-0.182,0.495,-0.159,0.527,0.347,0.445,0.535,-0.328,0.468,-0.442,0.554,-0.438,-0.252,-0.423,0.228,-0.129,0.374,0.555,0.472,-0.199,-0.242
FTAI,0.801,-0.762,-0.482,-0.758,0.349,0.159,-0.176,-0.758,0.685,0.296,0.726,-0.169,0.49,-0.238,-0.82,-0.591,0.466,-0.391,0.295,0.676,0.707,-0.192,0.743,0.657,-0.381,-0.629,0.529,0.068,-0.692,0.091,0.6,0.722,-0.715,0.601,0.434,0.062,0.528,0.716,0.454,0.144,0.698,-0.256,0.73,-0.212,0.86,-0.793,0.601,-0.207,-0.522,-0.711,0.013,0.745,0.264,-0.23,-0.219,0.648,0.757,0.821,0.608,0.137,-0.48,0.829,0.824,0.331,-0.458,0.0,0.355,0.576,-0.324,-0.078,0.765,-0.267,0.671,-0.132,0.467,0.577,0.752,0.802,-0.187,0.512,0.625,0.653,0.166,-0.262,0.506,-0.789,0.632,0.373,-0.062,-0.697,-0.665,0.69,0.07,0.484,-0.212,0.673,0.774,0.172,0.047,-0.335,0.537,0.806,-0.022,0.295,0.572,0.302,0.28,0.532,0.348,0.709,0.795,0.895,0.705,0.34,-0.047,-0.271,-0.391,0.536,-0.38,0.621,0.779,0.146,0.109,0.484,-0.586,0.695,0.202,0.372,0.848,0.562,-0.077,0.707,0.65,0.469,0.344,0.667,-0.285,0.645,-0.317,0.073,0.186,-0.597,-0.195,-0.516,0.356,0.79,0.47,0.85,0.392,-0.067,0.553,-0.496,-0.357,0.697,0.339,0.476,-0.531,0.751,0.534,-0.33,0.543,0.624,0.154,0.782,-0.22,0.268,0.477,0.088,0.538,-0.359,0.255,-0.606,0.191,0.702,-0.242,0.835,0.674,0.813,0.774,0.649,-0.311,0.165,-0.345,-0.521,-0.183,-0.885,0.521,-0.599,0.747,-0.339,0.768,0.506,0.752,-0.034,0.546,-0.52,-0.6,-0.632,0.521,0.637
GBDC,0.547,-0.265,-0.47,-0.186,0.657,0.563,0.05,-0.504,0.357,0.701,0.598,0.346,0.144,0.154,-0.398,-0.391,0.36,0.215,0.659,0.121,0.5,0.206,0.536,-0.194,0.261,0.137,0.199,0.363,-0.094,0.61,0.606,0.621,-0.343,0.241,0.629,0.451,0.716,0.633,0.655,0.127,0.71,-0.445,0.666,-0.507,0.509,-0.388,0.681,0.139,-0.142,-0.003,-0.126,0.245,0.047,-0.332,0.026,0.61,0.617,0.507,0.71,0.62,-0.079,0.38,0.491,0.623,0.187,0.355,0.0,0.607,-0.083,0.472,0.531,0.272,0.61,0.441,0.392,0.701,0.434,0.457,0.409,0.497,0.411,0.581,0.576,0.409,0.622,-0.316,0.549,0.659,0.415,0.035,0.003,0.515,0.369,0.595,0.005,0.393,0.485,0.385,0.487,0.476,0.326,0.519,0.151,0.586,0.737,0.478,0.687,0.63,0.681,0.247,0.622,0.414,0.591,0.352,0.358,0.298,-0.213,0.612,0.446,0.71,0.577,0.613,0.615,0.668,-0.524,0.639,0.214,0.271,0.149,0.533,0.019,0.551,0.539,0.573,0.521,0.686,0.412,0.492,0.276,0.617,0.64,-0.181,0.314,-0.512,0.707,0.561,0.561,0.597,0.606,0.245,0.621,0.302,0.239,0.15,0.744,0.675,-0.191,0.606,0.275,0.242,0.714,0.377,0.386,0.436,0.261,0.597,0.536,0.524,0.462,0.006,0.576,0.118,0.56,0.685,0.281,0.504,0.616,0.556,0.377,0.684,0.112,0.412,0.309,0.292,0.356,-0.119,0.113,-0.324,0.611,0.478,0.579,0.691,0.454,0.514,0.665,0.128,-0.131,-0.087,0.624,0.746
GDYN,0.724,-0.598,-0.329,-0.342,0.847,0.28,0.121,-0.689,0.48,0.761,0.653,0.425,0.309,0.113,-0.589,-0.521,0.577,0.163,0.516,0.5,0.543,0.087,0.694,0.137,-0.162,0.048,0.617,0.659,-0.399,0.638,0.764,0.835,-0.545,0.275,0.752,0.389,0.773,0.749,0.734,0.417,0.891,-0.351,0.817,-0.572,0.719,-0.7,0.768,0.058,-0.139,-0.314,-0.33,0.532,0.407,-0.565,-0.162,0.803,0.756,0.679,0.792,0.683,0.038,0.635,0.604,0.712,-0.187,0.576,0.607,0.0,-0.233,0.554,0.701,0.269,0.814,0.292,0.499,0.698,0.275,0.72,0.459,0.798,0.612,0.469,0.674,0.332,0.817,-0.481,0.766,0.798,0.154,-0.103,-0.199,0.637,0.624,0.69,-0.243,0.81,0.474,0.461,0.601,0.316,0.497,0.816,0.077,0.408,0.88,0.417,0.568,0.461,0.753,0.423,0.694,0.687,0.832,0.539,0.294,0.481,-0.155,0.738,0.12,0.838,0.715,0.39,0.465,0.72,-0.675,0.859,0.216,0.313,0.331,0.759,0.136,0.777,0.631,0.673,0.836,0.871,0.206,0.657,0.345,0.391,0.625,-0.103,0.475,-0.414,0.752,0.775,0.465,0.814,0.597,0.412,0.766,-0.203,0.222,0.489,0.639,0.857,-0.441,0.784,0.591,0.095,0.724,0.372,0.122,0.676,0.31,0.767,0.736,0.705,0.886,-0.1,0.704,-0.162,0.718,0.73,0.114,0.616,0.806,0.777,0.357,0.815,-0.008,0.613,0.198,0.141,0.323,-0.345,0.384,-0.707,0.644,0.289,0.803,0.79,0.787,0.623,0.658,0.009,-0.467,-0.274,0.709,0.853
GGAL,-0.297,0.456,0.293,0.597,-0.164,0.035,-0.177,0.369,-0.088,-0.053,-0.206,0.065,-0.546,0.306,0.509,0.415,-0.233,0.417,-0.09,-0.203,-0.051,0.395,-0.428,-0.08,0.417,0.372,-0.424,0.107,0.397,0.022,-0.17,-0.177,0.219,-0.315,0.031,0.081,-0.165,-0.162,-0.13,-0.237,-0.212,0.312,-0.363,0.538,-0.232,0.511,-0.34,-0.155,0.204,0.174,0.444,-0.354,-0.294,0.549,-0.217,-0.55,-0.314,-0.161,-0.17,-0.074,0.196,-0.172,-0.203,-0.246,0.343,-0.324,-0.083,-0.233,0.0,-0.011,-0.408,0.302,-0.241,0.291,-0.268,-0.22,-0.356,-0.449,0.283,-0.225,-0.158,-0.308,-0.103,0.33,-0.463,0.466,-0.115,-0.248,0.188,0.21,0.326,-0.532,-0.037,0.109,0.254,-0.307,-0.3,-0.007,0.104,0.091,-0.202,-0.413,0.361,0.096,-0.234,-0.006,0.011,-0.151,0.016,-0.152,-0.321,-0.232,-0.322,0.029,0.214,-0.014,0.084,-0.227,0.27,-0.208,-0.236,-0.033,0.009,-0.215,0.39,-0.378,0.422,0.038,-0.146,-0.356,-0.159,-0.19,-0.105,-0.057,-0.156,-0.231,0.331,-0.474,0.108,-0.08,-0.059,0.128,0.129,0.238,-0.101,-0.291,-0.247,-0.254,-0.041,0.27,-0.214,0.496,0.057,-0.11,-0.195,-0.268,0.6,-0.386,-0.178,0.363,-0.282,-0.118,0.379,-0.252,-0.013,-0.292,-0.095,0.001,-0.143,0.497,-0.15,0.128,-0.116,-0.317,0.083,-0.184,-0.182,-0.329,-0.085,-0.234,0.386,0.166,0.421,0.12,0.213,0.342,-0.097,0.656,-0.161,0.336,-0.219,-0.295,-0.324,0.053,-0.225,0.38,0.146,0.599,-0.029,-0.307
GNLN,0.169,0.064,-0.158,0.274,0.731,0.364,0.256,-0.163,0.025,0.795,0.243,0.843,-0.164,0.246,-0.087,-0.184,0.444,0.503,0.481,0.024,0.134,0.22,0.161,-0.383,0.38,0.681,0.203,0.49,0.174,0.746,0.329,0.348,-0.059,-0.321,0.561,0.631,0.584,0.337,0.611,0.254,0.434,-0.35,0.328,-0.647,0.094,-0.136,0.512,0.243,0.439,0.145,-0.632,-0.182,0.046,-0.577,0.047,0.429,0.334,0.181,0.471,0.821,0.491,0.033,0.062,0.636,0.323,-0.078,0.472,0.554,-0.011,0.0,0.116,0.472,0.374,0.486,0.322,0.294,-0.189,0.13,0.778,0.418,0.086,0.149,0.85,0.639,0.657,0.187,0.372,0.653,0.513,0.571,0.48,0.195,0.623,0.378,-0.106,0.347,-0.057,0.465,0.47,0.803,0.26,0.305,-0.01,0.488,0.583,0.543,0.567,0.354,0.798,-0.285,0.33,0.026,0.427,0.428,0.529,0.783,0.043,0.583,0.706,0.491,0.15,0.602,0.582,0.587,-0.388,0.444,-0.044,0.338,-0.349,0.39,0.164,0.342,0.246,0.487,0.594,0.481,0.587,0.291,0.876,0.529,0.594,0.415,0.788,-0.206,0.765,0.258,0.237,0.238,0.48,0.497,0.388,0.461,0.533,-0.098,0.714,0.615,-0.121,0.415,0.23,0.599,0.437,-0.084,0.175,0.146,0.779,0.668,0.434,0.892,0.588,0.225,0.675,0.545,0.732,0.434,0.512,-0.066,0.35,0.21,-0.147,0.557,0.334,0.584,0.671,0.678,0.758,0.357,-0.259,-0.339,-0.014,0.757,0.244,0.517,0.294,0.88,0.436,0.487,0.111,0.067,0.437,0.471
GRFS,0.834,-0.859,-0.448,-0.729,0.549,0.17,0.24,-0.761,0.547,0.402,0.759,0.029,0.65,-0.149,-0.796,-0.593,0.337,-0.031,0.472,0.53,0.654,-0.019,0.907,0.204,-0.402,-0.389,0.642,0.284,-0.704,0.267,0.736,0.84,-0.497,0.742,0.642,-0.004,0.589,0.708,0.526,0.427,0.803,-0.189,0.895,-0.425,0.781,-0.874,0.764,0.007,-0.529,-0.29,-0.179,0.864,0.377,-0.556,-0.038,0.84,0.797,0.68,0.774,0.342,-0.246,0.674,0.721,0.557,-0.537,0.765,0.531,0.701,-0.408,0.116,0.0,0.066,0.765,0.131,0.61,0.781,0.635,0.928,-0.068,0.818,0.61,0.678,0.378,-0.1,0.703,-0.791,0.729,0.685,-0.134,-0.468,-0.6,0.862,0.374,0.609,0.093,0.818,0.751,0.355,0.233,0.014,0.686,0.849,0.184,0.245,0.661,0.227,0.37,0.473,0.436,0.771,0.781,0.788,0.756,0.392,0.218,0.068,-0.382,0.618,-0.124,0.728,0.815,0.249,0.429,0.548,-0.56,0.85,0.247,0.103,0.515,0.857,0.02,0.747,0.624,0.444,0.598,0.836,-0.152,0.795,-0.165,0.293,0.516,-0.458,0.023,-0.38,0.495,0.845,0.487,0.855,0.41,0.006,0.737,-0.417,0.137,0.58,0.491,0.711,-0.419,0.794,0.671,-0.249,0.718,0.459,-0.157,0.758,-0.043,0.653,0.658,0.238,0.645,-0.524,0.564,-0.316,0.532,0.706,-0.044,0.78,0.776,0.886,0.561,0.734,-0.165,0.416,-0.234,-0.143,-0.002,-0.595,0.339,-0.718,0.84,-0.209,0.803,0.737,0.761,0.209,0.584,-0.425,-0.652,-0.533,0.617,0.799
GT,-0.166,0.158,0.469,0.26,0.296,-0.102,0.616,0.275,-0.319,0.234,-0.088,0.387,0.055,-0.057,0.115,0.402,-0.214,0.575,-0.043,-0.15,-0.182,0.145,-0.038,-0.26,-0.019,0.648,0.265,0.371,0.166,0.239,-0.002,0.086,0.329,0.001,0.355,0.238,0.031,-0.114,0.075,0.611,0.17,0.416,0.037,-0.095,-0.124,-0.004,0.018,0.585,0.497,0.436,-0.124,-0.168,0.337,-0.219,0.4,0.093,-0.12,-0.219,0.08,0.408,0.386,-0.244,-0.306,0.324,0.321,-0.267,0.272,0.269,0.302,0.472,0.066,0.0,-0.051,0.259,0.374,-0.0,-0.353,-0.08,0.383,0.32,-0.274,-0.284,0.417,0.438,0.171,0.366,0.049,0.316,-0.152,0.536,0.429,-0.031,0.328,0.153,0.32,0.086,-0.229,0.67,0.148,0.458,0.314,-0.067,0.071,-0.029,0.099,0.302,-0.021,-0.248,0.398,-0.114,-0.136,-0.16,0.006,-0.083,0.214,0.54,0.409,0.277,0.442,0.04,-0.161,0.422,0.173,-0.074,0.224,0.091,0.132,0.015,-0.449,0.266,-0.113,-0.091,-0.165,-0.133,0.285,0.189,0.238,0.225,0.48,-0.035,0.329,0.508,0.715,0.456,0.271,-0.106,-0.333,0.029,-0.133,0.272,0.064,0.326,0.723,-0.188,0.147,0.202,0.525,-0.041,0.396,0.199,0.13,-0.46,-0.138,-0.141,0.378,0.522,0.237,0.389,0.329,0.166,0.374,0.41,0.591,-0.135,0.14,-0.229,0.044,-0.077,-0.434,0.098,0.671,0.444,0.413,0.455,0.469,0.527,-0.219,0.068,-0.065,0.453,-0.097,0.098,-0.1,0.504,-0.146,0.164,-0.04,0.46,0.005,0.054
HCAT,0.933,-0.731,-0.694,-0.381,0.798,0.53,-0.114,-0.898,0.775,0.723,0.86,0.36,0.245,0.324,-0.586,-0.8,0.695,0.103,0.805,0.481,0.824,0.341,0.844,0.082,0.045,-0.187,0.369,0.551,-0.439,0.66,0.942,0.918,-0.61,0.353,0.804,0.288,0.893,0.928,0.829,0.042,0.886,-0.549,0.91,-0.514,0.775,-0.664,0.921,-0.338,-0.534,-0.385,-0.167,0.706,0.063,-0.515,-0.474,0.802,0.935,0.864,0.942,0.603,-0.017,0.817,0.836,0.657,-0.385,0.671,0.61,0.814,-0.241,0.374,0.765,-0.051,0.0,0.436,0.303,0.91,0.492,0.843,0.386,0.806,0.868,0.812,0.595,0.291,0.804,-0.725,0.904,0.79,0.381,-0.356,-0.361,0.798,0.66,0.824,-0.105,0.853,0.693,0.111,0.658,0.284,0.506,0.896,0.288,0.605,0.865,0.239,0.768,0.762,0.643,0.536,0.845,0.799,0.86,0.779,0.475,0.267,-0.567,0.655,0.09,0.955,0.923,0.241,0.681,0.882,-0.833,0.89,0.343,0.155,0.496,0.721,0.202,0.957,0.865,0.863,0.813,0.92,0.319,0.551,0.149,0.657,0.687,-0.491,0.167,-0.711,0.76,0.931,0.7,0.842,0.845,0.367,0.916,-0.171,0.048,0.604,0.752,0.908,-0.621,0.885,0.45,0.197,0.737,0.606,0.177,0.8,0.225,0.634,0.745,0.576,0.775,-0.248,0.73,-0.22,0.516,0.893,0.256,0.821,0.919,0.919,0.645,0.882,-0.317,0.63,0.176,0.109,0.185,-0.52,0.349,-0.715,0.795,0.189,0.951,0.912,0.886,0.507,0.87,0.099,-0.484,-0.497,0.895,0.933
HCM,0.297,-0.01,-0.401,0.427,0.558,0.503,-0.038,-0.275,0.283,0.558,0.284,0.63,-0.345,0.683,0.119,-0.312,0.122,0.602,0.655,-0.204,0.35,0.696,0.161,-0.428,0.63,0.426,-0.342,0.548,0.117,0.674,0.537,0.386,0.02,-0.197,0.622,0.254,0.479,0.435,0.463,-0.259,0.399,-0.301,0.274,-0.137,0.054,0.089,0.409,-0.335,-0.09,0.22,-0.116,0.03,-0.346,-0.163,-0.38,0.123,0.32,0.233,0.525,0.57,0.483,0.231,0.225,0.425,0.122,-0.132,0.441,0.292,0.291,0.486,0.131,0.259,0.436,0.0,-0.177,0.484,-0.189,0.116,0.708,0.401,0.392,0.32,0.552,0.576,0.295,0.066,0.537,0.53,0.675,0.3,0.266,0.094,0.616,0.629,0.243,0.241,0.018,0.063,0.662,0.582,0.085,0.131,0.478,0.516,0.445,-0.043,0.745,0.453,0.377,-0.08,0.284,0.126,0.28,0.602,0.689,0.423,-0.339,0.148,0.627,0.511,0.346,0.112,0.768,0.547,-0.25,0.291,0.455,-0.028,-0.185,0.207,0.159,0.404,0.496,0.598,0.541,0.461,0.642,-0.116,0.463,0.72,0.544,-0.065,0.285,-0.351,0.533,0.305,0.393,0.2,0.656,0.364,0.511,0.473,0.247,0.201,0.555,0.488,0.041,0.264,-0.114,0.687,0.256,0.182,0.228,0.114,0.455,0.33,0.374,0.512,0.349,0.143,0.462,0.289,0.401,0.399,0.424,0.195,0.429,0.215,0.111,0.37,0.149,0.583,0.613,0.565,0.503,0.249,-0.182,-0.063,0.261,0.621,0.34,0.517,0.203,0.613,0.559,0.629,0.047,0.279,0.541,0.372
HFWA,0.355,-0.421,0.098,-0.589,0.283,0.032,0.621,-0.17,0.07,0.275,0.4,0.127,0.689,-0.466,-0.6,-0.011,0.179,0.095,0.081,0.424,0.178,-0.34,0.539,0.106,-0.451,0.049,0.814,0.126,-0.515,0.035,0.197,0.45,-0.116,0.551,0.348,0.138,0.326,0.248,0.263,0.771,0.473,0.144,0.527,-0.481,0.381,-0.626,0.438,0.575,0.097,-0.06,-0.38,0.358,0.681,-0.522,0.451,0.635,0.388,0.272,0.366,0.361,-0.227,0.189,0.216,0.479,-0.034,0.467,0.392,0.499,-0.268,0.322,0.61,0.374,0.303,-0.177,0.0,0.333,0.425,0.55,-0.15,0.482,-0.009,0.279,0.448,-0.072,0.541,-0.273,0.236,0.483,-0.289,-0.091,-0.121,0.513,0.135,0.209,0.031,0.465,0.407,0.694,-0.168,0.141,0.623,0.503,-0.004,0.164,0.399,0.677,0.001,0.07,0.539,0.456,0.412,0.357,0.431,-0.006,0.072,0.291,0.264,0.711,0.148,0.314,0.295,0.656,0.128,0.201,-0.221,0.535,-0.149,0.244,0.104,0.729,-0.314,0.324,0.128,0.001,0.219,0.505,-0.204,0.881,0.068,-0.021,0.388,0.077,0.386,0.057,0.426,0.403,0.18,0.525,0.015,-0.075,0.267,-0.158,0.347,0.05,0.35,0.422,0.005,0.474,0.683,-0.253,0.692,-0.022,-0.237,0.395,0.174,0.623,0.449,0.292,0.493,-0.357,0.528,0.125,0.689,0.379,0.025,0.241,0.365,0.492,0.04,0.509,0.331,0.205,-0.085,0.005,0.358,-0.179,0.011,-0.424,0.295,-0.067,0.288,0.346,0.351,0.268,0.226,-0.492,-0.276,-0.32,0.292,0.461
HOLX,0.911,-0.699,-0.656,-0.362,0.707,0.607,-0.058,-0.817,0.752,0.624,0.841,0.31,0.303,0.366,-0.551,-0.744,0.542,0.189,0.851,0.351,0.821,0.426,0.856,-0.08,0.116,-0.162,0.294,0.477,-0.431,0.609,0.915,0.886,-0.508,0.452,0.787,0.222,0.845,0.875,0.751,0.048,0.843,-0.462,0.903,-0.462,0.692,-0.589,0.88,-0.298,-0.598,-0.237,-0.104,0.698,0.031,-0.468,-0.401,0.735,0.868,0.794,0.921,0.568,-0.071,0.731,0.799,0.578,-0.32,0.577,0.701,0.698,-0.22,0.294,0.781,-0.0,0.91,0.484,0.333,0.0,0.525,0.814,0.296,0.788,0.83,0.865,0.548,0.315,0.707,-0.706,0.837,0.747,0.357,-0.356,-0.357,0.762,0.607,0.84,0.094,0.763,0.743,0.089,0.625,0.343,0.454,0.792,0.366,0.584,0.777,0.22,0.742,0.709,0.573,0.58,0.767,0.715,0.762,0.747,0.528,0.208,-0.568,0.631,0.183,0.889,0.909,0.301,0.766,0.81,-0.689,0.832,0.419,-0.017,0.413,0.712,0.046,0.906,0.838,0.778,0.694,0.872,0.37,0.559,0.037,0.692,0.747,-0.565,0.114,-0.64,0.698,0.878,0.678,0.779,0.81,0.277,0.911,-0.081,0.137,0.519,0.725,0.845,-0.453,0.8,0.389,0.182,0.783,0.526,0.138,0.745,0.144,0.575,0.762,0.466,0.627,-0.32,0.716,-0.115,0.489,0.833,0.231,0.812,0.902,0.892,0.635,0.827,-0.272,0.621,0.218,0.19,0.207,-0.431,0.256,-0.577,0.807,0.197,0.867,0.888,0.752,0.44,0.825,0.106,-0.388,-0.43,0.89,0.895
HQY,0.62,-0.545,-0.56,-0.761,0.091,0.275,-0.16,-0.582,0.464,0.144,0.644,-0.329,0.501,-0.317,-0.708,-0.456,0.382,-0.496,0.315,0.418,0.569,-0.281,0.674,0.287,-0.243,-0.636,0.335,-0.089,-0.408,-0.02,0.39,0.454,-0.535,0.63,0.173,0.042,0.405,0.509,0.386,-0.0,0.451,-0.392,0.577,-0.29,0.621,-0.607,0.519,-0.057,-0.511,-0.404,0.068,0.571,0.113,-0.162,-0.017,0.55,0.638,0.61,0.469,-0.009,-0.654,0.522,0.652,0.19,-0.253,0.752,0.434,0.275,-0.356,-0.189,0.635,-0.353,0.492,-0.189,0.425,0.525,0.0,0.644,-0.393,0.25,0.423,0.696,0.005,-0.304,0.409,-0.769,0.317,0.232,-0.008,-0.585,-0.596,0.702,-0.137,0.22,-0.123,0.346,0.828,0.026,-0.083,-0.229,0.404,0.611,-0.026,0.25,0.392,0.287,0.237,0.527,0.238,0.617,0.675,0.586,0.514,0.115,-0.08,-0.323,-0.353,0.39,-0.287,0.429,0.605,0.208,0.107,0.376,-0.499,0.508,-0.08,0.215,0.66,0.427,-0.079,0.496,0.443,0.29,0.059,0.442,-0.186,0.583,-0.407,0.205,0.249,-0.579,-0.352,-0.587,0.191,0.585,0.529,0.6,0.316,-0.266,0.387,-0.295,-0.324,0.269,0.355,0.322,-0.534,0.568,0.301,-0.345,0.514,0.631,0.172,0.6,-0.298,0.165,0.276,-0.085,0.166,-0.395,0.193,-0.392,0.04,0.621,-0.061,0.671,0.415,0.64,0.685,0.486,-0.42,-0.116,-0.306,-0.417,-0.303,-0.727,0.31,-0.432,0.636,-0.33,0.542,0.378,0.553,-0.207,0.479,-0.499,-0.344,-0.666,0.392,0.532
HUBG,0.917,-0.921,-0.52,-0.719,0.583,0.245,0.127,-0.835,0.702,0.433,0.839,0.086,0.602,-0.046,-0.789,-0.727,0.513,-0.05,0.553,0.576,0.752,0.063,0.953,0.267,-0.352,-0.43,0.641,0.306,-0.735,0.333,0.797,0.875,-0.564,0.685,0.668,0.012,0.689,0.786,0.623,0.334,0.813,-0.299,0.917,-0.459,0.81,-0.89,0.834,-0.162,-0.562,-0.468,-0.222,0.886,0.311,-0.593,-0.212,0.86,0.88,0.79,0.799,0.391,-0.206,0.771,0.785,0.541,-0.603,0.802,0.457,0.72,-0.449,0.13,0.928,-0.08,0.843,0.116,0.55,0.814,0.644,0.0,-0.04,0.826,0.731,0.763,0.404,-0.041,0.747,-0.848,0.792,0.669,-0.041,-0.528,-0.578,0.894,0.457,0.654,0.001,0.89,0.784,0.214,0.28,0.018,0.683,0.93,0.17,0.34,0.683,0.274,0.417,0.551,0.461,0.746,0.827,0.848,0.832,0.54,0.237,0.08,-0.468,0.659,-0.159,0.791,0.875,0.244,0.434,0.648,-0.678,0.893,0.242,0.085,0.593,0.835,0.026,0.862,0.729,0.567,0.634,0.857,-0.086,0.782,-0.148,0.334,0.536,-0.553,0.009,-0.477,0.55,0.899,0.573,0.884,0.538,0.084,0.798,-0.456,0.055,0.634,0.532,0.764,-0.565,0.877,0.672,-0.149,0.713,0.469,-0.138,0.847,0.023,0.616,0.717,0.298,0.704,-0.578,0.616,-0.353,0.459,0.788,0.015,0.817,0.84,0.947,0.621,0.804,-0.298,0.459,-0.177,-0.156,-0.002,-0.665,0.367,-0.795,0.798,-0.201,0.86,0.785,0.86,0.246,0.662,-0.347,-0.664,-0.644,0.707,0.821
IAC,0.156,0.195,-0.211,0.577,0.718,0.432,-0.101,-0.19,0.137,0.771,0.173,0.796,-0.491,0.605,0.198,-0.188,0.398,0.555,0.542,-0.079,0.194,0.565,0.004,-0.352,0.639,0.643,-0.168,0.616,0.368,0.845,0.421,0.317,-0.072,-0.531,0.564,0.603,0.549,0.394,0.57,-0.117,0.387,-0.371,0.213,-0.298,0.087,0.131,0.376,-0.131,0.251,0.105,-0.252,-0.214,-0.248,-0.209,-0.346,0.163,0.257,0.213,0.456,0.708,0.603,0.123,0.102,0.497,0.33,-0.187,0.409,0.459,0.283,0.778,-0.068,0.383,0.386,0.708,-0.15,0.296,-0.393,-0.04,0.0,0.321,0.284,0.094,0.661,0.749,0.392,0.249,0.447,0.516,0.689,0.526,0.492,-0.032,0.686,0.529,-0.076,0.253,-0.151,0.178,0.761,0.722,-0.03,0.154,0.191,0.519,0.533,0.197,0.711,0.377,0.611,-0.341,0.196,0.027,0.32,0.592,0.593,0.656,-0.131,0.3,0.642,0.498,0.187,0.261,0.605,0.584,-0.353,0.294,0.284,0.185,-0.271,0.113,0.261,0.351,0.36,0.64,0.632,0.39,0.777,-0.124,0.781,0.586,0.506,0.263,0.634,-0.279,0.676,0.217,0.209,0.153,0.601,0.701,0.43,0.523,0.357,0.072,0.58,0.537,-0.031,0.253,-0.032,0.776,0.209,0.067,0.406,0.107,0.647,0.423,0.396,0.803,0.488,0.467,0.501,0.363,0.469,0.324,0.503,0.02,0.365,0.12,-0.056,0.41,0.237,0.635,0.816,0.66,0.652,0.374,-0.066,-0.098,0.058,0.866,0.294,0.474,0.225,0.821,0.431,0.779,0.125,0.311,0.495,0.386
ICLR,0.781,-0.774,-0.316,-0.327,0.777,0.231,0.327,-0.689,0.578,0.578,0.707,0.421,0.412,0.167,-0.51,-0.591,0.405,0.362,0.583,0.369,0.629,0.329,0.807,0.031,-0.213,-0.01,0.582,0.575,-0.534,0.55,0.824,0.88,-0.328,0.503,0.854,0.113,0.685,0.708,0.642,0.459,0.828,-0.129,0.835,-0.426,0.643,-0.725,0.788,-0.06,-0.314,-0.219,-0.26,0.732,0.307,-0.639,-0.21,0.781,0.754,0.626,0.813,0.632,0.202,0.612,0.586,0.675,-0.468,0.512,0.497,0.798,-0.225,0.418,0.818,0.32,0.806,0.401,0.482,0.788,0.25,0.826,0.321,0.0,0.653,0.541,0.621,0.299,0.767,-0.543,0.844,0.802,0.017,-0.166,-0.273,0.746,0.752,0.774,0.208,0.928,0.471,0.379,0.511,0.328,0.686,0.801,0.277,0.315,0.691,0.239,0.484,0.432,0.577,0.534,0.666,0.676,0.762,0.651,0.43,0.396,-0.349,0.636,0.128,0.807,0.748,0.302,0.584,0.64,-0.519,0.853,0.41,0.045,0.292,0.846,0.084,0.804,0.684,0.588,0.86,0.901,0.153,0.664,0.211,0.38,0.659,-0.251,0.362,-0.251,0.687,0.8,0.375,0.782,0.545,0.363,0.852,-0.252,0.406,0.586,0.57,0.856,-0.303,0.783,0.719,0.136,0.643,0.194,-0.186,0.672,0.31,0.808,0.777,0.533,0.865,-0.39,0.782,-0.065,0.695,0.652,0.175,0.622,0.838,0.819,0.353,0.8,0.014,0.788,0.136,0.199,0.274,-0.28,0.153,-0.676,0.68,0.145,0.786,0.835,0.751,0.56,0.592,-0.022,-0.587,-0.328,0.718,0.786
IDCC,0.892,-0.706,-0.688,-0.29,0.624,0.485,-0.396,-0.907,0.868,0.505,0.796,0.137,0.121,0.457,-0.464,-0.81,0.635,-0.022,0.751,0.448,0.854,0.475,0.742,0.181,0.107,-0.38,0.153,0.421,-0.408,0.537,0.904,0.816,-0.658,0.288,0.666,0.207,0.765,0.892,0.722,-0.213,0.747,-0.525,0.782,-0.237,0.765,-0.538,0.749,-0.611,-0.72,-0.505,0.049,0.733,-0.131,-0.258,-0.687,0.568,0.837,0.866,0.816,0.356,-0.078,0.859,0.853,0.379,-0.443,0.625,0.411,0.612,-0.158,0.086,0.61,-0.274,0.868,0.392,-0.009,0.83,0.423,0.731,0.284,0.653,0.0,0.772,0.283,0.22,0.537,-0.745,0.857,0.502,0.345,-0.511,-0.469,0.621,0.554,0.761,-0.055,0.746,0.672,-0.21,0.643,0.083,0.288,0.776,0.308,0.488,0.67,-0.013,0.668,0.679,0.38,0.569,0.709,0.802,0.753,0.808,0.358,0.007,-0.726,0.432,-0.125,0.831,0.916,-0.068,0.558,0.758,-0.733,0.738,0.533,-0.028,0.61,0.442,0.124,0.899,0.846,0.844,0.65,0.734,0.31,0.315,-0.121,0.544,0.484,-0.717,-0.06,-0.676,0.512,0.865,0.614,0.739,0.806,0.388,0.863,-0.26,-0.144,0.688,0.517,0.712,-0.595,0.728,0.296,0.158,0.463,0.636,0.277,0.772,-0.02,0.301,0.65,0.354,0.583,-0.21,0.471,-0.423,0.143,0.738,0.079,0.883,0.87,0.831,0.75,0.716,-0.489,0.566,0.105,-0.057,-0.017,-0.614,0.469,-0.558,0.784,0.036,0.904,0.779,0.815,0.266,0.731,0.133,-0.531,-0.432,0.826,0.76
IEP,0.877,-0.65,-0.785,-0.487,0.484,0.659,-0.2,-0.81,0.801,0.516,0.87,0.173,0.278,0.255,-0.654,-0.791,0.612,-0.106,0.828,0.387,0.872,0.333,0.799,0.066,0.183,-0.331,0.167,0.209,-0.463,0.436,0.788,0.759,-0.544,0.407,0.597,0.237,0.802,0.844,0.706,-0.148,0.706,-0.572,0.806,-0.43,0.652,-0.558,0.852,-0.374,-0.654,-0.383,-0.16,0.616,-0.128,-0.416,-0.364,0.662,0.863,0.834,0.818,0.413,-0.215,0.736,0.834,0.454,-0.294,0.653,0.581,0.469,-0.308,0.149,0.678,-0.284,0.812,0.32,0.279,0.865,0.696,0.763,0.094,0.541,0.772,0.0,0.418,0.156,0.631,-0.776,0.713,0.591,0.438,-0.52,-0.384,0.759,0.381,0.665,0.018,0.594,0.815,-0.035,0.38,0.18,0.453,0.756,0.248,0.709,0.67,0.292,0.672,0.83,0.488,0.527,0.807,0.713,0.699,0.655,0.43,-0.018,-0.661,0.617,0.105,0.781,0.867,0.317,0.652,0.781,-0.746,0.731,0.256,0.049,0.534,0.558,-0.011,0.83,0.795,0.731,0.442,0.722,0.247,0.525,-0.097,0.665,0.577,-0.726,-0.085,-0.757,0.597,0.821,0.744,0.718,0.787,0.082,0.754,-0.018,-0.099,0.46,0.709,0.687,-0.55,0.797,0.277,0.145,0.653,0.579,0.246,0.726,0.063,0.366,0.623,0.304,0.434,-0.338,0.551,-0.188,0.254,0.852,0.213,0.793,0.785,0.832,0.762,0.769,-0.389,0.38,0.07,-0.003,0.054,-0.572,0.208,-0.576,0.705,0.027,0.776,0.763,0.703,0.254,0.82,-0.017,-0.328,-0.649,0.775,0.779
IHRT,0.44,-0.217,-0.287,0.057,0.786,0.42,0.277,-0.334,0.295,0.8,0.437,0.833,0.025,0.3,-0.303,-0.379,0.451,0.488,0.591,0.141,0.398,0.315,0.402,-0.213,0.269,0.538,0.302,0.56,-0.119,0.71,0.548,0.603,-0.134,-0.052,0.712,0.426,0.705,0.534,0.636,0.325,0.656,-0.312,0.534,-0.596,0.251,-0.304,0.674,0.14,0.177,0.022,-0.578,0.072,0.152,-0.621,0.003,0.578,0.507,0.392,0.643,0.909,0.42,0.292,0.31,0.764,0.128,0.166,0.576,0.674,-0.103,0.85,0.378,0.417,0.595,0.552,0.448,0.548,0.005,0.404,0.661,0.621,0.283,0.418,0.0,0.603,0.749,-0.065,0.585,0.844,0.477,0.301,0.274,0.418,0.702,0.613,-0.046,0.532,0.168,0.553,0.501,0.677,0.455,0.485,0.119,0.601,0.715,0.562,0.625,0.48,0.829,-0.025,0.501,0.284,0.539,0.531,0.578,0.695,-0.051,0.721,0.629,0.657,0.407,0.65,0.69,0.692,-0.501,0.601,0.08,0.312,-0.106,0.638,0.077,0.557,0.519,0.59,0.702,0.698,0.461,0.472,0.748,0.572,0.677,0.174,0.679,-0.308,0.863,0.473,0.397,0.483,0.606,0.369,0.556,0.32,0.42,0.188,0.78,0.742,-0.154,0.609,0.339,0.507,0.64,0.012,0.064,0.306,0.706,0.739,0.577,0.834,0.7,-0.02,0.766,0.394,0.841,0.608,0.45,0.192,0.568,0.457,0.067,0.714,0.303,0.635,0.557,0.556,0.645,0.138,-0.188,-0.462,0.207,0.631,0.435,0.678,0.431,0.882,0.632,0.358,-0.025,-0.157,0.572,0.628
ILMN,0.153,0.169,-0.106,0.521,0.502,0.48,0.007,-0.069,0.225,0.605,0.177,0.721,-0.427,0.629,0.197,-0.133,0.33,0.553,0.529,-0.306,0.23,0.656,-0.008,-0.404,0.568,0.692,-0.164,0.58,0.282,0.703,0.373,0.281,0.139,-0.351,0.471,0.476,0.517,0.29,0.474,-0.038,0.331,-0.254,0.159,-0.231,-0.053,0.191,0.337,-0.005,0.206,0.138,-0.172,-0.241,-0.225,-0.175,-0.197,0.139,0.169,0.187,0.341,0.744,0.54,0.002,0.017,0.441,0.378,-0.262,0.409,0.332,0.33,0.639,-0.1,0.438,0.291,0.576,-0.072,0.315,-0.304,-0.041,0.749,0.299,0.22,0.156,0.603,0.0,0.307,0.217,0.307,0.421,0.558,0.465,0.592,-0.018,0.652,0.454,0.145,0.138,-0.128,0.246,0.664,0.743,0.042,0.068,0.15,0.518,0.401,0.298,0.508,0.283,0.596,-0.296,0.074,-0.064,0.188,0.495,0.475,0.497,-0.049,0.351,0.656,0.393,0.137,0.405,0.511,0.447,-0.195,0.208,0.259,-0.036,-0.242,0.144,0.105,0.275,0.309,0.48,0.494,0.298,0.717,-0.058,0.691,0.487,0.546,0.176,0.644,-0.145,0.582,0.104,0.144,0.106,0.531,0.563,0.335,0.563,0.374,-0.052,0.506,0.451,0.105,0.208,0.027,0.75,0.184,-0.133,0.337,0.02,0.625,0.377,0.395,0.68,0.376,0.308,0.521,0.45,0.42,0.221,0.45,-0.014,0.319,0.083,-0.07,0.364,0.288,0.611,0.754,0.683,0.495,0.446,-0.203,0.01,-0.018,0.813,0.161,0.42,0.089,0.748,0.333,0.756,0.219,0.221,0.415,0.315
ILPT,0.717,-0.592,-0.543,-0.407,0.828,0.387,0.214,-0.719,0.448,0.797,0.706,0.527,0.37,0.028,-0.632,-0.642,0.689,0.108,0.667,0.37,0.547,0.061,0.771,-0.058,-0.051,0.062,0.564,0.51,-0.34,0.692,0.719,0.764,-0.444,0.285,0.71,0.456,0.835,0.726,0.831,0.357,0.792,-0.553,0.826,-0.843,0.604,-0.732,0.911,0.096,-0.142,-0.238,-0.578,0.487,0.248,-0.821,-0.052,0.932,0.827,0.646,0.811,0.735,0.104,0.523,0.546,0.824,-0.176,0.506,0.622,0.817,-0.463,0.657,0.703,0.171,0.804,0.295,0.541,0.707,0.409,0.747,0.392,0.767,0.537,0.631,0.749,0.307,0.0,-0.539,0.688,0.854,0.277,-0.016,-0.106,0.814,0.656,0.567,-0.138,0.773,0.498,0.397,0.465,0.471,0.606,0.849,0.0,0.51,0.845,0.502,0.637,0.636,0.786,0.322,0.802,0.57,0.858,0.56,0.427,0.539,-0.29,0.785,0.264,0.838,0.671,0.505,0.589,0.831,-0.773,0.906,-0.02,0.244,0.208,0.792,0.243,0.759,0.594,0.676,0.791,0.842,0.25,0.738,0.431,0.588,0.723,-0.133,0.451,-0.531,0.807,0.758,0.595,0.722,0.657,0.328,0.786,-0.093,0.315,0.29,0.843,0.917,-0.61,0.877,0.575,0.217,0.74,0.35,0.015,0.646,0.513,0.852,0.701,0.743,0.805,-0.252,0.825,0.081,0.727,0.833,0.328,0.495,0.739,0.767,0.329,0.886,-0.104,0.549,0.214,0.274,0.362,-0.272,0.083,-0.843,0.529,0.285,0.726,0.875,0.798,0.668,0.743,0.038,-0.358,-0.511,0.702,0.862
IMAB,-0.833,0.854,0.642,0.776,-0.311,-0.246,0.184,0.847,-0.689,-0.225,-0.739,0.226,-0.532,0.091,0.767,0.735,-0.522,0.431,-0.478,-0.555,-0.722,0.028,-0.859,-0.329,0.324,0.688,-0.39,-0.115,0.598,-0.17,-0.69,-0.681,0.665,-0.649,-0.396,0.016,-0.553,-0.717,-0.504,-0.028,-0.608,0.402,-0.779,0.337,-0.785,0.758,-0.684,0.3,0.768,0.512,-0.007,-0.857,-0.105,0.399,0.291,-0.686,-0.797,-0.767,-0.663,-0.048,0.433,-0.753,-0.797,-0.291,0.625,-0.789,-0.316,-0.481,0.466,0.187,-0.791,0.366,-0.725,0.066,-0.273,-0.706,-0.769,-0.848,0.249,-0.543,-0.745,-0.776,-0.065,0.217,-0.539,0.0,-0.6,-0.401,0.055,0.739,0.728,-0.825,-0.161,-0.471,0.053,-0.647,-0.831,0.097,-0.19,0.215,-0.487,-0.817,-0.111,-0.25,-0.503,-0.055,-0.325,-0.561,-0.202,-0.754,-0.747,-0.795,-0.672,-0.4,-0.108,0.223,0.617,-0.405,0.423,-0.635,-0.823,0.036,-0.286,-0.527,0.68,-0.708,-0.153,0.037,-0.697,-0.546,-0.114,-0.725,-0.607,-0.483,-0.383,-0.62,0.157,-0.57,0.415,-0.298,-0.326,0.762,0.294,0.584,-0.265,-0.807,-0.534,-0.726,-0.462,0.092,-0.675,0.527,0.216,-0.566,-0.374,-0.548,0.686,-0.723,-0.461,0.302,-0.497,-0.628,0.01,-0.775,0.251,-0.29,-0.512,-0.005,-0.406,0.512,-0.346,0.544,-0.064,-0.686,0.123,-0.842,-0.684,-0.842,-0.756,-0.601,0.63,-0.198,0.356,0.377,0.37,0.82,-0.475,0.716,-0.784,0.403,-0.786,-0.604,-0.775,0.098,-0.569,0.383,0.613,0.757,-0.552,-0.675
IMOS,0.88,-0.703,-0.583,-0.258,0.811,0.424,-0.09,-0.85,0.801,0.664,0.821,0.405,0.138,0.365,-0.543,-0.76,0.542,0.224,0.739,0.471,0.846,0.466,0.768,0.185,0.098,-0.147,0.304,0.484,-0.466,0.625,0.938,0.935,-0.574,0.306,0.901,0.237,0.817,0.919,0.77,0.07,0.888,-0.368,0.852,-0.307,0.789,-0.646,0.836,-0.403,-0.482,-0.417,-0.153,0.682,-0.006,-0.449,-0.476,0.673,0.863,0.828,0.91,0.596,0.139,0.843,0.822,0.585,-0.408,0.632,0.549,0.766,-0.115,0.372,0.729,0.049,0.904,0.537,0.236,0.837,0.317,0.792,0.447,0.844,0.857,0.713,0.585,0.307,0.688,-0.6,0.0,0.749,0.355,-0.321,-0.344,0.673,0.674,0.886,0.054,0.863,0.597,0.186,0.597,0.227,0.555,0.829,0.306,0.566,0.788,0.211,0.711,0.706,0.586,0.497,0.802,0.837,0.837,0.791,0.467,0.217,-0.613,0.624,0.11,0.92,0.903,0.209,0.686,0.808,-0.688,0.85,0.595,0.212,0.488,0.66,0.09,0.918,0.878,0.835,0.822,0.919,0.291,0.472,0.153,0.541,0.555,-0.499,0.207,-0.545,0.735,0.896,0.563,0.859,0.781,0.408,0.887,-0.1,0.095,0.761,0.646,0.828,-0.412,0.846,0.51,0.241,0.577,0.46,0.191,0.763,0.209,0.578,0.768,0.542,0.803,-0.213,0.626,-0.278,0.484,0.8,0.133,0.806,0.937,0.854,0.642,0.851,-0.129,0.759,0.199,0.058,0.234,-0.478,0.312,-0.625,0.774,0.192,0.917,0.857,0.82,0.519,0.77,0.089,-0.603,-0.31,0.83,0.823
INMD,0.677,-0.506,-0.466,-0.235,0.82,0.391,0.292,-0.602,0.417,0.778,0.605,0.625,0.264,0.254,-0.505,-0.566,0.476,0.36,0.7,0.275,0.525,0.296,0.678,-0.186,0.086,0.257,0.417,0.613,-0.323,0.705,0.758,0.793,-0.238,0.232,0.803,0.319,0.773,0.704,0.701,0.35,0.794,-0.381,0.792,-0.658,0.493,-0.567,0.841,0.076,-0.179,0.003,-0.53,0.443,0.23,-0.73,-0.066,0.788,0.709,0.542,0.835,0.809,0.242,0.475,0.497,0.861,-0.169,0.373,0.659,0.798,-0.248,0.653,0.685,0.316,0.79,0.53,0.483,0.747,0.232,0.669,0.516,0.802,0.502,0.591,0.844,0.421,0.854,-0.401,0.749,0.0,0.338,0.038,-0.038,0.672,0.728,0.713,0.046,0.707,0.42,0.499,0.593,0.547,0.546,0.699,0.311,0.568,0.844,0.373,0.691,0.579,0.757,0.304,0.67,0.512,0.714,0.58,0.572,0.578,-0.246,0.719,0.444,0.816,0.662,0.487,0.74,0.767,-0.661,0.808,0.148,0.175,0.069,0.814,0.212,0.714,0.62,0.636,0.834,0.861,0.329,0.592,0.474,0.651,0.745,-0.089,0.497,-0.427,0.84,0.715,0.53,0.67,0.652,0.32,0.763,0.076,0.407,0.351,0.792,0.894,-0.328,0.752,0.448,0.294,0.752,0.289,-0.041,0.536,0.507,0.841,0.698,0.704,0.765,-0.206,0.818,0.166,0.834,0.73,0.356,0.465,0.748,0.691,0.247,0.796,0.107,0.643,0.328,0.417,0.454,-0.101,0.022,-0.681,0.548,0.396,0.681,0.86,0.617,0.776,0.72,0.173,-0.275,-0.308,0.697,0.823
INTZ,0.244,0.202,-0.621,0.418,0.435,0.714,-0.444,-0.291,0.36,0.623,0.292,0.607,-0.562,0.636,0.087,-0.4,0.454,0.231,0.694,-0.14,0.387,0.524,0.017,-0.295,0.872,0.326,-0.51,0.279,0.316,0.662,0.391,0.223,-0.184,-0.484,0.369,0.53,0.576,0.46,0.569,-0.597,0.265,-0.661,0.161,-0.261,0.049,0.22,0.413,-0.439,-0.044,-0.037,-0.188,-0.245,-0.598,-0.055,-0.46,0.059,0.342,0.35,0.425,0.518,0.313,0.234,0.293,0.295,0.354,-0.062,0.415,0.154,0.188,0.513,-0.134,-0.152,0.381,0.675,-0.289,0.357,-0.008,-0.041,0.689,0.017,0.345,0.438,0.477,0.558,0.277,0.055,0.355,0.338,0.0,0.209,0.351,0.02,0.372,0.433,-0.13,0.021,0.101,-0.156,0.561,0.53,-0.122,0.119,0.198,0.766,0.447,0.189,0.812,0.688,0.456,-0.303,0.335,0.068,0.257,0.585,0.564,0.27,-0.409,0.212,0.596,0.462,0.272,0.24,0.632,0.663,-0.45,0.188,0.183,0.199,-0.045,-0.065,0.226,0.362,0.482,0.702,0.309,0.265,0.73,-0.222,0.508,0.77,0.391,-0.141,0.175,-0.661,0.557,0.235,0.536,0.103,0.764,0.367,0.34,0.628,-0.086,0.045,0.634,0.368,-0.234,0.291,-0.354,0.745,0.197,0.333,0.607,0.117,0.472,0.066,0.225,0.537,0.158,0.342,0.303,0.276,0.127,0.5,0.466,0.132,0.297,0.132,0.274,0.367,-0.08,0.307,0.642,0.445,0.428,0.11,-0.163,-0.032,0.067,0.668,0.265,0.398,0.18,0.514,0.634,0.706,0.279,0.018,0.5,0.327
JAZZ,-0.548,0.635,0.327,0.668,0.13,-0.071,0.319,0.535,-0.604,0.194,-0.478,0.535,-0.419,0.123,0.533,0.468,-0.16,0.505,-0.117,-0.568,-0.549,0.085,-0.498,-0.589,0.353,0.813,-0.203,0.267,0.608,0.305,-0.331,-0.392,0.554,-0.565,-0.09,0.241,-0.158,-0.419,-0.064,0.139,-0.258,0.047,-0.415,-0.151,-0.572,0.481,-0.24,0.427,0.755,0.567,-0.289,-0.675,-0.068,-0.049,0.302,-0.218,-0.421,-0.559,-0.272,0.343,0.563,-0.649,-0.64,0.161,0.554,-0.697,0.035,-0.103,0.21,0.571,-0.468,0.536,-0.356,0.3,-0.091,-0.356,-0.585,-0.528,0.526,-0.166,-0.511,-0.52,0.301,0.465,-0.016,0.739,-0.321,0.038,0.209,0.0,0.767,-0.417,0.215,-0.214,0.038,-0.322,-0.636,0.301,0.158,0.611,-0.238,-0.458,-0.106,-0.114,-0.114,0.09,0.03,-0.279,0.177,-0.692,-0.386,-0.668,-0.293,-0.144,0.18,0.578,0.464,-0.134,0.577,-0.24,-0.569,0.194,0.056,-0.112,0.289,-0.293,-0.261,0.02,-0.754,-0.192,0.155,-0.407,-0.368,-0.156,0.05,-0.242,0.398,-0.275,0.718,0.095,0.11,0.833,0.54,0.317,0.106,-0.505,-0.258,-0.468,-0.145,0.283,-0.262,0.517,0.466,-0.552,0.088,-0.068,0.35,-0.343,-0.237,0.504,-0.163,-0.453,-0.05,-0.522,0.581,0.203,-0.162,0.38,-0.05,0.341,0.113,0.7,0.31,-0.296,0.406,-0.681,-0.388,-0.539,-0.702,-0.219,0.497,0.08,0.575,0.691,0.48,0.839,-0.491,0.291,-0.548,0.655,-0.473,-0.138,-0.397,0.47,-0.209,0.524,0.507,0.55,-0.214,-0.245
JKHY,-0.503,0.66,0.314,0.689,-0.018,0.119,0.26,0.553,-0.415,0.181,-0.409,0.561,-0.474,0.243,0.571,0.417,-0.097,0.456,-0.036,-0.629,-0.452,0.239,-0.529,-0.473,0.494,0.838,-0.312,0.238,0.54,0.277,-0.325,-0.401,0.625,-0.584,-0.105,0.315,-0.064,-0.369,-0.059,-0.014,-0.293,0.073,-0.462,-0.072,-0.615,0.561,-0.224,0.287,0.677,0.424,-0.237,-0.731,-0.174,0.013,0.199,-0.295,-0.413,-0.46,-0.295,0.347,0.539,-0.591,-0.647,0.124,0.621,-0.665,0.003,-0.199,0.326,0.48,-0.6,0.429,-0.361,0.266,-0.121,-0.357,-0.596,-0.578,0.492,-0.273,-0.469,-0.384,0.274,0.592,-0.106,0.728,-0.344,-0.038,0.351,0.767,0.0,-0.485,0.189,-0.155,0.068,-0.411,-0.643,0.235,0.13,0.598,-0.207,-0.48,-0.025,0.157,-0.163,0.23,0.033,-0.16,0.194,-0.724,-0.408,-0.627,-0.34,-0.056,0.241,0.499,0.415,-0.08,0.687,-0.235,-0.554,0.348,0.04,-0.087,0.251,-0.35,-0.235,-0.055,-0.696,-0.286,0.011,-0.376,-0.33,-0.111,-0.055,-0.286,0.432,-0.321,0.663,0.088,0.09,0.651,0.5,0.257,0.175,-0.506,-0.21,-0.482,-0.05,0.259,-0.292,0.65,0.342,-0.575,0.082,-0.101,0.434,-0.326,-0.29,0.651,-0.206,-0.539,0.116,-0.508,0.662,0.088,-0.133,0.314,-0.087,0.395,0.14,0.736,0.208,-0.281,0.415,-0.658,-0.351,-0.528,-0.65,-0.19,0.503,0.08,0.604,0.654,0.524,0.819,-0.549,0.374,-0.635,0.675,-0.494,-0.187,-0.469,0.424,-0.163,0.59,0.573,0.487,-0.163,-0.295
JRVR,0.822,-0.81,-0.588,-0.687,0.556,0.307,0.157,-0.801,0.57,0.453,0.806,0.11,0.574,-0.111,-0.753,-0.705,0.547,-0.135,0.567,0.471,0.67,0.0,0.901,0.13,-0.28,-0.382,0.564,0.244,-0.511,0.361,0.712,0.756,-0.51,0.606,0.61,0.152,0.673,0.71,0.664,0.28,0.739,-0.414,0.856,-0.605,0.716,-0.837,0.843,-0.043,-0.481,-0.311,-0.261,0.752,0.237,-0.676,-0.067,0.876,0.849,0.699,0.773,0.383,-0.157,0.649,0.699,0.559,-0.483,0.69,0.515,0.637,-0.532,0.195,0.862,-0.031,0.798,0.094,0.513,0.762,0.702,0.894,-0.032,0.746,0.621,0.759,0.418,-0.018,0.814,-0.825,0.673,0.672,0.02,-0.417,-0.485,0.0,0.401,0.504,0.009,0.771,0.76,0.206,0.25,0.103,0.698,0.881,0.041,0.353,0.643,0.294,0.441,0.628,0.486,0.6,0.814,0.712,0.789,0.432,0.231,0.134,-0.467,0.63,-0.1,0.752,0.774,0.306,0.449,0.654,-0.689,0.85,0.058,0.139,0.479,0.759,0.188,0.752,0.617,0.522,0.6,0.797,-0.002,0.779,-0.036,0.431,0.555,-0.469,0.046,-0.53,0.533,0.808,0.553,0.776,0.519,0.05,0.759,-0.329,0.129,0.448,0.621,0.748,-0.634,0.848,0.61,-0.127,0.65,0.431,-0.108,0.728,0.101,0.665,0.613,0.309,0.603,-0.512,0.633,-0.239,0.434,0.782,0.115,0.707,0.721,0.863,0.56,0.785,-0.352,0.395,-0.141,-0.084,-0.029,-0.574,0.221,-0.812,0.719,-0.136,0.777,0.77,0.814,0.248,0.647,-0.289,-0.563,-0.69,0.612,0.806
KIDS,0.527,-0.366,-0.283,0.17,0.807,0.345,0.19,-0.464,0.426,0.688,0.493,0.718,-0.024,0.563,-0.064,-0.469,0.492,0.583,0.686,0.055,0.44,0.63,0.47,-0.306,0.216,0.404,0.234,0.727,-0.149,0.779,0.699,0.639,-0.055,-0.021,0.732,0.28,0.683,0.548,0.662,0.189,0.59,-0.302,0.553,-0.434,0.261,-0.291,0.665,-0.158,-0.104,-0.024,-0.385,0.328,-0.003,-0.545,-0.391,0.548,0.53,0.42,0.648,0.798,0.512,0.33,0.297,0.691,-0.149,0.07,0.369,0.624,-0.037,0.623,0.374,0.328,0.66,0.616,0.135,0.607,-0.137,0.457,0.686,0.752,0.554,0.381,0.702,0.652,0.656,-0.161,0.674,0.728,0.372,0.215,0.189,0.401,0.0,0.68,0.126,0.68,0.097,0.194,0.762,0.665,0.31,0.514,0.336,0.427,0.609,0.145,0.615,0.374,0.607,0.107,0.384,0.297,0.57,0.789,0.623,0.648,-0.274,0.5,0.459,0.683,0.493,0.252,0.663,0.673,-0.466,0.619,0.317,-0.125,-0.059,0.544,0.182,0.655,0.574,0.676,0.841,0.656,0.532,0.27,0.538,0.563,0.727,-0.013,0.553,-0.249,0.744,0.527,0.345,0.43,0.663,0.647,0.719,0.081,0.474,0.27,0.617,0.81,-0.228,0.544,0.34,0.603,0.445,0.076,-0.059,0.384,0.605,0.705,0.65,0.758,0.735,-0.091,0.804,0.268,0.64,0.476,0.484,0.283,0.658,0.507,0.06,0.639,0.1,0.801,0.541,0.611,0.498,0.154,-0.027,-0.455,0.307,0.536,0.541,0.779,0.525,0.823,0.541,0.519,-0.176,-0.122,0.707,0.618
LBRDK,0.795,-0.562,-0.499,-0.08,0.737,0.53,-0.073,-0.687,0.752,0.691,0.708,0.489,0.045,0.461,-0.371,-0.645,0.454,0.383,0.752,0.268,0.781,0.587,0.667,0.055,0.231,0.039,0.159,0.582,-0.362,0.686,0.882,0.857,-0.412,0.27,0.866,0.232,0.792,0.846,0.687,0.025,0.815,-0.264,0.748,-0.211,0.639,-0.433,0.753,-0.394,-0.397,-0.325,-0.052,0.541,-0.083,-0.337,-0.508,0.548,0.751,0.749,0.857,0.629,0.18,0.705,0.706,0.588,-0.284,0.484,0.595,0.69,0.109,0.378,0.609,0.153,0.824,0.629,0.209,0.84,0.22,0.654,0.529,0.774,0.761,0.665,0.613,0.454,0.567,-0.471,0.886,0.713,0.433,-0.214,-0.155,0.504,0.68,0.0,0.139,0.733,0.477,0.195,0.672,0.375,0.483,0.67,0.418,0.619,0.732,0.245,0.747,0.662,0.579,0.42,0.688,0.679,0.68,0.814,0.62,0.255,-0.524,0.544,0.29,0.852,0.798,0.295,0.73,0.769,-0.576,0.72,0.606,0.083,0.37,0.604,0.007,0.857,0.858,0.81,0.764,0.841,0.393,0.351,0.225,0.565,0.647,-0.43,0.226,-0.499,0.755,0.779,0.532,0.734,0.784,0.391,0.852,0.05,0.134,0.65,0.636,0.784,-0.204,0.725,0.399,0.426,0.604,0.378,0.239,0.657,0.302,0.526,0.752,0.52,0.731,-0.124,0.663,-0.095,0.51,0.728,0.227,0.688,0.868,0.755,0.559,0.771,-0.04,0.767,0.374,0.232,0.304,-0.283,0.228,-0.427,0.697,0.367,0.806,0.786,0.651,0.569,0.763,0.264,-0.411,-0.197,0.846,0.748
LGND,-0.022,-0.022,0.137,0.169,-0.121,-0.019,0.296,0.135,0.064,-0.198,0.027,0.07,0.007,0.159,0.147,0.075,-0.285,0.404,0.088,-0.267,0.08,0.398,0.047,-0.245,0.107,0.156,-0.131,-0.055,0.023,-0.083,0.069,0.035,0.37,0.211,0.227,-0.169,-0.118,-0.081,-0.13,0.126,-0.094,0.387,0.014,0.268,-0.154,0.091,-0.021,-0.0,-0.13,0.297,0.168,0.102,-0.197,-0.007,0.047,-0.117,-0.109,-0.124,0.037,0.016,0.235,-0.124,-0.109,0.001,-0.129,-0.212,0.005,-0.243,0.254,-0.106,0.093,0.32,-0.105,0.243,0.031,0.094,-0.123,0.001,-0.076,0.208,-0.055,0.018,-0.046,0.145,-0.138,0.053,0.054,0.046,-0.13,0.038,0.068,0.009,0.126,0.139,0.0,0.015,-0.024,0.088,-0.065,0.136,0.237,-0.143,0.313,-0.04,-0.243,-0.1,-0.092,-0.048,-0.095,0.067,-0.112,-0.099,-0.166,0.085,0.287,-0.081,-0.183,-0.08,0.172,-0.08,-0.014,0.02,0.237,-0.158,0.338,-0.053,0.358,-0.339,-0.19,0.021,-0.151,-0.071,-0.034,-0.18,-0.008,0.014,0.097,-0.046,-0.073,0.029,0.095,-0.152,0.121,0.422,-0.054,-0.063,-0.211,-0.071,-0.098,0.065,0.069,0.245,0.473,0.015,-0.056,-0.012,0.439,-0.115,0.246,0.099,-0.099,-0.268,-0.235,-0.048,0.003,0.074,0.216,-0.166,-0.041,-0.171,0.098,0.187,0.051,-0.187,0.04,-0.054,0.042,-0.042,-0.049,-0.069,0.31,0.347,0.112,0.166,0.045,0.267,-0.344,0.256,0.034,0.019,-0.105,0.017,-0.215,0.025,-0.177,0.084,-0.075,0.152,-0.004,-0.126
LMAT,0.845,-0.841,-0.4,-0.436,0.757,0.214,0.146,-0.795,0.673,0.558,0.781,0.316,0.412,0.099,-0.581,-0.68,0.571,0.187,0.556,0.553,0.697,0.215,0.847,0.215,-0.27,-0.207,0.643,0.473,-0.604,0.504,0.823,0.89,-0.526,0.477,0.788,0.13,0.714,0.773,0.683,0.371,0.819,-0.239,0.86,-0.439,0.767,-0.809,0.81,-0.199,-0.385,-0.447,-0.257,0.798,0.276,-0.609,-0.347,0.805,0.833,0.743,0.808,0.524,0.066,0.739,0.707,0.599,-0.559,0.673,0.393,0.81,-0.307,0.347,0.818,0.086,0.853,0.241,0.465,0.763,0.346,0.89,0.253,0.928,0.746,0.594,0.532,0.138,0.773,-0.647,0.863,0.707,0.021,-0.322,-0.411,0.771,0.68,0.733,0.015,0.0,0.561,0.239,0.442,0.179,0.646,0.903,0.176,0.322,0.696,0.266,0.474,0.491,0.55,0.594,0.746,0.786,0.849,0.699,0.355,0.302,-0.441,0.649,-0.041,0.822,0.808,0.216,0.49,0.688,-0.632,0.888,0.369,0.123,0.465,0.798,0.075,0.882,0.739,0.656,0.807,0.883,0.087,0.683,0.103,0.324,0.576,-0.349,0.239,-0.362,0.653,0.869,0.44,0.834,0.575,0.375,0.851,-0.397,0.217,0.663,0.543,0.837,-0.497,0.85,0.721,0.057,0.637,0.331,-0.12,0.785,0.225,0.705,0.76,0.506,0.874,-0.406,0.712,-0.232,0.57,0.721,0.123,0.71,0.862,0.893,0.488,0.832,-0.17,0.703,0.04,0.019,0.206,-0.487,0.307,-0.744,0.702,0.016,0.86,0.813,0.87,0.453,0.623,-0.118,-0.658,-0.467,0.761,0.807
LPLA,0.805,-0.663,-0.589,-0.68,0.323,0.42,-0.177,-0.749,0.653,0.289,0.781,-0.156,0.486,-0.03,-0.762,-0.584,0.474,-0.272,0.529,0.581,0.761,0.015,0.796,0.253,-0.105,-0.551,0.359,0.061,-0.477,0.17,0.645,0.678,-0.654,0.562,0.47,0.16,0.597,0.73,0.565,0.011,0.663,-0.385,0.78,-0.318,0.766,-0.671,0.678,-0.192,-0.653,-0.38,0.039,0.712,0.137,-0.264,-0.208,0.604,0.789,0.773,0.708,0.149,-0.476,0.739,0.82,0.252,-0.3,0.774,0.485,0.474,-0.3,-0.057,0.751,-0.229,0.693,0.018,0.407,0.743,0.828,0.784,-0.151,0.471,0.672,0.815,0.168,-0.128,0.498,-0.831,0.597,0.42,0.101,-0.636,-0.643,0.76,0.097,0.477,-0.024,0.561,0.0,0.015,0.175,-0.116,0.462,0.746,0.136,0.401,0.555,0.239,0.417,0.605,0.371,0.715,0.737,0.771,0.658,0.382,0.124,-0.189,-0.498,0.56,-0.224,0.643,0.818,0.171,0.374,0.545,-0.63,0.679,0.23,0.133,0.645,0.515,-0.072,0.71,0.61,0.492,0.285,0.649,0.061,0.623,-0.357,0.377,0.388,-0.71,-0.155,-0.598,0.347,0.779,0.577,0.751,0.52,-0.006,0.616,-0.247,-0.143,0.492,0.469,0.516,-0.507,0.679,0.392,-0.271,0.599,0.63,0.189,0.76,-0.268,0.263,0.54,0.105,0.35,-0.401,0.35,-0.435,0.141,0.721,-0.059,0.851,0.679,0.809,0.76,0.639,-0.417,0.222,-0.122,-0.307,-0.125,-0.741,0.411,-0.529,0.779,-0.246,0.747,0.579,0.699,-0.009,0.593,-0.342,-0.517,-0.594,0.608,0.697
LULU,0.085,-0.081,0.235,-0.178,0.319,-0.124,0.601,0.06,-0.127,0.35,0.11,0.357,0.268,-0.326,-0.345,0.191,-0.019,0.251,-0.057,0.063,-0.002,-0.193,0.168,0.088,-0.232,0.406,0.519,0.31,-0.217,0.164,0.104,0.299,0.113,0.203,0.348,0.172,0.194,0.102,0.143,0.735,0.404,0.228,0.254,-0.28,0.16,-0.345,0.233,0.657,0.411,0.088,-0.383,-0.01,0.515,-0.381,0.564,0.4,0.121,0.049,0.209,0.499,0.149,-0.015,-0.047,0.557,0.19,0.172,0.385,0.461,-0.007,0.465,0.355,0.67,0.111,0.063,0.694,0.089,0.026,0.214,0.178,0.379,-0.21,-0.035,0.553,0.246,0.397,0.097,0.186,0.499,-0.156,0.301,0.235,0.206,0.194,0.195,0.088,0.239,0.015,0.0,-0.043,0.238,0.521,0.212,-0.105,0.125,0.354,0.6,0.011,-0.012,0.553,0.069,0.22,0.137,0.253,-0.122,0.087,0.369,0.402,0.539,0.335,0.204,0.05,0.613,0.084,0.099,-0.014,0.321,-0.058,0.361,-0.093,0.547,-0.143,0.079,0.036,-0.048,0.31,0.388,-0.131,0.55,0.415,-0.089,0.25,0.403,0.573,0.224,0.426,0.125,-0.053,0.371,-0.073,0.006,0.087,0.143,0.376,0.039,0.278,0.301,0.276,0.296,0.521,0.006,0.379,-0.214,-0.102,0.076,0.384,0.605,0.329,0.379,0.469,-0.056,0.364,0.212,0.74,0.171,0.012,-0.013,0.193,0.164,-0.17,0.336,0.636,0.249,0.12,0.144,0.365,0.143,-0.124,-0.222,0.093,0.257,0.088,0.214,0.1,0.455,0.085,-0.207,-0.119,0.083,0.075,0.268
MASI,0.493,-0.194,-0.42,0.275,0.725,0.513,-0.218,-0.492,0.411,0.688,0.393,0.537,-0.225,0.736,0.014,-0.445,0.5,0.389,0.721,0.01,0.417,0.645,0.326,-0.348,0.415,0.307,-0.071,0.766,0.099,0.817,0.709,0.534,-0.199,-0.188,0.597,0.392,0.664,0.592,0.639,-0.171,0.564,-0.503,0.486,-0.316,0.292,-0.068,0.546,-0.314,-0.259,0.036,-0.062,0.22,-0.14,-0.205,-0.559,0.358,0.48,0.452,0.641,0.633,0.328,0.362,0.358,0.499,0.003,0.047,0.487,0.601,0.104,0.47,0.233,0.148,0.658,0.662,-0.168,0.625,-0.083,0.28,0.761,0.511,0.643,0.38,0.501,0.664,0.465,-0.19,0.597,0.593,0.561,0.158,0.13,0.25,0.762,0.672,-0.065,0.442,0.175,-0.043,0.0,0.59,-0.062,0.379,0.412,0.477,0.649,-0.073,0.762,0.436,0.514,0.067,0.317,0.272,0.464,0.74,0.564,0.473,-0.304,0.288,0.346,0.675,0.514,0.032,0.639,0.67,-0.534,0.478,0.35,-0.138,0.011,0.282,0.366,0.596,0.565,0.755,0.746,0.547,0.706,-0.016,0.421,0.687,0.63,-0.108,0.367,-0.475,0.605,0.494,0.44,0.345,0.749,0.667,0.685,0.152,0.213,0.252,0.56,0.693,-0.293,0.384,-0.016,0.547,0.404,0.375,0.284,0.356,0.358,0.434,0.528,0.646,0.511,0.177,0.578,0.098,0.385,0.468,0.407,0.394,0.596,0.423,0.188,0.488,-0.122,0.625,0.576,0.561,0.331,0.074,0.223,-0.276,0.42,0.607,0.575,0.684,0.45,0.65,0.596,0.673,-0.044,0.031,0.702,0.623
MAT,0.092,0.163,-0.156,0.425,0.55,0.485,0.273,-0.045,-0.015,0.641,0.167,0.771,-0.204,0.444,0.169,-0.114,0.333,0.629,0.579,-0.301,0.057,0.481,0.117,-0.731,0.519,0.748,-0.031,0.533,0.305,0.741,0.303,0.211,0.231,-0.302,0.445,0.478,0.499,0.206,0.503,0.1,0.258,-0.292,0.229,-0.524,-0.129,0.092,0.426,0.185,0.283,0.39,-0.456,-0.208,-0.141,-0.436,-0.045,0.287,0.206,0.031,0.388,0.743,0.512,-0.204,-0.093,0.54,0.346,-0.335,0.476,0.316,0.091,0.803,0.014,0.458,0.284,0.582,0.141,0.343,-0.229,0.018,0.722,0.328,0.083,0.18,0.677,0.743,0.471,0.215,0.227,0.547,0.53,0.611,0.598,0.103,0.665,0.375,0.136,0.179,-0.116,0.238,0.59,0.0,0.099,0.111,0.228,0.455,0.391,0.324,0.553,0.276,0.609,-0.305,0.121,-0.215,0.232,0.454,0.638,0.765,-0.005,0.361,0.8,0.372,0.063,0.499,0.636,0.49,-0.278,0.284,-0.031,-0.101,-0.525,0.255,0.155,0.246,0.173,0.408,0.48,0.32,0.74,0.098,0.744,0.625,0.675,0.328,0.67,-0.16,0.642,0.121,0.224,0.012,0.468,0.489,0.383,0.559,0.622,-0.304,0.639,0.547,0.018,0.216,0.029,0.734,0.358,-0.149,0.089,0.002,0.747,0.579,0.363,0.71,0.354,0.136,0.698,0.711,0.592,0.286,0.647,-0.146,0.248,0.098,-0.256,0.387,0.28,0.564,0.767,0.936,0.678,0.599,-0.389,-0.11,-0.043,0.798,0.108,0.479,0.098,0.801,0.367,0.681,0.269,0.127,0.447,0.372
MATW,0.553,-0.623,-0.191,-0.495,0.387,0.13,0.456,-0.461,0.434,0.335,0.603,0.232,0.465,-0.297,-0.653,-0.383,0.241,0.108,0.268,0.314,0.512,0.003,0.668,0.273,-0.302,-0.12,0.553,0.186,-0.5,0.195,0.477,0.614,-0.252,0.584,0.622,0.093,0.466,0.481,0.45,0.501,0.598,0.102,0.593,-0.309,0.54,-0.714,0.605,0.145,-0.085,-0.31,-0.25,0.519,0.267,-0.591,0.146,0.635,0.602,0.489,0.548,0.376,0.065,0.446,0.443,0.482,-0.353,0.537,0.326,0.497,-0.202,0.26,0.686,0.314,0.506,0.085,0.623,0.454,0.404,0.683,-0.03,0.686,0.288,0.453,0.455,0.042,0.606,-0.487,0.555,0.546,-0.122,-0.238,-0.207,0.698,0.31,0.483,0.237,0.646,0.462,0.521,-0.062,0.099,0.0,0.664,-0.033,0.272,0.402,0.5,0.175,0.398,0.465,0.436,0.654,0.573,0.59,0.255,0.196,0.184,-0.262,0.601,0.05,0.526,0.491,0.467,0.294,0.398,-0.335,0.651,0.184,0.254,0.322,0.678,-0.131,0.521,0.427,0.269,0.462,0.674,-0.156,0.729,0.121,0.098,0.388,-0.223,0.238,-0.124,0.488,0.557,0.237,0.665,0.241,-0.047,0.511,-0.142,0.271,0.427,0.435,0.539,-0.145,0.703,0.795,-0.018,0.407,-0.014,-0.154,0.531,0.277,0.629,0.547,0.252,0.641,-0.44,0.562,-0.089,0.517,0.555,-0.013,0.423,0.549,0.623,0.342,0.656,0.1,0.511,-0.07,-0.104,0.097,-0.327,-0.069,-0.58,0.453,-0.086,0.509,0.503,0.58,0.29,0.397,-0.354,-0.611,-0.412,0.374,0.489
MBIN,0.91,-0.841,-0.585,-0.632,0.718,0.34,0.006,-0.905,0.718,0.619,0.884,0.202,0.464,-0.022,-0.786,-0.764,0.706,-0.097,0.622,0.643,0.778,0.058,0.926,0.29,-0.226,-0.354,0.621,0.366,-0.58,0.498,0.829,0.897,-0.703,0.511,0.721,0.284,0.821,0.873,0.802,0.266,0.861,-0.463,0.933,-0.577,0.887,-0.89,0.904,-0.162,-0.462,-0.55,-0.283,0.788,0.232,-0.632,-0.271,0.899,0.954,0.872,0.864,0.475,-0.154,0.812,0.822,0.615,-0.454,0.806,0.519,0.816,-0.413,0.305,0.849,-0.067,0.896,0.131,0.503,0.792,0.611,0.93,0.154,0.801,0.776,0.756,0.485,0.068,0.849,-0.817,0.829,0.699,0.119,-0.458,-0.48,0.881,0.514,0.67,-0.143,0.903,0.746,0.212,0.379,0.111,0.664,0.0,0.065,0.458,0.796,0.4,0.546,0.663,0.618,0.642,0.902,0.872,0.936,0.611,0.277,0.198,-0.504,0.747,-0.093,0.883,0.889,0.31,0.467,0.787,-0.808,0.954,0.229,0.233,0.598,0.776,0.096,0.909,0.747,0.712,0.717,0.889,0.061,0.764,0.024,0.411,0.569,-0.5,0.154,-0.588,0.671,0.938,0.607,0.915,0.652,0.255,0.853,-0.358,0.055,0.604,0.655,0.847,-0.669,0.95,0.691,-0.024,0.693,0.521,0.083,0.874,0.15,0.657,0.739,0.488,0.798,-0.367,0.672,-0.336,0.474,0.87,0.081,0.811,0.881,0.957,0.654,0.905,-0.313,0.532,-0.042,-0.115,0.09,-0.66,0.39,-0.85,0.776,-0.037,0.922,0.84,0.954,0.365,0.736,-0.217,-0.659,-0.639,0.766,0.887
MBIO,0.245,-0.161,-0.16,0.102,0.134,0.227,0.072,-0.138,0.209,0.082,0.175,0.114,0.04,0.486,0.128,-0.078,0.002,0.393,0.412,0.055,0.223,0.541,0.204,-0.336,0.229,0.144,-0.116,0.324,-0.163,0.186,0.351,0.276,0.197,0.135,0.321,-0.167,0.181,0.22,0.111,-0.1,0.145,0.026,0.224,0.086,0.04,0.051,0.188,-0.265,-0.424,0.271,0.087,0.315,-0.07,0.012,-0.38,0.003,0.159,0.111,0.322,0.141,0.081,0.164,0.145,0.117,-0.206,-0.022,0.151,0.077,0.361,-0.01,0.184,0.071,0.288,0.478,-0.004,0.366,-0.026,0.17,0.191,0.277,0.308,0.248,0.119,0.15,0.0,-0.111,0.306,0.311,0.198,-0.106,-0.025,0.041,0.336,0.418,0.313,0.176,0.136,-0.105,0.412,0.228,-0.033,0.065,0.0,0.256,0.133,-0.235,0.306,0.104,0.082,0.37,0.035,0.131,0.039,0.394,0.545,0.156,-0.235,-0.011,0.249,0.217,0.291,-0.128,0.472,0.162,-0.145,0.115,0.356,-0.369,-0.129,0.178,0.018,0.28,0.241,0.204,0.224,0.224,0.328,-0.1,-0.111,0.38,0.338,-0.227,0.007,-0.091,0.192,0.275,0.21,0.065,0.276,0.218,0.306,0.117,0.179,0.113,0.127,0.257,0.163,0.013,-0.065,0.209,0.273,0.209,-0.101,0.12,-0.006,0.123,0.212,0.035,0.118,-0.136,0.313,0.206,0.205,0.095,0.277,0.25,0.288,0.214,0.062,0.1,0.067,0.331,0.203,0.294,0.219,0.077,0.06,0.057,0.301,0.086,0.244,0.285,0.056,0.181,0.207,0.248,-0.07,0.103,0.42,0.217
MCRB,0.541,-0.159,-0.568,-0.005,0.518,0.754,-0.182,-0.487,0.588,0.73,0.635,0.524,-0.17,0.434,-0.319,-0.506,0.572,0.178,0.785,0.204,0.64,0.49,0.379,-0.054,0.586,0.196,-0.075,0.307,-0.103,0.604,0.581,0.557,-0.334,-0.089,0.612,0.549,0.784,0.692,0.692,-0.231,0.571,-0.536,0.52,-0.397,0.382,-0.18,0.687,-0.26,-0.183,-0.235,-0.269,0.094,-0.256,-0.299,-0.307,0.393,0.615,0.637,0.667,0.601,0.173,0.492,0.544,0.475,0.184,0.295,0.586,0.408,0.096,0.488,0.245,-0.029,0.605,0.516,0.164,0.584,0.25,0.34,0.519,0.315,0.488,0.709,0.601,0.518,0.51,-0.25,0.566,0.568,0.766,-0.114,0.157,0.353,0.427,0.619,-0.04,0.322,0.401,0.125,0.477,0.455,0.272,0.458,0.256,0.0,0.665,0.511,0.774,0.78,0.662,0.085,0.585,0.429,0.511,0.622,0.567,0.253,-0.407,0.623,0.567,0.669,0.558,0.551,0.668,0.755,-0.62,0.506,0.248,0.266,0.192,0.326,0.022,0.61,0.618,0.73,0.426,0.563,0.533,0.25,0.359,0.701,0.557,-0.352,0.302,-0.628,0.743,0.538,0.604,0.475,0.793,0.312,0.529,0.504,0.039,0.228,0.766,0.591,-0.219,0.599,0.101,0.532,0.497,0.328,0.542,0.438,0.409,0.337,0.534,0.575,0.422,0.175,0.547,0.145,0.363,0.695,0.433,0.427,0.595,0.499,0.46,0.674,0.033,0.455,0.473,0.275,0.494,-0.145,-0.006,-0.28,0.367,0.485,0.523,0.602,0.421,0.549,0.742,0.367,-0.028,-0.216,0.669,0.598
MDB,0.778,-0.499,-0.576,-0.316,0.857,0.534,-0.045,-0.761,0.559,0.892,0.726,0.484,0.194,0.244,-0.609,-0.631,0.649,0.122,0.735,0.445,0.649,0.193,0.686,0.039,0.126,0.04,0.396,0.579,-0.328,0.729,0.811,0.848,-0.578,0.183,0.759,0.516,0.896,0.867,0.824,0.153,0.9,-0.601,0.852,-0.638,0.711,-0.606,0.87,-0.063,-0.25,-0.298,-0.358,0.455,0.183,-0.541,-0.221,0.809,0.835,0.77,0.887,0.736,0.008,0.676,0.698,0.778,-0.044,0.572,0.737,0.88,-0.234,0.583,0.661,0.099,0.865,0.445,0.399,0.777,0.392,0.683,0.533,0.691,0.67,0.67,0.715,0.401,0.845,-0.503,0.788,0.844,0.447,-0.114,-0.163,0.643,0.609,0.732,-0.243,0.696,0.555,0.354,0.649,0.391,0.402,0.796,0.133,0.665,0.0,0.441,0.8,0.697,0.786,0.364,0.805,0.689,0.844,0.617,0.418,0.39,-0.298,0.772,0.298,0.916,0.797,0.449,0.638,0.881,-0.795,0.869,0.217,0.345,0.354,0.722,0.163,0.817,0.718,0.813,0.79,0.874,0.336,0.57,0.357,0.653,0.698,-0.249,0.391,-0.666,0.834,0.817,0.671,0.812,0.791,0.375,0.791,0.015,0.111,0.452,0.827,0.887,-0.5,0.831,0.386,0.241,0.774,0.57,0.338,0.696,0.343,0.688,0.714,0.755,0.769,0.011,0.689,-0.091,0.661,0.858,0.258,0.663,0.842,0.782,0.492,0.874,-0.053,0.534,0.284,0.202,0.386,-0.364,0.322,-0.688,0.679,0.392,0.833,0.873,0.765,0.67,0.84,0.136,-0.297,-0.326,0.795,0.923
MDLZ,0.237,-0.084,-0.047,-0.202,0.339,0.294,0.232,-0.134,0.189,0.518,0.421,0.418,0.154,-0.236,-0.413,-0.073,0.427,0.115,0.228,0.257,0.27,-0.142,0.293,0.146,0.067,0.265,0.449,0.091,-0.12,0.292,0.159,0.354,-0.249,0.098,0.37,0.514,0.5,0.326,0.467,0.413,0.41,-0.132,0.352,-0.457,0.312,-0.378,0.444,0.375,0.367,-0.27,-0.433,-0.063,0.205,-0.393,0.297,0.445,0.372,0.364,0.334,0.514,0.018,0.173,0.22,0.467,0.335,0.302,0.478,0.417,-0.006,0.543,0.227,0.302,0.239,-0.043,0.677,0.22,0.287,0.274,0.197,0.239,-0.013,0.292,0.562,0.298,0.502,-0.055,0.211,0.373,0.189,0.09,0.23,0.294,0.145,0.245,-0.1,0.266,0.239,0.6,-0.073,0.324,0.5,0.4,-0.235,0.511,0.441,0.0,0.23,0.348,0.719,0.067,0.436,0.249,0.448,0.117,0.168,0.326,0.101,0.749,0.417,0.352,0.199,0.867,0.201,0.402,-0.294,0.437,-0.087,0.505,0.111,0.42,-0.277,0.3,0.219,0.242,0.196,0.392,0.128,0.61,0.423,0.12,0.385,0.096,0.538,-0.137,0.582,0.265,0.206,0.429,0.253,0.122,0.214,0.324,0.237,-0.018,0.521,0.386,-0.033,0.492,0.506,0.202,0.467,-0.078,0.3,0.312,0.458,0.458,0.428,0.525,0.462,0.074,0.462,0.244,0.523,0.444,0.174,0.101,0.314,0.327,0.161,0.584,0.361,0.272,0.29,0.093,0.486,-0.049,-0.135,-0.258,0.073,0.36,0.207,0.297,0.296,0.452,0.306,-0.08,-0.061,-0.215,0.312,0.377
MELI,0.642,-0.238,-0.749,0.082,0.765,0.735,-0.281,-0.664,0.548,0.849,0.627,0.585,-0.181,0.552,-0.239,-0.641,0.603,0.282,0.889,0.142,0.631,0.508,0.485,-0.243,0.588,0.15,-0.112,0.528,0.025,0.855,0.765,0.644,-0.432,-0.091,0.712,0.563,0.847,0.795,0.819,-0.305,0.669,-0.721,0.63,-0.498,0.469,-0.229,0.768,-0.383,-0.283,-0.133,-0.205,0.233,-0.311,-0.343,-0.491,0.508,0.719,0.65,0.817,0.662,0.208,0.542,0.598,0.616,0.069,0.28,0.687,0.568,0.011,0.567,0.37,-0.021,0.768,0.745,0.001,0.742,0.237,0.417,0.711,0.484,0.668,0.672,0.625,0.508,0.637,-0.325,0.711,0.691,0.812,0.03,0.033,0.441,0.615,0.747,-0.092,0.474,0.417,0.011,0.762,0.553,0.175,0.546,0.306,0.774,0.8,0.23,0.0,0.822,0.644,0.125,0.678,0.441,0.647,0.771,0.668,0.378,-0.535,0.472,0.504,0.83,0.668,0.287,0.823,0.911,-0.709,0.641,0.331,0.176,0.165,0.386,0.288,0.726,0.74,0.902,0.682,0.693,0.674,0.168,0.423,0.894,0.694,-0.302,0.242,-0.789,0.77,0.651,0.724,0.523,0.924,0.446,0.767,0.328,0.076,0.312,0.849,0.766,-0.431,0.644,0.025,0.594,0.567,0.576,0.488,0.512,0.439,0.449,0.567,0.687,0.525,0.148,0.622,0.101,0.423,0.797,0.473,0.513,0.692,0.572,0.475,0.715,-0.171,0.551,0.542,0.408,0.445,-0.145,0.083,-0.406,0.536,0.594,0.69,0.785,0.584,0.643,0.859,0.523,-0.074,-0.152,0.82,0.747
MIRM,0.733,-0.404,-0.871,-0.207,0.574,0.676,-0.341,-0.772,0.728,0.684,0.755,0.375,-0.059,0.31,-0.47,-0.793,0.643,-0.043,0.808,0.235,0.78,0.328,0.593,0.073,0.427,-0.175,-0.05,0.227,-0.161,0.612,0.732,0.655,-0.559,0.108,0.628,0.432,0.819,0.832,0.779,-0.337,0.655,-0.703,0.66,-0.44,0.604,-0.418,0.808,-0.441,-0.403,-0.402,-0.194,0.347,-0.375,-0.367,-0.401,0.569,0.809,0.773,0.785,0.491,-0.011,0.675,0.754,0.512,-0.136,0.532,0.63,0.461,-0.151,0.354,0.473,-0.248,0.762,0.453,0.07,0.709,0.527,0.551,0.377,0.432,0.679,0.83,0.48,0.283,0.636,-0.561,0.706,0.579,0.688,-0.279,-0.16,0.628,0.374,0.662,-0.048,0.491,0.605,-0.012,0.436,0.276,0.398,0.663,0.104,0.78,0.697,0.348,0.822,0.0,0.553,0.214,0.831,0.61,0.691,0.66,0.475,0.058,-0.716,0.5,0.257,0.8,0.735,0.344,0.659,0.869,-0.757,0.661,0.239,0.346,0.447,0.373,0.197,0.742,0.788,0.83,0.523,0.682,0.386,0.305,0.205,0.728,0.499,-0.548,0.001,-0.838,0.693,0.709,0.717,0.626,0.849,0.208,0.698,0.219,-0.137,0.434,0.777,0.669,-0.568,0.777,0.165,0.392,0.487,0.587,0.483,0.609,0.291,0.363,0.539,0.439,0.47,-0.066,0.488,-0.114,0.237,0.866,0.282,0.637,0.686,0.665,0.727,0.764,-0.32,0.412,0.237,0.055,0.155,-0.444,0.103,-0.501,0.588,0.283,0.726,0.718,0.64,0.388,0.843,0.198,-0.25,-0.458,0.723,0.711
MLKN,0.534,-0.235,-0.328,-0.071,0.776,0.499,0.126,-0.449,0.364,0.847,0.601,0.644,0.058,0.176,-0.427,-0.346,0.648,0.299,0.617,0.301,0.509,0.214,0.489,-0.101,0.238,0.395,0.399,0.534,-0.077,0.73,0.577,0.659,-0.337,0.007,0.702,0.667,0.812,0.64,0.808,0.311,0.724,-0.423,0.637,-0.632,0.465,-0.42,0.744,0.183,0.111,-0.134,-0.451,0.14,0.16,-0.516,-0.03,0.661,0.639,0.572,0.714,0.836,0.174,0.384,0.424,0.742,0.221,0.348,0.681,0.753,0.016,0.798,0.436,0.398,0.643,0.377,0.539,0.573,0.238,0.461,0.611,0.577,0.38,0.488,0.829,0.596,0.786,-0.202,0.586,0.757,0.456,0.177,0.194,0.486,0.607,0.579,-0.095,0.55,0.371,0.553,0.514,0.609,0.465,0.618,0.082,0.662,0.786,0.719,0.644,0.553,0.0,0.132,0.612,0.405,0.679,0.534,0.484,0.589,-0.098,0.847,0.51,0.725,0.508,0.699,0.588,0.738,-0.602,0.701,0.107,0.383,0.093,0.594,0.051,0.631,0.522,0.653,0.659,0.713,0.511,0.576,0.609,0.542,0.722,0.043,0.688,-0.4,0.864,0.575,0.469,0.607,0.645,0.516,0.605,0.308,0.37,0.131,0.822,0.778,-0.251,0.681,0.473,0.425,0.678,0.225,0.337,0.498,0.555,0.712,0.671,0.861,0.726,0.098,0.758,0.23,0.746,0.691,0.374,0.358,0.634,0.565,0.249,0.805,0.228,0.617,0.546,0.395,0.597,-0.038,0.036,-0.455,0.355,0.607,0.558,0.706,0.586,0.798,0.632,0.268,-0.15,-0.201,0.676,0.736
MNMD,0.682,-0.783,-0.273,-0.718,0.191,0.032,0.04,-0.611,0.517,0.047,0.596,-0.336,0.669,-0.159,-0.625,-0.378,0.212,-0.157,0.266,0.585,0.554,-0.034,0.745,0.334,-0.458,-0.568,0.523,0.101,-0.684,-0.043,0.522,0.639,-0.46,0.797,0.358,-0.16,0.333,0.527,0.274,0.257,0.521,-0.016,0.677,-0.121,0.694,-0.701,0.456,-0.147,-0.672,-0.351,0.13,0.878,0.365,-0.214,-0.171,0.519,0.589,0.593,0.518,-0.048,-0.445,0.637,0.62,0.206,-0.525,0.709,0.247,0.423,-0.152,-0.285,0.771,-0.114,0.536,-0.08,0.456,0.58,0.617,0.746,-0.341,0.534,0.569,0.527,-0.025,-0.296,0.322,-0.754,0.497,0.304,-0.303,-0.692,-0.724,0.6,0.107,0.42,0.067,0.594,0.715,0.069,0.067,-0.305,0.436,0.642,0.37,0.085,0.364,0.067,0.125,0.214,0.132,0.0,0.514,0.721,0.523,0.253,0.051,-0.2,-0.336,0.359,-0.369,0.45,0.698,-0.047,0.165,0.266,-0.353,0.582,0.35,-0.121,0.601,0.578,-0.151,0.577,0.431,0.223,0.272,0.523,-0.258,0.576,-0.534,0.058,0.271,-0.623,-0.219,-0.248,0.117,0.678,0.355,0.665,0.208,-0.064,0.525,-0.556,-0.081,0.523,0.118,0.395,-0.27,0.497,0.526,-0.428,0.501,0.477,-0.117,0.658,-0.345,0.227,0.425,-0.078,0.368,-0.473,0.283,-0.42,0.159,0.433,-0.241,0.753,0.587,0.73,0.559,0.445,-0.266,0.197,-0.388,-0.393,-0.197,-0.677,0.455,-0.452,0.769,-0.462,0.643,0.43,0.588,-0.142,0.32,-0.498,-0.639,-0.448,0.472,0.522
MNRO,0.864,-0.695,-0.735,-0.558,0.665,0.473,-0.111,-0.875,0.716,0.678,0.864,0.248,0.303,-0.016,-0.786,-0.774,0.636,-0.125,0.666,0.515,0.814,0.053,0.833,0.281,-0.006,-0.338,0.388,0.291,-0.481,0.521,0.795,0.834,-0.71,0.427,0.716,0.34,0.823,0.891,0.795,0.067,0.836,-0.563,0.852,-0.527,0.839,-0.772,0.889,-0.233,-0.409,-0.546,-0.248,0.633,0.019,-0.531,-0.254,0.809,0.942,0.871,0.862,0.471,-0.165,0.798,0.85,0.606,-0.318,0.795,0.622,0.694,-0.321,0.33,0.781,-0.136,0.845,0.284,0.412,0.767,0.675,0.827,0.196,0.666,0.709,0.807,0.501,0.074,0.802,-0.747,0.802,0.67,0.335,-0.386,-0.408,0.814,0.384,0.688,-0.112,0.746,0.737,0.22,0.317,0.121,0.654,0.902,0.035,0.585,0.805,0.436,0.678,0.831,0.612,0.514,0.0,0.833,0.882,0.576,0.35,0.096,-0.581,0.679,0.046,0.874,0.857,0.363,0.54,0.84,-0.784,0.88,0.227,0.395,0.606,0.678,0.089,0.855,0.787,0.759,0.617,0.859,0.09,0.655,0.078,0.524,0.545,-0.521,0.048,-0.727,0.687,0.883,0.708,0.881,0.717,0.128,0.793,-0.144,-0.083,0.588,0.754,0.773,-0.627,0.94,0.528,0.097,0.663,0.628,0.27,0.807,0.188,0.555,0.674,0.456,0.683,-0.264,0.573,-0.299,0.423,0.945,0.121,0.787,0.819,0.874,0.755,0.888,-0.284,0.432,0.011,-0.13,0.111,-0.651,0.276,-0.742,0.769,0.046,0.872,0.798,0.874,0.342,0.832,-0.173,-0.537,-0.574,0.745,0.841
MPWR,0.883,-0.818,-0.517,-0.629,0.538,0.269,-0.172,-0.862,0.811,0.43,0.822,0.004,0.383,0.025,-0.783,-0.692,0.493,-0.184,0.491,0.706,0.834,0.098,0.804,0.569,-0.218,-0.525,0.464,0.241,-0.672,0.264,0.787,0.867,-0.761,0.528,0.67,0.135,0.672,0.866,0.608,0.109,0.826,-0.296,0.829,-0.214,0.923,-0.797,0.716,-0.34,-0.594,-0.657,-0.003,0.806,0.192,-0.326,-0.352,0.659,0.851,0.897,0.771,0.258,-0.271,0.957,0.907,0.39,-0.475,0.895,0.414,0.687,-0.232,0.026,0.788,-0.16,0.799,0.126,0.357,0.715,0.586,0.848,0.027,0.676,0.802,0.713,0.284,-0.064,0.57,-0.795,0.837,0.512,0.068,-0.668,-0.627,0.712,0.297,0.679,-0.099,0.786,0.771,0.137,0.272,-0.215,0.573,0.872,0.131,0.429,0.689,0.249,0.441,0.61,0.405,0.721,0.833,0.0,0.809,0.524,0.142,-0.126,-0.54,0.607,-0.257,0.782,0.914,0.133,0.347,0.625,-0.657,0.8,0.46,0.304,0.779,0.618,-0.076,0.841,0.765,0.64,0.547,0.806,-0.09,0.606,-0.229,0.242,0.317,-0.676,-0.053,-0.531,0.484,0.905,0.52,0.926,0.573,0.127,0.725,-0.382,-0.2,0.825,0.432,0.626,-0.485,0.823,0.579,-0.179,0.545,0.58,0.207,0.844,-0.14,0.371,0.653,0.249,0.667,-0.283,0.379,-0.591,0.263,0.751,-0.153,0.924,0.856,0.894,0.8,0.762,-0.278,0.433,-0.188,-0.394,-0.056,-0.831,0.526,-0.663,0.829,-0.22,0.902,0.668,0.843,0.133,0.643,-0.341,-0.724,-0.5,0.665,0.736
MRCY,0.849,-0.706,-0.599,-0.473,0.787,0.371,-0.042,-0.88,0.668,0.712,0.853,0.337,0.329,0.069,-0.698,-0.722,0.719,0.009,0.664,0.54,0.739,0.129,0.839,0.21,-0.059,-0.217,0.523,0.426,-0.45,0.623,0.825,0.871,-0.676,0.345,0.759,0.41,0.854,0.878,0.869,0.204,0.863,-0.522,0.888,-0.595,0.848,-0.846,0.895,-0.167,-0.359,-0.494,-0.337,0.662,0.151,-0.607,-0.29,0.848,0.925,0.843,0.867,0.57,-0.042,0.766,0.764,0.656,-0.277,0.705,0.591,0.832,-0.322,0.427,0.756,0.006,0.86,0.28,0.431,0.762,0.514,0.832,0.32,0.762,0.753,0.699,0.539,0.188,0.858,-0.672,0.837,0.714,0.257,-0.293,-0.34,0.789,0.57,0.68,-0.166,0.849,0.658,0.253,0.464,0.232,0.59,0.936,0.039,0.511,0.844,0.448,0.647,0.691,0.679,0.523,0.882,0.809,0.0,0.647,0.326,0.299,-0.481,0.745,0.044,0.905,0.851,0.348,0.517,0.842,-0.78,0.959,0.29,0.29,0.506,0.71,0.118,0.883,0.744,0.772,0.757,0.883,0.194,0.679,0.157,0.485,0.592,-0.417,0.256,-0.606,0.725,0.892,0.62,0.875,0.717,0.367,0.858,-0.199,0.09,0.57,0.714,0.862,-0.623,0.928,0.6,0.13,0.649,0.532,0.208,0.815,0.269,0.661,0.751,0.612,0.822,-0.236,0.672,-0.256,0.51,0.876,0.119,0.744,0.875,0.885,0.598,0.914,-0.207,0.585,0.123,0.002,0.226,-0.541,0.323,-0.793,0.72,0.132,0.884,0.863,0.916,0.495,0.764,-0.072,-0.588,-0.474,0.791,0.877
MRSN,0.732,-0.472,-0.582,0.088,0.703,0.586,-0.24,-0.686,0.756,0.649,0.678,0.558,-0.103,0.645,-0.186,-0.692,0.659,0.341,0.832,0.21,0.732,0.687,0.562,-0.092,0.382,0.065,0.035,0.556,-0.209,0.743,0.824,0.714,-0.36,0.015,0.74,0.326,0.789,0.775,0.748,-0.201,0.623,-0.464,0.629,-0.295,0.475,-0.301,0.732,-0.582,-0.412,-0.337,-0.165,0.452,-0.265,-0.338,-0.75,0.465,0.713,0.716,0.765,0.611,0.299,0.628,0.619,0.484,-0.265,0.34,0.352,0.539,0.029,0.428,0.392,-0.083,0.779,0.602,-0.006,0.747,0.115,0.54,0.592,0.651,0.808,0.655,0.531,0.495,0.56,-0.4,0.791,0.58,0.585,-0.144,-0.056,0.432,0.789,0.814,0.085,0.699,0.382,-0.122,0.74,0.454,0.255,0.611,0.394,0.622,0.617,0.117,0.771,0.66,0.534,0.253,0.576,0.524,0.647,0.0,0.685,0.317,-0.621,0.446,0.282,0.777,0.712,0.109,0.718,0.806,-0.61,0.642,0.501,-0.064,0.281,0.398,0.158,0.84,0.81,0.876,0.713,0.679,0.579,0.175,0.283,0.662,0.629,-0.422,0.218,-0.557,0.69,0.709,0.553,0.532,0.862,0.594,0.816,0.053,0.114,0.5,0.636,0.755,-0.409,0.646,0.227,0.586,0.45,0.39,0.224,0.603,0.399,0.396,0.682,0.596,0.654,-0.102,0.665,0.023,0.332,0.672,0.391,0.559,0.771,0.661,0.479,0.701,-0.232,0.756,0.486,0.347,0.359,-0.206,0.121,-0.417,0.486,0.4,0.719,0.77,0.65,0.582,0.718,0.49,-0.257,-0.285,0.873,0.66
MTVA,0.357,-0.141,-0.378,0.231,0.516,0.547,0.058,-0.293,0.297,0.565,0.372,0.629,-0.138,0.526,-0.003,-0.323,0.369,0.501,0.716,-0.009,0.406,0.605,0.32,-0.454,0.521,0.415,-0.1,0.512,0.027,0.666,0.531,0.415,-0.009,-0.1,0.615,0.313,0.561,0.465,0.521,-0.086,0.349,-0.299,0.385,-0.356,0.104,-0.042,0.537,-0.245,-0.146,0.178,-0.288,0.132,-0.268,-0.426,-0.389,0.273,0.404,0.304,0.582,0.536,0.368,0.232,0.244,0.465,-0.03,-0.047,0.358,0.294,0.214,0.529,0.218,0.214,0.475,0.689,0.072,0.528,-0.08,0.237,0.593,0.43,0.358,0.43,0.578,0.475,0.427,-0.108,0.467,0.572,0.564,0.18,0.241,0.231,0.623,0.62,0.287,0.355,0.124,0.087,0.564,0.638,0.196,0.277,0.545,0.567,0.418,0.168,0.668,0.475,0.484,0.051,0.35,0.142,0.326,0.685,0.0,0.514,-0.394,0.333,0.601,0.496,0.369,0.243,0.835,0.596,-0.369,0.386,0.283,-0.161,-0.209,0.318,0.135,0.488,0.422,0.552,0.483,0.458,0.639,0.079,0.415,0.736,0.656,-0.111,0.351,-0.317,0.58,0.386,0.401,0.203,0.606,0.413,0.548,0.401,0.405,0.07,0.631,0.577,-0.056,0.345,0.085,0.644,0.433,0.164,0.065,0.25,0.523,0.423,0.525,0.53,0.393,-0.016,0.654,0.427,0.462,0.425,0.558,0.184,0.465,0.349,0.135,0.462,0.017,0.616,0.587,0.586,0.552,0.191,-0.151,-0.221,0.23,0.527,0.367,0.557,0.274,0.594,0.501,0.534,0.025,-0.024,0.638,0.448
NAAS,0.039,0.044,0.062,0.264,0.6,0.21,0.448,-0.017,-0.16,0.586,0.094,0.714,-0.0,0.206,0.082,-0.011,0.278,0.559,0.326,-0.02,-0.069,0.216,0.143,-0.524,0.196,0.696,0.283,0.614,0.184,0.619,0.214,0.223,0.143,-0.235,0.421,0.405,0.393,0.126,0.447,0.397,0.275,-0.159,0.215,-0.584,-0.069,-0.09,0.36,0.32,0.401,0.357,-0.544,-0.117,0.234,-0.543,0.073,0.344,0.18,-0.036,0.313,0.662,0.501,-0.137,-0.155,0.526,0.25,-0.271,0.298,0.481,-0.014,0.783,0.068,0.54,0.267,0.423,0.291,0.208,-0.323,0.08,0.656,0.396,0.007,-0.018,0.695,0.497,0.539,0.223,0.217,0.578,0.27,0.578,0.499,0.134,0.648,0.255,-0.081,0.302,-0.189,0.369,0.473,0.765,0.184,0.198,0.156,0.253,0.39,0.326,0.378,0.058,0.589,-0.2,0.096,-0.126,0.299,0.317,0.514,0.0,0.224,0.404,0.606,0.327,0.011,0.417,0.461,0.395,-0.263,0.336,-0.115,0.009,-0.514,0.374,0.132,0.223,0.058,0.293,0.539,0.349,0.515,0.254,0.73,0.409,0.581,0.502,0.743,-0.0,0.59,0.135,0.165,0.073,0.29,0.507,0.328,0.273,0.647,-0.242,0.501,0.542,-0.023,0.223,0.22,0.508,0.38,-0.215,-0.131,0.018,0.734,0.682,0.353,0.753,0.497,0.092,0.702,0.583,0.712,0.226,0.542,-0.186,0.217,0.125,-0.406,0.365,0.324,0.504,0.595,0.728,0.713,0.5,-0.262,-0.267,-0.083,0.61,0.124,0.407,0.209,0.764,0.262,0.441,0.057,0.153,0.347,0.338
NDAQ,-0.607,0.471,0.776,0.151,-0.316,-0.37,0.472,0.714,-0.713,-0.244,-0.61,-0.062,0.126,-0.357,0.289,0.749,-0.449,0.094,-0.642,-0.213,-0.717,-0.433,-0.515,-0.106,-0.316,0.433,0.23,0.012,0.182,-0.362,-0.639,-0.492,0.513,-0.151,-0.455,-0.108,-0.506,-0.656,-0.513,0.485,-0.356,0.479,-0.482,0.08,-0.524,0.313,-0.546,0.731,0.648,0.409,-0.056,-0.503,0.612,0.207,0.619,-0.283,-0.608,-0.612,-0.574,-0.067,-0.009,-0.629,-0.684,-0.139,0.49,-0.391,-0.213,-0.155,0.084,0.043,-0.382,0.409,-0.567,-0.339,0.264,-0.568,-0.353,-0.468,-0.131,-0.349,-0.726,-0.661,-0.051,-0.049,-0.29,0.617,-0.613,-0.246,-0.409,0.464,0.415,-0.467,-0.274,-0.524,-0.183,-0.441,-0.498,0.402,-0.304,-0.005,-0.262,-0.504,-0.235,-0.407,-0.298,0.101,-0.535,-0.716,-0.098,-0.336,-0.581,-0.54,-0.481,-0.621,-0.394,0.224,0.0,-0.124,0.095,-0.545,-0.649,0.156,-0.546,-0.58,0.506,-0.448,-0.469,0.009,-0.435,-0.125,-0.196,-0.6,-0.645,-0.626,-0.342,-0.415,-0.248,-0.02,0.156,-0.504,-0.245,0.741,0.299,0.599,-0.264,-0.582,-0.435,-0.403,-0.611,-0.128,-0.602,0.015,0.162,-0.528,-0.385,-0.402,0.51,-0.522,-0.111,-0.213,-0.115,-0.501,-0.261,-0.538,0.038,-0.033,-0.388,-0.058,-0.237,0.17,-0.213,0.308,0.17,-0.54,-0.075,-0.607,-0.55,-0.534,-0.745,-0.457,0.564,-0.396,-0.028,0.123,0.17,0.493,-0.163,0.374,-0.532,0.061,-0.603,-0.515,-0.53,-0.037,-0.5,-0.144,0.405,0.399,-0.535,-0.421
NDSN,0.646,-0.476,-0.264,-0.407,0.691,0.438,0.225,-0.537,0.473,0.697,0.729,0.442,0.361,0.018,-0.676,-0.414,0.586,0.147,0.563,0.54,0.605,0.11,0.669,0.111,-0.006,0.118,0.624,0.324,-0.404,0.484,0.595,0.757,-0.453,0.263,0.697,0.522,0.783,0.684,0.735,0.465,0.778,-0.305,0.771,-0.616,0.611,-0.649,0.786,0.215,-0.081,-0.271,-0.478,0.373,0.341,-0.615,0.067,0.759,0.712,0.663,0.725,0.696,-0.002,0.538,0.57,0.651,0.054,0.536,0.612,0.738,-0.227,0.583,0.618,0.277,0.655,0.148,0.711,0.631,0.39,0.659,0.3,0.636,0.432,0.617,0.721,0.351,0.785,-0.405,0.624,0.719,0.212,-0.134,-0.08,0.63,0.5,0.544,-0.08,0.649,0.56,0.539,0.288,0.361,0.601,0.747,-0.011,0.623,0.772,0.749,0.472,0.5,0.847,0.359,0.679,0.607,0.745,0.446,0.333,0.404,-0.124,0.0,0.312,0.719,0.635,0.733,0.508,0.672,-0.606,0.796,0.155,0.34,0.274,0.729,-0.148,0.682,0.52,0.548,0.56,0.761,0.23,0.804,0.308,0.392,0.617,-0.184,0.572,-0.331,0.771,0.68,0.451,0.752,0.55,0.322,0.607,0.098,0.339,0.29,0.728,0.742,-0.266,0.772,0.63,0.112,0.728,0.185,0.192,0.629,0.334,0.691,0.728,0.701,0.709,-0.1,0.7,0.027,0.692,0.695,0.198,0.507,0.733,0.711,0.373,0.847,0.185,0.55,0.252,0.142,0.477,-0.277,0.149,-0.603,0.465,0.268,0.618,0.714,0.649,0.613,0.584,-0.067,-0.329,-0.397,0.629,0.757
NEGG,-0.054,0.343,-0.054,0.472,0.361,0.486,0.321,0.148,-0.086,0.565,0.07,0.741,-0.295,0.392,0.237,0.049,0.072,0.667,0.456,-0.334,-0.012,0.435,-0.087,-0.599,0.634,0.782,-0.182,0.36,0.279,0.55,0.112,0.091,0.325,-0.319,0.382,0.444,0.359,0.098,0.298,0.024,0.146,-0.16,0.05,-0.353,-0.257,0.249,0.268,0.198,0.411,0.418,-0.419,-0.395,-0.174,-0.279,0.106,0.085,0.046,-0.068,0.238,0.635,0.488,-0.221,-0.16,0.455,0.528,-0.38,0.446,0.12,0.27,0.706,-0.124,0.442,0.09,0.627,0.148,0.183,-0.287,-0.159,0.642,0.128,-0.125,0.105,0.629,0.656,0.264,0.423,0.11,0.444,0.596,0.577,0.687,-0.1,0.459,0.29,0.172,-0.041,-0.224,0.335,0.346,0.8,0.05,-0.093,0.249,0.567,0.298,0.417,0.504,0.257,0.51,-0.369,0.046,-0.257,0.044,0.282,0.601,0.606,0.095,0.312,0.0,0.217,-0.061,0.608,0.583,0.359,-0.054,0.097,0.025,0.077,-0.54,0.164,-0.044,0.073,0.1,0.262,0.254,0.201,0.609,0.017,0.692,0.539,0.555,0.345,0.574,-0.098,0.577,-0.028,0.202,-0.063,0.365,0.269,0.151,0.758,0.475,-0.335,0.556,0.331,0.299,0.087,-0.11,0.726,0.295,-0.224,0.206,-0.157,0.701,0.399,0.21,0.584,0.189,0.304,0.517,0.756,0.553,0.18,0.624,-0.258,0.111,-0.065,-0.274,0.27,0.512,0.372,0.702,0.758,0.811,0.615,-0.501,0.102,-0.168,0.776,-0.06,0.287,-0.133,0.691,0.284,0.581,0.422,0.314,0.301,0.193
NOVT,0.897,-0.652,-0.685,-0.305,0.868,0.567,-0.088,-0.885,0.75,0.821,0.855,0.471,0.184,0.329,-0.589,-0.788,0.684,0.169,0.834,0.419,0.806,0.37,0.811,0.062,0.155,-0.082,0.337,0.554,-0.372,0.764,0.94,0.923,-0.601,0.284,0.863,0.435,0.948,0.95,0.905,0.061,0.928,-0.577,0.905,-0.561,0.788,-0.665,0.94,-0.269,-0.423,-0.376,-0.239,0.614,0.027,-0.55,-0.406,0.806,0.938,0.863,0.96,0.694,0.077,0.786,0.803,0.716,-0.233,0.621,0.71,0.838,-0.208,0.491,0.728,0.04,0.955,0.511,0.314,0.889,0.429,0.791,0.498,0.807,0.831,0.781,0.657,0.393,0.838,-0.635,0.92,0.816,0.462,-0.24,-0.235,0.752,0.683,0.852,-0.08,0.822,0.643,0.204,0.675,0.372,0.526,0.883,0.217,0.669,0.916,0.352,0.83,0.8,0.725,0.45,0.874,0.782,0.905,0.777,0.496,0.327,-0.545,0.719,0.217,0.0,0.901,0.369,0.717,0.934,-0.821,0.925,0.401,0.228,0.44,0.706,0.189,0.938,0.86,0.899,0.854,0.946,0.387,0.558,0.259,0.682,0.697,-0.44,0.28,-0.7,0.837,0.914,0.704,0.859,0.877,0.435,0.934,-0.038,0.123,0.589,0.814,0.929,-0.548,0.917,0.47,0.305,0.71,0.543,0.292,0.797,0.338,0.681,0.796,0.671,0.81,-0.15,0.747,-0.151,0.561,0.92,0.247,0.776,0.94,0.882,0.617,0.934,-0.188,0.689,0.272,0.17,0.301,-0.437,0.279,-0.708,0.767,0.318,0.931,0.943,0.867,0.601,0.892,0.152,-0.477,-0.396,0.888,0.934
NVDA,0.968,-0.798,-0.686,-0.515,0.663,0.489,-0.205,-0.936,0.855,0.566,0.899,0.143,0.326,0.26,-0.702,-0.799,0.598,-0.037,0.756,0.571,0.905,0.314,0.877,0.24,-0.007,-0.398,0.347,0.367,-0.563,0.488,0.926,0.932,-0.699,0.482,0.758,0.214,0.822,0.954,0.749,0.0,0.872,-0.474,0.929,-0.355,0.873,-0.725,0.86,-0.403,-0.695,-0.488,-0.059,0.81,0.052,-0.402,-0.467,0.734,0.932,0.926,0.917,0.425,-0.196,0.913,0.932,0.511,-0.426,0.779,0.577,0.715,-0.236,0.15,0.815,-0.161,0.923,0.346,0.295,0.909,0.605,0.875,0.187,0.748,0.916,0.867,0.407,0.137,0.671,-0.823,0.903,0.662,0.272,-0.569,-0.554,0.774,0.493,0.798,-0.014,0.808,0.818,0.05,0.514,0.063,0.491,0.889,0.291,0.558,0.797,0.199,0.668,0.735,0.508,0.698,0.857,0.914,0.851,0.712,0.369,0.011,-0.649,0.635,-0.061,0.901,0.0,0.165,0.608,0.791,-0.756,0.872,0.485,0.127,0.658,0.669,0.034,0.943,0.862,0.792,0.661,0.874,0.184,0.561,-0.125,0.549,0.557,-0.715,0.001,-0.676,0.61,0.964,0.676,0.899,0.776,0.25,0.881,-0.24,-0.072,0.717,0.624,0.786,-0.551,0.859,0.466,0.024,0.673,0.669,0.231,0.859,-0.024,0.458,0.737,0.384,0.663,-0.296,0.554,-0.407,0.34,0.851,0.046,0.948,0.944,0.949,0.803,0.837,-0.346,0.549,0.018,-0.117,0.049,-0.693,0.459,-0.67,0.891,-0.009,0.962,0.847,0.863,0.305,0.798,-0.083,-0.584,-0.511,0.843,0.878
NWE,0.21,-0.034,-0.026,-0.111,0.385,0.356,0.403,-0.061,0.114,0.547,0.39,0.49,0.153,-0.118,-0.314,-0.09,0.237,0.303,0.326,0.083,0.223,0.016,0.279,-0.103,0.157,0.406,0.374,0.145,-0.081,0.352,0.172,0.344,-0.047,0.116,0.418,0.473,0.493,0.266,0.427,0.435,0.42,-0.096,0.35,-0.485,0.175,-0.276,0.464,0.445,0.351,-0.003,-0.437,-0.103,0.203,-0.444,0.374,0.448,0.314,0.234,0.351,0.614,0.099,0.051,0.14,0.508,0.362,0.146,0.613,0.39,-0.033,0.602,0.249,0.422,0.241,0.112,0.656,0.301,0.208,0.244,0.261,0.302,-0.068,0.317,0.65,0.405,0.505,0.036,0.209,0.487,0.24,0.194,0.348,0.306,0.252,0.295,0.02,0.216,0.171,0.613,0.032,0.499,0.467,0.31,-0.128,0.551,0.449,0.867,0.287,0.344,0.699,-0.047,0.363,0.133,0.348,0.109,0.243,0.417,0.156,0.733,0.608,0.369,0.165,0.0,0.343,0.386,-0.225,0.401,-0.071,0.412,-0.078,0.488,-0.246,0.261,0.209,0.22,0.253,0.422,0.206,0.583,0.48,0.238,0.476,0.17,0.549,-0.106,0.651,0.221,0.236,0.357,0.273,0.13,0.23,0.468,0.431,-0.13,0.565,0.419,0.094,0.446,0.399,0.28,0.533,-0.192,0.224,0.24,0.492,0.576,0.433,0.53,0.387,0.097,0.538,0.399,0.631,0.406,0.322,0.039,0.31,0.279,0.029,0.546,0.484,0.308,0.335,0.319,0.564,0.151,-0.266,-0.194,0.079,0.465,0.155,0.358,0.174,0.535,0.341,0.006,0.03,-0.108,0.298,0.392
NWSA,0.568,-0.289,-0.574,0.083,0.704,0.656,0.007,-0.524,0.466,0.682,0.578,0.613,-0.066,0.565,-0.211,-0.555,0.424,0.484,0.887,0.122,0.599,0.622,0.516,-0.442,0.542,0.276,-0.045,0.447,-0.057,0.737,0.724,0.629,-0.237,0.015,0.769,0.39,0.74,0.678,0.686,-0.094,0.586,-0.46,0.622,-0.468,0.324,-0.213,0.732,-0.27,-0.298,0.143,-0.287,0.28,-0.261,-0.507,-0.339,0.459,0.605,0.476,0.792,0.649,0.295,0.428,0.499,0.552,-0.053,0.109,0.615,0.465,0.009,0.582,0.429,0.173,0.681,0.768,0.128,0.766,0.107,0.434,0.605,0.584,0.558,0.652,0.69,0.511,0.589,-0.286,0.686,0.74,0.632,0.056,0.04,0.449,0.663,0.73,0.237,0.49,0.374,0.084,0.639,0.636,0.294,0.467,0.472,0.668,0.638,0.201,0.823,0.659,0.588,0.165,0.54,0.347,0.517,0.718,0.835,0.461,-0.546,0.508,0.583,0.717,0.608,0.343,0.0,0.766,-0.542,0.589,0.396,-0.02,-0.079,0.479,0.115,0.655,0.612,0.711,0.621,0.67,0.672,0.241,0.386,0.884,0.745,-0.27,0.343,-0.503,0.717,0.591,0.551,0.426,0.78,0.381,0.72,0.396,0.394,0.223,0.79,0.729,-0.209,0.549,0.136,0.533,0.587,0.289,0.182,0.426,0.424,0.527,0.63,0.617,0.468,-0.025,0.7,0.288,0.526,0.636,0.493,0.422,0.677,0.542,0.341,0.652,-0.051,0.691,0.535,0.533,0.522,0.019,-0.078,-0.374,0.457,0.523,0.575,0.756,0.451,0.652,0.7,0.473,-0.094,-0.101,0.749,0.674
NXST,0.796,-0.483,-0.776,-0.173,0.837,0.672,-0.197,-0.818,0.688,0.877,0.785,0.583,0.028,0.399,-0.483,-0.789,0.78,0.153,0.888,0.315,0.75,0.38,0.69,-0.06,0.359,0.023,0.171,0.513,-0.21,0.833,0.851,0.793,-0.57,0.073,0.769,0.537,0.958,0.899,0.926,-0.109,0.799,-0.74,0.79,-0.643,0.642,-0.511,0.922,-0.328,-0.319,-0.35,-0.369,0.414,-0.165,-0.559,-0.442,0.733,0.883,0.805,0.896,0.721,0.145,0.677,0.725,0.712,-0.098,0.484,0.668,0.72,-0.215,0.587,0.548,-0.074,0.882,0.547,0.201,0.81,0.376,0.648,0.584,0.64,0.758,0.781,0.692,0.447,0.831,-0.527,0.808,0.767,0.663,-0.112,-0.087,0.654,0.673,0.769,-0.158,0.688,0.545,0.099,0.67,0.49,0.398,0.787,0.162,0.755,0.881,0.402,0.911,0.869,0.738,0.266,0.84,0.625,0.842,0.806,0.596,0.395,-0.58,0.672,0.359,0.934,0.791,0.386,0.766,0.0,-0.847,0.835,0.258,0.233,0.323,0.571,0.232,0.872,0.816,0.94,0.765,0.823,0.511,0.432,0.394,0.798,0.714,-0.378,0.287,-0.795,0.852,0.807,0.762,0.707,0.933,0.431,0.861,0.116,0.074,0.43,0.898,0.89,-0.614,0.86,0.288,0.486,0.66,0.551,0.368,0.679,0.485,0.591,0.695,0.736,0.709,-0.063,0.736,0.007,0.498,0.919,0.394,0.627,0.826,0.764,0.573,0.891,-0.245,0.606,0.4,0.287,0.379,-0.324,0.153,-0.662,0.596,0.439,0.818,0.897,0.788,0.656,0.909,0.324,-0.266,-0.428,0.874,0.866
OCX,-0.756,0.547,0.743,0.396,-0.668,-0.504,0.231,0.818,-0.6,-0.703,-0.7,-0.294,-0.196,-0.201,0.58,0.75,-0.796,0.188,-0.718,-0.493,-0.652,-0.147,-0.705,-0.082,-0.118,0.189,-0.28,-0.392,0.308,-0.621,-0.749,-0.697,0.618,-0.126,-0.548,-0.418,-0.829,-0.823,-0.809,0.07,-0.722,0.745,-0.766,0.648,-0.686,0.584,-0.833,0.24,0.419,0.394,0.352,-0.508,0.004,0.531,0.333,-0.735,-0.848,-0.762,-0.797,-0.498,0.091,-0.665,-0.711,-0.597,0.223,-0.586,-0.524,-0.675,0.39,-0.388,-0.56,0.224,-0.833,-0.25,-0.221,-0.689,-0.499,-0.678,-0.353,-0.519,-0.733,-0.746,-0.501,-0.195,-0.773,0.68,-0.688,-0.661,-0.45,0.289,0.251,-0.689,-0.466,-0.576,0.338,-0.632,-0.63,-0.014,-0.534,-0.278,-0.335,-0.808,-0.145,-0.62,-0.795,-0.294,-0.709,-0.757,-0.602,-0.353,-0.784,-0.657,-0.78,-0.61,-0.369,-0.263,0.506,-0.606,-0.054,-0.821,-0.756,-0.225,-0.542,-0.847,0.0,-0.775,-0.001,-0.19,-0.396,-0.506,-0.298,-0.787,-0.67,-0.793,-0.639,-0.721,-0.316,-0.471,-0.167,-0.638,-0.546,0.423,-0.152,0.777,-0.677,-0.793,-0.679,-0.665,-0.762,-0.274,-0.742,0.119,0.069,-0.4,-0.742,-0.784,0.751,-0.792,-0.283,-0.173,-0.598,-0.614,-0.27,-0.697,-0.244,-0.507,-0.582,-0.533,-0.603,0.163,-0.587,0.178,-0.354,-0.847,-0.276,-0.664,-0.721,-0.754,-0.564,-0.779,0.443,-0.371,-0.156,-0.079,-0.126,0.499,-0.351,0.755,-0.609,-0.154,-0.8,-0.78,-0.79,-0.429,-0.793,-0.092,0.367,0.584,-0.726,-0.813
ODFL,0.885,-0.767,-0.564,-0.524,0.811,0.382,0.106,-0.868,0.649,0.722,0.855,0.357,0.451,0.069,-0.736,-0.723,0.656,0.078,0.695,0.532,0.724,0.149,0.908,0.125,-0.119,-0.167,0.595,0.453,-0.518,0.623,0.859,0.919,-0.599,0.454,0.809,0.379,0.867,0.877,0.841,0.323,0.905,-0.457,0.959,-0.653,0.832,-0.862,0.938,-0.072,-0.393,-0.395,-0.37,0.722,0.243,-0.697,-0.205,0.928,0.929,0.822,0.91,0.621,-0.021,0.74,0.752,0.735,-0.324,0.695,0.639,0.859,-0.378,0.444,0.85,0.091,0.89,0.291,0.535,0.832,0.508,0.893,0.294,0.853,0.738,0.731,0.601,0.208,0.906,-0.708,0.85,0.808,0.188,-0.293,-0.35,0.85,0.619,0.72,-0.053,0.888,0.679,0.321,0.478,0.284,0.651,0.954,0.115,0.506,0.869,0.437,0.641,0.661,0.701,0.582,0.88,0.8,0.959,0.642,0.386,0.336,-0.448,0.796,0.097,0.925,0.872,0.401,0.589,0.835,-0.775,0.0,0.28,0.198,0.442,0.818,0.127,0.891,0.732,0.729,0.804,0.934,0.179,0.761,0.163,0.522,0.67,-0.409,0.313,-0.547,0.758,0.917,0.625,0.892,0.693,0.33,0.901,-0.218,0.22,0.546,0.748,0.92,-0.566,0.938,0.669,0.09,0.751,0.48,0.09,0.838,0.287,0.759,0.812,0.614,0.845,-0.305,0.76,-0.18,0.615,0.873,0.141,0.747,0.912,0.923,0.552,0.934,-0.154,0.628,0.098,0.071,0.259,-0.494,0.288,-0.831,0.76,0.128,0.893,0.921,0.898,0.535,0.759,-0.091,-0.586,-0.509,0.806,0.922
OMAB,0.395,-0.274,-0.121,0.159,0.332,0.229,-0.214,-0.357,0.551,0.156,0.398,0.112,-0.171,0.442,-0.038,-0.258,0.004,0.378,0.369,0.179,0.547,0.632,0.249,0.158,0.257,-0.101,-0.108,0.17,-0.139,0.246,0.506,0.494,-0.268,0.157,0.57,0.067,0.298,0.46,0.291,-0.13,0.388,0.126,0.318,0.34,0.424,-0.127,0.225,-0.485,-0.41,-0.216,0.393,0.358,-0.227,0.164,-0.514,-0.008,0.298,0.42,0.408,0.143,0.198,0.513,0.458,0.006,-0.164,0.202,0.214,0.216,0.422,-0.044,0.247,0.132,0.343,0.455,-0.149,0.419,-0.08,0.242,0.284,0.41,0.533,0.256,0.08,0.259,-0.02,-0.153,0.595,0.148,0.183,-0.261,-0.235,0.058,0.317,0.606,0.358,0.369,0.23,-0.058,0.35,-0.031,0.184,0.229,0.356,0.248,0.217,-0.087,0.331,0.239,0.107,0.35,0.227,0.46,0.29,0.501,0.283,-0.115,-0.469,0.155,0.025,0.401,0.485,-0.071,0.396,0.258,-0.001,0.28,0.0,-0.051,0.333,0.139,-0.126,0.43,0.5,0.401,0.358,0.378,0.268,-0.057,-0.122,0.174,0.132,-0.461,0.034,-0.077,0.194,0.386,0.152,0.396,0.374,0.426,0.447,0.094,0.089,0.591,0.071,0.229,0.194,0.249,0.229,0.182,0.048,0.144,0.299,0.364,-0.114,0.014,0.409,0.14,0.304,0.098,0.113,-0.279,0.015,0.191,-0.135,0.486,0.525,0.337,0.439,0.283,0.117,0.605,0.185,-0.064,0.108,-0.2,0.182,0.072,0.47,0.13,0.436,0.319,0.278,0.141,0.234,0.174,-0.446,0.247,0.416,0.229
OPCH,0.091,0.055,-0.126,-0.1,0.248,0.039,-0.131,-0.143,0.102,0.351,0.21,0.177,-0.151,-0.239,-0.318,-0.1,0.178,-0.134,-0.049,0.36,0.175,-0.332,0.012,0.435,0.051,-0.023,0.157,-0.084,0.009,0.081,0.038,0.196,-0.441,-0.148,0.213,0.327,0.216,0.245,0.233,0.05,0.305,-0.171,0.122,-0.116,0.338,-0.222,0.162,0.09,0.344,-0.339,-0.142,-0.14,0.049,-0.042,0.163,0.162,0.215,0.253,0.179,0.197,-0.058,0.282,0.303,0.191,0.201,0.372,0.271,0.313,0.038,0.338,0.103,0.015,0.155,-0.028,0.244,-0.017,0.215,0.085,0.185,0.045,-0.028,0.049,0.312,-0.036,0.244,0.037,0.212,0.175,0.199,0.02,-0.055,0.139,-0.125,0.083,-0.339,0.123,0.133,0.361,-0.138,-0.101,0.254,0.233,-0.369,0.266,0.345,0.505,0.176,0.346,0.383,-0.121,0.395,0.304,0.29,-0.064,-0.161,0.009,0.009,0.34,0.077,0.228,0.127,0.412,-0.02,0.233,-0.19,0.198,-0.051,0.0,0.281,0.11,-0.06,0.135,0.192,0.22,0.106,0.257,-0.09,0.239,0.306,-0.038,-0.061,0.132,0.165,-0.231,0.305,0.168,0.083,0.343,0.134,-0.009,-0.012,0.194,-0.19,0.239,0.261,0.09,-0.125,0.308,0.176,-0.036,0.14,0.18,0.434,0.176,0.075,0.144,0.099,0.28,0.272,0.311,-0.029,-0.198,0.205,0.32,-0.038,0.141,0.129,0.135,0.288,0.329,0.201,0.017,0.04,-0.267,0.195,-0.271,0.047,-0.128,0.108,0.148,0.2,0.068,0.228,0.178,0.214,-0.195,-0.109,-0.031,0.041,0.187
OPRA,0.662,-0.628,-0.429,-0.581,0.138,0.133,-0.445,-0.655,0.722,0.095,0.596,-0.328,0.23,-0.141,-0.606,-0.537,0.342,-0.482,0.176,0.532,0.691,-0.086,0.517,0.755,-0.297,-0.749,0.259,-0.041,-0.524,-0.056,0.465,0.549,-0.697,0.486,0.237,-0.067,0.347,0.582,0.305,-0.114,0.499,-0.224,0.488,0.107,0.73,-0.559,0.373,-0.428,-0.562,-0.815,0.282,0.611,0.042,0.098,-0.37,0.357,0.582,0.756,0.395,-0.074,-0.46,0.767,0.769,0.051,-0.429,0.848,0.149,0.331,-0.146,-0.349,0.515,-0.449,0.496,-0.185,0.104,0.413,0.66,0.593,-0.271,0.292,0.61,0.534,-0.106,-0.242,0.208,-0.697,0.488,0.069,-0.045,-0.754,-0.696,0.479,-0.059,0.37,-0.19,0.465,0.645,-0.093,0.011,-0.525,0.322,0.598,-0.129,0.192,0.354,0.111,0.165,0.447,0.093,0.601,0.606,0.779,0.506,0.281,-0.209,-0.514,-0.435,0.274,-0.54,0.44,0.658,-0.078,-0.079,0.323,-0.396,0.442,0.333,0.281,0.0,0.279,-0.071,0.562,0.609,0.405,0.18,0.418,-0.318,0.336,-0.447,-0.058,-0.004,-0.704,-0.413,-0.473,0.105,0.59,0.385,0.688,0.324,-0.055,0.385,-0.486,-0.569,0.721,0.085,0.221,-0.477,0.558,0.346,-0.313,0.213,0.587,0.288,0.639,-0.399,-0.056,0.293,-0.1,0.293,-0.23,-0.04,-0.771,-0.167,0.505,-0.365,0.761,0.501,0.62,0.844,0.427,-0.418,0.027,-0.387,-0.668,-0.433,-0.89,0.537,-0.346,0.642,-0.384,0.626,0.29,0.607,-0.245,0.402,-0.425,-0.539,-0.525,0.348,0.399
ORGO,0.71,-0.718,-0.283,-0.573,0.645,0.195,0.453,-0.577,0.412,0.546,0.649,0.308,0.584,-0.107,-0.662,-0.476,0.346,0.226,0.476,0.407,0.512,0.014,0.804,0.041,-0.337,-0.045,0.733,0.461,-0.627,0.399,0.651,0.805,-0.298,0.622,0.668,0.066,0.624,0.609,0.538,0.607,0.771,-0.164,0.813,-0.57,0.593,-0.775,0.766,0.182,-0.246,-0.171,-0.391,0.664,0.51,-0.694,0.068,0.859,0.707,0.551,0.719,0.576,-0.038,0.502,0.518,0.709,-0.36,0.562,0.533,0.759,-0.356,0.39,0.857,0.266,0.721,0.207,0.729,0.712,0.427,0.835,0.113,0.846,0.442,0.558,0.638,0.144,0.792,-0.546,0.66,0.814,-0.065,-0.192,-0.286,0.759,0.544,0.604,0.021,0.798,0.515,0.547,0.282,0.255,0.678,0.776,0.178,0.326,0.722,0.42,0.386,0.373,0.594,0.578,0.678,0.618,0.71,0.398,0.318,0.374,-0.125,0.729,0.164,0.706,0.669,0.488,0.479,0.571,-0.506,0.818,0.139,0.11,0.279,0.0,-0.014,0.703,0.548,0.418,0.683,0.833,-0.054,0.822,0.147,0.324,0.65,-0.157,0.289,-0.284,0.647,0.736,0.463,0.772,0.417,0.11,0.679,-0.271,0.318,0.396,0.573,0.774,-0.309,0.778,0.677,-0.036,0.804,0.24,-0.234,0.631,0.279,0.82,0.661,0.484,0.733,-0.425,0.734,-0.018,0.788,0.66,0.15,0.546,0.716,0.788,0.289,0.756,0.073,0.476,-0.023,0.126,0.283,-0.318,0.139,-0.709,0.625,0.044,0.673,0.738,0.675,0.474,0.592,-0.26,-0.468,-0.411,0.61,0.783
OTRK,0.06,-0.016,-0.365,0.121,0.234,-0.035,-0.18,-0.229,-0.039,0.193,-0.035,0.157,-0.162,0.185,0.077,-0.29,0.246,-0.081,0.173,-0.13,-0.067,0.05,0.021,-0.197,0.103,0.024,-0.16,0.158,0.251,0.366,0.179,0.008,-0.027,-0.202,0.059,0.106,0.107,0.096,0.209,-0.194,0.043,-0.414,0.073,-0.302,0.025,-0.014,0.153,-0.163,-0.114,0.093,-0.156,0.015,-0.185,-0.197,-0.176,0.156,0.102,0.016,0.128,0.137,0.362,-0.007,-0.02,0.205,-0.156,-0.077,0.019,0.136,-0.159,0.164,0.02,-0.113,0.202,0.159,-0.314,0.046,-0.079,0.026,0.261,0.084,0.124,-0.011,0.077,0.105,0.243,-0.114,0.09,0.212,0.226,0.155,0.011,0.188,0.182,0.007,-0.151,0.075,-0.072,-0.143,0.366,0.155,-0.131,0.096,0.018,0.022,0.163,-0.277,0.288,0.197,0.051,-0.151,0.089,-0.076,0.118,0.158,0.135,0.132,-0.196,-0.148,-0.044,0.189,0.034,-0.246,0.115,0.232,-0.298,0.127,-0.126,-0.06,-0.071,-0.014,0.0,0.048,0.07,0.2,0.395,0.082,0.187,-0.215,0.27,0.313,0.051,0.064,0.033,-0.269,0.058,0.06,0.149,-0.077,0.19,0.231,0.194,-0.053,0.025,0.011,0.177,0.198,-0.443,0.106,-0.144,0.137,-0.094,0.247,-0.042,-0.009,0.221,0.143,-0.046,0.175,0.111,0.026,0.088,-0.014,0.001,0.147,0.085,-0.038,0.012,-0.013,-0.025,0.032,-0.31,0.049,0.052,0.168,-0.098,0.046,0.041,-0.273,0.05,0.175,0.12,0.219,0.145,0.183,0.162,0.316,-0.004,-0.103,0.019,0.138
OZK,0.952,-0.761,-0.656,-0.386,0.766,0.525,-0.147,-0.896,0.848,0.688,0.9,0.341,0.243,0.309,-0.606,-0.803,0.71,0.108,0.798,0.518,0.887,0.377,0.859,0.163,0.051,-0.227,0.388,0.504,-0.505,0.637,0.932,0.934,-0.644,0.377,0.812,0.285,0.898,0.944,0.836,0.047,0.878,-0.5,0.9,-0.443,0.808,-0.687,0.908,-0.401,-0.537,-0.506,-0.167,0.73,0.037,-0.481,-0.541,0.761,0.948,0.918,0.925,0.571,-0.041,0.856,0.868,0.583,-0.395,0.707,0.551,0.777,-0.19,0.342,0.747,-0.091,0.957,0.404,0.324,0.906,0.496,0.862,0.351,0.804,0.899,0.83,0.557,0.275,0.759,-0.725,0.918,0.714,0.362,-0.407,-0.376,0.752,0.655,0.857,-0.071,0.882,0.71,0.079,0.596,0.246,0.521,0.909,0.28,0.61,0.817,0.3,0.726,0.742,0.631,0.577,0.855,0.841,0.883,0.84,0.488,0.223,-0.6,0.682,0.073,0.938,0.943,0.261,0.655,0.872,-0.787,0.891,0.43,0.135,0.562,0.703,0.048,0.0,0.9,0.877,0.756,0.905,0.305,0.568,0.08,0.581,0.669,-0.562,0.139,-0.671,0.749,0.95,0.685,0.868,0.845,0.391,0.92,-0.189,0.018,0.651,0.705,0.873,-0.574,0.901,0.503,0.234,0.71,0.565,0.206,0.852,0.204,0.567,0.795,0.554,0.781,-0.274,0.712,-0.251,0.457,0.888,0.22,0.847,0.948,0.945,0.699,0.904,-0.302,0.66,0.196,0.056,0.21,-0.561,0.36,-0.68,0.779,0.153,0.948,0.887,0.903,0.468,0.848,0.061,-0.532,-0.5,0.927,0.895
PAGP,0.884,-0.642,-0.709,-0.226,0.676,0.533,-0.281,-0.81,0.876,0.612,0.802,0.37,0.039,0.415,-0.474,-0.802,0.572,0.126,0.754,0.335,0.883,0.459,0.695,0.223,0.188,-0.222,0.136,0.43,-0.422,0.578,0.878,0.846,-0.56,0.287,0.738,0.163,0.802,0.881,0.721,-0.144,0.798,-0.486,0.745,-0.231,0.689,-0.505,0.788,-0.527,-0.504,-0.529,-0.055,0.579,-0.163,-0.271,-0.58,0.584,0.831,0.86,0.813,0.562,0.04,0.825,0.851,0.504,-0.357,0.65,0.539,0.631,-0.105,0.246,0.624,-0.165,0.865,0.496,0.128,0.838,0.443,0.729,0.36,0.684,0.846,0.795,0.519,0.309,0.594,-0.607,0.878,0.62,0.482,-0.368,-0.33,0.617,0.574,0.858,-0.034,0.739,0.61,0.036,0.565,0.173,0.427,0.747,0.241,0.618,0.718,0.219,0.74,0.788,0.522,0.431,0.787,0.765,0.744,0.81,0.422,0.058,-0.645,0.52,0.1,0.86,0.862,0.209,0.612,0.816,-0.67,0.732,0.5,0.192,0.609,0.548,0.07,0.9,0.0,0.869,0.683,0.809,0.281,0.366,0.106,0.547,0.536,-0.574,-0.004,-0.699,0.693,0.831,0.666,0.781,0.841,0.283,0.82,-0.082,-0.157,0.728,0.638,0.733,-0.488,0.815,0.308,0.318,0.573,0.541,0.276,0.711,0.191,0.402,0.662,0.441,0.655,-0.229,0.541,-0.264,0.34,0.835,0.172,0.777,0.842,0.802,0.739,0.794,-0.256,0.572,0.196,0.024,0.118,-0.525,0.251,-0.501,0.702,0.205,0.841,0.793,0.746,0.414,0.834,0.148,-0.4,-0.434,0.826,0.752
PCH,0.779,-0.437,-0.747,-0.034,0.808,0.666,-0.387,-0.804,0.758,0.816,0.755,0.516,-0.149,0.534,-0.364,-0.767,0.749,0.146,0.859,0.313,0.795,0.509,0.59,0.024,0.419,-0.024,0.027,0.542,-0.155,0.81,0.86,0.765,-0.612,-0.029,0.743,0.487,0.908,0.9,0.882,-0.27,0.766,-0.704,0.704,-0.418,0.636,-0.378,0.818,-0.518,-0.37,-0.43,-0.169,0.393,-0.271,-0.336,-0.636,0.571,0.829,0.824,0.848,0.645,0.147,0.73,0.754,0.564,-0.121,0.469,0.573,0.673,-0.057,0.487,0.444,-0.133,0.863,0.598,0.001,0.778,0.29,0.567,0.64,0.588,0.844,0.731,0.59,0.48,0.676,-0.483,0.835,0.636,0.702,-0.156,-0.111,0.522,0.676,0.81,-0.18,0.656,0.492,-0.048,0.755,0.408,0.269,0.712,0.204,0.73,0.813,0.242,0.902,0.83,0.653,0.223,0.759,0.64,0.772,0.876,0.552,0.293,-0.626,0.548,0.262,0.899,0.792,0.22,0.711,0.94,-0.793,0.729,0.401,0.22,0.405,0.418,0.2,0.877,0.869,0.0,0.735,0.76,0.558,0.252,0.327,0.738,0.63,-0.435,0.199,-0.79,0.781,0.78,0.694,0.673,0.961,0.51,0.831,0.106,-0.053,0.521,0.783,0.805,-0.564,0.77,0.192,0.524,0.528,0.581,0.478,0.654,0.35,0.432,0.655,0.683,0.665,0.042,0.612,-0.131,0.347,0.846,0.347,0.672,0.816,0.717,0.628,0.814,-0.29,0.629,0.437,0.23,0.301,-0.357,0.267,-0.519,0.596,0.448,0.827,0.825,0.765,0.588,0.877,0.415,-0.27,-0.315,0.875,0.792
PEGA,0.679,-0.548,-0.423,-0.062,0.9,0.289,0.121,-0.681,0.51,0.769,0.586,0.615,0.108,0.366,-0.331,-0.627,0.522,0.386,0.652,0.238,0.526,0.412,0.627,-0.065,0.049,0.175,0.368,0.693,-0.247,0.79,0.819,0.795,-0.323,0.153,0.824,0.325,0.757,0.719,0.75,0.257,0.797,-0.381,0.733,-0.51,0.562,-0.549,0.771,-0.141,-0.2,-0.182,-0.339,0.494,0.127,-0.6,-0.322,0.716,0.703,0.589,0.794,0.758,0.413,0.542,0.502,0.754,-0.276,0.344,0.521,0.836,-0.156,0.594,0.598,0.285,0.813,0.541,0.219,0.694,0.059,0.634,0.632,0.86,0.65,0.442,0.702,0.494,0.791,-0.383,0.822,0.834,0.309,0.05,-0.055,0.6,0.841,0.764,-0.008,0.807,0.285,0.31,0.746,0.48,0.462,0.717,0.224,0.426,0.79,0.196,0.682,0.523,0.659,0.272,0.617,0.547,0.757,0.713,0.483,0.539,-0.342,0.56,0.254,0.854,0.661,0.253,0.621,0.765,-0.639,0.804,0.358,0.106,0.18,0.683,0.395,0.756,0.683,0.735,0.0,0.843,0.368,0.412,0.486,0.539,0.646,-0.102,0.473,-0.396,0.77,0.712,0.458,0.662,0.68,0.563,0.84,-0.082,0.359,0.512,0.656,0.887,-0.414,0.739,0.487,0.375,0.534,0.269,0.039,0.591,0.508,0.785,0.713,0.73,0.864,-0.099,0.748,0.009,0.671,0.667,0.272,0.492,0.782,0.67,0.269,0.766,-0.008,0.774,0.339,0.367,0.344,-0.132,0.152,-0.654,0.561,0.426,0.751,0.858,0.718,0.743,0.669,0.298,-0.447,-0.195,0.711,0.772
PENG,0.881,-0.728,-0.529,-0.402,0.836,0.437,0.142,-0.81,0.683,0.745,0.836,0.442,0.347,0.186,-0.658,-0.69,0.546,0.226,0.712,0.463,0.762,0.278,0.852,0.112,-0.036,-0.069,0.506,0.559,-0.504,0.638,0.903,0.945,-0.523,0.434,0.904,0.303,0.858,0.885,0.799,0.292,0.957,-0.366,0.921,-0.523,0.781,-0.755,0.907,-0.111,-0.354,-0.312,-0.268,0.68,0.229,-0.599,-0.24,0.837,0.9,0.801,0.938,0.69,0.064,0.761,0.767,0.72,-0.301,0.667,0.686,0.871,-0.231,0.481,0.836,0.189,0.92,0.461,0.505,0.872,0.442,0.857,0.39,0.901,0.734,0.722,0.698,0.298,0.842,-0.62,0.919,0.861,0.265,-0.242,-0.286,0.797,0.656,0.841,0.014,0.883,0.649,0.388,0.547,0.32,0.674,0.889,0.224,0.563,0.874,0.392,0.693,0.682,0.713,0.523,0.859,0.806,0.883,0.679,0.458,0.349,-0.415,0.761,0.201,0.946,0.874,0.422,0.67,0.823,-0.721,0.934,0.378,0.257,0.418,0.833,0.082,0.905,0.809,0.76,0.843,0.0,0.241,0.7,0.231,0.548,0.687,-0.357,0.328,-0.533,0.816,0.912,0.606,0.905,0.735,0.324,0.893,-0.119,0.209,0.62,0.757,0.91,-0.424,0.909,0.615,0.171,0.767,0.426,0.103,0.776,0.311,0.776,0.811,0.614,0.867,-0.28,0.774,-0.144,0.694,0.869,0.195,0.762,0.928,0.901,0.544,0.926,-0.049,0.703,0.193,0.127,0.33,-0.432,0.247,-0.72,0.78,0.219,0.902,0.905,0.842,0.582,0.808,-0.026,-0.554,-0.379,0.831,0.915
PENN,0.142,0.25,-0.286,0.564,0.494,0.637,-0.215,-0.144,0.165,0.554,0.225,0.589,-0.453,0.707,0.276,-0.157,0.428,0.491,0.653,-0.146,0.241,0.655,0.031,-0.59,0.78,0.533,-0.324,0.428,0.5,0.723,0.36,0.184,-0.017,-0.465,0.442,0.615,0.507,0.329,0.566,-0.323,0.221,-0.44,0.173,-0.28,-0.022,0.265,0.339,-0.202,0.035,0.281,-0.07,-0.209,-0.401,-0.084,-0.401,0.033,0.229,0.187,0.414,0.532,0.384,0.053,0.103,0.238,0.411,-0.285,0.412,0.206,0.331,0.587,-0.152,0.238,0.319,0.642,-0.204,0.37,-0.186,-0.086,0.777,0.153,0.31,0.247,0.461,0.717,0.25,0.157,0.291,0.329,0.73,0.398,0.432,-0.002,0.532,0.393,0.097,0.087,0.061,-0.131,0.706,0.74,-0.156,0.061,0.328,0.533,0.336,0.128,0.674,0.386,0.511,-0.258,0.09,-0.09,0.194,0.579,0.639,0.515,-0.248,0.23,0.609,0.387,0.184,0.206,0.672,0.511,-0.316,0.179,0.268,-0.09,-0.318,-0.054,0.187,0.305,0.281,0.558,0.368,0.241,0.0,-0.178,0.533,0.721,0.548,0.041,0.487,-0.333,0.487,0.157,0.275,-0.003,0.627,0.66,0.398,0.617,0.37,-0.159,0.553,0.419,-0.037,0.113,-0.179,0.709,0.212,0.11,0.442,0.085,0.447,0.217,0.334,0.62,0.195,0.365,0.474,0.435,0.226,0.275,0.567,0.055,0.282,0.098,0.009,0.312,0.031,0.553,0.864,0.682,0.564,0.373,-0.125,0.07,0.046,0.782,0.206,0.407,0.134,0.606,0.375,0.825,0.241,0.239,0.519,0.327
PFBC,0.616,-0.679,-0.169,-0.727,0.46,0.156,0.463,-0.507,0.328,0.4,0.647,0.11,0.739,-0.392,-0.778,-0.341,0.368,-0.04,0.288,0.54,0.445,-0.248,0.778,0.202,-0.465,-0.174,0.841,0.203,-0.611,0.177,0.456,0.657,-0.391,0.647,0.503,0.192,0.536,0.502,0.495,0.669,0.679,-0.099,0.746,-0.601,0.613,-0.838,0.674,0.38,-0.131,-0.253,-0.394,0.59,0.61,-0.661,0.29,0.829,0.662,0.525,0.581,0.401,-0.252,0.457,0.486,0.557,-0.211,0.645,0.492,0.657,-0.474,0.291,0.795,0.225,0.551,-0.116,0.881,0.559,0.583,0.782,-0.124,0.664,0.315,0.525,0.472,-0.058,0.738,-0.57,0.472,0.592,-0.222,-0.275,-0.321,0.779,0.27,0.351,-0.046,0.683,0.623,0.55,-0.016,0.098,0.729,0.764,-0.1,0.25,0.57,0.61,0.168,0.305,0.576,0.576,0.655,0.606,0.679,0.175,0.079,0.254,-0.02,0.804,0.017,0.558,0.561,0.583,0.241,0.432,-0.471,0.761,-0.057,0.239,0.336,0.822,-0.215,0.568,0.366,0.252,0.412,0.7,-0.178,0.0,0.001,0.125,0.493,-0.184,0.286,-0.196,0.515,0.648,0.362,0.743,0.242,-0.022,0.529,-0.302,0.27,0.264,0.502,0.617,-0.312,0.725,0.767,-0.261,0.725,0.139,-0.175,0.612,0.13,0.703,0.589,0.351,0.616,-0.455,0.609,-0.086,0.627,0.608,0.021,0.505,0.591,0.734,0.3,0.719,0.041,0.306,-0.148,-0.094,0.209,-0.424,0.137,-0.683,0.525,-0.138,0.561,0.575,0.645,0.267,0.429,-0.503,-0.497,-0.526,0.454,0.669
PGNY,-0.086,0.296,-0.023,0.524,0.539,0.235,0.201,0.081,-0.122,0.642,-0.032,0.879,-0.383,0.299,0.177,-0.023,0.28,0.502,0.269,-0.255,-0.081,0.233,-0.129,-0.37,0.434,0.801,-0.031,0.47,0.396,0.647,0.123,0.096,0.166,-0.502,0.361,0.51,0.353,0.094,0.38,0.143,0.197,-0.23,0.015,-0.424,-0.182,0.143,0.247,0.217,0.614,0.202,-0.525,-0.444,-0.088,-0.378,0.072,0.17,0.052,-0.044,0.197,0.742,0.689,-0.182,-0.177,0.525,0.407,-0.317,0.276,0.345,0.108,0.876,-0.165,0.48,0.149,0.463,0.068,0.037,-0.407,-0.148,0.781,0.211,-0.121,-0.097,0.748,0.691,0.431,0.415,0.153,0.474,0.508,0.718,0.663,-0.036,0.538,0.225,-0.073,0.103,-0.357,0.415,0.421,0.744,0.121,0.024,-0.111,0.359,0.357,0.423,0.423,0.205,0.609,-0.534,0.078,-0.229,0.157,0.283,0.415,0.73,0.156,0.308,0.692,0.259,-0.125,0.48,0.386,0.394,-0.167,0.163,-0.122,0.306,-0.447,0.147,0.27,0.08,0.106,0.327,0.486,0.231,0.533,0.001,0.0,0.377,0.398,0.58,0.745,-0.056,0.581,-0.044,0.04,-0.023,0.318,0.422,0.162,0.528,0.456,-0.165,0.521,0.389,0.015,0.172,0.043,0.683,0.143,-0.261,0.149,-0.122,0.85,0.493,0.218,0.759,0.423,0.352,0.477,0.605,0.581,0.192,0.478,-0.336,0.08,-0.086,-0.32,0.301,0.405,0.45,0.7,0.693,0.629,0.556,-0.416,-0.12,-0.268,0.82,-0.017,0.284,0.035,0.817,0.244,0.635,0.292,0.184,0.177,0.181
PHAT,0.519,-0.168,-0.721,0.086,0.627,0.757,-0.17,-0.544,0.4,0.695,0.515,0.535,-0.128,0.575,-0.162,-0.571,0.529,0.275,0.901,0.02,0.503,0.515,0.429,-0.513,0.617,0.214,-0.183,0.432,0.091,0.761,0.648,0.487,-0.243,-0.104,0.581,0.474,0.738,0.635,0.714,-0.319,0.491,-0.706,0.546,-0.578,0.251,-0.12,0.706,-0.299,-0.321,0.14,-0.276,0.168,-0.326,-0.431,-0.373,0.449,0.595,0.455,0.721,0.59,0.188,0.359,0.44,0.534,0.075,0.073,0.617,0.391,-0.08,0.529,0.293,-0.035,0.657,0.72,-0.021,0.692,0.205,0.334,0.586,0.38,0.544,0.665,0.572,0.487,0.588,-0.298,0.541,0.651,0.77,0.095,0.088,0.431,0.563,0.565,0.029,0.324,0.377,-0.089,0.687,0.625,0.098,0.411,0.38,0.701,0.653,0.12,0.894,0.728,0.542,0.058,0.524,0.242,0.485,0.662,0.736,0.409,-0.504,0.392,0.539,0.682,0.549,0.238,0.884,0.798,-0.638,0.522,0.174,-0.038,-0.058,0.324,0.313,0.581,0.547,0.738,0.539,0.548,0.721,0.125,0.377,0.0,0.706,-0.275,0.223,-0.703,0.637,0.512,0.69,0.319,0.835,0.361,0.655,0.393,0.202,0.064,0.821,0.682,-0.405,0.496,-0.092,0.545,0.539,0.474,0.299,0.358,0.414,0.417,0.479,0.594,0.328,0.026,0.612,0.278,0.374,0.674,0.53,0.373,0.557,0.456,0.323,0.573,-0.242,0.465,0.518,0.527,0.419,0.0,-0.044,-0.378,0.402,0.545,0.527,0.724,0.432,0.587,0.759,0.551,0.081,-0.168,0.708,0.658
PHUN,0.586,-0.357,-0.395,-0.094,0.698,0.6,0.225,-0.483,0.364,0.74,0.625,0.524,0.162,0.316,-0.282,-0.414,0.501,0.412,0.762,0.15,0.502,0.384,0.597,-0.399,0.209,0.282,0.294,0.626,-0.144,0.717,0.647,0.645,-0.205,0.215,0.693,0.41,0.754,0.599,0.707,0.214,0.637,-0.417,0.67,-0.617,0.342,-0.358,0.768,0.018,-0.114,0.051,-0.318,0.332,0.067,-0.556,-0.181,0.656,0.645,0.493,0.745,0.697,0.129,0.326,0.392,0.682,-0.009,0.186,0.64,0.625,-0.059,0.594,0.516,0.329,0.687,0.544,0.388,0.747,0.249,0.536,0.506,0.659,0.484,0.577,0.677,0.546,0.723,-0.326,0.555,0.745,0.391,0.11,0.09,0.555,0.727,0.647,0.095,0.576,0.388,0.25,0.63,0.675,0.388,0.569,0.338,0.557,0.698,0.385,0.694,0.499,0.722,0.271,0.545,0.317,0.592,0.629,0.656,0.581,-0.245,0.617,0.555,0.697,0.557,0.476,0.745,0.714,-0.546,0.67,0.132,-0.061,-0.004,0.65,0.051,0.669,0.536,0.63,0.646,0.687,0.548,0.493,0.398,0.706,0.0,-0.108,0.447,-0.44,0.749,0.583,0.533,0.502,0.675,0.391,0.718,0.184,0.44,0.052,0.795,0.822,-0.275,0.596,0.36,0.437,0.723,0.266,0.098,0.464,0.453,0.714,0.648,0.696,0.587,-0.087,0.855,0.322,0.672,0.642,0.565,0.391,0.643,0.616,0.216,0.715,-0.02,0.598,0.485,0.526,0.514,0.024,0.029,-0.45,0.469,0.506,0.579,0.774,0.559,0.682,0.65,0.334,-0.076,-0.181,0.772,0.759
PINC,-0.672,0.593,0.605,0.473,-0.068,-0.357,0.464,0.687,-0.776,-0.015,-0.623,0.308,-0.223,-0.185,0.477,0.645,-0.304,0.329,-0.474,-0.39,-0.745,-0.269,-0.577,-0.358,-0.036,0.687,0.056,0.144,0.454,-0.012,-0.552,-0.503,0.56,-0.446,-0.299,0.061,-0.392,-0.616,-0.334,0.372,-0.365,0.295,-0.524,-0.066,-0.59,0.407,-0.436,0.62,0.855,0.521,-0.253,-0.648,0.264,0.004,0.494,-0.261,-0.576,-0.692,-0.474,0.126,0.377,-0.716,-0.741,0.024,0.446,-0.597,-0.181,-0.103,0.128,0.415,-0.458,0.508,-0.491,-0.065,0.077,-0.565,-0.579,-0.553,0.263,-0.251,-0.717,-0.726,0.174,0.176,-0.133,0.762,-0.499,-0.089,-0.141,0.833,0.651,-0.469,-0.013,-0.43,-0.152,-0.349,-0.71,0.403,-0.108,0.328,-0.223,-0.5,-0.227,-0.352,-0.249,0.096,-0.302,-0.548,0.043,-0.623,-0.521,-0.676,-0.417,-0.422,-0.111,0.502,0.741,-0.184,0.345,-0.44,-0.715,0.17,-0.27,-0.378,0.423,-0.409,-0.461,0.132,-0.704,-0.157,0.064,-0.562,-0.574,-0.435,-0.102,-0.357,0.041,-0.184,0.58,-0.275,-0.108,0.0,0.461,0.516,-0.075,-0.601,-0.457,-0.505,-0.468,0.078,-0.494,0.255,0.378,-0.57,-0.183,-0.25,0.402,-0.456,-0.16,0.162,-0.188,-0.566,-0.221,-0.574,0.407,0.15,-0.327,0.189,-0.102,0.322,-0.043,0.574,0.305,-0.477,0.243,-0.758,-0.548,-0.598,-0.826,-0.369,0.538,-0.14,0.269,0.437,0.354,0.731,-0.382,0.302,-0.633,0.385,-0.584,-0.379,-0.474,0.245,-0.435,0.192,0.456,0.507,-0.443,-0.37
PLUG,-0.002,0.142,0.247,0.295,0.543,0.162,0.41,0.061,-0.096,0.565,0.103,0.699,-0.044,0.205,-0.0,0.132,0.285,0.535,0.223,0.059,-0.034,0.225,0.05,-0.3,0.195,0.757,0.328,0.465,0.192,0.513,0.18,0.248,0.111,-0.284,0.48,0.56,0.377,0.137,0.404,0.506,0.318,0.008,0.216,-0.43,0.005,-0.077,0.284,0.481,0.488,0.237,-0.468,-0.209,0.259,-0.422,0.212,0.281,0.102,0.037,0.276,0.707,0.515,-0.091,-0.118,0.515,0.441,-0.195,0.314,0.475,0.129,0.788,0.023,0.715,0.167,0.285,0.386,0.114,-0.352,0.009,0.634,0.362,-0.06,-0.085,0.679,0.644,0.451,0.294,0.207,0.497,0.175,0.54,0.5,0.046,0.553,0.226,0.121,0.239,-0.155,0.573,0.367,0.67,0.238,0.154,0.007,0.302,0.391,0.538,0.242,0.001,0.688,-0.219,0.048,-0.053,0.256,0.218,0.351,0.743,0.299,0.572,0.574,0.28,0.001,0.549,0.343,0.287,-0.152,0.313,0.034,0.165,-0.413,0.289,0.033,0.139,-0.004,0.199,0.473,0.328,0.487,0.286,0.745,0.223,0.447,0.461,0.0,0.218,0.566,0.082,-0.083,0.142,0.205,0.562,0.231,0.414,0.704,-0.152,0.454,0.458,0.186,0.185,0.392,0.393,0.275,-0.317,0.062,0.031,0.625,0.609,0.432,0.775,0.542,0.275,0.573,0.479,0.688,0.117,0.328,-0.167,0.253,0.071,-0.327,0.375,0.594,0.599,0.63,0.588,0.695,0.472,-0.204,-0.15,-0.114,0.647,0.068,0.341,0.11,0.797,0.102,0.405,0.055,0.197,0.241,0.276
PLXS,-0.671,0.351,0.896,0.265,-0.467,-0.647,0.495,0.745,-0.599,-0.589,-0.621,-0.178,0.033,-0.273,0.424,0.729,-0.631,0.232,-0.717,-0.246,-0.648,-0.163,-0.516,-0.041,-0.346,0.31,0.107,-0.257,0.128,-0.538,-0.632,-0.515,0.61,-0.083,-0.375,-0.364,-0.719,-0.743,-0.689,0.484,-0.551,0.831,-0.556,0.45,-0.54,0.325,-0.679,0.476,0.47,0.385,0.088,-0.333,0.294,0.217,0.473,-0.492,-0.74,-0.709,-0.658,-0.323,0.205,-0.618,-0.7,-0.376,0.097,-0.516,-0.512,-0.414,0.238,-0.206,-0.38,0.456,-0.711,-0.351,0.057,-0.64,-0.587,-0.477,-0.279,-0.251,-0.676,-0.757,-0.308,-0.145,-0.531,0.584,-0.545,-0.427,-0.661,0.317,0.257,-0.53,-0.249,-0.499,0.422,-0.362,-0.598,0.224,-0.475,-0.16,-0.124,-0.588,-0.091,-0.628,-0.666,-0.137,-0.789,-0.838,-0.4,-0.248,-0.727,-0.531,-0.606,-0.557,-0.317,-0.0,0.599,-0.331,-0.098,-0.7,-0.676,-0.106,-0.503,-0.795,0.777,-0.547,-0.077,-0.231,-0.473,-0.284,-0.269,-0.671,-0.699,-0.79,-0.396,-0.533,-0.333,-0.196,-0.056,-0.703,-0.44,0.516,0.218,0.0,-0.505,-0.649,-0.8,-0.522,-0.802,-0.083,-0.6,-0.01,0.399,-0.333,-0.665,-0.55,0.721,-0.647,0.105,-0.267,-0.477,-0.763,-0.484,-0.54,-0.127,-0.177,-0.305,-0.341,-0.297,0.04,-0.352,0.199,-0.08,-0.814,-0.252,-0.621,-0.545,-0.593,-0.672,-0.605,0.563,-0.124,-0.13,-0.003,-0.018,0.52,-0.251,0.498,-0.549,-0.18,-0.677,-0.608,-0.633,-0.209,-0.818,-0.172,0.121,0.472,-0.655,-0.662
PYPL,0.645,-0.347,-0.462,-0.062,0.851,0.56,0.143,-0.561,0.516,0.908,0.671,0.735,0.046,0.321,-0.385,-0.543,0.618,0.396,0.754,0.245,0.587,0.387,0.573,-0.116,0.3,0.334,0.317,0.58,-0.198,0.792,0.72,0.747,-0.31,0.052,0.803,0.519,0.885,0.736,0.815,0.2,0.783,-0.454,0.704,-0.603,0.491,-0.44,0.839,-0.011,-0.019,-0.185,-0.461,0.25,0.038,-0.575,-0.191,0.706,0.725,0.624,0.802,0.887,0.277,0.478,0.511,0.789,0.038,0.356,0.707,0.752,-0.101,0.765,0.495,0.271,0.76,0.533,0.426,0.698,0.191,0.55,0.676,0.687,0.512,0.597,0.863,0.582,0.807,-0.265,0.735,0.84,0.557,0.106,0.175,0.533,0.744,0.755,-0.054,0.653,0.347,0.426,0.605,0.642,0.488,0.671,0.192,0.743,0.834,0.582,0.77,0.693,0.864,0.117,0.687,0.484,0.725,0.69,0.58,0.59,-0.264,0.771,0.577,0.837,0.61,0.651,0.717,0.852,-0.677,0.758,0.194,0.305,0.105,0.647,0.058,0.749,0.693,0.781,0.77,0.816,0.487,0.515,0.581,0.637,0.749,-0.075,0.566,-0.505,0.0,0.681,0.562,0.659,0.774,0.482,0.727,0.28,0.313,0.286,0.855,0.879,-0.298,0.773,0.418,0.553,0.706,0.23,0.263,0.531,0.631,0.768,0.707,0.831,0.791,-0.007,0.835,0.23,0.755,0.776,0.473,0.425,0.748,0.647,0.292,0.865,0.174,0.686,0.51,0.45,0.603,-0.056,0.017,-0.522,0.424,0.596,0.663,0.82,0.615,0.829,0.775,0.318,-0.185,-0.242,0.789,0.798
QLYS,0.954,-0.825,-0.648,-0.546,0.713,0.443,-0.082,-0.927,0.79,0.622,0.89,0.214,0.393,0.172,-0.733,-0.777,0.639,-0.017,0.726,0.615,0.849,0.233,0.9,0.229,-0.083,-0.343,0.462,0.416,-0.585,0.515,0.908,0.933,-0.683,0.484,0.771,0.249,0.835,0.935,0.78,0.114,0.885,-0.458,0.941,-0.453,0.875,-0.79,0.893,-0.301,-0.597,-0.466,-0.173,0.814,0.155,-0.5,-0.407,0.803,0.955,0.905,0.926,0.47,-0.151,0.876,0.89,0.565,-0.44,0.79,0.561,0.775,-0.291,0.258,0.845,-0.106,0.931,0.305,0.403,0.878,0.585,0.899,0.217,0.8,0.865,0.821,0.473,0.104,0.758,-0.807,0.896,0.715,0.235,-0.505,-0.506,0.808,0.527,0.779,-0.063,0.869,0.779,0.125,0.494,0.121,0.557,0.938,0.275,0.538,0.817,0.265,0.651,0.709,0.575,0.678,0.883,0.905,0.892,0.709,0.386,0.135,-0.582,0.68,-0.028,0.914,0.964,0.221,0.591,0.807,-0.793,0.917,0.386,0.168,0.59,0.736,0.06,0.95,0.831,0.78,0.712,0.912,0.157,0.648,-0.044,0.512,0.583,-0.601,0.082,-0.649,0.681,0.0,0.666,0.909,0.741,0.274,0.89,-0.28,-0.001,0.68,0.66,0.84,-0.579,0.898,0.547,0.037,0.719,0.617,0.15,0.869,0.078,0.566,0.749,0.452,0.749,-0.322,0.641,-0.334,0.444,0.873,0.099,0.895,0.933,0.967,0.712,0.879,-0.299,0.573,0.022,-0.069,0.138,-0.661,0.408,-0.743,0.846,-0.008,0.964,0.864,0.909,0.358,0.799,-0.126,-0.626,-0.547,0.849,0.903
QNCX,0.692,-0.45,-0.736,-0.323,0.503,0.621,-0.188,-0.677,0.576,0.575,0.629,0.235,0.143,0.234,-0.457,-0.673,0.483,-0.003,0.715,0.231,0.617,0.21,0.596,-0.063,0.229,-0.194,0.081,0.327,-0.28,0.498,0.636,0.59,-0.441,0.272,0.463,0.278,0.722,0.693,0.674,-0.194,0.607,-0.656,0.627,-0.499,0.497,-0.406,0.719,-0.306,-0.471,-0.263,-0.182,0.409,-0.068,-0.306,-0.339,0.583,0.728,0.654,0.668,0.434,-0.162,0.556,0.622,0.475,-0.108,0.47,0.561,0.465,-0.247,0.237,0.487,-0.333,0.7,0.393,0.18,0.678,0.529,0.573,0.209,0.375,0.614,0.744,0.397,0.144,0.595,-0.534,0.563,0.53,0.536,-0.258,-0.21,0.553,0.345,0.532,-0.211,0.44,0.577,-0.053,0.44,0.224,0.237,0.607,0.21,0.604,0.671,0.206,0.724,0.717,0.469,0.355,0.708,0.52,0.62,0.553,0.401,0.165,-0.435,0.451,0.202,0.704,0.676,0.236,0.551,0.762,-0.679,0.625,0.152,0.083,0.385,0.463,0.149,0.685,0.666,0.694,0.458,0.606,0.275,0.362,0.04,0.69,0.533,-0.457,-0.083,-0.8,0.562,0.666,0.0,0.572,0.733,0.166,0.632,-0.014,-0.178,0.278,0.664,0.617,-0.579,0.672,0.063,0.232,0.662,0.64,0.288,0.566,0.179,0.337,0.428,0.398,0.37,-0.198,0.482,-0.087,0.286,0.794,0.277,0.584,0.6,0.626,0.535,0.628,-0.326,0.207,0.094,0.102,0.161,-0.413,0.154,-0.485,0.558,0.158,0.647,0.677,0.63,0.299,0.799,0.069,-0.219,-0.411,0.692,0.682
QQQX,0.899,-0.782,-0.483,-0.601,0.68,0.332,0.003,-0.832,0.737,0.603,0.861,0.165,0.413,-0.016,-0.799,-0.652,0.533,-0.035,0.549,0.622,0.814,0.087,0.843,0.414,-0.207,-0.338,0.575,0.37,-0.621,0.408,0.82,0.928,-0.688,0.556,0.758,0.246,0.77,0.875,0.704,0.285,0.928,-0.322,0.901,-0.367,0.904,-0.833,0.818,-0.131,-0.428,-0.558,-0.124,0.74,0.279,-0.438,-0.205,0.801,0.891,0.884,0.844,0.483,-0.192,0.852,0.846,0.581,-0.351,0.85,0.597,0.814,-0.254,0.238,0.855,0.029,0.842,0.2,0.525,0.779,0.6,0.884,0.153,0.782,0.739,0.718,0.483,0.106,0.722,-0.726,0.859,0.67,0.103,-0.468,-0.482,0.776,0.43,0.734,-0.071,0.834,0.751,0.371,0.345,0.012,0.665,0.915,0.065,0.475,0.812,0.429,0.523,0.626,0.607,0.665,0.881,0.926,0.875,0.532,0.203,0.073,-0.403,0.752,-0.063,0.859,0.899,0.357,0.426,0.707,-0.665,0.892,0.396,0.343,0.688,0.772,-0.077,0.868,0.781,0.673,0.662,0.905,-0.003,0.743,-0.023,0.319,0.502,-0.505,0.142,-0.522,0.659,0.909,0.572,0.0,0.61,0.198,0.782,-0.276,-0.025,0.711,0.586,0.76,-0.447,0.898,0.677,-0.058,0.688,0.514,0.206,0.841,0.048,0.589,0.741,0.438,0.77,-0.275,0.554,-0.423,0.493,0.824,-0.025,0.867,0.89,0.922,0.702,0.87,-0.112,0.512,-0.047,-0.205,0.102,-0.677,0.437,-0.689,0.831,-0.007,0.909,0.769,0.866,0.333,0.709,-0.277,-0.648,-0.467,0.73,0.852
QVCGA,0.763,-0.388,-0.776,-0.014,0.745,0.755,-0.348,-0.757,0.754,0.785,0.747,0.542,-0.13,0.608,-0.326,-0.754,0.718,0.21,0.924,0.22,0.777,0.561,0.583,-0.109,0.51,0.034,-0.041,0.52,-0.127,0.799,0.842,0.728,-0.508,-0.015,0.727,0.484,0.912,0.868,0.867,-0.316,0.718,-0.721,0.688,-0.456,0.537,-0.315,0.823,-0.496,-0.407,-0.309,-0.183,0.352,-0.298,-0.351,-0.598,0.544,0.803,0.784,0.838,0.667,0.135,0.679,0.712,0.56,-0.041,0.392,0.606,0.597,-0.041,0.48,0.41,-0.133,0.845,0.656,0.015,0.81,0.316,0.538,0.601,0.545,0.806,0.787,0.606,0.531,0.657,-0.462,0.781,0.652,0.764,-0.145,-0.05,0.519,0.663,0.784,-0.098,0.575,0.52,-0.073,0.749,0.468,0.241,0.652,0.276,0.793,0.791,0.253,0.924,0.849,0.645,0.208,0.717,0.573,0.717,0.862,0.606,0.29,-0.611,0.55,0.365,0.877,0.776,0.273,0.78,0.933,-0.762,0.693,0.374,0.134,0.324,0.417,0.19,0.845,0.841,0.961,0.68,0.735,0.627,0.242,0.318,0.835,0.675,-0.468,0.205,-0.802,0.774,0.741,0.733,0.61,0.0,0.472,0.813,0.207,-0.016,0.418,0.817,0.792,-0.525,0.732,0.114,0.554,0.563,0.56,0.459,0.607,0.378,0.415,0.645,0.669,0.588,0.01,0.643,-0.018,0.356,0.844,0.392,0.631,0.794,0.686,0.592,0.789,-0.269,0.604,0.486,0.307,0.346,-0.287,0.155,-0.471,0.55,0.477,0.765,0.825,0.683,0.597,0.907,0.468,-0.158,-0.316,0.878,0.776
RAPT,0.222,0.003,-0.064,0.396,0.598,0.271,-0.117,-0.243,0.255,0.511,0.289,0.483,-0.288,0.512,0.168,-0.165,0.462,0.454,0.447,0.099,0.253,0.529,0.133,-0.227,0.369,0.378,0.087,0.499,0.264,0.632,0.402,0.345,-0.116,-0.302,0.48,0.492,0.464,0.338,0.563,0.025,0.324,-0.237,0.267,-0.204,0.211,-0.036,0.336,-0.161,0.007,-0.012,-0.043,0.048,-0.094,-0.104,-0.446,0.183,0.277,0.277,0.39,0.5,0.408,0.191,0.14,0.309,0.162,-0.067,0.245,0.412,0.27,0.497,0.006,0.272,0.367,0.364,-0.075,0.277,-0.266,0.084,0.701,0.363,0.388,0.082,0.369,0.563,0.328,0.092,0.408,0.32,0.367,0.283,0.259,0.05,0.647,0.391,0.065,0.375,-0.006,0.006,0.667,0.489,-0.047,0.255,0.218,0.312,0.375,0.122,0.446,0.208,0.516,-0.064,0.128,0.127,0.367,0.594,0.413,0.507,-0.128,0.322,0.269,0.435,0.25,0.13,0.381,0.431,-0.274,0.33,0.426,-0.009,-0.055,0.11,0.231,0.391,0.283,0.51,0.563,0.324,0.66,-0.022,0.422,0.361,0.391,0.078,0.562,-0.083,0.482,0.274,0.166,0.198,0.472,0.0,0.437,0.243,0.419,0.078,0.329,0.474,-0.094,0.235,0.206,0.492,0.15,0.08,0.297,0.276,0.367,0.352,0.466,0.664,0.462,0.312,0.44,0.155,0.292,0.203,0.344,0.152,0.408,0.213,0.007,0.363,0.161,0.642,0.606,0.433,0.465,0.199,0.097,-0.045,0.147,0.576,0.335,0.434,0.341,0.588,0.262,0.562,-0.139,0.199,0.485,0.351
RBBN,0.889,-0.716,-0.637,-0.28,0.814,0.518,-0.046,-0.87,0.728,0.703,0.822,0.404,0.272,0.35,-0.508,-0.775,0.635,0.218,0.822,0.369,0.768,0.436,0.858,-0.032,0.088,-0.116,0.335,0.559,-0.365,0.74,0.94,0.891,-0.522,0.364,0.849,0.356,0.869,0.89,0.844,0.086,0.843,-0.481,0.896,-0.514,0.738,-0.654,0.9,-0.312,-0.509,-0.322,-0.191,0.703,0.014,-0.562,-0.464,0.776,0.897,0.805,0.931,0.601,0.092,0.735,0.748,0.66,-0.354,0.553,0.621,0.766,-0.214,0.388,0.737,0.064,0.916,0.511,0.267,0.911,0.387,0.798,0.43,0.852,0.863,0.754,0.556,0.335,0.786,-0.675,0.887,0.763,0.34,-0.262,-0.292,0.759,0.719,0.852,0.069,0.851,0.616,0.087,0.685,0.383,0.511,0.853,0.306,0.529,0.791,0.214,0.767,0.698,0.605,0.525,0.793,0.725,0.858,0.816,0.548,0.328,-0.602,0.607,0.151,0.934,0.881,0.23,0.72,0.861,-0.742,0.901,0.447,-0.012,0.385,0.679,0.194,0.92,0.82,0.831,0.84,0.893,0.398,0.529,0.162,0.655,0.718,-0.494,0.231,-0.6,0.727,0.89,0.632,0.782,0.813,0.437,0.0,-0.144,0.221,0.562,0.73,0.917,-0.528,0.842,0.5,0.285,0.661,0.491,0.134,0.781,0.293,0.651,0.794,0.571,0.772,-0.251,0.767,-0.132,0.492,0.832,0.234,0.753,0.916,0.877,0.57,0.864,-0.262,0.738,0.264,0.218,0.235,-0.39,0.242,-0.687,0.773,0.246,0.896,0.932,0.842,0.536,0.795,0.178,-0.515,-0.411,0.89,0.875
RCKT,-0.296,0.627,-0.009,0.622,0.066,0.402,-0.031,0.322,-0.159,0.296,-0.076,0.483,-0.594,0.381,0.36,0.219,-0.037,0.435,0.275,-0.372,-0.052,0.427,-0.371,-0.473,0.82,0.659,-0.516,0.013,0.585,0.309,-0.116,-0.185,0.267,-0.555,0.141,0.462,0.128,-0.067,0.141,-0.263,-0.119,-0.109,-0.229,-0.008,-0.348,0.507,-0.019,0.088,0.399,0.41,-0.111,-0.639,-0.478,0.1,0.094,-0.293,-0.183,-0.192,0.004,0.324,0.405,-0.307,-0.217,0.063,0.664,-0.496,0.302,-0.203,0.496,0.461,-0.417,0.326,-0.171,0.473,-0.158,-0.081,-0.295,-0.456,0.523,-0.252,-0.26,-0.018,0.32,0.563,-0.093,0.527,-0.1,0.076,0.628,0.517,0.65,-0.329,0.081,0.05,0.245,-0.397,-0.247,0.143,0.152,0.559,-0.142,-0.358,0.117,0.504,0.015,0.324,0.328,0.219,0.308,-0.556,-0.144,-0.382,-0.199,0.053,0.401,0.273,0.015,0.098,0.758,-0.038,-0.24,0.468,0.396,0.116,0.119,-0.218,0.094,0.194,-0.486,-0.271,-0.053,-0.189,-0.082,0.106,-0.082,-0.119,0.617,-0.302,0.528,0.393,0.184,0.255,0.414,-0.01,0.28,-0.28,-0.014,-0.276,0.207,0.243,-0.144,0.0,0.333,-0.397,0.309,-0.04,0.412,-0.176,-0.305,0.617,-0.083,-0.235,0.487,-0.302,0.39,-0.0,0.006,0.324,-0.162,0.541,0.087,0.554,0.123,-0.05,0.452,-0.333,-0.131,-0.338,-0.171,-0.008,0.464,0.188,0.657,0.515,0.516,0.581,-0.453,0.427,-0.303,0.698,-0.271,-0.042,-0.353,0.407,0.044,0.59,0.458,0.45,0.02,-0.108
REPL,-0.067,0.022,0.304,0.22,0.364,0.021,0.627,0.13,-0.248,0.258,0.056,0.445,0.152,0.092,0.109,0.156,-0.028,0.629,0.196,-0.067,-0.124,0.264,0.139,-0.563,0.06,0.59,0.308,0.252,0.166,0.333,0.089,0.133,0.311,-0.006,0.389,0.279,0.14,-0.055,0.203,0.557,0.104,0.212,0.187,-0.343,-0.12,-0.085,0.208,0.463,0.294,0.524,-0.356,-0.021,0.213,-0.494,0.273,0.229,0.006,-0.201,0.199,0.419,0.454,-0.266,-0.244,0.334,0.122,-0.357,0.239,0.222,0.057,0.533,0.137,0.723,0.048,0.247,0.347,0.137,-0.324,0.055,0.357,0.406,-0.144,-0.099,0.42,0.374,0.315,0.216,0.095,0.407,-0.086,0.466,0.342,0.129,0.474,0.134,0.473,0.217,-0.143,0.376,0.213,0.622,0.271,0.055,0.179,0.039,0.111,0.237,0.076,-0.137,0.37,-0.081,-0.083,-0.2,0.09,0.114,0.405,0.647,0.162,0.339,0.475,0.123,-0.072,0.431,0.394,0.074,0.069,0.22,0.089,-0.19,-0.569,0.318,0.025,0.018,-0.157,-0.053,0.359,0.209,0.37,0.27,0.456,0.202,0.44,0.378,0.704,0.399,0.313,-0.001,-0.178,-0.025,-0.016,0.419,0.221,0.333,0.0,-0.282,0.256,0.347,0.285,0.038,0.402,0.237,0.203,-0.455,-0.279,0.028,0.421,0.599,0.375,0.44,0.288,0.042,0.524,0.556,0.555,-0.064,0.359,-0.226,0.136,0.031,-0.421,0.182,0.481,0.555,0.41,0.609,0.52,0.561,-0.337,-0.086,-0.045,0.4,-0.037,0.264,-0.012,0.541,-0.089,0.25,-0.057,0.223,0.123,0.154
RMBS,0.688,-0.685,-0.387,-0.335,0.409,0.078,-0.252,-0.681,0.743,0.236,0.544,0.081,0.146,0.176,-0.52,-0.609,0.251,-0.078,0.292,0.481,0.689,0.233,0.535,0.625,-0.169,-0.46,0.211,0.179,-0.579,0.164,0.67,0.698,-0.564,0.343,0.561,-0.121,0.412,0.678,0.344,-0.017,0.637,-0.08,0.559,0.135,0.71,-0.555,0.439,-0.51,-0.519,-0.626,0.111,0.661,0.029,-0.107,-0.467,0.35,0.584,0.698,0.553,0.176,0.027,0.827,0.753,0.214,-0.552,0.697,0.15,0.489,-0.11,-0.098,0.58,-0.188,0.604,0.201,0.05,0.519,0.269,0.634,0.072,0.586,0.688,0.46,0.188,-0.052,0.29,-0.566,0.761,0.351,0.045,-0.552,-0.575,0.448,0.27,0.65,0.015,0.663,0.492,0.039,0.252,-0.304,0.427,0.604,0.113,0.228,0.452,-0.018,0.312,0.434,0.131,0.523,0.588,0.825,0.57,0.5,0.07,-0.242,-0.528,0.29,-0.335,0.589,0.717,-0.13,0.223,0.43,-0.4,0.546,0.591,0.239,0.721,0.396,0.011,0.651,0.728,0.521,0.512,0.62,-0.159,0.264,-0.165,0.064,0.052,-0.57,-0.152,-0.333,0.286,0.68,0.278,0.711,0.418,0.078,0.562,-0.397,-0.282,0.0,0.176,0.398,-0.298,0.596,0.391,-0.109,0.224,0.396,0.087,0.615,-0.132,0.153,0.476,0.078,0.552,-0.26,0.133,-0.602,0.099,0.5,-0.277,0.724,0.669,0.641,0.681,0.508,-0.207,0.43,-0.17,-0.385,-0.175,-0.674,0.403,-0.446,0.64,-0.217,0.704,0.469,0.609,0.077,0.452,-0.202,-0.648,-0.329,0.442,0.447
ROAD,0.634,-0.312,-0.643,-0.134,0.779,0.702,0.021,-0.617,0.458,0.883,0.693,0.64,0.056,0.295,-0.447,-0.585,0.682,0.218,0.833,0.218,0.603,0.297,0.595,-0.242,0.388,0.23,0.183,0.48,-0.1,0.793,0.705,0.669,-0.399,0.034,0.732,0.602,0.884,0.747,0.852,0.027,0.713,-0.663,0.706,-0.725,0.461,-0.409,0.868,-0.038,-0.106,-0.102,-0.455,0.229,-0.092,-0.615,-0.176,0.71,0.757,0.626,0.819,0.782,0.172,0.462,0.549,0.748,0.106,0.339,0.744,0.639,-0.195,0.714,0.491,0.147,0.752,0.555,0.35,0.725,0.355,0.532,0.58,0.57,0.517,0.709,0.78,0.506,0.843,-0.374,0.646,0.792,0.634,0.088,0.082,0.621,0.617,0.636,-0.056,0.543,0.469,0.278,0.56,0.639,0.435,0.655,0.127,0.766,0.827,0.521,0.849,0.777,0.822,0.118,0.754,0.432,0.714,0.636,0.631,0.501,-0.385,0.728,0.556,0.814,0.624,0.565,0.79,0.898,-0.742,0.748,0.071,0.261,0.085,0.573,0.177,0.705,0.638,0.783,0.656,0.757,0.553,0.502,0.521,0.821,0.795,-0.183,0.454,-0.665,0.855,0.66,0.664,0.586,0.817,0.329,0.73,0.309,0.256,0.176,0.0,0.843,-0.452,0.753,0.288,0.487,0.703,0.41,0.305,0.507,0.554,0.674,0.634,0.772,0.625,-0.016,0.784,0.231,0.634,0.837,0.518,0.439,0.687,0.631,0.385,0.831,-0.055,0.551,0.492,0.431,0.525,-0.116,-0.014,-0.577,0.459,0.54,0.642,0.834,0.633,0.725,0.815,0.325,-0.081,-0.34,0.758,0.805
ROKU,0.813,-0.62,-0.554,-0.268,0.895,0.503,0.135,-0.773,0.589,0.844,0.775,0.569,0.276,0.299,-0.511,-0.678,0.694,0.287,0.808,0.356,0.658,0.346,0.799,-0.127,0.075,0.106,0.46,0.654,-0.342,0.796,0.877,0.868,-0.427,0.27,0.844,0.429,0.91,0.831,0.868,0.251,0.855,-0.511,0.887,-0.69,0.644,-0.648,0.941,-0.08,-0.283,-0.218,-0.414,0.569,0.143,-0.702,-0.29,0.873,0.866,0.723,0.917,0.784,0.156,0.609,0.623,0.822,-0.226,0.476,0.675,0.857,-0.268,0.615,0.711,0.202,0.908,0.488,0.422,0.845,0.322,0.764,0.537,0.856,0.712,0.687,0.742,0.451,0.917,-0.548,0.828,0.894,0.368,-0.068,-0.101,0.748,0.81,0.784,-0.012,0.837,0.516,0.301,0.693,0.547,0.539,0.847,0.257,0.591,0.887,0.386,0.766,0.669,0.778,0.395,0.773,0.626,0.862,0.755,0.577,0.542,-0.402,0.742,0.331,0.929,0.786,0.419,0.729,0.89,-0.784,0.92,0.229,0.09,0.221,0.774,0.198,0.873,0.733,0.805,0.887,0.91,0.419,0.617,0.389,0.682,0.822,-0.25,0.458,-0.55,0.879,0.84,0.617,0.76,0.792,0.474,0.917,-0.04,0.347,0.398,0.843,0.0,-0.51,0.856,0.539,0.354,0.768,0.406,0.085,0.699,0.484,0.832,0.803,0.762,0.858,-0.204,0.894,0.064,0.718,0.834,0.385,0.61,0.873,0.831,0.386,0.908,-0.089,0.73,0.344,0.367,0.41,-0.235,0.18,-0.741,0.647,0.388,0.835,0.959,0.806,0.734,0.8,0.215,-0.379,-0.4,0.875,0.925
ROP,-0.587,0.53,0.733,0.455,-0.406,-0.235,0.382,0.74,-0.47,-0.368,-0.512,-0.018,-0.192,-0.008,0.483,0.742,-0.697,0.433,-0.444,-0.373,-0.459,0.15,-0.56,-0.161,0.106,0.47,-0.224,-0.139,0.234,-0.361,-0.502,-0.419,0.629,-0.161,-0.198,-0.186,-0.526,-0.548,-0.565,0.189,-0.4,0.763,-0.529,0.565,-0.516,0.539,-0.595,0.34,0.428,0.488,0.273,-0.469,0.078,0.421,0.37,-0.598,-0.659,-0.581,-0.478,-0.175,0.22,-0.529,-0.569,-0.313,0.4,-0.531,-0.191,-0.441,0.6,-0.121,-0.419,0.525,-0.621,0.041,0.005,-0.453,-0.534,-0.565,-0.031,-0.303,-0.595,-0.55,-0.154,0.105,-0.61,0.686,-0.412,-0.328,-0.234,0.35,0.434,-0.634,-0.228,-0.204,0.439,-0.497,-0.507,0.276,-0.293,0.018,-0.145,-0.669,0.163,-0.219,-0.5,-0.033,-0.431,-0.568,-0.251,-0.27,-0.627,-0.485,-0.623,-0.409,-0.056,-0.023,0.51,-0.266,0.299,-0.548,-0.551,0.094,-0.209,-0.614,0.751,-0.566,0.194,-0.125,-0.477,-0.309,-0.443,-0.574,-0.488,-0.564,-0.414,-0.424,-0.037,-0.312,0.015,-0.405,-0.275,0.402,0.186,0.721,-0.298,-0.579,-0.579,-0.447,-0.525,-0.094,-0.528,0.412,0.285,-0.298,-0.452,-0.51,0.0,-0.62,-0.134,0.049,-0.341,-0.625,-0.087,-0.544,-0.053,-0.24,-0.265,-0.261,-0.352,0.263,-0.285,0.33,-0.015,-0.653,-0.091,-0.497,-0.435,-0.569,-0.527,-0.496,0.728,-0.045,0.159,0.149,0.226,0.592,-0.327,0.716,-0.419,0.125,-0.592,-0.527,-0.701,-0.086,-0.569,0.053,0.281,0.693,-0.438,-0.56
RUSHA,0.892,-0.758,-0.66,-0.529,0.747,0.432,0.013,-0.874,0.752,0.709,0.879,0.365,0.333,0.03,-0.758,-0.802,0.685,-0.012,0.694,0.48,0.804,0.143,0.866,0.253,-0.059,-0.233,0.497,0.382,-0.533,0.589,0.835,0.893,-0.632,0.435,0.764,0.325,0.878,0.888,0.836,0.201,0.882,-0.508,0.892,-0.6,0.82,-0.821,0.939,-0.173,-0.372,-0.547,-0.35,0.657,0.113,-0.651,-0.244,0.881,0.95,0.869,0.871,0.602,-0.022,0.778,0.805,0.69,-0.348,0.751,0.606,0.784,-0.386,0.415,0.794,-0.041,0.885,0.264,0.474,0.8,0.568,0.877,0.253,0.783,0.728,0.797,0.609,0.208,0.877,-0.723,0.846,0.752,0.291,-0.343,-0.326,0.848,0.544,0.725,-0.115,0.85,0.679,0.296,0.384,0.216,0.703,0.95,0.013,0.599,0.831,0.492,0.644,0.777,0.681,0.497,0.94,0.823,0.928,0.646,0.345,0.223,-0.522,0.772,0.087,0.917,0.859,0.446,0.549,0.86,-0.792,0.938,0.249,0.308,0.558,0.778,0.106,0.901,0.815,0.77,0.739,0.909,0.113,0.725,0.172,0.496,0.596,-0.456,0.185,-0.647,0.773,0.898,0.672,0.898,0.732,0.235,0.842,-0.176,0.038,0.596,0.753,0.856,-0.62,0.0,0.622,0.151,0.688,0.463,0.159,0.812,0.316,0.679,0.741,0.554,0.802,-0.332,0.698,-0.219,0.533,0.932,0.147,0.744,0.874,0.907,0.655,0.943,-0.221,0.557,0.055,-0.019,0.175,-0.569,0.22,-0.812,0.712,0.108,0.876,0.865,0.898,0.469,0.831,-0.116,-0.56,-0.593,0.77,0.876
SANM,0.5,-0.647,0.039,-0.511,0.442,-0.069,0.433,-0.424,0.36,0.299,0.571,0.105,0.527,-0.353,-0.59,-0.252,0.305,0.074,0.144,0.511,0.422,-0.092,0.656,0.333,-0.496,-0.132,0.782,0.197,-0.503,0.161,0.429,0.623,-0.346,0.579,0.58,0.125,0.403,0.424,0.422,0.71,0.57,0.156,0.621,-0.297,0.618,-0.763,0.524,0.252,-0.052,-0.376,-0.188,0.581,0.449,-0.531,0.136,0.652,0.541,0.475,0.484,0.304,-0.006,0.426,0.389,0.432,-0.362,0.534,0.275,0.591,-0.178,0.23,0.671,0.396,0.45,-0.114,0.683,0.389,0.301,0.672,-0.032,0.719,0.296,0.277,0.339,0.027,0.575,-0.461,0.51,0.448,-0.354,-0.237,-0.29,0.61,0.34,0.399,0.246,0.721,0.392,0.521,-0.016,0.029,0.795,0.691,-0.065,0.101,0.386,0.506,0.025,0.165,0.473,0.526,0.528,0.579,0.6,0.227,0.085,0.22,-0.111,0.63,-0.11,0.47,0.466,0.399,0.136,0.288,-0.283,0.669,0.229,0.176,0.346,0.677,-0.144,0.503,0.308,0.192,0.487,0.615,-0.179,0.767,0.043,-0.092,0.36,-0.16,0.392,0.105,0.418,0.547,0.063,0.677,0.114,0.206,0.5,-0.305,0.402,0.391,0.288,0.539,-0.134,0.622,0.0,-0.176,0.416,-0.036,-0.178,0.583,0.134,0.646,0.616,0.318,0.708,-0.337,0.526,-0.191,0.495,0.401,-0.063,0.426,0.562,0.626,0.263,0.608,0.154,0.532,-0.107,-0.164,0.109,-0.335,0.177,-0.533,0.473,-0.114,0.519,0.459,0.607,0.257,0.214,-0.402,-0.692,-0.32,0.362,0.488
SATS,0.061,0.259,-0.259,0.64,0.414,0.478,-0.093,-0.037,0.178,0.566,0.118,0.758,-0.556,0.606,0.359,-0.185,0.328,0.569,0.533,-0.404,0.175,0.663,-0.093,-0.437,0.739,0.631,-0.399,0.461,0.36,0.715,0.268,0.112,0.187,-0.481,0.368,0.425,0.433,0.22,0.432,-0.309,0.124,-0.322,-0.008,-0.164,-0.183,0.302,0.278,-0.262,0.242,0.091,-0.245,-0.325,-0.517,-0.132,-0.386,0.0,0.14,0.113,0.253,0.603,0.609,-0.062,-0.048,0.36,0.307,-0.33,0.242,0.095,0.363,0.599,-0.249,0.199,0.197,0.687,-0.253,0.182,-0.345,-0.149,0.776,0.136,0.158,0.145,0.507,0.75,0.217,0.302,0.241,0.294,0.745,0.504,0.651,-0.127,0.603,0.426,0.099,0.057,-0.271,0.006,0.547,0.734,-0.018,-0.024,0.209,0.532,0.241,0.202,0.594,0.392,0.425,-0.428,0.097,-0.179,0.13,0.586,0.644,0.508,-0.213,0.112,0.726,0.305,0.024,0.28,0.533,0.486,-0.173,0.09,0.182,-0.036,-0.313,-0.036,0.137,0.234,0.318,0.524,0.375,0.171,0.709,-0.261,0.683,0.545,0.437,0.162,0.393,-0.267,0.553,0.037,0.232,-0.058,0.554,0.492,0.285,0.617,0.237,-0.109,0.487,0.354,0.049,0.151,-0.176,0.0,0.041,-0.077,0.319,-0.043,0.754,0.228,0.24,0.577,0.263,0.291,0.457,0.53,0.259,0.237,0.589,-0.155,0.173,-0.026,-0.085,0.27,0.186,0.49,0.77,0.694,0.548,0.49,-0.361,0.07,-0.159,0.795,0.069,0.316,0.039,0.665,0.37,0.816,0.288,0.187,0.416,0.156
SBCF,0.702,-0.544,-0.4,-0.471,0.635,0.461,0.224,-0.547,0.41,0.631,0.646,0.313,0.473,0.05,-0.573,-0.447,0.461,0.19,0.606,0.42,0.518,0.035,0.728,-0.111,-0.083,0.019,0.553,0.444,-0.461,0.468,0.632,0.727,-0.374,0.454,0.604,0.258,0.718,0.652,0.592,0.359,0.738,-0.354,0.8,-0.634,0.544,-0.572,0.761,0.132,-0.268,-0.091,-0.29,0.505,0.385,-0.528,-0.043,0.783,0.702,0.582,0.743,0.593,-0.237,0.502,0.561,0.655,-0.121,0.543,0.714,0.724,-0.282,0.437,0.718,0.13,0.737,0.256,0.692,0.783,0.514,0.713,0.209,0.643,0.463,0.653,0.64,0.184,0.74,-0.497,0.577,0.752,0.197,-0.163,-0.206,0.65,0.445,0.604,-0.099,0.637,0.599,0.379,0.404,0.358,0.407,0.693,0.273,0.497,0.774,0.467,0.567,0.487,0.678,0.501,0.663,0.545,0.649,0.45,0.433,0.38,-0.115,0.728,0.295,0.71,0.673,0.533,0.587,0.66,-0.598,0.751,0.048,0.14,0.213,0.804,-0.094,0.71,0.573,0.528,0.534,0.767,0.212,0.725,0.143,0.539,0.723,-0.188,0.275,-0.477,0.706,0.719,0.662,0.688,0.563,0.15,0.661,-0.083,0.203,0.224,0.703,0.768,-0.341,0.688,0.416,0.041,0.0,0.438,0.013,0.613,0.222,0.672,0.644,0.531,0.603,-0.265,0.733,0.092,0.724,0.733,0.311,0.567,0.697,0.756,0.337,0.742,-0.011,0.379,0.141,0.226,0.405,-0.3,0.207,-0.546,0.603,0.209,0.662,0.733,0.604,0.477,0.69,-0.09,-0.18,-0.382,0.744,0.831
SBLK,0.615,-0.371,-0.73,-0.403,0.315,0.35,-0.562,-0.693,0.481,0.358,0.512,-0.162,0.09,0.132,-0.449,-0.534,0.492,-0.355,0.471,0.42,0.553,-0.033,0.478,0.195,0.086,-0.503,0.004,0.172,-0.217,0.298,0.551,0.487,-0.644,0.192,0.249,0.195,0.481,0.646,0.469,-0.371,0.457,-0.648,0.54,-0.218,0.612,-0.369,0.485,-0.434,-0.627,-0.377,0.145,0.489,-0.141,0.007,-0.478,0.411,0.61,0.65,0.556,0.061,-0.478,0.636,0.68,0.266,-0.204,0.624,0.377,0.372,-0.118,-0.084,0.459,-0.46,0.606,0.182,-0.022,0.526,0.631,0.469,0.067,0.194,0.636,0.579,0.012,-0.133,0.35,-0.628,0.46,0.289,0.333,-0.453,-0.539,0.431,0.076,0.378,-0.268,0.331,0.63,-0.214,0.375,-0.149,-0.014,0.521,0.209,0.328,0.57,-0.078,0.576,0.587,0.225,0.477,0.628,0.58,0.532,0.39,0.164,-0.215,-0.501,0.185,-0.224,0.543,0.669,-0.192,0.289,0.551,-0.614,0.48,0.144,0.18,0.587,0.24,0.247,0.565,0.541,0.581,0.269,0.426,0.11,0.139,-0.261,0.474,0.266,-0.566,-0.317,-0.763,0.23,0.617,0.64,0.514,0.56,0.08,0.491,-0.235,-0.455,0.396,0.41,0.406,-0.625,0.463,-0.036,-0.077,0.438,0.0,0.392,0.563,-0.253,0.031,0.282,0.139,0.218,-0.027,0.122,-0.489,-0.016,0.616,-0.017,0.697,0.489,0.562,0.697,0.404,-0.518,-0.009,-0.086,-0.256,-0.167,-0.659,0.537,-0.374,0.671,-0.081,0.656,0.475,0.571,0.001,0.596,-0.055,-0.222,-0.385,0.555,0.576
SBUX,0.143,0.265,-0.326,0.224,0.188,0.486,-0.619,-0.219,0.299,0.436,0.28,0.09,-0.498,0.261,-0.042,-0.139,0.331,-0.119,0.323,0.092,0.341,0.202,-0.067,0.154,0.59,-0.001,-0.354,0.031,0.337,0.331,0.18,0.141,-0.455,-0.318,0.175,0.659,0.394,0.385,0.41,-0.492,0.241,-0.45,0.087,0.043,0.303,0.142,0.165,-0.282,-0.011,-0.302,0.247,-0.226,-0.438,0.324,-0.294,-0.068,0.237,0.405,0.249,0.126,-0.096,0.289,0.346,0.027,0.478,0.154,0.386,0.122,0.379,0.175,-0.157,-0.138,0.177,0.228,-0.237,0.138,0.172,-0.138,0.406,-0.186,0.277,0.246,0.064,0.337,0.015,0.01,0.191,-0.041,0.607,-0.05,0.116,-0.108,-0.059,0.239,-0.235,-0.12,0.189,-0.102,0.284,0.089,-0.154,0.083,-0.101,0.542,0.338,0.3,0.488,0.483,0.337,-0.117,0.27,0.207,0.208,0.224,0.065,-0.131,-0.261,0.192,0.206,0.292,0.231,0.224,0.182,0.368,-0.27,0.09,0.299,0.434,0.288,-0.234,-0.042,0.206,0.276,0.478,0.039,0.103,0.442,-0.175,0.149,0.299,0.098,-0.221,0.062,-0.484,0.263,0.15,0.288,0.206,0.459,0.297,0.134,0.487,-0.279,0.087,0.305,0.085,-0.087,0.159,-0.178,0.319,0.013,0.392,0.0,0.227,-0.012,-0.182,0.133,0.287,0.026,0.684,-0.072,-0.167,-0.164,0.301,0.113,0.278,0.21,0.086,0.452,0.252,-0.03,0.082,0.365,-0.072,0.135,-0.174,0.221,0.172,0.196,0.439,0.25,0.118,0.165,0.122,0.327,0.319,0.057,0.179,0.281,0.2
SCHL,0.872,-0.752,-0.527,-0.557,0.566,0.318,-0.127,-0.823,0.732,0.511,0.831,0.082,0.392,0.033,-0.706,-0.692,0.595,-0.09,0.574,0.61,0.762,0.112,0.848,0.317,-0.136,-0.419,0.491,0.277,-0.52,0.417,0.762,0.819,-0.675,0.484,0.64,0.319,0.732,0.83,0.694,0.14,0.773,-0.383,0.848,-0.376,0.857,-0.764,0.781,-0.273,-0.535,-0.551,-0.072,0.764,0.137,-0.421,-0.37,0.731,0.861,0.865,0.791,0.318,-0.232,0.809,0.826,0.441,-0.419,0.782,0.436,0.676,-0.252,0.146,0.758,-0.141,0.8,0.114,0.395,0.745,0.6,0.847,0.107,0.672,0.772,0.726,0.306,0.02,0.646,-0.775,0.763,0.536,0.117,-0.522,-0.508,0.728,0.384,0.657,-0.048,0.785,0.76,0.076,0.356,0.002,0.531,0.874,0.12,0.438,0.696,0.312,0.512,0.609,0.498,0.658,0.807,0.844,0.815,0.603,0.25,0.018,-0.538,0.629,-0.157,0.797,0.859,0.24,0.426,0.679,-0.697,0.838,0.364,0.176,0.639,0.631,-0.009,0.852,0.711,0.654,0.591,0.776,0.085,0.612,-0.122,0.358,0.464,-0.574,0.031,-0.54,0.531,0.869,0.566,0.841,0.607,0.276,0.781,-0.302,0.028,0.615,0.507,0.699,-0.544,0.812,0.583,-0.043,0.613,0.563,0.227,0.0,-0.008,0.456,0.792,0.353,0.643,-0.195,0.512,-0.403,0.303,0.768,0.043,0.826,0.835,0.887,0.705,0.777,-0.311,0.47,-0.014,-0.191,0.035,-0.68,0.403,-0.647,0.778,-0.065,0.862,0.716,0.852,0.22,0.653,-0.207,-0.644,-0.518,0.743,0.767
SCSC,0.062,0.092,-0.14,0.35,0.498,0.267,0.325,-0.036,0.024,0.609,0.093,0.871,-0.164,0.257,0.104,-0.159,0.352,0.52,0.374,-0.32,-0.004,0.279,0.067,-0.372,0.368,0.695,0.054,0.494,0.168,0.663,0.219,0.174,0.243,-0.276,0.392,0.415,0.438,0.166,0.435,0.162,0.223,-0.233,0.118,-0.529,-0.129,-0.022,0.378,0.145,0.441,0.125,-0.591,-0.238,-0.082,-0.535,0.005,0.31,0.187,0.051,0.261,0.734,0.669,-0.118,-0.146,0.612,0.254,-0.22,0.261,0.31,-0.013,0.779,-0.043,0.378,0.225,0.455,0.174,0.144,-0.298,0.023,0.647,0.31,-0.02,0.063,0.706,0.625,0.513,0.251,0.209,0.507,0.472,0.581,0.662,0.101,0.605,0.302,0.003,0.225,-0.268,0.384,0.358,0.747,0.277,0.15,-0.006,0.409,0.343,0.458,0.439,0.291,0.555,-0.345,0.188,-0.14,0.269,0.399,0.523,0.734,0.038,0.334,0.701,0.338,-0.024,0.492,0.424,0.485,-0.244,0.287,-0.114,0.075,-0.399,0.279,0.221,0.204,0.191,0.35,0.508,0.311,0.447,0.13,0.85,0.414,0.453,0.407,0.625,-0.127,0.631,0.078,0.179,0.048,0.378,0.367,0.293,0.39,0.421,-0.132,0.554,0.484,-0.053,0.316,0.134,0.754,0.222,-0.253,-0.012,-0.008,0.0,0.56,0.3,0.682,0.493,0.058,0.637,0.676,0.599,0.304,0.506,-0.256,0.181,0.054,-0.289,0.396,0.306,0.471,0.599,0.688,0.646,0.487,-0.504,-0.258,-0.206,0.681,0.058,0.386,0.131,0.768,0.342,0.54,0.189,0.007,0.314,0.241
SDGR,0.506,-0.464,-0.192,-0.257,0.762,0.216,0.576,-0.438,0.201,0.696,0.529,0.564,0.377,-0.01,-0.407,-0.344,0.39,0.388,0.493,0.207,0.308,0.119,0.633,-0.216,-0.146,0.299,0.632,0.607,-0.291,0.606,0.585,0.653,-0.109,0.307,0.709,0.306,0.643,0.487,0.632,0.621,0.702,-0.206,0.685,-0.694,0.413,-0.616,0.738,0.365,0.065,0.053,-0.51,0.394,0.398,-0.77,0.148,0.818,0.598,0.361,0.668,0.743,0.251,0.261,0.281,0.797,-0.129,0.268,0.597,0.767,-0.292,0.668,0.653,0.522,0.634,0.33,0.623,0.575,0.165,0.616,0.423,0.808,0.301,0.366,0.739,0.377,0.852,-0.29,0.578,0.841,0.066,0.203,0.088,0.665,0.705,0.526,0.074,0.705,0.263,0.605,0.434,0.579,0.629,0.657,0.123,0.337,0.688,0.458,0.449,0.363,0.712,0.227,0.555,0.371,0.661,0.396,0.423,0.682,-0.033,0.691,0.399,0.681,0.458,0.576,0.527,0.591,-0.507,0.759,0.014,0.144,-0.056,0.82,0.143,0.567,0.402,0.432,0.785,0.776,0.217,0.703,0.493,0.417,0.714,0.15,0.609,-0.177,0.768,0.566,0.337,0.589,0.415,0.352,0.651,-0.0,0.599,0.153,0.674,0.832,-0.24,0.679,0.646,0.228,0.672,0.031,-0.182,0.456,0.56,0.0,0.673,0.685,0.788,-0.232,0.858,0.25,0.885,0.571,0.39,0.293,0.61,0.595,0.018,0.729,0.232,0.617,0.253,0.439,0.472,0.037,-0.035,-0.646,0.426,0.356,0.547,0.755,0.577,0.707,0.51,0.021,-0.345,-0.215,0.569,0.727
SEIC,0.746,-0.582,-0.354,-0.258,0.703,0.386,0.113,-0.639,0.619,0.649,0.735,0.456,0.247,0.255,-0.528,-0.547,0.552,0.27,0.662,0.399,0.675,0.361,0.728,0.033,0.062,0.049,0.452,0.532,-0.397,0.617,0.791,0.816,-0.41,0.28,0.802,0.4,0.781,0.763,0.722,0.31,0.793,-0.267,0.797,-0.436,0.641,-0.605,0.789,-0.09,-0.286,-0.29,-0.239,0.553,0.144,-0.549,-0.265,0.69,0.74,0.709,0.807,0.616,0.104,0.627,0.624,0.595,-0.211,0.477,0.536,0.736,-0.095,0.434,0.658,0.237,0.745,0.374,0.449,0.762,0.276,0.717,0.396,0.777,0.65,0.623,0.577,0.395,0.701,-0.512,0.768,0.698,0.225,-0.162,-0.133,0.613,0.65,0.752,0.216,0.76,0.54,0.329,0.528,0.363,0.547,0.739,0.212,0.534,0.714,0.428,0.567,0.539,0.671,0.425,0.674,0.653,0.751,0.682,0.525,0.353,-0.388,0.728,0.21,0.796,0.737,0.433,0.63,0.695,-0.582,0.812,0.409,0.099,0.293,0.661,-0.046,0.795,0.662,0.655,0.713,0.811,0.334,0.589,0.218,0.479,0.648,-0.327,0.432,-0.305,0.707,0.749,0.428,0.741,0.645,0.466,0.794,0.006,0.375,0.476,0.634,0.803,-0.265,0.741,0.616,0.24,0.644,0.282,0.133,0.792,0.3,0.673,0.0,0.595,0.759,-0.133,0.72,-0.071,0.587,0.679,0.198,0.618,0.845,0.778,0.443,0.799,0.023,0.747,0.331,0.195,0.368,-0.28,0.182,-0.554,0.607,0.272,0.738,0.794,0.691,0.553,0.622,0.085,-0.457,-0.291,0.787,0.76
SFIX,0.388,-0.102,-0.26,0.173,0.861,0.46,0.088,-0.377,0.255,0.886,0.442,0.791,-0.114,0.364,-0.184,-0.319,0.611,0.464,0.613,0.205,0.347,0.321,0.324,-0.253,0.349,0.529,0.282,0.619,0.073,0.822,0.528,0.553,-0.269,-0.237,0.671,0.683,0.75,0.543,0.775,0.218,0.606,-0.474,0.506,-0.637,0.294,-0.259,0.65,0.081,0.212,-0.043,-0.506,0.011,0.077,-0.524,-0.159,0.55,0.514,0.43,0.619,0.866,0.409,0.282,0.274,0.698,0.277,0.088,0.524,0.705,0.001,0.892,0.238,0.389,0.576,0.512,0.292,0.466,-0.085,0.298,0.803,0.533,0.354,0.304,0.834,0.68,0.743,-0.005,0.542,0.704,0.537,0.38,0.314,0.309,0.758,0.52,-0.166,0.506,0.105,0.379,0.646,0.71,0.252,0.488,0.035,0.575,0.755,0.525,0.687,0.439,0.861,-0.078,0.456,0.249,0.612,0.596,0.53,0.753,-0.058,0.701,0.584,0.671,0.384,0.53,0.617,0.736,-0.533,0.614,0.14,0.28,-0.1,0.484,0.175,0.554,0.441,0.683,0.73,0.614,0.62,0.351,0.759,0.594,0.696,0.189,0.775,-0.341,0.831,0.452,0.398,0.438,0.669,0.664,0.571,0.324,0.44,0.078,0.772,0.762,-0.261,0.554,0.318,0.577,0.531,0.139,0.287,0.353,0.682,0.685,0.595,0.0,0.716,0.251,0.735,0.323,0.715,0.565,0.465,0.175,0.563,0.41,0.053,0.697,0.237,0.66,0.654,0.571,0.704,0.157,-0.033,-0.426,0.186,0.727,0.463,0.682,0.507,0.907,0.584,0.506,-0.024,-0.025,0.632,0.635
SGRY,0.696,-0.612,-0.289,-0.23,0.825,0.216,0.216,-0.645,0.549,0.728,0.66,0.567,0.258,0.137,-0.489,-0.517,0.578,0.293,0.51,0.418,0.559,0.22,0.677,0.185,-0.128,0.123,0.582,0.641,-0.433,0.638,0.759,0.823,-0.41,0.261,0.823,0.336,0.753,0.72,0.727,0.425,0.826,-0.211,0.75,-0.48,0.656,-0.688,0.76,-0.024,-0.075,-0.386,-0.371,0.53,0.289,-0.602,-0.235,0.758,0.738,0.667,0.756,0.727,0.254,0.617,0.542,0.741,-0.252,0.538,0.462,0.886,-0.143,0.588,0.645,0.329,0.775,0.349,0.493,0.627,0.166,0.704,0.488,0.865,0.583,0.434,0.7,0.376,0.805,-0.406,0.803,0.765,0.158,-0.05,-0.087,0.603,0.735,0.731,-0.041,0.874,0.35,0.469,0.511,0.354,0.641,0.798,0.118,0.422,0.769,0.462,0.525,0.47,0.726,0.368,0.683,0.667,0.822,0.654,0.393,0.497,-0.237,0.709,0.189,0.81,0.663,0.387,0.468,0.709,-0.603,0.845,0.304,0.272,0.293,0.733,0.111,0.781,0.655,0.665,0.864,0.867,0.195,0.616,0.423,0.328,0.587,-0.102,0.542,-0.297,0.791,0.749,0.37,0.77,0.588,0.462,0.772,-0.162,0.288,0.552,0.625,0.858,-0.352,0.802,0.708,0.263,0.603,0.218,0.026,0.643,0.493,0.788,0.759,0.716,0.0,-0.178,0.773,-0.053,0.731,0.689,0.182,0.52,0.798,0.741,0.309,0.837,0.107,0.762,0.261,0.181,0.4,-0.261,0.189,-0.682,0.524,0.3,0.753,0.782,0.765,0.689,0.612,0.063,-0.517,-0.296,0.719,0.748
SKYW,-0.386,0.637,0.2,0.559,0.018,0.096,-0.322,0.299,-0.271,0.23,-0.25,0.147,-0.615,0.208,0.392,0.313,-0.034,0.111,-0.078,-0.08,-0.229,0.095,-0.514,-0.071,0.49,0.368,-0.385,0.028,0.612,0.157,-0.254,-0.269,-0.035,-0.616,-0.095,0.578,-0.062,-0.136,-0.017,-0.278,-0.181,-0.101,-0.339,0.167,-0.196,0.502,-0.27,0.007,0.401,0.131,0.18,-0.584,-0.289,0.365,-0.051,-0.385,-0.303,-0.163,-0.178,-0.01,0.182,-0.194,-0.201,-0.125,0.605,-0.359,0.006,-0.1,0.497,0.225,-0.524,0.166,-0.248,0.143,-0.357,-0.32,-0.395,-0.578,0.467,-0.39,-0.21,-0.338,-0.02,0.308,-0.252,0.512,-0.213,-0.206,0.342,0.341,0.395,-0.512,-0.091,-0.124,-0.171,-0.406,-0.401,-0.056,0.177,0.136,-0.44,-0.367,-0.136,0.175,0.011,0.074,0.148,-0.066,0.098,-0.473,-0.264,-0.283,-0.236,-0.102,-0.016,0.092,0.17,-0.1,0.304,-0.15,-0.296,0.097,-0.025,-0.063,0.163,-0.305,0.098,0.311,-0.23,-0.425,0.026,-0.274,-0.229,0.042,-0.099,-0.28,0.365,-0.455,0.352,0.026,-0.087,0.322,0.275,0.04,-0.007,-0.322,-0.198,-0.275,0.01,0.312,-0.251,0.541,0.042,-0.26,-0.016,-0.204,0.263,-0.332,-0.337,0.291,-0.265,-0.027,0.684,-0.195,0.058,-0.232,-0.133,0.251,-0.178,0.0,-0.23,0.1,-0.122,-0.25,0.18,-0.286,-0.225,-0.392,-0.146,-0.192,0.289,-0.045,0.402,0.142,0.279,0.319,-0.009,0.431,-0.268,0.507,-0.224,-0.242,-0.273,0.143,-0.161,0.444,0.347,0.549,-0.144,-0.211
SLP,0.619,-0.467,-0.337,-0.151,0.753,0.476,0.393,-0.505,0.4,0.746,0.643,0.645,0.283,0.245,-0.335,-0.456,0.583,0.457,0.718,0.193,0.473,0.368,0.676,-0.318,0.097,0.334,0.458,0.673,-0.242,0.732,0.691,0.692,-0.136,0.247,0.757,0.401,0.791,0.605,0.747,0.361,0.678,-0.322,0.711,-0.7,0.389,-0.49,0.821,0.105,-0.08,0.004,-0.444,0.407,0.191,-0.728,-0.158,0.755,0.687,0.506,0.755,0.784,0.257,0.349,0.372,0.761,-0.094,0.255,0.576,0.704,-0.15,0.675,0.564,0.374,0.73,0.462,0.528,0.716,0.193,0.616,0.501,0.782,0.471,0.551,0.766,0.521,0.825,-0.346,0.626,0.818,0.303,0.113,0.14,0.633,0.804,0.663,0.098,0.712,0.35,0.364,0.578,0.698,0.562,0.672,0.313,0.547,0.689,0.462,0.622,0.488,0.758,0.283,0.573,0.379,0.672,0.665,0.654,0.702,-0.213,0.7,0.517,0.747,0.554,0.538,0.7,0.736,-0.587,0.76,0.113,-0.029,-0.04,0.734,0.088,0.712,0.541,0.612,0.748,0.774,0.474,0.609,0.477,0.612,0.855,-0.043,0.573,-0.352,0.835,0.641,0.482,0.554,0.643,0.44,0.767,0.087,0.524,0.133,0.784,0.894,-0.285,0.698,0.526,0.457,0.733,0.122,-0.072,0.512,0.637,0.858,0.72,0.735,0.773,-0.23,0.0,0.358,0.79,0.667,0.551,0.356,0.691,0.669,0.122,0.792,0.077,0.722,0.45,0.554,0.571,0.041,-0.089,-0.589,0.413,0.453,0.606,0.819,0.617,0.748,0.641,0.263,-0.219,-0.306,0.778,0.764
SNES,-0.357,0.432,0.185,0.492,0.055,0.171,0.463,0.431,-0.395,0.181,-0.275,0.574,-0.133,0.209,0.43,0.302,-0.081,0.567,0.143,-0.514,-0.383,0.209,-0.262,-0.729,0.395,0.791,-0.137,0.181,0.371,0.264,-0.226,-0.254,0.629,-0.285,-0.018,0.185,-0.001,-0.309,-0.018,0.124,-0.24,0.054,-0.237,-0.322,-0.573,0.379,-0.042,0.369,0.516,0.609,-0.415,-0.478,-0.054,-0.254,0.258,-0.09,-0.266,-0.434,-0.122,0.393,0.47,-0.568,-0.527,0.224,0.447,-0.606,0.118,-0.162,0.128,0.545,-0.316,0.41,-0.22,0.289,0.125,-0.115,-0.392,-0.353,0.363,-0.065,-0.423,-0.188,0.394,0.45,0.081,0.544,-0.278,0.166,0.276,0.7,0.736,-0.239,0.268,-0.095,0.187,-0.232,-0.435,0.212,0.098,0.711,-0.089,-0.336,0.206,0.145,-0.091,0.244,0.101,-0.114,0.23,-0.42,-0.299,-0.591,-0.256,0.023,0.427,0.583,0.308,0.027,0.756,-0.151,-0.407,0.399,0.288,0.007,0.178,-0.18,-0.279,-0.198,-0.771,-0.018,-0.014,-0.251,-0.264,-0.131,0.009,-0.144,0.435,-0.086,0.605,0.278,0.322,0.574,0.479,0.199,0.23,-0.334,-0.087,-0.423,-0.018,0.155,-0.132,0.554,0.556,-0.602,0.231,0.064,0.33,-0.219,-0.191,0.53,0.092,-0.489,-0.167,-0.403,0.676,0.25,-0.071,0.323,-0.053,0.1,0.358,0.0,0.396,-0.16,0.55,-0.583,-0.248,-0.339,-0.618,-0.065,0.434,0.151,0.527,0.775,0.605,0.79,-0.67,0.2,-0.473,0.562,-0.4,-0.009,-0.382,0.459,-0.075,0.497,0.566,0.259,-0.027,-0.127
STAA,0.379,-0.284,-0.062,-0.123,0.694,0.195,0.593,-0.236,0.097,0.672,0.365,0.656,0.289,0.049,-0.321,-0.157,0.258,0.53,0.398,0.148,0.206,0.101,0.455,-0.234,-0.058,0.497,0.562,0.624,-0.27,0.541,0.467,0.585,0.012,0.204,0.646,0.274,0.55,0.388,0.484,0.633,0.632,-0.075,0.553,-0.592,0.254,-0.436,0.594,0.423,0.199,0.164,-0.532,0.217,0.458,-0.636,0.205,0.658,0.429,0.25,0.566,0.8,0.27,0.177,0.175,0.793,0.064,0.191,0.56,0.718,-0.116,0.732,0.532,0.591,0.516,0.401,0.689,0.489,0.04,0.459,0.469,0.695,0.143,0.254,0.841,0.42,0.727,-0.064,0.484,0.834,0.127,0.31,0.208,0.434,0.64,0.51,0.051,0.57,0.141,0.74,0.385,0.592,0.517,0.474,0.205,0.363,0.661,0.523,0.423,0.237,0.746,0.159,0.423,0.263,0.51,0.332,0.462,0.712,0.17,0.692,0.553,0.561,0.34,0.631,0.526,0.498,-0.354,0.615,0.015,0.205,-0.167,0.788,0.001,0.457,0.34,0.347,0.671,0.694,0.226,0.627,0.581,0.374,0.672,0.305,0.688,-0.08,0.755,0.444,0.286,0.493,0.356,0.292,0.492,0.123,0.555,0.099,0.634,0.718,-0.015,0.533,0.495,0.259,0.724,-0.016,-0.164,0.303,0.599,0.885,0.587,0.715,0.731,-0.122,0.79,0.396,0.0,0.473,0.364,0.161,0.512,0.457,-0.1,0.63,0.462,0.559,0.363,0.501,0.647,0.164,-0.13,-0.456,0.277,0.457,0.393,0.627,0.385,0.774,0.461,0.089,-0.116,-0.063,0.508,0.616
STLD,0.874,-0.63,-0.79,-0.437,0.723,0.606,-0.141,-0.863,0.727,0.755,0.85,0.373,0.235,0.144,-0.692,-0.796,0.708,-0.025,0.778,0.423,0.796,0.165,0.802,0.12,0.136,-0.202,0.306,0.389,-0.4,0.647,0.826,0.823,-0.651,0.32,0.721,0.406,0.905,0.905,0.861,-0.019,0.846,-0.656,0.851,-0.616,0.755,-0.674,0.925,-0.257,-0.389,-0.459,-0.295,0.551,-0.007,-0.538,-0.316,0.801,0.947,0.864,0.889,0.598,-0.088,0.757,0.816,0.646,-0.207,0.702,0.685,0.73,-0.317,0.434,0.706,-0.135,0.893,0.399,0.379,0.833,0.621,0.788,0.324,0.652,0.738,0.852,0.608,0.221,0.833,-0.686,0.8,0.73,0.5,-0.296,-0.281,0.782,0.476,0.728,-0.187,0.721,0.721,0.171,0.468,0.286,0.555,0.87,0.095,0.695,0.858,0.444,0.797,0.866,0.691,0.433,0.945,0.751,0.876,0.672,0.425,0.226,-0.54,0.695,0.18,0.92,0.851,0.406,0.636,0.919,-0.847,0.873,0.191,0.32,0.505,0.66,0.147,0.888,0.835,0.846,0.667,0.869,0.275,0.608,0.192,0.674,0.642,-0.477,0.117,-0.814,0.776,0.873,0.794,0.824,0.844,0.203,0.832,-0.05,-0.064,0.5,0.837,0.834,-0.653,0.932,0.401,0.237,0.733,0.616,0.301,0.768,0.304,0.571,0.679,0.565,0.689,-0.25,0.667,-0.16,0.473,0.0,0.223,0.743,0.831,0.86,0.684,0.905,-0.303,0.471,0.173,0.053,0.225,-0.541,0.217,-0.715,0.71,0.21,0.859,0.849,0.847,0.466,0.939,0.018,-0.394,-0.545,0.826,0.883
STOK,0.081,0.116,-0.187,0.29,0.343,0.41,0.168,-0.009,-0.003,0.5,0.218,0.509,-0.216,0.341,0.23,-0.095,0.335,0.382,0.483,-0.129,0.099,0.378,0.077,-0.546,0.429,0.457,-0.083,0.423,0.257,0.494,0.188,0.082,0.15,-0.239,0.287,0.326,0.373,0.141,0.348,-0.071,0.11,-0.367,0.113,-0.383,-0.132,0.158,0.347,0.017,0.175,0.279,-0.229,-0.142,-0.21,-0.285,-0.163,0.178,0.197,0.041,0.277,0.419,0.317,-0.102,-0.016,0.354,0.172,-0.242,0.281,0.114,0.083,0.512,-0.044,0.14,0.256,0.424,0.025,0.231,-0.061,0.015,0.503,0.175,0.079,0.213,0.45,0.45,0.328,0.123,0.133,0.356,0.466,0.406,0.415,0.115,0.484,0.227,0.04,0.123,-0.059,0.012,0.407,0.647,-0.013,0.081,0.277,0.433,0.258,0.174,0.473,0.282,0.374,-0.241,0.121,-0.153,0.119,0.391,0.558,0.542,-0.075,0.198,0.624,0.247,0.046,0.322,0.493,0.394,-0.276,0.141,-0.135,-0.038,-0.365,0.15,0.085,0.22,0.172,0.347,0.272,0.195,0.567,0.021,0.478,0.53,0.565,0.243,0.328,-0.252,0.473,0.099,0.277,-0.025,0.392,0.344,0.234,0.452,0.359,-0.277,0.518,0.385,-0.091,0.147,-0.063,0.589,0.311,-0.017,0.113,0.043,0.506,0.39,0.198,0.465,0.182,0.18,0.551,0.55,0.364,0.223,0.0,-0.09,0.131,0.083,-0.146,0.275,0.056,0.275,0.524,0.61,0.48,0.363,-0.277,-0.05,-0.037,0.528,0.118,0.331,0.129,0.466,0.294,0.489,0.27,0.026,0.396,0.278
SWKS,0.907,-0.776,-0.604,-0.58,0.493,0.394,-0.291,-0.878,0.816,0.392,0.84,-0.112,0.337,0.15,-0.696,-0.694,0.491,-0.198,0.591,0.599,0.866,0.207,0.807,0.375,-0.115,-0.564,0.327,0.253,-0.576,0.295,0.823,0.835,-0.737,0.533,0.62,0.115,0.675,0.87,0.608,-0.043,0.803,-0.381,0.835,-0.175,0.893,-0.686,0.708,-0.413,-0.741,-0.531,0.157,0.82,0.076,-0.193,-0.441,0.612,0.845,0.887,0.8,0.205,-0.365,0.907,0.926,0.314,-0.452,0.835,0.504,0.616,-0.184,-0.066,0.78,-0.229,0.821,0.195,0.241,0.812,0.671,0.817,0.02,0.622,0.883,0.793,0.192,-0.014,0.495,-0.842,0.806,0.465,0.132,-0.681,-0.658,0.707,0.283,0.688,-0.054,0.71,0.851,-0.013,0.394,-0.146,0.423,0.811,0.25,0.427,0.663,0.101,0.513,0.637,0.358,0.753,0.787,0.924,0.744,0.559,0.184,-0.186,-0.607,0.507,-0.258,0.776,0.948,0.039,0.422,0.627,-0.664,0.747,0.486,0.141,0.761,0.546,-0.038,0.847,0.777,0.672,0.492,0.762,0.055,0.505,-0.336,0.373,0.391,-0.758,-0.167,-0.621,0.425,0.895,0.584,0.867,0.631,0.152,0.753,-0.333,-0.226,0.724,0.439,0.61,-0.497,0.744,0.426,-0.155,0.567,0.697,0.278,0.826,-0.256,0.293,0.618,0.175,0.52,-0.286,0.356,-0.583,0.161,0.743,-0.09,0.0,0.85,0.891,0.851,0.704,-0.411,0.394,-0.134,-0.32,-0.128,-0.803,0.598,-0.542,0.923,-0.178,0.916,0.683,0.807,0.064,0.674,-0.24,-0.638,-0.46,0.73,0.779
TER,0.926,-0.748,-0.559,-0.38,0.788,0.491,-0.059,-0.868,0.816,0.686,0.881,0.35,0.276,0.324,-0.628,-0.747,0.617,0.166,0.778,0.514,0.848,0.405,0.843,0.155,0.039,-0.164,0.416,0.485,-0.524,0.62,0.942,0.962,-0.606,0.387,0.873,0.314,0.884,0.94,0.801,0.147,0.916,-0.399,0.931,-0.419,0.826,-0.708,0.889,-0.297,-0.526,-0.424,-0.167,0.725,0.092,-0.509,-0.428,0.765,0.901,0.881,0.936,0.6,-0.0,0.846,0.841,0.616,-0.34,0.674,0.616,0.806,-0.182,0.35,0.776,0.044,0.919,0.429,0.365,0.902,0.415,0.84,0.365,0.838,0.87,0.785,0.568,0.319,0.739,-0.684,0.937,0.748,0.297,-0.388,-0.351,0.721,0.658,0.868,0.042,0.862,0.679,0.193,0.596,0.248,0.549,0.881,0.288,0.595,0.842,0.314,0.692,0.686,0.634,0.587,0.819,0.856,0.875,0.771,0.465,0.217,-0.55,0.733,0.111,0.94,0.944,0.31,0.677,0.826,-0.721,0.912,0.525,0.129,0.501,0.716,0.012,0.948,0.842,0.816,0.782,0.928,0.282,0.591,0.08,0.557,0.643,-0.548,0.253,-0.545,0.748,0.933,0.6,0.89,0.794,0.408,0.916,-0.131,0.136,0.669,0.687,0.873,-0.435,0.874,0.562,0.173,0.697,0.489,0.21,0.835,0.181,0.61,0.845,0.563,0.798,-0.225,0.691,-0.248,0.512,0.831,0.131,0.85,0.0,0.921,0.657,0.895,-0.157,0.727,0.176,0.064,0.245,-0.511,0.37,-0.663,0.804,0.171,0.932,0.903,0.844,0.508,0.797,0.042,-0.555,-0.397,0.881,0.896
TFIN,0.963,-0.868,-0.587,-0.623,0.665,0.423,-0.016,-0.901,0.782,0.573,0.911,0.155,0.48,0.077,-0.762,-0.754,0.636,-0.039,0.679,0.619,0.844,0.17,0.941,0.248,-0.185,-0.377,0.558,0.385,-0.643,0.461,0.874,0.932,-0.672,0.579,0.744,0.206,0.814,0.898,0.742,0.207,0.879,-0.399,0.955,-0.473,0.872,-0.835,0.893,-0.239,-0.582,-0.498,-0.159,0.845,0.218,-0.539,-0.339,0.843,0.949,0.897,0.899,0.442,-0.219,0.855,0.875,0.558,-0.477,0.813,0.556,0.777,-0.329,0.21,0.886,-0.077,0.919,0.215,0.492,0.892,0.64,0.947,0.12,0.819,0.831,0.832,0.457,0.083,0.767,-0.842,0.854,0.691,0.132,-0.539,-0.528,0.863,0.507,0.755,-0.042,0.893,0.809,0.164,0.423,0.098,0.623,0.957,0.214,0.499,0.782,0.327,0.572,0.665,0.565,0.73,0.874,0.894,0.885,0.661,0.349,0.125,-0.534,0.711,-0.065,0.882,0.949,0.279,0.542,0.764,-0.754,0.923,0.337,0.135,0.62,0.788,-0.013,0.945,0.802,0.717,0.67,0.901,0.098,0.734,-0.086,0.456,0.616,-0.598,0.071,-0.593,0.647,0.967,0.626,0.922,0.686,0.213,0.877,-0.338,0.031,0.641,0.631,0.831,-0.569,0.907,0.626,-0.026,0.756,0.562,0.086,0.887,0.054,0.595,0.778,0.41,0.741,-0.392,0.669,-0.339,0.457,0.86,0.083,0.891,0.921,0.0,0.709,0.881,-0.314,0.551,-0.024,-0.104,0.096,-0.674,0.42,-0.75,0.852,-0.053,0.945,0.842,0.906,0.316,0.768,-0.201,-0.622,-0.597,0.836,0.906
TIGO,0.761,-0.591,-0.702,-0.468,0.298,0.42,-0.547,-0.783,0.824,0.293,0.748,-0.144,0.084,0.098,-0.612,-0.701,0.474,-0.341,0.513,0.512,0.866,0.15,0.614,0.486,0.066,-0.632,0.05,-0.024,-0.411,0.197,0.652,0.652,-0.787,0.361,0.451,0.139,0.568,0.775,0.521,-0.304,0.59,-0.454,0.624,-0.039,0.776,-0.51,0.577,-0.558,-0.659,-0.675,0.183,0.588,-0.267,-0.041,-0.477,0.403,0.726,0.848,0.63,0.065,-0.37,0.837,0.918,0.148,-0.368,0.774,0.377,0.357,-0.085,-0.147,0.561,-0.434,0.645,0.111,0.04,0.635,0.685,0.621,-0.056,0.353,0.75,0.762,0.067,-0.07,0.329,-0.756,0.642,0.247,0.274,-0.702,-0.65,0.56,0.06,0.559,-0.049,0.488,0.76,-0.17,0.188,-0.256,0.342,0.654,0.062,0.46,0.492,0.161,0.475,0.727,0.249,0.559,0.755,0.8,0.598,0.479,0.135,-0.406,-0.745,0.373,-0.274,0.617,0.803,0.029,0.341,0.573,-0.564,0.552,0.439,0.288,0.844,0.289,-0.025,0.699,0.739,0.628,0.269,0.544,0.009,0.3,-0.32,0.323,0.216,-0.826,-0.327,-0.672,0.292,0.712,0.535,0.702,0.592,0.007,0.57,-0.171,-0.421,0.681,0.385,0.386,-0.527,0.655,0.263,-0.085,0.337,0.697,0.452,0.705,-0.289,0.018,0.443,0.053,0.309,-0.146,0.122,-0.618,-0.1,0.684,-0.146,0.851,0.657,0.709,0.0,0.579,-0.488,0.227,-0.155,-0.451,-0.261,-0.825,0.461,-0.388,0.743,-0.184,0.74,0.491,0.658,-0.07,0.605,-0.186,-0.484,-0.516,0.561,0.562
TILE,0.854,-0.644,-0.582,-0.379,0.821,0.537,0.043,-0.806,0.707,0.808,0.885,0.489,0.274,0.16,-0.665,-0.709,0.712,0.15,0.758,0.478,0.785,0.252,0.826,0.113,0.069,-0.043,0.487,0.472,-0.409,0.679,0.837,0.901,-0.588,0.329,0.845,0.464,0.935,0.898,0.893,0.22,0.903,-0.499,0.893,-0.622,0.776,-0.728,0.946,-0.117,-0.27,-0.423,-0.366,0.562,0.121,-0.635,-0.237,0.851,0.926,0.844,0.914,0.709,0.051,0.728,0.761,0.731,-0.182,0.649,0.684,0.815,-0.234,0.557,0.734,0.098,0.882,0.37,0.509,0.827,0.486,0.804,0.41,0.8,0.716,0.769,0.714,0.364,0.886,-0.601,0.851,0.796,0.367,-0.219,-0.19,0.785,0.639,0.771,-0.069,0.832,0.639,0.336,0.488,0.387,0.656,0.905,0.1,0.674,0.874,0.584,0.715,0.764,0.805,0.445,0.888,0.762,0.914,0.701,0.462,0.365,-0.457,0.847,0.27,0.934,0.837,0.546,0.652,0.891,-0.779,0.934,0.283,0.329,0.427,0.756,0.032,0.904,0.794,0.814,0.766,0.926,0.312,0.719,0.301,0.573,0.715,-0.369,0.375,-0.605,0.865,0.879,0.628,0.87,0.789,0.363,0.864,-0.008,0.182,0.508,0.831,0.908,-0.496,0.943,0.608,0.27,0.742,0.404,0.252,0.777,0.396,0.729,0.799,0.697,0.837,-0.192,0.792,-0.065,0.63,0.905,0.275,0.704,0.895,0.881,0.579,0.0,-0.08,0.674,0.266,0.141,0.383,-0.422,0.18,-0.719,0.672,0.291,0.861,0.895,0.855,0.609,0.816,0.035,-0.46,-0.468,0.844,0.906
TPIC,-0.358,0.397,0.57,0.337,0.033,-0.17,0.542,0.501,-0.347,0.081,-0.239,0.365,-0.074,-0.033,0.209,0.529,-0.385,0.564,-0.231,-0.193,-0.314,0.079,-0.315,-0.126,0.085,0.651,0.124,0.091,0.116,-0.045,-0.253,-0.086,0.488,-0.143,0.114,0.1,-0.162,-0.293,-0.183,0.479,-0.045,0.506,-0.21,0.153,-0.3,0.192,-0.212,0.553,0.575,0.351,-0.17,-0.399,0.267,0.072,0.456,-0.161,-0.351,-0.339,-0.189,0.328,0.352,-0.372,-0.4,0.149,0.495,-0.311,0.112,-0.008,0.386,0.334,-0.165,0.671,-0.317,0.149,0.331,-0.272,-0.42,-0.298,0.237,0.014,-0.489,-0.389,0.303,0.288,-0.104,0.63,-0.129,0.107,-0.08,0.497,0.503,-0.352,0.1,-0.04,0.31,-0.17,-0.417,0.636,-0.122,0.28,0.1,-0.313,0.067,0.033,-0.053,0.361,-0.171,-0.32,0.228,-0.266,-0.284,-0.278,-0.207,-0.232,0.017,0.324,0.564,0.185,0.512,-0.188,-0.346,0.484,-0.051,-0.245,0.443,-0.154,0.117,0.201,-0.418,0.073,-0.31,-0.302,-0.256,-0.29,-0.008,-0.049,0.031,0.041,0.405,-0.242,-0.02,0.538,0.594,0.563,0.174,-0.299,-0.326,-0.112,-0.269,0.161,-0.262,0.464,0.481,-0.207,-0.055,-0.089,0.728,-0.221,0.154,0.186,-0.011,-0.518,-0.03,-0.311,0.306,0.232,0.023,0.237,0.107,0.289,0.077,0.434,0.462,-0.303,0.056,-0.411,-0.157,-0.314,-0.488,-0.08,0.0,0.181,0.291,0.317,0.528,0.572,-0.374,0.37,-0.307,0.366,-0.353,-0.149,-0.397,0.373,-0.266,0.071,0.181,0.502,-0.195,-0.212
TTEC,0.539,-0.4,-0.197,0.173,0.747,0.386,0.153,-0.48,0.529,0.601,0.565,0.645,-0.038,0.488,-0.165,-0.42,0.43,0.6,0.636,0.188,0.554,0.66,0.488,-0.154,0.238,0.326,0.228,0.55,-0.136,0.689,0.718,0.694,-0.2,0.051,0.871,0.36,0.665,0.613,0.664,0.212,0.632,-0.069,0.591,-0.252,0.427,-0.347,0.626,-0.181,-0.12,-0.092,-0.191,0.364,-0.045,-0.457,-0.381,0.439,0.552,0.496,0.706,0.682,0.493,0.447,0.418,0.513,-0.159,0.165,0.412,0.613,0.166,0.584,0.416,0.444,0.63,0.583,0.205,0.621,-0.116,0.459,0.635,0.788,0.566,0.38,0.635,0.611,0.549,-0.198,0.759,0.643,0.307,0.08,0.08,0.395,0.801,0.767,0.347,0.703,0.222,0.249,0.625,0.564,0.511,0.532,0.331,0.455,0.534,0.272,0.551,0.412,0.617,0.197,0.432,0.433,0.585,0.756,0.616,0.504,-0.396,0.55,0.372,0.689,0.549,0.308,0.691,0.606,-0.371,0.628,0.605,0.017,0.027,0.476,0.049,0.66,0.572,0.629,0.774,0.703,0.553,0.306,0.45,0.465,0.598,-0.14,0.599,-0.124,0.686,0.573,0.207,0.512,0.604,0.642,0.738,0.188,0.555,0.43,0.551,0.73,-0.045,0.557,0.532,0.49,0.379,-0.009,0.082,0.47,0.471,0.617,0.747,0.66,0.762,-0.045,0.722,0.151,0.559,0.471,0.275,0.394,0.727,0.551,0.227,0.674,0.181,0.0,0.534,0.442,0.485,0.052,-0.02,-0.353,0.41,0.48,0.586,0.701,0.527,0.714,0.471,0.413,-0.388,-0.016,0.687,0.581
TTEK,-0.001,0.369,-0.066,0.644,0.442,0.474,-0.051,0.06,0.04,0.556,0.083,0.728,-0.478,0.589,0.31,0.032,0.315,0.583,0.459,-0.252,0.104,0.562,-0.081,-0.496,0.725,0.719,-0.251,0.484,0.51,0.681,0.219,0.12,0.141,-0.524,0.403,0.556,0.406,0.197,0.447,-0.136,0.173,-0.23,0.039,-0.194,-0.134,0.307,0.222,-0.037,0.322,0.241,-0.179,-0.357,-0.289,-0.073,-0.245,-0.03,0.091,0.073,0.287,0.605,0.532,-0.083,-0.055,0.305,0.527,-0.345,0.309,0.198,0.421,0.671,-0.234,0.413,0.176,0.613,-0.085,0.218,-0.306,-0.177,0.816,0.136,0.105,0.07,0.557,0.754,0.214,0.356,0.199,0.328,0.642,0.575,0.604,-0.141,0.541,0.374,0.112,0.04,-0.122,0.12,0.576,0.767,-0.07,-0.042,0.203,0.473,0.284,0.29,0.542,0.237,0.546,-0.388,0.011,-0.188,0.123,0.486,0.587,0.595,-0.028,0.252,0.702,0.272,0.018,0.335,0.535,0.4,-0.156,0.098,0.185,0.04,-0.387,-0.023,0.052,0.196,0.196,0.437,0.339,0.193,0.864,-0.148,0.7,0.518,0.485,0.269,0.63,-0.13,0.51,0.022,0.094,-0.047,0.486,0.606,0.264,0.657,0.41,-0.17,0.492,0.344,0.159,0.055,-0.107,0.77,0.141,-0.086,0.365,-0.014,0.599,0.253,0.331,0.654,0.261,0.402,0.45,0.527,0.363,0.173,0.524,-0.134,0.176,-0.024,-0.155,0.266,0.291,0.534,0.0,0.717,0.671,0.52,-0.281,0.155,-0.135,0.855,0.048,0.289,0.018,0.705,0.272,0.793,0.304,0.319,0.394,0.191
TTGT,-0.086,0.277,-0.009,0.548,0.404,0.34,0.304,0.148,-0.176,0.447,-0.071,0.721,-0.249,0.503,0.366,0.035,0.128,0.687,0.439,-0.447,-0.147,0.499,-0.071,-0.805,0.499,0.808,-0.144,0.51,0.369,0.607,0.145,0.029,0.447,-0.379,0.269,0.303,0.281,-0.006,0.272,0.062,0.06,-0.164,0.031,-0.381,-0.36,0.286,0.207,0.18,0.296,0.551,-0.384,-0.303,-0.118,-0.316,-0.037,0.094,-0.027,-0.187,0.184,0.626,0.564,-0.363,-0.29,0.413,0.347,-0.521,0.292,0.141,0.12,0.678,-0.143,0.455,0.109,0.565,0.005,0.19,-0.417,-0.156,0.66,0.199,-0.057,-0.003,0.556,0.683,0.274,0.377,0.058,0.417,0.445,0.691,0.654,-0.084,0.611,0.232,0.166,0.019,-0.307,0.144,0.561,0.936,-0.104,-0.115,0.294,0.275,0.202,0.093,0.408,0.055,0.395,-0.393,-0.13,-0.394,0.002,0.347,0.586,0.728,0.123,0.142,0.758,0.17,-0.117,0.319,0.533,0.287,-0.079,0.071,-0.064,-0.267,-0.668,0.126,0.168,0.056,0.024,0.23,0.367,0.127,0.682,-0.094,0.693,0.527,0.526,0.437,0.588,-0.003,0.45,-0.069,0.102,-0.205,0.307,0.433,0.218,0.515,0.609,-0.385,0.431,0.367,0.149,-0.019,-0.164,0.694,0.226,-0.256,-0.072,-0.191,0.688,0.439,0.195,0.571,0.181,0.142,0.554,0.775,0.501,0.053,0.61,-0.32,0.064,-0.104,-0.451,0.141,0.317,0.442,0.717,0.0,0.623,0.742,-0.472,0.038,-0.211,0.741,-0.089,0.315,-0.114,0.708,0.192,0.727,0.407,0.243,0.279,0.169
UXIN,0.042,0.189,0.071,0.334,0.505,0.375,0.352,0.045,-0.052,0.581,0.16,0.705,-0.114,0.298,0.101,0.066,0.196,0.664,0.377,0.018,0.019,0.294,0.039,-0.406,0.427,0.68,0.145,0.379,0.115,0.524,0.166,0.229,0.12,-0.272,0.475,0.514,0.397,0.188,0.381,0.22,0.27,-0.087,0.187,-0.41,-0.048,0.03,0.305,0.2,0.404,0.28,-0.442,-0.214,0.109,-0.33,0.025,0.193,0.146,0.049,0.317,0.626,0.45,-0.034,-0.055,0.423,0.445,-0.183,0.356,0.323,0.213,0.758,-0.002,0.469,0.185,0.503,0.358,0.207,-0.303,-0.002,0.652,0.274,-0.017,0.054,0.645,0.495,0.362,0.37,0.234,0.454,0.428,0.48,0.524,-0.029,0.498,0.304,0.045,0.206,-0.125,0.365,0.331,0.678,0.097,0.09,0.219,0.494,0.386,0.486,0.445,0.155,0.597,-0.197,0.111,-0.056,0.226,0.359,0.552,0.713,0.17,0.477,0.811,0.301,0.049,0.564,0.522,0.379,-0.126,0.259,0.108,0.195,-0.433,0.283,-0.098,0.21,0.118,0.301,0.344,0.33,0.564,0.209,0.629,0.419,0.514,0.354,0.695,-0.018,0.603,0.138,0.161,0.102,0.346,0.465,0.235,0.516,0.52,-0.175,0.525,0.41,0.226,0.175,0.109,0.548,0.405,-0.167,0.135,0.035,0.646,0.472,0.368,0.704,0.4,0.279,0.571,0.605,0.647,0.225,0.48,-0.128,0.245,0.096,-0.261,0.383,0.528,0.485,0.671,0.623,0.0,0.444,-0.279,-0.03,-0.084,0.661,0.087,0.336,0.067,0.706,0.267,0.417,0.211,0.313,0.394,0.291
VERU,-0.674,0.704,0.497,0.752,-0.119,-0.09,0.395,0.711,-0.642,-0.05,-0.591,0.422,-0.388,0.233,0.718,0.569,-0.366,0.6,-0.174,-0.681,-0.642,0.245,-0.6,-0.706,0.379,0.858,-0.327,0.132,0.61,0.117,-0.456,-0.525,0.785,-0.53,-0.208,0.071,-0.332,-0.596,-0.292,0.093,-0.481,0.292,-0.551,0.046,-0.78,0.659,-0.409,0.391,0.647,0.729,-0.18,-0.705,-0.119,0.065,0.287,-0.426,-0.622,-0.722,-0.43,0.19,0.584,-0.814,-0.795,-0.021,0.535,-0.885,-0.119,-0.345,0.342,0.357,-0.595,0.527,-0.52,0.249,-0.179,-0.431,-0.727,-0.665,0.374,-0.28,-0.614,-0.572,0.138,0.446,-0.272,0.82,-0.478,-0.101,0.11,0.839,0.819,-0.574,0.154,-0.283,0.267,-0.487,-0.741,0.143,0.074,0.599,-0.327,-0.66,0.077,-0.145,-0.364,-0.049,-0.145,-0.444,-0.038,-0.677,-0.651,-0.831,-0.541,-0.206,0.191,0.5,0.493,-0.277,0.615,-0.437,-0.693,0.151,0.019,-0.324,0.499,-0.494,-0.2,-0.271,-0.89,-0.318,0.046,-0.561,-0.525,-0.357,-0.132,-0.432,0.373,-0.424,0.556,0.0,0.024,0.731,0.472,0.52,-0.056,-0.661,-0.413,-0.677,-0.287,0.199,-0.39,0.581,0.561,-0.674,-0.116,-0.235,0.592,-0.569,-0.335,0.49,-0.3,-0.659,-0.174,-0.68,0.487,0.037,-0.28,0.157,-0.261,0.319,0.041,0.79,0.164,-0.541,0.363,-0.803,-0.511,-0.674,-0.825,-0.422,0.572,0.052,0.52,0.742,0.444,0.0,-0.609,0.509,-0.666,0.557,-0.66,-0.307,-0.653,0.338,-0.408,0.568,0.596,0.599,-0.341,-0.448
VLYPP,0.393,-0.379,-0.138,-0.42,0.192,0.003,-0.373,-0.437,0.299,0.093,0.308,-0.421,0.18,-0.019,-0.368,-0.218,0.275,-0.418,0.058,0.563,0.336,-0.11,0.307,0.441,-0.308,-0.519,0.277,0.046,-0.357,0.006,0.324,0.343,-0.59,0.225,0.117,-0.003,0.188,0.389,0.161,-0.015,0.363,-0.191,0.378,0.065,0.585,-0.343,0.172,-0.23,-0.433,-0.43,0.254,0.454,0.183,0.129,-0.293,0.237,0.331,0.438,0.281,-0.15,-0.46,0.524,0.473,-0.052,-0.328,0.521,0.113,0.384,-0.097,-0.259,0.339,-0.219,0.349,-0.182,0.011,0.256,0.31,0.367,-0.066,0.153,0.469,0.208,-0.188,-0.203,0.083,-0.475,0.312,0.022,-0.163,-0.491,-0.549,0.221,-0.027,0.228,-0.344,0.307,0.411,-0.124,0.223,-0.389,-0.069,0.39,0.06,-0.006,0.322,-0.135,0.083,0.103,0.036,0.455,0.276,0.526,0.323,0.121,-0.151,-0.262,-0.163,0.149,-0.501,0.279,0.459,-0.266,-0.078,0.153,-0.351,0.288,0.182,0.047,0.537,0.139,0.041,0.36,0.251,0.267,0.152,0.247,-0.125,0.137,-0.416,-0.044,0.029,-0.382,-0.204,-0.251,0.017,0.408,0.154,0.437,0.155,0.097,0.242,-0.453,-0.337,0.403,-0.014,0.18,-0.327,0.22,0.177,-0.361,0.207,0.537,0.221,0.403,-0.504,-0.035,0.182,-0.033,0.189,-0.009,-0.089,-0.67,-0.13,0.217,-0.277,0.598,0.37,0.42,0.461,0.18,-0.374,-0.02,-0.281,-0.472,-0.279,-0.609,0.0,-0.271,0.536,-0.261,0.5,0.194,0.413,-0.175,0.17,-0.269,-0.378,-0.135,0.252,0.375
VNOM,-0.703,0.749,0.528,0.628,-0.622,-0.157,-0.15,0.768,-0.441,-0.519,-0.608,-0.235,-0.515,0.116,0.74,0.695,-0.592,0.194,-0.478,-0.5,-0.491,0.104,-0.778,-0.184,0.306,0.264,-0.576,-0.322,0.544,-0.441,-0.651,-0.68,0.513,-0.395,-0.519,-0.214,-0.643,-0.664,-0.633,-0.303,-0.674,0.471,-0.769,0.714,-0.653,0.825,-0.778,0.016,0.324,0.38,0.547,-0.649,-0.299,0.825,0.074,-0.863,-0.771,-0.616,-0.679,-0.42,0.048,-0.6,-0.567,-0.624,0.468,-0.599,-0.324,-0.707,0.656,-0.339,-0.718,0.068,-0.715,-0.063,-0.424,-0.577,-0.432,-0.795,-0.098,-0.676,-0.558,-0.576,-0.462,0.01,-0.843,0.716,-0.625,-0.681,-0.032,0.291,0.374,-0.812,-0.455,-0.427,0.256,-0.744,-0.529,-0.222,-0.276,-0.11,-0.58,-0.85,0.057,-0.28,-0.688,-0.258,-0.406,-0.501,-0.455,-0.452,-0.742,-0.663,-0.793,-0.417,-0.221,-0.267,0.374,-0.603,0.102,-0.708,-0.67,-0.194,-0.374,-0.662,0.755,-0.831,0.072,-0.128,-0.346,-0.709,-0.273,-0.68,-0.501,-0.519,-0.654,-0.72,0.07,-0.683,-0.12,-0.378,-0.45,0.302,-0.15,0.498,-0.522,-0.743,-0.485,-0.689,-0.471,-0.045,-0.687,0.427,-0.086,-0.446,-0.577,-0.741,0.716,-0.812,-0.533,0.07,-0.546,-0.374,0.172,-0.647,-0.258,-0.646,-0.554,-0.426,-0.682,0.431,-0.589,0.2,-0.456,-0.715,-0.05,-0.542,-0.663,-0.75,-0.388,-0.719,0.37,-0.353,0.155,0.038,-0.03,0.509,-0.271,0.0,-0.533,0.113,-0.707,-0.735,-0.786,-0.353,-0.585,0.219,0.504,0.66,-0.51,-0.726
VRNS,0.843,-0.747,-0.549,-0.557,0.533,0.353,-0.131,-0.83,0.664,0.429,0.779,-0.106,0.397,0.07,-0.645,-0.62,0.361,-0.095,0.571,0.522,0.756,0.172,0.818,0.224,-0.155,-0.477,0.366,0.303,-0.517,0.341,0.802,0.824,-0.631,0.608,0.651,0.104,0.622,0.805,0.578,0.079,0.794,-0.322,0.849,-0.233,0.86,-0.696,0.704,-0.263,-0.665,-0.37,0.134,0.82,0.135,-0.252,-0.325,0.659,0.809,0.773,0.81,0.226,-0.312,0.78,0.833,0.398,-0.442,0.747,0.611,0.644,-0.161,-0.014,0.84,-0.065,0.795,0.261,0.295,0.807,0.636,0.798,0.058,0.68,0.784,0.705,0.207,-0.018,0.529,-0.784,0.774,0.548,0.067,-0.548,-0.635,0.719,0.307,0.697,0.034,0.702,0.779,0.093,0.42,-0.043,0.453,0.776,0.301,0.367,0.679,0.073,0.536,0.588,0.355,0.769,0.769,0.829,0.72,0.486,0.23,-0.083,-0.532,0.465,-0.168,0.767,0.891,0.079,0.457,0.596,-0.609,0.76,0.47,0.108,0.642,0.625,0.05,0.779,0.702,0.596,0.561,0.78,0.046,0.525,-0.268,0.402,0.469,-0.633,-0.114,-0.549,0.424,0.846,0.558,0.831,0.55,0.147,0.773,-0.303,-0.045,0.64,0.459,0.647,-0.419,0.712,0.473,-0.159,0.603,0.671,0.196,0.778,-0.206,0.426,0.607,0.186,0.524,-0.268,0.413,-0.473,0.277,0.71,-0.037,0.923,0.804,0.852,0.743,0.672,-0.307,0.41,-0.135,-0.211,-0.084,-0.666,0.536,-0.533,0.0,-0.114,0.886,0.703,0.753,0.117,0.639,-0.239,-0.649,-0.345,0.693,0.79
VRSN,-0.014,0.387,-0.093,0.639,0.533,0.467,-0.016,0.049,-0.013,0.669,0.063,0.765,-0.519,0.507,0.307,-0.01,0.283,0.583,0.456,-0.33,0.044,0.476,-0.13,-0.491,0.679,0.766,-0.229,0.505,0.52,0.743,0.218,0.13,0.12,-0.49,0.396,0.604,0.441,0.194,0.442,-0.077,0.227,-0.293,0.059,-0.285,-0.133,0.294,0.252,0.061,0.421,0.247,-0.222,-0.434,-0.264,-0.119,-0.132,0.071,0.082,0.044,0.281,0.706,0.543,-0.124,-0.094,0.46,0.554,-0.339,0.478,0.289,0.336,0.757,-0.209,0.453,0.189,0.621,-0.067,0.197,-0.33,-0.201,0.866,0.145,0.036,0.027,0.631,0.813,0.285,0.403,0.192,0.396,0.668,0.655,0.675,-0.136,0.536,0.367,0.019,0.016,-0.246,0.257,0.607,0.798,-0.086,-0.037,0.086,0.485,0.392,0.36,0.594,0.283,0.607,-0.462,0.046,-0.22,0.132,0.4,0.527,0.61,0.061,0.268,0.776,0.318,-0.009,0.465,0.523,0.439,-0.154,0.128,0.13,0.148,-0.384,0.044,0.175,0.153,0.205,0.448,0.426,0.219,0.782,-0.138,0.82,0.545,0.506,0.385,0.647,-0.18,0.596,-0.008,0.158,-0.007,0.477,0.576,0.246,0.698,0.4,-0.217,0.54,0.388,0.125,0.108,-0.114,0.795,0.209,-0.081,0.439,-0.065,0.681,0.356,0.272,0.727,0.3,0.507,0.453,0.562,0.457,0.21,0.528,-0.178,0.171,-0.053,-0.184,0.291,0.366,0.48,0.855,0.741,0.661,0.557,-0.261,0.113,-0.114,0.0,0.057,0.324,0.001,0.772,0.32,0.799,0.387,0.371,0.351,0.253
WDAY,0.943,-0.783,-0.648,-0.471,0.744,0.453,-0.176,-0.941,0.793,0.655,0.878,0.192,0.286,0.213,-0.659,-0.778,0.65,-0.027,0.718,0.593,0.852,0.266,0.856,0.247,-0.049,-0.351,0.403,0.467,-0.501,0.562,0.926,0.925,-0.728,0.427,0.782,0.279,0.839,0.95,0.792,0.045,0.899,-0.494,0.918,-0.403,0.901,-0.737,0.868,-0.365,-0.584,-0.496,-0.06,0.786,0.089,-0.431,-0.473,0.77,0.946,0.91,0.927,0.451,-0.133,0.893,0.895,0.556,-0.438,0.768,0.579,0.803,-0.219,0.244,0.803,-0.097,0.951,0.34,0.288,0.867,0.542,0.86,0.294,0.786,0.904,0.776,0.435,0.161,0.726,-0.786,0.917,0.681,0.265,-0.473,-0.494,0.777,0.541,0.806,-0.105,0.86,0.747,0.088,0.575,0.108,0.509,0.922,0.244,0.523,0.833,0.207,0.69,0.726,0.558,0.643,0.872,0.902,0.884,0.719,0.367,0.124,-0.603,0.618,-0.06,0.931,0.962,0.155,0.575,0.818,-0.8,0.893,0.436,0.2,0.626,0.673,0.12,0.948,0.841,0.827,0.751,0.902,0.206,0.561,-0.017,0.527,0.579,-0.584,0.068,-0.677,0.663,0.964,0.647,0.909,0.765,0.335,0.896,-0.271,-0.037,0.704,0.642,0.835,-0.592,0.876,0.519,0.069,0.662,0.656,0.25,0.862,0.058,0.547,0.738,0.463,0.753,-0.224,0.606,-0.4,0.393,0.859,0.118,0.916,0.932,0.945,0.74,0.861,-0.353,0.586,0.048,-0.089,0.087,-0.66,0.5,-0.707,0.886,0.057,0.0,0.853,0.922,0.355,0.794,-0.056,-0.631,-0.459,0.855,0.909
WERN,0.855,-0.65,-0.648,-0.294,0.865,0.533,0.056,-0.829,0.656,0.788,0.809,0.509,0.248,0.359,-0.538,-0.743,0.656,0.236,0.86,0.331,0.721,0.406,0.815,-0.107,0.125,0.006,0.366,0.565,-0.383,0.769,0.914,0.885,-0.442,0.293,0.837,0.382,0.912,0.868,0.867,0.148,0.867,-0.557,0.9,-0.637,0.672,-0.65,0.948,-0.169,-0.418,-0.235,-0.369,0.613,0.05,-0.656,-0.338,0.85,0.881,0.759,0.928,0.742,0.132,0.667,0.701,0.775,-0.252,0.506,0.691,0.79,-0.295,0.517,0.737,0.098,0.912,0.517,0.346,0.888,0.378,0.785,0.474,0.835,0.779,0.763,0.678,0.42,0.875,-0.604,0.857,0.86,0.398,-0.138,-0.187,0.77,0.779,0.786,0.017,0.813,0.579,0.214,0.684,0.479,0.503,0.84,0.285,0.602,0.873,0.297,0.785,0.718,0.706,0.43,0.798,0.668,0.863,0.77,0.557,0.407,-0.515,0.714,0.287,0.943,0.847,0.358,0.756,0.897,-0.78,0.921,0.319,0.068,0.29,0.738,0.219,0.887,0.793,0.825,0.858,0.905,0.407,0.575,0.284,0.724,0.774,-0.379,0.341,-0.608,0.82,0.864,0.677,0.769,0.825,0.434,0.932,-0.042,0.264,0.469,0.834,0.959,-0.527,0.865,0.459,0.316,0.733,0.475,0.118,0.716,0.386,0.755,0.794,0.682,0.782,-0.242,0.819,-0.009,0.627,0.849,0.331,0.683,0.903,0.842,0.491,0.895,-0.149,0.701,0.289,0.315,0.336,-0.307,0.194,-0.735,0.703,0.324,0.853,0.0,0.806,0.669,0.823,0.194,-0.396,-0.423,0.87,0.922
WINA,0.873,-0.79,-0.597,-0.527,0.728,0.352,-0.106,-0.901,0.706,0.623,0.859,0.195,0.327,0.044,-0.702,-0.741,0.722,-0.101,0.616,0.61,0.774,0.106,0.854,0.28,-0.163,-0.363,0.518,0.43,-0.474,0.536,0.818,0.844,-0.749,0.406,0.699,0.313,0.802,0.859,0.825,0.152,0.83,-0.51,0.857,-0.512,0.861,-0.803,0.853,-0.269,-0.449,-0.555,-0.178,0.745,0.156,-0.524,-0.392,0.81,0.935,0.866,0.838,0.42,-0.099,0.815,0.812,0.542,-0.423,0.752,0.454,0.787,-0.324,0.294,0.761,-0.1,0.886,0.203,0.351,0.752,0.553,0.86,0.225,0.751,0.815,0.703,0.431,0.089,0.798,-0.775,0.82,0.617,0.18,-0.397,-0.469,0.814,0.525,0.651,-0.215,0.87,0.699,0.1,0.45,0.098,0.58,0.954,0.056,0.421,0.765,0.296,0.584,0.64,0.586,0.588,0.874,0.843,0.916,0.65,0.274,0.209,-0.53,0.649,-0.133,0.867,0.863,0.174,0.451,0.788,-0.79,0.898,0.278,0.228,0.607,0.675,0.145,0.903,0.746,0.765,0.718,0.842,0.134,0.645,0.035,0.432,0.559,-0.474,0.11,-0.633,0.615,0.909,0.63,0.866,0.683,0.341,0.842,-0.353,-0.012,0.609,0.633,0.806,-0.701,0.898,0.607,0.039,0.604,0.571,0.165,0.852,0.131,0.577,0.691,0.507,0.765,-0.273,0.617,-0.382,0.385,0.847,0.129,0.807,0.844,0.906,0.658,0.855,-0.397,0.527,0.018,-0.114,0.067,-0.653,0.413,-0.786,0.753,0.001,0.922,0.806,0.0,0.34,0.733,-0.13,-0.661,-0.546,0.773,0.847
WKHS,0.324,-0.06,-0.205,0.285,0.8,0.387,0.226,-0.267,0.205,0.815,0.329,0.88,-0.137,0.454,-0.073,-0.277,0.456,0.623,0.594,0.002,0.268,0.461,0.261,-0.349,0.384,0.68,0.182,0.62,0.057,0.813,0.507,0.512,-0.009,-0.247,0.681,0.523,0.664,0.453,0.645,0.249,0.542,-0.305,0.442,-0.536,0.147,-0.172,0.589,0.116,0.237,0.107,-0.568,-0.028,0.029,-0.541,-0.106,0.484,0.398,0.293,0.571,0.934,0.564,0.158,0.152,0.768,0.228,-0.034,0.514,0.623,0.053,0.88,0.209,0.504,0.507,0.613,0.268,0.44,-0.207,0.246,0.821,0.56,0.266,0.254,0.882,0.748,0.668,0.098,0.519,0.776,0.514,0.47,0.424,0.248,0.823,0.569,0.025,0.453,-0.009,0.455,0.65,0.801,0.29,0.365,0.181,0.549,0.67,0.452,0.643,0.388,0.798,-0.142,0.342,0.133,0.495,0.582,0.594,0.764,-0.037,0.613,0.691,0.601,0.305,0.535,0.652,0.656,-0.429,0.535,0.141,0.178,-0.245,0.474,0.183,0.468,0.414,0.588,0.743,0.582,0.606,0.267,0.817,0.587,0.682,0.245,0.797,-0.209,0.829,0.358,0.299,0.333,0.597,0.588,0.536,0.407,0.541,0.077,0.725,0.734,-0.086,0.469,0.257,0.665,0.477,0.001,0.122,0.22,0.768,0.707,0.553,0.907,0.689,0.143,0.748,0.459,0.774,0.466,0.466,0.064,0.508,0.316,-0.07,0.609,0.373,0.714,0.705,0.708,0.706,0.338,-0.175,-0.353,0.117,0.772,0.355,0.669,0.34,0.0,0.513,0.583,0.042,0.02,0.564,0.547
WRLD,0.807,-0.517,-0.791,-0.263,0.713,0.68,-0.197,-0.789,0.712,0.765,0.753,0.45,0.079,0.331,-0.524,-0.766,0.644,0.084,0.828,0.268,0.747,0.317,0.68,-0.009,0.287,-0.084,0.128,0.473,-0.32,0.697,0.813,0.766,-0.534,0.191,0.683,0.358,0.878,0.857,0.806,-0.152,0.788,-0.67,0.755,-0.54,0.611,-0.487,0.86,-0.345,-0.405,-0.347,-0.238,0.449,-0.101,-0.443,-0.411,0.681,0.858,0.788,0.849,0.628,-0.002,0.692,0.746,0.624,-0.129,0.546,0.665,0.658,-0.225,0.436,0.584,-0.146,0.87,0.559,0.226,0.825,0.479,0.662,0.431,0.592,0.731,0.82,0.632,0.333,0.743,-0.569,0.77,0.72,0.634,-0.209,-0.163,0.647,0.541,0.763,-0.177,0.623,0.593,0.085,0.596,0.367,0.397,0.736,0.207,0.742,0.84,0.306,0.859,0.843,0.632,0.32,0.832,0.643,0.764,0.718,0.501,0.262,-0.5,0.584,0.284,0.892,0.798,0.341,0.7,0.909,-0.793,0.759,0.234,0.214,0.402,0.592,0.162,0.848,0.834,0.877,0.669,0.808,0.375,0.429,0.244,0.759,0.65,-0.435,0.102,-0.818,0.775,0.799,0.799,0.709,0.907,0.262,0.795,0.044,-0.089,0.452,0.815,0.8,-0.569,0.831,0.214,0.37,0.69,0.596,0.327,0.653,0.342,0.51,0.622,0.584,0.612,-0.161,0.641,-0.075,0.461,0.939,0.294,0.674,0.797,0.768,0.605,0.816,-0.266,0.471,0.272,0.192,0.267,-0.408,0.17,-0.585,0.639,0.32,0.794,0.823,0.733,0.513,0.0,0.2,-0.248,-0.422,0.826,0.836
XP,-0.09,0.414,-0.171,0.8,0.329,0.432,-0.28,0.068,0.041,0.408,-0.097,0.636,-0.658,0.791,0.548,-0.068,0.256,0.515,0.45,-0.436,0.006,0.68,-0.268,-0.569,0.777,0.651,-0.549,0.417,0.592,0.634,0.173,-0.043,0.213,-0.658,0.208,0.404,0.269,0.087,0.284,-0.436,-0.042,-0.327,-0.125,-0.083,-0.321,0.529,0.079,-0.3,0.163,0.276,-0.083,-0.423,-0.534,0.042,-0.432,-0.193,-0.066,-0.046,0.125,0.468,0.605,-0.162,-0.159,0.192,0.374,-0.52,0.128,0.009,0.38,0.487,-0.425,0.164,0.099,0.629,-0.492,0.106,-0.499,-0.347,0.779,-0.022,0.133,-0.017,0.358,0.756,0.038,0.383,0.089,0.173,0.706,0.524,0.59,-0.289,0.519,0.264,0.084,-0.118,-0.342,-0.207,0.673,0.681,-0.354,-0.217,0.248,0.367,0.136,-0.08,0.523,0.198,0.268,-0.498,-0.173,-0.341,-0.072,0.49,0.534,0.441,-0.144,-0.067,0.581,0.152,-0.083,0.006,0.473,0.324,-0.092,-0.091,0.174,-0.195,-0.425,-0.26,0.316,0.061,0.148,0.415,0.298,-0.026,0.825,-0.503,0.635,0.551,0.334,0.192,0.405,-0.172,0.318,-0.126,0.069,-0.277,0.468,0.562,0.178,0.59,0.25,-0.202,0.325,0.215,0.053,-0.116,-0.402,0.816,-0.09,-0.055,0.319,-0.207,0.54,0.021,0.085,0.506,0.063,0.444,0.263,0.497,0.089,0.018,0.489,-0.24,0.042,-0.201,-0.186,0.035,0.071,0.413,0.793,0.727,0.417,0.568,-0.269,0.219,-0.239,0.799,-0.056,0.194,-0.13,0.583,0.2,0.0,0.471,0.311,0.265,0.035
XTKG,-0.559,0.72,0.183,0.514,-0.313,0.107,-0.077,0.601,-0.491,-0.121,-0.54,0.16,-0.412,0.217,0.556,0.418,-0.169,0.118,-0.153,-0.536,-0.521,-0.031,-0.639,-0.474,0.415,0.484,-0.489,-0.102,0.522,-0.06,-0.508,-0.585,0.494,-0.555,-0.486,0.044,-0.312,-0.498,-0.38,-0.316,-0.547,-0.059,-0.56,0.032,-0.73,0.736,-0.429,0.153,0.431,0.444,-0.051,-0.74,-0.254,0.268,0.157,-0.459,-0.57,-0.53,-0.477,-0.002,0.089,-0.613,-0.569,-0.153,0.555,-0.6,-0.131,-0.467,0.146,0.111,-0.652,-0.04,-0.484,0.047,-0.276,-0.388,-0.344,-0.664,0.125,-0.587,-0.531,-0.328,-0.025,0.219,-0.358,0.613,-0.603,-0.275,0.279,0.507,0.573,-0.563,-0.176,-0.411,-0.075,-0.658,-0.517,-0.119,-0.044,0.269,-0.611,-0.659,-0.07,-0.028,-0.297,-0.061,-0.074,-0.25,-0.15,-0.639,-0.537,-0.724,-0.588,-0.257,0.025,0.057,0.405,-0.329,0.422,-0.477,-0.584,0.03,-0.094,-0.266,0.367,-0.586,-0.446,-0.109,-0.539,-0.468,-0.004,-0.532,-0.4,-0.27,-0.447,-0.554,0.241,-0.497,0.292,0.081,-0.076,0.456,0.055,0.121,-0.185,-0.626,-0.219,-0.648,-0.158,-0.139,-0.515,0.458,-0.057,-0.648,-0.081,-0.379,0.281,-0.56,-0.692,0.288,-0.18,-0.222,0.057,-0.644,0.189,-0.345,-0.457,-0.024,-0.517,0.347,-0.219,0.566,-0.116,-0.394,0.27,-0.638,-0.555,-0.622,-0.484,-0.46,0.181,-0.388,0.304,0.407,0.211,0.596,-0.378,0.504,-0.649,0.387,-0.631,-0.396,-0.661,0.042,-0.248,0.471,0.0,0.278,-0.331,-0.409
YY,-0.604,0.649,0.539,0.662,-0.15,-0.167,0.101,0.589,-0.513,-0.152,-0.525,0.045,-0.499,0.157,0.64,0.633,-0.568,0.452,-0.317,-0.423,-0.499,0.171,-0.629,-0.293,0.308,0.479,-0.372,0.045,0.511,-0.054,-0.402,-0.43,0.422,-0.413,-0.131,0.036,-0.413,-0.452,-0.355,-0.044,-0.346,0.39,-0.526,0.415,-0.446,0.59,-0.548,0.146,0.469,0.491,0.31,-0.548,-0.089,0.46,0.114,-0.592,-0.583,-0.565,-0.395,-0.133,0.315,-0.472,-0.549,-0.304,0.472,-0.632,-0.087,-0.274,0.599,0.067,-0.533,0.46,-0.497,0.279,-0.32,-0.43,-0.666,-0.644,0.311,-0.328,-0.432,-0.649,-0.157,0.221,-0.511,0.757,-0.31,-0.308,0.018,0.55,0.487,-0.69,-0.122,-0.197,0.152,-0.467,-0.594,0.083,0.031,0.127,-0.412,-0.639,0.103,-0.216,-0.326,-0.215,-0.152,-0.458,-0.201,-0.448,-0.574,-0.5,-0.474,-0.285,-0.024,0.153,0.399,-0.397,0.314,-0.396,-0.511,-0.108,-0.101,-0.428,0.584,-0.509,0.247,-0.031,-0.525,-0.411,-0.103,-0.5,-0.434,-0.315,-0.195,-0.379,0.239,-0.526,0.184,-0.168,-0.181,0.507,0.197,0.472,-0.242,-0.547,-0.411,-0.467,-0.316,0.199,-0.411,0.45,0.223,-0.329,-0.34,-0.4,0.693,-0.593,-0.32,0.187,-0.382,-0.385,0.179,-0.518,0.007,-0.215,-0.291,-0.025,-0.296,0.549,-0.306,0.259,-0.063,-0.545,0.026,-0.46,-0.397,-0.597,-0.516,-0.468,0.502,-0.016,0.319,0.243,0.313,0.599,-0.135,0.66,-0.345,0.371,-0.459,-0.423,-0.546,0.02,-0.422,0.311,0.278,0.0,-0.331,-0.443
ZION,0.852,-0.568,-0.618,-0.187,0.757,0.645,-0.12,-0.769,0.733,0.748,0.829,0.444,0.135,0.446,-0.401,-0.655,0.698,0.284,0.867,0.366,0.779,0.484,0.744,-0.089,0.244,-0.019,0.261,0.601,-0.335,0.728,0.886,0.839,-0.491,0.233,0.798,0.397,0.902,0.876,0.835,-0.025,0.797,-0.52,0.822,-0.461,0.655,-0.498,0.867,-0.355,-0.446,-0.306,-0.15,0.576,-0.047,-0.41,-0.551,0.679,0.861,0.811,0.901,0.63,0.005,0.704,0.733,0.608,-0.199,0.521,0.624,0.709,-0.029,0.437,0.617,0.005,0.895,0.541,0.292,0.89,0.392,0.707,0.495,0.718,0.826,0.775,0.572,0.415,0.702,-0.552,0.83,0.697,0.5,-0.214,-0.163,0.612,0.707,0.846,-0.004,0.761,0.608,0.075,0.702,0.447,0.374,0.766,0.42,0.669,0.795,0.312,0.82,0.723,0.676,0.472,0.745,0.665,0.791,0.873,0.638,0.347,-0.535,0.629,0.301,0.888,0.843,0.298,0.749,0.874,-0.726,0.806,0.416,0.041,0.348,0.61,0.019,0.927,0.826,0.875,0.711,0.831,0.519,0.454,0.177,0.708,0.772,-0.443,0.241,-0.655,0.789,0.849,0.692,0.73,0.878,0.485,0.89,0.02,0.123,0.442,0.758,0.875,-0.438,0.77,0.362,0.416,0.744,0.555,0.281,0.743,0.314,0.569,0.787,0.632,0.719,-0.144,0.778,-0.027,0.508,0.826,0.396,0.73,0.881,0.836,0.561,0.844,-0.195,0.687,0.394,0.279,0.394,-0.341,0.252,-0.51,0.693,0.351,0.855,0.87,0.773,0.564,0.826,0.265,-0.331,-0.331,0.0,0.871
ZM,0.879,-0.666,-0.616,-0.446,0.82,0.548,0.01,-0.841,0.629,0.787,0.842,0.349,0.329,0.198,-0.65,-0.692,0.692,0.091,0.786,0.48,0.734,0.219,0.835,-0.015,0.01,-0.112,0.484,0.527,-0.42,0.678,0.873,0.893,-0.591,0.366,0.775,0.394,0.903,0.889,0.836,0.19,0.91,-0.57,0.943,-0.65,0.779,-0.705,0.935,-0.097,-0.418,-0.285,-0.273,0.641,0.188,-0.589,-0.258,0.881,0.916,0.808,0.944,0.642,-0.094,0.708,0.764,0.717,-0.242,0.637,0.746,0.853,-0.307,0.471,0.799,0.054,0.933,0.372,0.461,0.895,0.532,0.821,0.386,0.786,0.76,0.779,0.628,0.315,0.862,-0.675,0.823,0.823,0.327,-0.245,-0.295,0.806,0.618,0.748,-0.126,0.807,0.697,0.268,0.623,0.372,0.489,0.887,0.217,0.598,0.923,0.377,0.747,0.711,0.736,0.522,0.841,0.736,0.877,0.66,0.448,0.338,-0.421,0.757,0.193,0.934,0.878,0.392,0.674,0.866,-0.813,0.922,0.229,0.187,0.399,0.783,0.138,0.895,0.752,0.792,0.772,0.915,0.327,0.669,0.181,0.658,0.759,-0.37,0.276,-0.662,0.798,0.903,0.682,0.852,0.776,0.351,0.875,-0.108,0.154,0.447,0.805,0.925,-0.56,0.876,0.488,0.156,0.831,0.576,0.2,0.767,0.241,0.727,0.76,0.635,0.748,-0.211,0.764,-0.127,0.616,0.883,0.278,0.779,0.896,0.906,0.562,0.906,-0.212,0.581,0.191,0.169,0.291,-0.448,0.375,-0.726,0.79,0.253,0.909,0.922,0.847,0.547,0.836,0.035,-0.409,-0.443,0.871,0.0
