,AAPL,ACRS,ADP,AFYA,AGNC,AGYS,ALT,AMGN,AMPH,AMZN,ANIP,AOSL,APDN,APLT,APVO,ARGX,ARLP,ATEX,ATRA,AUTL,AVDL,BCRX,BHAT,BLBD,BMRN,BNGO,BUSE,CAKE,CASY,CCOI,CEVA,CHY,CLDX,CLMT,COHU,COLM,COST,CPRT,CSWC,CSX,DBX,DCOM,DKNG,DMLP,DOX,EA,EDIT,ENPH,ENSG,ERNA,ESGR,ETNB,EXTR,FANG,FARO,FATE,FGEN,FIVE,FIVN,FLGT,FOLD,FORM,FOXA,FRPT,FSLR,FTAI,GBDC,GDYN,GGAL,GNLN,GRFS,GT,HCAT,HCM,HFWA,HOLX,HQY,HUBG,IAC,ICLR,IDCC,IEP,IHRT,ILMN,ILPT,IMAB,IMOS,INMD,INTZ,JAZZ,JKHY,JRVR,KIDS,LBRDK,LGND,LMAT,LPLA,LULU,MASI,MAT,MATW,MBIN,MBIO,MCRB,MDB,MDLZ,MELI,MIRM,MLKN,MNMD,MNRO,MPWR,MRCY,MRSN,MTVA,NAAS,NDAQ,NDSN,NEGG,NOVT,NVDA,NWE,NWSA,NXST,OCX,ODFL,OMAB,OPCH,OPRA,ORGO,OTRK,OZK,PAGP,PCH,PEGA,PENG,PENN,PFBC,PGNY,PHAT,PHUN,PINC,PLUG,PLXS,PYPL,QLYS,QNCX,QQQX,QVCGA,RAPT,RBBN,RCKT,REPL,RMBS,ROAD,ROKU,ROP,RUSHA,SANM,SATS,SBCF,SBLK,SBUX,SCHL,SCSC,SDGR,SEIC,SFIX,SGRY,SKYW,SLP,SNES,STAA,STLD,STOK,SWKS,TER,TFIN,TIGO,TILE,TPIC,TTEC,TTEK,TTGT,UXIN,VERU,VLYPP,VNOM,VRNS,VRSN,WDAY,WERN,WINA,WKHS,WRLD,XP,XTKG,YY,ZION,ZM
AAPL,0.0,-0.743,-0.0,-0.621,-0.639,-0.588,-0.486,-0.671,-0.321,0.496,0.682,-0.367,0.455,0.606,-0.63,0.745,-0.697,-0.228,-0.585,0.535,0.819,0.69,0.432,0.526,-0.205,-0.123,-0.655,0.206,0.583,-0.56,-0.701,-0.108,-0.194,0.219,-0.279,-0.778,0.03,0.816,-0.111,0.661,0.033,-0.7,0.891,-0.319,-0.47,-0.504,0.864,-0.636,-0.836,-0.466,0.84,0.658,0.012,-0.624,-0.78,-0.744,-0.27,-0.433,-0.714,0.827,0.441,0.21,-0.613,0.67,-0.542,0.304,-0.072,-0.868,0.208,0.558,0.708,0.68,-0.698,-0.532,-0.701,-0.319,-0.213,-0.755,0.842,-0.577,0.759,-0.7,-0.813,-0.62,-0.457,-0.548,0.357,-0.601,0.472,-0.625,-0.217,0.849,-0.63,0.365,0.441,0.78,-0.475,0.508,-0.733,0.859,0.33,-0.627,0.718,-0.562,0.741,0.802,-0.036,-0.005,-0.409,-0.643,0.662,-0.813,-0.662,0.823,-0.659,-0.749,-0.281,0.244,0.141,0.597,0.899,0.446,0.068,-0.633,-0.072,-0.612,0.437,-0.64,0.706,0.596,-0.046,-0.552,-0.041,-0.166,-0.405,0.502,-0.638,-0.62,0.73,0.846,-0.176,-0.709,-0.517,-0.583,-0.57,-0.329,0.644,0.7,0.825,0.197,0.363,0.766,0.685,0.111,0.835,-0.491,0.812,-0.471,-0.197,-0.8,-0.627,-0.681,-0.162,0.793,-0.205,-0.614,0.411,-0.673,-0.655,0.664,-0.473,-0.045,-0.405,-0.743,0.904,-0.61,-0.63,-0.677,-0.538,-0.702,-0.802,-0.432,0.553,-0.665,0.684,0.334,-0.725,-0.704,-0.398,0.653,-0.757,-0.118,-0.693,0.034,0.779,0.893,-0.589,0.266,-0.556,-0.217
ACRS,-0.743,0.0,0.459,0.609,0.672,0.668,0.516,0.71,0.285,-0.744,-0.642,0.514,-0.536,-0.617,0.522,-0.732,0.885,0.011,0.792,-0.289,-0.736,-0.666,-0.236,-0.55,0.516,0.082,0.795,0.123,-0.37,0.684,0.85,0.168,0.2,-0.278,0.487,0.752,-0.184,-0.77,0.412,-0.565,-0.0,0.839,-0.724,0.09,0.7,0.548,-0.767,0.638,0.727,0.737,-0.78,-0.461,0.105,0.713,0.813,0.923,0.441,0.514,0.853,-0.755,-0.154,-0.027,0.818,-0.677,0.425,-0.227,0.267,0.873,-0.232,-0.264,-0.749,-0.72,0.852,0.761,0.821,0.397,0.329,0.7,-0.781,0.548,-0.744,0.706,0.82,0.581,0.572,0.665,-0.029,0.545,-0.469,0.759,0.284,-0.777,0.693,0.008,-0.215,-0.755,0.654,-0.329,0.808,-0.731,0.168,0.677,-0.781,0.455,-0.829,-0.72,0.235,0.008,0.496,0.758,-0.62,0.836,0.652,-0.776,0.72,0.494,0.42,0.194,0.123,-0.499,-0.587,-0.375,0.072,0.738,0.298,0.693,-0.238,0.704,-0.8,-0.696,0.159,0.774,0.114,0.242,0.518,-0.152,0.757,0.719,-0.753,-0.789,0.346,0.614,0.713,0.711,0.799,0.442,-0.681,-0.419,-0.781,-0.171,0.018,-0.564,-0.784,0.013,-0.79,0.591,-0.575,0.508,0.409,0.849,0.704,0.678,0.216,-0.767,0.263,0.757,0.058,0.692,0.574,-0.413,0.397,0.215,0.614,0.789,-0.754,0.862,0.737,0.815,0.488,0.908,0.805,0.623,-0.411,0.827,-0.64,-0.452,0.701,0.771,0.476,-0.432,0.839,0.463,0.482,0.256,-0.805,-0.839,0.755,0.066,0.7,0.305
ADP,-0.0,0.459,0.0,0.21,0.289,0.223,-0.048,0.213,-0.112,-0.469,-0.242,0.359,-0.301,-0.047,0.093,-0.287,0.5,-0.09,0.279,0.218,-0.193,-0.199,0.209,-0.125,0.368,-0.079,0.304,0.558,0.207,0.513,0.386,0.016,-0.232,-0.181,0.296,0.163,-0.269,-0.136,0.496,-0.15,-0.232,0.47,-0.19,-0.136,0.516,0.276,-0.234,0.109,0.06,0.338,-0.307,-0.055,0.382,0.386,0.393,0.492,0.213,0.276,0.441,-0.27,0.141,0.076,0.533,-0.094,-0.114,0.33,0.483,0.388,-0.198,0.001,-0.28,-0.289,0.463,0.41,0.321,0.419,0.099,0.082,-0.189,0.023,-0.351,0.253,0.259,0.046,0.35,0.313,0.195,0.174,-0.304,0.318,0.476,-0.255,0.452,0.683,-0.14,-0.304,0.445,0.17,0.286,0.088,0.641,0.171,-0.297,-0.26,-0.387,-0.009,0.343,0.04,0.296,0.435,-0.012,0.467,0.244,-0.272,0.339,-0.135,0.141,0.533,0.352,-0.121,0.097,-0.082,0.292,0.433,0.401,0.28,0.293,0.363,-0.385,-0.333,0.054,0.399,0.074,0.076,0.4,0.261,0.54,0.243,-0.278,-0.267,0.217,0.192,0.433,0.348,0.548,0.15,-0.239,0.298,-0.226,-0.294,0.579,-0.177,-0.393,-0.043,-0.331,0.184,0.261,0.256,0.245,0.384,0.286,0.281,0.363,-0.142,0.198,0.503,0.426,0.165,0.213,0.278,-0.017,-0.006,0.527,0.332,-0.161,0.567,0.178,0.434,-0.075,0.576,0.315,0.394,-0.006,0.488,-0.153,-0.218,0.241,0.386,0.102,0.258,0.366,0.5,-0.005,0.313,-0.243,-0.156,0.425,0.615,0.305,0.0
AFYA,-0.621,0.609,0.21,0.0,0.76,0.842,0.59,0.92,0.623,-0.393,-0.336,0.761,-0.087,-0.803,0.491,-0.644,0.467,0.298,0.504,-0.427,-0.756,-0.528,-0.09,-0.255,0.646,0.6,0.825,-0.118,-0.665,0.262,0.702,0.625,0.324,-0.311,0.687,0.773,0.148,-0.577,0.592,-0.489,0.525,0.744,-0.702,0.221,0.808,0.712,-0.562,0.827,0.725,0.49,-0.572,-0.197,0.327,0.879,0.688,0.586,0.658,0.789,0.828,-0.327,-0.331,0.478,0.703,-0.704,0.758,-0.083,0.29,0.691,0.396,-0.241,-0.241,-0.326,0.522,0.681,0.844,0.23,0.759,0.836,-0.591,0.86,-0.337,0.784,0.731,0.842,0.367,0.854,0.214,0.713,-0.048,0.819,0.206,-0.577,0.451,-0.338,-0.281,-0.742,0.682,-0.683,0.616,-0.565,0.027,0.876,-0.692,0.636,-0.519,-0.847,0.412,-0.524,0.869,0.267,-0.456,0.625,0.817,-0.668,0.875,0.579,0.604,0.225,0.4,-0.384,-0.623,-0.203,0.29,0.829,0.489,0.754,-0.002,0.603,-0.468,-0.286,0.446,0.564,0.52,0.683,0.703,-0.143,0.468,0.838,-0.454,-0.687,0.659,0.697,0.426,0.893,0.51,0.804,-0.45,-0.113,-0.371,-0.012,0.062,-0.302,-0.502,0.322,-0.394,0.864,-0.683,0.793,0.66,0.753,0.828,0.868,0.17,-0.543,0.735,0.307,-0.123,0.907,0.455,-0.732,0.781,0.168,0.268,0.726,-0.677,0.673,0.793,0.872,0.774,0.6,0.816,0.667,-0.012,0.686,-0.248,-0.553,0.787,0.858,0.744,-0.537,0.835,0.4,0.603,0.088,-0.824,-0.485,0.73,-0.137,0.831,0.697
AGNC,-0.639,0.672,0.289,0.76,0.0,0.773,0.659,0.848,0.431,-0.324,-0.437,0.511,-0.396,-0.654,0.7,-0.751,0.61,0.325,0.654,-0.683,-0.889,-0.701,-0.378,-0.517,0.484,0.388,0.905,0.09,-0.79,0.308,0.752,0.53,0.376,-0.024,0.436,0.902,0.281,-0.702,0.631,-0.554,0.288,0.921,-0.683,0.452,0.619,0.712,-0.655,0.742,0.816,0.381,-0.673,-0.395,0.162,0.915,0.78,0.671,0.542,0.58,0.85,-0.527,-0.364,0.216,0.77,-0.725,0.617,0.06,0.514,0.692,0.078,-0.259,-0.452,-0.557,0.667,0.716,0.88,0.453,0.654,0.82,-0.697,0.716,-0.535,0.922,0.861,0.764,0.374,0.688,-0.02,0.902,-0.276,0.839,0.357,-0.686,0.724,-0.218,-0.107,-0.816,0.815,-0.528,0.79,-0.625,-0.075,0.829,-0.588,0.614,-0.501,-0.815,0.224,-0.409,0.747,0.575,-0.342,0.645,0.882,-0.81,0.797,0.683,0.653,0.117,0.255,-0.615,-0.661,-0.109,0.238,0.897,0.352,0.721,-0.261,0.731,-0.599,-0.506,0.151,0.824,0.611,0.512,0.765,-0.398,0.607,0.899,-0.54,-0.81,0.4,0.915,0.605,0.754,0.684,0.64,-0.536,-0.15,-0.53,-0.041,-0.175,-0.433,-0.693,-0.013,-0.504,0.731,-0.7,0.73,0.478,0.86,0.957,0.916,0.371,-0.46,0.422,0.476,-0.003,0.822,0.706,-0.665,0.629,0.08,0.526,0.81,-0.77,0.69,0.703,0.83,0.701,0.671,0.894,0.56,-0.3,0.756,-0.512,-0.34,0.967,0.881,0.594,-0.645,0.802,0.236,0.644,-0.125,-0.688,-0.561,0.662,-0.079,0.902,0.438
AGYS,-0.588,0.668,0.223,0.842,0.773,0.0,0.805,0.87,0.786,-0.322,-0.225,0.764,0.066,-0.902,0.391,-0.622,0.419,0.148,0.604,-0.332,-0.692,-0.51,-0.086,-0.351,0.761,0.522,0.852,-0.036,-0.603,0.205,0.694,0.744,0.597,-0.484,0.811,0.812,0.29,-0.513,0.664,-0.287,0.608,0.73,-0.574,0.058,0.775,0.8,-0.483,0.938,0.657,0.602,-0.477,-0.016,0.113,0.81,0.58,0.617,0.845,0.823,0.799,-0.275,-0.294,0.555,0.672,-0.802,0.772,-0.223,0.126,0.65,0.379,-0.151,-0.203,-0.322,0.518,0.782,0.913,0.116,0.847,0.875,-0.495,0.865,-0.246,0.694,0.789,0.92,0.192,0.88,0.312,0.681,0.101,0.907,0.033,-0.446,0.415,-0.408,-0.148,-0.649,0.622,-0.599,0.674,-0.589,0.157,0.877,-0.577,0.738,-0.426,-0.872,0.493,-0.434,0.836,0.351,-0.481,0.573,0.74,-0.56,0.783,0.486,0.787,0.353,0.384,-0.237,-0.562,-0.008,0.245,0.745,0.523,0.911,-0.189,0.475,-0.461,-0.274,0.421,0.681,0.516,0.803,0.753,0.009,0.386,0.914,-0.297,-0.606,0.704,0.658,0.407,0.899,0.464,0.9,-0.411,-0.042,-0.329,0.208,0.031,-0.165,-0.449,0.493,-0.381,0.869,-0.646,0.824,0.768,0.677,0.843,0.767,-0.069,-0.551,0.706,0.359,-0.038,0.939,0.395,-0.723,0.838,0.393,0.307,0.778,-0.627,0.697,0.932,0.869,0.9,0.63,0.764,0.811,0.117,0.62,-0.189,-0.434,0.772,0.772,0.89,-0.431,0.845,0.536,0.567,0.191,-0.82,-0.443,0.831,-0.184,0.869,0.794
ALT,-0.486,0.516,-0.048,0.59,0.659,0.805,0.0,0.684,0.837,-0.06,-0.191,0.526,0.09,-0.786,0.315,-0.552,0.231,-0.002,0.465,-0.389,-0.618,-0.566,-0.267,-0.205,0.548,0.255,0.714,-0.194,-0.653,-0.033,0.479,0.678,0.819,-0.36,0.624,0.724,0.42,-0.346,0.521,-0.247,0.613,0.544,-0.414,0.113,0.506,0.687,-0.426,0.852,0.596,0.414,-0.328,0.058,-0.265,0.587,0.438,0.412,0.746,0.527,0.56,-0.229,-0.395,0.437,0.439,-0.794,0.823,-0.26,-0.132,0.466,0.279,-0.02,-0.114,-0.127,0.34,0.571,0.78,-0.057,0.749,0.806,-0.373,0.828,-0.188,0.585,0.682,0.868,-0.078,0.623,0.129,0.605,0.239,0.746,-0.026,-0.313,0.264,-0.541,-0.026,-0.553,0.514,-0.624,0.559,-0.568,0.057,0.682,-0.273,0.728,-0.211,-0.786,0.396,-0.386,0.634,0.343,-0.407,0.356,0.621,-0.469,0.504,0.434,0.87,0.126,0.16,-0.229,-0.478,-0.007,0.292,0.525,0.311,0.774,-0.349,0.363,-0.289,-0.073,0.337,0.646,0.418,0.699,0.637,-0.092,0.237,0.822,-0.186,-0.43,0.503,0.597,0.173,0.68,0.228,0.743,-0.475,-0.035,-0.305,0.3,-0.342,-0.119,-0.359,0.445,-0.229,0.717,-0.637,0.736,0.587,0.524,0.717,0.571,-0.154,-0.393,0.512,0.238,0.058,0.777,0.394,-0.748,0.698,0.525,0.184,0.641,-0.556,0.458,0.826,0.655,0.814,0.448,0.643,0.604,0.054,0.357,-0.153,-0.373,0.668,0.505,0.806,-0.48,0.647,0.341,0.537,-0.033,-0.704,-0.394,0.642,-0.323,0.755,0.664
AMGN,-0.671,0.71,0.213,0.92,0.848,0.87,0.684,0.0,0.614,-0.453,-0.397,0.677,-0.223,-0.812,0.608,-0.702,0.576,0.274,0.653,-0.545,-0.844,-0.656,-0.226,-0.417,0.682,0.538,0.918,-0.04,-0.771,0.259,0.781,0.633,0.431,-0.241,0.627,0.883,0.195,-0.702,0.596,-0.528,0.497,0.832,-0.71,0.291,0.782,0.766,-0.64,0.886,0.837,0.538,-0.63,-0.273,0.218,0.933,0.738,0.666,0.65,0.724,0.898,-0.441,-0.361,0.363,0.754,-0.811,0.763,-0.2,0.341,0.725,0.265,-0.177,-0.371,-0.453,0.622,0.745,0.914,0.273,0.751,0.912,-0.685,0.882,-0.423,0.882,0.828,0.88,0.392,0.84,0.12,0.802,-0.105,0.913,0.19,-0.672,0.553,-0.344,-0.208,-0.808,0.787,-0.692,0.743,-0.713,-0.01,0.911,-0.726,0.705,-0.578,-0.91,0.308,-0.499,0.838,0.408,-0.522,0.663,0.9,-0.76,0.885,0.659,0.698,0.175,0.337,-0.529,-0.654,-0.189,0.22,0.87,0.466,0.814,-0.159,0.664,-0.538,-0.417,0.375,0.696,0.551,0.663,0.741,-0.268,0.514,0.91,-0.546,-0.765,0.617,0.805,0.519,0.887,0.612,0.785,-0.539,-0.228,-0.479,0.013,-0.056,-0.337,-0.615,0.225,-0.471,0.888,-0.762,0.8,0.627,0.824,0.914,0.908,0.244,-0.58,0.609,0.416,-0.07,0.939,0.558,-0.766,0.794,0.221,0.363,0.781,-0.745,0.707,0.844,0.904,0.845,0.671,0.874,0.662,-0.159,0.736,-0.39,-0.501,0.874,0.908,0.738,-0.628,0.858,0.354,0.639,0.009,-0.836,-0.572,0.784,-0.191,0.905,0.673
AMPH,-0.321,0.285,-0.112,0.623,0.431,0.786,0.837,0.614,0.0,0.109,0.004,0.628,0.411,-0.771,0.121,-0.325,-0.036,-0.001,0.195,-0.17,-0.398,-0.315,0.067,0.027,0.6,0.413,0.531,-0.294,-0.496,-0.189,0.247,0.763,0.728,-0.568,0.778,0.507,0.409,-0.103,0.477,-0.045,0.79,0.301,-0.298,-0.035,0.541,0.634,-0.229,0.802,0.407,0.341,-0.097,0.29,-0.113,0.456,0.246,0.194,0.809,0.621,0.425,0.065,-0.418,0.679,0.259,-0.624,0.821,-0.267,-0.267,0.312,0.571,-0.009,0.204,0.182,0.045,0.419,0.634,-0.273,0.786,0.696,-0.079,0.839,0.101,0.369,0.455,0.865,-0.136,0.66,0.306,0.423,0.537,0.648,-0.139,-0.096,0.026,-0.588,-0.139,-0.383,0.335,-0.664,0.265,-0.343,0.147,0.608,-0.203,0.629,-0.027,-0.668,0.551,-0.512,0.664,-0.009,-0.372,0.224,0.472,-0.233,0.447,0.279,0.785,0.199,0.283,0.073,-0.346,0.046,0.298,0.359,0.385,0.703,-0.1,0.174,-0.043,0.203,0.473,0.348,0.362,0.827,0.598,0.116,0.027,0.672,0.03,-0.192,0.677,0.374,-0.109,0.673,-0.039,0.801,-0.229,0.143,-0.043,0.363,-0.11,0.063,-0.072,0.709,-0.027,0.71,-0.487,0.751,0.663,0.301,0.537,0.43,-0.298,-0.249,0.719,0.023,-0.083,0.736,0.169,-0.704,0.819,0.535,-0.047,0.464,-0.371,0.309,0.765,0.569,0.811,0.248,0.456,0.612,0.402,0.128,0.189,-0.366,0.449,0.377,0.855,-0.231,0.545,0.392,0.432,0.085,-0.655,-0.141,0.615,-0.365,0.609,0.806
AMZN,0.496,-0.744,-0.469,-0.393,-0.324,-0.322,-0.06,-0.453,0.109,0.0,0.468,-0.36,0.512,0.347,-0.372,0.467,-0.778,0.108,-0.673,-0.007,0.415,0.376,0.101,0.398,-0.437,-0.008,-0.487,-0.208,0.047,-0.702,-0.75,0.084,0.149,0.177,-0.236,-0.393,0.468,0.643,-0.187,0.45,0.187,-0.575,0.501,0.117,-0.571,-0.295,0.533,-0.327,-0.43,-0.694,0.613,0.358,-0.226,-0.491,-0.56,-0.735,-0.163,-0.302,-0.626,0.62,-0.238,0.18,-0.686,0.426,-0.066,0.29,-0.268,-0.661,0.308,0.181,0.706,0.693,-0.784,-0.578,-0.484,-0.392,-0.034,-0.3,0.672,-0.196,0.588,-0.431,-0.527,-0.173,-0.573,-0.452,-0.083,-0.203,0.551,-0.443,-0.134,0.595,-0.47,-0.271,0.269,0.46,-0.416,0.098,-0.617,0.57,-0.221,-0.377,0.735,-0.132,0.827,0.382,-0.096,-0.159,-0.263,-0.516,0.487,-0.658,-0.372,0.505,-0.524,-0.211,-0.063,-0.202,-0.147,0.424,0.287,0.383,0.003,-0.542,-0.279,-0.391,0.034,-0.476,0.644,0.676,-0.171,-0.437,0.072,-0.012,-0.17,-0.021,-0.582,-0.355,0.69,0.595,-0.213,-0.269,-0.691,-0.464,-0.752,-0.177,0.548,0.463,0.561,0.256,-0.254,0.377,0.648,0.112,0.656,-0.348,0.308,-0.126,-0.252,-0.578,-0.358,-0.43,-0.197,0.672,-0.084,-0.628,-0.181,-0.374,-0.248,0.058,-0.027,-0.128,-0.465,-0.475,0.429,-0.694,-0.44,-0.528,-0.175,-0.718,-0.47,-0.376,0.459,-0.746,0.527,0.435,-0.353,-0.57,-0.143,0.244,-0.52,-0.409,-0.179,-0.358,0.494,0.654,-0.575,-0.263,-0.385,-0.117
ANIP,0.682,-0.642,-0.242,-0.336,-0.437,-0.225,-0.191,-0.397,0.004,0.468,0.0,-0.1,0.637,0.234,-0.571,0.637,-0.685,-0.062,-0.316,0.381,0.659,0.63,0.334,0.239,0.032,0.168,-0.408,0.067,0.265,-0.684,-0.45,0.223,0.202,0.092,-0.048,-0.464,0.219,0.627,-0.013,0.713,0.37,-0.571,0.741,-0.305,-0.374,-0.25,0.79,-0.247,-0.629,-0.272,0.745,0.724,-0.159,-0.394,-0.708,-0.664,0.045,-0.122,-0.568,0.81,0.391,0.416,-0.484,0.37,-0.269,-0.003,-0.195,-0.722,0.419,0.487,0.683,0.53,-0.57,-0.294,-0.433,-0.396,0.105,-0.415,0.657,-0.267,0.823,-0.541,-0.478,-0.283,-0.537,-0.279,0.49,-0.356,0.619,-0.332,-0.444,0.787,-0.684,-0.102,0.372,0.687,-0.411,0.292,-0.464,0.533,0.17,-0.274,0.549,-0.081,0.658,0.431,0.067,-0.132,-0.131,-0.627,0.455,-0.702,-0.514,0.727,-0.441,-0.486,-0.013,0.242,0.142,0.599,0.641,0.476,-0.138,-0.446,-0.05,-0.257,0.159,-0.642,0.674,0.465,0.19,-0.422,0.213,0.164,-0.209,0.525,-0.68,-0.297,0.785,0.685,0.029,-0.551,-0.398,-0.35,-0.511,0.029,0.626,0.469,0.845,0.476,0.214,0.845,0.666,0.383,0.797,-0.228,0.438,-0.287,0.079,-0.687,-0.366,-0.493,-0.416,0.497,-0.064,-0.605,0.167,-0.33,-0.62,0.302,-0.132,0.3,-0.404,-0.526,0.75,-0.507,-0.266,-0.499,-0.1,-0.62,-0.651,-0.218,0.597,-0.55,0.616,0.371,-0.499,-0.507,0.005,0.382,-0.577,0.01,-0.44,0.105,0.564,0.743,-0.356,-0.105,-0.287,0.113
AOSL,-0.367,0.514,0.359,0.761,0.511,0.764,0.526,0.677,0.628,-0.36,-0.1,0.0,0.149,-0.71,0.171,-0.456,0.298,0.034,0.419,-0.024,-0.445,-0.292,0.158,-0.014,0.755,0.502,0.614,-0.035,-0.32,0.259,0.554,0.606,0.312,-0.546,0.845,0.496,0.011,-0.265,0.628,-0.259,0.536,0.526,-0.47,-0.123,0.828,0.626,-0.335,0.711,0.401,0.549,-0.392,0.155,0.38,0.648,0.477,0.514,0.745,0.707,0.656,-0.122,-0.124,0.657,0.587,-0.515,0.604,-0.064,0.145,0.602,0.529,-0.098,-0.067,-0.074,0.365,0.633,0.694,-0.006,0.689,0.605,-0.294,0.736,-0.117,0.472,0.551,0.701,0.243,0.827,0.461,0.468,0.194,0.697,0.142,-0.29,0.265,-0.104,-0.391,-0.489,0.486,-0.506,0.408,-0.31,0.35,0.661,-0.549,0.439,-0.368,-0.608,0.708,-0.374,0.828,0.176,-0.447,0.59,0.54,-0.377,0.706,0.24,0.546,0.429,0.51,-0.027,-0.241,-0.143,0.348,0.632,0.658,0.69,0.224,0.367,-0.289,-0.096,0.565,0.394,0.339,0.685,0.631,0.284,0.338,0.666,-0.265,-0.382,0.735,0.377,0.296,0.827,0.395,0.798,-0.253,0.145,-0.127,-0.007,0.35,-0.021,-0.336,0.571,-0.23,0.796,-0.361,0.665,0.783,0.505,0.598,0.606,-0.042,-0.421,0.752,0.335,0.07,0.764,0.186,-0.458,0.641,0.374,0.232,0.574,-0.399,0.653,0.771,0.737,0.603,0.562,0.581,0.732,0.286,0.527,0.029,-0.543,0.499,0.627,0.745,-0.12,0.709,0.567,0.338,0.355,-0.697,-0.273,0.732,0.048,0.658,0.695
APDN,0.455,-0.536,-0.301,-0.087,-0.396,0.066,0.09,-0.223,0.411,0.512,0.637,0.149,0.0,-0.094,-0.564,0.445,-0.759,-0.085,-0.461,0.461,0.531,0.57,0.428,0.439,0.181,0.3,-0.358,-0.194,0.256,-0.55,-0.497,0.436,0.299,-0.429,0.292,-0.389,0.244,0.635,0.024,0.571,0.553,-0.564,0.477,-0.472,-0.102,-0.034,0.643,0.038,-0.5,-0.145,0.674,0.806,-0.103,-0.351,-0.628,-0.532,0.286,0.164,-0.431,0.765,0.148,0.609,-0.512,0.183,0.091,-0.091,-0.515,-0.507,0.647,0.293,0.805,0.696,-0.665,-0.224,-0.264,-0.591,0.28,-0.195,0.683,0.036,0.802,-0.529,-0.413,0.048,-0.55,0.018,0.502,-0.359,0.83,-0.207,-0.506,0.73,-0.687,-0.305,0.114,0.535,-0.44,-0.041,-0.516,0.442,0.164,-0.169,0.46,0.024,0.626,0.197,0.351,-0.228,0.065,-0.693,0.24,-0.522,-0.384,0.686,-0.28,-0.435,0.153,0.193,0.23,0.694,0.389,0.452,0.048,-0.449,0.2,-0.014,0.266,-0.637,0.64,0.682,0.284,-0.456,0.044,0.464,-0.081,0.554,-0.68,-0.184,0.769,0.596,0.334,-0.465,-0.627,-0.072,-0.693,0.263,0.546,0.514,0.749,0.52,0.217,0.69,0.706,0.682,0.633,0.036,0.277,0.023,0.317,-0.615,-0.323,-0.372,-0.645,0.342,0.381,-0.546,-0.012,-0.063,-0.6,0.02,0.226,0.354,-0.551,-0.4,0.522,-0.409,-0.013,-0.279,0.145,-0.523,-0.473,0.086,0.81,-0.578,0.832,0.082,-0.427,-0.413,0.281,0.43,-0.305,0.099,-0.275,0.232,0.215,0.652,-0.141,-0.198,-0.216,0.429
APLT,0.606,-0.617,-0.047,-0.803,-0.654,-0.902,-0.786,-0.812,-0.771,0.347,0.234,-0.71,-0.094,0.0,-0.353,0.588,-0.368,0.016,-0.571,0.275,0.623,0.415,0.074,0.299,-0.714,-0.509,-0.769,0.176,0.543,-0.203,-0.69,-0.661,-0.575,0.504,-0.773,-0.746,-0.214,0.506,-0.578,0.329,-0.627,-0.636,0.592,0.046,-0.746,-0.7,0.468,-0.926,-0.582,-0.62,0.475,0.035,-0.036,-0.687,-0.484,-0.553,-0.819,-0.764,-0.71,0.262,0.246,-0.504,-0.571,0.824,-0.782,0.378,0.064,-0.619,-0.396,0.13,0.244,0.287,-0.484,-0.767,-0.849,0.076,-0.765,-0.815,0.533,-0.83,0.189,-0.588,-0.701,-0.889,-0.164,-0.852,-0.355,-0.504,-0.132,-0.82,0.165,0.409,-0.241,0.514,0.136,0.557,-0.421,0.692,-0.658,0.602,-0.012,-0.816,0.607,-0.778,0.427,0.874,-0.444,0.41,-0.748,-0.239,0.586,-0.499,-0.636,0.494,-0.716,-0.437,-0.719,-0.289,-0.409,0.166,0.617,0.012,-0.197,-0.634,-0.473,-0.86,0.172,-0.357,0.49,0.228,-0.488,-0.571,-0.371,-0.774,-0.549,-0.069,-0.247,-0.838,0.343,0.554,-0.736,-0.524,-0.382,-0.862,-0.414,-0.882,0.461,0.178,0.328,-0.152,0.016,0.135,0.46,-0.55,0.377,-0.831,0.704,-0.67,-0.756,-0.605,-0.75,-0.67,0.255,0.664,-0.645,-0.257,0.059,-0.901,-0.233,0.76,-0.742,-0.482,-0.095,-0.673,0.592,-0.631,-0.903,-0.8,-0.874,-0.569,-0.675,-0.788,-0.118,-0.574,0.174,0.548,-0.702,-0.688,-0.851,0.45,-0.786,-0.501,-0.479,-0.311,0.81,0.482,-0.791,0.195,-0.774,-0.816
APVO,-0.63,0.522,0.093,0.491,0.7,0.391,0.315,0.608,0.121,-0.372,-0.571,0.171,-0.564,-0.353,0.0,-0.724,0.595,0.16,0.434,-0.646,-0.785,-0.64,-0.392,-0.507,0.136,0.196,0.608,0.055,-0.633,0.409,0.559,0.159,-0.011,0.131,0.016,0.635,-0.12,-0.783,0.346,-0.771,-0.038,0.712,-0.727,0.383,0.434,0.318,-0.667,0.389,0.71,0.174,-0.717,-0.566,0.226,0.643,0.69,0.532,0.22,0.269,0.653,-0.64,-0.353,-0.161,0.597,-0.474,0.379,0.083,0.377,0.634,-0.126,-0.238,-0.559,-0.551,0.502,0.437,0.594,0.317,0.25,0.538,-0.661,0.428,-0.609,0.745,0.599,0.443,0.552,0.433,-0.248,0.629,-0.446,0.505,0.263,-0.773,0.66,-0.079,-0.252,-0.745,0.552,-0.541,0.55,-0.585,-0.353,0.552,-0.639,0.331,-0.485,-0.617,-0.018,-0.344,0.398,0.461,-0.498,0.571,0.714,-0.766,0.627,0.548,0.207,-0.293,0.123,-0.753,-0.638,-0.359,-0.024,0.653,0.226,0.314,-0.112,0.607,-0.598,-0.57,0.088,0.587,0.219,0.164,0.424,-0.58,0.534,0.543,-0.717,-0.758,0.207,0.753,0.471,0.489,0.576,0.251,-0.483,-0.358,-0.615,-0.247,-0.191,-0.594,-0.741,-0.361,-0.619,0.485,-0.689,0.396,0.143,0.705,0.656,0.74,0.457,-0.437,0.178,0.41,-0.234,0.561,0.602,-0.535,0.334,-0.115,0.347,0.507,-0.715,0.493,0.359,0.601,0.359,0.478,0.703,0.287,-0.501,0.599,-0.569,-0.389,0.73,0.701,0.216,-0.638,0.593,-0.153,0.384,-0.169,-0.548,-0.598,0.497,0.014,0.589,0.14
ARGX,0.745,-0.732,-0.287,-0.644,-0.751,-0.622,-0.552,-0.702,-0.325,0.467,0.637,-0.456,0.445,0.588,-0.724,0.0,-0.665,-0.064,-0.512,0.503,0.863,0.726,0.375,0.471,-0.263,-0.149,-0.712,-0.045,0.581,-0.507,-0.74,-0.299,-0.155,0.151,-0.27,-0.763,0.128,0.762,-0.523,0.823,-0.079,-0.8,0.851,-0.14,-0.666,-0.523,0.764,-0.6,-0.716,-0.434,0.831,0.435,-0.154,-0.724,-0.804,-0.683,-0.457,-0.532,-0.797,0.721,0.313,0.023,-0.771,0.661,-0.569,-0.076,-0.185,-0.848,0.061,0.244,0.591,0.603,-0.661,-0.605,-0.777,-0.243,-0.427,-0.715,0.722,-0.598,0.692,-0.787,-0.754,-0.606,-0.446,-0.559,0.135,-0.662,0.431,-0.614,-0.266,0.799,-0.646,0.133,0.39,0.862,-0.64,0.607,-0.66,0.664,0.174,-0.655,0.691,-0.451,0.595,0.783,-0.242,0.317,-0.597,-0.631,0.608,-0.767,-0.763,0.834,-0.762,-0.481,-0.393,0.109,-0.183,0.693,0.654,0.464,-0.081,-0.78,-0.333,-0.542,0.097,-0.662,0.682,0.61,-0.195,-0.715,-0.124,-0.328,-0.593,0.38,-0.673,-0.713,0.686,0.866,-0.337,-0.764,-0.474,-0.726,-0.62,-0.471,0.589,0.281,0.671,0.225,0.161,0.635,0.814,0.074,0.738,-0.665,0.714,-0.568,-0.386,-0.816,-0.756,-0.834,-0.306,0.669,-0.419,-0.534,0.12,-0.745,-0.593,0.648,-0.395,-0.143,-0.403,-0.724,0.817,-0.697,-0.597,-0.788,-0.464,-0.672,-0.835,-0.503,0.419,-0.738,0.537,0.555,-0.796,-0.736,-0.526,0.603,-0.848,-0.071,-0.513,-0.024,0.792,0.729,-0.644,-0.048,-0.739,-0.308
ARLP,-0.697,0.885,0.5,0.467,0.61,0.419,0.231,0.576,-0.036,-0.778,-0.685,0.298,-0.759,-0.368,0.595,-0.665,0.0,0.066,0.739,-0.343,-0.706,-0.676,-0.358,-0.587,0.282,-0.07,0.695,0.203,-0.299,0.765,0.811,-0.098,-0.057,-0.009,0.228,0.678,-0.244,-0.804,0.237,-0.611,-0.286,0.819,-0.695,0.273,0.531,0.39,-0.808,0.405,0.688,0.614,-0.834,-0.696,0.154,0.653,0.823,0.871,0.147,0.315,0.774,-0.857,-0.161,-0.306,0.778,-0.507,0.186,-0.127,0.427,0.828,-0.477,-0.305,-0.886,-0.819,0.886,0.657,0.656,0.555,0.071,0.546,-0.848,0.31,-0.859,0.69,0.734,0.348,0.674,0.444,-0.215,0.484,-0.701,0.604,0.423,-0.851,0.769,0.196,-0.221,-0.726,0.623,-0.122,0.778,-0.655,0.087,0.521,-0.744,0.258,-0.881,-0.547,-0.027,0.15,0.287,0.805,-0.489,0.825,0.594,-0.816,0.588,0.529,0.189,0.147,-0.006,-0.615,-0.574,-0.43,0.008,0.697,0.14,0.508,-0.27,0.75,-0.849,-0.804,-0.041,0.699,0.069,-0.065,0.383,-0.295,0.836,0.548,-0.857,-0.813,0.094,0.582,0.815,0.504,0.893,0.18,-0.699,-0.502,-0.863,-0.396,-0.003,-0.69,-0.853,-0.271,-0.824,0.371,-0.455,0.318,0.141,0.853,0.602,0.613,0.444,-0.701,-0.014,0.758,0.069,0.479,0.635,-0.238,0.147,0.009,0.664,0.721,-0.737,0.807,0.508,0.669,0.255,0.886,0.738,0.407,-0.616,0.826,-0.805,-0.337,0.656,0.73,0.167,-0.429,0.684,0.334,0.444,0.137,-0.623,-0.842,0.583,0.179,0.543,0.02
ATEX,-0.228,0.011,-0.09,0.298,0.325,0.148,-0.002,0.274,-0.001,0.108,-0.062,0.034,-0.085,0.016,0.16,-0.064,0.066,0.0,0.053,-0.481,-0.261,-0.198,-0.281,-0.282,-0.112,0.293,0.182,0.007,-0.43,-0.036,0.016,0.202,0.062,0.302,-0.079,0.273,0.373,-0.182,-0.097,-0.099,0.028,0.192,-0.138,0.56,-0.112,0.266,-0.123,0.151,0.412,-0.11,-0.063,-0.258,-0.005,0.314,0.252,0.136,-0.21,0.178,0.171,-0.077,-0.267,-0.04,0.059,-0.047,0.077,0.024,0.371,0.075,-0.007,-0.151,0.005,-0.193,0.042,-0.064,0.097,0.406,0.14,0.256,-0.136,0.186,-0.142,0.329,0.257,0.198,0.067,0.096,-0.331,0.496,-0.143,0.154,0.312,-0.219,0.293,-0.327,0.024,-0.245,0.312,-0.018,0.091,-0.277,-0.261,0.221,-0.012,0.19,-0.113,-0.191,-0.168,-0.024,0.241,0.12,0.269,0.167,0.296,-0.266,0.204,0.62,0.096,-0.22,-0.354,-0.289,-0.236,0.084,-0.224,0.235,-0.175,0.156,-0.25,0.329,0.022,-0.199,-0.248,0.051,0.419,0.097,0.31,-0.535,0.213,0.183,0.052,-0.299,-0.164,0.407,0.045,0.036,-0.002,0.021,0.15,-0.136,-0.071,0.131,-0.316,-0.195,0.158,-0.243,0.031,0.128,-0.241,0.295,-0.084,0.215,0.28,0.32,0.376,0.049,0.061,0.176,-0.274,0.166,0.479,-0.298,0.358,-0.343,0.335,0.195,-0.262,-0.064,0.042,0.067,0.268,-0.001,0.275,-0.137,-0.225,0.052,-0.198,0.372,0.27,0.27,0.027,-0.389,0.091,-0.227,0.508,-0.437,-0.038,-0.07,-0.099,-0.538,0.161,0.006
ATRA,-0.585,0.792,0.279,0.504,0.654,0.604,0.465,0.653,0.195,-0.673,-0.316,0.419,-0.461,-0.571,0.434,-0.512,0.739,0.053,0.0,-0.358,-0.587,-0.486,-0.301,-0.583,0.559,0.211,0.774,0.138,-0.455,0.449,0.869,0.212,0.338,-0.048,0.397,0.744,-0.037,-0.722,0.38,-0.324,0.158,0.741,-0.482,0.181,0.522,0.465,-0.522,0.625,0.61,0.704,-0.626,-0.358,0.004,0.664,0.576,0.74,0.431,0.415,0.722,-0.542,0.036,-0.008,0.714,-0.672,0.343,-0.332,0.358,0.623,-0.164,-0.221,-0.687,-0.709,0.822,0.83,0.712,0.36,0.385,0.628,-0.765,0.472,-0.484,0.629,0.751,0.504,0.432,0.595,0.132,0.508,-0.372,0.738,0.033,-0.589,0.529,-0.109,0.031,-0.509,0.546,-0.195,0.866,-0.697,0.037,0.682,-0.667,0.611,-0.681,-0.663,0.08,0.026,0.415,0.6,-0.465,0.578,0.54,-0.597,0.619,0.491,0.45,0.289,0.14,-0.396,-0.473,-0.121,-0.016,0.665,0.189,0.654,-0.431,0.523,-0.681,-0.656,0.144,0.678,0.364,0.245,0.38,-0.094,0.481,0.68,-0.603,-0.641,0.308,0.522,0.871,0.582,0.837,0.482,-0.559,-0.416,-0.55,0.026,-0.022,-0.231,-0.665,0.051,-0.528,0.513,-0.565,0.306,0.402,0.728,0.671,0.573,0.084,-0.681,0.079,0.553,0.135,0.611,0.416,-0.372,0.306,0.301,0.479,0.65,-0.533,0.733,0.677,0.63,0.543,0.725,0.622,0.518,-0.366,0.802,-0.625,-0.25,0.651,0.687,0.446,-0.453,0.634,0.442,0.346,0.249,-0.534,-0.647,0.612,-0.051,0.643,0.334
AUTL,0.535,-0.289,0.218,-0.427,-0.683,-0.332,-0.389,-0.545,-0.17,-0.007,0.381,-0.024,0.461,0.275,-0.646,0.503,-0.343,-0.481,-0.358,0.0,0.717,0.586,0.586,0.46,0.045,-0.281,-0.543,0.112,0.851,-0.001,-0.385,-0.186,-0.205,-0.402,0.064,-0.657,-0.327,0.63,-0.121,0.514,-0.106,-0.556,0.514,-0.699,-0.093,-0.298,0.512,-0.368,-0.71,0.053,0.485,0.565,0.021,-0.557,-0.528,-0.286,-0.052,-0.139,-0.468,0.429,0.506,0.127,-0.333,0.385,-0.383,-0.009,-0.369,-0.373,0.059,0.236,0.345,0.396,-0.323,-0.259,-0.456,-0.309,-0.312,-0.563,0.566,-0.454,0.425,-0.723,-0.532,-0.46,-0.287,-0.209,0.402,-0.729,0.291,-0.441,-0.264,0.593,-0.551,0.422,-0.027,0.6,-0.515,0.42,-0.484,0.564,0.554,-0.503,0.333,-0.533,0.242,0.576,0.244,0.289,-0.307,-0.371,0.221,-0.322,-0.669,0.664,-0.451,-0.736,-0.276,0.371,0.161,0.661,0.627,0.191,0.106,-0.524,0.089,-0.259,0.427,-0.556,0.349,0.351,0.101,-0.461,-0.465,-0.107,-0.393,0.782,-0.34,-0.509,0.434,0.603,0.03,-0.778,-0.32,-0.283,-0.357,-0.215,0.303,0.366,0.455,0.081,0.564,0.456,0.472,0.337,0.318,-0.34,0.716,-0.366,0.014,-0.588,-0.625,-0.631,-0.468,0.205,-0.037,-0.192,0.33,-0.451,-0.666,0.653,-0.391,0.236,-0.257,-0.471,0.611,-0.205,-0.263,-0.389,-0.444,-0.227,-0.587,-0.073,0.483,-0.397,0.546,0.003,-0.688,-0.53,-0.18,0.813,-0.381,0.294,-0.567,0.542,0.323,0.413,-0.149,0.375,-0.502,-0.076
AVDL,0.819,-0.736,-0.193,-0.756,-0.889,-0.692,-0.618,-0.844,-0.398,0.415,0.659,-0.445,0.531,0.623,-0.785,0.863,-0.706,-0.261,-0.587,0.717,0.0,0.866,0.473,0.494,-0.33,-0.223,-0.853,0.03,0.8,-0.425,-0.75,-0.352,-0.262,0.052,-0.33,-0.898,-0.137,0.816,-0.447,0.743,-0.13,-0.905,0.862,-0.477,-0.621,-0.651,0.867,-0.703,-0.92,-0.373,0.828,0.588,-0.139,-0.872,-0.899,-0.717,-0.416,-0.496,-0.872,0.74,0.541,-0.013,-0.781,0.735,-0.659,0.029,-0.384,-0.837,0.067,0.353,0.585,0.605,-0.697,-0.61,-0.865,-0.438,-0.49,-0.853,0.811,-0.718,0.735,-0.95,-0.874,-0.739,-0.457,-0.607,0.247,-0.87,0.421,-0.783,-0.432,0.879,-0.776,0.229,0.326,0.96,-0.796,0.632,-0.767,0.765,0.193,-0.777,0.686,-0.544,0.639,0.854,-0.155,0.337,-0.653,-0.667,0.529,-0.781,-0.921,0.954,-0.797,-0.742,-0.513,0.113,-0.081,0.781,0.803,0.377,-0.185,-0.877,-0.26,-0.653,0.278,-0.816,0.673,0.562,-0.118,-0.789,-0.359,-0.345,-0.696,0.576,-0.728,-0.825,0.725,0.913,-0.296,-0.939,-0.54,-0.731,-0.667,-0.501,0.655,0.373,0.745,0.236,0.314,0.692,0.801,0.157,0.706,-0.685,0.798,-0.714,-0.324,-0.932,-0.882,-0.92,-0.461,0.574,-0.382,-0.555,0.203,-0.8,-0.793,0.736,-0.583,0.01,-0.515,-0.847,0.927,-0.694,-0.674,-0.843,-0.623,-0.72,-0.957,-0.491,0.49,-0.759,0.646,0.438,-0.933,-0.864,-0.496,0.754,-0.853,-0.121,-0.731,0.24,0.805,0.757,-0.662,0.114,-0.828,-0.318
BCRX,0.69,-0.666,-0.199,-0.528,-0.701,-0.51,-0.566,-0.656,-0.315,0.376,0.63,-0.292,0.57,0.415,-0.64,0.726,-0.676,-0.198,-0.486,0.586,0.866,0.0,0.505,0.392,-0.182,0.122,-0.69,-0.041,0.679,-0.308,-0.587,-0.198,-0.288,0.006,-0.198,-0.751,-0.189,0.667,-0.256,0.591,0.023,-0.766,0.665,-0.512,-0.443,-0.599,0.835,-0.549,-0.822,-0.318,0.705,0.551,0.078,-0.72,-0.832,-0.597,-0.237,-0.294,-0.717,0.742,0.58,0.154,-0.666,0.636,-0.532,0.105,-0.251,-0.724,0.278,0.219,0.535,0.523,-0.633,-0.415,-0.706,-0.447,-0.313,-0.716,0.687,-0.559,0.759,-0.838,-0.778,-0.571,-0.249,-0.36,0.428,-0.769,0.426,-0.648,-0.53,0.83,-0.749,0.128,0.344,0.908,-0.781,0.441,-0.64,0.731,0.01,-0.558,0.467,-0.306,0.604,0.652,-0.061,0.168,-0.444,-0.754,0.391,-0.709,-0.818,0.902,-0.548,-0.654,-0.484,0.159,0.145,0.781,0.6,0.426,-0.198,-0.722,-0.092,-0.538,0.382,-0.792,0.558,0.511,0.012,-0.734,-0.257,-0.14,-0.662,0.594,-0.765,-0.664,0.638,0.782,-0.05,-0.824,-0.39,-0.512,-0.542,-0.283,0.672,0.336,0.752,0.241,0.425,0.69,0.703,0.224,0.625,-0.486,0.587,-0.639,-0.106,-0.806,-0.715,-0.722,-0.568,0.425,-0.182,-0.588,0.105,-0.582,-0.846,0.57,-0.407,-0.019,-0.603,-0.775,0.842,-0.554,-0.558,-0.638,-0.458,-0.656,-0.832,-0.277,0.573,-0.584,0.661,0.254,-0.752,-0.651,-0.352,0.679,-0.67,-0.101,-0.729,0.381,0.695,0.715,-0.554,0.15,-0.673,-0.097
BHAT,0.432,-0.236,0.209,-0.09,-0.378,-0.086,-0.267,-0.226,0.067,0.101,0.334,0.158,0.428,0.074,-0.392,0.375,-0.358,-0.281,-0.301,0.586,0.473,0.505,0.0,0.423,0.287,0.154,-0.299,-0.04,0.498,-0.168,-0.299,0.068,-0.25,-0.389,0.246,-0.435,-0.234,0.456,0.099,0.335,0.173,-0.318,0.316,-0.523,0.133,-0.2,0.447,-0.178,-0.502,-0.09,0.42,0.513,0.35,-0.231,-0.417,-0.255,0.148,0.004,-0.22,0.499,0.352,0.376,-0.25,0.299,-0.157,0.094,-0.139,-0.286,0.383,0.099,0.446,0.454,-0.358,-0.113,-0.247,-0.335,0.024,-0.363,0.505,-0.106,0.486,-0.435,-0.429,-0.163,-0.071,0.087,0.469,-0.422,0.428,-0.204,-0.234,0.463,-0.397,0.291,0.04,0.396,-0.283,0.072,-0.426,0.526,0.46,-0.228,0.102,-0.264,0.312,0.362,0.373,-0.138,-0.003,-0.513,0.074,-0.27,-0.315,0.513,-0.13,-0.555,-0.145,0.308,0.447,0.541,0.46,0.282,0.159,-0.295,0.331,-0.174,0.582,-0.448,0.357,0.433,0.368,-0.369,-0.117,0.162,-0.17,0.606,-0.4,-0.275,0.316,0.469,0.345,-0.455,-0.305,0.028,-0.275,0.066,0.322,0.44,0.482,0.045,0.609,0.452,0.379,0.358,0.324,-0.048,0.431,-0.12,0.208,-0.399,-0.322,-0.323,-0.319,0.267,0.291,-0.239,0.154,-0.162,-0.574,0.395,-0.042,0.059,-0.357,-0.409,0.462,-0.132,-0.148,-0.121,-0.179,-0.217,-0.399,0.157,0.578,-0.257,0.625,-0.188,-0.39,-0.202,0.008,0.61,-0.193,0.226,-0.482,0.376,0.167,0.466,0.02,0.369,-0.237,0.196
BLBD,0.526,-0.55,-0.125,-0.255,-0.517,-0.351,-0.205,-0.417,0.027,0.398,0.239,-0.014,0.439,0.299,-0.507,0.471,-0.587,-0.282,-0.583,0.46,0.494,0.392,0.423,0.0,-0.111,-0.089,-0.478,-0.391,0.393,-0.384,-0.582,-0.075,-0.128,-0.14,0.031,-0.584,0.052,0.733,-0.174,0.359,0.152,-0.576,0.41,-0.132,-0.17,-0.274,0.434,-0.3,-0.498,-0.423,0.497,0.463,0.13,-0.45,-0.495,-0.556,-0.132,-0.349,-0.509,0.558,0.02,0.224,-0.517,0.433,0.048,0.296,-0.259,-0.463,0.37,0.127,0.608,0.758,-0.577,-0.477,-0.467,-0.329,-0.112,-0.399,0.566,-0.135,0.491,-0.468,-0.597,-0.239,-0.342,-0.26,0.14,-0.44,0.419,-0.436,-0.067,0.559,-0.455,0.146,-0.103,0.445,-0.377,0.061,-0.605,0.59,0.205,-0.473,0.476,-0.38,0.517,0.469,0.131,-0.041,-0.189,-0.573,0.313,-0.459,-0.379,0.534,-0.394,-0.455,-0.153,0.112,0.098,0.481,0.46,0.155,0.6,-0.456,0.012,-0.374,0.403,-0.437,0.56,0.826,0.217,-0.552,-0.141,-0.065,-0.33,0.352,-0.481,-0.444,0.399,0.65,-0.036,-0.479,-0.546,-0.275,-0.551,-0.161,0.226,0.491,0.507,-0.056,0.171,0.379,0.536,0.258,0.56,-0.251,0.495,-0.157,-0.14,-0.503,-0.507,-0.448,-0.207,0.579,0.128,-0.5,0.2,-0.393,-0.432,0.293,-0.197,-0.139,-0.539,-0.45,0.481,-0.444,-0.339,-0.379,-0.358,-0.456,-0.429,-0.231,0.464,-0.49,0.619,-0.113,-0.516,-0.464,-0.218,0.492,-0.406,-0.043,-0.361,-0.077,0.343,0.55,-0.35,0.155,-0.435,-0.06
BMRN,-0.205,0.516,0.368,0.646,0.484,0.761,0.548,0.682,0.6,-0.437,0.032,0.755,0.181,-0.714,0.136,-0.263,0.282,-0.112,0.559,0.045,-0.33,-0.182,0.287,-0.111,0.0,0.543,0.641,0.073,-0.267,0.109,0.562,0.676,0.403,-0.547,0.831,0.465,0.025,-0.259,0.651,-0.042,0.62,0.505,-0.244,-0.216,0.765,0.595,-0.144,0.719,0.308,0.585,-0.184,0.29,0.287,0.633,0.267,0.48,0.805,0.615,0.625,0.014,0.104,0.656,0.518,-0.558,0.504,-0.205,0.189,0.383,0.474,0.105,-0.024,-0.117,0.387,0.741,0.68,0.002,0.733,0.521,-0.245,0.666,0.046,0.402,0.478,0.656,0.216,0.821,0.618,0.364,0.288,0.746,-0.125,-0.157,0.15,-0.042,-0.01,-0.319,0.472,-0.399,0.47,-0.277,0.439,0.636,-0.467,0.486,-0.282,-0.538,0.571,-0.377,0.728,0.082,-0.369,0.338,0.487,-0.212,0.616,0.099,0.665,0.578,0.653,0.006,-0.132,0.104,0.36,0.531,0.709,0.711,0.119,0.189,-0.222,-0.075,0.539,0.44,0.478,0.748,0.545,0.395,0.122,0.662,-0.179,-0.263,0.807,0.305,0.377,0.771,0.436,0.818,-0.267,0.175,-0.019,0.224,0.421,0.216,-0.28,0.573,-0.131,0.755,-0.3,0.552,0.837,0.398,0.577,0.483,-0.171,-0.344,0.657,0.257,0.265,0.707,0.019,-0.307,0.629,0.458,0.121,0.439,-0.215,0.603,0.749,0.686,0.679,0.515,0.429,0.807,0.339,0.509,0.114,-0.496,0.449,0.615,0.729,-0.059,0.589,0.651,0.128,0.405,-0.557,-0.141,0.764,0.134,0.665,0.794
BNGO,-0.123,0.082,-0.079,0.6,0.388,0.522,0.255,0.538,0.413,-0.008,0.168,0.502,0.3,-0.509,0.196,-0.149,-0.07,0.293,0.211,-0.281,-0.223,0.122,0.154,-0.089,0.543,0.0,0.381,-0.152,-0.41,-0.131,0.255,0.583,0.139,-0.167,0.448,0.301,0.086,-0.225,0.437,-0.16,0.655,0.242,-0.24,0.01,0.446,0.271,0.075,0.477,0.207,0.105,-0.073,0.164,0.51,0.443,0.039,0.115,0.48,0.53,0.353,0.249,0.024,0.611,0.157,-0.244,0.407,0.027,0.232,0.102,0.726,0.007,0.197,0.049,-0.032,0.411,0.355,-0.156,0.63,0.364,-0.091,0.537,0.288,0.287,0.185,0.516,0.266,0.617,0.5,0.31,0.35,0.42,-0.255,-0.032,0.002,-0.351,0.053,-0.129,0.168,-0.502,0.147,-0.11,-0.229,0.504,-0.387,0.558,0.044,-0.457,0.303,-0.578,0.616,-0.349,-0.224,0.04,0.381,-0.061,0.589,0.252,0.274,0.17,0.551,0.05,-0.227,0.157,0.025,0.332,0.514,0.339,0.25,-0.027,-0.018,0.072,0.435,0.059,0.517,0.647,0.26,0.067,-0.215,0.403,-0.025,-0.14,0.697,0.268,0.169,0.534,0.139,0.646,0.156,0.108,0.236,0.161,0.267,0.257,-0.011,0.386,0.119,0.619,-0.422,0.345,0.638,0.171,0.416,0.463,-0.143,-0.126,0.609,-0.19,-0.21,0.568,-0.098,-0.48,0.622,0.02,-0.245,0.096,-0.099,0.183,0.361,0.429,0.571,0.001,0.243,0.487,0.379,0.258,0.235,-0.293,0.342,0.493,0.495,-0.235,0.336,0.085,0.018,0.21,-0.255,0.128,0.273,-0.137,0.413,0.71
BUSE,-0.655,0.795,0.304,0.825,0.905,0.852,0.714,0.918,0.531,-0.487,-0.408,0.614,-0.358,-0.769,0.608,-0.712,0.695,0.182,0.774,-0.543,-0.853,-0.69,-0.299,-0.478,0.641,0.381,0.0,0.02,-0.715,0.339,0.849,0.541,0.475,-0.125,0.614,0.927,0.199,-0.726,0.622,-0.496,0.397,0.917,-0.665,0.334,0.735,0.713,-0.677,0.839,0.829,0.594,-0.677,-0.341,0.114,0.926,0.779,0.745,0.635,0.651,0.906,-0.514,-0.33,0.29,0.806,-0.814,0.695,-0.139,0.413,0.733,0.094,-0.2,-0.507,-0.559,0.732,0.829,0.955,0.369,0.708,0.896,-0.744,0.801,-0.512,0.899,0.891,0.828,0.419,0.771,0.124,0.803,-0.234,0.932,0.244,-0.683,0.647,-0.258,-0.083,-0.794,0.809,-0.538,0.841,-0.704,0.073,0.901,-0.697,0.707,-0.613,-0.883,0.253,-0.376,0.741,0.564,-0.482,0.669,0.864,-0.792,0.82,0.633,0.725,0.279,0.269,-0.534,-0.644,-0.143,0.258,0.89,0.373,0.822,-0.28,0.726,-0.658,-0.504,0.303,0.855,0.57,0.549,0.721,-0.223,0.596,0.953,-0.591,-0.784,0.496,0.811,0.669,0.838,0.738,0.735,-0.642,-0.224,-0.576,-0.001,-0.089,-0.359,-0.715,0.179,-0.517,0.794,-0.717,0.742,0.558,0.886,0.953,0.867,0.251,-0.585,0.453,0.486,0.073,0.877,0.615,-0.676,0.659,0.26,0.486,0.854,-0.745,0.797,0.853,0.902,0.781,0.759,0.892,0.67,-0.239,0.802,-0.536,-0.458,0.911,0.901,0.691,-0.626,0.858,0.455,0.617,0.04,-0.788,-0.641,0.774,-0.1,0.938,0.574
CAKE,0.206,0.123,0.558,-0.118,0.09,-0.036,-0.194,-0.04,-0.294,-0.208,0.067,-0.035,-0.194,0.176,0.055,-0.045,0.203,0.007,0.138,0.112,0.03,-0.041,-0.04,-0.391,0.073,-0.152,0.02,0.0,0.143,0.175,0.158,-0.035,-0.189,0.104,-0.102,-0.034,-0.172,-0.059,0.236,0.074,-0.277,0.188,0.123,-0.15,0.097,0.06,0.057,-0.188,-0.126,0.17,-0.023,0.049,0.136,0.106,0.108,0.149,0.02,0.147,0.138,-0.083,0.308,-0.057,0.316,0.044,-0.447,0.148,0.373,0.022,-0.253,0.284,-0.109,-0.226,0.217,0.125,0.029,0.282,-0.061,-0.183,0.017,-0.282,-0.109,0.03,0.024,-0.246,0.078,-0.074,0.136,0.073,-0.172,0.067,0.241,-0.045,0.179,0.506,0.031,-0.046,0.219,0.326,0.104,0.119,0.357,-0.043,-0.018,-0.326,-0.093,0.187,0.059,0.08,0.046,0.304,0.223,0.136,-0.001,-0.052,0.037,-0.216,-0.042,0.235,0.159,-0.137,0.307,0.013,-0.152,0.171,0.179,-0.042,0.106,0.138,-0.082,-0.357,-0.181,0.223,0.036,-0.053,0.271,0.119,0.277,0.005,0.029,-0.073,-0.066,0.022,0.212,-0.03,0.267,-0.063,0.181,0.245,0.032,0.014,0.369,0.041,-0.161,-0.211,-0.095,-0.054,0.292,-0.06,0.076,0.046,0.09,0.054,0.337,0.05,-0.127,0.295,0.236,-0.078,0.072,0.361,-0.201,-0.05,0.47,0.033,0.106,0.18,-0.1,0.011,-0.158,0.155,-0.025,0.004,-0.013,0.187,-0.111,0.29,0.01,0.047,-0.054,0.191,0.012,0.145,-0.108,0.139,0.11,0.048,0.09,0.374,0.084,-0.199
CASY,0.583,-0.37,0.207,-0.665,-0.79,-0.603,-0.653,-0.771,-0.496,0.047,0.265,-0.32,0.256,0.543,-0.633,0.581,-0.299,-0.43,-0.455,0.851,0.8,0.679,0.498,0.393,-0.267,-0.41,-0.715,0.143,0.0,0.09,-0.506,-0.533,-0.491,-0.152,-0.224,-0.788,-0.431,0.603,-0.339,0.473,-0.443,-0.635,0.547,-0.595,-0.346,-0.578,0.525,-0.661,-0.802,-0.137,0.478,0.331,0.022,-0.739,-0.582,-0.324,-0.381,-0.397,-0.613,0.349,0.494,-0.168,-0.478,0.635,-0.687,0.094,-0.277,-0.45,-0.206,0.162,0.226,0.329,-0.367,-0.41,-0.669,-0.219,-0.619,-0.78,0.561,-0.737,0.323,-0.827,-0.692,-0.725,-0.145,-0.459,0.169,-0.86,0.07,-0.657,-0.204,0.578,-0.476,0.564,0.086,0.703,-0.671,0.667,-0.562,0.676,0.388,-0.714,0.405,-0.692,0.254,0.778,-0.057,0.528,-0.622,-0.33,0.322,-0.385,-0.81,0.695,-0.633,-0.755,-0.586,0.227,-0.029,0.629,0.624,0.154,-0.083,-0.68,-0.105,-0.516,0.385,-0.573,0.278,0.282,-0.151,-0.547,-0.608,-0.452,-0.633,0.624,-0.339,-0.741,0.374,0.645,-0.26,-0.838,-0.282,-0.551,-0.346,-0.536,0.362,0.272,0.364,-0.102,0.508,0.317,0.459,0.028,0.256,-0.642,0.816,-0.638,-0.294,-0.641,-0.796,-0.784,-0.346,0.288,-0.336,-0.193,0.282,-0.72,-0.653,0.828,-0.659,-0.064,-0.261,-0.603,0.655,-0.318,-0.556,-0.577,-0.724,-0.296,-0.716,-0.262,0.313,-0.463,0.412,0.179,-0.797,-0.651,-0.537,0.829,-0.568,0.096,-0.677,0.442,0.541,0.415,-0.409,0.456,-0.736,-0.401
CCOI,-0.56,0.684,0.513,0.262,0.308,0.205,-0.033,0.259,-0.189,-0.702,-0.684,0.259,-0.55,-0.203,0.409,-0.507,0.765,-0.036,0.449,-0.001,-0.425,-0.308,-0.168,-0.384,0.109,-0.131,0.339,0.175,0.09,0.0,0.556,-0.27,-0.343,-0.203,0.138,0.326,-0.492,-0.552,0.122,-0.565,-0.474,0.532,-0.631,-0.035,0.455,0.164,-0.635,0.168,0.401,0.499,-0.704,-0.563,0.286,0.315,0.644,0.792,0.023,0.195,0.524,-0.744,-0.003,-0.33,0.589,-0.245,-0.04,0.01,0.259,0.738,-0.418,-0.43,-0.75,-0.621,0.668,0.43,0.379,0.435,-0.202,0.241,-0.609,0.058,-0.743,0.317,0.455,0.104,0.641,0.362,-0.136,0.145,-0.619,0.288,0.377,-0.612,0.567,0.372,-0.401,-0.464,0.255,-0.022,0.497,-0.364,0.082,0.259,-0.639,-0.038,-0.777,-0.283,0.12,0.368,0.145,0.603,-0.426,0.759,0.233,-0.528,0.422,0.279,-0.125,0.081,0.02,-0.302,-0.448,-0.383,-0.061,0.432,0.178,0.304,0.024,0.548,-0.718,-0.634,-0.083,0.368,-0.316,-0.147,0.13,-0.09,0.71,0.225,-0.708,-0.597,0.096,0.278,0.604,0.364,0.65,-0.024,-0.422,-0.397,-0.693,-0.468,0.217,-0.663,-0.624,-0.282,-0.788,0.188,-0.202,0.119,0.091,0.59,0.253,0.37,0.195,-0.644,0.025,0.712,0.015,0.269,0.358,0.002,-0.019,-0.07,0.521,0.475,-0.558,0.659,0.275,0.475,-0.035,0.733,0.506,0.312,-0.44,0.64,-0.529,-0.358,0.348,0.483,-0.012,-0.038,0.516,0.271,0.221,0.376,-0.484,-0.688,0.421,0.341,0.217,-0.103
