,AAPL,ACRS,ADP,AFYA,AGNC,AGYS,ALT,AMGN,AMPH,AMZN,ANIP,AOSL,APDN,APLT,APVO,ARGX,ARLP,ATEX,ATRA,AUTL,AVDL,BCRX,BHAT,BLBD,BMRN,BNGO,BUSE,CAKE,CASY,CCOI,CEVA,CHY,CLDX,CLMT,COHU,COLM,COST,CPRT,CSWC,CSX,DBX,DCOM,DKNG,DMLP,DOX,EA,EDIT,ENPH,ENSG,ERNA,ESGR,ETNB,EXTR,FANG,FARO,FATE,FGEN,FIVE,FIVN,FLGT,FOLD,FORM,FOXA,FRPT,FSLR,FTAI,GBDC,GDYN,GGAL,GNLN,GRFS,GT,HCAT,HCM,HFWA,HOLX,HQY,HUBG,IAC,ICLR,IDCC,IEP,IHRT,ILMN,ILPT,IMAB,IMOS,INMD,INTZ,JAZZ,JKHY,JRVR,KIDS,LBRDK,LGND,LMAT,LPLA,LULU,MASI,MAT,MATW,MBIN,MBIO,MCRB,MDB,MDLZ,MELI,MIRM,MLKN,MNMD,MNRO,MPWR,MRCY,MRSN,MTVA,NAAS,NDAQ,NDSN,NEGG,NOVT,NVDA,NWE,NWSA,NXST,OCX,ODFL,OMAB,OPCH,OPRA,ORGO,OTRK,OZK,PAGP,PCH,PEGA,PENG,PENN,PFBC,PGNY,PHAT,PHUN,PINC,PLUG,PLXS,PYPL,QLYS,QNCX,QQQX,QVCGA,RAPT,RBBN,RCKT,REPL,RMBS,ROAD,ROKU,ROP,RUSHA,SANM,SATS,SBCF,SBLK,SBUX,SCHL,SCSC,SDGR,SEIC,SFIX,SGRY,SKYW,SLP,SNES,STAA,STLD,STOK,SWKS,TER,TFIN,TIGO,TILE,TPIC,TTEC,TTEK,TTGT,UXIN,VERU,VLYPP,VNOM,VRNS,VRSN,WDAY,WERN,WINA,WKHS,WRLD,XP,XTKG,YY,ZION,ZM
AAPL,0.0,-0.806,0.944,0.831,0.9,0.577,0.192,0.473,0.92,0.922,-0.843,-0.594,0.405,-0.874,-0.919,0.437,-0.514,0.566,-0.79,0.878,0.715,-0.501,0.404,-0.089,0.845,0.056,0.753,0.786,0.912,0.445,0.95,0.923,0.686,0.759,0.876,0.473,0.911,0.979,0.817,0.884,0.749,0.739,0.941,0.495,0.573,0.962,0.847,0.744,0.953,-0.875,0.932,0.048,-0.753,-0.485,0.934,0.71,-0.327,0.787,0.904,0.867,-0.366,0.951,-0.023,0.869,0.493,0.95,0.879,0.815,0.58,-0.434,0.865,0.925,0.522,-0.756,0.678,0.942,-0.392,0.854,0.921,0.903,0.964,0.294,0.346,-0.76,0.67,0.325,-0.105,0.722,0.515,-0.623,0.928,-0.865,0.872,0.127,0.894,0.873,0.519,0.936,0.89,-0.554,0.223,0.939,-0.087,-0.552,0.944,0.95,0.901,0.875,0.835,0.081,0.926,0.954,-0.559,0.786,0.369,-0.011,0.955,0.952,0.801,0.404,0.963,0.569,0.364,0.547,0.84,0.866,0.477,0.87,0.582,0.702,-0.832,0.822,0.101,0.865,0.871,0.963,0.937,0.713,0.573,-0.898,-0.83,0.8,-0.814,0.865,0.817,0.934,-0.706,0.945,0.767,0.015,0.69,0.781,-0.939,0.973,0.873,0.913,0.981,0.889,-0.324,-0.815,0.798,0.512,0.84,0.669,0.468,0.906,0.952,0.304,0.941,0.77,0.853,-0.781,-0.777,0.607,0.332,0.861,0.914,0.855,0.767,0.875,0.377,-0.637,0.887,0.919,-0.28,0.501,-0.125,0.858,0.934,0.936,0.981,0.831,0.96,-0.696,0.853,0.956,0.686,0.674,0.831,0.851
ACRS,-0.806,0.0,-0.781,-0.728,-0.595,-0.471,0.108,-0.149,-0.92,-0.681,0.806,0.437,-0.076,0.818,0.723,-0.103,0.318,-0.507,0.735,-0.697,-0.384,0.592,-0.541,-0.065,-0.743,0.108,-0.698,-0.873,-0.871,-0.265,-0.805,-0.805,-0.401,-0.696,-0.834,-0.103,-0.811,-0.841,-0.691,-0.784,-0.825,-0.491,-0.67,-0.61,-0.388,-0.736,-0.634,-0.819,-0.784,0.727,-0.683,0.378,0.394,0.292,-0.656,-0.369,0.338,-0.67,-0.781,-0.622,0.487,-0.849,0.269,-0.616,-0.509,-0.763,-0.703,-0.592,-0.498,0.486,-0.597,-0.845,-0.678,0.674,-0.518,-0.844,0.028,-0.864,-0.854,-0.718,-0.834,0.016,-0.154,0.86,-0.367,-0.111,-0.221,-0.656,-0.371,0.689,-0.733,0.845,-0.768,0.129,-0.824,-0.835,-0.494,-0.813,-0.92,0.65,-0.243,-0.755,0.446,0.224,-0.859,-0.754,-0.734,-0.754,-0.675,0.122,-0.819,-0.766,0.384,-0.664,-0.171,-0.387,-0.82,-0.836,-0.82,-0.557,-0.746,-0.314,-0.057,-0.267,-0.876,-0.69,-0.285,-0.707,-0.496,-0.789,0.875,-0.7,0.119,-0.705,-0.751,-0.753,-0.697,-0.63,-0.615,0.755,0.899,-0.712,0.882,-0.908,-0.599,-0.723,0.673,-0.733,-0.49,0.15,-0.485,-0.7,0.743,-0.842,-0.838,-0.648,-0.804,-0.734,0.043,0.588,-0.623,-0.574,-0.524,-0.392,-0.492,-0.697,-0.775,-0.344,-0.81,-0.731,-0.85,0.867,0.396,-0.332,0.045,-0.803,-0.803,-0.681,-0.632,-0.771,-0.598,0.694,-0.839,-0.87,0.574,-0.39,0.24,-0.895,-0.836,-0.797,-0.798,-0.838,-0.756,0.698,-0.711,-0.804,-0.524,-0.383,-0.603,-0.721
ADP,0.944,-0.781,0.0,0.754,0.836,0.47,0.133,0.462,0.9,0.848,-0.859,-0.624,0.412,-0.833,-0.901,0.293,-0.53,0.498,-0.825,0.817,0.71,-0.555,0.388,-0.069,0.795,0.021,0.736,0.776,0.899,0.432,0.906,0.863,0.632,0.753,0.821,0.465,0.879,0.94,0.778,0.83,0.695,0.705,0.914,0.509,0.461,0.905,0.773,0.707,0.919,-0.807,0.889,-0.043,-0.625,-0.48,0.904,0.652,-0.407,0.73,0.863,0.862,-0.42,0.904,-0.025,0.862,0.392,0.881,0.806,0.769,0.479,-0.392,0.809,0.889,0.503,-0.735,0.667,0.905,-0.286,0.856,0.897,0.828,0.916,0.371,0.3,-0.732,0.639,0.273,-0.218,0.646,0.592,-0.632,0.922,-0.873,0.811,0.051,0.816,0.819,0.558,0.906,0.869,-0.595,0.301,0.879,-0.113,-0.567,0.916,0.879,0.812,0.801,0.789,0.056,0.902,0.889,-0.596,0.717,0.437,-0.002,0.923,0.937,0.75,0.343,0.931,0.486,0.308,0.515,0.783,0.774,0.343,0.76,0.647,0.613,-0.827,0.789,-0.001,0.846,0.781,0.928,0.876,0.707,0.521,-0.923,-0.778,0.734,-0.786,0.814,0.776,0.912,-0.681,0.864,0.767,-0.133,0.711,0.704,-0.914,0.932,0.805,0.86,0.959,0.854,-0.351,-0.823,0.773,0.465,0.818,0.6,0.36,0.874,0.918,0.261,0.896,0.726,0.803,-0.742,-0.765,0.5,0.333,0.787,0.878,0.831,0.708,0.827,0.377,-0.666,0.836,0.942,-0.247,0.528,-0.171,0.835,0.884,0.924,0.944,0.825,0.926,-0.667,0.812,0.925,0.621,0.67,0.796,0.786
AFYA,0.831,-0.728,0.754,0.0,0.738,0.507,0.395,0.256,0.799,0.786,-0.65,-0.337,0.145,-0.766,-0.662,0.351,-0.428,0.711,-0.491,0.873,0.632,-0.275,0.397,-0.045,0.789,0.296,0.71,0.784,0.829,0.489,0.866,0.891,0.553,0.762,0.818,0.186,0.805,0.875,0.856,0.942,0.821,0.601,0.811,0.586,0.744,0.839,0.923,0.888,0.894,-0.852,0.87,0.041,-0.583,-0.342,0.727,0.667,-0.076,0.931,0.902,0.728,-0.237,0.769,0.053,0.655,0.731,0.77,0.886,0.847,0.807,-0.262,0.817,0.843,0.479,-0.536,0.613,0.741,-0.397,0.812,0.863,0.863,0.905,-0.02,0.635,-0.604,0.625,0.173,0.205,0.875,0.079,-0.554,0.751,-0.646,0.908,0.087,0.908,0.882,0.535,0.852,0.838,-0.469,-0.177,0.912,-0.111,-0.376,0.829,0.894,0.907,0.893,0.849,0.337,0.889,0.834,-0.301,0.851,0.087,0.098,0.907,0.866,0.86,0.675,0.712,0.612,0.581,0.503,0.881,0.786,0.729,0.883,0.498,0.802,-0.712,0.829,0.121,0.801,0.947,0.794,0.884,0.674,0.797,-0.712,-0.837,0.916,-0.695,0.778,0.674,0.804,-0.44,0.881,0.677,0.248,0.655,0.827,-0.761,0.842,0.883,0.826,0.823,0.716,-0.038,-0.508,0.697,0.827,0.574,0.655,0.552,0.775,0.819,0.578,0.896,0.865,0.859,-0.722,-0.618,0.704,-0.021,0.896,0.889,0.783,0.772,0.851,0.388,-0.376,0.897,0.782,-0.437,0.504,0.15,0.807,0.905,0.878,0.84,0.856,0.777,-0.622,0.861,0.808,0.731,0.395,0.675,0.864
AGNC,0.9,-0.595,0.836,0.738,0.0,0.757,0.377,0.632,0.75,0.923,-0.595,-0.372,0.531,-0.752,-0.842,0.721,-0.277,0.588,-0.615,0.878,0.755,-0.19,0.338,0.042,0.66,0.304,0.777,0.669,0.797,0.528,0.896,0.891,0.785,0.65,0.755,0.713,0.824,0.884,0.787,0.805,0.544,0.872,0.922,0.374,0.617,0.936,0.814,0.597,0.89,-0.789,0.91,0.402,-0.847,-0.303,0.946,0.869,-0.094,0.743,0.813,0.881,-0.096,0.823,0.304,0.827,0.51,0.939,0.898,0.875,0.529,-0.276,0.951,0.814,0.503,-0.605,0.792,0.852,-0.684,0.717,0.828,0.936,0.886,0.493,0.418,-0.476,0.858,0.634,-0.309,0.736,0.432,-0.335,0.862,-0.646,0.816,0.475,0.803,0.74,0.296,0.895,0.698,-0.238,0.256,0.907,0.187,-0.599,0.774,0.927,0.886,0.867,0.88,0.303,0.847,0.956,-0.351,0.774,0.356,-0.266,0.847,0.878,0.706,0.375,0.916,0.778,0.551,0.793,0.665,0.897,0.574,0.882,0.502,0.624,-0.583,0.859,0.435,0.894,0.802,0.884,0.933,0.747,0.515,-0.809,-0.597,0.741,-0.555,0.732,0.907,0.891,-0.568,0.938,0.808,0.307,0.708,0.798,-0.791,0.888,0.805,0.959,0.908,0.904,-0.226,-0.67,0.874,0.426,0.911,0.826,0.572,0.926,0.922,0.383,0.846,0.699,0.758,-0.595,-0.796,0.808,0.543,0.77,0.86,0.902,0.826,0.862,0.245,-0.393,0.786,0.76,-0.013,0.558,0.11,0.651,0.826,0.853,0.885,0.703,0.926,-0.459,0.875,0.886,0.626,0.808,0.921,0.832
AGYS,0.577,-0.471,0.47,0.507,0.757,0.0,0.256,0.536,0.519,0.645,-0.179,0.166,0.262,-0.446,-0.519,0.671,0.216,0.697,-0.258,0.694,0.369,0.134,0.47,0.496,0.336,0.441,0.803,0.65,0.563,0.428,0.686,0.727,0.668,0.306,0.658,0.675,0.607,0.595,0.582,0.572,0.352,0.811,0.585,0.324,0.577,0.628,0.571,0.518,0.596,-0.455,0.594,0.44,-0.584,0.162,0.655,0.755,0.359,0.573,0.59,0.626,0.213,0.595,0.471,0.513,0.659,0.738,0.68,0.695,0.373,-0.101,0.747,0.639,0.702,-0.324,0.828,0.638,-0.696,0.575,0.663,0.786,0.627,0.349,0.386,-0.204,0.722,0.812,-0.116,0.705,0.113,0.018,0.534,-0.319,0.671,0.733,0.578,0.565,-0.155,0.704,0.47,0.174,0.334,0.665,0.224,-0.206,0.454,0.659,0.674,0.674,0.767,0.359,0.635,0.762,0.166,0.721,0.043,-0.01,0.543,0.656,0.656,0.573,0.6,0.837,0.427,0.804,0.524,0.779,0.563,0.734,0.394,0.689,-0.271,0.797,0.698,0.771,0.613,0.589,0.669,0.787,0.512,-0.488,-0.363,0.595,-0.269,0.664,0.833,0.589,-0.39,0.718,0.501,0.55,0.497,0.779,-0.356,0.64,0.697,0.712,0.601,0.764,0.234,-0.243,0.813,0.342,0.664,0.737,0.84,0.737,0.714,0.649,0.595,0.633,0.681,-0.469,-0.326,0.784,0.44,0.675,0.701,0.796,0.774,0.766,0.445,-0.082,0.629,0.466,0.033,0.584,0.233,0.361,0.581,0.531,0.559,0.555,0.623,-0.087,0.761,0.618,0.442,0.65,0.833,0.714
ALT,0.192,0.108,0.133,0.395,0.377,0.256,0.0,0.333,0.017,0.393,0.087,0.074,0.351,-0.077,-0.139,0.56,-0.105,0.377,0.2,0.447,0.587,0.438,-0.168,-0.097,0.154,0.742,0.161,0.036,0.134,0.354,0.269,0.281,0.45,0.27,0.122,0.245,0.279,0.225,0.405,0.341,0.185,0.341,0.382,0.086,0.476,0.341,0.51,0.194,0.348,-0.281,0.443,0.589,-0.361,-0.097,0.283,0.483,0.249,0.482,0.308,0.38,0.353,0.084,0.516,0.263,0.276,0.196,0.414,0.519,0.601,0.002,0.492,0.168,-0.091,0.214,0.263,0.07,-0.549,0.11,0.174,0.365,0.276,0.269,0.608,0.233,0.647,0.324,-0.163,0.373,-0.247,0.175,0.244,0.161,0.311,0.337,0.27,0.194,0.157,0.308,0.06,0.164,-0.412,0.318,0.489,-0.304,0.155,0.374,0.457,0.399,0.389,0.855,0.278,0.298,0.033,0.379,0.115,-0.538,0.301,0.229,0.177,0.187,0.148,0.459,0.83,0.453,0.098,0.249,0.673,0.41,0.089,0.114,0.097,0.335,0.412,0.299,0.359,0.254,0.434,0.161,0.425,-0.142,0.014,0.362,0.082,-0.03,0.284,0.34,0.336,0.394,0.6,0.541,0.491,0.384,-0.179,0.208,0.211,0.464,0.216,0.227,-0.045,-0.071,0.286,0.4,0.231,0.358,0.248,0.324,0.23,0.33,0.276,0.25,0.205,-0.038,-0.449,0.628,0.213,0.277,0.276,0.248,0.448,0.264,-0.31,0.34,0.2,0.051,0.253,0.319,0.554,0.106,0.268,0.321,0.239,0.235,0.267,0.042,0.387,0.2,0.253,0.201,0.262,0.368
AMGN,0.473,-0.149,0.462,0.256,0.632,0.536,0.333,0.0,0.277,0.502,-0.157,-0.072,0.598,-0.16,-0.485,0.579,-0.042,0.332,-0.208,0.526,0.542,0.147,0.254,0.336,0.205,0.245,0.551,0.256,0.33,0.344,0.51,0.466,0.692,0.177,0.424,0.807,0.472,0.408,0.226,0.276,0.008,0.773,0.581,0.144,0.299,0.494,0.388,0.152,0.486,-0.242,0.498,0.524,-0.504,-0.184,0.67,0.696,0.119,0.305,0.4,0.653,0.262,0.419,0.43,0.626,0.193,0.568,0.4,0.578,0.051,-0.107,0.634,0.463,0.317,-0.164,0.716,0.442,-0.585,0.405,0.45,0.535,0.439,0.763,0.285,0.02,0.712,0.695,-0.63,0.357,0.313,0.229,0.507,-0.188,0.42,0.52,0.238,0.291,-0.213,0.513,0.213,0.195,0.477,0.456,0.401,-0.459,0.307,0.48,0.453,0.43,0.504,0.316,0.499,0.524,-0.065,0.46,0.386,-0.357,0.358,0.484,0.358,0.056,0.568,0.632,0.393,0.673,0.172,0.545,0.233,0.402,0.571,0.175,-0.055,0.556,0.491,0.628,0.289,0.551,0.515,0.607,0.166,-0.492,-0.018,0.317,-0.032,0.278,0.693,0.528,-0.2,0.533,0.59,0.205,0.645,0.503,-0.417,0.419,0.347,0.604,0.474,0.645,-0.21,-0.49,0.7,-0.033,0.78,0.628,0.458,0.67,0.581,0.247,0.428,0.403,0.382,-0.21,-0.581,0.484,0.713,0.391,0.468,0.595,0.522,0.507,0.027,0.025,0.267,0.314,0.36,0.516,0.13,0.137,0.291,0.352,0.413,0.364,0.541,0.101,0.505,0.513,0.201,0.804,0.705,0.438
AMPH,0.92,-0.92,0.9,0.799,0.75,0.519,0.017,0.277,0.0,0.799,-0.866,-0.509,0.196,-0.889,-0.847,0.196,-0.415,0.602,-0.839,0.812,0.548,-0.612,0.5,0.021,0.809,-0.013,0.764,0.888,0.931,0.468,0.911,0.887,0.547,0.781,0.882,0.283,0.888,0.941,0.762,0.861,0.82,0.62,0.816,0.643,0.499,0.87,0.752,0.828,0.887,-0.838,0.846,-0.21,-0.567,-0.404,0.808,0.554,-0.366,0.763,0.866,0.77,-0.498,0.911,-0.154,0.753,0.525,0.877,0.81,0.718,0.561,-0.482,0.741,0.915,0.631,-0.761,0.619,0.92,-0.213,0.911,0.932,0.828,0.929,0.119,0.262,-0.86,0.52,0.203,0.085,0.713,0.52,-0.734,0.854,-0.923,0.843,-0.033,0.904,0.879,0.544,0.9,0.964,-0.626,0.246,0.869,-0.328,-0.381,0.926,0.87,0.831,0.814,0.783,-0.029,0.902,0.883,-0.499,0.749,0.228,0.249,0.917,0.938,0.852,0.543,0.873,0.454,0.209,0.416,0.928,0.784,0.372,0.804,0.539,0.791,-0.921,0.789,-0.039,0.811,0.83,0.88,0.826,0.716,0.611,-0.839,-0.908,0.782,-0.886,0.935,0.739,0.85,-0.717,0.846,0.648,-0.125,0.612,0.754,-0.836,0.941,0.892,0.794,0.918,0.847,-0.136,-0.71,0.73,0.61,0.679,0.544,0.459,0.815,0.898,0.371,0.892,0.778,0.886,-0.848,-0.577,0.481,0.115,0.858,0.89,0.802,0.731,0.848,0.572,-0.735,0.912,0.973,-0.485,0.442,-0.198,0.896,0.922,0.884,0.936,0.876,0.872,-0.763,0.822,0.897,0.64,0.509,0.734,0.795
AMZN,0.922,-0.681,0.848,0.786,0.923,0.645,0.393,0.502,0.799,0.0,-0.686,-0.494,0.539,-0.813,-0.87,0.63,-0.383,0.555,-0.657,0.871,0.775,-0.268,0.247,-0.126,0.754,0.259,0.704,0.698,0.84,0.479,0.899,0.878,0.744,0.765,0.771,0.553,0.917,0.915,0.835,0.843,0.704,0.777,0.922,0.453,0.568,0.948,0.837,0.663,0.919,-0.837,0.924,0.261,-0.78,-0.381,0.908,0.73,-0.24,0.802,0.842,0.851,-0.216,0.87,0.108,0.841,0.455,0.911,0.872,0.857,0.634,-0.38,0.895,0.838,0.476,-0.536,0.664,0.861,-0.492,0.749,0.836,0.893,0.903,0.408,0.362,-0.601,0.797,0.462,-0.195,0.699,0.438,-0.449,0.875,-0.711,0.817,0.273,0.857,0.788,0.451,0.921,0.755,-0.377,0.17,0.895,0.087,-0.552,0.864,0.927,0.915,0.88,0.84,0.304,0.865,0.939,-0.448,0.728,0.411,-0.216,0.904,0.883,0.71,0.343,0.898,0.632,0.534,0.629,0.71,0.873,0.578,0.897,0.474,0.65,-0.679,0.805,0.292,0.85,0.822,0.906,0.933,0.659,0.599,-0.835,-0.677,0.73,-0.685,0.752,0.81,0.904,-0.551,0.916,0.83,0.179,0.699,0.795,-0.852,0.916,0.843,0.931,0.923,0.886,-0.309,-0.733,0.782,0.518,0.816,0.695,0.513,0.897,0.884,0.319,0.883,0.687,0.799,-0.727,-0.782,0.72,0.449,0.8,0.863,0.82,0.823,0.828,0.241,-0.488,0.807,0.808,-0.117,0.517,0.077,0.793,0.884,0.903,0.917,0.759,0.947,-0.562,0.858,0.897,0.621,0.7,0.821,0.835
ANIP,-0.843,0.806,-0.859,-0.65,-0.595,-0.179,0.087,-0.157,-0.866,-0.686,0.0,0.783,-0.15,0.855,0.785,-0.044,0.635,-0.297,0.901,-0.611,-0.557,0.826,-0.309,0.281,-0.809,0.327,-0.473,-0.659,-0.787,-0.207,-0.718,-0.674,-0.308,-0.708,-0.686,-0.157,-0.733,-0.825,-0.615,-0.697,-0.718,-0.358,-0.711,-0.481,-0.18,-0.752,-0.582,-0.617,-0.753,0.761,-0.707,0.38,0.502,0.563,-0.686,-0.323,0.668,-0.553,-0.698,-0.603,0.7,-0.814,0.39,-0.649,-0.195,-0.716,-0.614,-0.496,-0.411,0.506,-0.542,-0.75,-0.356,0.784,-0.327,-0.785,-0.026,-0.728,-0.74,-0.602,-0.775,-0.077,-0.062,0.897,-0.296,0.087,-0.02,-0.443,-0.643,0.862,-0.793,0.955,-0.625,0.297,-0.731,-0.724,-0.71,-0.712,-0.843,0.762,-0.224,-0.7,0.423,0.444,-0.867,-0.725,-0.643,-0.619,-0.531,0.284,-0.731,-0.702,0.822,-0.485,-0.323,-0.201,-0.808,-0.774,-0.621,-0.233,-0.798,-0.12,-0.009,-0.092,-0.759,-0.551,-0.105,-0.586,-0.445,-0.499,0.951,-0.513,0.352,-0.563,-0.652,-0.771,-0.665,-0.427,-0.318,0.767,0.839,-0.568,0.879,-0.74,-0.513,-0.709,0.697,-0.673,-0.52,0.383,-0.438,-0.463,0.855,-0.814,-0.687,-0.621,-0.818,-0.643,0.378,0.774,-0.471,-0.387,-0.57,-0.324,-0.092,-0.623,-0.732,-0.025,-0.752,-0.546,-0.656,0.746,0.604,-0.198,-0.1,-0.618,-0.674,-0.55,-0.486,-0.611,-0.405,0.837,-0.735,-0.879,0.457,-0.239,0.428,-0.862,-0.79,-0.778,-0.834,-0.693,-0.764,0.834,-0.565,-0.795,-0.562,-0.377,-0.516,-0.568
AOSL,-0.594,0.437,-0.624,-0.337,-0.372,0.166,0.074,-0.072,-0.509,-0.494,0.783,0.0,-0.338,0.572,0.625,-0.025,0.784,0.124,0.715,-0.286,-0.474,0.704,0.163,0.649,-0.661,0.488,-0.061,-0.227,-0.491,-0.001,-0.39,-0.3,-0.15,-0.487,-0.295,-0.093,-0.481,-0.522,-0.37,-0.357,-0.429,-0.092,-0.51,-0.051,0.046,-0.503,-0.32,-0.19,-0.459,0.527,-0.448,0.24,0.423,0.718,-0.466,-0.057,0.794,-0.236,-0.374,-0.367,0.618,-0.551,0.441,-0.494,0.232,-0.429,-0.31,-0.194,-0.143,0.462,-0.257,-0.394,0.058,0.599,0.026,-0.493,-0.202,-0.322,-0.36,-0.258,-0.442,-0.187,0.147,0.648,-0.078,0.274,0.2,0.002,-0.613,0.647,-0.587,0.695,-0.265,0.404,-0.402,-0.374,-0.691,-0.396,-0.465,0.675,-0.126,-0.369,0.216,0.454,-0.639,-0.427,-0.338,-0.304,-0.166,0.354,-0.375,-0.394,0.878,-0.099,-0.552,0.114,-0.53,-0.414,-0.197,0.325,-0.565,0.196,0.109,0.159,-0.347,-0.262,0.132,-0.283,-0.197,-0.034,0.647,-0.109,0.493,-0.201,-0.304,-0.534,-0.396,0.01,-0.023,0.543,0.48,-0.203,0.641,-0.325,-0.181,-0.483,0.503,-0.368,-0.399,0.522,-0.15,-0.09,0.746,-0.511,-0.274,-0.355,-0.558,-0.301,0.783,0.758,-0.13,-0.02,-0.383,-0.009,0.299,-0.324,-0.399,0.415,-0.46,-0.135,-0.246,0.445,0.568,0.083,-0.24,-0.221,-0.289,-0.19,-0.1,-0.192,0.031,0.709,-0.337,-0.554,0.164,-0.008,0.422,-0.579,-0.488,-0.523,-0.573,-0.34,-0.527,0.597,-0.184,-0.519,-0.269,-0.236,-0.198,-0.229
APDN,0.405,-0.076,0.412,0.145,0.531,0.262,0.351,0.598,0.196,0.539,-0.15,-0.338,0.0,-0.254,-0.528,0.516,-0.208,-0.038,-0.27,0.349,0.467,0.061,-0.12,-0.198,0.232,0.255,0.215,0.061,0.272,0.168,0.384,0.29,0.624,0.286,0.167,0.558,0.438,0.356,0.264,0.211,0.067,0.518,0.54,-0.109,0.238,0.465,0.315,-0.026,0.402,-0.288,0.455,0.456,-0.493,-0.327,0.547,0.422,-0.154,0.189,0.279,0.537,0.075,0.333,0.276,0.61,-0.115,0.426,0.343,0.413,0.091,-0.231,0.451,0.293,-0.011,-0.123,0.351,0.369,-0.344,0.188,0.239,0.346,0.338,0.73,0.011,-0.047,0.57,0.463,-0.675,0.076,0.354,0.088,0.396,-0.19,0.221,0.251,0.201,0.173,0.099,0.39,0.139,-0.098,0.241,0.326,0.481,-0.561,0.34,0.371,0.354,0.32,0.292,0.315,0.302,0.401,-0.191,0.193,0.605,-0.682,0.333,0.317,0.077,-0.313,0.491,0.311,0.348,0.495,-0.006,0.356,0.186,0.311,0.234,-0.057,-0.034,0.283,0.344,0.409,0.168,0.462,0.445,0.199,0.084,-0.495,0.011,0.142,-0.135,0.097,0.384,0.511,-0.131,0.381,0.626,-0.006,0.509,0.236,-0.463,0.352,0.144,0.51,0.418,0.453,-0.595,-0.569,0.394,-0.073,0.581,0.32,0.074,0.48,0.375,-0.184,0.324,0.084,0.18,-0.129,-0.629,0.32,0.654,0.184,0.288,0.337,0.284,0.243,-0.373,-0.153,0.13,0.264,0.417,0.244,0.171,0.215,0.266,0.408,0.385,0.184,0.529,-0.069,0.319,0.401,0.068,0.603,0.41,0.275
APLT,-0.874,0.818,-0.833,-0.766,-0.752,-0.446,-0.077,-0.16,-0.889,-0.813,0.855,0.572,-0.254,0.0,0.836,-0.297,0.4,-0.423,0.843,-0.756,-0.541,0.612,-0.311,0.161,-0.752,0.01,-0.579,-0.723,-0.842,-0.315,-0.811,-0.806,-0.467,-0.812,-0.708,-0.26,-0.8,-0.902,-0.738,-0.825,-0.76,-0.5,-0.773,-0.556,-0.425,-0.867,-0.69,-0.681,-0.828,0.865,-0.809,0.174,0.674,0.399,-0.755,-0.458,0.481,-0.69,-0.762,-0.68,0.622,-0.809,0.185,-0.665,-0.377,-0.825,-0.804,-0.676,-0.592,0.479,-0.718,-0.782,-0.407,0.739,-0.456,-0.859,0.245,-0.728,-0.797,-0.761,-0.872,-0.12,-0.162,0.844,-0.492,-0.18,-0.031,-0.644,-0.52,0.805,-0.787,0.902,-0.71,0.036,-0.875,-0.779,-0.648,-0.805,-0.87,0.608,-0.153,-0.816,0.3,0.476,-0.848,-0.862,-0.814,-0.751,-0.683,0.016,-0.797,-0.836,0.593,-0.6,-0.211,-0.025,-0.871,-0.838,-0.709,-0.413,-0.828,-0.403,-0.271,-0.378,-0.815,-0.682,-0.398,-0.774,-0.295,-0.675,0.883,-0.669,0.007,-0.707,-0.773,-0.78,-0.802,-0.517,-0.495,0.792,0.858,-0.672,0.87,-0.799,-0.652,-0.783,0.609,-0.794,-0.653,0.108,-0.501,-0.604,0.799,-0.878,-0.805,-0.778,-0.869,-0.764,0.197,0.663,-0.592,-0.593,-0.64,-0.54,-0.279,-0.738,-0.81,-0.196,-0.791,-0.614,-0.754,0.763,0.657,-0.501,-0.108,-0.728,-0.78,-0.688,-0.7,-0.739,-0.357,0.788,-0.84,-0.873,0.453,-0.274,0.089,-0.875,-0.865,-0.873,-0.88,-0.718,-0.822,0.823,-0.73,-0.837,-0.594,-0.446,-0.631,-0.708
APVO,-0.919,0.723,-0.901,-0.662,-0.842,-0.519,-0.139,-0.485,-0.847,-0.87,0.785,0.625,-0.528,0.836,0.0,-0.403,0.44,-0.391,0.824,-0.768,-0.603,0.515,-0.255,0.137,-0.699,-0.008,-0.644,-0.662,-0.833,-0.377,-0.846,-0.796,-0.709,-0.717,-0.718,-0.533,-0.878,-0.898,-0.684,-0.73,-0.598,-0.682,-0.884,-0.4,-0.447,-0.893,-0.675,-0.54,-0.847,0.779,-0.84,-0.034,0.743,0.473,-0.891,-0.59,0.439,-0.618,-0.762,-0.833,0.464,-0.867,0.043,-0.858,-0.262,-0.897,-0.758,-0.709,-0.409,0.501,-0.764,-0.81,-0.396,0.705,-0.594,-0.94,0.323,-0.736,-0.797,-0.786,-0.856,-0.489,-0.139,0.754,-0.609,-0.389,0.316,-0.524,-0.646,0.569,-0.849,0.84,-0.7,-0.114,-0.78,-0.708,-0.504,-0.851,-0.777,0.508,-0.364,-0.81,0.036,0.581,-0.838,-0.843,-0.783,-0.726,-0.69,-0.034,-0.808,-0.88,0.571,-0.617,-0.47,0.168,-0.854,-0.857,-0.656,-0.205,-0.923,-0.475,-0.257,-0.509,-0.686,-0.747,-0.338,-0.749,-0.473,-0.553,0.751,-0.691,-0.118,-0.781,-0.681,-0.891,-0.836,-0.592,-0.398,0.91,0.692,-0.596,0.807,-0.747,-0.743,-0.882,0.644,-0.827,-0.791,0.152,-0.628,-0.616,0.888,-0.887,-0.726,-0.837,-0.924,-0.86,0.432,0.864,-0.714,-0.37,-0.837,-0.578,-0.333,-0.842,-0.873,-0.101,-0.798,-0.566,-0.73,0.722,0.786,-0.506,-0.434,-0.705,-0.787,-0.75,-0.695,-0.741,-0.237,0.697,-0.739,-0.844,0.128,-0.418,0.132,-0.788,-0.809,-0.864,-0.9,-0.698,-0.901,0.614,-0.734,-0.888,-0.489,-0.698,-0.757,-0.707
ARGX,0.437,-0.103,0.293,0.351,0.721,0.671,0.56,0.579,0.196,0.63,-0.044,-0.025,0.516,-0.297,-0.403,0.0,0.106,0.318,-0.114,0.526,0.577,0.324,-0.016,0.051,0.191,0.479,0.382,0.175,0.289,0.331,0.445,0.473,0.602,0.267,0.284,0.692,0.412,0.41,0.453,0.375,0.123,0.65,0.524,0.04,0.394,0.54,0.465,0.127,0.446,-0.39,0.515,0.744,-0.681,0.032,0.569,0.665,0.198,0.395,0.347,0.5,0.315,0.359,0.518,0.447,0.255,0.556,0.563,0.578,0.329,-0.057,0.665,0.31,0.201,-0.081,0.5,0.397,-0.745,0.181,0.337,0.583,0.416,0.522,0.273,0.047,0.742,0.766,-0.367,0.416,0.113,0.18,0.438,-0.078,0.381,0.701,0.39,0.262,-0.064,0.476,0.141,0.247,0.106,0.478,0.489,-0.412,0.272,0.54,0.553,0.543,0.54,0.487,0.383,0.576,-0.006,0.405,0.247,-0.559,0.367,0.387,0.249,0.092,0.491,0.67,0.579,0.705,0.14,0.595,0.506,0.583,0.149,0.244,-0.035,0.496,0.709,0.508,0.402,0.43,0.567,0.379,0.253,-0.331,-0.072,0.325,-0.049,0.234,0.609,0.467,-0.108,0.574,0.549,0.611,0.374,0.506,-0.323,0.422,0.383,0.629,0.44,0.544,-0.073,-0.238,0.543,0.117,0.614,0.667,0.476,0.563,0.471,0.227,0.379,0.275,0.302,-0.15,-0.532,0.73,0.622,0.349,0.41,0.504,0.578,0.462,-0.126,0.084,0.299,0.183,0.334,0.358,0.373,0.181,0.358,0.391,0.408,0.217,0.522,0.056,0.499,0.44,0.283,0.632,0.609,0.474
ARLP,-0.514,0.318,-0.53,-0.428,-0.277,0.216,-0.105,-0.042,-0.415,-0.383,0.635,0.784,-0.208,0.4,0.44,0.106,0.0,-0.134,0.426,-0.358,-0.443,0.481,0.007,0.485,-0.678,0.268,-0.147,-0.258,-0.391,-0.092,-0.391,-0.299,-0.214,-0.345,-0.348,0.013,-0.357,-0.461,-0.409,-0.386,-0.379,-0.115,-0.517,-0.003,-0.227,-0.398,-0.484,-0.305,-0.474,0.443,-0.463,0.131,0.257,0.757,-0.396,-0.2,0.428,-0.314,-0.492,-0.402,0.339,-0.477,0.276,-0.493,-0.025,-0.305,-0.272,-0.29,-0.305,0.225,-0.256,-0.432,0.057,0.532,-0.068,-0.351,-0.172,-0.372,-0.365,-0.267,-0.43,-0.008,-0.24,0.472,-0.089,0.377,0.065,-0.104,-0.26,0.528,-0.521,0.516,-0.395,0.422,-0.372,-0.479,-0.567,-0.328,-0.457,0.615,0.123,-0.396,-0.007,0.272,-0.584,-0.382,-0.34,-0.334,-0.174,0.147,-0.385,-0.328,0.692,-0.319,-0.439,-0.022,-0.509,-0.393,-0.29,0.133,-0.436,0.076,-0.07,0.14,-0.409,-0.192,-0.14,-0.259,-0.362,-0.091,0.493,-0.184,0.502,-0.221,-0.424,-0.545,-0.409,-0.1,-0.17,0.415,0.463,-0.38,0.454,-0.303,-0.118,-0.485,0.423,-0.389,-0.41,0.287,-0.3,-0.188,0.701,-0.439,-0.257,-0.339,-0.485,-0.171,0.693,0.692,-0.159,-0.164,-0.286,0.012,0.169,-0.314,-0.379,0.154,-0.512,-0.299,-0.307,0.343,0.482,0.03,-0.047,-0.314,-0.33,-0.22,-0.105,-0.246,0.045,0.397,-0.393,-0.474,0.198,-0.22,0.389,-0.464,-0.489,-0.483,-0.514,-0.39,-0.416,0.52,-0.199,-0.455,-0.491,-0.137,-0.2,-0.327
ATEX,0.566,-0.507,0.498,0.711,0.588,0.697,0.377,0.332,0.602,0.555,-0.297,0.124,-0.038,-0.423,-0.391,0.318,-0.134,0.0,-0.186,0.773,0.41,0.047,0.561,0.465,0.512,0.474,0.838,0.761,0.576,0.585,0.725,0.737,0.543,0.382,0.748,0.364,0.587,0.619,0.666,0.691,0.515,0.685,0.593,0.549,0.694,0.568,0.736,0.773,0.673,-0.518,0.658,0.241,-0.358,-0.014,0.563,0.726,0.381,0.758,0.745,0.615,0.157,0.584,0.341,0.477,0.848,0.609,0.644,0.755,0.633,-0.016,0.709,0.729,0.69,-0.34,0.788,0.529,-0.493,0.718,0.76,0.767,0.678,0.016,0.726,-0.265,0.625,0.411,0.186,0.806,-0.04,-0.175,0.561,-0.356,0.815,0.397,0.651,0.732,0.062,0.691,0.626,-0.002,0.034,0.707,0.098,-0.039,0.55,0.659,0.714,0.715,0.761,0.425,0.723,0.692,0.088,0.867,-0.041,0.316,0.64,0.718,0.809,0.783,0.489,0.754,0.514,0.598,0.752,0.67,0.71,0.71,0.56,0.781,-0.4,0.831,0.353,0.74,0.771,0.623,0.681,0.827,0.717,-0.43,-0.531,0.79,-0.306,0.702,0.721,0.597,-0.343,0.727,0.516,0.482,0.595,0.847,-0.42,0.64,0.772,0.665,0.591,0.63,0.274,-0.229,0.748,0.654,0.478,0.614,0.784,0.687,0.711,0.856,0.713,0.817,0.79,-0.551,-0.262,0.705,0.091,0.79,0.768,0.776,0.781,0.805,0.621,-0.009,0.772,0.572,-0.22,0.692,0.145,0.456,0.684,0.574,0.601,0.728,0.542,-0.246,0.775,0.61,0.697,0.394,0.735,0.772
ATRA,-0.79,0.735,-0.825,-0.491,-0.615,-0.258,0.2,-0.208,-0.839,-0.657,0.901,0.715,-0.27,0.843,0.824,-0.114,0.426,-0.186,0.0,-0.528,-0.461,0.815,-0.262,0.216,-0.635,0.34,-0.431,-0.579,-0.731,-0.191,-0.669,-0.613,-0.345,-0.686,-0.588,-0.307,-0.699,-0.767,-0.478,-0.57,-0.579,-0.393,-0.656,-0.458,-0.088,-0.731,-0.429,-0.449,-0.659,0.685,-0.654,0.304,0.559,0.453,-0.695,-0.308,0.698,-0.42,-0.559,-0.577,0.73,-0.747,0.33,-0.64,-0.053,-0.724,-0.566,-0.418,-0.237,0.528,-0.51,-0.652,-0.331,0.794,-0.327,-0.797,0.059,-0.625,-0.671,-0.548,-0.7,-0.26,0.157,0.842,-0.299,-0.099,0.153,-0.336,-0.812,0.799,-0.73,0.956,-0.488,0.173,-0.654,-0.569,-0.61,-0.668,-0.755,0.652,-0.421,-0.618,0.402,0.516,-0.763,-0.66,-0.553,-0.514,-0.481,0.331,-0.641,-0.686,0.756,-0.359,-0.342,-0.066,-0.704,-0.718,-0.5,-0.119,-0.818,-0.135,0.073,-0.197,-0.634,-0.531,0.038,-0.518,-0.356,-0.409,0.879,-0.455,0.202,-0.547,-0.497,-0.703,-0.597,-0.404,-0.16,0.754,0.711,-0.397,0.817,-0.685,-0.563,-0.669,0.707,-0.598,-0.497,0.451,-0.375,-0.365,0.755,-0.768,-0.595,-0.599,-0.779,-0.69,0.354,0.748,-0.475,-0.238,-0.633,-0.366,-0.025,-0.607,-0.702,0.081,-0.621,-0.396,-0.55,0.621,0.608,-0.201,-0.257,-0.507,-0.598,-0.535,-0.454,-0.544,-0.381,0.927,-0.624,-0.846,0.317,-0.152,0.379,-0.76,-0.682,-0.699,-0.786,-0.553,-0.749,0.738,-0.518,-0.743,-0.394,-0.48,-0.529,-0.48
AUTL,0.878,-0.697,0.817,0.873,0.878,0.694,0.447,0.526,0.812,0.871,-0.611,-0.286,0.349,-0.756,-0.768,0.526,-0.358,0.773,-0.528,0.0,0.729,-0.156,0.44,0.158,0.738,0.398,0.847,0.817,0.834,0.547,0.938,0.937,0.788,0.737,0.869,0.509,0.856,0.904,0.839,0.901,0.698,0.841,0.922,0.592,0.753,0.895,0.93,0.803,0.948,-0.807,0.94,0.243,-0.69,-0.288,0.878,0.827,0.013,0.873,0.936,0.915,-0.109,0.806,0.288,0.818,0.687,0.868,0.896,0.971,0.713,-0.263,0.943,0.901,0.607,-0.542,0.805,0.823,-0.563,0.854,0.908,0.94,0.94,0.312,0.626,-0.528,0.841,0.489,-0.081,0.867,0.249,-0.407,0.846,-0.652,0.926,0.333,0.892,0.88,0.351,0.916,0.821,-0.299,0.073,0.939,0.104,-0.384,0.821,0.943,0.95,0.933,0.894,0.444,0.937,0.933,-0.285,0.922,0.242,-0.021,0.912,0.931,0.887,0.612,0.825,0.784,0.641,0.713,0.836,0.835,0.729,0.902,0.598,0.784,-0.648,0.936,0.33,0.931,0.913,0.905,0.947,0.818,0.747,-0.775,-0.716,0.892,-0.61,0.798,0.865,0.917,-0.499,0.958,0.858,0.329,0.813,0.909,-0.781,0.899,0.889,0.947,0.901,0.867,-0.074,-0.61,0.872,0.686,0.777,0.759,0.641,0.948,0.93,0.609,0.922,0.856,0.911,-0.722,-0.68,0.776,0.268,0.92,0.939,0.91,0.927,0.939,0.345,-0.348,0.898,0.809,-0.212,0.69,0.131,0.741,0.906,0.892,0.887,0.868,0.864,-0.517,0.936,0.895,0.743,0.646,0.877,0.911
AVDL,0.715,-0.384,0.71,0.632,0.755,0.369,0.587,0.542,0.548,0.775,-0.557,-0.474,0.467,-0.541,-0.603,0.577,-0.443,0.41,-0.461,0.729,0.0,-0.133,0.05,-0.236,0.621,0.311,0.491,0.456,0.645,0.453,0.691,0.656,0.579,0.642,0.564,0.492,0.698,0.687,0.692,0.666,0.541,0.631,0.785,0.322,0.393,0.765,0.752,0.492,0.75,-0.65,0.797,0.35,-0.63,-0.422,0.749,0.687,-0.222,0.69,0.667,0.755,-0.037,0.624,0.236,0.698,0.299,0.652,0.708,0.73,0.533,-0.249,0.777,0.619,0.294,-0.355,0.494,0.562,-0.48,0.564,0.636,0.698,0.693,0.405,0.456,-0.306,0.772,0.322,-0.267,0.543,0.364,-0.273,0.814,-0.478,0.638,0.241,0.634,0.582,0.407,0.717,0.527,-0.278,0.0,0.704,0.202,-0.536,0.679,0.753,0.728,0.71,0.71,0.421,0.683,0.714,-0.505,0.578,0.379,-0.307,0.732,0.685,0.496,0.193,0.701,0.482,0.621,0.499,0.467,0.654,0.445,0.701,0.432,0.342,-0.494,0.615,0.181,0.641,0.639,0.739,0.753,0.472,0.48,-0.617,-0.429,0.607,-0.4,0.451,0.652,0.738,-0.242,0.732,0.767,0.193,0.67,0.629,-0.684,0.716,0.605,0.772,0.723,0.664,-0.302,-0.603,0.619,0.377,0.657,0.541,0.267,0.71,0.677,0.256,0.702,0.542,0.563,-0.467,-0.73,0.594,0.458,0.587,0.647,0.627,0.652,0.611,0.046,-0.248,0.57,0.614,0.027,0.428,0.102,0.543,0.692,0.708,0.735,0.612,0.758,-0.37,0.687,0.68,0.525,0.569,0.637,0.625
BCRX,-0.501,0.592,-0.555,-0.275,-0.19,0.134,0.438,0.147,-0.612,-0.268,0.826,0.704,0.061,0.612,0.515,0.324,0.481,0.047,0.815,-0.156,-0.133,0.0,-0.195,0.323,-0.496,0.623,-0.104,-0.347,-0.482,0.046,-0.329,-0.286,0.075,-0.428,-0.343,0.116,-0.376,-0.474,-0.218,-0.318,-0.454,0.069,-0.291,-0.278,0.177,-0.38,-0.125,-0.302,-0.338,0.445,-0.292,0.676,0.222,0.499,-0.292,0.103,0.787,-0.163,-0.283,-0.176,0.853,-0.485,0.67,-0.291,0.101,-0.359,-0.229,-0.012,-0.066,0.503,-0.098,-0.392,-0.108,0.712,0.053,-0.497,-0.332,-0.403,-0.391,-0.184,-0.392,0.138,0.294,0.801,0.168,0.378,-0.128,-0.073,-0.645,0.853,-0.434,0.805,-0.217,0.539,-0.368,-0.359,-0.637,-0.324,-0.582,0.732,-0.255,-0.299,0.654,0.351,-0.539,-0.321,-0.22,-0.159,-0.125,0.628,-0.34,-0.308,0.772,-0.075,-0.146,-0.31,-0.442,-0.405,-0.277,-0.014,-0.472,0.277,0.379,0.273,-0.48,-0.166,0.292,-0.173,-0.152,-0.191,0.786,-0.089,0.599,-0.155,-0.253,-0.378,-0.239,-0.068,0.053,0.509,0.627,-0.173,0.727,-0.463,-0.14,-0.304,0.561,-0.248,-0.102,0.685,-0.047,-0.018,0.538,-0.459,-0.321,-0.191,-0.46,-0.273,0.332,0.535,-0.068,-0.115,-0.233,0.036,0.269,-0.191,-0.357,0.265,-0.35,-0.178,-0.28,0.475,0.316,0.188,0.107,-0.232,-0.281,-0.15,-0.048,-0.205,-0.357,0.856,-0.396,-0.611,0.447,0.139,0.535,-0.58,-0.424,-0.413,-0.483,-0.333,-0.392,0.747,-0.143,-0.419,-0.219,-0.03,-0.115,-0.166
BHAT,0.404,-0.541,0.388,0.397,0.338,0.47,-0.168,0.254,0.5,0.247,-0.309,0.163,-0.12,-0.311,-0.255,-0.016,0.007,0.561,-0.262,0.44,0.05,-0.195,0.0,0.585,0.28,0.04,0.654,0.612,0.398,0.18,0.504,0.545,0.271,0.127,0.618,0.155,0.309,0.447,0.263,0.427,0.291,0.465,0.34,0.471,0.34,0.345,0.381,0.58,0.453,-0.217,0.345,-0.175,-0.118,0.182,0.376,0.413,0.214,0.332,0.487,0.359,-0.021,0.451,0.065,0.303,0.62,0.454,0.394,0.405,0.306,-0.017,0.391,0.558,0.57,-0.384,0.619,0.439,-0.237,0.599,0.553,0.482,0.49,-0.072,0.217,-0.36,0.261,0.25,0.185,0.572,0.038,-0.249,0.347,-0.379,0.549,0.092,0.361,0.53,-0.047,0.453,0.552,-0.212,0.257,0.476,-0.189,-0.034,0.365,0.386,0.374,0.469,0.48,-0.066,0.546,0.419,0.124,0.604,-0.121,0.498,0.357,0.53,0.598,0.616,0.431,0.46,-0.024,0.391,0.572,0.44,0.253,0.348,0.595,0.626,-0.372,0.606,0.156,0.544,0.496,0.4,0.396,0.715,0.372,-0.397,-0.509,0.531,-0.313,0.641,0.49,0.383,-0.528,0.473,0.144,0.149,0.471,0.546,-0.312,0.429,0.526,0.39,0.397,0.474,0.338,-0.139,0.554,0.294,0.369,0.451,0.582,0.481,0.525,0.554,0.467,0.673,0.558,-0.402,-0.109,0.317,-0.09,0.573,0.57,0.568,0.411,0.601,0.588,-0.192,0.554,0.465,-0.295,0.487,-0.16,0.37,0.396,0.343,0.382,0.49,0.397,-0.285,0.506,0.476,0.484,0.328,0.536,0.536
BLBD,-0.089,-0.065,-0.069,-0.045,0.042,0.496,-0.097,0.336,0.021,-0.126,0.281,0.649,-0.198,0.161,0.137,0.051,0.485,0.465,0.216,0.158,-0.236,0.323,0.585,0.0,-0.22,0.254,0.483,0.27,-0.037,0.151,0.112,0.153,0.172,-0.259,0.22,0.288,-0.051,-0.032,-0.081,-0.025,-0.202,0.361,-0.059,0.249,0.161,-0.097,-0.024,0.155,-0.004,0.209,-0.055,0.111,0.167,0.46,0.038,0.267,0.61,0.009,0.072,0.083,0.39,-0.023,0.363,-0.033,0.418,0.089,-0.001,0.184,-0.068,0.244,0.141,0.156,0.498,0.099,0.549,0.03,-0.282,0.212,0.183,0.165,0.034,0.093,0.229,0.206,0.197,0.488,-0.004,0.317,-0.185,0.327,-0.055,0.154,0.174,0.427,-0.05,0.087,-0.602,0.087,0.044,0.463,0.377,0.05,0.055,0.263,-0.169,-0.004,0.035,0.079,0.191,0.163,0.143,0.072,0.56,0.31,-0.283,0.357,-0.098,0.121,0.309,0.499,-0.03,0.471,0.03,0.409,0.139,0.129,0.146,0.002,0.358,0.337,0.18,0.367,0.411,0.286,0.055,-0.011,0.015,0.558,0.17,0.042,0.075,0.156,0.245,0.217,0.343,-0.03,-0.057,0.086,-0.046,0.342,0.183,0.325,0.248,-0.03,0.163,0.072,-0.047,0.199,0.598,0.29,0.377,0.047,0.149,0.325,0.593,0.204,0.166,0.618,0.025,0.328,0.225,-0.026,0.258,0.21,0.019,0.193,0.189,0.312,0.291,0.306,0.435,0.299,0.134,-0.019,-0.026,0.45,0.147,-0.177,-0.064,-0.12,-0.102,0.146,-0.069,0.322,0.207,0.039,0.074,0.194,0.352,0.203
BMRN,0.845,-0.743,0.795,0.789,0.66,0.336,0.154,0.205,0.809,0.754,-0.809,-0.661,0.232,-0.752,-0.699,0.191,-0.678,0.512,-0.635,0.738,0.621,-0.496,0.28,-0.22,0.0,-0.074,0.609,0.75,0.821,0.314,0.805,0.761,0.422,0.686,0.782,0.171,0.781,0.829,0.781,0.805,0.774,0.479,0.768,0.402,0.502,0.762,0.787,0.76,0.822,-0.76,0.775,-0.087,-0.51,-0.565,0.689,0.496,-0.31,0.742,0.835,0.667,-0.329,0.839,-0.123,0.649,0.484,0.736,0.716,0.668,0.579,-0.419,0.646,0.843,0.46,-0.674,0.478,0.728,-0.133,0.781,0.807,0.736,0.823,0.009,0.414,-0.717,0.447,-0.025,0.107,0.6,0.326,-0.624,0.812,-0.764,0.818,-0.109,0.805,0.859,0.565,0.781,0.822,-0.599,-0.004,0.794,-0.197,-0.304,0.925,0.79,0.769,0.76,0.676,-0.009,0.805,0.761,-0.569,0.697,0.324,0.202,0.874,0.803,0.751,0.362,0.732,0.334,0.271,0.234,0.823,0.711,0.417,0.75,0.472,0.629,-0.794,0.651,-0.203,0.651,0.82,0.828,0.761,0.534,0.619,-0.678,-0.805,0.79,-0.754,0.766,0.563,0.764,-0.614,0.776,0.588,-0.043,0.51,0.681,-0.855,0.829,0.785,0.691,0.817,0.633,-0.412,-0.694,0.573,0.521,0.521,0.403,0.347,0.692,0.767,0.295,0.895,0.716,0.78,-0.793,-0.515,0.378,0.128,0.752,0.763,0.661,0.56,0.706,0.38,-0.536,0.81,0.815,-0.403,0.438,-0.183,0.816,0.886,0.821,0.844,0.829,0.771,-0.697,0.685,0.825,0.659,0.363,0.597,0.732
BNGO,0.056,0.108,0.021,0.296,0.304,0.441,0.742,0.245,-0.013,0.259,0.327,0.488,0.255,0.01,-0.008,0.479,0.268,0.474,0.34,0.398,0.311,0.623,0.04,0.254,-0.074,0.0,0.312,0.162,0.107,0.443,0.23,0.299,0.484,0.179,0.138,0.247,0.2,0.13,0.383,0.321,0.134,0.423,0.248,0.169,0.59,0.221,0.429,0.26,0.253,-0.155,0.317,0.605,-0.191,0.27,0.188,0.513,0.564,0.455,0.265,0.332,0.485,-0.013,0.671,0.204,0.488,0.151,0.4,0.5,0.507,0.184,0.443,0.136,0.163,0.322,0.388,0.027,-0.556,0.144,0.165,0.366,0.212,0.172,0.617,0.34,0.609,0.514,-0.033,0.461,-0.404,0.337,0.089,0.278,0.312,0.55,0.231,0.183,-0.129,0.259,0.017,0.325,-0.342,0.299,0.528,-0.096,0.007,0.273,0.375,0.357,0.434,0.904,0.226,0.256,0.468,0.44,-0.106,-0.355,0.197,0.192,0.223,0.431,0.029,0.623,0.781,0.62,0.091,0.278,0.73,0.396,0.081,0.277,0.233,0.426,0.701,0.368,0.318,0.14,0.35,0.32,0.517,-0.072,0.061,0.365,0.195,0.038,0.29,0.247,0.35,0.306,0.434,0.678,0.484,0.438,0.054,0.136,0.237,0.376,0.114,0.243,0.332,0.143,0.358,0.501,0.139,0.428,0.456,0.3,0.186,0.549,0.19,0.292,0.251,0.008,-0.169,0.664,0.096,0.311,0.301,0.348,0.499,0.324,-0.129,0.455,0.203,0.006,0.195,0.41,0.649,-0.028,0.197,0.226,0.122,0.22,0.165,0.174,0.444,0.078,0.201,0.224,0.296,0.363
BUSE,0.753,-0.698,0.736,0.71,0.777,0.803,0.161,0.551,0.764,0.704,-0.473,-0.061,0.215,-0.579,-0.644,0.382,-0.147,0.838,-0.431,0.847,0.491,-0.104,0.654,0.483,0.609,0.312,0.0,0.892,0.774,0.548,0.877,0.874,0.686,0.477,0.873,0.563,0.76,0.785,0.725,0.76,0.543,0.88,0.765,0.512,0.653,0.728,0.755,0.788,0.813,-0.604,0.757,0.193,-0.484,-0.108,0.785,0.803,0.206,0.742,0.84,0.802,0.047,0.783,0.292,0.698,0.775,0.826,0.757,0.833,0.454,-0.126,0.824,0.882,0.841,-0.514,0.949,0.766,-0.488,0.879,0.899,0.889,0.824,0.27,0.535,-0.441,0.721,0.564,-0.067,0.817,0.218,-0.228,0.752,-0.562,0.898,0.432,0.732,0.825,0.046,0.858,0.749,-0.147,0.345,0.838,0.063,-0.196,0.704,0.786,0.786,0.817,0.872,0.255,0.863,0.849,-0.021,0.895,0.166,0.24,0.765,0.878,0.887,0.681,0.739,0.805,0.388,0.725,0.79,0.851,0.56,0.785,0.698,0.828,-0.531,0.953,0.361,0.925,0.795,0.806,0.795,0.969,0.677,-0.696,-0.62,0.821,-0.476,0.863,0.872,0.776,-0.566,0.838,0.616,0.306,0.701,0.92,-0.616,0.803,0.868,0.798,0.79,0.85,0.097,-0.484,0.928,0.527,0.734,0.715,0.828,0.876,0.888,0.728,0.842,0.887,0.894,-0.692,-0.415,0.675,0.298,0.861,0.897,0.951,0.826,0.931,0.62,-0.244,0.841,0.749,-0.208,0.758,0.023,0.591,0.78,0.73,0.751,0.839,0.76,-0.319,0.883,0.804,0.658,0.665,0.92,0.848
CAKE,0.786,-0.873,0.776,0.784,0.669,0.65,0.036,0.256,0.888,0.698,-0.659,-0.227,0.061,-0.723,-0.662,0.175,-0.258,0.761,-0.579,0.817,0.456,-0.347,0.612,0.27,0.75,0.162,0.892,0.0,0.881,0.448,0.872,0.876,0.541,0.649,0.905,0.271,0.82,0.838,0.781,0.837,0.77,0.677,0.729,0.615,0.591,0.73,0.763,0.913,0.829,-0.699,0.753,-0.13,-0.399,-0.175,0.695,0.596,-0.035,0.793,0.872,0.739,-0.231,0.828,0.051,0.653,0.747,0.794,0.764,0.755,0.551,-0.295,0.708,0.909,0.83,-0.596,0.739,0.806,-0.227,0.943,0.925,0.832,0.858,0.036,0.439,-0.679,0.552,0.278,0.181,0.785,0.247,-0.507,0.762,-0.731,0.898,0.132,0.841,0.909,0.316,0.867,0.892,-0.423,0.204,0.834,-0.219,-0.115,0.825,0.788,0.795,0.821,0.825,0.112,0.881,0.827,-0.195,0.848,0.105,0.432,0.844,0.895,0.925,0.732,0.718,0.574,0.268,0.475,0.913,0.789,0.482,0.803,0.589,0.891,-0.755,0.871,0.091,0.836,0.838,0.802,0.758,0.838,0.755,-0.701,-0.818,0.845,-0.709,0.941,0.73,0.775,-0.607,0.797,0.562,0.102,0.623,0.867,-0.664,0.861,0.92,0.72,0.817,0.794,0.098,-0.511,0.787,0.66,0.55,0.537,0.683,0.792,0.847,0.645,0.874,0.875,0.946,-0.846,-0.321,0.526,0.047,0.896,0.896,0.85,0.762,0.89,0.692,-0.478,0.911,0.859,-0.458,0.613,-0.082,0.775,0.882,0.8,0.805,0.926,0.762,-0.555,0.851,0.825,0.662,0.45,0.762,0.829
CASY,0.912,-0.871,0.899,0.829,0.797,0.563,0.134,0.33,0.931,0.84,-0.787,-0.491,0.272,-0.842,-0.833,0.289,-0.391,0.576,-0.731,0.834,0.645,-0.482,0.398,-0.037,0.821,0.107,0.774,0.881,0.0,0.489,0.914,0.914,0.585,0.816,0.875,0.31,0.923,0.933,0.846,0.9,0.839,0.653,0.842,0.565,0.56,0.894,0.809,0.852,0.908,-0.84,0.857,-0.1,-0.6,-0.425,0.817,0.598,-0.308,0.841,0.883,0.81,-0.375,0.896,-0.052,0.764,0.586,0.871,0.865,0.776,0.585,-0.456,0.793,0.91,0.649,-0.682,0.636,0.901,-0.283,0.907,0.928,0.87,0.933,0.154,0.362,-0.754,0.617,0.242,0.052,0.753,0.409,-0.612,0.879,-0.825,0.878,0.089,0.91,0.884,0.506,0.931,0.906,-0.564,0.199,0.898,-0.234,-0.411,0.925,0.902,0.877,0.854,0.863,0.118,0.914,0.901,-0.434,0.774,0.236,0.138,0.947,0.931,0.848,0.545,0.847,0.512,0.357,0.472,0.872,0.845,0.453,0.868,0.507,0.78,-0.843,0.817,0.026,0.837,0.854,0.88,0.862,0.701,0.705,-0.851,-0.851,0.83,-0.83,0.888,0.747,0.865,-0.598,0.867,0.693,-0.011,0.651,0.804,-0.828,0.942,0.91,0.825,0.925,0.845,-0.15,-0.679,0.782,0.631,0.679,0.555,0.502,0.832,0.889,0.415,0.913,0.797,0.9,-0.854,-0.59,0.555,0.16,0.873,0.904,0.832,0.751,0.849,0.476,-0.615,0.894,0.925,-0.385,0.466,-0.025,0.855,0.945,0.92,0.924,0.904,0.883,-0.681,0.868,0.889,0.584,0.526,0.746,0.831
CCOI,0.445,-0.265,0.432,0.489,0.528,0.428,0.354,0.344,0.468,0.479,-0.207,-0.001,0.168,-0.315,-0.377,0.331,-0.092,0.585,-0.191,0.547,0.453,0.046,0.18,0.151,0.314,0.443,0.548,0.448,0.489,0.0,0.525,0.53,0.475,0.361,0.449,0.375,0.473,0.482,0.51,0.51,0.332,0.546,0.499,0.413,0.551,0.501,0.541,0.478,0.51,-0.502,0.553,0.314,-0.391,-0.156,0.507,0.617,0.122,0.593,0.503,0.54,0.069,0.395,0.287,0.435,0.49,0.479,0.542,0.59,0.405,-0.116,0.59,0.471,0.367,-0.213,0.538,0.411,-0.489,0.476,0.516,0.568,0.51,0.194,0.487,-0.147,0.568,0.343,-0.03,0.552,0.162,-0.117,0.464,-0.242,0.548,0.343,0.506,0.445,0.097,0.525,0.39,-0.009,0.031,0.539,0.158,-0.236,0.396,0.537,0.537,0.503,0.61,0.428,0.512,0.533,-0.008,0.547,0.07,-0.065,0.492,0.528,0.474,0.416,0.418,0.599,0.529,0.535,0.464,0.546,0.473,0.551,0.31,0.466,-0.273,0.589,0.277,0.567,0.507,0.476,0.545,0.549,0.475,-0.383,-0.309,0.524,-0.209,0.422,0.546,0.486,-0.198,0.529,0.505,0.286,0.488,0.564,-0.332,0.477,0.516,0.551,0.473,0.516,0.055,-0.233,0.559,0.47,0.448,0.467,0.449,0.531,0.533,0.501,0.493,0.512,0.485,-0.275,-0.362,0.577,0.206,0.511,0.542,0.587,0.565,0.533,0.262,-0.025,0.504,0.491,-0.026,0.369,0.231,0.268,0.485,0.453,0.517,0.468,0.447,-0.212,0.617,0.431,0.427,0.378,0.54,0.521
CEVA,0.95,-0.805,0.906,0.866,0.896,0.686,0.269,0.51,0.911,0.899,-0.718,-0.39,0.384,-0.811,-0.846,0.445,-0.391,0.725,-0.669,0.938,0.691,-0.329,0.504,0.112,0.805,0.23,0.877,0.872,0.914,0.525,0.0,0.967,0.747,0.742,0.92,0.491,0.918,0.964,0.848,0.913,0.748,0.829,0.935,0.57,0.692,0.935,0.898,0.833,0.971,-0.837,0.945,0.126,-0.678,-0.353,0.92,0.794,-0.115,0.854,0.949,0.904,-0.187,0.927,0.138,0.85,0.655,0.936,0.901,0.901,0.64,-0.343,0.909,0.962,0.655,-0.653,0.811,0.915,-0.472,0.92,0.976,0.955,0.977,0.29,0.486,-0.661,0.759,0.429,-0.078,0.827,0.387,-0.494,0.895,-0.768,0.946,0.229,0.906,0.91,0.396,0.967,0.905,-0.443,0.203,0.958,-0.019,-0.448,0.914,0.948,0.929,0.928,0.915,0.24,0.969,0.968,-0.345,0.893,0.302,0.057,0.95,0.982,0.89,0.567,0.913,0.703,0.467,0.676,0.879,0.901,0.593,0.902,0.652,0.807,-0.754,0.928,0.222,0.946,0.914,0.956,0.953,0.846,0.714,-0.862,-0.801,0.887,-0.729,0.9,0.876,0.942,-0.643,0.964,0.791,0.161,0.78,0.898,-0.859,0.969,0.923,0.935,0.957,0.919,-0.155,-0.708,0.888,0.615,0.816,0.725,0.641,0.947,0.971,0.522,0.966,0.871,0.931,-0.788,-0.689,0.696,0.293,0.931,0.974,0.934,0.855,0.947,0.456,-0.489,0.924,0.909,-0.275,0.63,-0.009,0.825,0.944,0.928,0.953,0.901,0.941,-0.602,0.937,0.95,0.721,0.681,0.892,0.92
