,AAPL,ACRS,ADP,AFYA,AGNC,AGYS,ALT,AMGN,AMPH,AMZN,ANIP,AOSL,APDN,APLT,APVO,ARGX,ARLP,ATEX,ATRA,AUTL,AVDL,BCRX,BHAT,BLBD,BMRN,BNGO,BUSE,CAKE,CASY,CCOI,CEVA,CHY,CLDX,CLMT,COHU,COLM,COST,CPRT,CSWC,CSX,DBX,DCOM,DKNG,DMLP,DOX,EA,EDIT,ENPH,ENSG,ERNA,ESGR,ETNB,EXTR,FANG,FARO,FATE,FGEN,FIVE,FIVN,FLGT,FOLD,FORM,FOXA,FRPT,FSLR,FTAI,GBDC,GDYN,GGAL,GNLN,GRFS,GT,HCAT,HCM,HFWA,HOLX,HQY,HUBG,IAC,ICLR,IDCC,IEP,IHRT,ILMN,ILPT,IMAB,IMOS,INMD,INTZ,JAZZ,JKHY,JRVR,KIDS,LBRDK,LGND,LMAT,LPLA,LULU,MASI,MAT,MATW,MBIN,MBIO,MCRB,MDB,MDLZ,MELI,MIRM,MLKN,MNMD,MNRO,MPWR,MRCY,MRSN,MTVA,NAAS,NDAQ,NDSN,NEGG,NOVT,NVDA,NWE,NWSA,NXST,OCX,ODFL,OMAB,OPCH,OPRA,ORGO,OTRK,OZK,PAGP,PCH,PEGA,PENG,PENN,PFBC,PGNY,PHAT,PHUN,PINC,PLUG,PLXS,PYPL,QLYS,QNCX,QQQX,QVCGA,RAPT,RBBN,RCKT,REPL,RMBS,ROAD,ROKU,ROP,RUSHA,SANM,SATS,SBCF,SBLK,SBUX,SCHL,SCSC,SDGR,SEIC,SFIX,SGRY,SKYW,SLP,SNES,STAA,STLD,STOK,SWKS,TER,TFIN,TIGO,TILE,TPIC,TTEC,TTEK,TTGT,UXIN,VERU,VLYPP,VNOM,VRNS,VRSN,WDAY,WERN,WINA,WKHS,WRLD,XP,XTKG,YY,ZION,ZM
AAPL,0.0,0.798,0.829,0.669,0.797,-0.715,0.811,0.77,0.425,0.6,0.335,0.866,-0.467,0.783,-0.654,-0.151,-0.824,0.617,0.18,0.491,0.802,0.561,0.575,0.89,0.826,-0.101,0.861,0.779,-0.55,0.879,0.536,-0.308,0.809,0.166,0.774,0.707,0.831,-0.508,0.89,0.701,0.46,0.905,-0.658,0.869,0.805,0.678,0.094,0.702,0.573,0.809,0.858,0.879,0.82,-0.423,0.661,0.469,0.751,0.511,0.595,0.202,0.879,0.579,-0.345,0.898,-0.133,0.859,0.709,0.641,0.389,0.184,0.863,0.627,0.755,0.244,0.902,-0.233,-0.283,0.859,0.771,0.744,0.862,-0.898,-0.454,0.869,0.817,-0.496,0.782,-0.464,-0.863,0.672,0.785,-0.422,-0.043,-0.712,0.872,0.804,-0.568,0.775,0.914,0.174,0.42,0.914,-0.288,-0.4,-0.192,0.301,0.287,0.372,0.875,0.303,0.842,0.878,0.842,0.665,0.692,-0.683,0.108,0.781,-0.009,0.869,0.122,0.789,0.58,0.454,-0.779,-0.455,0.566,0.703,0.403,0.865,-0.856,0.865,-0.73,0.003,-0.637,0.912,-0.158,0.882,0.626,0.761,-0.822,0.871,0.543,0.326,0.741,0.806,0.675,0.719,0.536,0.851,0.837,0.878,-0.748,0.212,0.417,-0.06,0.686,0.801,0.675,0.871,0.891,0.115,-0.552,0.021,0.877,0.628,0.857,0.685,0.27,0.754,0.759,-0.484,0.242,0.346,0.902,0.896,0.769,0.886,-0.336,0.874,0.483,0.867,0.534,0.872,-0.8,-0.505,0.767,-0.218,0.712,-0.086,0.586,0.659,0.047,0.066,0.89,0.778,0.733,-0.296,0.855,0.733
ACRS,0.798,0.0,0.683,0.667,0.678,-0.649,0.791,0.758,0.599,0.249,-0.009,0.643,-0.141,0.76,-0.337,-0.347,-0.812,0.816,0.396,0.135,0.842,0.568,0.573,0.768,0.827,0.184,0.875,0.678,-0.625,0.665,0.241,-0.602,0.735,0.18,0.52,0.835,0.628,-0.683,0.721,0.692,0.185,0.801,-0.714,0.783,0.754,0.582,0.225,0.6,0.337,0.775,0.811,0.888,0.577,-0.566,0.562,0.284,0.805,0.695,0.765,-0.057,0.708,0.251,-0.479,0.729,-0.259,0.696,0.373,0.409,0.563,0.53,0.745,0.561,0.504,-0.051,0.834,-0.489,0.054,0.76,0.513,0.429,0.767,-0.691,-0.149,0.827,0.837,-0.333,0.768,-0.417,-0.722,0.632,0.858,-0.388,-0.375,-0.75,0.631,0.702,-0.564,0.73,0.825,0.366,0.343,0.741,-0.411,-0.283,-0.134,0.174,0.327,0.363,0.822,0.522,0.736,0.677,0.799,0.835,0.787,-0.675,0.181,0.656,0.271,0.689,-0.229,0.818,0.329,0.177,-0.693,-0.519,0.405,0.401,0.053,0.682,-0.668,0.78,-0.574,-0.29,-0.393,0.775,-0.396,0.705,0.731,0.869,-0.559,0.685,0.672,0.059,0.75,0.692,0.548,0.402,0.618,0.83,0.63,0.835,-0.763,-0.116,0.173,0.253,0.699,0.769,0.482,0.738,0.794,0.185,-0.71,0.185,0.848,0.583,0.791,0.787,0.46,0.827,0.456,-0.61,-0.027,0.278,0.763,0.765,0.506,0.727,-0.419,0.792,0.395,0.762,0.406,0.745,-0.736,-0.266,0.796,-0.369,0.802,0.179,0.721,0.662,0.202,0.455,0.736,0.548,0.78,-0.537,0.77,0.777
ADP,0.829,0.683,0.0,0.549,0.756,-0.741,0.67,0.868,0.626,0.492,0.505,0.849,-0.65,0.822,-0.571,-0.138,-0.785,0.588,0.135,0.538,0.762,0.63,0.616,0.918,0.834,-0.12,0.815,0.696,-0.41,0.877,0.542,-0.318,0.768,0.2,0.814,0.68,0.829,-0.3,0.898,0.693,0.583,0.862,-0.468,0.763,0.868,0.851,-0.157,0.583,0.692,0.718,0.861,0.783,0.872,-0.33,0.548,0.467,0.794,0.53,0.618,0.3,0.874,0.673,-0.272,0.9,-0.146,0.884,0.799,0.583,0.324,0.163,0.75,0.643,0.646,0.2,0.866,-0.086,-0.166,0.844,0.769,0.81,0.763,-0.886,-0.442,0.845,0.772,-0.521,0.79,-0.294,-0.895,0.733,0.754,-0.313,-0.05,-0.562,0.863,0.692,-0.375,0.858,0.85,0.145,0.404,0.877,-0.332,-0.529,-0.015,0.483,0.358,0.311,0.82,0.284,0.802,0.874,0.9,0.576,0.592,-0.64,0.207,0.675,0.097,0.839,0.086,0.743,0.57,0.524,-0.858,-0.261,0.467,0.735,0.386,0.87,-0.868,0.816,-0.664,-0.035,-0.653,0.84,0.052,0.832,0.525,0.584,-0.807,0.913,0.559,0.354,0.756,0.819,0.614,0.646,0.459,0.78,0.81,0.752,-0.595,0.334,0.505,-0.097,0.832,0.797,0.726,0.81,0.849,0.201,-0.444,0.123,0.837,0.531,0.858,0.747,0.38,0.758,0.693,-0.436,0.268,0.349,0.866,0.875,0.793,0.814,-0.325,0.833,0.363,0.828,0.561,0.879,-0.807,-0.705,0.73,-0.122,0.709,0.098,0.602,0.657,0.147,-0.107,0.897,0.639,0.677,-0.272,0.815,0.638
AFYA,0.669,0.667,0.549,0.0,0.617,-0.748,0.86,0.763,0.364,0.409,-0.243,0.502,-0.074,0.784,-0.532,-0.617,-0.854,0.758,0.631,0.172,0.847,0.512,0.138,0.7,0.795,0.163,0.801,0.589,-0.713,0.63,0.087,-0.672,0.7,0.597,0.365,0.812,0.703,-0.755,0.693,0.742,0.271,0.704,-0.77,0.816,0.751,0.566,0.222,0.568,0.188,0.694,0.801,0.803,0.482,-0.635,0.596,0.163,0.641,0.682,0.651,-0.106,0.613,0.033,-0.674,0.7,-0.391,0.601,0.272,0.582,0.734,0.406,0.816,0.268,0.316,0.164,0.756,-0.675,0.048,0.728,0.386,0.338,0.852,-0.569,-0.106,0.781,0.848,-0.444,0.802,-0.386,-0.768,0.349,0.88,-0.361,-0.432,-0.781,0.612,0.579,-0.572,0.779,0.761,0.507,-0.069,0.711,-0.532,-0.291,-0.236,0.326,0.691,0.153,0.794,0.643,0.723,0.652,0.683,0.754,0.824,-0.863,0.216,0.641,0.35,0.705,-0.442,0.651,0.549,-0.046,-0.691,-0.751,0.518,0.366,-0.197,0.656,-0.626,0.687,-0.62,-0.445,-0.359,0.729,-0.52,0.588,0.901,0.655,-0.663,0.554,0.494,-0.244,0.714,0.708,0.663,0.323,0.845,0.81,0.573,0.808,-0.643,-0.119,0.121,0.419,0.704,0.723,0.352,0.772,0.711,0.432,-0.855,0.002,0.804,0.584,0.725,0.715,0.224,0.697,0.494,-0.86,-0.335,0.356,0.681,0.767,0.455,0.583,-0.225,0.731,0.142,0.72,0.161,0.598,-0.794,-0.247,0.874,-0.289,0.841,0.115,0.836,0.755,0.07,0.414,0.686,0.5,0.856,-0.773,0.653,0.88
AGNC,0.797,0.678,0.756,0.617,0.0,-0.593,0.777,0.829,0.423,0.613,0.39,0.879,-0.469,0.704,-0.637,-0.338,-0.674,0.57,0.265,0.507,0.685,0.802,0.447,0.826,0.86,0.247,0.878,0.75,-0.659,0.809,0.641,-0.303,0.955,0.325,0.778,0.821,0.855,-0.423,0.904,0.782,0.715,0.916,-0.584,0.842,0.808,0.705,0.264,0.929,0.728,0.721,0.861,0.822,0.809,-0.073,0.896,0.796,0.823,0.517,0.742,0.387,0.933,0.616,-0.244,0.899,0.275,0.76,0.689,0.807,0.475,0.187,0.724,0.817,0.832,0.146,0.888,-0.063,-0.505,0.907,0.89,0.681,0.816,-0.775,-0.247,0.916,0.865,-0.424,0.884,0.027,-0.782,0.483,0.744,-0.469,0.079,-0.454,0.887,0.812,-0.712,0.736,0.862,0.532,0.538,0.908,-0.548,-0.306,0.28,-0.043,0.521,0.15,0.892,0.587,0.924,0.916,0.737,0.632,0.585,-0.743,0.409,0.92,0.352,0.931,0.053,0.633,0.833,0.62,-0.695,-0.233,0.848,0.85,0.454,0.879,-0.866,0.965,-0.388,0.194,-0.637,0.906,0.006,0.909,0.513,0.721,-0.675,0.88,0.848,0.491,0.908,0.932,0.808,0.664,0.67,0.897,0.95,0.902,-0.488,0.361,0.338,0.055,0.692,0.947,0.88,0.843,0.937,0.54,-0.631,-0.306,0.861,0.891,0.928,0.818,0.477,0.769,0.836,-0.575,0.234,0.759,0.782,0.896,0.905,0.886,0.03,0.909,0.748,0.931,0.292,0.941,-0.853,-0.719,0.836,0.189,0.768,-0.246,0.669,0.872,-0.322,0.037,0.913,0.9,0.697,-0.426,0.965,0.704
AGYS,-0.715,-0.649,-0.741,-0.748,-0.593,0.0,-0.671,-0.787,-0.349,-0.344,-0.048,-0.64,0.49,-0.833,0.564,0.508,0.885,-0.62,-0.48,-0.343,-0.776,-0.497,-0.392,-0.825,-0.75,0.143,-0.755,-0.454,0.64,-0.686,-0.275,0.589,-0.623,-0.417,-0.599,-0.701,-0.7,0.48,-0.751,-0.531,-0.318,-0.713,0.577,-0.793,-0.759,-0.786,0.196,-0.381,-0.287,-0.664,-0.799,-0.731,-0.723,0.554,-0.442,-0.18,-0.641,-0.515,-0.515,-0.075,-0.694,-0.347,0.614,-0.781,0.469,-0.75,-0.462,-0.6,-0.612,-0.319,-0.793,-0.31,-0.308,-0.377,-0.776,0.484,0.01,-0.717,-0.489,-0.53,-0.776,0.696,0.447,-0.738,-0.778,0.507,-0.772,0.407,0.866,-0.398,-0.783,0.512,0.28,0.722,-0.648,-0.477,0.421,-0.849,-0.72,-0.186,0.063,-0.761,0.479,0.503,0.175,-0.428,-0.566,-0.435,-0.729,-0.327,-0.736,-0.752,-0.769,-0.596,-0.652,0.693,-0.077,-0.491,-0.18,-0.702,0.192,-0.612,-0.496,-0.059,0.898,0.7,-0.366,-0.464,0.109,-0.751,0.71,-0.658,0.78,0.417,0.496,-0.787,0.218,-0.6,-0.691,-0.512,0.84,-0.669,-0.419,0.098,-0.658,-0.706,-0.526,-0.486,-0.68,-0.718,-0.625,-0.707,0.59,-0.202,-0.305,-0.307,-0.752,-0.677,-0.492,-0.754,-0.703,-0.2,0.617,-0.129,-0.796,-0.475,-0.711,-0.741,-0.114,-0.565,-0.579,0.72,0.082,-0.224,-0.789,-0.816,-0.583,-0.586,0.376,-0.712,-0.047,-0.717,-0.217,-0.667,0.822,0.525,-0.794,0.264,-0.741,-0.066,-0.757,-0.619,-0.183,-0.103,-0.758,-0.426,-0.748,0.521,-0.648,-0.797
ALT,0.811,0.791,0.67,0.86,0.777,-0.671,0.0,0.809,0.439,0.502,-0.046,0.681,-0.179,0.845,-0.577,-0.436,-0.873,0.825,0.41,0.237,0.901,0.633,0.429,0.828,0.896,0.174,0.906,0.765,-0.756,0.777,0.259,-0.625,0.867,0.343,0.513,0.885,0.833,-0.801,0.83,0.883,0.38,0.862,-0.877,0.904,0.844,0.554,0.237,0.751,0.365,0.841,0.901,0.934,0.595,-0.523,0.744,0.373,0.78,0.654,0.765,-0.097,0.8,0.26,-0.575,0.825,-0.202,0.734,0.434,0.563,0.612,0.414,0.816,0.475,0.565,-0.015,0.893,-0.531,-0.116,0.883,0.576,0.48,0.925,-0.761,-0.193,0.911,0.92,-0.516,0.878,-0.417,-0.833,0.531,0.923,-0.418,-0.371,-0.817,0.758,0.777,-0.621,0.827,0.917,0.463,0.281,0.846,-0.474,-0.324,-0.182,0.161,0.535,0.106,0.916,0.65,0.807,0.785,0.807,0.852,0.898,-0.884,0.146,0.847,0.288,0.842,-0.265,0.685,0.566,0.201,-0.722,-0.599,0.677,0.515,0.076,0.79,-0.77,0.855,-0.62,-0.275,-0.573,0.852,-0.481,0.8,0.799,0.823,-0.694,0.721,0.657,0.05,0.791,0.859,0.787,0.425,0.744,0.936,0.743,0.935,-0.754,-0.11,0.11,0.155,0.75,0.867,0.505,0.874,0.877,0.456,-0.853,-0.121,0.927,0.705,0.884,0.738,0.279,0.852,0.576,-0.749,-0.152,0.51,0.799,0.872,0.631,0.8,-0.263,0.898,0.43,0.856,0.307,0.762,-0.876,-0.344,0.901,-0.247,0.89,-0.056,0.807,0.809,-0.066,0.307,0.824,0.702,0.916,-0.647,0.831,0.88
AMGN,0.77,0.758,0.868,0.763,0.829,-0.787,0.809,0.0,0.658,0.471,0.192,0.752,-0.418,0.879,-0.571,-0.453,-0.859,0.778,0.444,0.371,0.863,0.791,0.463,0.911,0.947,0.166,0.925,0.657,-0.651,0.792,0.352,-0.582,0.884,0.446,0.643,0.899,0.837,-0.539,0.893,0.818,0.551,0.884,-0.619,0.862,0.915,0.843,0.049,0.696,0.586,0.744,0.94,0.882,0.752,-0.404,0.654,0.45,0.902,0.705,0.791,0.18,0.87,0.416,-0.474,0.896,-0.158,0.809,0.582,0.647,0.634,0.405,0.792,0.605,0.537,0.129,0.915,-0.322,-0.079,0.884,0.685,0.602,0.84,-0.769,-0.226,0.93,0.924,-0.455,0.93,-0.179,-0.888,0.624,0.912,-0.403,-0.271,-0.63,0.812,0.692,-0.547,0.916,0.871,0.494,0.273,0.879,-0.572,-0.481,0.101,0.332,0.649,0.269,0.898,0.625,0.86,0.854,0.899,0.768,0.745,-0.831,0.374,0.754,0.417,0.847,-0.255,0.765,0.652,0.327,-0.862,-0.437,0.599,0.642,0.139,0.837,-0.843,0.88,-0.544,-0.226,-0.539,0.859,-0.195,0.796,0.729,0.694,-0.743,0.826,0.749,0.117,0.882,0.89,0.692,0.48,0.715,0.899,0.803,0.869,-0.606,0.167,0.305,0.229,0.929,0.916,0.7,0.844,0.888,0.514,-0.754,0.008,0.923,0.692,0.928,0.909,0.491,0.86,0.657,-0.736,-0.003,0.55,0.827,0.906,0.728,0.774,-0.227,0.888,0.37,0.88,0.326,0.849,-0.894,-0.618,0.919,-0.081,0.902,0.131,0.853,0.846,0.04,0.161,0.888,0.654,0.847,-0.621,0.876,0.818
AMPH,0.425,0.599,0.626,0.364,0.423,-0.349,0.439,0.658,0.0,0.075,0.168,0.352,-0.076,0.514,-0.152,-0.105,-0.467,0.627,0.317,0.054,0.57,0.576,0.329,0.537,0.657,0.351,0.578,0.373,-0.143,0.43,-0.01,-0.412,0.509,0.214,0.28,0.557,0.383,-0.309,0.506,0.551,0.283,0.504,-0.254,0.403,0.601,0.592,0.066,0.348,0.439,0.399,0.578,0.578,0.347,-0.369,0.191,0.133,0.653,0.687,0.652,0.108,0.466,0.127,-0.232,0.461,-0.186,0.439,0.353,0.151,0.33,0.419,0.423,0.416,0.271,-0.18,0.529,-0.103,0.278,0.456,0.302,0.323,0.385,-0.455,0.12,0.581,0.553,-0.132,0.545,-0.096,-0.502,0.692,0.623,-0.012,-0.308,-0.344,0.448,0.409,-0.171,0.547,0.541,0.374,0.19,0.441,-0.287,-0.332,0.158,0.404,0.29,0.244,0.54,0.472,0.4,0.374,0.655,0.613,0.462,-0.496,0.46,0.353,0.38,0.38,-0.316,0.684,0.182,0.218,-0.485,-0.104,0.116,0.318,0.101,0.388,-0.474,0.5,-0.179,-0.222,-0.172,0.406,-0.228,0.417,0.513,0.497,-0.27,0.53,0.485,-0.017,0.507,0.445,0.248,0.098,0.34,0.515,0.36,0.486,-0.425,-0.154,0.154,0.15,0.693,0.527,0.329,0.402,0.486,0.279,-0.461,0.335,0.53,0.208,0.564,0.606,0.695,0.675,0.176,-0.327,-0.016,0.174,0.412,0.44,0.253,0.43,-0.349,0.483,0.164,0.456,0.361,0.517,-0.426,-0.262,0.529,-0.133,0.584,0.593,0.519,0.437,0.396,0.254,0.475,0.26,0.462,-0.371,0.49,0.37
AMZN,0.6,0.249,0.492,0.409,0.613,-0.344,0.502,0.471,0.075,0.0,0.474,0.645,-0.511,0.385,-0.782,-0.119,-0.43,0.141,0.063,0.693,0.393,0.418,0.086,0.58,0.471,-0.074,0.471,0.455,-0.321,0.596,0.579,0.021,0.621,0.236,0.551,0.354,0.753,-0.067,0.633,0.433,0.753,0.571,-0.298,0.606,0.424,0.495,0.099,0.585,0.656,0.323,0.538,0.471,0.643,0.097,0.599,0.592,0.327,0.115,0.232,0.326,0.632,0.552,-0.205,0.637,0.177,0.511,0.568,0.711,0.338,-0.278,0.477,0.4,0.633,0.32,0.517,0.066,-0.503,0.574,0.653,0.602,0.564,-0.517,-0.467,0.524,0.462,-0.376,0.511,-0.113,-0.519,0.221,0.393,-0.039,0.212,-0.301,0.714,0.469,-0.416,0.455,0.591,0.261,0.424,0.637,-0.28,-0.114,0.044,0.161,0.419,-0.132,0.497,0.255,0.573,0.685,0.387,0.215,0.312,-0.505,0.219,0.635,-0.043,0.675,0.322,0.302,0.744,0.44,-0.422,-0.125,0.719,0.708,0.519,0.631,-0.685,0.584,-0.347,0.286,-0.54,0.624,0.163,0.63,0.242,0.316,-0.547,0.551,0.297,0.418,0.529,0.646,0.647,0.652,0.391,0.544,0.71,0.574,-0.295,0.423,0.45,-0.119,0.408,0.55,0.593,0.526,0.587,0.331,-0.303,-0.434,0.506,0.565,0.573,0.366,0.052,0.404,0.733,-0.37,0.113,0.536,0.573,0.6,0.701,0.536,0.215,0.574,0.401,0.567,0.254,0.583,-0.538,-0.58,0.463,0.375,0.426,-0.328,0.278,0.484,-0.412,-0.275,0.633,0.761,0.339,-0.084,0.568,0.38
ANIP,0.335,-0.009,0.505,-0.243,0.39,-0.048,-0.046,0.192,0.168,0.474,0.0,0.584,-0.74,0.047,-0.391,0.479,0.027,-0.241,-0.425,0.724,-0.05,0.254,0.297,0.339,0.149,-0.229,0.114,0.285,0.226,0.448,0.751,0.527,0.288,-0.18,0.662,-0.079,0.367,0.513,0.419,0.065,0.671,0.333,0.25,0.137,0.181,0.406,-0.198,0.3,0.8,0.103,0.193,0.078,0.608,0.436,0.222,0.58,0.174,-0.159,-0.019,0.701,0.458,0.832,0.436,0.399,0.461,0.402,0.778,0.403,-0.318,-0.512,0.152,0.57,0.646,0.341,0.241,0.714,-0.559,0.291,0.683,0.701,0.098,-0.416,-0.438,0.212,0.047,-0.155,0.114,0.166,-0.255,0.363,-0.083,0.013,0.665,0.215,0.544,0.311,-0.0,0.121,0.254,-0.209,0.576,0.373,0.114,-0.167,0.281,0.153,-0.149,0.136,0.176,-0.268,0.319,0.46,0.24,-0.223,-0.236,0.047,0.158,0.292,-0.289,0.392,0.682,0.156,0.457,0.797,-0.211,0.493,0.313,0.725,0.846,0.416,-0.457,0.337,-0.089,0.712,-0.477,0.325,0.741,0.458,-0.3,-0.006,-0.305,0.554,0.125,0.823,0.205,0.305,0.221,0.604,-0.201,0.112,0.526,0.141,0.064,0.685,0.661,-0.564,0.13,0.246,0.648,0.224,0.318,-0.064,0.351,-0.125,0.138,0.229,0.281,0.107,0.18,0.103,0.599,0.319,0.705,0.254,0.327,0.293,0.624,0.409,0.189,0.263,0.456,0.314,0.462,0.488,-0.142,-0.663,-0.009,0.445,-0.072,-0.264,-0.236,0.117,-0.203,-0.668,0.418,0.466,-0.147,0.526,0.354,-0.177
AOSL,0.866,0.643,0.849,0.502,0.879,-0.64,0.681,0.752,0.352,0.645,0.584,0.0,-0.715,0.715,-0.639,-0.057,-0.697,0.466,0.098,0.713,0.65,0.617,0.609,0.882,0.766,-0.099,0.806,0.807,-0.53,0.927,0.792,-0.113,0.837,0.079,0.954,0.651,0.871,-0.294,0.926,0.635,0.639,0.927,-0.512,0.814,0.769,0.692,-0.015,0.754,0.769,0.759,0.823,0.765,0.953,-0.087,0.765,0.696,0.754,0.325,0.556,0.448,0.939,0.832,-0.111,0.94,0.123,0.888,0.837,0.791,0.293,0.029,0.78,0.805,0.883,0.336,0.888,0.032,-0.518,0.88,0.944,0.856,0.795,-0.861,-0.515,0.846,0.752,-0.455,0.743,-0.222,-0.835,0.608,0.642,-0.452,0.202,-0.481,0.948,0.827,-0.523,0.732,0.867,0.187,0.623,0.939,-0.233,-0.314,-0.001,0.189,0.259,0.266,0.835,0.234,0.905,0.961,0.776,0.481,0.517,-0.559,0.127,0.829,-0.025,0.933,0.308,0.662,0.735,0.727,-0.757,-0.237,0.703,0.867,0.611,0.94,-0.881,0.904,-0.611,0.273,-0.793,0.933,0.189,0.958,0.418,0.639,-0.814,0.936,0.623,0.611,0.779,0.858,0.73,0.853,0.495,0.81,0.947,0.818,-0.542,0.483,0.579,-0.215,0.611,0.833,0.889,0.876,0.917,0.19,-0.373,-0.134,0.83,0.759,0.873,0.677,0.263,0.663,0.912,-0.361,0.47,0.493,0.913,0.909,0.951,0.926,-0.043,0.883,0.656,0.92,0.554,0.948,-0.814,-0.739,0.679,0.09,0.606,-0.323,0.474,0.683,-0.146,-0.156,0.943,0.86,0.629,-0.128,0.914,0.602
APDN,-0.467,-0.141,-0.65,-0.074,-0.469,0.49,-0.179,-0.418,-0.076,-0.511,-0.74,-0.715,0.0,-0.429,0.486,-0.128,0.372,0.015,0.227,-0.803,-0.223,-0.271,-0.503,-0.596,-0.32,0.489,-0.331,-0.329,0.223,-0.637,-0.697,-0.186,-0.401,0.091,-0.79,-0.157,-0.597,-0.216,-0.6,-0.149,-0.583,-0.502,0.053,-0.414,-0.426,-0.573,0.492,-0.238,-0.625,-0.313,-0.439,-0.266,-0.806,-0.186,-0.336,-0.481,-0.348,0.158,-0.063,-0.509,-0.619,-0.87,-0.075,-0.633,-0.102,-0.654,-0.771,-0.548,0.032,0.28,-0.385,-0.405,-0.529,-0.45,-0.472,-0.327,0.5,-0.491,-0.695,-0.766,-0.384,0.607,0.752,-0.385,-0.281,0.393,-0.345,0.091,0.561,-0.314,-0.189,0.28,-0.409,0.131,-0.637,-0.331,0.048,-0.48,-0.428,0.238,-0.396,-0.599,0.033,0.35,-0.008,-0.273,-0.081,-0.212,-0.371,0.231,-0.508,-0.677,-0.473,0.048,-0.055,0.154,0.128,-0.376,0.274,-0.579,-0.564,-0.189,-0.506,-0.599,0.618,-0.036,-0.376,-0.664,-0.557,-0.662,0.613,-0.45,0.491,-0.297,0.675,-0.56,-0.513,-0.582,0.059,-0.059,0.7,-0.63,-0.18,-0.589,-0.352,-0.53,-0.368,-0.693,-0.064,-0.324,-0.617,-0.309,0.132,-0.705,-0.652,0.397,-0.391,-0.399,-0.669,-0.499,-0.495,0.012,-0.103,0.134,-0.409,-0.323,-0.467,-0.298,0.126,-0.205,-0.678,0.023,-0.529,-0.264,-0.611,-0.565,-0.739,-0.498,-0.003,-0.465,-0.237,-0.505,-0.411,-0.577,0.476,0.771,-0.251,-0.264,-0.176,0.399,-0.122,-0.264,0.117,0.64,-0.61,-0.464,-0.211,-0.234,-0.481,-0.193
APLT,0.783,0.76,0.822,0.784,0.704,-0.833,0.845,0.879,0.514,0.385,0.047,0.715,-0.429,0.0,-0.506,-0.414,-0.943,0.84,0.343,0.317,0.929,0.618,0.611,0.906,0.879,-0.092,0.905,0.716,-0.721,0.836,0.235,-0.634,0.781,0.324,0.624,0.851,0.822,-0.698,0.856,0.79,0.338,0.865,-0.762,0.865,0.921,0.679,-0.15,0.549,0.376,0.844,0.919,0.883,0.719,-0.555,0.596,0.245,0.842,0.595,0.725,-0.054,0.804,0.373,-0.501,0.873,-0.356,0.882,0.514,0.518,0.557,0.492,0.815,0.42,0.436,0.052,0.913,-0.529,0.027,0.873,0.591,0.584,0.9,-0.81,-0.309,0.884,0.89,-0.589,0.875,-0.425,-0.915,0.611,0.914,-0.437,-0.369,-0.795,0.753,0.701,-0.39,0.97,0.88,0.3,0.192,0.87,-0.416,-0.484,-0.228,0.377,0.51,0.248,0.887,0.457,0.807,0.817,0.914,0.776,0.835,-0.784,-0.008,0.696,0.248,0.821,-0.22,0.704,0.464,0.243,-0.914,-0.573,0.484,0.487,0.015,0.857,-0.767,0.803,-0.767,-0.413,-0.585,0.844,-0.349,0.785,0.748,0.705,-0.824,0.756,0.615,0.022,0.769,0.846,0.66,0.45,0.668,0.885,0.687,0.823,-0.732,0.009,0.264,0.127,0.875,0.823,0.525,0.908,0.862,0.341,-0.74,0.108,0.935,0.577,0.88,0.806,0.221,0.832,0.532,-0.702,-0.02,0.349,0.888,0.903,0.639,0.76,-0.422,0.881,0.23,0.847,0.441,0.767,-0.928,-0.445,0.875,-0.288,0.871,0.073,0.836,0.737,0.204,0.185,0.865,0.552,0.933,-0.619,0.802,0.885
APVO,-0.654,-0.337,-0.571,-0.532,-0.637,0.564,-0.577,-0.571,-0.152,-0.782,-0.391,-0.639,0.486,-0.506,0.0,0.255,0.56,-0.281,-0.231,-0.601,-0.513,-0.51,-0.086,-0.646,-0.579,0.036,-0.547,-0.491,0.403,-0.644,-0.509,0.087,-0.662,-0.411,-0.564,-0.468,-0.741,0.147,-0.717,-0.494,-0.68,-0.627,0.342,-0.665,-0.577,-0.655,-0.096,-0.563,-0.592,-0.48,-0.649,-0.541,-0.706,0.101,-0.524,-0.465,-0.397,-0.325,-0.345,-0.417,-0.649,-0.462,0.253,-0.696,-0.017,-0.588,-0.582,-0.759,-0.448,0.181,-0.667,-0.429,-0.577,-0.538,-0.599,0.068,0.416,-0.626,-0.662,-0.603,-0.634,0.549,0.408,-0.601,-0.594,0.4,-0.621,0.129,0.631,-0.238,-0.518,0.198,-0.139,0.382,-0.734,-0.488,0.471,-0.572,-0.633,-0.282,-0.234,-0.679,0.376,0.237,0.014,-0.303,-0.556,-0.15,-0.591,-0.315,-0.66,-0.716,-0.465,-0.306,-0.366,0.631,-0.314,-0.606,-0.067,-0.722,-0.084,-0.446,-0.804,-0.365,0.548,0.321,-0.663,-0.759,-0.349,-0.695,0.725,-0.633,0.452,-0.123,0.482,-0.681,-0.131,-0.617,-0.43,-0.365,0.642,-0.662,-0.343,-0.266,-0.617,-0.678,-0.623,-0.64,-0.549,-0.586,-0.724,-0.636,0.316,-0.377,-0.436,-0.088,-0.528,-0.608,-0.614,-0.619,-0.63,-0.352,0.401,0.248,-0.591,-0.565,-0.631,-0.511,-0.138,-0.397,-0.745,0.53,-0.101,-0.494,-0.629,-0.679,-0.675,-0.544,-0.136,-0.627,-0.333,-0.632,-0.279,-0.653,0.601,0.567,-0.615,-0.235,-0.51,0.161,-0.379,-0.584,0.242,0.232,-0.688,-0.696,-0.458,0.256,-0.616,-0.524
ARGX,-0.151,-0.347,-0.138,-0.617,-0.338,0.508,-0.436,-0.453,-0.105,-0.119,0.479,-0.057,-0.128,-0.414,0.255,0.0,0.501,-0.413,-0.583,0.176,-0.426,-0.354,0.109,-0.287,-0.414,-0.287,-0.434,-0.049,0.6,-0.073,0.163,0.657,-0.365,-0.55,0.04,-0.589,-0.294,0.44,-0.232,-0.313,-0.123,-0.246,0.412,-0.409,-0.36,-0.38,-0.183,-0.254,0.133,-0.201,-0.405,-0.363,-0.131,0.318,-0.388,-0.123,-0.312,-0.434,-0.417,0.166,-0.231,0.247,0.687,-0.278,0.24,-0.125,0.193,-0.341,-0.754,-0.36,-0.279,0.046,0.118,-0.012,-0.311,0.603,-0.093,-0.302,-0.006,0.117,-0.397,0.101,-0.029,-0.373,-0.507,0.219,-0.562,-0.067,0.304,0.271,-0.53,0.279,0.434,0.372,-0.111,-0.033,0.501,-0.437,-0.275,-0.608,0.277,-0.257,0.75,0.193,-0.147,0.058,-0.767,0.051,-0.349,-0.635,-0.335,-0.252,-0.204,-0.451,-0.448,0.557,-0.334,-0.233,-0.627,-0.286,0.515,-0.168,-0.352,0.381,0.388,0.597,-0.308,-0.047,0.519,-0.247,0.234,-0.289,0.162,0.545,-0.098,-0.328,0.404,-0.107,-0.508,-0.246,0.239,-0.08,-0.442,0.427,-0.525,-0.412,-0.299,0.025,-0.71,-0.438,-0.213,-0.398,0.152,0.069,0.195,-0.762,-0.451,-0.395,-0.106,-0.273,-0.288,-0.516,0.688,0.203,-0.402,-0.372,-0.346,-0.537,-0.139,-0.303,-0.085,0.848,0.588,-0.388,-0.21,-0.348,-0.121,-0.057,0.034,-0.31,0.08,-0.273,0.398,-0.197,0.469,0.193,-0.604,0.038,-0.586,-0.125,-0.71,-0.494,0.141,-0.432,-0.257,-0.159,-0.489,0.79,-0.281,-0.633
ARLP,-0.824,-0.812,-0.785,-0.854,-0.674,0.885,-0.873,-0.859,-0.467,-0.43,0.027,-0.697,0.372,-0.943,0.56,0.501,0.0,-0.806,-0.433,-0.31,-0.931,-0.531,-0.522,-0.902,-0.87,0.093,-0.896,-0.669,0.729,-0.801,-0.241,0.656,-0.758,-0.323,-0.586,-0.841,-0.825,0.7,-0.83,-0.727,-0.293,-0.84,0.791,-0.891,-0.871,-0.707,0.067,-0.528,-0.307,-0.813,-0.914,-0.894,-0.712,0.654,-0.595,-0.219,-0.769,-0.614,-0.664,0.081,-0.781,-0.319,0.655,-0.86,0.46,-0.829,-0.464,-0.56,-0.66,-0.425,-0.864,-0.368,-0.417,-0.16,-0.894,0.605,-0.019,-0.843,-0.531,-0.555,-0.912,0.796,0.397,-0.867,-0.894,0.574,-0.87,0.542,0.915,-0.529,-0.931,0.434,0.416,0.878,-0.739,-0.652,0.487,-0.934,-0.887,-0.284,-0.135,-0.856,0.464,0.446,0.302,-0.427,-0.539,-0.278,-0.87,-0.46,-0.795,-0.806,-0.867,-0.786,-0.858,0.806,-0.041,-0.666,-0.185,-0.809,0.23,-0.739,-0.488,-0.103,0.896,0.735,-0.467,-0.456,0.04,-0.831,0.768,-0.774,0.827,0.452,0.547,-0.863,0.397,-0.745,-0.81,-0.711,0.843,-0.727,-0.534,0.057,-0.767,-0.819,-0.662,-0.506,-0.73,-0.883,-0.693,-0.856,0.768,-0.007,-0.261,-0.24,-0.839,-0.787,-0.48,-0.874,-0.837,-0.245,0.761,-0.096,-0.929,-0.554,-0.844,-0.776,-0.165,-0.778,-0.558,0.774,0.139,-0.294,-0.887,-0.899,-0.604,-0.719,0.435,-0.853,-0.161,-0.816,-0.373,-0.747,0.905,0.43,-0.882,0.369,-0.87,-0.072,-0.836,-0.709,-0.188,-0.252,-0.84,-0.554,-0.909,0.632,-0.763,-0.912
ATEX,0.617,0.816,0.588,0.758,0.57,-0.62,0.825,0.778,0.627,0.141,-0.241,0.466,0.015,0.84,-0.281,-0.413,-0.806,0.0,0.54,-0.033,0.914,0.615,0.459,0.702,0.841,0.28,0.85,0.672,-0.678,0.617,-0.04,-0.789,0.706,0.38,0.335,0.885,0.591,-0.851,0.67,0.835,0.112,0.732,-0.777,0.737,0.811,0.476,0.147,0.543,0.183,0.81,0.815,0.87,0.396,-0.677,0.471,0.066,0.806,0.812,0.84,-0.28,0.596,0.006,-0.518,0.642,-0.372,0.646,0.212,0.28,0.637,0.72,0.712,0.399,0.273,-0.165,0.796,-0.668,0.298,0.746,0.348,0.274,0.772,-0.564,0.13,0.812,0.869,-0.352,0.781,-0.366,-0.705,0.619,0.916,-0.332,-0.607,-0.775,0.529,0.683,-0.392,0.803,0.768,0.489,0.113,0.659,-0.422,-0.341,-0.16,0.214,0.509,0.256,0.814,0.688,0.671,0.572,0.801,0.918,0.881,-0.781,0.117,0.621,0.461,0.62,-0.572,0.74,0.266,0.037,-0.669,-0.552,0.386,0.237,-0.194,0.603,-0.557,0.707,-0.516,-0.521,-0.329,0.65,-0.559,0.611,0.86,0.828,-0.488,0.562,0.665,-0.193,0.686,0.673,0.57,0.149,0.696,0.82,0.485,0.774,-0.731,-0.349,-0.016,0.326,0.761,0.757,0.313,0.748,0.73,0.421,-0.856,0.224,0.838,0.55,0.767,0.779,0.435,0.86,0.286,-0.718,-0.219,0.292,0.668,0.713,0.362,0.634,-0.386,0.766,0.264,0.726,0.359,0.605,-0.761,-0.122,0.842,-0.414,0.888,0.307,0.836,0.739,0.284,0.531,0.666,0.398,0.902,-0.765,0.692,0.834
ATRA,0.18,0.396,0.135,0.631,0.265,-0.48,0.41,0.444,0.317,0.063,-0.425,0.098,0.227,0.343,-0.231,-0.583,-0.433,0.54,0.0,-0.094,0.467,0.421,-0.238,0.269,0.47,0.573,0.418,0.137,-0.463,0.135,-0.165,-0.632,0.345,0.67,0.002,0.554,0.214,-0.474,0.276,0.356,0.051,0.276,-0.363,0.411,0.34,0.386,0.343,0.25,-0.029,0.267,0.423,0.421,0.108,-0.426,0.209,-0.04,0.351,0.635,0.538,-0.06,0.166,-0.325,-0.541,0.238,-0.379,0.116,-0.149,0.38,0.775,0.367,0.451,0.136,-0.053,0.237,0.328,-0.556,0.218,0.274,0.004,-0.151,0.371,-0.007,0.289,0.392,0.527,-0.005,0.449,-0.008,-0.322,0.073,0.541,-0.216,-0.493,-0.377,0.164,0.194,-0.403,0.365,0.305,0.608,-0.322,0.233,-0.453,-0.08,0.071,0.114,0.657,0.253,0.363,0.653,0.379,0.212,0.26,0.535,0.453,-0.559,0.414,0.21,0.554,0.235,-0.692,0.398,0.306,-0.315,-0.3,-0.585,0.206,0.069,-0.46,0.191,-0.221,0.312,-0.131,-0.479,0.028,0.306,-0.384,0.104,0.696,0.404,-0.166,0.164,0.352,-0.494,0.421,0.293,0.307,-0.005,0.778,0.408,0.197,0.434,-0.263,-0.222,-0.076,0.708,0.359,0.39,0.114,0.284,0.272,0.432,-0.649,0.092,0.392,0.36,0.326,0.551,0.368,0.317,0.185,-0.729,-0.468,0.179,0.231,0.315,0.039,0.115,0.072,0.3,-0.023,0.333,-0.152,0.241,-0.363,-0.029,0.564,-0.055,0.55,0.326,0.607,0.506,0.057,0.565,0.256,0.109,0.455,-0.666,0.278,0.496
AUTL,0.491,0.135,0.538,0.172,0.507,-0.343,0.237,0.371,0.054,0.693,0.724,0.713,-0.803,0.317,-0.601,0.176,-0.31,-0.033,-0.094,0.0,0.217,0.286,0.252,0.54,0.311,-0.313,0.335,0.397,-0.159,0.634,0.752,0.273,0.447,0.038,0.732,0.158,0.615,0.201,0.601,0.185,0.648,0.511,-0.046,0.462,0.36,0.504,-0.197,0.378,0.691,0.301,0.434,0.287,0.761,0.211,0.416,0.542,0.276,-0.09,0.051,0.558,0.584,0.785,0.108,0.611,0.179,0.583,0.729,0.685,0.072,-0.423,0.461,0.475,0.63,0.529,0.451,0.306,-0.576,0.478,0.737,0.746,0.402,-0.496,-0.624,0.394,0.299,-0.304,0.332,-0.069,-0.489,0.322,0.184,-0.168,0.442,-0.12,0.69,0.415,-0.125,0.394,0.45,-0.061,0.433,0.588,0.014,-0.164,0.006,0.266,0.141,0.128,0.372,-0.103,0.545,0.667,0.368,-0.047,0.066,-0.22,0.05,0.46,-0.273,0.602,0.516,0.286,0.64,0.631,-0.459,0.023,0.506,0.715,0.662,0.642,-0.591,0.485,-0.405,0.453,-0.607,0.556,0.523,0.602,0.033,0.138,-0.616,0.603,0.174,0.6,0.406,0.501,0.447,0.757,0.168,0.347,0.663,0.373,-0.146,0.665,0.713,-0.329,0.285,0.41,0.691,0.495,0.505,0.022,0.051,-0.198,0.391,0.422,0.464,0.266,-0.051,0.194,0.761,-0.067,0.501,0.302,0.585,0.543,0.734,0.503,0.203,0.457,0.355,0.519,0.453,0.596,-0.42,-0.679,0.25,0.4,0.163,-0.41,0.056,0.306,-0.249,-0.515,0.604,0.6,0.16,0.215,0.497,0.17
AVDL,0.802,0.842,0.762,0.847,0.685,-0.776,0.901,0.863,0.57,0.393,-0.05,0.65,-0.223,0.929,-0.513,-0.426,-0.931,0.914,0.467,0.217,0.0,0.604,0.463,0.864,0.907,0.095,0.924,0.742,-0.699,0.802,0.186,-0.723,0.794,0.41,0.532,0.881,0.803,-0.777,0.835,0.862,0.32,0.855,-0.833,0.892,0.893,0.65,0.081,0.616,0.363,0.853,0.93,0.948,0.62,-0.676,0.57,0.182,0.798,0.769,0.793,-0.167,0.743,0.229,-0.577,0.814,-0.388,0.805,0.456,0.477,0.631,0.515,0.848,0.441,0.427,0.008,0.9,-0.63,0.128,0.87,0.52,0.514,0.92,-0.756,-0.164,0.901,0.931,-0.585,0.873,-0.478,-0.875,0.647,0.957,-0.324,-0.504,-0.875,0.728,0.749,-0.437,0.918,0.899,0.364,0.159,0.834,-0.487,-0.428,-0.23,0.369,0.541,0.253,0.908,0.596,0.797,0.766,0.886,0.89,0.93,-0.869,0.108,0.721,0.292,0.796,-0.362,0.776,0.456,0.14,-0.818,-0.602,0.505,0.437,-0.055,0.789,-0.736,0.811,-0.731,-0.432,-0.514,0.815,-0.448,0.752,0.866,0.85,-0.694,0.727,0.6,-0.06,0.758,0.806,0.713,0.379,0.731,0.908,0.665,0.878,-0.829,-0.147,0.209,0.231,0.829,0.836,0.455,0.87,0.85,0.359,-0.84,0.129,0.933,0.61,0.867,0.812,0.327,0.884,0.501,-0.762,-0.173,0.329,0.841,0.871,0.561,0.75,-0.428,0.882,0.268,0.833,0.453,0.754,-0.89,-0.344,0.909,-0.37,0.935,0.186,0.83,0.777,0.191,0.339,0.83,0.55,0.92,-0.692,0.78,0.885
BCRX,0.561,0.568,0.63,0.512,0.802,-0.497,0.633,0.791,0.576,0.418,0.254,0.617,-0.271,0.618,-0.51,-0.354,-0.531,0.615,0.421,0.286,0.604,0.0,0.307,0.671,0.813,0.452,0.745,0.523,-0.512,0.571,0.29,-0.407,0.826,0.457,0.494,0.774,0.62,-0.373,0.733,0.702,0.613,0.726,-0.407,0.661,0.708,0.669,0.255,0.727,0.623,0.538,0.744,0.707,0.574,-0.05,0.617,0.595,0.811,0.604,0.789,0.362,0.744,0.316,-0.239,0.709,0.185,0.57,0.453,0.6,0.522,0.328,0.542,0.66,0.57,0.088,0.721,-0.071,-0.252,0.697,0.658,0.379,0.586,-0.524,0.025,0.781,0.76,-0.17,0.792,0.273,-0.591,0.474,0.688,-0.399,-0.066,-0.287,0.667,0.609,-0.587,0.634,0.684,0.683,0.354,0.685,-0.491,-0.292,0.464,-0.027,0.597,0.25,0.722,0.671,0.741,0.671,0.661,0.605,0.479,-0.687,0.518,0.682,0.613,0.669,-0.241,0.568,0.632,0.412,-0.599,-0.126,0.611,0.698,0.257,0.637,-0.666,0.788,-0.128,-0.018,-0.382,0.681,-0.081,0.652,0.495,0.584,-0.447,0.686,0.859,0.206,0.799,0.747,0.593,0.359,0.635,0.735,0.696,0.727,-0.333,0.146,0.199,0.22,0.709,0.811,0.702,0.632,0.733,0.688,-0.65,-0.142,0.721,0.712,0.787,0.832,0.664,0.704,0.573,-0.591,0.107,0.684,0.578,0.686,0.622,0.631,0.058,0.728,0.554,0.743,0.163,0.741,-0.678,-0.517,0.772,0.305,0.729,0.074,0.689,0.797,-0.187,0.138,0.721,0.656,0.639,-0.501,0.797,0.579
BHAT,0.575,0.573,0.616,0.138,0.447,-0.392,0.429,0.463,0.329,0.086,0.297,0.609,-0.503,0.611,-0.086,0.109,-0.522,0.459,-0.238,0.252,0.463,0.307,0.0,0.602,0.471,-0.344,0.545,0.555,-0.402,0.606,0.316,-0.159,0.459,-0.387,0.593,0.423,0.452,-0.334,0.539,0.374,0.076,0.604,-0.407,0.445,0.539,0.293,-0.296,0.299,0.278,0.614,0.502,0.519,0.552,-0.163,0.368,0.29,0.623,0.091,0.358,0.033,0.622,0.578,-0.01,0.587,-0.064,0.678,0.483,0.139,0.003,0.295,0.399,0.42,0.461,-0.098,0.617,-0.049,-0.145,0.558,0.514,0.513,0.464,-0.689,-0.424,0.526,0.44,-0.262,0.429,-0.363,-0.545,0.55,0.435,-0.433,-0.01,-0.412,0.483,0.551,-0.159,0.546,0.568,-0.124,0.542,0.58,0.086,-0.319,-0.191,0.08,-0.149,0.25,0.534,-0.057,0.47,0.547,0.654,0.4,0.391,-0.191,-0.342,0.448,-0.119,0.507,0.293,0.438,0.051,0.46,-0.576,-0.138,0.207,0.327,0.365,0.581,-0.5,0.526,-0.508,-0.048,-0.51,0.547,-0.049,0.636,0.166,0.451,-0.585,0.569,0.44,0.408,0.398,0.512,0.298,0.458,0.061,0.506,0.468,0.45,-0.472,0.137,0.163,-0.355,0.467,0.478,0.44,0.586,0.591,-0.115,-0.17,0.147,0.578,0.281,0.565,0.376,0.042,0.518,0.321,-0.042,0.437,0.125,0.638,0.557,0.507,0.636,-0.409,0.572,0.337,0.546,0.509,0.544,-0.524,-0.301,0.353,-0.252,0.349,-0.173,0.33,0.272,0.204,-0.094,0.563,0.398,0.521,-0.03,0.575,0.431
BLBD,0.89,0.768,0.918,0.7,0.826,-0.825,0.828,0.911,0.537,0.58,0.339,0.882,-0.596,0.906,-0.646,-0.287,-0.902,0.702,0.269,0.54,0.864,0.671,0.602,0.0,0.911,-0.078,0.912,0.747,-0.628,0.918,0.498,-0.458,0.871,0.241,0.789,0.807,0.919,-0.509,0.955,0.764,0.557,0.937,-0.674,0.906,0.903,0.807,-0.094,0.667,0.623,0.814,0.951,0.899,0.882,-0.399,0.674,0.471,0.833,0.542,0.675,0.174,0.93,0.607,-0.441,0.967,-0.202,0.919,0.717,0.673,0.514,0.256,0.855,0.604,0.658,0.215,0.955,-0.272,-0.209,0.926,0.769,0.754,0.894,-0.9,-0.476,0.927,0.887,-0.569,0.888,-0.388,-0.953,0.667,0.865,-0.44,-0.161,-0.724,0.906,0.762,-0.474,0.923,0.947,0.256,0.392,0.955,-0.428,-0.462,-0.108,0.353,0.465,0.28,0.911,0.409,0.882,0.939,0.916,0.698,0.739,-0.771,0.143,0.786,0.144,0.916,-0.0,0.751,0.642,0.43,-0.911,-0.462,0.613,0.714,0.298,0.933,-0.915,0.896,-0.744,-0.134,-0.729,0.938,-0.13,0.897,0.649,0.698,-0.877,0.903,0.623,0.272,0.82,0.914,0.728,0.657,0.622,0.904,0.869,0.888,-0.707,0.239,0.423,0.007,0.852,0.882,0.724,0.912,0.934,0.301,-0.632,0.016,0.949,0.667,0.938,0.795,0.296,0.815,0.748,-0.617,0.127,0.452,0.942,0.962,0.823,0.863,-0.317,0.933,0.398,0.913,0.485,0.899,-0.927,-0.659,0.856,-0.129,0.826,-0.049,0.728,0.755,0.038,0.002,0.959,0.74,0.826,-0.417,0.893,0.79
BMRN,0.826,0.827,0.834,0.795,0.86,-0.75,0.896,0.947,0.657,0.471,0.149,0.766,-0.32,0.879,-0.579,-0.414,-0.87,0.841,0.47,0.311,0.907,0.813,0.471,0.911,0.0,0.24,0.959,0.75,-0.67,0.822,0.328,-0.623,0.934,0.426,0.625,0.932,0.849,-0.655,0.908,0.89,0.524,0.92,-0.738,0.891,0.917,0.769,0.162,0.775,0.561,0.81,0.966,0.954,0.715,-0.457,0.709,0.468,0.91,0.75,0.874,0.105,0.883,0.366,-0.517,0.899,-0.144,0.796,0.565,0.623,0.623,0.422,0.818,0.64,0.606,0.076,0.946,-0.365,-0.112,0.924,0.679,0.562,0.885,-0.804,-0.165,0.975,0.966,-0.48,0.952,-0.233,-0.894,0.659,0.949,-0.433,-0.312,-0.712,0.834,0.782,-0.611,0.891,0.94,0.521,0.32,0.896,-0.562,-0.425,0.046,0.238,0.598,0.254,0.949,0.669,0.882,0.85,0.908,0.854,0.817,-0.895,0.333,0.828,0.419,0.872,-0.281,0.787,0.636,0.323,-0.814,-0.462,0.638,0.653,0.156,0.837,-0.861,0.924,-0.566,-0.229,-0.602,0.886,-0.314,0.833,0.773,0.808,-0.718,0.853,0.779,0.129,0.88,0.906,0.771,0.471,0.751,0.953,0.819,0.947,-0.7,0.022,0.243,0.186,0.879,0.939,0.658,0.873,0.925,0.517,-0.817,-0.025,0.962,0.732,0.949,0.893,0.513,0.901,0.653,-0.741,-0.046,0.563,0.837,0.916,0.714,0.83,-0.265,0.938,0.466,0.912,0.369,0.872,-0.909,-0.528,0.952,-0.138,0.934,0.112,0.849,0.884,0.004,0.228,0.903,0.705,0.891,-0.631,0.908,0.839
BNGO,-0.101,0.184,-0.12,0.163,0.247,0.143,0.174,0.166,0.351,-0.074,-0.229,-0.099,0.489,-0.092,0.036,-0.287,0.093,0.28,0.573,-0.313,0.095,0.452,-0.344,-0.078,0.24,0.0,0.165,0.02,-0.148,-0.152,-0.118,-0.313,0.269,0.406,-0.198,0.341,-0.054,-0.226,0.034,0.318,0.169,0.057,-0.089,0.069,0.07,0.083,0.721,0.404,0.116,-0.021,0.116,0.185,-0.204,0.03,0.211,0.23,0.208,0.513,0.49,0.061,0.011,-0.338,-0.104,-0.064,0.282,-0.23,-0.185,0.115,0.382,0.284,-0.011,0.3,0.074,-0.224,0.049,-0.071,0.063,0.071,-0.01,-0.281,0.014,0.205,0.664,0.192,0.251,0.255,0.227,0.459,0.108,-0.004,0.204,0.05,-0.204,0.093,-0.028,0.137,-0.378,-0.054,0.059,0.711,0.011,-0.04,-0.405,0.151,0.555,-0.397,0.37,-0.029,0.148,0.74,0.124,-0.056,-0.031,0.368,0.131,-0.311,0.687,0.217,0.686,0.016,-0.538,0.128,0.2,-0.052,0.198,0.052,0.273,0.071,-0.151,-0.099,0.005,0.198,0.496,0.006,0.218,0.001,-0.202,-0.022,0.273,0.326,0.376,0.014,0.472,-0.122,0.271,0.113,0.171,-0.253,0.393,0.186,0.081,0.229,0.05,-0.254,-0.299,0.464,0.062,0.273,0.103,-0.051,0.084,0.6,-0.429,-0.16,0.082,0.352,0.15,0.316,0.667,0.26,-0.022,-0.312,-0.285,0.404,-0.177,-0.013,-0.054,0.023,0.316,0.089,0.379,0.118,-0.326,0.112,-0.025,0.055,0.277,0.237,0.295,0.242,0.281,0.396,-0.245,0.49,0.007,0.126,0.085,-0.406,0.166,0.089
BUSE,0.861,0.875,0.815,0.801,0.878,-0.755,0.906,0.925,0.578,0.471,0.114,0.806,-0.331,0.905,-0.547,-0.434,-0.896,0.85,0.418,0.335,0.924,0.745,0.545,0.912,0.959,0.165,0.0,0.813,-0.754,0.851,0.381,-0.59,0.921,0.359,0.685,0.948,0.858,-0.694,0.91,0.873,0.459,0.96,-0.771,0.929,0.926,0.707,0.155,0.79,0.525,0.871,0.964,0.965,0.748,-0.453,0.771,0.475,0.911,0.713,0.846,0.068,0.888,0.412,-0.462,0.917,-0.131,0.853,0.555,0.647,0.619,0.467,0.857,0.663,0.641,0.051,0.976,-0.434,-0.122,0.941,0.719,0.61,0.929,-0.814,-0.205,0.982,0.976,-0.475,0.943,-0.284,-0.887,0.639,0.948,-0.436,-0.278,-0.741,0.841,0.83,-0.62,0.903,0.951,0.501,0.375,0.928,-0.523,-0.378,-0.018,0.202,0.548,0.243,0.973,0.628,0.919,0.881,0.899,0.855,0.846,-0.84,0.253,0.848,0.359,0.901,-0.209,0.818,0.619,0.368,-0.834,-0.498,0.656,0.626,0.171,0.88,-0.839,0.949,-0.615,-0.197,-0.575,0.923,-0.295,0.884,0.78,0.861,-0.74,0.841,0.798,0.165,0.906,0.911,0.759,0.542,0.761,0.981,0.829,0.953,-0.738,0.068,0.265,0.197,0.841,0.948,0.687,0.926,0.961,0.434,-0.804,-0.005,0.98,0.777,0.966,0.896,0.457,0.912,0.672,-0.73,0.028,0.519,0.888,0.943,0.743,0.878,-0.269,0.962,0.504,0.944,0.417,0.892,-0.937,-0.514,0.941,-0.165,0.928,0.034,0.839,0.863,0.016,0.296,0.922,0.75,0.908,-0.631,0.939,0.893
CAKE,0.779,0.678,0.696,0.589,0.75,-0.454,0.765,0.657,0.373,0.455,0.285,0.807,-0.329,0.716,-0.491,-0.049,-0.669,0.672,0.137,0.397,0.742,0.523,0.555,0.747,0.75,0.02,0.813,0.0,-0.523,0.864,0.515,-0.229,0.779,0.133,0.737,0.698,0.758,-0.559,0.807,0.798,0.396,0.878,-0.675,0.733,0.781,0.402,0.174,0.758,0.549,0.869,0.77,0.794,0.681,-0.289,0.73,0.476,0.726,0.51,0.668,0.128,0.774,0.504,-0.086,0.798,0.046,0.797,0.611,0.544,0.252,0.219,0.769,0.728,0.768,0.086,0.844,-0.225,-0.235,0.85,0.749,0.651,0.81,-0.739,-0.141,0.829,0.766,-0.4,0.689,-0.319,-0.731,0.645,0.699,-0.292,-0.009,-0.568,0.814,0.897,-0.478,0.672,0.856,0.293,0.577,0.821,-0.172,-0.166,-0.197,0.17,0.22,0.122,0.853,0.366,0.83,0.785,0.724,0.628,0.666,-0.595,0.034,0.822,0.079,0.842,0.025,0.732,0.551,0.591,-0.577,-0.256,0.626,0.642,0.421,0.795,-0.719,0.849,-0.573,0.104,-0.625,0.795,-0.071,0.891,0.58,0.768,-0.618,0.804,0.63,0.416,0.72,0.754,0.728,0.632,0.53,0.822,0.76,0.798,-0.622,0.068,0.368,-0.17,0.535,0.781,0.637,0.869,0.868,0.216,-0.491,0.018,0.806,0.726,0.822,0.603,0.326,0.759,0.672,-0.385,0.293,0.379,0.812,0.803,0.723,0.891,-0.091,0.857,0.65,0.856,0.656,0.812,-0.752,-0.37,0.677,-0.171,0.649,-0.11,0.471,0.706,0.011,0.138,0.824,0.749,0.732,-0.31,0.842,0.658
CASY,-0.55,-0.625,-0.41,-0.713,-0.659,0.64,-0.756,-0.651,-0.143,-0.321,0.226,-0.53,0.223,-0.721,0.403,0.6,0.729,-0.678,-0.463,-0.159,-0.699,-0.512,-0.402,-0.628,-0.67,-0.148,-0.754,-0.523,0.0,-0.558,-0.171,0.622,-0.699,-0.328,-0.414,-0.797,-0.641,0.714,-0.632,-0.626,-0.229,-0.686,0.737,-0.778,-0.652,-0.417,-0.148,-0.584,-0.145,-0.677,-0.711,-0.715,-0.484,0.312,-0.695,-0.329,-0.668,-0.433,-0.634,0.111,-0.626,-0.184,0.502,-0.66,0.106,-0.582,-0.197,-0.562,-0.649,-0.491,-0.633,-0.348,-0.35,-0.012,-0.727,0.559,0.16,-0.707,-0.452,-0.294,-0.767,0.513,0.16,-0.718,-0.776,0.357,-0.747,0.188,0.645,-0.193,-0.738,0.543,0.339,0.631,-0.525,-0.545,0.565,-0.71,-0.659,-0.481,-0.142,-0.682,0.516,0.232,0.044,0.117,-0.57,-0.102,-0.722,-0.573,-0.7,-0.652,-0.582,-0.696,-0.703,0.687,-0.025,-0.66,-0.384,-0.674,0.268,-0.421,-0.482,-0.094,0.646,0.576,-0.622,-0.309,0.12,-0.664,0.568,-0.691,0.464,0.325,0.419,-0.701,0.392,-0.618,-0.621,-0.649,0.587,-0.485,-0.66,0.021,-0.689,-0.732,-0.655,-0.321,-0.74,-0.773,-0.586,-0.741,0.517,-0.02,0.021,-0.32,-0.593,-0.739,-0.456,-0.731,-0.712,-0.495,0.767,0.215,-0.759,-0.698,-0.714,-0.689,-0.109,-0.609,-0.484,0.747,0.153,-0.534,-0.644,-0.727,-0.532,-0.59,0.11,-0.731,-0.33,-0.719,-0.036,-0.574,0.791,0.307,-0.783,0.071,-0.752,0.254,-0.788,-0.719,0.202,-0.307,-0.638,-0.551,-0.805,0.692,-0.697,-0.831
CCOI,0.879,0.665,0.877,0.63,0.809,-0.686,0.777,0.792,0.43,0.596,0.448,0.927,-0.637,0.836,-0.644,-0.073,-0.801,0.617,0.135,0.634,0.802,0.571,0.606,0.918,0.822,-0.152,0.851,0.864,-0.558,0.0,0.629,-0.257,0.828,0.156,0.873,0.69,0.919,-0.45,0.952,0.758,0.568,0.942,-0.658,0.865,0.865,0.675,-0.078,0.709,0.689,0.849,0.893,0.835,0.886,-0.298,0.689,0.49,0.756,0.443,0.609,0.232,0.9,0.706,-0.205,0.944,-0.066,0.95,0.825,0.677,0.326,0.133,0.862,0.668,0.766,0.243,0.923,-0.173,-0.309,0.925,0.848,0.844,0.893,-0.906,-0.477,0.883,0.813,-0.602,0.782,-0.387,-0.908,0.693,0.75,-0.332,-0.007,-0.658,0.953,0.867,-0.384,0.843,0.928,0.134,0.488,0.957,-0.243,-0.387,-0.183,0.369,0.305,0.215,0.9,0.289,0.89,0.939,0.863,0.594,0.685,-0.683,0.028,0.831,-0.053,0.941,0.145,0.703,0.66,0.608,-0.817,-0.332,0.651,0.767,0.453,0.946,-0.875,0.892,-0.75,0.066,-0.802,0.914,0.004,0.948,0.576,0.708,-0.85,0.932,0.544,0.441,0.734,0.866,0.769,0.744,0.53,0.852,0.88,0.842,-0.701,0.273,0.533,-0.202,0.699,0.838,0.756,0.946,0.928,0.207,-0.495,-0.018,0.887,0.682,0.9,0.676,0.215,0.759,0.808,-0.438,0.304,0.413,0.949,0.935,0.864,0.918,-0.229,0.923,0.51,0.922,0.665,0.91,-0.872,-0.629,0.743,-0.087,0.707,-0.185,0.545,0.71,0.004,-0.111,0.95,0.78,0.752,-0.278,0.88,0.689
CEVA,0.536,0.241,0.542,0.087,0.641,-0.275,0.259,0.352,-0.01,0.579,0.751,0.792,-0.697,0.235,-0.509,0.163,-0.241,-0.04,-0.165,0.752,0.186,0.29,0.316,0.498,0.328,-0.118,0.381,0.515,-0.171,0.629,0.0,0.287,0.503,-0.109,0.843,0.228,0.582,0.187,0.604,0.253,0.641,0.572,-0.102,0.449,0.362,0.47,0.048,0.589,0.741,0.384,0.423,0.32,0.766,0.296,0.576,0.733,0.325,-0.035,0.17,0.614,0.636,0.891,0.231,0.599,0.444,0.553,0.761,0.687,-0.011,-0.372,0.408,0.735,0.793,0.401,0.487,0.389,-0.696,0.554,0.833,0.758,0.421,-0.544,-0.518,0.448,0.339,-0.309,0.349,0.036,-0.453,0.279,0.161,-0.231,0.527,-0.049,0.688,0.561,-0.364,0.3,0.469,-0.041,0.637,0.604,-0.093,-0.133,0.175,0.0,0.031,0.129,0.445,-0.01,0.614,0.704,0.332,0.02,0.088,-0.169,0.15,0.592,-0.257,0.663,0.574,0.261,0.681,0.773,-0.359,0.097,0.617,0.787,0.73,0.65,-0.599,0.59,-0.296,0.667,-0.627,0.619,0.621,0.676,-0.02,0.297,-0.483,0.686,0.341,0.821,0.475,0.537,0.505,0.797,0.163,0.398,0.763,0.446,-0.157,0.749,0.63,-0.334,0.171,0.511,0.813,0.5,0.573,0.004,0.071,-0.304,0.404,0.612,0.503,0.309,0.094,0.253,0.82,0.012,0.601,0.426,0.567,0.566,0.84,0.634,0.256,0.518,0.685,0.593,0.387,0.699,-0.424,-0.747,0.257,0.322,0.172,-0.537,0.019,0.379,-0.373,-0.405,0.623,0.692,0.129,0.244,0.593,0.169
