,AAPL,ACRS,ADP,AFYA,AGNC,AGYS,ALT,AMGN,AMPH,AMZN,ANIP,AOSL,APDN,APLT,APVO,ARGX,ARLP,ATEX,ATRA,AUTL,AVDL,BCRX,BHAT,BLBD,BMRN,BNGO,BUSE,CAKE,CASY,CCOI,CEVA,CHY,CLDX,CLMT,COHU,COLM,COST,CPRT,CSWC,CSX,DBX,DCOM,DKNG,DMLP,DOX,EA,EDIT,ENPH,ENSG,ERNA,ESGR,ETNB,EXTR,FANG,FARO,FATE,FGEN,FIVE,FIVN,FLGT,FOLD,FORM,FOXA,FRPT,FSLR,FTAI,GBDC,GDYN,GGAL,GNLN,GRFS,GT,HCAT,HCM,HFWA,HOLX,HQY,HUBG,IAC,ICLR,IDCC,IEP,IHRT,ILMN,ILPT,IMAB,IMOS,INMD,INTZ,JAZZ,JKHY,JRVR,KIDS,LBRDK,LGND,LMAT,LPLA,LULU,MASI,MAT,MATW,MBIN,MBIO,MCRB,MDB,MDLZ,MELI,MIRM,MLKN,MNMD,MNRO,MPWR,MRCY,MRSN,MTVA,NAAS,NDAQ,NDSN,NEGG,NOVT,NVDA,NWE,NWSA,NXST,OCX,ODFL,OMAB,OPCH,OPRA,ORGO,OTRK,OZK,PAGP,PCH,PEGA,PENG,PENN,PFBC,PGNY,PHAT,PHUN,PINC,PLUG,PLXS,PYPL,QLYS,QNCX,QQQX,QVCGA,RAPT,RBBN,RCKT,REPL,RMBS,ROAD,ROKU,ROP,RUSHA,SANM,SATS,SBCF,SBLK,SBUX,SCHL,SCSC,SDGR,SEIC,SFIX,SGRY,SKYW,SLP,SNES,STAA,STLD,STOK,SWKS,TER,TFIN,TIGO,TILE,TPIC,TTEC,TTEK,TTGT,UXIN,VERU,VLYPP,VNOM,VRNS,VRSN,WDAY,WERN,WINA,WKHS,WRLD,XP,XTKG,YY,ZION,ZM
AAPL,0.0,0.625,0.008,-0.17,0.811,0.445,0.005,0.049,0.789,0.829,0.538,0.833,0.204,0.745,0.304,0.737,0.446,0.6,0.647,0.606,-0.221,-0.746,0.689,0.645,0.65,0.874,-0.259,0.684,0.427,0.8,0.887,0.886,0.803,0.183,0.747,0.155,0.725,0.643,0.719,0.617,0.711,0.686,0.86,0.883,-0.349,0.396,-0.572,-0.257,-0.125,0.813,0.311,-0.27,0.525,0.862,0.295,-0.526,0.56,0.605,0.715,0.834,0.706,0.744,0.615,0.788,0.81,0.705,0.63,0.697,0.759,0.789,0.43,0.655,0.863,0.378,-0.583,0.533,-0.543,0.782,0.652,0.824,0.586,0.363,0.844,0.352,0.483,0.606,0.767,-0.419,-0.304,-0.324,0.657,0.348,0.528,0.646,0.794,0.608,0.59,-0.224,0.82,0.458,0.435,0.919,0.683,-0.207,0.587,-0.543,0.895,0.664,0.548,0.856,0.422,0.803,0.609,0.699,0.187,0.639,0.48,0.115,0.742,0.924,0.942,-0.767,0.471,0.6,0.667,0.808,0.755,-0.428,0.776,-0.051,0.762,0.797,0.84,0.626,0.745,0.755,0.828,-0.579,0.821,-0.214,0.635,-0.798,0.807,0.799,0.413,-0.151,0.54,0.731,0.688,0.696,0.782,0.572,0.563,0.892,0.099,0.848,0.32,-0.463,0.897,0.796,0.428,0.933,0.4,0.757,0.785,0.851,0.651,0.744,0.852,0.645,0.768,0.555,0.705,0.812,0.315,0.769,0.79,0.268,0.741,0.632,0.699,0.889,0.715,0.718,0.092,0.729,0.635,0.72,0.789,0.849,0.375,0.79,0.811,0.859,0.757,0.903,0.645,0.361,0.408,0.495
ACRS,0.625,0.0,0.138,-0.469,0.79,0.432,0.305,0.503,0.37,0.84,0.859,0.762,0.571,0.657,0.4,0.785,-0.132,0.798,0.782,0.532,-0.062,-0.769,0.498,0.815,0.809,0.79,-0.18,0.793,-0.148,0.809,0.778,0.794,0.807,0.623,0.888,0.624,0.84,0.681,0.834,0.866,0.591,0.707,0.839,0.646,-0.133,0.534,-0.497,-0.549,0.237,0.841,0.567,-0.522,0.741,0.832,0.742,-0.797,0.831,0.828,0.763,0.625,0.555,0.812,0.776,0.81,0.867,0.822,0.839,0.543,0.854,0.841,0.728,0.828,0.734,0.551,-0.534,0.727,-0.572,0.459,0.737,0.814,0.592,0.628,0.812,0.315,0.731,0.771,0.728,-0.415,-0.039,-0.524,0.762,0.049,0.628,0.79,0.829,0.17,0.889,-0.15,0.648,0.795,0.737,0.731,0.763,0.018,0.227,-0.102,0.791,0.828,0.799,0.73,0.845,0.846,0.746,0.344,-0.302,0.56,0.796,0.491,0.774,0.762,0.715,-0.295,0.725,0.753,0.8,0.861,0.771,-0.479,0.746,0.329,0.565,0.64,0.784,0.144,0.432,0.699,0.672,-0.473,0.668,-0.53,0.792,-0.701,0.87,0.844,0.704,-0.551,0.695,0.826,0.744,0.781,0.723,0.801,0.434,0.716,0.448,0.791,0.717,0.018,0.746,0.636,0.696,0.68,0.716,0.766,0.854,0.809,0.798,0.867,0.814,0.84,0.583,0.857,0.842,0.811,0.545,0.8,0.839,0.395,0.827,0.873,0.868,0.73,0.218,0.721,0.611,0.823,0.232,0.65,0.654,0.846,-0.046,0.74,0.778,0.746,0.824,0.728,0.699,0.51,0.57,0.724
ADP,0.008,0.138,0.0,0.041,-0.046,0.361,0.415,0.511,-0.07,0.065,0.194,-0.01,-0.055,-0.112,-0.196,0.224,0.041,0.005,0.009,0.104,0.423,-0.118,0.089,-0.082,0.102,0.004,0.688,0.034,-0.161,-0.124,-0.135,-0.037,0.041,-0.134,0.071,0.202,0.239,0.016,0.012,0.283,0.128,0.195,-0.043,-0.044,-0.26,0.094,0.245,0.165,0.676,-0.03,-0.1,-0.416,0.249,0.035,0.083,-0.049,0.098,0.248,-0.022,-0.21,-0.297,0.009,0.243,-0.112,0.225,-0.036,0.146,-0.346,-0.061,-0.082,-0.097,0.104,-0.216,-0.076,0.42,0.139,-0.056,0.267,-0.154,-0.068,-0.201,-0.046,0.042,-0.211,-0.06,-0.163,-0.105,-0.19,0.123,-0.15,0.424,-0.102,-0.176,-0.086,-0.084,-0.032,-0.021,-0.217,-0.285,0.065,-0.032,0.011,-0.199,0.196,-0.061,0.611,-0.125,-0.143,0.044,-0.147,0.381,0.088,-0.051,0.225,0.153,-0.224,0.38,0.66,-0.077,-0.076,-0.095,0.465,0.158,0.059,-0.033,0.039,-0.077,0.306,-0.183,0.433,-0.454,0.183,-0.035,0.087,-0.487,0.128,0.007,0.39,-0.038,-0.059,0.012,-0.004,0.059,0.039,-0.002,0.024,-0.117,0.063,0.016,-0.148,-0.168,0.092,-0.031,-0.23,0.737,-0.08,0.381,0.544,0.113,-0.059,0.601,-0.086,0.01,-0.126,-0.068,-0.083,0.069,-0.02,-0.133,-0.012,0.172,0.187,-0.032,0.216,-0.033,-0.05,0.076,0.449,-0.071,0.226,0.032,-0.056,0.038,-0.096,0.248,-0.162,-0.298,0.355,-0.165,0.04,-0.227,-0.15,-0.016,-0.124,-0.065,0.036,0.022,-0.117,0.313,0.351
AFYA,-0.17,-0.469,0.041,0.0,-0.435,-0.046,0.19,-0.608,-0.152,-0.368,-0.496,-0.272,-0.499,-0.435,0.091,-0.34,0.137,-0.379,-0.485,-0.206,0.078,0.3,-0.428,-0.532,-0.632,-0.354,0.17,-0.446,0.185,-0.442,-0.331,-0.412,-0.22,-0.336,-0.469,-0.553,-0.512,-0.266,-0.503,-0.546,-0.121,-0.28,-0.4,-0.187,0.084,-0.358,0.092,0.321,-0.388,-0.421,-0.513,0.486,-0.473,-0.392,-0.601,0.553,-0.58,-0.376,-0.191,-0.209,-0.193,-0.427,-0.534,-0.348,-0.455,-0.552,-0.407,-0.043,-0.454,-0.521,-0.436,-0.517,-0.263,-0.32,0.376,-0.494,0.166,0.059,-0.478,-0.352,-0.343,-0.611,-0.538,-0.058,-0.548,-0.542,-0.234,0.016,-0.148,0.114,-0.336,-0.279,-0.456,-0.5,-0.304,0.216,-0.581,-0.01,-0.325,-0.552,-0.64,-0.23,-0.55,0.102,0.359,-0.148,-0.357,-0.485,-0.457,-0.423,-0.53,-0.39,-0.531,0.262,0.116,-0.426,-0.306,-0.108,-0.395,-0.277,-0.279,0.1,-0.494,-0.531,-0.491,-0.431,-0.5,0.451,-0.381,-0.232,-0.223,-0.103,-0.338,0.212,-0.091,-0.211,-0.363,0.313,-0.062,0.642,-0.563,0.362,-0.451,-0.479,-0.477,0.814,-0.499,-0.435,-0.402,-0.487,-0.24,-0.473,0.126,-0.297,-0.222,-0.394,-0.477,-0.024,-0.208,-0.183,-0.276,-0.232,-0.606,-0.422,-0.43,-0.325,-0.493,-0.484,-0.316,-0.526,-0.005,-0.401,-0.529,-0.511,-0.235,-0.404,-0.394,-0.14,-0.523,-0.478,-0.531,-0.249,0.276,-0.29,-0.518,-0.457,-0.127,-0.13,-0.052,-0.286,0.507,-0.463,-0.414,-0.389,-0.407,-0.197,-0.507,-0.585,-0.293,-0.221
AGNC,0.811,0.79,-0.046,-0.435,0.0,0.323,-0.02,0.313,0.6,0.955,0.755,0.919,0.607,0.924,0.559,0.794,-0.048,0.909,0.894,0.527,-0.102,-0.756,0.702,0.944,0.897,0.908,-0.456,0.944,-0.052,0.987,0.966,0.963,0.83,0.588,0.953,0.587,0.878,0.827,0.968,0.825,0.757,0.783,0.953,0.818,-0.056,0.747,-0.661,-0.691,0.013,0.953,0.723,-0.375,0.741,0.919,0.537,-0.813,0.867,0.827,0.867,0.805,0.713,0.95,0.873,0.939,0.87,0.955,0.869,0.686,0.961,0.928,0.826,0.927,0.919,0.749,-0.813,0.856,-0.79,0.518,0.936,0.966,0.885,0.776,0.925,0.431,0.854,0.891,0.907,-0.438,-0.022,-0.502,0.72,0.176,0.864,0.947,0.876,0.487,0.845,-0.149,0.927,0.833,0.833,0.907,0.928,-0.249,0.221,-0.446,0.932,0.883,0.84,0.939,0.704,0.945,0.909,0.48,-0.188,0.828,0.661,0.191,0.814,0.923,0.904,-0.65,0.826,0.902,0.914,0.965,0.962,-0.781,0.902,0.229,0.806,0.837,0.938,0.484,0.751,0.849,0.897,-0.793,0.737,-0.667,0.926,-0.779,0.954,0.966,0.808,-0.532,0.849,0.951,0.924,0.941,0.939,0.72,0.308,0.936,0.181,0.973,0.682,-0.282,0.783,0.822,0.586,0.802,0.803,0.951,0.976,0.905,0.92,0.962,0.947,0.936,0.685,0.811,0.956,0.862,0.588,0.963,0.95,0.473,0.96,0.895,0.946,0.947,0.32,0.916,0.533,0.933,0.499,0.537,0.832,0.936,0.212,0.969,0.983,0.94,0.952,0.84,0.779,0.734,0.684,0.638
AGYS,0.445,0.432,0.361,-0.046,0.323,0.0,0.642,-0.017,0.355,0.483,0.258,0.418,0.052,0.139,-0.029,0.602,0.296,0.313,0.298,0.561,0.027,-0.359,0.192,0.197,0.273,0.466,0.314,0.17,0.223,0.328,0.35,0.38,0.413,0.022,0.295,0.074,0.278,0.249,0.267,0.273,0.532,0.514,0.453,0.421,-0.195,0.166,0.017,0.143,0.439,0.354,-0.056,-0.217,0.259,0.376,0.298,-0.067,0.124,0.278,0.324,0.474,0.509,0.234,0.303,0.401,0.499,0.211,0.517,0.384,0.33,0.397,0.169,0.256,0.386,0.006,0.118,0.093,-0.026,0.528,0.191,0.369,0.075,0.032,0.452,0.088,0.093,0.27,0.155,-0.617,-0.16,0.084,0.551,0.086,0.068,0.227,0.523,0.256,0.326,0.195,0.161,0.145,0.046,0.481,0.195,0.174,0.608,-0.065,0.469,0.363,0.346,0.373,0.326,0.313,0.211,0.53,0.064,0.25,0.376,0.383,0.52,0.444,0.383,-0.017,0.211,0.142,0.426,0.305,0.237,0.065,0.425,0.035,0.18,0.44,0.442,0.334,0.171,0.294,0.475,0.155,0.615,0.103,0.259,-0.526,0.411,0.318,0.15,0.148,0.251,0.345,0.231,0.297,0.293,0.561,0.704,0.285,0.342,0.321,0.259,-0.108,0.552,0.627,0.448,0.378,0.104,0.356,0.387,0.529,0.186,0.35,0.407,0.267,0.694,0.345,0.266,0.483,0.464,0.301,0.309,0.268,0.359,0.385,0.304,0.431,0.584,0.299,0.047,0.378,0.349,0.597,0.331,0.483,0.221,0.192,0.31,0.407,0.354,0.444,0.527,-0.039,0.11,0.101
ALT,0.005,0.305,0.415,0.19,-0.02,0.642,0.0,-0.028,-0.2,0.171,0.105,0.071,0.037,-0.234,0.028,0.394,-0.058,0.127,0.047,0.36,0.334,-0.132,-0.18,-0.046,0.021,0.131,0.413,-0.081,-0.089,-0.013,-0.0,-0.012,0.308,0.068,0.047,0.014,-0.035,-0.037,-0.019,0.051,0.269,0.17,0.118,-0.001,-0.126,0.013,0.271,0.207,0.45,0.082,-0.241,-0.077,0.022,0.009,0.277,0.14,-0.067,0.077,0.108,0.081,0.235,-0.058,0.019,0.145,0.219,-0.074,0.314,0.093,0.01,0.026,0.065,0.029,0.039,-0.141,0.363,-0.133,0.065,0.277,-0.1,0.075,-0.215,-0.159,0.061,-0.037,-0.068,-0.013,-0.099,-0.502,0.023,0.109,0.257,-0.094,-0.149,-0.058,0.276,0.054,0.034,0.174,-0.213,-0.017,-0.15,0.072,-0.15,0.499,0.418,0.14,0.071,0.145,0.144,-0.04,0.302,0.03,-0.04,0.348,-0.026,-0.108,0.285,0.455,0.128,0.056,-0.022,0.347,-0.017,-0.164,0.118,-0.013,-0.176,0.321,0.123,0.339,-0.096,0.1,0.045,-0.013,-0.166,0.078,0.091,0.354,0.357,0.24,-0.045,-0.202,0.125,-0.039,0.013,0.226,0.033,0.104,-0.052,0.017,-0.01,0.401,0.58,-0.085,0.52,-0.022,0.156,0.234,0.177,0.247,0.313,-0.002,-0.109,-0.04,0.089,0.237,-0.085,0.042,0.074,0.041,0.434,0.194,-0.014,0.128,0.463,-0.006,0.015,0.065,0.003,0.187,0.062,0.053,0.245,-0.001,0.101,0.106,-0.067,0.338,0.128,0.171,0.066,-0.179,-0.017,0.032,0.067,0.154,0.246,-0.325,-0.06,0.069
AMGN,0.049,0.503,0.511,-0.608,0.313,-0.017,-0.028,0.0,-0.018,0.289,0.606,0.198,0.471,0.315,0.013,0.336,-0.278,0.362,0.418,0.077,0.325,-0.241,0.418,0.439,0.591,0.246,0.211,0.479,-0.455,0.264,0.169,0.288,0.194,0.361,0.469,0.723,0.632,0.278,0.457,0.701,0.106,0.287,0.247,0.089,-0.066,0.407,-0.001,-0.35,0.523,0.331,0.522,-0.665,0.632,0.333,0.519,-0.606,0.653,0.546,0.209,-0.053,-0.249,0.406,0.629,0.198,0.461,0.486,0.381,-0.277,0.347,0.332,0.385,0.559,0.041,0.337,-0.13,0.62,-0.325,-0.054,0.331,0.236,0.238,0.584,0.385,-0.036,0.512,0.334,0.268,0.139,0.365,-0.45,0.461,0.09,0.355,0.402,0.117,-0.176,0.514,-0.173,0.116,0.608,0.616,0.145,0.352,0.041,-0.51,0.621,0.113,0.259,0.433,0.206,0.72,0.408,0.438,-0.222,-0.127,0.162,0.576,0.555,0.194,0.099,0.119,0.245,0.605,0.575,0.326,0.405,0.368,-0.254,0.064,0.569,-0.136,0.19,0.211,-0.233,-0.256,0.316,0.223,-0.137,-0.132,-0.643,0.495,-0.035,0.386,0.447,0.493,-0.712,0.358,0.407,0.418,0.282,0.119,0.323,-0.32,0.056,0.559,0.279,0.716,0.554,0.18,-0.052,0.645,0.068,0.599,0.27,0.3,0.117,0.518,0.4,0.158,0.467,-0.039,0.58,0.455,0.464,0.05,0.319,0.411,0.484,0.345,0.574,0.49,0.138,-0.402,0.204,0.707,0.24,-0.337,0.192,-0.001,0.232,-0.603,0.313,0.33,0.178,0.304,0.091,0.251,0.5,0.596,0.603
AMPH,0.789,0.37,-0.07,-0.152,0.6,0.355,-0.2,-0.018,0.0,0.555,0.458,0.667,0.059,0.563,0.123,0.444,0.523,0.419,0.48,0.496,-0.36,-0.383,0.6,0.426,0.445,0.586,-0.143,0.448,0.467,0.594,0.655,0.661,0.43,0.046,0.514,0.036,0.55,0.528,0.494,0.379,0.49,0.586,0.618,0.704,-0.148,0.245,-0.395,-0.148,-0.122,0.514,0.305,-0.054,0.346,0.636,0.074,-0.416,0.362,0.323,0.486,0.664,0.592,0.561,0.459,0.513,0.528,0.478,0.33,0.594,0.55,0.612,0.274,0.397,0.692,0.272,-0.463,0.344,-0.214,0.52,0.486,0.565,0.492,0.257,0.624,0.338,0.29,0.46,0.556,-0.167,-0.324,-0.05,0.449,0.303,0.386,0.465,0.599,0.514,0.446,-0.034,0.662,0.296,0.302,0.75,0.56,-0.186,0.42,-0.479,0.698,0.477,0.368,0.678,0.158,0.547,0.487,0.551,0.174,0.556,0.212,-0.125,0.604,0.715,0.747,-0.644,0.299,0.437,0.504,0.577,0.605,-0.283,0.566,-0.368,0.574,0.598,0.654,0.594,0.665,0.532,0.63,-0.405,0.537,-0.106,0.45,-0.572,0.535,0.595,0.239,-0.055,0.384,0.47,0.501,0.528,0.599,0.393,0.416,0.692,-0.166,0.625,0.117,-0.466,0.64,0.658,0.233,0.717,0.298,0.633,0.567,0.596,0.476,0.527,0.619,0.423,0.522,0.28,0.474,0.569,0.143,0.564,0.568,0.227,0.567,0.407,0.437,0.676,0.6,0.555,-0.022,0.535,0.626,0.47,0.517,0.566,0.404,0.621,0.597,0.644,0.526,0.638,0.458,0.365,0.285,0.268
AMZN,0.829,0.84,0.065,-0.368,0.955,0.483,0.171,0.289,0.555,0.0,0.734,0.937,0.583,0.853,0.51,0.884,-0.023,0.898,0.879,0.639,-0.043,-0.816,0.654,0.906,0.869,0.955,-0.34,0.889,-0.021,0.957,0.951,0.948,0.876,0.554,0.93,0.555,0.855,0.811,0.933,0.826,0.839,0.821,0.977,0.783,-0.125,0.691,-0.599,-0.57,0.094,0.96,0.603,-0.427,0.739,0.89,0.609,-0.725,0.808,0.819,0.897,0.858,0.742,0.898,0.841,0.958,0.921,0.913,0.921,0.706,0.942,0.938,0.789,0.905,0.92,0.675,-0.676,0.789,-0.733,0.588,0.876,0.964,0.787,0.704,0.932,0.439,0.801,0.859,0.851,-0.542,-0.045,-0.501,0.799,0.165,0.785,0.893,0.907,0.487,0.839,-0.11,0.856,0.782,0.755,0.916,0.859,-0.136,0.389,-0.391,0.94,0.888,0.823,0.928,0.749,0.943,0.84,0.536,-0.135,0.798,0.757,0.35,0.862,0.938,0.911,-0.562,0.782,0.821,0.893,0.947,0.897,-0.674,0.902,0.269,0.764,0.835,0.905,0.449,0.698,0.88,0.908,-0.675,0.839,-0.557,0.888,-0.82,0.978,0.94,0.781,-0.423,0.838,0.962,0.879,0.906,0.893,0.818,0.453,0.894,0.278,0.956,0.692,-0.281,0.849,0.854,0.672,0.799,0.744,0.917,0.967,0.95,0.879,0.948,0.95,0.909,0.805,0.847,0.931,0.887,0.645,0.937,0.935,0.469,0.943,0.903,0.94,0.946,0.431,0.894,0.495,0.925,0.509,0.604,0.876,0.966,0.253,0.899,0.946,0.951,0.956,0.851,0.833,0.625,0.622,0.66
ANIP,0.538,0.859,0.194,-0.496,0.755,0.258,0.105,0.606,0.458,0.734,0.0,0.726,0.664,0.692,0.485,0.638,-0.196,0.805,0.825,0.478,0.003,-0.529,0.585,0.8,0.797,0.645,-0.21,0.795,-0.294,0.757,0.688,0.711,0.603,0.707,0.872,0.739,0.866,0.75,0.807,0.83,0.515,0.667,0.723,0.586,0.088,0.686,-0.384,-0.675,0.309,0.706,0.743,-0.373,0.699,0.753,0.575,-0.869,0.881,0.752,0.724,0.494,0.439,0.832,0.823,0.665,0.727,0.806,0.69,0.439,0.796,0.779,0.768,0.816,0.657,0.677,-0.608,0.777,-0.58,0.267,0.775,0.7,0.687,0.736,0.695,0.421,0.776,0.79,0.756,-0.186,0.158,-0.461,0.615,-0.041,0.731,0.799,0.67,0.293,0.824,-0.144,0.648,0.869,0.812,0.679,0.786,0.107,-0.05,-0.036,0.671,0.781,0.723,0.667,0.76,0.808,0.821,0.283,-0.303,0.596,0.682,0.358,0.676,0.625,0.644,-0.264,0.777,0.824,0.757,0.815,0.759,-0.568,0.651,0.339,0.435,0.632,0.717,0.234,0.434,0.658,0.62,-0.51,0.411,-0.62,0.789,-0.518,0.776,0.811,0.762,-0.606,0.72,0.775,0.808,0.77,0.731,0.698,0.167,0.642,0.306,0.746,0.754,0.142,0.583,0.538,0.622,0.511,0.798,0.754,0.774,0.64,0.86,0.827,0.717,0.846,0.364,0.778,0.8,0.666,0.496,0.799,0.837,0.571,0.78,0.859,0.83,0.664,0.001,0.741,0.741,0.749,0.132,0.449,0.563,0.734,-0.013,0.741,0.76,0.648,0.766,0.589,0.616,0.687,0.732,0.797
AOSL,0.833,0.762,-0.01,-0.272,0.919,0.418,0.071,0.198,0.667,0.937,0.726,0.0,0.563,0.86,0.526,0.789,0.008,0.872,0.874,0.644,-0.091,-0.703,0.676,0.87,0.795,0.904,-0.368,0.851,-0.004,0.922,0.934,0.919,0.799,0.567,0.897,0.55,0.829,0.89,0.899,0.773,0.873,0.833,0.939,0.763,0.029,0.692,-0.58,-0.57,-0.018,0.879,0.613,-0.297,0.751,0.842,0.509,-0.694,0.757,0.74,0.932,0.891,0.732,0.905,0.806,0.897,0.834,0.872,0.814,0.803,0.901,0.91,0.788,0.856,0.927,0.724,-0.684,0.754,-0.671,0.518,0.872,0.905,0.828,0.691,0.875,0.577,0.773,0.841,0.884,-0.395,0.009,-0.465,0.753,0.108,0.794,0.865,0.855,0.519,0.816,-0.041,0.878,0.743,0.728,0.924,0.854,-0.073,0.415,-0.432,0.906,0.852,0.791,0.911,0.613,0.931,0.833,0.539,-0.127,0.831,0.724,0.296,0.829,0.919,0.927,-0.577,0.756,0.794,0.823,0.917,0.868,-0.677,0.876,0.171,0.748,0.826,0.878,0.507,0.785,0.893,0.888,-0.671,0.787,-0.503,0.827,-0.745,0.93,0.913,0.777,-0.298,0.827,0.919,0.888,0.875,0.915,0.772,0.411,0.895,0.123,0.934,0.639,-0.303,0.812,0.816,0.618,0.755,0.734,0.915,0.927,0.888,0.883,0.91,0.933,0.869,0.73,0.772,0.885,0.774,0.59,0.943,0.928,0.513,0.924,0.848,0.879,0.943,0.453,0.929,0.447,0.885,0.51,0.495,0.88,0.937,0.409,0.898,0.893,0.929,0.936,0.788,0.775,0.655,0.632,0.687
APDN,0.204,0.571,-0.055,-0.499,0.607,0.052,0.037,0.471,0.059,0.583,0.664,0.563,0.0,0.613,0.59,0.486,-0.615,0.769,0.779,0.341,0.202,-0.28,0.392,0.789,0.692,0.494,-0.46,0.688,-0.633,0.629,0.509,0.503,0.373,0.868,0.675,0.845,0.582,0.663,0.694,0.607,0.52,0.427,0.56,0.259,0.405,0.803,-0.225,-0.739,0.229,0.564,0.778,-0.199,0.626,0.434,0.607,-0.644,0.752,0.557,0.649,0.4,0.341,0.673,0.674,0.587,0.474,0.712,0.634,0.354,0.655,0.632,0.855,0.755,0.499,0.791,-0.587,0.705,-0.554,-0.189,0.771,0.554,0.727,0.884,0.512,0.504,0.838,0.791,0.596,-0.102,0.615,-0.365,0.347,-0.11,0.827,0.761,0.431,0.203,0.695,0.178,0.545,0.836,0.841,0.402,0.72,0.165,-0.228,-0.027,0.435,0.712,0.658,0.535,0.593,0.635,0.8,-0.079,-0.401,0.696,0.547,0.248,0.496,0.378,0.415,-0.117,0.764,0.718,0.631,0.59,0.57,-0.752,0.554,0.543,0.346,0.39,0.482,-0.011,0.393,0.504,0.545,-0.545,0.248,-0.74,0.76,-0.282,0.632,0.607,0.888,-0.581,0.847,0.722,0.746,0.724,0.61,0.644,-0.124,0.427,0.095,0.604,0.754,0.11,0.233,0.35,0.426,0.122,0.849,0.631,0.636,0.468,0.749,0.703,0.542,0.803,0.183,0.692,0.719,0.383,0.628,0.704,0.657,0.493,0.682,0.727,0.753,0.489,-0.307,0.686,0.798,0.667,-0.004,-0.048,0.518,0.551,0.033,0.596,0.587,0.545,0.697,0.249,0.578,0.801,0.632,0.608
APLT,0.745,0.657,-0.112,-0.435,0.924,0.139,-0.234,0.315,0.563,0.853,0.692,0.86,0.613,0.0,0.559,0.67,-0.092,0.83,0.866,0.403,-0.068,-0.657,0.732,0.903,0.867,0.829,-0.55,0.928,-0.098,0.911,0.903,0.896,0.726,0.575,0.894,0.597,0.828,0.808,0.916,0.756,0.695,0.668,0.87,0.702,-0.024,0.766,-0.629,-0.712,-0.098,0.878,0.741,-0.336,0.716,0.832,0.44,-0.769,0.85,0.768,0.816,0.748,0.578,0.921,0.841,0.845,0.763,0.926,0.747,0.614,0.885,0.863,0.783,0.884,0.839,0.803,-0.847,0.874,-0.802,0.377,0.916,0.883,0.901,0.798,0.84,0.47,0.853,0.854,0.89,-0.265,0.061,-0.532,0.579,0.169,0.886,0.902,0.729,0.473,0.778,-0.218,0.919,0.805,0.835,0.801,0.907,-0.293,0.098,-0.43,0.826,0.808,0.735,0.878,0.576,0.905,0.862,0.352,-0.138,0.808,0.585,0.112,0.744,0.828,0.859,-0.674,0.809,0.884,0.802,0.902,0.93,-0.846,0.81,0.232,0.745,0.75,0.826,0.428,0.747,0.827,0.838,-0.852,0.598,-0.71,0.885,-0.644,0.885,0.915,0.794,-0.547,0.813,0.892,0.913,0.884,0.885,0.606,0.106,0.872,0.054,0.932,0.635,-0.311,0.672,0.654,0.477,0.696,0.801,0.877,0.872,0.782,0.898,0.899,0.866,0.891,0.521,0.739,0.917,0.75,0.47,0.925,0.912,0.474,0.886,0.805,0.895,0.874,0.181,0.879,0.528,0.838,0.457,0.367,0.781,0.827,0.2,0.945,0.908,0.876,0.888,0.743,0.699,0.796,0.684,0.643
APVO,0.304,0.4,-0.196,0.091,0.559,-0.029,0.028,0.013,0.123,0.51,0.485,0.526,0.59,0.559,0.0,0.361,-0.471,0.725,0.627,0.226,0.083,-0.302,0.219,0.602,0.434,0.421,-0.546,0.603,-0.44,0.576,0.538,0.447,0.444,0.754,0.585,0.479,0.39,0.614,0.556,0.341,0.414,0.404,0.492,0.382,0.387,0.702,-0.434,-0.769,-0.149,0.497,0.627,0.215,0.33,0.445,0.151,-0.491,0.547,0.471,0.674,0.388,0.423,0.619,0.464,0.561,0.286,0.561,0.497,0.497,0.596,0.464,0.707,0.56,0.579,0.717,-0.64,0.566,-0.677,0.017,0.681,0.571,0.717,0.56,0.302,0.495,0.621,0.627,0.663,-0.226,0.228,-0.409,0.15,-0.284,0.716,0.649,0.466,0.575,0.412,-0.075,0.591,0.631,0.556,0.482,0.591,0.087,-0.003,-0.389,0.454,0.594,0.485,0.473,0.314,0.569,0.61,0.274,-0.393,0.515,0.329,-0.017,0.394,0.441,0.442,-0.355,0.561,0.569,0.515,0.519,0.519,-0.651,0.54,0.333,0.47,0.561,0.511,0.316,0.589,0.49,0.458,-0.65,0.348,-0.489,0.542,-0.256,0.5,0.483,0.678,-0.207,0.6,0.569,0.66,0.64,0.706,0.401,0.075,0.522,-0.112,0.573,0.477,-0.113,0.267,0.418,0.253,0.23,0.576,0.598,0.567,0.467,0.606,0.587,0.586,0.64,0.278,0.511,0.568,0.201,0.602,0.64,0.597,0.477,0.529,0.536,0.574,0.559,-0.083,0.695,0.542,0.578,0.074,0.069,0.642,0.553,0.442,0.532,0.559,0.468,0.624,0.39,0.34,0.535,0.621,0.54
ARGX,0.737,0.785,0.224,-0.34,0.794,0.602,0.394,0.336,0.444,0.884,0.638,0.789,0.486,0.67,0.361,0.0,0.035,0.762,0.795,0.76,0.157,-0.698,0.624,0.745,0.827,0.909,-0.112,0.735,-0.027,0.784,0.814,0.833,0.849,0.418,0.792,0.458,0.729,0.606,0.784,0.71,0.768,0.713,0.883,0.641,-0.28,0.615,-0.291,-0.336,0.255,0.863,0.409,-0.413,0.633,0.759,0.566,-0.56,0.7,0.7,0.742,0.75,0.678,0.744,0.75,0.859,0.909,0.772,0.841,0.556,0.794,0.815,0.628,0.791,0.773,0.483,-0.431,0.633,-0.609,0.558,0.702,0.843,0.584,0.564,0.867,0.266,0.642,0.714,0.645,-0.58,0.016,-0.342,0.744,0.256,0.616,0.73,0.817,0.486,0.718,0.038,0.653,0.647,0.589,0.793,0.696,0.107,0.424,-0.253,0.818,0.747,0.673,0.823,0.719,0.813,0.718,0.599,0.088,0.667,0.676,0.4,0.777,0.804,0.8,-0.423,0.644,0.648,0.758,0.768,0.697,-0.494,0.789,0.422,0.564,0.74,0.742,0.304,0.477,0.768,0.885,-0.481,0.775,-0.42,0.764,-0.786,0.884,0.796,0.638,-0.352,0.724,0.856,0.728,0.772,0.709,0.832,0.558,0.714,0.439,0.83,0.615,-0.247,0.786,0.763,0.666,0.694,0.586,0.762,0.826,0.893,0.698,0.814,0.816,0.779,0.825,0.788,0.808,0.857,0.673,0.785,0.8,0.414,0.769,0.828,0.827,0.829,0.428,0.722,0.474,0.825,0.447,0.619,0.742,0.832,0.146,0.697,0.806,0.845,0.826,0.799,0.821,0.458,0.515,0.586
ARLP,0.446,-0.132,0.041,0.137,-0.048,0.296,-0.058,-0.278,0.523,-0.023,-0.196,0.008,-0.615,-0.092,-0.471,0.035,0.0,-0.346,-0.254,0.206,-0.253,-0.098,0.236,-0.29,-0.16,0.092,0.321,-0.224,0.897,-0.073,0.06,0.119,0.069,-0.689,-0.156,-0.592,-0.028,-0.186,-0.163,-0.14,0.002,0.04,0.029,0.313,-0.527,-0.448,-0.008,0.596,-0.147,-0.036,-0.48,-0.045,-0.2,0.144,-0.311,0.248,-0.29,-0.225,-0.187,0.19,0.107,-0.168,-0.196,-0.092,0.1,-0.177,-0.215,0.069,-0.127,0.002,-0.497,-0.252,0.071,-0.516,0.203,-0.336,0.303,0.589,-0.274,-0.059,-0.317,-0.481,0.138,-0.225,-0.415,-0.261,-0.063,-0.039,-0.496,0.239,0.055,0.476,-0.377,-0.28,0.075,0.241,-0.189,-0.207,0.011,-0.451,-0.431,0.232,-0.158,-0.159,0.507,-0.223,0.157,-0.188,-0.238,0.107,-0.306,-0.099,-0.271,0.428,0.597,-0.098,-0.225,-0.186,0.069,0.178,0.228,-0.345,-0.358,-0.261,-0.105,-0.054,-0.056,0.395,-0.008,-0.513,0.096,0.103,0.076,0.388,0.112,-0.011,0.095,0.199,0.203,0.534,-0.252,-0.18,-0.072,-0.029,-0.507,0.373,-0.324,-0.187,-0.221,-0.212,-0.1,-0.157,0.422,0.128,-0.107,-0.017,-0.458,-0.322,0.375,0.182,-0.117,0.448,-0.483,-0.076,-0.086,0.086,-0.255,-0.168,0.013,-0.288,0.265,-0.269,-0.202,0.175,-0.4,-0.159,-0.112,-0.22,-0.119,-0.238,-0.22,0.088,0.705,-0.173,-0.623,-0.14,0.423,0.45,-0.018,-0.0,0.15,-0.04,-0.047,0.082,-0.158,0.268,-0.0,-0.389,-0.306,-0.273
ATEX,0.6,0.798,0.005,-0.379,0.909,0.313,0.127,0.362,0.419,0.898,0.805,0.872,0.769,0.83,0.725,0.762,-0.346,0.0,0.934,0.528,0.034,-0.621,0.552,0.936,0.859,0.804,-0.422,0.904,-0.364,0.92,0.849,0.826,0.732,0.805,0.922,0.745,0.809,0.873,0.927,0.788,0.734,0.773,0.873,0.64,0.206,0.861,-0.523,-0.804,0.152,0.858,0.812,-0.249,0.745,0.788,0.58,-0.801,0.871,0.792,0.894,0.698,0.666,0.92,0.868,0.889,0.76,0.911,0.883,0.662,0.935,0.869,0.941,0.918,0.849,0.855,-0.731,0.852,-0.754,0.281,0.947,0.891,0.9,0.853,0.79,0.526,0.905,0.926,0.847,-0.408,0.173,-0.475,0.655,-0.07,0.907,0.957,0.808,0.457,0.848,0.008,0.814,0.917,0.88,0.797,0.904,-0.013,0.102,-0.302,0.809,0.912,0.863,0.838,0.747,0.9,0.933,0.374,-0.371,0.811,0.705,0.278,0.747,0.783,0.761,-0.407,0.88,0.877,0.888,0.885,0.869,-0.791,0.852,0.399,0.661,0.779,0.84,0.356,0.66,0.793,0.821,-0.722,0.637,-0.729,0.914,-0.65,0.901,0.872,0.93,-0.516,0.915,0.935,0.93,0.947,0.905,0.801,0.244,0.79,0.193,0.893,0.802,-0.127,0.612,0.746,0.645,0.561,0.894,0.92,0.929,0.819,0.927,0.942,0.875,0.955,0.589,0.849,0.925,0.708,0.765,0.945,0.913,0.611,0.928,0.924,0.934,0.854,0.102,0.932,0.73,0.915,0.332,0.374,0.8,0.88,0.249,0.863,0.902,0.841,0.942,0.681,0.758,0.778,0.769,0.716
ATRA,0.647,0.782,0.009,-0.485,0.894,0.298,0.047,0.418,0.48,0.879,0.825,0.874,0.779,0.866,0.627,0.795,-0.254,0.934,0.0,0.623,0.104,-0.587,0.673,0.932,0.899,0.84,-0.445,0.906,-0.332,0.899,0.857,0.842,0.702,0.762,0.926,0.745,0.833,0.87,0.921,0.788,0.738,0.723,0.888,0.626,0.122,0.866,-0.432,-0.734,0.14,0.846,0.786,-0.264,0.757,0.79,0.555,-0.794,0.9,0.779,0.884,0.727,0.635,0.935,0.881,0.856,0.785,0.921,0.805,0.644,0.922,0.903,0.889,0.924,0.83,0.842,-0.745,0.859,-0.725,0.251,0.951,0.865,0.888,0.864,0.832,0.564,0.885,0.932,0.834,-0.322,0.225,-0.453,0.613,0.011,0.926,0.948,0.774,0.466,0.866,0.008,0.837,0.914,0.877,0.786,0.93,0.062,0.1,-0.289,0.809,0.876,0.818,0.865,0.71,0.915,0.949,0.37,-0.217,0.837,0.682,0.262,0.792,0.768,0.816,-0.472,0.875,0.89,0.853,0.871,0.865,-0.824,0.829,0.407,0.609,0.772,0.805,0.331,0.656,0.775,0.864,-0.731,0.576,-0.707,0.931,-0.651,0.909,0.894,0.912,-0.54,0.913,0.926,0.946,0.938,0.883,0.826,0.228,0.787,0.178,0.917,0.781,-0.199,0.626,0.697,0.593,0.568,0.883,0.913,0.895,0.806,0.933,0.954,0.867,0.956,0.551,0.821,0.934,0.723,0.701,0.953,0.939,0.628,0.913,0.901,0.939,0.852,0.104,0.938,0.744,0.924,0.356,0.345,0.773,0.848,0.212,0.865,0.884,0.863,0.94,0.686,0.799,0.821,0.767,0.756
AUTL,0.606,0.532,0.104,-0.206,0.527,0.561,0.36,0.077,0.496,0.639,0.478,0.644,0.341,0.403,0.226,0.76,0.206,0.528,0.623,0.0,0.049,-0.408,0.577,0.483,0.525,0.681,-0.041,0.398,0.146,0.54,0.578,0.604,0.549,0.239,0.51,0.217,0.446,0.503,0.499,0.38,0.672,0.54,0.669,0.429,-0.151,0.407,-0.058,-0.061,0.232,0.541,0.175,-0.117,0.36,0.478,0.374,-0.269,0.401,0.301,0.618,0.693,0.651,0.476,0.426,0.592,0.626,0.491,0.479,0.596,0.549,0.68,0.413,0.464,0.632,0.325,-0.238,0.269,-0.191,0.402,0.479,0.549,0.379,0.341,0.634,0.322,0.36,0.563,0.408,-0.416,0.061,-0.013,0.47,0.23,0.416,0.46,0.645,0.502,0.501,0.167,0.474,0.349,0.324,0.667,0.515,0.357,0.513,-0.305,0.657,0.573,0.418,0.676,0.376,0.534,0.517,0.602,0.292,0.647,0.414,0.168,0.679,0.604,0.666,-0.367,0.354,0.334,0.534,0.486,0.427,-0.275,0.627,0.135,0.395,0.514,0.488,0.277,0.491,0.56,0.71,-0.237,0.626,-0.076,0.479,-0.614,0.605,0.53,0.431,-0.023,0.599,0.589,0.474,0.555,0.51,0.743,0.64,0.515,0.123,0.602,0.312,-0.385,0.635,0.643,0.398,0.511,0.329,0.579,0.572,0.697,0.455,0.556,0.599,0.512,0.667,0.514,0.523,0.542,0.545,0.547,0.541,0.302,0.552,0.532,0.541,0.629,0.512,0.577,0.241,0.638,0.507,0.396,0.605,0.615,0.41,0.439,0.52,0.675,0.591,0.547,0.738,0.344,0.267,0.406
AVDL,-0.221,-0.062,0.423,0.078,-0.102,0.027,0.334,0.325,-0.36,-0.043,0.003,-0.091,0.202,-0.068,0.083,0.157,-0.253,0.034,0.104,0.049,0.0,0.238,0.093,-0.035,0.091,-0.024,0.234,0.047,-0.469,-0.155,-0.163,-0.155,-0.003,0.099,-0.039,0.29,0.022,0.047,-0.018,0.082,0.136,-0.087,-0.099,-0.287,0.097,0.306,0.447,0.03,0.223,-0.069,0.026,-0.073,0.184,-0.203,0.018,0.088,0.067,0.052,0.022,-0.166,-0.294,-0.047,0.143,-0.092,0.012,-0.037,0.078,-0.318,-0.12,-0.152,0.074,0.119,-0.223,0.086,0.246,0.123,-0.18,-0.177,-0.039,-0.121,-0.041,0.126,-0.077,0.127,0.083,-0.094,-0.059,0.165,0.495,-0.094,0.003,-0.079,0.084,-0.032,-0.139,0.151,-0.079,0.057,-0.168,0.112,0.032,-0.155,-0.146,0.435,-0.152,0.409,-0.278,-0.115,0.068,-0.153,0.159,0.006,0.03,-0.038,0.101,-0.117,0.228,0.398,-0.182,-0.254,-0.153,0.367,0.189,0.025,-0.089,-0.112,-0.193,-0.022,-0.215,0.68,-0.4,0.054,-0.223,-0.015,-0.307,0.059,0.007,0.13,-0.192,-0.117,-0.01,0.297,-0.002,-0.084,0.162,0.024,0.07,0.045,0.087,-0.075,-0.126,0.071,-0.179,-0.286,0.386,-0.085,0.323,0.396,-0.196,-0.19,0.215,-0.334,0.063,-0.137,-0.145,-0.146,0.018,-0.047,-0.173,0.023,-0.006,0.093,-0.035,-0.099,0.157,-0.024,0.011,0.406,-0.132,0.114,0.04,-0.111,-0.284,-0.007,0.34,-0.108,-0.282,-0.206,-0.045,-0.115,-0.122,-0.164,-0.079,-0.122,-0.024,-0.147,-0.028,0.01,0.293,0.247
BCRX,-0.746,-0.769,-0.118,0.3,-0.756,-0.359,-0.132,-0.241,-0.383,-0.816,-0.529,-0.703,-0.28,-0.657,-0.302,-0.698,-0.098,-0.621,-0.587,-0.408,0.238,0.0,-0.465,-0.688,-0.648,-0.794,0.235,-0.701,-0.18,-0.755,-0.786,-0.799,-0.809,-0.293,-0.767,-0.289,-0.714,-0.498,-0.731,-0.706,-0.562,-0.616,-0.793,-0.681,0.465,-0.326,0.733,0.364,-0.042,-0.835,-0.283,0.6,-0.574,-0.817,-0.565,0.605,-0.637,-0.734,-0.642,-0.644,-0.527,-0.704,-0.606,-0.776,-0.837,-0.726,-0.758,-0.496,-0.752,-0.737,-0.475,-0.692,-0.706,-0.369,0.527,-0.61,0.641,-0.685,-0.588,-0.81,-0.483,-0.393,-0.783,-0.138,-0.546,-0.587,-0.655,0.609,0.347,0.612,-0.739,-0.196,-0.457,-0.634,-0.755,-0.213,-0.655,0.442,-0.627,-0.534,-0.526,-0.712,-0.613,0.342,-0.372,0.31,-0.798,-0.675,-0.599,-0.717,-0.683,-0.769,-0.523,-0.45,0.039,-0.484,-0.643,-0.361,-0.667,-0.819,-0.742,0.498,-0.506,-0.6,-0.671,-0.801,-0.734,0.401,-0.693,-0.146,-0.657,-0.621,-0.74,-0.262,-0.458,-0.7,-0.623,0.519,-0.774,0.38,-0.667,0.806,-0.805,-0.781,-0.469,0.414,-0.508,-0.744,-0.589,-0.639,-0.649,-0.591,-0.423,-0.756,-0.41,-0.75,-0.469,0.256,-0.813,-0.613,-0.596,-0.81,-0.463,-0.65,-0.782,-0.804,-0.655,-0.729,-0.755,-0.67,-0.695,-0.707,-0.734,-0.838,-0.33,-0.69,-0.737,-0.166,-0.731,-0.704,-0.74,-0.747,-0.455,-0.585,-0.28,-0.683,-0.349,-0.739,-0.651,-0.797,-0.017,-0.7,-0.742,-0.74,-0.711,-0.792,-0.622,-0.325,-0.378,-0.504
BHAT,0.689,0.498,0.089,-0.428,0.702,0.192,-0.18,0.418,0.6,0.654,0.585,0.676,0.392,0.732,0.219,0.624,0.236,0.552,0.673,0.577,0.093,-0.465,0.0,0.654,0.737,0.7,-0.225,0.664,0.105,0.65,0.679,0.755,0.565,0.243,0.67,0.449,0.718,0.574,0.695,0.624,0.593,0.513,0.681,0.539,-0.189,0.572,-0.262,-0.289,0.094,0.658,0.491,-0.387,0.575,0.636,0.33,-0.548,0.668,0.478,0.587,0.634,0.367,0.659,0.682,0.589,0.699,0.73,0.475,0.375,0.615,0.724,0.491,0.682,0.618,0.52,-0.534,0.622,-0.493,0.371,0.635,0.618,0.606,0.616,0.753,0.306,0.623,0.626,0.665,-0.064,0.14,-0.311,0.49,0.455,0.634,0.608,0.53,0.495,0.589,-0.19,0.674,0.548,0.623,0.673,0.674,-0.018,0.103,-0.211,0.644,0.545,0.503,0.75,0.454,0.686,0.661,0.355,0.299,0.709,0.45,0.123,0.655,0.636,0.741,-0.55,0.584,0.66,0.579,0.67,0.676,-0.541,0.555,0.235,0.448,0.569,0.573,0.332,0.524,0.711,0.748,-0.526,0.41,-0.444,0.662,-0.45,0.687,0.741,0.554,-0.406,0.647,0.686,0.682,0.613,0.597,0.515,0.166,0.634,0.087,0.73,0.458,-0.209,0.638,0.471,0.435,0.598,0.557,0.661,0.629,0.604,0.684,0.653,0.621,0.654,0.45,0.587,0.684,0.671,0.237,0.67,0.696,0.403,0.649,0.636,0.688,0.681,0.269,0.614,0.375,0.614,0.384,0.329,0.566,0.615,0.117,0.706,0.687,0.719,0.654,0.56,0.648,0.664,0.527,0.535
BLBD,0.645,0.815,-0.082,-0.532,0.944,0.197,-0.046,0.439,0.426,0.906,0.8,0.87,0.789,0.903,0.602,0.745,-0.29,0.936,0.932,0.483,-0.035,-0.688,0.654,0.0,0.918,0.847,-0.538,0.954,-0.282,0.949,0.895,0.894,0.751,0.755,0.952,0.755,0.869,0.835,0.972,0.85,0.717,0.698,0.901,0.668,0.07,0.807,-0.61,-0.784,0.062,0.917,0.813,-0.413,0.786,0.832,0.654,-0.859,0.93,0.828,0.87,0.732,0.608,0.942,0.878,0.904,0.826,0.98,0.86,0.607,0.942,0.918,0.915,0.962,0.841,0.838,-0.83,0.9,-0.786,0.283,0.959,0.91,0.904,0.906,0.863,0.474,0.945,0.939,0.882,-0.327,0.183,-0.577,0.653,0.107,0.93,0.968,0.787,0.358,0.908,-0.082,0.868,0.922,0.939,0.781,0.943,-0.148,0.051,-0.318,0.835,0.894,0.85,0.876,0.759,0.93,0.938,0.261,-0.295,0.849,0.719,0.263,0.784,0.811,0.811,-0.52,0.88,0.926,0.889,0.933,0.927,-0.853,0.844,0.357,0.718,0.707,0.844,0.255,0.668,0.817,0.829,-0.798,0.607,-0.78,0.954,-0.662,0.935,0.944,0.919,-0.656,0.923,0.963,0.937,0.936,0.888,0.755,0.147,0.841,0.173,0.931,0.771,-0.155,0.663,0.675,0.588,0.635,0.912,0.915,0.944,0.824,0.957,0.964,0.887,0.982,0.53,0.872,0.979,0.776,0.609,0.953,0.936,0.479,0.95,0.918,0.975,0.852,0.085,0.903,0.687,0.923,0.328,0.363,0.783,0.874,0.107,0.936,0.926,0.887,0.951,0.691,0.77,0.838,0.703,0.709
BMRN,0.65,0.809,0.102,-0.632,0.897,0.273,0.021,0.591,0.445,0.869,0.797,0.795,0.692,0.867,0.434,0.827,-0.16,0.859,0.899,0.525,0.091,-0.648,0.737,0.918,0.0,0.851,-0.318,0.917,-0.23,0.879,0.841,0.871,0.763,0.603,0.915,0.728,0.886,0.726,0.931,0.87,0.657,0.703,0.879,0.616,-0.11,0.781,-0.41,-0.636,0.235,0.902,0.759,-0.496,0.791,0.816,0.648,-0.812,0.929,0.811,0.751,0.658,0.537,0.889,0.936,0.855,0.879,0.945,0.832,0.468,0.883,0.887,0.814,0.939,0.767,0.727,-0.685,0.894,-0.721,0.335,0.887,0.87,0.795,0.861,0.9,0.337,0.896,0.878,0.773,-0.309,0.153,-0.463,0.691,0.251,0.85,0.905,0.747,0.36,0.861,-0.12,0.779,0.879,0.887,0.753,0.887,-0.086,0.012,-0.167,0.795,0.834,0.787,0.855,0.795,0.894,0.906,0.295,-0.121,0.768,0.692,0.303,0.761,0.767,0.782,-0.454,0.868,0.897,0.849,0.882,0.881,-0.745,0.79,0.446,0.592,0.695,0.789,0.224,0.515,0.802,0.86,-0.691,0.558,-0.784,0.938,-0.663,0.917,0.916,0.839,-0.705,0.85,0.926,0.895,0.89,0.774,0.757,0.179,0.762,0.331,0.899,0.778,-0.106,0.656,0.635,0.64,0.639,0.866,0.849,0.88,0.802,0.897,0.92,0.825,0.93,0.551,0.844,0.941,0.864,0.587,0.886,0.895,0.513,0.889,0.913,0.947,0.801,0.085,0.805,0.702,0.878,0.331,0.443,0.687,0.812,-0.054,0.869,0.901,0.85,0.891,0.71,0.802,0.783,0.712,0.685
BNGO,0.874,0.79,0.004,-0.354,0.908,0.466,0.131,0.246,0.586,0.955,0.645,0.904,0.494,0.829,0.421,0.909,0.092,0.804,0.84,0.681,-0.024,-0.794,0.7,0.847,0.851,0.0,-0.345,0.837,0.091,0.909,0.949,0.948,0.893,0.444,0.87,0.45,0.806,0.733,0.88,0.768,0.828,0.74,0.974,0.763,-0.239,0.615,-0.522,-0.43,0.005,0.954,0.494,-0.412,0.709,0.865,0.57,-0.639,0.745,0.747,0.852,0.895,0.732,0.849,0.783,0.948,0.928,0.876,0.851,0.713,0.893,0.917,0.688,0.855,0.913,0.583,-0.636,0.721,-0.679,0.597,0.819,0.941,0.724,0.632,0.949,0.43,0.731,0.799,0.803,-0.489,-0.087,-0.446,0.76,0.304,0.726,0.827,0.878,0.506,0.791,-0.067,0.856,0.688,0.673,0.901,0.823,-0.106,0.481,-0.426,0.929,0.823,0.748,0.94,0.663,0.913,0.779,0.538,0.026,0.777,0.689,0.304,0.838,0.935,0.944,-0.631,0.691,0.75,0.818,0.895,0.842,-0.623,0.866,0.235,0.763,0.789,0.851,0.399,0.699,0.856,0.929,-0.666,0.847,-0.465,0.836,-0.822,0.958,0.903,0.693,-0.365,0.788,0.918,0.83,0.857,0.837,0.794,0.513,0.886,0.234,0.948,0.581,-0.396,0.859,0.803,0.588,0.84,0.653,0.868,0.915,0.954,0.803,0.902,0.927,0.844,0.814,0.788,0.895,0.891,0.574,0.896,0.893,0.372,0.888,0.832,0.896,0.939,0.505,0.84,0.391,0.901,0.552,0.599,0.869,0.929,0.254,0.868,0.904,0.964,0.921,0.864,0.826,0.557,0.525,0.61
BUSE,-0.259,-0.18,0.688,0.17,-0.456,0.314,0.413,0.211,-0.143,-0.34,-0.21,-0.368,-0.46,-0.55,-0.546,-0.112,0.321,-0.422,-0.445,-0.041,0.234,0.235,-0.225,-0.538,-0.318,-0.345,0.0,-0.467,0.162,-0.503,-0.496,-0.395,-0.282,-0.515,-0.393,-0.226,-0.202,-0.411,-0.421,-0.135,-0.258,-0.002,-0.391,-0.297,-0.186,-0.419,0.51,0.578,0.483,-0.42,-0.455,-0.176,-0.131,-0.308,-0.169,0.365,-0.384,-0.226,-0.425,-0.415,-0.429,-0.461,-0.211,-0.463,-0.164,-0.469,-0.246,-0.472,-0.436,-0.4,-0.501,-0.384,-0.493,-0.561,0.815,-0.37,0.495,0.136,-0.573,-0.459,-0.64,-0.48,-0.275,-0.428,-0.512,-0.524,-0.514,0.031,-0.054,0.238,0.118,-0.038,-0.62,-0.51,-0.328,-0.243,-0.341,0.014,-0.623,-0.409,-0.471,-0.251,-0.545,0.212,0.028,0.673,-0.403,-0.458,-0.264,-0.433,-0.035,-0.393,-0.463,0.051,0.222,-0.523,-0.014,0.399,-0.308,-0.376,-0.425,0.644,-0.276,-0.407,-0.379,-0.389,-0.457,0.709,-0.466,0.078,-0.631,-0.178,-0.362,-0.097,-0.669,-0.296,-0.33,0.753,-0.241,0.38,-0.436,0.269,-0.364,-0.38,-0.443,0.33,-0.479,-0.399,-0.46,-0.521,-0.556,-0.199,0.087,-0.553,0.459,-0.481,-0.084,0.445,-0.108,-0.241,0.282,-0.26,-0.412,-0.436,-0.422,-0.369,-0.421,-0.441,-0.455,-0.459,-0.04,-0.201,-0.459,-0.111,-0.281,-0.495,-0.41,0.104,-0.43,-0.23,-0.419,-0.405,0.113,-0.501,-0.201,-0.501,-0.257,0.201,-0.488,-0.339,-0.266,-0.537,-0.437,-0.451,-0.463,-0.283,-0.273,-0.511,-0.113,-0.15
CAKE,0.684,0.793,0.034,-0.446,0.944,0.17,-0.081,0.479,0.448,0.889,0.795,0.851,0.688,0.928,0.603,0.735,-0.224,0.904,0.906,0.398,0.047,-0.701,0.664,0.954,0.917,0.837,-0.467,0.0,-0.256,0.928,0.894,0.891,0.776,0.682,0.961,0.722,0.913,0.832,0.971,0.878,0.675,0.705,0.881,0.716,-0.012,0.806,-0.64,-0.795,0.012,0.915,0.799,-0.437,0.816,0.875,0.539,-0.879,0.946,0.908,0.85,0.665,0.515,0.968,0.922,0.873,0.83,0.964,0.843,0.551,0.935,0.863,0.851,0.963,0.806,0.814,-0.816,0.954,-0.874,0.375,0.931,0.91,0.898,0.848,0.854,0.416,0.901,0.863,0.911,-0.315,0.118,-0.652,0.678,0.058,0.898,0.956,0.769,0.39,0.863,-0.22,0.874,0.915,0.9,0.796,0.91,-0.241,0.03,-0.278,0.809,0.82,0.853,0.84,0.755,0.958,0.912,0.341,-0.287,0.739,0.722,0.293,0.721,0.807,0.816,-0.538,0.907,0.955,0.862,0.947,0.942,-0.823,0.789,0.392,0.67,0.798,0.864,0.366,0.617,0.821,0.812,-0.81,0.578,-0.776,0.936,-0.637,0.926,0.951,0.865,-0.633,0.829,0.938,0.956,0.897,0.89,0.653,0.109,0.84,0.264,0.93,0.783,-0.109,0.669,0.649,0.632,0.672,0.872,0.89,0.913,0.786,0.954,0.952,0.878,0.95,0.536,0.857,0.962,0.801,0.522,0.95,0.963,0.56,0.909,0.911,0.955,0.858,0.1,0.89,0.679,0.868,0.282,0.453,0.764,0.867,0.071,0.935,0.937,0.847,0.919,0.757,0.678,0.78,0.796,0.765
CASY,0.427,-0.148,-0.161,0.185,-0.052,0.223,-0.089,-0.455,0.467,-0.021,-0.294,-0.004,-0.633,-0.098,-0.44,-0.027,0.897,-0.364,-0.332,0.146,-0.469,-0.18,0.105,-0.282,-0.23,0.091,0.162,-0.256,0.0,-0.053,0.085,0.114,0.111,-0.691,-0.19,-0.697,-0.115,-0.255,-0.189,-0.223,-0.016,-0.028,0.037,0.288,-0.558,-0.558,-0.151,0.586,-0.302,-0.006,-0.535,-0.036,-0.276,0.101,-0.237,0.286,-0.366,-0.266,-0.183,0.236,0.186,-0.208,-0.305,-0.039,0.067,-0.198,-0.204,0.146,-0.141,-0.009,-0.502,-0.307,0.106,-0.546,0.122,-0.404,0.301,0.575,-0.294,-0.023,-0.321,-0.526,0.105,-0.232,-0.435,-0.27,-0.082,-0.128,-0.646,0.204,0.016,0.526,-0.405,-0.305,0.122,0.155,-0.219,-0.195,0.034,-0.523,-0.462,0.199,-0.182,-0.312,0.583,-0.391,0.189,-0.151,-0.269,0.097,-0.35,-0.135,-0.335,0.362,0.514,-0.097,-0.276,-0.295,0.076,0.221,0.218,-0.425,-0.459,-0.33,-0.099,-0.063,-0.063,0.411,0.027,-0.646,0.236,-0.01,0.062,0.303,0.195,-0.021,0.028,0.147,0.298,0.586,-0.293,-0.236,-0.087,-0.058,-0.542,0.384,-0.333,-0.197,-0.29,-0.217,-0.093,-0.197,0.464,0.169,-0.207,-0.026,-0.586,-0.464,0.359,0.185,-0.253,0.476,-0.528,-0.105,-0.068,0.135,-0.306,-0.193,0.037,-0.316,0.28,-0.288,-0.212,0.138,-0.416,-0.187,-0.162,-0.471,-0.121,-0.3,-0.241,0.079,0.735,-0.21,-0.767,-0.132,0.449,0.397,0.039,0.008,0.198,-0.034,-0.064,0.088,-0.172,0.253,-0.025,-0.442,-0.485,-0.391
CCOI,0.8,0.809,-0.124,-0.442,0.987,0.328,-0.013,0.264,0.594,0.957,0.757,0.922,0.629,0.911,0.576,0.784,-0.073,0.92,0.899,0.54,-0.155,-0.755,0.65,0.949,0.879,0.909,-0.503,0.928,-0.053,0.0,0.97,0.954,0.823,0.63,0.946,0.579,0.854,0.839,0.96,0.805,0.744,0.782,0.961,0.81,-0.017,0.725,-0.677,-0.703,-0.013,0.95,0.719,-0.333,0.724,0.909,0.561,-0.809,0.852,0.803,0.883,0.83,0.757,0.944,0.843,0.955,0.851,0.951,0.872,0.742,0.976,0.949,0.841,0.911,0.944,0.752,-0.826,0.824,-0.755,0.482,0.948,0.97,0.886,0.773,0.914,0.464,0.855,0.918,0.903,-0.446,-0.039,-0.476,0.7,0.132,0.868,0.955,0.894,0.466,0.866,-0.095,0.936,0.834,0.831,0.904,0.945,-0.231,0.254,-0.483,0.947,0.918,0.844,0.946,0.688,0.938,0.908,0.454,-0.233,0.845,0.653,0.166,0.839,0.929,0.907,-0.653,0.807,0.88,0.923,0.96,0.959,-0.789,0.928,0.185,0.833,0.816,0.939,0.456,0.78,0.831,0.886,-0.799,0.76,-0.648,0.922,-0.794,0.953,0.955,0.813,-0.518,0.866,0.946,0.914,0.96,0.95,0.752,0.345,0.945,0.121,0.974,0.66,-0.327,0.776,0.839,0.55,0.797,0.807,0.964,0.985,0.92,0.913,0.969,0.964,0.94,0.676,0.801,0.957,0.837,0.621,0.968,0.943,0.438,0.972,0.88,0.945,0.945,0.323,0.929,0.519,0.956,0.525,0.514,0.851,0.943,0.242,0.966,0.973,0.95,0.964,0.833,0.791,0.725,0.645,0.617
CEVA,0.887,0.778,-0.135,-0.331,0.966,0.35,-0.0,0.169,0.655,0.951,0.688,0.934,0.509,0.903,0.538,0.814,0.06,0.849,0.857,0.578,-0.163,-0.786,0.679,0.895,0.841,0.949,-0.496,0.894,0.085,0.97,0.0,0.973,0.879,0.515,0.916,0.448,0.823,0.789,0.917,0.752,0.774,0.747,0.975,0.846,-0.148,0.644,-0.683,-0.589,-0.124,0.961,0.604,-0.314,0.671,0.918,0.488,-0.733,0.788,0.773,0.873,0.884,0.774,0.919,0.788,0.961,0.875,0.911,0.824,0.77,0.937,0.927,0.744,0.862,0.963,0.67,-0.804,0.766,-0.751,0.577,0.888,0.977,0.834,0.665,0.92,0.455,0.768,0.846,0.9,-0.454,-0.126,-0.486,0.683,0.225,0.801,0.889,0.902,0.537,0.807,-0.143,0.945,0.734,0.725,0.928,0.891,-0.229,0.396,-0.566,0.966,0.86,0.766,0.952,0.611,0.935,0.833,0.548,-0.096,0.809,0.618,0.147,0.847,0.971,0.964,-0.75,0.717,0.811,0.861,0.942,0.924,-0.722,0.912,0.129,0.865,0.827,0.929,0.484,0.815,0.854,0.906,-0.794,0.82,-0.522,0.858,-0.821,0.949,0.941,0.715,-0.414,0.792,0.92,0.878,0.909,0.939,0.719,0.445,0.975,0.108,0.981,0.546,-0.419,0.839,0.837,0.501,0.874,0.695,0.927,0.957,0.948,0.853,0.935,0.978,0.881,0.743,0.761,0.921,0.851,0.552,0.943,0.933,0.357,0.923,0.822,0.903,0.972,0.457,0.898,0.39,0.93,0.569,0.572,0.89,0.943,0.306,0.947,0.955,0.967,0.942,0.894,0.77,0.626,0.565,0.599
