,AAPL,ACRS,ADP,AFYA,AGNC,AGYS,ALT,AMGN,AMPH,AMZN,ANIP,AOSL,APDN,APLT,APVO,ARGX,ARLP,ATEX,ATRA,AUTL,AVDL,BCRX,BHAT,BLBD,BMRN,BNGO,BUSE,CAKE,CASY,CCOI,CEVA,CHY,CLDX,CLMT,COHU,COLM,COST,CPRT,CSWC,CSX,DBX,DCOM,DKNG,DMLP,DOX,EA,EDIT,ENPH,ENSG,ERNA,ESGR,ETNB,EXTR,FANG,FARO,FATE,FGEN,FIVE,FIVN,FLGT,FOLD,FORM,FOXA,FRPT,FSLR,FTAI,GBDC,GDYN,GGAL,GNLN,GRFS,GT,HCAT,HCM,HFWA,HOLX,HQY,HUBG,IAC,ICLR,IDCC,IEP,IHRT,ILMN,ILPT,IMAB,IMOS,INMD,INTZ,JAZZ,JKHY,JRVR,KIDS,LBRDK,LGND,LMAT,LPLA,LULU,MASI,MAT,MATW,MBIN,MBIO,MCRB,MDB,MDLZ,MELI,MIRM,MLKN,MNMD,MNRO,MPWR,MRCY,MRSN,MTVA,NAAS,NDAQ,NDSN,NEGG,NOVT,NVDA,NWE,NWSA,NXST,OCX,ODFL,OMAB,OPCH,OPRA,ORGO,OTRK,OZK,PAGP,PCH,PEGA,PENG,PENN,PFBC,PGNY,PHAT,PHUN,PINC,PLUG,PLXS,PYPL,QLYS,QNCX,QQQX,QVCGA,RAPT,RBBN,RCKT,REPL,RMBS,ROAD,ROKU,ROP,RUSHA,SANM,SATS,SBCF,SBLK,SBUX,SCHL,SCSC,SDGR,SEIC,SFIX,SGRY,SKYW,SLP,SNES,STAA,STLD,STOK,SWKS,TER,TFIN,TIGO,TILE,TPIC,TTEC,TTEK,TTGT,UXIN,VERU,VLYPP,VNOM,VRNS,VRSN,WDAY,WERN,WINA,WKHS,WRLD,XP,XTKG,YY,ZION,ZM
AAPL,0.0,0.532,0.847,-0.464,0.801,-0.532,0.694,0.623,0.756,0.66,-0.075,0.737,0.707,-0.48,0.241,0.923,0.242,0.799,0.762,-0.504,0.603,0.518,-0.517,0.178,0.772,0.636,0.346,-0.154,0.155,0.143,0.74,0.832,0.676,0.685,0.9,0.266,0.598,0.86,0.768,0.855,0.926,0.808,0.839,0.04,0.464,0.607,0.542,0.853,0.152,0.712,0.686,0.135,0.769,0.135,0.61,0.073,0.486,-0.273,0.782,0.325,-0.432,0.83,0.738,-0.106,0.173,-0.007,0.393,0.855,0.488,0.233,0.765,0.059,0.594,-0.125,0.288,0.735,0.785,0.764,0.669,0.397,0.87,0.47,0.565,0.699,0.48,0.69,-0.599,0.355,0.317,0.308,0.64,0.513,0.145,0.824,0.629,0.294,0.654,-0.156,-0.296,0.591,0.911,-0.041,0.457,0.116,0.829,-0.689,0.522,0.377,0.83,0.511,0.402,0.91,0.821,0.571,0.74,0.463,0.341,0.858,0.472,0.9,0.858,0.806,0.241,0.49,0.807,0.913,0.104,0.626,-0.188,0.362,-0.624,0.708,0.002,0.76,0.329,0.403,0.602,0.71,0.735,0.632,0.003,0.625,0.774,0.33,0.729,0.828,0.255,0.803,0.445,0.318,0.454,-0.115,0.321,0.938,0.708,0.746,0.89,0.811,0.727,0.611,0.701,0.882,-0.117,-0.246,0.875,0.409,0.721,-0.294,0.354,0.206,0.743,0.282,0.336,0.571,0.86,0.744,0.754,0.237,0.565,0.594,0.59,0.529,0.863,0.537,0.679,0.04,0.1,-0.033,-0.074,0.665,0.838,0.79,-0.021,0.668,0.809,0.573,0.59,0.792,0.831,0.482
ACRS,0.532,0.0,0.691,-0.769,0.883,-0.683,0.468,-0.096,0.456,0.199,-0.383,0.925,0.902,-0.693,0.13,0.588,-0.339,0.526,0.58,-0.892,0.57,0.96,-0.536,0.821,0.857,0.94,-0.206,-0.441,0.397,-0.479,0.785,0.157,0.823,0.919,0.776,-0.033,0.636,0.246,0.735,0.669,0.559,0.541,0.58,-0.144,0.906,-0.18,0.816,0.728,-0.541,0.894,0.66,0.753,0.855,-0.576,0.912,0.009,0.943,-0.761,0.813,0.848,0.216,0.615,0.321,0.564,0.15,-0.304,-0.089,0.79,0.643,0.227,0.833,-0.079,0.959,-0.582,0.008,0.852,0.37,0.745,0.955,0.425,0.77,0.914,0.938,0.923,0.723,0.584,-0.869,0.885,0.222,-0.067,0.841,0.772,0.873,0.56,0.936,0.8,0.786,-0.561,0.361,0.808,0.685,-0.186,0.857,0.805,0.242,0.059,0.563,0.738,0.468,0.894,0.705,0.712,0.252,0.193,0.583,0.148,-0.2,0.751,0.917,0.66,0.692,0.38,-0.394,-0.04,0.81,0.732,0.687,0.732,-0.434,0.935,-0.584,0.183,-0.518,0.837,0.71,0.844,0.836,0.413,0.88,0.814,0.165,0.958,0.404,0.197,0.923,0.286,0.82,0.867,0.672,0.871,0.868,0.497,0.843,0.681,0.145,0.903,0.366,0.813,0.816,0.885,0.796,0.527,-0.587,0.313,0.357,0.875,0.93,-0.184,0.896,0.354,0.844,0.722,-0.099,0.649,0.474,0.923,0.921,0.532,0.239,0.879,0.469,0.968,0.437,0.956,0.909,-0.488,0.439,-0.671,-0.522,0.222,0.369,0.717,-0.613,0.065,0.81,0.863,0.932,0.19,0.618,0.951
ADP,0.847,0.691,0.0,-0.647,0.89,-0.815,0.466,0.523,0.615,0.479,-0.409,0.789,0.793,-0.505,0.274,0.853,0.287,0.88,0.693,-0.671,0.733,0.652,-0.466,0.289,0.774,0.684,0.223,-0.07,0.06,-0.041,0.868,0.602,0.675,0.849,0.902,0.374,0.732,0.726,0.774,0.901,0.842,0.733,0.767,-0.153,0.613,0.465,0.535,0.876,0.005,0.824,0.613,0.265,0.717,0.054,0.644,0.298,0.582,-0.26,0.851,0.588,-0.256,0.798,0.777,-0.068,0.345,-0.382,0.391,0.825,0.446,0.323,0.78,0.14,0.703,-0.42,0.346,0.861,0.735,0.894,0.806,0.182,0.809,0.571,0.734,0.782,0.39,0.593,-0.644,0.437,0.487,0.43,0.827,0.666,0.417,0.921,0.699,0.42,0.71,-0.088,-0.23,0.809,0.859,-0.3,0.565,0.265,0.716,-0.461,0.351,0.541,0.713,0.658,0.393,0.824,0.702,0.727,0.683,0.34,0.406,0.783,0.582,0.901,0.703,0.59,0.244,0.472,0.83,0.888,0.375,0.912,-0.485,0.498,-0.836,0.56,-0.041,0.822,0.33,0.412,0.765,0.528,0.757,0.63,0.309,0.754,0.652,0.104,0.84,0.778,0.438,0.794,0.688,0.393,0.459,-0.12,0.458,0.909,0.543,0.772,0.697,0.961,0.652,0.694,0.662,0.843,-0.101,-0.115,0.809,0.471,0.797,-0.095,0.578,-0.019,0.87,0.565,0.435,0.43,0.758,0.831,0.841,0.32,0.372,0.773,0.435,0.664,0.839,0.686,0.76,-0.119,0.036,-0.088,0.015,0.736,0.715,0.779,-0.155,0.532,0.864,0.71,0.69,0.507,0.784,0.628
AFYA,-0.464,-0.769,-0.647,0.0,-0.73,0.625,-0.158,0.151,-0.377,0.052,0.383,-0.736,-0.745,0.72,-0.143,-0.496,0.171,-0.443,-0.28,0.751,-0.601,-0.786,0.358,-0.65,-0.695,-0.749,0.154,0.373,-0.149,0.475,-0.553,-0.126,-0.711,-0.834,-0.611,0.135,-0.352,-0.122,-0.461,-0.509,-0.419,-0.329,-0.372,-0.074,-0.817,0.208,-0.52,-0.537,0.515,-0.759,-0.479,-0.757,-0.604,0.485,-0.681,-0.05,-0.732,0.537,-0.676,-0.878,-0.269,-0.505,-0.179,-0.199,0.06,0.443,0.187,-0.655,-0.459,-0.147,-0.549,0.339,-0.818,0.719,-0.176,-0.791,-0.286,-0.687,-0.779,-0.086,-0.57,-0.759,-0.674,-0.783,-0.352,-0.567,0.757,-0.736,-0.186,0.017,-0.737,-0.565,-0.719,-0.479,-0.724,-0.82,-0.653,0.588,-0.386,-0.645,-0.535,0.288,-0.764,-0.679,-0.123,0.056,-0.23,-0.777,-0.21,-0.746,-0.493,-0.497,-0.197,-0.148,-0.32,-0.034,-0.001,-0.528,-0.791,-0.477,-0.496,-0.299,0.399,0.218,-0.699,-0.571,-0.381,-0.685,0.507,-0.769,0.74,-0.109,0.571,-0.631,-0.547,-0.722,-0.66,-0.293,-0.73,-0.748,0.022,-0.795,-0.087,0.056,-0.714,-0.291,-0.722,-0.62,-0.348,-0.741,-0.647,-0.391,-0.74,-0.602,-0.261,-0.739,-0.267,-0.671,-0.539,-0.658,-0.612,-0.552,0.298,-0.102,-0.287,-0.735,-0.758,0.312,-0.834,-0.13,-0.784,-0.563,0.147,-0.468,-0.331,-0.756,-0.773,-0.247,-0.069,-0.699,-0.187,-0.796,-0.312,-0.804,-0.704,0.579,-0.077,0.562,0.444,-0.264,-0.216,-0.479,0.341,0.139,-0.633,-0.677,-0.804,-0.065,-0.37,-0.699
AGNC,0.801,0.883,0.89,-0.73,0.0,-0.787,0.63,0.266,0.659,0.436,-0.292,0.947,0.947,-0.667,0.216,0.834,-0.063,0.785,0.745,-0.851,0.733,0.852,-0.646,0.584,0.921,0.913,0.101,-0.355,0.334,-0.26,0.913,0.471,0.839,0.914,0.954,0.192,0.756,0.59,0.87,0.886,0.793,0.791,0.73,-0.03,0.802,0.198,0.764,0.917,-0.263,0.954,0.777,0.54,0.9,-0.276,0.837,0.036,0.832,-0.612,0.897,0.686,-0.116,0.806,0.597,0.24,0.157,-0.211,0.203,0.914,0.683,0.256,0.93,-0.014,0.898,-0.437,0.184,0.917,0.642,0.861,0.916,0.463,0.889,0.787,0.885,0.945,0.685,0.713,-0.891,0.713,0.326,0.152,0.877,0.788,0.631,0.77,0.91,0.631,0.844,-0.4,0.047,0.806,0.902,-0.112,0.724,0.547,0.541,-0.318,0.566,0.607,0.732,0.834,0.682,0.91,0.582,0.483,0.766,0.278,0.089,0.913,0.825,0.898,0.802,0.644,-0.103,0.224,0.941,0.925,0.493,0.793,-0.379,0.762,-0.728,0.479,-0.331,0.953,0.643,0.693,0.789,0.635,0.89,0.799,0.095,0.92,0.664,0.339,0.956,0.61,0.67,0.953,0.69,0.695,0.753,0.196,0.73,0.879,0.434,0.921,0.672,0.944,0.874,0.858,0.878,0.79,-0.446,0.07,0.696,0.733,0.948,-0.282,0.73,0.3,0.874,0.632,0.105,0.702,0.741,0.96,0.951,0.508,0.472,0.894,0.582,0.878,0.748,0.87,0.924,-0.224,0.326,-0.415,-0.324,0.489,0.614,0.884,-0.442,0.399,0.953,0.83,0.895,0.482,0.854,0.822
AGYS,-0.532,-0.683,-0.815,0.625,-0.787,0.0,-0.192,-0.314,-0.217,-0.261,0.627,-0.662,-0.739,0.534,-0.352,-0.516,-0.154,-0.657,-0.431,0.75,-0.544,-0.625,0.429,-0.302,-0.567,-0.585,-0.013,0.128,0.128,0.381,-0.832,-0.225,-0.512,-0.789,-0.688,-0.337,-0.712,-0.362,-0.562,-0.723,-0.481,-0.483,-0.36,0.251,-0.525,-0.199,-0.363,-0.678,0.212,-0.767,-0.4,-0.323,-0.53,0.062,-0.549,-0.264,-0.518,0.34,-0.614,-0.57,0.225,-0.609,-0.525,0.024,-0.254,0.581,-0.187,-0.56,-0.326,-0.287,-0.637,-0.086,-0.622,0.461,-0.311,-0.671,-0.553,-0.735,-0.697,-0.012,-0.547,-0.477,-0.711,-0.651,-0.23,-0.303,0.629,-0.38,-0.303,-0.304,-0.698,-0.609,-0.527,-0.709,-0.568,-0.347,-0.549,0.124,0.128,-0.756,-0.59,0.349,-0.488,-0.308,-0.352,0.205,-0.064,-0.374,-0.413,-0.54,-0.304,-0.572,-0.377,-0.664,-0.616,0.004,-0.234,-0.561,-0.585,-0.673,-0.43,-0.199,-0.073,-0.241,-0.683,-0.635,-0.553,-0.81,0.681,-0.499,0.764,-0.241,0.07,-0.685,-0.284,-0.331,-0.601,-0.231,-0.566,-0.473,-0.374,-0.649,-0.407,0.009,-0.695,-0.409,-0.446,-0.637,-0.701,-0.36,-0.406,0.149,-0.539,-0.617,-0.125,-0.562,-0.326,-0.83,-0.471,-0.66,-0.492,-0.554,0.255,-0.107,-0.53,-0.353,-0.689,0.183,-0.554,0.083,-0.714,-0.721,-0.206,-0.202,-0.49,-0.711,-0.715,-0.283,-0.104,-0.735,-0.108,-0.614,-0.623,-0.626,-0.657,0.28,0.005,0.147,0.066,-0.5,-0.347,-0.589,0.413,-0.248,-0.753,-0.617,-0.646,-0.097,-0.564,-0.58
ALT,0.694,0.468,0.466,-0.158,0.63,-0.192,0.0,0.384,0.738,0.485,0.303,0.637,0.613,-0.261,0.053,0.72,-0.114,0.61,0.783,-0.347,0.477,0.475,-0.495,0.276,0.708,0.62,0.197,-0.262,0.592,0.153,0.599,0.579,0.589,0.424,0.744,0.224,0.589,0.695,0.793,0.642,0.702,0.797,0.709,0.038,0.439,0.376,0.731,0.77,0.042,0.584,0.735,0.169,0.717,-0.091,0.582,-0.187,0.547,-0.409,0.61,0.141,-0.236,0.586,0.535,0.263,0.153,0.344,0.344,0.705,0.663,0.253,0.761,0.068,0.513,0.071,-0.089,0.545,0.506,0.531,0.495,0.77,0.747,0.451,0.551,0.625,0.734,0.616,-0.548,0.415,0.101,0.09,0.517,0.585,0.154,0.515,0.645,0.238,0.616,-0.198,-0.133,0.326,0.76,0.175,0.427,0.229,0.526,-0.411,0.721,0.16,0.845,0.533,0.62,0.81,0.606,0.257,0.68,0.46,0.036,0.793,0.466,0.735,0.73,0.795,0.041,0.338,0.684,0.691,0.104,0.269,0.167,0.399,-0.242,0.558,-0.136,0.711,0.522,0.433,0.36,0.733,0.634,0.537,-0.173,0.548,0.836,0.618,0.633,0.561,0.339,0.75,0.409,0.411,0.502,0.169,0.378,0.657,0.527,0.652,0.779,0.515,0.765,0.515,0.701,0.602,-0.353,-0.084,0.64,0.51,0.627,-0.265,0.219,0.457,0.436,0.151,0.052,0.744,0.734,0.606,0.579,0.454,0.682,0.549,0.811,0.503,0.651,0.463,0.637,0.252,0.534,-0.22,-0.223,0.38,0.61,0.758,-0.194,0.639,0.681,0.436,0.529,0.709,0.828,0.459
AMGN,0.623,-0.096,0.523,0.151,0.266,-0.314,0.384,0.0,0.356,0.513,0.001,0.117,0.114,0.191,0.308,0.569,0.72,0.625,0.487,0.092,0.232,-0.148,-0.031,-0.533,0.15,-0.068,0.42,0.326,-0.272,0.507,0.417,0.764,0.046,0.124,0.445,0.576,0.39,0.823,0.388,0.554,0.62,0.495,0.458,-0.094,-0.236,0.957,-0.053,0.486,0.649,0.147,0.139,-0.571,0.146,0.773,-0.055,0.387,-0.206,0.393,0.279,-0.302,-0.698,0.42,0.785,-0.576,0.449,-0.027,0.704,0.306,-0.021,0.296,0.228,0.468,-0.126,0.24,0.312,0.188,0.674,0.379,0.041,0.032,0.355,-0.2,0.035,0.045,-0.099,0.144,0.065,-0.409,0.285,0.688,0.15,0.159,-0.452,0.672,-0.049,-0.456,0.085,0.532,-0.776,0.19,0.501,-0.192,-0.218,-0.575,0.777,-0.749,-0.028,-0.225,0.624,-0.133,-0.205,0.454,0.762,0.776,0.506,0.414,0.695,0.338,-0.226,0.552,0.31,0.463,0.816,0.816,0.296,0.446,-0.186,0.337,-0.122,-0.357,-0.328,0.628,0.689,0.239,-0.353,-0.353,0.09,0.363,0.079,-0.075,0.211,-0.035,0.695,0.039,0.138,0.725,-0.402,0.22,0.305,-0.445,-0.288,-0.744,-0.297,0.495,0.508,0.071,0.657,0.379,0.121,0.075,0.056,0.574,0.354,-0.482,0.804,-0.333,0.09,0.062,-0.313,-0.345,0.215,-0.055,0.645,-0.083,0.631,0.144,0.147,-0.092,0.297,0.067,0.242,-0.159,0.767,-0.147,0.073,0.501,-0.254,0.666,0.539,0.788,0.68,0.392,0.399,0.814,0.342,-0.023,-0.095,0.639,0.508,-0.162
AMPH,0.756,0.456,0.615,-0.377,0.659,-0.217,0.738,0.356,0.0,0.505,0.284,0.638,0.577,-0.363,0.068,0.839,0.111,0.704,0.756,-0.302,0.69,0.484,-0.482,0.288,0.757,0.592,0.444,0.032,0.62,0.321,0.531,0.695,0.614,0.488,0.751,0.266,0.468,0.743,0.754,0.663,0.781,0.829,0.838,0.126,0.531,0.395,0.553,0.746,0.205,0.585,0.772,0.197,0.682,-0.033,0.515,0.032,0.537,-0.196,0.771,0.318,-0.049,0.666,0.644,0.057,0.148,0.297,0.424,0.831,0.625,0.001,0.688,0.065,0.576,-0.165,0.199,0.665,0.515,0.602,0.532,0.426,0.725,0.494,0.483,0.671,0.639,0.825,-0.546,0.459,0.388,0.213,0.619,0.518,0.179,0.587,0.652,0.426,0.724,-0.179,-0.009,0.46,0.853,0.22,0.429,0.215,0.683,-0.481,0.656,0.421,0.814,0.593,0.552,0.796,0.695,0.281,0.481,0.487,0.311,0.761,0.441,0.75,0.661,0.864,0.155,0.41,0.645,0.772,-0.041,0.408,0.183,0.39,-0.415,0.671,-0.154,0.684,0.523,0.489,0.515,0.78,0.673,0.544,-0.088,0.608,0.683,0.503,0.658,0.759,0.372,0.682,0.374,0.427,0.488,0.105,0.296,0.805,0.785,0.705,0.78,0.62,0.673,0.465,0.766,0.764,-0.033,-0.33,0.738,0.528,0.639,-0.168,0.402,0.356,0.549,0.209,0.273,0.753,0.733,0.619,0.6,0.464,0.744,0.543,0.731,0.533,0.723,0.528,0.597,0.214,0.278,-0.181,-0.067,0.528,0.748,0.708,0.078,0.675,0.643,0.522,0.494,0.736,0.794,0.45
AMZN,0.66,0.199,0.479,0.052,0.436,-0.261,0.485,0.513,0.505,0.0,0.036,0.319,0.343,-0.242,0.114,0.555,0.26,0.489,0.585,-0.231,0.344,0.146,-0.646,-0.065,0.369,0.275,0.613,0.075,0.104,0.311,0.456,0.637,0.271,0.205,0.516,0.435,0.454,0.674,0.505,0.544,0.612,0.63,0.596,-0.023,0.046,0.543,0.218,0.466,0.43,0.3,0.436,-0.2,0.45,0.266,0.241,-0.051,0.121,-0.121,0.39,-0.139,-0.514,0.645,0.537,-0.152,-0.03,0.346,0.462,0.479,0.232,-0.054,0.517,0.123,0.214,0.448,0.294,0.263,0.573,0.269,0.28,0.377,0.476,0.068,0.234,0.276,0.387,0.393,-0.312,0.02,0.214,0.167,0.209,0.149,-0.098,0.397,0.281,-0.071,0.383,0.127,-0.413,0.33,0.585,0.474,-0.017,-0.166,0.775,-0.554,0.549,-0.032,0.672,0.135,0.188,0.629,0.606,0.481,0.546,0.164,0.146,0.568,0.095,0.655,0.524,0.501,0.389,0.58,0.371,0.625,-0.027,0.239,0.198,0.026,-0.098,0.569,0.214,0.478,0.224,0.073,0.317,0.487,0.337,0.23,0.041,0.231,0.625,0.596,0.37,0.601,-0.064,0.499,0.305,-0.009,0.2,-0.275,-0.024,0.56,0.385,0.344,0.628,0.512,0.493,0.274,0.434,0.518,-0.09,-0.12,0.606,0.023,0.339,-0.129,-0.014,0.446,0.29,0.07,0.465,0.432,0.611,0.335,0.307,0.255,0.679,0.227,0.406,0.13,0.615,0.186,0.332,0.34,0.073,0.148,0.156,0.262,0.657,0.518,-0.026,0.682,0.499,0.285,0.186,0.689,0.619,0.184
ANIP,-0.075,-0.383,-0.409,0.383,-0.292,0.627,0.303,0.001,0.284,0.036,0.0,-0.25,-0.335,0.221,-0.194,0.001,-0.108,-0.192,0.047,0.444,-0.122,-0.289,0.058,-0.162,-0.138,-0.2,0.355,0.12,0.406,0.468,-0.387,0.203,-0.071,-0.502,-0.178,-0.176,-0.36,0.08,-0.093,-0.161,-0.085,0.083,-0.045,0.289,-0.252,0.061,-0.075,-0.194,0.287,-0.339,0.083,-0.224,-0.142,0.033,-0.285,-0.376,-0.182,0.151,-0.22,-0.442,0.047,-0.233,-0.201,-0.089,-0.324,0.822,0.012,-0.039,0.062,-0.356,-0.182,-0.15,-0.289,0.436,0.041,-0.283,-0.181,-0.374,-0.41,0.361,-0.134,-0.291,-0.389,-0.208,0.196,0.253,0.165,-0.154,-0.258,-0.067,-0.356,-0.312,-0.471,-0.385,-0.152,-0.173,-0.142,-0.072,0.054,-0.552,-0.031,0.523,-0.294,-0.211,-0.015,-0.217,0.099,-0.26,0.126,-0.219,0.049,-0.046,0.084,-0.307,-0.132,0.214,-0.004,-0.022,-0.289,-0.192,-0.053,0.368,-0.012,-0.049,-0.237,-0.142,-0.594,-0.605,0.731,-0.273,0.477,0.303,-0.055,-0.177,0.106,-0.053,-0.422,0.37,-0.2,-0.112,-0.573,-0.29,0.059,0.456,-0.306,0.012,-0.227,-0.212,-0.507,-0.121,-0.131,0.101,-0.19,-0.193,0.316,-0.192,0.157,-0.439,-0.045,-0.376,0.033,-0.071,0.124,-0.344,0.002,-0.11,-0.265,-0.243,-0.397,0.313,-0.445,-0.547,-0.188,0.242,0.088,-0.291,-0.339,0.056,0.468,-0.322,0.328,-0.274,-0.056,-0.325,-0.306,0.415,0.096,0.031,-0.069,-0.172,0.031,-0.068,0.382,0.185,-0.25,-0.258,-0.314,0.323,-0.035,-0.406
AOSL,0.737,0.925,0.789,-0.736,0.947,-0.662,0.637,0.117,0.638,0.319,-0.25,0.0,0.939,-0.695,0.2,0.771,-0.25,0.669,0.698,-0.846,0.619,0.909,-0.547,0.725,0.948,0.961,-0.058,-0.452,0.426,-0.324,0.85,0.395,0.878,0.919,0.921,0.01,0.673,0.476,0.815,0.79,0.748,0.722,0.719,-0.081,0.859,0.052,0.853,0.872,-0.411,0.934,0.759,0.651,0.95,-0.442,0.931,-0.024,0.914,-0.715,0.889,0.749,0.001,0.758,0.454,0.424,0.197,-0.183,0.026,0.906,0.711,0.261,0.911,-0.039,0.944,-0.532,0.07,0.901,0.52,0.824,0.939,0.527,0.917,0.869,0.897,0.968,0.747,0.708,-0.884,0.829,0.227,0.01,0.845,0.784,0.703,0.681,0.948,0.714,0.811,-0.555,0.216,0.767,0.834,-0.167,0.81,0.682,0.428,-0.186,0.616,0.674,0.65,0.875,0.744,0.877,0.458,0.279,0.703,0.313,-0.062,0.902,0.896,0.799,0.838,0.621,-0.277,0.063,0.923,0.874,0.552,0.725,-0.366,0.861,-0.644,0.393,-0.462,0.91,0.701,0.832,0.79,0.636,0.915,0.834,0.051,0.954,0.605,0.29,0.965,0.481,0.747,0.948,0.624,0.804,0.871,0.39,0.795,0.839,0.382,0.96,0.598,0.871,0.911,0.872,0.893,0.694,-0.546,0.159,0.562,0.848,0.949,-0.26,0.795,0.345,0.868,0.639,-0.064,0.746,0.636,0.984,0.978,0.484,0.385,0.892,0.609,0.935,0.626,0.916,0.953,-0.355,0.434,-0.579,-0.488,0.392,0.538,0.828,-0.487,0.28,0.898,0.852,0.937,0.43,0.781,0.888
APDN,0.707,0.902,0.793,-0.745,0.947,-0.739,0.613,0.114,0.577,0.343,-0.335,0.939,0.0,-0.698,0.188,0.721,-0.202,0.715,0.634,-0.859,0.697,0.879,-0.639,0.666,0.905,0.924,-0.012,-0.436,0.38,-0.397,0.888,0.32,0.813,0.9,0.903,0.156,0.762,0.461,0.845,0.771,0.689,0.725,0.641,-0.081,0.831,0.046,0.809,0.868,-0.392,0.955,0.772,0.647,0.871,-0.402,0.853,-0.026,0.87,-0.689,0.846,0.722,-0.061,0.764,0.47,0.34,0.108,-0.247,0.112,0.837,0.759,0.324,0.925,-0.117,0.921,-0.465,0.083,0.865,0.564,0.805,0.896,0.457,0.832,0.815,0.9,0.94,0.667,0.649,-0.907,0.768,0.216,0.055,0.884,0.829,0.709,0.675,0.909,0.678,0.845,-0.465,0.147,0.793,0.814,-0.107,0.76,0.634,0.396,-0.197,0.578,0.596,0.624,0.878,0.747,0.841,0.428,0.357,0.717,0.126,-0.022,0.851,0.882,0.828,0.756,0.552,-0.226,0.079,0.925,0.833,0.519,0.74,-0.411,0.821,-0.69,0.339,-0.44,0.935,0.702,0.729,0.704,0.558,0.861,0.79,0.07,0.925,0.587,0.306,0.94,0.491,0.754,0.934,0.681,0.762,0.791,0.325,0.804,0.799,0.337,0.904,0.579,0.878,0.852,0.86,0.852,0.723,-0.517,0.143,0.561,0.795,0.956,-0.304,0.755,0.358,0.856,0.681,-0.051,0.702,0.635,0.951,0.938,0.493,0.409,0.917,0.531,0.903,0.626,0.895,0.955,-0.282,0.372,-0.526,-0.389,0.378,0.45,0.813,-0.541,0.277,0.93,0.795,0.943,0.363,0.798,0.839
APLT,-0.48,-0.693,-0.505,0.72,-0.667,0.534,-0.261,0.191,-0.363,-0.242,0.221,-0.695,-0.698,0.0,-0.168,-0.424,0.423,-0.265,-0.313,0.707,-0.339,-0.743,0.557,-0.659,-0.696,-0.734,-0.009,0.476,-0.226,0.496,-0.494,-0.19,-0.663,-0.686,-0.568,0.24,-0.351,-0.09,-0.369,-0.456,-0.37,-0.358,-0.354,0.081,-0.655,0.229,-0.487,-0.469,0.481,-0.678,-0.497,-0.666,-0.671,0.582,-0.704,0.22,-0.692,0.702,-0.505,-0.632,-0.091,-0.571,-0.001,-0.293,0.196,0.111,0.369,-0.626,-0.402,0.056,-0.621,0.44,-0.768,0.435,-0.125,-0.583,-0.218,-0.497,-0.689,-0.305,-0.595,-0.624,-0.592,-0.713,-0.495,-0.581,0.73,-0.712,0.074,0.374,-0.507,-0.341,-0.575,-0.285,-0.673,-0.698,-0.572,0.757,-0.38,-0.509,-0.503,-0.056,-0.671,-0.645,-0.101,0.065,-0.405,-0.515,-0.233,-0.605,-0.533,-0.552,-0.092,-0.029,-0.367,0.009,0.219,-0.596,-0.781,-0.462,-0.583,-0.3,0.511,0.321,-0.641,-0.566,-0.407,-0.446,0.294,-0.728,0.443,-0.112,0.637,-0.582,-0.645,-0.75,-0.519,-0.393,-0.693,-0.681,0.118,-0.691,-0.161,-0.261,-0.662,-0.166,-0.655,-0.646,-0.198,-0.706,-0.751,-0.438,-0.701,-0.556,-0.214,-0.682,-0.268,-0.61,-0.612,-0.616,-0.679,-0.41,0.528,-0.17,-0.204,-0.654,-0.69,0.502,-0.671,-0.473,-0.623,-0.565,0.306,-0.602,-0.345,-0.71,-0.715,-0.258,-0.222,-0.619,-0.145,-0.708,-0.283,-0.676,-0.661,0.555,-0.214,0.684,0.637,-0.012,-0.199,-0.421,0.516,0.007,-0.59,-0.666,-0.724,-0.173,-0.395,-0.634
APVO,0.241,0.13,0.274,-0.143,0.216,-0.352,0.053,0.308,0.068,0.114,-0.194,0.2,0.188,-0.168,0.0,0.113,0.193,0.251,0.082,-0.189,-0.008,0.057,-0.121,-0.047,0.124,0.074,0.075,0.084,-0.207,-0.121,0.33,0.131,-0.026,0.222,0.233,0.209,0.281,0.129,0.108,0.207,0.218,0.197,0.052,-0.161,0.041,0.223,-0.039,0.264,0.013,0.178,0.018,-0.02,0.151,0.177,0.097,0.265,0.05,-0.034,0.199,0.009,-0.343,0.333,0.207,-0.188,0.314,-0.137,0.173,0.202,0.105,0.05,0.113,0.173,0.105,-0.164,0.238,0.065,0.327,0.179,0.102,-0.088,0.167,0.009,0.094,0.124,-0.042,-0.047,-0.135,-0.07,-0.017,0.135,0.072,0.19,0.025,0.265,0.057,-0.124,0.043,-0.009,-0.206,0.191,0.199,-0.194,0.078,-0.118,0.228,-0.132,-0.159,-0.096,0.125,-0.013,0.016,0.21,0.167,0.204,0.226,-0.078,0.279,0.147,0.139,0.182,0.073,0.048,0.156,0.134,0.243,0.193,0.135,0.193,-0.209,0.058,-0.244,-0.0,0.19,0.159,0.001,0.071,0.052,0.081,0.004,-0.131,0.141,0.113,0.193,0.001,0.165,0.187,-0.002,0.147,0.232,-0.054,0.073,-0.332,0.059,0.21,-0.008,0.062,0.129,0.263,0.12,0.132,0.105,0.238,-0.092,-0.015,0.302,-0.036,0.106,-0.006,0.048,-0.193,0.14,0.373,0.073,-0.077,0.072,0.228,0.197,-0.225,-0.018,0.123,-0.121,0.084,0.33,0.135,0.177,-0.033,-0.191,0.107,0.076,0.321,0.189,0.039,-0.069,0.213,0.239,0.018,0.124,0.054,0.217,0.064
ARGX,0.923,0.588,0.853,-0.496,0.834,-0.516,0.72,0.569,0.839,0.555,0.001,0.771,0.721,-0.424,0.113,0.0,0.198,0.835,0.839,-0.515,0.715,0.598,-0.451,0.258,0.839,0.689,0.315,-0.147,0.319,0.176,0.737,0.806,0.757,0.701,0.914,0.25,0.583,0.873,0.833,0.879,0.92,0.831,0.891,0.078,0.55,0.559,0.628,0.881,0.131,0.743,0.741,0.193,0.791,0.066,0.619,0.072,0.57,-0.273,0.83,0.398,-0.244,0.734,0.764,-0.034,0.225,0.012,0.408,0.894,0.559,0.225,0.8,0.096,0.64,-0.223,0.214,0.821,0.712,0.794,0.712,0.459,0.882,0.565,0.642,0.769,0.576,0.789,-0.622,0.443,0.399,0.338,0.725,0.592,0.223,0.827,0.715,0.387,0.719,-0.158,-0.196,0.61,0.952,-0.068,0.484,0.22,0.785,-0.651,0.551,0.469,0.881,0.629,0.491,0.922,0.806,0.58,0.722,0.572,0.332,0.882,0.509,0.91,0.835,0.856,0.218,0.488,0.813,0.93,0.131,0.666,-0.157,0.43,-0.635,0.757,-0.06,0.797,0.389,0.461,0.668,0.781,0.781,0.683,0.02,0.687,0.799,0.331,0.777,0.828,0.356,0.817,0.496,0.409,0.498,-0.017,0.397,0.931,0.746,0.8,0.881,0.815,0.756,0.636,0.76,0.895,-0.128,-0.276,0.883,0.502,0.769,-0.249,0.429,0.187,0.762,0.271,0.328,0.633,0.901,0.773,0.777,0.397,0.607,0.654,0.704,0.608,0.862,0.584,0.713,0.061,0.215,-0.099,-0.087,0.675,0.833,0.877,-0.02,0.673,0.806,0.649,0.621,0.79,0.865,0.537
ARLP,0.242,-0.339,0.287,0.171,-0.063,-0.154,-0.114,0.72,0.111,0.26,-0.108,-0.25,-0.202,0.423,0.193,0.198,0.0,0.408,0.141,0.354,0.173,-0.414,0.13,-0.705,-0.223,-0.406,0.519,0.682,-0.436,0.611,0.118,0.428,-0.336,-0.113,0.039,0.653,0.125,0.46,0.057,0.222,0.261,0.189,0.122,0.049,-0.383,0.742,-0.45,0.105,0.771,-0.151,-0.208,-0.672,-0.287,0.892,-0.397,0.67,-0.455,0.746,0.099,-0.311,-0.442,0.151,0.626,-0.771,0.344,-0.142,0.761,-0.015,-0.293,0.093,-0.194,0.52,-0.369,0.189,0.545,-0.057,0.525,0.118,-0.236,-0.505,-0.111,-0.403,-0.232,-0.29,-0.451,-0.074,0.312,-0.603,0.496,0.794,0.007,-0.042,-0.472,0.419,-0.353,-0.485,-0.078,0.758,-0.64,0.075,0.139,-0.16,-0.4,-0.734,0.592,-0.494,-0.333,-0.161,0.241,-0.35,-0.499,0.004,0.541,0.593,0.059,0.113,0.825,-0.133,-0.501,0.182,-0.203,0.058,0.901,0.798,-0.107,0.081,-0.312,0.211,-0.019,-0.57,-0.245,0.403,0.793,-0.111,-0.528,-0.602,-0.033,-0.039,-0.213,-0.388,0.332,-0.273,0.242,-0.179,-0.196,0.575,-0.542,-0.195,0.228,-0.65,-0.613,-0.822,-0.54,0.158,0.269,-0.258,0.259,0.114,-0.309,-0.212,-0.277,0.35,0.741,-0.574,0.524,-0.561,-0.225,0.334,-0.318,-0.58,-0.025,-0.175,0.826,-0.416,0.258,-0.209,-0.215,-0.213,0.08,-0.224,-0.124,-0.407,0.458,-0.321,-0.268,0.591,-0.641,0.852,0.848,0.67,0.432,-0.016,0.656,0.529,0.019,-0.317,-0.397,0.29,0.122,-0.351
ATEX,0.799,0.526,0.88,-0.443,0.785,-0.657,0.61,0.625,0.704,0.489,-0.192,0.669,0.715,-0.265,0.251,0.835,0.408,0.0,0.718,-0.47,0.796,0.47,-0.441,0.13,0.681,0.56,0.38,0.096,0.229,0.18,0.835,0.595,0.524,0.652,0.861,0.607,0.792,0.819,0.852,0.859,0.821,0.85,0.744,-0.11,0.504,0.586,0.508,0.892,0.189,0.727,0.631,0.098,0.606,0.209,0.472,0.342,0.479,-0.09,0.826,0.381,-0.354,0.766,0.874,-0.152,0.375,-0.197,0.659,0.754,0.531,0.337,0.741,0.295,0.564,-0.229,0.325,0.754,0.792,0.819,0.615,0.22,0.707,0.418,0.626,0.674,0.371,0.582,-0.57,0.285,0.526,0.58,0.802,0.724,0.266,0.886,0.61,0.258,0.722,0.12,-0.344,0.699,0.852,-0.161,0.396,0.078,0.754,-0.502,0.392,0.359,0.83,0.602,0.412,0.797,0.78,0.705,0.68,0.327,0.555,0.737,0.442,0.892,0.571,0.694,0.417,0.628,0.764,0.811,0.203,0.741,-0.261,0.337,-0.749,0.651,0.083,0.803,0.332,0.243,0.552,0.598,0.628,0.466,0.215,0.637,0.779,0.26,0.737,0.863,0.329,0.723,0.725,0.256,0.301,-0.209,0.35,0.827,0.628,0.655,0.784,0.828,0.583,0.56,0.621,0.86,0.042,-0.251,0.887,0.372,0.696,-0.02,0.395,-0.008,0.705,0.448,0.505,0.432,0.774,0.698,0.684,0.398,0.534,0.717,0.566,0.532,0.906,0.561,0.681,0.25,0.045,0.081,0.229,0.825,0.714,0.786,-0.031,0.716,0.835,0.52,0.557,0.579,0.871,0.482
ATRA,0.762,0.58,0.693,-0.28,0.745,-0.431,0.783,0.487,0.756,0.585,0.047,0.698,0.634,-0.313,0.082,0.839,0.141,0.718,0.0,-0.415,0.542,0.552,-0.478,0.22,0.757,0.657,0.274,-0.063,0.467,0.281,0.724,0.72,0.661,0.58,0.807,0.257,0.6,0.757,0.8,0.845,0.824,0.824,0.816,0.003,0.494,0.514,0.661,0.815,0.213,0.652,0.641,0.058,0.776,0.059,0.633,0.102,0.582,-0.304,0.765,0.275,-0.192,0.668,0.748,0.139,0.325,0.152,0.411,0.837,0.484,0.168,0.768,0.282,0.567,-0.104,0.181,0.701,0.633,0.641,0.644,0.546,0.818,0.543,0.659,0.666,0.724,0.72,-0.563,0.433,0.465,0.271,0.597,0.523,0.234,0.697,0.695,0.303,0.631,-0.113,-0.097,0.553,0.867,0.039,0.413,0.193,0.731,-0.475,0.659,0.4,0.906,0.528,0.492,0.868,0.787,0.489,0.705,0.657,0.184,0.826,0.455,0.825,0.729,0.728,0.195,0.579,0.688,0.833,0.282,0.512,0.018,0.407,-0.367,0.652,0.025,0.711,0.388,0.441,0.672,0.697,0.755,0.578,0.111,0.637,0.855,0.491,0.707,0.714,0.334,0.769,0.601,0.374,0.5,0.035,0.318,0.789,0.482,0.717,0.753,0.719,0.776,0.635,0.727,0.692,-0.23,-0.131,0.779,0.454,0.656,-0.103,0.398,0.235,0.582,0.237,0.392,0.66,0.856,0.685,0.65,0.445,0.657,0.566,0.752,0.552,0.809,0.529,0.645,0.206,0.341,-0.101,-0.124,0.52,0.84,0.821,-0.089,0.72,0.75,0.618,0.506,0.792,0.836,0.598
AUTL,-0.504,-0.892,-0.671,0.751,-0.851,0.75,-0.347,0.092,-0.302,-0.231,0.444,-0.846,-0.859,0.707,-0.189,-0.515,0.354,-0.47,-0.415,0.0,-0.536,-0.846,0.587,-0.751,-0.748,-0.875,0.164,0.58,-0.193,0.628,-0.731,-0.066,-0.747,-0.852,-0.718,0.025,-0.598,-0.207,-0.617,-0.632,-0.463,-0.476,-0.433,0.06,-0.796,0.195,-0.707,-0.657,0.601,-0.87,-0.62,-0.75,-0.785,0.534,-0.799,0.193,-0.813,0.804,-0.665,-0.752,-0.039,-0.604,-0.212,-0.45,0.056,0.331,0.131,-0.668,-0.61,-0.204,-0.777,0.19,-0.873,0.462,-0.006,-0.756,-0.38,-0.675,-0.869,-0.419,-0.677,-0.779,-0.835,-0.855,-0.602,-0.443,0.868,-0.768,-0.094,0.141,-0.728,-0.68,-0.8,-0.477,-0.836,-0.68,-0.715,0.555,-0.204,-0.711,-0.605,0.115,-0.745,-0.724,-0.165,0.001,-0.433,-0.562,-0.387,-0.787,-0.656,-0.666,-0.19,-0.246,-0.617,0.003,0.259,-0.722,-0.858,-0.633,-0.634,-0.338,0.428,0.154,-0.777,-0.683,-0.646,-0.657,0.457,-0.852,0.599,-0.144,0.538,-0.821,-0.683,-0.738,-0.694,-0.365,-0.745,-0.761,-0.051,-0.846,-0.32,-0.24,-0.849,-0.21,-0.714,-0.828,-0.55,-0.786,-0.813,-0.374,-0.835,-0.595,-0.085,-0.796,-0.326,-0.775,-0.768,-0.782,-0.746,-0.464,0.689,-0.432,-0.315,-0.749,-0.862,0.363,-0.761,-0.388,-0.769,-0.673,0.213,-0.582,-0.387,-0.859,-0.861,-0.442,-0.179,-0.821,-0.351,-0.875,-0.382,-0.873,-0.853,0.542,-0.387,0.609,0.523,-0.122,-0.244,-0.692,0.705,0.025,-0.778,-0.797,-0.914,-0.087,-0.578,-0.823
AVDL,0.603,0.57,0.733,-0.601,0.733,-0.544,0.477,0.232,0.69,0.344,-0.122,0.619,0.697,-0.339,-0.008,0.715,0.173,0.796,0.542,-0.536,0.0,0.573,-0.528,0.362,0.673,0.622,0.345,-0.04,0.389,0.012,0.627,0.364,0.594,0.61,0.716,0.456,0.577,0.592,0.756,0.682,0.586,0.686,0.662,0.076,0.648,0.207,0.548,0.718,-0.03,0.706,0.707,0.386,0.545,-0.094,0.454,0.081,0.559,-0.22,0.752,0.546,0.044,0.546,0.603,-0.005,0.033,-0.127,0.439,0.67,0.62,0.171,0.68,-0.056,0.646,-0.254,0.208,0.767,0.517,0.75,0.634,0.216,0.586,0.522,0.627,0.72,0.435,0.645,-0.646,0.47,0.457,0.357,0.812,0.696,0.46,0.637,0.677,0.541,0.805,-0.041,-0.073,0.624,0.731,0.046,0.498,0.343,0.503,-0.358,0.439,0.521,0.649,0.739,0.556,0.654,0.51,0.506,0.497,0.166,0.282,0.651,0.513,0.763,0.491,0.627,0.134,0.32,0.671,0.709,0.128,0.657,-0.163,0.475,-0.67,0.511,-0.24,0.773,0.524,0.391,0.558,0.512,0.656,0.619,0.101,0.666,0.483,0.28,0.708,0.648,0.506,0.663,0.547,0.48,0.419,0.102,0.472,0.699,0.577,0.686,0.597,0.722,0.544,0.469,0.66,0.735,-0.025,-0.148,0.631,0.549,0.734,-0.153,0.543,0.236,0.684,0.389,0.299,0.546,0.634,0.648,0.645,0.592,0.543,0.729,0.588,0.626,0.635,0.646,0.656,0.07,0.162,-0.182,0.073,0.517,0.46,0.742,-0.151,0.408,0.714,0.577,0.628,0.358,0.716,0.507
BCRX,0.518,0.96,0.652,-0.786,0.852,-0.625,0.475,-0.148,0.484,0.146,-0.289,0.909,0.879,-0.743,0.057,0.598,-0.414,0.47,0.552,-0.846,0.573,0.0,-0.488,0.835,0.884,0.934,-0.195,-0.484,0.43,-0.492,0.711,0.192,0.862,0.896,0.752,-0.128,0.548,0.221,0.685,0.62,0.522,0.507,0.577,-0.115,0.895,-0.22,0.829,0.686,-0.574,0.869,0.688,0.782,0.835,-0.637,0.91,-0.068,0.931,-0.765,0.756,0.848,0.305,0.547,0.244,0.553,0.103,-0.256,-0.189,0.774,0.644,0.194,0.815,-0.214,0.948,-0.601,-0.025,0.835,0.287,0.726,0.931,0.456,0.767,0.909,0.922,0.926,0.718,0.642,-0.841,0.909,0.147,-0.135,0.813,0.714,0.828,0.513,0.928,0.837,0.752,-0.646,0.425,0.73,0.667,-0.173,0.862,0.851,0.179,0.02,0.543,0.761,0.43,0.901,0.701,0.689,0.194,0.162,0.531,0.167,-0.229,0.736,0.922,0.631,0.722,0.405,-0.463,-0.138,0.794,0.702,0.617,0.692,-0.428,0.931,-0.565,0.206,-0.591,0.795,0.707,0.873,0.801,0.449,0.889,0.863,0.113,0.937,0.36,0.175,0.895,0.236,0.846,0.835,0.549,0.9,0.878,0.58,0.85,0.668,0.195,0.899,0.346,0.768,0.798,0.871,0.8,0.525,-0.581,0.272,0.317,0.898,0.922,-0.277,0.878,0.373,0.822,0.673,-0.189,0.68,0.495,0.901,0.911,0.538,0.251,0.864,0.461,0.959,0.39,0.915,0.881,-0.539,0.475,-0.741,-0.609,0.184,0.314,0.688,-0.591,0.035,0.763,0.87,0.925,0.193,0.574,0.905
BHAT,-0.517,-0.536,-0.466,0.358,-0.646,0.429,-0.495,-0.031,-0.482,-0.646,0.058,-0.547,-0.639,0.557,-0.121,-0.451,0.13,-0.441,-0.478,0.587,-0.528,-0.488,0.0,-0.423,-0.545,-0.61,-0.377,0.247,-0.332,0.184,-0.58,-0.24,-0.445,-0.448,-0.575,-0.227,-0.57,-0.322,-0.59,-0.531,-0.434,-0.629,-0.403,-0.078,-0.468,-0.012,-0.442,-0.538,0.098,-0.607,-0.623,-0.368,-0.59,0.263,-0.484,0.192,-0.518,0.551,-0.529,-0.275,0.152,-0.652,-0.274,-0.163,0.303,-0.256,-0.193,-0.577,-0.51,0.125,-0.688,0.189,-0.59,-0.122,-0.219,-0.441,-0.468,-0.38,-0.502,-0.439,-0.485,-0.407,-0.494,-0.564,-0.588,-0.51,0.726,-0.462,-0.111,0.115,-0.465,-0.441,-0.41,-0.268,-0.591,-0.398,-0.657,0.311,-0.016,-0.474,-0.584,-0.497,-0.366,-0.316,-0.407,0.179,-0.611,-0.242,-0.519,-0.482,-0.557,-0.631,-0.344,-0.192,-0.509,0.156,0.122,-0.635,-0.552,-0.615,-0.463,-0.415,0.129,-0.127,-0.57,-0.607,-0.24,-0.289,-0.12,-0.489,0.229,-0.274,0.317,-0.695,-0.694,-0.468,-0.391,-0.42,-0.531,-0.479,0.131,-0.56,-0.426,-0.691,-0.587,-0.382,-0.425,-0.674,-0.41,-0.471,-0.56,-0.164,-0.474,-0.498,-0.215,-0.547,-0.427,-0.593,-0.652,-0.485,-0.688,-0.484,0.449,-0.16,-0.401,-0.446,-0.605,0.32,-0.406,-0.653,-0.408,-0.392,-0.049,-0.669,-0.467,-0.564,-0.513,-0.494,-0.62,-0.541,-0.399,-0.522,-0.455,-0.578,-0.603,-0.064,-0.256,0.351,0.218,-0.009,-0.376,-0.573,0.44,-0.314,-0.666,-0.471,-0.57,-0.373,-0.633,-0.501
BLBD,0.178,0.821,0.289,-0.65,0.584,-0.302,0.276,-0.533,0.288,-0.065,-0.162,0.725,0.666,-0.659,-0.047,0.258,-0.705,0.13,0.22,-0.751,0.362,0.835,-0.423,0.0,0.656,0.816,-0.321,-0.582,0.531,-0.612,0.391,-0.197,0.68,0.64,0.451,-0.343,0.294,-0.138,0.416,0.263,0.191,0.254,0.311,-0.084,0.843,-0.604,0.716,0.373,-0.779,0.637,0.545,0.92,0.662,-0.894,0.767,-0.281,0.87,-0.83,0.529,0.794,0.489,0.301,-0.157,0.755,-0.135,-0.096,-0.441,0.517,0.587,-0.015,0.586,-0.344,0.848,-0.552,-0.2,0.589,-0.056,0.429,0.728,0.431,0.508,0.809,0.695,0.753,0.667,0.46,-0.733,0.933,-0.048,-0.436,0.583,0.562,0.885,0.104,0.8,0.881,0.609,-0.772,0.654,0.507,0.337,0.004,0.799,0.952,-0.159,0.371,0.523,0.672,0.119,0.816,0.743,0.405,-0.174,-0.266,0.249,-0.046,-0.524,0.513,0.867,0.281,0.483,0.22,-0.739,-0.489,0.549,0.42,0.56,0.373,-0.216,0.94,-0.264,-0.074,-0.84,0.594,0.803,0.913,0.563,0.282,0.663,0.714,-0.057,0.787,0.03,0.203,0.699,-0.106,0.863,0.62,0.294,0.95,0.904,0.813,0.841,0.349,0.016,0.728,0.064,0.455,0.645,0.634,0.676,0.167,-0.671,0.457,-0.079,0.916,0.72,-0.192,0.829,0.546,0.569,0.602,-0.477,0.638,0.085,0.696,0.702,0.52,0.104,0.705,0.363,0.863,0.006,0.837,0.706,-0.613,0.553,-0.922,-0.728,-0.198,-0.032,0.433,-0.689,-0.299,0.483,0.697,0.818,-0.087,0.3,0.806
BMRN,0.772,0.857,0.774,-0.695,0.921,-0.567,0.708,0.15,0.757,0.369,-0.138,0.948,0.905,-0.696,0.124,0.839,-0.223,0.681,0.757,-0.748,0.673,0.884,-0.545,0.656,0.0,0.929,0.036,-0.428,0.509,-0.219,0.782,0.506,0.882,0.866,0.913,0.034,0.625,0.561,0.839,0.774,0.789,0.749,0.804,0.003,0.829,0.12,0.861,0.874,-0.301,0.893,0.813,0.598,0.93,-0.391,0.893,-0.061,0.872,-0.656,0.868,0.68,0.05,0.735,0.495,0.369,0.177,-0.08,0.08,0.925,0.728,0.26,0.913,-0.102,0.907,-0.456,0.008,0.897,0.502,0.801,0.9,0.573,0.923,0.851,0.868,0.955,0.773,0.808,-0.829,0.801,0.229,-0.017,0.836,0.745,0.607,0.686,0.933,0.705,0.832,-0.525,0.182,0.713,0.883,-0.082,0.767,0.645,0.469,-0.293,0.691,0.654,0.714,0.874,0.738,0.901,0.495,0.291,0.686,0.382,-0.027,0.904,0.854,0.837,0.873,0.698,-0.223,0.111,0.908,0.883,0.419,0.694,-0.262,0.8,-0.607,0.456,-0.438,0.885,0.678,0.788,0.777,0.695,0.937,0.847,0.016,0.913,0.652,0.345,0.937,0.545,0.713,0.936,0.558,0.779,0.826,0.4,0.729,0.869,0.499,0.959,0.669,0.845,0.904,0.837,0.902,0.756,-0.48,0.03,0.61,0.837,0.925,-0.304,0.738,0.386,0.849,0.539,-0.017,0.819,0.729,0.937,0.939,0.519,0.48,0.84,0.661,0.888,0.643,0.843,0.917,-0.263,0.47,-0.545,-0.459,0.413,0.598,0.837,-0.425,0.381,0.857,0.816,0.883,0.537,0.813,0.828
BNGO,0.636,0.94,0.684,-0.749,0.913,-0.585,0.62,-0.068,0.592,0.275,-0.2,0.961,0.924,-0.734,0.074,0.689,-0.406,0.56,0.657,-0.875,0.622,0.934,-0.61,0.816,0.929,0.0,-0.099,-0.553,0.528,-0.397,0.761,0.274,0.9,0.874,0.844,-0.095,0.6,0.356,0.78,0.716,0.641,0.654,0.652,0.0,0.914,-0.119,0.896,0.789,-0.515,0.914,0.777,0.757,0.939,-0.59,0.929,-0.185,0.961,-0.824,0.827,0.779,0.125,0.673,0.316,0.54,0.017,-0.116,-0.087,0.862,0.734,0.193,0.898,-0.179,0.972,-0.489,-0.026,0.881,0.403,0.744,0.935,0.597,0.86,0.913,0.897,0.969,0.822,0.718,-0.928,0.913,0.178,-0.153,0.816,0.737,0.78,0.539,0.984,0.814,0.829,-0.651,0.347,0.708,0.77,-0.042,0.837,0.794,0.29,-0.082,0.694,0.702,0.583,0.912,0.818,0.821,0.352,0.147,0.637,0.266,-0.226,0.871,0.932,0.731,0.804,0.583,-0.444,-0.076,0.877,0.812,0.561,0.632,-0.279,0.926,-0.551,0.298,-0.609,0.893,0.799,0.891,0.775,0.598,0.93,0.9,-0.056,0.96,0.502,0.374,0.942,0.365,0.823,0.936,0.548,0.907,0.926,0.552,0.855,0.744,0.303,0.961,0.521,0.795,0.921,0.858,0.914,0.59,-0.645,0.264,0.43,0.918,0.945,-0.341,0.836,0.493,0.813,0.59,-0.179,0.819,0.57,0.948,0.938,0.548,0.409,0.878,0.624,0.967,0.489,0.936,0.94,-0.404,0.527,-0.703,-0.608,0.203,0.429,0.803,-0.591,0.148,0.85,0.871,0.963,0.357,0.719,0.919
BUSE,0.346,-0.206,0.223,0.154,0.101,-0.013,0.197,0.42,0.444,0.613,0.355,-0.058,-0.012,-0.009,0.075,0.315,0.519,0.38,0.274,0.164,0.345,-0.195,-0.377,-0.321,0.036,-0.099,0.0,0.433,0.078,0.529,0.12,0.47,-0.072,-0.16,0.181,0.508,0.146,0.464,0.187,0.278,0.296,0.49,0.244,0.191,-0.197,0.47,-0.198,0.18,0.612,-0.003,0.239,-0.368,-0.012,0.444,-0.22,0.133,-0.182,0.318,0.168,-0.307,-0.395,0.317,0.377,-0.534,-0.171,0.499,0.545,0.209,0.085,-0.298,0.107,0.13,-0.108,0.413,0.632,-0.032,0.477,0.04,-0.151,0.001,0.048,-0.285,-0.141,-0.041,0.059,0.357,-0.043,-0.266,0.28,0.329,0.023,-0.075,-0.369,0.143,-0.057,-0.198,0.218,0.274,-0.349,-0.042,0.331,0.57,-0.281,-0.43,0.579,-0.537,0.111,-0.106,0.433,-0.113,-0.01,0.256,0.502,0.371,0.132,0.023,0.492,0.199,-0.229,0.321,0.03,0.399,0.515,0.503,0.027,0.292,-0.425,-0.024,0.463,-0.297,-0.039,0.598,0.279,0.161,0.096,-0.204,-0.046,0.417,-0.024,-0.116,-0.085,-0.089,0.322,0.529,-0.011,0.548,-0.25,0.049,0.049,-0.271,-0.184,-0.384,-0.243,0.233,0.469,-0.024,0.449,0.172,0.048,-0.132,0.209,0.416,0.358,-0.451,0.512,-0.251,-0.011,-0.053,-0.21,0.182,-0.086,-0.128,0.498,0.161,0.396,-0.031,-0.084,0.168,0.632,-0.042,0.175,-0.186,0.487,-0.124,-0.073,0.61,-0.297,0.37,0.443,0.314,0.42,0.186,0.363,0.595,0.177,-0.056,-0.161,0.493,0.355,-0.226
CAKE,-0.154,-0.441,-0.07,0.373,-0.355,0.128,-0.262,0.326,0.032,0.075,0.12,-0.452,-0.436,0.476,0.084,-0.147,0.682,0.096,-0.063,0.58,-0.04,-0.484,0.247,-0.582,-0.428,-0.553,0.433,0.0,-0.147,0.669,-0.17,0.127,-0.496,-0.369,-0.276,0.484,-0.036,0.098,-0.192,-0.103,-0.11,-0.033,-0.078,-0.255,-0.404,0.382,-0.579,-0.219,0.716,-0.424,-0.345,-0.653,-0.496,0.587,-0.512,0.639,-0.478,0.817,-0.114,-0.315,-0.101,-0.136,0.325,-0.491,0.335,0.014,0.478,-0.221,-0.434,-0.206,-0.393,0.476,-0.463,0.156,0.497,-0.278,0.045,-0.166,-0.42,-0.591,-0.386,-0.518,-0.374,-0.448,-0.435,-0.187,0.505,-0.547,0.418,0.582,-0.188,-0.257,-0.427,0.034,-0.45,-0.418,-0.244,0.675,-0.272,-0.061,-0.167,0.01,-0.444,-0.616,0.256,-0.032,-0.359,-0.191,-0.028,-0.407,-0.522,-0.312,0.205,0.25,-0.333,-0.013,0.631,-0.374,-0.582,-0.18,-0.486,-0.178,0.69,0.586,-0.441,-0.236,-0.308,-0.064,0.152,-0.566,0.09,0.159,0.616,-0.345,-0.457,-0.548,-0.183,-0.196,-0.381,-0.529,0.385,-0.376,-0.074,-0.187,-0.37,0.238,-0.437,-0.463,0.065,-0.601,-0.621,-0.563,-0.629,-0.144,0.118,-0.429,-0.101,-0.166,-0.528,-0.419,-0.403,-0.038,0.808,-0.426,0.132,-0.547,-0.402,0.529,-0.301,-0.453,-0.29,-0.131,0.699,-0.459,-0.073,-0.432,-0.446,-0.117,0.051,-0.306,-0.235,-0.481,0.144,-0.391,-0.46,0.525,-0.552,0.62,0.741,0.337,0.152,-0.312,0.691,0.335,-0.276,-0.353,-0.582,0.004,-0.181,-0.422
CASY,0.155,0.397,0.06,-0.149,0.334,0.128,0.592,-0.272,0.62,0.104,0.406,0.426,0.38,-0.226,-0.207,0.319,-0.436,0.229,0.467,-0.193,0.389,0.43,-0.332,0.531,0.509,0.528,0.078,-0.147,0.0,0.102,0.209,0.076,0.429,0.189,0.343,-0.064,0.272,0.167,0.503,0.215,0.268,0.497,0.41,0.118,0.535,-0.208,0.619,0.362,-0.17,0.347,0.595,0.395,0.491,-0.485,0.419,-0.273,0.603,-0.42,0.44,0.285,0.331,0.208,0.106,0.571,-0.05,0.43,0.039,0.464,0.629,-0.068,0.487,-0.036,0.488,-0.142,-0.196,0.377,-0.016,0.179,0.331,0.546,0.389,0.502,0.407,0.484,0.754,0.552,-0.45,0.596,0.149,-0.251,0.389,0.406,0.373,0.025,0.587,0.512,0.53,-0.364,0.463,0.179,0.391,0.38,0.4,0.499,0.054,0.144,0.712,0.321,0.436,0.569,0.676,0.409,0.158,-0.293,0.152,0.3,-0.219,0.466,0.449,0.286,0.328,0.514,-0.332,-0.056,0.331,0.332,0.12,-0.009,0.401,0.504,0.041,0.237,-0.467,0.44,0.683,0.571,0.279,0.511,0.471,0.418,-0.235,0.492,0.328,0.576,0.443,0.155,0.56,0.447,0.219,0.603,0.56,0.592,0.417,0.263,0.273,0.508,0.304,0.183,0.545,0.345,0.625,0.18,-0.325,0.051,0.127,0.627,0.427,-0.101,0.419,0.557,0.16,0.146,-0.183,0.728,0.255,0.376,0.33,0.599,0.571,0.423,0.647,0.505,0.166,0.453,0.451,0.121,0.636,-0.519,-0.361,-0.066,0.207,0.423,-0.25,0.191,0.331,0.42,0.414,0.274,0.456,0.472
CCOI,0.143,-0.479,-0.041,0.475,-0.26,0.381,0.153,0.507,0.321,0.311,0.468,-0.324,-0.397,0.496,-0.121,0.176,0.611,0.18,0.281,0.628,0.012,-0.492,0.184,-0.612,-0.219,-0.397,0.529,0.669,0.102,0.0,-0.182,0.5,-0.277,-0.407,-0.082,0.32,-0.116,0.442,0.001,0.078,0.22,0.2,0.232,0.073,-0.39,0.637,-0.286,-0.031,0.839,-0.383,-0.149,-0.723,-0.214,0.653,-0.393,0.317,-0.411,0.668,-0.018,-0.494,-0.283,-0.013,0.425,-0.453,0.207,0.408,0.56,0.005,-0.283,-0.187,-0.226,0.455,-0.433,0.382,0.303,-0.159,0.185,-0.117,-0.369,-0.129,-0.065,-0.433,-0.393,-0.345,-0.121,0.119,0.413,-0.477,0.397,0.469,-0.225,-0.3,-0.626,0.108,-0.303,-0.435,-0.163,0.559,-0.387,-0.214,0.077,0.18,-0.448,-0.653,0.51,-0.384,0.04,-0.208,0.338,-0.378,-0.306,0.004,0.523,0.182,-0.121,0.487,0.53,-0.073,-0.561,0.03,-0.113,0.302,0.676,0.681,-0.261,0.023,-0.466,-0.195,0.506,-0.575,0.201,0.473,0.565,-0.224,-0.366,-0.44,-0.139,0.187,-0.19,-0.317,0.002,-0.345,0.272,0.137,-0.285,0.466,-0.472,-0.246,-0.09,-0.547,-0.48,-0.452,-0.634,0.055,0.398,-0.232,0.323,-0.16,-0.209,-0.377,-0.181,0.118,0.645,-0.536,0.357,-0.439,-0.354,0.332,-0.427,-0.209,-0.273,-0.515,0.672,-0.104,0.238,-0.334,-0.361,-0.119,0.368,-0.374,0.244,-0.465,0.295,-0.424,-0.363,0.722,-0.298,0.62,0.579,0.37,0.473,-0.043,0.77,0.588,-0.173,-0.334,-0.534,0.518,0.078,-0.396
CEVA,0.74,0.785,0.868,-0.553,0.913,-0.832,0.599,0.417,0.531,0.456,-0.387,0.85,0.888,-0.494,0.33,0.737,0.118,0.835,0.724,-0.731,0.627,0.711,-0.58,0.391,0.782,0.761,0.12,-0.17,0.209,-0.182,0.0,0.439,0.637,0.832,0.908,0.395,0.876,0.601,0.862,0.876,0.761,0.799,0.635,-0.192,0.636,0.336,0.651,0.913,-0.117,0.878,0.642,0.333,0.773,-0.072,0.728,0.246,0.701,-0.451,0.842,0.544,-0.292,0.819,0.698,0.14,0.37,-0.289,0.383,0.799,0.601,0.378,0.871,0.227,0.751,-0.348,0.272,0.787,0.737,0.817,0.796,0.345,0.796,0.634,0.837,0.8,0.543,0.53,-0.762,0.513,0.341,0.337,0.83,0.802,0.53,0.813,0.761,0.394,0.741,-0.165,-0.122,0.808,0.829,-0.204,0.574,0.345,0.595,-0.299,0.446,0.445,0.727,0.693,0.547,0.841,0.607,0.588,0.796,0.191,0.234,0.806,0.688,0.875,0.661,0.511,0.112,0.409,0.863,0.832,0.527,0.792,-0.429,0.605,-0.698,0.463,-0.08,0.889,0.49,0.48,0.678,0.526,0.744,0.571,0.251,0.806,0.751,0.274,0.865,0.64,0.525,0.862,0.833,0.481,0.566,-0.015,0.601,0.8,0.321,0.768,0.622,0.913,0.76,0.799,0.728,0.749,-0.339,0.043,0.729,0.541,0.833,-0.12,0.594,0.116,0.78,0.669,0.248,0.51,0.705,0.877,0.845,0.428,0.411,0.836,0.471,0.737,0.8,0.751,0.856,-0.037,0.208,-0.208,-0.089,0.597,0.608,0.798,-0.374,0.511,0.945,0.693,0.766,0.443,0.85,0.733
