,AAPL,ACRS,ADP,AFYA,AGNC,AGYS,ALT,AMGN,AMPH,AMZN,ANIP,AOSL,APDN,APLT,APVO,ARGX,ARLP,ATEX,ATRA,AUTL,AVDL,BCRX,BHAT,BLBD,BMRN,BNGO,BUSE,CAKE,CASY,CCOI,CEVA,CHY,CLDX,CLMT,COHU,COLM,COST,CPRT,CSWC,CSX,DBX,DCOM,DKNG,DMLP,DOX,EA,EDIT,ENPH,ENSG,ERNA,ESGR,ETNB,EXTR,FANG,FARO,FATE,FGEN,FIVE,FIVN,FLGT,FOLD,FORM,FOXA,FRPT,FSLR,FTAI,GBDC,GDYN,GGAL,GNLN,GRFS,GT,HCAT,HCM,HFWA,HOLX,HQY,HUBG,IAC,ICLR,IDCC,IEP,IHRT,ILMN,ILPT,IMAB,IMOS,INMD,INTZ,JAZZ,JKHY,JRVR,KIDS,LBRDK,LGND,LMAT,LPLA,LULU,MASI,MAT,MATW,MBIN,MBIO,MCRB,MDB,MDLZ,MELI,MIRM,MLKN,MNMD,MNRO,MPWR,MRCY,MRSN,MTVA,NAAS,NDAQ,NDSN,NEGG,NOVT,NVDA,NWE,NWSA,NXST,OCX,ODFL,OMAB,OPCH,OPRA,ORGO,OTRK,OZK,PAGP,PCH,PEGA,PENG,PENN,PFBC,PGNY,PHAT,PHUN,PINC,PLUG,PLXS,PYPL,QLYS,QNCX,QQQX,QVCGA,RAPT,RBBN,RCKT,REPL,RMBS,ROAD,ROKU,ROP,RUSHA,SANM,SATS,SBCF,SBLK,SBUX,SCHL,SCSC,SDGR,SEIC,SFIX,SGRY,SKYW,SLP,SNES,STAA,STLD,STOK,SWKS,TER,TFIN,TIGO,TILE,TPIC,TTEC,TTEK,TTGT,UXIN,VERU,VLYPP,VNOM,VRNS,VRSN,WDAY,WERN,WINA,WKHS,WRLD,XP,XTKG,YY,ZION,ZM
AAPL,0.0,-0.391,0.288,0.447,0.135,0.513,-0.274,0.0,0.026,0.607,0.315,0.324,-0.091,0.063,-0.143,-0.19,-0.022,0.466,-0.086,0.428,-0.218,0.203,0.308,0.354,-0.105,0.421,-0.122,-0.117,0.474,0.152,0.239,0.065,0.112,-0.278,-0.025,0.397,0.324,0.007,0.024,-0.038,0.331,-0.049,0.003,-0.314,0.107,0.6,0.223,0.454,0.022,-0.071,-0.175,0.032,-0.114,0.056,0.255,-0.06,0.036,0.115,0.207,0.211,-0.371,0.126,0.013,0.098,0.272,0.097,-0.147,0.007,-0.076,0.147,0.058,0.159,-0.088,-0.196,-0.135,0.288,-0.031,0.012,0.411,0.279,0.32,0.087,0.031,0.646,-0.022,-0.017,0.188,0.245,-0.126,0.082,-0.07,-0.218,0.017,0.074,-0.187,-0.322,-0.102,0.077,0.096,-0.055,-0.077,-0.078,0.057,0.446,0.641,0.199,0.104,-0.025,-0.2,-0.018,0.348,0.715,-0.039,0.023,0.581,0.155,0.094,0.391,0.439,0.237,0.112,-0.135,0.21,-0.063,0.003,0.419,0.302,-0.028,-0.117,0.23,0.234,-0.122,-0.12,0.584,0.102,0.189,0.068,-0.099,-0.019,-0.204,-0.022,-0.238,0.153,0.402,0.675,0.312,-0.146,0.651,-0.1,-0.129,-0.151,0.261,0.151,0.141,0.378,0.185,-0.037,-0.004,0.221,-0.37,-0.05,-0.496,0.404,-0.267,-0.053,0.438,0.083,0.601,0.041,0.542,0.583,-0.084,0.569,0.146,0.531,0.698,0.69,0.151,-0.133,0.271,0.408,0.004,0.542,0.166,0.114,-0.273,-0.083,0.365,0.057,0.364,0.341,-0.003,-0.031,0.095,0.056,0.322,0.305,0.051,-0.099,0.195
ACRS,-0.391,0.0,0.529,0.451,0.691,-0.164,0.757,0.706,-0.665,0.424,0.055,0.665,0.848,0.666,0.385,0.806,0.727,0.301,0.884,-0.362,-0.398,0.703,0.517,-0.521,0.907,0.599,0.716,0.799,0.31,0.706,0.651,0.441,-0.354,0.469,-0.226,0.444,0.58,-0.074,0.648,0.671,0.649,0.535,0.06,0.53,0.779,-0.107,0.765,-0.649,0.711,0.638,0.781,0.283,0.848,0.086,0.656,0.776,0.824,0.678,0.711,0.522,0.855,0.8,0.76,0.609,-0.857,-0.31,0.36,0.652,0.679,0.471,0.822,0.374,0.594,0.515,0.765,0.713,0.359,0.706,0.485,0.25,-0.047,0.527,0.749,-0.464,0.792,0.84,-0.501,0.696,0.878,0.768,0.516,-0.046,0.687,0.77,0.451,0.377,0.404,0.779,-0.615,0.769,0.726,0.686,0.805,-0.667,0.098,0.224,-0.626,-0.134,0.546,0.832,0.639,0.143,0.719,0.764,-0.662,0.42,0.748,0.536,0.571,0.682,-0.575,0.427,0.738,0.855,0.6,0.241,-0.871,-0.568,-0.609,0.641,0.718,0.803,0.221,-0.488,0.092,0.728,0.695,0.735,0.029,0.754,0.779,0.838,0.737,0.446,0.02,-0.554,0.1,-0.112,0.877,0.322,0.206,-0.181,0.713,0.537,0.512,0.55,0.069,0.649,0.696,-0.261,0.763,0.211,0.556,0.721,0.724,-0.509,0.672,-0.331,0.725,-0.135,-0.115,0.737,0.379,-0.023,-0.432,0.219,0.199,0.731,0.512,0.625,-0.203,0.778,0.412,0.571,0.559,0.889,0.484,0.372,0.526,0.62,0.292,0.407,-0.009,0.776,0.763,0.569,-0.238,0.766,0.664,0.715
ADP,0.288,0.529,0.0,0.807,0.865,0.574,0.532,0.586,-0.577,0.61,0.584,0.755,0.798,0.8,0.649,0.329,0.904,0.256,0.729,-0.311,-0.308,0.696,0.432,0.019,0.78,0.86,0.862,0.841,0.681,0.762,0.79,0.871,0.02,0.657,-0.216,0.889,0.71,0.342,0.885,0.819,0.747,0.833,0.452,0.549,0.662,0.531,0.765,-0.025,0.802,0.787,0.783,0.405,0.774,0.488,0.898,0.734,0.812,0.864,0.793,0.503,0.654,0.745,0.892,0.896,-0.463,0.142,0.633,0.846,0.81,0.54,0.792,0.865,0.705,0.577,0.844,0.821,0.772,0.909,0.824,0.798,-0.004,0.899,0.726,-0.22,0.866,0.757,-0.048,0.854,0.756,0.893,0.834,0.232,0.796,0.877,0.549,0.277,0.77,0.897,-0.342,0.892,0.839,0.831,0.853,-0.363,0.631,0.25,-0.266,0.046,0.712,0.855,0.798,0.635,0.882,0.82,-0.005,0.811,0.909,0.791,0.65,0.716,-0.465,0.455,0.888,0.793,0.812,0.857,-0.475,-0.279,-0.556,0.773,0.802,0.806,0.558,-0.311,0.418,0.815,0.931,0.866,0.189,0.737,0.837,0.575,0.828,0.746,0.702,-0.059,0.437,0.379,0.72,0.709,0.52,0.347,0.831,0.757,0.88,0.718,0.242,0.87,0.861,-0.193,0.855,0.021,0.933,0.728,0.884,-0.125,0.918,-0.081,0.824,0.542,-0.094,0.646,0.565,0.548,-0.279,0.585,0.395,0.825,0.588,0.789,0.078,0.743,0.729,0.919,0.877,0.623,0.788,0.817,0.744,0.879,0.646,0.801,0.307,0.871,0.91,0.69,0.214,0.871,0.845,0.67
AFYA,0.447,0.451,0.807,0.0,0.78,0.382,0.318,0.523,-0.661,0.748,0.36,0.853,0.754,0.687,0.267,0.405,0.695,0.455,0.669,-0.044,-0.657,0.733,0.725,-0.066,0.734,0.852,0.624,0.669,0.874,0.686,0.817,0.649,-0.313,0.231,-0.43,0.775,0.83,-0.082,0.657,0.56,0.842,0.581,0.221,0.194,0.789,0.275,0.776,-0.155,0.557,0.687,0.56,0.095,0.677,0.232,0.886,0.501,0.737,0.685,0.859,0.333,0.41,0.741,0.74,0.743,-0.505,-0.16,0.218,0.669,0.677,0.626,0.798,0.574,0.429,0.207,0.616,0.807,0.523,0.755,0.673,0.524,0.125,0.672,0.733,-0.136,0.739,0.619,-0.16,0.821,0.648,0.742,0.607,-0.172,0.539,0.745,0.143,-0.061,0.467,0.763,-0.585,0.707,0.587,0.523,0.815,-0.263,0.63,0.218,-0.51,-0.277,0.343,0.733,0.87,0.691,0.639,0.703,0.031,0.637,0.788,0.855,0.842,0.771,-0.589,0.098,0.87,0.701,0.787,0.63,-0.522,-0.586,-0.734,0.66,0.879,0.594,0.186,-0.04,0.16,0.77,0.766,0.641,-0.122,0.555,0.664,0.468,0.814,0.883,0.676,-0.295,0.209,0.286,0.703,0.379,0.311,0.074,0.77,0.516,0.787,0.581,-0.145,0.649,0.861,-0.54,0.69,-0.342,0.87,0.376,0.639,-0.144,0.729,0.006,0.652,0.495,0.148,0.413,0.81,0.249,-0.14,0.799,0.642,0.696,0.343,0.88,0.243,0.754,0.736,0.733,0.721,0.597,0.552,0.761,0.425,0.903,0.343,0.525,-0.079,0.759,0.753,0.882,0.041,0.742,0.591,0.693
AGNC,0.135,0.691,0.865,0.78,0.0,0.307,0.704,0.586,-0.796,0.688,0.315,0.84,0.909,0.838,0.63,0.607,0.89,0.242,0.904,-0.234,-0.314,0.815,0.541,-0.276,0.875,0.83,0.905,0.887,0.636,0.718,0.82,0.785,-0.249,0.584,-0.301,0.747,0.821,0.192,0.945,0.74,0.795,0.801,0.333,0.569,0.824,0.267,0.89,-0.268,0.761,0.783,0.846,0.366,0.92,0.385,0.872,0.805,0.887,0.906,0.873,0.433,0.768,0.829,0.947,0.828,-0.725,0.063,0.638,0.904,0.896,0.465,0.866,0.732,0.713,0.507,0.91,0.87,0.705,0.894,0.801,0.633,0.086,0.87,0.908,-0.401,0.897,0.839,-0.191,0.894,0.836,0.9,0.773,0.029,0.833,0.943,0.551,0.279,0.671,0.909,-0.574,0.938,0.763,0.853,0.879,-0.483,0.592,0.268,-0.402,0.045,0.635,0.919,0.823,0.548,0.891,0.854,-0.357,0.707,0.96,0.767,0.732,0.873,-0.435,0.508,0.901,0.903,0.831,0.647,-0.688,-0.405,-0.711,0.696,0.845,0.906,0.448,-0.426,0.334,0.875,0.906,0.915,0.033,0.871,0.874,0.744,0.926,0.792,0.556,-0.221,0.334,0.248,0.897,0.585,0.46,0.063,0.833,0.747,0.823,0.726,0.285,0.816,0.917,-0.209,0.925,0.182,0.857,0.709,0.841,-0.36,0.905,-0.177,0.921,0.325,-0.096,0.718,0.532,0.272,-0.29,0.541,0.392,0.899,0.653,0.706,0.202,0.9,0.644,0.836,0.841,0.825,0.776,0.653,0.768,0.888,0.551,0.731,0.182,0.918,0.925,0.805,-0.118,0.871,0.872,0.83
AGYS,0.513,-0.164,0.574,0.382,0.307,0.0,-0.014,-0.036,0.119,0.25,0.733,0.222,0.11,0.301,0.474,-0.391,0.401,0.071,0.016,-0.169,0.107,0.101,-0.103,0.594,0.082,0.406,0.336,0.242,0.358,0.203,0.332,0.564,0.543,0.445,0.178,0.615,0.146,0.617,0.409,0.375,0.253,0.521,0.358,0.234,-0.023,0.755,0.148,0.577,0.33,0.292,0.227,0.385,0.088,0.553,0.38,0.228,0.188,0.3,0.159,0.286,0.048,0.163,0.303,0.458,0.323,0.456,0.496,0.377,0.251,0.16,0.13,0.688,0.414,0.416,0.271,0.25,0.592,0.338,0.513,0.739,-0.034,0.534,0.022,0.141,0.261,0.199,0.375,0.326,0.093,0.341,0.463,0.5,0.35,0.268,0.434,0.19,0.557,0.346,0.326,0.283,0.453,0.392,0.251,0.173,0.607,-0.122,0.391,0.375,0.483,0.238,0.283,0.586,0.391,0.322,0.586,0.57,0.318,0.367,0.185,0.066,0.078,0.11,0.315,0.104,0.261,0.789,0.303,0.346,0.038,0.406,0.202,0.213,0.531,0.028,0.401,0.294,0.439,0.341,0.457,0.086,0.294,-0.128,0.21,0.357,0.654,0.51,0.373,0.59,-0.021,0.494,0.424,0.692,0.325,0.479,0.555,0.323,0.18,0.453,0.308,0.141,0.305,0.016,0.497,0.338,0.44,0.47,0.455,0.198,0.289,0.81,0.022,0.246,0.227,0.765,0.087,0.399,0.229,0.255,0.242,0.321,0.053,0.03,0.526,0.565,0.514,-0.133,0.497,0.616,0.49,0.365,0.627,0.543,0.608,0.261,0.368,0.154,0.646,0.328,0.383,0.046
ALT,-0.274,0.757,0.532,0.318,0.704,-0.014,0.0,0.498,-0.537,0.399,0.296,0.629,0.688,0.636,0.567,0.685,0.712,0.224,0.813,-0.335,0.011,0.621,0.187,-0.283,0.747,0.549,0.744,0.652,0.142,0.58,0.647,0.529,-0.08,0.541,0.14,0.496,0.453,0.245,0.717,0.734,0.558,0.658,0.002,0.739,0.556,0.048,0.645,-0.268,0.663,0.624,0.777,0.412,0.771,0.379,0.6,0.801,0.77,0.665,0.508,0.543,0.831,0.725,0.682,0.64,-0.657,0.158,0.647,0.718,0.752,0.256,0.654,0.552,0.771,0.709,0.783,0.618,0.475,0.687,0.578,0.491,0.102,0.625,0.638,-0.458,0.673,0.766,-0.441,0.674,0.776,0.696,0.564,0.279,0.759,0.76,0.584,0.527,0.539,0.711,-0.325,0.741,0.676,0.782,0.707,-0.583,0.236,0.005,-0.21,0.098,0.616,0.781,0.487,0.259,0.756,0.788,-0.531,0.434,0.738,0.511,0.429,0.611,-0.209,0.443,0.627,0.731,0.511,0.365,-0.652,-0.25,-0.319,0.556,0.586,0.812,0.499,-0.479,0.077,0.767,0.668,0.756,0.337,0.706,0.812,0.653,0.733,0.387,0.178,-0.329,0.046,0.203,0.76,0.469,0.218,0.059,0.565,0.785,0.56,0.425,0.401,0.61,0.673,0.076,0.771,0.522,0.509,0.762,0.731,-0.317,0.74,-0.269,0.784,-0.058,-0.233,0.769,0.176,0.207,-0.347,0.253,0.178,0.692,0.763,0.464,-0.152,0.605,0.432,0.609,0.646,0.736,0.606,0.393,0.671,0.56,0.506,0.534,0.327,0.728,0.706,0.491,-0.156,0.73,0.756,0.704
AMGN,0.0,0.706,0.586,0.523,0.586,-0.036,0.498,0.0,-0.559,0.572,0.092,0.604,0.728,0.492,0.279,0.701,0.62,0.504,0.763,-0.204,-0.497,0.692,0.681,-0.478,0.773,0.683,0.573,0.66,0.34,0.723,0.581,0.344,-0.308,0.23,-0.417,0.451,0.651,-0.208,0.553,0.531,0.646,0.338,0.143,0.265,0.736,0.168,0.76,-0.493,0.619,0.497,0.626,0.433,0.661,-0.079,0.582,0.714,0.751,0.675,0.747,0.408,0.651,0.667,0.69,0.56,-0.693,-0.394,0.169,0.575,0.462,0.451,0.781,0.268,0.407,0.408,0.636,0.787,0.153,0.582,0.547,0.255,-0.192,0.465,0.666,-0.012,0.652,0.789,-0.484,0.665,0.804,0.75,0.36,-0.16,0.699,0.743,0.232,0.243,0.217,0.676,-0.53,0.659,0.587,0.585,0.744,-0.458,0.29,0.55,-0.644,-0.084,0.306,0.722,0.644,0.22,0.609,0.601,-0.413,0.395,0.676,0.527,0.661,0.648,-0.635,0.434,0.742,0.809,0.499,0.286,-0.711,-0.584,-0.683,0.566,0.716,0.697,-0.014,-0.358,0.034,0.624,0.597,0.605,-0.05,0.658,0.664,0.777,0.625,0.366,0.16,-0.352,-0.003,0.097,0.718,0.174,-0.102,-0.065,0.749,0.434,0.542,0.518,0.041,0.501,0.624,-0.482,0.628,-0.113,0.669,0.499,0.56,-0.326,0.58,-0.142,0.59,-0.062,0.164,0.594,0.56,-0.108,-0.125,0.293,0.314,0.735,0.392,0.643,-0.137,0.716,0.567,0.587,0.486,0.711,0.266,0.399,0.466,0.688,0.389,0.217,-0.161,0.719,0.687,0.519,-0.046,0.686,0.491,0.697
AMPH,0.026,-0.665,-0.577,-0.661,-0.796,0.119,-0.537,-0.559,0.0,-0.549,0.157,-0.655,-0.823,-0.648,-0.321,-0.73,-0.648,-0.156,-0.826,0.099,0.475,-0.701,-0.622,0.646,-0.774,-0.587,-0.669,-0.708,-0.488,-0.589,-0.594,-0.482,0.704,-0.282,0.606,-0.361,-0.784,0.221,-0.672,-0.429,-0.619,-0.478,-0.256,-0.323,-0.817,0.133,-0.762,0.565,-0.491,-0.594,-0.679,-0.107,-0.822,0.001,-0.677,-0.536,-0.735,-0.764,-0.816,-0.155,-0.624,-0.655,-0.762,-0.542,0.903,0.246,-0.274,-0.653,-0.728,-0.415,-0.764,-0.312,-0.323,-0.181,-0.704,-0.718,-0.393,-0.68,-0.458,-0.169,0.013,-0.563,-0.929,0.453,-0.75,-0.645,0.355,-0.687,-0.736,-0.659,-0.542,0.353,-0.549,-0.761,-0.186,-0.01,-0.338,-0.672,0.878,-0.756,-0.421,-0.53,-0.711,0.621,-0.284,-0.439,0.677,0.235,-0.313,-0.748,-0.683,-0.2,-0.605,-0.603,0.604,-0.329,-0.748,-0.555,-0.678,-0.858,0.563,-0.438,-0.734,-0.794,-0.737,-0.216,0.845,0.673,0.785,-0.445,-0.76,-0.716,-0.089,0.471,-0.154,-0.609,-0.639,-0.679,0.358,-0.81,-0.639,-0.797,-0.779,-0.593,-0.245,0.56,-0.141,0.148,-0.883,-0.305,-0.29,0.441,-0.624,-0.341,-0.487,-0.539,-0.106,-0.547,-0.708,0.4,-0.709,0.002,-0.617,-0.399,-0.518,0.725,-0.604,0.255,-0.63,0.096,0.111,-0.495,-0.451,0.17,0.319,-0.323,-0.223,-0.706,-0.414,-0.538,-0.243,-0.892,-0.309,-0.515,-0.54,-0.851,-0.485,-0.289,-0.398,-0.694,-0.101,-0.424,0.31,-0.772,-0.692,-0.716,0.591,-0.619,-0.593,-0.769
AMZN,0.607,0.424,0.61,0.748,0.688,0.25,0.399,0.572,-0.549,0.0,0.237,0.857,0.589,0.568,0.151,0.57,0.511,0.736,0.659,0.166,-0.511,0.785,0.75,-0.186,0.61,0.848,0.429,0.505,0.654,0.667,0.753,0.337,-0.254,0.017,-0.222,0.64,0.82,-0.126,0.519,0.427,0.853,0.341,-0.049,0.092,0.773,0.425,0.846,-0.135,0.55,0.397,0.434,0.235,0.566,0.062,0.729,0.581,0.687,0.654,0.781,0.555,0.34,0.758,0.599,0.532,-0.487,-0.202,0.118,0.512,0.448,0.448,0.704,0.36,0.393,0.231,0.473,0.835,0.206,0.514,0.783,0.383,0.261,0.46,0.652,0.188,0.566,0.654,-0.332,0.795,0.583,0.657,0.298,-0.319,0.569,0.688,0.141,-0.029,0.14,0.667,-0.446,0.532,0.438,0.453,0.674,-0.145,0.722,0.367,-0.424,-0.139,0.169,0.633,0.817,0.748,0.51,0.628,-0.091,0.395,0.667,0.745,0.913,0.803,-0.336,0.194,0.76,0.621,0.447,0.482,-0.459,-0.542,-0.639,0.667,0.778,0.53,-0.03,0.161,0.084,0.773,0.575,0.477,-0.027,0.413,0.585,0.478,0.739,0.704,0.65,-0.153,-0.136,0.506,0.634,0.04,-0.077,0.002,0.686,0.553,0.721,0.58,0.005,0.434,0.748,-0.598,0.561,-0.272,0.785,0.27,0.467,-0.016,0.578,0.346,0.632,0.281,0.515,0.511,0.823,-0.022,0.162,0.824,0.809,0.731,0.269,0.695,0.229,0.648,0.83,0.568,0.526,0.494,0.275,0.561,0.483,0.841,0.55,0.249,-0.079,0.695,0.638,0.792,-0.01,0.632,0.413,0.817
ANIP,0.315,0.055,0.584,0.36,0.315,0.733,0.296,0.092,0.157,0.237,0.0,0.392,0.186,0.388,0.527,-0.214,0.533,0.206,0.175,-0.368,0.197,0.28,-0.159,0.64,0.248,0.511,0.435,0.273,0.34,0.321,0.548,0.65,0.624,0.452,0.465,0.76,0.067,0.644,0.451,0.624,0.396,0.614,0.043,0.518,0.01,0.613,0.227,0.601,0.385,0.472,0.365,0.23,0.193,0.765,0.49,0.397,0.365,0.252,0.138,0.532,0.251,0.352,0.343,0.635,0.247,0.518,0.585,0.484,0.424,0.197,0.243,0.788,0.665,0.601,0.401,0.309,0.565,0.504,0.583,0.865,0.089,0.59,0.025,0.053,0.304,0.336,0.213,0.455,0.253,0.446,0.527,0.682,0.469,0.384,0.475,0.239,0.67,0.472,0.388,0.373,0.598,0.526,0.4,0.021,0.583,-0.412,0.408,0.166,0.619,0.378,0.285,0.656,0.53,0.52,0.486,0.687,0.433,0.534,0.184,0.067,0.094,-0.102,0.387,0.23,0.354,0.8,0.108,0.281,0.156,0.583,0.267,0.339,0.711,0.058,0.102,0.503,0.545,0.442,0.653,0.124,0.499,-0.151,0.381,0.341,0.597,0.336,0.251,0.725,0.11,0.631,0.299,0.82,0.373,0.68,0.622,0.176,0.137,0.508,0.438,0.233,0.401,0.199,0.533,0.566,0.611,0.466,0.608,0.016,0.435,0.718,-0.164,0.383,0.178,0.86,-0.068,0.498,0.315,0.342,0.442,0.431,-0.098,0.037,0.55,0.672,0.643,-0.007,0.544,0.77,0.518,0.44,0.697,0.619,0.673,0.348,0.472,0.289,0.696,0.538,0.521,0.188
AOSL,0.324,0.665,0.755,0.853,0.84,0.222,0.629,0.604,-0.655,0.857,0.392,0.0,0.791,0.757,0.288,0.665,0.747,0.629,0.839,-0.069,-0.508,0.86,0.702,-0.163,0.842,0.912,0.677,0.706,0.734,0.79,0.931,0.587,-0.246,0.255,-0.147,0.816,0.832,-0.025,0.715,0.709,0.934,0.598,-0.018,0.391,0.856,0.247,0.91,-0.217,0.69,0.679,0.68,0.187,0.79,0.279,0.897,0.716,0.879,0.74,0.846,0.631,0.604,0.937,0.779,0.759,-0.641,-0.089,0.322,0.728,0.736,0.609,0.875,0.591,0.606,0.388,0.705,0.897,0.44,0.786,0.787,0.542,0.296,0.658,0.781,-0.144,0.788,0.79,-0.379,0.909,0.769,0.82,0.555,-0.128,0.699,0.846,0.318,0.143,0.434,0.846,-0.552,0.761,0.669,0.659,0.868,-0.36,0.617,0.16,-0.477,-0.226,0.432,0.842,0.902,0.745,0.739,0.839,-0.208,0.574,0.863,0.903,0.892,0.859,-0.441,0.183,0.914,0.798,0.692,0.59,-0.654,-0.584,-0.652,0.779,0.918,0.733,0.243,-0.028,0.05,0.949,0.784,0.71,0.041,0.612,0.795,0.589,0.922,0.846,0.579,-0.36,-0.008,0.406,0.827,0.315,0.163,0.042,0.79,0.726,0.852,0.58,0.001,0.67,0.944,-0.443,0.779,-0.08,0.847,0.554,0.737,-0.171,0.798,0.049,0.802,0.326,0.205,0.66,0.777,0.175,-0.123,0.838,0.745,0.828,0.528,0.871,0.174,0.787,0.808,0.734,0.725,0.714,0.534,0.715,0.574,0.92,0.501,0.501,0.031,0.838,0.822,0.912,-0.028,0.837,0.673,0.877
APDN,-0.091,0.848,0.798,0.754,0.909,0.11,0.688,0.728,-0.823,0.589,0.186,0.791,0.0,0.822,0.548,0.72,0.886,0.253,0.945,-0.313,-0.486,0.81,0.641,-0.426,0.962,0.787,0.876,0.939,0.594,0.789,0.777,0.696,-0.366,0.547,-0.439,0.645,0.818,-0.006,0.859,0.711,0.785,0.726,0.305,0.505,0.888,0.093,0.879,-0.502,0.766,0.806,0.856,0.333,0.936,0.201,0.856,0.825,0.908,0.851,0.911,0.39,0.848,0.833,0.942,0.803,-0.843,-0.208,0.492,0.836,0.854,0.517,0.934,0.59,0.663,0.51,0.901,0.849,0.617,0.873,0.671,0.468,-0.079,0.779,0.91,-0.483,0.918,0.874,-0.354,0.866,0.927,0.897,0.738,-0.04,0.794,0.923,0.45,0.236,0.599,0.908,-0.702,0.931,0.8,0.8,0.941,-0.633,0.394,0.298,-0.62,-0.093,0.595,0.938,0.81,0.344,0.858,0.861,-0.474,0.658,0.923,0.712,0.731,0.831,-0.674,0.463,0.91,0.954,0.842,0.488,-0.841,-0.592,-0.795,0.672,0.875,0.905,0.31,-0.526,0.267,0.827,0.891,0.894,-0.024,0.892,0.883,0.845,0.896,0.706,0.363,-0.443,0.315,0.003,0.953,0.525,0.4,-0.057,0.886,0.635,0.721,0.716,0.072,0.799,0.877,-0.353,0.908,0.075,0.809,0.713,0.832,-0.455,0.848,-0.322,0.87,0.121,-0.121,0.707,0.54,0.144,-0.42,0.41,0.286,0.855,0.553,0.767,-0.002,0.934,0.568,0.792,0.79,0.94,0.696,0.581,0.651,0.85,0.385,0.616,0.025,0.915,0.915,0.768,-0.175,0.884,0.822,0.803
APLT,0.063,0.666,0.8,0.687,0.838,0.301,0.636,0.492,-0.648,0.568,0.388,0.757,0.822,0.0,0.547,0.531,0.854,0.217,0.799,-0.315,-0.265,0.747,0.407,-0.204,0.807,0.759,0.81,0.838,0.528,0.767,0.708,0.728,-0.124,0.652,-0.117,0.723,0.661,0.166,0.816,0.749,0.777,0.739,0.228,0.591,0.691,0.204,0.774,-0.244,0.81,0.79,0.802,0.327,0.837,0.375,0.865,0.752,0.817,0.77,0.748,0.492,0.75,0.819,0.848,0.793,-0.624,0.072,0.588,0.784,0.833,0.54,0.809,0.712,0.735,0.566,0.83,0.737,0.65,0.815,0.744,0.604,0.118,0.796,0.758,-0.379,0.851,0.76,-0.277,0.846,0.798,0.787,0.703,0.123,0.746,0.851,0.498,0.269,0.661,0.843,-0.45,0.834,0.794,0.793,0.841,-0.537,0.454,0.077,-0.346,-0.068,0.645,0.841,0.761,0.478,0.837,0.8,-0.284,0.713,0.861,0.746,0.649,0.707,-0.451,0.401,0.823,0.809,0.736,0.569,-0.63,-0.379,-0.537,0.684,0.777,0.827,0.471,-0.357,0.514,0.811,0.849,0.833,0.196,0.738,0.857,0.618,0.848,0.696,0.459,-0.317,0.245,0.237,0.81,0.558,0.573,0.111,0.755,0.756,0.814,0.762,0.16,0.893,0.853,-0.201,0.84,0.196,0.778,0.715,0.852,-0.253,0.853,-0.226,0.849,0.226,-0.157,0.753,0.449,0.357,-0.321,0.504,0.349,0.833,0.504,0.72,0.011,0.741,0.582,0.738,0.8,0.76,0.699,0.652,0.67,0.763,0.496,0.642,0.21,0.851,0.871,0.699,-0.012,0.858,0.804,0.75
APVO,-0.143,0.385,0.649,0.267,0.63,0.474,0.567,0.279,-0.321,0.151,0.527,0.288,0.548,0.547,0.0,0.11,0.745,-0.2,0.504,-0.52,0.327,0.376,-0.143,0.086,0.484,0.437,0.792,0.644,0.183,0.352,0.45,0.787,0.281,0.797,0.055,0.492,0.264,0.712,0.788,0.625,0.318,0.818,0.411,0.738,0.241,0.429,0.406,0.157,0.517,0.636,0.678,0.464,0.546,0.669,0.476,0.672,0.532,0.598,0.368,0.235,0.663,0.329,0.67,0.687,-0.243,0.43,0.923,0.734,0.712,0.06,0.378,0.759,0.807,0.731,0.769,0.387,0.814,0.645,0.611,0.753,-0.279,0.801,0.421,-0.458,0.532,0.562,0.187,0.523,0.531,0.611,0.776,0.626,0.716,0.628,0.707,0.386,0.843,0.632,0.039,0.699,0.693,0.817,0.521,-0.355,0.464,-0.078,0.21,0.387,0.792,0.608,0.241,0.224,0.762,0.638,-0.126,0.699,0.634,0.282,0.127,0.304,-0.072,0.453,0.455,0.553,0.58,0.621,-0.274,0.182,-0.164,0.445,0.299,0.727,0.775,-0.64,0.35,0.471,0.724,0.787,0.481,0.639,0.699,0.368,0.519,0.266,0.415,0.265,0.615,0.274,0.458,0.833,0.552,0.493,0.549,0.667,0.5,0.425,0.465,0.618,0.469,0.347,0.699,0.591,0.543,0.776,0.726,-0.073,0.736,-0.368,0.689,0.34,-0.521,0.565,-0.109,0.622,-0.342,0.021,-0.185,0.558,0.612,0.231,-0.124,0.411,0.275,0.754,0.764,0.439,0.811,0.503,0.801,0.476,0.664,0.798,0.596,0.575,0.681,0.293,0.191,0.64,0.814,0.349
ARGX,-0.19,0.806,0.329,0.405,0.607,-0.391,0.685,0.701,-0.73,0.57,-0.214,0.665,0.72,0.531,0.11,0.0,0.496,0.453,0.84,-0.028,-0.439,0.682,0.656,-0.718,0.77,0.528,0.498,0.571,0.213,0.641,0.542,0.162,-0.559,0.111,-0.317,0.249,0.65,-0.38,0.469,0.41,0.604,0.246,-0.078,0.273,0.784,-0.237,0.752,-0.668,0.511,0.426,0.615,0.235,0.743,-0.202,0.522,0.657,0.722,0.602,0.681,0.374,0.687,0.738,0.592,0.394,-0.898,-0.388,0.1,0.465,0.514,0.398,0.758,0.09,0.363,0.28,0.574,0.689,0.044,0.485,0.392,-0.009,0.082,0.301,0.738,-0.264,0.62,0.719,-0.666,0.616,0.761,0.571,0.222,-0.374,0.549,0.67,0.14,0.173,0.059,0.566,-0.704,0.589,0.404,0.466,0.662,-0.635,0.102,0.39,-0.713,-0.213,0.179,0.685,0.593,0.116,0.494,0.576,-0.734,0.12,0.609,0.464,0.654,0.747,-0.523,0.362,0.636,0.755,0.423,-0.024,-0.848,-0.727,-0.642,0.413,0.697,0.671,-0.114,-0.342,-0.05,0.644,0.457,0.526,-0.174,0.655,0.615,0.82,0.697,0.416,-0.036,-0.658,-0.239,-0.09,0.826,-0.005,-0.09,-0.437,0.569,0.404,0.408,0.44,0.067,0.397,0.633,-0.438,0.592,0.078,0.441,0.402,0.438,-0.506,0.462,-0.171,0.602,-0.392,0.147,0.608,0.461,-0.374,-0.163,0.282,0.336,0.671,0.406,0.514,-0.021,0.743,0.353,0.328,0.354,0.835,0.201,0.13,0.333,0.556,0.145,0.093,-0.331,0.665,0.575,0.571,-0.486,0.569,0.438,0.793
ARLP,-0.022,0.727,0.904,0.695,0.89,0.401,0.712,0.62,-0.648,0.511,0.533,0.747,0.886,0.854,0.745,0.496,0.0,0.19,0.852,-0.493,-0.222,0.737,0.365,-0.135,0.884,0.815,0.96,0.911,0.534,0.776,0.818,0.886,-0.053,0.752,-0.151,0.805,0.639,0.348,0.931,0.864,0.747,0.905,0.343,0.727,0.694,0.32,0.785,-0.156,0.821,0.889,0.928,0.411,0.886,0.531,0.886,0.854,0.897,0.853,0.782,0.53,0.852,0.8,0.946,0.935,-0.615,0.104,0.737,0.912,0.913,0.469,0.847,0.85,0.838,0.733,0.957,0.807,0.785,0.949,0.794,0.76,-0.096,0.91,0.783,-0.446,0.899,0.869,-0.164,0.884,0.89,0.925,0.874,0.322,0.885,0.935,0.626,0.347,0.834,0.95,-0.402,0.96,0.919,0.924,0.915,-0.601,0.512,0.094,-0.299,0.033,0.83,0.945,0.734,0.482,0.965,0.915,-0.254,0.829,0.947,0.742,0.605,0.708,-0.486,0.433,0.885,0.897,0.856,0.726,-0.661,-0.31,-0.54,0.792,0.787,0.931,0.644,-0.529,0.331,0.848,0.975,0.967,0.269,0.847,0.949,0.687,0.887,0.657,0.509,-0.218,0.421,0.273,0.842,0.753,0.529,0.269,0.861,0.805,0.82,0.692,0.23,0.908,0.87,-0.097,0.95,0.269,0.869,0.885,0.964,-0.273,0.969,-0.293,0.897,0.354,-0.271,0.796,0.41,0.509,-0.424,0.436,0.249,0.869,0.699,0.738,-0.061,0.788,0.613,0.933,0.925,0.786,0.857,0.765,0.789,0.841,0.622,0.808,0.32,0.926,0.967,0.687,0.106,0.95,0.94,0.727
ATEX,0.466,0.301,0.256,0.455,0.242,0.071,0.224,0.504,-0.156,0.736,0.206,0.629,0.253,0.217,-0.2,0.453,0.19,0.0,0.367,0.291,-0.488,0.512,0.614,-0.023,0.37,0.609,0.054,0.173,0.372,0.593,0.53,-0.06,-0.09,-0.282,-0.041,0.406,0.515,-0.277,0.098,0.209,0.609,-0.024,-0.286,-0.156,0.491,0.315,0.559,-0.069,0.316,0.12,0.125,0.212,0.207,-0.168,0.417,0.368,0.45,0.254,0.471,0.538,0.092,0.541,0.209,0.271,-0.24,-0.327,-0.223,0.132,0.049,0.444,0.446,0.041,0.136,0.123,0.109,0.561,-0.201,0.167,0.448,0.126,0.151,0.058,0.244,0.43,0.24,0.466,-0.456,0.465,0.359,0.345,-0.104,-0.289,0.268,0.334,-0.174,-0.051,-0.187,0.321,-0.204,0.157,0.216,0.138,0.42,0.01,0.437,0.233,-0.348,-0.181,-0.12,0.351,0.571,0.539,0.176,0.41,0.066,0.09,0.299,0.534,0.702,0.435,-0.35,-0.087,0.489,0.319,0.062,0.217,-0.242,-0.553,-0.326,0.448,0.547,0.212,-0.28,0.356,-0.25,0.506,0.222,0.114,0.112,-0.004,0.331,0.236,0.401,0.397,0.278,-0.212,-0.461,0.438,0.312,-0.275,-0.442,0.052,0.483,0.334,0.459,0.216,-0.26,0.119,0.461,-0.641,0.214,-0.422,0.478,0.041,0.197,0.223,0.245,0.322,0.255,0.094,0.68,0.349,0.735,-0.121,0.361,0.674,0.754,0.406,0.124,0.593,-0.131,0.254,0.735,0.26,0.195,0.219,-0.117,0.353,0.168,0.522,0.348,-0.145,-0.172,0.347,0.306,0.475,0.124,0.362,0.056,0.525
ATRA,-0.086,0.884,0.729,0.669,0.904,0.016,0.813,0.763,-0.826,0.659,0.175,0.839,0.945,0.799,0.504,0.84,0.852,0.367,0.0,-0.266,-0.394,0.865,0.612,-0.5,0.962,0.797,0.844,0.868,0.476,0.795,0.803,0.617,-0.379,0.475,-0.305,0.623,0.798,-0.022,0.841,0.731,0.806,0.667,0.155,0.559,0.882,0.064,0.927,-0.507,0.757,0.737,0.873,0.363,0.949,0.191,0.817,0.877,0.949,0.854,0.871,0.509,0.881,0.894,0.914,0.764,-0.891,-0.16,0.495,0.831,0.838,0.488,0.932,0.544,0.689,0.548,0.893,0.885,0.499,0.836,0.706,0.44,0.023,0.733,0.918,-0.41,0.89,0.926,-0.477,0.88,0.945,0.888,0.646,-0.062,0.841,0.945,0.473,0.313,0.511,0.89,-0.679,0.906,0.757,0.813,0.919,-0.647,0.401,0.297,-0.586,-0.085,0.563,0.949,0.801,0.372,0.851,0.867,-0.588,0.564,0.922,0.729,0.76,0.877,-0.554,0.485,0.9,0.966,0.75,0.427,-0.881,-0.59,-0.734,0.693,0.874,0.932,0.289,-0.491,0.169,0.875,0.836,0.871,0.027,0.883,0.901,0.869,0.924,0.65,0.292,-0.472,0.114,0.111,0.98,0.428,0.255,-0.116,0.835,0.7,0.727,0.663,0.174,0.748,0.884,-0.314,0.9,0.184,0.771,0.727,0.806,-0.478,0.836,-0.257,0.886,0.022,-0.069,0.8,0.521,0.052,-0.331,0.437,0.359,0.902,0.63,0.722,0.004,0.915,0.588,0.744,0.748,0.945,0.62,0.519,0.683,0.833,0.45,0.538,0.018,0.926,0.9,0.764,-0.255,0.882,0.803,0.903
AUTL,0.428,-0.362,-0.311,-0.044,-0.234,-0.169,-0.335,-0.204,0.099,0.166,-0.368,-0.069,-0.313,-0.315,-0.52,-0.028,-0.493,0.291,-0.266,0.0,-0.211,-0.218,0.19,0.062,-0.336,-0.127,-0.503,-0.385,0.005,-0.077,-0.272,-0.558,-0.106,-0.584,-0.142,-0.262,0.127,-0.377,-0.368,-0.555,-0.164,-0.522,0.054,-0.711,-0.115,0.006,-0.085,0.043,-0.335,-0.411,-0.518,-0.015,-0.348,-0.579,-0.24,-0.302,-0.301,-0.247,-0.132,-0.207,-0.487,-0.233,-0.392,-0.398,0.163,-0.211,-0.542,-0.484,-0.413,-0.054,-0.25,-0.486,-0.546,-0.592,-0.493,-0.167,-0.445,-0.473,-0.25,-0.468,0.205,-0.435,-0.184,0.47,-0.307,-0.32,0.029,-0.281,-0.427,-0.438,-0.538,-0.489,-0.457,-0.352,-0.523,-0.403,-0.579,-0.422,-0.06,-0.409,-0.52,-0.469,-0.319,0.488,-0.017,0.262,-0.062,0.072,-0.667,-0.365,-0.015,0.009,-0.546,-0.311,0.242,-0.432,-0.377,-0.122,0.078,-0.027,0.027,-0.056,-0.214,-0.377,-0.435,-0.307,0.345,-0.219,0.009,-0.433,-0.076,-0.416,-0.645,0.485,-0.005,-0.275,-0.447,-0.48,-0.197,-0.447,-0.402,-0.22,-0.228,0.111,-0.074,0.014,-0.422,-0.071,-0.284,-0.559,-0.285,-0.236,-0.167,-0.344,-0.173,-0.068,-0.203,-0.402,-0.17,-0.413,-0.421,-0.516,-0.232,-0.643,-0.516,0.243,-0.452,0.446,-0.345,-0.132,0.613,-0.335,0.272,-0.42,0.677,0.138,0.29,-0.257,-0.308,-0.091,0.076,-0.247,0.041,-0.47,-0.466,-0.286,-0.509,-0.381,-0.432,-0.194,-0.339,-0.503,-0.325,-0.344,-0.396,-0.098,-0.252,-0.464,-0.498,-0.114
AVDL,-0.218,-0.398,-0.308,-0.657,-0.314,0.107,0.011,-0.497,0.475,-0.511,0.197,-0.508,-0.486,-0.265,0.327,-0.439,-0.222,-0.488,-0.394,-0.211,0.0,-0.435,-0.859,0.329,-0.484,-0.472,-0.127,-0.374,-0.618,-0.479,-0.412,-0.034,0.588,0.185,0.629,-0.264,-0.627,0.618,-0.111,-0.088,-0.535,-0.012,-0.062,0.328,-0.691,0.093,-0.497,0.54,-0.286,-0.274,-0.14,0.054,-0.371,0.407,-0.493,-0.143,-0.376,-0.292,-0.644,-0.121,-0.111,-0.468,-0.332,-0.241,0.485,0.763,0.432,-0.125,-0.151,-0.432,-0.576,0.069,0.14,0.199,-0.144,-0.524,0.049,-0.295,-0.168,0.145,-0.027,-0.066,-0.471,-0.032,-0.403,-0.33,0.331,-0.406,-0.403,-0.366,-0.084,0.595,-0.076,-0.325,0.274,0.285,0.139,-0.37,0.702,-0.287,-0.2,0.009,-0.495,0.167,-0.085,-0.433,0.844,0.417,0.136,-0.361,-0.636,-0.257,-0.135,-0.292,0.106,-0.14,-0.328,-0.488,-0.674,-0.511,0.718,0.042,-0.524,-0.41,-0.365,-0.067,0.465,0.776,0.727,-0.317,-0.616,-0.158,0.423,-0.153,0.022,-0.366,-0.292,-0.146,0.465,-0.231,-0.214,-0.442,-0.39,-0.554,-0.197,0.546,0.052,0.209,-0.45,0.192,0.069,0.352,-0.474,0.033,-0.274,-0.399,0.488,-0.239,-0.442,0.829,-0.249,0.72,-0.433,0.062,-0.156,0.248,-0.181,-0.157,-0.188,-0.054,-0.467,-0.086,-0.789,0.297,0.061,-0.482,-0.526,-0.301,0.151,-0.64,-0.08,-0.537,-0.443,-0.199,-0.143,-0.44,0.019,-0.284,0.125,-0.504,0.179,0.088,0.519,-0.379,-0.306,-0.543,0.143,-0.313,-0.037,-0.379
BCRX,0.203,0.703,0.696,0.733,0.815,0.101,0.621,0.692,-0.701,0.785,0.28,0.86,0.81,0.747,0.376,0.682,0.737,0.512,0.865,-0.218,-0.435,0.0,0.671,-0.365,0.829,0.855,0.684,0.731,0.585,0.749,0.827,0.56,-0.355,0.289,-0.28,0.688,0.795,-0.109,0.704,0.637,0.894,0.541,-0.01,0.414,0.858,0.168,0.913,-0.351,0.679,0.601,0.709,0.18,0.798,0.218,0.802,0.74,0.874,0.754,0.856,0.531,0.644,0.864,0.803,0.713,-0.711,-0.182,0.351,0.748,0.705,0.481,0.859,0.511,0.599,0.431,0.734,0.896,0.372,0.755,0.774,0.47,0.197,0.647,0.811,-0.168,0.742,0.819,-0.422,0.874,0.818,0.824,0.518,-0.165,0.737,0.853,0.305,0.114,0.387,0.823,-0.559,0.753,0.652,0.661,0.841,-0.468,0.547,0.252,-0.529,-0.19,0.414,0.82,0.827,0.573,0.754,0.759,-0.379,0.581,0.855,0.844,0.847,0.821,-0.446,0.277,0.854,0.86,0.682,0.486,-0.751,-0.548,-0.712,0.746,0.83,0.773,0.201,-0.183,0.092,0.853,0.768,0.721,-0.021,0.699,0.793,0.662,0.857,0.669,0.45,-0.327,0.059,0.322,0.847,0.291,0.097,-0.038,0.782,0.64,0.731,0.616,0.069,0.658,0.861,-0.417,0.769,-0.013,0.825,0.56,0.699,-0.318,0.77,-0.091,0.81,0.187,0.114,0.661,0.618,0.047,-0.174,0.633,0.568,0.841,0.411,0.708,0.155,0.821,0.696,0.713,0.709,0.759,0.489,0.63,0.602,0.867,0.517,0.454,-0.019,0.838,0.812,0.81,-0.098,0.845,0.653,0.885
BHAT,0.308,0.517,0.432,0.725,0.541,-0.103,0.187,0.681,-0.622,0.75,-0.159,0.702,0.641,0.407,-0.143,0.656,0.365,0.614,0.612,0.19,-0.859,0.671,0.0,-0.452,0.635,0.656,0.294,0.513,0.662,0.599,0.562,0.122,-0.591,-0.122,-0.628,0.39,0.81,-0.563,0.324,0.204,0.696,0.095,0.037,-0.181,0.86,0.006,0.744,-0.555,0.416,0.341,0.328,0.077,0.539,-0.32,0.589,0.385,0.567,0.516,0.813,0.272,0.279,0.646,0.508,0.351,-0.646,-0.636,-0.25,0.327,0.295,0.486,0.724,0.03,0.043,-0.082,0.332,0.741,-0.018,0.42,0.409,-0.016,0.128,0.22,0.664,0.094,0.524,0.53,-0.382,0.59,0.563,0.553,0.13,-0.637,0.326,0.537,-0.125,-0.173,-0.088,0.525,-0.743,0.447,0.294,0.209,0.62,-0.237,0.313,0.575,-0.846,-0.32,-0.059,0.529,0.769,0.404,0.315,0.435,-0.26,0.217,0.524,0.595,0.826,0.728,-0.663,0.145,0.674,0.615,0.446,0.146,-0.612,-0.793,-0.867,0.447,0.738,0.386,-0.37,0.086,-0.032,0.566,0.42,0.321,-0.459,0.429,0.384,0.616,0.573,0.639,0.301,-0.463,-0.07,-0.027,0.632,-0.146,-0.161,-0.323,0.637,0.153,0.447,0.509,-0.275,0.307,0.616,-0.825,0.402,-0.563,0.593,0.08,0.279,-0.279,0.34,0.173,0.419,0.053,0.539,0.247,0.863,-0.344,0.058,0.587,0.653,0.545,0.043,0.677,0.228,0.725,0.582,0.343,0.268,0.602,0.052,0.349,0.116,0.691,0.071,0.002,-0.458,0.554,0.483,0.693,-0.208,0.468,0.196,0.639
BLBD,0.354,-0.521,0.019,-0.066,-0.276,0.594,-0.283,-0.478,0.646,-0.186,0.64,-0.163,-0.426,-0.204,0.086,-0.718,-0.135,-0.023,-0.5,0.062,0.329,-0.365,-0.452,0.0,-0.411,-0.075,-0.186,-0.296,0.099,-0.214,-0.035,0.111,0.791,0.051,0.555,0.235,-0.371,0.579,-0.162,0.003,-0.185,0.098,0.036,-0.02,-0.518,0.496,-0.384,0.818,-0.172,-0.069,-0.321,-0.022,-0.449,0.493,-0.082,-0.246,-0.316,-0.351,-0.42,0.095,-0.382,-0.28,-0.319,0.051,0.78,0.499,0.128,-0.187,-0.163,-0.125,-0.418,0.288,0.062,0.017,-0.268,-0.328,0.195,-0.121,0.011,0.408,0.101,-0.011,-0.54,0.265,-0.319,-0.346,0.569,-0.218,-0.447,-0.226,0.026,0.582,-0.207,-0.327,0.017,-0.103,0.222,-0.183,0.698,-0.269,-0.009,-0.096,-0.258,0.603,0.239,-0.499,0.691,0.209,0.103,-0.301,-0.221,0.355,-0.159,-0.059,0.859,0.237,-0.254,-0.038,-0.321,-0.469,0.379,-0.36,-0.252,-0.469,-0.188,0.406,0.72,0.532,0.572,-0.027,-0.309,-0.343,0.375,0.449,-0.027,-0.144,-0.073,-0.201,0.536,-0.508,-0.184,-0.699,-0.256,0.023,0.377,0.606,0.23,0.449,-0.537,0.24,0.145,0.778,-0.163,0.103,0.038,-0.25,-0.023,-0.089,-0.158,0.304,-0.245,-0.029,-0.059,-0.049,-0.03,0.725,-0.049,0.201,-0.205,0.649,-0.026,-0.247,-0.111,0.699,0.227,0.197,0.102,-0.305,-0.005,-0.05,-0.123,-0.55,0.128,0.053,0.015,-0.602,0.079,0.318,-0.057,-0.145,0.213,0.187,0.573,-0.34,-0.197,-0.189,0.723,-0.161,-0.087,-0.462
BMRN,-0.105,0.907,0.78,0.734,0.875,0.082,0.747,0.773,-0.774,0.61,0.248,0.842,0.962,0.807,0.484,0.77,0.884,0.37,0.962,-0.336,-0.484,0.829,0.635,-0.411,0.0,0.813,0.856,0.898,0.56,0.824,0.832,0.666,-0.333,0.507,-0.324,0.688,0.772,-0.016,0.825,0.78,0.818,0.7,0.185,0.552,0.883,0.073,0.896,-0.498,0.786,0.798,0.872,0.326,0.94,0.223,0.864,0.842,0.95,0.832,0.885,0.523,0.86,0.901,0.919,0.805,-0.845,-0.193,0.46,0.826,0.838,0.576,0.958,0.59,0.683,0.543,0.888,0.88,0.54,0.883,0.676,0.476,-0.012,0.741,0.878,-0.416,0.921,0.918,-0.426,0.878,0.954,0.914,0.694,-0.029,0.807,0.932,0.462,0.303,0.567,0.919,-0.664,0.919,0.819,0.799,0.954,-0.646,0.363,0.265,-0.626,-0.154,0.61,0.958,0.825,0.391,0.866,0.88,-0.486,0.618,0.927,0.76,0.747,0.832,-0.649,0.422,0.93,0.965,0.8,0.489,-0.863,-0.611,-0.737,0.747,0.903,0.905,0.321,-0.465,0.168,0.877,0.874,0.875,0.011,0.857,0.902,0.848,0.91,0.689,0.313,-0.496,0.188,0.086,0.958,0.475,0.315,-0.041,0.864,0.68,0.746,0.662,0.081,0.796,0.897,-0.352,0.903,0.094,0.803,0.754,0.852,-0.433,0.856,-0.289,0.86,0.111,-0.087,0.762,0.574,0.149,-0.394,0.465,0.366,0.873,0.601,0.819,-0.024,0.915,0.612,0.782,0.777,0.926,0.652,0.613,0.641,0.852,0.423,0.58,0.023,0.925,0.916,0.772,-0.136,0.911,0.807,0.835
BNGO,0.421,0.599,0.86,0.852,0.83,0.406,0.549,0.683,-0.587,0.848,0.511,0.912,0.787,0.759,0.437,0.528,0.815,0.609,0.797,-0.127,-0.472,0.855,0.656,-0.075,0.813,0.0,0.718,0.749,0.71,0.851,0.892,0.661,-0.11,0.378,-0.19,0.871,0.813,0.101,0.754,0.712,0.923,0.645,0.156,0.384,0.797,0.489,0.91,-0.101,0.746,0.711,0.703,0.341,0.754,0.311,0.916,0.776,0.88,0.782,0.869,0.663,0.595,0.87,0.828,0.827,-0.534,-0.093,0.397,0.751,0.706,0.574,0.867,0.672,0.652,0.489,0.74,0.934,0.497,0.799,0.894,0.666,0.118,0.734,0.738,-0.001,0.792,0.833,-0.254,0.938,0.792,0.872,0.601,0.007,0.765,0.869,0.347,0.127,0.515,0.886,-0.415,0.787,0.765,0.724,0.896,-0.33,0.701,0.235,-0.398,-0.112,0.505,0.856,0.896,0.771,0.782,0.854,-0.058,0.718,0.878,0.892,0.869,0.802,-0.496,0.267,0.933,0.82,0.711,0.723,-0.565,-0.498,-0.638,0.845,0.888,0.764,0.311,-0.102,0.201,0.897,0.852,0.754,0.177,0.616,0.843,0.568,0.892,0.787,0.667,-0.2,0.13,0.515,0.768,0.413,0.203,0.253,0.896,0.748,0.896,0.701,0.046,0.735,0.912,-0.458,0.792,-0.124,0.956,0.603,0.786,-0.052,0.847,0.072,0.804,0.45,0.212,0.673,0.776,0.327,-0.036,0.784,0.693,0.869,0.503,0.871,0.061,0.742,0.876,0.842,0.794,0.651,0.567,0.808,0.653,0.954,0.662,0.543,0.113,0.883,0.874,0.828,0.157,0.887,0.702,0.839
BUSE,-0.122,0.716,0.862,0.624,0.905,0.336,0.744,0.573,-0.669,0.429,0.435,0.677,0.876,0.81,0.792,0.498,0.96,0.054,0.844,-0.503,-0.127,0.684,0.294,-0.186,0.856,0.718,0.0,0.907,0.457,0.681,0.75,0.889,-0.064,0.779,-0.163,0.725,0.608,0.389,0.962,0.849,0.656,0.925,0.404,0.773,0.657,0.259,0.736,-0.195,0.783,0.857,0.929,0.398,0.896,0.542,0.81,0.827,0.861,0.869,0.733,0.412,0.877,0.736,0.945,0.885,-0.64,0.192,0.804,0.931,0.931,0.423,0.794,0.834,0.836,0.702,0.987,0.739,0.816,0.937,0.734,0.725,-0.084,0.919,0.791,-0.552,0.887,0.831,-0.134,0.815,0.85,0.892,0.893,0.337,0.884,0.914,0.685,0.425,0.857,0.904,-0.41,0.966,0.877,0.95,0.854,-0.585,0.46,0.111,-0.253,0.094,0.842,0.912,0.651,0.379,0.962,0.865,-0.35,0.783,0.931,0.636,0.505,0.687,-0.419,0.533,0.824,0.885,0.841,0.675,-0.655,-0.242,-0.523,0.687,0.72,0.951,0.669,-0.616,0.345,0.799,0.942,0.99,0.228,0.895,0.914,0.71,0.849,0.608,0.448,-0.158,0.474,0.195,0.834,0.783,0.575,0.22,0.789,0.78,0.759,0.647,0.348,0.876,0.823,0.027,0.961,0.393,0.787,0.889,0.939,-0.349,0.949,-0.383,0.9,0.295,-0.381,0.761,0.283,0.464,-0.48,0.321,0.123,0.861,0.758,0.637,-0.009,0.796,0.501,0.89,0.891,0.797,0.895,0.659,0.818,0.773,0.58,0.851,0.352,0.886,0.939,0.63,0.012,0.893,0.977,0.691
CAKE,-0.117,0.799,0.841,0.669,0.887,0.242,0.652,0.66,-0.708,0.505,0.273,0.706,0.939,0.838,0.644,0.571,0.911,0.173,0.868,-0.385,-0.374,0.731,0.513,-0.296,0.898,0.749,0.907,0.0,0.56,0.78,0.719,0.751,-0.192,0.715,-0.355,0.674,0.732,0.17,0.892,0.738,0.707,0.794,0.425,0.556,0.789,0.216,0.818,-0.412,0.833,0.8,0.848,0.413,0.903,0.289,0.831,0.827,0.849,0.86,0.854,0.421,0.842,0.772,0.942,0.834,-0.73,-0.108,0.602,0.832,0.83,0.459,0.853,0.687,0.703,0.579,0.914,0.786,0.705,0.883,0.69,0.559,-0.133,0.823,0.837,-0.487,0.901,0.843,-0.204,0.802,0.875,0.897,0.792,0.113,0.801,0.893,0.581,0.33,0.699,0.908,-0.564,0.936,0.864,0.857,0.884,-0.552,0.391,0.283,-0.495,0.064,0.715,0.908,0.767,0.337,0.888,0.85,-0.388,0.727,0.902,0.651,0.609,0.729,-0.617,0.558,0.86,0.904,0.803,0.587,-0.717,-0.432,-0.707,0.673,0.771,0.896,0.426,-0.535,0.405,0.782,0.916,0.919,0.083,0.868,0.863,0.808,0.818,0.665,0.405,-0.267,0.476,0.009,0.868,0.624,0.525,0.097,0.874,0.656,0.718,0.778,0.153,0.868,0.824,-0.228,0.906,0.143,0.795,0.791,0.883,-0.384,0.863,-0.306,0.861,0.23,-0.17,0.713,0.451,0.296,-0.437,0.329,0.19,0.841,0.551,0.7,-0.059,0.865,0.561,0.823,0.8,0.862,0.761,0.608,0.714,0.793,0.471,0.713,0.216,0.873,0.928,0.657,-0.029,0.869,0.857,0.689
CASY,0.474,0.31,0.681,0.874,0.636,0.358,0.142,0.34,-0.488,0.654,0.34,0.734,0.594,0.528,0.183,0.213,0.534,0.372,0.476,0.005,-0.618,0.585,0.662,0.099,0.56,0.71,0.457,0.56,0.0,0.501,0.705,0.536,-0.209,0.14,-0.364,0.695,0.695,-0.029,0.503,0.409,0.71,0.458,0.152,0.079,0.685,0.283,0.629,-0.072,0.421,0.538,0.342,-0.077,0.494,0.257,0.75,0.32,0.53,0.5,0.724,0.299,0.241,0.58,0.57,0.607,-0.325,-0.171,0.108,0.486,0.533,0.458,0.613,0.481,0.279,0.015,0.431,0.638,0.469,0.632,0.554,0.436,0.207,0.521,0.579,-0.083,0.561,0.403,0.077,0.656,0.429,0.601,0.505,-0.192,0.357,0.556,0.094,-0.215,0.379,0.634,-0.479,0.552,0.445,0.35,0.618,-0.032,0.578,0.152,-0.426,-0.279,0.264,0.537,0.743,0.684,0.471,0.558,0.158,0.568,0.618,0.713,0.686,0.62,-0.466,-0.017,0.682,0.503,0.677,0.57,-0.346,-0.479,-0.643,0.568,0.674,0.382,0.146,0.181,0.089,0.625,0.633,0.466,-0.202,0.389,0.461,0.296,0.643,0.841,0.728,-0.122,0.331,0.214,0.517,0.34,0.275,0.14,0.617,0.344,0.611,0.466,-0.233,0.471,0.699,-0.512,0.498,-0.418,0.716,0.253,0.494,-0.084,0.556,0.124,0.519,0.574,0.2,0.193,0.732,0.262,-0.105,0.756,0.625,0.501,0.168,0.705,0.32,0.625,0.616,0.594,0.552,0.414,0.441,0.699,0.279,0.777,0.24,0.468,-0.037,0.556,0.577,0.821,0.129,0.567,0.428,0.489
CCOI,0.152,0.706,0.762,0.686,0.718,0.203,0.58,0.723,-0.589,0.667,0.321,0.79,0.789,0.767,0.352,0.641,0.776,0.593,0.795,-0.077,-0.479,0.749,0.599,-0.214,0.824,0.851,0.681,0.78,0.501,0.0,0.719,0.518,-0.144,0.431,-0.24,0.704,0.751,-0.031,0.667,0.659,0.783,0.562,0.27,0.346,0.747,0.323,0.835,-0.277,0.823,0.676,0.718,0.438,0.757,0.084,0.826,0.793,0.85,0.76,0.822,0.599,0.688,0.823,0.777,0.768,-0.635,-0.202,0.328,0.613,0.639,0.629,0.853,0.544,0.566,0.512,0.712,0.829,0.405,0.718,0.706,0.463,-0.012,0.614,0.717,-0.112,0.806,0.825,-0.426,0.809,0.827,0.762,0.518,-0.001,0.702,0.8,0.258,0.148,0.437,0.792,-0.482,0.755,0.74,0.681,0.859,-0.477,0.411,0.316,-0.518,-0.079,0.453,0.833,0.843,0.471,0.719,0.813,-0.19,0.576,0.785,0.766,0.765,0.735,-0.678,0.413,0.871,0.803,0.608,0.513,-0.622,-0.619,-0.565,0.682,0.854,0.768,0.198,-0.238,0.302,0.776,0.772,0.717,0.203,0.619,0.825,0.699,0.811,0.673,0.374,-0.41,0.045,0.227,0.778,0.332,0.247,0.094,0.882,0.672,0.773,0.733,-0.008,0.757,0.845,-0.491,0.759,-0.119,0.824,0.596,0.757,-0.171,0.749,-0.089,0.732,0.124,0.183,0.738,0.675,0.204,-0.087,0.544,0.489,0.819,0.483,0.838,-0.204,0.695,0.733,0.69,0.677,0.731,0.489,0.602,0.544,0.787,0.46,0.415,0.026,0.832,0.817,0.626,0.037,0.81,0.654,0.767
CEVA,0.239,0.651,0.79,0.817,0.82,0.332,0.647,0.581,-0.594,0.753,0.548,0.931,0.777,0.708,0.45,0.542,0.818,0.53,0.803,-0.272,-0.412,0.827,0.562,-0.035,0.832,0.892,0.75,0.719,0.705,0.719,0.0,0.723,-0.141,0.368,-0.088,0.842,0.733,0.16,0.75,0.782,0.895,0.73,-0.006,0.529,0.776,0.321,0.831,-0.085,0.662,0.748,0.731,0.185,0.772,0.48,0.897,0.719,0.879,0.717,0.785,0.605,0.632,0.874,0.793,0.835,-0.553,-0.015,0.457,0.794,0.795,0.491,0.82,0.707,0.706,0.523,0.763,0.855,0.574,0.85,0.808,0.689,0.145,0.735,0.721,-0.25,0.759,0.801,-0.263,0.897,0.774,0.859,0.697,0.082,0.747,0.854,0.407,0.141,0.595,0.889,-0.439,0.799,0.741,0.723,0.869,-0.393,0.664,0.04,-0.355,-0.198,0.59,0.857,0.805,0.737,0.817,0.889,-0.141,0.679,0.877,0.859,0.79,0.76,-0.387,0.114,0.889,0.79,0.775,0.704,-0.617,-0.459,-0.566,0.835,0.848,0.756,0.435,-0.148,-0.039,0.936,0.854,0.773,0.146,0.633,0.834,0.526,0.899,0.761,0.634,-0.247,0.151,0.451,0.788,0.488,0.223,0.201,0.785,0.77,0.822,0.483,0.057,0.689,0.908,-0.31,0.821,0.024,0.871,0.67,0.806,-0.15,0.866,-0.068,0.797,0.437,0.012,0.652,0.645,0.358,-0.266,0.765,0.613,0.795,0.59,0.827,0.11,0.746,0.778,0.855,0.824,0.675,0.669,0.818,0.648,0.928,0.588,0.645,0.157,0.833,0.856,0.881,0.097,0.893,0.758,0.795
