,AAPL,ACRS,ADP,AFYA,AGNC,AGYS,ALT,AMGN,AMPH,AMZN,ANIP,AOSL,APDN,APLT,APVO,ARGX,ARLP,ATEX,ATRA,AUTL,AVDL,BCRX,BHAT,BLBD,BMRN,BNGO,BUSE,CAKE,CASY,CCOI,CEVA,CHY,CLDX,CLMT,COHU,COLM,COST,CPRT,CSWC,CSX,DBX,DCOM,DKNG,DMLP,DOX,EA,EDIT,ENPH,ENSG,ERNA,ESGR,ETNB,EXTR,FANG,FARO,FATE,FGEN,FIVE,FIVN,FLGT,FOLD,FORM,FOXA,FRPT,FSLR,FTAI,GBDC,GDYN,GGAL,GNLN,GRFS,GT,HCAT,HCM,HFWA,HOLX,HQY,HUBG,IAC,ICLR,IDCC,IEP,IHRT,ILMN,ILPT,IMAB,IMOS,INMD,INTZ,JAZZ,JKHY,JRVR,KIDS,LBRDK,LGND,LMAT,LPLA,LULU,MASI,MAT,MATW,MBIN,MBIO,MCRB,MDB,MDLZ,MELI,MIRM,MLKN,MNMD,MNRO,MPWR,MRCY,MRSN,MTVA,NAAS,NDAQ,NDSN,NEGG,NOVT,NVDA,NWE,NWSA,NXST,OCX,ODFL,OMAB,OPCH,OPRA,ORGO,OTRK,OZK,PAGP,PCH,PEGA,PENG,PENN,PFBC,PGNY,PHAT,PHUN,PINC,PLUG,PLXS,PYPL,QLYS,QNCX,QQQX,QVCGA,RAPT,RBBN,RCKT,REPL,RMBS,ROAD,ROKU,ROP,RUSHA,SANM,SATS,SBCF,SBLK,SBUX,SCHL,SCSC,SDGR,SEIC,SFIX,SGRY,SKYW,SLP,SNES,STAA,STLD,STOK,SWKS,TER,TFIN,TIGO,TILE,TPIC,TTEC,TTEK,TTGT,UXIN,VERU,VLYPP,VNOM,VRNS,VRSN,WDAY,WERN,WINA,WKHS,WRLD,XP,XTKG,YY,ZION,ZM
AAPL,0.0,0.32,0.796,-0.355,0.113,0.203,-0.291,0.346,0.61,0.59,0.105,0.626,-0.153,0.295,-0.159,0.655,0.549,0.125,0.441,0.34,-0.023,-0.711,0.702,0.185,0.513,0.824,0.232,0.202,0.568,0.192,0.689,0.667,0.246,-0.233,0.517,-0.15,0.445,0.046,0.254,0.428,0.64,0.211,0.643,0.123,-0.655,-0.059,0.303,0.393,0.365,0.612,-0.3,-0.615,0.359,0.494,0.333,0.037,0.073,0.212,0.467,0.704,0.359,0.425,0.198,0.489,0.693,0.253,0.134,0.039,0.06,0.687,-0.202,0.356,0.511,-0.272,-0.132,0.02,-0.082,0.605,0.141,0.297,-0.161,-0.043,0.792,-0.015,0.201,0.087,0.233,-0.184,0.105,-0.298,0.46,0.588,-0.065,-0.037,0.033,0.45,0.022,-0.181,0.066,-0.032,-0.004,0.512,0.095,0.334,0.549,-0.199,0.544,0.176,-0.209,0.61,0.191,0.555,0.169,0.704,0.576,0.284,0.22,0.284,0.535,0.779,0.895,-0.639,-0.075,0.097,0.224,0.508,0.112,0.127,0.346,-0.007,0.428,0.277,0.257,0.292,0.481,0.666,0.739,-0.319,0.635,0.048,0.369,-0.741,0.594,0.434,-0.034,0.064,0.141,0.521,0.274,0.11,0.251,0.696,0.311,0.675,0.34,0.637,-0.007,-0.37,0.894,0.133,0.058,0.686,-0.049,-0.078,0.321,0.665,0.178,0.398,0.301,0.282,0.678,0.256,0.332,0.654,-0.076,0.388,0.474,-0.137,0.328,0.356,0.356,0.453,0.649,0.075,-0.106,0.17,0.335,0.567,0.402,0.292,0.301,0.328,0.377,0.745,0.207,0.438,0.18,-0.102,-0.153,0.585
ACRS,0.32,0.0,0.1,-0.359,0.829,0.416,0.503,0.687,0.161,0.817,0.87,0.708,0.641,0.638,0.585,0.701,-0.422,0.845,0.657,0.396,0.183,-0.573,-0.069,0.821,0.711,0.524,0.15,0.845,-0.453,0.887,0.786,0.757,0.81,0.671,0.862,0.726,0.853,0.753,0.871,0.859,0.327,0.717,0.809,0.682,0.237,0.642,-0.471,-0.649,0.412,0.787,0.63,-0.149,0.781,0.879,0.907,-0.805,0.856,0.878,0.698,0.394,0.479,0.837,0.844,0.808,0.779,0.83,0.822,0.59,0.882,0.601,0.736,0.811,0.826,0.639,-0.524,0.776,-0.669,0.386,0.786,0.881,0.697,0.654,0.597,0.277,0.683,0.789,0.794,-0.436,-0.097,-0.421,0.776,-0.311,0.675,0.826,0.775,-0.023,0.862,-0.233,0.787,0.826,0.749,0.828,0.816,-0.052,-0.14,0.546,0.824,0.85,0.731,0.696,0.83,0.842,0.779,0.155,-0.472,0.447,0.847,0.783,0.707,0.733,0.43,0.262,0.782,0.809,0.803,0.864,0.828,-0.483,0.793,0.588,0.794,0.855,0.88,0.248,0.143,0.468,0.438,-0.175,0.473,-0.584,0.751,-0.173,0.829,0.859,0.732,-0.651,0.674,0.757,0.789,0.836,0.894,0.312,0.418,0.849,0.689,0.736,0.807,0.45,0.495,0.725,0.738,0.67,0.739,0.763,0.912,0.753,0.826,0.873,0.915,0.835,0.39,0.872,0.849,0.704,0.601,0.841,0.865,0.717,0.846,0.873,0.863,0.828,-0.063,0.831,0.752,0.878,-0.2,0.637,0.671,0.875,-0.414,0.794,0.843,0.527,0.867,0.757,0.628,0.571,0.746,0.515
ADP,0.796,0.1,0.0,-0.169,-0.075,0.108,-0.438,0.238,0.439,0.43,-0.05,0.479,-0.273,0.153,-0.213,0.455,0.496,0.034,0.345,0.153,-0.031,-0.595,0.667,0.048,0.361,0.632,0.165,0.057,0.505,-0.008,0.478,0.446,0.007,-0.287,0.376,-0.258,0.263,-0.024,0.071,0.274,0.603,0.066,0.42,-0.102,-0.68,-0.103,0.395,0.421,0.465,0.422,-0.408,-0.606,0.214,0.276,0.124,0.166,-0.104,0.087,0.362,0.468,0.251,0.308,0.022,0.305,0.488,0.056,-0.005,-0.199,-0.144,0.494,-0.307,0.23,0.282,-0.335,-0.058,-0.118,-0.039,0.492,-0.006,0.104,-0.257,-0.155,0.58,-0.128,0.111,-0.105,0.066,-0.164,0.183,-0.271,0.322,0.507,-0.192,-0.204,-0.17,0.434,-0.2,-0.14,-0.192,-0.156,-0.13,0.259,-0.136,0.334,0.473,-0.321,0.307,-0.027,-0.39,0.346,0.126,0.396,0.014,0.692,0.626,0.125,0.063,0.163,0.271,0.583,0.708,-0.579,-0.225,-0.061,0.034,0.363,-0.087,0.198,0.148,-0.058,0.285,0.123,0.084,0.221,0.365,0.626,0.599,-0.331,0.554,0.058,0.235,-0.745,0.409,0.23,-0.142,0.2,-0.018,0.399,0.118,-0.064,0.091,0.66,0.04,0.459,0.357,0.455,-0.103,-0.372,0.675,-0.046,-0.057,0.362,-0.158,-0.298,0.128,0.456,0.043,0.21,0.052,0.137,0.597,0.062,0.139,0.474,-0.13,0.235,0.324,-0.284,0.129,0.246,0.167,0.235,0.516,-0.088,-0.162,-0.067,0.307,0.388,0.199,0.097,0.446,0.133,0.231,0.568,-0.008,0.256,-0.055,-0.229,-0.291,0.592
AFYA,-0.355,-0.359,-0.169,0.0,-0.304,0.095,0.201,-0.597,-0.32,-0.425,-0.31,-0.429,-0.378,-0.457,-0.115,-0.411,0.101,-0.401,-0.572,0.007,0.022,0.25,-0.452,-0.471,-0.673,-0.487,0.25,-0.478,0.015,-0.413,-0.524,-0.502,-0.155,-0.248,-0.58,-0.34,-0.508,-0.26,-0.497,-0.525,-0.297,-0.161,-0.498,-0.052,0.108,-0.36,-0.168,0.209,-0.301,-0.476,-0.298,0.429,-0.494,-0.426,-0.465,0.356,-0.436,-0.363,-0.344,-0.277,-0.295,-0.584,-0.51,-0.435,-0.411,-0.484,-0.206,-0.083,-0.326,-0.645,-0.26,-0.502,-0.397,-0.21,0.666,-0.36,0.269,0.01,-0.57,-0.305,-0.353,-0.482,-0.624,-0.193,-0.564,-0.498,-0.29,-0.015,-0.318,0.156,-0.274,-0.09,-0.441,-0.398,-0.076,0.127,-0.344,-0.078,-0.342,-0.428,-0.493,-0.336,-0.577,-0.062,0.301,-0.151,-0.363,-0.44,-0.202,-0.576,-0.241,-0.479,-0.584,-0.107,-0.102,-0.463,-0.174,-0.059,-0.438,-0.411,-0.449,0.261,-0.366,-0.5,-0.543,-0.528,-0.462,0.532,-0.42,-0.193,-0.343,-0.217,-0.348,-0.144,-0.346,-0.245,-0.527,0.585,0.026,0.554,-0.665,0.4,-0.53,-0.464,-0.379,0.566,-0.5,-0.502,-0.524,-0.48,-0.435,-0.417,0.036,-0.522,-0.149,-0.583,-0.314,0.178,-0.253,-0.147,-0.012,-0.28,-0.483,-0.242,-0.435,-0.394,-0.414,-0.607,-0.319,-0.553,-0.028,-0.31,-0.557,-0.426,-0.207,-0.536,-0.469,-0.208,-0.547,-0.447,-0.534,-0.3,0.208,-0.332,-0.389,-0.444,-0.044,-0.097,-0.113,-0.186,0.178,-0.587,-0.496,-0.572,-0.355,-0.117,-0.232,-0.503,-0.235,-0.332
AGNC,0.113,0.829,-0.075,-0.304,0.0,0.443,0.656,0.702,0.099,0.757,0.861,0.604,0.739,0.767,0.546,0.577,-0.528,0.852,0.564,0.383,0.292,-0.414,-0.284,0.883,0.668,0.349,0.232,0.884,-0.639,0.964,0.661,0.722,0.814,0.675,0.732,0.881,0.84,0.835,0.914,0.814,0.2,0.823,0.705,0.801,0.421,0.812,-0.666,-0.769,0.46,0.71,0.829,-0.025,0.791,0.819,0.887,-0.871,0.924,0.853,0.537,0.306,0.317,0.753,0.913,0.734,0.711,0.918,0.935,0.5,0.965,0.404,0.872,0.847,0.754,0.819,-0.455,0.929,-0.735,0.294,0.825,0.929,0.875,0.824,0.492,0.225,0.71,0.846,0.802,-0.403,-0.129,-0.317,0.798,-0.247,0.827,0.942,0.863,0.032,0.925,-0.227,0.941,0.894,0.874,0.826,0.873,-0.299,-0.386,0.743,0.776,0.832,0.871,0.689,0.899,0.757,0.81,-0.157,-0.635,0.577,0.886,0.774,0.579,0.601,0.233,0.455,0.926,0.889,0.771,0.783,0.937,-0.616,0.77,0.711,0.816,0.904,0.897,0.251,0.003,0.419,0.358,-0.046,0.332,-0.732,0.713,0.109,0.738,0.881,0.85,-0.778,0.759,0.716,0.791,0.894,0.833,0.085,0.213,0.73,0.661,0.632,0.943,0.66,0.299,0.797,0.918,0.572,0.856,0.93,0.922,0.615,0.911,0.775,0.911,0.823,0.301,0.886,0.856,0.71,0.621,0.801,0.808,0.882,0.868,0.866,0.853,0.866,-0.216,0.893,0.82,0.886,-0.212,0.508,0.619,0.918,-0.615,0.851,0.884,0.394,0.927,0.728,0.798,0.777,0.919,0.299
AGYS,0.203,0.416,0.108,0.095,0.443,0.0,0.502,0.019,0.258,0.441,0.343,0.273,0.114,0.144,0.057,0.434,0.034,0.322,0.19,0.522,0.087,-0.278,-0.249,0.242,0.158,0.224,0.509,0.178,-0.084,0.422,0.297,0.349,0.426,0.108,0.197,0.19,0.244,0.282,0.288,0.21,0.168,0.568,0.401,0.525,0.065,0.231,-0.27,-0.095,0.543,0.299,0.157,0.049,0.184,0.42,0.399,-0.212,0.22,0.27,0.175,0.38,0.562,0.172,0.277,0.372,0.424,0.276,0.552,0.415,0.426,0.187,0.264,0.232,0.49,0.161,0.25,0.19,-0.058,0.472,0.187,0.469,0.178,0.114,0.289,-0.094,0.03,0.312,0.174,-0.623,-0.37,0.221,0.496,-0.021,0.135,0.31,0.602,0.292,0.401,0.019,0.308,0.211,0.137,0.539,0.234,-0.058,0.312,0.166,0.59,0.409,0.339,0.363,0.411,0.237,0.216,0.174,-0.262,0.224,0.361,0.401,0.445,0.424,0.156,0.275,0.268,0.203,0.373,0.253,0.311,0.098,0.528,0.184,0.463,0.603,0.518,0.301,-0.033,0.144,0.261,0.44,0.633,0.023,0.142,-0.131,0.309,0.348,0.208,-0.038,0.227,0.25,0.194,0.369,0.325,0.197,0.549,0.343,0.423,0.212,0.318,0.232,0.375,0.723,0.541,0.417,0.154,0.496,0.446,0.524,0.239,0.258,0.522,0.239,0.557,0.36,0.24,0.479,0.464,0.255,0.278,0.355,0.362,0.371,0.28,0.54,0.373,0.374,0.164,0.424,0.22,0.562,0.339,0.583,-0.129,0.169,0.375,0.21,0.402,0.561,0.559,0.068,0.259,-0.12
ALT,-0.291,0.503,-0.438,0.201,0.656,0.502,0.0,0.053,-0.166,0.235,0.551,0.086,0.474,0.127,0.463,0.204,-0.529,0.436,-0.05,0.256,0.224,0.052,-0.735,0.339,0.013,-0.202,0.444,0.374,-0.593,0.537,0.069,0.104,0.728,0.449,0.14,0.562,0.26,0.464,0.404,0.238,-0.114,0.534,0.156,0.723,0.638,0.469,-0.635,-0.566,0.167,0.119,0.612,0.53,0.18,0.348,0.415,-0.523,0.51,0.47,0.079,-0.075,0.287,0.128,0.492,0.26,0.182,0.37,0.662,0.56,0.631,-0.222,0.662,0.253,0.313,0.624,0.123,0.513,-0.376,0.258,0.311,0.532,0.512,0.346,-0.15,0.155,0.12,0.418,0.349,-0.389,-0.398,0.147,0.421,-0.438,0.414,0.592,0.768,-0.049,0.592,-0.075,0.602,0.505,0.376,0.485,0.412,-0.207,-0.18,0.63,0.324,0.483,0.776,0.102,0.482,0.16,0.329,-0.178,-0.78,0.096,0.575,0.561,0.153,0.099,-0.333,0.782,0.598,0.455,0.405,0.178,0.497,-0.116,0.406,0.51,0.352,0.591,0.548,0.305,-0.3,-0.124,-0.181,0.519,0.15,-0.186,0.097,0.516,0.159,0.301,0.435,-0.348,0.294,0.115,0.248,0.493,0.421,-0.342,0.514,0.154,0.444,-0.021,0.595,0.753,-0.113,0.732,0.696,0.32,0.408,0.761,0.482,0.195,0.417,0.227,0.566,0.27,0.096,0.436,0.285,0.182,0.558,0.228,0.219,0.728,0.322,0.325,0.3,0.453,-0.09,0.538,0.46,0.561,-0.295,0.37,0.364,0.604,-0.547,0.253,0.345,-0.196,0.545,0.507,0.615,0.37,0.697,-0.259
AMGN,0.346,0.687,0.238,-0.597,0.702,0.019,0.053,0.0,0.298,0.669,0.73,0.61,0.569,0.818,0.322,0.519,-0.278,0.682,0.707,0.161,0.208,-0.448,0.237,0.82,0.855,0.509,-0.088,0.846,-0.357,0.743,0.731,0.769,0.476,0.514,0.835,0.681,0.905,0.64,0.816,0.879,0.25,0.493,0.675,0.452,0.045,0.637,-0.293,-0.559,0.39,0.754,0.628,-0.414,0.832,0.769,0.732,-0.784,0.83,0.739,0.53,0.236,0.061,0.869,0.803,0.639,0.719,0.848,0.563,0.032,0.686,0.618,0.561,0.858,0.607,0.537,-0.768,0.786,-0.672,0.127,0.774,0.698,0.686,0.77,0.664,0.143,0.79,0.684,0.77,0.011,0.183,-0.505,0.582,0.056,0.712,0.711,0.432,0.033,0.698,-0.265,0.713,0.768,0.818,0.611,0.78,-0.16,-0.499,0.56,0.616,0.62,0.469,0.696,0.747,0.808,0.774,-0.074,-0.191,0.525,0.622,0.481,0.526,0.588,0.488,-0.058,0.697,0.828,0.624,0.843,0.78,-0.637,0.518,0.51,0.669,0.616,0.681,0.046,0.138,0.56,0.504,-0.53,0.097,-0.785,0.818,-0.163,0.753,0.855,0.678,-0.818,0.642,0.745,0.794,0.705,0.695,0.29,-0.175,0.767,0.497,0.771,0.701,0.35,0.381,0.318,0.528,0.482,0.765,0.543,0.734,0.514,0.821,0.788,0.65,0.804,0.115,0.734,0.827,0.717,0.232,0.796,0.839,0.515,0.749,0.804,0.818,0.646,-0.335,0.638,0.712,0.647,-0.204,0.331,0.411,0.589,-0.471,0.877,0.839,0.558,0.681,0.495,0.411,0.711,0.639,0.637
AMPH,0.61,0.161,0.439,-0.32,0.099,0.258,-0.166,0.298,0.0,0.274,0.195,0.361,-0.199,0.105,-0.379,0.28,0.545,-0.001,0.215,0.337,-0.264,-0.234,0.412,0.045,0.268,0.37,0.431,-0.0,0.465,0.117,0.316,0.405,-0.003,-0.276,0.222,-0.115,0.319,0.063,0.1,0.233,0.255,0.295,0.328,0.178,-0.335,-0.131,0.182,0.331,0.42,0.23,-0.097,-0.299,0.186,0.309,0.197,-0.051,0.023,-0.023,0.122,0.448,0.263,0.178,0.114,0.145,0.39,0.123,0.001,0.001,0.043,0.419,-0.166,0.117,0.341,-0.209,0.051,-0.044,0.296,0.326,0.022,0.11,-0.12,-0.024,0.49,-0.067,0.001,0.063,0.036,0.052,-0.148,0.13,0.32,0.534,-0.105,-0.047,0.088,0.295,0.094,0.018,0.07,-0.057,-0.001,0.404,0.104,0.18,0.269,0.027,0.409,0.099,-0.124,0.423,0.096,0.213,0.122,0.331,0.335,0.266,0.065,0.035,0.419,0.476,0.525,-0.319,-0.09,0.05,0.115,0.248,0.117,0.257,0.179,-0.323,0.131,0.124,0.182,0.212,0.283,0.351,0.408,0.063,0.275,0.102,0.151,-0.367,0.244,0.289,-0.102,0.009,0.04,0.189,0.064,0.066,0.042,0.42,0.221,0.368,0.048,0.293,-0.051,-0.184,0.548,0.194,0.102,0.496,-0.024,0.051,0.182,0.337,0.117,0.15,0.148,0.073,0.352,0.052,0.123,0.47,-0.17,0.14,0.215,-0.06,0.224,0.17,0.115,0.248,0.48,0.015,-0.124,0.089,0.418,0.351,0.048,0.137,0.127,0.188,0.216,0.389,0.082,0.235,0.198,0.037,-0.112,0.195
AMZN,0.59,0.817,0.43,-0.425,0.757,0.441,0.235,0.669,0.274,0.0,0.651,0.907,0.561,0.754,0.445,0.88,-0.223,0.836,0.81,0.499,0.287,-0.746,0.245,0.836,0.848,0.821,0.095,0.808,-0.238,0.851,0.953,0.918,0.695,0.498,0.9,0.59,0.84,0.698,0.857,0.854,0.668,0.713,0.968,0.491,-0.039,0.646,-0.244,-0.401,0.546,0.944,0.425,-0.435,0.831,0.817,0.913,-0.574,0.707,0.763,0.829,0.721,0.575,0.865,0.788,0.944,0.922,0.835,0.803,0.473,0.753,0.812,0.59,0.884,0.933,0.49,-0.507,0.681,-0.663,0.456,0.79,0.883,0.614,0.647,0.844,0.264,0.762,0.756,0.738,-0.523,0.111,-0.494,0.829,0.005,0.649,0.706,0.632,0.258,0.687,-0.145,0.676,0.688,0.68,0.863,0.727,0.037,0.081,0.28,0.9,0.804,0.509,0.9,0.793,0.931,0.748,0.322,-0.129,0.673,0.807,0.762,0.814,0.919,0.729,-0.026,0.662,0.703,0.778,0.915,0.739,-0.52,0.844,0.568,0.924,0.831,0.792,0.276,0.402,0.766,0.774,-0.374,0.704,-0.575,0.845,-0.463,0.973,0.891,0.715,-0.498,0.773,0.947,0.821,0.794,0.859,0.613,0.318,0.934,0.657,0.927,0.72,0.149,0.711,0.687,0.656,0.645,0.67,0.598,0.909,0.929,0.79,0.903,0.865,0.869,0.694,0.859,0.889,0.842,0.593,0.913,0.919,0.554,0.895,0.917,0.91,0.918,0.146,0.788,0.616,0.811,0.058,0.561,0.807,0.842,-0.123,0.828,0.904,0.839,0.852,0.704,0.666,0.523,0.553,0.634
ANIP,0.105,0.87,-0.05,-0.31,0.861,0.343,0.551,0.73,0.195,0.651,0.0,0.561,0.721,0.673,0.583,0.471,-0.479,0.805,0.597,0.386,0.188,-0.311,-0.232,0.817,0.611,0.266,0.153,0.799,-0.615,0.86,0.583,0.619,0.668,0.741,0.743,0.844,0.829,0.839,0.82,0.775,0.113,0.726,0.622,0.728,0.443,0.734,-0.558,-0.755,0.482,0.596,0.797,0.065,0.714,0.776,0.837,-0.891,0.897,0.764,0.542,0.222,0.297,0.751,0.822,0.597,0.613,0.835,0.769,0.474,0.881,0.421,0.815,0.772,0.699,0.761,-0.526,0.826,-0.595,0.151,0.782,0.788,0.792,0.761,0.409,0.332,0.673,0.816,0.785,-0.216,-0.087,-0.285,0.645,-0.295,0.769,0.86,0.743,0.061,0.884,-0.219,0.854,0.879,0.832,0.73,0.837,-0.084,-0.416,0.707,0.69,0.813,0.747,0.582,0.816,0.723,0.798,-0.12,-0.593,0.498,0.792,0.662,0.556,0.499,0.229,0.41,0.818,0.829,0.694,0.748,0.826,-0.533,0.688,0.587,0.635,0.771,0.804,0.178,0.08,0.361,0.264,-0.052,0.192,-0.641,0.646,0.11,0.656,0.813,0.784,-0.743,0.681,0.626,0.769,0.832,0.814,0.147,0.167,0.685,0.541,0.577,0.856,0.659,0.264,0.658,0.784,0.49,0.808,0.836,0.83,0.513,0.88,0.74,0.82,0.792,0.124,0.794,0.772,0.573,0.536,0.765,0.791,0.82,0.786,0.817,0.786,0.728,-0.304,0.835,0.835,0.81,-0.276,0.447,0.529,0.809,-0.534,0.766,0.779,0.305,0.834,0.638,0.67,0.728,0.851,0.439
AOSL,0.626,0.708,0.479,-0.429,0.604,0.273,0.086,0.61,0.361,0.907,0.561,0.0,0.5,0.66,0.432,0.789,-0.155,0.76,0.803,0.467,0.188,-0.643,0.42,0.749,0.789,0.799,0.046,0.693,-0.114,0.713,0.903,0.852,0.557,0.462,0.868,0.519,0.761,0.689,0.765,0.794,0.788,0.638,0.887,0.304,-0.028,0.576,-0.054,-0.294,0.489,0.831,0.331,-0.46,0.795,0.679,0.82,-0.46,0.592,0.618,0.9,0.756,0.549,0.832,0.684,0.851,0.806,0.731,0.617,0.5,0.589,0.843,0.507,0.806,0.874,0.431,-0.507,0.552,-0.531,0.34,0.736,0.712,0.536,0.594,0.794,0.386,0.75,0.685,0.707,-0.306,0.287,-0.47,0.736,0.058,0.586,0.573,0.463,0.292,0.57,-0.043,0.537,0.581,0.604,0.804,0.647,0.247,0.129,0.183,0.777,0.726,0.363,0.853,0.635,0.876,0.699,0.4,0.025,0.715,0.73,0.671,0.785,0.867,0.778,-0.11,0.545,0.62,0.673,0.849,0.603,-0.463,0.749,0.451,0.726,0.661,0.642,0.294,0.618,0.836,0.783,-0.43,0.606,-0.493,0.786,-0.483,0.897,0.806,0.661,-0.353,0.745,0.912,0.752,0.677,0.81,0.705,0.261,0.877,0.458,0.883,0.607,0.051,0.723,0.528,0.494,0.536,0.605,0.456,0.81,0.837,0.739,0.832,0.743,0.798,0.608,0.754,0.803,0.685,0.506,0.867,0.85,0.455,0.824,0.826,0.815,0.806,0.183,0.723,0.523,0.701,0.047,0.391,0.775,0.708,0.112,0.76,0.783,0.856,0.75,0.481,0.543,0.509,0.429,0.732
APDN,-0.153,0.641,-0.273,-0.378,0.739,0.114,0.474,0.569,-0.199,0.561,0.721,0.5,0.0,0.636,0.783,0.404,-0.786,0.847,0.615,0.235,0.364,-0.079,-0.204,0.843,0.582,0.213,-0.272,0.781,-0.787,0.784,0.478,0.448,0.539,0.898,0.643,0.9,0.608,0.789,0.777,0.622,0.251,0.501,0.515,0.432,0.633,0.886,-0.401,-0.836,0.257,0.509,0.837,0.133,0.654,0.478,0.757,-0.733,0.819,0.659,0.585,0.174,0.296,0.68,0.77,0.603,0.386,0.769,0.699,0.505,0.782,0.39,0.903,0.748,0.586,0.868,-0.656,0.787,-0.674,-0.212,0.879,0.668,0.902,0.901,0.28,0.528,0.805,0.868,0.712,-0.165,0.36,-0.253,0.414,-0.458,0.919,0.872,0.555,-0.029,0.772,0.097,0.79,0.888,0.873,0.521,0.856,-0.035,-0.53,0.558,0.444,0.802,0.747,0.509,0.632,0.61,0.858,-0.272,-0.592,0.652,0.674,0.528,0.444,0.285,0.073,0.452,0.851,0.806,0.711,0.599,0.719,-0.819,0.633,0.734,0.566,0.592,0.626,0.07,0.238,0.252,0.284,-0.29,0.028,-0.762,0.727,0.206,0.591,0.636,0.918,-0.701,0.874,0.651,0.809,0.85,0.816,0.124,0.007,0.468,0.287,0.537,0.842,0.522,-0.029,0.53,0.563,0.091,0.888,0.749,0.745,0.385,0.803,0.736,0.687,0.826,-0.013,0.743,0.764,0.287,0.704,0.764,0.666,0.788,0.741,0.722,0.779,0.589,-0.546,0.859,0.874,0.804,-0.393,-0.002,0.588,0.643,-0.369,0.711,0.679,0.328,0.807,0.275,0.591,0.858,0.81,0.334
APLT,0.295,0.638,0.153,-0.457,0.767,0.144,0.127,0.818,0.105,0.754,0.673,0.66,0.636,0.0,0.421,0.558,-0.329,0.748,0.765,0.321,0.31,-0.545,0.134,0.883,0.837,0.54,-0.128,0.851,-0.452,0.81,0.758,0.801,0.515,0.567,0.795,0.726,0.825,0.718,0.848,0.794,0.322,0.597,0.749,0.435,0.094,0.749,-0.401,-0.588,0.408,0.799,0.611,-0.342,0.848,0.728,0.796,-0.697,0.814,0.704,0.611,0.426,0.128,0.834,0.771,0.706,0.732,0.908,0.693,0.178,0.751,0.638,0.64,0.886,0.683,0.647,-0.69,0.828,-0.711,0.108,0.826,0.783,0.762,0.821,0.674,0.196,0.831,0.785,0.767,-0.211,0.145,-0.528,0.589,0.032,0.795,0.761,0.508,0.14,0.716,-0.336,0.769,0.766,0.845,0.608,0.805,-0.221,-0.406,0.442,0.701,0.707,0.501,0.773,0.759,0.837,0.757,-0.14,-0.24,0.684,0.704,0.539,0.598,0.617,0.51,-0.011,0.739,0.773,0.62,0.814,0.805,-0.755,0.667,0.619,0.761,0.676,0.662,-0.024,0.237,0.647,0.565,-0.476,0.27,-0.819,0.802,-0.165,0.802,0.874,0.789,-0.752,0.754,0.819,0.826,0.778,0.73,0.34,-0.195,0.765,0.47,0.803,0.765,0.306,0.413,0.404,0.644,0.411,0.79,0.609,0.769,0.591,0.856,0.783,0.716,0.85,0.242,0.804,0.874,0.707,0.385,0.84,0.858,0.598,0.816,0.831,0.864,0.758,-0.309,0.757,0.745,0.689,-0.056,0.28,0.556,0.696,-0.392,0.861,0.825,0.61,0.785,0.55,0.614,0.746,0.669,0.579
APVO,-0.159,0.585,-0.213,-0.115,0.546,0.057,0.463,0.322,-0.379,0.445,0.583,0.432,0.783,0.421,0.0,0.327,-0.784,0.74,0.47,0.039,0.441,-0.072,-0.197,0.629,0.364,0.181,-0.269,0.647,-0.704,0.577,0.384,0.261,0.555,0.854,0.555,0.752,0.42,0.679,0.612,0.495,0.307,0.338,0.395,0.292,0.621,0.733,-0.282,-0.748,0.046,0.397,0.66,0.244,0.529,0.323,0.594,-0.542,0.619,0.609,0.647,0.165,0.248,0.545,0.613,0.517,0.221,0.565,0.597,0.554,0.596,0.24,0.8,0.596,0.47,0.767,-0.528,0.647,-0.645,-0.191,0.705,0.531,0.714,0.656,0.113,0.652,0.668,0.638,0.607,-0.153,0.294,-0.334,0.328,-0.555,0.725,0.689,0.416,-0.015,0.567,0.051,0.615,0.729,0.65,0.372,0.608,0.178,-0.284,0.432,0.243,0.645,0.637,0.272,0.461,0.532,0.665,-0.065,-0.539,0.349,0.652,0.591,0.296,0.222,0.009,0.477,0.688,0.651,0.584,0.482,0.501,-0.632,0.482,0.702,0.422,0.485,0.449,0.204,0.31,0.237,0.161,-0.274,0.068,-0.555,0.511,0.247,0.475,0.444,0.767,-0.414,0.65,0.513,0.697,0.646,0.744,0.102,0.147,0.355,0.264,0.398,0.714,0.444,-0.038,0.368,0.442,0.048,0.686,0.599,0.59,0.298,0.646,0.607,0.57,0.666,0.014,0.602,0.594,0.067,0.672,0.626,0.538,0.724,0.539,0.572,0.615,0.441,-0.447,0.734,0.74,0.636,-0.508,-0.018,0.617,0.536,-0.14,0.505,0.467,0.198,0.678,0.198,0.37,0.597,0.685,0.378
ARGX,0.655,0.701,0.455,-0.411,0.577,0.434,0.204,0.519,0.28,0.88,0.471,0.789,0.404,0.558,0.327,0.0,-0.075,0.662,0.728,0.578,0.337,-0.65,0.342,0.642,0.794,0.867,0.121,0.625,-0.068,0.665,0.894,0.834,0.673,0.313,0.762,0.36,0.646,0.419,0.675,0.652,0.687,0.512,0.908,0.367,-0.215,0.5,0.009,-0.158,0.496,0.879,0.206,-0.381,0.607,0.677,0.762,-0.366,0.532,0.585,0.699,0.732,0.702,0.707,0.626,0.89,0.885,0.655,0.646,0.414,0.567,0.759,0.399,0.72,0.833,0.279,-0.361,0.458,-0.528,0.464,0.614,0.759,0.397,0.447,0.831,0.139,0.583,0.586,0.519,-0.535,0.144,-0.323,0.672,0.201,0.463,0.513,0.518,0.366,0.495,0.037,0.495,0.484,0.455,0.742,0.558,0.256,0.261,0.041,0.809,0.651,0.317,0.844,0.61,0.787,0.616,0.528,0.083,0.582,0.59,0.564,0.754,0.862,0.75,-0.205,0.441,0.502,0.652,0.722,0.517,-0.358,0.774,0.527,0.828,0.666,0.616,0.224,0.383,0.688,0.845,-0.373,0.716,-0.371,0.721,-0.569,0.883,0.714,0.505,-0.348,0.636,0.835,0.652,0.651,0.694,0.668,0.479,0.83,0.616,0.849,0.491,-0.052,0.708,0.605,0.448,0.648,0.449,0.435,0.762,0.947,0.554,0.77,0.738,0.709,0.767,0.693,0.746,0.785,0.578,0.753,0.754,0.339,0.697,0.756,0.762,0.819,0.279,0.584,0.444,0.726,0.186,0.538,0.729,0.67,-0.023,0.634,0.757,0.838,0.696,0.687,0.611,0.329,0.327,0.53
ARLP,0.549,-0.422,0.496,0.101,-0.528,0.034,-0.529,-0.278,0.545,-0.223,-0.479,-0.155,-0.786,-0.329,-0.784,-0.075,0.0,-0.654,-0.249,0.09,-0.257,-0.139,0.495,-0.574,-0.218,0.152,0.322,-0.579,0.892,-0.538,-0.12,-0.046,-0.435,-0.832,-0.33,-0.766,-0.288,-0.597,-0.52,-0.36,0.033,-0.295,-0.143,-0.243,-0.76,-0.706,0.477,0.871,0.052,-0.184,-0.78,-0.308,-0.395,-0.162,-0.459,0.603,-0.611,-0.541,-0.328,0.206,-0.096,-0.385,-0.547,-0.336,-0.018,-0.482,-0.523,-0.438,-0.6,0.032,-0.816,-0.439,-0.242,-0.823,0.465,-0.646,0.623,0.33,-0.627,-0.451,-0.781,-0.678,0.15,-0.455,-0.552,-0.587,-0.463,0.144,-0.161,0.174,-0.218,0.759,-0.717,-0.714,-0.447,0.379,-0.575,-0.126,-0.561,-0.73,-0.666,-0.188,-0.588,0.212,0.606,-0.54,-0.094,-0.543,-0.712,-0.079,-0.467,-0.284,-0.576,0.438,0.749,-0.24,-0.528,-0.439,-0.075,0.041,0.349,-0.691,-0.718,-0.618,-0.491,-0.309,-0.539,0.667,-0.315,-0.636,-0.323,-0.395,-0.389,0.009,0.098,0.073,0.154,0.143,0.186,0.633,-0.418,-0.438,-0.25,-0.3,-0.73,0.565,-0.57,-0.308,-0.53,-0.616,-0.577,0.231,0.045,-0.101,-0.208,-0.158,-0.695,-0.561,0.408,-0.361,-0.419,0.19,-0.727,-0.615,-0.465,-0.045,-0.553,-0.454,-0.428,-0.528,0.268,-0.508,-0.482,0.06,-0.621,-0.453,-0.334,-0.683,-0.424,-0.424,-0.48,-0.271,0.698,-0.648,-0.729,-0.573,0.55,0.206,-0.338,-0.403,0.416,-0.433,-0.401,0.072,-0.558,-0.051,-0.298,-0.653,-0.717,-0.066
ATEX,0.125,0.845,0.034,-0.401,0.852,0.322,0.436,0.682,-0.001,0.836,0.805,0.76,0.847,0.748,0.74,0.662,-0.654,0.0,0.775,0.367,0.355,-0.406,-0.062,0.939,0.77,0.496,-0.073,0.899,-0.67,0.929,0.752,0.707,0.696,0.847,0.852,0.878,0.798,0.889,0.925,0.828,0.443,0.713,0.785,0.507,0.432,0.885,-0.404,-0.782,0.458,0.771,0.769,-0.109,0.849,0.709,0.938,-0.787,0.869,0.811,0.779,0.411,0.5,0.865,0.884,0.848,0.677,0.893,0.866,0.593,0.889,0.613,0.898,0.901,0.837,0.816,-0.636,0.847,-0.741,0.09,0.95,0.871,0.897,0.881,0.558,0.461,0.89,0.918,0.812,-0.388,0.186,-0.39,0.703,-0.382,0.892,0.921,0.71,0.027,0.851,-0.004,0.813,0.925,0.901,0.743,0.898,-0.022,-0.321,0.513,0.726,0.927,0.765,0.731,0.838,0.837,0.916,-0.019,-0.505,0.678,0.849,0.726,0.642,0.629,0.357,0.368,0.883,0.859,0.855,0.838,0.84,-0.75,0.832,0.734,0.813,0.814,0.814,0.195,0.299,0.522,0.509,-0.338,0.37,-0.79,0.853,-0.096,0.84,0.831,0.947,-0.696,0.91,0.859,0.912,0.948,0.955,0.365,0.173,0.75,0.545,0.767,0.916,0.445,0.286,0.706,0.719,0.352,0.917,0.793,0.931,0.694,0.911,0.912,0.864,0.944,0.318,0.89,0.914,0.581,0.79,0.934,0.867,0.805,0.923,0.929,0.929,0.817,-0.315,0.952,0.892,0.92,-0.209,0.291,0.727,0.831,-0.31,0.858,0.885,0.58,0.934,0.538,0.673,0.777,0.808,0.51
ATRA,0.441,0.657,0.345,-0.572,0.564,0.19,-0.05,0.707,0.215,0.81,0.597,0.803,0.615,0.765,0.47,0.728,-0.249,0.775,0.0,0.459,0.341,-0.531,0.408,0.819,0.882,0.756,-0.275,0.718,-0.31,0.692,0.843,0.782,0.381,0.603,0.86,0.571,0.711,0.654,0.746,0.717,0.577,0.477,0.851,0.185,-0.044,0.681,0.001,-0.402,0.522,0.812,0.408,-0.416,0.757,0.629,0.814,-0.511,0.655,0.563,0.811,0.623,0.484,0.88,0.645,0.809,0.735,0.778,0.561,0.319,0.602,0.864,0.527,0.853,0.803,0.465,-0.734,0.58,-0.529,0.001,0.827,0.678,0.615,0.716,0.783,0.355,0.834,0.778,0.656,-0.226,0.39,-0.42,0.484,0.046,0.719,0.623,0.39,0.304,0.591,0.016,0.561,0.669,0.71,0.578,0.739,0.269,-0.121,0.1,0.715,0.733,0.303,0.834,0.645,0.848,0.795,0.158,0.012,0.758,0.548,0.418,0.736,0.687,0.716,-0.202,0.546,0.627,0.635,0.783,0.585,-0.697,0.739,0.529,0.698,0.554,0.561,-0.053,0.573,0.695,0.78,-0.62,0.414,-0.65,0.863,-0.482,0.861,0.776,0.731,-0.532,0.808,0.888,0.806,0.76,0.777,0.756,0.022,0.799,0.378,0.904,0.604,-0.01,0.502,0.364,0.384,0.296,0.686,0.423,0.746,0.767,0.74,0.852,0.679,0.872,0.407,0.716,0.835,0.64,0.56,0.89,0.866,0.386,0.807,0.834,0.846,0.701,-0.175,0.725,0.695,0.724,0.043,0.197,0.631,0.599,-0.004,0.734,0.771,0.811,0.73,0.42,0.531,0.608,0.413,0.743
AUTL,0.34,0.396,0.153,0.007,0.383,0.522,0.256,0.161,0.337,0.499,0.386,0.467,0.235,0.321,0.039,0.578,0.09,0.367,0.459,0.0,0.129,-0.321,0.069,0.376,0.365,0.414,0.217,0.212,-0.062,0.418,0.447,0.493,0.326,0.153,0.311,0.182,0.308,0.333,0.325,0.224,0.32,0.445,0.546,0.271,-0.075,0.283,-0.091,0.001,0.501,0.409,0.085,-0.008,0.227,0.337,0.497,-0.18,0.278,0.119,0.358,0.568,0.582,0.289,0.232,0.454,0.546,0.372,0.364,0.422,0.385,0.441,0.233,0.317,0.587,0.183,0.018,0.16,-0.022,0.24,0.291,0.459,0.229,0.247,0.437,0.048,0.201,0.436,0.234,-0.404,-0.035,0.079,0.339,0.213,0.265,0.274,0.523,0.439,0.362,0.042,0.319,0.211,0.225,0.533,0.333,0.232,0.251,-0.109,0.664,0.442,0.161,0.577,0.429,0.379,0.323,0.219,0.031,0.557,0.311,0.202,0.566,0.491,0.465,-0.095,0.181,0.133,0.293,0.297,0.263,-0.091,0.559,0.206,0.42,0.387,0.344,-0.075,0.283,0.382,0.476,0.138,0.546,-0.046,0.272,-0.303,0.442,0.42,0.298,-0.115,0.44,0.431,0.272,0.417,0.34,0.448,0.39,0.448,0.272,0.437,0.231,0.006,0.443,0.511,0.376,0.338,0.202,0.337,0.425,0.611,0.328,0.335,0.48,0.352,0.513,0.401,0.358,0.46,0.419,0.386,0.411,0.174,0.407,0.412,0.386,0.564,0.29,0.404,0.242,0.479,0.386,0.307,0.435,0.486,0.046,0.265,0.392,0.456,0.439,0.485,0.632,0.207,0.153,0.192
AVDL,-0.023,0.183,-0.031,0.022,0.292,0.087,0.224,0.208,-0.264,0.287,0.188,0.188,0.364,0.31,0.441,0.337,-0.257,0.355,0.341,0.129,0.0,0.009,0.028,0.321,0.321,0.248,-0.195,0.354,-0.353,0.269,0.27,0.204,0.356,0.313,0.246,0.304,0.192,0.271,0.303,0.206,0.27,0.065,0.269,0.069,0.111,0.483,0.015,-0.246,0.035,0.327,0.237,0.037,0.283,0.104,0.287,-0.165,0.281,0.208,0.319,0.174,0.108,0.259,0.303,0.348,0.234,0.315,0.365,-0.011,0.232,0.11,0.343,0.396,0.267,0.304,-0.266,0.301,-0.478,-0.041,0.33,0.307,0.334,0.342,0.162,0.264,0.372,0.26,0.345,-0.011,0.22,-0.163,0.059,0.064,0.431,0.284,0.242,0.454,0.163,-0.039,0.351,0.301,0.283,0.162,0.217,0.186,-0.061,0.046,0.101,0.298,0.253,0.23,0.265,0.294,0.292,-0.0,-0.096,0.221,0.259,0.197,0.096,0.092,0.117,0.049,0.306,0.259,0.218,0.203,0.143,-0.346,0.216,0.616,0.359,0.292,0.139,0.061,0.213,0.322,0.264,-0.287,0.175,-0.266,0.244,0.11,0.315,0.227,0.385,-0.174,0.385,0.349,0.356,0.334,0.325,0.15,0.022,0.174,0.263,0.291,0.318,0.171,-0.025,0.146,0.194,-0.016,0.259,0.207,0.263,0.278,0.272,0.249,0.269,0.344,0.214,0.292,0.299,0.134,0.397,0.328,0.312,0.27,0.211,0.343,0.357,0.321,-0.229,0.346,0.365,0.285,-0.114,-0.09,0.441,0.247,-0.047,0.229,0.319,0.21,0.341,0.227,0.227,0.23,0.302,0.214
BCRX,-0.711,-0.573,-0.595,0.25,-0.414,-0.278,0.052,-0.448,-0.234,-0.746,-0.311,-0.643,-0.079,-0.545,-0.072,-0.65,-0.139,-0.406,-0.531,-0.321,0.009,0.0,-0.327,-0.478,-0.566,-0.741,-0.114,-0.503,-0.122,-0.498,-0.772,-0.747,-0.451,-0.083,-0.67,-0.144,-0.612,-0.291,-0.516,-0.613,-0.445,-0.442,-0.741,-0.317,0.464,-0.161,0.244,0.057,-0.318,-0.768,0.023,0.6,-0.563,-0.704,-0.571,0.3,-0.382,-0.548,-0.55,-0.56,-0.28,-0.622,-0.396,-0.656,-0.797,-0.516,-0.466,-0.177,-0.43,-0.65,-0.118,-0.564,-0.607,-0.06,0.306,-0.366,0.462,-0.617,-0.368,-0.611,-0.169,-0.182,-0.74,0.065,-0.376,-0.328,-0.454,0.527,0.128,0.612,-0.658,-0.133,-0.179,-0.301,-0.34,-0.11,-0.344,0.473,-0.314,-0.289,-0.291,-0.567,-0.338,0.108,-0.274,-0.013,-0.72,-0.4,-0.132,-0.64,-0.554,-0.717,-0.312,-0.42,-0.154,-0.283,-0.515,-0.56,-0.557,-0.823,-0.726,0.329,-0.242,-0.335,-0.397,-0.707,-0.447,0.18,-0.521,-0.232,-0.702,-0.552,-0.511,-0.118,-0.168,-0.626,-0.552,0.341,-0.697,0.268,-0.54,0.649,-0.738,-0.648,-0.254,0.253,-0.298,-0.652,-0.442,-0.369,-0.475,-0.504,-0.208,-0.788,-0.637,-0.708,-0.331,0.114,-0.775,-0.322,-0.424,-0.69,-0.237,-0.21,-0.567,-0.731,-0.437,-0.585,-0.536,-0.503,-0.649,-0.556,-0.566,-0.766,-0.13,-0.579,-0.669,-0.129,-0.557,-0.589,-0.576,-0.644,-0.371,-0.345,-0.232,-0.402,-0.149,-0.675,-0.485,-0.556,0.05,-0.518,-0.587,-0.666,-0.462,-0.659,-0.342,-0.086,-0.179,-0.564
BHAT,0.702,-0.069,0.667,-0.452,-0.284,-0.249,-0.735,0.237,0.412,0.245,-0.232,0.42,-0.204,0.134,-0.197,0.342,0.495,-0.062,0.408,0.069,0.028,-0.327,0.0,0.004,0.406,0.649,-0.291,-0.014,0.601,-0.158,0.421,0.363,-0.23,-0.28,0.307,-0.296,0.131,-0.167,0.009,0.159,0.617,-0.255,0.327,-0.455,-0.641,-0.14,0.7,0.483,0.122,0.317,-0.434,-0.655,0.166,0.031,0.011,0.3,-0.177,-0.133,0.359,0.51,0.121,0.254,-0.055,0.21,0.288,0.003,-0.3,-0.236,-0.318,0.629,-0.377,0.154,0.172,-0.387,-0.314,-0.235,0.076,0.071,0.042,-0.136,-0.261,-0.074,0.582,0.055,0.219,-0.071,0.009,0.194,0.521,-0.241,-0.016,0.583,-0.121,-0.292,-0.44,0.323,-0.289,0.064,-0.254,-0.218,-0.105,0.038,-0.071,0.499,0.346,-0.503,0.097,-0.087,-0.509,0.382,-0.185,0.272,0.052,0.569,0.813,0.27,-0.192,-0.185,0.308,0.379,0.732,-0.831,-0.292,-0.092,0.014,0.226,-0.19,-0.036,0.01,-0.161,0.036,-0.207,-0.183,0.045,0.674,0.536,0.656,-0.638,0.197,0.036,0.287,-0.696,0.321,0.112,-0.136,0.175,0.093,0.344,0.121,-0.129,0.022,0.677,-0.079,0.324,-0.111,0.471,-0.284,-0.68,0.529,-0.348,-0.44,0.126,-0.151,-0.448,-0.027,0.319,-0.058,0.206,-0.124,0.125,0.302,-0.052,0.122,0.208,-0.225,0.189,0.197,-0.434,0.069,0.094,0.13,0.029,0.316,-0.168,-0.2,-0.121,0.319,-0.057,0.114,-0.196,0.57,0.12,0.07,0.655,-0.128,-0.15,-0.219,-0.098,-0.434,0.534
BLBD,0.185,0.821,0.048,-0.471,0.883,0.242,0.339,0.82,0.045,0.836,0.817,0.749,0.843,0.883,0.629,0.642,-0.574,0.939,0.819,0.376,0.321,-0.478,0.004,0.0,0.844,0.529,-0.134,0.952,-0.634,0.945,0.798,0.803,0.658,0.792,0.884,0.885,0.881,0.865,0.962,0.88,0.377,0.693,0.809,0.539,0.314,0.873,-0.474,-0.771,0.432,0.827,0.773,-0.241,0.9,0.782,0.937,-0.838,0.934,0.837,0.743,0.413,0.319,0.917,0.894,0.835,0.751,0.976,0.831,0.435,0.903,0.657,0.847,0.956,0.809,0.798,-0.744,0.906,-0.79,0.086,0.958,0.89,0.913,0.934,0.631,0.34,0.914,0.93,0.873,-0.303,0.215,-0.507,0.687,-0.236,0.925,0.926,0.678,0.047,0.884,-0.144,0.865,0.932,0.955,0.74,0.937,-0.147,-0.424,0.547,0.764,0.87,0.716,0.795,0.869,0.888,0.915,-0.126,-0.445,0.74,0.84,0.693,0.677,0.644,0.435,0.216,0.891,0.899,0.806,0.887,0.902,-0.818,0.791,0.727,0.822,0.803,0.817,0.051,0.246,0.573,0.539,-0.422,0.3,-0.856,0.896,-0.097,0.865,0.925,0.945,-0.803,0.911,0.892,0.93,0.927,0.919,0.336,0.008,0.804,0.536,0.827,0.909,0.441,0.355,0.605,0.735,0.405,0.933,0.781,0.926,0.673,0.955,0.919,0.871,0.971,0.261,0.937,0.968,0.676,0.623,0.951,0.926,0.756,0.933,0.944,0.966,0.835,-0.352,0.93,0.892,0.892,-0.225,0.306,0.68,0.83,-0.417,0.93,0.926,0.617,0.932,0.566,0.685,0.843,0.814,0.574
BMRN,0.513,0.711,0.361,-0.673,0.668,0.158,0.013,0.855,0.268,0.848,0.611,0.789,0.582,0.837,0.364,0.794,-0.218,0.77,0.882,0.365,0.321,-0.566,0.406,0.844,0.0,0.784,-0.127,0.827,-0.26,0.768,0.905,0.882,0.538,0.491,0.898,0.601,0.837,0.608,0.841,0.843,0.544,0.524,0.89,0.315,-0.094,0.68,-0.069,-0.415,0.505,0.909,0.477,-0.499,0.846,0.749,0.83,-0.596,0.745,0.69,0.71,0.558,0.409,0.905,0.8,0.856,0.844,0.852,0.624,0.233,0.662,0.841,0.543,0.9,0.804,0.478,-0.718,0.695,-0.643,0.199,0.841,0.769,0.641,0.748,0.869,0.206,0.863,0.77,0.698,-0.239,0.285,-0.443,0.618,0.141,0.722,0.685,0.445,0.203,0.637,-0.12,0.646,0.706,0.755,0.681,0.788,0.059,-0.201,0.268,0.761,0.731,0.398,0.893,0.705,0.891,0.816,0.18,-0.019,0.701,0.61,0.485,0.715,0.766,0.715,-0.2,0.648,0.737,0.718,0.869,0.719,-0.678,0.746,0.574,0.798,0.651,0.672,0.071,0.396,0.725,0.813,-0.618,0.397,-0.746,0.917,-0.453,0.919,0.855,0.712,-0.672,0.778,0.917,0.851,0.786,0.772,0.592,0.044,0.879,0.522,0.948,0.657,0.072,0.543,0.433,0.461,0.496,0.726,0.487,0.803,0.79,0.771,0.894,0.733,0.885,0.426,0.763,0.897,0.793,0.483,0.894,0.887,0.453,0.839,0.87,0.9,0.76,-0.136,0.701,0.679,0.759,0.034,0.346,0.613,0.644,-0.215,0.859,0.882,0.836,0.757,0.553,0.546,0.636,0.513,0.668
BNGO,0.824,0.524,0.632,-0.487,0.349,0.224,-0.202,0.509,0.37,0.821,0.266,0.799,0.213,0.54,0.181,0.867,0.152,0.496,0.756,0.414,0.248,-0.741,0.649,0.529,0.784,0.0,-0.058,0.511,0.194,0.477,0.903,0.824,0.403,0.14,0.737,0.163,0.588,0.292,0.549,0.614,0.765,0.334,0.877,0.113,-0.459,0.308,0.21,0.055,0.381,0.86,-0.025,-0.625,0.613,0.584,0.628,-0.169,0.343,0.442,0.743,0.826,0.515,0.684,0.459,0.81,0.824,0.542,0.412,0.237,0.34,0.877,0.149,0.654,0.753,0.056,-0.437,0.3,-0.394,0.393,0.513,0.57,0.212,0.322,0.917,0.164,0.565,0.432,0.435,-0.334,0.267,-0.457,0.565,0.371,0.316,0.296,0.214,0.39,0.289,-0.029,0.321,0.297,0.329,0.597,0.412,0.298,0.378,-0.153,0.697,0.47,0.048,0.83,0.426,0.772,0.485,0.576,0.374,0.555,0.423,0.42,0.706,0.864,0.927,-0.512,0.237,0.361,0.504,0.707,0.354,-0.309,0.601,0.299,0.7,0.461,0.422,0.159,0.574,0.788,0.907,-0.584,0.689,-0.3,0.695,-0.743,0.847,0.64,0.36,-0.183,0.532,0.813,0.586,0.455,0.553,0.801,0.28,0.818,0.425,0.89,0.287,-0.345,0.802,0.295,0.211,0.585,0.3,0.154,0.593,0.874,0.435,0.705,0.546,0.618,0.743,0.552,0.656,0.731,0.303,0.693,0.707,0.096,0.618,0.645,0.669,0.672,0.365,0.411,0.253,0.507,0.261,0.425,0.658,0.487,0.22,0.578,0.638,0.942,0.516,0.485,0.365,0.2,0.086,0.683
BUSE,0.232,0.15,0.165,0.25,0.232,0.509,0.444,-0.088,0.431,0.095,0.153,0.046,-0.272,-0.128,-0.269,0.121,0.322,-0.073,-0.275,0.217,-0.195,-0.114,-0.291,-0.134,-0.127,-0.058,0.0,-0.09,0.222,0.11,0.003,0.097,0.308,-0.306,-0.088,-0.08,0.101,-0.001,0.001,0.045,-0.064,0.458,0.062,0.506,0.004,-0.181,-0.234,0.159,0.269,-0.002,-0.016,0.172,-0.042,0.257,0.043,-0.056,-0.024,0.091,-0.18,0.082,0.205,-0.139,0.088,-0.002,0.201,-0.033,0.233,0.144,0.125,-0.162,-0.035,-0.09,0.11,-0.087,0.576,0.007,0.187,0.595,-0.206,0.177,-0.142,-0.221,0.051,-0.253,-0.322,-0.127,-0.061,-0.233,-0.545,0.257,0.441,0.194,-0.242,0.001,0.352,0.168,0.107,-0.126,0.094,-0.105,-0.165,0.406,-0.111,-0.146,0.297,0.276,0.267,-0.004,0.165,0.035,0.155,-0.042,-0.101,0.253,-0.146,-0.141,0.195,0.275,0.073,0.252,-0.023,0.246,0.015,-0.021,0.01,0.014,0.094,0.487,0.121,-0.102,0.137,0.315,0.283,0.446,-0.284,0.01,-0.034,0.64,0.332,0.251,-0.218,0.06,-0.019,0.103,-0.189,0.108,-0.227,-0.104,-0.15,-0.032,-0.054,-0.138,0.444,0.113,0.355,-0.136,0.053,0.299,0.282,0.48,0.41,0.54,-0.153,0.251,0.142,0.144,-0.006,-0.123,0.194,-0.166,0.364,0.013,-0.106,0.325,-0.025,-0.132,-0.048,0.167,0.017,0.022,-0.104,0.234,0.542,-0.034,-0.208,0.035,0.246,0.59,-0.011,0.263,-0.19,-0.043,0.07,-0.119,0.062,0.441,0.258,-0.191,0.115,-0.254
CAKE,0.202,0.845,0.057,-0.478,0.884,0.178,0.374,0.846,-0.0,0.808,0.799,0.693,0.781,0.851,0.647,0.625,-0.579,0.899,0.718,0.212,0.354,-0.503,-0.014,0.952,0.827,0.511,-0.09,0.0,-0.598,0.925,0.791,0.779,0.75,0.739,0.894,0.868,0.908,0.805,0.97,0.923,0.348,0.638,0.774,0.581,0.286,0.824,-0.5,-0.783,0.319,0.837,0.774,-0.262,0.918,0.819,0.893,-0.865,0.947,0.925,0.699,0.314,0.224,0.91,0.938,0.812,0.747,0.955,0.833,0.373,0.891,0.588,0.828,0.947,0.735,0.778,-0.754,0.943,-0.875,0.192,0.918,0.887,0.877,0.878,0.616,0.293,0.885,0.846,0.881,-0.292,0.138,-0.583,0.717,-0.257,0.875,0.919,0.669,-0.059,0.863,-0.261,0.873,0.929,0.927,0.733,0.904,-0.224,-0.44,0.623,0.701,0.816,0.765,0.718,0.859,0.891,0.883,-0.068,-0.475,0.564,0.865,0.749,0.587,0.638,0.388,0.228,0.912,0.938,0.83,0.905,0.919,-0.767,0.714,0.752,0.825,0.815,0.833,0.169,0.147,0.54,0.474,-0.444,0.254,-0.847,0.874,-0.054,0.856,0.913,0.887,-0.833,0.81,0.848,0.926,0.88,0.907,0.221,0.046,0.806,0.634,0.796,0.909,0.487,0.343,0.569,0.726,0.504,0.901,0.769,0.911,0.631,0.933,0.914,0.853,0.936,0.24,0.92,0.956,0.686,0.546,0.914,0.909,0.771,0.886,0.916,0.952,0.803,-0.351,0.874,0.864,0.854,-0.343,0.389,0.663,0.806,-0.504,0.939,0.919,0.558,0.896,0.616,0.6,0.788,0.847,0.558
CASY,0.568,-0.453,0.505,0.015,-0.639,-0.084,-0.593,-0.357,0.465,-0.238,-0.615,-0.114,-0.787,-0.452,-0.704,-0.068,0.892,-0.67,-0.31,-0.062,-0.353,-0.122,0.601,-0.634,-0.26,0.194,0.222,-0.598,0.0,-0.607,-0.117,-0.112,-0.421,-0.853,-0.324,-0.825,-0.349,-0.66,-0.548,-0.361,0.186,-0.421,-0.171,-0.417,-0.757,-0.772,0.615,0.912,-0.121,-0.208,-0.847,-0.4,-0.414,-0.269,-0.512,0.689,-0.69,-0.529,-0.253,0.212,-0.047,-0.404,-0.563,-0.314,-0.089,-0.575,-0.613,-0.356,-0.694,0.054,-0.85,-0.499,-0.283,-0.863,0.423,-0.722,0.589,0.345,-0.646,-0.532,-0.833,-0.74,0.131,-0.329,-0.551,-0.657,-0.512,0.142,-0.038,0.135,-0.217,0.638,-0.774,-0.77,-0.544,0.212,-0.661,-0.002,-0.661,-0.782,-0.733,-0.21,-0.638,0.259,0.688,-0.614,-0.203,-0.571,-0.73,-0.135,-0.579,-0.315,-0.589,0.577,0.809,-0.32,-0.54,-0.399,-0.108,0.049,0.34,-0.707,-0.753,-0.628,-0.429,-0.313,-0.594,0.678,-0.387,-0.665,-0.375,-0.471,-0.47,0.17,0.191,0.047,0.14,0.043,0.164,0.686,-0.403,-0.494,-0.252,-0.388,-0.774,0.649,-0.579,-0.306,-0.538,-0.682,-0.555,0.223,0.142,-0.146,-0.253,-0.165,-0.763,-0.697,0.395,-0.416,-0.589,0.159,-0.765,-0.703,-0.501,-0.059,-0.628,-0.422,-0.492,-0.556,0.252,-0.545,-0.502,-0.06,-0.626,-0.472,-0.4,-0.747,-0.472,-0.489,-0.5,-0.367,0.741,-0.694,-0.824,-0.606,0.463,0.108,-0.296,-0.493,0.552,-0.45,-0.449,0.117,-0.625,-0.217,-0.457,-0.702,-0.793,-0.067
CCOI,0.192,0.887,-0.008,-0.413,0.964,0.422,0.537,0.743,0.117,0.851,0.86,0.713,0.784,0.81,0.577,0.665,-0.538,0.929,0.692,0.418,0.269,-0.498,-0.158,0.945,0.768,0.477,0.11,0.925,-0.607,0.0,0.77,0.794,0.787,0.732,0.833,0.875,0.887,0.864,0.962,0.877,0.311,0.817,0.809,0.709,0.364,0.824,-0.583,-0.762,0.479,0.803,0.791,-0.144,0.867,0.846,0.96,-0.867,0.932,0.87,0.662,0.406,0.422,0.847,0.928,0.834,0.775,0.954,0.93,0.555,0.976,0.576,0.87,0.902,0.845,0.793,-0.558,0.911,-0.748,0.276,0.905,0.951,0.882,0.858,0.603,0.288,0.807,0.915,0.838,-0.446,-0.019,-0.386,0.813,-0.285,0.858,0.957,0.836,0.0,0.935,-0.168,0.913,0.924,0.906,0.852,0.93,-0.235,-0.337,0.649,0.84,0.911,0.837,0.783,0.911,0.842,0.873,-0.09,-0.562,0.649,0.901,0.782,0.685,0.69,0.361,0.367,0.923,0.899,0.852,0.872,0.952,-0.683,0.847,0.693,0.871,0.911,0.917,0.223,0.12,0.491,0.468,-0.193,0.401,-0.774,0.824,-0.053,0.844,0.923,0.895,-0.783,0.845,0.822,0.869,0.949,0.913,0.241,0.22,0.812,0.634,0.755,0.942,0.534,0.382,0.796,0.852,0.555,0.899,0.889,0.97,0.715,0.935,0.889,0.94,0.914,0.351,0.932,0.933,0.737,0.675,0.901,0.882,0.841,0.947,0.933,0.935,0.897,-0.209,0.937,0.847,0.937,-0.17,0.486,0.681,0.923,-0.517,0.913,0.936,0.545,0.963,0.706,0.779,0.778,0.873,0.408
CEVA,0.689,0.786,0.478,-0.524,0.661,0.297,0.069,0.731,0.316,0.953,0.583,0.903,0.478,0.758,0.384,0.894,-0.12,0.752,0.843,0.447,0.27,-0.772,0.421,0.798,0.905,0.903,0.003,0.791,-0.117,0.77,0.0,0.949,0.642,0.421,0.927,0.503,0.841,0.589,0.823,0.857,0.68,0.585,0.975,0.392,-0.188,0.56,-0.121,-0.309,0.451,0.974,0.331,-0.549,0.838,0.816,0.861,-0.531,0.674,0.731,0.83,0.733,0.495,0.893,0.742,0.934,0.939,0.812,0.676,0.367,0.661,0.884,0.474,0.872,0.883,0.385,-0.6,0.63,-0.639,0.419,0.756,0.818,0.531,0.598,0.916,0.225,0.759,0.692,0.717,-0.397,0.195,-0.567,0.754,0.134,0.595,0.621,0.502,0.242,0.616,-0.17,0.613,0.623,0.637,0.794,0.699,0.103,0.091,0.195,0.856,0.716,0.39,0.914,0.711,0.944,0.722,0.383,0.03,0.644,0.718,0.663,0.815,0.93,0.832,-0.229,0.578,0.671,0.724,0.916,0.682,-0.516,0.771,0.514,0.863,0.729,0.713,0.19,0.449,0.798,0.835,-0.531,0.635,-0.561,0.859,-0.555,0.979,0.885,0.637,-0.499,0.72,0.947,0.804,0.719,0.806,0.674,0.269,0.962,0.602,0.972,0.616,0.016,0.772,0.521,0.519,0.68,0.61,0.482,0.847,0.919,0.738,0.904,0.801,0.85,0.646,0.818,0.886,0.85,0.459,0.896,0.917,0.422,0.844,0.875,0.89,0.86,0.151,0.696,0.556,0.751,0.05,0.537,0.745,0.739,-0.085,0.824,0.866,0.904,0.777,0.657,0.558,0.48,0.45,0.724
