,AAPL,ACRS,ADP,AFYA,AGNC,AGYS,ALT,AMGN,AMPH,AMZN,ANIP,AOSL,APDN,APLT,APVO,ARGX,ARLP,ATEX,ATRA,AUTL,AVDL,BCRX,BHAT,BLBD,BMRN,BNGO,BUSE,CAKE,CASY,CCOI,CEVA,CHY,CLDX,CLMT,COHU,COLM,COST,CPRT,CSWC,CSX,DBX,DCOM,DKNG,DMLP,DOX,EA,EDIT,ENPH,ENSG,ERNA,ESGR,ETNB,EXTR,FANG,FARO,FATE,FGEN,FIVE,FIVN,FLGT,FOLD,FORM,FOXA,FRPT,FSLR,FTAI,GBDC,GDYN,GGAL,GNLN,GRFS,GT,HCAT,HCM,HFWA,HOLX,HQY,HUBG,IAC,ICLR,IDCC,IEP,IHRT,ILMN,ILPT,IMAB,IMOS,INMD,INTZ,JAZZ,JKHY,JRVR,KIDS,LBRDK,LGND,LMAT,LPLA,LULU,MASI,MAT,MATW,MBIN,MBIO,MCRB,MDB,MDLZ,MELI,MIRM,MLKN,MNMD,MNRO,MPWR,MRCY,MRSN,MTVA,NAAS,NDAQ,NDSN,NEGG,NOVT,NVDA,NWE,NWSA,NXST,OCX,ODFL,OMAB,OPCH,OPRA,ORGO,OTRK,OZK,PAGP,PCH,PEGA,PENG,PENN,PFBC,PGNY,PHAT,PHUN,PINC,PLUG,PLXS,PYPL,QLYS,QNCX,QQQX,QVCGA,RAPT,RBBN,RCKT,REPL,RMBS,ROAD,ROKU,ROP,RUSHA,SANM,SATS,SBCF,SBLK,SBUX,SCHL,SCSC,SDGR,SEIC,SFIX,SGRY,SKYW,SLP,SNES,STAA,STLD,STOK,SWKS,TER,TFIN,TIGO,TILE,TPIC,TTEC,TTEK,TTGT,UXIN,VERU,VLYPP,VNOM,VRNS,VRSN,WDAY,WERN,WINA,WKHS,WRLD,XP,XTKG,YY,ZION,ZM
AAPL,0.0,-0.127,0.661,0.528,0.443,-0.079,-0.63,0.693,0.783,0.328,0.121,0.003,0.574,0.326,-0.806,0.768,0.181,-0.572,0.208,0.569,-0.408,0.358,-0.018,0.159,-0.025,-0.188,0.619,0.516,0.784,-0.544,0.735,0.59,0.259,0.125,0.529,0.463,0.808,0.387,0.577,-0.252,0.203,0.687,0.447,0.445,-0.365,0.476,0.141,0.413,0.32,0.571,0.713,-0.578,0.462,0.519,0.647,-0.746,-0.511,0.295,0.542,0.586,0.727,0.601,-0.334,0.358,0.651,0.713,0.681,0.405,0.661,-0.407,0.701,0.59,0.549,0.452,0.743,0.25,-0.343,0.607,0.31,0.599,-0.093,0.025,0.435,0.15,0.382,0.183,0.033,0.507,-0.398,0.646,0.807,0.624,0.479,0.587,-0.47,0.065,0.684,0.558,-0.699,0.221,0.425,0.626,-0.599,-0.369,0.79,0.59,0.622,0.144,0.611,0.544,-0.484,0.275,0.691,0.155,0.61,-0.385,0.573,0.112,0.57,-0.077,0.646,0.228,0.121,0.526,-0.191,0.646,0.342,0.86,-0.445,0.692,-0.585,0.683,0.475,0.173,0.354,-0.242,0.304,0.556,0.743,0.071,-0.296,0.712,0.576,0.649,0.57,0.682,-0.104,0.309,-0.106,0.373,0.717,-0.539,-0.175,-0.069,-0.07,0.316,0.547,0.65,-0.328,0.38,0.696,-0.089,0.484,0.634,0.386,0.305,0.687,0.273,-0.444,0.113,0.546,-0.572,0.477,-0.184,-0.155,0.516,0.699,0.626,0.411,0.635,0.426,-0.009,0.572,0.609,-0.291,0.513,0.717,0.244,0.504,-0.445,0.601,0.409,0.682,0.644,0.5,0.61,-0.454,0.259,0.604,0.524
ACRS,-0.127,0.0,-0.105,0.255,-0.097,0.454,0.129,-0.081,-0.308,0.629,-0.604,0.592,0.17,-0.09,0.372,-0.171,-0.143,0.063,0.279,-0.329,0.579,-0.132,0.457,0.779,-0.462,0.817,0.105,0.184,-0.06,0.132,0.141,-0.136,0.298,0.385,-0.088,0.216,-0.212,0.669,0.156,0.229,0.658,-0.186,0.277,0.436,0.269,0.178,0.4,0.526,-0.45,0.011,-0.167,0.571,0.403,-0.039,-0.051,0.488,0.521,0.286,0.471,0.121,0.052,0.487,0.032,0.04,0.301,0.15,-0.35,0.446,-0.165,-0.199,0.076,0.066,-0.009,-0.074,-0.074,-0.424,0.167,-0.302,0.622,0.202,0.825,0.385,0.274,0.03,0.329,-0.096,-0.171,0.339,-0.129,-0.096,-0.244,-0.43,0.526,-0.145,-0.036,0.082,-0.158,0.268,0.114,0.438,0.257,-0.023,0.108,0.219,0.028,-0.615,-0.269,0.647,-0.085,0.228,0.5,0.597,-0.074,0.078,-0.416,0.542,0.093,0.432,0.395,0.606,0.305,0.198,0.783,0.125,0.461,-0.121,0.568,-0.024,0.576,0.049,0.191,0.043,0.038,0.478,0.431,0.372,0.445,-0.233,0.165,0.635,-0.151,0.25,0.396,0.225,0.245,-0.13,0.811,0.664,0.43,-0.104,-0.185,0.465,-0.222,0.497,-0.228,0.495,-0.264,-0.333,0.588,0.187,-0.115,0.297,0.129,-0.17,-0.387,0.725,-0.001,0.287,0.547,0.515,0.181,-0.163,0.166,0.313,0.542,0.39,0.136,-0.074,0.254,0.083,0.176,0.311,0.301,0.185,-0.196,0.432,-0.053,-0.402,0.145,0.023,-0.163,-0.668,-0.142,0.129,-0.274,-0.48,-0.302,0.436,-0.129,0.367
ADP,0.661,-0.105,0.0,0.874,0.636,0.205,-0.906,0.921,0.761,0.155,-0.342,-0.439,0.732,0.806,-0.694,0.873,0.384,-0.847,0.711,0.797,-0.521,0.802,-0.072,-0.012,-0.1,-0.222,0.892,0.824,0.883,-0.923,0.85,0.484,0.7,0.513,0.043,0.587,0.886,0.339,0.928,-0.573,0.387,0.959,0.855,0.613,-0.714,0.849,0.632,0.64,-0.073,0.833,0.858,-0.788,0.681,0.9,0.506,-0.794,-0.8,0.418,0.736,0.86,0.795,0.571,-0.711,0.591,0.762,0.918,0.862,0.742,0.61,-0.462,0.892,0.897,0.754,0.825,0.923,0.326,-0.16,0.85,0.595,0.604,-0.259,0.568,0.84,0.269,0.679,-0.035,-0.373,0.832,-0.803,0.91,0.807,0.599,0.478,0.908,-0.87,-0.467,0.915,0.575,-0.904,0.664,0.791,0.946,-0.951,-0.674,0.529,0.473,0.23,0.222,0.958,0.858,-0.627,0.311,0.86,0.733,0.82,-0.187,0.691,0.206,0.587,-0.278,0.789,0.106,0.192,0.904,-0.435,0.924,0.375,0.649,-0.319,0.878,-0.858,0.871,0.877,0.422,0.669,-0.654,0.684,0.933,0.75,0.233,-0.763,0.534,0.794,0.871,0.886,0.88,-0.229,-0.004,0.192,0.891,0.903,-0.822,-0.645,-0.417,-0.466,0.668,0.794,0.831,-0.169,0.815,0.955,-0.171,0.796,0.874,0.578,0.469,0.93,0.653,-0.711,0.315,0.848,-0.902,0.746,-0.504,-0.408,0.705,0.809,0.921,0.758,0.878,0.262,-0.161,0.86,0.754,0.063,0.674,0.958,0.176,0.592,-0.897,0.448,0.572,0.858,0.854,0.828,0.784,-0.828,0.63,0.942,0.655
AFYA,0.528,0.255,0.874,0.0,0.493,0.361,-0.841,0.832,0.602,0.371,-0.572,-0.223,0.726,0.713,-0.476,0.746,0.422,-0.791,0.864,0.649,-0.293,0.651,0.172,0.25,-0.359,0.075,0.901,0.86,0.837,-0.813,0.841,0.384,0.807,0.673,-0.104,0.596,0.717,0.51,0.937,-0.452,0.663,0.82,0.91,0.754,-0.596,0.885,0.784,0.814,-0.331,0.811,0.719,-0.516,0.865,0.866,0.373,-0.564,-0.531,0.453,0.869,0.858,0.717,0.686,-0.665,0.568,0.826,0.916,0.662,0.911,0.463,-0.561,0.869,0.85,0.639,0.73,0.83,0.047,0.048,0.688,0.808,0.545,0.056,0.719,0.944,0.225,0.838,-0.183,-0.503,0.917,-0.849,0.846,0.656,0.352,0.622,0.852,-0.869,-0.508,0.837,0.611,-0.821,0.852,0.895,0.887,-0.876,-0.577,0.494,0.183,0.093,0.431,0.882,0.95,-0.335,0.499,0.799,0.746,0.652,0.042,0.664,0.333,0.689,-0.118,0.856,0.134,0.501,0.932,-0.161,0.785,0.569,0.565,0.036,0.819,-0.741,0.834,0.889,0.545,0.851,-0.495,0.858,0.811,0.707,0.48,-0.844,0.551,0.922,0.929,0.938,0.713,0.074,0.249,0.444,0.782,0.791,-0.646,-0.751,-0.229,-0.58,0.837,0.664,0.574,0.113,0.898,0.857,-0.103,0.774,0.729,0.387,0.76,0.884,0.75,-0.509,0.565,0.836,-0.911,0.746,-0.377,-0.174,0.799,0.778,0.818,0.834,0.855,0.265,-0.087,0.918,0.774,0.053,0.823,0.876,-0.014,0.606,-0.852,0.274,0.264,0.713,0.895,0.678,0.564,-0.936,0.794,0.85,0.712
AGNC,0.443,-0.097,0.636,0.493,0.0,0.073,-0.384,0.612,0.436,0.312,-0.233,0.021,0.568,0.58,-0.516,0.56,-0.217,-0.379,0.471,0.425,-0.384,0.701,-0.324,0.144,0.34,-0.002,0.663,0.595,0.42,-0.447,0.742,0.588,0.409,0.428,0.427,0.761,0.603,0.414,0.612,-0.21,0.325,0.728,0.698,0.457,-0.389,0.689,0.443,0.536,0.267,0.525,0.699,-0.609,0.311,0.696,0.794,-0.408,-0.658,0.685,0.583,0.717,0.704,0.631,-0.384,0.378,0.559,0.615,0.648,0.42,0.631,-0.096,0.601,0.773,0.889,0.469,0.711,0.583,-0.498,0.606,0.479,0.663,0.019,0.33,0.493,0.409,0.176,0.473,0.112,0.624,-0.479,0.731,0.664,0.684,0.56,0.543,-0.435,0.056,0.453,0.741,-0.593,0.329,0.259,0.734,-0.537,-0.336,0.516,0.254,0.217,-0.079,0.653,0.54,-0.332,0.542,0.548,0.404,0.504,-0.045,0.773,0.539,0.406,0.202,0.594,0.177,0.255,0.648,-0.326,0.665,0.333,0.481,-0.428,0.736,-0.663,0.714,0.615,0.625,0.228,-0.298,0.54,0.623,0.761,0.17,-0.437,0.663,0.55,0.61,0.652,0.848,-0.092,0.096,-0.022,0.682,0.632,-0.311,-0.141,-0.077,0.078,0.603,0.458,0.801,-0.003,0.518,0.689,0.207,0.793,0.588,0.609,0.305,0.681,0.38,-0.183,0.22,0.741,-0.632,0.742,0.035,-0.278,0.654,0.778,0.729,0.568,0.653,0.274,0.264,0.583,0.737,0.095,0.495,0.619,0.617,0.382,-0.634,0.674,0.512,0.761,0.5,0.67,0.506,-0.375,0.407,0.622,0.764
AGYS,-0.079,0.454,0.205,0.361,0.073,0.0,-0.191,0.089,-0.268,0.206,-0.493,0.081,0.065,0.271,0.391,-0.175,0.362,0.083,0.321,-0.035,0.564,0.347,0.416,0.285,-0.663,0.587,0.123,0.404,0.078,-0.154,0.301,0.149,0.272,0.495,-0.369,0.355,0.003,0.172,0.324,0.049,0.271,0.039,0.409,0.322,0.212,0.349,0.494,0.436,-0.462,0.16,-0.178,0.104,0.418,0.35,-0.109,0.12,0.136,-0.042,0.424,0.092,-0.051,0.242,-0.413,0.598,0.251,0.273,0.093,0.408,-0.054,-0.4,0.05,0.133,0.185,0.521,0.029,0.056,0.223,0.082,0.416,0.346,0.387,0.681,0.374,0.566,0.48,-0.413,-0.655,0.366,-0.103,0.15,-0.115,-0.225,0.171,0.155,-0.241,-0.432,0.069,0.121,0.057,0.641,0.453,0.187,-0.186,-0.337,-0.208,-0.37,-0.499,0.231,0.253,0.223,0.337,0.364,0.306,0.361,0.001,0.687,0.222,0.494,0.051,0.343,0.257,-0.187,0.299,0.25,0.313,0.041,0.03,-0.235,0.49,-0.01,-0.116,0.074,0.41,0.229,0.432,0.288,0.362,0.146,0.045,0.646,-0.383,-0.003,0.318,0.425,0.314,0.198,0.025,0.366,0.71,0.295,0.068,-0.077,-0.608,0.323,-0.677,0.453,0.121,-0.009,0.667,0.366,0.116,0.528,0.328,0.091,0.221,0.508,0.118,0.57,0.075,0.302,0.254,-0.323,0.451,0.192,-0.268,0.409,0.222,0.202,0.375,0.428,0.214,0.304,0.319,-0.054,0.198,0.164,0.161,-0.03,0.411,-0.266,-0.266,-0.131,-0.075,0.22,0.164,0.033,-0.482,0.606,0.123,0.138
ALT,-0.63,0.129,-0.906,-0.841,-0.384,-0.191,0.0,-0.844,-0.72,-0.088,0.287,0.502,-0.67,-0.752,0.644,-0.819,-0.564,0.865,-0.615,-0.793,0.506,-0.656,-0.024,0.109,0.268,0.283,-0.786,-0.709,-0.897,0.945,-0.746,-0.353,-0.69,-0.405,0.063,-0.381,-0.845,-0.214,-0.884,0.608,-0.299,-0.855,-0.743,-0.57,0.688,-0.735,-0.521,-0.575,0.217,-0.774,-0.74,0.74,-0.702,-0.822,-0.289,0.831,0.7,-0.155,-0.637,-0.729,-0.67,-0.465,0.762,-0.586,-0.728,-0.846,-0.79,-0.714,-0.504,0.547,-0.786,-0.756,-0.523,-0.832,-0.82,-0.142,0.052,-0.732,-0.491,-0.425,0.309,-0.522,-0.779,-0.179,-0.748,0.302,0.495,-0.746,0.776,-0.79,-0.722,-0.473,-0.307,-0.87,0.882,0.612,-0.927,-0.364,0.861,-0.67,-0.847,-0.842,0.93,0.71,-0.44,-0.473,-0.207,-0.218,-0.899,-0.796,0.604,-0.207,-0.809,-0.68,-0.822,0.18,-0.578,0.032,-0.579,0.435,-0.739,0.039,-0.119,-0.805,0.381,-0.812,-0.259,-0.599,0.215,-0.746,0.751,-0.731,-0.814,-0.202,-0.7,0.63,-0.558,-0.876,-0.555,-0.162,0.759,-0.362,-0.738,-0.824,-0.8,-0.687,0.317,-0.006,-0.247,-0.784,-0.833,0.887,0.727,0.413,0.618,-0.522,-0.742,-0.642,0.176,-0.775,-0.863,0.24,-0.625,-0.808,-0.498,-0.409,-0.837,-0.561,0.785,-0.203,-0.679,0.838,-0.648,0.578,0.46,-0.583,-0.697,-0.821,-0.691,-0.821,-0.119,0.238,-0.765,-0.596,-0.037,-0.555,-0.88,-0.032,-0.503,0.829,-0.225,-0.449,-0.721,-0.815,-0.754,-0.771,0.854,-0.628,-0.859,-0.45
AMGN,0.693,-0.081,0.921,0.832,0.612,0.089,-0.844,0.0,0.85,0.224,-0.226,-0.374,0.664,0.702,-0.776,0.894,0.366,-0.808,0.665,0.877,-0.599,0.72,-0.138,-0.013,-0.027,-0.195,0.9,0.832,0.902,-0.851,0.837,0.612,0.657,0.445,0.15,0.621,0.931,0.349,0.864,-0.53,0.348,0.945,0.799,0.585,-0.755,0.799,0.557,0.627,0.056,0.866,0.868,-0.757,0.622,0.876,0.555,-0.784,-0.782,0.428,0.738,0.866,0.853,0.603,-0.61,0.443,0.75,0.888,0.814,0.671,0.711,-0.404,0.926,0.89,0.73,0.719,0.925,0.354,-0.292,0.854,0.565,0.562,-0.236,0.428,0.792,0.303,0.664,0.105,-0.261,0.811,-0.709,0.943,0.902,0.669,0.459,0.919,-0.836,-0.347,0.863,0.672,-0.935,0.59,0.714,0.906,-0.899,-0.617,0.672,0.595,0.425,0.114,0.924,0.868,-0.558,0.285,0.886,0.615,0.844,-0.269,0.72,0.131,0.595,-0.316,0.775,0.295,0.168,0.871,-0.44,0.827,0.408,0.716,-0.338,0.898,-0.799,0.883,0.846,0.396,0.644,-0.682,0.673,0.895,0.768,0.119,-0.698,0.615,0.799,0.838,0.883,0.834,-0.18,0.054,0.151,0.8,0.948,-0.747,-0.562,-0.378,-0.345,0.649,0.815,0.767,-0.261,0.737,0.951,-0.226,0.845,0.86,0.477,0.458,0.952,0.613,-0.716,0.292,0.872,-0.874,0.745,-0.526,-0.253,0.665,0.82,0.859,0.756,0.856,0.243,-0.205,0.817,0.792,0.061,0.739,0.958,0.233,0.484,-0.854,0.432,0.588,0.906,0.896,0.787,0.788,-0.763,0.573,0.935,0.684
AMPH,0.783,-0.308,0.761,0.602,0.436,-0.268,-0.72,0.85,0.0,0.019,0.114,-0.385,0.528,0.459,-0.91,0.895,0.347,-0.767,0.402,0.823,-0.683,0.48,-0.117,-0.104,0.113,-0.474,0.729,0.587,0.874,-0.71,0.639,0.517,0.356,0.152,0.285,0.365,0.846,0.186,0.608,-0.446,0.145,0.821,0.473,0.341,-0.682,0.486,0.247,0.326,0.293,0.693,0.825,-0.711,0.477,0.638,0.54,-0.836,-0.737,0.284,0.47,0.668,0.726,0.383,-0.372,0.279,0.573,0.732,0.77,0.398,0.673,-0.332,0.835,0.676,0.577,0.446,0.821,0.257,-0.219,0.796,0.227,0.46,-0.427,0.084,0.56,0.028,0.441,0.23,-0.058,0.503,-0.523,0.763,0.888,0.675,0.316,0.785,-0.604,-0.138,0.842,0.482,-0.858,0.233,0.475,0.718,-0.722,-0.393,0.736,0.768,0.61,0.058,0.711,0.689,-0.703,0.009,0.733,0.369,0.796,-0.548,0.46,-0.104,0.462,-0.476,0.564,0.271,-0.071,0.659,-0.408,0.756,0.309,0.809,-0.481,0.758,-0.68,0.77,0.602,0.181,0.363,-0.633,0.413,0.74,0.69,-0.12,-0.398,0.563,0.554,0.609,0.607,0.69,-0.225,-0.052,-0.148,0.543,0.86,-0.746,-0.259,-0.44,-0.071,0.296,0.741,0.698,-0.544,0.47,0.821,-0.458,0.53,0.74,0.387,0.193,0.784,0.364,-0.737,0.205,0.591,-0.604,0.385,-0.546,-0.155,0.421,0.616,0.667,0.436,0.597,0.291,-0.354,0.597,0.656,-0.091,0.599,0.834,0.206,0.435,-0.565,0.522,0.625,0.799,0.717,0.629,0.753,-0.495,0.175,0.782,0.447
AMZN,0.328,0.629,0.155,0.371,0.312,0.206,-0.088,0.224,0.019,0.0,-0.534,0.591,0.433,0.053,-0.125,0.152,-0.31,-0.162,0.283,-0.038,0.123,0.064,0.183,0.641,-0.218,0.594,0.378,0.376,0.147,-0.079,0.49,0.122,0.434,0.399,0.301,0.481,0.18,0.746,0.365,0.147,0.666,0.184,0.459,0.645,0.023,0.446,0.361,0.659,-0.205,0.35,0.235,0.13,0.364,0.176,0.296,0.128,0.136,0.584,0.652,0.416,0.465,0.777,-0.156,0.037,0.512,0.35,-0.072,0.534,0.148,-0.046,0.347,0.413,0.21,0.091,0.331,-0.154,-0.256,-0.062,0.723,0.389,0.716,0.19,0.373,0.086,0.363,0.161,0.112,0.563,-0.268,0.261,0.173,0.038,0.646,0.095,-0.305,0.271,0.059,0.606,-0.217,0.395,0.313,0.28,-0.158,0.022,0.448,-0.268,0.096,0.456,0.219,0.375,0.263,0.791,0.172,0.116,-0.084,0.17,0.525,0.439,0.667,0.467,0.666,0.356,0.789,0.346,0.207,0.136,0.731,0.354,0.18,0.42,-0.118,0.371,0.177,0.372,0.487,0.186,0.532,0.027,0.442,0.413,-0.298,0.631,0.621,0.425,0.49,0.212,0.643,0.784,0.218,0.077,0.156,0.26,-0.183,0.363,-0.09,0.617,-0.094,0.044,0.377,0.333,0.211,0.414,0.372,0.059,-0.213,0.646,0.338,0.202,0.331,0.322,0.454,-0.424,0.493,0.283,0.353,0.53,0.497,0.304,0.552,0.358,0.141,0.376,0.441,0.531,-0.253,0.494,0.223,-0.146,0.159,-0.232,0.245,-0.39,0.241,0.403,-0.043,-0.212,-0.346,0.566,0.145,0.689
ANIP,0.121,-0.604,-0.342,-0.572,-0.233,-0.493,0.287,-0.226,0.114,-0.534,0.0,-0.047,-0.4,-0.456,-0.18,-0.104,-0.05,0.357,-0.655,-0.029,-0.2,-0.362,-0.314,-0.464,0.474,-0.496,-0.453,-0.514,-0.135,0.366,-0.377,0.2,-0.739,-0.673,0.402,-0.313,-0.034,-0.507,-0.557,0.041,-0.765,-0.249,-0.664,-0.703,0.161,-0.572,-0.755,-0.682,0.702,-0.396,-0.148,-0.097,-0.584,-0.395,0.085,-0.171,-0.013,-0.427,-0.641,-0.472,-0.252,-0.474,0.477,-0.3,-0.428,-0.414,0.026,-0.743,0.189,0.218,-0.317,-0.459,-0.213,-0.361,-0.31,0.275,-0.256,-0.058,-0.791,-0.317,-0.485,-0.762,-0.657,-0.051,-0.591,0.274,0.487,-0.665,0.588,-0.277,0.058,0.255,-0.457,-0.269,0.557,0.343,-0.23,-0.3,0.221,-0.756,-0.636,-0.433,0.362,0.208,0.072,0.467,0.538,-0.568,-0.374,-0.52,-0.124,-0.593,-0.192,-0.672,0.016,-0.483,-0.296,-0.436,-0.462,-0.206,-0.582,0.049,-0.704,-0.555,-0.129,-0.276,-0.585,0.047,-0.434,-0.344,0.276,-0.353,-0.442,-0.484,-0.681,0.103,-0.758,-0.277,-0.22,-0.621,0.666,-0.177,-0.625,-0.488,-0.578,-0.203,-0.466,-0.363,-0.562,-0.425,-0.164,0.036,0.616,0.043,0.564,-0.731,-0.005,-0.038,-0.574,-0.647,-0.282,-0.273,-0.395,-0.08,0.053,-0.704,-0.354,-0.498,-0.097,-0.558,-0.482,0.557,-0.472,0.04,-0.041,-0.528,-0.313,-0.423,-0.634,-0.383,0.034,-0.146,-0.587,-0.417,-0.078,-0.492,-0.298,0.399,-0.289,0.461,0.09,0.329,-0.173,-0.436,-0.102,0.161,0.637,-0.768,-0.324,-0.493
AOSL,0.003,0.592,-0.439,-0.223,0.021,0.081,0.502,-0.374,-0.385,0.591,-0.047,0.0,-0.011,-0.462,0.277,-0.358,-0.536,0.468,-0.231,-0.622,0.545,-0.428,0.251,0.754,-0.064,0.699,-0.224,-0.207,-0.322,0.588,0.015,0.008,-0.225,-0.042,0.451,0.169,-0.354,0.508,-0.269,0.605,0.345,-0.405,-0.141,0.12,0.647,-0.164,-0.121,0.188,0.073,-0.347,-0.281,0.564,-0.025,-0.379,0.263,0.546,0.633,0.264,0.109,-0.16,-0.086,0.393,0.462,-0.124,0.073,-0.173,-0.431,-0.043,-0.12,0.041,-0.217,-0.216,-0.043,-0.463,-0.253,-0.253,-0.116,-0.477,0.19,0.174,0.827,-0.165,-0.227,-0.056,-0.227,0.264,0.397,-0.088,0.307,-0.305,-0.257,-0.26,0.437,-0.492,0.467,0.639,-0.461,0.243,0.358,-0.148,-0.34,-0.322,0.482,0.529,0.218,-0.541,0.023,0.261,-0.426,-0.196,0.601,0.585,-0.335,-0.49,-0.571,0.314,0.072,0.485,0.192,0.813,0.042,0.179,0.554,-0.26,0.51,-0.32,0.373,0.029,0.289,-0.158,0.421,-0.138,-0.363,0.279,-0.126,0.707,-0.014,-0.556,0.134,0.343,0.333,0.358,0.013,-0.091,-0.144,-0.202,0.648,0.736,0.046,-0.506,-0.415,0.736,0.422,0.799,0.388,0.101,-0.547,-0.32,0.478,-0.291,-0.374,0.475,-0.134,-0.428,-0.286,0.313,-0.291,-0.152,0.831,0.202,-0.163,0.249,-0.055,0.818,0.49,0.185,0.043,-0.305,-0.148,-0.204,0.34,0.596,-0.117,0.051,-0.298,0.095,-0.381,0.023,-0.007,0.398,0.174,-0.588,-0.3,-0.246,-0.447,-0.592,0.26,-0.034,-0.483,0.247
APDN,0.574,0.17,0.732,0.726,0.568,0.065,-0.67,0.664,0.528,0.433,-0.4,-0.011,0.0,0.508,-0.568,0.711,0.039,-0.727,0.562,0.473,-0.356,0.543,0.032,0.328,-0.062,0.013,0.706,0.56,0.665,-0.676,0.718,0.27,0.647,0.4,0.241,0.475,0.654,0.581,0.771,-0.339,0.593,0.706,0.739,0.697,-0.478,0.739,0.5,0.733,-0.223,0.53,0.72,-0.474,0.635,0.589,0.478,-0.472,-0.443,0.544,0.712,0.717,0.735,0.734,-0.459,0.391,0.828,0.756,0.509,0.766,0.522,-0.253,0.748,0.77,0.548,0.539,0.759,-0.038,-0.235,0.422,0.673,0.475,0.1,0.415,0.687,-0.04,0.568,0.039,-0.1,0.75,-0.708,0.632,0.573,0.429,0.609,0.557,-0.648,-0.182,0.693,0.592,-0.751,0.518,0.599,0.731,-0.663,-0.251,0.58,0.122,0.22,0.509,0.695,0.734,-0.479,0.606,0.54,0.508,0.475,-0.15,0.697,0.256,0.817,-0.003,0.824,0.159,0.503,0.726,-0.267,0.757,0.595,0.671,-0.136,0.776,-0.562,0.735,0.571,0.463,0.633,-0.401,0.624,0.576,0.718,0.258,-0.589,0.599,0.782,0.73,0.785,0.639,0.171,0.309,0.045,0.635,0.595,-0.444,-0.419,-0.1,-0.224,0.645,0.363,0.553,0.018,0.637,0.692,-0.023,0.564,0.586,0.259,0.511,0.728,0.418,-0.3,0.293,0.674,-0.715,0.628,-0.194,-0.138,0.714,0.777,0.734,0.722,0.659,0.245,0.15,0.786,0.782,-0.142,0.645,0.682,-0.001,0.431,-0.685,0.477,0.096,0.647,0.678,0.504,0.38,-0.649,0.594,0.633,0.739
APLT,0.326,-0.09,0.806,0.713,0.58,0.271,-0.752,0.702,0.459,0.053,-0.456,-0.462,0.508,0.0,-0.411,0.606,0.363,-0.645,0.693,0.648,-0.412,0.843,-0.107,-0.075,-0.064,-0.132,0.713,0.675,0.614,-0.774,0.659,0.389,0.653,0.534,-0.194,0.46,0.619,0.162,0.787,-0.441,0.341,0.767,0.758,0.54,-0.565,0.724,0.668,0.535,-0.216,0.686,0.581,-0.634,0.542,0.813,0.282,-0.54,-0.675,0.343,0.567,0.713,0.529,0.355,-0.689,0.633,0.524,0.69,0.667,0.615,0.359,-0.386,0.631,0.705,0.647,0.756,0.714,0.279,-0.053,0.721,0.529,0.454,-0.235,0.653,0.708,0.36,0.536,-0.081,-0.452,0.696,-0.74,0.753,0.546,0.338,0.275,0.745,-0.757,-0.585,0.676,0.453,-0.676,0.634,0.686,0.819,-0.796,-0.639,0.223,0.243,0.023,0.104,0.789,0.7,-0.48,0.253,0.683,0.804,0.642,0.034,0.542,0.199,0.318,-0.258,0.594,-0.121,0.131,0.753,-0.372,0.738,0.216,0.265,-0.167,0.648,-0.737,0.662,0.784,0.384,0.627,-0.614,0.619,0.823,0.468,0.254,-0.726,0.225,0.602,0.688,0.739,0.703,-0.292,-0.104,0.26,0.852,0.713,-0.652,-0.613,-0.444,-0.528,0.607,0.607,0.654,0.028,0.731,0.757,-0.109,0.714,0.653,0.583,0.387,0.711,0.602,-0.587,0.268,0.69,-0.765,0.64,-0.422,-0.493,0.53,0.572,0.792,0.619,0.7,0.117,-0.156,0.664,0.555,0.189,0.493,0.744,0.164,0.503,-0.827,0.261,0.48,0.661,0.668,0.719,0.617,-0.742,0.602,0.775,0.518
APVO,-0.806,0.372,-0.694,-0.476,-0.516,0.391,0.644,-0.776,-0.91,-0.125,-0.18,0.277,-0.568,-0.411,0.0,-0.877,-0.085,0.704,-0.257,-0.734,0.768,-0.431,0.297,0.142,-0.307,0.5,-0.661,-0.472,-0.765,0.639,-0.625,-0.509,-0.282,-0.1,-0.495,-0.384,-0.849,-0.224,-0.539,0.428,-0.077,-0.79,-0.415,-0.311,0.658,-0.463,-0.114,-0.264,-0.419,-0.63,-0.854,0.753,-0.291,-0.533,-0.624,0.829,0.753,-0.383,-0.406,-0.653,-0.79,-0.451,0.327,-0.153,-0.525,-0.642,-0.713,-0.314,-0.731,0.176,-0.766,-0.674,-0.552,-0.365,-0.796,-0.315,0.447,-0.687,-0.205,-0.435,0.391,0.115,-0.411,-0.011,-0.27,-0.356,-0.187,-0.465,0.456,-0.708,-0.882,-0.764,-0.331,-0.668,0.539,-0.037,-0.723,-0.519,0.831,-0.078,-0.337,-0.654,0.663,0.343,-0.744,-0.754,-0.727,0.015,-0.657,-0.563,0.712,-0.078,-0.639,-0.232,-0.736,0.666,-0.524,0.138,-0.509,0.413,-0.564,-0.333,0.057,-0.566,0.452,-0.724,-0.314,-0.842,0.636,-0.776,0.642,-0.717,-0.46,-0.117,-0.255,0.609,-0.292,-0.655,-0.693,0.221,0.293,-0.629,-0.495,-0.52,-0.541,-0.667,0.202,0.05,0.319,-0.478,-0.79,0.627,0.106,0.406,-0.079,-0.236,-0.634,-0.74,0.601,-0.371,-0.761,0.361,-0.493,-0.708,-0.346,-0.084,-0.738,-0.161,0.648,-0.002,-0.555,0.563,-0.402,0.46,0.128,-0.357,-0.637,-0.647,-0.408,-0.536,-0.181,0.285,-0.497,-0.68,0.14,-0.472,-0.75,-0.287,-0.274,0.539,-0.627,-0.59,-0.816,-0.618,-0.583,-0.692,0.362,-0.114,-0.697,-0.493
ARGX,0.768,-0.171,0.873,0.746,0.56,-0.175,-0.819,0.894,0.895,0.152,-0.104,-0.358,0.711,0.606,-0.877,0.0,0.22,-0.888,0.555,0.803,-0.687,0.578,-0.207,-0.031,0.128,-0.39,0.849,0.657,0.895,-0.836,0.755,0.458,0.575,0.32,0.318,0.449,0.911,0.394,0.796,-0.604,0.296,0.909,0.68,0.482,-0.783,0.709,0.391,0.517,0.17,0.758,0.941,-0.756,0.546,0.73,0.595,-0.845,-0.792,0.431,0.608,0.824,0.869,0.557,-0.532,0.296,0.722,0.845,0.793,0.587,0.688,-0.346,0.896,0.834,0.673,0.555,0.887,0.287,-0.296,0.773,0.452,0.479,-0.332,0.25,0.671,0.053,0.498,0.14,-0.063,0.694,-0.738,0.841,0.896,0.716,0.508,0.827,-0.742,-0.224,0.872,0.58,-0.935,0.407,0.6,0.843,-0.855,-0.491,0.695,0.64,0.5,0.187,0.832,0.786,-0.701,0.223,0.737,0.505,0.801,-0.476,0.608,0.004,0.645,-0.334,0.705,0.241,0.122,0.784,-0.467,0.844,0.399,0.847,-0.527,0.904,-0.788,0.819,0.692,0.35,0.488,-0.695,0.527,0.821,0.778,-0.0,-0.585,0.628,0.706,0.728,0.772,0.766,-0.144,-0.047,-0.112,0.712,0.881,-0.737,-0.37,-0.455,-0.169,0.493,0.754,0.78,-0.475,0.635,0.889,-0.417,0.674,0.864,0.42,0.335,0.892,0.39,-0.693,0.21,0.75,-0.782,0.552,-0.557,-0.158,0.58,0.776,0.78,0.599,0.708,0.168,-0.281,0.763,0.803,-0.133,0.663,0.893,0.156,0.406,-0.744,0.579,0.546,0.904,0.785,0.748,0.752,-0.643,0.373,0.856,0.629
ARLP,0.181,-0.143,0.384,0.422,-0.217,0.362,-0.564,0.366,0.347,-0.31,-0.05,-0.536,0.039,0.363,-0.085,0.22,0.0,-0.332,0.334,0.548,-0.046,0.313,0.409,-0.222,-0.585,-0.183,0.275,0.405,0.51,-0.464,0.181,0.195,0.256,0.13,-0.579,-0.025,0.289,-0.343,0.335,-0.275,-0.025,0.287,0.207,0.142,-0.274,0.132,0.308,0.153,-0.359,0.317,0.063,-0.219,0.485,0.452,-0.24,-0.388,-0.202,-0.393,0.195,0.113,-0.057,-0.179,-0.415,0.543,0.223,0.353,0.386,0.271,0.041,-0.491,0.259,0.105,0.025,0.538,0.231,-0.098,0.453,0.467,0.017,0.02,-0.358,0.431,0.438,0.215,0.648,-0.527,-0.807,0.195,-0.248,0.285,0.22,-0.031,-0.251,0.52,-0.421,-0.724,0.518,-0.143,-0.302,0.484,0.581,0.316,-0.431,-0.421,-0.044,0.304,-0.095,0.057,0.398,0.371,-0.161,-0.298,0.531,0.469,0.465,0.104,-0.081,-0.157,-0.086,-0.542,0.135,-0.193,-0.251,0.303,0.023,0.237,-0.166,-0.003,0.292,0.051,-0.259,0.199,0.521,-0.172,0.443,-0.279,0.223,0.477,-0.066,0.108,-0.433,-0.232,0.234,0.366,0.266,0.167,-0.432,-0.087,0.53,0.318,0.419,-0.655,-0.629,-0.304,-0.703,0.086,0.475,0.063,0.029,0.379,0.352,-0.252,0.144,0.296,0.32,0.173,0.282,0.582,-0.653,0.239,0.15,-0.282,0.125,-0.467,-0.404,0.114,0.038,0.261,0.24,0.413,0.206,-0.416,0.249,-0.078,0.311,0.2,0.427,-0.158,0.391,-0.318,-0.354,0.304,0.092,0.461,0.315,0.492,-0.524,0.308,0.422,-0.197
ATEX,-0.572,0.063,-0.847,-0.791,-0.379,0.083,0.865,-0.808,-0.767,-0.162,0.357,0.468,-0.727,-0.645,0.704,-0.888,-0.332,0.0,-0.668,-0.745,0.599,-0.568,0.034,0.023,0.101,0.36,-0.819,-0.641,-0.831,0.912,-0.651,-0.134,-0.734,-0.414,0.019,-0.288,-0.757,-0.343,-0.83,0.627,-0.445,-0.824,-0.713,-0.559,0.803,-0.702,-0.534,-0.572,0.198,-0.72,-0.825,0.635,-0.651,-0.692,-0.295,0.722,0.681,-0.365,-0.621,-0.781,-0.727,-0.467,0.613,-0.304,-0.711,-0.81,-0.645,-0.728,-0.433,0.325,-0.846,-0.793,-0.479,-0.592,-0.811,-0.019,0.02,-0.644,-0.535,-0.35,0.294,-0.422,-0.782,0.107,-0.658,0.119,0.274,-0.73,0.859,-0.734,-0.676,-0.444,-0.43,-0.805,0.872,0.438,-0.889,-0.399,0.893,-0.558,-0.754,-0.805,0.873,0.48,-0.487,-0.441,-0.22,-0.373,-0.805,-0.821,0.696,-0.219,-0.627,-0.688,-0.709,0.373,-0.497,0.07,-0.675,0.451,-0.728,-0.103,-0.233,-0.815,0.411,-0.804,-0.473,-0.673,0.282,-0.814,0.72,-0.74,-0.687,-0.291,-0.642,0.713,-0.632,-0.793,-0.595,-0.086,0.717,-0.419,-0.736,-0.704,-0.775,-0.605,0.054,0.04,-0.049,-0.742,-0.778,0.754,0.572,0.555,0.408,-0.528,-0.661,-0.576,0.315,-0.749,-0.817,0.448,-0.549,-0.756,-0.264,-0.405,-0.831,-0.44,0.694,-0.305,-0.666,0.792,-0.493,0.651,0.141,-0.559,-0.653,-0.753,-0.671,-0.647,-0.006,0.343,-0.788,-0.729,0.097,-0.634,-0.832,0.163,-0.367,0.751,-0.343,-0.341,-0.74,-0.777,-0.654,-0.6,0.758,-0.495,-0.823,-0.536
ATRA,0.208,0.279,0.711,0.864,0.471,0.321,-0.615,0.665,0.402,0.283,-0.655,-0.231,0.562,0.693,-0.257,0.555,0.334,-0.668,0.0,0.531,-0.246,0.66,0.147,0.24,-0.265,0.109,0.828,0.799,0.608,-0.642,0.662,0.241,0.774,0.774,-0.341,0.606,0.449,0.357,0.786,-0.402,0.738,0.684,0.856,0.641,-0.613,0.803,0.927,0.775,-0.436,0.674,0.565,-0.345,0.739,0.789,0.263,-0.279,-0.443,0.587,0.762,0.805,0.51,0.506,-0.486,0.43,0.667,0.722,0.481,0.85,0.27,-0.358,0.749,0.766,0.572,0.537,0.665,-0.016,0.223,0.623,0.792,0.345,0.062,0.754,0.905,0.241,0.706,-0.09,-0.508,0.839,-0.849,0.729,0.432,0.185,0.557,0.756,-0.763,-0.541,0.632,0.584,-0.687,0.834,0.743,0.788,-0.728,-0.415,0.267,-0.021,-0.088,0.41,0.722,0.896,-0.206,0.438,0.62,0.838,0.495,0.126,0.498,0.421,0.445,-0.106,0.658,0.195,0.542,0.88,-0.124,0.645,0.581,0.248,0.209,0.687,-0.636,0.736,0.832,0.644,0.748,-0.531,0.913,0.725,0.544,0.54,-0.85,0.376,0.78,0.749,0.815,0.554,0.166,0.101,0.504,0.752,0.641,-0.45,-0.681,-0.346,-0.51,0.869,0.548,0.41,0.245,0.871,0.724,-0.146,0.72,0.56,0.265,0.745,0.741,0.766,-0.385,0.698,0.749,-0.778,0.625,-0.34,-0.017,0.724,0.579,0.672,0.779,0.675,0.18,-0.181,0.768,0.726,0.246,0.775,0.698,-0.054,0.417,-0.776,0.152,0.239,0.573,0.778,0.595,0.403,-0.814,0.739,0.755,0.662
AUTL,0.569,-0.329,0.797,0.649,0.425,-0.035,-0.793,0.877,0.823,-0.038,-0.029,-0.622,0.473,0.648,-0.734,0.803,0.548,-0.745,0.531,0.0,-0.701,0.673,-0.185,-0.33,0.028,-0.458,0.729,0.675,0.8,-0.811,0.595,0.54,0.499,0.275,-0.016,0.385,0.838,0.005,0.684,-0.646,0.053,0.834,0.575,0.315,-0.819,0.583,0.397,0.376,0.077,0.74,0.737,-0.75,0.426,0.774,0.34,-0.783,-0.811,0.199,0.481,0.652,0.64,0.265,-0.595,0.347,0.532,0.694,0.762,0.438,0.662,-0.229,0.759,0.698,0.523,0.666,0.753,0.383,-0.237,0.827,0.271,0.281,-0.534,0.281,0.626,0.301,0.588,0.061,-0.302,0.574,-0.566,0.808,0.819,0.667,0.109,0.865,-0.752,-0.476,0.79,0.438,-0.833,0.44,0.601,0.765,-0.793,-0.555,0.462,0.755,0.419,-0.065,0.821,0.695,-0.625,-0.056,0.809,0.605,0.866,-0.371,0.492,-0.15,0.338,-0.619,0.526,0.225,-0.167,0.681,-0.498,0.662,0.114,0.544,-0.367,0.704,-0.714,0.667,0.751,0.105,0.49,-0.753,0.451,0.854,0.49,-0.151,-0.604,0.325,0.558,0.614,0.669,0.662,-0.422,-0.2,0.083,0.746,0.896,-0.825,-0.532,-0.559,-0.364,0.385,0.834,0.657,-0.437,0.596,0.828,-0.384,0.662,0.811,0.432,0.172,0.802,0.508,-0.887,0.096,0.681,-0.69,0.54,-0.715,-0.323,0.387,0.587,0.698,0.618,0.712,0.068,-0.442,0.586,0.535,0.2,0.493,0.85,0.195,0.311,-0.737,0.244,0.69,0.789,0.791,0.759,0.85,-0.606,0.389,0.856,0.386
AVDL,-0.408,0.579,-0.521,-0.293,-0.384,0.564,0.506,-0.599,-0.683,0.123,-0.2,0.545,-0.356,-0.412,0.768,-0.687,-0.046,0.599,-0.246,-0.701,0.0,-0.386,0.513,0.492,-0.506,0.681,-0.475,-0.259,-0.484,0.538,-0.312,-0.296,-0.267,-0.04,-0.224,-0.177,-0.64,0.091,-0.367,0.535,0.112,-0.647,-0.258,-0.091,0.76,-0.362,-0.054,-0.012,-0.298,-0.483,-0.681,0.758,0.01,-0.412,-0.32,0.674,0.763,-0.268,-0.087,-0.472,-0.561,-0.096,0.225,0.051,-0.206,-0.314,-0.538,-0.117,-0.523,-0.09,-0.535,-0.523,-0.315,-0.244,-0.585,-0.301,0.381,-0.565,-0.038,0.001,0.64,0.169,-0.245,0.07,-0.096,-0.287,-0.217,-0.279,0.437,-0.561,-0.642,-0.673,0.003,-0.554,0.458,0.119,-0.516,-0.288,0.666,0.033,-0.177,-0.506,0.544,0.335,-0.427,-0.682,-0.579,0.257,-0.521,-0.377,0.687,0.18,-0.411,-0.27,-0.659,0.698,-0.352,0.362,-0.232,0.638,-0.287,-0.25,0.239,-0.409,0.639,-0.533,-0.085,-0.497,0.627,-0.57,0.501,-0.491,-0.328,0.024,-0.118,0.815,-0.138,-0.586,-0.324,0.462,0.269,-0.267,-0.227,-0.221,-0.353,-0.427,0.381,0.424,0.376,-0.471,-0.604,0.557,0.068,0.647,-0.139,-0.099,-0.515,-0.607,0.65,-0.279,-0.583,0.498,-0.346,-0.571,-0.255,0.207,-0.539,-0.007,0.69,0.185,-0.397,0.368,-0.234,0.579,0.192,-0.049,-0.343,-0.491,-0.3,-0.312,0.172,0.395,-0.253,-0.479,-0.116,-0.22,-0.526,-0.254,0.041,0.51,-0.382,-0.623,-0.667,-0.423,-0.521,-0.62,0.173,-0.009,-0.587,-0.274
BCRX,0.358,-0.132,0.802,0.651,0.701,0.347,-0.656,0.72,0.48,0.064,-0.362,-0.428,0.543,0.843,-0.431,0.578,0.313,-0.568,0.66,0.673,-0.386,0.0,-0.139,-0.08,-0.002,-0.125,0.705,0.753,0.569,-0.721,0.704,0.469,0.572,0.546,-0.107,0.633,0.627,0.111,0.738,-0.454,0.28,0.784,0.766,0.443,-0.567,0.717,0.688,0.541,-0.084,0.647,0.609,-0.671,0.492,0.852,0.418,-0.507,-0.733,0.402,0.592,0.695,0.552,0.39,-0.638,0.615,0.55,0.691,0.721,0.565,0.522,-0.297,0.643,0.748,0.742,0.784,0.711,0.446,-0.146,0.769,0.475,0.548,-0.244,0.609,0.702,0.531,0.498,0.087,-0.416,0.688,-0.617,0.772,0.584,0.489,0.265,0.757,-0.681,-0.496,0.652,0.517,-0.658,0.596,0.597,0.812,-0.724,-0.581,0.259,0.319,0.019,-0.0,0.806,0.668,-0.491,0.262,0.73,0.775,0.649,0.066,0.591,0.32,0.255,-0.198,0.568,-0.014,0.075,0.757,-0.388,0.72,0.171,0.265,-0.175,0.652,-0.764,0.679,0.824,0.422,0.491,-0.532,0.628,0.829,0.533,0.205,-0.683,0.308,0.575,0.686,0.713,0.804,-0.287,-0.098,0.265,0.896,0.754,-0.634,-0.587,-0.361,-0.452,0.599,0.676,0.713,0.056,0.719,0.786,0.031,0.779,0.698,0.613,0.315,0.734,0.649,-0.567,0.292,0.715,-0.725,0.721,-0.359,-0.489,0.619,0.639,0.789,0.668,0.751,0.197,-0.108,0.635,0.556,0.351,0.453,0.745,0.333,0.519,-0.779,0.333,0.599,0.69,0.654,0.787,0.682,-0.65,0.562,0.786,0.538
BHAT,-0.018,0.457,-0.072,0.172,-0.324,0.416,-0.024,-0.138,-0.117,0.183,-0.314,0.251,0.032,-0.107,0.297,-0.207,0.409,0.034,0.147,-0.185,0.513,-0.139,0.0,0.5,-0.697,0.447,-0.022,0.096,0.067,0.083,0.026,-0.128,0.042,0.112,-0.37,-0.044,-0.227,0.181,0.03,0.36,0.406,-0.201,0.029,0.268,0.329,-0.075,0.227,0.265,-0.535,-0.111,-0.303,0.419,0.47,-0.038,-0.268,0.262,0.486,-0.119,0.226,-0.115,-0.282,0.043,0.003,0.376,0.162,0.09,-0.189,0.288,-0.329,-0.347,-0.014,-0.172,-0.179,0.032,-0.09,-0.579,0.605,-0.15,0.217,0.066,0.406,0.371,0.225,-0.155,0.434,-0.381,-0.49,0.058,-0.017,-0.143,-0.263,-0.55,0.159,-0.084,0.003,-0.184,0.052,-0.093,0.135,0.32,0.271,-0.068,0.078,0.189,-0.052,-0.419,-0.339,0.509,-0.121,0.157,0.299,0.207,0.035,0.099,-0.194,0.366,-0.168,0.277,0.107,0.157,0.137,-0.201,0.331,0.038,0.554,-0.098,0.279,-0.05,0.67,-0.179,0.219,-0.006,0.063,0.021,0.352,0.358,0.253,-0.148,-0.077,0.465,-0.115,-0.022,0.187,0.17,0.065,-0.164,0.286,0.533,0.51,-0.165,-0.135,0.069,-0.242,0.299,-0.361,0.153,-0.22,-0.357,0.547,0.118,-0.11,0.073,-0.185,-0.272,-0.123,0.449,-0.121,0.377,0.186,0.499,-0.125,0.04,-0.106,0.242,0.092,0.196,-0.091,-0.08,0.055,0.03,0.382,0.15,0.144,-0.086,-0.047,0.226,-0.022,-0.45,0.362,0.131,-0.19,-0.45,-0.34,0.113,-0.261,-0.301,-0.258,0.241,-0.135,-0.044
BLBD,0.159,0.779,-0.012,0.25,0.144,0.285,0.109,-0.013,-0.104,0.641,-0.464,0.754,0.328,-0.075,0.142,-0.031,-0.222,0.023,0.24,-0.33,0.492,-0.08,0.5,0.0,-0.374,0.762,0.191,0.203,0.062,0.156,0.312,0.05,0.2,0.29,0.17,0.342,-0.112,0.724,0.172,0.453,0.741,-0.063,0.279,0.532,0.341,0.199,0.341,0.583,-0.257,-0.034,-0.021,0.44,0.469,0.004,0.3,0.368,0.454,0.444,0.514,0.21,0.135,0.581,0.134,0.209,0.437,0.254,-0.2,0.437,-0.094,-0.255,0.187,0.134,0.211,-0.14,0.113,-0.396,0.129,-0.162,0.577,0.399,0.805,0.336,0.285,-0.09,0.246,0.111,-0.021,0.322,-0.154,0.027,-0.057,-0.292,0.691,-0.117,0.033,0.306,-0.027,0.442,0.001,0.305,0.15,0.1,0.075,0.341,0.313,-0.532,-0.129,0.638,-0.059,0.285,0.377,0.727,0.0,0.014,-0.321,0.399,0.192,0.654,0.456,0.693,0.388,0.157,0.777,0.186,0.472,0.062,0.686,0.201,0.421,0.165,0.107,0.241,0.053,0.553,0.331,0.407,0.472,-0.182,0.389,0.61,-0.097,0.489,0.426,0.309,0.296,0.085,0.75,0.8,0.303,-0.113,-0.083,0.407,0.007,0.541,0.02,0.497,-0.315,-0.114,0.552,0.145,-0.005,0.308,0.149,-0.178,-0.168,0.703,0.073,0.312,0.57,0.63,0.198,-0.151,0.163,0.55,0.43,0.543,0.278,0.076,0.211,0.123,0.546,0.459,0.38,0.378,-0.292,0.542,0.028,-0.249,0.349,0.03,0.243,-0.536,-0.037,0.175,-0.211,-0.426,-0.235,0.332,-0.087,0.524
BMRN,-0.025,-0.462,-0.1,-0.359,0.34,-0.663,0.268,-0.027,0.113,-0.218,0.474,-0.064,-0.062,-0.064,-0.307,0.128,-0.585,0.101,-0.265,0.028,-0.506,-0.002,-0.697,-0.374,0.0,-0.447,-0.098,-0.284,-0.204,0.162,-0.158,0.133,-0.284,-0.272,0.528,0.003,0.077,-0.11,-0.246,-0.127,-0.393,0.071,-0.217,-0.396,-0.184,-0.121,-0.381,-0.372,0.678,-0.107,0.234,-0.266,-0.56,-0.165,0.352,-0.099,-0.341,0.236,-0.353,0.016,0.174,-0.121,0.301,-0.47,-0.259,-0.231,0.068,-0.448,0.293,0.513,-0.06,0.032,0.155,-0.321,-0.002,0.467,-0.571,0.039,-0.331,-0.125,-0.362,-0.542,-0.395,-0.075,-0.652,0.627,0.748,-0.254,0.161,0.008,0.186,0.459,-0.069,-0.122,0.284,0.458,-0.194,0.113,-0.017,-0.583,-0.537,-0.08,0.144,0.121,0.122,0.344,0.441,-0.465,-0.118,-0.263,-0.281,-0.209,-0.203,-0.292,0.024,-0.491,0.056,-0.18,-0.16,-0.047,-0.259,0.208,-0.333,-0.182,-0.491,0.013,-0.21,0.139,-0.677,0.105,-0.048,-0.04,-0.262,0.041,-0.53,-0.254,-0.341,-0.04,0.097,-0.543,0.353,0.116,-0.323,-0.335,-0.224,0.075,-0.179,-0.491,-0.724,-0.023,-0.006,0.143,0.592,-0.2,0.715,-0.272,0.024,0.299,-0.563,-0.317,-0.027,-0.212,0.014,0.091,0.059,-0.526,-0.041,-0.499,0.008,-0.42,-0.038,0.221,-0.129,-0.045,0.065,-0.272,-0.014,-0.08,-0.282,-0.257,-0.236,-0.078,-0.267,0.096,-0.028,-0.237,-0.12,0.477,-0.355,0.099,0.412,0.367,0.244,-0.273,0.105,0.11,0.486,-0.501,-0.05,0.036
BNGO,-0.188,0.817,-0.222,0.075,-0.002,0.587,0.283,-0.195,-0.474,0.594,-0.496,0.699,0.013,-0.132,0.5,-0.39,-0.183,0.36,0.109,-0.458,0.681,-0.125,0.447,0.762,-0.447,0.0,-0.06,0.116,-0.236,0.335,0.112,0.061,0.109,0.254,-0.038,0.302,-0.302,0.513,0.008,0.484,0.497,-0.288,0.172,0.358,0.502,0.101,0.279,0.435,-0.354,-0.117,-0.355,0.568,0.234,-0.08,0.012,0.575,0.594,0.221,0.354,-0.028,-0.103,0.398,0.088,0.164,0.158,-0.009,-0.379,0.268,-0.229,-0.144,-0.127,-0.068,0.004,-0.066,-0.17,-0.257,0.088,-0.335,0.483,0.212,0.886,0.356,0.109,0.21,0.184,-0.041,-0.15,0.2,0.119,-0.138,-0.308,-0.436,0.409,-0.288,0.136,0.172,-0.333,0.282,0.297,0.339,0.066,-0.117,0.247,0.203,-0.021,-0.691,-0.344,0.386,-0.18,0.037,0.659,0.628,-0.091,-0.066,-0.466,0.676,0.134,0.628,0.179,0.752,0.183,0.077,0.645,-0.021,0.522,-0.247,0.387,-0.204,0.59,-0.119,0.293,-0.045,-0.029,0.363,0.274,0.549,0.308,-0.326,0.057,0.615,-0.038,0.201,0.244,0.151,0.136,-0.109,0.599,0.729,0.514,-0.2,-0.29,0.562,-0.101,0.681,-0.148,0.422,-0.413,-0.323,0.764,0.041,-0.223,0.605,0.116,-0.339,-0.209,0.587,-0.146,0.28,0.658,0.38,0.098,-0.026,0.21,0.622,0.278,0.328,0.084,-0.12,0.166,0.066,0.299,0.571,0.13,0.04,-0.041,0.251,-0.188,-0.162,0.141,0.079,-0.132,-0.58,-0.249,-0.002,-0.332,-0.515,-0.141,0.409,-0.26,0.312
BUSE,0.619,0.105,0.892,0.901,0.663,0.123,-0.786,0.9,0.729,0.378,-0.453,-0.224,0.706,0.713,-0.661,0.849,0.275,-0.819,0.828,0.729,-0.475,0.705,-0.022,0.191,-0.098,-0.06,0.0,0.913,0.844,-0.803,0.882,0.47,0.78,0.639,0.068,0.695,0.789,0.469,0.913,-0.489,0.614,0.924,0.902,0.711,-0.724,0.851,0.743,0.77,-0.073,0.871,0.875,-0.626,0.757,0.895,0.589,-0.63,-0.691,0.608,0.859,0.964,0.84,0.712,-0.591,0.438,0.821,0.92,0.744,0.81,0.589,-0.468,0.937,0.943,0.769,0.631,0.925,0.219,-0.111,0.82,0.742,0.596,-0.032,0.546,0.903,0.271,0.699,0.099,-0.317,0.913,-0.844,0.911,0.806,0.546,0.655,0.905,-0.849,-0.326,0.838,0.72,-0.906,0.729,0.77,0.951,-0.884,-0.552,0.606,0.375,0.242,0.278,0.901,0.936,-0.43,0.448,0.831,0.714,0.716,-0.119,0.684,0.336,0.643,-0.151,0.834,0.311,0.423,0.959,-0.322,0.833,0.6,0.655,-0.172,0.93,-0.813,0.932,0.89,0.598,0.69,-0.603,0.846,0.883,0.826,0.316,-0.8,0.678,0.899,0.894,0.924,0.808,0.052,0.138,0.297,0.794,0.899,-0.635,-0.595,-0.341,-0.38,0.801,0.74,0.716,-0.067,0.877,0.944,-0.17,0.854,0.792,0.44,0.655,0.968,0.694,-0.547,0.55,0.91,-0.915,0.757,-0.418,-0.092,0.797,0.821,0.87,0.807,0.863,0.29,-0.171,0.876,0.899,0.104,0.841,0.93,0.156,0.52,-0.851,0.427,0.456,0.875,0.93,0.753,0.649,-0.834,0.674,0.932,0.783
CAKE,0.516,0.184,0.824,0.86,0.595,0.404,-0.709,0.832,0.587,0.376,-0.514,-0.207,0.56,0.675,-0.472,0.657,0.405,-0.641,0.799,0.675,-0.259,0.753,0.096,0.203,-0.284,0.116,0.913,0.0,0.748,-0.716,0.86,0.514,0.724,0.699,-0.088,0.765,0.685,0.36,0.853,-0.383,0.567,0.829,0.879,0.682,-0.583,0.802,0.812,0.75,-0.133,0.849,0.691,-0.524,0.773,0.91,0.497,-0.511,-0.59,0.509,0.877,0.864,0.697,0.662,-0.622,0.549,0.738,0.869,0.697,0.774,0.521,-0.533,0.829,0.855,0.73,0.699,0.822,0.262,-0.024,0.809,0.73,0.652,0.067,0.646,0.903,0.504,0.757,0.031,-0.519,0.887,-0.694,0.853,0.698,0.435,0.556,0.874,-0.798,-0.391,0.747,0.669,-0.753,0.822,0.795,0.88,-0.803,-0.608,0.458,0.295,0.072,0.209,0.869,0.866,-0.267,0.414,0.883,0.73,0.646,0.129,0.621,0.449,0.479,-0.079,0.771,0.285,0.383,0.911,-0.206,0.711,0.501,0.455,0.028,0.788,-0.752,0.848,0.93,0.553,0.694,-0.454,0.857,0.842,0.724,0.437,-0.806,0.592,0.853,0.894,0.868,0.772,0.031,0.205,0.543,0.757,0.851,-0.596,-0.717,-0.218,-0.547,0.806,0.729,0.623,0.14,0.862,0.882,0.054,0.857,0.706,0.457,0.69,0.891,0.823,-0.495,0.6,0.874,-0.874,0.804,-0.337,-0.157,0.793,0.737,0.814,0.809,0.901,0.359,-0.121,0.81,0.735,0.287,0.775,0.871,0.189,0.582,-0.801,0.243,0.455,0.751,0.909,0.707,0.615,-0.851,0.753,0.885,0.679
CASY,0.784,-0.06,0.883,0.837,0.42,0.078,-0.897,0.902,0.874,0.147,-0.135,-0.322,0.665,0.614,-0.765,0.895,0.51,-0.831,0.608,0.8,-0.484,0.569,0.067,0.062,-0.204,-0.236,0.844,0.748,0.0,-0.827,0.801,0.534,0.559,0.362,0.12,0.485,0.88,0.323,0.826,-0.507,0.362,0.867,0.694,0.543,-0.654,0.681,0.487,0.588,0.002,0.77,0.811,-0.671,0.734,0.795,0.499,-0.831,-0.657,0.277,0.69,0.775,0.746,0.554,-0.57,0.525,0.777,0.902,0.821,0.671,0.639,-0.585,0.897,0.768,0.636,0.675,0.864,0.162,-0.08,0.808,0.486,0.536,-0.225,0.4,0.762,0.163,0.703,-0.057,-0.345,0.723,-0.704,0.838,0.853,0.554,0.469,0.886,-0.774,-0.396,0.934,0.53,-0.912,0.572,0.74,0.835,-0.872,-0.552,0.682,0.553,0.438,0.253,0.844,0.853,-0.569,0.224,0.862,0.526,0.821,-0.273,0.581,0.076,0.6,-0.333,0.731,0.202,0.162,0.809,-0.308,0.832,0.392,0.766,-0.245,0.809,-0.747,0.831,0.793,0.323,0.638,-0.569,0.589,0.831,0.743,0.191,-0.646,0.566,0.769,0.843,0.8,0.741,-0.174,0.118,0.166,0.671,0.892,-0.797,-0.538,-0.31,-0.399,0.535,0.781,0.667,-0.258,0.692,0.895,-0.329,0.66,0.82,0.454,0.493,0.877,0.606,-0.713,0.356,0.714,-0.799,0.589,-0.498,-0.222,0.643,0.743,0.775,0.63,0.799,0.375,-0.247,0.78,0.706,-0.041,0.728,0.926,0.121,0.575,-0.742,0.394,0.494,0.783,0.862,0.719,0.773,-0.784,0.489,0.861,0.553
CCOI,-0.544,0.132,-0.923,-0.813,-0.447,-0.154,0.945,-0.851,-0.71,-0.079,0.366,0.588,-0.676,-0.774,0.639,-0.836,-0.464,0.912,-0.642,-0.811,0.538,-0.721,0.083,0.156,0.162,0.335,-0.803,-0.716,-0.827,0.0,-0.704,-0.248,-0.76,-0.435,0.083,-0.367,-0.826,-0.236,-0.894,0.69,-0.301,-0.875,-0.782,-0.563,0.787,-0.764,-0.563,-0.569,0.208,-0.791,-0.784,0.748,-0.643,-0.819,-0.266,0.793,0.775,-0.23,-0.634,-0.762,-0.706,-0.439,0.806,-0.491,-0.696,-0.835,-0.758,-0.711,-0.482,0.402,-0.792,-0.806,-0.551,-0.825,-0.823,-0.219,0.091,-0.722,-0.504,-0.422,0.358,-0.545,-0.794,-0.151,-0.696,0.235,0.447,-0.765,0.817,-0.787,-0.699,-0.51,-0.309,-0.87,0.921,0.587,-0.902,-0.366,0.866,-0.66,-0.838,-0.861,0.936,0.688,-0.372,-0.493,-0.115,-0.227,-0.912,-0.786,0.665,-0.193,-0.743,-0.766,-0.808,0.212,-0.56,0.047,-0.574,0.45,-0.73,0.022,-0.111,-0.831,0.472,-0.823,-0.266,-0.568,0.298,-0.782,0.802,-0.723,-0.802,-0.259,-0.658,0.699,-0.593,-0.892,-0.553,-0.115,0.777,-0.337,-0.72,-0.778,-0.807,-0.71,0.277,0.102,-0.166,-0.863,-0.828,0.872,0.732,0.532,0.589,-0.537,-0.758,-0.667,0.247,-0.801,-0.865,0.261,-0.659,-0.831,-0.463,-0.36,-0.858,-0.522,0.784,-0.184,-0.722,0.863,-0.649,0.664,0.427,-0.574,-0.696,-0.844,-0.731,-0.79,0.004,0.278,-0.792,-0.622,-0.033,-0.533,-0.882,0.011,-0.432,0.844,-0.246,-0.476,-0.768,-0.784,-0.777,-0.746,0.828,-0.612,-0.884,-0.47
CEVA,0.735,0.141,0.85,0.841,0.742,0.301,-0.746,0.837,0.639,0.49,-0.377,0.015,0.718,0.659,-0.625,0.755,0.181,-0.651,0.662,0.595,-0.312,0.704,0.026,0.312,-0.158,0.112,0.882,0.86,0.801,-0.704,0.0,0.595,0.65,0.57,0.282,0.8,0.801,0.549,0.885,-0.324,0.567,0.865,0.875,0.709,-0.474,0.848,0.65,0.792,0.005,0.787,0.793,-0.63,0.743,0.863,0.713,-0.616,-0.6,0.565,0.876,0.877,0.825,0.836,-0.596,0.607,0.854,0.918,0.775,0.766,0.653,-0.537,0.852,0.884,0.829,0.697,0.89,0.313,-0.244,0.737,0.731,0.757,0.131,0.534,0.812,0.4,0.635,0.104,-0.256,0.879,-0.691,0.893,0.789,0.569,0.709,0.799,-0.734,-0.213,0.764,0.764,-0.804,0.681,0.698,0.896,-0.8,-0.533,0.686,0.299,0.263,0.223,0.866,0.841,-0.339,0.63,0.83,0.553,0.676,-0.0,0.839,0.483,0.685,0.082,0.882,0.195,0.46,0.875,-0.221,0.8,0.551,0.698,-0.194,0.874,-0.763,0.886,0.84,0.573,0.633,-0.333,0.751,0.789,0.871,0.401,-0.698,0.777,0.875,0.937,0.896,0.874,0.01,0.377,0.313,0.738,0.835,-0.552,-0.521,-0.028,-0.352,0.777,0.653,0.74,0.09,0.785,0.888,0.113,0.855,0.762,0.539,0.667,0.896,0.643,-0.387,0.453,0.849,-0.876,0.861,-0.123,-0.229,0.887,0.926,0.877,0.779,0.912,0.416,0.136,0.838,0.84,0.017,0.752,0.868,0.322,0.636,-0.781,0.548,0.403,0.808,0.835,0.755,0.624,-0.783,0.695,0.811,0.82
