,AAPL,ACRS,ADP,AFYA,AGNC,AGYS,ALT,AMGN,AMPH,AMZN,ANIP,AOSL,APDN,APLT,APVO,ARGX,ARLP,ATEX,ATRA,AUTL,AVDL,BCRX,BHAT,BLBD,BMRN,BNGO,BUSE,CAKE,CASY,CCOI,CEVA,CHY,CLDX,CLMT,COHU,COLM,COST,CPRT,CSWC,CSX,DBX,DCOM,DKNG,DMLP,DOX,EA,EDIT,ENPH,ENSG,ERNA,ESGR,ETNB,EXTR,FANG,FARO,FATE,FGEN,FIVE,FIVN,FLGT,FOLD,FORM,FOXA,FRPT,FSLR,FTAI,GBDC,GDYN,GGAL,GNLN,GRFS,GT,HCAT,HCM,HFWA,HOLX,HQY,HUBG,IAC,ICLR,IDCC,IEP,IHRT,ILMN,ILPT,IMAB,IMOS,INMD,INTZ,JAZZ,JKHY,JRVR,KIDS,LBRDK,LGND,LMAT,LPLA,LULU,MASI,MAT,MATW,MBIN,MBIO,MCRB,MDB,MDLZ,MELI,MIRM,MLKN,MNMD,MNRO,MPWR,MRCY,MRSN,MTVA,NAAS,NDAQ,NDSN,NEGG,NOVT,NVDA,NWE,NWSA,NXST,OCX,ODFL,OMAB,OPCH,OPRA,ORGO,OTRK,OZK,PAGP,PCH,PEGA,PENG,PENN,PFBC,PGNY,PHAT,PHUN,PINC,PLUG,PLXS,PYPL,QLYS,QNCX,QQQX,QVCGA,RAPT,RBBN,RCKT,REPL,RMBS,ROAD,ROKU,ROP,RUSHA,SANM,SATS,SBCF,SBLK,SBUX,SCHL,SCSC,SDGR,SEIC,SFIX,SGRY,SKYW,SLP,SNES,STAA,STLD,STOK,SWKS,TER,TFIN,TIGO,TILE,TPIC,TTEC,TTEK,TTGT,UXIN,VERU,VLYPP,VNOM,VRNS,VRSN,WDAY,WERN,WINA,WKHS,WRLD,XP,XTKG,YY,ZION,ZM
AAPL,0.0,0.467,0.762,-0.292,0.05,0.811,-0.314,-0.561,0.84,0.09,0.679,0.873,0.034,-0.683,0.716,0.041,-0.518,0.227,-0.503,0.742,0.728,-0.032,0.053,0.696,0.686,0.741,0.743,0.794,-0.702,0.888,0.749,-0.144,0.518,-0.699,0.933,0.776,-0.702,0.653,-0.596,-0.361,0.513,0.793,-0.029,-0.715,0.815,0.14,0.611,0.817,0.829,0.741,0.684,0.52,0.855,-0.229,0.45,0.794,0.519,0.752,0.814,0.783,0.343,0.71,0.416,0.717,0.793,0.691,0.439,-0.259,0.823,0.461,-0.054,0.732,0.608,-0.082,0.619,0.824,-0.745,-0.346,0.794,0.409,0.848,-0.288,0.736,0.787,0.709,0.853,-0.009,0.786,0.784,0.865,0.787,-0.29,0.877,0.076,0.787,0.566,-0.696,0.12,0.859,0.825,0.679,0.774,0.848,0.837,0.703,-0.198,0.325,-0.813,0.075,0.226,0.852,0.849,0.348,-0.646,-0.3,0.778,0.608,0.866,0.667,0.727,0.857,-0.457,0.721,0.368,0.797,0.705,-0.618,0.468,0.824,0.778,0.394,0.824,0.005,0.466,0.841,0.857,0.506,0.283,0.743,0.69,0.747,0.307,0.623,0.899,0.459,0.449,0.637,0.777,0.905,0.416,0.779,-0.635,0.712,0.309,-0.534,0.547,0.342,0.593,0.865,-0.392,0.823,-0.501,0.68,0.607,0.924,0.781,0.778,0.818,0.886,0.601,0.808,0.592,0.382,0.742,0.722,0.943,0.921,-0.414,-0.027,0.807,0.866,0.841,0.501,0.263,0.246,0.59,0.426,0.046,0.782,0.758,0.406,0.699,0.528,0.783,0.259,0.305,0.559,-0.804,0.155,0.302
ACRS,0.467,0.0,0.758,0.352,0.17,0.72,0.023,-0.697,0.479,0.783,0.835,0.465,0.176,-0.751,0.777,0.574,-0.783,0.515,-0.665,0.733,0.654,-0.526,0.369,0.617,0.586,0.758,0.753,0.535,-0.518,0.573,0.773,0.38,0.851,-0.042,0.542,0.53,-0.235,0.807,-0.619,-0.553,0.606,0.718,0.712,-0.339,0.696,0.819,0.771,0.244,0.289,0.426,0.782,0.857,0.519,0.568,0.182,0.703,0.464,0.555,0.468,0.628,0.73,0.126,0.165,0.834,0.771,0.84,-0.105,-0.009,0.599,0.768,0.119,0.466,0.762,-0.674,0.747,0.572,-0.748,-0.301,0.679,0.555,0.358,0.39,0.12,0.755,0.796,0.561,0.646,0.685,0.695,0.424,0.542,-0.664,0.442,-0.078,0.7,0.201,-0.138,0.463,0.614,0.24,0.028,0.664,0.595,0.668,0.855,0.069,0.839,-0.3,-0.646,0.78,0.601,0.686,-0.109,0.15,-0.5,0.581,0.67,0.645,0.767,0.855,0.697,-0.214,0.735,0.242,0.409,0.671,-0.276,0.657,0.409,0.514,0.016,0.736,-0.589,0.443,0.58,0.519,0.053,0.539,0.697,0.769,0.776,0.56,0.728,0.348,0.849,0.372,0.754,0.804,0.472,0.704,0.423,-0.354,0.718,0.832,-0.239,0.807,0.202,-0.146,0.282,0.157,0.749,-0.608,0.676,0.713,0.348,0.762,0.371,0.555,0.599,0.621,0.461,0.515,0.701,0.211,0.759,0.439,0.467,0.23,-0.023,0.149,0.555,0.566,0.301,0.881,-0.035,0.757,0.63,0.695,0.58,0.394,0.891,0.27,0.211,0.676,0.777,0.646,0.404,-0.534,0.571,0.677
ADP,0.762,0.758,0.0,-0.1,0.141,0.899,-0.245,-0.798,0.857,0.493,0.93,0.742,0.1,-0.887,0.926,0.33,-0.815,0.433,-0.763,0.951,0.931,-0.376,0.227,0.789,0.866,0.79,0.875,0.897,-0.763,0.904,0.945,0.008,0.84,-0.56,0.862,0.887,-0.635,0.851,-0.796,-0.533,0.701,0.902,0.371,-0.696,0.903,0.564,0.874,0.579,0.747,0.778,0.854,0.797,0.815,0.128,0.48,0.901,0.686,0.902,0.823,0.943,0.647,0.36,0.44,0.954,0.9,0.867,0.265,-0.297,0.936,0.631,0.045,0.743,0.896,-0.477,0.834,0.932,-0.837,-0.292,0.944,0.614,0.748,-0.009,0.505,0.965,0.973,0.887,0.354,0.916,0.87,0.825,0.86,-0.707,0.837,0.09,0.943,0.57,-0.505,0.144,0.929,0.628,0.522,0.835,0.922,0.93,0.863,0.049,0.582,-0.733,-0.389,0.557,0.929,0.896,0.322,-0.277,-0.376,0.92,0.926,0.956,0.874,0.955,0.933,-0.317,0.898,0.476,0.777,0.865,-0.603,0.783,0.748,0.763,0.416,0.945,-0.447,0.648,0.888,0.78,0.399,0.504,0.914,0.938,0.929,0.429,0.84,0.788,0.755,0.462,0.892,0.958,0.838,0.757,0.685,-0.614,0.94,0.588,-0.475,0.768,0.397,0.278,0.742,-0.158,0.901,-0.774,0.89,0.899,0.754,0.971,0.714,0.81,0.896,0.647,0.876,0.791,0.704,0.531,0.969,0.782,0.821,-0.089,-0.012,0.454,0.899,0.879,0.572,0.663,0.144,0.82,0.494,0.406,0.786,0.767,0.763,0.727,0.467,0.935,0.549,0.615,0.696,-0.881,0.338,0.479
AFYA,-0.292,0.352,-0.1,0.0,0.055,-0.176,0.222,0.018,-0.353,0.615,0.035,-0.343,-0.06,-0.036,-0.013,0.413,-0.151,0.165,0.046,-0.102,-0.15,-0.313,0.019,-0.084,-0.029,0.19,-0.041,-0.321,0.18,-0.29,-0.093,0.642,0.095,0.61,-0.286,-0.333,0.51,0.128,0.155,-0.114,0.118,-0.094,0.553,0.389,-0.177,0.548,0.104,-0.356,-0.429,-0.428,0.206,0.1,-0.127,0.566,-0.448,-0.042,-0.097,-0.281,-0.24,-0.249,0.394,-0.333,-0.318,-0.007,0.005,0.107,-0.378,0.26,-0.31,0.196,0.148,-0.278,0.073,-0.274,-0.005,-0.304,0.049,-0.069,-0.198,0.065,-0.462,0.837,-0.621,-0.075,-0.019,-0.24,0.448,-0.111,-0.082,-0.329,-0.246,-0.075,-0.491,-0.172,-0.094,-0.37,0.463,0.432,-0.322,-0.369,-0.698,-0.07,-0.224,-0.188,0.255,0.072,0.444,0.416,-0.566,0.546,-0.307,-0.155,-0.582,0.458,-0.323,-0.228,-0.118,-0.214,-0.049,0.045,-0.161,0.119,-0.024,-0.256,-0.346,0.053,0.449,0.115,-0.357,-0.115,-0.473,-0.045,-0.378,-0.279,-0.274,-0.218,-0.586,0.151,-0.017,-0.014,-0.04,0.231,-0.095,-0.428,0.231,0.283,0.035,0.005,-0.349,0.054,-0.283,0.12,-0.09,0.462,0.51,0.195,-0.111,-0.535,-0.493,0.201,-0.078,-0.098,-0.095,0.04,-0.526,-0.087,-0.295,-0.156,-0.162,0.132,-0.394,-0.094,0.327,-0.4,-0.094,-0.391,-0.331,0.425,0.153,-0.424,-0.317,-0.226,-0.324,0.461,-0.354,0.072,0.327,0.507,-0.052,-0.498,0.406,-0.542,-0.442,-0.091,0.474,0.169,-0.228,0.305,0.498,0.211
AGNC,0.05,0.17,0.141,0.055,0.0,0.015,0.757,0.267,-0.199,0.459,0.294,-0.029,0.433,0.094,0.138,0.566,0.217,0.083,-0.042,0.11,-0.08,0.256,-0.359,-0.273,-0.026,-0.077,-0.032,0.119,0.446,-0.012,-0.016,0.084,-0.002,0.15,0.013,0.177,0.408,0.139,0.352,0.539,-0.411,0.006,0.272,0.008,-0.071,0.253,-0.034,0.056,-0.095,-0.036,0.275,0.229,-0.256,0.233,0.701,0.076,-0.262,0.155,-0.205,-0.056,0.43,-0.084,0.347,0.201,-0.081,-0.082,0.502,0.028,0.204,-0.063,0.849,0.053,-0.126,0.228,0.426,0.102,-0.32,0.567,0.226,0.673,0.338,0.208,-0.147,-0.039,0.22,-0.198,0.133,-0.196,-0.238,-0.086,0.427,0.024,0.001,0.621,0.114,0.48,0.514,-0.187,0.057,-0.202,0.172,0.086,0.043,-0.045,0.001,0.741,0.004,0.283,0.123,0.423,-0.029,-0.184,0.587,0.407,0.504,0.039,0.333,0.136,0.298,0.152,-0.034,0.811,-0.186,0.547,0.107,-0.22,0.356,0.365,-0.246,-0.216,0.312,0.09,0.343,0.547,-0.213,-0.231,0.591,0.262,-0.146,0.092,0.236,-0.388,0.45,-0.046,0.465,-0.409,0.186,0.038,-0.001,0.289,0.177,0.546,-0.069,0.335,0.311,-0.209,0.757,0.174,0.003,0.638,0.094,0.014,0.415,0.177,-0.002,0.044,0.437,-0.341,-0.031,-0.077,-0.006,-0.18,0.085,-0.42,0.085,-0.023,-0.129,0.557,0.376,0.135,-0.057,-0.0,0.568,-0.099,0.103,-0.112,-0.099,-0.066,0.414,-0.267,0.052,0.254,0.538,0.117,0.44,0.737,0.353,0.131,0.66,-0.192
AGYS,0.811,0.72,0.899,-0.176,0.015,0.0,-0.235,-0.817,0.831,0.373,0.834,0.85,0.081,-0.853,0.89,0.258,-0.758,0.499,-0.751,0.821,0.84,-0.333,0.29,0.786,0.717,0.829,0.861,0.834,-0.749,0.893,0.926,0.006,0.791,-0.56,0.884,0.835,-0.66,0.784,-0.774,-0.572,0.665,0.891,0.275,-0.645,0.927,0.409,0.778,0.564,0.737,0.778,0.779,0.78,0.822,0.138,0.379,0.818,0.589,0.782,0.765,0.866,0.511,0.513,0.341,0.879,0.892,0.873,0.147,-0.14,0.854,0.703,-0.081,0.755,0.802,-0.441,0.721,0.839,-0.833,-0.371,0.85,0.505,0.745,-0.137,0.64,0.913,0.863,0.871,0.345,0.877,0.879,0.777,0.768,-0.569,0.857,-0.044,0.838,0.46,-0.594,0.25,0.879,0.699,0.528,0.828,0.851,0.879,0.819,-0.134,0.604,-0.704,-0.265,0.448,0.884,0.926,0.237,-0.338,-0.449,0.809,0.737,0.895,0.773,0.9,0.91,-0.454,0.858,0.357,0.729,0.809,-0.611,0.644,0.781,0.75,0.247,0.886,-0.341,0.562,0.878,0.854,0.342,0.427,0.82,0.861,0.876,0.427,0.776,0.771,0.678,0.461,0.799,0.867,0.834,0.648,0.759,-0.591,0.844,0.551,-0.511,0.747,0.263,0.306,0.711,-0.17,0.908,-0.605,0.771,0.728,0.796,0.899,0.632,0.818,0.882,0.694,0.799,0.686,0.555,0.647,0.857,0.832,0.829,-0.143,-0.146,0.526,0.873,0.856,0.543,0.587,0.199,0.773,0.561,0.378,0.716,0.784,0.669,0.617,0.495,0.837,0.495,0.478,0.534,-0.824,0.257,0.585
ALT,-0.314,0.023,-0.245,0.222,0.757,-0.235,0.0,0.391,-0.573,0.368,-0.019,-0.285,0.322,0.35,-0.144,0.432,0.409,0.071,0.079,-0.295,-0.465,0.264,-0.304,-0.521,-0.397,-0.24,-0.282,-0.271,0.733,-0.377,-0.317,0.215,-0.179,0.478,-0.339,-0.156,0.677,-0.136,0.609,0.557,-0.628,-0.242,0.234,0.357,-0.346,0.098,-0.378,-0.312,-0.478,-0.349,0.012,0.1,-0.547,0.457,0.343,-0.301,-0.55,-0.308,-0.581,-0.457,0.222,-0.214,-0.048,-0.118,-0.372,-0.25,0.084,0.414,-0.249,-0.129,0.738,-0.194,-0.414,0.178,0.105,-0.337,0.009,0.549,-0.176,0.476,-0.062,0.263,-0.354,-0.377,-0.154,-0.521,0.157,-0.532,-0.49,-0.49,0.011,0.272,-0.332,0.249,-0.224,-0.021,0.692,-0.015,-0.369,-0.459,-0.2,-0.205,-0.384,-0.425,-0.257,0.552,-0.005,0.644,0.154,0.313,-0.436,-0.473,0.225,0.621,0.431,-0.406,-0.129,-0.295,-0.096,-0.136,-0.369,0.776,-0.491,0.204,-0.33,-0.509,0.604,0.062,-0.509,-0.442,-0.108,-0.249,0.349,0.221,-0.548,-0.463,0.26,0.144,-0.493,-0.238,-0.066,-0.439,0.171,-0.438,0.308,-0.554,-0.109,-0.319,-0.359,0.111,-0.027,0.839,-0.455,0.264,0.52,-0.41,0.399,-0.051,-0.423,0.706,-0.161,0.379,-0.007,-0.163,-0.373,-0.322,-0.048,-0.599,-0.37,-0.248,-0.437,-0.489,-0.19,-0.59,-0.311,-0.364,-0.474,0.716,0.173,-0.132,-0.435,-0.327,0.25,-0.193,0.124,-0.392,-0.111,-0.062,0.028,-0.597,-0.123,-0.221,0.214,-0.259,0.402,0.487,-0.108,0.51,0.63,-0.122
AMGN,-0.561,-0.697,-0.798,0.018,0.267,-0.817,0.391,0.0,-0.735,-0.377,-0.693,-0.696,0.02,0.825,-0.783,-0.231,0.896,-0.489,0.729,-0.743,-0.8,0.483,-0.468,-0.75,-0.684,-0.743,-0.806,-0.616,0.804,-0.734,-0.874,-0.094,-0.793,0.411,-0.692,-0.605,0.659,-0.748,0.848,0.823,-0.714,-0.811,-0.323,0.497,-0.816,-0.459,-0.795,-0.31,-0.508,-0.659,-0.631,-0.762,-0.769,-0.266,-0.113,-0.783,-0.625,-0.634,-0.724,-0.796,-0.437,-0.276,-0.096,-0.796,-0.796,-0.845,0.199,0.171,-0.679,-0.734,0.257,-0.606,-0.848,0.67,-0.532,-0.7,0.654,0.53,-0.69,-0.317,-0.397,0.062,-0.434,-0.839,-0.779,-0.791,-0.515,-0.858,-0.886,-0.596,-0.529,0.683,-0.693,0.338,-0.748,-0.148,0.569,-0.367,-0.748,-0.609,-0.238,-0.719,-0.686,-0.786,-0.802,0.325,-0.694,0.631,0.514,-0.426,-0.784,-0.864,0.081,0.261,0.573,-0.692,-0.622,-0.746,-0.66,-0.822,-0.793,0.631,-0.851,-0.099,-0.528,-0.823,0.615,-0.489,-0.661,-0.664,-0.046,-0.787,0.66,-0.321,-0.809,-0.737,0.035,-0.296,-0.825,-0.799,-0.731,-0.636,-0.585,-0.574,-0.595,-0.458,-0.735,-0.798,-0.672,-0.692,-0.473,0.659,-0.822,-0.532,0.581,-0.864,0.064,0.007,-0.505,0.238,-0.789,0.658,-0.559,-0.65,-0.574,-0.833,-0.279,-0.78,-0.758,-0.644,-0.658,-0.703,-0.515,-0.496,-0.793,-0.647,-0.706,0.157,0.335,-0.247,-0.752,-0.729,-0.335,-0.717,-0.072,-0.786,-0.616,-0.578,-0.491,-0.675,-0.743,-0.384,-0.103,-0.742,-0.393,-0.341,-0.357,0.768,-0.139,-0.711
AMPH,0.84,0.479,0.857,-0.353,-0.199,0.831,-0.573,-0.735,0.0,0.059,0.71,0.816,-0.064,-0.788,0.767,-0.038,-0.718,0.235,-0.575,0.848,0.898,-0.267,0.244,0.89,0.804,0.712,0.813,0.879,-0.911,0.938,0.852,-0.22,0.68,-0.759,0.918,0.845,-0.868,0.677,-0.844,-0.569,0.748,0.845,0.018,-0.792,0.899,0.218,0.76,0.725,0.895,0.828,0.631,0.538,0.914,-0.242,0.329,0.814,0.733,0.843,0.925,0.935,0.305,0.543,0.384,0.754,0.84,0.765,0.283,-0.416,0.87,0.506,-0.301,0.781,0.798,-0.302,0.599,0.908,-0.673,-0.43,0.838,0.284,0.756,-0.324,0.706,0.906,0.785,0.953,0.037,0.929,0.888,0.932,0.722,-0.498,0.917,-0.007,0.854,0.536,-0.803,0.097,0.931,0.806,0.678,0.757,0.91,0.922,0.724,-0.248,0.346,-0.922,-0.118,0.184,0.952,0.923,0.292,-0.627,-0.424,0.899,0.722,0.903,0.7,0.776,0.902,-0.607,0.87,0.313,0.809,0.856,-0.803,0.514,0.899,0.85,0.428,0.848,-0.298,0.45,0.974,0.889,0.379,0.368,0.879,0.801,0.756,0.443,0.594,0.919,0.4,0.559,0.72,0.853,0.901,0.509,0.685,-0.811,0.871,0.235,-0.659,0.669,0.188,0.462,0.894,-0.48,0.814,-0.639,0.687,0.72,0.905,0.878,0.672,0.925,0.911,0.621,0.94,0.807,0.487,0.807,0.841,0.89,0.938,-0.467,-0.11,0.635,0.943,0.884,0.403,0.432,0.21,0.734,0.389,0.164,0.65,0.925,0.506,0.759,0.403,0.836,0.196,0.214,0.6,-0.928,-0.08,0.375
AMZN,0.09,0.783,0.493,0.615,0.459,0.373,0.368,-0.377,0.059,0.0,0.656,0.079,0.235,-0.481,0.56,0.745,-0.49,0.535,-0.488,0.442,0.345,-0.448,0.152,0.259,0.338,0.497,0.425,0.244,-0.078,0.197,0.454,0.548,0.597,0.272,0.176,0.25,0.24,0.588,-0.225,-0.228,0.337,0.389,0.839,-0.039,0.322,0.861,0.522,-0.09,-0.037,0.093,0.676,0.668,0.146,0.706,0.173,0.378,0.17,0.296,0.082,0.285,0.8,-0.202,0.127,0.585,0.446,0.529,-0.101,0.129,0.313,0.559,0.436,0.133,0.499,-0.526,0.617,0.251,-0.516,0.03,0.407,0.61,0.11,0.703,-0.255,0.436,0.578,0.154,0.683,0.302,0.306,0.067,0.354,-0.53,0.042,0.096,0.419,0.101,0.308,0.324,0.248,-0.122,-0.269,0.387,0.282,0.301,0.617,0.412,0.72,0.122,-0.687,0.895,0.216,0.271,-0.089,0.538,-0.291,0.288,0.522,0.341,0.547,0.613,0.34,0.237,0.399,0.287,0.129,0.358,0.155,0.638,-0.041,0.151,-0.076,0.452,-0.502,0.377,0.152,0.111,-0.057,0.517,0.366,0.543,0.543,0.235,0.564,-0.02,0.802,0.212,0.581,0.505,0.095,0.582,0.179,0.053,0.417,0.856,0.193,0.515,0.321,-0.329,-0.071,0.442,0.427,-0.436,0.533,0.545,-0.072,0.459,0.204,0.127,0.261,0.431,0.12,0.258,0.661,-0.247,0.483,0.032,0.049,0.601,0.175,-0.161,0.171,0.239,0.243,0.753,-0.153,0.49,0.499,0.651,0.411,-0.038,0.765,0.027,0.112,0.43,0.866,0.747,0.27,-0.15,0.767,0.454
ANIP,0.679,0.835,0.93,0.035,0.294,0.834,-0.019,-0.693,0.71,0.656,0.0,0.658,0.144,-0.841,0.916,0.426,-0.74,0.489,-0.766,0.911,0.835,-0.462,0.146,0.7,0.784,0.813,0.85,0.844,-0.588,0.815,0.867,0.074,0.853,-0.434,0.783,0.831,-0.459,0.82,-0.7,-0.409,0.631,0.877,0.486,-0.643,0.835,0.643,0.832,0.532,0.643,0.685,0.912,0.85,0.681,0.26,0.518,0.816,0.579,0.836,0.671,0.847,0.761,0.292,0.456,0.922,0.854,0.848,0.192,-0.226,0.875,0.631,0.245,0.674,0.83,-0.508,0.916,0.842,-0.844,-0.16,0.892,0.725,0.719,0.147,0.409,0.905,0.942,0.76,0.383,0.802,0.789,0.734,0.838,-0.652,0.728,0.18,0.883,0.532,-0.365,0.167,0.839,0.484,0.422,0.77,0.857,0.853,0.846,0.228,0.619,-0.573,-0.392,0.707,0.826,0.79,0.318,-0.09,-0.373,0.842,0.886,0.881,0.899,0.949,0.872,-0.164,0.823,0.566,0.704,0.755,-0.425,0.825,0.612,0.728,0.377,0.899,-0.388,0.704,0.765,0.682,0.419,0.596,0.814,0.93,0.945,0.318,0.893,0.684,0.87,0.391,0.894,0.92,0.759,0.765,0.686,-0.43,0.857,0.73,-0.32,0.709,0.455,0.243,0.632,-0.001,0.865,-0.705,0.914,0.903,0.647,0.923,0.67,0.684,0.832,0.658,0.769,0.694,0.722,0.392,0.911,0.692,0.703,0.102,0.11,0.445,0.806,0.831,0.504,0.696,0.097,0.826,0.49,0.443,0.78,0.607,0.756,0.654,0.477,0.896,0.725,0.723,0.696,-0.775,0.533,0.462
AOSL,0.873,0.465,0.742,-0.343,-0.029,0.85,-0.285,-0.696,0.816,0.079,0.658,0.0,-0.08,-0.706,0.697,-0.001,-0.525,0.441,-0.59,0.672,0.727,-0.133,0.005,0.688,0.64,0.714,0.757,0.772,-0.665,0.865,0.74,-0.271,0.542,-0.731,0.897,0.754,-0.728,0.617,-0.645,-0.397,0.54,0.844,-0.113,-0.669,0.825,0.103,0.569,0.704,0.755,0.743,0.643,0.627,0.811,-0.167,0.456,0.745,0.519,0.736,0.76,0.785,0.335,0.657,0.399,0.671,0.723,0.677,0.2,-0.278,0.81,0.449,-0.03,0.783,0.588,-0.15,0.597,0.815,-0.729,-0.242,0.722,0.39,0.828,-0.419,0.787,0.766,0.703,0.819,0.044,0.762,0.8,0.813,0.736,-0.224,0.919,0.046,0.732,0.462,-0.737,0.077,0.826,0.854,0.679,0.75,0.799,0.804,0.622,-0.203,0.296,-0.795,0.097,0.18,0.851,0.845,0.352,-0.567,-0.321,0.767,0.571,0.857,0.641,0.713,0.857,-0.517,0.712,0.42,0.751,0.66,-0.597,0.473,0.827,0.814,0.352,0.814,-0.05,0.528,0.825,0.906,0.45,0.347,0.694,0.73,0.751,0.216,0.678,0.877,0.503,0.359,0.61,0.72,0.917,0.433,0.827,-0.551,0.703,0.376,-0.533,0.542,0.211,0.594,0.852,-0.292,0.831,-0.393,0.675,0.571,0.889,0.775,0.619,0.774,0.893,0.614,0.812,0.573,0.3,0.764,0.696,0.945,0.915,-0.355,-0.055,0.796,0.885,0.881,0.474,0.28,0.333,0.613,0.365,0.065,0.706,0.728,0.349,0.69,0.518,0.775,0.244,0.305,0.445,-0.815,0.146,0.357
APDN,0.034,0.176,0.1,-0.06,0.433,0.081,0.322,0.02,-0.064,0.235,0.144,-0.08,0.0,-0.03,0.158,0.384,-0.039,-0.008,-0.12,0.121,0.022,0.073,0.126,-0.121,-0.02,-0.049,0.019,0.068,0.096,-0.05,0.069,0.098,0.13,0.138,-0.008,0.031,0.089,0.137,0.044,0.064,-0.269,-0.007,0.316,-0.07,-0.009,0.095,0.08,-0.109,-0.077,0.166,0.078,0.168,-0.129,0.208,0.264,0.078,-0.187,0.06,-0.125,0.017,0.196,-0.167,0.11,0.211,0.026,0.063,0.29,0.187,0.09,0.23,0.244,-0.045,-0.047,0.001,0.198,0.049,-0.28,0.079,0.112,0.261,0.091,0.16,-0.113,0.027,0.15,-0.046,0.229,-0.022,-0.068,-0.075,0.245,-0.159,-0.019,0.144,0.072,0.249,0.24,0.032,0.06,-0.166,-0.012,0.061,0.033,-0.001,0.078,0.292,0.212,0.213,-0.149,0.252,-0.006,-0.04,0.163,0.239,0.414,-0.012,0.153,0.053,0.175,0.147,-0.048,0.352,-0.013,0.119,0.095,-0.04,0.068,0.198,-0.112,-0.234,-0.014,0.018,-0.028,0.27,-0.08,-0.171,0.245,-0.039,-0.039,0.09,0.169,0.05,0.19,-0.105,0.268,-0.263,0.159,0.045,-0.071,0.202,0.057,0.186,0.011,0.087,0.022,0.032,0.261,-0.145,-0.116,0.259,0.068,-0.128,0.177,0.054,0.018,0.056,0.175,-0.144,-0.064,-0.024,-0.034,-0.118,0.169,-0.352,0.097,-0.042,-0.125,0.385,-0.122,-0.051,-0.06,-0.083,0.47,0.038,-0.201,0.016,0.039,0.143,0.097,-0.034,0.147,0.055,0.412,0.032,0.193,0.447,0.231,0.044,0.233,0.099
APLT,-0.683,-0.751,-0.887,-0.036,0.094,-0.853,0.35,0.825,-0.788,-0.481,-0.841,-0.706,-0.03,0.0,-0.851,-0.155,0.799,-0.58,0.845,-0.845,-0.903,0.479,-0.192,-0.783,-0.832,-0.821,-0.895,-0.808,0.764,-0.796,-0.858,0.037,-0.857,0.505,-0.774,-0.736,0.658,-0.717,0.813,0.605,-0.809,-0.903,-0.321,0.532,-0.831,-0.531,-0.811,-0.465,-0.672,-0.725,-0.842,-0.782,-0.791,-0.154,-0.221,-0.819,-0.74,-0.813,-0.728,-0.894,-0.612,-0.236,-0.333,-0.832,-0.875,-0.859,-0.054,0.256,-0.808,-0.648,0.068,-0.614,-0.834,0.474,-0.782,-0.81,0.794,0.339,-0.764,-0.409,-0.589,-0.038,-0.461,-0.908,-0.872,-0.86,-0.281,-0.878,-0.869,-0.781,-0.709,0.603,-0.735,0.099,-0.827,-0.287,0.558,-0.142,-0.785,-0.556,-0.296,-0.803,-0.863,-0.864,-0.828,0.09,-0.583,0.698,0.516,-0.5,-0.838,-0.868,-0.104,0.241,0.515,-0.853,-0.756,-0.837,-0.73,-0.871,-0.902,0.492,-0.898,-0.37,-0.67,-0.843,0.598,-0.765,-0.727,-0.81,-0.286,-0.91,0.543,-0.552,-0.829,-0.823,-0.164,-0.52,-0.86,-0.932,-0.847,-0.447,-0.716,-0.722,-0.694,-0.512,-0.839,-0.886,-0.754,-0.559,-0.647,0.655,-0.89,-0.57,0.374,-0.755,-0.051,-0.221,-0.637,0.323,-0.867,0.69,-0.761,-0.83,-0.636,-0.893,-0.523,-0.801,-0.856,-0.673,-0.797,-0.749,-0.771,-0.566,-0.885,-0.73,-0.76,0.105,0.117,-0.367,-0.845,-0.842,-0.351,-0.73,-0.017,-0.863,-0.494,-0.436,-0.575,-0.694,-0.713,-0.566,-0.328,-0.879,-0.552,-0.467,-0.485,0.851,-0.322,-0.498
APVO,0.716,0.777,0.926,-0.013,0.138,0.89,-0.144,-0.783,0.767,0.56,0.916,0.697,0.158,-0.851,0.0,0.384,-0.807,0.44,-0.741,0.89,0.861,-0.412,0.263,0.75,0.75,0.843,0.854,0.824,-0.698,0.848,0.921,0.132,0.846,-0.454,0.825,0.82,-0.531,0.816,-0.769,-0.562,0.667,0.867,0.45,-0.67,0.879,0.559,0.869,0.511,0.68,0.723,0.843,0.811,0.782,0.238,0.424,0.82,0.599,0.793,0.745,0.857,0.664,0.355,0.414,0.923,0.91,0.881,0.131,-0.209,0.853,0.714,0.065,0.695,0.868,-0.556,0.798,0.812,-0.838,-0.367,0.888,0.587,0.682,0.09,0.457,0.933,0.914,0.822,0.406,0.858,0.856,0.735,0.787,-0.671,0.755,0.034,0.887,0.478,-0.452,0.278,0.858,0.566,0.403,0.801,0.849,0.872,0.889,0.066,0.673,-0.62,-0.405,0.649,0.842,0.857,0.237,-0.212,-0.452,0.82,0.83,0.878,0.863,0.956,0.878,-0.31,0.883,0.425,0.691,0.812,-0.525,0.728,0.662,0.713,0.243,0.89,-0.436,0.576,0.82,0.739,0.315,0.471,0.841,0.905,0.894,0.408,0.793,0.695,0.767,0.482,0.897,0.916,0.765,0.753,0.692,-0.548,0.878,0.632,-0.441,0.769,0.338,0.184,0.638,-0.105,0.888,-0.726,0.829,0.83,0.684,0.928,0.633,0.768,0.848,0.737,0.759,0.743,0.677,0.454,0.904,0.722,0.744,0.018,-0.069,0.422,0.817,0.818,0.515,0.684,0.118,0.814,0.611,0.462,0.737,0.69,0.78,0.571,0.402,0.877,0.64,0.594,0.671,-0.791,0.401,0.569
ARGX,0.041,0.574,0.33,0.413,0.566,0.258,0.432,-0.231,-0.038,0.745,0.426,-0.001,0.384,-0.155,0.384,0.0,-0.378,0.199,-0.146,0.292,0.135,-0.198,0.312,0.084,0.054,0.234,0.241,0.059,0.011,0.1,0.342,0.566,0.373,0.402,0.083,0.141,0.299,0.496,-0.085,-0.112,0.026,0.17,0.697,0.027,0.215,0.68,0.389,-0.081,-0.189,0.046,0.369,0.478,-0.006,0.64,0.239,0.275,-0.059,0.098,0.037,0.098,0.52,-0.174,-0.013,0.463,0.264,0.336,0.057,0.224,0.187,0.49,0.365,0.127,0.333,-0.429,0.382,0.114,-0.384,-0.021,0.342,0.521,0.047,0.517,-0.285,0.251,0.416,0.003,0.755,0.152,0.131,-0.135,0.26,-0.442,-0.026,0.104,0.236,0.243,0.439,0.444,0.199,-0.153,-0.154,0.27,0.077,0.158,0.453,0.323,0.638,0.255,-0.43,0.725,0.111,0.142,-0.045,0.443,-0.047,0.079,0.385,0.244,0.474,0.445,0.103,0.374,0.194,0.081,-0.023,0.192,0.144,0.309,-0.221,-0.147,-0.179,0.253,-0.268,0.248,0.04,-0.13,0.04,0.333,0.177,0.286,0.349,0.297,0.417,-0.158,0.607,0.001,0.349,0.292,-0.013,0.595,0.017,0.142,0.209,0.612,0.033,0.391,0.469,-0.369,-0.144,0.64,0.281,-0.312,0.351,0.245,-0.058,0.295,0.169,-0.041,0.079,0.277,-0.041,0.046,0.293,-0.373,0.318,-0.045,-0.073,0.58,0.058,-0.139,0.023,0.05,0.425,0.482,-0.022,0.238,0.477,0.583,0.405,-0.107,0.607,-0.056,0.117,0.189,0.628,0.655,0.281,0.02,0.598,0.465
ARLP,-0.518,-0.783,-0.815,-0.151,0.217,-0.758,0.409,0.896,-0.718,-0.49,-0.74,-0.525,-0.039,0.799,-0.807,-0.378,0.0,-0.316,0.609,-0.818,-0.814,0.589,-0.584,-0.789,-0.699,-0.767,-0.804,-0.606,0.839,-0.706,-0.889,-0.275,-0.868,0.256,-0.644,-0.603,0.575,-0.803,0.894,0.847,-0.763,-0.766,-0.522,0.476,-0.803,-0.627,-0.913,-0.321,-0.459,-0.592,-0.651,-0.721,-0.75,-0.336,-0.033,-0.797,-0.692,-0.615,-0.75,-0.781,-0.504,-0.156,-0.037,-0.836,-0.855,-0.886,0.166,0.179,-0.645,-0.795,0.284,-0.579,-0.935,0.794,-0.569,-0.673,0.652,0.637,-0.738,-0.299,-0.31,-0.162,-0.239,-0.87,-0.816,-0.774,-0.609,-0.886,-0.885,-0.572,-0.517,0.82,-0.575,0.316,-0.755,-0.177,0.46,-0.496,-0.75,-0.481,-0.12,-0.682,-0.682,-0.807,-0.896,0.263,-0.805,0.566,0.65,-0.587,-0.76,-0.848,0.198,0.203,0.629,-0.688,-0.681,-0.729,-0.745,-0.857,-0.747,0.56,-0.889,-0.01,-0.463,-0.87,0.617,-0.498,-0.57,-0.621,-0.019,-0.78,0.761,-0.246,-0.8,-0.626,0.09,-0.379,-0.877,-0.807,-0.728,-0.772,-0.57,-0.495,-0.615,-0.553,-0.774,-0.85,-0.601,-0.746,-0.35,0.715,-0.845,-0.539,0.548,-0.934,-0.006,0.162,-0.43,0.188,-0.76,0.799,-0.577,-0.717,-0.496,-0.854,-0.291,-0.788,-0.712,-0.668,-0.608,-0.755,-0.622,-0.394,-0.843,-0.552,-0.631,0.102,0.268,-0.145,-0.702,-0.67,-0.26,-0.845,0.009,-0.844,-0.703,-0.715,-0.519,-0.64,-0.88,-0.314,-0.017,-0.73,-0.481,-0.361,-0.47,0.737,-0.199,-0.754
ATEX,0.227,0.515,0.433,0.165,0.083,0.499,0.071,-0.489,0.235,0.535,0.489,0.441,-0.008,-0.58,0.44,0.199,-0.316,0.0,-0.669,0.275,0.426,-0.257,-0.032,0.356,0.346,0.41,0.481,0.313,-0.195,0.273,0.388,0.035,0.447,-0.14,0.284,0.24,-0.103,0.394,-0.27,-0.218,0.426,0.467,0.302,-0.144,0.352,0.43,0.317,-0.067,0.196,0.281,0.568,0.647,0.298,0.338,0.111,0.307,0.189,0.352,0.142,0.383,0.545,0.011,0.176,0.399,0.358,0.46,-0.115,0.099,0.36,0.408,0.187,0.144,0.326,-0.198,0.493,0.344,-0.484,0.094,0.244,0.303,0.294,0.145,0.192,0.405,0.45,0.298,0.303,0.348,0.35,0.257,0.302,-0.202,0.308,-0.017,0.374,-0.002,-0.08,0.015,0.262,0.138,-0.025,0.472,0.341,0.306,0.393,0.126,0.363,-0.171,-0.42,0.399,0.304,0.373,0.029,0.257,-0.262,0.357,0.35,0.366,0.291,0.46,0.459,-0.133,0.38,0.342,0.287,0.321,-0.104,0.591,0.261,0.353,0.029,0.452,-0.323,0.457,0.27,0.476,-0.008,0.38,0.326,0.53,0.485,0.068,0.45,0.242,0.551,0.237,0.435,0.402,0.263,0.2,0.43,-0.085,0.421,0.613,0.139,0.359,-0.014,0.07,0.182,0.086,0.456,-0.06,0.434,0.339,0.151,0.397,0.192,0.252,0.379,0.369,0.316,0.222,0.479,0.185,0.405,0.276,0.255,0.264,-0.025,0.06,0.342,0.369,0.22,0.504,-0.018,0.394,0.182,0.257,0.236,0.177,0.414,0.197,0.326,0.409,0.474,0.435,-0.059,-0.29,0.39,0.321
ATRA,-0.503,-0.665,-0.763,0.046,-0.042,-0.751,0.079,0.729,-0.575,-0.488,-0.766,-0.59,-0.12,0.845,-0.741,-0.146,0.609,-0.669,0.0,-0.679,-0.723,0.325,-0.126,-0.567,-0.673,-0.62,-0.736,-0.688,0.502,-0.606,-0.72,0.097,-0.765,0.436,-0.595,-0.636,0.489,-0.608,0.596,0.481,-0.54,-0.76,-0.335,0.44,-0.662,-0.442,-0.581,-0.234,-0.514,-0.647,-0.729,-0.758,-0.559,-0.313,-0.327,-0.63,-0.491,-0.696,-0.464,-0.732,-0.599,-0.167,-0.322,-0.759,-0.671,-0.719,0.0,0.156,-0.702,-0.534,-0.107,-0.461,-0.631,0.367,-0.726,-0.675,0.701,0.113,-0.636,-0.509,-0.54,0.007,-0.382,-0.728,-0.752,-0.65,-0.28,-0.662,-0.655,-0.583,-0.652,0.544,-0.644,0.082,-0.723,-0.191,0.376,0.036,-0.615,-0.399,-0.259,-0.719,-0.688,-0.649,-0.617,-0.083,-0.487,0.499,0.482,-0.45,-0.658,-0.673,-0.215,-0.011,0.304,-0.687,-0.676,-0.67,-0.571,-0.762,-0.759,0.279,-0.679,-0.45,-0.587,-0.618,0.422,-0.763,-0.613,-0.604,-0.268,-0.743,0.475,-0.647,-0.606,-0.654,-0.246,-0.422,-0.653,-0.789,-0.771,-0.214,-0.717,-0.554,-0.715,-0.22,-0.777,-0.725,-0.581,-0.546,-0.617,0.343,-0.71,-0.564,0.209,-0.577,-0.06,-0.2,-0.454,0.14,-0.728,0.467,-0.68,-0.741,-0.473,-0.723,-0.465,-0.571,-0.662,-0.467,-0.651,-0.536,-0.662,-0.38,-0.727,-0.574,-0.576,-0.126,0.21,-0.217,-0.662,-0.664,-0.452,-0.605,0.013,-0.652,-0.271,-0.368,-0.433,-0.541,-0.59,-0.516,-0.402,-0.739,-0.543,-0.561,-0.368,0.65,-0.378,-0.399
AUTL,0.742,0.733,0.951,-0.102,0.11,0.821,-0.295,-0.743,0.848,0.442,0.911,0.672,0.121,-0.845,0.89,0.292,-0.818,0.275,-0.679,0.0,0.92,-0.441,0.239,0.769,0.859,0.772,0.867,0.89,-0.772,0.88,0.9,-0.029,0.845,-0.547,0.832,0.867,-0.67,0.792,-0.831,-0.529,0.685,0.883,0.369,-0.715,0.868,0.54,0.908,0.65,0.737,0.766,0.804,0.723,0.781,0.07,0.479,0.898,0.734,0.899,0.826,0.936,0.621,0.314,0.472,0.922,0.902,0.836,0.252,-0.38,0.915,0.577,0.041,0.733,0.88,-0.496,0.829,0.913,-0.804,-0.313,0.939,0.549,0.698,0.019,0.47,0.946,0.944,0.877,0.299,0.908,0.863,0.834,0.84,-0.716,0.793,0.139,0.909,0.581,-0.517,0.137,0.925,0.595,0.515,0.765,0.921,0.941,0.845,0.064,0.548,-0.726,-0.371,0.549,0.927,0.863,0.296,-0.31,-0.365,0.921,0.91,0.926,0.897,0.918,0.896,-0.32,0.9,0.463,0.772,0.837,-0.609,0.719,0.714,0.762,0.47,0.912,-0.442,0.61,0.88,0.721,0.411,0.479,0.909,0.919,0.893,0.454,0.802,0.777,0.711,0.436,0.864,0.947,0.833,0.753,0.616,-0.648,0.929,0.498,-0.534,0.772,0.366,0.253,0.736,-0.188,0.852,-0.824,0.86,0.905,0.751,0.966,0.679,0.807,0.871,0.625,0.863,0.823,0.695,0.496,0.961,0.764,0.803,-0.126,0.023,0.473,0.884,0.865,0.483,0.648,0.064,0.865,0.466,0.419,0.74,0.758,0.721,0.724,0.405,0.926,0.515,0.571,0.765,-0.889,0.304,0.429
AVDL,0.728,0.654,0.931,-0.15,-0.08,0.84,-0.465,-0.8,0.898,0.345,0.835,0.727,0.022,-0.903,0.861,0.135,-0.814,0.426,-0.723,0.92,0.0,-0.435,0.194,0.823,0.902,0.758,0.87,0.901,-0.851,0.865,0.874,-0.148,0.811,-0.654,0.83,0.825,-0.772,0.723,-0.89,-0.593,0.802,0.881,0.243,-0.72,0.839,0.464,0.898,0.584,0.778,0.819,0.777,0.712,0.844,-0.049,0.361,0.853,0.789,0.918,0.866,0.982,0.6,0.259,0.495,0.855,0.891,0.824,0.195,-0.418,0.907,0.543,-0.097,0.665,0.864,-0.431,0.767,0.926,-0.748,-0.334,0.85,0.369,0.68,-0.047,0.506,0.948,0.917,0.928,0.208,0.949,0.875,0.881,0.773,-0.669,0.817,0.072,0.888,0.511,-0.635,0.03,0.901,0.621,0.485,0.783,0.941,0.937,0.801,-0.017,0.454,-0.807,-0.421,0.428,0.931,0.889,0.251,-0.368,-0.409,0.958,0.872,0.916,0.795,0.868,0.923,-0.466,0.942,0.46,0.785,0.875,-0.701,0.737,0.782,0.82,0.464,0.92,-0.514,0.596,0.91,0.819,0.297,0.435,0.937,0.941,0.839,0.434,0.718,0.825,0.604,0.54,0.833,0.923,0.841,0.587,0.627,-0.756,0.979,0.415,-0.511,0.768,0.173,0.283,0.779,-0.341,0.833,-0.772,0.813,0.854,0.747,0.949,0.625,0.872,0.889,0.649,0.913,0.863,0.746,0.603,0.963,0.783,0.837,-0.211,-0.031,0.422,0.922,0.883,0.401,0.644,0.068,0.851,0.386,0.321,0.617,0.806,0.668,0.723,0.412,0.931,0.404,0.44,0.633,-0.935,0.177,0.389
BCRX,-0.032,-0.526,-0.376,-0.313,0.256,-0.333,0.264,0.483,-0.267,-0.448,-0.462,-0.133,0.073,0.479,-0.412,-0.198,0.589,-0.257,0.325,-0.441,-0.435,0.0,-0.311,-0.41,-0.378,-0.524,-0.399,-0.299,0.4,-0.265,-0.405,-0.152,-0.504,0.035,-0.164,-0.237,0.217,-0.348,0.599,0.486,-0.596,-0.401,-0.423,0.241,-0.393,-0.536,-0.598,-0.099,-0.137,-0.254,-0.338,-0.347,-0.259,-0.226,0.145,-0.279,-0.408,-0.322,-0.33,-0.394,-0.365,0.132,-0.084,-0.373,-0.48,-0.493,0.428,0.029,-0.245,-0.43,0.125,-0.244,-0.591,0.741,-0.303,-0.287,0.2,0.27,-0.263,-0.159,0.033,-0.351,-0.021,-0.468,-0.437,-0.328,-0.398,-0.451,-0.475,-0.249,-0.12,0.584,-0.123,0.047,-0.231,0.024,0.207,-0.303,-0.316,-0.046,0.129,-0.081,-0.347,-0.415,-0.493,-0.03,-0.49,0.187,0.541,-0.438,-0.332,-0.382,0.322,-0.051,0.515,-0.361,-0.344,-0.304,-0.421,-0.43,-0.374,0.304,-0.544,-0.076,-0.127,-0.464,0.083,-0.36,-0.182,-0.399,0.033,-0.346,0.591,-0.048,-0.376,-0.242,0.329,-0.197,-0.467,-0.511,-0.415,-0.4,-0.332,-0.123,-0.401,-0.387,-0.409,-0.473,-0.241,-0.382,-0.067,0.36,-0.49,-0.439,0.225,-0.609,0.058,0.393,-0.049,0.004,-0.296,0.572,-0.37,-0.47,-0.046,-0.477,0.129,-0.368,-0.325,-0.365,-0.233,-0.47,-0.497,-0.106,-0.468,-0.111,-0.176,-0.051,-0.233,0.131,-0.341,-0.369,0.243,-0.695,0.287,-0.733,-0.357,-0.601,-0.152,-0.253,-0.512,-0.073,0.193,-0.4,-0.329,-0.161,-0.239,0.395,-0.145,-0.407
BHAT,0.053,0.369,0.227,0.019,-0.359,0.29,-0.304,-0.468,0.244,0.152,0.146,0.005,0.126,-0.192,0.263,0.312,-0.584,-0.032,-0.126,0.239,0.194,-0.311,0.0,0.413,-0.013,0.202,0.256,-0.006,-0.492,0.164,0.45,0.479,0.446,0.239,0.12,0.067,-0.178,0.413,-0.457,-0.679,0.305,0.113,0.513,-0.065,0.379,0.319,0.361,-0.171,0.003,0.166,-0.033,0.181,0.247,0.406,-0.342,0.168,0.172,-0.058,0.255,0.183,-0.137,0.045,-0.455,0.311,0.361,0.468,-0.287,0.288,0.016,0.667,-0.621,0.155,0.484,-0.69,-0.057,0.044,-0.11,-0.695,0.23,-0.133,-0.19,0.062,0.016,0.31,0.196,0.215,0.636,0.369,0.369,-0.046,-0.123,-0.601,0.094,-0.602,0.173,-0.211,-0.125,0.68,0.25,0.073,-0.156,0.193,0.023,0.201,0.404,-0.471,0.663,-0.054,-0.457,0.203,0.191,0.38,-0.51,0.015,-0.469,0.017,0.088,0.102,0.166,0.312,0.133,-0.409,0.353,-0.543,-0.09,0.387,-0.419,-0.102,0.14,-0.049,-0.433,0.101,-0.593,-0.254,0.321,0.104,-0.328,0.001,0.315,0.133,0.133,0.753,-0.011,-0.095,0.091,0.263,0.216,0.268,-0.018,0.417,-0.096,-0.376,0.24,0.113,-0.47,0.579,-0.203,-0.495,-0.114,0.07,0.221,-0.258,-0.107,0.064,0.077,0.245,-0.116,0.32,0.051,0.298,0.017,0.25,0.082,0.113,0.231,0.012,0.075,0.007,-0.561,-0.248,0.086,-0.017,0.09,0.524,-0.048,0.273,0.557,0.641,-0.0,0.392,0.551,-0.197,-0.237,0.0,0.062,-0.115,-0.002,-0.126,-0.272,0.773
BLBD,0.696,0.617,0.789,-0.084,-0.273,0.786,-0.521,-0.75,0.89,0.259,0.7,0.688,-0.121,-0.783,0.75,0.084,-0.789,0.356,-0.567,0.769,0.823,-0.41,0.413,0.0,0.694,0.759,0.82,0.725,-0.898,0.815,0.842,0.036,0.773,-0.491,0.798,0.719,-0.68,0.723,-0.829,-0.675,0.856,0.797,0.268,-0.638,0.879,0.438,0.759,0.531,0.731,0.676,0.624,0.563,0.856,0.023,0.103,0.715,0.723,0.687,0.816,0.826,0.336,0.446,0.18,0.718,0.846,0.843,0.067,-0.274,0.704,0.683,-0.381,0.717,0.848,-0.474,0.569,0.755,-0.637,-0.509,0.763,0.203,0.558,-0.099,0.503,0.883,0.739,0.841,0.205,0.893,0.878,0.778,0.542,-0.524,0.739,-0.169,0.791,0.27,-0.64,0.334,0.812,0.641,0.381,0.724,0.776,0.828,0.8,-0.291,0.55,-0.761,-0.324,0.341,0.83,0.898,-0.002,-0.421,-0.648,0.775,0.627,0.777,0.657,0.781,0.833,-0.646,0.865,0.136,0.611,0.838,-0.727,0.489,0.788,0.788,0.189,0.787,-0.482,0.3,0.894,0.836,0.135,0.493,0.839,0.77,0.694,0.585,0.523,0.727,0.458,0.637,0.726,0.846,0.726,0.502,0.577,-0.771,0.818,0.393,-0.542,0.766,0.035,0.237,0.691,-0.348,0.796,-0.562,0.582,0.692,0.709,0.818,0.53,0.891,0.802,0.706,0.784,0.776,0.538,0.731,0.779,0.738,0.803,-0.328,-0.139,0.457,0.804,0.751,0.229,0.659,0.189,0.749,0.541,0.388,0.56,0.826,0.655,0.512,0.227,0.725,0.356,0.166,0.452,-0.782,-0.009,0.567
BMRN,0.686,0.586,0.866,-0.029,-0.026,0.717,-0.397,-0.684,0.804,0.338,0.784,0.64,-0.02,-0.832,0.75,0.054,-0.699,0.346,-0.673,0.859,0.902,-0.378,-0.013,0.694,0.0,0.708,0.742,0.862,-0.724,0.793,0.772,-0.136,0.68,-0.662,0.763,0.78,-0.679,0.656,-0.724,-0.465,0.722,0.814,0.173,-0.688,0.732,0.425,0.803,0.615,0.744,0.676,0.764,0.617,0.793,-0.084,0.35,0.834,0.718,0.904,0.813,0.897,0.621,0.278,0.494,0.79,0.786,0.707,0.26,-0.464,0.856,0.355,0.014,0.623,0.774,-0.309,0.704,0.889,-0.639,-0.211,0.791,0.481,0.633,0.038,0.419,0.86,0.845,0.861,0.089,0.851,0.776,0.862,0.764,-0.581,0.733,0.151,0.852,0.513,-0.569,-0.056,0.804,0.613,0.463,0.685,0.898,0.861,0.734,0.024,0.348,-0.791,-0.371,0.382,0.847,0.783,0.289,-0.377,-0.318,0.92,0.827,0.854,0.715,0.782,0.872,-0.388,0.829,0.5,0.787,0.842,-0.519,0.737,0.754,0.825,0.529,0.873,-0.423,0.535,0.816,0.745,0.284,0.363,0.901,0.843,0.786,0.352,0.69,0.79,0.563,0.521,0.776,0.875,0.798,0.52,0.545,-0.673,0.89,0.421,-0.364,0.641,0.245,0.295,0.731,-0.438,0.733,-0.779,0.811,0.854,0.664,0.871,0.618,0.795,0.845,0.497,0.863,0.786,0.778,0.539,0.877,0.715,0.798,-0.264,0.153,0.394,0.853,0.844,0.313,0.543,0.016,0.768,0.285,0.258,0.618,0.674,0.603,0.727,0.336,0.912,0.367,0.463,0.607,-0.861,0.239,0.19
BNGO,0.741,0.758,0.79,0.19,-0.077,0.829,-0.24,-0.743,0.712,0.497,0.813,0.714,-0.049,-0.821,0.843,0.234,-0.767,0.41,-0.62,0.772,0.758,-0.524,0.202,0.759,0.708,0.0,0.817,0.705,-0.707,0.8,0.819,0.23,0.725,-0.442,0.804,0.685,-0.497,0.753,-0.734,-0.609,0.743,0.84,0.361,-0.613,0.84,0.495,0.803,0.568,0.646,0.598,0.838,0.702,0.826,0.157,0.164,0.75,0.561,0.655,0.745,0.757,0.593,0.496,0.279,0.79,0.901,0.879,-0.033,-0.103,0.702,0.714,-0.056,0.632,0.814,-0.541,0.663,0.707,-0.714,-0.471,0.737,0.46,0.575,0.18,0.461,0.866,0.786,0.798,0.347,0.833,0.885,0.728,0.627,-0.517,0.663,-0.073,0.782,0.306,-0.558,0.403,0.754,0.621,0.282,0.713,0.788,0.818,0.905,-0.145,0.683,-0.632,-0.347,0.618,0.76,0.848,-0.026,-0.358,-0.647,0.722,0.615,0.793,0.738,0.869,0.848,-0.505,0.87,0.261,0.625,0.816,-0.424,0.602,0.669,0.812,0.07,0.844,-0.401,0.33,0.793,0.798,0.083,0.41,0.817,0.821,0.83,0.452,0.655,0.674,0.669,0.664,0.773,0.865,0.762,0.579,0.656,-0.633,0.79,0.65,-0.366,0.79,0.183,0.169,0.587,-0.26,0.84,-0.661,0.685,0.742,0.645,0.853,0.477,0.822,0.863,0.816,0.648,0.674,0.619,0.556,0.778,0.721,0.758,-0.154,0.018,0.496,0.777,0.819,0.207,0.676,0.035,0.832,0.716,0.45,0.706,0.592,0.718,0.401,0.204,0.811,0.608,0.368,0.506,-0.746,0.375,0.589
BUSE,0.743,0.753,0.875,-0.041,-0.032,0.861,-0.282,-0.806,0.813,0.425,0.85,0.757,0.019,-0.895,0.854,0.241,-0.804,0.481,-0.736,0.867,0.87,-0.399,0.256,0.82,0.742,0.817,0.0,0.795,-0.776,0.843,0.867,-0.025,0.877,-0.487,0.829,0.788,-0.667,0.732,-0.816,-0.582,0.756,0.946,0.289,-0.558,0.873,0.503,0.811,0.585,0.66,0.745,0.826,0.799,0.801,0.17,0.306,0.851,0.731,0.772,0.774,0.875,0.557,0.318,0.267,0.834,0.894,0.882,0.081,-0.236,0.815,0.677,-0.063,0.717,0.823,-0.487,0.819,0.81,-0.813,-0.372,0.827,0.399,0.64,-0.061,0.507,0.907,0.866,0.856,0.295,0.87,0.891,0.777,0.724,-0.542,0.778,-0.1,0.847,0.341,-0.555,0.266,0.833,0.592,0.371,0.869,0.84,0.892,0.839,-0.14,0.6,-0.703,-0.357,0.503,0.869,0.888,0.136,-0.301,-0.523,0.826,0.742,0.852,0.798,0.882,0.888,-0.484,0.87,0.309,0.643,0.807,-0.687,0.648,0.722,0.816,0.262,0.922,-0.425,0.566,0.859,0.824,0.294,0.592,0.829,0.903,0.841,0.475,0.733,0.752,0.7,0.462,0.794,0.88,0.799,0.645,0.686,-0.642,0.848,0.537,-0.468,0.766,0.115,0.305,0.7,-0.214,0.934,-0.618,0.73,0.785,0.722,0.902,0.542,0.829,0.878,0.728,0.797,0.74,0.613,0.613,0.876,0.792,0.8,-0.102,-0.167,0.505,0.861,0.855,0.416,0.681,0.189,0.816,0.547,0.423,0.646,0.711,0.685,0.556,0.36,0.852,0.56,0.468,0.512,-0.843,0.33,0.562
CAKE,0.794,0.535,0.897,-0.321,0.119,0.834,-0.271,-0.616,0.879,0.244,0.844,0.772,0.068,-0.808,0.824,0.059,-0.606,0.313,-0.688,0.89,0.901,-0.299,-0.006,0.725,0.862,0.705,0.795,0.0,-0.691,0.902,0.805,-0.291,0.707,-0.772,0.886,0.955,-0.734,0.64,-0.733,-0.325,0.635,0.865,0.093,-0.795,0.834,0.293,0.75,0.739,0.87,0.845,0.761,0.63,0.781,-0.172,0.587,0.784,0.676,0.951,0.816,0.937,0.543,0.428,0.619,0.807,0.814,0.718,0.404,-0.409,0.953,0.378,0.077,0.779,0.726,-0.23,0.803,0.95,-0.736,-0.128,0.885,0.546,0.87,-0.196,0.633,0.887,0.87,0.883,0.002,0.836,0.774,0.932,0.88,-0.497,0.892,0.287,0.866,0.685,-0.635,-0.107,0.906,0.68,0.716,0.721,0.961,0.898,0.669,0.125,0.278,-0.813,-0.113,0.333,0.916,0.819,0.542,-0.428,-0.222,0.954,0.863,0.928,0.781,0.816,0.91,-0.292,0.821,0.634,0.865,0.765,-0.609,0.753,0.826,0.831,0.627,0.882,-0.199,0.73,0.87,0.804,0.59,0.472,0.824,0.878,0.86,0.179,0.813,0.906,0.599,0.4,0.793,0.859,0.903,0.563,0.78,-0.584,0.861,0.352,-0.45,0.547,0.403,0.524,0.875,-0.304,0.817,-0.657,0.886,0.846,0.85,0.895,0.784,0.79,0.892,0.57,0.952,0.765,0.643,0.658,0.888,0.844,0.863,-0.195,0.131,0.618,0.933,0.923,0.511,0.417,0.204,0.742,0.245,0.105,0.709,0.806,0.478,0.878,0.609,0.92,0.396,0.499,0.721,-0.9,0.216,0.203
CASY,-0.702,-0.518,-0.763,0.18,0.446,-0.749,0.733,0.804,-0.911,-0.078,-0.588,-0.665,0.096,0.764,-0.698,0.011,0.839,-0.195,0.502,-0.772,-0.851,0.4,-0.492,-0.898,-0.724,-0.707,-0.776,-0.691,0.0,-0.806,-0.831,0.018,-0.703,0.565,-0.776,-0.648,0.826,-0.657,0.912,0.797,-0.83,-0.745,-0.146,0.652,-0.836,-0.302,-0.799,-0.542,-0.726,-0.717,-0.517,-0.475,-0.891,0.123,-0.014,-0.751,-0.773,-0.679,-0.901,-0.852,-0.222,-0.4,-0.153,-0.695,-0.843,-0.792,-0.051,0.318,-0.69,-0.616,0.544,-0.64,-0.848,0.501,-0.438,-0.753,0.556,0.683,-0.716,-0.047,-0.47,0.175,-0.536,-0.86,-0.7,-0.896,-0.206,-0.933,-0.903,-0.783,-0.495,0.607,-0.738,0.279,-0.746,-0.273,0.756,-0.301,-0.823,-0.696,-0.388,-0.69,-0.776,-0.855,-0.771,0.449,-0.498,0.837,0.35,-0.2,-0.85,-0.908,0.077,0.582,0.599,-0.773,-0.592,-0.764,-0.613,-0.721,-0.804,0.771,-0.89,-0.017,-0.622,-0.882,0.829,-0.369,-0.794,-0.749,-0.182,-0.755,0.536,-0.185,-0.928,-0.805,-0.038,-0.242,-0.881,-0.721,-0.626,-0.686,-0.402,-0.735,-0.297,-0.648,-0.646,-0.809,-0.742,-0.467,-0.457,0.932,-0.847,-0.201,0.71,-0.808,0.076,-0.159,-0.691,0.518,-0.732,0.68,-0.487,-0.621,-0.731,-0.815,-0.421,-0.935,-0.791,-0.64,-0.774,-0.806,-0.497,-0.728,-0.789,-0.736,-0.819,0.491,0.272,-0.39,-0.823,-0.736,-0.198,-0.589,-0.077,-0.753,-0.532,-0.374,-0.474,-0.875,-0.614,-0.49,-0.121,-0.711,-0.143,-0.034,-0.455,0.85,0.191,-0.546
CCOI,0.888,0.573,0.904,-0.29,-0.012,0.893,-0.377,-0.734,0.938,0.197,0.815,0.865,-0.05,-0.796,0.848,0.1,-0.706,0.273,-0.606,0.88,0.865,-0.265,0.164,0.815,0.793,0.8,0.843,0.902,-0.806,0.0,0.896,-0.132,0.696,-0.734,0.964,0.907,-0.772,0.742,-0.79,-0.486,0.688,0.895,0.079,-0.775,0.943,0.277,0.776,0.776,0.883,0.798,0.743,0.649,0.898,-0.126,0.459,0.869,0.679,0.853,0.898,0.916,0.406,0.622,0.425,0.824,0.874,0.789,0.283,-0.364,0.92,0.533,-0.094,0.84,0.808,-0.344,0.701,0.916,-0.764,-0.372,0.91,0.478,0.83,-0.258,0.72,0.927,0.837,0.934,0.126,0.901,0.904,0.919,0.809,-0.497,0.93,0.085,0.881,0.599,-0.73,0.15,0.953,0.825,0.699,0.794,0.93,0.948,0.776,-0.156,0.422,-0.874,-0.066,0.308,0.961,0.927,0.377,-0.573,-0.405,0.896,0.766,0.951,0.811,0.848,0.939,-0.494,0.859,0.406,0.827,0.835,-0.693,0.558,0.851,0.857,0.425,0.902,-0.192,0.529,0.954,0.88,0.466,0.418,0.86,0.841,0.837,0.371,0.716,0.92,0.547,0.502,0.77,0.884,0.948,0.62,0.754,-0.702,0.863,0.414,-0.613,0.669,0.343,0.487,0.889,-0.346,0.879,-0.665,0.786,0.762,0.92,0.92,0.722,0.879,0.958,0.673,0.912,0.751,0.479,0.754,0.866,0.92,0.947,-0.368,-0.02,0.705,0.956,0.94,0.478,0.436,0.297,0.762,0.48,0.202,0.79,0.854,0.546,0.758,0.444,0.881,0.355,0.369,0.668,-0.917,0.133,0.406
CEVA,0.749,0.773,0.945,-0.093,-0.016,0.926,-0.317,-0.874,0.852,0.454,0.867,0.74,0.069,-0.858,0.921,0.342,-0.889,0.388,-0.72,0.9,0.874,-0.405,0.45,0.842,0.772,0.819,0.867,0.805,-0.831,0.896,0.0,0.142,0.866,-0.482,0.856,0.823,-0.65,0.874,-0.845,-0.687,0.733,0.873,0.423,-0.642,0.949,0.531,0.871,0.525,0.702,0.733,0.757,0.769,0.844,0.219,0.328,0.865,0.674,0.786,0.827,0.893,0.513,0.441,0.255,0.937,0.925,0.911,0.103,-0.214,0.852,0.763,-0.143,0.764,0.935,-0.614,0.705,0.841,-0.803,-0.489,0.919,0.511,0.638,-0.035,0.515,0.963,0.906,0.873,0.462,0.932,0.926,0.751,0.734,-0.746,0.811,-0.114,0.892,0.423,-0.548,0.349,0.913,0.67,0.443,0.821,0.84,0.908,0.902,-0.163,0.712,-0.715,-0.41,0.517,0.905,0.947,0.147,-0.306,-0.513,0.828,0.808,0.898,0.837,0.949,0.905,-0.475,0.911,0.261,0.695,0.887,-0.658,0.617,0.747,0.718,0.23,0.891,-0.507,0.474,0.912,0.787,0.256,0.441,0.902,0.871,0.868,0.578,0.742,0.715,0.684,0.501,0.856,0.936,0.789,0.776,0.623,-0.668,0.9,0.583,-0.595,0.851,0.258,0.152,0.664,-0.174,0.895,-0.744,0.758,0.795,0.743,0.948,0.602,0.845,0.859,0.698,0.794,0.759,0.61,0.572,0.913,0.767,0.813,-0.157,-0.172,0.411,0.856,0.821,0.498,0.708,0.195,0.829,0.644,0.54,0.723,0.811,0.81,0.584,0.324,0.847,0.504,0.478,0.603,-0.834,0.218,0.655
