,AAPL,ACRS,ADP,AFYA,AGNC,AGYS,ALT,AMGN,AMPH,AMZN,ANIP,AOSL,APDN,APLT,APVO,ARGX,ARLP,ATEX,ATRA,AUTL,AVDL,BCRX,BHAT,BLBD,BMRN,BNGO,BUSE,CAKE,CASY,CCOI,CEVA,CHY,CLDX,CLMT,COHU,COLM,COST,CPRT,CSWC,CSX,DBX,DCOM,DKNG,DMLP,DOX,EA,EDIT,ENPH,ENSG,ERNA,ESGR,ETNB,EXTR,FANG,FARO,FATE,FGEN,FIVE,FIVN,FLGT,FOLD,FORM,FOXA,FRPT,FSLR,FTAI,GBDC,GDYN,GGAL,GNLN,GRFS,GT,HCAT,HCM,HFWA,HOLX,HQY,HUBG,IAC,ICLR,IDCC,IEP,IHRT,ILMN,ILPT,IMAB,IMOS,INMD,INTZ,JAZZ,JKHY,JRVR,KIDS,LBRDK,LGND,LMAT,LPLA,LULU,MASI,MAT,MATW,MBIN,MBIO,MCRB,MDB,MDLZ,MELI,MIRM,MLKN,MNMD,MNRO,MPWR,MRCY,MRSN,MTVA,NAAS,NDAQ,NDSN,NEGG,NOVT,NVDA,NWE,NWSA,NXST,OCX,ODFL,OMAB,OPCH,OPRA,ORGO,OTRK,OZK,PAGP,PCH,PEGA,PENG,PENN,PFBC,PGNY,PHAT,PHUN,PINC,PLUG,PLXS,PYPL,QLYS,QNCX,QQQX,QVCGA,RAPT,RBBN,RCKT,REPL,RMBS,ROAD,ROKU,ROP,RUSHA,SANM,SATS,SBCF,SBLK,SBUX,SCHL,SCSC,SDGR,SEIC,SFIX,SGRY,SKYW,SLP,SNES,STAA,STLD,STOK,SWKS,TER,TFIN,TIGO,TILE,TPIC,TTEC,TTEK,TTGT,UXIN,VERU,VLYPP,VNOM,VRNS,VRSN,WDAY,WERN,WINA,WKHS,WRLD,XP,XTKG,YY,ZION,ZM
AAPL,0.0,0.275,0.201,0.157,0.309,0.889,-0.406,-0.296,0.01,0.695,-0.331,0.427,0.188,0.205,0.118,-0.51,-0.238,0.013,0.097,-0.568,-0.447,-0.483,-0.346,0.809,-0.171,0.068,0.574,0.532,-0.304,0.69,0.486,0.789,-0.218,-0.251,0.831,0.87,0.367,0.933,-0.236,0.323,0.506,0.42,0.821,0.596,0.326,0.56,0.102,0.311,0.2,-0.124,0.255,-0.409,0.385,0.029,0.657,0.195,0.594,0.132,0.884,0.027,-0.044,0.934,0.145,0.818,0.014,0.529,0.416,0.623,0.854,-0.292,-0.105,0.73,-0.319,-0.261,0.661,0.111,0.035,0.849,0.287,0.382,0.746,-0.289,0.448,0.671,-0.128,-0.659,0.759,0.891,0.359,-0.285,-0.049,0.421,0.289,0.562,0.43,0.861,0.167,0.252,0.621,0.273,0.333,0.817,0.084,-0.178,0.855,-0.292,0.542,0.062,0.634,-0.35,0.862,0.959,0.256,-0.021,-0.518,-0.325,0.932,0.648,-0.066,0.74,0.316,-0.196,0.27,0.102,-0.573,0.716,0.083,0.293,-0.115,-0.092,-0.111,0.624,0.034,0.023,0.832,0.425,0.281,0.72,0.417,-0.084,0.434,0.031,0.05,0.101,0.848,0.847,0.03,0.501,0.111,0.602,0.536,0.302,-0.499,0.818,0.791,0.526,0.905,0.307,0.885,0.121,0.409,-0.059,0.441,0.646,0.742,0.212,0.856,0.516,0.25,0.534,0.398,-0.344,0.201,0.332,-0.115,0.801,0.962,0.57,-0.468,0.624,0.181,0.796,0.319,0.027,-0.133,0.022,0.167,-0.114,0.44,0.843,0.563,0.612,0.162,-0.065,0.801,0.58,-0.106,0.364,0.395,0.706
ACRS,0.275,0.0,0.594,-0.254,-0.291,0.284,-0.539,0.406,-0.167,0.112,0.021,0.547,0.09,-0.097,-0.453,-0.33,0.332,-0.427,0.194,-0.664,0.097,-0.318,-0.136,0.122,-0.416,-0.392,-0.157,-0.221,0.274,0.382,-0.308,0.063,-0.262,-0.595,0.026,0.045,0.385,0.265,0.248,-0.144,0.439,-0.322,0.615,0.5,0.431,0.275,-0.545,-0.392,0.355,-0.378,-0.23,-0.104,-0.156,-0.301,-0.224,0.377,0.209,-0.368,-0.009,-0.565,-0.532,0.409,0.446,0.231,-0.494,0.492,0.481,-0.283,0.374,-0.493,-0.342,0.161,-0.375,-0.666,-0.065,0.583,0.466,0.201,-0.182,-0.117,-0.013,0.45,0.149,-0.07,-0.466,-0.272,-0.014,0.411,0.108,-0.203,0.225,0.071,-0.373,0.058,0.168,0.418,0.637,-0.401,0.328,-0.515,-0.441,0.039,0.206,0.031,0.173,0.411,0.54,-0.309,-0.011,-0.205,0.19,0.332,-0.37,0.111,-0.263,-0.612,0.28,-0.172,-0.545,-0.174,0.518,-0.561,-0.08,0.376,0.233,-0.146,-0.469,-0.186,-0.505,-0.369,-0.48,-0.042,0.337,-0.51,-0.134,0.376,-0.146,-0.193,0.074,-0.377,0.725,-0.221,-0.394,-0.528,0.338,0.119,0.278,0.243,-0.32,0.049,0.475,-0.407,-0.487,0.58,-0.02,-0.039,0.417,-0.193,0.091,-0.124,-0.326,0.295,-0.297,0.549,-0.019,-0.427,0.142,-0.27,-0.067,-0.008,-0.237,-0.387,-0.359,-0.197,-0.486,0.009,0.28,-0.267,-0.613,-0.156,-0.484,0.09,-0.557,-0.65,-0.519,-0.375,0.432,-0.625,-0.143,0.022,0.494,-0.108,-0.482,-0.394,0.423,-0.143,-0.21,-0.4,-0.211,-0.194
ADP,0.201,0.594,0.0,-0.557,-0.07,0.044,-0.438,0.813,-0.67,0.406,0.418,0.61,-0.321,-0.453,-0.773,-0.376,0.78,-0.784,0.373,-0.485,0.252,-0.246,0.107,-0.177,-0.688,-0.766,-0.403,-0.486,0.752,0.219,-0.581,0.086,-0.208,-0.855,-0.238,-0.115,0.738,0.251,0.692,-0.039,0.746,-0.565,0.539,0.458,0.88,0.64,-0.855,-0.742,0.784,-0.574,-0.572,-0.338,-0.517,-0.669,-0.239,0.832,0.216,-0.794,0.018,-0.798,-0.794,0.312,0.907,0.234,-0.749,0.795,0.82,-0.455,0.195,-0.478,-0.684,-0.287,0.116,-0.91,-0.446,0.836,0.863,-0.047,-0.291,-0.537,-0.333,0.194,-0.195,0.029,-0.686,-0.115,0.062,0.242,-0.141,-0.405,0.686,-0.3,-0.764,-0.261,0.465,0.324,0.901,-0.743,0.598,-0.717,-0.744,0.095,0.563,-0.429,0.126,0.631,0.81,-0.791,-0.203,0.083,0.028,0.175,-0.754,0.655,-0.506,-0.804,0.267,-0.51,-0.812,-0.404,0.866,-0.715,-0.024,0.854,0.556,-0.4,-0.826,-0.67,-0.828,-0.437,-0.863,-0.267,0.806,-0.664,-0.1,0.712,-0.583,-0.113,0.299,-0.786,0.772,-0.363,-0.634,-0.736,0.478,0.028,0.604,0.56,-0.205,0.003,0.537,-0.66,-0.418,0.574,-0.261,-0.253,0.34,-0.599,0.002,-0.038,-0.595,0.076,-0.635,0.722,-0.137,-0.806,0.259,-0.63,0.162,-0.281,-0.649,-0.488,-0.192,-0.608,-0.624,-0.306,0.229,-0.457,-0.261,-0.385,-0.761,-0.072,-0.57,-0.332,-0.877,-0.814,0.831,-0.729,0.174,0.126,0.763,-0.417,-0.842,-0.81,0.511,-0.275,-0.613,-0.739,-0.272,-0.374
AFYA,0.157,-0.254,-0.557,0.0,0.213,0.135,0.047,-0.649,0.317,0.029,-0.601,-0.359,0.096,0.209,0.43,-0.165,-0.531,0.277,0.195,0.203,-0.188,-0.175,-0.17,0.22,0.096,0.287,0.177,0.238,-0.45,-0.08,0.292,0.235,0.212,0.323,0.272,0.287,-0.124,0.181,-0.422,-0.123,-0.132,0.214,0.087,-0.021,-0.369,-0.231,0.402,0.383,-0.335,-0.107,0.149,0.047,0.344,0.218,0.122,-0.452,-0.267,0.442,0.191,0.282,0.26,0.156,-0.505,0.041,0.169,-0.172,-0.5,0.387,0.013,0.034,0.14,0.469,-0.21,0.39,0.414,-0.459,-0.429,0.205,-0.085,0.211,0.404,-0.109,0.217,-0.022,0.045,-0.486,0.336,0.206,0.201,-0.254,-0.651,0.026,0.463,0.157,-0.382,0.221,-0.581,0.392,0.006,0.322,0.405,-0.103,-0.217,0.118,0.272,-0.666,-0.244,0.374,-0.034,-0.401,0.168,0.249,0.403,-0.523,0.016,0.169,0.054,0.527,0.273,0.375,-0.317,0.059,-0.381,-0.521,-0.5,0.286,0.445,0.43,0.311,0.123,0.361,0.048,-0.523,0.112,0.321,-0.1,0.3,0.013,0.062,0.301,-0.324,0.03,0.026,0.22,0.05,0.436,-0.042,-0.103,-0.062,0.073,-0.451,0.257,-0.248,0.016,0.572,0.042,0.193,0.293,0.189,0.389,0.246,-0.116,0.533,-0.377,0.091,0.386,0.014,0.425,-0.002,0.036,0.389,-0.036,-0.016,0.296,0.078,0.321,0.13,0.276,-0.132,0.169,0.296,0.066,0.389,-0.005,0.369,0.336,-0.544,0.215,0.057,0.292,-0.16,0.213,0.439,0.291,-0.193,0.317,0.106,0.424,-0.106,0.425
AGNC,0.309,-0.291,-0.07,0.213,0.0,0.026,0.397,-0.214,-0.327,0.609,-0.281,-0.423,-0.076,-0.362,0.058,0.127,-0.132,-0.083,0.477,0.372,0.146,0.306,0.031,0.198,-0.059,0.01,0.132,0.265,0.071,-0.193,0.382,0.556,0.509,0.045,0.21,0.406,0.312,0.383,0.121,0.047,0.27,0.156,0.113,-0.273,0.179,0.445,0.221,0.173,0.137,-0.025,-0.135,0.011,-0.191,-0.177,0.52,0.282,0.235,-0.099,0.566,0.236,0.234,0.19,-0.004,0.246,0.097,0.227,0.052,0.583,-0.067,0.408,-0.264,0.079,0.601,0.086,0.143,-0.385,0.032,0.029,0.124,0.03,0.342,-0.32,-0.248,0.706,-0.016,-0.201,0.369,0.209,0.217,-0.325,0.085,-0.255,0.084,-0.102,0.436,0.333,-0.29,0.022,0.349,0.327,0.265,0.441,0.193,-0.055,0.516,-0.418,0.21,-0.143,0.016,0.407,0.175,0.296,0.152,0.372,-0.517,0.163,0.324,0.265,0.103,0.334,0.185,0.103,0.047,0.26,-0.394,0.344,0.084,-0.06,0.022,0.43,-0.01,0.068,-0.082,0.1,0.61,0.253,0.006,0.376,0.751,-0.17,-0.1,0.04,0.046,0.174,0.289,0.415,0.19,0.596,0.629,0.546,-0.204,0.414,0.105,0.251,0.338,0.337,0.259,-0.099,0.398,0.265,0.183,-0.716,0.206,-0.055,0.014,0.129,0.426,0.247,0.703,0.021,-0.014,-0.14,0.777,-0.105,-0.028,0.249,0.433,0.212,0.283,0.196,0.134,0.284,0.394,0.52,-0.039,-0.065,0.222,0.052,0.729,0.416,0.264,0.187,0.141,-0.012,0.121,0.584,-0.223,0.277,0.296,0.56
AGYS,0.889,0.284,0.044,0.135,0.026,0.0,-0.451,-0.429,0.349,0.377,-0.264,0.486,0.313,0.468,0.344,-0.381,-0.428,0.307,-0.255,-0.631,-0.556,-0.511,-0.425,0.898,0.1,0.345,0.765,0.669,-0.532,0.842,0.598,0.627,-0.295,-0.027,0.917,0.841,0.039,0.791,-0.517,0.437,0.214,0.644,0.667,0.613,0.036,0.235,0.283,0.523,-0.028,0.12,0.569,-0.319,0.661,0.34,0.65,-0.115,0.532,0.411,0.755,0.203,0.147,0.849,-0.08,0.751,0.259,0.258,0.244,0.593,0.931,-0.287,0.224,0.844,-0.619,-0.076,0.819,0.026,-0.235,0.959,0.448,0.639,0.799,-0.278,0.671,0.498,0.138,-0.527,0.603,0.801,0.329,0.065,-0.182,0.717,0.508,0.796,0.327,0.717,0.068,0.485,0.331,0.41,0.501,0.791,-0.142,0.041,0.684,-0.26,0.286,0.367,0.809,-0.458,0.867,0.88,0.481,-0.332,-0.202,-0.17,0.852,0.763,0.174,0.817,0.012,0.014,0.436,-0.186,-0.638,0.802,0.324,0.562,0.13,-0.039,0.157,0.819,-0.165,0.255,0.705,0.104,0.516,0.705,0.08,0.227,0.295,0.215,0.317,0.297,0.721,0.7,-0.286,0.144,0.025,0.509,0.603,0.423,-0.392,0.634,0.775,0.634,0.776,0.601,0.848,-0.082,0.613,0.164,0.582,0.539,0.875,0.432,0.739,0.667,0.035,0.742,0.652,-0.126,-0.012,0.598,0.107,0.891,0.847,0.706,-0.485,0.787,0.402,0.853,0.383,-0.054,0.144,0.311,-0.113,0.055,0.143,0.671,0.271,0.789,0.368,0.213,0.767,0.561,0.214,0.5,0.539,0.693
ALT,-0.406,-0.539,-0.438,0.047,0.397,-0.451,0.0,-0.187,0.118,-0.259,0.025,-0.666,-0.023,-0.26,0.307,0.605,-0.146,0.254,0.002,0.601,0.334,0.635,-0.044,-0.161,0.39,0.308,-0.036,0.12,-0.047,-0.559,0.252,-0.096,0.343,0.553,-0.191,-0.233,-0.287,-0.392,0.083,-0.026,-0.444,0.145,-0.544,-0.697,-0.374,-0.234,0.362,0.211,-0.316,0.388,0.074,0.456,-0.128,0.066,0.101,-0.148,-0.134,0.175,-0.121,0.446,0.535,-0.56,-0.393,-0.346,0.419,-0.447,-0.226,0.217,-0.583,0.663,0.228,-0.244,0.476,0.544,-0.091,-0.545,-0.301,-0.436,0.165,0.069,-0.129,-0.12,-0.254,0.086,0.434,0.374,-0.28,-0.469,0.033,0.168,0.002,-0.154,0.128,-0.266,-0.066,-0.416,-0.515,0.165,-0.389,0.332,0.235,-0.098,-0.02,0.309,-0.249,-0.197,-0.464,0.169,-0.167,0.597,-0.478,-0.416,0.236,0.106,0.194,0.577,-0.35,-0.002,0.464,-0.049,-0.389,0.495,0.139,-0.164,-0.156,0.007,0.313,0.0,0.387,0.593,0.386,-0.094,-0.374,0.309,-0.051,-0.356,0.15,-0.077,-0.01,0.278,-0.567,0.137,0.314,0.347,-0.446,-0.323,-0.199,-0.124,0.448,0.14,-0.513,0.354,0.614,-0.572,-0.206,0.152,-0.53,0.054,-0.205,-0.002,0.148,-0.256,0.116,-0.61,-0.341,0.273,-0.249,0.065,0.209,0.047,-0.023,0.411,0.477,-0.035,0.211,-0.148,-0.288,0.053,0.672,-0.012,0.326,-0.23,0.293,0.449,0.396,0.273,-0.213,0.416,0.052,-0.315,-0.46,0.009,0.303,0.392,-0.52,0.137,0.237,0.283,0.185,0.068
AMGN,-0.296,0.406,0.813,-0.649,-0.214,-0.429,-0.187,0.0,-0.662,0.057,0.63,0.407,-0.384,-0.518,-0.785,-0.059,0.902,-0.741,0.276,-0.136,0.525,0.126,0.19,-0.611,-0.507,-0.732,-0.673,-0.708,0.857,-0.194,-0.786,-0.364,-0.069,-0.664,-0.631,-0.569,0.51,-0.259,0.799,-0.197,0.424,-0.752,0.074,0.099,0.681,0.35,-0.857,-0.871,0.655,-0.46,-0.674,-0.038,-0.709,-0.626,-0.572,0.714,-0.046,-0.831,-0.42,-0.719,-0.7,-0.205,0.808,-0.203,-0.676,0.468,0.62,-0.746,-0.28,-0.257,-0.604,-0.685,0.311,-0.721,-0.792,0.729,0.814,-0.491,-0.36,-0.69,-0.703,0.306,-0.519,-0.27,-0.554,0.325,-0.334,-0.226,-0.272,-0.217,0.736,-0.519,-0.884,-0.528,0.266,-0.153,0.815,-0.808,0.212,-0.776,-0.874,-0.315,0.473,-0.268,-0.357,0.797,0.47,-0.786,-0.519,0.32,-0.439,-0.339,-0.872,0.683,-0.173,-0.561,-0.212,-0.84,-0.719,-0.767,0.664,-0.531,-0.109,0.814,0.881,-0.738,-0.823,-0.784,-0.697,-0.317,-0.751,-0.549,0.787,-0.59,-0.537,0.459,-0.689,-0.471,0.109,-0.674,0.49,-0.34,-0.611,-0.714,0.051,-0.436,0.521,0.31,-0.176,-0.267,0.304,-0.766,-0.038,0.11,-0.675,-0.486,-0.155,-0.739,-0.462,-0.147,-0.767,0.087,-0.808,0.407,-0.491,-0.863,-0.214,-0.846,0.123,-0.546,-0.838,-0.241,-0.185,-0.73,-0.425,-0.7,-0.271,-0.704,0.043,-0.679,-0.797,-0.504,-0.652,-0.302,-0.773,-0.786,0.714,-0.582,-0.059,-0.322,0.444,-0.701,-0.868,-0.731,0.089,-0.582,-0.5,-0.894,-0.441,-0.744
AMPH,0.01,-0.167,-0.67,0.317,-0.327,0.349,0.118,-0.662,0.0,-0.615,-0.163,-0.125,0.504,0.598,0.826,0.339,-0.775,0.86,-0.727,-0.085,-0.287,0.017,-0.346,0.451,0.758,0.847,0.672,0.617,-0.796,0.261,0.626,-0.071,-0.108,0.741,0.478,0.161,-0.803,-0.146,-0.784,0.293,-0.724,0.731,-0.247,-0.1,-0.843,-0.672,0.723,0.764,-0.723,0.65,0.867,0.294,0.838,0.824,0.206,-0.88,-0.12,0.87,-0.015,0.695,0.69,-0.069,-0.792,-0.068,0.757,-0.693,-0.458,0.346,0.236,0.099,0.878,0.538,-0.686,0.659,0.659,-0.473,-0.854,0.4,0.533,0.795,0.417,0.01,0.586,-0.182,0.758,0.073,-0.099,-0.043,0.138,0.69,-0.5,0.791,0.817,0.611,-0.277,-0.199,-0.52,0.829,-0.65,0.628,0.716,0.109,-0.612,0.611,-0.168,-0.353,-0.682,0.93,0.541,-0.221,0.155,0.04,0.782,-0.872,0.626,0.564,-0.049,0.595,0.772,0.486,-0.839,0.643,0.387,-0.866,-0.532,0.506,0.844,0.839,0.791,0.362,0.854,0.613,-0.773,0.68,0.027,-0.787,0.796,0.171,-0.635,0.906,-0.502,0.523,0.748,0.714,-0.215,-0.08,-0.804,-0.742,-0.05,-0.022,0.03,0.584,0.223,-0.369,0.273,0.511,-0.182,0.837,0.201,-0.393,0.713,0.415,0.685,-0.428,0.409,0.801,-0.073,0.655,-0.331,0.695,0.792,0.485,-0.22,0.815,0.583,0.515,-0.019,0.515,0.043,0.575,0.768,0.264,0.381,-0.052,0.853,0.878,-0.815,0.597,-0.574,-0.18,-0.726,0.641,0.77,0.863,-0.115,0.28,0.837,0.713,0.461,0.334
AMZN,0.695,0.112,0.406,0.029,0.609,0.377,-0.259,0.057,-0.615,0.0,-0.224,0.243,-0.235,-0.177,-0.364,-0.574,0.221,-0.476,0.602,-0.138,-0.244,-0.34,-0.008,0.329,-0.554,-0.415,0.019,0.052,0.211,0.287,0.051,0.697,0.053,-0.549,0.313,0.607,0.75,0.788,0.246,0.096,0.787,-0.078,0.652,0.428,0.703,0.816,-0.243,-0.144,0.551,-0.46,-0.35,-0.513,-0.228,-0.438,0.466,0.649,0.492,-0.361,0.729,-0.304,-0.346,0.705,0.522,0.68,-0.379,0.758,0.408,0.371,0.41,-0.167,-0.607,0.184,0.353,-0.454,0.109,0.247,0.47,0.336,-0.171,-0.205,0.351,-0.36,-0.052,0.717,-0.52,-0.536,0.694,0.644,0.26,-0.643,0.157,-0.249,-0.207,0.018,0.466,0.746,0.263,-0.271,0.849,-0.07,-0.077,0.553,0.463,-0.572,0.806,-0.119,0.758,-0.475,0.106,-0.122,0.542,0.664,-0.21,0.541,-0.799,-0.463,0.701,0.184,-0.434,0.317,0.688,-0.459,-0.088,0.546,-0.179,0.27,-0.374,-0.252,-0.498,-0.24,-0.541,0.052,0.437,-0.336,0.705,0.785,-0.292,0.508,0.812,-0.605,0.519,-0.337,-0.373,-0.275,0.697,0.748,0.516,0.859,0.218,0.515,0.233,-0.015,-0.445,0.773,0.481,0.065,0.764,-0.278,0.538,0.496,-0.078,-0.448,-0.051,0.628,0.301,-0.239,0.688,0.048,0.411,-0.087,-0.131,-0.529,0.438,-0.253,-0.366,0.29,0.71,0.152,-0.307,0.145,-0.243,0.475,0.168,0.229,-0.531,-0.459,0.573,-0.358,0.855,0.798,0.825,0.069,-0.253,-0.531,0.565,0.365,-0.613,-0.082,0.027,0.438
ANIP,-0.331,0.021,0.418,-0.601,-0.281,-0.264,0.025,0.63,-0.163,-0.224,0.0,0.384,-0.181,-0.117,-0.237,0.238,0.497,-0.139,-0.243,-0.013,0.323,0.222,0.064,-0.351,0.061,-0.142,-0.195,-0.246,0.408,0.01,-0.349,-0.403,-0.039,-0.123,-0.322,-0.409,-0.039,-0.379,0.315,0.149,-0.051,-0.175,-0.249,-0.018,0.194,0.022,-0.323,-0.317,0.284,0.065,-0.079,0.093,-0.224,-0.063,-0.23,0.195,-0.047,-0.27,-0.363,-0.146,-0.14,-0.343,0.414,-0.204,-0.057,-0.016,0.348,-0.448,-0.18,-0.046,-0.04,-0.454,0.096,-0.205,-0.391,0.366,0.264,-0.276,0.097,-0.191,-0.472,0.056,-0.193,-0.215,0.051,0.596,-0.402,-0.33,-0.269,0.301,0.563,-0.096,-0.372,-0.107,0.281,-0.333,0.453,-0.26,-0.182,-0.233,-0.331,-0.105,0.194,0.034,-0.489,0.688,-0.023,-0.235,-0.123,0.343,-0.404,-0.398,-0.33,0.325,0.215,-0.106,-0.237,-0.469,-0.14,-0.398,0.095,0.045,0.313,0.34,0.622,-0.384,-0.251,-0.256,-0.135,0.032,-0.193,-0.119,0.37,0.008,-0.448,-0.049,-0.212,-0.179,-0.181,-0.107,0.074,0.077,-0.007,-0.134,-0.062,-0.529,-0.045,-0.093,0.016,-0.139,0.423,-0.313,0.317,-0.246,-0.549,-0.124,-0.361,-0.185,-0.345,-0.332,-0.212,0.166,-0.414,0.207,-0.122,-0.326,-0.233,-0.392,0.029,-0.114,-0.329,0.171,-0.13,-0.221,0.145,-0.387,-0.319,-0.268,0.36,-0.174,-0.204,-0.255,-0.168,-0.051,-0.195,-0.214,0.227,-0.067,-0.255,-0.376,-0.055,-0.249,-0.327,-0.176,-0.034,-0.389,0.035,-0.427,0.005,-0.497
AOSL,0.427,0.547,0.61,-0.359,-0.423,0.486,-0.666,0.407,-0.125,0.243,0.384,0.0,-0.022,0.251,-0.317,-0.512,0.365,-0.256,-0.12,-0.629,-0.275,-0.536,-0.214,0.262,-0.308,-0.244,0.067,-0.078,0.131,0.658,-0.206,0.113,-0.41,-0.506,0.25,0.209,0.29,0.364,0.05,0.261,0.432,-0.052,0.536,0.785,0.478,0.341,-0.432,-0.224,0.443,-0.256,0.013,-0.451,0.119,-0.03,0.026,0.325,0.358,-0.186,0.163,-0.427,-0.461,0.53,0.572,0.427,-0.305,0.481,0.538,-0.205,0.598,-0.598,-0.184,0.173,-0.429,-0.552,0.059,0.687,0.391,0.45,0.011,-0.026,0.03,-0.017,0.316,0.006,-0.301,-0.129,0.236,0.425,0.013,-0.039,0.247,0.266,-0.242,0.373,0.296,0.378,0.697,-0.18,0.323,-0.305,-0.265,0.278,0.252,-0.294,0.171,0.515,0.494,-0.201,0.299,-0.397,0.359,0.371,-0.278,0.124,-0.138,-0.566,0.457,-0.027,-0.417,0.045,0.426,-0.424,0.237,0.324,0.275,0.003,-0.356,-0.061,-0.377,-0.511,-0.43,0.215,0.504,-0.231,0.036,0.373,-0.111,0.163,-0.061,-0.283,0.631,-0.215,-0.206,-0.302,0.525,0.212,0.101,0.174,-0.355,0.076,0.795,-0.325,-0.407,0.505,0.076,-0.016,0.475,0.009,0.227,-0.116,-0.097,0.455,-0.204,0.812,0.434,-0.294,0.309,-0.125,-0.177,0.145,-0.004,-0.223,-0.357,0.033,-0.149,0.147,0.351,0.013,-0.465,0.147,-0.253,0.317,-0.175,-0.368,-0.41,-0.271,0.35,-0.296,-0.052,0.295,0.487,0.06,-0.36,-0.375,0.592,-0.164,-0.148,-0.333,-0.039,-0.112
APDN,0.188,0.09,-0.321,0.096,-0.076,0.313,-0.023,-0.384,0.504,-0.235,-0.181,-0.022,0.0,0.293,0.421,0.182,-0.505,0.469,-0.376,-0.23,-0.136,-0.01,-0.025,0.39,0.411,0.465,0.469,0.409,-0.473,0.232,0.45,0.122,-0.124,0.333,0.388,0.218,-0.453,0.025,-0.455,0.112,-0.343,0.443,-0.008,-0.02,-0.453,-0.24,0.413,0.468,-0.394,0.437,0.521,0.125,0.514,0.439,0.247,-0.465,0.117,0.433,0.067,0.399,0.419,0.068,-0.417,0.025,0.416,-0.321,-0.133,0.288,0.312,0.013,0.476,0.42,-0.387,0.309,0.478,-0.27,-0.414,0.316,0.397,0.504,0.339,0.162,0.409,0.021,0.441,0.027,-0.016,0.074,0.093,0.423,-0.22,0.578,0.454,0.423,-0.076,0.024,-0.237,0.459,-0.332,0.382,0.452,0.22,-0.386,0.35,0.005,-0.146,-0.296,0.508,0.461,-0.114,0.22,0.135,0.466,-0.435,0.229,0.328,0.074,0.363,0.429,0.341,-0.411,0.348,0.283,-0.45,-0.366,0.37,0.457,0.494,0.43,0.171,0.465,0.421,-0.514,0.388,0.111,-0.401,0.525,0.212,-0.171,0.434,-0.21,0.321,0.481,0.442,-0.034,0.05,-0.447,-0.346,0.061,0.065,0.22,0.394,0.123,-0.073,0.208,0.41,0.023,0.466,0.252,-0.304,0.446,0.138,0.361,-0.114,0.279,0.452,0.12,0.469,-0.176,0.485,0.492,0.337,-0.048,0.55,0.348,0.413,0.132,0.29,-0.16,0.428,0.435,0.344,0.135,-0.034,0.414,0.491,-0.321,0.197,-0.263,-0.016,-0.321,0.469,0.397,0.525,0.062,0.291,0.436,0.505,0.37,0.274
APLT,0.205,-0.097,-0.453,0.209,-0.362,0.468,-0.26,-0.518,0.598,-0.177,-0.117,0.251,0.293,0.0,0.475,-0.173,-0.501,0.626,-0.511,-0.057,-0.69,-0.323,-0.333,0.492,0.47,0.61,0.507,0.443,-0.74,0.541,0.417,-0.006,-0.175,0.42,0.508,0.436,-0.541,0.157,-0.801,0.337,-0.409,0.584,-0.087,0.337,-0.486,-0.377,0.549,0.625,-0.432,0.382,0.669,-0.14,0.699,0.696,0.379,-0.578,0.232,0.768,0.163,0.43,0.427,0.231,-0.446,0.26,0.508,-0.437,-0.455,0.305,0.402,-0.03,0.594,0.464,-0.548,0.497,0.572,-0.229,-0.551,0.527,0.261,0.573,0.404,-0.328,0.609,0.035,0.46,0.018,0.137,0.164,0.229,0.44,-0.639,0.593,0.623,0.758,-0.282,0.091,-0.339,0.66,-0.31,0.463,0.566,0.167,-0.304,0.148,0.085,-0.114,-0.382,0.677,0.529,-0.589,0.393,0.187,0.602,-0.585,0.475,0.313,0.234,0.577,0.498,0.531,-0.534,0.362,0.269,-0.649,-0.41,0.454,0.549,0.724,0.539,-0.158,0.5,0.513,-0.358,0.509,0.166,-0.404,0.555,0.289,-0.368,0.558,-0.19,0.118,0.508,0.482,-0.063,0.211,-0.617,-0.418,-0.119,0.162,0.167,0.441,0.074,-0.117,0.385,0.211,0.165,0.721,0.183,0.066,0.58,0.362,0.511,0.068,0.661,0.634,0.003,0.579,-0.435,0.455,0.779,0.394,-0.126,0.677,0.6,0.492,0.062,0.583,-0.344,0.598,0.608,0.496,0.509,-0.027,0.557,0.677,-0.606,0.433,-0.151,0.22,-0.332,0.541,0.62,0.491,0.051,0.112,0.536,0.495,0.244,0.327
APVO,0.118,-0.453,-0.773,0.43,0.058,0.344,0.307,-0.785,0.826,-0.364,-0.237,-0.317,0.421,0.475,0.0,0.444,-0.822,0.912,-0.654,0.127,-0.234,0.214,-0.34,0.501,0.8,0.918,0.758,0.799,-0.858,0.094,0.815,0.067,0.004,0.85,0.59,0.316,-0.756,-0.03,-0.799,0.285,-0.708,0.839,-0.282,-0.318,-0.817,-0.53,0.883,0.89,-0.795,0.724,0.862,0.297,0.776,0.794,0.454,-0.821,0.029,0.859,0.228,0.895,0.859,-0.065,-0.868,-0.028,0.898,-0.681,-0.449,0.609,0.174,0.395,0.837,0.521,-0.415,0.777,0.715,-0.754,-0.92,0.39,0.677,0.844,0.561,-0.233,0.385,0.139,0.848,0.081,0.041,0.014,0.155,0.57,-0.459,0.654,0.895,0.563,-0.082,-0.162,-0.697,0.924,-0.532,0.882,0.87,0.312,-0.645,0.582,-0.017,-0.566,-0.706,0.891,0.569,-0.019,0.182,0.12,0.883,-0.687,0.474,0.718,0.06,0.705,0.912,0.645,-0.84,0.813,0.459,-0.806,-0.697,0.67,0.957,0.813,0.892,0.599,0.922,0.689,-0.838,0.829,0.298,-0.751,0.834,0.357,-0.412,0.898,-0.694,0.591,0.838,0.871,-0.067,0.047,-0.812,-0.516,0.3,0.178,-0.107,0.776,0.398,-0.359,0.381,0.663,-0.146,0.842,0.311,-0.326,0.858,0.094,0.843,-0.484,0.476,0.907,0.039,0.795,-0.022,0.693,0.805,0.533,0.173,0.795,0.68,0.619,0.113,0.683,0.295,0.684,0.903,0.333,0.637,0.308,0.912,0.906,-0.788,0.767,-0.293,-0.021,-0.689,0.734,0.913,0.888,-0.068,0.44,0.814,0.868,0.651,0.544
ARGX,-0.51,-0.33,-0.376,-0.165,0.127,-0.381,0.605,-0.059,0.339,-0.574,0.238,-0.512,0.182,-0.173,0.444,0.0,-0.245,0.477,-0.486,0.377,0.497,0.866,-0.027,-0.2,0.692,0.502,0.155,0.281,-0.143,-0.436,0.292,-0.439,0.172,0.622,-0.168,-0.387,-0.628,-0.601,-0.116,-0.035,-0.71,0.245,-0.661,-0.818,-0.579,-0.463,0.417,0.286,-0.538,0.716,0.336,0.707,0.035,0.345,-0.051,-0.399,-0.154,0.211,-0.332,0.587,0.623,-0.693,-0.495,-0.587,0.569,-0.655,-0.2,0.042,-0.457,0.585,0.509,-0.257,0.16,0.497,-0.103,-0.581,-0.424,-0.4,0.518,0.321,-0.17,0.159,-0.284,-0.082,0.687,0.692,-0.589,-0.546,-0.153,0.631,0.188,0.093,0.224,-0.104,0.152,-0.652,-0.33,0.287,-0.691,0.395,0.268,-0.069,-0.484,0.676,-0.569,-0.008,-0.67,0.339,0.013,0.739,-0.515,-0.516,0.289,-0.091,0.437,0.698,-0.485,-0.114,0.581,-0.122,-0.557,0.746,0.372,-0.233,-0.009,-0.008,0.452,0.161,0.599,0.771,0.569,0.123,-0.514,0.554,-0.325,-0.724,0.356,-0.166,-0.334,0.525,-0.673,0.523,0.598,0.487,-0.466,-0.66,-0.532,-0.405,0.489,-0.107,-0.208,0.391,0.811,-0.668,-0.462,0.405,-0.719,0.217,-0.3,-0.598,0.282,-0.12,0.185,-0.621,-0.297,0.34,-0.412,0.104,0.254,0.206,0.05,0.532,0.315,0.169,0.477,-0.116,-0.397,-0.027,0.741,0.041,0.389,-0.262,0.014,0.324,0.531,0.43,-0.278,0.444,-0.431,-0.682,-0.704,0.113,0.364,0.565,-0.369,0.027,0.612,0.277,0.457,-0.132
ARLP,-0.238,0.332,0.78,-0.531,-0.132,-0.428,-0.146,0.902,-0.775,0.221,0.497,0.365,-0.505,-0.501,-0.822,-0.245,0.0,-0.834,0.43,-0.045,0.38,-0.02,0.182,-0.587,-0.652,-0.812,-0.77,-0.781,0.846,-0.224,-0.83,-0.292,-0.09,-0.686,-0.636,-0.497,0.618,-0.163,0.793,-0.287,0.522,-0.808,0.131,0.181,0.759,0.411,-0.891,-0.894,0.636,-0.593,-0.772,-0.21,-0.779,-0.726,-0.481,0.784,0.059,-0.832,-0.361,-0.805,-0.739,-0.122,0.825,-0.124,-0.743,0.535,0.556,-0.721,-0.293,-0.193,-0.696,-0.696,0.397,-0.685,-0.789,0.719,0.858,-0.507,-0.514,-0.78,-0.702,0.086,-0.453,-0.185,-0.66,0.201,-0.197,-0.192,-0.262,-0.387,0.567,-0.621,-0.939,-0.558,0.168,-0.071,0.749,-0.831,0.351,-0.792,-0.908,-0.311,0.603,-0.448,-0.218,0.724,0.533,-0.863,-0.619,0.184,-0.42,-0.282,-0.887,0.765,-0.257,-0.62,-0.127,-0.786,-0.762,-0.73,0.736,-0.64,-0.176,0.802,0.791,-0.755,-0.856,-0.85,-0.771,-0.422,-0.817,-0.651,0.828,-0.701,-0.43,0.594,-0.745,-0.465,0.199,-0.789,0.507,-0.574,-0.727,-0.792,0.08,-0.311,0.638,0.472,-0.156,-0.232,0.165,-0.821,-0.133,0.153,-0.564,-0.617,-0.053,-0.769,-0.47,0.141,-0.812,0.065,-0.807,0.434,-0.477,-0.885,-0.173,-0.878,0.057,-0.637,-0.848,-0.25,-0.131,-0.821,-0.538,-0.706,-0.228,-0.668,-0.007,-0.702,-0.828,-0.476,-0.568,-0.213,-0.815,-0.834,0.729,-0.586,0.135,-0.157,0.56,-0.759,-0.886,-0.849,0.03,-0.571,-0.635,-0.893,-0.543,-0.686
ATEX,0.013,-0.427,-0.784,0.277,-0.083,0.307,0.254,-0.741,0.86,-0.476,-0.139,-0.256,0.469,0.626,0.912,0.477,-0.834,0.0,-0.763,0.127,-0.301,0.244,-0.257,0.439,0.895,0.955,0.758,0.78,-0.873,0.163,0.786,-0.08,-0.015,0.872,0.535,0.282,-0.884,-0.112,-0.846,0.353,-0.805,0.856,-0.409,-0.302,-0.884,-0.595,0.927,0.918,-0.798,0.818,0.918,0.357,0.787,0.88,0.433,-0.869,0.054,0.907,0.129,0.921,0.889,-0.152,-0.868,-0.085,0.948,-0.789,-0.533,0.534,0.15,0.412,0.918,0.474,-0.417,0.829,0.658,-0.735,-0.938,0.362,0.721,0.859,0.479,-0.189,0.402,0.08,0.918,0.242,-0.108,-0.062,0.112,0.719,-0.461,0.686,0.914,0.626,-0.125,-0.247,-0.687,0.937,-0.636,0.87,0.878,0.242,-0.707,0.594,-0.132,-0.442,-0.785,0.94,0.619,-0.016,0.182,0.006,0.908,-0.714,0.594,0.793,-0.027,0.654,0.929,0.606,-0.919,0.886,0.463,-0.834,-0.612,0.631,0.945,0.868,0.952,0.533,0.952,0.701,-0.821,0.924,0.179,-0.845,0.855,0.344,-0.478,0.959,-0.693,0.678,0.92,0.912,-0.222,-0.058,-0.906,-0.641,0.305,0.147,-0.072,0.788,0.511,-0.461,0.28,0.622,-0.232,0.892,0.218,-0.352,0.88,0.123,0.791,-0.453,0.488,0.938,-0.078,0.803,-0.095,0.687,0.854,0.597,0.15,0.851,0.824,0.567,-0.022,0.696,0.269,0.709,0.931,0.359,0.597,0.295,0.948,0.962,-0.837,0.786,-0.36,-0.108,-0.791,0.75,0.938,0.946,-0.133,0.339,0.879,0.844,0.663,0.446
ATRA,0.097,0.194,0.373,0.195,0.477,-0.255,0.002,0.276,-0.727,0.602,-0.243,-0.12,-0.376,-0.511,-0.654,-0.486,0.43,-0.763,0.0,0.138,0.184,-0.193,0.221,-0.241,-0.748,-0.711,-0.576,-0.525,0.591,-0.247,-0.446,0.358,0.345,-0.603,-0.327,0.031,0.809,0.299,0.604,-0.33,0.714,-0.614,0.378,0.162,0.646,0.537,-0.524,-0.566,0.636,-0.774,-0.806,-0.252,-0.631,-0.735,-0.138,0.672,-0.086,-0.603,0.142,-0.597,-0.566,0.224,0.526,0.182,-0.715,0.647,0.169,-0.08,-0.206,-0.181,-0.841,-0.181,0.531,-0.483,-0.353,0.307,0.636,-0.253,-0.699,-0.683,-0.143,0.056,-0.321,0.158,-0.794,-0.474,0.292,0.195,0.162,-0.858,0.09,-0.705,-0.559,-0.526,0.006,0.435,0.185,-0.665,0.66,-0.532,-0.488,-0.175,0.65,-0.495,0.417,-0.028,0.64,-0.688,-0.567,-0.03,-0.015,0.151,-0.541,0.528,-0.666,-0.534,0.113,-0.255,-0.662,-0.273,0.701,-0.711,-0.644,0.578,0.191,-0.317,-0.628,-0.57,-0.688,-0.324,-0.682,-0.616,0.473,-0.735,0.168,0.776,-0.633,-0.183,0.758,-0.764,0.47,-0.561,-0.786,-0.653,0.172,0.384,0.85,0.68,-0.093,0.147,-0.27,-0.405,-0.484,0.455,0.108,-0.485,0.356,-0.691,-0.013,0.648,-0.617,-0.429,-0.443,0.192,-0.416,-0.586,0.158,-0.418,0.268,-0.614,-0.564,-0.583,0.151,-0.643,-0.681,-0.305,0.15,-0.403,-0.26,-0.49,-0.63,-0.164,-0.198,-0.123,-0.673,-0.692,0.55,-0.58,0.635,0.342,0.683,-0.503,-0.559,-0.665,-0.04,0.035,-0.821,-0.463,-0.589,-0.009
AUTL,-0.568,-0.664,-0.485,0.203,0.372,-0.631,0.601,-0.136,-0.085,-0.138,-0.013,-0.629,-0.23,-0.057,0.127,0.377,-0.045,0.127,0.138,0.0,0.176,0.474,0.142,-0.4,0.256,0.187,-0.263,-0.162,0.038,-0.607,0.003,-0.251,0.604,0.472,-0.392,-0.283,-0.246,-0.455,-0.026,-0.137,-0.373,-0.043,-0.725,-0.587,-0.312,-0.321,0.291,0.087,-0.185,0.135,-0.127,0.197,-0.23,0.076,-0.015,-0.163,-0.251,0.137,-0.258,0.313,0.386,-0.58,-0.298,-0.402,0.231,-0.465,-0.585,0.011,-0.729,0.589,0.078,-0.46,0.612,0.553,-0.263,-0.506,-0.219,-0.547,-0.154,-0.16,-0.269,-0.321,-0.389,-0.037,0.229,0.416,-0.208,-0.603,-0.037,0.097,-0.25,-0.42,0.031,-0.276,-0.244,-0.475,-0.558,0.059,-0.375,0.206,0.13,-0.359,0.05,0.074,-0.273,-0.158,-0.481,0.075,-0.435,0.298,-0.496,-0.552,0.112,0.085,0.274,0.511,-0.479,-0.117,0.351,-0.172,-0.345,0.342,-0.135,-0.158,0.046,-0.215,0.207,-0.026,0.315,0.303,0.279,-0.373,-0.188,0.248,-0.16,-0.289,-0.087,-0.255,0.09,0.138,-0.576,-0.051,0.116,0.242,-0.562,-0.302,-0.074,-0.097,0.314,-0.049,-0.659,0.199,0.529,-0.609,-0.231,-0.248,-0.509,-0.083,-0.43,0.293,-0.014,-0.444,-0.017,-0.607,-0.381,0.155,-0.441,-0.05,0.12,-0.381,-0.061,0.374,0.384,-0.151,0.351,-0.349,-0.513,-0.057,0.499,-0.208,0.194,-0.349,0.342,0.484,0.319,0.165,-0.28,0.333,0.237,-0.244,-0.401,-0.237,0.216,0.189,-0.669,-0.025,0.056,0.072,-0.124,-0.043
AVDL,-0.447,0.097,0.252,-0.188,0.146,-0.556,0.334,0.525,-0.287,-0.244,0.323,-0.275,-0.136,-0.69,-0.234,0.497,0.38,-0.301,0.184,0.176,0.0,0.644,0.069,-0.569,-0.024,-0.265,-0.409,-0.329,0.554,-0.606,-0.359,-0.364,0.278,-0.102,-0.526,-0.571,0.128,-0.446,0.561,-0.392,-0.044,-0.458,-0.197,-0.565,0.131,-0.058,-0.357,-0.452,0.143,-0.145,-0.407,0.546,-0.496,-0.448,-0.504,0.253,-0.259,-0.499,-0.414,-0.17,-0.121,-0.52,0.148,-0.501,-0.229,0.022,0.291,-0.38,-0.594,0.209,-0.239,-0.487,0.36,-0.238,-0.544,0.02,0.272,-0.621,-0.042,-0.323,-0.504,0.372,-0.631,-0.239,-0.101,0.344,-0.489,-0.363,-0.169,-0.07,0.535,-0.475,-0.448,-0.554,0.23,-0.311,0.214,-0.415,-0.105,-0.316,-0.457,-0.345,0.044,0.314,-0.434,0.283,-0.041,-0.395,-0.56,0.7,-0.626,-0.42,-0.425,0.352,0.04,-0.055,-0.45,-0.551,-0.181,-0.555,0.168,-0.034,-0.137,0.428,0.475,-0.489,-0.274,-0.426,-0.162,0.445,-0.162,-0.42,0.078,-0.178,-0.473,0.009,-0.247,-0.568,0.063,-0.153,-0.112,0.161,-0.265,-0.283,-0.15,-0.547,0.213,0.109,0.195,-0.125,-0.154,-0.325,0.304,-0.228,-0.503,-0.117,-0.45,-0.451,-0.442,-0.281,-0.409,-0.256,-0.318,-0.261,-0.66,-0.44,-0.372,-0.464,0.476,-0.348,-0.603,0.029,0.078,-0.482,-0.178,-0.525,-0.345,-0.464,0.485,-0.528,-0.395,-0.651,-0.398,-0.104,-0.258,-0.353,0.253,-0.29,-0.217,-0.559,-0.063,-0.443,-0.357,-0.169,-0.25,-0.241,-0.096,-0.43,-0.155,-0.495
BCRX,-0.483,-0.318,-0.246,-0.175,0.306,-0.511,0.635,0.126,0.017,-0.34,0.222,-0.536,-0.01,-0.323,0.214,0.866,-0.02,0.244,-0.193,0.474,0.644,0.0,0.009,-0.362,0.507,0.261,-0.058,0.133,0.051,-0.633,0.137,-0.442,0.3,0.441,-0.288,-0.384,-0.373,-0.528,0.132,-0.177,-0.503,0.018,-0.58,-0.857,-0.318,-0.219,0.253,0.077,-0.326,0.488,0.038,0.71,-0.271,0.086,-0.095,-0.118,-0.058,-0.032,-0.26,0.444,0.461,-0.683,-0.291,-0.579,0.376,-0.446,-0.075,0.023,-0.606,0.661,0.197,-0.403,0.443,0.337,-0.301,-0.494,-0.178,-0.543,0.395,0.094,-0.285,0.145,-0.601,0.069,0.445,0.67,-0.541,-0.482,-0.139,0.347,0.316,-0.243,0.026,-0.318,0.24,-0.554,-0.233,0.091,-0.464,0.263,0.083,-0.142,-0.33,0.534,-0.498,0.032,-0.497,0.074,-0.194,0.861,-0.541,-0.512,0.069,0.217,0.252,0.583,-0.46,-0.257,0.362,-0.231,-0.313,0.584,0.186,0.064,0.127,-0.126,0.216,-0.059,0.398,0.722,0.328,-0.064,-0.286,0.395,-0.284,-0.453,0.141,-0.215,-0.044,0.287,-0.586,0.418,0.35,0.285,-0.381,-0.585,-0.294,-0.112,0.635,0.006,-0.284,0.253,0.834,-0.557,-0.485,0.242,-0.647,-0.042,-0.37,-0.423,0.096,-0.337,0.043,-0.486,-0.424,0.147,-0.424,-0.032,0.521,-0.036,-0.186,0.383,0.558,-0.08,0.38,-0.262,-0.388,-0.108,0.76,-0.136,0.177,-0.366,-0.004,0.377,0.281,0.178,-0.073,0.319,-0.183,-0.586,-0.476,-0.057,0.193,0.317,-0.363,-0.082,0.351,0.085,0.306,-0.211
BHAT,-0.346,-0.136,0.107,-0.17,0.031,-0.425,-0.044,0.19,-0.346,-0.008,0.064,-0.214,-0.025,-0.333,-0.34,-0.027,0.182,-0.257,0.221,0.142,0.069,0.009,0.0,-0.457,-0.307,-0.395,-0.374,-0.426,0.364,-0.342,-0.349,-0.115,0.183,-0.177,-0.451,-0.311,0.11,-0.285,0.302,-0.044,0.151,-0.323,-0.276,-0.159,0.154,0.073,-0.172,-0.307,0.206,-0.157,-0.375,-0.157,-0.366,-0.194,-0.247,0.143,-0.409,-0.379,-0.248,-0.196,-0.271,-0.284,0.216,-0.338,-0.246,0.088,-0.149,-0.302,-0.25,-0.037,-0.271,-0.373,0.37,-0.142,-0.401,0.103,0.206,-0.366,-0.34,-0.444,-0.299,0.34,-0.301,-0.23,-0.247,0.075,-0.212,-0.352,-0.408,-0.145,0.235,-0.387,-0.253,-0.501,-0.096,-0.3,-0.029,-0.361,0.06,-0.265,-0.257,-0.325,0.089,-0.36,-0.203,0.023,0.068,-0.264,-0.253,0.14,-0.207,-0.384,-0.283,0.203,-0.173,0.018,-0.414,-0.429,-0.286,-0.407,0.127,-0.138,-0.361,0.203,0.323,-0.351,-0.314,-0.399,-0.246,-0.253,-0.251,-0.414,0.262,-0.218,-0.187,0.077,-0.505,-0.112,0.196,-0.307,0.034,-0.068,-0.242,-0.189,-0.321,-0.154,0.344,-0.073,-0.118,-0.384,-0.241,-0.245,-0.008,-0.115,-0.321,-0.398,-0.265,-0.448,-0.225,0.029,-0.344,-0.271,-0.449,-0.123,-0.342,-0.308,-0.114,-0.303,-0.07,-0.5,-0.339,-0.25,-0.07,-0.324,-0.205,-0.44,-0.35,-0.428,0.078,-0.368,-0.353,-0.275,-0.273,-0.001,-0.233,-0.318,0.199,-0.122,0.129,-0.191,0.016,-0.4,-0.33,-0.209,-0.235,-0.196,-0.404,-0.277,-0.265,-0.243
BLBD,0.809,0.122,-0.177,0.22,0.198,0.898,-0.161,-0.611,0.451,0.329,-0.351,0.262,0.39,0.492,0.501,-0.2,-0.587,0.439,-0.241,-0.4,-0.569,-0.362,-0.457,0.0,0.259,0.525,0.818,0.782,-0.655,0.723,0.76,0.674,-0.202,0.196,0.923,0.876,-0.101,0.725,-0.608,0.408,0.04,0.763,0.519,0.424,-0.155,0.136,0.487,0.692,-0.197,0.316,0.647,-0.217,0.688,0.435,0.77,-0.226,0.56,0.576,0.773,0.398,0.395,0.737,-0.279,0.736,0.427,0.074,0.06,0.781,0.804,-0.124,0.338,0.865,-0.496,0.168,0.898,-0.201,-0.399,0.87,0.473,0.728,0.827,-0.309,0.69,0.601,0.314,-0.457,0.566,0.719,0.42,0.148,-0.34,0.72,0.638,0.79,0.286,0.641,-0.191,0.594,0.195,0.565,0.677,0.811,-0.167,0.142,0.693,-0.362,0.106,0.509,0.817,-0.345,0.781,0.811,0.645,-0.338,-0.16,0.067,0.781,0.863,0.38,0.891,-0.154,0.197,0.471,-0.336,-0.785,0.874,0.491,0.664,0.311,0.133,0.334,0.827,-0.386,0.371,0.76,-0.042,0.634,0.739,0.099,0.343,0.096,0.201,0.481,0.452,0.54,0.682,-0.392,0.094,0.167,0.628,0.425,0.652,-0.22,0.469,0.783,0.731,0.663,0.689,0.817,-0.037,0.733,0.068,0.661,0.318,0.819,0.616,0.692,0.775,0.018,0.814,0.747,0.022,0.18,0.662,0.209,0.935,0.806,0.757,-0.367,0.866,0.597,0.902,0.512,0.091,0.361,0.496,-0.195,0.205,0.209,0.621,0.108,0.85,0.554,0.401,0.577,0.685,0.351,0.692,0.637,0.82
BMRN,-0.171,-0.416,-0.688,0.096,-0.059,0.1,0.39,-0.507,0.758,-0.554,0.061,-0.308,0.411,0.47,0.8,0.692,-0.652,0.895,-0.748,0.256,-0.024,0.507,-0.307,0.259,0.0,0.903,0.618,0.666,-0.681,-0.017,0.661,-0.239,0.097,0.866,0.337,0.072,-0.882,-0.311,-0.671,0.2,-0.854,0.727,-0.541,-0.474,-0.835,-0.631,0.808,0.763,-0.728,0.864,0.817,0.529,0.596,0.778,0.323,-0.768,0.047,0.767,-0.033,0.883,0.897,-0.359,-0.776,-0.242,0.896,-0.81,-0.44,0.402,-0.054,0.47,0.85,0.25,-0.25,0.788,0.451,-0.697,-0.796,0.111,0.739,0.747,0.23,-0.16,0.192,0.061,0.922,0.496,-0.283,-0.245,0.101,0.814,-0.262,0.553,0.726,0.473,-0.016,-0.386,-0.554,0.796,-0.733,0.762,0.73,0.168,-0.652,0.717,-0.322,-0.224,-0.831,0.819,0.463,0.234,-0.061,-0.192,0.748,-0.519,0.636,0.81,-0.187,0.431,0.899,0.409,-0.871,0.904,0.524,-0.665,-0.406,0.444,0.85,0.738,0.921,0.681,0.896,0.56,-0.761,0.901,-0.021,-0.875,0.769,0.178,-0.463,0.902,-0.734,0.677,0.881,0.824,-0.322,-0.302,-0.88,-0.609,0.429,0.121,-0.032,0.723,0.726,-0.598,0.035,0.575,-0.429,0.749,0.02,-0.467,0.756,0.057,0.626,-0.485,0.278,0.808,-0.202,0.628,0.042,0.596,0.65,0.697,0.244,0.7,0.839,0.363,-0.175,0.534,0.447,0.55,0.83,0.188,0.488,0.367,0.879,0.854,-0.719,0.716,-0.401,-0.344,-0.833,0.601,0.818,0.895,-0.232,0.254,0.874,0.68,0.655,0.235
BNGO,0.068,-0.392,-0.766,0.287,0.01,0.345,0.308,-0.732,0.847,-0.415,-0.142,-0.244,0.465,0.61,0.918,0.502,-0.812,0.955,-0.711,0.187,-0.265,0.261,-0.395,0.525,0.903,0.0,0.77,0.798,-0.863,0.199,0.82,0.003,0.059,0.884,0.58,0.33,-0.834,-0.061,-0.852,0.326,-0.779,0.878,-0.364,-0.282,-0.856,-0.587,0.908,0.924,-0.764,0.813,0.917,0.361,0.777,0.859,0.493,-0.822,0.134,0.922,0.181,0.917,0.928,-0.096,-0.856,0.0,0.945,-0.765,-0.499,0.584,0.159,0.421,0.884,0.492,-0.411,0.828,0.701,-0.751,-0.916,0.387,0.705,0.89,0.51,-0.278,0.43,0.159,0.921,0.236,-0.047,-0.03,0.191,0.717,-0.497,0.698,0.883,0.685,-0.068,-0.164,-0.674,0.928,-0.627,0.874,0.887,0.319,-0.622,0.656,-0.058,-0.409,-0.748,0.927,0.6,-0.002,0.169,0.069,0.912,-0.68,0.584,0.76,0.062,0.701,0.957,0.647,-0.881,0.86,0.544,-0.798,-0.655,0.662,0.956,0.882,0.941,0.593,0.948,0.715,-0.834,0.901,0.217,-0.812,0.887,0.327,-0.417,0.94,-0.666,0.584,0.92,0.899,-0.165,-0.026,-0.906,-0.554,0.341,0.259,-0.028,0.841,0.504,-0.417,0.328,0.678,-0.169,0.908,0.254,-0.33,0.89,0.082,0.807,-0.427,0.498,0.944,-0.028,0.812,-0.05,0.728,0.857,0.655,0.197,0.839,0.815,0.617,0.062,0.718,0.248,0.738,0.954,0.404,0.651,0.298,0.949,0.967,-0.797,0.736,-0.301,-0.069,-0.738,0.773,0.942,0.943,-0.098,0.429,0.899,0.855,0.686,0.511
BUSE,0.574,-0.157,-0.403,0.177,0.132,0.765,-0.036,-0.673,0.672,0.019,-0.195,0.067,0.469,0.507,0.758,0.155,-0.77,0.758,-0.576,-0.263,-0.409,-0.058,-0.374,0.818,0.618,0.77,0.0,0.923,-0.768,0.545,0.9,0.436,-0.104,0.495,0.887,0.695,-0.45,0.433,-0.735,0.502,-0.305,0.942,0.161,0.087,-0.458,-0.136,0.741,0.869,-0.421,0.598,0.879,0.047,0.833,0.687,0.71,-0.524,0.363,0.724,0.613,0.725,0.657,0.42,-0.528,0.437,0.741,-0.257,-0.088,0.765,0.637,0.105,0.644,0.767,-0.492,0.419,0.893,-0.457,-0.675,0.772,0.771,0.902,0.798,-0.292,0.561,0.467,0.653,-0.147,0.329,0.444,0.289,0.478,-0.238,0.82,0.853,0.788,0.289,0.295,-0.359,0.826,-0.147,0.813,0.864,0.739,-0.491,0.392,0.369,-0.455,-0.252,0.742,0.892,-0.118,0.654,0.553,0.833,-0.531,0.126,0.401,0.516,0.844,0.674,0.883,-0.496,0.583,0.609,-0.514,-0.75,0.912,0.759,0.816,0.638,0.432,0.658,0.952,-0.595,0.741,0.623,-0.424,0.793,0.73,-0.121,0.677,-0.271,0.624,0.776,0.776,0.353,0.396,-0.675,-0.218,0.31,0.462,0.363,0.795,0.123,0.13,0.63,0.858,0.314,0.845,0.731,-0.338,0.931,0.037,0.818,0.028,0.801,0.813,0.514,0.901,0.123,0.901,0.857,0.23,0.208,0.862,0.555,0.897,0.57,0.849,-0.005,0.926,0.804,0.754,0.617,0.26,0.63,0.722,-0.477,0.505,-0.039,0.341,-0.28,0.955,0.772,0.7,0.426,0.66,0.622,0.842,0.847,0.75
CAKE,0.532,-0.221,-0.486,0.238,0.265,0.669,0.12,-0.708,0.617,0.052,-0.246,-0.078,0.409,0.443,0.799,0.281,-0.781,0.78,-0.525,-0.162,-0.329,0.133,-0.426,0.782,0.666,0.798,0.923,0.0,-0.803,0.405,0.936,0.372,-0.105,0.557,0.852,0.683,-0.47,0.406,-0.705,0.399,-0.375,0.911,0.109,-0.087,-0.502,-0.114,0.796,0.893,-0.532,0.669,0.833,0.196,0.732,0.64,0.733,-0.516,0.418,0.715,0.627,0.799,0.746,0.321,-0.606,0.364,0.79,-0.322,-0.116,0.841,0.515,0.272,0.631,0.726,-0.364,0.493,0.837,-0.605,-0.699,0.662,0.809,0.903,0.773,-0.278,0.411,0.563,0.699,-0.093,0.283,0.445,0.318,0.423,-0.249,0.692,0.851,0.699,0.312,0.262,-0.456,0.834,-0.146,0.877,0.883,0.727,-0.556,0.447,0.363,-0.512,-0.326,0.714,0.817,0.04,0.545,0.524,0.838,-0.438,0.102,0.496,0.47,0.823,0.721,0.872,-0.518,0.676,0.549,-0.502,-0.794,0.91,0.788,0.793,0.691,0.575,0.689,0.91,-0.663,0.768,0.62,-0.437,0.832,0.698,-0.069,0.691,-0.372,0.627,0.797,0.779,0.314,0.366,-0.699,-0.14,0.488,0.519,0.217,0.854,0.255,0.068,0.59,0.902,0.246,0.82,0.651,-0.292,0.933,-0.092,0.851,-0.047,0.712,0.849,0.412,0.904,0.248,0.853,0.805,0.276,0.408,0.788,0.573,0.879,0.543,0.84,0.127,0.898,0.843,0.703,0.621,0.361,0.672,0.743,-0.463,0.545,-0.013,0.297,-0.325,0.936,0.835,0.722,0.342,0.627,0.661,0.864,0.867,0.746
CASY,-0.304,0.274,0.752,-0.45,0.071,-0.532,-0.047,0.857,-0.796,0.211,0.408,0.131,-0.473,-0.74,-0.858,-0.143,0.846,-0.873,0.591,0.038,0.554,0.051,0.364,-0.655,-0.681,-0.863,-0.768,-0.803,0.0,-0.334,-0.787,-0.122,0.18,-0.709,-0.713,-0.522,0.69,-0.178,0.918,-0.288,0.595,-0.825,0.086,0.031,0.745,0.426,-0.853,-0.909,0.766,-0.65,-0.857,-0.137,-0.83,-0.801,-0.515,0.794,-0.226,-0.917,-0.327,-0.774,-0.745,-0.179,0.811,-0.182,-0.795,0.585,0.5,-0.641,-0.39,-0.23,-0.788,-0.677,0.541,-0.705,-0.801,0.638,0.861,-0.571,-0.565,-0.849,-0.661,0.246,-0.552,-0.204,-0.711,0.074,-0.165,-0.249,-0.234,-0.474,0.668,-0.695,-0.915,-0.717,0.188,-0.056,0.644,-0.922,0.388,-0.81,-0.869,-0.353,0.64,-0.401,-0.161,0.534,0.57,-0.887,-0.672,0.332,-0.427,-0.308,-0.872,0.719,-0.418,-0.597,-0.231,-0.8,-0.786,-0.751,0.745,-0.662,-0.344,0.842,0.761,-0.732,-0.868,-0.884,-0.797,-0.287,-0.812,-0.729,0.754,-0.732,-0.383,0.596,-0.841,-0.448,0.353,-0.813,0.495,-0.421,-0.764,-0.773,0.018,-0.269,0.774,0.451,-0.17,-0.228,0.03,-0.749,-0.207,0.169,-0.55,-0.586,-0.098,-0.891,-0.385,0.126,-0.847,-0.189,-0.843,0.236,-0.646,-0.917,-0.099,-0.859,0.204,-0.693,-0.914,-0.424,-0.129,-0.855,-0.642,-0.735,-0.231,-0.749,0.079,-0.766,-0.875,-0.533,-0.608,-0.171,-0.841,-0.904,0.753,-0.65,0.209,-0.18,0.525,-0.787,-0.908,-0.789,-0.035,-0.386,-0.746,-0.867,-0.558,-0.595
CCOI,0.69,0.382,0.219,-0.08,-0.193,0.842,-0.559,-0.194,0.261,0.287,0.01,0.658,0.232,0.541,0.094,-0.436,-0.224,0.163,-0.247,-0.607,-0.606,-0.633,-0.342,0.723,-0.017,0.199,0.545,0.405,-0.334,0.0,0.333,0.46,-0.339,-0.185,0.677,0.654,0.061,0.654,-0.405,0.507,0.247,0.455,0.556,0.743,0.128,0.196,0.086,0.321,0.138,0.047,0.444,-0.403,0.553,0.287,0.482,-0.013,0.434,0.303,0.526,-0.015,-0.037,0.745,0.129,0.688,0.084,0.25,0.243,0.304,0.864,-0.446,0.158,0.631,-0.604,-0.179,0.603,0.267,-0.064,0.823,0.226,0.432,0.556,-0.203,0.722,0.267,0.041,-0.37,0.448,0.63,0.254,0.12,-0.136,0.643,0.287,0.779,0.225,0.613,0.245,0.26,0.291,0.155,0.289,0.609,0.034,-0.074,0.537,0.053,0.34,0.23,0.684,-0.538,0.726,0.691,0.288,-0.267,-0.124,-0.297,0.725,0.532,0.01,0.572,0.096,-0.114,0.379,-0.101,-0.352,0.537,0.116,0.424,-0.017,-0.298,-0.014,0.622,0.033,0.097,0.446,0.149,0.33,0.543,-0.023,0.077,0.476,0.039,0.208,0.118,0.552,0.526,-0.22,0.069,-0.2,0.393,0.679,0.22,-0.443,0.565,0.521,0.407,0.677,0.464,0.626,0.007,0.387,0.293,0.276,0.617,0.771,0.234,0.569,0.409,-0.215,0.564,0.518,-0.106,-0.233,0.461,0.053,0.663,0.635,0.478,-0.584,0.619,0.229,0.76,0.198,-0.204,0.012,0.183,-0.001,-0.11,0.059,0.561,0.285,0.563,0.162,0.058,0.675,0.357,0.141,0.244,0.311,0.447
