,AAPL,ACRS,ADP,AFYA,AGNC,AGYS,ALT,AMGN,AMPH,AMZN,ANIP,AOSL,APDN,APLT,APVO,ARGX,ARLP,ATEX,ATRA,AUTL,AVDL,BCRX,BHAT,BLBD,BMRN,BNGO,BUSE,CAKE,CASY,CCOI,CEVA,CHY,CLDX,CLMT,COHU,COLM,COST,CPRT,CSWC,CSX,DBX,DCOM,DKNG,DMLP,DOX,EA,EDIT,ENPH,ENSG,ERNA,ESGR,ETNB,EXTR,FANG,FARO,FATE,FGEN,FIVE,FIVN,FLGT,FOLD,FORM,FOXA,FRPT,FSLR,FTAI,GBDC,GDYN,GGAL,GNLN,GRFS,GT,HCAT,HCM,HFWA,HOLX,HQY,HUBG,IAC,ICLR,IDCC,IEP,IHRT,ILMN,ILPT,IMAB,IMOS,INMD,INTZ,JAZZ,JKHY,JRVR,KIDS,LBRDK,LGND,LMAT,LPLA,LULU,MASI,MAT,MATW,MBIN,MBIO,MCRB,MDB,MDLZ,MELI,MIRM,MLKN,MNMD,MNRO,MPWR,MRCY,MRSN,MTVA,NAAS,NDAQ,NDSN,NEGG,NOVT,NVDA,NWE,NWSA,NXST,OCX,ODFL,OMAB,OPCH,OPRA,ORGO,OTRK,OZK,PAGP,PCH,PEGA,PENG,PENN,PFBC,PGNY,PHAT,PHUN,PINC,PLUG,PLXS,PYPL,QLYS,QNCX,QQQX,QVCGA,RAPT,RBBN,RCKT,REPL,RMBS,ROAD,ROKU,ROP,RUSHA,SANM,SATS,SBCF,SBLK,SBUX,SCHL,SCSC,SDGR,SEIC,SFIX,SGRY,SKYW,SLP,SNES,STAA,STLD,STOK,SWKS,TER,TFIN,TIGO,TILE,TPIC,TTEC,TTEK,TTGT,UXIN,VERU,VLYPP,VNOM,VRNS,VRSN,WDAY,WERN,WINA,WKHS,WRLD,XP,XTKG,YY,ZION,ZM
AAPL,0.0,-0.514,0.915,-0.301,-0.763,0.734,0.067,0.686,0.767,-0.396,-0.77,-0.473,0.626,-0.134,0.404,0.556,-0.447,0.618,0.658,0.749,-0.922,0.798,-0.788,-0.48,0.764,0.426,-0.469,-0.754,-0.238,0.774,-0.662,-0.001,-0.298,0.655,0.115,0.511,-0.258,-0.792,-0.725,-0.103,-0.228,0.518,-0.385,-0.596,-0.606,0.803,-0.05,0.002,-0.288,-0.721,0.333,-0.688,0.51,-0.689,0.361,-0.559,-0.184,-0.847,0.673,0.544,0.634,-0.783,0.473,-0.565,-0.69,-0.588,-0.639,0.855,-0.474,-0.213,0.88,-0.222,-0.125,-0.131,-0.628,-0.221,0.377,0.647,0.912,-0.775,0.683,0.383,0.621,0.385,-0.165,-0.308,-0.746,-0.46,0.023,0.833,0.201,0.618,0.387,0.884,0.495,-0.535,-0.207,0.092,-0.227,-0.018,-0.548,-0.475,0.265,0.568,0.704,0.907,0.772,0.304,-0.365,-0.73,0.278,-0.05,-0.579,-0.783,0.12,0.692,-0.656,0.58,-0.683,-0.816,-0.841,-0.424,0.36,0.369,0.188,0.118,0.749,0.009,-0.769,0.785,0.152,-0.538,-0.704,-0.81,0.423,-0.919,-0.583,-0.653,0.723,0.622,-0.253,-0.06,-0.538,0.075,-0.214,-0.509,0.895,-0.286,0.523,0.241,0.755,0.679,-0.596,-0.789,-0.864,0.147,0.287,-0.611,-0.574,-0.492,-0.567,-0.698,0.901,0.442,-0.565,0.807,-0.851,0.824,0.663,-0.935,-0.753,0.525,-0.765,-0.386,-0.328,-0.361,-0.78,0.386,-0.659,-0.592,-0.279,0.912,-0.809,0.603,0.32,-0.549,-0.006,-0.305,-0.068,0.725,0.956,0.799,0.896,0.449,-0.485,-0.446,0.67,0.296,-0.714,-0.407
ACRS,-0.514,0.0,-0.308,-0.266,0.395,-0.166,0.134,-0.106,-0.123,0.03,0.246,0.816,0.168,0.25,0.094,0.169,0.15,0.032,0.09,-0.5,0.381,-0.05,0.484,0.355,-0.03,0.255,0.83,0.615,0.055,-0.107,0.53,0.064,0.435,0.059,0.387,0.148,0.434,0.144,0.289,0.559,-0.055,0.123,0.002,-0.146,0.37,-0.152,0.272,0.689,0.541,0.149,-0.375,0.249,0.172,-0.085,0.246,0.701,-0.415,0.475,-0.436,0.174,0.047,0.664,-0.619,0.227,0.722,0.061,0.04,-0.308,-0.113,-0.124,-0.3,-0.099,0.572,-0.453,0.854,0.176,-0.525,0.128,-0.307,0.389,0.098,0.205,-0.135,0.336,0.201,0.047,0.149,0.631,0.125,-0.436,0.566,0.12,0.369,-0.487,-0.078,0.209,-0.031,-0.331,0.049,0.204,0.822,0.883,0.431,0.119,-0.014,-0.251,-0.282,0.161,0.042,0.174,0.47,0.614,0.669,0.527,0.373,0.047,0.116,-0.055,0.036,0.455,0.372,0.156,0.17,-0.194,-0.197,0.324,-0.47,0.393,0.145,-0.135,-0.388,0.724,0.197,0.65,0.122,0.54,0.331,0.799,-0.396,0.019,0.194,-0.082,0.743,0.462,-0.54,0.338,-0.342,0.394,0.07,0.27,-0.187,-0.064,0.492,0.605,0.23,-0.318,-0.225,0.087,0.709,0.251,0.824,0.343,-0.311,0.321,0.664,-0.234,0.336,-0.192,0.048,0.495,0.648,0.121,0.154,-0.152,0.535,0.386,0.649,-0.237,0.068,0.181,0.546,-0.272,0.761,0.147,-0.128,0.49,-0.597,-0.328,0.264,-0.098,-0.425,-0.106,-0.313,0.217,0.214,0.102,-0.062,-0.413,0.698,0.213
ADP,0.915,-0.308,0.0,-0.533,-0.755,0.762,0.046,0.837,0.841,-0.38,-0.826,-0.262,0.792,-0.18,0.486,0.739,-0.512,0.701,0.708,0.621,-0.903,0.828,-0.703,-0.478,0.871,0.494,-0.209,-0.625,-0.32,0.843,-0.567,0.038,-0.278,0.82,0.23,0.68,-0.06,-0.875,-0.735,0.085,-0.306,0.671,-0.46,-0.762,-0.496,0.909,-0.068,0.176,-0.093,-0.808,0.252,-0.732,0.608,-0.831,0.383,-0.48,-0.391,-0.844,0.659,0.687,0.744,-0.651,0.347,-0.609,-0.605,-0.636,-0.674,0.856,-0.585,-0.37,0.891,-0.24,0.013,-0.282,-0.379,-0.196,0.259,0.829,0.921,-0.772,0.82,0.531,0.648,0.458,-0.08,-0.474,-0.816,-0.31,0.08,0.795,0.402,0.721,0.582,0.868,0.419,-0.594,-0.333,-0.03,-0.213,0.045,-0.394,-0.249,0.427,0.63,0.817,0.931,0.815,0.397,-0.52,-0.816,0.404,0.194,-0.479,-0.747,0.287,0.763,-0.748,0.702,-0.836,-0.807,-0.818,-0.406,0.45,0.396,0.149,0.298,0.723,0.154,-0.857,0.838,-0.008,-0.452,-0.775,-0.723,0.421,-0.877,-0.572,-0.457,0.725,0.697,-0.139,-0.176,-0.456,0.312,-0.454,-0.502,0.904,-0.187,0.547,0.348,0.819,0.707,-0.554,-0.715,-0.904,0.103,0.316,-0.739,-0.4,-0.426,-0.381,-0.726,0.95,0.559,-0.447,0.814,-0.854,0.849,0.828,-0.911,-0.655,0.655,-0.861,-0.575,-0.291,-0.289,-0.662,0.337,-0.818,-0.746,-0.177,0.952,-0.615,0.683,0.194,-0.554,-0.168,-0.412,-0.046,0.815,0.968,0.892,0.942,0.516,-0.446,-0.468,0.676,0.308,-0.579,-0.482
AFYA,-0.301,-0.266,-0.533,0.0,0.446,-0.412,0.027,-0.646,-0.624,0.337,0.586,-0.342,-0.732,0.173,-0.397,-0.794,0.417,-0.648,-0.556,-0.179,0.38,-0.519,0.057,0.286,-0.651,-0.482,-0.342,0.227,0.404,-0.533,0.122,0.076,0.002,-0.786,-0.313,-0.561,-0.237,0.667,0.48,-0.299,0.185,-0.497,0.446,0.737,0.194,-0.629,0.013,-0.554,-0.185,0.576,0.162,0.452,-0.474,0.714,-0.364,0.062,0.676,0.494,-0.394,-0.771,-0.713,0.112,0.229,0.439,0.009,0.617,0.568,-0.367,0.73,0.55,-0.49,0.262,-0.494,0.656,-0.279,0.17,0.348,-0.693,-0.483,0.518,-0.7,-0.611,-0.411,-0.443,-0.104,0.555,0.629,-0.211,-0.317,-0.31,-0.467,-0.596,-0.731,-0.299,-0.141,0.457,0.597,0.434,0.205,0.066,0.005,-0.339,-0.634,-0.54,-0.643,-0.446,-0.559,-0.494,0.621,0.625,-0.498,-0.564,-0.011,0.331,-0.59,-0.638,0.654,-0.318,0.731,0.446,0.508,0.283,-0.317,-0.126,0.022,-0.354,-0.339,-0.479,0.612,-0.494,0.375,0.035,0.676,0.167,-0.292,0.393,0.303,-0.18,-0.42,-0.499,-0.283,0.302,-0.156,-0.601,0.813,0.383,-0.466,0.072,-0.316,-0.401,-0.58,-0.467,0.2,0.177,0.592,0.074,0.02,0.687,-0.137,0.14,-0.137,0.526,-0.505,-0.547,0.032,-0.489,0.552,-0.555,-0.742,0.434,0.142,-0.703,0.619,0.823,0.021,0.083,0.173,-0.138,0.743,0.676,-0.182,-0.546,-0.001,-0.509,0.082,0.257,0.652,0.416,0.1,-0.439,-0.432,-0.552,-0.588,-0.559,0.307,0.353,-0.486,-0.084,0.029,0.392
AGNC,-0.763,0.395,-0.755,0.446,0.0,-0.812,-0.013,-0.62,-0.784,0.384,0.742,0.491,-0.58,0.1,-0.614,-0.535,0.642,-0.688,-0.525,-0.781,0.774,-0.712,0.478,0.384,-0.736,-0.475,0.397,0.781,0.078,-0.718,0.89,0.467,0.23,-0.693,-0.152,-0.34,-0.166,0.774,0.896,0.054,0.076,-0.366,0.226,0.618,0.779,-0.669,0.042,0.014,0.083,0.865,0.019,0.665,-0.5,0.718,-0.442,0.666,0.13,0.761,-0.539,-0.548,-0.765,0.677,-0.04,0.549,0.683,0.455,0.75,-0.731,0.562,0.382,-0.698,0.449,-0.024,0.417,0.499,0.395,-0.141,-0.578,-0.767,0.728,-0.703,-0.62,-0.331,-0.287,0.395,0.595,0.82,0.199,-0.025,-0.781,-0.105,-0.768,-0.305,-0.577,-0.397,0.419,0.213,0.299,0.246,0.505,0.555,0.408,-0.512,-0.667,-0.763,-0.662,-0.673,-0.339,0.397,0.801,-0.321,0.03,0.69,0.738,-0.383,-0.574,0.779,-0.508,0.775,0.796,0.802,0.595,0.072,-0.014,-0.168,-0.034,-0.835,-0.037,0.9,-0.577,-0.141,0.429,0.688,0.764,-0.209,0.78,0.838,0.484,-0.508,-0.757,-0.117,0.285,0.374,-0.08,0.35,0.765,-0.79,0.394,-0.308,-0.378,-0.779,-0.559,0.609,0.696,0.865,0.151,0.112,0.532,0.511,0.765,0.512,0.844,-0.723,-0.27,0.419,-0.628,0.905,-0.779,-0.704,0.858,0.697,-0.51,0.868,0.437,0.297,0.73,0.763,-0.426,0.66,0.602,0.425,-0.814,0.719,-0.363,-0.214,0.683,0.156,0.077,0.183,-0.554,-0.792,-0.51,-0.845,-0.455,0.656,0.706,-0.738,-0.398,0.719,0.564
AGYS,0.734,-0.166,0.762,-0.412,-0.812,0.0,-0.045,0.627,0.797,-0.279,-0.73,-0.241,0.609,-0.133,0.571,0.626,-0.444,0.575,0.509,0.665,-0.717,0.709,-0.528,-0.363,0.813,0.429,-0.191,-0.482,-0.012,0.638,-0.674,-0.197,-0.253,0.688,0.376,0.43,0.197,-0.711,-0.719,0.104,-0.099,0.505,-0.293,-0.587,-0.494,0.662,-0.168,0.127,-0.012,-0.769,-0.074,-0.583,0.511,-0.742,0.411,-0.384,-0.186,-0.634,0.398,0.641,0.716,-0.486,0.024,-0.565,-0.602,-0.303,-0.639,0.726,-0.386,-0.23,0.721,-0.283,0.025,-0.332,-0.339,-0.041,0.176,0.72,0.729,-0.563,0.743,0.565,0.299,0.311,-0.243,-0.558,-0.661,-0.187,0.021,0.795,0.42,0.774,0.471,0.553,0.392,-0.514,-0.053,-0.164,-0.012,-0.253,-0.283,-0.213,0.513,0.608,0.73,0.702,0.624,0.294,-0.393,-0.632,0.357,0.213,-0.586,-0.72,0.289,0.543,-0.591,0.734,-0.76,-0.725,-0.58,-0.353,0.064,0.037,0.19,0.243,0.745,0.133,-0.823,0.641,0.157,-0.304,-0.533,-0.679,0.367,-0.628,-0.763,-0.278,0.56,0.684,-0.001,-0.028,-0.315,0.242,-0.427,-0.63,0.703,-0.179,0.342,0.59,0.785,0.571,-0.534,-0.524,-0.776,-0.22,0.168,-0.522,-0.434,-0.693,-0.239,-0.642,0.708,0.289,-0.27,0.746,-0.755,0.704,0.673,-0.747,-0.515,0.444,-0.764,-0.363,-0.243,-0.391,-0.514,0.485,-0.684,-0.581,-0.24,0.77,-0.501,0.502,0.143,-0.566,-0.175,-0.281,0.007,0.616,0.771,0.654,0.784,0.373,-0.385,-0.483,0.61,0.286,-0.48,-0.568
ALT,0.067,0.134,0.046,0.027,-0.013,-0.045,0.0,-0.031,0.243,0.246,0.148,0.1,0.062,0.645,0.342,0.17,-0.426,0.3,0.277,-0.037,-0.197,0.337,0.031,0.61,0.18,0.628,-0.112,-0.011,0.305,0.461,-0.145,-0.183,0.847,-0.026,0.331,0.343,0.402,0.132,0.158,0.421,0.048,-0.122,0.22,-0.389,0.047,0.169,0.783,0.206,0.337,-0.309,0.468,0.197,0.634,-0.268,0.643,0.255,-0.01,0.243,-0.337,0.203,0.253,0.172,-0.335,0.63,0.2,0.021,-0.313,0.295,-0.111,-0.131,0.133,-0.733,-0.098,-0.098,-0.011,-0.611,0.282,0.222,0.184,0.241,0.121,0.117,0.235,0.531,-0.575,0.542,-0.325,0.548,-0.381,0.04,0.261,0.222,0.184,0.108,0.808,0.432,0.439,0.393,-0.558,0.0,0.225,0.204,0.346,0.465,0.368,0.027,-0.221,0.591,0.5,-0.262,0.401,0.135,0.388,0.319,0.192,0.324,-0.354,0.12,0.201,0.125,-0.016,-0.667,0.338,-0.254,-0.279,0.519,-0.121,-0.177,-0.097,0.224,-0.309,0.456,-0.195,0.076,0.518,0.0,0.245,-0.159,-0.198,0.352,-0.495,-0.397,0.195,0.175,0.014,0.483,0.214,0.402,0.653,0.071,-0.078,0.56,0.655,0.121,-0.148,-0.37,-0.433,0.352,0.463,-0.147,-0.181,0.186,0.057,0.343,0.49,0.057,-0.033,0.32,0.074,0.022,-0.065,0.029,-0.149,0.254,0.805,-0.061,0.034,-0.383,0.257,0.409,0.362,0.185,-0.076,0.115,0.72,0.524,-0.085,-0.058,0.767,0.246,0.064,0.063,-0.013,0.442,-0.509,-0.484,0.062,-0.049,-0.331,0.682
AMGN,0.686,-0.106,0.837,-0.646,-0.62,0.627,-0.031,0.0,0.733,-0.26,-0.751,-0.052,0.823,-0.223,0.323,0.802,-0.602,0.704,0.646,0.485,-0.696,0.735,-0.357,-0.365,0.837,0.437,-0.03,-0.502,-0.348,0.726,-0.371,-0.002,-0.205,0.842,0.308,0.608,0.033,-0.836,-0.656,0.346,-0.282,0.591,-0.373,-0.791,-0.379,0.897,-0.081,0.309,0.032,-0.668,0.037,-0.514,0.562,-0.815,0.289,-0.43,-0.475,-0.728,0.602,0.693,0.777,-0.448,0.171,-0.583,-0.382,-0.553,-0.595,0.678,-0.636,-0.453,0.742,-0.286,0.041,-0.363,-0.128,-0.191,0.053,0.802,0.776,-0.674,0.821,0.566,0.475,0.41,0.039,-0.575,-0.719,-0.094,0.089,0.604,0.435,0.662,0.643,0.734,0.212,-0.657,-0.46,-0.261,-0.334,0.084,-0.311,-0.069,0.459,0.599,0.778,0.784,0.725,0.41,-0.666,-0.798,0.437,0.366,-0.361,-0.586,0.49,0.702,-0.716,0.649,-0.839,-0.667,-0.666,-0.334,0.382,0.227,0.241,0.422,0.607,0.283,-0.729,0.586,-0.169,-0.373,-0.671,-0.464,0.412,-0.675,-0.493,-0.188,0.621,0.661,0.087,-0.225,-0.293,0.429,-0.603,-0.44,0.699,0.001,0.449,0.276,0.703,0.647,-0.449,-0.481,-0.804,0.039,0.371,-0.748,-0.132,-0.3,-0.269,-0.622,0.842,0.531,-0.303,0.661,-0.7,0.769,0.822,-0.746,-0.556,0.639,-0.784,-0.715,-0.327,-0.169,-0.454,0.071,-0.903,-0.789,-0.024,0.77,-0.372,0.705,-0.082,-0.412,-0.346,-0.259,-0.046,0.75,0.786,0.762,0.798,0.464,-0.313,-0.437,0.57,0.283,-0.42,-0.469
AMPH,0.767,-0.123,0.841,-0.624,-0.784,0.797,0.243,0.733,0.0,-0.451,-0.85,-0.153,0.761,-0.086,0.518,0.857,-0.572,0.696,0.652,0.595,-0.787,0.856,-0.572,-0.359,0.927,0.611,-0.168,-0.527,-0.241,0.828,-0.637,-0.084,-0.003,0.797,0.234,0.588,0.128,-0.786,-0.643,0.203,-0.248,0.509,-0.505,-0.852,-0.489,0.795,0.016,0.213,0.072,-0.844,0.038,-0.679,0.687,-0.904,0.553,-0.35,-0.341,-0.69,0.461,0.841,0.85,-0.561,0.053,-0.444,-0.504,-0.566,-0.73,0.829,-0.637,-0.37,0.909,-0.444,0.112,-0.41,-0.26,-0.228,0.24,0.875,0.785,-0.633,0.794,0.548,0.464,0.501,-0.303,-0.376,-0.855,-0.102,0.051,0.868,0.512,0.817,0.656,0.663,0.618,-0.538,-0.212,-0.061,-0.237,-0.119,-0.234,-0.119,0.573,0.692,0.841,0.786,0.637,0.521,-0.423,-0.809,0.454,0.214,-0.382,-0.708,0.334,0.788,-0.765,0.649,-0.778,-0.822,-0.75,-0.509,0.287,0.07,0.135,0.298,0.627,0.137,-0.909,0.822,-0.042,-0.247,-0.829,-0.658,0.447,-0.77,-0.653,-0.334,0.631,0.706,-0.041,-0.149,-0.286,0.313,-0.556,-0.533,0.846,-0.233,0.591,0.461,0.806,0.728,-0.349,-0.645,-0.894,-0.08,0.024,-0.645,-0.281,-0.533,-0.287,-0.691,0.765,0.521,-0.277,0.899,-0.816,0.823,0.767,-0.835,-0.495,0.648,-0.833,-0.539,-0.066,-0.436,-0.644,0.312,-0.773,-0.644,0.058,0.904,-0.505,0.602,0.276,-0.436,-0.282,-0.409,0.045,0.641,0.813,0.744,0.851,0.606,-0.531,-0.579,0.646,0.218,-0.549,-0.436
AMZN,-0.396,0.03,-0.38,0.337,0.384,-0.279,0.246,-0.26,-0.451,0.0,0.607,0.135,-0.486,0.287,-0.076,-0.337,-0.04,-0.259,-0.381,-0.316,0.344,-0.364,0.421,0.577,-0.368,-0.161,-0.068,0.406,0.521,-0.282,0.282,-0.139,0.306,-0.438,0.303,-0.051,0.339,0.577,0.407,0.265,0.345,-0.403,0.581,0.312,0.553,-0.236,0.215,-0.091,0.131,0.232,0.281,0.612,-0.05,0.354,-0.134,0.21,0.194,0.497,-0.591,-0.441,-0.31,0.614,-0.283,0.577,0.211,0.628,0.234,-0.291,0.49,0.045,-0.475,-0.189,-0.485,0.269,0.047,-0.156,0.111,-0.325,-0.316,0.628,-0.359,-0.153,-0.181,-0.214,-0.16,0.235,0.345,0.437,-0.46,-0.456,-0.078,-0.342,-0.252,-0.26,-0.057,0.436,0.505,0.368,-0.028,-0.016,0.066,0.115,-0.167,-0.142,-0.166,-0.501,-0.454,0.105,0.503,0.342,-0.15,0.181,0.253,0.527,0.008,-0.464,0.246,0.045,0.471,0.56,0.634,-0.124,-0.008,-0.263,-0.163,0.429,-0.229,-0.303,0.511,-0.468,-0.148,0.22,0.48,0.383,0.086,0.542,0.389,0.143,-0.43,-0.175,-0.308,-0.207,0.072,0.196,0.4,0.578,-0.485,0.728,-0.062,-0.055,-0.508,-0.041,0.553,0.593,0.505,-0.268,0.021,0.63,0.479,0.036,-0.074,0.571,-0.349,-0.306,0.514,-0.483,0.508,-0.28,-0.414,0.528,0.172,-0.6,0.337,0.513,0.282,0.36,0.562,-0.486,0.469,0.453,0.072,-0.468,0.308,-0.346,-0.07,0.456,0.311,0.405,0.579,-0.075,-0.342,-0.335,-0.448,-0.352,0.092,0.023,-0.544,0.03,0.049,0.531
ANIP,-0.77,0.246,-0.826,0.586,0.742,-0.73,0.148,-0.751,-0.85,0.607,0.0,0.262,-0.707,0.392,-0.296,-0.79,0.38,-0.511,-0.513,-0.555,0.717,-0.65,0.603,0.695,-0.814,-0.3,0.169,0.564,0.515,-0.616,0.541,-0.078,0.412,-0.789,-0.011,-0.461,0.153,0.847,0.667,0.058,0.335,-0.549,0.673,0.673,0.478,-0.755,0.311,-0.043,0.201,0.687,0.088,0.761,-0.341,0.759,-0.203,0.47,0.288,0.841,-0.64,-0.738,-0.663,0.693,-0.282,0.759,0.611,0.641,0.483,-0.655,0.613,0.381,-0.836,0.051,-0.139,0.237,0.288,-0.025,-0.1,-0.747,-0.713,0.764,-0.728,-0.406,-0.343,-0.207,0.057,0.579,0.69,0.41,-0.222,-0.817,-0.31,-0.603,-0.492,-0.665,-0.27,0.755,0.503,0.177,0.063,0.031,0.413,0.301,-0.294,-0.424,-0.641,-0.777,-0.796,-0.26,0.663,0.729,-0.182,-0.11,0.536,0.882,-0.158,-0.625,0.632,-0.543,0.811,0.913,0.776,0.201,-0.185,-0.299,-0.274,-0.018,-0.705,-0.197,0.837,-0.725,0.011,0.515,0.779,0.736,-0.145,0.845,0.685,0.362,-0.704,-0.487,-0.13,0.037,0.421,-0.186,0.506,0.72,-0.762,0.426,-0.336,-0.337,-0.824,-0.48,0.642,0.758,0.829,-0.148,-0.272,0.869,0.501,0.301,0.303,0.773,-0.757,-0.345,0.608,-0.887,0.782,-0.664,-0.74,0.874,0.517,-0.666,0.737,0.705,0.438,0.376,0.721,-0.463,0.871,0.86,0.194,-0.824,0.538,-0.491,0.001,0.625,0.223,0.41,0.33,-0.514,-0.797,-0.735,-0.847,-0.388,0.33,0.272,-0.598,-0.325,0.433,0.708
AOSL,-0.473,0.816,-0.262,-0.342,0.491,-0.241,0.1,-0.052,-0.153,0.135,0.262,0.0,0.181,0.242,0.019,0.198,0.198,0.073,0.154,-0.576,0.351,-0.068,0.483,0.276,-0.055,0.222,0.836,0.554,0.024,-0.106,0.73,0.209,0.436,0.084,0.545,0.28,0.287,0.116,0.347,0.502,-0.028,0.151,0.021,-0.153,0.535,-0.059,0.301,0.764,0.419,0.197,-0.06,0.382,0.175,-0.057,0.211,0.778,-0.557,0.392,-0.311,0.216,0.014,0.709,-0.543,0.189,0.776,-0.03,0.024,-0.295,-0.185,-0.198,-0.236,-0.006,0.541,-0.404,0.841,0.17,-0.563,0.163,-0.226,0.331,0.073,0.174,0.091,0.358,0.402,0.1,0.151,0.612,0.113,-0.523,0.5,0.055,0.519,-0.387,-0.103,0.173,-0.094,-0.191,-0.02,0.331,0.772,0.905,0.376,0.1,-0.02,-0.255,-0.192,0.208,0.004,0.223,0.465,0.782,0.797,0.549,0.388,0.136,0.111,-0.062,0.044,0.525,0.373,0.212,0.339,-0.064,-0.251,0.472,-0.522,0.468,0.271,-0.066,-0.558,0.659,0.147,0.719,0.281,0.515,0.536,0.769,-0.291,-0.046,0.163,-0.091,0.758,0.629,-0.529,0.448,-0.339,0.496,0.188,0.215,-0.184,-0.001,0.495,0.694,0.261,-0.201,-0.02,0.036,0.754,0.419,0.76,0.411,-0.268,0.432,0.631,-0.176,0.352,-0.127,0.077,0.496,0.607,0.156,0.168,-0.222,0.495,0.663,0.749,-0.303,0.042,0.117,0.651,-0.251,0.793,0.231,-0.104,0.496,-0.585,-0.349,0.334,-0.027,-0.397,0.043,-0.268,0.264,0.271,0.188,-0.107,-0.375,0.706,0.299
APDN,0.626,0.168,0.792,-0.732,-0.58,0.609,0.062,0.823,0.761,-0.486,-0.707,0.181,0.0,-0.043,0.494,0.813,-0.522,0.82,0.832,0.394,-0.712,0.827,-0.367,-0.284,0.838,0.667,0.247,-0.454,-0.396,0.787,-0.306,-0.039,-0.03,0.916,0.395,0.694,0.144,-0.887,-0.647,0.387,-0.303,0.676,-0.374,-0.858,-0.429,0.834,0.129,0.619,0.193,-0.705,-0.008,-0.609,0.69,-0.88,0.569,-0.221,-0.665,-0.613,0.542,0.81,0.833,-0.351,-0.011,-0.567,-0.129,-0.728,-0.7,0.667,-0.809,-0.439,0.712,-0.322,0.451,-0.628,0.083,-0.218,-0.118,0.854,0.781,-0.675,0.906,0.711,0.59,0.693,0.059,-0.505,-0.759,0.048,0.32,0.494,0.578,0.793,0.807,0.575,0.339,-0.489,-0.499,-0.404,-0.314,0.174,-0.005,0.245,0.705,0.739,0.817,0.79,0.738,0.509,-0.592,-0.793,0.716,0.506,-0.143,-0.439,0.604,0.868,-0.748,0.505,-0.856,-0.564,-0.714,-0.333,0.486,0.283,0.114,0.418,0.436,0.539,-0.783,0.706,-0.231,-0.074,-0.665,-0.327,0.491,-0.614,-0.363,-0.031,0.536,0.744,0.145,-0.263,0.013,0.498,-0.827,-0.378,0.737,-0.015,0.564,0.411,0.736,0.64,-0.402,-0.407,-0.834,-0.075,0.134,-0.752,-0.005,-0.254,0.017,-0.619,0.795,0.781,-0.119,0.638,-0.733,0.801,0.892,-0.675,-0.403,0.856,-0.836,-0.791,-0.084,-0.148,-0.349,0.184,-0.827,-0.662,0.086,0.809,-0.233,0.826,0.127,-0.349,-0.626,-0.45,-0.032,0.725,0.706,0.796,0.806,0.708,-0.371,-0.479,0.784,0.108,-0.217,-0.377
APLT,-0.134,0.25,-0.18,0.173,0.1,-0.133,0.645,-0.223,-0.086,0.287,0.392,0.242,-0.043,0.0,0.334,-0.139,-0.186,0.197,0.248,-0.194,-0.004,0.147,0.186,0.629,-0.088,0.517,0.081,0.066,0.541,0.176,0.053,-0.371,0.694,-0.198,0.419,0.156,0.383,0.218,0.118,0.358,0.278,-0.191,0.511,-0.09,0.097,-0.075,0.877,0.348,0.318,-0.097,0.413,0.413,0.444,-0.03,0.642,0.362,-0.03,0.368,-0.393,-0.062,0.03,0.315,-0.441,0.515,0.476,0.166,-0.25,0.039,-0.08,-0.073,-0.138,-0.53,0.124,-0.239,0.128,-0.411,-0.069,-0.054,0.016,0.33,-0.052,0.172,0.11,0.512,-0.302,0.433,-0.088,0.563,-0.31,-0.277,0.17,0.149,0.056,-0.179,0.448,0.744,0.438,0.111,-0.427,-0.013,0.373,0.375,0.375,0.402,0.148,-0.142,-0.319,0.298,0.542,0.01,0.492,0.195,0.48,0.532,0.258,0.134,-0.092,-0.042,0.251,0.479,0.167,-0.408,0.198,-0.264,-0.349,0.341,-0.304,-0.005,0.121,-0.039,-0.244,0.574,0.181,0.394,0.377,0.263,0.393,0.101,-0.587,0.305,-0.302,-0.331,0.458,0.123,-0.004,0.474,-0.039,0.501,0.548,0.024,-0.301,0.23,0.552,0.347,0.089,-0.38,-0.368,0.479,0.482,-0.101,0.029,0.395,-0.144,0.323,0.561,-0.25,0.136,0.135,-0.019,0.247,0.09,-0.108,-0.022,0.298,0.732,0.046,0.268,-0.417,0.447,0.573,0.241,-0.072,0.117,-0.035,0.559,0.528,-0.225,0.037,0.609,0.194,-0.174,-0.116,-0.194,0.346,-0.233,-0.42,0.141,-0.304,-0.047,0.694
APVO,0.404,0.094,0.486,-0.397,-0.614,0.571,0.342,0.323,0.518,-0.076,-0.296,0.019,0.494,0.334,0.0,0.413,-0.557,0.717,0.563,0.426,-0.55,0.581,-0.173,0.132,0.516,0.743,0.03,-0.384,0.217,0.677,-0.496,-0.458,0.241,0.536,0.521,0.489,0.572,-0.469,-0.563,0.217,0.016,0.39,0.05,-0.593,-0.448,0.49,0.409,0.388,0.213,-0.759,0.159,-0.302,0.65,-0.586,0.685,-0.096,-0.349,-0.293,0.176,0.464,0.628,-0.136,-0.371,-0.123,-0.158,-0.283,-0.705,0.534,-0.443,-0.434,0.354,-0.609,0.269,-0.565,-0.077,-0.509,-0.118,0.481,0.593,-0.38,0.64,0.745,0.434,0.577,-0.408,-0.283,-0.679,0.342,-0.061,0.317,0.313,0.737,0.447,0.258,0.51,0.069,0.019,-0.251,-0.316,-0.369,-0.01,0.146,0.775,0.775,0.732,0.397,0.362,0.571,-0.045,-0.544,0.634,0.366,-0.109,-0.177,0.521,0.525,-0.699,0.389,-0.517,-0.254,-0.476,-0.64,0.156,-0.051,-0.281,0.397,0.482,0.142,-0.628,0.458,-0.15,0.143,-0.44,-0.315,0.392,-0.357,-0.349,-0.153,0.107,0.806,-0.108,-0.515,0.136,0.371,-0.418,-0.254,0.572,0.006,0.439,0.456,0.502,0.611,-0.093,-0.167,-0.6,-0.429,-0.368,-0.17,0.012,-0.585,-0.081,-0.465,0.446,0.456,0.208,0.296,-0.618,0.652,0.6,-0.401,-0.357,0.458,-0.693,-0.212,0.31,-0.333,-0.228,0.172,-0.285,-0.181,-0.163,0.571,-0.303,0.352,0.476,-0.213,-0.397,-0.245,0.257,0.544,0.481,0.402,0.54,0.653,-0.668,-0.689,0.633,0.204,-0.38,-0.087
ARGX,0.556,0.169,0.739,-0.794,-0.535,0.626,0.17,0.802,0.857,-0.337,-0.79,0.198,0.813,-0.139,0.413,0.0,-0.487,0.667,0.629,0.298,-0.598,0.717,-0.322,-0.339,0.885,0.552,0.162,-0.279,-0.381,0.715,-0.27,0.082,0.025,0.845,0.365,0.717,0.171,-0.748,-0.48,0.417,-0.367,0.571,-0.587,-0.893,-0.192,0.815,0.003,0.44,0.142,-0.7,-0.036,-0.53,0.637,-0.899,0.447,-0.104,-0.566,-0.588,0.357,0.901,0.796,-0.271,-0.082,-0.457,-0.225,-0.564,-0.582,0.603,-0.704,-0.54,0.762,-0.335,0.247,-0.469,0.094,-0.11,-0.016,0.901,0.658,-0.509,0.804,0.566,0.452,0.475,-0.064,-0.456,-0.736,0.079,0.121,0.605,0.653,0.71,0.763,0.547,0.416,-0.593,-0.401,-0.165,-0.252,0.063,-0.041,0.174,0.586,0.615,0.789,0.674,0.617,0.573,-0.562,-0.739,0.501,0.536,-0.101,-0.523,0.456,0.763,-0.72,0.646,-0.768,-0.646,-0.577,-0.346,0.451,0.145,0.048,0.478,0.481,0.321,-0.757,0.703,-0.358,-0.127,-0.779,-0.388,0.435,-0.585,-0.426,-0.032,0.54,0.598,0.029,-0.196,-0.073,0.584,-0.742,-0.359,0.646,0.01,0.584,0.463,0.7,0.678,-0.187,-0.364,-0.758,-0.11,0.176,-0.747,0.035,-0.222,-0.036,-0.535,0.692,0.602,-0.134,0.791,-0.629,0.7,0.809,-0.626,-0.29,0.682,-0.724,-0.735,-0.017,-0.103,-0.341,0.143,-0.826,-0.73,0.231,0.748,-0.184,0.623,0.053,-0.231,-0.499,-0.53,0.084,0.609,0.662,0.769,0.719,0.579,-0.348,-0.391,0.499,0.139,-0.245,-0.389
ARLP,-0.447,0.15,-0.512,0.417,0.642,-0.444,-0.426,-0.602,-0.572,-0.04,0.38,0.198,-0.522,-0.186,-0.557,-0.487,0.0,-0.758,-0.5,-0.476,0.549,-0.632,0.029,-0.154,-0.579,-0.648,0.235,0.598,-0.067,-0.71,0.573,0.53,-0.304,-0.588,-0.39,-0.405,-0.47,0.507,0.542,-0.384,-0.013,-0.109,-0.184,0.701,0.485,-0.664,-0.385,-0.201,-0.239,0.74,-0.101,0.208,-0.664,0.655,-0.559,0.441,0.248,0.37,-0.24,-0.522,-0.777,0.207,0.251,0.057,0.223,0.279,0.658,-0.581,0.522,0.432,-0.433,0.783,0.024,0.425,0.219,0.713,-0.141,-0.505,-0.601,0.402,-0.65,-0.64,-0.298,-0.461,0.514,0.335,0.729,-0.379,0.111,-0.38,-0.162,-0.62,-0.337,-0.415,-0.516,0.109,0.102,0.272,0.6,0.342,0.321,0.109,-0.567,-0.743,-0.786,-0.378,-0.407,-0.613,0.154,0.792,-0.477,-0.224,0.283,0.207,-0.659,-0.532,0.811,-0.371,0.511,0.378,0.515,0.781,-0.04,0.206,-0.081,-0.479,-0.542,-0.149,0.619,-0.315,0.232,0.104,0.536,0.315,-0.42,0.44,0.385,0.312,-0.27,-0.765,-0.108,0.607,0.081,-0.253,0.346,0.225,-0.557,-0.149,-0.439,-0.218,-0.497,-0.68,0.092,0.261,0.666,0.391,0.26,0.197,-0.096,0.508,0.487,0.524,-0.519,-0.327,-0.063,-0.295,0.604,-0.736,-0.585,0.501,0.623,-0.447,0.718,0.35,-0.08,0.479,0.364,0.141,0.449,0.29,0.151,-0.58,0.406,-0.404,-0.274,0.188,0.275,-0.168,-0.269,-0.533,-0.513,-0.303,-0.555,-0.535,0.741,0.794,-0.551,-0.425,0.65,0.02
ATEX,0.618,0.032,0.701,-0.648,-0.688,0.575,0.3,0.704,0.696,-0.259,-0.511,0.073,0.82,0.197,0.717,0.667,-0.758,0.0,0.859,0.514,-0.731,0.858,-0.208,-0.034,0.756,0.833,0.045,-0.64,-0.069,0.882,-0.466,-0.396,0.211,0.828,0.579,0.671,0.296,-0.804,-0.724,0.36,-0.136,0.49,-0.067,-0.855,-0.575,0.816,0.41,0.592,0.192,-0.826,0.175,-0.414,0.815,-0.832,0.742,-0.273,-0.606,-0.575,0.453,0.724,0.909,-0.296,-0.185,-0.337,-0.119,-0.623,-0.878,0.686,-0.823,-0.572,0.623,-0.665,0.334,-0.7,-0.067,-0.602,-0.122,0.708,0.831,-0.636,0.858,0.842,0.666,0.748,-0.189,-0.401,-0.884,0.275,0.075,0.417,0.395,0.869,0.671,0.542,0.524,-0.256,-0.32,-0.406,-0.576,-0.185,-0.128,0.148,0.82,0.929,0.915,0.648,0.644,0.662,-0.327,-0.856,0.803,0.458,-0.135,-0.29,0.781,0.864,-0.904,0.424,-0.756,-0.44,-0.738,-0.691,0.393,0.087,-0.077,0.5,0.55,0.386,-0.762,0.581,-0.302,0.011,-0.671,-0.308,0.609,-0.584,-0.382,-0.16,0.406,0.91,0.071,-0.526,0.096,0.493,-0.672,-0.296,0.739,0.045,0.634,0.395,0.707,0.799,-0.245,-0.297,-0.851,-0.299,-0.155,-0.477,0.066,-0.499,-0.197,-0.643,0.746,0.759,0.017,0.474,-0.807,0.915,0.845,-0.625,-0.529,0.739,-0.882,-0.597,0.111,-0.286,-0.358,0.08,-0.625,-0.458,-0.022,0.785,-0.387,0.736,0.36,-0.27,-0.589,-0.224,0.175,0.744,0.675,0.645,0.769,0.835,-0.713,-0.771,0.833,0.201,-0.46,-0.137
ATRA,0.658,0.09,0.708,-0.556,-0.525,0.509,0.277,0.646,0.652,-0.381,-0.513,0.154,0.832,0.248,0.563,0.629,-0.5,0.859,0.0,0.386,-0.723,0.861,-0.332,-0.138,0.719,0.819,0.14,-0.523,-0.167,0.813,-0.301,-0.112,0.162,0.75,0.482,0.695,0.064,-0.777,-0.618,0.269,-0.133,0.583,-0.168,-0.779,-0.433,0.764,0.428,0.637,0.099,-0.676,0.276,-0.419,0.747,-0.767,0.717,-0.117,-0.546,-0.561,0.488,0.713,0.751,-0.362,-0.032,-0.392,-0.039,-0.726,-0.764,0.679,-0.763,-0.461,0.681,-0.435,0.438,-0.597,-0.016,-0.37,-0.096,0.73,0.806,-0.635,0.786,0.668,0.742,0.829,-0.014,-0.21,-0.757,0.118,0.19,0.389,0.47,0.77,0.719,0.551,0.532,-0.233,-0.361,-0.258,-0.447,0.132,0.001,0.222,0.703,0.834,0.787,0.745,0.661,0.603,-0.281,-0.714,0.789,0.407,0.011,-0.277,0.574,0.882,-0.723,0.382,-0.669,-0.395,-0.719,-0.459,0.58,0.327,-0.055,0.409,0.367,0.482,-0.647,0.696,-0.213,0.06,-0.604,-0.235,0.633,-0.593,-0.187,-0.114,0.398,0.768,-0.031,-0.37,0.166,0.466,-0.654,-0.219,0.726,0.049,0.734,0.34,0.607,0.727,-0.229,-0.343,-0.764,-0.047,0.022,-0.533,0.031,-0.254,-0.076,-0.525,0.736,0.855,-0.053,0.55,-0.696,0.853,0.808,-0.613,-0.408,0.758,-0.759,-0.6,0.137,-0.109,-0.345,0.141,-0.568,-0.401,0.097,0.775,-0.305,0.784,0.429,-0.147,-0.602,-0.41,0.137,0.735,0.656,0.745,0.732,0.804,-0.483,-0.542,0.8,-0.013,-0.285,-0.09
AUTL,0.749,-0.5,0.621,-0.179,-0.781,0.665,-0.037,0.485,0.595,-0.316,-0.555,-0.576,0.394,-0.194,0.426,0.298,-0.476,0.514,0.386,0.0,-0.699,0.617,-0.508,-0.314,0.533,0.303,-0.596,-0.745,0.004,0.546,-0.784,-0.287,-0.245,0.486,0.003,0.102,-0.102,-0.591,-0.738,-0.218,0.061,0.296,-0.18,-0.379,-0.795,0.511,-0.142,-0.143,-0.356,-0.622,0.017,-0.515,0.306,-0.438,0.262,-0.613,-0.018,-0.643,0.625,0.326,0.575,-0.708,0.251,-0.414,-0.667,-0.358,-0.634,0.68,-0.259,-0.021,0.608,-0.343,-0.165,-0.196,-0.689,-0.316,0.264,0.332,0.687,-0.703,0.505,0.424,0.291,0.188,-0.304,-0.322,-0.626,-0.342,0.083,0.744,-0.085,0.552,0.15,0.617,0.358,-0.42,-0.093,-0.107,-0.113,-0.4,-0.656,-0.563,0.25,0.49,0.538,0.593,0.559,0.265,-0.301,-0.548,0.145,-0.265,-0.724,-0.68,0.133,0.432,-0.554,0.345,-0.557,-0.71,-0.735,-0.466,-0.105,0.002,0.241,-0.099,0.772,-0.114,-0.654,0.445,0.375,-0.497,-0.52,-0.766,0.29,-0.704,-0.725,-0.606,0.636,0.545,-0.069,-0.044,-0.444,-0.098,-0.053,-0.654,0.695,-0.432,0.133,0.246,0.649,0.544,-0.584,-0.651,-0.713,0.071,-0.051,-0.347,-0.638,-0.738,-0.554,-0.724,0.595,0.105,-0.374,0.559,-0.776,0.662,0.422,-0.767,-0.738,0.373,-0.64,-0.139,-0.359,-0.608,-0.741,0.403,-0.493,-0.399,-0.378,0.663,-0.794,0.416,0.254,-0.624,0.074,-0.014,-0.163,0.435,0.711,0.388,0.7,0.367,-0.535,-0.513,0.575,0.343,-0.721,-0.463
AVDL,-0.922,0.381,-0.903,0.38,0.774,-0.717,-0.197,-0.696,-0.787,0.344,0.717,0.351,-0.712,-0.004,-0.55,-0.598,0.549,-0.731,-0.723,-0.699,0.0,-0.841,0.701,0.356,-0.784,-0.566,0.353,0.721,0.21,-0.856,0.655,0.134,0.149,-0.731,-0.236,-0.626,0.073,0.804,0.741,-0.028,0.187,-0.533,0.328,0.701,0.618,-0.843,-0.111,-0.144,0.204,0.81,-0.343,0.675,-0.641,0.759,-0.505,0.496,0.312,0.781,-0.629,-0.577,-0.711,0.67,-0.303,0.482,0.582,0.603,0.745,-0.875,0.562,0.304,-0.849,0.373,0.016,0.273,0.504,0.389,-0.252,-0.703,-0.922,0.764,-0.751,-0.542,-0.669,-0.507,0.198,0.322,0.833,0.269,-0.022,-0.758,-0.256,-0.719,-0.457,-0.835,-0.555,0.408,0.216,-0.017,0.301,0.039,0.453,0.313,-0.426,-0.691,-0.802,-0.868,-0.752,-0.45,0.344,0.804,-0.437,-0.09,0.463,0.669,-0.278,-0.756,0.781,-0.594,0.721,0.739,0.844,0.556,-0.405,-0.332,-0.106,-0.249,-0.728,-0.065,0.809,-0.778,-0.024,0.404,0.723,0.751,-0.467,0.875,0.524,0.605,-0.653,-0.744,0.3,0.227,0.425,-0.226,0.329,0.435,-0.914,0.205,-0.604,-0.331,-0.758,-0.743,0.502,0.699,0.891,-0.031,-0.147,0.581,0.415,0.522,0.496,0.693,-0.9,-0.552,0.391,-0.735,0.886,-0.883,-0.74,0.891,0.711,-0.623,0.853,0.431,0.174,0.366,0.688,-0.289,0.651,0.562,0.249,-0.923,0.756,-0.629,-0.377,0.507,0.122,0.33,-0.02,-0.76,-0.936,-0.796,-0.905,-0.585,0.581,0.569,-0.734,-0.31,0.699,0.322
BCRX,0.798,-0.05,0.828,-0.519,-0.712,0.709,0.337,0.735,0.856,-0.364,-0.65,-0.068,0.827,0.147,0.581,0.717,-0.632,0.858,0.861,0.617,-0.841,0.0,-0.508,-0.141,0.875,0.797,-0.11,-0.59,-0.086,0.908,-0.555,-0.194,0.146,0.791,0.416,0.663,0.099,-0.805,-0.691,0.338,-0.202,0.547,-0.246,-0.85,-0.555,0.843,0.297,0.455,0.142,-0.821,0.21,-0.557,0.852,-0.889,0.729,-0.294,-0.473,-0.635,0.46,0.744,0.892,-0.484,0.049,-0.342,-0.307,-0.617,-0.87,0.868,-0.692,-0.343,0.832,-0.574,0.16,-0.534,-0.239,-0.391,0.189,0.81,0.885,-0.625,0.83,0.646,0.638,0.764,-0.223,-0.25,-0.875,0.035,0.008,0.691,0.537,0.869,0.713,0.712,0.665,-0.376,-0.17,-0.123,-0.396,-0.012,-0.143,0.017,0.699,0.871,0.892,0.837,0.639,0.572,-0.275,-0.815,0.715,0.276,-0.241,-0.478,0.529,0.886,-0.785,0.598,-0.747,-0.62,-0.768,-0.601,0.46,0.117,0.065,0.426,0.555,0.232,-0.822,0.77,-0.05,-0.078,-0.711,-0.476,0.682,-0.704,-0.488,-0.286,0.55,0.853,-0.112,-0.255,-0.131,0.379,-0.571,-0.344,0.848,-0.027,0.735,0.429,0.724,0.854,-0.27,-0.515,-0.893,-0.121,0.004,-0.509,-0.128,-0.558,-0.258,-0.614,0.829,0.748,-0.121,0.72,-0.816,0.93,0.788,-0.775,-0.525,0.672,-0.849,-0.479,0.066,-0.341,-0.528,0.171,-0.671,-0.467,0.099,0.898,-0.493,0.803,0.407,-0.278,-0.366,-0.332,0.203,0.792,0.81,0.771,0.84,0.757,-0.583,-0.697,0.779,0.077,-0.53,-0.201
BHAT,-0.788,0.484,-0.703,0.057,0.478,-0.528,0.031,-0.357,-0.572,0.421,0.603,0.483,-0.367,0.186,-0.173,-0.322,0.029,-0.208,-0.332,-0.508,0.701,-0.508,0.0,0.505,-0.499,-0.142,0.432,0.455,0.278,-0.47,0.48,-0.221,0.402,-0.344,0.206,-0.292,0.405,0.504,0.393,0.254,0.283,-0.385,0.478,0.286,0.364,-0.455,0.24,0.202,0.31,0.415,-0.292,0.696,-0.235,0.41,-0.111,0.405,0.003,0.605,-0.505,-0.297,-0.271,0.704,-0.665,0.437,0.657,0.399,0.309,-0.637,0.187,-0.097,-0.718,-0.117,0.206,-0.116,0.596,-0.103,-0.493,-0.426,-0.608,0.533,-0.333,-0.006,-0.417,-0.157,0.061,0.108,0.434,0.664,-0.003,-0.751,-0.167,-0.31,-0.2,-0.726,-0.348,0.437,0.052,-0.338,-0.102,-0.166,0.362,0.47,0.028,-0.174,-0.34,-0.731,-0.499,0.034,0.224,0.37,-0.01,0.243,0.495,0.721,0.278,-0.435,0.266,-0.433,0.402,0.701,0.585,0.084,-0.294,-0.394,-0.142,0.116,-0.459,0.154,0.535,-0.683,-0.302,0.503,0.471,0.744,-0.141,0.743,0.43,0.626,-0.6,-0.26,0.361,-0.264,0.651,0.17,-0.02,0.378,-0.7,0.391,-0.331,-0.099,-0.486,-0.327,0.519,0.769,0.563,-0.335,-0.341,0.462,0.659,0.307,0.397,0.419,-0.645,-0.232,0.602,-0.7,0.567,-0.441,-0.351,0.738,0.49,-0.272,0.445,0.142,0.308,0.241,0.686,-0.425,0.422,0.41,0.181,-0.672,0.666,-0.348,-0.248,0.479,-0.27,0.33,0.172,-0.459,-0.742,-0.635,-0.639,-0.133,0.156,0.127,-0.378,-0.141,0.487,0.358
BLBD,-0.48,0.355,-0.478,0.286,0.384,-0.363,0.61,-0.365,-0.359,0.577,0.695,0.276,-0.284,0.629,0.132,-0.339,-0.154,-0.034,-0.138,-0.314,0.356,-0.141,0.505,0.0,-0.297,0.244,0.156,0.368,0.573,-0.088,0.206,-0.324,0.778,-0.426,0.304,-0.146,0.58,0.542,0.436,0.475,0.273,-0.413,0.685,0.141,0.285,-0.324,0.644,0.206,0.546,0.21,0.114,0.577,0.261,0.238,0.318,0.388,0.104,0.746,-0.652,-0.297,-0.117,0.626,-0.517,0.797,0.549,0.505,0.031,-0.263,0.253,0.164,-0.516,-0.496,-0.113,-0.073,0.268,-0.422,0.041,-0.293,-0.317,0.662,-0.251,-0.042,-0.232,0.268,-0.357,0.48,0.238,0.72,-0.36,-0.5,0.039,-0.152,-0.063,-0.383,0.26,0.657,0.606,0.12,-0.357,0.014,0.471,0.433,0.209,0.121,-0.085,-0.439,-0.616,0.196,0.583,0.221,0.235,0.138,0.465,0.771,0.198,-0.175,0.163,-0.199,0.513,0.656,0.529,-0.298,0.003,-0.491,-0.234,0.439,-0.494,-0.108,0.376,-0.437,-0.075,0.655,0.462,0.564,0.309,0.629,0.455,0.271,-0.607,0.058,-0.229,-0.26,0.429,-0.004,0.16,0.661,-0.355,0.636,0.096,-0.096,-0.5,0.062,0.734,0.64,0.378,-0.528,-0.394,0.763,0.697,-0.027,0.163,0.558,-0.41,-0.003,0.817,-0.575,0.451,-0.19,-0.335,0.566,0.292,-0.372,0.289,0.539,0.718,0.165,0.573,-0.541,0.603,0.75,0.277,-0.424,0.357,-0.123,0.294,0.678,-0.06,0.356,0.693,-0.054,-0.471,-0.45,-0.524,0.005,-0.091,-0.252,-0.265,-0.201,0.102,0.794
BMRN,0.764,-0.03,0.871,-0.651,-0.736,0.813,0.18,0.837,0.927,-0.368,-0.814,-0.055,0.838,-0.088,0.516,0.885,-0.579,0.756,0.719,0.533,-0.784,0.875,-0.499,-0.297,0.0,0.61,-0.045,-0.491,-0.204,0.838,-0.536,-0.057,-0.031,0.836,0.383,0.673,0.155,-0.824,-0.662,0.375,-0.313,0.591,-0.433,-0.872,-0.421,0.872,0.028,0.34,0.146,-0.811,0.049,-0.61,0.74,-0.941,0.541,-0.311,-0.437,-0.686,0.433,0.832,0.876,-0.474,0.059,-0.503,-0.44,-0.522,-0.747,0.814,-0.67,-0.415,0.86,-0.423,0.094,-0.454,-0.152,-0.201,0.185,0.913,0.818,-0.607,0.865,0.597,0.491,0.555,-0.181,-0.461,-0.826,-0.049,0.028,0.778,0.611,0.829,0.723,0.704,0.546,-0.596,-0.236,-0.145,-0.289,-0.019,-0.162,-0.018,0.629,0.734,0.879,0.843,0.666,0.494,-0.487,-0.828,0.545,0.351,-0.338,-0.639,0.447,0.811,-0.761,0.73,-0.835,-0.751,-0.701,-0.454,0.389,0.123,0.147,0.441,0.627,0.212,-0.89,0.775,-0.093,-0.204,-0.77,-0.558,0.553,-0.709,-0.607,-0.218,0.613,0.767,-0.048,-0.16,-0.23,0.425,-0.63,-0.457,0.801,-0.063,0.607,0.474,0.796,0.765,-0.345,-0.537,-0.889,-0.153,0.196,-0.672,-0.17,-0.488,-0.21,-0.643,0.847,0.613,-0.222,0.829,-0.787,0.841,0.838,-0.806,-0.459,0.643,-0.838,-0.601,-0.087,-0.292,-0.519,0.252,-0.814,-0.678,0.063,0.888,-0.434,0.71,0.162,-0.357,-0.374,-0.419,0.102,0.766,0.823,0.808,0.847,0.582,-0.441,-0.569,0.643,0.17,-0.471,-0.407
BNGO,0.426,0.255,0.494,-0.482,-0.475,0.429,0.628,0.437,0.611,-0.161,-0.3,0.222,0.667,0.517,0.743,0.552,-0.648,0.833,0.819,0.303,-0.566,0.797,-0.142,0.244,0.61,0.0,0.143,-0.36,0.122,0.811,-0.342,-0.35,0.554,0.592,0.592,0.628,0.444,-0.52,-0.458,0.459,-0.009,0.378,0.051,-0.788,-0.354,0.603,0.702,0.662,0.357,-0.725,0.282,-0.21,0.883,-0.728,0.902,0.062,-0.49,-0.248,0.137,0.657,0.762,-0.092,-0.378,0.011,0.12,-0.486,-0.804,0.607,-0.645,-0.416,0.495,-0.765,0.386,-0.679,0.072,-0.594,-0.068,0.639,0.655,-0.331,0.687,0.701,0.564,0.893,-0.364,-0.028,-0.759,0.505,-0.027,0.282,0.52,0.777,0.658,0.337,0.743,0.092,-0.037,-0.2,-0.554,-0.088,0.176,0.367,0.855,0.924,0.807,0.48,0.354,0.741,0.019,-0.659,0.87,0.454,0.183,-0.019,0.658,0.781,-0.743,0.338,-0.471,-0.201,-0.514,-0.712,0.443,-0.046,-0.197,0.562,0.246,0.332,-0.592,0.562,-0.316,0.366,-0.521,-0.099,0.663,-0.354,-0.114,-0.043,0.117,0.829,-0.103,-0.522,0.325,0.48,-0.58,-0.026,0.603,0.21,0.779,0.405,0.429,0.787,0.139,-0.124,-0.645,-0.345,-0.366,-0.192,0.287,-0.406,-0.038,-0.339,0.499,0.765,0.313,0.376,-0.557,0.782,0.659,-0.398,-0.299,0.596,-0.682,-0.342,0.539,-0.223,-0.192,-0.052,-0.315,-0.095,0.221,0.634,-0.193,0.592,0.634,0.093,-0.571,-0.268,0.453,0.628,0.458,0.506,0.531,0.857,-0.681,-0.745,0.694,-0.019,-0.314,0.191
BUSE,-0.469,0.83,-0.209,-0.342,0.397,-0.191,-0.112,-0.03,-0.168,-0.068,0.169,0.836,0.247,0.081,0.03,0.162,0.235,0.045,0.14,-0.596,0.353,-0.11,0.432,0.156,-0.045,0.143,0.0,0.558,-0.172,-0.111,0.6,0.16,0.19,0.144,0.357,0.249,0.314,0.003,0.228,0.412,-0.086,0.332,-0.039,-0.113,0.396,-0.086,0.123,0.705,0.489,0.17,-0.28,0.155,0.065,-0.064,0.1,0.588,-0.513,0.32,-0.245,0.183,0.004,0.58,-0.45,-0.027,0.702,-0.057,0.122,-0.354,-0.217,-0.226,-0.283,0.15,0.687,-0.425,0.944,0.236,-0.627,0.181,-0.237,0.249,0.131,0.204,0.006,0.26,0.456,-0.133,0.161,0.476,0.238,-0.488,0.48,0.074,0.417,-0.413,-0.29,0.1,-0.262,-0.419,0.111,0.326,0.786,0.879,0.358,0.04,-0.046,-0.184,-0.107,0.059,-0.1,0.142,0.417,0.67,0.598,0.446,0.366,0.049,0.117,-0.082,-0.08,0.419,0.308,0.33,0.245,0.106,-0.176,0.274,-0.455,0.573,0.138,-0.074,-0.441,0.654,0.188,0.628,-0.01,0.448,0.373,0.866,-0.309,-0.032,0.352,-0.117,0.688,0.508,-0.606,0.262,-0.296,0.323,0.013,0.179,-0.075,-0.182,0.252,0.533,0.212,-0.162,-0.05,-0.091,0.622,0.437,0.91,0.255,-0.218,0.375,0.481,-0.236,0.3,-0.192,0.169,0.443,0.619,0.238,0.094,-0.344,0.307,0.489,0.634,-0.049,-0.046,-0.016,0.385,-0.219,0.776,0.167,-0.25,0.289,-0.58,-0.339,0.046,-0.031,-0.366,0.03,-0.206,0.159,0.337,0.226,-0.01,-0.264,0.813,0.048
CAKE,-0.754,0.615,-0.625,0.227,0.781,-0.482,-0.011,-0.502,-0.527,0.406,0.564,0.554,-0.454,0.066,-0.384,-0.279,0.598,-0.64,-0.523,-0.745,0.721,-0.59,0.455,0.368,-0.491,-0.36,0.558,0.0,0.132,-0.605,0.719,0.386,0.204,-0.514,-0.021,-0.196,0.151,0.685,0.762,0.233,0.104,-0.155,0.081,0.431,0.807,-0.578,-0.076,0.082,0.305,0.618,-0.211,0.492,-0.328,0.475,-0.333,0.707,0.067,0.73,-0.687,-0.367,-0.574,0.736,-0.276,0.471,0.55,0.53,0.609,-0.619,0.549,0.277,-0.593,0.329,0.043,0.242,0.651,0.484,-0.151,-0.31,-0.72,0.794,-0.512,-0.422,-0.43,-0.267,0.276,0.345,0.681,0.305,-0.099,-0.571,0.23,-0.508,-0.135,-0.595,-0.348,0.324,0.294,0.24,0.424,0.33,0.669,0.552,-0.253,-0.521,-0.555,-0.585,-0.646,-0.256,0.324,0.685,-0.221,0.217,0.596,0.585,-0.283,-0.543,0.666,-0.148,0.545,0.631,0.835,0.502,0.013,-0.141,-0.172,0.092,-0.675,-0.05,0.633,-0.439,-0.127,0.537,0.58,0.649,-0.212,0.775,0.539,0.677,-0.509,-0.579,-0.093,0.258,0.378,0.132,0.124,0.57,-0.718,0.403,-0.277,-0.043,-0.612,-0.474,0.619,0.677,0.754,0.002,0.043,0.433,0.534,0.49,0.701,0.751,-0.66,-0.265,0.547,-0.455,0.815,-0.71,-0.531,0.789,0.831,-0.48,0.688,0.355,0.366,0.583,0.766,-0.249,0.472,0.424,0.464,-0.689,0.819,-0.374,-0.3,0.583,0.088,-0.072,0.264,-0.452,-0.687,-0.404,-0.718,-0.428,0.634,0.581,-0.724,-0.366,0.779,0.323
CASY,-0.238,0.055,-0.32,0.404,0.078,-0.012,0.305,-0.348,-0.241,0.521,0.515,0.024,-0.396,0.541,0.217,-0.381,-0.067,-0.069,-0.167,0.004,0.21,-0.086,0.278,0.573,-0.204,0.122,-0.172,0.132,0.0,-0.135,-0.043,-0.36,0.432,-0.428,0.361,-0.237,0.401,0.445,0.14,0.229,0.323,-0.394,0.63,0.207,0.117,-0.305,0.406,-0.042,0.266,0.069,0.186,0.573,0.152,0.212,0.235,0.216,0.245,0.44,-0.462,-0.332,-0.123,0.314,-0.353,0.558,0.139,0.566,-0.134,-0.031,0.364,0.179,-0.292,-0.402,-0.313,-0.05,-0.075,-0.173,0.148,-0.297,-0.21,0.445,-0.303,0.004,-0.209,0.081,-0.374,0.315,0.137,0.402,-0.5,-0.206,0.014,0.01,-0.195,-0.269,0.231,0.53,0.754,0.146,-0.119,-0.368,0.183,0.078,0.155,0.122,-0.063,-0.321,-0.526,0.005,0.575,0.294,0.128,-0.056,0.17,0.401,0.067,-0.218,0.201,0.041,0.331,0.453,0.374,-0.2,-0.263,-0.605,-0.241,0.27,-0.166,-0.331,0.239,-0.302,0.15,0.354,0.341,0.305,0.286,0.414,0.095,0.051,-0.444,0.094,-0.197,-0.032,0.21,-0.079,0.35,0.315,-0.3,0.377,0.024,0.02,-0.358,0.061,0.442,0.369,0.27,-0.39,-0.239,0.683,0.207,-0.362,-0.043,0.365,-0.321,-0.159,0.499,-0.359,0.251,-0.081,-0.353,0.317,0.136,-0.51,0.217,0.634,0.456,-0.031,0.292,-0.341,0.511,0.593,0.14,-0.274,0.099,-0.195,0.233,0.387,0.152,0.345,0.536,-0.053,-0.288,-0.377,-0.34,-0.044,-0.109,-0.305,-0.213,-0.244,-0.096,0.496
CCOI,0.774,-0.107,0.843,-0.533,-0.718,0.638,0.461,0.726,0.828,-0.282,-0.616,-0.106,0.787,0.176,0.677,0.715,-0.71,0.882,0.813,0.546,-0.856,0.908,-0.47,-0.088,0.838,0.811,-0.111,-0.605,-0.135,0.0,-0.573,-0.218,0.198,0.776,0.445,0.749,0.223,-0.773,-0.676,0.315,-0.231,0.577,-0.229,-0.888,-0.542,0.875,0.378,0.403,0.167,-0.884,0.35,-0.533,0.871,-0.885,0.728,-0.322,-0.471,-0.628,0.427,0.717,0.861,-0.439,0.012,-0.281,-0.32,-0.6,-0.827,0.849,-0.685,-0.475,0.788,-0.643,0.117,-0.484,-0.223,-0.568,0.174,0.824,0.907,-0.606,0.849,0.655,0.705,0.727,-0.324,-0.256,-0.921,0.106,-0.075,0.637,0.455,0.837,0.634,0.725,0.69,-0.277,-0.17,-0.086,-0.524,-0.072,-0.188,-0.015,0.69,0.879,0.936,0.786,0.632,0.642,-0.24,-0.898,0.691,0.322,-0.21,-0.429,0.546,0.872,-0.899,0.58,-0.712,-0.596,-0.768,-0.732,0.504,0.184,-0.015,0.485,0.585,0.15,-0.833,0.785,-0.222,-0.068,-0.768,-0.519,0.602,-0.726,-0.421,-0.342,0.473,0.878,-0.188,-0.45,-0.152,0.4,-0.521,-0.256,0.879,-0.006,0.757,0.366,0.718,0.872,-0.217,-0.486,-0.898,-0.208,-0.073,-0.484,-0.064,-0.503,-0.315,-0.615,0.841,0.736,-0.089,0.647,-0.814,0.933,0.822,-0.751,-0.585,0.67,-0.893,-0.472,0.137,-0.339,-0.52,0.141,-0.615,-0.466,-0.02,0.913,-0.533,0.688,0.463,-0.292,-0.343,-0.352,0.269,0.825,0.827,0.76,0.831,0.751,-0.726,-0.738,0.757,0.258,-0.6,-0.129
