,AAPL,ACRS,ADP,AFYA,AGNC,AGYS,ALT,AMGN,AMPH,AMZN,ANIP,AOSL,APDN,APLT,APVO,ARGX,ARLP,ATEX,ATRA,AUTL,AVDL,BCRX,BHAT,BLBD,BMRN,BNGO,BUSE,CAKE,CASY,CCOI,CEVA,CHY,CLDX,CLMT,COHU,COLM,COST,CPRT,CSWC,CSX,DBX,DCOM,DKNG,DMLP,DOX,EA,EDIT,ENPH,ENSG,ERNA,ESGR,ETNB,EXTR,FANG,FARO,FATE,FGEN,FIVE,FIVN,FLGT,FOLD,FORM,FOXA,FRPT,FSLR,FTAI,GBDC,GDYN,GGAL,GNLN,GRFS,GT,HCAT,HCM,HFWA,HOLX,HQY,HUBG,IAC,ICLR,IDCC,IEP,IHRT,ILMN,ILPT,IMAB,IMOS,INMD,INTZ,JAZZ,JKHY,JRVR,KIDS,LBRDK,LGND,LMAT,LPLA,LULU,MASI,MAT,MATW,MBIN,MBIO,MCRB,MDB,MDLZ,MELI,MIRM,MLKN,MNMD,MNRO,MPWR,MRCY,MRSN,MTVA,NAAS,NDAQ,NDSN,NEGG,NOVT,NVDA,NWE,NWSA,NXST,OCX,ODFL,OMAB,OPCH,OPRA,ORGO,OTRK,OZK,PAGP,PCH,PEGA,PENG,PENN,PFBC,PGNY,PHAT,PHUN,PINC,PLUG,PLXS,PYPL,QLYS,QNCX,QQQX,QVCGA,RAPT,RBBN,RCKT,REPL,RMBS,ROAD,ROKU,ROP,RUSHA,SANM,SATS,SBCF,SBLK,SBUX,SCHL,SCSC,SDGR,SEIC,SFIX,SGRY,SKYW,SLP,SNES,STAA,STLD,STOK,SWKS,TER,TFIN,TIGO,TILE,TPIC,TTEC,TTEK,TTGT,UXIN,VERU,VLYPP,VNOM,VRNS,VRSN,WDAY,WERN,WINA,WKHS,WRLD,XP,XTKG,YY,ZION,ZM
AAPL,0.0,0.51,-0.316,0.854,0.869,-0.636,0.232,0.928,0.778,0.834,0.617,0.804,-0.654,0.251,0.749,0.732,0.835,-0.041,-0.76,-0.413,-0.185,0.746,0.071,0.629,-0.615,0.827,0.679,0.309,0.755,-0.367,0.678,-0.077,0.769,0.713,-0.193,0.639,0.901,0.688,0.704,-0.139,0.203,0.662,0.579,-0.671,-0.592,0.389,0.034,0.458,-0.307,-0.023,0.789,0.259,-0.132,0.043,0.05,-0.475,0.315,-0.563,-0.555,0.808,-0.524,0.954,0.727,0.864,0.897,0.91,0.281,0.254,0.83,-0.071,0.758,0.836,0.869,0.783,0.664,0.183,-0.638,0.918,0.902,0.758,0.878,0.685,-0.018,-0.471,0.77,-0.058,-0.31,0.776,-0.297,0.495,0.341,-0.701,0.829,0.791,0.493,0.951,0.493,-0.211,-0.448,0.387,0.9,0.885,-0.506,0.689,0.217,0.316,0.959,0.778,0.838,0.411,-0.787,0.9,0.504,0.016,0.798,-0.598,0.13,0.851,0.826,0.713,0.827,0.619,0.235,0.746,0.789,-0.608,0.681,-0.269,-0.228,-0.535,-0.43,0.63,0.146,0.643,0.624,0.614,-0.618,0.688,-0.373,0.742,0.725,-0.648,0.232,0.882,0.332,-0.5,-0.822,0.903,-0.556,-0.392,0.575,-0.013,0.264,0.026,0.537,0.275,-0.558,-0.484,0.729,0.537,0.723,0.8,-0.808,0.374,0.63,-0.476,0.81,0.364,0.791,0.714,0.871,0.728,-0.578,-0.254,0.223,-0.513,0.88,0.566,0.83,0.765,0.883,-0.383,0.954,0.673,0.847,0.601,0.867,-0.639,0.418,-0.797,-0.415,0.699,-0.18,0.691,0.281,0.651,0.898,0.656,0.855,0.569
ACRS,0.51,0.0,-0.461,0.245,0.357,-0.621,0.236,0.531,0.373,0.508,0.58,0.054,-0.215,0.403,0.664,0.613,0.517,0.002,-0.217,-0.028,0.396,0.431,-0.372,-0.044,-0.16,0.568,0.429,-0.384,0.028,-0.129,0.439,-0.115,0.758,0.371,-0.322,0.193,0.308,0.154,0.23,-0.147,-0.095,0.284,0.308,-0.706,-0.164,0.694,0.41,0.401,-0.325,-0.041,0.318,0.545,0.05,-0.369,-0.323,-0.054,0.473,-0.235,-0.144,0.501,0.197,0.506,0.209,0.462,0.525,0.489,0.18,0.123,0.448,0.008,0.433,0.327,0.518,0.167,0.417,0.174,0.01,0.477,0.572,0.186,0.383,-0.007,0.414,-0.073,0.766,-0.009,0.02,0.46,-0.239,0.179,-0.184,-0.095,0.61,0.555,0.019,0.511,0.331,-0.219,0.221,0.026,0.411,0.502,-0.145,0.538,-0.044,-0.042,0.524,0.591,0.322,0.586,-0.375,0.45,0.428,0.491,0.514,-0.009,0.367,0.314,0.459,0.267,0.387,0.324,0.081,0.238,0.482,-0.201,0.223,-0.009,-0.03,-0.157,-0.376,0.272,-0.292,0.312,0.139,0.214,-0.716,0.329,0.104,0.619,0.245,-0.088,0.413,0.375,0.242,0.017,-0.481,0.428,0.022,0.255,0.081,0.234,0.494,-0.244,0.008,0.101,-0.432,-0.403,0.109,0.556,0.349,0.212,-0.632,0.114,0.023,-0.031,0.331,0.456,0.187,0.26,0.436,0.587,-0.072,-0.05,0.219,-0.578,0.383,0.207,0.279,0.626,0.615,-0.01,0.501,0.564,0.205,0.759,0.48,-0.548,-0.168,-0.473,-0.052,0.449,-0.149,0.225,0.209,0.577,0.352,0.245,0.42,0.231
ADP,-0.316,-0.461,0.0,-0.202,-0.114,0.448,0.11,-0.235,-0.175,-0.335,-0.142,-0.081,0.073,-0.302,-0.284,-0.174,-0.265,0.064,0.174,-0.044,-0.16,-0.163,0.217,0.056,0.142,-0.197,-0.02,0.268,0.041,0.082,-0.288,0.231,-0.351,-0.141,0.085,-0.026,-0.098,-0.084,-0.003,0.067,0.09,0.042,-0.304,0.475,0.108,-0.146,-0.134,-0.344,0.548,-0.036,-0.034,-0.195,-0.144,0.154,0.37,-0.0,-0.234,-0.016,0.211,-0.093,-0.034,-0.324,-0.045,-0.218,-0.255,-0.173,0.004,0.002,-0.16,-0.06,-0.176,-0.149,-0.259,0.02,-0.023,0.128,0.009,-0.172,-0.297,0.058,-0.207,-0.068,-0.248,0.169,-0.257,-0.057,-0.191,-0.205,0.048,-0.005,0.18,0.046,-0.217,-0.203,-0.076,-0.27,-0.057,0.242,-0.101,0.149,-0.176,-0.181,0.053,-0.155,0.107,0.162,-0.29,-0.234,-0.1,-0.336,0.227,-0.331,-0.266,-0.329,-0.306,-0.126,0.033,-0.124,-0.218,-0.038,-0.404,0.029,0.131,-0.104,-0.323,0.157,-0.109,-0.107,-0.018,0.304,0.229,-0.024,0.15,-0.036,-0.122,-0.275,0.572,-0.026,-0.112,-0.46,-0.286,0.077,-0.29,-0.18,-0.146,0.105,0.295,-0.306,-0.128,-0.155,0.008,0.012,-0.446,-0.13,-0.074,0.128,0.427,0.169,-0.053,-0.197,-0.038,-0.102,0.194,0.134,0.052,0.159,-0.089,-0.25,0.012,-0.093,-0.089,-0.345,0.101,-0.128,-0.363,0.057,-0.244,-0.067,-0.137,-0.306,-0.321,-0.147,-0.282,-0.199,-0.061,-0.3,-0.141,0.21,0.077,0.321,-0.012,-0.181,0.117,-0.095,0.011,-0.436,-0.211,-0.165,-0.071,-0.162
AFYA,0.854,0.245,-0.202,0.0,0.829,-0.431,0.056,0.771,0.818,0.677,0.533,0.85,-0.787,-0.021,0.617,0.655,0.8,0.041,-0.671,-0.648,-0.166,0.54,0.449,0.582,-0.807,0.701,0.658,0.467,0.87,-0.136,0.638,0.087,0.475,0.718,0.028,0.745,0.829,0.785,0.784,-0.316,0.484,0.646,0.48,-0.533,-0.621,0.262,-0.24,0.353,-0.259,-0.219,0.809,-0.091,0.065,0.176,0.16,-0.686,0.071,-0.633,-0.465,0.668,-0.67,0.854,0.709,0.739,0.756,0.812,0.488,0.033,0.802,0.028,0.612,0.711,0.822,0.859,0.574,0.068,-0.647,0.82,0.757,0.78,0.871,0.794,-0.047,-0.368,0.57,-0.185,-0.329,0.541,-0.233,0.46,0.294,-0.692,0.637,0.675,0.371,0.835,0.579,-0.004,-0.53,0.367,0.845,0.769,-0.676,0.697,0.5,0.529,0.824,0.768,0.808,0.208,-0.855,0.905,0.562,-0.218,0.593,-0.613,-0.1,0.725,0.838,0.721,0.796,0.616,0.106,0.642,0.591,-0.782,0.86,-0.461,-0.488,-0.673,-0.432,0.671,0.226,0.431,0.784,0.592,-0.413,0.74,-0.458,0.497,0.635,-0.602,-0.092,0.926,0.493,-0.428,-0.648,0.768,-0.721,-0.455,0.745,-0.333,-0.027,0.098,0.515,0.216,-0.612,-0.569,0.834,0.552,0.718,0.874,-0.678,0.496,0.641,-0.563,0.677,0.105,0.7,0.806,0.737,0.592,-0.585,-0.407,0.135,-0.299,0.937,0.494,0.782,0.593,0.762,-0.548,0.852,0.521,0.857,0.395,0.768,-0.564,0.57,-0.834,-0.595,0.427,-0.221,0.559,0.44,0.381,0.819,0.682,0.818,0.676
AGNC,0.869,0.357,-0.114,0.829,0.0,-0.48,0.153,0.894,0.8,0.656,0.591,0.776,-0.809,-0.106,0.731,0.75,0.862,-0.204,-0.752,-0.639,-0.184,0.683,0.24,0.643,-0.706,0.71,0.856,0.508,0.841,-0.198,0.456,0.298,0.617,0.875,-0.312,0.841,0.911,0.625,0.916,-0.335,0.391,0.871,0.281,-0.517,-0.543,0.377,-0.231,0.317,-0.214,-0.192,0.936,0.059,-0.139,0.028,0.043,-0.712,0.091,-0.731,-0.457,0.796,-0.585,0.895,0.885,0.852,0.891,0.901,0.501,0.164,0.932,-0.12,0.638,0.767,0.888,0.905,0.855,0.108,-0.686,0.904,0.911,0.857,0.946,0.695,-0.072,-0.407,0.695,-0.092,-0.517,0.684,-0.543,0.434,0.401,-0.551,0.82,0.865,0.269,0.918,0.623,0.131,-0.548,0.598,0.906,0.941,-0.622,0.759,0.343,0.611,0.893,0.812,0.946,0.086,-0.825,0.81,0.503,-0.27,0.64,-0.751,0.18,0.817,0.904,0.611,0.623,0.858,0.28,0.822,0.631,-0.744,0.763,-0.414,-0.413,-0.517,-0.619,0.875,0.331,0.443,0.68,0.316,-0.438,0.896,-0.494,0.482,0.679,-0.59,-0.037,0.928,0.367,-0.388,-0.644,0.768,-0.672,-0.493,0.697,-0.198,-0.083,-0.178,0.31,0.358,-0.479,-0.574,0.865,0.653,0.924,0.909,-0.781,0.631,0.772,-0.622,0.813,0.093,0.792,0.899,0.905,0.602,-0.563,-0.484,-0.1,-0.533,0.851,0.313,0.888,0.71,0.851,-0.452,0.907,0.55,0.914,0.576,0.946,-0.674,0.567,-0.804,-0.617,0.613,0.081,0.562,0.456,0.348,0.831,0.767,0.954,0.673
AGYS,-0.636,-0.621,0.448,-0.431,-0.48,0.0,-0.138,-0.627,-0.425,-0.636,-0.392,-0.426,0.265,-0.488,-0.594,-0.402,-0.565,0.328,0.581,0.038,0.09,-0.724,0.318,-0.372,0.304,-0.573,-0.339,0.057,-0.376,0.479,-0.423,0.328,-0.719,-0.346,0.553,-0.207,-0.607,-0.273,-0.334,-0.024,0.28,-0.258,-0.355,0.805,0.33,-0.333,-0.132,-0.357,0.4,-0.247,-0.37,-0.48,0.375,0.062,0.311,0.135,-0.5,0.291,0.68,-0.627,0.308,-0.686,-0.466,-0.746,-0.695,-0.56,0.045,-0.409,-0.564,0.028,-0.709,-0.51,-0.556,-0.275,-0.39,0.29,0.285,-0.6,-0.659,-0.311,-0.495,-0.333,0.003,0.672,-0.544,0.053,0.244,-0.732,0.297,-0.363,-0.216,0.347,-0.674,-0.587,-0.423,-0.696,-0.182,0.442,0.241,-0.05,-0.449,-0.635,0.182,-0.368,0.298,0.116,-0.695,-0.476,-0.425,-0.418,0.52,-0.504,-0.192,-0.299,-0.741,0.263,-0.166,-0.634,-0.379,-0.167,-0.592,-0.276,-0.124,-0.535,-0.693,0.26,-0.162,-0.089,-0.073,0.273,0.396,-0.278,0.096,-0.479,-0.247,-0.308,0.665,-0.279,0.165,-0.757,-0.574,0.582,-0.458,-0.484,0.062,0.48,0.673,-0.651,0.158,0.177,-0.09,-0.147,-0.536,0.094,-0.258,0.103,0.376,0.257,-0.278,-0.25,-0.333,-0.41,0.655,0.098,-0.258,0.285,-0.561,-0.333,-0.427,-0.296,-0.569,-0.521,0.472,0.003,-0.25,0.569,-0.484,-0.331,-0.55,-0.388,-0.689,-0.005,-0.679,-0.399,-0.472,-0.532,-0.576,0.54,0.079,0.5,0.247,-0.617,0.078,-0.567,0.183,-0.625,-0.653,-0.152,-0.438,-0.014
ALT,0.232,0.236,0.11,0.056,0.153,-0.138,0.0,0.264,0.115,0.411,0.371,0.184,0.249,0.5,0.215,0.199,-0.045,0.086,-0.294,0.447,-0.277,0.444,-0.485,0.43,0.346,0.271,0.185,0.152,0.017,-0.372,0.15,-0.152,0.435,0.065,-0.154,0.009,0.28,0.087,-0.037,0.55,-0.207,0.322,0.345,-0.012,-0.043,0.105,0.58,0.347,-0.045,0.451,0.157,0.593,-0.332,0.123,0.279,0.318,0.351,0.035,-0.216,0.407,0.135,0.223,0.181,0.254,0.286,0.357,-0.348,0.572,0.11,-0.521,0.376,0.433,-0.025,0.137,0.232,0.28,-0.086,0.328,0.29,0.27,0.15,0.005,-0.149,-0.19,0.405,0.183,0.116,0.439,0.19,0.054,0.356,-0.239,0.417,0.149,0.463,0.235,-0.247,-0.306,-0.039,0.275,0.214,0.217,0.373,-0.021,-0.169,-0.347,0.252,0.143,0.266,0.296,0.136,0.087,-0.084,0.215,0.269,0.022,0.447,0.419,0.165,0.393,0.192,-0.015,0.45,0.279,0.332,0.354,-0.141,0.234,0.561,0.281,0.319,0.008,0.045,0.702,0.02,0.334,-0.089,0.106,0.001,0.428,0.122,-0.224,0.613,0.021,-0.369,-0.134,-0.406,0.364,0.132,-0.121,-0.213,0.761,0.333,0.097,0.369,0.316,0.371,0.337,0.025,-0.095,0.111,0.013,-0.219,0.049,0.242,0.101,0.513,0.51,0.356,0.002,0.397,0.444,-0.055,0.347,0.33,-0.329,-0.055,0.529,0.178,0.278,0.1,0.143,0.225,0.268,0.066,0.206,0.202,0.021,0.136,0.125,0.439,0.605,-0.012,0.473,-0.092,0.428,0.226,0.17,0.27,-0.164
AMGN,0.928,0.531,-0.235,0.771,0.894,-0.627,0.264,0.0,0.783,0.725,0.618,0.773,-0.681,0.101,0.727,0.69,0.85,-0.184,-0.788,-0.454,-0.196,0.733,0.021,0.667,-0.598,0.747,0.815,0.406,0.734,-0.371,0.442,0.091,0.788,0.767,-0.434,0.719,0.893,0.48,0.794,-0.21,0.172,0.803,0.358,-0.617,-0.598,0.346,-0.086,0.33,-0.335,-0.004,0.87,0.226,-0.283,-0.112,-0.058,-0.559,0.174,-0.724,-0.54,0.84,-0.525,0.924,0.86,0.855,0.919,0.937,0.319,0.212,0.883,-0.16,0.724,0.819,0.838,0.807,0.83,0.119,-0.697,0.925,0.935,0.736,0.907,0.667,-0.131,-0.529,0.77,-0.118,-0.523,0.739,-0.527,0.46,0.337,-0.56,0.837,0.889,0.394,0.95,0.482,-0.027,-0.563,0.495,0.938,0.953,-0.555,0.698,0.157,0.414,0.952,0.778,0.881,0.285,-0.768,0.789,0.401,-0.119,0.742,-0.662,0.16,0.833,0.847,0.552,0.649,0.774,0.25,0.849,0.761,-0.617,0.626,-0.272,-0.252,-0.429,-0.59,0.758,0.196,0.521,0.522,0.392,-0.573,0.788,-0.477,0.613,0.687,-0.65,0.145,0.87,0.243,-0.514,-0.767,0.795,-0.584,-0.499,0.546,0.021,0.118,-0.227,0.313,0.306,-0.479,-0.512,0.722,0.573,0.825,0.811,-0.825,0.439,0.733,-0.574,0.797,0.244,0.713,0.793,0.875,0.664,-0.659,-0.349,0.005,-0.64,0.801,0.375,0.898,0.793,0.899,-0.387,0.928,0.597,0.833,0.614,0.92,-0.726,0.4,-0.785,-0.493,0.708,0.106,0.594,0.306,0.473,0.873,0.668,0.915,0.498
AMPH,0.778,0.373,-0.175,0.818,0.8,-0.425,0.115,0.783,0.0,0.63,0.574,0.691,-0.798,-0.006,0.735,0.742,0.838,0.025,-0.632,-0.629,-0.033,0.506,0.363,0.491,-0.702,0.745,0.711,0.376,0.735,-0.038,0.552,0.153,0.583,0.761,-0.15,0.722,0.742,0.602,0.773,-0.422,0.356,0.71,0.355,-0.518,-0.616,0.374,-0.162,0.19,-0.259,-0.228,0.846,0.054,0.021,-0.104,0.056,-0.651,0.098,-0.757,-0.394,0.719,-0.43,0.812,0.723,0.691,0.702,0.834,0.551,0.062,0.813,0.01,0.59,0.673,0.827,0.804,0.686,0.137,-0.534,0.836,0.79,0.679,0.848,0.69,0.095,-0.282,0.684,-0.271,-0.301,0.542,-0.326,0.379,0.073,-0.437,0.699,0.784,0.22,0.801,0.64,0.055,-0.455,0.4,0.807,0.803,-0.701,0.759,0.437,0.55,0.796,0.872,0.767,0.269,-0.845,0.825,0.485,-0.019,0.594,-0.627,-0.034,0.641,0.823,0.647,0.635,0.705,0.02,0.64,0.627,-0.736,0.759,-0.417,-0.518,-0.614,-0.462,0.689,0.056,0.353,0.607,0.458,-0.465,0.797,-0.226,0.5,0.595,-0.489,-0.145,0.874,0.524,-0.345,-0.624,0.663,-0.586,-0.339,0.678,-0.205,-0.052,-0.193,0.256,0.291,-0.644,-0.663,0.724,0.626,0.769,0.804,-0.77,0.552,0.623,-0.52,0.621,0.069,0.665,0.771,0.771,0.641,-0.58,-0.514,-0.026,-0.478,0.842,0.447,0.757,0.643,0.804,-0.422,0.807,0.569,0.759,0.546,0.788,-0.694,0.471,-0.847,-0.575,0.445,-0.121,0.523,0.522,0.279,0.719,0.606,0.826,0.633
AMZN,0.834,0.508,-0.335,0.677,0.656,-0.636,0.411,0.725,0.63,0.0,0.616,0.685,-0.342,0.568,0.727,0.602,0.647,-0.037,-0.682,-0.069,-0.216,0.822,-0.124,0.608,-0.304,0.828,0.416,0.147,0.586,-0.497,0.655,-0.325,0.818,0.489,-0.199,0.358,0.768,0.549,0.419,0.134,-0.079,0.45,0.776,-0.665,-0.558,0.248,0.331,0.589,-0.236,0.28,0.555,0.545,-0.186,-0.006,0.23,-0.119,0.603,-0.401,-0.656,0.74,-0.346,0.836,0.507,0.781,0.782,0.729,0.051,0.48,0.657,0.012,0.831,0.849,0.693,0.526,0.395,0.101,-0.368,0.789,0.765,0.531,0.659,0.555,-0.058,-0.451,0.713,-0.015,-0.093,0.832,-0.078,0.492,0.334,-0.719,0.745,0.64,0.644,0.807,0.314,-0.486,-0.329,0.194,0.645,0.698,-0.293,0.498,0.03,-0.036,0.849,0.674,0.685,0.601,-0.585,0.744,0.315,0.306,0.856,-0.263,0.286,0.834,0.621,0.68,0.867,0.331,0.208,0.61,0.835,-0.319,0.44,0.056,0.057,-0.328,-0.189,0.315,-0.117,0.777,0.656,0.697,-0.638,0.401,-0.226,0.837,0.688,-0.605,0.505,0.676,0.197,-0.539,-0.812,0.92,-0.42,-0.293,0.202,0.251,0.56,0.109,0.682,0.06,-0.493,-0.197,0.479,0.25,0.435,0.589,-0.759,0.096,0.479,-0.159,0.781,0.424,0.719,0.459,0.754,0.722,-0.482,0.072,0.393,-0.54,0.677,0.736,0.676,0.557,0.788,-0.238,0.807,0.672,0.606,0.521,0.702,-0.542,0.269,-0.631,-0.183,0.708,-0.255,0.795,0.081,0.768,0.805,0.406,0.625,0.37
ANIP,0.617,0.58,-0.142,0.533,0.591,-0.392,0.371,0.618,0.574,0.616,0.0,0.383,-0.366,0.253,0.667,0.684,0.611,0.044,-0.432,-0.224,0.096,0.555,-0.034,0.378,-0.308,0.745,0.555,0.108,0.401,-0.296,0.433,-0.027,0.686,0.513,-0.219,0.426,0.561,0.331,0.451,-0.12,0.121,0.545,0.397,-0.558,-0.386,0.479,0.312,0.288,-0.095,-0.089,0.635,0.409,-0.044,-0.243,0.124,-0.179,0.347,-0.493,-0.348,0.672,-0.183,0.626,0.425,0.531,0.609,0.641,0.303,0.133,0.589,-0.048,0.536,0.63,0.631,0.543,0.529,0.234,-0.258,0.694,0.636,0.459,0.56,0.292,0.031,-0.107,0.743,-0.252,-0.237,0.527,-0.181,0.321,0.066,-0.493,0.636,0.654,0.293,0.623,0.468,-0.146,-0.156,0.235,0.548,0.631,-0.344,0.655,0.158,0.182,0.631,0.693,0.595,0.482,-0.504,0.582,0.37,0.155,0.576,-0.22,0.304,0.585,0.594,0.564,0.485,0.505,0.299,0.502,0.517,-0.339,0.464,-0.137,-0.165,-0.07,-0.272,0.426,-0.126,0.505,0.351,0.346,-0.564,0.516,-0.35,0.55,0.329,-0.269,0.277,0.568,0.343,-0.21,-0.544,0.567,-0.436,-0.182,0.288,0.149,0.246,-0.216,0.398,0.223,-0.45,-0.379,0.355,0.48,0.522,0.432,-0.692,0.341,0.356,-0.188,0.533,0.318,0.477,0.473,0.662,0.667,-0.293,-0.173,0.137,-0.579,0.552,0.457,0.503,0.605,0.666,-0.364,0.624,0.745,0.523,0.633,0.622,-0.563,0.061,-0.574,-0.259,0.546,-0.123,0.449,0.379,0.456,0.539,0.434,0.618,0.407
AOSL,0.804,0.054,-0.081,0.85,0.776,-0.426,0.184,0.773,0.691,0.685,0.383,0.0,-0.591,0.073,0.487,0.412,0.658,-0.116,-0.835,-0.421,-0.527,0.669,0.293,0.842,-0.612,0.625,0.563,0.623,0.888,-0.463,0.42,-0.081,0.49,0.557,-0.164,0.615,0.881,0.577,0.677,-0.046,0.176,0.612,0.442,-0.352,-0.714,-0.045,-0.238,0.219,-0.204,0.154,0.745,0.007,-0.278,0.156,0.29,-0.519,0.109,-0.602,-0.692,0.664,-0.808,0.824,0.793,0.748,0.728,0.764,0.146,0.263,0.712,-0.114,0.673,0.846,0.667,0.809,0.534,-0.064,-0.754,0.811,0.72,0.692,0.791,0.924,-0.43,-0.609,0.416,-0.113,-0.47,0.645,-0.256,0.508,0.562,-0.786,0.589,0.631,0.666,0.795,0.274,-0.165,-0.766,0.387,0.772,0.748,-0.536,0.437,0.184,0.345,0.825,0.545,0.793,0.142,-0.711,0.744,0.289,-0.3,0.683,-0.643,-0.133,0.839,0.683,0.589,0.708,0.529,0.105,0.786,0.7,-0.562,0.612,-0.253,-0.243,-0.487,-0.329,0.545,0.282,0.542,0.641,0.564,-0.311,0.597,-0.569,0.459,0.73,-0.772,0.014,0.806,0.156,-0.735,-0.722,0.782,-0.735,-0.74,0.547,-0.125,0.013,0.037,0.599,0.134,-0.396,-0.293,0.75,0.21,0.602,0.816,-0.605,0.258,0.794,-0.571,0.76,0.058,0.776,0.669,0.745,0.535,-0.752,-0.25,0.08,-0.355,0.77,0.537,0.876,0.41,0.689,-0.485,0.809,0.398,0.863,0.232,0.727,-0.504,0.543,-0.667,-0.505,0.564,-0.036,0.684,0.128,0.356,0.871,0.549,0.74,0.416
APDN,-0.654,-0.215,0.073,-0.787,-0.809,0.265,0.249,-0.681,-0.798,-0.342,-0.366,-0.591,0.0,0.429,-0.578,-0.691,-0.84,0.098,0.437,0.912,-0.126,-0.273,-0.567,-0.301,0.885,-0.524,-0.733,-0.427,-0.751,-0.188,-0.408,-0.472,-0.297,-0.847,0.071,-0.875,-0.648,-0.611,-0.919,0.736,-0.613,-0.692,-0.05,0.437,0.507,-0.372,0.544,-0.076,0.202,0.593,-0.822,0.378,-0.171,0.043,0.122,0.926,0.221,0.779,0.146,-0.524,0.556,-0.684,-0.701,-0.583,-0.625,-0.716,-0.791,0.285,-0.812,-0.102,-0.37,-0.414,-0.822,-0.837,-0.711,-0.042,0.632,-0.657,-0.673,-0.727,-0.833,-0.631,-0.149,0.153,-0.494,0.278,0.439,-0.295,0.544,-0.277,-0.025,0.31,-0.528,-0.692,0.101,-0.695,-0.772,-0.425,0.421,-0.484,-0.76,-0.747,0.829,-0.823,-0.67,-0.859,-0.657,-0.774,-0.715,0.033,0.859,-0.777,-0.555,0.38,-0.349,0.756,0.152,-0.44,-0.833,-0.477,-0.48,-0.828,-0.015,-0.53,-0.356,0.952,-0.899,0.702,0.78,0.707,0.673,-0.844,-0.224,0.016,-0.65,-0.19,0.288,-0.881,0.391,-0.187,-0.45,0.369,0.463,-0.884,-0.659,0.127,0.332,-0.481,0.685,0.317,-0.9,0.576,0.364,0.226,-0.021,-0.346,0.66,0.84,-0.835,-0.795,-0.855,-0.857,0.625,-0.704,-0.571,0.65,-0.412,0.142,-0.501,-0.892,-0.617,-0.336,0.453,0.743,0.314,0.299,-0.862,-0.056,-0.68,-0.601,-0.712,0.608,-0.707,-0.386,-0.775,-0.426,-0.742,0.646,-0.545,0.859,0.781,-0.142,0.01,-0.195,-0.662,0.029,-0.581,-0.708,-0.804,-0.79
APLT,0.251,0.403,-0.302,-0.021,-0.106,-0.488,0.5,0.101,-0.006,0.568,0.253,0.073,0.429,0.0,0.284,0.096,-0.046,0.089,-0.187,0.639,-0.133,0.495,-0.573,0.147,0.388,0.41,-0.285,-0.41,-0.128,-0.559,0.443,-0.767,0.547,-0.227,-0.083,-0.411,0.14,0.071,-0.39,0.568,-0.63,-0.249,0.653,-0.397,-0.07,0.045,0.734,0.426,-0.119,0.632,-0.214,0.796,-0.242,-0.016,0.144,0.623,0.784,0.281,-0.436,0.258,0.199,0.225,-0.208,0.248,0.192,0.11,-0.579,0.638,-0.051,-0.017,0.503,0.332,0.018,-0.246,-0.23,0.063,0.184,0.188,0.15,-0.114,-0.098,-0.025,0.064,-0.277,0.317,0.13,0.38,0.514,0.443,0.144,0.07,-0.343,0.299,0.009,0.589,0.185,-0.318,-0.875,0.15,-0.282,-0.061,0.043,0.375,-0.147,-0.461,-0.737,0.252,0.034,-0.077,0.733,0.083,0.127,-0.162,0.765,0.533,0.35,0.241,0.308,-0.132,0.246,0.457,-0.423,0.006,-0.008,0.484,0.434,-0.317,0.547,0.607,0.157,0.411,-0.459,-0.44,0.666,-0.039,0.575,-0.441,-0.342,0.278,0.711,0.22,-0.256,0.788,-0.088,-0.28,-0.332,-0.514,0.451,0.266,0.169,-0.448,0.685,0.887,0.226,0.534,-0.164,-0.029,0.317,-0.284,-0.321,-0.318,-0.168,-0.272,-0.519,-0.143,0.381,0.285,0.599,0.249,-0.364,0.199,0.432,-0.065,0.557,0.613,-0.284,-0.022,0.664,0.011,0.061,0.185,0.264,0.197,0.338,-0.064,0.244,0.036,-0.054,-0.315,0.043,0.458,0.475,-0.461,0.54,-0.474,0.744,0.251,-0.316,-0.109,-0.335
APVO,0.749,0.664,-0.284,0.617,0.731,-0.594,0.215,0.727,0.735,0.727,0.667,0.487,-0.578,0.284,0.0,0.833,0.8,-0.11,-0.611,-0.344,0.044,0.692,-0.052,0.32,-0.488,0.84,0.644,-0.027,0.527,-0.207,0.553,-0.061,0.826,0.644,-0.363,0.577,0.686,0.413,0.601,-0.309,0.087,0.585,0.415,-0.694,-0.488,0.491,0.096,0.224,-0.345,-0.089,0.688,0.351,0.036,-0.349,-0.066,-0.404,0.416,-0.616,-0.457,0.75,-0.205,0.832,0.551,0.714,0.723,0.77,0.312,0.238,0.767,-0.039,0.669,0.642,0.819,0.596,0.667,0.098,-0.325,0.827,0.852,0.529,0.75,0.441,0.218,-0.3,0.896,-0.185,-0.222,0.672,-0.345,0.28,-0.0,-0.447,0.827,0.817,0.234,0.79,0.494,-0.244,-0.28,0.233,0.639,0.81,-0.468,0.703,0.178,0.267,0.801,0.814,0.645,0.464,-0.774,0.76,0.461,0.261,0.787,-0.445,0.125,0.64,0.718,0.496,0.609,0.608,-0.018,0.547,0.732,-0.547,0.544,-0.194,-0.304,-0.402,-0.499,0.565,-0.216,0.45,0.51,0.382,-0.771,0.67,-0.16,0.683,0.553,-0.442,0.14,0.762,0.349,-0.338,-0.719,0.686,-0.416,-0.101,0.447,0.042,0.262,-0.353,0.21,0.223,-0.615,-0.622,0.533,0.588,0.659,0.672,-0.917,0.296,0.413,-0.415,0.611,0.222,0.599,0.604,0.807,0.72,-0.505,-0.378,0.09,-0.76,0.719,0.432,0.696,0.607,0.885,-0.315,0.813,0.751,0.664,0.787,0.807,-0.815,0.149,-0.788,-0.381,0.632,-0.199,0.536,0.399,0.522,0.697,0.466,0.73,0.515
ARGX,0.732,0.613,-0.174,0.655,0.75,-0.402,0.199,0.69,0.742,0.602,0.684,0.412,-0.691,0.096,0.833,0.0,0.765,0.042,-0.431,-0.514,0.213,0.495,0.141,0.197,-0.517,0.755,0.66,0.02,0.519,0.067,0.695,0.227,0.644,0.791,-0.102,0.643,0.641,0.608,0.674,-0.409,0.371,0.649,0.338,-0.563,-0.277,0.652,0.056,0.366,-0.208,-0.345,0.716,0.208,0.163,-0.117,-0.02,-0.511,0.246,-0.553,-0.148,0.683,-0.107,0.733,0.504,0.64,0.7,0.775,0.551,0.12,0.776,-0.008,0.513,0.524,0.823,0.655,0.679,0.371,-0.333,0.751,0.772,0.696,0.741,0.39,0.441,-0.049,0.832,-0.138,-0.098,0.534,-0.278,0.295,0.003,-0.342,0.777,0.747,0.024,0.732,0.699,0.038,-0.123,0.442,0.705,0.755,-0.496,0.782,0.432,0.48,0.723,0.854,0.683,0.438,-0.707,0.768,0.554,0.185,0.543,-0.495,0.228,0.53,0.803,0.652,0.581,0.665,0.208,0.441,0.508,-0.611,0.696,-0.404,-0.398,-0.451,-0.416,0.652,-0.01,0.373,0.521,0.386,-0.554,0.751,-0.098,0.552,0.436,-0.32,0.037,0.764,0.585,-0.041,-0.558,0.654,-0.372,0.056,0.611,-0.063,0.085,-0.201,0.207,0.457,-0.554,-0.67,0.586,0.764,0.741,0.672,-0.78,0.585,0.384,-0.331,0.584,0.249,0.63,0.687,0.771,0.667,-0.241,-0.449,0.002,-0.517,0.738,0.376,0.594,0.747,0.772,-0.298,0.751,0.672,0.64,0.741,0.78,-0.648,0.353,-0.752,-0.366,0.462,-0.26,0.419,0.553,0.431,0.574,0.601,0.782,0.695
ARLP,0.835,0.517,-0.265,0.8,0.862,-0.565,-0.045,0.85,0.838,0.647,0.611,0.658,-0.84,-0.046,0.8,0.765,0.0,-0.193,-0.616,-0.681,0.049,0.581,0.281,0.422,-0.793,0.796,0.767,0.262,0.731,-0.125,0.514,0.162,0.677,0.811,-0.324,0.771,0.775,0.528,0.844,-0.536,0.294,0.689,0.298,-0.724,-0.655,0.414,-0.221,0.232,-0.332,-0.292,0.858,0.055,-0.016,-0.224,-0.121,-0.695,0.149,-0.783,-0.444,0.75,-0.529,0.869,0.734,0.773,0.804,0.834,0.592,-0.042,0.91,0.104,0.648,0.662,0.936,0.806,0.732,0.012,-0.586,0.842,0.844,0.651,0.868,0.654,0.071,-0.31,0.73,-0.3,-0.433,0.579,-0.536,0.422,0.054,-0.486,0.733,0.857,0.161,0.868,0.721,0.073,-0.432,0.335,0.815,0.886,-0.734,0.867,0.383,0.579,0.862,0.901,0.792,0.28,-0.914,0.856,0.554,-0.098,0.682,-0.592,0.038,0.662,0.859,0.512,0.649,0.813,0.032,0.693,0.655,-0.831,0.789,-0.441,-0.573,-0.635,-0.719,0.757,0.008,0.27,0.643,0.324,-0.617,0.813,-0.381,0.522,0.651,-0.464,-0.097,0.932,0.554,-0.351,-0.623,0.689,-0.686,-0.338,0.691,-0.309,0.032,-0.317,0.194,0.238,-0.757,-0.775,0.725,0.727,0.819,0.825,-0.861,0.49,0.581,-0.548,0.597,0.085,0.588,0.837,0.768,0.6,-0.585,-0.559,-0.076,-0.592,0.91,0.268,0.807,0.665,0.935,-0.557,0.87,0.615,0.8,0.634,0.876,-0.84,0.338,-0.939,-0.722,0.429,-0.041,0.439,0.496,0.321,0.797,0.638,0.844,0.654
ATEX,-0.041,0.002,0.064,0.041,-0.204,0.328,0.086,-0.184,0.025,-0.037,0.044,-0.116,0.098,0.089,-0.11,0.042,-0.193,0.0,0.318,0.076,0.222,-0.328,0.2,-0.245,0.111,0.005,-0.138,-0.187,-0.185,0.289,0.322,-0.087,-0.178,-0.233,0.711,-0.179,-0.243,0.269,-0.266,0.092,0.313,-0.12,0.295,0.18,0.149,0.224,0.343,0.085,0.263,-0.204,-0.15,-0.054,0.553,0.172,0.323,0.182,-0.04,0.259,0.396,-0.13,0.328,-0.193,-0.367,-0.311,-0.266,-0.109,0.078,-0.223,-0.305,0.072,-0.234,-0.1,-0.12,-0.079,-0.276,0.426,0.259,-0.112,-0.239,-0.046,-0.166,-0.12,0.331,0.501,0.06,0.058,0.442,-0.298,0.601,-0.12,-0.195,-0.035,-0.218,-0.236,-0.033,-0.223,0.029,-0.045,0.401,-0.131,-0.061,-0.305,0.073,-0.0,0.332,-0.07,-0.209,-0.042,-0.172,0.237,0.164,0.067,0.249,0.216,-0.192,0.238,-0.043,-0.247,-0.034,0.385,0.028,-0.243,-0.013,-0.338,-0.236,0.126,0.115,-0.01,-0.018,-0.016,0.405,-0.227,-0.1,0.134,-0.018,0.339,0.127,-0.128,0.245,-0.063,-0.292,0.371,-0.011,-0.128,0.265,0.327,0.089,-0.105,0.126,0.347,0.119,0.066,0.024,0.443,0.177,0.042,-0.014,0.084,-0.109,0.04,-0.183,-0.237,0.186,0.197,-0.289,0.302,-0.189,0.244,-0.121,-0.206,-0.163,0.022,0.369,0.201,0.469,0.319,-0.012,0.303,-0.331,0.126,-0.229,0.02,-0.2,0.118,-0.189,-0.031,-0.31,0.329,-0.023,0.129,0.317,-0.179,-0.402,-0.133,0.278,0.134,-0.232,0.006,-0.116,0.215
ATRA,-0.76,-0.217,0.174,-0.671,-0.752,0.581,-0.294,-0.788,-0.632,-0.682,-0.432,-0.835,0.437,-0.187,-0.611,-0.431,-0.616,0.318,0.0,0.267,0.581,-0.813,0.026,-0.812,0.475,-0.594,-0.613,-0.476,-0.789,0.543,-0.266,0.128,-0.642,-0.515,0.499,-0.562,-0.88,-0.326,-0.612,-0.068,0.022,-0.641,-0.388,0.394,0.588,-0.011,0.117,-0.158,0.338,-0.329,-0.719,-0.244,0.493,0.015,-0.129,0.41,-0.295,0.594,0.811,-0.718,0.63,-0.84,-0.824,-0.813,-0.757,-0.743,0.017,-0.485,-0.734,0.243,-0.686,-0.824,-0.611,-0.676,-0.635,0.14,0.586,-0.84,-0.817,-0.575,-0.773,-0.704,0.422,0.772,-0.51,0.012,0.562,-0.769,0.382,-0.468,-0.57,0.636,-0.729,-0.736,-0.62,-0.828,-0.158,0.286,0.752,-0.333,-0.735,-0.81,0.417,-0.348,0.158,-0.187,-0.839,-0.516,-0.766,-0.114,0.674,-0.585,-0.154,0.157,-0.761,0.606,-0.012,-0.883,-0.587,-0.373,-0.569,-0.55,-0.16,-0.835,-0.794,0.409,-0.39,0.035,0.081,0.344,0.406,-0.561,-0.224,-0.586,-0.447,-0.339,0.483,-0.548,0.48,-0.552,-0.737,0.827,-0.158,-0.72,0.074,0.763,0.802,-0.726,0.538,0.669,-0.32,-0.051,-0.097,0.181,-0.439,-0.077,0.271,0.211,-0.64,-0.166,-0.582,-0.76,0.674,-0.14,-0.747,0.637,-0.814,-0.012,-0.758,-0.608,-0.801,-0.564,0.787,0.204,-0.07,0.589,-0.61,-0.437,-0.89,-0.366,-0.73,0.227,-0.821,-0.435,-0.791,-0.381,-0.775,0.588,-0.371,0.584,0.438,-0.753,-0.131,-0.737,0.024,-0.429,-0.844,-0.424,-0.714,-0.223
AUTL,-0.413,-0.028,-0.044,-0.648,-0.639,0.038,0.447,-0.454,-0.629,-0.069,-0.224,-0.421,0.912,0.639,-0.344,-0.514,-0.681,0.076,0.267,0.0,-0.153,-0.01,-0.735,-0.121,0.882,-0.313,-0.629,-0.394,-0.651,-0.386,-0.245,-0.584,-0.01,-0.71,-0.032,-0.787,-0.432,-0.472,-0.819,0.789,-0.674,-0.557,0.143,0.245,0.374,-0.275,0.657,0.08,0.081,0.675,-0.701,0.548,-0.237,0.028,0.066,0.929,0.388,0.687,-0.021,-0.28,0.508,-0.437,-0.548,-0.353,-0.38,-0.457,-0.856,0.446,-0.658,-0.267,-0.089,-0.174,-0.658,-0.703,-0.548,-0.038,0.479,-0.441,-0.426,-0.546,-0.64,-0.526,-0.143,-0.025,-0.245,0.335,0.465,-0.024,0.508,-0.276,0.047,0.162,-0.264,-0.517,0.311,-0.46,-0.776,-0.576,0.357,-0.358,-0.59,-0.533,0.837,-0.701,-0.681,-0.927,-0.415,-0.618,-0.563,0.233,0.749,-0.559,-0.495,0.488,-0.087,0.62,0.23,-0.201,-0.674,-0.295,-0.243,-0.765,0.092,-0.351,-0.092,0.903,-0.842,0.709,0.901,0.672,0.669,-0.763,-0.274,0.25,-0.531,0.032,0.084,-0.761,0.349,0.114,-0.311,0.186,0.685,-0.726,-0.706,0.0,0.07,-0.192,0.662,0.249,-0.842,0.779,0.603,0.262,0.141,-0.237,0.579,0.794,-0.697,-0.719,-0.725,-0.714,0.398,-0.697,-0.434,0.572,-0.19,0.389,-0.303,-0.803,-0.378,-0.12,0.321,0.795,0.432,0.1,-0.71,0.172,-0.501,-0.383,-0.498,0.583,-0.472,-0.172,-0.614,-0.27,-0.55,0.508,-0.483,0.717,0.84,0.123,-0.04,0.036,-0.664,0.268,-0.368,-0.562,-0.616,-0.721
AVDL,-0.185,0.396,-0.16,-0.166,-0.184,0.09,-0.277,-0.196,-0.033,-0.216,0.096,-0.527,-0.126,-0.133,0.044,0.213,0.049,0.222,0.581,-0.153,0.0,-0.391,0.017,-0.653,-0.033,-0.024,-0.069,-0.42,-0.396,0.48,0.167,0.206,-0.096,0.054,0.239,-0.031,-0.401,-0.022,-0.082,-0.501,0.218,-0.17,-0.09,-0.247,0.29,0.563,0.096,0.072,-0.005,-0.601,-0.156,-0.107,0.57,-0.242,-0.42,-0.022,-0.064,0.052,0.565,-0.184,0.463,-0.212,-0.363,-0.269,-0.185,-0.142,0.45,-0.504,-0.11,0.244,-0.194,-0.375,0.014,-0.212,-0.095,0.134,0.33,-0.244,-0.172,-0.202,-0.156,-0.434,0.686,0.585,0.145,-0.137,0.272,-0.32,0.052,-0.358,-0.683,0.452,-0.147,-0.095,-0.596,-0.202,0.344,0.28,0.676,-0.18,-0.174,-0.178,-0.075,0.349,0.403,0.124,-0.236,0.166,-0.265,0.204,0.042,0.033,0.307,0.288,-0.276,0.253,0.142,-0.47,-0.007,-0.009,-0.1,-0.043,-0.092,-0.446,-0.282,-0.146,0.121,-0.189,-0.278,-0.06,-0.073,-0.04,-0.365,-0.389,-0.076,-0.079,-0.131,0.018,0.272,-0.085,-0.463,0.605,-0.151,-0.093,0.475,0.729,0.353,-0.248,0.247,0.619,0.084,-0.193,0.045,-0.065,-0.424,0.043,-0.311,-0.38,-0.194,0.491,-0.016,-0.259,0.013,0.185,-0.497,0.243,-0.445,0.138,-0.419,-0.066,-0.251,-0.188,0.523,-0.152,-0.066,0.07,-0.007,-0.242,-0.445,0.222,-0.042,-0.062,-0.191,0.124,-0.312,0.253,-0.163,-0.056,-0.189,-0.094,0.013,-0.396,-0.195,-0.512,0.42,-0.113,-0.361,-0.028,-0.139,0.223
BCRX,0.746,0.431,-0.163,0.54,0.683,-0.724,0.444,0.733,0.506,0.822,0.555,0.669,-0.273,0.495,0.692,0.495,0.581,-0.328,-0.813,-0.01,-0.391,0.0,-0.288,0.725,-0.247,0.708,0.471,0.253,0.637,-0.673,0.405,-0.278,0.816,0.456,-0.543,0.367,0.839,0.357,0.472,0.191,-0.201,0.522,0.549,-0.595,-0.465,0.192,0.206,0.403,-0.192,0.424,0.571,0.587,-0.49,-0.016,0.098,-0.124,0.619,-0.434,-0.813,0.81,-0.431,0.817,0.647,0.89,0.825,0.729,-0.106,0.655,0.692,-0.238,0.89,0.836,0.611,0.517,0.533,-0.118,-0.408,0.798,0.793,0.534,0.653,0.494,-0.271,-0.717,0.616,0.101,-0.389,0.94,-0.278,0.409,0.525,-0.652,0.816,0.688,0.677,0.82,0.14,-0.468,-0.497,0.273,0.597,0.771,-0.23,0.37,-0.259,-0.056,0.83,0.54,0.682,0.38,-0.546,0.567,0.095,0.135,0.86,-0.413,0.307,0.925,0.488,0.438,0.668,0.406,0.3,0.734,0.844,-0.227,0.236,0.157,0.168,-0.149,-0.257,0.386,0.002,0.761,0.454,0.432,-0.557,0.412,-0.359,0.784,0.631,-0.751,0.499,0.617,-0.117,-0.638,-0.833,0.83,-0.409,-0.472,0.108,0.324,0.489,-0.087,0.554,0.089,-0.252,-0.11,0.482,0.141,0.476,0.596,-0.733,0.013,0.561,-0.323,0.856,0.305,0.776,0.438,0.837,0.602,-0.607,0.017,0.191,-0.66,0.536,0.587,0.743,0.388,0.756,-0.151,0.802,0.567,0.659,0.467,0.75,-0.559,0.192,-0.499,-0.256,0.856,-0.001,0.867,-0.127,0.645,0.806,0.29,0.628,0.108
BHAT,0.071,-0.372,0.217,0.449,0.24,0.318,-0.485,0.021,0.363,-0.124,-0.034,0.293,-0.567,-0.573,-0.052,0.141,0.281,0.2,0.026,-0.735,0.017,-0.288,0.0,0.006,-0.617,0.06,0.184,0.342,0.435,0.446,0.163,0.405,-0.358,0.289,0.438,0.416,0.106,0.437,0.428,-0.531,0.622,0.173,-0.098,0.098,-0.286,-0.054,-0.572,-0.136,0.246,-0.536,0.307,-0.648,0.422,0.195,0.294,-0.621,-0.43,-0.304,0.173,-0.088,-0.411,0.06,0.166,-0.028,-0.021,0.054,0.621,-0.464,0.217,0.42,-0.157,-0.031,0.275,0.404,0.053,0.059,-0.252,0.07,-0.037,0.268,0.231,0.453,0.034,0.246,-0.161,-0.268,-0.13,-0.263,-0.07,0.243,-0.053,-0.151,-0.149,0.048,-0.219,0.059,0.483,0.47,-0.226,0.089,0.213,0.057,-0.594,0.308,0.68,0.68,0.037,0.262,0.208,-0.266,-0.401,0.286,0.324,-0.444,-0.168,-0.279,-0.4,-0.068,0.319,0.254,0.116,0.312,-0.28,0.025,-0.205,-0.593,0.625,-0.54,-0.754,-0.552,-0.229,0.328,0.231,-0.336,0.467,0.057,0.28,0.357,-0.167,-0.355,0.134,0.0,-0.7,0.38,0.635,0.041,0.185,-0.032,-0.534,-0.175,0.618,-0.775,-0.574,0.062,0.051,0.056,-0.365,-0.434,0.421,0.287,0.274,0.401,0.01,0.471,0.23,-0.204,-0.089,-0.405,0.113,0.426,-0.006,-0.06,-0.096,-0.492,-0.211,0.314,0.426,-0.062,0.155,-0.022,0.078,-0.478,0.074,-0.087,0.306,-0.156,0.108,-0.081,0.429,-0.367,-0.575,-0.427,-0.128,-0.121,0.474,-0.382,0.101,0.248,0.197,0.517
BLBD,0.629,-0.044,0.056,0.582,0.643,-0.372,0.43,0.667,0.491,0.608,0.378,0.842,-0.301,0.147,0.32,0.197,0.422,-0.245,-0.812,-0.121,-0.653,0.725,0.006,0.0,-0.284,0.479,0.458,0.767,0.732,-0.653,0.108,-0.103,0.455,0.406,-0.334,0.437,0.804,0.322,0.51,0.258,-0.023,0.581,0.373,-0.183,-0.626,-0.193,-0.028,0.18,-0.084,0.368,0.624,0.184,-0.542,0.178,0.333,-0.245,0.158,-0.476,-0.734,0.668,-0.734,0.67,0.762,0.672,0.667,0.651,-0.107,0.415,0.544,-0.325,0.652,0.84,0.42,0.686,0.489,-0.102,-0.692,0.697,0.618,0.593,0.624,0.666,-0.694,-0.682,0.315,-0.016,-0.535,0.67,-0.236,0.45,0.706,-0.693,0.52,0.494,0.752,0.663,0.032,-0.183,-0.73,0.436,0.614,0.639,-0.28,0.252,-0.091,0.118,0.679,0.35,0.719,0.029,-0.398,0.465,0.025,-0.341,0.595,-0.528,0.07,0.872,0.475,0.454,0.507,0.419,0.354,0.854,0.633,-0.235,0.315,0.026,0.113,-0.108,-0.161,0.421,0.347,0.635,0.416,0.396,-0.154,0.425,-0.655,0.408,0.624,-0.744,0.258,0.557,-0.182,-0.726,-0.624,0.68,-0.586,-0.879,0.244,0.18,0.081,0.045,0.604,0.151,-0.08,0.054,0.574,-0.027,0.473,0.604,-0.438,0.136,0.785,-0.459,0.763,0.134,0.705,0.486,0.684,0.429,-0.66,0.01,0.066,-0.367,0.475,0.492,0.748,0.302,0.503,-0.343,0.655,0.308,0.69,0.107,0.616,-0.304,0.409,-0.361,-0.287,0.679,0.206,0.715,-0.064,0.289,0.744,0.457,0.603,0.137
BMRN,-0.615,-0.16,0.142,-0.807,-0.706,0.304,0.346,-0.598,-0.702,-0.304,-0.308,-0.612,0.885,0.388,-0.488,-0.517,-0.793,0.111,0.475,0.882,-0.033,-0.247,-0.617,-0.284,0.0,-0.483,-0.646,-0.379,-0.756,-0.13,-0.379,-0.279,-0.228,-0.663,0.049,-0.792,-0.598,-0.554,-0.817,0.665,-0.532,-0.513,-0.085,0.493,0.598,-0.256,0.545,-0.004,0.289,0.499,-0.731,0.413,-0.186,0.03,0.089,0.878,0.166,0.665,0.268,-0.398,0.673,-0.648,-0.619,-0.534,-0.531,-0.584,-0.684,0.338,-0.731,-0.191,-0.323,-0.372,-0.747,-0.745,-0.534,0.145,0.566,-0.595,-0.57,-0.534,-0.739,-0.643,-0.018,0.228,-0.371,0.321,0.472,-0.229,0.457,-0.317,-0.027,0.384,-0.404,-0.577,0.011,-0.64,-0.654,-0.28,0.45,-0.158,-0.681,-0.645,0.809,-0.736,-0.554,-0.736,-0.607,-0.68,-0.623,0.057,0.893,-0.729,-0.575,0.393,-0.363,0.606,0.335,-0.412,-0.71,-0.368,-0.49,-0.698,0.12,-0.477,-0.35,0.933,-0.85,0.683,0.83,0.825,0.701,-0.718,-0.161,0.039,-0.624,-0.193,0.352,-0.729,0.421,-0.161,-0.481,0.387,0.473,-0.843,-0.594,0.25,0.365,-0.408,0.736,0.371,-0.81,0.721,0.334,0.197,-0.075,-0.066,0.69,0.799,-0.755,-0.676,-0.691,-0.802,0.567,-0.487,-0.456,0.655,-0.327,0.207,-0.393,-0.803,-0.481,-0.292,0.534,0.68,0.189,0.258,-0.862,-0.042,-0.638,-0.396,-0.665,0.64,-0.658,-0.318,-0.732,-0.322,-0.641,0.644,-0.426,0.85,0.852,-0.08,0.05,-0.182,-0.517,-0.012,-0.607,-0.579,-0.673,-0.642
BNGO,0.827,0.568,-0.197,0.701,0.71,-0.573,0.271,0.747,0.745,0.828,0.745,0.625,-0.524,0.41,0.84,0.755,0.796,0.005,-0.594,-0.313,-0.024,0.708,0.06,0.479,-0.483,0.0,0.513,0.086,0.593,-0.368,0.703,-0.23,0.786,0.561,-0.177,0.481,0.731,0.542,0.527,-0.169,-0.009,0.487,0.641,-0.726,-0.646,0.409,0.257,0.326,-0.169,-0.001,0.671,0.41,-0.039,-0.222,0.187,-0.264,0.497,-0.562,-0.538,0.783,-0.376,0.831,0.49,0.718,0.726,0.761,0.263,0.227,0.728,0.112,0.765,0.786,0.827,0.64,0.489,0.196,-0.434,0.846,0.757,0.556,0.674,0.569,0.062,-0.242,0.827,-0.295,-0.18,0.695,-0.124,0.465,0.085,-0.697,0.724,0.707,0.481,0.788,0.497,-0.364,-0.268,0.162,0.643,0.753,-0.482,0.74,0.22,0.175,0.833,0.818,0.671,0.639,-0.729,0.822,0.464,0.274,0.849,-0.347,0.154,0.727,0.7,0.701,0.77,0.502,0.084,0.586,0.756,-0.495,0.597,-0.144,-0.255,-0.395,-0.315,0.412,-0.241,0.623,0.562,0.63,-0.697,0.553,-0.262,0.743,0.645,-0.447,0.254,0.765,0.43,-0.443,-0.753,0.797,-0.556,-0.234,0.438,0.049,0.373,-0.158,0.506,0.171,-0.673,-0.514,0.471,0.465,0.554,0.616,-0.877,0.229,0.417,-0.23,0.647,0.353,0.682,0.53,0.794,0.747,-0.486,-0.223,0.221,-0.634,0.797,0.67,0.664,0.601,0.858,-0.487,0.819,0.79,0.688,0.721,0.767,-0.726,0.124,-0.782,-0.386,0.592,-0.382,0.656,0.324,0.609,0.79,0.42,0.684,0.479
BUSE,0.679,0.429,-0.02,0.658,0.856,-0.339,0.185,0.815,0.711,0.416,0.555,0.563,-0.733,-0.285,0.644,0.66,0.767,-0.138,-0.613,-0.629,-0.069,0.471,0.184,0.458,-0.646,0.513,0.0,0.432,0.645,-0.013,0.214,0.468,0.526,0.787,-0.383,0.842,0.711,0.379,0.863,-0.402,0.462,0.908,0.027,-0.387,-0.421,0.428,-0.276,0.147,-0.296,-0.299,0.91,-0.015,-0.094,-0.132,-0.106,-0.734,-0.108,-0.747,-0.246,0.69,-0.394,0.722,0.835,0.663,0.727,0.806,0.55,-0.009,0.822,-0.222,0.41,0.56,0.734,0.806,0.93,0.129,-0.581,0.774,0.812,0.709,0.857,0.498,-0.034,-0.264,0.677,-0.155,-0.574,0.455,-0.639,0.284,0.246,-0.285,0.704,0.82,0.016,0.759,0.585,0.336,-0.455,0.572,0.847,0.844,-0.561,0.713,0.347,0.66,0.716,0.734,0.834,-0.059,-0.712,0.627,0.493,-0.352,0.421,-0.662,0.201,0.599,0.836,0.404,0.327,0.912,0.229,0.716,0.465,-0.677,0.675,-0.491,-0.449,-0.397,-0.711,0.919,0.331,0.253,0.485,0.05,-0.373,0.909,-0.446,0.274,0.469,-0.383,-0.164,0.797,0.305,-0.203,-0.488,0.487,-0.55,-0.39,0.641,-0.191,-0.271,-0.378,-0.014,0.37,-0.339,-0.597,0.738,0.734,0.916,0.764,-0.683,0.704,0.662,-0.649,0.648,-0.012,0.518,0.873,0.744,0.501,-0.488,-0.564,-0.222,-0.574,0.679,0.06,0.765,0.697,0.718,-0.382,0.74,0.442,0.729,0.569,0.827,-0.653,0.464,-0.684,-0.556,0.498,0.285,0.291,0.567,0.156,0.62,0.753,0.907,0.581
CAKE,0.309,-0.384,0.268,0.467,0.508,0.057,0.152,0.406,0.376,0.147,0.108,0.623,-0.427,-0.41,-0.027,0.02,0.262,-0.187,-0.476,-0.394,-0.42,0.253,0.342,0.767,-0.379,0.086,0.432,0.0,0.644,-0.174,-0.151,0.344,-0.052,0.406,-0.099,0.517,0.528,0.26,0.57,-0.037,0.373,0.575,0.003,0.143,-0.434,-0.244,-0.394,-0.023,0.027,-0.041,0.559,-0.335,-0.28,0.302,0.269,-0.481,-0.36,-0.469,-0.289,0.358,-0.696,0.338,0.678,0.347,0.38,0.421,0.221,-0.008,0.388,-0.273,0.254,0.472,0.228,0.676,0.431,-0.087,-0.661,0.383,0.323,0.555,0.506,0.507,-0.61,-0.346,-0.025,-0.054,-0.571,0.228,-0.29,0.231,0.537,-0.334,0.175,0.281,0.292,0.366,0.136,0.37,-0.624,0.521,0.487,0.397,-0.375,0.235,0.262,0.464,0.332,0.204,0.586,-0.414,-0.26,0.271,0.06,-0.705,0.069,-0.564,-0.056,0.496,0.4,0.3,0.187,0.461,0.347,0.634,0.177,-0.364,0.407,-0.252,-0.163,-0.135,-0.209,0.525,0.57,0.178,0.368,0.082,0.276,0.472,-0.686,-0.093,0.317,-0.415,-0.196,0.428,-0.036,-0.321,-0.124,0.296,-0.574,-0.824,0.405,-0.174,-0.421,0.064,0.265,0.211,0.027,-0.017,0.609,0.092,0.495,0.517,-0.082,0.419,0.701,-0.499,0.422,-0.154,0.415,0.531,0.382,0.025,-0.422,-0.235,-0.239,-0.005,0.344,0.087,0.498,0.191,0.19,-0.406,0.348,0.008,0.515,-0.174,0.39,-0.064,0.583,-0.221,-0.398,0.231,0.385,0.271,0.226,-0.225,0.406,0.531,0.494,0.254
CASY,0.755,0.028,0.041,0.87,0.841,-0.376,0.017,0.734,0.735,0.586,0.401,0.888,-0.751,-0.128,0.527,0.519,0.731,-0.185,-0.789,-0.651,-0.396,0.637,0.435,0.732,-0.756,0.593,0.645,0.644,0.0,-0.267,0.394,0.15,0.4,0.699,-0.187,0.743,0.89,0.629,0.832,-0.255,0.377,0.683,0.335,-0.359,-0.629,0.076,-0.384,0.187,-0.121,-0.058,0.817,-0.115,-0.219,0.151,0.238,-0.704,0.081,-0.706,-0.599,0.653,-0.796,0.803,0.817,0.775,0.738,0.746,0.4,0.169,0.821,-0.02,0.623,0.723,0.741,0.857,0.608,-0.098,-0.667,0.787,0.73,0.762,0.848,0.813,-0.303,-0.55,0.39,-0.121,-0.572,0.595,-0.379,0.497,0.502,-0.684,0.613,0.679,0.411,0.803,0.473,0.047,-0.729,0.436,0.792,0.785,-0.707,0.562,0.298,0.569,0.789,0.646,0.831,-0.019,-0.812,0.725,0.286,-0.398,0.585,-0.727,-0.087,0.797,0.714,0.552,0.645,0.676,0.145,0.738,0.602,-0.715,0.725,-0.369,-0.443,-0.554,-0.467,0.695,0.296,0.391,0.721,0.372,-0.235,0.705,-0.568,0.354,0.646,-0.751,-0.186,0.88,0.316,-0.56,-0.594,0.702,-0.809,-0.68,0.652,-0.326,-0.171,-0.058,0.469,0.166,-0.453,-0.442,0.843,0.373,0.712,0.923,-0.62,0.425,0.768,-0.641,0.721,-0.136,0.785,0.803,0.762,0.418,-0.686,-0.444,-0.109,-0.341,0.818,0.371,0.858,0.378,0.718,-0.543,0.806,0.388,0.892,0.235,0.791,-0.565,0.608,-0.733,-0.714,0.438,0.027,0.633,0.279,0.178,0.806,0.559,0.788,0.521
CCOI,-0.367,-0.129,0.082,-0.136,-0.198,0.479,-0.372,-0.371,-0.038,-0.497,-0.296,-0.463,-0.188,-0.559,-0.207,0.067,-0.125,0.289,0.543,-0.386,0.48,-0.673,0.446,-0.653,-0.13,-0.368,-0.013,-0.174,-0.267,0.0,-0.012,0.595,-0.527,0.066,0.423,0.05,-0.466,0.056,0.025,-0.455,0.589,-0.051,-0.39,0.276,0.394,0.231,-0.28,-0.096,0.098,-0.632,-0.117,-0.471,0.617,0.074,-0.089,-0.29,-0.49,0.087,0.766,-0.404,0.428,-0.412,-0.279,-0.431,-0.395,-0.296,0.587,-0.489,-0.152,0.288,-0.572,-0.613,-0.118,-0.136,-0.105,0.286,0.332,-0.385,-0.331,-0.082,-0.166,-0.298,0.623,0.675,-0.221,-0.029,0.315,-0.589,0.009,-0.19,-0.451,0.588,-0.338,-0.209,-0.824,-0.368,0.344,0.634,0.41,0.018,-0.175,-0.321,-0.119,0.071,0.539,0.434,-0.431,0.007,-0.211,-0.321,0.075,-0.163,0.298,-0.06,-0.648,0.111,-0.102,-0.606,0.006,-0.125,-0.353,0.059,-0.156,-0.468,-0.611,-0.196,0.185,-0.373,-0.456,-0.233,-0.085,0.118,0.126,-0.588,0.0,-0.361,0.377,0.093,0.429,-0.49,-0.34,0.576,-0.542,-0.134,0.457,0.716,0.597,-0.489,0.219,0.56,0.232,-0.473,-0.527,0.034,-0.544,0.175,-0.027,-0.266,-0.026,0.361,0.033,-0.141,0.334,0.455,-0.335,0.127,-0.456,-0.287,-0.399,0.049,-0.39,-0.281,0.466,-0.357,-0.235,0.444,-0.109,-0.473,-0.397,-0.042,-0.321,0.157,-0.388,-0.319,-0.329,-0.083,-0.279,0.239,0.14,0.088,-0.066,-0.604,-0.06,-0.571,0.533,-0.445,-0.515,0.076,-0.13,0.327
