,AAPL,ACRS,ADP,AFYA,AGNC,AGYS,ALT,AMGN,AMPH,AMZN,ANIP,AOSL,APDN,APLT,APVO,ARGX,ARLP,ATEX,ATRA,AUTL,AVDL,BCRX,BHAT,BLBD,BMRN,BNGO,BUSE,CAKE,CASY,CCOI,CEVA,CHY,CLDX,CLMT,COHU,COLM,COST,CPRT,CSWC,CSX,DBX,DCOM,DKNG,DMLP,DOX,EA,EDIT,ENPH,ENSG,ERNA,ESGR,ETNB,EXTR,FANG,FARO,FATE,FGEN,FIVE,FIVN,FLGT,FOLD,FORM,FOXA,FRPT,FSLR,FTAI,GBDC,GDYN,GGAL,GNLN,GRFS,GT,HCAT,HCM,HFWA,HOLX,HQY,HUBG,IAC,ICLR,IDCC,IEP,IHRT,ILMN,ILPT,IMAB,IMOS,INMD,INTZ,JAZZ,JKHY,JRVR,KIDS,LBRDK,LGND,LMAT,LPLA,LULU,MASI,MAT,MATW,MBIN,MBIO,MCRB,MDB,MDLZ,MELI,MIRM,MLKN,MNMD,MNRO,MPWR,MRCY,MRSN,MTVA,NAAS,NDAQ,NDSN,NEGG,NOVT,NVDA,NWE,NWSA,NXST,OCX,ODFL,OMAB,OPCH,OPRA,ORGO,OTRK,OZK,PAGP,PCH,PEGA,PENG,PENN,PFBC,PGNY,PHAT,PHUN,PINC,PLUG,PLXS,PYPL,QLYS,QNCX,QQQX,QVCGA,RAPT,RBBN,RCKT,REPL,RMBS,ROAD,ROKU,ROP,RUSHA,SANM,SATS,SBCF,SBLK,SBUX,SCHL,SCSC,SDGR,SEIC,SFIX,SGRY,SKYW,SLP,SNES,STAA,STLD,STOK,SWKS,TER,TFIN,TIGO,TILE,TPIC,TTEC,TTEK,TTGT,UXIN,VERU,VLYPP,VNOM,VRNS,VRSN,WDAY,WERN,WINA,WKHS,WRLD,XP,XTKG,YY,ZION,ZM
AAPL,0.0,-0.399,-0.614,0.677,0.309,0.881,-0.568,-0.849,0.259,0.577,-0.764,-0.393,-0.071,0.333,0.651,-0.606,-0.78,0.551,-0.032,-0.611,-0.61,-0.42,0.157,0.672,0.023,0.32,0.721,0.753,-0.73,0.128,0.802,0.541,-0.358,-0.083,0.809,0.922,-0.192,0.845,-0.677,-0.066,0.129,0.563,0.656,0.231,-0.387,0.413,0.689,0.701,-0.493,-0.035,0.494,-0.484,0.633,0.341,0.642,-0.539,-0.203,0.359,0.835,0.532,0.16,0.765,-0.562,0.496,0.41,-0.12,-0.35,0.786,0.815,0.104,0.267,0.846,-0.375,0.369,0.786,-0.654,-0.615,0.73,0.42,0.633,0.889,-0.597,0.368,0.664,0.251,-0.746,0.496,0.816,0.302,-0.246,-0.529,0.543,0.695,0.443,-0.068,0.584,-0.718,0.673,0.3,0.719,0.734,0.655,-0.347,-0.273,0.807,-0.826,0.194,0.594,0.75,-0.527,0.901,0.904,0.722,-0.527,-0.427,0.436,0.347,0.762,0.378,0.862,-0.29,0.291,-0.2,-0.467,-0.823,0.818,0.655,0.504,0.538,0.098,0.495,0.703,-0.663,0.418,0.91,-0.087,0.553,0.796,0.209,0.305,-0.181,0.27,0.336,0.599,0.782,0.894,-0.298,0.111,0.274,-0.128,-0.402,0.417,-0.537,0.636,0.933,0.598,0.782,0.493,0.902,-0.021,0.703,-0.128,0.826,0.419,0.716,0.638,0.779,0.853,0.395,0.497,0.655,-0.408,0.407,0.659,0.037,0.862,0.768,0.69,-0.322,0.674,0.37,0.825,0.607,0.151,0.323,0.487,-0.446,0.429,0.367,0.794,0.102,0.727,0.702,0.463,0.802,0.738,0.032,0.818,0.429,0.804
ACRS,-0.399,0.0,0.339,0.066,-0.169,-0.297,0.272,0.457,0.016,-0.346,0.321,0.363,0.286,-0.179,-0.388,0.385,0.403,-0.39,0.18,0.166,0.496,0.16,-0.368,-0.153,-0.039,-0.154,-0.387,-0.388,0.346,0.172,-0.459,-0.14,0.279,0.003,-0.253,-0.465,0.241,-0.227,0.373,-0.142,0.041,-0.371,0.203,0.096,0.23,-0.229,-0.473,-0.4,0.285,-0.145,-0.302,0.543,-0.31,-0.257,-0.437,0.307,0.313,-0.117,-0.415,-0.41,-0.118,-0.034,0.211,-0.12,-0.37,0.275,0.281,-0.369,-0.272,-0.25,-0.229,-0.188,-0.097,-0.428,-0.263,0.419,0.386,-0.175,-0.27,-0.236,-0.351,0.674,-0.047,-0.405,-0.327,0.142,-0.164,-0.044,0.053,-0.041,0.109,-0.264,-0.326,-0.093,0.037,0.139,0.545,-0.377,-0.012,-0.502,-0.437,-0.397,0.067,0.533,-0.269,0.515,0.031,-0.329,-0.559,0.176,-0.454,-0.157,-0.407,0.117,0.22,-0.529,0.104,-0.221,-0.327,-0.405,0.294,-0.422,0.006,0.193,0.316,-0.378,-0.387,-0.069,-0.414,-0.014,-0.281,-0.391,0.222,-0.436,-0.523,0.168,-0.116,-0.67,0.018,-0.097,0.5,-0.136,-0.349,-0.519,-0.232,-0.357,0.227,0.054,-0.248,0.294,0.395,-0.237,0.09,0.136,-0.321,-0.228,-0.051,-0.176,-0.422,0.079,-0.438,0.176,-0.313,-0.151,-0.43,-0.362,-0.415,-0.465,-0.197,-0.188,-0.303,0.139,-0.379,-0.332,-0.152,-0.296,-0.114,-0.369,-0.257,-0.371,-0.25,-0.44,-0.534,-0.508,-0.23,-0.249,0.17,-0.57,-0.37,-0.41,0.152,-0.312,-0.411,-0.266,-0.399,-0.354,0.094,-0.469,-0.343,-0.35
ADP,-0.614,0.339,0.0,-0.298,0.038,-0.725,0.476,0.823,-0.585,-0.088,0.605,0.285,0.117,-0.623,-0.726,0.363,0.842,-0.784,0.47,0.463,0.749,0.357,-0.177,-0.576,-0.375,-0.585,-0.739,-0.745,0.829,-0.314,-0.798,-0.26,0.407,-0.273,-0.709,-0.673,0.639,-0.427,0.788,-0.126,0.391,-0.699,-0.11,-0.172,0.744,0.066,-0.829,-0.829,0.691,-0.374,-0.704,0.327,-0.737,-0.674,-0.563,0.747,0.196,-0.632,-0.544,-0.731,-0.405,-0.412,0.758,-0.265,-0.693,0.573,0.689,-0.644,-0.751,-0.139,-0.619,-0.736,0.476,-0.703,-0.749,0.674,0.832,-0.714,-0.514,-0.731,-0.767,0.37,-0.487,-0.397,-0.593,0.402,-0.18,-0.452,-0.108,-0.22,0.655,-0.693,-0.834,-0.546,0.285,-0.168,0.782,-0.779,0.194,-0.75,-0.825,-0.468,0.621,0.101,-0.456,0.661,0.378,-0.796,-0.759,0.516,-0.726,-0.492,-0.807,0.715,0.004,-0.715,-0.093,-0.707,-0.62,-0.756,0.722,-0.574,0.042,0.759,0.711,-0.783,-0.783,-0.7,-0.757,-0.01,-0.778,-0.724,0.71,-0.647,-0.596,0.536,-0.599,-0.663,0.119,-0.657,0.412,-0.426,-0.643,-0.728,-0.167,-0.577,0.605,0.444,-0.115,0.148,0.325,-0.566,0.22,-0.182,-0.655,-0.56,-0.357,-0.662,-0.64,0.197,-0.74,-0.169,-0.672,-0.109,-0.709,-0.812,-0.501,-0.802,0.027,-0.563,-0.831,0.097,-0.209,-0.803,-0.358,-0.762,-0.386,-0.685,0.323,-0.735,-0.582,-0.754,-0.603,-0.12,-0.691,-0.758,0.726,-0.655,-0.058,-0.409,0.449,-0.778,-0.834,-0.774,-0.433,-0.51,-0.424,-0.837,-0.506,-0.662
AFYA,0.677,0.066,-0.298,0.0,0.147,0.651,-0.329,-0.531,0.218,0.438,-0.46,0.034,0.042,0.294,0.268,-0.509,-0.422,0.144,0.256,-0.363,-0.443,-0.643,-0.079,0.59,-0.199,0.099,0.348,0.323,-0.416,0.404,0.332,0.591,-0.078,-0.129,0.574,0.587,0.154,0.771,-0.374,-0.062,0.382,0.263,0.832,0.647,-0.077,0.204,0.26,0.345,-0.092,-0.335,0.174,-0.353,0.415,0.138,0.338,-0.255,-0.076,0.319,0.572,0.072,-0.049,0.875,-0.257,0.559,-0.025,0.285,-0.256,0.498,0.638,-0.37,-0.039,0.721,-0.424,0.038,0.599,-0.173,-0.243,0.632,-0.065,0.259,0.576,-0.141,0.509,0.244,-0.201,-0.796,0.628,0.765,0.3,-0.442,-0.571,0.252,0.41,0.375,-0.173,0.782,-0.316,0.316,0.488,0.223,0.371,0.293,-0.077,-0.168,0.732,-0.446,0.352,0.278,0.264,-0.612,0.582,0.797,0.346,-0.44,-0.376,-0.133,0.48,0.645,-0.004,0.558,0.009,-0.252,-0.32,-0.364,-0.564,0.475,0.278,0.414,0.09,-0.196,0.117,0.282,-0.343,-0.062,0.583,0.244,0.264,0.34,0.247,0.08,0.279,-0.059,-0.095,0.091,0.601,0.771,0.081,0.137,-0.197,0.097,-0.117,0.188,-0.675,0.756,0.781,0.176,0.857,0.299,0.583,0.35,0.278,0.028,0.499,0.353,0.444,0.3,0.561,0.435,0.016,0.238,0.442,-0.408,-0.066,0.383,-0.202,0.582,0.676,0.398,-0.62,0.377,0.149,0.51,0.318,-0.204,0.1,0.199,-0.341,0.013,0.25,0.716,0.36,0.387,0.321,0.12,0.413,0.489,-0.118,0.389,-0.026,0.585
AGNC,0.309,-0.169,0.038,0.147,0.0,0.054,0.31,-0.054,-0.385,0.73,-0.058,-0.351,-0.03,-0.371,-0.049,0.135,0.0,-0.17,0.467,0.339,0.168,0.305,-0.038,0.25,-0.081,-0.036,0.112,0.204,0.156,-0.073,0.27,0.658,0.504,0.012,0.242,0.291,0.467,0.522,0.208,0.146,0.49,0.143,0.259,-0.253,0.382,0.609,0.12,0.102,0.293,-0.055,-0.165,0.042,-0.218,-0.236,0.543,0.413,0.327,-0.149,0.63,0.185,0.234,0.36,0.142,0.425,0.041,0.474,0.234,0.543,-0.018,0.402,-0.356,0.056,0.606,-0.028,0.126,-0.313,0.162,0.11,0.121,-0.014,0.251,-0.046,-0.254,0.728,-0.086,-0.17,0.446,0.298,0.217,-0.363,0.183,-0.26,0.024,-0.071,0.578,0.507,-0.102,-0.054,0.55,0.236,0.192,0.577,0.196,-0.024,0.581,-0.133,0.465,-0.24,-0.041,0.403,0.127,0.377,0.054,0.428,-0.582,0.019,0.506,0.253,0.028,0.294,0.365,0.016,0.123,0.419,-0.321,0.32,-0.026,-0.078,-0.098,0.445,-0.118,0.063,0.068,0.051,0.508,0.419,-0.055,0.308,0.824,-0.244,0.028,0.065,-0.007,0.081,0.439,0.354,0.253,0.707,0.613,0.525,0.006,0.426,0.115,0.506,0.275,0.318,0.41,-0.124,0.381,0.276,0.115,-0.725,0.12,0.104,0.051,0.061,0.559,0.104,0.713,0.047,-0.046,-0.135,0.748,-0.124,-0.04,0.234,0.616,0.249,0.265,0.211,0.116,0.301,0.362,0.515,-0.146,-0.164,0.38,-0.058,0.769,0.471,0.51,0.186,0.053,-0.095,0.203,0.515,-0.27,0.152,0.31,0.523
AGYS,0.881,-0.297,-0.725,0.651,0.054,0.0,-0.506,-0.884,0.625,0.24,-0.633,-0.181,0.106,0.595,0.849,-0.437,-0.846,0.786,-0.37,-0.605,-0.679,-0.453,0.004,0.839,0.338,0.645,0.892,0.861,-0.897,0.437,0.861,0.451,-0.383,0.242,0.931,0.862,-0.489,0.726,-0.855,0.126,-0.231,0.801,0.508,0.327,-0.664,0.03,0.824,0.883,-0.64,0.259,0.789,-0.342,0.869,0.642,0.668,-0.748,-0.116,0.696,0.729,0.698,0.424,0.739,-0.789,0.514,0.653,-0.382,-0.458,0.773,0.918,0.059,0.593,0.931,-0.665,0.604,0.943,-0.692,-0.831,0.886,0.571,0.858,0.904,-0.484,0.649,0.497,0.521,-0.598,0.412,0.751,0.315,0.12,-0.63,0.807,0.886,0.739,-0.094,0.484,-0.708,0.88,-0.005,0.824,0.873,0.683,-0.518,-0.013,0.645,-0.703,-0.176,0.817,0.795,-0.582,0.854,0.853,0.887,-0.759,-0.077,0.499,0.401,0.903,0.654,0.935,-0.618,0.487,0.048,-0.76,-0.877,0.897,0.867,0.794,0.728,0.169,0.761,0.882,-0.818,0.626,0.787,-0.4,0.795,0.756,-0.088,0.649,-0.371,0.433,0.605,0.744,0.66,0.747,-0.595,-0.212,0.181,-0.064,-0.189,0.582,-0.396,0.435,0.895,0.716,0.68,0.805,0.862,-0.171,0.867,0.114,0.94,0.244,0.876,0.847,0.672,0.9,0.129,0.749,0.886,-0.141,0.171,0.872,0.303,0.959,0.712,0.845,-0.359,0.852,0.645,0.889,0.661,0.069,0.662,0.779,-0.751,0.547,0.069,0.642,-0.244,0.893,0.875,0.72,0.748,0.705,0.394,0.892,0.588,0.812
ALT,-0.568,0.272,0.476,-0.329,0.31,-0.506,0.0,0.627,-0.129,-0.149,0.755,0.299,0.34,-0.355,-0.342,0.778,0.659,-0.421,0.15,0.784,0.597,0.545,-0.562,-0.032,0.192,0.054,-0.343,-0.321,0.512,0.152,-0.384,0.135,0.598,0.487,-0.256,-0.574,0.379,-0.266,0.632,0.392,-0.005,-0.104,-0.26,-0.251,0.439,-0.155,-0.382,-0.338,0.502,0.256,-0.267,0.612,-0.457,-0.276,-0.024,0.671,0.672,-0.012,-0.167,-0.159,0.359,-0.228,0.345,0.087,-0.086,0.351,0.629,-0.138,-0.573,0.17,-0.203,-0.532,0.486,-0.074,-0.338,0.295,0.463,-0.325,-0.116,-0.327,-0.517,0.567,-0.159,-0.08,-0.053,0.54,0.078,-0.391,0.055,0.137,0.487,-0.401,-0.381,-0.116,0.456,-0.031,0.585,-0.358,0.016,-0.297,-0.342,0.043,0.425,0.49,-0.264,0.718,-0.081,-0.504,-0.655,0.719,-0.732,-0.354,-0.425,0.63,0.203,-0.402,0.381,-0.199,-0.012,-0.349,0.29,-0.101,0.593,0.423,0.268,-0.305,-0.363,-0.208,-0.403,0.367,-0.289,-0.343,0.456,-0.191,-0.396,0.25,-0.201,-0.417,0.16,-0.117,0.023,-0.159,-0.078,-0.33,-0.28,-0.546,0.216,0.312,0.148,0.739,0.624,0.175,0.661,-0.267,-0.515,-0.093,-0.309,-0.176,-0.429,0.221,-0.336,-0.152,-0.385,-0.404,-0.359,-0.262,-0.212,-0.615,-0.06,-0.007,-0.374,0.538,0.067,-0.484,0.1,-0.364,-0.011,-0.145,0.474,-0.194,0.126,-0.403,-0.11,0.253,-0.057,-0.258,0.398,-0.276,0.044,-0.292,0.118,-0.288,-0.36,-0.267,-0.565,-0.209,0.109,-0.443,0.02,-0.192
AMGN,-0.849,0.457,0.823,-0.531,-0.054,-0.884,0.627,0.0,-0.494,-0.282,0.826,0.473,0.072,-0.53,-0.781,0.618,0.938,-0.769,0.265,0.659,0.804,0.53,-0.293,-0.677,-0.155,-0.475,-0.797,-0.791,0.879,-0.184,-0.866,-0.389,0.467,-0.063,-0.764,-0.903,0.512,-0.651,0.868,0.014,0.167,-0.684,-0.361,-0.206,0.706,-0.083,-0.851,-0.848,0.716,-0.16,-0.681,0.551,-0.785,-0.574,-0.619,0.795,0.37,-0.541,-0.689,-0.64,-0.253,-0.58,0.796,-0.351,-0.583,0.458,0.678,-0.734,-0.845,-0.112,-0.529,-0.884,0.533,-0.607,-0.847,0.757,0.85,-0.727,-0.433,-0.743,-0.902,0.637,-0.556,-0.495,-0.453,0.689,-0.297,-0.626,-0.223,-0.01,0.696,-0.731,-0.837,-0.517,0.311,-0.323,0.912,-0.788,-0.008,-0.776,-0.846,-0.547,0.476,0.27,-0.679,0.894,0.105,-0.824,-0.889,0.647,-0.931,-0.733,-0.886,0.76,0.245,-0.655,-0.109,-0.771,-0.552,-0.861,0.613,-0.468,0.213,0.761,0.865,-0.838,-0.811,-0.628,-0.731,-0.003,-0.707,-0.773,0.826,-0.556,-0.813,0.409,-0.633,-0.816,0.087,-0.506,0.323,-0.342,-0.538,-0.741,-0.443,-0.804,0.496,0.266,-0.121,0.293,0.544,-0.49,0.519,-0.354,-0.865,-0.588,-0.566,-0.647,-0.84,0.13,-0.808,-0.039,-0.815,-0.133,-0.752,-0.797,-0.644,-0.934,-0.095,-0.57,-0.821,0.337,-0.226,-0.827,-0.101,-0.856,-0.53,-0.715,0.388,-0.745,-0.489,-0.874,-0.603,-0.103,-0.576,-0.711,0.678,-0.605,-0.194,-0.627,0.275,-0.788,-0.847,-0.705,-0.665,-0.699,-0.202,-0.919,-0.467,-0.774
AMPH,0.259,0.016,-0.585,0.218,-0.385,0.625,-0.129,-0.494,0.0,-0.513,-0.14,0.129,0.351,0.626,0.758,0.092,-0.574,0.777,-0.735,-0.363,-0.377,-0.188,-0.231,0.639,0.698,0.821,0.718,0.609,-0.701,0.588,0.563,0.074,-0.253,0.639,0.62,0.277,-0.756,0.083,-0.654,0.368,-0.716,0.749,0.002,0.2,-0.827,-0.573,0.633,0.71,-0.594,0.62,0.864,0.091,0.82,0.802,0.299,-0.739,-0.022,0.847,0.162,0.64,0.608,0.231,-0.777,0.159,0.723,-0.651,-0.327,0.356,0.591,-0.079,0.856,0.594,-0.794,0.665,0.703,-0.349,-0.772,0.628,0.567,0.78,0.454,-0.019,0.735,-0.068,0.727,-0.073,0.008,0.2,0.14,0.668,-0.405,0.868,0.758,0.744,-0.141,-0.02,-0.349,0.771,-0.588,0.559,0.653,0.341,-0.541,0.435,0.002,-0.204,-0.701,0.806,0.51,-0.304,0.332,0.286,0.687,-0.783,0.507,0.437,0.159,0.616,0.75,0.536,-0.856,0.588,0.403,-0.845,-0.516,0.558,0.781,0.824,0.703,0.235,0.838,0.713,-0.688,0.63,0.152,-0.758,0.779,0.309,-0.565,0.918,-0.471,0.523,0.739,0.628,0.032,0.091,-0.774,-0.696,-0.107,-0.005,0.211,0.545,0.018,-0.15,0.341,0.591,0.063,0.84,0.383,-0.449,0.674,0.542,0.631,-0.279,0.603,0.755,0.191,0.522,-0.321,0.819,0.772,0.296,-0.268,0.787,0.505,0.611,0.231,0.575,-0.168,0.666,0.724,0.479,0.33,-0.153,0.869,0.852,-0.84,0.51,-0.523,-0.014,-0.741,0.691,0.701,0.822,0.235,0.32,0.789,0.605,0.538,0.383
AMZN,0.577,-0.346,-0.088,0.438,0.73,0.24,-0.149,-0.282,-0.513,0.0,-0.379,-0.318,-0.274,-0.132,-0.061,-0.422,-0.134,-0.17,0.572,0.046,-0.24,-0.189,0.161,0.206,-0.404,-0.258,0.083,0.177,-0.033,-0.11,0.244,0.601,0.139,-0.372,0.279,0.542,0.52,0.743,0.002,-0.073,0.694,0.016,0.508,0.113,0.402,0.78,0.122,0.1,0.201,-0.417,-0.238,-0.385,-0.106,-0.289,0.479,0.251,0.081,-0.206,0.702,0.023,-0.141,0.584,0.17,0.527,-0.147,0.508,-0.036,0.513,0.205,0.166,-0.45,0.22,0.445,-0.102,0.174,-0.239,0.116,0.204,-0.109,-0.076,0.397,-0.356,-0.19,0.718,-0.33,-0.515,0.603,0.555,0.258,-0.675,-0.133,-0.268,0.056,-0.089,0.205,0.641,-0.263,-0.021,0.783,0.214,0.187,0.427,0.184,-0.497,0.775,-0.392,0.681,-0.172,0.115,-0.121,0.435,0.58,0.074,0.262,-0.728,-0.04,0.411,0.287,-0.186,0.385,0.437,-0.195,-0.321,0.279,-0.341,0.333,-0.055,-0.105,-0.139,-0.031,-0.23,0.039,0.066,-0.097,0.688,0.601,-0.151,0.46,0.776,-0.41,0.217,-0.168,-0.236,0.023,0.619,0.692,0.362,0.717,0.385,0.197,-0.3,0.136,-0.325,0.7,0.542,0.071,0.691,-0.177,0.473,0.523,0.094,-0.634,0.195,0.521,0.218,0.024,0.591,0.261,0.542,-0.165,0.023,-0.452,0.633,-0.066,-0.205,0.296,0.596,0.266,-0.112,0.166,-0.073,0.398,0.405,0.414,-0.306,-0.223,0.275,-0.048,0.88,0.774,0.711,0.134,0.08,-0.246,0.386,0.444,-0.551,0.196,0.024,0.514
ANIP,-0.764,0.321,0.605,-0.46,-0.058,-0.633,0.755,0.826,-0.14,-0.379,0.0,0.633,0.246,-0.241,-0.457,0.753,0.786,-0.45,-0.042,0.729,0.636,0.486,-0.494,-0.311,0.211,-0.033,-0.462,-0.488,0.607,0.194,-0.618,-0.25,0.495,0.366,-0.44,-0.76,0.237,-0.566,0.615,0.315,-0.113,-0.255,-0.45,-0.102,0.441,-0.312,-0.558,-0.495,0.548,0.189,-0.293,0.584,-0.47,-0.214,-0.304,0.572,0.545,-0.095,-0.512,-0.291,0.176,-0.442,0.527,-0.139,-0.189,0.235,0.578,-0.483,-0.605,-0.061,-0.179,-0.684,0.336,-0.224,-0.513,0.553,0.547,-0.418,-0.158,-0.417,-0.721,0.61,-0.217,-0.386,-0.088,0.766,-0.154,-0.56,-0.161,0.314,0.569,-0.431,-0.512,-0.118,0.406,-0.255,0.795,-0.439,-0.17,-0.461,-0.515,-0.224,0.358,0.472,-0.612,0.902,-0.235,-0.539,-0.723,0.617,-0.857,-0.598,-0.578,0.572,0.442,-0.491,0.125,-0.435,-0.144,-0.564,0.255,-0.151,0.562,0.443,0.626,-0.55,-0.459,-0.234,-0.439,0.198,-0.357,-0.45,0.615,-0.205,-0.696,0.147,-0.306,-0.608,-0.043,-0.12,0.043,-0.123,-0.149,-0.436,-0.382,-0.777,0.17,0.078,-0.046,0.497,0.777,-0.121,0.679,-0.46,-0.719,-0.311,-0.532,-0.238,-0.683,0.079,-0.466,0.013,-0.554,-0.196,-0.396,-0.437,-0.501,-0.742,-0.203,-0.188,-0.464,0.584,-0.232,-0.516,0.245,-0.567,-0.346,-0.338,0.476,-0.342,-0.04,-0.608,-0.263,0.051,-0.14,-0.334,0.355,-0.346,-0.26,-0.533,-0.01,-0.45,-0.511,-0.377,-0.63,-0.519,0.162,-0.662,-0.124,-0.524
AOSL,-0.393,0.363,0.285,0.034,-0.351,-0.181,0.299,0.473,0.129,-0.318,0.633,0.0,0.244,0.232,-0.191,0.327,0.478,-0.181,-0.178,0.384,0.194,-0.014,-0.515,-0.044,0.195,0.118,-0.222,-0.293,0.186,0.45,-0.411,-0.206,0.215,0.32,-0.083,-0.434,0.025,-0.273,0.189,0.301,-0.136,-0.074,-0.111,0.454,0.186,-0.335,-0.341,-0.227,0.306,0.06,-0.033,0.273,-0.041,0.108,-0.221,0.193,0.427,0.196,-0.353,-0.193,0.093,-0.02,0.288,0.009,-0.101,0.118,0.242,-0.35,-0.14,-0.336,0.027,-0.259,-0.141,-0.062,-0.17,0.49,0.271,0.018,-0.104,-0.16,-0.408,0.42,0.143,-0.427,-0.063,0.406,0.081,-0.18,-0.063,0.225,0.075,-0.105,-0.2,0.256,0.119,-0.041,0.596,-0.11,-0.183,-0.279,-0.267,-0.209,0.113,0.291,-0.414,0.648,-0.292,-0.188,-0.433,0.012,-0.456,-0.253,-0.316,0.116,0.539,-0.427,0.228,-0.086,-0.07,-0.249,0.037,-0.194,0.356,0.034,0.394,-0.295,-0.2,0.113,-0.192,-0.13,-0.143,-0.199,0.394,-0.07,-0.48,0.064,-0.058,-0.441,-0.223,0.105,0.091,-0.166,-0.104,-0.26,-0.123,-0.394,-0.013,-0.115,-0.315,0.31,0.688,-0.127,0.296,-0.217,-0.295,-0.279,-0.138,0.082,-0.419,0.128,-0.225,0.373,-0.22,0.214,0.003,-0.185,-0.369,-0.41,-0.379,-0.047,-0.066,0.466,-0.417,-0.131,0.332,-0.24,-0.169,-0.081,0.041,-0.078,0.082,-0.304,-0.071,-0.161,0.044,-0.06,-0.05,-0.139,-0.353,-0.213,-0.025,-0.189,-0.246,-0.195,-0.376,-0.443,0.252,-0.429,-0.187,-0.344
APDN,-0.071,0.286,0.117,0.042,-0.03,0.106,0.34,0.072,0.351,-0.274,0.246,0.244,0.0,0.124,0.164,0.39,0.04,0.142,-0.13,0.124,0.199,0.129,-0.227,0.326,0.364,0.385,0.175,0.091,-0.105,0.336,0.035,0.187,0.233,0.468,0.197,-0.098,-0.139,-0.007,-0.033,0.288,-0.274,0.265,-0.013,-0.027,-0.177,-0.354,0.111,0.148,-0.006,0.356,0.255,0.323,0.195,0.217,0.1,-0.047,0.353,0.36,-0.014,0.177,0.436,0.085,-0.234,0.1,0.212,-0.078,0.192,0.088,0.061,-0.006,0.259,0.068,-0.197,0.194,0.206,-0.063,-0.105,0.146,0.18,0.197,-0.009,0.297,0.289,-0.112,0.228,0.173,0.092,-0.046,0.216,0.334,0.05,0.247,0.168,0.357,0.113,0.091,0.163,0.189,-0.257,0.097,0.132,0.142,-0.039,0.49,-0.096,0.245,-0.297,0.125,-0.075,0.15,-0.137,0.036,0.117,-0.095,0.341,-0.074,0.303,0.19,0.311,0.087,-0.213,0.162,0.39,-0.204,-0.121,0.091,0.174,0.311,0.097,0.227,0.219,0.15,-0.167,0.181,-0.116,-0.188,0.321,-0.068,-0.108,0.313,-0.13,0.166,0.252,0.142,-0.038,-0.168,-0.215,-0.09,-0.011,0.356,0.499,0.326,0.272,-0.12,-0.03,0.199,0.01,0.299,0.01,-0.115,0.153,0.037,0.142,-0.302,0.116,0.202,-0.016,-0.023,-0.176,0.338,0.19,0.42,-0.154,0.176,0.316,0.135,0.126,0.171,-0.036,0.206,0.383,0.058,0.008,-0.044,0.295,0.259,-0.18,-0.042,-0.225,-0.057,-0.218,0.165,0.114,0.233,-0.134,0.111,0.33,0.067,0.196,0.087
APLT,0.333,-0.179,-0.623,0.294,-0.371,0.595,-0.355,-0.53,0.626,-0.132,-0.241,0.232,0.124,0.0,0.55,-0.274,-0.502,0.681,-0.519,-0.215,-0.707,-0.424,-0.118,0.532,0.466,0.639,0.544,0.474,-0.741,0.6,0.448,0.005,-0.262,0.403,0.559,0.469,-0.639,0.261,-0.755,0.267,-0.515,0.599,-0.047,0.492,-0.643,-0.373,0.621,0.658,-0.504,0.352,0.684,-0.249,0.707,0.731,0.407,-0.648,0.035,0.798,0.245,0.51,0.417,0.354,-0.602,0.315,0.566,-0.605,-0.634,0.34,0.562,-0.016,0.647,0.505,-0.59,0.721,0.599,-0.348,-0.65,0.607,0.298,0.596,0.451,-0.289,0.636,0.098,0.512,-0.105,0.137,0.272,0.204,0.403,-0.698,0.621,0.664,0.775,-0.331,0.116,-0.453,0.703,-0.347,0.516,0.602,0.223,-0.372,0.026,0.167,-0.224,-0.533,0.693,0.488,-0.616,0.462,0.291,0.629,-0.633,0.429,0.419,0.2,0.593,0.585,0.564,-0.704,0.436,0.139,-0.773,-0.45,0.491,0.635,0.741,0.633,-0.216,0.626,0.561,-0.455,0.56,0.258,-0.498,0.579,0.363,-0.349,0.645,-0.331,0.182,0.539,0.531,0.023,0.313,-0.65,-0.476,-0.106,-0.016,0.014,0.429,-0.056,-0.075,0.446,0.254,0.281,0.735,0.291,0.005,0.594,0.393,0.557,0.226,0.741,0.687,0.097,0.542,-0.373,0.473,0.788,0.246,-0.093,0.698,0.593,0.537,0.113,0.636,-0.446,0.627,0.608,0.589,0.542,-0.049,0.674,0.754,-0.809,0.51,-0.118,0.307,-0.455,0.569,0.695,0.571,0.216,0.158,0.512,0.522,0.271,0.372
APVO,0.651,-0.388,-0.726,0.268,-0.049,0.849,-0.342,-0.781,0.758,-0.061,-0.457,-0.191,0.164,0.55,0.0,-0.158,-0.806,0.927,-0.656,-0.548,-0.535,-0.155,0.022,0.745,0.606,0.802,0.934,0.9,-0.879,0.334,0.888,0.251,-0.403,0.484,0.833,0.668,-0.738,0.403,-0.817,0.273,-0.558,0.892,0.137,-0.014,-0.828,-0.167,0.892,0.915,-0.754,0.61,0.926,-0.188,0.873,0.793,0.634,-0.811,-0.122,0.728,0.56,0.877,0.619,0.365,-0.864,0.245,0.873,-0.641,-0.374,0.693,0.772,0.231,0.807,0.769,-0.627,0.757,0.865,-0.74,-0.919,0.726,0.762,0.917,0.772,-0.417,0.566,0.399,0.816,-0.269,0.126,0.449,0.172,0.453,-0.399,0.894,0.899,0.702,0.008,0.089,-0.673,0.926,-0.354,0.893,0.893,0.68,-0.609,0.165,0.335,-0.589,-0.519,0.894,0.832,-0.314,0.678,0.554,0.906,-0.712,0.15,0.717,0.204,0.764,0.852,0.817,-0.834,0.793,0.301,-0.783,-0.766,0.849,0.948,0.774,0.891,0.374,0.917,0.94,-0.844,0.821,0.604,-0.71,0.843,0.726,-0.327,0.839,-0.664,0.611,0.854,0.889,0.404,0.441,-0.815,-0.439,0.266,-0.093,-0.109,0.677,-0.059,0.045,0.623,0.825,0.28,0.854,0.726,-0.496,0.927,0.234,0.87,-0.019,0.814,0.911,0.523,0.852,0.102,0.866,0.859,0.087,0.201,0.913,0.473,0.849,0.48,0.801,-0.021,0.874,0.777,0.782,0.616,0.176,0.842,0.898,-0.773,0.757,-0.146,0.32,-0.596,0.898,0.915,0.898,0.609,0.608,0.629,0.892,0.773,0.669
ARGX,-0.606,0.385,0.363,-0.509,0.135,-0.437,0.778,0.618,0.092,-0.422,0.753,0.327,0.39,-0.274,-0.158,0.0,0.493,-0.164,-0.229,0.585,0.674,0.755,-0.483,-0.076,0.523,0.246,-0.151,-0.135,0.402,0.227,-0.257,-0.092,0.465,0.581,-0.182,-0.619,0.023,-0.432,0.474,0.384,-0.33,0.022,-0.415,-0.45,0.172,-0.317,-0.226,-0.195,0.282,0.555,-0.024,0.801,-0.289,-0.024,-0.077,0.419,0.628,0.047,-0.272,0.079,0.491,-0.39,0.177,-0.153,0.127,0.072,0.567,-0.169,-0.446,0.195,0.074,-0.473,0.287,-0.026,-0.291,0.162,0.289,-0.258,0.226,-0.09,-0.47,0.692,-0.214,-0.15,0.236,0.716,-0.19,-0.421,-0.073,0.469,0.595,-0.188,-0.211,-0.0,0.61,-0.241,0.606,-0.199,-0.286,-0.157,-0.208,0.074,0.004,0.741,-0.495,0.716,-0.401,-0.319,-0.495,0.815,-0.698,-0.437,-0.304,0.431,0.408,-0.185,0.228,-0.22,0.156,-0.327,0.034,0.199,0.698,0.315,0.303,-0.225,-0.172,-0.027,-0.144,0.562,-0.019,-0.138,0.259,0.087,-0.509,-0.133,-0.012,-0.423,-0.018,0.191,-0.214,0.257,0.195,-0.138,-0.343,-0.707,-0.1,0.029,0.238,0.595,0.758,0.263,0.815,-0.373,-0.616,0.153,-0.494,-0.016,-0.431,-0.23,-0.171,-0.059,-0.272,-0.455,-0.295,-0.126,-0.302,-0.495,0.042,0.141,-0.253,0.601,0.039,-0.276,0.361,-0.283,-0.116,-0.13,0.567,-0.087,0.229,-0.384,-0.248,0.198,0.138,-0.065,0.24,-0.158,-0.301,-0.563,-0.232,-0.122,-0.218,-0.017,-0.441,-0.241,0.433,-0.355,0.275,-0.26
ARLP,-0.78,0.403,0.842,-0.422,0.0,-0.846,0.659,0.938,-0.574,-0.134,0.786,0.478,0.04,-0.502,-0.806,0.493,0.0,-0.832,0.382,0.708,0.705,0.391,-0.33,-0.613,-0.28,-0.522,-0.844,-0.827,0.864,-0.173,-0.883,-0.315,0.457,-0.087,-0.743,-0.827,0.617,-0.528,0.857,-0.008,0.285,-0.703,-0.276,-0.086,0.787,-0.032,-0.877,-0.854,0.723,-0.279,-0.733,0.429,-0.817,-0.644,-0.527,0.856,0.432,-0.525,-0.615,-0.72,-0.286,-0.466,0.811,-0.238,-0.633,0.535,0.658,-0.703,-0.842,-0.078,-0.599,-0.872,0.571,-0.572,-0.823,0.76,0.881,-0.719,-0.54,-0.793,-0.885,0.509,-0.467,-0.422,-0.538,0.589,-0.161,-0.576,-0.179,-0.144,0.577,-0.78,-0.878,-0.496,0.24,-0.218,0.876,-0.796,0.144,-0.786,-0.868,-0.509,0.611,0.153,-0.54,0.86,0.21,-0.867,-0.922,0.557,-0.904,-0.643,-0.883,0.816,0.171,-0.723,-0.005,-0.711,-0.583,-0.814,0.69,-0.566,0.19,0.756,0.791,-0.834,-0.834,-0.669,-0.79,-0.085,-0.775,-0.819,0.859,-0.641,-0.728,0.543,-0.653,-0.792,0.13,-0.603,0.398,-0.529,-0.622,-0.789,-0.371,-0.71,0.579,0.418,-0.11,0.342,0.46,-0.52,0.432,-0.293,-0.775,-0.665,-0.438,-0.645,-0.821,0.346,-0.819,-0.072,-0.797,-0.057,-0.711,-0.804,-0.6,-0.938,-0.141,-0.613,-0.818,0.327,-0.194,-0.874,-0.196,-0.837,-0.458,-0.653,0.335,-0.735,-0.501,-0.827,-0.523,-0.038,-0.615,-0.745,0.699,-0.611,-0.036,-0.465,0.413,-0.814,-0.852,-0.798,-0.682,-0.665,-0.314,-0.916,-0.541,-0.718
ATEX,0.551,-0.39,-0.784,0.144,-0.17,0.786,-0.421,-0.769,0.777,-0.17,-0.45,-0.181,0.142,0.681,0.927,-0.164,-0.832,0.0,-0.745,-0.528,-0.608,-0.134,0.1,0.642,0.667,0.818,0.909,0.873,-0.902,0.342,0.856,0.071,-0.436,0.485,0.754,0.638,-0.879,0.283,-0.881,0.256,-0.687,0.875,-0.045,-0.007,-0.919,-0.266,0.929,0.931,-0.802,0.658,0.954,-0.169,0.878,0.871,0.578,-0.879,-0.149,0.758,0.448,0.891,0.621,0.241,-0.883,0.15,0.909,-0.792,-0.53,0.604,0.729,0.268,0.885,0.717,-0.631,0.822,0.798,-0.751,-0.955,0.676,0.779,0.923,0.711,-0.422,0.549,0.333,0.864,-0.149,-0.019,0.353,0.117,0.579,-0.444,0.899,0.915,0.722,-0.076,-0.043,-0.711,0.939,-0.478,0.884,0.89,0.567,-0.68,0.142,0.216,-0.557,-0.637,0.941,0.859,-0.349,0.672,0.419,0.922,-0.757,0.257,0.814,0.063,0.696,0.862,0.767,-0.931,0.859,0.259,-0.829,-0.688,0.789,0.95,0.809,0.957,0.282,0.957,0.93,-0.843,0.897,0.508,-0.823,0.849,0.696,-0.395,0.885,-0.705,0.674,0.905,0.916,0.219,0.365,-0.889,-0.571,0.26,-0.183,-0.142,0.652,0.011,-0.093,0.539,0.761,0.164,0.876,0.625,-0.511,0.931,0.266,0.826,-0.019,0.801,0.929,0.377,0.854,0.033,0.81,0.893,0.117,0.174,0.939,0.596,0.785,0.301,0.775,-0.06,0.851,0.766,0.775,0.577,0.154,0.879,0.948,-0.844,0.788,-0.205,0.221,-0.73,0.879,0.938,0.937,0.539,0.499,0.679,0.874,0.758,0.576
ATRA,-0.032,0.18,0.47,0.256,0.467,-0.37,0.15,0.265,-0.735,0.572,-0.042,-0.178,-0.13,-0.519,-0.656,-0.229,0.382,-0.745,0.0,0.262,0.245,-0.111,0.099,-0.284,-0.747,-0.715,-0.576,-0.506,0.546,-0.349,-0.432,0.316,0.4,-0.598,-0.387,-0.073,0.865,0.234,0.526,-0.316,0.858,-0.607,0.383,0.124,0.739,0.504,-0.526,-0.559,0.614,-0.767,-0.781,-0.138,-0.606,-0.731,-0.18,0.641,-0.016,-0.599,0.055,-0.635,-0.554,0.181,0.598,0.157,-0.736,0.78,0.192,-0.122,-0.345,-0.152,-0.857,-0.241,0.547,-0.622,-0.378,0.341,0.651,-0.336,-0.701,-0.663,-0.207,0.074,-0.355,0.089,-0.834,-0.327,0.272,0.09,0.217,-0.82,0.097,-0.693,-0.558,-0.557,-0.016,0.429,0.206,-0.656,0.71,-0.529,-0.483,-0.271,0.656,-0.346,0.336,0.06,0.867,-0.64,-0.441,0.051,-0.138,0.065,-0.515,0.516,-0.604,-0.57,0.089,-0.279,-0.721,-0.313,0.83,-0.762,-0.523,0.619,0.206,-0.354,-0.646,-0.571,-0.71,-0.287,-0.761,-0.631,0.493,-0.741,0.048,0.852,-0.62,-0.238,0.679,-0.831,0.727,-0.593,-0.793,-0.624,0.096,0.216,0.851,0.709,-0.101,0.148,-0.208,-0.383,-0.346,0.482,0.008,-0.515,0.316,-0.677,-0.118,0.636,-0.576,-0.475,-0.442,0.157,-0.488,-0.59,0.056,-0.372,0.22,-0.63,-0.556,-0.437,0.125,-0.609,-0.668,-0.352,0.09,-0.437,-0.195,-0.519,-0.614,-0.26,-0.199,-0.093,-0.765,-0.711,0.661,-0.602,0.585,0.268,0.863,-0.522,-0.573,-0.697,-0.216,0.009,-0.796,-0.439,-0.604,-0.07
AUTL,-0.611,0.166,0.463,-0.363,0.339,-0.605,0.784,0.659,-0.363,0.046,0.729,0.384,0.124,-0.215,-0.548,0.585,0.708,-0.528,0.262,0.0,0.427,0.398,-0.419,-0.187,0.048,-0.084,-0.485,-0.48,0.598,0.167,-0.481,0.057,0.723,0.323,-0.378,-0.527,0.434,-0.256,0.587,0.355,0.146,-0.225,-0.425,-0.068,0.563,-0.077,-0.44,-0.416,0.66,0.058,-0.414,0.363,-0.557,-0.299,-0.009,0.727,0.622,-0.103,-0.203,-0.275,0.201,-0.222,0.53,0.104,-0.232,0.367,0.352,-0.239,-0.633,0.119,-0.362,-0.654,0.654,-0.092,-0.456,0.382,0.577,-0.376,-0.309,-0.486,-0.577,0.418,-0.255,-0.056,-0.206,0.578,0.117,-0.467,0.002,0.062,0.338,-0.561,-0.491,-0.112,0.373,-0.035,0.563,-0.469,0.086,-0.38,-0.402,-0.081,0.532,0.232,-0.209,0.733,0.014,-0.59,-0.698,0.546,-0.685,-0.432,-0.5,0.696,0.161,-0.415,0.296,-0.283,-0.148,-0.399,0.388,-0.235,0.434,0.522,0.409,-0.405,-0.488,-0.269,-0.468,0.096,-0.433,-0.498,0.652,-0.225,-0.403,0.358,-0.408,-0.45,0.31,-0.309,0.14,-0.333,-0.208,-0.388,-0.375,-0.485,0.312,0.378,0.113,0.663,0.513,0.072,0.599,-0.241,-0.522,-0.344,-0.24,-0.297,-0.522,0.429,-0.43,-0.339,-0.535,-0.138,-0.351,-0.36,-0.283,-0.641,-0.079,-0.306,-0.401,0.48,0.104,-0.569,0.184,-0.469,-0.157,-0.202,0.314,-0.274,-0.008,-0.378,-0.038,0.322,-0.186,-0.381,0.448,-0.348,0.288,-0.183,0.247,-0.409,-0.441,-0.43,-0.615,-0.276,-0.085,-0.555,-0.164,-0.235
AVDL,-0.61,0.496,0.749,-0.443,0.168,-0.679,0.597,0.804,-0.377,-0.24,0.636,0.194,0.199,-0.707,-0.535,0.674,0.705,-0.608,0.245,0.427,0.0,0.704,-0.289,-0.463,-0.029,-0.335,-0.544,-0.503,0.753,-0.303,-0.584,-0.226,0.416,-0.042,-0.565,-0.7,0.429,-0.5,0.761,-0.128,0.115,-0.513,-0.148,-0.489,0.54,-0.043,-0.672,-0.653,0.511,-0.036,-0.519,0.663,-0.643,-0.569,-0.468,0.664,0.319,-0.535,-0.489,-0.442,-0.087,-0.503,0.557,-0.329,-0.423,0.412,0.777,-0.479,-0.696,0.022,-0.409,-0.633,0.442,-0.591,-0.634,0.461,0.667,-0.644,-0.182,-0.488,-0.687,0.565,-0.52,-0.285,-0.273,0.544,-0.335,-0.433,-0.106,0.02,0.765,-0.554,-0.675,-0.475,0.516,-0.198,0.73,-0.65,0.011,-0.567,-0.664,-0.272,0.332,0.448,-0.502,0.685,0.12,-0.667,-0.692,0.79,-0.783,-0.49,-0.678,0.669,0.094,-0.485,-0.083,-0.609,-0.375,-0.666,0.531,-0.281,0.246,0.72,0.614,-0.61,-0.595,-0.511,-0.537,0.412,-0.506,-0.542,0.459,-0.42,-0.61,0.287,-0.372,-0.661,0.14,-0.371,0.193,-0.081,-0.367,-0.561,-0.207,-0.686,0.376,0.344,0.122,0.318,0.452,-0.302,0.489,-0.21,-0.685,-0.2,-0.48,-0.518,-0.583,-0.095,-0.584,-0.191,-0.57,-0.267,-0.718,-0.644,-0.426,-0.7,0.224,-0.305,-0.727,0.261,-0.049,-0.67,-0.18,-0.617,-0.27,-0.591,0.495,-0.566,-0.396,-0.7,-0.58,-0.102,-0.467,-0.568,0.673,-0.588,-0.214,-0.62,0.205,-0.556,-0.663,-0.468,-0.432,-0.369,-0.083,-0.675,-0.171,-0.574
BCRX,-0.42,0.16,0.357,-0.643,0.305,-0.453,0.545,0.53,-0.188,-0.189,0.486,-0.014,0.129,-0.424,-0.155,0.755,0.391,-0.134,-0.111,0.398,0.704,0.0,-0.228,-0.242,0.383,0.074,-0.158,-0.044,0.369,-0.284,-0.13,-0.257,0.319,0.288,-0.257,-0.414,0.019,-0.401,0.436,0.076,-0.243,-0.089,-0.404,-0.774,0.196,0.007,-0.159,-0.212,0.163,0.455,-0.128,0.676,-0.439,-0.136,-0.062,0.403,0.393,-0.247,-0.173,0.124,0.33,-0.541,0.208,-0.335,0.12,0.018,0.57,-0.105,-0.521,0.463,-0.069,-0.476,0.463,-0.104,-0.392,-0.028,0.282,-0.444,0.316,-0.089,-0.397,0.347,-0.574,0.127,0.207,0.696,-0.373,-0.365,-0.103,0.323,0.717,-0.299,-0.275,-0.239,0.662,-0.352,0.395,-0.219,-0.211,-0.054,-0.216,0.088,-0.016,0.528,-0.433,0.448,-0.228,-0.304,-0.296,0.904,-0.518,-0.414,-0.275,0.571,0.133,0.086,-0.032,-0.364,0.077,-0.326,0.135,0.306,0.478,0.533,0.328,-0.214,-0.189,-0.237,-0.045,0.65,-0.083,-0.1,0.194,0.13,-0.331,-0.109,-0.051,-0.242,0.11,0.011,-0.317,0.271,0.172,-0.062,-0.196,-0.582,-0.076,0.215,0.568,0.35,0.363,0.16,0.804,-0.353,-0.58,0.222,-0.523,-0.187,-0.344,-0.379,-0.122,-0.281,-0.239,-0.233,-0.375,-0.158,-0.285,-0.321,0.483,0.016,-0.383,0.356,0.444,-0.304,0.264,-0.3,-0.158,-0.196,0.705,-0.166,0.023,-0.327,-0.227,0.295,-0.048,-0.153,0.428,-0.049,-0.111,-0.531,-0.132,-0.149,-0.191,-0.051,-0.193,-0.193,0.24,-0.266,0.318,-0.289
BHAT,0.157,-0.368,-0.177,-0.079,-0.038,0.004,-0.562,-0.293,-0.231,0.161,-0.494,-0.515,-0.227,-0.118,0.022,-0.483,-0.33,0.1,0.099,-0.419,-0.289,-0.228,0.0,-0.322,-0.357,-0.362,0.021,-0.019,-0.055,-0.475,0.104,-0.055,-0.239,-0.471,-0.142,0.214,-0.104,-0.025,-0.158,-0.191,0.194,-0.122,-0.105,-0.154,-0.105,0.294,0.176,0.024,-0.133,-0.234,-0.084,-0.483,0.015,0.001,-0.062,-0.26,-0.655,-0.355,0.027,0.006,-0.42,-0.148,0.001,-0.328,-0.072,-0.105,-0.406,-0.032,0.111,0.054,-0.096,0.096,0.072,-0.1,-0.054,-0.155,-0.146,-0.103,-0.093,-0.077,0.189,-0.284,-0.181,0.004,-0.112,-0.284,-0.228,-0.041,-0.28,-0.213,0.003,-0.004,0.075,-0.358,-0.253,-0.258,-0.448,-0.036,0.069,0.076,0.086,-0.19,-0.166,-0.562,0.065,-0.499,0.206,0.127,0.346,-0.23,0.402,-0.077,0.111,-0.174,-0.366,0.341,-0.553,-0.181,-0.193,-0.016,-0.035,0.033,-0.557,-0.021,-0.001,0.014,-0.003,-0.235,0.076,-0.317,-0.023,-0.009,-0.104,-0.021,0.233,-0.076,-0.241,0.306,0.113,-0.215,0.001,0.104,-0.083,0.142,-0.049,0.284,0.126,-0.159,-0.036,-0.618,-0.586,-0.225,-0.367,0.063,0.113,-0.112,-0.053,-0.237,0.218,-0.17,0.028,-0.142,-0.061,0.023,-0.027,-0.037,0.16,0.267,0.107,-0.298,-0.022,-0.543,0.064,0.107,-0.253,-0.044,-0.23,-0.184,-0.086,-0.092,-0.321,0.107,-0.093,-0.045,-0.2,-0.091,0.001,0.147,0.178,0.082,-0.028,-0.052,-0.005,0.035,0.197,0.093,-0.434,0.158,-0.096,0.027
BLBD,0.672,-0.153,-0.576,0.59,0.25,0.839,-0.032,-0.677,0.639,0.206,-0.311,-0.044,0.326,0.532,0.745,-0.076,-0.613,0.642,-0.284,-0.187,-0.463,-0.242,-0.322,0.0,0.487,0.782,0.805,0.786,-0.742,0.608,0.757,0.609,-0.052,0.545,0.899,0.694,-0.338,0.702,-0.64,0.345,-0.257,0.845,0.429,0.257,-0.525,-0.088,0.729,0.827,-0.434,0.424,0.723,-0.066,0.721,0.581,0.752,-0.474,0.254,0.82,0.746,0.689,0.692,0.732,-0.724,0.69,0.661,-0.251,-0.263,0.831,0.702,0.104,0.533,0.779,-0.465,0.657,0.901,-0.616,-0.688,0.809,0.507,0.776,0.737,-0.23,0.66,0.544,0.538,-0.41,0.527,0.66,0.421,0.2,-0.538,0.662,0.8,0.795,0.116,0.58,-0.509,0.776,0.012,0.732,0.808,0.781,-0.322,0.257,0.64,-0.394,-0.248,0.654,0.523,-0.289,0.572,0.787,0.773,-0.506,0.006,0.342,0.656,0.928,0.723,0.875,-0.534,0.464,0.323,-0.648,-0.854,0.844,0.769,0.816,0.598,0.358,0.692,0.778,-0.687,0.576,0.664,-0.301,0.77,0.607,0.015,0.658,-0.354,0.351,0.625,0.631,0.522,0.571,-0.538,-0.077,0.253,0.387,0.094,0.802,-0.105,0.356,0.748,0.731,0.63,0.806,0.708,-0.018,0.788,-0.02,0.822,0.019,0.783,0.827,0.613,0.682,0.077,0.811,0.817,0.121,0.245,0.72,0.396,0.887,0.792,0.881,-0.233,0.867,0.815,0.813,0.686,0.197,0.745,0.752,-0.612,0.435,0.158,0.579,-0.208,0.836,0.81,0.671,0.483,0.695,0.501,0.76,0.645,0.836
BMRN,0.023,-0.039,-0.375,-0.199,-0.081,0.338,0.192,-0.155,0.698,-0.404,0.211,0.195,0.364,0.466,0.606,0.523,-0.28,0.667,-0.747,0.048,-0.029,0.383,-0.357,0.487,0.0,0.854,0.614,0.581,-0.446,0.476,0.473,-0.012,0.024,0.805,0.49,0.1,-0.681,-0.066,-0.411,0.421,-0.787,0.723,-0.308,-0.208,-0.592,-0.465,0.57,0.603,-0.374,0.902,0.761,0.425,0.517,0.691,0.446,-0.408,0.366,0.709,0.159,0.748,0.86,-0.038,-0.542,0.09,0.803,-0.578,-0.043,0.365,0.267,0.29,0.745,0.247,-0.324,0.683,0.452,-0.408,-0.534,0.361,0.759,0.664,0.189,0.09,0.336,0.188,0.837,0.421,-0.08,0.005,0.124,0.833,0.007,0.587,0.573,0.661,0.335,-0.142,-0.106,0.63,-0.584,0.585,0.559,0.502,-0.481,0.65,-0.176,0.128,-0.82,0.546,0.307,0.214,0.036,0.041,0.508,-0.284,0.559,0.483,0.242,0.427,0.819,0.409,-0.719,0.783,0.724,-0.451,-0.307,0.446,0.639,0.692,0.665,0.594,0.742,0.625,-0.477,0.775,0.035,-0.723,0.694,0.241,-0.324,0.849,-0.702,0.657,0.834,0.607,-0.034,-0.192,-0.789,-0.419,0.389,0.32,0.479,0.7,0.612,-0.354,0.029,0.658,-0.172,0.719,0.16,-0.493,0.63,0.199,0.474,-0.216,0.477,0.662,0.083,0.343,0.027,0.751,0.558,0.594,0.156,0.57,0.818,0.427,0.151,0.571,0.297,0.625,0.794,0.376,0.375,0.292,0.807,0.718,-0.551,0.494,-0.335,-0.192,-0.725,0.605,0.606,0.715,0.096,0.223,0.853,0.419,0.76,0.255
BNGO,0.32,-0.154,-0.585,0.099,-0.036,0.645,0.054,-0.475,0.821,-0.258,-0.033,0.118,0.385,0.639,0.802,0.246,-0.522,0.818,-0.715,-0.084,-0.335,0.074,-0.362,0.782,0.854,0.0,0.801,0.762,-0.724,0.618,0.696,0.184,-0.076,0.824,0.742,0.398,-0.73,0.221,-0.669,0.465,-0.741,0.906,-0.111,0.018,-0.755,-0.466,0.754,0.829,-0.572,0.812,0.905,0.164,0.742,0.823,0.612,-0.597,0.282,0.906,0.392,0.841,0.898,0.264,-0.786,0.322,0.9,-0.657,-0.266,0.573,0.535,0.254,0.837,0.529,-0.53,0.843,0.74,-0.619,-0.769,0.651,0.733,0.857,0.505,-0.139,0.599,0.297,0.885,0.115,0.114,0.233,0.23,0.72,-0.351,0.78,0.775,0.872,0.158,0.076,-0.383,0.84,-0.516,0.76,0.774,0.657,-0.481,0.518,0.14,-0.152,-0.737,0.752,0.523,-0.078,0.314,0.351,0.763,-0.536,0.459,0.555,0.397,0.72,0.945,0.677,-0.839,0.794,0.645,-0.706,-0.613,0.699,0.85,0.865,0.803,0.495,0.886,0.82,-0.672,0.842,0.301,-0.731,0.862,0.437,-0.34,0.922,-0.672,0.549,0.913,0.766,0.15,0.111,-0.862,-0.434,0.285,0.287,0.289,0.827,0.321,-0.164,0.357,0.762,0.126,0.919,0.427,-0.382,0.819,0.194,0.714,-0.158,0.727,0.872,0.27,0.578,-0.05,0.889,0.816,0.498,0.134,0.775,0.754,0.71,0.398,0.796,0.047,0.843,0.932,0.638,0.601,0.212,0.956,0.915,-0.739,0.6,-0.231,0.119,-0.682,0.813,0.83,0.858,0.299,0.452,0.869,0.68,0.785,0.549
BUSE,0.721,-0.387,-0.739,0.348,0.112,0.892,-0.343,-0.797,0.718,0.083,-0.462,-0.222,0.175,0.544,0.934,-0.151,-0.844,0.909,-0.576,-0.485,-0.544,-0.158,0.021,0.805,0.614,0.801,0.0,0.945,-0.857,0.41,0.934,0.392,-0.288,0.461,0.903,0.745,-0.655,0.536,-0.806,0.313,-0.452,0.94,0.215,0.031,-0.762,-0.068,0.925,0.955,-0.65,0.568,0.91,-0.158,0.876,0.765,0.723,-0.758,-0.055,0.742,0.685,0.908,0.655,0.499,-0.827,0.4,0.861,-0.531,-0.387,0.801,0.814,0.223,0.75,0.814,-0.546,0.731,0.914,-0.77,-0.893,0.808,0.788,0.934,0.835,-0.394,0.554,0.531,0.77,-0.32,0.252,0.558,0.241,0.407,-0.4,0.856,0.95,0.732,0.112,0.251,-0.677,0.93,-0.227,0.931,0.954,0.787,-0.621,0.15,0.457,-0.597,-0.416,0.866,0.823,-0.3,0.738,0.659,0.931,-0.687,0.048,0.686,0.321,0.849,0.838,0.907,-0.774,0.764,0.28,-0.733,-0.817,0.929,0.948,0.839,0.864,0.42,0.904,0.973,-0.844,0.849,0.711,-0.622,0.843,0.803,-0.137,0.811,-0.628,0.701,0.844,0.905,0.499,0.542,-0.755,-0.339,0.354,0.009,-0.053,0.761,-0.072,0.192,0.717,0.873,0.412,0.856,0.82,-0.406,0.962,0.075,0.914,0.034,0.858,0.933,0.645,0.888,0.214,0.878,0.897,0.017,0.288,0.916,0.53,0.921,0.617,0.876,-0.054,0.934,0.797,0.872,0.684,0.248,0.815,0.872,-0.754,0.69,-0.002,0.431,-0.497,0.963,0.937,0.884,0.668,0.701,0.574,0.926,0.838,0.782
CAKE,0.753,-0.388,-0.745,0.323,0.204,0.861,-0.321,-0.791,0.609,0.177,-0.488,-0.293,0.091,0.474,0.9,-0.135,-0.827,0.873,-0.506,-0.48,-0.503,-0.044,-0.019,0.786,0.581,0.762,0.945,0.0,-0.857,0.319,0.944,0.353,-0.34,0.411,0.892,0.773,-0.608,0.573,-0.774,0.202,-0.428,0.885,0.257,-0.084,-0.714,0.026,0.908,0.935,-0.706,0.571,0.841,-0.113,0.78,0.674,0.74,-0.697,0.01,0.668,0.738,0.905,0.651,0.484,-0.822,0.384,0.844,-0.501,-0.34,0.843,0.792,0.322,0.682,0.8,-0.457,0.688,0.864,-0.844,-0.854,0.77,0.812,0.915,0.834,-0.4,0.417,0.646,0.745,-0.315,0.236,0.619,0.266,0.322,-0.38,0.757,0.904,0.658,0.169,0.286,-0.692,0.896,-0.14,0.937,0.926,0.819,-0.641,0.151,0.506,-0.628,-0.369,0.795,0.823,-0.21,0.73,0.694,0.895,-0.582,-0.047,0.702,0.324,0.818,0.794,0.9,-0.696,0.779,0.236,-0.642,-0.833,0.93,0.909,0.778,0.844,0.487,0.853,0.954,-0.835,0.83,0.73,-0.559,0.837,0.804,-0.065,0.751,-0.622,0.67,0.819,0.857,0.532,0.555,-0.725,-0.225,0.469,0.037,-0.121,0.761,-0.032,0.237,0.703,0.903,0.413,0.803,0.792,-0.384,0.943,-0.033,0.901,0.098,0.817,0.909,0.62,0.877,0.349,0.841,0.834,-0.013,0.444,0.852,0.475,0.923,0.657,0.866,0.002,0.905,0.763,0.858,0.672,0.304,0.765,0.828,-0.643,0.66,0.044,0.433,-0.433,0.947,0.936,0.834,0.683,0.687,0.57,0.913,0.854,0.775
CASY,-0.73,0.346,0.829,-0.416,0.156,-0.897,0.512,0.879,-0.701,-0.033,0.607,0.186,-0.105,-0.741,-0.879,0.402,0.864,-0.902,0.546,0.598,0.753,0.369,-0.055,-0.742,-0.446,-0.724,-0.857,-0.857,0.0,-0.366,-0.844,-0.182,0.519,-0.342,-0.83,-0.779,0.725,-0.501,0.931,-0.141,0.497,-0.796,-0.226,-0.198,0.841,0.152,-0.883,-0.908,0.825,-0.443,-0.855,0.316,-0.877,-0.768,-0.572,0.863,0.156,-0.758,-0.565,-0.763,-0.473,-0.485,0.905,-0.31,-0.758,0.656,0.593,-0.67,-0.836,-0.14,-0.755,-0.833,0.693,-0.743,-0.86,0.733,0.929,-0.776,-0.605,-0.876,-0.82,0.501,-0.603,-0.385,-0.668,0.408,-0.169,-0.564,-0.216,-0.3,0.678,-0.83,-0.904,-0.728,0.249,-0.201,0.765,-0.927,0.258,-0.828,-0.869,-0.55,0.622,0.014,-0.438,0.676,0.434,-0.907,-0.858,0.575,-0.791,-0.634,-0.899,0.789,-0.101,-0.69,-0.176,-0.788,-0.733,-0.842,0.801,-0.657,-0.051,0.869,0.793,-0.825,-0.902,-0.797,-0.854,-0.079,-0.846,-0.882,0.829,-0.733,-0.626,0.602,-0.812,-0.711,0.315,-0.75,0.496,-0.435,-0.728,-0.806,-0.363,-0.587,0.751,0.439,-0.13,0.175,0.27,-0.583,0.237,-0.145,-0.728,-0.661,-0.423,-0.841,-0.694,0.288,-0.873,-0.243,-0.868,-0.164,-0.86,-0.904,-0.431,-0.884,0.03,-0.724,-0.913,0.032,-0.166,-0.915,-0.411,-0.866,-0.453,-0.803,0.342,-0.83,-0.693,-0.823,-0.615,-0.041,-0.787,-0.892,0.826,-0.685,0.082,-0.446,0.495,-0.855,-0.933,-0.814,-0.608,-0.515,-0.535,-0.894,-0.575,-0.663
CCOI,0.128,0.172,-0.314,0.404,-0.073,0.437,0.152,-0.184,0.588,-0.11,0.194,0.45,0.336,0.6,0.334,0.227,-0.173,0.342,-0.349,0.167,-0.303,-0.284,-0.475,0.608,0.476,0.618,0.41,0.319,-0.366,0.0,0.229,0.341,0.15,0.579,0.542,0.142,-0.233,0.321,-0.333,0.526,-0.283,0.549,0.13,0.518,-0.27,-0.392,0.322,0.45,-0.063,0.35,0.495,0.15,0.511,0.489,0.385,-0.22,0.455,0.76,0.266,0.348,0.552,0.518,-0.332,0.522,0.384,-0.135,-0.184,0.316,0.443,-0.153,0.433,0.357,-0.412,0.439,0.536,-0.12,-0.323,0.638,0.208,0.422,0.275,0.269,0.646,0.007,0.338,-0.035,0.41,0.294,0.223,0.332,-0.416,0.411,0.488,0.77,0.074,0.417,0.01,0.44,-0.078,0.305,0.433,0.361,-0.227,0.375,0.217,0.161,-0.368,0.312,0.037,-0.256,0.111,0.343,0.359,-0.394,0.394,-0.077,0.651,0.617,0.464,0.442,-0.393,0.187,0.434,-0.511,-0.38,0.405,0.403,0.711,0.247,0.048,0.425,0.382,-0.212,0.333,0.118,-0.199,0.464,0.11,-0.074,0.563,-0.098,0.241,0.384,0.249,0.107,0.13,-0.396,-0.222,-0.136,0.485,0.55,0.526,0.065,0.167,0.312,0.29,0.365,0.625,0.208,0.199,0.365,0.217,0.39,0.003,0.553,0.475,0.206,0.174,-0.367,0.501,0.591,0.401,-0.239,0.41,0.521,0.467,0.392,0.548,-0.292,0.537,0.636,0.382,0.384,-0.008,0.577,0.505,-0.564,0.108,-0.132,0.268,-0.22,0.476,0.423,0.353,0.034,0.204,0.536,0.253,0.288,0.411
