,AAPL,ACRS,ADP,AFYA,AGNC,AGYS,ALT,AMGN,AMPH,AMZN,ANIP,AOSL,APDN,APLT,APVO,ARGX,ARLP,ATEX,ATRA,AUTL,AVDL,BCRX,BHAT,BLBD,BMRN,BNGO,BUSE,CAKE,CASY,CCOI,CEVA,CHY,CLDX,CLMT,COHU,COLM,COST,CPRT,CSWC,CSX,DBX,DCOM,DKNG,DMLP,DOX,EA,EDIT,ENPH,ENSG,ERNA,ESGR,ETNB,EXTR,FANG,FARO,FATE,FGEN,FIVE,FIVN,FLGT,FOLD,FORM,FOXA,FRPT,FSLR,FTAI,GBDC,GDYN,GGAL,GNLN,GRFS,GT,HCAT,HCM,HFWA,HOLX,HQY,HUBG,IAC,ICLR,IDCC,IEP,IHRT,ILMN,ILPT,IMAB,IMOS,INMD,INTZ,JAZZ,JKHY,JRVR,KIDS,LBRDK,LGND,LMAT,LPLA,LULU,MASI,MAT,MATW,MBIN,MBIO,MCRB,MDB,MDLZ,MELI,MIRM,MLKN,MNMD,MNRO,MPWR,MRCY,MRSN,MTVA,NAAS,NDAQ,NDSN,NEGG,NOVT,NVDA,NWE,NWSA,NXST,OCX,ODFL,OMAB,OPCH,OPRA,ORGO,OTRK,OZK,PAGP,PCH,PEGA,PENG,PENN,PFBC,PGNY,PHAT,PHUN,PINC,PLUG,PLXS,PYPL,QLYS,QNCX,QQQX,QVCGA,RAPT,RBBN,RCKT,REPL,RMBS,ROAD,ROKU,ROP,RUSHA,SANM,SATS,SBCF,SBLK,SBUX,SCHL,SCSC,SDGR,SEIC,SFIX,SGRY,SKYW,SLP,SNES,STAA,STLD,STOK,SWKS,TER,TFIN,TIGO,TILE,TPIC,TTEC,TTEK,TTGT,UXIN,VERU,VLYPP,VNOM,VRNS,VRSN,WDAY,WERN,WINA,WKHS,WRLD,XP,XTKG,YY,ZION,ZM
AAPL,0.0,-0.475,0.526,0.802,0.902,0.716,0.671,0.904,0.331,0.157,-0.583,0.822,-0.743,-0.405,-0.461,-0.542,0.788,0.674,-0.192,0.21,-0.748,0.895,-0.553,0.88,-0.696,0.799,0.408,0.734,0.775,-0.833,-0.116,0.267,-0.213,-0.263,0.11,0.853,0.918,-0.251,0.073,0.141,-0.014,0.489,0.12,-0.274,-0.562,0.322,0.503,0.635,0.474,0.62,0.86,-0.065,0.102,-0.317,0.294,-0.266,0.435,-0.657,-0.766,0.618,-0.581,0.868,0.758,0.89,0.553,0.864,-0.816,0.344,0.442,-0.76,0.819,0.55,0.791,0.307,0.593,-0.568,-0.298,0.619,0.306,0.897,0.941,0.222,-0.769,-0.774,0.151,-0.124,-0.427,0.865,-0.098,-0.327,0.73,-0.764,0.381,0.56,0.859,0.956,0.17,-0.631,-0.578,-0.11,0.777,-0.082,0.132,-0.31,-0.26,-0.282,0.935,-0.23,0.759,-0.651,-0.254,0.862,0.689,-0.679,0.854,-0.818,0.75,-0.205,0.822,0.854,0.671,0.729,0.857,0.239,0.708,-0.439,0.008,-0.373,0.587,0.57,0.113,0.712,0.288,0.858,0.495,0.839,-0.05,0.229,-0.734,0.797,0.357,-0.755,0.745,0.885,-0.748,-0.793,-0.855,0.949,-0.613,-0.772,0.359,0.099,-0.398,0.687,0.778,0.057,0.802,0.464,0.889,0.581,0.164,0.686,0.017,0.67,0.865,-0.703,0.715,0.596,0.223,0.264,0.906,-0.356,-0.659,0.621,0.766,-0.195,0.831,0.847,0.896,-0.018,0.835,-0.384,0.934,0.79,0.723,-0.289,0.75,0.409,0.125,0.286,0.046,0.798,0.213,0.791,-0.691,-0.134,0.413,0.307,0.782,0.668
ACRS,-0.475,0.0,-0.586,-0.409,-0.463,-0.706,-0.228,-0.202,-0.042,0.429,0.621,-0.755,0.753,0.731,0.766,0.767,-0.442,-0.522,0.066,0.279,0.762,-0.609,-0.19,-0.763,0.786,-0.491,0.261,-0.68,-0.763,0.64,0.602,-0.108,0.762,0.474,-0.469,-0.578,-0.667,0.61,0.247,0.065,0.267,0.134,0.339,-0.29,0.722,-0.169,-0.055,-0.466,-0.651,-0.417,-0.641,0.67,-0.092,0.394,-0.539,0.434,-0.147,0.691,0.785,-0.194,0.726,-0.344,-0.492,-0.529,-0.58,-0.447,0.653,0.032,0.07,0.373,-0.525,-0.19,-0.257,-0.069,0.168,0.808,0.178,-0.134,0.292,-0.511,-0.581,-0.265,0.844,0.614,0.562,0.357,0.456,-0.453,-0.066,0.404,-0.455,0.79,0.255,0.001,-0.699,-0.474,-0.399,0.628,0.601,0.44,-0.133,0.538,0.369,0.578,0.251,0.174,-0.332,0.566,-0.37,0.794,0.359,-0.448,-0.497,0.829,-0.499,0.732,-0.34,0.434,-0.584,-0.46,-0.644,-0.308,-0.691,0.055,-0.26,0.606,0.201,0.419,-0.133,-0.499,-0.437,-0.141,0.075,-0.399,-0.261,-0.693,-0.333,0.368,0.728,-0.121,-0.149,0.633,-0.491,-0.648,0.614,0.805,0.477,-0.526,0.814,0.782,-0.173,0.502,0.729,-0.302,-0.772,0.291,-0.647,-0.387,-0.659,-0.245,0.464,-0.57,-0.519,-0.517,-0.713,0.615,-0.146,-0.203,0.072,0.211,-0.537,0.607,0.741,-0.22,-0.56,-0.158,-0.691,-0.479,-0.705,0.679,-0.505,0.675,-0.367,-0.561,-0.486,0.876,-0.214,-0.553,-0.148,-0.545,0.342,-0.291,0.001,-0.51,0.7,0.587,0.004,0.127,-0.142,-0.399
ADP,0.526,-0.586,0.0,0.633,0.59,0.785,0.435,0.364,0.239,-0.342,-0.749,0.536,-0.664,-0.746,-0.618,-0.695,0.427,0.733,0.252,-0.12,-0.601,0.723,0.038,0.712,-0.728,0.611,0.042,0.527,0.619,-0.645,-0.433,0.471,-0.581,-0.604,0.214,0.696,0.628,-0.426,-0.188,-0.291,-0.091,0.126,0.023,-0.115,-0.468,0.32,0.314,0.209,0.76,0.324,0.466,-0.392,0.34,-0.559,0.509,-0.386,0.223,-0.772,-0.559,0.207,-0.515,0.4,0.278,0.492,0.39,0.387,-0.666,-0.122,0.044,-0.305,0.595,0.172,0.373,-0.001,0.173,-0.583,0.118,0.025,-0.25,0.456,0.584,-0.024,-0.73,-0.558,-0.226,-0.426,-0.375,0.419,-0.089,-0.451,0.646,-0.623,-0.113,0.152,0.652,0.522,0.129,-0.637,-0.409,-0.416,0.163,-0.481,0.094,-0.331,0.195,-0.047,0.46,-0.232,0.404,-0.771,-0.237,0.519,0.731,-0.648,0.695,-0.78,0.734,-0.397,0.722,0.505,0.382,0.689,0.691,-0.104,0.365,-0.569,0.128,-0.635,-0.172,0.544,0.263,0.34,0.058,0.502,0.553,0.631,0.306,-0.084,-0.64,0.314,-0.141,-0.512,0.494,0.634,-0.552,-0.677,-0.421,0.517,-0.789,-0.659,0.405,-0.24,-0.576,0.452,0.601,-0.192,0.832,0.198,0.643,0.463,-0.174,0.404,0.324,0.665,0.67,-0.513,0.254,0.221,-0.262,-0.18,0.612,-0.506,-0.512,0.126,0.761,-0.081,0.694,0.602,0.613,-0.61,0.388,-0.587,0.52,0.705,0.563,-0.488,0.339,0.398,-0.243,0.727,0.281,0.288,0.007,0.591,-0.688,-0.47,0.01,-0.072,0.317,0.645
AFYA,0.802,-0.409,0.633,0.0,0.877,0.643,0.749,0.785,0.28,0.129,-0.522,0.695,-0.517,-0.405,-0.456,-0.582,0.504,0.66,-0.111,0.271,-0.728,0.79,-0.335,0.802,-0.589,0.727,0.503,0.734,0.677,-0.79,-0.135,0.421,-0.19,-0.398,-0.222,0.762,0.744,-0.061,0.272,0.036,0.337,0.615,0.418,-0.145,-0.398,-0.043,0.359,0.238,0.494,0.646,0.685,0.02,0.18,-0.199,0.476,-0.124,0.162,-0.531,-0.59,0.625,-0.586,0.625,0.583,0.703,0.163,0.534,-0.674,0.292,0.61,-0.56,0.849,0.613,0.7,0.446,0.606,-0.472,-0.304,0.447,0.353,0.684,0.751,0.358,-0.673,-0.619,0.147,-0.118,-0.508,0.636,-0.007,-0.115,0.78,-0.586,0.129,0.634,0.804,0.74,-0.199,-0.378,-0.653,0.109,0.654,-0.101,0.422,-0.411,0.052,0.103,0.826,-0.321,0.822,-0.633,0.046,0.621,0.619,-0.6,0.872,-0.674,0.71,0.044,0.793,0.71,0.319,0.865,0.714,0.387,0.647,-0.214,0.356,-0.278,0.238,0.589,0.209,0.735,0.474,0.799,0.775,0.657,0.213,0.401,-0.673,0.671,0.297,-0.6,0.639,0.647,-0.503,-0.75,-0.589,0.736,-0.584,-0.759,0.577,0.226,-0.228,0.743,0.54,0.259,0.732,0.595,0.735,0.36,0.293,0.496,0.076,0.467,0.781,-0.583,0.649,0.539,0.225,0.4,0.806,-0.407,-0.574,0.49,0.717,-0.038,0.624,0.887,0.789,-0.242,0.478,-0.183,0.798,0.733,0.825,-0.258,0.743,0.353,-0.19,0.324,0.362,0.665,0.466,0.828,-0.56,0.079,0.473,0.401,0.756,0.679
AGNC,0.902,-0.463,0.59,0.877,0.0,0.636,0.807,0.857,0.229,0.243,-0.471,0.789,-0.608,-0.34,-0.387,-0.539,0.622,0.666,-0.285,0.286,-0.744,0.893,-0.544,0.864,-0.59,0.86,0.6,0.826,0.788,-0.886,-0.087,0.316,-0.104,-0.366,-0.154,0.859,0.857,-0.119,0.297,0.18,0.204,0.675,0.366,-0.202,-0.452,0.081,0.522,0.421,0.519,0.692,0.868,0.087,0.095,-0.239,0.463,-0.051,0.385,-0.527,-0.682,0.781,-0.652,0.753,0.716,0.85,0.29,0.687,-0.721,0.416,0.643,-0.737,0.9,0.741,0.815,0.53,0.715,-0.521,-0.416,0.675,0.477,0.819,0.845,0.394,-0.731,-0.655,0.261,0.022,-0.593,0.817,0.014,-0.146,0.778,-0.669,0.273,0.716,0.875,0.864,-0.092,-0.426,-0.702,0.136,0.783,-0.003,0.291,-0.291,-0.061,0.02,0.896,-0.297,0.908,-0.627,-0.002,0.705,0.586,-0.663,0.917,-0.725,0.746,0.063,0.801,0.861,0.443,0.867,0.803,0.464,0.784,-0.235,0.221,-0.189,0.481,0.677,0.264,0.865,0.353,0.947,0.742,0.693,0.093,0.466,-0.731,0.731,0.421,-0.657,0.728,0.766,-0.647,-0.764,-0.709,0.867,-0.609,-0.811,0.52,0.279,-0.203,0.756,0.626,0.276,0.732,0.617,0.832,0.402,0.369,0.565,-0.075,0.507,0.844,-0.59,0.773,0.641,0.389,0.448,0.936,-0.466,-0.605,0.628,0.678,-0.2,0.684,0.956,0.847,-0.123,0.68,-0.214,0.901,0.8,0.871,-0.238,0.875,0.248,-0.051,0.266,0.211,0.837,0.466,0.861,-0.547,0.058,0.551,0.487,0.895,0.714
AGYS,0.716,-0.706,0.785,0.643,0.636,0.0,0.508,0.445,0.279,-0.48,-0.917,0.677,-0.881,-0.803,-0.731,-0.702,0.726,0.834,0.336,-0.079,-0.708,0.837,-0.067,0.833,-0.925,0.748,-0.085,0.626,0.649,-0.7,-0.337,0.479,-0.728,-0.491,0.489,0.693,0.768,-0.61,-0.419,-0.404,-0.19,-0.039,-0.163,-0.144,-0.723,0.51,0.398,0.597,0.735,0.315,0.649,-0.472,0.475,-0.702,0.402,-0.505,0.33,-0.873,-0.729,0.22,-0.465,0.527,0.362,0.679,0.675,0.659,-0.81,-0.086,-0.003,-0.435,0.694,0.099,0.52,-0.165,0.099,-0.767,0.097,0.058,-0.279,0.659,0.805,-0.076,-0.826,-0.639,-0.251,-0.511,-0.208,0.572,-0.018,-0.685,0.536,-0.751,-0.013,0.095,0.696,0.678,0.435,-0.841,-0.378,-0.589,0.24,-0.699,-0.037,-0.406,-0.001,-0.334,0.548,-0.36,0.424,-0.825,-0.419,0.799,0.909,-0.745,0.749,-0.947,0.775,-0.628,0.834,0.665,0.738,0.571,0.886,-0.252,0.389,-0.758,-0.127,-0.758,0.035,0.515,0.173,0.288,-0.071,0.509,0.361,0.913,0.123,-0.211,-0.708,0.554,-0.074,-0.596,0.655,0.806,-0.636,-0.759,-0.627,0.714,-0.801,-0.709,0.407,-0.39,-0.757,0.5,0.824,-0.234,0.919,0.077,0.783,0.764,-0.379,0.556,0.426,0.834,0.797,-0.706,0.223,0.374,-0.278,-0.316,0.729,-0.525,-0.627,0.225,0.949,0.005,0.931,0.664,0.797,-0.548,0.696,-0.719,0.634,0.879,0.58,-0.537,0.363,0.633,-0.09,0.572,-0.004,0.373,-0.168,0.718,-0.857,-0.587,-0.132,-0.172,0.339,0.72
ALT,0.671,-0.228,0.435,0.749,0.807,0.508,0.0,0.712,0.182,0.213,-0.314,0.541,-0.31,-0.176,-0.243,-0.279,0.41,0.635,-0.123,0.379,-0.532,0.698,-0.516,0.637,-0.358,0.808,0.652,0.745,0.477,-0.731,0.02,0.292,0.084,-0.419,-0.273,0.599,0.565,0.01,0.228,0.102,0.365,0.615,0.576,-0.178,-0.315,-0.024,0.671,0.241,0.407,0.508,0.645,0.262,0.274,-0.328,0.528,0.229,0.16,-0.239,-0.36,0.756,-0.439,0.42,0.398,0.6,0.018,0.416,-0.555,0.317,0.568,-0.501,0.779,0.709,0.688,0.492,0.636,-0.272,-0.459,0.533,0.543,0.579,0.593,0.419,-0.492,-0.291,0.48,0.08,-0.434,0.539,0.205,-0.014,0.553,-0.354,0.08,0.624,0.625,0.595,-0.273,-0.164,-0.592,0.257,0.673,-0.071,0.325,-0.147,0.313,0.214,0.651,-0.27,0.813,-0.349,0.272,0.501,0.457,-0.464,0.745,-0.508,0.587,0.224,0.673,0.743,0.203,0.733,0.606,0.491,0.677,0.005,0.347,-0.074,0.252,0.6,0.179,0.748,0.144,0.786,0.749,0.463,0.044,0.599,-0.534,0.622,0.373,-0.329,0.624,0.461,-0.396,-0.508,-0.444,0.606,-0.402,-0.598,0.758,0.506,0.061,0.655,0.348,0.504,0.535,0.407,0.549,0.323,0.393,0.222,-0.178,0.24,0.628,-0.31,0.579,0.669,0.33,0.431,0.75,-0.408,-0.356,0.605,0.562,-0.177,0.437,0.865,0.626,-0.021,0.486,0.033,0.676,0.74,0.835,0.005,0.802,-0.005,-0.245,0.021,0.353,0.723,0.503,0.787,-0.3,0.215,0.488,0.56,0.837,0.649
AMGN,0.904,-0.202,0.364,0.785,0.857,0.445,0.712,0.0,0.322,0.45,-0.331,0.703,-0.444,-0.128,-0.246,-0.358,0.595,0.497,-0.355,0.382,-0.628,0.734,-0.654,0.723,-0.411,0.68,0.659,0.643,0.619,-0.747,-0.003,0.145,0.118,-0.17,-0.193,0.746,0.764,0.005,0.323,0.333,0.132,0.72,0.372,-0.285,-0.371,0.099,0.476,0.394,0.257,0.67,0.748,0.183,-0.051,-0.117,0.27,-0.051,0.279,-0.413,-0.557,0.701,-0.517,0.805,0.748,0.758,0.27,0.731,-0.674,0.443,0.592,-0.721,0.732,0.699,0.721,0.513,0.773,-0.289,-0.47,0.734,0.546,0.783,0.775,0.354,-0.577,-0.634,0.385,0.082,-0.471,0.738,-0.124,-0.065,0.712,-0.573,0.409,0.696,0.778,0.861,-0.144,-0.34,-0.585,0.194,0.906,0.224,0.284,-0.196,-0.161,-0.114,0.94,-0.127,0.793,-0.396,-0.03,0.678,0.454,-0.492,0.761,-0.57,0.6,0.111,0.648,0.753,0.393,0.731,0.63,0.477,0.762,-0.119,0.195,-0.144,0.607,0.494,0.048,0.799,0.452,0.856,0.545,0.595,-0.077,0.498,-0.596,0.737,0.457,-0.627,0.601,0.689,-0.634,-0.653,-0.736,0.827,-0.432,-0.66,0.427,0.413,-0.078,0.646,0.519,0.237,0.607,0.564,0.719,0.338,0.462,0.522,-0.213,0.408,0.73,-0.517,0.808,0.577,0.39,0.533,0.795,-0.211,-0.545,0.699,0.549,-0.285,0.571,0.814,0.751,0.243,0.64,-0.111,0.887,0.616,0.678,-0.068,0.797,0.155,0.086,0.072,0.231,0.825,0.43,0.695,-0.444,0.172,0.652,0.503,0.887,0.524
AMPH,0.331,-0.042,0.239,0.28,0.229,0.279,0.182,0.322,0.0,0.178,-0.398,0.234,-0.27,-0.193,0.044,-0.012,0.375,0.182,-0.055,0.266,-0.308,0.339,-0.146,0.277,-0.28,0.212,0.108,0.019,0.179,-0.081,-0.103,-0.028,-0.053,0.161,0.129,0.222,0.35,-0.098,-0.189,0.061,-0.296,0.168,-0.092,-0.198,-0.304,0.38,0.137,0.211,-0.012,0.128,0.17,-0.064,0.139,-0.174,-0.018,-0.434,0.294,-0.378,-0.321,0.021,0.003,0.479,0.332,0.299,0.363,0.399,-0.403,0.258,0.041,-0.245,0.161,0.039,0.29,-0.137,0.289,-0.214,0.244,0.204,0.009,0.32,0.423,-0.169,-0.181,-0.438,-0.031,-0.351,0.16,0.279,-0.412,-0.332,0.348,-0.135,0.428,0.119,0.24,0.391,0.149,-0.425,0.019,-0.244,0.168,0.056,0.069,-0.1,-0.21,-0.415,0.401,0.172,0.114,-0.265,-0.461,0.419,0.404,-0.014,0.309,-0.323,0.365,-0.186,0.258,0.085,0.312,0.203,0.196,-0.134,0.322,-0.302,-0.186,-0.375,0.103,-0.128,-0.293,0.075,0.107,0.135,0.085,0.334,-0.268,0.072,-0.026,0.464,0.104,-0.338,0.175,0.416,-0.415,-0.272,-0.43,0.366,-0.105,-0.155,-0.053,-0.048,-0.222,0.035,0.268,-0.186,0.425,-0.016,0.377,0.304,0.052,0.432,-0.089,0.415,0.332,-0.396,0.373,-0.061,-0.027,-0.033,0.319,0.267,-0.331,-0.097,0.342,-0.287,0.344,0.261,0.342,-0.072,0.317,-0.118,0.432,0.226,0.022,-0.059,0.092,0.126,0.206,0.025,0.101,0.289,-0.231,0.354,-0.392,-0.224,0.014,-0.106,0.232,0.147
AMZN,0.157,0.429,-0.342,0.129,0.243,-0.48,0.213,0.45,0.178,0.0,0.498,0.023,0.381,0.646,0.573,0.4,-0.066,-0.333,-0.652,0.461,0.015,-0.031,-0.511,-0.091,0.459,-0.023,0.704,-0.024,-0.006,-0.016,0.347,-0.276,0.776,0.394,-0.629,0.052,0.047,0.597,0.676,0.679,0.275,0.741,0.495,-0.109,0.303,-0.328,0.051,-0.175,-0.463,0.353,0.125,0.67,-0.454,0.571,-0.09,0.33,0.083,0.393,0.096,0.43,-0.003,0.332,0.371,0.115,-0.338,0.098,0.097,0.619,0.585,-0.272,0.041,0.549,0.254,0.586,0.691,0.368,-0.416,0.656,0.772,0.171,0.019,0.32,0.246,-0.052,0.594,0.55,-0.146,0.233,-0.14,0.505,0.175,0.178,0.554,0.556,0.073,0.188,-0.482,0.394,-0.161,0.718,0.542,0.874,0.295,0.191,-0.184,0.161,0.384,0.306,0.352,0.345,0.275,-0.047,-0.389,0.266,0.064,0.328,-0.135,0.679,-0.189,0.051,-0.289,0.156,-0.245,0.644,0.414,0.528,0.21,0.556,0.519,-0.082,-0.094,0.504,0.481,0.33,0.193,-0.296,-0.207,0.68,0.144,0.259,0.545,-0.076,-0.061,-0.046,-0.03,0.093,-0.156,0.166,0.343,0.057,0.025,0.717,0.606,0.16,-0.26,0.453,-0.25,0.426,0.017,-0.378,0.835,0.063,-0.679,-0.36,-0.041,0.122,0.613,0.124,0.727,0.791,0.121,0.378,0.047,0.315,-0.331,-0.385,-0.301,0.2,-0.016,0.597,-0.004,0.567,0.296,-0.213,0.071,0.441,0.427,-0.442,0.263,-0.426,0.241,0.436,0.471,0.09,0.337,0.636,0.678,0.582,0.529,-0.164
ANIP,-0.583,0.621,-0.749,-0.522,-0.471,-0.917,-0.314,-0.331,-0.398,0.498,0.0,-0.555,0.834,0.806,0.673,0.62,-0.659,-0.696,-0.406,0.11,0.652,-0.719,-0.064,-0.695,0.88,-0.542,0.237,-0.404,-0.526,0.52,0.302,-0.443,0.772,0.352,-0.517,-0.517,-0.672,0.545,0.527,0.475,0.341,0.181,0.258,0.155,0.666,-0.554,-0.19,-0.509,-0.643,-0.218,-0.436,0.526,-0.459,0.606,-0.279,0.693,-0.323,0.857,0.662,-0.003,0.34,-0.47,-0.265,-0.577,-0.676,-0.573,0.752,0.066,0.085,0.261,-0.529,0.104,-0.351,0.37,0.016,0.726,-0.29,0.111,0.418,-0.565,-0.705,0.211,0.699,0.655,0.401,0.602,0.053,-0.448,0.204,0.735,-0.494,0.638,-0.01,0.08,-0.552,-0.576,-0.482,0.847,0.217,0.68,-0.097,0.672,0.055,0.452,0.05,0.411,-0.468,0.293,-0.25,0.774,0.551,-0.722,-0.866,0.601,-0.639,0.873,-0.718,0.692,-0.679,-0.443,-0.707,-0.43,-0.74,0.43,-0.291,0.787,0.223,0.819,0.109,-0.246,-0.006,-0.088,0.024,-0.305,-0.257,-0.836,-0.09,0.332,0.517,-0.481,0.163,0.577,-0.455,-0.735,0.579,0.671,0.551,-0.612,0.722,0.553,-0.231,0.525,0.782,-0.371,-0.717,0.403,-0.89,0.035,-0.691,-0.713,0.452,-0.571,-0.477,-0.816,-0.691,0.679,-0.172,-0.129,0.363,0.428,-0.577,0.406,0.597,-0.051,-0.879,-0.053,-0.86,-0.499,-0.688,0.599,-0.559,0.701,-0.542,-0.701,-0.362,0.555,-0.163,-0.675,0.022,-0.566,-0.015,-0.199,0.34,-0.619,0.876,0.643,0.239,0.374,-0.169,-0.548
AOSL,0.822,-0.755,0.536,0.695,0.789,0.677,0.541,0.703,0.234,0.023,-0.555,0.0,-0.725,-0.525,-0.617,-0.707,0.626,0.579,-0.373,0.044,-0.9,0.827,-0.26,0.926,-0.748,0.704,0.214,0.831,0.924,-0.881,-0.438,-0.02,-0.384,-0.405,0.234,0.814,0.907,-0.456,0.041,0.291,-0.168,0.336,-0.086,0.084,-0.725,0.203,0.33,0.6,0.518,0.759,0.888,-0.352,-0.088,-0.311,0.51,-0.362,0.287,-0.678,-0.908,0.568,-0.851,0.747,0.866,0.838,0.589,0.748,-0.858,0.344,0.25,-0.73,0.731,0.592,0.584,0.371,0.33,-0.742,-0.443,0.617,0.173,0.82,0.853,0.509,-0.915,-0.811,-0.164,-0.133,-0.606,0.778,-0.003,-0.271,0.75,-0.877,0.116,0.406,0.949,0.833,0.19,-0.622,-0.791,-0.159,0.636,-0.18,-0.186,-0.563,-0.38,-0.23,0.768,-0.463,0.706,-0.758,-0.337,0.686,0.532,-0.876,0.727,-0.806,0.485,-0.205,0.736,0.721,0.703,0.541,0.788,0.296,0.636,-0.477,-0.139,-0.311,0.54,0.598,0.352,0.548,0.182,0.767,0.418,0.776,0.158,0.041,-0.839,0.478,0.477,-0.835,0.701,0.865,-0.842,-0.934,-0.785,0.85,-0.776,-0.927,0.275,-0.083,-0.503,0.51,0.839,-0.049,0.749,0.604,0.878,0.292,-0.059,0.744,0.176,0.525,0.926,-0.728,0.621,0.489,0.256,0.2,0.832,-0.485,-0.837,0.567,0.622,-0.092,0.774,0.765,0.94,-0.301,0.762,-0.51,0.77,0.666,0.711,-0.614,0.592,0.375,0.271,0.315,-0.187,0.733,0.238,0.716,-0.719,-0.325,0.447,0.201,0.627,0.502
APDN,-0.743,0.753,-0.664,-0.517,-0.608,-0.881,-0.31,-0.444,-0.27,0.381,0.834,-0.725,0.0,0.746,0.674,0.682,-0.802,-0.699,-0.145,0.145,0.684,-0.814,0.144,-0.826,0.918,-0.624,0.157,-0.576,-0.718,0.659,0.357,-0.329,0.718,0.323,-0.541,-0.704,-0.832,0.602,0.382,0.26,0.373,0.081,0.394,0.168,0.711,-0.558,-0.257,-0.699,-0.664,-0.312,-0.694,0.517,-0.298,0.514,-0.252,0.592,-0.467,0.882,0.834,-0.231,0.512,-0.647,-0.521,-0.755,-0.803,-0.768,0.766,-0.018,-0.017,0.529,-0.654,-0.058,-0.515,0.149,-0.065,0.855,-0.106,-0.167,0.263,-0.728,-0.84,0.084,0.825,0.783,0.34,0.491,0.252,-0.696,0.176,0.673,-0.528,0.821,-0.136,-0.113,-0.708,-0.751,-0.585,0.888,0.342,0.608,-0.253,0.515,0.152,0.367,0.319,0.498,-0.599,0.306,-0.372,0.812,0.57,-0.807,-0.826,0.723,-0.69,0.924,-0.698,0.657,-0.763,-0.62,-0.86,-0.483,-0.878,0.264,-0.362,0.804,0.278,0.684,-0.278,-0.471,-0.088,-0.254,0.051,-0.507,-0.253,-0.933,-0.008,0.306,0.688,-0.533,0.025,0.718,-0.61,-0.869,0.733,0.773,0.724,-0.776,0.759,0.693,-0.11,0.493,0.815,-0.429,-0.883,0.404,-0.865,-0.14,-0.817,-0.727,0.386,-0.688,-0.366,-0.864,-0.773,0.76,-0.287,-0.281,0.219,0.326,-0.711,0.469,0.672,-0.266,-0.834,0.055,-0.942,-0.567,-0.808,0.464,-0.772,0.739,-0.652,-0.747,-0.469,0.6,-0.319,-0.69,-0.101,-0.565,0.21,-0.415,0.22,-0.625,0.872,0.599,0.108,0.182,-0.291,-0.561
APLT,-0.405,0.731,-0.746,-0.405,-0.34,-0.803,-0.176,-0.128,-0.193,0.646,0.806,-0.525,0.746,0.0,0.774,0.718,-0.429,-0.679,-0.316,0.241,0.528,-0.566,-0.189,-0.646,0.823,-0.43,0.312,-0.449,-0.54,0.507,0.581,-0.259,0.866,0.498,-0.598,-0.498,-0.545,0.681,0.572,0.398,0.279,0.271,0.32,-0.052,0.624,-0.425,-0.119,-0.343,-0.707,-0.056,-0.396,0.758,-0.455,0.603,-0.417,0.516,-0.171,0.789,0.612,0.01,0.49,-0.262,-0.191,-0.391,-0.577,-0.362,0.615,0.349,0.277,0.225,-0.395,0.057,-0.185,0.243,0.221,0.731,-0.239,0.173,0.519,-0.35,-0.527,0.128,0.734,0.491,0.543,0.667,0.259,-0.249,0.023,0.636,-0.425,0.635,0.311,0.161,-0.536,-0.366,-0.456,0.722,0.231,0.68,0.043,0.717,0.215,0.35,0.002,0.248,-0.231,0.436,-0.204,0.771,0.413,-0.506,-0.752,0.711,-0.485,0.771,-0.575,0.623,-0.634,-0.364,-0.586,-0.365,-0.698,0.373,-0.121,0.698,0.075,0.693,0.211,-0.456,-0.172,0.049,0.14,-0.209,-0.198,-0.708,-0.114,0.463,0.623,-0.164,0.272,0.409,-0.427,-0.589,0.485,0.617,0.352,-0.39,0.765,0.6,-0.177,0.631,0.787,-0.255,-0.671,0.431,-0.737,-0.088,-0.54,-0.526,0.557,-0.421,-0.643,-0.709,-0.589,0.617,0.051,-0.088,0.5,0.468,-0.429,0.538,0.514,-0.058,-0.689,-0.174,-0.727,-0.35,-0.543,0.658,-0.381,0.757,-0.309,-0.618,-0.357,0.695,0.038,-0.664,0.139,-0.675,0.094,-0.106,0.237,-0.439,0.724,0.682,0.313,0.263,0.011,-0.521
APVO,-0.461,0.766,-0.618,-0.456,-0.387,-0.731,-0.243,-0.246,0.044,0.573,0.673,-0.617,0.674,0.774,0.0,0.829,-0.38,-0.614,-0.235,0.353,0.574,-0.537,-0.227,-0.689,0.787,-0.461,0.295,-0.625,-0.607,0.601,0.482,-0.277,0.785,0.593,-0.482,-0.463,-0.534,0.552,0.319,0.216,0.178,0.22,0.212,-0.081,0.613,-0.228,-0.197,-0.437,-0.681,-0.291,-0.458,0.62,-0.15,0.427,-0.4,0.339,-0.009,0.638,0.583,-0.116,0.652,-0.196,-0.284,-0.454,-0.474,-0.319,0.551,0.294,0.141,0.17,-0.488,-0.093,-0.228,0.047,0.256,0.651,0.127,0.105,0.395,-0.395,-0.47,-0.158,0.767,0.457,0.557,0.377,0.388,-0.31,-0.147,0.356,-0.429,0.643,0.433,0.111,-0.59,-0.408,-0.35,0.559,0.431,0.448,-0.146,0.672,0.235,0.426,0.002,0.082,-0.279,0.522,-0.311,0.726,0.209,-0.416,-0.583,0.773,-0.421,0.705,-0.46,0.465,-0.628,-0.47,-0.541,-0.33,-0.688,0.117,-0.131,0.583,0.009,0.543,0.041,-0.449,-0.349,-0.093,-0.016,-0.332,-0.235,-0.659,-0.421,0.438,0.678,-0.126,-0.002,0.451,-0.507,-0.522,0.422,0.658,0.291,-0.432,0.746,0.698,-0.243,0.485,0.64,-0.437,-0.674,0.227,-0.634,-0.275,-0.527,-0.39,0.507,-0.316,-0.709,-0.543,-0.626,0.425,0.007,-0.293,0.302,0.295,-0.422,0.651,0.486,-0.323,-0.625,-0.408,-0.672,-0.37,-0.57,0.539,-0.36,0.65,-0.307,-0.551,-0.484,0.738,-0.127,-0.644,0.091,-0.608,0.144,-0.126,0.006,-0.432,0.707,0.553,0.078,0.139,-0.079,-0.458
ARGX,-0.542,0.767,-0.695,-0.582,-0.539,-0.702,-0.279,-0.358,-0.012,0.4,0.62,-0.707,0.682,0.718,0.829,0.0,-0.389,-0.623,-0.056,0.241,0.689,-0.596,-0.075,-0.778,0.726,-0.566,0.077,-0.73,-0.736,0.731,0.631,-0.217,0.664,0.72,-0.286,-0.694,-0.604,0.565,0.054,0.106,0.032,-0.038,0.133,-0.131,0.638,-0.085,-0.207,-0.332,-0.631,-0.514,-0.602,0.534,-0.023,0.413,-0.401,0.287,-0.008,0.704,0.674,-0.3,0.755,-0.359,-0.484,-0.532,-0.406,-0.392,0.61,0.178,0.022,0.42,-0.598,-0.266,-0.337,-0.201,0.022,0.645,0.237,-0.126,0.184,-0.457,-0.565,-0.307,0.853,0.529,0.349,0.228,0.543,-0.44,-0.219,0.29,-0.492,0.747,0.324,-0.15,-0.721,-0.513,-0.168,0.529,0.628,0.301,-0.26,0.526,0.107,0.5,0.059,0.019,-0.403,0.497,-0.452,0.856,0.176,-0.452,-0.556,0.824,-0.547,0.746,-0.446,0.36,-0.729,-0.562,-0.464,-0.516,-0.677,-0.104,-0.3,0.525,-0.048,0.482,-0.077,-0.59,-0.481,-0.341,-0.102,-0.533,-0.384,-0.655,-0.464,0.236,0.739,-0.175,-0.16,0.539,-0.621,-0.595,0.53,0.781,0.416,-0.492,0.778,0.818,-0.293,0.302,0.598,-0.455,-0.663,0.103,-0.637,-0.404,-0.64,-0.316,0.313,-0.392,-0.508,-0.53,-0.705,0.514,-0.137,-0.42,0.192,0.139,-0.57,0.658,0.603,-0.349,-0.616,-0.201,-0.665,-0.524,-0.665,0.499,-0.405,0.631,-0.41,-0.576,-0.616,0.646,-0.293,-0.501,0.106,-0.625,0.056,-0.324,-0.164,-0.447,0.605,0.434,-0.142,-0.043,-0.238,-0.561
ARLP,0.788,-0.442,0.427,0.504,0.622,0.726,0.41,0.595,0.375,-0.066,-0.659,0.626,-0.802,-0.429,-0.38,-0.389,0.0,0.509,0.079,0.095,-0.571,0.773,-0.389,0.721,-0.74,0.622,0.064,0.451,0.554,-0.563,-0.11,0.262,-0.38,-0.039,0.361,0.613,0.803,-0.388,-0.255,-0.177,-0.344,0.113,-0.242,-0.379,-0.662,0.596,0.343,0.725,0.423,0.287,0.701,-0.191,0.21,-0.372,0.075,-0.481,0.532,-0.726,-0.751,0.309,-0.33,0.764,0.58,0.792,0.764,0.887,-0.714,0.224,0.171,-0.613,0.621,0.129,0.609,-0.096,0.307,-0.681,0.044,0.349,-0.05,0.818,0.851,-0.155,-0.649,-0.735,-0.032,-0.369,-0.054,0.767,-0.304,-0.618,0.47,-0.689,0.482,0.187,0.63,0.818,0.542,-0.789,-0.205,-0.456,0.374,-0.234,-0.028,-0.122,-0.351,-0.664,0.698,-0.085,0.367,-0.601,-0.574,0.892,0.753,-0.548,0.666,-0.772,0.698,-0.532,0.621,0.632,0.828,0.433,0.77,-0.177,0.417,-0.686,-0.317,-0.587,0.493,0.309,-0.163,0.33,0.059,0.525,0.153,0.844,-0.249,-0.054,-0.559,0.763,0.081,-0.614,0.518,0.828,-0.731,-0.61,-0.809,0.827,-0.54,-0.547,0.129,-0.232,-0.601,0.381,0.796,-0.301,0.761,0.056,0.768,0.773,-0.121,0.677,0.024,0.8,0.706,-0.693,0.463,0.333,-0.06,-0.137,0.71,-0.167,-0.602,0.341,0.775,-0.318,0.862,0.58,0.755,-0.149,0.837,-0.594,0.757,0.688,0.359,-0.295,0.432,0.528,0.219,0.226,-0.224,0.52,-0.218,0.617,-0.738,-0.39,0.04,-0.088,0.453,0.4
ATEX,0.674,-0.522,0.733,0.66,0.666,0.834,0.635,0.497,0.182,-0.333,-0.696,0.579,-0.699,-0.679,-0.614,-0.623,0.509,0.0,0.226,0.176,-0.558,0.739,-0.244,0.73,-0.719,0.801,0.212,0.664,0.536,-0.708,-0.235,0.4,-0.482,-0.629,0.298,0.673,0.615,-0.525,-0.277,-0.265,0.122,0.184,0.09,-0.11,-0.498,0.285,0.555,0.421,0.665,0.252,0.603,-0.293,0.551,-0.641,0.45,-0.137,0.191,-0.635,-0.494,0.424,-0.443,0.383,0.261,0.56,0.369,0.45,-0.657,-0.178,0.119,-0.432,0.729,0.315,0.588,0.055,0.265,-0.52,-0.028,0.148,-0.017,0.48,0.67,0.088,-0.696,-0.402,0.036,-0.346,-0.374,0.476,0.169,-0.427,0.457,-0.552,-0.131,0.335,0.627,0.573,0.142,-0.564,-0.419,-0.29,0.394,-0.557,0.11,-0.277,0.252,-0.002,0.511,-0.405,0.583,-0.656,-0.067,0.629,0.805,-0.627,0.76,-0.79,0.718,-0.31,0.85,0.683,0.475,0.696,0.81,0.007,0.435,-0.416,0.179,-0.478,0.012,0.645,0.202,0.468,-0.105,0.598,0.536,0.746,0.058,0.064,-0.655,0.448,-0.063,-0.39,0.707,0.623,-0.436,-0.635,-0.466,0.578,-0.641,-0.652,0.62,-0.076,-0.434,0.595,0.583,0.126,0.758,0.179,0.653,0.642,-0.103,0.314,0.313,0.678,0.673,-0.481,0.171,0.542,-0.24,-0.136,0.732,-0.609,-0.419,0.377,0.795,0.024,0.728,0.706,0.685,-0.327,0.545,-0.43,0.56,0.869,0.709,-0.36,0.423,0.422,-0.332,0.476,0.224,0.459,0.128,0.684,-0.617,-0.275,-0.015,0.179,0.491,0.849
ATRA,-0.192,0.066,0.252,-0.111,-0.285,0.336,-0.123,-0.355,-0.055,-0.652,-0.406,-0.373,-0.145,-0.316,-0.235,-0.056,0.079,0.226,0.0,-0.337,0.267,-0.066,0.364,-0.146,-0.177,-0.038,-0.48,-0.269,-0.361,0.261,0.093,0.594,-0.449,-0.185,0.341,-0.234,-0.239,-0.15,-0.549,-0.803,-0.095,-0.539,-0.183,-0.243,-0.009,0.372,0.033,-0.002,0.23,-0.519,-0.361,-0.121,0.539,-0.417,-0.19,-0.2,-0.128,-0.232,0.244,-0.521,0.449,-0.323,-0.599,-0.259,0.111,-0.136,0.094,-0.61,-0.407,0.405,-0.139,-0.676,-0.211,-0.664,-0.42,-0.014,0.56,-0.756,-0.663,-0.23,-0.138,-0.651,0.101,0.218,-0.209,-0.418,0.535,-0.272,-0.01,-0.462,-0.302,0.152,-0.224,-0.52,-0.318,-0.246,0.3,-0.25,0.505,-0.551,-0.574,-0.663,0.086,0.161,0.477,-0.161,-0.332,0.219,-0.454,-0.042,-0.096,0.121,0.4,0.136,-0.108,-0.117,0.217,-0.569,0.072,-0.097,0.033,-0.075,0.041,-0.678,-0.472,-0.387,-0.059,-0.566,-0.628,-0.136,-0.264,-0.383,-0.228,-0.376,-0.151,0.137,0.109,-0.421,0.148,-0.016,-0.611,0.324,-0.096,-0.115,0.267,0.218,0.272,-0.214,-0.042,0.274,0.093,-0.405,-0.336,0.023,-0.004,-0.289,0.144,-0.666,-0.175,0.522,-0.478,-0.305,0.418,0.271,-0.187,0.111,-0.553,-0.17,-0.715,-0.706,-0.248,-0.008,0.269,-0.397,0.38,0.241,0.173,-0.231,-0.216,-0.294,-0.149,-0.318,-0.263,0.128,-0.232,0.08,-0.347,0.351,-0.3,0.377,0.193,-0.547,-0.541,-0.133,-0.143,-0.389,-0.688,-0.519,-0.442,0.155
AUTL,0.21,0.279,-0.12,0.271,0.286,-0.079,0.379,0.382,0.266,0.461,0.11,0.044,0.145,0.241,0.353,0.241,0.095,0.176,-0.337,0.0,-0.077,0.092,-0.462,0.032,0.118,0.228,0.677,0.042,-0.115,-0.105,0.262,-0.138,0.444,0.274,-0.371,0.048,0.078,0.132,0.217,0.168,0.337,0.579,0.366,-0.172,-0.028,-0.251,0.113,-0.043,-0.13,0.056,0.191,0.341,0.232,0.154,0.121,0.258,0.075,0.194,0.065,0.429,0.033,0.17,0.145,0.126,-0.22,0.099,-0.045,0.284,0.483,-0.152,0.266,0.425,0.376,0.283,0.631,0.186,-0.137,0.39,0.573,0.098,0.148,0.181,0.11,0.022,0.549,0.008,-0.111,0.109,-0.136,0.207,0.072,0.134,0.335,0.523,0.085,0.157,-0.305,0.202,-0.052,0.394,0.482,0.356,0.406,0.141,0.073,0.089,0.306,-0.147,0.44,0.123,0.208,0.077,0.061,0.126,0.347,0.084,0.141,0.447,0.059,0.098,-0.118,0.319,0.029,0.365,0.458,0.408,0.283,0.314,0.253,-0.012,-0.318,0.336,0.088,0.244,0.287,0.003,-0.348,0.712,0.067,0.358,0.142,0.03,0.073,0.003,0.016,0.012,-0.146,0.133,0.201,-0.029,0.382,0.495,0.416,0.065,-0.193,0.443,0.016,0.198,0.073,0.004,0.592,0.072,-0.484,0.031,0.056,-0.007,0.31,0.263,0.295,0.468,0.269,0.136,-0.043,0.224,-0.038,-0.35,-0.091,0.371,0.13,0.346,0.09,0.348,0.267,0.19,0.169,0.246,0.269,-0.212,-0.232,-0.443,0.21,0.395,0.392,0.341,0.128,0.519,0.286,0.418,0.523,0.099
AVDL,-0.748,0.762,-0.601,-0.728,-0.744,-0.708,-0.532,-0.628,-0.308,0.015,0.652,-0.9,0.684,0.528,0.574,0.689,-0.571,-0.558,0.267,-0.077,0.0,-0.802,0.116,-0.884,0.742,-0.651,-0.157,-0.744,-0.853,0.82,0.461,-0.105,0.434,0.37,-0.161,-0.747,-0.861,0.381,-0.024,-0.148,0.121,-0.3,0.017,-0.155,0.74,-0.105,-0.193,-0.454,-0.528,-0.738,-0.766,0.349,-0.006,0.321,-0.574,0.47,-0.236,0.691,0.855,-0.448,0.776,-0.682,-0.734,-0.757,-0.506,-0.651,0.886,-0.347,-0.281,0.594,-0.712,-0.478,-0.499,-0.283,-0.31,0.718,0.332,-0.461,-0.107,-0.763,-0.807,-0.401,0.867,0.813,0.221,0.196,0.505,-0.692,0.092,0.294,-0.734,0.838,-0.107,-0.321,-0.88,-0.76,-0.092,0.611,0.777,0.179,-0.534,0.239,0.083,0.705,0.302,0.176,-0.729,0.465,-0.655,0.79,0.323,-0.63,-0.528,0.82,-0.768,0.79,-0.476,0.206,-0.69,-0.616,-0.612,-0.564,-0.714,-0.21,-0.64,0.458,0.087,0.38,-0.344,-0.455,-0.323,-0.48,-0.223,-0.672,-0.492,-0.736,-0.237,-0.036,0.747,-0.467,-0.405,0.857,-0.583,-0.806,0.769,0.947,0.729,-0.786,0.795,0.882,-0.366,0.109,0.52,-0.481,-0.769,0.07,-0.787,-0.558,-0.853,-0.231,0.081,-0.767,-0.204,-0.508,-0.906,0.742,-0.581,-0.351,-0.242,-0.17,-0.793,0.41,0.887,-0.41,-0.669,0.069,-0.736,-0.782,-0.917,0.473,-0.648,0.494,-0.736,-0.65,-0.664,0.672,-0.555,-0.413,-0.211,-0.345,0.052,-0.619,-0.199,-0.782,0.752,0.336,-0.353,-0.088,-0.556,-0.479
BCRX,0.895,-0.609,0.723,0.79,0.893,0.837,0.698,0.734,0.339,-0.031,-0.719,0.827,-0.814,-0.566,-0.537,-0.596,0.773,0.739,-0.066,0.092,-0.802,0.0,-0.383,0.923,-0.813,0.854,0.275,0.761,0.834,-0.86,-0.221,0.344,-0.393,-0.406,0.181,0.86,0.939,-0.359,-0.063,-0.003,-0.089,0.357,0.061,-0.263,-0.608,0.413,0.528,0.611,0.628,0.575,0.838,-0.172,0.211,-0.47,0.438,-0.374,0.495,-0.771,-0.833,0.568,-0.632,0.792,0.662,0.913,0.602,0.801,-0.874,0.32,0.35,-0.7,0.844,0.462,0.754,0.204,0.463,-0.744,-0.174,0.485,0.138,0.882,0.934,0.159,-0.844,-0.795,-0.003,-0.231,-0.429,0.841,-0.095,-0.469,0.771,-0.802,0.266,0.433,0.868,0.904,0.218,-0.739,-0.6,-0.256,0.571,-0.273,0.047,-0.371,-0.164,-0.255,0.834,-0.26,0.709,-0.766,-0.337,0.846,0.764,-0.76,0.879,-0.914,0.808,-0.308,0.86,0.813,0.699,0.738,0.897,0.11,0.685,-0.582,-0.057,-0.495,0.381,0.626,0.205,0.632,0.14,0.823,0.564,0.849,0.034,0.125,-0.786,0.729,0.23,-0.773,0.743,0.915,-0.806,-0.835,-0.796,0.923,-0.771,-0.813,0.386,-0.053,-0.499,0.649,0.83,-0.035,0.907,0.372,0.917,0.598,0.014,0.674,0.106,0.718,0.911,-0.732,0.652,0.504,0.138,0.11,0.936,-0.449,-0.701,0.495,0.851,-0.192,0.887,0.864,0.911,-0.344,0.82,-0.498,0.894,0.861,0.753,-0.421,0.685,0.416,0.052,0.443,0.077,0.728,0.088,0.859,-0.8,-0.329,0.294,0.146,0.692,0.693
BHAT,-0.553,-0.19,0.038,-0.335,-0.544,-0.067,-0.516,-0.654,-0.146,-0.511,-0.064,-0.26,0.144,-0.189,-0.227,-0.075,-0.389,-0.244,0.364,-0.462,0.116,-0.383,0.0,-0.278,0.015,-0.462,-0.689,-0.327,-0.232,0.409,-0.208,0.097,-0.409,-0.038,0.27,-0.43,-0.378,-0.124,-0.296,-0.339,-0.224,-0.596,-0.338,0.405,-0.015,-0.095,-0.534,-0.265,0.108,-0.265,-0.468,-0.391,0.085,0.029,0.121,-0.271,-0.315,0.013,0.198,-0.677,0.133,-0.53,-0.423,-0.498,-0.059,-0.471,0.244,-0.382,-0.485,0.627,-0.441,-0.534,-0.597,-0.424,-0.698,-0.002,0.358,-0.714,-0.686,-0.48,-0.45,-0.152,0.131,0.205,-0.691,-0.237,0.306,-0.503,-0.077,-0.012,-0.277,0.164,-0.439,-0.646,-0.318,-0.536,0.101,0.025,0.247,-0.318,-0.666,-0.392,-0.258,-0.212,0.098,0.081,-0.569,-0.017,-0.546,-0.006,-0.089,-0.393,-0.154,0.09,-0.409,0.201,-0.359,-0.273,-0.344,-0.504,-0.177,-0.424,-0.346,-0.428,-0.57,-0.147,-0.138,-0.101,-0.573,-0.354,0.115,-0.645,-0.114,-0.616,-0.294,-0.212,0.51,-0.559,0.23,-0.57,-0.272,0.213,-0.42,-0.322,0.318,0.146,0.47,-0.479,-0.041,0.202,-0.205,-0.525,-0.263,-0.333,-0.132,-0.362,-0.172,-0.246,-0.332,-0.29,-0.552,-0.173,0.563,-0.155,-0.251,0.206,-0.57,-0.543,-0.355,-0.491,-0.539,0.116,0.11,-0.591,-0.163,0.478,-0.202,-0.474,-0.333,-0.57,-0.479,-0.198,-0.581,-0.364,-0.414,-0.358,-0.595,0.215,0.067,0.301,-0.124,-0.716,-0.326,-0.332,-0.002,-0.405,-0.479,-0.566,-0.708,-0.322
BLBD,0.88,-0.763,0.712,0.802,0.864,0.833,0.637,0.723,0.277,-0.091,-0.695,0.926,-0.826,-0.646,-0.689,-0.778,0.721,0.73,-0.146,0.032,-0.884,0.923,-0.278,0.0,-0.845,0.822,0.22,0.873,0.906,-0.921,-0.45,0.236,-0.497,-0.493,0.232,0.895,0.94,-0.459,-0.016,0.06,-0.084,0.328,0.001,-0.046,-0.755,0.274,0.443,0.568,0.668,0.647,0.898,-0.346,0.105,-0.442,0.528,-0.343,0.339,-0.79,-0.893,0.571,-0.802,0.743,0.759,0.861,0.589,0.767,-0.881,0.193,0.275,-0.716,0.84,0.525,0.659,0.317,0.359,-0.786,-0.32,0.497,0.097,0.848,0.907,0.305,-0.962,-0.802,-0.116,-0.248,-0.57,0.78,-0.011,-0.393,0.768,-0.892,0.078,0.399,0.96,0.866,0.21,-0.695,-0.71,-0.247,0.583,-0.317,-0.036,-0.435,-0.211,-0.216,0.79,-0.414,0.73,-0.85,-0.294,0.781,0.723,-0.891,0.842,-0.913,0.696,-0.292,0.86,0.82,0.701,0.712,0.913,0.211,0.632,-0.556,0.008,-0.477,0.407,0.693,0.324,0.591,0.182,0.81,0.538,0.871,0.177,0.041,-0.888,0.594,0.307,-0.794,0.75,0.894,-0.81,-0.933,-0.779,0.876,-0.854,-0.955,0.41,-0.113,-0.58,0.616,0.877,-0.06,0.874,0.529,0.917,0.5,-0.07,0.692,0.237,0.683,0.948,-0.767,0.571,0.533,0.102,0.113,0.895,-0.554,-0.791,0.566,0.811,-0.097,0.881,0.852,0.948,-0.378,0.758,-0.595,0.821,0.835,0.776,-0.58,0.628,0.494,0.052,0.462,-0.045,0.699,0.217,0.8,-0.786,-0.354,0.332,0.197,0.638,0.659
BMRN,-0.696,0.786,-0.728,-0.589,-0.59,-0.925,-0.358,-0.411,-0.28,0.459,0.88,-0.748,0.918,0.823,0.787,0.726,-0.74,-0.719,-0.177,0.118,0.742,-0.813,0.015,-0.845,0.0,-0.629,0.187,-0.61,-0.723,0.693,0.424,-0.307,0.78,0.383,-0.548,-0.667,-0.817,0.664,0.43,0.274,0.329,0.109,0.338,0.143,0.764,-0.514,-0.251,-0.661,-0.689,-0.33,-0.647,0.591,-0.334,0.549,-0.384,0.611,-0.402,0.873,0.841,-0.2,0.598,-0.569,-0.476,-0.727,-0.762,-0.67,0.795,0.01,0.017,0.422,-0.641,-0.094,-0.49,0.168,-0.003,0.882,-0.099,-0.08,0.318,-0.681,-0.802,0.019,0.859,0.758,0.443,0.587,0.289,-0.611,0.121,0.663,-0.58,0.803,-0.018,-0.048,-0.725,-0.701,-0.539,0.874,0.39,0.621,-0.235,0.612,0.183,0.445,0.232,0.411,-0.554,0.394,-0.395,0.86,0.545,-0.749,-0.837,0.794,-0.693,0.936,-0.705,0.639,-0.771,-0.57,-0.828,-0.469,-0.879,0.254,-0.356,0.809,0.234,0.726,-0.146,-0.455,-0.163,-0.187,0.045,-0.465,-0.282,-0.902,-0.109,0.333,0.736,-0.494,0.026,0.703,-0.613,-0.836,0.714,0.8,0.646,-0.733,0.817,0.747,-0.202,0.522,0.799,-0.423,-0.873,0.373,-0.9,-0.17,-0.809,-0.666,0.445,-0.678,-0.464,-0.832,-0.81,0.76,-0.251,-0.288,0.241,0.317,-0.7,0.521,0.696,-0.248,-0.852,-0.044,-0.93,-0.577,-0.814,0.589,-0.713,0.759,-0.62,-0.759,-0.512,0.703,-0.271,-0.694,-0.016,-0.573,0.167,-0.371,0.192,-0.685,0.928,0.644,0.109,0.242,-0.265,-0.545
BNGO,0.799,-0.491,0.611,0.727,0.86,0.748,0.808,0.68,0.212,-0.023,-0.542,0.704,-0.624,-0.43,-0.461,-0.566,0.622,0.801,-0.038,0.228,-0.651,0.854,-0.462,0.822,-0.629,0.0,0.432,0.83,0.7,-0.828,-0.147,0.294,-0.243,-0.557,0.092,0.793,0.745,-0.358,0.058,-0.005,0.194,0.428,0.241,-0.238,-0.537,0.252,0.742,0.558,0.584,0.525,0.83,-0.041,0.232,-0.536,0.435,-0.001,0.369,-0.555,-0.622,0.704,-0.553,0.581,0.533,0.776,0.386,0.617,-0.706,0.178,0.35,-0.666,0.843,0.585,0.781,0.338,0.507,-0.532,-0.347,0.528,0.306,0.723,0.783,0.279,-0.734,-0.469,0.28,-0.028,-0.459,0.703,0.253,-0.276,0.539,-0.611,0.098,0.523,0.754,0.76,0.073,-0.49,-0.606,-0.061,0.612,-0.319,0.122,-0.204,0.101,-0.047,0.675,-0.345,0.774,-0.646,-0.045,0.696,0.661,-0.672,0.813,-0.775,0.705,-0.108,0.848,0.861,0.502,0.72,0.834,0.313,0.644,-0.341,0.098,-0.326,0.335,0.716,0.325,0.727,-0.027,0.844,0.587,0.704,0.096,0.31,-0.736,0.66,0.295,-0.504,0.836,0.719,-0.595,-0.672,-0.61,0.755,-0.595,-0.752,0.597,0.18,-0.262,0.626,0.649,0.309,0.711,0.325,0.761,0.575,0.116,0.398,0.008,0.562,0.767,-0.473,0.473,0.778,0.152,0.174,0.908,-0.543,-0.488,0.569,0.734,-0.192,0.718,0.878,0.785,-0.167,0.731,-0.339,0.748,0.891,0.839,-0.226,0.734,0.189,-0.164,0.248,0.099,0.741,0.292,0.785,-0.526,-0.13,0.332,0.359,0.747,0.79
BUSE,0.408,0.261,0.042,0.503,0.6,-0.085,0.652,0.659,0.108,0.704,0.237,0.214,0.157,0.312,0.295,0.077,0.064,0.212,-0.48,0.677,-0.157,0.275,-0.689,0.22,0.187,0.432,0.0,0.356,0.155,-0.397,0.238,-0.004,0.623,-0.045,-0.655,0.37,0.228,0.332,0.626,0.426,0.508,0.924,0.714,-0.195,0.121,-0.36,0.395,-0.148,-0.086,0.407,0.411,0.594,-0.05,0.141,0.21,0.503,0.017,0.173,0.01,0.751,-0.205,0.351,0.355,0.286,-0.37,0.179,-0.127,0.399,0.719,-0.464,0.443,0.798,0.524,0.735,0.916,0.214,-0.516,0.699,0.856,0.259,0.254,0.44,-0.049,-0.037,0.773,0.36,-0.435,0.324,0.08,0.398,0.352,0.003,0.291,0.824,0.348,0.343,-0.613,0.293,-0.388,0.696,0.726,0.543,0.56,0.157,0.223,0.358,0.539,-0.016,0.72,0.097,0.499,0.154,-0.006,-0.03,0.477,0.011,0.261,0.662,0.249,0.426,-0.255,0.623,0.14,0.755,0.642,0.491,0.533,0.378,0.381,0.377,0.04,0.795,0.369,0.644,0.582,-0.009,-0.151,0.93,-0.181,0.42,0.408,-0.061,0.292,0.107,-0.115,-0.14,-0.224,0.305,0.049,-0.252,0.528,0.818,0.525,0.425,-0.126,0.658,0.056,0.502,0.206,-0.087,0.885,-0.005,-0.582,-0.103,0.235,-0.019,0.612,0.488,0.534,0.789,0.449,-0.032,-0.07,0.51,0.022,-0.39,-0.06,0.599,0.236,0.459,0.135,0.438,0.493,0.284,0.518,0.392,0.694,-0.383,-0.244,-0.287,0.478,0.639,0.721,0.406,0.211,0.675,0.678,0.822,0.84,0.343
CAKE,0.734,-0.68,0.527,0.734,0.826,0.626,0.745,0.643,0.019,-0.024,-0.404,0.831,-0.576,-0.449,-0.625,-0.73,0.451,0.664,-0.269,0.042,-0.744,0.761,-0.327,0.873,-0.61,0.83,0.356,0.0,0.829,-0.921,-0.388,0.12,-0.292,-0.638,0.013,0.791,0.737,-0.329,0.214,0.2,0.223,0.409,0.231,0.077,-0.574,-0.045,0.548,0.433,0.592,0.687,0.85,-0.171,0.009,-0.328,0.578,0.074,0.154,-0.459,-0.683,0.766,-0.828,0.482,0.662,0.743,0.268,0.504,-0.656,0.2,0.375,-0.647,0.842,0.722,0.654,0.578,0.34,-0.588,-0.616,0.565,0.34,0.679,0.692,0.597,-0.829,-0.492,0.082,0.051,-0.733,0.66,0.357,-0.057,0.602,-0.697,-0.162,0.523,0.848,0.684,-0.03,-0.334,-0.842,0.086,0.642,-0.254,-0.026,-0.379,-0.007,0.15,0.629,-0.542,0.831,-0.679,0.084,0.51,0.453,-0.818,0.708,-0.701,0.492,0.032,0.796,0.833,0.452,0.655,0.78,0.511,0.593,-0.226,0.193,-0.134,0.404,0.798,0.539,0.693,0.11,0.855,0.641,0.633,0.312,0.22,-0.835,0.429,0.481,-0.569,0.803,0.633,-0.584,-0.785,-0.542,0.685,-0.676,-0.909,0.532,0.154,-0.262,0.634,0.646,0.309,0.596,0.637,0.712,0.266,0.068,0.412,0.155,0.344,0.801,-0.475,0.484,0.743,0.281,0.297,0.819,-0.723,-0.589,0.716,0.569,0.036,0.614,0.829,0.795,-0.238,0.596,-0.305,0.644,0.747,0.914,-0.439,0.712,0.243,-0.093,0.275,-0.029,0.735,0.51,0.711,-0.484,-0.07,0.49,0.466,0.682,0.646
CASY,0.775,-0.763,0.619,0.677,0.788,0.649,0.477,0.619,0.179,-0.006,-0.526,0.924,-0.718,-0.54,-0.607,-0.736,0.554,0.536,-0.361,-0.115,-0.853,0.834,-0.232,0.906,-0.723,0.7,0.155,0.829,0.0,-0.872,-0.476,0.047,-0.409,-0.47,0.199,0.855,0.895,-0.383,0.128,0.277,-0.106,0.307,-0.041,0.071,-0.611,0.207,0.353,0.543,0.604,0.747,0.832,-0.357,-0.166,-0.291,0.486,-0.336,0.409,-0.669,-0.894,0.563,-0.862,0.712,0.82,0.841,0.554,0.667,-0.795,0.351,0.256,-0.711,0.725,0.561,0.588,0.383,0.279,-0.753,-0.378,0.581,0.153,0.811,0.807,0.438,-0.903,-0.796,-0.193,-0.055,-0.664,0.767,0.057,-0.237,0.782,-0.875,0.081,0.39,0.912,0.813,0.184,-0.592,-0.789,-0.153,0.562,-0.172,-0.204,-0.526,-0.379,-0.143,0.717,-0.434,0.686,-0.805,-0.32,0.605,0.475,-0.866,0.69,-0.804,0.524,-0.182,0.735,0.726,0.642,0.557,0.785,0.296,0.599,-0.477,-0.095,-0.303,0.476,0.659,0.486,0.568,0.167,0.783,0.479,0.701,0.255,-0.019,-0.833,0.435,0.414,-0.848,0.711,0.843,-0.807,-0.889,-0.731,0.808,-0.788,-0.91,0.17,-0.105,-0.498,0.509,0.837,-0.047,0.736,0.623,0.867,0.265,-0.075,0.737,0.189,0.506,0.881,-0.691,0.616,0.473,0.283,0.21,0.838,-0.562,-0.75,0.538,0.594,-0.068,0.741,0.733,0.877,-0.372,0.711,-0.507,0.742,0.645,0.731,-0.611,0.607,0.334,0.223,0.416,-0.182,0.706,0.235,0.679,-0.693,-0.336,0.441,0.175,0.568,0.514
CCOI,-0.833,0.64,-0.645,-0.79,-0.886,-0.7,-0.731,-0.747,-0.081,-0.016,0.52,-0.881,0.659,0.507,0.601,0.731,-0.563,-0.708,0.261,-0.105,0.82,-0.86,0.409,-0.921,0.693,-0.828,-0.397,-0.921,-0.872,0.0,0.422,-0.142,0.298,0.572,-0.063,-0.878,-0.853,0.364,-0.137,-0.189,-0.101,-0.449,-0.191,0.031,0.614,-0.109,-0.528,-0.463,-0.596,-0.702,-0.872,0.206,-0.038,0.382,-0.52,0.108,-0.252,0.596,0.768,-0.721,0.852,-0.655,-0.71,-0.821,-0.384,-0.634,0.792,-0.233,-0.372,0.711,-0.846,-0.688,-0.672,-0.493,-0.447,0.64,0.481,-0.593,-0.311,-0.774,-0.811,-0.476,0.887,0.652,-0.074,0.046,0.733,-0.732,-0.168,0.202,-0.744,0.808,0.016,-0.528,-0.911,-0.803,-0.021,0.486,0.808,0.02,-0.696,0.203,-0.032,0.43,0.086,-0.024,-0.761,0.494,-0.827,0.752,0.071,-0.645,-0.553,0.871,-0.816,0.799,-0.626,0.065,-0.828,-0.837,-0.535,-0.729,-0.823,-0.399,-0.718,0.331,-0.137,0.286,-0.414,-0.777,-0.428,-0.712,-0.182,-0.884,-0.63,-0.71,-0.17,-0.208,0.875,-0.503,-0.373,0.698,-0.76,-0.77,0.717,0.851,0.668,-0.8,0.774,0.936,-0.493,-0.109,0.339,-0.646,-0.724,-0.155,-0.746,-0.603,-0.822,-0.346,-0.093,-0.551,-0.11,-0.483,-0.886,0.624,-0.599,-0.64,-0.231,-0.293,-0.889,0.65,0.674,-0.682,-0.669,0.094,-0.72,-0.863,-0.873,0.232,-0.681,0.419,-0.79,-0.797,-0.882,0.458,-0.717,-0.282,0.047,-0.333,-0.065,-0.782,-0.406,-0.76,0.611,0.148,-0.492,-0.39,-0.736,-0.676
