,AAPL,ACRS,ADP,AFYA,AGNC,AGYS,ALT,AMGN,AMPH,AMZN,ANIP,AOSL,APDN,APLT,APVO,ARGX,ARLP,ATEX,ATRA,AUTL,AVDL,BCRX,BHAT,BLBD,BMRN,BNGO,BUSE,CAKE,CASY,CCOI,CEVA,CHY,CLDX,CLMT,COHU,COLM,COST,CPRT,CSWC,CSX,DBX,DCOM,DKNG,DMLP,DOX,EA,EDIT,ENPH,ENSG,ERNA,ESGR,ETNB,EXTR,FANG,FARO,FATE,FGEN,FIVE,FIVN,FLGT,FOLD,FORM,FOXA,FRPT,FSLR,FTAI,GBDC,GDYN,GGAL,GNLN,GRFS,GT,HCAT,HCM,HFWA,HOLX,HQY,HUBG,IAC,ICLR,IDCC,IEP,IHRT,ILMN,ILPT,IMAB,IMOS,INMD,INTZ,JAZZ,JKHY,JRVR,KIDS,LBRDK,LGND,LMAT,LPLA,LULU,MASI,MAT,MATW,MBIN,MBIO,MCRB,MDB,MDLZ,MELI,MIRM,MLKN,MNMD,MNRO,MPWR,MRCY,MRSN,MTVA,NAAS,NDAQ,NDSN,NEGG,NOVT,NVDA,NWE,NWSA,NXST,OCX,ODFL,OMAB,OPCH,OPRA,ORGO,OTRK,OZK,PAGP,PCH,PEGA,PENG,PENN,PFBC,PGNY,PHAT,PHUN,PINC,PLUG,PLXS,PYPL,QLYS,QNCX,QQQX,QVCGA,RAPT,RBBN,RCKT,REPL,RMBS,ROAD,ROKU,ROP,RUSHA,SANM,SATS,SBCF,SBLK,SBUX,SCHL,SCSC,SDGR,SEIC,SFIX,SGRY,SKYW,SLP,SNES,STAA,STLD,STOK,SWKS,TER,TFIN,TIGO,TILE,TPIC,TTEC,TTEK,TTGT,UXIN,VERU,VLYPP,VNOM,VRNS,VRSN,WDAY,WERN,WINA,WKHS,WRLD,XP,XTKG,YY,ZION,ZM
AAPL,0.0,-0.339,0.297,-0.027,0.033,0.209,-0.375,-0.624,-0.365,0.118,-0.378,-0.317,0.026,-0.506,-0.01,0.337,-0.739,0.431,0.506,-0.435,-0.104,0.169,0.584,-0.015,-0.043,-0.488,0.139,0.047,-0.344,-0.296,0.598,-0.0,-0.221,-0.499,0.107,0.812,-0.081,0.542,-0.198,-0.302,0.186,-0.059,0.69,-0.339,-0.243,0.631,0.562,-0.092,-0.168,-0.327,0.2,-0.199,0.272,-0.284,-0.133,-0.284,-0.417,-0.55,0.623,-0.069,-0.268,0.056,-0.181,-0.029,-0.185,-0.07,-0.047,0.347,0.18,0.256,-0.366,0.544,-0.121,0.427,0.217,-0.222,-0.319,-0.157,0.006,0.136,0.305,-0.666,-0.081,-0.037,-0.084,-0.815,0.265,0.199,-0.216,-0.489,0.455,-0.137,-0.005,-0.389,-0.14,-0.061,-0.691,-0.026,0.058,0.563,-0.029,-0.062,0.293,-0.581,0.482,-0.661,0.876,0.462,0.77,-0.311,0.785,0.319,0.711,-0.522,-0.247,0.465,-0.259,-0.17,-0.155,0.149,0.206,0.313,-0.258,-0.045,-0.206,-0.085,-0.048,-0.225,0.029,-0.086,0.102,0.12,-0.531,-0.231,0.62,0.156,0.099,0.14,-0.225,-0.342,-0.141,-0.034,0.02,0.229,0.276,0.363,0.112,0.458,0.531,-0.35,-0.304,-0.13,-0.439,0.49,0.485,0.416,0.386,-0.379,0.449,-0.342,0.217,-0.259,0.624,0.06,-0.064,0.025,-0.029,0.78,0.57,-0.169,-0.209,-0.671,0.776,0.108,-0.242,0.233,0.011,-0.09,-0.268,-0.126,-0.273,0.219,0.008,0.04,-0.074,0.034,0.404,-0.087,0.334,0.375,0.446,-0.024,0.501,0.176,0.366,0.027,-0.529,0.784,0.082,0.47
ACRS,-0.339,0.0,0.08,0.186,0.278,-0.206,0.421,0.546,0.55,0.047,0.466,0.41,-0.103,0.287,-0.248,-0.096,0.446,-0.294,-0.201,0.421,0.444,0.328,-0.384,0.275,0.521,0.51,0.245,0.115,0.338,0.372,-0.085,0.32,0.341,0.674,0.323,-0.368,0.158,0.098,0.42,0.247,0.061,0.325,-0.043,0.347,0.393,-0.007,-0.095,0.226,0.372,0.435,0.249,0.513,0.164,0.19,0.234,0.403,0.67,0.688,-0.029,0.375,0.4,0.291,0.228,0.275,0.243,0.307,0.332,0.19,0.152,-0.185,0.526,0.065,0.33,0.029,0.256,0.402,0.094,0.28,0.296,0.177,-0.064,0.489,0.085,0.257,0.353,0.531,0.255,0.039,-0.073,0.54,0.097,-0.069,0.258,0.434,0.293,0.353,0.298,0.113,0.216,-0.091,0.181,0.251,-0.226,0.494,0.034,0.577,-0.49,-0.078,-0.465,0.395,-0.291,0.105,-0.171,0.629,0.077,-0.398,0.594,0.274,0.424,0.163,0.137,0.326,0.378,0.217,-0.136,0.187,0.077,0.371,0.174,0.244,-0.231,0.226,0.355,0.286,-0.31,0.36,0.266,0.092,0.37,0.577,-0.074,0.312,0.409,0.041,0.167,-0.107,-0.038,0.157,-0.001,0.398,0.432,0.388,0.569,0.142,-0.024,-0.12,0.181,0.373,0.047,0.415,0.157,0.121,-0.231,0.032,0.291,0.255,0.22,-0.258,-0.028,0.316,0.365,0.522,-0.062,0.011,0.379,0.175,0.237,0.339,0.231,0.276,0.416,0.15,0.298,0.351,0.114,-0.126,0.158,0.109,0.06,-0.111,-0.028,0.297,-0.213,-0.087,-0.007,0.156,0.418,-0.276,0.304,0.029
ADP,0.297,0.08,0.0,-0.204,0.067,-0.53,-0.135,0.098,0.021,-0.023,0.204,0.138,-0.334,0.227,-0.56,0.362,-0.408,0.125,0.19,0.004,0.436,0.494,0.471,0.314,0.527,-0.261,0.149,-0.191,0.054,0.086,0.247,-0.094,0.014,-0.03,0.223,0.311,0.139,0.586,0.094,-0.158,0.097,0.16,0.329,0.001,0.124,0.771,-0.185,-0.156,0.167,-0.087,0.613,0.101,0.599,-0.082,-0.119,-0.038,0.086,-0.114,0.204,-0.001,0.052,0.244,0.05,0.302,-0.16,0.102,0.254,0.258,-0.192,0.01,0.115,0.175,-0.048,0.578,0.375,0.278,-0.188,-0.028,0.108,0.246,-0.025,-0.552,-0.266,0.049,0.169,-0.09,0.395,0.036,-0.624,0.437,0.703,-0.266,-0.117,-0.011,0.122,-0.102,-0.237,0.329,0.091,-0.017,-0.182,0.091,0.275,-0.293,0.139,0.266,0.352,0.315,0.319,-0.279,0.438,0.373,0.577,-0.126,0.203,0.043,-0.042,-0.145,-0.078,0.172,0.21,0.381,0.048,0.144,-0.3,-0.229,-0.069,0.057,0.108,0.168,-0.286,0.201,-0.44,-0.135,-0.026,0.246,0.501,0.158,-0.368,-0.295,-0.455,0.202,0.153,0.153,0.239,0.082,-0.026,0.593,0.411,-0.128,0.074,-0.047,0.092,0.358,0.265,0.106,0.493,-0.138,0.26,0.022,0.344,-0.161,0.555,0.086,0.219,-0.071,0.024,0.496,0.26,-0.114,-0.087,-0.154,0.489,0.071,0.293,0.293,0.117,0.058,-0.213,0.039,-0.123,0.258,0.247,0.161,-0.169,-0.319,0.539,-0.069,0.167,0.191,0.494,-0.086,0.189,-0.3,0.397,0.008,-0.111,-0.009,0.235,0.041
AFYA,-0.027,0.186,-0.204,0.0,0.642,0.272,0.771,0.446,0.568,0.679,0.505,0.602,-0.477,0.403,0.058,-0.63,0.231,-0.563,-0.51,0.654,0.322,0.042,-0.517,0.646,0.302,0.501,0.697,0.825,-0.102,0.692,0.384,0.791,0.661,0.241,0.65,0.033,0.657,-0.046,0.68,0.683,0.569,0.69,-0.222,0.621,0.689,-0.333,-0.087,0.673,0.523,0.71,0.397,0.619,0.362,0.546,0.733,0.644,0.533,0.433,-0.166,0.716,0.701,0.623,0.137,0.636,0.542,0.744,0.592,0.612,0.458,-0.625,0.432,0.362,0.694,-0.437,0.602,0.316,-0.342,0.707,0.62,0.626,0.738,0.453,-0.423,0.707,0.599,0.21,0.493,0.044,-0.345,-0.103,0.02,0.312,0.755,0.375,0.678,0.704,0.325,0.571,0.734,0.138,0.742,0.726,-0.455,0.628,0.046,0.105,-0.057,-0.468,-0.039,0.454,-0.044,0.568,0.124,0.286,-0.598,-0.577,0.562,0.738,-0.072,0.675,0.619,0.123,0.656,0.548,-0.581,0.555,0.608,0.645,0.59,0.676,-0.522,0.564,0.37,0.633,-0.354,0.69,0.255,0.641,0.795,0.439,-0.56,0.601,0.377,0.465,0.61,0.599,0.53,0.358,-0.177,0.741,0.62,0.762,0.62,0.388,0.511,-0.547,0.363,0.689,0.476,0.7,0.533,0.339,-0.39,-0.384,0.665,0.65,0.706,-0.39,-0.398,0.718,0.74,0.258,-0.061,0.336,0.548,0.656,0.683,0.701,0.734,0.702,0.628,0.582,0.44,0.654,-0.453,-0.383,0.31,0.581,0.456,-0.543,0.356,0.658,-0.407,-0.35,0.463,0.664,0.671,0.345,0.574,0.647
AGNC,0.033,0.278,0.067,0.642,0.0,0.263,0.794,0.627,0.652,0.89,0.833,0.878,-0.765,0.46,-0.282,-0.653,0.382,-0.796,-0.665,0.827,0.309,0.548,-0.473,0.87,0.672,0.631,0.945,0.891,-0.098,0.887,0.729,0.905,0.95,0.254,0.912,0.235,0.919,0.235,0.921,0.888,0.906,0.965,-0.266,0.873,0.856,-0.074,-0.068,0.952,0.911,0.731,0.769,0.887,0.747,0.876,0.94,0.923,0.696,0.462,0.007,0.906,0.913,0.931,0.463,0.913,0.914,0.866,0.936,0.869,0.37,-0.81,0.511,0.708,0.96,-0.47,0.894,0.804,-0.764,0.941,0.971,0.881,0.824,0.324,-0.587,0.967,0.928,0.286,0.805,0.572,-0.521,0.142,-0.072,0.383,0.894,0.71,0.947,0.891,0.208,0.701,0.931,0.297,0.905,0.958,-0.722,0.635,0.498,-0.0,0.016,-0.512,0.166,0.674,0.229,0.883,0.229,0.265,-0.629,-0.781,0.762,0.944,0.217,0.957,0.891,0.095,0.934,0.944,-0.645,0.835,0.929,0.939,0.934,0.926,-0.831,0.968,0.595,0.929,-0.601,0.907,0.72,0.942,0.598,0.695,-0.59,0.918,0.836,0.902,0.912,0.843,0.809,0.619,-0.158,0.881,0.912,0.936,0.676,0.649,0.711,-0.727,0.423,0.858,0.848,0.819,0.914,0.745,-0.454,-0.684,0.908,0.93,0.966,-0.16,-0.149,0.866,0.926,0.421,0.161,0.81,0.764,0.901,0.974,0.966,0.879,0.964,0.902,0.921,0.567,0.97,-0.734,-0.837,0.709,0.888,0.779,-0.772,0.163,0.93,-0.702,-0.683,0.828,0.961,0.583,0.38,0.962,0.397
AGYS,0.209,-0.206,-0.53,0.272,0.263,0.0,0.22,-0.222,0.114,0.397,-0.103,-0.092,0.209,-0.468,0.516,-0.202,0.243,-0.169,-0.071,-0.007,-0.385,-0.049,-0.33,-0.037,-0.211,0.317,0.189,0.396,-0.046,-0.017,0.281,0.371,0.173,-0.129,0.052,0.315,0.167,-0.01,0.039,0.313,0.332,0.079,0.084,-0.003,-0.018,-0.378,0.565,0.411,0.121,-0.06,-0.157,0.072,-0.242,0.252,0.369,0.22,-0.058,0.045,0.324,0.142,0.103,0.08,-0.05,-0.053,0.405,0.047,0.059,0.194,0.173,-0.073,-0.207,0.347,0.226,-0.479,-0.034,-0.059,-0.204,0.145,0.115,0.132,0.309,0.159,0.211,0.192,-0.001,-0.263,0.093,0.421,0.454,-0.506,-0.367,0.587,0.284,0.191,0.098,0.334,-0.107,-0.168,0.208,0.675,0.444,0.135,-0.25,0.23,0.491,-0.495,0.243,-0.372,0.063,0.555,-0.015,0.096,-0.043,0.141,-0.424,-0.098,0.287,0.339,0.343,0.205,0.221,-0.207,0.12,0.135,0.071,0.484,0.363,0.081,0.206,0.061,0.094,0.16,0.417,0.261,0.217,0.098,-0.067,0.195,0.244,0.274,0.38,0.003,0.208,0.305,0.276,0.347,0.343,-0.029,-0.173,0.193,0.041,0.263,-0.218,0.021,0.187,-0.051,0.001,0.158,0.264,0.012,0.082,0.32,-0.181,-0.401,-0.065,0.4,0.215,-0.07,0.172,0.374,0.155,-0.008,-0.064,0.346,-0.265,0.046,0.185,0.19,0.31,0.164,0.29,0.13,-0.187,0.153,-0.01,0.062,-0.172,0.335,0.376,-0.123,-0.217,0.294,-0.112,0.149,0.018,0.359,-0.145,0.465,0.093,0.238
ALT,-0.375,0.421,-0.135,0.771,0.794,0.22,0.0,0.782,0.747,0.718,0.826,0.833,-0.565,0.578,-0.163,-0.684,0.65,-0.871,-0.731,0.918,0.471,0.281,-0.774,0.768,0.55,0.842,0.704,0.778,0.076,0.882,0.287,0.843,0.885,0.544,0.714,-0.236,0.809,-0.091,0.867,0.884,0.623,0.82,-0.494,0.845,0.834,-0.462,-0.273,0.817,0.762,0.812,0.514,0.863,0.411,0.757,0.883,0.921,0.834,0.745,-0.281,0.769,0.927,0.749,0.27,0.761,0.783,0.78,0.796,0.596,0.24,-0.787,0.646,0.25,0.844,-0.53,0.639,0.631,-0.407,0.844,0.746,0.67,0.591,0.624,-0.39,0.807,0.777,0.591,0.593,0.184,-0.294,0.269,-0.206,0.392,0.755,0.699,0.833,0.842,0.528,0.582,0.786,0.001,0.787,0.839,-0.62,0.92,0.114,0.37,-0.395,-0.683,-0.324,0.745,-0.305,0.59,-0.134,0.652,-0.406,-0.916,0.811,0.901,0.283,0.737,0.691,-0.082,0.902,0.715,-0.509,0.693,0.773,0.858,0.704,0.816,-0.69,0.681,0.668,0.827,-0.717,0.762,0.477,0.679,0.709,0.718,-0.452,0.703,0.61,0.558,0.621,0.506,0.605,0.377,-0.351,0.95,0.888,0.919,0.841,0.276,0.345,-0.759,0.248,0.901,0.431,0.906,0.609,0.623,-0.639,-0.612,0.773,0.78,0.799,-0.635,-0.508,0.881,0.872,0.702,-0.271,0.501,0.718,0.663,0.81,0.872,0.871,0.851,0.899,0.619,0.462,0.786,-0.468,-0.557,0.346,0.694,0.499,-0.769,0.064,0.77,-0.729,-0.565,0.447,0.785,0.844,0.043,0.706,0.346
AMGN,-0.624,0.546,0.098,0.446,0.627,-0.222,0.782,0.0,0.782,0.493,0.912,0.877,-0.62,0.829,-0.371,-0.603,0.67,-0.812,-0.786,0.906,0.55,0.356,-0.651,0.702,0.678,0.711,0.582,0.489,0.303,0.854,0.04,0.588,0.797,0.563,0.587,-0.451,0.696,-0.111,0.815,0.742,0.446,0.728,-0.583,0.844,0.812,-0.285,-0.584,0.62,0.789,0.725,0.52,0.814,0.472,0.711,0.663,0.81,0.85,0.743,-0.49,0.683,0.843,0.625,0.461,0.734,0.646,0.675,0.736,0.359,0.124,-0.739,0.721,0.037,0.721,-0.433,0.538,0.793,-0.233,0.725,0.661,0.543,0.297,0.597,-0.443,0.683,0.746,0.857,0.433,0.129,-0.4,0.695,-0.118,0.28,0.568,0.743,0.77,0.598,0.65,0.607,0.591,-0.3,0.558,0.714,-0.601,0.807,-0.09,0.694,-0.589,-0.546,-0.439,0.545,-0.371,0.42,-0.237,0.577,-0.143,-0.855,0.711,0.692,0.216,0.542,0.483,0.047,0.831,0.679,-0.38,0.503,0.576,0.818,0.618,0.723,-0.717,0.576,0.643,0.738,-0.886,0.562,0.51,0.535,0.56,0.648,-0.478,0.7,0.517,0.411,0.445,0.266,0.361,0.234,-0.397,0.834,0.869,0.712,0.884,0.144,0.193,-0.758,0.195,0.818,0.247,0.827,0.505,0.569,-0.628,-0.386,0.724,0.509,0.668,-0.585,-0.491,0.689,0.761,0.782,-0.363,0.373,0.849,0.5,0.648,0.713,0.713,0.731,0.746,0.478,0.506,0.653,-0.471,-0.635,0.303,0.589,0.294,-0.699,0.008,0.577,-0.762,-0.652,0.367,0.59,0.821,-0.339,0.62,-0.055
AMPH,-0.365,0.55,0.021,0.568,0.652,0.114,0.747,0.782,0.0,0.575,0.797,0.711,-0.489,0.512,-0.036,-0.627,0.587,-0.734,-0.608,0.802,0.456,0.383,-0.724,0.709,0.602,0.797,0.661,0.6,0.462,0.741,0.174,0.73,0.744,0.575,0.623,-0.246,0.637,0.155,0.764,0.688,0.566,0.689,-0.194,0.695,0.774,-0.167,-0.294,0.651,0.772,0.623,0.466,0.764,0.387,0.653,0.644,0.765,0.787,0.82,-0.166,0.778,0.79,0.639,0.265,0.644,0.611,0.698,0.714,0.462,0.388,-0.667,0.504,0.278,0.713,-0.519,0.506,0.658,-0.123,0.679,0.62,0.612,0.354,0.639,-0.316,0.705,0.66,0.567,0.52,0.281,-0.235,0.479,-0.053,0.488,0.673,0.742,0.725,0.658,0.585,0.552,0.643,0.026,0.704,0.696,-0.63,0.778,0.233,0.5,-0.347,-0.467,-0.39,0.689,-0.344,0.43,-0.027,0.599,-0.454,-0.748,0.892,0.693,0.463,0.544,0.501,0.251,0.745,0.605,-0.51,0.678,0.514,0.769,0.604,0.664,-0.587,0.55,0.693,0.704,-0.548,0.601,0.445,0.513,0.724,0.646,-0.309,0.673,0.54,0.407,0.586,0.381,0.318,0.198,-0.435,0.809,0.756,0.754,0.658,0.255,0.416,-0.537,0.44,0.787,0.392,0.692,0.44,0.429,-0.507,-0.254,0.632,0.575,0.703,-0.427,-0.165,0.809,0.757,0.622,-0.28,0.3,0.621,0.501,0.644,0.678,0.7,0.687,0.73,0.453,0.516,0.719,-0.301,-0.547,0.257,0.632,0.511,-0.432,0.135,0.615,-0.523,-0.426,0.343,0.615,0.611,0.032,0.573,0.152
AMZN,0.118,0.047,-0.023,0.679,0.89,0.397,0.718,0.493,0.575,0.0,0.696,0.742,-0.743,0.402,-0.167,-0.674,0.254,-0.771,-0.69,0.73,0.251,0.338,-0.427,0.812,0.489,0.473,0.869,0.879,-0.099,0.789,0.677,0.845,0.858,0.025,0.782,0.236,0.925,0.204,0.823,0.852,0.942,0.843,-0.252,0.766,0.76,-0.118,-0.059,0.891,0.826,0.54,0.647,0.768,0.64,0.818,0.902,0.826,0.494,0.272,-0.091,0.802,0.823,0.833,0.247,0.821,0.831,0.801,0.845,0.758,0.386,-0.801,0.366,0.589,0.875,-0.586,0.761,0.66,-0.696,0.863,0.856,0.832,0.878,0.242,-0.691,0.897,0.766,0.146,0.703,0.425,-0.478,-0.04,-0.063,0.594,0.854,0.517,0.881,0.755,0.236,0.708,0.911,0.326,0.909,0.896,-0.732,0.546,0.421,-0.11,0.169,-0.593,0.205,0.58,0.193,0.82,0.274,0.12,-0.7,-0.71,0.614,0.887,0.051,0.894,0.912,-0.034,0.82,0.84,-0.633,0.831,0.909,0.837,0.893,0.847,-0.788,0.841,0.512,0.839,-0.512,0.781,0.528,0.901,0.574,0.5,-0.591,0.809,0.583,0.852,0.829,0.903,0.828,0.521,-0.317,0.808,0.788,0.839,0.524,0.57,0.716,-0.743,0.462,0.768,0.78,0.69,0.81,0.726,-0.44,-0.74,0.804,0.81,0.92,-0.174,-0.233,0.857,0.835,0.253,0.022,0.769,0.655,0.82,0.894,0.852,0.841,0.888,0.748,0.8,0.422,0.841,-0.784,-0.773,0.562,0.89,0.83,-0.726,0.234,0.822,-0.656,-0.687,0.795,0.929,0.486,0.501,0.805,0.404
ANIP,-0.378,0.466,0.204,0.505,0.833,-0.103,0.826,0.912,0.797,0.696,0.0,0.954,-0.785,0.744,-0.442,-0.636,0.566,-0.878,-0.779,0.95,0.513,0.527,-0.587,0.867,0.772,0.72,0.772,0.662,0.173,0.936,0.36,0.732,0.921,0.492,0.784,-0.176,0.855,0.135,0.923,0.834,0.708,0.888,-0.459,0.923,0.89,-0.12,-0.443,0.785,0.923,0.747,0.724,0.912,0.677,0.837,0.803,0.916,0.841,0.681,-0.283,0.818,0.941,0.836,0.456,0.887,0.793,0.814,0.903,0.619,0.194,-0.841,0.664,0.34,0.858,-0.441,0.748,0.894,-0.495,0.869,0.844,0.753,0.527,0.466,-0.571,0.852,0.872,0.654,0.668,0.345,-0.539,0.556,-0.065,0.31,0.728,0.774,0.912,0.743,0.502,0.723,0.79,-0.101,0.723,0.874,-0.694,0.756,0.21,0.461,-0.338,-0.534,-0.198,0.614,-0.122,0.689,0.021,0.482,-0.366,-0.897,0.777,0.828,0.262,0.766,0.72,0.048,0.933,0.844,-0.56,0.69,0.758,0.94,0.802,0.873,-0.865,0.795,0.629,0.851,-0.837,0.769,0.692,0.75,0.536,0.677,-0.59,0.861,0.713,0.66,0.679,0.54,0.592,0.441,-0.342,0.898,0.956,0.851,0.848,0.41,0.451,-0.793,0.351,0.885,0.539,0.869,0.736,0.676,-0.557,-0.548,0.871,0.715,0.838,-0.394,-0.345,0.804,0.874,0.653,-0.151,0.606,0.888,0.731,0.849,0.864,0.802,0.885,0.849,0.707,0.589,0.846,-0.613,-0.821,0.559,0.762,0.565,-0.758,0.102,0.757,-0.781,-0.768,0.63,0.779,0.75,-0.048,0.821,0.106
AOSL,-0.317,0.41,0.138,0.602,0.878,-0.092,0.833,0.877,0.711,0.742,0.954,0.0,-0.828,0.772,-0.426,-0.704,0.51,-0.855,-0.795,0.945,0.475,0.466,-0.542,0.872,0.727,0.655,0.834,0.752,0.021,0.966,0.435,0.77,0.949,0.385,0.826,-0.097,0.887,0.027,0.954,0.876,0.732,0.941,-0.527,0.964,0.919,-0.168,-0.414,0.838,0.91,0.819,0.742,0.922,0.728,0.871,0.862,0.923,0.8,0.579,-0.318,0.866,0.948,0.848,0.523,0.929,0.822,0.846,0.912,0.67,0.247,-0.866,0.707,0.401,0.915,-0.455,0.82,0.878,-0.594,0.917,0.909,0.777,0.641,0.437,-0.637,0.907,0.936,0.623,0.653,0.32,-0.598,0.448,-0.058,0.275,0.787,0.739,0.951,0.765,0.439,0.754,0.84,-0.077,0.764,0.924,-0.705,0.72,0.14,0.35,-0.309,-0.535,-0.067,0.563,-0.006,0.737,0.031,0.371,-0.412,-0.871,0.714,0.872,0.12,0.828,0.76,0.086,0.959,0.904,-0.576,0.673,0.821,0.963,0.866,0.92,-0.898,0.861,0.61,0.903,-0.854,0.8,0.674,0.836,0.596,0.677,-0.683,0.91,0.713,0.728,0.734,0.62,0.656,0.491,-0.262,0.915,0.968,0.873,0.878,0.446,0.492,-0.852,0.291,0.909,0.604,0.906,0.811,0.719,-0.579,-0.58,0.934,0.762,0.892,-0.374,-0.401,0.793,0.918,0.595,-0.079,0.652,0.926,0.793,0.886,0.913,0.87,0.936,0.858,0.796,0.595,0.879,-0.724,-0.839,0.624,0.81,0.537,-0.848,0.112,0.807,-0.819,-0.777,0.709,0.837,0.788,-0.004,0.882,0.178
APDN,0.026,-0.103,-0.334,-0.477,-0.765,0.209,-0.565,-0.62,-0.489,-0.743,-0.785,-0.828,0.0,-0.728,0.437,0.591,-0.104,0.694,0.674,-0.762,-0.48,-0.386,0.193,-0.872,-0.592,-0.272,-0.779,-0.664,0.203,-0.84,-0.583,-0.623,-0.765,-0.113,-0.819,-0.114,-0.864,-0.275,-0.824,-0.66,-0.778,-0.834,0.292,-0.806,-0.822,-0.158,0.493,-0.66,-0.788,-0.604,-0.822,-0.696,-0.865,-0.711,-0.703,-0.711,-0.547,-0.23,0.249,-0.742,-0.78,-0.851,-0.329,-0.903,-0.627,-0.831,-0.867,-0.685,-0.227,0.755,-0.518,-0.441,-0.743,0.308,-0.828,-0.716,0.618,-0.818,-0.84,-0.833,-0.734,-0.112,0.856,-0.813,-0.799,-0.272,-0.666,-0.298,0.81,-0.233,-0.075,-0.241,-0.696,-0.454,-0.85,-0.581,-0.334,-0.903,-0.792,0.128,-0.66,-0.863,0.618,-0.376,-0.198,-0.154,-0.072,0.342,-0.192,-0.229,-0.263,-0.834,-0.381,0.022,0.477,0.642,-0.43,-0.702,0.146,-0.827,-0.801,-0.007,-0.78,-0.807,0.793,-0.596,-0.721,-0.809,-0.772,-0.882,0.869,-0.783,-0.243,-0.701,0.666,-0.758,-0.716,-0.822,-0.394,-0.316,0.843,-0.849,-0.503,-0.731,-0.716,-0.752,-0.646,-0.571,0.207,-0.701,-0.774,-0.666,-0.643,-0.629,-0.71,0.733,-0.502,-0.711,-0.692,-0.733,-0.81,-0.588,0.267,0.499,-0.886,-0.625,-0.826,0.063,0.348,-0.641,-0.772,-0.246,-0.117,-0.6,-0.854,-0.859,-0.839,-0.763,-0.679,-0.836,-0.584,-0.797,-0.612,-0.792,0.847,0.904,-0.701,-0.746,-0.658,0.701,-0.425,-0.697,0.597,0.879,-0.848,-0.722,-0.572,-0.242,-0.788,-0.276
APLT,-0.506,0.287,0.227,0.403,0.46,-0.468,0.578,0.829,0.512,0.402,0.744,0.772,-0.728,0.0,-0.475,-0.533,0.351,-0.629,-0.719,0.761,0.604,0.203,-0.348,0.651,0.52,0.334,0.48,0.379,0.086,0.768,0.007,0.403,0.617,0.317,0.504,-0.378,0.629,-0.154,0.69,0.54,0.335,0.627,-0.559,0.749,0.736,-0.149,-0.75,0.408,0.602,0.635,0.543,0.604,0.564,0.562,0.508,0.588,0.634,0.414,-0.582,0.541,0.68,0.541,0.424,0.702,0.417,0.628,0.625,0.301,0.033,-0.619,0.683,-0.084,0.55,-0.27,0.522,0.606,-0.232,0.6,0.571,0.516,0.33,0.341,-0.604,0.56,0.63,0.698,0.317,-0.054,-0.585,0.559,0.01,0.12,0.45,0.484,0.667,0.387,0.609,0.748,0.506,-0.452,0.378,0.632,-0.425,0.535,-0.34,0.63,-0.437,-0.396,-0.258,0.136,-0.199,0.415,-0.045,0.245,-0.092,-0.645,0.356,0.506,-0.133,0.485,0.459,-0.012,0.668,0.593,-0.486,0.272,0.445,0.673,0.505,0.692,-0.668,0.46,0.295,0.538,-0.811,0.466,0.451,0.494,0.409,0.311,-0.701,0.615,0.258,0.307,0.348,0.269,0.272,0.266,-0.252,0.645,0.689,0.486,0.782,0.154,0.237,-0.72,0.204,0.652,0.193,0.752,0.472,0.431,-0.436,-0.266,0.696,0.311,0.558,-0.423,-0.617,0.472,0.609,0.531,-0.228,0.244,0.863,0.495,0.53,0.569,0.557,0.617,0.467,0.453,0.515,0.503,-0.601,-0.6,0.333,0.488,0.177,-0.655,0.23,0.397,-0.604,-0.705,0.431,0.438,0.767,-0.335,0.511,0.0
APVO,-0.01,-0.248,-0.56,0.058,-0.282,0.516,-0.163,-0.371,-0.036,-0.167,-0.442,-0.426,0.437,-0.475,0.0,-0.092,0.096,0.206,0.228,-0.282,-0.34,-0.452,-0.216,-0.353,-0.588,0.063,-0.235,-0.008,0.084,-0.352,-0.153,-0.055,-0.298,-0.005,-0.273,-0.032,-0.326,-0.078,-0.319,-0.161,-0.173,-0.353,0.242,-0.353,-0.294,-0.331,0.245,-0.126,-0.322,-0.172,-0.545,-0.39,-0.563,-0.213,-0.178,-0.25,-0.285,0.02,0.088,-0.157,-0.284,-0.323,-0.307,-0.457,-0.162,-0.184,-0.359,-0.296,0.208,0.287,-0.386,-0.08,-0.265,-0.289,-0.44,-0.534,0.474,-0.236,-0.351,-0.247,-0.115,0.258,0.398,-0.245,-0.392,-0.284,-0.355,-0.01,0.613,-0.503,-0.412,0.309,-0.079,-0.15,-0.345,-0.105,0.171,-0.313,-0.297,0.115,0.01,-0.279,0.003,-0.024,0.107,-0.291,0.11,0.017,-0.215,0.089,-0.259,-0.381,-0.144,-0.011,-0.189,0.265,-0.027,-0.152,0.179,-0.318,-0.341,-0.139,-0.317,-0.404,0.137,0.121,-0.243,-0.337,-0.358,-0.329,0.51,-0.388,0.097,-0.183,0.454,-0.327,-0.35,-0.343,0.19,-0.067,0.558,-0.378,-0.286,-0.276,-0.227,-0.139,-0.253,-0.486,-0.3,-0.161,-0.36,-0.188,-0.425,-0.262,-0.046,0.313,-0.122,-0.134,-0.19,-0.289,-0.473,-0.196,0.001,0.243,-0.411,-0.078,-0.22,-0.087,0.094,-0.014,-0.172,-0.113,-0.256,-0.29,-0.525,-0.357,-0.276,-0.308,-0.08,-0.273,-0.155,-0.358,-0.213,-0.259,0.355,0.407,-0.569,-0.138,-0.048,0.285,-0.099,-0.109,0.274,0.481,-0.443,-0.241,-0.257,0.196,-0.436,0.098
ARGX,0.337,-0.096,0.362,-0.63,-0.653,-0.202,-0.684,-0.603,-0.627,-0.674,-0.636,-0.704,0.591,-0.533,-0.092,0.0,-0.534,0.779,0.752,-0.756,-0.119,0.044,0.699,-0.606,-0.17,-0.581,-0.631,-0.758,-0.031,-0.714,-0.251,-0.658,-0.749,-0.191,-0.535,0.169,-0.672,0.21,-0.701,-0.776,-0.621,-0.669,0.544,-0.777,-0.694,0.473,0.343,-0.745,-0.624,-0.683,-0.257,-0.614,-0.302,-0.728,-0.732,-0.727,-0.489,-0.47,0.476,-0.755,-0.724,-0.55,-0.221,-0.607,-0.681,-0.654,-0.629,-0.354,-0.454,0.772,-0.504,-0.242,-0.758,0.814,-0.447,-0.513,0.324,-0.771,-0.678,-0.575,-0.593,-0.588,0.515,-0.764,-0.657,-0.473,-0.238,-0.156,0.214,-0.065,0.431,-0.538,-0.717,-0.537,-0.722,-0.581,-0.534,-0.595,-0.669,0.153,-0.761,-0.736,0.804,-0.642,-0.029,-0.043,0.296,0.574,0.147,-0.499,0.227,-0.403,0.097,-0.225,0.62,0.708,-0.58,-0.765,-0.073,-0.578,-0.504,0.073,-0.726,-0.639,0.478,-0.728,-0.683,-0.756,-0.689,-0.691,0.64,-0.567,-0.702,-0.819,0.642,-0.461,-0.298,-0.618,-0.75,-0.533,0.371,-0.669,-0.329,-0.526,-0.529,-0.554,-0.507,-0.007,0.617,-0.805,-0.7,-0.677,-0.574,-0.145,-0.406,0.806,-0.09,-0.873,-0.397,-0.688,-0.446,-0.623,0.763,0.414,-0.666,-0.59,-0.768,0.524,0.457,-0.753,-0.817,-0.462,0.414,-0.413,-0.551,-0.501,-0.656,-0.671,-0.861,-0.742,-0.665,-0.488,-0.382,-0.638,0.623,0.598,-0.188,-0.751,-0.438,0.745,0.039,-0.682,0.744,0.517,-0.43,-0.673,-0.61,-0.179,-0.534,-0.071
ARLP,-0.739,0.446,-0.408,0.231,0.382,0.243,0.65,0.67,0.587,0.254,0.566,0.51,-0.104,0.351,0.096,-0.534,0.0,-0.68,-0.584,0.624,0.099,0.119,-0.845,0.237,0.212,0.834,0.21,0.311,0.318,0.481,-0.213,0.373,0.547,0.59,0.193,-0.538,0.338,-0.369,0.456,0.618,0.191,0.359,-0.609,0.552,0.413,-0.698,-0.247,0.52,0.467,0.469,-0.008,0.52,-0.123,0.576,0.511,0.633,0.622,0.746,-0.371,0.372,0.552,0.235,0.309,0.254,0.612,0.272,0.36,-0.015,-0.042,-0.439,0.525,-0.123,0.481,-0.591,0.054,0.464,-0.012,0.435,0.325,0.153,-0.012,0.716,0.138,0.384,0.398,0.778,0.035,0.204,0.284,0.393,-0.617,0.397,0.316,0.727,0.406,0.456,0.579,0.064,0.256,-0.145,0.395,0.366,-0.506,0.808,0.006,0.407,-0.707,-0.595,-0.645,0.741,-0.655,-0.004,-0.595,0.745,-0.068,-0.685,0.647,0.546,0.559,0.186,0.15,-0.269,0.576,0.368,0.063,0.494,0.439,0.512,0.34,0.338,-0.29,0.264,0.848,0.585,-0.633,0.185,0.19,0.179,0.423,0.733,0.183,0.278,0.4,0.183,0.124,-0.038,0.178,-0.171,-0.513,0.638,0.557,0.497,0.517,-0.283,-0.178,-0.537,-0.255,0.666,-0.063,0.568,0.104,0.584,-0.749,-0.362,0.278,0.421,0.363,-0.731,-0.375,0.558,0.506,0.845,-0.618,0.251,0.314,0.041,0.333,0.446,0.592,0.435,0.678,0.115,0.107,0.33,-0.073,-0.208,-0.151,0.451,0.075,-0.554,-0.487,0.404,-0.691,-0.28,-0.105,0.393,0.57,-0.392,0.266,-0.288
ATEX,0.431,-0.294,0.125,-0.563,-0.796,-0.169,-0.871,-0.812,-0.734,-0.771,-0.878,-0.855,0.694,-0.629,0.206,0.779,-0.68,0.0,0.858,-0.928,-0.352,-0.274,0.742,-0.768,-0.516,-0.75,-0.67,-0.718,-0.1,-0.872,-0.285,-0.742,-0.904,-0.404,-0.661,0.269,-0.86,0.072,-0.862,-0.903,-0.73,-0.792,0.606,-0.875,-0.796,0.408,0.424,-0.828,-0.834,-0.675,-0.49,-0.807,-0.443,-0.869,-0.862,-0.919,-0.737,-0.61,0.397,-0.747,-0.907,-0.736,-0.267,-0.77,-0.841,-0.738,-0.826,-0.491,-0.185,0.879,-0.589,-0.208,-0.849,0.691,-0.576,-0.753,0.463,-0.863,-0.772,-0.652,-0.565,-0.549,0.545,-0.825,-0.762,-0.6,-0.537,-0.273,0.343,-0.296,0.377,-0.506,-0.703,-0.727,-0.854,-0.711,-0.581,-0.639,-0.758,0.111,-0.783,-0.843,0.79,-0.822,-0.173,-0.288,0.368,0.749,0.276,-0.679,0.299,-0.573,0.181,-0.461,0.465,0.919,-0.733,-0.877,-0.256,-0.712,-0.694,0.234,-0.91,-0.766,0.479,-0.787,-0.82,-0.884,-0.782,-0.815,0.785,-0.693,-0.742,-0.871,0.843,-0.645,-0.489,-0.695,-0.559,-0.644,0.437,-0.733,-0.553,-0.639,-0.583,-0.561,-0.672,-0.245,0.577,-0.924,-0.893,-0.839,-0.735,-0.237,-0.36,0.892,-0.202,-0.912,-0.433,-0.824,-0.606,-0.793,0.738,0.688,-0.768,-0.697,-0.831,0.589,0.509,-0.85,-0.867,-0.671,0.393,-0.616,-0.716,-0.621,-0.812,-0.813,-0.872,-0.865,-0.845,-0.574,-0.407,-0.761,0.63,0.737,-0.34,-0.82,-0.546,0.845,0.038,-0.741,0.884,0.762,-0.517,-0.798,-0.757,-0.036,-0.687,-0.055
ATRA,0.506,-0.201,0.19,-0.51,-0.665,-0.071,-0.731,-0.786,-0.608,-0.69,-0.779,-0.795,0.674,-0.719,0.228,0.752,-0.584,0.858,0.0,-0.831,-0.292,-0.144,0.599,-0.644,-0.389,-0.547,-0.596,-0.601,-0.086,-0.807,-0.168,-0.598,-0.795,-0.21,-0.534,0.309,-0.78,0.226,-0.775,-0.831,-0.617,-0.698,0.684,-0.844,-0.741,0.425,0.45,-0.736,-0.754,-0.633,-0.42,-0.724,-0.4,-0.81,-0.766,-0.79,-0.586,-0.446,0.577,-0.651,-0.789,-0.608,-0.367,-0.686,-0.753,-0.659,-0.7,-0.366,-0.103,0.798,-0.579,-0.11,-0.765,0.706,-0.483,-0.687,0.398,-0.763,-0.696,-0.588,-0.521,-0.526,0.584,-0.725,-0.684,-0.627,-0.351,-0.184,0.347,-0.307,0.319,-0.486,-0.655,-0.578,-0.784,-0.577,-0.599,-0.628,-0.675,0.172,-0.688,-0.746,0.79,-0.693,0.044,-0.308,0.409,0.699,0.292,-0.541,0.264,-0.457,0.218,-0.293,0.371,0.79,-0.543,-0.766,-0.003,-0.613,-0.593,0.228,-0.801,-0.718,0.363,-0.644,-0.745,-0.789,-0.71,-0.735,0.71,-0.601,-0.668,-0.799,0.833,-0.487,-0.369,-0.646,-0.56,-0.57,0.447,-0.688,-0.374,-0.544,-0.469,-0.5,-0.562,-0.124,0.566,-0.82,-0.797,-0.687,-0.694,-0.161,-0.288,0.873,-0.099,-0.813,-0.336,-0.747,-0.526,-0.747,0.73,0.592,-0.692,-0.562,-0.739,0.568,0.576,-0.711,-0.768,-0.569,0.423,-0.541,-0.721,-0.514,-0.687,-0.712,-0.798,-0.772,-0.702,-0.513,-0.266,-0.611,0.671,0.693,-0.23,-0.759,-0.421,0.857,0.059,-0.618,0.863,0.721,-0.464,-0.692,-0.675,0.099,-0.593,0.025
AUTL,-0.435,0.421,0.004,0.654,0.827,-0.007,0.918,0.906,0.802,0.73,0.95,0.945,-0.762,0.761,-0.282,-0.756,0.624,-0.928,-0.831,0.0,0.53,0.35,-0.71,0.859,0.633,0.78,0.767,0.749,0.101,0.964,0.313,0.801,0.93,0.54,0.783,-0.262,0.867,-0.013,0.939,0.884,0.683,0.887,-0.534,0.946,0.923,-0.315,-0.491,0.815,0.871,0.826,0.621,0.893,0.575,0.838,0.859,0.942,0.861,0.72,-0.381,0.839,0.969,0.819,0.394,0.865,0.801,0.855,0.883,0.593,0.264,-0.863,0.698,0.261,0.876,-0.553,0.71,0.775,-0.432,0.907,0.832,0.75,0.591,0.59,-0.559,0.865,0.861,0.673,0.623,0.251,-0.465,0.425,-0.199,0.384,0.767,0.76,0.912,0.789,0.618,0.746,0.802,-0.152,0.781,0.903,-0.724,0.859,0.112,0.451,-0.402,-0.633,-0.287,0.641,-0.244,0.648,-0.071,0.524,-0.418,-0.931,0.788,0.889,0.212,0.768,0.714,-0.043,0.953,0.814,-0.597,0.727,0.78,0.938,0.776,0.897,-0.817,0.747,0.666,0.878,-0.843,0.767,0.601,0.736,0.673,0.697,-0.585,0.818,0.635,0.619,0.654,0.542,0.594,0.37,-0.431,0.966,0.953,0.889,0.881,0.349,0.437,-0.84,0.313,0.951,0.489,0.936,0.678,0.672,-0.657,-0.555,0.866,0.745,0.863,-0.552,-0.51,0.867,0.924,0.702,-0.256,0.533,0.866,0.724,0.859,0.884,0.879,0.908,0.875,0.673,0.601,0.839,-0.607,-0.748,0.446,0.769,0.538,-0.819,0.118,0.79,-0.802,-0.729,0.562,0.79,0.859,-0.024,0.774,0.213
AVDL,-0.104,0.444,0.436,0.322,0.309,-0.385,0.471,0.55,0.456,0.251,0.513,0.475,-0.48,0.604,-0.34,-0.119,0.099,-0.352,-0.292,0.53,0.0,0.271,-0.209,0.583,0.538,0.309,0.35,0.186,0.101,0.503,0.1,0.367,0.364,0.462,0.482,-0.211,0.424,0.209,0.522,0.23,0.193,0.43,-0.008,0.41,0.531,0.153,-0.495,0.161,0.413,0.435,0.565,0.489,0.506,0.167,0.277,0.386,0.572,0.463,-0.221,0.345,0.502,0.485,0.103,0.519,0.136,0.492,0.535,0.362,0.001,-0.294,0.502,-0.039,0.298,0.163,0.47,0.314,-0.02,0.352,0.344,0.471,0.201,0.115,-0.345,0.336,0.444,0.365,0.492,-0.166,-0.508,0.508,0.296,0.021,0.236,0.283,0.403,0.355,0.448,0.581,0.313,-0.278,0.192,0.44,-0.084,0.39,-0.101,0.623,-0.133,-0.108,-0.275,0.081,-0.157,0.413,0.192,0.434,0.047,-0.405,0.368,0.288,0.105,0.373,0.422,0.172,0.452,0.313,-0.544,0.092,0.184,0.397,0.231,0.513,-0.395,0.27,-0.063,0.217,-0.37,0.531,0.485,0.273,0.27,0.198,-0.546,0.355,0.208,0.148,0.323,0.128,0.084,0.474,-0.007,0.423,0.446,0.394,0.623,0.272,0.304,-0.233,0.516,0.357,0.18,0.543,0.337,0.049,0.02,-0.072,0.462,0.24,0.326,-0.17,-0.363,0.401,0.359,0.415,0.066,-0.007,0.611,0.459,0.401,0.402,0.248,0.377,0.318,0.317,0.492,0.43,-0.227,-0.331,0.371,0.156,0.293,-0.202,0.542,0.222,-0.129,-0.404,0.31,0.236,0.511,-0.076,0.34,0.332
BCRX,0.169,0.328,0.494,0.042,0.548,-0.049,0.281,0.356,0.383,0.338,0.527,0.466,-0.386,0.203,-0.452,0.044,0.119,-0.274,-0.144,0.35,0.271,0.0,0.002,0.495,0.775,0.31,0.51,0.247,0.144,0.416,0.424,0.418,0.472,0.284,0.536,0.245,0.409,0.496,0.47,0.294,0.456,0.526,0.138,0.37,0.387,0.375,0.065,0.385,0.578,0.226,0.671,0.554,0.603,0.432,0.349,0.448,0.474,0.251,0.416,0.451,0.442,0.529,0.423,0.537,0.429,0.396,0.551,0.574,0.019,-0.296,0.217,0.504,0.444,0.18,0.583,0.637,-0.533,0.36,0.501,0.417,0.207,-0.069,-0.212,0.434,0.51,0.121,0.666,0.673,-0.355,0.373,0.232,-0.078,0.375,0.534,0.469,0.439,-0.153,0.255,0.446,0.354,0.316,0.444,-0.125,0.207,0.577,0.141,0.087,0.024,0.161,0.314,0.351,0.548,0.301,0.19,-0.127,-0.34,0.449,0.35,0.454,0.475,0.498,0.286,0.449,0.527,-0.335,0.335,0.353,0.495,0.489,0.429,-0.436,0.594,0.198,0.35,-0.234,0.573,0.573,0.46,-0.001,0.386,-0.315,0.517,0.749,0.481,0.523,0.34,0.32,0.617,0.327,0.326,0.465,0.459,0.305,0.463,0.417,-0.163,0.386,0.274,0.541,0.348,0.583,0.329,0.053,-0.277,0.466,0.45,0.417,0.268,0.311,0.324,0.353,0.228,0.457,0.486,0.47,0.489,0.475,0.467,0.232,0.437,0.465,0.546,0.418,0.554,-0.23,-0.467,0.646,0.415,0.4,-0.176,0.139,0.409,-0.199,-0.37,0.515,0.461,0.17,0.123,0.626,0.114
BHAT,0.584,-0.384,0.471,-0.517,-0.473,-0.33,-0.774,-0.651,-0.724,-0.427,-0.587,-0.542,0.193,-0.348,-0.216,0.699,-0.845,0.742,0.599,-0.71,-0.209,0.002,0.0,-0.41,-0.208,-0.892,-0.365,-0.533,-0.354,-0.566,0.05,-0.564,-0.611,-0.565,-0.338,0.472,-0.453,0.261,-0.555,-0.679,-0.328,-0.456,0.469,-0.606,-0.534,0.672,0.272,-0.596,-0.495,-0.581,-0.038,-0.574,0.059,-0.555,-0.607,-0.692,-0.648,-0.809,0.34,-0.533,-0.653,-0.368,-0.137,-0.361,-0.594,-0.439,-0.443,-0.154,-0.236,0.56,-0.463,0.022,-0.572,0.676,-0.178,-0.387,-0.016,-0.564,-0.4,-0.33,-0.208,-0.768,0.03,-0.517,-0.456,-0.644,-0.169,-0.08,-0.178,-0.239,0.539,-0.499,-0.473,-0.663,-0.502,-0.595,-0.652,-0.233,-0.42,0.126,-0.579,-0.502,0.586,-0.871,-0.044,-0.358,0.574,0.638,0.594,-0.731,0.666,-0.123,0.435,-0.74,0.296,0.733,-0.75,-0.662,-0.494,-0.329,-0.273,0.191,-0.63,-0.39,0.171,-0.62,-0.49,-0.59,-0.405,-0.461,0.342,-0.308,-0.801,-0.643,0.552,-0.338,-0.167,-0.274,-0.667,-0.684,-0.033,-0.363,-0.35,-0.218,-0.284,-0.149,-0.263,0.127,0.594,-0.754,-0.605,-0.642,-0.568,0.129,-0.045,0.564,0.02,-0.758,-0.054,-0.638,-0.152,-0.494,0.742,0.341,-0.387,-0.502,-0.505,0.763,0.411,-0.723,-0.64,-0.763,0.607,-0.202,-0.346,-0.213,-0.46,-0.541,-0.699,-0.535,-0.707,-0.189,-0.281,-0.459,0.132,0.25,0.101,-0.494,-0.265,0.531,0.225,-0.526,0.596,0.235,-0.009,-0.478,-0.68,0.115,-0.308,-0.02
BLBD,-0.015,0.275,0.314,0.646,0.87,-0.037,0.768,0.702,0.709,0.812,0.867,0.872,-0.872,0.651,-0.353,-0.606,0.237,-0.768,-0.644,0.859,0.583,0.495,-0.41,0.0,0.731,0.533,0.875,0.778,0.016,0.906,0.604,0.819,0.87,0.315,0.901,0.11,0.913,0.331,0.918,0.773,0.826,0.92,-0.211,0.834,0.909,0.08,-0.364,0.769,0.871,0.712,0.849,0.846,0.827,0.736,0.811,0.844,0.713,0.489,-0.142,0.847,0.909,0.931,0.286,0.949,0.701,0.904,0.947,0.793,0.337,-0.804,0.57,0.514,0.837,-0.322,0.894,0.749,-0.584,0.879,0.875,0.891,0.75,0.258,-0.712,0.897,0.871,0.323,0.817,0.309,-0.718,0.295,0.124,0.325,0.797,0.597,0.924,0.767,0.378,0.864,0.898,0.028,0.785,0.938,-0.626,0.595,0.301,0.246,0.012,-0.428,0.064,0.467,0.137,0.877,0.35,0.268,-0.549,-0.772,0.699,0.822,0.116,0.892,0.862,0.155,0.883,0.837,-0.813,0.688,0.771,0.895,0.818,0.93,-0.869,0.843,0.364,0.781,-0.633,0.897,0.735,0.853,0.565,0.464,-0.777,0.888,0.64,0.737,0.828,0.756,0.662,0.649,-0.204,0.84,0.874,0.855,0.733,0.636,0.723,-0.696,0.608,0.81,0.738,0.83,0.841,0.553,-0.317,-0.505,0.927,0.758,0.902,-0.184,-0.267,0.821,0.865,0.393,0.094,0.596,0.847,0.908,0.922,0.883,0.765,0.906,0.749,0.83,0.64,0.913,-0.72,-0.847,0.709,0.757,0.749,-0.658,0.423,0.791,-0.579,-0.765,0.823,0.827,0.658,0.313,0.858,0.426
BMRN,-0.043,0.521,0.527,0.302,0.672,-0.211,0.55,0.678,0.602,0.489,0.772,0.727,-0.592,0.52,-0.588,-0.17,0.212,-0.516,-0.389,0.633,0.538,0.775,-0.208,0.731,0.0,0.454,0.659,0.437,0.25,0.695,0.406,0.562,0.687,0.355,0.686,0.069,0.643,0.358,0.711,0.534,0.539,0.723,-0.092,0.604,0.67,0.278,-0.167,0.533,0.771,0.499,0.818,0.769,0.729,0.544,0.555,0.663,0.703,0.468,0.091,0.63,0.7,0.71,0.406,0.77,0.526,0.595,0.738,0.654,0.081,-0.575,0.461,0.426,0.638,0.057,0.743,0.818,-0.511,0.601,0.661,0.619,0.346,0.118,-0.431,0.641,0.722,0.402,0.763,0.373,-0.623,0.599,0.361,-0.006,0.527,0.592,0.702,0.586,0.078,0.507,0.644,0.144,0.482,0.65,-0.324,0.452,0.281,0.447,-0.109,-0.212,0.016,0.39,0.174,0.664,0.24,0.354,-0.136,-0.621,0.612,0.554,0.291,0.653,0.613,0.328,0.69,0.672,-0.432,0.381,0.5,0.714,0.634,0.658,-0.696,0.702,0.276,0.539,-0.548,0.73,0.651,0.608,0.265,0.461,-0.583,0.728,0.717,0.542,0.644,0.427,0.429,0.673,0.142,0.586,0.731,0.67,0.673,0.508,0.425,-0.439,0.47,0.521,0.527,0.604,0.715,0.408,-0.132,-0.372,0.723,0.535,0.607,-0.016,0.013,0.522,0.587,0.411,0.219,0.511,0.757,0.661,0.658,0.68,0.465,0.653,0.621,0.661,0.559,0.707,-0.417,-0.634,0.694,0.471,0.455,-0.397,0.222,0.561,-0.411,-0.574,0.615,0.59,0.513,-0.002,0.753,0.175
BNGO,-0.488,0.51,-0.261,0.501,0.631,0.317,0.842,0.711,0.797,0.473,0.72,0.655,-0.272,0.334,0.063,-0.581,0.834,-0.75,-0.547,0.78,0.309,0.31,-0.892,0.533,0.454,0.0,0.515,0.587,0.302,0.666,0.115,0.693,0.726,0.697,0.521,-0.323,0.536,-0.088,0.676,0.731,0.428,0.612,-0.374,0.669,0.636,-0.502,-0.156,0.691,0.655,0.652,0.274,0.727,0.142,0.644,0.68,0.799,0.782,0.897,-0.124,0.647,0.756,0.533,0.3,0.499,0.701,0.548,0.601,0.381,0.21,-0.594,0.476,0.196,0.677,-0.531,0.379,0.555,-0.162,0.644,0.537,0.457,0.266,0.721,-0.028,0.613,0.602,0.634,0.426,0.308,0.068,0.365,-0.385,0.407,0.577,0.797,0.614,0.739,0.533,0.277,0.52,0.038,0.651,0.609,-0.561,0.909,0.242,0.382,-0.519,-0.554,-0.505,0.853,-0.482,0.31,-0.325,0.811,-0.296,-0.797,0.874,0.736,0.638,0.473,0.402,-0.051,0.737,0.537,-0.246,0.671,0.568,0.7,0.502,0.576,-0.449,0.494,0.81,0.713,-0.563,0.542,0.378,0.411,0.639,0.82,-0.04,0.502,0.639,0.374,0.454,0.237,0.357,0.106,-0.411,0.809,0.729,0.778,0.648,0.064,0.16,-0.519,0.085,0.788,0.255,0.71,0.35,0.514,-0.648,-0.406,0.507,0.67,0.596,-0.617,-0.254,0.784,0.71,0.793,-0.362,0.348,0.474,0.376,0.595,0.676,0.726,0.642,0.849,0.38,0.4,0.634,-0.125,-0.358,0.142,0.547,0.369,-0.542,-0.199,0.647,-0.6,-0.286,0.155,0.596,0.663,-0.085,0.513,0.127
BUSE,0.139,0.245,0.149,0.697,0.945,0.189,0.704,0.582,0.661,0.869,0.772,0.834,-0.779,0.48,-0.235,-0.631,0.21,-0.67,-0.596,0.767,0.35,0.51,-0.365,0.875,0.659,0.515,0.0,0.889,-0.101,0.854,0.745,0.898,0.884,0.18,0.92,0.323,0.876,0.308,0.888,0.802,0.878,0.956,-0.131,0.822,0.859,0.051,-0.055,0.882,0.883,0.711,0.798,0.841,0.804,0.795,0.867,0.831,0.632,0.407,0.026,0.929,0.858,0.912,0.476,0.918,0.806,0.895,0.902,0.894,0.484,-0.764,0.469,0.755,0.913,-0.405,0.929,0.742,-0.699,0.891,0.944,0.918,0.86,0.266,-0.642,0.95,0.897,0.215,0.797,0.524,-0.587,0.152,0.113,0.368,0.916,0.622,0.928,0.837,0.193,0.759,0.925,0.324,0.891,0.94,-0.662,0.536,0.452,0.011,0.122,-0.387,0.257,0.544,0.337,0.89,0.374,0.15,-0.662,-0.673,0.711,0.866,0.107,0.943,0.87,0.293,0.861,0.912,-0.714,0.776,0.836,0.895,0.897,0.912,-0.807,0.947,0.481,0.865,-0.486,0.906,0.698,0.944,0.667,0.595,-0.677,0.932,0.771,0.865,0.947,0.867,0.711,0.65,-0.083,0.821,0.85,0.88,0.644,0.714,0.815,-0.636,0.537,0.795,0.892,0.771,0.913,0.594,-0.338,-0.532,0.911,0.868,0.949,-0.026,-0.071,0.834,0.896,0.279,0.257,0.717,0.787,0.92,0.931,0.922,0.823,0.922,0.795,0.933,0.645,0.951,-0.742,-0.812,0.726,0.835,0.794,-0.665,0.325,0.888,-0.565,-0.614,0.857,0.908,0.526,0.442,0.943,0.496
CAKE,0.047,0.115,-0.191,0.825,0.891,0.396,0.778,0.489,0.6,0.879,0.662,0.752,-0.664,0.379,-0.008,-0.758,0.311,-0.718,-0.601,0.749,0.186,0.247,-0.533,0.778,0.437,0.587,0.889,0.0,-0.159,0.813,0.669,0.912,0.854,0.158,0.829,0.232,0.839,0.091,0.822,0.856,0.837,0.869,-0.26,0.783,0.804,-0.249,-0.019,0.914,0.761,0.737,0.569,0.754,0.561,0.786,0.914,0.825,0.564,0.414,-0.039,0.885,0.832,0.823,0.32,0.795,0.818,0.851,0.788,0.794,0.536,-0.778,0.391,0.654,0.893,-0.597,0.773,0.565,-0.629,0.907,0.86,0.816,0.894,0.425,-0.557,0.918,0.8,0.183,0.654,0.424,-0.396,-0.098,-0.143,0.457,0.929,0.566,0.862,0.865,0.262,0.664,0.895,0.293,0.949,0.898,-0.719,0.64,0.355,-0.116,0.054,-0.531,0.172,0.613,0.162,0.772,0.202,0.189,-0.77,-0.7,0.677,0.919,0.086,0.888,0.786,0.054,0.823,0.809,-0.651,0.83,0.862,0.843,0.819,0.848,-0.702,0.83,0.558,0.871,-0.475,0.815,0.505,0.871,0.775,0.601,-0.554,0.822,0.646,0.78,0.84,0.855,0.768,0.445,-0.238,0.854,0.793,0.893,0.597,0.571,0.705,-0.693,0.355,0.833,0.765,0.76,0.77,0.615,-0.481,-0.591,0.826,0.888,0.924,-0.251,-0.24,0.863,0.905,0.295,0.039,0.664,0.64,0.828,0.893,0.886,0.902,0.898,0.815,0.824,0.535,0.868,-0.688,-0.674,0.52,0.826,0.716,-0.733,0.189,0.905,-0.608,-0.534,0.71,0.898,0.602,0.485,0.81,0.551
CASY,-0.344,0.338,0.054,-0.102,-0.098,-0.046,0.076,0.303,0.462,-0.099,0.173,0.021,0.203,0.086,0.084,-0.031,0.318,-0.1,-0.086,0.101,0.101,0.144,-0.354,0.016,0.25,0.302,-0.101,-0.159,0.0,0.003,-0.329,-0.051,0.019,0.253,-0.13,-0.364,-0.079,0.05,0.023,0.021,-0.104,-0.093,0.04,-0.026,0.051,-0.016,-0.133,-0.056,0.112,-0.065,-0.09,0.11,-0.175,-0.036,-0.092,0.078,0.207,0.417,-0.129,0.024,0.068,-0.105,-0.084,-0.085,-0.064,-0.089,-0.019,-0.265,0.039,-0.035,0.067,-0.23,-0.02,-0.099,-0.208,0.178,0.405,-0.071,-0.128,-0.114,-0.388,0.291,0.187,-0.044,-0.034,0.36,-0.083,-0.094,0.193,0.436,-0.013,0.218,-0.077,0.226,-0.018,-0.032,0.279,-0.086,-0.072,-0.058,-0.019,-0.098,-0.074,0.231,-0.041,0.478,-0.304,-0.076,-0.488,0.233,-0.471,-0.266,-0.194,0.399,0.122,-0.16,0.309,-0.045,0.443,-0.209,-0.198,0.15,0.016,-0.107,0.161,0.011,-0.18,0.062,-0.057,-0.111,0.069,-0.165,0.283,-0.001,-0.105,-0.137,-0.057,-0.229,0.151,0.099,0.237,-0.018,-0.073,-0.241,-0.117,-0.277,-0.286,-0.237,-0.276,0.085,0.058,0.009,0.064,-0.264,-0.197,0.023,0.068,0.071,-0.26,-0.017,-0.249,-0.07,-0.129,0.19,-0.103,-0.166,-0.068,-0.235,0.095,0.109,-0.014,0.324,-0.401,-0.234,-0.003,-0.241,-0.124,-0.071,-0.008,-0.084,0.041,-0.262,-0.023,-0.044,0.253,0.062,-0.279,-0.068,-0.053,0.186,-0.099,-0.109,-0.013,0.105,-0.258,-0.111,0.056,-0.263,-0.151,-0.322
CCOI,-0.296,0.372,0.086,0.692,0.887,-0.017,0.882,0.854,0.741,0.789,0.936,0.966,-0.84,0.768,-0.352,-0.714,0.481,-0.872,-0.807,0.964,0.503,0.416,-0.566,0.906,0.695,0.666,0.854,0.813,0.003,0.0,0.455,0.846,0.947,0.423,0.872,-0.106,0.923,0.064,0.972,0.892,0.756,0.95,-0.467,0.956,0.966,-0.197,-0.424,0.85,0.903,0.847,0.74,0.904,0.709,0.862,0.899,0.94,0.834,0.599,-0.292,0.884,0.973,0.899,0.469,0.94,0.821,0.92,0.926,0.72,0.303,-0.865,0.681,0.401,0.916,-0.488,0.828,0.804,-0.556,0.947,0.911,0.825,0.71,0.502,-0.656,0.919,0.916,0.564,0.703,0.322,-0.594,0.352,-0.067,0.344,0.845,0.721,0.965,0.833,0.507,0.812,0.883,-0.045,0.824,0.954,-0.716,0.779,0.149,0.364,-0.267,-0.597,-0.112,0.594,-0.038,0.77,0.064,0.377,-0.471,-0.888,0.743,0.91,0.095,0.87,0.8,0.029,0.964,0.89,-0.676,0.72,0.833,0.964,0.833,0.947,-0.866,0.842,0.58,0.892,-0.809,0.85,0.663,0.843,0.674,0.659,-0.707,0.903,0.686,0.712,0.748,0.67,0.672,0.504,-0.29,0.951,0.97,0.906,0.871,0.505,0.553,-0.835,0.385,0.925,0.626,0.941,0.801,0.686,-0.556,-0.582,0.939,0.803,0.923,-0.417,-0.453,0.849,0.946,0.587,-0.084,0.621,0.92,0.838,0.921,0.934,0.884,0.957,0.87,0.805,0.622,0.899,-0.719,-0.816,0.569,0.813,0.604,-0.837,0.211,0.847,-0.771,-0.773,0.701,0.853,0.829,0.077,0.87,0.326
CEVA,0.598,-0.085,0.247,0.384,0.729,0.281,0.287,0.04,0.174,0.677,0.36,0.435,-0.583,0.007,-0.153,-0.251,-0.213,-0.285,-0.168,0.313,0.1,0.424,0.05,0.604,0.406,0.115,0.745,0.669,-0.329,0.455,0.0,0.595,0.513,-0.141,0.761,0.71,0.613,0.574,0.52,0.451,0.773,0.644,0.251,0.413,0.475,0.389,0.235,0.614,0.532,0.355,0.694,0.443,0.731,0.456,0.577,0.463,0.198,-0.05,0.407,0.583,0.46,0.745,0.244,0.623,0.536,0.6,0.623,0.844,0.392,-0.409,0.065,0.892,0.576,-0.087,0.783,0.415,-0.716,0.613,0.701,0.74,0.804,-0.181,-0.488,0.655,0.608,-0.357,0.729,0.559,-0.555,-0.256,0.185,0.157,0.619,0.247,0.577,0.602,-0.255,0.526,0.667,0.495,0.62,0.637,-0.389,0.036,0.697,-0.451,0.603,-0.088,0.617,0.297,0.699,0.863,0.614,-0.205,-0.596,-0.248,0.34,0.569,-0.029,0.802,0.731,0.149,0.492,0.646,-0.607,0.567,0.653,0.51,0.644,0.616,-0.527,0.765,0.064,0.522,-0.052,0.734,0.652,0.762,0.246,0.255,-0.498,0.642,0.619,0.817,0.815,0.856,0.69,0.681,0.182,0.387,0.46,0.552,0.185,0.866,0.831,-0.254,0.541,0.372,0.922,0.354,0.795,0.384,0.124,-0.457,0.61,0.723,0.671,0.398,0.226,0.476,0.527,-0.166,0.614,0.689,0.385,0.826,0.735,0.628,0.452,0.619,0.469,0.823,0.411,0.715,-0.597,-0.647,0.754,0.558,0.794,-0.343,0.416,0.693,-0.187,-0.39,0.839,0.67,0.069,0.738,0.734,0.598
