,AAPL,ACRS,ADP,AFYA,AGNC,AGYS,ALT,AMGN,AMPH,AMZN,ANIP,AOSL,APDN,APLT,APVO,ARGX,ARLP,ATEX,ATRA,AUTL,AVDL,BCRX,BHAT,BLBD,BMRN,BNGO,BUSE,CAKE,CASY,CCOI,CEVA,CHY,CLDX,CLMT,COHU,COLM,COST,CPRT,CSWC,CSX,DBX,DCOM,DKNG,DMLP,DOX,EA,EDIT,ENPH,ENSG,ERNA,ESGR,ETNB,EXTR,FANG,FARO,FATE,FGEN,FIVE,FIVN,FLGT,FOLD,FORM,FOXA,FRPT,FSLR,FTAI,GBDC,GDYN,GGAL,GNLN,GRFS,GT,HCAT,HCM,HFWA,HOLX,HQY,HUBG,IAC,ICLR,IDCC,IEP,IHRT,ILMN,ILPT,IMAB,IMOS,INMD,INTZ,JAZZ,JKHY,JRVR,KIDS,LBRDK,LGND,LMAT,LPLA,LULU,MASI,MAT,MATW,MBIN,MBIO,MCRB,MDB,MDLZ,MELI,MIRM,MLKN,MNMD,MNRO,MPWR,MRCY,MRSN,MTVA,NAAS,NDAQ,NDSN,NEGG,NOVT,NVDA,NWE,NWSA,NXST,OCX,ODFL,OMAB,OPCH,OPRA,ORGO,OTRK,OZK,PAGP,PCH,PEGA,PENG,PENN,PFBC,PGNY,PHAT,PHUN,PINC,PLUG,PLXS,PYPL,QLYS,QNCX,QQQX,QVCGA,RAPT,RBBN,RCKT,REPL,RMBS,ROAD,ROKU,ROP,RUSHA,SANM,SATS,SBCF,SBLK,SBUX,SCHL,SCSC,SDGR,SEIC,SFIX,SGRY,SKYW,SLP,SNES,STAA,STLD,STOK,SWKS,TER,TFIN,TIGO,TILE,TPIC,TTEC,TTEK,TTGT,UXIN,VERU,VLYPP,VNOM,VRNS,VRSN,WDAY,WERN,WINA,WKHS,WRLD,XP,XTKG,YY,ZION,ZM
AAPL,0.0,-0.252,-0.063,0.223,-0.045,0.647,-0.434,-0.309,-0.058,0.279,0.068,0.225,-0.392,0.796,-0.564,-0.029,0.524,-0.211,-0.594,-0.399,-0.578,-0.288,-0.413,-0.043,-0.236,0.1,-0.206,0.486,-0.304,0.473,0.11,0.494,-0.436,0.027,0.209,-0.312,-0.192,0.51,0.407,0.516,0.339,0.47,0.306,-0.001,0.325,-0.461,-0.427,-0.038,-0.481,-0.521,-0.042,-0.532,0.362,0.089,0.653,-0.373,-0.536,-0.574,-0.134,-0.384,-0.316,0.617,0.601,-0.202,0.237,0.305,-0.036,0.028,-0.014,-0.259,-0.403,0.647,-0.222,0.387,-0.109,-0.36,0.293,0.021,0.228,-0.27,0.46,0.301,0.135,0.16,-0.388,0.183,0.238,-0.124,-0.681,0.014,0.006,-0.584,-0.582,0.461,-0.564,0.534,0.537,0.23,0.5,-0.032,-0.317,-0.007,-0.698,-0.214,-0.33,-0.298,-0.096,-0.485,-0.689,-0.372,0.58,0.525,-0.384,-0.196,-0.36,0.107,0.136,0.391,-0.315,0.606,0.282,0.084,0.27,-0.239,-0.353,0.351,-0.334,-0.118,0.18,0.09,-0.396,0.217,-0.164,-0.212,0.587,0.549,-0.345,0.003,-0.811,-0.324,-0.148,-0.396,0.218,0.673,0.712,0.216,0.335,0.676,0.54,-0.088,0.693,-0.289,0.264,0.329,0.399,0.122,0.054,0.379,0.166,0.034,-0.189,0.547,-0.068,-0.087,0.192,-0.287,0.584,-0.381,0.133,0.544,-0.283,-0.568,0.231,0.619,-0.476,0.075,0.47,-0.289,0.211,-0.169,0.361,0.177,0.208,-0.081,0.389,-0.084,0.58,0.286,0.658,0.395,-0.288,0.083,0.418,0.561,-0.248,-0.535,-0.262,0.182,0.16,0.422
ACRS,-0.252,0.0,0.04,0.113,0.326,-0.447,0.284,0.39,0.36,-0.168,0.239,0.089,0.23,-0.372,0.321,0.069,-0.324,0.262,0.333,0.376,0.523,0.396,0.469,0.045,0.259,0.23,0.282,-0.181,-0.119,-0.345,-0.044,-0.345,0.26,-0.124,0.312,0.531,-0.05,-0.38,0.2,0.247,-0.249,0.011,-0.28,0.086,0.07,0.158,0.424,0.133,0.233,0.343,0.089,0.39,0.112,-0.177,-0.219,0.401,0.513,0.419,0.317,0.444,0.263,-0.29,-0.363,0.119,-0.005,-0.274,0.113,-0.132,0.147,0.136,0.566,-0.107,0.317,-0.178,0.28,0.395,-0.25,0.122,0.001,0.393,-0.263,-0.298,0.081,0.031,0.354,-0.148,-0.059,0.292,0.369,0.353,0.189,0.532,0.442,-0.375,0.548,-0.069,-0.342,0.072,-0.467,0.238,0.374,0.249,0.332,0.138,0.14,0.236,0.005,0.37,0.494,0.37,-0.287,-0.174,0.261,0.462,0.205,0.087,0.221,0.055,0.239,-0.284,-0.359,0.103,0.071,0.317,0.08,0.058,0.13,0.172,-0.087,-0.029,0.175,0.369,-0.028,0.285,-0.551,-0.244,0.378,0.203,0.306,0.455,0.051,0.456,0.01,-0.249,-0.404,0.208,-0.186,-0.333,-0.137,0.359,-0.325,0.249,-0.051,-0.029,-0.06,0.115,0.306,-0.112,0.111,-0.046,0.374,-0.253,0.298,0.184,-0.003,0.411,-0.272,0.45,0.143,-0.402,0.448,0.115,0.047,-0.363,0.429,0.281,0.033,0.29,-0.23,0.197,-0.14,-0.051,-0.28,0.397,-0.225,-0.05,-0.277,-0.317,-0.497,-0.116,0.359,0.091,-0.166,-0.329,0.354,0.534,0.527,-0.046,0.084,-0.42
ADP,-0.063,0.04,0.0,-0.192,-0.266,0.21,-0.555,-0.412,-0.651,-0.636,-0.572,-0.183,-0.692,0.067,-0.267,-0.299,0.504,-0.829,-0.196,0.616,-0.286,-0.617,-0.01,-0.813,-0.258,-0.142,-0.707,0.212,0.252,0.64,0.334,0.538,-0.568,0.826,-0.465,-0.378,-0.362,0.653,0.116,-0.07,0.682,-0.148,-0.689,0.78,0.68,-0.001,-0.61,-0.761,-0.383,-0.5,0.025,-0.348,-0.067,0.795,-0.486,-0.679,-0.539,-0.313,0.243,-0.579,-0.707,0.352,0.091,-0.116,-0.8,0.807,0.579,0.681,0.005,-0.624,-0.235,0.152,-0.661,0.599,-0.57,-0.521,0.656,-0.884,-0.749,-0.028,0.732,0.374,0.858,0.827,-0.729,0.755,-0.234,-0.771,0.142,-0.535,0.892,-0.267,-0.48,0.41,0.363,0.017,0.611,0.127,0.51,0.239,-0.705,-0.358,-0.338,-0.66,-0.405,-0.828,-0.708,-0.022,-0.214,-0.725,-0.044,0.332,-0.026,0.121,-0.794,0.483,-0.49,-0.565,-0.604,-0.334,0.655,-0.819,-0.648,-0.405,0.128,-0.569,-0.568,-0.849,-0.479,0.551,-0.414,-0.082,-0.178,-0.804,0.202,0.166,-0.508,-0.05,-0.216,-0.599,0.649,-0.582,0.016,0.262,0.303,-0.349,-0.473,0.541,0.22,0.173,0.258,-0.591,0.595,0.266,-0.161,0.47,-0.677,-0.786,-0.687,-0.404,-0.565,-0.185,-0.4,-0.833,-0.157,-0.674,0.571,-0.328,-0.74,0.557,-0.663,-0.435,-0.057,0.439,-0.435,-0.599,-0.464,-0.601,-0.746,-0.527,-0.091,0.746,0.825,-0.609,0.577,0.41,-0.184,0.783,0.283,0.184,-0.5,-0.713,-0.687,-0.479,-0.45,-0.449,-0.141,-0.611,0.254,0.089
AFYA,0.223,0.113,-0.192,0.0,0.071,0.117,-0.374,-0.447,0.059,-0.195,0.166,0.541,-0.324,0.399,-0.3,0.357,0.413,0.105,-0.187,-0.296,-0.147,-0.145,0.153,-0.157,-0.266,0.521,-0.176,0.648,-0.458,0.039,0.212,-0.016,-0.401,-0.136,0.5,0.429,-0.664,-0.03,0.094,0.331,0.162,0.245,0.172,-0.113,0.376,0.027,-0.192,0.114,-0.522,-0.346,0.17,-0.413,-0.145,-0.323,0.63,-0.124,0.074,-0.379,0.067,-0.098,-0.203,0.303,0.592,-0.6,0.437,-0.087,-0.045,0.01,-0.693,-0.061,0.092,0.621,-0.059,0.44,-0.262,-0.183,-0.008,0.081,0.022,-0.558,0.09,0.231,0.048,-0.06,-0.091,0.259,0.728,-0.039,-0.317,0.399,0.018,-0.283,-0.265,0.402,-0.283,0.257,0.217,0.154,0.278,-0.202,-0.111,-0.136,-0.021,-0.189,-0.574,-0.024,-0.351,0.111,-0.122,-0.118,0.693,0.28,0.522,-0.118,-0.099,0.481,-0.171,0.678,-0.15,0.473,-0.138,0.443,0.243,-0.181,-0.606,0.122,-0.382,-0.066,0.268,0.066,-0.394,0.052,-0.467,0.147,0.305,0.601,-0.271,-0.372,-0.329,-0.023,0.031,-0.101,0.605,0.579,0.235,0.456,0.317,0.065,0.492,0.502,0.32,-0.26,0.38,0.355,-0.076,-0.32,0.006,0.244,0.066,-0.131,-0.21,0.765,0.364,0.02,-0.122,-0.213,0.162,-0.434,0.342,0.195,0.022,-0.259,0.82,0.412,-0.271,-0.042,0.556,-0.298,-0.152,-0.173,0.383,0.289,-0.159,0.017,0.413,-0.625,0.359,-0.128,0.012,0.581,-0.36,0.391,0.295,0.399,-0.216,-0.014,0.063,0.564,-0.438,0.068
AGNC,-0.045,0.326,-0.266,0.071,0.0,-0.196,0.421,0.514,0.671,0.215,0.622,-0.148,0.424,-0.008,-0.108,-0.065,-0.357,0.449,0.271,0.142,0.468,0.543,0.05,0.403,-0.137,-0.136,0.592,-0.263,-0.188,-0.405,-0.585,-0.055,0.404,-0.128,0.444,0.55,0.141,-0.206,0.436,0.486,-0.29,0.543,0.113,0.019,-0.238,-0.119,0.536,0.621,0.297,0.34,-0.081,0.505,0.564,-0.292,0.173,0.561,0.409,0.473,0.241,0.61,0.301,-0.24,-0.166,0.284,0.289,-0.244,-0.249,-0.427,0.415,0.693,0.153,0.11,0.692,-0.468,0.623,0.639,-0.162,0.498,0.602,0.36,-0.317,0.156,-0.242,-0.167,0.5,-0.414,-0.086,0.638,0.042,0.652,-0.281,0.392,0.421,-0.415,0.24,-0.002,-0.347,0.341,-0.446,0.504,0.571,0.775,0.327,0.448,0.358,0.487,0.364,-0.176,0.483,0.423,-0.234,-0.474,-0.163,0.412,0.375,-0.218,0.395,0.389,0.597,-0.119,-0.385,0.404,0.535,0.744,-0.022,0.572,0.462,0.372,0.052,0.124,0.329,0.666,0.242,0.529,-0.406,-0.184,0.586,0.599,0.242,0.507,-0.135,0.68,0.201,-0.188,-0.246,0.107,-0.016,-0.138,-0.16,-0.089,-0.355,0.625,-0.267,-0.227,0.548,0.395,0.497,0.386,0.576,0.467,0.624,-0.209,0.039,0.538,0.498,0.498,-0.155,0.539,0.432,-0.265,0.474,0.186,-0.06,-0.391,0.632,0.094,0.183,0.632,0.111,0.558,0.368,-0.28,-0.389,0.645,-0.362,-0.11,-0.068,-0.378,-0.218,-0.174,0.544,0.506,0.458,0.2,0.743,0.618,0.339,-0.072,0.379,-0.148
AGYS,0.647,-0.447,0.21,0.117,-0.196,0.0,-0.632,-0.571,-0.446,0.117,-0.359,0.313,-0.574,0.64,-0.548,-0.278,0.659,-0.574,-0.497,-0.346,-0.841,-0.68,-0.537,-0.334,-0.474,-0.066,-0.521,0.48,0.163,0.758,0.35,0.59,-0.663,0.313,-0.013,-0.506,-0.164,0.792,0.146,0.197,0.685,0.189,0.269,0.01,0.517,-0.077,-0.711,-0.346,-0.586,-0.603,0.244,-0.722,0.188,0.241,0.485,-0.653,-0.741,-0.558,-0.021,-0.741,-0.62,0.79,0.721,-0.361,-0.027,0.552,0.214,0.513,-0.088,-0.341,-0.554,0.611,-0.451,0.521,-0.448,-0.522,0.555,-0.325,0.046,-0.605,0.685,0.504,0.235,0.309,-0.626,0.331,0.294,-0.38,-0.579,-0.243,0.199,-0.668,-0.781,0.74,-0.615,0.505,0.755,0.373,0.8,-0.041,-0.593,-0.217,-0.556,-0.523,-0.298,-0.476,-0.206,-0.585,-0.683,-0.621,0.623,0.671,-0.266,-0.558,-0.541,0.205,-0.266,0.192,-0.488,0.552,0.675,-0.178,-0.008,-0.297,-0.371,0.1,-0.486,-0.401,0.097,0.348,-0.49,-0.138,-0.188,-0.531,0.857,0.689,-0.554,-0.096,-0.656,-0.705,0.181,-0.556,0.153,0.729,0.804,0.195,0.075,0.718,0.414,-0.254,0.801,-0.571,0.276,0.591,0.164,0.076,-0.299,0.184,-0.117,0.193,-0.549,0.525,-0.283,-0.303,0.187,-0.611,0.776,-0.684,-0.221,0.803,-0.547,-0.491,0.206,0.745,-0.704,-0.238,0.325,-0.529,0.075,-0.31,0.335,0.305,0.586,-0.554,0.55,0.2,0.525,0.479,0.927,0.602,-0.468,-0.128,0.232,0.597,-0.559,-0.732,-0.603,0.183,0.097,0.82
ALT,-0.434,0.284,-0.555,-0.374,0.421,-0.632,0.0,0.855,0.709,0.531,0.541,-0.239,0.949,-0.572,0.548,0.063,-0.926,0.81,0.542,0.025,0.736,0.894,0.191,0.833,0.439,-0.249,0.902,-0.708,-0.025,-0.852,-0.526,-0.573,0.92,-0.571,0.124,0.393,0.728,-0.732,-0.158,-0.09,-0.874,0.027,0.261,-0.397,-0.847,0.027,0.925,0.669,0.909,0.88,-0.136,0.913,0.292,-0.454,-0.279,0.913,0.719,0.833,-0.109,0.861,0.873,-0.712,-0.743,0.63,0.289,-0.705,-0.46,-0.678,0.548,0.714,0.416,-0.691,0.849,-0.93,0.849,0.796,-0.677,0.726,0.562,0.66,-0.861,-0.539,-0.71,-0.568,0.912,-0.831,-0.409,0.797,0.356,0.384,-0.679,0.796,0.881,-0.916,0.4,-0.421,-0.897,-0.245,-0.916,0.188,0.876,0.622,0.571,0.796,0.775,0.832,0.801,0.275,0.637,0.91,-0.672,-0.692,-0.122,0.437,0.837,-0.703,0.638,-0.027,0.818,-0.291,-0.662,0.414,0.362,0.673,0.448,0.393,0.894,0.78,0.0,-0.429,0.735,0.259,0.54,0.795,-0.765,-0.743,0.889,0.471,0.631,0.785,-0.533,0.798,-0.479,-0.808,-0.69,-0.146,0.043,-0.656,-0.593,-0.274,-0.753,0.895,-0.604,-0.64,0.234,-0.062,0.68,0.384,0.594,0.399,0.866,-0.607,0.226,0.715,0.312,0.919,-0.791,0.841,0.484,-0.854,0.724,0.611,-0.575,-0.898,0.912,0.544,-0.015,0.906,0.532,0.709,-0.217,-0.838,-0.706,0.737,-0.946,0.024,-0.371,-0.698,-0.567,-0.76,0.843,0.305,0.275,-0.196,0.82,0.786,0.388,0.005,0.157,-0.518
AMGN,-0.309,0.39,-0.412,-0.447,0.514,-0.571,0.855,0.0,0.772,0.412,0.598,-0.438,0.802,-0.492,0.411,-0.083,-0.798,0.652,0.497,0.125,0.71,0.844,0.168,0.697,0.341,-0.263,0.852,-0.702,0.029,-0.708,-0.661,-0.422,0.887,-0.419,0.146,0.397,0.619,-0.594,0.131,0.175,-0.72,0.152,0.028,-0.149,-0.667,-0.073,0.852,0.608,0.772,0.776,-0.209,0.866,0.336,-0.287,-0.305,0.827,0.61,0.782,-0.048,0.83,0.773,-0.68,-0.72,0.596,0.173,-0.558,-0.311,-0.675,0.677,0.638,0.408,-0.488,0.767,-0.836,0.86,0.886,-0.432,0.626,0.549,0.79,-0.656,-0.393,-0.514,-0.39,0.769,-0.692,-0.463,0.713,0.314,0.461,-0.455,0.741,0.792,-0.865,0.414,-0.162,-0.797,-0.136,-0.861,0.393,0.834,0.681,0.428,0.814,0.708,0.718,0.657,0.14,0.573,0.739,-0.694,-0.739,-0.25,0.526,0.659,-0.606,0.678,-0.025,0.726,-0.281,-0.668,0.32,0.389,0.787,0.531,0.328,0.825,0.691,0.026,-0.259,0.685,0.516,0.5,0.665,-0.785,-0.737,0.886,0.61,0.534,0.662,-0.449,0.834,-0.343,-0.736,-0.602,-0.069,-0.013,-0.551,-0.562,-0.247,-0.701,0.847,-0.586,-0.606,0.314,0.136,0.68,0.294,0.573,0.389,0.891,-0.65,0.044,0.684,0.311,0.831,-0.595,0.95,0.397,-0.716,0.688,0.468,-0.514,-0.801,0.84,0.395,-0.175,0.898,0.392,0.744,-0.099,-0.642,-0.63,0.813,-0.786,0.078,-0.353,-0.557,-0.534,-0.641,0.782,0.293,0.206,-0.195,0.872,0.714,0.435,-0.167,0.403,-0.374
AMPH,-0.058,0.36,-0.651,0.059,0.671,-0.446,0.709,0.772,0.0,0.427,0.844,-0.154,0.707,-0.162,0.174,0.081,-0.633,0.788,0.374,-0.129,0.637,0.84,0.132,0.74,0.186,-0.08,0.891,-0.401,-0.216,-0.721,-0.684,-0.369,0.703,-0.542,0.533,0.653,0.345,-0.583,0.236,0.389,-0.705,0.444,0.238,-0.275,-0.58,-0.147,0.811,0.814,0.519,0.606,-0.188,0.702,0.404,-0.545,0.177,0.847,0.607,0.594,-0.045,0.859,0.664,-0.463,-0.391,0.331,0.522,-0.621,-0.438,-0.76,0.393,0.727,0.362,-0.109,0.885,-0.698,0.868,0.849,-0.426,0.8,0.73,0.47,-0.664,-0.224,-0.567,-0.518,0.788,-0.698,-0.07,0.807,0.068,0.71,-0.595,0.539,0.658,-0.717,0.206,-0.045,-0.694,0.063,-0.749,0.347,0.837,0.8,0.401,0.747,0.482,0.79,0.639,0.02,0.518,0.724,-0.332,-0.624,-0.113,0.44,0.706,-0.502,0.667,0.418,0.753,0.015,-0.747,0.642,0.65,0.723,0.134,0.578,0.675,0.728,0.208,-0.283,0.594,0.648,0.268,0.827,-0.628,-0.392,0.821,0.576,0.318,0.72,-0.484,0.845,-0.01,-0.408,-0.418,0.125,0.22,-0.458,-0.274,-0.148,-0.521,0.845,-0.484,-0.419,0.473,0.047,0.773,0.615,0.753,0.421,0.896,-0.239,0.299,0.834,0.445,0.799,-0.48,0.752,0.664,-0.607,0.746,0.3,-0.144,-0.605,0.779,0.395,0.217,0.859,0.402,0.81,0.203,-0.56,-0.761,0.926,-0.637,-0.245,-0.167,-0.682,-0.478,-0.408,0.672,0.635,0.58,0.104,0.891,0.744,0.476,0.133,0.251,-0.337
AMZN,0.279,-0.168,-0.636,-0.195,0.215,0.117,0.531,0.412,0.427,0.0,0.463,-0.082,0.567,0.127,-0.031,-0.027,-0.391,0.56,-0.167,-0.582,-0.003,0.448,-0.443,0.83,0.003,-0.326,0.62,-0.158,-0.18,-0.42,-0.361,-0.102,0.476,-0.566,0.053,-0.065,0.593,-0.227,-0.093,0.147,-0.491,0.352,0.778,-0.546,-0.599,-0.326,0.416,0.647,0.534,0.358,-0.004,0.247,0.428,-0.32,0.269,0.44,0.127,0.341,-0.351,0.343,0.613,-0.181,-0.003,0.439,0.543,-0.487,-0.603,-0.565,0.408,0.515,-0.222,-0.189,0.501,-0.614,0.574,0.352,-0.462,0.717,0.761,0.204,-0.469,-0.082,-0.789,-0.539,0.522,-0.688,-0.181,0.594,-0.394,0.22,-0.782,0.196,0.233,-0.305,-0.377,0.005,-0.357,-0.185,-0.305,0.052,0.508,0.485,-0.058,0.623,0.52,0.569,0.744,-0.206,-0.024,0.532,0.009,-0.181,-0.414,-0.093,0.509,-0.734,0.642,0.355,0.491,0.338,-0.339,0.568,0.646,0.431,0.029,0.729,0.678,0.667,0.305,-0.351,0.277,0.151,0.63,0.555,-0.012,-0.268,0.431,0.281,-0.042,0.337,-0.808,0.312,-0.342,-0.201,0.001,0.118,0.401,-0.069,-0.174,-0.543,-0.116,0.495,-0.434,-0.4,0.478,-0.192,0.598,0.774,0.726,0.489,0.539,0.027,-0.078,0.576,0.406,0.49,-0.23,0.294,0.635,-0.288,0.321,0.232,-0.39,-0.236,0.339,0.481,0.401,0.541,0.888,0.408,0.162,-0.794,-0.452,0.384,-0.612,-0.106,0.302,-0.362,0.189,-0.367,0.508,0.285,0.575,0.484,0.403,0.169,-0.199,0.369,0.134,0.112
ANIP,0.068,0.239,-0.572,0.166,0.622,-0.359,0.541,0.598,0.844,0.463,0.0,-0.166,0.538,0.07,-0.063,0.084,-0.442,0.726,0.116,-0.234,0.453,0.683,-0.09,0.668,0.053,-0.071,0.751,-0.134,-0.348,-0.627,-0.631,-0.206,0.555,-0.499,0.438,0.577,0.186,-0.44,0.197,0.414,-0.606,0.594,0.302,-0.227,-0.48,-0.343,0.673,0.869,0.395,0.361,-0.26,0.497,0.37,-0.431,0.239,0.677,0.476,0.448,-0.162,0.757,0.602,-0.384,-0.118,0.238,0.617,-0.556,-0.502,-0.73,0.26,0.639,0.151,0.032,0.706,-0.569,0.712,0.641,-0.428,0.738,0.679,0.351,-0.557,-0.022,-0.523,-0.488,0.655,-0.571,-0.051,0.656,-0.089,0.673,-0.552,0.365,0.483,-0.512,0.038,0.039,-0.541,0.01,-0.572,0.345,0.706,0.701,0.213,0.725,0.257,0.647,0.483,-0.062,0.387,0.58,-0.103,-0.556,-0.078,0.42,0.565,-0.45,0.641,0.512,0.699,0.112,-0.728,0.706,0.76,0.658,-0.039,0.646,0.599,0.626,0.28,-0.197,0.365,0.584,0.315,0.765,-0.469,-0.312,0.637,0.43,0.169,0.617,-0.585,0.649,0.162,-0.237,-0.276,0.171,0.297,-0.258,-0.131,-0.084,-0.433,0.742,-0.191,-0.459,0.524,0.032,0.674,0.631,0.741,0.291,0.761,-0.055,0.189,0.692,0.376,0.615,-0.337,0.614,0.706,-0.476,0.584,0.229,-0.005,-0.381,0.632,0.34,0.285,0.688,0.402,0.566,0.34,-0.461,-0.67,0.821,-0.49,-0.44,0.022,-0.525,-0.375,-0.304,0.515,0.602,0.579,0.228,0.752,0.575,0.37,0.158,0.159,-0.285
AOSL,0.225,0.089,-0.183,0.541,-0.148,0.313,-0.239,-0.438,-0.154,-0.082,-0.166,0.0,-0.129,0.12,0.157,0.227,0.202,0.018,0.126,-0.139,-0.226,-0.174,0.276,-0.139,0.189,0.597,-0.199,0.319,-0.029,0.211,0.699,-0.186,-0.325,-0.174,0.575,0.174,-0.192,0.003,-0.018,-0.007,0.228,-0.151,0.316,-0.454,0.309,0.495,-0.138,-0.09,-0.39,-0.091,0.424,-0.31,-0.035,-0.43,0.562,-0.075,0.078,-0.26,0.341,-0.189,-0.163,0.498,0.355,-0.437,0.356,-0.077,0.24,0.331,-0.47,-0.172,0.289,0.331,-0.07,0.334,-0.252,-0.242,-0.051,0.021,0.056,-0.471,0.037,-0.2,-0.005,-0.036,-0.04,0.068,0.645,0.071,-0.016,0.178,-0.005,-0.139,-0.133,0.339,-0.261,0.29,0.207,0.316,0.244,-0.365,-0.126,-0.274,0.17,-0.375,-0.172,0.002,-0.077,0.127,-0.054,0.001,0.488,0.644,0.53,-0.294,0.085,0.445,-0.292,0.378,-0.132,0.455,0.189,0.16,0.094,-0.212,-0.554,0.085,-0.377,0.019,0.222,-0.034,-0.276,-0.205,-0.504,-0.005,0.394,0.624,-0.207,-0.299,-0.133,-0.009,0.201,-0.09,0.347,0.423,0.146,0.508,0.017,0.019,0.254,0.399,0.48,-0.268,0.136,0.727,-0.339,-0.327,0.036,0.165,-0.016,-0.01,-0.272,0.529,0.611,0.058,-0.124,-0.055,0.071,-0.459,0.036,0.148,0.108,0.007,0.559,0.245,-0.29,0.457,0.705,-0.288,-0.013,-0.176,-0.082,0.073,-0.013,-0.181,0.258,-0.136,0.159,-0.224,0.189,0.548,-0.09,0.326,0.255,0.365,-0.378,-0.113,0.016,0.558,-0.374,0.217
APDN,-0.392,0.23,-0.692,-0.324,0.424,-0.574,0.949,0.802,0.707,0.567,0.538,-0.129,0.0,-0.571,0.581,0.049,-0.935,0.844,0.556,-0.079,0.696,0.882,0.202,0.851,0.493,-0.132,0.905,-0.724,0.02,-0.838,-0.465,-0.626,0.906,-0.653,0.248,0.409,0.745,-0.775,-0.154,-0.137,-0.871,-0.009,0.386,-0.558,-0.88,0.131,0.934,0.721,0.844,0.913,-0.055,0.855,0.255,-0.592,-0.136,0.933,0.743,0.82,-0.072,0.855,0.879,-0.666,-0.681,0.548,0.425,-0.792,-0.484,-0.661,0.475,0.771,0.432,-0.658,0.858,-0.94,0.835,0.784,-0.714,0.783,0.651,0.553,-0.915,-0.579,-0.788,-0.663,0.931,-0.899,-0.301,0.88,0.354,0.413,-0.761,0.734,0.885,-0.867,0.24,-0.372,-0.897,-0.157,-0.898,0.063,0.898,0.581,0.631,0.785,0.814,0.897,0.855,0.214,0.649,0.934,-0.614,-0.64,-0.088,0.261,0.927,-0.662,0.541,0.06,0.867,-0.22,-0.665,0.477,0.438,0.674,0.319,0.429,0.871,0.856,0.103,-0.487,0.742,0.186,0.461,0.811,-0.702,-0.666,0.855,0.418,0.678,0.816,-0.521,0.839,-0.376,-0.779,-0.706,-0.018,0.067,-0.717,-0.624,-0.258,-0.688,0.899,-0.719,-0.531,0.176,-0.154,0.698,0.449,0.629,0.464,0.834,-0.515,0.317,0.812,0.275,0.94,-0.815,0.789,0.485,-0.872,0.786,0.696,-0.48,-0.902,0.872,0.627,0.1,0.901,0.577,0.696,-0.25,-0.887,-0.772,0.722,-0.931,0.015,-0.305,-0.789,-0.556,-0.667,0.863,0.438,0.356,-0.046,0.777,0.783,0.364,0.148,0.077,-0.425
APLT,0.796,-0.372,0.067,0.399,-0.008,0.64,-0.572,-0.492,-0.162,0.127,0.07,0.12,-0.571,0.0,-0.848,-0.041,0.713,-0.305,-0.78,-0.401,-0.699,-0.441,-0.558,-0.186,-0.613,-0.028,-0.353,0.718,-0.428,0.499,0.057,0.695,-0.6,0.226,0.06,-0.318,-0.481,0.638,0.371,0.428,0.433,0.585,0.252,0.182,0.423,-0.568,-0.567,-0.005,-0.582,-0.725,-0.17,-0.659,0.245,0.263,0.639,-0.547,-0.658,-0.609,-0.178,-0.486,-0.503,0.646,0.819,-0.32,0.216,0.439,-0.041,0.097,-0.186,-0.253,-0.603,0.727,-0.317,0.504,-0.278,-0.477,0.344,-0.119,0.126,-0.428,0.549,0.67,0.19,0.295,-0.499,0.396,0.362,-0.308,-0.824,-0.011,0.072,-0.685,-0.772,0.631,-0.562,0.406,0.67,0.237,0.661,0.138,-0.474,-0.02,-0.724,-0.299,-0.596,-0.441,-0.306,-0.589,-0.647,-0.541,0.747,0.467,-0.301,-0.165,-0.531,0.15,-0.012,0.461,-0.399,0.578,0.348,0.093,0.247,-0.27,-0.449,0.314,-0.388,-0.365,0.019,0.295,-0.529,0.191,-0.13,-0.248,0.688,0.646,-0.48,-0.057,-0.865,-0.473,-0.079,-0.529,0.414,0.812,0.843,0.056,0.35,0.731,0.721,-0.075,0.684,-0.404,0.524,0.235,0.477,0.192,-0.193,0.34,0.132,0.041,-0.343,0.674,-0.254,-0.29,0.251,-0.533,0.735,-0.547,0.168,0.718,-0.547,-0.646,0.344,0.788,-0.547,-0.287,0.408,-0.444,0.104,-0.366,0.609,0.304,0.322,-0.241,0.5,-0.288,0.66,0.478,0.679,0.429,-0.545,0.021,0.36,0.576,-0.321,-0.552,-0.359,0.123,0.072,0.352
APVO,-0.564,0.321,-0.267,-0.3,-0.108,-0.548,0.548,0.411,0.174,-0.031,-0.063,0.157,0.581,-0.848,0.0,0.27,-0.682,0.374,0.753,0.251,0.615,0.426,0.604,0.281,0.802,0.159,0.355,-0.664,0.401,-0.468,0.116,-0.821,0.575,-0.446,0.065,0.307,0.535,-0.667,-0.429,-0.451,-0.469,-0.7,-0.107,-0.456,-0.466,0.663,0.547,0.026,0.526,0.705,0.166,0.572,-0.298,-0.475,-0.395,0.559,0.682,0.419,0.108,0.458,0.544,-0.56,-0.728,0.254,-0.047,-0.551,0.031,-0.111,0.087,0.199,0.657,-0.652,0.321,-0.458,0.243,0.393,-0.456,0.247,-0.065,0.349,-0.592,-0.886,-0.307,-0.456,0.524,-0.481,-0.245,0.369,0.752,-0.005,-0.216,0.591,0.746,-0.559,0.358,-0.306,-0.674,-0.265,-0.628,-0.323,0.52,-0.105,0.679,0.251,0.575,0.515,0.433,0.627,0.551,0.63,-0.587,-0.295,0.386,0.02,0.624,-0.156,0.104,-0.309,0.323,-0.402,-0.366,0.025,-0.15,0.141,0.272,-0.179,0.31,0.492,0.176,-0.506,0.462,-0.278,-0.006,0.306,-0.548,-0.526,0.42,-0.083,0.733,0.494,-0.03,0.48,-0.406,-0.736,-0.788,0.105,-0.279,-0.739,-0.629,0.109,-0.516,0.352,-0.519,-0.093,-0.572,-0.355,0.312,-0.184,-0.116,-0.081,0.303,-0.485,0.521,0.383,-0.341,0.603,-0.775,0.424,-0.025,-0.724,0.647,0.685,-0.227,-0.726,0.461,0.539,-0.204,0.408,0.076,0.373,-0.661,-0.375,-0.414,0.213,-0.492,0.252,-0.517,-0.61,-0.613,-0.32,0.57,0.118,-0.215,-0.423,0.205,0.492,0.302,0.104,-0.26,-0.322
ARGX,-0.029,0.069,-0.299,0.357,-0.065,-0.278,0.063,-0.083,0.081,-0.027,0.084,0.227,0.049,-0.041,0.27,0.0,-0.096,0.311,0.087,-0.168,0.227,0.095,0.303,0.18,0.206,0.204,0.066,0.048,-0.3,-0.317,-0.037,-0.491,0.099,-0.524,0.091,0.333,-0.142,-0.392,-0.332,0.046,-0.225,-0.187,0.029,-0.323,-0.119,0.045,0.078,0.089,0.055,-0.008,-0.215,-0.008,-0.249,-0.489,0.136,0.179,0.422,-0.294,-0.249,0.171,0.256,-0.365,0.014,-0.224,0.182,-0.406,-0.362,-0.302,-0.386,0.009,0.225,0.018,0.103,-0.022,-0.108,0.007,-0.457,0.298,-0.13,-0.107,-0.207,-0.351,-0.151,-0.435,0.182,-0.103,0.136,0.095,0.003,0.157,-0.183,-0.044,0.191,-0.076,-0.137,-0.057,-0.259,-0.531,-0.14,-0.554,0.221,-0.241,0.16,0.129,-0.137,0.272,0.023,0.514,-0.016,0.269,0.147,-0.146,0.381,-0.072,0.198,0.056,0.279,0.381,-0.065,-0.017,-0.429,0.43,0.051,-0.218,-0.142,0.129,-0.078,0.317,0.385,-0.574,-0.061,-0.193,-0.202,0.323,-0.09,-0.105,-0.058,-0.518,0.025,0.267,-0.277,0.07,-0.06,-0.091,-0.321,0.325,0.222,-0.273,-0.102,0.391,-0.205,0.016,0.068,-0.161,-0.319,-0.509,0.311,0.035,-0.124,-0.235,-0.015,0.251,0.288,0.186,-0.443,0.179,-0.354,-0.128,0.414,-0.299,0.327,0.091,0.329,-0.109,0.061,0.159,0.023,0.009,0.022,0.078,-0.073,-0.026,-0.408,0.153,-0.041,-0.423,0.079,-0.425,-0.338,0.09,-0.003,0.268,-0.034,-0.036,-0.026,0.132,0.037,0.258,-0.63,-0.321
ARLP,0.524,-0.324,0.504,0.413,-0.357,0.659,-0.926,-0.798,-0.633,-0.391,-0.442,0.202,-0.935,0.713,-0.682,-0.096,0.0,-0.741,-0.651,-0.104,-0.791,-0.802,-0.279,-0.729,-0.586,0.188,-0.826,0.824,-0.158,0.804,0.449,0.672,-0.908,0.579,-0.147,-0.413,-0.734,0.747,0.275,0.22,0.855,0.149,-0.139,0.436,0.827,-0.203,-0.898,-0.567,-0.885,-0.925,0.115,-0.909,-0.196,0.527,0.361,-0.89,-0.755,-0.808,0.098,-0.844,-0.813,0.744,0.813,-0.533,-0.209,0.724,0.431,0.549,-0.487,-0.686,-0.501,0.74,-0.792,0.913,-0.756,-0.759,0.673,-0.655,-0.437,-0.615,0.857,0.657,0.619,0.593,-0.864,0.828,0.453,-0.748,-0.545,-0.287,0.592,-0.741,-0.93,0.906,-0.411,0.459,0.914,0.237,0.927,-0.048,-0.863,-0.502,-0.68,-0.686,-0.82,-0.817,-0.779,-0.372,-0.728,-0.885,0.764,0.703,0.058,-0.295,-0.855,0.63,-0.508,0.102,-0.799,0.419,0.626,-0.317,-0.264,-0.602,-0.4,-0.308,-0.803,-0.756,-0.051,0.508,-0.779,-0.114,-0.389,-0.717,0.821,0.778,-0.791,-0.38,-0.782,-0.782,0.39,-0.813,0.484,0.893,0.813,0.132,0.133,0.721,0.724,0.197,0.807,-0.862,0.644,0.547,-0.071,0.104,-0.625,-0.224,-0.433,-0.31,-0.773,0.683,-0.316,-0.709,-0.19,-0.909,0.828,-0.821,-0.336,0.902,-0.795,-0.69,0.561,0.963,-0.906,-0.553,0.084,-0.866,-0.379,-0.698,0.368,0.758,0.666,-0.661,0.911,-0.14,0.45,0.751,0.662,0.726,-0.831,-0.301,-0.148,0.289,-0.76,-0.806,-0.398,0.038,-0.048,0.524
ATEX,-0.211,0.262,-0.829,0.105,0.449,-0.574,0.81,0.652,0.788,0.56,0.726,0.018,0.844,-0.305,0.374,0.311,-0.741,0.0,0.331,-0.314,0.628,0.869,0.18,0.869,0.304,0.055,0.889,-0.355,-0.344,-0.89,-0.482,-0.647,0.771,-0.797,0.417,0.578,0.404,-0.839,-0.106,0.095,-0.866,0.21,0.479,-0.603,-0.758,-0.048,0.864,0.863,0.661,0.678,-0.129,0.661,0.185,-0.72,0.166,0.896,0.771,0.598,-0.21,0.864,0.884,-0.62,-0.377,0.308,0.707,-0.874,-0.609,-0.784,0.141,0.744,0.415,-0.383,0.83,-0.779,0.769,0.713,-0.82,0.913,0.677,0.356,-0.9,-0.434,-0.798,-0.759,0.927,-0.804,0.011,0.84,0.091,0.643,-0.801,0.561,0.755,-0.713,0.078,-0.192,-0.835,-0.256,-0.804,-0.056,0.875,0.547,0.486,0.82,0.475,0.898,0.691,0.295,0.51,0.899,-0.243,-0.574,0.102,0.284,0.88,-0.55,0.664,0.427,0.78,0.073,-0.841,0.798,0.628,0.557,0.087,0.546,0.747,0.88,0.306,-0.528,0.575,0.26,0.339,0.97,-0.585,-0.451,0.741,0.223,0.435,0.868,-0.691,0.766,-0.125,-0.507,-0.569,0.18,0.354,-0.655,-0.351,-0.034,-0.599,0.808,-0.524,-0.532,0.221,-0.313,0.81,0.635,0.746,0.338,0.804,-0.123,0.396,0.819,0.214,0.863,-0.758,0.636,0.786,-0.804,0.788,0.532,-0.128,-0.694,0.761,0.619,0.316,0.801,0.606,0.622,0.035,-0.787,-0.895,0.819,-0.784,-0.428,-0.096,-0.845,-0.586,-0.472,0.692,0.649,0.512,0.115,0.723,0.735,0.393,0.362,-0.136,-0.48
ATRA,-0.594,0.333,-0.196,-0.187,0.271,-0.497,0.542,0.497,0.374,-0.167,0.116,0.126,0.556,-0.78,0.753,0.087,-0.651,0.331,0.0,0.406,0.685,0.47,0.603,0.196,0.634,0.151,0.412,-0.699,0.441,-0.402,-0.084,-0.622,0.548,-0.234,0.325,0.529,0.436,-0.527,-0.143,-0.199,-0.377,-0.42,-0.212,-0.228,-0.352,0.662,0.608,0.123,0.407,0.704,0.17,0.681,-0.06,-0.458,-0.313,0.623,0.702,0.527,0.324,0.55,0.395,-0.433,-0.687,0.188,-0.085,-0.396,0.089,-0.111,0.194,0.314,0.674,-0.407,0.497,-0.444,0.361,0.588,-0.182,0.236,0.096,0.328,-0.487,-0.632,-0.18,-0.306,0.526,-0.421,-0.179,0.459,0.783,0.265,-0.14,0.653,0.75,-0.581,0.48,-0.225,-0.617,0.127,-0.616,0.014,0.556,0.185,0.808,0.251,0.575,0.533,0.375,0.422,0.701,0.55,-0.623,-0.425,0.341,0.205,0.584,-0.027,-0.001,-0.186,0.473,-0.436,-0.331,0.016,-0.045,0.462,0.249,-0.092,0.318,0.407,0.063,-0.175,0.521,0.039,-0.087,0.329,-0.616,-0.394,0.561,0.23,0.789,0.444,0.227,0.677,-0.126,-0.644,-0.749,0.07,-0.377,-0.654,-0.61,0.104,-0.528,0.495,-0.485,-0.014,-0.332,-0.036,0.276,-0.129,-0.012,0.134,0.407,-0.553,0.46,0.487,-0.058,0.589,-0.618,0.53,-0.094,-0.608,0.677,0.628,-0.101,-0.732,0.584,0.349,-0.161,0.517,-0.115,0.561,-0.419,-0.233,-0.389,0.404,-0.391,0.291,-0.554,-0.588,-0.594,-0.197,0.548,0.309,-0.011,-0.3,0.427,0.646,0.444,-0.038,0.018,-0.211
AUTL,-0.399,0.376,0.616,-0.296,0.142,-0.346,0.025,0.125,-0.129,-0.582,-0.234,-0.139,-0.079,-0.401,0.251,-0.168,-0.104,-0.314,0.406,0.0,0.373,0.001,0.48,-0.422,0.276,-0.015,-0.163,-0.33,0.282,0.126,0.146,0.055,0.014,0.519,-0.106,0.085,-0.012,0.095,0.213,-0.11,0.159,-0.245,-0.722,0.596,0.225,0.301,0.054,-0.385,0.058,0.157,-0.03,0.326,0.092,0.364,-0.603,-0.016,0.071,0.202,0.5,0.071,-0.235,-0.062,-0.496,0.185,-0.652,0.355,0.468,0.329,0.28,-0.139,0.349,-0.22,-0.059,0.098,-0.062,0.056,0.274,-0.467,-0.468,0.463,0.167,-0.099,0.534,0.547,-0.12,0.298,-0.365,-0.174,0.667,-0.221,0.551,0.296,0.206,-0.209,0.73,-0.297,0.007,0.236,-0.152,0.382,-0.09,-0.003,0.248,-0.272,0.09,-0.279,-0.262,0.208,0.416,-0.109,-0.559,-0.076,0.094,0.489,-0.187,0.304,-0.296,-0.587,-0.073,-0.656,0.225,-0.641,-0.482,0.048,0.302,-0.414,-0.121,-0.386,-0.473,0.313,0.078,0.134,-0.125,-0.312,-0.411,-0.222,0.094,0.268,0.309,-0.011,0.631,0.064,-0.029,-0.282,-0.284,-0.336,-0.657,-0.037,-0.174,0.241,-0.225,-0.004,0.168,0.094,-0.155,0.549,-0.292,-0.695,-0.419,-0.233,-0.039,-0.609,0.063,-0.328,-0.063,-0.008,-0.0,0.257,-0.561,-0.03,-0.036,0.027,-0.231,-0.227,0.212,-0.138,-0.412,-0.029,-0.662,-0.042,-0.344,0.351,0.309,-0.074,0.07,0.454,-0.552,0.221,-0.282,-0.186,0.101,-0.375,-0.552,-0.682,0.099,0.242,0.365,-0.637,0.318,-0.362
AVDL,-0.578,0.523,-0.286,-0.147,0.468,-0.841,0.736,0.71,0.637,-0.003,0.453,-0.226,0.696,-0.699,0.615,0.227,-0.791,0.628,0.685,0.373,0.0,0.788,0.554,0.45,0.541,0.005,0.686,-0.646,-0.012,-0.784,-0.458,-0.634,0.742,-0.382,0.225,0.674,0.349,-0.769,-0.076,0.002,-0.697,-0.097,-0.2,-0.093,-0.569,0.168,0.822,0.422,0.648,0.754,-0.062,0.87,0.079,-0.425,-0.391,0.817,0.835,0.676,0.164,0.864,0.666,-0.768,-0.805,0.431,0.052,-0.599,-0.266,-0.524,0.303,0.541,0.611,-0.495,0.684,-0.647,0.624,0.711,-0.482,0.461,0.154,0.661,-0.704,-0.549,-0.299,-0.39,0.733,-0.534,-0.353,0.616,0.633,0.405,-0.286,0.768,0.909,-0.847,0.648,-0.439,-0.827,-0.209,-0.886,0.141,0.771,0.448,0.703,0.568,0.57,0.653,0.422,0.516,0.789,0.733,-0.726,-0.741,0.178,0.534,0.66,-0.262,0.359,-0.088,0.639,-0.565,-0.693,0.245,0.122,0.53,0.334,0.085,0.565,0.555,0.049,-0.361,0.614,0.311,0.167,0.616,-0.903,-0.697,0.719,0.312,0.743,0.78,-0.148,0.767,-0.229,-0.777,-0.873,-0.039,-0.148,-0.702,-0.542,0.126,-0.841,0.727,-0.476,-0.465,-0.045,0.0,0.48,-0.041,0.229,0.002,0.701,-0.619,0.374,0.542,0.034,0.782,-0.782,0.797,0.299,-0.843,0.771,0.559,-0.261,-0.863,0.846,0.32,-0.237,0.733,-0.052,0.642,-0.321,-0.371,-0.649,0.707,-0.632,-0.058,-0.6,-0.655,-0.844,-0.569,0.706,0.253,-0.022,-0.49,0.753,0.857,0.656,-0.147,0.05,-0.642
BCRX,-0.288,0.396,-0.617,-0.145,0.543,-0.68,0.894,0.844,0.84,0.448,0.683,-0.174,0.882,-0.441,0.426,0.095,-0.802,0.869,0.47,0.001,0.788,0.0,0.309,0.787,0.371,-0.02,0.939,-0.529,-0.265,-0.875,-0.558,-0.525,0.85,-0.543,0.344,0.543,0.514,-0.792,0.123,0.149,-0.834,0.237,0.277,-0.322,-0.729,-0.074,0.954,0.761,0.735,0.786,-0.066,0.851,0.316,-0.483,-0.073,0.941,0.76,0.78,0.045,0.929,0.858,-0.646,-0.636,0.565,0.438,-0.716,-0.404,-0.787,0.44,0.715,0.491,-0.473,0.861,-0.818,0.91,0.832,-0.62,0.766,0.615,0.659,-0.851,-0.433,-0.628,-0.515,0.914,-0.747,-0.22,0.855,0.262,0.619,-0.629,0.792,0.852,-0.887,0.408,-0.258,-0.833,-0.135,-0.91,0.24,0.879,0.715,0.528,0.815,0.622,0.817,0.663,0.213,0.626,0.875,-0.524,-0.64,-0.067,0.56,0.817,-0.524,0.631,0.149,0.815,-0.17,-0.765,0.528,0.496,0.687,0.294,0.422,0.806,0.782,0.054,-0.329,0.67,0.514,0.436,0.84,-0.762,-0.603,0.918,0.52,0.517,0.875,-0.526,0.84,-0.185,-0.634,-0.629,-0.001,0.191,-0.641,-0.39,-0.084,-0.654,0.89,-0.603,-0.565,0.301,-0.03,0.726,0.441,0.699,0.316,0.933,-0.434,0.314,0.745,0.307,0.92,-0.742,0.847,0.594,-0.825,0.761,0.519,-0.324,-0.812,0.874,0.537,0.101,0.893,0.44,0.688,-0.066,-0.722,-0.802,0.885,-0.807,-0.19,-0.341,-0.707,-0.624,-0.62,0.805,0.461,0.386,-0.101,0.88,0.816,0.583,0.063,0.237,-0.542
BHAT,-0.413,0.469,-0.01,0.153,0.05,-0.537,0.191,0.168,0.132,-0.443,-0.09,0.276,0.202,-0.558,0.604,0.303,-0.279,0.18,0.603,0.48,0.554,0.309,0.0,-0.103,0.514,0.536,0.108,-0.27,0.021,-0.26,0.202,-0.514,0.19,-0.081,0.286,0.466,-0.043,-0.485,0.063,-0.054,-0.168,-0.379,-0.34,-0.011,-0.002,0.509,0.331,-0.118,0.058,0.369,0.202,0.341,-0.211,-0.272,-0.207,0.324,0.541,0.216,0.437,0.332,0.157,-0.258,-0.463,0.019,-0.116,-0.232,0.265,0.019,-0.152,0.001,0.676,-0.178,0.163,-0.001,0.071,0.26,-0.144,-0.027,-0.225,0.226,-0.274,-0.54,0.121,0.011,0.245,-0.001,0.093,0.194,0.628,0.198,0.157,0.456,0.473,-0.326,0.503,-0.178,-0.327,0.022,-0.383,-0.165,0.234,-0.081,0.533,-0.024,0.11,0.185,-0.092,0.509,0.438,0.292,-0.329,-0.093,0.484,0.325,0.255,0.419,-0.17,-0.159,0.114,-0.345,-0.249,-0.096,-0.231,0.028,0.04,-0.323,-0.056,0.117,-0.059,-0.09,0.141,0.018,-0.32,0.13,-0.447,-0.148,0.238,-0.071,0.445,0.373,0.324,0.333,0.088,-0.305,-0.544,0.147,-0.262,-0.522,-0.178,0.518,-0.235,0.129,-0.163,0.134,-0.473,-0.075,0.077,-0.362,-0.221,-0.211,0.122,-0.248,0.501,0.136,-0.318,0.317,-0.438,0.24,-0.118,-0.427,0.411,0.26,0.201,-0.41,0.262,0.231,-0.115,0.112,-0.389,0.114,-0.393,0.073,-0.273,0.214,-0.027,0.004,-0.493,-0.352,-0.58,-0.012,0.21,0.114,-0.221,-0.396,0.133,0.431,0.546,0.02,-0.137,-0.437
BLBD,-0.043,0.045,-0.813,-0.157,0.403,-0.334,0.833,0.697,0.74,0.83,0.668,-0.139,0.851,-0.186,0.281,0.18,-0.729,0.869,0.196,-0.422,0.45,0.787,-0.103,0.0,0.235,-0.247,0.905,-0.431,-0.207,-0.789,-0.567,-0.465,0.803,-0.774,0.218,0.294,0.652,-0.633,-0.158,0.067,-0.824,0.255,0.604,-0.61,-0.843,-0.188,0.776,0.838,0.767,0.674,-0.156,0.624,0.346,-0.591,0.143,0.805,0.55,0.566,-0.327,0.744,0.871,-0.548,-0.358,0.491,0.608,-0.775,-0.683,-0.811,0.392,0.744,0.154,-0.404,0.806,-0.868,0.819,0.68,-0.715,0.93,0.789,0.415,-0.803,-0.357,-0.898,-0.751,0.854,-0.878,-0.205,0.826,-0.062,0.453,-0.907,0.489,0.643,-0.676,-0.08,-0.181,-0.756,-0.305,-0.713,0.035,0.842,0.626,0.309,0.854,0.655,0.875,0.877,0.073,0.342,0.847,-0.283,-0.544,-0.24,0.152,0.82,-0.78,0.768,0.362,0.754,0.12,-0.696,0.719,0.666,0.602,0.186,0.689,0.864,0.899,0.313,-0.546,0.561,0.25,0.563,0.866,-0.439,-0.52,0.721,0.341,0.307,0.699,-0.825,0.679,-0.352,-0.527,-0.411,0.07,0.342,-0.464,-0.404,-0.364,-0.51,0.812,-0.598,-0.592,0.397,-0.262,0.804,0.745,0.794,0.461,0.815,-0.202,0.177,0.824,0.358,0.826,-0.622,0.625,0.778,-0.678,0.68,0.465,-0.392,-0.632,0.707,0.591,0.281,0.843,0.818,0.688,0.054,-0.9,-0.784,0.722,-0.855,-0.214,0.003,-0.715,-0.295,-0.573,0.723,0.494,0.561,0.226,0.724,0.578,0.131,0.307,0.032,-0.262
BMRN,-0.236,0.259,-0.258,-0.266,-0.137,-0.474,0.439,0.341,0.186,0.003,0.053,0.189,0.493,-0.613,0.802,0.206,-0.586,0.304,0.634,0.276,0.541,0.371,0.514,0.235,0.0,0.249,0.285,-0.611,0.321,-0.308,0.175,-0.627,0.465,-0.417,0.168,0.252,0.464,-0.503,-0.296,-0.308,-0.457,-0.564,-0.124,-0.375,-0.432,0.445,0.471,0.025,0.367,0.601,0.031,0.511,-0.121,-0.437,-0.258,0.469,0.53,0.282,0.064,0.416,0.445,-0.357,-0.639,0.205,-0.014,-0.467,-0.055,-0.122,0.145,0.118,0.548,-0.472,0.275,-0.345,0.219,0.235,-0.365,0.228,-0.041,0.393,-0.483,-0.896,-0.212,-0.363,0.4,-0.418,-0.294,0.349,0.688,-0.089,-0.2,0.407,0.642,-0.494,0.265,-0.291,-0.553,-0.132,-0.545,-0.273,0.453,-0.118,0.529,0.151,0.502,0.398,0.41,0.467,0.447,0.51,-0.536,-0.195,0.239,0.038,0.523,-0.099,0.039,-0.267,0.298,-0.383,-0.283,-0.072,-0.062,0.102,0.167,-0.092,0.2,0.436,0.137,-0.514,0.39,-0.232,-0.168,0.216,-0.508,-0.421,0.29,-0.063,0.551,0.435,0.021,0.361,-0.3,-0.608,-0.652,0.045,-0.302,-0.534,-0.515,0.119,-0.372,0.335,-0.356,-0.006,-0.434,-0.165,0.244,-0.164,-0.11,-0.187,0.258,-0.45,0.631,0.369,-0.266,0.568,-0.627,0.397,-0.089,-0.63,0.609,0.544,-0.201,-0.591,0.395,0.666,-0.044,0.323,0.017,0.298,-0.72,-0.3,-0.384,0.253,-0.398,0.284,-0.391,-0.518,-0.531,-0.325,0.5,0.1,-0.113,-0.367,0.181,0.405,0.383,0.045,-0.221,-0.349
BNGO,0.1,0.23,-0.142,0.521,-0.136,-0.066,-0.249,-0.263,-0.08,-0.326,-0.071,0.597,-0.132,-0.028,0.159,0.204,0.188,0.055,0.151,-0.015,0.005,-0.02,0.536,-0.247,0.249,0.0,-0.175,0.318,-0.162,0.104,0.487,-0.216,-0.232,-0.076,0.512,0.321,-0.346,-0.211,0.216,0.112,0.121,-0.161,0.074,-0.191,0.291,0.35,-0.022,-0.105,-0.427,-0.098,0.364,-0.225,-0.308,-0.288,0.39,-0.017,0.183,-0.202,0.338,-0.037,-0.073,0.243,0.186,-0.341,0.313,-0.091,0.279,0.204,-0.545,-0.232,0.381,0.286,-0.158,0.369,-0.211,-0.129,-0.018,-0.06,-0.109,-0.278,-0.038,-0.245,0.18,-0.013,-0.038,0.171,0.605,0.007,0.154,0.245,0.176,-0.031,-0.005,0.191,-0.032,0.33,0.112,0.234,0.089,-0.351,-0.089,-0.303,0.133,-0.229,-0.311,-0.055,-0.299,0.182,0.019,-0.022,0.341,0.357,0.561,-0.088,0.066,0.608,-0.315,0.19,-0.144,0.249,-0.034,0.079,0.045,-0.246,-0.412,-0.206,-0.407,-0.016,0.176,0.051,-0.196,-0.088,-0.536,-0.013,0.117,0.422,-0.15,-0.334,-0.068,0.134,0.265,-0.032,0.523,0.287,0.0,0.463,0.055,-0.147,0.314,0.591,0.304,-0.227,0.035,0.47,-0.427,-0.195,-0.019,-0.089,-0.094,-0.259,-0.185,0.395,0.536,0.014,-0.334,-0.036,-0.07,-0.235,-0.064,-0.009,0.138,0.009,0.647,0.126,-0.233,0.271,0.332,-0.262,-0.224,-0.269,-0.108,0.226,-0.094,-0.003,0.363,-0.23,0.03,-0.162,-0.177,0.478,-0.126,0.297,0.089,0.143,-0.264,-0.039,0.305,0.354,-0.294,-0.021
BUSE,-0.206,0.282,-0.707,-0.176,0.592,-0.521,0.902,0.852,0.891,0.62,0.751,-0.199,0.905,-0.353,0.355,0.066,-0.826,0.889,0.412,-0.163,0.686,0.939,0.108,0.905,0.285,-0.175,0.0,-0.542,-0.178,-0.857,-0.65,-0.482,0.885,-0.627,0.338,0.485,0.604,-0.713,0.042,0.143,-0.844,0.306,0.398,-0.426,-0.799,-0.104,0.93,0.852,0.788,0.78,-0.102,0.817,0.381,-0.54,0.015,0.935,0.682,0.76,-0.088,0.914,0.867,-0.617,-0.544,0.569,0.514,-0.735,-0.517,-0.799,0.481,0.811,0.362,-0.425,0.906,-0.9,0.958,0.878,-0.619,0.878,0.76,0.58,-0.85,-0.358,-0.748,-0.631,0.929,-0.852,-0.229,0.891,0.15,0.597,-0.758,0.701,0.803,-0.84,0.232,-0.198,-0.831,-0.13,-0.872,0.24,0.926,0.796,0.468,0.871,0.707,0.89,0.81,0.114,0.579,0.893,-0.471,-0.661,-0.18,0.402,0.858,-0.677,0.719,0.253,0.867,-0.053,-0.746,0.629,0.628,0.748,0.242,0.599,0.888,0.857,0.19,-0.368,0.681,0.486,0.519,0.888,-0.668,-0.594,0.895,0.564,0.481,0.823,-0.635,0.861,-0.235,-0.62,-0.55,0.016,0.193,-0.567,-0.428,-0.268,-0.635,0.935,-0.657,-0.583,0.421,-0.045,0.802,0.613,0.803,0.44,0.967,-0.391,0.235,0.852,0.431,0.923,-0.676,0.825,0.681,-0.769,0.786,0.52,-0.388,-0.781,0.877,0.544,0.171,0.966,0.602,0.789,0.06,-0.806,-0.795,0.876,-0.862,-0.159,-0.218,-0.736,-0.492,-0.621,0.832,0.535,0.511,0.061,0.908,0.776,0.415,0.133,0.239,-0.387
CAKE,0.486,-0.181,0.212,0.648,-0.263,0.48,-0.708,-0.702,-0.401,-0.158,-0.134,0.319,-0.724,0.718,-0.664,0.048,0.824,-0.355,-0.699,-0.33,-0.646,-0.529,-0.27,-0.431,-0.611,0.318,-0.542,0.0,-0.471,0.459,0.385,0.507,-0.726,0.301,0.005,-0.195,-0.733,0.443,0.206,0.264,0.549,0.33,0.167,0.19,0.652,-0.302,-0.632,-0.224,-0.702,-0.791,0.201,-0.802,-0.18,0.297,0.505,-0.635,-0.524,-0.621,0.009,-0.576,-0.515,0.608,0.848,-0.433,0.16,0.422,0.225,0.3,-0.631,-0.478,-0.373,0.665,-0.576,0.728,-0.53,-0.595,0.346,-0.339,-0.226,-0.609,0.521,0.616,0.334,0.35,-0.541,0.63,0.594,-0.518,-0.64,0.001,0.31,-0.544,-0.753,0.749,-0.396,0.423,0.71,0.085,0.726,-0.087,-0.622,-0.325,-0.591,-0.44,-0.816,-0.553,-0.641,-0.219,-0.593,-0.591,0.891,0.621,0.187,-0.159,-0.591,0.491,-0.261,0.348,-0.572,0.612,0.325,0.08,0.013,-0.509,-0.531,-0.064,-0.578,-0.504,0.072,0.403,-0.702,-0.028,-0.253,-0.333,0.722,0.724,-0.611,-0.381,-0.745,-0.46,0.049,-0.652,0.529,0.867,0.739,0.224,0.336,0.581,0.84,0.279,0.688,-0.662,0.597,0.361,0.034,-0.111,-0.374,0.062,-0.111,-0.323,-0.527,0.825,-0.151,-0.497,-0.093,-0.677,0.602,-0.723,0.052,0.674,-0.599,-0.589,0.623,0.836,-0.713,-0.325,0.351,-0.675,-0.134,-0.627,0.513,0.503,0.376,-0.431,0.702,-0.5,0.484,0.501,0.49,0.619,-0.684,-0.112,0.087,0.391,-0.579,-0.605,-0.242,0.286,-0.155,0.317
CASY,-0.304,-0.119,0.252,-0.458,-0.188,0.163,-0.025,0.029,-0.216,-0.18,-0.348,-0.029,0.02,-0.428,0.401,-0.3,-0.158,-0.344,0.441,0.282,-0.012,-0.265,0.021,-0.207,0.321,-0.162,-0.178,-0.471,0.0,0.29,0.183,-0.12,0.032,0.134,-0.155,-0.074,0.418,0.188,-0.335,-0.412,0.189,-0.592,-0.288,-0.051,-0.025,0.628,-0.083,-0.352,0.059,0.206,0.152,0.092,-0.162,0.034,-0.356,-0.081,-0.104,0.081,0.049,-0.168,-0.158,0.034,-0.294,0.024,-0.378,0.151,0.306,0.463,0.19,-0.097,0.001,-0.203,-0.119,-0.047,-0.185,0.008,0.289,-0.285,-0.191,-0.014,0.104,-0.266,0.113,-0.005,-0.157,-0.086,-0.285,-0.163,0.514,-0.433,0.195,-0.007,0.093,0.011,0.088,0.041,-0.028,0.183,0.05,-0.034,-0.058,-0.246,0.272,-0.228,0.356,-0.044,0.172,0.01,0.201,-0.085,-0.388,-0.029,0.093,-0.395,0.041,-0.025,-0.288,-0.469,-0.088,-0.27,0.289,-0.444,-0.28,0.013,0.198,-0.307,-0.092,-0.088,0.051,0.002,0.207,-0.407,-0.133,-0.353,-0.028,-0.114,-0.054,0.008,0.41,-0.263,0.386,0.044,-0.276,-0.304,-0.176,-0.029,-0.542,-0.067,-0.465,-0.234,-0.064,-0.085,-0.194,0.268,-0.384,0.063,-0.181,-0.341,-0.4,0.09,-0.201,-0.422,0.067,0.011,-0.078,-0.061,0.012,0.017,-0.564,0.025,0.053,0.293,-0.279,-0.162,-0.021,-0.028,-0.338,-0.011,-0.164,0.186,-0.395,0.093,0.303,-0.315,0.018,0.722,-0.327,0.033,0.056,-0.002,0.085,-0.155,-0.245,-0.251,-0.153,-0.066,-0.21,-0.16,0.032,0.328
CCOI,0.473,-0.345,0.64,0.039,-0.405,0.758,-0.852,-0.708,-0.721,-0.42,-0.627,0.211,-0.838,0.499,-0.468,-0.317,0.804,-0.89,-0.402,0.126,-0.784,-0.875,-0.26,-0.789,-0.308,0.104,-0.857,0.459,0.29,0.0,0.557,0.666,-0.833,0.671,-0.176,-0.57,-0.404,0.899,0.223,0.05,0.881,-0.09,-0.261,0.415,0.771,0.061,-0.885,-0.743,-0.773,-0.744,0.114,-0.763,-0.06,0.559,0.153,-0.882,-0.833,-0.701,0.118,-0.89,-0.891,0.819,0.572,-0.431,-0.442,0.849,0.561,0.806,-0.206,-0.698,-0.438,0.558,-0.774,0.82,-0.735,-0.729,0.786,-0.765,-0.458,-0.513,0.906,0.438,0.714,0.662,-0.913,0.737,0.204,-0.755,-0.244,-0.521,0.669,-0.723,-0.843,0.814,-0.308,0.417,0.898,0.43,0.886,-0.016,-0.867,-0.521,-0.589,-0.819,-0.547,-0.853,-0.614,-0.42,-0.619,-0.888,0.46,0.727,-0.091,-0.401,-0.814,0.55,-0.601,-0.211,-0.763,0.227,0.866,-0.644,-0.412,-0.552,-0.244,-0.36,-0.793,-0.795,-0.163,0.529,-0.591,-0.25,-0.443,-0.883,0.737,0.689,-0.763,-0.219,-0.6,-0.87,0.626,-0.769,0.27,0.697,0.739,-0.037,-0.204,0.747,0.475,0.031,0.79,-0.807,0.528,0.672,-0.118,0.31,-0.666,-0.374,-0.562,-0.174,-0.808,0.331,-0.259,-0.698,-0.093,-0.84,0.85,-0.725,-0.688,0.895,-0.741,-0.586,0.258,0.805,-0.829,-0.429,-0.025,-0.803,-0.428,-0.59,0.121,0.716,0.862,-0.753,0.823,0.384,0.309,0.767,0.728,0.623,-0.71,-0.399,-0.216,0.154,-0.76,-0.808,-0.443,-0.169,0.105,0.595
