,AAPL,ACRS,ADP,AFYA,AGNC,AGYS,ALT,AMGN,AMPH,AMZN,ANIP,AOSL,APDN,APLT,APVO,ARGX,ARLP,ATEX,ATRA,AUTL,AVDL,BCRX,BHAT,BLBD,BMRN,BNGO,BUSE,CAKE,CASY,CCOI,CEVA,CHY,CLDX,CLMT,COHU,COLM,COST,CPRT,CSWC,CSX,DBX,DCOM,DKNG,DMLP,DOX,EA,EDIT,ENPH,ENSG,ERNA,ESGR,ETNB,EXTR,FANG,FARO,FATE,FGEN,FIVE,FIVN,FLGT,FOLD,FORM,FOXA,FRPT,FSLR,FTAI,GBDC,GDYN,GGAL,GNLN,GRFS,GT,HCAT,HCM,HFWA,HOLX,HQY,HUBG,IAC,ICLR,IDCC,IEP,IHRT,ILMN,ILPT,IMAB,IMOS,INMD,INTZ,JAZZ,JKHY,JRVR,KIDS,LBRDK,LGND,LMAT,LPLA,LULU,MASI,MAT,MATW,MBIN,MBIO,MCRB,MDB,MDLZ,MELI,MIRM,MLKN,MNMD,MNRO,MPWR,MRCY,MRSN,MTVA,NAAS,NDAQ,NDSN,NEGG,NOVT,NVDA,NWE,NWSA,NXST,OCX,ODFL,OMAB,OPCH,OPRA,ORGO,OTRK,OZK,PAGP,PCH,PEGA,PENG,PENN,PFBC,PGNY,PHAT,PHUN,PINC,PLUG,PLXS,PYPL,QLYS,QNCX,QQQX,QVCGA,RAPT,RBBN,RCKT,REPL,RMBS,ROAD,ROKU,ROP,RUSHA,SANM,SATS,SBCF,SBLK,SBUX,SCHL,SCSC,SDGR,SEIC,SFIX,SGRY,SKYW,SLP,SNES,STAA,STLD,STOK,SWKS,TER,TFIN,TIGO,TILE,TPIC,TTEC,TTEK,TTGT,UXIN,VERU,VLYPP,VNOM,VRNS,VRSN,WDAY,WERN,WINA,WKHS,WRLD,XP,XTKG,YY,ZION,ZM
AAPL,0.0,0.235,-0.299,-0.509,0.518,-0.666,-0.628,-0.521,-0.719,0.416,0.246,0.595,-0.491,0.869,0.367,0.644,0.221,-0.689,-0.573,0.539,-0.136,-0.122,0.13,0.566,0.814,-0.734,-0.366,0.799,0.799,-0.768,0.685,0.756,-0.069,0.541,0.285,-0.642,0.741,-0.097,0.297,-0.764,-0.683,-0.336,-0.131,-0.634,-0.66,0.495,0.09,0.506,0.202,-0.228,-0.66,0.558,0.765,-0.454,-0.565,0.334,-0.474,-0.663,-0.632,-0.818,0.832,-0.053,-0.064,-0.366,0.531,0.611,-0.742,-0.396,0.044,-0.559,-0.39,-0.643,-0.439,-0.391,-0.643,-0.655,0.493,0.001,-0.338,-0.162,0.718,-0.529,0.608,0.343,-0.085,0.41,-0.129,-0.398,-0.659,0.751,-0.662,-0.121,-0.518,-0.364,-0.661,-0.101,0.108,-0.024,0.651,-0.592,-0.698,-0.201,-0.571,-0.571,-0.619,-0.633,-0.716,0.705,-0.596,-0.349,0.095,0.835,-0.732,-0.53,-0.456,-0.468,-0.475,-0.344,-0.512,0.08,0.72,-0.492,0.524,-0.569,-0.304,-0.144,-0.734,-0.68,0.554,-0.385,-0.643,-0.592,-0.508,-0.738,-0.358,0.843,0.794,-0.512,0.302,0.544,-0.615,-0.59,-0.66,-0.735,-0.036,-0.392,-0.838,0.861,-0.307,-0.777,-0.556,0.419,0.797,0.109,-0.351,-0.448,0.531,-0.57,-0.032,-0.025,-0.319,-0.602,0.276,-0.731,-0.762,-0.421,-0.676,0.7,-0.11,0.384,-0.213,-0.598,-0.18,-0.861,0.773,0.896,0.616,-0.327,0.063,-0.679,0.102,0.137,-0.287,0.57,-0.493,-0.629,-0.101,-0.13,-0.457,0.7,-0.436,-0.416,-0.227,-0.721,-0.622,-0.51,-0.301,-0.676,-0.454,-0.636
ACRS,0.235,0.0,0.516,0.637,0.406,0.388,0.314,0.287,0.238,0.357,-0.635,-0.445,0.671,0.08,-0.178,-0.316,-0.631,-0.385,0.454,0.066,0.45,-0.32,-0.12,-0.347,0.106,0.356,0.633,-0.022,0.582,-0.09,0.388,0.281,0.802,-0.295,-0.579,-0.114,-0.271,0.574,0.428,0.038,0.36,0.68,0.825,-0.707,0.502,-0.355,0.546,-0.536,0.082,0.431,-0.161,0.755,0.391,0.166,0.371,0.359,0.178,-0.073,0.479,0.114,-0.04,0.626,-0.847,-0.722,-0.488,0.064,-0.147,0.543,0.364,0.401,0.148,0.26,0.317,0.484,0.435,0.03,-0.314,-0.455,0.473,-0.281,-0.396,-0.019,0.363,0.305,0.471,-0.074,0.18,-0.272,0.358,0.393,0.381,0.294,0.036,-0.139,0.212,0.258,-0.767,0.182,0.158,0.259,0.131,0.72,0.436,-0.254,0.477,0.402,0.267,0.377,0.118,0.047,0.467,0.385,0.195,0.516,0.509,0.333,0.66,0.63,0.545,0.638,-0.392,0.354,-0.532,0.198,0.59,0.448,0.371,-0.513,-0.176,0.317,0.295,0.566,0.474,0.156,0.682,-0.022,0.145,0.573,0.26,0.594,0.287,0.279,-0.146,0.101,-0.285,0.656,0.034,0.024,-0.3,0.073,0.465,0.374,0.274,0.717,0.073,0.094,0.269,0.273,0.221,-0.562,0.577,-0.555,-0.495,0.249,0.259,0.126,0.291,-0.186,-0.471,-0.128,0.648,-0.251,0.689,0.01,0.336,0.569,-0.111,0.285,-0.675,-0.2,-0.769,0.746,0.767,0.324,0.572,0.527,0.185,0.259,0.256,-0.147,0.659,-0.097,0.606,0.283,-0.081,0.269,0.527,0.47,0.546,0.072
ADP,-0.299,0.516,0.0,0.613,0.309,0.588,0.46,0.745,0.432,0.34,-0.261,-0.763,0.742,-0.267,0.125,-0.482,-0.415,0.002,0.633,-0.298,0.086,-0.034,-0.423,-0.46,-0.012,0.475,0.665,-0.364,-0.095,0.108,0.058,0.147,0.691,-0.646,-0.62,0.251,-0.308,0.836,0.562,0.314,0.406,0.636,0.77,-0.127,0.651,-0.193,0.519,-0.7,0.112,0.639,-0.093,0.308,0.056,0.093,0.403,0.346,0.205,0.044,0.541,0.396,-0.255,0.256,-0.527,-0.492,-0.677,-0.199,0.097,0.522,-0.112,0.601,0.465,0.554,0.526,0.405,0.57,0.743,-0.074,-0.098,0.579,-0.073,-0.417,0.411,0.231,0.487,0.585,0.046,-0.133,-0.252,0.349,0.11,0.84,0.454,-0.002,0.097,0.3,-0.061,-0.634,0.417,-0.425,0.569,0.329,0.639,0.488,-0.077,0.489,0.735,0.345,0.088,0.276,-0.293,0.584,-0.126,0.509,0.519,0.57,0.527,0.714,0.54,0.739,0.509,-0.612,0.605,-0.456,0.342,0.575,0.256,0.506,-0.113,-0.5,0.574,0.347,0.629,0.763,0.543,0.697,-0.355,-0.053,0.586,0.449,0.203,0.149,0.585,0.006,0.204,0.329,0.493,0.382,-0.162,-0.08,0.497,0.379,0.482,0.01,0.594,-0.228,0.472,0.429,0.38,-0.182,-0.215,0.553,-0.283,-0.097,0.34,0.465,0.483,0.443,-0.138,-0.54,0.093,0.315,0.093,0.362,0.238,0.041,-0.125,-0.38,0.649,-0.434,-0.182,-0.612,0.536,0.574,0.12,0.577,0.678,0.54,-0.103,0.152,-0.044,0.815,0.182,0.378,0.505,0.336,0.518,0.732,0.553,0.53,0.706
AFYA,-0.509,0.637,0.613,0.0,-0.098,0.871,0.727,0.598,0.687,0.027,-0.736,-0.813,0.923,-0.588,-0.487,-0.777,-0.719,0.18,0.85,-0.36,0.565,-0.314,-0.105,-0.681,-0.546,0.89,0.882,-0.596,-0.048,0.579,-0.115,-0.348,0.789,-0.616,-0.755,0.347,-0.814,0.567,0.163,0.586,0.899,0.905,0.821,-0.084,0.929,-0.791,0.301,-0.868,-0.132,0.531,0.46,0.286,-0.205,0.609,0.793,0.059,0.476,0.478,0.944,0.736,-0.685,0.612,-0.717,-0.401,-0.838,-0.403,0.483,0.835,0.376,0.738,0.462,0.699,0.651,0.759,0.897,0.453,-0.741,-0.447,0.7,-0.243,-0.905,0.406,-0.111,0.013,0.441,-0.401,0.331,0.147,0.831,-0.18,0.792,0.247,0.508,0.192,0.733,0.309,-0.778,0.182,-0.332,0.729,0.651,0.833,0.887,0.156,0.936,0.817,0.843,-0.284,0.558,0.386,0.373,-0.284,0.734,0.888,0.842,0.73,0.936,0.839,0.9,0.501,-0.906,0.683,-0.875,0.635,0.698,0.546,0.899,0.091,-0.486,0.608,0.732,0.95,0.8,0.712,0.899,-0.608,-0.497,0.938,-0.033,0.157,0.779,0.699,0.389,0.661,-0.226,0.908,0.664,-0.641,0.092,0.594,0.886,-0.047,-0.384,0.598,0.379,0.429,-0.246,0.746,0.257,-0.489,0.787,0.017,-0.756,0.826,0.809,0.407,0.75,-0.73,-0.27,-0.471,0.794,0.232,0.719,0.694,-0.329,-0.176,-0.541,0.55,-0.658,0.356,-0.763,0.55,0.905,-0.124,0.889,0.933,0.226,0.463,0.652,-0.708,0.881,0.174,0.757,0.845,0.401,0.674,0.739,0.944,0.864,0.547
AGNC,0.518,0.406,0.309,-0.098,0.0,-0.268,0.052,0.357,-0.218,0.333,0.231,-0.082,0.061,0.412,0.574,0.321,-0.047,-0.231,-0.13,0.589,-0.129,0.204,-0.444,0.201,0.595,-0.27,0.167,0.617,0.391,-0.524,0.558,0.742,0.216,0.074,-0.115,-0.065,0.34,0.504,0.749,-0.409,-0.255,0.111,0.342,-0.493,-0.129,0.16,0.383,-0.04,0.507,0.166,-0.487,0.533,0.646,-0.393,-0.25,0.723,-0.221,-0.31,-0.184,-0.24,0.613,-0.185,-0.128,-0.467,-0.191,0.148,-0.301,-0.255,0.252,0.123,0.381,0.095,0.05,0.182,-0.064,0.188,0.412,0.166,0.318,0.056,0.349,0.048,0.656,0.524,0.613,0.312,-0.341,-0.436,-0.288,0.66,0.016,0.553,-0.372,0.217,-0.238,-0.237,-0.28,0.516,0.184,0.165,-0.085,0.219,-0.049,-0.144,-0.299,0.113,-0.294,0.577,0.065,-0.46,0.693,0.333,-0.245,-0.021,0.146,0.058,0.022,0.208,-0.011,0.424,0.142,0.269,0.327,0.046,0.143,0.301,-0.233,-0.234,-0.137,-0.004,-0.239,-0.085,0.1,-0.049,0.133,0.335,0.645,0.028,0.653,0.449,-0.472,0.156,-0.374,-0.468,0.306,-0.183,-0.249,0.504,-0.057,-0.3,-0.221,0.82,0.486,0.486,-0.604,0.22,0.56,-0.076,-0.258,0.058,0.257,-0.587,0.333,-0.416,-0.33,0.189,-0.119,0.465,-0.148,0.723,-0.143,-0.38,0.197,-0.466,0.704,0.545,0.016,0.29,0.059,-0.531,-0.116,0.551,0.038,0.638,0.092,-0.09,0.606,-0.47,-0.585,0.58,0.151,-0.082,0.264,-0.186,0.064,0.197,-0.017,-0.198,0.032,-0.027
AGYS,-0.666,0.388,0.588,0.871,-0.268,0.0,0.719,0.549,0.785,-0.138,-0.651,-0.734,0.819,-0.751,-0.543,-0.76,-0.654,0.322,0.917,-0.6,0.419,-0.135,-0.123,-0.63,-0.686,0.913,0.724,-0.725,-0.214,0.719,-0.277,-0.454,0.603,-0.653,-0.497,0.481,-0.814,0.49,-0.046,0.743,0.853,0.759,0.596,0.117,0.9,-0.577,0.354,-0.707,-0.109,0.48,0.565,0.049,-0.456,0.526,0.786,-0.183,0.627,0.533,0.889,0.781,-0.722,0.661,-0.49,-0.096,-0.651,-0.346,0.528,0.793,0.071,0.637,0.362,0.678,0.66,0.615,0.852,0.518,-0.707,-0.269,0.481,0.002,-0.874,0.37,-0.433,-0.157,0.258,-0.378,0.458,0.316,0.845,-0.447,0.83,0.062,0.67,0.11,0.794,0.479,-0.485,-0.058,-0.409,0.595,0.708,0.634,0.773,0.363,0.917,0.727,0.811,-0.269,0.519,0.333,0.121,-0.369,0.804,0.777,0.69,0.593,0.896,0.611,0.879,0.52,-0.842,0.624,-0.775,0.526,0.523,0.322,0.87,0.226,-0.532,0.552,0.755,0.917,0.75,0.767,0.747,-0.645,-0.636,0.815,-0.198,-0.049,0.794,0.611,0.527,0.847,-0.279,0.835,0.728,-0.693,0.048,0.809,0.797,-0.198,-0.597,0.454,0.564,0.337,-0.29,0.68,0.311,-0.205,0.638,0.301,-0.576,0.898,0.926,0.499,0.82,-0.766,-0.237,-0.462,0.695,0.459,0.595,0.789,-0.377,-0.405,-0.346,0.5,-0.484,0.468,-0.485,0.276,0.825,-0.319,0.705,0.928,0.23,0.398,0.781,-0.705,0.772,0.247,0.558,0.8,0.452,0.501,0.654,0.911,0.768,0.634
ALT,-0.628,0.314,0.46,0.727,0.052,0.719,0.0,0.785,0.85,-0.385,-0.459,-0.767,0.768,-0.763,-0.328,-0.605,-0.533,0.639,0.759,-0.088,0.393,0.237,-0.259,-0.612,-0.68,0.843,0.739,-0.412,-0.338,0.694,-0.296,-0.423,0.422,-0.478,-0.399,0.751,-0.864,0.412,0.045,0.729,0.839,0.699,0.529,0.178,0.833,-0.684,0.398,-0.654,0.222,0.391,0.621,0.011,-0.407,0.407,0.72,0.129,0.626,0.788,0.843,0.849,-0.551,0.242,-0.22,-0.011,-0.785,-0.601,0.751,0.439,0.425,0.731,0.673,0.92,0.608,0.764,0.884,0.664,-0.609,-0.003,0.709,0.125,-0.774,0.497,-0.289,-0.207,0.536,-0.499,0.192,0.359,0.85,-0.408,0.726,0.547,0.607,0.65,0.834,0.234,-0.472,0.219,-0.427,0.832,0.902,0.603,0.81,0.668,0.706,0.852,0.836,-0.294,0.893,0.45,0.35,-0.642,0.771,0.844,0.755,0.591,0.737,0.763,0.713,0.416,-0.864,0.888,-0.571,0.873,0.586,0.659,0.823,0.572,-0.73,0.494,0.823,0.818,0.664,0.899,0.675,-0.82,-0.469,0.815,0.012,-0.194,0.669,0.89,0.709,0.743,-0.194,0.642,0.886,-0.787,0.273,0.683,0.754,0.033,-0.652,0.393,0.29,0.633,-0.442,0.792,0.237,-0.011,0.818,0.315,-0.396,0.78,0.813,0.573,0.915,-0.757,0.107,-0.067,0.493,0.435,0.736,0.799,-0.281,-0.401,-0.657,0.573,-0.159,0.599,-0.29,0.455,0.693,-0.116,0.827,0.827,0.471,0.126,0.327,-0.639,0.721,0.488,0.78,0.83,0.747,0.73,0.427,0.806,0.812,0.55
AMGN,-0.521,0.287,0.745,0.598,0.357,0.549,0.785,0.0,0.628,-0.071,-0.171,-0.832,0.699,-0.537,0.098,-0.516,-0.346,0.47,0.652,-0.087,0.114,0.299,-0.498,-0.447,-0.306,0.589,0.686,-0.291,-0.396,0.374,-0.123,-0.052,0.427,-0.522,-0.524,0.667,-0.543,0.716,0.479,0.451,0.604,0.62,0.628,0.159,0.711,-0.461,0.394,-0.695,0.344,0.548,0.251,0.063,-0.164,0.211,0.502,0.393,0.331,0.474,0.639,0.668,-0.297,-0.0,-0.191,-0.187,-0.831,-0.499,0.518,0.315,0.242,0.708,0.809,0.819,0.583,0.641,0.73,0.893,-0.186,0.082,0.73,0.187,-0.509,0.545,0.037,0.187,0.715,-0.217,-0.132,0.036,0.503,-0.147,0.816,0.713,0.23,0.635,0.549,-0.085,-0.538,0.535,-0.524,0.855,0.682,0.576,0.685,0.419,0.473,0.88,0.587,-0.135,0.729,-0.024,0.661,-0.535,0.679,0.693,0.715,0.6,0.648,0.656,0.679,0.425,-0.756,0.906,-0.36,0.732,0.549,0.553,0.642,0.408,-0.741,0.542,0.563,0.664,0.773,0.821,0.657,-0.623,-0.197,0.671,0.424,-0.049,0.27,0.884,0.352,0.382,0.305,0.39,0.698,-0.49,0.253,0.592,0.493,0.402,-0.367,0.486,-0.192,0.739,0.015,0.647,-0.135,0.045,0.729,0.031,-0.08,0.476,0.571,0.605,0.702,-0.36,-0.109,0.249,0.201,0.303,0.487,0.507,-0.074,-0.385,-0.639,0.705,-0.09,0.196,-0.361,0.518,0.503,0.085,0.726,0.716,0.725,-0.166,0.004,-0.226,0.756,0.413,0.628,0.672,0.75,0.815,0.474,0.615,0.632,0.729
AMPH,-0.719,0.238,0.432,0.687,-0.218,0.785,0.85,0.628,0.0,-0.393,-0.576,-0.693,0.721,-0.793,-0.455,-0.712,-0.475,0.596,0.786,-0.342,0.339,0.238,-0.126,-0.623,-0.746,0.851,0.612,-0.606,-0.388,0.725,-0.426,-0.537,0.337,-0.415,-0.294,0.706,-0.835,0.315,-0.13,0.816,0.791,0.594,0.41,0.248,0.816,-0.538,0.408,-0.526,0.167,0.4,0.64,-0.143,-0.548,0.413,0.725,-0.095,0.721,0.767,0.818,0.811,-0.635,0.362,-0.187,0.194,-0.586,-0.486,0.68,0.517,0.183,0.597,0.466,0.795,0.584,0.566,0.808,0.593,-0.564,0.074,0.486,0.205,-0.795,0.332,-0.512,-0.326,0.246,-0.515,0.277,0.451,0.823,-0.585,0.74,0.365,0.616,0.429,0.794,0.36,-0.309,-0.02,-0.388,0.631,0.801,0.509,0.69,0.661,0.729,0.727,0.783,-0.318,0.752,0.433,0.077,-0.595,0.845,0.761,0.597,0.477,0.733,0.594,0.65,0.323,-0.808,0.737,-0.617,0.71,0.467,0.487,0.78,0.501,-0.634,0.412,0.846,0.806,0.65,0.83,0.581,-0.793,-0.595,0.693,-0.053,-0.192,0.704,0.736,0.764,0.84,-0.258,0.656,0.85,-0.824,0.141,0.756,0.694,-0.164,-0.698,0.226,0.469,0.52,-0.408,0.709,0.346,-0.005,0.638,0.4,-0.336,0.84,0.882,0.453,0.911,-0.785,-0.014,-0.253,0.47,0.548,0.603,0.809,-0.383,-0.502,-0.48,0.377,-0.123,0.633,-0.255,0.242,0.676,-0.224,0.656,0.813,0.281,0.215,0.507,-0.691,0.634,0.582,0.589,0.776,0.613,0.536,0.436,0.795,0.712,0.594
AMZN,0.416,0.357,0.34,0.027,0.333,-0.138,-0.385,-0.071,-0.393,0.0,0.139,0.028,0.092,0.564,0.446,0.226,-0.119,-0.59,-0.141,0.077,-0.282,-0.355,-0.05,0.113,0.665,-0.247,0.156,0.17,0.367,-0.583,0.667,0.634,0.496,-0.025,-0.367,-0.671,0.454,0.416,0.572,-0.405,-0.204,0.195,0.444,-0.361,-0.097,0.2,0.201,-0.052,-0.156,0.177,-0.619,0.604,0.764,-0.059,-0.031,0.542,-0.442,-0.64,-0.125,-0.268,0.279,0.091,-0.556,-0.528,-0.037,0.245,-0.622,0.313,-0.179,-0.018,-0.095,-0.221,0.217,-0.036,-0.188,-0.053,0.358,-0.081,0.195,-0.399,0.222,0.029,0.742,0.764,0.218,0.547,-0.289,-0.47,-0.353,0.648,0.01,0.04,-0.469,-0.42,-0.495,-0.318,-0.424,0.388,-0.043,-0.042,-0.393,0.297,-0.092,-0.691,-0.031,-0.003,-0.358,0.405,-0.482,-0.523,0.471,0.613,-0.239,-0.078,0.112,0.296,0.105,0.111,0.133,0.233,0.147,-0.195,0.055,-0.334,0.079,0.002,-0.209,-0.615,0.377,0.17,-0.498,-0.114,0.143,-0.299,0.3,0.514,0.324,-0.016,0.499,0.569,-0.336,-0.174,-0.631,-0.541,0.469,0.073,-0.405,0.58,-0.092,-0.332,-0.099,0.565,0.743,0.494,-0.522,0.124,0.755,-0.208,-0.323,-0.486,-0.099,-0.704,-0.081,-0.371,-0.274,0.021,-0.424,0.562,-0.47,0.074,0.1,-0.5,-0.215,-0.534,0.296,0.434,0.174,0.179,-0.338,-0.717,-0.449,0.465,0.054,0.498,0.007,-0.081,0.059,0.048,-0.047,0.459,0.19,-0.172,-0.082,-0.11,-0.304,0.033,0.404,-0.127,-0.087,0.209
ANIP,0.246,-0.635,-0.261,-0.736,0.231,-0.651,-0.459,-0.171,-0.576,0.139,0.0,0.542,-0.658,0.37,0.574,0.624,0.589,0.105,-0.621,0.34,-0.63,0.312,-0.222,0.668,0.454,-0.646,-0.499,0.56,-0.208,-0.371,0.22,0.342,-0.524,0.308,0.52,-0.185,0.668,-0.166,0.126,-0.374,-0.63,-0.574,-0.537,0.347,-0.654,0.606,-0.257,0.603,0.165,-0.256,-0.313,-0.301,0.252,-0.379,-0.508,0.255,-0.504,-0.393,-0.703,-0.354,0.569,-0.674,0.656,0.295,0.436,0.2,-0.292,-0.598,-0.324,-0.333,0.04,-0.344,-0.204,-0.45,-0.579,-0.014,0.7,0.57,-0.252,0.29,0.771,0.17,0.262,0.355,-0.012,0.466,-0.461,-0.182,-0.653,0.191,-0.388,0.02,-0.386,0.128,-0.547,-0.421,0.524,0.305,-0.155,-0.249,-0.31,-0.596,-0.576,-0.103,-0.734,-0.355,-0.613,0.061,-0.277,-0.547,0.026,0.034,-0.491,-0.595,-0.459,-0.314,-0.678,-0.53,-0.532,-0.258,0.589,-0.305,0.846,-0.285,-0.442,-0.354,-0.577,0.148,0.151,-0.177,-0.65,-0.706,-0.441,-0.308,-0.564,0.431,0.346,-0.588,0.288,-0.3,-0.66,-0.273,-0.331,-0.583,0.634,-0.753,-0.357,0.508,0.256,-0.35,-0.634,0.353,0.274,-0.318,-0.584,0.05,0.301,-0.37,-0.39,0.533,-0.466,0.014,0.626,-0.661,-0.605,0.131,-0.53,0.714,0.36,0.563,-0.66,-0.146,-0.617,-0.463,0.162,-0.08,0.243,0.036,0.617,-0.332,0.673,-0.241,-0.773,0.308,-0.537,-0.671,0.196,-0.497,-0.603,0.668,-0.571,0.013,-0.53,-0.468,0.029,-0.195,-0.471,-0.678,-0.599,-0.081
AOSL,0.595,-0.445,-0.763,-0.813,-0.082,-0.734,-0.767,-0.832,-0.693,0.028,0.542,0.0,-0.845,0.61,0.129,0.677,0.538,-0.257,-0.799,0.314,-0.292,0.037,0.26,0.735,0.421,-0.735,-0.707,0.594,0.323,-0.42,0.305,0.227,-0.58,0.677,0.76,-0.54,0.712,-0.636,-0.33,-0.456,-0.748,-0.702,-0.745,-0.02,-0.842,0.618,-0.315,0.901,-0.004,-0.528,-0.254,-0.131,0.268,-0.294,-0.574,-0.161,-0.438,-0.474,-0.803,-0.669,0.583,-0.24,0.487,0.335,0.887,0.559,-0.49,-0.548,-0.202,-0.737,-0.594,-0.741,-0.507,-0.681,-0.783,-0.757,0.439,0.28,-0.664,0.133,0.779,-0.412,0.073,-0.058,-0.545,0.282,-0.071,-0.05,-0.655,0.219,-0.845,-0.428,-0.275,-0.34,-0.618,0.015,0.692,-0.311,0.441,-0.781,-0.594,-0.69,-0.801,-0.289,-0.732,-0.864,-0.711,0.2,-0.584,-0.138,-0.483,0.485,-0.72,-0.769,-0.754,-0.687,-0.809,-0.708,-0.817,-0.329,0.876,-0.785,0.727,-0.608,-0.571,-0.473,-0.767,-0.224,0.642,-0.481,-0.681,-0.813,-0.818,-0.758,-0.789,0.694,0.382,-0.754,-0.162,-0.054,-0.472,-0.766,-0.325,-0.506,-0.06,-0.613,-0.709,0.61,-0.075,-0.631,-0.624,-0.127,0.391,-0.445,-0.027,-0.525,0.075,-0.582,0.131,0.274,-0.658,0.024,0.36,-0.644,-0.708,-0.38,-0.704,0.572,0.384,0.142,-0.384,-0.304,-0.538,-0.596,0.22,0.37,0.691,-0.519,0.445,-0.217,0.658,-0.451,-0.671,0.175,-0.796,-0.879,-0.4,-0.052,-0.289,0.461,-0.874,-0.221,-0.62,-0.73,-0.507,-0.737,-0.658,-0.788,-0.67,-0.679
APDN,-0.491,0.671,0.742,0.923,0.061,0.819,0.768,0.699,0.721,0.092,-0.658,-0.845,0.0,-0.549,-0.303,-0.697,-0.728,0.189,0.794,-0.244,0.421,-0.174,-0.248,-0.718,-0.436,0.855,0.893,-0.536,-0.065,0.466,-0.077,-0.239,0.816,-0.656,-0.727,0.353,-0.747,0.645,0.257,0.592,0.82,0.884,0.881,-0.133,0.914,-0.655,0.492,-0.851,-0.012,0.584,0.329,0.3,-0.139,0.443,0.745,0.19,0.487,0.438,0.891,0.727,-0.605,0.506,-0.695,-0.385,-0.854,-0.438,0.406,0.779,0.271,0.792,0.495,0.784,0.666,0.744,0.874,0.579,-0.597,-0.287,0.77,-0.177,-0.836,0.478,-0.013,0.136,0.576,-0.299,0.157,-0.01,0.795,-0.118,0.859,0.443,0.374,0.21,0.65,0.18,-0.78,0.295,-0.404,0.747,0.679,0.824,0.817,0.171,0.862,0.877,0.73,-0.193,0.587,0.229,0.459,-0.3,0.69,0.842,0.84,0.721,0.952,0.866,0.876,0.541,-0.886,0.71,-0.799,0.642,0.791,0.58,0.843,0.092,-0.565,0.598,0.704,0.918,0.802,0.722,0.9,-0.641,-0.41,0.919,0.111,0.145,0.652,0.742,0.35,0.581,-0.123,0.871,0.66,-0.573,0.086,0.6,0.805,0.145,-0.299,0.607,0.208,0.534,-0.075,0.695,0.141,-0.46,0.785,-0.062,-0.609,0.729,0.781,0.494,0.755,-0.611,-0.317,-0.269,0.721,0.159,0.703,0.613,-0.25,-0.162,-0.603,0.608,-0.614,0.268,-0.741,0.639,0.888,-0.042,0.891,0.918,0.345,0.256,0.49,-0.584,0.916,0.273,0.733,0.812,0.458,0.684,0.757,0.896,0.857,0.615
APLT,0.869,0.08,-0.267,-0.588,0.412,-0.751,-0.763,-0.537,-0.793,0.564,0.37,0.61,-0.549,0.0,0.492,0.601,0.433,-0.724,-0.711,0.423,-0.226,-0.123,0.185,0.606,0.901,-0.81,-0.416,0.668,0.608,-0.877,0.693,0.77,-0.094,0.589,0.175,-0.758,0.834,-0.107,0.36,-0.75,-0.768,-0.392,-0.174,-0.452,-0.681,0.52,-0.08,0.524,0.084,-0.254,-0.74,0.473,0.784,-0.351,-0.57,0.392,-0.649,-0.771,-0.702,-0.835,0.771,-0.244,-0.041,-0.296,0.552,0.669,-0.734,-0.369,-0.032,-0.581,-0.453,-0.698,-0.428,-0.505,-0.704,-0.58,0.664,0.05,-0.326,-0.151,0.762,-0.445,0.707,0.456,-0.178,0.478,-0.348,-0.431,-0.806,0.775,-0.64,-0.1,-0.701,-0.394,-0.8,-0.317,0.134,0.104,0.468,-0.599,-0.793,-0.215,-0.655,-0.698,-0.696,-0.631,-0.783,0.577,-0.693,-0.401,0.123,0.802,-0.703,-0.595,-0.51,-0.399,-0.565,-0.415,-0.572,-0.078,0.732,-0.587,0.556,-0.606,-0.289,-0.235,-0.758,-0.697,0.732,-0.248,-0.818,-0.678,-0.434,-0.807,-0.396,0.861,0.802,-0.588,0.362,0.511,-0.698,-0.63,-0.708,-0.88,0.253,-0.456,-0.887,0.88,-0.263,-0.783,-0.6,0.417,0.931,0.014,-0.505,-0.353,0.62,-0.598,-0.148,-0.137,-0.455,-0.644,0.33,-0.836,-0.831,-0.491,-0.813,0.827,-0.094,0.33,-0.326,-0.66,-0.42,-0.91,0.589,0.75,0.53,-0.322,0.088,-0.698,0.067,0.062,-0.453,0.507,-0.522,-0.696,-0.184,-0.08,-0.52,0.743,-0.474,-0.303,-0.379,-0.722,-0.636,-0.485,-0.232,-0.731,-0.528,-0.503
APVO,0.367,-0.178,0.125,-0.487,0.574,-0.543,-0.328,0.098,-0.455,0.446,0.574,0.129,-0.303,0.492,0.0,0.495,0.321,-0.231,-0.432,0.447,-0.605,0.253,-0.281,0.247,0.716,-0.566,-0.275,0.47,-0.05,-0.673,0.313,0.656,-0.168,0.198,0.041,-0.25,0.626,0.147,0.55,-0.537,-0.532,-0.343,-0.053,-0.085,-0.451,0.457,0.059,0.239,0.189,-0.094,-0.639,0.123,0.532,-0.549,-0.486,0.535,-0.405,-0.457,-0.51,-0.399,0.562,-0.611,0.194,-0.097,0.134,0.08,-0.435,-0.422,-0.26,-0.13,0.1,-0.198,-0.164,-0.252,-0.461,0.169,0.76,0.369,0.01,0.002,0.578,0.032,0.601,0.513,0.233,0.538,-0.621,-0.411,-0.621,0.479,-0.191,0.273,-0.654,0.028,-0.577,-0.66,0.07,0.443,-0.065,-0.086,-0.381,-0.213,-0.391,-0.23,-0.551,-0.147,-0.603,0.391,-0.285,-0.68,0.415,0.191,-0.406,-0.419,-0.194,-0.04,-0.374,-0.236,-0.316,-0.111,0.398,-0.142,0.558,-0.284,-0.187,-0.039,-0.541,-0.135,0.2,-0.198,-0.541,-0.498,-0.173,-0.276,-0.197,0.38,0.503,-0.42,0.598,0.239,-0.778,-0.144,-0.507,-0.708,0.656,-0.553,-0.375,0.578,0.056,-0.371,-0.587,0.629,0.535,0.0,-0.846,0.15,0.643,-0.438,-0.705,0.117,-0.321,-0.433,0.575,-0.686,-0.533,-0.049,-0.479,0.731,-0.175,0.706,-0.609,-0.348,-0.497,-0.619,0.422,0.138,0.036,-0.002,0.299,-0.651,0.145,0.119,-0.495,0.435,-0.307,-0.417,0.274,-0.622,-0.694,0.755,-0.18,-0.021,-0.282,-0.399,-0.056,0.011,-0.138,-0.526,-0.445,0.063
ARGX,0.644,-0.316,-0.482,-0.777,0.321,-0.76,-0.605,-0.516,-0.712,0.226,0.624,0.677,-0.697,0.601,0.495,0.0,0.367,-0.332,-0.741,0.584,-0.528,0.072,-0.028,0.529,0.616,-0.772,-0.681,0.663,0.308,-0.656,0.309,0.453,-0.467,0.444,0.572,-0.464,0.764,-0.394,-0.034,-0.644,-0.749,-0.683,-0.497,-0.218,-0.833,0.685,-0.14,0.676,0.057,-0.474,-0.557,0.036,0.487,-0.664,-0.711,0.184,-0.392,-0.566,-0.803,-0.684,0.658,-0.423,0.39,0.09,0.625,0.274,-0.605,-0.64,-0.275,-0.528,-0.36,-0.587,-0.508,-0.507,-0.799,-0.451,0.572,0.277,-0.452,0.01,0.789,-0.295,0.31,0.225,-0.181,0.461,-0.203,-0.315,-0.695,0.389,-0.712,-0.213,-0.484,-0.277,-0.68,-0.255,0.471,-0.046,0.392,-0.566,-0.598,-0.631,-0.697,-0.264,-0.735,-0.69,-0.782,0.387,-0.545,-0.427,-0.163,0.44,-0.827,-0.751,-0.597,-0.492,-0.701,-0.545,-0.665,-0.277,0.829,-0.605,0.746,-0.608,-0.532,-0.359,-0.801,-0.252,0.369,-0.645,-0.688,-0.81,-0.767,-0.692,-0.589,0.693,0.528,-0.728,0.106,0.005,-0.725,-0.61,-0.514,-0.682,0.085,-0.709,-0.639,0.745,-0.123,-0.678,-0.752,0.223,0.498,-0.26,-0.431,-0.404,0.349,-0.722,-0.34,0.264,-0.616,-0.268,0.527,-0.778,-0.747,-0.236,-0.712,0.715,0.074,0.499,-0.559,-0.384,-0.466,-0.717,0.453,0.435,0.489,-0.425,0.358,-0.535,0.507,-0.208,-0.652,0.286,-0.67,-0.798,-0.185,-0.503,-0.541,0.709,-0.648,-0.335,-0.512,-0.74,-0.447,-0.549,-0.617,-0.817,-0.729,-0.555
ARLP,0.221,-0.631,-0.415,-0.719,-0.047,-0.654,-0.533,-0.346,-0.475,-0.119,0.589,0.538,-0.728,0.433,0.321,0.367,0.0,-0.062,-0.628,0.169,-0.254,0.254,0.112,0.561,0.334,-0.64,-0.603,0.312,-0.116,-0.343,0.001,0.137,-0.62,0.592,0.496,-0.073,0.554,-0.449,-0.099,-0.301,-0.627,-0.656,-0.68,0.375,-0.621,0.465,-0.44,0.578,0.166,-0.307,-0.187,-0.351,0.03,-0.233,-0.515,-0.046,-0.315,-0.233,-0.628,-0.517,0.399,-0.662,0.66,0.406,0.601,0.453,-0.039,-0.602,-0.222,-0.524,-0.261,-0.43,-0.49,-0.725,-0.573,-0.174,0.626,0.378,-0.454,0.262,0.651,-0.21,0.057,0.043,-0.531,0.008,-0.422,0.085,-0.623,0.075,-0.497,-0.118,-0.404,0.122,-0.406,-0.351,0.677,-0.048,0.117,-0.402,-0.478,-0.533,-0.658,-0.169,-0.751,-0.554,-0.492,-0.053,-0.289,-0.127,-0.227,0.027,-0.312,-0.61,-0.663,-0.52,-0.787,-0.658,-0.66,-0.474,0.574,-0.384,0.637,-0.31,-0.454,-0.442,-0.613,0.034,0.427,-0.232,-0.523,-0.664,-0.45,-0.436,-0.704,0.367,0.479,-0.688,0.166,-0.249,-0.569,-0.383,-0.093,-0.478,0.402,-0.692,-0.41,0.339,0.087,-0.387,-0.621,-0.055,0.267,-0.534,-0.303,-0.196,0.1,-0.407,-0.157,0.407,-0.507,0.107,0.621,-0.537,-0.56,-0.41,-0.523,0.494,0.311,0.35,-0.678,-0.109,-0.597,-0.372,0.053,-0.053,0.299,-0.329,0.645,-0.103,0.573,-0.565,-0.756,0.028,-0.665,-0.664,-0.14,-0.223,-0.518,0.447,-0.686,0.093,-0.515,-0.523,-0.194,-0.406,-0.52,-0.682,-0.564,-0.248
ATEX,-0.689,-0.385,0.002,0.18,-0.231,0.322,0.639,0.47,0.596,-0.59,0.105,-0.257,0.189,-0.724,-0.231,-0.332,-0.062,0.0,0.356,-0.099,0.035,0.534,-0.145,-0.164,-0.706,0.49,0.26,-0.258,-0.67,0.745,-0.435,-0.57,-0.214,-0.2,0.159,0.736,-0.573,-0.049,-0.295,0.655,0.498,0.19,-0.129,0.67,0.388,-0.343,0.019,-0.118,0.165,0.051,0.722,-0.533,-0.626,0.318,0.428,-0.134,0.336,0.732,0.389,0.702,-0.371,-0.144,0.448,0.509,-0.331,-0.547,0.73,-0.01,0.201,0.348,0.529,0.621,0.381,0.339,0.502,0.509,-0.313,0.377,0.289,0.413,-0.345,0.434,-0.497,-0.397,0.218,-0.402,0.089,0.527,0.502,-0.67,0.344,0.373,0.597,0.733,0.589,0.121,0.091,0.117,-0.503,0.548,0.751,0.014,0.411,0.798,0.268,0.487,0.574,-0.494,0.754,0.377,-0.031,-0.801,0.568,0.427,0.322,0.204,0.179,0.233,0.214,-0.032,-0.475,0.561,-0.073,0.702,0.125,0.274,0.484,0.893,-0.6,0.296,0.52,0.316,0.248,0.719,0.103,-0.707,-0.549,0.345,-0.118,-0.65,0.443,0.627,0.737,0.607,0.043,0.106,0.754,-0.716,0.464,0.583,0.408,-0.179,-0.783,-0.11,0.227,0.573,-0.621,0.587,0.237,0.45,0.389,0.699,-0.022,0.515,0.525,0.557,0.646,-0.529,0.605,0.009,0.07,0.594,0.235,0.71,-0.457,-0.722,-0.451,0.384,0.384,0.74,0.337,-0.061,0.094,-0.193,0.348,0.327,0.322,-0.004,0.109,-0.462,0.174,0.526,0.274,0.532,0.802,0.46,-0.029,0.384,0.378,0.419
ATRA,-0.573,0.454,0.633,0.85,-0.13,0.917,0.759,0.652,0.786,-0.141,-0.621,-0.799,0.794,-0.711,-0.432,-0.741,-0.628,0.356,0.0,-0.511,0.406,0.004,-0.171,-0.58,-0.611,0.842,0.715,-0.607,-0.193,0.665,-0.245,-0.322,0.571,-0.627,-0.494,0.576,-0.788,0.551,0.07,0.649,0.824,0.758,0.635,0.066,0.892,-0.56,0.442,-0.71,-0.009,0.542,0.498,0.149,-0.396,0.436,0.742,-0.074,0.612,0.521,0.872,0.727,-0.563,0.632,-0.463,-0.188,-0.691,-0.357,0.497,0.675,0.141,0.623,0.454,0.678,0.608,0.634,0.837,0.572,-0.621,-0.267,0.482,0.049,-0.807,0.267,-0.361,-0.141,0.367,-0.378,0.451,0.356,0.798,-0.433,0.813,0.198,0.661,0.222,0.793,0.444,-0.551,-0.004,-0.361,0.63,0.663,0.644,0.789,0.406,0.846,0.755,0.81,-0.098,0.554,0.291,0.241,-0.344,0.839,0.821,0.707,0.549,0.869,0.599,0.891,0.561,-0.848,0.741,-0.724,0.561,0.47,0.366,0.82,0.205,-0.624,0.542,0.794,0.892,0.786,0.804,0.761,-0.642,-0.524,0.78,-0.032,-0.01,0.705,0.679,0.488,0.779,-0.235,0.75,0.726,-0.663,-0.017,0.793,0.748,-0.044,-0.566,0.537,0.448,0.378,-0.226,0.655,0.286,-0.1,0.692,0.208,-0.465,0.829,0.869,0.513,0.838,-0.722,-0.273,-0.337,0.615,0.509,0.652,0.725,-0.17,-0.347,-0.33,0.512,-0.42,0.383,-0.497,0.355,0.818,-0.205,0.722,0.932,0.353,0.321,0.64,-0.586,0.822,0.23,0.613,0.748,0.494,0.547,0.608,0.855,0.736,0.624
AUTL,0.539,0.066,-0.298,-0.36,0.589,-0.6,-0.088,-0.087,-0.342,0.077,0.34,0.314,-0.244,0.423,0.447,0.584,0.169,-0.099,-0.511,0.0,-0.195,0.115,-0.234,0.259,0.429,-0.398,-0.126,0.753,0.331,-0.457,0.348,0.345,-0.139,0.437,0.23,-0.172,0.358,-0.158,0.209,-0.394,-0.335,-0.216,-0.089,-0.287,-0.447,0.118,0.014,0.298,0.291,-0.258,-0.278,0.213,0.534,-0.35,-0.354,0.549,-0.151,-0.148,-0.373,-0.305,0.512,-0.455,0.172,-0.083,0.113,0.048,-0.204,-0.447,0.325,-0.099,0.163,-0.054,-0.219,-0.041,-0.307,-0.219,0.319,0.276,0.174,-0.017,0.44,0.028,0.514,0.288,0.233,0.086,-0.365,-0.259,-0.283,0.508,-0.423,0.373,-0.377,0.266,-0.298,-0.34,0.075,0.376,0.244,-0.026,-0.138,-0.129,-0.293,-0.07,-0.472,-0.193,-0.386,0.216,0.063,-0.145,0.275,0.166,-0.49,-0.244,-0.115,-0.124,-0.371,0.064,-0.388,-0.029,0.381,-0.069,0.476,0.032,0.014,0.308,-0.409,-0.035,0.078,-0.316,-0.311,-0.387,-0.429,-0.284,-0.187,0.323,0.506,-0.209,0.397,0.154,-0.435,-0.05,-0.223,-0.515,0.069,-0.337,-0.282,0.395,0.135,-0.598,-0.327,0.429,0.406,-0.014,-0.463,0.086,0.14,-0.194,-0.192,0.054,-0.01,-0.329,0.194,-0.49,-0.494,-0.047,-0.293,0.402,0.229,0.594,-0.24,-0.483,0.049,-0.414,0.371,0.486,-0.031,-0.055,0.286,-0.281,0.192,0.311,-0.276,0.571,-0.127,-0.447,0.096,-0.401,-0.62,0.383,-0.297,0.021,0.142,-0.297,-0.053,0.023,-0.358,-0.415,-0.182,-0.406
AVDL,-0.136,0.45,0.086,0.565,-0.129,0.419,0.393,0.114,0.339,-0.282,-0.63,-0.292,0.421,-0.226,-0.605,-0.528,-0.254,0.035,0.406,-0.195,0.0,-0.184,0.239,-0.294,-0.398,0.482,0.472,-0.3,0.246,0.417,-0.043,-0.303,0.415,-0.122,-0.33,0.268,-0.54,0.061,-0.102,0.379,0.484,0.48,0.337,-0.198,0.507,-0.56,0.029,-0.416,-0.03,0.23,0.454,0.26,-0.189,0.474,0.414,-0.185,0.289,0.399,0.563,0.245,-0.378,0.497,-0.415,-0.274,-0.325,0.012,0.423,0.388,0.541,0.237,0.016,0.279,0.155,0.341,0.528,-0.052,-0.617,-0.497,0.213,-0.274,-0.529,-0.059,-0.174,-0.279,0.034,-0.498,0.437,0.267,0.516,-0.088,0.228,0.037,0.386,0.152,0.552,0.361,-0.364,-0.194,0.192,0.256,0.286,0.485,0.461,0.024,0.486,0.291,0.594,-0.197,0.338,0.683,0.038,-0.035,0.357,0.475,0.334,0.131,0.422,0.395,0.362,0.259,-0.474,0.333,-0.598,0.383,0.457,0.252,0.483,-0.026,-0.074,0.348,0.499,0.537,0.35,0.297,0.337,-0.312,-0.117,0.512,-0.286,0.127,0.627,0.301,0.422,0.469,-0.502,0.577,0.294,-0.418,-0.046,0.26,0.58,-0.29,-0.221,0.287,0.554,-0.024,-0.427,0.44,0.556,-0.367,0.523,0.041,-0.517,0.525,0.433,-0.087,0.434,-0.61,0.065,-0.452,0.57,0.15,0.614,0.441,-0.161,0.149,-0.165,0.107,-0.432,0.47,-0.396,0.157,0.574,-0.194,0.481,0.449,-0.026,0.53,0.426,-0.563,0.366,0.008,0.48,0.373,0.055,0.154,0.281,0.509,0.572,-0.044
BCRX,-0.122,-0.32,-0.034,-0.314,0.204,-0.135,0.237,0.299,0.238,-0.355,0.312,0.037,-0.174,-0.123,0.253,0.072,0.254,0.534,0.004,0.115,-0.184,0.0,-0.082,0.141,-0.081,-0.083,-0.124,0.123,-0.358,0.091,-0.078,0.076,-0.397,0.168,0.382,0.512,0.013,-0.066,-0.065,0.167,-0.125,-0.2,-0.293,0.257,-0.035,0.244,0.238,0.28,0.446,-0.041,0.152,-0.256,-0.184,-0.244,-0.036,0.08,0.049,0.277,-0.114,0.086,0.274,-0.277,0.529,0.457,0.112,-0.072,0.195,-0.427,-0.027,-0.122,0.136,0.173,-0.014,-0.077,0.01,0.301,0.308,0.52,-0.113,0.553,0.205,-0.099,-0.174,-0.216,0.087,-0.113,-0.08,0.34,-0.079,-0.302,0.02,0.417,0.103,0.492,0.094,-0.036,0.284,-0.037,-0.171,0.076,0.231,-0.243,-0.102,0.574,-0.296,0.075,-0.031,0.214,0.335,0.01,0.063,-0.277,0.167,-0.024,-0.114,-0.276,-0.202,-0.213,-0.204,-0.005,0.017,0.331,0.334,0.228,-0.1,0.025,-0.127,0.459,-0.259,0.037,0.125,-0.13,0.001,0.308,-0.268,-0.215,0.06,-0.18,0.184,-0.276,-0.15,0.226,0.346,0.091,0.133,-0.323,0.237,-0.117,-0.003,0.314,-0.152,0.211,-0.255,-0.083,-0.146,0.327,-0.079,0.027,0.058,0.531,0.052,0.192,0.544,-0.075,0.058,0.197,0.229,0.034,0.36,0.466,-0.405,0.457,-0.021,0.063,0.169,-0.279,0.012,0.036,0.565,0.221,0.52,-0.109,-0.209,0.132,-0.106,-0.082,0.391,-0.359,-0.335,0.228,-0.077,0.427,-0.063,-0.075,0.406,-0.023,-0.254,-0.173,-0.066,0.191
BHAT,0.13,-0.12,-0.423,-0.105,-0.444,-0.123,-0.259,-0.498,-0.126,-0.05,-0.222,0.26,-0.248,0.185,-0.281,-0.028,0.112,-0.145,-0.171,-0.234,0.239,-0.082,0.0,0.049,-0.037,-0.112,-0.208,-0.151,0.114,-0.01,0.007,-0.115,-0.163,0.319,0.043,-0.286,0.005,-0.403,-0.282,-0.082,-0.062,-0.126,-0.245,0.001,-0.133,-0.078,-0.272,0.198,-0.254,-0.319,0.109,0.014,-0.057,0.201,0.005,-0.321,-0.233,0.005,-0.076,-0.236,-0.067,0.101,-0.044,0.077,0.323,0.148,-0.054,-0.012,0.114,-0.421,-0.538,-0.371,-0.234,-0.206,-0.169,-0.517,-0.108,-0.214,-0.365,-0.288,-0.003,-0.462,-0.092,-0.383,-0.506,-0.125,0.238,0.298,-0.123,-0.066,-0.361,-0.415,0.006,-0.218,-0.138,0.114,0.112,-0.403,0.242,-0.319,-0.248,-0.085,-0.055,-0.119,-0.049,-0.35,-0.01,-0.051,-0.262,0.424,-0.336,0.167,-0.106,-0.12,-0.246,-0.187,-0.211,-0.226,-0.283,-0.331,0.123,-0.333,-0.106,-0.202,-0.226,-0.112,-0.14,-0.122,0.547,-0.124,-0.091,-0.186,-0.189,-0.284,-0.227,0.112,-0.072,-0.208,-0.385,0.086,0.132,-0.354,0.056,-0.013,-0.284,0.015,-0.2,-0.043,-0.095,-0.179,0.018,-0.442,0.035,-0.213,0.271,-0.274,-0.249,-0.126,0.293,-0.24,-0.246,0.03,-0.184,0.001,-0.108,-0.536,-0.195,-0.102,0.208,-0.431,0.023,0.082,-0.203,-0.079,-0.128,0.066,0.171,-0.44,-0.123,0.194,0.025,-0.256,-0.089,-0.176,-0.187,-0.177,-0.49,0.479,0.19,-0.15,-0.245,-0.089,-0.178,-0.144,-0.336,-0.349,-0.026,-0.135,-0.119,-0.266
BLBD,0.566,-0.347,-0.46,-0.681,0.201,-0.63,-0.612,-0.447,-0.623,0.113,0.668,0.735,-0.718,0.606,0.247,0.529,0.561,-0.164,-0.58,0.259,-0.294,0.141,0.049,0.0,0.514,-0.706,-0.5,0.677,0.277,-0.393,0.488,0.497,-0.47,0.557,0.608,-0.323,0.683,-0.17,0.109,-0.457,-0.631,-0.481,-0.509,0.065,-0.671,0.559,-0.192,0.717,0.237,-0.308,-0.305,-0.001,0.329,-0.21,-0.459,0.116,-0.496,-0.504,-0.701,-0.574,0.757,-0.264,0.478,0.155,0.644,0.603,-0.373,-0.509,-0.059,-0.573,-0.239,-0.577,-0.319,-0.517,-0.61,-0.451,0.559,0.32,-0.434,0.358,0.812,-0.262,0.228,0.157,-0.197,0.335,-0.139,-0.137,-0.653,0.311,-0.58,-0.178,-0.251,-0.061,-0.495,0.02,0.507,0.031,0.244,-0.522,-0.455,-0.479,-0.608,-0.229,-0.722,-0.616,-0.594,0.324,-0.413,-0.328,-0.128,0.46,-0.487,-0.525,-0.593,-0.555,-0.66,-0.574,-0.569,-0.008,0.702,-0.431,0.793,-0.39,-0.525,-0.332,-0.632,-0.23,0.42,-0.177,-0.689,-0.691,-0.461,-0.543,-0.558,0.709,0.559,-0.598,0.201,-0.0,-0.519,-0.489,-0.394,-0.537,0.245,-0.58,-0.613,0.616,0.017,-0.495,-0.538,0.236,0.413,-0.155,-0.218,-0.275,0.264,-0.36,0.138,0.509,-0.408,-0.025,0.438,-0.624,-0.676,-0.081,-0.567,0.66,0.402,0.403,-0.368,-0.257,-0.405,-0.567,0.471,0.332,0.649,-0.101,0.521,-0.281,0.582,-0.227,-0.586,0.366,-0.614,-0.705,-0.01,-0.071,-0.417,0.592,-0.663,-0.112,-0.389,-0.641,-0.197,-0.43,-0.511,-0.705,-0.526,-0.421
BMRN,0.814,0.106,-0.012,-0.546,0.595,-0.686,-0.68,-0.306,-0.746,0.665,0.454,0.421,-0.436,0.901,0.716,0.616,0.334,-0.706,-0.611,0.429,-0.398,-0.081,-0.037,0.514,0.0,-0.788,-0.358,0.657,0.506,-0.927,0.643,0.875,-0.039,0.369,0.088,-0.676,0.871,0.128,0.564,-0.801,-0.76,-0.364,-0.038,-0.469,-0.64,0.611,0.056,0.392,0.167,-0.116,-0.887,0.454,0.82,-0.526,-0.617,0.497,-0.629,-0.812,-0.687,-0.787,0.79,-0.321,-0.059,-0.387,0.397,0.514,-0.8,-0.373,-0.206,-0.433,-0.27,-0.591,-0.338,-0.445,-0.677,-0.315,0.783,0.112,-0.225,-0.158,0.764,-0.315,0.78,0.623,0.037,0.661,-0.473,-0.603,-0.819,0.812,-0.452,0.023,-0.806,-0.372,-0.826,-0.426,0.05,0.265,0.351,-0.467,-0.749,-0.181,-0.605,-0.667,-0.674,-0.481,-0.825,0.642,-0.665,-0.683,0.291,0.718,-0.686,-0.582,-0.43,-0.297,-0.461,-0.352,-0.454,-0.006,0.669,-0.454,0.572,-0.608,-0.252,-0.206,-0.744,-0.667,0.547,-0.265,-0.795,-0.631,-0.325,-0.696,-0.294,0.811,0.804,-0.552,0.535,0.541,-0.833,-0.518,-0.814,-0.919,0.432,-0.501,-0.802,0.928,-0.251,-0.711,-0.67,0.627,0.921,0.091,-0.721,-0.225,0.834,-0.626,-0.422,-0.073,-0.422,-0.729,0.47,-0.863,-0.803,-0.334,-0.779,0.917,-0.287,0.533,-0.432,-0.659,-0.457,-0.942,0.684,0.663,0.432,-0.183,0.083,-0.872,0.019,0.143,-0.439,0.565,-0.484,-0.61,0.027,-0.357,-0.615,0.883,-0.332,-0.306,-0.38,-0.683,-0.532,-0.36,-0.155,-0.697,-0.542,-0.315
BNGO,-0.734,0.356,0.475,0.89,-0.27,0.913,0.843,0.589,0.851,-0.247,-0.646,-0.735,0.855,-0.81,-0.566,-0.772,-0.64,0.49,0.842,-0.398,0.482,-0.083,-0.112,-0.706,-0.788,0.0,0.797,-0.684,-0.296,0.805,-0.327,-0.601,0.573,-0.592,-0.514,0.542,-0.93,0.36,-0.12,0.832,0.935,0.793,0.581,0.178,0.928,-0.75,0.288,-0.719,-0.105,0.426,0.712,-0.015,-0.486,0.623,0.839,-0.114,0.639,0.699,0.948,0.896,-0.804,0.522,-0.439,-0.047,-0.741,-0.511,0.691,0.738,0.291,0.72,0.46,0.822,0.666,0.729,0.937,0.534,-0.802,-0.212,0.636,-0.035,-0.94,0.495,-0.407,-0.212,0.319,-0.515,0.376,0.361,0.944,-0.477,0.783,0.25,0.706,0.326,0.866,0.365,-0.524,0.052,-0.454,0.745,0.844,0.661,0.857,0.459,0.924,0.817,0.908,-0.468,0.729,0.519,0.171,-0.546,0.818,0.862,0.788,0.672,0.863,0.761,0.821,0.389,-0.926,0.701,-0.81,0.741,0.639,0.504,0.939,0.415,-0.589,0.574,0.845,0.937,0.704,0.841,0.745,-0.799,-0.694,0.903,-0.222,-0.165,0.882,0.753,0.682,0.873,-0.294,0.848,0.858,-0.839,0.205,0.762,0.896,-0.234,-0.664,0.385,0.537,0.493,-0.488,0.811,0.349,-0.264,0.744,0.345,-0.65,0.94,0.943,0.532,0.883,-0.87,-0.035,-0.475,0.726,0.484,0.673,0.893,-0.532,-0.449,-0.581,0.534,-0.445,0.627,-0.473,0.351,0.816,-0.295,0.821,0.911,0.22,0.407,0.695,-0.841,0.756,0.358,0.687,0.92,0.573,0.629,0.592,0.959,0.863,0.597
BUSE,-0.366,0.633,0.665,0.882,0.167,0.724,0.739,0.686,0.612,0.156,-0.499,-0.707,0.893,-0.416,-0.275,-0.681,-0.603,0.26,0.715,-0.126,0.472,-0.124,-0.208,-0.5,-0.358,0.797,0.0,-0.339,0.019,0.466,0.179,-0.128,0.841,-0.473,-0.677,0.312,-0.677,0.68,0.361,0.587,0.798,0.966,0.844,-0.054,0.868,-0.712,0.456,-0.744,0.1,0.551,0.404,0.411,0.007,0.617,0.817,0.369,0.348,0.43,0.865,0.717,-0.448,0.451,-0.653,-0.41,-0.825,-0.296,0.451,0.769,0.455,0.734,0.601,0.794,0.783,0.751,0.906,0.524,-0.535,-0.168,0.871,-0.142,-0.715,0.538,0.146,0.249,0.61,-0.318,0.093,0.088,0.724,0.021,0.773,0.536,0.414,0.396,0.635,0.174,-0.783,0.437,-0.417,0.82,0.71,0.916,0.804,0.114,0.771,0.876,0.732,-0.181,0.655,0.281,0.612,-0.229,0.698,0.877,0.86,0.758,0.866,0.901,0.834,0.644,-0.849,0.778,-0.654,0.759,0.803,0.69,0.81,0.133,-0.465,0.783,0.581,0.871,0.824,0.745,0.886,-0.515,-0.273,0.946,0.251,0.184,0.64,0.808,0.382,0.504,0.012,0.854,0.617,-0.497,0.223,0.519,0.849,0.268,-0.203,0.723,0.149,0.682,-0.094,0.838,0.287,-0.398,0.916,-0.061,-0.628,0.686,0.707,0.567,0.716,-0.525,-0.085,-0.194,0.779,0.106,0.721,0.572,-0.203,-0.076,-0.542,0.784,-0.486,0.288,-0.658,0.753,0.853,0.187,0.898,0.831,0.463,0.404,0.435,-0.518,0.86,0.375,0.823,0.839,0.551,0.756,0.764,0.842,0.938,0.632
CAKE,0.799,-0.022,-0.364,-0.596,0.617,-0.725,-0.412,-0.291,-0.606,0.17,0.56,0.594,-0.536,0.668,0.47,0.663,0.312,-0.258,-0.607,0.753,-0.3,0.123,-0.151,0.677,0.657,-0.684,-0.339,0.0,0.499,-0.581,0.57,0.635,-0.258,0.584,0.457,-0.361,0.66,-0.098,0.309,-0.614,-0.619,-0.375,-0.266,-0.301,-0.672,0.431,0.075,0.594,0.43,-0.213,-0.434,0.279,0.636,-0.425,-0.519,0.474,-0.401,-0.42,-0.64,-0.553,0.869,-0.359,0.298,-0.099,0.429,0.414,-0.48,-0.567,0.153,-0.387,0.012,-0.38,-0.3,-0.273,-0.555,-0.405,0.536,0.369,-0.135,0.172,0.776,-0.166,0.536,0.325,0.152,0.373,-0.319,-0.297,-0.58,0.622,-0.604,0.17,-0.384,0.061,-0.544,-0.2,0.259,0.242,0.409,-0.352,-0.384,-0.296,-0.527,-0.233,-0.712,-0.473,-0.649,0.488,-0.245,-0.382,0.194,0.463,-0.627,-0.469,-0.368,-0.373,-0.547,-0.269,-0.545,0.079,0.661,-0.28,0.75,-0.255,-0.29,0.02,-0.668,-0.226,0.281,-0.321,-0.578,-0.608,-0.519,-0.497,-0.415,0.66,0.693,-0.453,0.413,0.272,-0.622,-0.318,-0.448,-0.661,0.168,-0.532,-0.618,0.692,0.069,-0.699,-0.55,0.537,0.557,-0.024,-0.461,-0.144,0.358,-0.352,-0.079,0.333,-0.203,-0.31,0.392,-0.704,-0.722,-0.087,-0.508,0.682,0.247,0.633,-0.338,-0.511,-0.183,-0.682,0.654,0.617,0.396,-0.076,0.426,-0.477,0.392,0.172,-0.431,0.661,-0.413,-0.648,0.167,-0.33,-0.652,0.665,-0.515,-0.151,-0.121,-0.581,-0.206,-0.232,-0.438,-0.666,-0.406,-0.524
CASY,0.799,0.582,-0.095,-0.048,0.391,-0.214,-0.338,-0.396,-0.388,0.367,-0.208,0.323,-0.065,0.608,-0.05,0.308,-0.116,-0.67,-0.193,0.331,0.246,-0.358,0.114,0.277,0.506,-0.296,0.019,0.499,0.0,-0.442,0.644,0.517,0.319,0.286,0.06,-0.519,0.337,0.078,0.189,-0.415,-0.27,0.091,0.205,-0.753,-0.237,0.168,0.325,0.178,0.134,-0.007,-0.378,0.73,0.606,-0.145,-0.167,0.213,-0.101,-0.446,-0.185,-0.508,0.481,0.398,-0.433,-0.52,0.263,0.595,-0.529,0.058,0.193,-0.255,-0.316,-0.344,-0.15,-0.103,-0.226,-0.582,0.043,-0.241,-0.088,-0.253,0.28,-0.417,0.418,0.264,0.009,0.175,0.156,-0.336,-0.192,0.617,-0.361,-0.098,-0.175,-0.412,-0.284,0.242,-0.169,-0.135,0.665,-0.378,-0.401,0.177,-0.241,-0.546,-0.151,-0.369,-0.323,0.593,-0.37,-0.064,0.088,0.801,-0.406,-0.155,-0.173,-0.247,-0.025,0.018,-0.118,0.38,0.356,-0.29,0.064,-0.334,0.039,0.037,-0.321,-0.723,0.372,-0.153,-0.285,-0.12,-0.232,-0.484,0.015,0.612,0.58,-0.078,0.139,0.577,-0.166,-0.365,-0.428,-0.325,-0.351,0.123,-0.597,0.575,-0.348,-0.501,-0.111,0.264,0.614,0.344,0.046,-0.418,0.368,-0.24,0.294,-0.242,0.045,-0.523,-0.134,-0.271,-0.332,-0.257,-0.308,0.293,-0.203,0.078,0.323,-0.526,0.261,-0.505,0.614,0.922,0.501,-0.138,-0.291,-0.432,-0.235,0.313,0.221,0.388,-0.138,-0.212,-0.122,0.182,-0.03,0.278,-0.085,-0.351,0.126,-0.37,-0.513,-0.362,-0.009,-0.224,-0.008,-0.52
CCOI,-0.768,-0.09,0.108,0.579,-0.524,0.719,0.694,0.374,0.725,-0.583,-0.371,-0.42,0.466,-0.877,-0.673,-0.656,-0.343,0.745,0.665,-0.457,0.417,0.091,-0.01,-0.393,-0.927,0.805,0.466,-0.581,-0.442,0.0,-0.487,-0.777,0.116,-0.393,-0.083,0.673,-0.849,0.029,-0.45,0.808,0.793,0.473,0.105,0.498,0.671,-0.6,0.053,-0.402,-0.067,0.222,0.907,-0.37,-0.773,0.602,0.683,-0.428,0.585,0.789,0.719,0.816,-0.707,0.357,0.037,0.299,-0.436,-0.45,0.807,0.428,0.228,0.462,0.367,0.643,0.464,0.485,0.741,0.368,-0.773,-0.053,0.301,0.172,-0.715,0.386,-0.701,-0.52,0.078,-0.558,0.469,0.541,0.828,-0.757,0.506,0.065,0.859,0.429,0.854,0.43,-0.118,-0.174,-0.388,0.54,0.798,0.252,0.649,0.64,0.686,0.542,0.85,-0.602,0.705,0.622,-0.187,-0.69,0.739,0.648,0.466,0.324,0.517,0.4,0.52,0.143,-0.704,0.528,-0.537,0.673,0.304,0.26,0.773,0.66,-0.548,0.397,0.77,0.662,0.408,0.759,0.356,-0.776,-0.749,0.626,-0.44,-0.527,0.842,0.595,0.788,0.921,-0.339,0.547,0.817,-0.892,0.322,0.742,0.73,-0.5,-0.895,0.029,0.686,0.319,-0.761,0.73,0.486,0.158,0.531,0.737,-0.471,0.885,0.814,0.466,0.807,-0.871,0.365,-0.442,0.51,0.669,0.482,0.938,-0.614,-0.641,-0.399,0.381,-0.067,0.86,-0.01,-0.055,0.495,-0.471,0.524,0.634,0.108,0.404,0.604,-0.838,0.379,0.327,0.444,0.727,0.64,0.416,0.22,0.724,0.634,0.395
