,AAPL,ACRS,ADP,AFYA,AGNC,AGYS,ALT,AMGN,AMPH,AMZN,ANIP,AOSL,APDN,APLT,APVO,ARGX,ARLP,ATEX,ATRA,AUTL,AVDL,BCRX,BHAT,BLBD,BMRN,BNGO,BUSE,CAKE,CASY,CCOI,CEVA,CHY,CLDX,CLMT,COHU,COLM,COST,CPRT,CSWC,CSX,DBX,DCOM,DKNG,DMLP,DOX,EA,EDIT,ENPH,ENSG,ERNA,ESGR,ETNB,EXTR,FANG,FARO,FATE,FGEN,FIVE,FIVN,FLGT,FOLD,FORM,FOXA,FRPT,FSLR,FTAI,GBDC,GDYN,GGAL,GNLN,GRFS,GT,HCAT,HCM,HFWA,HOLX,HQY,HUBG,IAC,ICLR,IDCC,IEP,IHRT,ILMN,ILPT,IMAB,IMOS,INMD,INTZ,JAZZ,JKHY,JRVR,KIDS,LBRDK,LGND,LMAT,LPLA,LULU,MASI,MAT,MATW,MBIN,MBIO,MCRB,MDB,MDLZ,MELI,MIRM,MLKN,MNMD,MNRO,MPWR,MRCY,MRSN,MTVA,NAAS,NDAQ,NDSN,NEGG,NOVT,NVDA,NWE,NWSA,NXST,OCX,ODFL,OMAB,OPCH,OPRA,ORGO,OTRK,OZK,PAGP,PCH,PEGA,PENG,PENN,PFBC,PGNY,PHAT,PHUN,PINC,PLUG,PLXS,PYPL,QLYS,QNCX,QQQX,QVCGA,RAPT,RBBN,RCKT,REPL,RMBS,ROAD,ROKU,ROP,RUSHA,SANM,SATS,SBCF,SBLK,SBUX,SCHL,SCSC,SDGR,SEIC,SFIX,SGRY,SKYW,SLP,SNES,STAA,STLD,STOK,SWKS,TER,TFIN,TIGO,TILE,TPIC,TTEC,TTEK,TTGT,UXIN,VERU,VLYPP,VNOM,VRNS,VRSN,WDAY,WERN,WINA,WKHS,WRLD,XP,XTKG,YY,ZION,ZM
AAPL,0.0,-0.225,-0.008,0.746,-0.465,-0.416,-0.018,-0.292,0.332,-0.525,-0.115,-0.292,0.191,-0.033,0.587,-0.624,-0.531,0.482,-0.358,0.369,-0.315,0.59,-0.013,-0.538,-0.549,0.036,-0.274,0.025,-0.262,-0.037,0.219,0.583,0.133,-0.481,-0.483,0.043,0.465,-0.237,-0.653,0.436,0.36,-0.085,-0.24,-0.437,0.499,0.278,0.431,-0.187,0.33,-0.022,-0.128,0.446,0.236,-0.483,-0.064,0.221,0.183,0.662,0.03,0.23,0.367,-0.68,-0.479,-0.509,-0.627,-0.526,-0.657,0.725,-0.32,0.053,-0.533,-0.412,0.459,0.154,-0.206,-0.366,0.476,-0.239,-0.192,0.525,0.464,0.186,-0.132,0.184,-0.126,0.11,0.207,0.19,0.353,0.592,0.247,-0.469,-0.21,0.605,-0.187,0.497,0.59,0.712,-0.534,0.089,-0.072,-0.175,0.336,0.187,0.21,0.628,0.137,0.395,0.536,-0.282,-0.259,0.144,-0.052,0.37,0.252,0.102,-0.243,-0.593,0.651,0.269,-0.091,-0.525,0.032,-0.509,0.61,-0.471,-0.632,-0.123,0.13,0.147,-0.289,-0.441,-0.542,-0.339,0.248,-0.492,0.07,-0.521,0.049,-0.53,0.599,0.117,0.124,-0.615,-0.182,0.155,0.525,-0.543,0.132,0.155,-0.397,0.49,0.45,-0.054,-0.609,0.45,0.219,-0.413,-0.085,-0.002,-0.108,-0.038,0.583,0.023,-0.093,0.21,-0.47,-0.453,0.007,-0.62,0.181,0.346,-0.188,-0.385,-0.632,-0.177,-0.445,-0.085,-0.491,-0.222,0.009,0.489,-0.699,-0.219,0.082,-0.581,-0.413,-0.419,0.588,0.415,0.176,-0.188,0.177,0.351,-0.393,0.294,-0.44,-0.201,-0.514,0.461
ACRS,-0.225,0.0,-0.041,-0.177,0.391,0.015,0.479,0.181,0.381,-0.105,-0.27,0.819,0.5,0.164,0.035,0.289,0.139,0.425,0.529,-0.446,-0.081,0.26,0.141,-0.034,0.372,0.725,0.718,0.557,-0.244,0.722,0.607,-0.05,0.678,0.622,0.56,0.476,-0.133,-0.411,0.174,0.418,-0.204,0.262,-0.342,-0.256,0.279,0.443,0.447,0.913,0.248,-0.009,0.219,0.205,0.506,-0.303,0.388,0.712,-0.461,0.158,-0.279,0.519,0.65,0.536,-0.092,-0.113,0.576,-0.179,-0.018,0.044,-0.417,-0.307,0.593,-0.051,0.369,-0.555,0.798,0.426,-0.056,0.664,0.232,0.083,0.041,0.514,0.757,0.387,0.223,0.072,-0.37,0.585,-0.087,-0.503,0.699,0.385,0.727,0.03,0.29,-0.05,-0.133,0.036,-0.012,0.563,0.481,0.794,0.425,0.658,0.533,-0.022,-0.08,0.208,-0.161,-0.101,0.821,0.587,0.758,0.47,0.486,0.608,-0.101,0.118,-0.272,0.438,-0.17,0.249,0.493,0.141,-0.188,0.243,-0.057,0.385,0.132,0.693,-0.16,0.408,-0.038,0.629,0.085,-0.025,0.618,0.4,-0.149,-0.02,0.076,-0.062,0.69,0.57,-0.505,0.525,-0.204,0.192,0.674,0.443,-0.024,0.223,0.253,0.429,-0.057,0.061,0.001,-0.189,0.725,0.413,0.44,0.253,0.088,0.501,0.582,0.367,0.095,0.509,0.556,0.323,0.071,0.489,-0.031,-0.281,0.236,0.653,0.262,-0.142,-0.275,-0.239,0.847,0.371,0.503,0.157,-0.284,0.308,-0.371,-0.351,0.165,0.306,-0.547,0.7,0.266,0.552,0.098,0.121,0.293,-0.15,0.623,0.237
ADP,-0.008,-0.041,0.0,-0.226,0.575,0.492,-0.201,0.563,0.132,0.397,0.596,-0.166,0.009,0.596,-0.225,0.472,0.146,-0.191,0.079,0.488,0.68,0.233,-0.217,0.593,0.285,0.17,0.436,0.048,0.59,-0.233,-0.195,0.11,-0.226,-0.098,0.232,0.085,0.268,0.621,0.465,-0.021,0.432,0.752,0.562,0.275,-0.092,-0.245,-0.293,0.022,0.4,0.218,0.514,-0.421,0.198,0.366,0.605,-0.178,0.444,-0.384,0.618,-0.301,-0.069,0.179,0.474,0.627,0.17,0.436,0.336,0.05,0.473,0.331,0.133,0.692,-0.099,0.055,0.302,0.115,-0.119,0.377,0.697,0.137,0.187,-0.348,-0.156,0.513,0.751,0.386,0.702,0.077,-0.099,0.371,0.063,0.369,0.315,-0.06,-0.104,0.165,0.065,-0.272,0.372,0.074,0.559,0.246,0.106,-0.212,-0.134,0.077,0.233,-0.419,-0.297,0.175,0.269,-0.25,-0.24,-0.32,-0.248,0.01,0.647,0.554,-0.108,0.205,0.38,0.479,0.239,0.539,0.075,0.422,0.275,0.625,0.194,-0.411,0.484,0.651,0.259,0.47,0.495,0.643,-0.064,0.594,0.715,0.462,-0.048,0.618,0.014,-0.04,0.58,-0.122,-0.132,0.675,-0.062,0.22,0.631,0.128,-0.229,0.332,0.464,0.235,0.706,0.617,-0.028,0.052,0.649,0.186,0.223,0.207,0.457,0.333,0.705,0.533,0.188,0.487,-0.156,-0.34,-0.083,0.501,0.252,0.387,0.725,0.741,0.377,0.667,-0.034,-0.149,0.111,0.729,0.156,-0.024,0.514,0.449,-0.235,-0.095,0.599,0.38,0.354,-0.398,0.726,0.312,0.183,-0.213,0.499,-0.081
AFYA,0.746,-0.177,-0.226,0.0,-0.564,-0.726,0.225,-0.425,0.491,-0.766,-0.26,-0.1,0.411,-0.114,0.797,-0.58,-0.785,0.698,-0.494,0.188,-0.37,0.641,0.136,-0.824,-0.857,0.106,-0.284,-0.013,-0.515,0.125,0.446,0.781,0.408,-0.4,-0.625,0.171,0.58,-0.462,-0.87,0.712,0.276,-0.146,-0.419,-0.749,0.74,0.527,0.693,-0.133,0.328,-0.086,-0.357,0.759,0.328,-0.752,-0.183,0.396,0.134,0.774,-0.265,0.491,0.417,-0.742,-0.811,-0.691,-0.81,-0.79,-0.884,0.847,-0.542,-0.057,-0.701,-0.722,0.722,0.136,-0.188,-0.628,0.585,-0.253,-0.479,0.665,0.57,0.408,-0.042,0.153,-0.32,-0.062,0.032,0.368,0.722,0.502,0.291,-0.568,-0.43,0.755,-0.295,0.631,0.664,0.913,-0.759,0.16,-0.147,-0.073,0.514,0.353,0.423,0.807,0.368,0.706,0.745,-0.466,-0.316,0.431,0.145,0.67,0.569,0.156,-0.588,-0.816,0.92,0.436,-0.017,-0.783,0.115,-0.749,0.757,-0.432,-0.903,-0.286,0.159,0.29,-0.647,-0.638,-0.786,-0.374,0.227,-0.715,0.127,-0.694,-0.132,-0.761,0.731,-0.025,0.337,-0.587,-0.47,0.38,0.795,-0.733,0.372,0.15,-0.681,0.695,0.724,0.145,-0.885,0.442,0.06,-0.699,0.113,0.169,-0.152,0.229,0.599,0.134,-0.138,0.301,-0.735,-0.487,0.037,-0.776,0.231,0.631,-0.388,-0.678,-0.935,-0.233,-0.576,-0.362,-0.759,-0.423,0.103,0.694,-0.774,-0.401,0.179,-0.775,-0.651,-0.699,0.83,0.54,0.005,-0.097,0.083,0.562,-0.713,0.321,-0.602,-0.248,-0.717,0.63
AGNC,-0.465,0.391,0.575,-0.564,0.0,0.484,0.184,0.738,0.029,0.448,0.364,0.315,0.172,0.411,-0.525,0.717,0.276,-0.196,0.418,0.032,0.619,-0.024,-0.054,0.654,0.594,0.365,0.768,0.133,0.365,0.249,0.086,-0.115,0.07,0.363,0.586,0.311,-0.082,0.374,0.754,-0.068,0.05,0.661,0.373,0.253,-0.178,-0.068,-0.197,0.445,0.285,0.382,0.628,-0.383,0.271,0.353,0.521,0.034,0.143,-0.472,0.458,-0.015,0.015,0.63,0.575,0.693,0.678,0.448,0.578,-0.285,0.336,0.041,0.496,0.696,-0.153,-0.063,0.659,0.373,-0.314,0.644,0.696,-0.058,0.002,-0.303,0.272,0.462,0.713,0.455,0.304,0.168,-0.389,-0.239,0.125,0.446,0.635,-0.174,0.072,-0.201,-0.379,-0.51,0.504,0.372,0.681,0.537,-0.041,-0.099,0.012,-0.172,0.178,-0.379,-0.521,0.085,0.55,0.018,0.168,-0.195,-0.141,0.266,0.538,0.676,-0.409,0.259,0.306,0.712,0.475,0.775,-0.253,0.631,0.424,0.76,0.375,-0.067,0.407,0.793,0.385,0.786,0.299,0.64,0.317,0.766,0.571,0.575,-0.247,0.396,0.158,0.368,0.328,0.193,-0.305,0.825,0.193,0.08,0.653,0.004,-0.194,0.417,0.553,0.09,0.53,0.532,0.342,0.474,0.678,0.222,0.046,0.366,0.519,0.275,0.796,0.757,0.399,0.74,-0.175,-0.167,0.034,0.386,0.563,0.729,0.831,0.512,0.354,0.432,0.312,-0.137,0.507,0.766,0.106,0.343,0.389,0.376,-0.326,-0.231,0.215,0.672,0.227,-0.244,0.724,0.379,0.408,-0.154,0.784,-0.021
AGYS,-0.416,0.015,0.492,-0.726,0.484,0.0,-0.391,0.348,-0.338,0.786,0.476,-0.141,-0.491,0.308,-0.519,0.421,0.726,-0.707,0.394,0.209,0.543,-0.334,-0.473,0.89,0.565,-0.16,0.246,0.035,0.779,-0.431,-0.601,-0.65,-0.635,0.216,0.61,-0.279,-0.282,0.729,0.762,-0.583,0.049,0.403,0.58,0.838,-0.661,-0.666,-0.781,-0.024,-0.203,0.06,0.464,-0.839,-0.299,0.845,0.407,-0.47,0.105,-0.745,0.416,-0.723,-0.347,0.578,0.865,0.712,0.618,0.872,0.784,-0.478,0.74,0.251,0.544,0.879,-0.68,0.007,0.097,0.532,-0.355,0.179,0.682,-0.467,-0.523,-0.465,-0.193,-0.023,0.41,0.095,0.392,-0.367,-0.621,0.083,-0.163,0.692,0.378,-0.673,0.362,-0.313,-0.154,-0.758,0.773,-0.297,0.278,0.033,-0.299,-0.376,-0.543,-0.606,-0.46,-0.801,-0.746,0.598,0.231,-0.629,-0.38,-0.779,-0.703,-0.4,0.801,0.896,-0.707,-0.374,0.095,0.85,-0.354,0.612,-0.534,0.378,0.813,0.306,-0.321,-0.45,0.783,0.754,0.83,0.233,-0.139,0.813,-0.366,0.745,0.327,0.77,-0.554,0.315,-0.336,0.388,0.686,-0.591,-0.706,0.772,-0.488,0.097,0.837,-0.548,-0.758,-0.104,0.854,-0.359,0.141,0.899,-0.421,-0.387,0.335,-0.268,-0.402,-0.335,0.264,-0.078,0.763,0.577,-0.209,0.681,-0.209,-0.774,0.38,0.903,0.774,0.149,0.699,0.74,0.87,0.701,-0.23,-0.626,0.57,0.599,-0.18,0.571,0.843,0.848,-0.737,-0.451,0.256,-0.006,0.12,-0.682,0.843,-0.306,0.723,0.262,0.685,-0.761
ALT,-0.018,0.479,-0.201,0.225,0.184,-0.391,0.0,0.038,0.279,-0.324,-0.609,0.524,0.347,-0.339,0.332,-0.036,-0.416,0.512,-0.023,-0.533,-0.304,0.175,0.252,-0.429,-0.215,0.456,0.349,0.539,-0.704,0.793,0.713,0.256,0.703,0.324,0.29,0.703,0.117,-0.396,-0.078,0.537,-0.13,-0.043,-0.645,-0.568,0.644,0.815,0.626,0.472,0.204,-0.01,0.281,0.581,0.257,-0.539,-0.156,0.637,-0.311,0.508,-0.407,0.638,0.394,0.215,-0.41,-0.323,0.139,-0.553,-0.193,0.166,-0.646,-0.591,-0.096,-0.358,0.47,0.021,0.571,-0.072,0.394,0.415,-0.088,0.412,0.174,0.324,0.708,0.084,-0.115,-0.106,-0.43,0.673,0.19,-0.447,0.616,-0.33,0.287,0.449,0.044,0.171,0.036,0.442,-0.357,0.583,0.201,0.41,0.309,0.303,0.64,0.2,0.259,0.58,0.014,-0.67,0.132,0.728,0.804,0.66,0.493,0.353,-0.542,-0.282,0.189,0.388,-0.202,-0.125,0.435,-0.022,0.03,0.052,-0.437,0.087,0.447,0.725,-0.498,-0.152,-0.419,0.163,-0.116,-0.489,0.812,-0.186,-0.223,-0.513,0.047,-0.262,0.466,0.324,-0.605,0.774,0.143,-0.096,0.738,0.13,-0.348,0.413,0.587,0.296,-0.444,0.266,0.063,-0.549,0.758,0.755,0.023,0.147,0.362,0.218,0.257,0.225,-0.247,0.112,0.514,-0.083,-0.064,0.663,-0.222,-0.592,-0.154,0.568,-0.072,-0.393,-0.526,-0.673,0.499,0.599,0.031,-0.197,-0.255,-0.01,-0.567,-0.59,0.432,0.445,-0.476,0.486,0.345,0.653,-0.374,0.467,-0.036,0.017,0.07,0.528
AMGN,-0.292,0.181,0.563,-0.425,0.738,0.348,0.038,0.0,0.215,0.218,0.514,-0.077,0.094,0.517,-0.319,0.591,-0.026,-0.205,-0.063,0.314,0.505,0.157,0.12,0.537,0.609,0.386,0.536,0.093,0.427,0.095,-0.145,0.101,0.02,-0.184,0.366,0.518,0.189,0.475,0.512,-0.146,0.48,0.602,0.386,0.108,-0.125,-0.085,-0.15,0.166,0.587,0.248,0.657,-0.274,0.305,0.196,0.528,-0.091,0.55,-0.257,0.678,0.007,-0.011,0.264,0.402,0.67,0.322,0.27,0.427,-0.202,0.281,-0.047,0.16,0.586,-0.015,-0.017,0.517,0.122,-0.202,0.446,0.65,0.225,0.324,-0.296,-0.016,0.584,0.809,0.449,0.272,0.23,-0.424,0.018,-0.047,0.341,0.418,0.115,-0.471,0.141,-0.22,-0.355,0.483,0.213,0.755,0.253,0.093,-0.105,0.016,0.027,0.278,-0.371,-0.283,-0.107,0.371,0.002,-0.024,-0.244,-0.076,0.237,0.585,0.508,-0.26,0.31,0.46,0.494,0.501,0.643,-0.025,0.202,0.231,0.791,0.403,-0.245,0.513,0.662,0.044,0.711,0.555,0.584,0.259,0.525,0.77,0.502,0.017,0.623,0.126,-0.038,0.432,0.019,-0.05,0.635,0.167,0.246,0.648,0.164,-0.075,0.444,0.433,0.497,0.715,0.492,0.238,0.222,0.656,0.044,0.343,0.421,0.542,0.138,0.746,0.618,0.584,0.564,-0.503,-0.22,-0.447,0.35,0.473,0.466,0.723,0.443,0.261,0.441,0.108,0.041,0.093,0.728,0.442,-0.051,0.307,0.251,-0.338,-0.249,0.418,0.443,0.536,-0.215,0.633,0.432,0.166,-0.502,0.54,0.13
AMPH,0.332,0.381,0.132,0.491,0.029,-0.338,0.279,0.215,0.0,-0.522,0.126,0.275,0.673,0.496,0.647,-0.037,-0.573,0.735,-0.088,0.282,0.068,0.838,0.363,-0.37,-0.188,0.726,0.461,0.211,-0.143,0.348,0.472,0.711,0.656,-0.14,-0.119,0.633,0.681,-0.304,-0.468,0.698,0.613,0.404,-0.161,-0.668,0.658,0.447,0.702,0.439,0.769,-0.097,0.096,0.508,0.845,-0.67,0.564,0.618,0.3,0.549,-0.026,0.676,0.794,-0.283,-0.601,-0.228,-0.284,-0.55,-0.611,0.681,-0.437,-0.157,-0.168,-0.322,0.869,-0.399,0.486,-0.318,0.208,0.369,0.074,0.795,0.731,0.612,0.227,0.722,0.34,0.231,0.009,0.75,0.341,0.311,0.506,0.089,0.299,0.601,-0.375,0.742,0.37,0.562,-0.294,0.372,0.565,0.603,0.859,0.783,0.714,0.719,0.425,0.523,0.452,-0.391,0.412,0.635,0.359,0.601,0.739,0.541,-0.172,-0.332,0.527,0.835,0.349,-0.353,0.594,-0.268,0.52,-0.073,-0.66,0.498,0.279,0.41,-0.295,0.114,-0.634,0.457,0.696,-0.196,0.364,0.034,0.223,-0.238,0.749,0.355,0.836,-0.246,-0.401,0.352,0.609,-0.144,0.716,0.713,-0.187,0.815,0.694,0.656,-0.506,0.666,0.408,-0.324,0.513,0.25,0.576,0.349,0.703,0.657,0.532,0.661,-0.192,0.297,0.651,-0.162,0.08,0.573,-0.632,-0.471,-0.461,0.236,0.109,-0.008,-0.607,-0.13,0.595,0.777,-0.339,0.211,0.436,-0.598,-0.537,-0.568,0.631,0.398,0.011,0.485,0.569,0.595,-0.142,0.396,-0.287,-0.679,-0.002,0.647
AMZN,-0.525,-0.105,0.397,-0.766,0.448,0.786,-0.324,0.218,-0.522,0.0,0.4,-0.08,-0.514,0.142,-0.664,0.513,0.728,-0.758,0.415,0.065,0.509,-0.583,-0.254,0.83,0.535,-0.306,0.123,-0.131,0.652,-0.422,-0.527,-0.668,-0.616,0.342,0.464,-0.394,-0.318,0.715,0.81,-0.683,-0.127,0.241,0.623,0.832,-0.685,-0.646,-0.801,-0.136,-0.421,-0.094,0.299,-0.811,-0.436,0.885,0.162,-0.537,-0.037,-0.838,0.315,-0.661,-0.507,0.644,0.796,0.718,0.578,0.91,0.826,-0.61,0.798,0.29,0.49,0.765,-0.78,0.148,-0.072,0.473,-0.557,0.142,0.491,-0.598,-0.566,-0.428,-0.154,-0.221,0.228,0.117,0.301,-0.445,-0.545,-0.158,-0.375,0.453,0.24,-0.81,0.444,-0.423,-0.426,-0.791,0.713,-0.31,-0.048,-0.067,-0.587,-0.501,-0.451,-0.752,-0.227,-0.603,-0.644,0.659,0.069,-0.583,-0.411,-0.75,-0.744,-0.487,0.616,0.82,-0.663,-0.434,0.193,0.656,-0.28,0.697,-0.551,0.591,0.874,0.188,-0.061,-0.431,0.577,0.569,0.879,0.122,-0.229,0.758,-0.318,0.635,0.2,0.724,-0.74,-0.03,-0.46,0.5,0.674,-0.466,-0.721,0.775,-0.573,-0.119,0.696,-0.601,-0.756,-0.144,0.904,-0.471,-0.039,0.803,-0.327,-0.228,0.108,-0.129,-0.612,-0.385,0.057,-0.164,0.732,0.364,-0.311,0.751,-0.021,-0.729,0.548,0.804,0.713,0.136,0.569,0.59,0.837,0.611,-0.322,-0.818,0.664,0.384,-0.15,0.666,0.826,0.852,-0.671,-0.607,0.271,-0.038,-0.168,-0.762,0.711,-0.267,0.476,0.463,0.563,-0.724
ANIP,-0.115,-0.27,0.596,-0.26,0.364,0.476,-0.609,0.514,0.126,0.4,0.0,-0.366,-0.054,0.702,-0.296,0.427,0.159,-0.386,0.015,0.763,0.748,0.112,-0.014,0.604,0.358,-0.013,0.224,-0.514,0.823,-0.512,-0.525,0.104,-0.434,-0.309,-0.09,-0.174,0.331,0.617,0.305,-0.296,0.537,0.614,0.86,0.356,-0.434,-0.678,-0.465,-0.201,0.331,0.151,0.176,-0.513,0.132,0.439,0.58,-0.457,0.675,-0.517,0.721,-0.397,-0.168,-0.046,0.418,0.675,-0.017,0.565,0.269,-0.064,0.732,0.627,0.086,0.591,-0.196,0.02,-0.071,0.037,-0.506,0.137,0.464,0.036,0.275,-0.284,-0.519,0.451,0.684,0.469,0.692,-0.252,-0.292,0.489,-0.413,0.467,0.072,-0.22,-0.267,0.212,-0.148,-0.45,0.55,-0.271,0.406,0.02,-0.047,-0.194,-0.302,0.041,0.173,-0.512,-0.043,0.43,0.209,-0.43,-0.614,-0.535,-0.288,-0.081,0.751,0.531,-0.073,0.14,0.633,0.293,0.089,0.364,0.17,0.31,0.359,0.558,0.059,-0.631,0.585,0.548,0.295,0.382,0.608,0.754,-0.436,0.518,0.793,0.729,0.085,0.689,-0.113,-0.327,0.738,-0.486,0.039,0.519,-0.345,0.195,0.628,-0.001,-0.309,0.283,0.531,0.159,0.513,0.735,-0.367,-0.308,0.584,0.212,0.008,0.237,0.239,0.265,0.642,0.384,0.012,0.447,-0.005,-0.56,-0.123,0.619,0.212,-0.096,0.573,0.733,0.459,0.872,-0.231,-0.348,-0.032,0.673,0.616,-0.187,0.618,0.569,-0.299,-0.579,0.762,0.032,0.06,-0.608,0.686,0.072,0.024,-0.398,0.229,-0.209
AOSL,-0.292,0.819,-0.166,-0.1,0.315,-0.141,0.524,-0.077,0.275,-0.08,-0.366,0.0,0.505,0.038,-0.022,0.308,0.156,0.492,0.575,-0.612,-0.068,0.123,0.195,-0.152,0.17,0.589,0.638,0.365,-0.378,0.755,0.751,-0.027,0.709,0.788,0.447,0.309,-0.154,-0.531,0.113,0.453,-0.442,0.136,-0.333,-0.309,0.306,0.477,0.492,0.886,0.064,-0.009,0.028,0.286,0.476,-0.331,0.24,0.73,-0.62,0.09,-0.443,0.579,0.573,0.576,-0.207,-0.228,0.508,-0.194,-0.111,0.043,-0.449,-0.217,0.544,-0.179,0.357,-0.519,0.662,0.305,-0.148,0.64,0.033,-0.012,-0.02,0.529,0.827,0.223,0.035,-0.066,-0.382,0.507,0.104,-0.638,0.588,0.221,0.574,-0.064,0.442,-0.152,-0.213,0.071,-0.197,0.476,0.231,0.777,0.323,0.582,0.561,-0.05,0.078,0.343,-0.067,-0.089,0.674,0.678,0.792,0.558,0.561,0.621,-0.307,0.032,-0.137,0.434,-0.143,0.075,0.478,0.035,-0.17,0.467,-0.089,0.199,0.134,0.736,-0.435,0.226,-0.017,0.496,-0.01,-0.125,0.588,0.299,-0.353,-0.116,0.02,-0.302,0.666,0.646,-0.612,0.613,-0.119,0.096,0.647,0.2,-0.183,0.175,0.295,0.49,-0.124,-0.166,-0.17,-0.315,0.763,0.545,0.27,0.472,-0.081,0.459,0.375,0.395,-0.057,0.354,0.424,0.274,0.361,0.556,0.154,-0.424,0.066,0.649,0.157,-0.243,-0.351,-0.322,0.821,0.287,0.553,-0.031,-0.288,0.324,-0.425,-0.403,0.321,0.294,-0.58,0.708,-0.048,0.539,-0.072,0.102,0.138,0.046,0.458,0.254
APDN,0.191,0.5,0.009,0.411,0.172,-0.491,0.347,0.094,0.673,-0.514,-0.054,0.505,0.0,0.322,0.26,0.12,-0.426,0.707,0.196,-0.038,-0.022,0.649,0.204,-0.35,-0.162,0.565,0.458,0.145,-0.348,0.486,0.71,0.605,0.762,0.16,-0.209,0.377,0.352,-0.541,-0.341,0.763,0.156,0.247,-0.183,-0.621,0.585,0.525,0.698,0.561,0.512,0.243,-0.153,0.425,0.791,-0.642,0.391,0.602,-0.001,0.415,-0.098,0.694,0.698,-0.15,-0.509,-0.266,-0.111,-0.535,-0.543,0.48,-0.487,-0.036,0.012,-0.352,0.749,-0.386,0.436,-0.318,0.145,0.296,0.025,0.516,0.508,0.4,0.323,0.624,0.168,0.259,0.003,0.541,0.519,-0.031,0.419,-0.084,0.31,0.462,-0.182,0.252,0.164,0.457,-0.455,0.654,0.366,0.685,0.678,0.652,0.601,0.651,0.495,0.506,0.42,-0.356,0.447,0.647,0.449,0.69,0.725,0.729,-0.289,-0.407,0.463,0.706,0.219,-0.302,0.63,-0.254,0.508,0.222,-0.611,0.385,0.315,0.417,-0.456,0.005,-0.488,0.503,0.551,-0.205,0.48,0.015,0.066,-0.29,0.57,0.136,0.718,-0.129,-0.553,0.649,0.53,-0.092,0.703,0.205,-0.346,0.663,0.556,0.559,-0.493,0.358,0.247,-0.452,0.645,0.517,0.406,0.581,0.52,0.729,0.321,0.482,-0.237,0.218,0.45,-0.165,0.135,0.724,-0.39,-0.57,-0.461,0.381,0.066,-0.271,-0.681,-0.175,0.71,0.616,-0.107,0.191,0.219,-0.372,-0.571,-0.566,0.575,0.432,-0.084,0.595,0.149,0.54,-0.183,0.41,-0.234,-0.493,0.033,0.692
APLT,-0.033,0.164,0.596,-0.114,0.411,0.308,-0.339,0.517,0.496,0.142,0.702,0.038,0.322,0.0,-0.042,0.485,0.044,0.069,0.162,0.56,0.632,0.468,0.024,0.39,0.321,0.345,0.521,-0.099,0.591,-0.177,-0.052,0.265,0.04,-0.097,0.06,0.125,0.39,0.318,0.16,0.112,0.572,0.736,0.594,0.069,-0.044,-0.259,-0.039,0.207,0.524,0.0,0.271,-0.252,0.56,0.091,0.832,0.057,0.504,-0.268,0.532,0.011,0.272,0.029,0.169,0.415,0.031,0.259,0.018,0.208,0.297,0.288,0.226,0.444,0.214,-0.26,0.333,-0.064,-0.312,0.324,0.59,0.254,0.402,0.092,-0.137,0.695,0.754,0.472,0.517,0.22,-0.065,0.384,-0.001,0.557,0.327,-0.01,-0.274,0.323,0.047,-0.167,0.238,-0.012,0.608,0.436,0.417,0.283,0.077,0.236,0.263,-0.259,0.055,0.223,0.488,-0.002,-0.22,-0.148,0.147,0.247,0.505,0.352,0.029,0.482,0.605,0.185,0.355,0.256,0.262,0.326,0.065,0.65,0.079,-0.27,0.296,0.657,0.047,0.65,0.727,0.597,-0.124,0.613,0.588,0.48,0.359,0.587,0.393,-0.146,0.333,-0.125,0.111,0.441,0.132,0.485,0.529,0.32,-0.059,0.585,0.274,0.318,0.523,0.456,0.036,-0.089,0.771,0.33,0.265,0.533,0.507,0.45,0.472,0.592,0.337,0.416,-0.041,-0.142,-0.331,0.293,0.09,0.243,0.637,0.569,0.147,0.623,0.23,0.049,0.044,0.725,0.508,-0.256,0.276,0.185,-0.031,-0.126,0.524,0.421,0.301,-0.182,0.562,0.249,0.066,-0.5,0.425,0.051
APVO,0.587,0.035,-0.225,0.797,-0.525,-0.519,0.332,-0.319,0.647,-0.664,-0.296,-0.022,0.26,-0.042,0.0,-0.57,-0.702,0.677,-0.436,0.146,-0.355,0.601,0.243,-0.734,-0.67,0.316,-0.11,0.246,-0.431,0.195,0.359,0.607,0.459,-0.287,-0.296,0.405,0.585,-0.364,-0.77,0.633,0.394,-0.057,-0.516,-0.691,0.713,0.537,0.672,0.023,0.375,-0.333,-0.132,0.731,0.351,-0.717,-0.039,0.493,0.097,0.789,-0.397,0.528,0.537,-0.534,-0.783,-0.618,-0.609,-0.733,-0.76,0.735,-0.574,-0.301,-0.55,-0.657,0.735,-0.056,0.046,-0.442,0.563,-0.073,-0.353,0.698,0.508,0.634,0.09,0.168,-0.242,-0.151,-0.195,0.579,0.488,0.41,0.471,-0.292,-0.19,0.672,-0.255,0.747,0.624,0.812,-0.529,0.065,0.036,0.063,0.641,0.552,0.557,0.636,0.145,0.673,0.549,-0.462,-0.133,0.501,0.266,0.617,0.582,0.098,-0.555,-0.646,0.672,0.441,-0.037,-0.625,0.071,-0.643,0.492,-0.501,-0.789,-0.145,0.046,0.461,-0.496,-0.424,-0.738,-0.251,0.152,-0.657,0.178,-0.519,-0.183,-0.651,0.643,-0.017,0.484,-0.333,-0.49,0.259,0.59,-0.611,0.472,0.552,-0.534,0.665,0.71,0.182,-0.773,0.49,0.016,-0.6,0.186,0.038,-0.012,0.016,0.553,0.102,0.12,0.366,-0.644,-0.241,0.238,-0.603,0.094,0.549,-0.481,-0.59,-0.707,-0.171,-0.432,-0.296,-0.653,-0.495,0.183,0.749,-0.612,-0.353,0.105,-0.636,-0.64,-0.684,0.727,0.535,-0.217,-0.022,0.406,0.653,-0.615,0.2,-0.359,-0.246,-0.482,0.486
ARGX,-0.624,0.289,0.472,-0.58,0.717,0.421,-0.036,0.591,-0.037,0.513,0.427,0.308,0.12,0.485,-0.57,0.0,0.339,-0.257,0.383,0.027,0.651,-0.104,0.021,0.606,0.562,0.201,0.561,-0.102,0.449,0.05,-0.015,-0.138,0.014,0.32,0.393,0.125,-0.094,0.388,0.63,-0.153,0.043,0.558,0.509,0.292,-0.297,-0.233,-0.254,0.303,0.101,0.125,0.36,-0.436,0.196,0.372,0.526,-0.08,0.141,-0.673,0.367,-0.1,-0.099,0.606,0.468,0.684,0.506,0.501,0.497,-0.386,0.388,0.119,0.486,0.604,-0.188,-0.234,0.432,0.164,-0.533,0.434,0.552,-0.175,-0.042,-0.165,0.17,0.41,0.599,0.325,0.228,0.062,-0.245,-0.259,-0.134,0.504,0.392,-0.369,-0.02,-0.189,-0.425,-0.542,0.461,0.035,0.42,0.421,-0.033,-0.072,-0.024,-0.261,0.287,-0.364,-0.33,0.242,0.472,-0.024,0.029,-0.281,-0.075,0.199,0.471,0.636,-0.373,0.163,0.413,0.489,0.349,0.63,-0.213,0.667,0.459,0.525,0.178,-0.224,0.299,0.707,0.375,0.686,0.295,0.722,0.055,0.724,0.388,0.62,-0.268,0.269,0.147,0.376,0.351,0.032,-0.295,0.74,0.08,0.069,0.597,-0.047,-0.281,0.51,0.601,-0.048,0.269,0.525,0.23,0.212,0.555,0.353,-0.142,0.372,0.366,0.178,0.685,0.664,0.283,0.728,-0.153,-0.261,-0.012,0.379,0.486,0.479,0.765,0.426,0.371,0.537,0.214,-0.296,0.526,0.615,0.184,0.271,0.443,0.356,-0.393,-0.394,0.265,0.504,0.084,-0.329,0.624,0.154,0.251,-0.139,0.677,-0.16
ARLP,-0.531,0.139,0.146,-0.785,0.276,0.726,-0.416,-0.026,-0.573,0.728,0.159,0.156,-0.426,0.044,-0.702,0.339,0.0,-0.608,0.643,-0.219,0.257,-0.573,-0.368,0.697,0.613,-0.259,0.108,-0.018,0.496,-0.271,-0.41,-0.854,-0.508,0.537,0.511,-0.546,-0.69,0.309,0.693,-0.613,-0.506,0.048,0.377,0.812,-0.741,-0.607,-0.696,0.118,-0.548,0.053,0.072,-0.765,-0.389,0.771,0.14,-0.346,-0.397,-0.759,0.082,-0.637,-0.349,0.636,0.759,0.424,0.715,0.794,0.713,-0.633,0.529,0.246,0.768,0.607,-0.753,-0.155,-0.027,0.674,-0.532,0.095,0.328,-0.818,-0.75,-0.334,0.023,-0.313,0.092,-0.05,0.068,-0.554,-0.522,-0.338,-0.195,0.592,0.321,-0.89,0.645,-0.717,-0.431,-0.785,0.549,-0.262,-0.108,0.04,-0.496,-0.292,-0.547,-0.801,-0.592,-0.673,-0.681,0.712,0.283,-0.553,-0.198,-0.626,-0.577,-0.221,0.508,0.699,-0.824,-0.561,-0.245,0.693,-0.368,0.473,-0.708,0.434,0.863,-0.022,-0.453,-0.266,0.514,0.503,0.905,0.102,-0.401,0.578,-0.348,0.611,-0.141,0.622,-0.675,-0.141,-0.366,0.61,0.368,-0.472,-0.84,0.521,-0.502,-0.216,0.495,-0.784,-0.799,-0.316,0.771,-0.722,-0.279,0.612,-0.315,-0.359,-0.008,-0.197,-0.737,-0.317,-0.031,-0.272,0.504,0.294,-0.378,0.585,0.1,-0.597,0.726,0.652,0.746,0.074,0.355,0.355,0.745,0.424,-0.066,-0.761,0.792,0.219,-0.449,0.843,0.624,0.704,-0.69,-0.414,-0.105,-0.059,-0.383,-0.542,0.599,-0.559,0.65,0.457,0.6,-0.782
ATEX,0.482,0.425,-0.191,0.698,-0.196,-0.707,0.512,-0.205,0.735,-0.758,-0.386,0.492,0.707,0.069,0.677,-0.257,-0.608,0.0,-0.078,-0.128,-0.312,0.731,0.359,-0.763,-0.446,0.612,0.298,0.245,-0.617,0.641,0.833,0.725,0.849,0.041,-0.214,0.53,0.443,-0.729,-0.663,0.869,0.116,0.066,-0.556,-0.884,0.842,0.764,0.955,0.501,0.495,-0.064,-0.102,0.82,0.714,-0.908,0.139,0.855,-0.143,0.77,-0.363,0.866,0.827,-0.312,-0.81,-0.656,-0.337,-0.837,-0.826,0.723,-0.816,-0.31,-0.224,-0.674,0.932,-0.362,0.417,-0.344,0.37,0.263,-0.271,0.681,0.613,0.702,0.499,0.459,-0.05,0.002,-0.272,0.74,0.532,0.035,0.652,-0.283,0.145,0.706,-0.164,0.515,0.384,0.811,-0.713,0.469,0.22,0.521,0.753,0.77,0.807,0.713,0.399,0.774,0.58,-0.591,0.282,0.844,0.659,0.902,0.914,0.682,-0.612,-0.676,0.646,0.737,-0.077,-0.592,0.566,-0.514,0.505,-0.164,-0.844,0.077,0.252,0.707,-0.743,-0.285,-0.776,0.176,0.364,-0.634,0.553,-0.316,-0.21,-0.646,0.73,-0.038,0.806,-0.163,-0.758,0.696,0.632,-0.52,0.821,0.374,-0.606,0.78,0.863,0.494,-0.822,0.464,0.133,-0.764,0.65,0.49,0.198,0.373,0.621,0.596,0.2,0.56,-0.588,-0.096,0.543,-0.449,0.334,0.884,-0.372,-0.86,-0.668,0.271,-0.306,-0.395,-0.888,-0.576,0.689,0.872,-0.368,-0.23,0.082,-0.51,-0.87,-0.882,0.866,0.65,-0.334,0.447,0.259,0.884,-0.565,0.411,-0.428,-0.407,-0.228,0.819
ATRA,-0.358,0.529,0.079,-0.494,0.418,0.394,-0.023,-0.063,-0.088,0.415,0.015,0.575,0.196,0.162,-0.436,0.383,0.643,-0.078,0.0,-0.343,0.281,-0.159,-0.127,0.413,0.443,0.204,0.471,0.125,0.154,0.142,0.174,-0.462,0.081,0.784,0.408,-0.228,-0.482,-0.1,0.461,-0.037,-0.425,0.144,0.155,0.357,-0.28,-0.163,-0.161,0.563,-0.245,0.133,-0.026,-0.44,0.134,0.306,0.339,0.118,-0.488,-0.445,-0.166,-0.077,0.21,0.587,0.374,0.223,0.711,0.398,0.335,-0.337,0.142,0.115,0.795,0.309,-0.207,-0.433,0.317,0.466,-0.428,0.356,0.303,-0.476,-0.481,0.031,0.392,0.073,0.119,0.133,0.013,-0.125,-0.191,-0.423,0.193,0.493,0.62,-0.587,0.684,-0.523,-0.402,-0.446,0.306,0.216,0.099,0.569,-0.035,0.215,0.007,-0.338,-0.254,-0.212,-0.392,0.39,0.576,-0.055,0.214,-0.082,-0.09,0.218,0.211,0.403,-0.498,-0.06,-0.149,0.453,0.061,0.337,-0.448,0.61,0.436,0.217,-0.216,0.18,0.128,0.48,0.584,0.438,-0.143,0.358,0.032,0.614,-0.183,0.404,-0.38,-0.192,0.181,0.635,-0.124,0.041,-0.529,0.453,0.05,-0.041,0.216,-0.305,-0.339,0.042,0.405,-0.531,-0.179,0.255,0.175,0.087,0.238,0.14,-0.42,0.136,0.154,0.189,0.268,0.465,-0.077,0.442,0.339,-0.061,0.578,0.217,0.405,0.372,0.363,0.136,0.234,0.171,0.459,-0.318,0.784,0.302,-0.37,0.665,0.189,0.286,-0.232,-0.096,-0.27,0.387,-0.259,-0.111,0.403,-0.267,0.499,0.216,0.627,-0.318
AUTL,0.369,-0.446,0.488,0.188,0.032,0.209,-0.533,0.314,0.282,0.065,0.763,-0.612,-0.038,0.56,0.146,0.027,-0.219,-0.128,-0.343,0.0,0.498,0.379,-0.05,0.224,-0.062,-0.028,-0.037,-0.433,0.633,-0.57,-0.455,0.405,-0.375,-0.634,-0.345,-0.074,0.548,0.518,-0.123,-0.078,0.756,0.48,0.596,0.1,-0.142,-0.473,-0.212,-0.386,0.4,0.006,0.145,-0.189,0.154,0.154,0.434,-0.361,0.795,-0.101,0.63,-0.263,-0.034,-0.453,0.093,0.353,-0.422,0.202,-0.091,0.328,0.489,0.47,-0.334,0.303,0.056,0.102,-0.209,-0.249,-0.112,-0.132,0.266,0.334,0.473,-0.137,-0.635,0.442,0.479,0.426,0.634,-0.099,-0.047,0.835,-0.304,0.153,-0.185,0.171,-0.454,0.521,0.242,0.001,0.254,-0.333,0.3,-0.174,0.161,-0.086,-0.181,0.354,0.219,-0.23,0.202,0.211,-0.075,-0.36,-0.633,-0.341,-0.169,-0.169,0.501,0.128,0.312,0.193,0.506,-0.037,-0.012,0.025,0.458,-0.12,-0.038,0.36,0.062,-0.535,0.378,0.228,-0.076,0.073,0.603,0.386,-0.453,0.137,0.714,0.338,0.381,0.707,-0.055,-0.644,0.612,-0.441,0.325,0.156,-0.28,0.325,0.372,0.288,-0.034,0.145,0.122,0.463,0.514,0.442,-0.47,-0.351,0.434,0.007,0.339,0.107,0.151,0.26,0.279,0.092,-0.026,-0.005,-0.073,-0.383,-0.328,0.38,-0.165,-0.302,0.239,0.618,0.21,0.624,-0.297,-0.035,-0.494,0.467,0.648,-0.531,0.356,0.291,-0.008,-0.354,0.762,-0.197,0.273,-0.374,0.335,0.191,-0.172,-0.491,-0.115,-0.001
AVDL,-0.315,-0.081,0.68,-0.37,0.619,0.543,-0.304,0.505,0.068,0.509,0.748,-0.068,-0.022,0.632,-0.355,0.651,0.257,-0.312,0.281,0.498,0.0,0.044,-0.067,0.664,0.308,0.111,0.459,-0.311,0.725,-0.324,-0.293,0.007,-0.286,0.076,0.164,-0.054,0.148,0.604,0.486,-0.145,0.31,0.73,0.718,0.374,-0.351,-0.478,-0.395,0.04,0.176,0.146,0.347,-0.533,0.136,0.486,0.629,-0.294,0.483,-0.654,0.472,-0.328,-0.133,0.258,0.495,0.782,0.268,0.591,0.394,-0.157,0.636,0.356,0.245,0.701,-0.193,-0.087,0.207,0.037,-0.459,0.33,0.549,-0.073,0.068,-0.281,-0.16,0.424,0.701,0.443,0.609,-0.114,-0.193,0.271,-0.189,0.547,0.215,-0.301,-0.039,0.069,-0.235,-0.506,0.549,-0.207,0.452,0.274,0.029,-0.147,-0.168,-0.016,0.246,-0.445,-0.294,0.337,0.3,-0.322,-0.311,-0.449,-0.238,-0.058,0.636,0.661,-0.164,0.135,0.478,0.441,0.171,0.524,-0.022,0.554,0.424,0.538,0.052,-0.477,0.444,0.726,0.398,0.527,0.41,0.767,-0.315,0.725,0.63,0.725,-0.135,0.53,0.057,0.05,0.603,-0.316,-0.14,0.7,-0.124,0.146,0.695,0.032,-0.286,0.38,0.588,0.008,0.432,0.724,-0.153,0.001,0.68,0.24,-0.044,0.241,0.266,0.416,0.701,0.614,0.048,0.588,0.003,-0.494,0.017,0.577,0.3,0.186,0.761,0.782,0.483,0.744,-0.027,-0.327,0.243,0.736,0.376,0.058,0.629,0.558,-0.332,-0.457,0.537,0.3,0.123,-0.541,0.711,0.103,0.183,-0.227,0.48,-0.279
BCRX,0.59,0.26,0.233,0.641,-0.024,-0.334,0.175,0.157,0.838,-0.583,0.112,0.123,0.649,0.468,0.601,-0.104,-0.573,0.731,-0.159,0.379,0.044,0.0,0.166,-0.397,-0.321,0.585,0.332,0.14,-0.137,0.231,0.477,0.792,0.525,-0.268,-0.265,0.477,0.684,-0.273,-0.512,0.746,0.589,0.448,-0.097,-0.648,0.711,0.441,0.683,0.298,0.736,-0.007,0.122,0.476,0.764,-0.645,0.487,0.583,0.328,0.566,0.145,0.541,0.757,-0.425,-0.507,-0.273,-0.404,-0.553,-0.68,0.82,-0.389,-0.031,-0.266,-0.266,0.829,-0.225,0.357,-0.391,0.377,0.231,0.141,0.784,0.727,0.439,0.153,0.752,0.327,0.276,0.225,0.635,0.402,0.516,0.51,-0.076,0.197,0.683,-0.34,0.716,0.597,0.678,-0.459,0.394,0.483,0.47,0.816,0.612,0.572,0.816,0.42,0.448,0.517,-0.367,0.29,0.484,0.265,0.581,0.635,0.477,-0.096,-0.393,0.645,0.774,0.175,-0.364,0.533,-0.303,0.678,-0.123,-0.72,0.371,0.268,0.3,-0.301,0.055,-0.631,0.309,0.702,-0.211,0.318,-0.066,0.295,-0.339,0.781,0.421,0.696,-0.432,-0.279,0.379,0.626,-0.224,0.612,0.546,-0.217,0.855,0.643,0.571,-0.556,0.677,0.503,-0.321,0.354,0.254,0.507,0.297,0.816,0.567,0.413,0.654,-0.214,0.155,0.495,-0.283,0.131,0.572,-0.511,-0.447,-0.554,0.203,0.029,0.067,-0.611,-0.029,0.516,0.747,-0.479,0.212,0.324,-0.669,-0.474,-0.539,0.674,0.508,0.169,0.434,0.497,0.535,-0.135,0.515,-0.32,-0.636,-0.076,0.663
BHAT,-0.013,0.141,-0.217,0.136,-0.054,-0.473,0.252,0.12,0.363,-0.254,-0.014,0.195,0.204,0.024,0.243,0.021,-0.368,0.359,-0.127,-0.05,-0.067,0.166,0.0,-0.368,0.059,0.365,0.175,-0.178,-0.279,0.397,0.272,0.369,0.448,-0.065,-0.194,0.46,0.282,-0.315,-0.244,0.193,0.135,0.007,-0.145,-0.519,0.267,0.262,0.44,0.156,0.28,-0.268,-0.013,0.451,0.257,-0.459,-0.078,0.35,0.062,0.314,-0.11,0.552,0.325,-0.131,-0.447,-0.101,-0.155,-0.352,-0.299,0.056,-0.292,-0.214,-0.112,-0.395,0.413,-0.13,0.199,-0.118,-0.224,0.278,-0.274,0.322,0.492,0.462,0.308,0.201,0.071,0.157,-0.328,0.369,-0.063,-0.24,0.027,-0.139,0.058,0.265,-0.313,0.326,-0.282,0.233,-0.167,0.127,0.072,0.167,0.148,0.37,0.575,0.185,0.351,0.458,0.4,-0.338,0.167,0.497,0.29,0.383,0.481,0.325,-0.329,-0.253,0.193,0.45,0.151,-0.446,0.525,-0.038,0.205,-0.071,-0.278,0.158,0.407,0.35,-0.298,-0.143,-0.451,0.183,0.272,-0.252,0.317,-0.162,0.016,-0.114,0.273,-0.079,0.356,-0.074,-0.262,0.278,0.298,-0.25,0.408,0.234,-0.246,0.364,0.527,0.318,-0.264,0.339,0.029,-0.343,0.419,0.289,0.084,0.185,0.173,0.47,0.051,0.287,-0.161,-0.12,0.506,0.03,0.211,0.382,-0.266,-0.454,-0.198,0.035,-0.2,-0.253,-0.432,-0.299,0.275,0.322,-0.165,-0.252,0.398,-0.269,-0.426,-0.434,0.367,-0.083,-0.161,0.247,0.083,0.411,-0.277,0.257,-0.502,-0.382,-0.167,0.463
BLBD,-0.538,-0.034,0.593,-0.824,0.654,0.89,-0.429,0.537,-0.37,0.83,0.604,-0.152,-0.35,0.39,-0.734,0.606,0.697,-0.763,0.413,0.224,0.664,-0.397,-0.368,0.0,0.706,-0.156,0.29,-0.069,0.815,-0.429,-0.585,-0.585,-0.603,0.185,0.506,-0.269,-0.316,0.77,0.877,-0.634,0.052,0.441,0.719,0.843,-0.721,-0.673,-0.816,-0.043,-0.122,0.214,0.419,-0.902,-0.221,0.883,0.435,-0.568,0.208,-0.863,0.566,-0.683,-0.455,0.569,0.923,0.87,0.624,0.921,0.867,-0.595,0.814,0.344,0.551,0.946,-0.703,0.034,0.099,0.478,-0.505,0.198,0.715,-0.497,-0.44,-0.599,-0.26,0.072,0.549,0.268,0.457,-0.424,-0.583,-0.021,-0.345,0.636,0.371,-0.673,0.199,-0.425,-0.379,-0.878,0.822,-0.187,0.31,0.046,-0.4,-0.473,-0.575,-0.57,-0.231,-0.845,-0.707,0.601,0.249,-0.636,-0.444,-0.798,-0.709,-0.285,0.868,0.92,-0.714,-0.324,0.277,0.855,-0.16,0.775,-0.494,0.532,0.859,0.454,-0.13,-0.588,0.819,0.783,0.832,0.404,0.04,0.929,-0.322,0.798,0.483,0.877,-0.58,0.353,-0.382,0.324,0.755,-0.515,-0.646,0.897,-0.495,-0.071,0.878,-0.537,-0.799,-0.042,0.953,-0.297,0.269,0.944,-0.327,-0.251,0.38,-0.144,-0.402,-0.147,0.24,-0.136,0.9,0.615,-0.159,0.773,-0.265,-0.78,0.295,0.913,0.8,0.211,0.794,0.699,0.877,0.79,-0.243,-0.712,0.592,0.724,-0.001,0.55,0.886,0.897,-0.807,-0.557,0.404,0.089,0.016,-0.791,0.928,-0.195,0.614,0.14,0.702,-0.656
BMRN,-0.549,0.372,0.285,-0.857,0.594,0.565,-0.215,0.609,-0.188,0.535,0.358,0.17,-0.162,0.321,-0.67,0.562,0.613,-0.446,0.443,-0.062,0.308,-0.321,0.059,0.706,0.0,0.207,0.462,0.062,0.48,0.06,-0.284,-0.52,-0.161,0.261,0.58,0.053,-0.399,0.304,0.741,-0.53,-0.073,0.283,0.386,0.502,-0.572,-0.4,-0.444,0.325,0.054,0.117,0.378,-0.555,0.001,0.495,0.376,-0.161,-0.02,-0.545,0.424,-0.229,-0.109,0.608,0.643,0.602,0.73,0.597,0.691,-0.622,0.386,0.083,0.704,0.616,-0.429,-0.252,0.377,0.658,-0.6,0.435,0.526,-0.407,-0.214,-0.221,0.104,0.18,0.543,0.243,-0.016,-0.141,-0.721,-0.426,-0.135,0.594,0.605,-0.504,0.088,-0.41,-0.622,-0.744,0.677,0.055,0.409,0.233,-0.296,-0.105,-0.215,-0.56,-0.265,-0.6,-0.542,0.363,0.57,-0.211,-0.04,-0.454,-0.313,0.169,0.626,0.7,-0.801,-0.112,0.11,0.694,0.183,0.701,-0.539,0.332,0.706,0.532,0.012,-0.16,0.635,0.682,0.54,0.598,0.111,0.657,0.08,0.687,0.315,0.714,-0.376,0.211,-0.09,0.409,0.366,-0.216,-0.59,0.644,-0.144,0.07,0.634,-0.431,-0.491,0.055,0.735,-0.111,0.17,0.586,0.074,-0.103,0.373,-0.109,-0.326,0.209,0.355,-0.117,0.73,0.518,0.28,0.752,-0.213,-0.413,0.155,0.517,0.853,0.345,0.566,0.329,0.537,0.405,0.14,-0.42,0.619,0.484,0.031,0.56,0.432,0.48,-0.633,-0.442,0.043,0.276,0.079,-0.33,0.72,-0.122,0.453,-0.097,0.743,-0.313
BNGO,0.036,0.725,0.17,0.106,0.365,-0.16,0.456,0.386,0.726,-0.306,-0.013,0.589,0.565,0.345,0.316,0.201,-0.259,0.612,0.204,-0.028,0.111,0.585,0.365,-0.156,0.207,0.0,0.75,0.41,-0.182,0.662,0.584,0.402,0.733,0.249,0.328,0.716,0.318,-0.296,-0.049,0.586,0.218,0.472,-0.245,-0.525,0.482,0.497,0.62,0.788,0.668,-0.017,0.307,0.412,0.746,-0.505,0.519,0.718,-0.034,0.355,-0.057,0.693,0.768,0.204,-0.314,-0.088,0.239,-0.367,-0.262,0.345,-0.429,-0.202,0.224,-0.118,0.663,-0.511,0.806,0.17,0.031,0.747,0.22,0.494,0.521,0.577,0.575,0.703,0.455,0.202,-0.155,0.787,0.048,-0.13,0.688,0.232,0.621,0.4,-0.08,0.402,0.032,0.271,-0.063,0.524,0.694,0.771,0.645,0.707,0.729,0.377,0.245,0.357,0.085,-0.312,0.743,0.69,0.677,0.576,0.649,0.68,-0.062,-0.008,0.092,0.74,0.086,0.027,0.725,0.083,0.158,0.127,-0.332,0.615,0.343,0.632,-0.2,0.372,-0.373,0.676,0.504,-0.082,0.61,0.291,0.215,-0.076,0.4,0.261,0.83,0.181,-0.407,0.528,0.199,0.114,0.787,0.645,-0.042,0.605,0.564,0.644,-0.233,0.499,0.373,-0.22,0.737,0.454,0.66,0.353,0.466,0.689,0.658,0.65,0.085,0.474,0.778,0.181,0.115,0.536,-0.356,-0.384,-0.042,0.564,0.268,0.011,-0.444,-0.184,0.778,0.617,0.086,0.25,0.168,-0.128,-0.481,-0.467,0.417,0.305,-0.246,0.742,0.516,0.615,0.054,0.379,-0.005,-0.523,0.414,0.533
BUSE,-0.274,0.718,0.436,-0.284,0.768,0.246,0.349,0.536,0.461,0.123,0.224,0.638,0.458,0.521,-0.11,0.561,0.108,0.298,0.471,-0.037,0.459,0.332,0.175,0.29,0.462,0.75,0.0,0.28,0.146,0.547,0.423,0.136,0.482,0.473,0.58,0.538,0.16,-0.019,0.414,0.327,0.118,0.73,0.11,-0.138,0.175,0.192,0.248,0.775,0.492,0.152,0.562,-0.002,0.605,-0.08,0.671,0.53,-0.002,-0.1,0.175,0.388,0.534,0.548,0.14,0.325,0.568,0.096,0.153,0.041,-0.061,-0.094,0.52,0.345,0.313,-0.41,0.904,0.324,-0.23,0.875,0.558,0.233,0.269,0.249,0.564,0.672,0.696,0.348,0.083,0.566,-0.23,-0.235,0.524,0.497,0.821,0.031,0.093,0.119,-0.181,-0.149,0.225,0.474,0.816,0.869,0.405,0.434,0.453,0.07,0.193,-0.016,-0.246,-0.109,0.832,0.451,0.505,0.213,0.349,0.587,0.267,0.418,-0.206,0.627,0.231,0.422,0.651,0.47,-0.07,0.542,0.08,0.783,0.297,0.368,0.089,0.736,0.066,0.878,0.44,0.365,0.505,0.713,0.369,0.327,0.113,0.353,0.646,0.402,-0.076,0.395,-0.101,0.553,0.595,0.467,0.397,0.327,0.196,0.684,0.199,0.232,0.452,0.213,0.624,0.514,0.847,0.396,0.222,0.656,0.702,0.62,0.5,0.75,0.701,0.601,0.065,0.227,-0.114,0.01,0.315,0.787,0.681,0.384,-0.042,0.165,0.692,0.268,0.431,0.592,0.093,0.161,-0.034,-0.047,0.078,0.05,-0.074,0.885,0.401,0.228,0.488,0.388,0.251,-0.334,0.755,0.251
CAKE,0.025,0.557,0.048,-0.013,0.133,0.035,0.539,0.093,0.211,-0.131,-0.514,0.365,0.145,-0.099,0.246,-0.102,-0.018,0.245,0.125,-0.433,-0.311,0.14,-0.178,-0.069,0.062,0.41,0.28,0.0,-0.352,0.435,0.396,-0.148,0.404,0.32,0.536,0.44,-0.134,-0.112,0.109,0.299,-0.055,0.054,-0.541,-0.106,0.405,0.576,0.286,0.469,0.168,-0.082,0.351,0.175,0.232,-0.191,0.123,0.448,-0.355,0.328,-0.275,0.26,0.286,0.29,-0.062,-0.251,0.309,-0.264,0.055,0.144,-0.449,-0.528,0.155,-0.009,0.192,-0.067,0.554,0.236,0.442,0.281,0.238,0.117,-0.145,0.188,0.517,0.031,0.007,-0.137,-0.284,0.54,0.083,-0.246,0.648,0.064,0.418,0.204,0.197,-0.006,0.213,0.209,-0.092,0.463,0.266,0.334,0.316,0.264,0.25,-0.028,-0.196,0.169,-0.272,-0.246,0.212,0.337,0.553,0.336,0.164,0.16,-0.205,0.007,-0.187,0.105,-0.291,0.247,0.117,0.119,-0.21,-0.114,-0.14,0.102,0.077,0.466,-0.054,0.144,-0.099,0.173,-0.193,-0.221,0.549,0.103,-0.216,-0.33,-0.071,-0.172,0.325,0.468,-0.394,0.371,-0.222,0.092,0.476,0.364,-0.039,0.153,0.119,0.023,-0.116,0.182,0.05,-0.228,0.488,0.255,0.061,-0.176,0.24,-0.046,0.502,-0.084,-0.021,0.293,0.313,0.025,-0.353,0.349,-0.163,-0.186,0.166,0.52,0.113,-0.2,-0.135,-0.396,0.384,0.365,0.242,0.021,-0.464,0.219,-0.288,-0.274,0.045,0.556,-0.439,0.33,0.455,0.427,-0.018,0.106,0.307,0.146,0.376,0.121
CASY,-0.262,-0.244,0.59,-0.515,0.365,0.779,-0.704,0.427,-0.143,0.652,0.823,-0.378,-0.348,0.591,-0.431,0.449,0.496,-0.617,0.154,0.633,0.725,-0.137,-0.279,0.815,0.48,-0.182,0.146,-0.352,0.0,-0.666,-0.716,-0.289,-0.668,-0.153,0.2,-0.332,-0.001,0.786,0.516,-0.556,0.358,0.523,0.858,0.702,-0.68,-0.83,-0.734,-0.237,0.02,0.023,0.259,-0.761,-0.119,0.745,0.544,-0.587,0.493,-0.742,0.64,-0.668,-0.34,0.2,0.693,0.77,0.223,0.826,0.55,-0.273,0.858,0.483,0.306,0.798,-0.505,-0.043,-0.105,0.235,-0.531,0.015,0.601,-0.269,-0.155,-0.376,-0.548,0.192,0.574,0.331,0.564,-0.422,-0.468,0.408,-0.457,0.679,0.119,-0.524,-0.049,-0.065,-0.135,-0.68,0.717,-0.503,0.299,-0.079,-0.211,-0.303,-0.548,-0.323,-0.153,-0.76,-0.363,0.678,0.184,-0.669,-0.689,-0.804,-0.568,-0.336,0.867,0.738,-0.395,-0.168,0.455,0.548,-0.236,0.46,-0.181,0.323,0.652,0.392,-0.237,-0.704,0.742,0.69,0.613,0.28,0.278,0.888,-0.614,0.672,0.56,0.853,-0.187,0.538,-0.28,-0.05,0.842,-0.707,-0.334,0.66,-0.569,0.149,0.822,-0.324,-0.655,0.044,0.769,-0.113,0.3,0.924,-0.568,-0.528,0.467,-0.11,-0.263,-0.074,0.166,0.028,0.732,0.465,-0.194,0.587,-0.141,-0.811,0.107,0.881,0.502,-0.125,0.655,0.807,0.778,0.909,-0.332,-0.591,0.225,0.695,0.325,0.153,0.849,0.801,-0.609,-0.633,0.603,-0.115,0.065,-0.76,0.803,-0.215,0.374,-0.109,0.438,-0.597
CCOI,-0.037,0.722,-0.233,0.125,0.249,-0.431,0.793,0.095,0.348,-0.422,-0.512,0.755,0.486,-0.177,0.195,0.05,-0.271,0.641,0.142,-0.57,-0.324,0.231,0.397,-0.429,0.06,0.662,0.547,0.435,-0.666,0.0,0.821,0.258,0.849,0.405,0.348,0.677,0.023,-0.639,-0.064,0.553,-0.274,0.016,-0.632,-0.633,0.544,0.757,0.718,0.741,0.329,0.102,0.196,0.634,0.454,-0.622,-0.014,0.816,-0.424,0.496,-0.359,0.789,0.584,0.296,-0.412,-0.357,0.283,-0.546,-0.246,0.15,-0.715,-0.469,0.183,-0.391,0.547,-0.267,0.713,0.178,0.143,0.624,-0.108,0.339,0.303,0.474,0.828,0.271,0.049,-0.022,-0.507,0.687,0.045,-0.589,0.677,-0.13,0.456,0.41,0.048,0.081,-0.12,0.35,-0.338,0.648,0.348,0.575,0.351,0.506,0.713,0.189,0.176,0.498,0.067,-0.579,0.499,0.867,0.919,0.738,0.683,0.725,-0.46,-0.237,0.058,0.54,-0.21,-0.092,0.636,-0.045,0.009,0.059,-0.373,0.219,0.418,0.844,-0.502,-0.035,-0.424,0.393,0.051,-0.448,0.863,-0.061,-0.204,-0.379,0.23,-0.169,0.626,0.327,-0.699,0.82,0.143,-0.151,0.825,0.187,-0.338,0.378,0.628,0.445,-0.425,0.231,0.068,-0.566,0.876,0.743,0.183,0.345,0.295,0.533,0.335,0.343,-0.193,0.125,0.7,0.026,0.119,0.737,-0.17,-0.666,-0.067,0.648,-0.065,-0.412,-0.603,-0.63,0.736,0.637,0.136,-0.18,-0.182,0.038,-0.691,-0.673,0.472,0.424,-0.588,0.64,0.215,0.774,-0.295,0.418,-0.102,-0.143,0.197,0.627
CEVA,0.219,0.607,-0.195,0.446,0.086,-0.601,0.713,-0.145,0.472,-0.527,-0.525,0.751,0.71,-0.052,0.359,-0.015,-0.41,0.833,0.174,-0.455,-0.293,0.477,0.272,-0.585,-0.284,0.584,0.423,0.396,-0.716,0.821,0.0,0.478,0.898,0.398,0.034,0.504,0.178,-0.694,-0.321,0.81,-0.194,0.046,-0.577,-0.734,0.762,0.853,0.862,0.679,0.329,0.044,-0.011,0.692,0.625,-0.744,0.055,0.86,-0.408,0.566,-0.417,0.846,0.697,0.068,-0.58,-0.542,0.005,-0.674,-0.544,0.466,-0.758,-0.33,0.004,-0.512,0.728,-0.259,0.555,-0.149,0.274,0.424,-0.163,0.424,0.363,0.557,0.754,0.347,-0.072,-0.0,-0.29,0.714,0.456,-0.335,0.681,-0.291,0.298,0.508,0.112,0.188,0.119,0.608,-0.622,0.669,0.174,0.609,0.534,0.599,0.755,0.462,0.398,0.702,0.341,-0.52,0.355,0.868,0.822,0.899,0.787,0.693,-0.613,-0.469,0.402,0.641,-0.142,-0.354,0.628,-0.24,0.306,0.136,-0.624,0.098,0.393,0.798,-0.731,-0.178,-0.534,0.291,0.16,-0.533,0.764,-0.17,-0.27,-0.581,0.398,-0.26,0.726,0.189,-0.782,0.912,0.348,-0.278,0.847,0.161,-0.516,0.612,0.708,0.499,-0.615,0.25,0.052,-0.703,0.835,0.771,0.142,0.479,0.414,0.534,0.252,0.454,-0.41,0.026,0.5,-0.205,0.318,0.886,-0.152,-0.797,-0.437,0.581,-0.155,-0.449,-0.772,-0.589,0.76,0.689,-0.004,-0.184,-0.152,-0.169,-0.765,-0.783,0.728,0.615,-0.432,0.642,0.098,0.801,-0.448,0.484,-0.258,-0.129,0.017,0.723
