,AAPL,ACRS,ADP,AFYA,AGNC,AGYS,ALT,AMGN,AMPH,AMZN,ANIP,AOSL,APDN,APLT,APVO,ARGX,ARLP,ATEX,ATRA,AUTL,AVDL,BCRX,BHAT,BLBD,BMRN,BNGO,BUSE,CAKE,CASY,CCOI,CEVA,CHY,CLDX,CLMT,COHU,COLM,COST,CPRT,CSWC,CSX,DBX,DCOM,DKNG,DMLP,DOX,EA,EDIT,ENPH,ENSG,ERNA,ESGR,ETNB,EXTR,FANG,FARO,FATE,FGEN,FIVE,FIVN,FLGT,FOLD,FORM,FOXA,FRPT,FSLR,FTAI,GBDC,GDYN,GGAL,GNLN,GRFS,GT,HCAT,HCM,HFWA,HOLX,HQY,HUBG,IAC,ICLR,IDCC,IEP,IHRT,ILMN,ILPT,IMAB,IMOS,INMD,INTZ,JAZZ,JKHY,JRVR,KIDS,LBRDK,LGND,LMAT,LPLA,LULU,MASI,MAT,MATW,MBIN,MBIO,MCRB,MDB,MDLZ,MELI,MIRM,MLKN,MNMD,MNRO,MPWR,MRCY,MRSN,MTVA,NAAS,NDAQ,NDSN,NEGG,NOVT,NVDA,NWE,NWSA,NXST,OCX,ODFL,OMAB,OPCH,OPRA,ORGO,OTRK,OZK,PAGP,PCH,PEGA,PENG,PENN,PFBC,PGNY,PHAT,PHUN,PINC,PLUG,PLXS,PYPL,QLYS,QNCX,QQQX,QVCGA,RAPT,RBBN,RCKT,REPL,RMBS,ROAD,ROKU,ROP,RUSHA,SANM,SATS,SBCF,SBLK,SBUX,SCHL,SCSC,SDGR,SEIC,SFIX,SGRY,SKYW,SLP,SNES,STAA,STLD,STOK,SWKS,TER,TFIN,TIGO,TILE,TPIC,TTEC,TTEK,TTGT,UXIN,VERU,VLYPP,VNOM,VRNS,VRSN,WDAY,WERN,WINA,WKHS,WRLD,XP,XTKG,YY,ZION,ZM
AAPL,0.0,-0.719,-0.093,-0.72,0.315,0.084,-0.422,-0.137,-0.405,-0.365,0.193,0.553,-0.774,0.244,0.125,0.621,0.727,0.321,-0.258,0.401,-0.76,0.686,0.123,0.798,0.197,-0.716,-0.689,0.103,-0.756,-0.55,0.08,0.627,-0.733,0.514,0.619,-0.063,0.872,-0.338,-0.296,-0.82,-0.803,-0.738,-0.613,0.209,-0.819,0.746,-0.41,0.655,0.399,-0.506,-0.465,-0.531,0.534,-0.727,-0.767,-0.409,-0.33,-0.576,-0.821,-0.756,0.894,-0.418,0.639,0.525,0.63,0.467,-0.593,-0.774,-0.356,-0.232,0.037,-0.644,-0.483,-0.698,-0.714,-0.289,0.833,-0.091,-0.61,0.456,0.92,-0.525,-0.229,-0.253,-0.367,0.155,0.113,-0.012,-0.721,-0.29,-0.461,-0.279,-0.205,-0.139,-0.54,0.089,0.661,-0.396,0.501,-0.603,-0.639,-0.742,-0.572,-0.03,-0.802,-0.648,-0.557,0.216,-0.433,-0.618,-0.339,0.483,0.17,-0.736,-0.261,-0.7,-0.56,-0.733,-0.477,-0.395,0.79,-0.296,0.902,-0.658,-0.568,-0.619,-0.802,-0.194,0.051,-0.647,-0.765,-0.781,-0.515,-0.599,-0.646,0.798,0.483,-0.723,0.124,0.129,-0.839,-0.567,-0.268,-0.45,0.395,-0.885,-0.717,0.819,-0.338,-0.475,-0.715,-0.137,0.03,-0.366,-0.231,-0.42,0.63,-0.721,0.02,0.81,-0.634,0.403,0.829,-0.627,-0.488,-0.404,-0.641,0.718,-0.044,0.464,-0.774,0.249,-0.73,-0.812,0.739,-0.429,0.666,-0.116,0.809,-0.666,0.718,-0.592,-0.602,0.542,-0.633,-0.731,-0.01,-0.346,-0.707,0.814,-0.593,-0.46,-0.688,-0.392,-0.551,-0.528,-0.688,-0.832,-0.693,-0.276
ACRS,-0.719,0.0,0.604,0.913,0.292,0.184,0.713,0.685,0.541,0.522,-0.265,-0.863,0.941,-0.2,0.078,-0.651,-0.803,-0.309,0.603,-0.294,0.581,-0.435,-0.415,-0.689,0.028,0.829,0.916,0.082,0.785,0.261,0.346,-0.061,0.897,-0.711,-0.83,0.217,-0.799,0.785,0.609,0.662,0.852,0.935,0.934,-0.551,0.942,-0.712,0.738,-0.853,-0.075,0.688,0.187,0.835,-0.156,0.524,0.83,0.618,0.268,0.453,0.907,0.824,-0.614,0.4,-0.843,-0.653,-0.871,-0.437,0.429,0.84,0.441,0.543,0.417,0.812,0.756,0.771,0.902,0.665,-0.659,0.056,0.772,-0.302,-0.849,0.579,0.495,0.523,0.698,-0.052,-0.151,-0.146,0.714,0.483,0.852,0.594,0.083,0.266,0.567,-0.089,-0.885,0.566,-0.589,0.769,0.745,0.745,0.789,-0.027,0.849,0.899,0.622,0.134,0.609,0.297,0.696,-0.278,0.071,0.871,0.628,0.706,0.855,0.849,0.783,0.777,-0.921,0.716,-0.812,0.703,0.722,0.707,0.877,0.018,-0.425,0.75,0.749,0.944,0.863,0.851,0.919,-0.703,-0.178,0.914,0.317,0.307,0.697,0.805,0.257,0.335,-0.065,0.897,0.758,-0.597,0.291,0.591,0.803,0.567,0.193,0.79,-0.062,0.674,-0.217,0.756,-0.118,-0.685,0.854,-0.691,-0.72,0.572,0.631,0.613,0.793,-0.519,-0.154,-0.111,0.79,-0.302,0.843,0.685,-0.32,0.79,-0.633,0.591,-0.752,0.325,-0.856,0.836,0.839,-0.081,0.859,0.956,0.506,0.125,0.49,-0.564,0.926,0.51,0.829,0.622,0.605,0.753,0.828,0.92,0.875,0.749
ADP,-0.093,0.604,0.0,0.53,0.481,0.373,0.283,0.636,0.35,0.451,-0.243,-0.69,0.467,-0.108,0.157,-0.344,-0.343,-0.326,0.543,-0.184,0.075,-0.061,-0.358,-0.221,0.251,0.325,0.511,-0.203,0.432,-0.183,0.328,0.467,0.495,-0.515,-0.495,0.094,-0.127,0.679,0.421,0.107,0.247,0.503,0.62,-0.605,0.478,-0.071,0.48,-0.6,0.143,0.386,-0.392,0.504,0.323,-0.028,0.313,0.24,0.119,-0.173,0.394,0.184,-0.091,0.301,-0.6,-0.574,-0.465,-0.042,-0.151,0.405,-0.08,0.573,0.328,0.323,0.457,0.192,0.458,0.616,0.033,-0.167,0.28,-0.163,-0.241,0.123,0.38,0.455,0.333,0.13,-0.125,-0.448,0.081,0.306,0.84,0.346,-0.172,-0.04,0.166,-0.061,-0.501,0.225,-0.147,0.285,0.149,0.344,0.395,-0.343,0.376,0.503,0.229,0.382,0.115,-0.357,0.427,0.176,0.33,0.39,0.509,0.215,0.675,0.325,0.621,0.472,-0.447,0.56,-0.289,0.099,0.463,0.15,0.388,-0.48,-0.488,0.33,0.165,0.49,0.672,0.37,0.575,-0.131,0.2,0.438,0.577,0.431,0.0,0.36,-0.149,0.031,0.306,0.348,0.221,0.082,-0.168,0.442,0.256,0.466,0.401,0.585,-0.301,0.233,0.549,0.22,-0.162,-0.183,0.44,-0.518,-0.045,0.236,0.369,0.296,0.323,0.017,-0.645,0.14,0.303,-0.065,0.297,0.01,0.212,0.504,-0.129,0.585,-0.384,-0.432,-0.576,0.402,0.546,0.22,0.339,0.503,0.424,-0.11,0.057,0.136,0.722,0.042,0.259,0.381,0.062,0.306,0.496,0.395,0.393,0.791
AFYA,-0.72,0.913,0.53,0.0,0.116,0.387,0.695,0.575,0.561,0.436,-0.471,-0.821,0.85,-0.36,-0.17,-0.689,-0.756,-0.272,0.708,-0.328,0.554,-0.436,-0.223,-0.578,-0.211,0.902,0.893,-0.077,0.794,0.451,0.318,-0.185,0.84,-0.613,-0.83,0.113,-0.81,0.661,0.43,0.576,0.917,0.933,0.881,-0.521,0.906,-0.778,0.543,-0.854,-0.171,0.583,0.352,0.797,-0.064,0.642,0.9,0.437,0.316,0.47,0.947,0.79,-0.702,0.522,-0.917,-0.595,-0.804,-0.375,0.438,0.894,0.518,0.585,0.396,0.699,0.754,0.686,0.927,0.454,-0.774,-0.196,0.673,-0.39,-0.861,0.447,0.354,0.371,0.541,-0.182,0.066,-0.021,0.657,0.331,0.788,0.395,0.282,0.177,0.681,0.043,-0.843,0.4,-0.437,0.679,0.69,0.658,0.885,-0.115,0.943,0.801,0.815,-0.079,0.563,0.422,0.565,-0.163,0.255,0.884,0.747,0.626,0.912,0.788,0.84,0.686,-0.913,0.659,-0.805,0.596,0.692,0.631,0.931,-0.068,-0.333,0.662,0.678,0.945,0.828,0.765,0.925,-0.592,-0.336,0.93,0.131,0.389,0.78,0.702,0.276,0.495,-0.198,0.904,0.737,-0.655,0.222,0.525,0.903,0.325,0.036,0.768,0.149,0.536,-0.245,0.75,0.058,-0.627,0.812,-0.519,-0.784,0.757,0.764,0.449,0.774,-0.679,-0.183,-0.365,0.905,-0.214,0.788,0.769,-0.304,0.674,-0.501,0.581,-0.728,0.325,-0.861,0.722,0.917,-0.043,0.827,0.932,0.34,0.42,0.634,-0.712,0.891,0.346,0.783,0.787,0.422,0.69,0.776,0.936,0.887,0.687
AGNC,0.315,0.292,0.481,0.116,0.0,-0.01,0.468,0.805,0.043,0.273,0.229,-0.386,0.264,0.239,0.569,0.128,-0.107,0.112,0.139,0.428,-0.164,0.269,-0.576,-0.006,0.501,0.087,0.349,0.515,-0.087,-0.496,0.582,0.739,0.245,-0.186,-0.28,0.255,0.054,0.613,0.575,-0.081,0.06,0.256,0.416,-0.283,0.152,-0.054,0.463,-0.24,0.511,0.291,-0.306,0.436,0.411,-0.239,0.035,0.552,-0.118,0.016,0.101,0.212,0.391,-0.356,-0.114,-0.198,-0.432,-0.149,-0.014,-0.029,0.258,0.374,0.702,0.429,0.358,0.284,0.246,0.673,0.249,0.331,0.421,0.216,0.064,0.293,0.549,0.495,0.592,0.254,-0.331,-0.294,0.054,0.443,0.4,0.666,-0.329,0.488,-0.013,-0.273,-0.32,0.493,-0.283,0.437,0.321,0.157,0.225,0.147,-0.061,0.448,-0.034,0.407,0.455,-0.332,0.655,-0.067,0.019,0.202,0.404,0.216,0.22,0.315,0.213,0.48,-0.197,0.622,0.141,0.292,0.295,0.368,0.074,0.169,-0.483,0.232,0.045,0.17,0.384,0.431,0.323,-0.049,0.529,0.271,0.704,0.337,-0.232,0.484,-0.021,-0.36,0.568,-0.002,0.196,0.255,0.145,-0.003,0.038,0.764,0.399,0.522,-0.639,0.547,0.356,0.183,-0.358,0.043,0.399,-0.5,0.122,-0.271,-0.015,0.443,0.223,0.349,0.002,0.736,-0.104,-0.245,0.206,-0.164,0.368,0.504,-0.218,0.639,0.092,-0.304,-0.117,0.475,0.148,0.548,0.345,0.227,0.817,-0.544,-0.487,0.373,0.368,0.302,0.343,0.225,0.351,0.487,0.175,0.092,0.276,0.57
AGYS,0.084,0.184,0.373,0.387,-0.01,0.0,0.244,0.154,0.5,-0.228,-0.833,-0.134,-0.03,-0.566,-0.634,-0.207,-0.045,0.118,0.779,-0.148,-0.339,0.391,0.26,0.37,-0.581,0.395,0.082,-0.441,0.214,0.264,0.173,0.149,-0.033,-0.001,-0.002,-0.045,0.005,0.031,-0.374,-0.23,0.167,0.129,0.124,-0.525,0.073,0.099,0.102,-0.044,0.122,-0.081,0.131,0.1,0.448,-0.059,0.319,-0.447,0.386,-0.126,0.183,-0.057,0.022,0.636,-0.406,0.236,0.111,0.36,-0.308,0.268,-0.036,0.431,0.152,-0.187,0.28,-0.276,0.236,-0.245,-0.1,-0.679,-0.26,0.192,-0.005,-0.445,-0.439,-0.293,-0.208,-0.279,0.695,0.229,-0.113,-0.493,0.322,-0.294,0.516,-0.383,0.365,0.725,0.029,-0.502,0.384,-0.286,-0.015,-0.332,0.299,-0.093,0.337,-0.092,0.489,0.089,-0.048,-0.047,-0.254,0.651,0.833,0.125,0.532,-0.392,0.549,-0.159,0.442,0.24,-0.051,0.193,0.074,-0.359,0.143,-0.255,0.218,-0.606,-0.25,-0.242,-0.057,0.244,0.215,-0.014,0.216,0.332,-0.248,0.154,-0.168,0.598,0.132,-0.179,0.094,0.629,-0.374,0.115,-0.015,0.042,-0.528,0.28,0.337,-0.312,-0.353,0.274,0.535,-0.249,0.421,-0.126,0.588,0.356,0.021,0.25,0.033,0.58,0.738,-0.214,0.248,-0.323,-0.446,-0.414,0.404,0.306,0.033,0.132,0.556,0.069,0.547,0.244,0.12,-0.281,-0.057,-0.169,0.593,0.499,0.033,0.23,-0.08,0.524,0.363,-0.177,0.274,-0.269,-0.092,0.582,-0.55,-0.216,-0.066,0.144,0.184,0.267
ALT,-0.422,0.713,0.283,0.695,0.468,0.244,0.0,0.755,0.543,0.158,-0.267,-0.639,0.718,-0.279,0.027,-0.269,-0.574,0.141,0.537,0.084,0.348,0.003,-0.374,-0.418,-0.142,0.778,0.748,0.401,0.441,0.235,0.363,-0.05,0.638,-0.405,-0.579,0.347,-0.682,0.592,0.37,0.509,0.748,0.712,0.732,-0.412,0.692,-0.631,0.717,-0.566,0.216,0.48,0.394,0.735,0.044,0.304,0.734,0.591,0.324,0.672,0.755,0.772,-0.359,0.084,-0.585,-0.234,-0.724,-0.435,0.454,0.566,0.645,0.503,0.625,0.798,0.653,0.653,0.778,0.502,-0.595,0.164,0.718,-0.036,-0.621,0.479,0.36,0.336,0.687,-0.182,-0.007,0.133,0.636,0.278,0.576,0.662,0.166,0.499,0.592,0.01,-0.655,0.468,-0.479,0.704,0.821,0.456,0.692,0.315,0.63,0.755,0.655,0.031,0.829,0.473,0.635,-0.321,0.153,0.709,0.633,0.486,0.648,0.737,0.595,0.701,-0.723,0.748,-0.476,0.679,0.626,0.74,0.695,0.338,-0.482,0.562,0.642,0.731,0.56,0.833,0.737,-0.597,-0.11,0.779,0.164,0.296,0.585,0.799,0.428,0.352,-0.179,0.664,0.78,-0.551,0.265,0.342,0.745,0.522,-0.051,0.695,-0.016,0.702,-0.278,0.64,-0.001,-0.362,0.785,-0.476,-0.586,0.461,0.646,0.502,0.821,-0.523,0.194,0.088,0.61,-0.251,0.775,0.689,-0.071,0.652,-0.492,0.594,-0.336,0.406,-0.47,0.759,0.731,0.269,0.831,0.761,0.623,0.031,0.239,-0.54,0.694,0.655,0.785,0.751,0.525,0.695,0.536,0.703,0.828,0.51
AMGN,-0.137,0.685,0.636,0.575,0.805,0.154,0.755,0.0,0.344,0.363,-0.074,-0.758,0.633,0.001,0.337,-0.22,-0.421,-0.025,0.481,0.146,0.172,0.049,-0.57,-0.293,0.265,0.494,0.695,0.365,0.305,-0.142,0.535,0.45,0.59,-0.448,-0.62,0.372,-0.386,0.808,0.645,0.233,0.503,0.643,0.769,-0.455,0.579,-0.421,0.671,-0.638,0.381,0.535,-0.054,0.727,0.2,0.102,0.463,0.649,0.09,0.316,0.562,0.536,-0.023,-0.051,-0.504,-0.451,-0.746,-0.322,0.239,0.38,0.479,0.539,0.747,0.689,0.558,0.561,0.652,0.772,-0.192,0.17,0.652,0.03,-0.38,0.413,0.578,0.541,0.742,0.045,-0.231,-0.258,0.361,0.453,0.71,0.757,-0.171,0.513,0.349,-0.196,-0.67,0.577,-0.426,0.681,0.583,0.454,0.603,0.095,0.395,0.755,0.409,0.299,0.659,0.006,0.779,-0.195,0.146,0.62,0.625,0.451,0.593,0.635,0.545,0.681,-0.626,0.847,-0.315,0.554,0.593,0.622,0.523,0.107,-0.625,0.516,0.432,0.6,0.705,0.735,0.693,-0.406,0.291,0.651,0.636,0.394,0.185,0.761,0.105,-0.03,0.309,0.437,0.545,-0.178,0.166,0.283,0.467,0.761,0.286,0.754,-0.431,0.676,0.141,0.523,-0.246,-0.251,0.739,-0.656,-0.274,0.159,0.37,0.519,0.61,-0.105,-0.071,0.427,0.329,-0.271,0.585,0.288,0.168,0.682,-0.439,0.744,-0.266,-0.028,-0.526,0.718,0.576,0.4,0.678,0.643,0.816,-0.248,-0.114,-0.074,0.744,0.432,0.665,0.532,0.501,0.722,0.51,0.517,0.657,0.734
AMPH,-0.405,0.541,0.35,0.561,0.043,0.5,0.543,0.344,0.0,-0.224,-0.68,-0.472,0.391,-0.724,-0.408,-0.456,-0.412,0.215,0.652,-0.039,0.24,0.136,-0.008,-0.237,-0.533,0.598,0.405,-0.296,0.497,0.523,-0.093,-0.206,0.263,-0.107,-0.181,0.459,-0.515,0.207,-0.09,0.388,0.505,0.44,0.352,-0.518,0.51,-0.288,0.469,-0.325,0.294,0.145,0.33,0.275,-0.01,0.184,0.574,-0.039,0.66,0.456,0.561,0.374,-0.283,0.538,-0.422,-0.093,-0.256,-0.134,0.256,0.351,0.28,0.445,0.191,0.365,0.405,0.221,0.58,0.137,-0.394,-0.159,0.146,0.037,-0.461,-0.108,-0.233,-0.221,0.042,-0.447,0.308,0.258,0.272,-0.234,0.533,0.244,0.488,0.114,0.645,0.387,-0.272,-0.147,0.13,0.154,0.453,0.226,0.502,0.403,0.533,0.327,0.631,0.157,0.483,0.31,0.028,-0.036,0.565,0.548,0.479,0.062,0.674,0.323,0.504,0.362,-0.48,0.582,-0.356,0.208,0.35,0.313,0.534,-0.054,-0.477,0.088,0.485,0.579,0.42,0.425,0.452,-0.332,-0.293,0.453,0.065,0.267,0.434,0.333,0.353,0.742,-0.572,0.462,0.558,-0.557,-0.172,0.517,0.497,-0.052,-0.456,0.32,0.435,0.111,-0.054,0.385,0.448,-0.071,0.474,0.012,-0.203,0.745,0.739,0.084,0.733,-0.674,-0.249,-0.214,0.522,0.266,0.559,0.514,0.11,0.358,-0.033,0.118,-0.173,0.235,-0.311,0.253,0.715,0.089,0.335,0.526,0.076,0.305,0.365,-0.454,0.493,0.311,0.42,0.547,0.033,0.162,0.184,0.509,0.508,0.279
AMZN,-0.365,0.522,0.451,0.436,0.273,-0.228,0.158,0.363,-0.224,0.0,0.315,-0.493,0.612,0.394,0.535,-0.103,-0.532,-0.647,0.022,-0.257,0.28,-0.6,-0.472,-0.535,0.623,0.284,0.563,0.177,0.37,-0.321,0.442,0.187,0.714,-0.672,-0.697,-0.388,-0.23,0.66,0.684,0.302,0.355,0.553,0.686,-0.193,0.48,-0.35,0.345,-0.603,-0.418,0.521,-0.301,0.625,0.033,0.276,0.291,0.64,-0.295,-0.111,0.407,0.465,-0.415,-0.004,-0.602,-0.685,-0.638,-0.415,0.018,0.594,0.024,0.263,0.196,0.48,0.481,0.563,0.336,0.602,-0.248,0.233,0.626,-0.514,-0.44,0.628,0.758,0.785,0.603,0.509,-0.464,-0.541,0.392,0.71,0.485,0.338,-0.415,-0.038,-0.101,-0.511,-0.684,0.669,-0.628,0.609,0.237,0.61,0.341,-0.472,0.455,0.604,-0.006,0.057,0.039,-0.133,0.666,-0.103,-0.428,0.379,0.273,0.721,0.376,0.596,0.405,0.394,-0.474,0.148,-0.521,0.399,0.367,0.414,0.376,-0.064,0.021,0.598,0.216,0.415,0.507,0.38,0.611,-0.313,-0.033,0.505,0.345,0.152,0.212,0.46,-0.178,-0.361,0.498,0.487,0.267,0.039,0.339,0.105,0.302,0.629,0.723,0.591,-0.515,0.537,0.053,0.345,-0.617,-0.698,0.363,-0.793,-0.483,-0.1,0.009,0.563,0.063,0.157,-0.2,0.061,0.325,-0.499,0.245,0.089,-0.41,0.515,-0.565,0.469,-0.677,-0.117,-0.687,0.628,0.246,-0.139,0.496,0.457,0.367,-0.208,0.235,-0.056,0.554,0.176,0.374,0.182,0.489,0.565,0.711,0.48,0.37,0.675
ANIP,0.193,-0.265,-0.243,-0.471,0.229,-0.833,-0.267,-0.074,-0.68,0.315,0.0,0.261,-0.073,0.664,0.678,0.417,0.109,-0.084,-0.721,0.203,0.061,-0.253,-0.421,-0.109,0.698,-0.459,-0.13,0.597,-0.302,-0.432,0.147,0.161,0.0,-0.071,0.109,-0.099,0.243,0.08,0.405,0.068,-0.316,-0.191,-0.141,0.515,-0.219,0.133,-0.062,0.19,-0.045,0.096,-0.27,-0.09,-0.2,-0.119,-0.404,0.463,-0.495,-0.152,-0.345,-0.025,0.26,-0.637,0.447,-0.14,-0.03,-0.16,0.044,-0.304,-0.13,-0.353,0.021,0.087,-0.153,0.177,-0.339,0.286,0.278,0.703,0.215,-0.004,0.24,0.477,0.467,0.483,0.284,0.503,-0.604,-0.336,0.018,0.504,-0.27,0.217,-0.522,0.294,-0.492,-0.594,0.057,0.513,-0.43,0.209,-0.052,0.123,-0.399,-0.034,-0.453,0.045,-0.641,0.028,-0.078,-0.268,0.282,-0.385,-0.821,-0.267,-0.484,0.275,-0.561,0.04,-0.369,-0.065,0.215,-0.217,0.184,0.22,-0.178,0.102,-0.313,0.461,0.112,0.209,-0.144,-0.344,-0.252,-0.028,-0.247,-0.057,0.389,-0.212,0.254,-0.538,-0.293,0.103,-0.151,-0.749,0.597,-0.246,-0.151,0.322,0.458,-0.312,-0.428,0.468,0.474,-0.149,-0.628,0.258,-0.141,-0.007,-0.594,-0.132,-0.103,-0.272,0.098,-0.741,-0.774,0.405,-0.378,0.626,0.426,0.557,-0.453,-0.318,-0.137,-0.323,-0.306,-0.021,-0.344,0.032,0.016,-0.003,0.232,0.152,-0.631,-0.205,-0.085,-0.303,0.273,-0.637,-0.432,0.438,-0.307,0.163,-0.043,-0.557,0.453,0.155,-0.019,-0.277,-0.273,-0.112
AOSL,0.553,-0.863,-0.69,-0.821,-0.386,-0.134,-0.639,-0.758,-0.472,-0.493,0.261,0.0,-0.819,0.204,-0.207,0.548,0.681,0.355,-0.57,0.213,-0.518,0.385,0.35,0.667,-0.136,-0.643,-0.792,0.013,-0.63,-0.116,-0.192,-0.099,-0.774,0.623,0.837,-0.315,0.681,-0.772,-0.636,-0.445,-0.741,-0.82,-0.874,0.549,-0.839,0.644,-0.613,0.916,-0.015,-0.591,-0.013,-0.789,0.061,-0.354,-0.641,-0.563,-0.254,-0.412,-0.817,-0.641,0.504,-0.243,0.762,0.752,0.853,0.497,-0.393,-0.654,-0.396,-0.542,-0.441,-0.727,-0.582,-0.686,-0.791,-0.725,0.483,0.023,-0.674,0.395,0.748,-0.435,-0.522,-0.461,-0.615,0.026,0.2,0.234,-0.529,-0.473,-0.818,-0.564,0.047,-0.321,-0.494,0.251,0.843,-0.521,0.431,-0.728,-0.589,-0.73,-0.77,0.015,-0.721,-0.829,-0.571,-0.218,-0.54,-0.185,-0.699,0.334,-0.112,-0.803,-0.603,-0.657,-0.786,-0.754,-0.717,-0.602,0.866,-0.771,0.739,-0.595,-0.609,-0.654,-0.741,-0.002,0.445,-0.603,-0.644,-0.818,-0.841,-0.759,-0.86,0.633,0.039,-0.778,-0.441,-0.334,-0.458,-0.75,-0.111,-0.19,-0.042,-0.723,-0.696,0.511,-0.199,-0.49,-0.616,-0.545,-0.201,-0.699,0.239,-0.552,0.069,-0.636,0.304,0.594,-0.775,0.689,0.539,-0.478,-0.505,-0.428,-0.691,0.437,0.332,-0.036,-0.548,0.223,-0.708,-0.507,0.183,-0.616,0.611,-0.503,0.681,-0.127,0.855,-0.737,-0.723,0.112,-0.724,-0.855,-0.497,0.007,-0.269,0.363,-0.9,-0.337,-0.756,-0.525,-0.518,-0.734,-0.761,-0.778,-0.727,-0.735
APDN,-0.774,0.941,0.467,0.85,0.264,-0.03,0.718,0.633,0.391,0.612,-0.073,-0.819,0.0,-0.074,0.225,-0.564,-0.838,-0.375,0.408,-0.253,0.66,-0.574,-0.477,-0.818,0.152,0.816,0.932,0.245,0.765,0.211,0.317,-0.17,0.957,-0.749,-0.86,0.146,-0.835,0.769,0.688,0.761,0.863,0.925,0.939,-0.419,0.932,-0.773,0.744,-0.851,-0.168,0.738,0.229,0.854,-0.277,0.546,0.78,0.754,0.2,0.547,0.904,0.896,-0.698,0.22,-0.788,-0.672,-0.919,-0.577,0.514,0.843,0.449,0.441,0.381,0.907,0.719,0.874,0.867,0.711,-0.727,0.258,0.894,-0.409,-0.895,0.76,0.617,0.639,0.788,0.046,-0.295,-0.208,0.821,0.629,0.76,0.644,-0.042,0.334,0.498,-0.28,-0.91,0.713,-0.743,0.881,0.805,0.818,0.731,-0.047,0.827,0.947,0.517,0.001,0.645,0.37,0.774,-0.466,-0.192,0.831,0.515,0.847,0.738,0.935,0.699,0.738,-0.933,0.615,-0.865,0.824,0.731,0.815,0.847,0.211,-0.32,0.829,0.798,0.909,0.769,0.884,0.889,-0.824,-0.173,0.924,0.268,0.173,0.728,0.867,0.3,0.205,-0.01,0.926,0.801,-0.629,0.474,0.47,0.764,0.641,0.28,0.74,-0.165,0.783,-0.37,0.8,-0.288,-0.818,0.854,-0.767,-0.809,0.452,0.505,0.687,0.747,-0.474,-0.004,-0.047,0.75,-0.457,0.846,0.715,-0.517,0.762,-0.802,0.563,-0.821,0.437,-0.849,0.907,0.724,-0.198,0.9,0.928,0.535,0.003,0.466,-0.6,0.853,0.612,0.869,0.55,0.75,0.827,0.901,0.92,0.881,0.7
APLT,0.244,-0.2,-0.108,-0.36,0.239,-0.566,-0.279,0.001,-0.724,0.394,0.664,0.204,-0.074,0.0,0.581,0.222,0.303,-0.345,-0.576,0.042,-0.013,-0.139,-0.172,0.037,0.768,-0.377,-0.084,0.437,-0.277,-0.644,0.338,0.336,0.036,-0.029,-0.088,-0.328,0.311,0.123,0.443,-0.089,-0.34,-0.151,-0.041,0.37,-0.211,0.103,-0.118,0.126,-0.135,0.129,-0.345,0.063,-0.063,-0.069,-0.389,0.377,-0.631,-0.308,-0.306,-0.147,0.221,-0.601,0.23,-0.099,-0.023,0.082,-0.019,-0.172,-0.047,-0.319,0.002,-0.019,-0.157,0.022,-0.296,0.229,0.336,0.433,0.177,-0.022,0.258,0.326,0.515,0.454,0.238,0.436,-0.568,-0.304,-0.063,0.534,-0.229,0.163,-0.681,0.111,-0.53,-0.493,0.002,0.426,-0.352,0.147,-0.213,0.059,-0.355,-0.372,-0.404,-0.004,-0.535,-0.048,-0.198,-0.214,0.302,-0.085,-0.564,-0.252,-0.384,0.175,-0.487,-0.01,-0.371,-0.081,0.195,-0.272,0.138,0.122,-0.06,0.008,-0.33,0.089,0.465,0.231,-0.249,-0.298,-0.079,-0.131,-0.191,0.08,0.526,-0.177,0.247,-0.085,-0.32,0.011,-0.186,-0.791,0.715,-0.206,-0.334,0.431,0.267,-0.375,-0.309,0.407,0.746,-0.045,-0.593,0.251,0.058,-0.121,-0.475,-0.155,-0.154,-0.356,0.104,-0.717,-0.644,0.13,-0.507,0.625,0.293,0.385,-0.372,-0.421,-0.299,-0.397,-0.165,0.104,-0.227,0.097,0.015,-0.081,0.052,0.049,-0.511,-0.013,-0.062,-0.257,0.232,-0.41,-0.389,0.373,-0.218,0.123,-0.123,-0.414,0.246,0.101,0.102,-0.273,-0.182,0.022
APVO,0.125,0.078,0.157,-0.17,0.569,-0.634,0.027,0.337,-0.408,0.535,0.678,-0.207,0.225,0.581,0.0,0.275,-0.11,-0.28,-0.408,0.247,0.058,-0.213,-0.563,-0.352,0.85,-0.245,0.137,0.523,-0.168,-0.662,0.207,0.421,0.24,-0.227,-0.261,-0.015,0.107,0.385,0.635,0.041,-0.11,0.056,0.242,0.074,0.032,-0.033,0.239,-0.18,0.014,0.222,-0.48,0.258,-0.001,-0.21,-0.244,0.623,-0.327,-0.059,-0.075,0.123,0.149,-0.607,0.078,-0.359,-0.34,-0.356,0.023,-0.082,-0.033,-0.015,0.222,0.342,0.027,0.34,-0.085,0.607,0.257,0.615,0.427,-0.163,0.017,0.496,0.701,0.592,0.502,0.507,-0.706,-0.468,0.117,0.646,0.078,0.483,-0.682,0.317,-0.36,-0.743,-0.27,0.628,-0.464,0.429,0.074,0.318,-0.108,-0.046,-0.191,0.325,-0.466,0.279,0.098,-0.312,0.581,-0.366,-0.624,-0.038,-0.133,0.451,-0.185,0.281,-0.111,0.121,-0.064,0.095,-0.036,0.311,0.059,0.343,-0.155,0.335,-0.006,0.278,0.011,-0.073,0.098,0.203,0.111,-0.212,0.413,0.032,0.545,-0.07,-0.3,0.336,-0.154,-0.73,0.66,-0.05,0.045,0.258,0.394,-0.163,-0.264,0.693,0.644,0.152,-0.824,0.454,0.073,0.06,-0.831,-0.314,0.106,-0.577,0.029,-0.628,-0.479,0.392,-0.14,0.52,0.07,0.705,-0.348,-0.431,-0.014,-0.292,-0.165,0.205,-0.504,0.169,-0.158,-0.169,-0.147,0.392,-0.312,-0.062,0.157,0.009,0.474,-0.759,-0.452,0.416,0.1,0.283,0.181,-0.304,0.528,0.414,0.246,-0.042,-0.031,0.286
ARGX,0.621,-0.651,-0.344,-0.689,0.128,-0.207,-0.269,-0.22,-0.456,-0.103,0.417,0.548,-0.564,0.222,0.275,0.0,0.46,0.244,-0.473,0.44,-0.591,0.427,-0.056,0.459,0.219,-0.601,-0.588,0.231,-0.645,-0.505,-0.023,0.269,-0.52,0.409,0.556,-0.221,0.665,-0.351,-0.337,-0.468,-0.619,-0.641,-0.499,0.353,-0.685,0.606,-0.244,0.588,0.15,-0.497,-0.333,-0.444,0.367,-0.607,-0.562,-0.141,-0.211,-0.377,-0.659,-0.467,0.531,-0.493,0.548,0.473,0.489,0.132,-0.475,-0.55,-0.368,-0.239,-0.086,-0.392,-0.41,-0.434,-0.672,-0.241,0.548,0.217,-0.359,0.304,0.657,-0.233,-0.11,-0.093,-0.247,0.224,-0.033,-0.062,-0.506,-0.211,-0.481,-0.209,-0.272,-0.158,-0.524,-0.113,0.535,-0.18,0.215,-0.381,-0.419,-0.474,-0.563,0.105,-0.611,-0.502,-0.573,0.056,-0.351,-0.34,-0.272,0.202,-0.225,-0.642,-0.36,-0.367,-0.552,-0.466,-0.52,-0.382,0.681,-0.436,0.68,-0.45,-0.462,-0.372,-0.675,0.094,0.07,-0.481,-0.579,-0.704,-0.639,-0.504,-0.491,0.532,0.162,-0.601,-0.044,-0.263,-0.627,-0.415,-0.288,-0.448,0.198,-0.647,-0.452,0.635,-0.159,-0.459,-0.595,-0.07,0.049,-0.374,-0.25,-0.277,0.331,-0.575,-0.23,0.466,-0.566,0.255,0.498,-0.626,-0.444,-0.169,-0.517,0.588,0.134,0.403,-0.638,0.082,-0.582,-0.561,0.324,-0.444,0.359,-0.235,0.548,-0.394,0.628,-0.351,-0.575,0.309,-0.486,-0.658,-0.101,-0.45,-0.457,0.578,-0.553,-0.195,-0.51,-0.37,-0.296,-0.383,-0.561,-0.67,-0.597,-0.337
ARLP,0.727,-0.803,-0.343,-0.756,-0.107,-0.045,-0.574,-0.421,-0.412,-0.532,0.109,0.681,-0.838,0.303,-0.11,0.46,0.0,0.238,-0.42,0.302,-0.508,0.529,0.318,0.742,0.009,-0.73,-0.754,-0.11,-0.606,-0.327,-0.197,0.201,-0.787,0.726,0.691,-0.027,0.76,-0.619,-0.501,-0.63,-0.795,-0.795,-0.774,0.473,-0.809,0.65,-0.639,0.699,0.271,-0.532,-0.209,-0.697,0.253,-0.462,-0.711,-0.549,-0.179,-0.452,-0.782,-0.831,0.638,-0.406,0.718,0.599,0.765,0.669,-0.296,-0.75,-0.322,-0.363,-0.249,-0.701,-0.682,-0.819,-0.722,-0.478,0.731,-0.148,-0.685,0.416,0.825,-0.592,-0.404,-0.4,-0.66,-0.176,0.076,0.16,-0.694,-0.425,-0.615,-0.402,-0.167,-0.123,-0.402,0.128,0.799,-0.509,0.583,-0.678,-0.734,-0.676,-0.714,-0.109,-0.83,-0.783,-0.458,-0.122,-0.46,-0.269,-0.562,0.338,0.189,-0.74,-0.508,-0.739,-0.731,-0.783,-0.653,-0.625,0.793,-0.462,0.771,-0.626,-0.514,-0.675,-0.78,-0.206,0.323,-0.604,-0.689,-0.785,-0.612,-0.743,-0.789,0.696,0.505,-0.794,-0.043,-0.156,-0.708,-0.653,-0.205,-0.33,0.199,-0.815,-0.719,0.586,-0.361,-0.505,-0.684,-0.455,-0.008,-0.632,0.012,-0.572,0.364,-0.663,0.21,0.702,-0.66,0.574,0.752,-0.484,-0.498,-0.648,-0.677,0.5,0.077,0.206,-0.718,0.259,-0.725,-0.616,0.45,-0.55,0.632,-0.386,0.781,-0.352,0.71,-0.775,-0.666,0.253,-0.747,-0.81,-0.349,-0.07,-0.563,0.552,-0.754,-0.357,-0.696,-0.463,-0.606,-0.67,-0.755,-0.835,-0.69,-0.539
ATEX,0.321,-0.309,-0.326,-0.272,0.112,0.118,0.141,-0.025,0.215,-0.647,-0.084,0.355,-0.375,-0.345,-0.28,0.244,0.238,0.0,-0.004,0.563,-0.289,0.618,0.172,0.439,-0.472,-0.105,-0.232,0.127,-0.477,0.287,-0.026,-0.049,-0.468,0.392,0.493,0.328,0.113,-0.4,-0.428,-0.184,-0.141,-0.255,-0.378,0.104,-0.296,0.148,-0.131,0.421,0.384,-0.37,0.295,-0.335,0.176,-0.181,-0.103,-0.26,0.037,0.171,-0.239,-0.13,0.44,-0.093,0.434,0.442,0.268,0.018,0.009,-0.498,0.293,0.005,0.189,-0.153,-0.112,-0.235,-0.102,-0.305,0.133,-0.054,-0.266,0.416,0.348,-0.338,-0.328,-0.441,-0.153,-0.312,0.316,0.367,-0.229,-0.46,-0.331,0.101,0.403,0.357,0.134,0.314,0.31,-0.272,0.328,-0.232,0.077,-0.429,-0.064,0.547,-0.304,-0.229,0.153,-0.019,0.278,0.132,-0.272,-0.012,0.318,-0.094,0.083,-0.454,-0.212,-0.249,-0.214,-0.202,0.249,0.152,0.466,-0.089,-0.123,-0.097,-0.142,0.32,-0.354,-0.34,-0.128,-0.275,-0.343,-0.066,-0.297,0.131,-0.024,-0.195,-0.066,-0.192,-0.105,-0.078,0.199,0.203,-0.221,-0.361,0.034,-0.06,-0.141,-0.122,-0.037,-0.206,-0.534,-0.179,0.172,-0.076,-0.087,-0.08,0.507,0.532,-0.038,0.449,0.307,0.014,-0.004,-0.079,0.087,-0.088,0.441,0.105,-0.14,0.346,-0.0,-0.01,0.374,-0.21,0.301,-0.037,0.555,0.122,0.524,-0.203,-0.106,0.409,-0.146,-0.314,-0.052,0.051,-0.35,0.064,-0.262,-0.035,-0.112,0.084,-0.18,-0.186,-0.547,-0.284,-0.106,-0.386
ATRA,-0.258,0.603,0.543,0.708,0.139,0.779,0.537,0.481,0.652,0.022,-0.721,-0.57,0.408,-0.576,-0.408,-0.473,-0.42,-0.004,0.0,-0.303,0.07,0.108,-0.04,-0.069,-0.426,0.67,0.447,-0.264,0.521,0.384,0.191,0.104,0.364,-0.381,-0.373,0.243,-0.418,0.414,0.041,0.141,0.543,0.524,0.518,-0.617,0.522,-0.268,0.467,-0.454,0.062,0.3,0.216,0.518,0.123,0.156,0.577,-0.038,0.47,0.168,0.582,0.33,-0.21,0.703,-0.639,-0.183,-0.343,0.039,0.011,0.513,0.195,0.476,0.324,0.239,0.476,0.194,0.595,0.191,-0.411,-0.472,0.14,0.042,-0.417,-0.106,-0.162,-0.034,0.195,-0.242,0.53,0.235,0.277,-0.21,0.618,0.061,0.521,-0.12,0.628,0.523,-0.406,-0.128,0.023,0.167,0.303,0.122,0.612,0.048,0.644,0.357,0.703,0.303,0.259,0.138,0.147,0.326,0.656,0.543,0.641,0.049,0.781,0.256,0.727,0.583,-0.499,0.546,-0.352,0.086,0.325,0.137,0.569,-0.399,-0.499,0.171,0.393,0.638,0.599,0.461,0.584,-0.136,-0.252,0.511,0.03,0.516,0.429,0.276,0.197,0.664,-0.361,0.467,0.396,-0.303,-0.276,0.567,0.59,0.052,-0.298,0.617,0.4,0.103,0.151,0.25,0.378,-0.004,0.433,-0.158,-0.264,0.698,0.834,0.156,0.621,-0.534,-0.427,-0.328,0.61,0.211,0.49,0.452,0.342,0.387,0.117,0.391,-0.256,-0.039,-0.437,0.245,0.821,0.242,0.42,0.662,0.246,0.394,0.498,-0.362,0.661,-0.026,0.344,0.635,-0.066,0.199,0.317,0.535,0.511,0.517
AUTL,0.401,-0.294,-0.184,-0.328,0.428,-0.148,0.084,0.146,-0.039,-0.257,0.203,0.213,-0.253,0.042,0.247,0.44,0.302,0.563,-0.303,0.0,-0.398,0.38,-0.195,0.278,0.031,-0.237,-0.152,0.33,-0.477,-0.257,0.095,0.176,-0.32,0.412,0.299,0.186,0.257,-0.227,-0.085,-0.258,-0.211,-0.252,-0.225,0.182,-0.362,0.118,-0.12,0.293,0.371,-0.287,-0.04,-0.233,0.379,-0.311,-0.244,0.093,0.049,0.058,-0.297,-0.104,0.403,-0.562,0.396,0.323,0.097,-0.101,0.042,-0.441,0.185,0.192,0.386,0.044,-0.046,-0.156,-0.183,0.027,0.353,0.231,0.016,0.232,0.373,-0.018,0.106,-0.011,0.024,-0.14,-0.198,-0.019,-0.22,-0.021,-0.251,0.308,-0.159,0.465,-0.108,-0.204,0.235,0.09,0.108,0.001,0.086,-0.272,-0.172,0.286,-0.415,-0.099,-0.174,-0.148,0.31,-0.16,0.039,-0.201,0.045,-0.184,0.08,-0.188,-0.296,-0.076,-0.251,-0.185,0.265,0.14,0.493,0.01,0.009,0.086,-0.29,0.358,-0.225,-0.308,-0.239,-0.333,-0.335,-0.086,-0.196,0.165,0.308,-0.177,0.395,-0.082,-0.379,0.04,0.048,-0.308,0.253,-0.38,-0.01,0.175,0.143,-0.464,-0.239,0.126,0.008,-0.186,-0.357,0.144,0.108,-0.115,-0.086,0.338,-0.049,0.164,0.303,-0.306,-0.248,0.019,-0.119,0.285,0.295,0.541,-0.335,-0.09,-0.117,-0.222,0.235,-0.091,0.043,0.108,0.515,-0.143,0.377,-0.021,-0.29,0.501,-0.109,-0.357,0.129,-0.372,-0.632,0.273,-0.259,0.165,0.001,0.02,0.002,0.072,-0.391,-0.342,-0.153,-0.154
AVDL,-0.76,0.581,0.075,0.554,-0.164,-0.339,0.348,0.172,0.24,0.28,0.061,-0.518,0.66,-0.013,0.058,-0.591,-0.508,-0.289,0.07,-0.398,0.0,-0.621,-0.12,-0.75,0.006,0.492,0.627,0.032,0.632,0.466,-0.026,-0.456,0.663,-0.37,-0.581,0.298,-0.77,0.359,0.443,0.794,0.65,0.651,0.505,-0.019,0.758,-0.723,0.288,-0.623,-0.214,0.488,0.439,0.501,-0.565,0.691,0.581,0.488,0.118,0.61,0.711,0.616,-0.686,0.171,-0.429,-0.597,-0.601,-0.37,0.757,0.534,0.471,0.064,0.011,0.629,0.321,0.686,0.639,0.39,-0.678,0.214,0.583,-0.482,-0.778,0.523,0.364,0.258,0.356,-0.167,-0.26,0.082,0.621,0.445,0.402,0.373,0.071,0.385,0.484,-0.324,-0.591,0.467,-0.481,0.635,0.531,0.802,0.49,0.066,0.568,0.622,0.47,-0.133,0.459,0.64,0.453,-0.579,-0.282,0.645,0.117,0.698,0.351,0.655,0.371,0.348,-0.737,0.382,-0.792,0.703,0.448,0.602,0.653,0.35,0.049,0.723,0.695,0.645,0.533,0.609,0.504,-0.777,-0.144,0.613,-0.028,-0.208,0.707,0.624,0.292,0.227,-0.198,0.716,0.64,-0.742,0.463,0.438,0.552,0.217,0.055,0.336,0.074,0.432,-0.662,0.739,-0.114,-0.771,0.65,-0.423,-0.673,0.414,0.215,0.339,0.552,-0.57,0.217,-0.223,0.502,-0.179,0.684,0.681,-0.708,0.445,-0.711,0.095,-0.709,0.701,-0.602,0.562,0.379,-0.613,0.581,0.611,0.151,0.228,0.434,-0.601,0.472,0.445,0.678,0.185,0.643,0.541,0.631,0.699,0.621,0.217
BCRX,0.686,-0.435,-0.061,-0.436,0.269,0.391,0.003,0.049,0.136,-0.6,-0.253,0.385,-0.574,-0.139,-0.213,0.427,0.529,0.618,0.108,0.38,-0.621,0.0,0.197,0.715,-0.237,-0.311,-0.475,-0.033,-0.559,-0.179,0.055,0.417,-0.619,0.469,0.563,0.186,0.525,-0.339,-0.531,-0.549,-0.503,-0.519,-0.449,-0.124,-0.518,0.575,-0.088,0.549,0.503,-0.452,-0.113,-0.367,0.491,-0.61,-0.361,-0.474,0.029,-0.237,-0.488,-0.509,0.718,-0.078,0.393,0.621,0.527,0.43,-0.448,-0.586,-0.111,-0.032,0.07,-0.456,-0.314,-0.589,-0.367,-0.329,0.524,-0.227,-0.551,0.591,0.654,-0.65,-0.45,-0.48,-0.338,-0.18,0.409,0.245,-0.552,-0.585,-0.266,-0.105,0.146,-0.075,-0.124,0.415,0.516,-0.556,0.536,-0.548,-0.319,-0.685,-0.316,0.304,-0.504,-0.484,-0.113,0.302,-0.095,-0.215,-0.385,0.489,0.513,-0.416,-0.014,-0.763,-0.236,-0.579,-0.278,-0.211,0.522,0.005,0.692,-0.522,-0.242,-0.454,-0.473,-0.172,-0.202,-0.555,-0.442,-0.463,-0.378,-0.324,-0.447,0.53,0.22,-0.47,-0.054,0.192,-0.494,-0.389,-0.037,0.067,-0.095,-0.605,-0.351,0.427,-0.553,-0.051,-0.327,-0.224,-0.309,-0.194,0.127,-0.35,0.473,-0.538,0.413,0.769,-0.362,0.409,0.658,-0.189,0.043,-0.385,-0.164,0.223,-0.006,0.229,-0.417,0.492,-0.378,-0.408,0.803,-0.274,0.667,-0.095,0.736,-0.365,0.62,-0.469,-0.16,0.634,-0.4,-0.458,-0.011,-0.103,-0.454,0.445,-0.317,-0.218,-0.476,-0.04,-0.555,-0.514,-0.644,-0.548,-0.356,-0.236
BHAT,0.123,-0.415,-0.358,-0.223,-0.576,0.26,-0.374,-0.57,-0.008,-0.472,-0.421,0.35,-0.477,-0.172,-0.563,-0.056,0.318,0.172,-0.04,-0.195,-0.12,0.197,0.0,0.328,-0.489,-0.184,-0.435,-0.565,-0.259,0.281,-0.351,-0.244,-0.489,0.412,0.326,-0.142,0.144,-0.611,-0.534,-0.308,-0.216,-0.353,-0.488,0.099,-0.319,0.168,-0.56,0.321,-0.181,-0.44,0.219,-0.452,-0.011,0.013,-0.189,-0.668,-0.068,-0.103,-0.25,-0.453,-0.017,0.226,0.199,0.299,0.498,0.237,-0.079,-0.276,-0.066,-0.246,-0.502,-0.558,-0.394,-0.457,-0.271,-0.676,0.053,-0.533,-0.586,-0.091,0.198,-0.595,-0.549,-0.701,-0.609,-0.299,0.454,0.379,-0.339,-0.535,-0.435,-0.603,0.304,-0.302,-0.027,0.367,0.396,-0.639,0.555,-0.531,-0.391,-0.391,-0.096,-0.008,-0.156,-0.544,0.111,-0.224,-0.371,0.224,-0.604,0.261,0.312,-0.252,-0.163,-0.484,-0.22,-0.479,-0.323,-0.562,0.295,-0.389,0.154,-0.438,-0.345,-0.462,-0.229,-0.225,0.456,-0.477,-0.23,-0.317,-0.304,-0.488,-0.418,0.288,-0.249,-0.373,-0.562,-0.009,-0.042,-0.556,-0.026,0.294,-0.423,-0.269,-0.324,-0.048,-0.357,-0.14,-0.1,-0.754,-0.461,-0.433,0.493,-0.563,-0.067,-0.342,0.5,0.273,-0.415,0.554,0.216,0.195,0.01,-0.672,-0.285,-0.232,0.022,-0.522,-0.119,0.498,-0.381,-0.118,0.122,-0.492,0.435,-0.523,0.187,0.087,0.266,-0.598,-0.142,-0.146,-0.436,-0.349,-0.639,0.526,0.105,-0.101,-0.361,-0.478,-0.434,-0.11,-0.543,-0.559,-0.378,-0.293,-0.318,-0.5
BLBD,0.798,-0.689,-0.221,-0.578,-0.006,0.37,-0.418,-0.293,-0.237,-0.535,-0.109,0.667,-0.818,0.037,-0.352,0.459,0.742,0.439,-0.069,0.278,-0.75,0.715,0.328,0.0,-0.203,-0.534,-0.679,-0.134,-0.628,-0.181,0.072,0.388,-0.788,0.583,0.697,-0.151,0.77,-0.468,-0.583,-0.756,-0.673,-0.686,-0.657,0.224,-0.773,0.697,-0.532,0.712,0.301,-0.574,-0.175,-0.623,0.483,-0.484,-0.542,-0.654,-0.182,-0.572,-0.728,-0.734,0.761,-0.067,0.538,0.678,0.74,0.673,-0.561,-0.621,-0.262,-0.149,-0.056,-0.775,-0.442,-0.803,-0.619,-0.594,0.636,-0.371,-0.737,0.592,0.849,-0.697,-0.535,-0.48,-0.555,-0.05,0.433,0.127,-0.727,-0.604,-0.455,-0.492,0.117,-0.305,-0.308,0.504,0.731,-0.609,0.626,-0.758,-0.612,-0.828,-0.494,-0.019,-0.643,-0.748,-0.274,0.007,-0.459,-0.403,-0.602,0.681,0.443,-0.62,-0.193,-0.856,-0.438,-0.788,-0.428,-0.378,0.77,-0.361,0.864,-0.741,-0.489,-0.714,-0.618,-0.395,0.072,-0.674,-0.756,-0.692,-0.498,-0.686,-0.619,0.871,0.217,-0.66,-0.139,0.106,-0.603,-0.695,-0.272,-0.092,0.077,-0.759,-0.698,0.665,-0.529,-0.368,-0.477,-0.439,-0.216,-0.393,0.203,-0.593,0.545,-0.661,0.473,0.89,-0.632,0.645,0.689,-0.306,-0.23,-0.48,-0.542,0.444,0.016,0.054,-0.476,0.365,-0.675,-0.584,0.748,-0.477,0.863,-0.114,0.811,-0.488,0.729,-0.721,-0.401,0.603,-0.652,-0.704,-0.266,0.111,-0.383,0.509,-0.607,-0.518,-0.703,-0.216,-0.734,-0.657,-0.773,-0.74,-0.61,-0.419
BMRN,0.197,0.028,0.251,-0.211,0.501,-0.581,-0.142,0.265,-0.533,0.623,0.698,-0.136,0.152,0.768,0.85,0.219,0.009,-0.472,-0.426,0.031,0.006,-0.237,-0.489,-0.203,0.0,-0.309,0.067,0.446,-0.133,-0.766,0.291,0.518,0.218,-0.312,-0.261,-0.219,0.254,0.45,0.661,-0.059,-0.238,-0.002,0.209,0.111,-0.032,0.107,0.174,-0.138,-0.009,0.258,-0.64,0.223,0.009,-0.205,-0.336,0.545,-0.502,-0.303,-0.181,-0.024,0.205,-0.574,0.055,-0.37,-0.255,-0.175,-0.148,-0.071,-0.198,-0.12,0.141,0.174,-0.008,0.207,-0.192,0.562,0.37,0.533,0.324,-0.137,0.13,0.438,0.68,0.654,0.435,0.656,-0.688,-0.602,0.01,0.683,0.091,0.358,-0.819,0.103,-0.541,-0.672,-0.21,0.588,-0.446,0.308,-0.118,0.249,-0.222,-0.304,-0.262,0.223,-0.585,0.238,-0.13,-0.466,0.511,-0.176,-0.611,-0.143,-0.25,0.366,-0.225,0.171,-0.114,0.112,0.029,-0.042,0.011,0.171,0.003,0.167,-0.226,0.074,0.138,0.287,-0.163,-0.137,0.125,0.052,0.043,-0.044,0.522,-0.054,0.508,-0.014,-0.386,0.192,-0.264,-0.839,0.804,-0.104,-0.158,0.446,0.305,-0.22,-0.339,0.676,0.829,0.13,-0.82,0.366,0.252,-0.049,-0.787,-0.262,-0.016,-0.612,0.109,-0.707,-0.579,0.328,-0.339,0.691,-0.026,0.619,-0.372,-0.477,-0.158,-0.443,-0.112,0.231,-0.381,0.218,-0.152,-0.302,-0.145,0.277,-0.373,-0.052,0.062,-0.054,0.435,-0.701,-0.419,0.515,0.047,0.159,0.012,-0.382,0.394,0.281,0.28,-0.118,-0.117,0.32
BNGO,-0.716,0.829,0.325,0.902,0.087,0.395,0.778,0.494,0.598,0.284,-0.459,-0.643,0.816,-0.377,-0.245,-0.601,-0.73,-0.105,0.67,-0.237,0.492,-0.311,-0.184,-0.534,-0.309,0.0,0.834,0.07,0.76,0.514,0.339,-0.313,0.776,-0.561,-0.674,0.123,-0.836,0.522,0.31,0.66,0.904,0.858,0.778,-0.488,0.835,-0.734,0.649,-0.651,-0.14,0.555,0.551,0.752,-0.168,0.582,0.889,0.436,0.415,0.586,0.909,0.835,-0.671,0.489,-0.801,-0.349,-0.699,-0.35,0.46,0.842,0.519,0.476,0.378,0.724,0.75,0.672,0.894,0.373,-0.84,-0.034,0.668,-0.245,-0.832,0.472,0.218,0.311,0.545,-0.208,0.172,0.154,0.75,0.241,0.634,0.399,0.385,0.198,0.708,0.167,-0.725,0.346,-0.476,0.65,0.789,0.534,0.79,0.051,0.896,0.74,0.766,-0.128,0.646,0.54,0.486,-0.2,0.196,0.813,0.666,0.568,0.809,0.761,0.753,0.714,-0.841,0.576,-0.74,0.635,0.676,0.646,0.873,0.092,-0.307,0.612,0.739,0.909,0.655,0.798,0.809,-0.621,-0.376,0.892,-0.043,0.309,0.856,0.687,0.46,0.602,-0.348,0.886,0.774,-0.686,0.268,0.492,0.909,0.289,-0.087,0.703,0.281,0.594,-0.386,0.716,0.18,-0.548,0.774,-0.439,-0.776,0.755,0.82,0.507,0.807,-0.719,0.016,-0.364,0.92,-0.18,0.819,0.846,-0.313,0.652,-0.461,0.534,-0.616,0.48,-0.674,0.686,0.89,0.003,0.821,0.888,0.348,0.38,0.671,-0.793,0.762,0.472,0.769,0.791,0.433,0.607,0.7,0.892,0.898,0.577
BUSE,-0.689,0.916,0.511,0.893,0.349,0.082,0.748,0.695,0.405,0.563,-0.13,-0.792,0.932,-0.084,0.137,-0.588,-0.754,-0.232,0.447,-0.152,0.627,-0.475,-0.435,-0.679,0.067,0.834,0.0,0.202,0.717,0.283,0.483,-0.104,0.931,-0.643,-0.861,0.143,-0.798,0.778,0.65,0.708,0.867,0.979,0.928,-0.399,0.923,-0.813,0.628,-0.858,-0.093,0.664,0.31,0.861,-0.109,0.65,0.853,0.717,0.146,0.522,0.915,0.878,-0.63,0.244,-0.812,-0.688,-0.924,-0.475,0.555,0.827,0.605,0.544,0.494,0.89,0.792,0.836,0.948,0.668,-0.7,0.143,0.879,-0.375,-0.839,0.697,0.639,0.613,0.743,-0.051,-0.251,-0.158,0.716,0.604,0.79,0.664,0.05,0.436,0.579,-0.217,-0.911,0.689,-0.658,0.877,0.824,0.797,0.805,-0.077,0.815,0.952,0.652,-0.07,0.723,0.4,0.795,-0.374,-0.015,0.886,0.673,0.792,0.78,0.931,0.73,0.753,-0.939,0.73,-0.782,0.81,0.815,0.811,0.905,0.184,-0.347,0.848,0.706,0.919,0.834,0.881,0.916,-0.722,-0.123,0.978,0.319,0.233,0.721,0.885,0.275,0.235,0.051,0.902,0.795,-0.601,0.409,0.452,0.847,0.605,0.272,0.819,-0.139,0.778,-0.316,0.877,-0.132,-0.74,0.94,-0.705,-0.785,0.521,0.549,0.661,0.758,-0.496,0.052,-0.07,0.807,-0.397,0.844,0.722,-0.436,0.81,-0.726,0.722,-0.745,0.403,-0.835,0.903,0.779,-0.022,0.902,0.895,0.553,0.159,0.421,-0.599,0.879,0.564,0.891,0.699,0.681,0.852,0.841,0.922,0.957,0.74
CAKE,0.103,0.082,-0.203,-0.077,0.515,-0.441,0.401,0.365,-0.296,0.177,0.597,0.013,0.245,0.437,0.523,0.231,-0.11,0.127,-0.264,0.33,0.032,-0.033,-0.565,-0.134,0.446,0.07,0.202,0.0,-0.126,-0.319,0.35,0.13,0.231,-0.177,-0.15,0.072,-0.096,0.313,0.478,0.171,0.104,0.108,0.209,0.202,0.041,-0.211,0.379,0.034,0.163,0.343,0.052,0.273,-0.077,-0.052,-0.027,0.68,-0.243,0.28,0.026,0.4,0.177,-0.63,0.15,0.059,-0.336,-0.3,0.198,-0.012,0.308,-0.075,0.551,0.46,0.23,0.418,0.051,0.411,-0.063,0.693,0.556,0.183,-0.004,0.648,0.511,0.539,0.679,0.301,-0.423,-0.082,0.396,0.526,-0.084,0.564,-0.335,0.522,-0.164,-0.391,-0.206,0.642,-0.607,0.497,0.401,0.099,-0.026,0.147,-0.127,0.352,-0.226,-0.062,0.449,0.009,0.558,-0.436,-0.523,0.033,-0.053,0.358,-0.212,0.355,-0.009,0.34,-0.089,0.148,0.058,0.525,0.112,0.458,-0.012,0.609,-0.141,0.359,0.192,0.032,-0.059,0.412,0.098,-0.263,0.304,0.186,0.257,-0.063,0.047,0.486,0.319,-0.452,0.427,0.046,0.183,0.028,0.618,-0.288,0.024,0.672,0.312,0.178,-0.5,0.673,-0.271,0.233,-0.424,-0.118,0.238,-0.388,-0.201,-0.45,-0.276,0.554,0.081,0.308,0.59,0.535,-0.08,-0.509,0.233,0.076,-0.141,0.309,-0.451,0.381,0.071,0.204,0.09,0.481,-0.179,0.213,0.415,0.109,0.634,-0.55,-0.326,0.041,-0.018,0.558,0.339,0.013,0.601,0.502,0.184,0.056,0.191,0.103
CASY,-0.756,0.785,0.432,0.794,-0.087,0.214,0.441,0.305,0.497,0.37,-0.302,-0.63,0.765,-0.277,-0.168,-0.645,-0.606,-0.477,0.521,-0.477,0.632,-0.559,-0.259,-0.628,-0.133,0.76,0.717,-0.126,0.0,0.436,0.094,-0.329,0.766,-0.543,-0.6,0.15,-0.718,0.534,0.351,0.731,0.72,0.756,0.675,-0.35,0.812,-0.562,0.544,-0.66,-0.142,0.581,0.353,0.598,-0.331,0.58,0.759,0.356,0.474,0.401,0.8,0.654,-0.711,0.53,-0.711,-0.485,-0.567,-0.122,0.442,0.821,0.176,0.297,0.102,0.607,0.573,0.556,0.752,0.414,-0.676,0.03,0.542,-0.273,-0.796,0.448,0.171,0.361,0.335,-0.16,0.005,0.004,0.652,0.314,0.706,0.218,0.241,0.011,0.612,0.065,-0.587,0.3,-0.448,0.527,0.545,0.65,0.547,-0.161,0.786,0.626,0.537,-0.063,0.391,0.35,0.376,-0.195,0.058,0.663,0.366,0.583,0.71,0.638,0.673,0.643,-0.749,0.419,-0.775,0.511,0.55,0.469,0.749,-0.107,-0.221,0.63,0.672,0.856,0.666,0.63,0.687,-0.552,-0.243,0.729,0.035,0.117,0.715,0.538,0.275,0.505,-0.294,0.848,0.588,-0.572,0.193,0.6,0.655,0.217,0.039,0.526,0.273,0.364,-0.282,0.646,0.05,-0.609,0.651,-0.413,-0.659,0.686,0.634,0.425,0.67,-0.576,-0.225,-0.334,0.77,-0.167,0.712,0.73,-0.454,0.571,-0.44,0.338,-0.707,0.377,-0.696,0.543,0.735,-0.325,0.584,0.812,0.207,0.301,0.717,-0.622,0.664,0.409,0.636,0.475,0.408,0.456,0.711,0.814,0.719,0.542
CCOI,-0.55,0.261,-0.183,0.451,-0.496,0.264,0.235,-0.142,0.523,-0.321,-0.432,-0.116,0.211,-0.644,-0.662,-0.505,-0.327,0.287,0.384,-0.257,0.466,-0.179,0.281,-0.181,-0.766,0.514,0.283,-0.319,0.436,0.0,-0.173,-0.656,0.165,-0.014,-0.058,0.291,-0.595,-0.127,-0.27,0.453,0.534,0.367,0.08,-0.023,0.408,-0.445,0.0,-0.193,-0.094,0.084,0.776,0.062,-0.397,0.593,0.567,-0.192,0.411,0.513,0.493,0.362,-0.455,0.62,-0.217,-0.065,-0.11,-0.057,0.485,0.322,0.398,0.079,-0.106,0.163,0.183,0.234,0.494,-0.265,-0.682,-0.265,0.034,-0.08,-0.489,-0.053,-0.38,-0.364,-0.123,-0.485,0.458,0.446,0.32,-0.342,0.123,-0.126,0.785,0.112,0.725,0.414,-0.157,-0.201,0.075,0.087,0.387,0.206,0.442,0.302,0.508,0.149,0.699,-0.261,0.335,0.651,-0.194,-0.152,0.285,0.489,0.243,0.093,0.359,0.213,0.255,0.139,-0.402,0.223,-0.417,0.251,0.211,0.187,0.561,0.147,-0.18,0.166,0.471,0.447,0.2,0.296,0.217,-0.347,-0.535,0.381,-0.43,-0.205,0.708,0.167,0.293,0.807,-0.729,0.451,0.474,-0.73,-0.018,0.433,0.569,-0.401,-0.692,0.091,0.733,-0.06,-0.578,0.488,0.636,-0.149,0.379,0.277,-0.443,0.791,0.537,0.029,0.563,-0.83,0.2,-0.602,0.598,0.328,0.507,0.725,-0.29,0.024,-0.053,-0.044,-0.253,0.622,-0.169,0.066,0.486,-0.265,0.211,0.35,-0.256,0.701,0.606,-0.715,0.183,0.023,0.339,0.355,0.07,0.056,0.078,0.466,0.411,-0.147
