,AAPL,ACRS,ADP,AFYA,AGNC,AGYS,ALT,AMGN,AMPH,AMZN,ANIP,AOSL,APDN,APLT,APVO,ARGX,ARLP,ATEX,ATRA,AUTL,AVDL,BCRX,BHAT,BLBD,BMRN,BNGO,BUSE,CAKE,CASY,CCOI,CEVA,CHY,CLDX,CLMT,COHU,COLM,COST,CPRT,CSWC,CSX,DBX,DCOM,DKNG,DMLP,DOX,EA,EDIT,ENPH,ENSG,ERNA,ESGR,ETNB,EXTR,FANG,FARO,FATE,FGEN,FIVE,FIVN,FLGT,FOLD,FORM,FOXA,FRPT,FSLR,FTAI,GBDC,GDYN,GGAL,GNLN,GRFS,GT,HCAT,HCM,HFWA,HOLX,HQY,HUBG,IAC,ICLR,IDCC,IEP,IHRT,ILMN,ILPT,IMAB,IMOS,INMD,INTZ,JAZZ,JKHY,JRVR,KIDS,LBRDK,LGND,LMAT,LPLA,LULU,MASI,MAT,MATW,MBIN,MBIO,MCRB,MDB,MDLZ,MELI,MIRM,MLKN,MNMD,MNRO,MPWR,MRCY,MRSN,MTVA,NAAS,NDAQ,NDSN,NEGG,NOVT,NVDA,NWE,NWSA,NXST,OCX,ODFL,OMAB,OPCH,OPRA,ORGO,OTRK,OZK,PAGP,PCH,PEGA,PENG,PENN,PFBC,PGNY,PHAT,PHUN,PINC,PLUG,PLXS,PYPL,QLYS,QNCX,QQQX,QVCGA,RAPT,RBBN,RCKT,REPL,RMBS,ROAD,ROKU,ROP,RUSHA,SANM,SATS,SBCF,SBLK,SBUX,SCHL,SCSC,SDGR,SEIC,SFIX,SGRY,SKYW,SLP,SNES,STAA,STLD,STOK,SWKS,TER,TFIN,TIGO,TILE,TPIC,TTEC,TTEK,TTGT,UXIN,VERU,VLYPP,VNOM,VRNS,VRSN,WDAY,WERN,WINA,WKHS,WRLD,XP,XTKG,YY,ZION,ZM
AAPL,0.0,-0.383,-0.006,0.653,-0.274,-0.293,-0.237,-0.422,-0.097,-0.308,0.008,-0.346,-0.1,-0.148,0.026,-0.642,-0.191,0.083,-0.249,0.361,-0.248,0.42,-0.225,-0.41,-0.543,-0.266,-0.412,-0.176,-0.131,-0.276,0.118,0.483,-0.189,-0.488,-0.507,-0.285,-0.09,-0.053,-0.417,0.131,0.26,-0.161,-0.074,-0.122,0.309,0.014,0.115,-0.306,-0.016,0.216,-0.008,0.255,-0.11,-0.14,-0.263,-0.013,0.117,0.426,0.178,-0.093,-0.041,-0.683,-0.123,-0.369,-0.565,-0.305,-0.438,0.635,-0.052,0.288,-0.089,-0.163,0.087,0.32,-0.42,-0.134,0.406,-0.329,-0.15,0.248,0.204,-0.186,-0.077,-0.034,-0.084,0.27,0.322,-0.225,0.18,0.566,0.051,-0.519,-0.234,0.584,0.028,0.209,0.464,0.568,-0.351,0.088,-0.294,-0.335,-0.111,-0.172,-0.198,0.517,0.004,0.139,0.417,0.099,-0.359,-0.163,-0.191,0.088,-0.13,-0.082,0.024,-0.48,0.589,0.03,-0.198,-0.271,-0.071,-0.285,0.523,-0.442,-0.449,-0.255,0.294,0.055,-0.128,-0.446,-0.323,-0.416,0.117,-0.377,0.002,-0.49,0.168,-0.464,0.237,0.136,-0.191,-0.6,0.073,0.048,0.329,-0.435,-0.071,-0.143,-0.335,0.249,0.203,-0.311,-0.329,0.454,0.215,-0.205,-0.327,-0.009,-0.275,0.022,0.515,-0.161,-0.369,0.263,-0.279,-0.53,-0.346,-0.57,0.4,0.038,0.417,-0.14,-0.518,-0.164,-0.466,0.025,-0.217,-0.052,-0.032,0.173,-0.686,-0.198,-0.036,-0.473,-0.091,-0.119,0.369,0.164,0.243,-0.211,-0.058,0.049,-0.157,0.327,-0.405,-0.049,-0.458,0.322
ACRS,-0.383,0.0,-0.161,-0.126,0.012,-0.056,0.618,0.095,0.651,-0.295,-0.414,0.813,0.681,0.17,0.469,0.292,-0.199,0.665,0.58,-0.51,-0.133,0.358,0.472,-0.127,0.439,0.862,0.765,0.617,-0.34,0.811,0.521,-0.039,0.824,0.824,0.555,0.617,0.435,-0.593,-0.091,0.609,-0.33,0.212,-0.436,-0.511,0.335,0.581,0.643,0.909,0.516,-0.444,-0.18,0.298,0.71,-0.562,0.51,0.738,-0.608,0.348,-0.565,0.705,0.786,0.636,-0.423,-0.231,0.568,-0.344,-0.216,0.052,-0.571,-0.465,-0.011,-0.348,0.642,-0.72,0.855,0.189,-0.14,0.71,0.034,0.341,0.254,0.728,0.531,0.459,-0.074,-0.38,-0.546,0.818,0.037,-0.551,0.743,0.525,0.634,-0.03,0.491,0.194,-0.073,0.133,-0.19,0.326,0.516,0.832,0.723,0.812,0.762,0.044,-0.08,0.439,-0.073,-0.464,0.847,0.736,0.745,0.627,0.715,0.658,-0.416,0.013,-0.287,0.496,-0.178,-0.09,0.387,-0.157,-0.163,0.335,-0.21,0.371,-0.462,0.64,-0.335,0.363,-0.23,0.502,0.028,-0.134,0.437,0.363,-0.496,0.044,0.352,-0.337,0.827,0.617,-0.679,0.463,-0.044,0.03,0.682,0.617,-0.098,0.4,0.441,0.577,-0.323,-0.259,-0.296,-0.361,0.824,0.23,0.483,0.051,0.156,0.53,0.736,0.088,-0.164,0.462,0.775,0.291,0.222,0.67,-0.444,-0.469,0.136,0.408,0.175,-0.243,-0.492,-0.4,0.663,0.629,0.579,-0.044,-0.29,0.295,-0.601,-0.551,0.343,0.456,-0.66,0.467,0.288,0.708,-0.208,-0.278,0.313,-0.085,0.482,0.253
ADP,-0.006,-0.161,0.0,-0.352,0.606,0.608,-0.339,0.523,-0.118,0.62,0.644,-0.193,-0.145,0.56,-0.348,0.458,0.435,-0.355,0.211,0.49,0.718,0.112,-0.323,0.681,0.276,-0.049,0.31,-0.115,0.648,-0.33,-0.246,0.008,-0.383,-0.121,0.192,-0.097,-0.035,0.622,0.603,-0.196,0.44,0.721,0.645,0.461,-0.246,-0.451,-0.467,-0.062,0.208,0.306,0.518,-0.554,-0.026,0.543,0.454,-0.257,0.48,-0.576,0.595,-0.442,-0.232,0.192,0.604,0.682,0.268,0.655,0.461,-0.08,0.607,0.464,0.322,0.741,-0.314,0.154,0.141,0.273,-0.223,0.287,0.696,-0.067,0.031,-0.378,-0.108,0.438,0.756,0.387,0.708,-0.178,-0.215,0.343,-0.048,0.279,0.288,-0.274,-0.016,0.009,-0.039,-0.445,0.475,0.082,0.5,0.126,-0.133,-0.324,-0.287,-0.056,0.154,-0.524,-0.4,0.353,0.161,-0.379,-0.308,-0.452,-0.397,-0.091,0.661,0.68,-0.206,0.09,0.343,0.58,0.193,0.614,-0.014,0.476,0.516,0.567,0.235,-0.424,0.546,0.636,0.563,0.438,0.474,0.71,-0.103,0.628,0.668,0.537,-0.251,0.646,-0.165,-0.017,0.614,-0.205,-0.324,0.723,-0.183,0.04,0.662,-0.05,-0.391,0.167,0.619,0.219,0.7,0.711,-0.195,0.056,0.568,0.228,0.117,0.125,0.272,0.39,0.747,0.466,-0.04,0.555,-0.119,-0.466,0.281,0.612,0.354,0.371,0.711,0.796,0.526,0.722,-0.056,-0.4,0.227,0.736,0.132,0.14,0.624,0.615,-0.347,-0.251,0.602,0.37,0.302,-0.53,0.776,0.314,0.183,-0.179,0.526,-0.215
AFYA,0.653,-0.126,-0.352,0.0,-0.575,-0.682,0.132,-0.75,0.253,-0.682,-0.294,0.018,0.273,-0.269,0.462,-0.618,-0.636,0.515,-0.312,0.042,-0.403,0.519,0.114,-0.808,-0.818,-0.008,-0.307,-0.166,-0.504,0.088,0.41,0.708,0.259,-0.134,-0.601,-0.136,0.286,-0.477,-0.805,0.589,-0.049,-0.285,-0.37,-0.616,0.646,0.405,0.557,-0.09,0.071,-0.123,-0.468,0.682,0.165,-0.6,-0.302,0.306,-0.171,0.68,-0.346,0.343,0.268,-0.62,-0.657,-0.715,-0.75,-0.708,-0.83,0.821,-0.424,0.101,-0.479,-0.667,0.546,0.086,-0.288,-0.496,0.456,-0.221,-0.602,0.516,0.401,0.267,0.002,-0.066,-0.499,-0.142,-0.007,0.155,0.673,0.371,0.238,-0.478,-0.406,0.697,0.14,0.469,0.565,0.882,-0.73,0.077,-0.413,-0.08,0.269,0.22,0.236,0.751,0.214,0.637,0.704,-0.226,-0.252,0.291,0.115,0.569,0.369,0.065,-0.51,-0.791,0.89,0.272,-0.191,-0.71,-0.037,-0.706,0.68,-0.293,-0.869,-0.464,-0.013,0.313,-0.655,-0.678,-0.713,-0.525,-0.007,-0.717,0.011,-0.682,-0.283,-0.716,0.538,-0.265,0.191,-0.45,-0.406,0.317,0.718,-0.751,0.21,0.004,-0.73,0.58,0.624,0.004,-0.793,0.109,-0.196,-0.651,0.021,0.103,-0.308,0.21,0.444,-0.024,-0.27,0.25,-0.726,-0.593,-0.168,-0.748,0.739,0.509,0.031,-0.598,-0.927,-0.302,-0.681,-0.357,-0.659,-0.397,0.07,0.538,-0.686,-0.557,-0.017,-0.721,-0.525,-0.575,0.791,0.437,-0.108,-0.182,-0.33,0.441,-0.667,0.083,-0.531,0.041,-0.725,0.51
AGNC,-0.274,0.012,0.606,-0.575,0.0,0.494,-0.077,0.766,-0.273,0.582,0.472,0.084,-0.048,0.363,-0.622,0.596,0.506,-0.423,0.397,0.144,0.617,-0.102,-0.273,0.657,0.41,0.016,0.456,-0.004,0.432,-0.164,0.047,-0.087,-0.21,0.05,0.421,0.245,-0.373,0.506,0.83,-0.251,0.148,0.611,0.44,0.415,-0.234,-0.239,-0.375,0.156,0.101,0.567,0.713,-0.419,-0.049,0.524,0.275,-0.118,0.324,-0.587,0.578,-0.229,-0.314,0.439,0.693,0.728,0.639,0.566,0.658,-0.329,0.479,0.183,0.663,0.76,-0.359,0.203,0.342,0.475,-0.243,0.387,0.696,-0.222,-0.122,-0.492,0.277,0.399,0.785,0.599,0.453,-0.169,-0.447,-0.14,-0.048,0.171,0.476,-0.179,-0.08,-0.326,-0.373,-0.578,0.568,0.418,0.612,0.232,-0.309,-0.374,-0.333,-0.203,0.181,-0.491,-0.534,0.319,0.237,-0.2,0.02,-0.362,-0.396,0.096,0.653,0.686,-0.368,0.179,0.327,0.781,0.474,0.809,-0.268,0.518,0.549,0.663,0.547,-0.141,0.483,0.669,0.563,0.716,0.364,0.646,0.33,0.655,0.696,0.503,-0.455,0.579,-0.101,0.25,0.481,0.145,-0.409,0.811,0.143,-0.133,0.624,-0.106,-0.306,0.193,0.67,0.342,0.696,0.602,0.041,0.501,0.537,0.316,0.064,0.279,0.211,0.398,0.831,0.586,0.077,0.684,-0.312,-0.357,0.32,0.498,0.572,0.688,0.764,0.542,0.482,0.513,0.261,-0.321,0.477,0.793,0.164,0.446,0.521,0.523,-0.426,-0.368,0.344,0.633,0.277,-0.411,0.781,0.563,0.269,-0.268,0.713,-0.022
AGYS,-0.293,-0.056,0.608,-0.682,0.494,0.0,-0.344,0.565,-0.204,0.766,0.514,-0.255,-0.406,0.428,-0.308,0.414,0.662,-0.574,0.243,0.364,0.581,-0.199,-0.435,0.877,0.472,-0.107,0.222,0.114,0.784,-0.365,-0.58,-0.577,-0.525,-0.038,0.557,-0.117,-0.139,0.73,0.71,-0.5,0.399,0.521,0.559,0.765,-0.597,-0.622,-0.7,-0.097,-0.035,0.132,0.543,-0.793,-0.229,0.753,0.454,-0.4,0.403,-0.691,0.463,-0.613,-0.268,0.435,0.745,0.732,0.534,0.856,0.74,-0.404,0.68,0.17,0.399,0.821,-0.572,0.064,0.122,0.436,-0.212,0.123,0.776,-0.34,-0.427,-0.333,-0.236,0.145,0.549,0.179,0.424,-0.246,-0.583,0.255,-0.138,0.563,0.328,-0.661,0.1,-0.152,0.028,-0.723,0.753,-0.235,0.474,0.009,-0.151,-0.285,-0.361,-0.531,-0.373,-0.741,-0.718,0.419,0.139,-0.52,-0.377,-0.711,-0.544,-0.363,0.716,0.887,-0.639,-0.256,0.234,0.791,-0.271,0.568,-0.441,0.267,0.804,0.42,-0.056,-0.463,0.781,0.765,0.863,0.314,0.052,0.814,-0.298,0.716,0.438,0.725,-0.432,0.531,-0.253,0.231,0.618,-0.573,-0.665,0.779,-0.412,0.171,0.864,-0.469,-0.703,-0.022,0.791,-0.095,0.373,0.867,-0.371,-0.338,0.442,-0.226,-0.238,-0.252,0.309,0.009,0.751,0.615,-0.097,0.642,-0.574,-0.685,0.208,0.851,0.743,0.189,0.768,0.755,0.807,0.688,-0.219,-0.542,0.457,0.721,-0.032,0.502,0.74,0.781,-0.697,-0.387,0.353,0.058,0.491,-0.602,0.8,-0.073,0.643,0.043,0.669,-0.728
ALT,-0.237,0.618,-0.339,0.132,-0.077,-0.344,0.0,-0.099,0.441,-0.344,-0.684,0.611,0.441,-0.361,0.412,0.025,-0.534,0.621,0.186,-0.649,-0.335,0.137,0.473,-0.387,-0.004,0.548,0.434,0.528,-0.724,0.841,0.575,0.071,0.759,0.685,0.363,0.695,0.345,-0.574,-0.173,0.591,-0.429,-0.119,-0.643,-0.624,0.545,0.831,0.677,0.582,0.261,-0.366,-0.103,0.492,0.405,-0.616,-0.007,0.571,-0.607,0.521,-0.613,0.663,0.583,0.44,-0.51,-0.36,0.308,-0.56,-0.242,0.061,-0.694,-0.63,-0.302,-0.504,0.543,-0.266,0.618,-0.124,0.195,0.52,-0.204,0.463,0.186,0.513,0.563,0.038,-0.357,-0.413,-0.59,0.736,0.167,-0.578,0.629,-0.022,0.321,0.287,0.483,0.151,-0.102,0.383,-0.41,0.383,0.15,0.497,0.431,0.506,0.704,0.064,0.136,0.633,-0.022,-0.76,0.333,0.715,0.761,0.692,0.614,0.409,-0.671,-0.266,0.018,0.292,-0.339,-0.29,0.297,-0.17,-0.089,0.181,-0.41,0.05,-0.25,0.655,-0.555,-0.087,-0.426,0.1,-0.322,-0.485,0.591,-0.089,-0.529,-0.342,0.184,-0.57,0.528,0.525,-0.686,0.673,0.114,-0.14,0.679,0.218,-0.339,0.405,0.604,0.334,-0.518,-0.185,-0.334,-0.574,0.797,0.532,0.033,-0.041,0.268,0.2,0.369,-0.029,-0.371,0.167,0.605,-0.016,0.209,0.713,-0.328,-0.636,-0.109,0.357,-0.124,-0.427,-0.588,-0.706,0.413,0.661,0.252,-0.345,-0.411,0.165,-0.632,-0.627,0.461,0.484,-0.624,0.272,0.207,0.688,-0.496,-0.054,0.133,0.278,0.058,0.427
AMGN,-0.422,0.095,0.523,-0.75,0.766,0.565,-0.099,0.0,-0.099,0.576,0.559,-0.06,-0.113,0.443,-0.506,0.647,0.379,-0.397,0.212,0.245,0.582,-0.124,0.039,0.753,0.754,0.145,0.448,-0.127,0.521,-0.022,-0.279,-0.221,-0.186,-0.02,0.413,0.308,-0.12,0.475,0.756,-0.395,0.314,0.547,0.531,0.392,-0.474,-0.367,-0.404,0.111,0.34,0.261,0.563,-0.547,0.04,0.468,0.394,-0.242,0.463,-0.575,0.584,-0.22,-0.151,0.45,0.623,0.803,0.628,0.626,0.674,-0.54,0.498,0.14,0.42,0.672,-0.344,0.045,0.355,0.404,-0.489,0.431,0.653,-0.166,0.074,-0.32,0.019,0.439,0.758,0.39,0.285,-0.091,-0.685,-0.135,-0.175,0.362,0.448,-0.317,-0.32,-0.182,-0.536,-0.719,0.654,0.169,0.651,0.155,-0.231,-0.23,-0.157,-0.34,0.111,-0.53,-0.497,0.125,0.335,-0.212,-0.121,-0.441,-0.28,0.108,0.614,0.748,-0.573,0.078,0.345,0.636,0.413,0.777,-0.296,0.361,0.675,0.735,0.232,-0.3,0.61,0.729,0.502,0.693,0.427,0.728,0.147,0.662,0.629,0.739,-0.296,0.525,-0.098,0.136,0.5,-0.123,-0.394,0.76,-0.045,0.008,0.741,-0.176,-0.338,0.238,0.7,0.311,0.578,0.664,0.06,0.175,0.563,0.042,0.036,0.294,0.335,0.125,0.843,0.592,0.316,0.771,-0.391,-0.402,-0.084,0.529,0.736,0.427,0.737,0.542,0.491,0.542,0.056,-0.346,0.419,0.716,0.329,0.364,0.482,0.52,-0.524,-0.493,0.381,0.381,0.363,-0.418,0.729,0.27,0.278,-0.358,0.651,-0.128
AMPH,-0.097,0.651,-0.118,0.253,-0.273,-0.204,0.441,-0.099,0.0,-0.403,-0.151,0.592,0.707,0.345,0.656,0.056,-0.525,0.805,0.33,-0.081,-0.042,0.662,0.592,-0.289,0.132,0.789,0.597,0.16,-0.243,0.657,0.355,0.35,0.745,0.55,0.124,0.468,0.752,-0.596,-0.473,0.691,0.149,0.216,-0.213,-0.654,0.438,0.434,0.706,0.679,0.704,-0.588,-0.36,0.348,0.888,-0.69,0.609,0.611,-0.245,0.471,-0.481,0.716,0.904,0.203,-0.662,-0.308,0.064,-0.436,-0.581,0.439,-0.499,-0.219,-0.37,-0.514,0.844,-0.697,0.578,-0.23,-0.191,0.573,-0.12,0.735,0.611,0.817,0.192,0.554,-0.105,-0.375,-0.359,0.793,0.252,-0.054,0.558,0.46,0.43,0.152,0.32,0.622,0.092,0.375,-0.325,0.109,0.406,0.743,0.856,0.897,0.856,0.415,0.159,0.602,0.307,-0.48,0.678,0.691,0.438,0.657,0.825,0.57,-0.482,-0.217,0.176,0.651,0.087,-0.468,0.35,-0.391,0.254,0.245,-0.487,0.383,-0.515,0.484,-0.427,0.188,-0.465,0.319,0.331,-0.197,0.133,0.192,-0.403,0.008,0.747,-0.248,0.832,0.183,-0.616,0.24,0.44,-0.165,0.545,0.707,-0.197,0.664,0.619,0.648,-0.521,-0.097,-0.248,-0.376,0.636,0.024,0.493,0.088,0.378,0.553,0.63,0.291,-0.36,0.331,0.689,0.021,0.633,0.658,-0.661,-0.524,-0.3,0.067,0.033,-0.105,-0.62,-0.284,0.504,0.721,0.114,-0.096,0.133,-0.306,-0.608,-0.579,0.636,0.424,-0.365,0.263,0.254,0.651,-0.343,-0.349,0.016,-0.243,0.054,0.377
AMZN,-0.308,-0.295,0.62,-0.682,0.582,0.766,-0.344,0.576,-0.403,0.0,0.562,-0.324,-0.473,0.329,-0.522,0.533,0.617,-0.725,0.101,0.361,0.612,-0.425,-0.389,0.833,0.376,-0.333,0.056,-0.067,0.72,-0.505,-0.519,-0.462,-0.601,-0.147,0.342,-0.157,-0.252,0.863,0.803,-0.656,0.437,0.428,0.661,0.797,-0.558,-0.635,-0.775,-0.296,-0.263,0.187,0.599,-0.765,-0.391,0.843,0.214,-0.533,0.489,-0.807,0.585,-0.629,-0.528,0.368,0.764,0.812,0.37,0.886,0.814,-0.496,0.782,0.208,0.397,0.843,-0.701,0.329,-0.069,0.288,-0.344,0.006,0.693,-0.412,-0.409,-0.483,-0.205,-0.008,0.551,0.364,0.47,-0.369,-0.486,0.129,-0.418,0.241,0.162,-0.647,-0.104,-0.219,-0.232,-0.725,0.756,-0.18,0.209,-0.161,-0.458,-0.519,-0.458,-0.609,0.006,-0.642,-0.587,0.529,-0.121,-0.556,-0.477,-0.765,-0.677,-0.485,0.687,0.81,-0.482,-0.272,0.456,0.686,-0.126,0.757,-0.337,0.38,0.826,0.366,0.308,-0.525,0.68,0.583,0.841,0.269,0.083,0.816,-0.182,0.591,0.566,0.636,-0.625,0.409,-0.436,0.217,0.749,-0.439,-0.604,0.844,-0.439,-0.061,0.802,-0.451,-0.711,-0.076,0.896,0.091,0.392,0.852,-0.366,-0.116,0.247,-0.041,-0.34,-0.274,0.109,-0.004,0.819,0.453,-0.229,0.678,-0.615,-0.728,0.231,0.835,0.657,0.238,0.711,0.676,0.839,0.692,-0.312,-0.744,0.408,0.652,0.162,0.445,0.834,0.829,-0.705,-0.596,0.538,0.09,0.317,-0.767,0.785,0.169,0.321,0.125,0.534,-0.583
ANIP,0.008,-0.414,0.644,-0.294,0.472,0.514,-0.684,0.559,-0.151,0.562,0.0,-0.436,-0.233,0.667,-0.433,0.361,0.384,-0.534,-0.015,0.803,0.74,0.045,-0.225,0.642,0.249,-0.22,0.049,-0.599,0.846,-0.593,-0.504,0.129,-0.566,-0.484,-0.144,-0.292,-0.075,0.699,0.43,-0.441,0.71,0.596,0.891,0.516,-0.513,-0.794,-0.602,-0.321,0.198,0.362,0.335,-0.561,-0.1,0.599,0.387,-0.501,0.826,-0.648,0.764,-0.519,-0.38,-0.148,0.562,0.708,-0.041,0.714,0.38,-0.088,0.825,0.72,0.316,0.68,-0.387,0.225,-0.223,0.164,-0.483,0.001,0.519,-0.113,0.175,-0.44,-0.437,0.403,0.758,0.567,0.743,-0.454,-0.352,0.54,-0.491,0.245,0.012,-0.285,-0.48,0.104,-0.165,-0.54,0.618,-0.188,0.355,-0.144,-0.286,-0.396,-0.465,0.017,0.184,-0.603,-0.084,0.582,0.013,-0.536,-0.643,-0.632,-0.466,-0.192,0.79,0.587,-0.055,0.076,0.645,0.427,0.105,0.469,0.163,0.253,0.506,0.505,0.338,-0.616,0.637,0.494,0.482,0.364,0.694,0.774,-0.372,0.472,0.829,0.684,-0.128,0.798,-0.287,-0.404,0.777,-0.492,-0.05,0.559,-0.418,0.006,0.623,-0.106,-0.437,0.114,0.665,0.402,0.67,0.789,-0.491,-0.227,0.479,0.289,-0.02,0.16,0.039,0.356,0.71,0.3,-0.212,0.44,-0.075,-0.664,0.052,0.703,0.253,-0.025,0.559,0.748,0.589,0.9,-0.22,-0.556,-0.076,0.722,0.662,-0.202,0.708,0.692,-0.391,-0.671,0.81,0.081,0.058,-0.7,0.75,0.28,-0.039,-0.501,0.244,-0.255
AOSL,-0.346,0.813,-0.193,0.018,0.084,-0.255,0.611,-0.06,0.592,-0.324,-0.436,0.0,0.722,0.12,0.398,0.307,-0.174,0.685,0.539,-0.626,-0.125,0.33,0.378,-0.29,0.18,0.747,0.724,0.501,-0.448,0.728,0.788,0.159,0.844,0.816,0.474,0.619,0.343,-0.632,-0.122,0.679,-0.421,0.168,-0.456,-0.6,0.547,0.682,0.722,0.908,0.392,-0.293,-0.102,0.481,0.7,-0.611,0.386,0.85,-0.652,0.347,-0.54,0.789,0.652,0.612,-0.5,-0.337,0.448,-0.451,-0.332,0.161,-0.638,-0.427,0.065,-0.375,0.695,-0.639,0.782,0.091,-0.106,0.692,-0.056,0.371,0.261,0.644,0.731,0.42,-0.063,-0.306,-0.487,0.768,0.242,-0.647,0.694,0.32,0.603,0.095,0.464,0.179,-0.052,0.268,-0.334,0.407,0.408,0.852,0.677,0.701,0.688,0.149,0.155,0.533,0.054,-0.329,0.722,0.867,0.854,0.729,0.735,0.729,-0.463,-0.093,-0.053,0.673,-0.048,-0.145,0.529,-0.202,-0.063,0.494,-0.373,0.301,-0.197,0.784,-0.547,0.215,-0.338,0.511,0.091,-0.221,0.604,0.255,-0.464,-0.154,0.327,-0.358,0.844,0.652,-0.728,0.665,0.112,-0.027,0.84,0.463,-0.244,0.478,0.552,0.701,-0.379,-0.219,-0.241,-0.478,0.865,0.484,0.409,0.367,0.137,0.617,0.58,0.318,-0.234,0.369,0.689,0.223,0.364,0.727,-0.343,-0.601,-0.062,0.581,0.163,-0.33,-0.585,-0.457,0.8,0.669,0.558,-0.112,-0.194,0.176,-0.632,-0.648,0.497,0.501,-0.658,0.679,0.176,0.727,-0.262,-0.074,0.102,-0.077,0.384,0.441
APDN,-0.1,0.681,-0.145,0.273,-0.048,-0.406,0.441,-0.113,0.707,-0.473,-0.233,0.722,0.0,0.253,0.401,0.184,-0.421,0.753,0.53,-0.284,-0.088,0.577,0.4,-0.31,0.062,0.662,0.572,0.182,-0.395,0.624,0.657,0.434,0.802,0.634,-0.013,0.303,0.508,-0.687,-0.363,0.783,-0.218,0.157,-0.235,-0.649,0.5,0.55,0.728,0.733,0.538,-0.225,-0.433,0.367,0.855,-0.679,0.463,0.638,-0.414,0.401,-0.428,0.747,0.745,0.204,-0.58,-0.337,0.13,-0.494,-0.547,0.363,-0.529,-0.101,-0.171,-0.476,0.785,-0.593,0.529,-0.248,-0.117,0.466,-0.115,0.501,0.468,0.614,0.315,0.568,-0.129,-0.193,-0.248,0.634,0.483,-0.294,0.495,0.202,0.411,0.203,0.337,0.226,0.002,0.37,-0.476,0.462,0.293,0.783,0.72,0.733,0.695,0.532,0.339,0.592,0.341,-0.399,0.638,0.704,0.524,0.74,0.759,0.747,-0.471,-0.331,0.256,0.65,0.083,-0.381,0.496,-0.35,0.337,0.474,-0.558,0.336,-0.287,0.49,-0.546,0.076,-0.425,0.424,0.354,-0.212,0.346,0.133,-0.366,-0.131,0.574,-0.275,0.765,0.184,-0.674,0.588,0.453,-0.115,0.634,0.319,-0.358,0.644,0.549,0.603,-0.524,-0.174,-0.172,-0.498,0.723,0.363,0.389,0.389,0.364,0.678,0.475,0.24,-0.344,0.245,0.525,-0.025,0.568,0.769,-0.4,-0.614,-0.369,0.275,0.033,-0.327,-0.703,-0.286,0.654,0.632,0.236,-0.015,0.028,-0.177,-0.64,-0.605,0.615,0.472,-0.344,0.454,-0.116,0.608,-0.321,-0.105,-0.04,-0.232,0.097,0.567
APLT,-0.148,0.17,0.56,-0.269,0.363,0.428,-0.361,0.443,0.345,0.329,0.667,0.12,0.253,0.0,-0.06,0.515,0.262,0.006,0.411,0.484,0.665,0.399,0.041,0.479,0.412,0.26,0.508,-0.234,0.627,-0.123,-0.104,0.148,-0.017,0.082,0.113,-0.03,0.244,0.243,0.245,0.027,0.523,0.728,0.649,0.174,-0.216,-0.402,-0.129,0.229,0.445,-0.06,0.162,-0.368,0.433,0.189,0.778,0.039,0.411,-0.418,0.358,-0.04,0.193,0.18,0.214,0.451,0.195,0.454,0.094,0.084,0.381,0.364,0.276,0.412,0.107,-0.278,0.278,0.067,-0.535,0.363,0.554,0.114,0.324,0.096,-0.111,0.679,0.656,0.272,0.423,0.094,-0.164,0.277,-0.025,0.598,0.375,-0.342,-0.108,0.252,-0.082,-0.34,0.302,-0.086,0.575,0.421,0.295,0.208,0.063,0.104,0.158,-0.273,-0.028,0.289,0.506,-0.041,-0.222,-0.198,0.072,0.208,0.427,0.474,-0.122,0.419,0.56,0.222,0.293,0.254,0.156,0.498,0.267,0.632,-0.054,-0.232,0.293,0.709,0.294,0.63,0.716,0.661,-0.209,0.71,0.38,0.634,0.226,0.46,0.309,-0.025,0.28,-0.212,-0.035,0.479,0.02,0.402,0.55,0.21,-0.167,0.524,0.37,0.121,0.379,0.503,-0.009,-0.144,0.757,0.31,0.083,0.502,0.445,0.442,0.469,0.562,0.232,0.548,0.187,-0.185,-0.206,0.341,0.199,0.204,0.64,0.596,0.225,0.621,0.218,-0.116,0.273,0.663,0.455,-0.108,0.301,0.284,-0.069,-0.221,0.41,0.391,0.191,-0.226,0.548,0.066,0.137,-0.452,0.498,-0.114
APVO,0.026,0.469,-0.348,0.462,-0.622,-0.308,0.412,-0.506,0.656,-0.522,-0.433,0.398,0.401,-0.06,0.0,-0.289,-0.603,0.724,-0.043,-0.213,-0.313,0.354,0.476,-0.53,-0.19,0.541,0.228,0.284,-0.391,0.514,0.29,0.265,0.576,0.406,0.037,0.286,0.777,-0.559,-0.658,0.615,-0.109,-0.107,-0.486,-0.648,0.498,0.479,0.646,0.374,0.387,-0.708,-0.477,0.564,0.494,-0.692,0.151,0.587,-0.393,0.656,-0.705,0.62,0.671,0.042,-0.783,-0.597,-0.229,-0.569,-0.648,0.427,-0.551,-0.321,-0.678,-0.678,0.72,-0.503,0.305,-0.287,0.128,0.232,-0.456,0.567,0.404,0.842,0.079,0.091,-0.517,-0.643,-0.454,0.682,0.38,-0.054,0.529,0.179,0.056,0.218,0.355,0.667,0.366,0.56,-0.472,-0.167,0.012,0.39,0.743,0.732,0.735,0.34,-0.093,0.668,0.348,-0.41,0.283,0.62,0.384,0.63,0.667,0.208,-0.674,-0.4,0.271,0.363,-0.149,-0.583,-0.091,-0.668,0.154,-0.021,-0.584,-0.123,-0.614,0.505,-0.543,-0.21,-0.573,-0.233,-0.13,-0.502,0.016,-0.231,-0.659,-0.276,0.57,-0.479,0.607,0.105,-0.653,0.15,0.389,-0.514,0.277,0.635,-0.437,0.506,0.598,0.347,-0.687,-0.301,-0.476,-0.568,0.396,-0.128,0.078,-0.158,0.192,0.086,0.382,0.016,-0.642,-0.15,0.429,-0.278,0.545,0.609,-0.482,-0.58,-0.442,-0.194,-0.321,-0.321,-0.601,-0.532,0.117,0.667,-0.122,-0.501,-0.1,-0.336,-0.678,-0.656,0.654,0.501,-0.509,-0.067,0.081,0.673,-0.646,-0.412,-0.061,0.095,-0.246,0.187
ARGX,-0.642,0.292,0.458,-0.618,0.596,0.414,0.025,0.647,0.056,0.533,0.361,0.307,0.184,0.515,-0.289,0.0,0.306,-0.133,0.442,0.015,0.625,-0.077,0.088,0.592,0.573,0.244,0.554,-0.088,0.4,0.109,-0.002,-0.133,0.09,0.347,0.396,0.213,0.054,0.282,0.573,-0.081,0.067,0.575,0.457,0.218,-0.298,-0.189,-0.173,0.312,0.198,0.011,0.26,-0.412,0.248,0.28,0.546,-0.016,0.16,-0.661,0.232,-0.011,0.01,0.648,0.339,0.641,0.559,0.507,0.449,-0.426,0.312,0.055,0.318,0.473,-0.1,-0.256,0.451,0.109,-0.591,0.442,0.521,-0.147,0.023,-0.001,0.151,0.5,0.542,0.18,0.144,0.142,-0.219,-0.281,-0.082,0.493,0.39,-0.522,-0.076,-0.128,-0.451,-0.571,0.409,0.02,0.498,0.422,0.076,0.041,0.088,-0.284,0.33,-0.268,-0.321,0.108,0.46,0.053,0.063,-0.198,0.027,0.238,0.314,0.64,-0.406,0.221,0.433,0.393,0.376,0.529,-0.233,0.706,0.498,0.559,0.009,-0.185,0.236,0.708,0.418,0.702,0.357,0.691,0.054,0.73,0.253,0.645,-0.2,0.228,0.207,0.411,0.224,0.046,-0.293,0.707,0.128,0.131,0.573,0.006,-0.231,0.546,0.528,-0.089,0.232,0.457,0.267,0.2,0.592,0.315,-0.17,0.427,0.414,0.147,0.593,0.666,0.346,0.751,-0.2,-0.164,-0.179,0.301,0.488,0.444,0.759,0.383,0.296,0.459,0.213,-0.261,0.63,0.586,0.219,0.327,0.318,0.283,-0.33,-0.338,0.206,0.476,0.156,-0.233,0.505,0.064,0.25,-0.197,0.669,-0.155
ARLP,-0.191,-0.199,0.435,-0.636,0.506,0.662,-0.534,0.379,-0.525,0.617,0.384,-0.174,-0.421,0.262,-0.603,0.306,0.0,-0.672,0.272,0.125,0.358,-0.348,-0.598,0.665,0.363,-0.344,-0.029,0.121,0.616,-0.558,-0.346,-0.574,-0.583,-0.152,0.362,-0.282,-0.641,0.594,0.697,-0.602,0.05,0.254,0.404,0.789,-0.535,-0.587,-0.695,-0.141,-0.378,0.455,0.528,-0.657,-0.411,0.763,0.152,-0.345,0.186,-0.69,0.509,-0.653,-0.556,0.226,0.781,0.519,0.441,0.701,0.702,-0.442,0.539,0.177,0.761,0.778,-0.686,0.172,-0.085,0.561,-0.171,-0.123,0.575,-0.675,-0.619,-0.577,0.006,-0.061,0.535,0.392,0.367,-0.543,-0.446,0.01,-0.253,0.275,0.225,-0.581,-0.039,-0.548,-0.092,-0.652,0.604,-0.054,0.184,-0.129,-0.412,-0.488,-0.67,-0.546,-0.382,-0.767,-0.606,0.691,-0.003,-0.565,-0.27,-0.684,-0.637,-0.232,0.726,0.645,-0.583,-0.346,0.045,0.799,-0.149,0.559,-0.48,0.131,0.731,0.155,0.296,-0.365,0.673,0.489,0.797,0.284,0.009,0.628,-0.134,0.509,0.422,0.43,-0.598,0.468,-0.377,0.245,0.555,-0.411,-0.722,0.577,-0.306,-0.172,0.573,-0.633,-0.756,-0.268,0.783,-0.0,0.351,0.665,-0.424,-0.197,0.13,-0.029,-0.369,-0.168,-0.054,-0.004,0.649,0.332,-0.343,0.451,-0.628,-0.662,0.516,0.712,0.663,0.25,0.514,0.44,0.762,0.548,-0.002,-0.641,0.459,0.553,-0.127,0.609,0.672,0.69,-0.751,-0.374,0.231,0.15,0.15,-0.58,0.76,0.092,0.424,-0.069,0.585,-0.57
ATEX,0.083,0.665,-0.355,0.515,-0.423,-0.574,0.621,-0.397,0.805,-0.725,-0.534,0.685,0.753,0.006,0.724,-0.133,-0.672,0.0,0.22,-0.369,-0.343,0.631,0.583,-0.653,-0.125,0.716,0.459,0.26,-0.632,0.802,0.671,0.489,0.893,0.581,0.005,0.459,0.639,-0.87,-0.673,0.872,-0.274,-0.031,-0.566,-0.888,0.69,0.76,0.948,0.679,0.542,-0.515,-0.463,0.688,0.804,-0.924,0.274,0.794,-0.558,0.736,-0.671,0.875,0.889,0.087,-0.851,-0.662,-0.083,-0.781,-0.791,0.549,-0.829,-0.386,-0.456,-0.771,0.951,-0.63,0.54,-0.332,0.073,0.449,-0.399,0.704,0.587,0.827,0.384,0.371,-0.371,-0.469,-0.529,0.825,0.464,-0.232,0.68,0.115,0.255,0.453,0.379,0.489,0.192,0.685,-0.699,0.215,0.152,0.653,0.823,0.862,0.872,0.544,0.199,0.802,0.462,-0.664,0.526,0.852,0.67,0.9,0.938,0.687,-0.764,-0.567,0.377,0.612,-0.232,-0.665,0.36,-0.6,0.302,0.093,-0.771,0.038,-0.475,0.679,-0.77,-0.167,-0.753,0.093,0.094,-0.584,0.323,-0.149,-0.637,-0.394,0.759,-0.482,0.832,0.16,-0.849,0.564,0.561,-0.504,0.695,0.473,-0.548,0.735,0.823,0.541,-0.831,-0.149,-0.378,-0.752,0.741,0.252,0.203,0.111,0.464,0.522,0.394,0.193,-0.666,-0.013,0.654,-0.281,0.748,0.902,-0.475,-0.855,-0.531,0.094,-0.308,-0.432,-0.882,-0.639,0.557,0.899,-0.042,-0.421,-0.131,-0.338,-0.885,-0.878,0.834,0.663,-0.582,0.236,0.02,0.893,-0.671,-0.231,-0.152,-0.081,-0.158,0.628
ATRA,-0.249,0.58,0.211,-0.312,0.397,0.243,0.186,0.212,0.33,0.101,-0.015,0.539,0.53,0.411,-0.043,0.442,0.272,0.22,0.0,-0.235,0.279,0.273,-0.009,0.289,0.39,0.463,0.614,0.436,0.055,0.257,0.345,-0.157,0.374,0.621,0.401,0.221,-0.044,-0.159,0.253,0.307,-0.09,0.347,0.006,0.027,0.051,0.164,0.173,0.643,0.251,0.074,0.049,-0.227,0.512,-0.034,0.617,0.306,-0.282,-0.167,-0.134,0.225,0.373,0.467,0.083,0.161,0.615,0.096,0.109,-0.066,-0.133,-0.156,0.438,0.169,0.227,-0.479,0.57,0.17,-0.213,0.41,0.417,-0.035,-0.152,0.185,0.386,0.49,0.283,0.13,-0.03,0.287,0.043,-0.276,0.384,0.482,0.672,-0.3,0.479,-0.193,-0.169,-0.197,0.158,0.367,0.49,0.691,0.424,0.385,0.233,0.066,0.002,-0.021,-0.235,-0.009,0.621,0.218,0.353,0.175,0.226,0.467,0.072,0.243,-0.301,0.298,0.045,0.292,0.316,0.199,-0.207,0.517,0.096,0.48,-0.134,0.226,0.042,0.551,0.259,0.684,0.2,0.286,0.219,0.623,-0.073,0.278,0.002,0.01,0.487,0.523,-0.266,0.245,-0.246,0.426,0.447,0.257,0.208,0.129,-0.045,0.34,0.136,-0.196,0.061,0.092,0.417,0.204,0.516,0.162,0.067,0.455,0.45,0.23,0.182,0.664,0.3,0.344,0.007,0.204,0.021,0.004,0.24,0.478,0.483,0.064,-0.046,0.07,0.619,0.145,0.678,0.478,-0.203,0.444,-0.063,-0.019,-0.052,0.186,-0.223,0.533,0.203,0.162,0.283,-0.077,0.455,-0.165,0.647,0.002
AUTL,0.361,-0.51,0.49,0.042,0.144,0.364,-0.649,0.245,-0.081,0.361,0.803,-0.626,-0.284,0.484,-0.213,0.015,0.125,-0.369,-0.235,0.0,0.538,0.197,-0.21,0.379,-0.039,-0.271,-0.172,-0.655,0.719,-0.584,-0.557,0.261,-0.573,-0.602,-0.36,-0.406,0.032,0.587,0.085,-0.331,0.765,0.418,0.729,0.396,-0.42,-0.739,-0.472,-0.464,0.125,0.184,0.182,-0.407,-0.133,0.442,0.255,-0.515,0.807,-0.372,0.625,-0.498,-0.254,-0.43,0.357,0.457,-0.338,0.504,0.115,0.197,0.699,0.677,0.023,0.446,-0.28,0.236,-0.389,-0.044,-0.264,-0.208,0.295,0.03,0.253,-0.323,-0.602,0.279,0.479,0.458,0.667,-0.414,-0.213,0.821,-0.445,0.086,-0.208,-0.078,-0.396,0.27,0.075,-0.227,0.399,-0.354,0.13,-0.307,-0.213,-0.306,-0.38,0.178,0.098,-0.41,0.075,0.451,-0.167,-0.571,-0.732,-0.539,-0.41,-0.325,0.586,0.281,0.202,-0.033,0.421,0.146,-0.117,0.194,0.343,-0.073,0.263,0.255,0.183,-0.592,0.483,0.234,0.27,0.008,0.539,0.495,-0.546,0.188,0.667,0.451,0.068,0.675,-0.307,-0.625,0.702,-0.564,0.113,0.257,-0.525,0.055,0.43,0.035,-0.291,-0.089,0.373,0.451,0.484,0.605,-0.626,-0.374,0.291,0.041,0.145,-0.063,-0.085,0.271,0.404,0.029,-0.321,0.081,0.094,-0.579,0.088,0.566,-0.029,-0.315,0.221,0.699,0.45,0.732,-0.347,-0.415,-0.436,0.48,0.586,-0.423,0.556,0.553,-0.187,-0.572,0.777,-0.241,0.065,-0.582,0.466,0.184,-0.121,-0.401,-0.064,-0.224
AVDL,-0.248,-0.133,0.718,-0.403,0.617,0.581,-0.335,0.582,-0.042,0.612,0.74,-0.125,-0.088,0.665,-0.313,0.625,0.358,-0.343,0.279,0.538,0.0,0.035,-0.159,0.698,0.259,0.021,0.367,-0.325,0.733,-0.325,-0.275,0.048,-0.32,-0.032,0.134,-0.075,-0.009,0.61,0.531,-0.185,0.449,0.761,0.719,0.435,-0.392,-0.531,-0.437,-0.032,0.178,0.222,0.382,-0.563,0.058,0.531,0.559,-0.277,0.6,-0.728,0.471,-0.36,-0.205,0.207,0.515,0.779,0.26,0.684,0.436,-0.168,0.665,0.409,0.301,0.698,-0.255,0.025,0.148,0.082,-0.472,0.236,0.574,-0.143,0.059,-0.279,-0.137,0.454,0.742,0.433,0.604,-0.177,-0.211,0.32,-0.208,0.425,0.173,-0.398,-0.148,0.055,-0.247,-0.571,0.562,-0.174,0.478,0.173,-0.052,-0.212,-0.238,0.007,0.29,-0.48,-0.306,0.375,0.184,-0.347,-0.323,-0.474,-0.281,-0.103,0.595,0.707,-0.156,0.138,0.514,0.473,0.191,0.54,-0.009,0.538,0.526,0.54,0.156,-0.473,0.469,0.709,0.529,0.538,0.51,0.782,-0.287,0.72,0.607,0.725,-0.206,0.589,-0.004,0.006,0.575,-0.321,-0.18,0.712,-0.143,0.093,0.695,0.033,-0.335,0.315,0.638,0.143,0.531,0.734,-0.203,0.033,0.674,0.279,-0.035,0.227,0.194,0.414,0.71,0.584,-0.025,0.607,-0.069,-0.505,0.083,0.593,0.325,0.224,0.767,0.787,0.53,0.743,-0.034,-0.422,0.254,0.772,0.425,0.065,0.626,0.594,-0.363,-0.5,0.571,0.315,0.169,-0.552,0.697,0.216,0.147,-0.324,0.508,-0.319
BCRX,0.42,0.358,0.112,0.519,-0.102,-0.199,0.137,-0.124,0.662,-0.425,0.045,0.33,0.577,0.399,0.354,-0.077,-0.348,0.631,0.273,0.197,0.035,0.0,0.219,-0.314,-0.157,0.516,0.384,-0.022,-0.129,0.284,0.435,0.639,0.441,0.176,-0.169,0.222,0.446,-0.4,-0.43,0.672,0.288,0.378,-0.022,-0.53,0.559,0.312,0.59,0.436,0.596,-0.174,-0.118,0.319,0.68,-0.528,0.472,0.527,-0.051,0.426,-0.077,0.441,0.659,-0.151,-0.396,-0.282,-0.149,-0.388,-0.631,0.759,-0.294,0.135,-0.103,-0.286,0.705,-0.344,0.318,-0.194,0.096,0.361,0.057,0.67,0.595,0.406,0.219,0.668,0.114,0.04,0.104,0.464,0.287,0.336,0.519,0.117,0.314,0.429,0.287,0.559,0.422,0.557,-0.433,0.301,0.328,0.532,0.624,0.537,0.461,0.692,0.226,0.419,0.429,-0.207,0.453,0.387,0.274,0.53,0.519,0.458,-0.147,-0.281,0.471,0.652,-0.047,-0.333,0.426,-0.282,0.543,0.143,-0.579,0.285,-0.108,0.359,-0.344,0.129,-0.423,0.241,0.537,-0.165,0.176,0.084,-0.019,-0.169,0.643,0.096,0.603,-0.172,-0.308,0.308,0.461,-0.195,0.489,0.439,-0.228,0.773,0.541,0.487,-0.458,0.273,0.157,-0.265,0.318,0.153,0.45,0.247,0.709,0.492,0.347,0.593,-0.231,0.148,0.338,-0.133,0.779,0.512,-0.096,-0.395,-0.459,0.133,-0.032,0.107,-0.539,-0.015,0.548,0.605,-0.174,0.065,0.087,-0.463,-0.396,-0.421,0.669,0.425,-0.016,0.356,0.184,0.463,-0.136,0.121,-0.144,-0.385,0.015,0.503
BHAT,-0.225,0.472,-0.323,0.114,-0.273,-0.435,0.473,0.039,0.592,-0.389,-0.225,0.378,0.4,0.041,0.476,0.088,-0.598,0.583,-0.009,-0.21,-0.159,0.219,0.0,-0.367,0.222,0.559,0.347,0.003,-0.376,0.643,0.255,0.297,0.648,0.331,-0.02,0.557,0.552,-0.511,-0.387,0.392,-0.051,-0.025,-0.274,-0.656,0.273,0.419,0.603,0.392,0.504,-0.556,-0.322,0.456,0.542,-0.636,0.155,0.439,-0.213,0.427,-0.432,0.679,0.572,0.11,-0.614,-0.241,-0.048,-0.443,-0.403,0.061,-0.466,-0.362,-0.418,-0.547,0.608,-0.405,0.412,-0.23,-0.347,0.416,-0.374,0.464,0.614,0.672,0.213,0.239,-0.17,-0.296,-0.519,0.648,0.04,-0.36,0.216,0.167,0.133,0.174,-0.133,0.433,-0.339,0.258,-0.292,-0.005,0.128,0.363,0.448,0.61,0.714,0.171,0.282,0.571,0.383,-0.558,0.389,0.622,0.386,0.542,0.677,0.429,-0.556,-0.262,0.083,0.456,0.057,-0.566,0.412,-0.227,0.149,0.04,-0.342,0.161,-0.307,0.361,-0.405,-0.067,-0.591,0.159,0.151,-0.296,0.201,-0.067,-0.379,-0.025,0.447,-0.391,0.552,0.125,-0.484,0.274,0.369,-0.303,0.434,0.436,-0.244,0.489,0.611,0.443,-0.43,0.051,-0.304,-0.447,0.599,0.151,0.16,-0.014,0.186,0.469,0.356,-0.037,-0.324,0.01,0.692,0.067,0.408,0.566,-0.679,-0.565,-0.188,-0.07,-0.197,-0.332,-0.553,-0.417,0.235,0.496,-0.021,-0.35,0.26,-0.279,-0.595,-0.591,0.449,0.105,-0.358,0.101,-0.005,0.579,-0.459,-0.177,-0.273,-0.216,-0.141,0.421
BLBD,-0.41,-0.127,0.681,-0.808,0.657,0.877,-0.387,0.753,-0.289,0.833,0.642,-0.29,-0.31,0.479,-0.53,0.592,0.665,-0.653,0.289,0.379,0.698,-0.314,-0.367,0.0,0.618,-0.17,0.224,-0.067,0.805,-0.374,-0.588,-0.529,-0.531,-0.067,0.405,-0.169,-0.237,0.753,0.842,-0.589,0.356,0.523,0.711,0.803,-0.716,-0.669,-0.764,-0.142,-0.007,0.289,0.492,-0.892,-0.2,0.82,0.437,-0.542,0.511,-0.854,0.601,-0.623,-0.373,0.402,0.833,0.899,0.548,0.938,0.844,-0.576,0.769,0.292,0.452,0.886,-0.648,0.123,0.083,0.372,-0.407,0.114,0.781,-0.455,-0.364,-0.467,-0.305,0.204,0.674,0.345,0.485,-0.365,-0.561,0.136,-0.35,0.48,0.303,-0.704,-0.12,-0.354,-0.301,-0.892,0.806,-0.117,0.459,-0.021,-0.313,-0.398,-0.433,-0.516,-0.133,-0.808,-0.682,0.431,0.122,-0.581,-0.466,-0.759,-0.582,-0.265,0.777,0.903,-0.659,-0.267,0.378,0.798,-0.083,0.743,-0.416,0.401,0.902,0.534,0.07,-0.625,0.826,0.767,0.906,0.471,0.223,0.927,-0.277,0.759,0.578,0.85,-0.496,0.558,-0.347,0.15,0.701,-0.508,-0.609,0.895,-0.446,-0.066,0.899,-0.506,-0.774,-0.026,0.911,-0.043,0.468,0.926,-0.322,-0.201,0.442,-0.103,-0.297,-0.077,0.224,-0.061,0.881,0.633,-0.101,0.718,-0.625,-0.719,0.142,0.875,0.778,0.21,0.827,0.712,0.835,0.782,-0.242,-0.701,0.49,0.836,0.147,0.508,0.808,0.862,-0.795,-0.536,0.507,0.117,0.279,-0.74,0.884,0.013,0.531,-0.072,0.66,-0.62
BMRN,-0.543,0.439,0.276,-0.818,0.41,0.472,-0.004,0.754,0.132,0.376,0.249,0.18,0.062,0.412,-0.19,0.573,0.363,-0.125,0.39,-0.039,0.259,-0.157,0.222,0.618,0.0,0.376,0.531,0.178,0.356,0.248,-0.238,-0.468,0.097,0.258,0.567,0.314,0.021,0.127,0.549,-0.291,0.082,0.338,0.256,0.258,-0.48,-0.21,-0.196,0.375,0.379,-0.08,0.238,-0.436,0.238,0.222,0.513,-0.019,0.062,-0.365,0.233,0.008,0.158,0.591,0.34,0.511,0.71,0.446,0.522,-0.574,0.169,-0.113,0.318,0.375,-0.148,-0.351,0.515,0.471,-0.572,0.475,0.493,-0.188,0.025,0.079,0.035,0.378,0.49,0.048,-0.141,0.158,-0.623,-0.384,-0.003,0.603,0.593,-0.505,-0.127,-0.204,-0.561,-0.662,0.53,0.054,0.602,0.321,0.046,0.156,0.12,-0.492,-0.175,-0.388,-0.449,0.007,0.59,0.018,0.048,-0.235,0.011,0.305,0.33,0.602,-0.796,0.042,0.164,0.459,0.262,0.496,-0.471,0.275,0.613,0.636,-0.175,-0.113,0.493,0.682,0.4,0.656,0.249,0.563,0.108,0.661,0.162,0.698,-0.089,0.185,0.128,0.356,0.137,-0.145,-0.455,0.553,0.006,0.252,0.585,-0.269,-0.303,0.231,0.508,-0.011,0.152,0.423,0.255,-0.113,0.498,-0.165,-0.19,0.361,0.516,-0.169,0.554,0.582,0.53,0.704,-0.422,-0.166,-0.335,0.315,0.784,0.295,0.559,0.239,0.313,0.26,0.16,-0.177,0.601,0.461,0.113,0.51,0.178,0.253,-0.471,-0.258,-0.017,0.257,0.349,-0.1,0.493,-0.18,0.439,-0.27,0.686,-0.197
BNGO,-0.266,0.862,-0.049,-0.008,0.016,-0.107,0.548,0.145,0.789,-0.333,-0.22,0.747,0.662,0.26,0.541,0.244,-0.344,0.716,0.463,-0.271,0.021,0.516,0.559,-0.17,0.376,0.0,0.818,0.409,-0.27,0.769,0.494,0.22,0.803,0.689,0.435,0.696,0.574,-0.55,-0.167,0.646,-0.112,0.347,-0.328,-0.611,0.388,0.52,0.687,0.882,0.72,-0.431,-0.134,0.377,0.813,-0.614,0.568,0.751,-0.41,0.393,-0.455,0.767,0.83,0.496,-0.495,-0.202,0.423,-0.374,-0.334,0.202,-0.508,-0.288,-0.126,-0.354,0.754,-0.718,0.846,0.139,-0.22,0.805,-0.014,0.537,0.533,0.753,0.48,0.632,0.07,-0.316,-0.428,0.855,0.057,-0.367,0.724,0.478,0.618,0.144,0.373,0.454,-0.088,0.208,-0.17,0.273,0.62,0.844,0.762,0.816,0.804,0.244,0.085,0.486,0.05,-0.465,0.851,0.756,0.702,0.653,0.758,0.697,-0.367,-0.0,-0.104,0.66,-0.049,-0.169,0.526,-0.149,0.027,0.338,-0.301,0.519,-0.391,0.644,-0.338,0.367,-0.367,0.529,0.276,-0.134,0.411,0.348,-0.314,0.071,0.492,-0.171,0.877,0.433,-0.603,0.431,0.16,0.005,0.7,0.714,-0.093,0.593,0.602,0.682,-0.359,-0.022,-0.131,-0.327,0.786,0.258,0.627,0.134,0.319,0.631,0.762,0.309,-0.138,0.431,0.834,0.262,0.436,0.65,-0.513,-0.49,0.006,0.36,0.171,-0.092,-0.533,-0.333,0.644,0.699,0.378,-0.014,-0.021,0.056,-0.598,-0.559,0.486,0.357,-0.502,0.514,0.351,0.694,-0.193,-0.181,0.15,-0.279,0.395,0.394
BUSE,-0.412,0.765,0.31,-0.307,0.456,0.222,0.434,0.448,0.597,0.056,0.049,0.724,0.572,0.508,0.228,0.554,-0.029,0.459,0.614,-0.172,0.367,0.384,0.347,0.224,0.531,0.818,0.0,0.365,0.044,0.602,0.423,0.112,0.597,0.689,0.637,0.661,0.429,-0.216,0.26,0.455,0.002,0.674,-0.004,-0.293,0.219,0.304,0.39,0.831,0.671,-0.204,0.234,0.066,0.721,-0.257,0.72,0.605,-0.19,0.01,-0.13,0.529,0.608,0.706,-0.101,0.189,0.662,0.019,0.029,0.021,-0.2,-0.211,0.152,0.094,0.486,-0.557,0.937,0.269,-0.338,0.897,0.413,0.39,0.379,0.471,0.498,0.729,0.442,-0.066,-0.129,0.701,-0.168,-0.353,0.591,0.599,0.797,-0.074,0.323,0.258,-0.184,-0.123,0.099,0.341,0.856,0.892,0.587,0.567,0.576,0.062,0.148,0.158,-0.217,-0.272,0.867,0.577,0.562,0.352,0.503,0.634,-0.026,0.385,-0.288,0.688,0.184,0.209,0.59,0.238,-0.113,0.65,0.031,0.762,-0.198,0.426,-0.063,0.71,0.013,0.805,0.396,0.275,0.431,0.71,-0.011,0.366,0.267,0.09,0.738,0.537,-0.286,0.384,-0.062,0.438,0.638,0.59,0.312,0.442,0.308,0.761,0.029,0.013,0.19,0.06,0.7,0.397,0.859,0.257,0.255,0.681,0.814,0.419,0.283,0.716,0.799,0.621,0.232,0.38,-0.346,-0.143,0.293,0.661,0.61,0.259,-0.19,0.002,0.632,0.433,0.61,0.41,0.043,0.236,-0.226,-0.205,0.203,0.174,-0.252,0.748,0.443,0.377,0.231,0.047,0.299,-0.286,0.718,0.249
CAKE,-0.176,0.617,-0.115,-0.166,-0.004,0.114,0.528,-0.127,0.16,-0.067,-0.599,0.501,0.182,-0.234,0.284,-0.088,0.121,0.26,0.436,-0.655,-0.325,-0.022,0.003,-0.067,0.178,0.409,0.365,0.0,-0.397,0.444,0.367,-0.432,0.401,0.645,0.628,0.38,0.013,-0.298,0.126,0.29,-0.427,-0.044,-0.595,-0.11,0.324,0.526,0.279,0.537,-0.014,-0.241,0.108,0.133,0.134,-0.197,0.068,0.497,-0.692,0.322,-0.499,0.282,0.333,0.527,-0.119,-0.272,0.563,-0.228,0.078,-0.07,-0.444,-0.557,0.124,-0.138,0.167,-0.242,0.554,0.376,0.321,0.385,0.066,-0.041,-0.329,0.307,0.572,-0.106,-0.226,-0.349,-0.418,0.465,-0.017,-0.501,0.702,0.187,0.502,-0.085,0.734,-0.096,0.139,0.121,-0.088,0.377,0.177,0.432,0.308,0.336,0.326,-0.267,-0.445,0.236,-0.403,-0.258,0.325,0.366,0.614,0.346,0.194,0.162,-0.294,0.051,-0.42,-0.011,-0.478,0.194,-0.013,0.02,-0.451,0.072,-0.025,0.017,-0.231,0.556,-0.127,0.147,0.066,0.085,-0.49,-0.258,0.474,0.162,-0.458,-0.228,-0.163,-0.413,0.339,0.739,-0.484,0.314,-0.442,0.046,0.431,0.342,-0.097,-0.02,0.112,-0.001,-0.13,-0.304,-0.28,-0.272,0.478,0.185,0.024,-0.241,-0.019,-0.113,0.453,-0.115,-0.122,0.202,0.304,0.125,-0.194,0.378,0.109,-0.227,0.283,0.431,0.041,-0.23,-0.167,-0.49,0.368,0.35,0.587,-0.178,-0.729,0.644,-0.342,-0.26,0.066,0.541,-0.678,0.278,0.382,0.449,-0.096,-0.192,0.41,0.416,0.428,-0.041
CASY,-0.131,-0.34,0.648,-0.504,0.432,0.784,-0.724,0.521,-0.243,0.72,0.846,-0.448,-0.395,0.627,-0.391,0.4,0.616,-0.632,0.055,0.719,0.733,-0.129,-0.376,0.805,0.356,-0.27,0.044,-0.397,0.0,-0.638,-0.669,-0.229,-0.677,-0.375,0.116,-0.361,-0.146,0.804,0.549,-0.596,0.606,0.554,0.854,0.749,-0.698,-0.898,-0.765,-0.326,-0.016,0.219,0.387,-0.75,-0.217,0.776,0.434,-0.542,0.721,-0.79,0.675,-0.666,-0.415,0.053,0.7,0.77,0.139,0.899,0.57,-0.259,0.874,0.519,0.371,0.807,-0.558,0.121,-0.178,0.263,-0.479,-0.094,0.637,-0.329,-0.169,-0.406,-0.497,0.229,0.678,0.413,0.619,-0.478,-0.471,0.502,-0.484,0.467,0.056,-0.589,-0.343,-0.054,-0.069,-0.713,0.732,-0.415,0.344,-0.164,-0.278,-0.376,-0.523,-0.304,-0.11,-0.77,-0.35,0.672,0.026,-0.651,-0.685,-0.809,-0.579,-0.372,0.829,0.754,-0.338,-0.139,0.533,0.589,-0.189,0.492,-0.123,0.238,0.731,0.399,0.117,-0.677,0.757,0.633,0.739,0.299,0.417,0.885,-0.539,0.616,0.643,0.793,-0.258,0.702,-0.329,-0.189,0.807,-0.704,-0.359,0.658,-0.581,0.071,0.809,-0.36,-0.694,-0.014,0.803,0.128,0.491,0.919,-0.607,-0.44,0.451,-0.009,-0.262,-0.07,0.068,0.139,0.746,0.406,-0.274,0.554,-0.343,-0.804,0.145,0.884,0.494,-0.062,0.659,0.811,0.809,0.906,-0.314,-0.687,0.131,0.761,0.448,0.091,0.831,0.824,-0.628,-0.671,0.673,-0.037,0.184,-0.764,0.805,0.043,0.266,-0.288,0.418,-0.612
CCOI,-0.276,0.811,-0.33,0.088,-0.164,-0.365,0.841,-0.022,0.657,-0.505,-0.593,0.728,0.624,-0.123,0.514,0.109,-0.558,0.802,0.257,-0.584,-0.325,0.284,0.643,-0.374,0.248,0.769,0.602,0.444,-0.638,0.0,0.56,0.121,0.91,0.732,0.378,0.672,0.519,-0.761,-0.281,0.667,-0.445,-0.029,-0.598,-0.733,0.444,0.781,0.791,0.761,0.544,-0.468,-0.285,0.518,0.677,-0.753,0.239,0.689,-0.616,0.555,-0.633,0.815,0.807,0.468,-0.617,-0.393,0.334,-0.579,-0.366,0.109,-0.763,-0.563,-0.335,-0.591,0.712,-0.564,0.746,-0.066,-0.036,0.654,-0.225,0.52,0.425,0.73,0.475,0.283,-0.271,-0.488,-0.669,0.854,0.127,-0.574,0.663,0.236,0.406,0.254,0.365,0.225,-0.145,0.33,-0.425,0.297,0.32,0.638,0.636,0.751,0.865,0.143,0.086,0.607,0.092,-0.793,0.624,0.841,0.771,0.771,0.84,0.693,-0.681,-0.253,-0.064,0.452,-0.269,-0.374,0.394,-0.295,-0.028,0.167,-0.411,0.19,-0.476,0.651,-0.556,0.036,-0.517,0.26,-0.091,-0.423,0.489,0.028,-0.59,-0.173,0.502,-0.511,0.718,0.435,-0.781,0.607,0.234,-0.219,0.69,0.386,-0.296,0.455,0.656,0.525,-0.573,-0.243,-0.376,-0.588,0.891,0.367,0.231,0.011,0.27,0.477,0.534,-0.048,-0.386,0.202,0.832,0.045,0.326,0.802,-0.574,-0.703,-0.087,0.291,-0.1,-0.425,-0.689,-0.647,0.5,0.77,0.268,-0.323,-0.26,0.058,-0.765,-0.733,0.524,0.524,-0.671,0.287,0.142,0.808,-0.5,-0.247,0.094,0.063,0.11,0.485
