,AAPL,ACRS,ADP,AFYA,AGNC,AGYS,ALT,AMGN,AMPH,AMZN,ANIP,AOSL,APDN,APLT,APVO,ARGX,ARLP,ATEX,ATRA,AUTL,AVDL,BCRX,BHAT,BLBD,BMRN,BNGO,BUSE,CAKE,CASY,CCOI,CEVA,CHY,CLDX,CLMT,COHU,COLM,COST,CPRT,CSWC,CSX,DBX,DCOM,DKNG,DMLP,DOX,EA,EDIT,ENPH,ENSG,ERNA,ESGR,ETNB,EXTR,FANG,FARO,FATE,FGEN,FIVE,FIVN,FLGT,FOLD,FORM,FOXA,FRPT,FSLR,FTAI,GBDC,GDYN,GGAL,GNLN,GRFS,GT,HCAT,HCM,HFWA,HOLX,HQY,HUBG,IAC,ICLR,IDCC,IEP,IHRT,ILMN,ILPT,IMAB,IMOS,INMD,INTZ,JAZZ,JKHY,JRVR,KIDS,LBRDK,LGND,LMAT,LPLA,LULU,MASI,MAT,MATW,MBIN,MBIO,MCRB,MDB,MDLZ,MELI,MIRM,MLKN,MNMD,MNRO,MPWR,MRCY,MRSN,MTVA,NAAS,NDAQ,NDSN,NEGG,NOVT,NVDA,NWE,NWSA,NXST,OCX,ODFL,OMAB,OPCH,OPRA,ORGO,OTRK,OZK,PAGP,PCH,PEGA,PENG,PENN,PFBC,PGNY,PHAT,PHUN,PINC,PLUG,PLXS,PYPL,QLYS,QNCX,QQQX,QVCGA,RAPT,RBBN,RCKT,REPL,RMBS,ROAD,ROKU,ROP,RUSHA,SANM,SATS,SBCF,SBLK,SBUX,SCHL,SCSC,SDGR,SEIC,SFIX,SGRY,SKYW,SLP,SNES,STAA,STLD,STOK,SWKS,TER,TFIN,TIGO,TILE,TPIC,TTEC,TTEK,TTGT,UXIN,VERU,VLYPP,VNOM,VRNS,VRSN,WDAY,WERN,WINA,WKHS,WRLD,XP,XTKG,YY,ZION,ZM
AAPL,0.0,-0.481,-0.437,0.246,-0.453,0.694,-0.156,0.486,0.151,-0.144,-0.616,0.439,-0.41,-0.716,0.267,-0.193,0.551,-0.732,0.545,-0.005,0.783,-0.431,-0.081,-0.416,-0.064,-0.375,-0.086,-0.329,-0.65,-0.603,-0.55,-0.532,-0.481,-0.095,0.361,-0.518,-0.529,-0.098,0.09,-0.385,0.756,0.207,0.167,-0.489,0.001,-0.58,-0.599,-0.352,-0.603,0.257,-0.696,-0.797,0.036,-0.8,0.268,-0.817,0.503,-0.63,0.621,0.414,-0.298,-0.467,0.18,-0.556,-0.294,-0.231,-0.757,0.063,-0.655,-0.499,-0.442,0.713,0.548,-0.522,-0.198,-0.425,-0.654,0.327,-0.708,-0.653,-0.61,-0.481,0.288,0.236,0.055,0.406,-0.057,0.772,-0.058,-0.506,-0.36,-0.795,-0.265,0.113,-0.253,-0.494,-0.75,0.218,0.693,-0.649,0.108,-0.63,0.259,-0.221,0.316,0.374,0.429,-0.572,-0.754,-0.685,-0.034,-0.239,-0.263,-0.321,-0.613,0.576,0.455,-0.577,-0.618,0.006,-0.423,-0.639,-0.483,-0.173,-0.316,-0.072,0.847,-0.253,-0.251,0.045,-0.181,-0.291,-0.779,0.285,-0.758,0.407,0.758,-0.744,0.296,-0.67,0.691,0.012,0.601,0.333,0.231,0.335,-0.423,-0.298,-0.732,0.703,-0.118,-0.232,-0.392,0.071,0.436,0.768,0.07,-0.192,-0.504,0.239,0.113,-0.189,0.295,-0.614,-0.766,-0.586,-0.374,0.031,0.15,-0.226,-0.523,0.376,-0.402,-0.401,-0.666,-0.151,-0.351,-0.061,-0.204,-0.553,-0.413,0.159,-0.321,0.726,0.365,-0.634,-0.475,-0.759,-0.015,0.719,-0.277,0.555,-0.536,-0.743,0.512,0.455,0.257,0.332,-0.086,-0.138
ACRS,-0.481,0.0,0.206,0.217,0.424,-0.149,0.164,-0.341,0.228,0.248,0.303,-0.181,0.076,0.314,-0.134,0.164,-0.393,0.416,-0.423,0.103,-0.435,0.495,0.252,0.231,-0.021,0.506,0.386,0.467,0.487,0.459,0.546,0.429,0.279,0.093,0.237,0.632,0.34,0.114,-0.196,0.207,-0.356,-0.071,-0.029,0.454,-0.129,0.537,0.384,0.316,0.417,-0.091,0.419,0.533,0.151,0.482,0.082,0.673,0.051,0.5,-0.254,-0.095,0.388,0.702,-0.161,0.343,0.315,0.186,0.425,0.102,0.349,0.091,0.325,-0.441,-0.318,0.335,0.24,0.185,0.49,0.163,0.431,0.463,0.405,0.255,0.011,-0.217,0.068,-0.392,0.459,-0.268,0.152,0.33,0.521,0.549,0.401,-0.057,0.298,0.343,0.501,0.19,-0.341,0.417,0.092,0.466,-0.11,0.452,0.16,-0.364,-0.166,0.485,0.542,0.436,0.278,0.463,0.346,0.274,0.341,-0.422,-0.102,0.545,0.576,0.226,0.376,0.423,0.442,0.185,0.251,0.123,-0.52,0.301,0.128,0.198,0.226,0.482,0.462,-0.023,0.46,0.134,-0.359,0.564,-0.056,0.266,-0.395,0.043,-0.309,0.295,-0.312,-0.152,0.448,0.389,0.404,-0.31,0.053,0.419,0.264,0.135,-0.465,-0.344,0.015,0.405,0.702,-0.194,0.157,0.123,0.029,0.467,0.645,0.419,0.439,0.138,0.109,0.146,0.523,-0.224,0.349,0.311,0.435,0.368,0.52,0.328,0.132,0.435,0.494,0.066,0.315,-0.172,-0.092,0.268,0.458,0.426,0.244,-0.476,0.445,-0.181,0.404,0.328,-0.156,-0.147,-0.183,-0.1,0.292,0.266
ADP,-0.437,0.206,0.0,-0.26,0.235,-0.395,-0.036,-0.646,-0.126,0.604,0.5,-0.756,0.703,0.598,-0.625,0.637,-0.813,0.791,-0.304,0.076,-0.72,0.626,0.044,0.305,0.509,0.193,0.033,0.299,0.707,0.463,0.645,0.802,0.28,0.498,-0.145,0.463,0.721,0.176,-0.428,0.728,-0.73,-0.61,0.12,-0.055,-0.062,0.726,0.329,0.551,0.748,-0.471,0.732,0.403,-0.534,0.726,-0.577,0.465,-0.399,0.638,-0.582,-0.265,0.665,0.441,-0.49,0.357,0.078,0.19,0.795,0.395,0.244,0.061,0.568,-0.591,-0.606,0.765,-0.252,0.671,0.763,-0.241,0.839,0.696,0.567,0.508,-0.66,-0.469,-0.203,-0.429,0.222,-0.657,-0.28,0.658,0.559,0.698,0.658,-0.652,0.059,0.406,0.649,-0.197,-0.255,0.802,-0.641,0.16,-0.76,-0.299,0.168,-0.4,-0.302,0.545,0.647,0.614,0.021,0.623,-0.412,0.287,0.5,-0.21,-0.323,0.792,0.386,0.128,0.696,0.565,0.632,-0.231,0.348,0.701,-0.52,0.44,0.086,0.08,-0.18,-0.123,0.734,-0.584,0.75,-0.025,-0.748,0.569,0.033,0.745,-0.612,-0.048,-0.849,-0.328,-0.399,-0.759,0.332,0.688,0.666,-0.682,0.164,0.244,0.322,-0.627,-0.155,-0.681,0.565,0.107,0.135,-0.162,0.03,0.511,0.442,0.477,0.473,0.694,0.445,0.029,0.216,0.634,0.694,0.043,0.59,0.403,0.383,0.488,0.638,0.447,-0.274,0.296,0.126,-0.553,0.726,-0.662,-0.657,0.35,-0.019,0.806,0.407,-0.59,0.653,0.155,0.753,0.521,-0.45,-0.401,-0.641,0.282,0.126,-0.222
AFYA,0.246,0.217,-0.26,0.0,-0.015,0.419,0.441,-0.059,0.084,0.33,0.103,0.08,-0.496,-0.088,0.269,-0.201,0.064,-0.296,0.025,-0.067,0.172,0.126,-0.162,0.116,-0.255,0.344,0.036,0.146,0.119,0.197,-0.02,-0.06,0.215,-0.268,0.437,0.065,0.119,0.401,-0.105,0.086,0.279,-0.098,0.258,-0.13,-0.217,-0.189,0.298,-0.015,0.001,0.126,-0.006,-0.031,0.405,-0.176,0.457,-0.07,0.588,0.123,0.057,0.02,-0.168,0.273,-0.192,0.157,0.118,0.145,-0.232,0.103,-0.21,-0.345,-0.207,0.027,-0.002,-0.002,-0.245,-0.252,0.018,0.242,-0.238,0.101,-0.442,-0.307,0.2,-0.047,-0.197,0.202,0.464,0.413,-0.157,-0.335,0.241,-0.183,-0.046,-0.074,0.328,0.296,0.029,0.658,0.041,-0.002,0.119,-0.22,0.204,0.575,0.387,-0.022,-0.217,0.054,-0.017,0.094,0.608,0.183,0.243,0.491,-0.123,0.034,0.451,0.066,0.147,0.546,0.226,-0.419,0.093,-0.213,-0.279,0.173,0.05,-0.17,0.284,0.396,-0.337,0.299,-0.105,0.542,-0.284,0.63,0.388,-0.269,-0.254,-0.234,-0.024,-0.061,0.215,0.356,0.013,0.145,-0.042,0.294,-0.059,0.203,-0.462,0.126,0.169,0.081,0.122,0.288,-0.185,0.468,0.394,-0.043,0.012,0.275,0.295,-0.003,-0.04,-0.339,0.437,-0.015,0.013,0.19,0.067,0.033,0.102,0.24,0.142,0.149,0.201,0.216,0.411,0.32,0.137,-0.139,0.069,0.25,0.431,-0.117,0.113,-0.19,0.441,0.123,-0.132,0.342,-0.329,-0.279,0.125,-0.144,-0.093,-0.001,-0.099,0.596
AGNC,-0.453,0.424,0.235,-0.015,0.0,-0.601,0.446,-0.133,-0.298,0.153,0.631,-0.063,0.152,0.61,0.012,0.128,-0.375,0.555,-0.21,-0.436,-0.476,0.416,-0.045,0.349,0.443,0.216,0.502,0.67,0.493,0.678,0.142,0.244,0.518,-0.371,-0.31,0.438,0.408,0.374,0.356,0.379,-0.545,0.224,-0.333,0.4,0.451,0.206,0.47,0.016,0.441,-0.14,0.554,0.622,0.432,0.383,0.154,0.583,-0.35,0.54,-0.532,-0.451,0.189,0.24,0.149,0.571,-0.012,0.485,0.45,0.26,0.678,0.66,0.164,-0.061,-0.45,0.425,0.502,0.46,0.327,-0.153,0.457,0.461,0.419,-0.062,-0.085,0.128,-0.114,0.048,-0.163,-0.383,-0.277,0.443,0.117,0.343,0.129,0.231,0.459,0.468,0.35,0.128,-0.543,0.367,0.391,0.806,0.172,0.462,-0.409,0.14,-0.397,0.228,0.475,0.448,0.149,-0.055,0.018,0.329,0.48,-0.435,0.223,0.377,0.237,0.23,0.253,0.651,0.205,0.259,0.358,0.039,-0.492,-0.036,0.091,-0.135,0.341,0.606,0.505,0.074,0.567,-0.331,-0.545,0.636,-0.409,0.572,-0.52,0.182,-0.332,0.017,0.234,0.05,0.358,0.161,0.58,-0.53,-0.016,0.451,0.616,0.219,-0.146,-0.547,0.32,0.34,0.626,0.14,-0.069,0.401,-0.05,0.306,0.402,0.379,0.511,-0.307,-0.315,0.136,0.318,-0.513,0.39,0.583,0.619,0.14,0.225,-0.138,0.53,0.529,0.14,0.174,0.017,-0.229,-0.18,0.675,0.583,0.452,0.052,-0.238,0.041,-0.436,0.196,0.641,-0.433,-0.295,0.151,-0.326,0.073,0.375
AGYS,0.694,-0.149,-0.395,0.419,-0.601,0.0,-0.209,0.128,0.546,-0.079,-0.617,0.191,-0.414,-0.759,0.145,-0.245,0.398,-0.679,0.044,0.404,0.68,-0.175,0.203,-0.294,-0.351,0.058,-0.049,-0.323,-0.467,-0.464,-0.132,-0.215,-0.474,0.263,0.779,-0.304,-0.423,-0.163,-0.346,-0.392,0.77,-0.073,0.393,-0.295,-0.475,-0.211,-0.468,0.089,-0.569,0.34,-0.609,-0.713,-0.007,-0.516,0.289,-0.603,0.781,-0.438,0.715,0.631,-0.029,-0.019,-0.121,-0.53,0.18,-0.429,-0.62,0.086,-0.832,-0.799,-0.353,0.311,0.541,-0.404,-0.239,-0.431,-0.368,0.674,-0.591,-0.474,-0.494,-0.157,0.308,-0.019,0.221,0.14,0.48,0.81,0.25,-0.5,0.143,-0.457,0.064,-0.062,-0.276,-0.398,-0.511,0.372,0.71,-0.463,-0.012,-0.608,0.049,-0.12,0.686,-0.126,0.374,-0.174,-0.475,-0.469,0.175,0.183,-0.009,-0.184,-0.626,0.521,0.323,-0.293,-0.134,0.165,-0.231,-0.658,-0.117,-0.251,-0.425,0.042,0.64,0.039,-0.027,0.528,-0.394,-0.142,-0.606,0.356,-0.677,0.756,0.818,-0.6,0.522,-0.747,0.535,0.001,0.557,0.521,-0.193,0.208,-0.49,0.019,-0.692,0.754,-0.042,-0.031,-0.393,-0.124,0.149,0.811,-0.249,0.055,-0.309,-0.055,0.393,-0.24,0.398,-0.264,-0.363,-0.45,-0.281,0.439,0.448,-0.265,-0.149,0.512,-0.203,-0.368,-0.603,0.239,0.014,0.38,-0.349,-0.424,0.137,0.101,0.058,0.653,0.394,-0.834,-0.455,-0.596,0.248,0.455,0.037,0.741,-0.287,-0.826,0.662,0.269,-0.102,0.481,0.212,-0.071
ALT,-0.156,0.164,-0.036,0.441,0.446,-0.209,0.0,-0.255,0.02,0.385,0.571,-0.181,-0.37,0.486,0.247,0.111,-0.316,0.167,-0.088,-0.4,-0.191,0.29,-0.31,0.54,0.272,0.389,-0.264,0.44,0.526,0.656,-0.034,0.144,0.873,-0.559,-0.146,0.117,0.572,0.902,0.375,0.491,-0.249,-0.226,-0.075,-0.2,0.214,-0.134,0.669,-0.066,0.375,-0.322,0.431,0.464,0.508,0.119,0.366,0.304,-0.017,0.573,-0.516,-0.269,0.022,0.202,-0.234,0.818,-0.066,0.51,0.167,0.369,0.329,0.34,0.204,-0.156,-0.475,0.42,-0.202,0.106,0.318,-0.189,0.089,0.506,-0.158,-0.373,-0.296,0.11,-0.692,0.559,-0.032,-0.01,-0.596,0.273,0.17,0.035,0.006,-0.101,0.909,0.609,0.362,0.681,-0.482,0.254,0.13,0.164,0.209,0.545,-0.062,0.036,-0.762,0.23,0.336,0.475,0.285,-0.013,-0.022,0.646,-0.037,-0.068,0.327,0.226,0.266,0.419,0.451,-0.105,0.179,-0.444,-0.019,0.364,-0.362,-0.357,0.297,0.226,-0.079,0.461,0.229,0.135,0.214,0.166,-0.161,-0.022,-0.517,0.32,-0.543,-0.057,-0.22,-0.189,0.264,0.04,0.149,0.305,0.465,-0.297,-0.514,0.509,0.789,-0.013,0.203,-0.259,-0.054,0.662,0.553,-0.146,-0.365,0.684,0.067,0.055,0.226,0.121,0.616,-0.308,-0.545,0.431,0.192,-0.358,0.547,0.818,0.775,0.005,0.129,-0.077,0.806,0.767,0.244,-0.31,0.063,-0.204,0.263,0.556,0.297,0.209,0.463,-0.111,-0.301,-0.127,-0.327,0.335,-0.506,-0.593,-0.155,-0.272,-0.429,0.878
AMGN,0.486,-0.341,-0.646,-0.059,-0.133,0.128,-0.255,0.0,-0.126,-0.498,-0.597,0.928,-0.501,-0.606,0.27,-0.425,0.871,-0.723,0.63,-0.263,0.678,-0.786,-0.238,-0.443,-0.143,-0.701,0.025,-0.242,-0.813,-0.645,-0.783,-0.919,-0.536,-0.474,-0.14,-0.58,-0.792,-0.341,0.593,-0.576,0.634,0.83,-0.34,-0.023,0.526,-0.717,-0.649,-0.84,-0.651,0.326,-0.749,-0.446,0.385,-0.821,0.24,-0.586,0.047,-0.843,0.484,0.105,-0.732,-0.674,0.838,-0.5,-0.547,0.103,-0.77,-0.396,0.014,0.147,-0.393,0.777,0.468,-0.81,0.337,-0.466,-0.853,0.072,-0.757,-0.773,-0.485,-0.57,0.569,0.471,0.335,0.259,-0.634,0.437,0.088,-0.443,-0.864,-0.731,-0.773,0.722,-0.346,-0.691,-0.708,-0.106,0.339,-0.777,0.589,-0.16,0.648,-0.014,-0.407,0.77,0.436,-0.855,-0.801,-0.84,-0.404,-0.824,0.27,-0.614,-0.274,0.005,0.279,-0.787,-0.785,-0.493,-0.726,-0.347,-0.866,0.465,-0.223,-0.719,0.664,-0.566,-0.422,-0.577,0.438,-0.22,-0.753,0.32,-0.685,-0.335,0.516,-0.449,-0.022,-0.613,0.713,0.327,0.673,0.303,0.643,0.748,-0.174,-0.812,-0.665,0.577,-0.068,-0.457,-0.509,0.731,0.207,0.566,-0.047,-0.471,-0.313,0.157,-0.226,-0.56,-0.475,-0.711,-0.715,-0.646,-0.485,-0.295,-0.201,-0.657,-0.882,-0.188,-0.816,-0.597,-0.572,-0.709,-0.803,-0.755,-0.055,-0.649,-0.466,0.665,-0.893,0.635,0.247,-0.23,0.11,-0.8,-0.65,0.721,-0.515,-0.256,-0.661,-0.511,0.531,0.667,0.825,-0.278,-0.272,-0.198
AMPH,0.151,0.228,-0.126,0.084,-0.298,0.546,0.02,-0.126,0.0,-0.013,-0.435,-0.057,-0.178,-0.318,-0.194,0.277,-0.001,-0.196,-0.269,0.465,0.264,0.194,0.33,-0.006,0.026,0.291,-0.154,0.003,-0.051,-0.118,0.177,0.164,-0.047,0.307,0.535,-0.009,-0.052,-0.017,-0.23,-0.12,0.272,-0.212,0.165,-0.181,-0.351,0.175,-0.193,0.225,-0.195,0.099,-0.237,-0.223,-0.009,-0.069,0.208,0.005,0.529,-0.003,0.323,0.643,0.406,0.253,-0.224,-0.132,0.261,-0.176,-0.158,0.24,-0.402,-0.413,0.357,-0.105,0.153,-0.01,-0.14,-0.107,0.092,0.597,-0.166,-0.051,-0.008,0.099,-0.034,-0.137,0.071,0.005,0.425,0.359,0.244,0.249,0.36,0.066,0.382,-0.12,0.139,-0.228,-0.034,0.348,0.317,-0.15,-0.078,-0.246,-0.188,-0.098,0.559,-0.348,0.059,0.274,-0.019,-0.124,-0.131,0.321,0.076,-0.265,-0.425,0.346,0.009,0.106,0.261,-0.094,0.045,-0.209,0.116,-0.296,-0.116,0.126,0.15,0.138,-0.154,0.448,-0.092,-0.031,-0.187,-0.088,-0.133,0.459,0.265,-0.173,0.48,-0.352,0.123,0.135,0.115,0.332,-0.285,-0.041,-0.131,0.173,-0.233,0.333,0.198,0.4,-0.032,-0.175,-0.188,0.312,-0.194,0.181,-0.01,-0.347,0.296,-0.095,0.121,-0.004,0.111,0.276,-0.054,0.485,0.322,-0.182,0.205,0.269,0.159,-0.053,-0.148,0.242,0.169,0.407,-0.344,-0.114,0.583,0.075,0.232,0.238,0.203,-0.405,-0.182,-0.137,0.319,-0.01,0.232,0.323,0.039,-0.337,0.329,0.021,-0.303,0.336,0.152,-0.042
AMZN,-0.144,0.248,0.604,0.33,0.153,-0.079,0.385,-0.498,-0.013,0.0,0.471,-0.533,0.124,0.419,-0.294,0.451,-0.591,0.42,-0.008,-0.123,-0.433,0.451,-0.185,0.409,0.342,0.219,-0.131,0.399,0.648,0.471,0.372,0.539,0.477,0.1,0.073,0.272,0.731,0.621,-0.182,0.742,-0.396,-0.593,0.232,-0.284,-0.049,0.362,0.399,0.275,0.726,-0.453,0.569,0.327,-0.171,0.36,-0.218,0.262,-0.064,0.592,-0.524,-0.274,0.369,0.517,-0.547,0.533,-0.111,0.412,0.453,0.448,0.126,-0.121,0.374,-0.393,-0.578,0.581,-0.543,0.263,0.629,-0.189,0.452,0.63,0.075,0.016,-0.436,-0.409,-0.484,-0.14,0.323,-0.219,-0.534,0.364,0.516,0.312,0.392,-0.693,0.401,0.455,0.6,0.416,-0.177,0.698,-0.507,-0.11,-0.451,0.008,0.426,-0.199,-0.456,0.369,0.442,0.523,0.283,0.58,-0.244,0.523,0.284,-0.144,0.068,0.62,0.259,0.397,0.792,0.055,0.49,-0.497,0.053,0.81,-0.332,0.042,0.122,0.23,-0.295,-0.001,0.428,-0.282,0.395,0.405,-0.365,0.185,-0.134,0.457,-0.546,-0.224,-0.606,-0.051,-0.191,-0.488,0.295,0.753,0.505,-0.415,-0.269,0.301,0.425,-0.349,0.132,-0.369,0.467,0.454,0.397,-0.284,-0.176,0.679,0.509,0.159,0.31,0.323,0.736,-0.138,-0.025,0.818,0.477,-0.006,0.479,0.589,0.45,0.324,0.571,0.379,0.09,0.456,0.103,-0.68,0.555,-0.371,-0.329,0.289,0.103,0.475,0.597,-0.301,0.38,0.327,0.221,0.233,-0.414,-0.383,-0.559,0.11,-0.22,0.288
ANIP,-0.616,0.303,0.5,0.103,0.631,-0.617,0.571,-0.597,-0.435,0.471,0.0,-0.539,0.243,0.826,0.029,0.176,-0.687,0.731,-0.315,-0.22,-0.701,0.559,-0.026,0.653,0.224,0.469,0.087,0.466,0.818,0.842,0.451,0.569,0.766,-0.151,-0.266,0.517,0.788,0.606,0.02,0.657,-0.737,-0.367,0.065,0.147,0.108,0.382,0.823,0.36,0.741,-0.399,0.832,0.713,0.079,0.688,-0.057,0.663,-0.391,0.814,-0.74,-0.562,0.302,0.486,-0.34,0.818,0.204,0.383,0.698,0.325,0.548,0.423,0.22,-0.551,-0.642,0.69,-0.015,0.371,0.698,-0.401,0.675,0.776,0.43,0.237,-0.322,-0.077,-0.446,0.024,0.083,-0.544,-0.379,0.364,0.395,0.561,0.339,-0.324,0.538,0.826,0.709,0.145,-0.65,0.668,-0.19,0.516,-0.181,0.351,-0.13,-0.289,-0.669,0.547,0.774,0.845,0.421,0.305,-0.041,0.809,0.502,-0.329,-0.161,0.596,0.555,0.515,0.659,0.439,0.551,-0.126,0.225,0.478,-0.738,0.112,0.539,0.145,-0.146,0.447,0.732,-0.094,0.717,-0.052,-0.649,0.529,-0.458,0.758,-0.796,-0.166,-0.624,-0.351,-0.034,-0.369,0.324,0.546,0.786,-0.703,-0.125,0.424,0.697,-0.24,-0.025,-0.726,0.129,0.563,0.602,-0.07,-0.092,0.636,0.106,0.583,0.607,0.382,0.633,-0.151,-0.285,0.647,0.585,-0.295,0.67,0.796,0.84,0.283,0.528,0.163,0.568,0.837,0.226,-0.421,0.449,-0.628,-0.173,0.689,0.315,0.73,0.407,-0.547,0.127,-0.271,0.33,0.719,-0.698,-0.653,-0.398,-0.145,-0.033,0.527
AOSL,0.439,-0.181,-0.756,0.08,-0.063,0.191,-0.181,0.928,-0.057,-0.533,-0.539,0.0,-0.599,-0.613,0.394,-0.496,0.854,-0.722,0.525,-0.15,0.699,-0.67,-0.105,-0.376,-0.267,-0.507,0.168,-0.248,-0.795,-0.561,-0.669,-0.879,-0.467,-0.466,0.022,-0.51,-0.805,-0.326,0.544,-0.663,0.667,0.854,-0.265,0.05,0.448,-0.684,-0.549,-0.758,-0.673,0.399,-0.736,-0.43,0.467,-0.772,0.415,-0.499,0.177,-0.777,0.548,0.18,-0.671,-0.507,0.821,-0.46,-0.361,0.029,-0.775,-0.372,-0.001,0.12,-0.444,0.732,0.539,-0.819,0.441,-0.554,-0.82,0.175,-0.749,-0.747,-0.429,-0.522,0.701,0.529,0.353,0.284,-0.483,0.512,0.222,-0.512,-0.775,-0.693,-0.687,0.744,-0.256,-0.602,-0.695,-0.031,0.31,-0.785,0.65,-0.057,0.72,0.18,-0.314,0.62,0.46,-0.735,-0.716,-0.781,-0.242,-0.75,0.457,-0.511,-0.329,0.029,0.274,-0.791,-0.627,-0.343,-0.724,-0.359,-0.792,0.534,-0.218,-0.745,0.629,-0.493,-0.262,-0.443,0.396,-0.003,-0.74,0.448,-0.665,-0.209,0.571,-0.408,0.008,-0.664,0.734,0.358,0.75,0.41,0.607,0.767,-0.174,-0.765,-0.678,0.631,-0.012,-0.328,-0.49,0.766,0.118,0.605,-0.202,-0.325,-0.176,0.179,-0.044,-0.591,-0.503,-0.577,-0.632,-0.649,-0.483,-0.167,-0.156,-0.664,-0.782,-0.123,-0.738,-0.536,-0.508,-0.597,-0.671,-0.636,0.049,-0.53,-0.351,0.761,-0.839,0.717,0.433,-0.271,0.131,-0.799,-0.552,0.658,-0.529,-0.285,-0.646,-0.493,0.557,0.679,0.799,-0.226,-0.117,-0.059
APDN,-0.41,0.076,0.703,-0.496,0.152,-0.414,-0.37,-0.501,-0.178,0.124,0.243,-0.599,0.0,0.438,-0.543,0.484,-0.585,0.694,-0.346,0.055,-0.64,0.465,0.159,-0.069,0.386,0.031,0.222,0.143,0.385,0.218,0.458,0.61,-0.009,0.507,-0.288,0.331,0.366,-0.263,-0.428,0.293,-0.645,-0.306,-0.069,0.145,-0.201,0.609,0.083,0.473,0.418,-0.095,0.476,0.26,-0.554,0.597,-0.544,0.367,-0.36,0.378,-0.322,-0.21,0.549,0.155,-0.336,-0.016,0.131,-0.18,0.668,0.16,0.142,0.128,0.335,-0.339,-0.271,0.496,-0.01,0.606,0.447,-0.296,0.718,0.345,0.587,0.562,-0.439,-0.385,0.115,-0.569,0.142,-0.648,0.092,0.465,0.38,0.583,0.475,-0.323,-0.237,0.17,0.328,-0.535,-0.197,0.556,-0.388,0.247,-0.565,-0.396,-0.084,-0.251,0.058,0.395,0.396,0.409,-0.128,0.409,-0.447,-0.052,0.494,-0.091,-0.325,0.519,0.195,-0.055,0.217,0.684,0.478,-0.002,0.422,0.222,-0.441,0.543,-0.151,-0.077,0.063,-0.246,0.6,-0.526,0.591,-0.321,-0.644,0.526,0.108,0.632,-0.351,-0.167,-0.59,-0.306,-0.5,-0.633,0.284,0.261,0.456,-0.615,0.392,-0.027,0.111,-0.439,-0.287,-0.6,0.42,-0.303,-0.142,0.259,0.065,0.107,0.263,0.441,0.387,0.626,0.086,0.031,0.261,0.221,0.518,0.086,0.266,0.058,0.103,0.326,0.323,0.308,-0.36,0.019,-0.046,-0.291,0.472,-0.512,-0.644,0.223,-0.093,0.631,-0.03,-0.504,0.559,-0.029,0.778,0.544,-0.374,-0.162,-0.294,0.148,0.232,-0.524
APLT,-0.716,0.314,0.598,-0.088,0.61,-0.759,0.486,-0.606,-0.318,0.419,0.826,-0.613,0.438,0.0,-0.196,0.416,-0.774,0.858,-0.366,-0.32,-0.875,0.581,-0.162,0.507,0.408,0.366,0.006,0.495,0.859,0.8,0.443,0.599,0.763,-0.129,-0.491,0.555,0.818,0.478,0.003,0.697,-0.911,-0.365,-0.149,0.205,0.153,0.457,0.82,0.296,0.815,-0.485,0.912,0.842,-0.035,0.775,-0.211,0.765,-0.552,0.847,-0.884,-0.603,0.351,0.389,-0.355,0.774,0.104,0.445,0.859,0.192,0.656,0.538,0.49,-0.607,-0.748,0.799,-0.023,0.603,0.748,-0.532,0.813,0.846,0.52,0.246,-0.576,-0.243,-0.497,-0.175,0.001,-0.784,-0.415,0.644,0.38,0.672,0.303,-0.303,0.541,0.786,0.794,-0.032,-0.782,0.784,-0.217,0.557,-0.32,0.294,-0.3,-0.243,-0.658,0.559,0.79,0.826,0.167,0.285,-0.115,0.568,0.582,-0.464,-0.198,0.679,0.516,0.235,0.658,0.639,0.547,-0.123,0.421,0.402,-0.868,0.146,0.239,-0.086,-0.003,0.325,0.88,-0.359,0.838,-0.31,-0.856,0.669,-0.6,0.934,-0.867,-0.152,-0.791,-0.533,-0.118,-0.504,0.47,0.499,0.953,-0.886,-0.111,0.321,0.709,-0.242,-0.201,-0.913,0.264,0.325,0.534,-0.032,-0.287,0.671,0.014,0.52,0.633,0.667,0.635,-0.301,-0.319,0.593,0.576,-0.408,0.614,0.743,0.87,0.183,0.407,0.079,0.462,0.78,0.131,-0.479,0.387,-0.814,-0.373,0.845,0.379,0.862,0.245,-0.667,0.193,-0.388,0.429,0.871,-0.8,-0.684,-0.345,-0.305,-0.13,0.352
APVO,0.267,-0.134,-0.625,0.269,0.012,0.145,0.247,0.27,-0.194,-0.294,0.029,0.394,-0.543,-0.196,0.0,-0.664,0.401,-0.386,0.302,-0.018,0.434,-0.297,0.107,0.126,-0.462,0.159,0.073,-0.286,-0.332,-0.079,-0.315,-0.448,0.021,-0.415,0.15,-0.193,-0.33,0.11,0.276,-0.434,0.415,0.293,0.152,0.094,0.085,-0.483,0.142,-0.192,-0.37,0.188,-0.291,-0.211,0.335,-0.342,0.601,-0.238,0.218,-0.253,0.325,0.063,-0.472,-0.154,0.299,-0.035,0.202,-0.153,-0.433,-0.054,-0.13,-0.071,-0.503,0.311,0.452,-0.441,0.244,-0.569,-0.4,0.079,-0.463,-0.355,-0.26,-0.248,0.567,0.55,-0.039,0.561,-0.158,0.468,0.16,-0.566,-0.369,-0.401,-0.366,0.266,0.123,0.127,-0.348,0.159,0.036,-0.453,0.338,0.072,0.627,0.459,-0.088,0.1,0.092,-0.216,-0.214,-0.233,0.366,-0.387,0.319,0.168,-0.343,0.177,0.103,-0.537,-0.073,0.336,-0.358,-0.37,-0.309,0.218,-0.195,-0.315,0.244,-0.177,0.436,0.057,-0.057,0.36,-0.409,0.591,-0.368,0.119,0.477,-0.329,-0.216,-0.404,0.277,-0.064,0.578,0.108,0.436,0.457,-0.261,-0.3,-0.323,0.432,-0.13,-0.098,-0.089,0.271,0.224,0.397,-0.442,0.233,0.044,0.245,0.137,-0.187,-0.313,-0.086,-0.233,-0.552,-0.196,0.104,-0.154,-0.171,-0.363,0.07,-0.198,-0.049,-0.036,-0.246,-0.218,-0.204,0.474,0.138,-0.103,0.277,-0.319,0.396,0.653,-0.171,-0.115,-0.436,-0.104,0.327,-0.545,-0.154,-0.482,-0.216,0.178,0.143,0.367,-0.094,0.043,0.439
ARGX,-0.193,0.164,0.637,-0.201,0.128,-0.245,0.111,-0.425,0.277,0.451,0.176,-0.496,0.484,0.416,-0.664,0.0,-0.633,0.533,-0.292,-0.051,-0.498,0.486,-0.132,0.1,0.669,0.008,-0.155,0.339,0.522,0.338,0.365,0.569,0.33,0.266,-0.171,0.259,0.568,0.225,-0.153,0.624,-0.555,-0.445,-0.126,-0.285,0.002,0.456,0.104,0.218,0.505,-0.374,0.485,0.299,-0.319,0.404,-0.437,0.337,-0.222,0.489,-0.484,-0.089,0.658,0.261,-0.454,0.308,-0.169,0.266,0.558,0.337,0.193,0.113,0.763,-0.364,-0.575,0.654,-0.328,0.578,0.539,-0.202,0.558,0.559,0.305,0.179,-0.703,-0.491,-0.352,-0.33,0.138,-0.479,-0.364,0.798,0.4,0.438,0.49,-0.422,0.266,0.125,0.425,0.004,-0.234,0.494,-0.452,0.006,-0.609,-0.297,0.155,-0.204,-0.291,0.367,0.365,0.364,-0.323,0.452,-0.442,0.002,0.2,-0.012,-0.122,0.602,0.169,-0.16,0.549,0.377,0.396,-0.43,0.351,0.546,-0.321,0.169,-0.311,-0.059,-0.036,-0.182,0.5,-0.666,0.518,-0.032,-0.585,0.323,0.053,0.545,-0.424,0.007,-0.716,-0.306,-0.362,-0.642,0.35,0.439,0.511,-0.565,0.113,0.367,0.359,-0.385,-0.229,-0.537,0.527,-0.025,0.045,-0.224,-0.13,0.499,0.348,0.112,0.252,0.74,0.329,-0.137,0.002,0.441,0.475,-0.024,0.452,0.394,0.299,0.291,0.347,0.276,-0.267,0.144,0.091,-0.443,0.399,-0.466,-0.438,0.338,0.058,0.55,0.341,-0.416,0.487,0.098,0.447,0.397,-0.432,-0.327,-0.503,0.168,-0.127,-0.186
ARLP,0.551,-0.393,-0.813,0.064,-0.375,0.398,-0.316,0.871,-0.001,-0.591,-0.687,0.854,-0.585,-0.774,0.401,-0.633,0.0,-0.867,0.529,-0.043,0.816,-0.815,-0.046,-0.431,-0.436,-0.509,0.004,-0.412,-0.906,-0.741,-0.717,-0.905,-0.629,-0.33,0.122,-0.6,-0.882,-0.425,0.406,-0.772,0.822,0.72,-0.071,0.029,0.22,-0.712,-0.634,-0.641,-0.807,0.473,-0.88,-0.578,0.345,-0.84,0.346,-0.641,0.311,-0.905,0.692,0.301,-0.744,-0.599,0.667,-0.633,-0.277,-0.193,-0.867,-0.436,-0.274,-0.145,-0.588,0.727,0.685,-0.919,0.27,-0.658,-0.893,0.264,-0.874,-0.868,-0.532,-0.477,0.669,0.491,0.424,0.297,-0.399,0.643,0.3,-0.694,-0.741,-0.777,-0.725,0.645,-0.409,-0.693,-0.771,-0.05,0.502,-0.849,0.542,-0.283,0.643,-0.0,-0.187,0.565,0.558,-0.769,-0.805,-0.847,-0.208,-0.704,0.324,-0.55,-0.412,0.209,0.252,-0.863,-0.636,-0.345,-0.785,-0.536,-0.796,0.387,-0.388,-0.74,0.73,-0.436,-0.22,-0.274,0.271,-0.168,-0.846,0.485,-0.826,-0.1,0.756,-0.579,0.112,-0.821,0.81,0.174,0.86,0.4,0.47,0.769,-0.381,-0.757,-0.829,0.789,-0.031,-0.448,-0.616,0.644,0.284,0.772,-0.307,-0.365,-0.37,0.143,-0.024,-0.683,-0.451,-0.595,-0.661,-0.772,-0.587,-0.015,-0.041,-0.727,-0.834,0.026,-0.824,-0.691,-0.688,-0.593,-0.733,-0.548,-0.071,-0.644,-0.32,0.627,-0.776,0.703,0.429,-0.477,-0.061,-0.898,-0.584,0.753,-0.522,-0.065,-0.689,-0.713,0.659,0.669,0.722,-0.159,-0.091,-0.151
ATEX,-0.732,0.416,0.791,-0.296,0.555,-0.679,0.167,-0.723,-0.196,0.42,0.731,-0.722,0.694,0.858,-0.386,0.533,-0.867,0.0,-0.464,-0.037,-0.892,0.707,0.158,0.464,0.445,0.409,0.211,0.439,0.831,0.702,0.682,0.82,0.542,0.262,-0.294,0.626,0.777,0.226,-0.225,0.645,-0.931,-0.448,-0.029,0.262,-0.005,0.722,0.624,0.557,0.808,-0.442,0.899,0.714,-0.325,0.912,-0.367,0.799,-0.512,0.835,-0.73,-0.394,0.666,0.518,-0.436,0.567,0.245,0.209,0.958,0.284,0.502,0.373,0.538,-0.672,-0.634,0.82,0.038,0.668,0.841,-0.377,0.963,0.805,0.781,0.551,-0.548,-0.307,-0.24,-0.394,0.159,-0.808,-0.161,0.71,0.545,0.835,0.613,-0.446,0.316,0.634,0.783,-0.225,-0.6,0.843,-0.386,0.585,-0.545,0.028,-0.098,-0.441,-0.409,0.708,0.866,0.82,0.114,0.519,-0.204,0.417,0.617,-0.363,-0.392,0.79,0.613,0.201,0.64,0.819,0.699,-0.046,0.437,0.482,-0.816,0.476,0.217,0.039,-0.01,0.233,0.919,-0.5,0.967,-0.249,-0.923,0.803,-0.185,0.897,-0.774,-0.091,-0.847,-0.381,-0.355,-0.682,0.482,0.597,0.878,-0.85,0.255,0.4,0.541,-0.413,-0.313,-0.897,0.371,0.258,0.405,-0.045,0.029,0.502,0.141,0.669,0.726,0.822,0.517,-0.003,-0.001,0.572,0.758,-0.156,0.671,0.592,0.681,0.423,0.614,0.357,0.098,0.614,0.226,-0.399,0.621,-0.773,-0.506,0.631,0.199,0.953,0.279,-0.756,0.494,-0.246,0.773,0.861,-0.672,-0.518,-0.482,0.02,0.18,0.02
ATRA,0.545,-0.423,-0.304,0.025,-0.21,0.044,-0.088,0.63,-0.269,-0.008,-0.315,0.525,-0.346,-0.366,0.302,-0.292,0.529,-0.464,0.0,-0.193,0.487,-0.607,-0.285,-0.192,-0.09,-0.529,-0.146,-0.316,-0.535,-0.525,-0.593,-0.619,-0.263,-0.319,-0.176,-0.456,-0.407,-0.036,0.468,-0.289,0.431,0.348,0.004,-0.324,0.367,-0.637,-0.356,-0.623,-0.223,0.055,-0.458,-0.416,-0.024,-0.601,0.127,-0.516,-0.005,-0.553,0.264,0.03,-0.556,-0.578,0.428,-0.285,-0.521,0.068,-0.518,-0.182,-0.104,-0.023,-0.306,0.541,0.367,-0.561,-0.105,-0.46,-0.527,-0.194,-0.499,-0.54,-0.43,-0.421,0.322,0.344,-0.023,0.327,-0.527,0.302,-0.087,-0.382,-0.714,-0.619,-0.552,0.109,-0.127,-0.351,-0.401,-0.098,0.312,-0.4,0.059,-0.393,0.349,-0.132,-0.167,0.59,0.283,-0.578,-0.582,-0.513,-0.132,-0.54,0.063,-0.278,-0.134,0.145,0.067,-0.614,-0.648,-0.234,-0.413,-0.395,-0.621,0.136,-0.137,-0.243,0.532,-0.388,-0.169,-0.431,0.14,-0.284,-0.579,0.088,-0.483,-0.129,0.355,-0.484,-0.03,-0.367,0.51,0.022,0.415,0.083,0.548,0.32,0.046,-0.465,-0.445,0.355,-0.134,-0.446,-0.397,0.311,0.43,0.385,0.099,-0.297,-0.289,0.196,-0.209,-0.269,-0.268,-0.634,-0.676,-0.515,-0.209,-0.248,-0.141,-0.006,-0.674,0.118,-0.543,-0.365,-0.369,-0.636,-0.542,-0.451,0.01,-0.348,-0.599,0.131,-0.518,0.388,0.2,-0.164,-0.175,-0.547,-0.373,0.472,-0.529,-0.053,-0.505,-0.315,0.214,0.591,0.484,-0.071,-0.328,-0.108
AUTL,-0.005,0.103,0.076,-0.067,-0.436,0.404,-0.4,-0.263,0.465,-0.123,-0.22,-0.15,0.055,-0.32,-0.018,-0.051,-0.043,-0.037,-0.193,0.0,0.187,0.25,0.644,0.131,-0.409,0.423,0.021,-0.52,-0.122,-0.257,0.539,0.309,-0.317,0.764,0.613,0.118,-0.167,-0.406,-0.577,-0.256,0.23,-0.35,0.56,-0.017,-0.475,0.346,-0.109,0.602,-0.156,0.134,-0.147,-0.325,-0.502,0.231,0.013,0.026,0.328,-0.091,0.461,0.661,0.39,0.34,-0.111,-0.332,0.707,-0.504,-0.002,0.023,-0.478,-0.562,0.042,-0.351,0.409,-0.115,-0.024,-0.24,0.156,0.481,0.057,-0.104,0.28,0.647,0.188,-0.072,0.316,-0.132,0.492,0.173,0.695,-0.122,0.316,0.289,0.53,-0.347,-0.32,-0.125,0.011,-0.208,0.372,-0.05,-0.44,-0.197,-0.311,-0.168,0.6,-0.725,0.322,0.458,0.175,-0.01,0.117,0.405,0.29,-0.145,-0.257,0.278,-0.574,0.037,0.452,0.035,-0.005,-0.126,0.214,0.079,-0.122,0.12,0.117,0.558,0.355,0.527,-0.329,-0.056,-0.07,-0.023,0.01,0.407,0.205,-0.019,0.667,-0.337,0.213,0.219,0.15,0.153,-0.261,-0.211,-0.214,0.223,-0.28,0.329,0.526,0.151,-0.453,-0.447,-0.267,0.285,-0.388,0.089,-0.2,-0.267,0.726,-0.408,0.027,0.346,0.189,0.093,-0.353,0.858,0.705,-0.045,0.318,0.689,0.141,-0.361,-0.282,0.41,0.416,0.619,-0.555,-0.133,0.495,0.097,0.49,0.125,0.235,-0.598,-0.505,0.024,0.251,-0.275,0.297,0.348,0.423,-0.244,0.438,0.208,-0.441,0.637,0.589,-0.31
AVDL,0.783,-0.435,-0.72,0.172,-0.476,0.68,-0.191,0.678,0.264,-0.433,-0.701,0.699,-0.64,-0.875,0.434,-0.498,0.816,-0.892,0.487,0.187,0.0,-0.608,0.118,-0.309,-0.371,-0.292,-0.115,-0.489,-0.847,-0.744,-0.58,-0.712,-0.558,-0.141,0.439,-0.682,-0.779,-0.247,0.232,-0.677,0.95,0.408,0.206,-0.285,0.072,-0.656,-0.636,-0.406,-0.834,0.399,-0.91,-0.834,0.202,-0.865,0.508,-0.766,0.55,-0.807,0.834,0.628,-0.456,-0.494,0.453,-0.621,-0.109,-0.33,-0.94,-0.109,-0.611,-0.404,-0.559,0.707,0.783,-0.804,0.027,-0.687,-0.815,0.46,-0.883,-0.84,-0.559,-0.386,0.592,0.526,0.305,0.536,-0.181,0.89,0.269,-0.669,-0.522,-0.822,-0.388,0.344,-0.294,-0.614,-0.842,0.176,0.735,-0.857,0.31,-0.506,0.516,-0.087,0.215,0.338,0.518,-0.598,-0.779,-0.809,-0.066,-0.455,0.126,-0.421,-0.733,0.578,0.264,-0.806,-0.521,-0.099,-0.676,-0.725,-0.643,0.108,-0.501,-0.394,0.914,-0.277,-0.084,0.09,-0.064,-0.192,-0.951,0.498,-0.85,0.299,0.902,-0.792,0.401,-0.917,0.853,0.225,0.882,0.447,0.381,0.639,-0.507,-0.52,-0.917,0.927,0.038,-0.204,-0.553,0.262,0.395,0.941,-0.316,-0.146,-0.484,0.135,0.194,-0.549,-0.107,-0.545,-0.729,-0.724,-0.601,0.259,0.153,-0.546,-0.645,0.319,-0.525,-0.582,-0.71,-0.308,-0.497,-0.214,-0.152,-0.587,-0.177,0.508,-0.495,0.84,0.627,-0.72,-0.437,-0.931,-0.158,0.794,-0.458,0.281,-0.632,-0.828,0.734,0.605,0.434,0.266,-0.009,-0.084
BCRX,-0.431,0.495,0.626,0.126,0.416,-0.175,0.29,-0.786,0.194,0.451,0.559,-0.67,0.465,0.581,-0.297,0.486,-0.815,0.707,-0.607,0.25,-0.608,0.0,0.294,0.346,0.347,0.702,0.274,0.389,0.754,0.692,0.709,0.851,0.489,0.385,0.18,0.585,0.687,0.283,-0.492,0.525,-0.616,-0.544,0.147,0.055,-0.298,0.652,0.552,0.713,0.612,-0.17,0.71,0.44,-0.174,0.745,-0.042,0.636,0.046,0.804,-0.419,-0.021,0.792,0.693,-0.51,0.455,0.496,0.065,0.701,0.496,0.124,-0.005,0.464,-0.551,-0.433,0.777,-0.034,0.577,0.777,0.099,0.73,0.701,0.528,0.462,-0.378,-0.382,-0.212,-0.21,0.604,-0.358,-0.03,0.577,0.787,0.733,0.824,-0.479,0.36,0.605,0.608,0.127,-0.321,0.663,-0.32,0.339,-0.5,0.229,0.339,-0.604,-0.384,0.848,0.736,0.744,0.323,0.681,-0.164,0.445,0.282,-0.087,-0.122,0.779,0.699,0.442,0.643,0.504,0.709,-0.232,0.285,0.585,-0.608,0.535,0.267,0.474,-0.186,0.301,0.719,-0.24,0.678,0.263,-0.527,0.537,0.041,0.592,-0.644,0.066,-0.583,-0.042,-0.377,-0.59,0.194,0.733,0.62,-0.547,0.146,0.587,0.544,-0.539,-0.384,-0.53,0.161,0.469,0.445,-0.041,0.303,0.529,0.482,0.683,0.688,0.714,0.534,0.248,0.266,0.494,0.906,0.132,0.806,0.568,0.553,0.687,0.804,0.671,0.044,0.578,0.507,-0.321,0.786,-0.37,-0.188,0.268,0.026,0.734,0.608,-0.685,0.525,0.197,0.663,0.54,-0.403,-0.53,-0.634,0.299,0.309,0.159
BHAT,-0.081,0.252,0.044,-0.162,-0.045,0.203,-0.31,-0.238,0.33,-0.185,-0.026,-0.105,0.159,-0.162,0.107,-0.132,-0.046,0.158,-0.285,0.644,0.118,0.294,0.0,0.207,-0.244,0.488,0.378,-0.149,-0.047,-0.086,0.47,0.304,-0.226,0.503,0.587,0.186,-0.121,-0.329,-0.375,-0.287,0.09,-0.081,0.5,0.318,-0.293,0.391,-0.013,0.562,-0.124,0.189,-0.075,-0.181,-0.233,0.264,0.269,0.226,0.311,0.028,0.412,0.484,0.452,0.374,-0.068,-0.279,0.656,-0.481,0.069,0.237,-0.32,-0.331,-0.087,-0.178,0.415,-0.075,0.302,-0.185,0.152,0.465,0.154,-0.084,0.577,0.611,0.296,0.225,0.435,-0.08,0.381,0.192,0.633,-0.089,0.319,0.249,0.583,-0.138,-0.217,0.041,-0.003,-0.171,0.3,-0.052,-0.112,0.235,-0.133,-0.025,0.441,-0.583,0.396,0.4,0.278,0.048,0.279,0.364,0.163,-0.028,-0.168,0.333,-0.41,0.086,0.477,0.268,-0.065,0.208,0.248,0.27,-0.109,0.003,0.049,0.657,0.405,0.441,-0.15,0.185,0.013,0.122,0.188,0.28,0.076,0.154,0.549,-0.189,0.178,0.07,0.156,0.354,-0.266,-0.088,-0.15,0.212,-0.189,0.302,0.72,0.338,-0.236,-0.215,-0.218,0.162,-0.189,0.245,0.019,0.047,0.732,-0.364,-0.005,0.549,0.32,0.181,-0.256,0.832,0.594,-0.18,0.399,0.447,0.174,-0.165,-0.177,0.359,0.426,0.519,-0.313,-0.004,0.451,0.295,0.412,0.149,0.25,-0.407,-0.376,0.078,0.181,-0.136,0.346,0.097,0.458,-0.077,0.344,0.199,-0.225,0.55,0.673,-0.206
BLBD,-0.416,0.231,0.305,0.116,0.349,-0.294,0.54,-0.443,-0.006,0.409,0.653,-0.376,-0.069,0.507,0.126,0.1,-0.431,0.464,-0.192,0.131,-0.309,0.346,0.207,0.0,0.148,0.495,-0.129,0.248,0.579,0.548,0.495,0.463,0.618,-0.032,0.116,0.338,0.609,0.566,0.102,0.511,-0.35,-0.409,0.373,0.077,0.235,0.392,0.672,0.415,0.506,-0.454,0.545,0.476,0.078,0.486,0.16,0.511,-0.161,0.591,-0.441,-0.116,0.305,0.533,-0.216,0.642,0.344,0.354,0.443,0.399,0.312,0.176,0.227,-0.521,-0.393,0.43,-0.064,0.046,0.574,-0.062,0.434,0.611,0.453,0.247,-0.269,0.206,-0.385,0.254,0.06,-0.216,-0.227,0.277,0.356,0.394,0.374,-0.349,0.56,0.59,0.559,0.335,-0.347,0.492,-0.243,0.369,-0.085,0.297,0.16,-0.424,-0.496,0.464,0.707,0.551,0.379,0.312,0.122,0.6,0.134,-0.107,-0.249,0.436,0.639,0.451,0.6,0.181,0.516,-0.128,-0.025,0.494,-0.449,0.094,0.652,0.355,-0.25,0.443,0.406,0.04,0.577,0.167,-0.384,0.316,-0.195,0.36,-0.544,-0.023,-0.387,-0.184,0.074,-0.196,0.146,0.592,0.504,-0.253,0.086,0.598,0.515,-0.26,0.182,-0.346,0.097,0.727,0.496,-0.373,0.088,0.392,-0.073,0.495,0.502,0.307,0.456,0.254,-0.096,0.47,0.462,-0.109,0.584,0.641,0.649,0.292,0.508,0.23,0.402,0.719,0.439,-0.242,0.436,-0.427,0.055,0.397,0.063,0.473,0.509,-0.285,0.111,-0.126,0.225,0.33,-0.285,-0.439,-0.438,0.071,0.073,0.545
BMRN,-0.064,-0.021,0.509,-0.255,0.443,-0.351,0.272,-0.143,0.026,0.342,0.224,-0.267,0.386,0.408,-0.462,0.669,-0.436,0.445,-0.09,-0.409,-0.371,0.347,-0.244,0.148,0.0,-0.195,0.028,0.515,0.397,0.389,-0.007,0.319,0.346,-0.092,-0.357,0.114,0.464,0.345,0.212,0.59,-0.501,-0.099,-0.376,-0.214,0.392,0.193,0.046,-0.051,0.396,-0.284,0.432,0.3,0.022,0.187,-0.262,0.204,-0.347,0.388,-0.534,-0.248,0.412,0.007,-0.11,0.327,-0.427,0.525,0.405,0.445,0.381,0.39,0.539,0.028,-0.574,0.567,-0.025,0.654,0.32,-0.203,0.393,0.415,0.209,-0.155,-0.573,-0.209,-0.337,-0.0,-0.217,-0.345,-0.569,0.745,0.133,0.211,0.25,-0.087,0.358,0.075,0.232,0.1,-0.243,0.37,-0.045,0.211,-0.251,-0.185,-0.181,0.221,-0.356,0.083,0.205,0.228,-0.334,0.062,-0.542,-0.046,0.199,-0.115,0.266,0.428,-0.103,-0.119,0.389,0.458,0.191,-0.279,0.327,0.379,-0.235,-0.097,-0.373,-0.208,0.214,-0.08,0.363,-0.456,0.424,-0.243,-0.532,0.315,-0.128,0.547,-0.418,0.167,-0.55,-0.2,0.073,-0.283,0.18,0.25,0.472,-0.487,0.005,0.359,0.538,-0.163,-0.002,-0.482,0.723,-0.006,0.085,-0.012,-0.288,0.566,0.3,-0.037,0.08,0.562,0.399,-0.395,-0.231,0.264,0.234,-0.276,0.368,0.476,0.316,0.127,0.109,-0.075,0.024,0.137,-0.081,-0.2,0.136,-0.245,-0.483,0.494,0.167,0.392,0.153,-0.117,0.227,0.008,0.196,0.383,-0.391,-0.294,-0.131,-0.013,-0.258,-0.053
BNGO,-0.375,0.506,0.193,0.344,0.216,0.058,0.389,-0.701,0.291,0.219,0.469,-0.507,0.031,0.366,0.159,0.008,-0.509,0.409,-0.529,0.423,-0.292,0.702,0.488,0.495,-0.195,0.0,0.171,0.133,0.553,0.537,0.655,0.633,0.452,0.262,0.444,0.467,0.465,0.288,-0.431,0.184,-0.261,-0.499,0.448,0.235,-0.429,0.455,0.69,0.728,0.33,-0.083,0.453,0.321,-0.044,0.595,0.348,0.579,0.329,0.632,-0.127,0.224,0.519,0.654,-0.465,0.374,0.785,-0.186,0.409,0.352,-0.111,-0.201,0.172,-0.563,-0.067,0.434,-0.007,0.099,0.595,0.28,0.417,0.486,0.406,0.481,-0.074,-0.042,-0.113,0.077,0.646,-0.034,0.232,0.147,0.702,0.545,0.646,-0.421,0.443,0.69,0.481,0.244,-0.206,0.399,-0.188,0.278,-0.211,0.482,0.445,-0.734,-0.302,0.816,0.685,0.646,0.629,0.591,0.191,0.594,0.008,0.073,-0.216,0.475,0.862,0.627,0.431,0.174,0.621,-0.12,-0.06,0.376,-0.462,0.561,0.669,0.739,-0.36,0.548,0.442,0.166,0.428,0.464,-0.145,0.287,0.038,0.203,-0.431,-0.059,-0.165,0.1,-0.344,-0.291,0.071,0.614,0.363,-0.166,0.118,0.541,0.379,-0.43,-0.224,-0.187,-0.345,0.685,0.482,-0.1,0.449,0.281,0.203,0.717,0.665,0.374,0.383,0.561,0.303,0.319,0.734,0.233,0.71,0.448,0.518,0.576,0.684,0.685,0.279,0.701,0.7,-0.176,0.667,-0.239,0.325,0.036,-0.102,0.449,0.594,-0.507,0.244,0.126,0.394,0.285,-0.169,-0.421,-0.518,0.293,0.42,0.442
BUSE,-0.086,0.386,0.033,0.036,0.502,-0.049,-0.264,0.025,-0.154,-0.131,0.087,0.168,0.222,0.006,0.073,-0.155,0.004,0.211,-0.146,0.021,-0.115,0.274,0.378,-0.129,0.028,0.171,0.0,0.245,-0.023,0.153,0.195,0.101,-0.23,0.058,0.22,0.316,-0.133,-0.318,-0.058,-0.203,-0.076,0.445,-0.036,0.505,0.013,0.223,-0.021,0.163,-0.035,0.27,0.08,0.075,0.145,0.148,0.227,0.205,0.137,0.052,0.173,-0.035,0.19,0.221,0.206,-0.217,0.235,-0.105,0.129,0.101,0.085,0.018,-0.223,0.222,0.175,-0.05,0.714,0.126,-0.009,0.265,0.191,-0.069,0.401,0.166,0.37,0.148,0.503,-0.295,0.181,0.017,0.333,-0.067,0.138,0.175,0.205,0.266,-0.202,0.063,-0.098,-0.183,0.009,0.036,0.365,0.584,0.156,0.254,-0.024,0.02,0.342,0.095,0.14,0.012,0.314,0.099,0.128,-0.049,0.223,-0.174,0.178,0.12,0.11,0.275,-0.155,0.531,0.115,0.544,0.179,-0.242,-0.065,0.353,0.034,0.011,0.24,0.474,0.146,0.299,0.183,-0.051,-0.078,0.504,0.079,0.041,0.09,0.198,0.112,0.536,-0.084,0.068,0.141,0.024,0.001,-0.007,0.359,0.124,-0.053,0.247,-0.234,-0.031,0.209,0.043,0.29,0.399,0.544,-0.139,0.069,0.334,0.196,0.078,0.097,0.166,0.355,-0.237,0.242,0.03,-0.061,-0.047,-0.09,0.284,0.256,0.206,-0.025,-0.031,0.019,0.508,0.055,0.259,-0.048,-0.032,0.223,0.08,-0.137,0.001,0.292,-0.085,0.346,0.135,0.2,0.25,0.259,0.122,0.649,-0.154
CAKE,-0.329,0.467,0.299,0.146,0.67,-0.323,0.44,-0.242,0.003,0.399,0.466,-0.248,0.143,0.495,-0.286,0.339,-0.412,0.439,-0.316,-0.52,-0.489,0.389,-0.149,0.248,0.515,0.133,0.245,0.0,0.574,0.63,0.104,0.327,0.482,-0.322,-0.166,0.41,0.543,0.492,0.218,0.492,-0.493,0.036,-0.291,0.193,0.182,0.274,0.321,0.002,0.47,-0.161,0.471,0.551,0.45,0.274,0.005,0.5,-0.11,0.568,-0.54,-0.481,0.275,0.344,-0.231,0.558,-0.216,0.481,0.396,0.371,0.499,0.409,0.268,-0.101,-0.587,0.529,0.138,0.432,0.411,-0.087,0.385,0.531,0.217,-0.127,-0.265,-0.155,-0.129,-0.154,0.112,-0.266,-0.441,0.513,0.37,0.271,0.195,0.087,0.446,0.372,0.404,0.448,-0.375,0.439,0.274,0.459,-0.061,0.226,-0.102,0.134,-0.434,0.184,0.371,0.464,0.131,0.236,-0.198,0.34,0.397,-0.293,0.379,0.586,0.186,0.234,0.457,0.452,0.399,-0.176,0.179,0.222,-0.432,-0.077,-0.178,-0.036,0.157,0.335,0.464,-0.034,0.418,-0.031,-0.446,0.443,-0.303,0.523,-0.552,-0.107,-0.462,0.171,-0.153,-0.078,0.366,0.343,0.525,-0.488,-0.174,0.471,0.726,0.166,-0.052,-0.477,0.441,0.326,0.632,-0.036,-0.25,0.541,0.219,0.16,0.396,0.419,0.677,-0.357,-0.286,0.216,0.389,-0.528,0.36,0.638,0.503,0.193,0.26,-0.008,0.357,0.41,0.22,-0.128,0.126,-0.236,-0.35,0.575,0.615,0.411,0.242,-0.14,0.303,-0.19,0.14,0.425,-0.422,-0.378,-0.081,-0.306,-0.147,0.343
CASY,-0.65,0.487,0.707,0.119,0.493,-0.467,0.526,-0.813,-0.051,0.648,0.818,-0.795,0.385,0.859,-0.332,0.522,-0.906,0.831,-0.535,-0.122,-0.847,0.754,-0.047,0.579,0.397,0.553,-0.023,0.574,0.0,0.876,0.643,0.825,0.777,0.086,-0.155,0.664,0.96,0.603,-0.234,0.846,-0.836,-0.63,0.044,0.085,-0.113,0.642,0.798,0.531,0.871,-0.501,0.94,0.774,-0.072,0.829,-0.249,0.755,-0.302,0.969,-0.821,-0.453,0.583,0.663,-0.615,0.811,0.219,0.412,0.862,0.4,0.447,0.242,0.558,-0.752,-0.819,0.919,-0.22,0.599,0.922,-0.273,0.821,0.961,0.463,0.318,-0.635,-0.436,-0.503,-0.221,0.361,-0.635,-0.425,0.667,0.722,0.759,0.579,-0.53,0.587,0.797,0.887,0.244,-0.633,0.872,-0.371,0.385,-0.502,0.229,0.101,-0.465,-0.738,0.736,0.874,0.924,0.311,0.622,-0.176,0.707,0.492,-0.362,-0.142,0.894,0.694,0.409,0.879,0.505,0.771,-0.369,0.315,0.697,-0.844,0.247,0.302,0.271,-0.193,0.334,0.884,-0.345,0.822,0.091,-0.759,0.618,-0.344,0.835,-0.936,-0.179,-0.855,-0.336,-0.355,-0.617,0.413,0.785,0.915,-0.808,-0.159,0.515,0.761,-0.441,-0.194,-0.805,0.259,0.55,0.626,-0.263,-0.122,0.779,0.333,0.61,0.749,0.694,0.785,-0.099,-0.146,0.723,0.795,-0.252,0.812,0.838,0.858,0.484,0.692,0.416,0.325,0.815,0.416,-0.615,0.676,-0.752,-0.384,0.655,0.314,0.893,0.577,-0.713,0.425,-0.049,0.519,0.708,-0.711,-0.779,-0.656,-0.063,-0.032,0.413
CCOI,-0.603,0.459,0.463,0.197,0.678,-0.464,0.656,-0.645,-0.118,0.471,0.842,-0.561,0.218,0.8,-0.079,0.338,-0.741,0.702,-0.525,-0.257,-0.744,0.692,-0.086,0.548,0.389,0.537,0.153,0.63,0.876,0.0,0.466,0.632,0.813,-0.16,-0.184,0.616,0.826,0.637,-0.039,0.694,-0.73,-0.368,-0.123,0.181,0.007,0.459,0.802,0.379,0.717,-0.337,0.86,0.779,0.234,0.678,-0.027,0.691,-0.244,0.895,-0.747,-0.51,0.423,0.574,-0.421,0.83,0.212,0.456,0.709,0.395,0.544,0.39,0.443,-0.541,-0.743,0.785,0.04,0.542,0.75,-0.172,0.645,0.841,0.364,0.106,-0.42,-0.24,-0.475,-0.045,0.248,-0.492,-0.432,0.575,0.57,0.636,0.398,-0.237,0.655,0.788,0.725,0.326,-0.685,0.69,-0.04,0.556,-0.194,0.448,-0.07,-0.297,-0.753,0.605,0.765,0.815,0.361,0.382,-0.064,0.71,0.45,-0.393,0.092,0.726,0.593,0.477,0.702,0.485,0.622,-0.241,0.338,0.485,-0.799,0.076,0.333,0.224,-0.029,0.536,0.774,-0.085,0.703,0.022,-0.633,0.592,-0.474,0.738,-0.876,-0.098,-0.655,-0.238,-0.133,-0.348,0.304,0.594,0.84,-0.711,-0.233,0.543,0.841,-0.213,-0.19,-0.706,0.174,0.596,0.716,-0.146,-0.1,0.736,0.219,0.552,0.685,0.534,0.767,-0.198,-0.308,0.537,0.662,-0.365,0.733,0.874,0.87,0.399,0.557,0.242,0.539,0.829,0.397,-0.386,0.473,-0.554,-0.242,0.683,0.451,0.739,0.461,-0.571,0.25,-0.173,0.31,0.685,-0.675,-0.748,-0.41,-0.208,-0.027,0.572
